Order,File_Type,SKU_number,SoldFlag,SoldCount,MarketingType,ReleaseNumber,New_Release_Flag,StrengthFactor,PriceReg,ReleaseYear,ItemCount,LowUserPrice,LowNetPrice
2,Historical,1737127,0,0,D,15,1,682743,44.99,2015,8,28.97,31.84
3,Historical,3255963,0,0,D,7,1,1016014,24.81,2005,39,0,15.54
4,Historical,612701,0,0,D,0,0,340464,46,2013,34,30.19,27.97
6,Historical,115883,1,1,D,4,1,334011,100,2006,20,133.93,83.15
7,Historical,863939,1,1,D,2,1,1287938,121.95,2010,28,4,23.99
8,Historical,214948,0,0,D,0,0,1783153,132,2011,33,138.98,13.64
9,Historical,484059,0,0,D,13,1,2314801,95.95,2010,33,90.77,46.49
10,Historical,146401,0,0,D,4,1,721111,207.8,2011,57,187.9,30.56
11,Historical,110568,0,0,D,11,1,436667,119.81,2008,36,63.99,96.92
12,Historical,764270,0,0,D,5,1,6652211,49.95,2004,19,53.99,28.99
13,Historical,1597828,0,0,D,9,1,161348,36.95,2008,21,0,27.98
14,Historical,178736,0,0,D,4,1,3005118,55.95,2010,16,34.51,11.52
15,Historical,525904,0,0,D,10,1,1785056,104.99,2010,15,4.39,73.89
16,Historical,3016759,0,0,D,2,1,4323581,0,1994,26,0,61.85
17,Historical,169222,0,0,D,8,1,2352021,129.95,2006,22,75.84,8.97
18,Historical,3071053,0,0,D,5,1,7693526,64.95,2005,12,128.99,37.39
19,Historical,110699,1,1,D,6,1,383129,120.39,2007,69,170.45,78.99
20,Historical,115159,0,0,D,1,0,909831,126.2,2001,33,38.92,44.46
21,Historical,143125,0,0,D,9,1,2798929,167.75,2006,20,6.97,28.49
22,Historical,144296,0,0,D,2,1,2491442,94.6,2001,33,11.23,4.99
23,Historical,159588,0,0,D,2,1,1315627,53.95,2007,37,9.93,15.89
24,Historical,178701,0,0,D,0,0,1814079,399.95,2012,34,71.79,91.9
25,Historical,210839,1,1,D,1,0,1568054,42.95,2001,23,57.94,18.99
26,Historical,210920,0,0,D,1,0,54999,97.95,2009,34,42.35,63.98
27,Historical,2387463,1,1,D,6,1,270193,0,1979,22,141.98,76.22
28,Historical,2398402,1,1,D,2,1,156638,98.95,1988,67,142.71,14.02
29,Historical,244942,1,1,D,9,1,1160035,177.95,2003,52,45.8,9.99
30,Historical,247825,0,0,D,2,1,2450935,51.95,2004,46,57.89,12.49
31,Historical,251957,0,0,D,3,1,1728372,70.95,2009,47,7.47,4
32,Historical,3133247,0,0,D,4,1,2925930,50,2001,14,112.86,59.69
33,Historical,51449,0,0,D,8,1,3048814,46.75,2000,38,122.18,20.92
34,Historical,542339,0,0,D,3,1,446722,44.95,2005,85,17.7,10.97
35,Historical,547880,0,0,D,0,0,280195,168.25,1997,69,7.95,33.89
36,Historical,561829,0,0,D,12,1,4073832,224.95,2003,22,93.99,10.96
37,Historical,567748,0,0,D,10,1,497215,77.95,2010,39,53.3,33.49
38,Historical,569884,0,0,D,3,1,653610,74.95,1992,20,26.99,82.32
39,Historical,576667,0,0,D,3,1,823824,123.95,2008,33,30.96,11.99
40,Historical,607032,0,0,D,10,1,863931,215.31,2010,73,103.99,33.99
41,Historical,607243,0,0,D,3,1,2136904,106.67,2002,23,59.67,17.27
42,Historical,609142,0,0,D,2,1,1384204,69.95,2001,68,60.6,18.99
43,Historical,617600,0,0,D,4,1,633960,65.25,2001,30,19.67,8.92
44,Historical,635204,1,1,D,10,1,374220,125,2008,35,128.79,51.99
45,Historical,643315,1,1,D,8,1,5246811,33.95,2002,11,52.01,25.99
46,Historical,754098,0,0,D,1,0,1414207,160,2009,23,112.16,33.8
47,Historical,875719,0,0,D,0,0,2439559,52.95,2005,45,42.19,7.96
48,Historical,875765,1,1,D,2,1,648434,30.95,1998,70,46.07,9.48
49,Historical,906616,1,1,D,3,1,1948928,43.78,1995,32,60.98,27.58
50,Historical,909496,0,0,D,3,1,2979598,71.95,1991,19,53.46,14.62
51,Historical,913331,0,0,D,2,1,348628,72.45,1998,25,19.99,39.99
52,Historical,920994,1,1,D,0,0,608444,26.5,1999,68,40.25,19.98
53,Historical,111997,0,0,D,38,1,1576220,52.25,2011,37,7.5,12.43
54,Historical,115750,0,0,D,3,1,1205216,120.67,2003,58,143.14,70.27
55,Historical,143053,1,1,D,5,1,1961401,29,2005,18,32.99,7.74
56,Historical,1447623,0,0,D,5,1,624574,0,2008,20,96.97,48.93
57,Historical,1449431,0,0,D,2,1,1088497,130.75,2007,18,0,63.96
58,Historical,144961,1,1,D,6,1,3289501,75.33,2005,29,43.5,11.49
59,Historical,154321,1,1,D,4,1,3074866,41.75,2000,35,33.98,10.78
60,Historical,159482,0,0,D,1,0,2815601,51.95,2001,16,41.53,32.88
61,Historical,163847,1,1,D,2,1,2024297,130,1999,18,105.31,89.51
62,Historical,1782464,1,1,D,2,1,571870,40.95,2012,28,34.1,36.84
63,Historical,184091,0,0,D,1,0,808413,140.95,2005,31,0,39.72
64,Historical,202261,1,1,D,7,1,2395820,104.95,2000,27,72.11,12.88
65,Historical,202274,1,1,D,3,1,2668720,199.95,2002,41,4.91,28.99
66,Historical,2407771,0,0,D,19,1,131131,29.5,1996,23,33.31,26.99
67,Historical,288419,0,0,D,4,1,2774916,173,2005,20,40.89,28.48
68,Historical,320961,0,0,D,1,0,1206960,69.95,2004,18,37.21,48.99
71,Historical,416034,0,0,D,4,1,2831417,24.38,2001,73,58.92,4
72,Historical,534275,0,0,D,4,1,1074176,112.5,2000,98,0,0
73,Historical,540508,0,0,D,7,1,1915485,54.8,2004,32,44.77,92.63
74,Historical,56578,0,0,D,2,1,1048853,97.35,2003,36,64.91,59.65
75,Historical,573522,0,0,D,2,1,507898,54.95,1995,36,19.34,12.99
76,Historical,597332,1,1,D,1,0,2429458,49,2002,21,51.94,32.29
77,Historical,602185,1,1,D,4,1,571045,125,2009,91,0,8.54
78,Historical,609113,1,1,D,2,1,1838768,159.95,2000,26,54.58,101.21
79,Historical,613931,1,1,D,4,1,1099429,9.56,2010,76,4,6.24
80,Historical,615086,1,1,D,4,1,5090654,45,1997,29,32.18,18.18
81,Historical,641332,0,0,D,2,1,2038184,115,2002,25,47.23,42.99
82,Historical,682967,1,1,D,0,0,1313634,20.5,2003,52,36.27,14.99
83,Historical,705864,1,1,D,6,1,3364314,0,2012,22,158.81,30
84,Historical,715964,0,0,D,4,1,682746,208.67,2012,26,83.65,12.59
85,Historical,716418,1,1,D,12,1,3476445,0,2008,33,120.01,49.49
86,Historical,849005,0,0,D,6,1,2824667,87.56,1998,32,66.97,38.36
87,Historical,889635,0,0,D,1,0,5130755,53.95,2002,15,37.62,105.99
88,Historical,907998,1,1,D,1,0,408363,85.95,1997,22,63.07,48.98
89,Historical,914430,1,1,D,1,0,2986907,41,2001,24,0,23.83
90,Historical,914892,1,1,D,9,1,1248257,21.25,2000,34,87.97,12.74
91,Historical,916266,1,1,D,2,1,1773189,62,1999,38,25.14,39.93
92,Historical,415834,0,0,D,15,1,701254,90,2008,19,62,245.33
93,Historical,110747,0,0,D,6,1,412597,151.88,2008,24,41.4,34.99
94,Historical,2250597,1,1,D,2,1,1123365,98.03,2008,41,103.91,71.38
95,Historical,549258,1,1,D,15,1,596788,131.35,1995,54,73.4,53.47
96,Historical,877061,1,1,D,3,1,1624425,88.29,2012,54,103.69,88.99
97,Historical,913893,1,1,D,7,1,1072639,67.91,2011,25,53.91,45.27
98,Historical,531852,0,0,D,2,1,1018066,39.97,2009,46,100.23,38.44
99,Historical,109304,0,0,D,11,1,2151445,147,2008,38,78.8,52.85
100,Historical,109306,0,0,D,10,1,1499803,168.5,2008,26,108.85,20
101,Historical,61125,0,0,D,10,1,1507077,149.99,2007,66,10.19,7.97
102,Historical,879548,1,1,D,7,1,1213899,22.78,2010,51,132.46,13.39
103,Historical,632083,0,0,D,3,1,309197,35.39,2012,22,81.03,95.74
104,Historical,879991,1,1,D,1,0,2980187,137,2009,35,143.63,27.99
105,Historical,417259,0,0,D,3,1,197970,0,2010,19,113.99,282.29
106,Historical,878475,1,1,D,7,1,559655,0,2011,17,97,201.63
107,Historical,109764,0,0,D,9,1,414704,98,2006,20,98.26,24.96
108,Historical,309789,0,0,D,16,1,983306,236.58,2011,24,122.84,288.58
109,Historical,696709,0,0,D,8,1,3086671,38.98,2009,16,68.99,38.99
110,Historical,616936,0,0,D,7,1,1861576,40.1,2010,20,132.94,41.18
111,Historical,699262,1,1,D,10,1,2914945,25.98,2011,20,111.5,25.98
112,Historical,312207,0,0,D,3,1,1875110,102,2001,24,43.95,26.35
113,Historical,909341,1,1,D,2,1,1408387,0,1990,22,44.75,56.23
114,Historical,2389077,1,1,D,2,1,1230078,105,1994,28,188.89,54.45
115,Historical,120072,1,1,D,11,1,919734,141.33,2008,35,107.77,48.98
116,Historical,537375,0,0,D,6,1,1117319,249.07,2011,30,102.72,193.98
117,Historical,115541,0,0,D,2,1,518837,33,2003,87,41.97,8.93
118,Historical,119207,1,1,D,10,1,23535,191.2,2011,42,30.62,139.95
119,Historical,60208,1,1,D,4,1,1379409,89.95,2002,60,17.07,6.98
120,Historical,51626,1,1,D,24,1,400275,205.6,2010,51,43.94,69.5
121,Historical,571199,1,1,D,0,0,1809618,9.98,2010,38,109.72,9.98
122,Historical,540706,0,0,D,11,1,77800,147.73,2013,36,120.18,30.99
123,Historical,873654,0,0,D,7,1,259889,22.41,2012,5,150.99,29.01
124,Historical,628630,0,0,D,10,1,588465,146.27,2011,16,97.34,48.99
125,Historical,627834,0,0,D,6,1,194787,207.6,2013,25,58.28,170.58
126,Historical,714647,1,1,D,4,1,5587626,41,1998,22,61.43,15.92
127,Historical,534071,1,1,D,2,1,1784322,79.8,1993,65,59.95,15.94
128,Historical,607618,0,0,D,2,1,162623,127,1980,36,78.99,110.56
129,Historical,633902,0,0,D,0,0,1790007,57.55,1995,19,74.74,157.38
130,Historical,54865,1,1,D,6,1,19420,57.4,2008,119,35.91,23.36
131,Historical,133234,0,0,D,9,1,937078,138.6,2009,21,112.22,21.99
132,Historical,633149,1,1,D,10,1,808289,83.8,2011,28,55.71,23.47
133,Historical,2438396,1,1,D,0,0,955299,72.5,1995,35,48.8,88.28
134,Historical,146251,0,0,D,4,1,561345,67.4,2009,21,97.03,112.05
135,Historical,435047,0,0,D,4,1,1106292,187.53,2012,24,116.75,103.39
136,Historical,435042,0,0,D,4,1,50887,187.53,2012,29,125.49,25.69
137,Historical,879713,1,1,D,4,1,1374149,44.11,2010,31,60.96,42.04
138,Historical,743055,1,1,D,11,1,458946,214,2012,37,118.99,88.99
139,Historical,830221,0,0,D,6,1,1816753,59,1998,33,46.14,13.94
140,Historical,614053,0,0,D,2,1,2335491,52.95,2004,36,34.88,6.92
141,Historical,864703,0,0,D,28,1,68930,43.95,2014,36,37.29,18.78
142,Historical,2507677,1,1,D,2,1,2050319,42.86,1978,44,0,43.52
143,Historical,658449,0,0,D,1,0,508462,244.5,2010,22,0,157.73
144,Historical,847859,0,0,D,3,1,6814589,0,1998,32,49.15,0
145,Historical,174575,0,0,D,7,1,1804625,41.99,2000,18,40.1,36.28
146,Historical,878095,0,0,D,2,1,2740071,114.95,2004,13,12.19,18.23
147,Historical,879753,1,1,D,9,1,6560399,0,1988,14,140.99,64.45
148,Historical,435148,0,0,D,3,1,588703,447.95,2008,16,137.62,248.08
149,Historical,3123749,1,1,D,3,1,2560955,57,1999,15,62.69,34.55
150,Historical,293844,0,0,D,8,1,1263723,125.95,2004,32,88.99,56.98
151,Historical,614823,0,0,D,1,0,3935022,123.95,1993,46,4.36,19.95
152,Historical,915827,1,1,D,1,0,117352,21.95,2005,30,30,8.99
153,Historical,622505,0,0,D,2,1,3243372,42,1981,27,102.98,19.98
154,Historical,816174,1,1,D,0,0,118604,14.99,1997,17,46.99,11.93
155,Historical,615006,0,0,D,8,1,983797,37,1998,82,43.98,23.96
156,Historical,342971,0,0,D,8,1,438939,9.53,2004,43,36.67,10.05
157,Historical,163128,1,1,D,2,1,847328,243.25,2010,30,31.92,29.76
158,Historical,2648307,1,1,D,1,0,6082705,39.95,2000,18,15.98,85.75
159,Historical,906040,1,1,D,4,1,1947904,0,2011,18,106.49,26.2
160,Historical,878586,1,1,D,10,1,173235,134.95,2010,17,120.29,15.94
161,Historical,533840,0,0,D,9,1,900151,159.95,2009,12,68.99,176.96
162,Historical,244125,0,0,D,1,0,78381,114.95,2011,32,21.19,29.64
163,Historical,538702,1,1,D,12,1,12091,317.25,2012,64,115.99,73.98
164,Historical,2263139,0,0,D,5,1,1172603,83.07,2009,27,58.07,68.14
165,Historical,538834,1,1,D,8,1,1783,274.75,2013,108,97.69,42.71
166,Historical,705595,0,0,D,2,1,7416426,0,2011,26,102.99,9.46
167,Historical,880633,1,1,D,11,1,60362,142.25,2014,32,84.17,88.97
168,Historical,667265,0,0,D,8,1,1224050,259.95,2012,19,109.64,74.5
169,Historical,57602,0,0,D,7,1,683902,156.95,2007,39,99.03,43.99
170,Historical,617902,1,1,D,2,1,1812663,91.95,2010,20,15.81,7.91
171,Historical,533361,0,0,D,6,1,735301,165.95,2010,27,111.11,37.53
172,Historical,904325,0,0,D,5,1,1818880,119.14,2011,35,135.74,32
173,Historical,608043,1,1,D,2,1,1629073,160.95,2003,58,163.79,11.99
175,Historical,745397,0,0,D,8,1,2205313,236.95,2009,22,191.79,149.99
176,Historical,244052,1,1,D,7,1,65950,207.95,2011,46,162.12,146.67
177,Historical,745385,0,0,D,4,1,1610275,182.95,2009,22,183.87,57.25
178,Historical,867507,1,1,D,17,1,553730,134.95,2014,16,109.97,63.99
179,Historical,535404,1,1,D,6,1,40364,175.95,2013,54,103.43,95.72
180,Historical,533620,1,1,D,7,1,190068,118.95,2012,26,28.99,81.83
181,Historical,366209,0,0,D,2,1,2768467,53.95,2000,21,63.41,18.97
182,Historical,664280,0,0,D,13,1,375194,39.99,2013,15,27.94,38.61
183,Historical,192686,0,0,D,2,1,2525430,338.95,1998,12,201.59,48.99
185,Historical,2523800,0,0,D,5,1,2563592,120,1992,23,57.97,73.29
186,Historical,54963,0,0,D,1,0,2397383,47.95,1996,47,18.93,16.24
187,Historical,410185,0,0,D,3,1,1228149,162.95,2008,24,49.98,109.31
188,Historical,229151,0,0,D,7,1,931314,64.95,2008,51,35.27,29.98
189,Historical,142019,0,0,D,4,1,3601063,0,2009,14,46.61,56.33
190,Historical,873623,1,1,D,2,1,2516023,52,1993,43,53.23,9.69
191,Historical,610043,1,1,D,8,1,123536,37.99,2012,119,17.61,10.92
192,Historical,899627,1,1,D,0,0,3271251,0,1973,14,73.99,62.19
193,Historical,2039339,1,1,D,5,1,2447484,192,2010,24,192.45,231.83
195,Historical,651540,0,0,D,1,0,3313712,241.95,1997,16,80.28,26.56
196,Historical,662639,0,0,D,0,0,2668061,94.95,2010,20,78.99,72.99
197,Historical,610196,0,0,D,0,0,211772,47,2013,70,4.38,30.29
198,Historical,558678,0,0,D,0,0,6939114,114.35,1996,19,10.98,13.93
199,Historical,130230,0,0,D,3,1,828009,109.67,1996,25,162.35,55.99
200,Historical,145782,0,0,D,2,1,2141586,53,2007,18,18.99,4.99
201,Historical,2331490,1,1,D,1,0,1283466,102.59,1965,29,52.42,83.12
202,Historical,255870,0,0,D,0,0,867675,89.95,2012,70,73.99,11.33
203,Historical,532636,0,0,D,0,0,739668,125.7,2007,13,48.93,62.84
204,Historical,546009,1,2,D,5,1,307941,38.94,2012,54,36.23,33.99
205,Historical,550296,1,1,D,7,1,1653962,7.99,2006,40,125.87,7.99
206,Historical,609593,1,1,D,6,1,975712,114.95,2007,75,8.48,7.95
207,Historical,61183,0,0,D,4,1,2044417,172.95,2003,46,22.97,5.03
208,Historical,764592,1,1,D,1,0,466271,91.95,1999,39,63.34,15.62
209,Historical,788220,0,0,D,1,0,141200,176.95,2003,25,33.99,63.9
210,Historical,809110,1,2,D,2,1,1866044,68.25,2011,23,56.68,27.99
211,Historical,876162,0,0,D,10,1,1088643,95.8,2002,43,75.39,40.4
212,Historical,144924,0,0,D,5,1,804722,108.6,2004,30,53.99,43.96
213,Historical,192743,0,0,D,1,0,1351885,64.95,2002,17,80.42,72.54
214,Historical,609784,0,0,D,16,1,1026693,55.95,2009,43,57.4,11.38
215,Historical,619562,0,0,D,6,1,1713457,26.99,2004,35,90.98,13.94
216,Historical,765009,0,0,D,2,1,3744269,115.95,2002,32,184.9,4.58
217,Historical,788734,1,1,D,0,0,2835374,63.95,1999,21,63.99,51.59
218,Historical,807054,1,1,D,1,0,403864,55.95,2007,41,53.94,8.13
219,Historical,878479,0,0,D,4,1,890965,32.97,2000,34,33.99,30.99
220,Historical,916660,0,0,D,2,1,2476525,58.95,2000,31,66.32,37.59
221,Historical,698852,0,0,D,2,1,3399020,88,2007,13,95.96,63.51
222,Historical,111376,0,0,D,6,1,1547223,68.89,2010,26,53.87,52.99
223,Historical,699288,1,2,D,6,1,3176082,42.96,2011,12,103.46,39.99
224,Historical,107971,0,0,D,5,1,2425489,13.28,2003,32,100.69,13.28
225,Historical,610393,1,2,D,13,1,9833,170.25,2013,59,73.86,103.94
226,Historical,705502,1,1,D,11,1,638105,39.96,2010,20,83.83,39.31
227,Historical,618668,0,0,D,2,1,31783,34.6,1996,61,68.37,27.99
228,Historical,615360,0,0,D,4,1,657507,54.99,2008,33,28.05,13.34
229,Historical,664811,1,1,D,10,1,1075607,133.4,2013,24,117.34,49
230,Historical,2841191,1,2,D,0,0,7396469,4,1983,55,63.94,4
231,Historical,844117,0,0,D,7,1,254808,0,1986,34,147.99,49.94
232,Historical,141764,0,0,D,8,1,1030744,49.01,2007,75,26.96,21
233,Historical,917276,1,2,D,0,0,749817,75,2013,34,27.79,34.98
234,Historical,639225,1,1,D,3,1,223098,133.29,2009,50,143.8,86.99
235,Historical,434997,0,0,D,3,1,251317,219,2011,24,103.85,52.96
236,Historical,622404,0,0,D,2,1,547153,98.56,1990,26,40.29,42.99
237,Historical,2560872,1,2,D,1,0,4858214,84.43,1982,30,63.94,57.87
238,Historical,169418,0,0,D,4,1,784460,160.95,2007,23,4.58,73.18
239,Historical,537968,0,0,D,2,1,1104542,86.95,2004,28,39.47,43.93
240,Historical,177631,0,0,D,3,1,1247846,203.95,2001,43,15.8,19.08
241,Historical,768490,0,0,D,0,0,1178022,190.75,1999,58,16.98,62.85
242,Historical,533487,0,0,D,13,1,42773,41.95,2012,81,29.55,22.29
243,Historical,2560130,0,0,D,4,1,1860821,120,1995,17,39.99,36.44
244,Historical,644600,0,0,D,4,1,898392,19.69,2012,28,78.23,18.74
245,Historical,609102,0,0,D,2,1,1974269,171.95,2000,76,107.91,10.94
246,Historical,699313,0,0,D,6,1,420866,28.98,2012,17,151.63,28.82
247,Historical,538466,0,0,D,13,1,21361,289,2013,81,103.5,93.51
248,Historical,1822465,1,2,D,11,1,1227053,234.3,2013,13,0,45.92
249,Historical,2258067,0,0,D,2,1,75094,17.99,2009,23,70.35,53.78
250,Historical,562106,0,0,D,5,1,2579727,209.95,2009,25,101.39,52.45
251,Historical,170123,0,0,D,5,1,466559,76.95,2010,35,90.51,27.99
252,Historical,170122,0,0,D,10,1,1058175,104.95,2010,36,61.99,49.64
253,Historical,192787,1,1,D,4,1,1112580,118,2000,20,86.9,85.89
254,Historical,880242,1,2,D,6,1,2133281,20.98,2010,43,26.88,12.88
255,Historical,191922,0,0,D,4,1,1688937,12.99,2001,76,85.91,12.99
256,Historical,613212,0,0,D,0,0,643528,129,2011,85,10.53,13.03
257,Historical,390199,1,1,D,0,0,2905343,39.95,2002,31,41.79,9.41
258,Historical,617351,0,0,D,0,0,516114,51,2013,52,44.95,63.99
259,Historical,655075,1,2,D,0,0,117842,54,2013,36,23.89,23.99
260,Historical,539971,1,2,D,3,1,113986,59.99,2011,40,25.14,40.72
261,Historical,547943,0,0,D,2,1,699635,210.95,1994,47,53.44,118.54
262,Historical,108115,0,0,D,11,1,1970080,75.14,2006,24,14.43,27.99
263,Historical,109900,0,0,D,8,1,257796,175.39,2006,31,200.23,153.99
264,Historical,110954,0,0,D,9,1,831685,163,2007,55,36.91,8.98
265,Historical,170155,1,1,D,2,1,1505681,231.95,2010,25,99.98,26.12
266,Historical,294020,0,0,D,4,1,1515900,349.95,1999,58,112.58,32.7
267,Historical,362106,0,0,D,1,0,1487837,160,1996,22,66.98,63.01
268,Historical,537869,0,0,D,2,1,3348995,145.55,1991,19,132.99,25.99
269,Historical,56502,1,1,D,20,1,33804,57.65,2010,58,55.49,40.79
270,Historical,60283,0,0,D,3,1,117474,25,2005,109,5.48,26.84
271,Historical,60350,0,0,D,8,1,2324700,61.95,2002,65,60,12.7
272,Historical,606819,0,0,D,3,1,215415,25.15,2002,36,148.99,31.98
273,Historical,61081,0,0,D,2,1,4545108,19.44,2001,30,68.23,19.44
274,Historical,614231,0,0,D,3,1,1008946,127.95,2011,64,55.43,13.63
275,Historical,636248,0,0,D,3,1,1277293,99,2000,29,54.99,73.54
276,Historical,527991,1,1,D,1,0,1037233,82.95,2010,70,0,23.99
277,Historical,57085,1,1,D,1,0,314875,116,2004,62,70.94,26.98
278,Historical,843456,1,3,D,1,0,2166227,42.56,1983,18,57.76,73.94
279,Historical,110090,1,1,D,15,1,578545,43.85,2009,20,103.99,36.85
280,Historical,550813,1,1,D,10,1,218166,28.98,2011,70,33.95,31.49
281,Historical,284934,0,0,D,11,1,1162587,35.31,2008,40,143.23,33.99
282,Historical,111079,0,0,D,10,1,445830,79.13,2008,34,143.39,20.16
283,Historical,309790,0,0,D,8,1,2036024,0,2011,21,127.99,202.97
284,Historical,628628,0,0,D,2,1,465442,0,2011,21,64.9,602.4
285,Historical,534102,1,1,D,2,1,69988,35.45,1989,83,34.99,23.49
286,Historical,716267,0,0,D,14,1,882593,212.27,2011,16,133.01,428.48
287,Historical,623015,0,0,D,13,1,896933,266.67,2012,27,114.99,95
288,Historical,626253,1,1,D,6,1,1475691,159.27,2010,33,41.05,16.98
289,Historical,741977,0,0,D,2,1,792890,173,2009,40,117.05,189.31
290,Historical,540851,0,0,D,5,1,77474,209.33,2012,45,128.99,349.65
291,Historical,747023,1,3,D,8,1,2062611,0,2010,23,101.28,44.95
292,Historical,56062,1,2,D,1,0,1972984,61.25,1996,47,30.99,29.2
293,Historical,608348,1,2,D,2,1,375965,0,1975,31,77.98,148.59
294,Historical,766351,0,0,D,6,1,663679,0,2011,18,105.48,41.98
295,Historical,254149,0,0,D,1,0,342973,82.95,2010,70,4,13.98
296,Historical,532087,0,0,D,9,1,138070,76.95,2011,47,46.79,48.99
297,Historical,664111,1,3,D,16,1,60333,242.95,2014,47,58.99,78.99
298,Historical,583698,1,2,D,0,0,344092,26.6,1992,25,81.57,53.55
299,Historical,236714,0,0,D,2,1,1462570,55,1998,36,53.88,21.43
300,Historical,105606,1,1,D,2,1,921252,220,2002,17,102.99,62.91
301,Historical,210943,0,0,D,1,0,927253,23.95,2005,34,15.14,14.84
302,Historical,347484,1,1,D,2,1,499184,89,2000,80,43.98,12.97
303,Historical,643881,1,4,D,18,1,1353634,261.95,2010,17,86.59,225.5
304,Historical,56911,1,1,D,8,1,150464,73.95,2009,44,37.26,28.57
305,Historical,110244,0,0,D,10,1,5633,35,2008,196,83.99,25.72
306,Historical,110355,0,0,D,1,0,28653,17.09,2010,43,98.49,62.98
307,Historical,696686,0,0,D,13,1,1621457,0,2009,23,122.28,12.99
308,Historical,540784,1,2,D,5,1,16535,244.8,2013,130,113.09,103.87
309,Historical,132925,0,0,D,18,1,174667,84.6,2009,44,48.49,39
310,Historical,552629,1,2,D,6,1,74950,232.45,2004,70,138.89,103.8
311,Historical,288729,0,0,D,7,1,692106,182,2010,23,91.42,602.99
312,Historical,146451,0,0,D,12,1,1259065,203.67,2010,34,103.98,602.99
313,Historical,540945,0,0,D,8,1,643887,119,2011,20,23.98,98.99
314,Historical,164013,0,0,D,8,1,384777,39.98,1998,50,132.95,76.98
315,Historical,52199,0,0,D,9,1,78809,423.95,2010,68,149.55,120.24
316,Historical,254077,0,0,D,9,1,1581490,233.95,2009,27,168.98,125.31
317,Historical,387939,0,0,D,7,1,2061564,0,2008,18,108.96,73.29
318,Historical,187869,0,0,D,1,0,729820,99.95,1998,18,76.66,73.83
319,Historical,276246,0,0,D,0,0,1160054,58,1997,20,83.99,8.7
320,Historical,237416,0,0,D,0,0,1790870,64.95,2000,27,41.58,4.15
321,Historical,50463,0,0,D,7,1,664963,108.95,2002,50,170.48,13.99
322,Historical,224368,1,1,D,3,1,669915,36.95,2000,39,34.49,13.98
323,Historical,55142,0,0,D,3,1,2628156,82,1999,61,84.88,4.97
324,Historical,613665,1,1,D,6,1,159316,146.36,1998,122,143.23,9.99
325,Historical,635629,1,1,D,6,1,1293030,173.13,2012,36,78.99,123.98
326,Historical,51930,1,1,D,4,1,231589,108.6,2011,51,58.99,19.98
327,Historical,630857,0,0,D,2,1,2356258,186.67,2010,17,103.85,33.92
328,Historical,53753,0,0,D,3,1,2850027,95,1995,31,57.74,22.6
329,Historical,755762,0,0,D,6,1,1660637,58.54,2010,32,43.67,53.31
330,Historical,629562,1,1,D,9,1,574112,43.46,2011,29,91.95,65.98
331,Historical,178724,0,0,D,18,1,1104206,139.95,2010,62,31.72,14.31
332,Historical,766965,0,0,D,10,1,617360,126.95,2010,13,93.98,14.98
333,Historical,178898,0,0,D,1,0,381991,95.95,2010,64,53.74,8.99
334,Historical,51140,0,0,D,7,1,47433,348.95,2007,57,88.99,53.97
335,Historical,182877,0,0,D,6,1,3199135,87.95,2003,38,15.83,23.87
336,Historical,142049,0,0,D,4,1,1052140,87.5,2009,14,73.75,71.59
337,Historical,164116,0,0,D,2,1,2112641,157.95,1998,35,109.3,23.99
338,Historical,51498,0,0,D,9,1,963928,228,2009,48,125.21,98.49
339,Historical,526853,1,1,D,3,1,133290,36.89,2004,61,78.94,55.34
340,Historical,606719,1,1,D,13,1,1065844,125,1991,43,73.98,28.99
341,Historical,109905,1,1,D,6,1,1541895,55.83,2006,24,112.8,62.99
342,Historical,105359,0,0,D,6,1,1339335,104.5,2010,19,95.12,28.15
343,Historical,533672,0,0,D,11,1,244738,143.73,2012,20,103.48,19.64
344,Historical,435051,1,1,D,5,1,1326116,199.07,2011,28,140.99,82.94
345,Historical,452930,0,0,D,8,1,344772,203.95,2010,92,67.74,16.44
346,Historical,54656,0,0,D,5,1,1079487,23.48,2008,74,24.07,20.62
347,Historical,192404,0,0,D,6,1,831399,62.95,2004,42,61.34,70.63
348,Historical,296040,1,1,D,3,1,291994,37.95,2000,43,33.95,19.97
349,Historical,52752,0,0,D,9,1,666012,152.67,2008,29,103.2,74.81
350,Historical,130596,0,0,D,3,1,995660,197.87,2011,26,63.67,46.99
351,Historical,534651,0,0,D,0,0,953365,81.95,2013,79,20.94,4.45
352,Historical,169212,0,0,D,7,1,565403,393.95,2007,54,142.58,84.99
353,Historical,595600,0,0,D,6,1,94398,180,2011,67,123.6,78.71
354,Historical,106538,1,3,D,2,1,1152514,34.95,2006,44,20.38,17.53
355,Historical,145384,0,0,D,1,0,251015,73.8,2006,30,7.05,79.31
356,Historical,50186,0,0,D,6,1,1091604,100.95,2000,34,91.97,57.41
357,Historical,60200,0,0,D,2,1,1462754,271.95,2001,39,152.87,11.94
358,Historical,613288,0,0,D,15,1,1701823,0,2012,9,130.99,0
359,Historical,561492,0,0,D,9,1,2354233,193.27,2011,18,146.55,89.28
360,Historical,50994,0,0,D,4,1,122120,33.99,2009,52,122.04,106.33
361,Historical,52304,0,0,D,8,1,1039357,223.95,2003,90,203.99,8.14
362,Historical,111423,1,1,D,12,1,1215344,91.99,2009,33,160.99,93.99
363,Historical,55358,1,1,D,10,1,419200,341.95,2010,20,162.86,127.92
364,Historical,146221,0,0,D,6,1,61849,168.4,2009,110,39.98,41.49
365,Historical,528729,0,0,D,7,1,590821,120.95,2009,73,75.96,9.98
366,Historical,244429,1,1,D,9,1,312971,293.95,2011,30,93.99,17.87
367,Historical,182533,0,0,D,8,1,580751,204.95,2001,113,190.79,18.97
368,Historical,110614,1,2,D,7,1,92004,33.86,2011,64,65.75,53.74
369,Historical,619761,0,0,D,10,1,399183,48.99,2011,25,119.98,43.42
370,Historical,50518,1,1,D,8,1,537887,13.99,2010,138,11.75,21.98
371,Historical,54441,0,0,D,2,1,403004,62.95,2001,64,81.79,16.87
372,Historical,162649,0,0,D,9,1,95503,23.44,2009,41,14.84,66.12
373,Historical,60083,0,0,D,5,1,1594710,123.8,1999,40,133.76,66.61
374,Historical,624650,1,1,D,10,1,622633,147.73,2013,47,111.93,113.99
375,Historical,534035,1,1,D,3,1,252300,39.95,1992,107,15.86,19.12
376,Historical,132743,0,0,D,3,1,1603938,50.6,2009,53,8.43,11.74
377,Historical,539367,0,0,D,4,1,104963,252.13,2012,32,100.52,602.99
378,Historical,610333,0,0,D,1,0,722497,97.95,2014,76,24.44,32.47
379,Historical,163064,0,0,D,14,1,527674,24.67,2011,71,134.4,26.1
380,Historical,146679,0,0,D,11,1,1114250,180,2011,20,69.54,201.91
381,Historical,50618,0,0,D,0,0,888459,117.66,2001,78,33.8,21.36
382,Historical,51288,0,0,D,1,0,800499,120.8,2007,82,10.18,25.54
383,Historical,131348,0,0,D,8,1,1909713,75.6,2000,23,36.14,9.99
384,Historical,145502,0,0,D,2,1,2280317,46.67,2007,46,8.43,43.14
385,Historical,178698,0,0,D,1,0,1202636,75.95,2010,63,27.18,17.67
386,Historical,203340,0,0,D,3,1,1264597,56.95,2000,49,39.87,25.56
387,Historical,264261,0,0,D,3,1,1100867,39.95,2004,72,26.22,13.99
388,Historical,2836710,0,0,D,1,0,2446761,108.95,1997,18,33.99,11.05
389,Historical,2855368,1,1,D,2,1,4184298,32.95,1999,16,40.78,29.87
390,Historical,293178,0,0,D,2,1,77929,47,2011,24,63.99,103.99
391,Historical,51594,0,0,D,5,1,1391568,264.95,2005,62,49.86,44.18
392,Historical,52766,0,0,D,6,1,1239655,70,2003,39,117.31,18.99
393,Historical,555578,0,0,D,5,1,1819712,49.95,2005,82,19.66,7.98
394,Historical,56902,0,0,D,3,1,1488811,31.99,2002,144,47.37,4.93
395,Historical,700843,1,1,D,5,1,738838,42.95,2005,16,4.98,8.69
396,Historical,717654,1,1,D,5,1,6785646,101.95,2001,29,118.45,33.54
397,Historical,860759,0,0,D,10,1,259351,167.4,2012,16,103.98,79.84
398,Historical,870579,0,0,D,3,1,1681267,0,1976,26,40.08,69.47
399,Historical,874255,0,0,D,0,0,2213361,21.95,1998,34,13.87,9.86
400,Historical,105556,0,0,D,4,1,2635696,89.95,1999,30,79.27,8.98
401,Historical,113991,0,0,D,2,1,1850011,147,2001,35,114.29,41.72
402,Historical,183635,0,0,D,4,1,1657050,87.95,2007,26,31.99,8.49
403,Historical,2410208,1,1,D,0,0,119422,45,1990,110,18.93,12.99
404,Historical,2778692,0,0,D,2,1,2506480,0,1987,13,224.98,478.99
405,Historical,308852,0,0,D,7,1,1875650,6.89,2004,44,56.13,6.79
406,Historical,557118,0,0,D,1,0,4127533,46,1999,31,33.59,13.97
407,Historical,616344,0,0,D,6,1,2023284,185.95,2011,18,9.34,7.7
408,Historical,618480,0,0,D,2,1,1132944,95.75,2004,27,33.28,13.1
409,Historical,629794,0,0,D,5,1,3599262,0,2010,21,34.93,97.07
410,Historical,867983,0,0,D,4,1,482306,127.6,1995,33,47.54,28.18
411,Historical,871088,1,1,D,6,1,634547,70.8,2003,93,77.84,10.29
412,Historical,874266,0,0,D,3,1,1640690,63.95,2001,42,34.98,38.64
413,Historical,877257,0,0,D,0,0,2042142,59.95,1993,34,33.99,42.63
414,Historical,704300,0,0,D,5,1,1702123,17.23,2002,38,70.97,45.97
415,Historical,699076,0,0,D,3,1,1246086,96.75,2008,16,0,0
416,Historical,108299,1,1,D,7,1,1376158,6.9,2003,69,118.74,9.99
417,Historical,618253,0,0,D,2,1,1114797,46.11,2010,26,81.03,46.45
418,Historical,699408,1,1,D,9,1,1908453,30.38,2010,11,93.99,15.9
419,Historical,112149,0,0,D,5,1,568370,110.75,2002,38,0,0
420,Historical,607431,0,0,D,3,1,1143295,89.93,1996,94,91.99,9.49
421,Historical,715650,0,0,D,1,0,1117313,81,1999,32,108.84,12.97
422,Historical,561253,0,0,D,15,1,2233445,46.67,2009,18,33.66,43.99
423,Historical,51339,0,0,D,7,1,182251,220,2008,54,179.94,63.99
424,Historical,57443,0,0,D,4,1,2536657,94.8,2002,52,102.12,8.74
425,Historical,120759,0,0,D,4,1,261817,145.6,2009,53,132.64,81.58
426,Historical,874914,1,1,D,2,1,1510783,0,2010,14,87.05,49.75
427,Historical,1451943,0,0,D,9,1,1211426,212.27,2012,15,0,122.99
428,Historical,871146,0,0,D,7,1,2099603,56,2004,144,56.5,4.46
429,Historical,612137,1,1,D,13,1,779,188,2014,163,67.24,53.99
430,Historical,607367,0,0,D,3,1,2011865,96,1995,46,133.99,21.92
431,Historical,426363,0,0,D,7,1,2162985,99,2010,46,21.54,45.4
432,Historical,131780,0,0,D,6,1,783806,90,2004,33,78.14,22.96
433,Historical,121485,0,0,D,1,0,339180,75.6,1998,38,72.99,44.62
434,Historical,557487,0,0,D,5,1,2848737,88.8,2008,32,37.99,17.54
435,Historical,534646,0,0,D,0,0,1021737,86.95,2012,50,41.04,8.27
436,Historical,166040,0,0,D,3,1,1760050,90,1995,63,57.99,19.97
437,Historical,2619182,0,0,D,2,1,2899541,153.95,1995,24,10.98,50.98
438,Historical,2751459,0,0,D,0,0,1972314,35,1993,19,28.85,73.03
439,Historical,56317,0,0,D,1,0,1106299,4,2002,56,37.81,32.08
440,Historical,696751,1,1,D,0,0,3479963,40.59,2009,19,118.87,40.34
441,Historical,766350,0,0,D,6,1,1633331,271.95,2011,44,103.98,39.36
442,Historical,179156,0,0,D,4,1,2539626,84.95,2008,23,98.25,9.93
443,Historical,543356,0,0,D,13,1,2841849,162.95,2012,21,113.99,90.2
444,Historical,177798,0,0,D,6,1,2069866,32.95,2003,30,61.39,17.74
445,Historical,587572,0,0,D,12,1,1871564,0,2011,15,119.47,61.95
446,Historical,630140,0,0,D,5,1,670881,69.99,2008,42,28.29,20.34
447,Historical,899220,0,0,D,2,1,1854337,85.95,1994,19,128.97,40.98
448,Historical,264513,0,0,D,2,1,3282523,29,2000,13,25.87,28.98
449,Historical,774184,0,0,D,0,0,631257,15.99,2001,52,43.2,17.23
450,Historical,774760,0,0,D,6,1,1803574,49.95,2001,49,52.38,18.74
451,Historical,271068,0,0,D,6,1,177482,149.99,2009,28,76.48,53.99
452,Historical,254019,0,0,D,2,1,503309,85.95,2010,68,15.09,12.99
453,Historical,2262567,0,0,D,12,1,115898,87.8,2012,52,0,56.63
454,Historical,142060,0,0,D,5,1,1214985,13.98,2009,76,17.9,13.96
455,Historical,872473,0,0,D,2,1,544686,23.95,1993,31,37.3,43.22
456,Historical,258373,0,0,D,0,0,1899528,55,2000,25,65.52,9.95
457,Historical,875292,1,1,D,2,1,935502,20,2006,34,16.78,50.99
458,Historical,646344,0,0,D,5,1,719296,41,2003,25,45.54,35.97
459,Historical,115355,0,0,D,4,1,383812,117.6,2002,29,89.07,41.68
460,Historical,165415,0,0,D,7,1,1670239,10.98,2001,36,231.51,10.98
461,Historical,177340,0,0,D,3,1,2517981,86.95,2000,43,39.21,18.94
462,Historical,193647,0,0,D,6,1,1062840,136,2008,42,42.84,9.98
463,Historical,203318,0,0,D,3,1,1870939,129,1999,27,123,18.99
464,Historical,2876653,0,0,D,0,0,1776559,59,2003,23,73.84,38.94
465,Historical,296671,1,1,D,9,1,977419,165.5,2001,68,180.98,17.99
466,Historical,358303,0,0,D,2,1,1709728,44.95,1998,32,21.92,13.62
467,Historical,57786,0,0,D,3,1,649928,27.95,2000,49,26.32,8.42
468,Historical,60607,0,0,D,2,1,1424265,55.56,2001,57,55.76,16.43
469,Historical,607146,0,0,D,6,1,2043415,118.33,2000,30,122.44,21.84
470,Historical,615849,0,0,D,1,0,1922444,55,2001,27,48.26,11.7
471,Historical,874752,0,0,D,3,1,4395886,98,1998,29,86.86,31.91
472,Historical,118319,0,0,D,3,1,537119,213.4,2011,77,145.29,7.99
473,Historical,133432,0,0,D,9,1,105498,205.6,2010,37,40.4,49.99
474,Historical,199115,0,0,D,1,0,2410155,69.95,2001,34,66.2,22.74
475,Historical,2593310,0,0,D,1,0,5075968,24.95,1981,15,27.6,68.99
476,Historical,515866,1,1,D,14,1,102161,187.6,2011,48,103.49,32.85
477,Historical,549494,1,1,D,7,1,1399289,112,2011,31,151.91,90
478,Historical,57380,0,0,D,11,1,2436926,180.95,2006,48,76.38,15.87
479,Historical,60436,0,0,D,4,1,997129,71.95,2001,52,129.94,13.87
480,Historical,637316,0,0,D,0,0,1101411,49.95,2004,26,20.25,49.95
481,Historical,875368,0,0,D,1,0,2265122,70.2,2009,60,60.2,4
482,Historical,534073,0,0,D,2,1,1647080,59,1991,32,18.96,47.99
483,Historical,110410,0,0,D,2,1,2028616,141.25,2009,33,167.35,33.99
484,Historical,111019,0,0,D,9,1,84138,86.71,2008,28,128.99,34.51
485,Historical,109607,0,0,D,8,1,2673414,67.75,2005,22,16.99,4.99
486,Historical,109068,0,0,D,2,1,2476597,45,2005,43,81.5,13.94
487,Historical,696702,0,0,D,13,1,2912709,0,2009,26,138.99,20.49
488,Historical,551107,1,1,D,7,1,164646,380.25,2012,42,218.97,27.35
489,Historical,120046,0,0,D,10,1,1134844,165.6,2008,26,88.86,73.99
490,Historical,286311,0,0,D,1,0,2140732,155.6,2012,12,122.45,118.07
491,Historical,908582,0,0,D,13,1,391036,63.24,2012,18,116.93,65.71
492,Historical,2271658,1,2,D,5,1,308625,110,2012,31,30.64,70.47
493,Historical,629299,0,0,D,3,1,2210001,152.07,2010,14,75.18,575.73
494,Historical,537277,0,0,D,10,1,1629158,257.13,2012,17,101.51,8.83
495,Historical,1467498,0,0,D,2,1,1469991,42,2010,26,0,49.95
496,Historical,710671,0,0,D,4,1,2209739,60,1999,23,72.48,66.91
497,Historical,143445,0,0,D,3,1,2249657,81.5,2002,13,122.98,102.98
498,Historical,625880,0,0,D,5,1,1644482,169.33,2010,22,80.78,143.33
499,Historical,915525,0,0,D,2,1,2814477,91.6,2009,22,88.99,16.07
500,Historical,616025,0,0,D,11,1,43061,53.95,2012,83,31.88,15.86
501,Historical,623686,0,0,D,2,1,757917,36.95,1997,43,38.99,31.65
502,Historical,747024,0,0,D,3,1,713991,57.64,2013,30,81.99,20
503,Historical,2422756,1,2,D,0,0,3145491,0,1983,16,66.74,52.49
504,Historical,54343,0,0,D,7,1,2038657,84.95,2001,74,64.17,13.93
505,Historical,165250,0,0,D,3,1,499560,80,2001,108,58.27,5.83
506,Historical,162822,0,0,D,13,1,606806,18.98,2010,56,48.8,39.98
507,Historical,148726,0,0,D,3,1,908360,193.95,2008,19,127.4,71.81
508,Historical,366508,1,1,D,4,1,518146,69.95,2004,38,44.03,10.49
509,Historical,53561,0,0,D,2,1,1639158,186.95,2006,71,124.33,9.99
510,Historical,251152,0,0,D,1,0,1679887,198.95,2007,33,0,9.99
511,Historical,626125,0,0,D,6,1,1315537,49.99,2010,42,28.29,19.17
512,Historical,868651,1,2,D,3,1,482765,65,2000,61,42.93,10.85
513,Historical,305674,1,2,D,1,0,946401,133.75,1996,16,85.98,103.72
514,Historical,878450,0,0,D,0,0,2514899,202.05,2007,61,81.46,144.92
515,Historical,873457,1,2,D,0,0,4072611,0,1984,30,50.13,32.99
516,Historical,131380,0,0,D,1,0,643117,74.6,2000,40,48.29,17.49
517,Historical,178246,0,0,D,6,1,2691483,178.95,1999,33,57.99,45.99
518,Historical,51360,1,1,D,3,1,1134104,367.95,2002,93,141.92,37.9
519,Historical,549533,0,0,D,2,1,1642737,79.95,2004,38,18.99,12.17
520,Historical,574536,1,1,D,4,1,4542673,92,1998,18,72.99,32.99
521,Historical,608494,1,2,D,3,1,2358720,53.25,2002,24,33.99,23.98
522,Historical,711183,1,1,D,1,0,2580357,106.67,2001,41,93.97,28.98
523,Historical,178900,0,0,D,1,0,930400,169.95,2010,48,47.51,19.98
524,Historical,55379,0,0,D,4,1,1479011,46.9,2003,48,66.75,42.61
525,Historical,57399,0,0,D,9,1,1516100,149.95,2004,79,127.92,4.74
526,Historical,608033,1,1,D,3,1,3525324,224.95,2000,48,128.99,35.75
527,Historical,763663,0,0,D,2,1,618184,134.95,1998,66,122.99,9.19
528,Historical,120808,0,0,D,4,1,547799,150.07,2009,19,97.21,47.99
529,Historical,561545,1,1,D,10,1,252034,85.75,2011,33,62.14,25.91
530,Historical,53560,0,0,D,6,1,184127,123.6,2010,34,65.56,63.2
531,Historical,533760,1,1,D,11,1,8923,207.2,2011,169,118.98,41.99
532,Historical,294978,0,0,D,1,0,1997690,63.8,2004,72,46.37,7.47
533,Historical,144629,0,0,D,4,1,1274474,59.99,2003,35,35.37,19.8
534,Historical,622213,0,0,D,5,1,634320,205.33,2013,18,53.94,152.94
535,Historical,146691,0,0,D,8,1,1511329,253.4,2011,23,162.5,228.42
536,Historical,200055,0,0,D,2,1,2768548,68.95,2003,25,34.39,35.99
537,Historical,615083,1,1,D,2,1,296191,44.95,1997,53,25.79,23.89
538,Historical,609368,0,0,D,2,1,957419,34.95,1991,93,28.97,6.64
539,Historical,254691,0,0,D,0,0,2461452,42.95,1998,17,59.98,59.55
540,Historical,920647,0,0,D,1,0,2366011,27.95,1998,51,26.75,4.62
541,Historical,53051,1,1,D,4,1,251450,308.95,2008,86,160.26,19.87
542,Historical,56050,0,0,D,5,1,494668,120,1999,48,92.6,8.94
543,Historical,576780,0,0,D,1,0,78947,97.24,2009,113,5.46,10.4
544,Historical,609114,0,0,D,4,1,589661,101.95,2001,24,118.99,31.99
545,Historical,869880,0,0,D,2,1,2210557,0,1962,14,83.87,152.83
546,Historical,121436,0,0,D,5,1,724987,91,1997,30,123.99,15.99
547,Historical,177691,0,0,D,4,1,501846,121.95,2003,43,24.59,12.19
548,Historical,278561,0,0,D,0,0,944954,42.95,2004,25,13.24,56.63
549,Historical,51404,0,0,D,8,1,1355750,123.33,2003,78,113.99,9.76
550,Historical,534355,0,0,D,8,1,2717818,15.96,2003,26,200.2,15.96
551,Historical,57864,1,1,D,6,1,1124525,111.95,2001,76,139.95,43.05
552,Historical,607272,0,0,D,9,1,804971,133.4,2003,43,77.99,99.33
553,Historical,55367,0,0,D,14,1,1227198,116,2003,88,137.09,7.61
554,Historical,147669,1,2,D,8,1,1088817,102,2011,20,23.98,29.12
555,Historical,586770,1,2,D,0,0,618038,38,2002,32,33.98,15.98
556,Historical,624707,1,3,D,7,1,40038,241.75,2012,66,63.99,52.63
557,Historical,529412,0,0,D,1,0,2157399,70.95,2010,19,28.98,37.6
558,Historical,106789,0,0,D,1,0,241741,35,2010,294,10.89,9.97
559,Historical,169894,0,0,D,1,0,866174,201.95,2008,62,23.55,32.06
560,Historical,57418,0,0,D,4,1,2201523,74.95,2000,50,80.98,25.99
561,Historical,60395,0,0,D,5,1,2148402,87.2,2004,38,67.14,11.22
562,Historical,61168,0,0,D,3,1,579932,13.87,2006,94,5.33,10.71
563,Historical,619239,1,1,D,2,1,1228148,171.95,1998,30,77.2,22.99
564,Historical,60834,0,0,D,7,1,1598071,18.75,2006,44,37.26,11.99
565,Historical,58450,1,1,D,8,1,42051,146.33,2011,56,133.95,101.73
566,Historical,613809,1,2,D,0,0,561027,34.92,2005,112,9.41,23.99
567,Historical,120835,0,0,D,11,1,1083298,175.27,2009,30,84.78,54.47
568,Historical,119493,1,2,D,4,1,16544,244.8,2012,142,100.52,20.99
569,Historical,435033,0,0,D,10,1,643857,205.07,2010,28,138.97,43.99
570,Historical,222255,0,0,D,1,0,1166460,65,2000,28,48.23,23.99
571,Historical,617205,0,0,D,1,0,209131,70.95,1999,28,26.03,28.99
572,Historical,330862,0,0,D,9,1,3124791,0,2008,22,163.99,103.23
573,Historical,252770,0,0,D,2,1,523541,98.75,2009,17,56.49,52.98
574,Historical,132763,0,0,D,5,1,1356376,159.2,2009,49,5.58,5.93
575,Historical,178166,0,0,D,9,1,1467005,324.95,2005,89,56.94,8
576,Historical,54335,0,0,D,6,1,96133,112,2004,87,98.9,76.26
577,Historical,630586,0,0,D,0,0,1093742,99.95,2012,30,78.99,42.99
578,Historical,60558,0,0,D,11,1,727224,99.95,2003,79,83.99,48.85
579,Historical,111352,0,0,D,4,1,2283633,0,2009,11,170.48,0
580,Historical,146209,1,1,D,3,1,784270,221.73,2009,40,157.76,109.99
581,Historical,329878,0,0,D,2,1,725531,41.2,2007,67,18.99,9.73
582,Historical,52037,0,0,D,0,0,1666063,393.95,2005,57,6.24,6.24
583,Historical,54119,0,0,D,6,1,1440438,313.95,2008,47,151.48,11.13
584,Historical,50581,0,0,D,9,1,19471,70.24,2010,79,153.24,63.78
585,Historical,111442,0,0,D,7,1,1978572,61.98,2010,20,165.76,60.77
586,Historical,54821,0,0,D,6,1,1160702,145.95,2003,103,86.53,13.99
587,Historical,244223,0,0,D,7,1,49986,250.95,2012,47,111.92,67.03
588,Historical,184604,1,1,D,3,1,1613094,66.95,1999,21,63.42,25.97
589,Historical,55409,0,0,D,4,1,492495,186.95,2001,77,32.93,14.49
590,Historical,54896,1,2,D,7,1,742184,88.95,2001,84,88.24,25.94
591,Historical,561588,1,2,D,3,1,943241,175.4,2012,34,98.81,87.81
592,Historical,50517,0,0,D,7,1,1035359,13.99,2008,122,11.75,13.98
593,Historical,53869,0,0,D,8,1,2112733,286.95,2004,88,124.33,7.99
594,Historical,111648,0,0,D,14,1,59895,153.98,2011,45,138.99,189.99
595,Historical,53020,1,2,D,6,1,36195,178.53,2008,378,103.87,39.41
596,Historical,534356,0,0,D,3,1,606639,134,1994,139,139.99,27.49
597,Historical,51788,0,0,D,5,1,163846,255.95,2002,262,180.09,36.99
598,Historical,54795,0,0,D,1,0,503042,76.5,1997,85,31.34,27.98
599,Historical,111426,0,0,D,3,1,1466443,95.62,2010,18,56.06,75.8
600,Historical,53891,0,0,D,11,1,566415,211.95,2004,148,105.05,22.88
601,Historical,53180,0,0,D,7,1,2640754,19.99,2004,35,73.73,19.9
602,Historical,54904,1,1,D,10,1,129112,25,2007,337,91.23,6.88
603,Historical,117918,1,2,D,8,1,1083284,123.75,2004,54,0,0
604,Historical,880014,1,2,D,4,1,1306977,28.98,2010,36,108.5,22.38
605,Historical,108464,0,0,D,4,1,2814210,24.38,2002,44,60.97,4.17
606,Historical,527702,0,0,D,6,1,1611731,33.98,2003,33,83.98,45.99
607,Historical,618094,1,1,D,9,1,803076,0,2010,40,150.43,60.63
608,Historical,515908,0,0,D,12,1,1664609,100.6,2008,41,48.89,18.33
609,Historical,435034,1,2,D,9,1,1746,281.8,2012,616,173.3,48.99
610,Historical,526202,0,0,D,3,1,1462856,255.95,2006,53,29.32,53.53
611,Historical,608545,0,0,D,5,1,2497185,81.95,2001,42,79.34,38.89
612,Historical,304114,0,0,D,1,0,1290141,120.95,1997,62,126.66,43.37
613,Historical,296511,0,0,D,7,1,766999,64.95,2009,55,35.27,72.33
614,Historical,734734,0,0,D,4,1,1555996,89,2009,19,518.65,64.73
615,Historical,467300,0,0,D,5,1,1514881,19.97,2003,59,89.75,19.96
616,Historical,53444,1,1,D,5,1,79719,342.95,2002,177,185.24,21.49
617,Historical,537920,0,0,D,4,1,1858255,68.2,2004,44,66.86,56.28
618,Historical,574353,1,1,D,5,1,634580,13.98,2002,51,128.99,13.49
619,Historical,609160,0,0,D,2,1,997279,84.95,2002,74,81.79,22.99
620,Historical,202317,0,0,D,4,1,2332616,227.95,2001,19,64.74,21.08
621,Historical,773067,0,0,D,2,1,3841911,61.95,2000,23,82.57,13.94
622,Historical,550994,1,1,D,19,1,1008194,86.03,2011,30,117.92,173.51
623,Historical,916780,0,0,D,4,1,985396,142.6,2012,19,118.99,50.51
624,Historical,120721,0,0,D,9,1,1057273,226.67,2008,18,126.03,173.99
625,Historical,607776,0,0,D,2,1,1870008,48.95,1996,44,42.99,32.22
626,Historical,217762,0,0,D,2,1,246164,62.99,1999,23,60.14,13.87
627,Historical,879159,0,0,D,7,1,1258502,139.95,2010,33,78.99,47
628,Historical,904581,0,0,D,0,0,3540672,24.95,1995,15,303.98,52.41
629,Historical,121905,1,1,D,4,1,346437,45.33,2000,54,58.88,12.48
630,Historical,123960,0,0,D,3,1,1687397,156.95,2002,47,102.99,13.57
631,Historical,185354,0,0,D,2,1,274590,29.39,1996,122,17.48,21.02
632,Historical,868232,0,0,D,2,1,3710187,479.24,1987,19,35.48,72.73
633,Historical,914033,0,0,D,12,1,2741782,0,2011,23,35,20.99
634,Historical,873508,0,0,D,1,0,2469715,39.95,2003,38,95.33,12.19
635,Historical,537896,0,0,D,5,1,1199907,47,2001,39,53.99,28.98
636,Historical,553061,1,2,D,7,1,339852,177.5,2012,43,103.87,63.99
637,Historical,222809,1,4,D,0,0,632228,56,1997,26,52.75,50.21
638,Historical,705167,1,4,D,5,1,1238343,17.99,2004,45,98.99,8
639,Historical,706099,0,0,D,3,1,716929,10.22,2011,28,61.82,44.63
640,Historical,58409,0,0,D,3,1,3426773,72.95,2004,39,52.89,45.74
641,Historical,861104,0,0,D,3,1,1564689,63,2011,29,126.94,53.35
642,Historical,114184,1,1,D,2,1,821607,118,2001,82,108.09,16.72
643,Historical,141905,0,0,D,1,0,678464,18.99,2009,79,13.98,18.99
644,Historical,162607,0,0,D,4,1,526276,13.02,2009,89,52.17,11.93
645,Historical,177844,0,0,D,7,1,1016488,106.95,2005,42,34.81,39.94
646,Historical,60908,0,0,D,6,1,1028512,20.99,2004,52,41.82,28.94
647,Historical,54651,0,0,D,4,1,3018805,78,2002,47,63.04,8.75
648,Historical,291323,0,0,D,0,0,222564,27.95,1996,95,25.36,47.13
649,Historical,177465,0,0,D,1,0,1644828,257.95,2000,50,166.99,4.06
650,Historical,198019,0,0,D,2,1,1959665,44.4,2009,26,37.71,17.89
651,Historical,60157,0,0,D,2,1,811226,110,2004,52,71.39,9.99
652,Historical,61165,0,0,D,2,1,391890,18.94,2006,110,37.06,13.69
653,Historical,617937,1,1,D,6,1,582936,127.9,2013,27,17.67,10.98
654,Historical,50572,0,0,D,3,1,1468253,78.95,2000,42,149.89,9.51
655,Historical,534004,0,0,D,15,1,1251687,185,2009,64,83.98,18.3
656,Historical,60068,0,0,D,4,1,1244305,115.95,2000,51,128.99,39.7
657,Historical,614660,1,1,D,2,1,1227625,54.95,2004,67,43.93,12.16
658,Historical,111278,0,0,D,18,1,1331387,45.72,2009,17,127.52,8.04
659,Historical,170113,0,0,D,5,1,785098,96.95,2010,31,153.92,50.99
660,Historical,570465,0,0,D,1,0,1106936,119.95,2010,33,87.15,21.99
661,Historical,60101,0,0,D,3,1,1678901,113.95,2003,58,118.76,9.89
662,Historical,60602,0,0,D,3,1,223664,116,2003,65,183.98,20.61
663,Historical,624296,0,0,D,12,1,598504,268.95,2011,22,35,46.94
664,Historical,192109,0,0,D,1,0,459921,23.94,2002,54,56.02,27.77
665,Historical,574321,1,3,D,3,1,1493116,84.95,1991,43,50.13,38.15
666,Historical,608735,1,3,D,3,1,707814,39.99,2007,45,35.64,46.4
667,Historical,286111,0,0,D,0,0,429892,123,2004,97,33.8,19.97
668,Historical,146619,0,0,D,5,1,1321412,200,2010,14,88.98,998.41
669,Historical,52114,0,0,D,6,1,1206550,132.95,2003,98,107.24,10.95
670,Historical,534062,1,2,D,2,1,1298586,143,1993,55,188.89,26.17
671,Historical,51783,0,0,D,8,1,606702,255.95,2004,35,128.98,22.99
672,Historical,50514,0,0,D,6,1,1743218,8.49,2007,89,11.75,8.49
673,Historical,540418,1,3,D,2,1,187991,114,2012,56,61.97,76.98
674,Historical,50431,0,0,D,10,1,1691670,261.95,2003,88,162.99,12.69
675,Historical,51792,0,0,D,9,1,201539,110,2008,86,31.43,115.09
676,Historical,57279,0,0,D,1,0,789834,161.95,2002,107,42.59,10.14
677,Historical,608972,0,0,D,3,1,2130165,111.95,2002,36,48.99,13.26
678,Historical,727162,1,2,D,0,0,1633768,40,1999,39,38.99,16.98
679,Historical,618497,0,0,D,4,1,5053974,61,1998,16,33.98,12.49
680,Historical,133081,1,1,D,5,1,1544843,75.6,2009,47,33.99,7.99
681,Historical,178720,0,0,D,9,1,1960607,246.95,2010,20,130.81,124.59
682,Historical,567678,0,0,D,6,1,1266397,177.95,2009,56,128.59,8.9
683,Historical,594633,0,0,D,4,1,1178432,24.95,2010,40,47.99,8.95
684,Historical,154075,0,0,D,7,1,2862261,62.5,2000,43,6.11,21.67
685,Historical,614771,0,0,D,0,0,380210,39.99,2013,125,33.78,5.61
686,Historical,243995,0,0,D,5,1,1360250,187.95,2011,38,114.99,53.74
687,Historical,534281,1,2,D,0,0,465915,23,1992,80,33.99,42.56
688,Historical,56225,0,0,D,3,1,63702,72.95,2002,92,50.99,68.15
689,Historical,53050,0,0,D,3,1,921026,202.95,2005,53,160.26,4.46
690,Historical,51744,0,0,D,4,1,1104114,8.49,2002,154,43.03,8.49
691,Historical,51728,1,1,D,6,1,366903,14.99,2003,158,68.2,24.96
692,Historical,623896,0,0,D,9,1,1526523,128.2,2010,16,103.98,62.64
693,Historical,145889,1,1,D,9,1,2338,244.6,2010,851,135.9,48.98
694,Historical,758332,1,2,D,3,1,1434845,49.95,2002,47,29.95,7.67
695,Historical,51380,0,0,D,9,1,445236,23.99,2006,84,173.86,23.98
696,Historical,193357,1,1,D,3,1,2694784,84.95,2003,19,136.12,17.96
697,Historical,55279,0,0,D,6,1,1439135,77.95,2001,45,98.99,23.79
698,Historical,763678,0,0,D,7,1,638310,98.95,2001,68,138.9,6.99
699,Historical,110417,1,2,D,11,1,284,200,2011,337,83.99,37.99
700,Historical,880385,0,0,D,1,0,572468,50,1994,72,58.11,38.19
701,Historical,109412,0,0,D,1,0,1236172,5.45,2005,68,35.93,4.06
702,Historical,110152,0,0,D,13,1,1792055,8.98,2008,43,43.24,8.98
703,Historical,113752,0,0,D,4,1,2016157,113.33,2000,57,114.47,12.19
704,Historical,114046,0,0,D,0,0,912978,110.67,2003,41,65.07,12.76
705,Historical,117326,0,0,D,4,1,2094891,58.6,2006,48,76.31,13.89
706,Historical,130745,0,0,D,0,0,1652708,59,2000,37,73.99,28.2
707,Historical,177307,0,0,D,3,1,1897927,123.95,2000,53,24.98,9.73
708,Historical,196636,0,0,D,4,1,725938,78.95,2003,39,78.46,10.79
709,Historical,237505,0,0,D,0,0,3665898,70,1999,20,65,43.53
710,Historical,245220,0,0,D,7,1,1340389,222.95,2006,124,32.98,7.99
711,Historical,285707,0,0,D,5,1,574876,109,2009,22,116.65,37.27
712,Historical,285819,0,0,D,3,1,172219,142.67,2002,89,156.82,35.02
713,Historical,293105,0,0,D,2,1,1831819,39.95,2003,46,0,33.94
714,Historical,330184,0,0,D,3,1,9955194,206.95,2000,21,22.97,8.08
715,Historical,339796,0,0,D,2,1,1290632,18.26,2008,58,37.04,18.26
716,Historical,51523,0,0,D,3,1,2578572,152.67,2001,54,5.99,38.29
717,Historical,533988,0,0,D,2,1,1224447,217.95,2009,60,29.32,12.99
718,Historical,53834,0,0,D,7,1,1273222,67.95,2003,92,58.96,11.98
719,Historical,550166,0,0,D,9,1,1032345,223.75,2005,47,154.64,32.87
720,Historical,554049,0,0,D,5,1,337200,67.2,1998,50,38.79,43.32
721,Historical,56681,0,0,D,3,1,1956056,274.95,2000,82,83.98,28.81
722,Historical,57238,0,0,D,3,1,2269456,19.95,2002,52,52.93,17.95
723,Historical,572397,0,0,D,4,1,3491366,0,2008,38,83.99,0
724,Historical,579478,0,0,D,10,1,2171807,0,2004,88,100.86,130.99
725,Historical,60088,0,0,D,3,1,1615855,108.95,2001,53,113.99,6.99
726,Historical,61016,0,0,D,3,1,1235603,17.98,2000,58,82.92,12.99
727,Historical,61138,0,0,D,4,1,1033660,82.2,2004,56,82.96,11.48
728,Historical,621010,0,0,D,0,0,742439,59,2013,63,41.22,23.62
729,Historical,743246,0,0,D,9,1,2352183,64.95,2000,42,80.03,21.11
730,Historical,119357,0,0,D,5,1,1690065,193,2011,31,4.78,12.92
731,Historical,148651,0,0,D,1,0,1262466,209.95,2010,31,237.94,125.94
732,Historical,177262,0,0,D,4,1,3409582,88.95,1999,25,116.89,12.2
733,Historical,178944,0,0,D,1,0,1490957,95.95,2010,50,4.85,17.98
734,Historical,184044,0,0,D,1,0,2830607,198.95,2005,30,63.99,4.49
735,Historical,222333,0,0,D,5,1,3000786,40,2003,24,37.45,31.97
736,Historical,246279,0,0,D,0,0,4011746,46.95,2003,16,15.98,47.47
737,Historical,264881,0,0,D,1,0,2729196,69.95,2002,18,28.28,63.99
738,Historical,423090,0,0,D,4,1,5888937,54.2,1997,23,24.53,6.49
739,Historical,435965,0,0,D,15,1,1851103,273.95,2007,30,5.09,53.16
740,Historical,51252,0,0,D,5,1,1252880,96,2004,64,50.65,30.73
741,Historical,537905,0,0,D,4,1,2294232,173.33,2005,41,131.63,12.98
742,Historical,538003,0,0,D,1,0,4509260,42.5,1997,15,40.86,68.69
743,Historical,538014,0,0,D,3,1,774699,207.95,2008,40,0,67.74
744,Historical,56085,0,0,D,3,1,1509698,10.94,2003,59,109.34,19.26
745,Historical,56336,0,0,D,8,1,1462702,39.95,2004,43,35.94,13.79
746,Historical,57686,0,0,D,9,1,1357262,52.95,2009,32,18.22,23.94
747,Historical,60008,0,0,D,3,1,1252848,278.95,2001,26,125.44,9.98
748,Historical,60719,0,0,D,1,0,2751339,114,2001,21,48.99,18.08
749,Historical,631594,0,0,D,17,1,365772,59.95,2010,32,57.4,53.27
750,Historical,788170,0,0,D,2,1,4562220,251.95,2001,21,11.64,33.98
751,Historical,107636,0,0,D,4,1,79422,111.74,2002,33,38.89,79.5
752,Historical,105610,0,0,D,2,1,2730101,47.95,2000,25,19.69,13.94
753,Historical,108132,0,0,D,11,1,348780,172,2007,39,93.27,33.99
754,Historical,108456,0,0,D,9,1,364413,157.19,2004,23,0,0
755,Historical,614352,0,0,D,5,1,1061538,189.6,2009,39,147.57,44.88
756,Historical,109758,0,0,D,7,1,252358,52.63,2006,31,115.99,45.13
757,Historical,110988,0,0,D,10,1,1257251,49.98,2008,29,108.85,39.97
758,Historical,417095,0,0,D,9,1,1324915,0,2008,33,148.45,31.99
759,Historical,550990,0,0,D,2,1,1460502,145.72,2011,14,58.99,146.1
760,Historical,111594,0,0,D,3,1,855300,302,2011,25,94.02,98.99
761,Historical,416505,0,0,D,1,0,150219,19.89,2007,42,72.36,29.77
762,Historical,533761,0,0,D,13,1,168778,112.99,2009,56,122.28,73.73
763,Historical,537903,0,0,D,4,1,1092587,90.6,2004,20,50.63,13.99
764,Historical,119241,0,0,D,1,0,821684,116.73,2011,46,73.38,51.74
765,Historical,314967,0,0,D,6,1,1326859,162.47,2011,19,102.72,38.99
766,Historical,54618,0,0,D,5,1,1829543,118.6,2006,78,139.04,6
767,Historical,115979,0,0,D,0,0,1854930,124.95,2003,22,57.13,83.98
768,Historical,145685,0,0,D,1,0,707646,54.99,2007,183,37.98,7.53
769,Historical,145730,0,0,D,12,1,380523,237,2007,48,240.86,98.98
770,Historical,625217,0,0,D,7,1,1487361,231.67,2011,25,43.98,58.74
771,Historical,533340,0,0,D,6,1,1159153,155.6,2012,21,74.98,19.03
772,Historical,117394,0,0,D,3,1,214501,151,1995,28,95.84,53.63
773,Historical,537910,0,0,D,1,0,675130,89.5,2001,33,105.29,30.51
774,Historical,127262,0,0,D,1,0,3415870,47.95,2003,25,31.65,16.43
775,Historical,132594,0,0,D,2,1,1922593,70.67,2008,28,8.48,11.75
776,Historical,145434,0,0,D,5,1,1007501,115.2,2006,37,65.91,12.99
777,Historical,51994,0,0,D,3,1,552649,55,2007,43,20.96,49.21
778,Historical,115510,0,0,D,5,1,368030,94,2002,35,118.87,23.98
779,Historical,135554,0,0,D,5,1,1726109,38.95,2001,78,43.74,8.98
780,Historical,284447,0,0,D,7,1,5583274,75,1995,24,49.09,13.79
781,Historical,742819,0,0,D,4,1,2536182,169.33,2010,20,67.72,118.82
782,Historical,147006,0,0,D,6,1,1535879,71.95,2002,41,65.22,21.24
783,Historical,153824,0,0,D,6,1,3314670,6.14,2000,51,24.92,4.58
784,Historical,60923,0,0,D,4,1,5753541,9.4,1999,26,35.88,12.99
785,Historical,183766,0,0,D,12,1,1663682,145.95,2008,35,15.74,43.93
786,Historical,169663,0,0,D,8,1,574167,195.95,2007,22,144.37,38.98
787,Historical,817477,0,0,D,0,0,809270,15.95,1990,35,44.2,8.99
788,Historical,60810,0,0,D,6,1,2706914,174.95,2005,29,68.66,5.25
789,Historical,50396,0,0,D,10,1,3029329,228.95,2002,56,196.98,8.6
790,Historical,608344,0,0,D,2,1,1157642,59.95,2001,49,54.91,7.69
791,Historical,613407,0,0,D,1,0,726445,0,1979,124,38.23,47.75
792,Historical,162936,0,0,D,7,1,1007751,119.75,2009,33,105.05,109.33
793,Historical,810213,0,0,D,4,1,490304,193.95,2010,24,141.48,173.92
794,Historical,450904,0,0,D,6,1,6329577,0,2007,16,22.99,68.29
795,Historical,110208,0,0,D,5,1,2835396,164.5,2007,35,107.54,5.01
796,Historical,105542,0,0,D,10,1,732050,0,2010,19,73.98,36.13
797,Historical,642108,0,0,D,6,1,351661,28.71,2012,20,121.56,84.32
798,Historical,250129,0,0,D,1,0,1144281,210.95,2007,59,0,46.31
799,Historical,50867,0,0,D,6,1,1907316,357.95,2009,53,109.64,9.74
800,Historical,530916,0,0,D,8,1,3480606,294.95,2008,20,96.73,12.7
801,Historical,170084,0,0,D,10,1,73310,83.95,2011,56,38.17,57.59
802,Historical,50032,0,0,D,4,1,3211251,64,2001,53,86.8,17.06
803,Historical,577424,0,0,D,2,1,2714121,132,2009,23,62.98,73.19
804,Historical,57128,0,0,D,4,1,3375419,46.95,2004,89,40.81,9.28
805,Historical,521116,0,0,D,4,1,11072219,0,2006,2,75.98,118.29
806,Historical,141645,0,0,D,5,1,660219,41.33,2004,70,23.72,17.46
807,Historical,279167,0,0,D,2,1,916323,52.95,2006,34,47.47,43.99
808,Historical,56479,0,0,D,2,1,2469013,34.95,2000,45,43.97,23.96
809,Historical,636463,0,0,D,6,1,2830799,119,1999,16,33.99,38.98
810,Historical,609144,0,0,D,2,1,2570657,48.95,2001,40,70.66,48.94
811,Historical,505045,0,0,D,0,0,514434,207,2010,28,22.98,7.39
812,Historical,118448,0,0,D,5,1,1756959,59.4,2007,36,46.5,12.99
813,Historical,120946,0,0,D,5,1,1188167,146.67,2008,34,96.81,44.11
814,Historical,203687,0,0,D,2,1,3138619,64.95,2003,25,6.42,7.86
815,Historical,389264,0,0,D,4,1,423448,128.95,2009,38,92.57,23.97
816,Historical,456448,0,0,D,16,1,26326,127.95,2003,35,30.98,17.73
817,Historical,488997,0,0,D,6,1,866522,15.95,2011,27,20.94,25.46
818,Historical,50276,0,0,D,3,1,2150963,9.42,2003,51,188.99,13.34
819,Historical,57289,0,0,D,3,1,1448295,104,2002,53,82.89,6.68
820,Historical,60548,0,0,D,4,1,741868,152.95,2005,31,43.57,62.43
821,Historical,698887,0,0,D,7,1,2031703,38.98,2008,33,138.38,34
822,Historical,741387,0,0,D,2,1,2530467,77,2007,41,100.86,13.94
823,Historical,261360,0,0,D,2,1,755108,34,2002,41,29.24,10.93
824,Historical,291498,0,0,D,6,1,1414285,85.95,2002,114,88.76,6.99
825,Historical,293129,0,0,D,3,1,2702794,185,1998,22,125.98,14.69
826,Historical,609400,0,0,D,4,1,1602768,155.95,2000,32,101.46,13.99
827,Historical,104962,0,0,D,3,1,6004887,75,1998,20,41.68,24.74
828,Historical,111672,0,0,D,8,1,1964841,45.98,2011,22,63.99,7.69
829,Historical,112767,0,0,D,5,1,872774,104.95,2000,25,46.17,52.57
830,Historical,58187,0,0,D,4,1,1213890,158.4,2010,29,78.48,57.63
831,Historical,286007,0,0,D,4,1,1314324,172.53,2010,22,95.73,23.31
832,Historical,554060,0,0,D,7,1,1408201,147.53,2009,13,53.98,147.53
833,Historical,54206,0,0,D,4,1,1646168,107.6,2004,47,73.41,10.48
834,Historical,537346,0,0,D,2,1,80816,306.33,2011,101,147.94,147.98
835,Historical,50895,0,0,D,2,1,1371743,120,2002,56,133.99,4.75
836,Historical,527869,0,0,D,5,1,1772807,117.33,2010,11,34.74,47.99
837,Historical,144808,0,0,D,4,1,3627545,93.6,2004,34,73.99,13.77
838,Historical,137542,0,0,D,4,1,1607074,162.67,2011,26,8.59,28.9
839,Historical,145971,0,0,D,3,1,1438915,190.67,2009,22,40.17,143.97
840,Historical,121687,0,0,D,3,1,820452,80.67,1997,29,4.23,10.98
841,Historical,140902,0,0,D,1,0,1359134,58.95,1997,18,113.21,16.95
842,Historical,155161,0,0,D,0,0,1324161,205.35,1997,108,16.98,28.8
843,Historical,866410,0,0,D,1,0,2282285,92.95,1990,22,92.56,43.95
844,Historical,232841,0,0,D,3,1,1813957,40.95,2002,28,31.45,11.8
845,Historical,456704,0,0,D,2,1,933902,155.95,2011,40,29.72,49.83
846,Historical,528985,0,0,D,9,1,632516,0,2010,28,159.94,592.93
847,Historical,284518,0,0,D,4,1,1787675,337.95,1999,42,41.33,13.99
848,Historical,56047,0,0,D,6,1,1746309,231.95,2011,27,129.31,73.25
849,Historical,193460,0,0,D,5,1,3731285,119,2005,27,42.84,14.98
850,Historical,534653,0,0,D,0,0,903996,89.95,2012,48,5.38,14.04
851,Historical,159433,0,0,D,2,1,2509449,59.95,2000,42,59.42,19.5
852,Historical,54891,0,0,D,5,1,1416979,12.98,2005,46,43.99,12.96
853,Historical,54426,0,0,D,4,1,479025,55.99,2009,53,518.65,44.99
854,Historical,109929,0,0,D,3,1,1256007,84.57,2007,87,33.27,63.63
855,Historical,52952,0,0,D,2,1,1859972,117.6,2010,33,116.8,47.71
856,Historical,53092,0,0,D,3,1,356114,16.99,2004,66,4.22,16.99
857,Historical,60252,0,0,D,3,1,781642,369.95,2005,50,127.4,14.29
858,Historical,60525,0,0,D,6,1,1845609,248.95,2002,105,192.31,5.74
859,Historical,112172,0,0,D,2,1,2513853,0,2002,20,133.31,40.99
860,Historical,417280,0,0,D,20,1,1126561,270.25,2010,12,185.99,43.92
861,Historical,402579,0,0,D,5,1,1209105,0,2009,29,103.99,59.08
862,Historical,305662,0,0,D,5,1,2838026,25.61,2009,25,103.99,19.99
863,Historical,433391,0,0,D,10,1,247984,190,2009,36,6.97,63.58
864,Historical,120737,0,0,D,11,1,2567281,197.8,2008,10,111.03,0
865,Historical,133286,0,0,D,4,1,1820460,89,2010,14,84.94,18.98
866,Historical,627884,0,0,D,8,1,1242237,98.33,2012,19,63.97,32.72
867,Historical,56995,0,0,D,4,1,378478,64.95,2000,125,34.99,24.15
868,Historical,52162,0,0,D,8,1,578891,307.95,2007,40,83.64,73.85
869,Historical,290936,0,0,D,11,1,2042113,118.95,2008,20,103.99,48.67
870,Historical,51703,0,0,D,12,1,567337,79.95,2008,39,35.89,29.39
871,Historical,169518,0,0,D,8,1,2907487,81.95,2007,39,8.08,5.51
872,Historical,358304,0,0,D,3,1,2202367,43.95,2000,60,31.99,5.82
873,Historical,55382,0,0,D,3,1,1608480,85,2001,62,137.41,31.92
874,Historical,58418,0,0,D,3,1,817892,17.93,2002,46,131.48,18.99
875,Historical,111210,0,0,D,20,1,969229,13.89,2010,78,6.24,13.89
876,Historical,60551,0,0,D,6,1,2158264,274.95,2001,43,88.98,9.54
877,Historical,417312,0,0,D,2,1,1270531,91.36,2012,25,56.05,82.07
878,Historical,60262,0,0,D,4,1,2648160,25.99,1999,37,80.65,38.99
879,Historical,55454,0,0,D,2,1,1362713,104.4,2004,40,65.33,12.39
880,Historical,560324,0,0,D,10,1,1444339,177,2006,52,525.13,35.25
881,Historical,51791,0,0,D,8,1,491919,103,2006,96,31.43,20.94
882,Historical,55123,0,0,D,5,1,837826,329.95,2003,74,152.74,11.61
883,Historical,60272,0,0,D,6,1,1413051,146.67,2002,24,142.04,16.65
884,Historical,169250,0,0,D,10,1,256703,338.95,2006,33,73.98,52.11
885,Historical,190750,0,0,D,1,0,2837985,44.95,1995,26,34.24,41.55
886,Historical,339957,0,0,D,7,1,1170291,8.12,2009,19,41.97,10.27
887,Historical,570766,0,0,D,5,1,871349,122.95,2008,50,10.57,42.68
888,Historical,108809,0,0,D,7,1,142672,136.34,2005,64,137.76,93.99
889,Historical,55806,0,0,D,4,1,1266168,64.95,2007,90,39.99,5.16
890,Historical,56872,0,0,D,2,1,2511871,51.95,2002,41,36.89,13.99
891,Historical,254167,0,0,D,12,1,1110217,246.95,2010,27,109.94,91.2
892,Historical,244408,0,0,D,12,1,425914,299.95,2011,47,172.09,63.94
893,Historical,50347,0,0,D,12,1,282164,18.96,2009,163,6.39,17.94
894,Historical,54011,0,0,D,10,1,1522199,118.2,2001,48,4.77,13.52
895,Historical,534354,0,0,D,5,1,392583,31.99,2004,37,41.99,27.01
896,Historical,169886,0,0,D,13,1,730377,271.95,2008,28,92.99,63.89
897,Historical,111212,0,0,D,20,1,1108343,15.99,2010,84,14.96,15.47
898,Historical,176501,0,0,D,3,1,282631,173.95,1997,57,123.69,56.19
899,Historical,60863,0,0,D,2,1,1042712,135.95,2006,52,29.32,60.94
900,Historical,561564,0,0,D,6,1,1059050,141.07,2012,32,109.02,241.87
901,Historical,50805,0,0,D,10,1,2450511,287.95,2004,42,86.72,14.99
902,Historical,53349,0,0,D,7,1,1057335,88.95,2004,196,38.98,5.88
903,Historical,51372,0,0,D,6,1,854230,108.95,2001,61,146.74,13.83
904,Historical,110146,0,0,D,4,1,506286,41.6,2009,66,128.98,64.91
905,Historical,112075,0,0,D,7,1,1654874,41.25,2009,31,33.84,37.57
906,Historical,113307,0,0,D,5,1,5224546,74.95,2001,14,90.67,23.97
907,Historical,113811,0,0,D,1,0,417683,125,2001,14,53.88,28.98
908,Historical,114218,0,0,D,8,1,3845749,128,2002,26,139.13,23.98
909,Historical,115390,0,0,D,4,1,2577959,105,2002,34,82.98,13.97
910,Historical,121701,0,0,D,9,1,1412817,103,2000,54,19.93,15.99
911,Historical,125828,0,0,D,1,0,1424255,112.95,1997,28,42.25,43.42
912,Historical,126146,0,0,D,2,1,1630395,53.95,2000,74,40.12,20.84
913,Historical,127258,0,0,D,4,1,2483225,44.95,2003,28,48.94,63.33
914,Historical,129715,0,0,D,0,0,3118639,91,1998,41,113.99,38.22
915,Historical,131495,0,0,D,2,1,2477074,113.33,2002,25,53.09,18.94
916,Historical,132348,0,0,D,4,1,1480254,140.2,2007,37,5.58,34.77
917,Historical,139686,0,0,D,0,0,3039286,299,2003,15,73.99,64.83
918,Historical,1444437,0,0,D,4,1,1493907,47.95,2010,12,47.09,28.95
919,Historical,144950,0,0,D,1,0,1649452,122.8,2006,41,28.06,23.84
920,Historical,146899,0,0,D,3,1,1512940,195,2001,30,128.79,73.97
921,Historical,1475021,0,0,D,3,1,6464202,50,2011,23,49.48,59.54
922,Historical,1533545,0,0,D,1,0,2905254,89.95,2006,19,71.65,28.87
923,Historical,1533967,0,0,D,2,1,4284130,79.95,2007,20,90.25,34.72
924,Historical,1547810,0,0,D,2,1,4919278,64.95,2010,15,38.98,64.95
925,Historical,155475,0,0,D,0,0,1490255,39.95,2007,52,23.41,12.27
926,Historical,155480,0,0,D,2,1,1154730,110,1997,20,103.79,72.31
927,Historical,1592460,0,0,D,0,0,4330603,155,2009,19,78.69,78
928,Historical,1594829,0,0,D,1,0,4012439,144.99,2008,14,70.49,71.69
929,Historical,160823,0,0,D,35,1,1836,26,1999,317,36.53,16.04
930,Historical,163003,0,0,D,1,0,2349436,51.89,2009,19,17.24,13.98
931,Historical,163792,0,0,D,4,1,2219663,29.19,1998,34,91.04,23.22
932,Historical,164477,0,0,D,6,1,777041,24.84,2002,31,42.28,25.08
933,Historical,164901,0,0,D,4,1,1686183,49.35,2000,40,111.98,38.58
934,Historical,165325,0,0,D,2,1,2117931,124.5,2001,23,48.35,62.03
935,Historical,1658522,0,0,D,6,1,3989364,56.01,2011,16,8.98,81.02
936,Historical,1658660,0,0,D,1,0,3464396,49,2011,14,86.52,71.44
937,Historical,166590,0,0,D,5,1,2277934,15.88,2004,24,28.99,9.98
938,Historical,166805,0,0,D,3,1,2192028,5.99,2005,48,52.17,5.99
939,Historical,167036,0,0,D,3,1,4037567,74.6,2005,14,137.41,62.67
940,Historical,169842,0,0,D,6,1,1073115,274.95,2009,32,32.98,23.99
941,Historical,1730498,0,0,D,11,1,3728839,73,2007,11,42.22,8.26
942,Historical,182444,0,0,D,7,1,535038,34.93,2000,43,83.2,46.02
943,Historical,1879654,0,0,D,1,0,2137882,122.95,2009,30,4.68,29.03
944,Historical,192245,0,0,D,0,0,2136230,26.95,2001,24,50.64,22.99
945,Historical,1926967,0,0,D,3,1,3467855,51.95,2010,14,51.19,35.4
946,Historical,192748,0,0,D,2,1,1979916,67.95,1999,22,71.72,18.99
947,Historical,1957112,0,0,D,1,0,1471792,54.6,2013,15,499.99,124.8
948,Historical,197939,0,0,D,2,1,2669500,84.76,2008,26,31.39,47.79
949,Historical,199251,0,0,D,0,0,3335075,58,2006,22,39.78,5.88
950,Historical,199893,0,0,D,2,1,1472044,0,2004,46,38.58,26.16
951,Historical,200244,0,0,D,5,1,721363,219.95,2007,45,38.98,19.99
952,Historical,203643,0,0,D,8,1,3887417,57.95,2004,45,21.46,5.83
953,Historical,204814,0,0,D,1,0,696634,65,1997,63,18.99,6.99
954,Historical,205704,0,0,D,1,0,1596742,50,2000,33,43.42,6.96
955,Historical,210851,0,0,D,3,1,1433825,62.95,2001,53,68.54,4.43
956,Historical,210865,0,0,D,2,1,2566005,29.95,2001,26,25.12,5.01
957,Historical,218991,0,0,D,0,0,6178735,35,1997,15,44.99,36
958,Historical,2247815,0,0,D,3,1,1902122,38.93,2006,56,46.61,30.74
959,Historical,225677,0,0,D,1,0,2554728,84.95,2001,17,46.42,45.24
960,Historical,225734,0,0,D,1,0,1607945,79.95,2001,14,71.93,63.67
961,Historical,2259592,0,0,D,7,1,2999504,93.49,2011,38,15.93,81
962,Historical,2261370,0,0,D,2,1,4317718,92.44,2009,38,73.42,85.15
963,Historical,226233,0,0,D,2,1,122395,24.99,1996,106,18.96,14.97
964,Historical,226729,0,0,D,3,1,5231406,46,2006,19,40.31,27.9
965,Historical,228772,0,0,D,12,1,5598493,64.95,2002,20,168.69,12
966,Historical,2331842,0,0,D,3,1,3595149,60,1996,15,76.22,26.6
967,Historical,2332129,0,0,D,13,1,3610179,79.5,1991,43,60.67,22.82
968,Historical,2332821,0,0,D,2,1,2733699,77.4,1990,21,103.99,66.93
969,Historical,2337041,0,0,D,2,1,467442,99.5,1996,26,76.46,41.97
970,Historical,2339966,0,0,D,5,1,722715,84.95,1993,36,8.44,13.96
971,Historical,2352325,0,0,D,5,1,4709031,90.25,2001,24,153.09,13.98
972,Historical,2357841,0,0,D,8,1,2155822,133.5,1996,31,148.07,46.44
973,Historical,2371869,0,0,D,9,1,5263141,90,1998,38,4.77,13.99
974,Historical,2376475,0,0,D,0,0,1925555,80,1990,28,138.99,73.75
975,Historical,2379121,0,0,D,3,1,12819257,47.22,1991,11,4,13.99
976,Historical,2379125,0,0,D,8,1,5571445,52,1994,19,5.94,44.55
977,Historical,2385812,0,0,D,2,1,3180647,46,1993,40,88.99,12.94
978,Historical,2407026,0,0,D,5,1,2305500,72,1993,20,75.33,18.98
979,Historical,2423280,0,0,D,1,0,3476023,116.7,1977,45,15.75,47.47
980,Historical,2435141,0,0,D,2,1,705679,39.95,1995,22,53.84,47.47
981,Historical,2472283,0,0,D,3,1,2468366,105.95,1996,30,98.99,41.31
982,Historical,2472503,0,0,D,2,1,3650241,25,1999,16,36.98,28.68
983,Historical,249052,0,0,D,1,0,4887150,69.95,2007,13,53.93,16.57
984,Historical,251089,0,0,D,5,1,2020603,160.95,2007,41,48.99,7.94
985,Historical,251145,0,0,D,1,0,2350669,70.95,2007,21,28.98,28.48
986,Historical,2528009,0,0,D,0,0,4821868,59.95,1996,31,15.43,13.99
987,Historical,2542334,0,0,D,0,0,4328729,42.95,2004,16,42.3,29.73
988,Historical,2545639,0,0,D,11,1,5938133,105,2003,17,53.99,49.57
989,Historical,2551227,0,0,D,4,1,4289382,325,2001,17,203.49,107.49
990,Historical,2563742,0,0,D,2,1,6258146,115,1998,10,48.98,120.76
991,Historical,256772,0,0,D,2,1,3588213,89.95,2000,20,32.59,52.49
992,Historical,2570629,0,0,D,1,0,8093532,112,1996,23,67.4,19.99
993,Historical,2573545,0,0,D,5,1,2866953,138.1,1991,44,123.99,47.01
994,Historical,2618883,0,0,D,2,1,9937998,49.95,1994,22,76.23,18.98
995,Historical,2626162,0,0,D,6,1,3943846,61.95,1990,21,34.98,51.74
996,Historical,264193,0,0,D,1,0,2114599,35.95,2000,38,19,5.99
997,Historical,2654451,0,0,D,4,1,12476078,49.16,1995,13,52.47,7.99
998,Historical,2663202,0,0,D,2,1,2682358,139,1996,29,178.99,65.08
999,Historical,266328,0,0,D,6,1,677029,79.95,2005,21,53.99,61.98
1000,Historical,2663871,0,0,D,4,1,4213490,105,1995,15,105.62,92.64
1001,Historical,2664395,0,0,D,2,1,2942095,179,1999,24,145.46,43.03
1002,Historical,2672256,0,0,D,2,1,6641657,86.95,2005,24,49.81,33.99
1003,Historical,2680211,0,0,D,2,1,5948696,215,1993,16,183.94,60.83
1004,Historical,2699143,0,0,D,2,1,3171773,110,2003,28,23.79,23.98
1005,Historical,276651,0,0,D,2,1,2031232,45,2008,32,14.74,10.98
1006,Historical,2823674,0,0,D,4,1,3057147,114,1997,16,58.94,124.87
1007,Historical,284520,0,0,D,6,1,2242020,246.95,1999,64,75.47,6.23
1008,Historical,285270,0,0,D,2,1,1873571,54.38,2004,28,33.27,54.25
1009,Historical,2853586,0,0,D,0,0,4898175,59.95,1998,25,51.08,72.33
1010,Historical,285508,0,0,D,20,1,1017762,65.54,2010,32,14.96,68.99
1011,Historical,285690,0,0,D,1,0,1369620,72.95,1977,33,51.08,33.89
1012,Historical,291284,0,0,D,2,1,2241490,197.99,2000,20,188.73,50.59
1013,Historical,291593,0,0,D,6,1,1302793,115.95,2003,45,181.22,7.31
1014,Historical,292313,0,0,D,1,0,3438601,38.95,2002,21,42.63,42.57
1015,Historical,292903,0,0,D,12,1,1064503,61.87,1998,30,103.94,29.44
1016,Historical,294137,0,0,D,3,1,2785003,74.95,2003,32,5.93,10.94
1017,Historical,298368,0,0,D,6,1,1807179,75.95,2007,73,15.35,4.99
1018,Historical,3083809,0,0,D,2,1,3452203,179,2005,14,95.54,62.02
1019,Historical,309074,0,0,D,11,1,1486910,20.67,2008,37,128.98,29.99
1020,Historical,3138950,0,0,D,0,0,855482,44.95,2004,27,40,71.28
1021,Historical,336248,0,0,D,0,0,6811567,59.95,2001,14,58.71,54.39
1022,Historical,344174,0,0,D,3,1,2282442,170,2005,17,64,33.96
1023,Historical,346079,0,0,D,3,1,1307424,226.95,2006,66,29.32,33.37
1024,Historical,348698,0,0,D,1,0,814464,75.95,2003,40,16.07,7.98
1025,Historical,391121,0,0,D,0,0,3759570,54.95,1997,19,44.96,104.09
1026,Historical,422306,0,0,D,10,1,4029775,0,2009,34,55.81,49.44
1027,Historical,468669,0,0,D,2,1,1225956,90,2008,32,64.55,42.24
1028,Historical,468675,0,0,D,0,0,3459120,46,2008,17,103.44,5.57
1029,Historical,51125,0,0,D,6,1,4501308,235.95,2000,35,74.88,7.99
1030,Historical,526180,0,0,D,8,1,3190757,22.95,2005,21,37.14,22.52
1031,Historical,529411,0,0,D,1,0,1891503,70.95,2010,25,28.98,44.12
1032,Historical,529496,0,0,D,7,1,1461220,99,2011,30,21.54,33.99
1033,Historical,532969,0,0,D,3,1,1746220,33.4,2008,41,9.98,24.95
1034,Historical,533051,0,0,D,17,1,2904607,120.95,2008,26,31.72,13.84
1035,Historical,534031,0,0,D,4,1,2249471,91.95,1990,41,20.97,6.98
1036,Historical,53841,0,0,D,11,1,2750542,97.95,2008,34,111.68,6.95
1037,Historical,54655,0,0,D,5,1,1788922,206.75,2008,40,24.07,42.99
1038,Historical,547873,0,0,D,5,1,2830475,151,1998,34,113.98,12.93
1039,Historical,554718,0,0,D,6,1,2618479,87.95,2000,22,78.5,68.61
1040,Historical,55499,0,0,D,4,1,3575312,39,2004,55,12.68,9.99
1041,Historical,563189,0,0,D,2,1,6420371,69.95,1997,28,45.04,13.86
1042,Historical,567636,0,0,D,7,1,1724781,197.95,2008,46,76.12,38.99
1043,Historical,567777,0,0,D,2,1,691284,150.95,2011,70,46.99,43.92
1044,Historical,577325,0,0,D,3,1,653759,52.95,2004,143,47.88,13.99
1045,Historical,579088,0,0,D,2,1,1654415,32.95,1994,59,41.14,20.96
1046,Historical,57930,0,0,D,1,0,4304808,44.95,1999,36,54.18,8.84
1047,Historical,581694,0,0,D,4,1,2390197,37,2007,21,35.67,19.99
1048,Historical,587491,0,0,D,7,1,2243807,0,2010,29,141.82,39.98
1049,Historical,600113,0,0,D,7,1,2808721,175,2006,22,25.97,21.99
1050,Historical,60295,0,0,D,9,1,5023094,113.95,2000,36,17.78,21.98
1051,Historical,606742,0,0,D,4,1,1643256,65,2000,33,46.33,13.49
1052,Historical,60675,0,0,D,7,1,798328,97.6,2005,48,43.78,12.98
1053,Historical,607265,0,0,D,9,1,1830331,142.2,2003,45,123.98,8.97
1054,Historical,607435,0,0,D,5,1,4777882,55.6,1995,28,13.51,23.94
1055,Historical,607521,0,0,D,2,1,1921035,125,1998,53,5.99,18.42
1056,Historical,608178,0,0,D,6,1,1769293,79,1998,28,49.85,78.19
1057,Historical,608338,0,0,D,7,1,913233,20.99,2000,26,163.98,20.99
1058,Historical,608372,0,0,D,3,1,608219,167.36,1989,34,51.99,48.99
1059,Historical,608552,0,0,D,2,1,1147269,38.95,1997,25,81.57,10.75
1060,Historical,609111,0,0,D,5,1,3899280,152.95,2001,19,25.54,31.94
1061,Historical,61050,0,0,D,1,0,1904818,245.95,2005,28,7.13,11.98
1062,Historical,614577,0,0,D,13,1,262058,35,1988,76,23.98,16.84
1063,Historical,614643,0,0,D,3,1,270501,103,2004,71,44.83,10.99
1064,Historical,614939,0,0,D,11,1,1848639,185,2009,27,14.03,33.98
1065,Historical,617531,0,0,D,5,1,1166496,88,1996,26,165.41,13.88
1066,Historical,620006,0,0,D,2,1,569767,110,1999,38,162.16,26.99
1067,Historical,621184,0,0,D,9,1,881992,120,2001,31,60.87,42.97
1068,Historical,622474,0,0,D,4,1,2033483,105,1987,19,128.97,73.94
1069,Historical,622958,0,0,D,0,0,147465,39.99,2014,167,33.78,15.99
1070,Historical,624674,0,0,D,0,0,751934,51.6,2012,78,40.33,16.23
1071,Historical,624793,0,0,D,4,1,5956546,100,1995,24,26.99,15.49
1072,Historical,627011,0,0,D,1,0,1169326,39.99,2008,41,8.49,24.11
1073,Historical,631092,0,0,D,3,1,2107416,225,2002,16,68.98,120.53
1074,Historical,632510,0,0,D,2,1,4948381,37.56,1990,18,38.49,71.65
1075,Historical,648522,0,0,D,1,0,655450,49.95,2007,24,35.98,36.07
1076,Historical,650953,0,0,D,5,1,978729,65.67,2011,48,61.82,44.21
1077,Historical,650956,0,0,D,3,1,1713236,66.57,2009,31,126.94,63.27
1078,Historical,652937,0,0,D,4,1,2899907,59,1996,13,35.08,63
1079,Historical,653924,0,0,D,0,0,993266,139.95,1992,24,82.12,48.27
1080,Historical,654089,0,0,D,3,1,3349090,31.95,2007,25,35.67,64.4
1081,Historical,659971,0,0,D,2,1,679401,96,2010,8,48.56,47.07
1082,Historical,660386,0,0,D,1,0,3589992,111,2008,13,104.28,48.84
1083,Historical,665777,0,0,D,10,1,2976760,65,2010,27,61.68,48.88
1084,Historical,668027,0,0,D,1,0,4700176,125.95,2004,16,120.99,96.67
1085,Historical,687039,0,0,D,5,1,5398447,20,2003,16,28.94,66.41
1086,Historical,692352,0,0,D,2,1,3071966,169.95,2001,37,96.42,45.71
1087,Historical,693981,0,0,D,1,0,1839378,40.35,2001,63,12.26,4
1088,Historical,696489,0,0,D,3,1,3221336,125,1999,17,111.28,88.84
1089,Historical,697559,0,0,D,3,1,4594369,52.46,2007,15,143.94,49.92
1090,Historical,697611,0,0,D,0,0,3462143,36.25,1997,21,19.64,13.76
1091,Historical,704946,0,0,D,4,1,1914255,24.38,2004,68,57.33,14.99
1092,Historical,710359,0,0,D,4,1,583339,36,2000,18,13.9,15.65
1093,Historical,710654,0,0,D,5,1,2313488,120,2000,21,4.96,14.97
1094,Historical,711350,0,0,D,5,1,1644401,136.6,2001,21,57.42,69.95
1095,Historical,712203,0,0,D,2,1,6779567,0,2004,24,78.59,28.99
1096,Historical,726772,0,0,D,2,1,5547707,83,1998,26,78.11,46.25
1097,Historical,737505,0,0,D,3,1,2302955,144,2006,20,102.44,136.35
1098,Historical,743184,0,0,D,2,1,3712473,99,2001,25,61.06,12.99
1099,Historical,757339,0,0,D,8,1,8359933,23.87,1998,28,132.99,8.99
1100,Historical,757400,0,0,D,1,0,1628324,29.95,1997,26,38.63,13.98
1101,Historical,757825,0,0,D,1,0,3056391,100.95,2002,18,61.78,35.87
1102,Historical,758198,0,0,D,0,0,2594071,49.95,1999,24,50.43,28.98
1103,Historical,760395,0,0,D,3,1,9125648,70.95,2003,16,42.37,44.98
1104,Historical,763571,0,0,D,1,0,5013101,66.95,1997,24,97.29,48.01
1105,Historical,765000,0,0,D,5,1,3851616,92.95,1998,26,8.37,52.49
1106,Historical,765029,0,0,D,1,0,2494873,89.95,2001,49,77.24,18.99
1107,Historical,765321,0,0,D,4,1,4135992,144.95,2002,30,37,7.97
1108,Historical,767600,0,0,D,5,1,1149102,92.95,2009,25,79.59,22.59
1109,Historical,774577,0,0,D,0,0,1299125,53.95,1997,40,53.94,44.45
1110,Historical,788657,0,0,D,4,1,1189536,66.95,1999,48,53.75,12.34
1111,Historical,789199,0,0,D,5,1,2301899,66.95,2002,42,70.98,32.43
1112,Historical,789207,0,0,D,6,1,2661908,35.95,2002,37,25.15,25.96
1113,Historical,794000,0,0,D,0,0,817972,66.95,2004,25,46.43,17.74
1114,Historical,797727,0,0,D,4,1,1539259,58.95,2005,24,43.83,23.93
1115,Historical,830349,0,0,D,2,1,2966387,59.95,1997,24,71.14,39.94
1116,Historical,832478,0,0,D,4,1,4494525,85.95,2000,32,84.74,22.98
1117,Historical,850997,0,0,D,1,0,1441590,63.56,2000,19,8.96,29.83
1118,Historical,852578,0,0,D,4,1,198337,16.78,2001,55,63.72,19.65
1119,Historical,859760,0,0,D,3,1,1940526,84.75,2008,45,4,41.45
1120,Historical,862590,0,0,D,2,1,3957251,36.5,1995,33,6.92,21.89
1121,Historical,867878,0,0,D,2,1,739874,16.99,2007,35,28.97,33.94
1122,Historical,868288,0,0,D,6,1,2849941,74.23,1988,25,20.51,46.96
1123,Historical,868375,0,0,D,9,1,2602594,68.95,1992,21,31.52,53.98
1124,Historical,870037,0,0,D,2,1,3088423,220,2000,24,141.05,70.31
1125,Historical,870252,0,0,D,2,1,1566495,23.23,2008,50,68.04,16.16
1126,Historical,870702,0,0,D,5,1,4964389,245.95,2001,33,36.63,19.93
1127,Historical,871049,0,0,D,1,0,2277803,74.95,2006,34,15.09,9.97
1128,Historical,871059,0,0,D,6,1,1231303,25,2007,98,6.72,6.97
1129,Historical,871096,0,0,D,2,1,2801604,67,1998,55,77.86,8.98
1130,Historical,872396,0,0,D,4,1,1470476,58.25,2007,57,153.3,43.16
1131,Historical,873203,0,0,D,3,1,2297299,59.5,2008,14,105.99,11.87
1132,Historical,873394,0,0,D,0,0,2574477,26.72,2006,47,95.2,20.52
1133,Historical,874190,0,0,D,7,1,2104957,38.68,2008,50,39.05,24.99
1134,Historical,874275,0,0,D,0,0,2027779,28,2003,40,59.9,6.93
1135,Historical,874293,0,0,D,2,1,2158374,58.95,2002,40,39.81,16.49
1136,Historical,874670,0,0,D,7,1,2673849,27.99,2008,54,116.41,27.99
1137,Historical,875198,0,0,D,7,1,4543928,0,2009,21,27.99,23.63
1138,Historical,875639,0,0,D,7,1,2956274,77.75,2010,14,78.99,8.54
1139,Historical,876065,0,0,D,2,1,8361212,0,2002,23,5.48,33.99
1140,Historical,876087,0,0,D,4,1,653287,20.13,2006,51,80.59,6.63
1141,Historical,876088,0,0,D,2,1,1933758,25.4,1996,38,36.55,57.13
1142,Historical,876850,0,0,D,2,1,721935,58.5,1995,68,65.97,7.53
1143,Historical,876967,0,0,D,0,0,3790451,121.93,2005,13,19.51,55.09
1144,Historical,877334,0,0,D,3,1,553575,10.94,1986,176,31.41,10.09
1145,Historical,877945,0,0,D,3,1,2564278,0,2008,26,103.95,82.27
1146,Historical,880139,0,0,D,8,1,498536,29.9,2009,69,38.98,24.97
1147,Historical,887674,0,0,D,2,1,6667297,125,1996,13,143.18,53.85
1148,Historical,891382,0,0,D,0,0,5383786,44.95,2001,17,5.29,49.64
1149,Historical,894251,0,0,D,8,1,5404753,169.99,1999,16,194.14,142.98
1150,Historical,897976,0,0,D,0,0,4211722,37.95,2002,13,45.2,58.73
1151,Historical,900733,0,0,D,7,1,1861420,65,2006,17,46.54,38.99
1152,Historical,901572,0,0,D,3,1,707087,110.95,1999,12,74.17,62.01
1153,Historical,902744,0,0,D,5,1,2705970,42.59,2005,37,105.94,35.31
1154,Historical,903201,0,0,D,7,1,3717427,120,2008,14,163.97,16.84
1155,Historical,906175,0,0,D,0,0,4237604,58.64,2003,19,19.98,10.89
1156,Historical,907437,0,0,D,2,1,4275376,73,1994,15,7.24,13.99
1157,Historical,908097,0,0,D,1,0,1238405,34.95,2009,18,27.38,12.91
1158,Historical,908117,0,0,D,0,0,2525078,41,1996,25,56.17,42.63
1159,Historical,908242,0,0,D,3,1,173708,0,1983,23,25.98,23.94
1160,Historical,908270,0,0,D,2,1,1730852,83.95,2002,26,70.63,25
1161,Historical,908554,0,0,D,2,1,1408284,99.95,2002,16,78.19,64.98
1162,Historical,909336,0,0,D,1,0,2001344,70,1991,27,65.55,14.68
1163,Historical,910871,0,0,D,0,0,1347497,39.95,2000,17,57.2,24.31
1164,Historical,911200,0,0,D,1,0,2171120,85,1995,18,19.32,33.98
1165,Historical,911416,0,0,D,0,0,3954906,59.99,2004,20,21.98,13.94
1166,Historical,912824,0,0,D,7,1,2004195,43.87,2008,19,122.86,19.95
1167,Historical,913403,0,0,D,4,1,2266800,71.25,2005,31,105.94,50.17
1168,Historical,916454,0,0,D,0,0,9006897,39.95,2006,18,53.44,30.94
1169,Historical,917035,0,0,D,3,1,2792178,52.33,2004,27,64.87,41.33
1170,Historical,917204,0,0,D,3,1,3771342,83,1995,29,68.99,16.99
1171,Historical,917661,0,0,D,2,1,2657670,39.95,1995,23,44.19,6.97
1172,Historical,918677,0,0,D,2,1,1790443,51.95,1996,51,38.21,12.87
1173,Historical,919316,0,0,D,2,1,286756,25.95,2007,53,30,11.75
1174,Historical,100490,0,0,D,1,0,3608746,40,1999,18,202.86,9.99
1175,Historical,101250,0,0,D,6,1,2308047,244.95,1999,37,35,12.98
1176,Historical,105733,0,0,D,8,1,3545915,99.95,2002,22,67.46,54
1177,Historical,105771,0,0,D,24,1,6267184,75,2002,23,49.36,10.09
1178,Historical,106973,0,0,D,2,1,1496837,49.99,2003,26,4.39,8.98
1179,Historical,107699,0,0,D,3,1,7074418,0,2001,15,80.99,98.79
1180,Historical,108166,0,0,D,1,0,3805517,6.11,2003,33,0,6.11
1181,Historical,109201,0,0,D,2,1,1810454,46.5,1999,26,41.33,11.98
1182,Historical,111370,0,0,D,1,0,2979230,51.65,2011,22,53.99,49.6
1183,Historical,111633,0,0,D,2,1,6212526,0,2010,12,21.99,0
1184,Historical,112761,0,0,D,3,1,2701212,135,2003,19,10.14,60.95
1185,Historical,113127,0,0,D,1,0,1075159,89.95,2007,25,8.93,28.99
1186,Historical,113160,0,0,D,1,0,177849,97.95,2009,19,55.09,62.67
1187,Historical,113694,0,0,D,6,1,168231,142.2,2001,34,4,11.31
1188,Historical,114220,0,0,D,7,1,1142209,126,2002,24,114.64,47.97
1189,Historical,115182,0,0,D,0,0,652057,112,2004,27,48.58,31.94
1190,Historical,115677,0,0,D,4,1,4819758,159.6,2003,14,9.81,18.94
1191,Historical,116643,0,0,D,2,1,1152438,113.33,2007,23,64.34,47.14
1192,Historical,117598,0,0,D,0,0,3601236,69.4,2004,18,22.54,7.63
1193,Historical,119563,0,0,D,0,0,5750592,72.45,1996,24,59.1,8.99
1194,Historical,127669,0,0,D,0,0,2259475,95,2006,20,33.94,26.48
1195,Historical,127923,0,0,D,1,0,1990420,99,1999,25,35.21,63.39
1196,Historical,128041,0,0,D,2,1,9173149,99,2000,14,57.97,76.89
1197,Historical,128120,0,0,D,0,0,3557447,45,2001,26,29.78,20.82
1198,Historical,130454,0,0,D,1,0,1005830,107.8,2011,19,0,62.99
1199,Historical,131269,0,0,D,4,1,1490786,98,2001,22,112.39,43.85
1200,Historical,131644,0,0,D,0,0,674058,106.4,2004,21,0,44.34
1201,Historical,137514,0,0,D,0,0,1023203,65.99,2005,19,51.98,53.13
1202,Historical,143347,0,0,D,3,1,2126910,25.5,1997,22,22.59,15.86
1203,Historical,143387,0,0,D,2,1,3315494,71,1999,19,122.98,85.41
1204,Historical,143410,0,0,D,0,0,4762685,91.5,2001,16,73.99,54.47
1205,Historical,143435,0,0,D,5,1,3393428,26,2000,20,41.93,43.2
1206,Historical,1434466,0,0,D,0,0,5346269,0,2008,10,209.19,27.98
1207,Historical,143480,0,0,D,0,0,2707751,39.5,2004,15,19.96,69.75
1208,Historical,1446016,0,0,D,2,1,781648,147,2011,15,0,116.1
1209,Historical,1447647,0,0,D,3,1,2368256,50.99,2008,32,3.85,12.84
1210,Historical,144834,0,0,D,7,1,1548799,144,2004,43,53.79,10.95
1211,Historical,1450154,0,0,D,2,1,2556008,0,2011,6,103.14,137.85
1212,Historical,1450523,0,0,D,2,1,1876953,44.2,2009,18,37.04,33.98
1213,Historical,145176,0,0,D,2,1,4376421,44.99,2006,24,28.97,41.22
1214,Historical,145412,0,0,D,1,0,1219757,64.99,2007,49,0,9.39
1215,Historical,145564,0,0,D,14,1,3334669,46.67,2007,34,33.66,5.99
1216,Historical,1457312,0,0,D,5,1,3652803,83.8,2010,10,88.11,790.37
1217,Historical,145890,0,0,D,6,1,422030,180,2008,25,60.97,9.43
1218,Historical,145892,0,0,D,1,0,2005525,200.67,2008,25,147.94,34.75
1219,Historical,146207,0,0,D,1,0,2197011,104,2009,6,103.99,53.74
1220,Historical,146289,0,0,D,2,1,3003925,225.67,2009,17,177.94,602.99
1222,Historical,1466028,0,0,D,1,0,4019248,59.95,2007,28,44.2,31.99
1223,Historical,147044,0,0,D,5,1,3337808,31.95,2002,23,30.73,13.99
1224,Historical,1470567,0,0,D,12,1,3941937,85,2007,29,6.75,100.96
1225,Historical,147350,0,0,D,5,1,4596662,94.95,2005,9,107.92,7.19
1226,Historical,147513,0,0,D,8,1,3958695,134,2006,17,34.92,128.76
1227,Historical,147737,0,0,D,6,1,688781,110.95,1999,29,71.04,52.65
1228,Historical,147883,0,0,D,1,0,2992581,147.95,2002,16,144.97,10.98
1229,Historical,148191,0,0,D,3,1,6465191,251.95,2004,33,101.43,12.69
1230,Historical,1485374,0,0,D,2,1,5984244,0,2008,14,47.33,29.79
1231,Historical,1485868,0,0,D,5,1,7363155,180,2010,18,83.37,100.7
1232,Historical,1517957,0,0,D,1,0,347729,79.95,2007,15,102.13,36.97
1233,Historical,152846,0,0,D,0,0,4898899,89.95,2000,16,15.95,68.84
1234,Historical,152933,0,0,D,1,0,2479719,89.95,2001,21,94.09,42.5
1235,Historical,154250,0,0,D,1,0,3515183,76.5,1997,32,85.4,6.7
1236,Historical,154352,0,0,D,8,1,1077219,76.5,2001,87,42.29,14.95
1237,Historical,155470,0,0,D,2,1,4432908,115,1996,28,5.93,59.67
1238,Historical,155537,0,0,D,0,0,5915849,199,1999,16,3.99,67.51
1239,Historical,156982,0,0,D,1,0,6276399,219.95,2002,18,148.95,66.44
1240,Historical,1570308,0,0,D,3,1,33525,0,2010,14,0,0
1241,Historical,157038,0,0,D,2,1,6394108,53.95,2002,34,21.84,51.31
1242,Historical,157041,0,0,D,2,1,1353268,53.95,2004,39,32.56,23.99
1243,Historical,1574831,0,0,D,4,1,595679,361.95,2010,12,0,37.94
1244,Historical,1588326,0,0,D,1,0,3602594,104.99,2009,10,70.77,43.26
1245,Historical,1591770,0,0,D,2,1,4807016,393,2006,13,0,100.18
1246,Historical,1593895,0,0,D,1,0,6435929,175,2009,20,43.9,125.81
1247,Historical,1594170,0,0,D,2,1,9797942,315,2007,7,168.62,64.98
1248,Historical,1601906,0,0,D,5,1,1829032,169.95,2008,20,34.08,40.75
1249,Historical,1604667,0,0,D,1,0,829203,13.3,2012,12,0,21.54
1250,Historical,161704,0,0,D,2,1,3742058,65,2007,17,29.01,45.81
1251,Historical,1623029,0,0,D,1,0,1628851,156.95,2007,28,24.97,93.37
1252,Historical,1632797,0,0,D,2,1,13514437,41.95,2006,8,57.55,0
1253,Historical,163454,0,0,D,38,1,1368238,59.95,2011,21,0,43.97
1254,Historical,163777,0,0,D,1,0,7014352,0,1995,19,54.26,10.38
1255,Historical,163932,0,0,D,2,1,5199793,29.83,1998,21,113.99,29.83
1256,Historical,1639563,0,0,D,2,1,1894950,31.95,2006,23,5.97,17.36
1257,Historical,164282,0,0,D,2,1,627449,34.95,2002,35,22.75,11.98
1258,Historical,164447,0,0,D,1,0,2957721,35,2003,55,16.7,4.74
1259,Historical,164747,0,0,D,2,1,1692113,65,1996,22,48.94,33.75
1260,Historical,165355,0,0,D,2,1,2267753,122,2003,19,0,85.05
1261,Historical,1657565,0,0,D,2,1,4006107,89.1,2008,14,15.51,47.55
1262,Historical,1657573,0,0,D,4,1,2908367,91.2,2010,18,0,110.77
1263,Historical,1657893,0,0,D,1,0,1305698,46.52,2009,22,17.98,8.99
1264,Historical,1658112,0,0,D,1,0,1440499,96.95,2010,12,296.93,88.67
1265,Historical,1658274,0,0,D,1,0,655459,102,2010,23,4.33,11.99
1266,Historical,1658512,0,0,D,1,0,1755278,55,2011,13,35.94,113.89
1267,Historical,1658542,0,0,D,1,0,2316311,58.79,2012,11,73.68,426.1
1268,Historical,1658757,0,0,D,1,0,4254339,59,2011,20,96.71,55.17
1269,Historical,1682712,0,0,D,4,1,3675865,95,2009,12,27.99,59.99
1270,Historical,1684407,0,0,D,0,0,740203,49.99,2015,9,0,29.45
1271,Historical,169085,0,0,D,2,1,5097045,80.95,2005,20,55.74,52.11
1272,Historical,169192,0,0,D,1,0,3117365,100.95,2007,33,29.72,14.94
1273,Historical,1709114,0,0,D,1,0,10087800,219.99,2007,15,159.52,139.04
1274,Historical,1724727,0,0,D,1,0,7091100,220,2006,9,173.74,37.49
1275,Historical,1727940,0,0,D,0,0,993088,34.95,2009,58,43.06,20.64
1276,Historical,1731771,0,0,D,0,0,4277483,128.95,2008,14,34.26,72.87
1277,Historical,173576,0,0,D,0,0,918141,159,1996,27,43.94,40.83
1278,Historical,174457,0,0,D,0,0,761224,110,1999,24,0,56.62
1279,Historical,174544,0,0,D,0,0,2320704,42,2002,31,43.57,18.99
1280,Historical,174658,0,0,D,1,0,2115255,84,2000,28,48.98,35.99
1281,Historical,1756727,0,0,D,5,1,3369617,291,2012,11,179.04,73.75
1282,Historical,176533,0,0,D,2,1,4498486,38.95,1995,20,38.63,15.98
1283,Historical,176676,0,0,D,1,0,3845444,148.95,1998,29,103.99,48.15
1284,Historical,176854,0,0,D,1,0,3200017,135.95,2000,27,68.89,23.85
1285,Historical,1769052,0,0,D,1,0,904634,99.99,2014,15,0,79.5
1286,Historical,176965,0,0,D,7,1,2532119,184.95,2002,35,188.42,18.98
1287,Historical,1772999,0,0,D,0,0,2886827,71.25,2012,3,0,55.15
1288,Historical,177391,0,0,D,2,1,5897624,45.95,2000,24,68.81,15.99
1289,Historical,178120,0,0,D,2,1,3544755,92.95,2004,28,24.94,6.85
1290,Historical,178242,0,0,D,1,0,224064,223.95,2007,39,178.65,98.63
1291,Historical,178403,0,0,D,5,1,1563916,141.4,2007,32,4,59.09
1292,Historical,178838,0,0,D,2,1,1311737,78.95,2004,18,9.24,12.89
1293,Historical,178962,0,0,D,1,0,963969,91.95,2010,45,4.64,12.99
1294,Historical,181670,0,0,D,0,0,2482287,29.95,2003,45,4.74,4.28
1295,Historical,1822338,0,0,D,3,1,208623,14.91,2013,8,48.39,13.94
1296,Historical,182875,0,0,D,6,1,1302137,157.95,2003,37,40.37,42.29
1297,Historical,183073,0,0,D,2,1,2331394,63.95,2004,41,15.56,7.99
1298,Historical,183904,0,0,D,1,0,3013527,221.95,2004,20,167.14,16.62
1299,Historical,183960,0,0,D,1,0,1257668,144.95,2004,53,57.96,26.22
1300,Historical,184271,0,0,D,1,0,5161031,41.95,1997,18,46.99,17.25
1301,Historical,184280,0,0,D,3,1,4807694,69.95,2001,31,41.04,21.89
1302,Historical,184346,0,0,D,2,1,1540975,60.95,1999,43,48.1,40.34
1303,Historical,1845112,0,0,D,1,0,2074668,35.27,2006,20,7.72,35.99
1304,Historical,1857391,0,0,D,4,1,2688116,599.95,2007,9,304.84,98.99
1305,Historical,190045,0,0,D,0,0,180793,33.95,2006,29,0,24.97
1306,Historical,190748,0,0,D,2,1,1848986,65,1995,19,63.82,38.99
1307,Historical,1908466,0,0,D,5,1,546870,34.99,2010,16,0,63.47
1308,Historical,192692,0,0,D,2,1,2969161,99,1998,19,53.98,52.95
1309,Historical,192741,0,0,D,6,1,2640002,69.95,1998,21,52.94,62.5
1310,Historical,192822,0,0,D,1,0,1144785,44.95,2001,24,29.52,42.73
1311,Historical,193035,0,0,D,1,0,11030945,54.95,1997,21,4.33,8.63
1312,Historical,193358,0,0,D,3,1,1209968,38.95,2004,45,23.97,16.46
1313,Historical,196456,0,0,D,1,0,1191720,57.95,2003,37,55.26,42.98
1314,Historical,197694,0,0,D,1,0,2088466,87.06,2005,22,0,117.19
1315,Historical,199085,0,0,D,5,1,1872192,60.95,2002,37,56.09,44.17
1316,Historical,199469,0,0,D,0,0,3899469,41.95,2000,22,34.95,42.48
1317,Historical,1995730,0,0,D,24,1,75064,199.99,2016,11,0,120.26
1318,Historical,2030881,0,0,D,2,1,1084807,209,2006,19,118.44,35.81
1319,Historical,2030919,0,0,D,0,0,4248843,209,2006,18,141.39,25.98
1320,Historical,203317,0,0,D,1,0,5052977,99,1999,17,87.75,23.98
1321,Historical,203487,0,0,D,5,1,3152002,256.5,2003,15,120.02,111.95
1322,Historical,203500,0,0,D,5,1,2835707,99,2003,30,82.98,102.43
1323,Historical,203508,0,0,D,1,0,2276642,67.95,2005,38,4.28,7.92
1324,Historical,203651,0,0,D,2,1,2031636,242.99,2006,13,146.94,13.84
1325,Historical,203661,0,0,D,8,1,1375841,169.95,2004,46,102.98,32.99
1326,Historical,2042529,0,0,D,18,1,4496558,67.95,2009,10,80.88,53.24
1327,Historical,2055586,0,0,D,16,1,4675042,154,2011,12,18.67,53.74
1328,Historical,205808,0,0,D,3,1,1047823,65,2003,20,32.23,94
1329,Historical,2061459,0,0,D,0,0,3368364,132.95,2010,21,292.51,92.19
1330,Historical,207519,0,0,D,1,0,4831037,229,2000,11,138.88,49.98
1331,Historical,2078593,0,0,D,1,0,1188141,120,2011,64,4.33,9.92
1332,Historical,208603,0,0,D,3,1,1463050,76,1998,28,54.6,43.72
1333,Historical,210804,0,0,D,3,1,2696269,62.95,1997,25,74.04,23.99
1334,Historical,210810,0,0,D,1,0,2946927,42.95,1998,24,11.51,13.23
1335,Historical,210993,0,0,D,2,1,527538,26.95,2007,56,17.4,21.38
1336,Historical,2116457,0,0,D,0,0,8853036,84,2006,14,65.58,49.95
1337,Historical,2129325,0,0,D,0,0,2143014,189,2008,15,91.99,68.98
1338,Historical,2142568,0,0,D,0,0,910341,23.98,2006,42,0,23.49
1339,Historical,2165428,0,0,D,0,0,1315484,183.95,2013,21,76.19,78.91
1340,Historical,2165475,0,0,D,3,1,1654000,96,2012,14,109.7,573.17
1341,Historical,2176873,0,0,D,1,0,4695983,70,2009,8,57.6,50.61
1342,Historical,219021,0,0,D,2,1,6262665,75,2003,27,0,8.99
1343,Historical,222692,0,0,D,0,0,3373225,55,2004,16,30.77,72.57
1344,Historical,223004,0,0,D,1,0,1968922,119.95,1997,15,0,205.51
1345,Historical,2231573,0,0,D,0,0,690786,52,2014,30,48.94,52
1346,Historical,224309,0,0,D,0,0,364634,95,2006,10,155.33,43.49
1347,Historical,2243827,0,0,D,0,0,2458960,39.95,2015,10,0,30.55
1348,Historical,224502,0,0,D,1,0,2831386,64.95,2000,35,0,13.85
1349,Historical,224755,0,0,D,8,1,2243775,374.95,2010,23,130.81,53.48
1350,Historical,2252858,0,0,D,4,1,2459812,104.26,2007,30,33.46,85.6
1352,Historical,2254487,0,0,D,4,1,4180816,147.84,2008,48,0,36.22
1353,Historical,2255170,0,0,D,2,1,842207,29.73,2007,46,0,18.25
1354,Historical,2256440,0,0,D,0,0,929257,67.06,2006,48,0,46.7
1355,Historical,2257243,0,0,D,3,1,3739479,38.18,2008,57,0,38.74
1356,Historical,2260288,0,0,D,0,0,4492747,55.29,2006,37,0,30.26
1357,Historical,2261064,0,0,D,3,1,12568781,192.94,2008,18,262.94,200.31
1358,Historical,2262114,0,0,D,4,1,2768274,61.85,2008,36,0,46.36
1359,Historical,2262934,0,0,D,6,1,348375,59.38,2010,45,0,51.03
1360,Historical,227758,0,0,D,2,1,2008025,76,2001,29,26.98,13.99
1361,Historical,227763,0,0,D,1,0,3245325,98,2002,16,124.37,86.59
1362,Historical,2302270,0,0,D,0,0,5570851,126.5,1994,12,85.43,114.97
1363,Historical,2308764,0,0,D,1,0,3390857,46.95,1998,20,32.85,45.4
1364,Historical,2313438,0,0,D,3,1,15291754,39.95,1978,15,0,85.16
1366,Historical,2323956,0,0,D,0,0,1614791,60.67,1969,17,0,59.13
1367,Historical,2325542,0,0,D,3,1,5708044,0,1974,28,6.64,63.57
1368,Historical,2325585,0,0,D,4,1,3310063,0,1976,20,36.53,57.29
1369,Historical,2330659,0,0,D,0,0,3416270,119.65,1988,19,0,68.67
1370,Historical,2331405,0,0,D,4,1,645623,136.25,1987,25,29.46,65.59
1371,Historical,2331558,0,0,D,0,0,4275835,110,1994,17,135.39,102.62
1372,Historical,2332758,0,0,D,3,1,5679229,123.4,1985,10,49.17,23.98
1373,Historical,2332917,0,0,D,1,0,1782699,135.78,1966,18,52.87,100.81
1374,Historical,2333538,0,0,D,2,1,5785626,54.95,1993,21,47.93,20.94
1375,Historical,2334118,0,0,D,2,1,1994548,109.62,1978,24,23.87,68.61
1376,Historical,2334775,0,0,D,5,1,1039307,107.25,1994,30,4.67,47.01
1377,Historical,2336358,0,0,D,0,0,4940990,62.95,1993,27,68.73,20.37
1378,Historical,233796,0,0,D,2,1,350806,53,1998,36,19.74,84.67
1379,Historical,2342610,0,0,D,2,1,2175829,73,1983,51,54.5,12.98
1380,Historical,2343646,0,0,D,2,1,7559390,58.9,1986,14,0,0
1381,Historical,2344141,0,0,D,1,0,2664597,125,1994,26,32.87,59.03
1383,Historical,2362398,0,0,D,1,0,3114305,220,2005,13,152.54,128.51
1384,Historical,2364221,0,0,D,5,1,4362836,82,1999,17,75.24,13.6
1385,Historical,2364475,0,0,D,2,1,4089472,26,1993,16,37.79,36.94
1386,Historical,2369648,0,0,D,3,1,1533550,125.8,1994,21,63.91,28.98
1387,Historical,2370785,0,0,D,0,0,537174,182.45,1976,19,25.96,73.97
1388,Historical,2378053,0,0,D,3,1,7929008,67.94,1983,22,49.89,72.33
1389,Historical,2385361,0,0,D,2,1,3313406,72,1996,15,180.11,28.99
1390,Historical,2385368,0,0,D,1,0,9258120,57.33,1996,25,11.48,39.98
1391,Historical,2386774,0,0,D,0,0,1679846,117,1994,29,0,43.99
1392,Historical,2388804,0,0,D,1,0,14804653,0,1972,17,0,78.35
1393,Historical,2390563,0,0,D,4,1,6352274,50.69,1991,21,39.97,49.91
1394,Historical,2396889,0,0,D,5,1,7045689,38,1994,22,37.85,23.98
1395,Historical,2398259,0,0,D,1,0,8718365,47.95,1992,31,8.84,42.82
1396,Historical,2399372,0,0,D,7,1,1131536,16.88,1987,52,4,16.81
1397,Historical,2399569,0,0,D,0,0,6555622,27.95,1992,18,0,25.94
1398,Historical,2401016,0,0,D,0,0,1656874,29.95,1994,55,0,18
1399,Historical,2405109,0,0,D,3,1,2593803,49.95,1991,42,81.99,7.99
1400,Historical,2407170,0,0,D,1,0,8582192,76.95,1995,28,16.65,13.99
1401,Historical,2414202,0,0,D,2,1,3084061,259,1976,13,80.99,108.94
1402,Historical,2415697,0,0,D,1,0,3509676,110,2005,11,77.99,53.94
1403,Historical,2419398,0,0,D,7,1,13850332,84,2004,10,85.6,0
1404,Historical,2421428,0,0,D,0,0,3119395,0,1956,18,0,0
1405,Historical,2423312,0,0,D,1,0,3322486,0,1969,16,51.36,117.99
1406,Historical,243612,0,0,D,2,1,1386944,11.45,2010,19,0,0
1407,Historical,243917,0,0,D,1,0,1424964,124.95,2011,36,45.23,8.66
1408,Historical,2448746,0,0,D,0,0,10668057,29.95,1994,16,31.75,6.81
1409,Historical,246645,0,0,D,1,0,3280538,123.95,2008,20,0,69.76
1410,Historical,2470536,0,0,D,5,1,4956866,65.75,1993,17,122.94,28.99
1411,Historical,2472395,0,0,D,4,1,1670725,121,1999,21,0,63.39
1412,Historical,2473592,0,0,D,2,1,2392955,16.9,1989,14,63.99,8.92
1413,Historical,2474013,0,0,D,0,0,7182935,0,1984,20,0,51.45
1414,Historical,2487152,0,0,D,6,1,4434648,34.95,1994,12,11.33,4.99
1415,Historical,2489959,0,0,D,0,0,6985723,0,2001,14,18.63,52.49
1417,Historical,2490828,0,0,D,1,0,4997817,57.98,2003,11,45.05,59.94
1418,Historical,250139,0,0,D,1,0,170020,179.95,2007,74,0,8.68
1419,Historical,250188,0,0,D,3,1,2856222,118.95,2006,40,0,4
1420,Historical,2501899,0,0,D,1,0,3052340,74.95,2005,15,51.99,44.48
1421,Historical,2510935,0,0,D,1,0,2703860,34.95,1986,46,7.4,10.99
1422,Historical,251112,0,0,D,1,0,1903716,197.95,2007,44,4,12.09
1424,Historical,251143,0,0,D,1,0,1956920,76.95,2007,22,46.33,43.79
1425,Historical,251157,0,0,D,1,0,2428743,134.95,2007,38,34.59,7.28
1426,Historical,251161,0,0,D,1,0,1597328,136.95,2007,80,30.49,23.96
1427,Historical,251165,0,0,D,1,0,1379359,176.95,2007,51,0,9.05
1428,Historical,251166,0,0,D,1,0,1226582,195.95,2007,45,103.98,35.28
1429,Historical,2525268,0,0,D,4,1,4751228,99,1991,18,49.12,70.82
1430,Historical,2527946,0,0,D,2,1,11909087,43.95,1991,31,35.56,47.02
1431,Historical,2532226,0,0,D,0,0,2133119,33.95,2000,23,33.67,46.79
1432,Historical,2533324,0,0,D,0,0,14523184,39.95,1996,10,60.05,17.39
1433,Historical,2535610,0,0,D,1,0,7764669,49.95,2000,12,0,86.68
1434,Historical,2538163,0,0,D,0,0,5463170,33.95,2001,21,16.75,47.23
1435,Historical,2539006,0,0,D,2,1,4748729,149.95,2001,12,136.8,102.84
1436,Historical,2539042,0,0,D,0,0,6560484,64.95,2002,12,0,64.94
1437,Historical,2543261,0,0,D,1,0,12249341,185,2004,8,45.44,73.98
1438,Historical,2551059,0,0,D,0,0,8850704,310,1999,13,187.77,73.93
1439,Historical,2551253,0,0,D,4,1,3173943,285,1999,20,31.71,69.99
1440,Historical,2551316,0,0,D,6,1,3697269,85,2001,11,90.02,84.46
1441,Historical,2551462,0,0,D,8,1,4640814,219,2003,12,223.98,76.83
1442,Historical,2558954,0,0,D,2,1,6446650,0,1990,19,102.99,8.97
1443,Historical,2559480,0,0,D,1,0,1926161,115,1995,16,37.87,41.92
1444,Historical,2560175,0,0,D,6,1,6353936,104.53,1982,25,32.99,47.49
1445,Historical,2560653,0,0,D,1,0,3802930,160,1980,21,78.99,33.98
1447,Historical,2561449,0,0,D,2,1,2277758,43.89,1986,26,42.2,43.99
1448,Historical,2563229,0,0,D,0,0,11203718,50,1995,14,43.99,38.6
1449,Historical,2563389,0,0,D,3,1,7448588,44.74,1996,28,0,44.01
1450,Historical,2565281,0,0,D,1,0,1364224,275,1999,11,148.58,151.97
1451,Historical,2566292,0,0,D,0,0,2813618,110,1989,18,134.92,72.45
1452,Historical,2566328,0,0,D,1,0,839026,70,1983,39,41.88,53.97
1453,Historical,2566625,0,0,D,1,0,5325875,150,1994,19,118.43,53.49
1454,Historical,2566714,0,0,D,6,1,1553058,259.45,1994,17,91.99,73.53
1455,Historical,2566717,0,0,D,1,0,2211342,135,1994,17,39.38,72.83
1456,Historical,2568380,0,0,D,1,0,3741860,195,1981,13,93.98,23.98
1457,Historical,2568411,0,0,D,0,0,2755222,114.61,1980,18,99.55,63.99
1458,Historical,2570386,0,0,D,1,0,2427333,160,1991,19,236.85,88.86
1459,Historical,2570520,0,0,D,1,0,2936975,4.99,1993,36,0,4.99
1460,Historical,2571568,0,0,D,0,0,780328,115,1995,21,85.48,10.69
1461,Historical,2571935,0,0,D,4,1,2546010,17.99,1993,26,110.96,17.97
1462,Historical,2572478,0,0,D,5,1,4286824,68.61,1993,32,11.49,63.31
1463,Historical,2572909,0,0,D,0,0,1338212,110,1992,20,178.91,55.75
1464,Historical,2572912,0,0,D,1,0,5305360,94.82,1991,24,98.74,43.12
1465,Historical,2573136,0,0,D,1,0,6637127,0,1992,21,46.52,33.72
1466,Historical,2573283,0,0,D,1,0,4016714,140,1989,22,39.47,45.29
1467,Historical,2573637,0,0,D,1,0,1639026,130,1989,16,28.59,63.29
1468,Historical,2574715,0,0,D,1,0,1039541,199.5,1976,18,103.77,118.71
1469,Historical,2575624,0,0,D,1,0,3445843,275,1986,19,385.15,73.51
1470,Historical,257582,0,0,D,1,0,2249421,45.95,2000,23,47.04,51.53
1471,Historical,2575957,0,0,D,1,0,10450234,200,1987,16,98.29,125.1
1472,Historical,2576518,0,0,D,0,0,2207909,88.3,1969,24,0,79.96
1473,Historical,2577032,0,0,D,1,0,489669,95,1982,37,47.97,42.19
1474,Historical,2577568,0,0,D,1,0,4349515,73.28,1986,25,57.94,56.81
1475,Historical,2577745,0,0,D,2,1,7192892,64.95,1985,15,88.98,52.65
1476,Historical,2579296,0,0,D,0,0,6747123,200,1992,13,123.99,0
1477,Historical,2579472,0,0,D,2,1,5860549,42,1993,17,36.17,45.71
1478,Historical,2580105,0,0,D,2,1,3884907,0,1977,28,73.94,49.79
1479,Historical,258408,0,0,D,0,0,488298,77,2006,27,64.31,9.95
1480,Historical,2586394,0,0,D,0,0,5475357,23.99,2001,16,38.19,105.69
1481,Historical,2586540,0,0,D,1,0,4624899,120,2002,10,85.79,83.39
1482,Historical,2591249,0,0,D,1,0,4370698,124.99,1988,22,0,107.66
1483,Historical,2591862,0,0,D,0,0,12244078,30.99,1984,28,63.41,67.63
1484,Historical,2592712,0,0,D,0,0,11411226,39.95,1983,17,48.52,70.9
1485,Historical,259301,0,0,D,2,1,1968526,232.95,2000,17,0,0
1486,Historical,2593553,0,0,D,1,0,9111749,83.99,1992,16,129.6,74.29
1487,Historical,2594658,0,0,D,0,0,969723,125.99,1989,12,28.99,88.96
1488,Historical,2594961,0,0,D,0,0,308145,45,1989,17,125.97,72.68
1489,Historical,2595302,0,0,D,0,0,3646724,34.99,1988,23,53.1,57.37
1490,Historical,2595616,0,0,D,1,0,724517,49.95,1989,19,0,36.27
1491,Historical,2597182,0,0,D,0,0,3983339,46.99,1990,11,53.98,161.83
1492,Historical,2597839,0,0,D,3,1,1685533,73.99,1992,27,43.98,38.93
1493,Historical,2598395,0,0,D,0,0,2177913,42.95,1992,18,0,66.31
1494,Historical,2600065,0,0,D,1,0,2918391,167.99,1998,19,51.99,59.13
1495,Historical,260045,0,0,D,0,0,5719353,68.5,1999,18,34.89,45.91
1496,Historical,2606051,0,0,D,0,0,2801581,35,1998,14,55.95,121.57
1497,Historical,2606413,0,0,D,0,0,11956801,157.99,1999,11,155.97,19138.79
1498,Historical,2606428,0,0,D,0,0,1903239,119.99,1997,18,0,114.13
1499,Historical,2610610,0,0,D,1,0,884012,101,2001,18,33.54,60.17
1500,Historical,261063,0,0,D,0,0,1727986,44.95,1997,23,49.93,41.78
1501,Historical,2611956,0,0,D,0,0,703366,104.99,2001,15,0,96.15
1502,Historical,261457,0,0,D,1,0,3554459,80,2004,13,78.99,43.88
1503,Historical,2618036,0,0,D,1,0,5659295,29.95,1993,18,39.43,46.45
1504,Historical,2618503,0,0,D,0,0,4806382,39.95,1994,20,35.29,15.98
1505,Historical,2618628,0,0,D,1,0,2495635,57.95,1994,41,6.34,41.46
1506,Historical,2619009,0,0,D,2,1,7258035,48.95,1994,18,0,65.91
1507,Historical,262291,0,0,D,0,0,1430336,39.95,2007,23,31.88,23.97
1508,Historical,2626507,0,0,D,1,0,1388974,95.95,1996,15,63.93,52.39
1509,Historical,2630243,0,0,D,2,1,1133236,12.95,1996,27,0,30.98
1510,Historical,263190,0,0,D,0,0,2566062,64.95,2002,20,46.23,13.98
1511,Historical,2635246,0,0,D,4,1,3385318,34.95,2000,80,4,7.94
1512,Historical,2646940,0,0,D,1,0,7703109,79.95,1992,14,103.99,38.99
1513,Historical,264709,0,0,D,0,0,1922283,49.95,2004,37,46.83,9.97
1514,Historical,2647238,0,0,D,1,0,382764,33.95,2001,18,45.18,40.07
1515,Historical,2648746,0,0,D,1,0,2053744,56.95,2000,32,28.98,18.99
1516,Historical,2658804,0,0,D,4,1,3041216,59.99,2000,21,72.92,6.39
1517,Historical,266001,0,0,D,0,0,2708685,49.95,2002,15,0,48.21
1518,Historical,2660348,0,0,D,3,1,3562197,32.75,1989,18,0,113.15
1519,Historical,2663532,0,0,D,0,0,10848260,105,1996,16,97.23,81.95
1520,Historical,2663639,0,0,D,3,1,3059518,99,1997,17,20.66,61.83
1521,Historical,2663811,0,0,D,3,1,6312308,22.5,1985,16,30,44.99
1522,Historical,2664331,0,0,D,10,1,5642550,225,1999,11,132.81,292.99
1523,Historical,2664394,0,0,D,5,1,4547342,49.95,1998,14,45.14,31.13
1524,Historical,2664423,0,0,D,0,0,6347534,159,1999,15,72.88,61.81
1525,Historical,2664569,0,0,D,4,1,3429529,199,2000,13,183.98,73.53
1526,Historical,2670756,0,0,D,0,0,8584566,75.45,1996,13,4,8
1527,Historical,2671130,0,0,D,3,1,10502961,0,1998,28,0,12.49
1528,Historical,2672184,0,0,D,10,1,3988964,58,1995,13,64.25,342.61
1529,Historical,2675635,0,0,D,1,0,3918500,91.05,1990,27,35.78,9.96
1530,Historical,2676382,0,0,D,2,1,2439040,103.97,1992,17,18.98,85.88
1531,Historical,2678866,0,0,D,2,1,8831855,120.05,1980,14,47.44,72.95
1532,Historical,2679072,0,0,D,3,1,5004378,53.95,1990,14,77.01,45.25
1533,Historical,2679225,0,0,D,7,1,2247763,31,1993,21,4,28.96
1534,Historical,2679279,0,0,D,0,0,200284,195,2003,17,112.99,68.46
1535,Historical,2679464,0,0,D,1,0,1922619,159,1991,14,89.94,64.51
1536,Historical,2679912,0,0,D,2,1,4234077,310,1996,19,217.44,98.63
1537,Historical,2680255,0,0,D,2,1,3837772,52.5,1993,17,93.98,47.74
1538,Historical,2680305,0,0,D,4,1,4104558,365,1999,16,184.48,23.98
1539,Historical,2680877,0,0,D,3,1,1656734,517,2003,11,144.13,178.99
1540,Historical,2681344,0,0,D,5,1,6859144,96.95,2004,10,87.47,64.34
1541,Historical,2681625,0,0,D,4,1,6753587,75.99,2005,10,67.05,83.54
1542,Historical,2698440,0,0,D,1,0,4168019,116,2004,12,80.66,55.29
1543,Historical,2698565,0,0,D,0,0,3450280,55.95,2005,18,55.93,55.94
1544,Historical,2699043,0,0,D,2,1,1269584,66.95,1999,13,10.52,49.95
1545,Historical,269966,0,0,D,2,1,1564202,160,2007,33,116.23,99.57
1546,Historical,270407,0,0,D,0,0,1619351,20.98,2007,35,0,18.95
1547,Historical,2721313,0,0,D,1,0,16167015,110,1997,9,46.79,153.28
1548,Historical,2729665,0,0,D,4,1,3331224,22.5,1998,27,0,74.98
1549,Historical,2730139,0,0,D,0,0,6179192,74.58,1999,26,67.69,20.49
1550,Historical,2745402,0,0,D,0,0,7055826,92.81,2000,12,102.26,74.82
1551,Historical,2758932,0,0,D,3,1,1967182,159,2005,19,5.77,45.35
1553,Historical,2777467,0,0,D,8,1,3372317,499,1992,15,303.98,60.45
1554,Historical,2779233,0,0,D,0,0,4737468,279,1991,14,137.85,27.63
1555,Historical,278352,0,0,D,0,0,1838394,64.99,2005,29,51.99,45
1556,Historical,278553,0,0,D,4,1,1192815,46.95,2003,37,43.69,33.99
1557,Historical,2788146,0,0,D,1,0,4215673,33.95,1996,33,24.69,35.99
1558,Historical,2796079,0,0,D,2,1,1560824,431.79,1978,18,0,78.05
1559,Historical,280130,0,0,D,1,0,8693335,249,2007,7,222.32,173.4
1560,Historical,280301,0,0,D,3,1,5166025,69.95,2004,15,84.97,28.98
1561,Historical,2806591,0,0,D,2,1,419228,29.5,1997,28,0,20.39
1562,Historical,2819853,0,0,D,1,0,5352831,131.99,1991,20,98.53,79.01
1563,Historical,282051,0,0,D,7,1,4386405,64.11,2004,18,91.81,32.56
1564,Historical,2832465,0,0,D,1,0,2123801,300,2001,16,102.99,58.98
1565,Historical,2840727,0,0,D,1,0,3883782,188.95,1998,17,58.9,49.98
1566,Historical,2851320,0,0,D,1,0,8921254,199.95,2003,10,111.13,22.65
1567,Historical,2851906,0,0,D,3,1,4498525,134.95,1997,10,0,234.77
1568,Historical,285695,0,0,D,1,0,1815745,190.95,2001,16,63.92,60.25
1569,Historical,286092,0,0,D,1,0,3313598,31.6,2006,36,0,0
1570,Historical,2862060,0,0,D,3,1,7356753,29.95,2002,12,0,4
1571,Historical,2867311,0,0,D,0,0,1997748,37.8,2005,13,30.65,67.53
1572,Historical,286991,0,0,D,1,0,3076840,65,2001,21,21.57,21.99
1573,Historical,2869951,0,0,D,0,0,4675492,75,2005,11,0,56.49
1574,Historical,2874978,0,0,D,2,1,5244017,121.95,2001,13,148.34,114.66
1575,Historical,2875123,0,0,D,3,1,4552019,39,1998,25,0,43.93
1576,Historical,2876934,0,0,D,5,1,1794789,54.95,2003,66,93.54,9.98
1577,Historical,288211,0,0,D,4,1,9289743,47.3,1997,23,56.16,6.99
1578,Historical,2884280,0,0,D,3,1,359745,119,2014,1,0,108.89
1579,Historical,288790,0,0,D,6,1,3048513,436.95,2006,11,264.77,120.71
1580,Historical,288829,0,0,D,7,1,992514,61.95,2007,62,4.7,5.89
1581,Historical,2892144,0,0,D,1,0,9042457,155.5,2001,11,102.99,151.67
1582,Historical,2892497,0,0,D,0,0,1346352,0,1987,11,32.34,97.31
1583,Historical,289311,0,0,D,2,1,781246,109,1999,25,64.33,29.55
1584,Historical,289734,0,0,D,0,0,925982,41.95,2007,34,35.99,38.04
1585,Historical,292325,0,0,D,5,1,2494980,78.95,2001,16,0,72.77
1586,Historical,293059,0,0,D,3,1,542538,19.99,2004,90,148.36,28.99
1587,Historical,293181,0,0,D,5,1,1800304,100.5,2002,20,14.47,43.99
1588,Historical,293509,0,0,D,1,0,3509938,101,2004,21,68.59,20.68
1589,Historical,294132,0,0,D,2,1,2962833,74.95,2003,22,45.99,44.29
1590,Historical,2947495,0,0,D,5,1,1150756,162.95,2005,21,61.11,15.54
1591,Historical,295906,0,0,D,1,0,6628966,69.95,1996,18,13.93,25
1592,Historical,295980,0,0,D,0,0,1603965,88.95,2000,25,58.95,35.16
1594,Historical,297858,0,0,D,1,0,1156420,95.95,2010,57,3.99,13.23
1595,Historical,298600,0,0,D,1,0,1231600,197.95,2007,50,4,12.13
1596,Historical,299444,0,0,D,0,0,1416300,44.95,2003,25,47.47,11.9
1597,Historical,300031,0,0,D,1,0,4741545,239,2005,14,94.99,45.71
1598,Historical,3031455,0,0,D,1,0,1662625,175,1992,14,28.09,153.69
1599,Historical,3033148,0,0,D,0,0,6630900,124.95,2004,24,104.15,35.16
1600,Historical,3048527,0,0,D,3,1,1843034,123,2002,25,103.98,50.71
1601,Historical,3049487,0,0,D,1,0,4595245,139.95,2000,15,114.94,83.88
1602,Historical,3057295,0,0,D,0,0,2976022,69,2002,25,6.05,47.54
1603,Historical,3058456,0,0,D,2,1,1309854,59.95,2004,17,41.44,33.99
1604,Historical,3066656,0,0,D,1,0,6266756,239.95,1999,17,135.12,94.12
1605,Historical,3078764,0,0,D,0,0,2720104,70,2003,24,43.1,26.9
1606,Historical,3079311,0,0,D,1,0,4427552,119.95,2002,15,107.21,134.87
1607,Historical,3083752,0,0,D,0,0,3431588,229,2005,22,127.99,14.45
1608,Historical,3083791,0,0,D,1,0,9294132,149,2004,16,148.99,29.78
1609,Historical,3084117,0,0,D,4,1,1406231,64.99,2005,15,34.11,63.18
1610,Historical,3100056,0,0,D,1,0,3948344,69.95,2005,19,73.98,12.99
1612,Historical,3117819,0,0,D,0,0,4917197,79.95,2002,15,53.94,129.51
1613,Historical,311859,0,0,D,1,0,2715383,66.95,2000,24,51.83,43.9
1614,Historical,3128236,0,0,D,3,1,4362289,39.95,2005,18,0,11.98
1615,Historical,3132319,0,0,D,1,0,1122028,45,2003,12,44.04,37.73
1616,Historical,3134431,0,0,D,0,0,13171796,41.5,1996,13,46.37,36.39
1617,Historical,314123,0,0,D,7,1,9772590,72,2004,15,18.74,43.39
1618,Historical,3142703,0,0,D,3,1,705640,134,2014,2,0,0
1619,Historical,314908,0,0,D,2,1,2281654,105,1996,19,222.12,23.79
1620,Historical,3151071,0,0,D,1,0,4579405,89.95,2001,10,70.17,19.3
1621,Historical,320886,0,0,D,2,1,1001714,53,2002,22,47.72,44.23
1622,Historical,320948,0,0,D,0,0,2984076,43,2002,39,48.19,18.94
1623,Historical,321483,0,0,D,0,0,3061794,40,1998,26,0,25.98
1624,Historical,323634,0,0,D,1,0,7307394,74.95,2004,19,45.49,23.68
1625,Historical,325631,0,0,D,6,1,7709190,79.5,1995,13,5.74,0
1626,Historical,3262757,0,0,D,2,1,3434570,41.79,1998,40,0,37.94
1627,Historical,326286,0,0,D,6,1,6175345,87.5,2003,18,82.26,45.22
1628,Historical,3263125,0,0,D,2,1,2738959,0,1999,29,0,80.36
1629,Historical,3264174,0,0,D,0,0,3309365,37.12,1993,36,91.25,38.18
1631,Historical,336440,0,0,D,0,0,2352097,60.95,2003,14,0,24.24
1632,Historical,336672,0,0,D,0,0,8267615,59.95,2005,11,59.45,43.98
1633,Historical,337238,0,0,D,1,0,6646815,90,2001,12,43.99,226.61
1634,Historical,339032,0,0,D,1,0,3159670,113,2006,12,0,0
1635,Historical,342575,0,0,D,5,1,3704462,21.94,2000,35,81.91,21.93
1637,Historical,3464260,0,0,D,0,0,1672723,79.5,1992,24,0,12.98
1639,Historical,3469967,0,0,D,1,0,2507259,72.95,1995,18,0,27.98
1640,Historical,3471043,0,0,D,2,1,2345235,90.95,2004,32,0,18.99
1641,Historical,3471954,0,0,D,4,1,2418446,38,2001,21,0,7.98
1645,Historical,3472691,0,0,D,1,0,4644231,30.4,1993,29,0,9.75
1649,Historical,3474845,0,0,D,1,0,545841,74,1998,29,0,13.99
1650,Historical,3475208,0,0,D,4,1,2393879,82,1994,24,0,60.75
1659,Historical,3515817,0,0,D,0,0,3460981,47.95,2007,18,0,52.95
1663,Historical,352993,0,0,D,2,1,1504187,41.33,2001,38,23.9,20.98
1664,Historical,3530470,0,0,D,2,1,3562810,67.95,1993,21,0,48.47
1665,Historical,3530546,0,0,D,1,0,4813013,94.95,1997,19,0,16.93
1668,Historical,3549266,0,0,D,2,1,1826203,55,1996,33,0,41.27
1669,Historical,355601,0,0,D,4,1,2846818,109.95,2000,26,10.74,83.07
1674,Historical,3563602,0,0,D,3,1,9956208,42.95,2003,23,0,50.49
1677,Historical,3569453,0,0,D,1,0,3959989,59.95,2006,17,0,7.98
1680,Historical,3577731,0,0,D,0,0,3313593,31.95,1988,18,0,13.99
1681,Historical,3577989,0,0,D,0,0,2934540,72.95,1996,21,0,4.73
1693,Historical,3601874,0,0,D,1,0,9970523,139.95,1998,10,0,161.75
1700,Historical,3612461,0,0,D,0,0,5786658,60,1995,31,0,7.01
1702,Historical,3621257,0,0,D,1,0,2101039,0,2007,21,0,148.02
1704,Historical,367170,0,0,D,1,0,3556838,34.99,2003,17,20.99,46.66
1706,Historical,374381,0,0,D,2,1,1935610,64.95,1998,19,75.97,65.78
1710,Historical,3784266,0,0,D,1,0,9533792,75.95,1996,22,0,36.85
1720,Historical,3817779,0,0,D,1,0,3158779,149.95,1998,13,0,96.71
1723,Historical,3823130,0,0,D,1,0,5828825,64.95,2000,18,0,10.99
1727,Historical,391470,0,0,D,0,0,4449528,29.95,1999,13,0,33.99
1728,Historical,391661,0,0,D,0,0,3231744,81,2000,24,73.98,9.97
1729,Historical,392180,0,0,D,2,1,5153155,78.35,2004,36,45.26,9.39
1731,Historical,410109,0,0,D,3,1,2334647,164.95,2007,39,4,11.94
1732,Historical,425794,0,0,D,0,0,6102485,59.95,1998,18,54.01,69.86
1733,Historical,431031,0,0,D,4,1,4434967,79.5,2003,31,73.88,47.77
1734,Historical,431036,0,0,D,0,0,2468693,117,2004,16,113.43,54.49
1735,Historical,446327,0,0,D,0,0,2657748,80.83,2010,19,114.99,54.23
1736,Historical,447464,0,0,D,1,0,3891563,120,2005,17,99.33,119.99
1737,Historical,454288,0,0,D,2,1,10578191,60.99,1999,14,108.99,57.94
1738,Historical,455467,0,0,D,3,1,1273647,142.95,2000,29,21.98,23.99
1739,Historical,460270,0,0,D,0,0,6574527,89.5,2002,20,78.84,72.87
1740,Historical,491675,0,0,D,0,0,8921825,0,2010,12,23.55,99.11
1741,Historical,496333,0,0,D,3,1,1820043,216.95,2008,30,151.96,38
1742,Historical,500644,0,0,D,0,0,4386360,329,2010,18,81.97,77.28
1743,Historical,503350,0,0,D,0,0,5320932,50,2005,16,18.89,51.61
1744,Historical,508276,0,0,D,5,1,1627631,59.99,2001,24,139.02,53.73
1745,Historical,520573,0,0,D,3,1,2425263,48.95,2005,17,67.31,43.47
1746,Historical,523200,0,0,D,2,1,4193090,83,1999,20,127.31,36.21
1747,Historical,525250,0,0,D,7,1,2111478,59.95,2010,21,15.32,11.64
1748,Historical,526572,0,0,D,3,1,2245440,110,2008,53,102.56,18.96
1749,Historical,527239,0,0,D,26,1,881557,271.8,2013,59,46.97,18.99
1750,Historical,532937,0,0,D,2,1,3648945,72.95,2006,14,58.16,675
1751,Historical,533180,0,0,D,2,1,2010047,72.8,2009,52,8.48,75.66
1752,Historical,53481,0,0,D,8,1,979623,180,2008,28,142.5,103.79
1753,Historical,538565,0,0,D,3,1,837528,121.75,2008,27,6.16,7.99
1754,Historical,540325,0,0,D,5,1,3498363,0,2011,26,163.49,125.78
1755,Historical,542781,0,0,D,2,1,8098092,81.1,2009,13,92.89,48.57
1756,Historical,546477,0,0,D,2,1,3088638,209,2006,22,91.99,18.99
1757,Historical,547021,0,0,D,2,1,3015326,90,2010,22,83.91,33.99
1758,Historical,548070,0,0,D,1,0,4290634,233.95,2000,22,4.71,28.94
1759,Historical,548306,0,0,D,0,0,175391,126.9,2002,67,0,23.98
1760,Historical,549969,0,0,D,1,0,1183462,189.75,2002,35,66.75,57.67
1761,Historical,550857,0,0,D,2,1,6761527,0,2009,11,31.59,94.11
1762,Historical,552428,0,0,D,0,0,2858129,0,2007,26,38.43,60.99
1763,Historical,553360,0,0,D,2,1,6266507,78,1987,24,95.84,44.95
1764,Historical,555417,0,0,D,1,0,97559,27.5,2000,91,20.88,8.67
1765,Historical,555659,0,0,D,1,0,681433,45,2006,26,29.4,52.34
1766,Historical,555836,0,0,D,0,0,6770473,60,2004,14,58.07,12.76
1767,Historical,557077,0,0,D,3,1,4999997,66,1998,17,22.19,19.99
1768,Historical,557165,0,0,D,6,1,3008954,59.8,2002,28,7.99,13.1
1769,Historical,560857,0,0,D,6,1,2901936,126.46,2006,18,130.95,69.77
1770,Historical,562224,0,0,D,4,1,398257,217.95,2009,44,181.16,55.31
1771,Historical,563287,0,0,D,0,0,12304125,0,1969,12,76.95,0
1772,Historical,564521,0,0,D,0,0,7169764,55.95,2002,21,49.29,44.18
1773,Historical,569491,0,0,D,2,1,2794444,130.95,1998,27,136.27,45.37
1774,Historical,569912,0,0,D,3,1,2738664,0,1997,18,22.58,40.39
1775,Historical,573029,0,0,D,0,0,5334480,68,1997,15,24.76,50.85
1776,Historical,573513,0,0,D,4,1,4297764,46.95,1994,28,55.17,45.37
1777,Historical,574626,0,0,D,1,0,7630394,153.95,2002,19,125.38,12.99
1778,Historical,574682,0,0,D,6,1,7812238,75,2002,19,38.94,62.69
1779,Historical,57506,0,0,D,2,1,1203083,62.95,2000,78,73.99,23.94
1780,Historical,575691,0,0,D,2,1,4469980,47.95,1997,18,50.82,34.05
1781,Historical,575855,0,0,D,1,0,8809949,53.5,2006,12,37.71,45.55
1782,Historical,577054,0,0,D,4,1,864076,256.95,2001,60,14.89,4.21
1783,Historical,581017,0,0,D,1,0,666899,20,2001,36,17.17,24.99
1784,Historical,586398,0,0,D,4,1,4803720,44.95,1997,15,38.99,23.99
1785,Historical,597287,0,0,D,3,1,3388984,34.95,1997,48,33.48,7.34
1786,Historical,599281,0,0,D,15,1,195695,54.95,2009,25,75.9,18.99
1787,Historical,60089,0,0,D,4,1,3185266,31.25,2004,58,41.52,13.96
1788,Historical,60309,0,0,D,8,1,1391486,95,2003,50,70.59,16.83
1789,Historical,606067,0,0,D,5,1,2767375,47,2011,14,152.73,23.13
1790,Historical,606680,0,0,D,6,1,2063452,70.75,2000,31,8.33,18.59
1791,Historical,607085,0,0,D,20,1,2071037,7.11,2009,28,15.21,80.74
1792,Historical,60712,0,0,D,1,0,3241804,62.95,2002,29,23.98,13
1793,Historical,607153,0,0,D,6,1,8236342,75,2001,15,99.44,6.93
1794,Historical,607601,0,0,D,2,1,9240165,45,2001,16,47.41,25.94
1795,Historical,607682,0,0,D,3,1,3526407,96.4,2001,26,60.5,18.92
1796,Historical,607741,0,0,D,2,1,4232089,35.4,2007,23,34.1,7.99
1797,Historical,607902,0,0,D,6,1,2441009,115.8,2003,48,113.98,11.99
1798,Historical,608295,0,0,D,3,1,1869160,75,2001,30,52.31,11.99
1799,Historical,608371,0,0,D,3,1,1507227,120,1989,26,126.7,62.88
1800,Historical,608500,0,0,D,2,1,4624981,39.95,1995,25,9.99,39.89
1801,Historical,608747,0,0,D,2,1,636885,137.95,2000,40,108.15,18.96
1802,Historical,608815,0,0,D,4,1,3637583,139.95,2003,31,154.17,21.98
1803,Historical,608816,0,0,D,3,1,4481314,62.95,2004,17,24.39,7.98
1804,Historical,609164,0,0,D,4,1,3459563,231.99,2003,12,218.74,5.72
1805,Historical,609384,0,0,D,3,1,3726283,91.95,1998,21,43.06,13.99
1806,Historical,609412,0,0,D,4,1,2569584,51.95,2000,34,23.99,41.55
1807,Historical,61104,0,0,D,7,1,3630422,6.99,2002,22,0,6.99
1808,Historical,612942,0,0,D,2,1,210040,38.95,2004,87,13.63,18.99
1809,Historical,613211,0,0,D,1,0,2516688,200.95,2007,38,0,4.8
1810,Historical,613306,0,0,D,0,0,1558507,44.95,2005,80,4,5.83
1811,Historical,613415,0,0,D,2,1,1476720,34.95,2002,79,11.83,9.87
1812,Historical,614247,0,0,D,1,0,473659,13.98,2004,59,40.15,32.73
1813,Historical,614299,0,0,D,4,1,1334445,147.95,2006,46,71.78,13.98
1814,Historical,614758,0,0,D,4,1,1465315,43.95,2008,32,6.25,23.77
1815,Historical,615142,0,0,D,10,1,3909226,48.5,2008,35,32.98,4
1816,Historical,615171,0,0,D,1,0,2035425,64.99,2007,38,0,22.78
1817,Historical,615493,0,0,D,1,0,1061359,168.95,2007,33,4.47,28.89
1818,Historical,616531,0,0,D,1,0,846326,144,2011,56,14.86,8.94
1819,Historical,617611,0,0,D,1,0,2900684,80.95,2009,19,9.08,7.12
1820,Historical,619267,0,0,D,2,1,4498749,84.95,1991,19,63.03,15.99
1821,Historical,619988,0,0,D,1,0,4054368,199,2008,28,4,46.78
1822,Historical,620180,0,0,D,1,0,3324695,198.95,2008,17,66.23,49.48
1823,Historical,620689,0,0,D,3,1,1598762,187.95,2004,28,83.89,57.94
1824,Historical,623224,0,0,D,2,1,3559919,139,1998,27,165.72,33.98
1826,Historical,623589,0,0,D,0,0,359848,108,2006,32,133.99,38.73
1827,Historical,625175,0,0,D,1,0,2136009,59,1999,33,39.98,11.99
1828,Historical,625502,0,0,D,5,1,1069866,86.95,1999,43,63.56,43.09
1829,Historical,625671,0,0,D,0,0,1454938,99.95,2013,27,64.98,7.24
1830,Historical,626268,0,0,D,1,0,1013266,59.99,2010,32,31.94,42.07
1831,Historical,628001,0,0,D,3,1,1290834,61,2002,20,92.49,23.98
1832,Historical,628037,0,0,D,6,1,171470,123.33,1998,21,27.6,69.89
1833,Historical,628161,0,0,D,4,1,2839218,79.95,2001,27,60.41,8.98
1834,Historical,629257,0,0,D,2,1,1100667,0,2003,32,226.38,11.3
1835,Historical,631130,0,0,D,1,0,1451661,49.95,2006,14,0,45.83
1836,Historical,632716,0,0,D,6,1,2772350,87.95,1997,26,0,96.04
1837,Historical,632749,0,0,D,2,1,513707,225.99,2006,16,40.79,135.74
1838,Historical,637344,0,0,D,2,1,534200,160,2003,30,35.64,108.34
1839,Historical,638000,0,0,D,4,1,1522901,0,2005,16,38.94,42.87
1840,Historical,638991,0,0,D,1,0,2187909,85,2002,15,80.88,44.86
1841,Historical,640755,0,0,D,0,0,3138897,68,1998,22,75.98,43.97
1842,Historical,641117,0,0,D,1,0,3104194,111.95,2008,12,15.81,9.66
1843,Historical,642384,0,0,D,3,1,4276392,55.33,1990,29,5.57,65.55
1844,Historical,642931,0,0,D,2,1,3388214,13.97,2008,17,11.42,18.89
1845,Historical,644680,0,0,D,3,1,157027,180,2011,26,0,99.98
1846,Historical,644788,0,0,D,0,0,5647391,68.1,1993,23,26.89,70.55
1847,Historical,644932,0,0,D,1,0,5267915,123,2002,17,97.11,19.43
1848,Historical,651166,0,0,D,0,0,3652528,23.99,2001,16,23.93,35.05
1849,Historical,653255,0,0,D,0,0,4393150,53,2009,13,7.58,52.99
1850,Historical,654397,0,0,D,2,1,4337286,79.95,2003,19,43.89,71.03
1851,Historical,654753,0,0,D,2,1,318743,71,2008,20,0,0
1852,Historical,655340,0,0,D,8,1,905144,49.99,2012,32,36.82,18.71
1853,Historical,655766,0,0,D,1,0,4886996,255,2000,19,134.37,74.29
1854,Historical,656108,0,0,D,2,1,2836354,229,1997,21,203.97,187.33
1855,Historical,657121,0,0,D,2,1,1140295,39.99,2011,19,19.03,39.99
1856,Historical,657231,0,0,D,0,0,2778388,75,2011,18,38.03,13.12
1857,Historical,657426,0,0,D,1,0,1185623,79.68,2003,16,54.14,86.99
1858,Historical,660056,0,0,D,0,0,5026970,59.95,2006,13,50.84,72.99
1859,Historical,661307,0,0,D,5,1,260574,280,2009,7,227.4,573.69
1860,Historical,662091,0,0,D,1,0,2526862,119.99,2012,5,83.94,69.14
1861,Historical,662302,0,0,D,1,0,6553961,52.95,2011,13,52.1,6.48
1862,Historical,664501,0,0,D,4,1,3409246,57.95,2013,12,56.82,169.25
1863,Historical,664625,0,0,D,2,1,464503,34.95,2013,13,0,29.97
1864,Historical,664679,0,0,D,2,1,409566,34.95,2013,16,14.23,116.89
1865,Historical,666788,0,0,D,3,1,3214767,90,2006,14,33.98,66.97
1866,Historical,667379,0,0,D,1,0,1893546,83.95,2011,30,51.07,12.9
1867,Historical,668376,0,0,D,6,1,2842479,22.5,2008,10,116.76,18.96
1868,Historical,668699,0,0,D,11,1,924709,198,2001,28,207.53,205.44
1869,Historical,676859,0,0,D,2,1,1964564,29.99,2005,36,0,19.44
1870,Historical,691788,0,0,D,4,1,5392428,118.95,1999,28,8.42,36.63
1871,Historical,691853,0,0,D,4,1,3506046,76.95,1998,28,102.09,47.79
1872,Historical,691860,0,0,D,5,1,3958437,99,1999,23,97.98,51.7
1873,Historical,698365,0,0,D,2,1,4346416,0,1999,10,13.99,9833.28
1874,Historical,699080,0,0,D,5,1,1434552,107.75,2008,16,133.75,38.99
1875,Historical,699199,0,0,D,6,1,3277685,131.89,2009,22,148.28,58.79
1876,Historical,699680,0,0,D,0,0,5330300,99.95,1999,13,97.03,223.07
1877,Historical,703183,0,0,D,2,1,2738321,31.99,2003,25,0,0
1878,Historical,703263,0,0,D,3,1,1727117,62.99,2004,54,34.33,9.23
1879,Historical,703727,0,0,D,2,1,2557434,0,2001,15,11.06,7.94
1880,Historical,704843,0,0,D,4,1,4602542,49.68,1998,39,43.98,4.99
1881,Historical,709056,0,0,D,1,0,2447196,10.88,2007,19,47.29,6.89
1883,Historical,709958,0,0,D,4,1,4587038,96,1999,23,4,32.95
1884,Historical,709999,0,0,D,5,1,6557063,63,1999,14,37.08,45.49
1885,Historical,710377,0,0,D,2,1,5476271,31.2,2000,21,35.81,19.49
1886,Historical,710686,0,0,D,1,0,3191584,74.99,2000,31,22.98,18.98
1887,Historical,711220,0,0,D,4,1,4026655,118.6,2001,23,59.98,40.98
1888,Historical,711309,0,0,D,0,0,3175751,58.67,2001,51,33.44,13.97
1889,Historical,712388,0,0,D,3,1,1417796,81.33,2003,31,36.94,57.82
1890,Historical,713543,0,0,D,3,1,2034653,95,2000,20,133.93,59.99
1891,Historical,713995,0,0,D,1,0,2096553,45.33,2002,24,10.84,43.58
1892,Historical,714283,0,0,D,2,1,3923662,47.6,2001,28,10.68,16.3
1893,Historical,714758,0,0,D,7,1,1556972,42,2002,31,72.84,51.83
1894,Historical,716986,0,0,D,3,1,8152968,33.6,1998,12,32.29,38.75
1895,Historical,717059,0,0,D,2,1,2324065,0,2008,13,166.89,16.98
1896,Historical,719718,0,0,D,0,0,6168892,85,2002,20,63.32,72.31
1897,Historical,720130,0,0,D,2,1,4246191,139.5,2002,16,36.98,50.91
1898,Historical,723388,0,0,D,1,0,996206,275,2009,45,66.75,32.18
1899,Historical,724835,0,0,D,0,0,6405431,85,2006,19,18.98,58.6
1900,Historical,725311,0,0,D,1,0,8047743,79.95,2010,15,54.89,62.99
1901,Historical,727447,0,0,D,1,0,4295382,52.99,2000,19,20.98,38.49
1902,Historical,727969,0,0,D,1,0,4493531,61.99,1999,30,77.92,9.94
1903,Historical,728297,0,0,D,3,1,1514858,54.99,2001,44,4.44,13.99
1904,Historical,728568,0,0,D,0,0,3521887,54.99,2003,20,41.05,45.43
1905,Historical,730935,0,0,D,0,0,2542532,49,2000,15,38.61,72.43
1906,Historical,737221,0,0,D,6,1,3667320,29,2003,17,54.65,41.07
1907,Historical,737275,0,0,D,1,0,4556356,37,2008,11,38.98,73.13
1908,Historical,737671,0,0,D,2,1,3217838,165,2008,24,8.98,22.49
1909,Historical,737960,0,0,D,0,0,1842519,65,2001,20,66.97,43.74
1910,Historical,738077,0,0,D,0,0,5404611,72,1999,16,123.99,70.27
1911,Historical,738112,0,0,D,3,1,2673332,124,2001,35,0,0
1912,Historical,738416,0,0,D,1,0,3442088,28,2003,26,4,13.86
1913,Historical,739900,0,0,D,3,1,5858522,64.2,2003,21,4.98,7.98
1914,Historical,740357,0,0,D,3,1,1616539,69.99,2004,30,50.98,17.88
1915,Historical,741168,0,0,D,5,1,729709,82.2,2006,60,99.53,42.96
1916,Historical,743230,0,0,D,4,1,3906326,241,2001,17,109.61,44.42
1917,Historical,743267,0,0,D,3,1,7176251,40.95,2001,17,58.19,49.63
1918,Historical,743703,0,0,D,3,1,2683167,69.95,2004,28,35.23,47.9
1919,Historical,748227,0,0,D,6,1,4699727,52.55,2002,17,119.98,9.8
1920,Historical,748310,0,0,D,1,0,7007880,135,2006,11,49.94,83.87
1922,Historical,753185,0,0,D,11,1,6110400,125,2011,9,84.05,95.69
1923,Historical,757098,0,0,D,6,1,3122223,42.86,1997,43,146.39,47.79
1924,Historical,758630,0,0,D,2,1,1309014,175,2000,17,153.96,83.96
1925,Historical,758993,0,0,D,1,0,3113148,121.95,2000,16,86.98,133.73
1926,Historical,758996,0,0,D,1,0,4395831,137,2001,13,72.99,60.78
1927,Historical,760506,0,0,D,2,1,2836398,25.49,2005,22,0,22.2
1928,Historical,760629,0,0,D,1,0,13106053,235,2003,9,73.98,94.8
1929,Historical,760697,0,0,D,1,0,8731253,545,2001,10,169.33,77.8
1930,Historical,761226,0,0,D,0,0,3875128,75,2004,29,45.13,6.98
1931,Historical,761274,0,0,D,0,0,8048497,0,2005,14,5.98,115.43
1932,Historical,761294,0,0,D,1,0,2046222,70,2005,36,36.63,16.49
1933,Historical,762848,0,0,D,1,0,3628348,72.95,1997,12,48.73,70.34
1934,Historical,763277,0,0,D,1,0,3377265,60,2000,24,38.14,27.98
1935,Historical,763775,0,0,D,2,1,950006,81.95,1998,38,43.13,9.99
1936,Historical,765577,0,0,D,5,1,2012791,87.95,2002,28,19.57,21.49
1938,Historical,766257,0,0,D,1,0,3828878,80.95,2004,24,27.99,8.99
1939,Historical,766651,0,0,D,1,0,3448443,77.95,1998,33,37.69,20.98
1940,Historical,771470,0,0,D,0,0,1444872,113.45,2003,34,44.24,57.99
1942,Historical,774434,0,0,D,5,1,2378506,177,2003,21,7.54,38.89
1943,Historical,775107,0,0,D,4,1,3754005,94.95,2001,22,86.24,45.35
1944,Historical,775208,0,0,D,4,1,1051954,109,2002,24,55.28,66.24
1945,Historical,775585,0,0,D,3,1,2811874,38.95,2004,24,35.99,13.74
1946,Historical,775596,0,0,D,0,0,3672368,92,2002,19,30.89,61.49
1947,Historical,775772,0,0,D,3,1,6591123,67.95,2003,19,11.44,18.99
1948,Historical,776898,0,0,D,1,0,2171364,49.99,2010,75,28.94,33.32
1949,Historical,778796,0,0,D,3,1,1913920,155.95,2011,22,25.99,60.45
1950,Historical,778962,0,0,D,0,0,3378873,62.34,2008,17,0,33.98
1951,Historical,780416,0,0,D,1,0,3028830,59.95,1999,18,27.78,64.61
1952,Historical,788726,0,0,D,0,0,7824565,149,1999,18,152.56,38.64
1953,Historical,788932,0,0,D,1,0,2820817,99,2000,23,89.06,43.45
1954,Historical,789033,0,0,D,0,0,3047541,59.95,2001,22,19.94,57.49
1955,Historical,789227,0,0,D,1,0,3523664,175.99,2005,16,104.54,19.94
1956,Historical,789270,0,0,D,0,0,5117726,149,2003,24,318,9.61
1957,Historical,789418,0,0,D,1,0,2544605,125,2005,19,94.48,67.37
1958,Historical,789472,0,0,D,1,0,1941030,148.99,2005,15,93.29,87
1959,Historical,789589,0,0,D,1,0,2274006,64.95,2008,32,6.93,12.98
1960,Historical,789695,0,0,D,16,1,2506075,99.95,2008,32,87.67,41.4
1961,Historical,791672,0,0,D,1,0,2275792,60.53,2010,25,53.76,56.91
1962,Historical,792963,0,0,D,0,0,2529097,43.95,1999,28,44.95,38.49
1963,Historical,793236,0,0,D,0,0,5040983,95,2001,13,30.06,101.73
1964,Historical,794213,0,0,D,0,0,4225727,115,2005,14,0,110.3
1965,Historical,794985,0,0,D,1,0,3912904,153.95,2010,27,38.81,45.06
1966,Historical,795190,0,0,D,6,1,2055412,37.98,2012,29,109.07,39.96
1967,Historical,802326,0,0,D,1,0,2240968,140.95,2006,34,0,0
1968,Historical,803873,0,0,D,5,1,3799680,155,2005,8,43.64,33.99
1969,Historical,804020,0,0,D,1,0,1501414,299,2008,11,182.54,108.68
1970,Historical,807980,0,0,D,2,1,516751,39.99,2011,25,23.64,10.12
1971,Historical,823981,0,0,D,0,0,4901656,30,1994,13,41.94,35.97
1972,Historical,826733,0,0,D,3,1,3126499,39.95,2000,28,6.57,6.89
1973,Historical,827895,0,0,D,1,0,2975860,45,1996,27,0,0
1974,Historical,828529,0,0,D,3,1,3104899,47.95,1991,29,32.12,45.97
1976,Historical,829982,0,0,D,1,0,4216180,62.95,1991,18,13.9,69.9
1977,Historical,830345,0,0,D,11,1,1702924,59.95,2002,41,4,21.95
1978,Historical,833084,0,0,D,0,0,10734513,0,1981,20,48.4,54.67
1979,Historical,833115,0,0,D,0,0,1696526,89.58,1979,22,38.98,71.99
1980,Historical,833378,0,0,D,0,0,2838503,112.95,2002,33,44.54,7.46
1981,Historical,834571,0,0,D,14,1,4251136,149,1998,27,18.99,50.89
1982,Historical,835315,0,0,D,5,1,4628823,165,1996,22,23.99,62.85
1983,Historical,836695,0,0,D,11,1,4597197,247,2003,26,120.35,65.09
1984,Historical,844951,0,0,D,4,1,9816207,0,1989,18,36.94,64.39
1985,Historical,847965,0,0,D,0,0,1043162,47.16,1997,18,10.99,25.84
1986,Historical,848243,0,0,D,2,1,9981026,31.56,1997,16,10.23,47.07
1987,Historical,850766,0,0,D,1,0,4762876,0,1999,19,0,48.99
1988,Historical,851781,0,0,D,3,1,5259513,32.19,2000,22,0,14.99
1989,Historical,858560,0,0,D,5,1,3847658,78,1995,16,51.6,86.99
1990,Historical,859046,0,0,D,2,1,3814766,30.59,2003,22,76.97,20.24
1991,Historical,859124,0,0,D,7,1,4428522,44,2004,22,39.49,8.93
1992,Historical,863033,0,0,D,7,1,4299049,52.95,2002,25,48.64,45.33
1993,Historical,863622,0,0,D,3,1,334495,79.95,2009,22,59.85,79.94
1994,Historical,866105,0,0,D,4,1,3621190,199.95,2004,12,36.98,83.9
1995,Historical,868195,0,0,D,1,0,4952811,61,1993,18,7.23,12.98
1996,Historical,868227,0,0,D,1,0,2996632,51,1998,19,28.39,54.05
1997,Historical,868319,0,0,D,3,1,1344791,42.49,1989,27,74.86,42.44
1998,Historical,868404,0,0,D,3,1,4306051,35,1996,21,23.94,22.94
1999,Historical,868474,0,0,D,0,0,2842960,95.95,1994,20,57.83,26.98
2000,Historical,868670,0,0,D,8,1,1674903,176,2009,35,5.19,21.88
2001,Historical,868830,0,0,D,2,1,9441254,58.25,1992,15,46.5,72.67
2002,Historical,870050,0,0,D,3,1,3284276,55,2002,21,81.98,42.43
2003,Historical,870219,0,0,D,2,1,5204696,27.95,1996,24,33.98,37.79
2004,Historical,870560,0,0,D,1,0,1454920,98.95,2000,28,133.99,45.81
2005,Historical,870688,0,0,D,3,1,338037,70.67,1999,26,88.52,46.81
2006,Historical,871215,0,0,D,0,0,6391247,0,1984,8,11.95,0
2007,Historical,871778,0,0,D,3,1,7777574,63.95,1997,16,78.08,23.94
2008,Historical,871885,0,0,D,1,0,3919492,89.95,2001,23,132.99,13.72
2009,Historical,872101,0,0,D,4,1,2716700,22.79,2009,45,66.28,19.4
2010,Historical,872464,0,0,D,1,0,2464423,83.5,1999,36,76.99,47.3
2011,Historical,872492,0,0,D,3,1,2977155,49,1993,29,4.98,8.72
2012,Historical,872493,0,0,D,1,0,1526158,198.95,2008,30,109.27,63.9
2013,Historical,873038,0,0,D,0,0,1816552,0,1979,16,8.18,69.89
2015,Historical,873331,0,0,D,4,1,6983450,71.75,1995,20,38.59,11.99
2016,Historical,873432,0,0,D,1,0,6107214,64.95,1996,24,53.12,23.75
2017,Historical,873529,0,0,D,2,1,4706490,39.99,1998,25,46.82,8.98
2018,Historical,874750,0,0,D,4,1,3020710,104.2,2001,32,128.99,21.49
2019,Historical,876051,0,0,D,7,1,155169,40.95,2009,49,18.99,20.06
2020,Historical,876158,0,0,D,5,1,2367935,75,2002,42,96.88,44.12
2021,Historical,878320,0,0,D,0,0,2053750,128.54,2009,37,0,61.73
2022,Historical,882584,0,0,D,0,0,8798465,48.95,1999,18,35.7,44.15
2023,Historical,882807,0,0,D,1,0,4953715,130,2001,8,83.99,66.55
2024,Historical,884326,0,0,D,0,0,276029,21.95,2007,6,0,18.71
2025,Historical,884635,0,0,D,3,1,322337,0,2008,14,0,47.99
2026,Historical,886212,0,0,D,4,1,910125,49.99,2012,20,33.53,27.77
2027,Historical,887876,0,0,D,10,1,3836801,73.95,2002,22,52.07,49.87
2028,Historical,887977,0,0,D,0,0,1117716,28,2003,16,8.98,100.01
2029,Historical,888071,0,0,D,1,0,329015,32.3,2004,17,90.98,34.78
2030,Historical,888671,0,0,D,8,1,775446,113.27,2011,11,0,89.49
2031,Historical,890060,0,0,D,3,1,8359327,64.99,2007,15,41.14,52.85
2032,Historical,891150,0,0,D,9,1,4010597,108,1992,19,162.99,143.41
2033,Historical,891193,0,0,D,0,0,5051902,325,1995,10,277.54,48.15
2034,Historical,891604,0,0,D,2,1,6241438,226.95,2004,18,115.12,69.29
2035,Historical,891609,0,0,D,0,0,9189735,42.95,2004,18,23.79,47.13
2036,Historical,892294,0,0,D,0,0,5302446,99,2010,10,49.99,74.75
2037,Historical,893953,0,0,D,0,0,3836184,150,2011,15,92.49,141.69
2038,Historical,895768,0,0,D,0,0,3279713,85,1991,17,127.73,59.14
2039,Historical,895842,0,0,D,0,0,3531386,58,2003,13,0,51.99
2040,Historical,895844,0,0,D,1,0,1257263,155,1997,10,152.64,145.16
2041,Historical,896114,0,0,D,3,1,3612287,38,1997,11,76.99,221.36
2042,Historical,896386,0,0,D,0,0,7325495,179,1997,23,48.42,52.61
2043,Historical,896524,0,0,D,7,1,9379010,50.96,1998,15,18.99,48.95
2044,Historical,897251,0,0,D,2,1,986993,34.95,2007,16,45.9,63.99
2045,Historical,897636,0,0,D,0,0,2771350,14.64,1997,14,53.6,89.24
2046,Historical,897648,0,0,D,2,1,2264616,59.95,2014,14,28,5.82
2047,Historical,897833,0,0,D,1,0,4203161,34.95,1998,14,0,73.49
2048,Historical,897846,0,0,D,1,0,3085793,99.95,2004,11,95.99,360.79
2049,Historical,898489,0,0,D,2,1,12547812,69.95,1994,13,8.77,62.68
2050,Historical,899516,0,0,D,6,1,4038453,29.95,2002,17,26.9,80.01
2051,Historical,899757,0,0,D,1,0,4551655,52.95,2006,20,18.96,13.93
2052,Historical,899847,0,0,D,0,0,3670310,99,1987,12,74.99,63.67
2053,Historical,900867,0,0,D,3,1,1466691,0,1996,16,0,0
2054,Historical,901112,0,0,D,2,1,2851556,43,1997,14,18.99,18.98
2055,Historical,901369,0,0,D,0,0,4104904,65,1999,23,43.04,73.97
2056,Historical,901465,0,0,D,1,0,4415903,99,1993,14,6.49,21.98
2057,Historical,901622,0,0,D,3,1,3926045,0,1976,15,47.39,12.94
2058,Historical,901673,0,0,D,0,0,5884546,83.8,1997,20,53.83,35.55
2059,Historical,901795,0,0,D,1,0,5430596,38,2004,11,0,16.89
2060,Historical,902855,0,0,D,0,0,1547349,93.95,1959,17,38.94,93.69
2061,Historical,902901,0,0,D,0,0,2548457,39.95,2005,20,30.44,33.99
2062,Historical,902926,0,0,D,1,0,2552972,94.99,2003,20,0,70.12
2063,Historical,902988,0,0,D,6,1,3446359,64.95,2009,15,68.11,73.98
2064,Historical,903147,0,0,D,1,0,3438095,79.95,2002,16,72.38,67.75
2065,Historical,903229,0,0,D,2,1,1444729,32.5,1997,10,519.79,73.17
2066,Historical,903391,0,0,D,1,0,6329273,109,1993,18,142.45,82.4
2067,Historical,903433,0,0,D,3,1,5086763,69,2000,23,48.98,49.88
2068,Historical,903531,0,0,D,5,1,9260384,0,1987,19,18.72,45.48
2069,Historical,904694,0,0,D,0,0,4488217,34.95,2003,14,31.72,27.99
2070,Historical,904867,0,0,D,2,1,5767446,32.95,2007,19,10.73,14.77
2071,Historical,905256,0,0,D,1,0,4566478,244.95,1994,18,24.08,20.99
2072,Historical,905517,0,0,D,1,0,1878196,29.99,2003,21,17.75,38.73
2073,Historical,905650,0,0,D,7,1,1012956,118.47,2012,13,0,0
2074,Historical,905866,0,0,D,1,0,1012627,155,1997,17,199.11,61.63
2075,Historical,905939,0,0,D,1,0,1716707,155,1989,20,69.68,98.41
2076,Historical,906112,0,0,D,1,0,3355739,94.95,2001,18,72.38,55.15
2077,Historical,906118,0,0,D,1,0,4240758,99,1999,14,71.49,53.62
2078,Historical,906977,0,0,D,2,1,1600741,39.95,2001,19,56.86,18.43
2079,Historical,907016,0,0,D,4,1,2321481,19.95,2003,26,13.49,10.48
2080,Historical,907233,0,0,D,4,1,2413718,103.73,2006,29,24.13,64.39
2081,Historical,907297,0,0,D,0,0,3452098,119.95,1999,15,17.15,9.15
2082,Historical,907408,0,0,D,1,0,3654659,195,1997,16,44.28,95.03
2083,Historical,907558,0,0,D,0,0,5395637,83.95,2003,18,43.93,59.21
2084,Historical,907564,0,0,D,2,1,4538896,0,1989,20,0,18.52
2085,Historical,907700,0,0,D,3,1,6511163,169.76,1983,17,23.84,67.95
2086,Historical,908299,0,0,D,1,0,1740177,64.95,2005,18,0,6.8
2087,Historical,908423,0,0,D,9,1,4771511,71.5,2008,25,4.48,53.53
2088,Historical,908649,0,0,D,0,0,1771448,54.99,2006,20,22.7,44.31
2089,Historical,909344,0,0,D,1,0,3225063,83.95,1999,16,92.01,35.94
2090,Historical,909404,0,0,D,0,0,2630467,72.45,1994,29,66.21,38.07
2091,Historical,909455,0,0,D,3,1,1826142,90.95,1999,31,125.31,36.96
2092,Historical,909550,0,0,D,0,0,3290416,39.95,2001,23,30.88,11.99
2093,Historical,909606,0,0,D,1,0,3887479,95,1994,20,82.56,50.82
2094,Historical,909671,0,0,D,2,1,4336750,29.99,2001,31,24.71,7.98
2095,Historical,909772,0,0,D,0,0,6909260,31.95,1999,19,13.98,15.99
2096,Historical,910650,0,0,D,0,0,3729704,29.95,2001,17,30.53,57.09
2097,Historical,911168,0,0,D,1,0,1016511,165.27,2011,20,0,163.98
2098,Historical,911219,0,0,D,2,1,3575130,33.35,2000,18,12.49,9.49
2099,Historical,911489,0,0,D,5,1,6752005,43,1994,18,46.14,49.64
2100,Historical,911505,0,0,D,0,0,7256229,41.95,1996,18,24.94,49.57
2101,Historical,911605,0,0,D,2,1,715882,32.95,2002,39,14.85,59.83
2102,Historical,911660,0,0,D,0,0,941168,90.4,2007,25,0,34.89
2103,Historical,911821,0,0,D,0,0,1120714,90.75,1989,23,0,100.42
2104,Historical,911909,0,0,D,1,0,1870320,49.99,2007,25,26.48,21.49
2105,Historical,911920,0,0,D,1,0,2023528,59.95,2011,26,31.49,24.99
2106,Historical,911981,0,0,D,4,1,1339090,86.3,1996,34,122.37,29.93
2107,Historical,912000,0,0,D,1,0,2334201,113,1996,25,75.98,31.94
2108,Historical,912077,0,0,D,5,1,2923029,119,2002,12,158.88,110.66
2109,Historical,912457,0,0,D,0,0,800637,30,1989,42,43.99,33.97
2110,Historical,912483,0,0,D,9,1,2692251,32.51,2009,51,150.43,22.78
2111,Historical,912660,0,0,D,1,0,1368302,0,1989,17,0,209.41
2112,Historical,912683,0,0,D,0,0,1863864,35.95,2008,27,0,21.99
2113,Historical,912691,0,0,D,2,1,706875,43,2008,21,0,6.92
2114,Historical,912728,0,0,D,5,1,2763866,117,2000,23,10.51,13.48
2115,Historical,912827,0,0,D,0,0,3231251,40,2008,16,0,28.99
2116,Historical,912844,0,0,D,0,0,3676396,55,2003,22,0,31.98
2117,Historical,912927,0,0,D,12,1,5266087,115,2007,23,98.92,56.25
2118,Historical,913354,0,0,D,3,1,671103,29.95,1997,25,30.97,47.72
2119,Historical,914095,0,0,D,1,0,3306636,18.46,1999,27,29.49,18.48
2120,Historical,914424,0,0,D,4,1,1014251,29.95,2003,22,0,32.56
2121,Historical,914653,0,0,D,0,0,3815652,15.95,1989,26,63.26,11.97
2122,Historical,914661,0,0,D,4,1,3349597,139.95,1995,31,17.95,16.98
2123,Historical,915083,0,0,D,4,1,3261459,41.5,1993,32,47.31,9.66
2124,Historical,915145,0,0,D,3,1,4467106,33.28,1995,25,50.49,26.99
2125,Historical,915859,0,0,D,11,1,202805,32,1994,36,3.99,28.99
2126,Historical,916146,0,0,D,2,1,2372476,67.95,1994,34,72.99,50.99
2127,Historical,918098,0,0,D,0,0,3997064,0,1981,32,67.68,44.77
2128,Historical,919010,0,0,D,1,0,373836,70,1979,36,128.99,6.64
2129,Historical,919685,0,0,D,2,1,2134470,26.95,1997,36,21.43,30.13
2130,Historical,919805,0,0,D,1,0,748002,110.4,2010,40,60.99,23.81
2131,Historical,920374,0,0,D,3,1,4536287,44,2000,32,14.54,15.8
2133,Historical,923150,0,0,D,0,0,454252,32,1991,119,0,0
2134,Historical,525474,0,0,D,11,1,4340723,145,2009,14,86.85,7.77
2135,Historical,2344167,0,0,D,0,0,3708469,74.92,1978,14,14.82,56.43
2137,Historical,548177,0,0,D,0,0,2350868,149.13,2005,22,16.45,20.9
2138,Historical,548332,0,0,D,1,0,1212135,40.35,2003,22,0,6.24
2139,Historical,2318713,0,0,D,3,1,5465460,0,1981,18,39.96,72.91
2140,Historical,1434696,0,0,D,0,0,3727859,0,2009,16,66.06,95.65
2141,Historical,642397,0,0,D,2,1,550466,124.7,1988,31,78.06,77.94
2142,Historical,107223,0,0,D,4,1,289867,0,2003,26,38.89,29.55
2143,Historical,907991,0,0,D,1,0,1879765,39.22,2003,18,39.98,68.54
2144,Historical,699120,0,0,D,11,1,3034361,0,2006,14,31.99,92.09
2145,Historical,824651,0,0,D,2,1,6610732,32.95,1996,23,6.57,8.95
2146,Historical,104960,0,0,D,3,1,652317,55.95,1996,47,38.99,50.75
2147,Historical,915154,0,0,D,0,0,3553152,71.95,1996,31,25.23,23.98
2148,Historical,3597005,0,0,D,5,1,4324510,39.95,1993,34,0,17.21
2149,Historical,622966,0,0,D,2,1,796127,69.95,1990,28,62.44,39.99
2150,Historical,834660,0,0,D,20,1,3852995,150,1995,12,21.99,69.93
2151,Historical,2337120,0,0,D,4,1,193593,150,1995,23,87.37,73.11
2152,Historical,830992,0,0,D,3,1,1939301,67.95,2001,26,45.45,41.15
2153,Historical,2333319,0,0,D,0,0,9510043,54.95,1996,16,46.23,53.49
2154,Historical,868005,0,0,D,4,1,369433,102.5,1988,54,61.29,30.46
2155,Historical,696758,0,0,D,1,0,4048014,225,1997,13,155.73,43.84
2156,Historical,701173,0,0,D,12,1,2254782,197,2007,11,93.98,143.96
2157,Historical,830342,0,0,D,4,1,3431039,59.95,1995,35,38.94,28.98
2158,Historical,2342506,0,0,D,4,1,1390003,99,1996,25,5.02,21.18
2159,Historical,696567,0,0,D,0,0,5286938,49.95,1998,16,18.99,22.84
2161,Historical,637912,0,0,D,21,1,3930702,39.95,2002,15,4.02,13.98
2162,Historical,827802,0,0,D,4,1,2299702,44.95,1999,17,52.19,25.36
2163,Historical,3239245,0,0,D,7,1,7420275,125.8,2005,40,63.97,128.47
2164,Historical,2337422,0,0,D,1,0,8644607,49.95,1996,18,29.9,43.99
2165,Historical,702603,0,0,D,0,0,2503563,39.99,1999,69,17.74,5.95
2166,Historical,700574,0,0,D,1,0,2595706,72.95,2006,16,37.5,78.95
2167,Historical,106911,0,0,D,0,0,3656420,39.99,2001,29,4.39,9.98
2168,Historical,308214,0,0,D,1,0,2856279,7.45,2003,32,45.41,5.46
2169,Historical,697093,0,0,D,1,0,2334128,189,1997,20,102.99,59.45
2170,Historical,3273327,0,0,D,0,0,4819305,39.83,1994,12,0,39.83
2171,Historical,415901,0,0,D,1,0,1846962,199,2009,23,4,60.23
2172,Historical,2261836,0,0,D,1,0,8008023,39.46,2011,31,0,68.22
2173,Historical,105686,0,0,D,3,1,140084,156,2000,25,123.16,120.84
2174,Historical,699855,0,0,D,0,0,4805008,59.95,2000,21,4,10.14
2175,Historical,105780,0,0,D,1,0,1611991,51.95,2002,20,61.57,67.23
2176,Historical,696885,0,0,D,6,1,4688400,42.95,2000,25,37.33,6.48
2177,Historical,549193,0,0,D,2,1,4448930,59.3,1989,25,50.89,36.15
2178,Historical,2344444,0,0,D,2,1,3877748,0,1981,13,100.45,100.23
2180,Historical,607071,0,0,D,2,1,2612743,50.93,1990,22,5.23,21.99
2181,Historical,696398,0,0,D,0,0,7364974,36.25,1998,12,0,0
2182,Historical,696397,0,0,D,0,0,4069567,34.45,1998,12,0,6.69
2183,Historical,531185,0,0,D,7,1,706604,0,2008,29,142.04,51.48
2184,Historical,646846,0,0,D,1,0,538323,0,2013,33,96.47,104.84
2185,Historical,622985,0,0,D,4,1,1176770,199.5,2007,23,105,42.94
2186,Historical,876445,0,0,D,9,1,3409912,103.25,2008,24,45.19,5.95
2187,Historical,108961,0,0,D,4,1,213072,23.1,2005,38,83.99,17.27
2188,Historical,698828,0,0,D,12,1,4691187,112.25,2006,16,36.5,13.99
2189,Historical,698170,0,0,D,7,1,9213151,0,2002,9,0,0
2190,Historical,2256869,0,0,D,5,1,2785860,33.47,2007,37,0,30.21
2191,Historical,110412,0,0,D,2,1,1587610,141.25,2008,26,83.54,63.98
2192,Historical,873049,0,0,D,3,1,1567534,0,2011,11,97.94,16.89
2193,Historical,696902,0,0,D,6,1,6655910,0,1997,25,39.21,7.85
2194,Historical,56597,0,0,D,4,1,1285000,152.5,2008,22,112.64,47.43
2195,Historical,3469016,0,0,D,8,1,6628841,0,2002,21,0,48.43
2196,Historical,2346945,0,0,D,2,1,2754949,0,1991,10,178.55,43.98
2197,Historical,108949,0,0,D,4,1,2282465,18.99,2005,36,147.57,18.99
2198,Historical,550675,0,0,D,1,0,2345888,0,2008,21,0,52.45
2199,Historical,698689,0,0,D,3,1,2191655,96.75,2010,18,143.99,53.3
2200,Historical,874730,0,0,D,2,1,2842247,6.91,2011,43,23.94,8.81
2201,Historical,550311,0,0,D,3,1,553603,0,2008,52,26.08,28.79
2202,Historical,879172,0,0,D,2,1,1139321,25.94,2008,39,120.98,15.89
2203,Historical,696722,0,0,D,2,1,2942998,75.75,2009,19,72.15,12.97
2204,Historical,416480,0,0,D,5,1,330327,161.25,2008,36,118.99,48.99
2205,Historical,538153,0,0,D,5,1,5960631,105.25,2010,16,72.99,29.11
2206,Historical,549497,0,0,D,6,1,266420,352.75,2012,33,128.95,36.99
2207,Historical,549498,0,0,D,11,1,2604359,108,2011,18,81.99,9.99
2208,Historical,2337694,0,0,D,5,1,5633851,40.1,1990,29,0,15.99
2209,Historical,111063,0,0,D,2,1,1854851,110.47,2009,32,181.44,51.62
2210,Historical,110379,0,0,D,4,1,2193062,85.5,2008,18,84.58,28.98
2211,Historical,107880,0,0,D,4,1,45151,18.79,2001,54,33.99,20.77
2212,Historical,876375,0,0,D,9,1,2263794,0,2011,16,84.99,7.85
2213,Historical,903936,0,0,D,24,1,2121775,212,2013,13,98.22,158.2
2214,Historical,613750,0,0,D,3,1,2066549,112.5,2007,25,165.82,53.8
2215,Historical,107403,0,0,D,3,1,3802551,91.45,2002,36,43.6,4.13
2216,Historical,537630,0,0,D,5,1,1201398,265,2012,25,170.48,100.57
2217,Historical,108168,0,0,D,1,0,5889353,8.99,2003,24,0,10.69
2218,Historical,108174,0,0,D,1,0,4848315,4.99,2003,23,0,4.99
2219,Historical,110559,0,0,D,6,1,166902,48.42,2007,36,79.01,22.63
2220,Historical,415706,0,0,D,10,1,1825126,96.75,2008,26,104.49,9.99
2221,Historical,880783,0,0,D,7,1,1413053,32.99,2008,41,122.9,48.98
2222,Historical,307846,0,0,D,4,1,2287851,65.14,2008,16,101.02,30.64
2223,Historical,698619,0,0,D,9,1,1840804,99,2009,17,141.62,9.99
2224,Historical,56700,0,0,D,10,1,1966302,5.75,2008,19,86.84,43.06
2225,Historical,606932,0,0,D,8,1,5954152,0,2005,16,16.99,94.13
2226,Historical,705294,0,0,D,8,1,4718268,0,2006,18,13.99,49.57
2227,Historical,109147,0,0,D,5,1,3477977,190,2005,15,74.77,12.24
2228,Historical,107720,0,0,D,8,1,3049203,0,2003,22,33.49,9.18
2229,Historical,626726,0,0,D,1,0,10653312,148.95,2000,15,88.98,5.98
2230,Historical,111281,0,0,D,1,0,3909924,0,2009,13,57.54,87.99
2231,Historical,107172,0,0,D,4,1,6249015,25.6,2001,27,60.97,4
2232,Historical,103855,0,0,D,1,0,3227351,10.99,1999,24,51.33,10.99
2233,Historical,911606,0,0,D,3,1,272468,51.99,2005,20,143.94,58.48
2234,Historical,109544,0,0,D,3,1,4096554,105.25,2005,14,43.91,28.97
2235,Historical,884876,0,0,D,0,0,6999769,0,2008,12,0,104.27
2236,Historical,105537,0,0,D,12,1,1814964,101.25,2010,28,109.91,8.97
2237,Historical,111136,0,0,D,1,0,2935306,8.93,2009,24,58.99,8.61
2238,Historical,877502,0,0,D,9,1,2626591,20,2008,53,90.99,29.76
2239,Historical,705538,0,0,D,4,1,3537489,0,2011,24,133.53,72.59
2240,Historical,699143,0,0,D,17,1,7215829,116.5,2009,15,148.45,30.24
2241,Historical,704191,0,0,D,5,1,2485061,15.24,2005,28,123.22,15.24
2242,Historical,699400,0,0,D,6,1,326415,53.97,2012,19,85.99,52.22
2243,Historical,705210,0,0,D,8,1,1171395,0,2006,23,36.91,53.99
2244,Historical,699190,0,0,D,8,1,1810328,0,2009,17,125.11,52.29
2246,Historical,533795,0,0,D,7,1,1375518,89.96,2010,31,140.85,89.96
2247,Historical,606983,0,0,D,6,1,2276383,40.96,2005,19,133.76,40.97
2248,Historical,699081,0,0,D,11,1,2196491,0,2008,20,97.74,33.9
2249,Historical,699312,0,0,D,13,1,3574071,12.99,2011,30,97.74,9.99
2250,Historical,878481,0,0,D,14,1,1440050,77.87,2010,40,129.22,87.14
2251,Historical,549487,0,0,D,5,1,1822924,112.25,2008,20,141.77,9.99
2252,Historical,621382,0,0,D,7,1,824925,41.87,2008,33,153.24,30.52
2253,Historical,698953,0,0,D,7,1,1119634,90.25,2009,23,143.5,25.22
2254,Historical,877718,0,0,D,11,1,2551125,73.46,2008,43,143.23,45.02
2255,Historical,1822330,0,0,D,3,1,393510,12.75,2013,19,0,64.07
2256,Historical,698989,0,0,D,2,1,2958402,0,2009,17,120.49,33.04
2257,Historical,706087,0,0,D,5,1,1454136,314.75,2011,12,118.99,125.6
2258,Historical,285550,0,0,D,15,1,1872951,295,2011,27,145.94,602.99
2259,Historical,697790,0,0,D,11,1,1825384,0,2011,15,154.64,47.99
2260,Historical,104977,0,0,D,4,1,3931739,11.88,2008,20,148.53,10.62
2261,Historical,111653,0,0,D,4,1,1942941,0,2011,25,82.8,151.07
2262,Historical,607004,0,0,D,3,1,2519347,164.06,2009,43,82.8,11.49
2263,Historical,416482,0,0,D,10,1,515211,43.98,2008,17,119.54,43.98
2264,Historical,875296,0,0,D,10,1,105988,69.17,2010,66,103.99,48.99
2265,Historical,696726,0,0,D,7,1,648522,0,2009,13,115.19,49.64
2266,Historical,698861,0,0,D,8,1,453573,30.86,2007,16,108.99,51.84
2267,Historical,538110,0,0,D,8,1,153290,29.98,2009,26,138.38,73.88
2268,Historical,696679,0,0,D,8,1,814612,91.5,2009,20,71.98,9.99
2269,Historical,696680,0,0,D,12,1,765135,23.68,2009,14,244.6,23.98
2270,Historical,699401,0,0,D,6,1,132831,45.75,2012,29,151.99,30.98
2271,Historical,697913,0,0,D,6,1,2271951,101.25,2006,15,80.94,26.49
2272,Historical,538542,0,0,D,9,1,12912,247,2012,75,65.98,101.74
2273,Historical,699230,0,0,D,11,1,1516125,63.18,2011,19,220.89,84.85
2274,Historical,105356,0,0,D,13,1,191263,53.97,2010,23,88.99,70.46
2275,Historical,607008,0,0,D,6,1,2595241,13.99,2010,50,97,13.99
2276,Historical,699324,0,0,D,11,1,366797,37.98,2012,16,123.98,29.99
2277,Historical,879298,0,0,D,7,1,2397812,20.08,2006,42,90.84,18.85
2278,Historical,111601,0,0,D,9,1,1113648,0,2010,22,103.99,263.98
2279,Historical,105538,0,0,D,9,1,1774678,33.87,2011,20,202.77,41.89
2280,Historical,109560,0,0,D,11,1,5342607,4.98,2005,23,18.87,6.99
2281,Historical,915488,0,0,D,12,1,2461882,0,2007,22,18.87,41.31
2282,Historical,285413,0,0,D,9,1,394141,13.99,2010,41,25.99,17.94
2284,Historical,875673,0,0,D,6,1,2127718,126.8,2011,45,107.46,52.93
2285,Historical,914970,0,0,D,11,1,914476,35.51,2008,53,6.39,26.48
2286,Historical,876794,0,0,D,4,1,1540484,28.6,2007,36,72.03,28.6
2287,Historical,2259215,0,0,D,3,1,4276181,172.18,2008,37,153.99,157.71
2288,Historical,104979,0,0,D,6,1,6454668,138.1,2006,21,71.5,13.63
2289,Historical,872317,0,0,D,0,0,2300153,27.66,2008,39,89.57,14.59
2290,Historical,699091,0,0,D,12,1,2370348,33.97,2008,17,89.57,33.97
2291,Historical,111642,0,0,D,9,1,2216715,512.38,2011,20,156.69,675
2292,Historical,699025,0,0,D,17,1,3370748,17.07,2008,21,90.93,4.8
2293,Historical,696744,0,0,D,9,1,1632638,13.69,2009,25,103.99,27.63
2294,Historical,698930,0,0,D,6,1,2005820,9.09,2010,21,127.99,29.8
2295,Historical,549474,0,0,D,2,1,641071,86.75,2010,10,125.52,18.99
2296,Historical,105514,0,0,D,7,1,4496264,88,2007,27,110.92,22.13
2297,Historical,110217,0,0,D,3,1,442394,23.94,2009,36,71.34,16.99
2298,Historical,549454,0,0,D,10,1,4058444,74.75,2009,15,61.51,46.6
2300,Historical,614319,0,0,D,14,1,5032701,0,2007,23,16.4,13.99
2301,Historical,530654,0,0,D,7,1,1237086,16.12,2010,43,120.21,13.2
2302,Historical,108960,0,0,D,4,1,3275817,122.25,2006,22,42.95,51.89
2303,Historical,108405,0,0,D,10,1,862596,0,2003,10,137.08,48.99
2304,Historical,2283612,0,0,D,1,0,5436445,97.87,2008,41,103.49,79.12
2305,Historical,915857,0,0,D,8,1,1757388,40.86,2013,35,152.02,39.51
2306,Historical,2249818,0,0,D,8,1,252598,59.99,2006,25,0,51.36
2307,Historical,551206,0,0,D,27,1,555608,54.25,2012,18,44.66,51.62
2308,Historical,872255,0,0,D,8,1,414376,72.54,2011,39,125.63,74.6
2309,Historical,2345776,0,0,D,5,1,14102655,70,1983,10,43.99,113.45
2310,Historical,874837,0,0,D,0,0,842708,102,1980,42,18.52,42.5
2311,Historical,899502,0,0,D,0,0,2159051,21.75,1999,13,8.33,48.15
2312,Historical,309823,0,0,D,0,0,4972468,94.5,2003,21,28.91,7.48
2313,Historical,696697,0,0,D,0,0,3630472,0,1998,21,0,234.86
2314,Historical,112475,0,0,D,1,0,1289625,58.95,2000,19,6.97,81.56
2315,Historical,112752,0,0,D,2,1,2059429,99.95,2000,22,4,13.99
2316,Historical,663042,0,0,D,1,0,3083410,116,2002,22,58.99,15.3
2317,Historical,2363113,0,0,D,2,1,2295377,72.95,1999,12,60.87,109.58
2319,Historical,2362244,0,0,D,1,0,2043535,1580,1994,8,699.56,675
2320,Historical,113344,0,0,D,3,1,1294932,170,1999,20,88.83,53.99
2321,Historical,2259761,0,0,D,0,0,4262922,0,2007,31,0,68.87
2322,Historical,2258430,0,0,D,0,0,3709526,0,2010,35,68.99,119.59
2323,Historical,112838,0,0,D,6,1,4269283,165,2005,12,29.59,693.21
2325,Historical,2362450,0,0,D,0,0,972432,117,1974,21,39.97,75.99
2326,Historical,609660,0,0,D,2,1,4347194,39.95,1994,26,32.04,5.82
2327,Historical,2363328,0,0,D,1,0,889098,77.95,1992,29,35.69,35.59
2329,Historical,144177,0,0,D,6,1,4016003,93,1999,33,48.98,28.75
2330,Historical,1446075,0,0,D,1,0,3481291,195,2014,13,0,150.4
2331,Historical,159665,0,0,D,2,1,1387952,136,2001,18,109.66,154.65
2332,Historical,882985,0,0,D,1,0,6269367,229.95,2002,11,170.33,206.09
2333,Historical,2361995,0,0,D,0,0,1425529,70.95,1995,13,76.99,68.64
2335,Historical,889384,0,0,D,2,1,3501688,155,1995,20,179.34,56
2336,Historical,296056,0,0,D,2,1,10676495,139,1999,16,101.34,23.98
2337,Historical,112998,0,0,D,1,0,4260571,175,2000,10,124.04,120.52
2338,Historical,390284,0,0,D,2,1,3518736,74,1996,25,32.59,17.19
2339,Historical,903294,0,0,D,2,1,3851651,41.95,1999,23,49.36,54.19
2340,Historical,419905,0,0,D,1,0,3672694,143,2007,12,113.78,152.84
2341,Historical,882056,0,0,D,2,1,4436041,65,1992,10,68.43,145.08
2342,Historical,914641,0,0,D,1,0,3894397,63.95,2010,26,31.49,45.15
2343,Historical,2698951,0,0,D,2,1,5727784,84.95,1999,14,89.86,141.85
2344,Historical,547783,0,0,D,1,0,6431520,36.4,1994,16,3.99,49.38
2345,Historical,3244031,0,0,D,2,1,10024549,0,1999,10,0,56.98
2346,Historical,3464052,0,0,D,2,1,5479084,59,1995,31,0,30.35
2348,Historical,889208,0,0,D,2,1,4564687,0,1967,15,75.08,60.15
2349,Historical,2388033,0,0,D,3,1,6915373,0,1976,20,38.47,45.01
2351,Historical,902786,0,0,D,2,1,400819,107,1995,22,167.55,153.53
2352,Historical,3219313,0,0,D,2,1,1303179,0,1972,35,0,79.56
2353,Historical,2379079,0,0,D,0,0,6738202,29.75,1994,14,38.65,13.98
2354,Historical,912838,0,0,D,2,1,3135485,113,1996,19,33.09,23.99
2355,Historical,710060,0,0,D,2,1,8077862,62,2000,13,33.09,49.47
2356,Historical,114911,0,0,D,1,0,196766,25.6,2002,41,43.96,12.39
2357,Historical,3475211,0,0,D,3,1,3179811,56,1994,17,0,34.37
2358,Historical,553222,0,0,D,2,1,9256727,30,1993,22,50.4,8.44
2359,Historical,3463945,0,0,D,0,0,2255900,95.95,1991,13,0,62.17
2360,Historical,882236,0,0,D,0,0,13986732,38,1995,10,12.49,20.99
2361,Historical,909059,0,0,D,4,1,2689674,105,1998,18,57.42,71.79
2362,Historical,3271940,0,0,D,11,1,5317068,50.12,2003,21,4.77,50.12
2364,Historical,879551,0,0,D,0,0,742792,40.49,2003,47,33.8,25.51
2365,Historical,607420,0,0,D,8,1,1529341,82.67,1996,33,19.93,4.96
2366,Historical,551947,0,0,D,1,0,1743499,84,1995,15,53.99,10.99
2367,Historical,711805,0,0,D,0,0,8480734,58,1999,19,72,21.89
2368,Historical,2384584,0,0,D,3,1,5147133,38.5,1991,27,0,27.98
2369,Historical,3472675,0,0,D,1,0,6202988,52,1995,13,0,51.43
2370,Historical,715436,0,0,D,5,1,431270,43,1997,24,5.2,12.99
2371,Historical,873970,0,0,D,3,1,7237791,40,1994,18,92.24,7.74
2372,Historical,2423887,0,0,D,2,1,2590024,67.98,1987,48,31.43,49.86
2373,Historical,831422,0,0,D,0,0,2182802,73,1994,45,28.27,14.95
2374,Historical,2366762,0,0,D,4,1,2292351,51.15,1995,22,0,24.98
2375,Historical,902582,0,0,D,1,0,1935857,86.67,1995,12,53.95,20.91
2376,Historical,912891,0,0,D,4,1,4582285,53,1995,21,39.95,28.94
2377,Historical,552268,0,0,D,0,0,2075756,16.97,2005,29,10.8,43.96
2378,Historical,710276,0,0,D,7,1,4030011,110,2001,31,43.5,19.86
2379,Historical,714752,0,0,D,4,1,3023893,100.8,2003,33,18.89,26.01
2380,Historical,909842,0,0,D,3,1,10997316,88,1996,17,46.98,8.98
2381,Historical,2384871,0,0,D,0,0,877023,70.8,1996,37,58.69,41.45
2382,Historical,132094,0,0,D,0,0,5338890,101.6,2005,18,57.99,9.99
2383,Historical,906100,0,0,D,0,0,4303961,64.8,1995,18,54.13,6.76
2384,Historical,114307,0,0,D,5,1,4275396,130,2001,30,6.32,11.74
2385,Historical,910116,0,0,D,5,1,1609543,33.99,2007,53,47.54,33.99
2386,Historical,869922,0,0,D,1,0,10449375,112.2,1988,24,11.17,15.87
2387,Historical,291740,0,0,D,0,0,4697329,218.95,1998,21,34.88,72.47
2388,Historical,57377,0,0,D,2,1,703352,69,1998,27,103.99,14.99
2389,Historical,613823,0,0,D,11,1,1522716,183.6,2010,54,12.79,7.98
2390,Historical,531672,0,0,D,9,1,1771126,145.33,2007,44,12.79,24.75
2391,Historical,613753,0,0,D,10,1,2410206,146.67,2008,35,12.79,11.95
2392,Historical,55604,0,0,D,1,0,5599350,62,1999,25,64.38,10.19
2393,Historical,607330,0,0,D,10,1,7376589,46.67,2004,12,29.78,18.95
2394,Historical,609419,0,0,D,2,1,3952118,60.75,1998,25,41.49,5.22
2395,Historical,286467,0,0,D,6,1,2212345,151.87,2009,21,152.73,675
2396,Historical,131111,0,0,D,6,1,2483513,48,1997,31,55.01,8.99
2397,Historical,57452,0,0,D,8,1,460583,77,1999,63,101.04,15.18
2398,Historical,872768,0,0,D,12,1,578234,27.06,2010,11,93.99,23.81
2399,Historical,896543,0,0,D,3,1,9508204,42.67,1991,13,42.18,41.22
2400,Historical,1748587,0,0,D,0,0,6983908,0,2007,10,23.45,37.99
2401,Historical,2366254,0,0,D,0,0,4824835,73.33,2000,14,78.94,16.99
2403,Historical,895033,0,0,D,7,1,652604,247.07,2014,19,145.06,230.38
2404,Historical,561019,0,0,D,14,1,2597611,46.67,2007,30,33.66,11.64
2405,Historical,2374669,0,0,D,0,0,3961886,91,2003,38,8.1,5.83
2406,Historical,715537,0,0,D,9,1,4618132,205.33,2011,14,33.99,87.72
2407,Historical,915440,0,0,D,7,1,367818,22.64,2012,25,203.99,27.84
2408,Historical,2261230,0,0,D,5,1,3757869,115.86,2009,46,0,93.66
2409,Historical,598398,0,0,D,5,1,456273,21.61,2008,34,44.51,18.23
2410,Historical,2856036,0,0,D,2,1,7157726,79.95,1998,12,63.56,23.91
2411,Historical,1448983,0,0,D,0,0,2248658,0,2011,10,0,40.54
2413,Historical,657791,0,0,D,2,1,985557,124,1991,34,101.06,88.82
2414,Historical,3272018,0,0,D,1,0,1747256,92.95,2000,39,120.45,44.4
2415,Historical,50818,0,0,D,8,1,205914,115,1998,43,139.13,27
2416,Historical,115401,0,0,D,2,1,1272438,42.67,2002,32,50.23,30.84
2417,Historical,607219,0,0,D,3,1,1255654,78.67,2000,95,96.34,27.99
2418,Historical,633138,0,0,D,1,0,1063920,99,2011,19,58.99,13.48
2419,Historical,874244,0,0,D,6,1,2435186,94.95,2004,33,90.91,45.46
2420,Historical,870473,0,0,D,1,0,4410958,25.96,2008,35,93.14,25.96
2421,Historical,877510,0,0,D,1,0,1417878,91.99,2007,31,123.99,69.39
2422,Historical,716263,0,0,D,6,1,1588624,252.13,2012,23,77.83,203.47
2423,Historical,2256573,0,0,D,0,0,2926515,41.38,2011,49,83.99,27.9
2424,Historical,2264836,0,0,D,5,1,8746665,68.67,2010,32,22.4,47.84
2425,Historical,2268726,0,0,D,6,1,4366021,257.67,2012,12,22.4,146.63
2426,Historical,282060,0,0,D,4,1,5236906,20.35,2008,20,100.98,17.86
2427,Historical,876034,0,0,D,6,1,2871224,257.56,2008,48,102.87,78.57
2428,Historical,711723,0,0,D,0,0,3559733,0,2005,15,11.14,95.93
2429,Historical,876958,0,0,D,5,1,3270900,73.26,2012,16,73.94,24.98
2430,Historical,616831,0,0,D,1,0,2619187,113,2002,35,121.19,7.47
2431,Historical,536716,0,0,D,8,1,158537,158.07,2012,21,94.87,174.52
2432,Historical,131514,0,0,D,2,1,814586,36.6,2002,51,37.11,4
2433,Historical,711197,0,0,D,3,1,3986217,49.99,2001,30,36.23,10.48
2434,Historical,637660,0,0,D,2,1,239077,136.6,2012,23,93.97,11.57
2435,Historical,872498,0,0,D,5,1,2327251,116.6,2009,31,101.38,4.36
2436,Historical,611999,0,0,D,3,1,313878,154.4,2013,27,147.17,53.98
2437,Historical,2275620,0,0,D,0,0,1253770,75.11,2012,40,126.77,60.37
2438,Historical,1481572,0,0,D,7,1,783988,44.79,2012,24,56.56,47.83
2439,Historical,2238239,0,0,D,8,1,265427,24.65,2013,12,198.55,24.56
2440,Historical,869588,0,0,D,5,1,75361,76.19,2012,15,168.98,39.38
2441,Historical,285786,0,0,D,4,1,3468581,58.2,2001,34,62.55,4.98
2442,Historical,536825,0,0,D,7,1,2285945,135.87,2011,19,78.99,602.99
2443,Historical,717169,0,0,D,6,1,6841369,0,2008,19,128.17,59.39
2444,Historical,1448020,0,0,D,1,0,193695,19.99,2006,55,29.54,27.99
2445,Historical,3951290,0,0,D,4,1,81328,0,2015,4,0,21.43
2446,Historical,742319,0,0,D,9,1,978819,0,2009,30,160.65,108.76
2447,Historical,878724,0,0,D,6,1,2923390,103.25,2010,15,173.97,67.48
2448,Historical,533390,0,0,D,6,1,26260,253.2,2012,70,160.99,53.84
2449,Historical,2258567,0,0,D,5,1,3441760,43.35,2008,44,0,24.4
2450,Historical,617140,0,0,D,4,1,117432,117,2010,57,111.33,128.97
2451,Historical,537116,0,0,D,12,1,465257,153.47,2011,21,85.86,153.47
2452,Historical,119070,0,0,D,11,1,794074,156.4,2011,28,110.26,48.99
2453,Historical,561244,0,0,D,9,1,2441883,154.33,2009,23,148.99,53.99
2454,Historical,664814,0,0,D,17,1,1089900,240.47,2013,21,182.89,82.98
2455,Historical,641971,0,0,D,17,1,94352,175.2,2013,36,166.46,56.06
2456,Historical,3272518,0,0,D,1,0,4210723,155.45,1984,19,112.65,97.32
2457,Historical,133382,0,0,D,15,1,164726,205.6,2010,35,112.59,98.99
2458,Historical,712963,0,0,D,4,1,1301322,99,2002,63,3.99,9.43
2459,Historical,526330,0,0,D,6,1,996936,83.29,2012,26,53.98,320.6
2460,Historical,2249984,0,0,D,9,1,4799200,65.29,2006,18,0,59.51
2461,Historical,2271667,0,0,D,4,1,636312,56.63,2009,37,30.64,25.71
2462,Historical,742615,0,0,D,9,1,10040117,0,2010,17,76.99,59.95
2463,Historical,629145,0,0,D,11,1,893412,169.87,2012,20,124.97,5.19
2464,Historical,2431472,0,0,D,1,0,2896041,24.99,1999,27,0,7.58
2465,Historical,146392,0,0,D,13,1,148115,298.6,2011,65,240.86,154.97
2466,Historical,857930,0,0,D,6,1,3282152,86.2,2009,18,17.78,86.2
2467,Historical,868194,0,0,D,3,1,462624,111,1997,32,63.99,79.77
2468,Historical,658681,0,0,D,5,1,3437653,188.4,2011,21,95.96,188.4
2470,Historical,133425,0,0,D,3,1,3604846,171.8,2010,18,116.8,34.69
2471,Historical,617549,0,0,D,8,1,328201,113.87,2009,17,128.49,49.98
2472,Historical,872196,0,0,D,7,1,2664046,79.17,2010,55,112.97,54.9
2473,Historical,1458821,0,0,D,23,1,2320526,200,2010,31,46.97,159.26
2474,Historical,553051,0,0,D,3,1,1325004,193.33,2010,26,86.98,43.65
2475,Historical,715931,0,0,D,3,1,1874099,160.6,2012,22,95.85,90.55
2476,Historical,1517744,0,0,D,10,1,176812,116,2014,16,48.99,31.17
2477,Historical,527023,0,0,D,6,1,34546,247.6,2012,69,143.14,122.49
2478,Historical,715936,0,0,D,6,1,921880,99.33,2012,19,68.87,118.28
2479,Historical,873073,0,0,D,0,0,5124213,0,2011,11,118.08,59.17
2480,Historical,516488,0,0,D,1,0,1790024,170.67,2010,18,123.91,181.88
2481,Historical,913486,0,0,D,2,1,2215903,0,2012,19,26.84,89.98
2482,Historical,911080,0,0,D,0,0,1610485,136.3,2008,32,58.99,49.86
2484,Historical,1483344,0,0,D,11,1,37825,239.8,2014,61,0,124.89
2485,Historical,557383,0,0,D,2,1,2038732,124.4,2007,36,36.98,19.49
2486,Historical,903686,0,0,D,10,1,547511,54.99,2014,25,36.82,37.99
2487,Historical,539420,0,0,D,14,1,308070,196,2013,42,45.66,54.99
2488,Historical,146315,0,0,D,3,1,557166,59.73,2010,14,33.99,7.33
2489,Historical,115956,0,0,D,2,1,3129862,41.2,2004,31,27.49,6.66
2490,Historical,911893,0,0,D,10,1,525363,74.4,2012,40,85.38,60.1
2491,Historical,874043,0,0,D,0,0,4545581,0,2010,11,54.5,0
2492,Historical,911838,0,0,D,2,1,860458,110,1997,25,48.05,59.87
2494,Historical,116930,0,0,D,0,0,6065916,136,2004,15,90.69,29.89
2495,Historical,552393,0,0,D,0,0,4921974,105,2005,23,90.69,66.96
2496,Historical,3263439,0,0,D,7,1,4256704,0,2002,19,7.45,117.05
2497,Historical,871987,0,0,D,1,0,9591922,176.95,1997,18,61.31,43.98
2498,Historical,829457,0,0,D,4,1,4547414,52,1995,28,59.19,29.97
2499,Historical,829997,0,0,D,6,1,8299345,56,1997,28,7.89,43.91
2500,Historical,224536,0,0,D,2,1,7875197,45,1997,21,24.41,16.84
2501,Historical,2376440,0,0,D,1,0,7476610,74.02,1973,38,92.8,51.33
2502,Historical,2379130,0,0,D,2,1,12013094,0,1988,10,4,164.02
2503,Historical,2379132,0,0,D,0,0,11060292,0,1980,15,4,77.81
2504,Historical,120984,0,0,D,4,1,4329043,76.67,1997,18,46.96,16.17
2505,Historical,423818,0,0,D,0,0,1134934,70,1999,54,84.62,13.93
2506,Historical,887658,0,0,D,5,1,5552785,27.93,1995,15,39.97,22.49
2507,Historical,61007,0,0,D,5,1,1825385,62.4,2001,26,61.43,11.83
2508,Historical,3263063,0,0,D,1,0,3949392,42.91,1999,37,0,51.82
2509,Historical,826102,0,0,D,4,1,1863314,38,1999,32,47.99,45.61
2510,Historical,607395,0,0,D,5,1,2590540,176.6,2006,19,9.81,27.18
2512,Historical,907339,0,0,D,0,0,3548333,38.6,2003,16,103.99,13.99
2513,Historical,873319,0,0,D,0,0,1482539,69.83,1994,25,79.98,53.75
2514,Historical,711937,0,0,D,3,1,8455631,48,2001,20,31.24,8.99
2515,Historical,317704,0,0,D,0,0,5598359,97.25,2000,22,43.95,68.11
2516,Historical,100374,0,0,D,6,1,2821351,49,1998,44,45.45,11.88
2517,Historical,2380467,0,0,D,1,0,7321902,81,1996,17,99.63,23.72
2518,Historical,116472,0,0,D,4,1,4043047,65.8,2003,19,36.07,7.98
2519,Historical,132108,0,0,D,2,1,1984711,78.4,2004,37,47.99,38.99
2520,Historical,874603,0,0,D,8,1,1008764,25.51,2006,13,35.42,25.52
2521,Historical,710140,0,0,D,2,1,2469277,34.99,1999,89,28,4.26
2522,Historical,636083,0,0,D,3,1,2910570,105.33,2007,11,97.62,99.99
2523,Historical,616122,0,0,D,1,0,4001487,64.4,1998,30,81.47,4.13
2524,Historical,872910,0,0,D,4,1,4015252,56.45,1995,10,118.73,60.95
2525,Historical,903216,0,0,D,0,0,4294712,191.41,1981,18,23.97,67.93
2526,Historical,872171,0,0,D,5,1,737477,63.85,1986,29,18.76,53.55
2527,Historical,915954,0,0,D,3,1,2323936,117.9,1986,24,23.17,93.19
2528,Historical,866990,0,0,D,21,1,290595,89.95,2014,20,2646.73,198.85
2529,Historical,2400741,0,0,D,0,0,5886372,24.95,1989,35,6.92,44.91
2530,Historical,1463708,0,0,D,2,1,2432438,58.13,2010,16,28.23,42.31
2531,Historical,891025,0,0,D,1,0,3664063,400,1954,20,42.31,195.1
2532,Historical,2312193,0,0,D,2,1,2560724,77,1995,23,33.99,68.99
2533,Historical,2398739,0,0,D,2,1,1141376,75.95,1980,32,53.98,70.91
2534,Historical,218990,0,0,D,0,0,616771,48.75,1997,16,44.99,49.91
2535,Historical,2403519,0,0,D,2,1,2171141,28.95,1982,52,16.88,39.87
2536,Historical,641657,0,0,D,2,1,221073,39.95,2006,25,0,0
2537,Historical,1464163,0,0,D,0,0,4652099,84,2007,8,0,101.7
2538,Historical,2403359,0,0,D,0,0,4919060,29.95,1981,17,0,23.98
2539,Historical,2408522,0,0,D,0,0,4413906,73.25,2002,14,42.89,75.97
2540,Historical,2403224,0,0,D,0,0,3822381,24.95,1980,24,0,9.98
2541,Historical,125721,0,0,D,4,1,1723729,37.95,1998,60,22.97,6.57
2542,Historical,2407680,0,0,D,0,0,4255838,32.5,1996,29,35.32,44.53
2543,Historical,2407584,0,0,D,0,0,4987577,45,1996,36,0,8.98
2544,Historical,3568610,0,0,D,0,0,6942754,0,1993,12,0,0
2545,Historical,724891,0,0,D,0,0,8845852,65,2008,16,45.74,27.94
2546,Historical,1473945,0,0,D,3,1,6129056,66,2010,18,41.19,48.69
2547,Historical,128834,0,0,D,3,1,6320017,87.95,2002,40,18.03,17.92
2548,Historical,1475446,0,0,D,0,0,7988231,79.95,2011,21,33.19,87.64
2549,Historical,1476417,0,0,D,4,1,5102863,49.95,2013,21,49.48,34.51
2550,Historical,1472787,0,0,D,2,1,9058444,65,2009,18,49.48,8.42
2551,Historical,1477693,0,0,D,9,1,9882279,105,2012,13,85.6,105
2552,Historical,1468362,0,0,D,8,1,2346950,125,2007,11,85.6,124.85
2553,Historical,2414985,0,0,D,0,0,6402756,220,2003,10,156.21,220
2554,Historical,128588,0,0,D,1,0,4240931,235,2005,13,0,93.74
2555,Historical,426379,0,0,D,0,0,1202022,35,2001,21,33.46,51.04
2556,Historical,2407349,0,0,D,1,0,3191235,39.95,1996,41,40.12,44.95
2557,Historical,555568,0,0,D,2,1,824099,28,2006,53,20.88,12.12
2558,Historical,1472996,0,0,D,2,1,1517526,130,2010,13,0,90.97
2559,Historical,427003,0,0,D,0,0,1794020,60,2001,12,67.93,72.57
2560,Historical,427072,0,0,D,2,1,6286559,285,2005,13,67.93,211.22
2561,Historical,319891,0,0,D,2,1,5110015,42.5,1995,18,27.62,121.18
2562,Historical,1474687,0,0,D,2,1,3311220,110,2011,19,0,39.49
2563,Historical,2250921,0,0,D,3,1,5061749,22.88,2008,47,31.67,23.12
2564,Historical,556263,0,0,D,4,1,6264304,101,2005,22,47.39,80.12
2565,Historical,920446,0,0,D,0,0,2456141,61.95,1997,44,32.1,6.15
2566,Historical,1473922,0,0,D,5,1,14011606,110,2010,6,49.21,65.02
2567,Historical,1470236,0,0,D,0,0,9983580,432,2006,12,261.49,222.51
2568,Historical,1477993,0,0,D,14,1,3487210,55,2012,23,45.77,58.01
2569,Historical,128691,0,0,D,8,1,7046326,89.95,2007,30,49.14,36.98
2570,Historical,861017,0,0,D,11,1,480487,60,2012,23,61.68,59.7
2571,Historical,2418702,0,0,D,0,0,5667236,346.5,2002,12,189.39,133.3
2572,Historical,901518,0,0,D,3,1,4011781,190,2009,18,57.97,148.93
2573,Historical,129324,0,0,D,1,0,1610710,125,2011,30,18.82,64.65
2574,Historical,3272171,0,0,D,1,0,2753950,88.04,1998,33,70.53,81.37
2575,Historical,126056,0,0,D,3,1,1871717,119.5,2001,21,99.94,76.49
2576,Historical,916402,0,0,D,0,0,4953019,29.95,1996,30,4.72,5.76
2577,Historical,718124,0,0,D,1,0,2654731,35,1998,12,35.21,48.41
2578,Historical,870799,0,0,D,1,0,642301,30,1996,35,36.78,65.47
2579,Historical,720008,0,0,D,0,0,4196193,59,2000,20,23.8,82.05
2580,Historical,2248870,0,0,D,1,0,4017012,31.31,2009,39,11.28,17.92
2581,Historical,534453,0,0,D,2,1,1176281,45.25,2003,72,41.4,7.75
2582,Historical,2422822,0,0,D,0,0,5321174,32,1977,11,54.56,92.1
2583,Historical,3465092,0,0,D,1,0,235320,107.58,1983,22,0,63.57
2584,Historical,884030,0,0,D,2,1,1242025,31.5,2006,15,23.66,16.47
2586,Historical,52011,0,0,D,8,1,1323675,94.4,2006,66,60.74,13.47
2587,Historical,132709,0,0,D,3,1,3375552,120,2008,15,102.56,42.44
2588,Historical,145425,0,0,D,2,1,5714904,68,2006,33,102.56,5.93
2589,Historical,1482162,0,0,D,0,0,6024288,0,2010,14,53.5,32.99
2590,Historical,551795,0,0,D,3,1,1949365,45.33,2001,27,12.68,9.6
2591,Historical,132505,0,0,D,0,0,2115351,13.99,2008,31,6.96,12.88
2592,Historical,133252,0,0,D,0,0,2759619,151.6,2009,17,6.96,28.15
2593,Historical,54032,0,0,D,11,1,2634619,122.67,2006,23,75.39,60.25
2594,Historical,144951,0,0,D,1,0,2949068,70.8,2005,58,30.99,7.49
2595,Historical,740204,0,0,D,4,1,1603728,67.2,2004,47,99.53,14.98
2596,Historical,869841,0,0,D,0,0,8885799,0,2007,12,15.72,28.99
2597,Historical,552005,0,0,D,4,1,3340114,63,1999,22,79.87,38.07
2598,Historical,607733,0,0,D,7,1,2701368,72,2007,19,79.82,7.44
2599,Historical,2250321,0,0,D,11,1,986205,71.16,2006,30,0,49.03
2600,Historical,2256460,0,0,D,5,1,3491513,67.74,2008,24,122.99,101.04
2601,Historical,2363747,0,0,D,1,0,3608898,0,1982,21,36.09,68.35
2602,Historical,2391104,0,0,D,2,1,8134727,11.24,1988,24,0,11.24
2603,Historical,3484973,0,0,D,3,1,8952484,47,1993,18,0,7.49
2604,Historical,3549140,0,0,D,0,0,6281345,39.06,1991,13,0,61.39
2605,Historical,869301,0,0,D,0,0,6954637,36,1986,17,60.76,36
2606,Historical,915151,0,0,D,0,0,2365081,48.3,1991,22,30.51,41.89
2607,Historical,322468,0,0,D,7,1,9400409,55,1996,16,36.14,28.99
2608,Historical,287441,0,0,D,2,1,3134002,86.67,1995,28,60.5,37.06
2609,Historical,740944,0,0,D,6,1,5863383,97.33,2006,17,38.52,7.99
2610,Historical,60363,0,0,D,4,1,1885114,98.4,2002,43,81.68,26.77
2611,Historical,2475916,0,0,D,9,1,576357,50.33,2002,27,0,16.94
2612,Historical,876320,0,0,D,8,1,1448299,45,1997,21,60.61,49.3
2613,Historical,132964,0,0,D,2,1,3081253,163.33,2009,18,25.01,146.09
2614,Historical,912158,0,0,D,1,0,3720768,46.9,1989,21,56.93,41.49
2615,Historical,117966,0,0,D,3,1,2251633,64.4,2005,26,10.68,32.71
2616,Historical,113990,0,0,D,1,0,265083,73.8,2000,29,57.99,5.88
2617,Historical,145209,0,0,D,1,0,1777372,67.4,2005,32,8.48,6.93
2618,Historical,288539,0,0,D,0,0,4964670,32.6,2004,21,0,17.24
2619,Historical,713821,0,0,D,1,0,4763451,24.6,1999,20,51.78,28.99
2620,Historical,917858,0,0,D,8,1,1166598,68.67,1998,37,24.24,42.77
2621,Historical,288522,0,0,D,0,0,3018561,35.2,2001,43,9.98,4.25
2622,Historical,145525,0,0,D,0,0,3911161,126.8,2007,14,5.58,125.83
2623,Historical,915068,0,0,D,2,1,1259428,46.44,2008,52,30.85,34.28
2624,Historical,892479,0,0,D,1,0,3304418,145.47,2012,6,0,602.99
2625,Historical,607920,0,0,D,6,1,4267488,68,2005,37,32.16,8.92
2626,Historical,874652,0,0,D,11,1,1189490,14.49,2010,17,88.99,38.89
2627,Historical,121755,0,0,D,1,0,4338505,31.2,1998,31,44.57,4.1
2628,Historical,133005,0,0,D,2,1,2122577,65,2010,34,20.5,17.47
2629,Historical,287601,0,0,D,18,1,1513276,154.4,2008,30,91.67,48.99
2630,Historical,285892,0,0,D,1,0,1146510,153.2,2004,92,14.91,4.13
2631,Historical,869371,0,0,D,0,0,4633788,0,2013,11,14.91,16.97
2632,Historical,607848,0,0,D,6,1,957639,30.6,1999,98,33.33,6.24
2633,Historical,52734,0,0,D,9,1,712377,184,2010,51,25.37,48.98
2634,Historical,638131,0,0,D,9,1,590742,160.47,2012,24,80.97,144.77
2635,Historical,288616,0,0,D,2,1,3951776,126.67,2006,27,28.06,13.89
2636,Historical,1482389,0,0,D,4,1,9771209,201.27,2009,14,109.02,293.11
2637,Historical,133318,0,0,D,14,1,274594,232.2,2011,45,69.85,123.98
2638,Historical,52646,0,0,D,6,1,1042727,164.2,2008,31,52.65,53.86
2639,Historical,877216,0,0,D,10,1,2909757,158.67,2010,16,73.99,72.29
2640,Historical,902899,0,0,D,2,1,1165886,209.67,2011,16,73.99,121.99
2641,Historical,114784,0,0,D,3,1,1884006,35.6,2001,32,42.47,25.93
2642,Historical,52232,0,0,D,4,1,2215191,89.8,2008,43,50,8.49
2643,Historical,536974,0,0,D,2,1,1847528,173.07,2011,22,88.99,58.98
2644,Historical,875986,0,0,D,7,1,5062719,39.46,2008,39,88.5,26.68
2645,Historical,607761,0,0,D,7,1,666662,78,2009,22,60.99,19.1
2646,Historical,132742,0,0,D,4,1,2651883,0,2008,21,114.86,49.71
2647,Historical,918594,0,0,D,0,0,1050680,179.85,2011,50,102.16,19.47
2648,Historical,331965,0,0,D,0,0,7740581,0,2000,19,25.2,118.38
2649,Historical,910736,0,0,D,5,1,6941285,44.95,1989,33,34.8,45.49
2650,Historical,874093,0,0,D,1,0,3033879,51.95,1996,29,32.49,50.71
2651,Historical,3264887,0,0,D,0,0,2197266,0,2000,39,59.23,115.28
2652,Historical,136869,0,0,D,4,1,2641985,37.95,1995,35,26.3,28.77
2653,Historical,914071,0,0,D,9,1,3297954,66.73,2008,36,55.81,32.34
2654,Historical,2387192,0,0,D,3,1,8753273,17.52,2000,14,97.91,19.99
2655,Historical,901904,0,0,D,10,1,8342024,99.5,2006,25,98.92,66.31
2657,Historical,326904,0,0,D,1,0,7606879,80,1999,13,0,53.08
2658,Historical,674454,0,0,D,0,0,323355,29.99,1993,157,28.53,12.23
2660,Historical,2465433,0,0,D,3,1,4161888,42.61,1986,34,28.67,48.19
2661,Historical,874168,0,0,D,0,0,1839004,28.99,2010,26,13.98,28.96
2662,Historical,873602,0,0,D,6,1,1641891,40.5,1999,37,26.96,15.99
2663,Historical,2253530,0,0,D,8,1,1969928,24.19,2009,36,0,11.2
2664,Historical,858585,0,0,D,0,0,2895813,26.95,1996,19,0,57.93
2665,Historical,143059,0,0,D,3,1,3480516,130,2006,17,43.99,202.96
2666,Historical,2470625,0,0,D,3,1,3266137,66.5,1993,20,0,108.95
2667,Historical,738395,0,0,D,2,1,5653600,28,2010,15,8.98,109.33
2668,Historical,143363,0,0,D,3,1,5429381,74,1999,15,133.97,28.11
2669,Historical,142813,0,0,D,2,1,4468117,155,1995,14,38.86,69.41
2670,Historical,143247,0,0,D,3,1,1788702,176,2008,15,103.99,13.99
2671,Historical,142979,0,0,D,7,1,8827107,96,2004,18,6.97,32.98
2672,Historical,143105,0,0,D,3,1,750953,158,2006,20,84.02,43.88
2673,Historical,862166,0,0,D,7,1,262768,115,2014,32,51.6,103.67
2674,Historical,2470900,0,0,D,2,1,5947194,78.6,1994,15,105.23,16.94
2675,Historical,143127,0,0,D,0,0,4714205,39,2007,22,38.79,110.41
2676,Historical,143052,0,0,D,0,0,576442,38,2005,24,38.79,59.33
2677,Historical,143529,0,0,D,0,0,980647,45,2011,41,38.79,48.99
2678,Historical,623101,0,0,D,0,0,2738122,51,2010,22,19.51,8.99
2679,Historical,2471723,0,0,D,4,1,5781285,25,1996,14,43.98,88.86
2680,Historical,2473185,0,0,D,0,0,6577518,49.85,1989,15,0,75.61
2681,Historical,2471382,0,0,D,2,1,7348993,68,1995,16,0,133.83
2682,Historical,667768,0,0,D,0,0,10226866,46,2007,12,7.58,100.43
2683,Historical,673086,0,0,D,0,0,76611,13,2013,64,57.03,6.96
2685,Historical,3549233,0,0,D,4,1,9484075,56,1996,12,0,12.49
2686,Historical,739082,0,0,D,8,1,5155798,43,1998,23,4,19.17
2688,Historical,2421376,0,0,D,0,0,12633962,0,1979,16,32.98,68.64
2689,Historical,905710,0,0,D,6,1,2703281,136.87,1998,43,45.99,71.78
2690,Historical,868380,0,0,D,2,1,9534299,108,1997,19,4.49,28.21
2691,Historical,897917,0,0,D,0,0,1687803,52.2,1996,16,94.47,113.85
2692,Historical,893771,0,0,D,6,1,3269437,38.99,2010,10,55,38.97
2693,Historical,679452,0,0,D,1,0,1158906,21.99,2002,39,0,8.98
2694,Historical,912285,0,0,D,1,0,7774382,51.8,1997,17,106.24,14.99
2695,Historical,144716,0,0,D,0,0,1998946,59.99,2004,18,44.19,15.84
2696,Historical,874563,0,0,D,0,0,3266981,103.05,2002,15,44.19,56.63
2697,Historical,145719,0,0,D,2,1,1536531,181.33,2008,62,24.99,33.98
2698,Historical,560902,0,0,D,0,0,10176696,33.33,2006,13,24.99,46.06
2699,Historical,119314,0,0,D,2,1,4135543,53.33,1997,28,28.55,5.99
2700,Historical,2389197,0,0,D,0,0,5415878,75,1988,22,54.58,73.25
2701,Historical,146431,0,0,D,12,1,1604078,148.8,2009,28,50.17,142.17
2702,Historical,613198,0,0,D,0,0,1728355,64.99,2003,62,17.78,6.54
2703,Historical,1829017,0,0,D,13,1,3879566,51.98,2013,12,60.98,48.87
2704,Historical,146608,0,0,D,2,1,2544308,199.33,2010,17,84.15,0
2705,Historical,876379,0,0,D,2,1,4734617,14.99,2008,17,41.44,14.99
2706,Historical,739859,0,0,D,0,0,1872149,34.99,2003,27,28.97,30.95
2707,Historical,741627,0,0,D,3,1,2497597,44.99,2008,20,28.97,23.94
2708,Historical,531728,0,0,D,2,1,2188014,69.99,2002,23,13.2,39.99
2709,Historical,741385,0,0,D,2,1,2893844,72,2007,45,46.37,13.49
2710,Historical,741390,0,0,D,2,1,1489392,106,2007,19,36.99,33.36
2711,Historical,1515880,0,0,D,1,0,1683349,100,2010,8,96.76,63.96
2712,Historical,145185,0,0,D,5,1,369540,59.99,2005,47,35.37,28.99
2713,Historical,2428462,0,0,D,3,1,797064,59.99,1999,59,35.37,6.49
2714,Historical,115626,0,0,D,3,1,3178062,120,2003,38,57.23,15.15
2715,Historical,1447449,0,0,D,4,1,218152,103.94,2011,17,0,88.78
2716,Historical,145693,0,0,D,1,0,3850778,46.13,2006,21,12.22,11.29
2717,Historical,145733,0,0,D,1,0,798201,54.99,2007,178,10.71,9.25
2718,Historical,434909,0,0,D,4,1,1883547,93.73,2010,24,37.44,60.26
2719,Historical,146599,0,0,D,12,1,3283784,183.33,2010,14,107.44,0
2720,Historical,3249202,0,0,D,3,1,431096,0,2008,0,0,24.28
2721,Historical,132979,0,0,D,4,1,730043,47.33,2010,41,18.76,94.21
2722,Historical,870021,0,0,D,4,1,2859140,133.98,2009,35,18.76,28.87
2723,Historical,2373591,0,0,D,0,0,8050616,65.73,2004,11,26.25,23.99
2724,Historical,742846,0,0,D,12,1,126804,142.8,2010,20,0,0
2725,Historical,637683,0,0,D,2,1,497981,128.87,2012,18,61.84,19.81
2726,Historical,2262234,0,0,D,2,1,2837270,31.76,2012,37,61.84,27.73
2727,Historical,742737,0,0,D,11,1,3484361,0,2011,27,113.99,35.63
2728,Historical,741978,0,0,D,2,1,1513690,162,2009,33,70.61,73.23
2729,Historical,146065,0,0,D,6,1,2773425,89.2,2008,19,56.6,70.18
2730,Historical,878998,0,0,D,4,1,1453491,104.86,2008,27,128.99,43.88
2731,Historical,860593,0,0,D,6,1,372347,86.47,2012,15,61.68,0
2732,Historical,1516554,0,0,D,4,1,3190794,68.64,2012,22,116.75,32.95
2733,Historical,628691,0,0,D,11,1,375990,211.33,2010,17,68.5,74.61
2734,Historical,2248953,0,0,D,6,1,3924005,0,2009,17,55.89,0
2735,Historical,146444,0,0,D,5,1,2084725,249.93,2010,19,132.94,602.99
2736,Historical,120919,0,0,D,3,1,1269351,26.99,2008,17,67.4,26.99
2737,Historical,922234,0,0,D,0,0,712023,50,2000,70,44.55,7.74
2738,Historical,612967,0,0,D,9,1,1091528,30.8,2002,101,46.88,9.19
2739,Historical,146467,0,0,D,12,1,549556,224,2010,24,110.99,223.89
2740,Historical,146198,0,0,D,3,1,1323048,186.67,2010,17,74.76,0
2741,Historical,860938,0,0,D,3,1,1116573,81.27,2012,15,58.4,62.95
2742,Historical,860913,0,0,D,7,1,1375736,110.73,2012,25,57.06,602.99
2743,Historical,206647,0,0,D,1,0,291075,35,2000,153,23.17,8.3
2744,Historical,146390,0,0,D,13,1,13134,292,2011,140,203.94,85.99
2745,Historical,630862,0,0,D,5,1,946532,127.67,2012,19,78.75,120.66
2746,Historical,908181,0,0,D,6,1,719918,141.07,2014,20,109.02,79.95
2747,Historical,627885,0,0,D,5,1,1434983,129.53,2012,16,51.28,102.84
2748,Historical,561495,0,0,D,6,1,796633,192.13,2012,29,121.79,235.24
2749,Historical,869282,0,0,D,8,1,2106284,106.67,2014,11,5.97,106.67
2750,Historical,2254577,0,0,D,9,1,2759714,25.08,2010,41,0,17.98
2751,Historical,146686,0,0,D,6,1,1148709,230.8,2011,24,153.93,602.99
2752,Historical,146675,0,0,D,2,1,799879,202.8,2011,27,116.72,602.99
2753,Historical,743141,0,0,D,0,0,1783898,52.95,1999,16,108.99,189.07
2754,Historical,870574,0,0,D,2,1,2727291,63,1992,27,40.77,5.98
2755,Historical,911459,0,0,D,0,0,5675036,66,1993,21,69.99,12.4
2757,Historical,743701,0,0,D,2,1,4761786,66.95,2004,17,4.33,100.55
2758,Historical,900285,0,0,D,2,1,11583029,50,1993,15,54.63,10
2759,Historical,881921,0,0,D,0,0,11782777,0,1985,10,81.63,0
2760,Historical,831007,0,0,D,0,0,3109122,68,1995,24,45.16,9.9
2761,Historical,218535,0,0,D,1,0,4400874,58.95,1998,34,43.09,37.46
2762,Historical,838526,0,0,D,9,1,2830139,499,1998,18,303.98,202.59
2763,Historical,329984,0,0,D,1,0,1462379,96.95,2007,63,5.29,5.97
2764,Historical,146857,0,0,D,1,0,2108951,79.95,2001,29,69.69,13.84
2765,Historical,435172,0,0,D,8,1,673464,135,2008,23,38.98,70.03
2766,Historical,147592,0,0,D,4,1,892956,78.95,2009,43,82.55,50.28
2767,Historical,147504,0,0,D,3,1,3406532,64.95,2006,23,82.55,34.99
2768,Historical,3244564,0,0,D,4,1,3306438,16.39,2005,16,0,68.81
2769,Historical,288784,0,0,D,3,1,1428542,82.95,2004,13,36.33,15.98
2770,Historical,900276,0,0,D,0,0,11200721,79,1993,15,54.84,25.33
2771,Historical,435231,0,0,D,7,1,1940244,124.95,2010,18,73.92,102.26
2772,Historical,873481,0,0,D,1,0,2456443,19.79,2005,50,49.53,38.59
2773,Historical,618891,0,0,D,2,1,248427,40.95,2004,22,29.98,38.96
2774,Historical,3272767,0,0,D,1,0,6502250,0,2005,18,0,60.67
2775,Historical,249035,0,0,D,6,1,3249381,54.95,2007,21,15.32,4.01
2776,Historical,912945,0,0,D,5,1,5476518,44.95,2001,20,4.7,7.99
2777,Historical,612871,0,0,D,6,1,267012,38.95,2001,186,13.34,8.89
2778,Historical,248808,0,0,D,5,1,1655111,72.95,2005,31,58.15,29.88
2779,Historical,146913,0,0,D,4,1,2798346,62.95,2001,39,80.32,45.31
2780,Historical,913203,0,0,D,0,0,919651,38.95,2011,44,37.89,22.66
2781,Historical,561696,0,0,D,1,0,1340825,110,2010,31,62.24,39.36
2782,Historical,899504,0,0,D,1,0,3050891,43.95,2001,14,0,59.07
2783,Historical,2257301,0,0,D,11,1,3044739,45.51,2011,43,83.67,34.45
2784,Historical,192459,0,0,D,17,1,1370823,175,2004,24,98.99,73.98
2785,Historical,254024,0,0,D,12,1,1994524,164,2011,20,10.19,113.58
2786,Historical,625288,0,0,D,5,1,462956,31.95,2009,53,13.49,35.92
2787,Historical,660878,0,0,D,0,0,858606,89.95,2013,45,41.04,5.48
2788,Historical,529423,0,0,D,1,0,782950,96.95,2013,80,24.44,17.96
2789,Historical,254622,0,0,D,1,0,1031042,103,2011,42,80.97,14.72
2790,Historical,775079,0,0,D,1,0,7918846,44.95,2001,23,40.69,42.87
2791,Historical,617916,0,0,D,0,0,2140338,99.95,2011,22,64.98,15.99
2792,Historical,609363,0,0,D,5,1,2936405,65.95,1998,26,0,13.84
2793,Historical,775148,0,0,D,3,1,2495297,160,2002,19,91.05,123.25
2794,Historical,248796,0,0,D,1,0,2091268,319,2006,17,208.39,94.54
2795,Historical,2256802,0,0,D,5,1,1875449,18.53,2009,43,0,20.86
2796,Historical,2626193,0,0,D,5,1,12838562,30.1,1990,10,94.03,36.62
2797,Historical,744178,0,0,D,3,1,11213612,117.95,2001,14,22.97,13.99
2798,Historical,330022,0,0,D,0,0,4813171,261.95,1999,22,6.24,10
2799,Historical,873088,0,0,D,0,0,3379299,90.88,2003,35,67.25,64.23
2800,Historical,52452,0,0,D,13,1,3310112,192.95,2001,32,10.09,7.6
2801,Historical,561811,0,0,D,6,1,7712279,33.95,1999,10,24.66,33.99
2803,Historical,289005,0,0,D,0,0,1556187,27.11,1998,37,0,45.85
2804,Historical,2261622,0,0,D,4,1,3658147,141.9,2011,30,0,30.6
2805,Historical,654227,0,0,D,2,1,2004621,149,2010,22,105,113.78
2806,Historical,2575751,0,0,D,0,0,13156796,350.42,1978,11,58.98,99.03
2808,Historical,881907,0,0,D,1,0,5325039,99,1984,12,25.99,67.96
2809,Historical,894061,0,0,D,2,1,4476783,129,2010,14,63.99,98.44
2810,Historical,892235,0,0,D,0,0,145663,124,2010,23,73.99,53.99
2811,Historical,2502823,0,0,D,3,1,12759862,99,1992,6,0,75.55
2812,Historical,893533,0,0,D,1,0,2156476,75,2000,16,217.58,103.99
2813,Historical,2510951,0,0,D,1,0,1312067,34.95,1988,92,46.95,15.57
2814,Historical,153825,0,0,D,6,1,423777,28,2003,115,30.91,23.19
2815,Historical,153823,0,0,D,6,1,1281984,41.75,2004,54,34.48,8.98
2816,Historical,747829,0,0,D,6,1,2911158,37.55,2005,20,68.99,51.61
2817,Historical,747047,0,0,D,3,1,3821533,0,2010,13,54.5,6.44
2818,Historical,844055,0,0,D,0,0,4247313,31.96,1986,18,38.49,72.57
2819,Historical,2514869,0,0,D,1,0,4386316,19.5,1976,32,23.9,47.99
2820,Historical,3514418,0,0,D,0,0,3619323,84.95,1999,10,0,170.36
2821,Historical,2524270,0,0,D,1,0,2928274,83.95,2003,11,73.94,37.19
2822,Historical,1539570,0,0,D,0,0,15661005,230,2007,8,32.49,100.88
2823,Historical,869767,0,0,D,0,0,9550505,34.95,1988,11,66.42,71.65
2824,Historical,901705,0,0,D,1,0,3593593,44,1986,13,63.73,74.53
2825,Historical,2529187,0,0,D,3,1,3324608,32.5,1994,29,37.82,56.05
2826,Historical,2529328,0,0,D,2,1,5126610,69.95,1991,13,50.91,16.94
2827,Historical,442077,0,0,D,0,0,5579602,180,2007,13,0,79.62
2828,Historical,1541366,0,0,D,4,1,5992539,135,2010,10,25.81,108.63
2829,Historical,156981,0,0,D,2,1,418776,94.95,2003,14,74.91,30.25
2831,Historical,3022136,0,0,D,2,1,5860739,144.95,1997,11,67.66,29.49
2832,Historical,898014,0,0,D,1,0,5171134,59.95,2001,20,72.36,28.94
2833,Historical,550091,0,0,D,0,0,4890045,112.5,2004,17,0,45.55
2834,Historical,907137,0,0,D,3,1,901484,61.95,2008,22,49.08,56.82
2835,Historical,860153,0,0,D,1,0,10235046,145,2010,8,0,89
2836,Historical,2533096,0,0,D,1,0,13831158,53.95,1999,10,17.64,12.49
2837,Historical,336354,0,0,D,0,0,4526393,43.95,2001,33,49.6,43.02
2838,Historical,892494,0,0,D,2,1,2913547,183.95,2012,14,10.54,28.56
2839,Historical,2544018,0,0,D,2,1,9225298,59.95,1996,16,70.91,48.27
2840,Historical,907625,0,0,D,2,1,4940189,53.95,1992,15,42.3,36.69
2841,Historical,213169,0,0,D,0,0,1317267,130.95,2006,21,0,0
2842,Historical,792608,0,0,D,2,1,6960462,34.95,1998,25,47.99,9.74
2843,Historical,564906,0,0,D,3,1,7603464,69.95,2006,18,15.84,49.64
2844,Historical,2737576,0,0,D,0,0,4973949,45,1997,12,0,94.43
2845,Historical,2698850,0,0,D,2,1,5173989,45.95,2005,16,67.31,33.99
2846,Historical,2698462,0,0,D,2,1,8574982,42.95,2004,10,65.59,105.99
2847,Historical,2024560,0,0,D,2,1,1825828,49.95,2006,16,45.97,49.95
2848,Historical,2802268,0,0,D,2,1,6263720,60,2001,13,31.9,23.28
2849,Historical,898461,0,0,D,2,1,11114659,67.95,2001,15,4.33,50.87
2850,Historical,900056,0,0,D,5,1,6603102,25.95,2007,14,68.11,48.29
2851,Historical,892343,0,0,D,1,0,8879839,135,2011,11,0,88.67
2853,Historical,911333,0,0,D,0,0,2253715,69.95,1982,21,44.7,52.65
2854,Historical,793117,0,0,D,0,0,7512888,125,1999,13,35.78,73.15
2855,Historical,909428,0,0,D,1,0,2540111,45,1990,27,19.98,46.27
2856,Historical,2427035,0,0,D,0,0,906997,134.07,1989,19,112.13,249.8
2857,Historical,915903,0,0,D,2,1,1040675,117.15,1992,28,4.76,37.33
2858,Historical,2579395,0,0,D,2,1,9542400,42,1993,25,23.99,55.15
2859,Historical,645409,0,0,D,5,1,2169261,195,1998,12,109.31,173.25
2860,Historical,882077,0,0,D,4,1,13820723,54.95,1992,11,0,0
2861,Historical,756855,0,0,D,1,0,2470931,39.95,1997,51,11.83,7.47
2862,Historical,619652,0,0,D,0,0,5137016,79.95,1975,35,58.5,10.21
2863,Historical,165799,0,0,D,1,0,447798,201.5,2005,45,52.33,133.99
2864,Historical,2559957,0,0,D,2,1,4121506,295,1979,31,84.58,48.49
2865,Historical,2571109,0,0,D,1,0,544563,59.95,1991,16,41.33,87.45
2866,Historical,164137,0,0,D,5,1,1326264,90,1997,23,84.4,65.98
2867,Historical,904276,0,0,D,1,0,510942,33.89,1996,38,27.97,14.11
2868,Historical,2573269,0,0,D,2,1,4967489,80.33,1988,17,84.98,55.59
2869,Historical,636836,0,0,D,1,0,6372125,65,1992,17,55.78,48.47
2870,Historical,341467,0,0,D,2,1,4217360,33.99,1998,31,27.94,33.99
2871,Historical,2560019,0,0,D,2,1,2898194,124.95,1986,20,69.74,70.65
2872,Historical,904922,0,0,D,1,0,1693084,59.95,1997,20,22.11,32.99
2873,Historical,165147,0,0,D,4,1,2194781,18.94,1997,20,0,0
2874,Historical,205528,0,0,D,2,1,1289330,45,1995,93,34.46,13.48
2875,Historical,823943,0,0,D,1,0,1939551,30,1995,25,27.94,5.98
2876,Historical,834729,0,0,D,10,1,5762811,155,2001,20,120.35,44.59
2877,Historical,2561054,0,0,D,0,0,9581270,0,1980,20,35.41,29.24
2878,Historical,873201,0,0,D,3,1,3911015,96.36,2002,14,104.68,53.95
2879,Historical,869655,0,0,D,2,1,2279006,77.5,1985,16,73.46,54.53
2880,Historical,758537,0,0,D,1,0,1446351,55,1998,15,50.11,53.29
2881,Historical,2653275,0,0,D,0,0,2385933,42.95,1991,20,35.68,18.99
2882,Historical,905960,0,0,D,1,0,3042852,0,1998,21,29.94,68.1
2883,Historical,566588,0,0,D,7,1,1144943,10.74,2004,37,4.13,10.98
2884,Historical,908210,0,0,D,0,0,4015949,49.99,2008,36,23.13,40.33
2885,Historical,757423,0,0,D,1,0,3760685,27.04,1998,23,47.57,21.99
2886,Historical,278664,0,0,D,1,0,3036617,69.95,2005,28,0,10.99
2887,Historical,2562477,0,0,D,1,0,3590539,82.95,1995,17,38.62,28.65
2888,Historical,759997,0,0,D,4,1,4564765,0,2001,12,28.99,4
2889,Historical,246587,0,0,D,2,1,4409602,45.95,2007,15,23.38,8.98
2890,Historical,862746,0,0,D,0,0,4599271,52.95,1998,20,61.25,8.99
2891,Historical,2854966,0,0,D,1,0,6386679,24.95,1999,18,18.54,15.2
2892,Historical,897985,0,0,D,2,1,4520046,279,2007,12,125.38,144.93
2893,Historical,3524487,0,0,D,3,1,5714336,105,1987,9,0,0
2894,Historical,748609,0,0,D,1,0,4228161,90,2005,19,77.92,59.56
2895,Historical,184607,0,0,D,3,1,2139730,88.95,2000,23,43.99,8.99
2896,Historical,762772,0,0,D,3,1,3973292,89.95,1998,18,93.99,73.98
2897,Historical,345567,0,0,D,1,0,13685288,65,1998,17,51.06,34.62
2898,Historical,2578538,0,0,D,1,0,5716996,39.95,1988,17,32.99,0
2900,Historical,565849,0,0,D,2,1,222612,129.95,2007,16,73.99,76.51
2902,Historical,916821,0,0,D,0,0,7219557,24.8,1995,24,38.58,23.8
2903,Historical,899240,0,0,D,1,0,2388565,200,1997,16,66.57,81.08
2904,Historical,620119,0,0,D,2,1,1861718,235,1993,24,85.49,28.99
2905,Historical,755818,0,0,D,7,1,1431983,14,2011,28,82.86,18.99
2906,Historical,872966,0,0,D,0,0,8662922,0,2001,24,43.99,59.83
2907,Historical,2568843,0,0,D,0,0,5228832,0,2004,16,0,97.91
2908,Historical,2572027,0,0,D,0,0,5536926,160,1993,21,72.59,55.73
2909,Historical,2560840,0,0,D,1,0,9761549,47.5,1980,18,43.63,62.97
2910,Historical,2566706,0,0,D,3,1,3146518,90,1995,16,49.85,245.01
2911,Historical,3247842,0,0,D,3,1,6992679,148.99,2000,29,113.47,124.65
2912,Historical,2289749,0,0,D,3,1,363703,0,2014,0,0,7.48
2913,Historical,2573524,0,0,D,2,1,1594532,175,1988,15,158.99,86.62
2914,Historical,2514988,0,0,D,0,0,5728252,0,1978,32,142.38,88.31
2915,Historical,2578097,0,0,D,1,0,6869933,8.99,1985,31,0,8.99
2916,Historical,2573180,0,0,D,2,1,11362730,35.3,1991,20,0,8.48
2917,Historical,616256,0,0,D,3,1,3554229,0,1994,25,4.98,4.13
2918,Historical,691848,0,0,D,6,1,4052812,37,1998,21,37.85,28.98
2919,Historical,2578387,0,0,D,1,0,3129767,74.95,1985,13,37.19,38.99
2920,Historical,2559764,0,0,D,2,1,6877822,0,1970,19,62.47,53.37
2921,Historical,757963,0,0,D,2,1,2740945,132,1998,18,81.97,174.01
2922,Historical,2560551,0,0,D,1,0,5680978,115,1994,16,33.99,13.78
2923,Historical,2559029,0,0,D,1,0,8992896,432,1994,14,40.82,67.17
2924,Historical,566408,0,0,D,4,1,4328510,152.83,2004,18,22.28,34.99
2925,Historical,2573174,0,0,D,0,0,1971233,256.32,1990,18,85.3,73.97
2926,Historical,166244,0,0,D,2,1,923023,174,1996,13,68.99,43.11
2927,Historical,2226052,0,0,D,0,0,649260,24.25,2011,7,52.76,22.89
2928,Historical,2578348,0,0,D,2,1,9626622,0,1984,14,142.98,0
2929,Historical,2617825,0,0,D,0,0,4378903,40.95,1986,14,0,77.72
2930,Historical,2618799,0,0,D,2,1,8314054,56.95,1995,23,39.21,9.95
2931,Historical,177248,0,0,D,2,1,1201919,71.95,1995,24,45.64,9.99
2932,Historical,763433,0,0,D,9,1,5999720,107.95,2002,34,8.74,9.57
2933,Historical,567553,0,0,D,3,1,1458568,336.95,2006,23,117.03,51.57
2934,Historical,2473921,0,0,D,3,1,6722325,106.95,1991,22,83.08,23.99
2935,Historical,906628,0,0,D,5,1,3144943,121.95,2004,30,104.09,28.2
2936,Historical,58059,0,0,D,2,1,3002235,80.95,1998,42,78.99,19.59
2937,Historical,2254134,0,0,D,8,1,2864336,48.08,2006,41,0,20.42
2938,Historical,183693,0,0,D,2,1,3231932,200.95,2006,21,55.74,22.45
2939,Historical,608455,0,0,D,9,1,491597,143.95,2007,39,31.21,23.57
2940,Historical,2447997,0,0,D,6,1,474586,35.95,1995,50,0,9.84
2941,Historical,2256599,0,0,D,10,1,3281619,86.78,2008,43,56.94,40.92
2942,Historical,386517,0,0,D,1,0,925444,68.95,2008,16,15.01,63.27
2943,Historical,534066,0,0,D,0,0,1720755,33.96,1993,32,90.33,41.11
2944,Historical,178150,0,0,D,7,1,4502176,64.95,2005,33,8.08,12.89
2946,Historical,2614000,0,0,D,2,1,9516950,155,2002,15,61,68.44
2947,Historical,2611933,0,0,D,0,0,2959473,114.99,2001,14,55.74,38.31
2948,Historical,2588332,0,0,D,0,0,6289762,0,1972,7,113.01,134.79
2949,Historical,2614716,0,0,D,2,1,4457669,110,2004,16,49.7,66.41
2950,Historical,453759,0,0,D,1,0,3635761,155,2010,21,70.48,122.2
2951,Historical,1765865,0,0,D,1,0,3986331,140,2012,15,77.44,22.89
2952,Historical,175322,0,0,D,1,0,7379216,155,2004,12,78.5,69.02
2953,Historical,2591117,0,0,D,2,1,4580048,190,1989,14,0,86.81
2954,Historical,2606027,0,0,D,0,0,1187901,16.99,1997,29,143.09,49.77
2956,Historical,175563,0,0,D,0,0,3150324,88.99,2004,11,27.91,122.97
2957,Historical,2590231,0,0,D,0,0,4245456,52.25,1980,13,6.71,95.56
2958,Historical,2599777,0,0,D,3,1,2394046,68,1995,21,22.11,46.97
2959,Historical,2614619,0,0,D,0,0,2991056,89.99,2004,15,42.94,90.95
2960,Historical,2615021,0,0,D,0,0,1145901,125,2004,16,0,112.99
2961,Historical,2456815,0,0,D,0,0,7624750,27.99,1990,18,23.88,15.48
2962,Historical,2590119,0,0,D,0,0,191401,24.99,1978,36,0,97.89
2963,Historical,2333812,0,0,D,3,1,8327310,39.95,1996,16,50.98,67.53
2964,Historical,2561436,0,0,D,3,1,4044723,49.65,1985,16,25.75,31.1
2965,Historical,2597025,0,0,D,2,1,7114384,85,1992,12,50.52,0
2966,Historical,2339153,0,0,D,1,0,8413461,127.65,1970,31,19.99,50.99
2967,Historical,2591605,0,0,D,0,0,15578104,146.99,1995,11,69.72,0
2968,Historical,2606620,0,0,D,0,0,2442618,48,1997,18,47.52,73.29
2969,Historical,875655,0,0,D,2,1,3887668,116.95,1993,27,23.04,53.47
2970,Historical,569432,0,0,D,4,1,2280171,391.95,1994,39,82.93,39.72
2971,Historical,2616929,0,0,D,3,1,2661988,68.24,1983,19,0,70.87
2972,Historical,2616798,0,0,D,3,1,4544301,28.95,1982,47,12.61,10.94
2973,Historical,766054,0,0,D,1,0,414231,135.95,2002,15,0,126.02
2974,Historical,765282,0,0,D,3,1,1621656,203.95,2001,12,15.8,72.17
2975,Historical,569661,0,0,D,10,1,3632295,56.95,1997,22,21.07,28.69
2976,Historical,2309278,0,0,D,1,0,6877367,56.95,1992,20,124.55,4.48
2977,Historical,2314187,0,0,D,1,0,2347984,60.95,1992,26,0,78.49
2978,Historical,764467,0,0,D,1,0,1955793,15.94,2002,22,41.81,43.98
2979,Historical,608068,0,0,D,9,1,4580083,255.95,2004,20,12.65,42.99
2980,Historical,292262,0,0,D,1,0,2606206,190.95,2004,28,4,11.18
2981,Historical,148649,0,0,D,2,1,349116,226.95,2008,21,41.17,78.22
2982,Historical,330679,0,0,D,7,1,8545300,0,2005,10,74.7,36.21
2983,Historical,436403,0,0,D,6,1,953926,0,2008,26,49.86,50.33
2984,Historical,3235714,0,0,D,5,1,4835122,65.39,2005,28,49.86,65.39
2985,Historical,2314760,0,0,D,1,0,4306320,203.95,2001,21,29.71,10.14
2986,Historical,2745329,0,0,D,2,1,406890,94.95,2000,17,4,13.26
2987,Historical,766969,0,0,D,0,0,2169265,0,2010,11,24.41,26.63
2988,Historical,251132,0,0,D,1,0,1136595,74.95,2007,51,0,18.13
2990,Historical,744457,0,0,D,6,1,5631392,65.95,1997,11,73.54,202.59
2991,Historical,771435,0,0,D,0,0,856330,116.7,2003,43,44.24,20.99
2993,Historical,2652107,0,0,D,0,0,9297273,0,1983,16,52.47,0
2994,Historical,182704,0,0,D,1,0,3786800,13.97,2002,20,7.57,13.99
2995,Historical,868371,0,0,D,1,0,2556480,147.95,1991,39,53.86,41.51
2996,Historical,772231,0,0,D,0,0,2975629,1.85,2005,19,91.25,5.98
2997,Historical,2654411,0,0,D,0,0,2328746,19.96,1994,36,0,21.38
2998,Historical,771988,0,0,D,0,0,584057,30.45,2005,13,11.99,6.69
2999,Historical,869733,0,0,D,5,1,3671063,99.56,2006,19,5.19,28.99
3000,Historical,875341,0,0,D,0,0,1908433,40.76,1991,35,53.18,49.03
3001,Historical,904400,0,0,D,1,0,2398377,1.95,2007,21,26.9,1.95
3002,Historical,144890,0,0,D,2,1,3199254,68.4,2004,31,12.19,38.87
3003,Historical,738949,0,0,D,1,0,4482988,56,2001,29,12.19,8.94
3004,Historical,2648968,0,0,D,2,1,1769845,77.95,2000,10,0,150.43
3006,Historical,2647017,0,0,D,0,0,9013217,59.95,1992,22,44.92,57.45
3007,Historical,1623546,0,0,D,1,0,13527069,128.95,2007,13,0,86.03
3009,Historical,907431,0,0,D,8,1,3902123,59.56,1988,18,31.52,52.05
3010,Historical,914151,0,0,D,1,0,5634326,64.99,2003,23,0,36.01
3011,Historical,2661084,0,0,D,4,1,682546,72.5,1988,52,33.99,27.9
3012,Historical,254698,0,0,D,2,1,2327910,110.95,1999,21,149.97,78.13
3013,Historical,2663558,0,0,D,2,1,5261228,8.02,1986,26,62.24,9.99
3014,Historical,881836,0,0,D,0,0,1447518,0,1972,13,34.64,0
3015,Historical,2665889,0,0,D,0,0,1159685,84,2005,15,0,104.96
3016,Historical,1562804,0,0,D,7,1,4779954,115,2006,15,90.02,108.81
3017,Historical,882219,0,0,D,4,1,7731426,49.95,1995,10,42.2,0
3018,Historical,870348,0,0,D,1,0,5581957,43.95,2002,27,9.93,11.99
3020,Historical,2551289,0,0,D,4,1,5158942,226,2000,10,73.09,504.35
3021,Historical,2551223,0,0,D,10,1,2697840,51.95,2000,16,35.84,63.29
3022,Historical,908259,0,0,D,1,0,2149647,85,2000,25,48.29,18.99
3023,Historical,531330,0,0,D,21,1,1250402,84.95,2010,47,56.27,61.62
3024,Historical,906224,0,0,D,2,1,5364779,38.95,1999,18,42.34,50.51
3025,Historical,565324,0,0,D,7,1,326759,379,2009,36,228.99,136.19
3026,Historical,466419,0,0,D,7,1,832970,275,2011,29,184.44,251.22
3027,Historical,868718,0,0,D,0,0,1722140,33.99,1994,37,77.48,33.99
3028,Historical,808089,0,0,D,2,1,1013465,74.99,2012,18,33.9,23.96
3029,Historical,2680009,0,0,D,1,0,2667650,110,1992,14,38.99,62.88
3030,Historical,2680719,0,0,D,2,1,15239362,0,1983,13,42.99,81.26
3031,Historical,467973,0,0,D,2,1,4952553,57.95,1997,40,53.09,65.63
3032,Historical,3559909,0,0,D,2,1,4040836,405,2003,19,0,250.73
3033,Historical,916035,0,0,D,0,0,2294257,47,1996,33,33.98,22.99
3035,Historical,775909,0,0,D,6,1,748077,265,2005,14,306.98,675.14
3036,Historical,193227,0,0,D,0,0,1236692,57,2011,46,4.96,5.88
3037,Historical,916995,0,0,D,0,0,1726655,38.95,2005,32,4.35,10.94
3038,Historical,860459,0,0,D,2,1,1505257,44.99,2011,20,28.94,9.75
3039,Historical,657979,0,0,D,1,0,456555,44.99,2012,41,31.98,29.99
3040,Historical,911592,0,0,D,0,0,1634950,0,2003,37,0,18.99
3041,Historical,913525,0,0,D,0,0,4321139,68,2005,18,18.91,59.46
3042,Historical,194055,0,0,D,2,1,1070097,75,2005,19,76.3,41.85
3043,Historical,2941645,0,0,D,0,0,2254946,0,2003,16,0,70.11
3044,Historical,2570449,0,0,D,1,0,1471137,55,1991,18,54.8,89.44
3045,Historical,1649369,0,0,D,5,1,1205897,95,2012,18,79.62,94.99
3046,Historical,2696855,0,0,D,2,1,549334,0,1993,15,93.19,96.22
3047,Historical,1654430,0,0,D,0,0,1241280,11.3,2006,56,0,10.72
3048,Historical,1655643,0,0,D,0,0,2260830,0,2009,16,19.71,43.88
3049,Historical,654882,0,0,D,5,1,2165812,0,2003,18,83.99,267.59
3050,Historical,2846724,0,0,D,0,0,5093718,45.95,1990,9,77.84,171.77
3051,Historical,912190,0,0,D,5,1,4312311,68.96,1989,26,49.62,50.41
3052,Historical,205316,0,0,D,3,1,1072116,87.95,1995,13,136.1,556.21
3053,Historical,830024,0,0,D,5,1,1849252,56.95,2002,20,5.64,88.01
3054,Historical,662016,0,0,D,1,0,1609767,76.53,2011,15,0,88.42
3055,Historical,909519,0,0,D,2,1,3422565,78.88,2006,14,31.39,53.39
3057,Historical,294052,0,0,D,4,1,6776421,41.56,2000,13,28.91,7.98
3059,Historical,2722239,0,0,D,1,0,6101804,85,2004,10,0,85
3060,Historical,906414,0,0,D,2,1,8709537,102.95,1994,18,103.82,16.17
3061,Historical,778791,0,0,D,4,1,2174672,149.95,2009,12,26.99,25.33
3062,Historical,576561,0,0,D,5,1,5419052,139.95,2000,17,112.75,73.75
3063,Historical,582722,0,0,D,0,0,1194604,85,1991,36,126.99,4.04
3064,Historical,199945,0,0,D,1,0,5087562,97.95,2001,21,45.53,7.98
3065,Historical,3123751,0,0,D,0,0,3313329,35,1999,20,0,103.95
3066,Historical,2664273,0,0,D,2,1,3671170,32.95,1996,19,24.99,44.45
3067,Historical,199988,0,0,D,3,1,1272541,45.95,2004,35,27.59,13.29
3068,Historical,898924,0,0,D,0,0,244931,8.99,2012,19,0,103.14
3069,Historical,619236,0,0,D,0,0,3585674,70.58,2003,22,67.69,23.99
3070,Historical,780473,0,0,D,3,1,1134989,49.95,2007,17,35.72,23.69
3071,Historical,889371,0,0,D,1,0,3790831,40,1994,16,39.19,84.86
3072,Historical,869814,0,0,D,8,1,4671932,175,2005,17,11.98,87.99
3073,Historical,897956,0,0,D,0,0,5253333,158,2005,14,4,127.07
3074,Historical,293976,0,0,D,0,0,4719004,158,2006,15,0,109.31
3075,Historical,366628,0,0,D,3,1,3203635,47.95,2001,31,38.99,8.1
3076,Historical,901583,0,0,D,0,0,5021111,158,2010,14,18.85,68.99
3077,Historical,176562,0,0,D,2,1,5250613,81.95,1996,14,39.43,21
3078,Historical,2737409,0,0,D,0,0,7279607,52.95,1997,15,41.28,10.4
3079,Historical,148358,0,0,D,4,1,1951257,132.95,2005,36,45.48,27.99
3080,Historical,557381,0,0,D,1,0,604484,129.4,2002,44,46.29,48.85
3081,Historical,912011,0,0,D,0,0,241211,145.95,1992,18,23.94,33.49
3084,Historical,906188,0,0,D,0,0,3681740,76.5,1995,15,103.79,88.59
3085,Historical,905696,0,0,D,1,0,2797622,94.95,1994,26,78.64,45.57
3086,Historical,358313,0,0,D,2,1,2534332,169,2000,17,6.49,22.99
3087,Historical,2663535,0,0,D,0,0,3648828,51,1992,33,0,20
3088,Historical,2663785,0,0,D,4,1,4412877,125,1995,17,71.98,62.48
3089,Historical,2663775,0,0,D,0,0,4334182,95,1993,23,47.68,45.68
3090,Historical,203341,0,0,D,0,0,1799920,69.95,2003,23,62.49,23.99
3091,Historical,2663222,0,0,D,3,1,7859532,89,1994,12,71.99,49.5
3092,Historical,2664077,0,0,D,2,1,12203075,75,1990,19,19.31,43.95
3093,Historical,577308,0,0,D,2,1,5754524,43,1993,17,39.87,19.59
3094,Historical,2663879,0,0,D,2,1,11898472,64,1995,11,40.35,49.95
3095,Historical,823944,0,0,D,1,0,4788260,30,1996,19,17.49,4.72
3096,Historical,596175,0,0,D,1,0,3704205,89.95,1992,24,22.49,15.99
3097,Historical,832006,0,0,D,1,0,8233145,78.95,1996,17,62.22,23.98
3098,Historical,912589,0,0,D,0,0,2538975,32.95,1988,22,87.87,675
3099,Historical,206749,0,0,D,17,1,2290846,59.99,2006,52,31.1,18.48
3100,Historical,207168,0,0,D,0,0,3631048,129,2004,8,182.99,132.99
3101,Historical,919152,0,0,D,0,0,1270598,70,1979,34,128.99,13.18
3102,Historical,622465,0,0,D,0,0,4426848,70,1979,30,23.98,31.61
3103,Historical,875210,0,0,D,2,1,1485016,58.22,1995,39,30.43,41.59
3104,Historical,876024,0,0,D,0,0,3996118,38.14,2005,40,43.99,22.56
3105,Historical,790195,0,0,D,4,1,1772335,58.95,1999,36,38.89,26.99
3106,Historical,578900,0,0,D,2,1,4714087,31.95,2001,41,4,12.99
3107,Historical,678471,0,0,D,3,1,214072,28.95,2011,77,30,12.96
3108,Historical,211007,0,0,D,6,1,1997267,94.95,2008,22,39.88,9.93
3109,Historical,882438,0,0,D,0,0,16411446,120,1997,12,11.49,69.03
3110,Historical,2788357,0,0,D,0,0,1681874,212,1980,17,54.07,53.94
3111,Historical,531481,0,0,D,0,0,796825,22.99,2011,64,24.95,6.96
3112,Historical,536650,0,0,D,0,0,621844,22.99,2012,51,0,11.99
3113,Historical,321611,0,0,D,2,1,1192735,84.4,1995,18,50.09,138.85
3114,Historical,2556167,0,0,D,1,0,1505037,0,1975,29,0,109.73
3115,Historical,2398684,0,0,D,0,0,7975095,42.95,1988,10,37.74,168.81
3116,Historical,2801353,0,0,D,0,0,6994223,49.95,1992,17,51,29.12
3117,Historical,2386375,0,0,D,0,0,7665241,19.95,1996,27,0,4.95
3118,Historical,214951,0,0,D,0,0,2465753,98.5,2011,16,0,9
3119,Historical,624150,0,0,D,0,0,3383839,88,2009,16,0,11.48
3120,Historical,647089,0,0,D,44,1,1400221,241.95,2012,15,53.94,106.37
3121,Historical,214953,0,0,D,0,0,980102,71,2012,51,14.79,10.98
3122,Historical,616820,0,0,D,0,0,724830,73.95,2014,82,14.79,18.99
3123,Historical,1702164,0,0,D,0,0,4279549,86.5,2010,16,77.98,49.01
3124,Historical,1702208,0,0,D,0,0,2668093,130,2012,12,86.98,104.72
3125,Historical,888715,0,0,D,0,0,2610988,185.5,2011,16,129.49,50.45
3126,Historical,895206,0,0,D,0,0,1243338,235.75,2014,17,129.49,70.19
3127,Historical,872604,0,0,D,2,1,1592046,49,1998,49,35.1,12.76
3128,Historical,871804,0,0,D,0,0,1668138,75,2001,18,45.01,73.98
3129,Historical,2261767,0,0,D,5,1,5986072,128.81,2009,36,0,138.35
3130,Historical,218017,0,0,D,2,1,2913660,45,1999,28,28.25,9.56
3131,Historical,218013,0,0,D,3,1,1826415,59.95,1998,40,22.63,5.12
3132,Historical,218071,0,0,D,4,1,251683,85,2010,27,48.64,115.15
3133,Historical,828903,0,0,D,0,0,2374443,49.95,1991,18,45.98,129.85
3134,Historical,482303,0,0,D,3,1,2394025,84,2003,22,53.87,49.6
3135,Historical,1714854,0,0,D,0,0,287739,13.32,2006,15,24.38,18.77
3137,Historical,903849,0,0,D,2,1,1170339,49.95,1997,25,16.42,71.59
3139,Historical,530802,0,0,D,6,1,2896257,440.82,2007,19,53.99,161.94
3141,Historical,717491,0,0,D,3,1,8978374,44.95,1997,19,8.84,28.39
3142,Historical,2157603,0,0,D,5,1,774227,89.95,2010,25,73.99,107.37
3143,Historical,827052,0,0,D,0,0,10156668,40,1998,10,64.86,96.95
3144,Historical,895736,0,0,D,4,1,3283113,67.76,2004,16,18.06,73.69
3145,Historical,2473379,0,0,D,0,0,14846741,0,1982,10,111.07,35.74
3146,Historical,2256562,0,0,D,3,1,2562488,33.39,2007,16,40.07,120.05
3147,Historical,248405,0,0,D,2,1,2989808,52.95,2006,41,7.47,6.94
3148,Historical,155356,0,0,D,4,1,4902797,41.16,1999,46,53.58,7.51
3149,Historical,878926,0,0,D,12,1,781950,14.75,2008,28,183.98,14.73
3150,Historical,567457,0,0,D,4,1,1897207,243.95,2006,25,105.96,48.91
3151,Historical,2723357,0,0,D,0,0,7308474,55.95,2000,12,46.84,139.49
3152,Historical,915534,0,0,D,2,1,3395366,54.95,2003,25,14.3,5.98
3154,Historical,901745,0,0,D,0,0,5579010,149.95,2011,16,10.74,50.91
3155,Historical,897337,0,0,D,3,1,571623,0,2008,9,0,0
3157,Historical,869749,0,0,D,4,1,5235612,139,1994,10,8.11,115.88
3158,Historical,911438,0,0,D,0,0,4859238,19.95,1994,18,44.53,9.95
3159,Historical,897505,0,0,D,2,1,2221709,0,1984,15,53.98,52.83
3160,Historical,1731054,0,0,D,1,0,1613040,129,2008,15,79.99,56.09
3161,Historical,2867503,0,0,D,2,1,305480,99.95,2015,9,0,86.76
3164,Historical,911013,0,0,D,2,1,183823,42.99,2007,26,43.99,40.99
3165,Historical,218591,0,0,D,2,1,5649950,37,1995,20,24.14,31.06
3167,Historical,2396955,0,0,D,2,1,2046520,50.95,1994,16,4.05,14.94
3168,Historical,889390,0,0,D,10,1,2893600,118,1995,16,162.99,158.99
3170,Historical,243106,0,0,D,0,0,1846339,253.93,2004,12,0,192.67
3172,Historical,892781,0,0,D,2,1,114229,45,2014,51,15.04,13.98
3173,Historical,669305,0,0,D,1,0,3628373,105,2011,11,37.95,69.31
3174,Historical,2194299,0,0,D,2,1,9251893,129,2011,14,134.97,114.66
3175,Historical,619524,0,0,D,2,1,1037343,104.75,1994,31,61.53,41.99
3176,Historical,891303,0,0,D,0,0,858365,125.99,1999,17,132.67,183.62
3177,Historical,2612995,0,0,D,1,0,5291467,219.99,2001,14,108.6,130.34
3178,Historical,1592038,0,0,D,2,1,5506234,285,2006,18,51.99,61.11
3179,Historical,2615584,0,0,D,1,0,3600310,117,2004,15,68.08,79.87
3181,Historical,175407,0,0,D,0,0,6011286,100,2001,14,45.75,65.85
3182,Historical,899113,0,0,D,4,1,1540431,58.99,2008,20,36.79,9.83
3183,Historical,1765926,0,0,D,0,0,3935657,145,2014,11,0,130.05
3184,Historical,632938,0,0,D,1,0,3587653,116.95,2006,16,57.86,24.71
3185,Historical,577035,0,0,D,1,0,5587057,105.95,2000,14,61.79,4.99
3186,Historical,826273,0,0,D,1,0,6440197,42.95,1997,19,16.83,8.04
3187,Historical,609096,0,0,D,5,1,6549041,235.95,1998,16,81,8.96
3188,Historical,2836662,0,0,D,4,1,1251742,62.95,1995,17,53.96,38.32
3189,Historical,60793,0,0,D,1,0,4411560,124.95,1997,31,94.73,43.1
3190,Historical,2259078,0,0,D,1,0,3246154,0,2007,39,44.99,30.91
3191,Historical,2521129,0,0,D,0,0,8084197,20.36,1997,27,34.72,7.74
3192,Historical,873967,0,0,D,2,1,1834962,53.88,2009,17,33.91,87.69
3193,Historical,829436,0,0,D,2,1,2824912,51.95,1991,46,57.87,33.97
3194,Historical,877511,0,0,D,4,1,2014340,18.07,2009,25,112.98,28.99
3195,Historical,608174,0,0,D,5,1,2550155,102.36,1999,55,199.97,20.23
3196,Historical,772905,0,0,D,7,1,558597,43.98,2008,18,132.98,43.97
3197,Historical,245028,0,0,D,1,0,2896841,135.95,2003,44,54,8.36
3198,Historical,858485,0,0,D,2,1,4550594,145.95,2013,20,21.99,56.33
3199,Historical,176530,0,0,D,1,0,1569144,52.95,1997,41,99.01,45.25
3200,Historical,608042,0,0,D,7,1,3100256,270.95,2003,70,69.21,9.83
3201,Historical,148473,0,0,D,3,1,6123201,178.95,2005,26,69.78,9.99
3202,Historical,500156,0,0,D,4,1,2741889,337.95,2009,20,102.89,33.98
3203,Historical,2261327,0,0,D,8,1,2198556,108.11,2008,26,62.62,97.11
3204,Historical,764393,0,0,D,8,1,4984387,0,2004,14,95.95,25.8
3205,Historical,2314682,0,0,D,4,1,1647862,17.29,1992,86,21.32,20.03
3206,Historical,2320224,0,0,D,3,1,1006877,6.95,1984,103,21.32,27.77
3207,Historical,291753,0,0,D,2,1,1419173,80.95,2008,36,24.97,6.92
3208,Historical,177390,0,0,D,7,1,8303564,83.95,1999,16,93.99,30.78
3209,Historical,56595,0,0,D,6,1,1204538,146.95,2009,42,29.1,33.94
3210,Historical,1723635,0,0,D,8,1,765651,147.95,2010,19,72.93,12.61
3211,Historical,176677,0,0,D,5,1,1166909,58.95,2000,47,66.99,8.23
3212,Historical,919567,0,0,D,1,0,3680052,24.95,1998,46,28.31,6.84
3213,Historical,758953,0,0,D,1,0,1181578,49.95,2001,28,47.76,72.77
3214,Historical,759387,0,0,D,1,0,3158279,49.95,2001,12,48.04,0
3215,Historical,905744,0,0,D,0,0,2238347,36.92,2009,40,36.98,23.9
3216,Historical,339748,0,0,D,4,1,404810,39.64,2009,91,14.07,39.18
3217,Historical,752227,0,0,D,4,1,4258339,0,2009,25,14.07,47.98
3218,Historical,922056,0,0,D,1,0,1724229,32.95,1987,68,35.35,19.47
3219,Historical,915499,0,0,D,11,1,3117265,0,2011,23,36.67,41.97
3220,Historical,2618283,0,0,D,1,0,5367002,53.95,1992,16,34.74,43.63
3221,Historical,758472,0,0,D,13,1,1076849,145,1997,31,104.66,62.68
3222,Historical,447757,0,0,D,0,0,4482773,375,1997,16,191.22,69.71
3223,Historical,2563605,0,0,D,1,0,738104,110,1996,13,63.82,33.95
3224,Historical,884765,0,0,D,1,0,6523859,0,2008,15,32.88,55.88
3225,Historical,752221,0,0,D,10,1,5084506,19.99,2010,14,25.46,36.95
3226,Historical,166492,0,0,D,4,1,803180,14.22,2004,42,48.98,13.99
3227,Historical,757286,0,0,D,1,0,3051420,119,1997,19,83.99,61.19
3228,Historical,226071,0,0,D,2,1,1815581,83.95,2007,22,31.38,66.23
3229,Historical,616143,0,0,D,1,0,2505988,39.99,2005,45,8.49,13.67
3230,Historical,752161,0,0,D,1,0,365869,39.99,2010,27,8.49,43.98
3231,Historical,874039,0,0,D,2,1,3848017,94.99,2012,20,48.99,12.63
3232,Historical,879156,0,0,D,8,1,769343,26.4,2011,35,76.48,38.99
3233,Historical,752728,0,0,D,5,1,1361295,16.95,2009,25,143.54,5.19
3234,Historical,2558120,0,0,D,2,1,11629234,0,2005,15,43.98,0
3235,Historical,530012,0,0,D,3,1,1067411,60.47,2009,17,59.88,49.5
3236,Historical,874298,0,0,D,0,0,502452,26.95,1998,61,27.84,10.49
3237,Historical,163441,0,0,D,8,1,421789,27.98,2011,17,38.52,54.28
3238,Historical,751575,0,0,D,3,1,8441842,62.95,2008,14,55.92,46.59
3239,Historical,828336,0,0,D,1,0,439645,46,1998,29,0,0
3241,Historical,634331,0,0,D,1,0,1036094,68,2008,23,59.59,123.2
3242,Historical,162465,0,0,D,3,1,2660425,48.75,2008,26,106.49,48.18
3243,Historical,162459,0,0,D,7,1,4395595,190.5,2008,20,74.02,56.9
3244,Historical,339103,0,0,D,2,1,1126656,8.61,2007,42,37.04,11.72
3245,Historical,3262759,0,0,D,1,0,5092502,25.93,2001,35,48.26,17.92
3246,Historical,2819717,0,0,D,0,0,4159393,0,1988,11,115.38,159.49
3247,Historical,911328,0,0,D,2,1,3350920,75,1984,31,0,42.45
3248,Historical,163401,0,0,D,8,1,3053979,7.44,2009,48,143.91,7.44
3249,Historical,751501,0,0,D,8,1,1636691,47.41,2009,18,118.94,24.98
3250,Historical,871784,0,0,D,2,1,10185703,0,2012,13,135.49,0
3251,Historical,878148,0,0,D,11,1,1907989,18.98,2014,57,232.91,14.98
3252,Historical,525132,0,0,D,0,0,940938,125,2012,61,103.99,43.99
3253,Historical,233033,0,0,D,1,0,629781,72,1995,50,56.1,7.84
3254,Historical,887776,0,0,D,4,1,3551017,31.25,1999,14,43.68,43.98
3255,Historical,2568117,0,0,D,1,0,1658816,118,2000,23,93.61,76.49
3256,Historical,165358,0,0,D,1,0,1195128,55,2001,31,50.41,53.99
3257,Historical,861573,0,0,D,11,1,67938,226.5,2013,31,144.96,102.74
3258,Historical,447513,0,0,D,9,1,941451,65,2011,35,53.51,8
3259,Historical,874119,0,0,D,6,1,864207,14.94,2009,57,29.76,14.94
3260,Historical,762551,0,0,D,2,1,4425223,110,1997,14,49.38,72.49
3261,Historical,2256745,0,0,D,0,0,1954500,305.59,2007,26,63.66,115.95
3262,Historical,2620701,0,0,D,4,1,5212051,23.95,2000,26,0,6.45
3263,Historical,183376,0,0,D,4,1,2402538,133.95,2006,19,34.08,51.58
3264,Historical,767470,0,0,D,8,1,2920667,48.98,2009,25,63.97,47.33
3265,Historical,294040,0,0,D,5,1,2417402,195.95,2003,55,8.48,21.54
3266,Historical,184047,0,0,D,6,1,2165151,119.95,2006,54,75.96,6.96
3267,Historical,386901,0,0,D,5,1,5318730,129.95,2005,37,75.96,4.99
3268,Historical,355085,0,0,D,4,1,1381433,115.95,2006,39,35.08,4.97
3269,Historical,878502,0,0,D,8,1,1607848,92.12,2007,21,149.55,125.89
3270,Historical,2248256,0,0,D,12,1,228098,173.38,2006,22,32.49,99.38
3271,Historical,2253251,0,0,D,5,1,2067088,147,2010,42,60.37,57.59
3272,Historical,230357,0,0,D,1,0,4010798,75.95,1999,37,88.99,13.98
3273,Historical,51894,0,0,D,6,1,1365783,144,2000,62,63.99,28.13
3274,Historical,795026,0,0,D,8,1,5619006,0,2011,12,93.94,83.99
3275,Historical,874512,0,0,D,3,1,3396439,0,2007,13,28.99,28.99
3276,Historical,2258497,0,0,D,4,1,2397750,0,2007,18,158.74,37.78
3277,Historical,53521,0,0,D,8,1,1146210,190.95,2008,17,27.02,13.94
3278,Historical,148246,0,0,D,6,1,6283356,130.95,2004,11,27.02,9.96
3279,Historical,643124,0,0,D,2,1,8950379,174.95,2006,16,9.34,65.71
3280,Historical,243878,0,0,D,5,1,2571594,204.95,2010,15,9.34,20
3281,Historical,620182,0,0,D,1,0,974669,72.95,2009,28,27.18,14.99
3282,Historical,2314488,0,0,D,0,0,3150635,22,1991,36,0,14.99
3283,Historical,608680,0,0,D,15,1,6279821,123.95,2001,15,31.72,28.98
3284,Historical,170088,0,0,D,1,0,245353,115.95,2010,32,66.54,13.99
3285,Historical,178619,0,0,D,3,1,723210,61.95,2007,22,49.3,13.99
3286,Historical,615175,0,0,D,2,1,2558117,143.95,2001,44,9.9,7.01
3287,Historical,346097,0,0,D,4,1,3811674,390.95,2006,20,56.03,22.75
3288,Historical,461696,0,0,D,9,1,9273795,175.96,2007,12,133.98,60.91
3289,Historical,252020,0,0,D,1,0,2482025,125.95,2007,44,3.99,4.99
3290,Historical,593897,0,0,D,1,0,1998626,114.95,2009,34,3.99,5.49
3291,Historical,202404,0,0,D,6,1,459129,295.95,2002,42,57.27,122.74
3292,Historical,60984,0,0,D,5,1,5420483,85.95,2000,23,114.01,36.94
3293,Historical,177634,0,0,D,2,1,4229911,37.95,1999,29,28.18,6.87
3294,Historical,850314,0,0,D,10,1,1295034,37.96,1999,97,88.77,6.58
3295,Historical,182542,0,0,D,11,1,153120,19.08,2001,72,88.77,18.44
3296,Historical,592486,0,0,D,4,1,210142,88.49,2007,16,88.71,72.99
3297,Historical,50835,0,0,D,7,1,5539474,237.95,2004,24,4,9.49
3298,Historical,765636,0,0,D,1,0,4531306,0,2006,10,50.74,20
3299,Historical,298902,0,0,D,1,0,1376072,100.95,2009,25,21.19,18.96
3300,Historical,451781,0,0,D,8,1,2407677,81.95,2008,20,68.8,23.94
3301,Historical,530951,0,0,D,3,1,1253066,89.95,2011,38,60.1,68.71
3302,Historical,169497,0,0,D,6,1,1564869,447.95,2006,65,143.86,37.56
3303,Historical,826260,0,0,D,4,1,4051448,45.95,2001,23,0,0
3304,Historical,788050,0,0,D,3,1,627121,157.95,1998,14,49.3,21.99
3305,Historical,765930,0,0,D,0,0,2824404,108.95,2001,18,32.93,6.84
3306,Historical,169862,0,0,D,12,1,1003995,264.95,2009,43,83.95,13.74
3307,Historical,901094,0,0,D,3,1,1168610,0,2012,27,50.84,194.58
3308,Historical,134899,0,0,D,5,1,782600,32,2011,29,29.39,18.17
3309,Historical,636115,0,0,D,1,0,1915199,53.95,1999,22,27.07,13.94
3310,Historical,408037,0,0,D,1,0,3504262,51.95,2003,19,45.83,44.29
3311,Historical,793318,0,0,D,1,0,4127590,95,2000,16,46.37,24.25
3312,Historical,279073,0,0,D,1,0,4007243,95,2008,12,63.24,33.99
3313,Historical,1549994,0,0,D,9,1,3881336,72.95,2011,26,65.46,72.95
3314,Historical,55795,0,0,D,0,0,3974328,45.95,2007,15,133.69,10.99
3315,Historical,909036,0,0,D,2,1,2523499,45.95,2003,22,37.23,23.99
3317,Historical,898982,0,0,D,0,0,1129576,63.5,2009,15,0,63.1
3318,Historical,637951,0,0,D,9,1,1374715,175.81,2013,22,124.99,170.54
3319,Historical,915015,0,0,D,1,0,2143533,115.5,2003,24,123.99,4
3320,Historical,623769,0,0,D,8,1,3899,369.5,2013,134,151.91,83.99
3321,Historical,705530,0,0,D,7,1,2640034,0,2011,31,151.91,111.28
3322,Historical,879930,0,0,D,14,1,24102,99.99,2013,24,129.99,67.81
3323,Historical,705759,0,0,D,3,1,346057,10.86,2012,32,52.98,147.74
3324,Historical,706209,0,0,D,5,1,2802432,201.5,2011,18,153.23,51.13
3325,Historical,699347,0,0,D,10,1,316005,24.98,2012,20,136.99,24.52
3326,Historical,551104,0,0,D,3,1,3816203,227.25,2012,17,83.76,168.31
3327,Historical,699184,0,0,D,7,1,2157956,34.26,2010,15,66.16,43.95
3328,Historical,538708,0,0,D,3,1,247571,363.75,2013,23,100.87,2346.72
3329,Historical,906265,0,0,D,7,1,5651905,118.44,2009,34,66.99,50.27
3330,Historical,200593,0,0,D,4,1,198940,207.95,2009,22,43.99,25
3331,Historical,608978,0,0,D,5,1,4032396,63.95,2002,31,46.97,42.09
3333,Historical,665378,0,0,D,13,1,1342961,99.95,2012,11,78.11,24.99
3334,Historical,875116,0,0,D,3,1,2008631,77.95,2012,28,18.98,72.53
3335,Historical,2256052,0,0,D,5,1,3930772,16.97,2008,39,0,16.87
3337,Historical,612661,0,0,D,18,1,345468,99.95,2013,27,63.13,39.99
3339,Historical,570575,0,0,D,1,0,1409377,46.95,2010,40,0,14.91
3340,Historical,766382,0,0,D,1,0,3184293,150.95,2010,20,34.59,20.99
3341,Historical,766383,0,0,D,1,0,5263615,103.95,2010,17,4.85,7.99
3342,Historical,745469,0,0,D,4,1,3093938,0,2007,17,131.78,51.71
3343,Historical,766379,0,0,D,1,0,2113878,136.95,2010,43,30.49,9.28
3344,Historical,298604,0,0,D,1,0,3335115,89.95,2007,29,4.64,9.04
3345,Historical,766385,0,0,D,1,0,4483787,99.95,2010,19,4.64,7.99
3346,Historical,612876,0,0,D,1,0,1283534,180.95,2007,90,0,8.97
3348,Historical,1597927,0,0,D,1,0,3290560,169.95,2010,27,47.51,35.95
3349,Historical,766380,0,0,D,1,0,2418611,147.95,2010,47,85.89,6.48
3350,Historical,592907,0,0,D,1,0,2199235,91.95,2007,39,53.74,18.7
3351,Historical,1597922,0,0,D,1,0,3224913,103.95,2010,31,53.74,5.13
3352,Historical,878919,0,0,D,5,1,1434101,47.93,2010,48,103.99,39.93
3353,Historical,2836283,0,0,D,4,1,3027515,135.95,1991,35,4,31.98
3354,Historical,567742,0,0,D,2,1,1515125,114.95,2010,46,66.17,12.65
3355,Historical,879906,0,0,D,9,1,1582867,22.95,2009,62,107.99,16.7
3356,Historical,567744,0,0,D,3,1,1120743,156.95,2009,33,64.48,27.2
3357,Historical,542066,0,0,D,4,1,1318834,147.95,2011,39,6.11,28.73
3358,Historical,878140,0,0,D,6,1,1092812,62.86,2008,81,125.65,64.36
3359,Historical,765218,0,0,D,4,1,10661366,74.95,1999,17,19.57,21.56
3360,Historical,745314,0,0,D,4,1,963245,277.95,2007,31,189.59,13.98
3361,Historical,522078,0,0,D,13,1,2855612,0,2010,16,76.52,37.99
3362,Historical,878086,0,0,D,8,1,1293458,174.95,2011,15,143.99,153.99
3363,Historical,2256594,0,0,D,0,0,7689789,29.55,2010,31,0,53.96
3364,Historical,608467,0,0,D,6,1,1657329,277.95,2008,29,151.48,9.28
3365,Historical,2248650,0,0,D,9,1,4938061,36.28,2008,34,67.49,20.67
3366,Historical,745043,0,0,D,0,0,5060834,0,2005,19,153.55,47.8
3367,Historical,871865,0,0,D,6,1,3418919,87.74,2005,43,83.99,62.34
3368,Historical,170215,0,0,D,14,1,105195,216.95,2012,57,148.97,165.93
3369,Historical,794858,0,0,D,8,1,687075,22.74,2009,19,74.95,22.74
3370,Historical,243890,0,0,D,6,1,1270416,77.95,2010,30,46.83,45.59
3371,Historical,872160,0,0,D,0,0,5501681,0,2008,13,109.77,101.27
3372,Historical,177218,0,0,D,8,1,1724894,93.95,2005,32,39.66,48.75
3373,Historical,877323,0,0,D,2,1,1315900,147.95,2012,22,69.6,50.59
3374,Historical,452817,0,0,D,1,0,2015425,194.95,2009,25,151.96,47.39
3375,Historical,878894,0,0,D,14,1,3343505,159.34,2011,36,125.36,52.82
3376,Historical,766405,0,0,D,4,1,386326,79.99,2012,35,160.1,73.57
3377,Historical,249757,0,0,D,1,0,3139005,172.95,2006,24,63.98,12.54
3378,Historical,251103,0,0,D,1,0,3293341,206.95,2008,36,63.99,4.99
3379,Historical,872930,0,0,D,12,1,122016,218.95,2013,18,176.49,41.99
3380,Historical,627649,0,0,D,0,0,148311,165.2,2003,75,90.06,115.28
3381,Historical,540341,0,0,D,8,1,1522992,115,2013,29,85.12,108.99
3383,Historical,1782986,0,0,D,6,1,2885776,211.95,2011,31,151.82,140.83
3384,Historical,170136,0,0,D,6,1,449529,313.95,2011,28,109.07,43.93
3385,Historical,880574,0,0,D,7,1,895182,12.59,2006,25,146.74,17.95
3386,Historical,871349,0,0,D,14,1,229268,18.99,2013,9,78.67,26.99
3387,Historical,888866,0,0,D,10,1,2005128,209.95,2012,25,144.03,104.05
3388,Historical,52800,0,0,D,9,1,752063,196.95,2010,16,148.5,30
3389,Historical,795626,0,0,D,3,1,4785826,64.83,2012,15,120.43,44.99
3390,Historical,875266,0,0,D,8,1,441011,508.37,2009,41,191.79,52.79
3391,Historical,773277,0,0,D,0,0,4481427,118.95,2002,22,137.24,12.99
3392,Historical,878513,0,0,D,6,1,2316987,21.96,2007,49,148.09,15.98
3393,Historical,2255797,0,0,D,9,1,3360719,86.55,2011,29,148.96,86.55
3394,Historical,769157,0,0,D,5,1,1329899,26.45,2001,40,78.65,26.43
3395,Historical,608426,0,0,D,5,1,1848016,174.95,2006,27,104.32,23.98
3396,Historical,532089,0,0,D,13,1,1244478,170.95,2011,19,142.98,63.65
3397,Historical,1597994,0,0,D,7,1,3473669,0,2011,15,165.03,137.99
3398,Historical,894771,0,0,D,0,0,12634825,0,2010,11,33.94,0
3399,Historical,810214,0,0,D,1,0,5126992,80.95,2009,16,103.99,12
3400,Historical,878480,0,0,D,8,1,235179,30.99,2010,51,83.99,18.29
3401,Historical,2256549,0,0,D,10,1,2228419,76.75,2010,17,73.96,60.37
3402,Historical,641035,0,0,D,7,1,1079497,121.95,2012,19,6.19,59.8
3403,Historical,917307,0,0,D,5,1,452632,33.98,2009,50,6.19,33.81
3404,Historical,767015,0,0,D,21,1,1480782,169.28,2010,15,110.28,73.99
3405,Historical,879530,0,0,D,14,1,62647,199.99,2014,28,103.92,200.07
3406,Historical,569838,0,0,D,1,0,1643813,71.95,2004,38,58.59,38.64
3407,Historical,544351,0,0,D,8,1,292275,274.95,2013,45,67.55,99.99
3408,Historical,253848,0,0,D,0,0,3062173,124.95,2008,20,87.01,23.39
3409,Historical,526859,0,0,D,0,0,1089750,100.95,2012,24,87.01,40.65
3410,Historical,526860,0,0,D,1,0,1299005,106.95,2012,32,45.23,8.66
3411,Historical,178621,0,0,D,4,1,1191574,109.95,2008,19,62.42,9.97
3412,Historical,618924,0,0,D,5,1,533404,122.95,2012,32,15.22,68.53
3413,Historical,912576,0,0,D,3,1,703684,29.95,2003,21,0,15.36
3414,Historical,630425,0,0,D,1,0,994157,45,1984,35,27.52,44.57
3415,Historical,2470752,0,0,D,1,0,7041027,103.95,1994,13,81.45,71.78
3416,Historical,370654,0,0,D,1,0,3490994,132.95,1998,24,77.37,9.17
3417,Historical,222939,0,0,D,1,0,2019505,94.95,1995,18,11.64,48.27
3418,Historical,883275,0,0,D,2,1,4923982,539,2003,14,0,271.2
3420,Historical,149168,0,0,D,0,0,2569873,30.6,1997,28,0,12.98
3421,Historical,899940,0,0,D,1,0,4190852,76.95,1996,16,39.44,60.91
3422,Historical,293150,0,0,D,2,1,1202220,75,2001,23,70.16,182.16
3423,Historical,903365,0,0,D,2,1,3767911,125.95,2007,13,0,92.54
3424,Historical,916812,0,0,D,1,0,6657911,16.95,1988,28,34.56,19.78
3425,Historical,355941,0,0,D,2,1,4664301,84.95,2002,15,47.47,83.71
3428,Historical,901228,0,0,D,1,0,3134102,175.95,2011,14,0,123.8
3429,Historical,2648111,0,0,D,1,0,1571801,38.95,1997,23,32.58,15.97
3431,Historical,1845248,0,0,D,1,0,5924386,0,2008,4,44.6,42.55
3432,Historical,800771,0,0,D,3,1,3113628,79,2010,18,33.66,42.4
3433,Historical,869698,0,0,D,1,0,3356611,127,2008,25,50.42,51.2
3434,Historical,198968,0,0,D,2,1,4550073,180,1998,17,35.1,73.19
3435,Historical,1854835,0,0,D,0,0,902686,185,2008,8,0,160.87
3436,Historical,873346,0,0,D,1,0,2551764,38.95,1996,20,35.78,6.17
3437,Historical,887885,0,0,D,0,0,3084055,66.95,2002,10,27.58,63.94
3438,Historical,920261,0,0,D,1,0,1303616,35.95,2002,42,13.49,7.38
3439,Historical,199238,0,0,D,1,0,1365914,120,2005,17,51.99,36.98
3440,Historical,875578,0,0,D,1,0,4142936,33.95,1997,30,40.55,42.82
3441,Historical,744609,0,0,D,6,1,4168513,136.95,2003,21,53.84,9.89
3442,Historical,211262,0,0,D,1,0,6111719,38.95,1997,20,44.59,13.94
3443,Historical,682483,0,0,D,2,1,462127,27.95,1990,53,50.04,48.01
3444,Historical,870945,0,0,D,2,1,2561086,49.95,1998,37,36.97,6.94
3445,Historical,831444,0,0,D,4,1,419642,162.95,2000,22,16.13,42.99
3446,Historical,831287,0,0,D,4,1,3233053,71.99,2000,17,16.13,62.25
3447,Historical,802692,0,0,D,13,1,1246807,49.99,2009,23,7.19,21.69
3448,Historical,802622,0,0,D,4,1,2868935,34.99,2007,24,24.71,8.99
3449,Historical,802641,0,0,D,4,1,1158795,49.99,2007,36,28.29,8.98
3450,Historical,872935,0,0,D,11,1,219489,39.99,2014,19,24.85,36.33
3454,Historical,1857045,0,0,D,0,0,6373563,199.25,2010,12,9.48,95.47
3455,Historical,1857046,0,0,D,0,0,5747645,199.25,2010,10,9.48,103.31
3456,Historical,774881,0,0,D,6,1,1379268,182.95,2000,21,113.59,93.82
3457,Historical,2680516,0,0,D,0,0,5148988,155,1990,17,171.66,112.69
3458,Historical,774799,0,0,D,3,1,4650843,207,1999,21,90.97,56.27
3459,Historical,774676,0,0,D,2,1,5430248,459,1998,16,144.13,85.41
3460,Historical,2679156,0,0,D,3,1,5861593,210,1992,13,132.68,94.16
3461,Historical,60320,0,0,D,5,1,1497012,62.95,1999,44,58.88,23.89
3462,Historical,641796,0,0,D,2,1,174140,157,2002,21,125.47,73.97
3463,Historical,2680308,0,0,D,0,0,7142733,96.5,1991,18,132.68,53.51
3465,Historical,3504705,0,0,D,2,1,14677,62.99,2015,13,0,46.99
3466,Historical,804352,0,0,D,31,1,2360252,99.95,2007,21,68.8,364.97
3467,Historical,775174,0,0,D,3,1,3431367,54.95,2002,15,36.58,24.23
3468,Historical,893394,0,0,D,2,1,3132744,84,2001,16,66.99,163.09
3469,Historical,872163,0,0,D,1,0,8773524,49.95,1997,25,18.55,6.99
3470,Historical,870383,0,0,D,2,1,2601119,110.95,1995,31,72.27,20.69
3471,Historical,2473265,0,0,D,3,1,6919851,70.95,1989,26,30.73,9.98
3472,Historical,797678,0,0,D,1,0,2071212,95.95,2003,18,6.33,38.98
3473,Historical,918707,0,0,D,4,1,3126595,89.95,1994,24,35.04,10.99
3475,Historical,1878915,0,0,D,2,1,2947549,49,2008,12,0,0
3476,Historical,296162,0,0,D,2,1,3334466,141.95,1996,14,119.51,126.76
3477,Historical,884121,0,0,D,1,0,6649804,67,2006,6,45.91,28.99
3478,Historical,2780328,0,0,D,0,0,2057533,85,1981,26,77.99,57.1
3479,Historical,900690,0,0,D,6,1,235253,159,2009,17,103.38,118.99
3480,Historical,581683,0,0,D,2,1,2755494,41,2001,16,82.53,28.99
3481,Historical,875619,0,0,D,0,0,5776500,17,1984,16,10.8,49.49
3482,Historical,656825,0,0,D,3,1,5600502,50,1990,12,53.99,141.77
3483,Historical,870471,0,0,D,3,1,4659893,37,2004,14,34.73,29.99
3484,Historical,879171,0,0,D,0,0,1031949,30,2000,50,28.97,27
3485,Historical,1873417,0,0,D,0,0,9148031,55,2006,16,28.54,68.33
3486,Historical,267908,0,0,D,3,1,2263210,12.22,2005,14,8.44,243.35
3488,Historical,367982,0,0,D,6,1,1966518,47.79,1999,41,45.94,23.94
3489,Historical,918953,0,0,D,5,1,3742448,46.2,2001,31,20.79,39.97
3490,Historical,123987,0,0,D,1,0,1625955,82.95,2001,42,52.76,12.38
3491,Historical,899123,0,0,D,1,0,4963737,92.12,2007,14,63.23,72.81
3492,Historical,774034,0,0,D,0,0,4101524,88.05,1997,14,86.57,80.14
3493,Historical,2252538,0,0,D,1,0,4553730,27.71,2006,35,0,15.69
3494,Historical,593610,0,0,D,2,1,133871,83.94,2011,33,56.68,83.39
3495,Historical,684034,0,0,D,0,0,123024,26,2004,85,36.53,17.92
3496,Historical,917187,0,0,D,0,0,101122,34.95,2000,37,36.53,14.23
3497,Historical,617661,0,0,D,0,0,2769,49.99,2008,57,61.92,28.99
3499,Historical,902843,0,0,D,0,0,3224600,6.99,2008,15,0,146.93
3500,Historical,737140,0,0,D,3,1,7518804,202.95,1998,26,38.97,16.98
3501,Historical,899146,0,0,D,1,0,184234,49.95,2007,18,35.98,42.95
3502,Historical,645743,0,0,D,1,0,6381851,48.95,1996,18,71.41,66.75
3503,Historical,2815799,0,0,D,0,0,8603140,55.35,1995,15,24.93,6.87
3504,Historical,2836607,0,0,D,1,0,5392212,86.95,1997,24,118.97,11.41
3505,Historical,908604,0,0,D,1,0,3351214,204.95,1995,16,109.98,13.64
3506,Historical,202175,0,0,D,6,1,4008620,253.95,2001,36,4,7.99
3507,Historical,2257207,0,0,D,7,1,2999156,31.02,2006,43,0,34.66
3508,Historical,774646,0,0,D,7,1,3093778,155,1998,16,100.79,63.63
3509,Historical,661948,0,0,D,2,1,4755517,249,2005,15,109.71,180.55
3510,Historical,2680181,0,0,D,3,1,7684880,210,1993,24,139.98,69.35
3511,Historical,832819,0,0,D,3,1,5065084,95,1991,18,58.94,51.31
3512,Historical,901773,0,0,D,2,1,6698908,39.95,2003,13,13.98,8.94
3513,Historical,2621954,0,0,D,2,1,2444071,107.95,1996,11,53.94,64.42
3514,Historical,697437,0,0,D,2,1,952233,125,1997,29,129.5,48.74
3515,Historical,874271,0,0,D,1,0,1768147,79.95,2002,43,53.96,21.98
3516,Historical,3066277,0,0,D,0,0,2026564,49.95,1999,24,12.65,18.48
3517,Historical,902979,0,0,D,1,0,2904436,119.95,2000,19,107.49,81.44
3518,Historical,870413,0,0,D,3,1,6184749,89.95,1998,14,101.1,53.15
3519,Historical,2253983,0,0,D,0,0,10397640,0,2006,14,34.99,63.76
3520,Historical,2835081,0,0,D,2,1,13528620,49.95,2004,13,40.22,55.36
3522,Historical,611879,0,0,D,2,1,2359039,119,2011,21,65.99,81.99
3523,Historical,2443073,0,0,D,1,0,7325712,179,2003,11,90.25,61.86
3524,Historical,563251,0,0,D,3,1,10457197,99,1992,10,65.23,51.23
3525,Historical,895493,0,0,D,2,1,1894972,49.99,2010,13,15.95,30.99
3526,Historical,892563,0,0,D,2,1,4038344,99,2012,10,59.99,78.14
3527,Historical,1923749,0,0,D,0,0,4242453,139,2013,21,65.99,96.04
3528,Historical,919065,0,0,D,3,1,1786236,34.95,1998,32,93.89,7.63
3529,Historical,61246,0,0,D,3,1,2233867,86,2003,38,57.94,10.48
3530,Historical,608695,0,0,D,9,1,626761,124.95,2008,21,0,0
3531,Historical,239407,0,0,D,5,1,2945607,70.95,2001,32,6.44,28.14
3532,Historical,2720039,0,0,D,2,1,7556836,37.5,2000,20,10.39,20.98
3533,Historical,531780,0,0,D,2,1,1027687,49.95,2008,27,39.16,49.95
3534,Historical,564279,0,0,D,1,0,7891545,115.95,1994,14,216.67,73.59
3535,Historical,57684,0,0,D,1,0,2552881,43.95,1996,21,38.47,33.32
3536,Historical,2648727,0,0,D,0,0,2169780,46.95,2000,34,18.26,50.65
3537,Historical,757947,0,0,D,1,0,3954000,59.95,1998,19,26.69,51.53
3538,Historical,2647235,0,0,D,1,0,14529303,99.95,1993,12,38.42,114.83
3539,Historical,882819,0,0,D,0,0,5232347,44.95,2001,14,42.69,50.61
3540,Historical,914040,0,0,D,2,1,1540372,40.95,1999,27,41.6,39.71
3541,Historical,891344,0,0,D,2,1,6372134,33.95,2000,11,45.11,109.33
3542,Historical,906366,0,0,D,1,0,5629235,56.95,2005,20,48.98,22.69
3543,Historical,280891,0,0,D,3,1,3449215,54.95,1997,14,39.04,28.94
3544,Historical,608715,0,0,D,2,1,3007436,44.95,2002,49,17.7,8.99
3545,Historical,2635318,0,0,D,1,0,3627586,44.95,2001,52,28.48,12.84
3546,Historical,778579,0,0,D,2,1,2749025,135.95,2009,13,98.91,135.95
3547,Historical,542876,0,0,D,0,0,1827512,38.95,1999,20,0,0
3548,Historical,199867,0,0,D,2,1,3497789,59.95,1997,26,63.98,72.59
3549,Historical,869410,0,0,D,2,1,3482268,228.95,2011,13,42.89,81.35
3550,Historical,199889,0,0,D,2,1,636841,87.95,1998,29,40.44,28.84
3551,Historical,870655,0,0,D,2,1,1790358,40,1995,25,66.98,5.26
3552,Historical,778591,0,0,D,0,0,6942628,0,2007,11,30.96,13.69
3553,Historical,2257066,0,0,D,5,1,1776348,40.85,2009,52,0,38.79
3554,Historical,60869,0,0,D,2,1,2571221,65,1999,58,4.97,46.03
3555,Historical,911173,0,0,D,0,0,2305265,53.28,2009,27,44.63,48.52
3556,Historical,545667,0,0,D,2,1,711484,169.99,2012,13,0,0
3557,Historical,203561,0,0,D,1,0,246045,179.99,2004,13,91.74,149.27
3558,Historical,894253,0,0,D,1,0,5165260,229,1998,15,232.26,52.98
3559,Historical,2663990,0,0,D,3,1,5795308,125,1993,17,14.05,20.17
3560,Historical,902683,0,0,D,2,1,690656,19.9,2007,33,61.99,77.92
3561,Historical,789318,0,0,D,1,0,2827051,125,2004,17,14.44,18.99
3562,Historical,774685,0,0,D,1,0,9766243,229,1997,13,146.94,53.31
3563,Historical,645610,0,0,D,4,1,4482047,149,1999,19,122.31,58.48
3564,Historical,788904,0,0,D,8,1,3951842,249,2000,15,105.84,95.78
3565,Historical,478840,0,0,D,3,1,3026555,116.25,2006,16,48.34,55.17
3566,Historical,203731,0,0,D,5,1,1793217,39.95,2004,44,42.14,5.49
3567,Historical,609733,0,0,D,8,1,2439747,49.95,2005,46,25.61,6.98
3568,Historical,367145,0,0,D,0,0,2390712,56.95,2006,19,58.99,92.15
3570,Historical,876422,0,0,D,3,1,1714669,52.27,2009,22,76.57,57.62
3571,Historical,2750816,0,0,D,3,1,3098525,150,2002,11,123.07,2415
3572,Historical,788990,0,0,D,6,1,7114280,42.95,2000,18,59.26,25.4
3574,Historical,1683119,0,0,D,5,1,411209,550,2006,0,0,81.48
3575,Historical,872007,0,0,D,4,1,353695,17.83,2010,21,42.99,31.08
3576,Historical,203658,0,0,D,2,1,2953463,73.95,2005,46,21.25,5.99
3577,Historical,774618,0,0,D,0,0,7011267,82.95,1998,20,21.52,18.94
3578,Historical,870564,0,0,D,6,1,84476,15.71,2011,47,40.99,14.18
3579,Historical,2343054,0,0,D,1,0,5927981,175,1994,13,134.79,18.99
3580,Historical,617454,0,0,D,7,1,238791,59.95,2000,54,56.51,13.67
3581,Historical,2664328,0,0,D,1,0,3971984,79.95,1997,17,97.93,70.76
3582,Historical,640790,0,0,D,6,1,367962,218.99,2005,27,0,0
3583,Historical,2664524,0,0,D,10,1,3296272,110,2000,26,166.26,9.16
3584,Historical,279137,0,0,D,3,1,3081232,86.95,2005,41,33.98,9.88
3585,Historical,594885,0,0,D,0,0,6660802,99,2012,10,0,58.54
3586,Historical,800353,0,0,D,0,0,3154165,99.95,2005,15,52.99,81.01
3587,Historical,247643,0,0,D,3,1,1064866,73.95,2005,20,47.24,38.99
3588,Historical,800215,0,0,D,1,0,5564064,89,2005,15,38.31,46.28
3589,Historical,870030,0,0,D,0,0,2220411,44,1984,18,56,63.29
3590,Historical,199005,0,0,D,2,1,2667850,43.95,1998,31,57.56,14.87
3591,Historical,917353,0,0,D,1,0,273768,29.95,2001,41,72.53,6.99
3592,Historical,868987,0,0,D,2,1,4046383,0,2011,10,58.99,24.07
3593,Historical,918403,0,0,D,2,1,2163685,69.95,2002,36,5.94,24.38
3594,Historical,2261571,0,0,D,2,1,3788596,61.73,2007,37,64.55,57.94
3595,Historical,56180,0,0,D,4,1,2955742,117,2006,20,47.99,11.68
3596,Historical,867288,0,0,D,0,0,3046211,42.5,2009,20,47.99,18.99
3597,Historical,574677,0,0,D,4,1,3513434,49,2002,33,90.74,13.82
3598,Historical,776140,0,0,D,0,0,5611892,36.5,2007,15,134.93,93.57
3599,Historical,545891,0,0,D,0,0,929617,57,2012,34,11.94,13.98
3600,Historical,193243,0,0,D,0,0,1036047,53,2011,42,11.94,18.49
3601,Historical,613677,0,0,D,0,0,3212035,47,2009,26,41.22,9.69
3602,Historical,574768,0,0,D,0,0,1389939,38.5,2009,81,48.99,18.57
3603,Historical,621299,0,0,D,0,0,1053971,50,2012,49,14.99,21.98
3604,Historical,776307,0,0,D,0,0,2316610,43.5,2010,40,14.99,18.97
3605,Historical,902732,0,0,D,0,0,2418284,98,2013,36,161.11,39.64
3606,Historical,776323,0,0,D,0,0,5534060,69,2010,13,161.11,23.99
3607,Historical,107666,0,0,D,10,1,1369959,82.5,2002,45,76.99,26.33
3608,Historical,1942266,0,0,D,0,0,1772771,49,2012,22,9.3,49
3609,Historical,574679,0,0,D,0,0,3261890,116,2004,20,62.94,74.29
3610,Historical,897487,0,0,D,3,1,2807122,57.95,2010,10,23.95,23.99
3611,Historical,775737,0,0,D,3,1,3007465,39.95,2004,28,21.99,33.98
3612,Historical,2679624,0,0,D,1,0,4128322,339,1996,12,159.68,149.84
3613,Historical,57847,0,0,D,5,1,2460484,39.95,2004,78,27.79,4
3614,Historical,2552178,0,0,D,2,1,4154118,94,1995,18,73.63,51.27
3615,Historical,218524,0,0,D,4,1,2147054,279,1998,16,250.48,44.71
3616,Historical,55785,0,0,D,2,1,4994457,49.95,1998,34,39.78,55.64
3617,Historical,628918,0,0,D,3,1,542457,162,2003,19,87.52,81.5
3618,Historical,870719,0,0,D,2,1,4569965,64.95,1998,36,58.98,12.49
3619,Historical,2679829,0,0,D,1,0,6916037,115,1996,22,34.54,48.75
3620,Historical,878295,0,0,D,7,1,1421701,28.38,2011,32,53.99,40.43
3621,Historical,254620,0,0,D,0,0,1425302,87.95,2011,50,5.38,12.95
3622,Historical,254002,0,0,D,0,0,1846513,83.95,2010,46,5.38,9.99
3623,Historical,880236,0,0,D,6,1,1561002,23.69,2009,43,133.93,18.54
3624,Historical,774946,0,0,D,3,1,3589800,69,2001,27,68.33,40.41
3625,Historical,875190,0,0,D,9,1,1565689,32.61,2009,31,42.97,32.82
3626,Historical,142112,0,0,D,10,1,608312,81.99,2010,28,56.99,85.58
3627,Historical,878626,0,0,D,9,1,1091692,55.08,2011,37,43.99,44.41
3628,Historical,735066,0,0,D,9,1,1772564,181.25,2011,28,0,0
3629,Historical,244453,0,0,D,10,1,91679,47.99,2011,38,49.33,37.98
3630,Historical,734578,0,0,D,8,1,818993,5.43,2009,65,46.43,8.98
3631,Historical,735975,0,0,D,9,1,879825,5.04,2011,25,46.43,13.96
3634,Historical,392239,0,0,D,2,1,1621412,149,2006,19,76.37,106.15
3635,Historical,897823,0,0,D,0,0,1649973,109,2007,16,73.99,34.01
3636,Historical,869765,0,0,D,1,0,8283617,54,1998,18,58.98,35.01
3637,Historical,862886,0,0,D,1,0,2150769,55,2000,28,30.62,6.91
3638,Historical,60170,0,0,D,1,0,3084330,68,1996,31,58.53,13.97
3639,Historical,261414,0,0,D,2,1,2831320,32,2003,39,19.39,5.92
3640,Historical,907243,0,0,D,1,0,2485393,112,2004,16,0,95.86
3641,Historical,1956589,0,0,D,0,0,2136325,125,2013,12,0,119.75
3642,Historical,525036,0,0,D,6,1,656563,13.99,2007,24,44.31,13.1
3643,Historical,908434,0,0,D,0,0,2936057,7.99,2009,22,64.59,8.95
3644,Historical,658381,0,0,D,2,1,669549,0,2011,31,63.99,187.25
3645,Historical,593638,0,0,D,2,1,321588,301.32,2011,45,63.99,106.08
3646,Historical,252792,0,0,D,8,1,1033407,132,2010,20,46.47,63.98
3647,Historical,593636,0,0,D,6,1,26195,281.25,2012,81,148.36,97.98
3648,Historical,876154,0,0,D,1,0,2727874,57.7,2009,39,33.99,12.98
3649,Historical,872204,0,0,D,2,1,1600205,62.03,2010,51,12.4,13.02
3650,Historical,1659006,0,0,D,1,0,2781899,84,2012,8,0,41.74
3651,Historical,860631,0,0,D,1,0,1956701,91.75,2012,10,43.94,273.87
3652,Historical,1957368,0,0,D,0,0,1364504,0,2014,37,0,53.99
3653,Historical,827263,0,0,D,2,1,4562288,41.95,1998,16,81.21,20.89
3654,Historical,1657170,0,0,D,2,1,4347907,56.34,2009,18,126.94,54.27
3655,Historical,198162,0,0,D,12,1,1093606,89.82,2010,25,81.53,59.94
3656,Historical,893902,0,0,D,5,1,4014814,252.32,1998,18,100.47,52.23
3657,Historical,225979,0,0,D,1,0,3328550,119.95,2007,14,68.59,151.86
3658,Historical,597215,0,0,D,2,1,5479905,93.95,2000,14,78.99,75.51
3659,Historical,3049810,0,0,D,0,0,8330763,159.95,1997,14,119.09,94.89
3660,Historical,502666,0,0,D,2,1,1199369,172.95,2001,15,90.62,132.84
3661,Historical,1717417,0,0,D,1,0,4749613,189.95,2006,12,112.52,220.57
3662,Historical,890396,0,0,D,9,1,11492432,60.99,2010,11,41.55,59.99
3663,Historical,505604,0,0,D,6,1,3315470,141.95,2008,12,22.19,6.64
3664,Historical,901089,0,0,D,4,1,2677408,76,2010,10,115.59,37.47
3665,Historical,1508393,0,0,D,0,0,51768,13,2014,23,25.43,8.36
3666,Historical,1916829,0,0,D,4,1,2435812,119.95,2009,12,104.99,103.11
3667,Historical,156218,0,0,D,2,1,1799719,92.95,1998,16,85.74,101.44
3668,Historical,396006,0,0,D,2,1,3669981,54.95,2001,33,55.13,6.99
3669,Historical,666829,0,0,D,1,0,1533296,121.95,2010,20,0,0
3670,Historical,546143,0,0,D,0,0,1067870,169.95,2013,49,143.11,108.69
3671,Historical,659909,0,0,D,5,1,1406166,53.97,2011,15,53.24,44.85
3672,Historical,876083,0,0,D,6,1,121384,0,2013,59,26.97,16.48
3673,Historical,2253587,0,0,D,6,1,412781,12.48,2009,40,0,11.59
3674,Historical,199044,0,0,D,1,0,1072306,63.95,2000,44,49.93,18.03
3675,Historical,2256486,0,0,D,5,1,3051250,44.07,2010,32,0,21.22
3676,Historical,2936368,0,0,D,2,1,537202,419,2003,18,192.29,114.98
3677,Historical,1856305,0,0,D,0,0,1501618,31.99,2009,12,0,74.95
3678,Historical,630909,0,0,D,2,1,1145270,359,2001,17,174.9,359.21
3679,Historical,3461835,0,0,D,0,0,5025014,0,2000,11,50.24,0
3680,Historical,608905,0,0,D,6,1,2114947,34.95,2000,51,19.99,20.43
3681,Historical,862804,0,0,D,12,1,573886,41.95,1999,65,3.99,26.66
3682,Historical,904523,0,0,D,1,0,1746051,78.95,1992,21,84.98,53.99
3683,Historical,1981387,0,0,D,20,1,1469178,179,2014,7,0,103.94
3684,Historical,1999110,0,0,D,21,1,470058,199.95,2015,15,166.16,136.19
3685,Historical,610449,0,0,D,4,1,194893,83.95,2012,39,68.94,70.72
3686,Historical,2078592,0,0,D,0,0,356192,34.99,2012,274,22.93,4.74
3687,Historical,2253131,0,0,D,2,1,3187986,13.31,2009,38,0,11.88
3688,Historical,1941113,0,0,D,3,1,52561,29.95,2010,17,0,26.82
3689,Historical,886012,0,0,D,0,0,3469384,102,2011,7,0,218.91
3691,Historical,873596,0,0,D,2,1,4610802,52.95,1996,26,40.61,19.35
3692,Historical,255732,0,0,D,1,0,1672708,43.95,2001,24,27.1,44.58
3693,Historical,636835,0,0,D,2,1,855207,55.95,2003,18,50.59,39.83
3694,Historical,609656,0,0,D,0,0,953053,92.95,2010,44,73.99,45.69
3695,Historical,900054,0,0,D,0,0,1678304,0,1991,14,43.98,0
3696,Historical,919942,0,0,D,0,0,1892335,44,1998,48,0,11.92
3697,Historical,3043434,0,0,D,0,0,700892,0,2001,20,0,14.77
3698,Historical,873400,0,0,D,0,0,3866768,47,1998,20,33.99,8.99
3699,Historical,259983,0,0,D,0,0,3134335,78,2001,22,114.66,10.58
3700,Historical,597300,0,0,D,0,0,773272,56.95,2000,22,32.98,41.1
3702,Historical,869836,0,0,D,4,1,3099267,64.95,1999,12,403.93,434.93
3703,Historical,3061237,0,0,D,0,0,5899773,48.25,2001,10,48.39,59.71
3704,Historical,873516,0,0,D,0,0,2203425,52.5,1987,29,75.16,8.99
3705,Historical,2018329,0,0,D,0,0,2378392,99.95,2011,19,22.99,50.63
3706,Historical,2784835,0,0,D,2,1,894355,48,1984,25,54.48,49.99
3707,Historical,230351,0,0,D,5,1,5243020,45,1995,15,10.39,13.98
3708,Historical,661059,0,0,D,14,1,603168,99.95,2012,11,503.99,499.97
3709,Historical,681942,0,0,D,5,1,323776,29.95,2005,22,0,52.12
3710,Historical,631383,0,0,D,1,0,1907561,33,2001,21,23.79,25.81
3711,Historical,916142,0,0,D,6,1,1084397,35.99,2011,28,72.34,23.98
3712,Historical,827070,0,0,D,1,0,1325531,40,1972,22,42.66,82.34
3713,Historical,2616978,0,0,D,0,0,1272113,0,1984,21,84.99,57.57
3714,Historical,912055,0,0,D,2,1,2544207,79.95,2002,17,36.57,12.94
3715,Historical,646205,0,0,D,0,0,3105727,59.95,2007,15,31.36,17.49
3716,Historical,643639,0,0,D,0,0,3278484,59.95,2008,21,31.36,28.98
3717,Historical,598596,0,0,D,0,0,2572425,59.95,2009,24,0,9.94
3718,Historical,598598,0,0,D,0,0,4138819,59.95,2009,19,11.19,41.99
3719,Historical,299925,0,0,D,0,0,2746634,75,2011,24,11.19,45.58
3720,Historical,658286,0,0,D,0,0,2206977,75,2012,18,11.19,62.58
3721,Historical,503812,0,0,D,1,0,3344959,279,2009,14,148.97,96.95
3722,Historical,534582,0,0,D,17,1,844426,368,2012,19,436.17,191.99
3723,Historical,232135,0,0,D,0,0,2045086,76,1997,10,66.09,49.08
3724,Historical,2875361,0,0,D,1,0,2259794,69,2002,16,74.49,23.98
3725,Historical,2028288,0,0,D,1,0,2917325,89.95,2009,20,28.59,112.83
3726,Historical,912988,0,0,D,3,1,5303168,44.95,2001,21,37.65,70
3727,Historical,598943,0,0,D,2,1,2092464,39.8,2004,22,78.93,48.99
3728,Historical,666656,0,0,D,10,1,351747,33.28,2008,28,45.15,29.4
3729,Historical,657583,0,0,D,0,0,121664,104,2008,14,0,0
3730,Historical,923098,0,0,D,0,0,42790,5.99,1998,156,177.98,3.95
3731,Historical,626359,0,0,D,11,1,991157,320,2008,39,254.42,133.99
3733,Historical,896421,0,0,D,3,1,6759114,45,1995,15,0,82.15
3734,Historical,914727,0,0,D,3,1,6326396,49.95,1997,27,0,0
3735,Historical,58481,0,0,D,11,1,1589800,49.95,2010,18,48.99,17.98
3736,Historical,874024,0,0,D,20,1,389323,69.95,2014,25,75.9,47.65
3737,Historical,147837,0,0,D,2,1,4212112,180.95,2001,25,47.98,17.94
3738,Historical,832954,0,0,D,3,1,514472,99,1991,23,43.99,199.55
3739,Historical,871014,0,0,D,1,0,1751458,60,1998,42,37.46,21.97
3740,Historical,553867,0,0,D,4,1,11195700,84,1997,18,25.68,65.38
3741,Historical,896302,0,0,D,0,0,6660461,75,1997,14,37.28,172.49
3742,Historical,2882646,0,0,D,0,0,5139025,75,1998,16,48.49,109.69
3745,Historical,263615,0,0,D,0,0,4320780,181,2003,13,132.17,93.99
3747,Historical,895705,0,0,D,3,1,3695756,89.95,2006,21,62.05,62.93
3748,Historical,3104289,0,0,D,0,0,270812,0,2005,20,23.47,15.54
3749,Historical,3104291,0,0,D,0,0,2268066,4.97,2005,17,23.47,41.48
3750,Historical,2054247,0,0,D,0,0,1058435,37.5,2014,19,0,18.96
3751,Historical,912179,0,0,D,0,0,4792816,34.95,1999,19,36.45,43.99
3752,Historical,894695,0,0,D,5,1,10743976,42.6,1991,10,19.5,162.07
3753,Historical,57455,0,0,D,6,1,5803582,114,2004,17,6.84,41.64
3755,Historical,2173535,0,0,D,0,0,3830041,64.95,2007,12,45.64,110.79
3756,Historical,897422,0,0,D,1,0,1777240,69.99,2004,17,58.99,179.19
3757,Historical,3272397,0,0,D,1,0,2859347,46.74,2000,17,63.74,82.2
3758,Historical,502894,0,0,D,0,0,696944,124.95,2003,17,76.35,183.07
3759,Historical,893663,0,0,D,0,0,4004549,23.96,1994,13,0,116.99
3760,Historical,901280,0,0,D,0,0,2960834,11.96,2004,15,81.57,11.96
3761,Historical,2859363,0,0,D,5,1,4762922,15.96,1993,17,92.89,38.98
3762,Historical,871467,0,0,D,0,0,11234927,35.96,1997,10,40.8,0
3763,Historical,899145,0,0,D,2,1,1043753,24,2011,16,0,23.04
3764,Historical,895968,0,0,D,0,0,3939562,13.28,2004,14,28.78,8.99
3765,Historical,874966,0,0,D,6,1,1430608,22.64,2008,18,55.25,12.99
3766,Historical,3046408,0,0,D,0,0,3678654,12.6,2002,16,54.02,49.01
3767,Historical,3089403,0,0,D,6,1,2242632,40,2004,17,0,58.53
3768,Historical,842296,0,0,D,4,1,7143112,0,2006,15,74.77,35.11
3769,Historical,203593,0,0,D,0,0,3399821,159,2003,18,92.42,80.13
3770,Historical,155473,0,0,D,2,1,1307777,59.95,1997,23,153.99,43.3
3771,Historical,564129,0,0,D,2,1,11246611,129,1996,12,106.99,53.61
3772,Historical,678387,0,0,D,0,0,5006512,28.95,1996,19,4.02,66.91
3774,Historical,529687,0,0,D,4,1,232181,32.5,2004,46,0,0
3775,Historical,2079754,0,0,D,8,1,1107046,65,2008,14,62.5,59.79
3776,Historical,254702,0,0,D,2,1,2735361,199.95,2004,7,346.06,675
3777,Historical,504761,0,0,D,5,1,2396111,142,2008,19,127.31,108.97
3778,Historical,908330,0,0,D,3,1,3308514,24.3,2005,42,61.71,22.05
3779,Historical,203820,0,0,D,2,1,3256356,210,2005,17,40.24,10.69
3781,Historical,258364,0,0,D,0,0,4372752,68,1999,28,50.79,5.03
3782,Historical,2664344,0,0,D,3,1,1724974,115,1998,19,36.98,254.72
3783,Historical,203744,0,0,D,6,1,2341072,45.95,2005,73,28.24,6.88
3784,Historical,905746,0,0,D,2,1,2700714,90,1999,19,48.35,58.25
3785,Historical,915599,0,0,D,0,0,3854512,70,1996,24,65.5,8.07
3786,Historical,909802,0,0,D,10,1,8302147,79,2002,22,51.98,19.69
3787,Historical,891325,0,0,D,3,1,10595827,62.5,1999,13,123.99,38.99
3788,Historical,265930,0,0,D,4,1,1876656,168,2006,14,110.14,144.02
3789,Historical,882595,0,0,D,2,1,10104317,75.95,1999,11,128.23,13.22
3790,Historical,390847,0,0,D,6,1,2796057,31.2,1996,23,0,0
3791,Historical,546466,0,0,D,4,1,362984,30,2001,66,33.66,33.3
3792,Historical,300147,0,0,D,4,1,1195726,65,2007,20,44.42,19.98
3793,Historical,664949,0,0,D,0,0,2423669,110,2013,11,0,103.99
3794,Historical,2897115,0,0,D,1,0,611107,86,1994,31,47.99,59.21
3796,Historical,2692551,0,0,D,0,0,188448,20,2005,25,0,18.41
3797,Historical,1878945,0,0,D,0,0,1393095,49.95,2008,38,33.99,37.49
3798,Historical,270949,0,0,D,0,0,561133,34.99,2012,134,21.4,13.83
3799,Historical,606936,0,0,D,4,1,4383604,13.94,2006,23,101.21,13.94
3800,Historical,392918,0,0,D,0,0,727604,75.95,2010,121,91.99,12.98
3801,Historical,390640,0,0,D,0,0,2388322,94.95,1997,20,25.94,26.04
3802,Historical,231330,0,0,D,2,1,2038037,37.5,2000,35,0,25.99
3803,Historical,898781,0,0,D,0,0,1776687,80,2001,30,0,116.25
3804,Historical,906986,0,0,D,4,1,1352255,43,2012,21,22.56,0
3805,Historical,2859968,0,0,D,0,0,5249478,19.95,1997,17,45.58,38.99
3807,Historical,546701,0,0,D,10,1,588063,93.28,2011,31,68.17,76.54
3808,Historical,861494,0,0,D,13,1,132476,29.99,2013,35,14.94,64.8
3809,Historical,271193,0,0,D,9,1,2337428,28.99,2005,49,14.94,9.97
3810,Historical,1727727,0,0,D,0,0,4776686,150,2012,6,48.93,111.25
3813,Historical,3118769,0,0,D,2,1,2216358,24.95,1996,27,0,63.11
3814,Historical,2138768,0,0,D,1,0,3077639,166,2006,11,53.98,127.6
3815,Historical,2789301,0,0,D,0,0,4909288,59,1996,19,19.18,44.99
3816,Historical,564382,0,0,D,2,1,2606432,32.5,1995,50,44.16,12.6
3817,Historical,2515396,0,0,D,0,0,2187975,317.13,1979,12,61.87,155.05
3818,Historical,2801982,0,0,D,2,1,6424754,27.5,1996,18,30.98,27.5
3819,Historical,2133921,0,0,D,3,1,6212938,58,2011,14,39.08,22.02
3820,Historical,2133886,0,0,D,0,0,6504489,190,2011,12,138.36,98.93
3821,Historical,583338,0,0,D,2,1,4555061,69.95,2003,14,40.31,41.29
3822,Historical,882685,0,0,D,0,0,7384139,95,2000,12,50.51,183.99
3824,Historical,2142908,0,0,D,1,0,2000421,159.95,2009,20,53.98,62.49
3825,Historical,276620,0,0,D,5,1,1564917,74.38,1999,25,33.91,69.26
3826,Historical,2675426,0,0,D,0,0,6640537,0,1984,16,0,0
3827,Historical,2114440,0,0,D,0,0,1588134,80,2014,8,0,75.66
3828,Historical,900120,0,0,D,4,1,7816656,39.95,2003,17,32.5,101.37
3832,Historical,2154455,0,0,D,2,1,149200,79,2008,3,74.99,731.67
3833,Historical,599404,0,0,D,2,1,3117587,111.95,2005,16,43.98,12.49
3834,Historical,894747,0,0,D,0,0,12150927,66,1993,12,13.49,0
3835,Historical,911814,0,0,D,0,0,2251452,49.95,1994,26,26.33,27.38
3836,Historical,58348,0,0,D,2,1,1284563,35.95,1995,156,68.98,6.38
3837,Historical,2249507,0,0,D,3,1,4429108,36.19,2006,37,27.54,29.99
3838,Historical,897189,0,0,D,0,0,1754350,46.95,2006,19,36.21,45.15
3839,Historical,3138944,0,0,D,0,0,5670260,14.95,2003,11,54.9,93.55
3841,Historical,416340,0,0,D,6,1,3193959,23.99,2005,23,15.97,23.99
3842,Historical,893939,0,0,D,2,1,3532367,260,2013,12,0,245.47
3843,Historical,902807,0,0,D,4,1,4954748,39.95,1999,16,56.07,28.59
3844,Historical,2142546,0,0,D,0,0,1896230,69.42,2006,18,0,46.99
3845,Historical,913718,0,0,D,13,1,491830,165,2013,29,83.28,53.98
3846,Historical,868469,0,0,D,0,0,755943,62.95,1979,33,41.88,127.44
3848,Historical,3083795,0,0,D,2,1,3460796,229,2005,12,102.99,27.99
3849,Historical,632911,0,0,D,2,1,1832947,104,2003,25,52.98,69.33
3855,Historical,885555,0,0,D,2,1,5993872,89.95,2010,8,58.99,71.43
3856,Historical,604423,0,0,D,0,0,3170998,89.95,2010,14,165.68,70.65
3857,Historical,2422125,0,0,D,1,0,4803590,12.95,1970,11,0,2624.53
3860,Historical,3842650,0,0,D,1,0,1896886,99,1996,21,0,63.19
3861,Historical,301383,0,0,D,2,1,2775303,49.95,2006,14,20.63,19.99
3862,Historical,2178503,0,0,D,0,0,3454668,159,2007,16,73.64,71.2
3864,Historical,2302641,0,0,D,5,1,1332078,99.05,1993,28,27.6,80.47
3865,Historical,2883966,0,0,D,2,1,5561021,110,1986,9,0,313.45
3866,Historical,3204270,0,0,D,1,0,5724765,147.3,2002,7,82.99,65.6
3868,Historical,606534,0,0,D,2,1,1530113,129,2010,21,101.03,96.1
3869,Historical,2405166,0,0,D,0,0,5487875,99,1991,16,51.12,446.28
3870,Historical,899644,0,0,D,0,0,3515959,73,1989,19,71.91,84.63
3871,Historical,915047,0,0,D,3,1,1422937,49.95,2008,14,0,169.17
3872,Historical,3128233,0,0,D,0,0,6690513,0,2001,10,0,8.38
3873,Historical,910375,0,0,D,6,1,1074050,105.5,2009,20,57.33,9.99
3874,Historical,2426186,0,0,D,0,0,4773714,39.76,1996,17,25.14,97.57
3875,Historical,3951300,0,0,D,10,1,2702745,0,2015,6,0,16.53
3876,Historical,809103,1,1,D,2,1,551090,599,2012,13,104.57,26.09
3877,Historical,876803,1,3,D,4,1,109229,0,2012,41,93.98,21.01
3878,Historical,699392,1,1,D,4,1,143390,104.75,2012,13,0,0
3879,Historical,618374,1,3,D,13,1,160427,292,2013,100,203.94,83.15
3880,Historical,868250,1,1,D,11,1,915613,95,2002,40,46.98,29.81
3881,Historical,616197,0,0,D,12,1,332406,123.95,2007,46,46.98,57.27
3882,Historical,641496,0,0,D,2,1,307669,30.6,2009,42,28.93,74.95
3883,Historical,3022248,1,1,D,4,1,1294068,112,2001,22,308.19,69.68
3885,Historical,54687,0,0,D,6,1,407873,47,2006,157,48.58,8.82
3886,Historical,250061,0,0,D,5,1,2173179,149.95,2005,61,43.99,5.75
3887,Historical,60024,0,0,D,6,1,1115130,110.95,2006,112,43.99,6.49
3888,Historical,192801,1,1,D,4,1,1506086,89.95,2001,31,72.64,15.99
3889,Historical,192464,0,0,D,5,1,1039534,107,2005,16,72.64,36.99
3890,Historical,54476,0,0,D,5,1,59503,67.67,2008,58,53.95,46.98
3891,Historical,194165,1,1,D,3,1,20729,82,2009,84,33.89,36.69
3892,Historical,203479,0,0,D,1,0,1698187,54.95,2002,19,33.79,35.76
3893,Historical,761751,1,1,D,9,1,182465,90,2006,29,132.95,73.69
3894,Historical,533398,0,0,D,6,1,26003,247.6,2012,84,93.78,79.95
3895,Historical,266366,0,0,D,2,1,339370,39.95,2004,46,26.99,52.99
3896,Historical,826793,1,5,D,0,0,684046,39.95,2001,50,26.99,38.76
3897,Historical,193449,0,0,D,3,1,1367120,31.95,2005,89,32.49,9.97
3898,Historical,3791239,0,0,D,1,0,723415,59.95,2005,16,0,59.94
3899,Historical,876119,0,0,D,8,1,623791,75,2010,37,53.49,47.99
3900,Historical,154027,1,2,D,8,1,397361,78.53,2009,39,53.49,48.97
3901,Historical,54566,0,0,D,8,1,195013,35.98,2009,102,32.6,27.98
3902,Historical,153904,1,2,D,7,1,627260,50,2007,91,32.6,29.9
3903,Historical,154384,1,2,D,6,1,1277971,55.75,2003,59,32.6,31.99
3904,Historical,625647,1,2,D,9,1,77106,125,2012,50,53.49,38.99
3905,Historical,153906,0,0,D,7,1,891618,7.74,2007,79,24.92,7.98
3906,Historical,154030,0,0,D,8,1,168633,22.99,2009,143,24.92,17.99
3907,Historical,54565,0,0,D,8,1,63997,71.68,2009,93,30.91,41.74
3908,Historical,153905,1,1,D,7,1,607985,18.95,2007,100,34.48,18.95
3909,Historical,154029,1,1,D,8,1,483879,15.99,2009,144,34.48,15.84
3910,Historical,54564,0,0,D,7,1,461194,8.64,2006,128,30.91,19.07
3911,Historical,154028,0,0,D,8,1,76828,33.99,2009,98,32.23,19.98
3912,Historical,153903,0,0,D,7,1,491245,7.24,2006,127,32.23,7.06
3913,Historical,153826,0,0,D,6,1,181651,56.8,2003,86,32.23,35.17
3914,Historical,141817,0,0,D,7,1,2102496,8.86,2006,67,38.22,8.74
3915,Historical,141934,0,0,D,8,1,509089,11.78,2009,74,38.22,7.94
3916,Historical,206545,1,1,D,0,0,712971,65,2002,66,36.48,41.81
3917,Historical,132377,0,0,D,4,1,1200521,104.6,2007,22,98.46,36.99
3918,Historical,622717,0,0,D,4,1,908056,193,2008,30,13.52,88.94
3919,Historical,641764,0,0,D,3,1,906396,149,2004,24,13.52,45.48
3920,Historical,392059,1,1,D,1,0,2655344,117,2006,17,73.99,41.99
3921,Historical,528921,0,0,D,7,1,51634,65,2012,45,37.45,32.21
3922,Historical,619319,1,1,D,2,1,77519,179.4,2012,56,51.49,38.44
3923,Historical,544311,1,3,D,22,1,168683,392.95,2013,49,110.28,150.46
3924,Historical,915005,1,2,D,0,0,1401552,44.95,1996,22,0,45.99
3925,Historical,52627,0,0,D,6,1,120338,122.95,2007,67,43.89,47.29
3926,Historical,3464031,0,0,D,2,1,4616688,73.33,1991,29,0,89.39
3927,Historical,757879,0,0,D,1,0,1185213,45,2003,26,29.27,63.69
3928,Historical,2262935,0,0,D,4,1,616249,191.99,2009,22,162.94,83.87
3929,Historical,366846,0,0,D,2,1,337097,260.95,2002,31,95.48,101.89
3930,Historical,3044374,0,0,D,1,0,2906706,102.95,1996,20,95.48,28.98
3931,Historical,641803,0,0,D,2,1,472804,65,2002,9,52.96,47.95
3932,Historical,54777,0,0,D,3,1,1342593,128.6,2007,97,30.94,15.94
3933,Historical,121532,1,2,D,1,0,6511539,75,2000,32,30.94,8.99
3934,Historical,192837,0,0,D,4,1,1159407,130,2004,21,86.04,68.53
3935,Historical,300248,0,0,D,3,1,133026,87,2005,52,77.86,13.99
3936,Historical,2778988,0,0,D,3,1,1780519,149,1994,34,134.78,66.9
3937,Historical,147237,0,0,D,5,1,192236,229,2007,23,134.78,68.98
3938,Historical,224748,0,0,D,2,1,85962,200.95,2011,61,154.59,58.94
3939,Historical,197944,1,1,D,10,1,472188,58.46,2010,30,61.6,28.99
3940,Historical,606904,0,0,D,12,1,2828663,13.94,2004,15,73.34,44.45
3941,Historical,550757,0,0,D,14,1,1377327,211.89,2009,15,73.34,115.14
3942,Historical,60124,0,0,D,10,1,596381,26.97,2006,30,63.99,33.98
3943,Historical,256290,1,1,D,1,0,1375286,37.95,2004,15,40.5,26.94
3944,Historical,1777585,0,0,D,1,0,2896832,149.95,2014,20,0,113.96
3945,Historical,630553,1,1,D,13,1,95764,63.95,2012,19,18.81,59.17
3946,Historical,298125,0,0,D,0,0,2552666,65,2005,34,44.99,28.99
3947,Historical,659410,0,0,D,1,0,2841200,99.99,2007,21,70.15,95.57
3948,Historical,532363,1,1,D,8,1,129650,94.95,2011,58,15.83,67.11
3949,Historical,774643,0,0,D,3,1,740244,84.95,1997,16,96.15,78.92
3950,Historical,192874,0,0,D,4,1,874282,134,2006,42,132.81,128.93
3951,Historical,248790,0,0,D,3,1,1719135,189,2005,17,37.43,62.98
3952,Historical,527190,0,0,D,3,1,69043,43.99,2008,35,38.99,12.5
3953,Historical,615635,0,0,D,1,0,265743,48.99,2009,98,22.98,7.23
3954,Historical,2869237,0,0,D,4,1,2046082,126.95,2005,17,151.93,64.27
3955,Historical,456674,0,0,D,6,1,62177,162.95,2011,80,103.72,40.89
3956,Historical,55175,0,0,D,7,1,370201,189,2009,123,12.94,97.55
3957,Historical,1589456,0,0,D,3,1,1396242,38.75,2008,22,25,42.98
3958,Historical,212480,1,1,D,8,1,14870,208.8,2008,579,135.9,39.46
3959,Historical,53016,0,0,D,8,1,50011,215.47,2007,87,135.9,55.97
3960,Historical,61239,0,0,D,7,1,716581,129.29,2005,185,135.9,46.9
3961,Historical,741493,1,2,D,8,1,1151176,16.98,2007,106,135.9,33.99
3962,Historical,775167,0,0,D,1,0,1628575,128,2004,14,86.09,109.99
3963,Historical,422736,0,0,D,4,1,5483043,45,1997,26,72.47,25.19
3964,Historical,177653,0,0,D,4,1,1443466,61.95,2004,26,72.98,43.16
3965,Historical,526806,0,0,D,5,1,535141,125.95,2008,32,72.98,33.83
3966,Historical,3634912,0,0,D,1,0,25146,45,2016,12,0,34.34
3967,Historical,265744,1,1,D,3,1,1764547,89.99,2007,22,92.85,17.93
3968,Historical,2724508,0,0,D,0,0,300134,87.5,1999,15,68.71,114.95
3970,Historical,135561,1,2,D,1,0,131538,51.95,2002,69,38.84,28.34
3971,Historical,531942,0,0,D,8,1,265219,63.99,2010,37,29.34,21.97
3972,Historical,721258,1,1,D,1,0,2108116,49.95,2006,36,37.18,19.95
3974,Historical,552739,0,0,D,4,1,590004,51,2007,33,0,0
3975,Historical,659634,0,0,D,2,1,1697342,62,2007,10,67.91,37.94
3976,Historical,233586,0,0,D,1,0,2372225,49.95,2004,20,67.91,52.01
3977,Historical,255745,0,0,D,1,0,1159223,56.95,2004,16,0,0
3978,Historical,608896,0,0,D,2,1,11004905,54.95,1987,21,18.77,30.93
3979,Historical,265294,0,0,D,0,0,1470882,42.95,2003,26,55,77.75
3980,Historical,261358,0,0,D,1,0,439022,48,2002,39,36.62,44.9
3981,Historical,868096,0,0,D,4,1,71285,66.4,2013,43,23.88,20.94
3983,Historical,2527964,0,0,D,0,0,1361189,39.95,1991,19,43.99,67.73
3984,Historical,1549034,0,0,D,2,1,5482562,103.95,2012,10,0,134.17
3985,Historical,3217574,0,0,D,0,0,2768803,0,1976,7,0,0
3986,Historical,1857793,0,0,D,4,1,3921299,135,2008,9,79.92,0
3987,Historical,609198,0,0,D,3,1,970710,56.95,2007,48,51.99,42.99
3988,Historical,531715,0,0,D,4,1,101184,64.99,2010,82,51.99,90.32
3989,Historical,203495,0,0,D,1,0,2639903,254,2004,16,92.69,20
3990,Historical,107082,0,0,D,2,1,1483862,55.34,2007,35,45.41,16.57
3991,Historical,106803,0,0,D,3,1,593975,5.94,2010,74,45.41,8.94
3992,Historical,54373,1,1,D,4,1,285273,125,2007,57,98.99,33.98
3993,Historical,54372,0,0,D,3,1,846119,99.99,2004,90,98.99,11.99
3994,Historical,54370,0,0,D,5,1,135963,144.6,2009,88,98.99,53.73
3995,Historical,286198,0,0,D,2,1,2185593,50.8,2010,22,0,0
3996,Historical,614624,0,0,D,0,0,407170,85.29,2006,63,7.69,44.82
3997,Historical,1537082,0,0,D,0,0,1556978,60,2007,28,72.68,58.39
3998,Historical,2604225,0,0,D,0,0,751984,55,2004,19,46.74,43.05
3999,Historical,872135,0,0,D,3,1,2847498,80.99,2002,39,108.77,78.87
4000,Historical,545818,0,0,D,8,1,27056,116,2013,33,83.56,50.92
4001,Historical,105620,0,0,D,3,1,128529,89.95,2000,26,23.31,49.95
4002,Historical,131833,1,2,D,4,1,158508,107.6,2004,38,103.8,5.01
4003,Historical,3821444,0,0,D,0,0,1993433,55,1991,24,0,40.99
4004,Historical,592748,0,0,D,4,1,974367,40.99,2007,59,63.38,44.69
4005,Historical,295027,1,1,D,1,0,449500,90.95,2004,24,0,0
4006,Historical,115709,1,1,D,3,1,1268207,74.25,2004,59,40.19,31.34
4007,Historical,531545,1,2,D,4,1,79584,68,2009,82,40.19,23.88
4008,Historical,1629827,0,0,D,4,1,5118140,147,2009,8,84.04,78.45
4009,Historical,703256,0,0,D,0,0,1241683,49.99,2004,22,16.22,43.96
4010,Historical,147087,0,0,D,2,1,3666389,489,2004,5,319.49,377.16
4011,Historical,613274,0,0,D,2,1,83179,289.8,2010,85,86.44,45.98
4012,Historical,871113,0,0,D,1,0,588532,244,2006,103,86.44,11.99
4013,Historical,869522,1,1,D,1,0,936939,173.87,2006,26,86.44,62.99
4014,Historical,745354,0,0,D,12,1,326615,72.95,2008,22,39.28,15.92
4015,Historical,531493,0,0,D,0,0,83261,109.95,2013,137,91.99,20.16
4016,Historical,270590,1,1,D,0,0,240974,109.95,2012,107,91.99,10.98
4017,Historical,531416,0,0,D,5,1,1274714,67.99,2009,22,8.53,22.61
4018,Historical,700307,0,0,D,1,0,3420647,74.95,2004,19,42.26,40.06
4019,Historical,2551141,0,0,D,18,1,4609001,54.95,1999,22,7.89,52.65
4020,Historical,260108,0,0,D,1,0,2366802,42.95,2006,34,4,13.48
4021,Historical,2574145,0,0,D,1,0,2969036,404.83,1979,19,78.67,72.93
4022,Historical,259614,0,0,D,2,1,2068238,89.95,1998,18,87.08,52.67
4023,Historical,2335683,0,0,D,1,0,3856391,124.25,1988,29,158.99,45.74
4024,Historical,190800,0,0,D,2,1,4161335,57.95,2005,20,23.47,72.32
4025,Historical,864616,0,0,D,10,1,23923,99.4,2015,54,85.2,46.86
4026,Historical,233738,1,1,D,4,1,16322,121,2000,565,32.97,24.97
4027,Historical,56434,0,0,D,8,1,778480,74.95,2007,42,39.96,10.94
4028,Historical,203684,0,0,D,10,1,1008714,65.95,2004,76,38.96,22.17
4029,Historical,203949,0,0,D,11,1,654235,76.95,2007,65,38.96,45.58
4030,Historical,286385,1,1,D,9,1,652557,122,2008,76,43.5,5.99
4031,Historical,51510,0,0,D,9,1,1214123,151.2,2008,78,43.5,8.24
4032,Historical,582308,0,0,D,0,0,3756972,79.95,2003,34,43.99,44.81
4033,Historical,222295,0,0,D,2,1,1432394,99,2007,27,43.99,48.99
4034,Historical,229145,1,1,D,1,0,366165,54.95,2008,74,77.82,41.43
4035,Historical,2262309,0,0,D,9,1,1555931,95.85,2011,45,0,56.55
4036,Historical,912675,0,0,D,3,1,1126447,46.52,2006,44,58.72,35.5
4037,Historical,717440,0,0,D,1,0,1068092,40.95,1998,25,0,0
4038,Historical,244145,0,0,D,3,1,162083,59.95,2011,161,26.01,9.22
4039,Historical,110039,1,4,D,3,1,579803,111.33,2011,34,0,0
4040,Historical,1671454,0,0,D,9,1,2299625,57.95,2008,48,72.72,11.5
4041,Historical,51163,1,1,D,8,1,1761630,158.33,2005,87,133.5,8.89
4042,Historical,300957,1,4,D,1,0,380728,84.95,2003,43,0,35.86
4043,Historical,142952,0,0,D,7,1,1109389,153,2005,18,6.62,61.09
4044,Historical,2381143,0,0,D,4,1,4399650,54,1998,21,72.82,13.99
4045,Historical,114524,1,1,D,5,1,1849867,80,2002,18,72.82,43.99
4046,Historical,377797,1,5,D,2,1,307099,138.25,2000,58,63.96,131.94
4047,Historical,295836,1,1,D,1,0,311738,70,2010,28,0,0
4048,Historical,174858,0,0,D,3,1,341463,99,2008,116,63.39,46.85
4049,Historical,60348,0,0,D,3,1,1223251,53.4,2005,43,43.76,18.99
4050,Historical,243897,0,0,D,3,1,93071,195.95,2011,54,104.28,25.16
4051,Historical,253920,0,0,D,1,0,777405,89.95,2009,32,20.78,47.47
4052,Historical,121491,0,0,D,3,1,2753376,48,2000,42,0,0
4053,Historical,115801,1,1,D,4,1,1385217,51.8,2006,51,13.73,6.99
4054,Historical,113862,0,0,D,0,0,610917,42.4,2002,29,33.44,21.98
4055,Historical,200131,0,0,D,1,0,309025,88.95,2006,96,31.29,26.98
4056,Historical,704047,0,0,D,3,1,1816384,117.2,2003,22,0,0
4057,Historical,2277380,1,2,D,8,1,2640268,0,2007,63,16.91,14.99
4058,Historical,609967,0,0,D,7,1,709489,39.99,2012,25,24.85,38.93
4059,Historical,266319,1,1,D,1,0,1394890,79.99,2007,29,50.54,55.4
4060,Historical,750476,0,0,D,1,0,1344536,47.25,2009,29,17.82,6.97
4061,Historical,293279,1,1,D,2,1,35925,78,2008,29,0,0
4062,Historical,286541,0,0,D,1,0,3757846,56,1997,18,14.36,72.84
4063,Historical,391176,0,0,D,11,1,541648,69.95,2005,20,0,0
4064,Historical,261086,0,0,D,12,1,217495,78.48,2009,15,0,0
4065,Historical,106076,1,1,D,1,0,2410267,79.95,2004,24,59.52,29
4066,Historical,106622,0,0,D,2,1,589209,92,2008,41,59.52,55.99
4067,Historical,265895,0,0,D,3,1,2332963,168,2004,20,43.99,26.89
4068,Historical,910411,0,0,D,5,1,2872400,29.38,2009,51,63.99,14.51
4069,Historical,200071,0,0,D,1,0,1305557,91.95,2005,25,0,0
4070,Historical,2678965,0,0,D,0,0,7083246,95,1992,26,7.99,44.61
4071,Historical,2680463,0,0,D,2,1,2659610,96,2000,20,7.99,52.22
4072,Historical,657690,0,0,D,3,1,804983,103.25,2004,17,188.49,37.93
4073,Historical,1727045,0,0,D,0,0,1952439,49.95,2012,12,203.95,184.76
4074,Historical,792625,0,0,D,1,0,4560645,65,1999,17,22.4,18.39
4075,Historical,265926,0,0,D,3,1,4447785,123,2005,26,63.79,28.49
4076,Historical,2027792,0,0,D,1,0,1196644,84.19,2010,13,0,84.19
4077,Historical,530090,0,0,D,8,1,932108,205.95,2012,31,113.82,233.44
4078,Historical,544547,1,3,D,14,1,9442,168.95,2013,84,63.87,65.77
4079,Historical,1651525,0,0,D,1,0,2724963,175,2007,27,155.15,123.99
4080,Historical,290174,0,0,D,2,1,3336006,0,2008,42,59.88,29.84
4081,Historical,629184,0,0,D,15,1,534715,62.57,2012,22,78.5,17.74
4082,Historical,53075,1,2,D,14,1,87301,28.97,2010,238,78.5,18.79
4083,Historical,271076,0,0,D,6,1,380006,65,2011,60,51.59,46.49
4084,Historical,251947,0,0,D,4,1,693051,232.95,2007,29,123.22,41.2
4085,Historical,625511,0,0,D,0,0,222265,49.95,1999,38,24.98,26.37
4086,Historical,2827427,0,0,D,1,0,4725946,184,1996,12,104.53,63.69
4087,Historical,222274,0,0,D,8,1,2870088,55,2004,15,50.99,66.2
4088,Historical,2894461,0,0,D,0,0,2458011,45,1984,24,144.99,31.22
4089,Historical,299134,0,0,D,1,0,2673924,49.95,2000,24,0,0
4090,Historical,213121,0,0,D,1,0,3403997,239.95,2006,14,127.99,84.21
4091,Historical,158187,0,0,D,3,1,1073074,136.95,2007,35,178.4,70.16
4092,Historical,637181,1,2,D,1,0,425081,88.95,2008,35,0,0
4093,Historical,222198,0,0,D,1,0,1200617,85,2006,24,0,33.48
4094,Historical,225708,0,0,D,2,1,864143,115.95,2002,26,98.52,140.75
4095,Historical,2357796,0,0,D,0,0,986216,139.25,1994,18,130.6,73.96
4096,Historical,249092,0,0,D,2,1,471027,64.95,2007,120,39.99,21.5
4097,Historical,530530,0,0,D,3,1,57802,66.95,2010,102,39.99,24.9
4098,Historical,2028755,0,0,D,0,0,2095876,44.99,2014,11,39.95,22.23
4099,Historical,1891046,0,0,D,0,0,361043,79.99,2013,13,76.1,38.77
4100,Historical,3620404,0,0,D,1,0,127539,55.95,2008,14,0,459.63
4101,Historical,619139,0,0,D,3,1,3255799,131.73,2011,29,0,0
4102,Historical,1452747,0,0,D,4,1,86975,232.6,2013,46,101.09,80.48
4103,Historical,423358,0,0,D,1,0,3371794,144,2007,15,13.5,7.99
4104,Historical,118581,0,0,D,1,0,1873764,5.56,2006,51,0,0
4105,Historical,865479,0,0,D,8,1,574841,47,2014,21,59.24,46.96
4106,Historical,142175,0,0,D,1,0,734329,48.99,2010,90,61.19,41.93
4107,Historical,142187,1,1,D,2,1,17611,83.98,2012,97,61.19,24.59
4108,Historical,52382,0,0,D,6,1,84645,20.51,2006,126,108.92,13.49
4109,Historical,52381,0,0,D,5,1,3147323,74.68,2004,66,108.92,9.94
4110,Historical,2905099,0,0,D,0,0,1744000,75,1997,8,156.54,68.99
4111,Historical,249230,0,0,D,1,0,169672,103,2010,21,59.74,28.56
4112,Historical,891056,0,0,D,1,0,5325548,0,1981,10,53.99,0
4113,Historical,668425,0,0,D,3,1,1734866,114,2011,17,98.52,59.54
4114,Historical,3621292,0,0,D,2,1,3711773,55,2005,11,0,185.85
4115,Historical,392681,0,0,D,1,0,1194230,95,2007,15,0,0
4116,Historical,200163,0,0,D,4,1,1766258,119.95,2006,50,37.68,8.41
4117,Historical,609973,0,0,D,13,1,91617,146.65,2013,33,10.19,85.59
4118,Historical,868225,1,1,D,1,0,1335199,99,2007,14,88.99,12.98
4119,Historical,2056994,0,0,D,1,0,1501178,171,2007,21,6.88,115.33
4120,Historical,270105,0,0,D,2,1,544569,211,2010,41,6.88,53.48
4121,Historical,584909,0,0,D,1,0,1315614,75,2008,25,243.97,9.99
4122,Historical,299774,0,0,D,1,0,1801777,116,2006,16,93.98,56.95
4123,Historical,885137,0,0,D,2,1,6707830,219,2009,15,148.99,118.55
4124,Historical,812028,0,0,D,1,0,2347493,79.95,2011,9,72.5,39.96
4125,Historical,115742,1,3,D,2,1,277531,80.8,2004,18,66.99,38.74
4126,Historical,175402,1,1,D,1,0,758496,72,2002,37,51.44,28.99
4127,Historical,411297,0,0,D,1,0,3845430,115,2004,13,84.22,45.93
4128,Historical,129445,0,0,D,0,0,1023718,67.95,2011,65,44.92,12.96
4129,Historical,58410,0,0,D,4,1,1266651,77.95,2007,82,52.89,9.87
4130,Historical,529024,0,0,D,9,1,331253,140,2012,53,112.09,36.49
4131,Historical,200052,0,0,D,1,0,1127733,63.95,2006,44,26.99,16.91
4132,Historical,120651,1,1,D,1,0,172103,111.2,2009,46,0,0
4133,Historical,198913,0,0,D,0,0,4945894,37.95,1998,25,40.52,4.2
4134,Historical,163876,0,0,D,3,1,1706480,37.54,1996,20,81.52,82.94
4135,Historical,915680,0,0,D,3,1,34781,0,2006,27,155.38,0
4136,Historical,165476,0,0,D,8,1,403543,8.98,2001,38,146.39,11.79
4137,Historical,162846,0,0,D,11,1,351646,62.5,2009,34,146.39,69.98
4138,Historical,528855,0,0,D,4,1,2075938,63.95,2011,15,67.31,63.95
4139,Historical,271065,0,0,D,10,1,62131,90,2011,30,109.1,60.88
4140,Historical,3926499,1,1,D,0,0,556031,25,2015,5,0,19.1
4141,Historical,60550,0,0,D,7,1,1165349,105.6,2006,28,78.14,45
4142,Historical,132834,0,0,D,8,1,577861,87,2009,42,78.14,64.41
4143,Historical,537729,0,0,D,10,1,109329,57,2012,61,13.99,31.12
4144,Historical,248911,0,0,D,6,1,1081070,82.95,2007,121,5.05,9.98
4145,Historical,249160,0,0,D,7,1,195157,99.95,2010,166,5.05,18.96
4146,Historical,608356,0,0,D,5,1,1327005,109.46,2004,23,97.92,42.59
4147,Historical,608217,1,1,D,6,1,638915,0,2008,22,97.92,214.33
4148,Historical,169484,0,0,D,8,1,527076,199.95,2006,20,137.99,143.86
4149,Historical,530013,0,0,D,2,1,1102826,0,2009,26,98.34,55.37
4150,Historical,163431,0,0,D,4,1,104030,10.09,2011,28,122.17,43.94
4151,Historical,202402,0,0,D,1,0,2148033,108.95,2004,21,81.54,21.75
4152,Historical,109678,0,0,D,6,1,1481825,0,2007,13,34.98,84.95
4153,Historical,2351738,0,0,D,3,1,6557692,56.25,2000,12,34.98,43.37
4154,Historical,909526,0,0,D,0,0,2895772,91.6,2002,13,62.61,18.37
4155,Historical,52698,0,0,D,6,1,201340,122,2004,112,52.33,8.97
4156,Historical,50534,0,0,D,8,1,31196,181,2011,122,162.76,34.82
4157,Historical,217944,1,3,D,10,1,110618,44.95,2007,75,44.22,67.55
4158,Historical,225438,1,1,D,0,0,3622847,39.95,2003,40,39.89,28.97
4159,Historical,1964872,0,0,D,3,1,1983714,191.99,2014,12,0,153.2
4160,Historical,609139,1,2,D,3,1,589075,29.95,2001,43,42.05,13.49
4161,Historical,2894363,0,0,D,0,0,79119,155,1975,17,206.01,116.25
4162,Historical,275278,0,0,D,5,1,1926826,42,2008,18,0,0
4163,Historical,592119,0,0,D,1,0,949052,85,2010,48,73.03,36.49
4164,Historical,528418,1,1,D,10,1,631448,39.99,2011,31,0,0
4165,Historical,120145,0,0,D,1,0,584828,48.4,2008,17,0,18.99
4166,Historical,289592,0,0,D,2,1,1155355,59.99,1997,74,29.53,16.98
4167,Historical,107129,0,0,D,5,1,505097,42.4,2004,32,5.49,42.49
4168,Historical,2438652,0,0,D,2,1,14131062,89.5,2004,7,48.43,86.68
4169,Historical,256014,0,0,D,0,0,762733,62.95,2000,31,94.27,52.63
4170,Historical,2551235,0,0,D,1,0,1839439,55.95,2003,13,35.98,90.84
4172,Historical,528187,0,0,D,4,1,348058,221.8,2011,18,187.9,221.79
4173,Historical,146400,0,0,D,4,1,52757,207.8,2011,63,187.9,31.99
4174,Historical,145572,1,3,D,2,1,2578184,145.33,2007,33,37.99,47.36
4175,Historical,742783,0,0,D,10,1,3912874,224,2010,23,0,0
4176,Historical,1822753,0,0,D,7,1,340545,375.33,2016,22,0,174.66
4177,Historical,626230,0,0,D,0,0,957160,25.31,2011,42,0,0
4178,Historical,621909,1,7,D,10,1,76120,224.95,2012,69,22.99,41.26
4179,Historical,885841,0,0,D,6,1,1163545,38.95,2011,6,67.02,34.99
4180,Historical,57995,0,0,D,4,1,276158,31.95,2005,118,30.68,6.9
4181,Historical,254636,0,0,D,6,1,870906,69.95,2011,51,67.02,56.43
4182,Historical,210930,0,0,D,3,1,1523550,43.95,2005,92,4.73,18.98
4183,Historical,1519021,0,0,D,7,1,2318504,186.4,2014,10,189.71,186.4
4184,Historical,1518367,0,0,D,8,1,3959029,192.95,2010,14,125.99,192.98
4185,Historical,1519022,0,0,D,7,1,2908653,186.4,2014,10,211.29,111.56
4186,Historical,264279,0,0,D,2,1,389258,42.95,2007,58,32.14,21.48
4187,Historical,299848,1,1,D,1,0,656161,39.95,2003,42,32.14,19.94
4189,Historical,203885,1,1,D,9,1,941118,52.95,2008,113,22.28,13.82
4190,Historical,2400783,0,0,D,2,1,1688849,45,1997,42,39.09,41.98
4191,Historical,1827295,1,2,D,8,1,5225,69.95,2015,100,46.33,41.64
4192,Historical,915014,0,0,D,11,1,1347421,63.08,2009,22,139.63,45.37
4193,Historical,298515,0,0,D,1,0,700815,95.95,2007,187,0,20.83
4194,Historical,527990,0,0,D,1,0,258343,134.95,2010,85,0,32.37
4195,Historical,617635,0,0,D,1,0,244670,179.95,2011,53,0,20.98
4196,Historical,178652,1,1,D,0,0,287615,179.95,2010,72,75.98,23.94
4197,Historical,664274,0,0,D,0,0,46611,179.95,2013,48,75.98,113.29
4198,Historical,862818,0,0,D,1,0,710332,52.95,1999,25,62.61,55.44
4199,Historical,858928,1,3,D,0,0,365549,124.95,2002,210,8.14,65.79
4200,Historical,204391,0,0,D,0,0,690112,125,2005,21,0,108.43
4201,Historical,252560,1,2,D,1,0,82599,23.86,2009,71,97.75,17.99
4202,Historical,162133,0,0,D,5,1,234826,155.95,2008,35,58.99,149.58
4203,Historical,628678,1,1,D,4,1,567459,54.5,2011,56,24.81,12.85
4204,Historical,704325,1,1,D,4,1,2769747,111.75,2006,17,115.16,89.34
4205,Historical,3488629,0,0,D,2,1,2650451,69,1994,32,0,14.92
4206,Historical,868413,0,0,D,1,0,1447430,68.95,2004,34,18.78,33.86
4207,Historical,200007,0,0,D,3,1,197452,101.95,2004,31,43.86,20.99
4208,Historical,3480790,0,0,D,0,0,4160450,65,1986,34,0,16.49
4209,Historical,3480826,0,0,D,2,1,3424564,100,1996,33,0,50.65
4210,Historical,743180,0,0,D,2,1,1627739,99,2003,27,82.56,51.98
4211,Historical,60686,0,0,D,3,1,2051058,225.95,2005,60,68.07,10.94
4212,Historical,224387,0,0,D,4,1,17484,47.95,2003,56,19.22,22.15
4213,Historical,553831,1,2,D,3,1,46350,51.99,2008,111,6.21,12
4214,Historical,917830,0,0,D,0,0,1269776,47.27,2006,37,6.21,18.99
4215,Historical,610378,1,4,D,3,1,4136,91.75,2013,175,53.29,42.32
4216,Historical,288823,1,2,D,6,1,1651836,143.52,2007,35,96.41,51.98
4217,Historical,147053,0,0,D,5,1,140319,123,2003,24,96.41,19.97
4218,Historical,617161,0,0,D,1,0,393547,121,2008,69,21.43,24.99
4219,Historical,159390,0,0,D,1,0,974629,199,1998,29,138.99,83.99
4220,Historical,260428,1,1,D,2,1,676022,49,2008,54,38.99,13.99
4221,Historical,629096,0,0,D,2,1,71226,99.95,2013,36,59.95,53.99
4222,Historical,2027525,0,0,D,0,0,413963,75,2012,30,78.34,55.74
4223,Historical,2375771,1,3,D,2,1,316356,67,1994,34,31.35,44.43
4224,Historical,2375772,0,0,D,2,1,513041,68,1994,17,31.35,33.58
4225,Historical,145878,0,0,D,7,1,265079,59.99,2009,21,35.37,52.99
4226,Historical,110424,0,0,D,5,1,2603327,4.68,2007,51,29.95,4.58
4228,Historical,698905,1,1,D,0,0,10770527,0,2008,11,93.99,59.81
4229,Historical,421465,0,0,D,6,1,216160,140.98,2011,26,52.65,153.92
4230,Historical,3480680,0,0,D,0,0,2965974,276.25,1998,12,0,163.99
4231,Historical,1471642,1,4,D,2,1,134538,89.95,2014,54,0,39.59
4232,Historical,2022095,0,0,D,1,0,1313791,49.95,2007,12,0,11.94
4233,Historical,2042539,0,0,D,20,1,1345432,74.95,2013,11,82.34,172.94
4234,Historical,503527,0,0,D,10,1,653059,109.95,2010,14,47.29,29.97
4235,Historical,274458,0,0,D,4,1,1364216,95.95,2004,27,62.69,74.46
4236,Historical,833095,0,0,D,2,1,6940885,102,1998,18,51.96,55.21
4237,Historical,50806,0,0,D,11,1,600225,309.95,2007,75,86.72,16.94
4238,Historical,50807,0,0,D,12,1,212465,309.95,2010,75,86.72,48.98
4239,Historical,824785,0,0,D,1,0,5005703,33.95,1998,19,13.63,23.98
4240,Historical,235132,1,2,D,3,1,528013,30.95,2007,75,15.99,12.66
4241,Historical,193985,0,0,D,1,0,1999905,72,2002,45,48.99,23.94
4242,Historical,203759,0,0,D,0,0,1511208,38.95,2005,43,7.11,14.98
4243,Historical,635900,1,1,D,0,0,766093,36.2,2002,25,0,0
4244,Historical,527175,0,0,D,6,1,13029,174.4,2012,75,103.99,99.71
4246,Historical,609169,0,0,D,2,1,1108840,44.95,2004,40,42.9,18.98
4247,Historical,527146,0,0,D,4,1,181864,64.99,2010,40,42.9,38.97
4248,Historical,873322,0,0,D,3,1,1954267,36.07,2007,45,42.9,19.95
4249,Historical,868310,0,0,D,1,0,2907434,60,2000,26,41.98,8.97
4250,Historical,603371,0,0,D,1,0,932885,90,2008,25,67.87,66.99
4251,Historical,3503811,0,0,D,2,1,3497035,79.95,1994,21,0,23.79
4252,Historical,202316,1,1,D,2,1,2730605,262.95,2001,30,21.11,5.79
4253,Historical,145900,0,0,D,5,1,633520,28.94,2009,26,38.94,49.08
4254,Historical,292238,1,5,D,5,1,117571,359.95,2007,51,30.98,90.79
4255,Historical,771662,0,0,D,4,1,2626194,214.95,2004,37,30.98,13.5
4257,Historical,224484,0,0,D,3,1,536535,49.6,2001,26,80.39,142.17
4258,Historical,118284,0,0,D,0,0,1747848,200,2011,33,209.89,19.29
4259,Historical,657882,0,0,D,27,1,243043,295.4,2014,48,46.97,46.77
4260,Historical,2568314,0,0,D,1,0,1527036,74,1996,15,33.91,27.99
4261,Historical,2551332,0,0,D,4,1,7791647,87.95,2002,15,88.22,59.57
4262,Historical,3475148,0,0,D,0,0,1741314,84,1982,23,0,28.89
4263,Historical,537946,1,1,D,0,0,873418,64.86,1975,20,0,0
4264,Historical,533530,1,1,D,11,1,11239,200,2012,201,118.99,47.93
4265,Historical,619428,0,0,D,0,0,376764,52,2005,16,0,0
4266,Historical,184605,0,0,D,1,0,3362429,41.95,1998,20,46.25,28.99
4267,Historical,920219,0,0,D,7,1,2919750,44.95,2001,48,25.61,7.46
4268,Historical,143534,0,0,D,0,0,1459099,43,2011,32,30.19,23.98
4269,Historical,1440426,0,0,D,4,1,166501,0,2011,11,0,988.38
4270,Historical,666489,0,0,D,1,0,1278977,113.95,2008,12,64.99,122.95
4271,Historical,2438601,0,0,D,3,1,285951,0,2002,25,0,200.01
4272,Historical,802656,0,0,D,0,0,5837,49.99,2007,4,32.62,11.93
4273,Historical,758353,0,0,D,1,0,1394006,59.95,2003,24,29.01,48.47
4274,Historical,54489,0,0,D,8,1,336843,10.34,2007,164,39.97,9.53
4275,Historical,199048,0,0,D,1,0,124119,50.95,2002,27,0,0
4276,Historical,2851898,1,1,D,1,0,2074065,92.95,2005,17,66.35,31.26
4277,Historical,55178,0,0,D,3,1,150209,48,2003,224,43.87,16.46
4278,Historical,2940731,0,0,D,3,1,3333908,300,2004,21,191.99,248.5
4279,Historical,1743257,0,0,D,2,1,233345,2083.09,2008,13,0,863.03
4280,Historical,366633,0,0,D,0,0,1958309,94.95,2002,22,43.94,13.98
4281,Historical,51881,0,0,D,9,1,3049001,126.67,2003,41,114.28,15.72
4282,Historical,3608849,0,0,D,1,0,3951954,39.95,1997,34,0,5.97
4283,Historical,2750730,0,0,D,5,1,3551434,225,2001,22,204.79,53.28
4284,Historical,110223,0,0,D,8,1,552929,53.99,2009,60,37.26,49.15
4285,Historical,526439,1,8,D,5,1,17649,52.95,2012,63,40.98,25.98
4286,Historical,248732,0,0,D,3,1,236237,39.95,2005,98,40.98,11.29
4287,Historical,738270,0,0,D,2,1,1694679,29,2000,16,47.91,25.97
4288,Historical,526356,0,0,D,3,1,1946386,96,2009,26,63.99,39.49
4289,Historical,57172,0,0,D,3,1,373466,65,2007,72,45,20.03
4290,Historical,878120,0,0,D,3,1,2907573,72.8,2007,46,45,24.47
4291,Historical,2253181,0,0,D,3,1,2801218,115.95,2007,44,0,60.59
4292,Historical,543771,0,0,D,2,1,75772,166.95,2012,50,89.74,48.74
4293,Historical,218569,1,1,D,4,1,3408876,69.95,1998,23,50.08,29.68
4294,Historical,3093749,1,3,D,1,0,4572686,72,2005,15,0,33.99
4295,Historical,3272813,0,0,D,2,1,812579,102.08,2005,30,0,95
4296,Historical,633333,0,0,D,4,1,644186,219,2008,21,62.99,114.06
4297,Historical,147141,1,1,D,7,1,1484116,230,2005,23,151.85,104.38
4298,Historical,835240,0,0,D,6,1,5738366,165,1996,26,151.85,52.4
4299,Historical,868637,0,0,D,1,0,2348460,100,1996,22,22.43,30.9
4300,Historical,2475523,0,0,D,0,0,3581786,45.33,1997,21,0,51.35
4301,Historical,2273704,0,0,D,4,1,1564734,70.12,2013,21,35,40.35
4302,Historical,54033,0,0,D,12,1,60931,167.6,2008,74,75.39,39.99
4303,Historical,54031,0,0,D,11,1,1057333,150,2005,66,75.39,18.83
4304,Historical,287521,1,1,D,0,0,950197,42.6,2001,37,25.66,12.05
4305,Historical,552374,0,0,D,12,1,86114,0,2004,17,93.52,0
4306,Historical,905225,0,0,D,12,1,725798,53.9,2013,14,88.41,179.81
4307,Historical,912617,1,8,D,6,1,755647,71.88,2009,50,6.19,49.96
4308,Historical,868144,0,0,D,3,1,795398,120,1998,20,110.2,93.39
4309,Historical,550412,0,0,D,10,1,800045,94.5,2009,45,4.39,21.38
4310,Historical,111151,0,0,D,10,1,679888,98.99,2010,63,37.14,73.94
4311,Historical,243887,0,0,D,28,1,2216017,167.95,2010,14,99.99,398.14
4312,Historical,2060138,0,0,D,0,0,2317,49.95,2009,21,0,23.98
4313,Historical,1900444,0,0,D,1,0,3485608,52.95,2008,11,0,99.08
4314,Historical,1900443,0,0,D,1,0,5713879,70.95,2008,5,69.1,34.57
4315,Historical,2335456,0,0,D,12,1,3304114,0,1986,22,73.98,30.99
4316,Historical,148639,0,0,D,8,1,1042130,329.95,2008,39,128.99,21.99
4317,Historical,627918,1,1,D,3,1,51784,89,2012,51,49.55,63.99
4319,Historical,1621995,0,0,D,7,1,1458786,12.24,2006,25,65.98,13.49
4320,Historical,182776,1,2,D,1,0,2390264,134.95,2005,17,71.23,15.89
4321,Historical,608761,0,0,D,3,1,2312363,124.95,2003,22,65.17,5
4322,Historical,179182,0,0,D,2,1,1455497,268.95,2009,19,64.46,32.04
4323,Historical,525954,0,0,D,4,1,1706794,77.95,2009,26,12.79,22.92
4324,Historical,245163,0,0,D,3,1,4156158,81.95,2005,23,12.79,35.77
4325,Historical,872130,1,1,D,6,1,1606152,49.12,2011,71,35.23,27.58
4326,Historical,900985,0,0,D,4,1,2224922,85.95,2007,35,53.94,42.61
4327,Historical,177091,0,0,D,8,1,797513,71.95,2004,28,65.47,55.23
4328,Historical,1574423,0,0,D,9,1,887398,108.95,2008,41,65.47,78.51
4329,Historical,565898,1,2,D,9,1,235943,32.91,2008,78,38.84,44.69
4330,Historical,346099,0,0,D,4,1,3065465,56.95,2006,21,42.08,15.02
4331,Historical,346311,0,0,D,9,1,2446033,97.95,2008,28,39.66,4.03
4332,Historical,772373,0,0,D,4,1,2991469,107.95,2006,17,79.59,19.98
4333,Historical,169651,0,0,D,7,1,1013096,105.95,2007,41,84.15,15.35
4334,Historical,530260,0,0,D,8,1,117720,99.95,2011,102,84.15,70.01
4335,Historical,587881,0,0,D,10,1,519313,83.95,2012,51,4.89,18.98
4336,Historical,354926,1,1,D,8,1,3119029,87.95,2006,26,78.8,100.51
4337,Historical,117709,0,0,D,4,1,1112211,36.67,2006,17,42.94,47.67
4338,Historical,177101,0,0,D,7,1,3477482,112.95,2005,21,39.66,14.18
4339,Historical,183613,0,0,D,6,1,2106881,14.98,2007,32,58.5,12.88
4340,Historical,860194,0,0,D,9,1,806172,92.95,2010,75,86.38,94.95
4341,Historical,109703,0,0,D,12,1,1278844,43.74,2009,30,14.43,33.94
4342,Historical,593593,0,0,D,2,1,93530,57.75,2011,38,53.04,45.95
4343,Historical,868081,0,0,D,4,1,3407910,39,2007,20,30.06,48.83
4344,Historical,553726,1,4,D,10,1,565550,81.2,2008,55,0,0
4345,Historical,147404,0,0,D,5,1,6482169,29.95,2006,14,55.96,61.39
4346,Historical,346314,0,0,D,9,1,1035820,163.95,2009,23,75.84,65.36
4347,Historical,764298,0,0,D,7,1,6416294,52.95,2003,24,75.84,49.51
4348,Historical,797628,0,0,D,1,0,3172207,72.95,2006,25,53.98,8.99
4349,Historical,169666,0,0,D,6,1,132621,81.95,2007,26,6.13,47.58
4350,Historical,608072,0,0,D,31,1,7181035,45.95,2007,11,44.65,90.53
4351,Historical,525850,0,0,D,4,1,232532,46.99,2012,50,21.98,49.97
4352,Historical,290874,1,1,D,1,0,2830029,160.95,2006,30,31.86,102.37
4354,Historical,57849,0,0,D,6,1,702322,49.95,2008,202,27.79,7.48
4355,Historical,878161,0,0,D,2,1,1065962,137.95,2008,63,95.31,18.94
4356,Historical,2569007,0,0,D,1,0,874537,60,2004,48,50.48,69.07
4357,Historical,915466,1,1,D,9,1,2019421,41.4,2001,27,4,10.47
4358,Historical,635142,0,0,D,2,1,1169536,394,2009,23,225.34,93.39
4359,Historical,632689,0,0,D,1,0,2827795,300,2003,18,225.34,53.83
4360,Historical,613384,0,0,D,2,1,1009037,208.95,2003,68,48.99,17.97
4361,Historical,621308,0,0,D,1,0,35878,168.28,2011,35,0,125.99
4362,Historical,199335,1,1,D,1,0,797108,38.95,2004,44,35.84,25.07
4363,Historical,115730,1,2,D,2,1,2681444,100,2003,24,24.84,9.94
4364,Historical,256321,1,1,D,1,0,1232753,54.95,2006,32,46.68,49.21
4365,Historical,858284,1,1,D,20,1,273300,17.05,2014,30,46.93,15.01
4366,Historical,538557,0,0,D,19,1,972937,54.25,2013,49,46.93,43.33
4367,Historical,169787,0,0,D,10,1,3663741,68.95,2007,24,90.77,59.25
4368,Historical,57836,0,0,D,5,1,597913,60.6,2007,42,33.96,73.76
4369,Historical,197631,0,0,D,6,1,134567,83.2,2005,31,5.64,55.56
4370,Historical,625948,0,0,D,1,0,827324,70,2010,26,53.99,23.99
4371,Historical,288297,1,1,D,6,1,302884,68.31,2008,70,70.43,33.69
4372,Historical,54906,1,1,D,1,0,81885,20.97,2007,175,91.23,14.48
4373,Historical,56248,0,0,D,3,1,610874,78,2006,52,114.51,62.07
4374,Historical,564716,0,0,D,1,0,748365,49.95,2009,21,29.42,89.7
4375,Historical,655033,0,0,D,5,1,891789,49.99,2013,32,4.33,22.31
4376,Historical,147475,0,0,D,2,1,2025901,99.95,2007,21,64.98,18.99
4377,Historical,205928,1,1,D,2,1,412754,85,2004,70,49.29,18.97
4378,Historical,802417,0,0,D,6,1,727419,70.95,2007,31,6.58,43.63
4379,Historical,376650,0,0,D,9,1,378367,45,2005,28,43.98,33.94
4380,Historical,154349,1,1,D,0,0,212970,14.98,2004,40,79.96,13.99
4381,Historical,154408,1,2,D,6,1,521087,41.2,2002,175,63.99,13.78
4382,Historical,154009,1,2,D,1,0,60993,17.99,2009,53,60.01,16.98
4383,Historical,153345,1,1,D,7,1,1801779,66.75,2001,28,41.64,64.03
4384,Historical,527669,1,3,D,3,1,54396,71,2007,107,23.43,13.98
4385,Historical,54536,1,2,D,10,1,48974,60.35,2010,108,42.29,16.98
4386,Historical,563669,0,0,D,12,1,98808,103.98,2007,124,37.6,21.96
4387,Historical,613368,0,0,D,10,1,600912,0.01,2007,63,47.63,10.98
4388,Historical,2328194,0,0,D,1,0,558596,39.95,2005,32,25.7,93.79
4389,Historical,527578,1,1,D,0,0,60968,42.95,2012,318,23.99,10.99
4390,Historical,617406,1,1,D,3,1,242774,62.95,2007,63,43.93,52.82
4391,Historical,249162,1,2,D,6,1,330989,90.95,2008,171,53.95,16.65
4392,Historical,574484,0,0,D,5,1,633330,74.95,2004,100,53.95,12.3
4393,Historical,192018,0,0,D,3,1,420520,55,2007,105,94.01,38.99
4394,Historical,167338,0,0,D,1,0,825393,94.95,2007,26,61.04,22.98
4395,Historical,268209,0,0,D,4,1,1362463,59.95,2007,18,42.12,43.69
4396,Historical,251971,0,0,D,1,0,768097,47.95,2011,71,38.99,28.99
4397,Historical,600033,0,0,D,1,0,282416,105.55,2009,20,0,0
4398,Historical,50233,0,0,D,7,1,2561897,10.42,2004,110,65.07,7.54
4399,Historical,525475,0,0,D,13,1,854051,200,2011,11,92.79,192.22
4400,Historical,118276,0,0,D,3,1,539882,87.2,2010,128,58.56,18.99
4401,Historical,118277,1,1,D,3,1,87564,86.4,2010,133,36.98,23.99
4402,Historical,552620,1,1,D,8,1,1261811,85.85,2003,51,87.97,22.99
4403,Historical,912528,0,0,D,9,1,1469837,165.93,2009,32,24.81,77.49
4404,Historical,115934,0,0,D,3,1,1559429,84,2004,27,4.98,38.99
4405,Historical,56147,0,0,D,3,1,2273627,116.33,2010,15,65.31,53.98
4406,Historical,56152,0,0,D,3,1,912772,122.2,2010,98,65.31,7.47
4407,Historical,61012,0,0,D,2,1,2491943,103.6,2008,51,65.31,6.69
4408,Historical,533373,0,0,D,1,0,1834679,103.6,2009,56,49.4,22.6
4409,Historical,2263166,0,0,D,7,1,855206,98.12,2009,34,131.91,45.26
4410,Historical,448467,0,0,D,5,1,3721160,105,2000,20,191.22,57.86
4411,Historical,2431352,0,0,D,4,1,2653698,77,1997,21,0,6.5
4412,Historical,1586969,0,0,D,0,0,1230486,37.75,2006,61,38.97,22.55
4414,Historical,3959831,0,0,D,12,1,2375654,0,2010,44,0,46.38
4415,Historical,788174,0,0,D,2,1,988151,171.95,2001,36,91.99,43.74
4416,Historical,918362,0,0,D,4,1,1423285,217.95,2006,33,141.31,26.96
4417,Historical,641043,1,4,D,5,1,123506,138.95,2012,25,0,0
4418,Historical,145846,0,0,D,3,1,1394254,8.94,2008,69,37.77,11.08
4419,Historical,2679388,0,0,D,2,1,4149955,65,1995,30,39.89,24.7
4420,Historical,261310,1,1,D,0,0,341533,70,2000,55,56.76,33.3
4421,Historical,533944,0,0,D,5,1,122787,193.6,2007,96,120.63,35.9
4422,Historical,871252,0,0,D,4,1,8850551,51.4,2003,10,120.63,95.33
4423,Historical,242637,0,0,D,2,1,2294117,71.98,2010,12,0,48.99
4424,Historical,778411,0,0,D,3,1,6695682,98.95,2005,16,60.07,93.57
4425,Historical,494166,0,0,D,8,1,63961,0,2005,7,58.09,0
4426,Historical,543124,0,0,D,4,1,181747,79.95,2010,219,41.94,11.49
4427,Historical,578949,0,0,D,3,1,2610738,115.95,2009,12,41.94,13.78
4428,Historical,870179,0,0,D,4,1,1582644,98.95,2011,27,41.94,15.12
4429,Historical,609308,0,0,D,3,1,1416179,73.95,2006,80,41.94,13.32
4430,Historical,1519017,1,1,D,5,1,298988,152.8,2014,11,0,146
4431,Historical,116795,0,0,D,2,1,695716,54.99,2006,54,4.73,60
4432,Historical,214947,0,0,D,0,0,1105752,86.5,2011,61,0,7.05
4434,Historical,545281,0,0,D,6,1,994406,74.95,2010,81,36.73,6.99
4435,Historical,298390,0,0,D,5,1,2316593,61.95,2007,24,36.73,4.35
4436,Historical,147417,0,0,D,5,1,2410240,79.95,2006,17,64.98,7.74
4437,Historical,561711,0,0,D,6,1,1839026,94.95,2010,24,64.98,6.72
4438,Historical,525252,0,0,D,6,1,1269450,64.95,2009,62,74.34,4.97
4439,Historical,110343,1,5,D,9,1,8167,240.75,2012,164,143.63,53.98
4440,Historical,638630,0,0,D,2,1,430674,46.5,2008,22,7.67,17.98
4441,Historical,623615,0,0,D,1,0,1945104,49.99,2005,26,0,0
4442,Historical,789305,0,0,D,1,0,1877642,34.95,2004,21,0,0
4443,Historical,913211,0,0,D,3,1,781650,0,1991,50,132.17,111.67
4444,Historical,641246,0,0,D,3,1,447342,88,2005,30,125.38,53.99
4445,Historical,266277,0,0,D,4,1,561088,127.07,2013,20,58.56,99.56
4446,Historical,540154,1,1,D,4,1,108349,118.4,2013,41,36.98,63.99
4447,Historical,533654,0,0,D,8,1,773749,262.95,2011,43,114.09,123.85
4448,Historical,170197,0,0,D,8,1,203421,139.95,2011,58,86.5,33.99
4449,Historical,3520402,0,0,D,3,1,13148702,0,1992,10,0,0
4450,Historical,3951231,0,0,D,0,0,3529476,122,2000,24,0,29.94
4451,Historical,2609643,0,0,D,4,1,3853701,75,1999,9,0,55.89
4452,Historical,899709,0,0,D,2,1,3088363,48,2001,19,65.09,72.97
4454,Historical,525089,1,1,D,7,1,498226,57.95,2009,35,45.38,28.97
4455,Historical,147394,1,2,D,11,1,1710406,55.95,2007,41,85.94,9.92
4456,Historical,2330673,1,2,D,0,0,3889193,87.25,1996,17,69.53,49.55
4457,Historical,1574645,0,0,D,5,1,237275,315.95,2008,36,110.19,207.27
4458,Historical,534158,1,1,D,7,1,21960,50,2010,136,71.64,37.49
4459,Historical,533992,0,0,D,2,1,1242049,106.8,2008,30,65.31,4
4460,Historical,57013,0,0,D,1,0,147902,170.5,2010,116,43.99,8.85
4461,Historical,2368283,0,0,D,5,1,698455,84.8,2003,22,28.96,7.83
4462,Historical,868419,0,0,D,2,1,596098,74.95,2004,25,47.19,22.14
4463,Historical,615625,1,1,D,5,1,24458,55.4,2012,62,53.49,52.54
4464,Historical,635599,0,0,D,5,1,15899,68.75,2013,48,80.6,46.52
4465,Historical,142168,1,1,D,8,1,1032188,8.34,2010,45,55.2,8.73
4466,Historical,664201,1,1,D,1,0,256688,106,2013,53,80.97,5.89
4467,Historical,533222,0,0,D,3,1,480246,49.95,2011,37,21.91,31.87
4468,Historical,609220,0,0,D,17,1,2136439,99.95,2009,24,87.67,9.98
4469,Historical,620848,1,1,D,3,1,454103,123.2,2006,41,102.99,60.49
4470,Historical,145530,0,0,D,4,1,2959381,62.67,2006,39,52.57,9.01
4471,Historical,2396819,1,1,D,1,0,3758028,58.95,1993,25,81.49,43.79
4472,Historical,127423,0,0,D,2,1,396550,54.95,2008,36,22.98,33.99
4473,Historical,129396,0,0,D,2,1,119368,55.95,2008,38,22.98,15.98
4474,Historical,126023,1,3,D,4,1,72162,89.95,2002,59,34.53,55.67
4475,Historical,876257,0,0,D,0,0,2539488,0,2010,14,32.01,50.49
4476,Historical,2588809,0,0,D,10,1,1610986,49.99,1993,35,6.98,32.97
4477,Historical,50734,0,0,D,9,1,452123,228.95,2006,38,70.53,63.98
4478,Historical,241567,1,1,D,3,1,1177282,22,1998,136,16.46,8.31
4479,Historical,742165,0,0,D,5,1,1445129,220,2010,23,102.96,184.92
4480,Historical,279392,0,0,D,4,1,3948654,65.95,2010,13,27.13,65.95
4481,Historical,2523876,0,0,D,1,0,698736,57.95,1983,22,44.64,63.65
4482,Historical,125591,1,1,D,2,1,45139,179.95,1995,74,0,82.95
4483,Historical,154400,0,0,D,4,1,20282,76.23,2003,91,67.17,82.13
4484,Historical,131471,1,1,D,3,1,895358,139.4,2002,36,4.98,30.99
4485,Historical,217303,0,0,D,4,1,50983,52,2008,66,30.94,12.38
4486,Historical,549194,1,1,D,8,1,1296422,67.45,1994,26,120.52,29.94
4487,Historical,54622,0,0,D,10,1,53416,32.78,2010,83,67.5,27.95
4488,Historical,142205,0,0,D,8,1,777501,77.78,2008,32,24.83,44.63
4489,Historical,276765,1,1,D,0,0,1208921,93.5,2000,37,74.86,68.99
4491,Historical,141854,1,3,D,5,1,28560,18.72,2008,123,29.76,12.44
4492,Historical,739463,0,0,D,1,0,2126496,71.4,2002,26,79.05,17.98
4493,Historical,54279,0,0,D,8,1,45478,81.4,2011,92,56.81,32.48
4494,Historical,144921,0,0,D,9,1,344181,108.6,2005,46,60.98,32.99
4495,Historical,51928,0,0,D,5,1,113769,13.99,2009,190,101.99,12.98
4497,Historical,54539,0,0,D,8,1,1238351,142.15,2008,20,84.89,52.27
4498,Historical,54538,0,0,D,9,1,102597,55.99,2010,40,84.89,52.73
4499,Historical,273415,1,1,D,2,1,3095396,231.38,2004,16,20.02,69.97
4500,Historical,540108,1,1,D,7,1,8730,207.8,2012,137,82.24,53.99
4501,Historical,880575,0,0,D,6,1,2192922,16.39,2008,24,71.64,16.39
4502,Historical,910555,1,1,D,2,1,5067043,25.32,1992,26,9.31,42.41
4503,Historical,253947,1,1,D,7,1,111833,127.95,2009,175,43.99,7
4504,Historical,54533,0,0,D,13,1,74397,148.6,2006,113,126.69,19.52
4505,Historical,557041,0,0,D,7,1,1618760,230.93,2011,33,125.94,224.09
4506,Historical,880290,0,0,D,7,1,1110666,54.63,2009,45,145.98,33.27
4507,Historical,618380,1,2,D,8,1,7651,113.99,2013,115,145.98,78.36
4508,Historical,715227,0,0,D,0,0,1518297,16.77,2010,15,113.9,23.99
4509,Historical,540015,0,0,D,2,1,1965435,200.27,2011,21,113.9,312.45
4510,Historical,649481,1,1,D,16,1,99045,162.67,2013,58,126.69,127.42
4511,Historical,492255,1,3,D,12,1,15182,136.83,2012,72,43.43,34.99
4512,Historical,875320,0,0,D,7,1,1370071,76.61,2011,26,125.94,26.96
4513,Historical,52295,0,0,D,6,1,1827857,123.33,2005,77,123.47,8.88
4514,Historical,60026,0,0,D,1,0,2577700,10.99,2004,57,5.98,9.95
4516,Historical,533184,1,1,D,5,1,52508,166.4,2012,44,132.64,65.02
4517,Historical,144777,1,1,D,1,0,2599363,95.6,2003,34,145.69,18.58
4518,Historical,286459,0,0,D,4,1,258237,141.2,2009,37,145.69,77.36
4519,Historical,61252,1,1,D,5,1,1483770,42.95,1995,59,49.9,4
4520,Historical,52571,1,12,D,11,1,805974,128.4,2009,116,97.6,16.99
4521,Historical,535385,1,5,D,25,1,20006,357.95,2013,157,222,33.88
4522,Historical,538794,0,0,D,8,1,69590,369.5,2013,61,66.16,57.99
4523,Historical,309026,1,1,D,14,1,1223091,6.18,2006,39,141.99,10.94
4524,Historical,52084,1,3,D,12,1,13080,305.8,2011,102,113.99,62.91
4525,Historical,535838,0,0,D,11,1,6756,119.05,2013,92,232.91,78.05
4526,Historical,592082,0,0,D,7,1,1129519,145,2007,32,53.84,12.39
4527,Historical,538782,1,4,D,10,1,27359,374.5,2013,63,60.99,63.98
4528,Historical,205832,0,0,D,2,1,289588,62,2003,68,36.66,15.99
4529,Historical,199222,0,0,D,0,0,1382602,43.95,2005,51,53.98,18.81
4530,Historical,248036,0,0,D,2,1,643637,51.95,2008,62,53.98,21.48
4532,Historical,249101,0,0,D,3,1,647455,94.95,2008,38,47.98,38.99
4533,Historical,193977,0,0,D,3,1,1875567,57,2005,39,46.91,22.99
4534,Historical,293268,0,0,D,4,1,431355,71,2005,91,46.91,30.99
4535,Historical,164069,0,0,D,1,0,957995,150,1997,19,99.35,162.49
4536,Historical,241771,1,3,D,1,0,1271194,27.95,2003,18,0,0
4537,Historical,52910,0,0,D,2,1,1705116,117,2003,41,151.43,22.4
4538,Historical,861139,1,1,D,15,1,3775,250,2013,83,113.98,88.99
4539,Historical,868420,1,1,D,4,1,1335737,99,2002,30,0,43.98
4540,Historical,551203,0,0,D,8,1,469109,53.71,2011,28,33.84,51.15
4541,Historical,641670,0,0,D,2,1,874263,60,2006,19,52.81,70.86
4542,Historical,637648,0,0,D,11,1,1026179,0,2012,23,140.99,65.79
4543,Historical,533547,1,1,D,11,1,33087,68.71,2012,109,140.99,35.99
4544,Historical,878630,0,0,D,11,1,787921,119.1,2012,31,140.99,101.34
4545,Historical,602442,1,1,D,4,1,568900,141,2010,34,88.72,91.78
4546,Historical,778439,0,0,D,3,1,2219268,188.95,2006,28,124.19,48.95
4547,Historical,538792,0,0,D,10,1,51307,339,2013,71,202.77,53.99
4548,Historical,58383,1,1,D,2,1,1138478,59.95,2003,40,72.76,6.27
4549,Historical,2561789,1,1,D,3,1,968356,0,1978,21,0,73.95
4550,Historical,58168,1,1,D,3,1,255543,79.12,2003,34,77.96,132.55
4551,Historical,116010,0,0,D,4,1,764669,136.8,2004,52,84.64,13.99
4552,Historical,621022,0,0,D,9,1,1208640,103.75,2011,39,156.69,27.99
4553,Historical,53568,1,2,D,9,1,7381,39.99,2011,189,156.69,21.86
4554,Historical,878008,1,2,D,1,0,82828,7.92,2008,72,91.93,7.92
4555,Historical,51368,0,0,D,5,1,58386,123,2007,71,91.93,73.97
4556,Historical,58365,0,0,D,3,1,685532,78,2009,28,58.99,45.96
4557,Historical,2607252,0,0,D,2,1,485339,54.99,2001,35,16.69,36.97
4558,Historical,897633,1,1,D,0,0,1643423,33.95,1990,15,145.25,356.53
4559,Historical,2725455,0,0,D,1,0,409427,40,2003,21,0,58.99
4560,Historical,298582,1,1,D,7,1,2530162,136,2007,25,6.1,15.98
4561,Historical,2660453,1,3,D,0,0,288532,50,1997,49,58.89,38.69
4562,Historical,262071,1,1,D,1,0,844345,76.95,1997,26,61.54,13.31
4564,Historical,608105,0,0,D,3,1,1028819,77.95,1999,38,63.99,54.83
4565,Historical,146696,1,1,D,4,1,1325616,253.4,2011,22,170.79,195
4566,Historical,146673,1,1,D,4,1,742006,261.6,2011,26,125,503.99
4567,Historical,764066,0,0,D,1,0,1513811,127.95,2000,52,214.8,40.71
4568,Historical,870445,0,0,D,2,1,888307,163.75,2009,27,71.74,75.98
4569,Historical,532998,0,0,D,5,1,140005,247.6,2012,28,41.94,200.73
4570,Historical,536606,1,1,D,4,1,83286,208.67,2009,103,97.03,52.99
4571,Historical,53900,1,1,D,8,1,77277,181.33,2007,52,152.48,77.02
4572,Historical,162415,0,0,D,2,1,558961,156.53,2009,31,71.24,48.99
4573,Historical,860591,1,1,D,6,1,288897,275.2,2012,32,93.78,178.95
4574,Historical,53899,1,1,D,7,1,231102,144,2004,114,152.48,25.36
4575,Historical,54141,1,1,D,12,1,188377,347.95,2009,67,183.98,49.88
4576,Historical,872970,0,0,D,2,1,10158860,0,2007,14,28.77,33.99
4577,Historical,536519,0,0,D,7,1,738702,240.4,2012,27,28.77,217.17
4578,Historical,116436,0,0,D,2,1,4275828,127.6,2003,22,86.56,104.03
4579,Historical,621933,0,0,D,7,1,627294,240.4,2011,20,128.82,133.99
4580,Historical,144604,1,1,D,5,1,2173376,130.67,2003,40,128.82,26.48
4581,Historical,52040,1,1,D,5,1,385399,92,2008,93,63.95,35.99
4582,Historical,133095,0,0,D,5,1,1467899,64.2,2009,52,61.68,25.51
4583,Historical,533410,0,0,D,5,1,1346925,119.67,2012,21,51.28,72.49
4584,Historical,52737,0,0,D,8,1,1030142,145.6,2006,47,25.37,60.41
4585,Historical,145457,0,0,D,7,1,676856,68.67,2006,47,83.98,45.4
4586,Historical,132935,0,0,D,9,1,74500,141,2010,52,89,62.81
4587,Historical,57758,0,0,D,7,1,1152376,105.95,2006,26,61.91,22.98
4588,Historical,57760,0,0,D,8,1,855613,95,2009,40,61.91,38.94
4589,Historical,57763,0,0,D,8,1,392119,105,2009,31,58.7,38.99
4590,Historical,57764,0,0,D,7,1,810337,105.95,2006,29,58.7,53.98
4591,Historical,544184,1,5,D,10,1,7048,256.95,2012,134,148.5,36.84
4592,Historical,2265086,1,2,D,10,1,200333,65.32,2012,26,21.4,48
4593,Historical,111227,0,0,D,2,1,195304,48.92,2010,34,40.4,31.44
4594,Historical,51993,1,1,D,2,1,3157218,58.4,2005,36,20.96,17.49
4595,Historical,61175,0,0,D,2,1,1216342,43.8,2005,40,33.17,9.76
4596,Historical,910332,0,0,D,0,0,2439635,46.95,1999,26,38.89,46
4597,Historical,455557,0,0,D,1,0,1317200,168.95,2010,35,93.99,51.98
4598,Historical,544353,1,1,D,16,1,66825,169.95,2013,88,102.79,32.82
4599,Historical,290983,0,0,D,15,1,845247,225.95,2011,41,102.79,48.99
4600,Historical,909214,1,3,D,0,0,1598230,40.06,2011,52,117.98,13.7
4601,Historical,535408,0,0,D,17,1,16824,141.95,2013,87,117.98,66.32
4602,Historical,170150,1,4,D,10,1,188355,176.95,2011,69,103.99,38.99
4603,Historical,133258,1,1,D,13,1,121505,107.8,2010,46,48.89,40.99
4604,Historical,56744,1,1,D,11,1,975547,28.98,2009,68,33.99,32.18
4605,Historical,153342,1,2,D,11,1,1766830,9.58,2010,51,45.73,13.98
4606,Historical,153340,0,0,D,11,1,1147942,28.99,2010,66,57.99,23.98
4607,Historical,133422,1,11,D,10,1,145092,171.8,2011,43,133.24,42.95
4608,Historical,56104,1,7,D,11,1,42639,188.2,2011,71,133.24,28.99
4609,Historical,100794,0,0,D,0,0,341169,155.25,2000,62,65.51,15.13
4610,Historical,120359,0,0,D,1,0,825134,56.8,2007,25,3.83,280.39
4611,Historical,610415,1,1,D,7,1,40993,118.4,2013,51,65.56,75.29
4612,Historical,144454,1,1,D,1,0,257024,57.8,2004,50,27.83,53.94
4613,Historical,288635,1,1,D,12,1,981163,99,2006,31,94.22,45.95
4614,Historical,621586,1,2,D,3,1,253941,95.5,2013,55,81.99,15.99
4615,Historical,734446,0,0,D,3,1,536987,0,2006,37,53.19,45.01
4616,Historical,560109,0,0,D,5,1,31726,117.93,2012,85,53.49,53.99
4617,Historical,872316,1,1,D,2,1,2254844,78.87,2011,23,41.86,41.68
4618,Historical,537102,0,0,D,2,1,1686773,78.87,2011,20,51.31,63.99
4619,Historical,145459,0,0,D,3,1,1208349,46.67,2006,65,27.28,22.39
4620,Historical,544182,1,3,D,13,1,56982,256.95,2012,92,113.99,38.93
4621,Historical,52861,1,1,D,10,1,98940,237.95,2010,104,93.98,28.49
4622,Historical,141544,0,0,D,7,1,72283,182.75,2011,56,39.83,29.77
4623,Historical,735790,0,0,D,7,1,3344796,99.5,2011,14,71.99,10.97
4624,Historical,544478,1,1,D,8,1,39291,155.95,2013,84,99.18,54.8
4625,Historical,163807,0,0,D,1,0,826605,115,1996,30,93.96,27.71
4626,Historical,154295,1,1,D,0,0,1343122,0,2001,27,44.64,45.01
4627,Historical,136685,0,0,D,1,0,172249,71,2004,39,0,34
4628,Historical,545177,1,3,D,4,1,46359,228,2012,63,93.49,106.01
4629,Historical,867449,0,0,D,2,1,535029,126.95,2013,24,78.98,73.83
4630,Historical,133410,1,1,D,7,1,19080,186.2,2011,93,72.95,164.6
4631,Historical,200488,0,0,D,8,1,837481,133.95,2009,97,18.41,25.68
4632,Historical,2225568,1,1,D,2,1,643022,21.96,2011,14,53.98,20.86
4633,Historical,52604,1,1,D,5,1,2056589,111.95,2005,54,99.13,7.72
4634,Historical,878094,1,2,D,12,1,873764,130.12,2005,24,53.91,62.41
4635,Historical,56507,0,0,D,5,1,499769,200.95,2009,54,148.49,21.87
4637,Historical,664597,1,1,D,16,1,19636,213.95,2014,46,95.98,82.99
4638,Historical,544800,1,2,D,8,1,92665,155.95,2013,51,99.18,53.99
4639,Historical,347429,0,0,D,1,0,1711503,120,2001,31,49.94,73.87
4640,Historical,317425,1,1,D,1,0,835880,108,2008,19,66.82,58.83
4641,Historical,905809,1,1,D,4,1,1846549,291.39,2005,15,113.98,73.33
4642,Historical,115246,0,0,D,3,1,318216,100,2000,20,116.28,73.89
4643,Historical,609152,0,0,D,5,1,140638,74.95,2002,38,75.99,60.86
4644,Historical,435268,1,2,D,8,1,102683,196,2012,101,152.94,46.39
4645,Historical,110114,1,2,D,6,1,5715,97.26,2011,363,128.95,53.99
4646,Historical,288838,1,1,D,7,1,167507,182.95,2009,69,152.94,63.99
4647,Historical,146173,0,0,D,4,1,649757,214.2,2010,21,113.09,582.98
4648,Historical,58340,1,1,D,2,1,1532373,194.95,1999,54,178.99,42.51
4649,Historical,613836,0,0,D,1,0,627450,47.75,2006,34,106.49,5.87
4650,Historical,256635,1,2,D,0,0,854339,34,1996,33,10.8,26.88
4651,Historical,159416,1,2,D,1,0,135931,66.95,2001,33,46.99,95.99
4652,Historical,718218,1,2,D,1,0,333784,53,1999,81,40.38,13.98
4653,Historical,117600,0,0,D,1,0,122567,166.2,2008,153,22.47,8.45
4654,Historical,218462,0,0,D,4,1,4153145,185,2001,14,112.19,20.94
4655,Historical,1822646,1,1,D,38,1,71663,47.35,2014,33,44.99,28.99
4656,Historical,133077,1,1,D,13,1,29590,197.73,2010,80,118.87,225.55
4657,Historical,544481,1,1,D,14,1,136188,250.95,2013,126,107.01,51.99
4658,Historical,116876,0,0,D,5,1,2518035,74.4,2005,34,65.14,27.97
4659,Historical,52632,0,0,D,8,1,146862,137.4,2008,61,133.75,53.75
4660,Historical,752225,0,0,D,4,1,4778233,208.75,2009,22,53.97,12.7
4661,Historical,544396,1,1,D,9,1,50742,335.95,2013,57,129.71,94.46
4662,Historical,342387,0,0,D,2,1,577185,165,2000,55,52.34,48.14
4663,Historical,120845,1,1,D,10,1,28039,226.2,2011,63,63.98,117.99
4664,Historical,120372,0,0,D,9,1,363827,229.6,2008,44,63.98,56.75
4665,Historical,110083,1,1,D,6,1,93053,118.6,2009,65,120.38,62.94
4666,Historical,110032,0,0,D,3,1,166258,51.73,2010,39,150.59,13.98
4667,Historical,170009,0,0,D,5,1,153600,254.95,2009,40,113.99,88.99
4668,Historical,874581,0,0,D,5,1,377970,135.52,2009,16,113.99,288.98
4669,Historical,131692,0,0,D,5,1,1436754,128,2004,61,82.49,13.84
4670,Historical,264570,0,0,D,2,1,307684,64.95,2001,57,64.79,101.65
4671,Historical,2367642,1,1,D,2,1,1259544,102.2,1991,21,299.73,45.67
4672,Historical,131043,0,0,D,11,1,83222,108.95,2011,39,53.74,73.3
4673,Historical,2261832,0,0,D,6,1,2456646,146.59,2007,32,125.59,146.01
4674,Historical,51774,1,1,D,5,1,70553,290.95,2004,102,140.44,29.19
4675,Historical,60090,0,0,D,2,1,499940,45,1996,215,38.23,10.98
4676,Historical,532735,0,0,D,5,1,6357,173.8,2011,99,98.45,63.99
4677,Historical,54252,1,1,D,4,1,51073,260.6,2010,84,133.73,93.71
4678,Historical,133115,0,0,D,4,1,39055,174.8,2010,129,95.24,58.98
4679,Historical,421598,0,0,D,3,1,215362,125,2007,77,95.24,44.83
4680,Historical,53770,0,0,D,4,1,22122,174.8,2010,79,92.99,78.27
4681,Historical,515182,1,1,D,3,1,243107,125,2007,84,92.99,40.91
4682,Historical,170444,0,0,D,0,0,591802,59.46,2005,49,47.66,50.15
4683,Historical,638686,1,4,D,0,0,739414,65,1995,44,58.99,29.94
4684,Historical,131922,0,0,D,3,1,1158853,80,2005,66,57.95,10.77
4685,Historical,195965,0,0,D,1,0,68165,26.95,2008,20,42.14,22.64
4686,Historical,51448,1,1,D,11,1,121521,269.95,2009,37,122.18,102.99
4687,Historical,57581,0,0,D,4,1,37129,243.95,2008,53,180.74,107.19
4688,Historical,240895,0,0,D,4,1,1183661,67.5,2001,58,99.7,27.32
4689,Historical,146875,0,0,D,2,1,1078136,75.95,2001,46,88.97,5.13
4690,Historical,146358,0,0,D,7,1,125698,168.4,2010,72,91.02,91.13
4691,Historical,118857,0,0,D,6,1,174960,150.2,2007,69,91.02,63.23
4692,Historical,1475063,0,0,D,9,1,753656,49.84,2010,21,120.75,29.24
4693,Historical,58299,0,0,D,8,1,264863,107.76,2006,44,120.75,73.94
4694,Historical,58300,0,0,D,9,1,80899,202.25,2009,51,120.75,86.84
4695,Historical,191857,1,1,D,7,1,663734,63.25,2001,65,141.25,33.99
4696,Historical,645761,1,1,D,0,0,1547585,56.95,2000,22,65.87,28.99
4697,Historical,833708,0,0,D,3,1,1984434,125,1997,45,104.24,19.99
4698,Historical,704876,0,0,D,3,1,1243972,49.7,1999,19,58.92,33.97
4699,Historical,146668,1,2,D,12,1,10762,178.8,2012,98,138.62,43.99
4700,Historical,533950,1,1,D,4,1,465227,247.95,2006,56,118.76,66.61
4701,Historical,169367,0,0,D,6,1,667279,156.95,2008,39,91.41,55.95
4702,Historical,111680,0,0,D,8,1,54664,296.25,2011,65,126.37,64.6
4703,Historical,120874,0,0,D,12,1,1190079,198.67,2007,76,143.93,24.89
4704,Historical,633704,1,2,D,15,1,8705,321.6,2013,68,143.93,103.98
4705,Historical,637651,0,0,D,5,1,200596,204.72,2012,61,153.36,53.99
4706,Historical,112080,1,1,D,4,1,1565890,253.5,2010,55,153.36,15.54
4707,Historical,54776,0,0,D,6,1,209753,6.23,2007,53,126.37,6.23
4708,Historical,792527,0,0,D,2,1,5824019,55,1999,16,52.68,12.5
4709,Historical,202408,0,0,D,4,1,977894,286.95,2003,40,178.99,43.99
4710,Historical,917525,1,1,D,8,1,967957,42.64,1996,49,85.1,33.68
4711,Historical,612487,0,0,D,21,1,452999,110.64,2013,40,116.61,66.97
4712,Historical,119077,1,1,D,4,1,32211,173.8,2011,48,124.45,159.87
4713,Historical,2253982,0,0,D,2,1,2956333,40.67,2009,39,0,24.54
4714,Historical,2258674,1,1,D,4,1,1863753,58.58,2010,36,60.96,56.19
4715,Historical,55542,1,2,D,4,1,8434,80.8,2011,134,60.96,34.98
4716,Historical,54016,1,2,D,8,1,126633,63.99,2009,39,97.98,54.35
4717,Historical,1908521,1,1,D,1,0,859187,59.99,2010,16,35.89,30.99
4718,Historical,147493,1,1,D,2,1,566976,79.95,2008,43,35.32,41.99
4719,Historical,295995,0,0,D,5,1,974190,81.35,1998,54,54.22,32.7
4720,Historical,618557,0,0,D,8,1,682332,164.95,2011,36,38.98,19.74
4721,Historical,788088,1,2,D,7,1,1713401,134.95,1998,28,74.06,53.05
4722,Historical,422968,1,1,D,11,1,3972702,0,2009,25,108.74,73.36
4723,Historical,118338,0,0,D,12,1,260944,172.27,2011,28,108.74,39.73
4724,Historical,540672,1,2,D,4,1,14566,210.6,2013,70,103.84,48.99
4725,Historical,913881,0,0,D,3,1,745885,63.92,2011,27,103.84,28.97
4726,Historical,615041,0,0,D,0,0,411535,51.95,2003,84,13.97,32.92
4727,Historical,789563,0,0,D,0,0,536752,52.95,2006,26,13.97,55.27
4728,Historical,741752,0,0,D,8,1,1432379,192,2009,16,77.5,103.97
4729,Historical,878895,0,0,D,4,1,842307,230.8,2010,28,152.89,87.99
4730,Historical,560872,1,1,D,7,1,578203,36.67,2005,24,77.5,51.96
4731,Historical,52404,0,0,D,9,1,63104,262.95,2010,56,124.98,53.26
4732,Historical,52071,0,0,D,5,1,1032378,138.67,2004,59,49.42,12.99
4733,Historical,742958,0,0,D,2,1,1444895,230.8,2011,19,148.66,162.99
4734,Historical,534687,1,1,D,4,1,38062,71.95,2012,63,34.79,16.19
4735,Historical,553984,0,0,D,3,1,1107657,214,2008,32,161.9,49.96
4736,Historical,118203,0,0,D,2,1,253505,164.33,2007,36,90.69,14.88
4737,Historical,549472,1,1,D,18,1,2588894,100,2010,20,90.93,8
4738,Historical,608320,0,0,D,3,1,1582985,55,1998,37,45.42,28.99
4739,Historical,2257037,1,1,D,0,0,2733381,39.89,2009,44,0,17.94
4740,Historical,415703,0,0,D,5,1,5533164,0,2006,31,79.01,34.7
4741,Historical,51850,0,0,D,7,1,51184,164.18,2010,27,79.01,82.98
4742,Historical,532564,0,0,D,6,1,273477,315.95,2010,39,90.53,88.86
4743,Historical,121631,0,0,D,9,1,134064,213.67,2008,84,83.89,36.22
4744,Historical,286393,1,1,D,9,1,1346797,216,2009,31,126.03,49.68
4745,Historical,211316,0,0,D,2,1,718811,57.95,1998,52,50.04,61.39
4746,Historical,2309470,1,1,D,3,1,461098,30,1993,34,44.39,63.07
4747,Historical,60116,1,2,D,9,1,331912,89.95,2007,101,60.86,12.97
4748,Historical,57611,0,0,D,9,1,467159,87.95,2005,93,60.86,19.61
4749,Historical,204046,1,1,D,10,1,56432,115.99,2008,144,60.86,23.04
4750,Historical,204051,0,0,D,6,1,229806,53.99,2008,50,40.93,29.99
4751,Historical,204152,0,0,D,5,1,370115,42.95,2005,59,40.93,20.99
4753,Historical,1830001,1,2,D,7,1,13588,69.95,2015,67,49.23,38.99
4754,Historical,579680,0,0,D,3,1,2010730,72.95,2007,23,35.01,10.02
4755,Historical,213028,0,0,D,2,1,3025074,69.95,2003,26,35.01,36.49
4756,Historical,142047,1,1,D,9,1,170821,24.99,2011,142,55.2,13.21
4757,Historical,142172,1,1,D,10,1,1340771,66.75,2010,87,33.94,18.99
4758,Historical,53808,1,4,D,10,1,740702,77.33,2008,151,33.94,8.99
4759,Historical,620748,0,0,D,4,1,58251,34.27,2011,60,58.95,58.53
4760,Historical,742959,0,0,D,11,1,606224,240.4,2011,23,128.69,244.32
4761,Historical,2261511,0,0,D,3,1,1587314,34.27,2011,48,0,52.98
4762,Historical,288738,1,1,D,8,1,44373,216.8,2012,125,17,16.93
4763,Historical,146650,0,0,D,5,1,1435113,190,2010,26,15.28,205.96
4764,Historical,550476,1,2,D,3,1,2022937,237.33,2011,31,97.94,33.99
4765,Historical,288718,0,0,D,5,1,44722,233.4,2011,119,147.36,68.86
4766,Historical,120556,1,1,D,4,1,65421,186.67,2008,292,229.55,8.27
4767,Historical,145948,0,0,D,4,1,814495,73.33,2008,26,229.55,110.07
4768,Historical,874291,1,1,D,3,1,947330,58.17,2011,47,53.05,62.36
4769,Historical,716749,1,1,D,4,1,4177747,0,2009,27,229.55,7.55
4770,Historical,876758,0,0,D,2,1,3292896,0,2008,21,93.99,1814.89
4771,Historical,146070,0,0,D,3,1,1470786,186.67,2009,92,16.64,16.99
4772,Historical,116845,1,2,D,2,1,1694104,170.67,2005,38,16.64,7.91
4773,Historical,145749,0,0,D,4,1,2117701,186,2007,14,147.36,171.84
4774,Historical,145951,0,0,D,2,1,1909878,198,2008,16,46.14,0
4775,Historical,906424,1,1,D,2,1,2933031,29.95,2001,18,22.09,7.94
4776,Historical,317404,0,0,D,6,1,51362,154.4,2012,48,46.35,129.01
4777,Historical,60123,1,2,D,7,1,1350503,99,2002,53,75.43,35.64
4778,Historical,54563,0,0,D,3,1,613234,136.95,2003,55,197.17,16.95
4779,Historical,118287,1,2,D,1,0,1748804,140,2009,45,109.72,5.97
4780,Historical,609836,0,0,D,3,1,311339,154.4,2013,75,109.72,65.74
4781,Historical,739647,0,0,D,4,1,3376553,64.4,2003,46,89.2,12.49
4782,Historical,132501,0,0,D,2,1,1462452,75,2008,69,30.99,12.99
4783,Historical,1604580,0,0,D,1,0,1055647,59.5,2012,12,66.54,40.62
4784,Historical,55157,0,0,D,3,1,101918,112.32,2007,46,94.99,41.13
4785,Historical,2331026,0,0,D,0,0,2319259,0,1977,23,6.92,80.18
4786,Historical,613417,1,1,D,3,1,247487,242,1999,84,95.46,74.71
4787,Historical,60127,0,0,D,3,1,326915,46.87,2004,59,149.92,41.99
4788,Historical,633713,0,0,D,5,1,95802,172.95,2013,50,132.58,46.84
4789,Historical,614136,0,0,D,1,0,87527,89.95,2009,55,75.72,43.99
4790,Historical,618741,0,0,D,2,1,585322,78.95,1997,35,36.58,13.98
4791,Historical,532455,1,1,D,2,1,2441870,137,2008,19,124.04,70.5
4792,Historical,164297,1,1,D,1,0,3167281,124.95,2003,30,0,28.99
4793,Historical,533850,0,0,D,11,1,4566,308.95,2012,222,181.17,52.75
4794,Historical,56512,1,1,D,4,1,1662709,106.95,2004,71,112.46,16.73
4795,Historical,742544,1,3,D,4,1,835740,0,2010,42,122.52,59.22
4796,Historical,538474,1,6,D,10,1,6026,293.5,2013,185,92.49,53.99
4797,Historical,538561,1,2,D,3,1,10677,293.5,2013,104,83.99,33.99
4798,Historical,254101,1,1,D,8,1,77664,266.95,2010,77,107.98,53.4
4799,Historical,178887,1,1,D,8,1,348608,255.95,2010,68,107.98,27.99
4800,Historical,285496,0,0,D,2,1,636699,125,2011,9,95.99,4.74
4801,Historical,540654,1,3,D,10,1,17246,218.8,2013,142,76.99,73.99
4802,Historical,540702,1,2,D,5,1,11747,213.2,2013,69,78.81,123.98
4803,Historical,561549,0,0,D,4,1,434662,162.8,2011,41,78.81,47.61
4804,Historical,51821,1,1,D,9,1,20788,172,2010,183,92.49,23.83
4805,Historical,533722,0,0,D,4,1,789129,179.53,2012,45,92.97,89.97
4806,Historical,742822,0,0,D,3,1,4241445,0,2010,22,92.97,40.18
4807,Historical,1597973,1,2,D,2,1,2355606,23.33,2012,17,48.93,19.84
4808,Historical,53404,0,0,D,2,1,2660602,187.95,2007,23,115.45,93.95
4809,Historical,169837,0,0,D,3,1,348837,260.95,2009,49,140.78,83.59
4810,Historical,53388,1,2,D,8,1,18347,210.6,2010,138,98.99,59.75
4811,Historical,53387,0,0,D,7,1,1064426,161,2007,31,98.99,73.99
4812,Historical,622834,0,0,D,2,1,510544,44.95,2000,26,0,26.98
4813,Historical,57557,0,0,D,7,1,397937,57.95,1999,125,34.64,25.47
4814,Historical,57553,1,2,D,8,1,94333,89.95,2004,47,34.64,60.98
4815,Historical,1447413,1,2,D,4,1,565807,144.95,2010,46,0,23.58
4817,Historical,284771,0,0,D,2,1,444907,49.95,1995,76,69,26.48
4818,Historical,535296,0,0,D,12,1,417117,95.95,2013,49,19.6,33.97
4819,Historical,533770,0,0,D,8,1,46172,291,2012,56,198.55,69.98
4820,Historical,200365,0,0,D,4,1,454233,243.95,2008,32,40.44,45.98
4821,Historical,191790,0,0,D,3,1,995983,0,2000,24,32.95,43.98
4822,Historical,913371,0,0,D,0,0,2208161,55,2003,20,133.73,73.97
4823,Historical,870644,0,0,D,7,1,1586272,163.41,2011,51,77.88,88.74
4824,Historical,861204,1,1,D,11,1,92384,117.73,2013,23,49.71,602.99
4825,Historical,594082,0,0,D,8,1,1196460,218.95,2009,56,63.97,28.15
4826,Historical,55331,1,1,D,7,1,535256,311.95,2005,49,63.97,17.99
4827,Historical,60002,0,0,D,1,0,251631,49.95,2004,28,22.98,103.58
4828,Historical,50131,0,0,D,4,1,668045,235.95,2006,82,101.39,7.84
4829,Historical,52090,0,0,D,13,1,17788,228,2010,153,112.98,37.41
4830,Historical,503606,0,0,D,11,1,1790396,119.95,2008,31,96.99,13.99
4831,Historical,52525,1,1,D,12,1,52866,149.99,2009,181,96.99,8.19
4832,Historical,756687,0,0,D,1,0,1087460,49.95,2003,57,38.28,13.94
4833,Historical,492129,0,0,D,11,1,774076,206.95,2011,27,153.99,69.04
4834,Historical,550988,0,0,D,1,0,1016363,268.25,2011,16,73.34,247.67
4835,Historical,516587,1,1,D,4,1,176050,468.95,2007,39,63.99,83.72
4836,Historical,2277016,1,2,D,5,1,276684,0,2014,0,0,119.48
4837,Historical,148725,0,0,D,3,1,357331,328.95,2009,68,127.4,42.98
4838,Historical,699166,0,0,D,13,1,1426450,23.99,2010,44,129.99,12.99
4839,Historical,183045,0,0,D,2,1,1154259,89.56,2004,23,22.87,47.95
4840,Historical,456666,1,1,D,9,1,323444,375.95,2010,95,172.49,33.91
4841,Historical,698638,1,1,D,8,1,2124746,89,2010,21,124.99,33.48
4842,Historical,515252,0,0,D,1,0,329945,104.27,2011,23,124.87,47.17
4843,Historical,663619,1,1,D,2,1,513641,121.87,2013,33,124.87,61.37
4844,Historical,52454,0,0,D,15,1,1276261,249.95,2007,67,10.09,8.42
4845,Historical,537436,1,3,D,5,1,2065024,173.33,2011,28,108.59,163.99
4846,Historical,539377,0,0,D,6,1,10336,181.8,2013,102,108.59,43.88
4847,Historical,291699,0,0,D,7,1,72806,295.95,2010,96,116.4,50.47
4848,Historical,52970,1,3,D,7,1,19936,295.95,2010,203,116.4,31.71
4849,Historical,629088,0,0,D,12,1,19391,181.8,2013,90,110.26,46.94
4850,Historical,873152,0,0,D,6,1,1073543,125.25,2009,15,103.65,24.95
4851,Historical,51178,0,0,D,7,1,596631,173.33,2008,49,112.13,30.76
4852,Historical,538459,1,2,D,4,1,9957,235.25,2013,84,112.62,50.24
4853,Historical,705568,1,2,D,3,1,1907524,0,2012,14,112.62,21.6
4854,Historical,537264,0,0,D,9,1,533782,121.07,2012,15,76.47,142
4855,Historical,873966,0,0,D,6,1,1799912,13.94,2005,14,58.94,13.94
4856,Historical,52584,0,0,D,7,1,119715,223.95,2011,52,117.38,53.89
4857,Historical,612730,1,3,D,10,1,7032,188.95,2014,82,83.99,85.98
4858,Historical,544488,0,0,D,8,1,50054,154.95,2013,52,89.49,75.49
4859,Historical,416442,0,0,D,5,1,2540454,48.99,2006,15,91.99,48.99
4860,Historical,51168,0,0,D,12,1,28109,52.94,2008,40,118.59,53.24
4861,Historical,872626,1,2,D,7,1,11512,154.4,2014,87,68.87,38.98
4862,Historical,508202,0,0,D,5,1,1142735,63.95,2005,20,53.49,102.64
4863,Historical,52197,0,0,D,7,1,1906850,259.95,2005,71,149.55,13.99
4864,Historical,52198,1,1,D,8,1,620852,279.95,2007,62,149.55,53.98
4865,Historical,663509,0,0,D,10,1,48028,393.95,2014,36,94.99,93.72
4866,Historical,349799,0,0,D,11,1,2140919,128.95,2003,46,48.83,7.23
4867,Historical,423290,0,0,D,8,1,1874382,204.8,2008,23,33.99,17.98
4868,Historical,715564,1,1,D,9,1,3079600,158,2011,22,43.98,71.95
4869,Historical,403126,0,0,D,12,1,145877,188.8,2011,48,111.03,53.35
4870,Historical,120240,0,0,D,12,1,79493,220.67,2011,109,111.03,38.98
4871,Historical,265936,0,0,D,9,1,1670853,161,2005,18,138.57,56.6
4872,Historical,505038,0,0,D,10,1,565876,214,2011,36,138.57,109.77
4873,Historical,627362,0,0,D,3,1,971503,144,2011,27,82.37,39
4874,Historical,416631,1,1,D,10,1,982827,212.25,2007,35,104.49,16.44
4875,Historical,146779,1,1,D,2,1,3128983,216.67,2011,13,73.84,147.99
4876,Historical,422274,0,0,D,7,1,1878130,186.67,2007,23,67.5,69.19
4877,Historical,447516,0,0,D,7,1,39299,50.85,2011,50,114.99,41.24
4878,Historical,532262,0,0,D,6,1,42116,258.6,2012,96,152.73,73.17
4879,Historical,1517386,0,0,D,3,1,611186,171.33,2014,29,109.57,83.98
4880,Historical,649658,0,0,D,1,0,152738,253.25,2012,20,193.93,88.33
4881,Historical,649674,0,0,D,6,1,1027292,173.27,2012,30,152.73,79.41
4882,Historical,416591,0,0,D,5,1,918533,214.5,2008,28,106.99,13.49
4883,Historical,285488,0,0,D,5,1,957064,16.03,2008,53,106.99,19.99
4884,Historical,1827228,0,0,D,8,1,4606,69.95,2015,104,59.7,38.97
4885,Historical,553824,0,0,D,6,1,436183,144.2,2009,35,19.39,53.81
4886,Historical,711763,0,0,D,4,1,1017251,98,2002,90,96.34,38.99
4887,Historical,617360,0,0,D,8,1,139091,141.2,2011,35,96.34,56.15
4888,Historical,608985,0,0,D,4,1,627381,162.95,2006,68,48.99,22.73
4889,Historical,878101,0,0,D,0,0,5077525,77,2004,17,53.94,11.89
4890,Historical,53873,1,1,D,9,1,40575,331.95,2009,149,143.23,98.99
4891,Historical,53443,1,1,D,7,1,5922,312.95,2012,168,185.24,86.98
4892,Historical,51748,1,2,D,8,1,523064,354.95,2007,50,76.59,29.99
4893,Historical,145376,0,0,D,9,1,425378,164,2007,241,89.98,9.27
4894,Historical,761742,0,0,D,4,1,10530564,0,2004,11,103.99,0
4895,Historical,54739,0,0,D,4,1,512016,274.95,2007,50,128.94,65.97
4896,Historical,53441,1,1,D,3,1,53443,173.95,2004,109,117.03,18.99
4897,Historical,704685,0,0,D,3,1,3288878,66.65,2007,23,118.96,77.53
4898,Historical,606907,0,0,D,3,1,1668960,40.89,2006,29,56.47,40.89
4899,Historical,51789,1,3,D,7,1,2643,312.95,2010,263,180.09,71.98
4900,Historical,879224,1,3,D,7,1,2036240,0,2011,28,180.09,0
4901,Historical,53876,1,1,D,9,1,295187,23.95,2008,68,119.05,25.98
4902,Historical,561404,0,0,D,1,0,367133,294.4,2010,35,190.76,27.05
4903,Historical,146449,0,0,D,12,1,963190,203.67,2010,32,58.99,148.89
4904,Historical,53874,1,1,D,7,1,100045,172.95,2001,147,143.23,38.98
4905,Historical,146639,1,2,D,10,1,11213,209.2,2011,140,43.99,60.99
4906,Historical,51688,0,0,D,9,1,430765,167.33,2007,73,43.99,28.99
4907,Historical,133331,0,0,D,13,1,49976,63.6,2010,33,19,48.99
4908,Historical,646467,1,2,D,7,1,209478,53.34,2009,23,39.95,19.49
4909,Historical,2168897,0,0,D,6,1,354147,44.95,2013,7,0,40.96
4910,Historical,608493,1,4,D,4,1,330856,55.75,2006,28,33.99,52.53
4911,Historical,146386,1,1,D,7,1,4072,216.6,2011,357,103.87,22.24
4912,Historical,435054,1,1,D,4,1,6633,180.2,2012,236,125.49,43.48
4913,Historical,477668,0,0,D,6,1,2048423,253.95,2005,19,112.75,73.87
4914,Historical,872111,0,0,D,2,1,4399668,70,1997,19,34.39,39.49
4915,Historical,118513,0,0,D,3,1,144468,147.4,2008,53,71.39,32.99
4916,Historical,877036,0,0,D,0,0,383467,138.25,2011,26,91.56,82.19
4917,Historical,533502,0,0,D,10,1,14128,100.4,2012,70,91.56,68.85
4918,Historical,532161,0,0,D,10,1,131513,171.2,2011,42,114.15,49.11
4919,Historical,60158,0,0,D,8,1,2982715,100.67,2002,43,114.15,13.74
4920,Historical,293747,0,0,D,1,0,361299,56.95,1999,66,62.98,18.12
4921,Historical,661158,0,0,D,3,1,1368831,87.99,2011,20,0,73.62
4922,Historical,886034,0,0,D,3,1,7081387,86.99,2011,10,0,6.29
4923,Historical,606741,0,0,D,6,1,823951,115,2001,34,39.68,24.09
4924,Historical,133086,0,0,D,6,1,1700605,70.4,2009,28,12.76,18.94
4925,Historical,58102,0,0,D,3,1,566345,159.95,2006,77,71.49,14.99
4926,Historical,56614,1,1,D,4,1,1191960,161,2007,109,63.48,19.98
4927,Historical,162268,0,0,D,5,1,3601175,0,2007,19,103.99,73.98
4928,Historical,50220,1,1,D,6,1,109631,32.49,2009,100,103.99,46.05
4929,Historical,179079,0,0,D,8,1,1040751,127.95,2005,43,42.26,11.89
4930,Historical,183741,0,0,D,6,1,2519760,91.19,2007,33,60.69,89.43
4931,Historical,58092,0,0,D,8,1,682215,93.4,2003,111,12.76,7.89
4932,Historical,2566210,0,0,D,2,1,4051086,55,1995,20,39.91,11.99
4933,Historical,2255145,0,0,D,3,1,278976,103.46,2007,36,0,50.96
4934,Historical,618296,0,0,D,3,1,136425,84.95,2007,43,57.62,53.61
4935,Historical,113020,0,0,D,2,1,713382,104,1999,35,67.93,53.94
4936,Historical,288728,0,0,D,6,1,106171,295.8,2011,27,146.05,76.3
4937,Historical,50351,0,0,D,11,1,670291,239.93,2011,45,113.99,18.44
4938,Historical,610422,0,0,D,11,1,7219,337,2012,153,103.99,38.99
4939,Historical,561369,1,1,D,11,1,22455,226.6,2011,271,113.99,28.94
4940,Historical,563386,1,3,D,3,1,1045594,74.82,2011,81,97.84,41.99
4941,Historical,550507,1,3,D,3,1,8557,337,2013,80,63.01,33.94
4942,Historical,52327,1,1,D,7,1,38422,378.95,2007,116,119.41,61.44
4943,Historical,52311,1,1,D,2,1,9646,246.67,2010,302,102.81,33.99
4944,Historical,533685,1,3,D,2,1,241559,258,2010,28,102.81,113.99
4945,Historical,540670,1,2,D,3,1,1136,298,2013,274,102.81,70.99
4946,Historical,742967,0,0,D,6,1,3180677,0,2010,22,146.05,45.48
4947,Historical,551286,0,0,D,1,0,1266174,148,2001,60,88.99,21.75
4948,Historical,913248,1,1,D,7,1,2672300,0,2007,28,119.41,43.19
4949,Historical,561457,0,0,D,13,1,585498,202.6,2012,39,141.99,20.19
4950,Historical,536588,1,3,D,13,1,12450,188.6,2012,118,141.99,29.98
4951,Historical,56387,0,0,D,7,1,136159,326.95,2010,66,110.97,54.94
4952,Historical,699226,0,0,D,7,1,2864976,42.2,2011,37,93.99,29.7
4953,Historical,109283,0,0,D,6,1,99932,166.75,2008,62,93.99,23.99
4954,Historical,548115,0,0,D,4,1,601817,109.95,2000,50,77.77,13.98
4955,Historical,146385,1,3,D,12,1,3988,279,2011,370,149.99,58.49
4956,Historical,911188,1,2,D,12,1,1618101,11.35,2012,30,179.12,11.35
4957,Historical,51464,0,0,D,11,1,39292,218.67,2008,320,149.99,58.59
4958,Historical,400641,0,0,D,0,0,227000,29.95,2007,14,66.62,22.39
4959,Historical,908701,0,0,D,8,1,5238814,0,2009,26,54.89,78.35
4960,Historical,533429,1,5,D,5,1,185211,187.8,2012,78,97.21,83.87
4961,Historical,627877,0,0,D,1,0,143260,207.8,2012,41,57.81,93.19
4962,Historical,913767,0,0,D,8,1,503465,164.58,2008,22,54.89,53.57
4963,Historical,876672,1,1,D,5,1,4687147,0,2010,18,179.99,47.99
4964,Historical,53543,0,0,D,4,1,765250,145.2,2006,80,179.99,32.56
4965,Historical,119239,1,1,D,6,1,11630,115.2,2012,56,64.99,71.9
4966,Historical,544559,0,0,D,5,1,41594,261.95,2013,57,102.96,116.98
4967,Historical,544558,1,3,D,5,1,105215,228.95,2013,68,103.51,68.94
4968,Historical,130460,0,0,D,6,1,29642,220.2,2011,90,101.69,24.63
4969,Historical,55318,0,0,D,7,1,75476,0,2006,41,168.55,21.99
4970,Historical,121286,0,0,D,4,1,347707,188.6,2010,24,45.87,17.99
4971,Historical,659222,0,0,D,1,0,4148111,82.95,2002,17,48.49,62.09
4972,Historical,763760,1,1,D,3,1,2226786,69.95,1999,31,143.99,4.69
4973,Historical,868301,1,2,D,1,0,1957542,199,1993,10,128.55,64.23
4974,Historical,795736,0,0,D,11,1,568588,165.95,2012,26,139.63,64.24
4975,Historical,57096,1,1,D,3,1,1253374,46.95,2001,75,32.99,18.24
4976,Historical,57097,1,1,D,4,1,770770,62.95,2006,59,32.99,28.98
4977,Historical,543084,0,0,D,2,1,9646,49.99,1998,58,28.98,25.94
4978,Historical,57168,0,0,D,2,1,254403,46.95,2001,68,31.98,15.94
4979,Historical,760468,0,0,D,2,1,1087945,149,2004,26,58.99,100.31
4980,Historical,2576650,0,0,D,1,0,4164517,120,1988,20,58.99,28.99
4981,Historical,877052,0,0,D,7,1,1528333,271.66,2009,45,96.55,23.26
4982,Historical,244013,0,0,D,7,1,70565,283.95,2011,49,96.55,64.95
4983,Historical,908190,0,0,D,2,1,1922293,44.99,2009,19,31.98,10.94
4984,Historical,287606,1,1,D,5,1,170708,138.8,2009,32,80.49,78.98
4985,Historical,195132,0,0,D,4,1,81927,84.95,2008,72,57.94,26.12
4986,Historical,60177,0,0,D,6,1,498768,112.2,2007,26,66.94,69.75
4987,Historical,875373,0,0,D,5,1,1308286,16.99,2008,76,48.31,19.98
4988,Historical,581681,0,0,D,4,1,552209,105,2005,26,48.31,10.85
4989,Historical,528809,0,0,D,10,1,123244,171.95,2010,28,86.55,46.98
4990,Historical,170168,1,1,D,6,1,1735667,295.95,2010,38,50.97,13.99
4991,Historical,628977,1,1,D,0,0,143928,49.99,1999,59,30.87,28.99
4992,Historical,177898,1,1,D,1,0,1818147,75.95,2003,103,56.27,8.94
4993,Historical,124007,0,0,D,5,1,386026,79.95,2000,52,144.98,23.83
4994,Historical,55402,0,0,D,6,1,198899,102,2010,54,69.29,45.36
4995,Historical,132729,0,0,D,8,1,978010,84.67,2008,20,59.99,22.09
4996,Historical,587584,0,0,D,2,1,491658,198.95,2011,48,109.27,26.31
4997,Historical,146885,0,0,D,1,0,354866,52.95,2001,76,107.52,73.5
4998,Historical,177682,0,0,D,1,0,445508,184.95,2002,93,123.99,52.9
4999,Historical,540932,0,0,D,8,1,78978,49.95,2010,87,37.45,20.99
5001,Historical,622616,1,1,D,5,1,285183,51.6,2011,25,0,0
5002,Historical,634579,0,0,D,1,0,3440800,179,1999,20,145.99,110.22
5003,Historical,162340,0,0,D,4,1,192919,30.82,2008,37,67.73,72.99
5004,Historical,540069,0,0,D,4,1,337359,143.2,2010,37,138.74,137.44
5005,Historical,203799,0,0,D,4,1,1330213,68.95,2004,37,54.98,44.99
5006,Historical,612944,1,1,D,1,0,100714,94.95,2011,222,33.88,26.99
5007,Historical,596302,0,0,D,1,0,348395,35,1993,123,21.07,12.77
5008,Historical,58199,0,0,D,5,1,199189,90,2011,46,66.99,53.34
5009,Historical,51386,0,0,D,6,1,94395,14.64,2004,79,118.45,9.98
5010,Historical,51385,0,0,D,7,1,58788,54.71,2008,81,118.45,39.65
5011,Historical,492463,0,0,D,6,1,62222,270.95,2011,61,64.99,83.98
5012,Historical,271492,0,0,D,6,1,152717,77.95,2010,85,60.1,63.84
5013,Historical,518136,0,0,D,5,1,5743562,0,2008,13,64.99,0
5014,Historical,267373,0,0,D,4,1,844414,50,2007,41,44.42,13.49
5016,Historical,607399,0,0,D,10,1,383056,195.2,2006,29,127.96,56.76
5017,Historical,531864,1,1,D,20,1,261306,269.95,2010,84,53.15,18.1
5018,Historical,553285,0,0,D,12,1,283865,162.53,2012,24,101.59,319.31
5019,Historical,111391,1,1,D,2,1,494846,0,2010,26,0,130.59
5020,Historical,146666,1,2,D,9,1,249665,240.4,2011,39,121.67,211.99
5021,Historical,873252,0,0,D,5,1,3198406,11.39,2009,16,97.47,5.47
5022,Historical,533448,0,0,D,11,1,57714,306.95,2012,65,59.98,98.48
5023,Historical,54131,0,0,D,4,1,222231,198.67,2008,63,103.24,28.99
5024,Historical,552142,0,0,D,3,1,1322208,116,2003,86,88.98,5.24
5025,Historical,146247,1,1,D,4,1,255720,240.4,2011,27,110.48,119.99
5026,Historical,2261078,1,1,D,2,1,3815626,23.56,2011,45,121.67,22.41
5027,Historical,911458,0,0,D,4,1,2366924,0,2012,16,83.99,63.99
5028,Historical,298897,0,0,D,8,1,246451,328.95,2010,68,108.76,33.99
5029,Historical,120543,0,0,D,5,1,295384,179.33,2007,95,57.23,25.75
5030,Historical,116843,0,0,D,4,1,536933,138.67,2005,57,57.23,28.93
5031,Historical,53244,0,0,D,3,1,1801993,123.33,2005,66,43.99,6.93
5032,Historical,52226,0,0,D,3,1,575953,179.33,2009,133,40.17,36.5
5033,Historical,52225,0,0,D,2,1,1248274,158,2006,86,40.17,5.2
5034,Historical,52366,1,2,D,9,1,184637,147.33,2004,104,83.99,17.87
5035,Historical,145255,0,0,D,4,1,284787,158,2005,42,97.47,22.93
5036,Historical,569996,0,0,D,0,0,3273149,0,2006,14,98.99,50.59
5037,Historical,146030,0,0,D,4,1,1391323,200,2009,13,98.99,111.99
5038,Historical,260535,1,1,D,3,1,462023,60,2005,18,0,0
5039,Historical,531841,0,0,D,3,1,464303,32.49,2009,54,62.23,28.99
5040,Historical,224745,0,0,D,9,1,20093,350.95,2011,122,146.99,73.97
5041,Historical,1515731,0,0,D,2,1,4851061,0,2009,16,178.97,104.22
5042,Historical,613509,1,4,D,2,1,31501,275.6,2009,181,138.97,51.12
5043,Historical,533980,0,0,D,3,1,1187366,276.2,2009,31,62.23,27.99
5044,Historical,52448,0,0,D,7,1,385236,395.95,2006,102,146.99,63.13
5045,Historical,55312,1,2,D,6,1,506958,180.73,2006,52,83.99,67.37
5046,Historical,624354,1,1,D,2,1,1279420,187,2009,20,117.05,187
5047,Historical,53783,0,0,D,7,1,179507,53.05,2007,90,68.99,38.19
5048,Historical,129491,0,0,D,1,0,1075595,74,2011,88,6.56,20.94
5049,Historical,2527503,0,0,D,0,0,2608251,19.99,1991,27,134.42,25.99
5050,Historical,105653,0,0,D,4,1,531010,59.95,2000,67,60.99,28.54
5051,Historical,609957,0,0,D,3,1,20382,69.95,2014,57,75.76,33.99
5052,Historical,193689,0,0,D,3,1,811106,144,2009,47,69.99,50.98
5053,Historical,108291,0,0,D,2,1,1158975,105.25,2004,45,45.47,15.98
5054,Historical,127494,1,1,D,3,1,89139,82.95,2009,90,45.47,23.99
5055,Historical,51825,1,4,D,10,1,22450,154.33,2009,146,73.99,52.85
5056,Historical,183496,1,1,D,10,1,3148929,87.2,2006,35,65.37,13.88
5057,Historical,297872,0,0,D,8,1,20865,190.95,2012,80,83.99,79.44
5058,Historical,878643,0,0,D,6,1,1131389,15.96,2006,49,83.99,15.96
5059,Historical,533764,0,0,D,5,1,16136,159.6,2012,79,125.24,33.99
5060,Historical,1459219,0,0,D,2,1,3793970,146,2009,16,84.66,79.12
5061,Historical,53724,0,0,D,10,1,89180,19.81,2009,64,61.51,40.45
5062,Historical,142028,0,0,D,9,1,43101,40.08,2011,118,43.99,33.98
5063,Historical,141550,0,0,D,7,1,1441302,42.95,2002,61,26.96,8.93
5064,Historical,55033,1,2,D,8,1,1393659,11,2004,40,124.19,13.49
5065,Historical,164914,0,0,D,2,1,584629,49.95,1999,70,30.95,39.98
5066,Historical,416592,0,0,D,7,1,276008,275.85,2009,27,15.97,43.99
5067,Historical,119332,0,0,D,5,1,715286,127,2011,38,53.99,28.91
5068,Historical,702173,1,1,D,3,1,1188875,26,2011,16,13.98,14.9
5069,Historical,875711,1,1,D,0,0,1177902,89.95,2003,51,70.69,27.49
5070,Historical,112373,0,0,D,6,1,250857,117.5,1995,29,131.31,64.71
5071,Historical,50921,0,0,D,9,1,476862,102.2,2009,88,56.3,35.43
5072,Historical,315434,0,0,D,10,1,69905,94.4,2012,59,56.3,63.87
5073,Historical,50919,0,0,D,7,1,2168697,79.4,2003,66,56.3,6.97
5074,Historical,50920,0,0,D,8,1,807864,97.33,2006,115,56.3,13.99
5075,Historical,118767,0,0,D,1,0,931890,119.37,2008,97,5.75,7.99
5076,Historical,531718,0,0,D,7,1,21945,150.2,2010,55,64.66,92.53
5077,Historical,50967,1,1,D,8,1,587137,10.73,2003,37,60.67,7.77
5078,Historical,50970,0,0,D,10,1,1102341,23.94,2006,55,60.67,12.99
5079,Historical,50968,1,6,D,11,1,344934,16.74,2008,57,60.67,8.54
5080,Historical,544756,1,2,D,16,1,167472,120.95,2013,31,111.68,45.97
5081,Historical,862193,0,0,D,17,1,459376,189.95,2014,15,163.11,78.52
5082,Historical,52433,0,0,D,14,1,485371,212.95,2011,107,163.11,51.91
5084,Historical,556809,0,0,D,2,1,509257,99.99,1995,64,62.99,36.29
5085,Historical,553632,0,0,D,2,1,1180797,80,1996,50,123.92,13.19
5086,Historical,57766,0,0,D,3,1,1104871,180.95,2009,40,57.98,16.94
5087,Historical,58057,0,0,D,13,1,471405,82.91,2008,42,88.86,69.65
5088,Historical,531662,0,0,D,0,0,1101846,399.95,2013,35,71.79,20.92
5089,Historical,611793,1,1,D,0,0,952591,231.49,2013,32,71.79,73.99
5090,Historical,60220,0,0,D,11,1,713556,128.67,2007,35,103.5,38.93
5091,Historical,874757,0,0,D,13,1,1881380,22.53,2012,21,103.5,19.3
5092,Historical,625247,0,0,D,2,1,1061446,224.4,2010,52,93.98,42.99
5093,Historical,57413,1,1,D,8,1,47649,192.95,2011,51,103.4,66.99
5094,Historical,879332,0,0,D,7,1,1680412,77.48,2008,46,103.4,52.71
5095,Historical,54369,0,0,D,7,1,944294,4.43,2006,60,113,4.58
5096,Historical,878099,1,1,D,10,1,1317790,0,2012,27,146.55,46.99
5097,Historical,116376,0,0,D,10,1,33401,158.6,2012,63,113.98,112.33
5098,Historical,553769,0,0,D,4,1,148922,173.33,2010,48,70.31,48.99
5099,Historical,552591,0,0,D,3,1,898709,175.55,2007,42,70.31,25.94
5100,Historical,52607,1,1,D,3,1,476768,136,2003,99,42.93,19.98
5101,Historical,53976,1,1,D,11,1,11191,181.67,2009,180,116.85,108.62
5102,Historical,561514,0,0,D,11,1,40934,215.2,2011,115,116.85,58.95
5103,Historical,748143,1,2,D,2,1,2714497,69.5,2002,74,98.99,11.98
5104,Historical,130481,0,0,D,3,1,139742,106.73,2011,36,78.47,93.79
5105,Historical,795558,1,2,D,11,1,689523,18.99,2012,27,88.82,18.99
5106,Historical,651167,0,0,D,2,1,635524,42,1997,21,72.86,57.27
5107,Historical,111464,1,1,D,11,1,549482,63.99,2009,37,68.38,43.99
5108,Historical,649454,1,10,D,13,1,56884,208.5,2013,79,68.38,55.95
5109,Historical,107988,1,2,D,9,1,2471015,5.98,2003,57,68.38,5.98
5110,Historical,610392,1,1,D,12,1,52000,63.97,2011,41,73.86,47.95
5111,Historical,117283,0,0,D,1,0,147278,145.4,2008,51,61.31,18.97
5112,Historical,878514,1,1,D,4,1,2389536,10.72,2008,45,120.13,10.71
5113,Historical,193525,0,0,D,4,1,545324,43.95,2006,59,23.97,13.98
5114,Historical,600146,1,1,D,17,1,285250,225,2010,215,81.46,48.99
5115,Historical,612833,0,0,D,16,1,406553,162,2007,84,81.46,72.24
5116,Historical,608323,0,0,D,6,1,1989026,110,1994,42,84.98,9.68
5117,Historical,162902,0,0,D,2,1,84763,130,2010,29,89.99,78.49
5118,Historical,533754,1,1,D,10,1,22612,260,2012,135,89.51,33.97
5119,Historical,876407,1,4,D,1,0,783190,38.54,2011,25,89.51,25.06
5120,Historical,626658,1,3,D,12,1,47460,0,2012,58,115.99,83.98
5121,Historical,867904,1,3,D,11,1,4214,273.4,2014,67,89.51,56.99
5122,Historical,876470,0,0,D,10,1,2495942,18.99,2010,32,176.23,18.99
5123,Historical,51501,1,7,D,8,1,351925,196,2008,123,89.51,11.75
5124,Historical,115571,1,1,D,0,0,902015,146.6,2004,27,89.99,106.91
5125,Historical,183227,0,0,D,6,1,376625,293.95,2004,55,103.99,52.31
5126,Historical,178646,0,0,D,8,1,377458,169.95,2010,46,93.93,46.86
5127,Historical,569694,0,0,D,4,1,520471,225.95,2003,65,213.98,20.27
5128,Historical,535781,1,2,D,15,1,12425,70.87,2012,95,168.27,38.76
5129,Historical,286433,0,0,D,6,1,253384,193.33,2008,49,102.87,58.67
5130,Historical,126579,0,0,D,6,1,62723,74.95,2003,33,169.83,48.99
5131,Historical,763949,1,1,D,1,0,4593905,79.95,1999,27,69.77,41.3
5132,Historical,201789,0,0,D,6,1,1020920,96,2010,51,45.48,39.26
5133,Historical,576949,0,0,D,5,1,2228015,95,2007,37,45.48,12.98
5134,Historical,468737,0,0,D,1,0,617231,150.95,2010,27,46.19,11.24
5135,Historical,50803,0,0,D,12,1,235121,346.95,2011,55,153.75,86.92
5136,Historical,435105,0,0,D,2,1,22289,129.8,2012,88,91.34,73.91
5137,Historical,110451,0,0,D,8,1,212768,38.99,2007,32,104.58,37.99
5138,Historical,544424,1,4,D,16,1,40232,314.95,2013,78,177.3,48.98
5139,Historical,54527,0,0,D,6,1,1998532,86,2005,73,53.98,8.63
5140,Historical,54526,1,1,D,7,1,207576,114.2,2009,181,53.98,14.49
5141,Historical,861975,1,1,D,7,1,188541,292.95,2014,50,41.14,111.68
5142,Historical,878764,0,0,D,2,1,2198388,0,2011,18,89.5,33.05
5143,Historical,178688,0,0,D,2,1,128439,293.95,2011,50,163.98,48.99
5144,Historical,330764,1,1,D,1,0,974260,298.95,2008,34,163.98,14.98
5145,Historical,587849,0,0,D,8,1,47731,58.48,2013,51,27.99,63.99
5146,Historical,163207,0,0,D,7,1,497889,0,2010,53,27.99,48.99
5147,Historical,53142,1,1,D,2,1,3393590,152.25,2006,11,83.52,13.88
5148,Historical,132193,0,0,D,5,1,76375,124,2006,27,152.73,18.28
5149,Historical,57441,1,1,D,10,1,18845,154.2,2010,58,102.47,48.61
5150,Historical,297714,0,0,D,18,1,3545481,79.95,2007,14,600,73.17
5151,Historical,612822,1,1,D,6,1,1569780,187,2001,75,53.98,13.99
5152,Historical,162970,0,0,D,6,1,155957,160,2010,35,163.99,198.94
5153,Historical,866981,0,0,D,4,1,7017,96.95,2014,95,75.58,74.79
5154,Historical,913454,1,1,D,7,1,2970306,129,2006,20,103.99,13.54
5155,Historical,531547,1,3,D,4,1,252470,100,2009,48,64.27,20.93
5156,Historical,613563,0,0,D,6,1,5536785,0,2012,17,54.82,0
5157,Historical,52036,1,1,D,0,0,1048818,257.95,2002,44,6.24,10.28
5158,Historical,148721,0,0,D,3,1,1144204,324.95,2008,57,217.98,28.51
5159,Historical,914782,1,6,D,0,0,2870887,0,2014,25,64.62,5.45
5160,Historical,537581,1,2,D,10,1,3042,363.75,2012,123,64.62,82.91
5161,Historical,637789,0,0,D,3,1,1189818,113,2011,25,103.98,29.88
5162,Historical,617636,0,0,D,2,1,75773,204,2010,36,93.14,83.14
5163,Historical,877710,1,1,D,13,1,606785,357.95,2015,34,145.58,173.94
5164,Historical,307810,0,0,D,7,1,1566929,13.2,2006,14,27.03,9.96
5165,Historical,50528,0,0,D,11,1,708252,152.2,2006,80,131.61,9.99
5166,Historical,51921,0,0,D,14,1,6683,305.8,2011,240,133.01,59.48
5167,Historical,52686,0,0,D,7,1,842871,336.95,2008,38,142.97,23.98
5168,Historical,538787,0,0,D,6,1,14659,340.75,2012,79,85.99,58.98
5169,Historical,164373,1,2,D,2,1,2805715,115,2002,26,132.99,49.29
5170,Historical,552744,1,3,D,4,1,841994,106.67,2006,40,59.67,27.52
5171,Historical,58310,0,0,D,3,1,2200936,125,1998,42,69.41,15.99
5172,Historical,533533,0,0,D,12,1,62060,168,2012,50,120.39,74.91
5173,Historical,57190,0,0,D,6,1,538167,49.95,1998,52,53.98,17.72
5174,Historical,546682,1,1,D,0,0,113866,84.95,2013,169,12.03,8.46
5175,Historical,600417,1,3,D,0,0,373777,80.7,2012,110,12.03,7.34
5176,Historical,607461,0,0,D,7,1,1019635,59.8,2008,28,47.58,14.13
5177,Historical,52128,1,1,D,18,1,43911,332.5,2011,227,192.7,20.99
5178,Historical,538830,1,1,D,19,1,3329,332.5,2013,147,192.7,51.49
5179,Historical,255784,0,0,D,3,1,782924,51.95,2006,62,35.94,5.48
5180,Historical,534793,0,0,D,0,0,345955,169.95,2012,25,143.11,78.88
5181,Historical,54055,0,0,D,3,1,623862,135.6,2010,66,38.72,33.87
5182,Historical,54056,0,0,D,2,1,2414370,88,2007,59,38.72,10.98
5183,Historical,145158,0,0,D,2,1,1461966,91.96,2006,28,38.72,15.89
5184,Historical,54057,0,0,D,3,1,1700375,195.33,2008,36,38.72,28.99
5185,Historical,657900,1,3,D,4,1,30853,118.4,2013,59,38.99,68.88
5186,Historical,539329,0,0,D,2,1,29489,104.6,2013,35,55.24,97.93
5187,Historical,620267,0,0,D,1,0,203274,71.4,2009,91,55.24,36.04
5188,Historical,121187,0,0,D,7,1,19162,181,2010,69,50.65,80.06
5189,Historical,57444,0,0,D,5,1,547524,105.2,2004,44,102.12,10.99
5190,Historical,290943,1,1,D,1,0,439727,142.95,2008,49,70.53,143.79
5191,Historical,177581,1,1,D,3,1,468074,55.95,2000,37,77.44,10.99
5192,Historical,868043,0,0,D,1,0,1277491,87.95,2007,28,41.44,23.86
5193,Historical,539379,1,1,D,10,1,28662,147.8,2012,49,69.79,53.98
5194,Historical,120243,1,1,D,12,1,73057,123.6,2011,48,73.39,33.99
5195,Historical,54208,0,0,D,5,1,1243790,115,2007,69,73.41,8.54
5196,Historical,54207,0,0,D,6,1,191579,150.8,2010,85,73.41,13.98
5197,Historical,266239,0,0,D,10,1,19326,163.8,2013,129,117.34,31.88
5198,Historical,662341,1,2,D,8,1,54671,250.95,2014,60,111.92,79.1
5199,Historical,60241,0,0,D,5,1,1512716,176.95,2007,71,79.69,11.45
5200,Historical,53868,0,0,D,10,1,25204,271.95,2010,112,124.33,39.39
5201,Historical,555796,0,0,D,8,1,680628,149,2009,31,11.28,13.98
5202,Historical,53867,1,1,D,9,1,202449,271.95,2007,147,124.33,13.97
5203,Historical,349293,1,1,D,8,1,271940,11.49,2004,49,126.9,11.49
5204,Historical,278547,1,4,D,4,1,1587348,44.95,2003,44,48.94,13.99
5205,Historical,127311,0,0,D,5,1,213001,64.95,2008,44,48.94,23.94
5206,Historical,539505,1,2,D,2,1,993637,165.93,2013,27,85.89,17.93
5207,Historical,450912,0,0,D,10,1,654287,295.95,2008,78,56.94,21.99
5208,Historical,492445,1,12,D,11,1,16563,246.95,2012,81,152.14,45.95
5209,Historical,877565,1,1,D,7,1,8138,212.2,2014,95,114.41,92.43
5210,Historical,264216,1,1,D,0,0,594283,39.95,2003,47,32.92,18.77
5211,Historical,799981,0,0,D,0,0,3461000,47.95,2006,18,33.97,47.01
5212,Historical,53804,0,0,D,10,1,11581,142.6,2012,60,111.5,70.2
5213,Historical,141873,1,1,D,6,1,1124453,49.88,2007,125,23.72,7.44
5214,Historical,540433,0,0,D,7,1,130844,18.68,2010,98,23.72,17.45
5215,Historical,2746175,1,3,D,3,1,593550,12.14,1999,49,0,10.55
5216,Historical,168736,0,0,D,0,0,1520596,9.95,2003,31,0,8.95
5217,Historical,287515,0,0,D,2,1,959524,60.8,2001,80,127.42,20.48
5218,Historical,53265,0,0,D,4,1,342270,101.4,2009,47,53.86,33.99
5219,Historical,53264,0,0,D,3,1,1768484,84.2,2006,56,53.86,4.25
5220,Historical,55026,0,0,D,5,1,524403,134,2010,24,82.73,43.45
5221,Historical,112115,0,0,D,1,0,1193771,88.25,2001,65,46.89,16.01
5222,Historical,130728,0,0,D,8,1,166576,198.6,2011,47,122.8,58.79
5223,Historical,266266,0,0,D,7,1,269079,220.8,2012,72,68.98,76.94
5224,Historical,55022,0,0,D,5,1,287757,91.95,2008,144,34.2,15.42
5225,Historical,55023,0,0,D,4,1,1587546,12.32,2006,82,34.2,7.16
5226,Historical,55386,0,0,D,10,1,51664,284.95,2010,76,120.29,71.09
5227,Historical,544572,1,2,D,14,1,9145,253.95,2013,64,105.05,88.99
5228,Historical,57271,1,2,D,1,0,1903108,95.8,2007,45,54.5,13.99
5229,Historical,50467,1,1,D,10,1,33737,159.13,2010,62,84.84,93.8
5230,Historical,50466,1,4,D,8,1,255266,116.2,2004,64,84.84,53.96
5231,Historical,592014,1,1,D,3,1,142478,64,2008,32,14.3,17.99
5232,Historical,60250,1,1,D,3,1,453900,88.95,2003,56,64.69,20.94
5233,Historical,533507,0,0,D,7,1,803092,238.95,2009,31,87.99,51.94
5234,Historical,616171,1,3,D,4,1,52129,126.2,2012,50,45,41.48
5235,Historical,609842,1,1,D,4,1,24102,131.6,2012,88,45.81,14.99
5236,Historical,531380,0,0,D,3,1,774011,84,2010,26,46.33,24.54
5237,Historical,610406,1,1,D,53,1,59586,79,2013,87,67.63,13.99
5238,Historical,609958,0,0,D,54,1,25056,85,2014,48,67.63,57.88
5239,Historical,106868,1,1,D,51,1,585837,75,2011,104,67.63,11.92
5240,Historical,51387,0,0,D,8,1,372290,245.95,2007,49,143.83,68.81
5241,Historical,50633,0,0,D,5,1,136168,154,2008,57,73.97,36.12
5242,Historical,50632,0,0,D,4,1,1233669,128,2003,55,73.97,7.95
5243,Historical,120431,1,2,D,8,1,578010,114.4,1999,60,111.85,19.99
5244,Historical,531350,0,0,D,0,0,474531,59.99,2012,99,46.44,11.98
5245,Historical,698838,0,0,D,4,1,1285062,105.5,2009,9,105,57.22
5246,Historical,161829,0,0,D,1,0,528230,126.5,2006,26,58.99,60.78
5247,Historical,766001,0,0,D,1,0,616311,115.95,2000,25,55.86,48.53
5248,Historical,657876,0,0,D,13,1,29717,286,2013,45,123.98,44.98
5249,Historical,549484,1,1,D,5,1,341493,36.42,2005,27,4,38.94
5250,Historical,533480,0,0,D,10,1,20731,262.95,2012,77,168.46,33.99
5251,Historical,54641,0,0,D,7,1,778859,262.95,2006,96,168.46,26.98
5252,Historical,875945,0,0,D,2,1,1555607,13.98,2007,15,23.94,13.98
5253,Historical,545022,0,0,D,3,1,43902,92,2012,55,57.75,66.09
5254,Historical,533425,1,1,D,7,1,10881,100.75,2012,29,66.75,67.48
5255,Historical,163535,0,0,D,4,1,206017,48.11,1995,31,51.99,49.94
5256,Historical,531310,0,0,D,9,1,108094,58,2008,75,37.28,20.94
5257,Historical,53030,0,0,D,6,1,3128174,17.99,2005,38,35.97,17.99
5258,Historical,53031,0,0,D,7,1,313496,13.99,2007,49,35.97,12.99
5259,Historical,53032,0,0,D,8,1,243198,194.95,2009,90,35.97,15.4
5260,Historical,880028,1,2,D,0,0,2767505,12.99,2008,43,73.99,18.33
5261,Historical,2376497,0,0,D,3,1,237710,124,1991,56,92.8,42.81
5262,Historical,290519,0,0,D,6,1,115894,78.33,2004,25,132.94,51.49
5263,Historical,162099,0,0,D,7,1,147049,135.44,2008,39,132.94,51.78
5264,Historical,55019,1,1,D,3,1,309483,119.75,2003,42,194.39,102.35
5265,Historical,107187,0,0,D,3,1,112923,421,2001,45,158.99,83.99
5266,Historical,308618,0,0,D,2,1,987436,0,2002,26,82.02,60.25
5267,Historical,164083,1,1,D,1,0,2252211,90,1999,65,22.32,12.64
5268,Historical,771243,0,0,D,8,1,4832930,44.98,2004,16,186.09,38.99
5269,Historical,876738,0,0,D,6,1,2811803,161.25,2009,27,101.49,33.98
5270,Historical,252058,0,0,D,7,1,182675,220.95,2009,63,71.99,53.66
5271,Historical,60260,1,1,D,6,1,468183,243.95,2006,86,71.99,45.91
5272,Historical,868321,1,1,D,1,0,583737,171.95,2008,29,91.99,26.62
5273,Historical,878003,1,2,D,8,1,541041,18.96,2010,49,181.35,21.45
5274,Historical,537837,1,3,D,9,1,19954,0,2011,33,116.36,103.99
5275,Historical,252671,1,11,D,8,1,23647,200.75,2011,198,108.96,59.88
5276,Historical,531251,1,2,D,8,1,27085,181,2012,114,89.48,58.99
5277,Historical,53629,1,4,D,5,1,26216,187.2,2009,147,118.87,54.51
5278,Historical,907334,0,0,D,0,0,3281832,0,2012,17,162.5,33.98
5279,Historical,58377,0,0,D,8,1,341676,93.6,2005,32,59.1,17.93
5280,Historical,915489,0,0,D,2,1,2489162,87.5,2009,27,65.27,8.69
5281,Historical,789422,0,0,D,1,0,4336683,79.95,2005,22,65.27,4.36
5282,Historical,833387,0,0,D,2,1,1805744,115,1999,30,82.11,44.69
5283,Historical,147304,0,0,D,3,1,317356,59.95,2006,30,32.11,38.99
5284,Historical,55294,0,0,D,5,1,2957273,76.6,2005,65,55.89,5.85
5285,Historical,56437,1,1,D,9,1,117694,63.99,2011,109,91.95,45.14
5286,Historical,3130138,0,0,D,5,1,2420315,45,2004,23,62.5,11.98
5287,Historical,2142146,0,0,D,7,1,1518403,60,2006,21,62.5,24.99
5288,Historical,176662,1,1,D,1,0,1425809,130.95,1998,48,96.78,17.99
5289,Historical,2340744,0,0,D,3,1,2907607,121.8,1995,23,28.52,55.77
5290,Historical,552086,0,0,D,8,1,1061218,123.4,2002,55,153.99,29.93
5291,Historical,916247,1,1,D,3,1,1352179,107,1992,36,31.43,28.81
5292,Historical,176829,0,0,D,1,0,1856195,118.95,1999,26,79.02,145.84
5293,Historical,169309,0,0,D,2,1,1470103,161.95,2006,20,79.02,59.62
5294,Historical,132669,0,0,D,7,1,409439,115.6,2009,46,92.57,44.93
5295,Historical,176659,1,1,D,1,0,1826729,91.95,1998,35,89.94,8.38
5296,Historical,223815,1,1,D,1,0,1815785,83.8,2001,18,48.23,38.5
5297,Historical,531165,0,0,D,1,0,677700,111.27,2010,49,73.38,59.47
5298,Historical,1438990,0,0,D,1,0,1740562,103,2012,21,31.49,92.47
5299,Historical,879143,1,3,D,5,1,1976440,61.55,2010,49,81.2,43.17
5300,Historical,609843,0,0,D,6,1,26015,300.43,2012,54,81.2,63.99
5301,Historical,625659,1,2,D,1,0,340908,115.95,2012,31,0,0
5302,Historical,863394,0,0,D,3,1,815107,138.95,2006,55,37.79,8.49
5303,Historical,254159,0,0,D,3,1,3032051,91.95,2009,29,95.26,13.97
5304,Historical,880017,1,1,D,1,0,2334489,84.95,2009,21,83.99,14.97
5305,Historical,537001,1,3,D,2,1,1240952,186.87,2011,21,83.99,85
5306,Historical,622716,0,0,D,8,1,1011456,330.25,2008,27,63.99,100.48
5307,Historical,697506,0,0,D,6,1,900215,0,2006,26,112.8,46.89
5308,Historical,52169,1,4,D,4,1,66921,217.25,1998,86,112.8,42.77
5309,Historical,870176,0,0,D,6,1,201692,46.89,2005,43,73.29,30.34
5310,Historical,200516,0,0,D,3,1,104391,241.95,2009,44,68.98,60.58
5311,Historical,900611,0,0,D,0,0,494566,49.95,2007,15,0,49.95
5312,Historical,290279,0,0,D,2,1,731958,200,1995,50,79.17,36.11
5313,Historical,630456,0,0,D,2,1,470130,0,1992,24,30.63,58.91
5314,Historical,298478,0,0,D,7,1,331964,167.95,2008,66,90.27,62.5
5315,Historical,244982,0,0,D,6,1,248828,183.95,2003,83,90.27,12.97
5316,Historical,146466,1,2,D,5,1,58979,188.6,2011,128,101.93,23.48
5317,Historical,544997,1,1,D,4,1,131760,70,2013,41,33.99,47.24
5318,Historical,610430,1,3,D,3,1,39521,106.2,2013,85,26.47,23.98
5319,Historical,133093,0,0,D,2,1,399284,84,2010,42,26.47,46.41
5320,Historical,374747,0,0,D,2,1,881866,47,2003,42,0,26.83
5321,Historical,644393,0,0,D,3,1,55435,63.42,2013,74,47.5,37.93
5322,Historical,899084,1,1,D,0,0,502834,46.95,2001,23,33.99,7.98
5323,Historical,705176,1,1,D,6,1,858045,152.5,2005,57,58.72,25.69
5324,Historical,876813,1,3,D,8,1,1980840,22.78,2007,63,28.93,14.29
5325,Historical,875172,1,1,D,7,1,1670365,84.65,2010,32,82.25,83.09
5326,Historical,559507,0,0,D,5,1,1439619,84.95,1999,30,110.51,29.93
5327,Historical,52958,0,0,D,4,1,2202819,92.6,2004,51,85.08,27.39
5328,Historical,285400,0,0,D,7,1,383706,53.48,2009,46,100.69,51.27
5329,Historical,109267,1,1,D,6,1,814029,29.68,2006,33,100.69,28.24
5330,Historical,867968,0,0,D,29,1,361113,79.75,2014,19,53.1,31.36
5331,Historical,626660,1,1,D,1,0,1377707,393.75,2012,34,145.11,30.22
5332,Historical,146820,1,1,D,17,1,49882,197.2,2012,88,137.09,31.55
5333,Historical,118587,0,0,D,10,1,1634597,124,2006,81,107.77,4.63
5334,Historical,540685,1,2,D,11,1,4610,169,2013,118,62.14,68.99
5335,Historical,55513,1,1,D,5,1,526773,276.95,2010,41,153.92,77.06
5336,Historical,170132,1,1,D,5,1,312203,76.95,2010,42,98.25,80.95
5337,Historical,55573,0,0,D,5,1,160562,203.95,2009,48,98.25,53.7
5338,Historical,567783,1,1,D,5,1,56629,142.95,2011,67,90.51,48.99
5339,Historical,52393,1,2,D,13,1,9509,174.2,2011,145,95.66,49.97
5340,Historical,879987,1,4,D,13,1,1185598,0,2012,23,95.66,68.69
5341,Historical,191869,1,1,D,1,0,585924,102.32,2000,46,84.99,60.87
5342,Historical,618270,1,1,D,4,1,332566,30.75,2009,78,26.91,9.9
5343,Historical,203443,0,0,D,4,1,1647748,36.95,2001,56,29.59,22.9
5344,Historical,204064,0,0,D,5,1,223061,44.95,2005,64,29.59,33.84
5345,Historical,288842,0,0,D,4,1,265494,67.95,2009,37,45.04,43.99
5346,Historical,110741,1,1,D,6,1,10747,204.75,2012,93,82.16,44.55
5347,Historical,866779,1,1,D,10,1,34247,250.8,2013,48,145.91,47.89
5348,Historical,244168,1,2,D,3,1,47457,59.95,2011,142,25.69,9.98
5349,Historical,57060,0,0,D,2,1,731413,59.95,2009,127,25.69,4.28
5350,Historical,57059,0,0,D,1,0,1372879,59.95,2008,44,25.69,4.96
5351,Historical,121577,0,0,D,11,1,35975,266.8,2011,79,128.79,266.8
5352,Historical,145437,0,0,D,2,1,370116,224.4,2008,33,93.89,82.65
5353,Historical,53995,1,5,D,19,1,6268,363.75,2011,218,152.58,43.88
5354,Historical,622946,0,0,D,11,1,164560,311.4,2013,54,149.29,70.99
5355,Historical,147949,0,0,D,6,1,4994171,165.95,2003,34,62.62,10.73
5356,Historical,60301,0,0,D,11,1,978015,371.95,2005,85,88.99,18.92
5357,Historical,864622,0,0,D,5,1,9974,311.4,2014,78,83.65,48.99
5358,Historical,544216,1,1,D,11,1,341560,372.95,2013,62,162.86,87.47
5359,Historical,531010,0,0,D,9,1,527486,360.95,2012,47,192.3,105.64
5360,Historical,53993,1,1,D,17,1,78129,29.99,2008,254,152.58,24.98
5361,Historical,120750,0,0,D,6,1,479300,220,2009,57,123.99,43.37
5362,Historical,119405,1,2,D,10,1,5441,269.6,2012,140,160.65,46.45
5363,Historical,559033,1,1,D,10,1,100050,95.02,2012,44,160.65,38.69
5364,Historical,146122,1,1,D,9,1,61522,220,2009,101,160.65,35.99
5365,Historical,162620,0,0,D,5,1,107198,26.98,2009,46,67.13,42.45
5366,Historical,100799,0,0,D,6,1,294128,168.25,1999,95,51.99,23.69
5367,Historical,621000,0,0,D,8,1,95570,311.4,2013,45,27.22,73.99
5368,Historical,539363,0,0,D,17,1,21138,324.2,2013,77,182.89,53.24
5369,Historical,531015,0,0,D,16,1,87585,283.4,2011,76,182.89,31.28
5370,Historical,146088,1,1,D,15,1,309401,225,2009,108,166.46,23.59
5371,Historical,715428,1,1,D,16,1,192199,146.27,2011,33,176.99,12.59
5372,Historical,539361,1,2,D,17,1,26122,257.6,2013,82,176.99,47.83
5373,Historical,119116,1,1,D,16,1,32984,225,2011,94,176.99,39.77
5374,Historical,52744,1,1,D,10,1,9695,194,2011,92,76.99,93.93
5375,Historical,714248,0,0,D,3,1,3464961,69,2011,23,126.89,23.93
5376,Historical,132037,0,0,D,9,1,3821600,122.67,2005,29,100.06,69.13
5377,Historical,119206,1,3,D,12,1,18924,213.2,2012,100,84.78,164.91
5378,Historical,416611,1,1,D,4,1,148925,97.16,2008,42,94.99,79.95
5379,Historical,1570576,0,0,D,0,0,5879933,0,2007,14,52.99,0
5380,Historical,121138,0,0,D,7,1,57023,173.8,2010,76,126.89,66.94
5381,Historical,52748,0,0,D,9,1,408653,160,2008,34,76.99,15.48
5382,Historical,52749,1,3,D,8,1,943198,108.7,2005,188,76.99,13.99
5383,Historical,119195,0,0,D,9,1,32753,213.2,2012,52,50.99,72.93
5384,Historical,116318,0,0,D,4,1,36523,174,2011,39,93.98,148.85
5385,Historical,50710,0,0,D,6,1,89306,102.4,2011,53,58.33,138.99
5386,Historical,52133,0,0,D,7,1,659023,100,2002,64,30.62,16.17
5387,Historical,50711,1,1,D,4,1,1468710,101,2003,53,58.33,7.99
5388,Historical,924342,1,1,D,6,1,140043,273.95,2013,38,135.74,130.68
5389,Historical,121594,1,5,D,1,0,1218869,165.93,2010,33,92.91,27.02
5390,Historical,132304,0,0,D,1,0,280016,152.6,2010,97,92.91,21.93
5391,Historical,52869,0,0,D,7,1,206209,147.6,2010,48,103.36,78.33
5392,Historical,157602,0,0,D,1,0,59225,70.95,2010,43,144.49,50.94
5393,Historical,870324,0,0,D,9,1,3099352,28.99,2010,41,44.9,28.99
5394,Historical,530968,1,3,D,10,1,48380,141,2012,63,70.59,75.88
5395,Historical,205807,0,0,D,1,0,660941,45,2002,51,35.99,11.99
5396,Historical,120842,1,1,D,9,1,29571,243.2,2010,90,147.75,94.82
5397,Historical,114208,1,1,D,6,1,579521,99,2000,46,147.75,19.49
5398,Historical,628907,0,0,D,4,1,268790,488.46,2003,26,92.99,78.98
5399,Historical,50693,0,0,D,5,1,105626,198,2010,54,113.98,44.98
5400,Historical,253949,0,0,D,17,1,663853,169.95,2011,23,58.89,107.84
5401,Historical,797664,0,0,D,15,1,1900433,177.95,2004,35,58.89,52.57
5402,Historical,766017,0,0,D,0,0,2372191,115.95,1997,20,49.7,62.93
5403,Historical,110041,0,0,D,2,1,120458,11.99,2010,47,23.94,12.95
5404,Historical,264634,0,0,D,2,1,680888,66,2004,25,42.24,43.87
5405,Historical,2435134,0,0,D,3,1,5153069,46.95,1994,16,13.92,20
5406,Historical,135543,1,1,D,4,1,808341,66.95,1999,29,13.92,42.35
5407,Historical,100754,1,1,D,6,1,239701,0,1998,50,147.54,43.99
5408,Historical,119289,1,2,D,7,1,15135,160.8,2012,96,119.94,67.94
5409,Historical,879132,0,0,D,5,1,3202977,51.39,2006,43,119.94,34.48
5410,Historical,116740,0,0,D,0,0,2152673,150.67,2006,27,83.98,28.98
5411,Historical,871965,0,0,D,2,1,2290936,13.99,2010,18,34.36,14.98
5412,Historical,645995,0,0,D,8,1,1606246,219.33,2010,26,96.69,178.99
5413,Historical,288552,0,0,D,0,0,1907748,158.67,2006,39,24.99,15.66
5414,Historical,117890,0,0,D,0,0,5287293,14.79,2007,25,62.62,14.74
5415,Historical,107901,0,0,D,3,1,1925886,12.01,2005,33,10.23,28.99
5416,Historical,561229,1,1,D,2,1,1592545,6.18,2009,21,62.62,10.98
5417,Historical,145461,0,0,D,3,1,1649793,181.33,2007,54,66.12,16.9
5418,Historical,1482163,1,1,D,0,0,3543797,0,2009,22,97.73,28.99
5419,Historical,183593,0,0,D,6,1,375724,359.95,2008,42,86.93,81.94
5420,Historical,109309,0,0,D,6,1,335306,83.07,2005,21,89.94,74.46
5421,Historical,166866,0,0,D,3,1,47014,195.85,2005,44,84.99,124.61
5422,Historical,146678,0,0,D,8,1,724411,172.67,2011,21,118.61,602.99
5423,Historical,51455,0,0,D,5,1,10692,196,2011,331,128.99,31.94
5424,Historical,50114,0,0,D,8,1,15923,265,2011,75,125.63,53.99
5425,Historical,538481,1,3,D,8,1,78237,193.5,2011,132,125.63,47.99
5426,Historical,111704,1,2,D,6,1,36645,83.18,2012,65,141.57,97.62
5427,Historical,561591,0,0,D,8,1,517743,229.2,2012,25,118.61,602.99
5428,Historical,53980,0,0,D,11,1,14888,155.2,2009,372,69.54,22.24
5429,Historical,145927,0,0,D,4,1,1304026,165.2,2009,17,27.06,39.97
5430,Historical,660729,0,0,D,3,1,1090795,209.33,2013,14,74.76,602.99
5431,Historical,607834,0,0,D,10,1,369666,122,2001,48,172.15,21.03
5432,Historical,876084,0,0,D,10,1,127628,74.22,2011,38,58.24,32.27
5433,Historical,146567,0,0,D,8,1,22420,173.2,2012,89,135.94,102.31
5434,Historical,548315,0,0,D,1,0,159493,112.8,2005,77,0,18.38
5435,Historical,113457,0,0,D,2,1,113378,112,1997,39,56.94,43.98
5436,Historical,530878,1,1,D,12,1,30998,130.8,2011,35,97.24,97.95
5437,Historical,200589,0,0,D,9,1,1048875,111.95,2010,66,274.51,18.99
5438,Historical,54082,0,0,D,9,1,263274,116.95,2006,109,274.51,22.87
5439,Historical,200317,1,2,D,9,1,894249,47.95,2006,53,274.51,15.49
5440,Historical,649966,0,0,D,10,1,113733,75.95,2011,31,0,0
5441,Historical,610004,1,2,D,9,1,41561,129.33,2011,60,84.72,46.49
5442,Historical,190779,0,0,D,2,1,161128,85.95,2000,27,72.94,95.43
5443,Historical,256511,0,0,D,1,0,738091,49.95,2002,23,0,46.45
5444,Historical,537593,1,3,D,6,1,6962,226.5,2012,68,103.99,108.97
5445,Historical,621988,1,1,D,8,1,553011,30.48,2008,40,39,29.92
5446,Historical,875571,0,0,D,0,0,1804893,71.07,1998,34,8.97,33.15
5447,Historical,56628,0,0,D,1,0,439094,44.99,1998,140,26.55,26.09
5448,Historical,2569601,0,0,D,2,1,1739795,205,1995,22,101.03,43.98
5449,Historical,157962,1,1,D,2,1,177749,54.5,2002,58,33.99,66.86
5450,Historical,243961,0,0,D,7,1,355966,76.95,2011,41,65.99,53.79
5451,Historical,295021,0,0,D,0,0,2981768,45.95,2000,33,57.99,23.94
5452,Historical,704649,0,0,D,7,1,134184,0,2006,27,115.99,113.19
5453,Historical,120035,1,1,D,1,0,524600,126.93,2009,40,93.87,23.94
5454,Historical,51937,1,1,D,8,1,584855,94,2000,44,94.45,13.75
5455,Historical,129460,1,2,D,11,1,74278,120,2011,60,94.45,86.37
5456,Historical,872199,0,0,D,6,1,112707,38.98,2005,22,102.15,151.11
5457,Historical,119119,0,0,D,15,1,179051,202.6,2011,47,103.79,182.56
5458,Historical,162504,1,1,D,9,1,314073,562.39,2008,55,163.98,73.63
5459,Historical,545330,0,0,D,4,1,129951,138.95,2010,54,117.19,68.3
5460,Historical,546414,0,0,D,0,0,1155663,75,2012,52,90.19,20.4
5461,Historical,163643,1,1,D,2,1,557659,254.25,1995,66,127.98,43.89
5462,Historical,530800,0,0,D,7,1,85987,241.75,2012,43,197.87,115.53
5463,Historical,530797,1,6,D,13,1,5759,223,2012,111,144.17,100.81
5464,Historical,530795,1,6,D,13,1,6920,223,2012,177,144.61,47
5465,Historical,530796,1,1,D,13,1,29898,285.8,2012,71,219.97,113.39
5466,Historical,55005,1,1,D,10,1,346680,153,2003,43,219.97,79.25
5467,Historical,537895,0,0,D,2,1,693385,74,2000,28,58.09,33.21
5468,Historical,144164,1,1,D,3,1,370055,193.8,1999,28,87.59,65.75
5469,Historical,533952,0,0,D,4,1,597388,66.91,2006,46,93.9,53.98
5470,Historical,286539,1,1,D,1,0,202005,70,1997,22,66.1,33.93
5471,Historical,607014,0,0,D,9,1,79083,45.59,2007,50,16.99,27.92
5472,Historical,622220,1,4,D,1,0,15676,134.95,2013,87,0,19.49
5473,Historical,747071,0,0,D,1,0,847414,32.23,2008,48,50.94,32.23
5474,Historical,153812,1,4,D,11,1,109510,41.99,2010,76,91.23,42.75
5475,Historical,116934,0,0,D,5,1,748221,127.4,2005,23,41.14,39.99
5476,Historical,868078,0,0,D,1,0,3928363,63,1995,16,116.63,57.45
5477,Historical,698649,0,0,D,3,1,2188895,43.99,2010,14,129.98,80.98
5478,Historical,53060,0,0,D,1,0,363445,8.89,2005,40,129.98,8.88
5479,Historical,143353,0,0,D,1,0,360998,70.95,1997,34,82.99,23.99
5480,Historical,877099,1,2,D,6,1,1287593,184.95,2003,50,84.52,23.99
5481,Historical,119123,0,0,D,4,1,9482,227.8,2011,83,197.58,69.98
5482,Historical,530747,0,0,D,8,1,320153,173.75,2011,62,105.05,70.27
5483,Historical,163482,0,0,D,8,1,28754,211.25,2012,105,105.05,45.68
5484,Historical,146474,1,3,D,4,1,57372,160.8,2010,128,94.8,9.99
5485,Historical,51202,0,0,D,4,1,916725,171.53,2010,22,94.8,32.2
5486,Historical,1435115,1,1,D,6,1,3030044,43,2012,19,80.72,38.54
5487,Historical,537687,0,0,D,6,1,26067,212.5,2012,73,80.72,78.28
5488,Historical,2570043,0,0,D,4,1,1768471,250,1992,32,21.45,72.99
5489,Historical,259656,1,1,D,2,1,453586,132.95,2003,37,73.94,126.95
5490,Historical,227531,1,6,D,19,1,1378008,99,2007,25,66.88,41.33
5491,Historical,533516,0,0,D,14,1,26822,210.95,2012,76,132.25,68.93
5492,Historical,540678,1,1,D,12,1,7620,193.4,2013,131,77.77,33.98
5493,Historical,612870,1,2,D,0,0,928126,83,2006,148,33.16,11.43
5494,Historical,178732,1,1,D,1,0,1315901,193,2010,32,93.78,27.99
5495,Historical,295533,0,0,D,3,1,237455,73.87,2009,44,84.11,80
5496,Historical,53692,0,0,D,6,1,367452,172.27,2011,33,73.65,138.99
5497,Historical,131896,0,0,D,2,1,1126716,85.8,2005,57,72.79,17.67
5498,Historical,530691,0,0,D,6,1,46308,247.4,2012,76,77.83,38.99
5499,Historical,716037,1,1,D,6,1,507081,146.27,2012,22,77.83,58.55
5500,Historical,169947,0,0,D,2,1,892518,130.95,2009,22,91.15,113.84
5501,Historical,742290,0,0,D,2,1,2092303,43.99,2009,25,153.77,43.99
5502,Historical,287575,0,0,D,3,1,4016157,90.4,2006,16,115.19,11.99
5503,Historical,54200,0,0,D,8,1,1008031,184.95,2003,84,79.99,10.99
5504,Historical,533636,0,0,D,6,1,273041,233.95,2012,174,154.6,38.98
5505,Historical,120730,0,0,D,10,1,584240,86.67,2009,27,43.19,108.1
5506,Historical,53424,0,0,D,10,1,106510,139.2,2011,81,20.82,49.75
5507,Historical,435065,0,0,D,6,1,38807,189.8,2012,133,58.28,63.98
5508,Historical,212506,0,0,D,4,1,109522,139.87,2006,73,58.28,38.98
5509,Historical,538762,1,2,D,9,1,18787,196,2012,79,86.19,82.48
5510,Historical,582738,0,0,D,2,1,3490470,49,1996,30,28.99,24.75
5511,Historical,876031,0,0,D,10,1,2224863,62.71,2010,53,94.21,43.1
5512,Historical,561360,0,0,D,10,1,835573,172.67,2010,38,94.21,602.99
5513,Historical,563623,1,1,D,4,1,16452,67.91,2012,79,56.4,23.99
5514,Historical,254478,0,0,D,3,1,72796,215.95,2010,62,62.5,21.98
5515,Historical,698661,1,1,D,7,1,887218,77.36,2010,25,97.69,60.47
5516,Historical,663587,1,2,D,9,1,5119,176.95,2014,76,83.3,72.99
5517,Historical,706292,0,0,D,2,1,3804411,0,2009,15,64.23,602.99
5518,Historical,252616,0,0,D,2,1,34263,53.99,2010,93,77.87,45.89
5519,Historical,632010,1,2,D,9,1,8328,276.25,2013,79,88.99,54.47
5520,Historical,2259617,1,1,D,8,1,230515,56.23,2011,49,0,48.78
5521,Historical,191956,1,2,D,0,0,300507,80.2,2007,57,77.87,43.81
5522,Historical,115603,1,1,D,0,0,1743587,100.4,2005,63,49.12,13.42
5523,Historical,116316,0,0,D,3,1,69107,146.6,2011,38,49.12,51.99
5524,Historical,539256,0,0,D,7,1,14456,238.8,2013,75,173.97,63.89
5525,Historical,200301,0,0,D,1,0,84934,97.95,2006,39,54.01,53.99
5526,Historical,540663,0,0,D,8,1,25065,154.2,2012,91,115.86,63.96
5527,Historical,366514,0,0,D,1,0,104515,126.95,2007,91,30.19,21.65
5528,Historical,874623,0,0,D,0,0,3650299,104.95,2006,24,53.99,68.45
5529,Historical,200336,0,0,D,1,0,710317,128.95,2007,39,53.99,63.68
5530,Historical,54743,0,0,D,2,1,580735,137.95,2006,56,53.99,15.1
5531,Historical,50322,0,0,D,10,1,21931,177,2011,127,93.99,72.99
5532,Historical,609848,0,0,D,8,1,14665,143.6,2013,77,61.35,70.45
5533,Historical,537582,1,2,D,9,1,730,322.25,2012,131,342.3,111.85
5534,Historical,111909,1,2,D,13,1,7961,66.56,2011,128,97.74,29.98
5535,Historical,51592,0,0,D,6,1,459009,226.95,2008,61,49.86,44.37
5536,Historical,169719,0,0,D,2,1,1436197,307.95,2009,16,67.98,44.78
5537,Historical,203716,0,0,D,1,0,2250784,74.95,2006,51,32.44,8.69
5538,Historical,294193,0,0,D,2,1,591987,105.99,2008,130,32.44,15.99
5539,Historical,169307,0,0,D,1,0,567725,147.95,2005,27,55.39,55.91
5540,Historical,53912,1,5,D,6,1,44848,210.95,2011,69,107.99,52.46
5541,Historical,51138,0,0,D,8,1,876701,252.4,2008,78,101.51,42.69
5542,Historical,234270,0,0,D,3,1,576197,140,2005,69,120.82,73.35
5543,Historical,56087,1,1,D,5,1,16729,189,2010,81,109.34,68.99
5544,Historical,540684,1,1,D,11,1,7277,202.4,2013,75,82.93,103.15
5545,Historical,742611,0,0,D,10,1,2972260,38.9,2010,18,82.93,29.99
5546,Historical,871445,0,0,D,11,1,2629275,0,2012,21,98.49,32.91
5547,Historical,52336,0,0,D,11,1,95278,161.8,2011,55,98.49,81.22
5548,Historical,609849,1,1,D,12,1,12268,185.2,2013,81,98.49,73.98
5549,Historical,200435,0,0,D,4,1,1102357,179.95,2008,31,81.26,97.72
5550,Historical,50005,0,0,D,7,1,247778,128.95,2008,81,72.93,21.74
5551,Historical,50006,1,1,D,8,1,172238,194.95,2010,93,72.93,34.88
5552,Historical,50004,0,0,D,6,1,1833246,121.95,2005,70,72.93,5.36
5553,Historical,55470,0,0,D,2,1,1512877,49.95,2005,61,17.46,6.95
5554,Historical,248731,0,0,D,1,0,613479,59.95,2008,195,42.24,11.02
5555,Historical,794898,1,3,D,4,1,107133,129.99,2010,20,96.98,56.65
5556,Historical,51378,0,0,D,5,1,112077,200.95,2010,71,83.99,68.89
5557,Historical,51375,0,0,D,5,1,417476,185.95,2010,34,83.99,67.77
5558,Historical,51471,1,3,D,8,1,51360,114.6,2008,423,93.26,14.95
5559,Historical,51474,0,0,D,9,1,24717,139.33,2010,256,93.26,28.93
5560,Historical,55265,0,0,D,6,1,2949739,105.95,2004,57,55.01,13.24
5561,Historical,244087,0,0,D,6,1,55677,277.95,2011,102,160.24,63.99
5562,Historical,50128,0,0,D,6,1,107803,303.95,2010,62,160.24,168.98
5563,Historical,53040,1,1,D,7,1,34967,290.95,2010,181,113.98,43.99
5564,Historical,55261,1,1,D,1,0,1074952,11.71,2008,35,83.76,11.68
5565,Historical,52818,0,0,D,2,1,187637,75,2000,141,58.11,56.23
5566,Historical,52819,0,0,D,3,1,4458,98,2008,185,58.11,28.48
5567,Historical,538544,1,2,D,4,1,11324,216,2012,126,53.04,43.98
5568,Historical,861344,0,0,D,3,1,21871,111.95,2013,61,67.38,63.99
5569,Historical,114795,0,0,D,6,1,163334,136.6,2002,47,142.03,52.55
5570,Historical,2266543,0,0,D,0,0,1063693,45.07,2010,14,44.04,44.92
5571,Historical,676341,0,0,D,0,0,17258,34.99,2012,47,49.7,22.99
5573,Historical,764822,1,1,D,3,1,413525,87.95,1997,26,127.87,43.98
5574,Historical,51679,1,1,D,7,1,77710,203.95,2011,107,90.83,58.22
5575,Historical,56234,1,1,D,4,1,2919807,90,2003,29,61.21,8.99
5576,Historical,56233,0,0,D,5,1,328806,7.98,2006,76,61.21,6.1
5577,Historical,193735,0,0,D,6,1,167602,113.95,2011,46,61.15,68.53
5578,Historical,52350,0,0,D,6,1,350486,96,2008,81,53.5,21.95
5579,Historical,52349,0,0,D,5,1,1779364,81.8,2006,62,53.5,9.96
5580,Historical,118278,0,0,D,4,1,527631,100,2010,70,73.94,15.14
5581,Historical,530603,0,0,D,5,1,42504,113.2,2012,63,73.94,31.84
5582,Historical,145841,0,0,D,3,1,1237610,93,2008,52,73.94,5.48
5583,Historical,1473743,0,0,D,4,1,2293858,95,2010,18,64.44,54.88
5584,Historical,607690,0,0,D,4,1,1059624,98.4,2001,38,126.11,20.49
5585,Historical,1855481,0,0,D,12,1,21159,44.99,2014,28,29.54,30.56
5586,Historical,546005,1,6,D,6,1,3135,60.5,2012,120,27.76,25.77
5587,Historical,537836,1,2,D,6,1,6142,93.75,2012,131,52.94,33.94
5589,Historical,621923,0,0,D,1,0,222743,125,2012,81,27.28,29.52
5590,Historical,231562,0,0,D,2,1,155030,79.27,2009,15,78.48,33.49
5591,Historical,249189,1,1,D,2,1,56479,41.95,2008,111,29.99,23.93
5592,Historical,249879,1,3,D,0,0,360502,41.95,2007,53,40.73,17.47
5593,Historical,257993,0,0,D,0,0,517721,41.95,2002,61,40.73,8.99
5594,Historical,775972,0,0,D,2,1,1695385,42.95,2005,31,26.99,25.85
5595,Historical,574757,0,0,D,3,1,865844,44.95,2009,68,26.99,14.98
5596,Historical,613768,0,0,D,5,1,423897,45.95,2009,61,18.99,22.83
5597,Historical,545886,0,0,D,7,1,65344,49.95,2012,51,48.99,35.99
5598,Historical,206815,0,0,D,1,0,470020,39.99,2010,43,24.94,20.99
5599,Historical,637658,0,0,D,10,1,706815,120.6,2012,26,78.99,23.99
5600,Historical,611509,0,0,D,11,1,4416,189.4,2014,75,78.99,78.87
5601,Historical,121195,0,0,D,12,1,9912,177.8,2011,79,83.02,48.99
5602,Historical,50414,1,1,D,10,1,982647,93,2005,123,83.02,10.78
5603,Historical,286318,1,2,D,7,1,7635,195.8,2012,55,88.75,148.91
5604,Historical,120815,0,0,D,6,1,238703,161.67,2009,24,88.75,88.9
5605,Historical,53795,1,2,D,6,1,1025677,113.33,2006,82,91.42,8.98
5606,Historical,117790,0,0,D,5,1,242817,106,2007,48,82.96,45.99
5607,Historical,111893,0,0,D,8,1,6896,55,2011,121,142.33,53.9
5608,Historical,60367,0,0,D,6,1,2826247,64.4,2006,15,83.63,7.76
5609,Historical,217749,0,0,D,1,0,1075825,64.99,2003,30,33.99,65.25
5610,Historical,880586,0,0,D,0,0,3087718,8.25,2009,14,43.98,50.27
5611,Historical,58474,1,2,D,1,0,53784,39.99,2009,177,43.98,28.49
5612,Historical,629317,0,0,D,1,0,1177523,44,1995,26,62.78,27.99
5613,Historical,617170,0,0,D,1,0,110833,70.45,2006,42,23.53,37.99
5614,Historical,921382,1,1,D,5,1,149128,226.4,2014,46,145.29,63.99
5615,Historical,55256,1,7,D,1,0,1149936,9.91,2006,115,56.49,13.93
5616,Historical,54276,0,0,D,5,1,11299,103.78,2009,85,58.99,63.17
5617,Historical,871974,0,0,D,7,1,1555231,76.68,2006,13,84.86,54.99
5618,Historical,802192,1,1,D,1,0,354027,107.95,2011,38,115.05,56.24
5619,Historical,538507,0,0,D,7,1,9901,242.5,2013,66,87.58,64.96
5620,Historical,835194,0,0,D,4,1,856054,177.95,2000,43,16.13,42.26
5621,Historical,52282,1,1,D,4,1,12939,210.95,2011,105,134.47,97.04
5622,Historical,530482,1,1,D,3,1,23378,182.6,2012,60,87.05,62.57
5623,Historical,879833,0,0,D,4,1,1127467,37.68,2009,24,142.99,50.81
5624,Historical,366543,0,0,D,1,0,583902,160.95,2009,55,63.19,12.55
5625,Historical,200231,1,1,D,1,0,1694705,212.95,2007,37,63.19,40.49
5626,Historical,129424,1,1,D,2,1,104315,49.95,2010,113,26.98,9.35
5627,Historical,127384,0,0,D,1,0,1548192,49.95,2008,70,26.98,9.98
5628,Historical,417292,0,0,D,3,1,370855,224.5,2012,67,113.48,35.33
5629,Historical,57058,1,1,D,11,1,2319668,73.6,2006,83,89.82,9.98
5630,Historical,880075,0,0,D,2,1,1490806,61.51,2010,56,102.84,52.61
5631,Historical,60376,1,1,D,1,0,1741378,9.98,2006,53,73.43,9.98
5632,Historical,53906,0,0,D,9,1,701279,287.95,2006,38,216.38,25.45
5633,Historical,120206,0,0,D,1,0,39425,150,2010,147,0,12.57
5634,Historical,1956566,1,2,D,9,1,7784,175,2014,107,93.9,80.36
5635,Historical,610365,1,4,D,9,1,9510,175,2012,158,93.9,68
5636,Historical,616724,1,1,D,9,1,14047,103.99,2012,67,46.47,73.99
5637,Historical,53825,1,6,D,7,1,546791,36.74,2007,203,46.47,15.99
5638,Historical,50044,1,16,D,7,1,476055,37.71,2007,214,93.9,38.99
5639,Historical,120573,1,2,D,7,1,336293,120.33,2008,51,82.58,81.11
5640,Historical,205391,0,0,D,1,0,291118,0,1997,32,55.88,70.52
5641,Historical,560924,0,0,D,1,0,2680717,91.8,2007,33,22.49,10.47
5642,Historical,873181,0,0,D,2,1,2053951,120,2008,15,22.49,120
5643,Historical,60378,0,0,D,4,1,926543,96.67,2007,41,66.59,4.13
5644,Historical,877946,0,0,D,3,1,3467965,94.95,2007,17,96.73,29.66
5645,Historical,852054,1,1,D,1,0,2254369,66.56,2000,27,5.43,14.15
5647,Historical,710271,0,0,D,3,1,957323,93.35,2001,44,83.66,8.99
5648,Historical,615415,0,0,D,5,1,491988,74,2007,42,66.86,17.98
5649,Historical,614853,1,1,D,6,1,136075,87.2,2010,53,66.86,48.61
5650,Historical,110800,0,0,D,7,1,51418,94.9,2011,44,193.84,124.31
5651,Historical,107476,0,0,D,5,1,536717,77.99,2003,22,193.84,62.14
5652,Historical,162486,1,1,D,3,1,428831,21.95,2008,98,15.08,10.91
5653,Historical,623379,0,0,D,0,0,1698839,104.5,2012,23,0,104.5
5654,Historical,613590,0,0,D,0,0,806014,72.5,2013,99,14.79,28.55
5655,Historical,625627,0,0,D,0,0,931204,52,2013,58,14.99,12.99
5656,Historical,615976,1,7,D,0,0,1640285,61.95,2002,56,53.97,13.99
5657,Historical,620090,0,0,D,2,1,601039,72.95,2009,36,53.97,72.35
5658,Historical,2362293,0,0,D,2,1,3382611,93,1993,20,88.83,64.69
5659,Historical,607916,0,0,D,4,1,2485579,33.33,2004,49,48.98,7.94
5660,Historical,119021,0,0,D,4,1,51501,50,2011,33,41.97,72.43
5661,Historical,107659,0,0,D,7,1,90172,87.19,2003,128,73.99,16.66
5662,Historical,877256,0,0,D,2,1,1136237,26.72,2008,50,80.74,26.35
5663,Historical,607586,0,0,D,6,1,589839,74.95,2004,89,53.99,49.64
5664,Historical,111712,0,0,D,2,1,593539,314.25,2011,16,83.99,267.85
5665,Historical,635853,1,1,D,1,0,501992,392.75,2012,23,102.99,22.19
5666,Historical,163465,1,1,D,8,1,140144,33,2012,131,76.48,28.48
5667,Historical,878488,1,1,D,0,0,4295453,0,2013,28,83.78,88.15
5668,Historical,51723,0,0,D,1,0,1801872,186.67,2006,72,18.17,13.24
5669,Historical,626615,1,2,D,3,1,7926,369.5,2013,97,102.99,79.66
5670,Historical,861363,0,0,D,13,1,212273,191.95,2013,14,181.91,78.33
5671,Historical,627865,1,2,D,4,1,97277,192.13,2012,28,135.63,231.95
5672,Historical,862048,1,1,D,7,1,15325,358,2014,91,103.98,58.99
5673,Historical,254085,1,1,D,5,1,1050046,141.95,2009,37,52.98,26.75
5674,Historical,652459,0,0,D,5,1,243792,483,2012,42,162.87,157.62
5675,Historical,112042,0,0,D,16,1,39902,31.94,2011,136,122.84,53.92
5676,Historical,50833,0,0,D,9,1,93126,443.95,2010,106,163.94,43.99
5677,Historical,54518,0,0,D,9,1,1215734,335.95,2006,110,184.53,13.88
5678,Historical,535145,1,3,D,12,1,24412,357.95,2013,84,184.53,105.12
5679,Historical,420431,0,0,D,0,0,455888,140.8,1999,35,119.97,46.23
5680,Historical,533799,0,0,D,6,1,2601569,212.75,2007,27,132.94,39.99
5681,Historical,329730,0,0,D,1,0,597970,113.33,2009,46,85.94,13.98
5682,Historical,530377,0,0,D,2,1,44957,141.6,2012,85,85.94,18.99
5683,Historical,50335,1,1,D,11,1,477771,226.95,2004,130,103.92,13.97
5684,Historical,178712,0,0,D,10,1,62236,339.95,2011,62,168.98,43.98
5685,Historical,111921,0,0,D,5,1,11352,390.75,2011,150,127.47,62.14
5686,Historical,607799,1,1,D,2,1,160332,80,2000,58,68.96,22.47
5687,Historical,110141,0,0,D,10,1,197683,151.32,2008,51,111.97,63.37
5688,Historical,145599,0,0,D,8,1,1470650,196.67,2008,20,53.79,53.99
5689,Historical,146607,0,0,D,10,1,239964,187.33,2010,27,58.32,53.98
5690,Historical,118519,0,0,D,11,1,394967,153.33,2007,118,103.98,13.99
5691,Historical,254485,0,0,D,2,1,227126,92.95,2010,75,75.38,103.94
5692,Historical,907110,1,4,D,1,0,1504667,55,2004,15,103.52,49.2
5693,Historical,701358,0,0,D,1,0,1348765,84,2009,22,53.58,72.83
5694,Historical,286440,0,0,D,8,1,95773,170.67,2009,57,123.99,73.91
5695,Historical,54329,0,0,D,3,1,12071,29.95,2004,367,11.85,12.37
5696,Historical,901666,0,0,D,0,0,5879921,46.95,2004,15,56.94,57.35
5697,Historical,905017,0,0,D,0,0,7641288,46.95,2004,16,56.94,41.81
5698,Historical,1450108,1,1,D,8,1,1328502,63.33,2008,25,39.49,19.13
5699,Historical,533359,0,0,D,10,1,35293,100.95,2012,110,67.49,16.94
5700,Historical,56467,1,1,D,9,1,774546,110.95,2010,124,67.49,10.13
5701,Historical,56465,1,1,D,8,1,1457422,71.95,2008,84,67.49,5.54
5702,Historical,613184,1,1,D,5,1,784977,79,2007,117,49.08,14.19
5703,Historical,2859361,1,3,D,0,0,510432,101.5,1992,27,0,42.97
5704,Historical,537987,0,0,D,2,1,34250,55,1999,237,32.98,7.96
5705,Historical,698588,1,1,D,5,1,3755053,94.2,2003,13,199.97,77.55
5706,Historical,162969,0,0,D,8,1,134141,169.42,2011,64,183.98,159.11
5707,Historical,129735,0,0,D,2,1,225574,41.67,2000,59,33.99,17.78
5708,Historical,129704,1,2,D,2,1,694278,41.66,1999,50,29.28,20.91
5709,Historical,876161,0,0,D,3,1,326896,31.93,2006,65,38.99,15.98
5710,Historical,117856,0,0,D,3,1,354609,52,2005,73,38.99,36.99
5711,Historical,117857,0,0,D,3,1,130611,68.53,2005,71,38.99,12.98
5712,Historical,875648,0,0,D,4,1,4118788,14.96,2007,43,46.08,14.96
5713,Historical,204121,0,0,D,5,1,91308,91.95,2009,269,46.08,13.29
5714,Historical,609179,0,0,D,3,1,3587647,66.95,2005,48,46.08,6.27
5715,Historical,204131,0,0,D,4,1,1267237,79.95,2007,81,46.08,12.41
5716,Historical,537579,1,7,D,4,1,10030,214.25,2015,82,17.98,27.34
5717,Historical,533909,0,0,D,6,1,81108,113.33,2007,47,67.14,33.99
5718,Historical,912606,0,0,D,0,0,1406438,44.95,2008,26,33.84,62.85
5719,Historical,114704,1,1,D,2,1,845769,70.6,2006,30,46.47,73.77
5720,Historical,583229,0,0,D,1,0,2022284,85.95,2006,28,57.96,14.68
5721,Historical,887587,0,0,D,5,1,1704174,0,1989,13,303.99,0
5722,Historical,54863,0,0,D,4,1,224976,30.67,2001,90,35.91,33.49
5723,Historical,54864,0,0,D,5,1,55886,43.8,2004,126,35.91,20.05
5724,Historical,553688,0,0,D,2,1,150736,226.4,2000,39,204.51,113.87
5725,Historical,116335,1,1,D,2,1,1509491,99.33,2010,27,75.99,73.99
5726,Historical,2333528,0,0,D,1,0,2785336,90.57,1966,28,77.79,67.29
5727,Historical,202411,1,1,D,6,1,1026652,288.95,2003,112,126.47,13.94
5728,Historical,110051,1,1,D,7,1,229036,237.5,2008,59,123.22,28.99
5729,Historical,116340,0,0,D,15,1,1027046,181.13,2010,28,119.16,62.19
5730,Historical,56533,1,1,D,5,1,1685453,89.33,2006,74,58.99,9.45
5731,Historical,131768,0,0,D,13,1,1558639,95.8,2004,79,119.16,9.97
5732,Historical,56535,1,1,D,6,1,385916,116.2,2009,100,58.99,8.99
5733,Historical,294189,0,0,D,4,1,101544,114.99,2008,57,49.89,22.69
5734,Historical,53929,1,1,D,6,1,1493765,139.93,2004,65,113.19,10.99
5735,Historical,50095,0,0,D,13,1,167519,203.5,2010,61,48.8,27.62
5736,Historical,540679,1,3,D,7,1,17336,179.2,2013,62,74.98,82.97
5737,Historical,715950,0,0,D,6,1,2813935,208.67,2012,20,108.06,4.99
5738,Historical,609092,0,0,D,3,1,3683066,278.95,1998,20,45.6,15.96
5739,Historical,120840,0,0,D,7,1,52056,223,2010,72,118.49,38.51
5740,Historical,609850,0,0,D,8,1,17932,245,2013,95,118.49,89.8
5741,Historical,50104,1,2,D,13,1,443489,51.92,2008,86,144.83,12.25
5742,Historical,858615,1,2,D,2,1,1307857,99,1997,37,79.98,29
5743,Historical,255356,0,0,D,2,1,795529,65,2004,113,33.99,12.02
5744,Historical,553244,1,1,D,6,1,900947,252.13,2012,81,78.99,111.36
5745,Historical,109382,1,1,D,4,1,1120144,0,2005,16,208.7,57
5746,Historical,530198,0,0,D,6,1,27338,244.8,2012,86,59.68,58.58
5747,Historical,877245,0,0,D,5,1,4468630,78.95,2010,48,59.68,26.29
5748,Historical,911113,0,0,D,0,0,2556504,40,1984,26,53.44,22.46
5749,Historical,109182,0,0,D,8,1,255436,98.62,2008,54,123.75,89.25
5750,Historical,60403,0,0,D,2,1,2541798,138.95,2005,34,113.86,4.36
5751,Historical,431091,0,0,D,11,1,3542233,110,2008,15,40.45,40.04
5752,Historical,184793,0,0,D,2,1,856206,55,2001,32,44.9,33.49
5753,Historical,878911,0,0,D,2,1,1548054,88.2,2011,45,84.12,58.26
5754,Historical,710201,0,0,D,1,0,2247677,47.7,2001,23,61.52,20.49
5755,Historical,57565,0,0,D,4,1,82579,275,2010,64,115.99,121.05
5756,Historical,541849,1,1,D,4,1,1790528,108,2011,26,115.99,12.91
5757,Historical,538789,1,2,D,21,1,8702,50,2012,178,185.99,62.99
5758,Historical,110013,0,0,D,19,1,1321674,0,2009,39,14.96,68.71
5759,Historical,533806,0,0,D,8,1,35774,369.5,2012,147,165.76,20.98
5760,Historical,54026,0,0,D,6,1,70602,59.04,2010,99,118.99,17.99
5761,Historical,294182,1,1,D,9,1,1074036,72.95,2008,120,21.46,18.99
5762,Historical,545197,1,5,D,7,1,3501,199.29,2013,88,89.76,99.81
5763,Historical,527839,0,0,D,5,1,48428,38.99,2012,78,118.99,48.99
5764,Historical,101106,0,0,D,7,1,1600634,144.95,1995,52,104.98,26.89
5765,Historical,146453,1,1,D,9,1,5712,279,2011,374,147.46,54
5766,Historical,50737,1,1,D,9,1,76530,292.33,2011,50,147.46,73.98
5767,Historical,742821,0,0,D,8,1,1632072,58.31,2010,31,147.46,48.39
5768,Historical,50760,1,1,D,3,1,127354,222.31,2008,58,156.99,42.99
5769,Historical,50762,1,2,D,0,0,586017,21.2,2001,76,156.99,16.17
5770,Historical,50761,0,0,D,2,1,579419,23.99,2005,84,156.99,42.97
5771,Historical,50747,1,2,D,5,1,959124,134.95,1999,49,197.99,9.43
5772,Historical,50700,1,3,D,5,1,78764,125,2008,65,79.92,83.99
5773,Historical,244077,0,0,D,9,1,47319,157.95,2012,86,150.45,56.9
5774,Historical,111919,1,1,D,10,1,2706,332.5,2012,287,40.87,58.99
5775,Historical,50717,1,1,D,6,1,288803,35.97,2008,64,148.28,48.98
5776,Historical,60591,1,2,D,6,1,838505,116,2005,15,53.98,32.99
5777,Historical,56059,0,0,D,5,1,889523,141.33,2008,23,55.99,32.99
5778,Historical,56053,0,0,D,7,1,495784,162,2010,42,92.6,79.29
5779,Historical,874219,1,3,D,2,1,506312,0,2007,23,156.49,58.99
5780,Historical,539319,0,0,D,7,1,38448,142,2013,76,72.24,73.81
5781,Historical,110178,1,1,D,5,1,13197,318.5,2012,70,102.98,112.92
5782,Historical,109733,1,1,D,3,1,540665,57.01,2005,27,102.98,25.98
5783,Historical,111049,0,0,D,4,1,122849,93.19,2008,55,102.98,59.23
5784,Historical,61257,1,1,D,14,1,2014821,146,2006,42,83.98,28.74
5785,Historical,271104,0,0,D,16,1,614992,195,2011,105,83.98,61.15
5786,Historical,537642,1,1,D,4,1,64023,277.25,2012,32,143.03,83.99
5787,Historical,550557,0,0,D,3,1,236247,33.97,2011,76,143.03,78.79
5788,Historical,53223,1,1,D,7,1,5674,250.95,2011,178,133.19,45.66
5789,Historical,633689,1,1,D,8,1,2178,260.95,2014,109,133.19,145.99
5790,Historical,296378,1,1,D,3,1,616677,58,1997,46,102.98,18.99
5791,Historical,566758,0,0,D,5,1,260021,341.97,2005,46,212.85,98.34
5792,Historical,162516,1,1,D,6,1,105258,146.71,2009,65,212.85,43.98
5793,Historical,539396,0,0,D,8,1,27949,272,2013,59,112.97,103.97
5794,Historical,540617,1,4,D,7,1,4943,271.2,2012,110,73.06,62.99
5795,Historical,50703,0,0,D,4,1,255135,127.8,2002,96,73.06,18.57
5796,Historical,223027,1,1,D,2,1,509842,207.95,1997,27,94.49,126.83
5797,Historical,904189,0,0,D,2,1,1221710,67.95,2007,22,49.94,29.59
5798,Historical,177227,1,1,D,2,1,1598917,245.95,2004,26,113.94,28.98
5799,Historical,165737,0,0,D,6,1,90082,256.34,2006,87,103.99,103.99
5800,Historical,538878,1,1,D,5,1,4618,257,2013,109,118.99,40.77
5801,Historical,50362,0,0,D,10,1,469668,60.76,2009,64,103.98,50.76
5802,Historical,119126,0,0,D,2,1,246411,216.2,2011,43,147.17,74.65
5803,Historical,50364,0,0,D,9,1,850675,26.26,2006,83,103.98,18.18
5804,Historical,552861,1,5,D,1,0,222880,189.6,2009,60,94.44,48.65
5805,Historical,200623,1,3,D,1,0,179723,107.95,2010,79,69.75,27.98
5806,Historical,50775,1,1,D,11,1,81938,260,2010,55,113.75,106.73
5807,Historical,539450,1,1,D,12,1,14539,285.6,2013,51,113.75,102.99
5808,Historical,308866,0,0,D,8,1,2790328,178.13,2004,16,127.01,18.98
5809,Historical,111556,1,2,D,6,1,63718,169.32,2011,69,140.49,118.51
5810,Historical,530102,1,1,D,6,1,58272,269.1,2011,54,36.74,69.91
5811,Historical,162082,0,0,D,3,1,320996,69.63,2007,61,111.99,101.99
5812,Historical,165874,1,1,D,1,0,506840,38.09,2008,60,221.65,76.97
5813,Historical,167048,0,0,D,3,1,682093,111.01,2006,40,137.41,55.77
5814,Historical,165225,1,1,D,4,1,858938,33.48,2000,35,153.44,75.57
5815,Historical,877235,0,0,D,6,1,7924518,0,2006,18,48.97,91.97
5816,Historical,50076,1,1,D,9,1,91463,152.25,2010,69,176.49,194.54
5817,Historical,164921,1,1,D,6,1,617968,0,2000,76,176.49,57.55
5818,Historical,54265,0,0,D,9,1,103209,178.49,2010,78,168.57,154.53
5819,Historical,54066,0,0,D,8,1,1427463,8.99,2006,70,4.13,12.99
5820,Historical,207736,0,0,D,8,1,1097619,55.19,2001,62,45.81,4.36
5821,Historical,891077,1,1,D,0,0,15599056,0,1986,13,77.18,151.4
5822,Historical,146595,0,0,D,3,1,1089245,147.33,2010,27,44.44,3544.34
5823,Historical,515232,0,0,D,2,1,1678344,132,2006,34,44.44,63.12
5824,Historical,108901,1,1,D,2,1,681625,77.97,2004,31,153.99,69.47
5825,Historical,154297,0,0,D,1,0,1318858,91.75,1999,36,101.98,14.98
5826,Historical,450432,1,2,D,13,1,69351,319.95,2008,64,148.97,78.59
5827,Historical,297884,1,3,D,14,1,5969,181.95,2012,113,102.98,48.65
5828,Historical,55747,1,2,D,12,1,367140,267.95,2004,171,120.99,37.61
5829,Historical,533396,1,3,D,14,1,103964,190.95,2012,60,120.99,77.03
5830,Historical,897016,0,0,D,13,1,1603604,0,2011,39,92.99,12.45
5831,Historical,544548,1,3,D,14,1,12385,168.95,2013,82,99.98,112.98
5832,Historical,169890,1,1,D,13,1,143620,248.95,2009,61,63.87,77.21
5833,Historical,614739,1,1,D,2,1,576780,154.95,2013,76,69.6,9.8
5834,Historical,113812,0,0,D,3,1,1869862,49,2000,49,53.2,8.95
5835,Historical,613001,0,0,D,2,1,565968,79.95,2002,137,68.86,18.98
5836,Historical,533647,0,0,D,10,1,44106,171.95,2012,54,88.83,28.99
5837,Historical,56037,1,3,D,10,1,17825,265.6,2010,146,38.43,43.99
5838,Historical,56039,0,0,D,10,1,117496,312.67,2010,31,38.43,43.96
5839,Historical,178733,1,1,D,9,1,1073221,28.97,2010,52,113.55,26.97
5840,Historical,53285,1,1,D,7,1,125231,96.37,2010,105,86.99,43.98
5841,Historical,919625,0,0,D,7,1,415071,257.75,2010,50,86.99,45.54
5842,Historical,53283,1,1,D,6,1,1916477,175.94,2007,50,86.99,33.99
5843,Historical,110977,1,2,D,6,1,577116,74.51,2007,90,86.99,51.18
5844,Historical,540618,1,9,D,4,1,4471,249.2,2012,208,157.76,52.97
5845,Historical,54997,0,0,D,1,0,2485443,11.69,2005,54,9.24,11.69
5846,Historical,244398,1,3,D,6,1,22501,335.95,2012,106,211.71,78.82
5847,Historical,742652,0,0,D,1,0,1529607,193.27,2010,18,93.81,158.15
5848,Historical,618590,1,1,D,2,1,1270978,74.99,2008,29,7.29,12.73
5849,Historical,60426,0,0,D,3,1,1258541,119.95,2005,59,103.93,29.24
5850,Historical,130464,0,0,D,7,1,57548,171.6,2012,71,111.72,94.98
5851,Historical,2272646,0,0,D,1,0,2828769,99.15,2012,48,17.38,40.69
5852,Historical,2256978,0,0,D,0,0,853105,107.67,2010,24,43.88,70.69
5853,Historical,110596,1,1,D,4,1,77010,71.93,2011,105,119.17,18.99
5854,Historical,293875,0,0,D,7,1,1114033,145.95,2008,57,81.28,18.98
5855,Historical,252656,1,1,D,1,0,227066,47.99,2009,54,112.42,48.07
5856,Historical,640019,0,0,D,2,1,10623,45,2011,22,98.08,24.57
5857,Historical,624311,0,0,D,2,1,9693,85,2011,36,98.08,51.98
5858,Historical,687521,0,0,D,0,0,370395,24.38,2012,13,0,21.94
5859,Historical,530005,0,0,D,3,1,136852,79.95,2012,34,53.38,44.99
5860,Historical,244349,1,2,D,15,1,18015,28.69,2012,179,78.5,23.99
5861,Historical,51238,1,2,D,4,1,1622381,181.95,2004,23,84.28,40.84
5862,Historical,609851,1,2,D,8,1,9844,174.8,2011,135,104.8,47.03
5863,Historical,920968,0,0,D,2,1,1347554,57,1986,56,112.69,28.98
5864,Historical,2252839,0,0,D,2,1,2349299,48.94,2009,42,0,20.13
5865,Historical,561503,0,0,D,2,1,798506,70.2,2012,86,23.67,8.99
5866,Historical,863746,1,1,D,2,1,734129,57.67,2009,44,12.22,6.77
5867,Historical,586772,1,1,D,3,1,259141,40,2007,95,33.98,29.97
5868,Historical,586771,0,0,D,2,1,1097808,42,2005,42,33.98,15.99
5869,Historical,154035,1,3,D,3,1,446751,66.03,2010,49,48.49,35.99
5870,Historical,439828,0,0,D,2,1,610587,112.2,2007,53,48.49,15.94
5871,Historical,153966,1,1,D,2,1,171406,38.12,2007,98,43.29,20.48
5872,Historical,153967,1,1,D,2,1,260453,17.99,2007,112,36.53,16.99
5873,Historical,706733,0,0,D,1,0,220844,108,2004,34,12.66,48.99
5874,Historical,100804,0,0,D,0,0,887149,132.25,1998,117,14.76,14.66
5875,Historical,547829,0,0,D,1,0,437690,129,2002,84,7.95,19.49
5876,Historical,544280,1,2,D,3,1,27906,350.95,2013,66,58.72,68.69
5877,Historical,148597,0,0,D,1,0,110991,79.95,2009,41,15.83,11.29
5878,Historical,739495,0,0,D,1,0,2929631,59.4,2007,32,32.99,13.98
5879,Historical,557586,0,0,D,3,1,511045,85,2010,78,32.99,17.93
5880,Historical,607755,0,0,D,2,1,1823643,66.8,2008,29,32.99,95.52
5881,Historical,864555,1,1,D,8,1,3864,279.4,2014,69,145.77,103.69
5882,Historical,876745,0,0,D,6,1,1976500,51.27,2010,21,145.77,44.49
5883,Historical,56031,0,0,D,3,1,1454425,87.8,2004,67,98.24,19.94
5884,Historical,1645232,0,0,D,0,0,3097267,44.95,2006,25,33.24,18.99
5885,Historical,2255214,0,0,D,6,1,6228365,65.9,2011,34,0,68.32
5886,Historical,540699,1,1,D,4,1,6169,160,2013,104,61.98,47.8
5887,Historical,2850992,0,0,D,2,1,1582333,44.95,2000,25,31.49,43.82
5888,Historical,534345,1,1,D,1,0,4399,19.95,1992,305,4,9.65
5889,Historical,618252,0,0,D,2,1,42827,100,2011,62,43.99,21.76
5890,Historical,613662,0,0,D,1,0,454891,94.5,2006,42,43.99,11.49
5891,Historical,879343,0,0,D,2,1,713657,182.85,2009,31,94.29,53.99
5892,Historical,55232,0,0,D,4,1,1533280,84.6,2009,65,43.58,6.89
5893,Historical,53427,0,0,D,9,1,491731,139.2,2010,82,28.99,22.98
5894,Historical,51625,0,0,D,23,1,511847,165.6,2009,45,137.97,30.21
5895,Historical,132819,0,0,D,14,1,296697,159.2,2009,60,112.59,134.68
5896,Historical,529918,0,0,D,3,1,72530,69.95,2011,88,53.99,10.92
5897,Historical,616949,1,3,D,5,1,11837,60.95,2009,56,33.95,32
5898,Historical,251230,1,1,D,5,1,23082,60.95,2010,43,46.44,28.99
5899,Historical,533731,0,0,D,13,1,46798,89.99,2012,47,35.89,41.47
5900,Historical,554674,0,0,D,4,1,2799870,80.95,2002,25,112.43,13.46
5901,Historical,529899,0,0,D,5,1,92882,236.6,2010,55,80.38,63.99
5902,Historical,529877,1,1,D,10,1,2767854,135.25,2007,27,27.5,14.99
5903,Historical,110445,1,4,D,11,1,33757,214,2010,43,168.5,71.56
5904,Historical,619763,1,1,D,6,1,76157,151,2011,94,3.99,54.99
5905,Historical,56020,1,1,D,6,1,524968,87.95,2001,108,126.81,11.43
5907,Historical,862788,1,1,D,2,1,2180880,22.5,1999,41,151.78,5.03
5908,Historical,864545,0,0,D,10,1,79903,121.4,2014,39,48.99,60.53
5909,Historical,258419,0,0,D,4,1,188720,97.5,2006,41,83.89,8.74
5910,Historical,56450,0,0,D,9,1,174628,70.2,2011,42,26.74,45.18
5912,Historical,769704,0,0,D,2,1,9695012,0,2001,16,68.35,7.49
5913,Historical,545564,0,0,D,2,1,180212,70,2013,15,147.78,50.17
5914,Historical,261255,0,0,D,1,0,960408,99,1999,23,63.21,38.98
5915,Historical,261395,0,0,D,1,0,443672,50,1999,25,63.21,43.98
5916,Historical,116046,0,0,D,5,1,2245523,62.4,2004,52,33.74,7.96
5917,Historical,264075,0,0,D,17,1,100904,179.95,2011,56,174.12,55.19
5918,Historical,211350,1,1,D,1,0,452886,200,1998,19,62.02,119.84
5919,Historical,623488,0,0,D,5,1,67731,202.95,2010,42,163.98,89.76
5920,Historical,544460,0,0,D,0,0,61798,39.99,2012,16,88.91,24.09
5921,Historical,184033,0,0,D,0,0,1110186,215.95,2005,31,88.91,9.93
5922,Historical,285072,1,1,D,18,1,29372,243,2011,68,145.58,141.3
5923,Historical,270641,0,0,D,1,0,45532,44.63,2009,35,27.69,38.94
5924,Historical,266324,0,0,D,1,0,1164010,69.95,2007,25,45.64,63.99
5925,Historical,288833,0,0,D,4,1,56231,93.95,2008,146,36.33,17.99
5926,Historical,53721,0,0,D,3,1,159287,75,2002,113,28.8,11.48
5927,Historical,113870,0,0,D,4,1,1598096,64.4,2000,35,54.3,25.55
5928,Historical,200603,1,1,D,7,1,25166,133.95,2010,119,41.43,36.49
5929,Historical,146090,0,0,D,4,1,357269,245.2,2009,33,123.98,68.28
5930,Historical,148764,0,0,D,5,1,264875,362.95,2009,45,146.96,57.94
5931,Historical,534585,1,1,D,3,1,135345,130.5,2010,118,65.68,23.99
5932,Historical,56008,0,0,D,2,1,585073,126.75,2006,93,65.68,6.9
5933,Historical,408166,1,2,D,2,1,1744777,62.95,2003,41,5.87,8.98
5934,Historical,697804,0,0,D,8,1,530767,94.75,2011,29,143.5,18.63
5935,Historical,878899,0,0,D,7,1,2077223,85.34,2009,32,137.99,65.32
5936,Historical,298685,0,0,D,7,1,1746871,113.95,2008,26,105.82,38.11
5937,Historical,200187,0,0,D,2,1,650943,77.95,2006,46,53.98,13.13
5938,Historical,200515,0,0,D,3,1,195487,75.95,2010,85,53.98,31.92
5939,Historical,533534,1,1,D,10,1,26891,121.6,2012,98,70.19,18.99
5940,Historical,611467,0,0,D,11,1,3320,128,2014,95,70.19,54.98
5941,Historical,912907,1,1,D,0,0,3016773,19.95,1995,28,24.51,50.03
5942,Historical,163270,0,0,D,1,0,1331409,160,2002,52,29.59,47.87
5943,Historical,184514,0,0,D,2,1,386564,43.95,2002,26,0,0
5944,Historical,165092,1,1,D,1,0,593251,75,2000,55,94.33,28.57
5945,Historical,101409,0,0,D,9,1,172343,225.95,2001,40,153.94,18.52
5946,Historical,217236,0,0,D,3,1,90019,45,2004,120,30.94,21.82
5947,Historical,877105,0,0,D,0,0,2275791,85.2,1992,44,41.19,49.95
5948,Historical,120929,0,0,D,12,1,108861,121,2007,75,44.12,53.45
5949,Historical,183732,1,2,D,9,1,219884,0,2007,28,91.49,33.98
5950,Historical,142161,1,3,D,9,1,162032,133.71,2011,68,123.77,38.98
5951,Historical,142162,1,2,D,9,1,46425,44,2011,87,109.7,43.99
5952,Historical,142163,0,0,D,9,1,12856,109.12,2011,64,100.83,26.99
5953,Historical,54420,0,0,D,15,1,822241,155.95,2004,171,70.15,7.99
5954,Historical,876413,0,0,D,7,1,1514159,38.32,2007,18,81.06,34.32
5955,Historical,53609,1,2,D,11,1,24189,157.63,2011,174,81.99,37.9
5956,Historical,416609,1,35,D,13,1,11377,346.25,2012,296,160.99,15.29
5957,Historical,549465,1,1,D,12,1,2010133,112.25,2009,40,160.99,54.31
5958,Historical,1891045,0,0,D,0,0,249134,69.99,2013,15,39.95,31.35
5959,Historical,244207,1,4,D,8,1,53065,172.95,2012,94,115.97,41.92
5960,Historical,592635,1,1,D,1,0,1197016,79.95,2009,40,58.99,13.94
5961,Historical,795189,0,0,D,5,1,1850870,165.95,2011,25,78.92,112.83
5962,Historical,55130,0,0,D,12,1,87330,257.95,2011,89,86.84,62.53
5963,Historical,248319,0,0,D,3,1,619835,187.95,2005,90,78.92,14.99
5964,Historical,1452219,0,0,D,10,1,602734,220.2,2013,42,245.24,13.49
5965,Historical,617770,1,2,D,10,1,27786,328.6,2013,95,245.24,49.96
5966,Historical,663621,0,0,D,10,1,446966,229.93,2013,21,245.24,157
5967,Historical,1452761,1,3,D,4,1,86331,157.67,2013,59,241.16,27.82
5968,Historical,553342,1,2,D,4,1,40392,342,2013,113,241.16,29.48
5969,Historical,1452760,1,2,D,4,1,129156,231.8,2013,84,241.16,37.92
5970,Historical,877271,0,0,D,6,1,423966,33.99,2007,42,39.74,30.17
5971,Historical,115611,0,0,D,0,0,832844,76.6,2003,28,17.99,24.98
5972,Historical,498017,1,1,D,3,1,2696014,188.33,2010,17,102.48,138.58
5973,Historical,51632,0,0,D,3,1,482728,25.38,2005,44,31.07,23.73
5974,Historical,878737,0,0,D,7,1,1055855,101.57,2009,28,133.95,53.97
5975,Historical,545041,0,0,D,22,1,45953,49.99,2013,23,26.81,32.59
5976,Historical,529526,1,2,D,7,1,156462,130.95,2012,44,125.59,44.99
5977,Historical,529524,0,0,D,7,1,288865,189.95,2012,56,61.53,53.99
5978,Historical,529525,0,0,D,7,1,293928,80.95,2012,40,71.25,31.99
5980,Historical,51871,1,3,D,7,1,10647,255.2,2011,132,83.99,59.99
5981,Historical,616717,1,5,D,9,1,81255,188.87,2012,121,173.3,53.99
5982,Historical,212633,1,7,D,8,1,12749,235.6,2009,521,173.3,38.92
5983,Historical,540704,1,10,D,11,1,11814,140.4,2013,121,111.93,44.41
5984,Historical,540725,1,7,D,11,1,30721,145.4,2013,116,120.18,72.5
5985,Historical,540707,0,0,D,7,1,9951,271,2013,108,104.39,134.53
5986,Historical,52963,0,0,D,3,1,24052,291,2010,53,88.99,52.99
5987,Historical,145723,1,3,D,6,1,731846,180,2008,51,83.99,51.96
5988,Historical,52961,1,1,D,1,0,1543189,183.75,2004,45,88.99,7.69
5989,Historical,294953,1,2,D,5,1,254816,102.6,2007,37,70.89,90.49
5990,Historical,529517,0,0,D,6,1,215630,116.4,2010,49,70.89,99.25
5991,Historical,146661,0,0,D,6,1,136065,231.4,2011,102,104.39,27.95
5992,Historical,540701,1,2,D,7,1,13059,213.2,2013,97,73.99,72.99
5993,Historical,61243,1,1,D,4,1,1400946,112.23,2007,72,73.99,15.99
5994,Historical,147222,0,0,D,4,1,1520249,51.95,2005,105,29.32,8.99
5995,Historical,53138,0,0,D,12,1,92757,146.8,2011,96,85.86,48.87
5996,Historical,2256047,0,0,D,11,1,7575611,0,2008,33,85.86,69.38
5997,Historical,57385,0,0,D,4,1,20728,66.05,2010,92,62.57,37.99
5998,Historical,286000,1,2,D,0,0,2301418,17.37,2007,48,102.99,16.81
5999,Historical,492178,1,5,D,6,1,10148,274.95,2012,116,164.4,53.37
6000,Historical,873224,0,0,D,9,1,1472482,47.73,2008,43,73.43,35.89
6001,Historical,536725,1,1,D,7,1,601788,144.47,2012,21,93.94,21.96
6002,Historical,544320,0,0,D,11,1,24173,231.95,2013,60,73.96,93.89
6003,Historical,416667,0,0,D,10,1,21845,285.25,2011,74,141.62,33.99
6004,Historical,516526,0,0,D,6,1,16823,184.8,2012,131,121.79,73.96
6005,Historical,53341,0,0,D,11,1,415853,153.91,2009,55,119.54,77.28
6006,Historical,752729,0,0,D,5,1,1108151,0,2009,12,63.71,21.89
6007,Historical,518657,1,1,D,9,1,84077,338.95,2010,62,189.24,32.8
6008,Historical,535686,1,1,D,10,1,26695,308.95,2013,72,189.24,58.98
6009,Historical,451735,0,0,D,8,1,651120,338.95,2008,41,189.24,61.95
6010,Historical,51389,0,0,D,4,1,1082451,105.33,2003,72,73.71,8.14
6011,Historical,2618323,1,1,D,3,1,742550,92.95,1994,21,127.95,65.13
6012,Historical,435038,1,1,D,6,1,7654,219,2012,134,140.99,73.99
6013,Historical,212481,0,0,D,4,1,192111,28.99,2009,130,140.99,11.91
6014,Historical,492149,1,7,D,8,1,52090,343.95,2012,69,152.74,153.99
6015,Historical,550511,1,3,D,13,1,4004,289,2012,71,173.86,73.99
6016,Historical,60476,0,0,D,9,1,1896532,119.2,2007,29,83.99,33.98
6017,Historical,879127,0,0,D,8,1,299180,44.93,2009,42,68.99,43.47
6018,Historical,54109,1,3,D,8,1,366539,217.5,2009,93,68.99,21.49
6019,Historical,54108,0,0,D,7,1,1701233,11.81,2006,82,68.99,29.09
6020,Historical,867864,0,0,D,14,1,6095,266.6,2014,77,114.99,111.01
6021,Historical,309075,0,0,D,5,1,213081,218.7,2009,31,81.76,23.98
6022,Historical,50957,0,0,D,6,1,211531,14.86,2007,74,123.73,9.08
6023,Historical,50939,0,0,D,12,1,301483,216.2,2011,114,152.28,47.52
6024,Historical,50956,0,0,D,5,1,1945637,18.98,2005,62,123.73,12.22
6025,Historical,50958,0,0,D,7,1,323301,20.74,2009,156,123.73,13.59
6026,Historical,529463,0,0,D,3,1,37016,218.4,2011,71,85.49,48.48
6027,Historical,428188,1,1,D,3,1,24004,191.6,2011,62,85.49,17.79
6028,Historical,133290,1,1,D,8,1,151513,186.2,2010,71,115.99,70.33
6029,Historical,557350,0,0,D,7,1,639455,116.2,2007,35,115.99,33.49
6030,Historical,133291,0,0,D,8,1,144156,155.6,2010,46,115.99,85.3
6031,Historical,875604,0,0,D,6,1,2048598,67.38,2008,34,59.78,108.88
6032,Historical,416378,0,0,D,5,1,477045,7.49,2005,103,58.92,7.49
6033,Historical,416381,0,0,D,5,1,712338,46.25,2005,98,13.2,7.5
6034,Historical,111247,0,0,D,6,1,25009,247.25,2010,103,156.94,67.25
6035,Historical,529442,0,0,D,4,1,733973,185,2011,27,74.98,72.16
6036,Historical,116484,0,0,D,3,1,86914,195.8,2004,40,91.53,185.23
6037,Historical,177865,0,0,D,8,1,382019,137.95,2005,33,138.9,56.49
6038,Historical,1467647,0,0,D,0,0,1018334,42,2009,55,39.98,56.23
6039,Historical,54936,0,0,D,11,1,473395,71.6,2010,28,54.89,54.21
6040,Historical,913067,1,1,D,0,0,1105729,95.95,2015,17,199.33,57.99
6041,Historical,545987,1,1,D,0,0,1132960,91.95,2014,27,199.33,53.94
6042,Historical,255869,0,0,D,0,0,698471,97.95,2012,75,73.99,22.23
6043,Historical,529422,0,0,D,1,0,639048,104,2012,46,80.97,23.99
6044,Historical,53485,0,0,D,6,1,1911165,79.2,2005,39,63.04,18.49
6045,Historical,53484,1,1,D,8,1,158777,118,2010,58,63.04,43.13
6046,Historical,53483,0,0,D,7,1,1291321,88.8,2008,41,63.04,47.33
6047,Historical,2778885,0,0,D,2,1,1238968,85,1994,21,117.14,83.87
6048,Historical,119019,0,0,D,3,1,26455,72.8,2011,54,59.9,41.78
6049,Historical,870904,0,0,D,0,0,1103300,45.4,2005,45,43.99,6.95
6050,Historical,132507,1,1,D,2,1,269991,55.4,2008,51,43.99,18.99
6051,Historical,118349,1,1,D,6,1,11680,164.6,2011,72,78.05,76.89
6052,Historical,627871,0,0,D,2,1,1470051,178.6,2012,23,73.88,602.82
6053,Historical,51250,0,0,D,4,1,57974,147.4,2009,80,89.97,76
6054,Historical,2572325,0,0,D,2,1,459630,150,1996,16,71.29,108.14
6055,Historical,162117,0,0,D,5,1,266453,28.99,2008,42,71.01,29.87
6056,Historical,222847,0,0,D,0,0,1129834,62,1998,23,60.74,96.91
6057,Historical,252633,0,0,D,3,1,243707,23.95,2009,47,54.92,78.11
6058,Historical,183248,1,4,D,2,1,290861,225.95,2005,55,54.92,8.98
6059,Historical,244940,0,0,D,4,1,1460122,318.95,2003,48,158.97,60.29
6060,Historical,121552,1,1,D,2,1,1256705,110.13,2009,25,73.39,43.07
6061,Historical,52882,0,0,D,5,1,1350575,139.6,2004,105,134.64,16
6062,Historical,52215,1,1,D,4,1,1234005,209.2,2009,65,153.47,11.59
6063,Historical,874107,0,0,D,4,1,2691026,18.94,2010,24,153.47,7.95
6064,Historical,624331,0,0,D,5,1,449580,113.95,2010,56,37.68,11.33
6065,Historical,873435,1,1,D,1,0,712314,81,1996,55,56.22,12.88
6066,Historical,300335,0,0,D,2,1,973056,74.95,2011,35,74.59,44.1
6067,Historical,871773,1,1,D,3,1,5299409,91,2000,19,1135.02,71.95
6068,Historical,609855,0,0,D,6,1,34534,230.8,2013,74,163.49,76.99
6069,Historical,50688,1,7,D,15,1,44271,65.53,2010,76,81.99,53.96
6070,Historical,874161,1,2,D,5,1,428025,169.5,2010,22,84.58,147.13
6071,Historical,119204,0,0,D,6,1,20079,169.8,2012,69,90.84,124.14
6072,Historical,270664,0,0,D,3,1,778130,70,2009,24,47.47,53.45
6073,Historical,56806,1,4,D,5,1,612642,105.33,2006,67,83.85,9.98
6074,Historical,56804,0,0,D,6,1,116753,124.2,2009,42,83.85,50.08
6075,Historical,169817,0,0,D,12,1,221099,229.95,2008,45,95.2,32.99
6076,Historical,110591,0,0,D,4,1,445650,18.21,2006,39,31.89,8.99
6077,Historical,290487,0,0,D,4,1,476065,90,2003,70,57.99,19.9
6078,Historical,551090,1,1,D,7,1,26823,380,2012,81,218.97,35.98
6079,Historical,163442,1,1,D,14,1,304839,33.79,2011,48,133.99,11.39
6080,Historical,533666,0,0,D,6,1,8028,226.4,2012,112,58.99,78.53
6081,Historical,146600,1,1,D,4,1,1288773,219.33,2010,24,101.49,82.87
6082,Historical,53953,1,1,D,11,1,28873,226.4,2010,157,163.99,43.99
6083,Historical,540795,0,0,D,10,1,84032,216.8,2013,49,163.99,103.99
6084,Historical,52494,1,2,D,4,1,735254,138.67,2004,109,58.99,6.86
6085,Historical,537690,0,0,D,2,1,1271331,159.46,2012,33,89.94,58.99
6086,Historical,529244,1,1,D,7,1,50974,216.8,2011,135,4.23,31.79
6087,Historical,53516,0,0,D,6,1,361187,172,2009,68,4.23,23.99
6088,Historical,57364,1,1,D,3,1,42358,89.33,2010,58,89.94,76.21
6089,Historical,875301,1,1,D,1,0,3017709,8.99,2007,29,83.98,8.99
6090,Historical,146452,0,0,D,8,1,837331,219.33,2010,39,113.94,602.99
6091,Historical,61141,1,2,D,4,1,1475374,138.67,2005,86,52.97,13.94
6092,Historical,288546,0,0,D,2,1,250501,147.33,2004,39,49.89,38.6
6093,Historical,533856,1,1,D,11,1,16260,356.95,2012,113,223.77,97.99
6094,Historical,107207,0,0,D,1,0,2251456,734.26,2000,19,101.03,51.95
6095,Historical,298892,1,1,D,11,1,292465,367.95,2009,21,75.58,257.52
6096,Historical,165087,0,0,D,2,1,848303,99.98,2000,44,94.51,46.39
6097,Historical,574670,0,0,D,0,0,296162,216,2010,36,173.94,145.59
6098,Historical,52880,1,1,D,7,1,123805,15.94,2008,169,141.99,28.98
6099,Historical,111913,1,1,D,9,1,2854,434.75,2012,183,141.99,33.98
6100,Historical,878257,1,2,D,6,1,6335155,0,2011,25,162.4,64.15
6101,Historical,716390,1,1,D,3,1,408539,171.53,2013,26,86.99,153.99
6102,Historical,52881,0,0,D,8,1,131106,23.99,2010,132,141.99,18.22
6103,Historical,110195,0,0,D,12,1,97093,244.5,2009,32,109.91,50.99
6104,Historical,52180,0,0,D,5,1,799578,196,2006,61,125.17,4.96
6105,Historical,105355,0,0,D,8,1,299464,89.75,2010,33,141.99,49.9
6106,Historical,111167,0,0,D,12,1,118437,24.58,2009,140,109.91,48.99
6107,Historical,119261,0,0,D,14,1,87399,244.2,2012,80,120.01,33.99
6108,Historical,55980,0,0,D,11,1,301170,196,2007,86,120.01,9.98
6109,Historical,118303,0,0,D,9,1,42296,266.8,2011,77,142.5,66.64
6110,Historical,50275,0,0,D,8,1,555409,220,2009,41,91,49.22
6111,Historical,741567,0,0,D,8,1,1128976,0,2008,26,142.5,45.78
6112,Historical,533548,1,1,D,14,1,24438,324.95,2012,62,170.49,90.53
6113,Historical,349829,0,0,D,11,1,40694,334.95,2011,82,163.99,33.49
6114,Historical,272097,0,0,D,5,1,1304213,68.65,2007,17,48.99,30.66
6115,Historical,539441,0,0,D,8,1,4373,266.6,2013,82,102.99,68.97
6116,Historical,872366,0,0,D,2,1,1870155,11.56,2006,28,43.98,11.72
6117,Historical,593145,0,0,D,3,1,1044710,108.99,2008,28,43.98,44.79
6118,Historical,537652,1,5,D,16,1,8955,325,2012,94,95.32,44.99
6119,Historical,251766,0,0,D,3,1,360305,228.95,2008,35,43.98,37.51
6120,Historical,243989,0,0,D,2,1,538094,159.95,2011,61,66.54,18.99
6121,Historical,177350,0,0,D,1,0,1843208,153.95,2009,44,66.54,24.99
6122,Historical,53085,1,1,D,8,1,1191126,117.6,2008,62,97.99,43.89
6123,Historical,133269,0,0,D,9,1,146247,131.8,2010,46,97.99,37.49
6124,Historical,540100,0,0,D,6,1,175800,107,2012,49,50,28.97
6125,Historical,557600,0,0,D,5,1,1212453,93.2,2010,51,50,6.99
6126,Historical,632022,1,1,D,10,1,10970,178.4,2013,85,97.99,62.36
6127,Historical,128962,0,0,D,2,1,1747320,44.95,2005,33,39.91,12.35
6128,Historical,128701,0,0,D,2,1,809077,54.95,2009,30,39.91,16.49
6129,Historical,129255,0,0,D,2,1,208724,67.95,2010,29,32.98,26.93
6130,Historical,129115,0,0,D,0,0,1128853,49.95,2007,29,32.98,30.43
6131,Historical,658160,0,0,D,9,1,64729,43,2012,34,41.93,40.39
6132,Historical,244424,0,0,D,6,1,282857,64.95,2011,54,15.96,22.86
6133,Historical,243998,1,3,D,7,1,6186,197.95,2012,222,125.65,43.45
6134,Historical,874592,0,0,D,1,0,1848707,95.25,2008,20,68.49,11.63
6135,Historical,2253498,0,0,D,5,1,6598755,54.8,2007,38,59.92,54.63
6136,Historical,860823,0,0,D,13,1,529929,170.13,2012,39,116.93,123.98
6137,Historical,285098,0,0,D,6,1,656341,67.5,2000,78,99.5,13.77
6138,Historical,127125,0,0,D,10,1,727317,74.95,2008,19,51.03,17.98
6139,Historical,53847,1,4,D,7,1,675470,201.95,2003,95,67.99,18.99
6140,Historical,224703,1,3,D,4,1,156616,161.95,2010,49,93.99,101.83
6141,Historical,656906,0,0,D,4,1,148022,155.95,2010,20,93.99,33.99
6142,Historical,294866,0,0,D,1,0,563677,56.95,1996,38,51.98,47.06
6143,Historical,742954,0,0,D,3,1,1871904,180,2011,16,78.16,0
6144,Historical,146405,0,0,D,3,1,356589,178.67,2011,122,78.16,21.27
6145,Historical,133272,0,0,D,7,1,384447,40,2010,40,73.99,42.91
6146,Historical,60505,0,0,D,5,1,1498095,108.8,2006,52,73.99,13.45
6147,Historical,132612,1,2,D,6,1,689995,121.4,2008,59,73.99,7.75
6148,Historical,622828,1,1,D,1,0,101434,130.95,2000,65,66.26,58.9
6150,Historical,289472,1,1,D,0,0,818487,32.82,2001,85,44.64,21.8
6151,Historical,176700,0,0,D,5,1,854546,185.95,1997,24,37.54,38.97
6152,Historical,286464,1,1,D,4,1,572278,167.8,2008,47,95.43,68.98
6153,Historical,118249,0,0,D,11,1,26266,161.4,2011,70,111.42,126.81
6154,Historical,539370,0,0,D,0,0,847629,116.73,2012,56,99.52,15.73
6155,Historical,875184,0,0,D,5,1,1028106,90.03,2007,34,99.16,101.9
6156,Historical,226083,0,0,D,1,0,4261401,92.95,2007,16,92.84,75.83
6157,Historical,56455,1,1,D,8,1,2184440,99.2,2004,54,67.98,18.98
6158,Historical,900821,0,0,D,0,0,1633482,28.45,2001,35,79.44,107.76
6159,Historical,309807,1,1,D,7,1,37474,46.04,2011,63,118.57,52.94
6160,Historical,58438,0,0,D,6,1,1007345,82.95,2007,66,47.99,5.9
6161,Historical,60513,1,2,D,4,1,764081,81.95,2004,81,61.53,18.98
6162,Historical,249193,0,0,D,5,1,231059,97.95,2008,75,61.53,17.94
6163,Historical,156760,1,1,D,0,0,2499169,65.95,1999,38,117.32,28.81
6164,Historical,252052,1,2,D,6,1,566578,291.95,2010,38,105.98,51.99
6165,Historical,282048,0,0,D,3,1,367502,209.1,1998,43,64.04,25.26
6166,Historical,286527,0,0,D,3,1,47526,152,1999,47,64.04,94.08
6167,Historical,775327,1,1,D,0,0,7202711,37.95,1998,21,37.34,18.95
6168,Historical,110173,0,0,D,7,1,57320,134.86,2011,44,170.45,156.73
6169,Historical,109033,0,0,D,5,1,1500978,113.54,2004,24,170.45,48.99
6170,Historical,533640,1,1,D,10,1,19497,335.95,2012,101,195.59,63.99
6171,Historical,637536,0,0,D,7,1,44949,231.75,2013,44,74.23,58.99
6172,Historical,60518,0,0,D,4,1,1361373,140.75,2006,26,74.23,38.99
6173,Historical,51208,0,0,D,5,1,124521,173.2,2010,61,79.53,46.09
6174,Historical,537136,1,3,D,2,1,111146,99.95,2012,68,44.92,52.91
6175,Historical,127528,1,10,D,1,0,1011845,89.95,2010,66,44.92,7.56
6176,Historical,315033,0,0,D,1,0,1991569,86.67,1995,19,75.23,32.62
6177,Historical,243941,1,4,D,3,1,266993,165.95,2011,48,35.39,121.63
6178,Historical,293894,0,0,D,1,0,33992,113.95,2011,65,145.19,58.51
6179,Historical,200212,0,0,D,7,1,1664298,103.95,2006,72,18.41,5.46
6180,Historical,366556,0,0,D,8,1,535561,54.95,2009,37,18.41,53.57
6181,Historical,144201,1,1,D,3,1,2717548,105,1999,40,4.15,42.49
6182,Historical,117832,0,0,D,3,1,2764348,85.6,2004,46,63.99,9.92
6183,Historical,56761,0,0,D,7,1,1638435,115,2008,52,112.96,38.43
6184,Historical,315301,1,1,D,8,1,2493202,20.98,2010,15,97.35,43.99
6185,Historical,56812,1,1,D,6,1,629589,115,2006,57,97.35,10.25
6186,Historical,870769,1,1,D,2,1,463386,70,1993,35,70.27,65.18
6187,Historical,240803,0,0,D,3,1,676785,85,2003,26,70.27,86.65
6188,Historical,167144,0,0,D,4,1,161378,150,2006,34,108.99,72.53
6189,Historical,50424,0,0,D,13,1,73951,127,2008,83,58.23,62.75
6190,Historical,307832,0,0,D,3,1,2212605,92.5,2007,16,103.45,47.72
6191,Historical,50399,1,1,D,13,1,124744,310.95,2010,44,196.98,123.98
6192,Historical,285592,0,0,D,4,1,212090,175.31,2010,45,103.45,42.99
6193,Historical,533459,1,2,D,7,1,446164,27.86,2012,61,65.75,17.73
6194,Historical,118700,1,2,D,6,1,389098,171,2007,46,114.47,48.98
6195,Historical,115860,1,1,D,5,1,527213,130.52,2003,52,114.47,9.47
6196,Historical,120576,1,1,D,7,1,194306,151,2008,44,63.98,77.94
6197,Historical,108574,0,0,D,2,1,822932,26.81,2003,78,83.95,14.47
6198,Historical,107916,0,0,D,2,1,463153,53.51,2004,44,83.95,49.19
6199,Historical,307679,0,0,D,2,1,3766657,86.55,2002,12,128.65,73.98
6200,Historical,55108,1,3,D,0,0,458096,79.95,2004,38,52.5,23.99
6201,Historical,156950,1,1,D,3,1,2879923,53.95,2002,20,66.29,28.5
6202,Historical,121847,0,0,D,0,0,928116,126.67,2005,37,166.89,22.02
6203,Historical,111116,0,0,D,9,1,109986,122.29,2009,39,159.94,71.99
6204,Historical,639489,1,1,D,7,1,1098662,117.15,2000,36,159.94,33.36
6205,Historical,339787,0,0,D,4,1,1150200,19.99,2010,20,110.98,56.96
6206,Historical,339914,0,0,D,4,1,886200,31.39,2010,61,19.09,13.65
6207,Historical,50476,1,1,D,10,1,1842401,118.95,2004,68,102.32,24.88
6208,Historical,381822,1,1,D,13,1,41623,273.95,2012,88,163.87,73.99
6209,Historical,178718,1,1,D,12,1,42219,300.95,2009,107,163.87,45
6210,Historical,248091,0,0,D,1,0,1026046,89,2010,41,42.84,33.99
6211,Historical,914583,0,0,D,3,1,2627632,120,1994,18,46.01,56.09
6212,Historical,307685,0,0,D,4,1,1650203,8.75,2002,28,46.01,73.98
6213,Historical,297890,1,8,D,13,1,23241,289.95,2012,137,162.99,41.47
6214,Historical,170129,0,0,D,9,1,364178,307.95,2010,44,83.64,68.83
6215,Historical,544565,1,1,D,10,1,9876,254.95,2013,113,120.17,79.27
6216,Historical,170048,0,0,D,9,1,44271,280.95,2010,69,83.64,40.98
6217,Historical,342196,0,0,D,3,1,460746,53.98,1999,39,63.94,53.98
6218,Historical,133497,1,1,D,9,1,90650,128.6,2011,76,81.14,109.03
6219,Historical,879492,0,0,D,0,0,4077130,0,2008,17,115,56.39
6220,Historical,54697,1,1,D,10,1,137469,255.95,2009,59,115,133.99
6221,Historical,54696,0,0,D,9,1,633377,255.95,2007,58,115,21.98
6222,Historical,153808,1,2,D,8,1,34438,43.98,2011,125,36,9.99
6223,Historical,627837,1,1,D,9,1,3422,48.68,2013,88,36,46
6224,Historical,2577442,0,0,D,6,1,375566,74.13,1986,30,63.99,47.36
6225,Historical,132127,0,0,D,5,1,1982261,104.67,2005,31,54.15,15.98
6226,Historical,50486,0,0,D,5,1,2419280,93,2003,68,54.15,6.99
6227,Historical,50527,0,0,D,4,1,53044,267.95,2011,92,177.54,43.99
6228,Historical,50525,0,0,D,3,1,313776,284.95,2008,32,177.54,83.94
6229,Historical,52640,0,0,D,4,1,73894,159.2,2010,154,95.73,27.4
6230,Historical,299290,0,0,D,7,1,2145521,52,2002,35,36.15,21.34
6231,Historical,200366,1,1,D,9,1,872978,155.95,2008,51,88.99,16.24
6232,Historical,2340660,0,0,D,2,1,1192873,137.5,1993,27,4.99,48.95
6233,Historical,163089,0,0,D,9,1,72102,146.22,2011,52,90.53,125.81
6234,Historical,433340,0,0,D,4,1,696842,119,2006,39,122.98,81.64
6235,Historical,209605,1,1,D,2,1,1039871,52.95,2007,42,31.38,26.62
6236,Historical,911297,0,0,D,0,0,3127413,139,2003,24,41.49,26.36
6237,Historical,550798,0,0,D,2,1,614778,0,2009,44,167.35,41.94
6238,Historical,877158,0,0,D,11,1,2671178,0,2011,13,92.99,2707.22
6239,Historical,146202,0,0,D,11,1,981097,210.67,2010,15,92.99,190.5
6240,Historical,145027,0,0,D,8,1,975009,179.9,2005,51,131.5,42.54
6241,Historical,117713,1,1,D,3,1,151674,156.67,2006,112,155.38,23.13
6242,Historical,254100,0,0,D,8,1,209329,262.95,2010,49,103.94,35.93
6243,Historical,561409,0,0,D,4,1,1353939,226.33,2010,20,93.94,104.99
6244,Historical,585995,1,1,D,0,0,1341318,6.06,2005,76,4.51,5.98
6245,Historical,60536,0,0,D,3,1,1859855,170.67,2005,50,91.45,18.45
6246,Historical,742690,0,0,D,4,1,1947684,226.33,2010,23,93.94,136.85
6247,Historical,178355,0,0,D,0,0,2118617,6.08,2007,35,61.5,17.89
6248,Historical,528908,1,1,D,4,1,5450,233.4,2012,130,61.5,63.25
6249,Historical,113663,0,0,D,1,0,1160384,122,1999,34,78.7,70.87
6250,Historical,254120,0,0,D,7,1,41494,258.95,2010,117,141.82,33.49
6251,Historical,146584,1,2,D,4,1,456966,211.53,2011,26,89.98,47.49
6252,Historical,146569,0,0,D,4,1,948289,211.53,2011,18,103.43,144.73
6253,Historical,880751,1,2,D,3,1,2169995,58.99,2008,40,89.98,42.14
6254,Historical,54218,1,1,D,6,1,25815,175.2,2010,113,101.23,54.56
6255,Historical,169827,0,0,D,4,1,557932,291.95,2009,46,152.34,53.98
6256,Historical,51604,1,1,D,4,1,12436,198.2,2011,179,89.98,43.98
6257,Historical,54732,1,4,D,4,1,35789,184,2011,133,63.94,45.93
6258,Historical,2257604,1,6,D,4,1,12523821,120.38,2011,34,63.94,87.82
6259,Historical,55942,1,1,D,6,1,2581038,271.95,2007,15,104.5,147.45
6260,Historical,533499,0,0,D,5,1,11466,320.95,2012,83,93.99,67.78
6261,Historical,146397,0,0,D,9,1,660008,144.67,2011,39,134.98,150.27
6262,Historical,886367,0,0,D,9,1,1882170,0,2012,14,134.98,33.99
6263,Historical,167148,0,0,D,6,1,490055,21.93,2006,130,82.86,13.99
6264,Historical,162785,0,0,D,7,1,391989,22.99,2010,136,82.86,14.98
6265,Historical,224684,0,0,D,3,1,104534,160.95,2012,44,84,52.65
6266,Historical,231536,1,1,D,2,1,292713,137.95,2003,61,53.99,91.96
6267,Historical,809035,0,0,D,2,1,1585016,18.74,2009,12,59.63,18.74
6268,Historical,51155,0,0,D,9,1,94212,315.95,2008,45,75.47,88.11
6269,Historical,50582,0,0,D,8,1,80014,38.99,2008,62,153.24,69.43
6270,Historical,50496,0,0,D,9,1,1165283,411.95,2007,34,133.99,12.92
6272,Historical,533675,0,0,D,15,1,62708,213.95,2012,98,95.98,48.99
6273,Historical,626144,1,1,D,6,1,85456,218.95,2012,38,47.02,57.17
6274,Historical,3606577,1,4,D,0,0,5482169,270.94,1984,12,0,63.27
6275,Historical,718680,0,0,D,3,1,506932,31.95,1998,96,29.35,16.8
6276,Historical,285500,0,0,D,3,1,484809,23.98,2010,46,38.12,21.99
6277,Historical,299984,1,2,D,4,1,556099,60,2010,49,45.26,12.97
6278,Historical,598778,0,0,D,3,1,1947510,109.33,2008,35,45.26,13.93
6279,Historical,534520,0,0,D,10,1,40641,110,2011,88,109.78,68.98
6280,Historical,54336,0,0,D,7,1,55691,137,2007,77,98.9,23.99
6281,Historical,716427,0,0,D,7,1,1387150,133.8,2007,24,85.91,65.29
6282,Historical,544050,0,0,D,7,1,270299,101.89,2012,34,82.94,87.82
6283,Historical,54983,0,0,D,5,1,452847,33.99,2007,26,82.94,70.98
6284,Historical,553093,0,0,D,9,1,42472,164.6,2011,46,83.99,104.36
6285,Historical,553767,0,0,D,8,1,365701,144,2009,52,83.99,28.55
6286,Historical,626303,0,0,D,8,1,428016,164.6,2009,32,83.99,69.99
6287,Historical,617365,0,0,D,3,1,321385,191.95,2011,67,91.27,49.99
6288,Historical,423352,0,0,D,5,1,1824297,113,2008,21,103.97,21.68
6289,Historical,544712,0,0,D,7,1,53612,178.95,2013,32,115.46,68.99
6290,Historical,609606,0,0,D,4,1,1796774,208.95,2007,31,115.46,13.98
6291,Historical,389256,0,0,D,4,1,988948,213.95,2009,32,117.44,45.95
6292,Historical,52117,0,0,D,7,1,27533,148.6,2011,48,87.98,73.98
6293,Historical,533868,0,0,D,10,1,67754,95.6,2008,46,45.49,49.99
6294,Historical,60546,1,1,D,9,1,105655,84.6,2006,44,45.49,23.98
6295,Historical,2604181,0,0,D,2,1,1296912,89.99,2003,35,39.56,57.58
6296,Historical,57282,0,0,D,1,0,199816,46.95,2002,44,54.32,43.76
6297,Historical,295830,0,0,D,10,1,354390,95,2011,27,75.08,54.47
6298,Historical,2262868,0,0,D,3,1,2427943,0,2009,25,0,22.59
6299,Historical,60971,0,0,D,5,1,1991399,115.6,2006,39,114.62,7.99
6300,Historical,60552,1,1,D,9,1,1104479,99,2002,87,73.99,26.98
6301,Historical,615937,1,1,D,0,0,42074,34.99,2014,272,22.93,9.39
6302,Historical,676791,1,1,D,7,1,595744,25,2009,100,6.72,10.98
6303,Historical,868415,0,0,D,1,0,2131038,72.95,2003,31,38.69,60.53
6304,Historical,635568,1,11,D,19,1,334348,223.95,2013,50,86.59,116.71
6305,Historical,178725,1,2,D,18,1,537352,223.95,2010,44,86.59,68.6
6306,Historical,609945,1,2,D,19,1,15510,124.95,2013,93,16.98,23.99
6307,Historical,178723,1,1,D,18,1,155095,139.95,2010,113,16.98,32.96
6308,Historical,608684,0,0,D,17,1,797243,120.95,2007,48,16.98,22.99
6309,Historical,1574892,0,0,D,5,1,1670293,133.95,2009,66,46.83,7.99
6310,Historical,537220,0,0,D,6,1,343427,72.4,2011,43,56.05,22.48
6311,Historical,698865,0,0,D,11,1,442832,101.25,2008,13,108.94,50.98
6312,Historical,203758,0,0,D,0,0,483656,75.97,2004,25,62.49,58.16
6313,Historical,619860,0,0,D,2,1,354788,74.95,2004,34,19.99,69.04
6314,Historical,147507,1,1,D,1,0,1254890,67.95,2006,50,28.42,12.95
6315,Historical,3272265,0,0,D,1,0,2714478,211.25,2003,35,0,75.17
6316,Historical,218551,0,0,D,1,0,177277,81.95,2002,35,68.05,33.94
6317,Historical,60557,1,1,D,5,1,90670,96.56,2003,94,98.99,17.98
6318,Historical,553159,1,1,D,9,1,681115,191.2,2011,18,107.94,180.44
6319,Historical,253936,1,1,D,5,1,1640224,116.95,2010,38,35.08,6.61
6320,Historical,103991,1,1,D,3,1,1668709,38.12,1999,16,52.96,72.45
6321,Historical,53918,0,0,D,1,0,3253743,175.5,2004,26,137.54,10.14
6322,Historical,861473,0,0,D,5,1,1018356,137.33,2013,16,102.57,87.94
6323,Historical,644919,0,0,D,1,0,3032414,95.8,2008,19,56.71,35.8
6324,Historical,561122,0,0,D,4,1,951628,81.6,2007,37,37.93,22.56
6325,Historical,116875,1,1,D,7,1,124729,79.2,2005,73,62.99,58.41
6326,Historical,830782,1,1,D,2,1,238179,65,1993,30,30.89,49.99
6327,Historical,133464,0,0,D,6,1,435505,90.6,2010,34,65.59,78.11
6328,Historical,552539,1,1,D,1,0,31837,120,2007,72,70.11,23.99
6329,Historical,2431564,0,0,D,3,1,470519,81.8,2003,28,100.08,46.26
6330,Historical,112314,1,1,D,1,0,262385,142.25,2006,29,0,66.95
6331,Historical,828524,1,2,D,2,1,654303,55.95,1990,32,0,0
6332,Historical,533650,1,1,D,4,1,72254,91.77,2011,77,122.46,56.13
6333,Historical,456497,1,1,D,18,1,394277,133.95,2008,38,30.98,40.98
6334,Historical,178604,0,0,D,17,1,220801,147.95,2005,84,30.98,12.88
6335,Historical,148200,1,1,D,15,1,1472005,238.95,2004,65,103.98,11.95
6336,Historical,542801,1,1,D,5,1,192595,101.8,2009,45,68.34,73.48
6337,Historical,592818,1,1,D,7,1,742874,174,2009,26,78.94,93.98
6338,Historical,536864,0,0,D,8,1,635959,131.2,2012,54,34.23,31.99
6339,Historical,428521,0,0,D,7,1,1970570,107,2009,30,34.23,6.39
6340,Historical,132355,1,1,D,3,1,1023196,42,2007,70,39.05,12.01
6341,Historical,610453,0,0,D,5,1,20885,68.8,2013,65,39.05,52.73
6342,Historical,619546,1,1,D,5,1,163694,71.4,2013,62,46.27,38.64
6343,Historical,3145478,0,0,D,12,1,2491302,194.21,1986,17,117.54,78.02
6344,Historical,594884,1,1,D,6,1,5877,96,2012,96,26.97,22.99
6345,Historical,53410,0,0,D,7,1,32912,28.99,2011,90,135.91,23.99
6346,Historical,696469,0,0,D,0,0,3742840,16.02,2008,21,135.91,10.56
6347,Historical,51024,1,1,D,5,1,65781,321.95,2010,87,140.37,86.17
6348,Historical,907451,0,0,D,1,0,4207694,55,2008,20,42.37,54.13
6349,Historical,594535,0,0,D,2,1,656889,48,2012,33,42.37,70.54
6350,Historical,912720,1,1,D,0,0,1489829,58.5,2005,32,114.68,44.34
6351,Historical,2768984,0,0,D,2,1,835549,32.99,2005,24,0,47.99
6352,Historical,2253479,0,0,D,5,1,4482499,79,2007,41,101.94,44.79
6353,Historical,528620,1,1,D,3,1,755453,94.95,2012,38,63.58,73.19
6354,Historical,370970,1,1,D,1,0,4782605,62,1997,23,70.96,19.5
6355,Historical,61071,0,0,D,6,1,91327,297.95,2006,74,85.32,38.98
6356,Historical,528622,1,4,D,7,1,44528,336.95,2012,133,181.35,42.99
6357,Historical,143422,1,1,D,4,1,4157876,127,2001,25,146.58,8.74
6358,Historical,50587,1,2,D,3,1,1134803,22.99,2000,121,131.92,22.87
6359,Historical,169435,1,1,D,5,1,950420,345.95,2007,74,109.07,23.68
6360,Historical,254191,0,0,D,5,1,849225,211.95,2010,27,105.09,69.98
6361,Historical,54357,0,0,D,6,1,48244,76.95,2011,40,73.42,36.48
6362,Historical,121735,0,0,D,13,1,830564,172,1999,39,88.12,50.47
6363,Historical,913906,1,2,D,12,1,1463794,61.5,2008,52,144.94,58.24
6364,Historical,533699,0,0,D,6,1,24605,202.8,2011,121,83.99,55.85
6365,Historical,879490,0,0,D,5,1,1752938,108.85,2009,49,83.99,36.62
6366,Historical,54384,1,3,D,7,1,13555,290.95,2011,181,136.49,25.72
6367,Historical,913773,1,3,D,7,1,79461,73.98,2009,27,136.49,33.76
6368,Historical,456870,0,0,D,3,1,116574,342.95,2010,59,160.99,75.89
6369,Historical,616080,0,0,D,3,1,118535,147.95,1988,45,143.96,42.49
6370,Historical,614029,0,0,D,3,1,32181,126.67,2002,78,78.99,38.15
6371,Historical,52166,0,0,D,8,1,24178,201.4,2009,61,111.12,33.99
6372,Historical,533975,0,0,D,3,1,379112,152.95,1998,30,144,77.22
6373,Historical,632139,0,0,D,0,0,128763,49.99,2012,82,31.58,13.65
6374,Historical,56626,1,2,D,1,0,454507,84,2008,105,43.93,7.25
6375,Historical,286274,1,1,D,7,1,12126,157.6,2011,73,63.99,147.99
6376,Historical,52936,1,1,D,5,1,18943,149,2009,90,121.79,68.61
6377,Historical,118172,0,0,D,2,1,2372366,112.4,2006,12,121.79,22.99
6378,Historical,533832,1,4,D,12,1,5738,134.8,2012,83,106.38,56.99
6379,Historical,607137,0,0,D,6,1,675673,67,2000,113,31.43,48.78
6380,Historical,116944,0,0,D,3,1,1400122,72,2005,90,68.18,14.44
6381,Historical,544599,0,0,D,8,1,121901,193.95,2013,29,67.55,156.17
6382,Historical,557664,1,2,D,10,1,16602,129,2013,80,33.46,83.99
6383,Historical,54550,1,3,D,2,1,113020,24.94,2008,105,33.99,22.98
6384,Historical,540004,0,0,D,7,1,38345,107.8,2012,90,99.53,35.97
6385,Historical,533911,0,0,D,6,1,473066,90.8,2009,172,13.05,11.99
6386,Historical,54549,1,6,D,2,1,98747,41.8,2003,87,33.99,18.89
6387,Historical,142079,0,0,D,2,1,388907,0,2010,90,33.99,8.97
6388,Historical,593221,0,0,D,7,1,812953,174.95,2009,50,123.43,24.75
6389,Historical,1575124,0,0,D,7,1,470455,208.95,2010,47,93.54,10.99
6390,Historical,735867,0,0,D,0,0,674812,0,2011,17,33.94,21.98
6391,Historical,560095,0,0,D,1,0,135659,18.99,2010,47,33.94,48.55
6392,Historical,133017,0,0,D,7,1,82769,35.67,2010,49,24.01,21.99
6393,Historical,2272683,0,0,D,11,1,2546400,92.93,2009,41,63.4,41.43
6394,Historical,873222,0,0,D,3,1,671984,117.95,2011,41,27.97,56.42
6395,Historical,50612,1,1,D,17,1,43958,286.95,2011,62,163.15,48.55
6396,Historical,50609,1,1,D,13,1,861728,120.95,2003,62,163.15,18.71
6397,Historical,55921,0,0,D,7,1,1594681,44,1997,48,67.49,6.95
6398,Historical,169915,0,0,D,11,1,501136,222.95,2009,34,116.97,76.92
6399,Historical,876074,0,0,D,4,1,175880,54.58,2003,31,108.99,63.47
6400,Historical,118971,1,5,D,4,1,125714,42.65,2008,45,18.89,43.29
6401,Historical,132554,1,1,D,3,1,587800,27.6,2008,53,31.22,13.4
6402,Historical,287446,0,0,D,10,1,62789,93.8,2011,91,70.78,33.48
6403,Historical,54465,0,0,D,7,1,137643,90.67,2008,58,64.08,38.49
6404,Historical,170085,1,3,D,13,1,40327,111.95,2010,122,64.03,57.64
6405,Historical,538832,1,1,D,3,1,57572,43.98,2012,85,81.03,65.64
6406,Historical,873197,1,2,D,2,1,668091,123,2000,37,184.98,66.21
6408,Historical,223580,1,3,D,28,1,95786,94.95,2008,43,63.2,120
6409,Historical,597122,0,0,D,7,1,230747,57,2000,35,80.42,73.73
6410,Historical,544215,1,1,D,11,1,11697,279.95,2013,77,172.55,52.46
6411,Historical,916992,1,1,D,19,1,1323165,32.49,2011,37,127.52,63.99
6412,Historical,528442,1,10,D,19,1,2407,276.25,2011,231,127.52,38.75
6413,Historical,606988,0,0,D,6,1,3368123,28.94,2005,48,94.96,28.94
6414,Historical,563654,1,1,D,0,0,882253,11.49,2008,54,109.78,11.49
6415,Historical,550155,0,0,D,6,1,2332841,22.24,2005,27,94.96,22.38
6416,Historical,550733,0,0,D,8,1,18453,237,2009,73,94.96,61.33
6417,Historical,620559,0,0,D,11,1,4118044,28.98,2009,18,44.21,28.99
6418,Historical,864687,1,4,D,5,1,2183,247.4,2014,150,100.52,63.2
6419,Historical,534835,0,0,D,8,1,5243,125.37,2012,94,105.16,173.99
6420,Historical,609859,0,0,D,11,1,24611,247.4,2013,61,148.99,63.06
6421,Historical,544293,1,3,D,11,1,124613,279.95,2013,28,172.55,147.99
6422,Historical,528431,0,0,D,4,1,82016,233.4,2010,42,128.99,53.69
6423,Historical,607000,0,0,D,7,1,200746,91.99,2007,28,94.96,87.58
6424,Historical,538491,0,0,D,8,1,23365,208.75,2013,74,66.49,80.17
6425,Historical,868481,1,1,D,0,0,650617,42.95,1993,37,44.15,53.54
6426,Historical,114865,1,3,D,0,0,611752,135.5,2001,114,65.62,16.41
6427,Historical,2250635,1,1,D,4,1,3539783,83.39,2008,41,63.99,46.71
6428,Historical,533386,0,0,D,0,0,215074,164.95,2013,40,123.95,19.66
6429,Historical,155323,0,0,D,2,1,507264,147.95,1999,80,90.33,24.14
6430,Historical,155176,0,0,D,2,1,764325,147.95,1998,65,53.18,19.96
6431,Historical,182424,1,2,D,2,1,82441,133.95,2000,70,68.54,47.88
6432,Historical,54968,0,0,D,6,1,107978,268.95,2011,43,108.15,73.25
6433,Historical,535206,0,0,D,6,1,335773,140.95,2013,32,69.69,78.99
6434,Historical,183128,0,0,D,5,1,859126,143.95,2010,55,33.87,26.66
6435,Historical,54974,0,0,D,5,1,371246,227.95,2007,55,33.87,20.96
6436,Historical,528412,1,1,D,4,1,4126,68.8,2012,75,41.17,41.98
6437,Historical,2270706,1,3,D,3,1,2098556,24.74,2007,44,57.15,21.62
6438,Historical,913229,0,0,D,0,0,3184617,28.88,2009,30,44.24,13.94
6439,Historical,141588,1,1,D,0,0,1052799,6.32,2002,49,39.51,7.12
6440,Historical,141979,0,0,D,3,1,60618,56.52,2010,123,37.06,14.47
6441,Historical,52776,0,0,D,2,1,1376530,11.28,2004,64,39.51,11.96
6442,Historical,53971,0,0,D,11,1,30235,42.99,2010,81,177.09,42.99
6443,Historical,528362,1,1,D,11,1,30421,358.95,2012,45,111.48,134.99
6444,Historical,119160,0,0,D,1,0,518908,216.2,2011,62,138.98,97.93
6445,Historical,117323,0,0,D,5,1,2540346,166.67,2006,36,33.99,13.99
6446,Historical,175110,0,0,D,0,0,654980,54,2010,31,28.4,31.79
6447,Historical,349983,0,0,D,6,1,804290,288.95,2010,51,62.65,48.16
6448,Historical,619541,1,6,D,12,1,5456,295.4,2013,107,177.09,53.87
6449,Historical,52223,0,0,D,10,1,260653,9.98,2009,70,36.67,8.99
6450,Historical,874814,0,0,D,6,1,73695,137,2014,33,91.44,110.46
6451,Historical,314956,0,0,D,12,1,45031,251.4,2011,98,158.68,28.99
6452,Historical,340222,0,0,D,1,0,705291,17.57,2012,40,56.7,13.27
6453,Historical,696687,0,0,D,8,1,285315,54.98,2009,17,102.99,54.26
6454,Historical,53739,0,0,D,7,1,2679819,5.13,2005,48,45.19,5.03
6455,Historical,177590,0,0,D,3,1,3632467,161.95,2005,26,74.2,23.09
6456,Historical,169871,0,0,D,4,1,516779,233.95,2009,39,74.2,16.98
6457,Historical,113817,0,0,D,8,1,535280,132,2000,100,40.49,22.91
6458,Historical,177478,0,0,D,1,0,1377524,103.95,1999,33,117.78,10.84
6459,Historical,52220,0,0,D,9,1,661257,28.91,2007,83,36.67,23.19
6460,Historical,50980,1,1,D,8,1,689218,25.86,2008,115,136.99,25.98
6461,Historical,53597,1,1,D,14,1,2710,47.92,2011,398,138.99,27.71
6462,Historical,860403,0,0,D,6,1,726354,222.25,2011,41,143.54,27.31
6463,Historical,51839,0,0,D,9,1,34120,64.65,2010,133,103.99,31.46
6464,Historical,553261,0,0,D,3,1,909120,316.33,2012,27,103.73,146.49
6465,Historical,716085,0,0,D,3,1,670676,207.07,2012,50,103.73,18.9
6466,Historical,60614,0,0,D,3,1,878628,13.59,2006,98,14.07,13.99
6467,Historical,285593,0,0,D,3,1,76599,54.01,2011,27,163.99,55.41
6468,Historical,330389,1,1,D,8,1,5143256,250.95,2003,26,91.99,20.03
6469,Historical,53595,1,2,D,13,1,63021,18.89,2009,339,138.99,10.69
6470,Historical,538784,0,0,D,3,1,13450,369.5,2013,75,100.87,41.46
6471,Historical,698921,0,0,D,7,1,77115,76.77,2010,41,119.98,63.23
6472,Historical,56585,0,0,D,7,1,54094,42.97,2009,138,119.98,23.99
6473,Historical,153998,0,0,D,7,1,466996,27.27,2009,37,68.99,29.98
6474,Historical,162547,0,0,D,6,1,868114,91.44,2008,55,72,58.23
6475,Historical,391012,1,2,D,1,0,2028792,77,2000,24,117.64,8.92
6476,Historical,199147,1,1,D,1,0,740481,92.95,2001,44,53.99,37.96
6477,Historical,716587,0,0,D,6,1,580159,48.17,2009,18,203.99,47.1
6478,Historical,244083,1,2,D,16,1,10000,302.95,2012,128,186.98,73.99
6479,Historical,2146666,0,0,D,2,1,1308267,89.99,2007,11,78.02,66.97
6480,Historical,317154,0,0,D,4,1,51886,206.67,2009,31,111.83,289.92
6481,Historical,58014,1,1,D,3,1,569586,92.95,2002,73,78.09,36.55
6482,Historical,711515,1,1,D,3,1,3298487,82,2001,21,6.36,33.98
6483,Historical,533491,1,3,D,18,1,8696,93.83,2011,93,110.49,80.74
6484,Historical,115837,0,0,D,3,1,686747,140.2,2004,23,88.98,4.16
6485,Historical,285008,0,0,D,5,1,587816,85,2004,33,44.98,21.52
6486,Historical,114414,0,0,D,4,1,83489,139,2002,38,162.35,61.82
6487,Historical,416663,0,0,D,8,1,47466,26.02,2009,80,65.98,58.08
6488,Historical,607579,1,1,D,2,1,378299,110,2001,43,136.59,48.99
6489,Historical,156592,0,0,D,2,1,2115086,79.95,1997,18,66.42,75.97
6490,Historical,181319,1,1,D,0,0,1131543,51.73,2001,36,0,0
6491,Historical,562092,0,0,D,10,1,942063,414.95,2008,68,69.21,7.98
6492,Historical,658696,1,2,D,12,1,1366,238.4,2014,115,108.99,63.98
6493,Historical,50882,1,1,D,11,1,1265139,140.4,2002,162,156.99,15.57
6494,Historical,120318,0,0,D,3,1,364191,82.2,2007,16,55.03,13.1
6495,Historical,52986,0,0,D,7,1,17253,238.4,2011,140,145.06,42.42
6496,Historical,533596,1,1,D,9,1,27148,48.94,2011,85,118.94,36.94
6497,Historical,110707,0,0,D,6,1,362679,62.49,2007,22,78.99,28.94
6498,Historical,52143,0,0,D,5,1,122384,297.95,2010,44,110.97,23.98
6499,Historical,130363,1,3,D,7,1,23849,199.6,2011,85,106.4,35.96
6500,Historical,53299,1,1,D,5,1,1182582,109.2,2006,46,53.99,6.26
6501,Historical,132332,0,0,D,2,1,68356,128.6,2008,70,67.1,41.56
6502,Historical,287435,0,0,D,2,1,558206,154,2011,33,67.1,37.07
6503,Historical,60627,0,0,D,1,0,2944463,107,2005,37,67.1,14.99
6504,Historical,53384,1,2,D,11,1,18033,247.95,2011,144,126.5,22.36
6505,Historical,538744,0,0,D,6,1,25910,164.25,2013,76,128.74,86.83
6506,Historical,541687,0,0,D,1,0,1963137,49.99,2009,53,40.33,33.99
6507,Historical,162950,0,0,D,1,0,156234,59.99,2010,77,30.94,35.35
6508,Historical,53589,0,0,D,6,1,907468,108.4,2006,107,94.87,13.92
6509,Historical,54544,1,2,D,4,1,47384,153.33,2010,117,98.34,58.94
6510,Historical,873976,0,0,D,0,0,6698671,101.66,2005,19,91.03,54.83
6511,Historical,50433,0,0,D,8,1,23212,140.75,2009,88,167.99,84.98
6512,Historical,904136,0,0,D,0,0,2692424,49.95,1995,19,0,79.05
6513,Historical,877545,0,0,D,4,1,1398135,22.68,2010,53,138.79,23.99
6514,Historical,435232,0,0,D,4,1,1343265,184.95,2009,23,138.79,24.98
6515,Historical,204044,0,0,D,0,0,64624,137.99,2008,98,60.98,24.47
6516,Historical,626107,0,0,D,10,1,1290878,162.95,2008,42,98.81,95.46
6517,Historical,878084,1,2,D,8,1,8073199,0,2007,16,224.98,93.55
6518,Historical,2263085,0,0,D,12,1,83345,70.06,2011,20,0,54.84
6519,Historical,145272,1,1,D,11,1,256063,153.33,2007,163,117.99,12.38
6520,Historical,145011,0,0,D,4,1,2526633,142.67,2005,60,113.99,5.78
6521,Historical,145821,1,1,D,5,1,1277656,156.67,2008,17,113.99,0
6522,Historical,2256951,1,1,D,4,1,5315801,52.95,2009,45,46.9,503.99
6523,Historical,57035,0,0,D,4,1,1283955,182,2009,35,46.9,602.99
6524,Historical,169940,0,0,D,6,1,516803,298.95,2006,49,142.98,6.59
6525,Historical,162948,0,0,D,9,1,423998,34.02,2010,29,62.9,28.13
6526,Historical,57508,0,0,D,9,1,107785,28.99,2010,106,62.9,41.84
6527,Historical,146300,0,0,D,3,1,401718,153.33,2010,44,67.62,50
6528,Historical,797569,1,1,D,5,1,308350,231.95,2003,30,149.99,51.11
6529,Historical,621337,0,0,D,10,1,616306,224,2010,34,163.09,250.51
6530,Historical,621083,0,0,D,9,1,451425,99.95,2010,19,83.98,24.96
6531,Historical,619287,0,0,D,7,1,1135539,126.95,2009,54,106.27,90.88
6532,Historical,921184,0,0,D,0,0,138187,86.05,2007,70,26.9,16.36
6533,Historical,769515,1,1,D,0,0,237316,132.15,2002,131,16.98,47.08
6534,Historical,701824,0,0,D,1,0,300109,80,2011,26,64.37,29.63
6535,Historical,528153,0,0,D,4,1,957148,13.44,2013,71,203.99,23.35
6536,Historical,528151,0,0,D,4,1,848876,13.87,2013,61,51.58,7.99
6537,Historical,540693,0,0,D,11,1,4432,191.2,2013,102,96.94,89.67
6538,Historical,250055,1,2,D,1,0,3145850,176.95,2004,21,85.75,42.89
6539,Historical,251095,0,0,D,1,0,147526,186.95,2009,68,122.97,12.88
6540,Historical,243920,0,0,D,1,0,63694,199.95,2010,68,0,53.47
6541,Historical,57450,0,0,D,10,1,104663,158.8,2008,44,101.04,49.91
6542,Historical,626516,0,0,D,2,1,423336,131,1998,24,123.84,61.73
6543,Historical,869217,0,0,D,12,1,5843856,0,1999,18,5.23,18.94
6544,Historical,614886,0,0,D,11,1,2725468,95.32,1990,43,5.23,12.95
6545,Historical,57997,1,1,D,4,1,680035,183,2003,38,143.99,98.13
6546,Historical,110174,1,1,D,6,1,13195,73.95,2011,97,147.57,62.83
6547,Historical,56121,1,2,D,8,1,51960,210,2010,77,120.98,82.42
6548,Historical,169718,0,0,D,7,1,1191883,333.95,2008,24,94.99,54.92
6549,Historical,52947,0,0,D,7,1,76639,47.1,2009,196,77.87,40.51
6550,Historical,1946515,1,6,D,9,1,37611,100.99,2014,64,77.87,58.8
6551,Historical,607736,0,0,D,8,1,247960,99,2008,36,47.62,23.92
6552,Historical,536292,1,1,D,4,1,270939,48.95,2010,50,44.08,30.17
6553,Historical,287562,0,0,D,8,1,522806,117.2,2007,81,60.74,12.83
6554,Historical,528107,1,1,D,4,1,1991438,185,2011,14,53.73,238.03
6555,Historical,612147,0,0,D,11,1,8418,224.95,2014,50,120.85,71.38
6556,Historical,876060,0,0,D,4,1,1954295,110.32,2008,37,50.37,73.07
6557,Historical,202379,0,0,D,5,1,1825575,133.95,2002,80,15.88,10.94
6558,Historical,255952,0,0,D,5,1,2034605,69.95,1999,46,45.31,16.74
6559,Historical,164005,0,0,D,3,1,837006,9.74,1997,56,39.69,41.97
6560,Historical,539534,1,3,D,3,1,11513,114.6,2013,76,48.99,83.93
6561,Historical,533322,0,0,D,2,1,67436,121,2012,60,70.94,58.49
6562,Historical,866958,1,4,D,2,1,1440675,140.87,2014,27,75.9,133.92
6563,Historical,553509,0,0,D,6,1,1248422,83.6,2007,28,48.99,19.45
6564,Historical,53072,1,3,D,5,1,213910,118.95,2004,117,28.99,25.99
6565,Historical,593991,0,0,D,7,1,43231,164,2012,162,133.93,20.69
6566,Historical,52533,1,1,D,8,1,21661,158,2010,492,89.49,27.75
6567,Historical,52532,0,0,D,7,1,494187,130,2007,255,89.49,17.94
6568,Historical,528068,1,6,D,8,1,82872,157.95,2010,289,89.49,18.39
6569,Historical,244985,0,0,D,2,1,661433,190.95,2003,34,143.54,127.75
6570,Historical,613034,0,0,D,1,0,168287,34.95,2006,106,33.98,16.93
6571,Historical,528059,0,0,D,10,1,132382,57.99,2012,60,22.28,20.67
6572,Historical,917832,0,0,D,5,1,917358,71.95,2002,64,33.98,11.99
6573,Historical,533830,1,2,D,10,1,39149,234.95,2012,90,170.48,112.97
6574,Historical,57458,0,0,D,5,1,1580457,136.47,2009,18,97.91,103.94
6575,Historical,105470,0,0,D,10,1,1411106,85.75,2008,40,93.99,32.66
6576,Historical,51657,0,0,D,10,1,20188,198.4,2009,287,138.97,37.49
6577,Historical,435018,1,3,D,11,1,2744,221.2,2012,234,138.97,43.83
6578,Historical,111585,0,0,D,3,1,707575,261.25,2011,30,120.98,25.5
6579,Historical,609316,1,2,D,7,1,732853,75.6,2004,56,49.86,24.74
6580,Historical,630912,0,0,D,2,1,1201354,0,2011,21,113.87,0
6581,Historical,107969,1,1,D,6,1,359049,100.5,2004,21,73.98,40.99
6582,Historical,61115,1,2,D,7,1,688813,852.6,2007,27,73.98,58.99
6583,Historical,417125,1,1,D,8,1,132156,131,2010,47,73.98,46.31
6584,Historical,487299,0,0,D,1,0,399803,55.95,2008,35,53.92,31.44
6585,Historical,435006,1,1,D,3,1,14913,219,2011,185,103.85,13.99
6586,Historical,55878,1,2,D,3,1,44571,198.4,2010,107,84.9,28.98
6587,Historical,540691,1,3,D,4,1,9396,232.6,2013,134,84.9,81.99
6588,Historical,742479,1,3,D,3,1,1162969,0,2010,27,84.9,103.07
6589,Historical,148625,0,0,D,10,1,291401,288.95,2007,69,128.99,15.88
6590,Historical,608063,0,0,D,9,1,862788,250.95,2004,71,128.99,47.93
6591,Historical,52228,0,0,D,4,1,99273,83.28,2010,85,106.49,33.93
6592,Historical,698655,1,1,D,19,1,2389393,19.48,2011,22,117.92,23.98
6593,Historical,879173,1,1,D,8,1,195067,43.94,2010,48,65.29,35.01
6594,Historical,628631,1,10,D,10,1,1784322,143.6,2011,25,148.7,5.29
6595,Historical,558123,1,1,D,2,1,1288512,62.5,2011,24,84.99,68.37
6596,Historical,877515,0,0,D,0,0,3882313,11.77,2008,32,123.99,10.91
6597,Historical,60653,0,0,D,8,1,1305421,249.95,2007,42,111.32,64.77
6598,Historical,663406,1,1,D,5,1,3932,257.6,2014,97,86.98,61.24
6599,Historical,539415,1,1,D,11,1,13478,247.4,2013,95,148.7,68.03
6600,Historical,544292,0,0,D,11,1,169781,279.95,2013,55,111.32,60.99
6601,Historical,50049,0,0,D,19,1,2889,276.25,2011,272,117.92,49.39
6602,Historical,552345,0,0,D,10,1,45059,204,2011,101,148.7,103.99
6603,Historical,57255,0,0,D,5,1,157764,313.95,2009,37,102.89,48.99
6604,Historical,609908,1,1,D,8,1,6262,247.4,2013,87,43.98,49.49
6605,Historical,301526,0,0,D,6,1,1629966,59.26,2008,30,73.96,43.94
6606,Historical,560867,0,0,D,1,0,592253,200,2007,48,143.99,53.98
6607,Historical,554062,0,0,D,2,1,62015,245.2,2010,89,143.99,60.79
6608,Historical,623463,1,1,D,4,1,89600,53.25,2010,44,226.38,37.29
6609,Historical,127194,0,0,D,6,1,28381,204.95,2009,71,194.31,73.99
6610,Historical,254154,0,0,D,1,0,84084,179.95,2010,59,0,22.94
6611,Historical,178940,0,0,D,1,0,184813,134.95,2010,83,4,28.99
6612,Historical,644714,1,1,D,1,0,816718,59.99,2011,23,40.48,36.82
6613,Historical,56651,0,0,D,1,0,268230,146.95,2010,53,0,23.95
6614,Historical,193910,0,0,D,1,0,33998,49.99,2011,67,31.29,27.97
6615,Historical,468750,1,2,D,0,0,1296373,39.99,2004,58,31.29,9.42
6616,Historical,148772,0,0,D,1,0,600025,213.95,2009,229,0,12.81
6617,Historical,178930,0,0,D,1,0,44675,201.95,2010,168,0,63.76
6618,Historical,254143,0,0,D,1,0,17589,213.95,2010,446,0,28.41
6619,Historical,110548,0,0,D,1,0,508505,45,2012,57,50.05,23.99
6620,Historical,655013,1,2,D,0,0,113455,86.99,2014,54,81.43,98.17
6621,Historical,570573,0,0,D,1,0,981541,74.95,2010,61,0,5.78
6622,Historical,251137,1,2,D,1,0,1587155,74.95,2007,43,0,11.97
6623,Historical,178949,0,0,D,1,0,243502,74.95,2011,40,0,12.49
6624,Historical,766996,0,0,D,1,0,73448,134.95,2010,61,56.85,33.78
6625,Historical,162989,0,0,D,1,0,995072,75,2010,53,35.38,28.19
6626,Historical,625315,0,0,D,3,1,496214,52,2008,61,0,13.85
6627,Historical,649098,0,0,D,1,0,304935,49.99,2008,28,34.97,53.9
6628,Historical,587483,0,0,D,4,1,425128,195.95,2010,71,0,8.94
6629,Historical,663294,0,0,D,5,1,229019,195.95,2013,47,0,100.12
6630,Historical,544752,0,0,D,5,1,88035,200.95,2013,36,151.96,43.94
6631,Historical,622656,1,1,D,1,0,583896,44.99,2010,54,31.98,29.97
6632,Historical,254152,0,0,D,1,0,122766,179.95,2011,76,0,16.92
6633,Historical,616867,0,0,D,2,1,954128,93.09,1997,40,62.99,57.35
6634,Historical,527962,0,0,D,2,1,160170,59.99,2010,22,44.07,40.96
6635,Historical,389265,1,7,D,0,0,26188,117.95,2012,73,90.47,78.99
6636,Historical,614579,1,1,D,0,0,333584,118.95,2007,48,8.14,4311.15
6637,Historical,257979,1,2,D,8,1,476652,80.95,1999,90,74.95,50.77
6638,Historical,909087,0,0,D,1,0,197036,49.95,2007,22,35.98,36.07
6639,Historical,3026439,0,0,D,3,1,744187,132.95,1998,29,70.15,87.46
6641,Historical,120739,0,0,D,1,0,1521574,146.4,2009,50,92.99,8.74
6642,Historical,621496,1,1,D,1,0,766773,34.95,1999,57,25.54,12.88
6643,Historical,156171,0,0,D,1,0,2884148,104.95,1996,17,85.54,27.98
6644,Historical,132567,0,0,D,8,1,316284,167.8,2008,50,103.8,59.69
6645,Historical,266942,1,1,D,0,0,1369228,20,2004,42,83.19,15.93
6646,Historical,645305,0,0,D,0,0,403736,46.95,2010,17,0,0
6647,Historical,875150,1,2,D,0,0,1342564,50.05,2000,38,86.68,36.67
6648,Historical,101517,0,0,D,1,0,274223,120.65,2002,133,10.99,14.67
6649,Historical,118540,0,0,D,3,1,384038,107,1996,34,83.68,73.13
6650,Historical,50954,0,0,D,10,1,92855,209.2,2010,54,189.61,52.07
6651,Historical,537432,0,0,D,11,1,18066,251.6,2012,57,189.61,75.64
6652,Historical,254007,1,9,D,10,1,98112,120,2011,111,69.52,38.99
6653,Historical,639978,0,0,D,1,0,375635,143.95,2011,45,118.69,49.08
6654,Historical,126061,0,0,D,5,1,1341133,42.95,2001,115,47.73,5.23
6655,Historical,317094,1,1,D,11,1,67314,224,2008,71,183.02,49.08
6656,Historical,873194,1,1,D,13,1,652429,197.93,2013,30,183.02,58.17
6657,Historical,868381,1,1,D,9,1,791632,112,1998,31,120.33,73.99
6658,Historical,915070,1,1,D,5,1,2255918,46.64,1997,39,63.99,8.87
6659,Historical,57978,1,3,D,18,1,76306,96,2004,54,96.58,179.87
6660,Historical,299394,1,4,D,2,1,780726,56,2000,37,83.59,43.13
6661,Historical,874253,0,0,D,3,1,1387211,241.95,2010,26,50.99,8.99
6662,Historical,427231,0,0,D,1,0,456422,122.95,2010,65,64.43,28.69
6663,Historical,416455,0,0,D,4,1,478285,210.5,2007,33,123.73,23.99
6664,Historical,50192,0,0,D,4,1,148596,172,2002,220,139.99,48.13
6665,Historical,53118,1,2,D,5,1,137240,23.93,2003,174,114.75,20.99
6666,Historical,55876,0,0,D,3,1,48076,52.98,2010,129,113.99,34.98
6667,Historical,119114,1,1,D,1,0,70185,245.2,2011,30,90.49,53.99
6668,Historical,552458,1,1,D,4,1,2054225,125.33,2005,62,97.99,6.98
6669,Historical,54163,0,0,D,4,1,243742,93.8,2007,61,34.74,22.49
6670,Historical,614775,1,1,D,10,1,233462,51.95,2010,96,31.88,10.03
6671,Historical,608027,0,0,D,9,1,369219,48.95,2008,149,31.88,8.92
6672,Historical,872179,0,0,D,10,1,914327,14.1,2010,39,31.88,13.57
6673,Historical,864902,0,0,D,11,1,99781,43.95,2014,33,31.09,16.89
6674,Historical,60668,0,0,D,2,1,1437287,56.95,2003,69,43.74,11.98
6675,Historical,911903,0,0,D,4,1,185938,87.39,2009,51,36.18,38.31
6676,Historical,743935,0,0,D,4,1,1549869,71.95,2009,18,36.18,43.99
6677,Historical,60670,1,1,D,3,1,1836674,61.95,2004,99,63.99,15.8
6678,Historical,147644,0,0,D,3,1,406745,44.95,2010,38,26.84,35.79
6679,Historical,147320,0,0,D,1,0,1890069,31.95,2005,37,26.84,20.81
6680,Historical,60671,0,0,D,2,1,1094150,39.95,2007,58,26.84,5.98
6681,Historical,329986,1,1,D,3,1,73367,142.95,2008,42,102.13,8.99
6682,Historical,626931,0,0,D,3,1,2235145,100,2005,26,105.65,70.09
6683,Historical,670697,0,0,D,2,1,1435514,57.95,2009,11,188.79,5.16
6684,Historical,527852,1,1,D,8,1,17042,75.95,2012,33,38.13,64.99
6685,Historical,810222,1,1,D,5,1,1112432,128.95,2010,18,0,0
6686,Historical,697926,0,0,D,8,1,1355387,0,2006,13,101.49,261.97
6687,Historical,162860,1,1,D,7,1,130509,83.99,2009,38,69.99,63.99
6688,Historical,51986,1,4,D,7,1,543017,97.2,2005,22,68.45,8.79
6689,Historical,121346,0,0,D,8,1,553224,141.27,2008,33,68.45,53.99
6690,Historical,751751,0,0,D,5,1,4844224,122.17,2009,17,58.99,49.93
6691,Historical,527818,0,0,D,7,1,20699,262.95,2011,73,190.89,101.62
6692,Historical,880159,0,0,D,6,1,1458647,0,2009,26,190.89,62.99
6693,Historical,617962,0,0,D,4,1,655045,54.5,2010,42,31.26,14.95
6694,Historical,616745,0,0,D,0,0,533176,52.5,2008,56,23.77,28.94
6695,Historical,187966,0,0,D,2,1,312016,76.99,2000,39,73.14,36.24
6696,Historical,2512018,1,1,D,3,1,1374423,55.4,1994,29,81.75,38.97
6697,Historical,719218,0,0,D,0,0,763673,62.95,2001,43,33.38,19.99
6698,Historical,2618087,0,0,D,2,1,724353,135.95,1991,33,40.95,52.81
6699,Historical,157269,0,0,D,3,1,813300,36.95,2005,32,39.7,18.98
6700,Historical,185090,0,0,D,1,0,503068,213.95,2000,74,149.06,10.16
6701,Historical,204071,1,5,D,3,1,131500,67.95,2007,149,39.98,19.98
6702,Historical,534845,0,0,D,9,1,451517,175,2010,32,93.94,88.99
6703,Historical,649758,0,0,D,6,1,506803,154.75,2012,29,0,103.99
6704,Historical,145344,0,0,D,2,1,3624136,62.6,2006,23,67.9,8.99
6705,Historical,193457,1,1,D,4,1,1219683,148,2006,25,63.98,45.15
6706,Historical,538770,1,4,D,9,1,10150,206,2013,78,106.87,90.9
6707,Historical,878293,0,0,D,3,1,1222512,51,2012,23,67.69,58.64
6708,Historical,55761,0,0,D,0,0,2303573,68,2005,34,67.69,12.99
6709,Historical,55463,0,0,D,7,1,118860,73.4,2011,55,48.99,37.99
6710,Historical,527774,1,1,D,5,1,73147,51.99,2010,126,26.22,28.98
6711,Historical,264275,0,0,D,4,1,457231,42.95,2007,97,26.22,13.69
6712,Historical,607012,0,0,D,6,1,49951,52.99,2009,71,127.99,55.94
6713,Historical,192917,0,0,D,17,1,1491558,0,2003,38,89.98,130.29
6714,Historical,3137926,1,2,D,1,0,306693,34.95,2002,66,34.98,8.98
6715,Historical,237047,0,0,D,1,0,101972,54.95,2001,23,8.37,43.98
6716,Historical,193966,1,1,D,3,1,2323600,72,2001,34,9.61,29.96
6717,Historical,2251538,0,0,D,5,1,1140344,48.58,2010,72,44.99,24.21
6718,Historical,200489,0,0,D,5,1,176496,148.95,2009,94,44.99,13.98
6719,Historical,60685,0,0,D,4,1,1604354,83.95,2006,58,44.99,4.65
6720,Historical,178981,0,0,D,1,0,304607,124.95,2010,98,30.49,28.97
6721,Historical,178894,0,0,D,1,0,72243,136.95,2010,89,85.89,33.93
6722,Historical,1598130,0,0,D,1,0,692643,134.95,2010,73,30.38,13.93
6723,Historical,610153,1,4,D,1,0,46230,187.95,2013,50,133.22,70.32
6724,Historical,178943,0,0,D,1,0,695771,187.95,2010,80,0,21.97
6725,Historical,143328,1,1,D,1,0,2830968,76.95,1997,19,92.74,98.88
6726,Historical,435123,0,0,D,5,1,49581,67.95,2002,181,66.1,44.8
6727,Historical,914922,0,0,D,2,1,576137,0,2004,31,53.98,1429.72
6728,Historical,154224,0,0,D,2,1,762084,76.5,1996,97,23.43,43.4
6729,Historical,2512133,0,0,D,7,1,5828058,45.45,1995,29,24.66,11.42
6730,Historical,55812,1,1,D,6,1,62174,122.86,2009,85,129.13,62.98
6731,Historical,196765,1,1,D,6,1,2922217,178,2005,19,102.87,69.21
6732,Historical,616973,0,0,D,5,1,875951,57.99,2004,40,0,0
6733,Historical,867307,0,0,D,14,1,64017,46.95,2014,22,33.99,22.59
6734,Historical,211046,0,0,D,8,1,115010,42.95,2010,68,9.41,33.32
6735,Historical,577378,0,0,D,11,1,2896937,49.95,2005,66,31.73,6.1
6736,Historical,577411,1,1,D,13,1,180115,61.95,2009,224,31.73,11.49
6737,Historical,200633,0,0,D,2,1,301598,64.95,2011,35,56.66,28.99
6738,Historical,202292,0,0,D,1,0,2988464,109.95,2002,42,53.99,5.57
6739,Historical,577437,0,0,D,2,1,94524,46.95,2008,51,27.38,28.98
6740,Historical,264234,1,1,D,1,0,1304214,39.95,2004,44,27.38,27.33
6741,Historical,54006,0,0,D,7,1,834942,71.95,2003,105,37.07,9.99
6742,Historical,544369,1,4,D,13,1,4530,260.95,2013,95,119.47,103.99
6743,Historical,527619,1,1,D,3,1,93272,132.47,2011,78,98.81,33.73
6744,Historical,56549,1,4,D,2,1,217304,132.47,2011,66,59.12,38.2
6745,Historical,56551,0,0,D,1,0,124930,139.27,2007,103,59.12,7.94
6746,Historical,146829,0,0,D,2,1,1334913,132.47,2011,19,59.12,55.25
6747,Historical,146838,0,0,D,2,1,65205,165.2,2011,137,59.12,21.99
6748,Historical,54727,0,0,D,4,1,117140,148.95,2010,34,38.58,55
6749,Historical,533608,0,0,D,10,1,41072,191.5,2012,65,73.73,70.15
6750,Historical,616031,1,1,D,2,1,100024,199.64,2010,37,89.69,80.37
6751,Historical,53034,0,0,D,1,0,1744602,107,2006,54,97.13,16.99
6752,Historical,539335,1,1,D,2,1,29317,146.8,2013,50,74.41,83.92
6753,Historical,54728,0,0,D,3,1,1474839,217.95,2007,64,38.58,12.42
6754,Historical,544463,1,2,D,7,1,51662,196.95,2013,52,81.38,103.98
6755,Historical,290226,0,0,D,2,1,194154,24.29,2010,90,31.92,23.57
6756,Historical,60693,0,0,D,1,0,1357715,19.57,2007,71,31.92,14
6757,Historical,570488,0,0,D,1,0,207654,103.95,2012,54,48.1,59.06
6759,Historical,200139,0,0,D,2,1,819058,141.95,2006,67,67.96,33.87
6760,Historical,533540,1,4,D,8,1,32631,279.95,2012,69,183.46,103.94
6761,Historical,127435,1,1,D,0,0,272662,84.95,2009,47,59.95,50.57
6762,Historical,127436,1,3,D,0,0,869576,84.95,2009,52,52.95,11.99
6763,Historical,57960,1,1,D,9,1,34311,141.6,2011,185,115.57,32.59
6764,Historical,608328,0,0,D,7,1,831997,110,2000,53,104.05,69.05
6765,Historical,50695,1,1,D,4,1,220183,150.67,2006,81,80.36,53.98
6766,Historical,50694,0,0,D,3,1,336935,105.33,2002,63,80.36,38.49
6767,Historical,132373,0,0,D,3,1,1177999,41.2,2007,65,18.76,20.2
6768,Historical,627348,0,0,D,0,0,341715,42,2004,23,14.74,9.31
6769,Historical,57125,1,1,D,4,1,410225,49.95,2002,33,38.48,39.96
6770,Historical,55198,0,0,D,8,1,108429,57.94,2008,61,92.87,73.87
6771,Historical,55199,0,0,D,7,1,717425,17.74,2006,47,92.87,10.98
6772,Historical,527528,0,0,D,7,1,367615,185.2,2011,73,128.17,28.99
6773,Historical,697529,1,1,D,2,1,2237271,156.75,1998,19,117.6,69.63
6774,Historical,52080,0,0,D,13,1,21812,181,2010,68,88.99,68.95
6775,Historical,537885,0,0,D,1,0,2317454,171.5,2007,45,88.99,14.47
6776,Historical,51228,1,1,D,5,1,882849,9.66,2005,50,182.64,9.66
6777,Historical,50905,1,1,D,10,1,27173,254.6,2010,77,156.99,94.01
6778,Historical,533792,1,2,D,10,1,20504,293.8,2012,105,192.32,115.19
6779,Historical,51042,1,2,D,11,1,1726,74.11,2011,186,143.39,57.7
6780,Historical,51041,0,0,D,10,1,15912,50.34,2008,97,143.39,60.39
6781,Historical,212573,0,0,D,4,1,84239,203.2,2001,75,63.99,97.99
6782,Historical,114183,0,0,D,0,0,3263847,131,1999,20,55.94,74.95
6783,Historical,113970,1,1,D,4,1,174433,125,2000,40,179.94,48.95
6784,Historical,52151,1,1,D,8,1,10160,358.95,2011,158,173.99,43.99
6785,Historical,533733,1,1,D,6,1,24061,390.95,2011,83,111.31,88.21
6786,Historical,50358,0,0,D,8,1,70629,68.28,2010,90,153.43,63.94
6787,Historical,57538,1,4,D,5,1,413448,162.7,2002,132,139.58,31.48
6788,Historical,624359,0,0,D,10,1,525152,21.49,2009,42,144.96,53.95
6789,Historical,166981,1,3,D,2,1,104304,33.99,2005,67,41.24,63.7
6790,Historical,617026,1,1,D,7,1,7491,294.2,2013,155,141.99,63.99
6791,Historical,110063,1,1,D,3,1,88985,80,2011,60,114.99,30.99
6792,Historical,742602,1,2,D,6,1,2343925,66,2010,29,141.99,49.97
6793,Historical,110344,0,0,D,8,1,269228,68.95,2010,86,153.43,28.99
6794,Historical,57957,0,0,D,1,0,75863,43.94,2003,40,31.7,27.72
6795,Historical,169469,0,0,D,1,0,2426775,413.95,2006,13,132.39,73.29
6796,Historical,163360,1,3,D,12,1,49926,90.5,2011,59,133.99,72.57
6797,Historical,879341,0,0,D,4,1,850066,23.97,2009,32,80.34,82.29
6798,Historical,699110,0,0,D,4,1,178217,92.5,2008,35,80.34,39.55
6799,Historical,51907,0,0,D,7,1,694412,169,2007,45,103.99,18.79
6800,Historical,121551,1,2,D,14,1,3070596,0,2010,31,112.41,28.98
6801,Historical,110710,0,0,D,1,0,9364,8.43,2008,34,118.87,20.99
6802,Historical,50383,1,2,D,13,1,37969,196,2008,139,112.41,26.43
6803,Historical,57953,0,0,D,4,1,383332,23.98,2008,67,148.53,30.62
6804,Historical,276805,0,0,D,1,0,1290462,52.95,2002,33,28.01,42.99
6805,Historical,132213,0,0,D,2,1,548686,97.8,2007,46,28.01,23.99
6806,Historical,205999,0,0,D,3,1,378475,45,2004,47,37.4,34.89
6807,Historical,120771,0,0,D,6,1,549016,234.2,2009,53,101.98,23.73
6808,Historical,862205,1,2,D,4,1,6701,69.95,2014,93,37.98,48.99
6809,Historical,1453063,0,0,D,2,1,650010,77.6,2013,4,0,61.3
6810,Historical,435130,0,0,D,4,1,2710004,245,2005,14,128.69,103.55
6811,Historical,54438,1,2,D,11,1,94311,303.95,2010,91,114.19,22.98
6812,Historical,534012,0,0,D,11,1,58360,244.95,2010,73,114.19,52.19
6813,Historical,620855,0,0,D,5,1,572271,117.44,2005,65,52.65,21.98
6814,Historical,130385,1,3,D,7,1,17973,178.2,2011,72,89.25,53.99
6815,Historical,916700,1,1,D,5,1,2113081,0,2009,35,89.25,11.84
6816,Historical,54154,0,0,D,7,1,11730,178.2,2011,51,89.77,70.97
6817,Historical,54153,1,1,D,6,1,55287,127.4,2008,48,89.77,59.49
6818,Historical,287221,1,1,D,2,1,398694,65,1999,69,15.32,12.57
6819,Historical,116035,0,0,D,2,1,3061861,72,2005,41,46.17,15.99
6820,Historical,316637,0,0,D,3,1,1102741,90,2008,61,46.17,6.81
6821,Historical,546409,0,0,D,0,0,809885,75,2013,65,5.74,37.47
6822,Historical,2268109,1,1,D,4,1,10357985,198,2010,22,0,160.68
6823,Historical,339822,0,0,D,3,1,842406,22.98,2006,49,44.83,11.92
6824,Historical,724428,0,0,D,4,1,615664,79.95,2009,42,74.3,14.59
6825,Historical,527355,0,0,D,4,1,555263,133.75,2006,23,74.3,11.99
6826,Historical,644617,0,0,D,16,1,385667,49.99,2012,80,35.89,71.81
6827,Historical,802700,0,0,D,14,1,1072298,49.99,2009,30,35.89,11.94
6828,Historical,802657,0,0,D,13,1,1234862,49.99,2008,59,35.89,10.44
6829,Historical,802600,0,0,D,12,1,1220132,49.99,2006,48,35.89,38.39
6830,Historical,618790,0,0,D,3,1,1488648,120,2000,33,91.79,62.95
6831,Historical,613491,0,0,D,3,1,304630,82.95,2005,83,43.84,15.28
6832,Historical,665899,0,0,D,6,1,1227491,147.95,2009,23,63.99,73.98
6833,Historical,55196,0,0,D,3,1,101309,58.99,2011,58,103.69,63.99
6834,Historical,862825,1,2,D,3,1,167200,99,1999,30,83.89,82.88
6835,Historical,60713,0,0,D,2,1,1907511,7.24,2006,34,28.85,17.48
6836,Historical,162272,0,0,D,3,1,463240,23.97,2009,51,28.85,8.35
6837,Historical,872632,0,0,D,1,0,2970002,87.8,2006,74,29.77,13.99
6838,Historical,652428,0,0,D,20,1,585462,69.95,2013,36,57.4,31.99
6839,Historical,871932,1,2,D,21,1,319244,69.95,2014,27,57.4,160.14
6840,Historical,192415,0,0,D,3,1,1317773,96.95,2004,40,66.49,10.99
6841,Historical,170222,0,0,D,9,1,594947,169.95,2011,43,88.31,53.99
6842,Historical,51889,1,1,D,9,1,456897,219.95,2011,57,75.57,24.99
6843,Historical,170218,0,0,D,9,1,558165,219.95,2011,65,46.79,25.98
6844,Historical,55712,0,0,D,8,1,1191740,55.4,2005,58,55.71,7.98
6845,Historical,873896,0,0,D,2,1,3439847,0,2012,13,147.63,140.87
6846,Historical,113956,0,0,D,1,0,562805,142,1999,20,0,119.8
6847,Historical,170083,0,0,D,13,1,461323,184.95,2011,34,49.23,83.65
6848,Historical,53158,1,1,D,10,1,8206,250,2011,137,119.98,23.89
6849,Historical,539397,0,0,D,5,1,9726,196.6,2013,78,68.99,58.98
6850,Historical,52831,0,0,D,6,1,1854384,155.95,2006,69,148.09,31.91
6851,Historical,416387,0,0,D,2,1,2675088,0,2005,49,99.97,123.01
6852,Historical,54593,0,0,D,4,1,824867,18.98,2007,123,62.41,7.99
6853,Historical,221716,0,0,D,5,1,407358,69.95,2001,14,56.5,6.03
6854,Historical,54036,0,0,D,5,1,2173156,78.67,2006,78,57.06,9.49
6855,Historical,57939,0,0,D,1,0,3625557,49.95,2006,40,53.58,5.99
6856,Historical,57938,0,0,D,3,1,168072,89,2011,127,53.58,9.99
6857,Historical,57937,0,0,D,2,1,968272,72.95,2008,94,53.58,10.98
6858,Historical,924253,1,1,D,4,1,19894,69.95,2015,58,58.6,33.99
6859,Historical,192849,0,0,D,1,0,3920221,65.95,2002,35,27.92,16.29
6860,Historical,676567,1,1,D,0,0,170981,25.95,2004,56,28.95,23.94
6861,Historical,874087,0,0,D,2,1,3028660,65.67,2005,52,53.99,62.29
6862,Historical,203785,1,2,D,2,1,874569,99.95,2005,76,53.99,35.19
6863,Historical,788085,1,1,D,1,0,1284700,87.95,1999,35,64.61,49.01
6864,Historical,235135,0,0,D,4,1,467337,39.95,2010,84,15.99,21.58
6865,Historical,569658,1,1,D,6,1,2875327,99.95,1999,37,99.99,36.27
6866,Historical,616882,1,2,D,1,0,1248936,44.95,2002,37,56.57,19.98
6867,Historical,607231,1,1,D,6,1,1950822,49.6,2002,35,75.89,19.99
6868,Historical,57021,1,4,D,10,1,39838,186.6,2010,56,76.18,114.75
6869,Historical,57020,1,1,D,8,1,121236,110.2,2004,147,76.18,22.74
6870,Historical,57019,0,0,D,9,1,43549,167.2,2007,107,76.18,41.33
6871,Historical,1826324,1,1,D,7,1,878083,71.95,2013,36,61.21,21.01
6872,Historical,200280,0,0,D,2,1,4447716,79.95,2006,11,10.07,22.98
6873,Historical,552102,0,0,D,4,1,229232,172.6,2001,64,133.99,61.51
6874,Historical,53983,1,16,D,6,1,7323,125,2011,699,73.99,17.99
6875,Historical,538449,1,2,D,14,1,15631,214.25,2012,92,122.28,76.54
6876,Historical,210832,1,1,D,4,1,1548878,75,2000,57,47.79,33.98
6877,Historical,613538,0,0,D,0,0,473516,114.75,2002,95,90.98,8.88
6878,Historical,538514,1,1,D,10,1,19372,270.5,2013,67,76.72,99.99
6879,Historical,862675,0,0,D,0,0,1247989,147.5,1996,84,66.93,12.85
6880,Historical,254621,0,0,D,1,0,962800,84.95,2011,69,41.04,15.87
6881,Historical,561262,1,1,D,4,1,25159,275.6,2009,97,80.26,157.83
6882,Historical,533704,0,0,D,9,1,15172,296,2012,162,184.08,51.99
6883,Historical,623453,0,0,D,9,1,380943,87.94,2011,69,184.08,41.89
6884,Historical,54227,1,2,D,2,1,768683,153.35,2003,55,80.26,33.99
6885,Historical,212335,0,0,D,2,1,95887,245.2,2007,128,100.86,29.99
6886,Historical,145778,1,2,D,2,1,561814,237,2007,54,106.34,27.94
6887,Historical,145767,0,0,D,2,1,319442,259.93,2007,33,100.86,215.88
6888,Historical,540544,0,0,D,2,1,111448,113,2007,127,48.29,26.29
6889,Historical,291541,0,0,D,6,1,210844,139.95,2003,55,153.22,17.84
6890,Historical,110468,1,2,D,7,1,171174,97.58,2011,90,99.49,54.03
6891,Historical,53774,0,0,D,6,1,11206,241.33,2004,199,138.89,67.24
6892,Historical,614113,0,0,D,2,1,416260,97.35,2003,49,53.95,65.13
6893,Historical,628748,0,0,D,4,1,169546,166.6,2009,78,64.91,81.78
6894,Historical,131039,0,0,D,11,1,10592,248.8,2012,84,113.99,100.55
6895,Historical,924455,0,0,D,12,1,31475,44.99,2014,33,30.62,30.32
6896,Historical,115838,1,1,D,8,1,500266,93.33,2004,43,81.37,22.21
6897,Historical,2384605,0,0,D,4,1,1226162,65,1994,45,88.94,24.66
6898,Historical,55698,0,0,D,3,1,676334,171.95,2007,132,57.75,24.72
6899,Historical,795319,0,0,D,3,1,3471027,0,2008,11,90.83,48.99
6900,Historical,55697,0,0,D,2,1,248478,293.95,2004,137,57.75,27.19
6901,Historical,106584,0,0,D,5,1,1126336,48,2007,31,27.18,9.98
6902,Historical,57089,0,0,D,2,1,669211,41.95,1995,43,30.43,18.69
6903,Historical,559769,1,2,D,1,0,2453475,48.75,1996,49,43.96,13
6904,Historical,560940,0,0,D,5,1,1051491,43,2006,59,28.6,11.99
6905,Historical,607339,1,1,D,7,1,185461,143.6,2007,76,81.54,30.99
6906,Historical,875674,0,0,D,7,1,767768,33.99,2007,35,81.54,33.99
6907,Historical,250975,1,1,D,7,1,270845,79.95,2010,29,41.39,53.98
6908,Historical,268212,1,2,D,6,1,810652,71.95,2007,31,41.39,18.58
6909,Historical,614926,1,3,D,6,1,620187,95,2000,30,19.5,137.48
6910,Historical,285978,0,0,D,5,1,2710251,99.6,2005,51,89.82,4.36
6911,Historical,53511,0,0,D,7,1,1250186,107.2,2008,50,69.75,11.4
6912,Historical,53514,0,0,D,6,1,2616291,92.2,2005,42,69.75,32.91
6913,Historical,53512,1,1,D,8,1,92293,142.2,2010,80,69.75,38.38
6914,Historical,612556,0,0,D,13,1,19039,149.2,2013,102,78.94,93.93
6915,Historical,51982,0,0,D,12,1,2438936,115.8,2006,59,60.62,6.26
6916,Historical,534521,1,1,D,8,1,152386,72,2012,62,35.27,9.79
6917,Historical,54288,0,0,D,7,1,526651,75.95,2009,51,73.33,28.99
6918,Historical,2550932,0,0,D,0,0,2273881,52.95,1996,22,8.32,72.99
6919,Historical,110619,1,1,D,13,1,146180,129.41,2011,41,103.7,38.99
6920,Historical,705906,1,3,D,6,1,537852,144.5,2013,25,47.02,102.98
6921,Historical,60987,0,0,D,1,0,713039,169.95,1995,56,53.94,20.54
6922,Historical,142005,1,2,D,1,0,169504,13.98,2010,190,24.99,12.99
6923,Historical,53362,1,1,D,10,1,285510,33.93,2010,133,33.95,33.99
6924,Historical,417081,1,2,D,9,1,1413314,54.07,2007,86,33.95,38.94
6925,Historical,2378143,1,1,D,3,1,4047732,97,1996,26,119.99,26.68
6926,Historical,348506,1,1,D,3,1,1453041,424.95,2006,29,203.5,54.49
6927,Historical,148727,0,0,D,3,1,401645,378.95,2008,34,203.5,58.81
6928,Historical,119286,0,0,D,10,1,28769,112.6,2012,47,89.22,50.16
6929,Historical,614791,0,0,D,1,0,1222169,62.95,2002,47,53.94,21.99
6930,Historical,252755,0,0,D,2,1,992184,212,2011,37,116.38,22.55
6931,Historical,609868,1,4,D,15,1,232478,192.95,2013,86,125.36,16.82
6932,Historical,3272257,0,0,D,2,1,2902038,74.52,2005,37,0,48.12
6933,Historical,117093,0,0,D,3,1,529599,47.4,2008,85,45.99,19.32
6934,Historical,637876,1,2,D,1,0,1089032,73.87,2011,38,20.15,45.75
6935,Historical,288701,1,2,D,6,1,606724,197.33,2009,38,108.42,49.99
6936,Historical,527026,1,8,D,5,1,49145,216.8,2011,95,43.98,64.06
6937,Historical,621053,0,0,D,3,1,1440237,134.9,2004,29,99.12,67.99
6938,Historical,145605,0,0,D,5,1,1279445,156.67,2006,34,153.93,8.97
6939,Historical,146596,1,6,D,6,1,390350,211.33,2010,21,108.42,214.66
6940,Historical,177025,0,0,D,3,1,3090994,212.95,2005,25,72.99,28.99
6941,Historical,57102,1,2,D,3,1,75794,233.4,2010,113,102.97,51.09
6942,Historical,2264268,1,5,D,3,1,535627,80.99,2010,30,163.26,65.43
6943,Historical,635768,1,1,D,5,1,288893,236.8,2011,32,43.98,180.03
6944,Historical,52546,0,0,D,10,1,14153,193.8,2010,166,112.22,53.98
6945,Historical,52548,0,0,D,9,1,1868810,124.2,2008,19,112.22,61.93
6946,Historical,52265,1,2,D,8,1,21910,367.95,2010,98,118.96,53.99
6947,Historical,52972,0,0,D,9,1,23809,247.6,2011,128,137.39,63.99
6948,Historical,60162,0,0,D,5,1,766975,97.95,1996,50,127.84,43.98
6949,Historical,561286,0,0,D,2,1,1001737,238.67,2010,27,141.26,524.19
6950,Historical,618268,0,0,D,2,1,39771,272.25,2009,56,64.67,37.97
6951,Historical,146369,0,0,D,4,1,157378,247.6,2011,67,151.72,130.13
6952,Historical,613399,0,0,D,3,1,894831,168,2004,77,39.64,38.72
6953,Historical,616108,0,0,D,6,1,770135,114,2001,45,137.39,61.57
6954,Historical,1574330,0,0,D,5,1,4917705,0,2006,20,151.82,61.85
6955,Historical,619885,1,1,D,2,1,1407553,114,2001,46,143.14,79.99
6956,Historical,874079,0,0,D,2,1,5051288,5.37,2007,18,72.95,5.26
6957,Historical,50088,0,0,D,2,1,903523,164,2004,55,78.04,42.44
6958,Historical,741697,0,0,D,4,1,1771378,210,2008,18,39.64,210
6959,Historical,178879,1,1,D,2,1,522977,155.95,2011,58,173.45,113.98
6960,Historical,183653,1,2,D,5,1,83250,96.46,2007,118,105.94,63.37
6961,Historical,292175,1,5,D,4,1,128851,215.8,2004,76,105.94,36.49
6962,Historical,628741,0,0,D,9,1,203548,186.33,2009,26,65.08,154.3
6963,Historical,60755,0,0,D,8,1,1550393,80,2007,42,65.08,18.49
6964,Historical,609869,1,1,D,10,1,144645,131.6,2013,56,51.2,75.15
6965,Historical,56194,0,0,D,7,1,2341682,89.33,2005,64,43.79,4.45
6966,Historical,527240,0,0,D,0,0,883756,271.8,2013,49,209.89,16.91
6967,Historical,622948,1,1,D,0,0,153167,312.2,2014,55,285.32,41.99
6968,Historical,119380,0,0,D,0,0,1200180,257.6,2012,45,285.32,13.97
6969,Historical,866877,0,0,D,28,1,66716,298.4,2015,61,46.97,28.99
6970,Historical,538485,1,3,D,9,1,10128,285.25,2013,92,112.94,87.99
6971,Historical,57599,0,0,D,8,1,23784,75.32,2010,113,112.94,28.98
6972,Historical,2333254,0,0,D,7,1,850252,76.95,1992,27,17.77,28.17
6973,Historical,622630,1,1,D,3,1,97722,145,2011,51,28.74,77.19
6974,Historical,2874123,1,1,D,0,0,1148463,22.95,1995,37,0,11.35
6975,Historical,711008,0,0,D,6,1,3395794,100,2000,28,113.87,26.8
6976,Historical,50599,1,1,D,13,1,12177,58.1,2011,212,188.99,61.98
6977,Historical,108846,1,4,D,12,1,1165503,140.25,2005,64,127.85,18.99
6978,Historical,50304,1,3,D,17,1,875826,29.96,2009,113,148.45,24.74
6979,Historical,286266,1,1,D,6,1,85177,174,2007,32,182.99,121.75
6980,Historical,909376,0,0,D,0,0,857741,42,1994,21,0,82.13
6981,Historical,540619,1,1,D,2,1,8983,217.4,2012,175,132.02,37.32
6982,Historical,146210,0,0,D,1,0,882937,194.93,2009,17,132.02,236.31
6983,Historical,538835,0,0,D,11,1,4052,363.75,2013,89,73.98,62.94
6984,Historical,57913,0,0,D,8,1,707203,14.92,2005,107,73.98,11.76
6985,Historical,875688,0,0,D,4,1,277286,42.99,2011,36,115.7,33.99
6986,Historical,549829,0,0,D,2,1,1371150,28.89,2001,25,70.43,58.67
6987,Historical,50839,0,0,D,10,1,2268665,276.95,2007,40,85.5,5.46
6988,Historical,230939,0,0,D,3,1,157714,99.95,1998,36,51.27,42.34
6989,Historical,166068,0,0,D,1,0,1889488,7.95,2004,44,20,9.87
6990,Historical,60768,0,0,D,5,1,147331,164.95,2001,33,109.65,48.99
6991,Historical,536555,1,2,D,5,1,26701,219,2012,137,70.7,83.99
6992,Historical,2313720,0,0,D,4,1,1114506,91.8,1992,49,116.49,23.99
6993,Historical,50137,0,0,D,6,1,5246,282.95,2011,178,103.98,42.98
6994,Historical,251215,0,0,D,6,1,249261,302.95,2009,33,162.58,59.49
6995,Historical,50142,1,1,D,10,1,40577,204,2011,66,83.99,62.69
6996,Historical,120853,0,0,D,13,1,34897,302,2011,150,143.89,53.78
6997,Historical,741575,0,0,D,12,1,5650667,0,2009,21,143.89,110.83
6998,Historical,539461,0,0,D,15,1,2016,273.4,2013,99,176.24,72.45
6999,Historical,118335,0,0,D,14,1,21367,257.2,2011,147,176.24,42.49
7000,Historical,766349,1,2,D,6,1,1167275,0,2011,48,98.99,57.22
7001,Historical,53448,0,0,D,6,1,3198,282.95,2011,338,98.99,37.98
7002,Historical,920638,1,2,D,6,1,1061762,13.99,2012,48,98.99,13.98
7003,Historical,53449,0,0,D,10,1,42673,204,2011,153,97.34,90.51
7004,Historical,539422,1,1,D,11,1,11000,257.6,2013,81,97.34,68.98
7005,Historical,154320,0,0,D,3,1,3252264,106.5,2002,41,60.02,12.22
7006,Historical,639636,1,1,D,9,1,18994,272,2013,74,109.59,103.75
7007,Historical,553306,0,0,D,5,1,1031128,187.33,2012,23,83.5,105.1
7008,Historical,245193,0,0,D,4,1,1207388,221.95,2005,72,8.07,21.24
7009,Historical,548192,0,0,D,3,1,3068955,153.95,2001,31,97.82,43.98
7010,Historical,50257,0,0,D,17,1,182031,103.6,2009,47,57.68,23.94
7011,Historical,559473,0,0,D,0,0,36926,115,2011,77,71.98,70.2
7012,Historical,212920,0,0,D,1,0,1570209,59.95,1998,29,52.63,43.89
7013,Historical,625790,0,0,D,0,0,1102751,176.95,2000,25,77.19,68.28
7014,Historical,126528,0,0,D,2,1,2577822,129,2005,13,77.19,30.98
7015,Historical,570472,1,1,D,3,1,374612,79.99,2011,23,145.38,130.83
7016,Historical,526912,0,0,D,0,0,531454,295,2013,59,52.83,29.88
7017,Historical,538750,0,0,D,0,0,250220,295,2014,82,52.83,21.01
7018,Historical,2867175,1,1,D,1,0,4740925,84.99,1996,19,74.98,52.1
7019,Historical,2344390,0,0,D,2,1,3777993,0,1975,22,69.48,130.6
7020,Historical,259358,1,1,D,0,0,407384,69,2001,31,84.24,63.55
7021,Historical,222812,0,0,D,4,1,1322090,54,2004,34,46.71,19.98
7022,Historical,606758,0,0,D,7,1,625306,49.95,2003,41,37.33,33.86
7023,Historical,114054,0,0,D,6,1,1261459,111,2000,52,173.65,23.97
7024,Historical,52506,0,0,D,8,1,12604,252.95,2011,104,168.44,87.99
7025,Historical,52505,0,0,D,6,1,856881,180.95,2003,91,168.44,23.79
7026,Historical,2347510,0,0,D,3,1,11772764,0,1993,10,76.79,46.32
7027,Historical,642399,0,0,D,3,1,2612459,108.3,1993,23,76.79,47.99
7028,Historical,911780,0,0,D,3,1,759850,103.5,1991,32,74.9,77.88
7029,Historical,533441,0,0,D,7,1,29887,150.2,2012,53,123.99,43.59
7030,Historical,742009,0,0,D,6,1,3931341,0,2009,14,123.99,51
7031,Historical,873813,0,0,D,13,1,100044,110.95,2015,38,80.93,58.99
7032,Historical,649549,0,0,D,15,1,65353,84.75,2013,58,39.99,42.94
7033,Historical,54677,0,0,D,8,1,78479,148.6,2011,101,83.24,48.01
7034,Historical,146989,0,0,D,2,1,241240,68.95,2002,26,21.24,35.92
7035,Historical,2815680,1,1,D,3,1,3671971,97.74,1980,20,0,56.75
7036,Historical,666100,0,0,D,1,0,1037895,113.6,1998,25,161.94,70.75
7037,Historical,57203,1,3,D,5,1,469653,23.99,2008,43,57.74,28.94
7038,Historical,57202,0,0,D,4,1,499200,41.99,2004,40,57.74,58.99
7039,Historical,2568081,0,0,D,5,1,1119983,47.44,2002,58,85.53,48.98
7040,Historical,144922,0,0,D,1,0,143202,69.99,2005,72,28.24,28.74
7041,Historical,868704,0,0,D,4,1,1834365,69.95,2002,20,41.71,63.96
7042,Historical,57132,0,0,D,6,1,128629,73.95,2010,363,40.81,9.19
7043,Historical,57131,0,0,D,5,1,1044075,59.95,2007,185,40.81,7.95
7044,Historical,535355,1,1,D,1,0,955604,106.95,2013,53,45.23,52.25
7045,Historical,208538,0,0,D,2,1,531451,97.2,1996,18,113.87,204.51
7046,Historical,599566,0,0,D,3,1,760723,50,2006,35,6.4,38.5
7047,Historical,60777,1,1,D,2,1,308430,14.98,1998,39,78.94,24.99
7048,Historical,778323,0,0,D,4,1,770177,0,2005,32,83.66,48.61
7049,Historical,626232,1,1,D,5,1,495298,217.95,2011,59,181.16,34.42
7050,Historical,544708,0,0,D,6,1,147443,198.95,2013,39,181.16,97.99
7051,Historical,344345,0,0,D,6,1,4569032,0,2006,24,81.51,93.55
7052,Historical,340824,0,0,D,5,1,1460561,13.19,2002,37,81.51,13.16
7053,Historical,537431,0,0,D,3,1,30356,277.8,2012,51,197.19,96.89
7054,Historical,620503,1,1,D,1,0,2340066,182,2006,22,197.19,13.82
7055,Historical,110357,0,0,D,5,1,34220,224,2010,64,132.59,67.27
7056,Historical,509949,0,0,D,6,1,1870980,175,2010,14,126.77,124.73
7057,Historical,169859,0,0,D,9,1,1407620,96.95,2009,50,8.08,44.85
7058,Historical,258361,0,0,D,0,0,2704160,76.5,2001,38,10.81,10.94
7059,Historical,247777,0,0,D,3,1,136275,60,2007,45,35.29,15.99
7060,Historical,877327,1,1,D,10,1,37668,100.8,2013,46,58.98,48.99
7061,Historical,645710,1,1,D,11,1,1558450,92,1997,25,9.73,79.06
7062,Historical,2678445,1,4,D,0,0,567257,42,1988,45,57.66,23.99
7063,Historical,55808,0,0,D,5,1,231080,75.99,2010,202,39.99,11.97
7064,Historical,563605,0,0,D,4,1,68943,18.99,2011,139,132.14,18.48
7065,Historical,747908,1,1,D,4,1,736679,8.99,2013,49,132.14,8.99
7066,Historical,498109,1,4,D,10,1,1795,86,2011,202,145.1,73.25
7067,Historical,625606,1,1,D,11,1,13787,219.6,2013,69,123.99,58.99
7068,Historical,614462,0,0,D,10,1,28201,159.67,2011,65,145.1,86.4
7069,Historical,55803,0,0,D,9,1,143611,268.95,2011,56,102.41,53.4
7070,Historical,53226,1,1,D,3,1,19350,205.2,2011,261,63.67,23.99
7071,Historical,115560,0,0,D,4,1,5015298,68,2003,55,65.8,10.13
7072,Historical,861614,1,8,D,2,1,104975,177.6,2013,89,105.98,28.22
7073,Historical,114203,0,0,D,11,1,198864,100,2001,72,6.29,28.99
7074,Historical,50161,1,1,D,19,1,114835,193.33,2009,68,91.67,49.88
7075,Historical,60785,0,0,D,10,1,1116827,33.99,2007,54,40.28,28.64
7076,Historical,452830,0,0,D,8,1,102066,225.95,2010,245,67.74,12.55
7077,Historical,879133,0,0,D,10,1,2171860,76.1,2011,30,123.99,53.32
7078,Historical,52316,1,2,D,10,1,16704,201.2,2010,148,123.99,13.32
7079,Historical,613633,1,6,D,3,1,40743,191.2,2011,232,63.67,27.05
7080,Historical,55800,1,1,D,6,1,1642731,13.99,2006,76,102.41,13.98
7081,Historical,875236,0,0,D,7,1,362166,66.17,2007,24,114.89,150.21
7082,Historical,177848,0,0,D,4,1,800702,7.22,2005,44,99.79,5.24
7083,Historical,54000,0,0,D,8,1,31923,183.55,2006,263,145.1,27.48
7084,Historical,608781,0,0,D,2,1,296426,47.95,2006,26,104.28,17.99
7085,Historical,51305,0,0,D,8,1,1984566,0,2010,30,83.99,47.36
7086,Historical,51302,0,0,D,7,1,3063228,92.95,2003,27,72.28,105.31
7087,Historical,54607,0,0,D,6,1,193571,127.4,2008,137,25.93,21.81
7088,Historical,52244,0,0,D,2,1,78418,203,2010,91,128.74,43.99
7089,Historical,593637,0,0,D,2,1,942374,0,2011,28,0,0
7090,Historical,54491,1,7,D,1,0,411923,93.99,2008,130,59.85,21.99
7091,Historical,624299,1,1,D,2,1,872091,69.5,2011,28,59.85,33.97
7092,Historical,252790,1,16,D,2,1,35973,33.97,2011,286,59.85,52.96
7093,Historical,617623,1,17,D,10,1,295239,175.75,2012,101,122.42,41.56
7094,Historical,451713,1,3,D,11,1,1521514,281.95,2008,37,103.99,68.29
7095,Historical,55455,0,0,D,3,1,723482,128,2008,71,65.33,45.59
7096,Historical,522117,1,2,D,9,1,17077,285.95,2012,123,111.95,81.97
7097,Historical,593629,1,1,D,4,1,10849,283.5,2012,67,95.83,43.98
7098,Historical,291736,0,0,D,10,1,432891,365.95,2010,33,123.65,30.24
7099,Historical,698935,0,0,D,9,1,537567,93,2010,20,108.99,78.89
7100,Historical,710984,0,0,D,0,0,1237861,83,2000,34,93.92,26.28
7101,Historical,557459,0,0,D,9,1,340197,133.6,2009,69,152.66,48.99
7102,Historical,52657,0,0,D,4,1,548665,86.6,2008,44,53.04,18.35
7103,Historical,52656,0,0,D,3,1,907238,93,2005,43,53.04,11.19
7104,Historical,557327,0,0,D,3,1,228968,136.4,2006,47,53.04,15.99
7105,Historical,544237,0,0,D,10,1,70427,201.95,2013,63,118.23,117.15
7106,Historical,54830,0,0,D,6,1,134451,142.4,2009,48,40.39,55.33
7107,Historical,567432,0,0,D,8,1,1185795,132.95,2007,43,118.23,23.59
7108,Historical,556884,0,0,D,9,1,481482,160.47,2011,25,80.97,10.59
7109,Historical,544240,0,0,D,2,1,417539,138.95,2012,51,46.99,38.99
7110,Historical,52094,1,1,D,8,1,12170,153.8,2011,143,97.5,54.15
7111,Historical,627822,1,1,D,7,1,39535,169.2,2013,54,66.73,113.42
7112,Historical,2249094,1,3,D,3,1,1770144,28.99,2010,42,63.35,45.75
7113,Historical,287413,0,0,D,4,1,28433,110.8,2012,79,63.35,32.98
7114,Historical,110252,0,0,D,1,0,262018,181.25,2010,61,83.99,63.17
7115,Historical,533690,1,3,D,9,1,3017,208.5,2011,110,80.58,78.99
7116,Historical,57641,0,0,D,3,1,28785,157.95,1998,97,42.61,21.99
7117,Historical,622878,0,0,D,2,1,153935,80,1994,53,56,47.22
7118,Historical,55665,1,2,D,4,1,103976,63.99,2005,53,48.98,39.93
7119,Historical,205589,0,0,D,2,1,167642,45,1998,34,41.41,82.79
7120,Historical,57890,0,0,D,3,1,39316,129,2001,118,80.26,49.19
7121,Historical,878113,0,0,D,11,1,1802235,14.98,2011,14,151.66,14.98
7122,Historical,191890,1,2,D,6,1,173925,32.22,2002,113,129.58,26.99
7123,Historical,371480,0,0,D,12,1,54221,372.95,2012,53,201.97,93.94
7124,Historical,562155,1,1,D,11,1,1210160,207.95,2009,32,201.97,94.57
7125,Historical,705992,0,0,D,2,1,597044,86.93,2013,17,110.36,10.58
7126,Historical,223817,0,0,D,2,1,1304366,76.7,2000,25,77.19,93.31
7127,Historical,665282,0,0,D,13,1,930280,168.2,2012,42,45.66,42.89
7128,Historical,244051,1,1,D,3,1,63880,148.95,2011,45,112.86,82.63
7129,Historical,54828,1,1,D,5,1,1054194,75,2009,58,62.71,23.32
7130,Historical,217189,0,0,D,2,1,2149717,43,1998,38,39.43,10.85
7131,Historical,879983,0,0,D,13,1,92011,123.2,2013,34,129.72,78.25
7132,Historical,824957,1,2,D,3,1,3161685,34.95,1998,22,44.02,32.44
7133,Historical,386590,0,0,D,3,1,210827,79.95,2009,82,28.77,30.95
7134,Historical,60806,0,0,D,2,1,3385730,72.95,2005,30,28.77,5.2
7135,Historical,540723,0,0,D,5,1,2046559,117.07,2012,23,42.93,114.83
7136,Historical,56402,0,0,D,7,1,1209984,143.87,2008,38,83.35,52.11
7137,Historical,54490,1,1,D,9,1,75828,38.98,2011,175,39.97,28.97
7138,Historical,60808,0,0,D,3,1,848750,90.2,2007,79,53.4,13.19
7139,Historical,569435,0,0,D,1,0,1280125,70.95,1994,44,61.99,20.51
7140,Historical,177526,0,0,D,5,1,3158248,174.95,2002,30,68.66,11.74
7141,Historical,131981,1,2,D,4,1,163555,79.2,2004,74,88.99,20.16
7142,Historical,54397,0,0,D,4,1,500211,81.6,2004,107,88.99,8
7143,Historical,157924,1,1,D,0,0,2692155,140,2000,13,76.79,91.96
7144,Historical,170093,1,1,D,13,1,1227901,136.95,2009,25,78.67,39.62
7145,Historical,56477,0,0,D,3,1,694884,45,2005,117,43.97,44.2
7146,Historical,57682,0,0,D,2,1,1458884,64.95,2003,53,38.47,23.99
7147,Historical,276726,1,1,D,0,0,1188224,58.75,2001,22,59.89,16.99
7148,Historical,110099,0,0,D,14,1,7792,298.75,2010,70,191.85,123.47
7149,Historical,152694,0,0,D,1,0,479251,69.95,2003,37,42.94,52.06
7150,Historical,206140,0,0,D,4,1,88223,63,2008,33,43.87,47.62
7151,Historical,609477,0,0,D,5,1,578652,201.95,2004,50,90.2,102.98
7152,Historical,526630,0,0,D,3,1,3625012,153,2008,16,33.99,13.98
7153,Historical,254375,0,0,D,6,1,432150,52.95,2010,54,28.13,17.83
7154,Historical,53681,1,1,D,7,1,76596,195.95,2011,61,101.64,61.23
7155,Historical,57134,1,1,D,5,1,739798,43.73,2003,43,82.43,23.99
7156,Historical,801787,0,0,D,3,1,463602,144,2008,30,26.97,68.39
7157,Historical,105539,0,0,D,8,1,518993,73,2010,18,110.92,42.99
7158,Historical,60821,0,0,D,3,1,738689,79,1997,49,90.16,14.99
7159,Historical,177368,1,1,D,6,1,1037585,141.95,2003,35,116.7,9.94
7160,Historical,144295,0,0,D,4,1,1210915,120.4,2002,59,86.86,33.94
7161,Historical,50378,1,2,D,7,1,30683,259.95,2010,76,133.93,51.49
7162,Historical,177960,1,1,D,5,1,536656,134.95,2004,100,133.93,20.73
7163,Historical,50379,1,1,D,6,1,303215,167.95,2008,85,133.93,11.49
7164,Historical,1574068,0,0,D,6,1,500100,0,2007,22,0,164.11
7165,Historical,608930,1,1,D,3,1,1606749,56.95,2000,17,84.1,97.61
7166,Historical,874114,1,1,D,10,1,2041518,43.76,2006,25,114.28,43.33
7167,Historical,3504772,0,0,D,5,1,630062,320.95,2004,34,0,4.13
7168,Historical,52839,0,0,D,8,1,12645,33.94,2011,162,127.99,32.98
7169,Historical,564965,0,0,D,2,1,238564,49.95,2011,31,0,33.99
7171,Historical,203505,0,0,D,2,1,1935543,59.95,2002,19,33.98,23.99
7172,Historical,147046,1,1,D,3,1,826853,54.95,2003,27,43.99,23.98
7173,Historical,177568,0,0,D,3,1,350747,210.95,2002,32,65.5,7.18
7174,Historical,739607,0,0,D,4,1,1485031,51.2,2002,62,42.96,15.33
7175,Historical,526520,0,0,D,3,1,410311,95,2012,29,74.95,63.96
7176,Historical,623738,0,0,D,3,1,70678,185.95,1986,119,25.75,133.08
7177,Historical,51796,0,0,D,6,1,331049,93.95,1999,143,81.97,15.54
7178,Historical,873105,0,0,D,6,1,1633756,125,1992,22,74.09,66.75
7179,Historical,876281,0,0,D,2,1,4070819,0,2007,13,54.39,13.99
7180,Historical,132855,0,0,D,7,1,56080,76.2,2009,36,54.39,63.74
7181,Historical,576670,0,0,D,2,1,220700,95.95,2008,116,42.19,11.74
7182,Historical,199097,0,0,D,2,1,596991,52.95,2001,32,45.77,38.99
7183,Historical,635554,0,0,D,11,1,49321,99.95,2013,53,44.35,69.99
7184,Historical,54941,1,1,D,5,1,9396,64.95,2010,195,30.85,61.94
7185,Historical,54942,0,0,D,4,1,160886,58.95,2007,348,30.85,18.95
7186,Historical,609581,0,0,D,4,1,95966,44.95,2009,37,37.98,32.35
7187,Historical,192444,1,1,D,3,1,529892,42.95,2005,91,37.98,11.28
7188,Historical,2064269,0,0,D,1,0,390397,90,2009,52,46.97,43.99
7189,Historical,169761,0,0,D,9,1,285177,248.95,2008,50,141.82,73.19
7190,Historical,2261134,0,0,D,2,1,3634224,47.2,2006,41,34.83,40.43
7191,Historical,633464,0,0,D,2,1,681351,39.95,2005,29,34.83,20.13
7192,Historical,261397,0,0,D,1,0,1931660,87,2002,25,33.84,37.99
7193,Historical,114009,1,1,D,9,1,3560039,74,2001,29,83.05,12.78
7194,Historical,649880,0,0,D,2,1,434844,0,2010,17,125.52,73.21
7195,Historical,60840,1,1,D,8,1,1252125,122,2003,54,131.85,39.84
7196,Historical,170027,1,1,D,10,1,273990,271.95,2010,30,138.97,75.03
7197,Historical,1495173,0,0,D,0,0,3546,15,2006,124,18.27,10.11
7198,Historical,52408,0,0,D,7,1,72015,67.6,2006,58,42.07,45.73
7199,Historical,874252,1,1,D,2,1,1332154,68.95,1999,33,93.96,9.49
7200,Historical,577025,0,0,D,4,1,3968302,96.95,2000,28,69.38,13.87
7201,Historical,52425,0,0,D,9,1,46757,215,2010,123,95.85,75.99
7202,Historical,538490,1,1,D,10,1,9379,346.25,2013,103,95.85,62.19
7203,Historical,110989,0,0,D,1,0,1841522,25.23,2008,48,52.35,29.54
7204,Historical,540478,0,0,D,0,0,891194,51,2012,43,23.89,72.51
7205,Historical,617355,0,0,D,0,0,623602,45,2012,59,10.99,16.99
7206,Historical,271110,0,0,D,0,0,657688,44,2011,108,4.38,16.99
7207,Historical,913073,1,1,D,8,1,739465,67.95,2001,52,98.99,57.87
7208,Historical,286187,0,0,D,11,1,201790,213.33,2009,50,132.81,53.53
7209,Historical,107188,1,1,D,3,1,143947,60.99,2002,21,129.98,73.79
7210,Historical,231606,0,0,D,1,0,1188180,104.95,2005,93,83.99,14.17
7211,Historical,878495,0,0,D,0,0,1228392,192.95,2013,35,139.95,109.57
7212,Historical,50976,1,1,D,6,1,620425,41.99,2007,26,140.85,39.99
7213,Historical,309089,0,0,D,7,1,65886,169.76,2010,49,140.85,77.16
7214,Historical,314719,0,0,D,6,1,102351,193.33,2006,24,178.51,58.43
7215,Historical,878319,1,2,D,5,1,855527,0,2010,35,41.16,57.49
7216,Historical,120223,0,0,D,5,1,952601,74.93,2010,22,41.16,9.74
7217,Historical,167244,0,0,D,4,1,1471459,78,2006,40,44.51,23.18
7218,Historical,606955,0,0,D,8,1,1282786,33.37,2006,32,63.99,23.26
7219,Historical,57860,0,0,D,9,1,315205,30.15,2007,46,63.99,24.69
7220,Historical,554726,0,0,D,2,1,681708,79.95,1997,98,30.05,14.29
7221,Historical,121236,0,0,D,4,1,201820,51.6,2010,40,37.11,31.99
7222,Historical,110697,1,2,D,9,1,53607,200.03,2010,83,200.23,138.91
7223,Historical,54315,0,0,D,7,1,158685,45.67,2009,70,45.45,46.33
7224,Historical,741227,0,0,D,9,1,1578512,49,2006,40,41.03,8.13
7225,Historical,623358,0,0,D,10,1,30509,121.4,2012,65,56.5,53.88
7226,Historical,544726,0,0,D,12,1,179280,76.95,2012,56,60.79,19.74
7227,Historical,810184,0,0,D,6,1,1788347,166.95,2009,19,0,0
7228,Historical,51268,1,2,D,5,1,723473,337.95,2002,141,102.37,26.99
7229,Historical,526239,0,0,D,13,1,1176662,85,2011,24,55.11,6.7
7230,Historical,924255,1,7,D,4,1,24521,69.95,2015,47,51.29,43.97
7231,Historical,864769,1,1,D,3,1,17858,128.5,2014,73,64.99,41.03
7232,Historical,533417,0,0,D,2,1,151692,104.25,2011,89,64.99,13.94
7233,Historical,51668,0,0,D,7,1,760371,143,2004,19,92,7.98
7234,Historical,55177,0,0,D,7,1,544163,101.6,2009,37,72.49,47.87
7235,Historical,55176,0,0,D,6,1,2136888,88,2006,50,72.49,10.94
7236,Historical,133300,0,0,D,12,1,120049,133.33,2010,58,107.39,117.07
7237,Historical,533787,1,4,D,5,1,13365,161.4,2012,101,118.84,38.33
7238,Historical,54602,0,0,D,10,1,56175,152,2010,110,73.99,20.94
7239,Historical,52557,1,2,D,10,1,270436,92.33,2005,72,107.39,13.99
7240,Historical,130420,0,0,D,5,1,218693,127.4,2011,27,76.97,114.49
7241,Historical,557581,0,0,D,5,1,2709768,238.6,2009,17,120.95,103.1
7242,Historical,698616,1,1,D,10,1,2648713,59.99,2009,41,83.94,32.62
7243,Historical,563629,1,7,D,3,1,35245,185.25,2012,82,140.32,15.99
7244,Historical,533711,1,2,D,11,1,2962,250,2012,118,83.94,93.49
7245,Historical,535087,0,0,D,9,1,6167,285.95,2013,67,123.99,76.96
7246,Historical,52044,1,2,D,10,1,21936,60.99,2009,144,83.94,50.99
7247,Historical,699103,0,0,D,5,1,469994,104.12,2008,15,101.21,83.98
7248,Historical,876377,0,0,D,14,1,3493808,28.99,2010,20,72.36,13.99
7249,Historical,716432,1,1,D,13,1,798616,0,2009,12,93.52,53.94
7250,Historical,60856,0,0,D,3,1,570205,50,2004,63,35.1,9.98
7251,Historical,55506,0,0,D,6,1,1818480,118.4,2007,20,134.39,7.47
7252,Historical,61158,0,0,D,5,1,2096966,79.6,2004,42,92.82,27.43
7253,Historical,133490,1,2,D,5,1,21885,179,2011,77,73.99,96.02
7254,Historical,131691,1,2,D,3,1,1253151,106.67,2003,84,73.99,7.99
7255,Historical,639778,1,1,D,6,1,73130,114.8,2012,51,65.04,87.95
7256,Historical,871002,1,1,D,6,1,3082020,196.95,2000,38,78.95,17.94
7257,Historical,451717,0,0,D,7,1,632447,192.95,2008,27,111.55,80.29
7258,Historical,132284,0,0,D,5,1,588805,97.4,2007,28,105.83,31.66
7259,Historical,133336,1,1,D,6,1,432404,127.2,2010,34,105.83,57.52
7260,Historical,515849,1,2,D,14,1,11367,207.2,2011,157,103.49,33.19
7261,Historical,612485,1,1,D,10,1,27535,95,2013,48,57.22,74.48
7262,Historical,111615,1,1,D,9,1,685137,602.13,2010,24,88.99,204.61
7263,Historical,50448,0,0,D,7,1,92166,96.75,2008,156,88.99,21.57
7264,Historical,540010,1,2,D,11,1,113177,188,2011,36,118.98,45.49
7265,Historical,51931,0,0,D,3,1,933661,94.4,2008,81,58.99,10.41
7266,Historical,55500,0,0,D,5,1,61321,58,2007,48,12.68,46.99
7267,Historical,52463,0,0,D,0,0,996249,151.6,2008,104,6.96,17.99
7268,Historical,50055,1,1,D,12,1,1216237,156.95,2003,40,130.44,9.69
7269,Historical,57093,0,0,D,7,1,2149139,85.6,2005,24,63.73,65.07
7270,Historical,57094,0,0,D,8,1,587682,100.8,2010,22,63.73,32.96
7271,Historical,50346,0,0,D,11,1,535237,161.9,2007,122,6.39,20.99
7272,Historical,244193,1,1,D,7,1,21942,190.95,2012,179,71.96,21.48
7273,Historical,52460,1,1,D,5,1,1088779,135.95,2008,115,71.96,30.85
7274,Historical,52461,1,1,D,6,1,464305,209.95,2010,184,71.96,17.94
7275,Historical,583234,0,0,D,3,1,1219542,104.95,2008,17,67.36,48.99
7276,Historical,60864,1,1,D,6,1,133504,64.95,2001,28,78.99,41.98
7277,Historical,286057,0,0,D,6,1,126278,221.8,2005,36,98.59,74.43
7278,Historical,108468,1,3,D,6,1,163699,15.99,2004,83,97.43,13.8
7279,Historical,608929,0,0,D,2,1,608838,92.95,1999,30,57.52,33.49
7280,Historical,587963,0,0,D,0,0,576986,399.95,2013,35,66.74,34.98
7281,Historical,613966,0,0,D,0,0,755937,399.95,2012,92,58.99,43.99
7282,Historical,879608,1,4,D,0,0,1558991,43.98,2010,46,73.75,35.67
7283,Historical,55450,1,1,D,8,1,101815,178.95,2007,55,69.03,22.99
7284,Historical,55493,0,0,D,8,1,114108,63,2009,32,39.99,43.94
7285,Historical,116337,0,0,D,3,1,157976,177.53,2010,25,79.66,75.61
7286,Historical,121194,0,0,D,3,1,23793,164.2,2010,68,79.66,44.98
7287,Historical,874826,0,0,D,1,0,1525531,85.6,2000,34,88.85,43.96
7288,Historical,526129,0,0,D,4,1,447435,49.95,2011,23,48.28,19.99
7289,Historical,288285,0,0,D,6,1,986396,9.43,2007,145,78.29,8.46
7290,Historical,845296,0,0,D,8,1,466413,90,1990,43,147.99,81.83
7291,Historical,530672,0,0,D,4,1,248029,89.99,2011,61,43.98,58.8
7292,Historical,1873507,0,0,D,2,1,762909,26.95,2008,26,0,21.98
7293,Historical,293874,1,1,D,5,1,1063605,122.95,2008,59,86.77,8.48
7294,Historical,3463385,1,3,D,4,1,3952265,49.95,2002,30,0,10.94
7295,Historical,119163,1,1,D,7,1,21728,166.4,2011,81,106.88,63.98
7296,Historical,54934,0,0,D,5,1,575668,119.4,2006,40,82.88,45.28
7297,Historical,607935,1,2,D,5,1,715039,113,2005,26,82.88,50.92
7298,Historical,526073,0,0,D,5,1,25685,150.2,2012,48,117.4,72.99
7299,Historical,120741,0,0,D,4,1,1322060,128,2009,45,48.99,21.57
7300,Historical,130362,0,0,D,15,1,164207,112.6,2011,28,93.86,27.98
7301,Historical,290977,0,0,D,2,1,59306,122.95,2011,42,96.93,67.39
7302,Historical,868218,1,1,D,2,1,1232998,98.7,1995,22,102.27,40.31
7303,Historical,114076,0,0,D,2,1,528885,183,2004,40,161.05,41.99
7304,Historical,145009,0,0,D,3,1,339715,119.33,2008,53,57.48,46.75
7305,Historical,110332,1,1,D,15,1,12009,318.25,2011,178,130.99,38.99
7306,Historical,2511893,1,2,D,2,1,251983,60.35,1991,41,0,24.89
7307,Historical,592016,0,0,D,2,1,889215,68,2006,37,35.06,42.71
7308,Historical,51586,0,0,D,10,1,369740,134.67,2006,45,55.34,64.69
7309,Historical,535634,0,0,D,12,1,14160,312.95,2013,106,52.03,63.09
7310,Historical,53435,0,0,D,10,1,263686,240.95,2009,107,52.03,19.56
7311,Historical,51101,0,0,D,11,1,31333,201.33,2010,111,88.97,33.99
7312,Historical,118388,0,0,D,6,1,1625104,189,2006,32,81.98,16.61
7313,Historical,107827,0,0,D,2,1,1059476,49.47,2003,33,73.22,43.38
7314,Historical,52188,0,0,D,3,1,86238,91.63,2010,78,143.99,63.96
7315,Historical,116590,1,1,D,4,1,2747295,0,2005,72,96.97,27.99
7316,Historical,2254222,0,0,D,4,1,2770509,79.25,2010,41,0,64.48
7317,Historical,614593,0,0,D,3,1,362806,86.95,2007,76,49.55,12.49
7318,Historical,544967,1,1,D,4,1,63968,74,2010,109,49.55,33.98
7319,Historical,592073,0,0,D,3,1,511430,60.95,2007,158,49.55,12.84
7320,Historical,526041,0,0,D,8,1,335033,138.6,2009,61,66.36,131.57
7321,Historical,533462,0,0,D,9,1,6112,293.95,2012,108,86.53,53.99
7322,Historical,569393,1,1,D,3,1,1314441,106.95,1996,32,122.89,45.19
7323,Historical,213163,0,0,D,2,1,557033,32.5,2005,18,28.24,53.94
7324,Historical,570315,0,0,D,0,0,5240033,13.98,2009,19,26.24,13.98
7325,Historical,742955,0,0,D,3,1,581249,180,2011,17,143.21,0
7326,Historical,644247,0,0,D,7,1,1633208,84.95,1998,17,37.12,68.05
7328,Historical,534654,0,0,D,0,0,587144,89.95,2012,116,39.96,8.83
7329,Historical,56334,0,0,D,0,0,922287,99.95,2010,114,39.96,5.29
7330,Historical,254619,0,0,D,0,0,807782,87.95,2011,122,39.96,7.44
7331,Historical,615770,0,0,D,2,1,490319,45.99,2007,152,21.49,9.39
7332,Historical,109223,1,1,D,12,1,25017,300,2010,73,93.27,43.49
7333,Historical,51884,0,0,D,10,1,697644,144,2011,37,108.19,48.36
7334,Historical,51888,0,0,D,10,1,75180,148.4,2010,48,108.19,27.99
7335,Historical,118449,1,3,D,2,1,943916,110,2007,27,90.94,61.8
7336,Historical,716348,0,0,D,7,1,2464828,0,2012,18,131.63,28.94
7337,Historical,607457,0,0,D,5,1,940421,206,2008,53,131.63,12.48
7338,Historical,800354,0,0,D,0,0,2320360,58.95,2005,26,52.99,8.18
7339,Historical,615305,0,0,D,2,1,573368,72,2010,62,52.99,77.13
7340,Historical,862303,0,0,D,2,1,10188,220,2014,130,111.99,108.4
7341,Historical,533796,0,0,D,10,1,21543,349.95,2012,73,103.99,58.99
7342,Historical,51124,0,0,D,11,1,286498,192,2007,90,124.72,16.98
7343,Historical,51334,0,0,D,3,1,431327,223.2,2009,44,122.42,39.87
7344,Historical,119122,0,0,D,4,1,336488,268.4,2011,55,122.42,53.97
7345,Historical,53522,0,0,D,8,1,432867,422.95,2008,83,153.83,11.8
7346,Historical,60886,0,0,D,8,1,542341,242.95,2008,41,103.1,104.04
7347,Historical,315410,0,0,D,14,1,48814,182.4,2012,54,84.23,26.84
7348,Historical,537591,0,0,D,4,1,33581,169.5,2012,77,83.31,83.99
7349,Historical,2263206,1,1,D,6,1,871133,127.9,2011,40,0,49.21
7350,Historical,603521,1,1,D,6,1,904224,39.95,2011,34,105.99,59.85
7351,Historical,58526,1,1,D,10,1,348531,138.8,2003,54,93.99,18.97
7352,Historical,57498,1,1,D,4,1,238491,136,2010,42,115.26,48.98
7353,Historical,129079,0,0,D,2,1,1140885,49.95,2007,39,43.97,46.47
7354,Historical,129256,0,0,D,3,1,775305,64.95,2010,34,43.97,108.4
7355,Historical,875659,0,0,D,6,1,5247122,0,2000,24,53.4,23.99
7356,Historical,380535,0,0,D,3,1,43147,185.95,2012,55,122.12,31.21
7357,Historical,244038,0,0,D,2,1,711249,188.95,2010,18,122.12,71.15
7358,Historical,2343763,0,0,D,0,0,3627929,68,1988,22,129.5,36.1
7359,Historical,55629,0,0,D,5,1,1026360,113,2001,21,178.72,25.85
7360,Historical,55632,0,0,D,7,1,307223,185,2008,39,178.72,80.04
7361,Historical,166085,1,1,D,2,1,292192,80.52,1996,50,71.84,58.67
7362,Historical,147673,0,0,D,14,1,283831,63.95,2011,35,20.98,19.97
7363,Historical,911716,0,0,D,0,0,1208613,60,1984,25,36.96,63.91
7364,Historical,145242,0,0,D,0,0,2487875,51.8,2006,29,44,12.99
7365,Historical,620466,0,0,D,3,1,24950,89.4,2013,82,46,18.89
7366,Historical,567393,0,0,D,9,1,3108213,127.95,2006,24,31.59,18.98
7367,Historical,169485,0,0,D,6,1,1138615,150.95,2007,63,30.04,23.17
7368,Historical,630032,0,0,D,3,1,402987,40,2010,20,0,0
7369,Historical,176796,1,2,D,7,1,1213813,50.95,2001,35,61.69,18.97
7370,Historical,203892,0,0,D,1,0,958806,29.95,2007,52,34.23,14.69
7371,Historical,270981,0,0,D,5,1,45057,35.99,2011,42,34.23,39.79
7372,Historical,561104,0,0,D,2,1,173545,100.6,2007,183,46.37,4
7373,Historical,434939,0,0,D,9,1,36520,81.2,2010,67,67.63,51.88
7374,Historical,525854,0,0,D,9,1,121700,80.6,2012,74,32.22,43.99
7375,Historical,244037,0,0,D,8,1,665932,118.95,2011,50,90.97,23.58
7376,Historical,289479,1,1,D,3,1,48011,115.75,2002,62,90.59,100.7
7377,Historical,54484,1,1,D,9,1,313034,49.2,2006,67,21.38,23.37
7378,Historical,142071,0,0,D,12,1,430982,26.74,2010,130,43.94,16.21
7379,Historical,141877,1,5,D,11,1,240725,50,2007,70,43.94,6.98
7380,Historical,178963,0,0,D,1,0,767103,178.95,2010,49,103.98,15
7381,Historical,533623,1,1,D,5,1,34421,280.95,2011,42,160.26,103.97
7382,Historical,148642,1,1,D,3,1,2338335,325.95,2008,29,160.26,19.31
7383,Historical,539226,1,1,D,7,1,213843,151.4,2010,35,58.99,43.7
7384,Historical,132665,0,0,D,8,1,142183,154,2009,53,93.99,45.98
7385,Historical,121053,1,1,D,6,1,600286,117.8,2000,36,123.97,61.43
7386,Historical,121375,0,0,D,6,1,563329,187.67,2009,28,8.69,5.49
7387,Historical,874729,1,1,D,6,1,2420594,27.28,2009,57,158.98,40.48
7389,Historical,902495,0,0,D,0,0,3624012,165.23,1984,24,87.09,63.04
7390,Historical,619774,0,0,D,6,1,845310,49.95,2011,33,42.98,34.22
7391,Historical,525709,0,0,D,6,1,106222,52.99,2011,39,42.98,72.65
7392,Historical,2366616,1,1,D,0,0,3033818,56,1994,19,45.99,56.97
7393,Historical,112036,0,0,D,3,1,109787,44.06,2011,140,123.69,23.54
7394,Historical,699248,0,0,D,3,1,2169743,0,2011,17,123.69,55.53
7395,Historical,119127,0,0,D,5,1,49877,225,2011,62,43.73,62.52
7396,Historical,258363,0,0,D,3,1,1454720,76,1998,77,104.95,11.49
7397,Historical,632097,0,0,D,9,1,44540,136.67,2012,41,36.99,53.99
7398,Historical,759225,1,2,D,4,1,2363173,110.28,1999,21,112.99,66.84
7399,Historical,1780411,0,0,D,1,0,123817,59.99,2014,11,0,27.48
7400,Historical,538559,0,0,D,2,1,303396,99.33,2009,39,133.99,79.86
7401,Historical,132542,0,0,D,7,1,118450,161.6,2008,53,50.45,42.99
7402,Historical,619113,1,2,D,10,1,21552,268.95,2013,72,93.99,76.47
7403,Historical,244088,1,1,D,6,1,145643,276.95,2011,64,193.98,73.47
7404,Historical,533513,0,0,D,21,1,415254,38.95,2009,119,25.89,7.78
7405,Historical,287003,0,0,D,2,1,497816,49.95,2002,83,31.78,21.02
7406,Historical,552433,1,2,D,3,1,1625019,153.33,2005,21,81.02,42.22
7407,Historical,631510,1,1,D,1,0,45477,59.95,2011,42,46.35,11.49
7408,Historical,60909,1,1,D,6,1,1534882,83.2,2002,52,88.77,12.2
7409,Historical,913602,0,0,D,1,0,4900761,9.33,2007,80,115.12,9.74
7410,Historical,58197,0,0,D,9,1,329641,271,2009,34,153.89,89.98
7411,Historical,58195,1,11,D,8,1,523833,17.99,2006,35,153.89,15.99
7412,Historical,132393,0,0,D,3,1,1863729,108,2007,48,78.48,8.74
7413,Historical,51797,0,0,D,2,1,510845,53,2000,82,61.03,13.98
7414,Historical,121376,1,1,D,3,1,518227,108.2,2009,38,94.94,53.19
7415,Historical,55144,0,0,D,6,1,32261,158,2011,69,84.88,86.93
7416,Historical,224376,0,0,D,3,1,456987,85.95,2001,153,57.87,17.97
7417,Historical,132103,0,0,D,3,1,4641361,83,2005,16,45.76,47.17
7418,Historical,132257,0,0,D,3,1,449100,105,2006,29,20.44,15.4
7419,Historical,537922,0,0,D,4,1,1903467,137.2,2006,22,111.49,48.24
7420,Historical,3060337,1,4,D,1,0,116311,59,2000,89,103.98,24.99
7421,Historical,121633,0,0,D,11,1,522336,187.33,2008,28,69.15,51.73
7422,Historical,618585,0,0,D,5,1,88004,198.8,2008,51,47.65,68.99
7423,Historical,287553,1,2,D,3,1,2797382,122.67,2005,34,85.7,5.25
7424,Historical,525597,1,1,D,6,1,26043,174.8,2011,54,21.96,54.37
7425,Historical,423510,0,0,D,4,1,1986764,154.67,2008,18,129.18,89.39
7426,Historical,622648,0,0,D,2,1,87538,89.99,2010,49,0,63.98
7427,Historical,606750,0,0,D,4,1,131521,59.95,2002,52,39.42,14.97
7428,Historical,218011,1,1,D,7,1,1170962,89.95,1998,34,73.99,33.05
7429,Historical,630495,1,2,D,13,1,5254,152.6,2013,77,75.31,73.95
7430,Historical,619545,1,1,D,8,1,34079,143.6,2013,56,53.09,86.75
7431,Historical,54421,0,0,D,4,1,89756,137.2,2011,49,70,602.99
7432,Historical,879002,0,0,D,3,1,5013463,0,2009,15,70,0
7433,Historical,878373,0,0,D,0,0,7213417,0,2008,20,87.44,44.59
7434,Historical,120311,0,0,D,13,1,69735,150.4,2008,47,87.44,67.29
7435,Historical,113563,1,1,D,12,1,312403,161.4,2002,78,87.44,25.77
7436,Historical,57840,0,0,D,9,1,34571,162.8,2011,47,138.99,43.99
7437,Historical,177384,0,0,D,5,1,892095,96.95,1997,37,154.58,42.31
7438,Historical,51756,0,0,D,8,1,851472,167,2011,239,129.42,10.73
7439,Historical,539434,0,0,D,10,1,25913,191.2,2013,215,129.42,18.7
7440,Historical,422439,0,0,D,9,1,275965,183.6,2012,264,129.42,13.35
7441,Historical,862336,1,2,D,11,1,12208,191.2,2014,122,129.42,23.79
7443,Historical,53793,0,0,D,5,1,25591,48.5,2008,221,22.99,23.99
7444,Historical,55734,1,5,D,4,1,782040,41.75,2005,143,21.87,8.2
7445,Historical,535010,1,2,D,8,1,30513,157.95,2013,93,81.35,39.9
7446,Historical,525564,0,0,D,12,1,51812,203.95,2012,42,83.98,114.53
7447,Historical,57835,0,0,D,4,1,722003,59.4,2004,65,33.96,9.98
7448,Historical,568587,0,0,D,2,1,30846,149.99,1989,74,83.6,55.83
7449,Historical,546065,1,1,D,6,1,36500,79,2011,146,123.6,19.99
7450,Historical,593554,1,2,D,8,1,6468,76.45,2011,245,108.96,26.55
7451,Historical,556176,0,0,D,5,1,940769,32.95,2009,31,115.49,71.04
7452,Historical,608556,0,0,D,2,1,204342,50.95,2000,47,55.94,15
7453,Historical,555268,1,1,D,2,1,97774,69.95,1995,75,40.52,23.94
7454,Historical,609310,0,0,D,3,1,116827,39.95,2008,101,23.74,16
7455,Historical,544185,0,0,D,13,1,13142,249.95,2012,102,166.99,50.91
7456,Historical,595239,1,2,D,10,1,17641,98.75,2013,85,65.07,63.98
7457,Historical,607670,0,0,D,6,1,1896098,95.2,1999,41,111.07,14.99
7458,Historical,553611,1,1,D,5,1,87203,111.6,2008,77,76.28,37.25
7459,Historical,533202,1,1,D,6,1,1366614,153.99,2012,33,60.24,96.97
7460,Historical,294175,0,0,D,2,1,1478565,64.95,2007,39,53.99,33.98
7461,Historical,533185,0,0,D,3,1,772236,66.99,2010,39,53.99,42.78
7462,Historical,133276,1,1,D,5,1,64788,73.8,2011,39,43.99,51.27
7463,Historical,664939,0,0,D,2,1,629187,69,2012,14,63.21,53.96
7464,Historical,146420,1,1,D,1,0,51884,54.99,2010,148,10.71,21.59
7465,Historical,146039,0,0,D,1,0,748002,54.99,2009,193,10.71,9.24
7466,Historical,895769,1,1,D,1,0,2896991,153.93,1990,18,145.25,111.61
7467,Historical,120928,0,0,D,4,1,1650986,80,2007,31,57.28,46.46
7468,Historical,55749,1,1,D,5,1,479837,97.33,2008,64,83.99,15.98
7469,Historical,111218,1,2,D,10,1,295383,44.18,2010,35,128.99,56.26
7470,Historical,133083,0,0,D,5,1,1033768,94.8,2009,51,41.05,23.99
7471,Historical,133080,0,0,D,5,1,779905,153,2009,37,41.05,22.99
7472,Historical,130372,0,0,D,6,1,250256,123.6,2010,30,33.99,39.99
7473,Historical,145477,0,0,D,12,1,1923603,99,2006,24,83.99,18.98
7474,Historical,535897,0,0,D,9,1,116842,82.95,2011,24,68.8,33.99
7475,Historical,133048,1,3,D,4,1,433301,53.33,2010,43,27.28,20.43
7476,Historical,53358,1,1,D,12,1,94852,281.95,2008,105,113.99,38.78
7477,Historical,53357,0,0,D,11,1,781383,303.95,2006,64,113.99,22.98
7478,Historical,57825,1,1,D,6,1,256726,62.46,2009,34,51.98,17.11
7479,Historical,164107,1,2,D,13,1,496921,99,2001,32,198.33,59.99
7480,Historical,130415,1,2,D,10,1,61772,165.8,2011,56,90.11,99.99
7481,Historical,223047,1,1,D,2,1,103518,389.95,1999,45,173.77,90.56
7482,Historical,53211,1,6,D,10,1,13455,23.99,2008,295,83.99,18.3
7483,Historical,50053,1,2,D,7,1,176790,9.18,2006,41,78.46,23.95
7484,Historical,2585901,0,0,D,4,1,1060589,70,2000,27,27.98,25.96
7485,Historical,252552,1,4,D,5,1,444577,83.1,2010,125,123.6,38.99
7486,Historical,51713,1,1,D,5,1,51608,205.95,2010,79,105.03,53.94
7487,Historical,544336,1,1,D,6,1,18227,186.95,2013,82,105.03,93.07
7488,Historical,53809,1,2,D,11,1,38437,77.63,2011,105,33.94,40.79
7489,Historical,622212,1,2,D,8,1,12908,101.8,2013,92,56.49,40.95
7490,Historical,620960,0,0,D,7,1,93672,232.29,1991,63,20.51,54.45
7491,Historical,533503,0,0,D,4,1,282119,91,2011,63,68.41,27.6
7492,Historical,258434,0,0,D,3,1,886824,93.5,2007,32,52.89,23.34
7493,Historical,258369,0,0,D,2,1,1961777,91,2002,45,52.89,21.82
7494,Historical,142198,0,0,D,10,1,96805,59.38,2011,39,51.55,51.16
7495,Historical,616393,1,1,D,0,0,652112,39.99,2006,65,18.93,19.45
7496,Historical,621912,0,0,D,12,1,23884,220.95,2012,56,112.92,68.49
7497,Historical,270688,0,0,D,3,1,261691,105,2010,48,50.68,21.99
7498,Historical,279151,1,1,D,2,1,1825349,84.95,2006,31,50.68,8.21
7499,Historical,2404667,0,0,D,0,0,2853153,79.95,1989,27,59.21,45.75
7500,Historical,607773,0,0,D,14,1,162316,45,1993,266,33.98,8.97
7501,Historical,631029,0,0,D,2,1,863218,49.95,2000,49,29.95,11.98
7502,Historical,57169,0,0,D,3,1,340902,62.95,2006,47,31.98,53.2
7503,Historical,766055,1,1,D,1,0,211548,170.95,2002,28,123.99,184.95
7504,Historical,540749,1,3,D,7,1,1959,188,2013,183,39.98,70.72
7505,Historical,164534,1,1,D,1,0,917371,55,1998,39,50.42,15.71
7507,Historical,237764,1,1,D,4,1,1023808,35,2002,20,0,28.98
7508,Historical,915868,1,1,D,1,0,1664839,55.95,1997,35,54.58,19.96
7509,Historical,533583,1,2,D,13,1,13896,341.5,2012,58,244.6,40.99
7510,Historical,3129218,1,1,D,4,1,483840,97,2004,24,0,246.27
7511,Historical,623396,0,0,D,3,1,91966,143.95,2012,52,45.99,113.98
7512,Historical,530831,0,0,D,7,1,450789,152.95,2012,46,25.57,38.98
7513,Historical,533411,1,1,D,3,1,34029,175.95,2012,101,40.95,68.29
7514,Historical,53690,0,0,D,5,1,971585,140.6,2009,31,73.65,11.89
7515,Historical,56250,0,0,D,5,1,202879,124.2,2010,75,114.51,83.99
7516,Historical,56246,0,0,D,2,1,1012295,67.8,2004,52,114.51,8.84
7517,Historical,1822554,0,0,D,41,1,229347,44.2,2014,25,0,17.42
7518,Historical,57178,1,1,D,4,1,249007,74.95,2009,88,41.4,23.78
7519,Historical,57177,0,0,D,3,1,1137867,59.95,2007,85,41.4,9.98
7520,Historical,290861,0,0,D,2,1,664128,127.95,2007,45,52.43,32.89
7521,Historical,617726,1,1,D,2,1,80248,113.95,1998,55,79.81,25
7522,Historical,831521,0,0,D,1,0,1275749,75,2000,21,55.04,18.99
7523,Historical,913857,1,2,D,4,1,1838291,61.95,1996,21,27.84,66.91
7524,Historical,56004,1,2,D,3,1,152447,53.97,2009,93,77.23,53.97
7525,Historical,649825,0,0,D,2,1,798923,56.99,2012,28,0,0
7526,Historical,58253,1,2,D,8,1,160247,116.2,2008,38,41.96,39.4
7527,Historical,58260,0,0,D,2,1,1943484,67.6,2000,43,55.99,45.4
7528,Historical,54806,0,0,D,6,1,476082,143.95,2008,69,28.18,69.15
7529,Historical,182421,0,0,D,4,1,732352,136.95,2000,92,79.73,12.49
7530,Historical,108535,1,3,D,5,1,690004,46.25,2005,106,60.97,8.98
7531,Historical,628641,0,0,D,2,1,1754512,165.07,2011,17,78.99,121.98
7532,Historical,537308,0,0,D,7,1,624179,187.67,2012,19,114.62,342.78
7533,Historical,52725,1,2,D,6,1,725298,12.95,2001,67,98.99,13.61
7534,Historical,203358,0,0,D,7,1,1719658,67.95,2000,54,43.97,20.99
7535,Historical,619402,0,0,D,1,0,110565,141.95,2007,52,54.56,74.9
7536,Historical,201654,1,1,D,0,0,3714375,102.95,2001,24,37.06,60.39
7537,Historical,60978,1,4,D,6,1,511283,385.95,2004,47,150.83,23.59
7538,Historical,110218,0,0,D,2,1,909314,9.33,2009,65,51.03,8.54
7539,Historical,111375,0,0,D,2,1,2096484,4.44,2009,31,51.03,4.58
7540,Historical,579666,0,0,D,3,1,1782952,39.95,2006,34,44.08,6.37
7541,Historical,889960,0,0,D,3,1,6845315,140,2006,14,44.08,63.84
7542,Historical,236641,1,1,D,12,1,408385,45,1996,40,119.33,21.92
7543,Historical,50296,0,0,D,12,1,152682,48.99,2009,83,40.35,38.99
7544,Historical,270666,1,1,D,12,1,504023,78,2010,45,42.22,13.1
7545,Historical,665578,1,2,D,0,0,286671,38.99,2010,40,33.98,33.67
7546,Historical,873298,1,1,D,1,0,2077889,49.95,2003,23,44,34.93
7547,Historical,617708,1,2,D,4,1,37363,122.25,2001,68,81.75,53.98
7548,Historical,913382,0,0,D,6,1,117822,93.4,2003,27,160.63,50.51
7549,Historical,153859,1,1,D,0,0,526543,11.67,2004,48,67.91,13.39
7550,Historical,291533,0,0,D,10,1,2039354,234.95,2003,50,93.9,19.99
7551,Historical,739488,1,1,D,1,0,468074,58.2,2001,38,54.05,52.85
7552,Historical,913768,0,0,D,3,1,874956,11.49,2009,31,23.74,19.68
7553,Historical,578919,0,0,D,2,1,2357246,35.95,2005,38,23.74,4.11
7554,Historical,637410,0,0,D,2,1,157456,34.95,2000,71,0,22.3
7555,Historical,870766,0,0,D,1,0,466773,50,1997,65,402.74,33.09
7556,Historical,154325,0,0,D,7,1,1091268,40.5,1999,106,0,6.29
7557,Historical,54798,0,0,D,2,1,245472,75,2009,232,53.29,8.99
7558,Historical,289430,1,1,D,0,0,660665,14.8,2006,88,42.29,10.89
7559,Historical,153804,0,0,D,10,1,10821,21.99,2010,139,42.29,21.93
7560,Historical,379339,1,1,D,0,0,194431,36.95,2005,252,23.99,10.99
7561,Historical,872126,0,0,D,3,1,716550,110,1996,26,101.98,63.94
7562,Historical,125149,1,3,D,1,0,62516,17.95,1998,60,13.87,33.99
7563,Historical,109763,1,2,D,4,1,1877017,33.89,2006,34,74.3,33.08
7564,Historical,127569,1,1,D,5,1,225628,89.95,2010,37,74.3,32.38
7565,Historical,625646,1,3,D,6,1,10530,97.52,2012,51,62.41,38.99
7566,Historical,54594,1,3,D,5,1,224602,29.98,2010,103,62.41,15.99
7567,Historical,57403,1,2,D,3,1,250415,164.6,2010,86,93.94,39.98
7568,Historical,647318,0,0,D,5,1,523494,146.67,2010,21,138.19,68.43
7569,Historical,298753,1,1,D,2,1,329777,75.11,2008,48,56.02,18.18
7570,Historical,628685,1,1,D,7,1,105191,186,2010,67,160.91,111.23
7571,Historical,55549,0,0,D,5,1,1405489,104,2004,37,79.72,8.24
7572,Historical,533412,1,1,D,7,1,75195,162.2,2012,50,79.72,101.96
7573,Historical,187999,0,0,D,0,0,3171819,29.95,1999,24,42.29,17.5
7574,Historical,203706,0,0,D,2,1,971366,51.5,2004,28,42.29,23.99
7575,Historical,658558,0,0,D,2,1,154744,75,2009,34,47.59,48.99
7576,Historical,53714,0,0,D,5,1,73221,171.8,2009,58,71.89,7.56
7577,Historical,580662,1,1,D,0,0,2437399,46,1996,33,19,23.13
7578,Historical,3152594,0,0,D,1,0,5382949,64.95,2000,12,67.94,73.45
7579,Historical,642883,1,1,D,2,1,46791,50.95,2010,17,26.69,50.94
7580,Historical,1497748,0,0,D,0,0,160717,16.99,2008,92,303.98,8.37
7581,Historical,526388,0,0,D,4,1,1704080,55,2008,17,10.97,54.49
7582,Historical,540727,0,0,D,3,1,17538,197.8,2013,80,101.89,92.63
7583,Historical,915480,1,1,D,1,0,297326,89.95,2000,29,41.49,17.78
7584,Historical,50236,0,0,D,8,1,765287,10.48,2009,80,65.07,10.43
7585,Historical,2619239,1,1,D,1,0,978407,109.95,1996,27,140.14,52.2
7586,Historical,242551,0,0,D,0,0,8246,16.95,2004,76,29.31,11.3
7587,Historical,51512,0,0,D,10,1,41572,152.2,2010,82,21.62,124.28
7588,Historical,132491,0,0,D,1,0,1412767,72.8,2008,22,36.6,44.95
7589,Historical,2390792,1,5,D,4,1,565840,60,1989,29,76.28,39.99
7590,Historical,615418,1,1,D,2,1,79305,28.97,2007,37,0,0
7591,Historical,1999424,1,1,D,2,1,111405,29.95,2014,17,0,25.87
7592,Historical,618555,0,0,D,9,1,175437,89.95,2011,35,76.04,93.85
7593,Historical,525212,0,0,D,0,0,501241,63.99,2010,56,32.98,6.99
7594,Historical,2333290,0,0,D,6,1,4338153,92.7,1994,27,70.49,58.57
7595,Historical,2261359,0,0,D,10,1,4191746,308.66,2010,34,0,60.35
7596,Historical,2834480,1,1,D,0,0,1949132,35,1981,25,31.45,18.88
7597,Historical,525122,0,0,D,6,1,29550,94.99,2012,26,43.99,61.74
7598,Historical,808088,0,0,D,2,1,1022613,44.99,2012,18,33.9,16.46
7599,Historical,421761,0,0,D,0,0,1168971,107.2,2006,45,111.63,50.17
7600,Historical,51283,0,0,D,5,1,146111,54.99,2010,98,67.31,58.97
7601,Historical,51281,0,0,D,3,1,1474684,4.65,2006,79,67.31,4.56
7602,Historical,51282,0,0,D,4,1,1072106,4,2008,98,67.31,3.99
7603,Historical,55443,1,1,D,2,1,1510239,112.4,2000,47,63.83,9.17
7604,Historical,55074,0,0,D,3,1,205570,69.8,2009,75,45.94,44.07
7605,Historical,2400010,0,0,D,0,0,290448,22.95,1969,50,101.93,16.99
7606,Historical,53117,1,1,D,9,1,37935,55,2010,74,119.49,94.39
7607,Historical,118588,1,2,D,2,1,260683,144.6,2008,45,65.07,25.81
7608,Historical,120552,0,0,D,5,1,1438218,181.4,2007,21,122.99,65.02
7609,Historical,61015,1,2,D,8,1,472214,181.95,2004,83,58.33,21.34
7610,Historical,587559,0,0,D,8,1,1046847,114.34,2010,14,116.97,107.96
7611,Historical,533697,0,0,D,9,1,2980,205.95,2012,139,116.97,88.87
7612,Historical,525520,1,1,D,5,1,483099,118.95,2010,90,62.42,73.58
7613,Historical,872591,1,1,D,1,0,598692,94.95,2001,54,63.96,19.42
7614,Historical,194053,0,0,D,2,1,664334,128,2005,32,73.69,48.99
7616,Historical,55072,0,0,D,7,1,7693,447.75,2010,85,132.99,63.92
7617,Historical,617175,1,1,D,5,1,144898,70.4,2005,43,132.99,56.54
7618,Historical,643836,1,2,D,7,1,1268815,35.66,2010,29,132.99,35.67
7619,Historical,742280,0,0,D,2,1,8668780,23.97,2009,12,73.98,49.09
7620,Historical,120719,0,0,D,1,0,379741,164.8,2010,44,120.16,12.89
7621,Historical,921948,0,0,D,4,1,836838,12.99,2008,72,53.94,12.57
7622,Historical,50247,0,0,D,6,1,60411,125.2,2010,43,75.56,38.94
7623,Historical,742235,1,2,D,12,1,1244050,0,2009,25,126.6,58.97
7624,Historical,613682,0,0,D,12,1,47842,266.4,2009,117,126.6,51.25
7625,Historical,288564,0,0,D,11,1,674064,160,2005,72,141.26,24.95
7626,Historical,145711,0,0,D,11,1,1672670,122.67,2007,26,85.9,58.7
7627,Historical,533860,1,4,D,13,1,35400,235.95,2012,60,144.39,82.25
7628,Historical,198115,0,0,D,2,1,663094,62.35,2010,50,33.99,13.99
7629,Historical,293634,0,0,D,1,0,2611131,57.6,2008,37,33.99,13.94
7630,Historical,877010,0,0,D,7,1,776647,39.61,2007,40,59.56,19.48
7631,Historical,50765,1,1,D,5,1,1622537,96,2001,32,53.59,15.99
7632,Historical,146327,0,0,D,3,1,539299,59.73,2010,63,33.99,17.99
7633,Historical,146330,0,0,D,5,1,524158,88.87,2010,79,37.77,37.78
7634,Historical,145811,0,0,D,5,1,260241,72.8,2008,57,37.77,29.28
7635,Historical,163968,0,0,D,3,1,361797,95,1997,28,75.88,19.99
7636,Historical,912755,0,0,D,2,1,2222711,91.12,2010,47,37.65,59.12
7637,Historical,110262,0,0,D,5,1,64123,186.27,2010,44,172.63,54.98
7638,Historical,103838,1,2,D,1,0,1339025,72.45,1999,62,172.63,24.89
7639,Historical,2254643,0,0,D,0,0,2749103,30.47,2011,47,0,32.82
7640,Historical,911820,0,0,D,3,1,458840,0,2007,19,28.93,44.89
7641,Historical,656843,1,1,D,2,1,3654209,58.25,1992,14,32.59,44.21
7642,Historical,500136,0,0,D,4,1,82233,204.95,2010,59,132.9,83.99
7643,Historical,873599,1,1,D,7,1,1057999,130.67,2004,49,97.41,19.49
7644,Historical,51555,1,4,D,8,1,454005,147.33,2004,75,89.97,10.58
7645,Historical,57547,0,0,D,5,1,230096,336.95,2003,118,78.64,17.04
7646,Historical,751622,0,0,D,1,0,3205572,108.5,2008,30,56.39,40.36
7647,Historical,529317,0,0,D,1,0,720209,49.99,2009,21,0,35.98
7648,Historical,560741,0,0,D,2,1,4941198,66.2,2002,16,18.34,6.98
7650,Historical,56918,0,0,D,3,1,653386,55,2002,85,47.81,6.94
7651,Historical,914072,1,1,D,3,1,3780261,96,1994,20,86.9,18.96
7652,Historical,622072,0,0,D,2,1,508712,109,2003,31,67.79,52.83
7653,Historical,51497,1,1,D,10,1,35128,301.95,2011,84,125.21,97.28
7654,Historical,152659,1,2,D,2,1,29314,54.95,2002,93,45.35,32.37
7655,Historical,257055,1,1,D,1,0,1168485,42.65,1998,58,43.98,40.88
7656,Historical,54580,0,0,D,3,1,40564,46.6,1998,104,34.99,48.92
7657,Historical,118739,1,1,D,3,1,1146293,50.67,1999,58,34.99,12.97
7658,Historical,244229,0,0,D,10,1,9598,224.95,2012,86,88.99,112.31
7659,Historical,525361,1,6,D,10,1,76555,240.95,2012,96,88.99,78.99
7660,Historical,533598,1,3,D,6,1,4817,218.95,2012,107,158.99,57.99
7661,Historical,55429,0,0,D,8,1,54480,116.2,2009,45,78.31,78.33
7662,Historical,544305,1,1,D,9,1,118704,229.95,2013,58,95.56,103.99
7663,Historical,57381,1,1,D,12,1,1871389,210.95,2008,59,76.38,16.83
7664,Historical,867508,0,0,D,15,1,26060,199.95,2014,65,76.38,63.88
7665,Historical,581691,0,0,D,4,1,1062833,37,2006,116,39.18,15.11
7666,Historical,592790,1,2,D,5,1,187646,43,2009,144,39.18,19.99
7667,Historical,626537,0,0,D,1,0,745948,64.95,1996,29,53.99,52.07
7668,Historical,51566,1,1,D,4,1,639622,35.8,2003,73,86.53,33.08
7669,Historical,596484,0,0,D,1,0,708053,53.95,1996,27,49.49,44.65
7670,Historical,58227,0,0,D,7,1,982921,56.4,2003,55,99.41,8.34
7671,Historical,55060,1,1,D,4,1,1941299,139.95,2005,34,148.05,5.2
7672,Historical,536874,0,0,D,9,1,11674,106,2012,56,54.98,49.69
7673,Historical,609943,1,1,D,12,1,19949,184.95,2014,68,50.99,48.97
7674,Historical,58211,0,0,D,5,1,43532,45.95,2008,158,34.98,9.74
7675,Historical,228622,0,0,D,2,1,1055263,159,1999,24,135.54,74.84
7676,Historical,53943,1,2,D,11,1,32152,101.61,2010,63,108.99,71.03
7677,Historical,614848,1,1,D,2,1,2434029,135.95,2009,26,55.43,9.74
7678,Historical,176892,1,1,D,5,1,3008846,153.95,2001,42,36.63,45.82
7679,Historical,169767,0,0,D,2,1,502782,213.95,2008,46,7.13,71.4
7680,Historical,50026,0,0,D,12,1,35430,120.2,2010,77,86.41,70.95
7681,Historical,536746,1,2,D,7,1,1036003,107.07,2012,24,56.56,285.99
7682,Historical,296084,1,3,D,9,1,148986,340.95,2011,79,203.51,63.99
7683,Historical,874186,0,0,D,5,1,1113236,98.44,2011,58,66.74,33.64
7684,Historical,522848,0,0,D,5,1,1460776,113.31,2010,26,66.74,5.59
7685,Historical,533713,1,5,D,13,1,4141,273.95,2012,193,172.09,42.87
7686,Historical,53836,0,0,D,3,1,1491346,87.95,2004,110,49.68,7.98
7687,Historical,53838,0,0,D,4,1,709306,119.66,2007,42,49.68,43.99
7688,Historical,625665,0,0,D,3,1,539705,76.95,2012,33,15.81,30.99
7689,Historical,861807,0,0,D,10,1,27445,186,2013,91,105.47,42.06
7690,Historical,133211,0,0,D,9,1,824157,157.2,2009,39,105.47,43.99
7691,Historical,133333,1,1,D,4,1,78826,98.6,2011,31,75.43,43.99
7692,Historical,2342450,0,0,D,0,0,589325,59.3,1993,23,0,35.99
7693,Historical,2369647,0,0,D,3,1,446390,85,1994,33,28.92,9.8
7694,Historical,533356,1,1,D,11,1,27386,163.2,2012,56,124.97,65.2
7695,Historical,561489,0,0,D,6,1,59607,177,2012,81,144.78,49.19
7696,Historical,538500,1,1,D,7,1,19445,158.5,2013,56,75.94,112.75
7697,Historical,921660,0,0,D,1,0,232816,167.75,2007,133,47.29,31.94
7698,Historical,665269,1,73,D,2,1,77114,35.5,2010,290,25.99,22.17
7699,Historical,54660,0,0,D,7,1,4030863,94,2004,28,131.54,43.99
7700,Historical,244026,0,0,D,7,1,888962,274.95,2011,53,32.98,6.37
7701,Historical,212612,0,0,D,11,1,960597,0,2004,65,41.44,47.45
7702,Historical,561089,1,2,D,12,1,215901,162.6,2006,116,41.44,43.79
7703,Historical,229122,0,0,D,3,1,418124,39.95,2007,43,30.66,9.63
7704,Historical,907380,0,0,D,1,0,3890809,58.95,2009,24,31.49,23.71
7705,Historical,53049,0,0,D,7,1,251672,126.09,2008,38,103.99,51.82
7707,Historical,652321,0,0,D,0,0,556630,93.5,2014,60,0,0
7708,Historical,288511,0,0,D,4,1,371487,130.67,2000,32,128.97,37.49
7709,Historical,145090,1,1,D,5,1,186852,193.33,2005,70,128.97,26.48
7710,Historical,148641,0,0,D,2,1,1856422,141.95,2008,44,48.99,33.58
7711,Historical,244082,0,0,D,3,1,808552,131.95,2011,25,48.99,49.94
7712,Historical,538527,0,0,D,10,1,144557,102.82,2012,54,84.99,31.99
7713,Historical,55051,0,0,D,0,0,719044,74.99,2005,33,15.01,11.92
7714,Historical,876508,1,3,D,7,1,20795,226.4,2014,69,166.03,123.61
7715,Historical,51552,1,1,D,3,1,1179431,186.67,2010,107,166.03,10.13
7716,Historical,525299,0,0,D,11,1,254935,200.95,2012,45,147.57,22.99
7717,Historical,620102,1,2,D,5,1,117714,53.99,2010,32,69.99,63.03
7718,Historical,501793,0,0,D,3,1,3088707,95,1995,25,42.63,36.24
7719,Historical,52103,0,0,D,12,1,72372,82.99,2010,111,103.5,43.99
7720,Historical,499526,0,0,D,6,1,1566822,138.95,2009,23,52.56,43.89
7721,Historical,873478,1,1,D,4,1,652468,110.2,1996,42,107.49,42.49
7722,Historical,111414,0,0,D,10,1,41024,261.25,2012,67,194.54,73.95
7723,Historical,626536,0,0,D,0,0,1247174,85,1996,44,69.51,44.31
7724,Historical,626477,0,0,D,2,1,1324853,54.99,2002,27,53.97,57.47
7725,Historical,2073512,1,4,D,4,1,212999,152.44,2012,35,0,78.99
7726,Historical,146711,0,0,D,1,0,789167,292.33,2011,23,133.99,105.94
7727,Historical,145894,0,0,D,1,0,2662084,225.33,2010,16,133.99,173.39
7728,Historical,166693,0,0,D,1,0,1570175,10.67,2006,54,68.5,4.97
7729,Historical,54786,1,1,D,1,0,1028896,13.99,2007,52,42.97,13.89
7730,Historical,449324,0,0,D,1,0,3031413,13.73,2007,44,84.72,13.69
7731,Historical,637733,1,5,D,2,1,226296,0,2012,40,123.55,36.98
7732,Historical,57782,0,0,D,2,1,1716383,29.93,2009,22,72.49,10.52
7733,Historical,57145,1,1,D,3,1,134964,273.95,2003,69,115.97,22.1
7734,Historical,3251366,0,0,D,0,0,1641431,86.54,1999,52,51.87,45.15
7735,Historical,55534,1,2,D,5,1,581062,79.95,2001,68,42,12.74
7736,Historical,571888,0,0,D,2,1,1024273,171.95,2001,49,82.99,25
7737,Historical,875717,1,1,D,2,1,76104,111.95,2001,39,70.98,45.15
7738,Historical,544397,0,0,D,2,1,348895,232.95,2013,38,88.78,130.65
7739,Historical,56305,0,0,D,8,1,48362,85.31,2010,63,143.63,51.09
7740,Historical,540428,1,1,D,2,1,46517,129.25,2012,58,61.97,88.98
7741,Historical,540422,0,0,D,2,1,434440,91,2012,38,50.83,42.99
7742,Historical,288301,0,0,D,1,0,354455,73.96,2010,59,50.83,68.03
7743,Historical,141859,1,5,D,1,0,487052,149.69,2008,62,50.83,28.94
7744,Historical,289440,1,1,D,8,1,343582,32.99,2010,98,103.99,12.86
7745,Historical,52357,1,1,D,7,1,276297,15.06,2007,114,111.63,8.79
7746,Historical,50516,1,6,D,7,1,745283,13.99,2008,96,76.06,5.86
7747,Historical,613340,1,1,D,2,1,1453746,43.95,2003,48,49.19,8.93
7748,Historical,57297,0,0,D,4,1,1608126,89,2008,72,56.83,4
7750,Historical,551274,1,1,D,3,1,211770,0,2004,25,96.43,35.97
7753,Historical,649193,1,1,D,1,0,236724,233.95,2006,17,0,10.96
7754,Historical,410578,1,1,D,5,1,1789326,110,2002,32,18.33,4.96
7755,Historical,132846,0,0,D,2,1,3565460,94.27,2008,13,81.69,94.27
7756,Historical,118275,0,0,D,3,1,269904,134.8,2010,53,28.06,15.99
7757,Historical,52665,0,0,D,7,1,113664,178.95,2008,68,132.54,49.94
7758,Historical,52666,0,0,D,8,1,21381,253.95,2011,66,132.54,103.98
7759,Historical,179197,0,0,D,5,1,538242,81.95,2008,29,103.03,42.28
7760,Historical,52671,1,2,D,8,1,87500,203.95,2011,117,103.48,41.99
7761,Historical,533710,0,0,D,8,1,24936,203.95,2011,103,78.99,58.58
7762,Historical,570771,0,0,D,5,1,2132665,81.95,2008,39,122.07,41.01
7763,Historical,612987,0,0,D,2,1,809903,11.98,2009,90,40.48,13.89
7764,Historical,613531,1,1,D,1,0,819865,42.98,2005,47,40.48,40.83
7765,Historical,54668,0,0,D,10,1,773970,184,2009,33,87.97,49.99
7766,Historical,608321,0,0,D,3,1,514422,110,2000,48,82.27,27.99
7767,Historical,809029,0,0,D,0,0,1321580,0,2009,19,111.97,0
7768,Historical,57431,0,0,D,3,1,688402,267.95,2011,61,99.98,50.49
7769,Historical,52331,1,2,D,6,1,534729,81.95,2003,50,94.82,11.51
7770,Historical,246708,0,0,D,5,1,502124,46.95,2008,30,33.09,41.57
7771,Historical,537440,1,1,D,9,1,27634,178.8,2012,111,127.6,76.27
7772,Historical,889610,0,0,D,0,0,5615241,84.95,2002,13,77.79,43.99
7773,Historical,670578,1,1,D,10,1,229139,65,2012,43,53.51,8.88
7774,Historical,561638,1,2,D,12,1,1764773,56.95,2004,84,28.77,6.97
7775,Historical,612874,1,1,D,13,1,420048,67.95,2008,186,28.77,13.87
7776,Historical,642410,0,0,D,22,1,2090897,48,2007,44,4.02,5.98
7777,Historical,635669,1,1,D,5,1,160801,49.95,2012,39,46.24,83.05
7778,Historical,898969,0,0,D,2,1,662467,54.99,2010,35,26.48,53.31
7779,Historical,1658566,1,1,D,1,0,3477636,110.95,2010,19,11.49,167.01
7780,Historical,610122,0,0,D,0,0,42040,17,1997,123,29.74,9.39
7781,Historical,200290,1,2,D,1,0,787230,89.95,2005,36,49.9,28.86
7782,Historical,53350,0,0,D,8,1,100643,99.95,2008,392,38.98,8.7
7783,Historical,752716,0,0,D,1,0,1335229,44.99,2009,51,27.29,13.98
7784,Historical,56697,1,1,D,5,1,15497,60.6,2011,81,53.05,48.99
7785,Historical,56696,1,1,D,3,1,139269,36.67,2003,196,53.05,9.06
7786,Historical,540016,0,0,D,5,1,42763,121,2011,128,84.94,16.74
7787,Historical,536516,1,1,D,5,1,1163244,117.33,2012,25,84.94,16.09
7788,Historical,874057,1,2,D,0,0,2614373,86.27,2012,25,78.75,28.97
7789,Historical,863911,0,0,D,2,1,356336,81.95,2010,30,0,0
7790,Historical,616032,1,1,D,2,1,850617,58,2010,58,0,0
7791,Historical,50656,1,1,D,5,1,93364,110.6,2009,44,80.5,56.8
7792,Historical,914691,1,1,D,2,1,305039,34.95,1996,15,43.88,28.26
7793,Historical,870778,0,0,D,0,0,1418828,39.95,1998,30,36.18,40.32
7794,Historical,557437,0,0,D,4,1,555634,66.67,2008,53,54.45,38.99
7795,Historical,557633,0,0,D,5,1,150359,79.6,2010,66,54.45,26.69
7796,Historical,162716,0,0,D,3,1,103372,94.05,2008,27,55.18,19.7
7797,Historical,145408,0,0,D,5,1,1368750,100,2006,24,93.91,50.71
7798,Historical,740915,1,1,D,5,1,1738622,104,2006,30,73.5,35.67
7799,Historical,329868,0,0,D,6,1,2124910,51.6,2006,34,23.99,18.27
7800,Historical,795718,1,2,D,7,1,127541,73.95,2012,34,137.4,49.43
7801,Historical,765598,1,1,D,4,1,2262846,157.95,2003,57,137.4,23.79
7802,Historical,53151,0,0,D,6,1,193940,252.95,2008,50,123.98,113.76
7803,Historical,533611,0,0,D,7,1,28219,229.95,2012,80,123.98,48.55
7804,Historical,2253239,1,2,D,2,1,2588801,43.38,2008,51,0,42.97
7805,Historical,132197,0,0,D,6,1,2824675,94.67,2006,56,46.57,5.12
7806,Historical,535878,0,0,D,14,1,194684,168.95,2014,55,58.99,37.94
7807,Historical,540698,1,1,D,5,1,14300,188.8,2013,73,57.81,77.06
7808,Historical,619027,0,0,D,1,0,336321,46.66,2003,40,0,31.35
7809,Historical,2249401,0,0,D,6,1,1754699,86.5,2006,21,0,117.35
7810,Historical,540431,1,3,D,7,1,2632,40.99,2010,181,71.64,11.99
7811,Historical,51739,1,4,D,6,1,23824,21.92,2006,293,71.64,7.78
7812,Historical,621903,0,0,D,3,1,1157475,128.87,2012,24,49.4,10.02
7813,Historical,557540,0,0,D,2,1,2375937,110,2008,24,49.4,8.53
7814,Historical,633806,0,0,D,3,1,1127770,132.47,2012,18,88.99,62.89
7815,Historical,557660,1,2,D,12,1,17300,113.6,2012,132,69.33,46.78
7816,Historical,243987,1,1,D,7,1,32264,195.95,2012,129,142.97,71.29
7817,Historical,533571,0,0,D,9,1,21725,100,2011,104,62.91,53.99
7818,Historical,275604,1,1,D,7,1,100761,67.5,2011,95,67.99,39.23
7819,Historical,607841,0,0,D,5,1,217127,51,1999,80,69.28,18.98
7820,Historical,54781,1,1,D,6,1,78567,67.8,2002,93,69.28,29.99
7821,Historical,1482317,0,0,D,2,1,1589132,91.33,2010,12,68.57,69.7
7822,Historical,1516804,0,0,D,2,1,1939035,99.87,2012,22,68.57,43.92
7823,Historical,877032,0,0,D,6,1,1561623,86.62,2009,37,61.11,94.23
7824,Historical,614584,0,0,D,1,0,250529,90.5,2011,42,32.55,21.64
7825,Historical,2620275,1,1,D,2,1,10391262,19.95,1996,29,32.28,7.77
7826,Historical,607750,1,2,D,13,1,649786,56.4,2009,58,39.24,38.09
7827,Historical,54456,1,1,D,14,1,92926,61.6,2011,66,39.24,32.99
7828,Historical,878806,1,5,D,0,0,1167342,5.24,2010,41,65.45,5.25
7829,Historical,543359,0,0,D,4,1,265917,73.95,2010,45,31.29,52.93
7830,Historical,123919,0,0,D,5,1,221065,80.95,1996,160,21.32,23.96
7831,Historical,610475,1,2,D,3,1,2219,22.99,2013,173,47.55,12.99
7832,Historical,54570,0,0,D,7,1,153759,127.95,2009,127,11.89,8.01
7833,Historical,54571,0,0,D,6,1,1452230,139.95,2005,78,11.89,6.99
7834,Historical,910381,0,0,D,1,0,730175,42.4,2014,31,14.86,12.07
7835,Historical,909506,0,0,D,1,0,558493,42.4,2013,18,14.86,11.88
7836,Historical,617771,1,1,D,1,0,135369,193.8,2013,45,20.89,81.78
7837,Historical,538540,1,1,D,9,1,32900,247,2012,52,47.99,40.19
7838,Historical,248908,0,0,D,3,1,1738553,85.95,2007,23,52.98,30.89
7839,Historical,113171,0,0,D,4,1,36250,89.95,2011,93,43.99,22.65
7840,Historical,256778,0,0,D,3,1,456186,64.95,2004,108,43.99,10.94
7841,Historical,58313,0,0,D,4,1,115074,89.95,2008,108,43.99,40.32
7842,Historical,58312,0,0,D,3,1,852796,64.95,2007,61,43.99,13.98
7843,Historical,610428,1,9,D,1,0,7332,222.95,2013,129,20.72,33.99
7844,Historical,530341,0,0,D,23,1,74464,49,2012,102,32.67,13.44
7845,Historical,530342,0,0,D,22,1,155654,45,2011,98,32.67,25.49
7846,Historical,106821,0,0,D,21,1,492255,45,2010,79,32.67,11.19
7847,Historical,610326,0,0,D,30,1,77127,54.95,2013,74,41.41,17.49
7848,Historical,529160,0,0,D,29,1,229735,52.95,2012,107,41.41,14.18
7849,Historical,867185,0,0,D,31,1,45020,54.95,2014,54,41.41,17.99
7850,Historical,615626,0,0,D,28,1,338234,48.95,2011,91,41.41,5.87
7851,Historical,203594,1,1,D,0,0,1429516,50.95,2004,30,53.66,48.92
7852,Historical,1780915,0,0,D,1,0,45845,79.95,2014,85,40.99,22.99
7853,Historical,802523,1,1,D,0,0,5911768,49.99,2004,19,28.58,13.49
7854,Historical,2560882,0,0,D,1,0,216412,195,1994,30,0,36.98
7855,Historical,232057,0,0,D,0,0,275104,115,2001,24,73.69,62.77
7856,Historical,132591,0,0,D,5,1,1614306,63.2,2008,52,61.68,32.21
7857,Historical,609155,1,1,D,2,1,1163273,77.95,2003,71,69.32,7.99
7858,Historical,126153,0,0,D,2,1,285486,129,2001,24,100.94,45.99
7859,Historical,203868,0,0,D,3,1,974160,225,2006,45,145.46,49.83
7860,Historical,149557,0,0,D,3,1,1652098,54.95,2004,19,67.19,48.97
7861,Historical,618002,0,0,D,17,1,564678,56.95,2005,89,29.98,26.42
7862,Historical,246742,0,0,D,3,1,145608,54.95,2008,55,27.84,22.79
7863,Historical,244022,1,1,D,7,1,554339,171.95,2011,133,99.18,17.44
7864,Historical,60017,0,0,D,7,1,2013039,111.95,2006,38,88.31,23.98
7865,Historical,179188,0,0,D,8,1,622940,142.95,2009,51,46.79,41.62
7866,Historical,616732,0,0,D,4,1,221787,73.95,2010,42,41.8,68.86
7867,Historical,51608,0,0,D,5,1,520060,51.2,2006,46,43.67,64.89
7868,Historical,722473,0,0,D,2,1,1038779,61.95,2007,44,46.72,54.71
7869,Historical,796806,0,0,D,0,0,205112,49.99,2012,23,38.44,43.1
7870,Historical,796677,0,0,D,0,0,343284,49.99,2011,16,38.44,51.49
7871,Historical,2340176,1,1,D,0,0,671068,70.1,1972,28,37.94,68.99
7872,Historical,2119981,0,0,D,0,0,3524897,166.86,2009,12,19.79,63.03
7873,Historical,3822502,1,1,D,2,1,2913655,36,1997,25,0,67.54
7874,Historical,909367,0,0,D,1,0,1405014,38.35,1995,38,21.59,38.69
7875,Historical,334614,0,0,D,1,0,3343768,104.95,1999,32,34.11,19.99
7876,Historical,533243,0,0,D,2,1,551642,70,2009,19,50.98,92.33
7877,Historical,203538,0,0,D,0,0,508859,44.95,2003,20,50.98,27.2
7878,Historical,737762,0,0,D,1,0,216240,38,2008,35,25.97,53.13
7879,Historical,922555,0,0,D,0,0,24820,7.95,2008,35,177.98,7.95
7880,Historical,907032,0,0,D,0,0,2345137,9.95,2007,15,177.98,9.95
7881,Historical,2021106,0,0,D,1,0,471969,37,2009,16,37.99,54.52
7882,Historical,3791417,0,0,D,0,0,2755575,0,2010,17,0,137.21
7883,Historical,663754,0,0,D,1,0,1845071,57.95,2013,17,48.22,31.98
7884,Historical,663200,0,0,D,1,0,372096,112,2013,68,242.69,18.99
7885,Historical,2022170,0,0,D,20,1,806132,39.95,2014,15,32.68,18.98
7886,Historical,153827,0,0,D,2,1,858543,19.99,2006,46,58.89,20.99
7887,Historical,153992,0,0,D,3,1,150854,72.62,2010,101,58.89,47.12
7888,Historical,625614,1,1,D,4,1,85641,109.75,2013,47,20.98,55.69
7889,Historical,154010,0,0,D,3,1,769381,10.94,2010,75,20.98,8.97
7890,Historical,637573,1,1,D,4,1,87192,109.75,2013,23,0,0
7891,Historical,652434,0,0,D,0,0,756320,49.98,2013,35,165.17,41.99
7892,Historical,544825,0,0,D,4,1,589928,145.95,2013,131,77.99,12.93
7893,Historical,617904,0,0,D,3,1,1894970,116.95,2012,34,77.99,5.92
7894,Historical,765801,0,0,D,2,1,3150582,112.95,2005,12,48.91,25.48
7895,Historical,135593,0,0,D,0,0,1429570,54.95,2006,50,21.91,13.99
7896,Historical,135650,0,0,D,2,1,1516562,49.95,2009,33,21.91,4.79
7897,Historical,754624,0,0,D,1,0,2531486,105,2009,16,75.49,33.9
7898,Historical,539143,0,0,D,1,0,455782,34.4,2009,33,34.43,57.77
7899,Historical,142063,0,0,D,3,1,27987,45.89,2010,150,23.99,37.13
7900,Historical,614957,0,0,D,0,0,278422,43.38,2003,72,23.99,23.99
7901,Historical,863450,0,0,D,2,1,1263726,33,2007,25,24.49,17.97
7902,Historical,117349,0,0,D,2,1,83681,36.4,2006,27,34.97,45.15
7903,Historical,121225,0,0,D,3,1,328308,57.2,2010,75,34.97,50.8
7904,Historical,647364,1,1,D,6,1,669468,71.95,2010,23,57.86,74.2
7905,Historical,163352,1,2,D,1,0,67061,173.75,2010,52,0,43.99
7906,Historical,110220,0,0,D,11,1,417337,39.35,2009,88,30.83,22.99
7907,Historical,2256317,0,0,D,9,1,1380215,38.71,2009,34,0,32.52
7908,Historical,607076,1,8,D,9,1,242429,22.98,2009,120,31.09,21.84
7909,Historical,60001,1,1,D,10,1,1330029,8.19,2006,65,30.83,8.19
7910,Historical,121711,0,0,D,0,0,617219,130.6,1999,30,42.74,31.99
7911,Historical,551921,0,0,D,4,1,1165447,153.6,2002,33,48.05,80
7912,Historical,627687,0,0,D,3,1,625793,125,2000,20,48.05,43.94
7913,Historical,916933,0,0,D,3,1,879507,101.61,2010,39,102.99,81.79
7914,Historical,127111,1,2,D,2,1,107033,64.95,2007,99,35.99,26.07
7915,Historical,120589,0,0,D,2,1,1789095,119,2007,35,97.15,34.23
7916,Historical,608577,0,0,D,3,1,546500,103.95,2003,42,81.57,15.98
7917,Historical,793533,0,0,D,2,1,2194819,78.95,2004,27,0,63.4
7918,Historical,113869,0,0,D,1,0,2233716,33.8,2002,24,24.49,12.99
7919,Historical,904018,1,1,D,2,1,1168316,39.95,2004,21,29.02,47.82
7922,Historical,58130,0,0,D,2,1,302842,254.95,1996,58,36.55,43.89
7923,Historical,176873,0,0,D,3,1,2277039,139.95,2000,28,35.49,12.99
7924,Historical,532361,0,0,D,6,1,116293,80.2,2011,80,52.57,83.44
7925,Historical,127574,1,1,D,2,1,1956495,44.95,2009,20,32.81,44.95
7926,Historical,874072,0,0,D,3,1,504687,272.17,2006,14,69.81,101.92
7927,Historical,183701,0,0,D,2,1,474347,157.95,2006,35,83.5,74.47
7928,Historical,291648,1,1,D,2,1,987925,66.95,2005,14,81.49,73.93
7929,Historical,183702,1,1,D,2,1,1088352,166.95,2006,22,81.49,92.79
7930,Historical,61193,1,1,D,3,1,1460565,79.18,2004,31,102.97,44.45
7931,Historical,161582,0,0,D,4,1,780482,87.22,2007,33,102.97,73.61
7932,Historical,129487,0,0,D,2,1,80470,64.95,2011,71,19.97,47.72
7933,Historical,320290,0,0,D,1,0,237914,54.95,2008,59,19.97,76.46
7934,Historical,639688,0,0,D,1,0,468481,128.95,2013,41,0,62.43
7935,Historical,229266,1,2,D,2,1,258101,72,2007,34,83.99,62.15
7936,Historical,293859,0,0,D,3,1,911336,185.95,2007,26,55.99,97.07
7937,Historical,714495,0,0,D,2,1,5008733,26,2002,35,18.56,12.99
7938,Historical,2116659,0,0,D,2,1,6536877,58,2009,20,39.08,20.46
7939,Historical,115740,0,0,D,2,1,514056,80.6,2003,51,23.26,13.49
7940,Historical,2578657,0,0,D,1,0,7233228,140,1988,14,49.38,131.95
7941,Historical,789585,0,0,D,4,1,1119880,59,2005,31,49.98,5.39
7942,Historical,3112458,0,0,D,1,0,2511068,70,2005,16,137.35,62.58
7943,Historical,158301,1,1,D,5,1,1055137,76.95,2009,59,44.99,10.99
7944,Historical,118718,0,0,D,1,0,1292347,78.4,1995,48,72.99,26.94
7945,Historical,184260,0,0,D,0,0,1930553,59.95,1996,46,38.42,29.66
7946,Historical,2648322,0,0,D,1,0,6093825,239.95,2001,14,174.66,169.51
7948,Historical,594463,0,0,D,5,1,299918,35,2011,27,17.17,27.67
7949,Historical,142720,0,0,D,5,1,855215,60,2010,26,17.17,163.98
7950,Historical,137783,0,0,D,4,1,383796,29.95,2006,25,17.17,30.86
7951,Historical,125730,0,0,D,2,1,2081561,75,1998,44,81.99,47.43
7952,Historical,100911,1,3,D,2,1,482593,76.95,1997,28,73.99,52.37
7953,Historical,254385,0,0,D,2,1,310478,29.95,2011,28,0,23.39
7954,Historical,174351,0,0,D,1,0,31094,29.99,2010,46,0,21.04
7955,Historical,907187,0,0,D,1,0,2237474,104.99,2010,16,0,75.16
7956,Historical,131975,0,0,D,0,0,2679326,68.8,2005,30,78.47,53.65
7957,Historical,880530,0,0,D,10,1,1354394,0,2008,29,88.82,23.94
7958,Historical,169775,0,0,D,10,1,35123,139.95,2007,124,88.82,36.74
7959,Historical,127630,1,2,D,1,0,641958,89.95,2007,107,63.69,36.81
7960,Historical,127656,0,0,D,2,1,111573,92.95,2011,67,63.69,35.47
7961,Historical,292629,0,0,D,0,0,2853143,43.95,1997,21,39.89,52.81
7963,Historical,594461,1,1,D,0,0,837192,29.95,2011,27,25.97,21.98
7964,Historical,895360,0,0,D,0,0,195108,175,2005,16,49.99,174.18
7965,Historical,152953,0,0,D,2,1,1780111,99,2000,34,26.44,12.09
7966,Historical,572016,0,0,D,2,1,607919,78.95,2003,70,34.72,9.98
7967,Historical,268694,1,1,D,0,0,1555847,99.95,2008,27,29.28,54.31
7968,Historical,132288,1,3,D,1,0,219285,90.2,2007,41,85.34,51.88
7969,Historical,129693,0,0,D,6,1,680393,110.24,1998,20,65.98,97.37
7970,Historical,264925,0,0,D,1,0,883021,109.95,2006,49,75.96,55.98
7971,Historical,60006,0,0,D,5,1,755354,224.95,2005,48,138.98,56.09
7973,Historical,50732,1,1,D,10,1,428014,224.95,2009,56,70.53,45.46
7974,Historical,3128238,0,0,D,3,1,2931924,39.95,2005,21,50.33,22.69
7975,Historical,275598,0,0,D,4,1,1137253,49.5,2008,51,50.33,21.99
7977,Historical,184309,0,0,D,0,0,1501241,49.95,1997,36,49.65,47.96
7978,Historical,235113,0,0,D,2,1,899345,31.95,2003,17,29.18,106.22
7979,Historical,922890,0,0,D,0,0,42630,28.95,1984,154,27.52,36.94
7980,Historical,607119,0,0,D,2,1,2196955,106.67,2000,16,53.95,42.78
7981,Historical,635039,0,0,D,1,0,152928,69.95,2009,28,59.99,46.7
7982,Historical,200423,0,0,D,2,1,330782,227.95,2008,26,13.33,63.99
7983,Historical,778517,0,0,D,1,0,2514929,137.95,2006,18,13.33,82.97
7984,Historical,2570897,0,0,D,1,0,2630480,18.47,1993,24,38.84,18.39
7985,Historical,114338,0,0,D,2,1,2307013,102,2001,29,21.98,25.11
7986,Historical,121712,0,0,D,1,0,2075334,67,1997,32,21.98,8.99
7987,Historical,2617281,1,1,D,0,0,2305418,100.95,1986,27,60.66,56.17
7988,Historical,2592193,0,0,D,0,0,963435,65,1985,37,63.91,77.94
7989,Historical,120939,0,0,D,10,1,248474,136,2008,51,25.98,32.11
7990,Historical,212956,0,0,D,0,0,2436624,29.95,2000,21,48.13,46.99
7991,Historical,169957,0,0,D,5,1,108771,215.95,2011,42,125.44,148.44
7992,Historical,3197125,0,0,D,0,0,1319304,27.48,2012,14,0,21.12
7993,Historical,51504,1,2,D,7,1,58295,22.99,2008,82,122.9,47.63
7994,Historical,1556271,0,0,D,0,0,1151218,45.95,2010,12,0,32.49
7995,Historical,755478,0,0,D,0,0,1574072,79.95,2003,25,33.77,15.96
7996,Historical,596640,0,0,D,0,0,3107933,43.15,1995,26,13.02,11.97
7997,Historical,117786,0,0,D,4,1,1342299,107.2,2005,46,85.49,9.64
7998,Historical,1537781,0,0,D,1,0,73958,42.95,2006,35,139.65,32.93
7999,Historical,269382,1,1,D,3,1,985278,79.95,2010,32,53.38,24.99
8000,Historical,54293,1,4,D,3,1,42125,108.27,2008,85,53.99,14.98
8001,Historical,2379956,0,0,D,6,1,1988441,73.15,1994,17,60.97,117.34
8002,Historical,2381801,0,0,D,3,1,6158816,36.95,1982,10,60.97,72.93
8003,Historical,164646,0,0,D,1,0,712243,75,2006,46,53.3,30.99
8004,Historical,248292,0,0,D,8,1,156156,99.95,2004,72,38.17,13.39
8005,Historical,874593,0,0,D,0,0,2455901,62.9,2008,44,38.17,54.91
8006,Historical,609515,0,0,D,9,1,571190,88.95,2008,69,38.17,33.59
8007,Historical,561312,0,0,D,5,1,697152,236.6,2010,72,132.94,73.79
8008,Historical,145264,0,0,D,4,1,424003,225.33,2006,48,80.38,37.85
8009,Historical,145257,0,0,D,4,1,532268,176,2006,62,80.38,28.99
8010,Historical,626583,1,1,D,2,1,194039,55,1979,53,119.54,93.34
8011,Historical,249801,0,0,D,4,1,1467542,111.95,2006,41,88.71,21.98
8012,Historical,252054,0,0,D,5,1,376424,180.95,2010,63,88.71,55
8013,Historical,902551,0,0,D,1,0,891089,52,2001,20,55.95,51.98
8014,Historical,246193,0,0,D,1,0,1037295,48.95,2005,22,48.24,73.13
8015,Historical,2371119,0,0,D,2,1,3756835,85.2,1990,22,0,43.1
8016,Historical,320157,0,0,D,0,0,266458,39.95,2000,114,45.56,12.72
8017,Historical,529867,1,1,D,5,1,381531,171.95,2012,69,100.82,40.99
8018,Historical,224719,1,1,D,4,1,217443,98.95,2011,52,51.6,53.49
8019,Historical,169168,0,0,D,3,1,451526,103.95,2006,61,51.6,34.74
8020,Historical,177987,0,0,D,6,1,531489,267.95,2003,62,75.18,38.81
8021,Historical,169145,0,0,D,7,1,96571,242.95,2006,49,75.18,50.28
8022,Historical,3578118,0,0,D,0,0,7121893,39.95,1995,22,0,8.99
8023,Historical,474995,0,0,D,2,1,5707250,53.95,1997,14,18.38,56.35
8024,Historical,174414,1,1,D,2,1,881443,74.99,2006,31,45.75,10.71
8025,Historical,246548,0,0,D,7,1,643011,52.95,2007,26,44.35,51.21
8026,Historical,148752,0,0,D,3,1,745091,187.95,2009,34,77.06,23.98
8027,Historical,184028,0,0,D,7,1,1314375,126.95,2004,37,82.57,38.42
8028,Historical,127037,0,0,D,3,1,135254,75,2007,38,4.64,26.88
8029,Historical,126222,0,0,D,2,1,2056917,89.5,2002,36,4.64,17.89
8030,Historical,55532,1,1,D,2,1,350070,2.95,2004,93,51.91,21.01
8031,Historical,55530,1,1,D,3,1,187822,16.89,2009,72,51.91,16.88
8032,Historical,1540062,0,0,D,3,1,2557591,62.95,2008,14,55.59,62.95
8033,Historical,126511,0,0,D,5,1,104717,49.95,2004,68,22.97,11.41
8034,Historical,3608742,0,0,D,0,0,1474369,50,1991,31,0,15.96
8035,Historical,264937,0,0,D,1,0,1847907,55.95,2006,23,60.43,66.99
8036,Historical,120580,1,1,D,11,1,154340,75.6,2008,73,53.6,38.74
8037,Historical,254803,0,0,D,1,0,2227973,54.95,1996,29,63.15,9.49
8038,Historical,914539,0,0,D,1,0,2345189,48.95,2004,25,37.54,32.98
8039,Historical,200443,0,0,D,1,0,222826,67.95,2009,50,33.5,43.75
8040,Historical,60010,0,0,D,2,1,128778,80,1995,146,0,31.94
8041,Historical,119838,1,4,D,0,0,741773,78,2000,43,65.83,43.99
8042,Historical,131719,0,0,D,1,0,2322524,81.4,2005,20,58.66,28.98
8043,Historical,262719,0,0,D,5,1,303479,91.95,2007,19,52.81,72.34
8044,Historical,104101,0,0,D,4,1,2136102,114.06,1996,30,52.81,22.96
8045,Historical,553426,1,1,D,4,1,298584,0,1982,46,40,21.09
8046,Historical,58366,0,0,D,5,1,2019164,84,2001,26,93.84,44.57
8047,Historical,58369,0,0,D,6,1,203431,114.6,2005,30,93.84,45.23
8048,Historical,900981,0,0,D,3,1,1720225,40,1996,14,46.74,79.79
8049,Historical,60012,0,0,D,2,1,249092,90,2004,55,94.33,7.97
8050,Historical,55260,0,0,D,8,1,367996,199.95,2008,61,43.46,40.65
8051,Historical,183589,0,0,D,8,1,1455689,131.95,2008,23,78.9,66.27
8052,Historical,182866,0,0,D,7,1,1188383,80.95,2004,39,34.23,33.94
8053,Historical,183590,0,0,D,8,1,1022406,131.95,2008,37,34.23,46.38
8054,Historical,874691,0,0,D,8,1,1024103,60.19,2009,27,34.23,88.96
8055,Historical,912555,0,0,D,2,1,265400,88.24,2004,23,63.3,32.33
8056,Historical,154238,1,1,D,1,0,743708,90.5,1996,41,63.3,26.89
8057,Historical,56060,1,7,D,2,1,1077360,15.99,2004,41,30.99,16.99
8058,Historical,56063,0,0,D,2,1,603746,25.99,2004,65,44.99,25.63
8059,Historical,607480,0,0,D,6,1,118125,75,2007,49,73.62,48.99
8060,Historical,717314,0,0,D,1,0,2163056,72.95,1998,26,50.99,8.73
8061,Historical,244436,1,2,D,10,1,15147,278.95,2011,93,203.34,75.73
8062,Historical,244299,0,0,D,4,1,203196,208.5,2011,35,100.43,53.98
8063,Historical,51971,1,1,D,9,1,53312,243.95,2007,74,203.34,70.65
8064,Historical,51972,1,1,D,8,1,270834,152.95,2003,81,203.34,31.76
8065,Historical,117976,1,2,D,2,1,505078,74,2005,61,72.44,22.89
8066,Historical,154221,1,1,D,3,1,97470,66.75,1996,75,67.17,35.59
8067,Historical,3478927,0,0,D,2,1,3684705,56.95,1996,21,0,54.57
8068,Historical,127181,0,0,D,7,1,396475,49.95,2007,51,24.83,7.43
8069,Historical,298302,0,0,D,1,0,36086,120,2010,40,63.97,30.87
8070,Historical,552179,0,0,D,6,1,311504,174.2,2003,39,70.79,49.64
8071,Historical,246427,0,0,D,2,1,164727,37.95,2007,40,50.2,27.43
8072,Historical,178107,0,0,D,1,0,137741,194.95,2006,51,74.23,74.99
8073,Historical,298104,1,1,D,3,1,2498181,44.95,2004,42,0,9.98
8074,Historical,126403,0,0,D,7,1,285324,69.95,2004,38,53.95,41.98
8075,Historical,126402,0,0,D,7,1,407363,49.95,2004,27,25.28,40.38
8076,Historical,2618615,0,0,D,4,1,5566158,70.95,1993,32,0,20.49
8077,Historical,254838,0,0,D,0,0,428422,49.95,2004,44,33.06,31.81
8078,Historical,117858,0,0,D,4,1,1882132,62.6,2004,30,0,0
8079,Historical,917591,0,0,D,0,0,1158036,37.95,2002,41,27.23,19.78
8080,Historical,117398,0,0,D,3,1,1646522,65.2,2003,35,55.73,18.73
8081,Historical,132771,0,0,D,4,1,487744,85.6,2009,32,55.73,57.25
8082,Historical,246284,0,0,D,1,0,757500,52.95,2006,28,34.55,40.49
8083,Historical,870364,0,0,D,10,1,170932,168.5,2006,28,49.91,80.99
8084,Historical,2352358,0,0,D,9,1,1177224,29.11,2001,33,0,19.19
8085,Historical,109724,0,0,D,10,1,475779,83.98,2006,26,0,0
8086,Historical,114367,0,0,D,4,1,510525,101.4,2002,52,67.2,20.03
8087,Historical,55203,1,1,D,4,1,101207,105,2006,68,65.58,57.99
8088,Historical,55204,0,0,D,4,1,286296,86.33,2004,67,65.58,58.99
8089,Historical,154322,1,4,D,6,1,1020053,74.5,2001,96,0,0
8090,Historical,54962,0,0,D,7,1,343443,42.97,2005,75,79.63,39.43
8091,Historical,461703,1,1,D,8,1,183238,143.25,2005,88,122.94,39.67
8092,Historical,53499,1,1,D,10,1,75997,79.61,2010,49,91.49,76.33
8093,Historical,560124,0,0,D,9,1,1305286,53.73,2007,26,7.83,27.98
8094,Historical,529621,0,0,D,8,1,3031451,37.89,2005,25,56.99,35.99
8095,Historical,912866,0,0,D,0,0,517700,75,2000,33,5.39,29.95
8096,Historical,54387,0,0,D,7,1,1159638,35,2006,35,123.77,27.99
8097,Historical,54388,0,0,D,8,1,506821,96.27,2008,63,123.77,34.98
8098,Historical,53826,1,1,D,8,1,100097,31.39,2008,93,109.7,20.24
8099,Historical,183390,0,0,D,7,1,1810581,23.99,2006,52,100.83,23.99
8100,Historical,432642,0,0,D,7,1,1122581,128.26,2007,18,100.83,49.82
8101,Historical,142203,0,0,D,8,1,122223,38.98,2008,87,100.83,36.49
8102,Historical,183391,0,0,D,7,1,3734335,18.61,2006,23,93.99,19.02
8103,Historical,142204,1,1,D,8,1,1356985,28.89,2008,53,93.99,27.74
8104,Historical,183393,1,1,D,7,1,3474116,26.97,2006,25,109.91,26.96
8105,Historical,142206,0,0,D,8,1,450035,29.42,2008,37,109.91,29.93
8106,Historical,531656,0,0,D,2,1,1244563,195.75,2009,46,123.22,29.94
8107,Historical,58179,1,1,D,11,1,371249,44.41,2007,45,61.63,47.93
8108,Historical,58180,0,0,D,12,1,269735,149.95,2010,44,61.63,33.49
8109,Historical,416190,1,2,D,10,1,478503,0,2003,23,53.98,53.45
8110,Historical,257746,0,0,D,2,1,973892,39.95,1998,71,34.91,6.46
8111,Historical,134714,0,0,D,6,1,188972,30,1996,57,0,0
8112,Historical,203965,0,0,D,8,1,62845,57.99,2008,168,42.47,27.1
8113,Historical,126013,1,1,D,2,1,1202237,49.95,2001,39,69.31,7.98
8114,Historical,3210412,0,0,D,0,0,1664229,77,2003,19,47.93,20.19
8115,Historical,2609571,0,0,D,2,1,9049006,35.99,1999,14,42.51,26.96
8116,Historical,2663521,1,1,D,2,1,3382250,52.95,1995,35,49.99,28.99
8117,Historical,478775,0,0,D,3,1,1790897,61.95,2002,28,49.99,50.05
8118,Historical,288426,1,5,D,4,1,1242073,212,2011,42,4.23,33.94
8119,Historical,280148,0,0,D,3,1,562613,145,2009,24,96.38,95.43
8120,Historical,272892,0,0,D,0,0,229542,59.95,2007,23,0,33.75
8121,Historical,154240,1,6,D,4,1,157747,32.99,1997,95,93.85,21.98
8122,Historical,286981,0,0,D,6,1,3531393,34.95,1999,45,18.62,15.04
8123,Historical,126578,0,0,D,7,1,2062897,47.95,2003,45,18.62,10.46
8124,Historical,131932,1,1,D,5,1,1549994,113.33,2005,37,97.91,7.89
8125,Historical,58335,0,0,D,2,1,760796,75,2009,84,72.92,13.98
8126,Historical,58336,0,0,D,1,0,1901244,55.95,2006,58,72.92,10.21
8127,Historical,461755,0,0,D,7,1,1489221,153.95,2006,32,88.31,15.88
8128,Historical,170225,0,0,D,9,1,779715,96.95,2011,37,45.06,33.65
8129,Historical,767367,0,0,D,8,1,2454921,101.95,2009,32,45.06,31.99
8130,Historical,527311,0,0,D,9,1,515245,135.95,2011,99,46.79,25.17
8131,Historical,767636,0,0,D,8,1,3648044,138.37,2008,25,63.99,58.71
8132,Historical,51895,0,0,D,7,1,839090,282.95,2004,97,63.99,21.1
8133,Historical,913213,0,0,D,0,0,2414083,56.35,2003,42,36.77,58.35
8135,Historical,141848,1,51,D,2,1,126988,13.89,2006,86,25.98,11.95
8136,Historical,653740,0,0,D,4,1,2841895,39.95,2000,18,39.85,71.97
8137,Historical,3022246,1,1,D,0,0,2013382,102,1990,26,0,62.55
8138,Historical,1474757,0,0,D,1,0,5994212,79.95,2010,10,23.76,53.96
8139,Historical,204161,1,1,D,4,1,371222,94.99,2007,42,47.63,83.15
8140,Historical,2159175,0,0,D,1,0,3014575,65,2007,15,41.86,48.84
8141,Historical,57009,0,0,D,3,1,140126,22.95,2008,76,20.89,21.49
8142,Historical,2259594,0,0,D,2,1,3779383,30.42,2006,40,0,22.79
8143,Historical,193684,0,0,D,3,1,271915,112,2010,132,40.22,20.98
8144,Historical,193441,0,0,D,2,1,950283,72,2006,83,40.22,9.96
8145,Historical,649102,0,0,D,2,1,1341645,184.99,2008,19,0,128.63
8146,Historical,619242,0,0,D,5,1,1965786,59.95,2000,27,4.98,25.94
8147,Historical,3788536,0,0,D,0,0,2895433,139.95,2003,11,0,244
8148,Historical,2331833,0,0,D,0,0,3135872,62.5,1995,16,92.2,98.98
8149,Historical,625296,0,0,D,2,1,327766,158.99,2009,16,0,0
8150,Historical,518400,0,0,D,3,1,2441097,135,2006,18,108.99,28.26
8151,Historical,293221,1,1,D,4,1,688223,94,2010,129,43.99,15.99
8152,Historical,206085,0,0,D,2,1,158363,60,2007,52,64.2,29.94
8153,Historical,670149,0,0,D,0,0,2074875,80.95,2006,16,79.04,93.48
8154,Historical,3481917,0,0,D,2,1,1485996,24.95,1988,15,0,99.15
8155,Historical,917334,0,0,D,1,0,2030474,0,1987,34,53.99,46.03
8156,Historical,60019,0,0,D,6,1,868859,212.95,2004,31,73.99,30.94
8157,Historical,192737,0,0,D,3,1,2904850,139,2001,28,108.58,11.09
8158,Historical,527016,1,2,D,13,1,270907,57.34,2012,45,117.99,52.49
8159,Historical,2302574,0,0,D,0,0,805286,64,1971,26,29.12,63.07
8160,Historical,231548,0,0,D,3,1,633643,39.95,2001,41,34.52,43.79
8161,Historical,268474,1,1,D,1,0,227722,67,2008,41,0,7.99
8162,Historical,174478,0,0,D,1,0,2258816,66,1998,14,39.88,24.48
8163,Historical,823836,0,0,D,2,1,5832587,29.95,1988,23,48.4,18.88
8164,Historical,55058,0,0,D,10,1,435665,160,2009,218,118.99,9.9
8165,Historical,54105,0,0,D,10,1,1316981,164.67,2009,40,118.99,13.99
8166,Historical,266872,0,0,D,3,1,2683302,39.99,2005,35,28.99,17.1
8167,Historical,146141,0,0,D,1,0,414680,39.99,2009,60,27.21,12.45
8168,Historical,2043100,0,0,D,1,0,1649437,100,2009,15,67.71,52.55
8169,Historical,60020,0,0,D,5,1,2133378,110.67,1996,33,142.97,46.03
8171,Historical,915897,0,0,D,0,0,2560584,42,2004,25,36.83,11.98
8172,Historical,55184,0,0,D,4,1,592169,62.67,2009,99,57.95,12.47
8173,Historical,55185,1,1,D,3,1,801766,61.2,2006,60,57.95,13.97
8174,Historical,618269,1,4,D,1,0,192536,57.4,2009,71,48.26,13.96
8175,Historical,203648,1,1,D,0,0,2948210,39.95,2005,29,26.74,4.98
8176,Historical,54278,1,2,D,7,1,104884,63.2,2008,109,56.81,21.15
8177,Historical,873094,0,0,D,3,1,3463889,152.43,1985,20,77.59,72.87
8178,Historical,54683,0,0,D,9,1,43462,53,2007,147,33.33,17.99
8179,Historical,533476,1,1,D,8,1,262435,51.8,2012,75,48.58,13.93
8180,Historical,144367,1,1,D,5,1,139100,41.6,2003,83,45.45,9.85
8181,Historical,54316,0,0,D,6,1,197373,48.2,2006,135,45.45,12.1
8182,Historical,54986,0,0,D,7,1,85154,42,2009,72,44.97,13.49
8183,Historical,738995,1,5,D,0,0,1310750,41.6,1999,40,48.98,8.99
8184,Historical,117964,0,0,D,4,1,353933,48,2005,37,42.47,48.39
8185,Historical,298934,0,0,D,3,1,1002469,37.95,2009,37,34.9,35.45
8186,Historical,145442,1,3,D,9,1,1162945,71.2,2006,32,60.98,72.79
8187,Historical,366365,0,0,D,1,0,7938212,44.95,2004,14,46.45,33.29
8188,Historical,199374,0,0,D,1,0,3931679,56,2005,17,25.51,72.41
8189,Historical,169647,0,0,D,8,1,718241,47.95,2006,58,60.79,31.38
8190,Historical,254119,0,0,D,3,1,38820,357.95,2010,62,205.01,38.99
8191,Historical,2703717,0,0,D,1,0,4633234,76.97,2005,13,143.33,37.95
8192,Historical,127663,0,0,D,2,1,3969390,49.95,2004,14,20.44,56.23
8193,Historical,725094,0,0,D,0,0,11918476,55,1999,12,20.44,7.98
8194,Historical,562471,0,0,D,3,1,1701177,53,2005,18,40.08,22.99
8195,Historical,54005,1,6,D,4,1,99428,27.56,2008,193,73.75,10.47
8196,Historical,619335,0,0,D,5,1,92768,101.71,2011,46,65.86,49.41
8197,Historical,229121,0,0,D,0,0,2329003,39.95,2006,27,53.99,44.98
8198,Historical,280118,0,0,D,1,0,3688956,120,2006,17,63.99,95.69
8199,Historical,2545205,0,0,D,1,0,1452450,63.95,1992,36,47.36,9.98
8200,Historical,191998,0,0,D,2,1,1071748,6.24,2004,131,24.84,6.36
8201,Historical,800864,0,0,D,2,1,3257811,52,2007,20,45.2,105.09
8202,Historical,139102,0,0,D,0,0,917663,102,2004,23,28.08,67.33
8203,Historical,533532,1,3,D,9,1,2818,203,2012,186,36.99,42.99
8204,Historical,54073,1,2,D,8,1,627972,162.67,2007,136,36.99,4.3
8205,Historical,159512,0,0,D,2,1,3181348,345,2003,16,165.98,180.01
8206,Historical,704624,0,0,D,8,1,4306407,7.95,2003,27,45.99,7.97
8207,Historical,110242,1,1,D,10,1,793596,21.99,2008,85,45.99,7.05
8208,Historical,109685,1,1,D,9,1,2478441,6.89,2005,32,45.99,8.29
8209,Historical,131994,1,1,D,0,0,730754,32.99,2005,31,33.98,11.99
8210,Historical,125820,0,0,D,1,0,2508614,65,2002,22,71.28,23.98
8211,Historical,525556,0,0,D,3,1,1961454,46.95,2006,31,117.24,27.25
8212,Historical,566438,0,0,D,3,1,2484175,115,2004,19,71.14,39.38
8213,Historical,521081,1,2,D,0,0,500135,49.99,2007,19,35.33,23.97
8214,Historical,158214,0,0,D,0,0,595768,44.95,2006,19,34.55,58.85
8216,Historical,861136,1,1,D,7,1,3035,250,2014,82,101.99,78.98
8217,Historical,51929,0,0,D,4,1,718639,6.99,2007,114,101.99,6.98
8218,Historical,177000,1,5,D,6,1,768362,307.95,2005,31,181.77,33.59
8219,Historical,607013,1,1,D,6,1,95271,19.77,2009,61,33.63,38.73
8220,Historical,608404,0,0,D,2,1,2368361,110,1989,31,69,48.75
8221,Historical,2559098,0,0,D,0,0,5044718,0,1980,24,69,28.65
8222,Historical,487304,0,0,D,6,1,36967,41.95,2009,56,25.27,17.97
8223,Historical,235124,0,0,D,5,1,329567,46.75,2005,33,25.27,13.55
8224,Historical,487303,1,2,D,6,1,73309,41.95,2009,28,0,0
8226,Historical,235119,1,1,D,0,0,729631,26.95,2005,32,31.52,42.25
8227,Historical,235128,1,3,D,1,0,525702,39.2,2008,20,42.34,9.5
8228,Historical,557371,0,0,D,0,0,2414494,57.6,2007,18,38.74,33.98
8229,Historical,3125081,0,0,D,1,0,2904596,79.95,2004,15,83.76,43.99
8230,Historical,60021,1,1,D,1,0,952308,108.36,1995,45,30.12,34.38
8231,Historical,1620910,1,1,D,1,0,974557,284.95,2007,60,73.97,29.25
8232,Historical,765896,0,0,D,6,1,1822898,149.95,2006,44,76.12,35.94
8233,Historical,132010,0,0,D,4,1,1080812,66.6,2005,35,166.71,43.99
8234,Historical,132539,0,0,D,5,1,714370,85.4,2008,36,166.71,46.65
8235,Historical,105986,1,2,D,1,0,932696,65,2004,27,20.02,73.37
8236,Historical,55046,1,4,D,3,1,849976,45,1997,59,30.06,26.84
8237,Historical,52250,0,0,D,6,1,43707,170.33,2009,114,82.24,39.46
8238,Historical,52249,1,5,D,5,1,26024,128,2006,145,82.24,25.65
8239,Historical,3062579,0,0,D,1,0,4660153,55,1998,16,57.98,27.99
8240,Historical,54500,0,0,D,8,1,56516,53.98,2009,127,44.41,22.83
8241,Historical,54501,0,0,D,7,1,328749,27.95,2005,144,44.41,26
8242,Historical,125791,0,0,D,0,0,1217644,46.95,2002,34,38.94,8.94
8243,Historical,2648783,0,0,D,2,1,11116389,139.95,2000,10,5.98,244.68
8244,Historical,3549237,0,0,D,8,1,5411794,49,1997,23,0,4.99
8245,Historical,2257939,0,0,D,7,1,586530,81.88,2010,22,65.49,53.69
8246,Historical,142158,1,3,D,6,1,1410399,12.89,2010,21,73.05,5.88
8247,Historical,142157,1,2,D,6,1,1756443,8.99,2010,25,73.98,8.99
8248,Historical,110225,1,1,D,4,1,212287,111.25,2011,52,71.34,23.87
8249,Historical,109597,0,0,D,2,1,2906990,8.64,2005,35,44.87,15.91
8250,Historical,535672,0,0,D,6,1,31239,165.95,2013,74,33.78,34.88
8251,Historical,55248,0,0,D,5,1,304361,174.95,2009,104,33.78,10.79
8252,Historical,533312,1,1,D,6,1,45759,165.95,2012,65,41.16,23.44
8253,Historical,57262,0,0,D,5,1,1011092,174.95,2009,79,41.16,10.89
8254,Historical,2153987,1,1,D,0,0,7575158,85,2006,16,90.96,128.53
8255,Historical,533192,0,0,D,2,1,593703,80,2010,29,48.96,33.99
8256,Historical,106221,1,3,D,1,0,1332417,72.95,2005,24,48.96,22.92
8257,Historical,667997,0,0,D,3,1,6747413,59.95,2006,14,41.09,43
8258,Historical,2681596,0,0,D,2,1,7129044,62.95,2003,12,39.45,43.98
8259,Historical,109677,1,1,D,9,1,2721940,130.25,2005,33,74.94,7.98
8260,Historical,110389,1,2,D,11,1,61666,17.95,2010,50,74.94,33.94
8261,Historical,110188,0,0,D,10,1,171044,36.29,2008,35,74.94,21.61
8262,Historical,147392,0,0,D,6,1,1102310,61.95,2006,23,56.39,23.74
8263,Historical,910722,0,0,D,4,1,6374084,34.95,2000,25,19.98,37.21
8264,Historical,743677,1,1,D,5,1,1966018,45.95,2004,24,19.98,27.98
8265,Historical,213016,0,0,D,0,0,767522,46.95,2003,33,34.15,46.93
8266,Historical,877296,0,0,D,7,1,2655559,39.6,2008,55,43.89,26.95
8267,Historical,55031,0,0,D,6,1,2016578,140,2005,44,43.89,4.99
8268,Historical,55032,0,0,D,7,1,506046,182.8,2008,125,43.89,22.76
8269,Historical,533431,1,3,D,5,1,18457,294.95,2012,132,182.15,47.94
8270,Historical,55301,1,1,D,4,1,241858,324.95,2008,132,182.15,31.44
8271,Historical,878476,0,0,D,5,1,119093,187.95,2012,19,182.15,71.6
8272,Historical,492112,0,0,D,6,1,21436,268.95,2011,123,114.99,25.99
8273,Historical,50176,1,8,D,5,1,145502,20.27,2010,135,108.99,18.98
8274,Historical,130467,0,0,D,7,1,24651,209.6,2011,155,125.94,21.93
8275,Historical,533486,0,0,D,15,1,43163,188.6,2012,70,126.69,58.99
8276,Historical,795606,0,0,D,6,1,1953471,170.95,2011,14,91.83,41.99
8277,Historical,243980,1,6,D,1,0,393975,178.95,2011,94,71.99,16.99
8278,Historical,54756,0,0,D,10,1,506028,13.31,2006,124,43.43,14.86
8279,Historical,118419,1,1,D,1,0,920868,167.6,2009,99,113.9,9.98
8280,Historical,879230,1,1,D,11,1,3305700,35.03,2009,46,43.43,16.75
8281,Historical,54757,1,2,D,11,1,463161,137.49,2009,137,43.43,12.92
8282,Historical,52107,0,0,D,5,1,116901,204.95,2008,187,114.99,13.23
8283,Historical,615628,0,0,D,6,1,155274,265.95,2011,145,114.99,21.31
8284,Historical,130932,1,1,D,2,1,156000,193.6,2011,92,113.9,14.94
8285,Historical,600328,0,0,D,3,1,1181511,26.94,2009,32,108.65,47.99
8286,Historical,54534,1,2,D,14,1,167495,183.4,2009,211,126.69,16.22
8287,Historical,649976,0,0,D,4,1,223048,48.99,2011,31,108.65,43.94
8288,Historical,550249,0,0,D,5,1,928034,116.67,2007,34,107.54,13.93
8289,Historical,54197,1,3,D,6,1,219239,16.15,2009,178,107.54,24.25
8290,Historical,293041,1,1,D,1,0,618028,20.73,2009,92,77.36,12.2
8291,Historical,537839,1,1,D,8,1,5393,149.99,2012,99,145.98,65.84
8292,Historical,416624,0,0,D,4,1,1473700,174.25,2007,48,108.99,18.96
8293,Historical,132899,0,0,D,6,1,200520,167.6,2009,77,125.94,9.49
8294,Historical,52297,1,1,D,8,1,131392,193.6,2010,130,123.47,24.65
8295,Historical,52296,1,1,D,7,1,702527,156,2007,84,123.47,18.94
8296,Historical,111016,0,0,D,5,1,2101341,13.98,2007,35,107.54,11.98
8297,Historical,50074,1,1,D,7,1,38337,42.16,2009,227,145.98,20
8298,Historical,417093,0,0,D,4,1,1336480,7.57,2007,76,108.99,14.92
8299,Historical,1657827,0,0,D,2,1,8524426,58.76,2009,17,3.85,50.76
8300,Historical,914065,0,0,D,1,0,1761418,67,2004,24,38.82,7.99
8301,Historical,161822,0,0,D,3,1,426334,45,2007,52,25.24,26.35
8302,Historical,201167,0,0,D,2,1,1470624,35,2003,47,25.24,6.23
8303,Historical,57123,0,0,D,10,1,454228,116.8,2008,52,47.61,59.25
8304,Historical,57121,1,1,D,9,1,1292640,98.2,2005,36,47.61,13.56
8305,Historical,58347,1,2,D,3,1,26619,59.95,2007,91,68.98,23.99
8306,Historical,245045,1,2,D,1,0,469838,151.95,2006,40,80.73,9.49
8307,Historical,52458,0,0,D,9,1,493003,99.99,2008,171,37.86,8
8308,Historical,52457,0,0,D,8,1,1707321,74.95,2006,83,37.86,8.93
8309,Historical,145142,0,0,D,2,1,622663,107.4,2005,29,132.64,37.83
8310,Historical,607953,0,0,D,3,1,529583,123,2007,41,132.64,38.99
8311,Historical,796540,0,0,D,0,0,1011894,75,2010,18,57.02,43.95
8312,Historical,533183,0,0,D,5,1,31534,166.4,2012,49,145.69,85.94
8313,Historical,537932,0,0,D,3,1,839255,123,2007,38,145.69,38.87
8314,Historical,3130727,0,0,D,1,0,1571231,39.95,2003,30,34.42,11.97
8315,Historical,54475,1,1,D,4,1,271069,18.1,2004,101,53.95,14.59
8316,Historical,760025,0,0,D,1,0,4747066,156,2003,12,128.37,92.87
8317,Historical,716900,0,0,D,2,1,1942136,47.98,1999,24,68.99,68.31
8318,Historical,868482,0,0,D,2,1,2734890,53.95,1995,17,62.77,33.99
8319,Historical,58372,0,0,D,2,1,301883,392.95,1996,74,92.56,21.86
8320,Historical,255645,0,0,D,6,1,55025,64.95,2006,113,49.9,5
8321,Historical,830751,0,0,D,1,0,578172,65,2000,47,49.32,12.57
8322,Historical,569113,0,0,D,1,0,1466726,37.5,2009,42,28.72,4.23
8323,Historical,269999,0,0,D,3,1,1000244,34,2007,43,36.27,27.99
8324,Historical,292157,0,0,D,3,1,5411154,152.95,2003,21,109.91,33.13
8325,Historical,768725,0,0,D,2,1,13155771,0,2000,12,109.91,8.24
8326,Historical,121152,1,2,D,2,1,569054,54.2,2010,64,33.68,14.99
8327,Historical,610185,0,0,D,1,0,952,27,2007,387,40.58,8.94
8328,Historical,254925,1,1,D,2,1,1273689,49.95,2009,36,40.58,44.09
8329,Historical,574643,0,0,D,2,1,2871833,161,2011,16,0,118.29
8330,Historical,200628,0,0,D,1,0,1063674,107.95,2010,41,0,0
8331,Historical,540729,1,9,D,13,1,8783,152.2,2013,147,97.6,43.98
8332,Historical,52573,0,0,D,10,1,1134307,111.6,2007,83,97.6,9.59
8333,Historical,52572,1,1,D,12,1,51413,133.13,2011,115,97.6,25.99
8334,Historical,190803,0,0,D,2,1,154200,72.95,2005,35,34.24,23.51
8335,Historical,231682,1,4,D,13,1,223179,216.5,2009,43,0,0
8337,Historical,751840,0,0,D,11,1,4879316,99.95,2010,9,183.1,73.03
8338,Historical,658042,1,7,D,25,1,452750,227.95,2013,41,222,38.47
8339,Historical,697479,0,0,D,0,0,4730853,0,2006,15,36.5,36.11
8340,Historical,148300,0,0,D,6,1,4113807,79.95,2004,17,54.66,5.69
8341,Historical,162905,0,0,D,7,1,222293,38.87,2009,68,54.66,38.94
8342,Historical,744940,0,0,D,6,1,3002810,140.95,2004,15,54.66,72.95
8343,Historical,533169,0,0,D,7,1,1789872,115,2011,17,85.12,76.01
8344,Historical,137522,1,1,D,5,1,608689,97.5,2006,24,85.12,66.98
8345,Historical,52324,1,1,D,24,1,69382,357.95,2011,187,222,16.95
8346,Historical,52323,1,1,D,23,1,172864,394.95,2008,202,222,17.84
8347,Historical,759097,0,0,D,1,0,3287953,75,2006,19,44.53,14.39
8348,Historical,112087,0,0,D,7,1,479734,12.89,2010,153,66.16,8.5
8349,Historical,110142,0,0,D,6,1,633356,6.56,2008,50,66.16,9.25
8350,Historical,112038,0,0,D,16,1,13521,320.5,2012,97,141.99,56.13
8351,Historical,53904,1,4,D,15,1,230865,36.22,2009,94,141.99,19.31
8352,Historical,583574,0,0,D,5,1,335159,97.95,2007,35,77.11,24.19
8353,Historical,200022,0,0,D,1,0,1053039,97.95,2006,66,80.93,5.15
8354,Historical,877135,0,0,D,8,1,3771228,214.68,2009,22,144.34,418.56
8355,Historical,113565,1,1,D,9,1,2734530,136,2003,31,100.2,12.99
8356,Historical,533470,0,0,D,8,1,216328,343.95,2012,84,176.41,24.28
8357,Historical,109540,0,0,D,1,0,1248557,164.75,2007,45,128.5,10.97
8358,Historical,533156,0,0,D,3,1,334227,32.94,2012,65,128.5,38.99
8359,Historical,118274,1,3,D,1,0,646842,248.8,2011,59,182.37,44.79
8360,Historical,54879,0,0,D,7,1,2227636,222.95,2007,40,144.34,6.98
8361,Historical,286465,0,0,D,10,1,306320,181.4,2009,34,100.2,31.99
8362,Historical,54767,0,0,D,7,1,787251,377.95,2010,69,176.41,52.41
8363,Historical,165890,0,0,D,1,0,232725,7.99,2008,91,48.41,28.99
8364,Historical,52085,1,1,D,11,1,242390,236.67,2008,99,113.99,12.1
8365,Historical,112043,0,0,D,2,1,911730,21.38,2009,59,128.5,10.58
8366,Historical,54881,0,0,D,9,1,131251,357.95,2011,98,144.34,20.33
8367,Historical,54766,0,0,D,6,1,671502,300.95,2008,40,176.41,33.99
8368,Historical,52083,1,3,D,10,1,1447860,184,2005,80,113.99,24.94
8369,Historical,54880,0,0,D,8,1,835976,393.95,2009,64,144.34,16.08
8370,Historical,50589,0,0,D,10,1,26356,77.64,2011,144,232.91,25.49
8371,Historical,50592,0,0,D,8,1,667907,188.95,2007,170,232.91,29.99
8372,Historical,544000,1,1,D,11,1,245307,250,2013,28,27.06,52.02
8373,Historical,162595,0,0,D,9,1,546433,49.99,2008,42,27.06,5.08
8374,Historical,161854,0,0,D,2,1,1604107,17.32,2007,63,47.77,6.7
8375,Historical,162953,0,0,D,4,1,31013,164.09,2011,172,47.77,41.83
8376,Historical,162626,0,0,D,3,1,544192,10.69,2008,83,47.77,7.29
8377,Historical,111396,1,2,D,9,1,1288065,0,2010,25,60.99,64.95
8378,Historical,54112,1,3,D,9,1,125925,21.47,2010,148,60.99,24.43
8379,Historical,54111,0,0,D,8,1,1240270,5.98,2007,87,60.99,5.03
8380,Historical,556413,0,0,D,1,0,314319,89.75,2012,20,57.45,38.48
8381,Historical,3783359,0,0,D,1,0,384751,87.95,2009,19,0,116.68
8382,Historical,264282,0,0,D,1,0,310637,42.95,2006,46,31.5,41.97
8383,Historical,868703,0,0,D,0,0,1739932,66.99,1992,20,23.94,13.99
8384,Historical,246184,1,1,D,2,1,186390,54.95,2003,25,32.58,45.93
8385,Historical,2331479,0,0,D,1,0,3182086,147.1,1954,18,49.22,73.67
8386,Historical,269540,0,0,D,1,0,489203,73.95,2009,23,83.25,77.95
8387,Historical,740168,0,0,D,6,1,2732384,60,2004,35,77.04,10.49
8388,Historical,870823,0,0,D,5,1,4506974,56,2001,30,77.04,7.99
8389,Historical,145640,0,0,D,7,1,1309026,73.8,2007,27,77.04,38.91
8390,Historical,203627,1,1,D,2,1,1651832,39.95,2005,83,25.59,6.78
8391,Historical,203923,1,1,D,3,1,148867,41.99,2009,94,25.59,31.98
8392,Historical,194003,0,0,D,2,1,142726,59,2002,89,33.89,9.95
8393,Historical,203924,1,1,D,8,1,214374,40.99,2009,78,28.94,11.98
8394,Historical,55541,0,0,D,8,1,59372,40.99,2009,130,28.94,10.62
8395,Historical,55540,1,1,D,7,1,1145649,36.95,2006,106,28.94,11.89
8396,Historical,204017,1,2,D,1,0,73553,85.99,2010,77,44.79,43.85
8397,Historical,203990,0,0,D,2,1,1552383,44.95,2007,38,30.98,11.18
8398,Historical,204178,0,0,D,3,1,489208,46.99,2010,78,30.98,9.86
8399,Historical,2670462,0,0,D,0,0,9577697,120,1993,7,0,0
8400,Historical,294168,0,0,D,6,1,202434,67.99,2009,88,38.02,11.69
8401,Historical,203626,0,0,D,5,1,1052719,59.95,2005,89,38.02,9.98
8402,Historical,478930,0,0,D,3,1,153648,70.99,2009,130,53.99,7.95
8403,Historical,60030,1,1,D,2,1,1159565,65.95,2006,82,53.99,5.57
8404,Historical,157939,0,0,D,1,0,2372412,48.95,2001,37,37.92,13.94
8405,Historical,2669110,0,0,D,3,1,763250,7.95,1983,20,57.57,17.87
8406,Historical,50406,0,0,D,11,1,108143,172.95,2011,66,126.6,28.24
8407,Historical,50405,0,0,D,10,1,656498,182.95,2008,41,126.6,17.94
8408,Historical,60031,0,0,D,4,1,156113,71.31,2001,70,77.06,18.88
8409,Historical,266235,0,0,D,6,1,652736,172.95,2011,47,102.99,53.99
8410,Historical,533138,0,0,D,5,1,789401,182.95,2008,53,102.99,38.73
8411,Historical,142089,0,0,D,2,1,57293,53.57,2011,61,41.87,43.41
8412,Historical,141863,1,1,D,1,0,1011593,9.93,2008,78,41.87,9.93
8413,Historical,2363778,0,0,D,2,1,455960,74,1989,35,36.09,14.94
8414,Historical,286096,0,0,D,3,1,75780,49.6,2006,131,35.15,13.78
8415,Historical,247891,0,0,D,3,1,449862,68,2007,44,59.05,23.49
8416,Historical,592166,1,1,D,3,1,212610,58,2011,66,53.98,40.35
8417,Historical,903924,0,0,D,4,1,994056,54.99,2008,29,35.4,28.98
8418,Historical,681256,0,0,D,2,1,1852619,29.8,2007,25,20.97,9.99
8419,Historical,117222,0,0,D,2,1,397356,43.4,2005,35,20.97,7.99
8420,Historical,665437,0,0,D,1,0,2171358,100.95,2012,13,66.07,63.78
8421,Historical,868631,0,0,D,0,0,1287606,65,1995,24,36.94,38.99
8422,Historical,251199,0,0,D,2,1,1519831,42.95,2007,35,28.98,12.85
8423,Historical,206002,0,0,D,3,1,234344,62,2014,53,34.9,44.89
8424,Historical,200643,0,0,D,3,1,2280679,61.95,2010,25,4.97,15.99
8425,Historical,758765,0,0,D,1,0,1321210,79.39,2004,15,78.81,37.45
8426,Historical,618097,0,0,D,3,1,1099948,40.24,2004,47,18.19,31.32
8427,Historical,60933,0,0,D,3,1,912953,62.2,2005,48,43.99,16.99
8428,Historical,542098,1,7,D,1,0,346927,80,2009,44,52.97,23.98
8429,Historical,159404,0,0,D,1,0,2697882,79.95,2000,21,87.68,73.87
8430,Historical,608960,1,1,D,2,1,1890805,75.95,2002,49,47.98,33.97
8431,Historical,3123752,0,0,D,1,0,1313913,52.75,1999,23,117.57,49.86
8432,Historical,192925,0,0,D,1,0,10578762,175,2003,8,75.99,62.91
8433,Historical,2333477,0,0,D,0,0,137690,41.94,1986,55,9.75,44.39
8434,Historical,514605,0,0,D,9,1,604378,193,2009,26,64.81,35.25
8435,Historical,104840,0,0,D,7,1,2828110,99.95,2000,30,64.81,48.98
8436,Historical,608003,0,0,D,2,1,7206094,58.95,2004,16,14.69,7.94
8437,Historical,147464,0,0,D,3,1,1842916,71.95,2008,23,14.69,7.94
8438,Historical,203575,0,0,D,5,1,1768295,169.99,2002,22,128.97,141.2
8439,Historical,2671016,0,0,D,5,1,1498440,0,1997,24,0,108.37
8440,Historical,2669954,0,0,D,4,1,5521750,68.3,1993,22,77.17,43.94
8441,Historical,115836,0,0,D,6,1,1023544,73,2003,45,4,53.19
8442,Historical,117309,0,0,D,7,1,176144,112,2007,52,93.99,40.9
8443,Historical,264984,0,0,D,1,0,1773326,109.95,2007,22,91.71,93.57
8445,Historical,169326,0,0,D,2,1,109803,188.95,2007,82,109.72,60.73
8446,Historical,762110,0,0,D,3,1,1395041,55,2006,16,37.96,53.98
8447,Historical,177796,1,1,D,1,0,857819,81.95,2003,44,109.72,40.97
8448,Historical,125875,0,0,D,1,0,1818090,99.5,1999,28,68.19,46.49
8449,Historical,256505,1,1,D,1,0,235771,39.95,2001,56,25.49,23.88
8450,Historical,253636,0,0,D,2,1,66007,49.95,2007,57,25.49,33.91
8451,Historical,625348,1,3,D,1,0,244337,107.95,2008,30,0,109.39
8452,Historical,261411,0,0,D,2,1,3901366,62,2003,27,43.41,26.55
8453,Historical,166694,0,0,D,4,1,2782993,160,2006,15,99.35,98.44
8454,Historical,2777739,0,0,D,9,1,2310728,130,1992,24,65.89,42.49
8455,Historical,146923,0,0,D,10,1,1662231,143,2002,21,65.89,78.14
8456,Historical,110040,1,1,D,7,1,76135,53.3,2011,69,53.91,31.99
8457,Historical,110557,0,0,D,6,1,314374,36.98,2007,48,53.91,36.98
8458,Historical,247875,1,2,D,1,0,510521,108,2009,51,53.92,28.99
8459,Historical,170023,0,0,D,8,1,663323,171.95,2010,39,92.53,72.79
8460,Historical,60033,0,0,D,7,1,1155543,184.95,2007,41,92.53,42.62
8461,Historical,252027,0,0,D,4,1,216903,163.95,2008,33,34.65,51.41
8462,Historical,202392,0,0,D,3,1,3651738,206.95,2002,37,34.65,9.53
8463,Historical,143279,0,0,D,6,1,369260,225,2009,37,154.58,62.83
8464,Historical,667673,0,0,D,2,1,3377645,60,2011,17,60.09,40.94
8465,Historical,116067,0,0,D,3,1,2890038,121.8,2005,23,70.03,11.97
8466,Historical,600117,0,0,D,10,1,2129708,25,2007,22,73.93,10
8467,Historical,900154,0,0,D,2,1,3496368,76.95,1998,14,50.6,82.07
8468,Historical,193453,1,1,D,6,1,358468,149,2006,49,63.68,53.98
8469,Historical,119988,1,1,D,4,1,1369898,144.8,2008,47,70.03,28.54
8470,Historical,120235,0,0,D,5,1,318652,174.4,2011,46,70.03,48.71
8471,Historical,193629,0,0,D,2,1,1801481,140,2008,24,7.14,10
8472,Historical,193316,0,0,D,0,0,5376387,108,2003,14,7.14,14.47
8473,Historical,613228,0,0,D,10,1,1181957,168,2003,55,73.93,43.86
8474,Historical,270083,1,3,D,1,0,1209181,211,2010,25,135.98,33.94
8475,Historical,193729,1,1,D,6,1,238932,225,2011,81,43.99,13.99
8476,Historical,193454,0,0,D,5,1,1640937,143,2006,38,43.99,8.94
8477,Historical,912163,0,0,D,3,1,2907499,105,2001,18,50.6,73.09
8478,Historical,901602,0,0,D,0,0,4773749,71.5,2009,17,60.09,45.47
8479,Historical,556171,0,0,D,10,1,1699168,90,2009,11,63.97,82.61
8480,Historical,217248,0,0,D,4,1,1323603,80,2004,26,28.58,11.99
8481,Historical,286182,0,0,D,1,0,1230747,121.4,2009,98,25.91,7.97
8482,Historical,313499,0,0,D,7,1,4862368,78.4,2000,24,29.83,16.49
8483,Historical,143007,0,0,D,3,1,1913198,143,2006,36,83.94,26.49
8484,Historical,143264,0,0,D,4,1,530907,210,2010,94,83.94,30.88
8485,Historical,624316,0,0,D,4,1,2086622,120.7,2010,27,23.99,22.79
8486,Historical,275830,0,0,D,0,0,2652441,39,2004,15,5.94,136.95
8487,Historical,131694,0,0,D,2,1,836811,73.4,2003,26,55.34,44.61
8488,Historical,652053,0,0,D,4,1,1772988,95,2004,25,73.97,99.72
8489,Historical,268810,0,0,D,2,1,1069341,78,2008,21,22.38,73.71
8490,Historical,740847,0,0,D,1,0,1944167,59.99,2006,26,8.7,13.98
8491,Historical,620225,1,1,D,1,0,280795,59.99,2012,48,40.34,28.93
8492,Historical,330967,0,0,D,1,0,1176055,167.95,2009,34,35.99,21.12
8493,Historical,178672,0,0,D,1,0,943991,174.95,2011,55,35.99,32.97
8495,Historical,288714,0,0,D,1,0,116186,54.99,2010,144,8.94,8.88
8496,Historical,116122,0,0,D,1,0,1236980,69.8,2008,37,79.97,39.99
8497,Historical,623817,0,0,D,1,0,778528,83.95,2012,42,59.13,16.69
8498,Historical,146411,0,0,D,1,0,44427,54.99,2010,172,37.98,27.99
8499,Historical,612953,0,0,D,1,0,174999,59.99,2008,192,37.98,8.99
8500,Historical,178668,0,0,D,1,0,2963856,84.95,2010,24,103.99,41.42
8501,Historical,592908,0,0,D,1,0,3144894,88.95,2008,19,103.99,18.52
8502,Historical,135527,0,0,D,0,0,190095,54.95,2010,117,20.54,14.7
8503,Historical,614716,0,0,D,1,0,740427,59.99,2008,58,33.31,19.3
8504,Historical,146427,1,2,D,1,0,227753,59.99,2010,108,33.31,17.98
8505,Historical,632448,0,0,D,1,0,1340666,69.99,2010,22,40.29,41.99
8506,Historical,285598,1,1,D,14,1,13013,49.99,2011,121,113.98,42.98
8507,Historical,704660,0,0,D,5,1,398729,10.99,2003,30,71.31,13.98
8508,Historical,52908,1,1,D,3,1,64767,139.8,2006,115,151.43,17.99
8509,Historical,52909,0,0,D,4,1,103234,167.2,2009,64,151.43,62.61
8510,Historical,537847,1,2,D,13,1,70579,51.49,2009,97,113.98,48.99
8511,Historical,52601,1,1,D,9,1,17108,43.99,2010,127,93.5,43.99
8512,Historical,614717,0,0,D,6,1,278627,36.98,2006,48,71.31,32.98
8513,Historical,537884,0,0,D,12,1,550581,28.46,2007,141,113.98,14.85
8514,Historical,52600,0,0,D,8,1,87071,9.21,2007,110,93.5,8.97
8515,Historical,131816,0,0,D,11,1,534887,109.8,2005,37,98.99,21.49
8516,Historical,132357,0,0,D,12,1,717280,137.2,2007,27,98.99,81.35
8517,Historical,478921,0,0,D,5,1,536535,139.99,2007,37,0,90.31
8518,Historical,165026,0,0,D,2,1,1177713,49.95,2000,40,46.03,12.99
8519,Historical,870857,0,0,D,1,0,1167556,80,2001,29,26.51,28.5
8520,Historical,620861,0,0,D,2,1,1177892,199,2008,36,111.8,63.98
8521,Historical,2363273,0,0,D,1,0,2731063,175,1998,20,107.89,88.23
8522,Historical,868715,0,0,D,2,1,2837037,0,2004,12,92.72,28.66
8523,Historical,631630,1,1,D,3,1,216781,72.95,2009,35,40.99,17.73
8524,Historical,778643,0,0,D,1,0,765265,89.95,2008,20,80.53,58.98
8525,Historical,538173,0,0,D,1,0,1115138,383,2009,17,258.69,38.84
8526,Historical,54567,1,2,D,6,1,34004,286.95,2010,117,150.59,32.87
8527,Historical,54569,1,1,D,5,1,1144667,187.95,2005,101,150.59,8.24
8528,Historical,56416,1,1,D,3,1,1315332,7.12,2007,81,47.33,4.72
8529,Historical,60035,0,0,D,4,1,4221385,93,1996,31,7.7,32.94
8530,Historical,56417,0,0,D,4,1,40753,32.99,2010,118,47.33,26.99
8531,Historical,909370,0,0,D,2,1,530276,53.5,1998,20,35.25,44.37
8532,Historical,58170,0,0,D,6,1,114620,11.27,2012,54,62.95,28.49
8533,Historical,58174,0,0,D,5,1,941490,20.39,2007,86,62.95,15.17
8534,Historical,167187,0,0,D,2,1,562946,60,2006,18,40.14,58.99
8535,Historical,628827,0,0,D,1,0,769422,45,2007,21,0,0
8536,Historical,533071,0,0,D,5,1,233965,171.5,2011,43,225.63,76.65
8537,Historical,601193,1,1,D,2,1,621551,408.07,2013,54,10.2,73.42
8538,Historical,161849,1,1,D,3,1,1599313,100.12,2007,39,225.63,53.65
8539,Historical,533072,1,1,D,11,1,120421,278.4,2011,72,138.99,29.99
8540,Historical,60037,0,0,D,9,1,1715643,178.67,2005,32,138.99,11.91
8541,Historical,178705,1,2,D,11,1,147086,381.95,2011,74,232.85,37.49
8542,Historical,162906,0,0,D,4,1,857849,13.71,2009,40,225.63,22.49
8543,Historical,120644,0,0,D,10,1,926021,221.33,2008,48,138.99,13.98
8544,Historical,603402,0,0,D,0,0,473813,33.99,2012,23,184.79,23.94
8545,Historical,53862,0,0,D,10,1,164977,23.92,2010,86,140.99,22.89
8546,Historical,60038,0,0,D,9,1,792610,230.95,2005,33,232.85,46.96
8547,Historical,533864,0,0,D,10,1,308967,333.95,2008,45,232.85,61.98
8548,Historical,279486,0,0,D,0,0,999191,12.67,2010,21,10.2,9.99
8549,Historical,868379,1,1,D,2,1,1048876,82.35,1998,69,65.84,32.18
8550,Historical,916604,1,3,D,2,1,774464,69.5,2002,34,88.72,51.6
8551,Historical,211020,0,0,D,2,1,203049,64.95,2011,52,49.74,13.33
8552,Historical,210946,0,0,D,1,0,1014409,56.95,2005,47,49.74,7.97
8553,Historical,2332470,0,0,D,2,1,4658736,81.01,1965,28,45.52,53.41
8554,Historical,2421940,0,0,D,1,0,3417576,0,1952,17,55.29,54.53
8555,Historical,2621670,0,0,D,1,0,1375731,139.95,1995,33,68.99,20.37
8556,Historical,2364169,0,0,D,0,0,1800793,0,1962,23,8.98,58.95
8557,Historical,230079,1,4,D,0,0,554341,48.5,2006,179,38.29,4
8558,Historical,143245,0,0,D,12,1,1654900,143,2008,42,23.99,58.23
8559,Historical,2252543,0,0,D,12,1,5634502,87.53,2008,35,0,92.36
8560,Historical,560538,0,0,D,13,1,114673,185,2012,53,23.99,28.95
8561,Historical,714138,1,1,D,2,1,801280,159,2002,24,95.41,43.98
8562,Historical,2875234,0,0,D,0,0,80779,15,1983,51,43.18,39.99
8563,Historical,631475,1,1,D,1,0,45313,156,2011,48,148.92,98.97
8564,Historical,119072,1,2,D,5,1,635058,160.8,2011,33,143.74,127.27
8565,Historical,607442,1,2,D,4,1,1443951,146.4,2008,27,143.74,53.71
8566,Historical,2609647,0,0,D,2,1,502025,89.99,1998,34,68.99,68.97
8567,Historical,868315,0,0,D,0,0,719461,69.33,1989,37,55.34,53.4
8568,Historical,2571061,0,0,D,7,1,681947,65.32,1992,76,132.95,75.95
8569,Historical,165943,0,0,D,9,1,102089,87.91,2005,54,132.95,50.46
8570,Historical,200568,1,1,D,4,1,297903,303.95,2009,74,124.19,33.99
8571,Historical,868050,0,0,D,1,0,2427444,90.8,1988,23,73.98,54.05
8572,Historical,177013,0,0,D,5,1,2549764,245.95,2002,31,129,24
8573,Historical,60039,0,0,D,3,1,1009822,303.95,2006,64,124.19,46.97
8574,Historical,177516,1,1,D,6,1,1690671,341.95,2006,35,129,50.15
8575,Historical,756873,0,0,D,2,1,3590420,150,1997,19,67.57,68.99
8576,Historical,2576234,0,0,D,1,0,3912084,99.95,1988,18,67.57,43.99
8577,Historical,203641,0,0,D,1,0,1092528,114.5,2005,27,54.47,13.6
8578,Historical,50865,0,0,D,9,1,164519,41.74,2010,79,202.77,23.14
8579,Historical,50864,0,0,D,8,1,549208,17.59,2008,67,202.77,38.98
8580,Historical,52680,1,1,D,6,1,44221,90,2010,98,42.95,19.88
8581,Historical,52679,0,0,D,5,1,695546,78,2006,88,42.95,15.08
8582,Historical,873127,0,0,D,5,1,5637452,78,2006,38,42.95,27.19
8583,Historical,128720,0,0,D,1,0,685431,89.95,2009,29,62.92,64.49
8584,Historical,58384,1,7,D,4,1,59536,84.95,2011,74,72.76,19.93
8585,Historical,58386,0,0,D,3,1,343595,69.95,2007,67,72.76,23.47
8586,Historical,789387,1,1,D,0,0,2250357,79.95,2005,38,33.99,8.48
8587,Historical,222306,0,0,D,2,1,684829,80,2010,43,71.13,20.94
8588,Historical,200574,0,0,D,2,1,129370,170.95,2011,38,53.99,23.99
8589,Historical,2559578,0,0,D,4,1,2920524,78.09,1980,29,48.89,64.51
8590,Historical,910988,0,0,D,5,1,1116735,79.95,1988,32,48.89,81.46
8591,Historical,594162,0,0,D,1,0,1344981,94.95,2010,21,69.24,66.38
8592,Historical,703680,0,0,D,2,1,810718,41.89,2000,32,55.87,42.11
8593,Historical,108390,0,0,D,3,1,862036,38.99,2005,45,55.87,43.99
8594,Historical,914906,1,7,D,1,0,555223,49.25,1989,43,15.34,28.94
8595,Historical,846717,0,0,D,0,0,197909,98.64,1994,44,17.47,39.92
8596,Historical,112512,0,0,D,2,1,6057451,350,2007,11,118.94,151.24
8597,Historical,114592,0,0,D,4,1,471015,150,2003,28,113.92,79.07
8598,Historical,607308,1,2,D,3,1,1941297,120,1994,29,113.92,44.75
8599,Historical,868527,0,0,D,1,0,112366,71.95,2014,44,58.99,35.73
8600,Historical,645167,0,0,D,0,0,1790209,114,1997,23,84.52,73.17
8601,Historical,144259,0,0,D,2,1,821231,195.2,2000,21,84.52,73.99
8602,Historical,576694,1,2,D,1,0,193681,118.95,2010,32,0,0
8603,Historical,450476,1,1,D,5,1,243984,358.95,2008,56,153.97,129.01
8604,Historical,61211,1,3,D,4,1,221015,208.95,2004,43,153.97,62.25
8605,Historical,518541,0,0,D,4,1,2943428,83.18,2004,13,153.97,66.7
8606,Historical,139612,0,0,D,4,1,919929,49.5,2004,56,31.32,36.74
8607,Historical,607804,0,0,D,4,1,1022197,49.5,2001,41,33.29,12.59
8608,Historical,644665,0,0,D,0,0,709249,59.99,2012,17,0,0
8609,Historical,1651834,0,0,D,1,0,854997,50.95,2008,15,0,166.01
8610,Historical,3023244,0,0,D,0,0,4251028,24.95,1996,14,303.98,14.98
8611,Historical,594679,1,1,D,2,1,37639,94.95,2012,43,38.94,63.89
8612,Historical,533060,0,0,D,4,1,301535,80.95,2008,161,47.93,8.98
8613,Historical,192438,0,0,D,3,1,1737029,64.95,2004,66,47.93,5.03
8614,Historical,200321,1,4,D,1,0,888377,92.95,2008,90,38.94,19.9
8615,Historical,222218,0,0,D,4,1,772982,79,2009,48,8.43,41.51
8616,Historical,578911,0,0,D,1,0,2587006,53.95,2004,80,26.98,6.98
8617,Historical,624389,0,0,D,1,0,982448,52.95,2008,27,41.37,53.53
8618,Historical,145817,0,0,D,2,1,713261,69.99,2005,26,44.19,68.63
8619,Historical,533055,1,2,D,5,1,269829,104,2010,88,90.61,24.16
8620,Historical,249274,0,0,D,3,1,42199,149.1,2011,47,45.46,75.1
8621,Historical,298416,0,0,D,2,1,114685,123.55,2006,61,45.46,70.27
8622,Historical,290130,0,0,D,1,0,821561,94.95,2008,35,78.98,48.74
8623,Historical,680456,1,1,D,0,0,1280952,23.4,1987,20,47.95,63.27
8624,Historical,534099,0,0,D,0,0,4458058,117.15,1977,28,78.44,44.43
8625,Historical,2261812,0,0,D,3,1,4792687,0,2008,33,0,20.05
8626,Historical,203952,0,0,D,3,1,1094862,51.99,2007,26,47.05,9.87
8627,Historical,2364205,0,0,D,0,0,5773484,0,1987,18,21.95,55.07
8628,Historical,2901857,0,0,D,0,0,1591457,69,1995,22,67.98,76.99
8629,Historical,142963,0,0,D,0,0,2667211,124,2004,28,0,0
8630,Historical,225712,0,0,D,2,1,942427,139.95,2001,41,83.41,61.49
8631,Historical,853329,0,0,D,2,1,2811408,65,2002,28,30,42.12
8632,Historical,58165,1,2,D,2,1,130865,44.68,1997,41,77.96,73.01
8633,Historical,133201,0,0,D,6,1,226790,148.4,2010,87,84.64,45.98
8634,Historical,60042,0,0,D,5,1,148651,126.6,2007,90,84.64,15.94
8635,Historical,3065288,1,1,D,0,0,678694,16.99,2005,51,31.83,36.44
8636,Historical,111613,0,0,D,1,0,399951,108.92,2011,23,55.28,68.95
8637,Historical,201796,0,0,D,2,1,1949613,210,2010,18,54.15,74.08
8638,Historical,52032,1,2,D,6,1,18497,356.95,2011,134,133.94,45.71
8639,Historical,52031,1,4,D,5,1,500291,293.95,2008,110,133.94,18.51
8640,Historical,52030,0,0,D,4,1,1745773,294.95,2005,66,133.94,16.04
8641,Historical,639214,0,0,D,2,1,1102671,80,2010,42,48.98,42.45
8642,Historical,2722696,0,0,D,1,0,12622374,108,2005,11,48.98,106.98
8643,Historical,53567,1,1,D,8,1,56415,26.2,2008,166,156.69,8.48
8644,Historical,792461,0,0,D,0,0,3767504,140,1997,24,56.73,57.27
8645,Historical,201786,0,0,D,0,0,381804,84.95,2010,27,0,0
8646,Historical,901027,0,0,D,1,0,2142662,15.25,2010,11,0,0
8647,Historical,153790,1,2,D,2,1,434346,60,2006,76,31.41,19.32
8648,Historical,148435,0,0,D,4,1,78260,270.95,2005,59,140.83,43.68
8649,Historical,61184,0,0,D,3,1,1855167,170.95,2003,51,140.83,7.95
8650,Historical,545774,1,1,D,3,1,43589,103,2012,61,55.69,42.64
8651,Historical,248087,0,0,D,2,1,777206,85,2009,75,55.69,8.94
8652,Historical,655524,0,0,D,3,1,392190,59.95,2014,32,55.94,32.97
8653,Historical,201750,0,0,D,2,1,1609290,49.95,2008,29,55.94,17.1
8654,Historical,638614,0,0,D,3,1,650418,59.95,2011,22,54.15,51.45
8655,Historical,50597,1,1,D,8,1,143415,207,2008,110,168.12,14.84
8656,Historical,50596,0,0,D,9,1,23916,289.4,2011,114,168.12,38.41
8657,Historical,50595,0,0,D,7,1,524109,177.33,2005,82,168.12,21.48
8658,Historical,148421,0,0,D,7,1,563786,265.95,2006,50,57.27,10.79
8659,Historical,148635,0,0,D,8,1,394370,390.95,2008,121,57.27,15.24
8660,Historical,3472776,0,0,D,1,0,2756661,122,1996,25,0,6.17
8661,Historical,60043,0,0,D,5,1,751772,141.2,2003,43,63.99,43.98
8662,Historical,132189,0,0,D,6,1,743099,119.6,2007,35,63.99,51.52
8663,Historical,1474752,0,0,D,15,1,4542356,75,2010,11,38.66,82.78
8664,Historical,868488,0,0,D,0,0,253949,34.95,2005,36,43.05,20.36
8665,Historical,279597,0,0,D,2,1,224832,41.95,2011,29,43.05,98.09
8666,Historical,164273,0,0,D,2,1,1127019,145,2003,41,57.23,46.09
8667,Historical,2559661,0,0,D,1,0,1408277,104.95,1979,28,98.99,75.49
8669,Historical,2120087,0,0,D,2,1,1318570,130,2007,19,90.45,90.19
8670,Historical,759096,0,0,D,2,1,7419856,225,2001,10,174.74,220.79
8671,Historical,2561738,1,1,D,1,0,3336407,99,1982,14,133.92,255.11
8672,Historical,1752733,0,0,D,1,0,3175169,330,2009,9,0,431.02
8673,Historical,115812,0,0,D,2,1,448446,79,2004,28,69.11,45.12
8675,Historical,871938,0,0,D,4,1,936207,63,2002,24,39.84,28.99
8676,Historical,131586,0,0,D,5,1,484053,58.8,2002,25,39.84,53.05
8677,Historical,132137,0,0,D,6,1,371521,81.2,2005,42,39.84,6.98
8678,Historical,557257,0,0,D,4,1,729095,85.4,2004,71,91.93,16.49
8679,Historical,51369,1,1,D,4,1,1400511,85.4,2003,85,91.93,11.19
8680,Historical,120945,1,1,D,2,1,584212,66.2,2007,56,48.98,73.03
8681,Historical,295403,0,0,D,4,1,698127,46,2008,30,14.54,38.98
8682,Historical,261413,0,0,D,2,1,1454576,70,2004,49,27.99,8.24
8683,Historical,565058,0,0,D,0,0,370701,72.95,2005,54,58.92,46.37
8684,Historical,495340,1,2,D,2,1,324683,107,2009,31,74.12,62.69
8685,Historical,133381,0,0,D,4,1,64201,92.2,2011,45,58.99,81.47
8686,Historical,58364,0,0,D,3,1,100723,70,2008,32,58.99,48.99
8687,Historical,58363,0,0,D,2,1,2467845,66.4,2005,34,58.99,12.39
8688,Historical,557617,0,0,D,4,1,71575,67.2,2011,23,55.68,109.83
8689,Historical,2594220,0,0,D,0,0,3755324,23.99,1987,41,16.69,32.49
8690,Historical,2259655,0,0,D,3,1,16669658,114.31,2009,17,39.71,48.92
8691,Historical,728944,0,0,D,1,0,4977480,47.95,1999,21,11.85,41.49
8692,Historical,2364737,0,0,D,1,0,5729495,27.2,1975,27,13.99,41.53
8693,Historical,2555115,0,0,D,1,0,672328,59.95,1999,44,141.36,43.98
8694,Historical,882085,0,0,D,0,0,2652831,29.95,1993,15,26.99,675
8695,Historical,913950,0,0,D,2,1,597341,35,1998,21,26.99,48.99
8696,Historical,54471,0,0,D,3,1,1300604,86.67,2005,51,78.87,28.99
8697,Historical,54474,0,0,D,5,1,141984,139.4,2010,62,78.87,59.45
8698,Historical,120931,0,0,D,4,1,711997,80,2007,34,85.6,52.85
8699,Historical,133046,0,0,D,4,1,864703,86.6,2009,28,57.28,44.85
8700,Historical,135648,0,0,D,2,1,291422,44.95,2009,73,31.73,13.98
8701,Historical,135621,0,0,D,0,0,1480524,39.95,2007,53,31.73,16.99
8702,Historical,533030,0,0,D,3,1,37363,54.95,2012,37,31.73,33.98
8703,Historical,1594221,0,0,D,1,0,6525409,140,2010,22,48.81,53.2
8704,Historical,2628865,0,0,D,0,0,31161,18,2001,146,23.98,8.48
8705,Historical,58162,0,0,D,4,1,653820,74.25,2000,72,42.98,43.01
8706,Historical,109056,0,0,D,5,1,544117,71.25,2004,52,42.98,6.5
8707,Historical,58163,1,1,D,5,1,211345,21.98,2004,79,42.98,66.35
8708,Historical,60044,1,1,D,5,1,599458,18.88,2004,57,44.89,15.32
8709,Historical,125869,1,1,D,0,0,141532,59.95,1998,50,41.99,42.94
8710,Historical,565068,0,0,D,0,0,1293349,35.95,2004,22,38.99,26.09
8711,Historical,157695,0,0,D,2,1,557613,38.95,2009,33,38.99,31.26
8712,Historical,870436,0,0,D,8,1,136812,82,2011,27,6.1,52.99
8713,Historical,592855,0,0,D,8,1,216077,202,2011,35,6.1,28.59
8714,Historical,868664,0,0,D,2,1,1515832,164,2006,17,114.84,32.87
8715,Historical,910347,1,3,D,0,0,5409408,83.5,2001,22,114.84,49.77
8716,Historical,144470,0,0,D,0,0,69501,69.4,2002,74,58.89,92.41
8717,Historical,667513,0,0,D,1,0,1544376,175,2001,5,205.59,144.22
8718,Historical,248043,1,1,D,6,1,866436,103,2009,93,58.99,16.24
8719,Historical,613487,0,0,D,5,1,431269,93.95,2006,46,58.99,13.76
8720,Historical,3785581,0,0,D,1,0,4719064,39.95,1998,19,0,17.97
8721,Historical,57677,0,0,D,5,1,76585,23.99,2010,79,120.97,20.73
8722,Historical,57676,1,2,D,4,1,423383,14.94,2007,58,120.97,8.99
8723,Historical,57675,0,0,D,3,1,1457972,88.12,2004,43,120.97,5.94
8724,Historical,254585,0,0,D,7,1,46762,108,2011,112,58.99,30.34
8725,Historical,170042,0,0,D,9,1,23981,245.95,2010,70,122.98,53.99
8726,Historical,875463,1,2,D,9,1,3119771,43.76,2011,14,122.98,41.52
8727,Historical,60045,0,0,D,8,1,413733,174.95,2006,74,122.98,50.61
8728,Historical,564867,0,0,D,4,1,210726,93.95,2012,21,63.64,55.58
8729,Historical,713229,0,0,D,5,1,3056068,82.2,2003,13,48.91,57.23
8730,Historical,644930,0,0,D,4,1,633994,115,1997,16,48.91,81.68
8731,Historical,713866,0,0,D,1,0,3445980,100,2000,17,76.98,32.36
8732,Historical,164092,0,0,D,7,1,512279,18.99,1997,22,36.27,118.63
8733,Historical,2572409,0,0,D,6,1,7370523,0,1994,16,0,33.82
8734,Historical,114595,0,0,D,2,1,619337,153.8,2003,29,76.98,70
8735,Historical,549099,0,0,D,0,0,4700692,102.95,1997,6,19.47,27.84
8736,Historical,2411231,0,0,D,0,0,11887773,80,1997,7,84.24,113.39
8737,Historical,637965,0,0,D,1,0,2937275,60.95,2006,12,45.99,39.03
8738,Historical,225892,0,0,D,2,1,112729,73.95,2006,58,61.54,66.1
8739,Historical,2027804,0,0,D,1,0,2368283,299,2011,25,148.97,38.99
8740,Historical,503813,0,0,D,1,0,2583522,279,2010,17,148.97,73.67
8741,Historical,139105,0,0,D,0,0,833690,77,2005,19,55.38,43.99
8742,Historical,2672242,0,0,D,4,1,2791452,53.95,2003,17,38.55,59.36
8743,Historical,110653,0,0,D,21,1,1340239,103.5,2011,46,71.8,9.68
8744,Historical,110651,0,0,D,20,1,1497396,34.32,2010,40,71.8,34.32
8745,Historical,537664,0,0,D,22,1,496937,13.24,2012,51,71.8,39.99
8746,Historical,111235,1,1,D,7,1,52086,38.98,2010,84,67.41,11.97
8747,Historical,109949,1,3,D,6,1,340144,13.94,2008,78,67.41,13.96
8748,Historical,147008,0,0,D,3,1,1317776,93.95,2002,26,98.09,114.34
8749,Historical,832215,0,0,D,2,1,2344947,79.95,1996,20,98.09,55.45
8750,Historical,634814,0,0,D,3,1,555333,94.95,2002,39,72.99,65.29
8751,Historical,609689,0,0,D,3,1,2700843,84.95,1997,21,110,32
8752,Historical,635292,0,0,D,0,0,361909,49.95,2006,30,28.97,35.94
8753,Historical,56708,0,0,D,5,1,286022,126.95,2004,62,35.92,10.08
8754,Historical,197297,0,0,D,6,1,1075718,69.95,2007,66,35.92,15.99
8755,Historical,544925,1,1,D,7,1,89162,69.95,2011,33,35.92,52.42
8756,Historical,626381,0,0,D,15,1,423762,86.54,2007,22,165.79,63.78
8757,Historical,229177,1,1,D,5,1,494139,36.95,2009,58,17.99,11.49
8758,Historical,260114,0,0,D,4,1,3324415,36.95,2005,50,17.99,6.64
8759,Historical,3619286,1,1,D,0,0,1757828,177.77,1995,37,0,51.51
8760,Historical,196734,0,0,D,0,0,2623890,64.95,2007,16,64.56,77.58
8761,Historical,619071,0,0,D,5,1,689477,53.99,1994,41,50.13,60.26
8762,Historical,2344184,0,0,D,2,1,1554971,70.95,1978,23,14.82,63.23
8763,Historical,622871,0,0,D,7,1,339072,124.12,1994,49,26.43,59.15
8764,Historical,666068,0,0,D,1,0,921835,0,2008,19,67.99,210.45
8765,Historical,3606809,1,1,D,4,1,1546979,50,2001,36,0,42.11
8766,Historical,196580,0,0,D,4,1,675651,97.95,2007,27,63.99,67.68
8767,Historical,3208036,0,0,D,0,0,1637346,45,1988,22,49.98,100.84
8768,Historical,293565,0,0,D,0,0,4736913,89.95,2004,12,34.68,101.63
8769,Historical,103817,0,0,D,2,1,2043605,65,1996,19,43.78,69.63
8770,Historical,105807,0,0,D,1,0,1092547,110,2003,28,52.25,51.81
8771,Historical,174354,0,0,D,0,0,149782,106,2004,15,132.67,153.99
8772,Historical,106452,0,0,D,1,0,2919779,108,2007,16,116.41,23.94
8773,Historical,1533903,0,0,D,0,0,5274705,112,2007,13,80.45,30.98
8774,Historical,1533417,1,1,D,0,0,3728657,84.95,2006,45,80.45,18.71
8775,Historical,617282,0,0,D,6,1,1394104,59.95,2002,28,45.99,27.22
8776,Historical,2520273,0,0,D,3,1,4222998,39.56,1994,19,22.57,28.29
8777,Historical,845526,0,0,D,2,1,4104955,30.76,1990,23,22.57,7.94
8778,Historical,500949,1,1,D,2,1,211322,241.95,2012,82,5.19,28.78
8779,Historical,54115,0,0,D,9,1,190393,216.95,2010,75,71.76,37.97
8780,Historical,54113,0,0,D,7,1,2369700,139.95,2004,54,71.76,6.77
8781,Historical,54114,0,0,D,8,1,11363,268.95,2006,122,71.76,8.99
8782,Historical,200020,0,0,D,7,1,4367981,74.95,2004,23,58.9,10.99
8783,Historical,200235,0,0,D,8,1,956576,122.95,2007,40,58.9,33.81
8784,Historical,2400847,0,0,D,1,0,1982671,98.5,2003,13,11.79,119.74
8785,Historical,58379,0,0,D,12,1,132224,84.95,2003,82,81.63,25.99
8786,Historical,363870,0,0,D,0,0,962666,9.99,2001,13,0,0
8787,Historical,194617,0,0,D,0,0,5849,39.95,2004,26,0,0
8788,Historical,56520,1,2,D,1,0,802858,44.95,1995,40,30.11,28.99
8789,Historical,56521,1,1,D,0,0,1761110,44.95,1996,35,39.26,11.43
8790,Historical,121073,0,0,D,1,0,1362126,124,1999,34,66.61,49.77
8791,Historical,146523,0,0,D,4,1,361144,233.4,2011,81,170.79,53.57
8792,Historical,2422469,0,0,D,2,1,3061084,0,1984,22,47.99,79.77
8793,Historical,56176,0,0,D,0,0,108967,101.95,2004,292,24.99,23.66
8794,Historical,56174,1,2,D,0,0,273414,142.55,1999,321,24.99,28.6
8795,Historical,915880,0,0,D,0,0,2562232,78.1,2004,35,38.96,43.98
8796,Historical,612845,0,0,D,1,0,55873,116,2004,262,38.96,37.93
8797,Historical,551369,1,1,D,1,0,448822,118.75,2008,119,62.73,25.97
8798,Historical,613343,0,0,D,1,0,75094,102.4,2007,146,65.49,37.99
8799,Historical,551413,1,5,D,1,0,310701,115.75,2009,89,62.73,53.99
8800,Historical,921235,1,2,D,1,0,48410,93.8,2009,74,93.99,44.54
8801,Historical,2425339,1,3,D,2,1,2073799,39.99,1990,29,9.3,39.99
8803,Historical,551937,1,1,D,0,0,386941,12.05,2002,27,0,10.78
8804,Historical,53901,1,2,D,9,1,20876,247.6,2011,180,152.48,48.49
8805,Historical,532999,1,1,D,5,1,44446,255.2,2012,134,41.94,61.96
8806,Historical,144989,0,0,D,3,1,1204906,126,2005,72,41.94,53.26
8807,Historical,254108,0,0,D,2,1,1283423,249.95,2009,22,214.8,9.04
8808,Historical,254114,1,1,D,8,1,529871,327.95,2010,67,91.59,77.57
8809,Historical,145727,0,0,D,4,1,673100,198.67,2009,92,41.94,23.86
8810,Historical,612941,0,0,D,3,1,1047505,181.33,2007,87,125,8.99
8811,Historical,118361,1,1,D,3,1,527994,176,2006,48,97.03,42.98
8812,Historical,167155,1,1,D,1,0,1628653,198.66,2007,30,71.24,23.98
8813,Historical,533000,1,5,D,4,1,137263,247.6,2011,94,125,44.98
8814,Historical,182858,0,0,D,6,1,330201,360.95,2003,103,91.59,48.8
8815,Historical,224754,1,1,D,3,1,19101,316.95,2011,125,214.8,47.98
8816,Historical,146627,0,0,D,5,1,2209243,210,2010,15,93.78,103.98
8817,Historical,55736,1,4,D,5,1,544323,204.67,2008,89,93.78,23.99
8818,Historical,169217,0,0,D,2,1,650000,348.95,2006,66,214.8,66.5
8819,Historical,183009,0,0,D,4,1,1763910,395.95,2004,35,183.24,10.15
8820,Historical,244042,0,0,D,6,1,103978,326.95,2011,57,183.24,80.01
8821,Historical,292239,0,0,D,5,1,1098415,345.95,2007,56,183.24,82.82
8822,Historical,846757,1,1,D,0,0,241632,88.6,1994,48,21.01,61.31
8823,Historical,630092,0,0,D,2,1,1653145,13.99,2009,21,60.24,25.1
8824,Historical,54142,1,2,D,11,1,320489,335.95,2005,46,183.98,103.95
8825,Historical,290899,0,0,D,12,1,573249,362.95,2007,65,183.98,78.98
8826,Historical,179200,0,0,D,2,1,603814,302.95,2008,25,161.83,96.04
8827,Historical,183001,0,0,D,1,0,1667029,206.95,2004,20,161.83,54.74
8828,Historical,183626,1,1,D,2,1,1103391,319.95,2007,32,161.83,31.98
8829,Historical,117715,0,0,D,3,1,1564130,181.33,2006,58,170.79,18.99
8830,Historical,624584,0,0,D,1,0,246287,138.67,1991,34,105.99,76.49
8831,Historical,2427831,0,0,D,3,1,1401987,118,1992,17,47.99,36.09
8832,Historical,542276,0,0,D,9,1,372311,302.95,2010,96,121.98,13.98
8833,Historical,146475,1,2,D,7,1,75885,226.4,2011,128,128.82,29.99
8834,Historical,169432,0,0,D,8,1,838823,243.95,2006,72,121.98,10
8835,Historical,607950,0,0,D,6,1,831569,162.67,2007,61,128.82,51.86
8836,Historical,532994,1,1,D,7,1,80879,226.4,2012,89,28.77,43.98
8837,Historical,120599,1,1,D,6,1,905918,226.4,2008,66,28.77,16.98
8838,Historical,177009,1,1,D,7,1,2127449,152.95,2003,47,121.98,13.99
8839,Historical,566025,1,6,D,1,0,707915,33.88,2009,66,117.04,48.97
8840,Historical,166757,0,0,D,1,0,480404,228,2009,57,117.04,22.44
8841,Historical,2343137,0,0,D,1,0,3495739,91.63,1966,24,33.99,68.45
8843,Historical,631854,0,0,D,2,1,825114,73.99,2002,16,67.85,32.71
8844,Historical,615060,0,0,D,2,1,425930,45.95,1988,49,58.99,26.29
8845,Historical,2563456,0,0,D,0,0,742871,95,1996,27,56.02,27.08
8846,Historical,2427222,0,0,D,1,0,1440249,64.99,1990,49,0,18.93
8847,Historical,129720,0,0,D,3,1,604574,69.99,2002,28,58.99,25.95
8848,Historical,713967,0,0,D,1,0,4213110,72,1999,18,43.98,28.97
8849,Historical,3074922,0,0,D,2,1,2720967,104.95,2005,22,43.98,13.98
8850,Historical,618606,0,0,D,1,0,1166749,162.95,2007,47,129.75,32.99
8851,Historical,300052,1,1,D,2,1,44362,60.95,2004,82,43.98,41.94
8852,Historical,231308,0,0,D,0,0,2133672,42.5,1997,36,24.13,30.37
8853,Historical,917344,0,0,D,1,0,2657318,31.2,2005,28,44.97,5.97
8854,Historical,132048,0,0,D,1,0,1678223,61.6,2005,16,44.97,66.35
8855,Historical,118236,0,0,D,3,1,206632,153.6,2010,70,112.95,52.74
8856,Historical,875586,0,0,D,2,1,2736031,121.2,2007,15,112.95,35.97
8857,Historical,132309,0,0,D,2,1,2149421,127.4,2007,42,112.95,9.99
8858,Historical,635289,0,0,D,2,1,384537,55.95,2006,25,0,0
8859,Historical,826268,0,0,D,1,0,2470983,40.95,1997,26,0,0
8860,Historical,826264,0,0,D,2,1,1292592,40.95,1992,28,0,0
8861,Historical,152217,0,0,D,0,0,243770,159,2007,37,0,0
8862,Historical,2560960,0,0,D,0,0,7118922,395.58,1981,19,38.49,73.81
8863,Historical,868317,0,0,D,3,1,1474920,98.95,1993,26,38.49,56.93
8864,Historical,800173,0,0,D,1,0,3074673,56.95,2006,22,35.94,9.92
8865,Historical,474588,0,0,D,6,1,555547,30,2006,118,19.03,6.72
8866,Historical,195383,0,0,D,5,1,1247126,30,2003,80,19.03,6.59
8867,Historical,810547,0,0,D,7,1,147022,32,2009,109,19.03,12.34
8869,Historical,147663,1,1,D,3,1,39175,61.95,2011,75,44.73,15.47
8870,Historical,147430,0,0,D,2,1,114126,54.95,2007,129,44.73,23.99
8871,Historical,147049,0,0,D,1,0,502419,49.95,2004,107,44.73,13.82
8872,Historical,571316,1,1,D,4,1,1079948,0,2010,65,83.99,40.96
8873,Historical,536921,1,1,D,6,1,125133,119.8,2011,151,83.99,13.94
8874,Historical,133415,1,2,D,6,1,129965,79.8,2011,107,61.68,32.41
8876,Historical,55585,0,0,D,5,1,1210371,110,2009,140,109.02,10.57
8877,Historical,130605,1,1,D,6,1,203116,134.4,2011,175,109.02,14.57
8878,Historical,322736,0,0,D,4,1,1631994,110,2009,116,51.28,7.49
8879,Historical,130606,0,0,D,5,1,470281,134.4,2011,80,51.28,19.86
8880,Historical,647194,0,0,D,2,1,615950,58,2012,31,63.24,44.18
8881,Historical,202204,0,0,D,6,1,2088556,237.95,1999,34,91.2,68.09
8882,Historical,245264,0,0,D,7,1,912483,245.95,2006,21,91.2,113.31
8884,Historical,115516,0,0,D,1,0,1373865,133,2003,33,24.89,28.74
8886,Historical,193710,1,2,D,4,1,355606,40,2010,111,32.49,16.97
8887,Historical,789624,0,0,D,2,1,258006,57.99,2007,24,0,0
8888,Historical,53820,0,0,D,2,1,1313909,18.99,2009,64,66.35,14.98
8889,Historical,538598,1,2,D,3,1,30445,43.31,2012,117,66.35,29.54
8890,Historical,613739,0,0,D,3,1,789496,16.98,2011,71,66.35,16.49
8891,Historical,53822,1,1,D,2,1,979576,90.5,2010,80,66.35,35.48
8892,Historical,2020837,1,2,D,1,0,950154,79.95,2007,20,100.82,55.75
8893,Historical,126721,0,0,D,10,1,54046,63,2007,68,60.7,42.28
8894,Historical,613732,0,0,D,9,1,201135,42.95,1998,87,60.7,10.93
8895,Historical,117458,0,0,D,0,0,595343,141.75,2004,56,15.94,48.99
8896,Historical,141924,1,2,D,4,1,221401,90.66,2009,100,43.14,10.97
8897,Historical,619747,0,0,D,5,1,194883,85.21,2012,95,43.14,26.94
8898,Historical,141658,0,0,D,3,1,1303192,22.2,2005,70,43.14,15.98
8899,Historical,142119,1,1,D,5,1,12843,76.5,2012,111,46.61,24.98
8900,Historical,141925,1,3,D,4,1,455971,22.75,2009,167,46.61,7.39
8901,Historical,141926,0,0,D,4,1,179768,6.57,2009,183,49.02,8.03
8902,Historical,142120,1,2,D,5,1,26876,27.99,2012,98,49.02,58.61
8903,Historical,873266,0,0,D,3,1,2424578,14.33,2005,34,49.02,14.33
8904,Historical,869891,0,0,D,0,0,1778981,0,2009,13,75.98,152.94
8905,Historical,607865,0,0,D,4,1,4938359,83,2000,27,68.99,15.02
8906,Historical,144581,1,1,D,5,1,875066,103,2003,45,68.99,13.36
8907,Historical,537927,0,0,D,4,1,4900347,83,2000,30,13.14,9.01
8908,Historical,144583,0,0,D,5,1,696251,111.6,2004,30,13.14,36.92
8909,Historical,614783,0,0,D,5,1,260032,143.25,2005,86,15.94,63.99
8910,Historical,117457,1,3,D,0,0,685495,143.25,2004,61,15.94,38.99
8911,Historical,847929,0,0,D,0,0,5545304,43.96,1997,18,0,0
8912,Historical,129442,0,0,D,4,1,53381,59.95,2011,77,34.32,20.9
8913,Historical,127177,0,0,D,3,1,593434,49.95,2007,49,34.32,16.39
8914,Historical,560046,1,1,D,8,1,265397,6.99,2009,69,14.64,13.94
8915,Historical,141820,1,1,D,7,1,437962,8.24,2006,81,0,0
8916,Historical,546018,0,0,D,10,1,25241,22.93,2013,101,46.43,10.58
8917,Historical,1946486,0,0,D,10,1,1191562,41.43,2013,29,41.71,33.88
8918,Historical,142127,1,2,D,9,1,270204,19.36,2011,75,46.43,9.89
8919,Historical,875304,0,0,D,9,1,906047,84.01,2011,57,25.37,38.46
8920,Historical,875328,0,0,D,8,1,786780,134.9,2007,77,25.37,18.97
8921,Historical,133183,0,0,D,8,1,73800,95.67,2010,50,83.98,40.43
8922,Historical,145574,1,2,D,8,1,300274,120,2006,78,83.98,45.15
8923,Historical,132934,0,0,D,9,1,81600,141,2010,56,83.98,64.43
8924,Historical,145458,1,1,D,7,1,1159926,68.67,2006,32,89,53.37
8925,Historical,145573,1,3,D,8,1,363833,120,2006,76,89,37.9
8926,Historical,133182,1,3,D,8,1,37295,95.67,2010,54,89,42.41
8927,Historical,683412,1,2,D,1,0,161124,24.99,2009,32,28.89,19.83
8928,Historical,693053,1,2,D,0,0,582842,99.85,2007,43,22.99,47.95
8929,Historical,1426661,0,0,D,1,0,2752648,12.5,2007,14,0,6.65
8930,Historical,116733,0,0,D,5,1,1297061,84,2005,35,24.53,18.8
8931,Historical,284818,0,0,D,5,1,2361646,28.84,1997,45,28.96,13.29
8932,Historical,921319,0,0,D,2,1,168195,23.36,2005,56,0,0
8933,Historical,52977,0,0,D,3,1,216336,112,2008,75,79.96,55.75
8934,Historical,52976,1,5,D,2,1,138021,67.27,2004,107,79.96,19.97
8935,Historical,642882,0,0,D,1,0,2574774,54.95,2006,26,43.55,55.74
8936,Historical,247904,0,0,D,7,1,902228,72.95,2008,46,62.88,12.57
8937,Historical,298309,0,0,D,8,1,380095,81,2010,38,62.88,38.94
8938,Historical,910959,0,0,D,5,1,1354930,185,2010,48,10.76,41.99
8939,Historical,433373,1,1,D,4,1,642187,200,2009,36,52.78,75.29
8940,Historical,737459,0,0,D,3,1,3645154,125,2006,23,52.78,25.09
8941,Historical,194914,0,0,D,2,1,3549505,69.95,2004,16,81.45,10.97
8942,Historical,170207,0,0,D,5,1,629852,146.95,2011,38,63.99,55.13
8943,Historical,567434,0,0,D,4,1,1931506,160.95,2007,30,63.99,46.71
8944,Historical,169385,0,0,D,4,1,414908,176.95,2007,40,89.26,40.69
8945,Historical,170208,0,0,D,5,1,206322,159.95,2011,48,89.26,28.99
8946,Historical,170013,1,1,D,9,1,44295,281.95,2010,143,148.5,19.49
8947,Historical,864113,1,1,D,1,0,186308,140.95,2011,56,69.21,27.39
8948,Historical,664114,1,1,D,2,1,45534,140.95,2014,65,69.21,35.76
8949,Historical,276580,1,1,D,4,1,74023,70,2010,67,133.98,16.99
8950,Historical,276577,1,6,D,3,1,68100,59.99,2003,161,28.24,17.42
8951,Historical,534098,1,1,D,5,1,538051,0,2001,40,72.7,35.22
8952,Historical,183244,0,0,D,6,1,926485,151.95,2007,35,72.7,69.27
8953,Historical,265908,0,0,D,0,0,4784422,141,2005,14,37.99,31.26
8954,Historical,1505924,0,0,D,8,1,6638530,24,2008,14,0,94.27
8955,Historical,143299,0,0,D,9,1,320470,213,2010,47,102.49,37.98
8956,Historical,143298,0,0,D,9,1,784720,185,2010,45,102.49,133.99
8957,Historical,143214,0,0,D,8,1,2186467,125,2007,20,102.49,106.77
8958,Historical,538550,1,1,D,3,1,21296,144.45,2012,100,163.63,33.71
8959,Historical,110136,1,8,D,2,1,148490,5.05,2010,93,163.63,13.98
8960,Historical,878791,0,0,D,2,1,2842841,0,2011,23,163.63,13.67
8961,Historical,111620,1,1,D,2,1,955280,0,2010,22,163.63,68.71
8962,Historical,111219,0,0,D,10,1,712572,215.5,2011,40,148.45,23.91
8963,Historical,121634,0,0,D,3,1,1320924,84.4,2008,44,20.96,46.14
8964,Historical,532965,0,0,D,3,1,2853080,51.33,2007,19,33.17,92.17
8965,Historical,121635,0,0,D,3,1,550457,65.8,2008,79,33.17,15.99
8966,Historical,145048,0,0,D,2,1,3228401,43.8,2005,37,12.95,7.23
8967,Historical,144320,0,0,D,6,1,531614,137.33,2002,42,51.31,82.63
8968,Historical,144066,0,0,D,5,1,1012236,110,1997,25,51.31,48.43
8969,Historical,144983,0,0,D,7,1,228966,193.33,2006,29,51.31,105.08
8970,Historical,51414,0,0,D,15,1,32159,32.42,2011,73,73.11,27.71
8971,Historical,51412,1,2,D,14,1,447667,15.91,2009,101,73.11,8.28
8972,Historical,606717,1,2,D,13,1,1886889,79.95,1996,32,62,16.99
8973,Historical,108067,0,0,D,4,1,683887,9.49,2003,44,67.48,9.49
8974,Historical,55013,0,0,D,6,1,92679,153.32,2008,76,67.48,22.67
8975,Historical,55012,1,3,D,5,1,255805,20.74,2006,54,67.48,10.34
8976,Historical,288572,1,1,D,6,1,4202365,60.8,2004,25,44.57,13.88
8977,Historical,607866,1,2,D,5,1,4999121,50.4,2001,28,44.57,9.98
8978,Historical,157852,0,0,D,0,0,4075190,39.95,1998,31,22.78,11.49
8979,Historical,260090,0,0,D,1,0,700441,109,2007,27,78.49,36.99
8980,Historical,450574,0,0,D,5,1,625889,202.95,2009,32,87.99,56.41
8981,Historical,177942,1,1,D,4,1,3230191,213.95,2004,28,87.99,18.99
8982,Historical,154020,1,1,D,4,1,557423,29.97,2010,44,51.42,16.99
8983,Historical,60050,0,0,D,3,1,1869277,44,2007,47,51.42,27.49
8984,Historical,179202,0,0,D,6,1,303128,176.95,2010,46,40.56,45.44
8985,Historical,532959,0,0,D,9,1,329948,90.8,2012,33,45.44,49.1
8986,Historical,133326,0,0,D,8,1,741917,82.4,2010,33,45.44,44.17
8987,Historical,515353,0,0,D,7,1,2015123,105.4,2008,25,45.44,11.89
8988,Historical,354824,0,0,D,1,0,1505796,112.95,2005,35,104.23,47.43
8989,Historical,182938,1,1,D,6,1,1191093,155.95,2004,56,104.23,43.94
8990,Historical,179230,0,0,D,7,1,500140,147.95,2009,40,104.23,9.69
8991,Historical,2648336,0,0,D,1,0,1270439,75.95,1999,26,46.85,50.9
8992,Historical,618376,0,0,D,7,1,48578,82.95,2013,54,73.95,58.6
8993,Historical,133144,0,0,D,10,1,1101879,119.8,2009,26,57.37,68.27
8994,Historical,179207,0,0,D,9,1,1732655,125.95,2008,41,36.39,6.76
8995,Historical,170137,0,0,D,1,0,926526,212.95,2011,34,93.99,47.05
8996,Historical,532955,1,1,D,1,0,601205,237.95,2011,51,93.99,38.73
8997,Historical,170139,1,1,D,1,0,1316917,250.95,2011,34,93.99,50.15
8998,Historical,532956,0,0,D,15,1,1467688,231.95,2011,54,102.79,39.98
8999,Historical,544552,1,1,D,16,1,661974,210.95,2013,58,102.79,23.96
9000,Historical,169770,1,1,D,5,1,1034422,55.95,2008,98,41.66,7.98
9001,Historical,612630,1,2,D,8,1,16826,78.95,2014,63,41.66,63.99
9002,Historical,244203,1,3,D,7,1,133542,70.95,2012,136,41.66,42.97
9003,Historical,178060,1,1,D,0,0,2496579,45.95,2004,43,52.1,18.94
9004,Historical,169971,1,7,D,6,1,468741,80.95,2010,181,41.66,10.24
9005,Historical,1827306,0,0,D,17,1,1803479,210.95,2015,18,0,131.68
9006,Historical,51085,1,1,D,15,1,654683,219.95,2008,108,117.98,12.98
9007,Historical,51088,1,1,D,16,1,326291,228.95,2011,173,117.98,10.89
9008,Historical,60051,1,1,D,8,1,1606440,141.95,2006,60,103.99,4.27
9009,Historical,111979,1,1,D,41,1,1659679,6.29,2011,48,47.03,26.99
9010,Historical,157751,0,0,D,6,1,230044,78.95,2011,51,73.95,39
9011,Historical,183428,1,1,D,8,1,798391,94.36,2006,32,36.39,25.46
9012,Historical,906839,0,0,D,0,0,3100784,59.65,2003,37,25.94,9.52
9013,Historical,569043,0,0,D,2,1,1012725,84.99,2008,64,25.94,28.85
9014,Historical,2154519,1,1,D,4,1,2263826,0,2011,12,53.18,44.99
9015,Historical,516482,0,0,D,8,1,1032151,87.8,2005,21,57.37,4.36
9016,Historical,561058,1,2,D,17,1,397349,68.4,2007,82,48.49,19.93
9017,Historical,118762,0,0,D,12,1,1550957,83.8,2007,49,48.89,22.16
9018,Historical,60053,0,0,D,15,1,749305,51.4,2003,76,48.49,8.49
9019,Historical,873175,1,5,D,1,0,2029618,81.95,2011,23,39.25,34.57
9020,Historical,268712,0,0,D,1,0,857347,78.95,2010,25,39.25,23.98
9021,Historical,170004,1,1,D,12,1,306189,272.95,2010,58,131.76,51.17
9022,Historical,2653796,1,2,D,5,1,4886211,176.95,1991,37,130.4,15
9023,Historical,183747,1,2,D,11,1,468437,198.84,2007,67,131.76,27.95
9024,Historical,183312,0,0,D,10,1,730461,209.95,2005,48,131.76,48.98
9025,Historical,533615,0,0,D,13,1,51502,247.95,2012,43,131.76,136.99
9026,Historical,56743,0,0,D,10,1,253008,66.25,2007,46,7.34,18.98
9027,Historical,153341,0,0,D,11,1,1350072,11.32,2010,65,33.99,13.98
9028,Historical,533342,0,0,D,12,1,269888,27.98,2012,78,33.99,25.98
9029,Historical,618921,1,2,D,12,1,451661,29.98,2012,65,57.99,17.29
9030,Historical,154015,1,7,D,11,1,1574056,18.99,2009,64,45.73,18.98
9031,Historical,618544,1,2,D,12,1,870390,61.2,2012,74,45.73,44.47
9032,Historical,56742,1,2,D,11,1,1081939,13.99,2009,61,57.99,13.99
9033,Historical,56103,0,0,D,10,1,411311,178.4,2009,121,133.24,27.26
9034,Historical,132762,1,2,D,9,1,1451492,133,2009,58,133.24,28.46
9035,Historical,244187,0,0,D,13,1,65382,203.95,2012,55,135.41,92.71
9036,Historical,53096,1,1,D,11,1,322393,97.16,2007,41,135.41,47.94
9037,Historical,652203,0,0,D,14,1,15338,203.95,2014,48,135.41,79.48
9038,Historical,53094,0,0,D,12,1,116754,223.95,2011,73,135.41,63.99
9039,Historical,118403,0,0,D,11,1,1054210,79,2006,37,48.89,11.99
9040,Historical,145140,0,0,D,16,1,457173,52,2005,64,48.49,41.6
9041,Historical,630370,1,1,D,0,0,847839,76.95,1997,33,109.34,22.99
9042,Historical,920867,0,0,D,12,1,388985,142.4,2006,64,187.07,48.99
9043,Historical,110422,1,2,D,14,1,53590,79.49,2011,85,187.07,58.99
9044,Historical,110255,1,1,D,13,1,103903,107.26,2008,78,187.07,78.99
9045,Historical,109726,1,2,D,12,1,887912,176.95,2005,65,187.07,73.98
9046,Historical,550238,1,2,D,12,1,1305735,14.23,2005,58,92.99,14.24
9047,Historical,111330,0,0,D,14,1,31015,88,2011,101,92.99,45.9
9048,Historical,111021,0,0,D,13,1,116652,49.49,2008,58,92.99,53.97
9049,Historical,537881,0,0,D,12,1,372319,23.06,2007,53,88.41,58.98
9050,Historical,532947,1,2,D,14,1,21874,12,2011,88,88.41,30.99
9051,Historical,111020,0,0,D,13,1,102119,115.95,2008,75,88.41,60.89
9052,Historical,555742,1,1,D,0,0,128020,99.95,2012,62,51.83,28.83
9053,Historical,287067,0,0,D,5,1,1240469,49.95,2005,39,8.49,35.67
9054,Historical,127577,0,0,D,6,1,111072,62.95,2011,41,8.49,55.69
9055,Historical,229123,0,0,D,4,1,896887,59.95,2006,42,43.27,17.97
9056,Historical,117881,0,0,D,4,1,565122,80.4,2004,35,29.04,34.87
9057,Historical,551268,0,0,D,0,0,1092480,127.75,2002,52,54.98,23.97
9058,Historical,287474,1,1,D,6,1,642712,99.6,2011,51,65.56,49.19
9059,Historical,131049,0,0,D,6,1,506717,149.8,2011,67,65.56,43.49
9060,Historical,610416,0,0,D,7,1,40942,125.8,2013,59,33.99,80.01
9061,Historical,120949,1,1,D,6,1,150700,120.2,2007,26,81.84,82.5
9062,Historical,115596,0,0,D,5,1,1007805,101.4,2003,29,81.84,43.19
9063,Historical,126549,1,1,D,3,1,1271916,59.95,2004,50,59.17,23.72
9064,Historical,144453,0,0,D,1,0,465680,52.67,2004,74,19.19,18.99
9065,Historical,144236,0,0,D,2,1,826827,51.6,2006,21,43.59,32.99
9067,Historical,178155,1,1,D,1,0,1875285,167.95,2004,38,33.91,14.74
9068,Historical,451782,0,0,D,2,1,729113,229.95,2009,53,33.91,34.5
9069,Historical,286130,0,0,D,1,0,182878,30,2006,29,32.97,100.57
9070,Historical,608159,0,0,D,2,1,1887684,39.56,1994,36,10.14,51.55
9071,Historical,170220,0,0,D,4,1,62742,140.95,2011,52,87.81,49.73
9072,Historical,169558,1,1,D,3,1,592131,176.95,2006,58,87.81,16.83
9073,Historical,719624,0,0,D,3,1,1529679,95,2001,29,63.97,24.3
9074,Historical,2054248,0,0,D,0,0,740723,37.5,2014,16,0,18.97
9075,Historical,145478,0,0,D,12,1,2480074,125.33,2006,27,69.85,27.99
9076,Historical,55754,0,0,D,12,1,899379,138.4,2005,55,69.85,38.99
9077,Historical,133317,0,0,D,14,1,96545,178.2,2011,65,94.22,94.13
9078,Historical,179172,1,2,D,14,1,167263,289.95,2008,72,117.78,128.34
9079,Historical,179175,0,0,D,14,1,136264,151.95,2011,112,117.78,51.99
9080,Historical,618085,0,0,D,15,1,183859,52.95,2013,51,93.84,31.99
9081,Historical,532940,0,0,D,15,1,265088,150.95,2012,95,93.84,40
9082,Historical,170130,1,1,D,14,1,438200,84.95,2010,48,93.84,12.74
9083,Historical,532939,0,0,D,15,1,93731,150.95,2012,65,53.99,69.28
9084,Historical,642056,0,0,D,15,1,117917,52.95,2013,49,53.99,44.8
9085,Historical,617537,0,0,D,1,0,9644624,66.95,2002,12,55.74,5.99
9086,Historical,461992,0,0,D,2,1,3114816,144.95,2006,18,58.16,7.98
9087,Historical,60939,0,0,D,8,1,2236465,173.95,2006,38,69.22,18.98
9088,Historical,243976,1,1,D,9,1,658668,82.95,2011,31,69.22,63.59
9089,Historical,169298,0,0,D,8,1,1416950,173.95,2006,41,68.8,46.01
9090,Historical,54917,1,1,D,6,1,721447,79.4,2007,40,40.39,47.65
9091,Historical,54914,1,1,D,7,1,19660,80.6,2010,67,19.98,48.32
9092,Historical,54913,0,0,D,6,1,1079242,62.2,2007,69,19.98,25.18
9093,Historical,132487,0,0,D,6,1,1690425,62.2,2007,70,18.99,13.29
9094,Historical,563646,0,0,D,1,0,670882,27.98,2012,49,23.65,33.98
9095,Historical,260107,0,0,D,5,1,289065,59.95,2004,62,45.99,15.74
9096,Historical,485510,1,1,D,6,1,113621,59.95,2009,39,45.99,56.21
9097,Historical,130555,0,0,D,6,1,447251,88.6,2011,42,98.46,78.99
9098,Historical,132715,0,0,D,5,1,657890,109.8,2009,24,98.46,50.04
9099,Historical,747747,1,4,D,3,1,400862,78.31,2013,59,81.99,24.53
9100,Historical,627836,0,0,D,3,1,68574,11.98,2013,100,81.99,6.48
9101,Historical,563630,1,5,D,3,1,619633,94.54,2013,79,66.81,22.99
9102,Historical,439835,1,1,D,1,0,1600796,17.99,2009,43,66.81,13.49
9103,Historical,154040,0,0,D,2,1,1010058,14.98,2010,63,66.81,13.98
9104,Historical,107414,1,1,D,2,1,956513,8.99,2002,23,58.85,8.98
9105,Historical,532933,0,0,D,3,1,45462,92.95,2009,76,74.57,50.98
9106,Historical,607592,1,1,D,2,1,99623,79.95,2006,72,74.57,28.37
9107,Historical,734493,1,1,D,3,1,2603470,84.79,2006,30,53.19,22.98
9108,Historical,288303,0,0,D,4,1,943268,28.25,2009,85,53.19,11.09
9109,Historical,734572,1,1,D,4,1,3531210,0,2008,19,61.54,89.66
9110,Historical,595226,1,2,D,5,1,51635,125.18,2012,65,67.76,43.21
9111,Historical,141937,1,1,D,4,1,471311,20.64,2008,101,53.49,28.87
9112,Historical,54035,0,0,D,4,1,166766,42.4,2008,194,80.6,15.17
9113,Historical,141938,1,2,D,4,1,320225,11.89,2008,123,80.6,13.63
9114,Historical,595227,1,2,D,5,1,21304,72.35,2012,50,80.6,49.74
9115,Historical,634830,0,0,D,1,0,2929006,152,2005,11,123.74,71.48
9116,Historical,902636,0,0,D,5,1,1370095,299,2008,15,142.06,109.39
9117,Historical,145499,0,0,D,7,1,991695,90.6,2006,46,103.97,23.98
9118,Historical,133135,0,0,D,8,1,404882,114.2,2010,57,103.97,58.25
9119,Historical,545801,1,1,D,9,1,75253,105,2012,75,35.99,48.22
9120,Historical,169760,0,0,D,9,1,936558,193.95,2008,45,77.03,675
9121,Historical,270645,0,0,D,8,1,316983,94,2009,40,35.99,13.49
9122,Historical,243974,0,0,D,10,1,169266,182.95,2011,99,77.03,15.3
9123,Historical,279155,0,0,D,7,1,975465,72.95,2006,41,35.99,26.59
9124,Historical,178153,0,0,D,1,0,1315777,152.95,2005,30,196.01,157.77
9125,Historical,170015,0,0,D,1,0,1937032,258.95,2005,21,196.01,75.75
9126,Historical,608576,0,0,D,5,1,2333698,123.95,2000,34,138.92,23.47
9127,Historical,60058,1,2,D,6,1,432885,186.95,2004,42,138.92,35.99
9128,Historical,616248,0,0,D,1,0,272245,54.99,1968,39,0,35.2
9129,Historical,55595,0,0,D,6,1,265300,5.19,2004,67,97.79,10
9130,Historical,55597,0,0,D,8,1,233672,68.7,2010,60,97.79,112.82
9131,Historical,144264,0,0,D,7,1,1589807,84.6,2002,30,28.64,75.96
9132,Historical,54901,1,1,D,6,1,56113,158.2,2009,73,63.99,39.99
9133,Historical,58533,0,0,D,5,1,1380337,119,2007,48,63.99,25.77
9134,Historical,54900,0,0,D,5,1,534736,110.8,2005,61,63.99,8.74
9135,Historical,289434,0,0,D,1,0,109834,18.99,2010,94,39.5,13.99
9136,Historical,769609,0,0,D,10,1,447768,162.95,2001,91,23.98,8.47
9137,Historical,132831,0,0,D,6,1,221269,117.47,2008,97,88.44,69.15
9138,Historical,537899,1,1,D,5,1,1704233,78,2003,38,88.44,17.26
9139,Historical,434754,0,0,D,1,0,1234928,107.2,2008,57,41.86,7.42
9140,Historical,532924,0,0,D,2,1,251895,94.6,2011,91,41.86,21.99
9141,Historical,532925,1,1,D,2,1,126546,68.6,2011,136,53.98,8.99
9142,Historical,132489,0,0,D,1,0,888670,53.33,2008,99,53.98,5.49
9143,Historical,130465,0,0,D,2,1,64755,68.6,2011,88,51.31,18.86
9144,Historical,132490,0,0,D,1,0,1488986,86.4,2008,47,51.31,17.05
9145,Historical,54814,0,0,D,4,1,456769,71,2010,80,6.13,19.24
9146,Historical,54815,0,0,D,3,1,228510,60,2006,36,6.13,45.31
9147,Historical,54813,0,0,D,3,1,274743,46.67,2006,65,32.17,27.63
9148,Historical,631779,1,6,D,0,0,417400,105.4,2005,35,53.97,20.17
9149,Historical,3272114,1,2,D,1,0,2722058,0,2004,40,53.97,25.53
9150,Historical,876770,1,1,D,11,1,1683843,95.5,2005,27,66.83,54.97
9151,Historical,55480,1,2,D,10,1,1168365,58.94,2002,61,66.83,47.22
9152,Historical,107708,1,1,D,10,1,695694,0,2002,38,93.39,59.37
9153,Historical,53575,1,1,D,11,1,495150,105.8,2006,30,35.84,43.82
9154,Historical,133136,0,0,D,6,1,1200891,101.2,2009,31,36.1,38
9155,Historical,132417,0,0,D,5,1,2901201,84.2,2007,25,36.1,5.19
9156,Historical,630630,1,1,D,0,0,822090,131.75,2007,36,29.28,70.19
9157,Historical,769516,1,1,D,0,0,318288,123.05,2001,98,30.43,18.99
9158,Historical,52860,0,0,D,8,1,805517,129.95,2004,57,93.98,13.32
9159,Historical,52859,0,0,D,9,1,749445,237.95,2007,122,93.98,29.11
9160,Historical,288265,0,0,D,7,1,643930,132.97,2011,39,39.83,88.99
9161,Historical,432383,0,0,D,6,1,479739,130.5,2007,62,39.83,27.99
9162,Historical,55148,1,2,D,6,1,974867,101.96,2007,57,39.83,57.45
9163,Historical,559897,0,0,D,7,1,292559,66.53,2011,108,71.99,13.94
9164,Historical,327734,1,1,D,6,1,649162,13.99,2007,117,71.99,13.99
9165,Historical,288266,0,0,D,7,1,53666,50.86,2011,70,61.91,71.58
9166,Historical,141858,1,1,D,6,1,413163,13.99,2007,101,61.91,13.89
9167,Historical,549852,0,0,D,4,1,742363,18.94,2001,71,33.99,18.89
9169,Historical,532919,1,1,D,6,1,87940,55.79,2009,90,41.49,25
9170,Historical,285285,1,1,D,5,1,914653,7.99,2005,62,41.49,16.73
9171,Historical,717477,0,0,D,1,0,2297390,68.95,2001,27,58.99,41.45
9172,Historical,908134,1,1,D,1,0,1125085,64.8,1999,21,31.1,11.13
9173,Historical,909640,0,0,D,0,0,4516224,24.51,1993,20,27.99,24.51
9174,Historical,607625,0,0,D,7,1,905439,95,2000,51,42.96,33.99
9175,Historical,545003,1,2,D,7,1,45771,95,2012,59,80.98,38.12
9176,Historical,607376,0,0,D,7,1,124277,153,2006,47,82.01,45.26
9177,Historical,641923,0,0,D,0,0,2135602,0,1973,23,273.32,93.97
9178,Historical,346373,0,0,D,2,1,1759449,100.95,2008,29,61.99,50.94
9179,Historical,670230,0,0,D,1,0,3362302,119.95,2003,14,174.09,143.65
9180,Historical,2678181,0,0,D,3,1,1867955,75.95,1992,20,86.04,48.84
9181,Historical,906868,0,0,D,1,0,721358,54.99,2011,21,25.69,37.96
9182,Historical,175489,0,0,D,2,1,1136282,59,2002,23,53.87,36.87
9183,Historical,286039,0,0,D,7,1,885874,116,2005,87,39.99,32.49
9184,Historical,618214,0,0,D,2,1,2493156,32.95,1990,25,36.69,9.99
9185,Historical,271035,1,1,D,4,1,49074,58,2011,72,37.31,53.99
9186,Historical,229172,0,0,D,3,1,1040967,39.95,2008,135,37.31,8.73
9187,Historical,628707,1,2,D,3,1,451869,56.77,2010,25,0,40
9188,Historical,212827,0,0,D,0,0,1554758,99.95,1996,25,57.38,64.98
9189,Historical,902376,0,0,D,1,0,1440298,256.95,1995,28,62.2,7.99
9190,Historical,101159,0,0,D,1,0,953238,91.95,2000,13,0,78.63
9191,Historical,157558,0,0,D,3,1,55018,59.95,2010,41,32.56,39.12
9192,Historical,392611,1,1,D,0,0,2950198,70,2005,16,63.99,23.99
9193,Historical,617234,0,0,D,1,0,2597363,21.99,1989,28,53.99,18.99
9194,Historical,2331749,0,0,D,1,0,3831015,109,1996,15,46.98,9.99
9195,Historical,174153,0,0,D,5,1,491848,79,1998,33,23.3,41.94
9196,Historical,173913,0,0,D,0,0,1264939,77,2004,19,56.57,62.25
9197,Historical,347464,0,0,D,0,0,3757708,80,2000,12,30.96,68.34
9198,Historical,2612820,0,0,D,0,0,3778514,45,2002,25,75.04,52.25
9199,Historical,398358,0,0,D,1,0,4822839,129,2005,10,90.99,89.14
9200,Historical,134923,0,0,D,1,0,1183057,56,2007,23,54.57,58.24
9201,Historical,231574,0,0,D,3,1,757809,84.95,2005,16,77.44,108.94
9202,Historical,231580,0,0,D,3,1,226544,94.95,2005,36,77.44,35.16
9203,Historical,231579,0,0,D,2,1,439837,81.95,2000,26,77.44,18.99
9204,Historical,157147,0,0,D,0,0,1594158,39.95,2005,21,14.47,24.99
9205,Historical,58159,1,3,D,3,1,72589,70.23,2009,59,93.49,27.19
9206,Historical,55780,0,0,D,2,1,2875550,4.98,2005,36,78.99,4.98
9207,Historical,343167,0,0,D,1,0,202530,95,2002,12,31.27,73.39
9208,Historical,245399,0,0,D,0,0,3749801,159,2003,25,0,53.69
9209,Historical,899931,0,0,D,1,0,4735339,37.95,2004,15,36,17.98
9210,Historical,2631239,0,0,D,0,0,971291,63,1996,18,49.45,44.64
9211,Historical,307835,0,0,D,2,1,1967251,103.25,2000,16,193.74,75.85
9212,Historical,347300,0,0,D,0,0,3830297,55,1997,21,44.08,53.73
9213,Historical,2424704,0,0,D,0,0,3746406,31.6,1987,18,50.09,69.28
9214,Historical,658038,0,0,D,2,1,1148816,116.95,2013,30,78.98,70.24
9215,Historical,393411,0,0,D,3,1,4125896,52.95,2009,10,61.69,69.44
9216,Historical,2802348,0,0,D,0,0,3711810,43.95,2004,17,47.11,33.99
9217,Historical,148420,1,1,D,7,1,1045589,273.95,2006,31,191.79,14.43
9218,Historical,366536,1,1,D,1,0,926375,141.95,2008,34,47.34,22.98
9219,Historical,2320835,1,1,D,0,0,3167125,53.95,1986,17,63.84,121.02
9220,Historical,607101,1,1,D,3,1,1860369,73.95,1992,42,47.73,35.79
9221,Historical,113031,0,0,D,4,1,233167,92.95,2004,28,47.73,73.65
9222,Historical,116522,0,0,D,1,0,433546,88,2004,20,58.94,72.31
9223,Historical,290884,0,0,D,2,1,216276,120.95,2006,29,88.99,15.77
9224,Historical,167672,0,0,D,2,1,2095085,75,1999,14,53.9,211.27
9225,Historical,298945,1,1,D,5,1,44881,242.95,2011,52,73.84,54.48
9226,Historical,199924,0,0,D,3,1,497166,98.95,2000,59,73.84,33.5
9227,Historical,173915,0,0,D,1,0,354489,74.99,2004,38,48.94,68.41
9228,Historical,2675999,0,0,D,1,0,9558403,0,2000,4,0,0
9229,Historical,54170,1,2,D,9,1,48346,38.99,2007,161,129.99,39.64
9230,Historical,116247,1,1,D,3,1,1093634,117.4,2006,44,70.99,23.99
9232,Historical,131666,1,3,D,5,1,240000,89.2,2005,93,72.95,6.04
9234,Historical,329598,0,0,D,0,0,893937,130,1997,33,53.98,29.99
9235,Historical,314022,0,0,D,2,1,3853962,92.8,2006,28,63.98,71.71
9236,Historical,897849,0,0,D,3,1,1660203,82.5,2008,16,63.98,56.09
9237,Historical,131960,1,1,D,6,1,2610245,100,2005,35,60.33,55.29
9238,Historical,52602,0,0,D,6,1,454735,194.95,2008,68,99.13,23.94
9239,Historical,904733,0,0,D,0,0,4799369,69.99,1991,16,25.94,64.41
9240,Historical,248046,1,1,D,6,1,90860,84,2009,87,80.98,7.5
9241,Historical,247591,0,0,D,5,1,1482340,72.95,2006,48,80.98,4.4
9242,Historical,568386,0,0,D,2,1,196766,74.99,2011,41,0,0
9243,Historical,347597,0,0,D,2,1,1481841,64.99,2009,22,51.45,21.01
9244,Historical,385850,1,1,D,1,0,2528105,67.33,2007,20,33.99,45.99
9245,Historical,347540,0,0,D,0,0,4831986,70,2007,9,32.84,170.24
9246,Historical,117545,0,0,D,3,1,924119,79.4,2005,32,59.95,42.25
9247,Historical,333769,0,0,D,2,1,1383496,119,1997,15,41.16,74.25
9248,Historical,401567,0,0,D,0,0,2469049,56,2008,18,87.05,46.57
9249,Historical,386512,0,0,D,8,1,2290325,156.2,2006,24,89.5,50.54
9250,Historical,50438,1,2,D,9,1,45719,220.95,2010,66,89.5,93.63
9251,Historical,50437,0,0,D,8,1,275570,212.95,2006,63,89.5,46.62
9252,Historical,53570,0,0,D,15,1,820864,86.67,2008,82,29.64,28.65
9253,Historical,50398,0,0,D,12,1,96875,318.95,2007,82,196.98,101.89
9254,Historical,333578,0,0,D,1,0,2047775,54.95,2007,13,39.24,47.99
9255,Historical,206278,0,0,D,1,0,433140,71.95,2003,36,0,0
9256,Historical,2363274,0,0,D,1,0,3760024,144,2004,13,43.94,33.99
9257,Historical,244110,0,0,D,3,1,247390,127.95,2012,61,73.99,75.95
9258,Historical,177523,1,1,D,2,1,552139,213.95,2005,33,73.99,16.49
9259,Historical,697503,0,0,D,0,0,1816982,25.98,2007,9,59.56,20.2
9260,Historical,375291,0,0,D,2,1,2184865,102,2000,29,72.84,29.74
9261,Historical,129881,1,1,D,1,0,478559,146.6,1995,28,135.94,63.79
9262,Historical,528997,0,0,D,2,1,488057,45,2003,45,31.31,34.99
9263,Historical,129931,0,0,D,1,0,1846727,125.6,1995,19,162.43,62.17
9264,Historical,280128,0,0,D,1,0,3779276,129.95,2006,18,82.99,82.72
9265,Historical,329719,0,0,D,0,0,7777607,52,2003,16,43.97,19.49
9266,Historical,406303,0,0,D,1,0,2235592,24.99,2001,21,30.98,70.29
9267,Historical,287199,0,0,D,0,0,2401242,155,2004,22,93.94,137.18
9268,Historical,130231,0,0,D,2,1,533717,67,1996,38,100.44,23.99
9269,Historical,2427709,0,0,D,3,1,2034869,41.95,1991,42,100.44,27.18
9270,Historical,108718,0,0,D,4,1,2112262,33.93,2005,37,66.82,33.93
9271,Historical,308958,0,0,D,4,1,3231099,104.37,2005,20,66.82,12.87
9272,Historical,167161,0,0,D,3,1,561835,122,2008,18,73.89,33.97
9273,Historical,163731,0,0,D,1,0,5240578,94.95,1996,20,73.89,44.6
9274,Historical,2502828,0,0,D,0,0,2070321,69.95,1993,12,62,62.39
9275,Historical,54099,1,3,D,12,1,955795,265.95,2007,70,163.87,56.97
9276,Historical,54098,0,0,D,12,1,183915,321.95,2009,31,163.87,91.43
9277,Historical,288525,0,0,D,10,1,1672937,70,2001,58,53.91,13.98
9278,Historical,145632,0,0,D,12,1,455557,80.6,2006,49,53.91,49.02
9279,Historical,535464,0,0,D,7,1,28816,200.95,2013,85,148.49,45.99
9280,Historical,56506,0,0,D,6,1,17884,220.95,2011,55,148.49,27.97
9281,Historical,342332,0,0,D,2,1,2056087,204,2000,19,103.77,89.58
9282,Historical,2383948,0,0,D,1,0,2271849,127.6,2015,20,0,105.49
9283,Historical,637542,0,0,D,9,1,8488,156.4,2013,74,76.95,86.98
9284,Historical,178645,0,0,D,6,1,466621,248.95,2010,40,148.83,15.93
9285,Historical,60066,1,1,D,5,1,1931206,243.95,2007,34,148.83,29.96
9286,Historical,182369,0,0,D,3,1,990523,75,2009,35,68.94,33.98
9287,Historical,347710,0,0,D,1,0,2332413,140,2004,20,62.58,73.95
9288,Historical,247455,0,0,D,1,0,493179,79,2006,33,40.98,42.04
9289,Historical,744933,0,0,D,0,0,1024818,140.95,2004,13,64.96,140.95
9290,Historical,500858,0,0,D,5,1,456659,65,2012,35,41.04,45.63
9291,Historical,139272,0,0,D,3,1,70296,60,2009,30,82.99,39.74
9292,Historical,392704,0,0,D,2,1,2847191,73.95,2008,13,74.95,18.99
9293,Historical,2262224,0,0,D,2,1,3250071,135.85,2007,50,96.43,76.83
9294,Historical,114335,0,0,D,1,0,3105723,100.2,2003,19,53.98,68.73
9295,Historical,275072,0,0,D,0,0,3337152,79.95,2003,16,68.74,94.48
9296,Historical,157227,0,0,D,3,1,2714904,58.95,2006,32,9.48,31.64
9297,Historical,652686,0,0,D,0,0,1039859,59.95,2011,18,58.42,38.26
9298,Historical,193673,0,0,D,2,1,667725,84.95,2009,29,95.86,19.99
9299,Historical,2473134,0,0,D,2,1,6621042,31.25,1988,23,4.65,91.91
9300,Historical,55925,1,1,D,7,1,323864,92,2007,54,36.56,51.81
9301,Historical,55924,0,0,D,6,1,2018771,72.2,2004,47,36.56,14.43
9302,Historical,320868,0,0,D,0,0,8890276,29.95,1997,11,44.37,13.99
9303,Historical,137103,0,0,D,1,0,446973,47,2005,23,30.99,28.22
9304,Historical,2340656,0,0,D,0,0,4401986,66.2,1984,21,4.99,43.94
9305,Historical,400481,0,0,D,0,0,5683273,0,2002,12,0,69.87
9306,Historical,60069,0,0,D,5,1,152990,176.95,2004,54,128.99,33.54
9307,Historical,169794,1,1,D,6,1,56229,311.95,2008,75,128.99,66
9308,Historical,175213,0,0,D,1,0,6295589,36.99,2001,17,21.85,21.97
9309,Historical,312133,0,0,D,1,0,482201,49.95,1996,23,57.54,12.89
9310,Historical,2333815,0,0,D,2,1,1047544,117.15,1972,32,17.72,39.99
9311,Historical,151533,1,2,D,1,0,388948,49.95,1997,80,0,22.87
9312,Historical,869889,0,0,D,0,0,1162099,29.95,2004,22,9.04,54.03
9313,Historical,112809,0,0,D,3,1,1963395,69.95,2008,25,52.59,72.59
9314,Historical,169919,1,4,D,3,1,539754,195.95,2009,81,123.96,18.98
9315,Historical,60070,0,0,D,2,1,2093239,121.95,2006,45,123.96,11.98
9316,Historical,173914,0,0,D,1,0,393614,79.99,2004,27,54.28,51.97
9317,Historical,332887,0,0,D,3,1,2890813,39.95,1997,24,47.93,45.87
9318,Historical,50574,1,1,D,7,1,749746,132.6,2004,33,56.83,13.99
9319,Historical,2559583,0,0,D,4,1,2491778,0,1980,16,38.85,95.23
9320,Historical,60071,0,0,D,9,1,485025,169.95,2006,43,26.38,25.68
9321,Historical,108711,1,1,D,8,1,367055,28.12,2004,48,26.38,22.09
9322,Historical,115591,0,0,D,6,1,366195,114.4,2003,42,82.01,35.99
9323,Historical,213044,0,0,D,6,1,137090,100,2003,34,56.85,17.95
9324,Historical,369361,0,0,D,0,0,3513831,54.99,1999,20,53.92,46.79
9325,Historical,156611,0,0,D,1,0,1002507,39.95,2000,56,41.04,28.99
9326,Historical,528869,1,1,D,6,1,272956,193.95,2012,81,133.98,45.03
9327,Historical,250071,0,0,D,4,1,3559738,158.95,2006,29,133.98,21.99
9328,Historical,251082,0,0,D,3,1,1897041,158.95,2006,33,133.98,53.01
9329,Historical,298321,1,1,D,4,1,68786,93,2011,58,58.95,16.98
9330,Historical,247928,0,0,D,3,1,1222509,78,2008,75,58.95,53.09
9331,Historical,52416,1,5,D,14,1,248675,235.95,2010,100,95.98,22.43
9332,Historical,880445,1,2,D,14,1,1810047,88.44,2010,48,95.98,56.26
9333,Historical,899867,0,0,D,1,0,4498061,59.95,2007,10,49.19,53.97
9334,Historical,295824,0,0,D,6,1,272111,52,2007,31,37.45,7.54
9335,Historical,572481,1,1,D,1,0,5012410,186.95,2005,24,65.08,38.46
9336,Historical,255783,0,0,D,2,1,525588,63.95,2006,36,58.74,23.98
9337,Historical,901706,0,0,D,1,0,5103446,95.95,2003,15,63.99,85.47
9338,Historical,183384,1,2,D,1,0,494171,118.95,2007,59,110.04,42.84
9339,Historical,347733,0,0,D,0,0,1659645,96,2005,34,85.03,74.09
9340,Historical,1465981,0,0,D,1,0,6083214,55,2006,10,4.33,54.91
9341,Historical,634465,0,0,D,1,0,882136,69.95,2002,21,85.89,6.99
9342,Historical,2940512,0,0,D,2,1,5165360,202.95,2004,14,161.28,130.69
9343,Historical,401575,0,0,D,2,1,1782884,73,2008,17,40.99,56.18
9344,Historical,2244945,0,0,D,0,0,3714806,67,2006,18,40.99,68.79
9345,Historical,313970,1,1,D,1,0,1056060,109.33,2008,90,66.82,12.59
9346,Historical,2722249,0,0,D,2,1,3091856,80,2003,14,73.8,42.37
9347,Historical,2366486,0,0,D,3,1,8548253,82,1991,19,26.99,32.99
9348,Historical,907314,0,0,D,1,0,3547713,95,1990,21,98.99,62.48
9349,Historical,566684,0,0,D,3,1,1842179,46.45,1993,46,113.98,46.45
9350,Historical,164927,0,0,D,4,1,477079,58.05,2001,28,113.98,30.87
9351,Historical,901158,0,0,D,2,1,3102370,175,1990,18,28.04,50.97
9352,Historical,285576,0,0,D,10,1,24485,192.25,2011,59,118.74,78.55
9353,Historical,50791,1,1,D,8,1,826005,12.41,2005,86,118.74,8.3
9354,Historical,50790,0,0,D,9,1,156059,52.95,2008,60,118.74,23.98
9355,Historical,199940,0,0,D,1,0,4876218,93.95,2001,22,42.85,16.94
9356,Historical,587095,1,3,D,1,0,106660,125,2008,61,78.99,50.59
9357,Historical,161508,0,0,D,2,1,3887873,0,2005,23,38.14,45.16
9358,Historical,290317,0,0,D,2,1,1273370,195,2002,19,68.47,72.99
9359,Historical,166648,0,0,D,2,1,1258667,148,2005,30,49.86,57.43
9360,Historical,889351,0,0,D,1,0,2754918,75,1994,16,46.53,23.76
9361,Historical,910618,1,1,D,0,0,3650130,124.95,1984,26,84.99,48.67
9362,Historical,888810,0,0,D,2,1,1331379,196.95,2012,24,98.99,93.77
9363,Historical,125597,0,0,D,0,0,766154,142,1998,34,98.99,73.95
9364,Historical,608322,0,0,D,4,1,1566864,11.53,1994,27,58.96,13.99
9365,Historical,57386,0,0,D,2,1,1742529,144,2002,43,71.99,56.57
9366,Historical,57387,0,0,D,3,1,422077,160,2009,22,71.99,101.98
9367,Historical,1679361,0,0,D,0,0,621071,79.95,2008,13,0,122.7
9368,Historical,116800,0,0,D,4,1,107032,141.33,2004,43,116.28,68.18
9369,Historical,534024,1,1,D,5,1,2456066,67.95,1992,25,11.93,12.04
9370,Historical,2617504,0,0,D,4,1,5089053,126.38,1987,17,11.93,62.12
9371,Historical,184378,0,0,D,1,0,744393,69.95,2001,32,36.26,15.49
9372,Historical,161398,0,0,D,8,1,73484,112.2,2002,61,26.85,32.27
9373,Historical,60075,1,1,D,9,1,1087513,18.98,2005,69,26.85,18.08
9374,Historical,290186,0,0,D,10,1,87773,53.97,2008,57,26.85,49.74
9375,Historical,758402,0,0,D,2,1,3523109,110,2000,14,66.03,57.82
9376,Historical,606693,0,0,D,6,1,1039397,147.95,1998,40,77.16,43.05
9377,Historical,258308,0,0,D,0,0,1125786,105.95,2003,21,90.75,79.97
9378,Historical,117307,0,0,D,8,1,633923,17.98,2007,23,72.84,17.98
9379,Historical,286097,0,0,D,8,1,385286,58.4,2006,29,72.84,19.95
9380,Historical,370054,0,0,D,2,1,2810997,50,2003,23,33.98,38.69
9381,Historical,603716,0,0,D,1,0,3049972,89.95,2005,22,48.43,45.98
9382,Historical,132891,0,0,D,6,1,308385,117.67,2009,32,81.32,53.1
9383,Historical,145480,0,0,D,5,1,1042825,107.2,2006,35,81.32,36.86
9384,Historical,144646,0,0,D,4,1,1055104,93.4,2003,44,81.32,28.99
9385,Historical,57328,0,0,D,5,1,59348,105.57,2009,61,80.59,58.25
9386,Historical,57327,0,0,D,4,1,223357,14.99,2007,49,80.59,4
9387,Historical,243972,0,0,D,5,1,27701,147.95,2011,42,134.11,67.7
9388,Historical,169754,0,0,D,4,1,818367,155.95,2008,46,134.11,31.99
9389,Historical,260054,0,0,D,1,0,1600557,75.95,2001,31,61.46,19.5
9390,Historical,651922,1,2,D,7,1,616833,66.28,2008,44,14.16,46.31
9391,Historical,657984,1,1,D,7,1,100612,70.97,2011,40,14.16,53.54
9392,Historical,534096,0,0,D,3,1,202022,47.95,1994,93,32.74,13.98
9394,Historical,868009,0,0,D,2,1,307163,18.93,1994,33,59.04,18.93
9395,Historical,2664197,0,0,D,1,0,2762958,199,1991,17,137.24,110.12
9396,Historical,645616,0,0,D,2,1,1177003,245.99,2003,23,137.24,172.12
9397,Historical,545052,0,0,D,1,0,991577,174,2006,21,153.53,175.55
9398,Historical,619180,0,0,D,2,1,2599746,89.95,2001,24,52.98,28.99
9399,Historical,3514447,0,0,D,4,1,2373971,45.95,2005,14,0,91.57
9400,Historical,264305,1,1,D,7,1,48756,93.99,2010,50,75.99,93.99
9401,Historical,475798,0,0,D,4,1,4478997,85,2002,23,72.99,52.73
9402,Historical,637947,0,0,D,1,0,1858351,149.85,2012,26,0,33.94
9403,Historical,551161,1,1,D,1,0,349060,369.5,2011,43,168.23,254.99
9404,Historical,416607,1,2,D,5,1,202414,203.25,2012,152,115.28,68.77
9405,Historical,791676,0,0,D,0,0,6963706,166.87,2006,10,29.15,7.09
9406,Historical,911624,0,0,D,1,0,905249,126.05,2012,26,0,0
9407,Historical,579422,1,4,D,3,1,1119936,177.2,2008,103,113.09,8.99
9408,Historical,791561,1,1,D,1,0,2848628,17.99,2004,52,29.15,17.96
9409,Historical,54161,0,0,D,2,1,531221,11.96,2009,93,15.96,14.49
9410,Historical,606665,1,1,D,6,1,970780,33.16,2007,64,152.94,21.44
9411,Historical,50329,1,6,D,5,1,158801,42.68,2009,114,128.95,28.99
9412,Historical,416485,1,16,D,1,0,13228,346.25,2012,146,168.23,38.98
9413,Historical,606668,1,2,D,7,1,464926,53.47,2010,60,152.94,49.42
9414,Historical,111076,0,0,D,4,1,1413025,45.99,2009,41,115.28,43.54
9415,Historical,56108,1,1,D,10,1,101906,77.4,2011,149,41.79,60.44
9416,Historical,56112,1,5,D,9,1,171069,79,2008,62,41.79,36.9
9417,Historical,56111,1,2,D,8,1,294957,79,2005,71,41.79,33.22
9418,Historical,114468,0,0,D,1,0,589118,78.67,2001,52,17.9,23.97
9419,Historical,116920,0,0,D,1,0,947454,94.2,2006,72,46.98,9.98
9420,Historical,286389,0,0,D,2,1,180976,86.6,2010,105,46.98,17.99
9421,Historical,565342,0,0,D,2,1,1426424,66.95,2005,23,40.46,69.33
9422,Historical,58338,1,6,D,4,1,25657,286.95,2009,133,178.99,75.52
9423,Historical,200146,1,2,D,1,0,609557,114.95,2005,58,53.39,45.53
9424,Historical,54162,0,0,D,1,0,1485692,34.26,2006,89,15.96,5.99
9425,Historical,111302,1,4,D,5,1,166753,37.95,2009,132,128.95,30.84
9426,Historical,435269,1,4,D,8,1,278782,119,2012,46,92.54,21.44
9427,Historical,169483,0,0,D,7,1,536959,191.95,2006,33,81.67,53.63
9428,Historical,204116,0,0,D,3,1,218437,44.95,2008,31,18.98,37
9429,Historical,264227,0,0,D,2,1,1426708,39.95,2004,34,18.98,10.98
9430,Historical,434932,1,1,D,4,1,61530,214.2,2010,130,113.09,14.98
9431,Historical,217669,0,0,D,1,0,1169927,120.99,2008,31,66.92,61.49
9432,Historical,609353,0,0,D,5,1,3621195,62,1992,42,46.32,13.98
9433,Historical,60080,1,1,D,6,1,981118,79.99,2003,31,46.32,58.01
9434,Historical,545292,0,0,D,4,1,2828955,93.95,2010,16,85.16,63.99
9435,Historical,248826,0,0,D,3,1,2420712,82.95,2006,12,85.16,28.26
9436,Historical,111298,0,0,D,4,1,1491998,15.99,2009,41,115.28,13.99
9437,Historical,203693,0,0,D,5,1,965048,74.95,2006,45,36.75,22.98
9438,Historical,2679306,0,0,D,1,0,2837693,61.95,1993,17,70.16,73.81
9439,Historical,58152,1,2,D,7,1,674298,87.95,2003,61,63.42,23.98
9440,Historical,117840,0,0,D,6,1,540449,73.2,2006,29,50.06,14.09
9441,Historical,208130,0,0,D,6,1,463106,55,2010,19,50.06,42.96
9442,Historical,50331,0,0,D,5,1,498395,90,2004,44,65.99,47.19
9443,Historical,114111,0,0,D,4,1,2434734,66,2000,43,65.99,33.99
9444,Historical,118194,0,0,D,1,0,747494,68,2008,80,70.28,9.99
9445,Historical,532891,0,0,D,2,1,73156,95.8,2012,92,70.28,30.95
9446,Historical,1438374,1,1,D,2,1,1755887,24.99,2008,32,31.99,7.99
9447,Historical,114653,1,1,D,2,1,357776,84,2002,27,46.69,80.42
9448,Historical,287097,0,0,D,2,1,310067,57.95,2007,68,40.38,24.99
9449,Historical,127479,1,1,D,1,0,161416,59.95,2011,70,45.94,27.97
9450,Historical,874655,1,1,D,0,0,2979924,70,2004,25,66.61,30.94
9451,Historical,170432,1,1,D,0,0,1290590,69.5,2004,46,66.61,26.96
9452,Historical,170462,0,0,D,2,1,84605,19.98,2008,46,66.61,16.97
9453,Historical,288512,0,0,D,1,0,1002608,83.4,2002,27,90.92,65.53
9454,Historical,914273,1,1,D,3,1,1781779,55.75,2000,64,33.47,10.21
9455,Historical,557412,0,0,D,4,1,205889,97.6,2008,90,46.48,33.89
9456,Historical,144619,0,0,D,3,1,796079,81.2,2003,47,46.48,19.99
9457,Historical,54810,0,0,D,7,1,231974,101.2,2009,65,65.78,54.81
9458,Historical,161862,0,0,D,6,1,1071336,64,2009,29,36.12,29.95
9459,Historical,166847,0,0,D,5,1,1363995,197.59,2005,21,36.12,33.99
9460,Historical,292148,0,0,D,1,0,2423673,223.95,2004,43,134.35,19.86
9461,Historical,254179,0,0,D,2,1,406419,223.95,2010,45,134.35,23.98
9462,Historical,626032,1,2,D,1,0,1010244,71.99,2003,26,56.99,53.98
9463,Historical,53414,1,1,D,21,1,36661,403.95,2010,103,166,33.98
9464,Historical,53413,1,3,D,20,1,515207,396.95,2007,68,166,28.99
9465,Historical,51134,1,1,D,21,1,228101,431.95,2010,35,110.28,43.82
9466,Historical,51133,1,3,D,20,1,408535,313.95,2007,37,110.28,27.96
9467,Historical,249221,0,0,D,8,1,362043,84.95,2010,61,54.04,25.98
9468,Historical,248883,0,0,D,7,1,613027,76.95,2007,64,54.04,12.93
9469,Historical,532880,0,0,D,11,1,450582,220,2011,34,147.98,103.98
9470,Historical,915347,0,0,D,2,1,146709,110.95,2014,53,35.24,13.99
9471,Historical,639839,0,0,D,1,0,993070,110.95,2012,36,35.24,21.2
9472,Historical,916140,0,0,D,2,1,181889,150.4,2014,27,70.4,83.54
9473,Historical,623349,1,4,D,1,0,230536,154.8,2012,40,70.4,20.99
9474,Historical,3153052,0,0,D,2,1,9472345,69.95,2000,11,149.18,119.79
9477,Historical,147088,0,0,D,3,1,1486415,82.95,2003,42,68.45,49.81
9478,Historical,525265,1,2,D,4,1,29960,67.95,2010,46,37.38,29.89
9479,Historical,147057,1,2,D,3,1,978421,52.95,2003,80,37.38,40.78
9480,Historical,2680662,0,0,D,4,1,4722913,119,1998,20,89.44,61.43
9481,Historical,634714,0,0,D,5,1,2365270,178.95,2005,17,89.44,42.95
9482,Historical,532875,0,0,D,4,1,121737,99.95,2010,40,68.45,57.68
9483,Historical,645892,0,0,D,1,0,4150213,224.95,2005,16,195.52,112.89
9484,Historical,628711,0,0,D,2,1,1332934,274,2010,17,195.52,180.37
9485,Historical,624122,0,0,D,2,1,1475971,215.99,2006,25,152.56,19.99
9486,Historical,532874,0,0,D,4,1,179527,198.99,2009,39,127.98,92.6
9487,Historical,294142,0,0,D,3,1,1465064,165,2003,41,127.98,23.98
9488,Historical,908251,0,0,D,9,1,1547314,54.95,2009,19,103.88,59.64
9489,Historical,2042516,0,0,D,7,1,2883898,42.95,2006,14,103.88,137.89
9490,Historical,524970,0,0,D,7,1,292025,133.99,2011,27,82.98,59.14
9492,Historical,159439,0,0,D,3,1,784100,99.95,2001,44,53.99,13.98
9493,Historical,3597209,0,0,D,0,0,5931217,0,1967,15,0,49.31
9494,Historical,2670323,0,0,D,4,1,2458946,84,1995,45,6.59,31.94
9495,Historical,618247,0,0,D,1,0,229513,79.95,2011,55,51.06,28.96
9496,Historical,54342,1,1,D,8,1,157732,94.95,2005,120,64.17,27.46
9497,Historical,103966,1,1,D,5,1,274021,45.78,2001,64,6.59,45.32
9498,Historical,231542,1,3,D,9,1,93602,89.95,2009,84,64.17,31.96
9499,Historical,663044,0,0,D,0,0,1258956,48,2002,28,0,62.11
9500,Historical,697920,0,0,D,4,1,4614632,0,2006,14,125.35,68.91
9501,Historical,53250,0,0,D,5,1,201909,60.99,2008,58,125.35,42.89
9502,Historical,109179,1,3,D,6,1,22335,45.89,2011,99,125.35,60.99
9503,Historical,53249,1,1,D,4,1,1120811,68.99,2006,71,125.35,38.43
9504,Historical,289720,0,0,D,1,0,1887247,39.95,2003,35,49.89,48.83
9505,Historical,534019,0,0,D,9,1,2018357,69.95,2001,19,38.97,47.69
9506,Historical,533865,0,0,D,10,1,751632,94.33,2007,33,38.97,86.61
9507,Historical,2882785,0,0,D,0,0,1574272,80,1999,10,64.41,123.54
9508,Historical,868347,0,0,D,1,0,164019,317.95,2004,61,113.94,38.99
9509,Historical,52539,1,6,D,1,0,829178,104.95,2004,70,73.98,15.99
9510,Historical,2374024,0,0,D,2,1,6077301,0,2005,12,24.93,44.85
9511,Historical,110820,0,0,D,4,1,1982713,0,2002,35,49.17,52.97
9512,Historical,365710,0,0,D,1,0,3795517,94.22,2010,18,0,56.23
9513,Historical,226483,1,1,D,1,0,4434204,65,1997,22,58.8,46.87
9515,Historical,202479,1,2,D,1,0,148811,60,2000,27,53.91,30.53
9516,Historical,290584,1,1,D,3,1,111239,175,2005,32,47.9,75.99
9517,Historical,2560190,0,0,D,1,0,1537197,45.74,1981,29,0,45.74
9518,Historical,763146,0,0,D,0,0,4505918,90,1999,17,59.44,46.58
9519,Historical,2339211,0,0,D,1,0,2322469,161.03,1950,33,0,87.24
9521,Historical,169260,1,1,D,1,0,171461,135.95,2005,35,71.95,104.19
9522,Historical,169261,0,0,D,1,0,298641,135.95,2005,45,31.36,97.95
9523,Historical,877958,0,0,D,6,1,1646111,57.16,2008,42,141.93,66.76
9524,Historical,169617,1,4,D,6,1,456958,272.95,2007,56,141.93,56.51
9525,Historical,123969,0,0,D,6,1,221345,299.95,2003,71,141.93,59.95
9526,Historical,118133,1,1,D,9,1,445913,96,2006,47,55.48,33.99
9527,Historical,117501,1,2,D,8,1,2006517,74.4,2003,42,55.48,17.18
9528,Historical,117502,0,0,D,8,1,1485700,79,2003,56,14.33,21.94
9529,Historical,422018,0,0,D,9,1,245912,96,2007,49,14.33,19.95
9530,Historical,118205,0,0,D,2,1,207474,67.8,2007,65,21.99,15.98
9531,Historical,697656,1,2,D,1,0,1793038,40.85,1998,48,40.04,12.6
9532,Historical,532834,1,1,D,3,1,284632,80,2009,42,40.64,65.32
9533,Historical,117978,0,0,D,2,1,605145,72.8,2006,25,40.64,10.97
9534,Historical,544449,0,0,D,8,1,152289,115.95,2013,64,43.89,64.74
9535,Historical,52628,1,1,D,7,1,125959,126.95,2010,67,43.89,33.98
9536,Historical,607979,0,0,D,17,1,1960492,69.95,2003,23,46.05,63.99
9537,Historical,147362,0,0,D,18,1,663800,120,2006,29,46.05,63.94
9538,Historical,147228,0,0,D,17,1,377260,82.95,2004,45,46.05,45.3
9539,Historical,907106,0,0,D,3,1,2316181,138.28,2004,29,82.69,100.64
9540,Historical,60082,0,0,D,3,1,299057,0,2003,49,82.69,43.35
9541,Historical,110401,1,1,D,4,1,117231,96.85,2007,58,82.69,62.71
9542,Historical,664607,1,1,D,37,1,22179,79.75,2013,49,55.49,13.28
9543,Historical,111994,1,3,D,35,1,138770,53.25,2011,90,55.49,20.94
9544,Historical,56718,0,0,D,33,1,121937,13.03,2009,82,55.49,23.97
9545,Historical,538838,0,0,D,15,1,16307,86,2012,113,114.26,52.3
9546,Historical,477072,0,0,D,5,1,518085,80,2007,28,28.91,15.46
9547,Historical,118561,0,0,D,12,1,749678,142.8,2006,75,118.87,38.93
9548,Historical,53651,0,0,D,14,1,130648,38.84,2010,96,114.26,33.99
9549,Historical,53649,1,2,D,13,1,147739,31.67,2008,59,114.26,23.83
9550,Historical,127576,0,0,D,2,1,19022,89.95,2011,104,74.22,27.98
9551,Historical,118805,0,0,D,6,1,918958,140,2007,36,123.98,42.49
9552,Historical,126874,1,7,D,1,0,119634,89.95,2007,58,74.22,19.43
9553,Historical,428154,0,0,D,7,1,178031,201.8,2011,56,123.98,53.65
9554,Historical,51621,0,0,D,13,1,217327,260.95,2010,92,107.01,51.52
9555,Historical,117622,1,1,D,11,1,2004601,113.6,2004,35,118.87,40.07
9556,Historical,53648,0,0,D,12,1,375689,56.99,2006,58,114.26,38.6
9557,Historical,55085,1,2,D,1,0,359679,68.8,2004,43,52.57,48.38
9558,Historical,55086,0,0,D,2,1,261119,62.6,2007,38,52.57,52.99
9559,Historical,51620,0,0,D,12,1,763279,260.95,2007,87,107.01,35.94
9560,Historical,657165,0,0,D,1,0,1783809,99.95,2003,19,77.05,201.22
9561,Historical,622904,0,0,D,1,0,1234402,87,1988,22,0,0
9562,Historical,648780,1,1,D,0,0,4077012,199,2003,17,144.14,120.92
9563,Historical,536615,0,0,D,3,1,1888743,58,2008,21,103.99,36.94
9564,Historical,143026,0,0,D,2,1,8020333,36,2005,16,103.99,31.04
9565,Historical,620758,0,0,D,1,0,278280,49.95,2011,32,46.97,15.49
9566,Historical,558601,0,0,D,0,0,5917104,39.5,1985,16,13.97,53.99
9567,Historical,3590246,0,0,D,3,1,9159466,83,1999,11,0,54.36
9568,Historical,143366,0,0,D,0,0,2480804,127,2002,16,63.99,172.85
9569,Historical,2612386,0,0,D,1,0,2099930,116,2001,13,68.12,63.94
9570,Historical,227515,0,0,D,0,0,2227957,349,2001,37,109.98,63.59
9571,Historical,914485,0,0,D,8,1,1765113,64.95,2012,34,23.93,33.97
9572,Historical,264064,1,2,D,2,1,241755,34.95,2005,44,23.79,28.99
9573,Historical,532819,0,0,D,3,1,106598,43.95,2010,46,23.79,72.07
9574,Historical,131272,0,0,D,1,0,2558460,97,1999,42,141.19,32.98
9575,Historical,2491496,0,0,D,3,1,2097706,54.95,2005,21,55.27,23.99
9576,Historical,607205,0,0,D,3,1,76677,106,1999,32,59.85,48.73
9577,Historical,100419,0,0,D,2,1,2531590,70,1995,14,59.85,72.14
9578,Historical,2009985,0,0,D,2,1,2717435,91,2010,34,37.41,14.24
9579,Historical,2009990,0,0,D,2,1,374313,94.5,2006,39,37.41,13.96
9580,Historical,599515,0,0,D,4,1,2320152,65,2003,19,48.19,14.99
9581,Historical,889376,0,0,D,4,1,6798679,67.8,1995,13,47.76,7.91
9582,Historical,609776,0,0,D,2,1,2503981,59.99,2006,21,21.98,40.87
9583,Historical,623847,0,0,D,4,1,1579777,42.95,2002,37,0,28.99
9584,Historical,532813,0,0,D,2,1,598634,71,2008,50,61.57,79.47
9585,Historical,146350,0,0,D,7,1,93184,116.2,2011,72,65.14,26.99
9586,Historical,286428,1,1,D,6,1,193287,102.8,2008,86,65.14,22.63
9587,Historical,713364,0,0,D,1,0,1423688,100,2002,21,48.99,13.98
9588,Historical,2859258,0,0,D,1,0,3225684,49.95,1995,15,0,103.28
9589,Historical,2852951,0,0,D,1,0,6696888,75,2003,10,48.42,56.67
9590,Historical,3475309,0,0,D,2,1,2768118,118,1998,15,0,95.31
9591,Historical,713711,0,0,D,5,1,1153091,121,1999,22,57.76,54.69
9592,Historical,739255,0,0,D,1,0,4177222,40.4,1999,27,87.89,8.98
9593,Historical,146687,0,0,D,2,1,3054506,236.8,2011,17,42.73,231.47
9594,Historical,620976,1,2,D,1,0,181511,131,1987,30,111.99,72.99
9595,Historical,52630,1,1,D,6,1,479771,77.35,2002,70,133.75,23.02
9596,Historical,52631,0,0,D,7,1,139843,101.33,2005,63,133.75,42.82
9597,Historical,532804,0,0,D,6,1,31945,85,2012,60,65.68,28.36
9598,Historical,105749,0,0,D,5,1,619834,86,2004,76,65.68,15.18
9599,Historical,2337649,0,0,D,0,0,7503878,91.25,1982,15,53.34,71.85
9600,Historical,52634,0,0,D,4,1,50763,152.07,2009,88,53.97,28.99
9601,Historical,532799,0,0,D,6,1,232181,325.95,2012,37,196.88,78.72
9602,Historical,183382,0,0,D,4,1,2694543,325.95,2006,45,196.88,18.36
9603,Historical,179178,0,0,D,5,1,201408,357.95,2008,33,196.88,77.87
9604,Historical,163011,1,2,D,4,1,641160,111.76,2009,39,53.97,43.03
9605,Historical,169658,0,0,D,4,1,1840798,341.95,2007,33,56.03,8.99
9606,Historical,52636,1,1,D,3,1,664921,33.99,2006,167,53.97,33.99
9607,Historical,109693,0,0,D,9,1,3471730,66.06,2005,29,52.98,51.15
9608,Historical,109879,0,0,D,9,1,1216629,17.98,2007,36,52.98,17.98
9609,Historical,110738,0,0,D,10,1,112909,165.94,2009,25,52.98,12.99
9610,Historical,111113,1,1,D,10,1,90812,6.69,2009,73,52.98,50.6
9611,Historical,54883,0,0,D,8,1,376439,352.95,2010,87,129.71,17.25
9612,Historical,532797,1,2,D,5,1,894460,354.95,2010,55,56.03,52.67
9613,Historical,2607680,0,0,D,0,0,1272007,94.99,2005,15,84.98,86.99
9614,Historical,807123,0,0,D,2,1,180619,86.95,2007,37,21.74,9.44
9615,Historical,245191,0,0,D,0,0,1757565,81.95,2004,38,21.74,8.99
9616,Historical,760127,0,0,D,4,1,599200,26.94,2001,24,65.08,43.73
9617,Historical,761794,0,0,D,5,1,690021,23.93,2006,25,65.08,32.99
9618,Historical,2602429,0,0,D,1,0,5812788,94.99,1996,10,52.37,103.97
9619,Historical,162639,0,0,D,3,1,510750,11.89,2010,34,64.42,48.99
9620,Historical,761293,0,0,D,2,1,1509761,20.48,2005,47,64.42,22.99
9621,Historical,2572477,1,1,D,1,0,972290,44.95,1993,36,39.94,18.43
9622,Historical,163825,0,0,D,2,1,130018,60,1996,50,39.94,30.26
9623,Historical,162903,0,0,D,3,1,190066,50.76,2009,42,58.99,73.98
9624,Historical,164436,0,0,D,2,1,579065,68.6,2003,30,58.99,28.98
9625,Historical,119748,0,0,D,1,0,2427441,97,1998,21,61.74,24.2
9626,Historical,868338,0,0,D,2,1,1597212,67.65,1987,28,53.01,59.63
9627,Historical,254447,1,2,D,2,1,889812,50.95,2011,41,31.29,34.44
9628,Historical,298102,0,0,D,1,0,3191776,49.95,2005,22,31.29,13.99
9629,Historical,2575192,0,0,D,0,0,1794544,76.91,1976,36,31.09,45.73
9630,Historical,618387,0,0,D,1,0,363842,366.95,1994,27,0,24.99
9631,Historical,115966,0,0,D,6,1,77670,204.2,2005,62,133.76,58.99
9632,Historical,2367158,0,0,D,1,0,2527274,185.11,1979,12,119.51,98.58
9634,Historical,534036,1,1,D,3,1,927565,96,1994,41,113.91,13.82
9635,Historical,2577602,1,1,D,2,1,1506495,129,1985,30,66.99,42.99
9636,Historical,630225,0,0,D,3,1,634140,162,2005,28,66.99,82.17
9637,Historical,916718,1,1,D,2,1,1478917,97.95,1989,33,157.94,53.23
9638,Historical,870800,0,0,D,3,1,1600690,67,1990,39,192.57,49.46
9639,Historical,2572967,0,0,D,1,0,312146,94.95,1989,35,52.34,17.68
9640,Historical,164311,0,0,D,1,0,1183268,150,2004,22,57.44,108.69
9641,Historical,554014,1,2,D,2,1,873286,27,1997,29,87.39,60.07
9642,Historical,169832,1,2,D,5,1,567437,365.95,2008,63,175.63,120.99
9643,Historical,381821,0,0,D,6,1,42002,332.95,2012,85,175.63,47.87
9644,Historical,60085,0,0,D,4,1,901199,252.95,2006,45,175.63,11.6
9645,Historical,258317,0,0,D,2,1,1944994,90.95,2003,14,76.99,67.94
9646,Historical,898427,0,0,D,0,0,9721515,79.95,2000,15,76.99,59.87
9647,Historical,713870,0,0,D,6,1,3213960,123.33,1999,21,51.85,23.84
9648,Historical,585676,0,0,D,2,1,965667,84.95,1984,81,51.99,44.47
9649,Historical,149543,0,0,D,2,1,3949262,55,2009,22,36.41,89.11
9650,Historical,916935,0,0,D,0,0,639858,129,2005,42,86.91,44.99
9651,Historical,547303,0,0,D,3,1,626927,89.95,2012,18,66.88,86.18
9652,Historical,286538,0,0,D,4,1,1570809,100,1998,20,82.88,51.13
9653,Historical,115329,0,0,D,5,1,829220,130.4,2001,27,82.88,48.98
9654,Historical,212978,0,0,D,4,1,868057,90,2001,31,107.35,40.67
9655,Historical,213242,1,1,D,5,1,607038,102.95,2009,24,107.35,62.98
9656,Historical,2621575,0,0,D,2,1,1909657,59.95,1989,14,26.03,520.56
9657,Historical,2515206,0,0,D,1,0,3536203,118.82,1978,12,26.03,89.88
9658,Historical,2427962,0,0,D,5,1,1039532,102,1994,33,45.99,25.94
9659,Historical,728853,0,0,D,6,1,561175,108,1998,45,45.99,43.67
9660,Historical,792778,0,0,D,2,1,3896036,79.95,2002,19,64.4,78.61
9661,Historical,792777,0,0,D,2,1,10111480,170,2002,17,64.4,47.39
9663,Historical,646648,0,0,D,2,1,201181,54.95,2004,19,41.99,23.99
9664,Historical,60313,0,0,D,3,1,93669,110,1997,34,133.46,47.43
9665,Historical,2367265,0,0,D,0,0,1560717,140.84,1956,16,101.06,44.95
9666,Historical,902765,1,1,D,1,0,2123574,47.95,2001,21,16.39,123.11
9667,Historical,627480,0,0,D,2,1,516922,92.24,2009,85,16.39,61.94
9668,Historical,435204,0,0,D,6,1,270605,88.95,2010,143,66.61,35.99
9669,Historical,147506,0,0,D,5,1,1276084,69.95,2007,61,66.61,32.06
9670,Historical,249188,0,0,D,4,1,249503,74.95,2008,52,48.95,23.99
9671,Historical,58327,0,0,D,2,1,944366,126.95,1997,22,60.28,28.98
9672,Historical,116263,0,0,D,6,1,3803984,61.4,2006,17,65.99,26.94
9673,Historical,622624,1,1,D,8,1,374852,86,2011,50,65.99,54.95
9674,Historical,532786,0,0,D,7,1,618158,72.8,2008,24,65.99,57.05
9675,Historical,60086,0,0,D,8,1,579725,143.4,2004,57,63.98,16.14
9676,Historical,50566,0,0,D,6,1,662973,189,2004,42,81.99,27.18
9677,Historical,2603078,0,0,D,0,0,5327491,75,2003,17,51.99,53.63
9678,Historical,294859,1,1,D,0,0,1124495,115,1997,26,77.94,33.99
9679,Historical,199265,0,0,D,2,1,107070,136,2008,63,77.94,40.36
9680,Historical,169662,0,0,D,4,1,76755,361.95,2007,48,123.69,79.98
9681,Historical,2559644,0,0,D,2,1,2392811,89.95,1980,59,92.78,35.98
9682,Historical,763569,0,0,D,2,1,3015350,143.95,2000,30,21.98,44.09
9683,Historical,2621614,0,0,D,2,1,5386817,62.95,1995,24,21.98,10.99
9684,Historical,167665,0,0,D,1,0,2685432,140,2006,19,81.41,46.44
9685,Historical,3520389,0,0,D,2,1,586488,109.95,1995,27,0,92.35
9686,Historical,247609,0,0,D,1,0,485570,104,2005,43,53.99,7.63
9687,Historical,58150,0,0,D,8,1,256066,245.95,2010,41,123.89,66.81
9688,Historical,58148,0,0,D,7,1,573287,158.95,2007,56,123.89,21.91
9689,Historical,58149,0,0,D,6,1,928385,126.95,2004,56,123.89,11.11
9690,Historical,293281,0,0,D,1,0,152218,76,2009,64,44.63,23.98
9691,Historical,698938,1,1,D,6,1,3865456,110,2009,27,120.38,34.22
9692,Historical,118044,0,0,D,5,1,43823,204.4,2008,53,140.99,135.15
9693,Historical,115375,1,7,D,4,1,299958,126.2,2003,38,140.99,50.41
9694,Historical,295904,0,0,D,1,0,2469002,288.95,1996,19,103.94,45.83
9695,Historical,55681,0,0,D,5,1,154834,68.71,2010,52,130.08,70.65
9696,Historical,166961,0,0,D,3,1,5875666,116.31,2005,24,130.08,46.47
9697,Historical,167060,0,0,D,4,1,270466,0,2006,55,130.08,55.05
9698,Historical,868150,0,0,D,4,1,1124658,62,1997,62,73.43,8.99
9699,Historical,58146,0,0,D,1,0,539689,111,2007,34,74.75,52.18
9700,Historical,763753,0,0,D,1,0,3267454,116.95,1999,25,103.99,18.97
9701,Historical,177202,0,0,D,2,1,542083,333.95,2004,27,103.99,49.99
9702,Historical,532784,0,0,D,8,1,252799,268.95,2011,37,194.99,146.37
9703,Historical,169753,0,0,D,7,1,76284,284.95,2008,38,194.99,92.95
9704,Historical,177832,0,0,D,6,1,557768,312.95,2005,52,194.99,46.5
9705,Historical,155234,0,0,D,4,1,988929,101.16,1998,23,42.34,72.74
9706,Historical,60087,1,2,D,4,1,890957,70.16,1998,27,42.34,22.99
9707,Historical,532783,1,1,D,4,1,37797,310.25,2012,106,150.59,45.81
9708,Historical,109635,1,1,D,1,0,1720357,76.72,2006,45,150.59,33.94
9709,Historical,110955,0,0,D,2,1,1170614,0,2008,46,150.59,29.99
9710,Historical,899562,0,0,D,1,0,2727488,59.95,2004,16,36.94,15.74
9711,Historical,164011,0,0,D,1,0,1666116,137.95,1999,23,27.52,28.94
9712,Historical,203876,0,0,D,9,1,669985,190.95,2008,45,102.98,44.99
9713,Historical,758407,0,0,D,1,0,3968863,150,2001,10,85.65,113.89
9714,Historical,110407,0,0,D,9,1,90215,22.99,2008,54,49.29,18.99
9715,Historical,285451,1,1,D,9,1,899367,40.2,2006,37,49.29,42.95
9716,Historical,108023,0,0,D,7,1,5308420,9.74,2002,37,49.29,9.74
9717,Historical,176607,0,0,D,4,1,618954,172.95,2005,98,113.99,17.66
9718,Historical,298306,0,0,D,2,1,158863,81,2010,57,38.99,45.11
9719,Historical,110724,0,0,D,7,1,2627080,6,2006,78,40.1,5.99
9720,Historical,606869,0,0,D,6,1,703028,8.52,2002,53,40.1,27.99
9721,Historical,870386,0,0,D,6,1,1507198,172.02,2010,49,82.49,39.16
9722,Historical,132583,0,0,D,6,1,257893,172.6,2009,87,82.49,44.19
9723,Historical,169363,1,1,D,9,1,646789,243.95,2007,88,95.15,20.1
9724,Historical,170017,0,0,D,10,1,294641,229.95,2010,89,95.15,27.44
9725,Historical,163217,0,0,D,1,0,4368617,0,2005,21,53.99,52.71
9726,Historical,177261,0,0,D,4,1,5395861,63.95,2001,24,16.95,14.99
9727,Historical,874117,0,0,D,7,1,1467735,17.83,2008,45,28.24,16.11
9728,Historical,532776,0,0,D,7,1,138794,51.99,2009,104,28.24,12.29
9729,Historical,391019,0,0,D,0,0,2971368,67,2003,25,45.61,9.7
9730,Historical,260002,0,0,D,2,1,838657,83,2006,37,45.61,13.54
9731,Historical,279166,0,0,D,3,1,4056859,39.95,2005,13,4,8.78
9732,Historical,229175,0,0,D,4,1,2225724,39.95,2009,18,4,7.99
9733,Historical,874844,0,0,D,1,0,1106682,69.33,1997,68,37.1,11.98
9734,Historical,115330,0,0,D,2,1,231429,52,2001,72,37.1,12.82
9735,Historical,237769,1,1,D,13,1,63619,95,2008,39,203.99,43.99
9736,Historical,642353,0,0,D,3,1,779088,59.99,2011,13,0,0
9737,Historical,868479,0,0,D,1,0,1668866,47.5,1987,46,64.79,13.24
9738,Historical,116423,0,0,D,4,1,2784427,80,2004,35,48.98,42.52
9739,Historical,120280,0,0,D,5,1,396036,89.4,2008,40,48.98,31.51
9740,Historical,53727,0,0,D,4,1,138052,89.95,2004,47,67.09,11.89
9741,Historical,51962,0,0,D,6,1,1391087,123.6,2008,46,63.98,53.35
9742,Historical,51963,1,1,D,7,1,311618,154,2010,45,63.98,87.31
9743,Historical,51960,0,0,D,5,1,2158527,105.6,2006,57,63.98,7.24
9744,Historical,734530,0,0,D,2,1,2625648,6.05,2008,24,37.23,6.99
9745,Historical,560015,0,0,D,2,1,302290,53.95,2007,77,37.23,10.43
9746,Historical,141968,0,0,D,2,1,1402164,10.88,2010,42,37.23,10.9
9747,Historical,623653,0,0,D,0,0,98042,79.99,2004,34,47.54,57.7
9748,Historical,2654415,0,0,D,0,0,2731977,67.16,1996,24,40.78,33.99
9749,Historical,877270,0,0,D,5,1,518625,78.95,2004,46,63.99,63.67
9750,Historical,54312,0,0,D,6,1,79742,106.39,2007,72,63.99,43.99
9751,Historical,54311,1,2,D,5,1,68192,76.89,2003,90,63.99,38.99
9752,Historical,199067,1,2,D,2,1,1040966,64.95,2002,28,57.34,41.88
9753,Historical,199066,0,0,D,2,1,2711183,156,2002,10,57.34,89.44
9754,Historical,226548,0,0,D,1,0,2314123,139.95,2003,14,78.15,62.99
9755,Historical,2852906,0,0,D,1,0,3945566,55,2005,11,39.44,25.04
9756,Historical,202225,0,0,D,2,1,2073553,171.95,2000,25,109.98,19.33
9757,Historical,128971,0,0,D,2,1,1570327,110,2004,19,53.98,57.97
9758,Historical,634064,1,1,D,0,0,1098971,74.5,1999,18,53.98,39.99
9759,Historical,265880,0,0,D,0,0,2857370,68,2002,13,9.58,71.97
9760,Historical,270089,0,0,D,2,1,853492,210,2009,40,9.58,175.79
9761,Historical,640179,0,0,D,3,1,366951,115,1998,28,299.73,101.57
9762,Historical,874802,0,0,D,4,1,1118541,40.08,1982,33,299.73,38.99
9763,Historical,275169,1,1,D,2,1,767765,95,2001,19,126.88,78.98
9764,Historical,3089413,1,1,D,7,1,2813105,33.28,2004,11,92.89,112.41
9765,Historical,577644,0,0,D,3,1,87593,49.95,2001,24,81.21,69.63
9766,Historical,197706,1,1,D,4,1,298138,56.95,2007,22,23.94,74.65
9767,Historical,533270,1,2,D,6,1,103911,231.95,2012,70,98.99,102.52
9768,Historical,117952,1,1,D,9,1,91648,74.4,2005,30,53.74,13.99
9769,Historical,58354,1,5,D,4,1,395434,157.95,2005,47,98.99,22.94
9770,Historical,132485,0,0,D,3,1,140079,127.4,2007,35,87.98,79.99
9771,Historical,170461,0,0,D,5,1,223318,46.83,2008,64,41.52,23.73
9772,Historical,58355,0,0,D,5,1,350381,253.95,2009,62,98.99,55.04
9773,Historical,169178,0,0,D,3,1,395114,108.95,2006,47,78.99,11.96
9774,Historical,170055,1,4,D,4,1,248590,186.95,2010,46,98.99,92.87
9775,Historical,291011,1,3,D,1,0,832086,56.8,2007,73,67.54,6.59
9776,Historical,170478,1,5,D,2,1,30574,18.09,2011,66,67.54,23.91
9777,Historical,132021,1,1,D,2,1,3207544,97.4,2005,39,87.98,11.99
9778,Historical,50521,0,0,D,7,1,57802,226.95,2009,66,125.59,48.99
9779,Historical,609833,0,0,D,8,1,76035,205.95,2012,58,125.59,0
9780,Historical,50520,1,1,D,6,1,382710,249.95,2006,91,125.59,71.34
9781,Historical,161864,0,0,D,14,1,33910,125,2008,44,198.33,60.68
9782,Historical,696873,0,0,D,2,1,4303577,54.95,1998,32,39.97,43.09
9783,Historical,549565,0,0,D,3,1,454399,62.95,2003,22,39.97,19.94
9784,Historical,166968,0,0,D,4,1,535433,95,2006,44,76.49,69.87
9785,Historical,635474,0,0,D,0,0,914935,133.25,1988,39,35.99,62.39
9786,Historical,113292,0,0,D,1,0,1956366,143,2006,23,34.84,90.99
9787,Historical,758634,0,0,D,1,0,1000297,125,1998,28,72.23,47.55
9788,Historical,51773,0,0,D,4,1,500337,342.95,2000,106,140.44,18.9
9789,Historical,249834,1,1,D,1,0,774356,151.95,2007,48,112.81,121.65
9790,Historical,161835,1,3,D,11,1,87635,120,2008,62,59.01,65.33
9791,Historical,164490,1,4,D,1,0,540753,175,2003,25,162.02,124.83
9792,Historical,165272,0,0,D,2,1,1774508,75,2001,37,48.79,8.99
9793,Historical,2345469,0,0,D,1,0,765546,44.95,1992,44,48.01,23.92
9794,Historical,164998,0,0,D,1,0,531710,70,2001,33,43.99,46.52
9795,Historical,919022,0,0,D,1,0,1509496,53.95,2006,31,33.71,8.27
9796,Historical,300095,0,0,D,0,0,1307586,72,2004,100,73.93,13.46
9797,Historical,266977,0,0,D,10,1,627691,96,2008,44,73.93,20.01
9798,Historical,266978,0,0,D,10,1,1348213,26.64,2008,18,73.93,20.18
9799,Historical,533979,0,0,D,3,1,34977,55,2007,115,38.23,41.38
9800,Historical,173403,0,0,D,1,0,3841946,134.99,2002,18,89.89,66.6
9801,Historical,166808,0,0,D,4,1,542634,53.68,2009,74,46.23,41.53
9802,Historical,267164,0,0,D,0,0,567195,280,2007,29,132,238.14
9803,Historical,913572,0,0,D,0,0,5287618,30.55,1994,30,33.67,17.56
9804,Historical,2619015,0,0,D,1,0,3132319,36.95,1995,17,6.45,19.14
9805,Historical,1946589,1,1,D,1,0,225149,42.5,2014,6,0,40.75
9806,Historical,158289,0,0,D,1,0,1092534,56.95,2009,43,48.63,47.99
9807,Historical,110224,0,0,D,1,0,434954,12.99,2010,66,28.88,6.71
9808,Historical,132558,0,0,D,7,1,634190,136.2,2008,31,50.39,103.99
9809,Historical,60091,0,0,D,6,1,626945,95,2004,57,50.39,33.41
9810,Historical,169381,0,0,D,12,1,351339,255.95,2008,34,106.92,58.99
9811,Historical,60092,0,0,D,11,1,809300,245.95,2004,42,106.92,16.65
9812,Historical,608566,0,0,D,10,1,212720,86.95,1999,46,106.92,30.89
9813,Historical,2367828,0,0,D,2,1,2459264,47.88,1990,26,48.98,51.87
9814,Historical,602664,0,0,D,4,1,190298,87.5,2011,47,70.93,56.33
9815,Historical,597965,0,0,D,2,1,101224,42.95,2004,65,29.63,50.13
9816,Historical,2531370,0,0,D,2,1,1453381,150,1995,20,29.64,35.64
9817,Historical,256109,1,1,D,0,0,603260,37.95,2002,37,25.59,40.07
9818,Historical,529803,0,0,D,4,1,528048,70,2012,24,29.43,69.34
9819,Historical,116011,0,0,D,4,1,1519725,128.33,2004,83,31.81,4
9820,Historical,54454,0,0,D,5,1,294100,176,2007,221,31.81,13.59
9821,Historical,118072,1,2,D,3,1,296691,128.6,2006,109,98.45,55.83
9822,Historical,120699,0,0,D,4,1,15659,157.8,2009,87,98.45,61.86
9823,Historical,874697,1,3,D,3,1,4018155,98.83,2007,40,89.45,95.85
9824,Historical,56429,1,4,D,2,1,334988,97.3,2001,31,89.45,43.98
9825,Historical,56430,1,1,D,3,1,520839,48.98,2006,34,89.45,48.98
9826,Historical,108837,1,1,D,3,1,1553998,0,2006,17,98.04,97.65
9827,Historical,56421,1,11,D,2,1,1277122,23.92,2001,68,98.04,23.92
9828,Historical,56422,1,1,D,3,1,181801,53.98,2006,64,98.04,49.87
9829,Historical,190418,0,0,D,1,0,875273,75.65,1999,45,71.5,21.34
9830,Historical,56424,0,0,D,3,1,346202,28.46,2006,39,71.5,50.75
9831,Historical,107590,1,9,D,2,1,340574,66.56,2002,56,71.5,18.91
9832,Historical,245167,1,1,D,5,1,1942733,117.95,2005,39,91.99,13.99
9833,Historical,290985,0,0,D,7,1,188350,187.95,2011,50,91.99,55.98
9834,Historical,252047,0,0,D,6,1,768767,198.95,2008,71,91.99,49.96
9835,Historical,52920,0,0,D,6,1,226724,161.8,2011,69,82.15,28.99
9836,Historical,52918,0,0,D,4,1,2336562,113.33,2005,82,82.15,10.47
9837,Historical,52919,0,0,D,5,1,928241,136,2008,64,82.15,15.99
9838,Historical,117370,0,0,D,2,1,109132,146.6,2006,75,96.77,62.23
9839,Historical,60093,1,1,D,1,0,190882,81.2,2001,47,96.77,19.39
9840,Historical,405189,0,0,D,1,0,677200,67.95,2005,37,0,48.82
9841,Historical,50741,1,4,D,10,1,153531,86.81,2005,53,88.96,30.58
9842,Historical,50742,0,0,D,11,1,43789,73.99,2008,77,88.96,48.99
9843,Historical,60094,0,0,D,10,1,440638,68.5,2006,53,88.96,51.63
9844,Historical,532749,0,0,D,4,1,231891,90,2010,98,33,33.99
9845,Historical,60095,0,0,D,3,1,460716,76.2,2008,56,33,11.24
9846,Historical,118503,0,0,D,3,1,920018,151.2,2007,40,133.73,61.32
9847,Historical,54251,0,0,D,3,1,231695,179.6,2007,68,133.73,78.89
9848,Historical,54250,0,0,D,2,1,596567,229,2004,46,133.73,65.99
9849,Historical,557598,0,0,D,4,1,136038,90,2010,106,7.89,46.88
9850,Historical,868211,0,0,D,3,1,1062631,68,2008,17,7.89,7.04
9851,Historical,613164,0,0,D,3,1,1907361,50.8,2008,78,16.85,8.14
9852,Historical,133322,0,0,D,4,1,662457,62.2,2010,59,16.85,18.47
9853,Historical,133323,1,1,D,4,1,166852,90,2010,80,23.99,37.48
9854,Historical,116682,1,6,D,2,1,1081989,111.8,2004,93,95.24,16.46
9855,Historical,421731,1,1,D,3,1,88139,143.8,2007,104,95.24,51.04
9856,Historical,53771,0,0,D,3,1,36432,143.8,2007,109,92.99,58.83
9857,Historical,403030,0,0,D,2,1,121775,107.4,2005,98,92.99,18.59
9858,Historical,118005,1,1,D,3,1,413011,132.6,2005,60,61.3,49.82
9859,Historical,534374,1,3,D,1,0,86031,49.95,1993,67,23.9,40.99
9860,Historical,3558677,1,2,D,3,1,2014959,35,1994,32,0,25.99
9861,Historical,117316,0,0,D,0,0,2940040,29.95,2005,20,24.58,23.99
9862,Historical,60943,1,4,D,8,1,693976,130,2005,50,90.11,53.23
9863,Historical,608331,0,0,D,2,1,2582012,59.95,2000,45,31.93,7.23
9864,Historical,868287,0,0,D,1,0,1192951,0,1988,11,79.93,10003.97
9865,Historical,110429,1,2,D,3,1,38949,124,2011,63,80.25,46.81
9866,Historical,871203,1,3,D,1,0,632808,29.95,2008,18,50.49,9.94
9867,Historical,550758,0,0,D,0,0,3522780,7.13,2007,29,81.5,7.05
9868,Historical,111911,0,0,D,4,1,132614,14.91,2011,49,81.5,80.13
9869,Historical,205365,0,0,D,0,0,2543470,49.95,1999,21,26.33,61.07
9870,Historical,553694,0,0,D,5,1,311701,74.33,1998,47,39.92,20.64
9871,Historical,60944,1,2,D,7,1,302909,132,2007,60,63.51,27.99
9872,Historical,714305,0,0,D,5,1,1519643,84.6,2001,30,63.51,23.76
9873,Historical,607291,0,0,D,6,1,305133,106.2,2004,35,63.51,28.99
9874,Historical,532740,0,0,D,2,1,587250,49.99,2012,32,31.99,17.02
9875,Historical,2502907,0,0,D,0,0,2796291,99,1999,21,159.99,132.31
9876,Historical,281682,0,0,D,0,0,2972394,99.99,1998,15,31.87,153.99
9877,Historical,165528,1,1,D,1,0,466951,89.95,2005,48,36.36,48.5
9878,Historical,169088,0,0,D,1,0,761447,146.95,2006,37,81.38,29.94
9879,Historical,607939,0,0,D,8,1,403702,57,2006,44,31.38,13.46
9880,Historical,287614,0,0,D,9,1,713679,59.2,2008,54,31.38,18.87
9881,Historical,50050,1,1,D,6,1,282711,16.16,2003,67,78.46,17.99
9882,Historical,123966,0,0,D,1,0,199922,98.95,2001,65,53.87,13
9883,Historical,115208,0,0,D,4,1,1207092,73.33,2000,58,40.38,27.97
9884,Historical,286060,0,0,D,5,1,1012505,115.8,2004,69,40.38,15.04
9885,Historical,800096,1,1,D,1,0,291587,85,2004,30,72.46,61.67
9886,Historical,614494,0,0,D,0,0,543690,31.95,1987,57,35.41,27.94
9887,Historical,264071,0,0,D,3,1,1173989,69.95,2008,34,65,36.37
9888,Historical,117576,0,0,D,2,1,59613,125.4,2003,79,58.99,63.92
9889,Historical,115128,0,0,D,2,1,324045,76.67,2000,51,58.99,34.53
9890,Historical,917313,0,0,D,1,0,1671621,44.95,2004,34,34.85,7.98
9891,Historical,192633,0,0,D,2,1,2169917,129,1997,17,106.73,51.48
9892,Historical,60096,1,3,D,5,1,1235897,124,2003,53,103.96,20.99
9893,Historical,58145,1,5,D,3,1,825134,135.4,2007,79,150.37,13.26
9894,Historical,58142,0,0,D,4,1,24867,181.8,2011,109,150.37,49.41
9895,Historical,130010,0,0,D,4,1,1267862,123.4,2001,28,53.99,23.49
9896,Historical,121529,0,0,D,2,1,125494,132,2002,74,123.98,84.77
9897,Historical,613873,1,1,D,1,0,792104,81,1995,81,123.98,22.98
9898,Historical,791439,0,0,D,3,1,4909984,90,1997,36,53.99,20.64
9899,Historical,243499,0,0,D,1,0,785313,134.95,2007,20,29.48,51.81
9900,Historical,613134,0,0,D,2,1,851452,18.49,1984,101,15.75,14.99
9901,Historical,52863,0,0,D,2,1,500053,112,2004,45,51.89,25.94
9902,Historical,52864,1,2,D,3,1,640379,157.4,2007,66,51.89,7.99
9903,Historical,57749,0,0,D,2,1,843486,104.6,2004,41,88.98,29.3
9904,Historical,57751,0,0,D,3,1,1149596,141,2007,63,88.98,16.92
9905,Historical,57756,0,0,D,3,1,549450,141,2007,55,50.49,15.98
9906,Historical,57754,1,1,D,2,1,2190990,104.6,2004,32,50.49,14.42
9907,Historical,336394,0,0,D,1,0,2947237,56.95,2002,23,49.99,57.25
9908,Historical,292901,1,1,D,8,1,2430844,54.88,1997,25,9.96,14.28
9909,Historical,677528,1,1,D,0,0,277511,26,1988,38,22.44,42.39
9910,Historical,274935,1,2,D,3,1,2949656,175,2007,18,158.83,73.73
9911,Historical,894197,1,3,D,4,1,4569416,155,1996,18,224.94,73.37
9912,Historical,664151,0,0,D,1,0,394046,119,2013,14,0,0
9913,Historical,641149,1,1,D,1,0,2191498,235,2010,21,134.74,15
9914,Historical,3577842,1,1,D,0,0,4988718,56.95,1994,23,0,8.74
9915,Historical,134927,0,0,D,0,0,1140023,58,2009,29,62.91,55.53
9916,Historical,714378,0,0,D,4,1,1773854,66.4,2001,36,62.14,33.81
9917,Historical,118059,0,0,D,5,1,391273,87.6,2006,29,62.14,67.91
9918,Historical,118439,0,0,D,3,1,1610104,48.4,2007,33,4.02,35.04
9919,Historical,130608,1,1,D,10,1,18762,56.2,2011,45,51.49,53.96
9920,Historical,54341,1,1,D,9,1,127816,44.33,2009,82,51.49,13.99
9921,Historical,910638,0,0,D,0,0,4708104,135,1998,23,128.11,10.06
9922,Historical,607199,0,0,D,4,1,3127102,39.6,1999,31,31.98,8.34
9923,Historical,57737,0,0,D,6,1,1034970,70,2007,42,31.98,35.89
9924,Historical,607165,1,1,D,5,1,2995213,61.4,2002,32,31.98,10.74
9925,Historical,57739,0,0,D,5,1,2193950,61.4,2003,44,22.22,27.96
9926,Historical,57740,0,0,D,6,1,351092,70,2007,38,22.22,35.58
9927,Historical,293192,1,1,D,0,0,1419292,32.95,2004,29,28.17,20.28
9928,Historical,193599,0,0,D,2,1,816254,36.95,2009,72,28.17,8.96
9929,Historical,614459,0,0,D,1,0,1474535,67,2000,59,54.53,8.49
9930,Historical,2169565,0,0,D,0,0,1306357,315.95,2014,24,0,236.66
9931,Historical,897896,0,0,D,1,0,3993449,89.95,1991,17,62.59,37.74
9932,Historical,2654011,0,0,D,2,1,1219515,66,1992,26,26.98,49.49
9933,Historical,286437,0,0,D,6,1,200036,192.8,2010,40,121.1,92.82
9934,Historical,118810,0,0,D,5,1,625797,133,2006,49,121.1,33.99
9935,Historical,115272,0,0,D,4,1,1046205,97,2002,61,121.1,15.94
9936,Historical,131964,1,3,D,3,1,790976,128,2005,63,150.54,31.27
9937,Historical,919482,0,0,D,4,1,111524,161.8,2009,37,150.54,58.65
9938,Historical,121209,0,0,D,5,1,36517,113.2,2010,52,78.38,86.99
9939,Historical,132232,0,0,D,4,1,792678,78.67,2006,53,78.38,10.99
9940,Historical,247552,0,0,D,3,1,900043,67,2005,48,36.97,5.99
9942,Historical,532698,1,4,D,7,1,15047,159.6,2011,59,63.04,185.64
9943,Historical,54652,1,5,D,6,1,239882,124.33,2008,58,63.04,39.65
9944,Historical,54653,1,1,D,5,1,1872159,102,2005,60,63.04,8.49
9945,Historical,912109,0,0,D,1,0,3397542,65,1996,26,43.46,11.02
9946,Historical,275305,0,0,D,1,0,521139,40,2004,33,22.19,18.94
9947,Historical,60098,1,1,D,6,1,818272,109.67,2004,70,71.07,8.49
9948,Historical,713909,0,0,D,5,1,3649915,90,2000,38,71.07,8.99
9949,Historical,607345,0,0,D,3,1,1277737,78.67,2006,41,60.41,30.39
9950,Historical,121139,1,1,D,4,1,436371,103,2010,43,60.41,49.62
9951,Historical,132209,0,0,D,1,0,361678,75,2006,43,41.78,38.76
9952,Historical,192675,0,0,D,1,0,4570038,42.95,1999,28,23.49,18.99
9953,Historical,2622962,0,0,D,2,1,6817418,100.6,2003,14,37.18,100.6
9954,Historical,131560,0,0,D,3,1,2680522,133.27,2002,31,75.8,14.64
9955,Historical,132341,0,0,D,4,1,638983,161.8,2008,26,75.8,38.99
9956,Historical,2893379,0,0,D,0,0,5515180,50,1991,18,0,23.99
9957,Historical,659137,0,0,D,1,0,4244738,240.95,2009,17,0,112.68
9958,Historical,51451,0,0,D,10,1,160555,173.95,2006,89,122.18,28.94
9959,Historical,205633,0,0,D,1,0,1106357,52,1999,47,39.21,7.98
9960,Historical,888865,0,0,D,2,1,1291411,71.43,2012,10,136.21,52.8
9961,Historical,868357,0,0,D,1,0,802732,224.95,2006,49,136.21,53.92
9962,Historical,56522,0,0,D,1,0,1031748,34,2003,73,40.73,13.99
9963,Historical,875681,1,1,D,5,1,1212937,38.17,2007,46,94.47,25.04
9964,Historical,286242,0,0,D,5,1,181176,80.2,2007,60,94.47,17.33
9965,Historical,119013,0,0,D,6,1,28530,113.2,2011,65,94.47,58.53
9966,Historical,132616,0,0,D,3,1,81367,137.2,2008,47,104.63,35.99
9967,Historical,60099,1,1,D,2,1,1498432,102,2005,47,104.63,9.95
9968,Historical,57582,0,0,D,2,1,1752389,181.95,1998,22,180.74,51.99
9969,Historical,57580,1,1,D,3,1,292499,257.95,2004,33,180.74,58.25
9970,Historical,51450,0,0,D,9,1,302069,21.97,2003,48,122.18,19.42
9971,Historical,659467,0,0,D,0,0,1459463,180,1997,19,117.11,42.32
9972,Historical,2555202,0,0,D,0,0,121589,68,1981,63,35.49,25
9973,Historical,874843,1,1,D,1,0,310050,45,2004,75,99.7,12.99
9974,Historical,58141,1,1,D,3,1,322466,120,2006,52,84.99,19.4
9975,Historical,58140,0,0,D,4,1,84086,158.6,2010,67,84.99,20.57
9976,Historical,240894,1,1,D,4,1,264521,70,2001,121,99.7,13.28
9977,Historical,269564,1,1,D,1,0,803721,97.95,2008,31,89.82,44.98
9978,Historical,132006,0,0,D,7,1,1778277,118.67,2005,38,27.98,10.49
9979,Historical,132584,0,0,D,9,1,304569,74.6,2008,34,55.01,29.49
9980,Historical,132040,0,0,D,8,1,685513,58.2,2005,50,55.01,11.99
9981,Historical,121365,1,1,D,7,1,43051,175.2,2009,63,116.68,93.99
9982,Historical,60100,1,1,D,6,1,602717,117.33,2006,49,116.68,26.84
9983,Historical,247881,0,0,D,2,1,916302,66.95,2007,49,66.2,45.83
9984,Historical,248186,0,0,D,3,1,344080,80,2011,60,66.2,33.99
9985,Historical,2067097,0,0,D,2,1,2078735,99.95,2009,14,92.35,62.68
9987,Historical,532689,0,0,D,5,1,300868,230.95,2006,41,88.08,53.15
9988,Historical,649299,0,0,D,1,0,1347929,72.45,2002,24,64.09,86.23
9989,Historical,421474,1,1,D,2,1,55943,68.6,2011,105,40.78,43.98
9990,Historical,116116,1,2,D,1,0,1283148,56,2007,31,40.78,16.94
9991,Historical,1615850,0,0,D,3,1,319282,54.99,2011,30,10.43,43.99
9992,Historical,534185,1,2,D,1,0,373962,77.95,2010,48,35.45,28.98
9993,Historical,538427,0,0,D,4,1,1955111,126.25,2006,40,63.5,32.74
9994,Historical,536557,1,2,D,7,1,20876,176.2,2012,91,64.75,94.25
9995,Historical,51598,0,0,D,5,1,176142,129.8,2006,75,64.75,37.71
9996,Historical,146136,1,1,D,6,1,92842,144.93,2009,108,64.75,32.99
9997,Historical,606963,0,0,D,5,1,684137,138.5,2007,21,63.5,31.98
9998,Historical,109225,0,0,D,4,1,2856443,4.97,2005,28,63.5,41.49
9999,Historical,117938,0,0,D,5,1,1057241,125.9,2004,38,91.02,10.64
10000,Historical,116617,1,1,D,5,1,482854,118.2,2005,68,91.02,15.57
10001,Historical,288722,0,0,D,7,1,1418797,110.27,2010,24,56.6,53.59
10002,Historical,120947,0,0,D,6,1,1016699,89.4,2007,60,56.6,10.58
10003,Historical,146486,0,0,D,7,1,109900,103.6,2010,78,56.6,50.84
10004,Historical,120948,0,0,D,6,1,362919,89.4,2007,43,55.72,7.39
10005,Historical,146487,0,0,D,7,1,49734,103.6,2010,51,55.72,46.56
10006,Historical,116021,0,0,D,5,1,2528731,70,2004,29,55.72,8.99
10008,Historical,2529346,0,0,D,0,0,4308976,54.95,1994,15,38.94,69.56
10009,Historical,231847,1,1,D,1,0,1879654,49,1998,24,33.6,15.18
10010,Historical,2647768,0,0,D,1,0,2905431,33.95,1996,28,24.73,44.31
10011,Historical,2405225,0,0,D,0,0,1146826,24.95,1990,42,0,19.98
10012,Historical,2681237,0,0,D,1,0,5267275,49,1989,28,32.6,40.03
10013,Historical,650881,0,0,D,0,0,782351,125,1994,16,84.66,105.73
10014,Historical,920323,0,0,D,0,0,634047,32,2005,36,33.49,39.97
10015,Historical,622774,0,0,D,2,1,323230,50,2005,57,33.49,25.99
10016,Historical,631260,0,0,D,3,1,2513286,104.95,1999,29,45.64,39.16
10017,Historical,778100,0,0,D,4,1,952741,195.95,2005,30,45.64,28.87
10018,Historical,609654,1,1,D,3,1,2473324,48.95,2006,19,52.54,25.35
10019,Historical,255798,0,0,D,4,1,532279,56.95,2009,32,52.54,50.47
10020,Historical,123906,0,0,D,14,1,870525,230.95,2002,92,113.34,13.98
10021,Historical,272100,0,0,D,15,1,573799,196.95,2009,45,113.34,111.22
10022,Historical,616424,1,1,D,5,1,469037,20.04,1993,45,42.69,70.88
10023,Historical,300445,1,4,D,1,0,71822,79.99,2008,60,40.36,62.95
10024,Historical,534535,0,0,D,2,1,12528,79.99,2012,51,40.36,60.93
10025,Historical,112790,0,0,D,2,1,2662266,220,2005,10,123.99,36.99
10026,Historical,645835,0,0,D,1,0,1006637,85,2000,25,64.96,91.97
10027,Historical,2679786,0,0,D,0,0,7532197,235,1994,16,169.01,45.71
10029,Historical,804314,0,0,D,2,1,3190681,138,2007,19,79.04,42.33
10030,Historical,629644,0,0,D,1,0,1144466,109,2002,25,79.04,45.53
10031,Historical,648376,0,0,D,2,1,638510,79.95,2005,18,65.87,118.05
10032,Historical,3112811,0,0,D,1,0,6806411,378,2005,8,143.62,157.65
10033,Historical,774541,1,2,D,1,0,3644782,225,2000,19,157.94,54.37
10034,Historical,56223,1,1,D,4,1,76358,79.95,2006,69,50.99,92.4
10035,Historical,789413,0,0,D,1,0,1869470,129,2005,21,162.9,108.27
10036,Historical,362165,0,0,D,1,0,6662734,195,1998,18,166.89,63.85
10037,Historical,2678762,0,0,D,0,0,4167344,225,1992,21,109.71,58.37
10038,Historical,3147594,0,0,D,0,0,6695721,369,2004,12,77.99,133.44
10039,Historical,905389,0,0,D,1,0,2805224,99,2003,16,164.66,40.5
10040,Historical,261710,0,0,D,2,1,3851228,99,2005,14,164.66,53.79
10041,Historical,789571,1,1,D,1,0,1250045,141,2008,53,67.3,91.31
10042,Historical,628666,1,1,D,2,1,372174,163.99,2011,51,67.3,71.47
10043,Historical,2551285,1,1,D,2,1,4089023,143,2003,12,55.39,525.39
10044,Historical,608023,0,0,D,5,1,389560,184.95,2007,32,104.24,88.98
10045,Historical,147017,1,1,D,4,1,853088,145,2002,44,104.24,34.98
10046,Historical,192575,0,0,D,2,1,146902,299,2006,26,0,74.16
10047,Historical,204129,0,0,D,4,1,1230125,132.99,2007,14,89.94,57
10048,Historical,2664411,0,0,D,6,1,4349919,44.95,1998,18,17.99,46.5
10049,Historical,774783,0,0,D,2,1,3159856,152,1999,28,37.43,27.98
10050,Historical,109293,0,0,D,6,1,901855,52.99,2008,12,58.92,33.84
10051,Historical,869795,1,2,D,4,1,318877,0,2002,21,58.92,50.62
10052,Historical,3514069,0,0,D,1,0,5685055,95,1993,12,0,0
10053,Historical,277976,0,0,D,1,0,1121944,55.95,2003,19,0,31.73
10054,Historical,159470,0,0,D,2,1,794777,72.95,2008,26,0,0
10055,Historical,900609,0,0,D,1,0,2308816,183.95,2009,20,98.76,50.81
10056,Historical,804429,0,0,D,2,1,2631218,145,2008,12,78.49,100.75
10057,Historical,632690,0,0,D,1,0,2813129,109,2002,26,78.49,45.89
10058,Historical,2678446,0,0,D,0,0,5900456,210,1989,10,201.59,675
10059,Historical,2679288,0,0,D,1,0,5469522,205,1993,8,151.19,2633
10060,Historical,156999,0,0,D,8,1,2709723,81.95,2003,21,18.99,49.15
10061,Historical,166864,0,0,D,2,1,708517,155,2006,28,124.92,78.29
10062,Historical,868047,0,0,D,0,0,2699921,56.95,1977,41,30.01,33.98
10063,Historical,270904,0,0,D,1,0,749658,59,2010,15,0,0
10064,Historical,651621,0,0,D,1,0,1932152,107,2008,23,55.66,86.68
10065,Historical,2107915,0,0,D,0,0,65102,43.96,2014,15,28.99,26.9
10066,Historical,2089403,0,0,D,0,0,252785,10.99,2015,19,28.99,9.68
10067,Historical,765028,1,1,D,4,1,1029068,52.95,2000,34,91.41,42.54
10068,Historical,1591220,0,0,D,1,0,7756166,120,2010,14,0,44.21
10069,Historical,285330,0,0,D,7,1,2375289,11.93,2005,24,39.21,8.08
10070,Historical,60102,0,0,D,8,1,241633,288.95,2007,48,152.88,32.86
10071,Historical,178045,0,0,D,7,1,240602,329.95,2004,70,152.88,18.96
10072,Historical,539034,0,0,D,7,1,209659,64.95,2013,32,34.09,45.99
10073,Historical,135644,0,0,D,6,1,781601,54.95,2009,33,34.09,7.72
10074,Historical,227511,0,0,D,1,0,4288754,69,2000,22,48.52,27.16
10075,Historical,643350,0,0,D,1,0,5002926,89.95,2000,16,57.34,45
10076,Historical,269534,0,0,D,1,0,1063560,79.95,2008,31,79.76,28.8
10077,Historical,203993,0,0,D,1,0,623823,94.99,2008,45,39.57,10.16
10078,Historical,603626,0,0,D,2,1,3711085,0,2007,21,48.52,68.05
10079,Historical,654572,0,0,D,2,1,1909454,89.99,2007,24,0,63.52
10080,Historical,639329,1,2,D,1,0,1167968,45,2008,21,46.03,53.98
10081,Historical,50314,0,0,D,8,1,352867,400.95,2011,67,195.14,27.95
10082,Historical,112033,0,0,D,3,1,867553,50.49,2010,26,52.43,49.25
10083,Historical,50308,0,0,D,14,1,40220,281.2,2011,76,143.93,63.34
10084,Historical,111681,0,0,D,5,1,52268,113.05,2012,104,153.36,33.99
10085,Historical,50310,0,0,D,13,1,218759,233.33,2009,128,143.93,43.85
10086,Historical,614776,0,0,D,7,1,1146603,288.3,2009,29,126.37,11.39
10087,Historical,54774,0,0,D,7,1,952307,18.01,2009,98,126.37,19.73
10088,Historical,1452305,0,0,D,1,0,2982621,189.47,2012,9,179.92,134.28
10089,Historical,285526,1,1,D,4,1,572627,19.47,2010,75,153.36,19.99
10090,Historical,544472,1,2,D,9,1,56404,364.95,2013,63,195.14,68.99
10091,Historical,50313,0,0,D,7,1,1337170,385.95,2009,57,195.14,8.54
10092,Historical,50312,0,0,D,6,1,2091704,333.95,2007,44,195.14,5.46
10093,Historical,628703,1,2,D,1,0,273790,99.95,2010,31,0,0
10094,Historical,564483,0,0,D,1,0,1748364,47.5,2000,18,0,0
10095,Historical,648813,0,0,D,1,0,2105921,89.95,2007,14,93.95,33.98
10097,Historical,58317,1,2,D,3,1,233155,74.95,2006,102,58.99,14.98
10098,Historical,2786916,0,0,D,1,0,1101929,80,1999,21,51.96,209.11
10099,Historical,159577,0,0,D,3,1,1511524,81.95,2007,21,57.82,83.93
10100,Historical,532642,0,0,D,3,1,543702,117.99,2008,27,66.99,35.01
10101,Historical,862641,0,0,D,2,1,267986,55.5,1996,30,86.93,45.99
10102,Historical,260008,1,2,D,7,1,671999,112,2008,80,73.98,10.65
10103,Historical,118552,0,0,D,1,0,1020996,39.8,2008,32,41.39,45.71
10104,Historical,249952,1,3,D,5,1,17803,259.95,2008,34,178.99,63.07
10105,Historical,870189,0,0,D,0,0,1677025,66.64,2004,16,62.41,63.99
10106,Historical,266949,1,1,D,4,1,1416051,64,2004,32,62.41,57.97
10107,Historical,599123,0,0,D,10,1,544525,82,2005,36,85.1,52.87
10108,Historical,690397,0,0,D,10,1,299552,26.64,2005,16,85.1,21.25
10109,Historical,2070420,0,0,D,3,1,1310253,24,2008,13,54.32,24
10110,Historical,270762,0,0,D,0,0,741288,74.64,2012,48,23,15.86
10111,Historical,546703,0,0,D,0,0,837940,77.28,2013,47,23,32.74
10112,Historical,270745,0,0,D,0,0,576831,69,2010,39,23,10.49
10113,Historical,618559,0,0,D,19,1,897265,102.64,2011,32,116.61,73.09
10114,Historical,270760,0,0,D,18,1,659022,99,2010,59,116.61,23.98
10115,Historical,392954,1,1,D,17,1,93502,94.6,2009,30,116.61,75.48
10116,Historical,788304,0,0,D,1,0,6114446,106.95,2001,10,6.33,103.75
10118,Historical,117046,0,0,D,0,0,4523528,99,2007,19,0,18.99
10119,Historical,118557,0,0,D,1,0,5216964,98.6,2006,18,0,17.62
10120,Historical,110054,0,0,D,0,0,2716155,0,2008,22,48.93,82.08
10121,Historical,110569,0,0,D,0,0,2507185,43.71,2005,37,48.93,7.4
10122,Historical,2919170,0,0,D,1,0,374720,24.99,2014,11,41.96,18.88
10123,Historical,243857,0,0,D,1,0,2063311,140.95,2010,43,25.87,48.92
10124,Historical,244128,0,0,D,1,0,896874,152.95,2011,42,25.87,152.95
10125,Historical,298868,0,0,D,1,0,1002086,120.95,2009,25,25.87,22.29
10126,Historical,120106,1,1,D,4,1,608804,157.6,2009,21,89.99,94.57
10127,Historical,118837,0,0,D,3,1,93974,231,2007,39,181.52,69.17
10128,Historical,115209,1,1,D,2,1,366765,143,2000,31,181.52,56.37
10129,Historical,539277,0,0,D,6,1,107793,170.8,2013,32,79.24,132.85
10130,Historical,870575,0,0,D,4,1,2419873,160.8,2007,25,79.24,99.94
10131,Historical,644360,1,1,D,6,1,91888,171,2013,37,105.89,154.64
10132,Historical,551849,0,0,D,3,1,3372459,80,2003,17,105.89,18.49
10133,Historical,120275,1,1,D,3,1,292001,146.4,2010,27,102.34,22.74
10134,Historical,2259034,0,0,D,3,1,3525401,83.99,2010,38,0,83.99
10135,Historical,627818,0,0,D,4,1,75536,166,2013,22,102.34,133.29
10136,Historical,553532,1,1,D,2,1,1963936,113.33,2008,32,102.34,63.16
10137,Historical,712387,0,0,D,0,0,4861532,104.8,2002,14,103.83,8.96
10138,Historical,646425,0,0,D,3,1,293730,146.4,2009,19,103.83,70.84
10139,Historical,253928,1,1,D,6,1,317526,207.95,2010,54,118.99,97.79
10140,Historical,120213,0,0,D,7,1,289239,159.2,2010,26,106.99,76.22
10141,Historical,120075,0,0,D,6,1,242185,160.8,2008,25,106.99,34.02
10142,Historical,285955,0,0,D,5,1,2777324,99,2004,26,106.99,18.74
10143,Historical,119079,0,0,D,3,1,272837,160.8,2011,28,125.48,79.9
10144,Historical,644733,0,0,D,8,1,1347288,67,2011,22,58.35,97.99
10146,Historical,119107,1,2,D,6,1,119841,160.8,2011,28,129.97,82.98
10147,Historical,116070,0,0,D,4,1,1716606,126.6,2005,21,129.97,74.56
10148,Historical,898003,0,0,D,1,0,5939828,59.95,2000,16,44.97,45.99
10149,Historical,244966,1,2,D,2,1,1433438,217.95,2003,45,129.6,28.99
10150,Historical,629818,0,0,D,1,0,3783378,131.95,2007,18,104.55,8.98
10151,Historical,2260227,1,4,D,0,0,7689266,66.57,2008,33,0,55.72
10152,Historical,118168,0,0,D,1,0,527857,116.8,2008,21,83.97,32.96
10153,Historical,120793,0,0,D,5,1,523685,146.4,2009,25,36.94,93.96
10154,Historical,118450,1,2,D,4,1,1588694,144.8,2007,28,36.94,23.99
10155,Historical,618877,0,0,D,4,1,2081206,208.95,2006,29,117.43,36.99
10156,Historical,545246,1,2,D,5,1,254424,197.95,2010,22,5.97,47.98
10157,Historical,807050,1,1,D,3,1,1275372,81.95,2006,28,33.99,86.81
10158,Historical,875997,1,1,D,5,1,2142478,0,2010,10,102.26,0
10159,Historical,251992,0,0,D,5,1,70892,158.95,2009,44,102.26,83.89
10160,Historical,421752,1,1,D,3,1,324167,131.8,2008,25,124.45,83.67
10161,Historical,115605,1,1,D,2,1,1362717,117.2,2002,30,124.45,67.39
10162,Historical,2400795,0,0,D,4,1,6370634,298.5,2002,17,336.47,150.11
10163,Historical,159536,0,0,D,1,0,3518249,136,2003,11,217.15,120
10164,Historical,616757,0,0,D,5,1,632883,191.95,2006,37,89.46,41.68
10165,Historical,110473,0,0,D,2,1,245687,24.49,2007,103,53.99,24
10166,Historical,108272,0,0,D,1,0,1584110,33.75,2006,65,198.94,33.16
10167,Historical,110271,0,0,D,2,1,368100,236.25,2009,133,122.86,17.98
10168,Historical,56947,0,0,D,5,1,1601248,33.97,2002,36,88.8,20.96
10169,Historical,644566,0,0,D,6,1,546991,110.61,2012,35,62.78,72.85
10170,Historical,56945,0,0,D,6,1,221840,119.04,2006,55,88.8,72.93
10171,Historical,613105,1,2,D,3,1,109313,43.72,2010,109,59.51,29.95
10172,Historical,871115,1,1,D,0,0,928612,8.99,2010,69,59.51,13.49
10173,Historical,53231,0,0,D,2,1,709104,80,2006,148,59.51,7.94
10174,Historical,775125,0,0,D,8,1,2547376,199,2004,13,100.79,71.86
10175,Historical,2820681,0,0,D,2,1,3630672,99.99,1995,10,115.38,199.99
10176,Historical,115821,0,0,D,0,0,2743129,65.6,2003,28,15.72,18.97
10177,Historical,197921,0,0,D,2,1,708507,96.5,2008,38,4.77,7.49
10178,Historical,197661,0,0,D,0,0,2398821,79.95,2008,26,4.77,19.39
10179,Historical,284994,0,0,D,1,0,1067370,62.95,2004,46,25.75,18.14
10180,Historical,296865,1,6,D,2,1,2262327,34.95,1997,39,20.66,40.93
10181,Historical,133079,0,0,D,4,1,464633,92.6,2009,54,53.49,73.65
10182,Historical,607417,1,1,D,3,1,709074,71,2006,28,53.49,46.03
10183,Historical,232440,0,0,D,1,0,2331373,76.95,2006,19,0,53.95
10184,Historical,577396,0,0,D,3,1,820044,66.99,2007,35,70.66,17.97
10185,Historical,2170838,0,0,D,0,0,46259,65,2011,29,47.76,43.49
10186,Historical,141766,0,0,D,4,1,2301535,5.99,2005,79,17.9,5.99
10187,Historical,142179,1,1,D,6,1,33698,53.66,2011,130,17.9,21.32
10188,Historical,142169,0,0,D,5,1,977091,51.75,2010,100,17.9,6.96
10189,Historical,851644,1,1,D,1,0,1274069,42,2000,23,38.73,23.95
10190,Historical,793514,0,0,D,0,0,4362261,36.95,2002,24,22.39,44.91
10191,Historical,613832,1,12,D,2,1,101853,18.99,2011,121,65.52,9.99
10192,Historical,612992,1,1,D,1,0,404237,23.9,2009,121,65.52,15.89
10193,Historical,55544,1,1,D,3,1,145865,66,2009,75,60.96,35.21
10194,Historical,614648,1,1,D,3,1,147271,86.8,2011,45,52.14,43.98
10195,Historical,872640,1,2,D,2,1,1214970,68,2009,83,52.14,10.98
10197,Historical,532622,0,0,D,25,1,2145764,209.95,2008,12,159.15,78.65
10198,Historical,534095,0,0,D,3,1,3277271,28.5,1994,24,33.99,68.66
10199,Historical,1708944,0,0,D,1,0,4245368,249.95,2006,15,201.04,196.81
10200,Historical,165631,0,0,D,0,0,788516,70,2004,35,44.63,52.98
10201,Historical,532621,0,0,D,2,1,325864,70,2009,46,44.63,38.6
10202,Historical,2261433,0,0,D,1,0,3836463,222.61,2008,27,148.27,145.62
10203,Historical,269546,0,0,D,1,0,889993,165,2007,23,148.27,62.39
10204,Historical,285831,1,2,D,0,0,3066936,90,2004,46,97.15,8.99
10205,Historical,163400,0,0,D,3,1,3965244,78.95,2007,16,68.99,52.23
10206,Historical,873524,0,0,D,3,1,3292774,23.8,1993,38,33.95,39.17
10207,Historical,850639,1,3,D,4,1,960687,28.75,1999,30,33.95,13.99
10208,Historical,893482,0,0,D,1,0,1754496,164.95,2007,18,161.73,256.29
10209,Historical,679377,0,0,D,0,0,230622,27.95,2000,28,43.96,23.02
10210,Historical,54015,1,1,D,8,1,311391,0,2009,23,97.98,65.49
10211,Historical,514663,1,2,D,7,1,568167,0,2006,52,97.98,38.94
10212,Historical,54014,0,0,D,7,1,366668,75.63,2006,26,97.98,28.19
10213,Historical,330937,1,1,D,7,1,212366,291.95,2009,58,157.28,40.93
10214,Historical,874622,0,0,D,6,1,2021669,80.91,2005,45,157.28,51.75
10215,Historical,60107,0,0,D,6,1,1306622,285.95,2005,32,157.28,16.49
10216,Historical,624348,0,0,D,1,0,811871,95,2009,20,88.18,92.17
10217,Historical,288408,0,0,D,6,1,1654509,28,2005,16,45.99,87.09
10218,Historical,775380,0,0,D,0,0,1268699,46,2011,24,0,82.23
10219,Historical,776310,0,0,D,0,0,2094913,43.5,2010,33,0,14.43
10220,Historical,542615,0,0,D,5,1,290020,49.95,2010,32,35.99,23.99
10221,Historical,776003,0,0,D,4,1,1193670,43.95,2006,47,35.99,17.46
10222,Historical,143432,0,0,D,6,1,2660017,26.5,2002,24,39.96,13.98
10223,Historical,143071,0,0,D,7,1,808731,39,2005,25,39.96,9.98
10224,Historical,1942330,0,0,D,0,0,525813,52,2014,27,9.3,28.98
10225,Historical,1942278,0,0,D,0,0,1373056,52,2013,23,9.3,19.92
10226,Historical,868660,1,1,D,3,1,4331853,117,2001,19,123.6,57.59
10227,Historical,204067,0,0,D,9,1,878239,69.99,2008,28,27.34,41.98
10228,Historical,871707,0,0,D,0,0,4101598,59.95,2008,13,27.34,40.57
10229,Historical,203700,0,0,D,8,1,2035054,59.95,2004,27,27.34,25.44
10230,Historical,1840887,0,0,D,2,1,3707155,47.99,2010,17,42.63,103.37
10231,Historical,1839104,0,0,D,1,0,6385398,59.99,2006,10,42.63,34.98
10232,Historical,385634,0,0,D,1,0,4969890,54.99,2009,11,36.54,43.66
10233,Historical,540492,0,0,D,17,1,111808,50,2002,159,19.98,14.04
10235,Historical,592771,0,0,D,2,1,1335030,31.6,2008,23,45.58,31.6
10236,Historical,775601,0,0,D,2,1,4985675,70.95,2002,16,56.73,45.17
10237,Historical,193475,0,0,D,3,1,874159,95.95,2006,22,56.73,14.26
10238,Historical,522627,0,0,D,3,1,400561,204.95,2008,53,72.23,8.64
10239,Historical,868394,1,1,D,2,1,3579677,0,1980,11,21.99,0
10240,Historical,209123,0,0,D,1,0,1364056,110,1995,22,114.95,14.48
10241,Historical,51846,0,0,D,11,1,113409,67.95,2009,160,39.97,18.97
10242,Historical,106870,0,0,D,12,1,24496,70,2012,149,39.97,33.99
10243,Historical,51845,1,1,D,10,1,576684,64.95,2006,125,39.97,16.94
10244,Historical,60108,1,1,D,4,1,433367,62.25,1995,53,53.85,91.45
10245,Historical,607292,1,1,D,6,1,42138,110.67,2005,50,54.22,53.97
10246,Historical,631749,1,1,D,0,0,242143,43.99,2007,26,62.13,38.99
10247,Historical,907353,0,0,D,4,1,3763744,28.95,2004,15,62.13,72.37
10248,Historical,1737684,1,1,D,3,1,724140,14.95,2006,21,468.08,73.88
10249,Historical,2256197,0,0,D,8,1,5169972,30.49,2011,39,0,25.08
10250,Historical,468667,0,0,D,7,1,1632870,114.95,2008,35,38.98,12.1
10251,Historical,538455,1,1,D,6,1,33361,167.68,2011,89,106.45,58.57
10252,Historical,550199,0,0,D,5,1,380518,45.95,2006,77,106.45,18.94
10253,Historical,532590,0,0,D,5,1,940091,81.66,2006,42,106.45,52.3
10254,Historical,644074,0,0,D,1,0,69784,119.95,2007,33,48.98,42.89
10255,Historical,477723,1,1,D,1,0,1172383,112.95,2009,65,48.98,36.8
10256,Historical,245096,1,2,D,8,1,973226,130.95,2004,36,74.06,23.98
10257,Historical,51292,0,0,D,12,1,44809,265,2011,99,108.74,40.91
10258,Historical,51293,1,1,D,11,1,154988,193.33,2008,90,108.74,51.99
10259,Historical,532587,0,0,D,3,1,104192,175.2,2010,103,103.84,17.84
10260,Historical,532586,0,0,D,7,1,201528,220.95,2010,78,107.16,59.71
10261,Historical,60109,1,2,D,2,1,729067,148.4,2007,105,103.84,19.98
10262,Historical,795061,1,5,D,0,0,1867889,80.54,2010,29,107.16,78.38
10263,Historical,659290,0,0,D,2,1,2536290,94.95,2003,12,26.89,73.99
10264,Historical,613277,1,1,D,4,1,825061,181.95,2002,96,78.08,12.56
10265,Historical,875630,1,2,D,5,1,2212587,74.82,2008,29,71.92,53.92
10266,Historical,249759,0,0,D,5,1,247864,162.95,2007,54,71.92,40.46
10268,Historical,52259,1,2,D,11,1,283598,197.33,2009,198,78.69,17.87
10269,Historical,527840,1,3,D,2,1,111815,86.65,2008,60,83.54,48.23
10270,Historical,110416,1,2,D,2,1,1068651,226.75,2012,50,83.54,43.73
10271,Historical,52258,1,1,D,10,1,1053496,152.67,2005,109,78.69,13.99
10272,Historical,533707,0,0,D,7,1,35314,216.8,2011,78,49.42,70.14
10273,Historical,52402,0,0,D,8,1,798324,283.95,2007,49,124.98,38.75
10274,Historical,52289,1,1,D,4,1,47593,216.8,2010,173,152.89,18.99
10275,Historical,52072,1,1,D,6,1,125137,177.33,2008,73,49.42,31.18
10276,Historical,53278,0,0,D,8,1,92093,180.67,2009,89,77.5,33.93
10277,Historical,52288,0,0,D,3,1,728209,160,2005,90,152.89,22.4
10278,Historical,873202,0,0,D,2,1,2443943,28.89,2009,27,83.54,28.82
10279,Historical,53277,0,0,D,7,1,441283,152.67,2004,70,77.5,35
10280,Historical,183187,0,0,D,8,1,584060,225.95,2005,38,124.98,19.86
10281,Historical,906429,1,1,D,2,1,8681458,0,2007,15,148.66,19.49
10282,Historical,118445,1,1,D,1,0,1271781,156.67,2006,45,148.66,8.99
10283,Historical,288724,1,2,D,2,1,128481,216.8,2011,79,148.66,39.98
10284,Historical,164316,0,0,D,7,1,770707,39.42,2003,41,17.99,8.99
10285,Historical,873711,0,0,D,8,1,3222425,0,2010,19,17.99,164.38
10286,Historical,290634,1,1,D,8,1,977891,46.54,2008,61,17.99,43.44
10287,Historical,584136,0,0,D,0,0,5848093,74.95,1997,21,42.98,44.54
10288,Historical,713918,0,0,D,4,1,829507,77,1999,39,103.97,51.55
10289,Historical,663027,0,0,D,5,1,627564,117.8,2003,30,103.97,68.95
10290,Historical,915846,0,0,D,7,1,1286594,109,2004,32,84.02,30.99
10291,Historical,714183,0,0,D,6,1,3675123,103,2001,25,84.02,22.94
10292,Historical,143399,0,0,D,7,1,4979927,99,2001,29,82.99,26.98
10293,Historical,143023,1,1,D,8,1,1089262,215,2006,92,82.99,38.01
10294,Historical,288423,1,1,D,8,1,1120149,178,2006,33,108.99,23.49
10295,Historical,595071,1,3,D,7,1,163484,167.95,2012,62,70.23,83.99
10296,Historical,193692,1,1,D,6,1,413009,129.95,2010,40,70.23,26.66
10297,Historical,574696,0,0,D,4,1,2819871,88.95,2004,46,70.23,43.59
10298,Historical,574729,1,2,D,5,1,579905,95.95,2007,33,70.23,10.97
10299,Historical,801311,0,0,D,2,1,2432064,49,2007,20,37.62,51.21
10300,Historical,583359,0,0,D,3,1,133181,56,2011,22,37.62,184.7
10301,Historical,114991,0,0,D,1,0,3476871,74.2,2005,19,55.73,11.19
10302,Historical,423055,0,0,D,2,1,1526463,126.2,2008,65,55.73,6.3
10303,Historical,120234,0,0,D,3,1,719606,177,2011,51,55.73,28.94
10304,Historical,560537,1,3,D,13,1,256498,185,2012,78,480.11,54.99
10305,Historical,868723,1,1,D,12,1,3930733,50.87,2008,41,480.11,105.12
10306,Historical,552015,0,0,D,1,0,11459058,59,1999,13,28.29,47.75
10307,Historical,607237,0,0,D,2,1,4265364,54.2,2002,13,28.29,20.66
10308,Historical,104179,0,0,D,3,1,237359,90.3,1995,34,38.89,13.98
10309,Historical,147933,0,0,D,13,1,4738572,165.95,2003,20,30.99,58.99
10310,Historical,288933,0,0,D,15,1,2349557,274.95,2009,26,30.99,76.64
10311,Historical,53645,0,0,D,14,1,842968,307.36,2006,34,30.99,52.45
10312,Historical,161185,0,0,D,4,1,37245,39.95,2010,81,21.23,25.39
10313,Historical,161066,0,0,D,3,1,193485,39.95,2007,89,21.23,18.69
10314,Historical,53646,0,0,D,15,1,329556,291.95,2009,27,30.99,52.28
10315,Historical,161354,0,0,D,0,0,929503,35,2003,96,21.23,10.98
10316,Historical,2345805,0,0,D,6,1,2580339,63.16,1991,16,43.99,75.99
10317,Historical,161813,0,0,D,8,1,1806218,8.99,2006,30,231.51,20.09
10318,Historical,163135,1,1,D,10,1,56835,45,2010,63,231.51,163.07
10319,Historical,162102,1,1,D,9,1,466742,93.27,2008,49,231.51,58.86
10320,Historical,2137580,0,0,D,5,1,2168849,38.95,2010,18,0,97.09
10321,Historical,117614,0,0,D,3,1,154680,32.2,2006,42,68.37,29.99
10322,Historical,118878,0,0,D,3,1,56479,64.33,2006,50,68.37,67.31
10323,Historical,608682,0,0,D,8,1,460186,62.95,2003,33,30.55,53.71
10324,Historical,116108,0,0,D,5,1,267897,172.6,2007,58,89.07,48.72
10325,Historical,50540,0,0,D,9,1,243933,321.95,2006,51,156.54,16.99
10326,Historical,50541,0,0,D,10,1,70669,292.95,2011,48,156.54,81.99
10327,Historical,881805,0,0,D,0,0,2908530,21,1963,6,0,17.42
10328,Historical,897857,1,1,D,1,0,3459338,98.95,2004,15,101.17,65.53
10329,Historical,717644,0,0,D,6,1,5852878,68.95,2001,26,51.47,14.74
10330,Historical,60110,0,0,D,7,1,1054032,116.95,2005,40,51.47,16.73
10331,Historical,287537,0,0,D,1,0,1008785,82.67,2004,31,93.99,59.11
10332,Historical,132508,0,0,D,2,1,225602,103,2008,40,58.64,53.91
10333,Historical,2566082,0,0,D,1,0,3274658,94.95,1993,19,43.34,18.34
10334,Historical,635275,0,0,D,2,1,846976,96.95,2006,24,43.34,88.13
10335,Historical,58137,0,0,D,3,1,583183,64.95,2008,68,34.79,7.98
10336,Historical,58136,0,0,D,2,1,868800,61.95,2006,51,34.79,12.98
10337,Historical,58138,1,1,D,3,1,418918,70.95,2010,69,34.79,16.72
10338,Historical,3010873,0,0,D,1,0,1364847,49.95,1997,20,0,135.33
10339,Historical,193531,1,1,D,0,0,95843,75.95,2008,18,43.31,15.48
10340,Historical,244032,0,0,D,1,0,2697585,97.95,2011,17,54.38,34.47
10341,Historical,595057,1,1,D,5,1,46713,97,2012,194,3.88,10.96
10342,Historical,56381,1,6,D,4,1,790933,72,2009,327,3.88,5.74
10343,Historical,670589,0,0,D,4,1,282775,139.95,2012,54,33.28,53.93
10344,Historical,52156,1,2,D,18,1,105417,25.99,2010,133,90.93,38.3
10345,Historical,52155,1,2,D,17,1,250379,20.24,2008,98,90.93,15.04
10346,Historical,254089,0,0,D,7,1,270074,328.95,2009,69,171.21,69.25
10347,Historical,745102,0,0,D,0,0,3076364,177.19,2006,22,171.21,42.99
10348,Historical,552443,0,0,D,2,1,1758582,130.67,2005,34,161.9,26.17
10349,Historical,617978,1,2,D,3,1,162496,220.4,2008,54,161.9,33.49
10350,Historical,115598,1,3,D,10,1,939141,84.6,2002,26,69.41,74.28
10351,Historical,61148,1,1,D,11,1,372322,108.8,2005,25,69.41,55.36
10352,Historical,627454,0,0,D,8,1,2014008,150.9,2009,31,116.97,18.03
10353,Historical,550846,0,0,D,8,1,412121,226.75,2009,98,116.97,42.89
10354,Historical,60112,0,0,D,3,1,1552453,283.95,2005,46,88.1,42.94
10355,Historical,254098,0,0,D,4,1,573865,262.95,2010,65,88.1,29.98
10356,Historical,764405,0,0,D,3,1,3295042,209.95,2005,15,88.1,67.9
10357,Historical,898392,0,0,D,2,1,9815741,89.95,1993,18,74.91,48.92
10358,Historical,60113,0,0,D,3,1,1744552,142.67,2004,56,62.92,62.69
10359,Historical,145720,0,0,D,4,1,244341,172,2008,56,62.92,63.67
10360,Historical,112986,0,0,D,3,1,1190595,105,2003,18,48.94,43.99
10361,Historical,634492,0,0,D,2,1,4743097,39,1994,18,48.94,27.49
10362,Historical,551917,1,1,D,2,1,166944,148.6,1993,55,99.99,26.43
10363,Historical,596787,0,0,D,8,1,862429,48,2004,32,0,0
10364,Historical,2491497,1,1,D,3,1,8387046,41.95,2003,12,21.23,51.9
10365,Historical,3602432,0,0,D,0,0,2401993,33,1987,24,0,70.25
10366,Historical,565870,0,0,D,5,1,180821,65,2009,33,45.42,57.67
10367,Historical,608354,0,0,D,4,1,595124,65,2004,48,45.42,17.99
10368,Historical,592615,1,1,D,1,0,1539149,92.95,2007,17,73.98,22.97
10369,Historical,632852,0,0,D,1,0,1222322,65,2009,21,51.84,22.72
10370,Historical,744076,0,0,D,16,1,362337,99.81,2012,13,92.71,78.34
10371,Historical,743864,0,0,D,15,1,1946537,92.61,2009,14,92.71,23.98
10372,Historical,58133,0,0,D,14,1,1388970,62.95,2007,63,37.02,4
10373,Historical,58134,0,0,D,15,1,471260,72.95,2009,111,37.02,12.52
10374,Historical,536387,1,1,D,16,1,24915,77.95,2012,63,37.02,57.56
10375,Historical,2696933,0,0,D,4,1,3280329,72.95,1995,11,33.29,73.61
10376,Historical,570902,0,0,D,2,1,4629253,90.4,2009,9,70.36,102.16
10377,Historical,131954,1,1,D,1,0,1261626,39.99,2005,40,31.34,31
10378,Historical,105929,0,0,D,1,0,3266017,75.95,2004,18,46.23,9.05
10379,Historical,575889,0,0,D,10,1,160968,58.46,2010,48,61.6,51.77
10380,Historical,197650,1,2,D,9,1,151883,48.95,2005,48,53.98,49.49
10381,Historical,581449,1,1,D,0,0,3479610,79.95,2003,9,69.77,49.11
10382,Historical,193644,0,0,D,3,1,858494,86.95,2009,18,55.95,93.23
10383,Historical,193501,0,0,D,2,1,2308284,86.95,2006,24,55.95,44.97
10384,Historical,599224,0,0,D,4,1,1163756,47.25,2004,45,0,0
10385,Historical,2535130,0,0,D,0,0,480766,41.95,1999,17,35.26,76.89
10386,Historical,3072972,0,0,D,3,1,1503957,126,2003,27,66.93,97.74
10387,Historical,3149873,0,0,D,4,1,9340019,74.95,1995,6,0,223.35
10388,Historical,2261039,0,0,D,4,1,3345353,72.91,2010,32,75.47,67.53
10389,Historical,265143,0,0,D,3,1,1221049,70,2004,30,75.47,26.99
10390,Historical,265161,0,0,D,4,1,222644,91,2009,81,75.47,28.93
10391,Historical,183197,0,0,D,1,0,272411,217.95,2006,47,145.97,92.99
10392,Historical,60114,1,1,D,7,1,2491110,122.2,2002,46,174.49,27.57
10393,Historical,132225,0,0,D,8,1,286481,157.4,2006,45,174.49,33.99
10394,Historical,348383,0,0,D,7,1,1210755,102.95,2000,42,31.21,10.04
10395,Historical,608594,0,0,D,8,1,459446,131.95,2004,32,31.21,61.61
10396,Historical,61203,0,0,D,9,1,1094170,77.95,2007,17,31.21,30.99
10397,Historical,51849,0,0,D,6,1,462209,174.38,2007,56,79.01,28.99
10398,Historical,60115,1,2,D,5,1,906969,137.96,2005,72,90.53,32.99
10399,Historical,571924,0,0,D,4,1,1145197,193.95,2002,50,90.53,23.97
10400,Historical,3016860,0,0,D,3,1,1724311,80.63,1998,29,72.15,12.99
10401,Historical,852042,1,1,D,4,1,648113,88,2000,21,72.15,73.91
10402,Historical,200109,0,0,D,6,1,1040566,107.95,2005,35,36.65,16.99
10403,Historical,899187,1,1,D,5,1,3008195,83.95,2002,21,42.2,62.21
10404,Historical,846483,0,0,D,2,1,5601833,53,1993,14,74.99,18.99
10405,Historical,100682,0,0,D,7,1,1383530,71.32,1999,23,18.52,11.94
10406,Historical,144514,0,0,D,8,1,1061409,140,2004,53,83.89,16.38
10407,Historical,286452,0,0,D,9,1,1658500,216,2008,17,83.89,414.67
10408,Historical,607890,0,0,D,8,1,2358566,153.27,2004,59,126.03,20.1
10409,Historical,532561,1,1,D,9,1,257572,229.67,2008,109,126.03,31.99
10410,Historical,574801,1,1,D,3,1,887344,221,2010,66,5.74,23.98
10411,Historical,193551,1,2,D,2,1,1800064,149,2007,43,5.74,9.98
10412,Historical,267412,0,0,D,2,1,2019114,145.95,2006,44,53.99,57.47
10413,Historical,110085,1,2,D,7,1,1296861,20.67,2009,56,34.97,12.33
10414,Historical,109263,0,0,D,6,1,3034987,5.11,2006,38,34.97,13.94
10415,Historical,193736,0,0,D,5,1,651919,145.95,2011,27,66.37,24.74
10416,Historical,193628,0,0,D,4,1,371929,104.95,2008,24,66.37,14.95
10417,Historical,193408,0,0,D,3,1,714308,93.95,2005,21,66.37,48.69
10418,Historical,3146004,0,0,D,0,0,4844963,19.95,2004,12,28.37,13.24
10419,Historical,2171980,0,0,D,1,0,824078,32.95,2006,20,28.37,21.89
10420,Historical,3146362,0,0,D,0,0,1916312,32.95,2005,20,25.89,18.89
10421,Historical,54911,0,0,D,12,1,267992,55.4,2005,44,35.55,18.6
10422,Historical,54912,0,0,D,13,1,1367177,65,2007,64,35.55,15.83
10423,Historical,159465,0,0,D,5,1,96674,99.95,2006,60,31.64,43.87
10424,Historical,289952,0,0,D,4,1,1123769,76.95,2000,54,31.64,22.89
10425,Historical,616110,0,0,D,2,1,616568,56.2,2002,43,51.78,10.94
10426,Historical,2924017,0,0,D,0,0,2087733,19.89,2007,10,0,19.46
10427,Historical,110324,1,1,D,1,0,181712,178,2007,32,88.99,33.98
10428,Historical,58267,0,0,D,1,0,202943,161.2,2009,48,109.15,28.8
10429,Historical,643812,0,0,D,0,0,1146303,69.99,2009,14,0,0
10430,Historical,53323,1,1,D,3,1,30593,145.95,2011,99,101.99,33.99
10431,Historical,53321,0,0,D,2,1,483366,154.95,2008,102,101.99,19.94
10432,Historical,53322,0,0,D,1,0,756550,92.95,2005,44,101.99,23.99
10433,Historical,100915,1,2,D,4,1,365119,51.95,1997,44,44.39,45.4
10434,Historical,763532,0,0,D,5,1,686865,150.95,2002,26,44.39,73.45
10435,Historical,557311,0,0,D,2,1,77121,100.4,2006,75,87.88,43.81
10437,Historical,254501,1,1,D,1,0,171088,105.95,2010,94,0,14.34
10438,Historical,121143,1,1,D,1,0,249848,98.4,2011,73,84.42,44.85
10439,Historical,539494,0,0,D,2,1,29464,104.6,2013,65,84.42,60.05
10440,Historical,904476,0,0,D,1,0,3685638,110.95,1991,20,78.55,73.07
10441,Historical,547967,0,0,D,3,1,877449,90,1990,23,50.23,74.04
10442,Historical,620721,0,0,D,0,0,897276,8.94,2006,36,0,0
10443,Historical,918540,0,0,D,0,0,73133,7.99,2011,36,0,7.99
10444,Historical,264909,0,0,D,1,0,3347725,104.95,2003,19,98.94,63.87
10445,Historical,3512285,0,0,D,1,0,2294808,54.95,2008,20,0,28.97
10446,Historical,904270,0,0,D,0,0,1189357,59.95,1995,25,53.99,42.98
10447,Historical,863108,0,0,D,2,1,347112,83.95,2003,42,53.99,46.99
10448,Historical,654798,0,0,D,2,1,794543,94.95,2007,20,72.38,71.81
10450,Historical,621008,0,0,D,5,1,318890,69.95,2013,128,49.23,9.4
10451,Historical,1827023,1,3,D,6,1,20352,69.95,2014,94,49.23,30.99
10452,Historical,613058,1,5,D,3,1,866562,59.95,2011,95,49.23,8.27
10453,Historical,2622579,0,0,D,1,0,2487748,47.4,2000,19,0,42.33
10454,Historical,117417,0,0,D,4,1,1968315,61.4,2004,38,51.98,15.98
10455,Historical,877282,1,1,D,5,1,1583018,54.22,2006,55,122.06,18.47
10456,Historical,532548,1,3,D,6,1,20533,167.95,2010,90,122.06,33.99
10457,Historical,177915,1,2,D,5,1,331684,119.95,2006,89,122.06,14.95
10458,Historical,131913,1,1,D,1,0,451437,81.6,2007,20,78.57,68.94
10459,Historical,57237,1,1,D,5,1,164012,28.5,2010,65,52.93,80.76
10460,Historical,57236,0,0,D,4,1,759884,22.99,2006,40,52.93,30.99
10461,Historical,53643,1,2,D,13,1,538589,125.95,2010,184,48.85,12
10462,Historical,794927,1,7,D,13,1,1581497,0,2011,35,48.85,43.82
10463,Historical,244175,1,3,D,14,1,93585,118.95,2012,105,48.85,29.73
10465,Historical,630169,0,0,D,1,0,459306,40,2007,45,0,0
10466,Historical,533542,1,1,D,9,1,34440,194,2012,73,90.79,52.97
10467,Historical,53947,1,3,D,7,1,1833919,65.13,2007,69,90.79,45.4
10468,Historical,53949,0,0,D,8,1,132841,154.4,2009,82,90.79,20.43
10469,Historical,53948,0,0,D,7,1,2575287,119.6,2006,49,90.79,16.46
10470,Historical,1556256,0,0,D,2,1,462287,49.95,2010,33,44.8,14.95
10471,Historical,904234,0,0,D,0,0,2086092,33.95,1997,31,33.89,45.71
10472,Historical,564609,0,0,D,2,1,1020035,49.95,2003,30,33.89,46.43
10473,Historical,2729650,1,3,D,1,0,3080892,42.95,2000,18,0,127.3
10474,Historical,638601,0,0,D,2,1,257239,111.95,2007,36,63.99,45.13
10475,Historical,170046,0,0,D,6,1,52788,249.95,2010,47,92.68,51.08
10476,Historical,169133,1,1,D,5,1,199661,136.95,2007,69,92.68,7.94
10477,Historical,166982,0,0,D,1,0,688348,110,2006,23,89.17,80.96
10478,Historical,198101,1,2,D,11,1,180355,81.95,2009,42,167.49,72.94
10479,Historical,575790,0,0,D,9,1,452589,61.95,2006,37,167.49,19.54
10480,Historical,197749,1,1,D,10,1,177544,78.6,2008,43,167.49,72.23
10481,Historical,620857,0,0,D,3,1,456429,80.4,2005,34,111.33,43.94
10482,Historical,872109,0,0,D,2,1,4073534,64.48,1999,42,111.33,44.03
10484,Historical,844458,0,0,D,2,1,2147228,36.36,1987,52,23.9,25.49
10485,Historical,288276,0,0,D,1,0,1388119,0,2006,34,43.98,28.98
10486,Historical,288310,1,1,D,9,1,100617,115,2011,133,55.2,39.83
10487,Historical,540432,1,3,D,9,1,418202,25,2011,165,55.2,24.66
10488,Historical,142141,1,3,D,8,1,148131,27.73,2009,100,48.81,22.86
10489,Historical,621952,0,0,D,8,1,1388545,78.5,2010,68,48.81,9.38
10490,Historical,55474,0,0,D,7,1,494029,13.33,2005,235,48.81,8.82
10491,Historical,61166,0,0,D,5,1,414678,0,2005,65,70.43,52.45
10492,Historical,51900,1,1,D,8,1,260910,79.95,2007,107,58.99,20.91
10493,Historical,55473,0,0,D,3,1,483273,21.99,2010,77,58.95,22.91
10494,Historical,613348,0,0,D,3,1,1023106,9.98,2008,61,58.95,9.98
10495,Historical,2573493,0,0,D,6,1,14082523,0,1969,10,34.46,0
10496,Historical,313561,0,0,D,4,1,549770,122.6,2002,15,100.17,56.37
10497,Historical,316599,1,1,D,3,1,3209404,118,1998,25,100.17,60.19
10498,Historical,844517,0,0,D,0,0,2016100,151.8,1987,27,35.72,62.05
10499,Historical,608753,1,2,D,7,1,1049755,67.56,2002,27,38.29,18.37
10500,Historical,564046,0,0,D,6,1,3604265,59.16,1998,20,38.29,89.81
10501,Historical,118412,0,0,D,2,1,1079946,32.8,2006,24,24.49,13.48
10502,Historical,874031,0,0,D,8,1,435545,180.95,2009,23,97.98,78.99
10503,Historical,111259,0,0,D,3,1,617821,235.5,2010,57,97.94,59.27
10504,Historical,874056,0,0,D,6,1,2999967,82.95,2002,21,97.98,81.67
10505,Historical,52267,1,1,D,6,1,1606387,323.95,2003,98,199.97,10.78
10506,Historical,52268,0,0,D,7,1,108244,299.95,2007,46,199.97,73.43
10507,Historical,109119,0,0,D,6,1,159861,149.5,2004,59,123.93,26.93
10508,Historical,532534,1,2,D,6,1,27028,226.4,2012,134,15.28,57.62
10509,Historical,146320,1,1,D,11,1,30730,226.4,2011,133,128.69,41.47
10510,Historical,145539,1,3,D,10,1,417894,162.67,2007,135,128.69,13.99
10511,Historical,717158,1,2,D,5,1,3841088,0,2011,61,15.28,10.94
10512,Historical,909579,0,0,D,7,1,3946851,125,2006,17,6.99,18.98
10513,Historical,109887,0,0,D,7,1,1582658,55.49,2006,43,123.93,35.69
10514,Historical,561488,0,0,D,3,1,32506,216.8,2011,55,107.83,130.14
10515,Historical,60118,1,2,D,1,0,3297869,152.67,2005,21,107.83,62.75
10516,Historical,52501,1,2,D,5,1,269110,178.67,2008,217,15.28,21.98
10517,Historical,52266,0,0,D,7,1,819153,290.95,2008,27,199.97,85.19
10518,Historical,169528,1,1,D,5,1,1092400,335.95,2007,69,154.07,33.99
10519,Historical,532532,0,0,D,0,0,3255155,165,2007,32,93.99,17.42
10520,Historical,109315,0,0,D,2,1,4685804,160.94,2007,31,53.05,23.43
10521,Historical,170068,0,0,D,6,1,483003,317.95,2010,82,154.07,32.28
10522,Historical,110233,1,1,D,3,1,57523,278.25,2011,103,35.88,54.53
10523,Historical,550295,1,1,D,2,1,917859,23.99,2007,45,93.99,23.94
10524,Historical,111263,1,1,D,3,1,315200,278.25,2010,66,53.05,17.35
10525,Historical,145558,1,1,D,4,1,430466,181.33,2007,166,147.36,16.98
10526,Historical,532530,1,1,D,2,1,2610857,0,2007,24,53.05,36.58
10527,Historical,109268,0,0,D,2,1,1551168,138.54,2008,28,35.88,67.29
10528,Historical,550692,1,1,D,2,1,1491090,19.94,2008,61,35.88,19.88
10529,Historical,144565,0,0,D,0,0,2751866,158.67,2004,46,46.14,9
10530,Historical,145718,1,2,D,2,1,711868,186.67,2008,124,46.14,17.95
10531,Historical,1721045,0,0,D,0,0,255547,39.95,2013,34,39.93,38.16
10532,Historical,613867,1,1,D,6,1,256806,166.8,2007,111,90.2,30.92
10533,Historical,907224,0,0,D,3,1,4224913,44.99,2004,18,78.39,27.21
10534,Historical,626176,0,0,D,4,1,1146649,69.99,2006,25,78.39,46.65
10535,Historical,2036568,0,0,D,1,0,1555042,39.99,2008,28,45.38,22.95
10536,Historical,244190,0,0,D,2,1,66388,173.95,2012,47,108.77,81.03
10537,Historical,249747,1,1,D,1,0,145926,191.95,2006,72,108.77,40.27
10538,Historical,628522,0,0,D,1,0,1747341,49.99,2011,22,37.02,32.48
10539,Historical,348647,0,0,D,6,1,1514321,71.95,2003,42,9.39,13.7
10540,Historical,635146,0,0,D,0,0,1490390,44.99,2009,26,27.64,27.98
10541,Historical,603199,0,0,D,0,0,614549,11.98,2008,117,18.64,9.37
10542,Historical,629810,0,0,D,3,1,635904,36.95,2006,26,22.09,30.18
10543,Historical,764421,1,1,D,1,0,1911009,151.95,2004,17,30.81,21.5
10544,Historical,627485,0,0,D,0,0,1001571,39.99,2009,28,41.02,24.99
10546,Historical,286373,0,0,D,10,1,292178,154.8,2008,65,53.94,57.46
10547,Historical,213062,1,1,D,3,1,1915191,105,2003,36,61.95,45.11
10548,Historical,213279,0,0,D,4,1,304676,120,2008,59,61.95,43.21
10549,Historical,158285,0,0,D,1,0,683667,87.95,2009,14,21.7,67.42
10550,Historical,642366,0,0,D,2,1,677743,99.95,2011,15,131.94,234.99
10551,Historical,233589,0,0,D,4,1,1693757,39.95,2006,51,24.14,12.76
10552,Historical,53704,0,0,D,9,1,727559,206,2007,71,39.37,15.23
10553,Historical,53706,0,0,D,8,1,1855735,173.33,2002,59,39.37,10.99
10554,Historical,117236,0,0,D,9,1,118045,87,2006,63,38.48,13.94
10555,Historical,315045,0,0,D,5,1,656064,120.2,2007,38,46.35,38.98
10556,Historical,2680860,0,0,D,0,0,664097,25,1975,15,77.03,83.17
10557,Historical,54562,0,0,D,5,1,45557,259.95,2011,76,197.17,110.81
10558,Historical,533878,1,1,D,8,1,238605,131,2006,63,75.43,19.18
10559,Historical,536917,0,0,D,9,1,82876,192.6,2010,54,75.43,72.43
10560,Historical,54561,0,0,D,4,1,253208,274.95,2007,71,197.17,77.49
10561,Historical,646585,0,0,D,0,0,529427,119,2006,17,0,0
10562,Historical,2284915,0,0,D,0,0,2187136,0,2009,15,0,602.99
10563,Historical,191921,0,0,D,4,1,2690468,15,2000,32,43.94,15
10564,Historical,870754,0,0,D,0,0,2592211,39.95,2003,30,37.99,10.49
10565,Historical,213181,0,0,D,3,1,480103,135,2007,53,58.34,21.45
10566,Historical,874109,0,0,D,4,1,3744481,33,1996,19,4.89,38.34
10567,Historical,713817,0,0,D,5,1,2037355,51.4,1999,17,4.89,45.16
10568,Historical,103318,0,0,D,0,0,12627,19.99,2008,38,0,12.7
10569,Historical,640969,0,0,D,5,1,3027206,68,1995,13,66.09,109.82
10570,Historical,223594,0,0,D,2,1,3225548,47.5,2003,29,49.46,29.29
10571,Historical,662815,0,0,D,0,0,5617454,199,2004,14,53.99,55.2
10572,Historical,3508664,0,0,D,7,1,3784568,47.95,2006,11,0,24.99
10573,Historical,111130,0,0,D,12,1,74812,109.84,2011,34,89.41,69.05
10574,Historical,54772,1,1,D,11,1,72600,479.42,2008,55,63.99,32.82
10575,Historical,533468,1,3,D,12,1,49916,97.04,2011,62,63.99,52.57
10576,Historical,627141,0,0,D,13,1,3609831,149,2002,28,8.54,12.22
10577,Historical,789625,0,0,D,14,1,786757,183.99,2006,28,75.97,49.25
10578,Historical,2664030,0,0,D,0,0,2269401,139,1989,22,76.93,40.65
10579,Historical,165209,0,0,D,5,1,969150,12,2003,22,64.99,101.89
10580,Historical,532506,0,0,D,4,1,499834,84.95,2011,24,75.99,73.99
10581,Historical,391738,0,0,D,3,1,558021,74.95,2008,27,75.99,10.09
10582,Historical,147272,0,0,D,5,1,2050738,105,2004,44,36.99,12.98
10583,Historical,147459,1,2,D,6,1,206167,110,2008,57,36.99,67.43
10584,Historical,147079,0,0,D,5,1,1408537,82.95,2003,41,36.99,43.99
10585,Historical,607988,0,0,D,10,1,2383513,74.95,2003,36,80.03,33.99
10586,Historical,402951,0,0,D,1,0,588041,115,2000,18,173.82,114.09
10587,Historical,314176,0,0,D,2,1,858026,145.8,2004,14,173.82,61.99
10588,Historical,164567,0,0,D,1,0,1227946,120,1998,28,31.69,35
10589,Historical,271085,0,0,D,4,1,297543,47,2011,75,19.39,47.14
10590,Historical,268449,0,0,D,3,1,1147394,40,2007,80,19.39,8.81
10591,Historical,628476,0,0,D,4,1,517139,140,2002,19,0,0
10592,Historical,894135,0,0,D,1,0,5577817,62,2007,14,17.28,45.87
10593,Historical,268457,0,0,D,1,0,840119,36,2007,56,17.28,11.09
10594,Historical,203694,0,0,D,2,1,4629567,54.95,2005,21,30.46,8.99
10595,Historical,532485,0,0,D,3,1,1044539,65.99,2009,33,30.46,23.23
10596,Historical,205185,0,0,D,0,0,176678,19,2001,118,108.86,9.91
10597,Historical,119038,1,1,D,2,1,190752,146.67,2011,79,109.72,11.93
10598,Historical,914287,0,0,D,0,0,988092,58,2008,54,32.15,16.99
10599,Historical,577075,0,0,D,4,1,9322933,53.6,2002,20,41.56,12.84
10600,Historical,110237,1,1,D,6,1,1167389,12.91,2007,75,41.56,12.48
10601,Historical,279141,0,0,D,0,0,983145,45,2006,31,29.38,16.83
10602,Historical,53815,0,0,D,6,1,727115,88.8,2009,99,89.2,43.99
10603,Historical,53816,1,1,D,5,1,2392668,87.6,2006,67,89.2,11.58
10604,Historical,898217,0,0,D,2,1,5976967,55.4,1990,13,96.37,19.61
10605,Historical,205758,0,0,D,1,0,1261159,55,2001,52,23.49,19.71
10606,Historical,872551,0,0,D,0,0,2803344,82.5,2003,42,52.09,9.25
10607,Historical,613439,0,0,D,2,1,575415,103.5,2008,112,52.09,12.94
10608,Historical,110771,0,0,D,8,1,62772,93.57,2007,64,47.49,52.63
10609,Historical,606886,0,0,D,7,1,330476,8.63,2003,48,47.49,10.5
10610,Historical,593086,0,0,D,0,0,514320,42,2006,14,0,0
10611,Historical,639218,0,0,D,0,0,198033,35.95,2010,19,36.34,30.29
10613,Historical,914478,0,0,D,0,0,1292234,39.99,1996,31,41.16,111.81
10614,Historical,2435128,0,0,D,3,1,405802,35.95,1993,23,33.74,39.55
10615,Historical,1604680,0,0,D,1,0,1203108,14.6,2012,10,0,23.17
10616,Historical,165817,0,0,D,1,0,317632,52.99,2004,28,73.94,19
10617,Historical,55158,0,0,D,4,1,210305,133.85,2009,58,94.99,38.99
10618,Historical,55159,0,0,D,2,1,640484,55.79,2005,45,94.99,54.83
10619,Historical,50554,1,1,D,7,1,652431,183.95,2005,61,60.99,18.38
10620,Historical,50553,0,0,D,8,1,385434,190.95,2009,49,60.99,96.33
10621,Historical,3244291,0,0,D,4,1,43770,49.73,2005,19,0,50.65
10622,Historical,60126,0,0,D,3,1,3115906,7.94,2002,43,83.99,7.93
10623,Historical,109428,0,0,D,4,1,114769,23.98,2005,69,83.99,7.99
10624,Historical,162685,0,0,D,1,0,559858,49.99,2009,31,37.86,14.01
10625,Historical,2120177,0,0,D,1,0,1309779,95,2009,16,0,79.83
10626,Historical,298363,0,0,D,2,1,366152,125,2006,41,103.99,47.84
10627,Historical,639117,0,0,D,0,0,1975797,86,2009,19,63.16,53.38
10628,Historical,51441,0,0,D,7,1,42699,307.95,2011,61,146.09,46.96
10629,Historical,533298,1,1,D,5,1,46418,427.95,2012,80,149.92,78.49
10630,Historical,191950,0,0,D,1,0,108841,104.98,2009,85,94.85,49.95
10631,Historical,3617889,0,0,D,1,0,2799750,210,2002,16,0,675
10632,Historical,239950,0,0,D,1,0,957445,182,2002,37,38.52,58.27
10633,Historical,51440,1,1,D,5,1,1179517,310.95,2005,57,146.09,7
10634,Historical,169536,0,0,D,3,1,177715,32.08,2006,54,149.92,30.32
10635,Historical,545161,1,3,D,7,1,27092,273.96,2010,98,109.94,110.69
10636,Historical,2256943,1,3,D,1,0,2471269,148.73,2009,38,96.73,67.24
10637,Historical,51438,0,0,D,6,1,367523,325.95,2007,62,146.09,45.99
10638,Historical,57608,1,2,D,4,1,114086,429.95,2008,71,149.92,66.99
10639,Historical,791502,0,0,D,1,0,955068,78.4,2006,50,48.02,10.61
10640,Historical,280126,0,0,D,4,1,307778,165,2008,21,90.95,33.99
10641,Historical,903124,0,0,D,3,1,4140882,140,2003,19,90.95,18.91
10642,Historical,887644,0,0,D,1,0,5165557,54.95,1994,13,38.95,45.15
10643,Historical,574871,0,0,D,3,1,317719,43,2006,37,5.48,18.99
10644,Historical,286052,0,0,D,4,1,1598452,66.6,2005,30,27.99,28.74
10645,Historical,2675813,0,0,D,4,1,3946176,75.75,1996,35,41.17,13.79
10646,Historical,537912,0,0,D,4,1,215562,149,2008,85,132.58,42.89
10647,Historical,613799,0,0,D,5,1,102951,154.95,2011,67,132.58,23.99
10648,Historical,556468,1,1,D,5,1,148126,43,2011,35,132.58,45.24
10649,Historical,902505,0,0,D,2,1,999690,116,2008,17,75.98,123.41
10650,Historical,347318,0,0,D,1,0,287529,114.99,2009,67,95.71,83.27
10652,Historical,912061,0,0,D,2,1,3004089,119,2000,37,110.76,43.8
10653,Historical,737329,1,2,D,5,1,3088587,72,2004,27,106.13,45.4
10654,Historical,433367,0,0,D,6,1,588389,120,2008,38,106.13,43.59
10655,Historical,268397,0,0,D,3,1,619643,65,2005,26,72.56,48.99
10656,Historical,161839,0,0,D,2,1,329449,117.95,2009,63,0,58.68
10657,Historical,2129352,0,0,D,2,1,3915150,69.95,2009,19,70.52,52.98
10658,Historical,2579628,0,0,D,1,0,3211587,115,1994,19,53.8,50.17
10659,Historical,649998,1,5,D,3,1,539555,0,2011,46,41.99,23.98
10660,Historical,109744,0,0,D,1,0,1250643,46,2006,19,88.61,79.98
10661,Historical,130701,1,1,D,3,1,6673,187,2011,92,41.99,79.7
10662,Historical,108294,0,0,D,4,1,3912801,95.85,2005,36,92.61,9.99
10663,Historical,202517,0,0,D,1,0,254395,13.7,2006,62,88.61,23.78
10664,Historical,55361,0,0,D,2,1,203645,142,2008,56,41.99,27.7
10665,Historical,54770,0,0,D,6,1,90449,22.87,2009,54,92.61,28.86
10666,Historical,54769,1,1,D,5,1,471439,23.99,2006,60,92.61,13.97
10668,Historical,60130,0,0,D,8,1,1490297,11.99,2007,42,105.28,11.99
10669,Historical,532454,0,0,D,9,1,65210,68.89,2010,45,105.28,43.88
10670,Historical,832194,1,1,D,2,1,7357778,79.95,2002,11,61.52,116.83
10671,Historical,2579909,0,0,D,2,1,7143668,120,1996,17,65.33,35
10672,Historical,547730,0,0,D,1,0,3503190,105,1999,45,0,18.22
10673,Historical,56510,0,0,D,5,1,368904,124.95,2007,98,112.46,24.98
10674,Historical,421869,0,0,D,2,1,3411971,58.45,2006,16,8.29,59.98
10675,Historical,880561,0,0,D,9,1,2215993,59.25,2006,52,181.17,30.63
10676,Historical,467428,0,0,D,1,0,409893,52.98,2006,40,0,38.98
10677,Historical,50164,0,0,D,9,1,554020,164.95,2006,141,181.17,20.93
10678,Historical,50165,1,1,D,10,1,36249,294.95,2008,150,181.17,62.84
10679,Historical,56509,0,0,D,6,1,62568,142.95,2010,85,112.46,33.99
10680,Historical,613723,1,2,D,5,1,5186,257,2013,178,122.52,46.86
10681,Historical,52683,1,6,D,3,1,140488,23.99,2007,239,122.52,13.9
10682,Historical,561270,0,0,D,4,1,676669,102.93,2010,28,49.94,54.57
10683,Historical,561146,0,0,D,3,1,2208457,89.2,2007,18,49.94,72.77
10684,Historical,561271,0,0,D,4,1,178968,89.6,2010,156,49.94,27.48
10685,Historical,61152,1,1,D,3,1,1856349,76.4,2007,61,37.44,13.73
10686,Historical,532451,0,0,D,4,1,458943,80.4,2010,80,37.44,13.98
10687,Historical,561145,0,0,D,3,1,3421243,76.2,2007,25,45.76,63.85
10688,Historical,620255,0,0,D,4,1,1097633,75.6,2010,44,45.76,12.98
10689,Historical,916317,0,0,D,3,1,2565540,67.2,2007,31,45.76,14.99
10690,Historical,178892,1,1,D,9,1,76827,354.95,2010,108,130.81,33.24
10691,Historical,50211,0,0,D,3,1,1301386,136,2004,94,62.31,15.99
10692,Historical,50212,1,1,D,4,1,85836,169.33,2008,112,62.31,33.99
10693,Historical,450482,0,0,D,7,1,4012747,235.95,2007,18,85.5,28.98
10694,Historical,178970,0,0,D,8,1,1833062,222.95,2010,25,85.5,36.37
10695,Historical,742614,0,0,D,9,1,4958730,0,2010,17,233.97,0
10696,Historical,831318,0,0,D,3,1,4296017,72.95,1993,10,49.99,72.69
10697,Historical,551762,1,1,D,0,0,62012,129.25,2004,115,83.74,61.67
10698,Historical,50198,1,1,D,10,1,164553,179.95,2009,178,123.98,20.84
10699,Historical,416686,1,5,D,9,1,151316,187,2010,147,92.49,23.49
10700,Historical,111261,0,0,D,2,1,144715,33.84,2010,185,83.99,18.41
10701,Historical,613180,0,0,D,2,1,473326,228.65,2010,129,83.99,21.98
10702,Historical,698684,0,0,D,2,1,2090088,87.65,2010,25,83.99,9.99
10703,Historical,169444,1,1,D,8,1,579641,429.95,2007,102,130.81,19.49
10704,Historical,534434,1,3,D,11,1,12772,280,2012,216,123.98,19.42
10705,Historical,169649,0,0,D,7,1,1623308,281.95,2007,54,107.98,9.14
10706,Historical,450478,1,1,D,7,1,882044,293.95,2007,149,107.98,9.83
10707,Historical,110359,1,2,D,2,1,49244,34,2011,303,95.99,14.16
10708,Historical,109972,1,2,D,1,0,240713,4.36,2008,118,95.99,13.97
10709,Historical,551932,1,1,D,0,0,456810,22.98,2002,175,57.13,17.35
10710,Historical,192019,0,0,D,1,0,108793,151.95,2011,155,92.68,18.99
10711,Historical,639185,0,0,D,0,0,1470545,89.75,2010,24,92.68,33.49
10712,Historical,595599,1,4,D,1,0,34102,85.32,2013,38,0,0
10713,Historical,53790,1,3,D,9,1,575765,68.01,2010,40,68.99,61.01
10714,Historical,53791,0,0,D,8,1,124602,28.99,2007,48,68.99,37.31
10715,Historical,538562,0,0,D,10,1,11633,192.5,2013,74,68.99,54.94
10716,Historical,417212,1,6,D,9,1,54770,146.09,2010,55,68.99,53.93
10717,Historical,58538,0,0,D,9,1,237743,188.73,2010,72,78.99,38.26
10718,Historical,540602,0,0,D,10,1,57923,216.2,2013,64,78.99,94.94
10719,Historical,58528,1,1,D,8,1,703180,160,2007,98,78.99,13.93
10720,Historical,57679,0,0,D,8,1,463481,191.4,2007,159,76.99,10.99
10721,Historical,57678,1,1,D,9,1,18429,218.8,2010,150,76.99,27.99
10723,Historical,231529,0,0,D,2,1,6115756,76.95,1998,28,64.93,10.94
10725,Historical,52844,1,4,D,3,1,249361,158,2009,63,78.81,36.99
10726,Historical,146439,0,0,D,4,1,65322,191,2011,49,78.81,43.98
10727,Historical,555318,0,0,D,2,1,893556,40,1996,22,34.86,37.5
10728,Historical,698960,0,0,D,6,1,1352152,79.25,2010,23,115.99,104.05
10729,Historical,107260,0,0,D,5,1,526332,25.49,2004,56,115.99,25.47
10730,Historical,109181,0,0,D,6,1,64175,198.95,2009,77,115.99,28.99
10731,Historical,582521,0,0,D,3,1,2706359,169.95,1993,30,4,8.98
10732,Historical,2577595,0,0,D,2,1,10086652,0,1985,12,4,0
10733,Historical,435048,0,0,D,4,1,48279,172.2,2012,108,92.97,49.51
10734,Historical,51862,0,0,D,3,1,572245,146.4,2009,111,92.97,38.71
10735,Historical,435049,0,0,D,4,1,33286,180.2,2012,136,116.75,15.5
10736,Historical,434814,1,1,D,3,1,668826,161.4,2009,95,116.75,11.25
10737,Historical,514682,0,0,D,10,1,32123,53.81,2010,77,123.98,48.81
10738,Historical,912449,1,2,D,1,0,101101,139.4,2014,22,0,0
10739,Historical,742792,1,13,D,1,0,10450,131.4,2014,61,0,0
10740,Historical,178891,0,0,D,2,1,333842,320.95,2011,93,48.93,23.13
10741,Historical,544308,1,2,D,3,1,43191,305.95,2013,78,48.93,48.97
10742,Historical,660628,0,0,D,0,0,5475572,70.03,2012,16,0,0
10743,Historical,551225,1,5,D,1,0,19370,205.25,2012,132,108.23,27.99
10744,Historical,533847,0,0,D,13,1,54659,326.95,2012,122,139.23,43.87
10745,Historical,50201,0,0,D,12,1,220131,359.95,2008,150,139.23,24.84
10746,Historical,535566,0,0,D,4,1,72274,248.95,2012,52,115.45,66.49
10747,Historical,450458,0,0,D,2,1,1905285,167.95,2006,22,115.45,22.02
10748,Historical,53403,0,0,D,2,1,957574,176.95,2006,57,115.45,53.89
10749,Historical,496666,1,1,D,0,0,3340783,251.95,2009,32,140.78,18.99
10750,Historical,535562,1,4,D,4,1,15476,221.95,2012,66,140.78,86.26
10751,Historical,170059,0,0,D,3,1,257957,232.95,2009,60,140.78,102.69
10752,Historical,285374,0,0,D,8,1,2270313,7.49,2007,30,73.65,106.55
10753,Historical,111383,1,4,D,9,1,852132,133.5,2010,89,73.65,9.99
10754,Historical,285533,0,0,D,2,1,1279910,57.28,2010,81,68.95,48.25
10755,Historical,450326,0,0,D,1,0,4703418,127.95,2007,20,95.47,33.94
10756,Historical,109965,0,0,D,8,1,2985263,23.64,2007,23,96.5,23.74
10757,Historical,113408,0,0,D,1,0,2111260,104,1997,38,58.27,36.06
10758,Historical,919915,0,0,D,2,1,259124,119,2004,51,58.27,46.98
10759,Historical,58127,0,0,D,3,1,46263,111.99,2008,87,76.57,43.89
10760,Historical,58126,0,0,D,2,1,2237632,89.95,2006,21,76.57,32.99
10761,Historical,2569634,0,0,D,2,1,877621,130,1990,23,71.97,43.97
10762,Historical,290494,0,0,D,3,1,1021415,135,2004,22,71.97,39.81
10763,Historical,159572,0,0,D,2,1,3093325,83.95,2006,12,54.19,53.99
10764,Historical,296524,0,0,D,1,0,474419,55,2004,52,49.49,23.98
10765,Historical,194051,1,1,D,2,1,40673,83,2004,96,49.49,26.09
10767,Historical,175711,1,2,D,1,0,165148,105,2009,40,74.69,66.84
10768,Historical,221921,0,0,D,1,0,5158568,109.95,2005,15,107.96,31.78
10769,Historical,61112,1,4,D,6,1,375208,12.99,2005,74,91.73,30.96
10770,Historical,152296,1,2,D,3,1,407664,99,2012,73,65.89,42.99
10771,Historical,900896,0,0,D,1,0,3705196,115.95,2005,20,99.98,74.16
10772,Historical,913406,0,0,D,1,0,2129751,220,2005,23,0,144.53
10773,Historical,3153035,0,0,D,0,0,2284589,89.95,2004,16,54.98,39.23
10774,Historical,868132,0,0,D,1,0,542708,110,1991,26,78.56,44.95
10775,Historical,910888,0,0,D,1,0,1603906,72.95,1995,23,39.53,62.54
10776,Historical,649025,0,0,D,1,0,1501572,169.99,2009,19,132.21,110.25
10777,Historical,650056,0,0,D,1,0,297660,169.99,2010,26,0,0
10778,Historical,631677,0,0,D,1,0,1163439,169.99,2008,18,130.67,32.2
10779,Historical,203765,0,0,D,1,0,2611735,163.95,2005,23,115.98,70.18
10780,Historical,2751115,0,0,D,0,0,8738919,150,2003,11,28.26,51.83
10781,Historical,630094,0,0,D,2,1,1771557,169.99,2009,26,28.26,58.64
10782,Historical,646447,1,1,D,1,0,1062323,172.99,2009,23,135.54,28.37
10783,Historical,53386,0,0,D,6,1,959282,18.99,2007,82,98.99,17.5
10784,Historical,515894,1,1,D,7,1,76431,37.01,2007,100,98.99,21.99
10785,Historical,657714,0,0,D,1,0,544663,104.95,2003,24,74.99,13.93
10786,Historical,125974,1,1,D,1,0,340735,168.4,2002,46,85.03,58.01
10787,Historical,476885,1,1,D,1,0,646763,88.53,2009,33,43.94,62.75
10788,Historical,607204,0,0,D,3,1,2556106,87.35,1996,26,101.92,37.24
10789,Historical,285860,0,0,D,4,1,385844,138.67,1998,58,101.92,88.59
10790,Historical,759253,0,0,D,1,0,1943020,166,2000,15,48.98,58.55
10791,Historical,2003175,0,0,D,3,1,638181,99.95,2008,25,53.99,51.79
10792,Historical,152384,0,0,D,3,1,1155499,89.99,2004,32,40.38,41.68
10793,Historical,2564096,0,0,D,0,0,2080475,110,1996,22,72.59,48.95
10794,Historical,608352,0,0,D,8,1,294057,33.56,2004,41,114.49,10.99
10795,Historical,226505,0,0,D,1,0,3125582,70,2004,14,39.98,33.38
10796,Historical,446086,0,0,D,9,1,188723,96.42,2008,77,114.49,63.52
10797,Historical,551541,1,2,D,1,0,135883,109.95,2011,28,0,0
10798,Historical,763495,0,0,D,1,0,3866752,78.95,1997,25,39.47,4.04
10799,Historical,626772,0,0,D,1,0,931410,94.95,2008,29,88.67,79.69
10800,Historical,763496,0,0,D,1,0,9747660,87.95,1997,13,39.47,63.72
10801,Historical,1593724,0,0,D,1,0,7215580,112.99,2008,11,33.1,79.56
10802,Historical,2598745,0,0,D,1,0,5558958,43.99,1995,15,65.45,40.72
10803,Historical,862526,0,0,D,1,0,2093954,65,1986,19,24.98,69.29
10804,Historical,1699706,0,0,D,0,0,1271093,39.95,2006,16,37.43,28.99
10805,Historical,886648,0,0,D,3,1,225907,39,2013,12,43.99,39
10806,Historical,57555,0,0,D,9,1,72747,80,2009,68,34.64,68.99
10807,Historical,56859,1,1,D,7,1,321607,48,2000,54,34.64,28.99
10808,Historical,532428,0,0,D,3,1,41058,37,2006,91,23.97,15.99
10809,Historical,143455,1,3,D,2,1,174852,29,2001,86,23.97,20.43
10810,Historical,184318,0,0,D,1,0,5230687,246.95,2002,12,0,137.29
10811,Historical,625227,0,0,D,5,1,639801,102.99,2011,39,93.44,88.98
10812,Historical,640879,0,0,D,1,0,893033,102.99,2010,20,0,0
10813,Historical,367121,0,0,D,1,0,1202321,124.99,2006,18,62.7,87.99
10814,Historical,618154,0,0,D,5,1,2219727,259,2002,21,14140.21,9.3
10815,Historical,572780,0,0,D,1,0,985166,55.96,1996,39,58.99,26.94
10816,Historical,655650,0,0,D,0,0,233951,59.99,2010,18,0,0
10817,Historical,645896,0,0,D,4,1,2290892,199,2006,19,120.61,134.34
10818,Historical,2164810,0,0,D,35,1,161183,54.95,2014,38,35.81,24.98
10819,Historical,913206,1,1,D,30,1,347803,49.95,2009,29,35.81,36.92
10821,Historical,298004,0,0,D,1,0,552939,108.95,2004,64,23.9,9.74
10822,Historical,2836320,1,1,D,5,1,4140310,190.95,1992,18,40.92,39.49
10824,Historical,252037,1,2,D,8,1,406994,121.95,2008,36,73.72,83.98
10825,Historical,609492,1,1,D,4,1,2012418,36.95,2006,53,35.88,10.78
10826,Historical,532413,0,0,D,5,1,499232,44.99,2008,94,35.88,16.59
10828,Historical,234224,1,3,D,4,1,690095,50,1996,32,72.79,34.99
10829,Historical,2699020,0,0,D,2,1,1384359,65,2000,21,42.99,56.15
10830,Historical,871126,0,0,D,2,1,1849921,36.95,2003,62,30.96,10.12
10831,Historical,789764,0,0,D,4,1,500525,47.99,2009,52,30.96,19.61
10832,Historical,246244,0,0,D,3,1,1235325,39.95,2006,83,30.96,11.34
10833,Historical,874313,0,0,D,0,0,863086,44.95,1990,61,69,22.96
10834,Historical,915780,0,0,D,1,0,3404733,32.5,1998,32,25.68,25.87
10835,Historical,2125199,0,0,D,0,0,3980148,119,2006,19,113.76,48.02
10836,Historical,544434,0,0,D,12,1,171472,100.95,2013,66,19.6,61.27
10837,Historical,251983,0,0,D,11,1,354172,126.95,2008,99,19.6,32.74
10838,Historical,876999,0,0,D,0,0,350437,80.38,2009,39,19.6,89.74
10840,Historical,893499,0,0,D,2,1,1616013,49.95,1996,17,63.73,72.23
10841,Historical,543016,0,0,D,3,1,158823,61.99,2009,25,34.54,31.53
10842,Historical,2339343,0,0,D,3,1,4764793,54,1991,20,37.47,42.71
10843,Historical,3595323,0,0,D,3,1,3951681,52,2004,13,0,0
10845,Historical,708325,0,0,D,0,0,1285386,100,2004,20,19.91,63.71
10846,Historical,112105,0,0,D,0,0,219590,116.25,2001,129,19.91,15.98
10847,Historical,51341,1,1,D,6,1,985539,113.33,2006,41,198.55,38.96
10848,Historical,606706,0,0,D,2,1,1100606,138.95,1996,25,226.09,21.61
10849,Historical,2678483,1,1,D,0,0,2252247,69.47,1979,20,226.09,49.89
10850,Historical,663025,0,0,D,0,0,6433,39.95,2004,33,36.92,25.71
10851,Historical,2678609,0,0,D,0,0,8018822,199,1989,18,96.98,69.73
10852,Historical,2679988,0,0,D,2,1,3689362,249,1996,20,96.98,62.17
10853,Historical,890170,0,0,D,0,0,1320735,48.95,2008,9,36.92,48.95
10854,Historical,902639,0,0,D,1,0,1015912,94.5,2001,15,76.37,59.53
10855,Historical,1839549,0,0,D,2,1,6339452,262.95,2006,12,147.33,68.99
10856,Historical,2551489,0,0,D,0,0,5836925,48.95,2002,16,48.77,48.11
10857,Historical,187973,0,0,D,3,1,1718140,310,2001,23,237.7,123.99
10858,Historical,2650080,0,0,D,10,1,7731799,178.95,2004,12,94.28,43.76
10859,Historical,651506,0,0,D,2,1,1178107,74.95,2001,25,72.98,108.53
10860,Historical,3559706,0,0,D,4,1,3878134,185,1998,23,0,38.99
10861,Historical,154338,1,1,D,0,0,113792,44.5,2001,90,31.99,23.2
10862,Historical,153917,1,1,D,2,1,38294,43.37,2005,58,31.99,42.19
10863,Historical,153802,1,4,D,3,1,9867,71,2011,90,31.99,53.68
10864,Historical,50537,0,0,D,4,1,950059,130,2005,74,125.39,13.8
10865,Historical,50538,0,0,D,5,1,93647,164.6,2010,66,125.39,93.5
10866,Historical,885846,0,0,D,8,1,380246,54.95,2011,13,60.9,113.37
10869,Historical,255643,0,0,D,2,1,1621486,56.95,2006,25,56.39,13.97
10870,Historical,60137,0,0,D,18,1,2415408,68.95,2004,33,68.96,11.98
10871,Historical,572268,0,0,D,7,1,581972,128.36,2007,66,159.95,14.98
10872,Historical,495349,1,2,D,3,1,169600,105,2010,150,67.88,25.98
10873,Historical,532380,0,0,D,2,1,360268,99.95,2008,41,67.88,28.99
10874,Historical,718404,0,0,D,1,0,1906629,36.95,2002,31,32.67,22.98
10875,Historical,288761,0,0,D,1,0,2954884,49.95,1999,20,38.97,12.98
10876,Historical,508874,0,0,D,1,0,382252,225,2006,20,217.65,165.69
10877,Historical,894485,0,0,D,2,1,7972520,295,2001,15,156.98,60.09
10878,Historical,889383,0,0,D,0,0,5787815,250,1995,18,156.98,53.75
10879,Historical,405224,0,0,D,0,0,1835772,58.95,2009,16,0,0
10880,Historical,3474869,0,0,D,6,1,2632252,56,2008,31,0,11.74
10881,Historical,3472627,1,1,D,4,1,4415650,51,2005,27,0,10.98
10882,Historical,598540,0,0,D,0,0,144883,85,2005,37,133.73,83.99
10883,Historical,645588,0,0,D,3,1,2573416,82.95,2006,22,61.46,28.29
10884,Historical,533447,1,2,D,4,1,245146,106.95,2009,62,61.46,33.98
10885,Historical,55042,1,2,D,4,1,287743,89.95,2007,36,61.46,18.98
10886,Historical,546751,0,0,D,4,1,617532,87.99,2010,38,59.9,10.1
10887,Historical,577402,0,0,D,3,1,1881786,79.95,2007,42,59.9,8.99
10888,Historical,650045,0,0,D,3,1,1102227,104,2010,35,110.09,127.75
10889,Historical,249030,0,0,D,8,1,1588099,218,2007,19,139.04,35
10890,Historical,545283,0,0,D,9,1,994810,289,2011,17,139.04,66.99
10891,Historical,803877,0,0,D,7,1,4426553,78,2005,19,56.98,29.98
10892,Historical,909309,1,1,D,8,1,1808967,99.95,2008,27,56.98,18.97
10893,Historical,266251,0,0,D,7,1,276342,219.95,2011,102,77.88,33.99
10894,Historical,609512,0,0,D,6,1,1182502,242.95,2008,61,77.88,15.48
10895,Historical,117830,0,0,D,1,0,511137,86.8,2007,18,0,0
10896,Historical,914302,0,0,D,1,0,157316,40,2004,20,30.51,52.99
10897,Historical,2158250,1,5,D,2,1,592191,39.95,2009,20,0,38.54
10898,Historical,56838,1,3,D,9,1,969973,101.67,2009,108,103.18,7.7
10899,Historical,539995,0,0,D,10,1,72125,121.4,2012,93,103.18,23.99
10900,Historical,267939,0,0,D,1,0,1793282,90,2007,19,81.24,46
10901,Historical,743418,0,0,D,1,0,1879533,62.95,2006,25,36.19,21.94
10902,Historical,743458,0,0,D,1,0,3253443,106,2004,22,56.94,24.99
10904,Historical,789048,0,0,D,2,1,4942966,74.95,2001,25,57.95,36.98
10906,Historical,666040,0,0,D,1,0,2902822,188,2006,17,126.14,80.31
10907,Historical,608001,0,0,D,6,1,1228353,89.95,2005,34,0,29
10908,Historical,477684,0,0,D,4,1,54779,200.95,2009,36,128.73,91.48
10909,Historical,542885,0,0,D,1,0,1702149,81.95,2006,15,54.37,39.6
10910,Historical,610016,0,0,D,7,1,372920,108,2010,43,0,74.84
10911,Historical,3071029,0,0,D,1,0,1163920,49.95,2005,22,71.46,65.05
10912,Historical,408164,0,0,D,1,0,1301486,80.95,2006,33,65.92,21.9
10913,Historical,532368,0,0,D,2,1,559506,95.95,2009,25,65.92,49.93
10914,Historical,664736,0,0,D,3,1,106859,97.95,2013,57,65.92,45.53
10915,Historical,905450,1,2,D,0,0,3050536,99,1995,19,62.93,155.67
10916,Historical,606902,0,0,D,9,1,611876,8.82,2005,62,43.99,8.74
10917,Historical,607015,1,2,D,10,1,591358,17.51,2008,91,43.99,10.56
10918,Historical,802426,0,0,D,1,0,2414016,152.95,2009,25,21.46,47.85
10919,Historical,57375,0,0,D,4,1,671618,125.6,2007,37,103.99,33.99
10920,Historical,57374,0,0,D,3,1,261929,100,2002,35,103.99,17.21
10921,Historical,867016,1,6,D,11,1,10023,129,2013,102,49.71,47.54
10922,Historical,879028,0,0,D,10,1,1886322,49.21,2011,28,49.71,19.99
10923,Historical,52066,1,1,D,10,1,331015,101.67,2010,232,49.71,12.09
10924,Historical,461894,0,0,D,7,1,419973,183.95,2007,41,40.37,93.94
10925,Historical,533889,0,0,D,7,1,579660,146.95,2007,35,37.38,26.99
10926,Historical,532800,0,0,D,6,1,126618,308.95,2012,106,150.92,39.88
10927,Historical,179177,0,0,D,5,1,218369,338.95,2008,81,150.92,39.21
10928,Historical,177142,0,0,D,1,0,37663,214.95,2011,40,83.81,159.91
10929,Historical,60138,0,0,D,4,1,844550,372.95,2006,78,150.92,12.19
10930,Historical,613051,1,1,D,10,1,812718,14.99,2009,94,35.35,12.97
10931,Historical,52445,0,0,D,11,1,2161017,140,2006,45,107.44,13.98
10932,Historical,52446,0,0,D,12,1,398267,172,2009,75,107.44,62.11
10933,Historical,114898,1,1,D,2,1,1011576,126.67,2002,41,0,0
10934,Historical,739401,0,0,D,6,1,8770048,26.8,2000,23,28.99,30.34
10935,Historical,144647,0,0,D,7,1,1400228,31,2003,27,28.99,32.58
10936,Historical,145405,0,0,D,8,1,1673540,46.8,2006,22,28.99,86.25
10937,Historical,132854,1,2,D,5,1,1118537,65.33,2009,78,52.57,14.72
10938,Historical,126459,0,0,D,0,0,639856,44.95,2004,86,32.81,20.8
10939,Historical,127446,0,0,D,2,1,175931,49.95,2008,100,32.81,18.48
10940,Historical,178149,0,0,D,3,1,558774,79.95,2005,36,69.81,58.77
10941,Historical,183699,1,1,D,3,1,723978,197.95,2006,34,69.81,36.28
10942,Historical,178148,1,1,D,2,1,739212,66.95,2005,21,83.5,91.83
10943,Historical,298124,0,0,D,0,0,52012,40.5,2006,153,41.59,26.9
10944,Historical,129394,0,0,D,1,0,1129232,54.95,2008,36,19.97,33.49
10945,Historical,878160,0,0,D,3,1,1007030,72.8,2009,69,68.41,9.1
10946,Historical,54377,0,0,D,3,1,575205,70.67,2008,80,68.41,8.97
10947,Historical,50133,1,1,D,6,1,15754,260.95,2011,113,101.39,23.99
10948,Historical,50132,0,0,D,5,1,441063,286.95,2008,86,101.39,18.39
10949,Historical,56591,0,0,D,6,1,1039393,133.95,2009,82,29.1,7.99
10950,Historical,104610,1,1,D,1,0,1328447,82.19,1997,35,61.51,30.81
10951,Historical,110817,0,0,D,2,1,399034,103.81,2003,55,61.51,69.15
10952,Historical,2607702,0,0,D,5,1,10542146,47.99,2002,15,52.89,45.59
10953,Historical,1588470,0,0,D,6,1,4912172,72,2007,28,52.89,30.48
10954,Historical,135571,1,1,D,2,1,1138583,62.95,2004,26,32.13,66.21
10955,Historical,135636,0,0,D,3,1,181640,59.95,2009,48,32.13,3.39
10956,Historical,131986,0,0,D,3,1,1796752,72.8,2005,38,45.49,20.78
10957,Historical,287595,0,0,D,4,1,635227,73.2,2009,41,45.49,43.61
10958,Historical,109777,0,0,D,3,1,288082,0,2006,32,67.18,36.07
10959,Historical,871752,1,2,D,3,1,898504,67.81,2006,28,67.18,38.98
10960,Historical,626246,1,2,D,4,1,253105,58.98,2010,54,67.18,51.57
10961,Historical,287743,0,0,D,4,1,2247392,59.95,2005,38,33.96,14.11
10962,Historical,135652,0,0,D,5,1,666620,55.95,2010,53,33.96,13.85
10963,Historical,607703,0,0,D,7,1,1030254,126.8,2003,24,33.86,52.54
10964,Historical,109490,1,1,D,6,1,361948,24.99,2007,75,73.88,12.86
10965,Historical,60139,0,0,D,5,1,2048442,12.98,2003,24,73.88,12.98
10966,Historical,57724,0,0,D,2,1,89291,56.95,2009,69,53.99,38.83
10967,Historical,116601,1,1,D,11,1,283336,26.66,2005,131,112.98,26.68
10968,Historical,52089,0,0,D,12,1,213111,189.6,2008,96,112.98,38.98
10969,Historical,737194,0,0,D,0,0,873671,35,2003,13,42.59,18.94
10970,Historical,287242,0,0,D,7,1,776258,98.5,2008,29,58.36,72.97
10971,Historical,128902,0,0,D,6,1,1652912,79.95,2003,20,58.36,48.99
10972,Historical,757706,1,1,D,5,1,654880,135,2003,28,39.99,48.39
10973,Historical,2561611,0,0,D,3,1,4570775,74.95,1986,24,39.99,55.23
10974,Historical,613635,0,0,D,4,1,1090085,38.95,2007,63,33.23,10.39
10975,Historical,620781,1,1,D,5,1,413441,47.99,2010,70,33.23,12.82
10976,Historical,609177,0,0,D,5,1,1451180,36.95,2004,111,37.69,17.98
10977,Historical,203960,0,0,D,6,1,383649,43.5,2007,173,37.69,13.48
10978,Historical,532347,0,0,D,7,1,59519,48.99,2011,81,37.69,17.99
10979,Historical,609221,0,0,D,4,1,1629581,38.95,2006,52,31.39,8.99
10980,Historical,609226,0,0,D,5,1,474620,45.99,2009,60,31.39,11.98
10981,Historical,609159,0,0,D,3,1,167683,36.95,2003,34,38.99,40.94
10982,Historical,543017,0,0,D,5,1,49424,48.99,2010,97,38.13,23.99
10983,Historical,609207,0,0,D,4,1,218115,39.95,2006,152,38.13,16.64
10984,Historical,52526,1,1,D,11,1,909863,119.95,2008,116,96.99,11.87
10985,Historical,204092,1,4,D,12,1,31475,149.99,2010,310,96.99,18.18
10986,Historical,642377,0,0,D,7,1,2371721,92.99,2011,19,82.03,2483.27
10987,Historical,1737005,0,0,D,4,1,3983001,115.99,2007,14,71.49,182.7
10988,Historical,583024,0,0,D,8,1,2202513,49.99,1997,40,6.25,54.79
10989,Historical,619393,0,0,D,2,1,85037,47.95,2007,53,31.62,30.73
10990,Historical,608501,0,0,D,4,1,1132567,50.95,1996,49,12.61,38.98
10991,Historical,3481098,0,0,D,1,0,1413932,52.95,2010,35,0,39.4
10992,Historical,362175,0,0,D,3,1,1846508,64.95,2001,29,43.39,43.39
10993,Historical,657154,0,0,D,2,1,3007934,99.75,2012,12,4.33,15.21
10994,Historical,895197,0,0,D,2,1,4380126,98.8,2013,11,4.33,73.95
10995,Historical,1729997,1,1,D,10,1,2197040,16.73,2006,23,0,19.24
10996,Historical,60140,0,0,D,6,1,1061751,63.95,2005,64,48.9,33.15
10997,Historical,254035,0,0,D,8,1,127568,82.95,2011,119,48.9,36.99
10998,Historical,249187,1,1,D,7,1,934367,73.95,2008,116,48.9,18
10999,Historical,876376,0,0,D,7,1,2874991,67.86,2009,85,39.99,29.79
11000,Historical,55405,0,0,D,6,1,1341265,83.95,2006,72,39.99,33.99
11001,Historical,55406,0,0,D,7,1,222012,79.95,2009,55,39.99,22.97
11002,Historical,128743,0,0,D,1,0,1190272,55,2009,21,33.73,37.99
11003,Historical,902247,0,0,D,2,1,2277287,54.95,2006,20,69.74,32.41
11004,Historical,631683,0,0,D,3,1,356894,64.95,2008,33,69.74,59.29
11005,Historical,51240,0,0,D,10,1,219051,92.2,2010,40,48.98,31.91
11006,Historical,51241,0,0,D,8,1,1663892,58.8,2004,85,48.98,6.99
11007,Historical,51242,0,0,D,9,1,228776,81.27,2007,107,48.98,13.99
11008,Historical,608390,0,0,D,2,1,721183,49.95,2006,51,38.28,26.71
11009,Historical,608237,0,0,D,3,1,654074,55,2009,52,38.28,68.77
11010,Historical,52786,0,0,D,1,0,198091,115,2007,43,94.8,77.57
11011,Historical,56114,0,0,D,4,1,67244,49.95,2008,89,37.49,33.25
11012,Historical,56116,0,0,D,3,1,294750,45,2000,160,37.49,11.65
11013,Historical,120133,1,1,D,1,0,206939,171.4,2009,45,94.8,42.99
11014,Historical,132342,0,0,D,1,0,672236,89.4,2008,37,31.55,25
11015,Historical,164529,0,0,D,1,0,2126329,193.5,2000,14,107.58,73.86
11016,Historical,868312,0,0,D,2,1,1155748,115,1993,33,46.61,39.97
11017,Historical,532329,1,1,D,2,1,72413,121.6,2010,51,88.98,45.85
11018,Historical,329826,1,6,D,0,0,470725,112,2007,54,88.98,29.98
11019,Historical,132525,0,0,D,1,0,85218,169.6,2011,50,120.45,109.98
11020,Historical,2113672,0,0,D,0,0,651886,49.99,2013,14,0,44.99
11021,Historical,913928,1,1,D,0,0,1623943,26.95,2004,50,22.74,4.53
11023,Historical,2576248,0,0,D,1,0,5198350,78,1988,24,52.18,22.97
11024,Historical,632633,0,0,D,2,1,702287,145,1993,31,52.18,91.91
11025,Historical,2546302,0,0,D,0,0,4287217,64.95,1996,17,51.73,72.15
11026,Historical,162365,0,0,D,1,0,513719,49.95,2009,47,40.78,46.38
11027,Historical,569783,0,0,D,1,0,1066140,256.95,2006,73,50.74,23.91
11028,Historical,201823,1,2,D,1,0,794672,35,2000,42,28.98,6.24
11029,Historical,760138,0,0,D,1,0,2330809,85,2003,14,68.09,96.33
11030,Historical,164396,0,0,D,1,0,596447,85,2004,25,68,93.12
11031,Historical,757700,0,0,D,0,0,976504,90,2002,26,49.98,23.49
11032,Historical,60141,1,4,D,2,1,349532,127.47,2003,70,183.23,51.03
11033,Historical,285314,1,1,D,3,1,58901,134.48,2008,70,183.23,91.79
11034,Historical,260080,0,0,D,0,0,2815644,45.95,2003,36,38.5,7.98
11035,Historical,229135,0,0,D,2,1,851049,45.95,2007,37,38.5,45.17
11037,Historical,54649,0,0,D,8,1,668083,76.95,2006,86,42.89,11.94
11038,Historical,54650,0,0,D,9,1,235979,97.99,2010,94,42.89,35.47
11039,Historical,745251,0,0,D,7,1,7059216,0,2006,15,172.49,13.94
11040,Historical,60143,0,0,D,3,1,345770,432.95,2003,47,63.99,23.97
11041,Historical,509214,0,0,D,0,0,3859691,55.95,2006,17,34.98,55.95
11042,Historical,532316,0,0,D,2,1,1130754,50.99,2010,18,34.98,47.63
11043,Historical,652473,1,1,D,1,0,62016,218.6,2012,54,153.98,73.33
11044,Historical,178685,1,1,D,4,1,169399,322.95,2010,77,127.4,75.14
11045,Historical,416638,1,1,D,10,1,24181,38.98,2012,102,112.49,32.94
11046,Historical,58118,1,1,D,9,1,99175,28.48,2009,134,112.49,8.79
11047,Historical,58119,0,0,D,8,1,1193190,12.91,2007,102,112.49,8.98
11048,Historical,117735,0,0,D,1,0,596405,89.99,2007,23,68.04,53.03
11049,Historical,118324,0,0,D,1,0,480668,89.99,2007,40,68.04,36.67
11050,Historical,1658006,0,0,D,1,0,3377848,111.07,2009,13,165.93,72.35
11051,Historical,51232,0,0,D,5,1,1803248,192,2005,55,123.99,28.02
11052,Historical,51233,0,0,D,6,1,305257,239,2009,33,123.99,79.67
11053,Historical,51231,0,0,D,4,1,2638777,134.67,2002,45,123.99,23.54
11054,Historical,1583116,0,0,D,0,0,1058529,61.45,2011,18,0,35.32
11055,Historical,60144,0,0,D,3,1,2939339,95.8,2005,42,41.86,10.43
11056,Historical,545796,0,0,D,2,1,55350,113,2013,53,66.99,52.48
11057,Historical,132526,1,1,D,4,1,684170,105,2008,55,41.86,13.97
11058,Historical,495339,1,8,D,1,0,157014,95,2010,60,66.99,9.85
11059,Historical,287559,0,0,D,1,0,667783,101.6,2009,24,78.98,45.68
11060,Historical,148643,0,0,D,5,1,1441564,178.95,2009,46,103.72,20.99
11061,Historical,60145,0,0,D,4,1,2000779,106.95,2006,35,103.72,4.58
11062,Historical,58124,0,0,D,8,1,93002,329.95,2011,68,153.55,73.25
11063,Historical,875546,0,0,D,2,1,4125991,135.56,2004,16,22.87,52.87
11064,Historical,461610,0,0,D,1,0,5735503,0,2002,15,22.87,18.87
11065,Historical,58122,1,1,D,6,1,2010964,384.95,2005,56,153.55,5.79
11066,Historical,51143,0,0,D,12,1,514938,30.99,2007,98,129.99,18.3
11067,Historical,51144,0,0,D,13,1,26157,28.99,2010,113,129.99,29.88
11068,Historical,58123,0,0,D,7,1,263695,363.95,2008,93,153.55,21.75
11069,Historical,183633,0,0,D,3,1,626865,281.95,2007,35,22.87,49.73
11070,Historical,546802,1,4,D,8,1,26731,225,2012,143,12.94,176.99
11071,Historical,55174,1,1,D,6,1,1113814,150,2006,68,12.94,57.97
11072,Historical,532312,0,0,D,5,1,1445340,49.99,2010,24,22.16,21.22
11073,Historical,495417,0,0,D,4,1,776213,49.99,2007,15,22.16,37.89
11074,Historical,858294,0,0,D,6,1,577831,49.99,2013,26,22.16,32.95
11075,Historical,436701,0,0,D,8,1,692360,412.95,2008,85,172.49,13.98
11076,Historical,538771,1,2,D,9,1,29325,219.25,2013,127,124.99,63.03
11077,Historical,53347,0,0,D,9,1,1086944,379.95,2006,86,153.99,6.5
11078,Historical,533588,1,3,D,11,1,106771,344.95,2011,94,153.99,43.98
11079,Historical,417332,0,0,D,1,0,240142,244.25,2011,76,73.34,38.98
11080,Historical,148229,0,0,D,6,1,2641166,185.95,2004,32,34.22,46.99
11081,Historical,423317,1,2,D,1,0,173596,160.4,2011,39,124.87,49.95
11082,Historical,148476,0,0,D,7,1,1360207,337.95,2007,61,34.22,21.74
11083,Historical,244086,0,0,D,8,1,62928,316.95,2012,80,88.99,51.74
11084,Historical,620999,0,0,D,1,0,87645,232,2013,120,146.04,23.48
11085,Historical,53373,0,0,D,5,1,145110,21.04,2010,61,72.99,33.55
11087,Historical,916326,0,0,D,5,1,2700108,11.62,2006,63,67.18,7.66
11088,Historical,51139,0,0,D,6,1,1602053,382.95,2005,56,88.99,7.46
11089,Historical,914084,1,1,D,0,0,2416349,0,2013,45,146.04,65.57
11090,Historical,572199,0,0,D,6,1,1848787,153.16,2006,29,88.99,13.98
11091,Historical,641974,1,2,D,2,1,16633,181.8,2013,78,124.87,43.97
11092,Historical,52789,0,0,D,5,1,90695,166.67,2011,94,108.59,33.87
11093,Historical,52790,1,1,D,4,1,94147,146.67,2009,72,108.59,18.96
11094,Historical,53372,0,0,D,4,1,1080008,6.29,2008,67,72.99,4.96
11095,Historical,52968,0,0,D,5,1,1490693,304.95,2005,144,116.4,5.87
11096,Historical,554094,0,0,D,10,1,57374,185.33,2009,109,110.26,19.06
11097,Historical,421884,1,2,D,9,1,636561,175,2007,117,110.26,9.95
11098,Historical,52855,0,0,D,5,1,2525414,122,2004,42,103.65,8.22
11099,Historical,297903,0,0,D,11,1,45465,73.6,2011,83,93.74,39.41
11100,Historical,60146,0,0,D,9,1,1349363,5.61,2006,55,93.74,5.45
11101,Historical,161719,0,0,D,10,1,663781,5.39,2009,67,93.74,17.55
11102,Historical,52856,1,1,D,6,1,503991,164.8,2008,43,103.65,15.01
11103,Historical,51177,0,0,D,8,1,191370,209.2,2010,62,112.13,61.02
11104,Historical,533780,1,1,D,9,1,54595,244,2012,108,112.13,63.89
11105,Historical,51176,0,0,D,6,1,1177530,166.67,2006,35,112.13,22.08
11106,Historical,1451987,0,0,D,1,0,4725957,23.84,2011,3,20.56,14.97
11107,Historical,52388,1,1,D,2,1,1357107,4.89,2008,68,112.62,4.98
11108,Historical,416600,1,1,D,5,1,61092,40.69,2012,84,142.99,32.87
11109,Historical,111294,0,0,D,4,1,957597,12.93,2009,54,142.99,12.7
11110,Historical,51853,0,0,D,3,1,688614,15.94,2008,102,142.99,8.64
11111,Historical,532305,0,0,D,4,1,891978,275.85,2009,39,142.99,18.98
11112,Historical,544420,1,4,D,11,1,17129,247.95,2013,78,40.33,118.58
11113,Historical,100751,1,1,D,1,0,4717092,68.61,1999,29,15.99,43.98
11114,Historical,54043,1,2,D,9,1,1107861,236.95,2007,81,40.33,10.98
11115,Historical,148767,0,0,D,10,1,721860,249.95,2010,41,40.33,60.89
11116,Historical,54042,0,0,D,10,1,162521,256.95,2010,62,40.33,81.96
11117,Historical,865462,0,0,D,10,1,3461,152.8,2014,99,76.47,63.49
11118,Historical,286289,0,0,D,9,1,38329,114.4,2012,101,76.47,58.27
11119,Historical,51159,0,0,D,8,1,462931,103,2010,70,76.47,43.89
11120,Historical,866560,0,0,D,26,1,192217,64,2015,24,53.05,50.56
11121,Historical,744961,0,0,D,0,0,11505800,0,2005,11,30.89,26.76
11122,Historical,51002,0,0,D,5,1,429895,200.95,2008,108,30.89,43.54
11123,Historical,244160,0,0,D,9,1,27600,188.95,2012,127,83.99,36.99
11124,Historical,1435105,0,0,D,2,1,5932528,0,2010,22,0,46.17
11125,Historical,532847,0,0,D,24,1,181535,28.52,2012,44,53.05,92.74
11126,Historical,51001,0,0,D,4,1,1593568,119.95,2005,43,30.89,21.24
11127,Historical,112089,0,0,D,2,1,183456,40.69,2010,65,72.36,40.23
11128,Historical,550750,1,1,D,1,0,322415,6.57,2008,41,72.36,19.14
11129,Historical,51146,0,0,D,6,1,303864,104.8,2005,83,58.94,29.76
11130,Historical,52582,0,0,D,5,1,2593423,266.95,2005,58,117.38,6.97
11131,Historical,58111,0,0,D,6,1,883490,100,2005,51,77.55,12.96
11132,Historical,170020,0,0,D,7,1,270479,170.95,2010,46,89.49,64.45
11133,Historical,52583,0,0,D,6,1,248156,246.95,2008,69,117.38,18.03
11134,Historical,55329,1,3,D,1,0,1326137,13.88,2006,27,70.63,12.95
11135,Historical,55330,1,3,D,3,1,87671,154.75,2011,57,70.63,30.84
11136,Historical,55328,1,1,D,2,1,548414,14.08,2009,61,70.63,13.28
11137,Historical,51097,1,5,D,8,1,356526,207.95,2010,162,83.99,13.96
11138,Historical,290886,1,1,D,6,1,861284,170.95,2007,44,89.49,12.54
11139,Historical,52292,1,2,D,8,1,40430,58.99,2010,96,124.99,41.59
11141,Historical,514668,0,0,D,5,1,1408607,58.88,2005,23,91.99,50.21
11142,Historical,420921,0,0,D,7,1,2839185,123,2001,23,35.98,36.98
11143,Historical,115696,0,0,D,8,1,1570515,129,2004,15,35.98,29.98
11144,Historical,416248,1,1,D,10,1,4151328,115.05,2002,25,118.59,51.07
11145,Historical,51167,1,4,D,11,1,347214,8.49,2005,69,118.59,8.49
11146,Historical,51166,0,0,D,10,1,3219739,112.81,2003,32,118.59,60.43
11147,Historical,537390,1,1,D,6,1,40557,148.2,2012,100,68.87,51.27
11148,Historical,118290,1,2,D,5,1,545940,120,2010,83,68.87,24.99
11149,Historical,149287,0,0,D,0,0,3795001,58,2003,23,58.99,49.64
11150,Historical,137508,0,0,D,5,1,4609255,110,2005,21,93.97,46.47
11151,Historical,430981,0,0,D,4,1,13011056,85,2001,18,93.97,45.37
11152,Historical,287672,0,0,D,0,0,3108938,63,2009,20,58.99,53.9
11153,Historical,114545,1,1,D,7,1,1593381,166.67,2004,25,131.69,51.64
11154,Historical,286468,0,0,D,9,1,72025,265.6,2010,36,131.69,103.99
11155,Historical,501943,0,0,D,1,0,1578064,50.95,2003,41,36.99,8.08
11156,Historical,286248,0,0,D,1,0,1884708,60,2007,24,70.61,57.81
11157,Historical,286466,0,0,D,2,1,77068,83.6,2010,50,70.61,69.42
11158,Historical,537677,1,8,D,15,1,5210,393.75,2012,114,216.37,76.98
11159,Historical,437003,1,1,D,3,1,253414,409.95,2010,75,303.83,55
11160,Historical,533443,0,0,D,8,1,6025,282.8,2012,81,188.99,72.67
11161,Historical,51117,1,2,D,12,1,7427,374.95,2010,187,153.99,68.99
11162,Historical,55891,0,0,D,11,1,258300,409.95,2008,57,173.6,38.49
11163,Historical,55890,0,0,D,10,1,1646477,441.95,2006,28,173.6,43.99
11164,Historical,55889,0,0,D,9,1,1517169,249.95,2004,39,173.6,6.32
11165,Historical,148729,1,3,D,5,1,209152,368.95,2008,72,222.48,22.09
11166,Historical,148313,1,4,D,4,1,202777,466.95,2006,59,222.48,73.98
11167,Historical,51785,0,0,D,10,1,411558,428.95,2010,65,128.98,150.11
11168,Historical,51784,1,5,D,9,1,374654,311.95,2007,33,128.98,46.99
11169,Historical,544309,1,2,D,11,1,23599,390.95,2013,68,128.98,89.61
11170,Historical,50666,1,1,D,7,1,730149,296.95,2006,42,106.5,32.97
11171,Historical,50667,0,0,D,8,1,64783,302.95,2010,69,106.5,112.37
11172,Historical,435742,0,0,D,2,1,1226624,440.95,2007,50,303.83,106.69
11173,Historical,55172,0,0,D,7,1,47150,230.2,2009,105,188.99,42.88
11174,Historical,600353,1,3,D,3,1,444854,22.98,2010,47,275.99,19.34
11175,Historical,601198,1,1,D,4,1,128028,275.54,2012,57,275.99,52.62
11176,Historical,58106,0,0,D,14,1,36526,65.89,2009,148,216.37,33.98
11177,Historical,51116,1,2,D,11,1,33360,412.95,2008,144,153.99,43.98
11178,Historical,504115,0,0,D,6,1,797835,99.4,2006,26,48.16,49.95
11179,Historical,420979,0,0,D,5,1,698044,140,2001,14,48.16,55.99
11180,Historical,880513,1,1,D,12,1,1778242,938.99,2012,31,153.99,13.68
11181,Historical,55171,1,8,D,6,1,125599,193.33,2006,91,188.99,13.99
11182,Historical,58107,1,1,D,13,1,1311173,26.99,2006,79,216.37,25.32
11183,Historical,148754,1,2,D,6,1,552237,233.95,2010,167,82.93,38.98
11184,Historical,544417,1,3,D,7,1,55569,212.95,2013,46,82.93,102.99
11185,Historical,56790,0,0,D,9,1,132143,393.95,2011,63,94.99,84.86
11186,Historical,56788,0,0,D,7,1,555203,364.95,2006,53,94.99,28.53
11187,Historical,56789,0,0,D,8,1,1608454,314.95,2009,86,94.99,23.91
11188,Historical,51189,0,0,D,9,1,25254,266.95,2010,135,100.95,64.88
11189,Historical,51188,1,3,D,8,1,245867,266.95,2007,68,100.95,66.25
11190,Historical,110587,1,1,D,13,1,31538,319.25,2012,154,33.98,85.49
11191,Historical,52035,1,2,D,12,1,52952,18.98,2008,102,33.98,17.94
11192,Historical,317634,0,0,D,4,1,2502206,125,1998,26,33.99,35.93
11193,Historical,349814,0,0,D,12,1,932998,117.95,2007,49,48.83,18.16
11194,Historical,435592,0,0,D,7,1,986797,234.95,2005,98,172.49,27.7
11195,Historical,404653,0,0,D,10,1,523119,415.95,2009,43,74.79,33.99
11196,Historical,330396,0,0,D,8,1,4522983,234.95,2003,36,74.79,18.98
11197,Historical,330649,0,0,D,9,1,1642427,329.95,2006,31,74.79,19.99
11198,Historical,873366,0,0,D,4,1,1403196,36.69,2008,42,15.92,23.25
11200,Historical,118256,1,1,D,9,1,1421579,158,2011,49,43.98,23.49
11201,Historical,423079,0,0,D,8,1,1994896,136.8,2008,37,43.98,60.35
11202,Historical,55325,1,1,D,8,1,986971,200.8,2008,68,33.99,10.27
11203,Historical,55326,0,0,D,9,1,534060,205.33,2011,69,33.99,37.99
11204,Historical,456850,1,1,D,1,0,1578217,204.95,2004,19,37.17,34.99
11205,Historical,144972,0,0,D,10,1,1888485,135.4,2005,44,111.03,23.99
11206,Historical,145721,1,2,D,11,1,431861,205.6,2008,56,111.03,28.98
11207,Historical,415984,0,0,D,1,0,423744,69.99,2006,55,32,15.3
11208,Historical,106956,0,0,D,1,0,1426844,62.99,2003,33,32,30.49
11209,Historical,270072,1,2,D,10,1,609315,225,2011,95,138.57,43.98
11210,Historical,265935,0,0,D,9,1,1493951,173,2005,50,138.57,18.99
11211,Historical,193476,1,2,D,4,1,2271083,115.95,2006,29,48.74,9.92
11212,Historical,639871,1,1,D,6,1,274138,171.95,2012,63,48.74,58.24
11213,Historical,193643,0,0,D,5,1,181499,121.95,2009,45,48.74,12.28
11214,Historical,518431,0,0,D,2,1,4784932,105,2008,22,66.99,31.44
11215,Historical,532276,0,0,D,2,1,2385752,109,2008,21,82.37,11.98
11216,Historical,2257601,0,0,D,3,1,4157415,82.78,2011,45,82.37,61.34
11217,Historical,468698,1,2,D,1,0,857511,199,2010,32,128.94,75.89
11218,Historical,485650,0,0,D,0,0,1288331,50.4,1999,24,40.93,8.99
11219,Historical,365245,0,0,D,1,0,1767198,41.95,2006,27,139.11,17.79
11220,Historical,365333,0,0,D,2,1,388459,51.95,2008,38,139.11,9.89
11221,Historical,115713,0,0,D,0,0,2078514,109.33,2004,11,43.97,100.11
11222,Historical,515096,0,0,D,0,0,1104349,80,2004,32,43.97,91.83
11223,Historical,437838,0,0,D,2,1,4186755,75,2003,24,51.17,43.35
11224,Historical,417086,0,0,D,10,1,571744,40.28,2007,63,104.49,7.58
11225,Historical,532269,1,2,D,11,1,72648,42.99,2010,85,104.49,45.99
11226,Historical,51127,0,0,D,8,1,161941,418.95,2009,39,74.88,84.06
11227,Historical,51126,1,1,D,7,1,308110,442.95,2002,145,74.88,13.01
11228,Historical,262744,0,0,D,0,0,2073117,59.95,2008,21,60.38,47.98
11229,Historical,434719,1,2,D,1,0,1184663,159.33,2010,78,123.91,23.84
11230,Historical,532263,0,0,D,8,1,147883,244.67,2010,64,67.5,10.98
11231,Historical,869435,0,0,D,1,0,1983450,23.34,2011,20,193.93,18.79
11232,Historical,1517070,0,0,D,2,1,2949487,216.67,2012,19,109.57,621.45
11233,Historical,118296,1,1,D,1,0,28511,257.67,2012,108,152.99,33.99
11234,Historical,715995,0,0,D,1,0,207266,167.53,2012,18,152.99,47.87
11235,Historical,550452,1,1,D,1,0,17583,28.12,2012,77,193.93,23.99
11236,Historical,422038,0,0,D,7,1,1272193,186.67,2007,56,67.5,31.43
11237,Historical,553783,0,0,D,5,1,114458,217.33,2009,81,152.73,65.09
11238,Historical,594433,0,0,D,2,1,1264776,99,2012,18,58.99,69.91
11239,Historical,872240,0,0,D,0,0,2273223,89.95,2008,24,58.99,11.88
11240,Historical,110333,0,0,D,6,1,91059,62.95,2010,90,106.99,40.86
11241,Historical,51131,1,1,D,5,1,711082,23.65,2007,78,114.99,8.86
11242,Historical,435008,0,0,D,2,1,274605,222.33,2011,178,73.84,23.99
11243,Historical,329847,0,0,D,1,0,1471417,180,2009,74,73.84,10.42
11244,Historical,1472942,0,0,D,0,0,2110437,65,2010,14,58.12,36.94
11245,Historical,2252460,1,1,D,3,1,2776970,93.87,2010,54,4.29,181.22
11246,Historical,143306,1,1,D,3,1,349652,210,2010,91,4.29,81.55
11247,Historical,143124,0,0,D,2,1,956002,145,2006,26,4.29,85.37
11248,Historical,448594,1,1,D,1,0,3483385,152.5,2001,22,78.98,24.98
11249,Historical,1590667,0,0,D,2,1,733113,43,2010,11,0,21.5
11250,Historical,53345,1,1,D,10,1,304905,331.95,2009,75,153.99,9.46
11251,Historical,142104,0,0,D,6,1,74208,19.98,2010,57,31.26,18.98
11252,Historical,141655,0,0,D,4,1,2411419,63.75,2004,39,31.26,15.03
11253,Historical,141876,1,2,D,5,1,1234493,11.99,2007,53,31.26,8.64
11254,Historical,248245,0,0,D,0,0,93512,45,2011,77,36.55,23.49
11255,Historical,56712,0,0,D,4,1,396931,59.95,2011,188,59.7,7.95
11256,Historical,864585,0,0,D,7,1,11594,69.95,2014,115,59.7,18.87
11257,Historical,795600,1,1,D,5,1,363519,59.95,2012,211,59.7,9.48
11258,Historical,641978,0,0,D,0,0,44110,74.95,2013,66,65.39,50.43
11259,Historical,614093,1,20,D,0,0,53761,99.95,2012,74,65.39,49.64
11260,Historical,534186,0,0,D,4,1,790681,49.99,2010,51,26.99,9.77
11261,Historical,181989,0,0,D,3,1,1383887,49.99,2007,39,26.99,21.99
11262,Historical,3790449,0,0,D,3,1,293185,135.2,2000,28,0,122.81
11263,Historical,52158,1,2,D,5,1,771413,123,2006,36,150.99,52.89
11264,Historical,533701,0,0,D,7,1,51020,166.4,2012,49,150.99,130.26
11265,Historical,2428334,0,0,D,1,0,5946039,68,1994,26,29.57,38.98
11266,Historical,61186,1,1,D,1,0,177787,108.5,1996,39,53.99,78.49
11267,Historical,608729,0,0,D,2,1,931554,54.99,2006,31,38.61,18.48
11268,Historical,544751,0,0,D,4,1,369159,228.95,2013,31,167.14,111.47
11269,Historical,921923,0,0,D,0,0,284480,14.99,1996,92,31.15,9.89
11270,Historical,882195,0,0,D,4,1,5216733,59,1995,10,31.42,114.28
11271,Historical,60149,0,0,D,2,1,1227441,146.95,2005,26,38.99,51.98
11272,Historical,178232,0,0,D,1,0,2581932,100.95,1998,39,38.99,53.45
11273,Historical,607646,0,0,D,3,1,835164,49.99,1998,78,39.96,55.85
11274,Historical,130085,1,1,D,4,1,261467,59.99,2005,49,39.96,37.84
11275,Historical,321928,0,0,D,3,1,149183,79.99,1997,166,53.99,13.94
11276,Historical,57517,0,0,D,4,1,1218704,203.95,2008,49,166.36,17.24
11277,Historical,651853,0,0,D,4,1,537673,99.99,2009,25,49.99,65.63
11278,Historical,2082608,0,0,D,0,0,272033,100,2013,13,0,72.41
11279,Historical,903906,0,0,D,0,0,764703,26,1955,14,36.25,23.41
11280,Historical,532222,0,0,D,2,1,142952,195,2012,51,81.64,43.27
11281,Historical,738459,0,0,D,5,1,907911,75,2003,31,108.18,28.97
11282,Historical,53814,1,1,D,5,1,37632,81.95,2009,440,47.19,15.66
11283,Historical,53813,0,0,D,4,1,593569,64.95,2005,222,47.19,10.22
11284,Historical,2599055,0,0,D,0,0,1776898,28.99,1994,27,39.99,7.19
11285,Historical,264641,0,0,D,2,1,2813402,77.95,2006,22,53.94,8.94
11286,Historical,299891,0,0,D,3,1,466061,77.95,2009,64,53.94,30.59
11287,Historical,623378,1,6,D,1,0,503423,59.95,2012,63,48.89,17.99
11289,Historical,210969,0,0,D,2,1,279012,47.95,2007,23,15.07,11.81
11290,Historical,57344,0,0,D,8,1,562259,65.95,2007,121,57.01,11.9
11291,Historical,57343,0,0,D,9,1,38403,78.95,2011,140,57.01,12.38
11292,Historical,113480,0,0,D,1,0,2244178,73.95,2003,28,45.48,28.99
11293,Historical,312047,0,0,D,2,1,59170,72.95,2010,28,45.48,46.2
11294,Historical,616726,1,2,D,2,1,61762,195.25,2011,59,125.17,40.86
11295,Historical,2619753,0,0,D,0,0,394542,87.95,2000,62,35.68,78.79
11296,Historical,298759,0,0,D,2,1,200820,151.27,2011,58,125.17,43.99
11297,Historical,645374,0,0,D,5,1,846968,80.51,2008,24,103.99,50.79
11298,Historical,920168,1,1,D,0,0,306484,161.95,1996,48,35.68,62.76
11299,Historical,613708,1,4,D,1,0,1492691,14.98,2007,45,125.17,14.95
11300,Historical,868486,1,1,D,3,1,1425687,75,1994,26,78.99,53.43
11301,Historical,540549,0,0,D,7,1,821410,92.21,2009,20,130.95,69.57
11302,Historical,51746,0,0,D,6,1,2149502,352.95,2002,66,76.59,13.99
11303,Historical,51747,0,0,D,7,1,251943,390.95,2005,101,76.59,39.99
11304,Historical,917856,1,2,D,9,1,1521090,20.99,2008,62,89.98,13.77
11305,Historical,52375,0,0,D,11,1,899107,153.33,2006,110,93.99,43.32
11306,Historical,146373,0,0,D,10,1,22702,205,2011,190,89.98,28.22
11307,Historical,52376,0,0,D,12,1,166423,176,2009,116,93.99,23.99
11308,Historical,889991,0,0,D,0,0,10060555,0,2006,10,0,18.9
11309,Historical,615514,1,1,D,1,0,130854,266.4,2010,92,143.72,37.95
11310,Historical,115025,0,0,D,8,1,1160705,120,2000,76,28.76,49.36
11311,Historical,569880,1,2,D,0,0,1051126,0,1991,41,35.68,136.35
11312,Historical,3130599,0,0,D,0,0,2608723,92.95,2000,22,47.99,45.55
11313,Historical,907825,0,0,D,3,1,334866,83,2006,26,78.99,60.83
11314,Historical,596668,0,0,D,0,0,212462,65.5,1998,86,38.98,20.93
11315,Historical,53875,0,0,D,8,1,75031,318.95,2005,155,143.23,77.35
11316,Historical,54740,1,1,D,3,1,1332896,276.95,2005,34,128.94,17.15
11317,Historical,877535,0,0,D,4,1,3349905,0,2008,28,128.94,97.63
11318,Historical,53438,0,0,D,3,1,479288,350.95,2006,94,117.03,26.7
11319,Historical,53440,0,0,D,2,1,561421,199.95,2000,104,117.03,17.63
11320,Historical,52477,0,0,D,4,1,1368368,295.95,2007,63,128.94,8.93
11321,Historical,572319,0,0,D,4,1,1385733,51.65,2007,23,141.92,51.79
11322,Historical,613344,0,0,D,3,1,1301082,37.94,2007,56,56.47,49.99
11323,Historical,51357,1,3,D,5,1,36575,302.95,2010,188,141.92,26.98
11324,Historical,859362,0,0,D,3,1,776615,18.3,2006,48,56.47,11.45
11325,Historical,51358,0,0,D,4,1,375308,333.95,2006,112,141.92,66.98
11326,Historical,252587,1,1,D,1,0,392047,139.65,2008,179,104.57,14.9
11327,Historical,540553,1,2,D,1,0,33139,266.4,2010,269,190.76,21.89
11328,Historical,870034,0,0,D,1,0,2053878,0,2011,29,190.76,41.39
11329,Historical,53878,0,0,D,7,1,907226,13.99,2002,67,119.05,43.94
11330,Historical,728085,0,0,D,10,1,5071708,127.33,2001,19,50.17,38.97
11331,Historical,51787,0,0,D,6,1,37670,344.95,2007,265,180.09,39.27
11332,Historical,665493,0,0,D,2,1,161416,168.3,2011,34,0,0
11333,Historical,53877,1,1,D,8,1,868022,33.96,2005,104,119.05,27.99
11334,Historical,252668,1,1,D,2,1,327122,151.5,2011,54,104.57,82.38
11335,Historical,566756,1,1,D,8,1,2189432,0,2005,44,96.49,127.77
11336,Historical,165900,0,0,D,8,1,681072,38.99,2005,78,96.49,38.95
11337,Historical,162329,0,0,D,9,1,133554,78.72,2008,51,96.49,58.98
11338,Historical,713904,0,0,D,1,0,4054341,122,2000,32,78.59,22.99
11339,Historical,114522,1,1,D,2,1,154403,153.33,2003,107,78.59,10.99
11340,Historical,109310,0,0,D,9,1,2309576,164,2005,53,93.28,8.98
11341,Historical,51172,1,2,D,10,1,542691,22.98,2009,161,93.28,32.8
11342,Historical,51171,0,0,D,9,1,1208937,13.99,2006,63,93.28,13.99
11343,Historical,51072,0,0,D,11,1,90598,153.33,2007,81,58.99,48.54
11344,Historical,51073,1,1,D,12,1,102475,190.33,2010,247,58.99,21.99
11345,Historical,556773,0,0,D,1,0,151370,190.33,2002,128,178.13,11.99
11346,Historical,904127,1,2,D,2,1,1561024,51.95,2001,23,192.57,84.23
11347,Historical,613369,1,1,D,3,1,29843,166,2006,169,120.45,63.97
11348,Historical,627456,1,7,D,3,1,509656,166,2009,69,120.45,32.46
11349,Historical,772172,0,0,D,2,1,256272,365.95,2008,62,94.14,87.21
11350,Historical,182506,0,0,D,1,0,628422,401.95,2001,47,94.14,59.87
11351,Historical,53442,0,0,D,6,1,20598,344.95,2007,199,185.24,48.99
11352,Historical,179217,0,0,D,9,1,210282,180.95,2009,55,153.64,66.94
11353,Historical,292187,1,2,D,8,1,390022,309.95,2005,103,153.64,71.91
11354,Historical,183186,0,0,D,8,1,109047,204.89,2005,143,153.64,28.99
11355,Historical,291726,0,0,D,5,1,249499,292.95,2010,112,119.28,59.29
11356,Historical,60151,1,1,D,4,1,631202,321.95,2006,58,119.28,41.49
11357,Historical,2422153,0,0,D,2,1,3868909,0,1979,19,43.88,55.71
11358,Historical,2422137,0,0,D,0,0,2091013,0,1973,14,43.88,128.39
11359,Historical,614224,1,1,D,9,1,961331,34.01,2002,53,36.18,37.99
11360,Historical,164442,0,0,D,9,1,2381004,60.79,2002,31,187.73,27.98
11361,Historical,758685,0,0,D,8,1,3129404,0,1998,30,187.73,56.38
11362,Historical,532210,1,2,D,5,1,105679,208.6,2008,99,148.93,32.83
11363,Historical,60153,0,0,D,4,1,344073,21.63,2004,118,148.93,12.99
11364,Historical,55967,0,0,D,8,1,1004463,34.98,2005,30,100.34,35.99
11365,Historical,55966,0,0,D,9,1,743750,124.67,2009,49,100.34,53.98
11366,Historical,161867,1,1,D,5,1,88495,182.28,2008,129,106.77,44.91
11367,Historical,162134,0,0,D,5,1,117647,17.99,2008,114,106.77,12.74
11368,Historical,252588,0,0,D,1,0,1260748,96.9,2007,53,10.98,21.59
11369,Historical,165916,0,0,D,4,1,461163,188.16,2004,101,106.77,66.33
11370,Historical,169735,1,2,D,6,1,1230775,87.23,2008,42,185.24,37.16
11373,Historical,868010,0,0,D,0,0,1146763,82.4,1985,23,67.98,91.64
11374,Historical,2654484,0,0,D,5,1,3784290,139.16,1994,21,127.72,45.99
11375,Historical,146636,1,2,D,10,1,45728,205,2011,58,43.99,163.97
11376,Historical,145462,1,1,D,9,1,1209047,168.67,2007,69,43.99,12.98
11377,Historical,613447,1,6,D,1,0,148692,86.75,1988,70,75.74,17.99
11378,Historical,232844,0,0,D,6,1,4590460,39.95,2003,18,44.7,10.98
11379,Historical,873245,0,0,D,6,1,1158525,164.95,2009,40,95.33,38.49
11380,Historical,632129,0,0,D,7,1,112020,150.95,2012,37,95.33,57.85
11381,Historical,232793,0,0,D,7,1,726140,44.95,2007,27,44.7,36.99
11382,Historical,873270,0,0,D,5,1,1887325,174.95,2007,33,95.33,42.95
11383,Historical,109914,1,2,D,9,1,202624,108.38,2006,26,73.63,56.48
11384,Historical,704189,1,1,D,8,1,97921,13.96,2002,45,73.63,18.98
11386,Historical,612635,0,0,D,4,1,148159,49.95,2013,30,23.98,34.83
11387,Historical,621955,0,0,D,3,1,479342,49.95,2010,47,23.98,33.14
11389,Historical,590353,1,2,D,13,1,198736,83.2,2012,52,9.33,93.97
11390,Historical,544634,1,1,D,13,1,152286,79.6,2013,44,47.64,49.6
11391,Historical,652522,0,0,D,6,1,82444,134.95,2012,31,36.34,73.39
11392,Historical,468671,1,3,D,5,1,311981,106.95,2008,21,36.34,51.57
11393,Historical,867979,1,2,D,0,0,256797,79,1997,35,71.9,45.26
11394,Historical,617665,1,1,D,0,0,378241,118.25,2007,77,7.87,18.07
11395,Historical,132656,1,2,D,12,1,449387,53.8,2008,44,19,32.04
11396,Historical,143644,0,0,D,7,1,1679320,149,2010,29,87.04,8.98
11397,Historical,540469,0,0,D,8,1,622573,191,2012,33,87.04,72.89
11398,Historical,737654,0,0,D,6,1,2306511,112,2007,17,87.04,1088.85
11399,Historical,544313,1,1,D,12,1,28095,90.95,2013,69,58.94,53.46
11400,Historical,169854,0,0,D,10,1,433269,95.95,2008,49,58.94,41.03
11401,Historical,170200,0,0,D,11,1,134820,99.95,2011,47,58.94,17.03
11402,Historical,859363,0,0,D,9,1,169302,99.38,2006,48,73.63,49.99
11403,Historical,148494,0,0,D,8,1,1429240,87.95,2006,30,73.54,37.99
11404,Historical,914577,0,0,D,5,1,2954237,53.34,2002,27,39.95,4
11405,Historical,561961,0,0,D,6,1,179986,80.95,2005,11,22.99,32.99
11406,Historical,917925,0,0,D,0,0,2424664,53.34,2005,34,39.95,20.99
11407,Historical,148705,0,0,D,7,1,754874,94.95,2007,21,22.99,144.91
11408,Historical,148049,0,0,D,12,1,1856812,53.95,2003,26,49.11,41.46
11409,Historical,608080,0,0,D,13,1,186342,53.95,2007,31,49.11,55.41
11410,Historical,148344,0,0,D,1,0,1291420,64.95,2006,21,34.46,21.64
11411,Historical,2142554,1,2,D,0,0,1754991,31.64,2009,32,0,35.64
11412,Historical,870952,1,4,D,11,1,212032,59.95,2004,48,93.99,43.99
11413,Historical,148493,0,0,D,8,1,356629,74.95,2006,31,28.99,39.97
11414,Historical,178888,0,0,D,9,1,293878,74.95,2010,41,28.99,48.94
11415,Historical,667382,1,3,D,13,1,231877,55,2013,39,93.99,35
11416,Historical,147900,1,1,D,7,1,1193388,52.95,2003,38,28.99,8.87
11417,Historical,642795,1,1,D,0,0,99198,48.76,1998,28,13.99,73.07
11418,Historical,278917,0,0,D,2,1,979804,39.95,2006,33,25.27,40.98
11419,Historical,378756,0,0,D,1,0,447506,34.95,1999,88,25.27,19.75
11420,Historical,1927120,0,0,D,0,0,1100786,45,2012,19,56.67,7.09
11421,Historical,1589561,0,0,D,1,0,3748814,80.5,2008,14,35.61,57.11
11422,Historical,1927340,0,0,D,0,0,2710085,19.95,2013,7,43.6,15.91
11423,Historical,2595182,0,0,D,3,1,1133235,58,1991,55,0,25.99
11424,Historical,1590695,0,0,D,4,1,1481282,110.25,2006,16,0,112.89
11425,Historical,2612115,0,0,D,3,1,5025845,59.25,2002,9,0,61.9
11426,Historical,2343870,1,1,D,0,0,941903,89.95,1996,26,125.76,18.49
11427,Historical,561442,1,1,D,6,1,340932,160,2010,83,103.87,43.14
11428,Historical,630492,0,0,D,1,0,34724,181.8,2013,42,79.98,148.99
11429,Historical,615229,1,3,D,1,0,8715,167.8,2013,146,79.98,51.99
11430,Historical,435053,1,3,D,5,1,4557,172.2,2012,216,122.99,44.99
11431,Historical,146297,0,0,D,4,1,73395,146.4,2009,201,122.99,21.98
11432,Historical,50078,1,1,D,2,1,137051,133.33,2006,151,125.49,15.99
11433,Historical,146286,0,0,D,3,1,58751,156.93,2009,159,125.49,28.35
11434,Historical,632514,0,0,D,2,1,2644502,54.95,2007,23,31.01,44.74
11435,Historical,1534386,0,0,D,0,0,2095900,99,2007,16,116.3,76.96
11436,Historical,2003163,0,0,D,0,0,2521249,99.95,2006,19,87.43,68.35
11437,Historical,788929,0,0,D,3,1,7719955,179,2001,15,106.99,109.53
11438,Historical,2562852,0,0,D,2,1,4328075,169.95,1995,17,89.54,52.29
11439,Historical,2405046,0,0,D,2,1,3617005,245,1996,19,70.17,71.5
11440,Historical,631445,0,0,D,11,1,2885631,109.25,2009,18,38.67,67.45
11441,Historical,660226,0,0,D,9,1,4017983,59.95,2005,17,38.67,22.31
11442,Historical,774519,0,0,D,1,0,3299046,232,2004,20,62.46,49.74
11443,Historical,365587,1,1,D,2,1,1683131,114.95,2004,16,158.41,111.65
11444,Historical,366490,0,0,D,3,1,1414612,138.95,2003,23,46.31,23.99
11445,Historical,625302,0,0,D,2,1,1061236,146,2009,32,105.54,38.79
11446,Historical,2679157,0,0,D,2,1,4068751,105,1996,27,87.52,61.99
11447,Historical,632456,1,1,D,2,1,1716613,72.95,2000,33,45.16,16.15
11448,Historical,2323462,0,0,D,2,1,4176961,233.39,1994,13,362.97,54.73
11449,Historical,691912,0,0,D,3,1,551082,234.95,1998,19,362.97,78.67
11450,Historical,680977,0,0,D,3,1,3130120,27,2010,14,37.18,46.74
11451,Historical,268784,0,0,D,3,1,1773762,90,2006,31,37.18,21.51
11452,Historical,200089,1,1,D,1,0,1239254,133.95,2004,12,0,45.03
11453,Historical,625283,0,0,D,2,1,654969,52,2009,22,23.98,21.74
11454,Historical,703306,0,0,D,1,0,3264241,59.99,2004,19,23.98,63.39
11455,Historical,278977,0,0,D,2,1,487841,89,2009,39,335.88,107.16
11456,Historical,1725818,0,0,D,1,0,5513501,115,2007,18,133.81,65.88
11457,Historical,1591832,0,0,D,1,0,4143277,115,2009,21,48.11,87.41
11458,Historical,905921,0,0,D,1,0,2290746,52.49,2010,22,41.98,99.78
11459,Historical,626929,1,1,D,4,1,275475,76.95,2003,28,64.93,72.43
11460,Historical,300547,0,0,D,1,0,3866648,59.95,2006,16,70.16,29.93
11461,Historical,774475,0,0,D,6,1,6054992,58.95,2003,16,123.33,32.25
11462,Historical,633043,0,0,D,7,1,2416596,249,2007,14,123.33,73.77
11463,Historical,192436,0,0,D,4,1,1128325,319,2004,16,132.99,92.84
11465,Historical,618623,0,0,D,1,0,1560250,59.95,2005,36,28.64,49.77
11466,Historical,638249,0,0,D,2,1,2156151,102,2004,22,0,17.83
11467,Historical,628164,0,0,D,3,1,1428111,110,2009,20,0,54.95
11468,Historical,890152,0,0,D,3,1,4843807,302.95,2008,9,197.88,274.05
11469,Historical,609173,0,0,D,5,1,1634372,99.95,2004,25,31.7,43.54
11470,Historical,532173,0,0,D,4,1,346549,80.95,2000,19,31.7,103.95
11471,Historical,2940585,0,0,D,0,0,1261569,79.95,2003,12,52.99,30.89
11472,Historical,915421,0,0,D,4,1,3506235,59.95,2005,20,53.51,35.93
11473,Historical,625336,0,0,D,5,1,1408146,72.95,2008,20,53.51,23.99
11474,Historical,646512,0,0,D,2,1,1455870,109.95,2008,35,82.24,55.07
11475,Historical,105848,0,0,D,2,1,3230263,270,2003,16,155.73,48.57
11476,Historical,532169,0,0,D,2,1,492357,105.99,2008,24,67.64,12.49
11477,Historical,190761,0,0,D,1,0,4489144,147,1999,11,66.99,39.68
11478,Historical,257585,0,0,D,2,1,2392844,47.95,2001,31,27.49,6.49
11479,Historical,56230,0,0,D,5,1,214206,131.95,2007,66,63.37,30.88
11480,Historical,56226,0,0,D,4,1,2249266,158.95,2001,72,63.37,15.87
11481,Historical,203912,0,0,D,3,1,1016828,241.99,2007,30,209.98,195.75
11482,Historical,105655,1,1,D,1,0,924764,94.95,2004,36,27.99,13.97
11483,Historical,627519,1,2,D,2,1,582924,48.99,2008,25,23.74,13.95
11484,Historical,898309,0,0,D,1,0,8155645,145,2001,14,126.87,41.98
11485,Historical,2551342,0,0,D,3,1,3113536,389,2001,13,0,268.98
11486,Historical,294148,0,0,D,0,0,889025,44.95,2004,41,23.45,12
11487,Historical,544881,0,0,D,3,1,3685779,57.99,2009,10,51.03,71.9
11488,Historical,891523,0,0,D,2,1,3063715,61.99,2003,15,51.03,74.45
11489,Historical,110096,0,0,D,1,0,172683,113.25,2010,121,77.93,18.99
11490,Historical,660536,1,1,D,3,1,1063356,89.89,2000,27,163.98,69.1
11491,Historical,795610,0,0,D,1,0,3904288,210.95,2007,13,67.82,101.43
11492,Historical,183060,0,0,D,1,0,424738,173.95,2005,31,67.82,15.51
11493,Historical,299052,0,0,D,3,1,502147,69.95,2009,27,53.09,62.76
11494,Historical,51373,0,0,D,7,1,288107,234.95,2006,130,146.74,16
11495,Historical,618814,0,0,D,1,0,523088,120,2004,30,56.99,23.99
11496,Historical,251774,1,2,D,3,1,451798,124.95,2008,43,61.59,33.94
11497,Historical,576115,1,1,D,2,1,4443812,103.95,2005,20,61.59,11.17
11498,Historical,889994,0,0,D,2,1,2591945,54,2006,25,66.12,51.3
11499,Historical,919749,0,0,D,4,1,1600675,7.99,2005,44,62.91,7.99
11500,Historical,614852,1,1,D,5,1,65232,115,2010,96,62.91,20.95
11501,Historical,132239,0,0,D,9,1,166012,134,2006,75,114.15,41.93
11502,Historical,247769,0,0,D,2,1,194308,77,2009,51,62.98,47.23
11503,Historical,615460,0,0,D,3,1,2686931,68.67,2000,24,18.42,45.15
11504,Historical,2621178,0,0,D,1,0,1538539,24.95,2003,23,0,4.41
11505,Historical,55040,0,0,D,2,1,1804952,36.95,2006,40,33.81,9.99
11506,Historical,55041,1,1,D,3,1,684954,58.95,2009,77,33.81,10.99
11507,Historical,3124088,0,0,D,0,0,236383,36.95,2005,24,42.95,35.99
11508,Historical,387479,0,0,D,5,1,171655,181.95,2008,33,41.29,72.15
11509,Historical,245254,0,0,D,4,1,1110749,122.95,2005,33,41.29,11.99
11510,Historical,576646,0,0,D,0,0,2771523,64.95,2004,38,11.79,15.91
11511,Historical,576655,0,0,D,2,1,492114,112.95,2007,66,11.79,9.99
11512,Historical,2143274,0,0,D,4,1,2504966,79.95,2011,10,0,40.63
11513,Historical,780221,0,0,D,1,0,917547,39.95,2007,15,53.32,38.46
11514,Historical,609633,0,0,D,5,1,946493,241.95,2009,22,137.99,175.99
11516,Historical,915054,1,1,D,4,1,1225797,97.81,1993,31,10.11,27.83
11517,Historical,402586,1,5,D,0,0,131404,102.32,2003,54,67.16,60.84
11518,Historical,609484,0,0,D,4,1,1442634,37.95,2006,19,137.99,10.48
11519,Historical,788108,0,0,D,3,1,1482551,190.95,2000,41,4.98,19.49
11520,Historical,1449430,0,0,D,4,1,293196,124.25,2006,16,45,22.94
11521,Historical,53171,1,1,D,5,1,1146562,208.95,2007,64,187.73,27.12
11522,Historical,53172,0,0,D,6,1,131165,261.95,2011,59,187.73,51.32
11523,Historical,592616,0,0,D,7,1,5477643,91.95,2007,15,88.18,59.22
11524,Historical,221736,0,0,D,6,1,2198320,89.95,2003,19,88.18,29.36
11525,Historical,253970,0,0,D,11,1,319996,168,2011,40,60.87,38.49
11526,Historical,105906,0,0,D,2,1,1746575,65,2002,38,4,9.99
11527,Historical,606876,0,0,D,5,1,363394,156.75,2002,23,122.37,78.37
11528,Historical,920896,0,0,D,5,1,489482,84.5,1998,71,122.37,28.99
11530,Historical,278715,1,2,D,0,0,995944,169.5,2004,36,0,69.91
11531,Historical,106727,0,0,D,2,1,38316,88,2010,53,68.53,45.32
11532,Historical,105834,0,0,D,1,0,807948,65.95,2003,40,68.53,45.4
11533,Historical,106460,0,0,D,7,1,590389,138,2007,62,39.68,41.54
11534,Historical,60159,0,0,D,6,1,1909355,94.95,2004,106,66.99,4.02
11535,Historical,169812,0,0,D,7,1,116024,172.95,2008,68,66.99,14.43
11536,Historical,228780,0,0,D,1,0,1228302,135,2008,13,80.88,28.74
11537,Historical,651883,0,0,D,2,1,77460,69,2009,54,58.99,30.37
11538,Historical,132411,0,0,D,5,1,3443754,68.4,2007,34,12.76,9.93
11539,Historical,870611,0,0,D,3,1,1128549,56.8,1998,17,46.5,11.34
11540,Historical,408456,0,0,D,0,0,1355229,37.95,1998,28,51.46,36.34
11541,Historical,669235,0,0,D,1,0,644332,39.95,2009,11,39.91,43.99
11542,Historical,136420,0,0,D,11,1,417142,116.87,1997,45,100.36,46.99
11543,Historical,630241,0,0,D,12,1,617306,188,2004,26,100.36,220.49
11544,Historical,120470,0,0,D,1,0,4184803,26.67,1997,39,22.98,4.76
11545,Historical,386749,0,0,D,1,0,1170423,95.95,2007,55,42.71,12.58
11546,Historical,908073,0,0,D,0,0,2306640,18.24,2002,45,46.09,18.24
11547,Historical,127113,0,0,D,1,0,391980,64.95,2009,48,53.99,13.94
11548,Historical,875183,0,0,D,3,1,2864082,0,1993,33,72.47,43.25
11549,Historical,698925,0,0,D,6,1,611927,49.27,2009,26,112.24,49.98
11550,Historical,110206,1,1,D,6,1,48629,13.99,2009,60,112.24,33.99
11551,Historical,109062,0,0,D,5,1,1467413,8.99,2006,66,112.24,8.97
11552,Historical,2618804,0,0,D,1,0,2619852,51.95,1996,18,0,22.99
11553,Historical,176757,0,0,D,2,1,2738560,69.95,1999,23,20.98,20.94
11554,Historical,218727,0,0,D,5,1,494954,62,2007,59,35.85,17.99
11555,Historical,482309,0,0,D,6,1,115893,59,2011,58,35.85,54.1
11556,Historical,200051,0,0,D,3,1,593183,59.95,2005,49,15.99,14.23
11557,Historical,178108,0,0,D,4,1,903950,65.95,2004,43,67.15,8.94
11558,Historical,224706,0,0,D,6,1,405830,134.95,2010,49,67.15,24.46
11559,Historical,169407,1,2,D,5,1,1343107,129.95,2007,49,67.15,40.48
11560,Historical,230265,0,0,D,1,0,2528067,37,1998,24,66.74,6.47
11561,Historical,348345,0,0,D,2,1,913052,192.95,1998,38,34.74,12.73
11562,Historical,870438,0,0,D,5,1,1149808,18.35,2007,46,28.59,22.77
11563,Historical,287565,1,1,D,5,1,1288576,74.6,2007,52,28.59,14.99
11564,Historical,618033,1,1,D,1,0,257975,59.95,2000,66,57.35,8.17
11565,Historical,281634,0,0,D,0,0,888088,9.99,2006,21,43.06,17.56
11566,Historical,3566648,0,0,D,3,1,3239190,101,2002,11,0,441.23
11567,Historical,919490,0,0,D,3,1,94700,42.95,2002,51,43.99,51
11568,Historical,544947,0,0,D,4,1,294400,50,2008,38,43.99,43.94
11569,Historical,117226,0,0,D,3,1,298432,32.4,2006,57,18.56,15.93
11570,Historical,544281,0,0,D,5,1,144086,124.95,2012,50,66.28,79.24
11571,Historical,169935,1,2,D,4,1,423206,128.95,2009,85,66.28,15.74
11572,Historical,346359,0,0,D,6,1,1295361,69.95,2008,29,52.83,9.33
11573,Historical,738430,0,0,D,4,1,5853559,125,2003,21,58.98,20.96
11574,Historical,143161,0,0,D,5,1,2111884,146,2007,41,58.98,18.05
11575,Historical,2473042,1,1,D,0,0,1611411,66,1987,13,157.45,64.91
11576,Historical,737616,0,0,D,3,1,2374418,160,2008,18,23.54,71.11
11577,Historical,143612,0,0,D,4,1,867435,213,2011,56,23.54,120.8
11578,Historical,868722,1,1,D,9,1,2916840,116.99,2008,46,78.99,116.94
11579,Historical,900143,0,0,D,7,1,7816663,73,1999,13,78.99,76.8
11580,Historical,868582,0,0,D,5,1,3278876,5.99,2007,32,74.65,5.99
11581,Historical,632947,0,0,D,5,1,1478952,43.94,2009,35,181.28,33.86
11582,Historical,143523,1,2,D,3,1,701245,210,2011,119,87.5,72.61
11583,Historical,2829209,0,0,D,2,1,3041926,113,2005,17,203.97,35
11584,Historical,609936,1,4,D,6,1,8351,225,2012,188,63.48,122.07
11585,Historical,56615,1,7,D,5,1,245598,225,2009,281,63.48,52.07
11586,Historical,193625,0,0,D,7,1,784271,143,2008,56,61.6,23.97
11587,Historical,193329,0,0,D,6,1,5068074,114,2003,20,61.6,29.46
11588,Historical,143622,0,0,D,8,1,673543,202,2009,28,91.29,153.37
11589,Historical,903557,0,0,D,7,1,9321271,64.95,2005,33,49.14,36.56
11590,Historical,532121,0,0,D,10,1,3455163,60,2012,27,49.14,54.22
11591,Historical,265934,1,4,D,5,1,987505,179,2006,47,43.99,59.41
11592,Historical,288441,1,1,D,4,1,3045703,89,1998,16,170.19,49.89
11593,Historical,288414,0,0,D,5,1,934551,188,2007,16,0,0
11594,Historical,2419237,1,1,D,4,1,3694404,99,2003,26,48.06,39.88
11595,Historical,737298,0,0,D,2,1,4925968,126,2004,13,123.43,72.99
11596,Historical,143262,0,0,D,3,1,883025,202,2009,31,123.43,73.27
11597,Historical,142876,1,1,D,4,1,3438579,110,2004,20,133.97,49.07
11598,Historical,532120,0,0,D,5,1,834724,176,2008,25,133.97,69.36
11599,Historical,560397,0,0,D,4,1,557603,41,2011,19,21.1,41
11600,Historical,143280,0,0,D,4,1,551717,202,2009,31,73.99,58.87
11601,Historical,737302,0,0,D,3,1,5363486,132,2005,13,73.99,41.92
11602,Historical,738375,0,0,D,5,1,2140891,123,2003,16,21.92,18.99
11603,Historical,738053,0,0,D,4,1,14921919,75,1999,10,21.92,53.94
11604,Historical,143215,1,1,D,5,1,1252390,195,2007,33,132.99,38.89
11605,Historical,142933,0,0,D,3,1,2967221,155,2007,22,104.98,29.94
11606,Historical,143516,0,0,D,4,1,1627450,199,2011,30,104.98,52.94
11607,Historical,143233,0,0,D,9,1,111951,213,2009,63,6.47,77.93
11608,Historical,143292,0,0,D,8,1,1172639,194,2009,22,146.32,23.9
11609,Historical,3060208,0,0,D,1,0,3138547,222,2004,25,90.65,125.63
11610,Historical,288424,0,0,D,4,1,1636964,139,2007,25,23.95,23.99
11611,Historical,737345,0,0,D,3,1,4955684,111,2005,17,23.95,95.42
11612,Historical,143289,1,2,D,5,1,1310245,164,2009,23,23.95,58.65
11613,Historical,737974,0,0,D,2,1,10420322,73,1998,13,37.94,61.88
11614,Historical,265933,1,7,D,11,1,674573,162,2005,169,22.99,30.99
11615,Historical,270096,1,3,D,12,1,54219,225,2010,222,22.99,125.47
11616,Historical,620554,0,0,D,2,1,1856921,182,2004,20,93.94,46.22
11617,Historical,254408,0,0,D,3,1,1821915,39.95,2011,36,0,28.89
11618,Historical,154021,0,0,D,3,1,464139,18.94,2009,93,53.86,7
11619,Historical,616365,0,0,D,4,1,50386,67.83,2012,144,53.86,11.99
11620,Historical,330174,0,0,D,2,1,5538739,135.95,2000,19,48.05,26.44
11621,Historical,271032,0,0,D,0,0,814671,57,2011,29,39.99,45.49
11622,Historical,130359,0,0,D,5,1,732256,72.8,2011,34,58.29,20.23
11623,Historical,133031,0,0,D,4,1,2104830,56.2,2009,50,58.29,33.62
11624,Historical,131700,0,0,D,2,1,1038905,62,2003,30,34.5,21.91
11625,Historical,255394,0,0,D,3,1,605870,0,2002,23,0,0
11626,Historical,60161,0,0,D,1,0,3248483,49.95,1998,24,29.94,8.93
11627,Historical,109487,0,0,D,1,0,1561596,7.98,2007,25,137.99,11.49
11628,Historical,157744,0,0,D,1,0,177093,82.95,2010,69,137.99,51.97
11629,Historical,620235,0,0,D,6,1,148932,228,2012,65,63.89,162.87
11630,Historical,193589,1,1,D,5,1,697860,150,2008,92,63.89,8.49
11631,Historical,914522,0,0,D,0,0,1791976,49.95,1988,26,44.94,31.79
11632,Historical,341352,0,0,D,1,0,820826,75,1998,22,29.99,13.99
11633,Historical,648017,0,0,D,2,1,3975018,155,2002,17,91.99,43.96
11634,Historical,914950,1,2,D,1,0,1274369,105,1990,34,93.96,23.83
11635,Historical,263538,0,0,D,2,1,1171650,72.95,2009,23,0,0
11636,Historical,164375,0,0,D,2,1,1159014,72.5,2001,24,0,69.81
11637,Historical,616550,0,0,D,1,0,245895,45,2008,55,44.41,13.59
11638,Historical,643896,0,0,D,2,1,1455287,229,2010,17,151.64,105.27
11639,Historical,803830,0,0,D,1,0,2306208,179,2006,11,151.64,190.39
11640,Historical,126988,0,0,D,2,1,1326341,39.99,2007,54,33.76,28.97
11641,Historical,244143,0,0,D,4,1,161131,69.95,2012,68,64.83,16.81
11642,Historical,627847,1,3,D,5,1,96462,79.95,2013,97,64.83,10.62
11643,Historical,611263,1,1,D,6,1,40376,79.95,2014,77,64.83,31.96
11644,Historical,265635,0,0,D,2,1,1222272,68,2007,34,43.1,43.07
11645,Historical,265734,0,0,D,2,1,1489630,79.95,2006,24,92.85,13.38
11646,Historical,265644,0,0,D,4,1,757793,94.99,2009,26,92.85,28.48
11647,Historical,2761758,0,0,D,0,0,5184267,34.99,2003,42,28,6.99
11648,Historical,2752072,1,1,D,0,0,2727838,159.99,2003,11,107.37,101.96
11649,Historical,638403,1,1,D,2,1,2195695,189.99,2009,11,107.37,48.99
11650,Historical,632170,1,1,D,2,1,920297,30,2012,21,0,0
11651,Historical,637073,1,1,D,1,0,726290,159.99,2010,63,117.54,36.98
11652,Historical,2029133,0,0,D,1,0,2052382,69.99,2011,16,16.21,40.99
11653,Historical,265693,1,2,D,1,0,888296,50,2010,32,44.92,34.32
11654,Historical,639200,0,0,D,1,0,1202363,45,2010,18,0,0
11655,Historical,656467,0,0,D,2,1,1578985,112,2005,18,74.17,78.09
11656,Historical,1574689,0,0,D,2,1,70938,87.95,2008,12,0,68.99
11657,Historical,2263447,0,0,D,2,1,2423472,0,2010,25,0,120.1
11658,Historical,661515,1,1,D,3,1,917785,129.8,2009,23,68.89,42.08
11659,Historical,1462985,0,0,D,1,0,5322564,57.76,2010,19,86.16,54.41
11660,Historical,765527,0,0,D,1,0,6291460,65.95,2004,7,24.49,22.99
11661,Historical,631469,0,0,D,0,0,334267,50,2011,41,21.18,9.67
11662,Historical,554012,0,0,D,1,0,6316136,49,1999,22,23.26,11.22
11663,Historical,50222,0,0,D,4,1,1573448,22.89,2004,84,103.99,22.99
11664,Historical,50219,0,0,D,5,1,733399,23.98,2007,125,103.99,19.49
11665,Historical,204090,0,0,D,5,1,662708,41.95,2006,81,33.98,7.87
11666,Historical,270997,0,0,D,6,1,391692,42.99,2010,53,33.98,11.16
11667,Historical,164608,0,0,D,2,1,1352761,104.95,2003,20,55.34,53.23
11668,Historical,900998,0,0,D,2,1,2251615,75,2005,19,39.75,74.93
11669,Historical,253993,0,0,D,7,1,269774,92.95,2011,39,58.15,73.77
11670,Historical,609568,0,0,D,6,1,1534087,79.95,2007,33,58.15,10
11671,Historical,248904,0,0,D,6,1,142034,84.95,2009,24,58.15,48.54
11672,Historical,184603,0,0,D,3,1,5567306,57.95,1998,28,45.18,26.4
11673,Historical,830740,1,4,D,3,1,2315705,65,2001,16,89.98,68.47
11674,Historical,1826590,0,0,D,2,1,2449679,71.95,2012,9,77.18,75.94
11675,Historical,2404858,0,0,D,0,0,672967,89,1990,13,95.12,295.58
11676,Historical,608632,0,0,D,7,1,1585400,95.95,2002,26,41.18,11.84
11677,Historical,795809,0,0,D,9,1,184666,115.95,2011,31,69.99,83.96
11678,Historical,608644,1,2,D,9,1,70318,115.95,2008,43,69.99,62.94
11679,Historical,178622,0,0,D,9,1,87483,115.95,2008,52,68.96,41.95
11680,Historical,179083,0,0,D,8,1,543694,140.95,2005,85,68.96,19.49
11681,Historical,532065,0,0,D,9,1,1299619,125.95,2009,38,81.43,58.63
11682,Historical,1867391,1,1,D,0,0,1965093,99.95,2008,38,111.07,28.98
11684,Historical,2320516,0,0,D,5,1,2020147,65.95,1983,70,40.95,9.48
11685,Historical,248976,0,0,D,3,1,1100998,63.95,2007,18,77.99,83.87
11686,Historical,2373900,0,0,D,1,0,1316917,51.4,2005,18,60.13,4.97
11687,Historical,120239,0,0,D,2,1,502793,77.4,2010,33,60.13,28
11688,Historical,2679466,0,0,D,1,0,687254,44.95,1995,25,47.29,147.56
11689,Historical,2025423,0,0,D,4,1,1437991,85.25,2011,16,69.98,89.08
11690,Historical,229652,1,1,D,3,1,510176,172,2005,19,80.99,41.84
11691,Historical,255759,0,0,D,2,1,2031010,50.95,2003,16,44.98,18.94
11692,Historical,2472342,0,0,D,2,1,1002373,294.95,1997,47,186.71,21.99
11693,Historical,620262,1,1,D,3,1,347288,267.95,2010,29,186.71,46.98
11694,Historical,1935941,0,0,D,2,1,285193,80,2011,7,0,68.94
11695,Historical,639702,0,0,D,0,0,768803,125,2013,14,0,0
11696,Historical,1628987,1,1,D,5,1,433374,39.99,2015,21,0,19.9
11697,Historical,53315,0,0,D,11,1,128924,254.95,2011,82,112.92,43.99
11698,Historical,179221,1,1,D,7,1,630536,169.95,2008,74,60.69,12.96
11699,Historical,52015,0,0,D,15,1,172332,207.95,2011,82,46.82,36.24
11700,Historical,52014,1,1,D,14,1,697083,228.95,2007,80,46.82,22.65
11701,Historical,52016,0,0,D,13,1,1501765,182.95,2005,68,46.82,7.99
11702,Historical,553770,0,0,D,5,1,358744,81,2008,37,61.22,22.93
11703,Historical,532054,0,0,D,7,1,125115,97.95,2012,42,61.22,63.83
11704,Historical,133327,0,0,D,6,1,425984,92.6,2010,35,61.22,37.21
11705,Historical,724751,1,2,D,0,0,909119,44.95,2002,22,84.21,19.8
11706,Historical,2618770,1,2,D,1,0,1105343,18.95,1994,36,29.71,6.97
11707,Historical,2663251,0,0,D,4,1,8395145,139,1997,12,153.73,72.54
11708,Historical,890476,0,0,D,0,0,3481093,140.5,2011,11,0,61.6
11709,Historical,827219,0,0,D,0,0,1501733,41.3,2005,55,43.23,29.43
11710,Historical,642209,0,0,D,2,1,160604,45,2012,55,34.8,32.59
11711,Historical,615858,0,0,D,0,0,1077191,61,2007,38,34.8,14.19
11712,Historical,206108,0,0,D,3,1,869757,90,2007,57,56.99,6.99
11713,Historical,626001,0,0,D,5,1,680382,56.95,2009,20,38.55,30.98
11714,Historical,556797,0,0,D,1,0,1104036,67,1995,15,53.99,67.77
11715,Historical,650013,0,0,D,2,1,148080,46.6,2010,32,0,0
11716,Historical,630675,0,0,D,1,0,1229047,64.8,2006,29,6.34,11.04
11717,Historical,641741,0,0,D,1,0,650972,50.95,2004,35,28.98,66.79
11718,Historical,132043,0,0,D,5,1,2146573,112,2005,43,64.34,15.15
11719,Historical,118550,1,1,D,9,1,413769,141.6,2008,53,79.98,28.98
11720,Historical,58093,0,0,D,9,1,334598,12.99,2006,76,12.76,12.99
11721,Historical,615307,1,1,D,1,0,44819,45.99,2009,57,87.5,25.99
11722,Historical,58091,0,0,D,7,1,3485851,53.5,2000,41,12.76,6.44
11723,Historical,748938,1,1,D,1,0,582855,70,2007,25,29.88,51.37
11724,Historical,264247,0,0,D,3,1,1074231,42.95,2005,33,10.81,18.04
11725,Historical,52792,1,1,D,8,1,80397,123.6,2008,45,70.74,31
11726,Historical,52791,0,0,D,7,1,415655,88.4,2004,34,70.74,14.94
11727,Historical,570563,0,0,D,1,0,538450,82.95,2010,105,8.99,12.99
11728,Historical,164150,1,8,D,3,1,1232316,79.07,1998,34,108.21,53.04
11729,Historical,131091,0,0,D,2,1,1301240,63.2,1998,38,113.58,8.84
11730,Historical,619858,1,1,D,3,1,438664,116.8,2004,34,113.58,48.36
11731,Historical,196750,0,0,D,1,0,1568657,91.95,2007,19,55.47,53.98
11732,Historical,293503,0,0,D,1,0,3148630,62.95,2001,19,27.63,41.96
11734,Historical,561269,0,0,D,12,1,1416622,76.8,2009,28,73.82,14.4
11735,Historical,625640,1,2,D,13,1,384192,126.4,2012,31,73.82,43.99
11736,Historical,540636,0,0,D,13,1,98153,86,2012,42,73.82,49.99
11738,Historical,543804,1,4,D,7,1,89177,367.95,2012,114,95.99,63.99
11739,Historical,52808,1,4,D,6,1,923071,232.95,2010,41,95.99,51.35
11740,Historical,252623,0,0,D,5,1,82626,56.98,2009,110,148.36,41.24
11741,Historical,457820,0,0,D,6,1,1284543,18.74,2009,48,95.99,47.12
11742,Historical,52809,0,0,D,6,1,93833,369.95,2007,117,95.99,25.34
11743,Historical,224730,0,0,D,10,1,69369,231.95,2011,71,203.18,61.7
11744,Historical,169495,1,2,D,9,1,1254566,254.95,2008,52,203.18,20.53
11745,Historical,192023,1,1,D,4,1,820340,62.28,2006,52,148.36,44.73
11746,Historical,632898,1,2,D,2,1,972877,79.95,2002,21,0,0
11747,Historical,873372,0,0,D,1,0,1371804,105,1989,22,95.48,21.98
11748,Historical,2699238,0,0,D,3,1,494301,101,2004,21,89.86,71.97
11749,Historical,113839,0,0,D,2,1,187499,144,2001,26,95.48,64.81
11750,Historical,2559453,0,0,D,1,0,7684671,0,1979,15,0,88.27
11751,Historical,2636767,1,1,D,1,0,655385,90,2002,26,0,74.53
11752,Historical,225815,0,0,D,3,1,4154372,209.95,2005,11,73.99,10.09
11753,Historical,2342499,0,0,D,2,1,5837105,0,1981,25,5.02,54.93
11754,Historical,659214,0,0,D,6,1,2710267,155,2000,23,32.06,65.24
11755,Historical,2570466,0,0,D,5,1,3328347,79.95,1994,20,32.06,47.52
11756,Historical,613533,0,0,D,2,1,369408,0,2010,75,63.01,108.57
11757,Historical,146428,0,0,D,6,1,16518,281.8,2011,235,146.05,62.99
11758,Historical,169476,1,1,D,8,1,3019257,403.95,2006,26,111.55,52.7
11759,Historical,717144,1,8,D,1,0,825943,255.67,2007,40,102.81,48.99
11760,Historical,183517,0,0,D,7,1,348254,40.46,2005,46,0,0
11761,Historical,224751,1,6,D,1,0,53700,329.95,2011,124,119.41,23.99
11762,Historical,244108,1,2,D,8,1,164733,152,2011,141,143.86,35.52
11763,Historical,535967,0,0,D,8,1,42152,369.95,2011,119,143.86,58.99
11764,Historical,51807,0,0,D,7,1,505287,406.95,2008,122,143.86,21.09
11765,Historical,169671,0,0,D,7,1,1815644,232.95,2008,29,82.83,46.93
11766,Historical,907525,0,0,D,0,0,5001029,64.39,2006,18,82.83,41.94
11767,Historical,608422,0,0,D,6,1,1950473,207.95,2005,63,82.83,13.47
11768,Historical,115116,0,0,D,5,1,2946543,103,2000,26,52.21,41.33
11769,Historical,222282,1,1,D,1,0,772776,95,2009,30,53.48,23.99
11770,Historical,570767,1,1,D,8,1,19635,185.95,2008,48,119.41,158.86
11771,Historical,173892,0,0,D,0,0,1899060,56,2004,22,50.92,40.99
11772,Historical,532031,0,0,D,0,0,1375136,68.25,2011,17,50.92,53.6
11773,Historical,110448,1,2,D,1,0,12748,421.5,2011,244,128.98,50.98
11774,Historical,617626,0,0,D,1,0,287920,318.25,2011,35,0,0
11775,Historical,556624,0,0,D,5,1,747278,97.95,2000,122,5.49,19.79
11776,Historical,607074,0,0,D,10,1,51438,149.75,2009,143,103.99,43.99
11777,Historical,1782746,0,0,D,7,1,619373,197.85,2011,30,186.78,99.99
11778,Historical,608375,0,0,D,3,1,3239650,8.14,2005,50,109.99,8.15
11779,Historical,550847,0,0,D,2,1,102204,61.51,2010,146,63.01,22.56
11780,Historical,450328,1,2,D,6,1,495009,0,2006,67,186.78,49.91
11781,Historical,880560,1,2,D,0,0,169414,90.91,2005,56,0,56.97
11782,Historical,533717,0,0,D,5,1,112573,229.75,2009,116,158.81,48.99
11783,Historical,537838,1,1,D,6,1,13697,218.99,2011,256,158.81,23.99
11784,Historical,52325,1,2,D,8,1,16677,406.95,2008,178,119.41,73.4
11785,Historical,563655,1,1,D,2,1,1081402,11.98,2008,182,97.84,11.96
11786,Historical,58308,0,0,D,12,1,52054,169,2009,122,141.99,45.87
11787,Historical,877411,0,0,D,2,1,4605421,0,2011,14,85.99,18.99
11788,Historical,60166,0,0,D,1,0,884681,340.95,2005,40,85.99,10.24
11789,Historical,298895,1,1,D,2,1,43052,321.95,2010,111,85.99,43.99
11790,Historical,2341786,0,0,D,4,1,4172145,114.25,1994,28,93.02,28.49
11791,Historical,56388,0,0,D,5,1,2211255,213.95,2004,39,110.97,8
11792,Historical,56383,1,1,D,6,1,660536,313.95,2007,52,110.97,38.89
11793,Historical,57745,1,1,D,7,1,21770,52.53,2011,131,93.99,34.17
11794,Historical,57746,1,1,D,6,1,225937,107.5,2008,100,93.99,16.95
11795,Historical,244276,0,0,D,5,1,132436,276.95,2012,86,153.3,52.87
11796,Historical,58082,0,0,D,3,1,1923611,220.95,2006,38,153.3,39.75
11797,Historical,58084,0,0,D,4,1,973657,303.95,2008,95,153.3,30.79
11798,Historical,574423,1,3,D,5,1,530028,178,2006,139,94.69,12.4
11799,Historical,191859,1,2,D,5,1,883176,0,2000,31,59.56,18.31
11800,Historical,620359,1,4,D,6,1,1268746,100.35,2004,37,59.56,54.17
11801,Historical,3559013,0,0,D,1,0,4537966,0,2002,19,0,15.46
11802,Historical,405431,1,1,D,4,1,1062237,17.9,2008,94,109.99,13.99
11803,Historical,50350,1,2,D,10,1,48749,181.33,2008,226,113.99,40.98
11804,Historical,52529,0,0,D,9,1,293486,57.33,2009,67,111.55,66.47
11805,Historical,110958,0,0,D,5,1,79983,42.95,2008,180,158.81,22.31
11806,Historical,120088,0,0,D,5,1,619319,133.33,2009,32,68.09,22.37
11807,Historical,115851,0,0,D,4,1,688654,90,2004,33,68.09,7.99
11808,Historical,582128,0,0,D,1,0,2402091,92.95,1985,19,96.94,68.99
11809,Historical,121464,0,0,D,2,1,420795,125.4,2002,29,53.31,9.7
11810,Historical,101105,0,0,D,2,1,2374286,357.95,1996,69,15.49,30
11811,Historical,58329,0,0,D,5,1,330273,314.95,2003,86,77.77,34.98
11812,Historical,58328,0,0,D,6,1,470841,321.95,2008,90,77.77,55.15
11813,Historical,764355,0,0,D,7,1,1958747,55.95,2003,27,91.32,17.91
11814,Historical,553723,0,0,D,11,1,558428,187.2,2008,76,149.99,63.89
11815,Historical,920899,1,2,D,12,1,1499120,0,2012,49,149.99,72.25
11816,Historical,52499,1,1,D,4,1,468217,21.92,2004,116,95.86,18.94
11817,Historical,52497,0,0,D,5,1,646642,162.75,2007,130,95.86,38.77
11818,Historical,52498,1,1,D,6,1,312894,74.44,2011,128,95.86,26.79
11819,Historical,54763,1,1,D,4,1,238867,356.95,2010,141,60.48,22.87
11820,Historical,54764,0,0,D,3,1,1235528,376.95,2007,114,60.48,63.98
11821,Historical,563699,1,2,D,3,1,99329,108,2011,264,97.84,21.56
11822,Historical,52528,0,0,D,8,1,1181258,420.95,2006,67,111.55,10.72
11823,Historical,301024,0,0,D,2,1,2851915,75,2005,24,67.12,11.98
11824,Historical,534493,1,1,D,3,1,558604,80,2009,54,67.12,36
11825,Historical,532020,0,0,D,3,1,3742445,123,2009,16,101.34,55.43
11826,Historical,2664597,0,0,D,4,1,4060396,119,2000,14,33.24,32.38
11827,Historical,573509,0,0,D,3,1,5173177,87,1995,20,33.24,15.29
11828,Historical,147091,0,0,D,3,1,1888225,199,2004,33,5.04,27.99
11829,Historical,147591,0,0,D,4,1,810930,245,2009,27,108.59,63.99
11830,Historical,286156,1,2,D,3,1,221280,149.33,2005,95,18.58,23.9
11831,Historical,156947,0,0,D,2,1,2666259,64.95,2002,47,46.66,44.74
11833,Historical,213278,0,0,D,1,0,172448,75,2009,24,58.54,95.71
11834,Historical,887710,0,0,D,0,0,6580108,64,1997,13,11.49,32.99
11835,Historical,1682704,0,0,D,2,1,1704596,95,2009,19,9.68,93.93
11836,Historical,121179,1,4,D,1,0,74926,165,2011,65,80.42,44.99
11837,Historical,871956,0,0,D,2,1,2965709,68.2,1997,23,11.06,27.98
11838,Historical,60167,0,0,D,2,1,2792230,6.37,2001,25,11.06,4.58
11839,Historical,243867,0,0,D,1,0,104533,188.95,2011,58,104.1,53.54
11840,Historical,161434,1,1,D,1,0,808684,2.32,2008,38,56.54,23.97
11841,Historical,628877,0,0,D,1,0,433536,130,2005,67,101.9,47.29
11842,Historical,911286,0,0,D,0,0,2912043,44,2000,27,41.43,18.6
11843,Historical,266946,0,0,D,0,0,2492726,50,2004,31,41.43,8.99
11844,Historical,533572,1,1,D,6,1,14971,230.4,2011,94,179.99,48.99
11845,Historical,110732,0,0,D,13,1,42603,48.99,2010,73,98.5,63.31
11846,Historical,904025,0,0,D,2,1,1328365,430.77,2004,35,46.96,26.13
11847,Historical,876840,0,0,D,11,1,871256,6.49,2005,50,98.5,7.99
11848,Historical,55322,0,0,D,3,1,840452,80,2006,83,97.21,13.99
11849,Historical,55323,1,3,D,4,1,98453,143.4,2009,104,97.21,36.35
11850,Historical,607711,1,3,D,7,1,948964,109.35,2006,131,54.89,16.85
11851,Historical,2070516,1,1,D,7,1,437119,18.64,2010,36,32.07,13.92
11852,Historical,300449,0,0,D,7,1,50815,77.28,2010,51,32.07,46.19
11853,Historical,533933,1,1,D,5,1,231935,307.95,2003,91,102.97,22.41
11854,Historical,410726,0,0,D,2,1,312603,62,2004,75,46.96,15.3
11855,Historical,557640,1,1,D,1,0,290877,220.2,2012,51,57.81,63.01
11856,Historical,428268,0,0,D,0,0,159243,139.93,2005,47,62.34,15.22
11857,Historical,428364,0,0,D,0,0,636345,77,2004,29,62.34,16.63
11858,Historical,110025,0,0,D,12,1,150040,23.97,2008,65,98.5,23.99
11859,Historical,51958,1,2,D,8,1,37375,183.4,2008,91,54.89,32.99
11860,Historical,298296,1,3,D,1,0,110810,101,2010,88,55.52,13.97
11861,Historical,53545,0,0,D,5,1,123376,183.4,2009,109,179.99,19.99
11862,Historical,572023,0,0,D,5,1,930272,185.95,2003,27,102.97,25.58
11863,Historical,416423,1,1,D,11,1,899826,16.89,2007,44,98.5,39.99
11864,Historical,574765,0,0,D,6,1,1010349,139,2009,33,103.98,50
11865,Historical,193360,0,0,D,5,1,3731193,133,2005,16,103.98,23.5
11866,Historical,533762,1,3,D,9,1,15016,156.95,2012,78,92.98,58.99
11867,Historical,51430,1,4,D,7,1,582978,145.95,2006,70,92.98,13.99
11868,Historical,51431,0,0,D,8,1,182960,172.95,2009,102,92.98,33.97
11869,Historical,58080,0,0,D,1,0,2058634,103,2005,80,68.98,9.99
11870,Historical,114138,1,1,D,0,0,388927,25.95,2002,45,27,17.9
11871,Historical,58081,0,0,D,2,1,246822,133.4,2009,119,68.98,8.79
11872,Historical,118942,0,0,D,2,1,93754,42.95,2006,75,27,29.95
11873,Historical,2940542,0,0,D,2,1,5692483,70.99,2005,18,44.22,64.79
11874,Historical,109556,0,0,D,6,1,1387183,33.99,2005,39,70.97,31.99
11875,Historical,60169,0,0,D,6,1,836983,26.86,2005,49,70.97,21.54
11876,Historical,50190,0,0,D,3,1,3967844,22.99,1998,40,26.68,18.01
11877,Historical,50188,0,0,D,4,1,2714566,11.49,2003,38,26.68,11.49
11878,Historical,261328,0,0,D,2,1,534449,99,2002,79,58.53,23.37
11879,Historical,638477,0,0,D,2,1,772263,60,2006,24,56.65,202.23
11880,Historical,889750,0,0,D,1,0,2770453,106,2004,12,68.82,82.25
11881,Historical,208595,0,0,D,6,1,3278380,77,1999,29,97.89,13.95
11882,Historical,60171,1,1,D,7,1,304846,105.8,2003,44,97.89,18.99
11883,Historical,659633,0,0,D,0,0,9360863,46.95,2003,13,54.44,44.19
11884,Historical,169106,1,1,D,2,1,2845553,14.44,2005,49,102.96,14.44
11885,Historical,170134,0,0,D,4,1,128889,51.96,2010,32,102.96,68.94
11886,Historical,60173,1,3,D,3,1,853209,10.06,2007,64,102.96,8.99
11887,Historical,2606352,0,0,D,1,0,9090019,241.99,1999,16,99.49,64.89
11888,Historical,1591777,0,0,D,2,1,5167183,325,2006,17,99.49,6.97
11889,Historical,61204,1,1,D,3,1,1783456,18.82,2007,61,103.51,18.97
11890,Historical,170135,0,0,D,4,1,232065,65.99,2010,41,103.51,52.67
11891,Historical,533496,1,1,D,12,1,6836,118.99,2012,68,161,53.99
11892,Historical,247840,0,0,D,2,1,335157,104,2008,65,47.02,7.48
11893,Historical,143611,1,1,D,4,1,702509,216,2010,44,107.62,67.93
11894,Historical,560330,0,0,D,3,1,2694413,142,2007,21,107.62,42.13
11895,Historical,533879,1,2,D,8,1,677249,291.95,2006,53,153.99,58.22
11896,Historical,876773,0,0,D,5,1,2892376,36.42,2010,41,101.69,28.05
11897,Historical,55168,0,0,D,5,1,400541,167.6,2009,97,101.69,18.9
11898,Historical,614587,0,0,D,2,1,539394,116.99,2009,89,21.52,10.98
11899,Historical,54451,0,0,D,11,1,154633,49.2,2009,98,161,28.94
11900,Historical,3611861,1,1,D,0,0,1615805,49.95,2003,27,0,42.98
11901,Historical,270067,0,0,D,4,1,1021015,206,2008,32,143.5,119.67
11902,Historical,54450,1,2,D,10,1,704791,53.95,2007,60,161,44.64
11903,Historical,55317,0,0,D,6,1,524297,33.98,2003,57,168.55,43.09
11904,Historical,55319,0,0,D,8,1,32821,139.25,2009,85,168.55,47.99
11905,Historical,193263,0,0,D,1,0,6788334,99,2002,16,33.24,68.31
11906,Historical,193558,0,0,D,2,1,2692627,183,2007,17,33.24,28.99
11907,Historical,131174,0,0,D,3,1,3942085,81.33,1998,32,53.98,41.2
11908,Historical,256319,0,0,D,6,1,330439,79.95,2007,63,48.41,22.75
11909,Historical,60176,0,0,D,5,1,1292000,74.95,2002,64,48.41,17.99
11910,Historical,627690,0,0,D,0,0,1649980,40,2000,35,45.97,39.98
11911,Historical,131885,0,0,D,3,1,841689,135.8,2005,59,45.87,9.54
11912,Historical,121221,0,0,D,4,1,171154,184.6,2010,99,45.87,28.6
11913,Historical,607297,0,0,D,3,1,1986608,83.6,2004,41,28.14,20.93
11914,Historical,55315,1,1,D,4,1,175095,78.67,2007,93,61.77,16.83
11915,Historical,55316,0,0,D,5,1,18241,106.2,2011,153,61.77,72.35
11916,Historical,714051,0,0,D,2,1,9922343,64,2001,22,28.14,8.73
11917,Historical,640602,0,0,D,1,0,1407054,81.99,2009,40,65.09,24.85
11918,Historical,569810,1,1,D,4,1,196828,138.95,2005,50,143.99,60.92
11919,Historical,868122,1,1,D,3,1,1114239,67,1997,41,116.25,18.99
11920,Historical,54096,0,0,D,11,1,76909,46.95,2007,125,125.03,32
11921,Historical,54097,0,0,D,12,1,40499,163,2010,129,125.03,12.89
11922,Historical,794892,0,0,D,1,0,344679,79.95,2011,16,39.94,829.71
11923,Historical,385766,0,0,D,2,1,1049863,69.1,2007,31,42.63,67.65
11924,Historical,575286,1,1,D,0,0,1427999,74.95,2006,35,16.09,13.8
11925,Historical,474543,0,0,D,2,1,444957,66,2011,27,16.09,28.99
11926,Historical,610012,0,0,D,8,1,599563,93,2011,26,60.99,71.95
11927,Historical,740714,0,0,D,5,1,2940069,75.2,2005,29,60.99,43.83
11928,Historical,282025,1,2,D,2,1,600286,59.95,1999,40,38.98,59.8
11929,Historical,915288,1,1,D,0,0,220271,75,1993,22,118.74,126.31
11930,Historical,908583,0,0,D,1,0,4092299,67.95,2001,29,56.49,62.07
11931,Historical,1447587,1,2,D,1,0,1465763,76,2006,25,44.6,60.55
11932,Historical,1450059,0,0,D,1,0,747326,64.4,2006,24,61.93,18.99
11933,Historical,743471,0,0,D,2,1,985516,161,2002,27,128.55,73.98
11934,Historical,623705,0,0,D,3,1,1494445,63.95,1994,30,62.24,45
11935,Historical,2617273,0,0,D,3,1,2943209,45.95,1985,18,23.79,94.17
11936,Historical,1946545,0,0,D,1,0,1573437,80,2014,10,0,33.98
11937,Historical,244206,0,0,D,11,1,39167,259.95,2012,92,139.63,52.59
11938,Historical,53639,0,0,D,10,1,505396,285.95,2009,103,139.63,19.87
11939,Historical,53638,1,1,D,9,1,628746,302.95,2007,83,139.63,11.17
11940,Historical,285916,0,0,D,3,1,646097,100.2,2003,36,47.29,9.49
11941,Historical,145774,1,8,D,1,0,153964,129.2,2011,91,43.62,59.97
11942,Historical,256244,0,0,D,2,1,324040,42.95,1997,15,36.35,33.97
11943,Historical,646744,0,0,D,1,0,400400,170.95,1996,55,113.3,44.99
11944,Historical,653736,0,0,D,1,0,2095398,57.95,1999,20,59.94,22.99
11945,Historical,894968,0,0,D,2,1,1507490,55,2005,22,59.94,68.07
11946,Historical,192836,1,3,D,5,1,2172767,105,2001,15,102.6,47.52
11947,Historical,194117,0,0,D,1,0,516734,39,2007,179,22.72,6.53
11948,Historical,918958,0,0,D,1,0,1018338,44.99,1986,47,28.98,22.33
11949,Historical,156569,0,0,D,0,0,3019323,38.95,1999,32,42.6,16.11
11950,Historical,240997,0,0,D,2,1,1615615,9.89,2002,30,56.3,9.48
11951,Historical,246286,1,1,D,2,1,168271,67.95,2006,105,36.14,31.64
11952,Historical,246288,0,0,D,2,1,1252965,157.95,2006,31,36.14,65.68
11954,Historical,545620,0,0,D,8,1,163935,117.95,2011,53,66.99,33.99
11955,Historical,58076,0,0,D,6,1,1719417,79.95,2005,55,66.99,11.63
11956,Historical,615112,0,0,D,7,1,462039,119.95,2008,101,66.99,15.99
11957,Historical,890262,0,0,D,1,0,4354378,149.95,2009,9,64.5,84.66
11958,Historical,140332,0,0,D,2,1,429943,44.99,2005,66,26.45,9.18
11959,Historical,808593,0,0,D,6,1,302676,297.95,2007,34,96.55,52.21
11960,Historical,533902,0,0,D,7,1,53815,150.95,2010,49,96.55,56.56
11961,Historical,2661501,0,0,D,0,0,312274,26,1976,25,0,23.57
11962,Historical,2394615,0,0,D,0,0,201333,16,1977,69,0,10.44
11963,Historical,614064,0,0,D,3,1,114378,69.95,2007,55,43.63,33.94
11964,Historical,247976,0,0,D,0,0,594423,45,2009,46,28.59,16.06
11965,Historical,749010,0,0,D,2,1,2096255,65,2007,26,16.9,7.64
11966,Historical,859422,0,0,D,4,1,1593561,126.95,2006,23,38.98,42.3
11967,Historical,298482,0,0,D,4,1,360546,334.95,2006,32,38.98,50.89
11968,Historical,645532,0,0,D,0,0,1810816,39.95,1993,27,59.48,39.95
11969,Historical,541754,0,0,D,3,1,98139,69.99,2011,29,34.59,28.26
11970,Historical,265640,0,0,D,2,1,360167,84.99,2010,28,55.97,38.98
11971,Historical,265628,0,0,D,1,0,1803306,80,2005,29,55.97,19.81
11972,Historical,2635423,1,2,D,1,0,1428204,54.95,2003,27,16.1,22.22
11973,Historical,57023,0,0,D,4,1,1203679,79.99,2007,75,32.84,14.85
11974,Historical,57024,1,1,D,5,1,628144,80,2010,95,32.84,8.52
11975,Historical,702257,0,0,D,1,0,1063397,105,2011,16,50.86,39.93
11976,Historical,557027,0,0,D,6,1,49186,166.8,2012,57,80.49,91.99
11977,Historical,552885,1,1,D,4,1,440002,119.8,2006,36,80.49,7.6
11978,Historical,608555,0,0,D,2,1,1596063,102.95,2001,30,53.19,15.96
11979,Historical,608415,0,0,D,3,1,775112,178.95,2005,28,53.19,26.48
11980,Historical,125393,1,1,D,2,1,158788,79.95,1996,33,45.49,44.87
11981,Historical,533894,1,1,D,7,1,301455,107.8,2009,39,66.94,46.07
11982,Historical,531970,0,0,D,8,1,78043,106,2011,66,66.94,63.94
11983,Historical,607921,0,0,D,5,1,1466832,82.2,2005,33,66.94,22.29
11984,Historical,57198,0,0,D,5,1,57166,79.95,2011,65,84.45,55.38
11985,Historical,789634,1,1,D,1,0,919994,169.99,2011,23,0,0
11986,Historical,615326,1,1,D,0,0,243117,91.75,2003,70,37.69,11.99
11987,Historical,552285,0,0,D,0,0,3482692,7.47,2004,16,37.69,5.99
11988,Historical,868074,0,0,D,1,0,1321622,118,1996,26,64.26,47.35
11989,Historical,863605,1,1,D,1,0,3026084,59.9,2008,12,0,0
11990,Historical,3472068,0,0,D,5,1,2727673,76.4,2003,21,0,17.99
11991,Historical,607344,1,1,D,6,1,1078623,92.6,2006,24,45.49,38.94
11992,Historical,628730,0,0,D,1,0,734957,99.95,2009,30,48.99,70.36
11993,Historical,641270,0,0,D,10,1,360408,240,2005,31,254.42,73.98
11994,Historical,906592,0,0,D,7,1,835856,144,2014,20,48.21,85.99
11995,Historical,635727,0,0,D,6,1,1691462,108,2012,18,48.21,47.99
11996,Historical,250972,0,0,D,5,1,1149166,41.95,2009,45,33.56,8.74
11997,Historical,268213,0,0,D,4,1,1210028,57.95,2006,25,33.56,11.94
11998,Historical,2252461,0,0,D,5,1,4078663,23.45,2008,37,0,23.55
11999,Historical,537309,0,0,D,2,1,1452856,218.87,2012,18,63.99,33.94
12000,Historical,266256,1,1,D,6,1,115782,192.95,2011,53,81.24,43.31
12001,Historical,120232,1,2,D,2,1,554151,192.2,2011,51,63.99,16.49
12002,Historical,609622,1,1,D,5,1,175802,211.95,2008,72,81.24,18.24
12003,Historical,117088,1,1,D,1,0,1696116,195.4,2008,50,63.99,10.21
12004,Historical,540458,0,0,D,4,1,2943682,140,2008,38,78.02,28.98
12005,Historical,889023,0,0,D,3,1,1797684,95,2013,15,43.09,43.99
12006,Historical,193663,1,1,D,3,1,1548031,152,2009,59,48.99,16.98
12007,Historical,775850,0,0,D,2,1,3472066,137,2006,15,48.99,106.07
12008,Historical,143620,1,4,D,3,1,511746,190,2011,118,78.99,20.65
12009,Historical,614350,1,4,D,1,0,182899,210,2011,141,88.81,20.94
12010,Historical,613456,1,2,D,4,1,1405477,152,2009,42,78.5,5.88
12011,Historical,775918,1,1,D,3,1,3214532,139,2006,26,78.5,10.12
12012,Historical,612896,1,1,D,2,1,1425573,161,2008,55,78.99,15.98
12013,Historical,868724,0,0,D,2,1,2936111,77.46,2008,51,78.99,63.83
12014,Historical,621269,1,1,D,2,1,2625473,88,2008,25,43.09,4.99
12015,Historical,143012,0,0,D,4,1,4054046,125,2005,41,78.02,10.94
12016,Historical,58371,1,3,D,7,1,318101,153,2008,324,58.86,9.98
12017,Historical,613326,1,6,D,8,1,36961,225,2012,242,58.86,63.99
12018,Historical,143216,1,4,D,10,1,234096,225,2009,244,93.5,27.31
12019,Historical,143377,1,1,D,10,1,1461884,201,2010,59,116.26,5.88
12020,Historical,143182,1,1,D,6,1,708259,39,2007,26,28.99,36.99
12021,Historical,738589,0,0,D,0,0,1713314,75,2012,26,27.79,43.99
12022,Historical,143524,0,0,D,0,0,1533090,75,2011,23,27.79,94.02
12023,Historical,600108,0,0,D,9,1,3547764,153,2007,25,93.99,8.99
12024,Historical,600147,0,0,D,10,1,1419715,213,2010,45,93.99,38.99
12025,Historical,271106,0,0,D,10,1,1441490,209,2011,44,92.99,23.99
12026,Historical,560351,1,1,D,5,1,724298,205,2009,135,78.02,59.21
12027,Historical,908610,1,1,D,1,0,2607729,121,2000,16,95.79,28.99
12028,Historical,270040,0,0,D,2,1,1210709,189,2007,23,95.79,35.48
12029,Historical,870671,0,0,D,1,0,4618891,33.33,2000,18,7.54,8.99
12030,Historical,607875,0,0,D,2,1,3699755,102.4,2002,25,93.09,65.07
12031,Historical,1714147,0,0,D,5,1,2174066,189,2007,20,32.22,60.65
12032,Historical,681499,0,0,D,0,0,1240,24.99,2007,45,63.94,13.74
12033,Historical,60178,0,0,D,9,1,191714,171.95,2007,50,86.55,15.97
12034,Historical,670841,0,0,D,6,1,9473744,111,2006,18,38.52,27.61
12035,Historical,144857,0,0,D,6,1,1558294,97.33,2005,39,38.52,11.19
12036,Historical,534009,0,0,D,11,1,4114957,112.4,2006,13,37.37,110.67
12037,Historical,60181,0,0,D,11,1,1212751,97.33,2005,31,37.37,38.97
12038,Historical,60182,0,0,D,11,1,1032967,107,2005,44,37.37,47.69
12039,Historical,632015,1,1,D,1,0,94467,78.6,2013,104,60.65,25.99
12040,Historical,868104,1,3,D,1,0,38792,78.8,2014,76,60.65,27.99
12041,Historical,285414,0,0,D,1,0,334208,94.48,2010,57,94.99,57.02
12042,Historical,609679,0,0,D,1,0,5208124,69.95,1999,28,40.61,39.04
12043,Historical,1574893,0,0,D,6,1,2804464,144.95,2009,6,86.75,19.98
12044,Historical,877721,0,0,D,6,1,7774177,5.51,2008,17,50.97,5.51
12045,Historical,54117,0,0,D,6,1,612098,325.95,2007,61,50.97,8.34
12046,Historical,142884,0,0,D,2,1,3169173,28,2004,23,43.99,18.99
12047,Historical,609769,0,0,D,6,1,1531770,102.95,2005,23,62.6,38.99
12048,Historical,609225,0,0,D,7,1,599138,99.95,2009,18,62.6,35.55
12049,Historical,309067,1,2,D,2,1,882122,40.73,2007,37,23.48,40.97
12050,Historical,607378,1,1,D,12,1,790328,82.8,2006,53,70.5,25.99
12051,Historical,607455,0,0,D,13,1,75788,98.8,2008,45,70.5,80.53
12052,Historical,243891,1,1,D,3,1,119978,63.95,2011,66,56.27,18.99
12053,Historical,169802,0,0,D,2,1,549605,66.95,2008,109,56.27,16.14
12054,Historical,123950,0,0,D,3,1,661298,237.95,2002,30,45.64,8.79
12055,Historical,2397600,0,0,D,2,1,1393911,78.95,1998,36,35.29,33.94
12056,Historical,293760,1,1,D,1,0,614759,93,2007,38,65.9,77.6
12057,Historical,2366667,0,0,D,0,0,2935827,73.33,2003,16,59.99,82.67
12058,Historical,868167,1,1,D,3,1,950520,61.18,1988,37,13.48,41.96
12059,Historical,606709,0,0,D,4,1,362992,144.95,1995,63,13.48,72.87
12060,Historical,2568549,0,0,D,1,0,1319294,0,1962,17,0,83.86
12061,Historical,2571610,1,1,D,1,0,1906340,65.09,1993,15,49.57,68.67
12062,Historical,903208,0,0,D,1,0,4723457,115.95,2000,19,95.92,73.78
12063,Historical,3272758,0,0,D,1,0,3619356,69.94,2004,39,49.58,27.42
12064,Historical,917000,0,0,D,1,0,1889342,45.95,2003,32,49.58,8.98
12065,Historical,2421624,0,0,D,1,0,1005442,0,1950,22,0,63.99
12066,Historical,53938,1,2,D,6,1,45023,101,2009,64,58.99,13.99
12067,Historical,53939,0,0,D,7,1,55275,107,2011,74,58.99,43.94
12068,Historical,877517,0,0,D,9,1,1365178,82.41,2010,30,58.91,58.58
12069,Historical,56516,1,1,D,8,1,349014,79.95,2006,90,58.91,23.99
12070,Historical,56517,0,0,D,9,1,69833,94.95,2010,92,58.91,33.93
12071,Historical,110769,1,4,D,5,1,90110,116.19,2007,38,93.99,59.78
12072,Historical,606872,1,3,D,4,1,312171,28.73,2003,49,93.99,22.99
12073,Historical,911083,0,0,D,5,1,87113,80,2007,31,119.99,42.45
12074,Historical,184348,1,3,D,1,0,1923833,44.95,2002,33,36.61,131.46
12075,Historical,246552,0,0,D,2,1,389861,54.95,2011,38,36.61,24.57
12076,Historical,550015,0,0,D,4,1,1519454,98,2003,36,119.99,29.15
12077,Historical,868058,1,1,D,5,1,1616132,96,1999,25,39.95,55.09
12078,Historical,617185,0,0,D,3,1,159226,37.95,2004,41,37.3,23.98
12079,Historical,873297,0,0,D,2,1,2862535,34.51,1990,21,33.92,43.99
12080,Historical,178056,0,0,D,6,1,132684,224.95,2004,50,144.98,47.99
12081,Historical,169870,1,1,D,7,1,21118,212.95,2010,46,144.98,108.72
12082,Historical,126227,0,0,D,1,0,429952,59.95,2001,55,36.33,38.98
12083,Historical,3272702,0,0,D,1,0,2814936,40.68,2002,37,36.33,38.79
12084,Historical,243971,0,0,D,7,1,51059,177.95,2011,80,109.59,123.95
12085,Historical,169615,0,0,D,6,1,188074,187.95,2008,48,109.59,602.76
12086,Historical,60184,1,1,D,5,1,264155,214.95,2003,66,109.59,45.4
12087,Historical,2618153,0,0,D,2,1,4105547,26.95,1990,14,50.47,10.44
12088,Historical,228968,0,0,D,7,1,103706,44,2007,75,36.28,46.9
12089,Historical,228918,0,0,D,6,1,90041,38.95,2002,46,36.28,63.35
12090,Historical,50615,0,0,D,5,1,264234,105.2,2010,27,91.63,87.05
12091,Historical,50616,0,0,D,3,1,1720458,76.8,2003,33,91.63,4.1
12092,Historical,50617,1,1,D,4,1,653519,89.4,2006,91,91.63,15.44
12093,Historical,110366,1,1,D,6,1,723666,21.74,2007,58,97,21.73
12094,Historical,60185,0,0,D,5,1,2624339,9.99,2004,40,97,9.99
12095,Historical,119102,0,0,D,1,0,1013614,69.99,2009,34,50.82,8.99
12096,Historical,120307,0,0,D,1,0,496231,65.99,2007,49,50.82,36.63
12097,Historical,241727,1,1,D,0,0,280507,58,2004,133,50.82,5.96
12098,Historical,116125,0,0,D,2,1,1129568,124.2,2005,29,67.07,11.94
12099,Historical,55403,0,0,D,4,1,1539359,70.8,2004,92,69.29,6.69
12100,Historical,2054483,0,0,D,0,0,1628198,30,2014,5,0,26.19
12101,Historical,55404,1,2,D,5,1,183728,89.4,2007,77,69.29,20.33
12102,Historical,800848,0,0,D,2,1,6185365,40.95,2006,25,35.58,48.92
12103,Historical,405773,0,0,D,3,1,5630826,0,1999,26,66.99,7.47
12104,Historical,873426,0,0,D,2,1,3300496,41,1996,27,66.99,19.57
12105,Historical,239706,1,1,D,1,0,887524,27.95,2003,70,0,0
12106,Historical,344198,0,0,D,3,1,1080026,7.99,2006,69,54.64,6.56
12107,Historical,402961,0,0,D,0,0,2911971,62.67,2005,31,41.83,6.22
12108,Historical,58073,1,1,D,2,1,622532,84,2006,62,67.91,25.38
12109,Historical,339894,0,0,D,4,1,451394,62.02,2009,68,54.64,42.03
12110,Historical,54761,1,1,D,8,1,365492,78,2008,112,60.84,14.98
12111,Historical,54760,0,0,D,7,1,875800,61.33,2005,97,60.84,6.26
12112,Historical,132509,0,0,D,8,1,204053,80.4,2008,62,59.99,23.8
12113,Historical,132020,0,0,D,7,1,781546,66.8,2005,72,59.99,9.49
12114,Historical,108040,1,1,D,10,1,826587,39,2003,30,137.08,37.73
12115,Historical,402492,0,0,D,11,1,1141877,0,2008,20,137.08,96.35
12116,Historical,51257,0,0,D,9,1,114343,231.95,2010,46,109.35,119.37
12117,Historical,51259,0,0,D,8,1,970493,130.95,2005,64,109.35,11.61
12118,Historical,56901,0,0,D,5,1,31980,52.6,2010,45,47.37,29.98
12119,Historical,56903,1,1,D,4,1,774943,39.99,2006,79,47.37,6.71
12120,Historical,2253803,0,0,D,4,1,4580575,16.14,2007,44,47.68,17.62
12121,Historical,615640,0,0,D,4,1,664110,69,2007,29,47.68,13.06
12122,Historical,2604285,0,0,D,3,1,1604003,72.5,2004,7,68.49,32.6
12123,Historical,602262,0,0,D,3,1,725481,29.95,2008,33,37.09,16.94
12125,Historical,2249927,0,0,D,2,1,2722524,57.98,2007,43,75.17,30
12126,Historical,617168,1,2,D,2,1,281578,221.95,2007,59,75.17,12.48
12127,Historical,531948,0,0,D,3,1,1598225,105.99,2009,26,71.64,20.97
12128,Historical,1871223,0,0,D,0,0,1260070,147,2009,27,144.04,60
12129,Historical,3018975,0,0,D,1,0,7987026,50,1991,11,69.98,125.21
12130,Historical,115318,0,0,D,2,1,1399698,101,2001,37,106.24,44.53
12131,Historical,293851,1,2,D,1,0,1011903,124.95,2007,33,23.19,47.71
12132,Historical,477734,1,1,D,2,1,292887,176.95,2011,47,23.19,31.91
12133,Historical,147473,1,1,D,2,1,75673,79.95,2007,169,107.52,36.64
12134,Historical,147472,1,3,D,1,0,264161,52.95,2009,57,55.66,60.17
12135,Historical,259291,1,1,D,1,0,1055167,161.95,2004,19,146.96,60.4
12136,Historical,196648,1,1,D,2,1,302851,115,2004,25,103.93,73.23
12137,Historical,2551179,0,0,D,3,1,1644430,54.95,1997,20,0,72.03
12138,Historical,147143,0,0,D,2,1,227854,119,2005,21,114.95,58.99
12139,Historical,536043,0,0,D,6,1,510910,210.99,2009,49,90.83,25
12140,Historical,609185,0,0,D,5,1,1295689,199,2005,43,90.83,18.75
12141,Historical,204059,0,0,D,7,1,1255605,59.95,2006,30,29.34,13.99
12142,Historical,788146,0,0,D,2,1,3039557,162.95,2000,26,102.97,36.92
12143,Historical,245217,0,0,D,3,1,201966,257.95,2005,35,102.97,43.98
12144,Historical,621141,0,0,D,1,0,1047232,108,2002,28,75.09,62.99
12145,Historical,743398,0,0,D,2,1,3744322,32.95,2001,19,29.98,28.97
12146,Historical,203861,0,0,D,3,1,991693,67.95,2008,69,21.49,28.99
12147,Historical,609167,0,0,D,2,1,4000018,53.95,2004,37,21.49,13.69
12148,Historical,237844,0,0,D,2,1,1421456,71.95,2003,48,60.99,44.29
12149,Historical,147301,0,0,D,6,1,465241,87.95,2008,45,22.75,18.99
12150,Historical,193052,0,0,D,5,1,124939,74.95,2003,36,22.75,36.99
12151,Historical,299388,0,0,D,1,0,1142795,182.95,1998,44,48.98,47.36
12152,Historical,3503798,0,0,D,2,1,3606177,199,1997,11,0,136.48
12153,Historical,3503799,0,0,D,1,0,3494914,199,1993,21,0,52.31
12154,Historical,531938,0,0,D,4,1,1264487,49.95,2008,29,42.34,43.99
12155,Historical,159501,1,1,D,3,1,3738040,53.95,2004,18,42.34,69.99
12156,Historical,533282,0,0,D,7,1,34419,84.95,2012,157,10.94,27.94
12157,Historical,58070,1,1,D,6,1,350773,70.95,2008,204,10.94,9.99
12158,Historical,271003,0,0,D,5,1,69662,81.99,2011,98,77.78,11.77
12159,Historical,54878,1,1,D,4,1,434695,57.95,2008,73,77.78,12.37
12160,Historical,531937,0,0,D,4,1,502675,264.99,2008,36,232.66,79.98
12161,Historical,888161,0,0,D,0,0,3205011,139,2005,14,522.77,172.53
12162,Historical,167038,0,0,D,1,0,393048,72,2006,32,58.97,33.39
12163,Historical,910205,0,0,D,3,1,2200203,133,2005,19,73.63,48.31
12164,Historical,531933,0,0,D,6,1,216083,102.99,2009,68,72.54,42.47
12165,Historical,203630,1,1,D,5,1,1076743,87.95,2004,63,72.54,10.87
12166,Historical,774570,0,0,D,1,0,7420376,71,1998,17,60.07,48.11
12167,Historical,897984,0,0,D,2,1,5252510,123,2005,14,60.07,13.64
12168,Historical,631631,1,1,D,1,0,715880,37.95,2009,37,0,0
12169,Historical,542565,0,0,D,5,1,1169334,38.95,2005,51,42.35,10.08
12170,Historical,618277,0,0,D,6,1,197401,41.95,2009,54,42.35,11.21
12171,Historical,593990,1,2,D,7,1,78379,49.95,2012,147,42.35,23.98
12172,Historical,591322,0,0,D,1,0,775142,53.95,2005,23,0,62.69
12173,Historical,202827,0,0,D,2,1,861084,182.95,2000,31,86.01,13.36
12174,Historical,640934,1,1,D,1,0,5111592,96.95,1996,15,86.01,23.94
12175,Historical,644094,1,1,D,1,0,1208015,125,2006,22,0,0
12176,Historical,627857,0,0,D,7,1,23031,38.95,2013,163,40.94,23.72
12177,Historical,618548,1,2,D,7,1,250813,31.95,2012,85,40.94,15.98
12178,Historical,834911,0,0,D,3,1,1573951,159,1996,27,109.98,55.7
12179,Historical,248777,0,0,D,21,1,681529,169,2006,37,79.39,73.64
12180,Historical,636337,0,0,D,2,1,2215888,139,2006,21,48.29,46.77
12181,Historical,52456,0,0,D,0,0,2376219,67.95,2003,64,41.55,8.99
12182,Historical,637906,0,0,D,1,0,1407758,49.95,1993,18,45.71,54.21
12183,Historical,743142,0,0,D,6,1,3118620,54.95,1998,20,27.96,15.45
12184,Historical,147374,0,0,D,7,1,722768,80.95,2006,23,27.96,38.99
12185,Historical,2664004,0,0,D,0,0,10355921,28.32,1989,14,0,28.32
12186,Historical,635778,0,0,D,1,0,895732,49.95,1996,16,108.92,69.49
12187,Historical,882200,0,0,D,1,0,5110405,99,1995,9,103.98,94.97
12188,Historical,620556,0,0,D,2,1,1235276,39.95,1991,49,21.09,31.54
12189,Historical,2408131,0,0,D,2,1,7544841,49.99,1996,13,41.98,49.99
12190,Historical,531929,0,0,D,4,1,713515,51.99,2005,109,28.99,8.99
12191,Historical,194138,0,0,D,2,1,96016,89,2008,64,47.31,18.89
12192,Historical,895523,0,0,D,2,1,5154115,149,2005,12,134.82,24.49
12193,Historical,774484,0,0,D,0,0,3087467,345,2005,20,133.99,49.71
12194,Historical,574535,0,0,D,3,1,3620315,57.95,1995,24,42.99,42.48
12195,Historical,3072468,1,1,D,4,1,1942978,35.95,2002,23,36.61,20.43
12196,Historical,3072490,0,0,D,5,1,1791483,39.95,2004,23,36.61,30
12197,Historical,623987,1,1,D,1,0,454031,114,2004,24,52.5,60.86
12198,Historical,431900,0,0,D,2,1,1152472,199,2002,34,100.89,23.94
12199,Historical,366535,1,2,D,3,1,770372,140.95,2008,31,73.99,44.72
12200,Historical,241540,1,7,D,4,1,245626,80.95,2003,47,93.85,23.94
12201,Historical,622419,1,1,D,6,1,2942437,139,1999,24,77.33,26.99
12202,Historical,203656,0,0,D,7,1,216903,189,2004,30,77.33,32.77
12204,Historical,561658,0,0,D,7,1,1856276,204.95,2007,23,70.92,22.99
12205,Historical,910258,0,0,D,5,1,1734852,46.08,2011,46,0,67.84
12206,Historical,261368,0,0,D,3,1,750612,85,2002,40,76.34,65.63
12207,Historical,203501,0,0,D,3,1,4218461,39.95,2003,16,38.94,12.49
12208,Historical,789649,0,0,D,4,1,2383873,46.5,2008,22,38.94,11.99
12209,Historical,2662944,0,0,D,2,1,10749988,75,1991,20,54.83,18.59
12210,Historical,57227,1,1,D,3,1,1159712,75,2001,77,55.99,8.99
12211,Historical,57228,0,0,D,4,1,131982,85,2007,56,55.99,43.96
12212,Historical,233592,0,0,D,17,1,2611041,68,2007,13,72.45,26
12213,Historical,858611,0,0,D,3,1,2914611,69,1997,41,91.36,28.94
12214,Historical,210852,1,1,D,4,1,948098,83.95,2001,45,91.36,51.99
12215,Historical,501164,0,0,D,4,1,52895,73.95,2012,35,48.23,51.49
12216,Historical,607827,0,0,D,3,1,4836758,63.95,1998,23,40.85,45.28
12217,Historical,577362,0,0,D,4,1,737896,96.95,2004,22,40.85,23.98
12218,Historical,894238,0,0,D,2,1,6300913,173.5,1991,13,16.54,64.81
12219,Historical,658954,0,0,D,2,1,989721,238,2004,18,145.99,226.98
12220,Historical,789112,0,0,D,4,1,4219098,210,2002,22,16.54,73.64
12221,Historical,897816,0,0,D,1,0,4900534,114.99,1999,17,75.97,44.71
12222,Historical,1593584,0,0,D,1,0,582709,130,2008,23,121.12,64.1
12223,Historical,200164,0,0,D,2,1,262612,100.95,2006,57,45.53,11.09
12224,Historical,60186,1,1,D,3,1,395279,13.98,2002,69,67.73,13.98
12225,Historical,654860,0,0,D,1,0,1166169,41,2005,27,37.9,17.94
12226,Historical,56751,0,0,D,4,1,635464,44.95,2006,93,28.99,14.87
12227,Historical,217787,0,0,D,3,1,869383,67.99,2006,40,46.82,51.05
12228,Historical,423062,0,0,D,2,1,246002,147.6,2010,40,115.04,60.98
12229,Historical,551658,1,4,D,0,0,1704703,107.4,2006,43,115.04,48.86
12230,Historical,390065,0,0,D,0,0,480114,0,2004,11,71.33,0
12231,Historical,617982,0,0,D,1,0,1761727,209,2008,15,115.89,32.49
12232,Historical,869966,0,0,D,0,0,3318291,69.95,1994,20,82.21,47.53
12233,Historical,392736,0,0,D,2,1,1130156,69.95,2006,29,100.27,49.45
12235,Historical,147609,0,0,D,6,1,70270,104,2010,49,80.32,27.99
12236,Historical,147167,0,0,D,5,1,939734,82.95,2005,65,80.32,23.88
12237,Historical,700564,0,0,D,1,0,2989072,120,2004,18,114.35,88
12238,Historical,660477,0,0,D,2,1,1542652,130,2006,30,99.91,41.44
12239,Historical,788841,0,0,D,2,1,3739670,69.95,1999,21,88.21,51.33
12240,Historical,916200,0,0,D,3,1,1011305,94.99,2008,28,88.21,53.99
12241,Historical,700047,1,1,D,4,1,3002354,49.95,2002,20,50.98,29.29
12243,Historical,265317,0,0,D,1,0,1400136,96,2007,19,74.49,33.94
12244,Historical,577443,0,0,D,3,1,2118576,82.99,2008,21,7.14,26.89
12245,Historical,286102,0,0,D,3,1,83977,137.2,2009,49,102.06,53.61
12246,Historical,245233,1,1,D,4,1,817836,177.95,2005,33,103.08,29.65
12247,Historical,57003,0,0,D,4,1,285294,32.95,2009,194,22.98,12.24
12248,Historical,57002,0,0,D,5,1,152755,34.95,2011,117,22.98,18.99
12249,Historical,57001,0,0,D,3,1,425621,25.95,2004,163,22.98,9.76
12250,Historical,888080,0,0,D,2,1,6043370,149,2004,10,203.52,80.31
12251,Historical,577331,0,0,D,5,1,2678530,54.95,2001,30,23.98,33.48
12252,Historical,609187,0,0,D,6,1,1192945,65,2005,27,23.98,12.49
12253,Historical,646432,0,0,D,3,1,992893,165,2009,25,36.98,39.99
12254,Historical,755195,0,0,D,1,0,5768594,89.95,2003,11,48.93,59
12255,Historical,620130,0,0,D,1,0,1240007,53.31,2004,39,23.74,29.98
12256,Historical,582301,0,0,D,1,0,627866,55,2009,27,0,0
12257,Historical,576663,0,0,D,1,0,3553157,24.95,2007,28,21.96,39.97
12258,Historical,542904,0,0,D,2,1,1202317,37.95,2009,20,21.96,19.97
12259,Historical,58324,1,1,D,7,1,146224,106.95,2009,342,43.83,13.99
12260,Historical,58325,0,0,D,6,1,803236,86.95,2005,180,43.83,8.9
12261,Historical,871485,0,0,D,7,1,2719169,124,2008,11,22.92,602.99
12262,Historical,58353,1,4,D,8,1,36346,118.6,2011,98,22.92,83.09
12263,Historical,58350,1,2,D,7,1,488613,104,2007,132,22.92,23.98
12264,Historical,184666,0,0,D,1,0,2182878,92.99,2005,18,47.73,58.99
12265,Historical,2471534,0,0,D,2,1,6046130,40.95,1996,16,0,32.48
12266,Historical,764974,0,0,D,3,1,7019664,119.95,1999,10,27.14,23.84
12267,Historical,196497,0,0,D,5,1,924462,276,2003,21,184.44,73.17
12268,Historical,146931,1,1,D,2,1,722610,129,2003,32,65.53,76.99
12269,Historical,581086,0,0,D,0,0,1772792,99,1995,36,65.53,51.95
12270,Historical,657257,0,0,D,3,1,1995725,209.99,2007,16,118.54,99.72
12271,Historical,255788,1,2,D,2,1,328327,59.95,2008,32,101.52,11.98
12272,Historical,804566,0,0,D,6,1,1589269,137,2009,20,86.24,94.33
12273,Historical,598635,0,0,D,3,1,3666204,46,2004,16,19.02,45.15
12274,Historical,573519,0,0,D,3,1,664968,69.95,1995,35,72.46,16.54
12275,Historical,646208,0,0,D,4,1,1252592,59,2008,12,19.02,33.98
12276,Historical,565343,0,0,D,10,1,3027047,105,2008,15,18.24,28.12
12277,Historical,906431,0,0,D,9,1,8708835,97.95,2003,16,18.24,72.77
12278,Historical,889620,0,0,D,3,1,9044767,91.95,2002,15,42.4,63.25
12279,Historical,894099,0,0,D,4,1,1890020,96.95,2007,14,42.4,199.16
12280,Historical,557199,0,0,D,3,1,565484,145.4,2002,95,115.49,68.39
12281,Historical,203844,1,3,D,10,1,543727,97.95,2008,123,62.49,18.99
12282,Historical,533339,0,0,D,11,1,68936,113.99,2012,111,62.49,38.96
12283,Historical,592326,0,0,D,7,1,1132349,92.95,2007,83,60.48,22.99
12284,Historical,298874,0,0,D,8,1,162876,104,2011,67,60.48,38.98
12285,Historical,192934,0,0,D,4,1,1559794,199,2003,27,125.98,79.99
12286,Historical,2697419,0,0,D,1,0,4719969,62,1998,10,72.36,73.98
12287,Historical,531899,0,0,D,2,1,582094,67.95,2008,40,35.58,39.89
12288,Historical,545807,1,3,D,3,1,68048,120,2012,53,94.76,33.64
12289,Historical,58063,1,1,D,2,1,379018,112,2010,72,94.76,15.98
12290,Historical,874105,0,0,D,2,1,1754849,10.78,2010,46,94.76,18.33
12291,Historical,58062,1,1,D,1,0,1445121,107,2008,44,94.76,11.17
12292,Historical,50187,1,1,D,7,1,134112,340.95,2004,93,91.97,33.99
12293,Historical,1587396,0,0,D,1,0,3399524,89.99,2006,21,22.68,31.55
12294,Historical,253999,0,0,D,3,1,1475726,329,2011,20,236.29,119.01
12295,Historical,159467,0,0,D,2,1,2529328,319,2006,13,236.29,33.43
12296,Historical,609238,0,0,D,3,1,571286,74.99,2007,38,51.99,15.99
12297,Historical,200627,1,1,D,1,0,722608,112.95,2011,55,54.99,45.13
12298,Historical,202814,0,0,D,4,1,2210821,290.95,2000,25,91.98,28.94
12299,Historical,269541,0,0,D,1,0,1192914,79.95,2007,19,65.98,38.53
12300,Historical,743810,0,0,D,3,1,2992843,199.95,2008,18,38.09,80.63
12301,Historical,288825,0,0,D,1,0,1936810,130,2007,22,95.39,84.77
12302,Historical,203719,0,0,D,1,0,2317895,107.99,2004,16,143.49,115.83
12303,Historical,883756,0,0,D,0,0,6873672,52.95,2005,12,48.94,152.41
12304,Historical,553573,0,0,D,3,1,599419,62.4,2010,65,23.88,8.98
12305,Historical,322703,1,1,D,3,1,523287,107.2,2007,57,138.74,46.21
12306,Historical,131261,1,2,D,2,1,1207198,149.8,2000,47,125.09,23.97
12307,Historical,3021858,0,0,D,2,1,6292412,52.95,1993,21,37.98,8.16
12308,Historical,696945,0,0,D,3,1,500800,156,2010,21,69.21,144.17
12309,Historical,868032,1,1,D,3,1,1222307,110,2006,23,69.21,76.26
12310,Historical,3468468,0,0,D,3,1,2336101,84.95,2006,18,0,166.66
12311,Historical,165312,0,0,D,5,1,720862,0,2002,32,113.98,40.54
12312,Historical,628618,0,0,D,2,1,1021327,54.99,2008,16,0,0
12313,Historical,757027,0,0,D,1,0,3017889,135,1997,23,57.99,33.99
12314,Historical,647208,0,0,D,1,0,184355,83.95,2011,17,0,0
12315,Historical,264893,0,0,D,2,1,3149842,119.95,2002,23,97.15,46.37
12316,Historical,562558,0,0,D,3,1,12404766,219.95,2003,10,216.67,68.29
12317,Historical,147327,1,1,D,1,0,1096398,99.95,2006,14,80.98,81.49
12318,Historical,631565,1,2,D,3,1,419528,114,2010,32,80.98,101.53
12319,Historical,577158,1,2,D,3,1,1260938,141.95,2000,61,111.97,38.98
12320,Historical,523331,1,1,D,4,1,683347,120,2009,42,111.97,27.85
12321,Historical,53748,1,1,D,5,1,305376,79.95,2005,191,54.98,24.89
12322,Historical,53749,1,2,D,6,1,45440,91.99,2009,110,54.98,40.99
12323,Historical,879245,0,0,D,6,1,1347976,89.5,2009,25,54.98,0
12324,Historical,759633,0,0,D,2,1,5398407,68.5,2001,20,33.99,45.66
12325,Historical,159462,0,0,D,2,1,415860,69.95,2007,19,41.53,36.97
12326,Historical,825096,0,0,D,9,1,1455308,34.95,2001,22,29.92,48.59
12327,Historical,700313,1,1,D,10,1,1453213,37.95,2003,30,29.92,7.99
12328,Historical,248105,0,0,D,3,1,61176,90,2010,44,58.49,19.42
12329,Historical,298278,0,0,D,2,1,253325,75.95,2007,42,58.49,15.97
12330,Historical,433351,1,1,D,0,0,1491890,176,2006,48,75.88,14.47
12331,Historical,613217,0,0,D,2,1,1091598,69.99,2006,81,17.78,5.99
12332,Historical,742234,0,0,D,1,0,2066240,69.99,2009,18,27.77,56.5
12333,Historical,897826,0,0,D,2,1,2309308,132.55,2002,35,30.8,96.06
12334,Historical,889744,0,0,D,0,0,1586842,0,2003,15,61.78,73.43
12335,Historical,203173,0,0,D,1,0,1840265,99.95,1997,36,73.99,23.38
12336,Historical,144538,0,0,D,3,1,191856,148,2004,31,115.89,37.58
12337,Historical,367089,0,0,D,0,0,2289309,47.95,2000,30,29.19,25.94
12338,Historical,863039,1,1,D,2,1,690482,69.95,2002,24,45.13,108.16
12339,Historical,202257,1,1,D,1,0,1371674,113.95,2001,20,65.26,103.35
12340,Historical,2699272,0,0,D,2,1,1580667,34.95,2005,42,26.75,11.88
12341,Historical,53494,0,0,D,8,1,3182457,46.95,2005,29,0,8.99
12342,Historical,53495,1,1,D,9,1,336237,55,2008,33,28.86,49.95
12343,Historical,247559,0,0,D,0,0,1671669,73,2008,19,48.19,72.71
12344,Historical,366219,0,0,D,1,0,2100619,56.95,2002,36,51.73,9.94
12345,Historical,1521834,0,0,D,1,0,3031735,53,2007,24,33.52,50.17
12346,Historical,627475,1,1,D,0,0,100167,56.99,2009,25,0,0
12347,Historical,907011,0,0,D,2,1,1804831,49.98,2008,17,42.13,40.99
12348,Historical,616416,0,0,D,1,0,538566,39.95,1998,108,19.51,10.61
12349,Historical,2472541,1,1,D,3,1,6036090,69,1999,10,153.14,43.99
12350,Historical,143458,0,0,D,2,1,4931250,100.5,2002,14,153.14,107.77
12351,Historical,328218,0,0,D,2,1,5824477,28,1999,17,119.18,72.33
12352,Historical,2602633,0,0,D,0,0,2162308,125.99,2001,12,60.48,132.88
12353,Historical,756635,0,0,D,10,1,637768,30.98,2002,24,132.99,30.84
12354,Historical,534240,1,3,D,11,1,172197,174.36,2005,41,132.99,73.98
12355,Historical,2610292,0,0,D,0,0,1766618,51.99,1999,19,26.98,30.94
12356,Historical,402813,0,0,D,0,0,1941240,72.95,1995,28,76.54,16.74
12357,Historical,144797,0,0,D,2,1,2389174,49.99,2004,51,13.87,12.98
12358,Historical,531884,0,0,D,4,1,727485,49.99,2011,39,13.87,43.29
12359,Historical,607958,0,0,D,3,1,971522,49.99,2008,85,13.87,4.62
12360,Historical,58202,0,0,D,3,1,1127730,80,2005,76,66.99,6.23
12361,Historical,264627,0,0,D,1,0,843234,207.22,2006,24,33.45,44.09
12362,Historical,631652,0,0,D,2,1,2416150,90.95,2009,14,33.45,8.6
12363,Historical,2022174,0,0,D,20,1,1235648,129.95,2014,16,0,41.99
12365,Historical,644556,0,0,D,5,1,202886,147.58,2012,64,100.73,53.07
12366,Historical,621904,0,0,D,5,1,138991,113.98,2012,71,100.73,23.99
12367,Historical,157361,0,0,D,2,1,1323691,67.95,2007,36,40.86,61.01
12368,Historical,644983,1,1,D,4,1,1584080,164.95,2010,31,37.03,44.99
12369,Historical,563677,1,6,D,4,1,104943,10.82,2009,63,100.73,14.35
12370,Historical,724820,0,0,D,3,1,5246173,99,2006,21,37.03,7.98
12371,Historical,60188,0,0,D,4,1,656030,143,2005,59,77.82,23.23
12372,Historical,60189,0,0,D,7,1,258067,197.95,2006,72,83.14,111.9
12373,Historical,533881,0,0,D,8,1,190357,317.95,2009,82,83.14,30.93
12374,Historical,286956,0,0,D,1,0,3183883,55,1998,26,44.94,66.19
12375,Historical,120677,1,1,D,5,1,26601,186.4,2009,48,77.82,45.99
12376,Historical,608591,1,1,D,6,1,3505682,136.95,2003,38,83.14,33.92
12377,Historical,158100,0,0,D,2,1,1429890,65,2006,30,0,0
12378,Historical,2722694,0,0,D,1,0,9707001,49.95,2004,13,48.16,47.57
12379,Historical,614510,0,0,D,0,0,1631675,42.95,1993,56,4.36,5.48
12380,Historical,615210,0,0,D,2,1,223315,12,2002,133,4.36,28.46
12382,Historical,747826,1,2,D,2,1,4996257,0,2006,16,80.98,59.09
12383,Historical,614945,0,0,D,3,1,307171,30.97,2008,70,80.98,27.99
12384,Historical,2436889,0,0,D,3,1,1605643,150,2004,35,134.34,19.97
12385,Historical,50020,1,2,D,3,1,8241,236.95,2010,148,128.84,51.44
12386,Historical,224714,1,2,D,3,1,20278,265.95,2010,124,128.84,48.99
12387,Historical,115414,1,2,D,4,1,532470,95.13,2003,62,71.59,4.78
12388,Historical,252621,1,1,D,7,1,60465,32.07,2009,105,120.85,23.94
12389,Historical,421770,0,0,D,1,0,48730,240,2006,80,24.77,67.09
12390,Historical,428411,0,0,D,2,1,567472,163,2007,43,66.04,33.99
12391,Historical,515877,0,0,D,1,0,1456823,150.4,2003,37,66.04,15.99
12392,Historical,919691,0,0,D,4,1,2562663,47.5,2000,39,60.1,47.23
12393,Historical,271475,1,1,D,5,1,599258,55,2005,29,60.1,76.21
12394,Historical,50280,0,0,D,7,1,1944579,150.4,2004,44,58.5,18.89
12395,Historical,50279,0,0,D,6,1,580767,99,2000,37,58.5,38.89
12396,Historical,51426,1,1,D,4,1,890500,163.95,2005,75,64.99,23.98
12397,Historical,50018,1,1,D,2,1,109815,254.95,2007,107,128.84,32.25
12398,Historical,53057,0,0,D,4,1,112280,253.95,2007,102,49.6,31.49
12399,Historical,213086,0,0,D,4,1,2876724,130,2004,48,44.99,6.86
12400,Historical,51428,0,0,D,5,1,291113,215.95,2008,58,64.99,38.98
12401,Historical,2893396,0,0,D,1,0,3120576,50,1989,34,48.38,22.39
12402,Historical,800747,0,0,D,1,0,1864418,88.95,2005,40,70.48,6.24
12403,Historical,651005,0,0,D,1,0,1883426,92.81,2001,24,33.94,41.25
12404,Historical,268465,0,0,D,2,1,800466,47,2006,29,49.65,52.54
12405,Historical,261408,0,0,D,2,1,1461332,92,2003,31,49.65,30
12406,Historical,158093,0,0,D,0,0,2331940,62.5,2005,16,65.31,20.98
12407,Historical,915467,0,0,D,1,0,1576530,42.95,1994,26,35.83,4.86
12408,Historical,908292,0,0,D,1,0,55192,94,2006,21,33.98,60.56
12409,Historical,599928,0,0,D,1,0,328970,82.95,2007,29,72.16,19.87
12410,Historical,910349,0,0,D,0,0,2593064,44.95,2004,21,21.5,21.98
12411,Historical,131926,0,0,D,5,1,1822851,110,2004,43,72.63,23.86
12412,Historical,607743,1,1,D,6,1,475213,132,2008,34,42.98,58.58
12413,Historical,607293,1,1,D,3,1,1248186,106.67,2005,54,66.93,34.57
12414,Historical,607246,0,0,D,2,1,3218308,72,2002,25,66.93,14.99
12415,Historical,205737,0,0,D,1,0,714733,42,2004,32,33.7,23.66
12416,Historical,410488,0,0,D,2,1,327207,29.95,2005,21,0,0
12417,Historical,828775,1,3,D,0,0,757855,49,1988,50,59,32.98
12418,Historical,760347,0,0,D,0,0,850066,90,2003,22,43.91,51.39
12419,Historical,3203063,0,0,D,2,1,2580888,309,1974,16,32.82,238.73
12420,Historical,247948,0,0,D,3,1,884008,68,2007,47,52.33,23.63
12421,Historical,199183,0,0,D,2,1,2229864,49.95,2003,30,52.33,7.98
12423,Historical,572320,0,0,D,9,1,1922892,150.95,2007,71,158.26,6.46
12424,Historical,531862,1,2,D,11,1,54459,283.95,2012,51,158.26,77.78
12425,Historical,254076,1,1,D,10,1,184151,189.95,2010,78,158.26,16.92
12426,Historical,380520,0,0,D,11,1,47933,172.95,2012,69,158.26,33.99
12427,Historical,110288,0,0,D,2,1,464625,41.39,2011,67,58.99,11.98
12428,Historical,120718,1,1,D,11,1,130716,195.2,2009,63,127.96,16.95
12429,Historical,550492,0,0,D,2,1,1555335,128,2010,51,58.99,10.22
12430,Historical,531859,0,0,D,12,1,332283,155.2,2012,73,101.59,58.89
12432,Historical,550926,0,0,D,13,1,371465,59.56,2011,59,71.5,37.99
12433,Historical,531865,0,0,D,12,1,489263,151.73,2008,29,71.5,73.29
12434,Historical,544650,0,0,D,21,1,66660,280.95,2013,83,6.94,25.99
12435,Historical,54258,1,3,D,20,1,191357,297.95,2010,102,6.94,102.71
12436,Historical,531858,0,0,D,12,1,42076,255,2012,75,127.96,32.99
12437,Historical,183634,0,0,D,9,1,2043821,99.95,2007,35,63.98,44.98
12438,Historical,533728,1,1,D,6,1,25640,306.95,2012,80,143.83,60.61
12439,Historical,146481,1,4,D,9,1,15818,226.4,2011,239,121.67,29.15
12440,Historical,110554,1,1,D,1,0,694604,243.75,2011,62,100.23,36.94
12441,Historical,254115,1,2,D,7,1,262429,280.95,2010,95,114.54,68.63
12442,Historical,603229,1,2,D,4,1,1652080,49.74,2006,33,70.42,36.18
12443,Historical,146071,0,0,D,2,1,490255,188,2009,87,84.15,6.98
12444,Historical,117722,0,0,D,0,0,2374611,158,2006,40,84.15,18.74
12445,Historical,570764,0,0,D,1,0,600698,313.95,2008,38,81.82,71.6
12446,Historical,2261155,0,0,D,6,1,4501537,269.74,2008,38,104.72,213.99
12447,Historical,51814,0,0,D,7,1,55037,313.95,2010,57,104.72,41.12
12448,Historical,531857,1,1,D,5,1,390324,225.33,2010,100,94.72,33.99
12449,Historical,145256,0,0,D,4,1,1179089,176,2006,58,94.72,43.98
12450,Historical,51813,0,0,D,6,1,233211,344.95,2007,71,104.72,72.73
12451,Historical,292171,0,0,D,5,1,1964573,295.95,2005,47,114.54,8.99
12452,Historical,552842,0,0,D,4,1,157884,179.33,2006,178,88.98,15.82
12453,Historical,162414,0,0,D,2,1,216207,29.9,2008,112,45.99,22.18
12454,Historical,626261,0,0,D,5,1,844158,219.33,2010,68,97.47,449.96
12455,Historical,55038,1,2,D,9,1,1642923,248.95,2006,48,59.98,47.07
12456,Historical,146248,0,0,D,2,1,268438,206,2010,100,110.06,13.67
12457,Historical,51749,0,0,D,5,1,234622,336.95,2008,91,143.83,33.99
12458,Historical,169816,0,0,D,7,1,852254,329.95,2008,77,93.99,18.99
12459,Historical,550760,0,0,D,2,1,672602,146.66,2009,75,100.23,32.61
12460,Historical,145629,1,1,D,3,1,263199,162.67,2007,224,110.48,11.78
12461,Historical,288712,0,0,D,4,1,20957,226.4,2011,217,110.48,33.11
12462,Historical,600324,1,1,D,5,1,1360030,14.87,2008,34,70.42,14.86
12463,Historical,52367,1,4,D,10,1,226987,188.67,2008,182,83.99,15.97
12464,Historical,533682,1,2,D,11,1,8370,233.2,2012,114,83.99,48.99
12465,Historical,146268,1,4,D,5,1,195190,206,2010,184,97.47,23.99
12466,Historical,107301,1,3,D,7,1,1117885,5.12,2000,51,31.82,12.95
12467,Historical,183615,0,0,D,6,1,920513,280.95,2007,74,114.54,28.99
12468,Historical,118864,1,1,D,8,1,733820,162.67,2007,209,121.67,10.59
12469,Historical,117740,0,0,D,1,0,2240722,158,2006,56,114.8,5.26
12470,Historical,146252,1,2,D,2,1,769457,206,2010,119,114.8,17.85
12471,Historical,166490,0,0,D,1,0,1743507,10.74,2005,58,45.99,10.68
12472,Historical,873562,0,0,D,2,1,506182,149.5,2009,39,81.89,33.99
12473,Historical,314976,0,0,D,2,1,1722274,121.33,2006,95,33.42,16.62
12474,Historical,146033,0,0,D,3,1,145626,146,2009,228,33.42,8.88
12475,Historical,111114,0,0,D,2,1,310566,22.17,2009,68,81.89,6.51
12476,Historical,561509,0,0,D,5,1,33488,226.4,2012,108,43.99,62.27
12477,Historical,145820,1,2,D,4,1,300058,179.33,2009,100,43.99,33.51
12479,Historical,145045,0,0,D,1,0,1711918,162.67,2007,69,110.06,5.26
12480,Historical,178889,0,0,D,1,0,1805745,125,2010,53,143.83,21.74
12481,Historical,178283,0,0,D,6,1,2057306,266.95,2004,27,93.99,110.41
12482,Historical,183423,0,0,D,7,1,146883,328.95,2006,93,108.76,34.48
12483,Historical,55039,0,0,D,10,1,256911,321.95,2008,65,59.98,36.83
12484,Historical,183655,0,0,D,5,1,1118827,321.95,2007,52,145.71,43.12
12485,Historical,297881,1,2,D,6,1,255981,292.95,2011,45,145.71,43.98
12486,Historical,145896,1,1,D,5,1,110473,188.67,2009,277,88.98,30.22
12487,Historical,51800,0,0,D,3,1,1925177,158,2005,89,98.99,9.16
12488,Historical,51801,1,1,D,4,1,236079,188.67,2009,132,98.99,16.86
12489,Historical,197660,0,0,D,3,1,2953409,67.95,2007,26,58.99,35
12490,Historical,197959,0,0,D,4,1,2027147,75.41,2009,38,58.99,8.28
12491,Historical,285318,1,1,D,9,1,1205753,10.29,2006,105,4,13.08
12492,Historical,707325,0,0,D,8,1,6159372,50.96,2002,15,18.99,120.48
12493,Historical,616279,0,0,D,7,1,2179755,153.6,2006,36,68.99,25.59
12494,Historical,613866,0,0,D,8,1,324166,204,2008,83,68.99,14.95
12495,Historical,50118,0,0,D,12,1,74750,210.67,2010,179,110.99,13.99
12496,Historical,50117,0,0,D,11,1,248139,174.67,2007,79,110.99,23.9
12497,Historical,743001,1,1,D,9,1,228980,196.93,2011,57,174.23,53.99
12498,Historical,109662,0,0,D,2,1,1807803,234.75,2005,53,62.23,25.99
12499,Historical,624288,0,0,D,9,1,422301,289.6,2011,29,174.23,101.99
12500,Historical,908249,0,0,D,1,0,3034479,79.9,2010,40,77.69,90.56
12501,Historical,55401,0,0,D,1,0,582735,199.33,2006,102,138.97,43.81
12502,Historical,614132,0,0,D,2,1,296895,275.6,2012,112,138.97,23.99
12503,Historical,60193,0,0,D,2,1,1243480,193.05,2006,44,62.23,26.71
12504,Historical,764426,0,0,D,1,0,738546,316.95,2009,56,77.69,54.26
12505,Historical,55311,0,0,D,5,1,803579,146.67,2002,67,83.99,59.71
12506,Historical,552002,0,0,D,4,1,1191545,125,1999,60,83.99,28.99
12507,Historical,52450,1,1,D,7,1,662811,151.95,2005,109,146.99,47.81
12508,Historical,880588,0,0,D,8,1,381635,598.99,2008,49,146.99,70.98
12509,Historical,561430,1,2,D,9,1,24921,275.6,2011,215,174.23,27.99
12510,Historical,613043,0,0,D,8,1,521662,230.8,2006,117,174.23,25.99
12511,Historical,51641,0,0,D,9,1,92785,205.95,2011,128,89.28,30.51
12512,Historical,579466,1,1,D,8,1,1074625,150,2005,106,158.41,15.99
12513,Historical,60196,0,0,D,6,1,450861,115.67,2006,28,71.5,61.49
12514,Historical,713836,0,0,D,4,1,4057246,78,1999,14,71.5,675
12515,Historical,569613,0,0,D,1,0,1700218,225.95,2008,44,82.99,10.34
12516,Historical,561264,0,0,D,2,1,205590,173,2009,92,117.05,16.04
12517,Historical,51642,0,0,D,8,1,509966,217.95,2007,97,89.28,52.59
12518,Historical,561484,0,0,D,9,1,29792,186.8,2011,80,158.41,63.39
12519,Historical,561566,1,1,D,2,1,839362,174.8,2012,75,117.05,33.48
12520,Historical,51640,0,0,D,7,1,1552189,234.95,2005,68,89.28,6.49
12521,Historical,561567,1,1,D,2,1,870004,163.8,2012,70,70.61,27.08
12522,Historical,531842,0,0,D,9,1,129988,205.95,2011,70,88.74,63.37
12523,Historical,111050,0,0,D,3,1,702038,38.95,2009,29,53.82,38.95
12524,Historical,109732,0,0,D,2,1,4326575,0,2005,20,53.82,23.9
12525,Historical,109859,0,0,D,2,1,4320362,0,2006,17,0,124.93
12526,Historical,764485,0,0,D,1,0,1068307,225.95,2009,23,32.89,42.89
12527,Historical,579467,0,0,D,8,1,1213007,142.4,2006,52,141.83,12.97
12528,Historical,618570,1,1,D,2,1,292306,162,2009,70,70.61,23.02
12529,Historical,290902,0,0,D,7,1,985412,207.95,2006,34,88.74,51.07
12530,Historical,537959,0,0,D,8,1,410577,217.95,2008,72,88.74,68.33
12531,Historical,540632,0,0,D,9,1,163276,177.6,2011,50,141.83,59.09
12532,Historical,561237,0,0,D,2,1,955829,175.33,2009,24,70.61,78.09
12533,Historical,60195,0,0,D,7,1,1438756,238.95,2005,51,88.74,35.15
12534,Historical,533562,0,0,D,12,1,75020,129,2012,59,43.83,60
12535,Historical,53637,0,0,D,10,1,1637931,82.2,2006,48,43.83,25.33
12536,Historical,53636,0,0,D,11,1,696887,101.33,2009,29,43.83,63.67
12537,Historical,906794,0,0,D,0,0,569563,61,2005,28,35.97,47.84
12538,Historical,551860,0,0,D,1,0,3549745,25.33,2003,27,9.19,21.48
12539,Historical,286072,0,0,D,2,1,666950,33,2007,41,9.19,39.33
12540,Historical,769684,0,0,D,4,1,4279692,13.98,2001,30,51.94,13.99
12541,Historical,182991,0,0,D,5,1,909802,283.95,2004,47,51.94,30.64
12542,Historical,53782,0,0,D,8,1,151853,43.99,2010,55,68.99,43.72
12543,Historical,53781,0,0,D,6,1,311088,14.32,2005,130,68.99,15.24
12544,Historical,533554,1,1,D,8,1,36386,76.87,2010,141,68.99,28.99
12545,Historical,698676,0,0,D,8,1,3632612,83.5,2010,48,122.86,48.99
12546,Historical,1424663,0,0,D,5,1,465145,47.95,2006,13,23.31,19.36
12547,Historical,2301024,0,0,D,4,1,2226887,53.95,2003,27,23.31,53.98
12548,Historical,3463606,0,0,D,7,1,2022857,0,2007,16,0,52.95
12549,Historical,245228,0,0,D,1,0,1187457,203.95,2009,20,86.98,127.89
12550,Historical,2530193,0,0,D,1,0,1812285,46.95,1995,18,65.77,80.51
12551,Historical,2526598,0,0,D,1,0,413802,35.95,1982,24,79.57,60.29
12552,Historical,2538578,0,0,D,2,1,2192444,39.95,2002,20,131.91,52.93
12553,Historical,2536420,0,0,D,0,0,114341,35.95,2001,20,69.77,98.54
12554,Historical,2536422,0,0,D,0,0,3622265,49.95,2001,21,69.77,64
12557,Historical,2530759,0,0,D,1,0,1356213,48.95,1995,22,70,36.8
12558,Historical,2540486,0,0,D,2,1,2721508,35.95,2002,20,39.47,51.22
12559,Historical,2531072,0,0,D,0,0,1520436,39.95,1997,19,26.54,56.55
12560,Historical,633070,0,0,D,1,0,1183665,259.99,2011,28,0,144.71
12561,Historical,115233,0,0,D,5,1,501623,68.73,2000,36,58.55,12.74
12562,Historical,3272393,0,0,D,5,1,3109507,27.84,2001,39,58.55,37.47
12563,Historical,531831,0,0,D,8,1,102960,57.95,2012,58,55.42,31.05
12564,Historical,555649,0,0,D,6,1,939124,49.95,2007,83,55.42,17.39
12565,Historical,127534,0,0,D,7,1,496087,59.95,2009,106,55.42,7.95
12566,Historical,761284,0,0,D,2,1,246232,150,2004,16,63.82,63.94
12567,Historical,727994,0,0,D,1,0,3688012,98,1998,21,100.98,50.39
12568,Historical,748326,0,0,D,2,1,3892200,150,2005,15,100.98,49.55
12569,Historical,549592,0,0,D,5,1,92248,74.95,2005,33,60.99,68.85
12570,Historical,789144,0,0,D,1,0,6821150,279,2004,13,16.79,72.79
12571,Historical,1729001,0,0,D,1,0,3501972,138,2008,9,153.21,308.61
12572,Historical,700723,0,0,D,1,0,2728322,159,2006,21,22.43,38.29
12573,Historical,2664603,0,0,D,1,0,6274102,169,1999,20,128.49,69.49
12574,Historical,651597,0,0,D,4,1,2881556,39.95,2003,12,37.98,57.85
12575,Historical,266297,0,0,D,1,0,2521047,52.99,2003,17,24.64,49.35
12576,Historical,3514060,0,0,D,0,0,1225328,115,1992,10,0,220.7
12577,Historical,279942,0,0,D,2,1,215056,49.99,2009,37,31.87,36.99
12578,Historical,697615,0,0,D,3,1,3200770,108,1997,17,67.19,83.44
12579,Historical,1533543,0,0,D,3,1,2625862,299,2007,19,122.99,84.99
12580,Historical,902661,0,0,D,1,0,503673,49.99,2004,13,31.53,73.77
12581,Historical,193034,1,1,D,1,0,317571,152,1996,43,88.99,73.97
12582,Historical,187985,0,0,D,2,1,600309,104.99,2000,47,65.98,31.99
12583,Historical,193036,0,0,D,1,0,2460078,163,1996,21,109.72,106.99
12584,Historical,607257,1,1,D,4,1,279071,76.4,2002,59,43.43,12.31
12585,Historical,713578,0,0,D,3,1,1099336,54.67,1998,36,43.43,21.37
12586,Historical,630037,0,0,D,1,0,609637,64.99,2010,26,48.18,33.29
12587,Historical,552723,0,0,D,5,1,271658,94.2,2006,22,43.43,32.98
12588,Historical,258406,0,0,D,2,1,405429,79.5,2006,35,65.52,23.97
12589,Historical,607379,1,1,D,2,1,425719,73,2006,37,89.75,41.89
12590,Historical,607752,0,0,D,3,1,112566,92,2009,45,89.75,52.05
12591,Historical,3042666,0,0,D,1,0,275247,95,1999,36,0,53.98
12592,Historical,895815,0,0,D,3,1,4004921,74.95,2005,15,92.61,45.45
12593,Historical,832957,0,0,D,2,1,1832596,99,1999,15,0,0
12594,Historical,607098,0,0,D,4,1,585712,98.95,2008,28,85.12,73.34
12596,Historical,876396,0,0,D,0,0,388422,29.99,2012,20,75.76,72.69
12597,Historical,55398,0,0,D,2,1,90827,54.95,2011,127,75.76,16.86
12598,Historical,55397,1,3,D,0,0,930345,54.95,2009,48,75.76,13.99
12599,Historical,468719,0,0,D,0,0,1221815,38.5,2009,59,69.99,8.98
12600,Historical,621300,0,0,D,0,0,77136,48,2012,41,0,0
12601,Historical,161420,0,0,D,2,1,778481,0,2000,18,20.98,50.66
12602,Historical,2471100,0,0,D,1,0,4580211,106.95,1995,13,0,59.1
12603,Historical,531811,0,0,D,3,1,235698,246.95,2009,38,152.87,52.99
12604,Historical,546643,0,0,D,0,0,2816034,177,2007,12,22.98,88.74
12605,Historical,598838,0,0,D,0,0,7011176,110,2004,17,22.98,43.99
12606,Historical,114132,1,1,D,1,0,2259334,92.67,2001,19,29.49,142.61
12607,Historical,147884,0,0,D,1,0,300414,222.95,2000,25,29.49,85.59
12608,Historical,297999,1,2,D,1,0,158143,206.95,2005,14,76.78,353.27
12609,Historical,2118586,0,0,D,2,1,4948488,190,2006,11,187.39,137.9
12610,Historical,870508,0,0,D,6,1,2956136,25.19,2009,46,52.99,14.97
12611,Historical,557484,1,2,D,6,1,835346,74.67,2009,101,52.99,11.97
12612,Historical,762296,0,0,D,2,1,3066658,84.95,2006,15,41.95,42.79
12613,Historical,1534047,0,0,D,2,1,2363881,89.99,2008,18,79.83,36.99
12614,Historical,734875,0,0,D,5,1,1180982,23.61,2010,38,40.34,6.6
12615,Historical,141777,0,0,D,4,1,2209742,6.65,2005,37,40.34,4.34
12616,Historical,626218,0,0,D,6,1,71546,159.79,2011,57,40.34,23.1
12618,Historical,872491,0,0,D,1,0,1914958,34.6,1982,28,53.98,50.52
12619,Historical,543350,1,2,D,14,1,7453,207.95,2013,67,109.44,47.99
12620,Historical,52354,1,1,D,13,1,52608,228.95,2010,110,109.44,13.5
12621,Historical,52352,0,0,D,12,1,560311,224.95,2007,113,109.44,14.94
12622,Historical,51826,1,6,D,9,1,173660,13.84,2008,156,73.99,13.13
12623,Historical,51823,0,0,D,8,1,2035133,74.95,2004,97,73.99,12.87
12624,Historical,770718,0,0,D,9,1,3870670,68.76,2003,51,65.37,5.29
12625,Historical,557426,0,0,D,10,1,2104034,107.6,2007,26,65.37,55.55
12626,Historical,110241,0,0,D,9,1,1146515,8.84,2008,70,130.25,8.84
12627,Historical,531807,1,2,D,10,1,212443,21.98,2011,108,130.25,13.49
12628,Historical,248054,1,1,D,4,1,935306,83,2009,79,38.99,43.38
12629,Historical,408145,0,0,D,3,1,3279684,71.95,2004,27,38.99,13.94
12630,Historical,53872,0,0,D,9,1,28361,227.95,2010,90,107.46,72.99
12631,Historical,53871,1,1,D,7,1,501495,250.95,2004,55,107.46,15.15
12632,Historical,53870,1,3,D,8,1,703763,218.95,2007,94,107.46,5.34
12633,Historical,800698,1,1,D,1,0,2173139,57,2007,11,38.84,29.94
12634,Historical,725149,0,0,D,2,1,5433597,40,2003,20,33.19,43.6
12635,Historical,287146,0,0,D,3,1,291330,44.99,2006,23,33.19,5.88
12636,Historical,126712,1,2,D,2,1,4276663,72,2002,20,62.93,73.05
12637,Historical,699225,0,0,D,8,1,4343897,90.5,2011,23,116.41,19.98
12638,Historical,177310,0,0,D,4,1,551576,206.95,2003,38,28.24,7.04
12639,Historical,533895,1,1,D,7,1,684014,28.99,2008,69,116.41,27.76
12640,Historical,853157,0,0,D,2,1,869536,66.75,2002,21,62.93,53.68
12641,Historical,110751,0,0,D,8,1,18045,49.84,2011,102,116.41,28.1
12642,Historical,132405,0,0,D,9,1,58019,106.4,2008,66,80.32,48.69
12643,Historical,133215,0,0,D,10,1,28986,143.8,2011,58,80.32,58.99
12644,Historical,60202,0,0,D,8,1,231991,103.4,2004,57,80.32,27.76
12645,Historical,633233,0,0,D,4,1,260902,50.09,2010,29,81.15,71.87
12646,Historical,629844,0,0,D,2,1,4463551,70,1998,16,72.56,4.96
12647,Historical,132663,1,1,D,11,1,110163,130.2,2009,146,65.37,22.92
12648,Historical,2722287,1,1,D,1,0,646026,49.95,2003,25,57.06,21.49
12649,Historical,132117,1,2,D,3,1,867557,4.43,2006,90,125.24,8.99
12650,Historical,53161,0,0,D,7,1,573114,135.6,2007,144,76.37,8.99
12651,Historical,53162,1,1,D,8,1,155719,135.6,2010,87,76.37,45.97
12652,Historical,540143,1,3,D,9,1,17154,161.2,2013,134,76.37,53.88
12653,Historical,877558,0,0,D,8,1,5317523,31.98,2011,40,76.37,32.49
12654,Historical,1588745,0,0,D,0,0,2672138,54.99,2007,23,42.82,31.07
12655,Historical,131740,0,0,D,2,1,3335032,96,2003,40,92.7,10.9
12656,Historical,132362,0,0,D,3,1,648195,120.4,2007,62,92.7,41.95
12657,Historical,248073,0,0,D,1,0,876671,68,2011,49,40.76,29.49
12658,Historical,916296,0,0,D,0,0,4283467,8.99,2009,28,67.63,8.99
12659,Historical,602488,0,0,D,0,0,2571599,0,2010,21,67.63,13.99
12660,Historical,655259,0,0,D,0,0,797803,23.94,2013,30,67.63,30.41
12661,Historical,653676,1,1,D,1,0,1432551,67.99,2007,22,55.98,94.09
12662,Historical,55309,0,0,D,7,1,136950,209.95,2009,89,83.99,58.47
12663,Historical,55308,0,0,D,6,1,673624,225.95,2006,85,83.99,14.69
12664,Historical,592102,1,1,D,1,0,282536,83,2010,76,46.37,12.97
12665,Historical,872294,0,0,D,2,1,3945502,44.91,2007,23,11.38,45.49
12666,Historical,51394,1,2,D,4,1,80207,130.2,2009,90,125.24,24.97
12667,Historical,877549,0,0,D,1,0,1227617,50.8,2008,39,125.24,4
12668,Historical,620378,0,0,D,7,1,1908281,79.6,2002,27,4.71,35
12669,Historical,557287,0,0,D,8,1,1228937,111,2006,23,4.71,45.85
12670,Historical,872581,0,0,D,1,0,166181,99,2014,59,73.77,43.3
12671,Historical,248042,0,0,D,1,0,403723,99,2009,67,73.77,38.99
12672,Historical,144314,0,0,D,4,1,1314044,100.8,2002,45,54.6,25.05
12673,Historical,428386,1,1,D,5,1,200422,136,2006,40,54.6,52.57
12674,Historical,288848,0,0,D,7,1,113758,67.95,2011,60,19.06,19.23
12675,Historical,147470,1,1,D,6,1,992729,56.95,2007,77,19.06,9.94
12676,Historical,53126,0,0,D,6,1,208726,217.95,2011,82,57.29,39.68
12677,Historical,877779,0,0,D,6,1,3831788,0,2011,30,57.29,0
12678,Historical,53127,1,1,D,4,1,2554596,152.95,2005,52,57.29,9.19
12679,Historical,53125,0,0,D,5,1,656139,214.95,2008,79,57.29,45.49
12680,Historical,50250,0,0,D,6,1,1973441,219.95,2003,27,38.12,31.23
12681,Historical,908435,0,0,D,1,0,2995343,95.95,1996,23,68.4,33.98
12682,Historical,307767,0,0,D,0,0,6327151,53.99,2010,19,74.47,50.16
12683,Historical,550481,1,7,D,1,0,88119,96.6,2010,68,74.47,9.61
12684,Historical,50556,1,8,D,5,1,141231,194.95,2007,69,90.99,41.94
12685,Historical,535971,1,2,D,7,1,12477,179.95,2013,79,90.99,87.95
12686,Historical,50557,0,0,D,6,1,62305,198.95,2010,68,90.99,65.72
12687,Historical,58319,1,1,D,3,1,34214,45.36,2010,83,101.62,46.54
12688,Historical,879596,1,1,D,3,1,773144,63.03,2011,21,101.62,63.44
12689,Historical,177597,0,0,D,6,1,1240338,137.95,2004,73,28.51,8.88
12690,Historical,58318,1,3,D,2,1,556395,36.99,2005,68,101.62,28.44
12691,Historical,555643,0,0,D,2,1,243527,89.95,2008,57,79.94,52.41
12692,Historical,552194,0,0,D,0,0,723728,106.67,2005,39,84.66,23.99
12693,Historical,120030,0,0,D,2,1,360269,146,2009,91,84.66,43.99
12694,Historical,576722,1,7,D,2,1,160424,153.95,2011,75,35.55,53.41
12695,Historical,797757,0,0,D,1,0,1654490,70.95,2004,24,39.21,5.2
12696,Historical,868471,1,2,D,1,0,2662604,115.95,1997,31,59.9,41.77
12697,Historical,2347371,0,0,D,4,1,8180832,0,2001,12,0,58.75
12698,Historical,608361,0,0,D,3,1,2730255,0,1994,29,91.99,33.49
12699,Historical,103945,0,0,D,4,1,2394483,15.99,2001,22,105.47,18.99
12700,Historical,566365,0,0,D,4,1,656644,53.17,2000,26,91.99,56.47
12701,Historical,558401,0,0,D,11,1,2803848,43.95,2008,38,20.5,11.16
12702,Historical,135669,1,1,D,12,1,1302552,46.95,2010,50,20.5,10.32
12703,Historical,2272561,0,0,D,13,1,9371784,0,2012,17,136.37,40.77
12704,Historical,852825,1,1,D,1,0,2634370,76.56,2001,12,152.37,8.96
12705,Historical,2620279,0,0,D,1,0,2763693,73.95,1996,22,53.89,44.77
12706,Historical,60205,0,0,D,2,1,2488086,71.95,1999,44,53.89,35.11
12707,Historical,53725,0,0,D,9,1,1552432,114.75,2007,67,61.51,12.99
12708,Historical,53726,0,0,D,9,1,1531736,8.58,2006,57,61.51,8.61
12709,Historical,2125237,0,0,D,1,0,8518019,69.95,2006,10,32.66,37.99
12710,Historical,505034,0,0,D,3,1,2847555,180,2008,18,118.43,13.98
12711,Historical,598848,0,0,D,2,1,5710286,119,2005,15,118.43,18.94
12712,Historical,60206,1,1,D,5,1,387458,246.95,2006,49,94.03,33.83
12713,Historical,765718,0,0,D,4,1,3865461,130.95,2003,29,94.03,44.09
12714,Historical,533960,0,0,D,4,1,750598,89.95,2006,103,78.98,6.15
12715,Historical,253982,0,0,D,5,1,81786,116,2010,246,78.98,11.99
12716,Historical,55036,0,0,D,3,1,765748,82.95,2004,63,45.99,8.99
12717,Historical,55037,1,1,D,4,1,426109,99.95,2008,204,45.99,16.99
12718,Historical,614772,1,6,D,1,0,41689,114.99,2011,142,66.27,10.49
12719,Historical,203882,0,0,D,7,1,51664,106.99,2009,153,28.94,15.89
12720,Historical,203612,0,0,D,6,1,2130203,84.95,2004,70,28.94,5.46
12721,Historical,870562,0,0,D,6,1,1879882,23.37,2010,51,47.89,16.8
12722,Historical,270808,0,0,D,6,1,176645,59.99,2010,215,47.89,12.87
12723,Historical,119012,0,0,D,3,1,85635,61.2,2011,103,59.82,13.94
12724,Historical,616742,0,0,D,1,0,977619,90,2009,36,46.11,33.99
12725,Historical,58060,0,0,D,3,1,1107044,197.95,2002,71,78.99,10.7
12726,Historical,227324,0,0,D,1,0,2624708,99.95,1999,32,46.99,14.42
12727,Historical,2681667,0,0,D,2,1,6297103,763.38,2002,11,61.34,44.79
12728,Historical,193154,0,0,D,3,1,1939083,63.95,2006,15,61.34,89.99
12729,Historical,295975,0,0,D,4,1,2451683,55,1998,32,4,11.86
12730,Historical,199951,1,2,D,2,1,1013244,55.95,2003,45,75.48,12.99
12731,Historical,422277,0,0,D,5,1,723779,156.2,2008,17,17.07,675
12732,Historical,477742,0,0,D,2,1,1070207,173.95,2010,34,53.72,78.59
12733,Historical,520733,0,0,D,2,1,683880,132.95,2009,80,53.72,14.71
12734,Historical,477659,0,0,D,1,0,4264901,96.95,2005,16,53.72,12.45
12735,Historical,421704,1,1,D,5,1,360422,135.6,2007,196,17.07,13.15
12736,Historical,764861,1,1,D,1,0,3178170,144.95,2002,29,49.59,31.99
12737,Historical,200299,0,0,D,1,0,1033089,140.95,2008,25,62.87,33.99
12738,Historical,60210,1,2,D,4,1,344320,205.95,2005,89,132.99,11.98
12739,Historical,169831,0,0,D,5,1,179393,317.95,2009,84,132.99,42.99
12740,Historical,179192,0,0,D,5,1,931511,143.95,2009,55,113.99,22.99
12741,Historical,170001,0,0,D,5,1,657698,169.95,2010,41,9.11,27.58
12742,Historical,253988,0,0,D,3,1,97458,73.95,2011,115,40.69,35.09
12743,Historical,248737,0,0,D,2,1,684765,59.95,2005,54,40.69,11.32
12744,Historical,61157,0,0,D,3,1,440951,78.6,2000,29,60.76,22
12745,Historical,257224,0,0,D,1,0,548659,55,1999,46,0,23.98
12746,Historical,636505,0,0,D,0,0,1991428,34.95,2004,18,0,37.76
12747,Historical,608605,0,0,D,4,1,3360662,146.95,2004,35,92.48,9.54
12748,Historical,118834,1,1,D,5,1,950039,122.6,2007,46,50.96,15.43
12749,Historical,714285,1,1,D,3,1,1702373,89.8,2001,21,50.96,6.99
12750,Historical,617976,0,0,D,5,1,558287,57.95,2010,36,69.71,29.34
12751,Historical,595091,1,1,D,6,1,107272,75.95,2012,32,69.71,51.84
12752,Historical,253939,0,0,D,6,1,225603,172.95,2010,75,92.48,19.88
12753,Historical,60212,0,0,D,5,1,1322116,205.95,2007,67,92.48,4.58
12754,Historical,286999,1,1,D,2,1,992439,49.95,2004,79,22.99,11.8
12755,Historical,1506998,0,0,D,2,1,2116275,41,2007,38,11.99,15.94
12756,Historical,2431542,0,0,D,3,1,2514936,126.4,2002,35,91.95,22.95
12757,Historical,906786,0,0,D,0,0,744471,38,2005,35,30.96,39.02
12758,Historical,455639,1,1,D,2,1,971749,279.95,2006,54,83.49,27.48
12759,Historical,428464,0,0,D,4,1,596051,130.8,2009,38,91.95,51.97
12760,Historical,247880,1,1,D,3,1,1050210,109,2007,63,43.99,25
12761,Historical,640417,0,0,D,3,1,611546,149.95,2009,21,153.98,48.99
12762,Historical,290885,0,0,D,7,1,692908,275.95,2007,92,98.98,34.14
12763,Historical,876704,0,0,D,8,1,1927743,22.68,2010,43,98.98,22.56
12764,Historical,608477,0,0,D,8,1,104174,250.95,2010,62,98.98,9.95
12765,Historical,830398,0,0,D,1,0,1151930,60,2002,33,23.93,13.17
12766,Historical,54058,0,0,D,9,1,533630,295.95,2010,34,103.98,49.04
12767,Historical,54059,1,2,D,9,1,273357,325.95,2007,64,103.98,52.19
12768,Historical,54060,0,0,D,8,1,201151,235.95,2004,50,103.98,48.69
12769,Historical,53042,0,0,D,6,1,266515,113.95,2006,91,123.43,32.99
12770,Historical,543840,1,6,D,8,1,17168,158.95,2012,65,123.43,78.99
12771,Historical,115903,0,0,D,1,0,226165,118.2,2004,17,111.98,54.26
12773,Historical,638097,0,0,D,5,1,715995,75,2008,25,41.21,68.99
12774,Historical,901764,0,0,D,6,1,6270679,65,2010,21,41.21,65
12775,Historical,1468560,0,0,D,0,0,5615657,79.95,2009,14,34.34,94.45
12776,Historical,223037,0,0,D,1,0,5720373,96.95,1998,23,33.94,45.4
12777,Historical,2934653,0,0,D,2,1,3053306,66.95,2005,19,43.06,30.99
12778,Historical,904803,0,0,D,0,0,5422413,35.95,2004,23,45.2,18.94
12779,Historical,262663,0,0,D,2,1,2506377,44.95,2005,27,115.82,32.98
12780,Historical,170033,0,0,D,4,1,176276,240.95,2010,49,115.82,33.94
12781,Historical,552991,0,0,D,5,1,304458,116.4,2007,78,47.54,29.9
12782,Historical,61215,1,1,D,3,1,930258,240.95,2005,41,115.82,44.73
12783,Historical,2626319,0,0,D,6,1,4458127,77.95,1993,14,94.03,7.98
12784,Historical,767100,0,0,D,7,1,1019113,218.95,1997,19,94.03,59.96
12785,Historical,2691378,0,0,D,2,1,3339249,49.95,2003,28,52.76,9.34
12786,Historical,293364,0,0,D,3,1,1567320,52.95,2007,29,52.76,45.77
12787,Historical,243826,1,1,D,3,1,101596,232.95,2011,109,59.26,45.42
12788,Historical,558099,0,0,D,3,1,1395513,42,2010,20,0,11.47
12789,Historical,255606,0,0,D,1,0,2328318,54,1995,19,43.99,41.99
12790,Historical,533527,0,0,D,8,1,70667,259.95,2012,56,151.48,37.99
12791,Historical,863785,0,0,D,1,0,1394519,164.95,2009,33,40.67,43.98
12792,Historical,54120,0,0,D,7,1,287005,285.95,2010,53,151.48,17.04
12793,Historical,290946,0,0,D,6,1,631952,263.95,2009,43,59.87,21.6
12794,Historical,169165,0,0,D,5,1,264782,290.95,2006,48,59.87,6.69
12795,Historical,60216,0,0,D,9,1,803813,131,2007,64,112.85,28.98
12796,Historical,531782,0,0,D,10,1,123320,163.2,2011,77,112.85,40.56
12797,Historical,132546,0,0,D,9,1,214678,120.4,2009,43,112.85,38.99
12798,Historical,57577,1,1,D,6,1,242293,119.41,2011,39,103.85,128.09
12799,Historical,57576,0,0,D,5,1,420526,93.25,2008,31,103.85,57.99
12800,Historical,534243,1,1,D,4,1,1594791,0,2005,19,103.85,64.85
12801,Historical,608409,0,0,D,99,1,1716146,150,1996,19,110.98,44.95
12802,Historical,254865,0,0,D,0,0,5762422,39.95,2005,18,39.16,11.78
12803,Historical,2619459,0,0,D,4,1,11227717,79.95,1995,18,3.97,13.99
12804,Historical,763745,0,0,D,5,1,3496080,113.95,1999,31,10.04,8.98
12805,Historical,2896582,0,0,D,3,1,1656428,49.95,1998,24,118.98,161.6
12806,Historical,699174,0,0,D,10,1,1560713,38.3,2010,15,124.19,37.86
12807,Historical,55035,1,1,D,10,1,36585,48.47,2010,62,124.19,57.15
12808,Historical,55034,0,0,D,9,1,552262,38.94,2007,58,124.19,16.94
12809,Historical,531779,0,0,D,5,1,304503,99.95,2008,31,79.27,52.99
12810,Historical,897645,1,2,D,4,1,902255,94.95,2004,20,257.83,52.57
12811,Historical,635233,0,0,D,2,1,324794,194.95,2007,16,107.01,67.48
12812,Historical,148225,1,1,D,1,0,2528788,206.95,2003,37,107.01,5.44
12813,Historical,2127016,1,1,D,1,0,982517,45,2007,28,41.59,28.94
12814,Historical,851178,0,0,D,1,0,102986,194.95,2000,31,68.84,89.5
12815,Historical,556294,0,0,D,6,1,2955340,95,2008,26,61.27,53.47
12816,Historical,907670,0,0,D,5,1,1009650,75,2005,20,61.27,45.99
12817,Historical,613595,0,0,D,1,0,264356,119.8,1986,77,90.99,41.41
12818,Historical,531776,1,1,D,3,1,277049,76.6,2010,79,41.31,24
12819,Historical,255705,0,0,D,0,0,2774609,37.95,1997,28,50.59,24.97
12820,Historical,2133184,0,0,D,0,0,186419,79.95,2014,17,66.5,57.6
12821,Historical,109434,0,0,D,6,1,1699432,15.31,2005,34,15.97,15.95
12822,Historical,111025,0,0,D,7,1,732954,128.29,2008,51,15.97,73.73
12823,Historical,1490081,0,0,D,1,0,2863970,69.95,2012,30,38.98,33.94
12824,Historical,3828995,1,1,D,0,0,494583,299,2009,25,0,53.99
12825,Historical,2061261,0,0,D,1,0,4557313,129,2007,16,104.99,44.87
12826,Historical,830039,0,0,D,3,1,2369481,56.95,2002,17,56.27,38.99
12827,Historical,1474065,0,0,D,1,0,1472815,65,2012,22,61.39,65
12828,Historical,702007,0,0,D,2,1,488640,35,2010,9,24.65,31.44
12829,Historical,336347,0,0,D,2,1,912788,46.95,1999,20,44.46,13.74
12830,Historical,3819558,0,0,D,1,0,4034385,53.95,2001,16,0,73.36
12831,Historical,901807,1,1,D,0,0,4476111,120.62,1971,18,23.97,150.09
12832,Historical,2261623,0,0,D,0,0,4375074,46.02,2011,33,49.66,87.98
12833,Historical,804433,0,0,D,1,0,636609,67.95,2010,17,49.66,118.99
12834,Historical,1927432,0,0,D,3,1,245388,49.99,2010,10,40.54,35.12
12835,Historical,2349935,0,0,D,0,0,3813244,16.95,2003,19,21.11,44.83
12836,Historical,609100,0,0,D,2,1,2686336,83.95,1999,47,71.34,16.97
12837,Historical,917308,0,0,D,2,1,841604,116.2,2005,47,47.3,53.85
12838,Historical,132607,0,0,D,6,1,397724,108.6,2008,40,73.06,59.99
12839,Historical,642234,0,0,D,2,1,302059,58,2012,24,44.99,50.59
12840,Historical,152624,0,0,D,2,1,2648789,79.95,1996,25,53.99,43.73
12841,Historical,2186408,0,0,D,2,1,2116122,79.95,2010,14,65.73,80.77
12842,Historical,531732,0,0,D,8,1,30863,93.37,2008,28,131.31,73.46
12843,Historical,646486,0,0,D,8,1,780003,13.99,2008,19,131.31,27.97
12844,Historical,108366,0,0,D,7,1,546727,73.52,2003,34,131.31,38.99
12845,Historical,619786,0,0,D,1,0,60914,45.95,2010,47,0,0
12846,Historical,2533806,0,0,D,0,0,2408796,64.95,1998,22,48.07,28.98
12847,Historical,653962,0,0,D,1,0,4374073,144.95,2004,13,120.39,12.14
12848,Historical,1717472,0,0,D,1,0,4389120,239.95,2006,8,143.72,53.51
12849,Historical,129633,0,0,D,0,0,2879618,49.99,1997,37,13.2,11.28
12850,Historical,144462,1,3,D,1,0,716402,86,2006,81,42.99,8.78
12851,Historical,1867080,0,0,D,2,1,810622,125.95,2007,11,107.21,35.64
12852,Historical,888004,0,0,D,1,0,4228307,99,2003,11,172.06,64.98
12853,Historical,558398,0,0,D,1,0,2264528,34.95,2007,31,30.98,12.22
12854,Historical,535588,0,0,D,4,1,354733,186.95,2013,88,124.33,9.5
12855,Historical,169992,0,0,D,3,1,1771524,107.95,2009,42,45.87,43.7
12856,Historical,169993,0,0,D,3,1,885013,201.95,2009,110,124.33,4.74
12857,Historical,662268,0,0,D,6,1,199947,0,2000,25,68.61,129.4
12858,Historical,542237,1,2,D,4,1,419055,259.95,2005,40,133.2,52.67
12859,Historical,2410758,0,0,D,1,0,4861346,24,1998,34,16.02,11.62
12860,Historical,116330,0,0,D,2,1,2120754,130,2010,17,42.14,70.75
12861,Historical,118302,0,0,D,2,1,1602685,52.4,2010,43,42.14,25.66
12863,Historical,637037,0,0,D,4,1,1048149,265,2010,26,147.44,85.08
12864,Historical,743778,0,0,D,3,1,2793512,249,2007,18,147.44,149.05
12865,Historical,193716,0,0,D,0,0,1600765,49.5,2010,25,11.94,13.99
12866,Historical,574789,0,0,D,3,1,88888,229,2011,47,39.83,89.69
12867,Historical,193392,0,0,D,2,1,1776278,114,2005,33,39.83,106.21
12868,Historical,776217,0,0,D,0,0,3663292,33.5,2009,15,39.83,13.99
12869,Historical,618771,0,0,D,2,1,599337,87.99,1993,37,89.86,40.38
12870,Historical,635207,0,0,D,3,1,2521602,449,2008,23,217.44,133.99
12871,Historical,248931,0,0,D,2,1,1601929,156.95,2007,17,103.99,88.86
12872,Historical,192765,1,1,D,1,0,2971791,110,2001,16,103.99,4.88
12873,Historical,245067,0,0,D,1,0,1390887,86.95,2004,61,25.94,16.94
12874,Historical,778136,1,1,D,1,0,1615090,80.95,2001,14,0,68.43
12875,Historical,245165,0,0,D,2,1,655166,198.95,2005,43,32.27,37.14
12876,Historical,52866,0,0,D,3,1,959132,105.95,2007,92,73.62,20.39
12877,Historical,52867,1,2,D,4,1,80670,105.95,2010,116,73.62,29.24
12878,Historical,61160,0,0,D,6,1,772135,114,2006,68,64.66,23.99
12879,Historical,116147,1,2,D,1,0,137882,52.95,2007,107,32.98,48.99
12880,Historical,804012,0,0,D,4,1,1636937,118,2007,19,23.34,82.3
12881,Historical,909449,0,0,D,3,1,1377289,129,2002,26,23.34,54.31
12882,Historical,515332,1,1,D,2,1,1564302,127.4,2009,69,31.38,22.82
12883,Historical,115581,0,0,D,0,0,4156888,100.95,2005,35,31.38,14.29
12884,Historical,3131588,0,0,D,2,1,4873309,65,2002,17,27.6,36.15
12885,Historical,609103,1,2,D,3,1,142442,226.95,2001,76,156.47,23.46
12886,Historical,286064,0,0,D,2,1,2453505,76.2,2005,38,65.44,21.5
12887,Historical,531717,0,0,D,3,1,728235,111.6,2009,70,65.44,26.98
12888,Historical,203878,0,0,D,6,1,703599,52.95,2006,29,20.24,18.99
12889,Historical,789326,0,0,D,5,1,6468726,31.95,2004,23,27.09,6.81
12890,Historical,203936,0,0,D,6,1,3853758,34.95,2007,22,27.09,10.98
12891,Historical,435254,0,0,D,5,1,110730,104,2011,93,39.59,57.45
12892,Historical,870318,0,0,D,4,1,2061792,96.47,2007,48,39.59,56.51
12893,Historical,533961,0,0,D,4,1,381507,90.95,2007,71,39.59,23.99
12894,Historical,200383,0,0,D,1,0,871566,112.95,2009,33,49.94,58.81
12895,Historical,131797,0,0,D,1,0,1282805,120.2,2007,23,139.63,48.53
12896,Historical,110383,0,0,D,7,1,59219,150.67,2010,33,142.46,106.67
12897,Historical,109190,1,2,D,5,1,292527,18.14,2006,42,142.46,16.68
12898,Historical,110382,1,2,D,6,1,261849,33.95,2008,34,142.46,29.99
12899,Historical,50969,0,0,D,12,1,88681,73.26,2010,64,60.67,60.62
12900,Historical,390130,0,0,D,1,0,631241,54.95,2002,20,35.17,33.98
12901,Historical,908645,0,0,D,1,0,4678415,79.95,1998,20,82.66,33.14
12902,Historical,531710,1,1,D,8,1,6495,60,2012,192,27.35,23.23
12903,Historical,106792,1,5,D,7,1,247100,59.99,2010,133,27.35,9.97
12904,Historical,162221,0,0,D,0,0,1901890,99.97,2007,14,48.93,17.56
12905,Historical,544028,0,0,D,2,1,499760,99.97,2012,26,48.93,53.97
12906,Historical,253890,0,0,D,3,1,635785,44.99,2009,44,0,0
12907,Historical,269758,0,0,D,2,1,2734627,44.99,2006,31,0,8.99
12909,Historical,623342,1,1,D,5,1,109241,60,2012,46,34.33,23.99
12910,Historical,106717,0,0,D,4,1,759672,59.99,2009,68,34.33,6.71
12911,Historical,751628,1,1,D,2,1,1459556,99.97,2009,14,57.71,15.43
12912,Historical,665368,0,0,D,3,1,425287,99.97,2012,21,57.71,25.49
12913,Historical,622242,0,0,D,4,1,1788667,49.99,2009,29,33.72,21.75
12914,Historical,655273,0,0,D,5,1,305823,50,2012,25,33.72,25.27
12915,Historical,339828,0,0,D,1,0,883653,89.99,2009,29,39.97,6.88
12916,Historical,534202,0,0,D,1,0,1505144,39.99,2009,38,6.02,6.24
12917,Historical,534150,0,0,D,3,1,704940,99.97,2011,24,56.75,18.99
12918,Historical,106691,0,0,D,2,1,1289329,59.99,2008,37,29.67,9.98
12919,Historical,703141,1,1,D,1,0,2152108,62.99,2003,58,29.67,10.98
12920,Historical,647957,0,0,D,2,1,1355767,99.97,2009,14,56.75,10.35
12921,Historical,655476,0,0,D,1,0,1227093,70,2011,26,38.99,30.3
12922,Historical,543870,0,0,D,2,1,996579,79.99,2011,27,39.05,8.37
12923,Historical,608258,0,0,D,4,1,1377333,49.99,2008,95,28.21,6.5
12924,Historical,244311,0,0,D,5,1,464736,49.99,2011,55,28.21,5.97
12925,Historical,647258,1,1,D,3,1,745977,44.99,2011,31,30.36,10.99
12926,Historical,895039,0,0,D,1,0,3070191,69.95,2004,14,72.7,105.21
12927,Historical,245634,0,0,D,1,0,3872571,139,2003,18,65.94,46.43
12928,Historical,671474,0,0,D,2,1,4313284,149,2000,15,81.51,96.96
12929,Historical,2878630,0,0,D,0,0,4899416,201,1995,16,81.51,68.44
12930,Historical,2607123,0,0,D,0,0,1289100,160,2002,18,92.99,51.99
12931,Historical,659336,0,0,D,1,0,1459961,108,2007,31,42.89,72.15
12932,Historical,299235,1,1,D,2,1,1421994,139.95,1997,32,88.94,97.73
12933,Historical,911313,0,0,D,1,0,3464195,34.95,1997,23,37.71,23.99
12934,Historical,3786623,0,0,D,1,0,2857530,185,1997,14,0,55.23
12935,Historical,761605,0,0,D,1,0,2461614,163,2007,18,57.24,81.64
12936,Historical,648950,0,0,D,2,1,1608117,170,2007,20,99.68,111.64
12937,Historical,905942,0,0,D,1,0,947000,100,1996,19,58.99,62.31
12938,Historical,756715,0,0,D,1,0,1042816,150,1997,19,99.68,58.43
12939,Historical,165755,0,0,D,1,0,796817,153,2005,23,69.41,102.57
12940,Historical,643634,0,0,D,2,1,714726,109.95,2007,26,0,39.98
12941,Historical,889600,1,1,D,1,0,2723642,104.95,2001,16,0,19.94
12942,Historical,285675,0,0,D,1,0,5237127,210,2005,16,29.79,33.13
12943,Historical,894143,0,0,D,1,0,4497745,69.95,2000,16,31.18,91.83
12944,Historical,192789,0,0,D,2,1,2262669,79.95,2001,32,0,55.68
12945,Historical,545054,0,0,D,3,1,116529,104,2008,36,0,119.57
12946,Historical,646407,0,0,D,2,1,2599956,75,2006,19,31.18,59.45
12947,Historical,112031,0,0,D,5,1,2766869,74.38,2010,38,121.56,15.04
12948,Historical,864901,0,0,D,7,1,135363,186.5,2014,36,121.56,139.77
12949,Historical,538745,1,1,D,15,1,82893,50.84,2013,61,19.84,43.49
12950,Historical,877328,1,1,D,16,1,28756,219.25,2014,63,19.84,132.91
12951,Historical,533472,1,1,D,14,1,422369,41.69,2012,52,19.84,125.1
12952,Historical,111643,0,0,D,13,1,1141017,8.71,2011,49,19.84,13.99
12953,Historical,111654,0,0,D,15,1,1209413,0,2011,34,4.94,46.81
12954,Historical,538715,0,0,D,17,1,275751,27.11,2013,64,151.59,38.49
12955,Historical,868524,1,4,D,18,1,629083,224.75,2014,35,151.59,153.99
12956,Historical,117363,1,1,D,1,0,2501689,84.99,2006,27,86.43,21.95
12957,Historical,552337,0,0,D,1,0,2088623,89.99,2006,23,86.43,56.95
12958,Historical,113154,0,0,D,1,0,600149,124,2009,58,76.01,46.08
12959,Historical,113369,0,0,D,2,1,247329,80.95,2007,19,16.36,37.69
12960,Historical,256773,0,0,D,1,0,3171268,94.95,2001,34,16.36,22.83
12962,Historical,126006,0,0,D,1,0,3518425,140,1999,15,51.21,42.99
12963,Historical,533294,0,0,D,15,1,2441302,133.95,2012,44,111.68,23.14
12964,Historical,53840,0,0,D,14,1,1847115,133.95,2011,45,111.68,38.74
12965,Historical,52431,0,0,D,13,1,857805,169.95,2010,81,163.11,14.49
12966,Historical,534917,0,0,D,16,1,33642,193.95,2013,98,163.11,44.99
12967,Historical,178948,0,0,D,8,1,1212620,142.95,2010,59,34.38,11.99
12968,Historical,562233,0,0,D,7,1,1735441,156.95,2009,51,34.38,29.57
12969,Historical,143320,0,0,D,2,1,1299600,188,2009,29,57.93,259.73
12970,Historical,552008,0,0,D,3,1,1258683,55.6,2000,47,50.4,45.93
12971,Historical,118962,1,1,D,2,1,736504,103.4,2008,90,47.65,10.99
12972,Historical,254482,1,2,D,1,0,366916,104.95,2011,38,38.2,28.94
12973,Historical,2424444,0,0,D,0,0,2211020,44.4,1982,84,62.99,9.99
12974,Historical,763008,0,0,D,1,0,4552479,75,1998,33,42.82,14.87
12975,Historical,100437,0,0,D,2,1,1433128,110,2000,58,89.42,19
12976,Historical,551629,0,0,D,3,1,197776,139.8,2003,74,5.74,20.96
12977,Historical,57765,0,0,D,2,1,1949202,198.95,2005,47,57.98,8.98
12978,Historical,633849,1,1,D,4,1,318485,180.95,2012,46,57.98,22.75
12979,Historical,57767,0,0,D,3,1,1050958,163.95,2009,45,57.98,41.63
12980,Historical,114818,1,1,D,1,0,428291,111.6,2001,21,145.95,59.25
12981,Historical,893852,0,0,D,1,0,3685695,124.95,2006,12,128.05,293.59
12982,Historical,873114,0,0,D,0,0,1482073,32.5,2008,16,91.99,73.77
12983,Historical,596595,0,0,D,3,1,2565838,89.95,2003,33,55.79,11.26
12984,Historical,120708,0,0,D,5,1,66605,186.2,2008,53,109.99,27.98
12985,Historical,114907,0,0,D,4,1,226667,120.67,2002,89,91.99,41.98
12986,Historical,551512,0,0,D,4,1,364817,103,2007,55,55.79,19.99
12987,Historical,531682,0,0,D,9,1,86223,186.6,2012,39,169.24,46.99
12988,Historical,607471,0,0,D,8,1,282619,163.8,2009,48,169.24,35.45
12989,Historical,627667,0,0,D,5,1,1011619,17.95,2001,47,66.63,21.98
12990,Historical,697810,0,0,D,6,1,784210,34.94,2011,18,0,49.48
12991,Historical,897724,0,0,D,3,1,3951343,89.95,2000,22,78.99,44.38
12992,Historical,57474,0,0,D,11,1,58323,158.2,2011,57,98.27,60.3
12993,Historical,176844,0,0,D,2,1,1819285,231.95,2000,45,23.39,25.17
12994,Historical,57478,1,1,D,10,1,357543,128,2008,39,98.27,43.94
12995,Historical,533273,1,1,D,5,1,23528,157.95,2012,98,57.88,38.99
12996,Historical,58295,1,1,D,3,1,543271,105.95,2006,84,57.88,23.99
12997,Historical,58296,0,0,D,4,1,285158,101.95,2009,107,57.88,20.99
12998,Historical,57477,0,0,D,9,1,1984257,92.8,2006,53,98.27,17.48
12999,Historical,117244,1,1,D,1,0,1093323,83,2005,37,20.57,19.69
13000,Historical,165436,0,0,D,4,1,2104834,115,2002,29,116.11,54.79
13001,Historical,166815,0,0,D,5,1,888107,231.95,2009,22,116.11,53.99
13002,Historical,423249,1,2,D,1,0,515402,127,2007,39,105.24,34.89
13003,Historical,531679,0,0,D,2,1,100949,146.6,2011,39,105.24,43.89
13004,Historical,876005,0,0,D,3,1,1672094,29.28,2009,20,45.15,25.51
13005,Historical,266986,0,0,D,3,1,1153412,93.28,2008,41,45.15,18.41
13006,Historical,531676,0,0,D,4,1,49902,233.95,2009,32,72.68,58.97
13007,Historical,120827,1,1,D,2,1,38330,158.6,2010,82,144.62,107.99
13008,Historical,576602,1,3,D,3,1,1258531,131.95,2005,21,72.68,44.98
13009,Historical,2795598,0,0,D,1,0,1058941,116,1996,33,9.2,28.99
13010,Historical,115109,0,0,D,1,0,1325189,152,2002,39,90.02,51.41
13011,Historical,2525706,0,0,D,3,1,3964437,79.95,1996,17,73.59,46.21
13012,Historical,3076912,0,0,D,4,1,265279,95.95,2003,22,73.59,53.19
13013,Historical,3472140,1,2,D,2,1,2978107,104,2000,25,0,24.76
13014,Historical,249748,0,0,D,7,1,1826395,252.95,2005,18,106.49,24.1
13015,Historical,592345,0,0,D,2,1,2131540,122,2008,36,83.43,9.99
13016,Historical,531673,0,0,D,3,1,971367,143,2010,57,83.43,51.53
13017,Historical,537696,1,1,D,8,1,38826,204.25,2012,90,132.46,30.78
13018,Historical,55305,0,0,D,7,1,143212,12.59,2010,178,132.46,9.26
13019,Historical,111583,0,0,D,7,1,1060964,61.36,2010,54,132.46,18.15
13020,Historical,56851,0,0,D,22,1,745878,13.53,2012,67,98.22,12.99
13021,Historical,538528,1,2,D,24,1,82246,19.9,2014,63,98.22,17.99
13022,Historical,309102,0,0,D,23,1,541916,11.98,2013,47,98.22,9.95
13023,Historical,538728,0,0,D,24,1,336853,41.57,2013,36,59.79,30.51
13024,Historical,550968,1,1,D,22,1,1147301,148.75,2011,67,59.79,12.12
13025,Historical,199985,0,0,D,0,0,1658718,159.95,2003,30,52.43,25.99
13026,Historical,1569043,0,0,D,2,1,653619,47.15,2009,41,100.9,36.1
13027,Historical,758247,0,0,D,1,0,877945,16.99,2007,38,100.9,24.99
13028,Historical,638410,0,0,D,3,1,633570,105.09,2008,23,160.71,32.98
13029,Historical,609406,0,0,D,2,1,4303642,97.95,2003,28,160.71,18.93
13030,Historical,2679177,0,0,D,0,0,2491057,46,1994,19,52.3,28.99
13031,Historical,270110,1,1,D,6,1,532983,47,2010,79,33.66,28.94
13032,Historical,600102,0,0,D,5,1,515295,43,2006,64,33.66,10.45
13033,Historical,561721,1,3,D,1,0,38560,105,2012,60,0,0
13034,Historical,416640,0,0,D,13,1,399879,144.25,2008,28,88.86,77.26
13035,Historical,58055,0,0,D,12,1,2632529,43.5,2006,50,88.86,33.97
13036,Historical,265165,1,1,D,5,1,474043,93,2010,34,81.98,57.99
13037,Historical,55166,0,0,D,3,1,597149,115.95,2008,48,48.87,11.87
13038,Historical,55165,0,0,D,2,1,1903239,122.95,2005,40,48.87,12.05
13039,Historical,118313,0,0,D,13,1,84979,170.8,2011,67,103.5,48.76
13040,Historical,51122,0,0,D,12,1,547856,144,2009,70,103.5,46.75
13041,Historical,128364,1,1,D,0,0,2682250,85,2006,20,33.2,52.94
13042,Historical,899671,0,0,D,0,0,3953469,79.95,1996,19,49.95,53.03
13043,Historical,293862,0,0,D,4,1,2166024,57.95,2005,36,43.5,15.1
13044,Historical,200599,1,1,D,6,1,564840,149.95,2011,63,43.5,32.3
13045,Historical,200327,0,0,D,5,1,1010665,111.95,2007,47,43.5,22.99
13046,Historical,309726,0,0,D,1,0,1356540,204.75,2008,63,93.98,7.24
13047,Historical,111265,0,0,D,2,1,151893,38.99,2010,94,93.98,14.5
13048,Historical,57410,0,0,D,7,1,295781,204.95,2008,62,103.4,40.92
13049,Historical,57414,0,0,D,6,1,922899,120.95,2005,53,103.4,18.99
13050,Historical,380529,0,0,D,7,1,45247,129.95,2011,67,71.99,35.99
13051,Historical,251083,0,0,D,6,1,428333,142.95,2007,82,71.99,37.88
13052,Historical,533505,1,1,D,9,1,40098,135.25,2010,97,113,17.99
13053,Historical,54368,1,1,D,8,1,281789,13.98,2008,91,113,43.93
13054,Historical,146512,1,2,D,10,1,34072,211.2,2011,143,146.55,41.99
13055,Historical,111596,0,0,D,1,0,1725781,243.25,2011,18,181.05,184.7
13056,Historical,110597,1,6,D,1,0,87968,235.5,2011,43,181.05,87.47
13057,Historical,52160,1,2,D,9,1,266123,192.2,2008,113,146.55,21.99
13058,Historical,549023,0,0,D,5,1,1417369,178,1994,34,29.46,13.94
13059,Historical,258448,0,0,D,2,1,935985,95,2008,23,0,63.61
13060,Historical,53130,1,1,D,16,1,43646,61.24,2010,76,62.86,13.45
13061,Historical,53129,0,0,D,14,1,3020059,61,2006,61,62.86,24.01
13062,Historical,53128,0,0,D,15,1,1298704,40.54,2008,73,62.86,40.54
13063,Historical,54446,0,0,D,9,1,170183,134,2009,39,113.98,45.49
13064,Historical,54448,1,1,D,8,1,1276481,131,2007,60,113.98,15.74
13065,Historical,579401,0,0,D,3,1,795023,10,2007,55,70.31,33.48
13066,Historical,613076,0,0,D,4,1,1234731,61.95,2006,68,66.86,6.92
13067,Historical,147635,0,0,D,5,1,38343,78.95,2010,147,66.86,26.49
13068,Historical,613394,0,0,D,3,1,1543791,62.95,2004,53,48.98,8.99
13069,Historical,212604,1,1,D,0,0,175438,162.87,2006,90,86.18,40.92
13070,Historical,2602128,0,0,D,1,0,1286002,65,1997,23,57.48,33.87
13071,Historical,146663,1,2,D,5,1,7776,221.8,2011,109,42.93,63.99
13072,Historical,739645,1,2,D,0,0,790814,82.63,2002,116,7.69,17.49
13073,Historical,144182,0,0,D,1,0,1338375,117.6,2002,44,42.93,23.99
13074,Historical,52608,0,0,D,4,1,63517,173.8,2007,110,42.93,43.85
13075,Historical,561123,0,0,D,4,1,1091090,50.6,2007,37,28.88,25.99
13076,Historical,144184,0,0,D,3,1,3229586,38.8,2003,23,28.88,30.95
13077,Historical,53975,1,1,D,10,1,1278454,144.2,2008,31,116.85,63.98
13078,Historical,534016,1,2,D,10,1,241205,154,2008,111,116.85,29.74
13079,Historical,118016,1,1,D,6,1,1049712,106.2,2005,78,49.99,19.44
13080,Historical,55393,0,0,D,5,1,293414,59.8,2006,59,34.59,18.41
13081,Historical,193720,1,1,D,1,0,169587,103.95,2010,42,49.56,22.11
13082,Historical,193668,1,2,D,3,1,681208,72.95,2009,50,81.3,16.99
13083,Historical,193407,0,0,D,2,1,2317528,68.95,2005,29,81.3,15.81
13084,Historical,154002,1,1,D,4,1,186293,53.75,2009,65,98.99,49.85
13085,Historical,153925,1,2,D,3,1,228621,22.88,2006,72,98.99,17.89
13086,Historical,132486,0,0,D,2,1,571477,80.8,2008,38,78.47,45.4
13087,Historical,224718,1,6,D,11,1,15012,225.95,2011,98,88.82,63.97
13088,Historical,877715,1,1,D,1,0,1543949,59.44,2007,42,63.69,44.4
13089,Historical,54966,1,2,D,3,1,66440,45,2011,80,32.01,21.5
13090,Historical,54967,0,0,D,2,1,91205,34,2008,68,32.01,22.49
13091,Historical,2054516,0,0,D,1,0,890117,45.99,2007,23,47.28,60.86
13092,Historical,621847,1,1,D,1,0,1225711,66.99,2003,29,0,0
13093,Historical,254172,0,0,D,2,1,152801,72.95,2009,56,32.89,12.08
13094,Historical,538176,0,0,D,3,1,621243,129,2005,22,60.92,41.2
13095,Historical,3262910,0,0,D,3,1,3715784,59.12,2005,44,60.92,49.05
13096,Historical,639405,0,0,D,3,1,1686147,62,2005,16,72.86,51.89
13097,Historical,638118,0,0,D,0,0,1259553,49.95,1988,28,43.94,61.98
13098,Historical,898266,0,0,D,0,0,6195285,0,1977,10,6.31,0
13099,Historical,2134195,0,0,D,0,0,800819,44.99,2011,18,38.94,44.99
13100,Historical,763181,1,1,D,0,0,4984706,85,1999,36,67.51,37.98
13101,Historical,757213,0,0,D,1,0,2314635,155,2000,16,87.74,77.7
13102,Historical,203628,0,0,D,0,0,462921,81.95,2007,48,38.67,24.88
13103,Historical,608580,0,0,D,5,1,716493,148.95,2005,59,49.43,31.81
13104,Historical,172630,0,0,D,2,1,868775,59.99,2010,18,46.74,43.97
13105,Historical,108861,0,0,D,4,1,61852,51.99,2006,105,108.77,32.17
13106,Historical,667522,0,0,D,0,0,515776,62.95,2008,16,62.91,53.94
13107,Historical,916229,1,1,D,0,0,1041820,70,1994,33,53.7,40.54
13108,Historical,907044,1,1,D,1,0,1640516,69.95,2006,14,63.84,148.54
13109,Historical,618349,0,0,D,1,0,243889,87,1995,32,28.96,10.48
13110,Historical,275591,1,4,D,1,0,432019,128.75,2005,51,73.86,36
13111,Historical,52738,0,0,D,2,1,1455394,75.95,2002,50,44.85,9.98
13112,Historical,52739,0,0,D,3,1,46708,199.95,2006,68,44.85,44.91
13113,Historical,910301,0,0,D,1,0,2175989,86,1998,27,15.56,61.73
13114,Historical,904329,0,0,D,2,1,2163509,98.95,1995,20,24.15,113.53
13115,Historical,2625692,0,0,D,0,0,5197111,47.95,1990,17,24.15,37.99
13116,Historical,2376266,0,0,D,2,1,844661,62.63,2005,36,109.02,9.99
13117,Historical,118031,0,0,D,3,1,1474769,93.7,2005,57,69.9,10.93
13118,Historical,53140,0,0,D,4,1,338163,154.6,2009,74,69.9,34.88
13119,Historical,53139,0,0,D,3,1,1534188,110,2005,62,69.9,22.57
13120,Historical,608787,0,0,D,6,1,1937422,126.95,2007,25,31.63,4.99
13121,Historical,608779,0,0,D,4,1,4821019,169.95,2005,28,14.98,26.9
13122,Historical,751362,0,0,D,1,0,1852208,79.99,2010,25,47.44,102.27
13123,Historical,132533,0,0,D,3,1,164618,95.2,2007,51,54.99,50.47
13124,Historical,288570,0,0,D,2,1,185794,79.4,2004,37,54.99,78.31
13125,Historical,3051741,0,0,D,0,0,1537912,54.95,1997,17,44.37,66.19
13126,Historical,552519,0,0,D,0,0,6062811,43.9,1989,22,38.07,10.04
13127,Historical,143397,0,0,D,6,1,5093776,101.5,2001,19,73.04,64.84
13128,Historical,737476,0,0,D,7,1,1322137,143,2006,21,73.04,113.25
13129,Historical,143499,0,0,D,2,1,1206535,176,2003,24,76.99,9.06
13131,Historical,291500,0,0,D,1,0,1370953,61.95,1999,56,51.92,22.98
13132,Historical,169344,0,0,D,2,1,562907,139.95,2006,36,51.92,35.94
13133,Historical,574710,0,0,D,6,1,132173,216,2011,41,14.47,13.99
13134,Historical,132565,0,0,D,12,1,1584455,57.33,2007,50,92.76,5.87
13135,Historical,51489,1,1,D,13,1,49087,73.6,2008,162,92.76,26.14
13136,Historical,51486,1,1,D,14,1,8352,100.2,2011,124,92.76,56.42
13137,Historical,51488,0,0,D,12,1,349955,57.2,2006,144,92.76,4.98
13138,Historical,723160,0,0,D,2,1,2397770,64.95,2002,19,25.14,32.74
13140,Historical,2866234,0,0,D,0,0,779108,23,2004,16,0,21.99
13141,Historical,774550,0,0,D,2,1,925467,159,1998,16,132.68,48.49
13142,Historical,610351,0,0,D,14,1,68726,74,2013,63,66.21,17.64
13143,Historical,52609,0,0,D,12,1,1124490,59.95,2009,101,66.21,13.1
13144,Historical,52612,0,0,D,13,1,215436,72,2011,96,66.21,11.99
13145,Historical,905946,0,0,D,1,0,2948856,44.95,1996,18,47.24,36.49
13146,Historical,890440,1,1,D,12,1,1714473,111.25,2011,16,68.38,203.98
13147,Historical,51742,1,1,D,11,1,39460,94.11,2009,56,73.86,57.45
13148,Historical,534398,1,1,D,11,1,156019,0,2009,54,73.86,24.99
13149,Historical,292272,1,1,D,1,0,2017809,193.95,2005,30,47.57,16.98
13150,Historical,144428,1,2,D,1,0,1272462,99.8,2008,62,84.45,9.49
13151,Historical,133479,1,2,D,2,1,71459,140.4,2011,57,84.45,33.97
13152,Historical,133475,0,0,D,2,1,138074,106.8,2011,55,89.39,50.5
13153,Historical,144430,1,7,D,1,0,883190,76,2008,58,89.39,13.94
13154,Historical,133476,1,1,D,2,1,130742,106.8,2011,55,84.86,38.37
13155,Historical,144431,0,0,D,1,0,1021486,76,2008,53,84.86,15.04
13156,Historical,155036,0,0,D,1,0,2240579,79.96,1997,28,23.55,21.95
13157,Historical,768755,1,1,D,2,1,2743656,8.26,2000,23,23.55,7.08
13158,Historical,804658,0,0,D,0,0,2682826,99.95,2011,26,64.98,10.19
13159,Historical,607933,0,0,D,10,1,1545904,81,2005,42,76.35,73.47
13160,Historical,607744,1,1,D,11,1,745613,77.6,2008,60,76.35,45.93
13161,Historical,645893,1,1,D,1,0,183146,99.95,2006,17,37.1,45.72
13162,Historical,246397,1,1,D,1,0,559761,94.95,2006,33,39.49,64.33
13163,Historical,522403,0,0,D,1,0,2051179,181.95,2009,12,0,102.31
13164,Historical,620796,0,0,D,1,0,786590,85.95,2009,32,0,0
13165,Historical,54529,0,0,D,1,0,2865612,77.2,2004,33,16.87,4
13166,Historical,54530,0,0,D,2,1,1016882,102.2,2007,106,16.87,7.94
13167,Historical,617148,1,1,D,4,1,935005,213,2010,51,124.98,11.92
13168,Historical,300395,0,0,D,3,1,3264076,139,2007,25,124.98,109.83
13169,Historical,908195,0,0,D,9,1,1471014,376.95,2008,23,137.03,77.98
13170,Historical,177910,0,0,D,8,1,1299002,132.95,2003,21,137.03,42.25
13171,Historical,177909,0,0,D,8,1,2746150,225.95,2003,17,137.03,55.07
13172,Historical,567637,0,0,D,9,1,1243191,239.95,2008,20,93.99,103.91
13173,Historical,177911,0,0,D,8,1,2217173,137.95,2003,24,93.99,59.59
13174,Historical,1506150,0,0,D,4,1,3680174,19,2010,22,60.18,7.98
13175,Historical,193575,1,2,D,2,1,2689545,28.5,2007,31,92.99,21.99
13176,Historical,143525,0,0,D,2,1,365718,220,2011,108,203.99,53.99
13177,Historical,534045,1,5,D,12,1,840609,102.27,2009,48,95.78,10.1
13178,Historical,2105401,0,0,D,11,1,1016991,14,2014,38,525.13,8.99
13179,Historical,560523,1,2,D,11,1,173019,225,2011,116,525.13,118.99
13180,Historical,612863,1,1,D,6,1,578385,159,2009,180,68.95,18.86
13181,Historical,915022,0,0,D,3,1,2311950,43.99,2007,38,92.99,43.99
13182,Historical,1506672,0,0,D,11,1,1959362,14,2013,31,525.13,4
13183,Historical,154062,0,0,D,8,1,396419,150.2,2011,49,8.28,61.77
13184,Historical,621129,1,3,D,7,1,997780,9.69,2008,43,76.42,10.98
13185,Historical,154063,0,0,D,8,1,158593,56.71,2011,34,43.61,43.99
13186,Historical,153856,0,0,D,6,1,1220051,6.26,2005,52,43.61,21.08
13187,Historical,153969,1,1,D,7,1,458460,37.08,2008,39,43.61,37.57
13188,Historical,170040,0,0,D,5,1,53217,263.95,2011,61,120.13,20.25
13189,Historical,533962,0,0,D,4,1,623521,289.95,2007,107,120.13,7.99
13190,Historical,61231,1,1,D,2,1,308388,132,2005,52,92.99,52.69
13191,Historical,143224,0,0,D,4,1,1072172,210,2009,65,60.18,10.99
13192,Historical,363488,0,0,D,6,1,1481837,32,2011,58,68.95,4
13193,Historical,1633609,0,0,D,6,1,3219605,18.5,2009,30,0,6.47
13194,Historical,433365,0,0,D,1,0,1680036,155,2009,48,203.99,9.99
13195,Historical,534011,0,0,D,12,1,59062,81.95,2010,40,95.78,43.94
13196,Historical,244945,0,0,D,1,0,60645,199.95,2004,49,87.24,24.2
13197,Historical,534671,1,1,D,13,1,48547,99.95,2012,53,95.78,44.97
13198,Historical,615986,0,0,D,2,1,1768528,204,2011,45,28.29,16.58
13199,Historical,618187,0,0,D,1,0,3680487,147,2006,22,28.29,12.37
13200,Historical,613289,1,1,D,13,1,710796,209,2009,67,84.72,22.79
13201,Historical,293218,1,4,D,3,1,174082,158,2009,167,92.99,62.13
13202,Historical,229171,0,0,D,4,1,501816,89.95,2008,37,97.74,13.99
13203,Historical,300469,0,0,D,5,1,158117,125,2011,57,97.74,63.31
13204,Historical,279160,1,2,D,6,1,1097707,74.95,2007,65,83.56,5.98
13205,Historical,270658,1,1,D,7,1,121632,104,2010,75,83.56,23.98
13206,Historical,545817,1,2,D,8,1,16454,116,2012,99,83.56,37.92
13207,Historical,61261,0,0,D,6,1,767507,78.95,2006,67,83.56,33.1
13208,Historical,270657,0,0,D,7,1,451595,104,2009,71,83.56,36.14
13209,Historical,143246,0,0,D,7,1,676697,39,2009,27,27.67,19.99
13210,Historical,574810,0,0,D,4,1,6777,84,2011,86,68.55,73.99
13211,Historical,50412,1,1,D,3,1,45185,64,2006,91,68.55,51.46
13212,Historical,598834,0,0,D,0,0,749194,33,2004,28,15.99,31.49
13213,Historical,228249,0,0,D,6,1,6498907,22.55,1999,11,31.81,43.99
13214,Historical,268211,1,2,D,8,1,3150576,26.95,2006,15,31.81,12.98
13215,Historical,220381,0,0,D,3,1,1717106,72,2007,27,45.89,34.49
13216,Historical,281428,0,0,D,2,1,1114155,69.95,2008,25,98.59,195.21
13217,Historical,635280,0,0,D,1,0,248687,66,2006,42,36.62,53.98
13218,Historical,579148,0,0,D,0,0,659824,52.95,1994,93,36.01,19.99
13220,Historical,115741,1,1,D,0,0,1311230,113.6,2004,36,113.98,51.93
13221,Historical,120017,0,0,D,2,1,414789,135.8,2008,44,113.98,55.98
13222,Historical,909608,0,0,D,0,0,3281191,34.95,2000,20,57.88,18.64
13223,Historical,715603,0,0,D,1,0,531275,85,1997,21,47.58,73.98
13224,Historical,566600,0,0,D,7,1,69672,135,2005,87,84.98,60.67
13225,Historical,703718,0,0,D,2,1,602596,934.66,2000,33,63.96,93.2
13226,Historical,2039310,0,0,D,1,0,1199423,112,2008,21,0,119.83
13227,Historical,162370,0,0,D,2,1,12730,65,2009,142,41.48,40.91
13228,Historical,163787,0,0,D,1,0,283350,55,2003,75,41.48,16.96
13229,Historical,1540890,0,0,D,2,1,4411183,53.95,2008,26,58.96,83.42
13230,Historical,2541200,0,0,D,1,0,7296635,55,2004,14,58.96,56.63
13231,Historical,222818,0,0,D,1,0,858881,120,2008,19,91.14,50.1
13232,Historical,117291,1,2,D,1,0,937772,129.8,2006,20,98.07,58.97
13233,Historical,164350,1,2,D,1,0,1826078,110,2004,28,61.38,59.49
13234,Historical,389263,0,0,D,3,1,159508,176.95,2010,33,73.28,126.83
13235,Historical,409992,1,1,D,2,1,737606,176.95,2003,52,73.28,19.89
13236,Historical,2126329,0,0,D,10,1,5037902,134.04,2009,12,53.92,73.99
13237,Historical,2546488,0,0,D,9,1,6592028,0,2005,12,53.92,153.47
13238,Historical,340899,1,1,D,2,1,2301075,17.99,1997,34,130.97,13.93
13239,Historical,343991,0,0,D,3,1,674653,72.89,2005,30,130.97,102.11
13240,Historical,355956,0,0,D,2,1,4037920,85,2002,18,60.55,91.81
13241,Historical,308819,0,0,D,1,0,839513,13.02,2003,22,39.98,25.99
13242,Historical,704290,0,0,D,1,0,400113,38.94,2003,15,124.49,38.99
13243,Historical,249731,1,2,D,2,1,1022778,269.95,2006,64,105.91,49.98
13244,Historical,253910,1,2,D,3,1,505645,266.95,2010,55,105.91,82.99
13245,Historical,313183,0,0,D,6,1,1544130,112,2003,19,87.14,46.01
13246,Historical,911957,0,0,D,7,1,522380,143.14,2006,27,87.14,75.43
13247,Historical,117279,0,0,D,7,1,130975,118.2,2006,34,87.14,31.99
13248,Historical,115341,0,0,D,2,1,517859,105.8,2003,16,95.14,31.9
13249,Historical,315204,0,0,D,3,1,295025,131,2007,27,95.14,57.97
13250,Historical,3251234,0,0,D,7,1,2675824,96.99,2005,30,137.76,145.42
13251,Historical,115594,1,2,D,8,1,1987409,122.8,2005,38,113.46,25.99
13252,Historical,119977,0,0,D,9,1,469817,140,2010,33,113.46,57.45
13253,Historical,57320,1,1,D,5,1,102138,130,2008,54,73.99,66.33
13254,Historical,714366,0,0,D,2,1,3463705,110.6,2002,17,129.51,91.23
13255,Historical,114617,0,0,D,2,1,1232633,106.6,2002,31,129.51,53.99
13256,Historical,57318,0,0,D,4,1,1323797,110,2000,24,73.99,42.2
13257,Historical,314850,1,1,D,3,1,140312,178.2,2008,39,129.51,65.27
13258,Historical,714726,1,1,D,0,0,2894912,109.4,2004,14,89.99,49.97
13259,Historical,552071,1,1,D,0,0,736322,179.6,2002,45,81.79,41.49
13260,Historical,421307,0,0,D,0,0,683586,116.2,2004,28,84.87,73.99
13261,Historical,566374,0,0,D,4,1,1344978,90,1998,33,44.06,43.85
13262,Historical,760071,0,0,D,5,1,948505,99,2004,24,44.06,25.98
13263,Historical,654009,1,3,D,2,1,917280,69.95,1995,23,72.98,211.73
13264,Historical,699625,0,0,D,1,0,2085327,94,1999,15,60,53.83
13265,Historical,52743,1,1,D,7,1,32250,180.95,2011,129,97.58,45.55
13266,Historical,52741,1,1,D,6,1,275433,191.95,2008,83,97.58,38.99
13267,Historical,2691329,0,0,D,2,1,5350763,34.95,2002,21,39.08,7.98
13268,Historical,620632,0,0,D,3,1,399123,44.95,2006,29,39.08,37.92
13269,Historical,116917,0,0,D,4,1,741344,73.33,2005,32,57.49,23.67
13270,Historical,607462,0,0,D,5,1,52360,90.8,2009,56,57.49,37.4
13271,Historical,625934,0,0,D,3,1,766099,71.95,2005,67,55.99,68.91
13272,Historical,774987,0,0,D,0,0,5837253,189,2002,16,140.54,62.83
13273,Historical,803850,0,0,D,2,1,3106988,250,2007,20,140.54,53.41
13275,Historical,50003,0,0,D,10,1,38952,260,2009,105,176.23,46.97
13276,Historical,105115,0,0,D,7,1,1084604,39.22,2004,24,59.54,36.18
13277,Historical,2343164,0,0,D,7,1,6650887,0,2005,11,59.54,49.98
13278,Historical,550313,1,7,D,10,1,230886,11.78,2006,74,115.99,10.99
13279,Historical,550782,1,2,D,11,1,74753,62.48,2009,128,115.99,32.99
13280,Historical,570572,0,0,D,1,0,545068,312.95,2010,85,135.49,8.85
13281,Historical,651861,0,0,D,3,1,1722973,133.2,2009,32,28.99,8.48
13282,Historical,53004,0,0,D,3,1,932628,143.56,2003,57,158.74,8.99
13283,Historical,50002,0,0,D,9,1,310702,223.2,2006,99,176.23,9.01
13284,Historical,53003,0,0,D,5,1,98602,406.95,2008,62,158.74,64.94
13285,Historical,551995,0,0,D,1,0,320247,116.8,2003,33,91.49,34.08
13286,Historical,53005,0,0,D,4,1,337070,262.95,2006,54,158.74,27.87
13287,Historical,608969,0,0,D,8,1,6043031,89.95,2003,23,23.37,95.78
13288,Historical,301032,1,2,D,14,1,1411997,16.61,2005,17,41.93,45.38
13289,Historical,108855,0,0,D,8,1,98527,34.99,2006,78,84,33.99
13290,Historical,778810,0,0,D,1,0,1167553,89.95,2011,16,0,146.18
13291,Historical,2116479,0,0,D,2,1,7514174,50.95,2007,17,55.47,28.69
13292,Historical,771664,1,2,D,8,1,126315,286.95,2009,109,75.62,42.6
13295,Historical,1927062,0,0,D,3,1,3014238,24.95,2011,15,0,24.95
13296,Historical,179165,1,1,D,7,1,340326,212.95,2009,59,103.99,64
13297,Historical,110708,0,0,D,11,1,238352,15.98,2007,92,89.57,10.99
13298,Historical,531595,1,2,D,12,1,123157,19.61,2008,64,89.57,5.04
13299,Historical,158263,0,0,D,1,0,438288,130,2007,17,35.73,81.19
13300,Historical,574790,0,0,D,1,0,684152,213,2011,40,127.65,28.99
13301,Historical,184241,0,0,D,1,0,623612,55.95,1996,35,45.94,24.78
13302,Historical,157830,0,0,D,0,0,866518,68.95,1996,50,59.35,23.99
13303,Historical,531594,0,0,D,9,1,129157,169.95,2012,56,93.93,48.48
13304,Historical,594101,0,0,D,7,1,1597929,186.95,2009,42,93.93,18.96
13305,Historical,148716,0,0,D,7,1,478441,206.95,2008,34,93.93,46.99
13306,Historical,542024,0,0,D,5,1,69036,317.95,2009,67,213.98,43.99
13307,Historical,244298,0,0,D,14,1,96825,97.06,2011,33,168.27,286.81
13308,Historical,162873,1,2,D,13,1,1062185,12.78,2009,57,168.27,10.97
13309,Historical,119251,1,2,D,7,1,43346,248.8,2011,52,102.87,71.98
13310,Historical,116867,1,1,D,5,1,642969,186.67,2005,59,102.87,8.46
13311,Historical,51106,1,1,D,13,1,557078,36.99,2009,80,168.27,31.3
13312,Historical,531592,1,1,D,16,1,104597,296.95,2012,42,134.69,34.43
13313,Historical,531591,0,0,D,16,1,571169,238.95,2012,44,165,41.99
13314,Historical,148647,0,0,D,15,1,1315159,262.95,2008,19,165,231.66
13315,Historical,148728,0,0,D,15,1,186082,326.95,2008,29,134.69,32.1
13316,Historical,415206,0,0,D,8,1,4513779,61.93,2006,18,66.06,73.93
13317,Historical,127556,0,0,D,7,1,313540,99.95,2010,46,169.83,82.13
13318,Historical,2397074,1,3,D,5,1,1013380,65.95,1996,29,169.83,15.99
13319,Historical,373463,0,0,D,2,1,620945,95.95,2007,33,75.73,49.62
13320,Historical,610249,0,0,D,1,0,144714,98.95,2006,89,55.24,21.29
13321,Historical,385323,0,0,D,1,0,1219269,119.95,2004,89,55.24,9.74
13322,Historical,569578,0,0,D,2,1,1973473,157.95,2003,23,69.77,28.99
13323,Historical,195931,0,0,D,2,1,1226473,26.95,2005,47,20.53,27.99
13324,Historical,531587,0,0,D,3,1,38503,36.95,2011,48,20.53,26.05
13325,Historical,614588,0,0,D,2,1,496145,104,2009,68,68.99,18.89
13326,Historical,591963,0,0,D,1,0,1319984,94.95,2006,65,68.99,10.71
13327,Historical,619328,1,9,D,3,1,56437,131,2012,126,68.99,33.99
13328,Historical,873059,0,0,D,1,0,3913911,157.95,2005,24,33.98,58.75
13329,Historical,246344,0,0,D,1,0,943014,53.95,2005,31,33.98,60.25
13330,Historical,716633,0,0,D,2,1,5536684,94.5,2009,20,56.69,35.18
13331,Historical,553798,0,0,D,2,1,888765,146.67,2009,36,56.69,35.93
13332,Historical,2373507,0,0,D,0,0,2475009,128.67,2004,29,56.69,31.94
13333,Historical,918473,0,0,D,0,0,4717338,85,1986,31,68.07,18.98
13334,Historical,178617,0,0,D,2,1,687862,131.95,2006,76,49.49,20.98
13335,Historical,178593,0,0,D,1,0,1348125,144.95,2004,70,49.49,8.39
13336,Historical,108250,0,0,D,2,1,875879,40.88,2003,31,23.21,33.93
13337,Historical,1472322,0,0,D,2,1,3590683,65,2010,13,34.05,107.42
13338,Historical,1469835,0,0,D,0,0,2522845,60,2006,18,34.05,52.97
13339,Historical,120849,1,1,D,5,1,74184,227.4,2010,91,187.06,77.83
13340,Historical,874666,0,0,D,5,1,208648,27.36,2010,26,187.06,28.98
13341,Historical,552646,0,0,D,4,1,236960,162,2006,54,187.06,72.85
13342,Historical,121519,0,0,D,9,1,1574370,102.2,1997,40,5.94,56.53
13343,Historical,629151,0,0,D,3,1,408870,220,2012,90,14.4,59.97
13344,Historical,143276,1,1,D,2,1,1245017,184,2009,44,14.4,55.45
13345,Historical,50801,0,0,D,10,1,1502879,403.95,2005,45,153.75,14.01
13346,Historical,50802,1,1,D,11,1,424351,382.95,2008,72,153.75,21.5
13347,Historical,627577,0,0,D,4,1,330166,164,2006,32,138.99,78.99
13348,Historical,833617,0,0,D,3,1,784776,120,2001,24,138.99,35.95
13349,Historical,131825,1,2,D,2,1,119071,118.4,2005,88,93.01,38.33
13350,Historical,434884,1,1,D,1,0,493724,110.6,2009,80,91.34,33.92
13351,Historical,653852,1,1,D,2,1,575426,160,1999,19,101.32,25.99
13352,Historical,907349,0,0,D,1,0,3493559,145,1993,16,101.32,73.25
13353,Historical,268370,0,0,D,2,1,1085397,80,2005,45,65.5,30.83
13354,Historical,1469695,0,0,D,0,0,8885213,90,2007,16,48,59.16
13355,Historical,1473870,0,0,D,2,1,4481953,75,2010,17,48,82.94
13356,Historical,169141,0,0,D,7,1,71083,284.95,2007,65,88.49,38.94
13357,Historical,177732,1,2,D,5,1,538360,192.95,2004,45,116.89,21.99
13358,Historical,286402,1,1,D,5,1,165489,177.2,2010,72,96.46,38.98
13359,Historical,132192,0,0,D,4,1,1468650,136,2006,70,96.46,9
13360,Historical,259989,0,0,D,2,1,1905585,76,2003,24,112.7,26.81
13361,Historical,260004,1,1,D,3,1,525757,102,2007,82,112.7,25.35
13362,Historical,217280,0,0,D,6,1,1720713,36,2006,31,23.14,5.18
13363,Historical,110070,0,0,D,9,1,195818,54.99,2009,49,104.58,42.52
13364,Historical,108932,1,1,D,7,1,691138,159.38,2005,38,104.58,19.98
13365,Historical,193634,0,0,D,1,0,1126380,90.95,2011,30,37.7,24.56
13366,Historical,141680,1,3,D,5,1,288888,30,2004,53,68.89,8.51
13367,Historical,141222,0,0,D,4,1,636462,15.99,2000,45,68.89,15.99
13368,Historical,914116,0,0,D,0,0,3388105,58.64,2002,17,81.57,42.94
13369,Historical,599127,0,0,D,0,0,2757722,13.28,2005,14,81.57,13.42
13370,Historical,551758,1,1,D,8,1,2104412,156.67,2003,29,111.96,44.92
13371,Historical,553814,1,1,D,10,1,50917,253.8,2010,106,111.96,29.22
13372,Historical,552470,1,1,D,9,1,1134954,186.33,2007,36,111.96,24.19
13373,Historical,538833,0,0,D,8,1,17797,68.99,2013,90,153.98,61.99
13374,Historical,53935,1,1,D,7,1,81228,36.98,2010,112,153.98,32.43
13375,Historical,53934,1,4,D,6,1,337981,188.95,2008,134,153.98,13.74
13376,Historical,53933,0,0,D,5,1,885802,11.24,2007,107,153.98,7.77
13377,Historical,52347,1,1,D,14,1,848677,345.95,2009,125,177.3,14.94
13378,Historical,52346,1,2,D,15,1,165078,266.95,2011,146,177.3,19.34
13379,Historical,297877,0,0,D,6,1,270431,209.95,2011,26,41.14,29.84
13380,Historical,766413,0,0,D,6,1,548451,0,2010,64,41.14,602.99
13381,Historical,60225,0,0,D,4,1,4317453,144.95,2005,17,38.98,63.34
13382,Historical,148604,0,0,D,5,1,893087,223.95,2008,63,41.14,34.87
13383,Historical,591329,0,0,D,1,0,2459130,53.95,2006,22,125.2,10.98
13384,Historical,591330,0,0,D,1,0,3085642,100.95,2006,16,129.99,27.99
13385,Historical,797627,1,1,D,1,0,137073,232.95,2006,33,129.99,33.99
13386,Historical,651327,0,0,D,1,0,2540499,53.95,2006,19,73.99,10.98
13387,Historical,870116,0,0,D,3,1,1655988,7.99,2005,41,26.99,7.99
13388,Historical,58342,0,0,D,3,1,181617,115.6,2005,65,26.99,29.7
13389,Historical,53334,0,0,D,8,1,1877558,140.95,2005,73,74.26,39.98
13390,Historical,608579,0,0,D,7,1,4019958,82.95,2002,46,74.26,12.98
13391,Historical,53333,0,0,D,9,1,136553,195.95,2008,80,74.26,30.97
13392,Historical,51647,0,0,D,4,1,1103295,54.95,2007,171,27.99,4.46
13393,Historical,51648,1,1,D,5,1,113598,65.95,2010,288,27.99,11.98
13394,Historical,536371,1,1,D,6,1,7889,69.95,2013,127,27.99,22.98
13395,Historical,3255673,0,0,D,2,1,4491875,33.16,2004,40,61.78,23.14
13396,Historical,615207,0,0,D,2,1,687160,75.95,2004,65,61.78,13.49
13397,Historical,533364,0,0,D,3,1,164917,39.83,2012,105,89.5,28.94
13398,Historical,110342,0,0,D,2,1,1066638,33.74,2011,53,89.5,24
13399,Historical,550696,1,7,D,1,0,1371876,54.8,2008,95,89.5,63.84
13400,Historical,147037,0,0,D,4,1,451395,109,2002,25,64.99,20.87
13401,Historical,626520,0,0,D,3,1,2791395,85,1997,29,64.99,53.57
13402,Historical,717520,0,0,D,11,1,5522483,68.95,1998,20,48.99,42.24
13403,Historical,60226,0,0,D,13,1,2993123,200.95,2005,33,48.99,37.32
13404,Historical,572541,0,0,D,1,0,3834173,54.95,2007,17,47.05,23.96
13405,Historical,546786,1,1,D,7,1,148900,55.99,2011,62,16.4,17.59
13406,Historical,577421,0,0,D,6,1,1199363,48.95,2010,69,16.4,6.73
13407,Historical,692057,0,0,D,3,1,2669867,105.95,1999,36,77.98,21.98
13408,Historical,60227,0,0,D,4,1,2191083,305.95,2003,50,77.98,13.79
13409,Historical,53272,0,0,D,4,1,3340477,287.95,2006,23,77.98,66.38
13410,Historical,745168,0,0,D,1,0,5294360,189.95,2008,13,163.98,104.04
13411,Historical,570475,1,1,D,2,1,192184,76.54,2012,33,163.98,52.72
13412,Historical,286268,0,0,D,2,1,545462,97.2,2008,132,11.93,8.39
13413,Historical,183334,0,0,D,1,0,1981213,187.95,2007,30,41.04,20.49
13414,Historical,57141,0,0,D,9,1,1700538,76.2,2007,58,58.89,11.99
13415,Historical,157387,0,0,D,0,0,1204757,67.95,2009,18,50.13,67.95
13416,Historical,871884,0,0,D,6,1,4643428,0,2009,17,79.99,30.49
13417,Historical,130410,1,5,D,13,1,238579,176.95,2011,51,79.99,53.99
13418,Historical,287547,0,0,D,11,1,1196314,111.8,2005,33,79.99,17.81
13419,Historical,298132,1,1,D,2,1,1086149,54.95,2007,47,18.98,31.42
13420,Historical,184349,0,0,D,1,0,2777327,44.95,2002,23,18.98,18.99
13421,Historical,870856,1,1,D,2,1,244090,43.98,2006,44,95.49,22.81
13422,Historical,57164,0,0,D,3,1,149568,104.5,2009,34,95.49,59.61
13423,Historical,407878,0,0,D,3,1,237680,78,2006,101,48.43,10
13424,Historical,531578,0,0,D,4,1,55272,95,2010,159,48.43,16.94
13425,Historical,544167,1,1,D,8,1,28127,61.8,2013,58,27.99,67.98
13426,Historical,52552,0,0,D,7,1,87471,26.48,2010,130,27.99,13.98
13427,Historical,597126,0,0,D,0,0,1316285,52,2002,39,40.8,19.99
13428,Historical,876439,0,0,D,2,1,3398629,12.98,2004,24,76.5,13.44
13429,Historical,110186,0,0,D,4,1,271406,0,2010,62,76.5,32.96
13430,Historical,309112,0,0,D,3,1,887509,27.99,2007,60,76.5,13.46
13431,Historical,53141,1,1,D,3,1,199881,11.97,2008,87,83.52,10.99
13432,Historical,548460,0,0,D,3,1,1416717,60,1990,27,142.42,20.47
13433,Historical,572214,0,0,D,2,1,240394,127.95,2007,31,12.59,40.86
13434,Historical,542055,0,0,D,3,1,362000,120.95,2010,36,12.59,19.59
13435,Historical,2721943,0,0,D,2,1,203331,79,2003,27,75.81,72.03
13436,Historical,119285,0,0,D,2,1,222296,191.8,2011,47,34.49,11.47
13437,Historical,197577,0,0,D,8,1,953565,71.95,2006,37,83.99,16.92
13438,Historical,132026,0,0,D,1,0,2936015,136.67,2007,21,34.49,5.88
13439,Historical,628742,0,0,D,1,0,165207,145.4,2009,24,61.01,76.31
13440,Historical,553979,1,1,D,6,1,157857,145.2,2009,36,152.73,53.49
13441,Historical,113847,0,0,D,0,0,879274,95.8,2003,51,71.74,10.24
13442,Historical,120809,0,0,D,1,0,1621277,158.73,2009,24,61.01,117.99
13443,Historical,57439,0,0,D,9,1,158263,132.67,2007,143,102.47,7.92
13444,Historical,57438,0,0,D,8,1,837159,107.6,2004,55,102.47,6.99
13445,Historical,2431522,1,2,D,1,0,1502186,101.8,2003,30,85.36,33.38
13446,Historical,557282,1,2,D,0,0,2150559,81,2005,28,85.36,95.51
13447,Historical,182689,0,0,D,7,1,772307,184.95,2002,46,47.29,28.67
13448,Historical,875099,0,0,D,7,1,1052455,79.03,2002,45,47.29,58.53
13449,Historical,2385329,0,0,D,2,1,6521362,46.67,1997,20,39.09,18.96
13450,Historical,225800,0,0,D,2,1,669701,104.95,1999,16,81.99,64.47
13451,Historical,2827726,0,0,D,0,0,410143,89.95,2005,20,56.99,50.89
13452,Historical,504803,1,1,D,19,1,170299,79.95,2008,64,600,52.45
13453,Historical,61249,0,0,D,18,1,1868458,39.95,2004,45,600,17.93
13455,Historical,581698,0,0,D,4,1,180263,129,2007,56,63.38,12.99
13456,Historical,615149,1,1,D,1,0,576840,162.8,2008,49,46.62,17.28
13457,Historical,2573606,0,0,D,2,1,3504721,43.99,1988,15,59.92,43.99
13458,Historical,2571051,0,0,D,3,1,6943381,130,1992,16,59.92,49.95
13459,Historical,711980,0,0,D,2,1,2822324,79,2002,16,25,35.81
13460,Historical,924347,0,0,D,0,0,2738900,53,2007,23,70.6,52.16
13461,Historical,612966,0,0,D,4,1,429316,43.95,2007,211,33.94,12.98
13462,Historical,1617155,0,0,D,0,0,509697,30,2008,24,55.41,29.93
13463,Historical,542616,0,0,D,5,1,153043,49.95,2010,76,33.94,27.99
13464,Historical,613529,1,2,D,1,0,277001,187,2010,51,50.69,13.98
13465,Historical,895588,0,0,D,3,1,2253292,36,2002,17,0,43.43
13466,Historical,615308,0,0,D,6,1,192735,103,2009,53,108.18,83.72
13467,Historical,612901,0,0,D,9,1,854793,225,2008,126,74.05,23.99
13468,Historical,269956,1,8,D,7,1,411763,225,2008,276,93.99,51.99
13469,Historical,618660,0,0,D,2,1,1284201,35,1999,71,30.07,9.49
13470,Historical,633469,1,2,D,0,0,1049235,51.33,2004,36,73.94,32.93
13471,Historical,296604,1,1,D,19,1,53421,40,2008,88,39.59,21
13472,Historical,112941,0,0,D,3,1,1708711,117,2004,15,34.59,79.04
13473,Historical,566852,0,0,D,5,1,220846,80.97,2007,43,163.99,56.99
13474,Historical,165654,1,3,D,4,1,418278,69.72,2003,45,163.99,48.83
13475,Historical,162275,0,0,D,5,1,1381071,121,2008,11,61.99,63.99
13476,Historical,169978,1,2,D,2,1,103491,149.95,2011,69,68.91,99.16
13477,Historical,296513,0,0,D,1,0,664973,36.95,2009,33,0,0
13478,Historical,260041,0,0,D,4,1,894901,52.95,2001,26,53.98,14.98
13479,Historical,2578054,0,0,D,1,0,1423597,79.95,1984,22,69.03,23.99
13480,Historical,2346422,0,0,D,0,0,1307325,154.33,1972,15,75.05,77.97
13481,Historical,2338653,0,0,D,0,0,2596162,0,1966,17,249.29,118.07
13482,Historical,2561885,0,0,D,0,0,2934400,164.52,1983,17,93.49,78.49
13483,Historical,296361,0,0,D,7,1,1713992,93.95,2006,42,25.06,13.94
13484,Historical,621838,0,0,D,7,1,1032327,93.95,2006,29,59.96,33.88
13485,Historical,116078,0,0,D,2,1,1937783,53.33,2004,46,60.89,9.95
13486,Historical,555772,1,2,D,2,1,326268,87.95,2010,89,75.58,7.48
13487,Historical,610257,1,2,D,3,1,58766,97.95,2011,157,75.58,34.99
13488,Historical,622210,1,1,D,3,1,184298,95.95,2013,59,75.58,16.32
13489,Historical,607166,0,0,D,4,1,1551937,61,1999,41,10.56,14.49
13490,Historical,117561,0,0,D,5,1,689358,81.4,2003,47,10.56,46.88
13491,Historical,609506,0,0,D,9,1,1271822,234.95,2007,34,78.5,43.32
13492,Historical,531557,0,0,D,10,1,641974,234.95,2010,28,78.5,67.13
13493,Historical,865302,0,0,D,3,1,139665,179.95,2006,68,103.99,68.84
13494,Historical,756019,0,0,D,1,0,212478,86.25,2010,20,0,0
13495,Historical,607884,0,0,D,5,1,2066097,60.6,2002,42,32.16,11.94
13496,Historical,132551,0,0,D,7,1,1726572,76,2008,49,32.16,9.64
13497,Historical,147346,0,0,D,3,1,94064,107,2007,68,88.97,23.99
13498,Historical,2560165,0,0,D,1,0,4244546,59.95,1980,26,158.99,63.31
13499,Historical,2815800,0,0,D,5,1,3489508,49.95,2002,15,46.04,49.43
13500,Historical,645731,0,0,D,0,0,3290613,226.95,1995,24,108.99,134.83
13501,Historical,126715,0,0,D,21,1,46764,39.99,2005,21,33.31,42.6
13502,Historical,633542,1,2,D,20,1,1568751,36,2000,37,4,20.28
13503,Historical,108471,0,0,D,3,1,5223698,67.81,2004,28,50.79,6.72
13504,Historical,109173,0,0,D,4,1,817467,155.81,2006,39,50.79,50.63
13505,Historical,598752,0,0,D,4,1,2662433,44.95,2005,33,37.65,4
13506,Historical,592831,1,1,D,8,1,943249,150,2010,55,103.99,10.98
13507,Historical,433355,0,0,D,1,0,1768359,164,2008,17,53.72,30.89
13508,Historical,560414,0,0,D,2,1,250721,203,2011,43,53.72,135.43
13509,Historical,296070,0,0,D,2,1,1977632,50,2006,24,49.11,45.35
13510,Historical,2845304,0,0,D,0,0,4005264,45,2001,28,49.11,13.98
13511,Historical,143142,0,0,D,1,0,1534499,35,2008,11,36.74,57.99
13512,Historical,60229,0,0,D,5,1,834299,249.95,2005,26,32.66,35.37
13513,Historical,764601,0,0,D,3,1,8478367,79.95,1997,16,32.66,7.98
13514,Historical,417335,0,0,D,5,1,15294,155.75,2012,86,28.99,22.46
13515,Historical,54560,1,1,D,4,1,293680,33.99,2009,78,28.99,28.76
13516,Historical,642496,0,0,D,3,1,1208888,113.87,2010,20,0,0
13517,Historical,120156,0,0,D,3,1,71805,86,2010,69,46.47,43.99
13518,Historical,117261,0,0,D,2,1,509772,60.95,2006,67,46.47,14.14
13519,Historical,165796,0,0,D,1,0,3553193,35.85,2003,43,43.92,41.61
13520,Historical,56969,0,0,D,10,1,993347,63.99,2007,52,63,40.67
13521,Historical,244325,0,0,D,12,1,53782,33.23,2011,86,63,43.96
13522,Historical,56970,0,0,D,11,1,656020,9.98,2009,90,63,17.94
13523,Historical,164338,0,0,D,1,0,1316266,21.5,2002,33,27.99,28.99
13524,Historical,2840800,0,0,D,1,0,1072223,146.95,1997,26,66.56,61.68
13525,Historical,531549,0,0,D,4,1,194110,95.95,2010,45,68.74,54.18
13526,Historical,293109,0,0,D,3,1,721092,82.95,2004,43,68.74,24.65
13527,Historical,192456,0,0,D,3,1,787111,79.95,2004,35,71.72,33.8
13528,Historical,531548,0,0,D,4,1,445890,98.95,2009,66,71.72,102.63
13529,Historical,192445,0,0,D,4,1,469797,90.95,2005,119,79.77,27.74
13530,Historical,551840,0,0,D,6,1,2032130,49.99,2002,46,24.77,11.87
13531,Historical,531544,0,0,D,8,1,866826,59.99,2008,46,24.77,23.99
13532,Historical,117847,1,1,D,4,1,536728,96,2004,49,40.17,19.98
13533,Historical,118947,1,2,D,5,1,60593,95.6,2008,50,40.17,49.57
13534,Historical,192115,0,0,D,1,0,1577466,22.6,2007,52,41.75,20.22
13535,Historical,252591,0,0,D,1,0,3204288,97.73,2008,23,41.75,90.68
13536,Historical,54179,1,1,D,1,0,1476109,92.95,2007,50,50.34,8.73
13537,Historical,54180,0,0,D,2,1,197237,13.99,2010,66,50.34,33.99
13538,Historical,53798,0,0,D,1,0,1393255,17.73,2008,51,56.68,14.99
13539,Historical,545172,0,0,D,2,1,134882,23.94,2010,40,56.68,41.95
13540,Historical,105755,0,0,D,1,0,2769644,107,2003,24,53.99,41.99
13541,Historical,614586,0,0,D,6,1,374483,89.33,2010,78,54.82,26.99
13542,Historical,616937,0,0,D,6,1,149997,84.8,2010,67,54.82,12.02
13543,Historical,533712,0,0,D,2,1,115492,369.95,2012,55,166.69,153.84
13544,Historical,178956,1,2,D,1,0,1528029,383.95,2009,41,193.98,24.94
13545,Historical,178662,0,0,D,2,1,919937,383.95,2011,41,193.98,83.98
13546,Historical,2249502,0,0,D,1,0,6680788,78.97,2009,22,0,49.14
13547,Historical,178957,0,0,D,1,0,2049673,410.95,2009,28,16.8,82.99
13548,Historical,178663,0,0,D,4,1,729887,408.95,2011,97,217.98,23.49
13549,Historical,544494,0,0,D,5,1,59489,371.95,2013,73,217.98,51.44
13550,Historical,60230,0,0,D,2,1,1128914,330.95,2007,52,217.98,8.05
13551,Historical,2134660,0,0,D,0,0,1279141,49.99,2012,19,0,32.46
13553,Historical,629241,0,0,D,5,1,1786490,21.35,2009,12,64.28,21.33
13554,Historical,55155,0,0,D,5,1,797599,29.83,2008,61,64.28,29.68
13555,Historical,642113,0,0,D,3,1,357030,158.6,2012,38,128.49,84.18
13556,Historical,872072,0,0,D,0,0,3068806,25.95,1987,17,22.71,40.47
13557,Historical,649166,1,1,D,5,1,2048778,49.95,2007,18,0,0
13558,Historical,148174,1,2,D,2,1,529660,276.95,2007,47,29.71,13.93
13559,Historical,254140,1,3,D,4,1,114217,374.95,2010,45,141.48,55.54
13560,Historical,744917,0,0,D,2,1,2461487,6.79,2006,22,141.48,6.79
13561,Historical,2561266,0,0,D,1,0,4407568,20.14,1996,39,33.63,18.55
13562,Historical,562159,0,0,D,3,1,792889,360.95,2008,62,141.48,12.46
13563,Historical,613767,0,0,D,9,1,63631,66.65,2009,73,64.62,36.04
13564,Historical,905787,0,0,D,0,0,2328985,144,2004,21,136.97,32.49
13565,Historical,505041,0,0,D,2,1,659542,205,2010,40,136.97,100.45
13566,Historical,111041,1,1,D,2,1,885640,27.99,2008,53,103.98,27.99
13567,Historical,533809,1,1,D,3,1,57051,345.5,2010,133,103.98,27.22
13568,Historical,109671,1,2,D,1,0,2054036,8.98,2006,40,103.98,7.58
13569,Historical,142923,0,0,D,0,0,394434,35,2003,38,22.99,26.02
13570,Historical,148732,0,0,D,10,1,1676895,378.95,2008,36,145.58,57.87
13571,Historical,544526,1,1,D,12,1,250580,344.95,2013,45,145.58,68.88
13572,Historical,536170,1,1,D,11,1,614772,379.95,2011,59,145.58,34.05
13573,Historical,52851,0,0,D,2,1,2592656,173.33,2003,32,6.64,13.98
13574,Historical,52849,1,1,D,3,1,453476,119,2006,39,6.64,43.63
13575,Historical,60232,0,0,D,3,1,3666125,74.95,2003,26,25.95,9.89
13576,Historical,117333,0,0,D,2,1,2140340,46.67,2006,29,103.99,8.94
13577,Historical,246668,1,1,D,4,1,1881069,74.95,2008,35,25.95,26.99
13578,Historical,898021,0,0,D,0,0,5775476,50,2004,14,61.89,24.94
13579,Historical,308805,0,0,D,5,1,10015415,121.8,1999,19,4,8.7
13580,Historical,108725,0,0,D,7,1,1901788,17.76,2005,58,27.03,16.6
13581,Historical,631653,1,1,D,2,1,498218,44,2009,39,0,0
13582,Historical,863480,0,0,D,1,0,2810053,72.95,2007,27,54.97,25.01
13583,Historical,625031,0,0,D,2,1,632132,35.95,2001,21,23.49,13.14
13584,Historical,775726,0,0,D,3,1,1567010,43.95,2004,32,23.49,19.47
13585,Historical,617968,1,3,D,1,0,351137,190,2009,46,66.64,43.09
13586,Historical,193690,0,0,D,6,1,486016,213,2010,105,103.44,30.99
13587,Historical,2252427,0,0,D,6,1,3926042,44.5,2010,37,0,35.98
13588,Historical,592825,0,0,D,7,1,1121657,215.25,2010,50,0,96.88
13589,Historical,143259,1,1,D,7,1,720901,201,2009,49,125.23,60.65
13590,Historical,3059227,1,1,D,4,1,812816,45,2005,23,53.97,92.05
13591,Historical,129413,1,1,D,4,1,44826,69.95,2010,61,10.94,6.97
13592,Historical,778456,0,0,D,1,0,297633,74.95,2007,34,71.47,40.99
13593,Historical,534853,1,3,D,0,0,83286,53,2011,31,0,0
13594,Historical,539409,1,2,D,4,1,12974,174,2013,111,75.18,51.98
13595,Historical,878267,0,0,D,3,1,2874386,40.68,2011,44,75.18,25.89
13596,Historical,131936,0,0,D,1,0,125214,208.4,2006,45,83.1,53.93
13597,Historical,652468,0,0,D,1,0,44508,115.6,2012,46,83.1,13.13
13598,Historical,119330,1,1,D,13,1,13697,201.2,2012,107,131.61,28.98
13599,Historical,50529,1,1,D,12,1,218456,183.4,2009,145,131.61,13.99
13600,Historical,537289,0,0,D,13,1,829087,228.53,2012,23,131.61,192.99
13601,Historical,111903,1,5,D,6,1,35796,45.97,2012,126,120.23,6.59
13602,Historical,51904,0,0,D,4,1,1325732,10.97,2008,77,120.23,9.72
13603,Historical,51905,0,0,D,5,1,637848,14,2010,175,120.23,16.81
13604,Historical,268207,0,0,D,4,1,2140833,64.95,2007,34,78.52,5.04
13605,Historical,254050,1,1,D,5,1,288984,79.95,2011,52,78.52,28.97
13606,Historical,550009,1,1,D,2,1,2009269,0,2003,36,30.55,39.99
13607,Historical,55298,1,1,D,2,1,1025182,114.8,2011,102,75.18,9.99
13608,Historical,248197,0,0,D,0,0,87555,78,2011,79,66.56,32.99
13609,Historical,868324,1,2,D,1,0,733729,154.95,2010,78,91.8,33.92
13610,Historical,622953,0,0,D,2,1,28208,140.95,2013,84,91.8,32.99
13611,Historical,569793,1,2,D,16,1,2797339,158.95,2003,36,26.96,9.32
13612,Historical,105683,0,0,D,1,0,1926562,160,2002,23,78.03,83.85
13613,Historical,879142,1,2,D,6,1,2405282,29.05,2010,46,39.98,22.13
13614,Historical,53695,0,0,D,5,1,305665,130.47,2008,89,39.98,29.93
13615,Historical,146260,0,0,D,6,1,242968,110.6,2009,92,31.52,55.45
13616,Historical,615201,0,0,D,5,1,1036643,82.4,2008,44,31.52,9.49
13617,Historical,266237,0,0,D,7,1,55844,115.6,2013,87,45.74,56.16
13618,Historical,537855,1,1,D,6,1,165336,103.4,2009,110,45.74,15.99
13619,Historical,680700,0,0,D,1,0,145821,29.99,2006,45,39.95,74.15
13620,Historical,167015,0,0,D,1,0,1968676,63.5,2007,20,37.57,52.97
13621,Historical,51922,0,0,D,13,1,33048,236.67,2008,193,133.01,12.54
13622,Historical,917952,0,0,D,14,1,2714082,0,2012,33,93.98,29.79
13623,Historical,919020,0,0,D,14,1,1286736,11.37,2013,40,93.98,92.25
13624,Historical,52685,0,0,D,6,1,1267121,263.95,2005,51,142.97,19.54
13625,Historical,52687,1,1,D,8,1,465044,445.95,2010,77,142.97,48.81
13626,Historical,2576244,0,0,D,0,0,5999292,125,1987,14,117.99,85.92
13627,Historical,52132,0,0,D,5,1,219428,292.5,2009,113,85.99,23.97
13628,Historical,52131,0,0,D,4,1,1439435,8.74,2006,60,85.99,8.74
13629,Historical,164281,0,0,D,1,0,1166320,8.91,2004,61,63.99,9
13630,Historical,115162,0,0,D,2,1,288679,164.8,2000,38,93.75,58.68
13631,Historical,648014,0,0,D,2,1,3396133,66.95,2001,19,61.98,39.62
13632,Historical,247718,0,0,D,6,1,757967,120,2007,54,56.09,16
13633,Historical,1718491,0,0,D,3,1,1498602,65,2006,17,84.98,21.97
13634,Historical,247929,1,4,D,2,1,350595,94,2008,55,67.23,15.99
13635,Historical,164300,1,3,D,2,1,165856,9.1,2004,39,57.62,18.94
13636,Historical,58311,1,2,D,4,1,237871,160,2007,62,69.41,43.99
13637,Historical,614589,0,0,D,6,1,55028,139.4,2008,56,74.99,28.66
13638,Historical,234021,1,3,D,3,1,471536,76,2004,30,93.99,33.98
13639,Historical,169167,0,0,D,7,1,549408,172.95,2006,35,181.22,28.48
13640,Historical,1574228,0,0,D,7,1,4001032,0,2006,11,4.35,123.49
13641,Historical,579086,1,1,D,1,0,1533273,39.95,1994,20,25.56,48.17
13642,Historical,644196,1,1,D,3,1,1083216,68,2003,30,66.74,47.46
13643,Historical,531516,1,2,D,5,1,347091,131.8,2007,39,115.69,53.39
13644,Historical,3614341,0,0,D,2,1,5748013,26.95,1988,21,0,6.84
13647,Historical,607406,0,0,D,5,1,1386230,104,2006,49,74.99,23.74
13648,Historical,121270,0,0,D,8,1,159005,96.4,2011,43,42.51,63.16
13649,Historical,132336,0,0,D,7,1,524423,78.8,2007,41,42.51,45.21
13650,Historical,264583,1,1,D,2,1,345730,69.95,2003,31,0,0
13651,Historical,51743,1,1,D,5,1,28747,26.49,2007,160,43.03,13.99
13652,Historical,2254714,1,1,D,5,1,229787,33.02,2008,113,43.03,22.95
13653,Historical,859236,0,0,D,4,1,1311796,93.95,2005,42,64.62,13.59
13654,Historical,115544,0,0,D,1,0,96163,166.2,2011,58,187.52,89.58
13655,Historical,272520,0,0,D,3,1,836531,70,2009,47,47.24,63.89
13656,Historical,869131,0,0,D,1,0,9663346,38.95,1999,16,47.24,49.63
13657,Historical,891383,1,1,D,2,1,7228774,37.95,2001,13,26.65,30.39
13658,Historical,2789378,0,0,D,1,0,10656923,24.95,1992,13,26.65,18.99
13659,Historical,608505,0,0,D,2,1,2417580,40.95,1999,32,27.14,16.55
13660,Historical,3022161,0,0,D,3,1,3370994,74.5,2000,16,39,62.73
13661,Historical,1587658,0,0,D,1,0,507109,34.99,2007,43,43.09,22.91
13662,Historical,534032,1,5,D,3,1,536440,69.5,1987,31,56.49,48.77
13663,Historical,2570015,0,0,D,1,0,2391250,163,1991,20,78.99,72.34
13664,Historical,54054,0,0,D,11,1,134981,144.2,2010,63,120.39,41.91
13665,Historical,54053,0,0,D,10,1,1539507,122.6,2008,104,120.39,26.99
13666,Historical,2869276,0,0,D,1,0,3180920,125,1990,26,42.01,7.41
13667,Historical,264565,1,1,D,2,1,198430,50,2001,34,47.66,33.31
13668,Historical,251956,0,0,D,6,1,245141,212.95,2010,67,138.98,92.94
13669,Historical,717676,0,0,D,4,1,1384117,101.95,2000,53,138.98,44.21
13670,Historical,113521,0,0,D,1,0,1345214,143,1999,18,49.98,268.25
13671,Historical,608647,0,0,D,13,1,1799607,65.95,2010,22,39.48,49.29
13672,Historical,148617,0,0,D,12,1,3280070,72.95,2008,16,39.48,63.42
13673,Historical,1597869,0,0,D,13,1,614388,65.95,2010,23,39.28,21.99
13674,Historical,286106,1,1,D,1,0,163534,142.4,2010,42,100.14,38.34
13675,Historical,801151,1,2,D,0,0,586028,84.95,2008,50,68.28,17.99
13676,Historical,606727,0,0,D,5,1,159841,11.97,2001,14,28.94,21.36
13677,Historical,663821,1,1,D,0,0,113067,89.95,2014,77,12.03,15.17
13679,Historical,133324,0,0,D,8,1,714438,55.8,2010,55,47.58,52.21
13680,Historical,116004,0,0,D,6,1,2800022,52,2004,27,47.58,7.98
13681,Historical,52127,1,2,D,17,1,622462,18.99,2009,151,192.7,15.44
13682,Historical,2342250,0,0,D,2,1,2780474,58,1990,17,56.95,106.86
13683,Historical,617480,0,0,D,0,0,153983,37.95,1988,108,59.98,33.99
13684,Historical,3010501,0,0,D,1,0,2812720,55.95,2001,16,46.99,35.89
13685,Historical,903461,0,0,D,3,1,4704176,125,1989,16,148.37,72.95
13686,Historical,901318,0,0,D,4,1,2330936,144.95,1995,20,148.37,47.59
13687,Historical,3598772,0,0,D,1,0,4291362,125.95,1990,10,0,221.84
13688,Historical,249040,0,0,D,6,1,421015,231,2008,33,101.98,109.85
13689,Historical,610427,0,0,D,4,1,46014,118.4,2013,57,44.31,93.54
13690,Historical,132545,0,0,D,3,1,198102,149.8,2008,40,44.31,48.98
13691,Historical,55742,1,1,D,3,1,400235,107.8,2010,68,44.31,14.38
13692,Historical,55741,0,0,D,2,1,1148311,68.67,2007,61,44.31,4.58
13693,Historical,428446,0,0,D,3,1,590958,149.8,2008,34,38.99,18.98
13694,Historical,54722,0,0,D,2,1,761968,68.67,2007,84,38.99,13.96
13695,Historical,915719,1,1,D,1,0,540346,39.95,2005,42,25.69,57.29
13696,Historical,3790388,0,0,D,1,0,425754,55,2003,19,0,21.95
13697,Historical,827002,0,0,D,2,1,605996,40,2004,30,27.94,7.98
13698,Historical,794611,0,0,D,1,0,354501,55.95,2007,22,44.98,117.89
13699,Historical,51253,1,1,D,6,1,346918,129.33,2007,97,50.65,8.37
13700,Historical,57445,0,0,D,6,1,330870,126.67,2007,87,102.12,10.98
13701,Historical,912708,0,0,D,2,1,1063834,122.2,2007,46,57.99,35.01
13702,Historical,131563,0,0,D,0,0,3784015,101.6,2003,26,57.99,10.96
13703,Historical,57442,0,0,D,7,1,64552,150.8,2009,64,102.12,32.98
13704,Historical,117288,0,0,D,3,1,249977,83.4,2006,112,63.69,13.99
13705,Historical,121219,1,2,D,4,1,25067,110.4,2010,156,63.69,51.59
13706,Historical,887691,0,0,D,0,0,5987810,189.68,1996,12,54.69,56.19
13707,Historical,1488762,0,0,D,1,0,1083457,44.95,2007,27,24.98,37.71
13708,Historical,3518399,0,0,D,0,0,713846,47.95,1997,33,0,28.99
13709,Historical,287041,0,0,D,1,0,331151,145,2004,35,21.85,63.15
13710,Historical,3485309,0,0,D,2,1,1179014,42.99,2007,36,0,13.99
13711,Historical,3485266,0,0,D,0,0,1904118,35.99,2003,59,0,5.35
13712,Historical,2771176,0,0,D,0,0,1258481,29.99,1988,23,0,97.48
13713,Historical,55028,1,1,D,9,1,441518,239.95,2008,86,116.42,13.95
13714,Historical,55029,0,0,D,8,1,456111,273.95,2005,76,116.42,19.95
13715,Historical,533449,1,2,D,10,1,151500,226.95,2011,50,116.42,52.94
13716,Historical,831106,1,1,D,2,1,3155693,69.95,2000,14,46.51,31.97
13717,Historical,274787,1,1,D,0,0,112744,36.95,1999,55,60.44,28.9
13718,Historical,868428,0,0,D,7,1,1014810,93.4,1999,35,60.98,39.37
13719,Historical,917408,0,0,D,6,1,467385,62,1995,20,60.98,18.98
13720,Historical,868387,0,0,D,0,0,1044506,49.7,1992,35,23.97,23.07
13721,Historical,169376,0,0,D,5,1,925344,264.95,2007,28,45.95,43.93
13722,Historical,177576,0,0,D,4,1,4633633,144.95,2003,33,45.95,7.49
13723,Historical,607167,0,0,D,5,1,1913340,73,1999,40,58.34,11.91
13724,Historical,421840,1,1,D,7,1,619441,116.4,2005,64,58.34,38.98
13725,Historical,313126,0,0,D,6,1,856424,90.2,2002,57,58.34,16.69
13726,Historical,268488,0,0,D,1,0,591280,42,2008,21,32.89,15.99
13727,Historical,843483,1,1,D,0,0,1976745,49.2,1983,20,48.99,43.98
13728,Historical,788039,0,0,D,0,0,1433498,39.95,1998,20,23.94,16.99
13729,Historical,252011,0,0,D,5,1,679942,135.95,2007,50,72.3,45
13730,Historical,245004,1,1,D,4,1,234133,112.95,2003,54,72.3,15.15
13731,Historical,912083,1,1,D,1,0,2433454,49.95,2005,22,30.66,13.98
13732,Historical,50559,0,0,D,3,1,242535,18.33,2003,55,108.5,11.25
13733,Historical,50560,1,1,D,5,1,29106,136.56,2010,103,108.5,48.99
13734,Historical,58360,0,0,D,9,1,719501,262.95,2007,44,99.51,17.99
13735,Historical,58362,0,0,D,8,1,1441684,174.95,2004,45,99.51,11.99
13736,Historical,58361,0,0,D,10,1,259858,273.95,2010,73,99.51,41.83
13737,Historical,621993,1,1,D,1,0,771810,46.95,2008,44,45.07,24.82
13738,Historical,120657,1,1,D,5,1,235451,103,2009,61,59.01,23.98
13739,Historical,116087,0,0,D,4,1,713014,77,2005,55,59.01,9.05
13740,Historical,117826,0,0,D,4,1,1544745,85.8,2004,40,18.99,11.09
13741,Historical,560032,0,0,D,1,0,198375,42.46,2008,65,35.9,23.99
13742,Historical,592471,0,0,D,2,1,708868,211.95,2006,54,68.99,18.97
13743,Historical,161535,0,0,D,1,0,2235243,120,2007,17,53.98,167.27
13744,Historical,1487337,0,0,D,1,0,3501929,135,2010,21,83.8,77.13
13745,Historical,410607,0,0,D,1,0,1148640,85,2000,22,127.71,63.73
13746,Historical,795440,1,1,D,1,0,1211600,73.95,2012,18,0,63.53
13747,Historical,658045,0,0,D,1,0,174003,81.95,2013,19,0,55.99
13748,Historical,299922,0,0,D,0,0,1399246,59.95,2009,24,64.59,31.89
13749,Historical,2314572,0,0,D,1,0,1854143,90.95,1994,31,118.99,56.27
13750,Historical,870352,0,0,D,0,0,11795875,64.95,1996,16,46.96,50.8
13751,Historical,2722365,0,0,D,0,0,2606250,58.95,2005,26,36.99,23.99
13752,Historical,801858,0,0,D,2,1,1201231,73,2008,56,36.99,28.99
13753,Historical,127429,0,0,D,12,1,191926,125,2008,51,76.99,15.98
13754,Historical,531442,0,0,D,11,1,1227762,9.1,2005,43,76.99,14.4
13755,Historical,247746,0,0,D,4,1,305245,46,2009,58,92.95,44.42
13756,Historical,177680,1,1,D,1,0,2483397,140.95,2004,42,63.99,7.96
13757,Historical,177948,1,1,D,4,1,517849,157.95,2006,47,77.44,80.45
13758,Historical,199576,0,0,D,2,1,1693631,51.95,2000,23,46.96,20.49
13759,Historical,828743,0,0,D,0,0,1244076,49,1997,44,39.73,25.49
13760,Historical,206106,0,0,D,2,1,907457,64,2006,23,39.73,63.65
13761,Historical,131874,0,0,D,1,0,3018300,65.8,2005,20,62,28.99
13762,Historical,132566,1,1,D,2,1,475595,79.4,2008,87,62,33.98
13763,Historical,907092,0,0,D,1,0,1894231,61.95,2007,25,38.71,30
13764,Historical,115793,0,0,D,1,0,1752884,58.4,2003,23,49.85,23.53
13765,Historical,286149,0,0,D,2,1,666410,91.6,2006,59,49.85,17.98
13766,Historical,250978,0,0,D,2,1,626583,61.95,2010,29,38.71,43.99
13767,Historical,2853618,0,0,D,2,1,2688423,89.95,2004,19,51.08,34.21
13768,Historical,533563,0,0,D,8,1,42466,143.95,2012,87,18.99,61.99
13769,Historical,53634,1,1,D,7,1,437349,158.95,2009,72,18.99,13.98
13770,Historical,53633,0,0,D,6,1,1392942,98.95,2006,59,18.99,10.77
13771,Historical,592806,0,0,D,3,1,1275016,15.04,2009,15,72.34,39.94
13772,Historical,120105,0,0,D,9,1,98387,137.6,2010,54,69.79,72.37
13773,Historical,118841,0,0,D,8,1,279503,100.2,2007,65,69.79,10.99
13774,Historical,800118,0,0,D,0,0,2754167,51.95,2004,17,36.84,13.99
13775,Historical,545854,0,0,D,2,1,142750,113,2012,36,50.97,60.49
13776,Historical,592145,1,3,D,1,0,745826,105,2009,52,50.97,21.55
13777,Historical,906801,0,0,D,2,1,4509135,18.87,2007,36,51.74,20.76
13778,Historical,552230,0,0,D,2,1,213453,113,2007,61,51.74,23.99
13779,Historical,3139965,0,0,D,0,0,4723502,64.95,2004,14,0,14.95
13780,Historical,254041,1,1,D,11,1,62103,99.95,2011,54,83.67,23.87
13781,Historical,54646,1,1,D,7,1,456891,173.95,2011,51,100.74,53.98
13782,Historical,531439,0,0,D,8,1,22637,254.95,2012,102,154.16,23.64
13783,Historical,127266,0,0,D,0,0,2423621,79.95,2004,28,42.67,6.47
13784,Historical,705426,0,0,D,6,1,3305075,0,2011,14,107.46,54.98
13785,Historical,60238,0,0,D,6,1,1489652,308.95,2006,47,154.16,8.72
13786,Historical,54645,1,2,D,6,1,327885,191.95,2008,46,100.74,32.99
13787,Historical,110666,0,0,D,6,1,89411,74.92,2010,57,107.46,29.39
13788,Historical,169900,0,0,D,7,1,466991,279.95,2009,103,154.16,11.9
13789,Historical,250974,1,1,D,10,1,370355,81.95,2009,39,83.67,10.7
13790,Historical,54644,1,1,D,5,1,1589701,104.95,2004,37,100.74,44.47
13791,Historical,109052,0,0,D,5,1,838383,35.49,2005,54,107.46,35.13
13792,Historical,250646,0,0,D,0,0,2142552,104.95,2008,11,72.84,33.96
13793,Historical,200291,0,0,D,4,1,1161493,174.95,2003,32,39.48,97.56
13794,Historical,2261922,1,1,D,0,0,3411675,30,2009,37,0,23.98
13795,Historical,55392,1,1,D,10,1,66800,156,2008,73,102.75,33.6
13796,Historical,55390,0,0,D,8,1,1425255,23.97,2002,44,102.75,21.99
13797,Historical,582608,0,0,D,0,0,10577157,41.95,1994,10,12.99,44.83
13798,Historical,60239,0,0,D,3,1,958641,18.99,1998,46,20.25,18.99
13799,Historical,880366,1,2,D,10,1,460201,63.48,2008,24,102.75,44.58
13800,Historical,533632,1,12,D,10,1,10952,259.95,2012,125,83.98,30.39
13801,Historical,268239,0,0,D,4,1,699694,6.77,2004,54,56.96,9.94
13802,Historical,250977,0,0,D,6,1,288694,89.95,2010,76,56.96,29.81
13803,Historical,118961,0,0,D,11,1,911198,130.2,2008,61,73.39,18.95
13804,Historical,2720823,0,0,D,3,1,5015425,47,2004,15,12.99,92.49
13805,Historical,131576,1,1,D,1,0,3704926,89.6,2003,27,68.91,34.98
13806,Historical,132270,0,0,D,2,1,653063,123.6,2007,41,68.91,39.05
13807,Historical,52964,1,4,D,8,1,399429,313.95,2006,134,83.98,25.98
13808,Historical,55391,1,2,D,9,1,458105,30.02,2006,72,102.75,42.22
13809,Historical,268220,0,0,D,5,1,1777833,82.95,2007,73,56.96,9.85
13810,Historical,553091,0,0,D,1,0,246307,119.4,2012,51,69.55,20.23
13811,Historical,876295,0,0,D,1,0,961354,115.27,2012,16,69.55,13.79
13812,Historical,765529,0,0,D,6,1,4851011,106.95,2002,20,58.68,49.69
13813,Historical,532844,0,0,D,36,1,1288985,58.5,2012,43,55.91,49.41
13814,Historical,107665,0,0,D,3,1,6935795,7.9,2002,26,102.24,7.9
13815,Historical,878504,0,0,D,38,1,688869,10.91,2014,31,55.91,51.89
13816,Historical,177784,0,0,D,6,1,5991727,128.95,2002,17,58.68,13.94
13817,Historical,764727,0,0,D,5,1,4064383,94.95,1999,18,58.68,13.12
13818,Historical,50546,1,5,D,8,1,427813,127.8,2009,194,117.34,4.97
13819,Historical,50545,1,2,D,9,1,50030,138.2,2011,171,117.34,23.35
13820,Historical,557312,1,1,D,1,0,887278,150,2007,26,74.63,24.88
13821,Historical,60242,1,1,D,4,1,1852037,13,2005,41,102.24,16.84
13822,Historical,924328,0,0,D,39,1,311944,64,2015,28,55.91,48.3
13823,Historical,553538,0,0,D,2,1,430987,149.8,2009,78,57.03,12.49
13824,Historical,538893,0,0,D,37,1,529100,58.5,2013,45,55.91,18.93
13825,Historical,545014,1,1,D,3,1,40068,98,2012,54,38.99,26.65
13826,Historical,531434,1,1,D,2,1,599028,70,2008,63,38.99,7.09
13827,Historical,110161,0,0,D,5,1,399982,10.99,2008,49,102.24,18.94
13828,Historical,170038,1,9,D,6,1,1028031,231.95,2010,69,111.92,30.47
13829,Historical,53632,1,1,D,6,1,443034,275.95,2010,92,111.92,4
13830,Historical,544683,1,4,D,7,1,14584,175.95,2013,102,123.71,53.98
13831,Historical,532083,0,0,D,6,1,181897,123.95,2011,17,123.71,93.99
13832,Historical,53338,0,0,D,5,1,977337,193.95,2008,105,123.71,9.78
13833,Historical,53339,1,5,D,6,1,497345,193.95,2011,129,123.71,33.5
13834,Historical,544678,1,4,D,7,1,23264,166.95,2013,134,79.69,48.97
13835,Historical,170030,1,4,D,6,1,84921,183.95,2010,122,79.69,23.94
13836,Historical,552185,1,2,D,0,0,1278687,135.2,2005,51,57.03,12.99
13837,Historical,127351,0,0,D,0,0,618166,54.95,2008,25,0,0
13838,Historical,58390,1,1,D,5,1,81635,235.95,2011,70,119.78,41.89
13839,Historical,58389,0,0,D,4,1,535283,259.95,2007,107,119.78,7.51
13840,Historical,622781,0,0,D,7,1,1705450,51.95,2005,31,0,0
13841,Historical,120782,0,0,D,5,1,333394,77.8,2010,64,43.68,26.97
13842,Historical,118658,0,0,D,4,1,497038,49.6,2007,47,43.68,19.91
13843,Historical,533683,1,10,D,12,1,13134,192.8,2012,146,78.99,15.99
13844,Historical,880606,1,7,D,13,1,4374,198.8,2014,91,78.99,83.51
13845,Historical,52362,1,6,D,11,1,51872,211,2010,97,78.99,22.49
13846,Historical,52363,0,0,D,10,1,713760,139.2,2008,177,78.99,8.76
13847,Historical,170198,1,2,D,11,1,44961,239.95,2011,82,136.91,41.49
13848,Historical,531426,0,0,D,6,1,410253,269.95,2011,38,153.49,25
13849,Historical,505033,0,0,D,3,1,958123,225,2010,85,4.73,7.7
13850,Historical,288450,0,0,D,3,1,2164653,52,2000,25,43.98,36.49
13851,Historical,193490,1,2,D,8,1,401986,154,2007,192,53.99,38.56
13852,Historical,877754,1,4,D,8,1,1211992,95.87,2007,51,53.99,64.32
13853,Historical,243926,1,2,D,6,1,118525,186.95,2011,56,99.97,11.49
13854,Historical,252042,0,0,D,5,1,104400,175.95,2008,43,99.97,21.48
13855,Historical,50376,0,0,D,7,1,39775,328.95,2010,70,144.98,43.97
13856,Historical,531429,1,4,D,10,1,904590,156,2007,46,128.99,53.99
13857,Historical,252002,1,1,D,3,1,66661,223.95,2008,35,93.21,65.25
13858,Historical,270082,1,1,D,11,1,540312,209,2010,73,128.99,53.98
13859,Historical,265904,1,1,D,9,1,1967519,132,2004,29,128.99,22.49
13860,Historical,50375,0,0,D,6,1,670765,322.95,2007,81,144.98,22.48
13861,Historical,202280,1,1,D,1,0,53997,218.95,2002,50,111.46,36.74
13862,Historical,609482,0,0,D,3,1,1090856,194.95,2005,51,54.58,11.28
13863,Historical,50377,0,0,D,5,1,1763207,157.95,2004,55,144.98,16.99
13864,Historical,625871,0,0,D,1,0,2187230,100,2007,24,78.86,37.83
13865,Historical,270036,0,0,D,8,1,1652292,197,2008,44,88.33,32.49
13866,Historical,177980,0,0,D,9,1,886868,180.95,2005,50,136.91,13.98
13867,Historical,468664,0,0,D,6,1,167778,152,2008,63,32.23,107.27
13868,Historical,451712,1,1,D,5,1,2045197,285.95,2008,38,153.49,21.53
13869,Historical,608599,0,0,D,4,1,3343994,163.95,2005,30,153.49,5.87
13870,Historical,599508,0,0,D,9,1,1145800,81.95,2009,43,31.73,112.25
13871,Historical,2257257,0,0,D,9,1,3918342,27.39,2009,44,0,102.85
13872,Historical,679082,0,0,D,0,0,710965,29,2007,22,101.87,42.77
13873,Historical,169692,1,1,D,10,1,676275,253.95,2008,94,136.91,7.99
13874,Historical,288399,0,0,D,4,1,882848,80,2003,31,43.98,58.39
13875,Historical,2631626,0,0,D,2,1,7052267,0,2003,8,83.67,159.4
13876,Historical,737595,0,0,D,3,1,734565,54,2007,22,13.94,79.51
13877,Historical,620272,0,0,D,4,1,127919,48,2009,49,13.94,43.79
13878,Historical,143300,0,0,D,2,1,586259,217,2009,94,103.53,32.48
13879,Historical,142959,0,0,D,0,0,1642468,171,2005,23,103.53,27.9
13880,Historical,872266,0,0,D,2,1,2214265,35.98,2008,53,73.98,54.17
13881,Historical,416630,0,0,D,2,1,913435,49.99,2008,63,73.98,43.73
13882,Historical,1656917,0,0,D,1,0,4519550,50.54,2006,1,103.51,181.55
13883,Historical,775743,0,0,D,5,1,3342164,124,2004,31,32.23,22.49
13884,Historical,560369,1,1,D,1,0,290913,190,2011,59,95.47,30.78
13885,Historical,555731,0,0,D,0,0,1035068,54.95,2008,32,11.28,10.94
13886,Historical,539405,1,5,D,5,1,23483,165.2,2013,89,72.74,62.39
13887,Historical,120090,0,0,D,4,1,55805,144.8,2009,95,72.74,11.78
13888,Historical,260138,0,0,D,0,0,314126,73.95,1995,25,32.98,49.59
13889,Historical,912142,0,0,D,0,0,209755,22.95,1997,19,76.99,28.98
13890,Historical,53205,1,1,D,8,1,43243,273.95,2011,103,143.99,55.51
13891,Historical,872009,0,0,D,5,1,2686720,35.21,2006,42,50.63,22.87
13892,Historical,738337,0,0,D,6,1,2433876,28,2001,26,10.22,16.26
13893,Historical,569798,0,0,D,4,1,6196699,149.95,2005,14,99.51,11.98
13894,Historical,545861,1,1,D,2,1,52870,133,2013,36,74.85,37.24
13895,Historical,614464,0,0,D,6,1,386108,45.95,2009,58,32.97,22.99
13896,Historical,574755,0,0,D,1,0,1171032,88,2008,36,53.99,5.88
13897,Historical,1507057,1,4,D,0,0,1582623,88,2009,37,69.29,49.99
13898,Historical,540474,0,0,D,0,0,835026,107,2012,54,69.29,18.05
13899,Historical,143472,0,0,D,0,0,1841968,97,2010,43,69.29,99.15
13900,Historical,776013,0,0,D,5,1,729364,43.95,2007,50,32.97,21.74
13901,Historical,193610,1,2,D,1,0,490566,152,2008,35,107.99,21.95
13902,Historical,778816,1,1,D,3,1,3774385,154.95,2011,18,42.89,29.99
13903,Historical,200066,0,0,D,2,1,2758596,177.95,2003,25,42.89,28.85
13904,Historical,115558,1,1,D,1,0,1627266,113.33,2004,23,14.69,18.97
13905,Historical,872431,1,1,D,5,1,2245280,261.95,2008,28,99.51,11.97
13906,Historical,647008,0,0,D,1,0,179853,115.6,2012,76,95.99,45.34
13907,Historical,581685,0,0,D,6,1,366925,7.99,2005,15,177.94,9.9
13908,Historical,592810,1,1,D,7,1,607199,174,2009,28,177.94,76.77
13909,Historical,60246,0,0,D,5,1,1317792,158.4,2007,36,50.63,13.79
13910,Historical,592153,1,2,D,0,0,481648,111,2010,56,74.85,65.97
13911,Historical,595069,0,0,D,7,1,91374,49.95,2012,34,32.97,39.64
13912,Historical,543766,0,0,D,6,1,111101,247.95,2011,58,99.51,23.69
13913,Historical,533867,1,1,D,10,1,287855,312.95,2008,86,209.26,28.18
13914,Historical,531424,0,0,D,11,1,74164,283.95,2012,66,209.26,59.98
13915,Historical,60245,0,0,D,9,1,960254,171.95,2004,59,209.26,14.78
13916,Historical,557324,0,0,D,2,1,1236769,127.2,2006,41,79.79,18.99
13917,Historical,553140,0,0,D,4,1,187700,193.4,2011,63,79.79,15.86
13918,Historical,553539,1,2,D,3,1,1201742,138.6,2009,93,79.79,7.26
13919,Historical,574730,0,0,D,2,1,1212130,43.95,2008,32,4.35,13.28
13920,Historical,614016,0,0,D,4,1,493008,184,2010,34,67.04,169.7
13921,Historical,737165,0,0,D,0,0,4771371,95.5,2003,20,0,0
13922,Historical,613601,0,0,D,3,1,280951,125,2006,40,67.04,67.45
13923,Historical,193429,0,0,D,0,0,1193568,122,2005,33,11.73,67.52
13924,Historical,193661,0,0,D,1,0,208755,88,2008,58,52.44,23.98
13925,Historical,50391,1,3,D,8,1,187784,303.95,2009,83,108.99,33
13926,Historical,50390,1,3,D,7,1,837049,189.95,2006,51,108.99,38.9
13927,Historical,544670,1,1,D,9,1,56175,275.95,2013,75,108.99,98.53
13928,Historical,433596,0,0,D,4,1,942200,216,2010,26,84.02,13.81
13929,Historical,871536,0,0,D,3,1,6657292,11.48,2008,11,84.02,11.49
13930,Historical,737854,0,0,D,4,1,1097557,184,2010,28,91.81,116.71
13931,Historical,737502,0,0,D,3,1,1922546,144,2006,19,91.81,65.39
13932,Historical,607104,0,0,D,3,1,917921,88.95,2008,27,44.07,35.24
13933,Historical,607109,0,0,D,2,1,807399,125,2002,34,44.07,28.99
13934,Historical,872066,1,1,D,1,0,1495759,79.95,1999,22,44.07,23.99
13935,Historical,50443,0,0,D,10,1,17613,205.6,2010,126,126.9,33.97
13936,Historical,200546,0,0,D,2,1,323335,216.95,2010,84,53.97,23.97
13937,Historical,50442,0,0,D,9,1,123024,134.2,2006,131,126.9,20.94
13938,Historical,200119,0,0,D,1,0,1100158,164.95,2007,31,53.97,29.16
13939,Historical,50441,0,0,D,8,1,951599,115.8,2003,88,126.9,37.9
13940,Historical,247916,0,0,D,0,0,1101449,70,2008,28,25.86,38.87
13941,Historical,801520,0,0,D,0,0,2811951,116,2008,11,25.86,53.47
13942,Historical,2259229,0,0,D,2,1,3683181,53.95,2010,42,133.69,33.71
13943,Historical,55794,1,1,D,2,1,647873,49.95,2010,73,133.69,6.19
13944,Historical,576211,0,0,D,0,0,4068933,63.5,2002,13,49.83,73.33
13945,Historical,576701,0,0,D,1,0,2045435,94.95,2010,23,8.14,11.69
13946,Historical,127279,0,0,D,3,1,683920,64.95,2006,54,61.94,18.92
13947,Historical,298314,0,0,D,5,1,11576,98,2010,63,68.81,38.99
13948,Historical,553561,0,0,D,3,1,356811,76.6,2010,43,47.32,29.93
13949,Historical,870518,1,1,D,5,1,2503876,62.41,2010,48,68.81,59.42
13950,Historical,557372,0,0,D,2,1,2080843,61.6,2007,30,47.32,6.34
13951,Historical,592180,0,0,D,1,0,151542,75,2011,36,49.75,23.97
13952,Historical,616741,0,0,D,0,0,653216,112,2009,65,49.75,35.18
13953,Historical,127559,0,0,D,4,1,56360,76.95,2010,90,61.94,58.19
13954,Historical,247745,1,2,D,4,1,1413572,59.95,2006,56,68.81,13.93
13955,Historical,2540920,0,0,D,1,0,5886608,49.95,2004,16,60.04,123.07
13956,Historical,107989,0,0,D,5,1,3293465,13.99,2003,58,64.6,13.99
13957,Historical,631448,1,2,D,4,1,280095,65.95,2005,25,43.76,45.49
13958,Historical,877874,0,0,D,6,1,1876947,0,2007,26,64.6,44.41
13959,Historical,619742,1,1,D,2,1,27242,138.6,2012,93,85.89,18.99
13960,Historical,875646,0,0,D,9,1,3477178,23.08,2007,38,38.44,16.21
13961,Historical,613926,0,0,D,0,0,800186,100.2,2004,30,28.95,7.79
13962,Historical,426329,0,0,D,5,1,221381,95.95,2010,80,43.76,16.87
13963,Historical,54876,1,1,D,5,1,28770,207,2011,76,104.82,43.94
13964,Historical,54875,0,0,D,4,1,1107106,166.2,2008,69,104.82,13.99
13965,Historical,537405,0,0,D,5,1,882741,213.67,2011,23,104.82,602.99
13966,Historical,54874,0,0,D,3,1,2455752,120,2005,56,104.82,4.96
13967,Historical,704220,0,0,D,5,1,3007130,102.25,2003,34,46.88,12.39
13968,Historical,422161,1,4,D,1,0,186416,122.2,2010,65,85.89,5.01
13969,Historical,55388,0,0,D,7,1,83150,96.99,2009,56,64.6,56.85
13970,Historical,53356,1,1,D,10,1,306855,144.8,2009,51,38.44,30.97
13971,Historical,1470096,0,0,D,3,1,10855312,70,2006,12,41.86,42.18
13972,Historical,55389,1,1,D,6,1,753220,11.67,2006,53,64.6,18.67
13973,Historical,53355,0,0,D,9,1,2495660,106.2,2006,47,38.44,11.99
13974,Historical,51651,1,4,D,4,1,32106,175.95,2010,138,101.1,23.99
13975,Historical,51650,1,19,D,3,1,656858,193.95,2007,161,101.1,9.44
13976,Historical,612707,1,5,D,5,1,6565,181.95,2014,101,101.1,78.99
13977,Historical,247779,0,0,D,0,0,411117,114,2006,58,52.47,56.99
13978,Historical,592192,0,0,D,0,0,320598,75,2011,71,52.47,15.93
13979,Historical,50395,1,1,D,10,1,90707,271.95,2008,59,152.14,31.47
13980,Historical,50394,1,1,D,9,1,161066,175.95,2006,84,152.14,14.83
13981,Historical,877490,1,1,D,6,1,2682083,38.98,2012,29,114.41,28.98
13982,Historical,50471,1,3,D,6,1,35556,207,2011,140,114.41,15
13983,Historical,50472,0,0,D,5,1,61629,216.4,2008,252,114.41,13.21
13984,Historical,2317906,0,0,D,2,1,2244068,38.95,1992,26,42.84,45.15
13985,Historical,2832435,0,0,D,1,0,3130532,132.95,2001,15,101.78,22.99
13986,Historical,287554,1,1,D,13,1,1139910,95.4,2006,37,53.87,15.99
13987,Historical,131639,0,0,D,12,1,3633196,76.4,2003,34,53.87,6.78
13988,Historical,118920,0,0,D,1,0,963072,42.6,2009,34,28.38,7.99
13989,Historical,169408,0,0,D,6,1,76425,261.95,2007,55,109.8,48.44
13990,Historical,60247,1,4,D,5,1,1184530,136.95,2004,48,109.8,13.95
13991,Historical,628243,0,0,D,1,0,1172645,99.95,1993,42,60.25,51.41
13992,Historical,905698,0,0,D,3,1,722824,62.95,2006,13,18.61,41.48
13993,Historical,592800,0,0,D,4,1,1060815,63.95,2010,29,18.61,28.89
13994,Historical,2600004,0,0,D,0,0,2097001,140,1993,44,52.99,108.08
13995,Historical,147208,0,0,D,2,1,3227966,40.95,2004,13,23.76,33.71
13996,Historical,743460,0,0,D,1,0,978232,36.95,2002,16,23.76,33.94
13997,Historical,435153,0,0,D,3,1,1818964,263,2007,21,120.94,73.65
13998,Historical,743304,0,0,D,2,1,4664659,219,2001,21,120.94,15.98
13999,Historical,609148,0,0,D,8,1,233271,93.95,2004,72,51.92,17.75
14000,Historical,478847,1,2,D,9,1,403009,111.95,2008,52,51.92,28.94
14001,Historical,830606,0,0,D,4,1,1719322,62.95,1997,41,23.99,34.98
14002,Historical,525535,0,0,D,6,1,277249,123.95,2009,94,49.2,38.99
14003,Historical,608009,0,0,D,5,1,789611,99.95,2005,78,49.2,13.78
14004,Historical,264274,1,1,D,2,1,320566,42.95,2007,68,32.92,21.99
14005,Historical,868458,0,0,D,2,1,2525516,85,2001,25,43.82,12.99
14006,Historical,910509,0,0,D,1,0,3445638,109,2002,21,53.94,41.79
14007,Historical,391691,1,1,D,2,1,1030624,87,2004,24,73.98,20.28
14008,Historical,3544364,0,0,D,0,0,576686,37.33,1995,20,0,32.49
14009,Historical,199239,0,0,D,1,0,351004,61,2005,28,51.99,16.98
14010,Historical,132205,0,0,D,8,1,553346,95.4,2006,63,35.42,25.52
14011,Historical,882189,0,0,D,1,0,4809846,216,1995,11,228.97,91.36
14012,Historical,1724934,0,0,D,0,0,4161930,99.95,2006,13,52.7,73.99
14013,Historical,250650,0,0,D,2,1,2235070,104.95,2009,20,52.7,47.6
14014,Historical,623595,0,0,D,0,0,1008600,126,2006,40,63,36.75
14015,Historical,248051,0,0,D,0,0,112844,74,2010,38,53.09,28.98
14016,Historical,199182,0,0,D,2,1,903154,82,2003,50,53.09,41.45
14017,Historical,606866,0,0,D,5,1,319996,7.89,2003,45,89.07,7.86
14018,Historical,109463,0,0,D,6,1,1485077,7.19,2006,48,89.07,8.48
14019,Historical,262759,0,0,D,6,1,475978,44.95,2009,102,43.3,13.99
14020,Historical,246633,1,3,D,1,0,330357,62.95,2009,40,33.89,43.87
14021,Historical,2577179,0,0,D,3,1,13122714,0,1982,11,62.47,0
14022,Historical,613248,0,0,D,3,1,944615,52,2004,86,41.7,17.68
14023,Historical,157900,0,0,D,0,0,417860,48.95,2002,27,44.85,45.99
14024,Historical,143101,0,0,D,2,1,1398135,94,2007,14,68.98,55.5
14025,Historical,737233,0,0,D,0,0,3645765,57,2003,13,68.98,29.85
14026,Historical,543257,0,0,D,2,1,11859,20,2012,34,17.17,17.62
14027,Historical,634088,0,0,D,3,1,3984814,114.4,2007,17,42.94,91.05
14028,Historical,608590,1,3,D,6,1,872596,212.95,2005,35,46.49,13.63
14029,Historical,634864,0,0,D,0,0,1760331,56.95,2008,25,0,43.99
14030,Historical,890188,0,0,D,0,0,6674796,203.95,2008,16,0,47.97
14031,Historical,541596,0,0,D,2,1,38500,43.95,2006,151,34.52,38.95
14032,Historical,132848,0,0,D,6,1,475194,149.2,2009,63,67.96,39.07
14033,Historical,132002,0,0,D,5,1,846094,112.6,2005,37,67.96,41.88
14034,Historical,53805,0,0,D,8,1,240753,13.49,2005,69,111.5,25.99
14035,Historical,607369,0,0,D,5,1,760257,96.8,2004,33,51.83,45.79
14036,Historical,53803,1,1,D,9,1,42732,51.94,2008,93,111.5,47.39
14037,Historical,1574943,0,0,D,1,0,242520,131.95,2011,28,99.65,58.99
14038,Historical,567631,0,0,D,1,0,715823,142.95,2011,64,33.07,41.99
14039,Historical,110434,0,0,D,4,1,105610,103.94,2010,46,70.48,39.7
14040,Historical,616575,1,1,D,0,0,923246,67.95,2001,43,65.1,22
14041,Historical,177703,1,1,D,2,1,5811896,58.95,2001,24,38.56,19.85
14042,Historical,177721,0,0,D,3,1,1229309,119.95,2005,57,38.56,24.9
14043,Historical,416645,0,0,D,3,1,109976,28.99,2007,44,70.48,30.99
14044,Historical,165819,1,1,D,2,1,1603372,60,2006,32,42.55,43.54
14045,Historical,592331,0,0,D,4,1,1115357,49.95,2008,86,23.41,6.99
14046,Historical,531407,0,0,D,5,1,36957,57.95,2011,93,23.41,27.25
14047,Historical,56415,0,0,D,2,1,218001,67.2,2005,47,53.5,85.51
14048,Historical,778523,0,0,D,1,0,2405449,64.95,2005,29,43.51,11.85
14049,Historical,624364,0,0,D,2,1,198834,110.95,2009,54,43.51,32.75
14050,Historical,572285,0,0,D,4,1,1028269,142.95,2007,28,61.92,38.99
14051,Historical,542051,1,1,D,5,1,816276,163.95,2011,72,61.92,13.94
14052,Historical,618619,1,1,D,4,1,167004,89.28,2005,82,59,52.13
14053,Historical,649070,1,9,D,0,0,643541,30.01,2009,60,0,0
14054,Historical,903319,0,0,D,3,1,5599246,33,2002,15,41.86,61.61
14055,Historical,511884,0,0,D,4,1,1569791,50,2005,17,41.86,19.96
14056,Historical,57815,0,0,D,3,1,61018,79.2,2005,87,127.42,26.61
14057,Historical,57813,0,0,D,4,1,151231,104.6,2009,37,127.42,91.93
14058,Historical,918714,0,0,D,5,1,4184790,44.67,1998,27,36.66,11.64
14059,Historical,287512,0,0,D,6,1,2809343,63.2,2002,23,36.66,8.88
14060,Historical,565928,1,1,D,1,0,813771,169.54,2008,34,79.98,98.99
14061,Historical,580876,1,1,D,2,1,832173,21.5,2003,51,0,0
14062,Historical,196692,0,0,D,1,0,847998,65.95,2011,20,39.76,53.99
14064,Historical,55025,0,0,D,4,1,696203,108,2005,39,82.73,35.85
14065,Historical,871660,0,0,D,5,1,2454119,44.49,2010,15,82.73,45.98
14066,Historical,895997,0,0,D,1,0,4511498,239,2010,14,142.74,148.53
14067,Historical,2403939,0,0,D,2,1,2189354,69.95,1985,36,44.77,31.76
14068,Historical,3471015,0,0,D,2,1,1766024,59.95,1999,25,0,46.97
14069,Historical,2022937,0,0,D,0,0,4074643,59.95,2008,10,33.99,131.19
14070,Historical,284967,1,1,D,1,0,1194967,45.95,2003,12,32.46,30.99
14071,Historical,893890,1,2,D,2,1,3379593,49.95,2005,15,51.46,91.91
14072,Historical,514615,1,2,D,1,0,447967,70,2011,33,42.67,11.54
14073,Historical,643745,0,0,D,0,0,2797295,75,2007,20,78.98,47.85
14074,Historical,292189,0,0,D,3,1,830861,168.95,2006,23,91.41,61.71
14075,Historical,183214,1,2,D,3,1,248389,168.95,2004,44,91.41,58.95
14076,Historical,1719661,1,2,D,1,0,1367425,94,2008,19,95.81,13.99
14077,Historical,310018,0,0,D,2,1,476104,87.25,2004,40,46.89,20.49
14079,Historical,57606,0,0,D,9,1,53504,245.95,2011,113,99.03,43.96
14081,Historical,60248,0,0,D,6,1,3766997,77.95,2004,32,55.24,8.98
14082,Historical,54023,0,0,D,5,1,424099,137.2,2008,88,68.98,9.23
14083,Historical,54020,0,0,D,6,1,80069,168.2,2010,103,68.98,43.05
14084,Historical,51830,1,1,D,14,1,97337,222.25,2010,110,129.22,45.79
14085,Historical,537575,1,2,D,15,1,20141,257,2012,167,129.22,32.56
14086,Historical,52487,0,0,D,13,1,36382,193.27,2010,66,93.99,82.98
14087,Historical,129437,0,0,D,8,1,94793,89.95,2011,66,55.24,26.43
14088,Historical,57603,0,0,D,8,1,498947,260.95,2009,79,99.03,41.87
14089,Historical,157562,0,0,D,1,0,454242,72.95,2009,48,37.18,83.85
14090,Historical,541368,0,0,D,2,1,30238,84.95,2012,82,37.18,44.98
14091,Historical,739089,0,0,D,5,1,6488153,78,1999,17,46.71,22.01
14092,Historical,57644,1,1,D,2,1,134390,167.4,2009,54,53.99,16.51
14093,Historical,607403,1,1,D,7,1,775190,137.4,2007,39,122.8,52.49
14094,Historical,880484,1,5,D,12,1,4520332,98.89,2007,37,105.05,71.53
14095,Historical,52486,0,0,D,12,1,521237,140.2,2006,55,93.99,82.6
14096,Historical,51829,0,0,D,13,1,783168,11.73,2008,104,129.22,11.07
14097,Historical,57601,0,0,D,6,1,1849314,219.95,2005,58,99.03,8.98
14098,Historical,133295,0,0,D,3,1,9594,142.4,2011,87,54.5,85.16
14099,Historical,57269,0,0,D,2,1,169655,101,2009,78,54.5,32.95
14100,Historical,57643,1,1,D,0,0,1806963,134.4,2005,50,53.99,12.88
14101,Historical,533896,0,0,D,7,1,1149925,89.95,2008,89,55.24,7.96
14102,Historical,55387,1,3,D,9,1,382350,272.95,2006,88,120.29,33.98
14103,Historical,53889,1,2,D,12,1,144237,270.95,2007,98,105.05,36.99
14104,Historical,246424,0,0,D,1,0,502662,56.95,2007,46,28.24,13.99
14105,Historical,200414,1,1,D,1,0,255609,77.95,2010,65,38.99,14.98
14106,Historical,132734,1,1,D,6,1,425243,68.8,2009,43,33.94,51.61
14107,Historical,117951,0,0,D,5,1,1413798,53.33,2005,62,33.94,6.99
14108,Historical,531392,0,0,D,4,1,65046,118.95,2010,62,51.38,63.94
14109,Historical,60249,1,1,D,3,1,186108,83.95,2006,84,51.38,8.59
14110,Historical,52811,1,1,D,7,1,143496,71,2008,162,41.34,15.98
14111,Historical,52810,1,2,D,6,1,674535,53.95,2003,111,41.34,4.58
14112,Historical,157863,0,0,D,1,0,5374731,28.95,1996,19,39.09,39.98
14113,Historical,2126991,0,0,D,0,0,4963339,184,2009,13,53.39,119.67
14114,Historical,920972,1,1,D,2,1,1010818,40.95,2003,58,25.96,5.48
14115,Historical,533424,0,0,D,2,1,14201,87.22,2011,85,84.49,57.35
14116,Historical,55385,1,8,D,1,0,363612,29.42,2007,74,84.49,11.02
14117,Historical,198371,0,0,D,3,1,110714,42.95,2008,28,25.82,42.85
14118,Historical,198325,0,0,D,2,1,1542688,29.95,2004,32,25.82,19.99
14119,Historical,2648558,0,0,D,1,0,101958,65.95,1991,26,20.99,50.39
14120,Historical,572549,0,0,D,1,0,3383431,63.95,2001,25,26.93,35.99
14121,Historical,247945,0,0,D,1,0,1419538,105,2007,14,56.61,67.73
14122,Historical,800239,1,1,D,1,0,747521,69.95,2007,32,56.61,33.98
14123,Historical,873547,0,0,D,3,1,792494,172.95,2006,57,88.34,42.91
14124,Historical,765535,0,0,D,2,1,2493866,70.95,2002,31,88.34,22.94
14125,Historical,769027,1,2,D,1,0,73413,179.95,2002,62,105.19,43.2
14126,Historical,2597215,0,0,D,0,0,6088962,24.95,1990,16,38.99,34.17
14128,Historical,243990,0,0,D,5,1,23268,177.95,2012,62,64.69,77
14129,Historical,290891,1,1,D,4,1,89886,176.95,2007,52,64.69,40.37
14130,Historical,630231,1,1,D,0,0,643087,25.95,2005,40,50.94,23.97
14131,Historical,54327,0,0,D,7,1,239570,273.95,2009,66,87.99,44.67
14132,Historical,54328,0,0,D,6,1,834340,288.95,2005,72,87.99,22.9
14133,Historical,169866,0,0,D,7,1,786729,236.95,2009,29,78.5,53.55
14134,Historical,169865,0,0,D,7,1,83702,236.95,2009,58,78.5,96.82
14135,Historical,177717,0,0,D,6,1,562502,259.95,2005,77,78.5,17.99
14136,Historical,169876,0,0,D,7,1,944250,201.95,2009,37,78.5,28.96
14137,Historical,531386,0,0,D,7,1,128259,206.95,2009,55,77.1,49.45
14138,Historical,290951,0,0,D,7,1,2151149,183.95,2009,26,77.1,45.99
14139,Historical,291610,0,0,D,6,1,727155,259.95,2005,104,77.1,22.35
14140,Historical,169877,0,0,D,7,1,1494244,192.95,2009,18,77.1,202.93
14141,Historical,614014,1,2,D,1,0,102873,42.99,2011,69,78.99,31.08
14142,Historical,243901,0,0,D,2,1,41076,93.95,2011,96,53.73,35.99
14143,Historical,537955,1,2,D,1,0,727959,94.95,2008,111,53.73,9.01
14144,Historical,58356,1,1,D,3,1,618805,8.89,2002,60,42.74,8.52
14145,Historical,58358,0,0,D,5,1,81154,70.05,2008,70,42.74,43.97
14146,Historical,58357,0,0,D,4,1,243721,8.92,2005,99,42.74,8.92
14147,Historical,247990,0,0,D,3,1,637036,41,2008,31,30.32,25.49
14148,Historical,913199,0,0,D,0,0,816967,98,1984,27,54.07,43.99
14149,Historical,212863,0,0,D,0,0,1771732,44.95,1999,34,44.96,7.92
14150,Historical,615865,1,1,D,1,0,102308,65.95,2012,43,0,0
14151,Historical,619317,1,2,D,1,0,24387,44.95,2012,47,0,0
14152,Historical,531385,0,0,D,5,1,972884,699,2010,16,368.98,210.24
14153,Historical,902793,0,0,D,2,1,3296854,85,1997,21,71.75,47.52
14154,Historical,192857,1,1,D,3,1,1362008,98,2002,25,71.75,25.98
14155,Historical,248970,0,0,D,4,1,988663,127.95,2007,27,71.75,141.5
14156,Historical,540847,0,0,D,7,1,937358,74.67,2012,29,44.11,218.55
14157,Historical,133129,0,0,D,6,1,139203,50.2,2009,135,44.11,43.79
14158,Historical,533483,0,0,D,7,1,16533,68,2011,114,44.11,38.48
14159,Historical,897502,0,0,D,2,1,1976881,92.4,2008,14,45,1748.3
14160,Historical,132983,1,1,D,3,1,693785,105.8,2010,107,45,26.16
14161,Historical,56369,0,0,D,2,1,1128977,98.2,2007,78,45.81,19.49
14162,Historical,56373,1,1,D,2,1,1445289,64.4,2008,65,49.72,24.37
14163,Historical,56374,0,0,D,3,1,517821,73.8,2010,71,49.72,38.99
14164,Historical,804241,0,0,D,1,0,5440631,103.95,2008,19,95.24,100.51
14165,Historical,224500,0,0,D,5,1,2427690,68.95,2003,28,38.94,19.04
14166,Historical,106173,0,0,D,6,1,1212375,80,2007,31,38.94,63.71
14167,Historical,538269,0,0,D,2,1,902811,84,2011,25,79.17,16.94
14168,Historical,701306,0,0,D,1,0,1723946,75.95,2009,26,79.17,22.94
14169,Historical,619558,0,0,D,2,1,2150192,70.95,2007,28,46.33,35.27
14170,Historical,908522,0,0,D,1,0,3792215,64.95,2004,36,46.33,19.9
14171,Historical,106046,0,0,D,1,0,2281181,79,2006,27,13.97,13.52
14172,Historical,105822,0,0,D,3,1,2519016,59.95,2003,26,28.89,33.99
14173,Historical,106122,0,0,D,4,1,164086,80,2006,58,28.89,37.97
14174,Historical,106334,0,0,D,2,1,228575,95,2007,21,42.26,48.99
14175,Historical,106127,0,0,D,10,1,454121,75,2006,90,20.96,16.39
14176,Historical,606759,0,0,D,12,1,1681763,69.95,2005,47,52.24,34.42
14177,Historical,606803,0,0,D,13,1,322225,93,2009,38,52.24,53.99
14178,Historical,105873,0,0,D,1,0,1045830,85,2004,73,50.32,27.89
14179,Historical,52927,1,2,D,9,1,31832,37.98,2010,196,48.93,33.99
14180,Historical,879897,0,0,D,9,1,1202010,54.85,2009,34,48.93,44.38
14181,Historical,52926,1,3,D,8,1,95541,12.93,2007,173,48.93,11.49
14182,Historical,52925,0,0,D,7,1,1210531,6.99,2004,115,48.93,6.94
14183,Historical,144261,0,0,D,1,0,4740410,38.4,2001,27,13.86,7.73
14184,Historical,127288,0,0,D,0,0,1303215,37.95,2006,29,17.83,12.94
14185,Historical,830607,0,0,D,3,1,2995936,62.95,2003,24,53.46,42.52
14186,Historical,106170,0,0,D,4,1,387430,85,2006,34,53.46,63.26
14187,Historical,248244,0,0,D,3,1,963450,55,2011,28,20.99,23.11
14188,Historical,247957,0,0,D,2,1,1471668,50.95,2008,33,20.99,15.73
14189,Historical,161871,0,0,D,1,0,867280,97.95,2007,38,77.84,19.59
14190,Historical,533765,0,0,D,9,1,242559,255.95,2010,57,143.83,23.99
14191,Historical,51388,1,1,D,7,1,721735,122.95,2004,74,143.83,23.48
14192,Historical,743561,0,0,D,8,1,2099565,175,2004,41,113.98,47.53
14193,Historical,248955,0,0,D,9,1,1434161,199,2007,42,113.98,41.91
14194,Historical,531363,0,0,D,6,1,1842846,181,2008,14,98,133.49
14195,Historical,293154,1,1,D,5,1,2348665,151,2002,13,98,103.99
14196,Historical,2678368,0,0,D,2,1,2831017,135.5,1985,14,132.68,73.39
14197,Historical,116057,0,0,D,6,1,1753988,98.4,2005,43,39.78,9.98
14198,Historical,285876,0,0,D,5,1,1731939,74.35,2001,26,39.78,4.36
14199,Historical,547791,0,0,D,2,1,1746192,111.82,1980,18,90.19,92.73
14200,Historical,203650,1,1,D,1,0,1990355,69.95,2005,37,13.69,9.95
14201,Historical,222234,1,1,D,2,1,353455,80,2010,55,13.69,33.94
14202,Historical,537864,0,0,D,3,1,2250370,100,1994,20,90.19,62.27
14203,Historical,61143,0,0,D,7,1,997334,125.33,2006,51,83.76,10.15
14204,Historical,209349,0,0,D,1,0,2982283,29.95,1998,15,32.88,19.99
14205,Historical,576592,1,1,D,1,0,2640314,62.95,2005,34,52.99,6.48
14206,Historical,200405,1,1,D,2,1,105697,106.95,2008,64,52.99,18.93
14207,Historical,828907,1,1,D,0,0,2910261,49.95,1995,44,39.86,13.94
14208,Historical,158132,0,0,D,2,1,1233574,52.95,2006,29,39.86,23.94
14209,Historical,202218,0,0,D,1,0,2789303,115.95,2000,29,32.31,34.99
14210,Historical,131983,1,1,D,8,1,1259309,126.67,2005,31,79.15,49.68
14211,Historical,247467,1,1,D,0,0,246427,91.95,2005,32,92.15,17.87
14212,Historical,121386,1,1,D,9,1,332320,159,2009,54,79.15,46.05
14213,Historical,616545,1,1,D,4,1,378444,67.95,2009,66,9.99,12.63
14214,Historical,608194,1,2,D,2,1,902772,41.95,2004,59,32.72,23.99
14215,Historical,801466,0,0,D,0,0,3763567,99,2007,16,34.85,45.49
14216,Historical,386442,0,0,D,0,0,395495,51,2007,23,34.85,44.88
14217,Historical,394235,0,0,D,2,1,860106,70.95,2008,54,45.83,21.57
14218,Historical,607383,0,0,D,4,1,2826159,53.4,2006,32,26.93,8.24
14219,Historical,120131,0,0,D,5,1,865325,66.8,2009,61,26.93,9.27
14220,Historical,56609,0,0,D,5,1,337424,96.6,2010,57,19.61,54.75
14221,Historical,56608,0,0,D,4,1,887153,79.6,2007,63,19.61,5.94
14222,Historical,550582,0,0,D,4,1,517129,9.88,2008,81,63.93,30.7
14223,Historical,538483,1,3,D,5,1,171070,27.99,2011,112,63.93,25.99
14224,Historical,911211,0,0,D,2,1,1868463,41.95,1998,21,54.21,15.99
14225,Historical,120628,0,0,D,10,1,248290,153.4,2008,38,5.67,123.05
14226,Historical,113564,1,1,D,9,1,228288,136,2005,48,111.85,41.95
14227,Historical,635112,0,0,D,1,0,398821,39.95,2009,64,0,26.94
14228,Historical,620591,0,0,D,0,0,1261340,59.99,2009,38,46.44,7.4
14229,Historical,572482,1,1,D,2,1,353493,186.95,2005,57,72.99,32.99
14230,Historical,911225,0,0,D,1,0,2981935,74.95,2002,25,31.38,11.04
14231,Historical,3795542,0,0,D,1,0,4168248,51.95,2006,23,0,63.33
14232,Historical,545644,0,0,D,5,1,59862,125.95,2013,92,38.13,19.05
14233,Historical,200646,1,1,D,4,1,424340,119.95,2010,55,38.13,17.99
14234,Historical,632434,0,0,D,2,1,1661402,109,2004,19,102.44,69.77
14235,Historical,621117,0,0,D,1,0,4793767,180.95,2000,24,113.94,8.94
14236,Historical,147934,0,0,D,2,1,632599,322.95,2003,57,113.94,6.83
14237,Historical,737186,0,0,D,0,0,4794904,90,2003,19,102.44,23.98
14238,Historical,2524876,0,0,D,0,0,250509,91.52,1983,19,93.19,117.23
14239,Historical,495614,0,0,D,3,1,1173502,214,2009,26,126.1,119.91
14240,Historical,190798,0,0,D,2,1,3159281,156,2003,17,126.1,51.33
14241,Historical,58291,0,0,D,6,1,576315,199.95,2006,28,84.97,54.38
14242,Historical,58290,0,0,D,5,1,377329,149.95,2002,29,84.97,68.71
14243,Historical,606998,0,0,D,8,1,2669436,7.99,2008,19,40.24,5.99
14244,Historical,907919,0,0,D,9,1,1092388,45.48,2010,15,40.24,17.7
14245,Historical,2007013,0,0,D,0,0,822817,89,2013,14,0,59.68
14246,Historical,167039,0,0,D,9,1,802309,19.98,2005,34,92.01,25.84
14247,Historical,624057,0,0,D,1,0,1079221,85,1994,23,40.82,31.93
14248,Historical,212329,0,0,D,9,1,513087,112.4,2004,21,18.85,114.43
14249,Historical,867987,0,0,D,0,0,994862,38,1988,23,35.94,103.41
14250,Historical,596641,0,0,D,4,1,1806120,7.98,1997,45,39.08,7.97
14251,Historical,1658302,0,0,D,2,1,4205031,81.5,2010,6,19.97,7781.01
14252,Historical,56252,0,0,D,7,1,690371,64.95,2002,48,68.98,41.49
14253,Historical,56253,1,1,D,8,1,149500,96.95,2007,70,68.98,38.99
14254,Historical,2529219,0,0,D,0,0,591532,64.95,1995,24,37.07,61.99
14255,Historical,793761,0,0,D,1,0,2457227,62.95,2004,15,59.98,79.69
14256,Historical,2612111,0,0,D,2,1,3608383,34.99,2000,19,0,61.03
14257,Historical,130113,0,0,D,3,1,699210,96,2001,43,78.99,16.99
14258,Historical,539351,0,0,D,6,1,40125,154.4,2012,43,78.99,86.04
14259,Historical,144709,1,2,D,0,0,4006305,106.2,2003,29,95.12,10.99
14260,Historical,728262,0,0,D,0,0,77711,93,2000,36,95.12,24.63
14261,Historical,2398096,0,0,D,0,0,2884741,70.95,1989,20,134.66,44.97
14262,Historical,2502912,0,0,D,3,1,3173719,115,1998,28,59.99,41.6
14263,Historical,616211,0,0,D,2,1,244222,39.95,2004,50,40.67,30.43
14264,Historical,269373,0,0,D,1,0,329818,83.95,2005,11,59.98,73.67
14265,Historical,531344,0,0,D,2,1,1164643,67.95,2008,22,59.98,68.91
14266,Historical,118927,0,0,D,8,1,1074971,144,2006,70,115.04,32.97
14267,Historical,531343,0,0,D,9,1,492665,164.4,2010,51,115.04,17.74
14268,Historical,533586,0,0,D,7,1,111895,250.95,2012,92,147.94,50.21
14269,Historical,53392,1,1,D,6,1,315457,274.95,2010,55,147.94,40.44
14270,Historical,53394,0,0,D,4,1,981510,252.95,2006,46,147.94,9.98
14271,Historical,531342,0,0,D,4,1,348717,33.99,2006,71,105,23.99
14272,Historical,639073,0,0,D,4,1,2265866,99,2006,10,83.98,18.54
14273,Historical,901415,0,0,D,3,1,3156191,109,2004,20,83.98,30.64
14274,Historical,196687,0,0,D,1,0,1156173,67.95,2007,29,65.39,16.98
14275,Historical,640646,0,0,D,1,0,1382418,134,2006,19,102.17,22.98
14276,Historical,251076,0,0,D,1,0,214762,252.95,2007,30,103.2,17.44
14277,Historical,391431,0,0,D,2,1,3658197,49.99,2000,20,26.88,13.99
14278,Historical,1473279,0,0,D,3,1,2308824,195,2009,15,121.3,237.42
14279,Historical,2419472,0,0,D,2,1,4849350,135,2004,16,121.3,72.97
14280,Historical,551434,0,0,D,0,0,1125143,48.67,1992,25,52.31,13.9
14281,Historical,765991,0,0,D,1,0,2997878,126.95,1998,27,55.86,17.94
14282,Historical,120798,0,0,D,3,1,72777,167.4,2011,30,121.19,97.85
14283,Historical,403114,1,1,D,2,1,200312,146,2006,55,121.19,22.94
14284,Historical,2795664,0,0,D,0,0,4542821,0,1993,18,4.37,23.59
14285,Historical,288643,0,0,D,3,1,348288,144,2006,40,103.99,53.99
14286,Historical,129722,0,0,D,2,1,719187,131.2,1998,64,103.99,23.81
14287,Historical,145316,0,0,D,2,1,532734,143,2006,41,103.99,19.99
14288,Historical,607623,0,0,D,0,0,2524161,118.4,1998,51,103.99,6.94
14289,Historical,164252,1,1,D,1,0,597372,31.96,2003,33,83.7,24.75
14290,Historical,56441,0,0,D,5,1,88696,45.23,2010,58,123.47,52.89
14291,Historical,56446,0,0,D,4,1,921968,54.89,2005,44,123.47,29.73
14292,Historical,177221,0,0,D,2,1,725051,288.95,2004,34,68.89,52.45
14293,Historical,56444,0,0,D,3,1,1822933,10.98,2003,26,123.47,9.49
14294,Historical,607905,1,1,D,3,1,735051,116,2004,29,121.04,55.82
14295,Historical,607637,1,2,D,2,1,155232,97.8,2000,56,121.04,13.9
14296,Historical,556772,0,0,D,2,1,877761,101.8,2002,31,113.99,45.85
14297,Historical,145331,0,0,D,3,1,557369,125,2005,36,113.99,80.17
14298,Historical,550185,0,0,D,2,1,2931165,137.5,2004,27,72.73,58.25
14299,Historical,704326,0,0,D,2,1,5694014,140.5,2004,23,72.73,48.99
14300,Historical,57409,1,1,D,1,0,809868,210.95,2003,34,67.25,43.99
14301,Historical,245020,0,0,D,2,1,2099890,134.95,2004,30,53.98,44.51
14302,Historical,202205,0,0,D,1,0,2635335,117.95,1999,25,53.98,23.97
14303,Historical,759862,0,0,D,1,0,1502103,120,2001,28,50.76,45.34
14304,Historical,619038,0,0,D,1,0,992915,69.99,2002,33,30.42,38.96
14305,Historical,539265,0,0,D,6,1,63730,122.8,2012,67,89.79,75.49
14306,Historical,121587,0,0,D,5,1,878476,101.8,2010,95,89.79,18.97
14307,Historical,243779,1,1,D,5,1,532124,169,2011,30,0,22.99
14308,Historical,108688,1,1,D,3,1,1421022,18.79,2005,29,150.18,12.59
14309,Historical,225777,0,0,D,1,0,1236305,89.95,2003,19,82,11.99
14310,Historical,697152,0,0,D,0,0,3847504,97.65,1997,25,49.93,33.99
14311,Historical,308332,0,0,D,2,1,661394,0,2000,61,49.93,45.4
14312,Historical,607108,0,0,D,4,1,743926,69.95,2005,25,32.04,16.49
14313,Historical,609662,0,0,D,3,1,3799980,56.95,1998,21,32.04,40.77
14314,Historical,607342,0,0,D,10,1,873779,179.33,2005,47,123.98,13.99
14315,Historical,118294,0,0,D,12,1,107584,228.8,2011,36,123.98,113.43
14316,Historical,606865,0,0,D,4,1,3546603,103.75,2001,21,78.98,10.49
14317,Historical,108782,0,0,D,5,1,499496,71.39,2005,41,78.98,46.87
14318,Historical,55384,0,0,D,5,1,31316,192.8,2009,60,137.41,53.99
14319,Historical,54640,1,4,D,9,1,293081,289.95,2009,85,168.46,45
14320,Historical,54642,1,2,D,8,1,142633,305.95,2007,107,168.46,14.82
14321,Historical,55383,1,1,D,4,1,180934,99,2004,34,137.41,28.96
14322,Historical,620245,0,0,D,2,1,193080,197.95,2011,65,10.1,10.59
14323,Historical,585164,0,0,D,0,0,1291808,92,1999,16,0,26.99
14324,Historical,211033,1,6,D,12,1,462384,38.95,2010,180,29.55,6.99
14325,Historical,533488,1,7,D,13,1,24952,45.95,2012,105,29.55,9.82
14326,Historical,54525,0,0,D,12,1,78371,42.95,2010,204,29.55,9.32
14327,Historical,912403,0,0,D,1,0,760368,45.95,2008,31,32.22,14.98
14328,Historical,625370,0,0,D,0,0,1422792,59.95,2007,21,85.52,30.95
14329,Historical,2659147,0,0,D,5,1,2057051,79.99,2004,29,72.92,17.98
14330,Historical,616073,1,1,D,1,0,22958,46,1993,127,17.23,28.93
14331,Historical,796283,0,0,D,1,0,540096,19.99,2005,59,33.46,11.98
14332,Historical,58048,0,0,D,9,1,1275340,99.25,2002,17,121.66,73.73
14333,Historical,58050,1,1,D,9,1,2541830,139,2003,25,121.66,80.61
14334,Historical,58051,1,1,D,10,1,310556,73.96,2007,71,121.66,45.93
14335,Historical,53396,0,0,D,5,1,529280,148.95,2005,33,116.99,42.57
14336,Historical,53397,0,0,D,6,1,319311,259.95,2008,43,23.24,54.75
14337,Historical,123109,0,0,D,0,0,253062,14,1998,419,81.98,8.39
14338,Historical,122909,0,0,D,0,0,3855,14,1998,602,81.98,8.31
14339,Historical,131706,0,0,D,8,1,1294280,83.6,2003,41,67.35,35.99
14340,Historical,515874,0,0,D,7,1,1296259,65.6,2000,30,67.35,16.51
14341,Historical,60254,0,0,D,9,1,407944,104.6,2006,57,105.84,36.99
14342,Historical,132632,0,0,D,10,1,98140,125.4,2008,32,105.84,223.55
14343,Historical,638129,1,1,D,1,0,857219,54,2009,39,23.92,70.77
14344,Historical,772870,0,0,D,6,1,2933374,70.41,2009,16,43.89,45.28
14345,Historical,608786,0,0,D,6,1,1146886,126.95,2008,48,43.89,4.99
14346,Historical,229183,0,0,D,0,0,402115,51,2009,25,33.78,24.92
14347,Historical,270673,0,0,D,2,1,261082,54,2009,51,4,9.13
14348,Historical,606977,1,1,D,2,1,522969,139.9,2007,21,23.94,53.99
14349,Historical,109684,1,1,D,2,1,491690,53,2005,74,23.94,43.94
14350,Historical,340198,0,0,D,3,1,736714,31.99,2004,27,60.83,27.49
14351,Historical,218494,0,0,D,3,1,2773944,109,1999,22,71.3,51.38
14352,Historical,175147,0,0,D,0,0,817730,129.99,2001,42,67.68,17.85
14353,Historical,2609383,0,0,D,1,0,1601242,104.99,2000,27,38.98,55.2
14354,Historical,339431,1,1,D,1,0,3350412,128.95,2008,19,91.74,28.99
14355,Historical,176926,0,0,D,2,1,143470,165.95,2003,45,0,69.96
14356,Historical,199172,0,0,D,1,0,545871,47.95,2003,51,57.75,6.99
14357,Historical,248251,0,0,D,2,1,408930,63,2010,39,57.75,35.06
14358,Historical,2528331,0,0,D,1,0,3318743,32.5,1994,26,52.02,33.98
14359,Historical,55381,1,1,D,6,1,90693,98.09,2009,79,66.75,70.11
14360,Historical,261261,0,0,D,2,1,260068,41,1997,84,34.82,10.99
14361,Historical,2867191,0,0,D,1,0,2749946,68.95,1993,19,87.08,44.91
14362,Historical,713276,0,0,D,1,0,1652782,57.99,2001,35,23.94,34.98
14363,Historical,912047,0,0,D,1,0,2615440,59.95,2000,15,26.31,90.19
14364,Historical,105919,0,0,D,8,1,251705,49.95,2004,45,37.28,13.96
14365,Historical,789027,0,0,D,6,1,213852,155.99,2005,9,57.97,50.75
14366,Historical,522470,0,0,D,3,1,1607296,449,2009,12,262.94,152.48
14367,Historical,262682,0,0,D,0,0,2296647,44.95,2005,19,22.35,18.99
14368,Historical,637601,0,0,D,5,1,121399,137.95,2013,34,73.99,41.98
14369,Historical,57052,1,1,D,5,1,88683,133.95,2011,152,73.99,32.55
14370,Historical,57053,0,0,D,4,1,106439,129.95,2007,203,73.99,13.98
14371,Historical,259835,0,0,D,0,0,2709539,79,2002,26,63.94,28.99
14372,Historical,525493,0,0,D,4,1,1014000,185.95,2009,93,9.9,19.89
14373,Historical,245204,0,0,D,3,1,3772242,204.95,2005,31,9.9,5.28
14374,Historical,643499,0,0,D,1,0,2757144,60.95,2007,23,39.34,38.98
14375,Historical,609631,0,0,D,4,1,700320,185.95,2010,67,41.01,28.99
14376,Historical,609486,0,0,D,3,1,2465861,204.95,2005,35,41.01,13.97
14377,Historical,253847,1,2,D,4,1,86194,134.95,2009,183,43.33,18.38
14378,Historical,245201,0,0,D,3,1,491581,134.95,2005,109,43.33,16.98
14379,Historical,1864423,0,0,D,3,1,1642162,20.95,2007,2,93.02,5.48
14380,Historical,533981,0,0,D,3,1,183574,220.95,2007,121,93.02,9.07
14381,Historical,60255,0,0,D,2,1,641197,241.95,2003,73,93.02,56.57
14382,Historical,531303,0,0,D,2,1,1191110,137.95,2009,54,38.9,16.99
14383,Historical,245051,0,0,D,5,1,407878,164.95,2004,84,26.83,29.08
14384,Historical,58042,1,2,D,5,1,35283,197.95,2010,72,148.98,116.41
14385,Historical,58044,1,10,D,4,1,40115,197.95,2008,64,148.98,57.75
14386,Historical,751511,0,0,D,1,0,1286085,65,2009,16,43.96,40.98
14387,Historical,567381,0,0,D,8,1,634401,146.95,2007,44,40.23,48.85
14388,Historical,559903,0,0,D,7,1,197162,73.95,2001,61,40.23,20.91
14389,Historical,55377,1,1,D,10,1,1494164,252.95,2004,60,8.74,12.92
14390,Historical,178139,0,0,D,10,1,1164165,210.95,2005,32,8.74,28.19
14391,Historical,597973,1,1,D,3,1,311914,53.95,2007,28,0,0
14392,Historical,827192,0,0,D,9,1,1405630,40.95,1982,19,57.54,32.88
14393,Historical,249904,0,0,D,1,0,1011965,88.95,2006,29,38.19,9.95
14394,Historical,531299,0,0,D,2,1,700083,159.99,2008,30,99.16,93.38
14395,Historical,246271,0,0,D,0,0,2814749,164.99,2003,15,99.16,129.34
14396,Historical,592353,0,0,D,3,1,156975,119,2009,110,83.99,18.99
14397,Historical,147050,0,0,D,1,0,400220,201,2004,17,118.98,128.99
14398,Historical,774914,0,0,D,2,1,4525374,219,2001,12,59.93,22.98
14399,Historical,2678616,0,0,D,1,0,4055467,190,1991,11,59.93,95.82
14400,Historical,254027,0,0,D,4,1,225617,49.95,2011,76,31.74,26.69
14401,Historical,609575,1,1,D,3,1,813231,42.95,2008,55,31.74,6.75
14402,Historical,248794,0,0,D,2,1,630810,36.95,2005,20,31.74,26.76
14403,Historical,147451,1,1,D,7,1,122373,84.95,2007,32,47.72,33.6
14404,Historical,146928,0,0,D,6,1,1723766,68.95,2002,54,47.72,18.99
14405,Historical,56968,1,3,D,3,1,71220,94.6,2010,111,42.51,25.98
14406,Historical,545266,0,0,D,4,1,43817,86.95,2011,115,29.54,28.98
14407,Historical,574487,1,1,D,3,1,700031,72.95,2005,106,29.54,22.96
14408,Historical,625163,0,0,D,3,1,430044,64.95,2003,29,59.21,54.46
14409,Historical,614532,0,0,D,2,1,789111,106.95,2006,52,26.03,13.98
14410,Historical,905735,0,0,D,2,1,596575,49.95,2007,18,29.64,94.9
14411,Historical,621275,1,1,D,3,1,875797,49.95,2009,16,29.64,58.93
14412,Historical,2678972,0,0,D,4,1,5632525,47,1992,20,53.22,82.99
14413,Historical,832139,0,0,D,7,1,565834,79,1999,21,127.91,33.94
14414,Historical,147109,0,0,D,8,1,1912625,108,2004,26,13.49,32.29
14415,Historical,651108,0,0,D,1,0,2229334,98.99,2008,16,68.13,68.44
14416,Historical,749504,0,0,D,1,0,1789734,95,2004,23,38.74,23.5
14417,Historical,616761,1,2,D,2,1,404190,237,2005,66,128.99,38.99
14418,Historical,628092,0,0,D,1,0,1101285,140,2002,31,128.99,43.49
14419,Historical,2678495,0,0,D,0,0,7431418,70.5,1988,14,91.05,0
14420,Historical,804026,0,0,D,2,1,1688142,462.95,2008,18,216.98,418.67
14421,Historical,909337,0,0,D,2,1,2162547,51.95,2000,27,0,48.97
14422,Historical,640550,0,0,D,1,0,1842405,211,2009,22,108.28,109.58
14423,Historical,192089,0,0,D,4,1,661439,20,2006,59,80.17,22.9
14424,Historical,285674,0,0,D,2,1,538582,94.95,2010,29,63.92,15.96
14425,Historical,252612,0,0,D,5,1,338723,47.09,2009,38,80.17,33.99
14426,Historical,113420,1,1,D,2,1,150297,381.95,2002,23,70.92,44.98
14427,Historical,648132,0,0,D,5,1,1177800,72.95,1990,21,79.67,23.48
14429,Historical,613612,1,2,D,0,0,651405,109.99,2011,207,100.94,28.88
14430,Historical,221853,0,0,D,2,1,5812068,249.95,1999,18,59.98,99.97
14431,Historical,164902,0,0,D,5,1,873437,38.45,2000,42,132.94,33.31
14432,Historical,196621,0,0,D,1,0,2083252,57.95,2001,33,46.75,14.94
14433,Historical,130045,0,0,D,1,0,604747,79.99,2004,41,51.88,12.06
14434,Historical,762305,0,0,D,4,1,7897896,80,2007,17,127.48,129.55
14435,Historical,165465,0,0,D,4,1,6168979,195,2003,15,127.48,170.97
14436,Historical,697030,0,0,D,0,0,4736980,109.75,1997,23,31.24,31.44
14437,Historical,52568,0,0,D,7,1,85952,170.95,2007,128,135.41,40.79
14438,Historical,52569,1,3,D,8,1,15582,157.95,2011,100,135.41,44.7
14439,Historical,244017,1,1,D,8,1,363251,165.95,2011,51,135.41,69.86
14440,Historical,169559,0,0,D,6,1,392399,196.95,2006,73,135.41,21.92
14441,Historical,266247,0,0,D,1,0,423612,89.95,2012,60,75.68,43.98
14442,Historical,668189,0,0,D,1,0,1963142,220,2002,23,154.95,100.8
14443,Historical,341945,1,1,D,0,0,147137,54.95,1997,168,29.94,11.09
14444,Historical,749691,0,0,D,1,0,2445425,133,2007,14,55.01,98.99
14445,Historical,109547,1,1,D,0,0,1258685,47.98,2005,22,53.98,22.11
14446,Historical,591331,0,0,D,1,0,1728425,134.95,2004,60,56.3,5.42
14447,Historical,552196,0,0,D,2,1,2580790,57.6,2005,37,26.93,13.78
14448,Historical,125911,1,1,D,0,0,302987,139,2001,32,138.99,81.51
14449,Historical,108564,1,1,D,13,1,1454277,0,2003,27,218.41,52.16
14450,Historical,109842,0,0,D,14,1,71469,217.57,2009,38,218.41,169.91
14451,Historical,166700,1,1,D,2,1,1384345,175,2006,13,66.57,127.99
14452,Historical,2376486,0,0,D,6,1,4715225,87,1985,31,88.63,35.34
14453,Historical,162536,0,0,D,8,1,337064,44.44,2008,49,18.98,49.31
14454,Historical,543919,1,5,D,9,1,114663,66.01,2013,57,18.98,39.31
14455,Historical,290650,0,0,D,7,1,862429,77.51,2005,30,18.98,72.57
14456,Historical,2343504,0,0,D,2,1,2835221,92.23,1980,26,55.27,52.19
14457,Historical,56393,1,3,D,5,1,1017434,114,2003,42,65.62,25.72
14458,Historical,258471,0,0,D,2,1,137353,90,2010,34,64.31,37.95
14459,Historical,1867242,0,0,D,0,0,3367168,132.95,2007,13,92.43,154.96
14460,Historical,225957,1,1,D,1,0,1544428,104.95,1997,16,74.57,51.25
14461,Historical,639789,0,0,D,1,0,386389,54.99,2012,52,26.92,39.14
14462,Historical,827057,0,0,D,0,0,3993569,40,2000,22,48.08,44.2
14463,Historical,205593,0,0,D,2,1,2074318,45,1997,33,23.97,6.79
14464,Historical,830218,0,0,D,2,1,3742078,59,1996,24,52.98,23.84
14465,Historical,247725,0,0,D,1,0,411554,53.95,2006,76,40.38,43.76
14466,Historical,828427,0,0,D,2,1,2561438,47,1997,32,56.49,8.95
14467,Historical,294363,0,0,D,3,1,691815,56,2005,22,56.49,33.99
14468,Historical,545010,0,0,D,4,1,24954,81,2012,97,70.38,54.46
14469,Historical,410088,0,0,D,3,1,678208,65,2007,58,70.38,58.25
14470,Historical,108223,0,0,D,2,1,276923,26.89,2002,36,82.02,67.24
14471,Historical,107288,0,0,D,0,0,1009974,10.55,1999,34,82.02,78.85
14472,Historical,577419,1,1,D,3,1,333686,91.99,2006,70,60.6,20.42
14473,Historical,166889,0,0,D,2,1,249673,110,2007,88,22.32,48.5
14474,Historical,162928,0,0,D,6,1,438518,46.54,2010,47,71.51,42.51
14475,Historical,620329,0,0,D,5,1,838663,43.78,2006,45,71.51,24.23
14476,Historical,164329,0,0,D,4,1,822590,11.92,2003,48,71.51,11.91
14477,Historical,2661655,0,0,D,2,1,2272241,70,1997,15,119.78,53.91
14478,Historical,120517,0,0,D,3,1,644851,92,1997,20,119.78,100.34
14479,Historical,196581,1,1,D,1,0,1637549,69.95,2006,20,28.34,45.11
14480,Historical,2541180,0,0,D,1,0,5516993,69.95,2004,15,56.84,78.22
14481,Historical,293471,0,0,D,1,0,2748572,75.95,2003,18,56.63,69.85
14482,Historical,537866,1,2,D,1,0,120645,210.95,1992,100,94.97,47.56
14483,Historical,824717,0,0,D,1,0,1094442,33,1995,46,43.59,7.92
14484,Historical,205779,0,0,D,2,1,394970,50,2001,56,43.59,18.4
14485,Historical,592015,0,0,D,4,1,1394867,59.95,2006,53,67.34,18.92
14486,Historical,544953,0,0,D,5,1,341692,75,2010,61,67.34,18.98
14487,Historical,609429,0,0,D,2,1,1410845,45,2003,64,57.99,8.74
14488,Historical,608945,0,0,D,3,1,211547,67,2003,41,57.99,33.44
14489,Historical,619233,0,0,D,2,1,997567,69,2004,28,33.38,18.98
14490,Historical,145844,0,0,D,5,1,54778,162.6,2009,34,43.99,43.59
14491,Historical,607906,0,0,D,4,1,1505239,105,2004,52,43.99,31.34
14492,Historical,846716,0,0,D,3,1,5658431,95,1994,17,61.99,59.57
14493,Historical,853301,1,1,D,4,1,438690,90.84,2002,45,89.28,37.98
14494,Historical,531270,0,0,D,5,1,207920,81.83,2007,52,89.28,64.81
14495,Historical,761185,0,0,D,2,1,834268,65,2005,86,48.48,30.92
14496,Historical,620252,0,0,D,1,0,456496,55.95,2010,108,33.95,46.39
14497,Historical,278053,1,1,D,1,0,194242,44.95,2003,98,28.79,25.99
14498,Historical,1651355,0,0,D,0,0,1904634,59.95,2007,17,64.38,6.59
14499,Historical,1463000,0,0,D,6,1,2569150,96,2008,27,66.01,42.71
14500,Historical,922805,1,2,D,1,0,109315,55.08,1991,125,26.95,26.98
14501,Historical,697576,1,3,D,2,1,701555,51.15,1997,35,52.98,71.29
14502,Historical,616427,1,2,D,0,0,72799,43.5,1991,42,0,0
14503,Historical,2571664,0,0,D,2,1,3715538,185,1994,20,61.9,13.98
14504,Historical,290680,0,0,D,1,0,1465725,75,2000,21,17.25,36
14505,Historical,179189,0,0,D,9,1,334890,290.95,2009,78,186.09,27.99
14506,Historical,60258,0,0,D,8,1,1133592,312.95,2006,89,186.09,11.39
14507,Historical,58038,1,1,D,6,1,17756,241.75,2011,99,207.07,91.95
14508,Historical,58039,1,2,D,5,1,369482,44.11,2007,125,207.07,27.68
14509,Historical,2253570,1,1,D,6,1,1532224,47.07,2008,37,0,40.71
14510,Historical,110767,1,2,D,6,1,168972,33.99,2008,103,101.49,33.38
14511,Historical,534087,1,1,D,5,1,1826931,152.5,2007,73,101.49,31.76
14512,Historical,1657115,0,0,D,1,0,4397179,95.48,2006,12,59.8,55.41
14513,Historical,641662,0,0,D,1,0,1316505,40.95,2006,26,37.99,37.27
14515,Historical,115393,1,1,D,3,1,3374844,48,2002,34,26,28.95
14516,Historical,713564,0,0,D,2,1,5511644,44.33,1998,14,26,7.98
14517,Historical,265144,0,0,D,1,0,2685575,75,2006,22,24.48,45.35
14518,Historical,828987,0,0,D,2,1,2013503,49.95,2002,47,16.83,7
14519,Historical,52063,1,1,D,8,1,233048,15.93,2008,66,33.76,21.99
14520,Historical,3231754,0,0,D,7,1,3481648,85.49,2004,35,0,75.46
14521,Historical,52064,0,0,D,7,1,1984348,38.58,2005,51,33.76,38.5
14522,Historical,247668,0,0,D,2,1,453943,67,2006,35,34.95,43.9
14523,Historical,910060,0,0,D,1,0,275230,155.95,2008,23,91.99,37.99
14524,Historical,499543,0,0,D,9,1,312217,76.95,2011,41,58.96,48.99
14525,Historical,143518,0,0,D,1,0,1413185,175,2011,27,109.78,21.89
14526,Historical,50917,0,0,D,8,1,15116,237.6,2010,91,181.35,199.27
14527,Historical,50916,0,0,D,6,1,1066975,113.33,2006,29,181.35,75.75
14528,Historical,50915,0,0,D,7,1,88825,144,2006,112,181.35,43.34
14529,Historical,2834973,0,0,D,0,0,1392987,53.95,2003,25,39.96,33.86
14530,Historical,118921,1,5,D,1,0,481715,103,2009,36,78.99,13.72
14531,Historical,878627,0,0,D,5,1,356618,81.9,2009,48,116.37,58.85
14532,Historical,252604,1,2,D,8,1,61284,34.98,2008,116,116.36,33.53
14533,Historical,55757,1,2,D,7,1,248020,18.97,2005,116,116.36,12.83
14534,Historical,55758,1,7,D,8,1,198917,28.97,2008,110,116.36,21.16
14535,Historical,546067,1,2,D,6,1,24467,182.69,2011,79,116.37,60.36
14536,Historical,533947,1,2,D,5,1,68916,30.58,2008,78,116.37,30.58
14537,Historical,116782,0,0,D,2,1,1131710,59.99,2004,38,33.97,18.88
14538,Historical,132221,0,0,D,5,1,711979,116.2,2006,33,67.69,25.99
14539,Historical,144260,0,0,D,4,1,1884070,93,2002,41,67.69,11.28
14540,Historical,51045,0,0,D,7,1,268960,154,2008,41,82.21,49.85
14541,Historical,51043,0,0,D,6,1,645710,132,2004,51,82.21,29.79
14542,Historical,873395,0,0,D,0,0,1575145,93,2004,30,58.57,11.99
14543,Historical,617655,0,0,D,2,1,421992,109,2008,49,58.57,36.99
14544,Historical,1538126,0,0,D,1,0,4244489,37.5,2006,17,16,46.28
14545,Historical,607029,0,0,D,19,1,3143714,4,2008,26,15.21,4
14546,Historical,111971,0,0,D,21,1,833622,6.28,2010,35,15.21,6.39
14547,Historical,121366,1,1,D,2,1,262843,52.8,2010,55,42.93,87.87
14548,Historical,131771,0,0,D,1,0,689898,40,2005,34,42.93,15
14549,Historical,52206,1,1,D,5,1,339720,154,2007,232,68.62,8.01
14550,Historical,540146,1,3,D,7,1,6476,236.8,2013,125,68.62,54.99
14551,Historical,52207,1,3,D,6,1,35590,187.2,2010,219,68.62,14.97
14552,Historical,248239,0,0,D,5,1,16112,88,2011,56,52.87,28.98
14553,Historical,247920,1,2,D,4,1,45758,74,2007,70,52.87,26.82
14554,Historical,212955,0,0,D,4,1,1771078,102.95,2002,51,81.47,42.89
14555,Historical,289702,0,0,D,6,1,2744213,80,2000,20,51.99,31.94
14556,Historical,907735,0,0,D,5,1,9522329,69.95,1996,22,51.99,49.31
14557,Historical,132561,0,0,D,7,1,125213,147.4,2008,49,89.48,38.93
14558,Historical,131758,0,0,D,6,1,1038673,111.6,2004,64,89.48,17.82
14559,Historical,312190,0,0,D,2,1,494669,97.95,2005,57,64.05,38.99
14560,Historical,533546,0,0,D,11,1,60034,273.95,2011,92,179.97,64.87
14561,Historical,53866,1,3,D,9,1,230790,165.95,2005,67,179.97,38.4
14562,Historical,53864,1,2,D,10,1,69392,289.95,2008,74,179.97,34.98
14563,Historical,53628,1,3,D,4,1,61857,142.6,2006,231,118.87,15.24
14564,Historical,2851299,0,0,D,2,1,4807890,216,2005,12,180.75,84.94
14565,Historical,50206,1,1,D,8,1,290731,119.95,2006,142,91.76,18.99
14566,Historical,50205,0,0,D,9,1,61285,133.95,2010,144,91.76,23.75
14567,Historical,641469,0,0,D,3,1,441427,76.95,2010,21,46.99,25
14568,Historical,278228,1,1,D,4,1,417092,49.95,2002,42,45.17,4.23
14569,Historical,537854,1,1,D,8,1,191634,233.4,2011,88,162.5,58.6
14570,Historical,552904,0,0,D,1,0,1278896,181.33,2006,42,143.9,27.17
14571,Historical,146293,1,1,D,2,1,140727,233.4,2010,101,143.9,11.79
14572,Historical,741324,1,1,D,1,0,2643220,170.67,2007,31,111.99,41.21
14573,Historical,145157,0,0,D,7,1,240758,181.33,2007,65,162.5,62.51
14574,Historical,617152,1,1,D,2,1,396689,212.33,2009,56,111.99,70.85
14575,Historical,55018,0,0,D,6,1,336891,160.95,2009,50,98.34,53.11
14576,Historical,55017,0,0,D,5,1,1020162,103.95,2006,51,98.34,9.32
14577,Historical,533451,0,0,D,7,1,39402,145.95,2012,70,98.34,65.48
14578,Historical,451803,0,0,D,8,1,191965,78.96,2009,43,102.05,72.27
14579,Historical,649507,0,0,D,1,0,117030,180.75,2013,39,0,62.98
14580,Historical,348729,0,0,D,7,1,176806,18.97,2006,51,102.05,21.99
14581,Historical,531245,0,0,D,5,1,149889,19.8,2005,63,80.65,17.98
14582,Historical,641719,0,0,D,5,1,343290,90,2005,31,53.99,21.03
14583,Historical,2678969,0,0,D,2,1,6879250,155,1992,12,90.97,76.49
14584,Historical,121201,1,1,D,5,1,89391,138.6,2010,79,107.23,16.44
14585,Historical,118826,1,3,D,4,1,324913,104,2006,53,107.23,9.99
14586,Historical,544364,1,2,D,5,1,105767,195.95,2013,56,115.33,86.53
14587,Historical,243866,1,1,D,4,1,594358,207.95,2010,79,115.33,57.75
14588,Historical,591367,0,0,D,3,1,1204105,139.95,2006,58,115.33,11.99
14589,Historical,658723,0,0,D,0,0,3695279,77.95,2007,15,30.58,13.99
14590,Historical,126732,0,0,D,0,0,1719681,55.95,2007,42,30.58,31.88
14591,Historical,607708,0,0,D,9,1,494822,100.2,2004,21,45.77,33.92
14592,Historical,622316,0,0,D,8,1,5110226,31.5,2001,20,45.77,37.99
14593,Historical,55297,0,0,D,9,1,351999,99.27,2010,66,85.2,52.61
14594,Historical,53269,0,0,D,7,1,1582264,82.8,2005,27,7.99,41.06
14595,Historical,58375,0,0,D,9,1,1395745,105.6,2006,57,59.1,18.43
14596,Historical,58376,0,0,D,10,1,253066,126.6,2009,84,59.1,46.89
14597,Historical,261571,0,0,D,6,1,1161432,0,2002,21,0,0
14598,Historical,55296,0,0,D,8,1,489077,102.6,2007,51,85.2,23.99
14599,Historical,478863,0,0,D,8,1,906173,399,2008,26,155.74,33.98
14600,Historical,531242,0,0,D,3,1,479147,39.95,2010,31,24.63,24.86
14601,Historical,1771525,0,0,D,3,1,569600,44.95,2010,25,23.96,28.95
14602,Historical,1749351,0,0,D,2,1,2904918,44.95,2008,18,23.96,27.93
14603,Historical,367147,0,0,D,1,0,2426520,73.99,2007,28,37.55,12.99
14604,Historical,206087,0,0,D,0,0,318813,45,2005,34,38.99,11.14
14605,Historical,3612445,0,0,D,1,0,2865150,37,1991,47,0,9.02
14606,Historical,287573,1,1,D,7,1,323694,132,2007,42,158.8,13.98
14607,Historical,121274,0,0,D,8,1,63166,181.8,2011,69,158.8,62.39
14608,Historical,2551448,0,0,D,1,0,1496460,149,2003,12,148.94,68.99
14609,Historical,192807,1,1,D,1,0,2417987,215,2002,21,128.84,63.48
14611,Historical,3104040,0,0,D,3,1,3078472,350,2005,13,321.34,79.22
14612,Historical,139562,0,0,D,2,1,2808292,39.95,1996,34,38.87,15.52
14613,Historical,233737,1,6,D,4,1,192812,142,2000,123,32.97,66.49
14614,Historical,626198,1,1,D,1,0,1329145,229,2007,32,0,64.74
14615,Historical,645187,0,0,D,3,1,1418394,151.95,2008,19,82.11,238.51
14616,Historical,889619,0,0,D,2,1,1131139,320,2002,13,240.84,253.81
14617,Historical,774435,0,0,D,1,0,3087110,335,2005,22,192.04,73.29
14618,Historical,159526,0,0,D,3,1,1298186,499.95,2007,11,277.54,73.85
14619,Historical,192530,0,0,D,1,0,175776,279,2004,20,183.24,155.95
14620,Historical,547140,1,2,D,2,1,985040,339,2009,22,183.24,119.97
14621,Historical,298367,0,0,D,1,0,2547573,319,2005,15,165.71,99.98
14622,Historical,859837,0,0,D,2,1,155235,339,2009,23,155.89,88.88
14623,Historical,634293,0,0,D,1,0,2449054,279,2001,32,221.4,50.22
14625,Historical,618664,1,1,D,2,1,812559,149.5,1997,27,87.98,15.99
14626,Historical,648932,0,0,D,1,0,1262640,299,2011,23,0,0
14627,Historical,789685,0,0,D,1,0,2972693,216,2009,15,145.09,50.94
14628,Historical,646355,0,0,D,1,0,1397506,299,2010,18,0,0
14629,Historical,649067,0,0,D,1,0,866759,299,2009,19,0,0
14630,Historical,640016,0,0,D,1,0,532640,329,2011,17,0,0
14631,Historical,643922,0,0,D,1,0,969347,299,2010,20,0,0
14632,Historical,2678491,0,0,D,2,1,5681207,89,1987,15,10.97,63.63
14633,Historical,192851,0,0,D,4,1,3898845,149,2004,11,10.97,78.86
14634,Historical,635134,0,0,D,5,1,1067981,489.99,2009,35,237.98,79.17
14635,Historical,873168,0,0,D,6,1,2232673,39.96,2006,39,71.99,34.87
14636,Historical,873271,0,0,D,6,1,1673784,42.55,2007,59,71.99,35.98
14637,Historical,118161,0,0,D,6,1,58854,84.2,2007,31,71.99,23.99
14638,Historical,909461,1,2,D,3,1,2002118,0,2004,17,137.85,40.98
14639,Historical,298876,0,0,D,8,1,262894,102,2010,30,0,36.95
14640,Historical,616762,0,0,D,7,1,869080,84.95,2005,44,15.98,15.94
14641,Historical,2363402,0,0,D,1,0,3102606,130,2004,15,91.99,73.97
14642,Historical,55293,0,0,D,7,1,55426,103.4,2010,81,55.89,39.67
14643,Historical,55292,1,1,D,6,1,774950,83.6,2008,81,55.89,8.7
14644,Historical,756125,0,0,D,9,1,2456659,154.95,2011,21,91.95,44.27
14645,Historical,56440,0,0,D,8,1,1067579,7.92,2008,98,91.95,9.33
14646,Historical,3595804,0,0,D,1,0,525257,60,1992,63,0,38.97
14647,Historical,833248,0,0,D,0,0,442772,109,1991,48,115.99,69.57
14648,Historical,2786816,0,0,D,1,0,2535995,60,1991,25,40.98,46.96
14649,Historical,869145,1,1,D,7,1,338949,24,2006,13,32.82,31.94
14650,Historical,266980,0,0,D,7,1,120599,86,2007,24,32.82,53.94
14651,Historical,178118,0,0,D,8,1,340914,74.95,2006,28,0,20.66
14652,Historical,891857,0,0,D,3,1,9115329,75,2007,11,81.85,54.13
14653,Historical,917654,0,0,D,1,0,1730096,65,1996,33,47.91,13.99
14654,Historical,907129,0,0,D,2,1,2435090,92.95,1998,30,62,16.98
14655,Historical,3512466,0,0,D,2,1,784088,69.95,1986,18,0,69.91
14656,Historical,371004,1,1,D,2,1,464249,99.95,2000,29,149.98,73.45
14657,Historical,200074,1,1,D,3,1,176188,140.95,2005,19,149.98,103.97
14658,Historical,192791,0,0,D,3,1,963641,65.95,2000,47,68.98,25.91
14659,Historical,608924,0,0,D,4,1,109547,84.95,2006,36,68.98,28.99
14660,Historical,203528,0,0,D,3,1,4021444,69.95,2002,29,45.95,45.51
14661,Historical,203911,0,0,D,4,1,1355101,72,2007,29,45.95,12.98
14662,Historical,192779,1,2,D,4,1,1047417,38.95,2000,48,42.08,13.43
14663,Historical,615718,0,0,D,3,1,2186737,39,1996,35,42.08,9
14664,Historical,2372735,0,0,D,0,0,3345886,22.67,2001,13,0,0
14665,Historical,114887,0,0,D,3,1,544751,144.2,2003,56,113.99,34.99
14666,Historical,116992,0,0,D,4,1,49484,205,2007,60,113.99,49.7
14667,Historical,712156,0,0,D,0,0,3935153,105,2001,11,81.07,84.88
14668,Historical,114539,1,3,D,3,1,14036,196.2,2007,50,65.52,83.98
14669,Historical,60268,0,0,D,2,1,103819,133.33,2004,40,98.26,47.99
14670,Historical,874654,0,0,D,1,0,1502652,112,2000,31,98.26,40.98
14671,Historical,115136,1,2,D,1,0,957948,124.8,2001,38,81.07,46.01
14672,Historical,896076,0,0,D,1,0,4642014,83.95,2003,14,24.43,69.21
14673,Historical,162818,0,0,D,2,1,127524,68.35,2010,92,104.68,22.76
14674,Historical,120542,0,0,D,4,1,80050,196.2,2007,62,162.16,67.79
14675,Historical,55289,0,0,D,7,1,216655,395.95,2008,52,94.09,123.49
14676,Historical,794823,0,0,D,0,0,5049696,0,2009,10,94.09,0
14677,Historical,120523,1,1,D,1,0,2484885,111,2001,30,40.26,23.04
14678,Historical,533982,0,0,D,3,1,143365,316.95,2005,39,96.78,88.01
14679,Historical,55291,0,0,D,6,1,867910,284.95,2004,44,94.09,29.99
14680,Historical,113028,0,0,D,2,1,496225,115,2003,30,39.97,53.99
14681,Historical,449263,0,0,D,1,0,1306550,17.72,2006,77,104.68,17
14682,Historical,60267,0,0,D,2,1,527597,165.95,2002,43,96.78,62.47
14683,Historical,2342579,0,0,D,0,0,725895,78.98,1972,28,62.26,107.83
14684,Historical,714273,0,0,D,1,0,1618523,112,2002,21,48.32,37.46
14685,Historical,897767,0,0,D,2,1,1855165,111,2003,14,38.99,73.19
14686,Historical,904797,0,0,D,1,0,4328880,100,1996,18,38.99,69.12
14687,Historical,1592200,0,0,D,1,0,4102795,190,2006,21,56.07,94.21
14688,Historical,260318,0,0,D,0,0,1061425,59.95,2010,17,0,0
14689,Historical,210974,1,2,D,1,0,296626,66.95,2009,32,0,0
14690,Historical,210926,1,1,D,0,0,482237,57.95,2005,46,43.99,18.28
14691,Historical,2342334,0,0,D,0,0,5418247,0,1963,8,7.37,0
14693,Historical,116494,0,0,D,7,1,755012,185,2006,37,124.57,55.79
14695,Historical,727991,0,0,D,1,0,1014656,64.95,1998,18,63.89,43.21
14696,Historical,549777,0,0,D,4,1,603917,57.97,2000,32,28.52,61.17
14697,Historical,698435,0,0,D,4,1,2835186,26.67,2000,20,28.52,98.68
14698,Historical,914507,1,1,D,1,0,2863175,56.95,2001,29,19,19.93
14699,Historical,915036,0,0,D,2,1,2161415,64.95,2006,42,19,33.53
14700,Historical,113158,0,0,D,1,0,842911,105,2009,18,44.45,14.75
14701,Historical,2424111,0,0,D,2,1,2173532,64.95,1980,30,75.46,64.57
14702,Historical,553311,0,0,D,3,1,239094,214.2,1994,36,185.28,93.63
14703,Historical,2318929,0,0,D,2,1,8037249,0,1980,20,33.99,43.99
14704,Historical,115940,1,1,D,1,0,595858,87.4,2005,42,57.99,17.64
14705,Historical,121154,0,0,D,2,1,134558,109.8,2010,65,57.99,33.94
14706,Historical,748956,1,1,D,1,0,1008414,94.99,2006,35,123.99,58.27
14707,Historical,113085,0,0,D,1,0,337008,94.95,2007,33,43.61,54.51
14708,Historical,760414,0,0,D,0,0,1553277,0,2005,18,123.99,123.31
14709,Historical,552043,0,0,D,3,1,395064,105,2000,55,76.83,27.33
14710,Historical,60271,1,3,D,3,1,680383,120,2001,54,109.96,22.94
14711,Historical,533963,0,0,D,4,1,304272,190,2006,45,109.96,48.7
14712,Historical,551511,0,0,D,0,0,1373355,105,2007,25,58,72.3
14713,Historical,647183,0,0,D,3,1,843972,110,2012,34,77.27,21.98
14714,Historical,616520,0,0,D,1,0,1707235,92.5,2007,45,77.27,6.99
14715,Historical,630063,1,1,D,2,1,1395042,96,2010,37,77.27,7.34
14716,Historical,876679,0,0,D,5,1,2724988,206.25,2010,17,142.04,48.94
14717,Historical,607416,1,1,D,8,1,243492,206.2,2007,41,114.1,43.97
14719,Historical,115942,1,2,D,7,1,1242461,139.4,2004,32,114.1,22.81
14720,Historical,614943,0,0,D,10,1,65455,226.6,2008,88,153.99,39.94
14721,Historical,620011,0,0,D,9,1,527057,213.4,2005,40,153.99,72.79
14723,Historical,523868,0,0,D,1,0,2937151,119,2008,14,80.91,140.09
14724,Historical,117421,0,0,D,1,0,1559982,115,1995,45,53.99,43.38
14725,Historical,615422,0,0,D,2,1,371006,65,2006,84,44.55,16.98
14726,Historical,137519,0,0,D,3,1,3297587,158,2006,34,77.64,37.72
14727,Historical,137541,1,1,D,4,1,476572,130.2,2009,67,77.64,37.3
14728,Historical,246706,0,0,D,1,0,1195138,55.95,2010,28,28.44,33.98
14729,Historical,616548,1,2,D,1,0,744967,115.4,2008,38,22.46,47.16
14730,Historical,616363,0,0,D,2,1,22588,133.2,2012,75,22.46,104.35
14731,Historical,51509,0,0,D,8,1,1253632,151.2,2007,95,43.5,7.54
14732,Historical,2427661,0,0,D,0,0,1894807,105,1993,34,20.74,25.46
14733,Historical,166641,0,0,D,0,0,2579509,132.95,2004,24,33.18,43.94
14734,Historical,422676,0,0,D,3,1,241814,125,1995,30,123.88,29.69
14735,Historical,633894,0,0,D,2,1,3128877,76,1992,27,123.88,50.35
14736,Historical,2851612,0,0,D,1,0,6796542,85.95,2005,14,20.82,74.1
14737,Historical,225727,0,0,D,2,1,383251,109.95,2002,23,27.68,43.91
14738,Historical,247781,0,0,D,0,0,1085554,36.95,2007,58,22.31,13.98
14739,Historical,531176,0,0,D,11,1,27961,195,2010,43,77.99,83.74
14740,Historical,286537,0,0,D,7,1,2561236,44,1999,24,0,67.67
14741,Historical,3530614,0,0,D,1,0,3686089,285.95,1998,31,0,9.99
14742,Historical,421720,1,1,D,10,1,616398,163.6,2006,44,77.99,27.49
14744,Historical,911894,0,0,D,1,0,1813791,92.95,2002,32,44.98,20.98
14745,Historical,3818544,0,0,D,1,0,1123733,69.95,2010,25,0,49.47
14746,Historical,609509,0,0,D,5,1,1526647,254.95,2006,41,11.83,23.84
14747,Historical,298328,0,0,D,5,1,1768800,174.95,2005,27,11.83,22.97
14748,Historical,2253758,0,0,D,3,1,1299544,47.99,2006,45,36.44,41.96
14749,Historical,55588,0,0,D,2,1,1448458,118.95,2001,47,36.44,24.51
14750,Historical,54872,0,0,D,3,1,401214,182.95,2005,103,36.44,18.32
14751,Historical,248219,1,2,D,4,1,36435,88,2010,141,21.63,33.99
14752,Historical,247823,0,0,D,3,1,725324,70.95,2007,93,21.63,22.21
14753,Historical,55374,1,2,D,4,1,49314,88,2010,113,78.93,28.49
14754,Historical,55373,0,0,D,3,1,1053861,70.95,2007,73,78.93,23.98
14755,Historical,531174,0,0,D,3,1,853141,64.95,2009,53,41.42,47.4
14756,Historical,131822,0,0,D,6,1,417857,88,2004,37,92.57,42.53
14757,Historical,202309,0,0,D,3,1,1509565,252.95,2002,51,67.99,38.4
14758,Historical,874016,0,0,D,2,1,3560273,119.95,1997,20,67.99,33.98
14759,Historical,550022,0,0,D,5,1,245310,126.87,2005,55,15.01,100.66
14761,Historical,163832,0,0,D,1,0,2145935,192.99,1995,22,96.1,80.14
14762,Historical,246051,0,0,D,3,1,1182206,37,2005,40,9.94,10.74
14763,Historical,667431,0,0,D,4,1,310534,43,2010,56,9.94,28.28
14764,Historical,660472,1,3,D,7,1,905674,232.95,2006,24,176.7,70.99
14765,Historical,115826,1,1,D,4,1,758267,111.33,2003,59,151.35,13.79
14766,Historical,60274,0,0,D,1,0,2878634,113.33,2005,25,64.22,11.94
14767,Historical,169917,1,1,D,8,1,141828,257.95,2009,88,128.99,27.91
14768,Historical,60276,1,12,D,7,1,265677,159.95,2005,108,128.99,10.64
14769,Historical,558390,0,0,D,3,1,739178,56.95,2003,33,38.21,28.75
14770,Historical,620882,1,1,D,1,0,266239,89.95,2003,26,0,0
14771,Historical,232528,0,0,D,0,0,56876,69.95,1997,58,39.96,39.98
14772,Historical,279290,0,0,D,2,1,200570,79.95,2009,51,89.94,73.89
14773,Historical,1537891,0,0,D,1,0,2339928,48.95,2006,17,44.88,48.95
14774,Historical,410752,0,0,D,1,0,1520045,191,2009,22,72.99,100.89
14775,Historical,636723,1,4,D,1,0,1811914,59,2001,27,48.23,45.71
14776,Historical,249262,0,0,D,2,1,107891,68,2008,48,48.23,38.97
14777,Historical,914941,0,0,D,2,1,490965,59.95,2006,23,54.58,22.49
14778,Historical,3015145,0,0,D,2,1,498482,62.95,2002,20,41.93,26.97
14779,Historical,812251,0,0,D,5,1,2333873,119.95,2010,27,79.55,33.4
14780,Historical,653741,0,0,D,0,0,2805658,110,2002,13,81.98,23.94
14781,Historical,657639,0,0,D,1,0,1376317,135,2006,25,0,102.95
14782,Historical,829884,0,0,D,2,1,4628524,55,2002,21,64.86,30.73
14783,Historical,117043,0,0,D,1,0,122895,64.8,2010,33,83.62,48.98
14784,Historical,2648451,0,0,D,0,0,2535821,55.95,2001,21,25.6,47.5
14785,Historical,643217,0,0,D,1,0,1562164,63.95,1997,26,41.24,55.35
14786,Historical,3794827,0,0,D,1,0,534708,0,2007,17,0,16.99
14787,Historical,563718,1,5,D,5,1,38743,71.76,2011,134,93.19,29.4
14788,Historical,53065,0,0,D,3,1,1790939,7.98,2006,59,93.19,8.79
14789,Historical,615302,0,0,D,5,1,178637,105.07,2011,101,90.23,44.36
14790,Historical,563662,0,0,D,3,1,2903004,16.98,2007,36,90.23,21.95
14791,Historical,53067,0,0,D,4,1,1005605,73.96,2009,65,90.23,45.09
14792,Historical,53066,0,0,D,4,1,394161,38.66,2009,73,93.19,39
14793,Historical,1982566,1,1,D,0,0,66973,88,2013,25,33.52,25.15
14794,Historical,663302,1,7,D,1,0,8480,93,2013,84,74.5,33.35
14795,Historical,2660037,1,1,D,1,0,3502389,0,1983,16,13.96,78.97
14796,Historical,553734,0,0,D,3,1,948708,89,2008,66,26.25,28.89
14797,Historical,716578,0,0,D,1,0,2143899,116,2009,35,73.38,12.82
14798,Historical,54749,1,1,D,2,1,246860,283.95,2009,78,199.31,45.06
14799,Historical,1534857,0,0,D,0,0,3982949,0,2009,10,0,86.17
14800,Historical,54157,1,1,D,1,0,649264,115.47,2005,46,38.69,18.97
14801,Historical,183707,1,2,D,1,0,587825,44.99,2005,38,38.69,42.26
14802,Historical,244072,0,0,D,0,0,169633,206.95,2012,139,102.87,24.99
14803,Historical,52113,0,0,D,0,0,383084,226.95,2011,125,102.87,18.5
14804,Historical,244074,0,0,D,1,0,382524,152.95,2011,63,30.11,42.66
14805,Historical,254158,0,0,D,1,0,738788,155.95,2010,64,30.11,18.99
14806,Historical,148756,0,0,D,1,0,295573,135.95,2009,63,30.11,5.57
14807,Historical,609610,0,0,D,1,0,2990067,107.95,2007,60,128.62,7.98
14808,Historical,635579,0,0,D,1,0,650493,140.95,2013,43,128.62,10.49
14809,Historical,613488,0,0,D,0,0,398685,198.95,2012,131,102.87,18.63
14810,Historical,1604590,0,0,D,1,0,1678380,13.3,2012,12,0,15.96
14811,Historical,791505,1,1,D,0,0,2956606,93,2002,26,16.54,13.94
14812,Historical,878937,0,0,D,0,0,1431824,35.43,1993,71,27,17.64
14813,Historical,390352,0,0,D,3,1,73770,63.7,2002,191,27,18.24
14814,Historical,543500,1,2,D,2,1,110625,117.95,2012,79,112.41,23.98
14815,Historical,486251,0,0,D,1,0,759117,87.95,2009,59,112.41,18.99
14816,Historical,645445,0,0,D,1,0,135671,120,2004,24,31.49,29.36
14817,Historical,594652,0,0,D,4,1,807409,188.95,2012,30,96.54,69.21
14818,Historical,533668,1,1,D,4,1,152338,198.95,2012,86,96.54,22.13
14819,Historical,52470,0,0,D,3,1,187246,157.95,2009,104,96.54,36.57
14820,Historical,110726,0,0,D,5,1,53273,169.28,2009,56,58.99,49.95
14821,Historical,108936,1,2,D,4,1,1272484,79,2005,40,58.99,8.84
14822,Historical,868134,0,0,D,1,0,3570072,75,1990,24,58.69,8.49
14823,Historical,613302,1,2,D,1,0,884639,25.64,2007,93,62.99,23.97
14824,Historical,566028,1,2,D,2,1,96729,39.47,2011,175,62.99,33.99
14825,Historical,2226233,0,0,D,0,0,2642051,23.99,2013,8,0,24.75
14826,Historical,519169,0,0,D,1,0,27160,181.95,2012,108,107.85,31.97
14827,Historical,492188,1,1,D,1,0,46217,153.95,2012,96,107.85,23.87
14828,Historical,52380,1,2,D,5,1,7703,180,2011,221,81.2,33.94
14829,Historical,52378,0,0,D,4,1,504251,16.99,2007,156,81.2,8.97
14830,Historical,613657,0,0,D,1,0,993247,7.99,2009,58,63.99,7.99
14831,Historical,54871,1,2,D,3,1,92832,99,2009,86,51.22,57.76
14832,Historical,54869,1,1,D,2,1,90792,74.95,2005,57,51.22,48.92
14833,Historical,51944,1,3,D,7,1,29665,120.95,2011,98,38.38,12.34
14834,Historical,170209,1,1,D,7,1,34760,120.95,2011,86,11.36,13.13
14836,Historical,545184,1,2,D,5,1,34717,52.73,2012,40,55.99,65.5
14837,Historical,2254393,0,0,D,4,1,2604913,83.12,2007,47,0,74.05
14838,Historical,407631,0,0,D,3,1,1915823,14.74,2006,40,55.99,14.74
14839,Historical,252610,1,1,D,4,1,140286,33.49,2008,65,55.99,33.49
14840,Historical,54803,1,2,D,1,0,280416,140.33,2009,96,93.66,37.43
14841,Historical,428183,1,1,D,2,1,38928,170.6,2012,99,93.66,53.99
14842,Historical,244140,1,1,D,4,1,158159,143.95,2012,58,95.26,36.79
14843,Historical,254160,1,1,D,3,1,1324338,154.95,2009,47,95.26,15
14844,Historical,533458,1,8,D,2,1,23684,180.2,2011,155,83.99,33.99
14845,Historical,54868,0,0,D,1,0,273428,133.2,2008,64,83.99,49.94
14846,Historical,545185,1,1,D,9,1,39639,65.35,2011,101,63.99,49.43
14847,Historical,53574,0,0,D,8,1,330381,22.85,2008,96,63.99,20.99
14848,Historical,53572,0,0,D,7,1,1716306,96.07,2005,86,63.99,19.99
14849,Historical,531161,1,1,D,6,1,262008,133.95,2007,98,79.62,14.65
14850,Historical,182847,0,0,D,5,1,1660400,139.95,2003,66,79.62,8.99
14851,Historical,60279,0,0,D,5,1,1699998,139.95,2003,73,62.05,6.99
14852,Historical,183562,1,1,D,6,1,115626,133.95,2007,121,62.05,41.57
14853,Historical,2587004,0,0,D,0,0,2582535,37.99,2003,20,47.7,27.09
14854,Historical,313469,0,0,D,4,1,3102737,110,1999,31,46.98,14.04
14855,Historical,313145,0,0,D,5,1,1266240,124,2003,29,46.98,24.94
14856,Historical,608882,0,0,D,3,1,2856692,113,1996,30,28.98,20.99
14858,Historical,607864,0,0,D,4,1,1185753,118,2001,24,28.98,18.99
14859,Historical,616626,0,0,D,4,1,323649,110,1999,25,29.46,12.38
14860,Historical,552222,0,0,D,6,1,533900,138.2,2004,36,73.29,10.47
14861,Historical,52171,0,0,D,6,1,27671,43.99,2006,115,112.8,34.18
14862,Historical,614070,0,0,D,5,1,200587,112,2000,44,73.29,52.73
14863,Historical,885618,0,0,D,0,0,8635560,15.39,2010,8,0,15.39
14864,Historical,574345,0,0,D,2,1,1085362,18.84,1999,58,46.78,20.94
14865,Historical,51569,0,0,D,3,1,25366,407.95,2003,98,111.99,48.99
14866,Historical,51570,0,0,D,2,1,277474,138.95,1996,105,111.99,31.38
14867,Historical,115311,0,0,D,2,1,704828,102,2001,30,69.49,42.99
14868,Historical,717111,0,0,D,0,0,4371907,96,1997,30,69.49,16.99
14869,Historical,199955,0,0,D,2,1,1420957,94.95,2002,39,68.98,30.99
14870,Historical,907520,0,0,D,1,0,4975351,115.95,2003,15,53.99,62.87
14871,Historical,620913,1,1,D,3,1,644277,118,2000,29,113.99,20.98
14872,Historical,116620,0,0,D,4,1,832450,123,2004,44,113.99,55.61
14873,Historical,2377100,1,1,D,1,0,1317882,88,1989,50,246.67,45.59
14874,Historical,121465,0,0,D,2,1,223769,155,1999,48,246.67,64.39
14876,Historical,839761,0,0,D,2,1,588158,0,2001,18,66.21,55.59
14877,Historical,295442,0,0,D,9,1,1917570,239.99,2006,15,194.14,205.99
14878,Historical,211045,0,0,D,5,1,97666,55.95,2011,73,25,25.47
14879,Historical,2649844,0,0,D,1,0,3968164,0,1984,16,198.9,103.95
14880,Historical,2650070,0,0,D,3,1,2958970,375,2001,10,198.9,177.09
14881,Historical,177774,0,0,D,1,0,451807,163.95,2010,23,78.09,21.99
14882,Historical,2561060,0,0,D,1,0,286774,75,1981,68,79.17,23.97
14883,Historical,2025214,0,0,D,0,0,826372,29.95,2007,15,17.97,35.62
14884,Historical,613220,0,0,D,1,0,721757,86.95,2006,109,46.42,12.98
14885,Historical,615758,1,1,D,2,1,158950,85.95,2010,132,46.42,18.05
14886,Historical,132602,1,2,D,0,0,2992602,16.95,2008,29,0,4
14887,Historical,177269,1,1,D,2,1,1369123,216.95,2004,35,113.83,18.99
14889,Historical,627616,0,0,D,0,0,726084,74.95,2005,23,0,0
14890,Historical,560852,0,0,D,4,1,750438,159,2005,34,74.5,13.99
14891,Historical,115203,0,0,D,0,0,1065177,108,2002,37,36.27,24.66
14892,Historical,607634,0,0,D,3,1,2961243,121.2,2000,51,74.5,8.49
14893,Historical,636886,0,0,D,1,0,2107170,115.95,2006,29,40.69,70.37
14894,Historical,2525111,0,0,D,1,0,2693760,205,1995,28,192.29,13.98
14895,Historical,296180,0,0,D,2,1,2207627,115.95,2006,16,95.98,119.7
14896,Historical,608152,0,0,D,3,1,444714,32,1997,26,30.63,60.37
14897,Historical,51198,0,0,D,5,1,338614,195.27,2011,26,101.93,138.99
14898,Historical,51196,1,1,D,3,1,1642440,129.2,2006,116,101.93,6.69
14899,Historical,908497,0,0,D,0,0,3262896,42.95,2004,17,76.98,10.77
14900,Historical,248101,0,0,D,3,1,188625,58.95,2009,41,33.99,6.48
14901,Historical,616372,1,1,D,3,1,225818,74,2011,93,33.99,19.96
14902,Historical,553519,1,3,D,3,1,263034,53.2,2009,178,28.46,24.97
14903,Historical,230363,0,0,D,1,0,1785211,210.95,2003,46,91.98,13.87
14904,Historical,132906,0,0,D,9,1,55535,175,2010,50,93.98,76.97
14905,Historical,132202,1,4,D,8,1,327870,128.2,2007,54,93.98,12.33
14906,Historical,148302,1,2,D,1,0,514885,167.95,2006,74,68.5,18.32
14907,Historical,2250040,0,0,D,1,0,3426122,65.59,2007,38,44.99,31.91
14908,Historical,567491,1,1,D,1,0,243486,171.95,2007,69,44.99,6.72
14909,Historical,169547,0,0,D,11,1,6716582,38.95,2005,20,50.87,101.37
14910,Historical,531146,1,1,D,12,1,707515,67.95,2008,23,50.87,21.92
14911,Historical,131720,1,1,D,2,1,237195,93.4,2006,39,55.99,33.98
14912,Historical,2678874,0,0,D,2,1,4169995,68.5,1990,15,58.58,7.97
14913,Historical,774683,0,0,D,3,1,3744907,82,1997,17,58.58,18.94
14914,Historical,613377,1,3,D,1,0,35288,92.6,2011,87,48.99,18.98
14916,Historical,576695,1,1,D,1,0,120126,71.95,2009,58,58.98,11.99
14917,Historical,637093,1,1,D,0,0,684953,39.95,2009,25,33.01,39.9
14918,Historical,531139,0,0,D,3,1,846832,38.95,2007,98,25.12,6.99
14919,Historical,114508,0,0,D,1,0,1430884,42,2004,61,50.26,13.9
14920,Historical,118171,0,0,D,2,1,178035,57.8,2009,52,50.26,22.99
14921,Historical,132649,0,0,D,5,1,365355,76,2008,42,26.58,51.6
14922,Historical,144379,1,1,D,3,1,1861054,54,2002,48,26.58,24.45
14923,Historical,145144,0,0,D,4,1,1468154,63.8,2005,32,26.58,11.28
14924,Historical,607883,0,0,D,3,1,888453,55.6,2002,46,31.6,44.79
14925,Historical,288609,0,0,D,4,1,2034768,63.8,2005,28,31.6,11.73
14926,Historical,635253,0,0,D,2,1,780292,62.95,2007,24,57.2,85.83
14927,Historical,531135,1,2,D,4,1,116783,55.75,2007,47,52.6,45.24
14928,Historical,110774,1,1,D,5,1,155117,62.98,2010,111,52.6,44.29
14929,Historical,260123,1,1,D,3,1,455577,69.95,2005,35,28.99,63.33
14930,Historical,531132,0,0,D,3,1,764801,63,2009,25,32.51,30.98
14931,Historical,633209,0,0,D,1,0,253866,89.95,2010,34,62.84,64.83
14932,Historical,477344,0,0,D,1,0,1860031,65,2002,22,57.19,43.66
14933,Historical,495254,0,0,D,0,0,2719492,63,2007,19,27.04,57.14
14934,Historical,57662,1,2,D,1,0,1294440,13.99,2007,75,47.5,13.96
14935,Historical,536319,1,3,D,3,1,27647,105.75,2012,124,47.5,41.49
14936,Historical,57663,1,3,D,2,1,81223,21.98,2009,95,47.5,21.6
14937,Historical,123953,0,0,D,4,1,2771191,140.95,2005,8,83.73,69.14
14938,Historical,617423,0,0,D,3,1,1128479,44.95,2005,47,43.94,6.1
14939,Historical,629519,0,0,D,4,1,247860,54.95,2010,69,43.94,55.87
14940,Historical,569804,0,0,D,1,0,704268,76.95,2007,48,35.45,13.94
14941,Historical,914457,1,1,D,4,1,926605,66.95,2007,40,9.67,15.78
14942,Historical,765785,0,0,D,3,1,1440198,32.95,2004,18,9.67,8.64
14943,Historical,55371,0,0,D,4,1,297226,41.17,2009,41,72.44,43.99
14944,Historical,55370,1,2,D,3,1,428327,26.96,2005,49,72.44,18.98
14945,Historical,913879,1,1,D,2,1,904827,59.95,2004,32,45.79,27.99
14946,Historical,601694,0,0,D,3,1,1509056,73,2009,31,45.79,64.19
14947,Historical,199367,0,0,D,1,0,2478047,60.95,2004,21,39.79,62.77
14948,Historical,628068,0,0,D,1,0,1579955,41.95,1996,14,67.17,55.97
14949,Historical,247679,0,0,D,2,1,1132373,67,2006,27,33.99,49.61
14950,Historical,113405,0,0,D,1,0,2580595,67.95,1996,39,14.56,9.69
14951,Historical,580841,0,0,D,4,1,2441839,94.99,2004,23,43.99,43.79
14952,Historical,269971,1,1,D,6,1,1065891,191,2007,47,117.88,58.93
14953,Historical,293353,0,0,D,5,1,1607569,49.95,2007,30,93.89,12.16
14954,Historical,624548,0,0,D,1,0,710299,86,1998,17,45.26,428.4
14955,Historical,269955,0,0,D,2,1,1365649,195,2007,32,183.94,56.27
14956,Historical,531122,0,0,D,2,1,17789,40,2005,247,23.17,8.97
14957,Historical,2896194,0,0,D,3,1,111948,0,1996,31,58.45,83.98
14958,Historical,608919,0,0,D,30,1,1108366,49.95,2003,104,25.81,13.89
14959,Historical,410095,0,0,D,31,1,830465,51.95,2007,107,25.81,5.21
14960,Historical,774483,0,0,D,30,1,3306870,102,2003,16,68.8,72.03
14961,Historical,609558,0,0,D,27,1,1782666,34.95,2004,52,8.15,5.88
14962,Historical,609570,0,0,D,28,1,612955,40.95,2008,71,8.15,7.06
14963,Historical,52246,0,0,D,6,1,382913,23.63,2005,147,58.72,22.71
14964,Historical,202381,0,0,D,1,0,1081850,95.95,2002,30,26.3,13.94
14965,Historical,55745,0,0,D,3,1,138678,162.95,2010,145,108.7,23.99
14966,Historical,55744,0,0,D,2,1,1565961,171.95,2006,78,108.7,8.95
14967,Historical,52217,0,0,D,7,1,1011767,156.95,2004,132,28.93,21.74
14968,Historical,52218,1,3,D,8,1,453131,121.95,2007,270,28.93,10.99
14969,Historical,720090,0,0,D,1,0,890211,30,2002,35,31.11,48.23
14970,Historical,127300,1,1,D,2,1,213961,39.95,2008,37,31.11,9.16
14971,Historical,126213,0,0,D,0,0,297478,39.95,2002,64,31.11,13.54
14972,Historical,797746,0,0,D,8,1,1142882,277.95,2005,45,138.94,13.94
14973,Historical,617404,0,0,D,1,0,187754,60,2007,48,52.97,28.95
14974,Historical,917877,1,4,D,1,0,755771,29.5,1992,51,44.99,37.86
14975,Historical,260661,0,0,D,5,1,4029123,175,2004,39,83.26,70.49
14976,Historical,166367,1,1,D,2,1,1026503,28.99,2005,33,28.99,28.98
14977,Historical,165913,0,0,D,0,0,3561696,15.99,2004,17,28.99,15.98
14978,Historical,775111,1,1,D,4,1,1159608,74.95,2003,32,89.09,42.61
14979,Historical,632526,0,0,D,0,0,2394590,39.95,1996,12,35.71,35.16
14980,Historical,821479,1,3,D,1,0,985782,24.95,1987,60,23.49,14.84
14981,Historical,903109,0,0,D,0,0,3572552,40,1984,19,300.61,45.34
14982,Historical,907871,0,0,D,0,0,923090,98,2000,45,82.02,161.99
14984,Historical,552174,0,0,D,4,1,183074,110.6,2004,24,60.76,48.33
14985,Historical,60285,0,0,D,5,1,550598,269.95,2003,61,88.11,28.09
14986,Historical,129429,1,3,D,2,1,123753,65.95,2011,42,42.96,42.9
14987,Historical,630118,0,0,D,1,0,426341,34.95,2008,33,42.96,57.69
14988,Historical,60284,1,1,D,2,1,876043,83.95,1997,31,30.28,53.2
14989,Historical,55015,1,1,D,1,0,243218,63.94,2001,63,69.56,49.48
14990,Historical,115518,0,0,D,3,1,513154,108.67,2003,98,43.98,43.98
14991,Historical,872238,0,0,D,3,1,2613861,63.35,2004,49,43.98,52.57
14992,Historical,910114,0,0,D,2,1,1763552,44.95,1997,29,60.99,21.38
14993,Historical,629588,0,0,D,3,1,736533,75,2004,27,60.99,55.62
14994,Historical,739744,0,0,D,5,1,3009210,62.4,2003,39,82.25,8.99
14995,Historical,132929,1,1,D,7,1,148051,81.2,2009,36,82.25,62.69
14996,Historical,145296,0,0,D,6,1,1572796,77.6,2006,59,82.25,42.81
14997,Historical,3831684,0,0,D,8,1,1901396,115,2006,22,0,0
14998,Historical,280792,0,0,D,0,0,4296996,259,2005,15,119.99,84.88
14999,Historical,199930,0,0,D,2,1,1933837,56.95,2003,17,46.84,56.28
15000,Historical,638604,0,0,D,2,1,1597542,73.95,2007,16,46.84,24.38
15001,Historical,561715,1,2,D,9,1,168286,79.95,2011,61,45.26,43.55
15002,Historical,608018,0,0,D,8,1,1041425,61.95,2007,79,45.26,8.94
15003,Historical,871798,1,1,D,0,0,1552403,242.95,2012,20,273.97,36.56
15004,Historical,627925,0,0,D,0,0,432495,267.25,2013,25,273.97,11.87
15005,Historical,2018328,0,0,D,16,1,2147085,84.95,2011,27,98.02,5.97
15006,Historical,531106,0,0,D,17,1,822914,93.45,2012,89,98.02,8.88
15007,Historical,106120,0,0,D,3,1,1543309,65.95,2006,60,37.45,4.98
15008,Historical,106735,0,0,D,4,1,673179,70,2011,55,37.45,21.49
15009,Historical,531103,0,0,D,21,1,842860,67.95,2012,88,71.11,23.99
15010,Historical,267527,1,1,D,20,1,1154301,67.95,2011,53,71.11,28.94
15011,Historical,546525,0,0,D,22,1,417906,69.95,2013,29,71.11,33.98
15012,Historical,867799,0,0,D,23,1,286299,71.95,2014,24,71.11,58.99
15013,Historical,58482,0,0,D,12,1,924884,51.95,2011,47,48.99,103.29
15014,Historical,534568,1,1,D,13,1,922588,54.95,2012,22,48.99,33.98
15015,Historical,58479,0,0,D,9,1,3135817,46.95,2008,19,48.99,43.92
15016,Historical,599287,0,0,D,18,1,238437,64.95,2012,48,75.9,45.9
15017,Historical,630145,0,0,D,14,1,1683427,47.95,2008,27,75.9,13.99
15018,Historical,267528,0,0,D,13,1,2466649,46.95,2011,62,10.99,11.09
15019,Historical,599285,1,1,D,21,1,2325307,72.95,2012,42,80.88,79.99
15020,Historical,2042535,0,0,D,20,1,1341765,71.95,2011,14,80.88,58.21
15021,Historical,2018326,0,0,D,1,0,2830827,99.95,2010,19,22.99,18.95
15022,Historical,2018323,0,0,D,1,0,4982579,98,2008,24,22.99,36.79
15023,Historical,2018330,0,0,D,6,1,2785644,99.95,2011,14,68.92,4.58
15024,Historical,546304,0,0,D,8,1,2203369,99.95,2013,10,68.92,9.96
15025,Historical,2851298,0,0,D,1,0,3189703,109.95,2002,18,92.52,89.41
15026,Historical,239954,0,0,D,4,1,1651677,35,1999,27,42.48,54.25
15027,Historical,203883,0,0,D,3,1,764967,96.95,2008,170,21.25,12.99
15028,Historical,871858,0,0,D,3,1,1668969,22.82,2008,44,21.25,16.2
15029,Historical,170056,1,1,D,6,1,112683,209.95,2010,65,98.98,61.83
15030,Historical,170034,0,0,D,7,1,502962,261.95,2010,59,102.06,34.99
15031,Historical,60287,1,2,D,5,1,321704,221.95,2007,58,98.98,42
15032,Historical,169355,0,0,D,6,1,483250,215.95,2007,62,102.06,25.69
15033,Historical,891856,0,0,D,2,1,4551089,259.95,2007,10,170.33,221.8
15034,Historical,551509,0,0,D,1,0,314695,99.95,2008,12,0,0
15035,Historical,55287,0,0,D,6,1,214932,227.95,2009,56,103.74,73.23
15036,Historical,55286,0,0,D,5,1,1604342,217.95,2005,28,103.74,64.28
15037,Historical,114622,1,1,D,5,1,309420,88,2002,35,79.87,45.54
15038,Historical,286213,1,1,D,6,1,97161,140.4,2006,32,79.87,55.57
15039,Historical,616754,1,1,D,1,0,556489,94,2006,48,53.98,22.99
15040,Historical,879981,0,0,D,10,1,3948193,25.91,2008,38,68.5,18.8
15041,Historical,54367,1,1,D,11,1,28238,164.95,2011,218,68.5,20.3
15042,Historical,54366,0,0,D,10,1,702770,147.95,2008,153,68.5,11.32
15043,Historical,54365,0,0,D,9,1,369405,89.95,2005,89,68.5,13.74
15044,Historical,117399,1,1,D,7,1,721499,81.4,2003,24,29.96,33.98
15045,Historical,52957,0,0,D,7,1,35811,146.2,2011,77,85.08,62.89
15046,Historical,52960,0,0,D,6,1,379077,128.2,2009,71,85.08,42.99
15047,Historical,52959,0,0,D,5,1,943604,108,2007,64,85.08,17.98
15048,Historical,428360,1,1,D,5,1,364961,120.2,2005,49,66.79,24.87
15049,Historical,112046,0,0,D,8,1,49073,99.13,2011,64,73.99,52.75
15050,Historical,110327,0,0,D,7,1,1152001,6.74,2007,59,73.99,10.49
15051,Historical,877185,0,0,D,6,1,2531129,79.72,2007,22,100.69,75.56
15052,Historical,789720,1,1,D,8,1,1272479,134.95,2008,31,72.04,41.16
15053,Historical,203772,0,0,D,7,1,2390023,99,2005,36,72.04,25.88
15054,Historical,623145,0,0,D,5,1,1128290,67.95,2010,38,62.87,39.94
15055,Historical,532843,0,0,D,25,1,2013925,7.99,2010,42,53.1,7.99
15056,Historical,2248368,0,0,D,2,1,3080289,37.52,2008,40,0,37.22
15057,Historical,531094,0,0,D,3,1,106735,134.4,2011,64,39.29,36.94
15058,Historical,286412,1,1,D,2,1,563138,131,2007,47,39.29,28.2
15059,Historical,52954,1,5,D,13,1,68414,23.95,2008,112,137.62,23.94
15060,Historical,52956,0,0,D,12,1,347364,23.04,2006,107,137.62,19.91
15061,Historical,537653,1,11,D,15,1,3080,132.19,2012,119,137.62,33.92
15062,Historical,52955,0,0,D,14,1,49663,37.65,2010,95,137.62,58.93
15063,Historical,206275,0,0,D,1,0,2061477,125,1998,17,45.55,52.29
15064,Historical,1633622,0,0,D,6,1,8572824,125,2009,10,306.98,81.73
15065,Historical,235696,0,0,D,1,0,135065,77,1995,294,52.79,8.09
15066,Historical,265286,0,0,D,1,0,938785,87,2002,43,57.99,9.98
15067,Historical,862002,0,0,D,2,1,147966,6.98,2014,51,44.57,16.48
15068,Historical,162983,0,0,D,2,1,383574,23.99,2010,88,44.57,23.66
15069,Historical,624479,0,0,D,1,0,71833,221.8,2003,71,175.53,31.71
15070,Historical,626124,0,0,D,3,1,956813,198.95,2004,22,55.9,73.53
15071,Historical,2664148,0,0,D,5,1,6102403,179,1997,19,116.28,63.34
15072,Historical,103911,0,0,D,1,0,2635959,89,1997,21,95.77,103.96
15073,Historical,3514163,0,0,D,1,0,2638286,115,1997,22,0,43.49
15074,Historical,410579,1,1,D,8,1,1111440,129.25,2006,40,54.39,21.98
15075,Historical,260023,1,1,D,9,1,255861,112,2010,73,54.39,46.44
15076,Historical,531086,0,0,D,4,1,1067059,194.99,2009,21,0,50.69
15078,Historical,111998,0,0,D,13,1,484619,54.25,2011,36,30.74,36.49
15079,Historical,915004,0,0,D,1,0,2280049,56,1991,25,63.99,35
15080,Historical,905834,0,0,D,2,1,1681125,59.5,1996,24,19.11,22.99
15081,Historical,58032,0,0,D,2,1,31367,109.03,2011,64,145.11,103.83
15082,Historical,416664,1,6,D,1,0,886504,8.98,2008,54,145.11,11.98
15083,Historical,58033,1,2,D,1,0,160248,12.48,2009,72,149.88,9.95
15084,Historical,533283,1,2,D,2,1,44649,252.5,2012,131,149.88,39.74
15085,Historical,1981174,0,0,D,1,0,590588,62.95,2013,27,64.12,42.68
15086,Historical,608304,0,0,D,4,1,3114854,15.49,2000,38,23.99,59.43
15087,Historical,226089,1,1,D,1,0,3747481,119.95,1999,15,92.04,84.13
15088,Historical,175889,0,0,D,3,1,925054,150,2007,38,60.08,33.98
15089,Historical,540653,1,2,D,17,1,246749,73.8,2012,38,61.74,32.81
15090,Historical,212540,0,0,D,15,1,702278,49.4,2006,23,61.74,18.99
15091,Historical,55368,0,0,D,16,1,230922,153.07,2009,58,137.09,63.08
15092,Historical,55369,1,1,D,15,1,300473,139.87,2006,133,137.09,15.58
15093,Historical,145840,0,0,D,6,1,293624,142.8,2008,27,128.99,40.86
15094,Historical,60288,0,0,D,5,1,998157,126.8,2005,21,128.99,73.79
15095,Historical,146505,1,1,D,7,1,49061,187.8,2011,37,128.99,62.85
15096,Historical,3822079,0,0,D,3,1,404055,89,2005,21,0,77.07
15097,Historical,152928,0,0,D,5,1,3898716,285,2000,11,99.67,285.81
15099,Historical,423338,0,0,D,9,1,2698136,141.93,2009,22,52.27,52.55
15100,Historical,54410,0,0,D,9,1,305166,128.6,2009,59,52.27,30.94
15101,Historical,54409,0,0,D,8,1,1442471,93.33,2005,52,52.27,13.97
15102,Historical,566572,1,1,D,1,0,1267557,102.74,2004,40,83.99,28.98
15103,Historical,254292,0,0,D,10,1,748670,132.95,2010,24,112.93,81.14
15104,Historical,220269,0,0,D,2,1,507693,49.95,2006,33,39.99,25.96
15105,Historical,56702,0,0,D,11,1,42986,43.98,2010,54,86.84,51.73
15106,Historical,613511,1,1,D,10,1,556205,116.25,2008,48,86.84,17.16
15107,Historical,873269,0,0,D,3,1,952743,64.95,2007,24,66.31,45.4
15108,Historical,127128,1,3,D,2,1,1630053,72.95,2007,49,73.78,10.48
15109,Historical,55163,0,0,D,3,1,630675,191,2006,31,176.94,197.51
15110,Historical,55161,1,1,D,2,1,227118,131,2000,24,176.94,113.89
15111,Historical,279987,0,0,D,4,1,2285053,99,2004,17,49.61,88.79
15112,Historical,2602022,0,0,D,0,0,2529047,104.99,1994,26,71.33,104.97
15113,Historical,143500,0,0,D,3,1,2382321,86,2002,15,38.14,27.46
15114,Historical,2471040,0,0,D,2,1,8801172,45,1994,18,38.14,53.51
15115,Historical,637300,1,1,D,0,0,514503,63,2005,33,43.09,60.32
15116,Historical,889899,0,0,D,0,0,2433431,37.95,2005,15,38.85,67.21
15117,Historical,910522,0,0,D,3,1,3629660,36.95,2011,22,10.73,35.86
15118,Historical,2527652,0,0,D,0,0,1742732,44.95,1991,31,30.53,34.99
15119,Historical,2531768,0,0,D,2,1,6575040,52.95,1995,19,41.9,3
15120,Historical,3485005,0,0,D,1,0,3373854,53,1995,32,0,8.74
15121,Historical,147550,0,0,D,0,0,81300,101,2009,43,94.04,73.33
15122,Historical,636922,0,0,D,2,1,473891,149.95,2007,36,80.28,119.12
15123,Historical,648816,0,0,D,1,0,978974,75,2008,35,67.78,88.99
15124,Historical,58028,1,3,D,7,1,1178767,42.02,2004,21,95.99,126.96
15125,Historical,60290,1,3,D,7,1,496641,87.5,2004,32,95.99,73.92
15126,Historical,107432,0,0,D,2,1,1027769,43.66,2001,62,43.97,40.89
15127,Historical,115468,0,0,D,3,1,3364412,93.33,2002,28,126.38,25.24
15128,Historical,58024,0,0,D,5,1,92448,115,2009,86,96.93,36.34
15129,Historical,58025,0,0,D,4,1,923314,86.6,2005,66,96.93,19.9
15130,Historical,286498,0,0,D,12,1,32681,170.2,2011,92,107.77,41.98
15131,Historical,553516,1,1,D,11,1,242659,139.4,2008,149,107.77,13.47
15132,Historical,55282,0,0,D,9,1,428784,230.95,2009,100,147.82,32.49
15133,Historical,244201,1,5,D,10,1,34039,209.95,2012,90,147.82,37.6
15134,Historical,55281,0,0,D,8,1,1543302,142.95,2006,72,147.82,13.99
15135,Historical,132198,0,0,D,4,1,1885770,102.2,2006,49,71.16,19.68
15136,Historical,121283,0,0,D,5,1,576784,124.4,2010,26,71.16,67.7
15137,Historical,121220,0,0,D,5,1,316418,120.4,2010,39,71.16,24.15
15138,Historical,252029,1,1,D,4,1,279066,232.95,2008,52,141.36,17.9
15139,Historical,243969,1,2,D,5,1,99393,219.95,2011,49,141.36,62.97
15140,Historical,121241,0,0,D,3,1,305269,95.8,2010,25,50.69,104.67
15141,Historical,118809,0,0,D,2,1,324490,71.4,2006,33,50.69,27.96
15142,Historical,115570,0,0,D,0,0,1430367,79.2,2004,34,61.86,21.99
15143,Historical,2648719,1,1,D,0,0,471790,52.95,2003,33,37.14,23.94
15145,Historical,278287,0,0,D,3,1,384259,49.95,2006,55,27.54,23.93
15146,Historical,60292,1,6,D,9,1,42534,133.2,2007,93,62.14,61.55
15147,Historical,146305,1,3,D,10,1,26816,147.8,2010,121,62.14,39.24
15148,Historical,462047,0,0,D,4,1,916713,193.95,2008,29,78.99,104.47
15149,Historical,55514,1,1,D,3,1,1340881,334.95,2006,48,153.92,6.69
15150,Historical,55572,0,0,D,4,1,1011993,224.95,2007,79,98.25,35
15151,Historical,183777,0,0,D,4,1,213522,150.95,2008,45,90.51,11.56
15152,Historical,518677,1,1,D,1,0,216602,82.95,2010,59,31.91,39.99
15153,Historical,289432,1,2,D,3,1,116709,90.9,2007,82,119.98,55.01
15154,Historical,610431,1,5,D,4,1,15904,93.99,2011,157,119.98,28.99
15155,Historical,115070,1,2,D,3,1,517934,125.2,2001,37,54.58,37.99
15156,Historical,101107,0,0,D,2,1,951838,123.95,1998,24,21.93,8.09
15157,Historical,51210,0,0,D,3,1,2311022,119.95,2004,57,21.93,10.98
15158,Historical,52392,0,0,D,12,1,36280,141.4,2008,171,95.66,38.99
15159,Historical,118177,1,1,D,0,0,728306,114.75,2006,71,37.94,64.98
15160,Historical,614816,0,0,D,0,0,688317,118.25,2001,62,37.94,17.22
15161,Historical,52391,1,1,D,11,1,259981,124.2,2005,126,95.66,27.97
15162,Historical,112109,1,1,D,0,0,763622,91.96,2001,92,29.65,10.49
15163,Historical,112278,0,0,D,0,0,351052,124,2005,66,29.65,43.89
15164,Historical,706792,0,0,D,0,0,2124897,6.29,2001,18,29.65,6.28
15165,Historical,872021,0,0,D,0,0,4454721,161.35,2008,17,101.39,72.73
15166,Historical,116463,0,0,D,2,1,216073,122.6,2003,33,101.39,81.83
15167,Historical,54407,0,0,D,2,1,470620,36.99,2004,70,8.82,16.39
15168,Historical,54408,1,1,D,3,1,31674,83.05,2008,94,8.82,47.56
15169,Historical,748208,0,0,D,7,1,1794134,33.99,2003,35,14.84,33.99
15170,Historical,192074,0,0,D,2,1,32539,85.89,2007,61,84.99,62.81
15171,Historical,710375,0,0,D,9,1,1707207,88,2000,39,31.18,30.53
15172,Historical,144586,0,0,D,3,1,2399005,81,2003,43,29.98,8.98
15173,Historical,55365,0,0,D,2,1,163902,166.95,2008,42,93.23,50.13
15174,Historical,118916,0,0,D,1,0,108678,114,2007,46,41.87,85.15
15175,Historical,617065,0,0,D,2,1,4768104,71,2000,36,29.98,19.96
15176,Historical,55366,0,0,D,1,0,488976,183.95,2005,49,93.23,25.36
15177,Historical,123283,0,0,D,1,0,62353,20,2002,716,0,7.09
15178,Historical,2448500,0,0,D,0,0,2411813,0,1991,18,0,63.27
15179,Historical,542749,0,0,D,1,0,783637,62.95,2004,19,59.91,75.8
15180,Historical,56299,1,2,D,4,1,41650,21.85,2009,144,26.91,10.94
15181,Historical,56295,1,2,D,3,1,1086224,24.95,2005,136,26.91,8.64
15182,Historical,56298,0,0,D,3,1,782191,7.49,2009,61,26.91,20.95
15183,Historical,326416,1,1,D,5,1,315716,150.8,2011,29,8.59,73.87
15184,Historical,137526,0,0,D,3,1,3493401,93.33,2008,38,8.59,12.99
15185,Historical,915778,1,2,D,3,1,673794,86.25,2004,34,58.06,33.99
15186,Historical,2678984,0,0,D,1,0,5540905,39.95,1992,22,39.6,27.87
15187,Historical,264277,0,0,D,4,1,607017,42.95,2007,47,0,23.32
15188,Historical,264238,0,0,D,3,1,674223,39.95,2004,54,0,19.26
15189,Historical,905839,0,0,D,2,1,2565780,49.95,2005,16,0,52.9
15190,Historical,61182,0,0,D,3,1,985356,55.95,2006,27,45.04,22.99
15191,Historical,2147987,0,0,D,2,1,3503462,37.98,2007,11,25.95,40.44
15192,Historical,788678,0,0,D,2,1,2841400,159,1999,29,78.64,48.79
15193,Historical,643959,0,0,D,0,0,1214618,272.99,2009,22,148.97,65.64
15194,Historical,191792,1,1,D,4,1,731695,100.85,1997,81,37.99,45.82
15195,Historical,2698466,0,0,D,2,1,4160773,46.95,2003,35,31.71,45.35
15196,Historical,1651419,0,0,D,3,1,2883697,54.95,2007,19,31.71,27.98
15197,Historical,157721,0,0,D,1,0,602308,56.95,2011,42,40.66,75.19
15198,Historical,904791,0,0,D,0,0,4376719,44.95,1990,21,71.57,47.94
15199,Historical,2602126,0,0,D,0,0,3912571,45.99,1996,35,53,44.21
15200,Historical,231567,0,0,D,2,1,32807,129.95,2011,114,94.67,28.48
15201,Historical,110740,0,0,D,1,0,447973,204.75,2011,59,98.99,38.99
15202,Historical,169826,0,0,D,12,1,958464,70.95,2008,18,96.54,175.23
15203,Historical,587608,0,0,D,13,1,953929,63.95,2012,27,96.54,46.16
15204,Historical,60293,0,0,D,5,1,195554,142.93,2001,46,86.47,29.95
15205,Historical,231534,1,8,D,1,0,353273,109.95,2008,116,94.67,29.42
15206,Historical,144145,0,0,D,5,1,220414,93,2000,42,86.47,48.15
15207,Historical,52211,1,1,D,5,1,68467,100.41,2009,98,82.16,51.15
15208,Historical,52210,0,0,D,4,1,344417,26.89,2006,105,82.16,26.33
15209,Historical,542390,0,0,D,3,1,1533499,86.95,1999,21,38.77,173.31
15210,Historical,184583,0,0,D,3,1,2410349,66.95,1996,27,38.77,34.09
15211,Historical,196490,0,0,D,1,0,3728192,75.95,2001,15,50.51,72.99
15212,Historical,832802,1,1,D,1,0,1060450,94.95,2002,24,88.94,26.98
15213,Historical,539263,0,0,D,9,1,124321,245.8,2012,61,145.91,32.43
15214,Historical,121588,0,0,D,8,1,722465,210.6,2011,60,145.91,28.99
15215,Historical,120779,0,0,D,7,1,1138959,202.2,2010,60,145.91,48.21
15216,Historical,100421,0,0,D,3,1,1025797,87.35,1998,31,98.98,55.09
15217,Historical,136852,1,1,D,1,0,733478,82,2001,44,63.97,74.02
15218,Historical,748361,0,0,D,3,1,3986279,73.61,2005,14,59.48,71.95
15219,Historical,114909,0,0,D,5,1,690524,162.2,2002,38,98.98,33.99
15220,Historical,134898,0,0,D,0,0,385615,40.01,2011,20,48.9,33.96
15221,Historical,3102469,0,0,D,2,1,1633148,68,2005,23,48.49,33.97
15222,Historical,290081,1,1,D,2,1,2187702,28.98,2007,39,58.48,93.04
15223,Historical,193723,0,0,D,8,1,344656,198,2010,29,178.99,63
15224,Historical,193553,0,0,D,7,1,763259,138,2007,32,178.99,53.99
15225,Historical,145669,1,1,D,10,1,194123,210,2008,68,128.79,37.87
15226,Historical,645599,0,0,D,0,0,3459079,53.95,2007,23,67.6,72.33
15227,Historical,434678,0,0,D,9,1,1073958,153.2,2005,59,128.79,49.99
15228,Historical,178606,0,0,D,3,1,1123051,102.95,2005,49,23.93,13.61
15229,Historical,608633,0,0,D,2,1,2000595,117.95,2003,30,23.93,32.96
15230,Historical,744874,0,0,D,1,0,2530702,114.95,2005,14,222.32,24.98
15231,Historical,621017,0,0,D,0,0,2013281,85.2,1995,28,39.97,9.94
15232,Historical,620354,1,2,D,0,0,1130801,146.47,2004,26,93.89,51.38
15233,Historical,533923,1,1,D,5,1,627369,263.95,2010,47,189.59,71.28
15234,Historical,178954,1,3,D,5,1,241114,263.95,2010,87,189.59,49.39
15235,Historical,903086,0,0,D,0,0,3417635,144,2005,15,76.99,18.49
15236,Historical,50082,1,3,D,12,1,66434,190.4,2009,53,98.92,59.81
15237,Historical,531009,0,0,D,14,1,62131,379.95,2012,94,88.99,16.94
15238,Historical,704145,0,0,D,5,1,966445,23.94,2003,42,71.98,23.9
15239,Historical,116374,0,0,D,10,1,737921,283.4,2011,36,149.29,58.65
15240,Historical,60303,0,0,D,8,1,1439221,41.59,2006,46,9.99,8.99
15241,Historical,545181,1,4,D,3,1,38390,261.3,2012,117,133.81,46.56
15242,Historical,286317,1,1,D,4,1,21998,311.4,2012,139,83.65,26.34
15243,Historical,543960,0,0,D,10,1,228116,18,2012,46,9.99,36.5
15244,Historical,899547,0,0,D,7,1,3226709,132.5,2009,19,97.91,49.74
15245,Historical,550550,0,0,D,1,0,529243,15.99,2008,45,33.69,155
15246,Historical,104708,1,1,D,16,1,1148385,85.75,1998,40,73.4,43.98
15247,Historical,192120,0,0,D,1,0,2284541,49.98,2007,20,133.81,52.18
15248,Historical,108363,0,0,D,18,1,219092,222.47,2004,20,73.4,71.18
15249,Historical,55364,0,0,D,9,1,678302,417.95,2011,45,79.67,29.72
15250,Historical,55363,0,0,D,8,1,848809,417.95,2008,64,79.67,54.47
15251,Historical,55362,0,0,D,7,1,876812,433.95,2005,86,79.67,14.98
15252,Historical,288947,0,0,D,8,1,750814,274.95,2009,41,62.62,1868.56
15253,Historical,148777,1,1,D,8,1,1062874,285.95,2009,30,62.62,52.71
15254,Historical,54280,1,1,D,6,1,258057,30.68,2010,51,33.99,46.54
15255,Historical,54283,0,0,D,5,1,1798020,7.98,2007,36,33.99,26.55
15256,Historical,766348,1,2,D,10,1,349943,409.95,2010,42,162.86,72.97
15257,Historical,537979,0,0,D,7,1,981706,435.95,2007,81,192.3,11
15258,Historical,53994,1,2,D,18,1,53116,179.95,2008,148,152.58,46.8
15259,Historical,110069,1,1,D,8,1,172023,312.25,2009,105,71.98,35.93
15260,Historical,548471,0,0,D,6,1,3283735,67.5,1990,18,0,0
15261,Historical,178964,1,2,D,13,1,656668,417.95,2010,106,88.99,15.29
15262,Historical,696500,0,0,D,18,1,1768933,112.25,2009,42,152.58,23.29
15263,Historical,699011,0,0,D,1,0,3907860,99,2008,13,33.69,57.06
15264,Historical,740972,0,0,D,8,1,444324,220,2007,40,149.29,14.88
15265,Historical,162795,0,0,D,9,1,555926,30.14,2009,83,9.99,38.96
15266,Historical,192013,0,0,D,2,1,476230,44.98,2009,99,133.81,16.21
15267,Historical,286436,0,0,D,3,1,184779,254.2,2009,94,83.65,19.15
15268,Historical,728301,0,0,D,6,1,3968904,96.8,2001,25,118.49,7.99
15269,Historical,254078,0,0,D,5,1,1333595,331.95,2009,34,101.43,25.97
15270,Historical,60300,0,0,D,4,1,2533099,269.95,2007,28,101.43,17.99
15271,Historical,110449,0,0,D,8,1,1230762,11.97,2006,56,102.48,11.19
15272,Historical,54714,0,0,D,8,1,1386791,147.67,2007,34,118.49,46.49
15273,Historical,110346,0,0,D,7,1,144433,33.98,2007,68,71.98,33.23
15274,Historical,531028,0,0,D,3,1,3184687,103.25,2009,14,63.98,69.9
15275,Historical,417073,0,0,D,2,1,6478923,0,2006,17,63.98,38.99
15276,Historical,531024,0,0,D,2,1,180987,95,2009,38,26.71,61.61
15277,Historical,259977,0,0,D,1,0,2538623,81,2000,19,26.71,12.95
15278,Historical,286453,0,0,D,2,1,209037,245.2,2009,78,113.98,38.59
15279,Historical,60296,1,1,D,1,0,1711818,173.33,2004,40,113.98,17.22
15280,Historical,1590546,0,0,D,1,0,2401463,58.5,2009,11,32.32,33.4
15281,Historical,178656,0,0,D,7,1,379641,417.95,2010,46,68.06,79.65
15282,Historical,60297,0,0,D,5,1,2557870,302.95,2007,42,68.06,13.99
15283,Historical,148632,1,1,D,6,1,731958,401.95,2008,62,68.06,18.67
15285,Historical,252844,0,0,D,2,1,750006,278,2012,55,19.74,58.95
15286,Historical,60302,0,0,D,12,1,758179,459.95,2008,75,88.99,8.81
15287,Historical,561222,0,0,D,9,1,907351,233.33,2009,51,149.29,23.94
15288,Historical,157573,0,0,D,2,1,996499,70.95,2010,32,67.94,55.18
15289,Historical,749439,0,0,D,1,0,5154236,94.3,2005,18,58.94,47.8
15290,Historical,569913,0,0,D,2,1,1361115,131,1997,18,105.18,51.25
15291,Historical,51345,0,0,D,6,1,126118,23.93,2006,54,82.4,26.97
15292,Historical,118565,1,1,D,5,1,207022,168,2006,46,123.99,50.81
15293,Historical,115620,1,1,D,4,1,1595126,158,2003,33,123.99,23.94
15294,Historical,146480,0,0,D,5,1,938460,41.4,2011,69,14.49,38.93
15295,Historical,434718,0,0,D,8,1,1890712,173.33,2006,38,160.65,19.49
15296,Historical,146123,0,0,D,2,1,338399,220,2009,57,158.25,25.99
15297,Historical,121597,0,0,D,17,1,331440,41.4,2011,48,44.4,28.99
15298,Historical,539419,0,0,D,18,1,31157,47.8,2013,48,44.4,36.76
15299,Historical,145432,0,0,D,15,1,1677346,33.33,2007,77,44.4,8.99
15300,Historical,112514,0,0,D,4,1,664934,63.95,2011,69,26.33,28.16
15302,Historical,60298,0,0,D,3,1,576616,78,2000,28,35.43,10.99
15303,Historical,537678,0,0,D,20,1,83114,55.98,2012,86,72.49,113.23
15304,Historical,285417,0,0,D,18,1,273242,22.84,2007,30,72.49,23.99
15305,Historical,110452,0,0,D,19,1,399991,99.75,2009,39,72.49,53.46
15306,Historical,61176,0,0,D,3,1,1098872,193.33,2007,29,132.99,11.48
15307,Historical,144867,0,0,D,2,1,2148717,129.33,2004,29,132.99,29.05
15308,Historical,121569,1,1,D,4,1,210619,233.4,2010,42,132.99,152.07
15309,Historical,290352,0,0,D,3,1,1356563,8.89,2003,44,67.13,8.89
15310,Historical,166576,0,0,D,4,1,504472,15.98,2006,73,67.13,30
15311,Historical,153888,0,0,D,5,1,270839,21.93,2005,50,33.98,6.49
15312,Historical,154204,1,1,D,3,1,630272,36.74,2000,52,127.62,15.98
15313,Historical,117630,1,1,D,5,1,355430,126.67,2005,28,101.99,33.99
15314,Historical,120762,0,0,D,6,1,167222,156.2,2009,46,101.99,53.33
15315,Historical,50626,0,0,D,10,1,2404911,345.95,2005,60,47.38,16.89
15316,Historical,50628,1,1,D,11,1,1050697,421.95,2008,56,47.38,28.99
15317,Historical,500050,0,0,D,11,1,1321987,383.95,2010,33,47.38,8.99
15318,Historical,112150,0,0,D,1,0,784112,129,2002,62,51.99,20.39
15319,Historical,112321,1,10,D,1,0,221744,179.75,2007,101,51.99,27.98
15320,Historical,119120,0,0,D,7,1,259703,283.4,2011,80,27.22,17.3
15321,Historical,54009,0,0,D,6,1,1039553,233.33,2009,70,27.22,43.94
15322,Historical,55356,1,1,D,8,1,1448794,331.95,2007,56,162.86,48.07
15323,Historical,531005,0,0,D,10,1,159776,35.99,2010,75,102.48,54.93
15324,Historical,110066,1,2,D,9,1,1113595,11.76,2008,75,102.48,13.32
15325,Historical,118289,1,2,D,15,1,1216032,233.33,2010,82,182.89,9.65
15326,Historical,285625,0,0,D,1,0,237190,138.75,2007,90,35.08,32.54
15327,Historical,112242,0,0,D,3,1,583144,130.75,2004,60,35.08,18.99
15328,Historical,119118,0,0,D,16,1,81164,225,2011,107,166.46,33.91
15329,Historical,539362,1,1,D,17,1,12473,257.6,2013,98,166.46,37.75
15330,Historical,146087,0,0,D,15,1,301025,186.67,2009,85,176.99,29.08
15331,Historical,54713,0,0,D,7,1,3331706,109.33,2004,25,118.49,14.94
15332,Historical,748101,0,0,D,6,1,2051918,100,2001,38,29.61,4
15333,Historical,153867,0,0,D,7,1,125835,138,2004,39,29.61,79.51
15334,Historical,182947,0,0,D,6,1,1218983,56.61,2004,55,192.3,41.77
15335,Historical,52801,1,2,D,6,1,70064,57.98,2008,109,91.04,68.04
15336,Historical,3049331,0,0,D,0,0,9748274,129.95,1995,19,90.62,10
15337,Historical,57587,0,0,D,1,0,310040,55.26,2008,44,143.02,66.27
15338,Historical,913483,0,0,D,0,0,2185942,59.65,1998,22,107.2,4.99
15340,Historical,877030,1,1,D,0,0,1555335,49.33,2009,45,107.88,50.91
15341,Historical,290987,1,1,D,13,1,108719,225.95,2011,76,107.88,38.96
15342,Historical,179150,1,1,D,12,1,128054,237.95,2008,66,107.88,23.78
15343,Historical,60304,0,0,D,11,1,567019,167.95,2005,68,107.88,15.66
15344,Historical,530996,0,0,D,4,1,85782,53.95,2012,33,19.64,21.42
15345,Historical,158312,1,1,D,3,1,830810,48.95,2008,46,19.64,28.63
15346,Historical,213173,0,0,D,2,1,708971,38.95,2004,45,19.64,47.53
15347,Historical,832397,0,0,D,0,0,2984705,84.35,1999,17,37.98,73.21
15348,Historical,197884,0,0,D,1,0,3382770,93.39,2007,21,37.98,72.75
15349,Historical,213084,0,0,D,3,1,1534352,100,2004,23,68.41,7.23
15350,Historical,626309,0,0,D,4,1,91799,109.95,2009,30,68.41,14.14
15351,Historical,592781,0,0,D,0,0,2052482,146,2009,23,128.99,15.99
15352,Historical,131733,0,0,D,5,1,699058,132,2003,52,88.98,38.2
15353,Historical,607659,1,1,D,4,1,2530363,106.2,1997,39,88.98,14.88
15354,Historical,51327,0,0,D,5,1,217450,284.95,2007,61,6.56,26.56
15355,Historical,110365,1,1,D,8,1,382753,32.04,2007,29,133.99,28.98
15356,Historical,107198,0,0,D,6,1,2089399,91.87,2000,33,133.99,14.83
15357,Historical,51329,0,0,D,4,1,370793,148.95,2003,69,6.56,12.99
15358,Historical,108386,0,0,D,7,1,1009314,28.1,2004,26,133.99,23.94
15359,Historical,117289,1,1,D,5,1,507522,117.33,2006,50,82.44,12.99
15360,Historical,118980,0,0,D,6,1,196010,150.6,2010,57,82.44,73
15361,Historical,199263,1,3,D,0,0,1925898,46.95,2003,45,44.16,4.05
15362,Historical,248080,0,0,D,2,1,217529,56,2009,35,44.16,41.98
15363,Historical,169901,0,0,D,1,0,593569,199.95,2010,36,103.77,58.39
15364,Historical,131697,0,0,D,5,1,487221,130.67,2003,27,71.23,45.77
15365,Historical,116138,0,0,D,4,1,2177278,78.67,2005,44,48.99,8.99
15366,Historical,711363,0,0,D,3,1,3410316,61.33,2001,27,48.99,9.32
15367,Historical,870496,0,0,D,3,1,1384133,130.67,2005,44,92.04,5.78
15368,Historical,287587,0,0,D,4,1,602181,158.8,2008,23,92.04,36.18
15369,Historical,177639,1,1,D,4,1,896612,351.95,2001,30,83.08,51.99
15370,Historical,165733,0,0,D,1,0,3727348,7.92,2006,30,52.99,11.91
15371,Historical,162173,0,0,D,2,1,280671,15.99,2008,47,52.99,36.83
15372,Historical,108258,0,0,D,2,1,2743514,7.98,2003,31,94.99,7.98
15373,Historical,111988,1,1,D,26,1,1369542,23.88,2011,30,44.66,23.99
15374,Historical,108956,0,0,D,2,1,3603600,0,2006,23,94.99,12.87
15375,Historical,132107,1,2,D,0,0,1827710,124.67,2005,23,40.94,49.98
15376,Historical,51363,0,0,D,11,1,317376,173.8,2010,51,100.06,73.27
15377,Historical,132388,0,0,D,10,1,878658,147.4,2007,78,100.06,48.86
15378,Historical,428393,1,1,D,10,1,449467,124.67,2006,118,84.78,16.98
15379,Historical,51367,1,3,D,10,1,177584,53.99,2006,150,84.78,19.72
15380,Historical,120873,0,0,D,6,1,183850,136,2007,83,126.89,43.99
15381,Historical,613884,0,0,D,1,0,1061252,95.6,2002,41,40.94,38.99
15382,Historical,52747,0,0,D,9,1,94011,158.67,2008,101,76.99,22.99
15383,Historical,110606,1,5,D,3,1,1141740,23.88,2006,78,94.99,23.81
15384,Historical,116110,0,0,D,5,1,684353,115.33,2005,97,126.89,18.98
15385,Historical,887925,0,0,D,0,0,9969196,0,2003,14,63.95,0
15386,Historical,117313,0,0,D,7,1,726522,106.67,2006,108,50.99,23.58
15387,Historical,50180,0,0,D,8,1,92878,173.8,2009,53,50.99,59.1
15388,Historical,131607,1,1,D,2,1,1278759,122.2,2004,48,73.95,26.41
15389,Historical,50712,0,0,D,5,1,540616,146.67,2007,64,58.33,51.49
15390,Historical,52172,1,6,D,3,1,247973,153.33,2007,114,93.98,10.24
15391,Historical,52135,0,0,D,9,1,22437,151.8,2008,116,30.62,18.29
15392,Historical,52134,0,0,D,8,1,446691,114.67,2005,134,30.62,10.85
15393,Historical,247910,0,0,D,3,1,863347,99.95,2007,39,73.95,27.6
15394,Historical,51256,1,1,D,9,1,191580,23.99,2009,59,30.08,37.83
15395,Historical,51255,1,2,D,8,1,1251302,8.97,2006,56,30.08,10.99
15396,Historical,181806,0,0,D,3,1,1278269,44.99,2001,32,26.59,27
15397,Historical,313692,0,0,D,0,0,3687650,37.33,2003,29,45.52,4.33
15398,Historical,118167,0,0,D,2,1,1116338,75,2007,42,45.52,18.25
15399,Historical,60305,1,3,D,1,0,1450582,65.6,2006,39,31.23,4.13
15400,Historical,800366,0,0,D,0,0,1301686,44.95,2006,31,55.38,6.48
15401,Historical,248157,0,0,D,2,1,729383,64,2010,41,55.38,47.13
15402,Historical,608676,1,1,D,10,1,1065643,162.95,2000,21,690.59,101.45
15403,Historical,178799,1,1,D,9,1,2390056,88.95,1996,16,690.59,103.07
15404,Historical,225750,0,0,D,4,1,1727990,139.95,2004,19,101.1,33.47
15405,Historical,376055,0,0,D,2,1,4982874,117.95,1995,17,41.34,73.61
15406,Historical,390957,0,0,D,3,1,363702,85,2004,30,41.34,76.83
15407,Historical,606892,0,0,D,11,1,2799728,5,2003,42,76.82,19.99
15408,Historical,285403,0,0,D,13,1,106859,17.94,2009,58,76.82,17.12
15409,Historical,60306,0,0,D,12,1,552911,17.36,2006,57,76.82,23.85
15410,Historical,254491,0,0,D,7,1,496180,119.95,2011,59,46.97,17.99
15411,Historical,55278,0,0,D,7,1,190872,161.95,2007,93,98.99,43.99
15412,Historical,544590,1,2,D,12,1,33499,293.95,2013,88,43.96,80.24
15413,Historical,519191,1,4,D,10,1,345852,319.95,2006,64,43.96,13.99
15414,Historical,178933,0,0,D,11,1,95744,304.95,2010,96,43.96,25.47
15415,Historical,248255,0,0,D,3,1,142357,116,2011,35,66.66,73.15
15416,Historical,298231,1,2,D,1,0,2024821,74.95,2005,47,66.66,4.72
15417,Historical,247926,0,0,D,2,1,482987,93.95,2008,50,66.66,22.87
15418,Historical,113069,0,0,D,2,1,881632,91.95,2006,22,19.81,85.99
15419,Historical,112968,0,0,D,1,0,1869414,74.95,2001,15,19.81,39.75
15420,Historical,129669,1,1,D,1,0,113400,54.99,2001,80,21.74,10.98
15421,Historical,55011,0,0,D,7,1,33692,71.93,2008,118,42.5,28.96
15422,Historical,55010,0,0,D,6,1,1472863,53.95,2004,92,42.5,6.97
15423,Historical,229228,0,0,D,0,0,1938017,56.97,1997,39,32.62,44.87
15424,Historical,644576,1,1,D,7,1,222538,107,2012,31,22.91,98.23
15425,Historical,873138,0,0,D,5,1,1858145,0,2005,24,22.91,20.94
15426,Historical,57017,0,0,D,5,1,977245,301.95,2011,66,135.74,8.79
15427,Historical,57015,1,1,D,3,1,161818,235.95,2007,53,135.74,38.74
15428,Historical,276944,0,0,D,2,1,271948,54.95,2006,17,0,0
15429,Historical,264630,0,0,D,2,1,4012761,78,2005,13,56.74,53.33
15430,Historical,200527,1,1,D,2,1,606080,163.95,2009,42,69.54,60.51
15431,Historical,200310,0,0,D,1,0,1776676,93.95,2004,50,69.54,13.98
15432,Historical,200063,0,0,D,3,1,595688,111.95,2003,37,50.33,28.61
15433,Historical,196683,0,0,D,3,1,459161,62.95,2003,39,50.82,28.99
15434,Historical,264502,0,0,D,4,1,2267778,59.95,2003,33,79.99,6.65
15435,Historical,268215,0,0,D,5,1,235879,66.95,2007,44,79.99,45.77
15436,Historical,161601,0,0,D,4,1,1617948,50,2006,42,34.66,13.96
15437,Historical,297900,0,0,D,6,1,214468,60,2011,51,34.66,11.35
15438,Historical,162743,1,1,D,5,1,449815,50,2009,83,34.66,11.47
15439,Historical,3608924,0,0,D,2,1,5545280,25.95,1987,17,0,59.57
15440,Historical,261429,0,0,D,1,0,1458663,30,2003,38,39.98,8.59
15441,Historical,402797,0,0,D,5,1,711666,73.95,2011,17,78.46,88.28
15442,Historical,714573,0,0,D,1,0,4758669,37,1998,20,39.42,26.97
15443,Historical,876979,1,1,D,7,1,2708584,44.97,2010,18,103.36,32.49
15444,Historical,52870,1,1,D,6,1,659725,124,2006,78,103.36,8.99
15445,Historical,246293,0,0,D,2,1,3623507,39.95,2004,16,35.94,6.15
15446,Historical,711448,0,0,D,2,1,328762,90,2003,21,81.5,12.99
15447,Historical,60307,0,0,D,3,1,1560582,122.67,2006,65,81.5,41.99
15448,Historical,286457,0,0,D,4,1,233257,150.8,2009,31,81.5,22.71
15449,Historical,913393,0,0,D,1,0,2292563,32,2004,30,42.45,10.54
15450,Historical,918622,0,0,D,1,0,243799,59,2000,45,42.45,8.98
15451,Historical,58425,0,0,D,9,1,78767,75,2011,50,35.98,63.81
15452,Historical,60308,1,1,D,7,1,172257,44,2005,49,35.98,15.99
15453,Historical,58426,0,0,D,8,1,191400,60,2008,56,35.98,33.98
15454,Historical,298226,1,1,D,3,1,115807,124,2005,64,63.41,55.88
15455,Historical,133072,1,1,D,9,1,700996,101.67,2010,54,44.9,30.17
15456,Historical,607951,1,1,D,8,1,2281465,86.4,2007,53,44.9,23.94
15457,Historical,147316,0,0,D,9,1,527940,130.95,2008,85,70.59,33.99
15458,Historical,128924,0,0,D,2,1,535234,49.95,2004,78,40.25,20.84
15459,Historical,248977,0,0,D,4,1,359096,79.95,2007,47,64.94,23.97
15460,Historical,2511464,0,0,D,0,0,1329687,19.94,1981,84,18.25,18.99
15461,Historical,246324,0,0,D,2,1,1182863,54.95,2004,41,0,0
15462,Historical,117228,0,0,D,2,1,348449,73.4,2006,39,63.98,32.99
15463,Historical,110472,0,0,D,7,1,554775,23.98,2007,31,47.31,37.49
15464,Historical,183179,1,1,D,1,0,320568,223.95,2004,38,83.99,33.98
15465,Historical,911752,0,0,D,5,1,303763,182,2011,28,52.2,72.34
15466,Historical,298583,0,0,D,4,1,2213494,19.99,2007,23,52.2,19.95
15467,Historical,157379,0,0,D,1,0,3545298,62.95,2006,17,44.81,62.47
15468,Historical,206123,0,0,D,2,1,561089,55,2007,86,35.99,16.48
15469,Historical,163348,0,0,D,3,1,36894,65,2011,58,35.99,35.37
15470,Historical,918601,0,0,D,1,0,535793,65,2006,47,33.2,31.99
15471,Historical,251212,0,0,D,2,1,2390217,4,2009,38,33.94,4.03
15472,Historical,183563,0,0,D,2,1,2273581,78.95,2007,35,33.94,7.66
15473,Historical,254178,0,0,D,3,1,653036,81.95,2010,58,33.94,13.93
15474,Historical,564570,0,0,D,0,0,3291455,61.95,2003,20,0,44.92
15475,Historical,119062,0,0,D,3,1,1765135,0,1997,25,24.94,25.29
15476,Historical,621057,0,0,D,2,1,4401207,74,1992,26,24.94,46.09
15477,Historical,724850,0,0,D,6,1,5139988,110,2007,14,0,52.01
15479,Historical,118136,0,0,D,8,1,187024,172,2007,67,147.75,29.99
15480,Historical,607389,1,1,D,7,1,2096798,143,2006,19,54.55,37.98
15481,Historical,914466,0,0,D,7,1,293111,48.28,2007,23,54.55,48.56
15482,Historical,607273,0,0,D,6,1,628694,126.6,2003,19,54.55,23.98
15483,Historical,61140,0,0,D,7,1,274788,116,2004,56,147.75,46.88
15484,Historical,496098,0,0,D,2,1,1347125,113.95,2008,16,90.51,53.99
15485,Historical,225906,1,1,D,1,0,2868420,99.95,2004,19,90.51,73.98
15486,Historical,2403358,0,0,D,0,0,649403,60,1981,18,89.98,76.83
15487,Historical,229397,0,0,D,3,1,615362,44.99,2004,29,25.99,38.87
15488,Historical,627175,0,0,D,2,1,1003535,39.95,1994,51,25.99,25.03
15489,Historical,698694,1,4,D,0,0,86306,61.86,2001,14,0,59.81
15490,Historical,110809,0,0,D,6,1,344655,102.25,2002,28,42.06,78.99
15491,Historical,103962,0,0,D,3,1,1078525,131.25,1998,25,92.99,43.1
15492,Historical,2472772,0,0,D,0,0,7141537,0,1986,14,77.98,62.01
15493,Historical,907037,0,0,D,2,1,1080733,111.85,1991,20,27.21,61.89
15494,Historical,2473165,0,0,D,0,0,3125503,61.5,1989,17,95.74,52.69
15495,Historical,2470483,1,1,D,2,1,2842404,0,1994,17,77.98,57.49
15496,Historical,388336,1,1,D,9,1,944571,213.95,2009,34,45.42,39.99
15497,Historical,623501,1,2,D,1,0,57911,104.17,2009,37,141.15,118.05
15498,Historical,2336260,0,0,D,0,0,2060853,126.75,1985,19,43.84,64.29
15499,Historical,762905,0,0,D,4,1,3687674,90,1998,13,50.38,61.33
15500,Historical,623175,0,0,D,1,0,1049710,165,2003,18,33.48,133.97
15501,Historical,300118,0,0,D,2,1,3387879,72,2005,20,0,23.99
15502,Historical,530957,0,0,D,4,1,714491,41.95,2010,13,45.94,77.76
15503,Historical,897901,0,0,D,2,1,3275032,39.95,2001,16,53.98,94.03
15504,Historical,223006,0,0,D,5,1,380005,169.95,1996,30,57.27,43.98
15505,Historical,1731783,0,0,D,0,0,3212464,154.95,2009,18,143.64,12.39
15506,Historical,1731790,0,0,D,0,0,2731886,169.95,2010,20,143.64,72.79
15508,Historical,50692,0,0,D,4,1,174948,167,2007,53,113.98,23.77
15509,Historical,50691,0,0,D,3,1,208783,139,2004,59,113.98,41.46
15510,Historical,807063,0,0,D,2,1,1718515,89.95,2007,26,60.1,28.31
15511,Historical,245132,0,0,D,1,0,2353172,94.95,2004,24,60.1,51.5
15512,Historical,778800,0,0,D,4,1,1951446,191.95,2010,15,143.24,156.43
15513,Historical,778593,0,0,D,3,1,2583285,198.95,2008,12,143.24,124
15514,Historical,2869904,0,0,D,2,1,1894577,98.95,1997,13,124.89,72.49
15515,Historical,286447,1,16,D,1,0,1283058,89.33,2008,39,84.56,31.32
15516,Historical,642275,1,4,D,7,1,94249,130.75,2011,35,74.45,98
15517,Historical,634012,1,5,D,0,0,1013691,125.33,2008,24,74.45,36.49
15518,Historical,717195,1,7,D,0,0,1313528,174.25,2008,26,25.64,25.69
15519,Historical,655484,1,3,D,7,1,93817,130.75,2011,29,25.64,63.82
15520,Historical,635977,1,2,D,1,0,1538530,174.25,2008,23,80,84.98
15521,Historical,115043,0,0,D,4,1,1439897,125,1999,20,124.44,62.23
15522,Historical,677782,1,4,D,3,1,1496607,24,2005,22,88.24,33.76
15523,Historical,222824,1,7,D,4,1,103257,112,2009,46,88.24,73.27
15524,Historical,222836,1,2,D,3,1,881123,80,2007,53,57.04,38.94
15525,Historical,222837,0,0,D,3,1,1703035,36,2007,19,57.04,11.99
15526,Historical,128951,0,0,D,7,1,798039,79.95,2004,32,45.09,9.81
15527,Historical,530944,0,0,D,8,1,874509,55,2009,18,45.09,59.04
15528,Historical,106303,1,1,D,3,1,2808378,79.95,2005,15,43.98,67.65
15529,Historical,2332698,0,0,D,1,0,8876040,69.95,1994,24,43.98,23.99
15530,Historical,202315,0,0,D,2,1,6388300,111.95,2001,15,110.39,12.48
15531,Historical,243814,0,0,D,3,1,370137,169.95,2011,53,41.58,72.86
15532,Historical,245263,0,0,D,2,1,1614363,156.95,2005,55,41.58,52.58
15533,Historical,530942,0,0,D,14,1,159168,123.95,2011,52,63.69,40
15534,Historical,253868,0,0,D,13,1,724881,123.95,2008,41,63.69,21.97
15535,Historical,797682,0,0,D,12,1,2509353,157.95,2004,53,63.69,31.97
15536,Historical,249931,0,0,D,13,1,1699161,116.95,2007,33,29.12,23.44
15537,Historical,245106,0,0,D,12,1,1873810,122.95,2004,31,29.12,38.5
15538,Historical,243822,0,0,D,14,1,558824,116.95,2011,24,29.12,36.99
15539,Historical,245102,0,0,D,15,1,1314827,152.95,2004,45,58.89,24.43
15540,Historical,249900,1,4,D,16,1,585141,117.95,2007,41,58.89,43.41
15541,Historical,534611,1,1,D,7,1,680246,49.5,2008,16,0,0
15542,Historical,109666,0,0,D,7,1,733560,0,2007,24,113.98,48.99
15543,Historical,253837,0,0,D,9,1,1979014,118.95,2008,17,72.11,128.8
15544,Historical,797787,1,1,D,8,1,208420,127.95,2005,16,72.11,98.7
15545,Historical,245247,1,1,D,8,1,5613337,90.95,2005,16,62.79,23.94
15546,Historical,797789,0,0,D,8,1,2963222,113.95,2005,21,43.99,12.99
15547,Historical,253832,1,1,D,9,1,1516254,118.95,2008,42,43.99,29.54
15548,Historical,266987,0,0,D,7,1,1872032,76,2008,23,56.17,43.89
15549,Historical,259345,1,3,D,6,1,2997278,53.28,1998,32,56.17,10.35
15550,Historical,245237,0,0,D,5,1,898543,285.95,2005,35,75.99,136.92
15551,Historical,253923,0,0,D,6,1,697376,259.95,2009,26,75.99,69.51
15552,Historical,243800,0,0,D,2,1,771409,75,2011,21,52.42,84.36
15553,Historical,113619,1,1,D,3,1,2815703,110.8,2002,16,119.98,67
15555,Historical,2374100,1,1,D,2,1,1731074,160.4,2005,14,128.34,110.63
15556,Historical,202415,0,0,D,6,1,702410,136.95,2002,40,103.61,18.98
15557,Historical,243813,1,4,D,8,1,135056,249.95,2010,48,103.61,81.65
15558,Historical,249868,0,0,D,7,1,1138038,264.95,2006,34,103.61,57.87
15559,Historical,873239,1,2,D,1,0,3513666,150.37,2005,21,88.19,58.95
15560,Historical,285357,0,0,D,1,0,835850,149.75,2006,30,88.19,63.99
15561,Historical,620439,0,0,D,2,1,494245,66.6,1976,63,44.89,63.96
15562,Historical,551287,1,1,D,6,1,1247158,15.86,2003,26,50.94,15.86
15563,Historical,111616,1,4,D,3,1,276485,107.75,2011,19,75.05,67.66
15564,Historical,868306,0,0,D,1,0,1126701,114.72,1980,15,99.68,86.42
15565,Historical,3472941,0,0,D,0,0,3632057,85,1991,16,0,68.37
15567,Historical,299701,1,1,D,0,0,1624957,92.95,2000,35,96.98,173.23
15568,Historical,2674832,0,0,D,2,1,677194,106.32,1970,26,35.19,65.63
15569,Historical,2339252,0,0,D,0,0,1158472,118.05,1989,19,85.3,69.25
15570,Historical,831055,0,0,D,0,0,2428026,69,1998,11,83.98,135.6
15571,Historical,2442915,0,0,D,1,0,5680981,159,2000,9,148.66,335.13
15572,Historical,443406,1,1,D,4,1,448278,64.95,2012,45,56.99,31.38
15573,Historical,158166,0,0,D,3,1,1176389,52.95,2008,23,56.99,43.99
15574,Historical,120794,0,0,D,6,1,587210,217.6,2009,37,112.31,35.99
15575,Historical,867470,1,1,D,11,1,21674,201.95,2014,67,88.99,81.73
15576,Historical,118295,0,0,D,7,1,72820,253.2,2011,47,112.31,67.99
15577,Historical,51708,0,0,D,9,1,686126,210.95,2010,106,88.99,21.3
15578,Historical,117637,0,0,D,4,1,1566687,166.67,2005,49,112.31,10.37
15579,Historical,51711,1,5,D,8,1,1352538,222.95,2008,73,88.99,10.98
15580,Historical,2387880,0,0,D,0,0,6914420,74,1991,16,33.99,48.83
15581,Historical,3262806,0,0,D,4,1,456272,0,1998,16,52.38,94.22
15582,Historical,635988,0,0,D,4,1,1819739,136,1998,17,52.38,58.83
15583,Historical,637980,0,0,D,1,0,1051829,137.2,2000,17,112.97,150.33
15584,Historical,114095,0,0,D,8,1,1937514,126.7,2001,21,88.86,25.99
15585,Historical,713907,0,0,D,5,1,1340259,110,2000,18,44.75,56.95
15586,Historical,905464,0,0,D,4,1,3759357,110,1996,19,44.75,62.89
15587,Historical,242245,0,0,D,4,1,2962350,99.95,1999,19,85.43,73.97
15588,Historical,607414,0,0,D,8,1,75870,160,2007,26,107.97,83.28
15589,Historical,711219,0,0,D,6,1,2803873,115,2001,32,107.97,13.99
15590,Historical,115936,0,0,D,7,1,612790,136,2004,31,107.97,48.46
15591,Historical,650243,0,0,D,8,1,269003,169.6,2007,15,59.98,109.9
15592,Historical,649705,0,0,D,2,1,234800,207,2012,55,539.26,45.04
15593,Historical,143257,1,1,D,1,0,1568827,166.25,2008,30,539.26,13.98
15594,Historical,3086413,0,0,D,1,0,3997185,95,2005,11,74.54,22.31
15595,Historical,870698,0,0,D,3,1,3521770,69.95,2006,19,42.24,10.89
15596,Historical,618976,0,0,D,4,1,558158,69.95,2009,39,42.24,20.88
15597,Historical,612994,0,0,D,2,1,982475,5.16,2010,105,23.94,5.49
15598,Historical,607788,0,0,D,5,1,1924167,51.95,2007,32,55.09,37.99
15599,Historical,650136,0,0,D,3,1,2704685,125,2000,17,76.46,49
15600,Historical,109665,0,0,D,7,1,192609,255,2006,49,147.54,77.57
15601,Historical,633618,1,1,D,5,1,1621277,76.5,1993,57,147.54,29.98
15603,Historical,2373676,0,0,D,2,1,7726967,0,2004,17,0,43.94
15604,Historical,623011,0,0,D,1,0,2190099,91.67,1992,56,55.53,20.98
15605,Historical,788250,1,1,D,2,1,2356770,175.95,2001,28,57.26,39.98
15606,Historical,658856,0,0,D,4,1,1459257,99.5,2009,18,78.11,158.83
15607,Historical,607113,0,0,D,6,1,1462190,100,1999,35,165.41,44.38
15608,Historical,115278,0,0,D,7,1,407075,122.4,2002,31,165.41,62.97
15609,Historical,644095,0,0,D,3,1,2508043,126.2,2006,15,78.11,57.85
15610,Historical,657771,0,0,D,4,1,2053271,150,1996,23,8.96,56.19
15611,Historical,249821,0,0,D,5,1,1190039,215.95,2006,22,64.74,80.25
15612,Historical,243832,0,0,D,6,1,693103,212.95,2011,31,64.74,83.89
15613,Historical,115111,1,1,D,5,1,502659,120,2000,23,106.26,33.98
15614,Historical,286212,0,0,D,7,1,626862,132.4,2006,21,106.26,133.73
15615,Historical,115747,1,3,D,6,1,416552,131.2,2003,32,106.26,32.99
15616,Historical,711405,0,0,D,1,0,3944950,123.6,2001,21,71.88,30.22
15617,Historical,873769,0,0,D,2,1,3531182,0,2005,16,71.88,64.96
15618,Historical,116109,0,0,D,2,1,155006,137.4,2005,25,71.88,61.74
15619,Historical,246234,0,0,D,4,1,1081696,68.95,2006,35,52.97,37.73
15620,Historical,756841,0,0,D,1,0,453517,175,1997,22,98.76,72.55
15621,Historical,159495,0,0,D,11,1,2176581,83.95,2001,16,64.25,44.58
15622,Historical,51549,0,0,D,6,1,50331,137.2,2009,145,119.94,23.98
15623,Historical,51548,0,0,D,5,1,206942,112.4,2006,117,119.94,28.61
15624,Historical,169220,0,0,D,3,1,5365130,245,2004,14,107.41,13.94
15625,Historical,51307,0,0,D,7,1,1554096,158,2005,96,121.58,5.57
15626,Historical,703514,0,0,D,3,1,5201856,0,2000,32,74.77,12.49
15627,Historical,561259,0,0,D,8,1,2955638,219.33,2009,19,121.58,77.36
15628,Historical,108637,0,0,D,5,1,1301474,33.98,2005,41,74.77,47.33
15629,Historical,875608,0,0,D,1,0,3712552,23.35,2007,18,83.98,23.35
15630,Historical,290915,1,3,D,3,1,1378255,172.95,2005,43,107.41,23.98
15631,Historical,169687,1,1,D,4,1,1178456,299.95,2008,61,107.41,15.86
15632,Historical,51308,0,0,D,8,1,219187,206,2009,107,121.58,21
15633,Historical,764377,0,0,D,7,1,991042,92.95,2003,36,98.77,19.37
15634,Historical,169453,0,0,D,8,1,882860,183.95,2007,66,98.77,39.98
15635,Historical,254118,0,0,D,9,1,724675,294.95,2010,60,96.73,23.47
15636,Historical,169437,0,0,D,8,1,1033398,231.95,2006,29,96.73,45.2
15637,Historical,183557,1,1,D,4,1,2559739,311.95,2007,27,129.74,18.99
15638,Historical,288675,0,0,D,2,1,605855,188,2009,38,83.98,53.99
15639,Historical,179149,0,0,D,5,1,1003978,294.95,2009,53,129.74,47.27
15640,Historical,869974,0,0,D,0,0,2792367,168,2007,18,43.62,0
15641,Historical,118152,1,1,D,7,1,1312304,158,2006,64,96.69,23.86
15642,Historical,146189,0,0,D,8,1,204224,206,2010,242,96.69,17.65
15643,Historical,182993,0,0,D,4,1,1886799,257.95,2004,27,129.74,26.98
15644,Historical,563147,0,0,D,1,0,90443,54.95,1980,67,36.99,29.73
15645,Historical,1574416,0,0,D,3,1,4573069,197.95,2007,15,158.09,118.41
15646,Historical,561392,0,0,D,1,0,2129209,236.33,2010,18,216.51,236.04
15647,Historical,110984,0,0,D,3,1,347250,33.03,2008,56,10.23,33.93
15648,Historical,53624,0,0,D,4,1,142761,335.95,2008,90,112.98,26.38
15649,Historical,169958,0,0,D,2,1,2992363,6.55,2008,24,112.98,6.39
15650,Historical,177087,0,0,D,2,1,2568399,144.95,2003,21,158.09,32.99
15651,Historical,169456,0,0,D,3,1,1726891,197.95,2007,38,158.09,33.99
15652,Historical,146190,0,0,D,1,0,497668,223,2010,100,216.51,32.83
15653,Historical,290941,1,1,D,5,1,1331411,335.95,2008,58,33.39,23.79
15654,Historical,285514,1,4,D,4,1,714011,10.33,2010,36,140.48,75.22
15655,Historical,288685,1,1,D,2,1,746779,212.33,2009,118,62.62,19.84
15656,Historical,146191,0,0,D,3,1,639074,223,2010,83,180.18,33.97
15657,Historical,60310,0,0,D,3,1,1663318,252.95,2006,46,112.98,25.25
15658,Historical,53492,1,1,D,4,1,498165,170.67,2005,114,111.99,19.74
15659,Historical,53493,1,5,D,5,1,14918,212.33,2009,118,111.99,46.99
15660,Historical,118699,0,0,D,3,1,934582,174.67,2007,76,67.4,23.67
15661,Historical,146188,1,1,D,4,1,95978,223,2010,101,67.4,6.59
15662,Historical,60311,0,0,D,4,1,2719397,239.95,2005,36,33.39,19.94
15663,Historical,117889,0,0,D,1,0,1567394,170.67,2006,72,62.62,25.77
15664,Historical,145301,1,1,D,2,1,1682733,170.67,2006,47,180.18,8.78
15665,Historical,55276,1,3,D,7,1,24472,173.8,2009,117,78.94,59.89
15666,Historical,55277,1,6,D,5,1,152535,107,2003,146,78.94,18.45
15667,Historical,55275,1,2,D,6,1,36689,134.67,2006,222,78.94,20.97
15668,Historical,114886,0,0,D,4,1,82992,165.33,2003,36,133.46,77.22
15669,Historical,868468,1,1,D,4,1,594764,46.95,1996,15,47.71,53.29
15670,Historical,57187,0,0,D,2,1,2248506,65.33,2005,52,59.27,8.95
15671,Historical,57186,0,0,D,3,1,943324,86.4,2009,58,59.27,45.23
15672,Historical,537983,0,0,D,1,0,520483,0,1974,22,92.94,62.51
15673,Historical,110123,1,1,D,5,1,108906,105.73,2010,65,98.94,15.87
15674,Historical,109103,0,0,D,4,1,1505584,12.98,2006,54,98.94,11.97
15675,Historical,109713,0,0,D,2,1,3104543,43.95,2006,19,41.99,43.95
15676,Historical,55008,0,0,D,2,1,161024,7.99,2007,57,41.99,6.95
15677,Historical,55009,0,0,D,3,1,72897,33.67,2008,58,41.99,50.35
15678,Historical,566484,1,1,D,7,1,4134553,10.4,2003,24,174.49,10.4
15679,Historical,55354,1,1,D,8,1,66784,33.26,2004,89,113.95,29.99
15680,Historical,55353,1,1,D,9,1,63088,88.25,2008,93,113.95,63.97
15681,Historical,162677,0,0,D,9,1,1475462,69.4,2009,28,113.95,52.02
15682,Historical,60314,0,0,D,8,1,113109,21.99,2004,79,174.49,23.99
15683,Historical,709956,0,0,D,4,1,3175564,110,1999,37,43.13,20.93
15684,Historical,917355,0,0,D,5,1,4362477,0,1974,27,20.98,52.97
15685,Historical,870447,0,0,D,5,1,471080,133,2003,26,43.13,44.39
15686,Historical,290089,0,0,D,9,1,61552,58.69,2008,62,174.49,51.55
15687,Historical,116694,0,0,D,5,1,567663,144.2,2003,19,51,102.74
15688,Historical,113660,0,0,D,4,1,890713,111.33,1999,23,51,46.43
15689,Historical,551559,0,0,D,2,1,1482273,89.95,1997,24,83.97,33.86
15690,Historical,58417,0,0,D,5,1,86765,267.95,2010,67,131.48,45.6
15691,Historical,58419,0,0,D,4,1,193616,282.95,2006,88,131.48,33.99
15692,Historical,2422299,0,0,D,0,0,3650197,0,1963,19,42.12,69.29
15693,Historical,2422300,0,0,D,2,1,1412651,613.07,1974,19,42.12,89.16
15694,Historical,2378055,1,1,D,2,1,494364,227.05,1970,36,49.89,51.49
15695,Historical,2378048,1,1,D,4,1,2291483,66.75,1989,33,49.89,42.69
15696,Historical,594660,1,1,D,1,0,100073,184.95,2011,43,103.64,48.99
15697,Historical,556146,0,0,D,1,0,358187,65,1963,45,46.56,47.93
15698,Historical,57527,0,0,D,10,1,59400,86.54,2010,81,110.29,70.57
15699,Historical,285868,0,0,D,7,1,1672607,110,1999,34,53.98,22.99
15700,Historical,113172,0,0,D,4,1,178482,99.95,2010,38,10.14,66.15
15701,Historical,57526,0,0,D,10,1,377242,94.65,2010,64,85.46,73.53
15702,Historical,57532,1,1,D,9,1,692506,33.98,2005,66,110.29,53.79
15703,Historical,114536,0,0,D,8,1,533025,134,2003,34,53.98,43.97
15704,Historical,57533,0,0,D,9,1,626639,18.93,2004,73,110.29,23.99
15705,Historical,121389,0,0,D,0,0,921504,134,1999,36,68.92,5.99
15706,Historical,60315,1,1,D,5,1,349774,278.95,2003,53,86.93,13.51
15707,Historical,867990,1,1,D,2,1,3316690,65.95,1995,25,77.09,53.19
15708,Historical,115450,0,0,D,1,0,2317474,113.33,2000,36,64.34,10.05
15709,Historical,911699,0,0,D,5,1,965309,23.99,2001,26,89.94,29
15710,Historical,556705,0,0,D,3,1,1063420,91,1992,36,10.94,27.99
15711,Historical,144863,0,0,D,5,1,174923,84,2004,28,55,66.04
15712,Historical,534084,1,1,D,2,1,1428826,17.88,1993,28,56.98,17.88
15713,Historical,290595,1,1,D,3,1,68596,214.77,2004,104,84.99,78.27
15714,Historical,566894,0,0,D,2,1,650661,53.99,1986,41,84.99,53.94
15715,Historical,169799,0,0,D,5,1,440774,257.95,2008,41,146.89,66.81
15716,Historical,765074,0,0,D,3,1,2839228,98.95,2002,43,146.89,15.48
15717,Historical,169119,0,0,D,4,1,1881714,147.95,2005,61,146.89,18.53
15718,Historical,60317,0,0,D,6,1,711281,94.8,2005,45,65.37,9.98
15719,Historical,132569,0,0,D,7,1,79625,121,2008,50,65.37,38.39
15720,Historical,146374,1,1,D,11,1,32844,178.67,2011,337,69.54,23.48
15721,Historical,146357,0,0,D,8,1,12054,215.2,2011,157,118.61,13
15722,Historical,54711,1,2,D,5,1,113456,122.25,2009,140,141.57,39.49
15723,Historical,285454,0,0,D,4,1,618492,74,2006,157,141.57,10.99
15724,Historical,550482,1,1,D,6,1,12405,146.75,2013,123,141.57,43.14
15725,Historical,110759,1,1,D,7,1,112160,199.75,2008,110,125.63,34.49
15726,Historical,560999,1,2,D,7,1,151139,149.33,2007,88,118.61,38.98
15727,Historical,567539,0,0,D,10,1,921833,338.95,2007,29,73.98,22.94
15728,Historical,571364,1,3,D,1,0,357044,126.8,2011,107,69.54,11.94
15729,Historical,131886,0,0,D,0,0,319129,94.8,2004,22,72.98,29.2
15730,Historical,132578,0,0,D,3,1,376109,132.8,2008,26,72.98,58.65
15731,Historical,132477,0,0,D,11,1,114094,195.2,2009,102,88.99,32.69
15732,Historical,287558,0,0,D,2,1,1209271,101.4,2006,55,88.99,38.96
15733,Historical,132061,1,2,D,10,1,231192,149,2005,80,88.99,11.79
15734,Historical,53978,0,0,D,10,1,229769,129.33,2007,155,69.54,20
15735,Historical,169657,1,2,D,10,1,686930,308.95,2007,77,73.98,16.98
15736,Historical,177001,0,0,D,9,1,1774197,372.95,2003,63,73.98,8.95
15737,Historical,51454,1,1,D,4,1,92130,155.2,2008,227,128.99,17.46
15738,Historical,54045,0,0,D,4,1,217777,196,2009,152,27.06,24.63
15739,Historical,54044,0,0,D,3,1,1577628,150.67,2006,71,27.06,10.98
15740,Historical,54522,0,0,D,3,1,67748,196,2010,171,74.76,20.99
15741,Historical,54521,1,1,D,2,1,1080915,150.67,2007,83,74.76,29.33
15742,Historical,115343,0,0,D,4,1,1276491,113.4,2001,23,128.44,23.75
15743,Historical,607430,0,0,D,3,1,2786971,100,1997,18,128.44,92.41
15744,Historical,569874,0,0,D,4,1,3157853,107.95,1990,23,53.99,55.61
15745,Historical,177086,0,0,D,6,1,107959,376.95,2005,22,53.99,74.92
15746,Historical,515360,0,0,D,12,1,285357,185,2008,47,172.15,53.23
15747,Historical,119115,0,0,D,13,1,40286,218.4,2011,75,172.15,69.31
15748,Historical,60319,0,0,D,11,1,562433,139,2005,53,172.15,23.94
15749,Historical,877016,0,0,D,9,1,2835296,315.95,2006,16,120.98,102.21
15750,Historical,169210,0,0,D,9,1,508030,309.95,2006,74,120.98,44.99
15751,Historical,254102,1,2,D,10,1,108529,286.95,2010,46,120.98,69.34
15752,Historical,877026,0,0,D,10,1,1061849,205.85,2011,19,120.98,84.65
15753,Historical,894581,0,0,D,0,0,6812135,83.95,1999,11,137.99,44.75
15754,Historical,3007356,0,0,D,1,0,610618,19.99,2015,9,0,19.99
15755,Historical,54639,0,0,D,9,1,319527,43.4,2008,157,58.24,12.69
15756,Historical,142220,0,0,D,9,1,857039,23.99,2010,54,58.24,23.99
15757,Historical,142128,1,1,D,10,1,24673,107.18,2011,131,58.24,23.94
15758,Historical,114593,0,0,D,4,1,57911,160,2005,87,89.3,106.6
15759,Historical,652049,1,8,D,4,1,157445,25.77,2005,29,89.3,24.41
15760,Historical,2378205,0,0,D,2,1,1548220,87,1991,63,89.3,41.76
15761,Historical,52189,0,0,D,7,1,187495,157.53,2008,81,135.94,29.59
15762,Historical,52190,1,1,D,6,1,672057,135.8,2005,69,135.94,23.99
15763,Historical,625679,0,0,D,2,1,1027681,65.25,1986,26,41.11,46.48
15764,Historical,286988,1,1,D,3,1,1309907,121.5,2000,40,128.76,26.98
15765,Historical,127011,0,0,D,4,1,215144,129,2006,29,128.76,64.9
15766,Historical,127543,0,0,D,5,1,399964,158.95,2009,47,128.76,87.03
15767,Historical,290711,0,0,D,1,0,2931056,48,2007,21,40.94,53.52
15768,Historical,901910,0,0,D,1,0,8947606,84.95,1995,16,66.85,61.31
15769,Historical,259628,0,0,D,2,1,7297974,124.95,2000,13,66.85,24.98
15770,Historical,147783,0,0,D,2,1,977107,111.95,2000,30,24.79,28.87
15771,Historical,147931,0,0,D,3,1,605243,142.95,2003,31,24.79,23.99
15772,Historical,548314,0,0,D,0,0,1182038,112.8,2005,51,16.45,11.49
15773,Historical,548187,0,0,D,0,0,147248,105.8,2006,72,16.45,15.02
15774,Historical,760912,0,0,D,1,0,2001318,105,2001,19,133.32,104.32
15775,Historical,533514,1,1,D,7,1,6304,34.99,2011,125,40.99,41.94
15776,Historical,114323,1,2,D,0,0,800798,86.4,2002,21,98.76,30
15777,Historical,117041,1,2,D,2,1,284046,98.8,2007,48,98.76,58.23
15778,Historical,2675454,0,0,D,1,0,5481413,0,1985,18,56.94,65.92
15779,Historical,2343682,0,0,D,3,1,822128,28.99,1993,20,0,28.99
15780,Historical,108582,0,0,D,3,1,1440720,133.85,2000,26,60.93,55.19
15781,Historical,2419760,0,0,D,4,1,1914597,48.98,2005,29,115.49,46.45
15782,Historical,252611,0,0,D,5,1,777030,73.75,2009,40,115.49,122.93
15783,Historical,209352,0,0,D,0,0,203708,62,1998,65,56.96,71.79
15784,Historical,113439,0,0,D,2,1,1872082,127,1998,24,71.98,54.21
15785,Historical,860746,0,0,D,2,1,3952058,85,2012,24,45.74,33.98
15786,Historical,555887,0,0,D,2,1,4064682,65,2010,28,45.74,43.91
15787,Historical,285836,0,0,D,2,1,480957,120,2003,45,88.92,61.77
15788,Historical,2378365,0,0,D,1,0,1131400,70.82,1981,75,18.98,43.85
15789,Historical,616574,0,0,D,0,0,111316,39.99,2002,38,25.72,27.13
15790,Historical,537915,1,2,D,2,1,1084476,105,1978,36,83.99,47.99
15791,Historical,881875,0,0,D,0,0,1826392,27,1981,11,61.61,148.57
15792,Historical,132483,0,0,D,9,1,122300,78,2007,26,99.29,57.88
15793,Historical,131965,0,0,D,8,1,1496414,75.6,2005,25,99.29,19.88
15794,Historical,2418603,0,0,D,3,1,5037576,74,2002,12,66.24,135.65
15795,Historical,2420108,1,1,D,4,1,2879851,90,2005,13,66.24,76.44
15796,Historical,264906,0,0,D,1,0,1109553,89.95,2003,14,73.99,59.43
15797,Historical,637694,1,4,D,1,0,201812,95.95,2012,12,0,0
15798,Historical,118304,0,0,D,6,1,301432,160.2,2011,44,96.81,33.99
15799,Historical,2258030,0,0,D,6,1,3494099,34.35,2011,46,96.81,58.6
15800,Historical,116819,0,0,D,4,1,1991485,127.33,2005,43,96.81,14.49
15801,Historical,106133,1,1,D,4,1,611596,120,2005,29,53.97,83.85
15802,Historical,244963,0,0,D,1,0,1834271,142.95,2002,21,63.19,76.06
15803,Historical,563044,0,0,D,1,0,3939479,69.95,2005,13,73.73,41.99
15804,Historical,291526,1,1,D,1,0,1687975,199.95,2002,35,101.82,23.94
15805,Historical,128217,0,0,D,1,0,2063570,46.95,2005,12,36.26,15.78
15806,Historical,286277,1,5,D,12,1,19580,130.8,2011,79,97.24,64.69
15807,Historical,286372,1,1,D,11,1,524526,113.33,2008,124,97.24,13.72
15808,Historical,285960,1,7,D,10,1,169163,73.33,2004,67,97.24,10.99
15809,Historical,2779139,0,0,D,2,1,2584152,39.95,1994,26,134.85,43.79
15810,Historical,617358,1,2,D,12,1,73056,76.2,2011,96,19.73,48.98
15811,Historical,553514,1,1,D,11,1,904689,63.33,2008,65,19.73,5.98
15812,Historical,294028,0,0,D,3,1,2067708,124.95,2001,44,71.42,29.99
15813,Historical,243645,1,1,D,2,1,1596084,118.15,2007,31,29.39,68.53
15814,Historical,576619,0,0,D,4,1,647488,138.95,2006,99,95.98,38.2
15815,Historical,705310,0,0,D,1,0,5432122,0,2006,16,46.99,62.38
15816,Historical,904462,0,0,D,3,1,1815801,81.95,2004,19,95.98,36.01
15817,Historical,111273,1,3,D,2,1,1217519,96.25,2010,28,46.99,43.99
15818,Historical,607268,1,1,D,7,1,1330472,70.67,2004,50,84.72,21.54
15819,Historical,530872,0,0,D,5,1,1035660,94,2008,31,78.99,46.1
15820,Historical,106391,0,0,D,4,1,3564226,64.95,2005,21,78.99,10.58
15821,Historical,1594976,0,0,D,1,0,270437,115,2009,43,78.23,88.36
15822,Historical,530871,0,0,D,3,1,78912,39,2012,33,9.72,20.97
15823,Historical,106523,0,0,D,1,0,3595953,26.95,2007,16,9.72,72.33
15824,Historical,242187,0,0,D,4,1,2915549,69.95,2007,20,63.29,89.95
15825,Historical,2680107,0,0,D,4,1,4978340,54,1994,23,58.88,44.2
15826,Historical,264263,0,0,D,1,0,108728,49.99,2006,25,0,0
15827,Historical,774877,0,0,D,2,1,2738700,72.95,1999,23,120.48,45.4
15828,Historical,774492,1,1,D,3,1,1499623,66.95,2004,23,120.48,52.28
15829,Historical,2680205,1,1,D,1,0,5309194,37,1993,15,72.94,72.43
15830,Historical,632459,0,0,D,1,0,1035244,110,2009,21,0,0
15831,Historical,155633,0,0,D,1,0,1714979,58.95,2003,25,73.94,38.99
15832,Historical,288296,1,1,D,1,0,1087919,9.99,2010,82,72.48,9.85
15833,Historical,1533855,0,0,D,0,0,2749309,109,2007,24,62.74,28.5
15834,Historical,734756,0,0,D,0,0,3229993,0,2010,16,72.48,39.77
15835,Historical,2552237,0,0,D,12,1,4408373,58.95,2005,26,16.48,46.18
15836,Historical,919577,0,0,D,2,1,3960227,47.95,2000,43,48.06,20.56
15837,Historical,157225,0,0,D,2,1,3326877,56.95,2004,26,48.06,15.99
15838,Historical,177895,1,1,D,1,0,1094038,167.95,2006,29,32.25,41.9
15839,Historical,131392,0,0,D,4,1,1642423,102,2002,28,53.37,16.75
15840,Historical,914348,0,0,D,1,0,982762,77,1988,23,21.98,39.88
15841,Historical,687467,0,0,D,1,0,409522,24.95,2010,20,0,0
15842,Historical,288504,1,1,D,7,1,517026,109.4,2000,61,63.98,18.49
15843,Historical,55273,0,0,D,8,1,251934,128,2005,48,63.98,58
15844,Historical,131763,0,0,D,4,1,2192271,89.8,2003,30,67.41,49.64
15845,Historical,132499,0,0,D,7,1,561016,131,2007,28,83.95,46.27
15846,Historical,145051,0,0,D,6,1,719907,111.2,2005,32,83.95,14.89
15848,Historical,105460,0,0,D,3,1,7783252,42.38,2008,12,92.05,39.3
15849,Historical,110714,0,0,D,4,1,323837,31.45,2010,48,92.05,39.45
15850,Historical,110193,0,0,D,3,1,1754898,10.92,2007,34,92.05,10.92
15851,Historical,52813,1,4,D,5,1,31849,38.99,2009,77,103.99,29.95
15852,Historical,52815,1,1,D,4,1,226618,12.97,2006,86,103.99,12.94
15853,Historical,254073,0,0,D,7,1,502785,393.95,2010,75,141.82,17.63
15854,Historical,436744,1,3,D,6,1,1596588,285.95,2008,30,141.82,29.63
15855,Historical,615629,0,0,D,1,0,750539,49.95,2010,41,23.49,23.97
15856,Historical,2473294,0,0,D,0,0,4077581,110,1988,19,38.86,21.23
15857,Historical,116781,0,0,D,3,1,3448615,166.67,2004,26,108.97,17.23
15858,Historical,193678,0,0,D,0,0,151907,120.95,2010,25,35.24,40.11
15859,Historical,220386,0,0,D,4,1,1243943,123.76,2007,25,106.72,53.97
15860,Historical,271105,0,0,D,7,1,1161786,207,2011,39,6.97,89.69
15861,Historical,270128,0,0,D,7,1,297538,216,2011,72,6.97,52.75
15862,Historical,533916,1,1,D,6,1,1382177,162,2007,36,6.97,9.02
15863,Historical,110588,1,1,D,7,1,9844,82,2011,107,193.74,40.57
15864,Historical,2253089,0,0,D,6,1,2291327,42.64,2008,34,193.74,23.45
15865,Historical,51150,1,2,D,6,1,144979,18.49,2008,85,193.74,17.98
15866,Historical,109188,0,0,D,5,1,1201215,33.49,2007,67,193.74,33.49
15867,Historical,492195,1,1,D,4,1,98069,357.95,2012,60,228.96,53.99
15868,Historical,148646,0,0,D,3,1,469385,377.95,2009,94,228.96,32
15869,Historical,148312,0,0,D,2,1,2037700,423.95,2006,38,228.96,4.8
15870,Historical,143374,1,1,D,2,1,2412952,27,2002,22,41.3,8.98
15871,Historical,423252,1,2,D,4,1,1525324,126.67,2007,58,108.97,8.92
15872,Historical,2862019,0,0,D,0,0,5585284,52.95,1998,7,69.17,314.7
15873,Historical,201779,1,1,D,0,0,1464378,124.95,2010,16,37.04,675
15874,Historical,3566634,0,0,D,1,0,1769771,69.95,1995,51,0,5.48
15875,Historical,120078,0,0,D,1,0,629103,135.4,2010,29,70.62,53.86
15876,Historical,116120,0,0,D,1,0,1300932,151,2006,50,166.19,23.99
15878,Historical,115859,1,1,D,3,1,895751,26.95,2003,29,24.48,20.12
15879,Historical,534156,1,2,D,1,0,55050,222.25,2011,70,183.06,103.93
15880,Historical,608745,1,4,D,7,1,1441744,97.95,2001,48,21.8,22.44
15881,Historical,606701,0,0,D,7,1,487778,209.95,2002,50,22.68,15.99
15882,Historical,248371,0,0,D,8,1,953868,209.95,2006,31,22.68,194.81
15883,Historical,248370,0,0,D,8,1,1832253,150.95,2006,49,94.24,11.99
15884,Historical,204319,0,0,D,0,0,2629906,69.99,2006,25,32.48,11.98
15885,Historical,339471,0,0,D,2,1,881971,69.99,2007,37,32.48,23.35
15887,Historical,920471,0,0,D,1,0,3379799,35.95,1999,28,23.89,9.49
15888,Historical,296867,0,0,D,1,0,1245077,44.65,2006,40,46.99,33.97
15889,Historical,56629,0,0,D,2,1,77880,44.99,2005,117,26.55,42.43
15890,Historical,208276,1,3,D,1,0,181382,49.99,1999,86,17.89,22.53
15891,Historical,208360,1,1,D,2,1,49387,49.99,2008,148,17.89,16.33
15892,Historical,615654,0,0,D,3,1,1268281,57.95,2000,40,40.77,16.16
15893,Historical,888014,0,0,D,0,0,3622341,59.75,2004,10,46.88,44.49
15894,Historical,295827,0,0,D,2,1,3486149,219,2007,23,92.14,15.66
15895,Historical,113410,0,0,D,1,0,1038421,126,2003,28,65.89,73.99
15896,Historical,113385,0,0,D,1,0,2611214,200,2002,21,115.02,77.98
15897,Historical,2564521,0,0,D,2,1,3905133,326.95,1990,12,69.99,53.94
15898,Historical,897423,0,0,D,2,1,3160170,108,1993,22,38.98,9.98
15899,Historical,228295,1,2,D,19,1,281751,124,1995,27,0,0
15900,Historical,2362243,0,0,D,1,0,1356244,2800,2003,6,466.89,252.99
15901,Historical,862835,0,0,D,1,0,593895,149,1999,21,134.64,62.42
15902,Historical,286267,0,0,D,1,0,1159071,44.2,2008,22,23.81,27.99
15903,Historical,146919,0,0,D,2,1,1033307,39.95,2000,29,31.76,14.87
15904,Historical,218576,0,0,D,0,0,10077331,32,1997,18,31.76,28.96
15905,Historical,907386,0,0,D,4,1,4085343,47.95,2004,18,27.36,20
15906,Historical,540929,0,0,D,5,1,1520118,57.95,2009,18,27.36,25.95
15907,Historical,774497,0,0,D,5,1,3619746,569,2005,14,244.49,79.94
15908,Historical,60322,0,0,D,5,1,678289,143.8,1999,38,38.59,10.98
15909,Historical,192871,0,0,D,3,1,1847475,99,2002,26,63.78,69.85
15910,Historical,249006,0,0,D,4,1,952315,135,2008,30,63.78,97.59
15911,Historical,804014,0,0,D,1,0,4436184,233,2006,10,122.98,90.09
15912,Historical,153871,0,0,D,4,1,1658377,41.25,2005,66,57.77,14.68
15913,Historical,915329,1,1,D,3,1,727215,195.95,2013,48,45.99,140.75
15914,Historical,1594222,0,0,D,1,0,3617271,114.99,2008,21,47.63,101.03
15915,Historical,243959,0,0,D,7,1,888516,96.95,2011,37,44.05,54.14
15916,Historical,243960,1,1,D,7,1,289121,76.95,2011,102,25.57,43.23
15917,Historical,606673,0,0,D,2,1,8326493,97.33,1994,15,29.58,28.99
15918,Historical,887699,0,0,D,0,0,2368115,0,1996,11,55.06,35
15919,Historical,60323,0,0,D,1,0,1444643,35.69,1998,43,19.39,34.95
15920,Historical,126369,0,0,D,0,0,2893603,89.95,2002,28,30.99,12.87
15921,Historical,2698193,0,0,D,1,0,5401329,57.95,2002,17,31.32,72.87
15922,Historical,622595,0,0,D,6,1,154603,102.38,2012,36,72.73,57.38
15923,Historical,51230,1,1,D,4,1,401773,303.95,2005,81,75.28,25.37
15924,Historical,270099,0,0,D,3,1,385057,214,2010,50,6.69,33.94
15925,Historical,153915,0,0,D,1,0,468383,52.09,2008,39,37.6,49.74
15926,Historical,530827,1,1,D,7,1,438715,249.95,2009,22,150.99,108.88
15927,Historical,872068,0,0,D,1,0,1789099,18,2007,23,43.89,18
15928,Historical,625399,0,0,D,0,0,991802,80,2010,34,43.89,43.98
15929,Historical,51229,0,0,D,3,1,2332097,120.95,2001,38,75.28,43.99
15930,Historical,273901,0,0,D,2,1,2150338,109,2003,22,61.58,32.14
15931,Historical,556252,0,0,D,0,0,1444802,69.95,2003,43,53.09,13.94
15932,Historical,530825,0,0,D,2,1,28892,99,2012,89,29.48,35.94
15933,Historical,106619,1,1,D,1,0,934824,89.95,2008,25,29.48,30.93
15934,Historical,612905,1,1,D,2,1,1069629,65,2007,156,13.31,39.41
15935,Historical,923447,1,2,D,3,1,86082,120,2012,92,13.31,24.43
15936,Historical,116424,0,0,D,2,1,4384798,39.2,2003,15,15.41,7.47
15937,Historical,118520,1,1,D,3,1,1489626,69.2,2007,36,15.41,12.54
15938,Historical,131915,1,1,D,1,0,1431892,146.8,2008,33,85.7,73.01
15939,Historical,530821,0,0,D,2,1,1178744,58.95,2007,43,57.99,46.4
15940,Historical,550474,0,0,D,1,0,20287,139,2012,69,0,0
15941,Historical,298267,0,0,D,0,0,706648,72,2008,39,63.97,59.03
15942,Historical,247782,0,0,D,0,0,3588466,119,2008,13,0,49.99
15943,Historical,299163,0,0,D,1,0,265837,99.95,2003,39,58.04,26.42
15944,Historical,165270,0,0,D,1,0,819505,152.95,2003,36,63.71,65.29
15945,Historical,868882,0,0,D,0,0,1760310,26.71,2004,12,63.71,21.28
15946,Historical,2560844,0,0,D,1,0,3783053,75.95,1980,31,24.59,31.67
15947,Historical,727735,0,0,D,0,0,5039139,77,1998,32,28.87,22.48
15948,Historical,110014,1,1,D,7,1,313508,32.11,2007,29,115.99,81.51
15949,Historical,703433,0,0,D,6,1,3155401,12.35,2001,29,115.99,36.2
15950,Historical,145652,0,0,D,1,0,1520271,101,2007,36,82.64,43.47
15951,Historical,626302,1,1,D,2,1,441629,117.6,2009,33,82.64,57.17
15952,Historical,108184,0,0,D,4,1,482906,0,2008,33,120.39,77.82
15953,Historical,58401,0,0,D,3,1,444258,28.99,2008,82,48.99,15.95
15954,Historical,249930,0,0,D,1,0,954382,184.95,2008,34,63.54,21.49
15955,Historical,60325,0,0,D,3,1,401529,60.61,1999,62,120.39,33.99
15956,Historical,167184,1,2,D,1,0,382065,14.44,2008,36,58.99,14.44
15957,Historical,218779,1,1,D,2,1,352081,86.95,2001,23,73.14,69.63
15958,Historical,100733,0,0,D,5,1,748891,8.64,1995,49,42.89,16.98
15959,Historical,249824,1,1,D,4,1,286387,260.95,2006,57,119.3,22.99
15960,Historical,243919,1,1,D,5,1,87181,251.95,2011,66,119.3,90.98
15961,Historical,127584,1,1,D,10,1,259596,120,2009,38,94.45,29.99
15962,Historical,51939,1,1,D,10,1,177116,105,2008,33,94.45,47.92
15963,Historical,607421,0,0,D,8,1,581275,99,1992,33,162.71,42.49
15964,Historical,107486,0,0,D,5,1,1324438,120,2002,43,102.15,22.11
15965,Historical,715096,0,0,D,14,1,653029,45.16,2008,19,103.79,40.05
15966,Historical,720685,0,0,D,0,0,10746527,88,2001,10,123.9,51.43
15967,Historical,126533,0,0,D,2,1,490538,99,2003,29,123.9,71.46
15968,Historical,120917,0,0,D,14,1,307745,170,2008,56,103.79,58.03
15969,Historical,2568700,0,0,D,0,0,1765057,0,1975,21,61.99,164.04
15970,Historical,703583,0,0,D,6,1,226985,0,2000,42,104.61,55.41
15971,Historical,109365,0,0,D,7,1,706377,52.64,2005,29,104.61,52.73
15972,Historical,169768,1,1,D,4,1,267638,210.95,2008,73,84.99,48.9
15973,Historical,116425,0,0,D,2,1,2136325,32,2003,24,41.31,37.77
15974,Historical,873089,0,0,D,3,1,2061277,49.51,2007,42,41.31,24.76
15975,Historical,118634,1,1,D,3,1,1097960,50,2007,36,41.31,20.35
15976,Historical,177850,1,1,D,3,1,1582747,201.95,2004,59,84.99,13.94
15977,Historical,749417,0,0,D,8,1,1457760,0,2006,35,163.98,56.79
15978,Historical,284801,0,0,D,7,1,1527501,34.95,1997,19,21.13,94.15
15979,Historical,169314,0,0,D,3,1,446340,231.95,2007,33,117.19,91.87
15980,Historical,109519,1,1,D,5,1,578440,33.98,2007,72,66.95,33.97
15981,Historical,608535,1,3,D,2,1,1733075,175.95,2004,28,117.19,6.68
15982,Historical,909372,1,4,D,2,1,402334,0,2003,20,140.36,38.58
15983,Historical,2368627,0,0,D,0,0,4895873,65,1986,18,63.99,72.63
15984,Historical,619571,1,1,D,7,1,872497,95,2000,29,6.23,31.99
15985,Historical,265048,0,0,D,0,0,2364440,69.95,2010,30,90.19,47
15986,Historical,265072,1,1,D,0,0,1338496,75,2011,34,90.19,27.13
15987,Historical,119983,0,0,D,1,0,1703808,144.2,2008,35,95.98,23.7
15988,Historical,121579,0,0,D,1,0,539245,137,2010,63,95.98,13.99
15989,Historical,121758,0,0,D,6,1,2818439,120,1998,27,76.99,44.67
15990,Historical,117557,0,0,D,8,1,272515,143.6,2004,20,76.99,69.75
15992,Historical,223596,0,0,D,0,0,715073,67.5,2003,15,68.32,67.41
15993,Historical,2569743,0,0,D,1,0,4291744,77.96,1993,28,127.98,28.98
15994,Historical,618737,0,0,D,1,0,243136,8.98,2009,37,53.99,14.15
15995,Historical,704359,0,0,D,0,0,4475744,225,2009,17,53.99,32.98
15996,Historical,111069,1,1,D,1,0,1175564,15.97,2009,48,112.04,15.98
15997,Historical,167003,1,1,D,6,1,472158,76.02,2006,50,197.87,58.71
15998,Historical,113567,0,0,D,3,1,4137315,87,2002,15,52.38,13.98
15999,Historical,60328,0,0,D,4,1,332000,139,2004,33,52.38,17.58
16000,Historical,60901,1,1,D,11,1,162985,131,2006,48,144.17,26.99
16001,Historical,165412,0,0,D,5,1,308273,12.49,2001,70,197.87,10
16002,Historical,120746,0,0,D,12,1,98648,191.6,2009,59,144.17,63.26
16003,Historical,2406532,0,0,D,1,0,2926211,98,1994,24,77.05,45.99
16004,Historical,627495,1,4,D,12,1,1657256,145,2009,27,144.61,45.39
16005,Historical,55006,0,0,D,11,1,107934,131,2006,90,144.61,64.09
16006,Historical,116708,1,1,D,4,1,388901,179,2004,19,125.03,82.25
16007,Historical,55007,0,0,D,12,1,56124,238,2009,67,219.97,63.99
16008,Historical,714438,0,0,D,3,1,3131315,26.99,2001,15,125.03,26.99
16009,Historical,113568,0,0,D,3,1,2208800,143,2002,15,125.03,73.21
16010,Historical,60329,0,0,D,4,1,1109162,139,2004,35,79.03,11.45
16011,Historical,167004,0,0,D,6,1,174292,55.25,2006,60,137.8,51.49
16012,Historical,163113,1,3,D,7,1,320452,51.31,2011,73,137.8,53.05
16013,Historical,704358,0,0,D,1,0,3847410,0,2010,15,112.04,53.98
16014,Historical,163642,1,1,D,2,1,443828,257,1995,84,127.98,25.72
16015,Historical,537861,0,0,D,12,1,36746,191.6,2009,107,144.61,88.99
16016,Historical,166143,0,0,D,3,1,954031,235,1996,16,39.25,58.99
16017,Historical,286026,1,1,D,3,1,75414,123,2004,40,58.09,71.69
16018,Historical,119032,0,0,D,3,1,30836,156,2011,57,59.47,112.76
16019,Historical,54635,0,0,D,1,0,452948,94,2002,25,59.47,38.99
16020,Historical,355855,0,0,D,1,0,5562631,73.95,1995,11,47.47,90.45
16021,Historical,649405,0,0,D,4,1,488400,0,1992,27,129.98,357.12
16022,Historical,572958,0,0,D,2,1,3606142,102,1991,25,87.59,63.85
16023,Historical,60331,1,1,D,3,1,1116246,31.64,2003,41,93.9,28.99
16024,Historical,566812,0,0,D,3,1,2304684,154.8,2005,20,93.9,38.99
16025,Historical,749657,0,0,D,4,1,1983162,13.89,2008,22,42.48,33.97
16026,Historical,2698128,0,0,D,5,1,3882472,59.95,2001,10,49.49,674.32
16027,Historical,882721,0,0,D,2,1,5228640,99.95,2000,10,70.81,42.98
16028,Historical,286510,0,0,D,2,1,430576,143,2000,31,128.98,58.37
16029,Historical,2256860,0,0,D,3,1,5634814,0,2007,29,128.98,144.65
16030,Historical,607327,0,0,D,2,1,3622088,67,2004,35,68.98,37.69
16031,Historical,120591,0,0,D,3,1,477477,85.6,2008,35,68.98,48.72
16032,Historical,602321,0,0,D,6,1,2623275,69.95,2008,23,53.79,73.81
16033,Historical,129450,0,0,D,6,1,1902393,69.95,2009,35,53.79,24.31
16034,Historical,204381,0,0,D,2,1,1176175,48,2000,29,38.58,22.98
16035,Historical,129478,0,0,D,7,1,522477,76.95,2011,98,53.79,22.99
16036,Historical,550449,0,0,D,5,1,476036,51.75,2010,22,36.24,50.35
16037,Historical,628682,1,1,D,5,1,385626,42.74,2010,98,36.24,42.27
16038,Historical,109408,1,4,D,4,1,1166020,101.37,2006,58,36.24,44.75
16039,Historical,921709,1,3,D,0,0,216154,34,2004,97,25.93,14.94
16040,Historical,109238,0,0,D,1,0,2107788,51.63,2004,33,25.93,45.57
16041,Historical,116064,0,0,D,9,1,1570858,130.4,2005,28,38.99,32.89
16042,Historical,120033,0,0,D,10,1,1180043,165.2,2009,41,38.99,11.97
16043,Historical,145543,0,0,D,14,1,2161478,73,2006,22,132.93,47.75
16044,Historical,132648,0,0,D,15,1,1053333,92,2008,52,132.93,11.97
16045,Historical,114212,0,0,D,2,1,69994,131.8,2002,54,66.1,35.99
16046,Historical,2592613,1,2,D,0,0,1555405,14.5,2004,15,0,49.68
16047,Historical,862573,0,0,D,2,1,503796,29.25,1994,40,11.64,45.05
16048,Historical,2843231,1,1,D,1,0,3033653,58.95,2003,3,59.98,9.98
16049,Historical,1546662,0,0,D,11,1,4543335,59.95,2010,23,55.42,7.74
16050,Historical,606685,0,0,D,4,1,4302883,33.97,1998,16,43.99,32.65
16051,Historical,1587998,0,0,D,17,1,2704563,37.5,2006,17,0,58.03
16052,Historical,110026,0,0,D,8,1,38042,35.65,2011,101,63.99,23.99
16053,Historical,109632,0,0,D,6,1,2807444,4.99,2005,39,63.99,9.98
16054,Historical,110227,0,0,D,7,1,244321,54.11,2007,107,63.99,48.99
16055,Historical,156482,0,0,D,1,0,513024,47.95,1997,68,72.46,21.99
16056,Historical,169505,0,0,D,7,1,1656406,212.95,2006,57,89.28,25.98
16057,Historical,133063,0,0,D,8,1,118885,91.2,2010,66,50.8,32.36
16058,Historical,607721,0,0,D,7,1,596059,111.8,2007,51,50.8,13.94
16059,Historical,899312,0,0,D,0,0,2928687,45.95,2002,21,45.02,49.32
16060,Historical,161415,0,0,D,6,1,1033148,123.75,1998,26,37.85,47.1
16061,Historical,280395,0,0,D,1,0,3272716,69.95,2005,26,46.81,18.99
16062,Historical,530758,0,0,D,2,1,2014454,69.95,2009,19,46.81,30.92
16063,Historical,165543,0,0,D,1,0,455427,95,2003,71,54.56,27.55
16064,Historical,403109,1,2,D,1,0,1022474,108.27,2008,30,42.5,43.89
16065,Historical,143006,0,0,D,0,0,2529741,28,2004,19,73.99,38.75
16066,Historical,142989,0,0,D,1,0,1511843,168,2004,24,73.99,53.98
16067,Historical,312718,0,0,D,4,1,1565327,119,2001,23,41.14,58.43
16068,Historical,183207,0,0,D,5,1,462568,295.95,2005,85,49.15,22.79
16069,Historical,183209,0,0,D,5,1,451624,115.95,2005,26,68.98,43.24
16070,Historical,530755,0,0,D,4,1,114424,308.95,2011,63,168.27,47.82
16071,Historical,55003,0,0,D,4,1,815032,82.4,2006,59,77.77,48.99
16072,Historical,60333,0,0,D,2,1,2204638,186.95,2005,36,168.27,13.78
16073,Historical,148600,1,1,D,3,1,711902,339.95,2008,74,168.27,26.98
16074,Historical,55004,0,0,D,5,1,154537,129.6,2009,44,77.77,38.29
16075,Historical,106678,1,1,D,2,1,490231,59.95,2009,43,32.33,36.79
16076,Historical,241188,0,0,D,3,1,2045079,45.95,2002,26,31.55,13.17
16077,Historical,110199,0,0,D,3,1,40554,94.19,2010,65,129.98,58.59
16078,Historical,285423,1,1,D,2,1,456849,6.11,2008,70,129.98,18.98
16079,Historical,630598,0,0,D,8,1,2355603,53.95,2010,15,93.99,61.24
16080,Historical,618471,1,1,D,1,0,1022820,24.78,2007,41,24,19.93
16081,Historical,178728,0,0,D,5,1,478557,100.95,2011,32,62.42,46.96
16082,Historical,51165,0,0,D,9,1,798183,182,2008,47,133.5,12.99
16083,Historical,51164,0,0,D,10,1,151535,207,2011,67,133.5,30.22
16084,Historical,149257,0,0,D,1,0,5057344,0,2004,20,67.14,46.19
16085,Historical,134887,0,0,D,3,1,427457,81,2010,22,67.14,53.4
16086,Historical,119331,0,0,D,1,0,1691608,221.33,2011,18,89.48,27.99
16087,Historical,120058,0,0,D,1,0,50929,214,2011,76,89.48,39.37
16088,Historical,51857,0,0,D,2,1,146179,142.67,2007,54,197.58,40.97
16089,Historical,51858,0,0,D,3,1,132381,182,2009,118,197.58,22.99
16090,Historical,110354,1,1,D,1,0,136330,123.94,2010,46,133.08,61.13
16091,Historical,148631,0,0,D,8,1,207741,339.95,2008,38,84.52,83.99
16092,Historical,544639,0,0,D,9,1,61694,359.95,2013,58,84.52,70.28
16093,Historical,530749,0,0,D,8,1,145810,33.93,2009,72,93.99,38.76
16094,Historical,109609,1,1,D,7,1,530807,7.1,2006,62,93.99,18.72
16095,Historical,162798,0,0,D,2,1,76115,68.99,2010,50,24,51.15
16096,Historical,60334,1,1,D,7,1,1084479,325.95,2006,40,84.52,33.04
16097,Historical,530750,0,0,D,3,1,2042135,115.95,2005,38,62.42,4.43
16098,Historical,119428,1,1,D,3,1,29684,223,2012,104,142.27,43.94
16099,Historical,54558,0,0,D,2,1,499289,167.2,2009,133,142.27,21.47
16100,Historical,276619,0,0,D,10,1,730234,104,2007,55,27.48,14.61
16101,Historical,115757,0,0,D,3,1,3164169,74.67,2003,36,33.98,11.98
16102,Historical,246735,1,1,D,1,0,215564,51.95,2010,80,30.76,13.94
16103,Historical,118866,0,0,D,4,1,402967,101.2,2007,29,33.98,46.98
16104,Historical,561432,1,6,D,1,0,51760,164.4,2012,119,103.19,34.53
16105,Historical,791479,1,1,D,1,0,690572,171.73,2012,24,103.19,30.39
16106,Historical,533897,0,0,D,7,1,103261,78.99,2009,97,105.05,44.17
16107,Historical,51203,0,0,D,3,1,1942299,1,2007,46,94.8,11.49
16108,Historical,51205,0,0,D,3,1,421623,152.07,2007,156,94.8,11.1
16109,Historical,145668,0,0,D,8,1,223735,155.33,2008,44,94.15,49.39
16110,Historical,552342,0,0,D,9,1,160240,197.6,2011,37,94.15,104.45
16111,Historical,183174,0,0,D,2,1,751515,144.95,2006,46,60.53,33.19
16112,Historical,60336,1,1,D,7,1,673727,168,2005,58,94.15,26.32
16113,Historical,537796,1,1,D,3,1,1694085,19.07,2004,37,79.99,18.98
16114,Historical,252555,0,0,D,4,1,144837,23.99,2008,45,79.99,40.81
16115,Historical,910283,0,0,D,2,1,1030250,79.95,2005,27,34.54,21.95
16116,Historical,544994,0,0,D,3,1,148639,72,2012,70,62.44,41.37
16117,Historical,248065,0,0,D,2,1,1074064,58,2009,67,62.44,43.71
16118,Historical,3049294,0,0,D,1,0,4658228,189.95,1996,16,135.3,60.41
16119,Historical,223787,0,0,D,1,0,3378617,88.95,1998,23,82.74,11.34
16120,Historical,56101,1,1,D,4,1,377833,337.95,2006,38,92.64,34.96
16121,Historical,56102,0,0,D,5,1,465457,337.95,2009,47,92.64,37.93
16122,Historical,56100,0,0,D,3,1,1945953,199.95,2003,30,92.64,31.38
16123,Historical,144250,0,0,D,3,1,3789650,93.67,2000,27,42.7,45.69
16124,Historical,144681,0,0,D,4,1,1342409,106.2,2003,24,42.7,19.79
16125,Historical,145222,1,1,D,5,1,657428,173.33,2006,23,42.7,30.43
16126,Historical,109501,1,1,D,4,1,1081583,29.63,2005,41,80.72,29.63
16127,Historical,110065,0,0,D,5,1,62495,51.18,2008,36,80.72,48
16128,Historical,125922,0,0,D,0,0,1583064,99,1999,30,70.53,34.08
16129,Historical,909454,0,0,D,1,0,1654439,99.95,1996,17,57.97,37.59
16130,Historical,565811,1,1,D,1,0,150184,68.97,2009,48,46.66,61.01
16131,Historical,653474,0,0,D,6,1,577914,150,2009,22,0,57.89
16132,Historical,657719,0,0,D,2,1,967736,360,2003,32,307.7,153.68
16133,Historical,178632,0,0,D,6,1,72736,206.95,2011,52,33.99,101.88
16134,Historical,696393,0,0,D,2,1,2455342,65.7,1997,30,37.13,42.71
16135,Historical,617499,0,0,D,1,0,3347335,15.96,1998,30,48.97,15.88
16136,Historical,177344,0,0,D,4,1,395512,183.95,2005,46,84.04,37.18
16137,Historical,608548,1,3,D,3,1,3290481,77.95,2000,43,84.04,8.84
16138,Historical,169364,0,0,D,5,1,78429,218.95,2007,51,33.99,69.24
16139,Historical,554039,0,0,D,1,0,1970770,62.6,2000,24,34.32,66.21
16140,Historical,618393,0,0,D,8,1,2326647,170.75,2007,34,98.99,33.64
16141,Historical,53192,0,0,D,9,1,96554,208,2010,57,98.99,7.74
16142,Historical,574332,1,1,D,1,0,238832,150.91,1998,49,86.57,27.69
16143,Historical,113972,1,1,D,8,1,189169,140,1999,82,49.09,7.38
16144,Historical,109262,1,1,D,1,0,229394,193.75,2010,44,43.89,11.99
16145,Historical,53194,1,1,D,8,1,60710,4.22,2007,63,98.99,19.94
16146,Historical,60337,0,0,D,2,1,2142551,60,1997,27,33.99,12.98
16147,Historical,530733,0,0,D,3,1,156298,83.5,2004,43,33.99,57
16148,Historical,530735,0,0,D,2,1,54765,110,2010,42,64.89,84.05
16149,Historical,205972,1,2,D,1,0,468653,90,2005,62,64.89,12.33
16150,Historical,229613,0,0,D,1,0,1865628,99.95,1995,14,73.94,53.03
16151,Historical,2332776,1,2,D,0,0,2524931,79.2,1977,24,68.79,77.66
16152,Historical,271892,0,0,D,1,0,380428,135,2007,11,49.59,110.4
16153,Historical,257270,1,1,D,1,0,296071,110,2003,78,83.91,16.99
16154,Historical,574720,0,0,D,4,1,2029978,43.95,2007,32,21.99,15.16
16155,Historical,595061,0,0,D,6,1,181022,49.95,2012,22,21.99,43.5
16156,Historical,600104,1,1,D,2,1,889891,39,2006,37,41.8,9.52
16157,Historical,270108,1,4,D,3,1,474318,47,2010,42,41.8,52.56
16158,Historical,193366,0,0,D,3,1,309770,143,2004,20,48.96,70.03
16159,Historical,737971,0,0,D,2,1,3558330,75,1998,22,48.96,52.99
16160,Historical,607329,0,0,D,5,1,2413858,120,2004,26,124.98,8.44
16161,Historical,530730,1,1,D,7,1,270698,160.8,2010,41,124.98,88.43
16162,Historical,597693,0,0,D,3,1,1128390,49,2001,15,28.47,53.28
16163,Historical,776139,0,0,D,0,0,397670,76.95,2008,35,15.74,20.56
16164,Historical,143380,1,1,D,8,1,554261,41,2010,34,39.99,33.98
16165,Historical,120915,1,2,D,6,1,251653,130,2007,40,124.98,51.14
16166,Historical,1942279,0,0,D,0,0,1478934,59,2013,19,27.04,13.99
16167,Historical,156680,0,0,D,0,0,6031989,59.95,1999,15,13.53,94.09
16168,Historical,628279,0,0,D,1,0,1183448,102.95,1995,32,90.92,33.99
16169,Historical,2576438,0,0,D,1,0,1299321,98.95,1993,42,90.92,49.05
16170,Historical,607155,0,0,D,3,1,2936916,49,2000,16,29.95,71.59
16171,Historical,873379,0,0,D,0,0,6289240,35.4,1993,22,29.95,32.31
16172,Historical,2253103,0,0,D,7,1,4143526,29.22,2009,40,0,16.47
16173,Historical,296518,0,0,D,7,1,804583,49.95,2009,82,54.96,5.99
16174,Historical,534717,0,0,D,8,1,62769,66,2012,66,54.96,25.6
16175,Historical,269969,1,1,D,5,1,943040,177,2008,35,68.99,29.98
16176,Historical,115595,0,0,D,4,1,1251015,80.6,2003,29,49.96,12.57
16177,Historical,428122,0,0,D,1,0,4213822,65,1995,24,49.98,67.53
16178,Historical,2397038,0,0,D,4,1,2293912,86.5,1996,29,17.78,45.71
16179,Historical,124066,0,0,D,5,1,994496,116.95,2000,30,17.78,28.48
16180,Historical,865215,0,0,D,2,1,1277458,83,1996,15,0,136.03
16181,Historical,258412,1,2,D,0,0,575840,104.5,2006,82,82.11,33.72
16182,Historical,193680,1,1,D,6,1,176953,146,2009,53,101.93,21.78
16183,Historical,162923,0,0,D,8,1,61429,86.95,2010,73,38.52,38.81
16184,Historical,533633,0,0,D,9,1,190117,199.95,2012,100,69.78,16.6
16185,Historical,545607,0,0,D,9,1,1382844,199.95,2012,35,69.78,23.78
16186,Historical,110214,0,0,D,12,1,18884,331.5,2011,140,108.85,16.47
16187,Historical,877724,0,0,D,0,0,316830,84.12,2008,43,113.99,80.56
16188,Historical,161667,0,0,D,6,1,791073,0,2007,38,38.52,29.99
16189,Historical,52944,0,0,D,8,1,929049,184.95,2009,48,69.78,7.98
16190,Historical,54126,0,0,D,12,1,395236,39.05,2009,71,113.99,23.99
16191,Historical,533525,1,1,D,13,1,21804,52.87,2012,112,113.99,41.99
16192,Historical,54125,1,2,D,11,1,365596,70.86,2006,70,113.99,28.46
16193,Historical,169665,1,1,D,12,1,490279,283.95,2007,45,132.25,23.94
16194,Historical,199904,0,0,D,3,1,4099019,148.95,2003,45,14.98,8.99
16195,Historical,54224,1,1,D,13,1,169269,231.95,2010,72,132.25,28.89
16196,Historical,54223,0,0,D,12,1,182478,183.95,2007,64,132.25,26.95
16197,Historical,285402,1,2,D,11,1,445774,22.98,2009,119,108.85,19.98
16198,Historical,55269,1,1,D,10,1,213050,138.4,2007,228,77.77,22.18
16199,Historical,52943,0,0,D,7,1,2049896,107.93,2006,56,69.78,7.31
16200,Historical,576631,0,0,D,4,1,1186985,209.95,2007,90,14.98,16.95
16201,Historical,55270,1,5,D,11,1,55642,160.8,2010,245,77.77,17.95
16202,Historical,1448165,0,0,D,10,1,3111787,19.96,2008,21,113.95,18.99
16203,Historical,897534,0,0,D,2,1,1870153,129.95,1997,16,108.98,86.25
16204,Historical,157292,0,0,D,2,1,1853107,61.95,2006,26,25.54,49.47
16205,Historical,194973,0,0,D,0,0,2531464,55.95,2005,32,33.88,27.95
16206,Historical,156474,0,0,D,0,0,3721957,53.95,1995,31,25.54,21.74
16207,Historical,899471,0,0,D,2,1,1633553,129.95,2004,16,94.13,49.72
16208,Historical,882722,0,0,D,0,0,7099311,99.95,2000,10,94.13,73.49
16209,Historical,864634,0,0,D,3,1,29587,97.2,2013,39,60.2,63.72
16210,Historical,133178,0,0,D,2,1,104693,84,2010,131,60.2,22.97
16211,Historical,145241,0,0,D,1,0,2490119,68,2007,40,60.2,13.93
16212,Historical,1520608,0,0,D,0,0,425116,10.65,2007,33,39.86,7.54
16213,Historical,147467,1,1,D,5,1,1655689,439,2007,17,149.87,98.11
16214,Historical,2420529,0,0,D,0,0,3004504,55,1992,17,136.99,52.75
16215,Historical,587157,0,0,D,0,0,2524884,39.95,2012,14,0,37.43
16216,Historical,555474,1,2,D,1,0,90325,69.95,2003,39,57,43.99
16217,Historical,530719,0,0,D,3,1,1096186,39.95,2004,30,39.98,46.59
16218,Historical,55266,0,0,D,3,1,943377,49.95,2004,88,39.98,7.33
16219,Historical,126147,0,0,D,1,0,275679,36,2002,52,31.4,26.61
16220,Historical,872142,1,3,D,0,0,1928003,86.95,2004,23,46.92,56.53
16221,Historical,139543,0,0,D,1,0,7647464,75.5,1995,16,46.39,46.19
16222,Historical,55267,0,0,D,4,1,32857,66.95,2008,146,39.98,25.14
16223,Historical,200042,0,0,D,2,1,666166,131.95,2006,42,46.92,53.99
16224,Historical,903313,0,0,D,0,0,4019979,79.95,1999,19,69.98,48.59
16225,Historical,57407,0,0,D,4,1,969167,144.95,2010,72,47.99,32.04
16226,Historical,57405,1,2,D,4,1,97624,115.95,2008,127,47.99,11.98
16227,Historical,566569,0,0,D,2,1,770237,109.95,2003,43,26.69,38.99
16228,Historical,882344,0,0,D,0,0,3668461,475,1997,11,58.98,28.99
16229,Historical,184247,0,0,D,1,0,1457719,52.95,2000,36,26.95,82.47
16230,Historical,194839,0,0,D,0,0,3612746,30.95,2002,31,0,9.85
16231,Historical,2470679,0,0,D,1,0,4380053,142.95,1994,23,15.34,12.99
16232,Historical,192522,0,0,D,1,0,8560104,162,2003,12,150.65,149.15
16233,Historical,1857396,0,0,D,1,0,1802569,192,2006,15,106.99,133.2
16234,Historical,2678159,0,0,D,1,0,6274833,172,2005,10,155.82,248.95
16236,Historical,592474,0,0,D,3,1,650870,165.95,2007,30,96.22,69.98
16237,Historical,202346,0,0,D,2,1,871141,165.95,2002,34,96.22,33.98
16238,Historical,248746,0,0,D,3,1,1831624,245,2005,18,181.39,143.06
16239,Historical,738145,0,0,D,6,1,2089527,90,2000,14,6.62,104.39
16240,Historical,163045,0,0,D,2,1,108560,100,2010,52,43.69,63.71
16241,Historical,161687,0,0,D,1,0,1458949,95,2007,31,43.69,13.99
16242,Historical,633227,0,0,D,2,1,498631,39.95,2010,19,0,0
16243,Historical,109889,0,0,D,2,1,724955,22.32,2006,20,0,38.98
16244,Historical,108042,1,1,D,1,0,1693682,0,2003,10,159.07,18.99
16245,Historical,110966,0,0,D,2,1,681917,253.25,2007,16,159.07,55.94
16246,Historical,2378631,0,0,D,1,0,2830050,100,1993,23,20.23,43.94
16247,Historical,196597,0,0,D,2,1,1578873,61.95,1999,21,95.55,26.07
16248,Historical,645211,0,0,D,4,1,270820,250,2006,32,0,221.14
16249,Historical,3472999,0,0,D,0,0,1787926,119,1983,33,0,48.91
16250,Historical,543039,0,0,D,0,0,2232862,84,2000,23,55.18,64.95
16251,Historical,645539,0,0,D,4,1,1656972,89.95,2004,18,77.01,81.49
16252,Historical,1559799,0,0,D,2,1,5374982,160,2008,16,53.98,160
16253,Historical,918849,0,0,D,0,0,1627261,33,2006,36,33.16,5.49
16254,Historical,922187,0,0,D,2,1,376756,48.69,2011,109,33.16,23.36
16255,Historical,115472,1,1,D,0,0,402814,76.6,2004,34,53.99,30.99
16256,Historical,108509,1,2,D,5,1,889551,71.21,1998,33,64.38,53.99
16257,Historical,56097,0,0,D,5,1,463644,23.99,2004,22,64.38,18.99
16258,Historical,891184,0,0,D,0,0,2790891,38.95,1995,15,88.59,634.66
16259,Historical,182897,0,0,D,7,1,5827081,56.36,2003,26,31.54,8.99
16260,Historical,124023,0,0,D,4,1,5696888,57.95,2000,25,8.84,4
16261,Historical,775113,0,0,D,2,1,2402799,69,2002,27,64.57,29.99
16262,Historical,146697,0,0,D,4,1,665717,168.67,2010,34,96.66,113.99
16263,Historical,173812,0,0,D,1,0,3354229,64.99,2005,21,28.48,4.99
16264,Historical,2618142,0,0,D,6,1,6002981,40.95,1991,19,13.71,68.22
16265,Historical,755915,1,1,D,2,1,802009,0,2011,19,73.45,0
16266,Historical,162899,1,1,D,2,1,174889,39.9,2010,91,73.45,39.89
16267,Historical,878146,1,1,D,0,0,1899385,0,2008,37,93.78,104.87
16268,Historical,346092,0,0,D,1,0,507220,267.95,2006,143,93.78,22.86
16269,Historical,169224,1,4,D,1,0,57857,267.95,2006,231,91.99,28.99
16270,Historical,863365,0,0,D,1,0,2795492,58.95,2006,10,60.13,13.75
16271,Historical,52399,1,4,D,3,1,16528,159,2009,350,84.11,18.99
16272,Historical,52400,1,5,D,2,1,419973,145,2003,241,84.11,11.95
16273,Historical,57183,0,0,D,3,1,227018,64.95,2006,172,42.99,21.63
16274,Historical,57182,1,1,D,4,1,116239,73.99,2010,94,42.99,32.49
16275,Historical,192867,0,0,D,1,0,1385769,59.95,2002,39,40.96,37.04
16276,Historical,386566,1,1,D,2,1,683535,79.95,2006,61,40.96,33.99
16277,Historical,144321,0,0,D,6,1,1165852,85.6,2002,24,21.52,47.01
16278,Historical,619344,1,3,D,0,0,61243,59.95,2011,49,54.75,50.11
16279,Historical,533774,1,1,D,6,1,49764,137.95,2012,136,100.61,32.97
16280,Historical,1933241,0,0,D,6,1,332675,131.95,2012,39,100.61,58.18
16281,Historical,200618,1,1,D,5,1,1076951,111.95,2010,85,100.61,9.94
16282,Historical,53691,1,1,D,5,1,236425,140.6,2009,171,73.65,18.99
16283,Historical,146485,1,1,D,6,1,18765,165.6,2010,311,73.65,23.48
16284,Historical,183061,0,0,D,1,0,1948791,200.95,2006,22,78.99,41.93
16285,Historical,901110,0,0,D,1,0,2835656,74.95,2008,14,68.19,56.78
16286,Historical,115818,0,0,D,0,0,3070376,23.33,2004,25,19.66,19.87
16287,Historical,117039,0,0,D,2,1,732938,39.6,2008,40,19.66,33.02
16288,Historical,133168,1,2,D,4,1,157915,115.6,2011,67,72.79,20.99
16289,Historical,132391,0,0,D,3,1,252122,102.6,2008,63,72.79,44.21
16290,Historical,1449537,0,0,D,3,1,7077609,115.5,2010,10,137.54,14.99
16291,Historical,146659,1,15,D,4,1,18648,145.6,2011,105,91.05,23.33
16292,Historical,53674,0,0,D,2,1,1301118,97.6,2006,86,91.05,4.98
16293,Historical,53673,1,6,D,3,1,214729,130.4,2008,229,91.05,9.58
16294,Historical,347360,0,0,D,1,0,2766647,62.99,2005,21,32.78,27.94
16295,Historical,347351,1,1,D,0,0,2858773,62.99,2004,30,19.19,18.46
16296,Historical,161462,0,0,D,1,0,1452533,50,2006,28,33.99,31.99
16297,Historical,286523,0,0,D,5,1,429067,200,2010,51,77.83,22.36
16298,Historical,56803,1,1,D,5,1,472504,179.95,2009,65,62.22,18.99
16299,Historical,56802,0,0,D,4,1,649365,127.95,2005,93,62.22,17.01
16300,Historical,1841194,0,0,D,1,0,3811298,81.95,2010,10,65.89,134.93
16301,Historical,248520,0,0,D,3,1,1153835,49.99,2011,36,28.93,9.51
16302,Historical,660837,0,0,D,4,1,109284,49.99,2013,45,28.93,28.98
16303,Historical,248506,1,3,D,2,1,1391976,44.99,2009,56,28.93,23.98
16304,Historical,199408,0,0,D,1,0,1326390,79,2004,22,125.71,38.73
16305,Historical,116827,0,0,D,4,1,600196,49.99,2005,52,28,9.76
16306,Historical,246783,0,0,D,6,1,566708,71.95,2011,92,32.83,21.98
16307,Historical,385735,0,0,D,5,1,342520,66.95,2006,53,32.83,27.99
16308,Historical,2378929,0,0,D,0,0,2511872,58.21,1987,19,25.98,51.77
16309,Historical,58497,0,0,D,8,1,210875,167.95,2010,53,61.99,38.99
16310,Historical,58493,1,1,D,7,1,651270,176.95,2007,63,61.99,23.24
16311,Historical,53745,0,0,D,2,1,352618,183.95,2008,49,91.15,48.99
16312,Historical,53746,0,0,D,1,0,1722629,176.95,2004,29,91.15,12.98
16313,Historical,193741,1,1,D,4,1,97519,102,2011,94,82.01,11.99
16314,Historical,193573,0,0,D,3,1,64014,74,2007,50,82.01,22.77
16315,Historical,614516,0,0,D,1,0,114566,95.95,2012,105,52.95,66.96
16317,Historical,137533,0,0,D,3,1,645976,134.6,2008,29,79.16,82.77
16318,Historical,287928,0,0,D,2,1,722450,129.33,2005,45,79.16,71.21
16319,Historical,161492,0,0,D,3,1,935129,39.49,2008,30,63.92,39.49
16320,Historical,530678,0,0,D,2,1,1263983,68.95,2008,21,45.29,31.99
16321,Historical,299164,0,0,D,0,0,2066453,71.95,2004,17,45.29,37.48
16322,Historical,179122,1,1,D,7,1,1754382,259.95,2007,22,133.98,117.79
16323,Historical,254105,0,0,D,8,1,1344243,245.95,2010,40,133.98,49.23
16324,Historical,612321,0,0,D,1,0,1670929,210,2013,15,188.65,131.34
16325,Historical,200324,0,0,D,3,1,637970,101.95,2007,48,13.98,16.97
16326,Historical,343162,0,0,D,1,0,5677189,209.95,2005,13,43.98,5.88
16327,Historical,165986,0,0,D,1,0,1349019,74.95,2005,30,43.98,13.99
16328,Historical,338327,0,0,D,3,1,2423942,93.95,2006,26,31.99,27.09
16329,Historical,867986,1,2,D,1,0,1182975,83.75,1993,25,67.88,43.94
16330,Historical,159387,0,0,D,1,0,391622,99.95,1995,21,75.98,74.99
16331,Historical,146106,0,0,D,2,1,169019,223,2009,121,153.77,53.97
16332,Historical,908769,0,0,D,3,1,5374096,45.95,1998,22,27.34,46.51
16333,Historical,906086,0,0,D,4,1,1549275,74.95,2003,21,27.34,74.37
16334,Historical,415946,0,0,D,10,1,722940,127,2012,30,67.46,53.98
16335,Historical,2663076,0,0,D,1,0,1164039,89,1994,27,137.45,58.91
16336,Historical,233765,1,1,D,0,0,1377152,79.95,2006,25,57.74,50
16337,Historical,530674,0,0,D,3,1,329760,75,2009,106,37.14,35.94
16338,Historical,153718,1,1,D,2,1,524184,50,1995,179,37.14,7.43
16339,Historical,266286,0,0,D,2,1,1521470,74.99,2006,24,41.26,53.59
16340,Historical,872273,0,0,D,2,1,3644196,0,2006,22,41.26,28.98
16341,Historical,133417,0,0,D,4,1,128106,129,2011,46,115.19,69.04
16342,Historical,169934,1,1,D,2,1,56802,198.95,2009,66,127.98,56.14
16343,Historical,169136,1,1,D,1,0,850603,123.95,2006,45,127.98,47.45
16344,Historical,224695,0,0,D,3,1,24410,180.95,2012,87,127.98,59.34
16345,Historical,603329,1,1,D,0,0,429754,55.95,2009,26,0,0
16346,Historical,909828,0,0,D,2,1,10169781,99,1989,28,45.47,38.87
16347,Historical,652501,0,0,D,1,0,112340,196,2012,14,0,0
16348,Historical,633803,0,0,D,1,0,194876,176,2012,30,0,101.97
16349,Historical,229118,0,0,D,2,1,481977,64.95,2006,48,73.18,23.89
16350,Historical,170201,0,0,D,7,1,589321,124.95,2011,117,52.91,23.75
16351,Historical,350479,0,0,D,6,1,853149,131.95,2008,61,52.91,13.94
16352,Historical,60340,0,0,D,5,1,2195167,92.95,2005,47,52.91,10.14
16353,Historical,329917,0,0,D,2,1,513796,189.47,2011,17,130.04,153.78
16354,Historical,368715,1,3,D,1,0,1560296,145.2,2006,27,130.04,6.91
16355,Historical,146393,0,0,D,2,1,1307426,180.8,2011,18,130.04,62.8
16356,Historical,146436,1,3,D,2,1,34327,111,2011,122,82.18,18.99
16357,Historical,146458,0,0,D,2,1,566745,125,2011,40,82.18,72.81
16358,Historical,212354,0,0,D,1,0,863966,93.4,2006,117,82.18,4.97
16359,Historical,630852,0,0,D,2,1,717803,125,2011,27,84.96,128.92
16360,Historical,146409,0,0,D,2,1,86367,111,2011,119,84.96,33.43
16361,Historical,212355,0,0,D,1,0,213290,93.4,2006,87,84.96,29.84
16362,Historical,346379,1,2,D,3,1,3686654,222.95,2008,26,67.23,22.98
16363,Historical,535366,0,0,D,7,1,102147,158.95,2013,64,62.78,58.99
16364,Historical,1518933,0,0,D,7,1,1421505,105,2013,31,73.92,33.99
16365,Historical,147617,1,1,D,7,1,623698,105,2010,185,73.92,11.49
16366,Historical,147353,0,0,D,6,1,1443504,84.95,2006,113,73.92,9.88
16367,Historical,2699423,1,1,D,1,0,4935783,70,1983,16,73.98,31.94
16368,Historical,533635,1,1,D,6,1,732294,214.95,2012,84,154.6,17.98
16369,Historical,52937,1,2,D,5,1,619601,225.95,2009,150,154.6,22.94
16370,Historical,403038,0,0,D,9,1,1266816,60,2006,37,43.19,23.98
16371,Historical,110140,0,0,D,9,1,1834553,7.74,2007,49,95.99,7.49
16372,Historical,285443,0,0,D,10,1,916986,5.01,2010,99,95.99,6.48
16373,Historical,530658,1,3,D,11,1,73919,74.87,2012,91,95.99,47.82
16374,Historical,699397,0,0,D,0,0,881137,45.24,2011,12,67.98,52.63
16375,Historical,53423,0,0,D,9,1,594188,125.4,2009,74,20.82,20.24
16376,Historical,53422,0,0,D,8,1,1386751,101.2,2007,78,20.82,18.96
16377,Historical,338274,0,0,D,2,1,9544122,78,2001,19,41.72,42.98
16378,Historical,530655,0,0,D,3,1,2696864,74.95,2007,15,41.72,55.89
16379,Historical,51949,0,0,D,6,1,108503,49.95,2010,100,37.73,20.98
16380,Historical,549875,1,1,D,1,0,85508,208.75,2013,54,0,55.84
16381,Historical,146027,1,2,D,5,1,236024,168.4,2009,110,58.28,30.64
16382,Historical,51948,0,0,D,5,1,930427,44.95,2006,112,37.73,17.17
16383,Historical,202396,0,0,D,1,0,987215,191.95,2004,35,93.86,25
16384,Historical,120538,0,0,D,2,1,456514,62.67,2008,57,30.85,23.33
16385,Historical,57294,0,0,D,8,1,43577,104.4,2009,40,86.19,78.77
16386,Historical,111338,1,6,D,8,1,113152,145.62,2009,73,86.19,48.57
16387,Historical,205469,1,2,D,6,1,1291503,78.6,2003,21,93.49,74.29
16388,Historical,913873,0,0,D,2,1,1329364,67.9,1991,39,153.31,44.95
16389,Historical,53622,1,1,D,3,1,30958,271,2011,248,94.02,33.71
16390,Historical,53623,1,1,D,2,1,178550,38.98,2009,86,94.02,27.83
16392,Historical,244142,1,1,D,9,1,10881,226.95,2012,170,148.99,68.98
16393,Historical,148626,0,0,D,8,1,279711,258.95,2009,57,148.99,57.43
16394,Historical,53542,1,3,D,8,1,71867,249.95,2009,204,148.99,24.44
16395,Historical,533779,1,1,D,11,1,76305,393.95,2012,56,240.85,194.35
16396,Historical,51179,0,0,D,9,1,556695,357.95,2006,49,240.85,28.94
16397,Historical,56094,1,3,D,7,1,507976,100.15,2009,88,93.65,24.99
16398,Historical,148585,1,2,D,3,1,543477,229.95,2007,42,132.99,21.23
16399,Historical,309098,0,0,D,8,1,36918,93.96,2012,103,93.65,26.97
16400,Historical,178666,0,0,D,4,1,25270,212.95,2011,61,132.99,65.94
16401,Historical,272517,0,0,D,0,0,1321988,79,2010,16,31.28,57.97
16402,Historical,164666,0,0,D,1,0,1391900,0,2003,29,73.56,61.38
16403,Historical,893432,0,0,D,1,0,943184,304.75,2012,13,58.99,255.91
16404,Historical,50934,0,0,D,3,1,645706,5.13,2009,59,82.8,8.97
16405,Historical,50935,0,0,D,4,1,215635,19.17,2011,117,82.8,16.99
16406,Historical,705771,0,0,D,1,0,670813,211.25,2013,27,58.99,41.94
16407,Historical,192738,0,0,D,2,1,632465,94.95,2001,57,39.94,32.49
16408,Historical,2006138,0,0,D,1,0,1494371,62.95,2007,22,54.93,74.9
16409,Historical,166471,0,0,D,1,0,370054,45,2005,43,36.25,43.89
16410,Historical,132320,1,1,D,6,1,662398,71.33,2007,98,68.93,16.49
16411,Historical,286499,0,0,D,7,1,150071,89,2010,79,68.93,43.77
16412,Historical,403859,0,0,D,5,1,2127575,49.73,2004,52,68.93,7.93
16413,Historical,613496,0,0,D,1,0,1987,35,1992,163,53.16,17.22
16414,Historical,308105,0,0,D,6,1,78503,68,2008,44,47.06,18.38
16415,Historical,265316,0,0,D,2,1,1652223,145,2006,15,132.99,21.48
16416,Historical,145682,0,0,D,1,0,1465008,130.67,2007,84,94.21,10.91
16417,Historical,288708,0,0,D,10,1,200532,166.6,2010,194,94.21,24.89
16418,Historical,51538,1,2,D,3,1,101242,35.97,2009,119,56.4,19.88
16419,Historical,533751,0,0,D,3,1,72336,66,2012,70,56.4,10.42
16420,Historical,51537,0,0,D,2,1,157957,8.99,2006,111,56.4,11.49
16421,Historical,231583,0,0,D,5,1,187686,92.95,2010,70,48.97,37.94
16422,Historical,296725,1,1,D,4,1,1002862,84.95,2006,53,48.97,22.94
16423,Historical,2252090,0,0,D,3,1,2506831,22.48,2008,65,112.56,17.56
16424,Historical,111915,1,1,D,5,1,17109,80,2012,126,112.56,32.49
16425,Historical,52140,1,2,D,4,1,124534,15.94,2010,136,112.56,18.94
16426,Historical,699350,0,0,D,5,1,1312523,14.99,2012,29,112.56,22.21
16427,Historical,202277,0,0,D,1,0,896884,135.95,2000,48,109.39,18.28
16428,Historical,50099,0,0,D,7,1,19364,42.99,2010,133,97.69,33.76
16429,Historical,50100,1,4,D,6,1,70382,53.48,2007,92,97.69,44.01
16430,Historical,169783,1,2,D,4,1,545621,160.95,2008,71,48.62,38.94
16431,Historical,297893,1,9,D,8,1,31708,176.95,2012,103,83.3,48.83
16432,Historical,170037,1,2,D,7,1,428051,193.95,2010,88,83.3,43.93
16433,Historical,118963,0,0,D,10,1,605927,130.2,2008,70,58.43,7.63
16434,Historical,224707,1,1,D,2,1,294194,117.95,2010,73,46.66,23.99
16435,Historical,657012,0,0,D,4,1,810292,104.31,2007,5,101.35,276.91
16436,Historical,530650,0,0,D,4,1,1211606,82.95,2007,15,58.84,42.72
16437,Historical,117238,0,0,D,8,1,1144521,78.4,2006,41,37.27,43.94
16438,Historical,200318,0,0,D,1,0,475714,154.95,2008,22,88.98,23.95
16439,Historical,178278,0,0,D,3,1,3039877,194.95,2004,23,102.99,72.96
16440,Historical,246595,0,0,D,3,1,67500,61.79,2008,47,56.13,30.99
16441,Historical,178873,1,1,D,6,1,87956,220.95,2011,51,102.99,25.97
16442,Historical,451744,0,0,D,5,1,868027,234.95,2008,39,102.99,33.9
16443,Historical,626766,0,0,D,2,1,841614,120.35,1998,31,51,27.99
16444,Historical,109491,0,0,D,3,1,397124,67.07,2005,25,51,51.62
16445,Historical,1492008,0,0,D,4,1,6231950,0,2006,22,74.61,62.61
16446,Historical,553256,0,0,D,3,1,660766,231.67,2012,29,95.85,183.98
16447,Historical,51977,0,0,D,8,1,81861,237,2010,143,88.99,33.99
16448,Historical,766352,1,1,D,6,1,3536919,110.5,2011,23,97.32,53.16
16449,Historical,2438648,0,0,D,3,1,5658379,87.5,2003,26,74.61,70.83
16450,Historical,148630,1,1,D,5,1,567599,352.95,2008,127,97.32,17.04
16451,Historical,60347,0,0,D,4,1,700378,345.95,2006,88,97.32,18.89
16452,Historical,539285,0,0,D,3,1,62226,225,2012,65,95.85,48.63
16453,Historical,110450,1,1,D,2,1,108121,19.4,2009,77,64.23,19.41
16454,Historical,178635,1,1,D,6,1,25406,320.95,2011,108,97.32,36.9
16455,Historical,51975,1,1,D,7,1,207279,11.92,2008,110,88.99,8.24
16456,Historical,109153,0,0,D,1,0,1420535,21.87,2005,48,64.23,10.92
16457,Historical,120068,0,0,D,2,1,1407251,125.33,2008,34,49.12,13.54
16458,Historical,120013,1,1,D,2,1,1204958,122.67,2008,71,49.12,7.98
16459,Historical,121300,0,0,D,1,0,833785,64.8,2010,58,4.1,12.53
16460,Historical,131788,0,0,D,3,1,1223681,76.2,2003,51,26.64,7.98
16461,Historical,132109,0,0,D,3,1,2149242,67,2005,38,26.64,45.4
16462,Historical,51020,0,0,D,6,1,118257,182.67,2010,83,173.97,44.98
16463,Historical,51018,1,1,D,5,1,182684,156.67,2007,146,173.97,32.49
16464,Historical,595593,1,1,D,1,0,22450,133.99,2012,20,0,122.76
16465,Historical,293855,0,0,D,2,1,97245,128.95,2007,70,65.72,23.95
16466,Historical,199998,1,3,D,0,0,99638,87.95,2003,45,65.72,41.03
16467,Historical,270992,0,0,D,4,1,79004,103.99,2010,59,50.24,22.23
16468,Historical,203677,0,0,D,3,1,889231,86.95,2005,76,50.24,19.92
16469,Historical,612708,0,0,D,0,0,827795,165,2014,38,138.98,23.75
16470,Historical,632125,0,0,D,0,0,1235620,159.5,2013,48,138.98,14.25
16471,Historical,1456455,1,1,D,5,1,118810,57.5,2008,47,61.98,48.99
16472,Historical,120362,1,2,D,5,1,104633,85.6,2008,52,61.98,78.78
16473,Historical,231768,1,1,D,4,1,86002,40,1998,153,61.98,14.72
16474,Historical,231790,0,0,D,5,1,432828,147.06,2008,24,0,0
16475,Historical,139691,0,0,D,2,1,3430437,59.95,2003,34,58.98,34.27
16476,Historical,191972,1,8,D,1,0,121907,28.99,2009,209,76.51,36.99
16477,Historical,252718,0,0,D,1,0,1920992,0,2009,14,76.51,73.96
16478,Historical,203679,1,1,D,4,1,634239,61.99,2005,158,31.99,13.99
16479,Historical,118481,0,0,D,6,1,402226,128.8,2006,61,115.86,29.9
16480,Historical,146187,1,2,D,7,1,196476,134.8,2009,75,115.86,12.59
16481,Historical,563639,1,2,D,4,1,5887,128,2012,204,66.54,45.39
16482,Historical,52429,1,3,D,11,1,46986,135,2011,104,103.48,39.57
16483,Historical,52428,1,4,D,10,1,141641,106.2,2007,92,103.48,32.28
16484,Historical,53619,1,1,D,2,1,633326,35,2006,62,66.54,41.42
16485,Historical,53620,1,1,D,3,1,17785,18.98,2009,127,66.54,17.98
16486,Historical,186056,0,0,D,0,0,3073886,105,1997,22,21.44,23.64
16487,Historical,200148,1,3,D,1,0,74259,136.95,2007,98,36.83,26.49
16488,Historical,576584,0,0,D,5,1,2531137,81.95,2002,37,60.45,24.96
16489,Historical,200225,1,1,D,6,1,764727,126.95,2006,83,60.45,18.38
16490,Historical,200149,0,0,D,1,0,237708,92.95,2009,23,41.2,70.9
16491,Historical,543740,0,0,D,2,1,363551,201.95,2010,26,0,0
16492,Historical,56089,1,1,D,1,0,1691059,134.95,2007,70,85.8,9.99
16493,Historical,56091,1,1,D,2,1,99083,126.95,2010,149,85.8,26.83
16494,Historical,200161,1,2,D,1,0,500019,93.95,2008,68,39.97,10.99
16495,Historical,293848,1,2,D,1,0,278891,84.95,2007,50,39.97,13.99
16496,Historical,894976,0,0,D,2,1,58628,99.95,2014,32,39.97,83.99
16497,Historical,50326,1,8,D,8,1,169849,63.39,2005,139,93.99,42.98
16498,Historical,145769,0,0,D,9,1,103898,147,2009,120,93.99,51.33
16499,Historical,329879,1,5,D,4,1,947671,58.6,2008,60,43.76,21.98
16500,Historical,146643,1,2,D,5,1,204604,62.4,2011,65,43.76,47.45
16501,Historical,877979,1,6,D,7,1,1712700,33.08,2010,53,61.35,30.87
16502,Historical,50263,1,2,D,7,1,187703,133.2,2010,105,61.35,23.99
16503,Historical,50262,0,0,D,6,1,1068933,105.4,2007,135,61.35,17.97
16504,Historical,618377,1,3,D,1,0,33242,136.95,2014,53,62.45,80.4
16505,Historical,200487,0,0,D,1,0,1005055,128.95,2009,60,24.99,26.99
16506,Historical,499545,0,0,D,5,1,41832,81.95,2012,110,25.2,25.48
16507,Historical,58473,1,1,D,4,1,704190,75.95,2008,187,25.2,16.8
16508,Historical,374392,0,0,D,1,0,806584,37.95,1995,41,40.47,12.73
16509,Historical,261778,0,0,D,2,1,978660,74,2009,18,72.23,31.98
16510,Historical,597734,0,0,D,0,0,2390840,69,2006,18,72.23,26.99
16511,Historical,868072,0,0,D,1,0,1577426,56,2005,26,53.65,7.99
16512,Historical,169389,1,1,D,1,0,839814,129.95,2007,56,11.86,53.26
16513,Historical,2248045,1,1,D,0,0,2818513,175.36,2008,40,109.21,133.65
16514,Historical,252818,0,0,D,2,1,90687,75.45,2010,54,115.59,48.99
16515,Historical,154057,1,2,D,5,1,52759,63.83,2010,75,48.5,38.02
16516,Historical,655096,0,0,D,6,1,12048,90.5,2013,112,48.5,48.96
16517,Historical,153947,1,2,D,4,1,452687,14.97,2007,114,48.5,7.88
16518,Historical,51082,1,3,D,7,1,52673,8.98,2007,76,342.3,27.98
16519,Historical,51081,1,2,D,6,1,156484,27.07,2005,72,342.3,27.42
16520,Historical,51083,1,3,D,8,1,32238,45.07,2009,105,342.3,78.57
16521,Historical,147306,0,0,D,1,0,565467,60.95,2008,24,51.99,31.99
16522,Historical,52817,1,3,D,2,1,55554,33.94,2011,121,95.33,28.99
16523,Historical,538844,1,12,D,3,1,4787,87,2013,82,95.33,53.99
16524,Historical,52816,1,4,D,1,0,561374,18.95,2007,129,95.33,13.98
16525,Historical,313215,0,0,D,1,0,1621808,85.6,2003,21,41.39,24.99
16526,Historical,199996,0,0,D,4,1,2108262,69.95,2003,29,41.76,10.98
16527,Historical,200186,0,0,D,5,1,299375,163.95,2007,104,41.76,28.93
16528,Historical,873768,0,0,D,2,1,11240129,53.95,2005,11,74.7,215.8
16529,Historical,148418,0,0,D,7,1,2393249,202.95,2005,28,74.7,5.97
16530,Historical,148446,0,0,D,8,1,244757,277.95,2008,37,74.7,27.85
16531,Historical,610436,0,0,D,3,1,123880,135.95,2013,23,44.94,68.99
16532,Historical,200534,0,0,D,2,1,221470,135.95,2010,66,44.94,29.64
16533,Historical,110388,0,0,D,12,1,52477,34.22,2009,61,97.74,41.61
16534,Historical,533677,1,1,D,5,1,76270,279.95,2012,35,183.87,101.76
16535,Historical,52689,0,0,D,2,1,102700,43.99,2009,52,109.48,100.55
16536,Historical,1687813,0,0,D,2,1,915789,74.95,2006,10,18.49,654.08
16537,Historical,52407,0,0,D,4,1,291113,307.95,2009,42,183.87,47.72
16538,Historical,52406,0,0,D,3,1,1604791,202.95,2006,43,183.87,10.99
16539,Historical,52688,0,0,D,1,0,186911,10.94,2007,35,109.48,7.69
16540,Historical,169626,0,0,D,2,1,580969,307.95,2008,44,67.98,33.99
16541,Historical,176576,0,0,D,1,0,1121867,299.95,2004,27,67.98,47.89
16542,Historical,105603,0,0,D,2,1,485290,69,2002,73,29.9,19.24
16543,Historical,530635,1,4,D,2,1,61169,117.25,2011,134,76.11,23.73
16544,Historical,110037,0,0,D,1,0,2005733,9.75,2009,56,76.11,6.92
16545,Historical,2227585,0,0,D,5,1,5116785,39,2010,3,45.24,0
16546,Historical,737138,0,0,D,1,0,1447139,88.95,1997,25,30.93,44.27
16547,Historical,202326,0,0,D,2,1,3396969,144.95,2001,42,30.93,5.98
16548,Historical,53909,0,0,D,5,1,233092,210.95,2007,49,107.99,105.4
16549,Historical,53908,1,1,D,5,1,665644,209.95,2007,51,107.99,59.47
16550,Historical,51137,1,3,D,9,1,707819,193.33,2011,72,101.51,22.18
16551,Historical,119260,1,1,D,10,1,60465,249.8,2012,112,101.51,46.14
16552,Historical,224747,0,0,D,5,1,44399,303.95,2011,102,160.1,40.72
16553,Historical,55351,1,2,D,3,1,533850,346.95,2006,60,160.1,14.98
16554,Historical,234267,0,0,D,2,1,225814,105,2001,50,120.82,49.98
16555,Historical,616161,0,0,D,1,0,757230,100,1997,48,120.82,18.4
16556,Historical,56083,0,0,D,5,1,1974683,49.34,2010,18,109.34,47.97
16557,Historical,56086,0,0,D,4,1,138105,39.94,2006,68,109.34,45.65
16558,Historical,184641,0,0,D,3,1,5618540,59.95,2000,20,37.98,53.19
16559,Historical,1840001,0,0,D,4,1,4864548,68.95,2008,14,37.98,73.4
16560,Historical,192419,0,0,D,5,1,1174820,131.95,2005,25,72.99,43.99
16561,Historical,200361,0,0,D,1,0,558177,104.95,2008,49,37.15,32.92
16562,Historical,211028,0,0,D,5,1,147564,39.95,2009,129,4,8.7
16563,Historical,294834,0,0,D,4,1,1504251,35.95,2006,100,4,4.94
16564,Historical,253883,0,0,D,2,1,362396,111.95,2009,81,70.78,9.98
16565,Historical,54309,0,0,D,7,1,149561,79.99,2009,257,27.99,13.49
16566,Historical,54308,0,0,D,6,1,1282998,69.95,2006,131,27.99,10.76
16567,Historical,224743,0,0,D,6,1,87052,259.95,2011,89,103.92,82.99
16568,Historical,56787,0,0,D,3,1,1540602,188.95,2003,36,103.92,103.84
16569,Historical,288710,0,0,D,10,1,53701,168.33,2010,76,82.93,53.35
16570,Historical,56786,0,0,D,5,1,243768,210.95,2008,28,103.92,45.51
16571,Historical,60352,0,0,D,4,1,1434725,145.95,2006,50,103.92,299.3
16572,Historical,60351,1,8,D,9,1,106652,135.8,2007,100,82.93,33.99
16573,Historical,52337,0,0,D,10,1,403016,161.8,2009,86,98.49,13.94
16575,Historical,788704,0,0,D,4,1,4570904,39.95,1999,20,48.92,24.24
16576,Historical,338276,0,0,D,2,1,1363946,120,2004,26,74.95,63.99
16577,Historical,159427,0,0,D,1,0,3568256,79.95,1999,21,74.95,44.39
16578,Historical,245139,0,0,D,4,1,3242293,162.95,2005,22,38.97,18.4
16579,Historical,117249,0,0,D,2,1,997351,166.67,2006,27,39.27,48.98
16580,Historical,51059,1,2,D,3,1,26458,115.99,2010,267,62.98,21.99
16581,Historical,254565,0,0,D,3,1,439181,132.99,2011,41,62.98,52.38
16582,Historical,51058,1,4,D,2,1,726817,99.95,2006,242,62.98,4.33
16583,Historical,200316,1,1,D,1,0,610032,119.95,2005,52,0,0
16584,Historical,270774,0,0,D,2,1,62555,109.99,2012,67,32.58,53.99
16585,Historical,56077,1,1,D,0,0,1025035,102.95,2007,95,32.58,10.99
16586,Historical,200315,0,0,D,3,1,1393938,101.95,2005,25,81.26,43.99
16587,Historical,243942,0,0,D,6,1,940698,117.95,2010,36,44.04,63.99
16588,Historical,54307,1,1,D,6,1,271799,117.95,2010,196,44.04,13.04
16589,Historical,54306,1,2,D,5,1,1437373,117.95,2006,131,44.04,4.99
16590,Historical,563638,1,6,D,2,1,4192,104.21,2012,108,67.32,23.99
16591,Historical,154033,1,8,D,1,0,124810,42.98,2009,71,67.32,29.98
16592,Historical,53061,0,0,D,7,1,2761474,132.95,2004,42,73.99,10.83
16593,Historical,53062,0,0,D,8,1,547488,269.95,2006,60,73.99,18.72
16594,Historical,53063,0,0,D,9,1,254588,274.95,2008,53,73.99,55.19
16595,Historical,406147,1,1,D,4,1,1323251,163.95,2005,25,94.86,42.87
16596,Historical,257588,0,0,D,1,0,5001983,113,2001,17,108.94,60.41
16597,Historical,646188,0,0,D,0,0,1437932,125,2007,21,101.92,120.24
16598,Historical,55469,0,0,D,3,1,280888,52.95,2008,68,17.46,9.97
16599,Historical,200578,1,1,D,1,0,499627,214.95,2009,28,77.88,141.83
16600,Historical,249870,0,0,D,4,1,321402,209.95,2007,47,90.14,15.34
16601,Historical,243859,0,0,D,5,1,551195,167.95,2011,45,90.14,23.99
16602,Historical,254500,0,0,D,5,1,564674,208.95,2010,109,37.2,32.79
16603,Historical,166851,0,0,D,1,0,1404437,40,2006,22,41.19,51.74
16604,Historical,290285,0,0,D,2,1,1789375,110,2002,27,108.74,15.74
16605,Historical,368428,0,0,D,3,1,2224073,49.95,2004,57,29.98,27.4
16606,Historical,211039,0,0,D,5,1,340953,59.95,2010,241,29.98,6.99
16607,Historical,210981,1,1,D,4,1,1150536,54.95,2007,132,29.98,12.23
16608,Historical,165499,0,0,D,1,0,789931,45,2004,54,33.24,25.99
16609,Historical,243816,0,0,D,4,1,1069171,102.95,2010,30,96.98,159
16610,Historical,51377,0,0,D,4,1,139001,128.95,2006,118,83.99,18.94
16611,Historical,795073,0,0,D,3,1,139500,124.95,2011,18,118.62,95.54
16612,Historical,60354,1,3,D,1,0,739710,130.95,2005,46,118.62,43.99
16613,Historical,267906,0,0,D,2,1,4224021,73.95,2006,17,96.98,46.69
16614,Historical,198464,0,0,D,3,1,1956289,76.95,2006,20,96.98,28.98
16615,Historical,51294,0,0,D,2,1,1150947,207.95,2007,74,118.62,12.34
16616,Historical,200265,1,3,D,1,0,1370282,107.95,2007,102,45.81,12.09
16617,Historical,254479,0,0,D,2,1,59337,98.95,2011,130,45.81,22.73
16618,Historical,200416,0,0,D,2,1,806868,79.95,2008,26,43.94,15.99
16619,Historical,200062,0,0,D,1,0,3273509,82.95,2004,23,43.94,23.99
16620,Historical,290970,0,0,D,5,1,121381,58.95,2011,114,23.94,18.71
16621,Historical,178172,0,0,D,3,1,1850199,49.95,2005,64,23.94,8.17
16622,Historical,169779,0,0,D,4,1,752447,62.95,2008,177,23.94,16.58
16623,Historical,202226,0,0,D,1,0,1028762,132.95,2001,24,52.98,72.98
16624,Historical,147639,1,1,D,1,0,311092,108,2011,36,0,46.8
16625,Historical,192474,0,0,D,2,1,281501,82.95,2004,45,54.99,28.44
16626,Historical,251818,0,0,D,12,1,736739,51.65,2009,22,55.94,42.99
16627,Historical,250400,1,3,D,11,1,2209602,51.65,2006,28,55.94,28.48
16628,Historical,249770,0,0,D,2,1,148739,252.95,2007,45,79.86,19.75
16629,Historical,132276,0,0,D,2,1,1663818,86.8,2006,39,41.63,41.11
16630,Historical,634575,0,0,D,3,1,6084979,62.95,1990,25,24.92,46.35
16631,Historical,2261600,0,0,D,5,1,1674023,59.45,2009,37,0,31.31
16632,Historical,203368,0,0,D,3,1,2353307,69.95,2001,42,49.89,13.99
16633,Historical,3049287,0,0,D,1,0,4111887,88.95,1996,18,93.99,49.27
16634,Historical,167282,1,1,D,1,0,1415672,38.95,2007,21,32.88,13.79
16635,Historical,284220,1,1,D,1,0,1098805,129,2008,36,66.99,54.07
16636,Historical,187933,1,2,D,2,1,997582,225,1996,19,276.53,107.21
16637,Historical,254590,0,0,D,1,0,167352,101,2011,55,79.74,13.89
16638,Historical,563637,1,19,D,4,1,8612,65,2012,181,67.96,42.95
16639,Historical,536772,1,3,D,10,1,2707,169.2,2012,214,93.26,28.99
16640,Historical,51601,0,0,D,3,1,98713,172.5,2010,127,67.96,17.84
16641,Historical,55263,1,1,D,7,1,392809,211.95,2007,68,55.01,6.84
16642,Historical,1982568,1,7,D,1,0,25500,84,2014,67,0,42.99
16643,Historical,51600,0,0,D,2,1,1134073,20.27,2007,103,67.96,7.08
16645,Historical,587544,0,0,D,8,1,4250238,0,2011,14,55.01,91.48
16646,Historical,55264,1,4,D,8,1,88940,209.95,2010,99,55.01,20.36
16647,Historical,200606,0,0,D,2,1,477413,148.95,2009,26,52.49,60.94
16648,Historical,293849,0,0,D,1,0,1450256,74.95,2006,34,52.49,27.86
16649,Historical,114135,0,0,D,6,1,549192,102,2002,27,92.58,43.7
16650,Historical,716573,0,0,D,5,1,2753446,99,1997,28,92.58,39.97
16651,Historical,52274,1,2,D,4,1,15917,155.33,2011,319,75.28,32.23
16652,Historical,530624,0,0,D,3,1,96414,192.95,2012,61,120.43,47.99
16653,Historical,50127,1,3,D,5,1,56910,327.95,2008,80,160.24,38.98
16654,Historical,795386,0,0,D,6,1,1474638,0,2012,31,160.24,31.49
16655,Historical,871058,0,0,D,6,1,485570,63.95,2008,64,22.99,48.5
16656,Historical,53039,1,1,D,6,1,167772,290.95,2007,105,113.98,38.49
16657,Historical,537801,1,5,D,1,0,56970,98.87,2010,46,90.17,83.99
16658,Historical,52273,0,0,D,3,1,474293,122,2006,154,75.28,14.95
16659,Historical,112802,0,0,D,1,0,3232008,175,2005,20,141.79,58.63
16660,Historical,113168,0,0,D,2,1,1091762,240,2009,25,141.79,110.2
16661,Historical,179199,0,0,D,2,1,100249,241.95,2008,53,59.99,11.47
16662,Historical,285830,0,0,D,3,1,1750177,66.2,2002,38,24,6.45
16663,Historical,55262,0,0,D,2,1,831836,26.48,2010,82,83.76,18.95
16664,Historical,533434,1,1,D,3,1,40654,92.65,2012,66,83.76,57.81
16665,Historical,60355,0,0,D,1,0,2438152,270.95,2008,34,59.99,7.99
16666,Historical,116821,0,0,D,4,1,581119,105.56,2006,61,24,9.75
16667,Historical,120765,0,0,D,4,1,1182479,199.2,2009,31,164.45,23.98
16668,Historical,117638,1,1,D,3,1,1041921,157.33,2005,40,164.45,6.99
16669,Historical,121265,0,0,D,5,1,81974,234.6,2011,38,164.45,46.99
16670,Historical,247896,0,0,D,0,0,3293118,53.95,2007,27,34.34,8.94
16671,Historical,248155,0,0,D,2,1,604604,65,2010,23,34.34,9.94
16672,Historical,545851,1,1,D,3,1,241506,82,2013,52,34.34,30.12
16673,Historical,291644,0,0,D,1,0,1280952,117.95,2005,38,136.04,12.94
16674,Historical,169936,0,0,D,2,1,305190,172.95,2009,80,136.04,41.99
16675,Historical,544300,1,3,D,4,1,34635,193.95,2013,84,138.99,72.68
16676,Historical,51236,0,0,D,3,1,60908,214.95,2010,37,138.99,62.12
16677,Historical,51235,1,3,D,2,1,407857,229.95,2007,80,138.99,19.84
16678,Historical,51755,1,1,D,3,1,24811,17.99,2009,77,53.04,14.99
16679,Historical,533727,0,0,D,3,1,1514966,180,2009,46,53.04,23.94
16680,Historical,51753,1,1,D,2,1,1457226,10.94,2006,78,53.04,10.94
16681,Historical,200024,0,0,D,1,0,292652,94.95,2004,23,36.98,69.96
16682,Historical,54866,1,6,D,2,1,235325,119.95,2009,126,67.38,17.35
16683,Historical,530622,1,5,D,3,1,79205,106.95,2012,78,67.38,78.05
16684,Historical,202212,0,0,D,2,1,506125,259.95,2000,42,81.45,8.99
16685,Historical,544555,0,0,D,2,1,47045,232.95,2013,51,81.76,96.94
16686,Historical,292168,1,3,D,1,0,639401,255.95,2004,62,81.76,13.93
16687,Historical,699384,1,1,D,10,1,1695905,57.81,2012,54,104.99,18.49
16688,Historical,537570,0,0,D,10,1,10156,63.98,2012,85,104.99,61.05
16689,Historical,50157,0,0,D,9,1,11469,27.98,2010,141,104.99,21.43
16690,Historical,50156,0,0,D,8,1,56865,32.6,2008,97,104.99,21.49
16691,Historical,164716,1,1,D,1,0,822572,36.95,1999,86,40.99,4.96
16692,Historical,166989,0,0,D,1,0,255582,48.95,2009,61,40.99,47.47
16693,Historical,166756,0,0,D,1,0,932510,36.95,2005,23,28.99,31.99
16694,Historical,164979,0,0,D,1,0,506988,40,2001,68,16.85,10.99
16695,Historical,873537,0,0,D,2,1,3919417,5.52,2011,27,57.49,4
16696,Historical,110021,0,0,D,2,1,189911,166.75,2010,101,57.49,52.01
16697,Historical,873365,0,0,D,2,1,1497531,99.03,2010,42,57.49,117.1
16698,Historical,2345791,0,0,D,0,0,996197,45,1991,18,32.15,52.87
16699,Historical,131222,0,0,D,1,0,2271772,67.4,2006,48,64.24,43.86
16700,Historical,121212,0,0,D,2,1,329200,93.6,2009,33,64.24,43.93
16701,Historical,2485552,0,0,D,2,1,3263946,250,2001,18,50.61,48.57
16703,Historical,245184,1,1,D,1,0,1298751,183.95,2005,40,69.77,36.98
16704,Historical,3605683,0,0,D,0,0,2760199,99.95,2004,20,0,22.59
16705,Historical,711772,1,1,D,0,0,10384434,0,2003,11,142.03,0
16706,Historical,116173,1,1,D,7,1,157798,147.14,2010,42,142.03,62.08
16707,Historical,621742,1,1,D,1,0,2491227,359.95,1989,34,89.97,51.94
16709,Historical,689165,0,0,D,0,0,274294,29.99,2011,24,44.17,21.95
16710,Historical,665264,0,0,D,0,0,1116,39.99,2012,26,37.08,27.98
16711,Historical,1890617,0,0,D,0,0,1387140,79.99,2009,17,61.92,38.46
16712,Historical,259243,0,0,D,1,0,923019,44.95,2000,52,26.99,9.94
16713,Historical,267282,0,0,D,3,1,2297111,49.95,2003,61,15.94,18.98
16714,Historical,56771,1,1,D,7,1,530354,85.95,2004,50,83.94,14.16
16715,Historical,56770,0,0,D,8,1,71834,149.95,2008,55,83.94,33.61
16716,Historical,544668,1,2,D,8,1,15282,153.95,2013,119,82.98,59.49
16717,Historical,54324,1,1,D,6,1,428844,161.95,2008,124,82.98,11.99
16718,Historical,54325,1,2,D,7,1,106955,168.95,2011,124,82.98,27.99
16719,Historical,298875,0,0,D,5,1,94857,62.95,2010,87,31.98,21.99
16720,Historical,192420,0,0,D,4,1,736276,49.95,2004,85,31.98,8.66
16721,Historical,298866,1,1,D,1,0,259581,89.95,2009,65,20.78,36.49
16722,Historical,253921,0,0,D,1,0,810442,97.95,2009,27,20.78,23.97
16723,Historical,253919,1,1,D,1,0,540024,89.95,2009,33,20.78,39.99
16724,Historical,115325,0,0,D,7,1,82415,86.2,2001,60,75.95,16.85
16725,Historical,119538,0,0,D,6,1,3764689,58,1998,37,75.95,6.49
16726,Historical,110431,0,0,D,7,1,109475,72.1,2008,59,132.89,57.59
16727,Historical,108152,1,1,D,6,1,799857,0,2002,51,132.89,12.94
16728,Historical,121171,0,0,D,3,1,220790,116.4,2009,93,113.99,24.99
16729,Historical,539313,1,1,D,4,1,53287,132,2013,53,113.99,68.99
16730,Historical,117425,0,0,D,2,1,1244167,86,2006,40,113.99,13.99
16731,Historical,873210,0,0,D,2,1,2932292,55.97,2010,34,64.65,49.82
16732,Historical,861345,1,2,D,3,1,13060,166.75,2013,64,64.65,103.98
16733,Historical,110372,1,1,D,1,0,337013,93.25,2007,56,64.65,4.74
16734,Historical,595039,0,0,D,3,1,51010,222,2012,137,43.99,38.99
16735,Historical,2253522,1,3,D,2,1,3571347,29.92,2008,43,0,29.06
16736,Historical,56763,0,0,D,2,1,427652,149,2008,118,43.99,17.77
16737,Historical,51173,1,2,D,7,1,111905,85.6,2003,75,63.96,18.99
16738,Historical,51174,1,1,D,8,1,346950,122.8,2008,63,63.96,83.1
16739,Historical,254834,0,0,D,0,0,2022475,39.95,2000,32,66.65,45.38
16740,Historical,169139,0,0,D,5,1,474278,247.95,2006,23,127.87,107.02
16741,Historical,608573,1,1,D,4,1,1562417,97.95,2001,40,127.87,33.92
16742,Historical,533667,1,2,D,5,1,56657,89.95,2011,110,40.99,51.25
16743,Historical,874636,1,1,D,0,0,1574490,0,2010,30,62.86,12.8
16744,Historical,870620,0,0,D,1,0,4518771,32,1996,26,12.87,5.99
16745,Historical,607232,1,1,D,2,1,3844477,39.6,2002,40,12.87,7.98
16746,Historical,718332,0,0,D,1,0,2930241,65,1998,21,31.66,49.11
16747,Historical,249867,1,3,D,3,1,239806,165.95,2007,185,86.96,15.89
16748,Historical,877401,0,0,D,0,0,4468293,0,2009,15,86.96,61.63
16749,Historical,249229,0,0,D,2,1,141725,62.95,2009,82,29.52,38.99
16750,Historical,300971,0,0,D,0,0,1247325,49,2003,27,30.87,47.73
16751,Historical,3595647,0,0,D,3,1,4764149,58.95,1997,27,0,3.95
16752,Historical,877053,0,0,D,6,1,217882,123.95,2013,33,61.15,41.57
16753,Historical,193594,1,1,D,5,1,820778,89.95,2008,50,61.15,29.98
16754,Historical,193311,0,0,D,4,1,1837862,81.95,2004,49,61.15,22.32
16755,Historical,58446,0,0,D,2,1,365545,11,2006,36,53.15,10.98
16756,Historical,2254561,0,0,D,3,1,6216257,82.28,2009,24,0,55.29
16757,Historical,58444,0,0,D,3,1,395241,30.91,2010,55,53.15,15.75
16758,Historical,277940,0,0,D,1,0,684847,12.32,2005,45,33.26,10.97
16759,Historical,51677,1,2,D,6,1,64721,214.95,2008,93,90.83,24.14
16760,Historical,51676,1,2,D,5,1,422751,114.95,2006,71,90.83,18.84
16761,Historical,533964,0,0,D,4,1,241459,162.95,2007,48,63.66,62.12
16762,Historical,169766,1,2,D,6,1,75415,85.95,2008,52,33.99,31.87
16763,Historical,243895,1,1,D,7,1,48754,80.95,2011,62,33.99,72.8
16764,Historical,874179,1,1,D,6,1,155199,0,2008,29,33.99,71.58
16765,Historical,169568,1,4,D,10,1,1388819,201.95,2006,51,67.98,59.51
16766,Historical,57028,0,0,D,9,1,340697,86.67,2006,65,62.86,20.43
16767,Historical,224709,0,0,D,1,0,235638,125.95,2010,23,73.66,38.99
16768,Historical,244382,0,0,D,2,1,342607,114.95,2012,50,73.66,29.69
16769,Historical,552542,1,3,D,0,0,1210501,74.6,2007,46,48.48,6.48
16770,Historical,651892,0,0,D,1,0,198713,48.95,2009,17,56.94,39.97
16771,Historical,157748,0,0,D,2,1,13905,45.95,2011,111,33.99,34.81
16772,Historical,213148,0,0,D,0,0,485337,42.5,2005,33,33.99,43.19
16773,Historical,54188,0,0,D,4,1,838707,15.91,2007,26,76.71,13.94
16774,Historical,54189,0,0,D,5,1,239515,28.99,2010,87,76.71,28.99
16775,Historical,118936,0,0,D,6,1,1705035,119,2007,39,39.59,12.68
16776,Historical,120129,0,0,D,7,1,468608,134.2,2010,49,39.59,18.58
16777,Historical,178116,1,1,D,2,1,484467,128.95,2003,17,0,0
16778,Historical,868472,0,0,D,1,0,5724101,75,1994,14,17.93,13.98
16779,Historical,169932,0,0,D,4,1,785409,186.95,2009,64,122.6,13.99
16780,Historical,104421,0,0,D,3,1,2840474,52.5,1996,25,50.89,23.74
16781,Historical,246593,0,0,D,2,1,2199183,44.95,2007,25,39.64,44.86
16782,Historical,298134,0,0,D,2,1,9677493,111.95,2007,15,39.64,56.21
16783,Historical,200523,0,0,D,2,1,159634,129.95,2009,114,46.29,23.97
16784,Historical,274629,0,0,D,4,1,1509901,44.95,2004,43,39.97,8.32
16785,Historical,58441,1,1,D,4,1,240280,114.95,2011,63,47.64,19.19
16786,Historical,58442,0,0,D,2,1,1723533,138.95,2006,58,47.64,8.78
16787,Historical,58443,0,0,D,3,1,91417,126.95,2009,62,47.64,12.47
16788,Historical,217711,0,0,D,5,1,2210497,49.99,2003,27,4.6,14.69
16789,Historical,60361,0,0,D,4,1,1125033,197.95,2002,36,22.74,18.95
16790,Historical,765153,0,0,D,3,1,1782350,67.95,1999,28,22.74,24.99
16791,Historical,56874,0,0,D,3,1,370538,77.95,2006,124,36.89,28.99
16792,Historical,60707,0,0,D,2,1,806111,67.5,1998,81,46.9,11.86
16793,Historical,126348,0,0,D,3,1,83261,89,2008,43,46.9,58.48
16794,Historical,201702,0,0,D,0,0,1867397,59.95,2005,17,30.9,11.05
16795,Historical,193992,1,2,D,1,0,2439504,39,2001,25,0,0
16796,Historical,57030,0,0,D,10,1,133887,86.8,2008,114,62.86,23.98
16797,Historical,117229,0,0,D,2,1,154015,57.6,2006,31,33.44,37.98
16798,Historical,201742,0,0,D,0,0,1210207,42.95,2007,23,145.78,22
16799,Historical,284932,0,0,D,6,1,3525028,61.5,2007,17,24.87,46.1
16800,Historical,607510,1,2,D,2,1,4018234,40,1998,27,38.65,33.14
16801,Historical,123946,0,0,D,9,1,905312,100.95,2003,50,67.98,45.4
16802,Historical,177951,0,0,D,3,1,489964,142.95,2004,55,28.18,53.15
16803,Historical,52489,1,1,D,4,1,178068,82.95,2008,83,40.99,28.97
16804,Historical,137745,0,0,D,2,1,97124,31.95,2004,46,52.48,34.1
16805,Historical,647854,0,0,D,1,0,526224,48.95,2000,19,55,44.49
16806,Historical,55348,0,0,D,2,1,396919,67,1996,132,65.09,13.88
16807,Historical,199559,1,1,D,0,0,2288412,43.95,1997,45,34.86,7.49
16808,Historical,246423,0,0,D,1,0,946471,49.95,2006,30,36.03,28.99
16809,Historical,564634,0,0,D,0,0,2788034,59.95,2004,21,36.88,20.46
16810,Historical,921163,0,0,D,2,1,1385307,53.95,1995,50,35.59,12
16811,Historical,920341,0,0,D,2,1,2592868,45.95,1997,42,49.4,7.99
16812,Historical,1470011,0,0,D,3,1,4076563,85,2006,16,54.55,54.99
16813,Historical,556270,0,0,D,4,1,2628563,99,2007,54,18.03,16.48
16814,Historical,2675196,1,1,D,2,1,2126410,10,1980,40,0,10
16815,Historical,239642,0,0,D,0,0,422749,10.95,1998,50,36.96,10.95
16816,Historical,177853,0,0,D,4,1,869249,103.95,2004,36,43.05,70.82
16817,Historical,123983,0,0,D,4,1,1676013,84.95,2001,35,43.05,42.17
16818,Historical,870875,0,0,D,4,1,1038493,201.95,2006,30,43.05,53.45
16819,Historical,427131,0,0,D,4,1,5102949,82.5,2006,24,48.57,63.85
16820,Historical,530586,0,0,D,5,1,2433949,79.95,2010,21,48.57,78.95
16821,Historical,245872,0,0,D,0,0,5073474,33.95,2005,29,43.99,11.07
16822,Historical,530582,0,0,D,2,1,1883866,39,2008,34,43.99,21.98
16823,Historical,144861,0,0,D,3,1,921833,121,2005,29,37.32,9.48
16824,Historical,862983,0,0,D,2,1,4497168,92.8,2001,24,37.32,15.83
16825,Historical,884187,0,0,D,0,0,9528374,175,2006,10,28,76.5
16826,Historical,530578,0,0,D,4,1,1631456,44,2007,49,19.99,5.88
16827,Historical,738502,0,0,D,7,1,2729534,41,2011,17,32.99,21.98
16828,Historical,539862,0,0,D,4,1,83200,65.95,2013,30,39.48,46.47
16829,Historical,129251,0,0,D,3,1,897935,62.95,2010,55,39.48,13.92
16830,Historical,276930,1,2,D,2,1,1897094,43.95,2002,45,48.35,8.98
16831,Historical,132115,1,2,D,5,1,186538,132.2,2005,36,81.68,46.17
16832,Historical,199109,0,0,D,2,1,1157635,69.95,2001,55,35.78,13.99
16833,Historical,58431,1,2,D,4,1,266012,58.75,2008,63,37.94,50.33
16834,Historical,632185,0,0,D,5,1,113895,73.75,2012,48,37.94,56.24
16835,Historical,131984,0,0,D,5,1,815652,129.33,2005,73,126.11,20.3
16836,Historical,121358,0,0,D,6,1,237187,172,2010,69,126.11,24.53
16837,Historical,262317,0,0,D,2,1,992684,39.95,1998,45,18.54,8.98
16838,Historical,222237,0,0,D,3,1,733627,80,2009,61,49.87,6.99
16839,Historical,222360,0,0,D,2,1,1809634,70,2005,24,49.87,26.87
16840,Historical,913985,0,0,D,0,0,1637345,50.5,1983,28,42.77,43.13
16841,Historical,641473,0,0,D,3,1,456908,84,2010,45,0,0
16842,Historical,55346,1,1,D,6,1,92968,84.95,1998,54,57.61,21.43
16844,Historical,127573,0,0,D,5,1,411576,69.95,2009,35,71.7,55.71
16845,Historical,127089,0,0,D,4,1,1220268,60,2006,22,71.7,53.63
16846,Historical,166620,0,0,D,1,0,676305,142,2005,15,82.64,101.83
16847,Historical,210989,0,0,D,3,1,64863,94.95,2009,104,13.56,18.99
16849,Historical,919479,0,0,D,1,0,2067202,60,1990,72,22.78,15.99
16850,Historical,130698,1,2,D,2,1,1095046,39.75,1997,24,53.87,37.81
16852,Historical,290468,0,0,D,1,0,1265507,71.95,2002,40,31.99,32.35
16853,Historical,244256,0,0,D,9,1,588147,140.95,2011,38,51.99,62.99
16854,Historical,53760,1,3,D,9,1,31818,168.95,2010,197,51.99,10.4
16855,Historical,53762,0,0,D,8,1,924484,146.95,2006,166,51.99,10.98
16856,Historical,626281,1,1,D,10,1,279739,44.99,2010,37,29.54,14.88
16857,Historical,802658,1,3,D,9,1,1462360,44.99,2008,30,29.54,10.05
16858,Historical,802718,0,0,D,7,1,1202044,39.99,2010,44,24.85,10.79
16859,Historical,665219,0,0,D,0,0,849470,49.99,2012,16,40.53,146.39
16860,Historical,54261,1,3,D,4,1,394031,19.98,2009,97,60.44,30.24
16861,Historical,610437,1,6,D,5,1,18799,84.75,2012,83,60.44,28.49
16862,Historical,619610,1,3,D,4,1,2108444,0,2009,26,45.33,5.93
16863,Historical,613802,1,2,D,4,1,754270,31.86,2010,73,45.33,31.39
16864,Historical,614646,1,14,D,0,0,7301,65.5,2012,31,0,0
16865,Historical,613864,1,69,D,0,0,7237,80.75,2012,44,0,0
16866,Historical,141957,1,1,D,5,1,66592,33.56,2009,188,27.76,22.39
16867,Historical,141826,0,0,D,4,1,237371,39.95,2006,122,27.76,7.82
16868,Historical,52999,1,2,D,5,1,28992,67.95,2010,174,52.94,31.99
16869,Historical,880419,1,1,D,4,1,2873464,74.57,2006,56,52.94,30.33
16870,Historical,52998,1,3,D,4,1,564334,46.98,2006,196,52.94,13.98
16871,Historical,193542,0,0,D,6,1,1138930,42.95,2007,64,42.73,28.32
16872,Historical,616928,0,0,D,8,1,32910,49.95,2012,69,42.73,17.99
16873,Historical,870956,0,0,D,2,1,2322812,28,2009,24,87.99,42.47
16874,Historical,546838,0,0,D,3,1,625935,98,2011,28,82.44,7.21
16875,Historical,599698,0,0,D,2,1,2222272,85,2009,15,82.44,12.35
16876,Historical,166674,0,0,D,5,1,1877181,140,2006,23,58.1,82.75
16877,Historical,165306,0,0,D,4,1,456882,115,2001,18,58.1,28.99
16878,Historical,574627,0,0,D,1,0,5170552,73.95,2002,9,5.64,16.04
16879,Historical,613656,1,1,D,7,1,411758,43.95,2009,95,42.73,23.24
16880,Historical,595050,0,0,D,3,1,140004,228,2012,81,41.99,33.46
16881,Historical,193588,0,0,D,2,1,946572,150,2008,41,41.99,62.49
16882,Historical,534544,1,2,D,2,1,665437,209,2008,171,87.99,78.98
16883,Historical,560320,0,0,D,2,1,2871819,184,2006,24,128.99,13.91
16884,Historical,143526,0,0,D,3,1,776233,206,2011,40,128.99,38.99
16885,Historical,629737,0,0,D,3,1,2817802,43.99,2006,40,95.14,43.59
16886,Historical,143251,0,0,D,1,0,997631,170,2009,48,83.99,30.94
16887,Historical,3082513,1,1,D,10,1,1877851,130,2005,28,103.99,101.37
16888,Historical,612965,0,0,D,11,1,794965,209,2008,88,103.99,62.29
16889,Historical,3082381,1,1,D,10,1,3666783,93.5,2003,18,103.99,23.99
16890,Historical,193502,0,0,D,4,1,175501,90.95,2007,51,136.12,75.81
16891,Historical,143470,0,0,D,4,1,2571064,29,2003,17,22.59,56.77
16892,Historical,859529,0,0,D,5,1,1477713,38,2007,20,22.59,35.99
16893,Historical,592830,0,0,D,4,1,1527161,13.86,2010,34,28.99,6.87
16894,Historical,577179,1,1,D,5,1,143082,198,2012,64,28.99,198
16895,Historical,193597,0,0,D,6,1,1118227,152,2008,74,126.59,15.99
16896,Historical,613423,1,1,D,7,1,354059,223,2011,150,126.59,15.3
16897,Historical,1839681,0,0,D,2,1,4872995,409.95,2008,15,290.24,144.82
16898,Historical,2681587,0,0,D,1,0,6814438,229.95,2003,14,290.24,63.06
16899,Historical,624449,0,0,D,0,0,4633314,319,2005,24,43.51,51.5
16900,Historical,254508,0,0,D,2,1,670876,95.95,2010,93,33.99,11.48
16901,Historical,200346,1,1,D,1,0,593711,67.95,2008,43,33.99,14.98
16902,Historical,193155,1,1,D,1,0,1497599,93.95,2009,24,81.61,63.33
16903,Historical,254509,1,3,D,2,1,45060,113.95,2011,199,54.95,22.71
16904,Historical,200658,0,0,D,1,0,2112179,82.95,2010,23,54.95,22.23
16905,Historical,200645,0,0,D,2,1,1059280,65.95,2011,62,54.95,22.11
16906,Historical,55345,1,3,D,1,0,1139532,66.95,2008,81,54.95,7.94
16907,Historical,2258614,0,0,D,2,1,750999,25.98,2011,37,61.49,13.95
16908,Historical,55002,0,0,D,2,1,55720,82.99,2010,252,61.49,12.87
16909,Historical,530535,0,0,D,2,1,1336378,99.95,2009,30,64.66,23.99
16910,Historical,192901,0,0,D,1,0,3353670,99,2004,21,64.66,12.5
16911,Historical,626282,0,0,D,1,0,155127,105,2010,25,0,31.92
16912,Historical,911819,0,0,D,1,0,2544288,49.95,2002,22,19.21,21
16913,Historical,576740,0,0,D,1,0,799363,92.95,2011,30,55.94,28.82
16914,Historical,2551505,0,0,D,2,1,5576699,85.95,2003,13,63.08,13.99
16915,Historical,220369,1,7,D,6,1,1109278,362.19,2005,31,80.25,57.47
16916,Historical,639887,0,0,D,1,0,69392,112,2012,112,27.28,34.73
16917,Historical,1429978,1,1,D,0,0,264234,15.99,2006,89,27.28,11.22
16918,Historical,136957,0,0,D,0,0,2780340,40,2000,37,0,0
16919,Historical,170044,0,0,D,9,1,72248,239.95,2010,45,115.14,72.93
16920,Historical,60365,0,0,D,8,1,889276,154.95,2007,48,115.14,10.54
16921,Historical,620749,1,6,D,1,0,71729,124,2012,63,36.24,70.05
16922,Historical,54708,0,0,D,2,1,85328,121.95,2009,82,78.48,27.19
16923,Historical,556063,0,0,D,1,0,2929418,54.95,2000,36,35.87,41.71
16924,Historical,54707,0,0,D,0,0,729812,98.95,2005,86,78.48,12.75
16925,Historical,120587,0,0,D,7,1,320726,119.6,2009,27,88.99,44.97
16926,Historical,148422,0,0,D,7,1,523393,293.95,2006,33,125.17,129.59
16927,Historical,608448,0,0,D,11,1,7946883,34.95,2005,13,91.42,131.99
16928,Historical,166535,0,0,D,5,1,1266955,72.09,2004,26,88.98,46.31
16930,Historical,60366,1,1,D,7,1,196090,59,2003,41,82.98,107.08
16931,Historical,54295,1,1,D,4,1,16808,143.6,2007,187,89.5,39.94
16933,Historical,287407,0,0,D,4,1,33852,174,2011,65,104.09,96.68
16934,Historical,428385,0,0,D,3,1,291835,134.2,2007,52,104.09,63.29
16935,Historical,175074,0,0,D,2,1,1061468,62,2008,31,33.24,63.29
16936,Historical,868151,0,0,D,1,0,1050065,57.8,2000,49,25.92,11.93
16937,Historical,172264,0,0,D,2,1,132257,31.95,2009,34,0,33.99
16938,Historical,229173,0,0,D,3,1,1241066,36.95,2007,52,7.03,8.85
16939,Historical,2590511,0,0,D,1,0,4481409,125,1981,12,98.34,91.26
16940,Historical,622390,1,1,D,1,0,43063,200,2010,35,76.81,50.2
16941,Historical,860344,0,0,D,1,0,378710,90.5,2011,43,0,56.77
16942,Historical,2729943,0,0,D,1,0,1578825,47.95,2004,24,40.06,47.98
16943,Historical,545252,0,0,D,6,1,283760,43.95,2010,34,28.66,43.98
16944,Historical,657620,0,0,D,5,1,1781615,47.95,2007,21,28.66,16.99
16945,Historical,193963,0,0,D,0,0,2934981,54,2000,27,76.3,17.41
16946,Historical,884174,0,0,D,3,1,6306201,79.95,2006,9,0,304.95
16947,Historical,509092,0,0,D,7,1,569370,45.99,2007,148,32.5,7.23
16948,Historical,277180,0,0,D,6,1,3162320,36.99,2005,34,33.99,19.71
16949,Historical,530525,0,0,D,7,1,827546,36.99,2007,165,33.99,8.91
16950,Historical,867839,1,1,D,8,1,325342,199.95,2013,46,4.49,48.99
16951,Historical,1633687,0,0,D,2,1,710602,49.95,2010,34,22.69,23.89
16952,Historical,193524,0,0,D,4,1,855950,43.95,2006,37,0,9.98
16953,Historical,193664,1,2,D,6,1,791274,44.95,2009,86,48.99,17.2
16954,Historical,612848,0,0,D,3,1,364310,43.95,2008,171,28.44,17.61
16955,Historical,614252,0,0,D,1,0,412934,35.95,2001,45,28.44,14.96
16956,Historical,161608,0,0,D,1,0,240409,49.99,2007,47,29.49,20.96
16957,Historical,148213,0,0,D,2,1,3235739,137.95,2003,25,22.39,16.36
16958,Historical,148498,0,0,D,3,1,1564754,163.95,2007,43,22.39,6.47
16959,Historical,1594787,0,0,D,0,0,546704,52,2008,37,26.41,17.2
16960,Historical,613206,0,0,D,1,0,444918,39.99,2003,110,25.03,5.97
16961,Historical,161609,0,0,D,1,0,121327,39.99,2007,112,25.03,10.02
16962,Historical,913366,0,0,D,2,1,2101188,89.95,2001,22,22.11,51.39
16963,Historical,120612,0,0,D,3,1,1723800,37.97,2008,29,35.99,16.63
16964,Historical,148497,0,0,D,3,1,1330066,108.95,2007,25,38.99,9.91
16965,Historical,148214,1,1,D,2,1,4554070,119.95,2003,25,38.99,11.68
16966,Historical,119316,0,0,D,10,1,31509,181.8,2012,162,78.99,34.94
16967,Historical,51416,1,2,D,9,1,172329,186.8,2010,94,78.99,18.94
16968,Historical,149425,0,0,D,1,0,1100132,60,2008,18,48.65,44.99
16969,Historical,131358,1,1,D,1,0,38224,124.2,2001,55,131.75,39.43
16970,Historical,243966,0,0,D,7,1,37616,217.95,2011,55,109.94,51
16971,Historical,183044,0,0,D,4,1,1148774,27.84,2004,33,118.44,13.99
16972,Historical,875979,0,0,D,4,1,1562613,76.91,2006,39,118.44,66.84
16973,Historical,183503,0,0,D,4,1,620517,259.95,2005,60,118.44,43.79
16974,Historical,52751,1,1,D,8,1,356474,119.33,2005,138,103.2,8.99
16975,Historical,120347,1,3,D,9,1,18310,146,2008,126,103.2,29.92
16976,Historical,260000,0,0,D,1,0,308857,82,2006,27,119.29,78.52
16977,Historical,50415,0,0,D,11,1,446019,152.67,2008,44,83.02,11.88
16978,Historical,132479,0,0,D,11,1,52380,146,2008,233,83.02,13.64
16979,Historical,51352,1,5,D,6,1,23434,155,2010,102,88.75,28.39
16980,Historical,51351,0,0,D,5,1,402076,126.67,2006,144,88.75,9.48
16981,Historical,699050,0,0,D,0,0,3271191,83.5,2008,15,103.49,52.05
16982,Historical,108323,1,5,D,1,0,159903,75.55,2008,95,103.49,44.99
16984,Historical,53796,0,0,D,6,1,1265523,142.67,2006,119,91.42,12.99
16985,Historical,53797,0,0,D,7,1,74948,170.67,2009,202,91.42,23.73
16986,Historical,616986,0,0,D,1,0,973520,48,2000,44,35.26,14.18
16987,Historical,145091,0,0,D,4,1,2249648,52.6,2005,16,35.41,68.35
16988,Historical,539997,0,0,D,9,1,184393,60.2,2011,26,35.41,151.28
16989,Historical,502030,1,1,D,2,1,1390426,74.95,1995,21,67.3,47.49
16990,Historical,51735,0,0,D,7,1,105022,23.99,2008,107,142.33,22.79
16991,Historical,57355,1,1,D,6,1,450680,101.95,2006,80,81.24,20.89
16992,Historical,204074,1,1,D,1,0,32648,106.99,2011,98,69.93,10.95
16993,Historical,204036,1,1,D,3,1,436389,103.99,2010,65,47.24,12.63
16994,Historical,294196,0,0,D,2,1,2965776,94.95,2007,26,47.24,18.99
16995,Historical,108863,1,4,D,5,1,688446,32.51,2007,23,111.85,44.82
16996,Historical,416598,0,0,D,6,1,136732,78.99,2010,37,111.85,62.82
16997,Historical,51734,1,1,D,6,1,101359,49.29,2006,117,142.33,49.33
16998,Historical,57357,1,1,D,7,1,87205,119.99,2009,121,81.24,27.99
16999,Historical,107944,0,0,D,5,1,2794543,117.75,2002,30,71.61,11.68
17000,Historical,542967,0,0,D,5,1,3431289,59.99,2002,34,71.61,55.87
17001,Historical,109255,1,1,D,6,1,202328,125.19,2006,61,71.61,33.98
17002,Historical,704243,0,0,D,0,0,5376421,0,2003,16,45.24,99.27
17003,Historical,285191,0,0,D,1,0,1192068,0,2003,20,45.24,90.99
17004,Historical,625126,1,1,D,2,1,2380704,39.95,2002,15,0,33.96
17005,Historical,662623,0,0,D,1,0,2507728,79.95,2008,12,84.51,53.99
17006,Historical,540639,1,1,D,8,1,154111,95.2,2012,36,83.63,32.93
17007,Historical,530502,1,2,D,7,1,187069,76.8,2009,31,83.63,43.99
17008,Historical,2261780,1,2,D,7,1,2676743,73.42,2008,39,83.63,55.42
17009,Historical,121775,1,3,D,10,1,5454172,49,1998,24,52.13,28.99
17010,Historical,114856,0,0,D,11,1,1419512,62,2001,30,52.13,42.99
17011,Historical,3485245,0,0,D,1,0,5432592,50,2001,18,0,36.85
17012,Historical,1488871,0,0,D,0,0,1639688,29.95,2008,15,0,23.34
17013,Historical,592205,0,0,D,4,1,1271913,182.95,2005,58,88.49,21.81
17014,Historical,545332,0,0,D,5,1,144640,189.95,2010,66,88.49,59.56
17015,Historical,131829,1,2,D,3,1,456357,144,2004,93,184.05,6.68
17016,Historical,869912,1,1,D,1,0,5302557,60.8,2001,18,103.98,7.96
17018,Historical,53144,1,1,D,7,1,112193,211.5,2010,55,105.94,43.42
17019,Historical,53145,0,0,D,6,1,207716,61.01,2007,22,105.94,124.32
17020,Historical,54736,1,1,D,5,1,461843,112.55,2004,68,122.74,47.97
17021,Historical,54738,0,0,D,0,0,44830,78.87,2010,65,122.74,52.19
17022,Historical,550146,1,2,D,4,1,1399624,50.43,2005,25,122.74,46.29
17023,Historical,54737,1,1,D,6,1,147176,50.59,2007,74,122.74,24.53
17024,Historical,416568,0,0,D,6,1,718970,18.75,2007,65,101.77,9.89
17025,Historical,919141,0,0,D,4,1,1759212,18.94,2005,34,101.77,10
17026,Historical,921951,0,0,D,6,1,464524,11.99,2008,36,101.77,14
17027,Historical,111316,1,3,D,7,1,37842,121.99,2010,58,101.77,31.65
17028,Historical,637793,0,0,D,3,1,66970,160.06,2011,47,118.99,39.92
17029,Historical,1441024,0,0,D,3,1,4628594,0,2007,12,0,33.43
17030,Historical,111656,1,2,D,3,1,47304,182.75,2011,50,118.99,70.15
17031,Historical,111043,0,0,D,2,1,314000,22.02,2008,51,118.99,22.02
17032,Historical,60960,1,2,D,2,1,331151,65.95,2001,54,47.06,48.97
17033,Historical,417296,0,0,D,1,0,382971,183,2012,27,118.99,72.99
17034,Historical,416510,1,3,D,1,0,12083,35.53,2012,102,118.99,28.53
17035,Historical,615508,1,3,D,1,0,13804,208.5,2011,138,119.98,14.56
17036,Historical,705565,0,0,D,1,0,1036889,0,2012,14,119.98,98.94
17037,Historical,202399,0,0,D,3,1,1216704,191.95,2003,52,72.45,15.97
17038,Historical,252064,0,0,D,4,1,726603,181.95,2009,62,72.45,35.99
17039,Historical,287487,0,0,D,1,0,1526042,85.4,2006,24,53.28,16.99
17040,Historical,530498,0,0,D,2,1,59545,122.2,2011,44,53.28,88.84
17041,Historical,114172,0,0,D,2,1,1009561,86.67,2000,19,62.78,48.98
17042,Historical,52822,1,3,D,4,1,23515,40.48,2010,62,94.28,33.99
17043,Historical,52820,0,0,D,2,1,1505537,10.89,2004,39,94.28,10.89
17044,Historical,52821,1,2,D,3,1,956717,18.99,2007,55,94.28,11.98
17045,Historical,660675,0,0,D,4,1,260822,150.13,2013,28,145.29,47.52
17046,Historical,633698,1,2,D,4,1,32810,226.4,2013,119,145.29,24.99
17047,Historical,52873,0,0,D,5,1,142704,10.94,2008,71,35.99,6.99
17048,Historical,52872,0,0,D,4,1,1516383,11.09,2004,39,35.99,55.64
17049,Historical,610438,1,12,D,3,1,19183,166.75,2012,129,56.49,53.97
17050,Historical,55257,1,2,D,2,1,73589,43.02,2009,128,56.49,24.04
17051,Historical,54275,1,13,D,4,1,22108,31.99,2006,117,58.99,41.99
17052,Historical,54274,1,3,D,3,1,222147,12.04,2004,55,58.99,10.96
17053,Historical,108165,1,7,D,3,1,63703,65.35,2004,60,58.99,13.96
17054,Historical,630427,0,0,D,1,0,390182,130.99,1983,31,112.65,80
17055,Historical,110812,0,0,D,7,1,516429,43.99,2000,42,106.29,58.5
17056,Historical,867985,1,1,D,0,0,1830913,63,1988,26,163.92,46.76
17057,Historical,55343,0,0,D,5,1,36441,352.95,2010,107,102.99,81.77
17058,Historical,55344,0,0,D,4,1,656910,373.95,2005,85,102.99,45.46
17059,Historical,872106,0,0,D,6,1,2419636,142.91,2005,43,147.32,107.76
17060,Historical,60370,1,1,D,5,1,1473287,131.95,2001,50,147.32,28.73
17061,Historical,169892,1,1,D,9,1,302384,292.95,2008,34,68.02,51.74
17062,Historical,178088,0,0,D,6,1,85913,250.95,2005,44,147.32,43.94
17063,Historical,60371,0,0,D,8,1,84583,176.95,2004,39,68.02,36.05
17064,Historical,607677,1,1,D,7,1,1823170,96.6,2001,52,29.83,4.99
17065,Historical,164584,0,0,D,1,0,1594579,150,2000,15,58.22,73.99
17066,Historical,117194,0,0,D,8,1,2951410,58.4,2006,16,69.49,34.95
17067,Historical,910671,0,0,D,0,0,5322888,61.4,2002,17,69.49,29.7
17068,Historical,101218,1,2,D,1,0,947955,102.95,1999,21,41.91,62.81
17069,Historical,908681,0,0,D,9,1,470471,49,2000,18,58.66,40.99
17070,Historical,117193,0,0,D,8,1,3862661,58.4,2006,18,7.45,16.98
17071,Historical,882581,0,0,D,6,1,8292373,49,1999,11,7.45,22.39
17072,Historical,169543,1,1,D,5,1,931397,212.95,2006,33,104.79,55.03
17073,Historical,764424,0,0,D,4,1,3812896,92.95,2003,20,104.79,56.71
17074,Historical,60374,0,0,D,7,1,96505,42.99,2002,42,84.86,47.47
17075,Historical,434959,0,0,D,10,1,901284,138.6,2010,35,70.93,33.98
17076,Historical,212400,0,0,D,9,1,2352223,107,2007,21,70.93,56.33
17077,Historical,629896,0,0,D,0,0,3152817,49.99,2007,18,48.04,26.56
17078,Historical,530488,0,0,D,2,1,186269,59.99,2010,24,48.13,35.31
17079,Historical,266879,0,0,D,0,0,1790911,49.99,2005,47,48.13,12.36
17080,Historical,3263316,0,0,D,1,0,2600024,77.39,1998,40,43.98,61.61
17081,Historical,295844,0,0,D,1,0,2240291,55,1998,27,43.98,39.04
17082,Historical,913582,0,0,D,1,0,4881144,55.95,1999,20,76.98,18.7
17083,Historical,127043,0,0,D,1,0,750090,39.95,2006,24,34,15.99
17084,Historical,161431,0,0,D,3,1,714839,52.23,2007,54,68.99,25.98
17085,Historical,2899450,0,0,D,0,0,738082,76,1992,15,105.41,87.46
17086,Historical,613467,1,2,D,1,0,54090,149.95,2011,166,115.05,33.99
17087,Historical,758373,0,0,D,1,0,2596132,146,2003,17,36.49,97.11
17088,Historical,111239,1,2,D,6,1,50304,294.01,2010,64,87.58,63.94
17089,Historical,108698,1,3,D,5,1,413604,1,2007,50,87.58,23.49
17090,Historical,116666,0,0,D,10,1,2473284,84.6,2004,24,43.02,65.23
17091,Historical,118451,0,0,D,11,1,1089855,103,2007,50,43.02,43.98
17092,Historical,115352,0,0,D,9,1,4387738,67,2002,30,43.02,27.99
17093,Historical,877272,0,0,D,4,1,1665342,25.89,2007,46,29.65,25.87
17094,Historical,56126,0,0,D,3,1,1226788,6.97,2005,66,29.65,8.52
17095,Historical,56129,0,0,D,4,1,1074394,19.77,2007,74,29.65,19.77
17096,Historical,617333,1,1,D,1,0,1504632,90.95,2010,46,75.59,18.26
17098,Historical,177322,0,0,D,1,0,588466,151.95,2004,72,53.99,9.28
17099,Historical,543366,0,0,D,5,1,199238,95.95,2011,70,88.42,24.7
17100,Historical,572270,0,0,D,4,1,643336,9.79,2007,48,88.42,9.72
17101,Historical,174317,0,0,D,0,0,1434973,49,2005,32,50,25.8
17102,Historical,1658125,0,0,D,2,1,3029087,69.41,2009,21,23.89,33.95
17103,Historical,871900,0,0,D,1,0,4264931,128.95,1996,27,78.99,14.1
17104,Historical,609488,1,2,D,3,1,1704612,194.95,2005,27,78.99,43.98
17105,Historical,487300,1,10,D,1,0,283573,81.95,2010,33,83.98,20.81
17106,Historical,243981,1,8,D,4,1,79342,225.95,2011,77,134.47,65.53
17107,Historical,52280,1,1,D,3,1,136468,243.95,2007,149,134.47,8
17108,Historical,52281,1,2,D,2,1,430310,164.95,2004,60,134.47,21.74
17109,Historical,132970,0,0,D,2,1,225698,138.8,2009,61,87.05,22.97
17110,Historical,118598,1,1,D,1,0,255338,107.6,2007,55,87.05,13.88
17111,Historical,235134,1,5,D,1,0,446720,86.94,2011,39,65.05,31.63
17112,Historical,55255,1,1,D,4,1,84214,153.25,2008,67,142.99,25.98
17113,Historical,55254,0,0,D,3,1,858832,0,2004,66,142.99,27.9
17114,Historical,616474,0,0,D,3,1,1509270,91.2,2003,34,123.87,18.99
17115,Historical,53538,1,1,D,5,1,245870,131.8,2008,83,83.01,13.36
17116,Historical,53537,0,0,D,4,1,1584338,11.62,2007,36,83.01,13.44
17117,Historical,131646,0,0,D,1,0,601546,163.8,2002,91,101.97,46.28
17118,Historical,268227,0,0,D,2,1,2730734,64.95,2008,23,46.98,22.57
17119,Historical,898246,0,0,D,0,0,7601528,68.95,2003,11,46.98,28.99
17120,Historical,586656,1,1,D,1,0,699231,92.95,1998,105,29.99,32.98
17121,Historical,278692,1,1,D,0,0,431045,65,2000,114,31.94,18.62
17122,Historical,904638,0,0,D,0,0,3243288,14,2003,16,74.67,14
17123,Historical,266969,1,1,D,10,1,857555,70,2007,30,74.67,11.68
17124,Historical,254083,0,0,D,5,1,821261,403.95,2010,44,180.71,66.98
17125,Historical,60375,1,1,D,4,1,1468952,316.95,2007,47,180.71,36.87
17126,Historical,530472,1,1,D,3,1,213635,94.95,2012,49,96.68,30.65
17127,Historical,2795740,0,0,D,0,0,13663799,22,1999,9,50.89,28.97
17128,Historical,113051,0,0,D,1,0,2797856,62.95,2006,23,96.68,19.35
17129,Historical,113166,0,0,D,2,1,699449,89.95,2009,25,96.68,16.76
17130,Historical,127475,0,0,D,2,1,269128,49.95,2008,39,31.65,38.43
17131,Historical,278551,0,0,D,0,0,3437412,44.95,2003,24,31.65,5.99
17132,Historical,416661,0,0,D,3,1,26678,118.28,2012,178,113.48,27.8
17133,Historical,52823,1,1,D,2,1,125114,0,2009,94,113.48,55.51
17134,Historical,285386,1,1,D,2,1,828744,137.4,2009,36,113.48,51.99
17135,Historical,766298,0,0,D,1,0,1615321,115.95,2008,41,98.97,9.75
17136,Historical,533323,1,2,D,13,1,164761,97.2,2011,82,89.82,13.87
17137,Historical,57054,0,0,D,12,1,339156,73.33,2009,94,89.82,19.91
17138,Historical,880071,1,1,D,2,1,404805,77.09,2010,37,102.84,52.62
17139,Historical,54705,0,0,D,1,0,442511,131.8,2007,161,102.84,28.99
17140,Historical,54706,0,0,D,2,1,20049,181.4,2010,210,102.84,42.97
17141,Historical,52941,0,0,D,4,1,360903,101.33,2008,54,72.11,47.27
17142,Historical,52942,0,0,D,3,1,575961,88,2006,58,72.11,33.99
17143,Historical,530467,0,0,D,5,1,594597,301.95,2010,21,175.87,73.29
17144,Historical,587691,1,2,D,6,1,688164,274.95,2012,30,175.87,69.42
17145,Historical,610079,0,0,D,4,1,20740,111.25,2013,38,73.43,98.12
17146,Historical,163361,1,5,D,3,1,56005,52.35,2011,148,73.43,39.18
17147,Historical,162269,0,0,D,2,1,491784,18.99,2009,86,73.43,18.99
17148,Historical,148638,0,0,D,10,1,137168,259.95,2009,30,216.38,90.37
17149,Historical,53907,0,0,D,10,1,61382,404.95,2009,40,216.38,62.79
17150,Historical,53905,0,0,D,8,1,2164293,190.95,2002,46,216.38,11.98
17151,Historical,133014,1,6,D,1,0,195347,160.8,2011,85,89.6,43.99
17152,Historical,904315,0,0,D,2,1,2391416,98.3,2005,24,33.05,98.3
17153,Historical,287544,1,1,D,2,1,1111309,30.8,2005,39,33.05,53.49
17154,Historical,54290,0,0,D,7,1,447338,74.95,2008,252,23.98,14
17155,Historical,54291,0,0,D,8,1,46965,86.95,2011,262,23.98,23.77
17156,Historical,530466,0,0,D,6,1,325929,274.95,2012,33,96.42,89.79
17157,Historical,254087,0,0,D,5,1,1323511,301.95,2010,26,96.42,84.23
17158,Historical,551377,1,1,D,2,1,1080299,121.5,2007,63,13.99,53.98
17159,Historical,127427,0,0,D,3,1,303309,59.95,2009,50,54.99,38.96
17160,Historical,129476,1,1,D,4,1,24029,64.95,2011,107,54.99,25.78
17161,Historical,287116,0,0,D,1,0,163003,56.95,2008,20,0,0
17162,Historical,235126,1,4,D,1,0,373631,44.95,2006,17,59.88,21.83
17163,Historical,3469021,0,0,D,1,0,3464261,0,2001,36,0,35.98
17164,Historical,252695,1,1,D,8,1,26001,153.33,2009,383,93.9,16.4
17165,Historical,53824,1,3,D,8,1,78440,67.61,2010,166,46.47,19.94
17166,Historical,118014,1,1,D,6,1,199914,99.6,2005,85,82.58,8.99
17167,Historical,115530,0,0,D,5,1,1489039,81.2,2002,48,82.58,4.65
17168,Historical,354746,0,0,D,1,0,1474818,89.95,2004,41,93.98,42.99
17169,Historical,117782,0,0,D,5,1,362882,100.8,2006,31,45.06,59.31
17170,Historical,714330,0,0,D,4,1,453961,89.8,2002,21,45.06,12.18
17171,Historical,55252,0,0,D,4,1,2103270,96.25,2006,51,103.46,13.94
17172,Historical,55251,1,1,D,5,1,226589,17.25,2008,75,103.46,15.05
17173,Historical,55253,1,2,D,6,1,32149,41.99,2011,113,103.46,63.94
17174,Historical,3014554,0,0,D,2,1,797510,39.95,2002,42,40.6,22.49
17176,Historical,901672,0,0,D,2,1,5911277,95,2003,23,34.51,56.86
17177,Historical,621354,0,0,D,1,0,66254,32.99,2009,33,49.68,28.93
17178,Historical,870442,0,0,D,0,0,824677,19.99,2007,41,49.68,45.54
17179,Historical,623782,1,1,D,5,1,86702,107.95,2013,60,8.17,34.88
17180,Historical,200543,1,1,D,4,1,115520,177.95,2010,49,8.17,18.98
17181,Historical,200214,0,0,D,3,1,1560224,157.95,2006,58,8.17,9.6
17182,Historical,245029,0,0,D,0,0,4950341,0,2004,16,54,8.9
17183,Historical,249842,0,0,D,2,1,804682,117.95,2007,106,54,32.99
17184,Historical,120256,1,1,D,2,1,105678,122.6,2011,103,93.97,33.94
17185,Historical,715242,1,2,D,1,0,1193398,124.6,2007,58,93.97,8.99
17186,Historical,113876,0,0,D,5,1,3157396,63.4,2000,38,33.01,5.94
17187,Historical,60377,0,0,D,6,1,521830,78.2,2006,26,33.01,18.96
17188,Historical,3263773,0,0,D,1,0,1979965,20.35,2005,34,0,22.05
17189,Historical,551642,0,0,D,1,0,2038945,140.4,2006,53,63,13.98
17190,Historical,2599791,0,0,D,0,0,4214008,62.99,1995,24,69.72,32.2
17191,Historical,54172,0,0,D,2,1,78449,28.8,2009,99,49.02,31.85
17192,Historical,54173,0,0,D,1,0,1865084,14.49,2007,56,49.02,14.46
17193,Historical,110744,0,0,D,1,0,2902607,7.99,2007,35,50.06,7.99
17194,Historical,533520,1,1,D,2,1,514844,11.98,2009,72,50.06,11.98
17195,Historical,421723,1,1,D,3,1,716922,139.4,2007,46,76.19,27.14
17196,Historical,285938,1,1,D,2,1,3174971,78.67,2003,29,76.19,7.99
17197,Historical,646459,1,3,D,1,0,622814,86.94,2009,26,53.99,87.1
17198,Historical,295467,0,0,D,4,1,209129,85,2002,25,48.64,49.86
17199,Historical,873630,0,0,D,2,1,1821917,110,2008,62,22.49,8.75
17200,Historical,3077415,0,0,D,3,1,4271150,92,2005,12,153.84,48.33
17201,Historical,530455,0,0,D,4,1,2595494,137,2009,13,153.84,135.88
17202,Historical,663012,0,0,D,1,0,373331,99.95,2005,20,116.24,69.44
17203,Historical,907020,0,0,D,1,0,2546578,72.95,2003,22,44.08,47.78
17204,Historical,281075,0,0,D,1,0,3280949,89.95,2001,15,65.37,10.49
17205,Historical,199599,0,0,D,1,0,2159670,46.95,2005,25,26.68,14.99
17206,Historical,248156,0,0,D,2,1,875717,60,2011,30,26.68,36.48
17207,Historical,235711,0,0,D,2,1,759784,46,1995,59,46.91,12.45
17208,Historical,774934,0,0,D,0,0,5870636,195,1999,7,98.99,271.77
17209,Historical,320267,0,0,D,3,1,554535,97.95,2007,29,100.94,93.33
17210,Historical,647925,0,0,D,1,0,463539,52.95,2003,20,38.44,21.31
17211,Historical,607384,0,0,D,3,1,660224,53.32,2006,44,57.95,25.77
17212,Historical,270252,0,0,D,2,1,2981925,35,2007,14,4.97,53.13
17213,Historical,922074,1,2,D,3,1,318323,163.25,2012,54,4.97,40
17215,Historical,206018,0,0,D,0,0,245976,55,2005,48,43.42,16.93
17216,Historical,619474,1,1,D,1,0,1360902,47,2000,38,33.74,21.89
17217,Historical,205614,0,0,D,0,0,2518455,42,1998,33,25.48,9.98
17218,Historical,367630,0,0,D,2,1,332798,35,2007,39,27.84,67.11
17219,Historical,250595,0,0,D,3,1,296135,159.95,2008,39,0,0
17220,Historical,165447,0,0,D,3,1,168110,91.83,2002,45,65.98,54.13
17221,Historical,608285,0,0,D,2,1,842440,10.44,1996,44,65.98,30.94
17222,Historical,340561,0,0,D,1,0,5230853,130,1995,26,42.94,32.99
17223,Historical,104413,0,0,D,1,0,2119108,105,1999,18,50.32,73.73
17224,Historical,687678,0,0,D,5,1,1033455,27.95,2012,22,0,20.89
17225,Historical,566661,0,0,D,2,1,6885622,165,1991,17,43.63,69.5
17226,Historical,607798,1,1,D,2,1,379069,66.58,2000,34,78.99,57.99
17227,Historical,543436,0,0,D,7,1,63338,59.5,2009,59,31.89,15.88
17228,Historical,258378,1,2,D,3,1,167735,53.5,2003,45,56.75,11.49
17229,Historical,2660672,0,0,D,1,0,2375547,62.5,2002,22,59.47,83.5
17230,Historical,275470,0,0,D,0,0,989402,34.99,1997,21,45.91,20.98
17231,Historical,132306,0,0,D,1,0,1060292,152.2,2007,39,143.39,8.22
17232,Historical,133354,1,1,D,2,1,72033,218.8,2011,82,143.39,60.65
17233,Historical,154007,1,2,D,0,0,48079,18.49,2009,84,43.8,18.99
17234,Historical,121271,0,0,D,6,1,42420,111.6,2010,65,46.85,72.77
17235,Historical,116162,0,0,D,5,1,604533,80,2005,104,46.85,11.25
17236,Historical,115852,1,1,D,3,1,763502,75,2004,55,66.59,19.88
17237,Historical,121200,0,0,D,5,1,133779,121.4,2010,46,66.59,58.99
17238,Historical,170047,1,1,D,4,1,88844,199.95,2010,41,96.73,20.02
17239,Historical,249943,1,2,D,3,1,1671253,191.95,2007,36,96.73,11.94
17240,Historical,169912,0,0,D,3,1,409871,142.95,2009,41,89.03,41.96
17241,Historical,288932,0,0,D,3,1,495768,188.95,2009,33,101,48.84
17242,Historical,148373,0,0,D,2,1,2861751,133.95,2006,22,101,23.98
17243,Historical,52827,1,1,D,8,1,92689,117,2011,62,84.99,43.99
17244,Historical,52826,0,0,D,7,1,507417,20.84,2007,84,84.99,11.47
17245,Historical,793926,0,0,D,1,0,1230013,79.95,2004,28,64.19,44.79
17246,Historical,349803,0,0,D,7,1,3968407,59.95,2004,19,43.94,45.98
17247,Historical,543123,1,1,D,4,1,275027,60.95,2009,203,31.21,9.97
17248,Historical,52693,0,0,D,16,1,220539,122.2,2010,86,77.04,37.35
17249,Historical,52692,0,0,D,15,1,249580,97.8,2008,79,77.04,28.01
17250,Historical,52691,1,1,D,14,1,716018,90.2,2006,63,77.04,8.99
17251,Historical,132173,0,0,D,4,1,407248,92.6,2006,45,64.98,30.68
17252,Historical,287522,1,1,D,3,1,2909333,74,2002,33,64.98,17.36
17253,Historical,868456,1,1,D,4,1,2991460,4.34,2004,21,58.98,15.34
17254,Historical,193701,0,0,D,3,1,873062,49.95,2010,43,23.95,13.9
17255,Historical,775741,0,0,D,3,1,2363525,105.75,2005,29,120.73,18.05
17256,Historical,120271,1,1,D,3,1,87627,179.2,2011,51,60.99,11.99
17257,Historical,118807,0,0,D,2,1,234294,125.4,2007,39,60.99,7.83
17258,Historical,143136,0,0,D,6,1,1013450,184,2007,35,168.87,66.99
17259,Historical,143492,1,1,D,5,1,3048378,121,2003,22,168.87,102.51
17260,Historical,468701,0,0,D,4,1,318862,149,2009,62,120.73,66.33
17261,Historical,625626,0,0,D,4,1,56514,49.95,2013,52,23.95,28.98
17262,Historical,536065,1,2,D,5,1,871873,243.95,2001,102,118.05,22.9
17263,Historical,193698,0,0,D,5,1,558319,149.95,2010,37,57.92,35.34
17264,Historical,775814,0,0,D,3,1,2751277,102.95,2004,25,57.92,25.93
17265,Historical,193567,0,0,D,4,1,1479545,106.95,2007,32,57.92,11.1
17266,Historical,117075,1,2,D,1,0,1327673,139.4,2008,37,46.95,13.9
17267,Historical,530437,1,2,D,2,1,83961,170.2,2012,52,46.95,56.34
17268,Historical,591340,0,0,D,2,1,721097,193.95,2003,83,66.98,33.46
17269,Historical,560385,0,0,D,1,0,3239186,95.95,1996,33,66.98,68.31
17270,Historical,262712,0,0,D,2,1,193927,41.95,2006,59,5.43,27.49
17271,Historical,868414,1,1,D,1,0,2439451,82,2005,24,42.65,32.81
17272,Historical,53711,1,3,D,1,0,568426,12.23,2006,46,122.91,12.24
17273,Historical,625688,0,0,D,4,1,2783102,55.95,2004,22,44.54,28.94
17274,Historical,617964,0,0,D,5,1,394860,69,2009,62,44.54,16.38
17275,Historical,631738,1,1,D,1,0,489504,45,2007,20,0,0
17276,Historical,60379,0,0,D,4,1,1579910,55,1998,29,15.97,8.99
17277,Historical,607604,0,0,D,3,1,3206414,69.95,2009,29,47.41,43.93
17278,Historical,653824,0,0,D,2,1,2917205,145,2006,18,33.78,52.28
17279,Historical,620333,0,0,D,2,1,124188,55.95,2006,92,33.78,3.45
17280,Historical,626277,0,0,D,2,1,354171,95,2010,45,63.99,49.28
17281,Historical,386427,0,0,D,1,0,1046732,97,2007,47,50.18,41.16
17282,Historical,619400,0,0,D,3,1,114813,80,2007,63,39.81,28.97
17283,Historical,870835,0,0,D,6,1,976282,111,2005,35,73.15,21.98
17284,Historical,2619047,0,0,D,3,1,3566497,31.95,1994,19,22.72,8.32
17285,Historical,763776,0,0,D,2,1,4049702,39.95,1998,34,22.72,24.89
17286,Historical,635172,0,0,D,7,1,593096,135.8,2008,28,73.15,41.99
17287,Historical,52372,1,1,D,7,1,219076,255.95,2007,53,137.78,33.98
17288,Historical,421719,0,0,D,4,1,334646,116,2006,56,83.66,12.79
17289,Historical,52373,1,4,D,6,1,97274,126.95,2003,101,137.78,11.91
17290,Historical,758954,1,1,D,1,0,984149,55,2000,36,50.41,15.92
17291,Historical,615517,0,0,D,9,1,195096,143.6,2009,68,77.84,72.72
17292,Historical,617177,0,0,D,7,1,655927,112.4,2005,83,77.84,22.53
17293,Historical,199196,0,0,D,2,1,1349770,146,2004,20,65.19,102.76
17294,Historical,199197,1,1,D,2,1,81196,82.95,2004,102,65.19,9.95
17295,Historical,199282,1,2,D,1,0,228653,75,2004,54,51.93,15.45
17296,Historical,293767,0,0,D,1,0,4505223,129,2004,20,51.93,48.98
17297,Historical,109183,0,0,D,6,1,1083081,84.99,2007,27,193.84,56.48
17298,Historical,530431,0,0,D,7,1,336997,61.59,2011,6,193.84,30.9
17299,Historical,613466,0,0,D,0,0,1364919,101.5,2007,60,58.99,7.99
17300,Historical,617354,0,0,D,2,1,262008,105,2012,67,58.99,33.99
17301,Historical,630930,0,0,D,1,0,1932169,52.95,2001,19,34.78,31.94
17302,Historical,910241,1,1,D,1,0,1271820,52.99,2007,29,36.66,18.93
17303,Historical,615208,1,1,D,1,0,1276653,88.5,2003,56,41.17,11.01
17304,Historical,904312,0,0,D,8,1,1595009,65,2008,16,46.54,22.48
17305,Historical,258462,0,0,D,3,1,61836,110,2010,90,108.51,46.8
17306,Historical,258402,0,0,D,2,1,626703,100,2005,118,108.51,5.92
17307,Historical,714776,1,2,D,0,0,638996,107.31,2004,33,102.97,37.99
17308,Historical,630108,0,0,D,1,0,1030262,100,2009,23,60.49,42.93
17309,Historical,258418,1,1,D,5,1,670362,106,2007,29,71.98,80.75
17310,Historical,258391,0,0,D,4,1,868522,98.5,2008,39,71.98,48.94
17311,Historical,2036857,0,0,D,0,0,1592137,66.64,2006,35,54.02,13.99
17312,Historical,2608425,0,0,D,1,0,2504643,170,2002,24,74.35,102.99
17313,Historical,2353662,1,1,D,1,0,496972,52.99,2005,32,45.99,48.95
17314,Historical,108729,1,1,D,1,0,782884,77.86,2005,14,45.99,23.99
17315,Historical,761572,0,0,D,1,0,2738715,60,2005,23,47.21,23.94
17316,Historical,767591,1,1,D,8,1,1208831,54.95,2009,27,28.54,15.64
17318,Historical,225783,0,0,D,2,1,5669740,164.95,2003,10,189.66,102.14
17319,Historical,887726,1,1,D,1,0,5563205,119.95,1997,12,189.66,123.99
17320,Historical,1469784,0,0,D,2,1,4941307,577.5,2007,10,414.78,169.26
17321,Historical,913266,0,0,D,1,0,778103,37.5,1997,20,27.83,27.11
17322,Historical,891533,0,0,D,1,0,1803810,199.95,2003,18,70.45,93.32
17323,Historical,250614,0,0,D,2,1,959391,167.95,2008,24,70.45,108.12
17324,Historical,267165,0,0,D,0,0,137003,96,2009,33,83.99,43.99
17325,Historical,57366,1,1,D,2,1,267103,128,2006,78,42.79,60.75
17327,Historical,217680,0,0,D,1,0,2565817,49.99,2005,39,20.98,13.98
17328,Historical,246763,0,0,D,2,1,315782,55.95,2009,74,20.98,37.12
17329,Historical,132162,0,0,D,6,1,538847,139.8,2007,30,32.27,41.42
17330,Historical,287533,0,0,D,5,1,160452,116.6,2003,52,32.27,32.56
17331,Historical,759273,0,0,D,1,0,1854006,69,1999,26,33.98,41.99
17332,Historical,610067,1,1,D,6,1,38791,225,2012,89,133.96,189.47
17333,Historical,143119,0,0,D,4,1,1715764,154,2006,25,133.96,72.42
17334,Historical,143290,0,0,D,5,1,912846,201,2009,44,133.96,68.11
17335,Historical,911296,1,1,D,5,1,3178704,34,2002,18,22.74,26
17336,Historical,639001,0,0,D,6,1,1315487,43,2006,20,22.74,111.13
17337,Historical,270046,0,0,D,6,1,2242199,179,2007,11,138.98,82.15
17338,Historical,270131,0,0,D,7,1,1051552,213,2011,44,138.98,99.99
17339,Historical,616541,0,0,D,2,1,867861,49.95,2010,34,23.77,21.1
17340,Historical,540456,0,0,D,4,1,2075522,202,2008,28,107.87,54.8
17341,Historical,610131,0,0,D,5,1,1060478,41,2012,30,206.2,48.73
17342,Historical,143304,0,0,D,5,1,233886,205,2009,55,206.2,103.99
17343,Historical,738202,0,0,D,2,1,245192,52,2001,15,63.79,73.29
17344,Historical,736950,1,1,D,1,0,3729593,25.6,2001,18,63.79,41.21
17345,Historical,143297,0,0,D,10,1,644950,204,2011,36,114.55,67.98
17346,Historical,143062,0,0,D,9,1,2502989,157,2005,21,114.55,39.93
17347,Historical,1702087,0,0,D,0,0,3761379,76.5,2008,14,28.01,57.4
17348,Historical,883815,0,0,D,0,0,5904365,60,2005,11,23.98,39.36
17349,Historical,300014,0,0,D,5,1,3051178,52,2005,10,11.98,675
17350,Historical,645198,0,0,D,2,1,9799182,60,1999,11,64.87,21.49
17351,Historical,627878,1,1,D,1,0,884299,190,2012,54,98.5,48.99
17352,Historical,270134,0,0,D,12,1,85014,48,2011,54,24.49,24.99
17353,Historical,193662,0,0,D,15,1,833274,152,2009,76,5.49,7.52
17354,Historical,193339,0,0,D,13,1,6005505,96,2003,18,5.49,69.47
17355,Historical,270059,1,1,D,11,1,490150,47,2009,58,24.49,23.13
17356,Historical,392195,1,1,D,4,1,1043949,209,2006,30,123.99,70.27
17357,Historical,654381,0,0,D,4,1,9506481,116,2005,7,95.72,0
17358,Historical,265929,0,0,D,3,1,973056,190,2006,27,128.23,99.35
17359,Historical,193347,0,0,D,4,1,1290428,135,2008,39,48.98,63.25
17360,Historical,684325,0,0,D,6,1,8945532,25.5,1999,15,38.99,10.44
17361,Historical,737378,0,0,D,3,1,873870,39,2005,22,36.98,13.99
17362,Historical,882587,0,0,D,3,1,9574479,90,1999,13,110.14,123.99
17363,Historical,870309,0,0,D,6,1,851636,254.43,2008,41,73.95,167.32
17364,Historical,265949,0,0,D,5,1,3707856,132,2005,16,73.95,23.98
17365,Historical,270062,0,0,D,6,1,866922,195,2008,40,73.95,73.77
17366,Historical,545887,0,0,D,6,1,61955,89,2011,46,36.97,77.1
17367,Historical,617157,0,0,D,2,1,1636974,22.49,2009,29,36.97,22.49
17368,Historical,193574,0,0,D,5,1,336817,64,2007,33,36.97,31.99
17369,Historical,600110,0,0,D,6,1,873599,200,2007,29,158.88,77.87
17370,Historical,629100,1,1,D,0,0,742699,50,2013,78,47.1,20.98
17371,Historical,1506660,0,0,D,0,0,500708,52,2014,54,47.1,23.99
17372,Historical,913405,0,0,D,6,1,3203921,50,2009,19,0,28.96
17373,Historical,250943,0,0,D,5,1,4556124,58.79,2007,14,0,13.47
17374,Historical,560447,0,0,D,8,1,1036299,43,2011,15,54.65,32.49
17375,Historical,631721,0,0,D,7,1,2428706,38,2007,24,54.65,21.99
17376,Historical,270408,0,0,D,7,1,1073609,167.44,2006,17,32.91,89.77
17377,Historical,907245,0,0,D,0,0,3115243,0,2006,14,182.25,92.01
17378,Historical,143442,0,0,D,0,0,4287915,162,2004,13,138.99,18.88
17379,Historical,633066,0,0,D,7,1,2967471,43,2007,20,54.07,68.27
17380,Historical,619790,0,0,D,8,1,1063196,63,2010,35,54.07,45.51
17381,Historical,243879,0,0,D,9,1,90883,57.4,2011,34,193.84,47.98
17382,Historical,55340,1,1,D,8,1,1382067,319.95,2008,41,193.84,8.97
17383,Historical,875264,0,0,D,9,1,1474575,56.29,2011,21,193.84,58.52
17384,Historical,860931,0,0,D,26,1,1605746,278.47,2012,33,275.36,173.99
17385,Historical,665199,0,0,D,10,1,200529,124,2011,21,0,0
17386,Historical,580082,0,0,D,9,1,332830,117,2009,18,0,13.79
17388,Historical,632095,0,0,D,5,1,226587,215,2012,61,139.76,136.39
17389,Historical,2904233,0,0,D,3,1,3848243,58.75,2000,14,0,19.99
17390,Historical,3619500,0,0,D,3,1,5145879,44.12,1993,17,0,33.74
17391,Historical,114221,0,0,D,4,1,168686,123,2002,37,172.33,55.19
17392,Historical,116889,0,0,D,5,1,430734,154,2005,39,172.33,63.39
17393,Historical,904851,0,0,D,5,1,2884930,110,1998,11,58.56,44.86
17394,Historical,203445,0,0,D,6,1,1404395,189,2004,18,59.24,78.07
17395,Historical,2808498,0,0,D,5,1,1158762,129,1994,33,59.24,28.99
17396,Historical,804234,0,0,D,6,1,1664582,479,2009,12,205.18,65.68
17397,Historical,2679144,0,0,D,0,0,725095,52,1965,35,45.23,45.15
17398,Historical,51633,0,0,D,6,1,984356,7.33,2003,56,82.98,11.98
17399,Historical,51635,0,0,D,8,1,72800,85.99,2008,53,82.98,45.6
17400,Historical,51634,1,1,D,7,1,319628,10.98,2007,70,82.98,10.98
17401,Historical,366225,0,0,D,0,0,373876,65,2006,35,28.88,28.99
17402,Historical,550541,0,0,D,3,1,121421,64.69,2009,52,76.99,51.24
17403,Historical,221923,0,0,D,3,1,1137868,71.95,1996,25,73.99,73.45
17404,Historical,641651,1,1,D,1,0,1394732,64.95,2007,22,54.49,87.57
17405,Historical,891789,0,0,D,2,1,2960756,107.95,2006,9,95.29,36.88
17406,Historical,192894,1,1,D,2,1,1310421,79.95,2004,41,53.94,18.5
17407,Historical,643943,1,1,D,2,1,426205,49.95,2009,20,37.99,27.51
17408,Historical,640412,0,0,D,0,0,1716106,46.95,2004,15,37.99,43.99
17409,Historical,640416,0,0,D,1,0,2004119,103.95,2009,22,62.24,26.91
17410,Historical,540918,0,0,D,1,0,2400099,99.95,2008,24,62.24,10.89
17411,Historical,804550,1,1,D,2,1,1367162,99.95,2011,21,54.89,59.92
17412,Historical,661299,0,0,D,1,0,2108261,99.95,2009,21,54.89,28.99
17413,Historical,340062,0,0,D,4,1,2150872,86.58,2008,19,42.99,33.99
17414,Historical,405512,0,0,D,3,1,4249698,22.99,2005,19,42.99,22.99
17415,Historical,774702,0,0,D,1,0,2269683,94.95,1998,12,90.88,64.25
17416,Historical,575946,0,0,D,4,1,158323,107.25,2009,30,0,0
17418,Historical,2663310,0,0,D,2,1,4010056,82,1991,23,79.31,31.97
17419,Historical,749303,0,0,D,1,0,4584206,82.99,2006,13,105.99,61.32
17420,Historical,2576224,0,0,D,1,0,2643089,195,1991,25,105.99,47.97
17421,Historical,164096,0,0,D,2,1,975087,99.95,1997,37,48.16,13.98
17422,Historical,909451,0,0,D,2,1,1150867,99.95,1993,18,28.99,64.91
17423,Historical,56977,0,0,D,12,1,317148,94,2009,45,50.48,36.13
17424,Historical,607356,0,0,D,10,1,869232,73,2003,47,50.48,21.73
17425,Historical,56976,1,1,D,11,1,351648,82.4,2006,49,50.48,18.39
17426,Historical,560728,0,0,D,3,1,2028139,28.2,2001,55,17.74,34.9
17427,Historical,560941,0,0,D,5,1,2400087,41.6,2006,42,17.74,11.99
17428,Historical,108523,1,1,D,7,1,149978,117.25,2000,25,58.45,21.99
17429,Historical,720204,0,0,D,2,1,1745742,52.5,2002,27,15.35,8.67
17430,Historical,717966,0,0,D,1,0,2118558,70,1998,26,20.99,31.94
17431,Historical,762809,0,0,D,2,1,5483198,65,1998,12,35.44,124.41
17432,Historical,2427351,0,0,D,0,0,4162771,55,1991,15,0,91.5
17433,Historical,2577350,0,0,D,2,1,3402289,74.89,1984,35,38.17,53.31
17434,Historical,141822,0,0,D,8,1,903320,14.67,2006,69,42.97,9.46
17435,Historical,141975,0,0,D,9,1,277506,26.97,2009,64,42.97,27.16
17436,Historical,203329,0,0,D,4,1,1545004,99.95,2001,22,255.99,85.67
17437,Historical,141782,0,0,D,3,1,263021,10.42,2006,100,32.43,9.99
17438,Historical,60382,0,0,D,3,1,149924,36.2,2007,41,33.93,50.67
17439,Historical,132978,1,1,D,4,1,415628,39.33,2010,44,33.93,48.71
17440,Historical,108942,1,1,D,1,0,621909,73.75,2004,25,42.48,54.15
17441,Historical,704686,0,0,D,0,0,549931,75,2004,49,42.48,47.81
17442,Historical,60383,1,2,D,2,1,98117,0,2003,47,43.62,52.49
17443,Historical,108919,1,2,D,2,1,3568921,76.11,2003,16,43.62,69.47
17444,Historical,110772,0,0,D,3,1,890536,33.99,2007,52,43.62,16.19
17445,Historical,874011,1,1,D,3,1,2292529,38.09,2006,41,41.97,27.77
17446,Historical,286178,0,0,D,3,1,105043,41,2007,140,41.97,15.82
17447,Historical,553630,0,0,D,0,0,1020495,75.4,1998,44,62.12,10.68
17448,Historical,538567,0,0,D,10,1,3348,178,2012,118,73.99,63.87
17449,Historical,50458,1,3,D,8,1,69105,100.5,2006,91,73.99,34.7
17450,Historical,50460,0,0,D,8,1,106437,78.5,2006,57,73.99,54.62
17451,Historical,876420,0,0,D,2,1,928969,48.99,2008,33,58.99,44.56
17452,Historical,54209,0,0,D,1,0,753705,119.8,2005,49,58.99,20.99
17453,Historical,142202,0,0,D,3,1,28328,77.36,2012,124,80.74,42.87
17454,Historical,530404,0,0,D,2,1,2553971,44.95,2009,20,80.74,23.99
17455,Historical,109405,1,1,D,3,1,103233,94.78,2005,85,18.61,44.28
17456,Historical,2331936,1,3,D,1,0,128293,69.37,1994,46,95.99,37.29
17457,Historical,60384,0,0,D,2,1,75625,71.98,2002,68,95.99,31.56
17458,Historical,54210,0,0,D,2,1,160729,112,2007,76,58.99,37.16
17459,Historical,607569,0,0,D,5,1,707129,59.95,1998,97,53.99,13.98
17460,Historical,127393,0,0,D,7,1,49833,95.95,2009,62,53.99,55.89
17461,Historical,866601,0,0,D,1,0,1178225,265.75,2008,38,83.99,7.99
17462,Historical,363528,0,0,D,3,1,1639402,34,2003,40,32.24,5.49
17463,Historical,110717,0,0,D,2,1,212200,31.21,2011,88,83.99,26.73
17464,Historical,699145,0,0,D,0,0,2843047,103.25,2008,14,83.99,9.46
17465,Historical,633084,0,0,D,0,0,206606,89.95,2008,25,57.99,59.38
17466,Historical,148241,0,0,D,3,1,1012082,336.95,2006,54,14.03,16.48
17467,Historical,533804,1,1,D,9,1,32607,309,2012,163,83.78,41.99
17468,Historical,615988,0,0,D,6,1,2988610,101.95,2006,25,107.46,56.95
17469,Historical,179137,0,0,D,9,1,1120489,348.95,2007,23,135.99,6.82
17470,Historical,530387,0,0,D,15,1,91138,37.54,2011,85,145.94,16.97
17471,Historical,110627,0,0,D,13,1,2170773,12.94,2006,52,145.94,12.94
17472,Historical,2712476,1,3,D,0,0,9517489,0,2002,17,107.46,8.99
17473,Historical,52475,1,3,D,7,1,10304,61.33,2010,245,151.91,41.77
17474,Historical,603406,1,2,D,3,1,119974,78.99,2010,67,138.99,11.71
17475,Historical,179198,0,0,D,10,1,762023,438.95,2008,51,135.99,53.36
17476,Historical,530389,0,0,D,12,1,567397,300.95,2011,92,181.91,23.53
17477,Historical,544393,1,1,D,13,1,23456,300.95,2013,92,181.91,38.99
17478,Historical,586987,1,4,D,2,1,438893,40.82,2008,48,138.99,33.64
17479,Historical,715792,1,4,D,9,1,1057657,204.93,2012,37,83.78,10.98
17480,Historical,112034,1,3,D,2,1,42813,226.89,2010,191,102.99,14.69
17481,Historical,110632,1,1,D,14,1,1205788,11.63,2009,75,145.94,11.52
17482,Historical,286448,1,2,D,1,0,292503,243.8,2009,61,99.31,11.64
17483,Historical,530388,0,0,D,2,1,81082,281.2,2012,71,99.31,33.62
17484,Historical,50409,0,0,D,12,1,744612,220.95,2006,85,178.99,11.28
17485,Historical,586886,0,0,D,0,0,2487243,0,2007,31,138.99,11.99
17486,Historical,50797,0,0,D,6,1,270541,25.73,2007,92,76.48,10.43
17487,Historical,436745,0,0,D,11,1,318209,330.95,2008,78,181.91,9.69
17488,Historical,50410,0,0,D,13,1,268565,326.95,2009,150,178.99,13.98
17489,Historical,243551,1,3,D,3,1,1114493,11.99,2007,62,200.98,10.76
17490,Historical,243164,0,0,D,2,1,1727128,13.99,2006,42,200.98,13.99
17491,Historical,871064,1,4,D,5,1,297932,85.9,2012,60,200.98,37.95
17492,Historical,279487,1,6,D,4,1,198114,43.94,2010,69,200.98,16.01
17493,Historical,538790,1,1,D,4,1,2668,268.25,2012,67,135.63,62.84
17494,Historical,51689,0,0,D,2,1,1241506,16.93,2008,96,135.63,15.77
17495,Historical,51691,0,0,D,3,1,90314,72.92,2010,70,135.63,56.05
17496,Historical,50826,0,0,D,8,1,598849,22.78,2010,105,74.02,15.74
17497,Historical,54735,0,0,D,5,1,1298220,0,2010,39,103.98,37.85
17498,Historical,110634,1,1,D,5,1,473288,275.25,2010,75,103.98,33.49
17499,Historical,551180,0,0,D,6,1,33572,38.89,2012,121,103.98,52.64
17500,Historical,51722,1,1,D,2,1,1539038,213.33,2007,59,18.17,24.41
17501,Historical,50798,0,0,D,7,1,286786,43.49,2009,123,76.48,38.98
17502,Historical,163376,0,0,D,6,1,849010,34.99,2011,28,43.98,26.8
17503,Historical,533603,0,0,D,8,1,341989,364.95,2012,69,29.83,33.94
17504,Historical,609895,0,0,D,9,1,36872,364.95,2014,81,29.83,68.57
17505,Historical,53235,0,0,D,7,1,1060546,364.95,2010,84,29.83,20.26
17506,Historical,446925,0,0,D,10,1,347725,36.01,2010,59,11.34,9.99
17507,Historical,166436,0,0,D,8,1,2275488,12.89,2005,30,11.34,23.93
17508,Historical,290143,0,0,D,9,1,785552,5.58,2008,59,11.34,8.19
17509,Historical,50786,0,0,D,6,1,123665,15.12,2011,142,63.02,31.97
17510,Historical,50783,1,7,D,5,1,399663,15.99,2008,207,63.02,7.91
17511,Historical,178983,1,1,D,1,0,466916,97.75,2010,35,4.72,16.95
17512,Historical,456507,1,3,D,1,0,624011,114.95,2010,33,66.28,30.48
17513,Historical,164634,0,0,D,1,0,422592,95,2004,25,67.94,33.88
17514,Historical,244167,0,0,D,6,1,349713,129.95,2011,65,52.98,83.01
17515,Historical,148566,0,0,D,4,1,1422173,153.95,2006,35,52.98,44.46
17516,Historical,538791,1,1,D,5,1,16408,361.25,2012,166,162.87,27.21
17517,Historical,50831,0,0,D,7,1,3774228,246.95,2005,49,163.94,21.88
17518,Historical,570479,1,3,D,11,1,251981,357.95,2011,160,184.53,42.99
17519,Historical,110633,1,2,D,15,1,327533,18.94,2009,88,122.84,16.93
17520,Historical,587739,1,2,D,1,0,61872,157.14,2011,50,137.98,75.67
17521,Historical,911686,1,6,D,1,0,310741,243.25,2011,37,137.98,66.97
17522,Historical,309806,0,0,D,4,1,77965,43.03,2010,104,162.87,26.99
17523,Historical,50832,0,0,D,8,1,1170722,351.95,2007,77,163.94,11.99
17524,Historical,54519,0,0,D,10,1,192776,394.95,2008,133,184.53,33.31
17525,Historical,601194,1,8,D,3,1,137589,0,2013,45,183.88,108.99
17526,Historical,243550,1,34,D,1,0,1023998,27.93,2008,39,183.88,26.87
17527,Historical,301277,1,7,D,2,1,635017,65.14,2010,48,183.88,21.79
17528,Historical,60385,0,0,D,14,1,1489253,28.54,2006,81,122.84,28.97
17529,Historical,416614,1,1,D,3,1,631454,21.99,2008,75,162.87,21.99
17530,Historical,110005,0,0,D,3,1,4614495,0,2008,6,5.83,12.89
17531,Historical,625851,1,2,D,0,0,1803958,118,1987,33,87.32,35.98
17532,Historical,2339412,1,1,D,0,0,3098606,77.4,1994,15,33.73,72.87
17533,Historical,50845,0,0,D,7,1,59223,90.14,2010,49,132.94,53.88
17534,Historical,50846,0,0,D,6,1,941227,60.43,2007,38,132.94,28.9
17535,Historical,50875,1,3,D,10,1,384623,35.91,2008,91,84.95,23.99
17536,Historical,50877,0,0,D,9,1,1549897,28.22,2005,40,84.95,22.53
17537,Historical,564862,0,0,D,1,0,2067132,59.95,2011,12,57.42,52
17538,Historical,116646,1,1,D,10,1,466558,200,2004,97,165.11,11.23
17539,Historical,118707,0,0,D,11,1,88999,275,2010,56,165.11,47.41
17540,Historical,404928,1,1,D,0,0,2277180,49.95,2003,30,119.94,33.85
17541,Historical,539352,1,2,D,2,1,530806,148.93,2012,28,85.94,113.98
17542,Historical,632269,1,1,D,2,1,247066,101.53,2012,30,85.94,28.98
17543,Historical,366504,1,2,D,0,0,1390197,87.95,2005,30,33.49,33.6
17544,Historical,248933,1,1,D,3,1,401294,87.95,2007,66,54.85,13
17545,Historical,116764,1,1,D,2,1,213623,198.67,2005,45,267.97,26
17546,Historical,901371,0,0,D,0,0,772980,71.95,1993,14,82.84,279.63
17547,Historical,295419,0,0,D,6,1,206168,84.2,1999,17,76.58,94.96
17549,Historical,292310,0,0,D,2,1,1499774,116.95,2007,48,47.98,10.99
17550,Historical,162875,0,0,D,3,1,442330,120,2009,62,47.98,33.81
17551,Historical,535864,1,2,D,14,1,6698,355.95,2013,111,103.92,142.99
17552,Historical,50336,0,0,D,12,1,127464,310.95,2007,178,103.92,18.29
17553,Historical,50809,1,1,D,6,1,252090,230.2,2008,87,123.99,20.34
17554,Historical,148465,0,0,D,7,1,4125613,224.95,2006,13,168.98,110.2
17555,Historical,535542,1,1,D,10,1,198918,267.95,2012,42,33.98,80
17556,Historical,50808,0,0,D,5,1,785275,166.67,2005,63,123.99,13.93
17557,Historical,51093,1,1,D,4,1,473886,23.1,2008,53,127.47,25.06
17558,Historical,877274,0,0,D,3,1,1385307,182.19,2005,22,127.47,8.99
17559,Historical,50856,0,0,D,7,1,2726581,329.95,2005,37,168.98,78.29
17560,Historical,286195,0,0,D,7,1,14792,273,2011,103,123.99,53.85
17561,Historical,51092,0,0,D,3,1,2447764,4.92,2005,43,127.47,5.24
17562,Historical,540284,0,0,D,3,1,89007,92,2008,91,68.96,46.97
17563,Historical,167263,0,0,D,0,0,1617805,85,2007,26,23.34,50.41
17564,Historical,112037,0,0,D,5,1,44233,74.99,2011,55,148.99,62.67
17565,Historical,254166,0,0,D,12,1,279034,344.95,2010,38,109.94,29.9
17566,Historical,60387,0,0,D,10,1,2436311,292.95,2006,33,109.94,9.99
17567,Historical,416673,1,2,D,4,1,1035343,275,2008,65,148.99,8.79
17568,Historical,148712,0,0,D,11,1,527881,401.95,2008,43,109.94,23.49
17569,Historical,530373,1,1,D,7,1,102759,358.95,2010,55,193.13,43.98
17570,Historical,435730,0,0,D,6,1,100112,275.95,2006,81,193.13,35.99
17571,Historical,2043062,0,0,D,1,0,2385891,69.25,2008,14,54.42,78.05
17572,Historical,164347,1,1,D,0,0,1131318,100,2003,14,73.24,15.94
17573,Historical,446713,0,0,D,5,1,1535972,175,2009,21,64,101.03
17574,Historical,405814,0,0,D,2,1,3498976,150,2003,15,64,124.45
17575,Historical,2568036,0,0,D,2,1,4181755,141.95,2001,11,58.99,99.39
17576,Historical,597867,0,0,D,1,0,3054818,39.95,2004,29,22.34,9.98
17577,Historical,2626364,0,0,D,6,1,6422676,281.95,1995,20,51.31,11.71
17578,Historical,2626579,0,0,D,7,1,11241426,241.95,1997,11,51.31,10
17579,Historical,914978,0,0,D,3,1,1555264,94.95,2002,29,19.05,49.23
17580,Historical,109435,0,0,D,3,1,418389,16.99,2006,40,128.98,28.94
17581,Historical,698722,0,0,D,2,1,3441847,25.25,2003,20,128.98,25.25
17582,Historical,658116,1,2,D,3,1,56752,133.95,2013,66,73.98,52.99
17583,Historical,625312,1,6,D,2,1,198205,198.75,2009,40,73.98,48.33
17584,Historical,416487,1,1,D,9,1,699898,193.25,2005,48,111.97,20.98
17585,Historical,759833,0,0,D,3,1,751836,85,2002,30,19.05,12.9
17586,Historical,870186,0,0,D,10,1,1714473,47.98,2008,13,111.97,47.97
17587,Historical,556585,0,0,D,3,1,1156105,131,1988,52,32.98,24.98
17588,Historical,756604,0,0,D,1,0,2444418,95,2003,17,50.52,18.98
17589,Historical,449493,0,0,D,2,1,1742609,115,2006,24,50.52,38.94
17590,Historical,201668,0,0,D,0,0,1716121,54.95,2003,22,48,21.73
17591,Historical,132293,1,4,D,10,1,242404,136,2007,67,48.87,33.14
17592,Historical,615110,1,2,D,0,0,472672,62,2009,76,38.98,27.99
17593,Historical,2159406,0,0,D,2,1,921167,44.95,2008,37,29.29,11.94
17594,Historical,749041,0,0,D,1,0,4527997,127,2007,20,68.98,16.92
17595,Historical,541312,0,0,D,1,0,1122096,145.95,2004,21,0,0
17596,Historical,910329,0,0,D,1,0,1864632,110,1999,25,178.99,33.98
17597,Historical,117804,0,0,D,3,1,477592,249,2007,41,178.99,75.97
17598,Historical,115751,0,0,D,2,1,610357,139,2003,28,178.99,43.99
17599,Historical,2698169,0,0,D,5,1,1740594,99.95,2000,11,90.55,62.47
17600,Historical,644310,0,0,D,0,0,1569496,91,1982,31,0,0
17601,Historical,872428,0,0,D,4,1,2117735,133,1995,28,68.98,41.48
17602,Historical,561455,0,0,D,10,1,12579,209.2,2011,107,69.39,51.95
17603,Historical,169659,0,0,D,4,1,1758433,292.95,2007,26,93.94,50.41
17604,Historical,608225,0,0,D,10,1,109875,39.4,2007,83,46.32,40.52
17605,Historical,164965,1,1,D,9,1,1770214,22.44,2003,75,46.32,19.22
17606,Historical,169241,0,0,D,4,1,2513351,266.95,2006,21,98.98,8.99
17607,Historical,530362,1,1,D,5,1,210626,357.95,2010,78,98.98,55.2
17608,Historical,61200,0,0,D,4,1,834554,240.95,2007,39,98.98,99.49
17609,Historical,540616,1,1,D,9,1,36715,238.4,2011,61,53.79,78.99
17610,Historical,145482,0,0,D,8,1,281003,185.33,2007,79,53.79,14.75
17611,Historical,53213,0,0,D,9,1,635955,147.33,2006,90,58.32,19.66
17612,Historical,53214,1,2,D,10,1,62487,176,2009,124,58.32,23.95
17613,Historical,178730,0,0,D,7,1,906111,222,2010,55,111.66,78.98
17614,Historical,561003,1,2,D,9,1,247587,172.67,2007,156,69.39,27.37
17615,Historical,60388,0,0,D,6,1,1485314,325.95,2004,34,111.66,15.81
17616,Historical,60389,0,0,D,4,1,3593731,252.95,2006,39,93.94,10.94
17617,Historical,594087,0,0,D,5,1,852300,337.95,2010,83,93.94,21.78
17618,Historical,146165,0,0,D,12,1,50145,190.33,2010,220,103.98,28.74
17619,Historical,422062,0,0,D,11,1,1734784,36.67,2008,40,103.98,6.26
17620,Historical,53275,0,0,D,8,1,1391833,327.95,2005,60,121.16,6.99
17621,Historical,53273,1,1,D,9,1,199366,277.95,2008,125,121.16,8.99
17622,Historical,53276,0,0,D,10,1,122369,252.95,2011,118,121.16,17.35
17623,Historical,530357,0,0,D,7,1,456798,325.95,2007,81,111.66,52.93
17624,Historical,620095,0,0,D,10,1,1128648,0,2008,23,44.16,44.35
17625,Historical,607936,0,0,D,9,1,1397759,158,2006,91,5.4,13.48
17626,Historical,146269,1,1,D,10,1,80819,190.33,2010,138,5.4,22.03
17627,Historical,2256911,0,0,D,10,1,3780222,55.99,2010,44,5.4,38.94
17628,Historical,2681452,0,0,D,0,0,4860330,98,2004,13,93.5,11.95
17629,Historical,2600457,0,0,D,0,0,6204246,36.99,1994,16,63.52,80.6
17630,Historical,196375,0,0,D,3,1,857115,55.95,1997,21,45.51,31.09
17631,Historical,336327,0,0,D,0,0,2410211,40.95,1999,19,49.41,78.99
17632,Historical,890634,0,0,D,8,1,786538,0,2012,15,89.98,51.13
17633,Historical,3303492,1,2,D,7,1,1997924,55.6,2005,17,89.98,122.63
17634,Historical,230945,1,2,D,8,1,2099957,174.95,2002,27,93.97,73.17
17635,Historical,202394,0,0,D,2,1,312560,113.95,2004,19,13.93,52.88
17637,Historical,2373747,0,0,D,1,0,2792094,77.33,2003,23,4.98,25.76
17638,Historical,1457687,0,0,D,2,1,928349,90.67,2008,39,4.98,41.23
17639,Historical,788046,0,0,D,1,0,2308523,56.95,1998,19,66.21,75.64
17640,Historical,584777,1,1,D,3,1,648343,40.5,2005,45,0,0
17641,Historical,615129,1,1,D,6,1,1044431,30,1998,54,0,0
17642,Historical,200433,1,3,D,3,1,146856,122.95,2010,36,67.99,63.67
17643,Historical,778486,1,1,D,1,0,4506510,63.95,2006,7,0,0
17644,Historical,199977,1,1,D,1,0,573233,99.95,2005,34,75.38,19.69
17645,Historical,576601,1,1,D,1,0,2000290,54.95,2005,16,75.38,13.98
17646,Historical,300239,0,0,D,3,1,144469,79,2005,27,53.88,42.94
17647,Historical,202393,0,0,D,2,1,3539352,82.95,2002,25,18.55,11.99
17648,Historical,2869909,1,4,D,19,1,803768,224.75,2003,12,0,128.96
17649,Historical,245140,1,1,D,1,0,375249,102.95,2008,41,55.51,103.43
17650,Historical,662764,0,0,D,2,1,3069340,0,2003,14,81.32,46.13
17651,Historical,200322,1,1,D,1,0,353591,104.95,2008,52,64.99,34.94
17652,Historical,312466,0,0,D,1,0,9494237,53.33,2000,18,64.14,35.29
17653,Historical,116023,0,0,D,2,1,1257228,64.67,2004,21,64.14,82.12
17654,Historical,716451,0,0,D,7,1,3484076,0,2005,14,0,93.85
17655,Historical,661141,0,0,D,1,0,812214,74.95,2011,13,0,0
17656,Historical,914376,1,1,D,1,0,1827917,34.95,1994,26,29.99,43.99
17657,Historical,911159,0,0,D,2,1,944153,34.95,2001,27,29.99,16.68
17658,Historical,249875,1,1,D,2,1,382126,168.95,2007,55,63.46,68.01
17659,Historical,828773,0,0,D,1,0,2610741,55,2002,13,43.99,12.14
17660,Historical,613468,1,1,D,2,1,1001476,45.95,2009,57,27.13,10
17661,Historical,106385,0,0,D,1,0,1312202,41.95,2006,54,27.13,10.97
17662,Historical,254526,1,8,D,6,1,17232,59.95,2011,74,5.51,21.99
17663,Historical,609320,0,0,D,9,1,239710,97,2007,50,35.75,13.94
17664,Historical,212338,0,0,D,8,1,2724302,77,2003,52,35.75,23.97
17665,Historical,868014,0,0,D,1,0,800437,89.95,2008,48,25.73,43.99
17666,Historical,701466,0,0,D,1,0,1245515,69.95,2008,43,24.44,20.94
17667,Historical,701694,0,0,D,2,1,336779,69,2008,48,40.27,73.97
17668,Historical,538183,0,0,D,1,0,509006,78,2010,32,77.21,45.92
17669,Historical,626739,0,0,D,1,0,2745590,81.95,2006,26,28.93,18.99
17670,Historical,533014,0,0,D,3,1,12340,50,2011,76,30.98,21.98
17671,Historical,106578,0,0,D,6,1,1330459,44.95,2007,115,20.97,8.99
17672,Historical,530340,1,1,D,8,1,56484,51,2012,77,20.97,13.49
17673,Historical,606798,0,0,D,7,1,714705,45.95,2009,113,20.97,10.49
17674,Historical,614651,0,0,D,3,1,699396,45.95,2009,94,33.99,7.97
17675,Historical,530339,0,0,D,4,1,78507,50,2012,96,33.99,20.98
17676,Historical,106462,0,0,D,2,1,1248690,44.95,2006,91,33.99,10.98
17677,Historical,106579,1,1,D,2,1,1220420,44.95,2007,53,13.95,6.98
17678,Historical,530338,0,0,D,3,1,154310,51,2010,64,13.95,20.68
17679,Historical,106178,0,0,D,3,1,1915012,42.95,2005,72,28.99,12.89
17680,Historical,606790,0,0,D,4,1,912352,46.95,2008,68,28.99,13.02
17681,Historical,106544,0,0,D,1,0,1327543,41.95,2006,59,26.91,9.99
17682,Historical,1436078,1,2,D,2,1,434019,45.95,2009,80,26.91,11.99
17683,Historical,649954,1,1,D,3,1,1075894,0,2011,21,72.98,142.01
17684,Historical,615025,1,3,D,3,1,1082774,144,2008,32,30.94,56.22
17685,Historical,628143,0,0,D,3,1,4035998,80,2001,21,93.5,38.6
17686,Historical,859532,0,0,D,3,1,2408172,122,2007,22,108.99,23.46
17687,Historical,270106,0,0,D,4,1,1023373,147,2010,43,108.99,25.99
17688,Historical,532393,0,0,D,3,1,157034,181.95,2005,49,7.97,45.19
17689,Historical,176639,0,0,D,1,0,749862,89.95,1997,27,44.05,48.44
17690,Historical,55000,0,0,D,8,1,552953,375.95,2004,58,95.95,82.99
17691,Historical,54998,1,3,D,9,1,53699,341.95,2008,79,95.95,74.94
17692,Historical,169199,0,0,D,4,1,488098,374.95,2008,27,153.98,175.99
17693,Historical,176906,0,0,D,3,1,718342,360.95,2002,28,153.98,63.92
17694,Historical,876448,0,0,D,8,1,803462,0,2008,19,123.99,63.98
17695,Historical,530329,0,0,D,11,1,28242,170.8,2012,85,25.98,69.68
17696,Historical,177524,0,0,D,4,1,509280,368.95,2006,25,125.44,74.98
17697,Historical,113984,0,0,D,1,0,3138657,91.6,2001,19,42.1,18.46
17698,Historical,291354,0,0,D,2,1,1156718,54.99,2009,48,43.57,38.98
17699,Historical,51505,1,2,D,8,1,7416,99.59,2011,122,122.9,62.22
17700,Historical,538134,0,0,D,8,1,996417,30.99,2011,35,122.9,28
17701,Historical,876035,0,0,D,3,1,1601834,53.98,2007,40,42.79,28.77
17702,Historical,560101,0,0,D,4,1,19014,68.94,2011,61,42.79,43.87
17703,Historical,613484,1,3,D,3,1,252424,32.78,2007,84,42.79,20.31
17704,Historical,2366386,0,0,D,6,1,5706466,41,2001,19,39.49,48.95
17705,Historical,54444,1,2,D,8,1,63019,385.95,2010,63,175.7,81.15
17706,Historical,54443,1,1,D,7,1,172191,370.95,2006,64,175.7,46.05
17707,Historical,54445,0,0,D,6,1,846774,151.95,2002,59,175.7,13.99
17708,Historical,609121,0,0,D,2,1,1782586,245.95,2001,19,42.84,10.94
17709,Historical,1839504,0,0,D,1,0,4028079,190,2006,16,154.96,164.31
17710,Historical,295447,0,0,D,1,0,1672768,124.99,2000,16,95.47,90.93
17711,Historical,758098,1,1,D,4,1,1476226,165,2006,24,117.36,119.97
17712,Historical,633915,0,0,D,4,1,977312,606,2008,30,308.96,39.69
17713,Historical,269484,0,0,D,1,0,583053,73.95,2006,25,56.53,51.14
17714,Historical,550384,0,0,D,8,1,227607,16.89,2008,57,75.03,13.99
17715,Historical,646997,0,0,D,10,1,87912,152.5,2012,23,75.03,27.99
17716,Historical,111258,1,1,D,9,1,81196,29.94,2010,72,75.03,28.99
17717,Historical,51991,1,2,D,8,1,1250873,157.92,2008,129,84.17,19.19
17718,Historical,111257,1,1,D,9,1,99340,28.96,2010,122,84.17,18.96
17719,Historical,200450,0,0,D,2,1,1439098,75.95,2008,48,44.78,34.9
17720,Historical,875186,0,0,D,2,1,3049783,70.5,2008,32,44.78,70.5
17721,Historical,534771,1,1,D,3,1,67379,111.95,2012,84,44.78,36.99
17722,Historical,907303,0,0,D,4,1,3299263,95,2007,21,65.45,73.19
17723,Historical,265141,0,0,D,1,0,2984681,49.95,2006,23,58.99,29.48
17724,Historical,299931,0,0,D,2,1,809680,59.95,2008,29,58.99,17.47
17725,Historical,212379,0,0,D,7,1,2352935,48.2,2007,33,26,10.59
17726,Historical,530317,0,0,D,8,1,1038496,56.07,2010,47,26,23.97
17727,Historical,3599397,0,0,D,4,1,3811508,39,1988,23,0,65.9
17728,Historical,475005,0,0,D,5,1,733319,56.95,1997,22,0,0
17729,Historical,288893,0,0,D,1,0,156806,43.95,2004,21,65.69,38.94
17730,Historical,262281,0,0,D,0,0,3562355,79.95,2005,18,41.06,23.89
17731,Historical,163676,0,0,D,2,1,702391,80,2002,29,48.54,32.49
17732,Historical,55244,1,1,D,5,1,436148,104.4,2006,68,68.45,31.56
17733,Historical,55243,1,1,D,4,1,1162283,81.2,2000,59,68.45,6.48
17734,Historical,873639,1,1,D,1,0,1097355,42,1987,110,32.98,7.94
17735,Historical,3530535,0,0,D,0,0,6736674,0,2002,8,0,119.17
17736,Historical,3547207,0,0,D,2,1,4274274,324.95,2003,17,0,83.58
17737,Historical,175476,0,0,D,1,0,3843250,69.99,2002,14,44.94,87.69
17738,Historical,2561890,0,0,D,1,0,2031983,135,1981,19,59.45,51.85
17739,Historical,192902,0,0,D,2,1,854860,36.95,2002,30,23.97,10.99
17740,Historical,3878711,0,0,D,0,0,2950602,59.95,2000,14,0,67.96
17741,Historical,422679,1,3,D,1,0,1456723,115,1998,24,95.76,66.5
17742,Historical,1741464,1,8,D,7,1,159397,0,2012,21,38.82,37.98
17743,Historical,2884276,1,1,D,3,1,4538620,95,2001,15,116.1,58.47
17744,Historical,897802,0,0,D,0,0,2634475,135,2002,17,96.21,93.99
17745,Historical,533380,1,1,D,5,1,35910,152.8,2012,97,105.22,18.6
17746,Historical,56067,1,3,D,4,1,733677,129.8,2010,110,105.22,11.46
17747,Historical,56070,0,0,D,3,1,1796788,113.8,2007,91,105.22,4.74
17748,Historical,907493,0,0,D,0,0,1657765,199,2009,21,45.31,50.5
17749,Historical,897733,0,0,D,2,1,2094849,240,2000,19,149.36,126.95
17750,Historical,550786,0,0,D,2,1,579939,81.37,2009,41,182.02,69
17751,Historical,899621,0,0,D,4,1,2419774,55.95,1998,19,40.91,59.39
17752,Historical,1447250,0,0,D,5,1,3633906,136,2006,10,139.05,118.97
17753,Historical,57585,0,0,D,6,1,644210,129.65,2006,52,199.97,57.2
17754,Historical,644057,0,0,D,4,1,690427,109,2007,34,91.4,116.48
17755,Historical,868042,0,0,D,3,1,435481,81.95,2004,25,91.4,56.29
17756,Historical,618936,1,1,D,5,1,208968,119.95,2011,28,91.4,89.39
17757,Historical,164256,0,0,D,6,1,474127,44.88,2003,53,183.98,36.33
17758,Historical,640086,1,1,D,7,1,220498,0,2010,24,0,0
17759,Historical,606718,0,0,D,2,1,2337511,122.5,1991,19,188.49,56.09
17760,Historical,904159,1,1,D,10,1,1002931,0,2011,29,75.79,18.99
17761,Historical,868002,1,1,D,8,1,1673143,73.85,1985,25,75.79,65.59
17762,Historical,270744,0,0,D,1,0,555232,104,2009,32,76.43,77.99
17763,Historical,370532,1,1,D,1,0,321391,105,2010,17,99.98,129.49
17764,Historical,2663812,0,0,D,4,1,4496054,47.95,1989,18,30,23.99
17765,Historical,264278,0,0,D,4,1,287179,42.95,2007,47,26.89,13.98
17766,Historical,270995,0,0,D,5,1,65655,48.99,2010,63,26.89,13.99
17767,Historical,264204,0,0,D,2,1,343236,35.95,2002,95,26.89,11.89
17768,Historical,788036,0,0,D,6,1,3311356,53.95,1999,20,60.04,39.95
17769,Historical,57117,0,0,D,7,1,1214755,114.95,2003,39,60.04,18.98
17770,Historical,114140,0,0,D,0,0,1144397,25.95,2002,38,21.96,23.98
17771,Historical,118479,0,0,D,2,1,247223,42.95,2006,33,21.96,23.54
17772,Historical,113377,0,0,D,1,0,4294196,340,1998,16,158.47,76.6
17773,Historical,904177,0,0,D,0,0,1895565,40,1998,18,0,69.96
17774,Historical,2536830,0,0,D,3,1,2413538,78.95,2002,18,50.91,38.99
17775,Historical,882678,0,0,D,0,0,4936907,325,2000,11,215.82,124
17776,Historical,408143,0,0,D,2,1,1499297,50,2006,20,41.9,14.99
17777,Historical,248041,0,0,D,4,1,330272,65,2008,52,41.14,53.99
17778,Historical,254185,0,0,D,1,0,1227928,62.95,2011,31,36.28,18.22
17779,Historical,869997,1,3,D,0,0,4967698,0,2012,18,36.28,23.99
17780,Historical,870515,1,1,D,2,1,2134993,25.01,2010,52,66.17,22.89
17781,Historical,871107,0,0,D,3,1,2250799,0,2013,52,66.17,15.99
17782,Historical,244174,0,0,D,3,1,104790,103.95,2012,124,66.17,38.73
17783,Historical,169872,0,0,D,1,0,622251,77.95,2009,30,58.59,13.77
17784,Historical,170148,0,0,D,2,1,922297,80.95,2011,82,58.59,7.5
17785,Historical,535571,1,3,D,3,1,298142,73.95,2013,104,58.59,11.97
17786,Historical,116774,0,0,D,2,1,910529,54.6,2006,29,19.99,27.98
17787,Historical,618408,1,2,D,2,1,968622,64.27,2006,31,0,0
17788,Historical,117853,1,1,D,3,1,563203,56.53,2005,69,29.28,25.98
17789,Historical,613810,0,0,D,3,1,773588,62.07,2005,44,29.28,32.42
17790,Historical,52922,0,0,D,8,1,796274,67.41,2006,34,99.45,15.24
17791,Historical,52924,1,1,D,10,1,51297,69.03,2010,50,99.45,60.79
17792,Historical,109705,1,1,D,8,1,1512683,28.01,2006,43,99.45,28.01
17793,Historical,52923,1,4,D,9,1,174648,127.21,2008,56,99.45,38.49
17794,Historical,129966,0,0,D,1,0,2158659,39,2002,28,0,0
17795,Historical,621968,1,1,D,3,1,1089831,0,2009,22,17.98,94.63
17796,Historical,2257712,0,0,D,3,1,2770588,50.94,2009,56,17.98,26.62
17797,Historical,110204,1,2,D,3,1,116378,32.48,2009,180,17.98,19.99
17798,Historical,56066,0,0,D,1,0,993026,85.6,2007,76,4.49,10.95
17799,Historical,115505,0,0,D,0,0,961987,43.6,2004,48,28.44,15.94
17800,Historical,191893,0,0,D,5,1,2060017,19.99,2006,37,38.69,18.94
17801,Historical,117522,0,0,D,1,0,867941,50.53,2005,47,0,0
17802,Historical,141765,0,0,D,1,0,1649544,9.85,2008,73,82.99,7.95
17803,Historical,288313,0,0,D,2,1,79356,26.94,2010,56,82.99,26.98
17804,Historical,278060,0,0,D,0,0,261341,29.95,2005,33,37.5,24.97
17805,Historical,165793,0,0,D,3,1,1096124,162.01,2006,33,123.97,45.12
17806,Historical,651361,0,0,D,4,1,4198873,338,2008,14,172.98,183.51
17807,Historical,139703,0,0,D,1,0,2503325,59.95,2003,17,35.97,23.69
17808,Historical,166671,0,0,D,4,1,834492,28.95,2007,87,53.76,23.99
17809,Historical,162493,1,2,D,5,1,60668,23.87,2010,131,53.76,10.98
17810,Historical,158259,1,1,D,2,1,371693,72.95,2007,54,42.76,30.98
17811,Historical,290904,1,1,D,5,1,65556,235.95,2007,61,102.39,53.25
17812,Historical,60393,0,0,D,4,1,1075441,117.95,2003,43,102.39,33.99
17813,Historical,598820,0,0,D,3,1,998302,197,2007,27,128.99,77.67
17814,Historical,61149,1,2,D,2,1,1478523,118.67,2006,32,64.28,17.97
17815,Historical,120151,0,0,D,3,1,234751,156,2010,44,64.28,54.32
17816,Historical,3151014,0,0,D,3,1,2308587,99,2004,17,72.31,63.99
17817,Historical,879232,1,4,D,10,1,1186185,80,1996,28,122.14,52.49
17818,Historical,607285,1,1,D,12,1,356421,123.6,2005,39,122.14,79.83
17819,Historical,422263,0,0,D,9,1,770158,156.4,2008,42,79.8,42.13
17820,Historical,60394,0,0,D,8,1,2685746,131.8,2005,34,79.8,28.99
17821,Historical,242476,0,0,D,16,1,653635,31.95,2010,23,102.91,59.57
17822,Historical,596247,1,1,D,2,1,979194,89.95,2008,40,70.2,42.5
17823,Historical,2250707,0,0,D,2,1,8959748,0,2008,20,70.2,61.47
17824,Historical,3592902,0,0,D,0,0,4371045,82.95,1998,12,0,35
17825,Historical,897547,1,1,D,1,0,3214736,157.95,2002,17,126.34,52.23
17826,Historical,1445497,0,0,D,1,0,4167343,116,2008,13,118.88,66.62
17827,Historical,3598630,1,1,D,2,1,2701723,98.95,2000,17,0,82.17
17828,Historical,1533957,0,0,D,0,0,250358,79.99,2008,26,48.95,52.79
17829,Historical,873453,0,0,D,3,1,3087106,7.28,1997,25,20.24,7.28
17830,Historical,112114,1,1,D,4,1,610534,79.68,2002,31,20.24,22.35
17831,Historical,651032,0,0,D,3,1,673708,90,2004,21,82.25,49.74
17832,Historical,867977,1,2,D,2,1,4033499,0,1982,21,139.9,54.77
17833,Historical,316532,0,0,D,11,1,817897,122.67,2008,58,123.1,34.98
17834,Historical,316631,0,0,D,12,1,42384,132.4,2011,69,123.1,56.29
17835,Historical,537451,0,0,D,8,1,26465,176.2,2012,56,123.54,74.47
17836,Historical,118010,1,3,D,6,1,161965,103.6,2006,63,123.54,51.58
17837,Historical,56798,0,0,D,7,1,194272,22.82,2005,86,81.63,52.82
17838,Historical,56555,0,0,D,8,1,144113,27.74,2008,82,81.63,16.98
17839,Historical,615753,1,1,D,9,1,168103,165.21,2011,86,81.63,78.17
17840,Historical,534833,1,3,D,9,1,31594,136.81,2013,62,81.63,63.98
17841,Historical,144290,0,0,D,4,1,3954407,45,2001,32,23.34,7.9
17842,Historical,738986,0,0,D,3,1,14471765,39,1998,20,23.34,6.89
17843,Historical,1516821,0,0,D,1,0,1056522,177.52,2012,17,149.33,68.79
17844,Historical,153952,0,0,D,2,1,1748656,9.48,2007,58,22.5,9.6
17845,Historical,154026,0,0,D,4,1,436000,21.94,2009,121,22.5,11.26
17846,Historical,287390,0,0,D,1,0,3280651,31,1995,31,49.98,6.95
17847,Historical,118145,1,3,D,2,1,321551,45.32,2006,27,49.98,23.99
17848,Historical,552748,1,1,D,2,1,561343,45.32,2006,25,4.24,33.97
17849,Historical,130235,0,0,D,0,0,3196108,29.67,1995,27,4.24,4
17850,Historical,607588,0,0,D,4,1,354693,57.95,2006,44,42.54,32.75
17851,Historical,2404282,0,0,D,0,0,890221,55.95,1986,44,63.96,43.89
17852,Historical,911379,0,0,D,1,0,4260016,199,1991,23,113.91,70.59
17853,Historical,2695186,0,0,D,4,1,9224942,75,2003,13,54.8,26.31
17854,Historical,1649124,0,0,D,5,1,8890553,79.95,2006,10,54.8,102.07
17855,Historical,3204174,0,0,D,0,0,3255818,402,2005,14,155.61,284.37
17856,Historical,260061,0,0,D,1,0,1301914,52.95,2001,35,55.79,20.45
17857,Historical,193487,0,0,D,2,1,5611417,128,2006,11,148.99,27.94
17858,Historical,193665,0,0,D,3,1,1073752,145,2008,30,148.99,16.99
17859,Historical,595051,1,1,D,4,1,1011395,197,2011,32,148.99,18.06
17860,Historical,550555,1,1,D,1,0,1505512,6.3,2007,27,0,0
17861,Historical,214934,1,4,D,4,1,1083710,145,2009,33,44.25,43.99
17862,Historical,635245,0,0,D,3,1,1293656,137,2007,40,44.25,23.94
17863,Historical,214954,0,0,D,5,1,403392,154,2011,56,44.25,43.48
17864,Historical,497745,1,1,D,1,0,54294,83.37,2010,89,72.99,37.89
17865,Historical,113643,0,0,D,0,0,784630,46.7,1999,22,46.47,23.64
17867,Historical,639395,0,0,D,1,0,404939,175.2,2005,19,115.94,87.93
17868,Historical,908383,0,0,D,1,0,1594625,175.95,2000,25,102.61,63.99
17869,Historical,714530,0,0,D,1,0,1705347,83,2003,14,91.6,53.81
17870,Historical,651928,0,0,D,2,1,1677136,184.95,2008,14,130.6,129.04
17871,Historical,720921,0,0,D,1,0,3133012,69.95,2005,15,96.82,99.71
17872,Historical,147168,0,0,D,1,0,1341885,103,2005,34,54.25,20.69
17873,Historical,637465,1,1,D,1,0,1006843,94.95,1992,24,63.63,32
17874,Historical,868406,0,0,D,1,0,2053501,77.95,2008,19,30.99,106.03
17875,Historical,764789,1,1,D,1,0,762610,94.95,2000,44,4.82,39.43
17876,Historical,591660,1,2,D,1,0,600486,39.97,2008,23,43.99,67.45
17877,Historical,766344,0,0,D,1,0,1462387,131.95,2011,31,108.45,75.3
17878,Historical,456496,1,1,D,1,0,70788,144.95,2008,44,110.65,45.9
17879,Historical,545092,0,0,D,2,1,132591,89.95,2010,45,57.96,38.99
17880,Historical,870103,0,0,D,1,0,1282960,14.95,2009,53,57.96,8.63
17881,Historical,55241,0,0,D,2,1,906124,93.95,2005,62,53.96,32
17882,Historical,613975,0,0,D,1,0,175964,184.6,2008,88,152.79,18.99
17883,Historical,552341,1,1,D,2,1,20115,187.8,2012,119,152.79,103.98
17884,Historical,55242,0,0,D,3,1,408382,99.95,2009,49,53.96,53.98
17885,Historical,295042,0,0,D,1,0,1999907,85,2006,19,75.52,62.99
17886,Historical,294673,0,0,D,1,0,1380802,58,1995,20,76.23,73.01
17888,Historical,901306,0,0,D,2,1,3616896,119.95,2006,14,98.71,40.88
17889,Historical,2330921,0,0,D,3,1,2919897,0,1983,14,75.05,134.03
17890,Historical,912735,1,2,D,4,1,1078096,107.25,1993,23,75.05,108.97
17891,Historical,636689,0,0,D,1,0,1825529,55,2005,28,53.76,33.99
17892,Historical,2316691,0,0,D,1,0,142339,80.55,1965,30,23.67,53.93
17893,Historical,638680,0,0,D,3,1,2055652,90,1998,18,0,0
17894,Historical,288429,0,0,D,5,1,611039,51,2008,30,0,0
17895,Historical,245031,0,0,D,3,1,1711523,214.95,2003,49,40.17,6.99
17896,Historical,1690824,0,0,D,0,0,301678,70,2014,12,0,34.85
17897,Historical,118726,0,0,D,1,0,653083,79.2,2009,35,44.93,79.76
17898,Historical,908653,0,0,D,1,0,4663326,42.5,2003,18,38.99,49.19
17899,Historical,1469767,0,0,D,0,0,10642763,55.5,2006,13,42.72,70.44
17900,Historical,1471805,0,0,D,2,1,6008118,65,2009,24,42.72,15.43
17901,Historical,906987,1,2,D,0,0,2606457,100,1993,24,204.51,50.18
17902,Historical,2048987,0,0,D,35,1,1887283,389.5,2013,14,0,60.03
17903,Historical,700842,0,0,D,1,0,4101914,125,2005,17,25.83,69.98
17904,Historical,788055,0,0,D,3,1,2575558,83.95,1999,15,39.33,16.49
17905,Historical,147610,1,2,D,6,1,135120,129,2010,68,74.54,25.21
17906,Historical,147351,1,1,D,5,1,1891111,94.95,2005,41,74.54,25.88
17907,Historical,285982,1,1,D,1,0,902604,53.33,2006,30,75.99,6.02
17908,Historical,121197,0,0,D,2,1,331314,93.2,2010,76,75.99,23.99
17909,Historical,624284,1,2,D,4,1,137674,43.34,2011,60,74.01,58.03
17910,Historical,613952,0,0,D,3,1,1223201,10.48,2007,59,74.01,10.23
17911,Historical,116025,0,0,D,1,0,509605,95.4,2006,56,58.99,16.88
17912,Historical,618274,1,1,D,3,1,549696,59.95,2009,25,0,0
17913,Historical,554078,0,0,D,2,1,2701482,35.4,2008,61,17.98,8.3
17914,Historical,279431,1,3,D,1,0,31033,94.95,2010,67,116.31,33.98
17915,Historical,2245594,0,0,D,0,0,1598836,41,2009,14,65.45,35.57
17916,Historical,170019,0,0,D,8,1,101223,261.95,2010,87,126.47,46.74
17917,Historical,544466,1,1,D,9,1,30904,237.95,2013,89,126.47,95.94
17918,Historical,60120,0,0,D,7,1,166623,256.95,2007,119,126.47,6.94
17919,Historical,50086,1,1,D,8,1,12967,238,2011,197,123.22,26.98
17920,Historical,111233,1,2,D,8,1,58912,188.75,2011,55,105.03,13.98
17921,Historical,533858,0,0,D,7,1,454501,148.5,2008,21,123.22,13.99
17922,Historical,417106,0,0,D,7,1,1219123,22.74,2008,52,105.03,22.73
17923,Historical,50087,1,4,D,7,1,250590,22.9,2008,123,123.22,19.97
17925,Historical,2670191,1,3,D,6,1,3075116,57,1996,19,93.98,47.39
17926,Historical,148175,0,0,D,3,1,3997324,92.95,2004,24,118.75,12.99
17927,Historical,254164,0,0,D,5,1,327738,199.95,2009,37,118.75,119.04
17928,Historical,330710,0,0,D,4,1,370716,195.95,2007,32,118.75,10.94
17929,Historical,272327,0,0,D,1,0,3897917,89.95,2006,38,46.69,8.12
17930,Historical,1481510,0,0,D,1,0,932070,109.2,2007,38,105.78,92.05
17931,Historical,121245,0,0,D,2,1,44110,139.6,2011,44,105.78,92.91
17932,Historical,199965,0,0,D,1,0,1261650,177.95,2004,19,43.99,10.98
17933,Historical,60397,1,3,D,14,1,689738,145.33,2007,111,119.16,25.04
17934,Historical,121161,1,2,D,15,1,33821,167.8,2010,72,119.16,17.94
17935,Historical,244188,0,0,D,1,0,1849823,144.95,2011,39,93.87,73.99
17936,Historical,177904,0,0,D,1,0,62278,144.95,2007,39,93.87,102.2
17937,Historical,406163,0,0,D,10,1,601505,383.95,2007,52,188.42,62.01
17938,Historical,298899,0,0,D,11,1,106822,348.95,2010,56,188.42,38.98
17939,Historical,742869,0,0,D,1,0,1559811,191.78,2010,14,0,92.69
17940,Historical,60398,0,0,D,3,1,458482,99.95,2004,43,49.89,28.46
17941,Historical,251998,0,0,D,3,1,46482,206.95,2008,75,84.99,56.1
17942,Historical,53930,1,2,D,7,1,231667,19.98,2007,102,113.19,19.7
17943,Historical,53931,0,0,D,8,1,43763,190.2,2010,81,113.19,43.13
17944,Historical,300699,0,0,D,4,1,85883,39.95,2006,36,22.98,48.73
17945,Historical,462003,1,22,D,1,0,1757768,117.95,2008,64,41.79,13.94
17946,Historical,627895,0,0,D,3,1,61337,98.95,2012,82,41.79,38.99
17947,Historical,178905,1,1,D,2,1,167456,108.95,2010,79,41.79,8.37
17948,Historical,663585,1,1,D,4,1,2499,104.95,2014,104,41.79,23.99
17949,Historical,163000,0,0,D,13,1,339219,58.07,2010,42,74.42,75.78
17950,Historical,161605,0,0,D,12,1,371021,74.24,2006,38,74.42,102.97
17951,Historical,222238,0,0,D,1,0,1044511,99,2009,26,53.98,16.76
17952,Historical,137100,0,0,D,0,0,724538,60,2002,28,63.84,13.2
17953,Historical,167265,0,0,D,12,1,898328,51.08,2006,64,48.8,43.54
17954,Historical,50094,0,0,D,12,1,579057,203.49,2006,103,48.8,26.14
17955,Historical,163001,0,0,D,13,1,700631,70.46,2010,31,67.7,62.1
17956,Historical,161738,1,1,D,12,1,1582501,13.98,2007,33,67.7,13.98
17957,Historical,161737,0,0,D,12,1,2281138,179.95,2006,26,48.97,8.99
17958,Historical,2406461,0,0,D,1,0,9303089,29.95,1993,22,13.99,8.89
17959,Historical,3048588,0,0,D,0,0,3678011,52,1993,18,13.99,10.39
17960,Historical,127541,1,3,D,1,0,327788,82.95,2011,54,53.25,33.98
17961,Historical,638369,0,0,D,1,0,593126,64.95,2009,20,0,0
17962,Historical,2612513,0,0,D,1,0,2633838,83.99,2001,15,41.35,45.99
17964,Historical,3485271,0,0,D,4,1,3706177,74,2004,35,0,16.89
17965,Historical,132100,0,0,D,4,1,2655323,63,2005,24,66.48,8.28
17966,Historical,108394,0,0,D,3,1,1448024,10.75,2004,29,119.68,10.75
17967,Historical,110608,1,1,D,4,1,872772,16.84,2007,45,119.68,19.94
17968,Historical,110130,1,2,D,5,1,278899,77.99,2010,59,119.68,37.78
17969,Historical,56783,1,1,D,5,1,91800,126.4,2007,90,74.98,18.99
17970,Historical,56784,0,0,D,6,1,39699,148.93,2010,89,74.98,37.99
17971,Historical,530205,0,0,D,6,1,191917,311.4,2012,69,108.06,33.93
17972,Historical,116321,0,0,D,5,1,911246,254.2,2010,48,108.06,42
17973,Historical,57397,0,0,D,11,1,321028,262.95,2010,75,127.92,53.99
17974,Historical,544322,1,6,D,12,1,45262,238.95,2013,56,127.92,102.12
17975,Historical,868252,0,0,D,1,0,1702437,57.95,2005,13,131.61,8.59
17976,Historical,57400,1,1,D,10,1,907974,169.95,2007,87,127.92,13.98
17977,Historical,652662,0,0,D,1,0,612843,55.95,2011,16,0,0
17978,Historical,870218,0,0,D,2,1,2011456,0,1967,25,58.02,0
17979,Historical,202373,1,1,D,4,1,1706688,333.95,2002,29,45.6,23.83
17980,Historical,788053,0,0,D,3,1,779070,247.95,1998,26,45.6,23.98
17981,Historical,797696,1,2,D,1,0,2849860,191.95,2004,18,93.94,62.99
17983,Historical,266983,1,1,D,1,0,529338,66.64,2007,68,0,0
17984,Historical,118703,1,1,D,6,1,34919,186.67,2007,91,118.49,20.75
17985,Historical,120102,1,2,D,6,1,784535,166.67,2008,50,118.49,126.49
17986,Historical,50105,0,0,D,14,1,38295,59.45,2010,150,144.83,48.14
17987,Historical,110719,1,4,D,14,1,114593,295.75,2010,115,144.83,28.99
17988,Historical,113835,0,0,D,3,1,166329,113.33,2001,42,79.98,22.98
17989,Historical,625947,0,0,D,1,0,363833,95,2009,29,68.04,54.68
17990,Historical,116572,1,2,D,0,0,1492807,86.67,2005,36,52.69,29.99
17991,Historical,545284,1,1,D,3,1,168927,89.95,2013,36,48.49,59.87
17992,Historical,298366,0,0,D,2,1,1279417,89.95,2007,60,48.49,8.98
17993,Historical,2621711,0,0,D,2,1,3490529,115.95,1992,15,0,16.95
17994,Historical,60400,1,1,D,1,0,1943085,49.95,2001,32,37.21,5.48
17996,Historical,258389,0,0,D,0,0,228919,106,2005,59,98.8,53.93
17997,Historical,253845,1,1,D,4,1,205976,245.95,2009,52,62.28,24.06
17998,Historical,249771,0,0,D,3,1,3398175,177.95,2005,25,62.28,10.99
17999,Historical,117178,0,0,D,1,0,188854,106.4,2005,34,69.86,48.87
18000,Historical,234077,0,0,D,0,0,198701,59.95,1996,14,72.97,44.26
18001,Historical,52510,0,0,D,4,1,1368135,170.67,2008,79,78.99,11.95
18002,Historical,52507,1,2,D,5,1,252891,200,2010,113,78.99,28.94
18003,Historical,533616,0,0,D,5,1,104822,184.95,2012,91,93.49,38.71
18004,Historical,53090,0,0,D,3,1,658504,199.95,2008,54,93.49,17.88
18005,Historical,663586,1,1,D,6,1,15293,196.95,2014,63,93.49,76.97
18006,Historical,53091,0,0,D,4,1,431395,203.95,2010,52,93.49,34.96
18007,Historical,108759,0,0,D,4,1,318616,52.99,2005,35,208.7,52.27
18008,Historical,704961,1,1,D,3,1,867492,131.25,2003,22,208.7,48.99
18009,Historical,253964,0,0,D,5,1,403899,107,2009,209,58.99,19.11
18010,Historical,248749,0,0,D,4,1,1463546,84.95,2005,93,58.99,11.31
18011,Historical,561912,0,0,D,1,0,692676,364.95,2006,31,198.44,20.9
18012,Historical,2795192,0,0,D,2,1,851075,71,1980,18,82.06,114.99
18013,Historical,899283,0,0,D,1,0,1338989,132,2005,16,149.93,97.7
18014,Historical,155655,0,0,D,3,1,1091740,61.95,2006,31,90.83,50.97
18015,Historical,537339,1,1,D,6,1,832828,252.13,2012,46,59.68,153.98
18016,Historical,120864,1,1,D,5,1,301495,200,2010,91,59.68,18.99
18017,Historical,2788519,0,0,D,1,0,4392341,53.95,1989,27,32.13,26.99
18018,Historical,765438,0,0,D,2,1,8684556,186.95,2001,13,124.55,14.96
18019,Historical,177790,0,0,D,6,1,996619,169.95,2005,26,19.57,45.97
18020,Historical,147611,0,0,D,6,1,450097,85.95,2010,71,43.29,11.43
18021,Historical,3246200,0,0,D,2,1,4898412,88.58,2004,31,7.24,31.77
18022,Historical,60401,0,0,D,5,1,1215199,64.95,2005,65,43.29,12.99
18023,Historical,609472,0,0,D,2,1,1221880,239.95,2004,40,7.24,5.44
18024,Historical,3959829,0,0,D,3,1,2872616,0,2009,30,0,15.28
18025,Historical,55240,1,1,D,3,1,117968,110,2009,345,41.99,11.48
18026,Historical,55239,0,0,D,2,1,1195206,86.95,2005,108,41.99,7.98
18027,Historical,120882,0,0,D,5,1,252129,78.95,2007,68,26.79,17.94
18028,Historical,699079,0,0,D,8,1,4512934,107.75,2008,13,123.75,63.02
18029,Historical,60402,0,0,D,7,1,238131,50.75,2004,40,123.75,53
18030,Historical,270790,1,1,D,3,1,197856,83.99,2011,121,78.01,18.98
18031,Historical,204080,0,0,D,2,1,1276343,67.95,2007,62,78.01,19.43
18032,Historical,52009,0,0,D,16,1,546823,72.03,2008,87,125.48,35.77
18033,Historical,108860,0,0,D,15,1,1438695,122.5,2005,35,125.48,17.93
18034,Historical,52010,1,1,D,17,1,18906,50.96,2011,117,125.48,26.09
18035,Historical,52008,1,1,D,15,1,1850526,35.74,2005,38,125.48,35.71
18036,Historical,545802,1,3,D,4,1,217639,138,2012,53,107.47,41.42
18037,Historical,248100,1,2,D,3,1,383361,116,2010,52,107.47,40.78
18038,Historical,874509,0,0,D,3,1,1283522,116,2010,38,107.47,38.74
18039,Historical,201725,1,1,D,0,0,1578455,44.95,2009,25,17.37,46.89
18040,Historical,266849,0,0,D,0,0,1110980,44.99,2004,39,23.98,28.98
18041,Historical,1728244,0,0,D,1,0,1352800,59.95,2006,12,45.35,18.99
18042,Historical,271499,0,0,D,2,1,636426,68.95,2009,35,45.35,52.51
18043,Historical,224721,1,1,D,4,1,180560,206.95,2011,66,113.86,54.62
18044,Historical,169801,1,1,D,3,1,397527,217.95,2008,67,113.86,6.47
18045,Historical,228305,1,1,D,3,1,3140268,34.95,2002,21,0,7.98
18046,Historical,52562,1,1,D,4,1,118520,89,2006,172,58.88,13.99
18047,Historical,52563,1,1,D,5,1,8156,106,2010,159,58.88,12.57
18048,Historical,566253,0,0,D,1,0,131611,24.3,2012,48,49.98,18.56
18049,Historical,148601,1,2,D,1,0,1131392,245.95,2008,63,145.03,8.86
18050,Historical,544209,1,2,D,2,1,116358,223.95,2012,71,145.03,97.76
18051,Historical,621273,0,0,D,2,1,2642581,52,2009,22,4.94,22.49
18052,Historical,567383,1,1,D,3,1,765622,77.95,2006,25,40.07,48.43
18053,Historical,3553281,0,0,D,1,0,1132065,40,1983,26,0,50.96
18054,Historical,203921,1,1,D,6,1,471684,92.95,2007,75,60.03,35.24
18055,Historical,407702,0,0,D,1,0,2427427,62,1998,26,66.98,40.63
18056,Historical,293149,0,0,D,2,1,216564,82.95,2002,26,66.98,141.15
18058,Historical,656154,0,0,D,2,1,867989,65.95,2004,12,36.81,53.36
18060,Historical,874280,0,0,D,2,1,838739,92.95,2008,41,29.46,16
18061,Historical,224446,0,0,D,1,0,1815394,176.95,2004,66,29.46,9.77
18062,Historical,187976,0,0,D,2,1,1280339,77.95,1999,36,62.28,18.99
18063,Historical,144904,1,1,D,0,0,1434991,49.99,2005,42,37.42,8.69
18064,Historical,119128,0,0,D,6,1,182748,163.8,2010,54,85.49,23.99
18065,Historical,120659,0,0,D,5,1,114083,132,2008,56,85.49,43.83
18066,Historical,50897,0,0,D,5,1,16636,184.4,2011,101,133.99,18.68
18067,Historical,50898,1,3,D,4,1,127386,140,2008,137,133.99,31.8
18068,Historical,50896,0,0,D,3,1,897359,132,2006,107,133.99,20.98
18069,Historical,278030,0,0,D,3,1,47956,22,2003,361,16.46,6.87
18070,Historical,278031,0,0,D,4,1,12937,29.12,2005,394,16.46,8.87
18071,Historical,170463,0,0,D,2,1,216055,35.97,2007,68,66.98,24.2
18072,Historical,129374,0,0,D,0,0,144569,44.95,2010,48,18.06,42.23
18073,Historical,218095,0,0,D,3,1,2516405,45,2004,29,28.25,5.98
18074,Historical,431050,1,1,D,10,1,6574262,97.5,2005,20,40.45,64.35
18075,Historical,430996,0,0,D,9,1,4090172,77.5,2002,22,40.45,47.49
18076,Historical,148598,1,3,D,3,1,233213,270.95,2008,57,212.66,42.35
18077,Historical,178658,1,2,D,4,1,40965,321.95,2011,74,212.66,63.98
18078,Historical,60405,0,0,D,2,1,2406782,194.95,2006,42,212.66,42.42
18079,Historical,108345,0,0,D,5,1,1779901,9.98,2005,62,63.72,8.85
18080,Historical,285597,0,0,D,7,1,59965,93.99,2010,43,63.72,61.13
18081,Historical,110404,0,0,D,6,1,435645,16.94,2007,49,63.72,40.01
18082,Historical,56524,0,0,D,1,0,207511,29.95,2000,271,70.44,12.94
18083,Historical,234010,1,1,D,6,1,337123,70,2000,26,73.94,11.99
18084,Historical,2876379,0,0,D,6,1,3295625,131,1983,13,137,131
18085,Historical,890452,0,0,D,0,0,5132711,45,2011,15,45.04,10.95
18086,Historical,724284,0,0,D,0,0,1527569,85,2009,16,45.04,16.98
18087,Historical,875315,1,1,D,5,1,875586,77.5,2005,34,86.92,45.71
18088,Historical,622698,0,0,D,6,1,370334,80,2009,65,86.92,66.23
18089,Historical,149663,0,0,D,3,1,761016,42.95,2010,25,44.9,39.85
18090,Historical,613445,1,5,D,2,1,144601,38,1994,86,33.33,59.98
18091,Historical,2317907,0,0,D,2,1,3773904,41.5,1991,29,38.04,42.97
18092,Historical,642759,0,0,D,14,1,4058374,109.95,2005,19,74.23,61.73
18093,Historical,647230,0,0,D,15,1,1544571,87.95,2011,12,74.23,25.54
18094,Historical,200579,0,0,D,1,0,214044,65.95,2010,28,42.43,27.88
18095,Historical,635890,0,0,D,1,0,1834760,185,2002,27,162.13,158.67
18096,Historical,117682,0,0,D,3,1,144174,126.67,2005,28,60.99,51.09
18097,Historical,299927,1,1,D,3,1,418918,40.95,2001,43,35.9,43.12
18098,Historical,566463,0,0,D,1,0,1519577,49.95,1993,35,0,0
18099,Historical,3547202,0,0,D,1,0,359477,60.95,2000,29,0,7.27
18100,Historical,914626,0,0,D,1,0,3866672,60,2002,36,52.07,18.98
18101,Historical,915012,0,0,D,2,1,2111724,73.95,2007,30,52.07,13.94
18102,Historical,2871058,0,0,D,0,0,6286237,6.42,1997,14,38.99,6.42
18103,Historical,183708,1,1,D,11,1,2310508,182.95,2005,49,15.74,65.29
18105,Historical,142043,1,1,D,2,1,9124,36.98,2011,148,84.12,19.49
18106,Historical,54516,1,1,D,1,0,314977,11.32,2008,138,84.12,8.77
18107,Historical,142171,1,1,D,1,0,1090245,62.97,2010,89,84.12,10.12
18108,Historical,828432,0,0,D,2,1,4789762,47,2002,15,20.36,43.98
18109,Historical,367627,0,0,D,2,1,2184454,65,2005,35,20.36,16.8
18110,Historical,2646813,0,0,D,2,1,1257242,68.95,1993,33,34.86,41.9
18111,Historical,231566,0,0,D,4,1,575933,99.95,2001,53,83.56,20.68
18112,Historical,830734,0,0,D,3,1,1621054,64.95,1992,43,83.56,13.99
18113,Historical,872332,0,0,D,0,0,156981,52,1984,40,27.99,132.47
18114,Historical,3116403,0,0,D,0,0,6983777,249,2005,14,294.29,86.54
18115,Historical,2335710,1,4,D,7,1,265362,43.5,1994,100,85.99,39.99
18116,Historical,920970,0,0,D,8,1,103856,56.1,2000,42,85.99,28.98
18117,Historical,723081,1,1,D,0,0,1928545,85.95,2008,26,60.85,16.49
18118,Historical,557594,0,0,D,3,1,355119,85.2,2010,35,60.53,18.35
18119,Historical,253972,1,2,D,1,0,590138,74.95,2010,72,54.24,18.98
18120,Historical,2559193,0,0,D,1,0,1185672,65,1991,20,43.83,53.57
18121,Historical,1592592,0,0,D,1,0,2301913,154.99,2007,12,95.11,110.39
18122,Historical,902830,0,0,D,7,1,3426369,59.95,2003,17,0,0
18123,Historical,167018,0,0,D,0,0,1790726,140,2005,21,81.79,115.03
18124,Historical,1575153,0,0,D,4,1,5015282,80.95,2010,21,63.94,55.61
18125,Historical,609642,0,0,D,4,1,484454,168.95,2010,87,63.5,41.98
18126,Historical,1575096,0,0,D,4,1,411070,113.95,2010,63,63.94,11.99
18127,Historical,3590804,0,0,D,2,1,4389204,72,2002,12,0,20
18128,Historical,2561956,0,0,D,0,0,5136540,0,1981,17,48.83,144.25
18129,Historical,60406,0,0,D,3,1,1038638,54.95,2004,24,50.15,67.36
18130,Historical,577405,1,2,D,0,0,519901,56.95,2009,36,22.14,20.11
18131,Historical,867996,0,0,D,2,1,2030523,96.95,1994,35,27.26,28.99
18132,Historical,121618,0,0,D,3,1,105706,76.8,2009,58,61.52,97.47
18133,Historical,176593,0,0,D,2,1,64584,166.95,1996,65,120.69,80.48
18134,Historical,117902,1,2,D,2,1,311421,53.67,2005,28,61.52,36.63
18135,Historical,231551,1,3,D,1,0,1336827,87.95,2004,26,99.34,39.01
18136,Historical,192786,1,1,D,2,1,669998,64.95,2002,61,34.99,13.99
18137,Historical,627940,0,0,D,1,0,1599664,69.95,1997,22,26.13,106.33
18138,Historical,159587,0,0,D,1,0,2037729,134,2008,10,106.7,183.98
18139,Historical,911111,0,0,D,2,1,657995,44.95,2000,25,43.48,36.64
18140,Historical,912471,0,0,D,0,0,1383096,55,1986,29,43.48,56.57
18141,Historical,2430357,0,0,D,0,0,6028211,112,1996,22,31.97,7.24
18142,Historical,60407,0,0,D,3,1,547325,293.95,2006,42,28.99,12.55
18143,Historical,179164,0,0,D,4,1,60807,304.95,2008,85,28.99,25
18144,Historical,57561,1,9,D,4,1,11823,217.6,2010,89,115.99,78.99
18145,Historical,57563,0,0,D,3,1,77280,126.25,2006,122,115.99,65.49
18146,Historical,2380834,0,0,D,0,0,6836193,0,1974,14,9.01,73.71
18147,Historical,264646,1,1,D,1,0,555327,100.95,2009,51,42.14,18.15
18148,Historical,530142,0,0,D,20,1,48812,33.33,2010,261,185.99,22.24
18149,Historical,416615,1,1,D,19,1,279566,18.88,2008,189,185.99,23.56
18150,Historical,244957,0,0,D,2,1,2036909,246.95,2003,78,60.54,8.52
18151,Historical,50772,0,0,D,3,1,311677,81.95,2008,79,35.98,27.09
18152,Historical,50770,1,1,D,2,1,2115909,59.95,2004,68,35.98,12.91
18153,Historical,113753,0,0,D,2,1,2329914,122.67,2000,27,54.13,14.66
18154,Historical,3616701,0,0,D,3,1,2901489,72,2001,33,0,10.43
18155,Historical,877055,0,0,D,7,1,2775467,101.25,2010,38,165.76,30.22
18156,Historical,50758,1,6,D,7,1,135961,35.94,2010,119,165.76,36.95
18157,Historical,203480,0,0,D,5,1,2839707,169,2003,21,122.31,11.97
18158,Historical,276839,1,2,D,1,0,855612,48.36,1996,38,50.58,44.43
18159,Historical,54025,0,0,D,5,1,1004530,7.89,2008,70,118.99,12.58
18160,Historical,144836,1,1,D,3,1,2014336,110.67,2004,20,84.54,11.99
18161,Historical,534332,0,0,D,3,1,124913,0,1984,68,132.35,55.49
18162,Historical,113136,0,0,D,3,1,671661,109,2008,35,42.74,39.99
18163,Historical,159440,1,1,D,2,1,1760249,58.95,2001,40,35.18,45.49
18164,Historical,159464,0,0,D,3,1,714559,90.95,2005,45,35.18,48.86
18165,Historical,113477,0,0,D,2,1,1576513,99.95,2002,45,42.74,42.16
18166,Historical,60410,0,0,D,5,1,1072973,367.95,2006,43,37,32.64
18167,Historical,566685,0,0,D,2,1,2296438,156,1993,21,64.52,44.21
18168,Historical,544704,1,1,D,8,1,58967,275.95,2013,76,98.99,82.9
18169,Historical,54182,0,0,D,7,1,98726,285.95,2010,78,98.99,23.98
18170,Historical,54181,1,2,D,6,1,535965,274.95,2007,133,98.99,17.58
18171,Historical,50752,1,5,D,5,1,117875,22,2007,210,89.76,14.36
18172,Historical,50755,1,1,D,6,1,28799,58.24,2010,180,89.76,49.12
18173,Historical,286179,0,0,D,0,0,375305,52.2,2007,57,0,0
18174,Historical,608287,0,0,D,3,1,697761,101.97,1982,17,83.87,63.98
18175,Historical,530133,0,0,D,2,1,518660,85,2010,27,70.57,41.99
18176,Historical,161483,0,0,D,1,0,2656385,90,2006,26,70.57,24.94
18177,Historical,52829,0,0,D,3,1,1680053,5.98,2008,43,118.99,10.47
18178,Historical,52830,0,0,D,4,1,964839,55.28,2010,84,118.99,28.97
18179,Historical,871896,1,2,D,5,1,181071,900,2010,33,170.57,25.94
18180,Historical,108740,0,0,D,4,1,134532,185.77,2005,40,170.57,73.94
18181,Historical,203408,0,0,D,3,1,2505583,179,2002,21,178.99,168.66
18182,Historical,176979,0,0,D,4,1,234899,169.95,2003,28,125.31,51.5
18183,Historical,169820,1,1,D,5,1,456590,266.95,2008,46,48.82,11.91
18184,Historical,177033,0,0,D,4,1,3714660,266.95,2005,19,48.82,7.94
18185,Historical,101429,1,2,D,8,1,248088,429.95,2003,46,104.98,71.99
18186,Historical,243812,0,0,D,3,1,579059,113.95,2009,44,83.57,37.49
18187,Historical,54166,1,4,D,3,1,522862,122.95,2009,93,83.57,43.03
18188,Historical,145747,1,3,D,8,1,99077,225.33,2008,329,147.46,31.49
18189,Historical,163784,1,3,D,1,0,130956,0,1995,13,291.89,53.98
18190,Historical,118288,0,0,D,6,1,62641,199,2010,53,163.98,104.46
18191,Historical,286136,0,0,D,0,0,375238,123,2003,35,4,23.35
18192,Historical,118884,0,0,D,5,1,447468,152,2006,49,163.98,59.13
18193,Historical,640592,0,0,D,2,1,2466160,75.99,2009,15,31.53,73.42
18194,Historical,2361935,0,0,D,1,0,995726,133,2005,17,64.98,73.97
18195,Historical,287842,0,0,D,0,0,967060,90,1995,20,40.65,80.53
18196,Historical,194064,1,1,D,2,1,221520,64,2005,39,29.99,48.29
18197,Historical,50749,1,1,D,7,1,109441,269.95,2010,71,197.99,113.99
18198,Historical,50748,0,0,D,6,1,139980,332.95,2005,54,197.99,53.84
18199,Historical,916322,0,0,D,2,1,1164046,69.95,1998,31,70.24,23.97
18200,Historical,248729,0,0,D,3,1,185117,95.95,2005,22,70.24,71.54
18201,Historical,50698,1,4,D,3,1,510246,99,1998,109,79.92,28.9
18202,Historical,50699,0,0,D,4,1,173607,110,2003,107,79.92,41.96
18203,Historical,300402,0,0,D,4,1,954715,177,2008,22,63.79,74.84
18204,Historical,54633,1,1,D,7,1,1461573,115.83,2007,50,150.45,177.85
18205,Historical,54634,0,0,D,8,1,400805,245.95,2008,64,150.45,55.77
18206,Historical,148648,0,0,D,2,1,840265,240.95,2009,37,118.01,18.96
18207,Historical,54631,0,0,D,6,1,2392986,254.95,2004,58,150.45,13.98
18208,Historical,629205,0,0,D,4,1,292764,139.95,2012,47,11.44,43.71
18209,Historical,193672,0,0,D,3,1,394494,83.95,2009,38,11.44,46.23
18210,Historical,193693,0,0,D,4,1,177231,129.95,2010,32,98.96,38.5
18211,Historical,193568,1,2,D,3,1,2051379,106.95,2007,30,98.96,73.01
18212,Historical,381824,1,1,D,4,1,38425,157.95,2011,66,77.99,68.39
18213,Historical,55236,1,5,D,4,1,93380,137.95,2011,40,77.99,77.24
18214,Historical,55235,0,0,D,2,1,1639634,95.95,2005,27,77.99,14.58
18215,Historical,107615,0,0,D,4,1,1597561,137.25,2003,36,55.93,8.99
18216,Historical,624171,0,0,D,0,0,1617941,50,2005,35,25.93,7.21
18217,Historical,131737,0,0,D,3,1,273089,101.67,2003,42,100.06,29.96
18218,Historical,152895,0,0,D,3,1,754271,79.95,1998,71,35.77,8.91
18219,Historical,300531,1,1,D,0,0,1596032,49.95,2007,30,38.96,23.96
18220,Historical,247755,0,0,D,1,0,538088,82.95,2007,32,82.71,18.89
18221,Historical,248110,0,0,D,2,1,332190,102,2011,65,82.71,18.77
18222,Historical,224636,0,0,D,2,1,725958,70,2009,71,55.98,18.94
18223,Historical,515169,0,0,D,1,0,442647,204,2004,32,112.37,64.77
18224,Historical,248835,1,1,D,3,1,386259,74.95,2005,40,59.42,15.89
18225,Historical,253973,1,1,D,4,1,280196,86.95,2010,30,59.42,40.6
18226,Historical,553345,1,1,D,2,1,579245,98,1993,31,59.47,45.47
18227,Historical,915062,0,0,D,1,0,2382940,70,1989,14,53.35,74.24
18228,Historical,260319,0,0,D,3,1,330876,109.95,2009,31,51.94,49.02
18229,Historical,875657,1,1,D,1,0,3536838,168.95,1995,17,157.76,9.19
18230,Historical,244950,0,0,D,2,1,181236,267.95,2003,32,157.76,12.99
18231,Historical,183687,0,0,D,1,0,1392916,220.95,2007,40,72.92,26.7
18232,Historical,577298,0,0,D,1,0,3972091,228,1999,16,112.61,89.36
18233,Historical,111920,0,0,D,7,1,15913,96.33,2011,112,148.28,49.25
18234,Historical,50723,1,2,D,9,1,58699,45.06,2009,126,40.87,9.49
18235,Historical,163356,1,1,D,2,1,129137,70.49,2011,85,135.49,43.94
18236,Historical,111606,1,1,D,10,1,14202,354.25,2012,128,40.87,45.38
18237,Historical,130118,0,0,D,1,0,1120380,236.67,2009,64,147.94,9.9
18238,Historical,448276,0,0,D,1,0,585623,33.43,2008,80,135.49,33.19
18239,Historical,50716,0,0,D,6,1,106850,42.28,2008,50,148.28,27.99
18240,Historical,50722,1,3,D,9,1,31974,64.67,2009,92,40.87,45.94
18241,Historical,538786,0,0,D,4,1,9185,340.75,2013,79,56.06,33.99
18242,Historical,51924,1,1,D,3,1,67231,26.49,2010,95,56.06,26.49
18243,Historical,51925,1,1,D,2,1,236988,22.92,2007,67,56.06,22.97
18244,Historical,2882536,0,0,D,0,0,899732,85,1992,34,153.99,253.35
18245,Historical,200401,0,0,D,1,0,466706,93.95,2009,31,59.4,13.99
18246,Historical,341821,1,1,D,1,0,1115157,166.75,2004,48,68.84,8.79
18247,Historical,120767,1,1,D,6,1,28375,177.2,2010,72,149.92,66.49
18248,Historical,145310,0,0,D,5,1,57977,138,2006,67,149.92,42.52
18249,Historical,56054,0,0,D,7,1,185897,133.33,2008,28,92.6,59.23
18250,Historical,56058,0,0,D,5,1,1051495,141.33,2007,32,55.99,114.35
18251,Historical,56056,0,0,D,4,1,806868,137.33,2003,39,55.99,23.72
18252,Historical,56057,0,0,D,5,1,941201,164,2010,26,55.99,37.74
18253,Historical,56052,0,0,D,6,1,631234,128,2003,59,92.6,24.99
18254,Historical,108190,1,1,D,1,0,1175303,40.97,2002,35,156.49,18.99
18255,Historical,110939,0,0,D,2,1,228007,231.75,2007,48,156.49,48.99
18256,Historical,107741,0,0,D,2,1,896066,8.91,2004,23,68.99,8.91
18257,Historical,530120,1,1,D,5,1,361726,248.95,2006,49,141.98,23.99
18258,Historical,571331,0,0,D,1,0,920164,93.2,2010,13,85.5,36.48
18259,Historical,116333,0,0,D,6,1,1069770,122.13,2010,31,72.24,104.09
18260,Historical,118683,1,1,D,5,1,1308835,91,2007,76,72.24,9.95
18261,Historical,121196,0,0,D,6,1,280414,108.8,2010,71,72.24,56.75
18262,Historical,178707,0,0,D,5,1,946248,282.95,2011,52,33.98,48.95
18263,Historical,572118,0,0,D,3,1,2831584,183.95,2005,27,33.98,13.77
18264,Historical,183778,0,0,D,4,1,499292,269.95,2008,40,33.98,33.99
18265,Historical,250597,0,0,D,3,1,729864,109.95,2009,35,70.63,66.15
18266,Historical,585256,0,0,D,1,0,545762,167.99,1983,20,129,145.83
18267,Historical,699042,0,0,D,0,0,2973097,85.75,2008,13,0,66.79
18268,Historical,2319492,0,0,D,0,0,4458983,63.75,1995,25,13.76,52.29
18269,Historical,3132627,0,0,D,0,0,8915409,75,2005,13,34.67,119.81
18270,Historical,1779666,0,0,D,1,0,1369494,68.07,2013,11,0,74.94
18271,Historical,312907,1,3,D,0,0,1886188,112,2003,42,119.82,24.43
18272,Historical,118398,0,0,D,2,1,716015,155,2008,29,119.82,96.32
18273,Historical,175422,0,0,D,0,0,3047250,53,2001,14,43.97,37.99
18274,Historical,51574,0,0,D,7,1,22907,155.29,2010,69,158.49,103.98
18275,Historical,244362,0,0,D,7,1,434508,36.55,2011,32,43.68,49.47
18276,Historical,51577,1,1,D,6,1,87710,107.77,2007,78,158.49,71.87
18277,Historical,51575,1,5,D,5,1,308128,61.65,2003,75,158.49,75
18278,Historical,879236,0,0,D,3,1,1638539,9.97,2003,24,35.22,9.97
18279,Historical,118738,0,0,D,3,1,187201,58.33,2007,59,35.22,31.67
18280,Historical,890252,0,0,D,0,0,482607,49.95,2009,10,48.65,39.42
18282,Historical,914500,0,0,D,1,0,5768317,73.95,1993,24,78.99,44.86
18283,Historical,129458,1,2,D,2,1,21492,34.95,2011,105,22.26,19.28
18284,Historical,906152,0,0,D,0,0,4757379,68,2007,20,43.99,53.68
18285,Historical,551179,0,0,D,4,1,15261,369.5,2012,119,143.03,18.98
18286,Historical,111238,0,0,D,3,1,199081,15.98,2010,110,143.03,10.94
18287,Historical,178711,1,2,D,13,1,8030,307.95,2012,126,193.94,37.48
18288,Historical,541104,1,1,D,12,1,1973081,228.95,2009,25,193.94,73.21
18289,Historical,50340,0,0,D,12,1,53510,250,2009,117,193.94,33.99
18290,Historical,312700,0,0,D,11,1,1116151,0,2003,38,40.96,29.58
18291,Historical,53221,1,2,D,5,1,363606,229.95,2006,136,133.19,10.99
18292,Historical,53222,1,2,D,6,1,63562,220.95,2008,148,133.19,12.56
18293,Historical,1782657,0,0,D,7,1,1821705,263.95,2011,10,136.87,272.95
18294,Historical,1829833,1,1,D,8,1,890618,169.95,2014,14,136.87,97.55
18295,Historical,50339,0,0,D,11,1,582418,416.95,2006,131,193.94,19
18296,Historical,137498,0,0,D,12,1,1660979,146.67,2004,46,40.96,14.99
18297,Historical,117286,1,4,D,1,0,1242764,98.67,2009,38,92.4,6.59
18298,Historical,918666,0,0,D,1,0,2622320,31.95,2005,29,70.35,16.99
18299,Historical,200509,0,0,D,2,1,415970,138.95,2008,48,70.35,43.99
18300,Historical,778515,0,0,D,1,0,2717570,137.95,2006,36,70.35,21.76
18301,Historical,200001,0,0,D,0,0,2821124,58.95,2004,15,44.56,28.98
18302,Historical,530114,0,0,D,2,1,502921,61.95,2008,35,44.56,28.68
18303,Historical,163457,0,0,D,6,1,450007,90.27,2010,37,212.85,104.5
18304,Historical,290440,1,1,D,3,1,1218941,49.17,1999,32,212.85,24.9
18305,Historical,113033,1,1,D,1,0,984181,84.95,2006,42,34.39,22.27
18306,Historical,113180,0,0,D,2,1,65828,99.95,2010,80,34.39,52.6
18307,Historical,266680,0,0,D,2,1,3144992,95,2004,18,80.27,109.91
18308,Historical,118909,0,0,D,6,1,1291647,46.67,2007,46,112.97,43.99
18309,Historical,117164,0,0,D,1,0,2026630,102,2006,33,47.13,35.99
18310,Historical,146262,0,0,D,2,1,329754,99.99,2009,40,47.13,45.83
18311,Historical,50704,1,2,D,5,1,200976,178.2,2006,142,73.06,22.09
18312,Historical,50705,1,1,D,6,1,36685,210.4,2009,168,73.06,109.09
18313,Historical,164275,0,0,D,3,1,1857156,32.86,2004,30,36.49,30.15
18314,Historical,582516,1,1,D,1,0,2462056,63.95,1991,19,94.49,73.98
18315,Historical,2261748,0,0,D,2,1,3605625,72,2006,42,49.94,42.68
18316,Historical,156872,0,0,D,0,0,3205407,61.95,2002,20,49.94,23.73
18317,Historical,543796,1,1,D,4,1,828495,238.95,2012,32,113.94,120.63
18318,Historical,550151,1,3,D,4,1,2222003,12.99,2004,28,132.16,9.72
18319,Historical,109654,0,0,D,5,1,72523,101.66,2005,41,132.16,72.99
18320,Historical,109492,0,0,D,5,1,85687,18.74,2005,30,132.16,27.99
18321,Historical,147269,0,0,D,0,0,728831,91.95,2006,68,63.04,81.21
18322,Historical,260012,0,0,D,1,0,309840,112,2009,55,98.98,38.98
18323,Historical,113541,0,0,D,4,1,269297,46.95,2000,78,38.91,13.93
18324,Historical,762302,0,0,D,6,1,123485,0,2006,18,130.95,255.33
18325,Historical,164845,1,1,D,4,1,134703,65.93,1996,67,103.99,55.57
18326,Historical,759617,0,0,D,0,0,261448,120,2001,29,130.95,18.93
18327,Historical,344371,0,0,D,1,0,944273,95,2007,28,57.93,49.99
18328,Historical,108290,0,0,D,3,1,615460,61.62,2004,36,34.68,38.49
18329,Historical,192100,0,0,D,6,1,26575,48.96,2008,113,89.75,57.72
18330,Historical,177200,0,0,D,3,1,326750,328.95,2005,62,103.98,81.8
18331,Historical,632587,0,0,D,10,1,1772607,92.11,2009,19,103.98,66.87
18332,Historical,539399,0,0,D,3,1,68451,230.4,2013,83,147.17,58.94
18333,Historical,50767,1,3,D,3,1,298527,7.99,2008,127,118.99,19.94
18334,Historical,120678,0,0,D,1,0,1699666,188.2,2008,32,147.17,48.45
18335,Historical,50768,0,0,D,4,1,33046,18.89,2010,132,118.99,33.85
18336,Historical,231681,1,2,D,5,1,249784,173.32,2001,36,202.84,179.09
18337,Historical,544428,0,0,D,7,1,64695,210.95,2013,65,129.31,41.23
18338,Historical,56048,1,1,D,4,1,1740587,111.95,2007,62,129.31,7.91
18339,Historical,56046,0,0,D,6,1,217136,210.95,2011,83,129.31,23.97
18340,Historical,2569442,0,0,D,1,0,881127,273,1990,24,0,93.88
18341,Historical,245256,0,0,D,1,0,637086,122.95,2004,25,192.48,80.57
18343,Historical,740931,0,0,D,10,1,493130,200,2007,40,113.75,26.17
18344,Historical,50774,1,2,D,10,1,822989,206.67,2007,36,113.75,137.51
18345,Historical,110967,1,3,D,9,1,594277,43.44,2007,37,127.01,43.98
18346,Historical,110398,0,0,D,9,1,358518,269.1,2007,30,127.01,53.14
18347,Historical,54303,0,0,D,5,1,385435,50.9,2008,53,140.49,16.43
18348,Historical,50780,1,1,D,5,1,723544,187.19,2008,41,140.49,49.99
18349,Historical,279015,0,0,D,4,1,3426462,84,2004,39,72.34,6.59
18350,Historical,603224,0,0,D,5,1,2918011,10,2008,26,72.34,10
18351,Historical,298682,0,0,D,4,1,96846,199.95,2008,53,74.94,38.82
18352,Historical,828617,0,0,D,0,0,3265472,48,2005,18,18.92,16.87
18353,Historical,546231,1,3,D,1,0,381157,98.5,2008,46,52.98,5.88
18354,Historical,293223,0,0,D,7,1,132686,182.95,2011,64,77.87,14.1
18355,Historical,2252470,1,1,D,6,1,4439887,36.02,2008,47,77.87,14.15
18356,Historical,193595,0,0,D,6,1,937449,123.95,2008,58,77.87,6.87
18357,Historical,875169,0,0,D,6,1,2205885,301.95,2009,26,93.9,273.46
18358,Historical,56041,0,0,D,6,1,479012,331.95,2009,36,93.9,114.93
18359,Historical,760229,0,0,D,3,1,3321871,65.85,2003,27,154,52.1
18360,Historical,166507,1,1,D,4,1,318885,105.19,2005,29,154,78.99
18361,Historical,61190,0,0,D,3,1,1262982,63.43,2000,35,154,28.99
18362,Historical,119213,1,1,D,8,1,32866,237.6,2012,96,118.88,37.91
18363,Historical,178699,0,0,D,6,1,507609,286.95,2011,58,176.98,71.34
18364,Historical,544419,1,10,D,7,1,23617,260.95,2013,90,176.98,32.99
18365,Historical,50746,1,3,D,7,1,103792,185.4,2010,47,118.88,67.51
18366,Historical,183705,0,0,D,5,1,1088540,208.95,2007,71,176.98,15.95
18367,Historical,147977,0,0,D,7,1,6003890,216.95,2002,28,16.98,10.31
18368,Historical,52980,0,0,D,8,1,792648,276.95,2005,45,16.98,50.99
18369,Historical,583995,1,1,D,2,1,1066481,83,2002,29,93.99,23.99
18370,Historical,162466,0,0,D,3,1,1239379,187.45,2008,19,111.99,84.3
18372,Historical,290867,0,0,D,9,1,100692,291.95,2006,32,35,92.41
18373,Historical,164306,0,0,D,2,1,2142435,151,2002,20,98.74,36.18
18374,Historical,549864,0,0,D,1,0,507181,25.95,2001,58,28.47,30.39
18375,Historical,543118,0,0,D,3,1,832081,39.95,2005,115,4,6.89
18376,Historical,582132,1,1,D,2,1,3565535,84.95,1988,13,27.64,105.49
18377,Historical,200467,0,0,D,1,0,1422220,221.95,2009,62,5.19,8.99
18378,Historical,591308,0,0,D,1,0,966820,218.95,2002,40,53.46,24.98
18379,Historical,530095,1,1,D,2,1,792853,150.55,2003,18,137.41,71.09
18380,Historical,162832,0,0,D,4,1,164962,88.85,2010,54,137.41,99
18381,Historical,269967,0,0,D,5,1,1542018,175,2006,46,49.98,18.93
18382,Historical,2502434,0,0,D,1,0,314126,79.95,2001,10,77.44,23.99
18383,Historical,174015,1,1,D,0,0,1053810,84,1998,21,55.79,48.55
18384,Historical,165056,0,0,D,1,0,261344,38.98,2006,42,27.54,30.99
18385,Historical,162101,0,0,D,5,1,248807,88.56,2007,69,153.44,96.65
18386,Historical,551924,0,0,D,1,0,714280,127.4,2003,29,76.99,37.99
18387,Historical,118283,1,1,D,4,1,53973,261.2,2011,79,141.8,67.31
18388,Historical,50370,0,0,D,3,1,238629,202.67,2009,67,141.8,40.99
18389,Historical,50369,0,0,D,2,1,2341688,149.33,2005,32,141.8,14.98
18390,Historical,566564,1,1,D,5,1,290097,75,2001,46,42.84,25.77
18391,Historical,210918,0,0,D,2,1,1093222,86,2005,64,46.74,8.98
18392,Historical,536017,0,0,D,3,1,339735,99,2010,108,46.74,18.95
18393,Historical,118966,0,0,D,5,1,914025,95.4,2008,27,84.14,27.28
18394,Historical,285950,0,0,D,4,1,771750,95.6,2003,22,84.14,27.94
18395,Historical,602591,0,0,D,1,0,1441314,59,2005,16,0,34.14
18396,Historical,563075,0,0,D,5,1,287447,84.95,2003,32,65.23,31.96
18397,Historical,221739,0,0,D,1,0,3080693,99.95,2002,19,88.05,72.99
18398,Historical,530086,1,3,D,8,1,2152,135,2012,523,25.49,20.94
18399,Historical,50702,1,1,D,6,1,343704,112.95,2008,153,22.19,9.2
18400,Historical,211060,0,0,D,2,1,148429,169.95,2010,68,8.39,79.33
18401,Historical,501034,0,0,D,7,1,1153453,190.78,2013,31,73.09,113.99
18402,Historical,57520,0,0,D,6,1,366702,109.95,2006,245,73.09,6.74
18403,Historical,908989,1,1,D,7,1,1145747,41.97,2011,44,73.09,24.12
18404,Historical,578923,0,0,D,1,0,1425707,95.95,2007,49,8.39,10.9
18405,Historical,52567,1,1,D,7,1,777328,9.25,2009,189,25.49,9.25
18406,Historical,147691,0,0,D,7,1,937829,115,2010,37,25.49,15.78
18407,Historical,534531,1,3,D,7,1,30569,134.99,2012,149,22.19,17.36
18408,Historical,57521,1,4,D,7,1,24026,127.99,2010,671,73.09,12.48
18409,Historical,913157,0,0,D,1,0,519584,21.5,2010,38,32.99,13.99
18410,Historical,211010,0,0,D,1,0,647265,75.95,2010,70,32.99,11.95
18411,Historical,147632,1,1,D,7,1,132515,110,2008,611,25.49,8.98
18412,Historical,530088,0,0,D,2,1,499012,68.95,2010,213,175.02,9.5
18413,Historical,210922,0,0,D,0,0,2155058,56.95,2006,81,175.02,5.93
18414,Historical,211031,0,0,D,2,1,512775,59.95,2010,164,16.98,7.99
18415,Historical,210923,0,0,D,1,0,2340622,49.95,2006,70,16.98,6.87
18416,Historical,270849,1,1,D,5,1,339943,91,2010,42,53.3,70.28
18417,Historical,296351,0,0,D,4,1,1514214,96,2006,40,53.3,44.87
18418,Historical,231207,0,0,D,4,1,1758460,89,2001,28,73.98,59.23
18419,Historical,227766,1,1,D,3,1,378155,95,2006,36,26.98,11.99
18420,Historical,227508,0,0,D,1,0,4689160,109.95,2002,16,65.49,68.25
18421,Historical,176990,1,1,D,5,1,1914705,366.95,2002,47,48.97,46.95
18422,Historical,169203,0,0,D,6,1,549683,346.95,2006,76,48.97,22.84
18423,Historical,287638,0,0,D,8,1,36625,137.8,2011,50,88.5,79.85
18424,Historical,530082,0,0,D,7,1,831834,121.2,2008,59,88.5,21.84
18425,Historical,131999,0,0,D,6,1,1581157,96.2,2005,58,88.5,18.62
18426,Historical,3048454,1,1,D,5,1,2456022,58.5,1998,15,151.49,41.99
18427,Historical,265928,0,0,D,7,1,1182890,113,2005,16,38.24,43.99
18428,Historical,276508,0,0,D,2,1,1186807,55,2004,35,61.48,32.99
18429,Historical,533358,1,2,D,7,1,237163,109.99,2012,184,47.21,16
18430,Historical,56471,1,2,D,6,1,864667,91.95,2007,133,47.21,11.99
18431,Historical,585154,0,0,D,4,1,771447,84,1997,24,0,64.94
18432,Historical,245076,1,3,D,1,0,789891,114.95,2004,48,39.87,51.49
18433,Historical,117961,0,0,D,6,1,895414,91.8,2005,35,64.62,22.99
18434,Historical,132747,0,0,D,7,1,239928,104.4,2009,31,64.62,40.59
18435,Historical,119292,1,2,D,3,1,263370,229.4,2011,43,133.99,130.09
18436,Historical,533998,0,0,D,2,1,475766,132,2004,75,133.99,35.49
18437,Historical,119171,1,2,D,3,1,32090,181.8,2011,110,133.99,82.71
18438,Historical,621756,0,0,D,1,0,720508,138,1991,43,93.98,63.15
18439,Historical,178872,1,2,D,1,0,297210,176.95,2010,59,68.29,54.63
18440,Historical,50075,0,0,D,8,1,229556,155.6,2007,85,176.49,57.34
18441,Historical,54267,1,1,D,8,1,275641,174.99,2007,87,168.57,82.85
18442,Historical,530074,0,0,D,9,1,465703,62.46,2010,40,65.37,26.99
18443,Historical,165815,0,0,D,7,1,1337550,0,2005,44,65.37,50.51
18444,Historical,608213,1,2,D,8,1,345453,59.99,2007,76,70.62,22.27
18445,Historical,162974,0,0,D,9,1,33577,88.98,2010,91,70.62,77.03
18446,Historical,162975,1,1,D,9,1,163805,103.98,2010,51,88.35,78.29
18447,Historical,608214,0,0,D,8,1,199958,35.33,2007,54,88.35,43.65
18448,Historical,889439,0,0,D,1,0,1892977,162.5,1997,11,156.24,221.39
18449,Historical,128961,0,0,D,8,1,3371150,100,2005,32,25.86,14.24
18450,Historical,113661,0,0,D,2,1,986311,101.33,1999,30,53.99,17.39
18451,Historical,162427,1,2,D,3,1,416305,176,2008,35,85.66,90.14
18452,Historical,3242660,0,0,D,3,1,3599231,112.55,1998,36,58.16,117.42
18453,Historical,757121,0,0,D,3,1,858864,140.5,1998,22,58.16,61.23
18454,Historical,106189,0,0,D,1,0,840355,110,2005,21,73.27,64.89
18455,Historical,612394,0,0,D,11,1,198503,56.85,2013,23,45.81,685.5
18456,Historical,250389,0,0,D,9,1,1534720,55.19,2004,43,45.81,14.28
18457,Historical,650559,0,0,D,2,1,3046210,119,2006,16,65.98,25.99
18458,Historical,112808,0,0,D,1,0,849829,118,2005,28,22.98,66.85
18459,Historical,530069,0,0,D,2,1,602867,131,2009,27,22.98,48.99
18460,Historical,247980,0,0,D,1,0,1195887,69.95,2008,62,64.24,10.26
18461,Historical,248237,0,0,D,2,1,122686,93,2011,145,64.24,39.68
18462,Historical,165278,1,1,D,1,0,852375,85,2002,29,70.96,24.26
18463,Historical,166591,0,0,D,2,1,313467,110,2006,27,70.96,36.87
18464,Historical,161856,0,0,D,10,1,122080,33.98,2007,64,8.99,30.99
18465,Historical,575616,0,0,D,0,0,2030544,70,2010,14,48.09,53.99
18466,Historical,564267,1,1,D,0,0,3343838,35,1979,19,80.82,76.77
18467,Historical,202401,0,0,D,1,0,251450,195.95,2004,35,44.31,22.74
18468,Historical,110709,0,0,D,12,1,77744,41.84,2010,51,133.73,53.99
18469,Historical,109525,0,0,D,9,1,1546035,0,2005,33,133.73,22
18470,Historical,534014,0,0,D,11,1,418298,21.98,2008,43,133.73,21.97
18471,Historical,60419,1,3,D,10,1,2199746,12.21,2007,40,133.73,16.72
18472,Historical,280649,0,0,D,3,1,4010973,69.95,2004,17,53.99,74.89
18473,Historical,889908,0,0,D,3,1,4479746,79.95,2005,12,53.99,109.55
18474,Historical,551639,0,0,D,2,1,2136866,128,2000,29,113.93,45.19
18475,Historical,3272412,0,0,D,3,1,5121423,110.66,2005,32,57.94,143.79
18476,Historical,204150,0,0,D,1,0,1215877,147,2007,21,96.63,83.87
18477,Historical,247905,0,0,D,0,0,909160,98,2009,53,60.29,18.98
18478,Historical,152285,0,0,D,2,1,1773112,94,2006,17,103.98,51.86
18479,Historical,275839,0,0,D,3,1,607333,94.91,2007,39,52.07,53.67
18480,Historical,161820,1,1,D,2,1,1022603,43.44,2008,40,117.85,39.8
18481,Historical,163050,0,0,D,3,1,102845,42.66,2010,31,117.85,60.99
18482,Historical,146258,0,0,D,3,1,66321,142.67,2010,299,44.44,19.61
18483,Historical,60420,1,1,D,2,1,264740,122,2006,122,44.44,11.49
18484,Historical,108870,1,1,D,2,1,1674973,26.95,2004,29,168.98,35.9
18485,Historical,109868,0,0,D,3,1,455280,88.23,2006,19,168.98,50.46
18486,Historical,267148,0,0,D,3,1,1307598,96,2005,16,0,127.95
18487,Historical,538731,0,0,D,6,1,1161129,13.98,2012,47,153.23,13.97
18488,Historical,111715,0,0,D,5,1,1491283,191.75,2011,36,153.23,44.49
18489,Historical,610112,1,1,D,7,1,210278,231,2013,79,153.23,7.98
18490,Historical,640746,0,0,D,1,0,728722,77.95,2006,32,9.48,46.27
18491,Historical,264473,1,1,D,0,0,716018,49.95,2005,43,33.94,10.88
18492,Historical,758578,0,0,D,1,0,3641424,125,1999,25,63.99,16.99
18493,Historical,252806,1,1,D,1,0,207452,134.75,2010,35,0,0
18494,Historical,2530705,0,0,D,2,1,8100057,59.95,1997,26,48.94,59.25
18495,Historical,156843,0,0,D,3,1,4765455,70,2002,23,48.94,51.39
18496,Historical,109952,0,0,D,3,1,637947,159.44,2007,46,153.99,53.99
18497,Historical,161597,0,0,D,7,1,194273,103.99,2008,42,118.99,103.97
18498,Historical,290339,0,0,D,5,1,568797,22.94,1998,45,118.99,16.98
18499,Historical,296501,0,0,D,5,1,1164342,55,2003,13,0,0
18500,Historical,830726,0,0,D,0,0,3540933,64.95,1999,22,43.96,45.77
18501,Historical,592751,1,2,D,3,1,1492586,105.43,2007,38,143.99,58.99
18502,Historical,339006,1,1,D,3,1,1583513,90,2007,30,60.99,75.2
18503,Historical,165726,0,0,D,2,1,3055222,75,2003,34,60.99,50.37
18504,Historical,295448,0,0,D,1,0,3533182,79.99,2002,22,68.35,44.99
18505,Historical,534216,0,0,D,4,1,1556732,132,2007,22,99.54,70.66
18506,Historical,606888,0,0,D,13,1,231301,0,2003,30,103.94,48.99
18507,Historical,285376,0,0,D,14,1,98261,0,2007,25,103.94,53.89
18508,Historical,55339,1,1,D,2,1,316824,246.95,2009,54,78.55,49.99
18509,Historical,533428,1,3,D,3,1,34181,230.95,2012,44,78.55,107.99
18510,Historical,874557,0,0,D,2,1,2064901,34.3,2008,36,39.93,19.52
18511,Historical,58422,1,1,D,3,1,14857,41.95,2011,119,39.93,23.61
18512,Historical,58421,1,1,D,2,1,117911,36.95,2008,216,39.93,9.15
18513,Historical,58420,1,1,D,1,0,980702,33.95,2004,132,39.93,7.71
18514,Historical,778389,0,0,D,2,1,2455377,57.95,2004,23,67.22,8.37
18515,Historical,528715,0,0,D,6,1,35106,52,2011,38,28.29,42.08
18516,Historical,367633,0,0,D,5,1,787997,45,2006,47,28.29,17.71
18517,Historical,405227,0,0,D,2,1,3052877,71.95,2010,10,32.46,109.76
18518,Historical,336574,0,0,D,1,0,1438270,68.95,2004,17,32.46,43.98
18519,Historical,246346,0,0,D,3,1,4429435,80.95,2003,10,50.68,18.54
18520,Historical,2841211,0,0,D,0,0,7337295,8.68,1986,57,63.94,7.85
18521,Historical,2702385,0,0,D,1,0,372831,50,2005,28,29.78,83.35
18522,Historical,119197,0,0,D,0,0,424954,125.2,2002,55,42.76,18.74
18523,Historical,137471,0,0,D,0,0,1630464,108.8,2005,24,92.04,92.77
18524,Historical,1827102,0,0,D,1,0,483825,107.95,2014,38,0,32.71
18525,Historical,614347,0,0,D,1,0,467262,111.95,2012,64,90.47,30.37
18526,Historical,1444413,0,0,D,0,0,3686234,101,2008,18,76.5,41.99
18527,Historical,53687,0,0,D,5,1,3542327,152.95,2004,51,9.34,16.24
18528,Historical,648476,0,0,D,1,0,2148816,55.75,2011,18,7.39,27.95
18529,Historical,2341449,0,0,D,1,0,3322301,135.35,1995,21,25.98,16.49
18530,Historical,755589,0,0,D,2,1,2410081,80,2004,16,25.98,78
18531,Historical,880353,1,4,D,3,1,23033,75,2000,74,33.38,19.34
18532,Historical,241736,0,0,D,1,0,940944,20.33,1996,53,33.38,18.26
18533,Historical,633322,1,2,D,5,1,11399,135.7,2009,39,88.94,96.99
18534,Historical,586652,1,1,D,2,1,749686,65,1998,51,33.38,18.55
18536,Historical,660038,0,0,D,4,1,2031952,222,2007,28,176.92,73.94
18537,Historical,3783315,1,2,D,1,0,827495,81.95,1992,30,0,21.49
18538,Historical,760094,0,0,D,1,0,1990732,114,2004,12,41.48,65.27
18539,Historical,629885,0,0,D,3,1,814067,69.95,2003,19,58.01,56.68
18540,Historical,3140565,0,0,D,1,0,2608579,39.99,2003,20,30.98,13.99
18541,Historical,918691,0,0,D,2,1,3010222,44.99,2005,34,30.98,15.99
18542,Historical,909252,0,0,D,0,0,1714457,46.95,2004,33,44.99,33.98
18543,Historical,536699,1,1,D,2,1,359463,49.95,2008,44,44.99,37.53
18544,Historical,245141,0,0,D,1,0,570816,158.95,2004,54,53.98,22.9
18545,Historical,386709,0,0,D,1,0,1153196,128.95,2006,33,46.32,11.98
18546,Historical,386733,1,1,D,2,1,674609,149.95,2007,71,53.98,10.93
18547,Historical,546277,0,0,D,1,0,167642,71.95,2009,43,51.99,51.88
18548,Historical,671894,1,2,D,0,0,29065,35.96,2011,39,37.68,27.49
18549,Historical,285698,0,0,D,1,0,2336491,56.95,2007,27,30.34,65.71
18550,Historical,113367,0,0,D,3,1,1645807,107.95,1995,20,87.36,73.05
18551,Historical,162287,0,0,D,1,0,2569824,128,2008,17,47.15,72.65
18552,Historical,2529861,0,0,D,1,0,1297727,69.95,1995,16,71.98,92.99
18553,Historical,2566775,0,0,D,1,0,3206745,15.74,1994,34,102.98,13.74
18554,Historical,153841,0,0,D,2,1,180033,39.92,2004,53,101.98,42.09
18555,Historical,153982,0,0,D,3,1,50960,48.99,2009,55,101.98,35.99
18556,Historical,191992,1,1,D,1,0,72888,20.49,2008,51,90.93,31.22
18557,Historical,248142,0,0,D,0,0,130617,53,2011,70,48.98,24.95
18558,Historical,106702,1,2,D,23,1,561044,71,2009,52,0,33.99
18559,Historical,415964,0,0,D,24,1,318835,74,2012,96,0,35.42
18560,Historical,784084,0,0,D,2,1,2556640,65,2004,25,33.88,77.25
18561,Historical,565735,0,0,D,3,1,165272,70,2008,60,33.88,18.96
18562,Historical,165802,0,0,D,2,1,959222,65,2004,60,33.88,19.49
18563,Historical,587680,1,6,D,3,1,90955,182.95,2012,70,74.91,93.99
18564,Historical,169772,0,0,D,2,1,22238,255.95,2008,69,74.91,52.98
18565,Historical,533565,0,0,D,3,1,34344,173.95,2012,64,74.91,154.28
18566,Historical,178098,1,10,D,1,0,1080376,260.95,2006,54,74.91,32.6
18567,Historical,544546,1,2,D,3,1,38596,153.95,2013,59,75.74,59.98
18568,Historical,177845,1,8,D,1,0,76807,221.95,2007,36,75.74,138.95
18569,Historical,298608,1,1,D,2,1,45980,230.95,2010,65,75.74,71.94
18570,Historical,124075,1,4,D,11,1,795143,115.95,2000,78,148.97,58.98
18571,Historical,169984,1,1,D,13,1,579820,313.95,2010,53,148.97,91.6
18572,Historical,53615,0,0,D,13,1,62465,267.95,2008,102,102.98,19.1
18573,Historical,615735,0,0,D,13,1,1534325,267.95,2010,35,102.98,49.27
18574,Historical,53617,1,12,D,13,1,544368,261.95,2010,79,102.98,22.96
18575,Historical,55746,0,0,D,13,1,98467,267.95,2008,77,120.99,55.07
18576,Historical,254197,0,0,D,13,1,482630,261.95,2010,47,120.99,28.32
18577,Historical,169964,0,0,D,13,1,3501990,111.95,2009,14,66.98,18.99
18578,Historical,224697,1,1,D,14,1,228649,83.95,2012,48,66.98,35.27
18579,Historical,224699,1,4,D,14,1,46240,83.95,2012,45,64.16,35.94
18580,Historical,408669,0,0,D,14,1,342130,83.95,2012,66,76.42,29.99
18581,Historical,542041,0,0,D,0,0,660146,111.95,2010,77,76.42,18.98
18582,Historical,617599,0,0,D,14,1,72988,87.95,2012,45,76.42,43.98
18583,Historical,621295,0,0,D,14,1,128529,83.95,2012,138,55.93,30.99
18584,Historical,169967,0,0,D,13,1,92927,111.95,2009,60,55.93,41.78
18585,Historical,625658,0,0,D,14,1,42433,87.95,2012,30,55.93,42.97
18586,Historical,632838,0,0,D,14,1,791894,83.95,2012,40,63.86,48.99
18587,Historical,625104,0,0,D,14,1,256465,87.95,2012,40,63.86,19.99
18588,Historical,169100,0,0,D,12,1,570979,195.95,2005,57,24.91,28.58
18589,Historical,53614,1,2,D,13,1,421667,299.95,2008,64,92.99,49.79
18590,Historical,53613,1,1,D,12,1,851368,293.95,2005,57,92.99,27.24
18591,Historical,169887,1,2,D,13,1,47773,243.95,2009,60,99.98,43.98
18592,Historical,60422,1,3,D,12,1,83378,239.95,2005,102,99.98,38.98
18593,Historical,169889,0,0,D,13,1,31004,243.95,2009,115,63.87,88.99
18594,Historical,60423,1,1,D,12,1,163867,248.95,2005,102,63.87,32.57
18595,Historical,430866,0,0,D,5,1,5975806,52.5,1998,15,27.1,21.99
18596,Historical,2363050,0,0,D,1,0,3647886,141.75,1996,16,75.31,78.4
18597,Historical,3484838,1,7,D,2,1,1494602,110,1984,37,0,55.43
18598,Historical,905797,0,0,D,0,0,382084,33.6,1995,21,51.13,76.03
18599,Historical,2339496,0,0,D,0,0,2945463,1076.22,1983,11,26.64,674.84
18600,Historical,196698,1,1,D,3,1,2428189,165,2006,19,74.99,111.87
18601,Historical,907476,0,0,D,1,0,1279576,112,2003,19,109.99,27.99
18602,Historical,640551,0,0,D,1,0,2794201,188,2005,19,108.84,43.99
18603,Historical,607969,0,0,D,6,1,2138343,38.95,2001,37,31.98,10.02
18604,Historical,561651,0,0,D,7,1,1211066,46.95,2006,26,31.98,27.99
18605,Historical,832939,0,0,D,2,1,6943738,99,1999,15,54.84,28.94
18606,Historical,1864459,0,0,D,1,0,1173283,147.95,2009,22,123.99,55.96
18607,Historical,911625,1,21,D,1,0,582371,0,2012,28,20.04,46.83
18608,Historical,860358,1,24,D,1,0,4176,148.75,2011,157,20.04,40.64
18609,Historical,877325,1,1,D,1,0,671615,241.95,2011,66,69.6,81.73
18610,Historical,615230,0,0,D,2,1,503333,119.95,2013,91,69.6,23.9
18611,Historical,877207,1,2,D,3,1,1680631,117.95,2015,36,69.6,41.99
18612,Historical,170140,0,0,D,1,0,245278,177.95,2011,36,69.6,36.89
18613,Historical,890290,0,0,D,5,1,459063,22.64,2009,11,80.25,183.95
18614,Historical,639270,0,0,D,5,1,276337,69.28,2009,21,80.25,125.26
18615,Historical,3618014,0,0,D,2,1,3800249,39.95,1999,25,0,18.94
18616,Historical,193711,0,0,D,5,1,1601973,193,2009,26,34.47,48.21
18617,Historical,574709,0,0,D,4,1,3411619,106.5,2006,16,34.47,13.98
18618,Historical,533924,0,0,D,5,1,84433,105.8,2007,34,59.64,65.93
18619,Historical,619825,0,0,D,1,0,377035,88,2007,34,73.98,30.82
18620,Historical,607364,0,0,D,4,1,1396819,64.4,2004,50,53.2,49.75
18621,Historical,286449,0,0,D,5,1,185909,84.2,2008,33,53.2,78.93
18622,Historical,184324,0,0,D,1,0,4541845,49.95,2001,14,27.61,40.87
18623,Historical,293748,1,1,D,0,0,2950537,34.95,1999,11,20.84,10.99
18624,Historical,60424,0,0,D,4,1,3150692,79.6,2004,33,59.64,18.99
18625,Historical,665046,0,0,D,5,1,251380,19.49,2011,16,70.99,20.43
18626,Historical,607419,1,3,D,5,1,38008,105.67,2010,69,70.99,48.73
18627,Historical,52804,0,0,D,9,1,196180,176.95,2010,59,88.83,43.99
18628,Historical,612554,1,2,D,11,1,12023,160.95,2014,62,88.83,103.67
18629,Historical,52805,1,2,D,8,1,813473,194.95,2008,81,88.83,8.23
18630,Historical,222283,0,0,D,1,0,1429569,70,2005,16,39.24,33.99
18631,Historical,107656,0,0,D,3,1,2865664,10,2003,30,74.22,8.74
18632,Historical,557325,0,0,D,4,1,826893,109,2007,36,74.22,45.47
18633,Historical,883313,0,0,D,2,1,7228270,144.95,2003,11,107.99,18
18634,Historical,300446,0,0,D,1,0,329911,74.99,2010,60,42.64,36.33
18635,Historical,619398,0,0,D,1,0,1254222,90.99,2007,45,29.95,14.2
18636,Historical,743206,0,0,D,1,0,4679553,47.95,2001,20,0,66.67
18637,Historical,619002,0,0,D,2,1,688345,59.95,2007,48,0,44.13
18638,Historical,587710,1,5,D,10,1,329081,209.95,2012,88,113.55,117.38
18639,Historical,51832,0,0,D,5,1,532868,50,2007,98,118.99,45.97
18640,Historical,1438387,1,1,D,6,1,287201,208.49,2010,66,118.99,67.62
18641,Historical,561191,1,2,D,1,0,216294,246.67,2009,126,79.25,25.9
18642,Historical,742281,0,0,D,0,0,1397266,43.99,2009,17,79.25,43.99
18643,Historical,52397,0,0,D,9,1,80449,323.95,2007,117,113.55,44.04
18644,Historical,51833,0,0,D,6,1,54089,48.74,2010,94,118.99,54.07
18645,Historical,763546,0,0,D,1,0,6090395,59.5,1997,18,53.39,18.53
18646,Historical,2605443,0,0,D,0,0,2098373,38.99,1997,24,28.49,43.97
18647,Historical,147135,0,0,D,1,0,407607,76.95,2005,45,47.8,28.98
18648,Historical,569626,0,0,D,1,0,312619,188.95,2011,83,118.97,72.99
18649,Historical,880064,1,1,D,6,1,755960,0,2010,26,211.71,7.39
18650,Historical,549075,0,0,D,1,0,2048032,84,2009,17,162.43,21.92
18651,Historical,54127,0,0,D,5,1,75955,361.95,2008,103,211.71,60.2
18652,Historical,111066,1,1,D,1,0,166114,33.97,2009,72,162.43,31.74
18653,Historical,54996,0,0,D,3,1,421605,53.98,2010,141,9.24,8.66
18654,Historical,212550,1,3,D,1,0,439596,181.93,2010,91,93.81,33.99
18655,Historical,540661,1,3,D,2,1,22629,208,2013,78,93.81,63.47
18656,Historical,566832,0,0,D,1,0,1263817,19.03,2006,62,38.99,26.03
18657,Historical,54995,0,0,D,2,1,961676,23.99,2007,122,9.24,11.51
18658,Historical,617347,0,0,D,2,1,31266,309.25,2012,101,162.43,46.78
18659,Historical,54128,0,0,D,4,1,897724,405.95,2006,109,211.71,18.63
18660,Historical,911834,0,0,D,6,1,363046,219.95,2012,23,0,23.99
18661,Historical,642202,0,0,D,6,1,883868,211.95,2012,45,0,0
18662,Historical,120688,1,1,D,3,1,56601,210.4,2009,197,157.76,23.93
18663,Historical,212330,1,1,D,2,1,248120,170.8,2006,151,157.76,8.99
18664,Historical,197621,0,0,D,2,1,4677731,88.95,2005,14,208.58,33.89
18665,Historical,180697,0,0,D,2,1,1119237,125,2008,41,4.58,14.22
18666,Historical,1562850,0,0,D,5,1,4090779,233.95,2006,11,73.09,143.94
18667,Historical,416483,0,0,D,15,1,341973,0,2008,28,44.86,101.27
18668,Historical,606816,0,0,D,14,1,409732,0,2004,33,44.86,103.69
18669,Historical,406144,0,0,D,3,1,321928,193.95,2011,63,91.98,39.95
18670,Historical,406408,0,0,D,1,0,573023,130.95,2006,34,91.98,39.88
18671,Historical,224715,1,1,D,5,1,130711,198.95,2011,39,103.93,102.48
18672,Historical,169800,1,1,D,4,1,264885,209.95,2008,54,103.93,28.77
18673,Historical,132880,0,0,D,6,1,468157,107.6,2009,30,111.72,7.62
18674,Historical,557331,0,0,D,5,1,1422063,104.6,2006,48,111.72,13.99
18675,Historical,133308,0,0,D,6,1,328764,131.8,2010,57,111.72,18.99
18676,Historical,901136,0,0,D,1,0,1899616,115.95,2002,16,83.22,77.99
18677,Historical,290344,0,0,D,1,0,3029447,135,2001,17,97.47,62.89
18678,Historical,897286,0,0,D,1,0,2966815,169.95,2004,10,178.18,40.98
18679,Historical,893606,0,0,D,1,0,2678900,219.95,2010,11,178.18,61.99
18680,Historical,1671072,0,0,D,9,1,626323,175.95,2007,42,0,33.93
18681,Historical,623736,0,0,D,0,0,310688,44.99,1987,32,31.45,74.64
18682,Historical,2852250,0,0,D,0,0,888321,52.99,1994,22,33.99,46.81
18683,Historical,146355,0,0,D,1,0,715563,218.53,2012,98,130.63,35
18684,Historical,146549,1,1,D,1,0,103389,211.2,2011,194,130.63,17.66
18685,Historical,2783798,0,0,D,5,1,4486047,225,2004,13,201.09,80.99
18686,Historical,2782610,0,0,D,4,1,4214694,210,1998,18,201.09,33.98
18687,Historical,51475,0,0,D,3,1,262944,13.98,2007,154,100,13.49
18688,Historical,593525,0,0,D,3,1,1108925,36.44,2007,60,100,12.99
18689,Historical,252674,1,5,D,4,1,100591,262.48,2010,109,100,73.11
18690,Historical,51477,1,1,D,4,1,33084,143.62,2010,109,100,72.55
18691,Historical,200518,0,0,D,7,1,443502,149.95,2008,86,81.28,12.99
18692,Historical,612909,0,0,D,6,1,2009122,163.95,2004,71,81.28,14.41
18693,Historical,285482,0,0,D,3,1,377427,28.98,2008,92,119.17,15.99
18694,Historical,704519,1,1,D,3,1,215002,15.99,2008,46,150.8,22.48
18695,Historical,537749,0,0,D,4,1,885021,110,2010,26,150.8,37.99
18696,Historical,51675,1,1,D,4,1,27772,82.2,2010,131,150.8,50.89
18697,Historical,51673,0,0,D,3,1,706173,24.95,2006,141,150.8,15.17
18698,Historical,117350,0,0,D,13,1,239161,103.2,2006,41,72.99,73.11
18699,Historical,113866,1,1,D,12,1,1687580,62.67,2000,23,72.99,6.86
18700,Historical,416454,1,1,D,3,1,1396278,197.5,2008,53,119.17,32.99
18701,Historical,624431,0,0,D,2,1,747264,69.95,2006,24,43.98,77.72
18702,Historical,2217679,0,0,D,0,0,40155,29.5,2011,15,98.08,13.88
18703,Historical,281972,1,2,D,1,0,272656,18.95,2000,50,19.36,49.95
18704,Historical,175282,0,0,D,1,0,3963214,94.99,2000,16,102.83,129.74
18705,Historical,910308,0,0,D,2,1,156020,110,2002,29,47.23,43.99
18706,Historical,721972,0,0,D,1,0,3102944,255,2008,19,138.93,13.96
18707,Historical,539170,0,0,D,2,1,1318220,132,2006,59,37.95,18.99
18708,Historical,2373703,0,0,D,0,0,5987709,99,2002,28,44.98,13.95
18709,Historical,867800,0,0,D,4,1,33097,79.95,2014,48,53.38,45.84
18710,Historical,2615657,1,1,D,0,0,1910496,67,2003,16,47.58,40.68
18712,Historical,755368,0,0,D,1,0,6425225,105,2003,12,49.08,68.9
18713,Historical,2610692,0,0,D,2,1,253746,96,2002,27,62.38,61.78
18714,Historical,164302,0,0,D,1,0,738196,110,2002,23,71.15,20.69
18715,Historical,163190,1,1,D,3,1,54215,75.75,2010,91,82.94,51.12
18716,Historical,290261,1,1,D,2,1,698963,19.97,2005,98,82.94,27.99
18717,Historical,550002,0,0,D,1,0,1033327,40.77,2003,12,0,0
18718,Historical,157376,0,0,D,1,0,543390,65.95,2009,31,53.99,27.05
18719,Historical,157160,0,0,D,0,0,2497477,69.95,2006,22,46.43,44.83
18720,Historical,246679,0,0,D,2,1,550046,52.95,2009,27,45.74,11.27
18721,Historical,576419,0,0,D,3,1,3109076,53.95,1999,22,43.49,38.93
18722,Historical,627627,0,0,D,6,1,1026823,53.95,2004,38,0,25
18723,Historical,202333,0,0,D,4,1,1799321,302.95,2002,36,49.3,46.51
18724,Historical,53074,1,1,D,13,1,203405,179.95,2007,180,78.5,8.99
18725,Historical,2538273,0,0,D,0,0,4924983,62.95,2002,16,83.56,42.79
18726,Historical,178721,0,0,D,1,0,298052,83.95,2010,33,35.48,30.99
18727,Historical,878124,0,0,D,6,1,1195696,47.21,2009,31,84.28,64.16
18728,Historical,51239,0,0,D,6,1,373368,323.95,2010,41,84.28,57.14
18729,Historical,51237,0,0,D,5,1,740239,310.95,2007,22,84.28,48.56
18730,Historical,534079,0,0,D,2,1,776302,101,1994,23,71.98,96.55
18731,Historical,830278,1,2,D,5,1,1720638,59.95,1997,17,83.39,68.21
18734,Historical,893738,0,0,D,1,0,3231521,80.95,2007,14,65.03,42.99
18735,Historical,909137,0,0,D,8,1,896013,69.28,2010,33,63.88,125.99
18736,Historical,259367,0,0,D,7,1,456517,56,2003,26,63.88,52.97
18737,Historical,700989,0,0,D,1,0,1540981,99,2006,18,69.95,116.98
18738,Historical,756774,0,0,D,2,1,4616392,85,1997,20,28.95,27.94
18739,Historical,916656,0,0,D,1,0,1767480,64,1999,43,48.9,46.97
18740,Historical,626780,1,1,D,0,0,938006,7.62,2002,35,62.97,9.81
18741,Historical,696234,1,12,D,1,0,216214,96.6,2009,32,63.97,46.98
18742,Historical,619767,1,13,D,0,0,493386,112,2011,57,62.97,17.39
18743,Historical,2375710,0,0,D,0,0,1531635,109.67,2004,17,0,80
18745,Historical,551404,1,1,D,1,0,1154551,119,2007,72,27.08,43.94
18746,Historical,763711,0,0,D,1,0,1054045,157.95,2000,25,35.65,24.79
18747,Historical,173837,0,0,D,2,1,2161949,65,2003,25,48.81,164.16
18748,Historical,899957,0,0,D,0,0,4805000,51.95,1998,17,0,30.83
18750,Historical,2389181,0,0,D,0,0,3018435,17,1995,22,11.33,35.93
18751,Historical,622712,0,0,D,9,1,639708,101,2008,40,83.99,48.99
18752,Historical,2679850,0,0,D,6,1,4814597,62,1995,25,83.99,18.99
18754,Historical,50480,0,0,D,7,1,33262,143.4,2008,112,104.8,18.99
18755,Historical,50479,0,0,D,6,1,584100,121,2005,131,104.8,9.99
18756,Historical,105775,0,0,D,1,0,4238894,99,2001,15,102.77,53.99
18757,Historical,55337,1,2,D,1,0,511525,165,1998,33,86.99,53.97
18758,Historical,629763,0,0,D,1,0,2327885,74.95,2000,14,53.61,49.1
18759,Historical,871603,0,0,D,2,1,6093734,79,1999,13,43.99,28.99
18760,Historical,477639,0,0,D,3,1,903534,183.95,2006,26,43.99,38.63
18761,Historical,146858,0,0,D,2,1,1127246,87.95,2000,40,69.99,15.4
18762,Historical,832966,0,0,D,2,1,2057083,99.2,2002,26,28.27,101.69
18763,Historical,667080,0,0,D,2,1,244953,86.95,2007,16,69.89,51.49
18764,Historical,915410,0,0,D,1,0,2542080,62.95,1999,29,69.89,28.12
18765,Historical,739883,0,0,D,8,1,4075410,75.2,2004,18,4,28.98
18766,Historical,147641,0,0,D,4,1,126510,80.95,2010,140,37.89,13.99
18767,Historical,55334,0,0,D,1,0,2229287,65.95,2006,41,36.94,10.25
18768,Historical,288794,0,0,D,2,1,1794251,51.95,2005,72,0,0
18769,Historical,147604,0,0,D,3,1,203729,68.95,2009,175,27.87,15.48
18770,Historical,55335,0,0,D,2,1,118386,95.95,2009,108,36.94,28.98
18771,Historical,120080,0,0,D,2,1,105516,82.2,2009,149,40.59,12.69
18772,Historical,534123,0,0,D,0,0,1376886,62.95,2005,88,40.59,6.95
18773,Historical,627586,0,0,D,3,1,1753551,85,2006,25,19.85,12.27
18774,Historical,617382,0,0,D,2,1,607123,97.95,2009,61,38.32,22.14
18775,Historical,582269,1,1,D,1,0,483899,55,2011,40,50.36,36.68
18776,Historical,200084,1,1,D,1,0,3127377,118.95,2005,62,83.93,11.44
18777,Historical,146094,1,1,D,1,0,1072199,59.73,2009,50,23.67,17.62
18778,Historical,741774,1,2,D,0,0,1499370,54.6,2008,72,54.61,44.95
18779,Historical,616716,1,2,D,2,1,136955,104.2,2012,87,54.61,27.99
18780,Historical,105796,0,0,D,3,1,1361390,64.95,2003,43,25.08,23.98
18781,Historical,2869474,0,0,D,4,1,511711,34.95,2003,30,0,78.4
18782,Historical,286220,0,0,D,1,0,1230204,38.6,2009,35,40.16,9.95
18783,Historical,313149,0,0,D,4,1,790015,108.2,2003,55,59.1,22.15
18784,Historical,165812,0,0,D,2,1,4340817,0,2003,16,40.97,9.98
18785,Historical,903521,0,0,D,2,1,8545114,67,2001,27,72,8.99
18786,Historical,610443,1,2,D,3,1,7623,84.95,2013,148,45.84,49.98
18787,Historical,529974,1,1,D,2,1,969143,64.95,2004,127,45.84,6.52
18788,Historical,266440,1,5,D,2,1,65832,79.95,2010,102,45.84,27.99
18789,Historical,266437,0,0,D,2,1,994148,79.95,2008,88,45.84,19.99
18790,Historical,653286,0,0,D,4,1,1303076,62.95,2010,11,45.98,34.78
18791,Historical,2856582,0,0,D,1,0,1509827,89.95,1992,21,52.89,79.87
18792,Historical,737556,0,0,D,12,1,388617,39,2006,27,28.04,33.99
18793,Historical,560456,0,0,D,11,1,1248555,42,2011,27,0,15.99
18794,Historical,199219,0,0,D,1,0,2138403,60,2003,29,32.53,22.44
18795,Historical,904267,1,1,D,0,0,2913541,49.95,1995,22,43.75,44.67
18796,Historical,597620,1,1,D,1,0,1945989,55,2002,22,55.61,37.36
18797,Historical,534576,1,6,D,0,0,74660,79.95,2010,74,34.92,33.07
18798,Historical,874143,0,0,D,0,0,735334,55.69,2010,23,34.92,41.72
18799,Historical,546490,1,1,D,0,0,11556,79.95,2013,139,34.92,36.98
18800,Historical,546491,1,1,D,3,1,97701,79.95,2013,102,34.04,36.98
18801,Historical,534165,1,1,D,2,1,121809,79.95,2010,38,34.04,43.97
18802,Historical,599016,0,0,D,0,0,826621,79.95,2009,39,34.04,28.2
18803,Historical,3461956,0,0,D,2,1,3726675,79.95,2007,24,46.79,23.99
18804,Historical,863761,0,0,D,3,1,1318275,79.95,2009,27,46.79,22.98
18805,Historical,864264,0,0,D,4,1,97937,79.95,2012,42,46.79,37.99
18806,Historical,563715,1,3,D,3,1,272046,79.98,2012,68,48.49,54.61
18807,Historical,153805,1,1,D,3,1,84556,18.99,2011,107,48.49,19.98
18808,Historical,439833,0,0,D,2,1,222551,117.75,2008,159,48.49,12.89
18809,Historical,54232,1,12,D,2,1,53885,45.35,2008,226,43.29,13.94
18810,Historical,541258,1,1,D,3,1,26505,13.99,2012,119,20.99,13.99
18811,Historical,289416,1,1,D,3,1,8813,33.99,2011,162,43.29,21.98
18812,Historical,154059,1,4,D,3,1,211999,20.97,2010,97,43.29,15
18813,Historical,154060,0,0,D,3,1,29150,42.1,2010,113,36.53,16.99
18814,Historical,563716,1,4,D,3,1,51977,28.98,2012,133,40.2,18.99
18815,Historical,613634,1,2,D,3,1,10038,19.98,2011,231,36.53,13.99
18816,Historical,154004,1,3,D,2,1,36869,23.71,2008,225,36.53,10.76
18817,Historical,2580227,0,0,D,1,0,1898396,99.95,1996,17,38.04,20.99
18818,Historical,776270,0,0,D,0,0,328920,42.95,2010,38,22.99,14.2
18819,Historical,775949,0,0,D,0,0,1216677,35.95,2010,30,28.99,13.92
18820,Historical,574712,0,0,D,0,0,321150,33.95,2008,38,41.42,33.83
18821,Historical,776150,0,0,D,0,0,1710597,33.95,2008,18,21.55,23.97
18822,Historical,100807,1,1,D,0,0,305328,119.75,1998,152,59.7,25.17
18823,Historical,708883,0,0,D,0,0,1032159,153.17,2007,28,47.21,70.34
18824,Historical,417580,1,1,D,0,0,684008,124.5,2006,48,47.21,43.97
18825,Historical,112339,1,5,D,0,0,137286,130.75,2008,62,47.21,69.94
18826,Historical,613048,0,0,D,1,0,729222,154.5,2001,146,76.18,12.55
18827,Historical,3229993,1,2,D,0,0,893947,0,2004,122,89.99,23.4
18828,Historical,112223,1,1,D,0,0,991488,111.25,2003,64,89.99,15.36
18829,Historical,708182,0,0,D,0,0,829181,107.44,2005,19,89.99,61.95
18830,Historical,551288,0,0,D,0,0,131501,112.5,2003,136,52.99,17.53
18831,Historical,529970,1,2,D,0,0,144328,87.52,2006,179,52.99,10.83
18832,Historical,285617,1,2,D,0,0,788650,155,2004,133,52.99,17.35
18833,Historical,112138,0,0,D,1,0,247131,124,2001,83,26.21,29.98
18834,Historical,112351,1,1,D,0,0,157080,128.25,2009,88,14.76,29.48
18835,Historical,309883,1,3,D,0,0,114664,125,2002,189,14.76,15.79
18836,Historical,551260,0,0,D,0,0,361514,112,2001,96,42.98,13.24
18837,Historical,112341,1,2,D,0,0,384575,133.75,2007,101,69.34,53.34
18838,Historical,112269,1,1,D,1,0,120764,104.76,2005,128,85.99,18.99
18839,Historical,615322,1,1,D,3,1,504474,105.75,2004,76,60.23,18.99
18840,Historical,709148,0,0,D,0,0,1369461,153.29,2008,17,19.89,99.78
18841,Historical,643177,0,0,D,7,1,777324,279.99,2009,34,243.17,51.36
18842,Historical,163199,0,0,D,1,0,810856,124,2009,48,98.33,21.05
18843,Historical,500154,0,0,D,1,0,1554911,263.95,2009,30,58.72,12.44
18844,Historical,435896,1,2,D,1,0,892423,300.95,2008,34,58.72,27.73
18845,Historical,431341,0,0,D,0,0,1959989,34.95,2006,31,48.98,4.82
18846,Historical,504634,0,0,D,2,1,2834643,82,2006,21,63.33,73.81
18847,Historical,475915,0,0,D,1,0,2406516,39.95,2008,26,115.17,44.67
18848,Historical,53535,0,0,D,7,1,60640,43.08,2010,104,152.02,38.92
18849,Historical,538879,1,7,D,8,1,2730,241.75,2013,157,152.02,60.14
18850,Historical,53536,1,1,D,6,1,259122,15.95,2008,127,152.02,22.98
18851,Historical,529962,0,0,D,2,1,441101,364.95,2010,74,58.72,16.91
18852,Historical,620897,0,0,D,1,0,1581019,11.46,2002,33,35.2,35.25
18853,Historical,1583029,0,0,D,0,0,1443596,49.99,2015,20,0,6.34
18854,Historical,1745509,0,0,D,5,1,606309,74.25,2008,19,38.58,143.73
18855,Historical,2912423,0,0,D,4,1,586921,36.69,2005,11,38.58,120.45
18856,Historical,148207,0,0,D,1,0,4607854,357.95,2003,18,47.97,6.95
18857,Historical,157600,0,0,D,2,1,580173,80.95,2011,55,47.97,47.99
18858,Historical,198032,1,1,D,1,0,1151033,107.23,2009,32,128.3,44.44
18859,Historical,113880,0,0,D,4,1,4472984,40,2001,35,34.43,8.98
18860,Historical,869491,0,0,D,3,1,11110740,34.6,1997,15,34.43,7.98
18861,Historical,601500,0,0,D,0,0,5418908,71.99,2006,13,40.97,46.58
18862,Historical,863762,0,0,D,2,1,3737394,79.95,2009,16,40.97,25.44
18863,Historical,451786,0,0,D,3,1,1005332,169.95,2009,55,52.43,19
18864,Historical,200031,0,0,D,0,0,4809193,184.95,2004,25,6.2,43.04
18865,Historical,200046,0,0,D,2,1,890722,168.95,2005,53,6.2,28.74
18866,Historical,200162,0,0,D,1,0,560098,115.95,2007,69,57.99,16.43
18867,Historical,545636,0,0,D,2,1,55120,117.95,2012,76,57.99,66.68
18868,Historical,538883,0,0,D,29,1,399438,79.75,2013,59,47.04,7.89
18869,Historical,532855,0,0,D,28,1,1112540,53.25,2012,61,47.04,11.96
18870,Historical,864658,0,0,D,30,1,92629,36.99,2014,59,47.04,36.9
18871,Historical,144888,0,0,D,0,0,2709359,69.4,2006,52,26.24,8.99
18872,Historical,287631,1,1,D,2,1,646062,83.4,2009,80,26.24,24.39
18873,Historical,863110,0,0,D,4,1,1068877,90.6,2003,22,33.98,44.91
18874,Historical,2259260,0,0,D,0,0,6597669,52.22,2007,19,28.89,43.08
18875,Historical,157430,0,0,D,0,0,1622650,64.95,2008,38,28.89,15.77
18876,Historical,161736,1,1,D,1,0,1365392,38.99,2008,15,46.98,46.99
18877,Historical,529954,0,0,D,7,1,25814,268.4,2012,85,145.77,42.95
18878,Historical,529955,0,0,D,3,1,253293,339.95,2010,56,142.45,17.44
18879,Historical,61221,0,0,D,2,1,1804256,226.95,2006,46,142.45,11.46
18880,Historical,558989,0,0,D,4,1,2582177,196,2007,37,65.44,22.99
18881,Historical,320967,0,0,D,0,0,8091581,75,2006,21,23.99,50.47
18882,Historical,339775,0,0,D,5,1,197537,18.99,2010,64,106,19.97
18883,Historical,344396,0,0,D,4,1,926329,12.91,2007,51,106,12.99
18884,Historical,312973,0,0,D,7,1,1118030,232.4,2001,36,43.95,51.91
18885,Historical,559007,0,0,D,5,1,358247,210.2,2010,36,65.44,34.99
18886,Historical,60430,0,0,D,5,1,862424,196,2007,60,145.77,9.99
18887,Historical,129345,0,0,D,1,0,2950553,115,2011,19,46.22,43.94
18888,Historical,120652,1,1,D,3,1,1289559,66.8,2008,50,35.96,18.98
18889,Historical,552665,0,0,D,2,1,2017344,60,2005,35,35.96,8.24
18890,Historical,916556,0,0,D,4,1,68679,52.5,2013,33,28.93,37.49
18891,Historical,917301,0,0,D,2,1,1815140,52.95,2008,31,37.98,33.89
18892,Historical,134884,0,0,D,3,1,300817,40,2010,29,28.93,36.09
18893,Historical,129313,0,0,D,3,1,265150,68.95,2011,36,37.98,57.11
18894,Historical,134832,0,0,D,2,1,3058290,42,2007,29,28.93,34.48
18895,Historical,768811,0,0,D,8,1,3531287,200.95,2004,23,3.99,6.94
18896,Historical,868359,0,0,D,9,1,1031885,212.95,2007,70,38,9.54
18897,Historical,564714,1,1,D,1,0,788950,68.95,2009,43,42.92,14.04
18898,Historical,161596,0,0,D,2,1,2299761,134,2007,10,86.98,39.99
18899,Historical,56032,0,0,D,4,1,687733,92.4,2007,45,98.24,22.98
18900,Historical,56033,0,0,D,5,1,243991,103.8,2010,87,98.24,80.31
18901,Historical,58457,1,1,D,2,1,512862,85,2009,67,63.46,6.99
18902,Historical,58456,1,6,D,0,0,2901351,70.4,2005,46,63.46,6.17
18903,Historical,894183,0,0,D,2,1,5312227,90,2011,13,33.24,90
18904,Historical,639984,0,0,D,2,1,1087406,49.95,2011,36,33.24,33.16
18905,Historical,109086,0,0,D,4,1,2416399,62.5,2005,46,44.04,13.11
18906,Historical,110374,0,0,D,5,1,204046,11.73,2009,72,44.04,8.38
18907,Historical,529951,0,0,D,2,1,100293,304.95,2008,45,99.87,33.86
18908,Historical,148256,0,0,D,1,0,1861241,304.95,2005,36,99.87,8.79
18909,Historical,455642,1,1,D,1,0,855263,113.95,2005,47,53.99,30.98
18910,Historical,110658,0,0,D,14,1,561777,87.25,2010,41,43.24,8.94
18911,Historical,607030,0,0,D,12,1,2775027,13.98,2006,43,43.24,13.99
18912,Historical,309069,0,0,D,13,1,1969945,59.5,2009,44,18.87,9.95
18913,Historical,873137,0,0,D,2,1,767265,33.25,2008,36,28.69,25.17
18914,Historical,907072,0,0,D,1,0,357495,117.95,2009,11,0,33.95
18915,Historical,141200,1,1,D,0,0,5319447,30.95,2000,23,0,40.63
18916,Historical,634705,0,0,D,0,0,1898545,57,2007,33,30.77,31.98
18917,Historical,635546,0,0,D,4,1,76483,102,2013,58,61.98,87.63
18918,Historical,54556,1,1,D,3,1,141626,143.4,2010,160,61.98,15.94
18919,Historical,54555,1,4,D,2,1,688258,112.8,2007,120,61.98,5.99
18920,Historical,169780,1,1,D,2,1,915835,84.95,2008,58,28.69,7.99
18921,Historical,177978,0,0,D,1,0,1645766,48.95,2005,41,28.69,7.98
18922,Historical,158279,0,0,D,1,0,235162,42.95,2008,37,41.83,29.53
18923,Historical,612980,0,0,D,4,1,492573,89.95,2008,96,50.22,13.81
18924,Historical,615743,1,5,D,1,0,63000,165.2,2012,113,52.26,33.93
18925,Historical,862072,1,5,D,2,1,37690,167,2014,65,52.26,39.95
18926,Historical,924341,0,0,D,1,0,575893,144.99,1994,24,133.94,103.99
18927,Historical,432366,0,0,D,2,1,338908,4.25,2007,75,23.98,11.93
18928,Historical,734275,0,0,D,0,0,2644043,8.99,2004,56,23.98,8.77
18929,Historical,228634,0,0,D,7,1,3418040,75,2003,18,0,112.09
18930,Historical,529932,0,0,D,9,1,704733,304,2010,29,156.49,88.55
18931,Historical,106114,0,0,D,8,1,1072041,259,2006,22,156.49,48.97
18932,Historical,913237,0,0,D,1,0,1466857,85,1996,43,57.58,37.69
18933,Historical,60431,1,1,D,3,1,141804,89.4,2002,28,78.99,47.85
18934,Historical,533965,0,0,D,4,1,466538,130.6,2006,64,78.99,44.97
18935,Historical,628814,0,0,D,4,1,468489,148.4,2007,31,126.98,56.55
18936,Historical,55467,0,0,D,2,1,28797,219.25,2009,86,94.29,32.99
18937,Historical,555858,0,0,D,4,1,1800345,67.95,2008,27,43.98,13.89
18938,Historical,724785,0,0,D,3,1,5278968,52.95,2004,22,43.98,51.17
18939,Historical,55231,0,0,D,4,1,619087,78.67,2008,74,43.58,20.94
18940,Historical,55230,0,0,D,5,1,162135,103.4,2011,89,43.58,34.99
18941,Historical,873515,0,0,D,3,1,2437031,57,2007,27,32.74,42.48
18942,Historical,873405,0,0,D,2,1,3867699,43.95,2003,38,32.74,43.27
18943,Historical,145507,0,0,D,1,0,2079443,94.4,2007,34,82.45,29.92
18944,Historical,130564,0,0,D,2,1,131524,104.4,2011,44,82.45,51.33
18945,Historical,620302,0,0,D,1,0,950812,63,2007,45,28.83,10.35
18946,Historical,1856304,0,0,D,0,0,2712290,47.99,2009,11,0,79.01
18947,Historical,2387235,1,1,D,0,0,1321437,0,1996,25,0,63.35
18948,Historical,54499,0,0,D,4,1,99634,93.95,2010,166,44.98,11.49
18949,Historical,54497,1,1,D,3,1,949887,79.95,2006,132,44.98,14.49
18950,Historical,276652,1,1,D,2,1,424551,49,2008,52,34.35,18.99
18951,Historical,276628,0,0,D,0,0,2229612,19.89,2004,27,34.35,16.49
18952,Historical,863731,0,0,D,3,1,1456860,46,2009,18,38.63,13.81
18953,Historical,916542,0,0,D,2,1,4311149,45,2005,35,38.63,22.37
18954,Historical,915099,1,1,D,1,0,3588743,13.99,2003,23,17.85,13.99
18955,Historical,545815,1,1,D,4,1,28653,112,2013,95,101.61,26.53
18956,Historical,270690,1,1,D,3,1,531628,109,2010,95,101.61,31.9
18957,Historical,229138,0,0,D,2,1,1351509,88.95,2007,66,101.61,8.52
18958,Historical,633732,1,14,D,1,0,23261,46.43,2013,107,86.82,28.31
18959,Historical,508898,0,0,D,3,1,3927550,32.95,2001,27,48.99,15.24
18960,Historical,279135,0,0,D,2,1,1227977,42.95,2005,38,48.99,24.26
18961,Historical,52442,1,1,D,4,1,1331340,14.98,2007,60,23.99,14.98
18962,Historical,52440,0,0,D,5,1,231162,43.98,2012,43,23.99,55
18963,Historical,533670,1,1,D,6,1,6517,297.25,2013,91,23.99,56.98
18964,Historical,133262,1,1,D,7,1,436928,131.47,2010,28,124.97,42.97
18965,Historical,540141,0,0,D,8,1,59092,126.2,2012,63,124.97,52.58
18966,Historical,2618287,0,0,D,2,1,2647965,32.95,1991,16,0,13.86
18967,Historical,53428,0,0,D,8,1,294202,113,2008,63,28.99,57.09
18968,Historical,53426,0,0,D,7,1,1804408,101.2,2007,53,28.99,11.89
18969,Historical,133452,1,1,D,24,1,876512,205.6,2010,37,43.94,73.31
18970,Historical,51624,1,4,D,22,1,1423348,140.2,2007,43,137.97,4
18972,Historical,56026,0,0,D,13,1,222067,140.2,2007,65,112.59,93.07
18973,Historical,60433,1,2,D,12,1,788399,123.2,2005,38,112.59,58.03
18974,Historical,619365,1,1,D,14,1,119662,99.79,2009,33,0,0
18975,Historical,119110,0,0,D,9,1,750485,227.8,2010,42,156.04,53.34
18976,Historical,120627,0,0,D,9,1,973719,206.67,2008,56,156.04,32.99
18977,Historical,60434,0,0,D,8,1,2254300,189.33,2005,45,156.04,49.97
18978,Historical,3578022,0,0,D,1,0,3831508,55.95,1999,11,0,92.3
18979,Historical,867479,1,2,D,6,1,31965,69.95,2013,81,53.99,18.99
18980,Historical,544553,1,2,D,5,1,56092,69.95,2013,129,53.99,21.3
18981,Historical,244209,0,0,D,4,1,461999,69.95,2012,96,53.99,22.95
18982,Historical,633347,0,0,D,3,1,255181,109.95,2008,22,0,0
18983,Historical,2651651,1,2,D,2,1,1852386,0,1978,20,35.19,77.5
18984,Historical,620800,0,0,D,1,0,1343449,44.99,2009,34,0,0
18985,Historical,108034,0,0,D,2,1,812282,97,2003,29,83.75,17.1
18986,Historical,704816,0,0,D,1,0,4025979,65.62,1998,20,83.75,27.99
18987,Historical,913358,0,0,D,2,1,2039744,97.95,1993,26,5.25,38.95
18988,Historical,2398378,0,0,D,1,0,2288192,31.3,1978,26,5.25,73.33
18989,Historical,875298,0,0,D,4,1,1060549,17.25,2006,45,33.95,25.37
18990,Historical,248338,0,0,D,4,1,254940,49.95,2005,38,33.95,16.99
18991,Historical,248341,0,0,D,4,1,293298,49.95,2005,56,46.44,10.3
18992,Historical,641459,0,0,D,5,1,88221,37.95,2010,15,0,0
18993,Historical,633249,0,0,D,5,1,72749,60.95,2010,24,49.74,29.99
18994,Historical,248324,0,0,D,4,1,810259,49.95,2006,24,49.74,17.77
18995,Historical,802254,0,0,D,4,1,691493,49.95,2005,36,34.49,23.58
18996,Historical,251229,1,12,D,5,1,56762,60.95,2009,67,34.49,36.94
18997,Historical,3066812,0,0,D,0,0,2670893,49.95,2005,19,91.05,97.78
18998,Historical,873561,0,0,D,0,0,325236,26.95,2004,39,18.33,7.94
18999,Historical,872877,0,0,D,0,0,1096973,26.19,2005,23,18.33,57.4
19000,Historical,767601,0,0,D,3,1,989156,81.95,2009,36,63.49,8.99
19001,Historical,633847,1,1,D,4,1,398241,73.95,2012,27,63.49,64.33
19002,Historical,772574,0,0,D,2,1,832373,85.95,2006,25,63.49,18.99
19003,Historical,2404805,0,0,D,0,0,1404503,47.95,1990,23,20.09,33.98
19004,Historical,51702,1,1,D,11,1,489456,74.95,2004,50,35.89,20.91
19005,Historical,3598830,1,1,D,1,0,2464455,92.95,1998,28,0,60.27
19006,Historical,176618,0,0,D,4,1,1908146,139.95,2002,34,112.43,11.83
19007,Historical,169144,0,0,D,5,1,63914,219.95,2006,49,112.43,43.69
19008,Historical,559375,1,2,D,0,0,171756,65,2007,52,43.99,32.99
19009,Historical,118880,1,2,D,1,0,829691,95.4,2008,47,80.89,44.87
19010,Historical,566761,0,0,D,3,1,1873768,45,2004,58,37.74,6.99
19011,Historical,385350,1,1,D,3,1,298614,189.95,2005,120,107.91,13.69
19012,Historical,169882,0,0,D,4,1,193278,193.95,2010,67,107.91,31.58
19013,Historical,567770,1,5,D,4,1,1181470,175.95,2010,31,107.91,58.21
19014,Historical,1575437,0,0,D,0,0,4240265,36.86,2012,4,0,30.02
19015,Historical,609627,0,0,D,3,1,3301414,87.95,2008,34,92.57,15.99
19016,Historical,297859,0,0,D,5,1,416683,128.95,2010,31,92.57,32.79
19017,Historical,535433,1,1,D,6,1,389310,128.95,2012,56,92.57,10.65
19018,Historical,615477,0,0,D,2,1,587653,45,2008,65,22.67,8.74
19019,Historical,761016,0,0,D,1,0,1217415,35,2005,37,22.67,9.67
19020,Historical,607931,0,0,D,4,1,1458789,187.33,2006,60,132.94,23.33
19021,Historical,51805,0,0,D,4,1,509043,168.67,2006,88,102.96,16.98
19022,Historical,51806,1,1,D,5,1,246532,216.4,2010,111,102.96,40.93
19023,Historical,551936,1,1,D,3,1,382135,113.47,2001,119,56.74,26.99
19024,Historical,635332,0,0,D,1,0,359890,70,2004,31,43.61,57.76
19025,Historical,894563,0,0,D,2,1,4911601,79.95,2004,12,65.33,32.94
19026,Historical,896198,0,0,D,0,0,5891097,84.95,2003,18,65.33,73.24
19027,Historical,2525249,0,0,D,0,0,4273132,99,1981,19,46.83,76.63
19028,Historical,864120,1,2,D,10,1,214415,153.95,2011,60,77.65,23.46
19029,Historical,608794,1,3,D,9,1,923240,168.95,2007,76,77.65,53.32
19030,Historical,608777,0,0,D,8,1,1599921,181.95,2005,42,77.65,17.98
19031,Historical,2507756,0,0,D,1,0,4801076,0,1976,26,61.53,51.05
19032,Historical,529896,0,0,D,3,1,555260,60,2011,37,35.99,42.56
19033,Historical,701351,1,1,D,2,1,1454156,49.99,2007,25,35.99,17.98
19034,Historical,159491,0,0,D,39,1,1204540,190,2005,14,204.9,103.99
19035,Historical,159455,0,0,D,40,1,637337,249,2008,38,204.9,128.99
19036,Historical,876677,1,1,D,2,1,922406,29.79,2009,20,53.97,15.16
19037,Historical,529895,1,2,D,2,1,97015,94.95,2009,87,53.97,49.48
19038,Historical,159442,1,1,D,1,0,507575,81.95,2004,112,53.97,33.98
19039,Historical,289954,0,0,D,1,0,559942,82.95,2007,43,42.92,54
19040,Historical,444573,0,0,D,1,0,1047505,44.95,2004,19,0,0
19041,Historical,2103026,0,0,D,0,0,46507,79.99,2015,13,0,38.3
19042,Historical,921391,0,0,D,0,0,277376,24.95,1993,62,92.2,23.7
19043,Historical,610448,0,0,D,6,1,36256,95.95,2010,72,71.68,38.99
19044,Historical,621948,1,1,D,6,1,382729,72.95,2010,35,61.34,28.41
19045,Historical,643846,0,0,D,6,1,531356,72.95,2010,31,42.84,23.98
19046,Historical,2760067,0,0,D,0,0,2076556,25,2000,26,43.38,10.99
19047,Historical,212927,0,0,D,1,0,931290,49.95,2001,36,38.99,34.69
19048,Historical,877738,0,0,D,0,0,1433494,99.81,2005,25,22.99,74.62
19049,Historical,54862,0,0,D,11,1,261704,105.95,2004,58,22.99,58.77
19050,Historical,177567,1,2,D,10,1,505885,75.95,2001,68,22.99,29.18
19051,Historical,387172,0,0,D,3,1,102502,51.95,2009,87,28.99,13.69
19052,Historical,571978,0,0,D,2,1,854206,47.95,2003,51,3.99,7.99
19053,Historical,182783,1,1,D,1,0,1617524,47.95,2006,42,45.2,14.94
19054,Historical,251208,0,0,D,2,1,105046,52.95,2010,87,45.2,15.98
19055,Historical,251204,1,2,D,3,1,46386,52.95,2009,90,33.19,10.49
19056,Historical,618973,1,1,D,2,1,447272,51.95,2009,62,39.67,14.49
19057,Historical,289667,1,1,D,0,0,2483918,46.95,1996,21,39.78,38.97
19058,Historical,115517,1,1,D,3,1,1513013,80,2002,37,81.28,23.99
19059,Historical,118876,0,0,D,4,1,173903,108.67,2007,48,81.28,61.57
19060,Historical,534078,0,0,D,3,1,1264072,96.2,2004,46,81.28,28.94
19061,Historical,336383,0,0,D,1,0,988486,51.95,2003,16,59.54,51.95
19062,Historical,2176297,1,2,D,0,0,1057743,49.99,2011,14,0,49.99
19063,Historical,915146,0,0,D,2,1,3607473,26.95,1997,21,0,10.74
19064,Historical,617754,0,0,D,1,0,284583,65,1935,43,82.34,47.48
19065,Historical,901680,0,0,D,2,1,4972636,110,2003,18,54.31,72.81
19066,Historical,897515,0,0,D,0,0,2694401,55,2010,14,28.61,25.4
19067,Historical,610166,0,0,D,4,1,115827,45,2010,85,34.54,9.95
19068,Historical,196725,1,1,D,1,0,647464,74.95,2006,37,53.77,70.33
19069,Historical,608302,0,0,D,3,1,1652261,132,1999,24,58.74,53.91
19070,Historical,788925,0,0,D,3,1,4533304,149,2001,16,5.93,27.67
19071,Historical,113644,0,0,D,6,1,731746,171,2002,33,112.66,100.99
19072,Historical,520851,0,0,D,4,1,180740,132.99,2010,36,110.91,63.99
19073,Historical,187888,0,0,D,2,1,585110,120,1996,52,110.91,58.75
19074,Historical,862993,0,0,D,1,0,1398436,159.95,2001,19,108.78,130
19075,Historical,159444,0,0,D,5,1,1390616,449,2005,13,218.98,153.94
19076,Historical,614888,0,0,D,10,1,1695828,9.99,2007,23,32.98,6.49
19077,Historical,54364,1,4,D,11,1,20901,154.75,2010,119,10.19,19.68
19078,Historical,110944,0,0,D,10,1,2663990,12.99,2007,24,10.19,12.99
19079,Historical,111291,1,3,D,11,1,118517,219.25,2010,100,10.19,11.96
19080,Historical,285477,0,0,D,10,1,4143026,53.31,2007,11,27.5,7.94
19081,Historical,617040,0,0,D,10,1,2751476,4.16,2007,22,27.5,14.99
19082,Historical,863422,1,1,D,10,1,73140,13.46,2006,183,63.18,15.99
19083,Historical,56704,1,3,D,10,1,46050,34.29,2004,127,63.18,30.87
19084,Historical,131776,1,1,D,1,0,1008955,52.8,2005,24,43.77,59.65
19085,Historical,873541,0,0,D,3,1,251848,40,2001,63,28.97,28.74
19086,Historical,2835885,0,0,D,0,0,3290239,29.95,1974,15,26.49,119.79
19087,Historical,705244,1,2,D,10,1,1506327,212.77,2006,35,168.5,63.74
19088,Historical,402573,1,3,D,11,1,183524,85.67,2011,23,0,0
19089,Historical,2155841,1,1,D,1,0,504723,49.99,2007,47,0,17.58
19090,Historical,616050,0,0,D,7,1,934961,217.99,2005,19,118.98,101.88
19091,Historical,2662962,0,0,D,5,1,3616675,99,1995,24,118.98,53.32
19092,Historical,2540491,0,0,D,2,1,6220265,249.95,2004,8,180.29,192.99
19093,Historical,2610594,0,0,D,0,0,5105959,49.99,1999,14,100.29,43.89
19094,Historical,311964,0,0,D,1,0,122095,101,2002,24,79.73,49.72
19095,Historical,224716,0,0,D,7,1,29221,176.95,2011,56,129.94,76.99
19096,Historical,169818,0,0,D,6,1,349371,186.95,2008,48,129.94,48.99
19097,Historical,158120,1,1,D,4,1,1389682,57.95,2006,18,56.96,61.95
19098,Historical,875120,0,0,D,0,0,3241910,23.97,2005,17,104.8,47.41
19099,Historical,533529,0,0,D,5,1,189519,209.95,2009,58,104.8,61.47
19100,Historical,54106,1,1,D,4,1,206644,130.95,2005,73,104.8,18.69
19101,Historical,633755,0,0,D,4,1,27481,90,2013,52,50.1,69.68
19102,Historical,801065,1,3,D,2,1,643121,64.95,2007,47,50.1,23.99
19103,Historical,614186,1,1,D,3,1,107818,72,2010,36,50.1,12.09
19104,Historical,255770,0,0,D,3,1,474081,58.95,2005,155,47.75,10.43
19105,Historical,644282,0,0,D,0,0,1288532,41.95,1993,30,53.68,30.76
19106,Historical,634463,0,0,D,2,1,1450801,63.95,2000,22,53.68,42.5
19107,Historical,2645984,0,0,D,1,0,8293490,31.95,1991,23,0,28.99
19108,Historical,2759925,0,0,D,2,1,1998050,69.95,1996,34,87.87,28.94
19109,Historical,765670,0,0,D,3,1,378157,99.95,2003,77,32.3,15.29
19110,Historical,575685,0,0,D,1,0,2476204,46.95,1998,23,69.48,64.02
19111,Historical,644242,0,0,D,2,1,200545,62.95,1999,15,0,0
19112,Historical,126455,0,0,D,2,1,951235,42.5,2004,35,35.32,44.31
19113,Historical,917812,0,0,D,5,1,466206,124.2,2007,70,3.99,19.81
19114,Historical,849317,0,0,D,6,1,3590063,85.96,1998,37,38.9,6.99
19115,Historical,863297,1,1,D,1,0,338688,105.95,2005,26,21.99,14.68
19116,Historical,872870,0,0,D,4,1,15961947,36,1991,13,8.18,163.27
19117,Historical,56017,0,0,D,8,1,38207,234.95,2010,67,126.81,96.69
19118,Historical,56021,1,2,D,7,1,123186,138.95,2006,81,126.81,30.99
19119,Historical,2250679,0,0,D,4,1,2746983,43.78,2007,37,0,61.94
19120,Historical,297865,0,0,D,5,1,85017,208.95,2011,32,93.14,52.72
19121,Historical,533953,0,0,D,4,1,626767,220.95,2008,28,93.14,46.04
19122,Historical,609258,0,0,D,3,1,623226,48,2000,44,24.89,22.99
19123,Historical,716902,0,0,D,5,1,2558292,86,1997,30,108.59,12.94
19124,Historical,633979,0,0,D,6,1,243547,124.67,2001,32,108.59,58
19125,Historical,192944,0,0,D,1,0,1087078,37.95,2004,88,35.02,6.98
19126,Historical,534077,0,0,D,0,0,1981893,59,1991,24,34.54,50.83
19127,Historical,226491,0,0,D,2,1,4520605,75,2002,19,36.21,23.89
19128,Historical,802615,0,0,D,6,1,6053711,34.99,2007,14,45.56,7.94
19129,Historical,56013,1,1,D,7,1,1432889,77.33,2006,61,52.79,12.24
19130,Historical,56014,0,0,D,8,1,27230,101.6,2010,62,52.79,24.26
19131,Historical,2051514,0,0,D,0,0,2664456,99,2008,18,76.94,82.35
19132,Historical,508297,0,0,D,2,1,606393,34.95,2005,42,98.98,12.22
19133,Historical,2125626,0,0,D,3,1,2940012,56,2011,12,98.98,26.48
19134,Historical,863323,1,3,D,3,1,553535,23.99,2005,55,151.78,35.91
19135,Historical,863667,1,1,D,8,1,2981889,0,2008,30,48.99,27.18
19136,Historical,557630,0,0,D,9,1,567354,110.4,2011,51,48.99,21.95
19137,Historical,56758,0,0,D,4,1,95979,179.95,2009,102,126.98,58.99
19138,Historical,56757,0,0,D,3,1,1065522,189.95,2007,46,126.98,19.98
19139,Historical,897934,0,0,D,2,1,4611579,79.95,2008,18,50.9,37.48
19140,Historical,170011,1,1,D,4,1,823962,184.95,2009,62,100.82,6.78
19141,Historical,863212,0,0,D,4,1,2127897,99,2004,13,67.15,99.43
19142,Historical,529865,0,0,D,3,1,489682,153.95,2010,58,53.99,13.98
19143,Historical,139753,0,0,D,1,0,1168906,49.95,2005,26,24.99,29.84
19144,Historical,389360,0,0,D,7,1,124499,149.95,2011,51,70.44,87.99
19145,Historical,250630,0,0,D,6,1,726580,146.95,2008,28,70.44,38.99
19146,Historical,200102,0,0,D,1,0,1288419,99.95,2007,60,48.98,13.56
19147,Historical,293890,0,0,D,2,1,55937,109.95,2010,81,48.98,39
19148,Historical,863385,1,1,D,3,1,101744,98.5,2006,49,83.89,17.84
19149,Historical,271057,0,0,D,5,1,193112,115,2010,57,83.89,60.4
19150,Historical,652792,0,0,D,7,1,448938,46.95,2010,25,42.55,73.39
19151,Historical,631274,0,0,D,5,1,1915679,46.95,2006,25,42.55,119.83
19152,Historical,183893,1,1,D,1,0,3209285,236.95,2003,27,61.19,11.16
19153,Historical,253850,0,0,D,2,1,1387720,215.95,2008,32,61.19,13.97
19154,Historical,165808,0,0,D,1,0,1168965,199.95,2005,37,30,14.61
19155,Historical,868719,0,0,D,1,0,4280329,72.69,2005,34,30,14.59
19156,Historical,275790,1,1,D,5,1,1692744,23.95,2007,76,21.91,7.98
19157,Historical,562548,0,0,D,2,1,1281315,69.95,2003,33,76.12,17.74
19158,Historical,56449,0,0,D,7,1,341034,56,2005,57,26.74,7.17
19159,Historical,56451,0,0,D,8,1,525411,60,2008,46,26.74,43.1
19160,Historical,192690,0,0,D,1,0,1441449,34.95,1995,23,0,0
19161,Historical,117304,0,0,D,2,1,1231918,85.33,2006,46,35.99,10.49
19162,Historical,241553,0,0,D,3,1,1372573,79.95,2004,23,54.48,43.94
19163,Historical,534076,0,0,D,1,0,4023290,243.95,2003,21,65.26,10.97
19164,Historical,250077,0,0,D,2,1,810509,231.95,2006,60,65.26,23.98
19165,Historical,380512,1,13,D,6,1,31755,189.95,2011,101,189.9,48.98
19166,Historical,386905,1,1,D,5,1,598273,208.95,2006,97,189.9,13.16
19167,Historical,184473,0,0,D,6,1,1266913,57.95,2001,38,44.35,17.49
19169,Historical,183997,0,0,D,3,1,4569769,155.95,2004,30,53.9,31.43
19170,Historical,250082,0,0,D,3,1,1255179,210.95,2006,86,53.9,9.98
19171,Historical,250084,0,0,D,1,0,724592,228.95,2006,41,79.98,8.99
19172,Historical,207780,1,1,D,5,1,854289,33.38,2004,42,33.99,13.25
19173,Historical,258382,0,0,D,2,1,648940,83,2004,49,26.79,13.51
19174,Historical,269553,0,0,D,0,0,1425145,55,2008,28,53.98,39.99
19175,Historical,148652,1,2,D,8,1,119533,114.95,2008,70,82.57,43
19176,Historical,2562098,0,0,D,4,1,4008446,129.95,1988,18,109.31,73.97
19177,Historical,250087,0,0,D,3,1,799634,235.95,2006,40,140.94,30.98
19178,Historical,868384,0,0,D,4,1,1163440,0,1985,15,47.96,0
19179,Historical,847921,0,0,D,4,1,6734177,47,1997,13,29.1,38.99
19180,Historical,906423,0,0,D,3,1,9128358,44,1993,13,29.1,33.83
19181,Historical,243719,1,1,D,2,1,123242,59.95,2009,32,0,0
19182,Historical,256570,1,1,D,1,0,137463,44.95,2008,119,0,0
19183,Historical,919297,0,0,D,0,0,94611,17,2010,78,0,13.96
19184,Historical,253963,0,0,D,7,1,123899,84.95,2009,45,61.34,49.99
19185,Historical,709928,0,0,D,1,0,2870592,54,2000,18,67.91,74.27
19186,Historical,115974,0,0,D,2,1,592114,68.8,2004,16,67.91,98.78
19187,Historical,163105,0,0,D,1,0,564584,55,2010,40,43.99,38.45
19188,Historical,51573,0,0,D,3,1,364447,49.95,2004,289,27.13,8.94
19189,Historical,51572,1,1,D,4,1,69556,65.95,2009,364,27.13,9.99
19190,Historical,2747638,0,0,D,0,0,2420687,65,2005,20,61.25,66.34
19191,Historical,863052,0,0,D,2,1,1268668,120.95,2002,29,31.24,22.98
19192,Historical,60441,0,0,D,3,1,1002088,210.95,2004,34,31.24,58.94
19193,Historical,132223,0,0,D,2,1,70969,54.4,2007,87,52.37,43.96
19194,Historical,1689774,0,0,D,3,1,2087639,80,2006,13,109,123.55
19196,Historical,2610220,0,0,D,2,1,5686501,30,1998,28,23.88,10.99
19197,Historical,363618,0,0,D,4,1,728910,54,2003,23,0,0
19198,Historical,643278,0,0,D,2,1,1948532,143.5,1992,26,93.78,81.31
19199,Historical,636410,0,0,D,3,1,3715390,210,2001,17,56.68,44
19200,Historical,222324,0,0,D,10,1,187033,80,2011,23,50.99,62.8
19201,Historical,615888,1,1,D,6,1,977655,79.95,2007,32,73.98,10.33
19202,Historical,2894464,0,0,D,0,0,723782,199.75,1990,18,144.99,43.39
19203,Historical,60442,1,1,D,5,1,653628,137.95,2005,33,91.24,34.6
19204,Historical,529837,0,0,D,7,1,82583,190.95,2011,38,91.24,71.31
19205,Historical,298687,0,0,D,6,1,702176,201.95,2008,52,91.24,23.47
19206,Historical,3067265,0,0,D,0,0,3238630,185,2002,27,203.98,25.75
19207,Historical,644252,0,0,D,2,1,938178,164.95,1998,36,84.98,62.15
19208,Historical,249161,1,1,D,2,1,234150,42.95,2011,32,39.6,36.33
19209,Historical,293138,0,0,D,1,0,987856,39.95,2005,26,39.6,13.47
19210,Historical,626274,1,2,D,1,0,181127,107.95,2010,35,43.99,16.98
19211,Historical,728911,0,0,D,1,0,577148,59.99,2002,32,43.29,39.98
19212,Historical,703335,0,0,D,5,1,1537660,49.99,2005,59,17.74,10.64
19213,Historical,106714,0,0,D,6,1,137093,49.99,2009,48,17.74,9.97
19214,Historical,2095753,0,0,D,1,0,432932,49.99,2012,30,37.77,19.99
19215,Historical,183554,0,0,D,7,1,134171,214.95,2006,87,108.99,45.97
19216,Historical,60443,1,1,D,6,1,933046,13.06,2003,43,108.99,12.94
19217,Historical,919756,1,1,D,1,0,257474,40,2009,63,23.99,38.74
19218,Historical,700255,0,0,D,4,1,641497,55,2002,25,30.97,26.99
19219,Historical,258454,1,3,D,1,0,303684,75,2009,41,39.38,26.73
19220,Historical,902702,0,0,D,1,0,1253827,54.95,1994,20,67.45,73.95
19221,Historical,529831,0,0,D,3,1,1742350,96.95,2009,23,68.35,87.73
19222,Historical,60444,1,2,D,3,1,1012288,77.95,2004,50,68.35,14.24
19223,Historical,897541,0,0,D,1,0,1092786,205.95,2000,15,80,34
19224,Historical,635175,0,0,D,4,1,529652,150,2008,56,130.54,97.58
19225,Historical,2657826,1,1,D,2,1,1496142,79.95,1987,34,130.54,60.42
19226,Historical,2177046,0,0,D,1,0,1786554,197,2012,19,120.74,141.07
19227,Historical,247664,0,0,D,0,0,847070,76,2006,20,147.78,8.98
19228,Historical,862989,0,0,D,1,0,1394609,130,2001,25,147.78,96.92
19229,Historical,113193,0,0,D,7,1,934460,79.95,2010,31,104.94,52.3
19230,Historical,112797,0,0,D,6,1,2628476,105,2006,28,104.94,36.99
19231,Historical,862605,0,0,D,2,1,2185528,83,1995,34,51.44,40.53
19232,Historical,2689167,0,0,D,0,0,4223348,54.92,2005,18,0,9.99
19233,Historical,862975,0,0,D,1,0,1562759,75,2001,60,35.98,7.97
19234,Historical,268333,0,0,D,1,0,2784739,50,2004,22,35.98,33.99
19235,Historical,166819,0,0,D,0,0,1022292,132.5,2005,26,120.27,18.98
19236,Historical,907556,0,0,D,1,0,4472630,148,2000,18,119.63,104.19
19237,Historical,212832,0,0,D,0,0,2255377,179.95,1999,26,99.25,52.26
19238,Historical,629244,0,0,D,3,1,2102368,157.5,2001,10,127.73,128.34
19239,Historical,233338,0,0,D,6,1,658756,229.61,2002,19,0,17.72
19240,Historical,164641,0,0,D,5,1,5404517,241.95,2003,17,99.94,59.83
19241,Historical,863373,0,0,D,5,1,10124811,70,2006,11,99.94,99.24
19242,Historical,627397,0,0,D,8,1,296972,87.99,2011,23,6.83,37.8
19243,Historical,2609723,0,0,D,0,0,1027399,36.99,2000,26,47.47,22.99
19244,Historical,2561857,0,0,D,0,0,4360218,94.95,1983,15,49.94,53.65
19245,Historical,294184,0,0,D,6,1,630407,104.99,2009,31,94.46,52.28
19246,Historical,1688089,0,0,D,1,0,4413281,37.5,2007,16,46.81,66.41
19247,Historical,884738,0,0,D,1,0,5543562,87.95,2008,7,8.26,103.43
19248,Historical,609701,0,0,D,5,1,713050,55.95,2008,44,34.13,6.13
19249,Historical,261242,0,0,D,6,1,327083,59.95,2010,66,34.13,21.18
19250,Historical,261225,0,0,D,4,1,538655,55.95,2004,56,34.13,6.98
19251,Historical,264584,0,0,D,1,0,988477,130,2003,18,43.2,46.03
19252,Historical,1469443,0,0,D,1,0,2516683,125,2010,13,59.23,42.48
19253,Historical,576305,1,3,D,1,0,970225,96,2004,26,51.45,33.99
19255,Historical,577730,0,0,D,2,1,326552,75,2006,47,55.04,57.97
19256,Historical,1533823,0,0,D,0,0,4645232,169,2007,22,103.99,55.58
19257,Historical,1534171,0,0,D,0,0,1790027,79.99,2008,21,103.99,56.99
19258,Historical,265304,1,1,D,1,0,136328,69,2005,33,19.66,18.99
19259,Historical,104899,0,0,D,1,0,3583621,135,1999,14,30.94,176.18
19260,Historical,529815,0,0,D,3,1,2467553,299.95,2009,19,141.61,189.79
19261,Historical,261986,0,0,D,2,1,2886145,349.95,2005,13,141.61,98.29
19262,Historical,164579,0,0,D,3,1,2579674,145,2000,20,65.99,63.38
19263,Historical,213286,0,0,D,1,0,741699,160,2009,23,23.96,107.87
19264,Historical,268459,0,0,D,1,0,2491444,144,2007,19,46.96,125.09
19265,Historical,2801814,0,0,D,0,0,3157700,49.95,1996,10,57.04,292.08
19266,Historical,287851,0,0,D,1,0,3155899,105,2001,23,63.82,30.28
19267,Historical,268467,1,2,D,1,0,2018923,125,2007,21,41.54,75.99
19268,Historical,246386,0,0,D,3,1,4387381,99.95,2004,19,59.04,33.94
19270,Historical,203718,0,0,D,4,1,260695,83.99,2006,34,50.98,25.53
19271,Historical,901245,0,0,D,4,1,2185002,79.95,2007,15,76.26,62.18
19272,Historical,213262,0,0,D,1,0,962761,125.95,2008,22,238.07,78.17
19273,Historical,2342457,1,1,D,2,1,787912,64.95,1996,15,123.16,114.87
19274,Historical,633321,0,0,D,1,0,1122538,50,2009,23,38.99,45.98
19276,Historical,221754,0,0,D,6,1,4049221,144.95,2003,21,118.96,70.18
19277,Historical,895337,0,0,D,6,1,1754828,125.95,2008,19,93.49,66.48
19278,Historical,2366542,0,0,D,5,1,5676267,95,2001,12,93.49,58.91
19279,Historical,229620,0,0,D,1,0,3863783,184.95,1997,12,127.99,89.22
19280,Historical,1711018,0,0,D,1,0,6082974,370,2006,7,170.37,125.45
19281,Historical,639192,0,0,D,2,1,1140415,59.95,2010,42,111.54,51.99
19282,Historical,899721,0,0,D,1,0,4417258,59.95,2001,17,111.54,21.27
19283,Historical,289255,0,0,D,1,0,3895475,109,2005,15,78.03,41.9
19284,Historical,213014,0,0,D,0,0,2748753,102.95,2003,15,65.06,64.01
19285,Historical,794156,0,0,D,1,0,3347861,130.95,2004,12,86.49,111.31
19286,Historical,726391,0,0,D,2,1,4912365,69.95,2007,4,75.02,186.96
19287,Historical,793362,0,0,D,0,0,4369491,100,2002,11,65.64,100
19288,Historical,2258801,0,0,D,1,0,209686,78.41,2006,36,0,77.68
19289,Historical,247486,0,0,D,1,0,779360,150,2006,33,147.64,28.94
19290,Historical,2851317,0,0,D,1,0,4984263,179.95,2003,13,153.29,73.61
19291,Historical,1445589,0,0,D,3,1,3501071,121,2008,21,82.9,61.96
19292,Historical,699750,0,0,D,6,1,1868869,99.95,2000,38,63.97,12.74
19293,Historical,3059596,0,0,D,1,0,3505670,45,1998,11,0,87.07
19294,Historical,166658,0,0,D,3,1,1042236,144,2005,37,109.3,63.98
19295,Historical,204124,0,0,D,3,1,1305266,69.95,2006,26,37.76,53.53
19296,Historical,203434,0,0,D,2,1,1867442,52.95,2002,35,37.76,72.59
19297,Historical,883821,0,0,D,1,0,6513954,259.95,2005,6,163.98,117.33
19298,Historical,203750,0,0,D,2,1,2911320,72,2005,26,61.25,11.98
19299,Historical,200624,1,1,D,3,1,382284,99.95,2011,43,51.98,44.74
19300,Historical,366529,0,0,D,2,1,1217311,109.95,2007,29,51.98,58.84
19301,Historical,199146,0,0,D,0,0,1259637,101,2003,15,78.64,50
19302,Historical,212821,0,0,D,1,0,3785715,130,2000,22,125.54,51.16
19303,Historical,449363,1,1,D,1,0,775473,100,2006,27,72.97,59.41
19304,Historical,295512,1,2,D,3,1,899962,32.95,1997,26,5.35,37.17
19305,Historical,205601,0,0,D,2,1,1902267,90,1999,28,22.49,9.89
19306,Historical,205958,0,0,D,2,1,1905882,90,2004,29,42.84,19.94
19307,Historical,225879,0,0,D,1,0,3533160,199.95,2005,16,165.4,60.7
19308,Historical,2560819,0,0,D,2,1,1021251,125,1982,38,704.22,55.42
19309,Historical,120092,0,0,D,4,1,379243,72.8,2008,124,66.33,12.98
19310,Historical,116919,0,0,D,3,1,2405755,44.95,2004,60,66.33,10.25
19311,Historical,906251,0,0,D,0,0,5210660,58.99,2005,21,13.89,49.57
19312,Historical,794469,0,0,D,2,1,2952196,130.95,2008,14,112.74,99.83
19313,Historical,793632,0,0,D,0,0,1966083,127.95,2002,14,112.74,99.55
19314,Historical,529785,0,0,D,4,1,206897,71.99,2010,32,36.29,60.16
19315,Historical,203365,0,0,D,3,1,1560535,69.95,2001,30,36.29,12
19316,Historical,527012,0,0,D,6,1,326005,50.6,2008,77,33.74,39.98
19317,Historical,653922,0,0,D,1,0,7499893,188.95,1999,17,107.19,52.39
19318,Historical,895883,0,0,D,3,1,4149962,85.99,2003,17,38.02,41.87
19319,Historical,652417,0,0,D,2,1,841697,110,2013,62,50.95,50.92
19320,Historical,392577,0,0,D,1,0,962174,55,2005,43,50.95,14.32
19321,Historical,870570,0,0,D,1,0,2279723,85,2003,26,50.95,33.98
19322,Historical,2027241,0,0,D,1,0,1334168,154.95,2006,10,154.48,87.99
19324,Historical,147108,0,0,D,5,1,337377,84.95,2004,47,37.49,33.96
19325,Historical,196262,0,0,D,3,1,2772990,75,2006,13,54.99,70.63
19326,Historical,196232,0,0,D,2,1,3353744,50,2001,20,54.99,57.32
19327,Historical,2552075,1,1,D,1,0,3703541,42.95,1990,26,67.08,44.79
19328,Historical,2551366,1,1,D,2,1,852238,56.95,2002,10,67.08,675
19329,Historical,2851713,1,1,D,1,0,3863769,440,1988,16,199.58,96.79
19330,Historical,912122,0,0,D,1,0,2776136,185,2002,18,0,125.13
19331,Historical,901777,0,0,D,2,1,5146678,287.53,1999,38,127.11,87.39
19332,Historical,905908,0,0,D,3,1,2622344,69.95,1997,24,95.93,58.99
19333,Historical,1709101,0,0,D,1,0,5969513,309.95,2007,12,169.74,79.57
19334,Historical,902875,0,0,D,0,0,2070561,99,2010,19,59.64,80.44
19335,Historical,391905,0,0,D,1,0,797370,130,2002,32,48.99,37.94
19336,Historical,194810,0,0,D,0,0,892669,69.95,2000,29,0,0
19337,Historical,631589,0,0,D,4,1,646308,99,2010,27,109.49,68.99
19338,Historical,653821,0,0,D,1,0,1584527,120.95,2008,12,106.75,120.95
19339,Historical,205702,0,0,D,2,1,1176870,75,2000,27,62.22,23.94
19340,Historical,147248,0,0,D,6,1,850329,69.95,2006,50,73.34,43.25
19341,Historical,147631,0,0,D,7,1,138766,85.95,2010,37,73.34,93.57
19342,Historical,906755,0,0,D,5,1,478779,79,2000,17,53.99,49.46
19343,Historical,147055,0,0,D,2,1,768093,45.95,2003,30,28.99,31.99
19344,Historical,147496,0,0,D,3,1,347359,65.95,2007,24,28.99,19.97
19345,Historical,549131,0,0,D,1,0,1903483,125,2001,17,75.25,93.49
19346,Historical,3076926,0,0,D,1,0,3686168,135.95,2003,18,133.89,117.07
19347,Historical,56201,0,0,D,15,1,1424649,149,2006,44,174.12,18.68
19348,Historical,56202,1,1,D,16,1,221601,159.95,2009,55,174.12,33.83
19349,Historical,717941,0,0,D,1,0,3580344,76,1999,30,88.94,48.27
19350,Historical,775019,0,0,D,2,1,1595713,42.95,2001,38,39.34,25.87
19351,Historical,56238,1,2,D,12,1,305265,45.95,2007,82,27.83,10.98
19352,Historical,533370,1,1,D,14,1,24791,49.99,2012,76,27.83,23.25
19353,Historical,56239,1,1,D,13,1,244853,46.95,2009,104,27.83,16.78
19354,Historical,864554,0,0,D,3,1,1014425,189.95,2014,9,177.93,166.47
19355,Historical,1867136,0,0,D,3,1,365332,259.95,2008,17,177.93,106.45
19356,Historical,256523,0,0,D,1,0,1559349,49.95,2002,21,37.49,42.76
19357,Historical,2832923,0,0,D,2,1,8184647,299.95,2004,17,123.13,39.98
19359,Historical,830028,0,0,D,1,0,1876558,56.95,1996,22,75.71,8.98
19361,Historical,203337,0,0,D,2,1,1959832,39.95,1999,33,4.02,13.99
19362,Historical,2664552,0,0,D,3,1,3127892,69.95,1999,18,40.35,38.99
19363,Historical,599558,0,0,D,3,1,3751885,45,2005,21,48.98,37.98
19364,Historical,3503492,0,0,D,1,0,2146631,45,1997,12,0,16.87
19365,Historical,661157,0,0,D,1,0,857824,34,2011,18,0,31.38
19366,Historical,261351,0,0,D,2,1,1409427,49,2001,24,48.35,35.08
19367,Historical,626180,0,0,D,3,1,328066,140,2008,24,48.35,86.45
19368,Historical,883798,0,0,D,2,1,4190885,299.95,2005,10,163.88,66.98
19369,Historical,1867632,0,0,D,2,1,3799085,209.95,2009,15,188.33,131.96
19370,Historical,625779,0,0,D,1,0,2951079,75,1989,23,20.95,73.33
19371,Historical,722487,0,0,D,2,1,2112361,65,2006,19,20.95,66.16
19372,Historical,837187,0,0,D,1,0,3566738,290,2007,26,208.9,127.56
19373,Historical,654555,0,0,D,1,0,1536211,85,2010,16,0,0
19374,Historical,907069,0,0,D,0,0,938482,95,2001,21,43.55,79.87
19375,Historical,2502438,0,0,D,1,0,4417026,64.95,2001,13,51.38,39.76
19376,Historical,290225,0,0,D,3,1,36815,92,2010,42,53.96,34.49
19377,Historical,205891,0,0,D,2,1,787825,75,2004,65,53.96,18.93
19378,Historical,2750621,0,0,D,0,0,3148979,39.95,2000,24,43.29,28.99
19379,Historical,2332140,0,0,D,0,0,3271493,125.5,1986,24,53.99,19.99
19380,Historical,2878904,0,0,D,1,0,2905687,180,2000,14,168.99,37.12
19381,Historical,653033,0,0,D,1,0,3313269,89.99,2000,19,39.21,36.13
19382,Historical,57348,1,1,D,4,1,167171,25.94,2003,109,70.98,18.95
19383,Historical,57346,0,0,D,5,1,19261,175,2009,53,70.98,68.96
19384,Historical,863135,0,0,D,2,1,2098723,232,2003,11,128.99,84.91
19385,Historical,166325,0,0,D,2,1,1188743,132,2003,35,128.99,86.31
19386,Historical,299135,1,2,D,1,0,1058316,39.95,1999,36,0,0
19387,Historical,268436,0,0,D,2,1,1089914,90,2006,31,31.43,36.62
19388,Historical,721194,0,0,D,0,0,2621731,75,2003,21,15.69,14.01
19389,Historical,646128,1,3,D,1,0,977313,55,2010,16,57.04,160.37
19390,Historical,268464,1,1,D,1,0,779602,110,2007,28,57.04,23.18
19391,Historical,1854646,0,0,D,1,0,1942341,90,2007,32,140.72,78.74
19393,Historical,256488,0,0,D,1,0,2860968,49.95,2000,20,34.63,21.89
19394,Historical,2338179,0,0,D,2,1,3373282,79.5,1988,30,14.34,52.51
19395,Historical,125908,0,0,D,1,0,1635019,105,2001,27,136.75,67.94
19396,Historical,213269,0,0,D,1,0,778769,130.95,2007,28,99.93,94.88
19397,Historical,912229,0,0,D,1,0,4392275,246.95,2003,19,49.73,67.37
19398,Historical,174009,0,0,D,1,0,1347130,74.99,2000,35,56.45,52.03
19399,Historical,897393,0,0,D,1,0,1699026,80,2009,22,52.93,84.77
19400,Historical,205792,0,0,D,0,0,3073248,95,2001,18,19.32,49.74
19401,Historical,213095,0,0,D,2,1,1250338,120.95,2005,19,88.99,90.48
19402,Historical,907586,0,0,D,1,0,6096205,112.5,1993,22,88.99,49.05
19403,Historical,152401,0,0,D,0,0,491128,149,2007,26,0,0
19404,Historical,2341462,0,0,D,4,1,1554143,94.95,1988,26,76.46,48.84
19405,Historical,2335124,0,0,D,0,0,2795018,64.5,1991,16,58.99,77.33
19406,Historical,264306,0,0,D,2,1,447626,67.99,2010,37,44.64,50.2
19407,Historical,1959214,0,0,D,0,0,1041069,99.95,2013,11,0,83.88
19408,Historical,656647,0,0,D,0,0,3734204,109.95,2006,13,81.33,75
19409,Historical,904533,0,0,D,1,0,3392553,90,2002,16,55.9,51.48
19410,Historical,247564,0,0,D,1,0,3254723,123,2004,14,62.02,175.3
19411,Historical,529759,0,0,D,4,1,666677,52.99,2009,30,0,0
19412,Historical,907280,0,0,D,0,0,3028338,275,2003,19,89.04,17.69
19413,Historical,287693,0,0,D,2,1,295305,95,2001,66,62.78,18.87
19414,Historical,646524,0,0,D,1,0,1432733,67,2008,18,74.33,43.98
19415,Historical,250624,0,0,D,2,1,1079054,65.95,2009,24,60.43,136.81
19416,Historical,221767,0,0,D,2,1,4033503,104.95,2005,13,79.39,147.93
19417,Historical,199040,1,1,D,1,0,2588468,106,2000,51,132.92,13.82
19418,Historical,2722045,0,0,D,1,0,5434288,117,2000,16,132.92,84.73
19419,Historical,196615,0,0,D,2,1,1161624,62.95,2002,52,33.9,8.95
19420,Historical,142199,0,0,D,10,1,58784,41.83,2011,40,49.33,104.64
19421,Historical,141912,0,0,D,9,1,200551,18.37,2008,48,49.33,14.75
19422,Historical,2340614,0,0,D,1,0,3722698,95,1984,20,25.95,45.85
19423,Historical,295262,0,0,D,2,1,3083225,57.95,2000,25,70.88,57.74
19424,Historical,898073,0,0,D,0,0,4948440,50,1997,15,70.88,42.88
19425,Historical,158278,0,0,D,1,0,1309748,99.95,2007,20,75.98,91.99
19426,Historical,112796,0,0,D,6,1,3019406,131,2006,18,90.67,43.99
19427,Historical,285709,0,0,D,7,1,1344151,79.95,2010,18,90.67,53.02
19428,Historical,206342,0,0,D,1,0,341827,60.95,2003,21,93.79,50.81
19429,Historical,112839,0,0,D,6,1,1305644,77.95,2005,32,29.59,14.99
19430,Historical,863293,0,0,D,1,0,1349157,90,2005,31,28.66,18.07
19431,Historical,1533512,0,0,D,1,0,3417798,89.95,2006,8,73.81,515.44
19432,Historical,2883972,0,0,D,0,0,7370037,269.95,1987,20,150.11,50.33
19433,Historical,863810,0,0,D,1,0,2851980,265,2009,14,167.35,49.99
19434,Historical,247722,0,0,D,0,0,1202678,66,2005,28,60.89,45.51
19435,Historical,907382,0,0,D,1,0,3454067,125,2004,24,60.89,62.06
19436,Historical,700227,0,0,D,1,0,3282319,157.5,2003,20,222.48,49
19437,Historical,146884,0,0,D,3,1,961288,69.95,2000,24,73.98,40.77
19438,Historical,147471,0,0,D,4,1,1002622,88.95,2006,17,73.98,81.24
19439,Historical,192856,0,0,D,4,1,1664412,99.95,2004,11,93.98,90.62
19440,Historical,793144,0,0,D,0,0,3667387,441,2002,15,152.49,35.86
19441,Historical,1867528,0,0,D,2,1,1333608,159.95,2008,16,133.99,89.55
19442,Historical,3049606,0,0,D,1,0,3610546,124.95,2003,12,133.99,123.74
19443,Historical,868447,1,1,D,5,1,4271908,39,1998,12,67.52,37.96
19444,Historical,113197,0,0,D,3,1,133712,78.95,2010,28,47.83,39.01
19445,Historical,2578079,1,1,D,1,0,7074913,120,1985,20,75.77,42.44
19446,Historical,265149,0,0,D,13,1,3987293,225,2005,16,436.17,65.81
19447,Historical,265155,0,0,D,14,1,543404,248,2006,18,436.17,33.99
19448,Historical,60009,0,0,D,10,1,139056,50.8,2005,88,53.6,9.39
19449,Historical,873575,1,1,D,4,1,122688,222.95,2003,52,163.98,72.33
19450,Historical,910422,0,0,D,1,0,1647755,55.95,2005,30,32.32,38.99
19451,Historical,649064,0,0,D,2,1,980483,67,2009,30,32.32,33.99
19452,Historical,909200,0,0,D,0,0,1219467,34.95,2006,32,42.87,67.21
19453,Historical,868636,1,1,D,3,1,796649,42.95,1994,42,28.2,27.29
19454,Historical,202437,0,0,D,4,1,96812,60,1999,37,28.2,24
19455,Historical,286469,1,2,D,1,0,492284,109.4,2011,57,81.57,28.74
19456,Historical,495946,0,0,D,1,0,667053,215.95,2005,61,82.94,45.97
19457,Historical,576266,0,0,D,1,0,2810800,70.95,1999,29,53.08,16.17
19458,Historical,686814,0,0,D,1,0,1932590,7.45,2006,12,29.98,12.49
19459,Historical,2396662,0,0,D,1,0,4487143,73.9,2005,20,33.65,9.01
19460,Historical,2396622,1,1,D,1,0,217479,67,2005,26,33.99,43.69
19461,Historical,868052,0,0,D,0,0,378102,54,2002,35,39.78,53.93
19462,Historical,914992,0,0,D,1,0,1467399,55,1998,25,29.78,9.99
19463,Historical,629874,0,0,D,1,0,1314864,40,2002,24,29.78,53.68
19464,Historical,60445,1,2,D,9,1,1576064,119,2001,36,79.67,5.01
19465,Historical,285803,0,0,D,9,1,2096319,119,2001,30,60.61,20.98
19466,Historical,747990,1,1,D,1,0,205952,69.5,1997,34,94.11,8.99
19467,Historical,619878,0,0,D,3,1,278232,306.95,2002,46,142.71,67.21
19468,Historical,108672,0,0,D,0,0,1402111,0,2003,17,129.69,46.61
19469,Historical,190464,0,0,D,1,0,1099112,34.49,2002,57,129.69,21.52
19470,Historical,1900819,0,0,D,1,0,3417015,162.95,2009,14,57.86,43.86
19471,Historical,529732,0,0,D,0,0,979084,215.95,2002,26,79.93,137.75
19472,Historical,249914,0,0,D,0,0,206185,126.95,2006,26,79.93,108.08
19473,Historical,529729,0,0,D,29,1,132820,65,2012,47,20.49,17.42
19474,Historical,106365,1,1,D,27,1,1141142,47.95,2006,35,20.49,8.99
19475,Historical,106741,0,0,D,28,1,387679,60.95,2009,39,20.49,53.91
19477,Historical,106295,0,0,D,1,0,2497031,72.95,2006,25,28.93,28.98
19478,Historical,907572,0,0,D,1,0,2782120,72.95,2006,33,28.93,28.99
19479,Historical,701913,0,0,D,1,0,2002544,86,2010,19,7.89,17.19
19480,Historical,632212,1,1,D,1,0,1953265,86,2010,18,42.48,29.98
19481,Historical,629252,0,0,D,1,0,688805,99,2010,21,31.01,32.99
19482,Historical,606777,1,1,D,17,1,176639,60,2009,48,35.23,11.98
19483,Historical,106188,0,0,D,16,1,2246522,52.95,2005,101,35.23,4.22
19484,Historical,529727,0,0,D,18,1,96572,73,2012,42,35.23,33.39
19485,Historical,701914,0,0,D,1,0,1215771,86,2010,26,51.9,24.29
19486,Historical,529726,0,0,D,2,1,1543501,92,2010,23,59.86,49.96
19487,Historical,106296,0,0,D,1,0,555932,72.95,2006,29,59.86,37.98
19488,Historical,105885,1,1,D,16,1,252483,145,2004,74,145.58,28.84
19489,Historical,105850,0,0,D,16,1,3288165,0,2005,32,0,0
19490,Historical,642415,0,0,D,1,0,1679019,86,2010,23,16.72,41.49
19491,Historical,1562169,0,0,D,1,0,298176,56.94,2006,22,46.71,63.66
19492,Historical,121113,0,0,D,7,1,105771,147.2,2001,35,78.09,76.8
19493,Historical,115935,1,1,D,4,1,622904,135.4,2006,40,38.58,73.4
19494,Historical,607527,1,1,D,3,1,433992,121.4,2001,33,38.58,22.49
19495,Historical,3131402,1,1,D,1,0,918927,47,2005,58,27.69,8.99
19496,Historical,270642,0,0,D,3,1,22836,33,2010,51,24.99,25.85
19497,Historical,294149,1,1,D,4,1,2605661,210,2005,21,121.98,128.63
19498,Historical,529721,0,0,D,5,1,772718,249.99,2009,23,121.98,73.49
19499,Historical,919576,0,0,D,12,1,2355555,92.95,1992,43,104.66,5.98
19501,Historical,3568074,0,0,D,0,0,318412,0,2002,10,0,44.59
19502,Historical,200168,1,2,D,1,0,76459,104.95,2009,42,60.27,90.9
19503,Historical,631802,0,0,D,3,1,372128,42,2005,55,66.98,6.85
19504,Historical,863191,1,2,D,3,1,828400,53,2004,67,0,0
19505,Historical,2335170,1,3,D,0,0,288790,99.23,1994,43,91.25,28.77
19506,Historical,104407,0,0,D,2,1,424429,0,2000,29,91.25,83.99
19507,Historical,615104,0,0,D,0,0,914261,96.95,2012,71,67.9,5.04
19508,Historical,624716,1,1,D,0,0,634765,96.95,2012,67,67.9,7.43
19509,Historical,613565,0,0,D,0,0,1107056,96.95,2011,65,67.9,4
19510,Historical,254001,0,0,D,0,0,1321108,79.95,2010,75,20.94,4.36
19511,Historical,612532,0,0,D,0,0,891687,83.95,2014,79,20.94,8.23
19512,Historical,54992,0,0,D,2,1,144175,69.95,2011,108,67.67,19.98
19513,Historical,54991,0,0,D,0,0,952169,12.99,2008,50,67.67,12.99
19514,Historical,544653,1,1,D,3,1,81902,79.95,2013,76,67.67,42.36
19515,Historical,670170,0,0,D,0,0,2574928,99,2006,16,108.89,119.82
19516,Historical,636563,0,0,D,3,1,2293776,297.99,2008,13,181.34,16.17
19517,Historical,789132,0,0,D,2,1,5425468,199,2003,18,181.34,68.57
19518,Historical,647922,0,0,D,1,0,2603404,193.95,2006,19,122.19,84.85
19519,Historical,573529,0,0,D,1,0,3387275,113,2001,13,23.63,16.63
19520,Historical,919166,0,0,D,1,0,724020,49.99,2007,61,22.91,12.87
19521,Historical,1615974,0,0,D,1,0,278605,39.99,2008,85,21.92,5.88
19522,Historical,182451,1,1,D,9,1,4188060,105.33,2000,35,47.38,37.98
19523,Historical,132424,0,0,D,9,1,2033377,110.6,2000,34,47.38,50.73
19524,Historical,1955560,0,0,D,0,0,249253,19.95,2011,10,0,19.91
19525,Historical,1718376,0,0,D,1,0,2469827,45,2007,19,11.99,11.06
19526,Historical,2509452,0,0,D,0,0,447943,24.95,1996,51,46.95,14.09
19527,Historical,133146,0,0,D,3,1,820090,91,2009,41,4,10.95
19528,Historical,607723,0,0,D,2,1,1572963,59.8,2006,27,4,7.98
19529,Historical,1455677,0,0,D,2,1,1290579,205.73,2014,17,99.48,59.99
19530,Historical,553150,0,0,D,2,1,946857,197.53,2011,21,99.48,359.64
19531,Historical,120250,0,0,D,2,1,72113,130.2,2011,191,99.48,17.76
19532,Historical,114710,1,3,D,0,0,1049408,103.89,2006,167,99.48,5.88
19533,Historical,1651550,0,0,D,1,0,3883151,59.95,2007,9,56.28,43.99
19534,Historical,53112,1,1,D,9,1,1096562,78.95,2007,60,59.98,9.72
19535,Historical,545642,1,7,D,11,1,10596,165.95,2012,72,59.98,55.61
19536,Historical,53113,1,1,D,10,1,54058,177.95,2009,138,59.98,23.99
19537,Historical,576554,1,4,D,2,1,1225555,61.95,2002,23,55.08,37.64
19538,Historical,60446,0,0,D,3,1,1800815,265.95,2006,52,38.97,33.91
19539,Historical,253858,0,0,D,4,1,605971,250.95,2009,67,38.97,9.97
19540,Historical,873231,0,0,D,4,1,1579429,141.99,2010,17,48.34,19.52
19541,Historical,203831,0,0,D,3,1,1901055,94.95,2006,96,48.34,5.99
19542,Historical,204058,1,1,D,4,1,66475,106.99,2009,194,48.34,12.99
19543,Historical,53722,1,3,D,4,1,34214,90,2008,116,28.8,39.85
19544,Historical,873243,0,0,D,4,1,1273098,130.95,2004,30,36.4,50.15
19545,Historical,778374,0,0,D,3,1,6438739,93.95,2003,14,36.4,46.69
19546,Historical,245135,1,1,D,6,1,808825,318.95,2004,41,81,17.49
19547,Historical,118359,0,0,D,5,1,744175,76,2009,33,54.3,43.94
19548,Historical,576639,0,0,D,2,1,519055,129.95,2008,74,42.17,30.75
19549,Historical,205983,0,0,D,1,0,1424378,80,2005,34,48.99,9.98
19550,Historical,162650,0,0,D,2,1,315121,90,2009,128,48.99,14.77
19551,Historical,468655,1,2,D,7,1,1063927,148,2007,29,99,43.98
19552,Historical,143369,0,0,D,2,1,403225,35,1998,22,35.99,16
19553,Historical,200308,0,0,D,3,1,826142,123.95,2003,54,63.03,8.75
19554,Historical,597294,0,0,D,2,1,5632997,65,2003,17,34.89,72.33
19555,Historical,201706,0,0,D,3,1,322273,45.95,2006,36,4,22.82
19556,Historical,60447,0,0,D,5,1,1802685,176.95,2005,63,41.43,9.95
19557,Historical,366534,1,2,D,6,1,1155472,103.95,2008,78,41.43,4.13
19558,Historical,529707,0,0,D,5,1,163950,90.95,2011,34,28.84,40.33
19559,Historical,533966,0,0,D,4,1,1748610,90.95,2007,55,28.84,22.48
19560,Historical,577735,0,0,D,1,0,309815,80,2007,64,42.42,8.98
19561,Historical,246592,0,0,D,1,0,1252481,69.95,2008,36,29.53,25
19562,Historical,494788,0,0,D,1,0,4612798,125.95,2007,21,29.53,41.87
19563,Historical,200300,0,0,D,1,0,2152190,140.95,2005,34,108.45,16.97
19564,Historical,209630,1,6,D,1,0,195880,42,2008,59,42.87,25.98
19565,Historical,162835,0,0,D,4,1,360236,13.97,2010,54,26.85,13.96
19566,Historical,449523,1,1,D,3,1,1250969,43.99,2006,50,26.85,31.98
19567,Historical,291707,0,0,D,5,1,450229,355.95,2011,56,178.49,69.3
19568,Historical,60449,0,0,D,3,1,2133385,288.95,2004,49,178.49,23.97
19569,Historical,288938,0,0,D,4,1,1071550,376.95,2008,44,178.49,50.98
19570,Historical,564580,0,0,D,0,0,5923875,75,2002,15,60.03,42.94
19571,Historical,288916,0,0,D,4,1,171938,9.95,2007,32,146.96,12.94
19572,Historical,288514,1,1,D,3,1,1676777,86.67,2002,45,123.98,24.49
19573,Historical,55137,0,0,D,6,1,306426,67.21,2008,62,146.82,27.15
19574,Historical,110703,0,0,D,7,1,15772,121.14,2011,80,146.82,41.93
19575,Historical,55136,0,0,D,5,1,1853963,116.5,2006,44,146.82,6.47
19576,Historical,199113,0,0,D,1,0,1270505,97,2003,42,43.98,9.98
19577,Historical,190432,1,4,D,4,1,323758,0,2007,46,79.98,33.98
19578,Historical,253984,0,0,D,4,1,366115,106,2011,95,87.38,19.84
19579,Historical,248890,0,0,D,3,1,1201556,94.95,2007,61,87.38,15.99
19580,Historical,200436,0,0,D,3,1,93887,111.95,2008,115,5.87,21.99
19581,Historical,260005,0,0,D,1,0,877192,103,2007,36,73.98,33.89
19582,Historical,592352,0,0,D,2,1,2664635,84.95,2008,42,44.18,5.22
19583,Historical,534683,0,0,D,4,1,767924,98.95,2012,104,44.18,10.99
19584,Historical,529699,0,0,D,3,1,1485549,92.95,2010,92,44.18,6.09
19585,Historical,143282,0,0,D,6,1,653192,158,2008,36,99.16,6.59
19586,Historical,875729,0,0,D,5,1,1652510,133,2004,38,88.99,55
19587,Historical,433363,1,1,D,6,1,400564,213,2008,50,88.99,77.99
19588,Historical,131366,0,0,D,0,0,1463999,53.6,2000,41,50.95,33.79
19589,Historical,199890,0,0,D,4,1,3446124,64.95,2004,28,39.99,7.93
19590,Historical,200252,0,0,D,1,0,259270,133.95,2007,78,77.99,19.89
19591,Historical,529698,0,0,D,4,1,1064947,78.95,2011,27,41.99,53.29
19592,Historical,200349,0,0,D,3,1,1129039,109.95,2007,68,41.99,5.57
19593,Historical,254547,1,1,D,4,1,284560,101.95,2011,124,41.99,11.94
19594,Historical,200282,0,0,D,5,1,261419,122.95,2007,132,4,28.83
19595,Historical,597284,1,1,D,5,1,100466,100,2011,114,86.99,29.98
19596,Historical,609696,0,0,D,4,1,885990,89,2007,89,86.99,12.99
19597,Historical,609695,0,0,D,4,1,916620,98,2005,91,346.65,7.98
19598,Historical,260020,1,1,D,5,1,49219,142.25,2010,75,346.65,48.89
19599,Historical,529696,0,0,D,4,1,897256,208.95,2008,76,125.63,11.41
19600,Historical,248791,0,0,D,7,1,1041890,59.95,2007,90,27.89,8.88
19601,Historical,200635,0,0,D,1,0,60790,121.95,2010,69,103.99,62.27
19602,Historical,584907,0,0,D,2,1,3723912,52,2002,30,31.47,15.89
19603,Historical,200309,0,0,D,0,0,1575262,76.95,2004,45,59.93,20.96
19604,Historical,200363,1,2,D,2,1,639783,139.95,2008,90,59.93,21.21
19605,Historical,849947,1,1,D,3,1,1301780,82.5,1999,34,79.26,21.99
19606,Historical,642029,0,0,D,6,1,64300,95,2013,39,32.49,39.89
19607,Historical,582345,0,0,D,4,1,2754738,75,2007,27,32.49,5.99
19608,Historical,295829,1,1,D,5,1,895226,90,2010,35,32.49,10.98
19609,Historical,200004,1,3,D,1,0,666523,115.95,2005,50,46.98,44.51
19610,Historical,620297,0,0,D,2,1,1119773,85,2008,47,61.24,8.91
19611,Historical,249813,0,0,D,2,1,1006077,186.95,2008,68,40.19,12.65
19612,Historical,116131,1,3,D,5,1,405438,62.59,2005,100,64.01,13.49
19613,Historical,120199,0,0,D,6,1,38097,89,2010,102,64.01,27.32
19614,Historical,609372,0,0,D,2,1,6652390,101.95,1994,19,61.4,12.94
19615,Historical,609120,0,0,D,3,1,1440389,154.95,2001,26,61.4,35.34
19616,Historical,57174,0,0,D,6,1,1355108,72.95,2005,109,59.52,4.8
19617,Historical,57175,0,0,D,7,1,79275,92.95,2009,297,59.52,13.96
19618,Historical,438052,0,0,D,4,1,814896,69,2007,34,43.99,67.52
19619,Historical,53202,0,0,D,7,1,131631,36.9,2010,75,53.98,23.98
19620,Historical,169908,0,0,D,2,1,225670,250.95,2009,60,98.97,61.25
19621,Historical,912260,0,0,D,3,1,1827336,65.95,2004,21,43.99,32.99
19622,Historical,417337,1,1,D,8,1,13855,28.97,2011,127,143.5,20.98
19623,Historical,163986,0,0,D,1,0,2047253,6.62,2003,38,29.54,4.58
19624,Historical,760271,0,0,D,1,0,9219598,0,2003,13,29.54,111.01
19625,Historical,421858,0,0,D,1,0,282408,152.8,2010,48,131.42,71.35
19626,Historical,53204,0,0,D,5,1,2506375,20.98,2005,39,53.98,19.98
19627,Historical,450489,0,0,D,0,0,3423414,145.94,2006,13,118.98,126.51
19628,Historical,451802,1,3,D,7,1,65698,323.95,2009,68,137.99,43.95
19629,Historical,178000,0,0,D,1,0,1082989,155.95,2005,34,98.97,49.84
19630,Historical,252602,0,0,D,3,1,44178,19.15,2011,104,111.24,18.99
19631,Historical,416626,0,0,D,7,1,162281,21.99,2008,103,143.5,15.25
19632,Historical,53201,0,0,D,6,1,1031156,23.98,2008,98,53.98,19.95
19633,Historical,450427,1,2,D,6,1,128205,200.95,2006,63,137.99,41.56
19634,Historical,52753,0,0,D,2,1,449300,19.39,2006,84,111.24,15.69
19635,Historical,607214,0,0,D,6,1,1701942,45,2001,26,6.89,61.42
19636,Historical,52022,0,0,D,8,1,18077,229.95,2011,65,105.82,34.37
19637,Historical,52024,0,0,D,6,1,1276505,162.95,2005,135,105.82,13.41
19638,Historical,52023,1,2,D,7,1,317804,242.95,2008,152,105.82,13.87
19639,Historical,423294,1,2,D,1,0,227394,149,2008,64,64.23,26.98
19640,Historical,553609,0,0,D,2,1,733280,94.4,2008,55,56.99,11.29
19641,Historical,391022,0,0,D,8,1,2776060,86,2004,19,4.75,4.73
19642,Historical,260013,0,0,D,9,1,994630,99,2009,42,4.75,7.95
19643,Historical,916231,0,0,D,1,0,980789,192.95,1996,25,35,44.69
19644,Historical,54046,1,15,D,8,1,234144,89.4,2008,136,70.19,17.94
19645,Historical,54047,1,3,D,9,1,248363,105.4,2010,131,70.19,23.99
19646,Historical,1867707,0,0,D,1,0,2850789,57.95,2009,26,23.49,28.85
19647,Historical,50873,0,0,D,3,1,58655,141.95,2009,104,43.88,18.99
19648,Historical,534616,0,0,D,5,1,31307,172.5,2011,100,73.98,53.99
19649,Historical,50871,1,1,D,2,1,1200038,91.95,2005,73,43.88,9.55
19650,Historical,502758,0,0,D,4,1,373902,120,2007,49,73.98,60.42
19651,Historical,919018,1,1,D,3,1,1277195,108,2005,40,73.98,11.96
19652,Historical,749805,0,0,D,1,0,1888156,78.95,2007,29,33.39,17.94
19653,Historical,330358,1,1,D,1,0,4391784,142.95,2003,30,90.96,16.89
19654,Historical,874583,0,0,D,3,1,4973787,135.04,2010,33,89.87,63.2
19655,Historical,594306,0,0,D,3,1,1099431,139,2010,31,89.87,45.73
19656,Historical,152394,0,0,D,3,1,499769,139,2004,46,89.87,51.09
19657,Historical,391031,1,1,D,1,0,723647,137.25,2008,21,59.74,33.99
19658,Historical,259997,1,2,D,2,1,425067,78,2005,53,33.99,16.98
19659,Historical,2154385,1,1,D,1,0,1806625,29.95,2006,29,13.96,14.47
19660,Historical,634991,0,0,D,2,1,263774,39.95,2011,15,13.96,38.12
19661,Historical,614499,0,0,D,2,1,326395,80.85,2013,12,0,0
19662,Historical,615739,1,1,D,1,0,1212775,94.99,2001,35,63.74,31.87
19663,Historical,188004,0,0,D,5,1,1469232,93.99,2002,44,94.51,38.59
19664,Historical,788725,0,0,D,1,0,6625445,99,2000,15,7.19,47.19
19665,Historical,775145,0,0,D,1,0,3429762,184,2003,18,114.69,33.57
19666,Historical,627267,0,0,D,2,1,1814045,195,2010,14,114.69,46.99
19667,Historical,278662,0,0,D,2,1,229576,89.95,2005,48,77.23,44.2
19668,Historical,111310,0,0,D,4,1,105278,48.97,2010,58,127.47,79.66
19669,Historical,2560645,0,0,D,0,0,3524503,67.53,1980,23,85.49,73.21
19670,Historical,2177715,0,0,D,1,0,5397283,119,2006,12,83.4,192.57
19672,Historical,911139,0,0,D,0,0,593010,0,1992,30,25.4,101.86
19673,Historical,635374,1,1,D,9,1,759939,62.42,2001,25,148.07,54.49
19674,Historical,660546,0,0,D,2,1,616336,212.2,1998,27,25.4,117.07
19675,Historical,1595143,0,0,D,1,0,1868820,170,2008,20,90.63,108.44
19676,Historical,60961,1,2,D,5,1,1042245,101.95,2004,128,42.07,7.89
19677,Historical,291752,1,1,D,6,1,371608,115.95,2009,126,5.98,19.76
19678,Historical,874123,0,0,D,4,1,3895640,22.67,1992,19,93.94,92.21
19679,Historical,868376,0,0,D,5,1,1673037,29.56,1996,50,93.94,32.09
19680,Historical,259366,1,3,D,3,1,271817,126.72,2003,39,18.63,53.25
19681,Historical,621161,1,2,D,2,1,886351,99,2000,53,72.14,47.63
19682,Historical,541649,0,0,D,3,1,248112,130,2008,44,72.14,78.73
19683,Historical,608327,0,0,D,5,1,1076637,100.37,2000,31,110.96,70.73
19684,Historical,1731766,1,1,D,0,0,4460218,149.95,2007,15,251.93,79.88
19685,Historical,529683,1,8,D,5,1,363803,272.95,2010,64,203.84,38.97
19686,Historical,60452,0,0,D,4,1,584461,299.95,2005,37,203.84,33.99
19687,Historical,1449381,0,0,D,2,1,376446,130.75,2006,19,82.75,147.88
19688,Historical,898442,0,0,D,0,0,10462454,54.4,2008,11,46.99,120.51
19689,Historical,607476,1,1,D,4,1,228884,104.4,2009,49,46.99,55.78
19690,Historical,607299,1,1,D,3,1,925331,64,2004,34,46.99,15.51
19691,Historical,620430,0,0,D,0,0,157189,44.99,1991,32,28.13,37.4
19692,Historical,631139,1,1,D,2,1,737051,97.95,2000,19,53.59,45.4
19693,Historical,202829,1,1,D,2,1,1168907,97.95,2000,15,83.48,132.53
19695,Historical,543865,0,0,D,10,1,146711,76.04,2012,89,74.76,44.66
19696,Historical,55133,0,0,D,9,1,591450,28.78,2008,81,74.76,37.59
19697,Historical,55135,0,0,D,8,1,1327894,10.96,2006,70,74.76,9.85
19698,Historical,1537885,0,0,D,1,0,1038174,52.95,2006,39,43.54,40.6
19699,Historical,158045,0,0,D,1,0,1163060,44.95,2005,30,34.05,59.37
19700,Historical,253653,0,0,D,3,1,247008,59.95,2009,86,47.93,47.94
19701,Historical,613290,1,2,D,2,1,405021,54.95,2004,93,47.93,17.98
19702,Historical,132365,1,1,D,2,1,473112,92,2007,53,53.62,13.89
19703,Historical,610215,0,0,D,3,1,92264,54.99,2012,25,28.04,27.84
19704,Historical,632935,0,0,D,1,0,4031746,97.95,2008,15,61.59,45.14
19705,Historical,210967,1,1,D,1,0,884717,75.95,2007,31,52.13,12.9
19706,Historical,3132321,0,0,D,1,0,4272742,84,2004,10,0,155.27
19707,Historical,613042,1,1,D,6,1,340393,61.95,2008,130,0,17.78
19708,Historical,613833,1,2,D,7,1,15756,77.99,2011,128,0,21.38
19709,Historical,1729374,0,0,D,0,0,4124779,50,2010,18,0,70.96
19710,Historical,653739,0,0,D,5,1,4568690,349,1998,11,218.74,124.99
19711,Historical,534227,0,0,D,6,1,2338213,399.99,2006,10,218.74,148.99
19712,Historical,230292,1,1,D,2,1,1456306,69.8,1998,21,75.99,69.8
19713,Historical,637308,1,3,D,0,0,309181,89.95,2005,82,78.99,28.99
19714,Historical,868066,0,0,D,8,1,766375,55,1994,40,23.93,11.49
19715,Historical,120594,0,0,D,8,1,810268,153.4,2008,31,50.88,22.33
19716,Historical,118374,0,0,D,3,1,2008434,98.67,2006,31,58.99,12.86
19717,Historical,116903,0,0,D,2,1,3230984,91.2,2004,38,50.88,13.94
19718,Historical,58254,1,1,D,9,1,340617,178.8,2011,86,41.96,50.93
19719,Historical,58258,0,0,D,9,1,63653,178.8,2010,64,140.65,73.23
19720,Historical,218775,0,0,D,1,0,4956032,225,2000,9,166.15,75.02
19721,Historical,115629,1,1,D,3,1,493704,157.33,2003,49,98.94,69.13
19722,Historical,1857703,0,0,D,2,1,273391,64.95,2008,44,36.14,18.59
19723,Historical,891191,0,0,D,3,1,2938004,99,1995,11,50.27,215.55
19724,Historical,3577861,1,2,D,0,0,1588788,77.95,1992,20,0,65.96
19725,Historical,900874,0,0,D,1,0,628844,115.95,2003,22,81.99,115.93
19726,Historical,60453,1,1,D,4,1,224034,86.95,2005,58,78.02,10.94
19727,Historical,529669,0,0,D,5,1,169834,124.2,2009,70,78.02,37.94
19728,Historical,826004,0,0,D,2,1,911540,37.95,1998,21,10.37,49.65
19729,Historical,2592300,0,0,D,1,0,503808,27.95,1981,16,50.52,64.95
19730,Historical,2331792,0,0,D,1,0,1406500,34.95,1996,22,31.88,47.11
19731,Historical,903994,1,2,D,2,1,1142821,41,1994,38,118.75,65.72
19732,Historical,774457,0,0,D,3,1,3585298,189,2005,11,114.39,15.98
19734,Historical,633140,0,0,D,0,0,84310,111.25,2011,70,71.3,65.71
19735,Historical,754268,0,0,D,1,0,2433664,133,2009,13,132.67,160.18
19736,Historical,788931,0,0,D,3,1,2958548,210,2000,13,142.99,26.48
19737,Historical,627517,0,0,D,4,1,1012062,239.99,2008,23,142.99,102.95
19738,Historical,1472696,0,0,D,3,1,1602579,85,2009,15,68.99,32.3
19739,Historical,529663,1,1,D,2,1,190033,96.95,2008,23,6.97,58.05
19740,Historical,155534,0,0,D,2,1,2806105,49.99,1999,30,52.32,8.81
19741,Historical,2377047,1,1,D,3,1,855744,97,1996,20,74.93,29.99
19742,Historical,577416,0,0,D,4,1,68114,35.99,2008,99,32.27,13.49
19743,Historical,609186,0,0,D,3,1,914800,28.95,2004,50,32.27,12.57
19744,Historical,263194,0,0,D,1,0,1977108,49.95,2003,31,42.89,41.52
19745,Historical,270586,0,0,D,2,1,657994,79.95,2010,25,42.89,21.94
19746,Historical,196710,0,0,D,1,0,246428,49.95,2011,44,0,8.99
19747,Historical,169123,0,0,D,1,0,2095684,59.95,2009,44,104.75,5.47
19748,Historical,529655,0,0,D,2,1,1087348,74.95,2011,64,104.75,4.04
19749,Historical,544533,1,2,D,3,1,349623,84.95,2013,94,104.75,37.88
19750,Historical,147448,0,0,D,2,1,1490183,79.95,2007,51,63.93,32.73
19751,Historical,2252014,0,0,D,2,1,1389056,67.47,2006,51,0,62.25
19752,Historical,529654,0,0,D,1,0,14155,18.95,2009,39,63.93,14.53
19753,Historical,478862,1,1,D,6,1,27269,87.99,2010,145,61.29,28.99
19754,Historical,203968,1,2,D,5,1,671520,75.95,2006,142,61.29,12.49
19755,Historical,285957,0,0,D,4,1,562029,84,2004,33,90.21,104.77
19756,Historical,710077,1,2,D,3,1,1972923,52,2000,34,90.21,23.99
19757,Historical,292489,1,3,D,0,0,3337568,47.33,1997,50,22.64,44.79
19758,Historical,2807166,0,0,D,0,0,3142203,57,2004,34,125.02,47.91
19759,Historical,55132,0,0,D,6,1,82722,284.95,2009,51,150.91,72.73
19760,Historical,533444,0,0,D,7,1,53883,258.95,2012,51,150.91,111.11
19761,Historical,55131,0,0,D,5,1,722362,207.95,2006,31,150.91,53.99
19762,Historical,61131,1,4,D,4,1,3080237,73.67,2000,27,58.37,8.99
19763,Historical,119222,0,0,D,3,1,6647536,66,1996,27,58.37,10.74
19764,Historical,558814,0,0,D,2,1,404021,46,2004,35,21.62,46.14
19765,Historical,184315,0,0,D,1,0,199477,64.95,1998,24,28.99,38.99
19766,Historical,911480,0,0,D,0,0,5298296,32.95,2003,13,23.38,10.79
19767,Historical,262729,0,0,D,3,1,597846,41.95,2007,36,49.91,43.96
19768,Historical,55998,0,0,D,6,1,1029369,33.6,2006,49,18.84,11.19
19769,Historical,108866,0,0,D,4,1,570278,146.75,2005,39,80.99,45.4
19770,Historical,110079,1,1,D,5,1,210392,109.95,2009,70,80.99,104.49
19771,Historical,117212,1,2,D,9,1,489969,89.4,2006,40,33.99,36.76
19772,Historical,848074,0,0,D,5,1,3236997,81,1997,32,58.99,13.44
19773,Historical,889240,0,0,D,0,0,6949030,0,1982,17,58.99,49.35
19774,Historical,58261,1,3,D,3,1,335722,107.8,2004,52,55.99,18.94
19775,Historical,58262,0,0,D,4,1,137156,121.4,2008,32,55.99,73.53
19776,Historical,117544,0,0,D,2,1,1405787,50.6,2005,38,44.57,6.94
19777,Historical,2383407,1,3,D,0,0,8574038,36.94,1983,18,68.98,44.97
19778,Historical,132749,0,0,D,6,1,403393,129.8,2008,46,78.91,103.86
19779,Historical,60011,0,0,D,5,1,414845,93.2,2005,43,78.91,45.39
19781,Historical,2404400,0,0,D,0,0,3492014,35,1986,24,42.31,76.01
19782,Historical,3465073,0,0,D,2,1,2157176,60,1991,14,0,58.51
19783,Historical,132943,0,0,D,5,1,1010061,108.27,2009,15,39.01,432.32
19784,Historical,904386,0,0,D,2,1,2874901,159.75,1986,17,46.74,85.66
19785,Historical,162441,0,0,D,3,1,499947,110,2009,53,94.33,63.63
19786,Historical,60456,1,2,D,6,1,133051,136.2,2006,40,98.74,57.32
19787,Historical,2364564,0,0,D,1,0,229701,97,1993,33,81.63,124.71
19788,Historical,55259,0,0,D,7,1,1074072,214.95,2003,62,43.46,52.88
19789,Historical,182865,0,0,D,7,1,2019563,80.95,2004,23,78.9,44.34
19790,Historical,704787,0,0,D,5,1,241909,49.88,2002,24,81.84,48.99
19791,Historical,144095,0,0,D,2,1,611450,73.33,1998,39,81.51,73.54
19792,Historical,560780,1,1,D,1,0,336687,116.6,2003,44,81.51,104.96
19793,Historical,54702,0,0,D,6,1,41481,144.6,2009,98,97.57,86.05
19794,Historical,54704,1,2,D,5,1,131538,122.4,2003,108,97.57,41.94
19795,Historical,117507,0,0,D,0,0,306523,103,2003,42,93.98,19.41
19796,Historical,165469,0,0,D,2,1,3132178,6,2004,39,100.43,6
19797,Historical,162116,0,0,D,3,1,436005,41.17,2008,47,100.43,40.25
19798,Historical,132735,0,0,D,3,1,122043,107,2009,73,72.44,68.43
19799,Historical,607582,0,0,D,6,1,2481664,42.95,2002,48,24.83,6.49
19800,Historical,132295,0,0,D,4,1,141742,170.2,2008,49,68.99,59.21
19801,Historical,1658232,0,0,D,3,1,686991,81.95,2012,50,88.99,50.09
19802,Historical,288944,0,0,D,11,1,125821,369.95,2009,62,153.94,83.99
19803,Historical,877957,1,1,D,10,1,290118,99.05,2005,23,153.94,53.65
19804,Historical,60457,0,0,D,10,1,220051,348.95,2004,58,153.94,36.79
19805,Historical,576021,0,0,D,2,1,1091647,90.25,2011,20,73.84,110.05
19806,Historical,286219,0,0,D,5,1,984362,58,2006,43,46.49,28.28
19807,Historical,133167,0,0,D,6,1,229853,86.47,2009,30,46.49,600.9
19808,Historical,534074,0,0,D,4,1,1450686,90,1992,45,91.73,28.9
19809,Historical,113762,0,0,D,5,1,280799,164,2001,62,91.73,35.62
19810,Historical,870772,0,0,D,7,1,2036222,53.25,1991,28,49.91,76.76
19811,Historical,109380,1,1,D,10,1,580340,599,2006,31,120.52,62.16
19812,Historical,115535,0,0,D,1,0,171551,108.6,2003,51,99.47,83.58
19813,Historical,60458,1,1,D,9,1,383389,213.6,2003,63,83.84,48.01
19814,Historical,114754,1,1,D,0,0,1072747,91.75,2001,71,41.19,57.33
19815,Historical,923186,0,0,D,2,1,474666,49.95,1993,129,19.95,12.65
19816,Historical,60014,1,1,D,11,1,291345,98,2002,53,44.12,50.97
19817,Historical,55201,1,1,D,4,1,2002140,250.33,2004,27,65.58,97.99
19818,Historical,55200,1,3,D,3,1,338002,28.84,2000,71,65.58,23.74
19819,Historical,54961,1,2,D,8,1,23134,85.11,2009,106,79.63,45.56
19820,Historical,805463,0,0,D,0,0,337014,70.35,2007,48,118.02,30.87
19821,Historical,183239,1,1,D,8,1,1365887,0,2005,34,66.97,53.98
19822,Historical,432639,0,0,D,9,1,537777,143.25,2008,58,122.94,53.99
19823,Historical,142109,0,0,D,10,1,358289,78.99,2010,51,122.94,73.98
19824,Historical,54620,0,0,D,9,1,331776,38.18,2007,60,91.49,23.98
19825,Historical,462000,0,0,D,9,1,1146366,24.98,2007,42,67.5,24.98
19826,Historical,54623,0,0,D,8,1,2080771,13.99,2005,47,67.5,17.97
19827,Historical,54624,0,0,D,9,1,1165253,30.93,2007,59,67.5,29.49
19828,Historical,142111,0,0,D,10,1,728380,51.01,2010,34,7.83,55.51
19829,Historical,142211,0,0,D,9,1,987514,0,2007,47,56.99,40.49
19830,Historical,53827,0,0,D,7,1,1351771,103.95,2006,75,109.7,9.99
19831,Historical,142166,1,1,D,9,1,237643,31.71,2011,35,109.91,28.99
19832,Historical,3544619,0,0,D,1,0,1687078,48.2,2006,35,0,15.99
19833,Historical,643970,0,0,D,3,1,422076,135,2009,17,108.98,607.19
19834,Historical,132915,0,0,D,6,1,292186,82.4,2009,29,58.88,43.97
19835,Historical,117848,0,0,D,5,1,111551,62.4,2004,40,58.88,42.43
19836,Historical,892330,0,0,D,0,0,1825047,64.5,2011,16,25.29,27.67
19837,Historical,768370,1,2,D,1,0,315122,45,1999,74,25.29,26.49
19838,Historical,54418,1,1,D,17,1,192074,165.95,2009,116,70.15,21.16
19839,Historical,54419,0,0,D,16,1,101401,158.95,2006,175,70.15,8.16
19840,Historical,1522457,0,0,D,3,1,3990193,199.95,2007,17,135.29,163.61
19841,Historical,183598,0,0,D,7,1,79783,272.95,2007,65,81.06,26.94
19842,Historical,1574364,0,0,D,2,1,795690,49.95,2010,21,45.01,602.99
19844,Historical,285544,1,2,D,11,1,773765,235.5,2011,27,81.99,33.99
19845,Historical,110974,1,2,D,10,1,308428,208,2008,109,81.99,22.87
19846,Historical,111301,0,0,D,12,1,121531,61.32,2009,161,160.99,26.07
19847,Historical,2898842,0,0,D,0,0,924783,32,1988,27,46.13,58.55
19848,Historical,3132636,0,0,D,0,0,1165470,130,2004,20,0,355.1
19849,Historical,576600,1,1,D,4,1,2914510,86.95,2004,41,15.54,10.94
19850,Historical,477683,0,0,D,5,1,419099,122.95,2008,42,15.54,18.48
19851,Historical,616722,1,1,D,6,1,193792,96.95,2012,84,15.54,22.96
19852,Historical,548190,1,1,D,0,0,500074,106.25,2006,74,28.98,25.29
19853,Historical,101519,0,0,D,1,0,401342,121.9,2002,194,33.27,17.44
19854,Historical,679654,0,0,D,0,0,427557,21.95,2005,34,0,56.41
19855,Historical,868248,0,0,D,3,1,3233119,42.95,2001,32,39.79,54.33
19856,Historical,824966,1,1,D,3,1,324696,34.95,1997,9,0,0
19857,Historical,624709,0,0,D,2,1,183768,92,2012,52,16.52,49.34
19858,Historical,247913,0,0,D,1,0,411766,87,2009,46,16.52,37.42
19859,Historical,249891,0,0,D,6,1,4231433,64.95,2006,17,115.97,12.99
19860,Historical,249823,0,0,D,6,1,611456,117.95,2006,81,115.97,9.58
19861,Historical,106264,0,0,D,1,0,1253274,60,2005,41,52.56,12.79
19862,Historical,615424,0,0,D,1,0,597918,75,2005,52,18.08,18.88
19864,Historical,3524197,0,0,D,1,0,4203645,170,2000,18,0,41.99
19865,Historical,618254,0,0,D,2,1,470155,84.95,2010,100,48.66,13.79
19866,Historical,635267,0,0,D,1,0,1447087,74.95,2006,52,48.66,4.6
19867,Historical,198120,0,0,D,1,0,1118024,100.17,2010,21,133.27,94.39
19868,Historical,2061153,0,0,D,0,0,1523602,64.99,2007,22,51.99,40.3
19869,Historical,529607,1,1,D,5,1,93106,260.95,2011,108,78.92,33.99
19870,Historical,248447,1,2,D,4,1,626549,275.95,2008,126,78.92,44.67
19871,Historical,55128,0,0,D,10,1,1472093,284.95,2008,36,86.84,18.99
19872,Historical,55129,0,0,D,11,1,183068,247.95,2009,70,86.84,51.94
19873,Historical,60461,1,1,D,10,1,1348618,284.95,2007,50,86.84,10.87
19874,Historical,1453226,1,3,D,10,1,135569,234.2,2013,9,0,192.73
19875,Historical,120734,0,0,D,8,1,181435,226.67,2008,122,245.24,32.51
19876,Historical,119148,0,0,D,9,1,67955,289.4,2011,157,245.24,28.94
19877,Historical,119147,0,0,D,9,1,1442211,202.6,2011,29,101.64,4.05
19878,Historical,661419,0,0,D,10,1,247210,222.6,2013,34,101.64,9.37
19879,Historical,119149,0,0,D,9,1,2379603,131.73,2011,22,103.99,5.83
19880,Historical,119146,1,1,D,9,1,975466,202.6,2011,41,103.99,16.97
19881,Historical,622947,0,0,D,10,1,94360,222.6,2013,68,103.99,37.92
19882,Historical,315311,1,2,D,3,1,1066302,202.6,2011,37,101.09,19.94
19883,Historical,1452759,0,0,D,4,1,773761,157.67,2013,31,79.88,46.92
19884,Historical,119043,0,0,D,3,1,1416969,202.6,2011,34,79.88,13.94
19885,Historical,119044,1,1,D,3,1,143295,289.4,2011,144,241.16,18.99
19886,Historical,539532,0,0,D,4,1,35136,231.8,2013,66,13.5,33.99
19887,Historical,3616179,0,0,D,0,0,4048515,0,1991,11,0,0
19888,Historical,230504,0,0,D,2,1,1858754,39.95,1997,89,0,0
19889,Historical,285961,0,0,D,3,1,458454,121,2004,46,63.44,55.99
19890,Historical,3021739,0,0,D,1,0,1223828,125.95,1997,23,43.93,88.99
19891,Historical,711474,0,0,D,2,1,518984,101,2001,25,63.44,123.49
19892,Historical,153779,0,0,D,2,1,3158224,100,2002,21,59.79,28.99
19893,Historical,2853501,0,0,D,1,0,7919826,45,2003,8,54.04,51.51
19894,Historical,609106,0,0,D,3,1,1272874,250.95,2001,43,72.27,17.49
19895,Historical,197962,0,0,D,13,1,2436578,90.99,2008,27,63.99,16.74
19896,Historical,543431,1,2,D,3,1,102546,96.95,2006,59,33.97,39.15
19897,Historical,583569,1,1,D,2,1,4769666,71.95,2001,38,33.97,8.48
19898,Historical,162566,0,0,D,2,1,1064532,44.87,2008,12,42.9,41.87
19899,Historical,164661,0,0,D,0,0,1272046,17.24,2004,31,42.9,16.01
19900,Historical,553309,0,0,D,3,1,205998,97.33,2012,55,26.76,76.74
19901,Historical,227610,1,2,D,3,1,667302,96.95,2006,36,26.76,73.48
19902,Historical,227612,0,0,D,6,1,1124437,52.78,2006,46,73,27.15
19903,Historical,1657581,1,1,D,6,1,2901121,104.9,2010,29,86.99,48.08
19904,Historical,517519,1,1,D,3,1,482747,43.99,2008,67,73.23,39.84
19905,Historical,541923,0,0,D,2,1,1597633,17.98,2005,33,73.23,17.93
19906,Historical,60462,0,0,D,8,1,65598,16.85,2003,22,33.96,19.99
19907,Historical,115300,0,0,D,0,0,2478308,88.4,2003,32,4.02,41.39
19908,Historical,314894,1,1,D,2,1,1374008,125.2,2008,32,4.02,8.99
19909,Historical,343084,0,0,D,4,1,725318,12.76,2005,40,29.99,12.76
19910,Historical,542821,0,0,D,14,1,139908,97.6,2011,41,63.99,26.37
19911,Historical,639768,0,0,D,5,1,328454,100,2012,21,83.38,56.26
19912,Historical,165876,0,0,D,1,0,2386636,15.95,2004,23,0,0
19913,Historical,52543,1,1,D,6,1,853456,106.95,2007,62,39.74,21.17
19914,Historical,583573,0,0,D,5,1,1743564,74.95,2004,59,39.74,14.96
19915,Historical,227609,0,0,D,6,1,1344725,96.95,2006,31,73.94,36.73
19916,Historical,153778,0,0,D,0,0,113660,100,2001,34,55.99,33.92
19917,Historical,166621,0,0,D,4,1,1482693,13.89,2006,30,53.99,23.99
19918,Historical,405551,0,0,D,3,1,3486947,23.04,2002,22,53.99,21.16
19919,Historical,908603,0,0,D,3,1,3266531,79.95,2002,19,92.55,42.89
19920,Historical,656804,0,0,D,4,1,135666,90.95,2006,11,92.55,86.45
19921,Historical,165174,0,0,D,3,1,734647,80,2001,30,38.83,46.4
19922,Historical,165818,0,0,D,4,1,690309,86.95,2006,25,38.83,43.07
19923,Historical,609123,1,1,D,6,1,345222,231.95,2003,50,52.36,45
19924,Historical,620667,0,0,D,5,1,1553450,97.95,1998,34,4,26.21
19925,Historical,904206,0,0,D,0,0,2292609,10,1992,15,23.85,53.81
19926,Historical,529598,0,0,D,2,1,455099,65.95,2010,34,51.15,33.94
19927,Historical,158092,1,1,D,1,0,427299,54.95,2006,32,51.15,27.25
19928,Historical,54699,1,3,D,2,1,604168,9.94,2005,162,102.48,10.99
19929,Historical,54700,1,2,D,3,1,34525,23.99,2010,169,102.48,44.05
19930,Historical,906383,0,0,D,3,1,7287253,39.95,1998,29,33.04,50.33
19931,Historical,60463,0,0,D,1,0,288874,129.2,2005,43,43.98,55.67
19932,Historical,53602,1,5,D,0,0,679093,96.2,2005,60,73.99,28.94
19933,Historical,53601,0,0,D,2,1,92804,118.8,2008,47,73.99,25.99
19934,Historical,153810,0,0,D,6,1,35370,72.15,2011,132,93.67,50.65
19935,Historical,50016,0,0,D,5,1,218396,23.43,2008,78,93.67,23.86
19936,Historical,50015,0,0,D,4,1,1246666,22.88,2005,81,93.67,22.79
19937,Historical,60464,0,0,D,3,1,1080202,218.95,2007,75,117.01,4.88
19938,Historical,290963,0,0,D,4,1,50563,207.95,2010,71,117.01,28.99
19939,Historical,2911387,1,1,D,0,0,2270693,49.95,2004,19,31.03,13.99
19940,Historical,1845120,0,0,D,6,1,3741164,55.95,2006,20,41.48,61.39
19941,Historical,263068,0,0,D,0,0,1663020,31.95,2007,19,0,19.93
19942,Historical,801027,0,0,D,3,1,2029408,90.95,2006,34,20.78,42.69
19943,Historical,247752,1,2,D,3,1,225736,44.95,2005,91,20.78,8.99
19944,Historical,874846,1,1,D,2,1,1685072,39.95,2000,76,20.78,6.32
19945,Historical,620296,0,0,D,3,1,154595,41.95,2008,79,0,24.98
19946,Historical,632115,0,0,D,4,1,190403,44.95,2012,86,0,33.64
19947,Historical,560981,1,1,D,1,0,1031955,69.2,2009,25,39.99,43.98
19948,Historical,539985,0,0,D,2,1,36937,111,2011,46,39.99,82.93
19949,Historical,51631,0,0,D,2,1,1762339,23.94,2001,46,31.07,23.98
19950,Historical,51630,0,0,D,4,1,133320,35.99,2009,85,31.07,33.48
19951,Historical,597811,0,0,D,4,1,2374256,38.95,2005,48,21.74,8.98
19952,Historical,114215,0,0,D,3,1,2730541,61.8,2000,39,21.74,12.99
19954,Historical,914090,0,0,D,1,0,2138306,82.95,2002,20,24.69,16.49
19955,Historical,905199,0,0,D,1,0,1041100,46.95,2010,46,28.33,28.68
19956,Historical,761855,0,0,D,2,1,4709706,82,2006,24,45.13,4.98
19957,Historical,298238,0,0,D,3,1,2756428,42.95,2005,34,27.94,9.08
19958,Historical,298295,0,0,D,4,1,187970,54,2008,30,27.94,9.89
19959,Historical,545775,0,0,D,5,1,151228,59,2012,37,27.94,43.98
19960,Historical,58448,0,0,D,6,1,915536,11.89,2005,76,133.95,10.05
19961,Historical,58449,1,1,D,7,1,62018,52.76,2008,72,133.95,46.41
19962,Historical,3566669,0,0,D,0,0,2439926,65,2003,37,0,44.44
19963,Historical,601650,0,0,D,0,0,1866477,48,2009,39,31.98,5.29
19964,Historical,655186,0,0,D,11,1,240315,49.99,2013,37,17.87,24.32
19965,Historical,631513,0,0,D,10,1,336495,49.99,2011,52,17.87,27.99
19966,Historical,619375,0,0,D,9,1,415550,49.99,2009,39,17.87,19.99
19967,Historical,632931,0,0,D,12,1,1434117,49.99,2007,23,7.19,8.86
19969,Historical,169596,0,0,D,6,1,524832,68.95,2006,36,36.91,23.99
19970,Historical,2669228,0,0,D,3,1,261181,0,1978,32,40.99,51.94
19971,Historical,2669258,0,0,D,0,0,2384985,0,1969,16,20.4,71.19
19972,Historical,162960,0,0,D,2,1,304574,49.95,2010,46,31.24,14.3
19973,Historical,161989,0,0,D,1,0,460975,45,2007,30,31.24,16.73
19974,Historical,3496403,0,0,D,2,1,2169313,28.95,1997,18,0,65.46
19976,Historical,609532,0,0,D,19,1,1942954,49.99,2008,22,26.81,96.69
19977,Historical,248508,0,0,D,20,1,1311128,49.99,2009,24,26.81,18.1
19978,Historical,863591,1,1,D,2,1,2149310,47,2008,26,59.24,47.28
19979,Historical,254449,0,0,D,4,1,408606,54.95,2010,25,38.99,28.99
19980,Historical,917620,0,0,D,3,1,617936,49.95,2006,45,38.99,17.49
19981,Historical,166587,1,1,D,4,1,1080966,41.93,2004,29,47.43,36.36
19982,Historical,759817,0,0,D,3,1,1077185,21.99,2001,23,47.43,28.94
19983,Historical,162661,0,0,D,5,1,134712,90.5,2009,26,47.43,39.4
19984,Historical,896151,0,0,D,3,1,4472536,57.95,1992,15,43.57,62.29
19985,Historical,3617894,0,0,D,0,0,2263272,45,1997,39,0,23.98
19986,Historical,3135606,0,0,D,0,0,2623286,39.95,2004,17,41.09,33.99
19987,Historical,3059908,1,1,D,4,1,192514,69.95,1999,55,31.95,16.88
19988,Historical,183564,0,0,D,9,1,348248,164.95,2007,28,83.2,39.98
19989,Historical,292170,0,0,D,8,1,636641,189.95,2004,57,83.2,21.98
19990,Historical,254187,0,0,D,10,1,93290,172.95,2010,34,83.2,79.68
19991,Historical,285233,1,2,D,4,1,772844,11.99,2004,59,53.99,11.99
19992,Historical,529542,0,0,D,6,1,123475,46.9,2010,42,53.99,48.94
19993,Historical,110275,0,0,D,5,1,218474,26.74,2007,52,53.99,41.49
19994,Historical,614635,1,2,D,1,0,748436,34.2,2007,44,17.29,8.99
19995,Historical,131602,0,0,D,7,1,2255755,45.8,2003,71,27.39,8.43
19996,Historical,54515,1,1,D,9,1,60315,58.6,2009,57,27.39,30.17
19997,Historical,54514,0,0,D,8,1,388137,46.4,2007,77,27.39,10.99
19998,Historical,1508627,0,0,D,0,0,81614,12.99,2013,49,57.03,7.11
19999,Historical,1508022,0,0,D,1,0,423211,12.99,2010,75,57.03,8
20000,Historical,547069,1,2,D,7,1,27737,74.25,2012,60,52.27,22.59
20001,Historical,61259,0,0,D,4,1,588885,47.75,2006,54,52.27,9.89
20002,Historical,533949,0,0,D,5,1,107362,61.75,2008,70,52.27,26.11
20003,Historical,2759379,0,0,D,1,0,4520246,125,2001,16,38.69,65.89
20004,Historical,801560,0,0,D,0,0,579901,38,2009,42,29.04,38.69
20005,Historical,540442,0,0,D,2,1,95538,40.35,2012,126,61.19,33.91
20006,Historical,627921,0,0,D,2,1,536876,56.98,2012,77,61.19,46.83
20007,Historical,654771,0,0,D,2,1,314109,47.95,2007,22,0,0
20008,Historical,617378,0,0,D,12,1,294674,138.95,2009,58,69.08,28.94
20009,Historical,608075,0,0,D,11,1,674742,138.95,2006,31,69.08,12.98
20010,Historical,654725,0,0,D,0,0,142790,44.95,2009,68,43.7,35.83
20011,Historical,475866,0,0,D,1,0,2586652,40.95,2005,20,46.42,51.51
20012,Historical,624657,1,1,D,2,1,42105,79.95,2013,114,53.7,40.99
20013,Historical,864087,0,0,D,1,0,78210,79.95,2011,50,53.7,33.86
20014,Historical,609612,0,0,D,5,1,1608410,156.95,2008,32,125.59,7.53
20015,Historical,250163,0,0,D,4,1,2204025,144.95,2006,32,125.59,14.44
20016,Historical,178931,0,0,D,6,1,518693,142.95,2010,38,125.59,53.21
20017,Historical,387158,1,1,D,5,1,683022,210.95,2008,37,61.53,50.35
20018,Historical,178934,0,0,D,6,1,987012,191.95,2010,35,61.53,60.05
20019,Historical,178932,0,0,D,6,1,1102473,89.95,2010,62,71.25,13.84
20020,Historical,54401,0,0,D,1,0,2011674,172.95,2004,66,70.92,8.43
20021,Historical,54400,0,0,D,5,1,497203,156.95,2008,115,70.92,10.99
20022,Historical,244061,1,7,D,1,0,418503,131.95,2011,68,121.02,43.99
20023,Historical,1733886,0,0,D,1,0,565357,23.99,2008,20,0,16.67
20024,Historical,61154,1,1,D,1,0,330409,77,1996,36,44.03,54.29
20025,Historical,2650166,0,0,D,7,1,2198515,122,2004,13,74.46,33.94
20026,Historical,428220,0,0,D,1,0,5777496,30,1997,20,30.51,17.99
20027,Historical,131420,0,0,D,2,1,3537181,38.8,2000,20,30.51,8.95
20028,Historical,51873,0,0,D,6,1,88050,213.6,2008,115,83.99,51.42
20029,Historical,52385,1,1,D,1,0,457193,7.96,2005,77,92.99,46
20030,Historical,549479,1,1,D,3,1,2364311,105.5,2011,24,88.99,32.21
20031,Historical,742820,1,7,D,8,1,261801,194.5,2010,167,173.3,38.45
20032,Historical,619314,1,4,D,2,1,142572,159.75,2012,39,0,0
20033,Historical,146704,1,5,D,9,1,98990,132.2,2011,137,118.76,38.35
20034,Historical,516511,1,5,D,10,1,96839,128.2,2010,100,111.93,76.71
20035,Historical,529518,1,1,D,10,1,39601,132.2,2011,124,111.93,8.94
20036,Historical,434930,1,5,D,9,1,142990,128.2,2010,132,118.76,61.57
20037,Historical,613106,1,1,D,9,1,700461,114.8,2009,90,120.18,48.99
20038,Historical,540705,1,1,D,10,1,175039,147.73,2013,72,131.45,130.66
20039,Historical,540722,1,3,D,10,1,29506,140.4,2013,137,131.45,93.94
20040,Historical,1517191,1,1,D,9,1,1133480,145.4,2013,46,131.45,71.59
20041,Historical,145854,1,2,D,8,1,211827,124.4,2009,63,118.76,46.07
20042,Historical,146175,0,0,D,6,1,29717,216.87,2010,80,104.39,51.98
20043,Historical,212390,1,2,D,5,1,245172,144,2007,101,104.39,19.47
20044,Historical,193049,0,0,D,4,1,1601421,69.95,2002,23,38.18,113.85
20045,Historical,110110,1,3,D,3,1,6224,95.27,2011,139,92.99,43.29
20046,Historical,111303,0,0,D,2,1,156616,68.1,2009,83,92.99,58.88
20047,Historical,52962,0,0,D,2,1,349251,63.18,2007,28,88.99,93.92
20048,Historical,108295,1,1,D,1,0,101668,393.49,2007,29,94.71,56.81
20049,Historical,2387370,0,0,D,0,0,2537371,52,1998,23,25.2,45.63
20050,Historical,285744,0,0,D,2,1,1210980,57,1999,17,25.2,34.92
20051,Historical,110949,0,0,D,2,1,61921,58.74,2007,89,92.99,39.94
20052,Historical,131880,1,2,D,1,0,380172,91.8,2006,25,127.54,41.99
20053,Historical,287545,1,1,D,5,1,3176621,104,2005,24,101,10.24
20054,Historical,57334,0,0,D,5,1,58546,162,2010,88,101.27,34.99
20055,Historical,126843,0,0,D,1,0,2162343,39.95,2007,33,33.33,47.39
20056,Historical,132636,0,0,D,6,1,870125,136.6,2008,32,101,13.94
20057,Historical,488378,1,1,D,0,0,2109561,39.95,2006,40,43.37,15.99
20058,Historical,116731,0,0,D,1,0,2383418,100.2,2005,27,29.94,22.45
20059,Historical,169369,0,0,D,2,1,518809,125.95,2007,50,72.95,14.51
20060,Historical,170052,0,0,D,3,1,471365,193.95,2010,37,72.95,82.53
20061,Historical,289786,1,10,D,2,1,496519,95.95,2010,52,102.09,20.46
20062,Historical,58452,0,0,D,4,1,176357,244.95,2009,75,127.74,118.08
20063,Historical,58454,1,3,D,3,1,1317793,194.95,2005,64,127.74,9.46
20064,Historical,541360,1,1,D,3,1,78748,99.95,2013,47,102.09,58.84
20065,Historical,447972,0,0,D,1,0,2031752,129.95,2000,21,25.99,42.29
20066,Historical,634887,0,0,D,6,1,490181,162.8,2011,29,73.99,53.97
20067,Historical,880301,0,0,D,13,1,2104272,28.65,2013,37,100.99,7.5
20068,Historical,544344,1,1,D,10,1,109099,273.95,2013,87,148.96,56.33
20069,Historical,538545,1,3,D,13,1,5553,234.75,2013,130,100.99,42.98
20070,Historical,53240,1,1,D,9,1,588650,300.95,2011,103,148.96,23.73
20071,Historical,477727,0,0,D,7,1,668522,199.95,2010,65,17.98,13.98
20072,Historical,50218,1,3,D,11,1,112929,61.69,2009,115,100.99,23.99
20073,Historical,53239,0,0,D,8,1,844736,43.99,2008,55,148.96,43.99
20074,Historical,477635,0,0,D,5,1,3600130,141.95,2005,65,17.98,8.85
20075,Historical,477681,0,0,D,6,1,1395771,200.95,2007,73,17.98,8.49
20076,Historical,56260,0,0,D,5,1,29088,158,2009,128,73.99,46.73
20077,Historical,50217,1,2,D,12,1,35652,70.99,2011,143,100.99,26.99
20078,Historical,2650108,0,0,D,2,1,5186542,359,2002,15,200.34,341.05
20079,Historical,147221,0,0,D,4,1,334736,69.95,2005,75,29.32,43.87
20080,Historical,248872,0,0,D,3,1,1210539,54.95,2007,48,47.68,47.56
20081,Historical,248871,0,0,D,3,1,618726,52.95,2006,128,47.68,13
20082,Historical,428896,0,0,D,1,0,757700,50,1999,48,29.24,24.9
20085,Historical,60468,0,0,D,11,1,1840305,10.64,2007,36,75.62,10.65
20086,Historical,53137,1,2,D,11,1,676771,126.4,2008,119,85.86,41.92
20087,Historical,57383,0,0,D,2,1,1148147,61.55,2005,48,62.57,65.58
20088,Historical,455600,1,1,D,2,1,1183004,148.95,2006,56,11.38,63.92
20089,Historical,705317,0,0,D,10,1,5687178,68.75,2005,22,75.62,15.69
20090,Historical,110419,0,0,D,12,1,786215,75,2009,83,75.62,30.89
20091,Historical,428296,0,0,D,6,1,3629690,85.2,2001,33,4.75,9.56
20092,Historical,132033,0,0,D,7,1,435738,118.67,2005,44,81.75,12
20093,Historical,529510,1,2,D,3,1,24338,152.2,2012,93,102.99,38.99
20094,Historical,652486,0,0,D,3,1,1205575,160.47,2012,27,102.99,602.99
20095,Historical,132756,1,3,D,2,1,466058,127,2009,82,102.99,8.68
20096,Historical,57384,0,0,D,3,1,244883,7.39,2007,93,62.57,12.35
20097,Historical,2801427,0,0,D,0,0,6374300,41.95,1992,16,42.23,63.34
20098,Historical,489365,0,0,D,1,0,2176630,40,1996,24,32.99,36.37
20099,Historical,2336094,0,0,D,0,0,3937689,49.95,1978,23,32.99,50.85
20100,Historical,428203,0,0,D,2,1,144040,110.87,2011,90,54.31,20.21
20101,Historical,120648,0,0,D,1,0,776961,84,2008,49,54.31,17.99
20102,Historical,533587,0,0,D,12,1,5016,114,2011,129,143.23,27.97
20103,Historical,646868,1,1,D,1,0,285405,218.33,2013,33,126.77,119.19
20104,Historical,1574783,0,0,D,5,1,831634,66.77,2009,32,164.4,28
20105,Historical,478059,0,0,D,1,0,91298,199.95,2004,91,91.47,51.15
20106,Historical,53391,0,0,D,11,1,26046,27.99,2008,227,143.23,21.28
20107,Historical,416545,1,1,D,8,1,2666759,44.93,2006,50,73.43,43.95
20108,Historical,416511,0,0,D,8,1,1931453,146,2007,30,73.43,13.99
20109,Historical,287589,1,3,D,1,0,14337,211,2011,165,126.77,13.99
20110,Historical,52317,1,2,D,4,1,904760,9,2006,173,164.4,6.6
20111,Historical,868021,1,1,D,2,1,995903,9.46,2000,45,43.75,13.99
20112,Historical,52319,0,0,D,5,1,120893,38.98,2008,184,164.4,24.98
20113,Historical,416589,0,0,D,9,1,110621,36.99,2008,77,73.43,9.99
20114,Historical,659806,0,0,D,2,1,3578814,104.95,2006,10,35.94,8.79
20115,Historical,795129,0,0,D,3,1,1949878,158.95,2009,17,35.94,151.46
20116,Historical,54989,0,0,D,2,1,304959,174.95,2005,61,35.94,10.99
20117,Historical,120370,0,0,D,7,1,35500,116.4,2009,125,64.44,40.97
20118,Historical,60470,0,0,D,6,1,1203619,67.4,2005,65,64.44,38.6
20119,Historical,54990,0,0,D,3,1,280088,158.95,2009,85,35.94,13.94
20120,Historical,112030,1,1,D,7,1,83365,13.73,2011,59,128.94,43.99
20121,Historical,550761,0,0,D,6,1,1040337,73.99,2009,22,128.94,73.99
20122,Historical,110611,1,1,D,6,1,583464,16.64,2008,70,128.94,13.99
20123,Historical,147563,0,0,D,4,1,770069,77.95,2008,20,42.67,33.64
20124,Historical,288805,1,1,D,3,1,1942095,72.95,2004,34,42.67,11.2
20125,Historical,131024,0,0,D,7,1,373327,137.8,2011,75,93.94,14.53
20126,Historical,286443,0,0,D,6,1,874807,99.33,2008,54,93.94,15.71
20127,Historical,369645,0,0,D,1,0,1147936,131,2003,37,78.52,50.93
20128,Historical,55126,0,0,D,10,1,69336,253.95,2010,109,73.96,41.79
20129,Historical,55127,1,1,D,9,1,88027,243.95,2007,54,73.96,6.47
20130,Historical,213135,0,0,D,0,0,770821,75.95,2006,30,63.98,47.89
20131,Historical,478884,1,1,D,0,0,138236,159.99,2010,64,0,9.99
20132,Historical,462475,1,1,D,3,1,1304212,79.95,2006,33,34.06,13.98
20133,Historical,519250,0,0,D,2,1,2915729,68.95,2000,29,4,8.99
20134,Historical,169507,1,1,D,1,0,614634,304.95,2008,36,113.99,25.99
20135,Historical,57074,0,0,D,9,1,354706,45.87,2009,65,141.62,45.35
20136,Historical,57075,0,0,D,8,1,482803,47.8,2007,70,141.62,13.75
20137,Historical,51609,0,0,D,9,1,255217,85.39,2009,99,116.13,18.99
20138,Historical,244321,0,0,D,10,1,27355,103.98,2012,112,116.13,66.99
20139,Historical,53340,0,0,D,9,1,887605,12.74,2005,53,119.54,12.49
20140,Historical,51686,1,1,D,5,1,393966,160,2009,160,121.79,23.14
20141,Historical,166721,0,0,D,4,1,1173421,33.64,2006,52,63.71,14.82
20142,Historical,162865,0,0,D,5,1,674180,39,2009,70,63.71,13.97
20143,Historical,53342,1,1,D,10,1,488852,17.5,2007,43,119.54,29.63
20144,Historical,51685,0,0,D,4,1,1156144,131,2007,89,121.79,20.33
20145,Historical,477444,0,0,D,1,0,2567668,54.95,2002,18,33.99,21.27
20146,Historical,507492,0,0,D,2,1,149782,64,2010,35,33.99,35.55
20147,Historical,60473,0,0,D,7,1,464729,312.95,2006,45,189.24,44.99
20148,Historical,876057,0,0,D,10,1,1692781,185.36,2005,26,79.02,105.3
20149,Historical,169781,0,0,D,10,1,361303,233.95,2008,51,79.02,41.99
20150,Historical,177990,0,0,D,10,1,844755,138.95,2005,44,79.02,69.44
20151,Historical,119178,1,1,D,6,1,27909,197.2,2011,46,73.71,143.62
20152,Historical,51390,0,0,D,5,1,244553,147,2007,68,73.71,18.1
20153,Historical,428367,1,1,D,0,0,1316912,93.6,2005,36,73.98,11.99
20154,Historical,455415,0,0,D,1,0,91411,81.95,1997,24,33.73,18.31
20155,Historical,448428,0,0,D,2,1,1523008,91.95,1999,43,53.87,50.82
20156,Historical,420621,0,0,D,2,1,1639705,120.2,2002,29,25.97,63.59
20157,Historical,482302,0,0,D,3,1,453262,134,2003,69,53.87,23.96
20158,Historical,191880,0,0,D,9,1,439696,22.99,2002,48,61.99,29.25
20159,Historical,176682,1,3,D,4,1,5105461,96.95,1997,20,127.95,33.94
20160,Historical,455581,0,0,D,5,1,881416,288.95,2001,26,127.95,29.89
20161,Historical,417331,1,1,D,8,1,19419,247.25,2011,62,90.98,101.98
20162,Historical,110582,1,2,D,7,1,57977,51.1,2007,58,90.98,52.43
20163,Historical,444582,0,0,D,4,1,6028976,49.95,2001,20,54.41,46.31
20164,Historical,444587,0,0,D,5,1,4004647,68.95,2005,17,54.41,53.4
20165,Historical,182551,0,0,D,2,1,761828,302.95,2004,40,113.99,38.12
20166,Historical,444586,0,0,D,11,1,1245042,89.95,2005,15,70.2,57.41
20167,Historical,486730,1,2,D,0,0,627055,44.95,2000,32,58.7,46.9
20168,Historical,51383,0,0,D,12,1,21211,231,2010,79,173.86,53.99
20169,Historical,55121,0,0,D,6,1,484073,248.95,2006,118,152.74,23.98
20170,Historical,434816,1,1,D,5,1,61822,195.33,2009,162,140.99,45.99
20171,Historical,55122,0,0,D,7,1,397976,377.95,2010,70,152.74,48.99
20172,Historical,51382,1,2,D,11,1,462667,38.92,2008,79,173.86,29.96
20173,Historical,60964,0,0,D,5,1,74722,158.95,2004,134,79.73,9.48
20174,Historical,170190,1,1,D,7,1,40831,131.95,2011,70,79.73,63.79
20175,Historical,422975,0,0,D,10,1,548070,140,2008,61,83.99,48.13
20176,Historical,423045,0,0,D,11,1,202438,146.8,2011,112,83.99,73.42
20177,Historical,461695,0,0,D,6,1,884604,260.95,2005,30,35.67,20.48
20179,Historical,60475,0,0,D,3,1,2235560,28.94,2006,42,61.5,28.94
20180,Historical,456459,0,0,D,3,1,2115279,119.95,2004,45,33.97,16.89
20181,Historical,539380,1,2,D,10,1,25576,187,2013,50,64.64,58.91
20182,Historical,117439,0,0,D,8,1,1652398,199.6,2007,61,64.64,13.49
20183,Historical,120126,1,1,D,9,1,216706,172.6,2010,70,64.64,39.69
20184,Historical,422081,0,0,D,4,1,717505,139.2,2006,40,72.05,50.91
20185,Historical,285388,1,1,D,4,1,291711,41.98,2009,109,61.5,41.79
20186,Historical,419899,0,0,D,3,1,86193,96.95,2006,85,36.99,42.03
20187,Historical,436390,0,0,D,5,1,174922,324.95,2008,54,128.99,31.59
20188,Historical,494607,0,0,D,2,1,9923893,76,2007,12,70.85,108.13
20189,Historical,435794,1,1,D,4,1,1455474,211.95,2005,51,128.99,9.22
20190,Historical,114648,0,0,D,8,1,2047730,110.2,2003,29,44.92,37.99
20191,Historical,248235,1,1,D,2,1,611189,90,2011,31,47.43,64.71
20192,Historical,247838,0,0,D,1,0,1072733,55.95,2008,94,47.43,22.22
20193,Historical,131853,0,0,D,4,1,1888015,116.2,2004,29,60.5,22.8
20194,Historical,549468,0,0,D,10,1,6189281,103.25,2010,14,189.54,52.65
20195,Historical,309799,1,2,D,8,1,19870,72.9,2012,72,123.73,61.48
20196,Historical,52203,1,2,D,13,1,17337,300.95,2010,155,153.91,36.94
20197,Historical,148524,0,0,D,5,1,1358682,266.95,2005,28,14.2,13.99
20198,Historical,326325,0,0,D,6,1,7155886,110,2004,30,63.99,58.65
20199,Historical,55119,1,1,D,11,1,311187,194.67,2007,124,114.99,17.38
20200,Historical,332064,0,0,D,3,1,5644180,63.95,2003,27,29.59,35
20201,Historical,392521,0,0,D,4,1,992387,121.95,2006,18,56.99,16.84
20202,Historical,309121,1,2,D,10,1,43637,322.75,2010,85,189.54,44.39
20203,Historical,51004,0,0,D,6,1,917120,166.95,2007,68,51.5,9.84
20204,Historical,51003,0,0,D,5,1,2123855,95.95,2004,45,51.5,13.94
20205,Historical,314410,1,6,D,1,0,251277,242.4,2008,35,113.69,80.98
20206,Historical,431082,0,0,D,7,1,2666582,119.5,2008,21,63.99,77.32
20207,Historical,55120,1,2,D,12,1,157961,219.4,2010,108,114.99,24.94
20208,Historical,309753,1,4,D,5,1,624053,136.85,2009,33,81.76,73.81
20209,Historical,134825,0,0,D,4,1,2603042,78,2007,28,29.59,55.99
20210,Historical,698929,0,0,D,11,1,2539282,99,2009,20,83.83,14.99
20211,Historical,50930,1,3,D,11,1,529336,14.23,2009,101,83.83,14.24
20212,Historical,497095,0,0,D,5,1,409687,212.95,2009,50,56.99,49.88
20213,Historical,545130,0,0,D,5,1,826278,109.8,2009,33,56.99,53.77
20214,Historical,309118,0,0,D,9,1,1053517,9.36,2007,65,189.54,5.99
20215,Historical,629089,1,1,D,13,1,34400,252.4,2013,80,152.28,33.98
20216,Historical,50940,1,1,D,11,1,1045528,180,2009,108,152.28,10.98
20217,Historical,52202,1,4,D,12,1,57637,323.95,2007,135,153.91,19.97
20218,Historical,592181,0,0,D,1,0,51355,133,2012,74,97.05,32.99
20219,Historical,50938,0,0,D,10,1,620566,152,2007,55,152.28,5.99
20220,Historical,349828,0,0,D,6,1,31425,128.95,2011,57,111.14,49.22
20221,Historical,436432,0,0,D,5,1,518229,128.95,2008,49,111.14,42.32
20222,Historical,148459,1,1,D,4,1,1681576,140.95,2006,40,111.14,8.99
20223,Historical,308893,1,1,D,4,1,533604,18.98,2006,49,81.76,18.05
20224,Historical,200120,1,1,D,1,0,668404,153.95,2007,50,27.33,12.99
20225,Historical,544988,1,1,D,4,1,91014,106,2012,116,87.33,33.68
20226,Historical,248025,0,0,D,3,1,114808,94.95,2009,61,87.33,22.99
20227,Historical,50929,1,1,D,10,1,1615421,9.69,2006,59,83.83,9
20228,Historical,303767,0,0,D,4,1,3504399,226.95,2001,26,14.2,14.99
20229,Historical,456665,0,0,D,7,1,91468,283.95,2010,51,174.21,109.94
20230,Historical,516577,0,0,D,6,1,542666,310.95,2007,48,174.21,31.99
20231,Historical,118848,0,0,D,5,1,937152,158.8,2008,27,76.54,133.94
20232,Historical,114469,0,0,D,4,1,1660123,129.33,2002,38,76.54,15.61
20233,Historical,872430,1,1,D,3,1,2498332,74.95,2004,33,63.99,44.67
20234,Historical,121149,1,1,D,9,1,65577,177.2,2010,35,88.96,44.09
20235,Historical,132171,1,1,D,8,1,125076,136,2007,48,88.96,9.87
20236,Historical,502759,0,0,D,3,1,79863,112,2008,122,114.66,17.96
20237,Historical,259998,0,0,D,2,1,1564428,88,2005,40,114.66,11.43
20238,Historical,205933,0,0,D,2,1,2124027,70,2004,52,55.86,11.99
20239,Historical,162602,1,1,D,3,1,421148,80,2009,74,55.86,6.1
20240,Historical,339246,1,1,D,1,0,301640,22.39,2008,72,74.49,22.39
20241,Historical,427067,0,0,D,0,0,5136086,75,2004,14,49.21,23.53
20242,Historical,127149,0,0,D,0,0,580093,32.95,2007,52,41.93,9.98
20243,Historical,454350,0,0,D,2,1,1494909,60,2008,24,53.97,35.7
20244,Historical,529465,0,0,D,2,1,4309041,65,2008,23,49.21,31.87
20245,Historical,502650,0,0,D,0,0,1665135,134,1999,23,48.99,14.75
20246,Historical,539822,0,0,D,2,1,37423,52.95,2013,46,41.84,37.01
20247,Historical,427187,0,0,D,1,0,646044,54.95,2009,47,41.84,17.01
20248,Historical,455418,1,1,D,1,0,3668941,71.95,1997,26,37.75,41.37
20249,Historical,428328,0,0,D,9,1,4658891,86.8,2003,27,68.59,49.39
20250,Historical,428239,0,0,D,2,1,3243369,62.4,1998,23,15.16,13.98
20251,Historical,428408,1,1,D,10,1,1302304,99.2,2007,31,68.59,43.81
20252,Historical,60480,1,2,D,7,1,393847,134.95,2007,55,141.2,23.86
20253,Historical,224702,1,3,D,8,1,69832,207.95,2010,50,141.2,41.91
20254,Historical,243871,1,1,D,3,1,30774,163.95,2011,48,134.72,78
20255,Historical,551202,0,0,D,32,1,2828097,46,2010,28,8.99,13.61
20256,Historical,900019,0,0,D,2,1,1720938,110,1989,17,68.74,67.41
20257,Historical,428483,0,0,D,2,1,553939,159.2,2009,45,85.49,22
20258,Historical,53510,0,0,D,2,1,704710,98.95,2005,53,45.24,44.81
20259,Historical,52383,1,1,D,7,1,36019,81.02,2009,60,108.92,62.87
20260,Historical,422373,1,3,D,1,0,542521,137.4,2006,44,85.49,18.95
20261,Historical,61162,0,0,D,7,1,295530,148.6,2007,69,115.99,26.98
20262,Historical,3606582,0,0,D,0,0,370712,88.95,2002,22,0,23.98
20263,Historical,53508,1,1,D,3,1,489578,107.95,2008,33,45.24,20.34
20264,Historical,427944,0,0,D,7,1,39692,128.6,2011,83,59.78,43.99
20265,Historical,423285,1,1,D,6,1,78941,104.2,2008,40,59.78,82.37
20266,Historical,421333,0,0,D,9,1,417296,136.4,2005,39,23.94,13.49
20267,Historical,633214,0,0,D,11,1,311230,95.95,2010,71,52.34,28.3
20268,Historical,504583,1,1,D,11,1,526178,86.95,2010,31,52.34,35
20269,Historical,53897,0,0,D,7,1,360673,16.98,2007,52,72.99,13.99
20270,Historical,441524,0,0,D,2,1,3206454,89.95,2002,11,84.37,89.91
20272,Historical,53684,1,5,D,6,1,21141,79,2010,136,156.94,30.72
20273,Historical,111244,1,2,D,6,1,39866,247.25,2010,132,165.61,57.47
20274,Historical,52877,0,0,D,8,1,19448,56.99,2010,59,108.33,109.64
20275,Historical,52876,1,1,D,7,1,409319,23.59,2007,85,108.33,13.99
20276,Historical,873116,0,0,D,2,1,2395576,173.07,2011,17,88.99,341.77
20277,Historical,461597,0,0,D,6,1,1863693,64.29,2000,41,63.9,43.74
20278,Historical,428590,1,2,D,2,1,121683,158.4,2011,94,88.99,31.74
20279,Historical,515840,0,0,D,2,1,579149,166.4,2011,99,78.99,22.97
20280,Historical,624848,1,2,D,1,0,1702012,123.2,2008,47,78.99,29.85
20281,Historical,52588,0,0,D,9,1,112520,126.95,2011,91,76.32,32.6
20282,Historical,52585,0,0,D,8,1,850380,133.95,2008,116,76.32,9.4
20283,Historical,52587,0,0,D,7,1,1898355,105.95,2005,68,76.32,6.72
20284,Historical,192678,0,0,D,8,1,2814568,219,2000,19,79.34,63.9
20285,Historical,894297,0,0,D,10,1,6872149,95,2000,12,93.98,73.19
20286,Historical,2678363,0,0,D,2,1,2740364,169,1993,25,0,48.43
20287,Historical,1629782,0,0,D,22,1,2543100,80.95,2007,11,41.64,33.94
20288,Historical,2672229,0,0,D,21,1,2280359,60.95,2002,12,41.64,78.98
20289,Historical,874541,1,1,D,0,0,739351,38.99,2003,18,131.94,61.91
20290,Historical,222821,0,0,D,2,1,738143,118,2007,27,131.94,62.79
20291,Historical,3140161,0,0,D,1,0,3302412,109,2003,13,101.74,42.94
20292,Historical,105668,0,0,D,1,0,1503056,59.95,2000,21,39.14,58.86
20293,Historical,717200,0,0,D,3,1,603603,125.33,2009,29,86.38,20.97
20294,Historical,865267,1,4,D,3,1,373452,125.33,2008,35,33.86,48.75
20295,Historical,2832579,0,0,D,1,0,4919892,199.95,2003,8,153.94,132.99
20296,Historical,716507,0,0,D,0,0,2639054,104.2,2008,15,136.53,78.82
20297,Historical,120214,0,0,D,2,1,144545,138.6,2010,23,136.53,62.84
20298,Historical,245200,0,0,D,1,0,731438,153.95,2006,19,36.99,44.2
20299,Historical,2258934,0,0,D,1,0,1292422,74.01,2006,19,36.99,109.29
20301,Historical,901101,0,0,D,1,0,1385112,113.95,2005,23,49.81,42.99
20302,Historical,284879,0,0,D,1,0,2295424,89.95,2001,20,47.68,49.95
20303,Historical,901513,0,0,D,0,0,4360871,50,1994,16,71.01,51.98
20304,Historical,646737,0,0,D,2,1,512503,118,1997,24,91.53,227.63
20305,Historical,117359,0,0,D,4,1,282815,184.4,2007,33,103.84,99.41
20306,Historical,607628,1,1,D,2,1,1922499,105,1992,40,103.84,28.39
20308,Historical,217789,1,1,D,3,1,186014,99.95,2003,30,60.14,53.89
20310,Historical,3062465,0,0,D,3,1,722771,60,1996,35,0,12.94
20311,Historical,893219,0,0,D,0,0,315642,29.95,2011,20,0,32.1
20313,Historical,161490,0,0,D,2,1,5906271,153,2007,11,102.91,165.25
20314,Historical,763037,0,0,D,1,0,9830857,205,1999,13,102.91,68.05
20315,Historical,169923,1,1,D,9,1,60036,220.95,2010,59,138.9,78.15
20316,Historical,577731,0,0,D,1,0,2191361,95,2006,50,37.91,12.42
20317,Historical,1467626,0,0,D,0,0,1293704,42,2009,23,54.57,44.26
20318,Historical,1467579,1,1,D,1,0,1508637,42,2007,37,50.05,45.92
20319,Historical,128642,0,0,D,0,0,734014,42,2007,40,33.94,48.51
20320,Historical,661455,0,0,D,1,0,1063436,46,2012,22,55.61,29.97
20321,Historical,1467628,0,0,D,0,0,887344,42,2009,19,55.61,63.35
20322,Historical,626431,1,1,D,0,0,1439304,49.95,2004,35,33.99,40.6
20323,Historical,1467565,1,1,D,1,0,1485550,42,2007,45,45.89,4.04
20324,Historical,2380411,0,0,D,3,1,2087667,54.67,1994,25,6.76,28.99
20325,Historical,2366514,0,0,D,2,1,13795732,0,1993,11,6.76,51.01
20326,Historical,247693,0,0,D,1,0,757939,70,2006,28,50.65,57.43
20327,Historical,533455,0,0,D,12,1,277731,88.8,2011,37,54.89,54.76
20328,Historical,54939,0,0,D,10,1,603024,67,2009,52,54.89,16.99
20329,Historical,2006351,1,3,D,0,0,332082,106.95,2014,22,403.5,57.99
20330,Historical,248831,0,0,D,1,0,1455886,103,2010,31,95.21,38.99
20331,Historical,254630,0,0,D,0,0,1384426,84.95,2012,22,199.33,76.71
20332,Historical,254625,0,0,D,1,0,612530,108,2011,61,242.69,13.98
20333,Historical,529426,0,0,D,1,0,551388,109,2012,73,242.69,18.99
20334,Historical,117280,0,0,D,3,1,292547,58.6,2006,51,50.23,24.47
20335,Historical,529419,0,0,D,3,1,400975,59.95,2008,35,52.39,39.96
20336,Historical,593229,1,1,D,7,1,293782,113.95,2008,33,83.91,38.99
20337,Historical,592225,0,0,D,6,1,1555498,103.95,2006,61,83.91,13.46
20338,Historical,169991,0,0,D,7,1,150253,142.95,2009,100,83.91,23.99
20339,Historical,202525,1,1,D,2,1,1156629,27.89,2005,24,52.18,100.29
20340,Historical,1563115,0,0,D,1,0,1162128,235,2007,15,100.99,158.46
20341,Historical,143095,0,0,D,1,0,2827900,171,2005,16,126.73,64.99
20342,Historical,120319,1,1,D,2,1,512849,135.8,2008,36,6.59,75
20344,Historical,625925,0,0,D,2,1,226178,160,1990,26,41.89,48.43
20345,Historical,828334,0,0,D,1,0,3195107,46,1997,16,40.91,32.47
20346,Historical,3153122,0,0,D,1,0,4987102,159,2001,10,122.31,64.34
20347,Historical,579430,0,0,D,1,0,639381,199,2005,87,73.53,23.49
20348,Historical,60482,0,0,D,2,1,445276,157.93,2005,66,73.53,43.99
20349,Historical,627866,1,1,D,2,1,77358,95.12,2012,50,98.42,117.55
20350,Historical,111333,1,6,D,1,0,94307,0,2010,25,98.42,49.95
20351,Historical,793319,0,0,D,1,0,471620,46.95,2000,19,46.37,16.08
20352,Historical,801986,1,1,D,5,1,767954,56,2010,42,21.25,37.3
20353,Historical,592075,0,0,D,4,1,1397650,50.95,2007,40,21.25,6.07
20354,Historical,254028,0,0,D,4,1,97301,88.95,2011,97,42.77,47
20355,Historical,58477,1,1,D,3,1,729767,77.95,2006,88,42.77,18.93
20356,Historical,235122,0,0,D,2,1,387103,40.95,2005,22,0,88.91
20357,Historical,244126,0,0,D,1,0,1870772,82.95,2011,25,38.27,43.99
20358,Historical,627244,0,0,D,1,0,2183065,80.95,2010,32,38.27,24.56
20359,Historical,2879303,0,0,D,0,0,3613992,99,2000,16,771.23,209.62
20360,Historical,875165,1,5,D,2,1,255520,87.02,1985,28,29.97,74.29
20361,Historical,238812,0,0,D,4,1,261740,24.95,2002,37,29.97,71.17
20362,Historical,634489,1,1,D,2,1,630753,173.95,2001,33,63.07,65.55
20363,Historical,249887,0,0,D,4,1,742594,110.95,2007,39,60.33,66.79
20364,Historical,529410,0,0,D,5,1,109429,110.95,2011,45,60.33,63.89
20365,Historical,797671,0,0,D,3,1,1305633,123.95,2004,50,60.33,49.15
20366,Historical,529409,1,2,D,3,1,44544,153.95,2008,111,99.88,63.56
20367,Historical,60059,1,9,D,2,1,1099932,168.95,2005,54,99.88,58.47
20368,Historical,660070,0,0,D,2,1,1790825,74.95,2007,8,0,0
20369,Historical,146873,0,0,D,2,1,1609642,107,2001,24,117.14,78.99
20370,Historical,1517831,1,1,D,5,1,183659,38.95,2006,37,39.71,19.14
20372,Historical,147357,0,0,D,6,1,859325,44.95,2006,74,28.92,26.54
20373,Historical,536402,0,0,D,8,1,30893,51.95,2012,87,28.92,39.99
20374,Historical,1632436,0,0,D,3,1,2433263,80.95,2007,19,33.98,8.99
20375,Historical,193046,0,0,D,2,1,4103717,71.95,2001,31,33.98,43.87
20376,Historical,558407,0,0,D,2,1,374122,47.95,2010,63,43.7,54
20377,Historical,3033834,1,1,D,0,0,936108,57,1996,31,90.2,20.42
20378,Historical,3033887,0,0,D,2,1,601757,72.5,2005,26,90.2,4.99
20379,Historical,644386,0,0,D,1,0,275369,44.99,2013,43,26.11,26.47
20380,Historical,608625,0,0,D,2,1,2655559,374.95,1998,30,108.1,37.41
20381,Historical,152385,0,0,D,1,0,6641965,215,2003,15,65.99,92.26
20382,Historical,244020,0,0,D,2,1,627573,269.95,2011,33,73.97,43.98
20383,Historical,461780,1,1,D,2,1,397160,258.95,2006,59,73.97,12.88
20384,Historical,461781,0,0,D,2,1,989673,125.95,2006,25,48.99,110.06
20385,Historical,262316,0,0,D,0,0,126834,31.95,1998,71,57.36,16.64
20386,Historical,198930,1,1,D,0,0,220801,55.95,1996,76,57.36,43.98
20387,Historical,108293,0,0,D,4,1,2492415,89.15,2004,48,111.96,8.14
20388,Historical,51693,0,0,D,6,1,30222,65.48,2009,73,111.96,43.99
20389,Historical,51692,0,0,D,5,1,418394,23.98,2006,70,111.96,23.98
20390,Historical,404265,0,0,D,2,1,1014161,35,2003,28,0,59.16
20391,Historical,652729,1,1,D,2,1,138911,52.99,2011,21,4.01,52.98
20392,Historical,616536,1,1,D,2,1,71033,141.31,2011,82,4.01,131.99
20393,Historical,873640,1,3,D,2,1,218188,133.15,2011,155,4.01,37.97
20394,Historical,54628,1,3,D,3,1,20586,64.4,2010,120,45.86,44.09
20395,Historical,54630,1,1,D,2,1,259605,57.8,2006,118,45.86,38.69
20396,Historical,227500,0,0,D,3,1,2702910,149.95,1997,13,115.14,55.98
20397,Historical,614018,0,0,D,6,1,578289,190,2008,32,43.99,63.87
20398,Historical,903217,1,1,D,3,1,4418395,85,2000,13,45.78,109.11
20399,Historical,270084,0,0,D,5,1,554613,215,2009,85,184.98,134.11
20400,Historical,626292,0,0,D,3,1,461987,58,2010,25,0,0
20401,Historical,909512,0,0,D,1,0,3387234,45,2005,22,0,41.41
20402,Historical,539837,0,0,D,8,1,3604047,125,2013,17,75.01,75
20403,Historical,529399,0,0,D,7,1,3883904,145,2011,16,75.01,145
20404,Historical,1468223,0,0,D,5,1,6808395,139.95,2007,17,75.01,127.74
20405,Historical,54349,0,0,D,3,1,30351,127,2009,147,102.15,18.98
20406,Historical,915188,0,0,D,0,0,5699480,49,1993,22,29.98,19.48
20407,Historical,621116,0,0,D,7,1,1372660,85.95,2006,31,13.67,33.98
20408,Historical,2681296,0,0,D,6,1,4324494,67.95,2001,37,4.76,21.98
20409,Historical,541654,0,0,D,6,1,316269,66.95,2009,64,52.91,27.99
20410,Historical,615419,0,0,D,1,0,813248,57.95,2007,53,30.87,22.9
20411,Historical,2576261,0,0,D,1,0,3653798,170,1987,17,126.99,123.15
20412,Historical,668877,0,0,D,2,1,1872281,125.99,2007,24,109.31,80.76
20413,Historical,132120,0,0,D,2,1,505403,82.6,2005,32,73.99,41.49
20414,Historical,317386,0,0,D,3,1,259351,106.6,2010,29,73.99,74.27
20415,Historical,625182,0,0,D,1,0,1237971,68,2009,28,41.4,8.45
20416,Historical,626291,0,0,D,1,0,612100,72,2010,44,36.1,13.98
20417,Historical,621345,0,0,D,1,0,825215,70,2010,44,58.57,12.99
20418,Historical,60483,1,1,D,1,0,683852,115.33,2006,34,41.99,11.99
20419,Historical,533999,1,1,D,2,1,336589,136.8,2009,57,41.99,42.4
20420,Historical,1559576,1,1,D,1,0,2072054,39.95,2008,26,39.19,16.4
20421,Historical,106887,1,1,D,1,0,1817367,59.99,2000,29,30.17,39.18
20422,Historical,758570,0,0,D,2,1,2325301,100,1999,51,48.85,11.69
20423,Historical,3157363,0,0,D,0,0,537736,29.95,1996,14,27.97,19.98
20424,Historical,118770,1,1,D,2,1,236076,34,2007,92,59.9,10.66
20425,Historical,294841,1,2,D,1,0,24009,57.95,2009,33,0,0
20426,Historical,666189,0,0,D,1,0,2690342,71.95,2005,23,30.66,59.45
20427,Historical,618573,0,0,D,4,1,875311,56.95,2009,73,61.89,22.64
20428,Historical,550516,0,0,D,6,1,1150012,33.98,2009,45,60.99,28.1
20429,Historical,550023,0,0,D,5,1,1812712,70.99,2003,45,60.99,42.17
20431,Historical,246205,1,1,D,1,0,1752018,32.95,2003,11,41.96,67.88
20432,Historical,1516762,0,0,D,1,0,1689446,0,2012,23,107.03,28.7
20433,Historical,1516727,1,6,D,1,0,358103,121.4,2012,95,107.03,15.99
20434,Historical,536867,1,1,D,13,1,27698,180,2012,91,100.78,158.74
20435,Historical,287448,0,0,D,12,1,187262,150.6,2011,33,100.78,60.62
20436,Historical,132666,1,2,D,12,1,67202,128.2,2009,75,100.78,129.94
20437,Historical,132168,0,0,D,11,1,1479894,111.2,2006,65,100.78,11.5
20438,Historical,617773,0,0,D,1,0,431792,121.4,2013,37,83.42,23.95
20439,Historical,529387,1,1,D,8,1,16625,185.95,2012,98,107.4,68.99
20440,Historical,2256776,0,0,D,6,1,2462808,29.66,2006,35,0,24.05
20441,Historical,169857,1,3,D,7,1,116796,204.95,2009,108,107.4,46.42
20442,Historical,60484,0,0,D,6,1,109882,170.95,2006,55,107.4,11.53
20443,Historical,911196,0,0,D,0,0,1046405,40.95,1992,34,115.38,19.35
20444,Historical,199896,0,0,D,4,1,3120404,98.95,2004,47,38.98,18.62
20445,Historical,200502,0,0,D,6,1,345601,202.95,2010,63,38.98,13.98
20446,Historical,3083797,0,0,D,3,1,2065460,179,2005,22,77.37,29.15
20447,Historical,312905,0,0,D,10,1,2813857,85.2,2000,29,181.6,44.25
20448,Historical,114254,0,0,D,11,1,1413627,111.2,2004,36,181.6,50.63
20449,Historical,127344,0,0,D,3,1,621305,87.95,2009,97,63.49,7.24
20450,Historical,202531,1,1,D,2,1,335480,8.19,2003,43,63.49,8.19
20451,Historical,131663,0,0,D,1,0,325307,40,2004,36,35.68,15.08
20452,Historical,227715,1,1,D,2,1,176663,55.63,1998,214,45.81,11.74
20453,Historical,285080,0,0,D,2,1,1035831,59,2003,66,29.98,18.52
20454,Historical,132480,1,3,D,5,1,154418,134.67,2008,129,78.05,23.88
20455,Historical,53860,0,0,D,4,1,1594889,110,2005,89,78.05,6.73
20456,Historical,53859,0,0,D,5,1,680793,141.33,2008,31,78.05,4.99
20457,Historical,120810,0,0,D,1,0,320775,149.67,2009,21,73.88,100.51
20458,Historical,51248,0,0,D,2,1,907078,96,2003,66,89.97,13.37
20459,Historical,252024,1,1,D,5,1,599766,250.95,2009,26,100.83,64.97
20460,Historical,276931,1,1,D,2,1,1478163,44.95,2002,48,47.91,11.05
20461,Historical,193994,0,0,D,1,0,1155291,56,2005,81,35.48,6.87
20462,Historical,131253,0,0,D,0,0,2057137,117.33,2002,44,8.99,11.99
20463,Historical,870701,0,0,D,0,0,4945895,117.33,2005,25,8.99,43.99
20464,Historical,543857,0,0,D,31,1,745351,247.95,2012,76,131.1,28.73
20465,Historical,655179,0,0,D,32,1,79429,247.95,2013,91,131.1,53.44
20466,Historical,244069,0,0,D,30,1,398276,272.95,2011,46,131.1,8.66
20467,Historical,624979,0,0,D,3,1,1285114,170,2005,30,71.29,73.17
20468,Historical,2166709,0,0,D,0,0,1963317,0,2012,9,0,146.99
20469,Historical,198969,0,0,D,2,1,1357547,97,1998,68,35.1,8.5
20470,Historical,145352,0,0,D,1,0,2071471,39.99,2006,36,39.19,11.61
20471,Historical,146343,0,0,D,2,1,360065,49.99,2010,42,39.19,32.48
20472,Historical,717717,0,0,D,6,1,5377725,169.95,1999,29,4.72,10.37
20473,Historical,3485089,0,0,D,1,0,1683572,22,1996,32,0,7.99
20474,Historical,724452,0,0,D,1,0,1103088,170,2012,61,54.37,12.33
20475,Historical,114350,0,0,D,6,1,394257,113.6,2003,39,75.24,21.84
20476,Historical,246204,0,0,D,1,0,3060323,58.95,2004,20,50.8,60.63
20477,Historical,156595,0,0,D,0,0,1917282,68.95,1996,20,88.24,72.87
20478,Historical,165468,0,0,D,3,1,4328044,5.19,2002,25,71.01,5.19
20479,Historical,166650,0,0,D,4,1,2065488,8.46,2005,29,71.01,8.45
20480,Historical,475922,0,0,D,1,0,2639596,165,2008,19,50.17,165
20481,Historical,253942,0,0,D,1,0,239745,228.95,2010,47,191.44,92.49
20482,Historical,299048,1,1,D,2,1,326241,76,1997,6,86.91,20.94
20483,Historical,164818,0,0,D,1,0,506580,65,1998,29,63.99,47.35
20484,Historical,245077,0,0,D,7,1,551056,216.95,2004,25,53.94,87.12
20485,Historical,106654,0,0,D,1,0,905107,55,2007,37,17.72,51.99
20486,Historical,298867,0,0,D,8,1,170865,204.95,2010,38,53.94,48.99
20487,Historical,259597,0,0,D,1,0,4553202,99.95,1995,19,131.7,108.07
20488,Historical,645742,1,1,D,2,1,1756936,69,2005,18,60.92,56.37
20490,Historical,202311,1,3,D,1,0,517573,259.95,2003,26,171.94,72.83
20491,Historical,222848,0,0,D,2,1,239717,72,2008,20,60.74,53.99
20492,Historical,716576,0,0,D,1,0,4706501,96,1999,15,96.21,77.08
20493,Historical,285835,1,1,D,2,1,2172003,116.4,2003,12,96.21,81.08
20494,Historical,223049,0,0,D,4,1,1456355,316.95,1998,64,81.7,39.98
20495,Historical,269492,0,0,D,1,0,1013148,49.95,2011,26,52.79,30.99
20496,Historical,165632,0,0,D,2,1,1527351,211,2004,14,67.4,118.68
20497,Historical,873822,0,0,D,3,1,1853920,0,2006,17,139.56,118.88
20498,Historical,145340,1,2,D,3,1,492803,220,2006,33,139.56,85.72
20499,Historical,60485,0,0,D,3,1,1120499,170.95,2004,42,46.71,25.98
20500,Historical,246680,0,0,D,4,1,203107,73.59,2008,51,46.71,68.55
20501,Historical,870756,1,3,D,3,1,1818539,199.95,1996,30,158.97,9.1
20503,Historical,116476,0,0,D,5,1,587549,136,2003,48,57.99,21.94
20504,Historical,244251,0,0,D,7,1,13206,286.95,2012,86,171.57,34.29
20505,Historical,450490,0,0,D,0,0,2750764,0,2006,17,171.57,30.83
20506,Historical,169911,1,1,D,6,1,112782,316.95,2009,39,171.57,26.55
20507,Historical,169348,0,0,D,5,1,1343017,195.95,2006,49,171.57,10.57
20508,Historical,217285,1,1,D,1,0,308619,55,2006,33,44.48,23.99
20509,Historical,635229,1,2,D,1,0,132389,123.8,2007,33,83.93,72.4
20510,Historical,115593,1,3,D,0,0,1424848,75.33,2005,24,73.39,28.99
20511,Historical,121368,0,0,D,2,1,26291,93.8,2009,104,73.39,49.99
20512,Historical,53854,1,1,D,7,1,10261,183.2,2011,135,133.9,47.47
20513,Historical,53853,1,2,D,6,1,490756,127,2007,96,133.9,26.29
20514,Historical,910662,0,0,D,1,0,5880265,126.95,1997,16,23.78,6.96
20515,Historical,60486,1,1,D,6,1,1017988,161.95,2007,52,116.76,19.65
20516,Historical,535365,1,1,D,8,1,282492,227.95,2013,54,116.76,93.87
20517,Historical,170016,0,0,D,7,1,267698,250.95,2010,43,116.76,88.97
20518,Historical,52884,0,0,D,7,1,8271,230.4,2011,113,134.64,26.94
20519,Historical,52883,0,0,D,6,1,146655,151.6,2007,180,134.64,17.97
20520,Historical,533481,0,0,D,9,1,17127,96,2011,84,119.98,41.87
20521,Historical,54626,1,1,D,7,1,818084,14.26,2006,69,119.98,8.79
20522,Historical,54627,1,2,D,8,1,188979,23.97,2008,98,119.98,9.6
20523,Historical,529358,1,1,D,3,1,3745829,67.95,2008,21,21.78,55.41
20524,Historical,128933,0,0,D,2,1,5089415,59.95,2004,29,21.78,59.95
20525,Historical,147129,0,0,D,3,1,2654456,50.95,2004,53,33.8,13.94
20526,Historical,147599,0,0,D,4,1,718280,63.95,2009,112,33.8,7.96
20527,Historical,2840890,0,0,D,1,0,4684888,65,1999,20,69.01,38.99
20528,Historical,203621,1,1,D,6,1,6258184,47.95,2003,16,56.07,12.99
20529,Historical,749186,0,0,D,1,0,2922855,74.5,2008,9,24.99,13.93
20530,Historical,2750956,0,0,D,3,1,1886876,283.99,2004,17,153.84,73.71
20531,Historical,200033,0,0,D,2,1,437934,242.95,2006,41,58.95,52.39
20532,Historical,778419,0,0,D,1,0,2179085,102.95,2006,13,58.95,73.21
20533,Historical,106516,0,0,D,2,1,702093,66,2007,30,54.02,28.99
20534,Historical,1632457,0,0,D,3,1,4050310,469,2010,10,139.54,153.99
20535,Historical,788996,0,0,D,4,1,6543493,120,2002,17,19.31,6.69
20537,Historical,849239,1,2,D,5,1,632026,50.76,1998,22,56.86,50.25
20538,Historical,183172,0,0,D,7,1,419537,148.95,2006,31,133.69,102.8
20539,Historical,204165,1,3,D,3,1,741029,54.95,2009,118,71.48,13.74
20540,Historical,529348,0,0,D,4,1,49633,71.99,2012,133,71.48,13.49
20541,Historical,181925,0,0,D,1,0,34865,34.99,2006,46,26.97,69.1
20542,Historical,255341,0,0,D,0,0,2837796,65,2001,28,63.99,16.94
20543,Historical,256784,0,0,D,0,0,1662048,83.95,2001,33,61.67,7.82
20544,Historical,574674,0,0,D,4,1,155013,215,2011,52,188.99,18.99
20545,Historical,468694,0,0,D,3,1,1419207,140,2008,26,188.99,28.86
20547,Historical,912010,1,2,D,1,0,2372381,44.5,2003,22,39.57,7.99
20548,Historical,163255,0,0,D,0,0,5958675,90,2002,17,6.38,27.9
20549,Historical,226151,0,0,D,1,0,4948250,84.95,2000,21,64.95,10.67
20550,Historical,116973,0,0,D,0,0,804675,150.8,2005,53,72.81,33.38
20551,Historical,166990,0,0,D,1,0,815773,104.95,2005,21,22.05,35.91
20552,Historical,225811,0,0,D,1,0,1039810,75.95,2003,19,60.89,8.36
20553,Historical,225917,0,0,D,5,1,7276211,109.95,2004,14,48.06,56.36
20554,Historical,225922,0,0,D,2,1,1135952,87.95,2005,14,53.09,8.51
20555,Historical,162585,0,0,D,1,0,66496,60,2009,45,36.49,8.55
20556,Historical,110091,0,0,D,1,0,848547,5.34,2010,106,48.41,5.75
20557,Historical,290112,0,0,D,1,0,1502114,8.4,2007,62,48.99,7.65
20558,Historical,115637,0,0,D,6,1,4141978,132,2003,20,6.32,16.89
20559,Historical,117639,0,0,D,7,1,740146,185,2005,44,6.32,8.98
20560,Historical,121263,0,0,D,5,1,73422,228.8,2011,55,153.47,28.23
20561,Historical,609854,1,1,D,6,1,15453,261.8,2013,142,153.47,79.63
20562,Historical,254155,0,0,D,3,1,256969,196.95,2010,32,178.33,101.98
20563,Historical,148012,0,0,D,2,1,1711288,192.95,2004,41,178.33,23.99
20564,Historical,225825,1,1,D,2,1,2300354,93.95,2004,31,20.84,18.39
20565,Historical,250592,0,0,D,3,1,875703,89.95,2008,25,20.84,57.23
20566,Historical,751304,0,0,D,7,1,2818778,23.99,2009,19,151.99,23.99
20567,Historical,51034,1,1,D,7,1,1098411,11.29,2009,47,151.99,19.35
20568,Historical,535753,1,4,D,9,1,54701,114.7,2013,54,151.99,58.98
20569,Historical,51037,0,0,D,8,1,531154,54.67,2011,51,151.99,29.29
20570,Historical,298597,1,2,D,1,0,600572,243.95,2009,53,0,0
20571,Historical,1470831,1,1,D,5,1,6741244,79.95,2008,19,50.41,46.85
20572,Historical,1472471,0,0,D,1,0,2131975,80,2010,19,53.25,96.93
20573,Historical,1474575,0,0,D,6,1,2524881,80,2011,14,50.41,62.39
20574,Historical,861434,1,1,D,7,1,34745,170.95,2013,57,115.42,67.58
20575,Historical,535535,1,1,D,7,1,55760,170.95,2013,50,115.42,69.99
20576,Historical,162618,0,0,D,3,1,950302,80.56,2009,43,68.08,48.26
20577,Historical,50947,1,4,D,6,1,527655,170.95,2009,102,115.42,32
20578,Historical,492277,0,0,D,4,1,54536,148.75,2012,55,68.08,63.98
20579,Historical,166806,0,0,D,2,1,2443901,12.99,2006,30,68.08,12.93
20580,Historical,243883,1,1,D,6,1,135336,167.95,2010,68,115.42,39.98
20581,Historical,256765,0,0,D,1,0,1432565,64.95,2000,19,33.98,43.27
20582,Historical,2564035,0,0,D,0,0,1598820,155,1997,19,108.47,73.45
20583,Historical,2337935,0,0,D,0,0,2684511,79.95,1997,16,53.88,50.81
20584,Historical,192838,0,0,D,2,1,2117190,106,2001,18,58.94,32.98
20585,Historical,200539,0,0,D,1,0,124245,97.95,2009,40,65.16,30.03
20586,Historical,582744,0,0,D,1,0,1507453,100.95,1999,19,70.19,8.89
20588,Historical,2617139,1,1,D,0,0,11765582,42.75,1985,7,157.33,0
20589,Historical,3256032,0,0,D,2,1,7301451,0,2005,35,80.58,117.18
20590,Historical,252614,0,0,D,5,1,302919,192.7,2009,45,109.94,83.99
20591,Historical,52338,0,0,D,2,1,1214706,144.2,2004,43,80.58,46.08
20592,Historical,574356,1,1,D,4,1,989739,80.59,2006,55,109.94,53.08
20593,Historical,113035,0,0,D,1,0,2245794,99.95,2008,24,13.98,51.41
20594,Historical,52339,0,0,D,3,1,322388,238.4,2007,58,80.58,58.5
20595,Historical,114345,0,0,D,3,1,209029,167.6,2003,73,125.14,68.38
20596,Historical,2579378,0,0,D,1,0,6787108,98,1993,13,7.57,50.89
20597,Historical,610384,1,18,D,14,1,6786,269.25,2013,99,87.98,63.99
20598,Historical,53257,0,0,D,13,1,54830,247.25,2010,165,87.98,33
20599,Historical,53256,1,7,D,12,1,274111,215,2007,100,87.98,19.58
20600,Historical,54214,0,0,D,5,1,657195,168.95,2004,32,70.09,47.13
20601,Historical,54212,0,0,D,6,1,264874,325.95,2007,59,70.09,42.99
20602,Historical,2571782,0,0,D,1,0,2160315,46.5,1978,20,74.35,69.35
20603,Historical,250580,0,0,D,2,1,1902622,99.95,2008,16,71.93,77.37
20604,Historical,402794,0,0,D,1,0,4158881,104,2007,14,77.75,68.89
20605,Historical,254439,0,0,D,4,1,303422,113.95,2010,57,73.34,70.24
20606,Historical,131180,0,0,D,0,0,104540,80.8,1998,44,50,13.96
20607,Historical,633866,0,0,D,0,0,104954,40,2012,44,0,9.37
20608,Historical,201839,0,0,D,2,1,495529,74,2007,39,56.22,43.51
20609,Historical,201835,0,0,D,1,0,391957,49.95,2002,65,56.22,43.64
20610,Historical,56309,1,2,D,2,1,20782,52.99,2009,109,82.92,39.66
20611,Historical,56310,1,7,D,1,0,74908,15.99,2006,111,82.92,58.98
20612,Historical,609480,0,0,D,2,1,3024193,110.95,2003,19,76.98,46.55
20613,Historical,249814,1,1,D,3,1,356787,152.95,2007,31,76.98,33.98
20614,Historical,278550,0,0,D,4,1,2781632,57.95,2003,41,53.58,7.52
20615,Historical,127305,0,0,D,5,1,1632409,59.95,2003,71,53.58,16.19
20616,Historical,129366,0,0,D,6,1,351817,67.95,2010,41,53.58,57.79
20618,Historical,919338,0,0,D,1,0,251173,24.95,1973,29,0,0
20619,Historical,158243,0,0,D,0,0,1206461,46.95,2005,20,0,53.69
20620,Historical,288555,0,0,D,0,0,1943928,49.99,2004,46,30.1,5.81
20621,Historical,901461,0,0,D,1,0,4202965,49.39,2004,17,61.72,46.47
20622,Historical,121181,0,0,D,6,1,274771,180.4,2010,55,82.98,31.98
20623,Historical,131628,0,0,D,4,1,118622,91.8,2002,43,89.46,23.99
20624,Historical,623591,0,0,D,5,1,478311,116.2,2006,49,89.46,56.91
20625,Historical,115951,0,0,D,6,1,365727,132,2005,62,38.46,31
20626,Historical,800795,0,0,D,1,0,5255013,86.95,2007,9,0,156.51
20627,Historical,290446,1,1,D,2,1,2129086,72.25,1999,38,73.65,43.88
20628,Historical,131559,1,1,D,1,0,1815421,51.8,2002,21,59.92,19.98
20629,Historical,132039,0,0,D,2,1,2581629,74.67,2005,36,59.92,29.99
20630,Historical,132506,0,0,D,3,1,514287,100,2008,29,59.92,51.08
20631,Historical,131431,0,0,D,3,1,2196038,126,2001,19,4.89,11.82
20632,Historical,289831,1,1,D,1,0,1385450,57.95,2007,33,38.92,13.92
20633,Historical,190433,0,0,D,5,1,1520607,0,2001,17,0,0
20634,Historical,918709,0,0,D,2,1,4269052,58,1995,27,43.98,5.99
20635,Historical,121567,1,1,D,10,1,208444,154.4,2011,59,54.71,78.69
20636,Historical,118830,0,0,D,9,1,440368,126.2,2007,93,54.71,18.99
20637,Historical,2678955,0,0,D,0,0,1471964,45,1992,25,72.84,44.34
20638,Historical,774902,0,0,D,0,0,3640247,73.95,2003,23,38.98,24.5
20639,Historical,543326,1,2,D,5,1,201787,176,2010,34,163.05,131.04
20641,Historical,255593,0,0,D,0,0,3974614,79,2004,11,107.6,139.05
20642,Historical,147408,0,0,D,7,1,219066,64.95,2007,33,68.76,16.17
20643,Historical,607989,1,3,D,6,1,1666736,54.95,2003,55,68.76,11.13
20644,Historical,2697053,0,0,D,2,1,6931434,235,1995,7,167.94,0
20645,Historical,545951,0,0,D,13,1,43904,115,2013,89,10.19,24.24
20646,Historical,254021,1,1,D,12,1,306819,104,2011,153,10.19,6.98
20647,Historical,109719,0,0,D,5,1,1657730,18.48,2006,35,35.81,17.64
20648,Historical,285415,1,1,D,6,1,404695,81.69,2009,61,35.81,19.72
20649,Historical,193603,1,1,D,2,1,1312630,140,2008,24,83.94,55.01
20650,Historical,270114,0,0,D,5,1,370519,214,2010,44,1135.02,124.23
20651,Historical,265938,1,1,D,4,1,1859968,146,2005,23,1135.02,150.42
20652,Historical,905990,0,0,D,0,0,3044299,0,2003,18,0,49.09
20653,Historical,178935,0,0,D,7,1,433865,253.95,2010,84,76.46,38.98
20654,Historical,2254757,0,0,D,7,1,4439769,74.54,2010,37,0,52.1
20655,Historical,562169,0,0,D,6,1,2791095,258.95,2008,33,76.46,12.18
20656,Historical,51721,1,1,D,4,1,466982,166.67,2009,95,163.49,10.31
20657,Historical,51720,0,0,D,5,1,75191,210,2011,91,163.49,38.59
20658,Historical,54160,0,0,D,4,1,1277372,172,2007,58,61.79,41.96
20659,Historical,54159,0,0,D,3,1,341239,142.67,2004,20,61.79,48.87
20660,Historical,456854,0,0,D,2,1,3177540,73.95,2004,33,9.24,46.25
20661,Historical,233372,1,1,D,2,1,379038,35.99,2005,43,40.98,28.99
20662,Historical,233368,0,0,D,2,1,188726,23.99,2005,63,43.99,19.49
20663,Historical,919392,1,2,D,1,0,2299509,26.95,1997,33,0,9.99
20664,Historical,259842,0,0,D,0,0,1912390,42,2006,20,33.44,38.99
20665,Historical,661343,0,0,D,1,0,765808,4.99,2011,13,0,4.99
20666,Historical,619125,0,0,D,1,0,1183914,82.5,2011,52,0,6.28
20667,Historical,2338529,0,0,D,2,1,10845414,57.5,1995,9,15.36,117.69
20668,Historical,626380,0,0,D,0,0,197606,44.95,2007,53,37.12,36.99
20669,Historical,50690,0,0,D,14,1,98945,251.75,2007,56,81.99,52.79
20670,Historical,50689,1,1,D,13,1,549678,5.98,2005,67,81.99,11.68
20671,Historical,534341,1,1,D,14,1,494547,183.75,2007,31,81.99,58.07
20672,Historical,109995,1,1,D,4,1,153786,44.96,2007,37,84.58,36.96
20673,Historical,111284,1,2,D,5,1,194343,81.81,2010,44,84.58,77.84
20674,Historical,196711,0,0,D,1,0,1521414,57.95,2007,18,38.57,26.15
20675,Historical,341434,0,0,D,1,0,924106,150,1998,12,101.93,47.99
20676,Historical,55224,0,0,D,5,1,228673,138.4,2009,148,90.84,16
20677,Historical,877746,1,1,D,5,1,814646,6.17,2010,24,90.84,6.2
20678,Historical,169873,0,0,D,8,1,205887,234.95,2009,48,108.99,187.24
20679,Historical,169305,1,1,D,7,1,819052,225.95,2006,43,108.99,45.63
20680,Historical,2844191,0,0,D,1,0,3691209,76.4,1994,38,0,10.99
20681,Historical,3256430,0,0,D,0,0,1794391,33.15,2004,43,0,23.61
20682,Historical,177888,1,2,D,1,0,947341,156.95,2003,49,66.62,9.93
20683,Historical,267762,1,1,D,0,0,988474,31,2004,61,18.84,18.6
20684,Historical,626005,0,0,D,1,0,2038026,75,2002,26,43.98,54.55
20685,Historical,637234,0,0,D,2,1,1263346,117.95,2007,20,43.98,23.75
20686,Historical,529290,0,0,D,8,1,232282,65,2010,56,7.07,4.85
20687,Historical,224654,0,0,D,7,1,2552064,57,2009,25,7.07,8.53
20688,Historical,193464,0,0,D,2,1,670869,42.95,2006,32,42.74,23.35
20689,Historical,193657,0,0,D,3,1,153731,44.95,2008,43,42.74,9.94
20690,Historical,143159,0,0,D,3,1,2529372,141,2007,19,58.21,10.99
20691,Historical,60488,0,0,D,2,1,1272398,292.95,2004,25,48.04,27.93
20692,Historical,252012,0,0,D,3,1,721114,265.95,2008,42,48.04,53.95
20693,Historical,56181,1,1,D,4,1,2055784,142,2007,43,47.99,23.86
20694,Historical,56182,0,0,D,5,1,441272,156,2009,75,47.99,24.32
20695,Historical,1470585,0,0,D,3,1,1748039,110,2008,22,53.27,88.99
20696,Historical,899949,0,0,D,1,0,4362324,85,2009,15,73.61,67.43
20697,Historical,143018,0,0,D,4,1,870027,38,2007,20,0,0
20698,Historical,127309,1,3,D,2,1,1710588,59.95,2007,45,44.65,15.51
20699,Historical,129367,0,0,D,3,1,172288,79.95,2010,47,44.65,12.05
20700,Historical,533381,0,0,D,5,1,243063,75,2011,72,48.54,48.52
20701,Historical,55987,1,1,D,3,1,657214,48.95,2005,52,48.54,12.99
20702,Historical,55984,1,1,D,4,1,298008,52.95,2008,90,48.54,8.88
20703,Historical,635221,1,1,D,1,0,128509,59.95,2008,22,0,0
20704,Historical,2851179,0,0,D,2,1,3705598,149.95,2000,18,66.71,51.99
20705,Historical,2535217,0,0,D,1,0,4271200,70,2000,17,70.91,73.37
20706,Historical,169913,1,2,D,7,1,103375,195.95,2009,101,93.51,37
20707,Historical,57336,0,0,D,7,1,345141,177.95,2009,40,93.51,74.3
20708,Historical,57340,1,4,D,6,1,669862,194.95,2006,79,93.51,13.89
20709,Historical,914869,0,0,D,7,1,300211,115.88,2009,21,84.48,84.71
20710,Historical,248454,1,5,D,6,1,315371,218.95,2008,66,109.11,52.63
20711,Historical,248346,0,0,D,5,1,2893862,158.95,2005,58,109.11,43.95
20712,Historical,51313,1,5,D,12,1,29426,84.95,2009,99,56.97,28.19
20713,Historical,51312,0,0,D,11,1,1123206,82.95,2006,72,56.97,11.38
20714,Historical,537144,1,1,D,13,1,22126,99.95,2012,71,56.97,73.85
20715,Historical,251960,0,0,D,8,1,715610,206.95,2010,45,86.38,41.75
20716,Historical,170227,0,0,D,8,1,272997,206.95,2011,53,86.38,36.99
20717,Historical,56315,1,2,D,2,1,939283,13.98,2007,120,37.81,10.45
20718,Historical,56316,0,0,D,3,1,37562,59,2011,52,37.81,57.92
20719,Historical,60489,1,1,D,7,1,857335,228.95,2006,66,86.38,71.53
20720,Historical,614200,1,2,D,0,0,1019654,39.99,1992,63,51.68,25.97
20721,Historical,916410,0,0,D,2,1,5563395,45,1995,28,70.99,11.24
20722,Historical,170158,0,0,D,8,1,496434,112.95,2011,70,86.67,43.67
20723,Historical,917032,0,0,D,0,0,5302005,30.07,1991,17,70.99,11.98
20724,Historical,616107,0,0,D,0,0,3048352,41.5,2010,28,3.99,4.98
20725,Historical,637251,0,0,D,5,1,1733572,48.75,2006,30,0,0
20726,Historical,608798,0,0,D,7,1,1760247,119.95,2008,46,86.67,4.81
20727,Historical,655276,1,5,D,6,1,53424,55.25,2012,73,46.76,27.88
20728,Historical,119091,0,0,D,6,1,317106,158.6,2011,40,97.63,64.27
20729,Historical,145116,0,0,D,4,1,1656588,119.4,2005,39,97.63,8.78
20730,Historical,145834,0,0,D,5,1,400326,151,2008,33,97.63,76.63
20731,Historical,3569416,0,0,D,0,0,3560725,99.95,2000,12,0,57.99
20732,Historical,2501621,0,0,D,1,0,1110089,99,2003,14,76.64,29.63
20733,Historical,2607946,1,1,D,3,1,2527383,56.25,2005,12,33.99,15.58
20734,Historical,174403,0,0,D,3,1,2598698,56.25,2005,15,48.99,133.97
20735,Historical,174301,0,0,D,3,1,323530,35.5,2004,24,22.82,24.93
20736,Historical,536183,0,0,D,3,1,254609,35.5,2004,26,21.99,13.96
20737,Historical,265639,0,0,D,2,1,1096559,60,2008,43,34.98,9.01
20738,Historical,118268,0,0,D,5,1,148989,122.8,2010,38,48.23,18.99
20739,Historical,117676,1,1,D,4,1,869743,99,2005,42,48.23,13.98
20740,Historical,170086,0,0,D,13,1,54316,217.95,2011,75,95.2,41.57
20741,Historical,403857,0,0,D,0,0,572349,63.8,2006,26,49.09,78.89
20742,Historical,248104,0,0,D,5,1,249776,98,2011,55,47.24,36.98
20743,Historical,529265,0,0,D,4,1,202972,88,2008,59,47.24,19.77
20744,Historical,51419,1,1,D,5,1,47957,131.77,2009,54,93.78,27.96
20745,Historical,51420,1,1,D,3,1,1942740,56.08,2003,53,93.78,17.98
20746,Historical,51418,1,4,D,4,1,45521,11.44,2006,63,93.78,23.74
20747,Historical,108105,0,0,D,3,1,1039252,122.81,2004,33,68.85,21.88
20748,Historical,178158,1,1,D,11,1,1896018,252.95,2005,49,95.2,13.49
20749,Historical,55115,0,0,D,6,1,144572,113,2009,78,68.12,43.99
20750,Historical,55116,1,3,D,5,1,139652,134.8,2005,70,68.12,18.33
20751,Historical,592100,0,0,D,0,0,397522,63.95,2008,54,38.99,8.94
20752,Historical,248218,0,0,D,2,1,55563,87,2011,47,38.99,48.99
20753,Historical,280672,0,0,D,1,0,2874747,99,2001,10,63.98,81.4
20754,Historical,2575538,0,0,D,1,0,4440282,0,1986,14,103.63,0
20755,Historical,267144,0,0,D,3,1,975638,124,2005,42,245.85,36
20756,Historical,267161,0,0,D,4,1,60423,176,2007,46,245.85,76.01
20757,Historical,60491,1,2,D,3,1,108193,115.4,2003,64,118.44,28.97
20758,Historical,258426,0,0,D,1,0,330560,86.5,2008,40,72.69,22.99
20759,Historical,60492,0,0,D,5,1,179694,109.4,2001,65,79.14,20.45
20760,Historical,117517,0,0,D,3,1,534348,110,2003,38,118.44,20.61
20761,Historical,258431,1,1,D,1,0,291939,115,2008,34,76.06,31.98
20762,Historical,165830,0,0,D,2,1,280633,49.95,2004,68,35.35,8.93
20763,Historical,267162,1,3,D,4,1,380963,176,2007,47,183.07,53.85
20764,Historical,524933,0,0,D,5,1,713733,148,2010,58,183.07,284.28
20765,Historical,267149,0,0,D,3,1,888282,134,2006,31,183.07,10.36
20766,Historical,625427,1,1,D,0,0,575265,110,2004,79,57.74,56
20767,Historical,190489,0,0,D,3,1,1490428,75.65,2002,31,115.03,46.98
20768,Historical,61105,1,1,D,3,1,295277,17.27,2001,73,115.03,17.27
20769,Historical,108817,1,3,D,4,1,93948,68.45,2006,76,115.03,48.07
20770,Historical,879814,0,0,D,9,1,5898771,0,2003,23,12.65,257.49
20771,Historical,53989,0,0,D,12,1,357512,14.62,2007,177,133.99,23.94
20772,Historical,53924,0,0,D,9,1,4559100,355.95,2003,36,12.65,9.9
20773,Historical,534454,1,6,D,14,1,16221,40,2011,228,133.99,33.98
20774,Historical,54150,1,1,D,18,1,214692,473.95,2011,73,143.29,28.99
20775,Historical,54149,0,0,D,16,1,1413900,361.95,2006,43,143.29,17.85
20776,Historical,587654,0,0,D,1,0,317332,328.95,2012,31,208.77,51.49
20777,Historical,587655,1,1,D,1,0,179014,278.95,2013,61,208.77,48.99
20778,Historical,53987,1,4,D,13,1,324990,15.46,2009,268,133.99,11.97
20779,Historical,551178,1,4,D,7,1,70635,39,2011,177,0,0
20780,Historical,537857,1,3,D,6,1,497469,325.2,2010,280,218.97,10
20781,Historical,878269,1,1,D,18,1,2300661,60.38,2011,26,143.29,59.55
20783,Historical,54151,0,0,D,17,1,1067976,473.95,2009,59,143.29,45.89
20784,Historical,53925,0,0,D,10,1,2545277,165.95,2006,41,12.65,16.2
20785,Historical,167224,0,0,D,12,1,763457,13.99,2009,56,134.4,13.95
20786,Historical,162105,0,0,D,12,1,3057315,5.99,2007,39,134.4,13.99
20787,Historical,162744,0,0,D,13,1,1138790,11.34,2009,103,134.4,11.34
20788,Historical,167225,0,0,D,12,1,977467,4.99,2006,49,102.21,7.98
20789,Historical,162106,0,0,D,12,1,2831014,5.35,2007,36,102.21,5.21
20790,Historical,108634,0,0,D,4,1,4889362,116,2005,23,53.87,51.6
20791,Historical,163065,0,0,D,14,1,440751,22.59,2011,62,102.21,5.92
20792,Historical,529252,0,0,D,5,1,3034324,133,2008,18,53.87,9.98
20793,Historical,170067,0,0,D,9,1,616557,294.95,2010,53,200.92,54.49
20794,Historical,285499,0,0,D,2,1,1352550,45.47,2009,36,89.94,36.59
20795,Historical,54077,0,0,D,3,1,1718152,277.95,2006,42,93.99,39.11
20796,Historical,288693,1,2,D,4,1,266097,206,2010,158,101.49,11.99
20797,Historical,254116,0,0,D,9,1,271938,294.95,2010,57,162.96,45.46
20798,Historical,177088,0,0,D,7,1,1227221,92.95,2003,44,144.37,33.98
20799,Historical,285493,0,0,D,2,1,884857,40.99,2009,46,89.94,33.99
20800,Historical,169462,0,0,D,8,1,4309404,311.95,2006,18,162.96,16.76
20801,Historical,567753,0,0,D,2,1,4124763,46.95,2008,21,13.16,33.49
20802,Historical,2256913,1,1,D,0,0,2843253,44.5,2010,49,0,21.86
20803,Historical,116742,1,5,D,0,0,1159914,158,2006,76,83.98,14.6
20804,Historical,146139,0,0,D,3,1,262877,206,2010,101,109.99,33.97
20805,Historical,145918,0,0,D,4,1,3099801,168,2008,26,53.99,90.14
20806,Historical,120557,0,0,D,4,1,142274,188,2008,115,53.99,20.89
20807,Historical,169207,0,0,D,7,1,2318609,156.95,2006,25,38.94,4
20808,Historical,170058,0,0,D,8,1,1230345,180.95,2009,68,38.94,45.9
20809,Historical,169688,1,1,D,4,1,396126,311.95,2008,71,93.99,8.82
20810,Historical,183190,0,0,D,7,1,2204049,220.95,2005,50,93.94,13.99
20811,Historical,54080,0,0,D,4,1,1762977,277.95,2010,34,93.99,19.09
20812,Historical,60493,0,0,D,10,1,332320,152.67,2006,68,68.5,48.74
20813,Historical,101339,0,0,D,6,1,2277743,80.95,2002,27,144.37,24.44
20814,Historical,169454,1,1,D,8,1,593595,158.95,2007,56,144.37,27.81
20815,Historical,108639,0,0,D,5,1,65501,125.84,2005,49,41.4,78.43
20816,Historical,146521,1,1,D,4,1,176330,216.8,2011,95,58.99,23.98
20817,Historical,574025,1,4,D,3,1,6148482,44.05,1990,14,10.84,38.98
20818,Historical,118064,1,1,D,3,1,1689827,158,2007,118,101.49,11.98
20819,Historical,290896,1,1,D,8,1,2243909,294.95,2006,41,162.96,23.49
20820,Historical,183556,0,0,D,4,1,1853573,311.95,2007,47,69.61,17.41
20821,Historical,53952,0,0,D,10,1,90084,147.33,2007,90,163.99,38.19
20822,Historical,52495,0,0,D,5,1,63120,178.67,2008,227,58.99,30.88
20823,Historical,536583,0,0,D,4,1,1076121,230.8,2011,28,58.99,602.99
20824,Historical,146162,1,1,D,11,1,87491,207.2,2010,177,68.5,17.81
20825,Historical,169529,0,0,D,8,1,1641452,203.95,2007,63,200.92,8.29
20826,Historical,179148,0,0,D,5,1,236661,294.95,2008,55,69.61,33.99
20827,Historical,60494,0,0,D,2,1,1238124,158,2006,38,109.99,13.95
20828,Historical,144849,1,1,D,7,1,886894,158,2006,147,94.66,10.97
20829,Historical,145886,0,0,D,8,1,37735,206,2009,114,94.66,43.98
20830,Historical,51447,1,1,D,8,1,93381,206,2010,109,113.94,30.35
20831,Historical,529250,1,1,D,6,1,5886,226.4,2012,96,52.97,72.98
20832,Historical,51446,0,0,D,7,1,151275,158,2007,49,113.94,31.33
20833,Historical,120560,0,0,D,5,1,64661,216.4,2008,84,52.97,58.74
20834,Historical,279043,1,1,D,5,1,1961783,13.98,2007,48,0,13.98
20835,Historical,144492,0,0,D,2,1,3124087,130.67,2003,44,49.03,12.71
20836,Historical,560990,0,0,D,3,1,931698,162.67,2007,98,49.03,23.99
20837,Historical,146012,0,0,D,9,1,845133,180.67,2009,128,163.99,33.99
20838,Historical,110983,1,1,D,6,1,837888,18.99,2008,58,41.4,51.23
20839,Historical,145958,0,0,D,2,1,233740,188,2009,87,83.98,48.99
20840,Historical,254103,1,1,D,8,1,606909,289.95,2010,63,93.94,17.96
20841,Historical,129674,0,0,D,0,0,5244031,142.67,2005,23,59.2,27.68
20842,Historical,145791,0,0,D,2,1,2280593,172,2008,35,59.2,38.78
20843,Historical,182832,1,3,D,6,1,1123338,336.95,2003,71,132.98,18.71
20844,Historical,183614,1,1,D,7,1,696853,304.95,2007,64,132.98,51.91
20845,Historical,615369,0,0,D,3,1,343170,64,2008,43,49.89,23.99
20846,Historical,145717,0,0,D,3,1,282953,178.67,2008,100,49.89,39.97
20847,Historical,179201,0,0,D,7,1,866180,292.95,2008,45,132.98,107.07
20848,Historical,2533661,0,0,D,0,0,1957011,42.95,1998,23,42.21,37.99
20849,Historical,50110,0,0,D,9,1,302612,285.95,2006,34,223.77,87.34
20850,Historical,905402,0,0,D,9,1,2751322,88.53,2006,36,35,64.1
20851,Historical,50109,0,0,D,10,1,164278,345.95,2009,84,223.77,44.83
20852,Historical,148644,1,1,D,10,1,603359,218.95,2009,26,223.77,73.98
20853,Historical,551506,0,0,D,2,1,680328,89.95,2005,31,53.88,43.99
20854,Historical,51541,1,1,D,8,1,28655,91.43,2009,92,101.28,70.56
20855,Historical,650115,1,1,D,8,1,811084,19.05,2010,30,101.28,19.05
20856,Historical,101284,0,0,D,8,1,2646001,241.95,2000,37,185.51,18.94
20857,Historical,60495,0,0,D,9,1,534128,217.95,2003,38,185.51,19.95
20858,Historical,51540,0,0,D,7,1,213558,55.97,2005,96,101.28,35.96
20859,Historical,564519,0,0,D,1,0,3102553,44.95,2001,13,42.89,27.93
20861,Historical,534219,1,1,D,1,0,763454,105,2007,45,134.5,39.99
20862,Historical,534189,0,0,D,2,1,285256,135,2009,57,134.5,38.39
20863,Historical,2577658,0,0,D,1,0,2009592,0,1986,16,0,104.77
20864,Historical,1702255,0,0,D,0,0,1742534,135.5,2013,19,86.98,125.37
20865,Historical,1702130,0,0,D,0,0,3182516,118,2009,10,86.98,30.46
20867,Historical,112040,0,0,D,3,1,144245,58.75,2011,79,120.49,33.98
20868,Historical,697789,0,0,D,3,1,248193,54.71,2011,36,120.49,30.81
20869,Historical,214932,0,0,D,3,1,1002249,99,2009,40,65.09,19.97
20870,Historical,870466,0,0,D,5,1,3792311,177.33,2004,20,90.86,10.93
20871,Historical,117050,0,0,D,6,1,1934412,213.33,2007,28,90.86,10.34
20872,Historical,285397,0,0,D,2,1,1408072,7.94,2008,52,120.49,7.94
20873,Historical,193526,0,0,D,0,0,212656,154,2009,50,68.91,63.23
20874,Historical,595034,0,0,D,0,0,1429916,46,2010,20,173.94,46
20875,Historical,3102453,0,0,D,2,1,4434302,70,2004,17,66.74,70
20876,Historical,920512,0,0,D,0,0,100768,96.5,2003,48,108.99,42.99
20877,Historical,110690,0,0,D,16,1,1852814,54.25,2010,26,14.09,16.94
20878,Historical,870477,0,0,D,4,1,5642204,111,2006,28,104.27,54.67
20879,Historical,416577,1,4,D,11,1,721405,18.92,2007,91,109.91,17.99
20880,Historical,119259,0,0,D,7,1,179534,256,2012,85,125.17,24.96
20881,Historical,550559,0,0,D,15,1,2859393,48.5,2008,22,14.09,7.63
20882,Historical,592842,0,0,D,4,1,4849084,71,2010,13,35.8,7.99
20883,Historical,643294,0,0,D,3,1,4176143,79,2004,14,35.8,14.99
20884,Historical,137540,1,1,D,5,1,715774,200.8,2008,34,104.27,58.21
20885,Historical,913540,0,0,D,0,0,4117662,88.75,2012,28,43.99,43.63
20886,Historical,52177,1,1,D,6,1,73237,167.4,2011,100,162.4,21.97
20887,Historical,178844,0,0,D,3,1,1630162,121.95,2005,66,58.96,10.75
20888,Historical,165245,0,0,D,1,0,3001890,6.79,2003,31,38.99,5.26
20889,Historical,52181,0,0,D,6,1,104844,242.4,2009,88,125.17,18.36
20890,Historical,117346,1,3,D,1,0,239170,200,2007,67,86.99,18.99
20891,Historical,52178,0,0,D,5,1,323490,160,2009,101,162.4,13.65
20892,Historical,609856,1,2,D,7,1,18361,202,2013,129,162.4,106.95
20893,Historical,55981,1,1,D,12,1,1104508,196,2008,69,120.01,25.11
20894,Historical,57622,0,0,D,8,1,40054,397.95,2011,67,176.98,61.87
20895,Historical,57621,0,0,D,7,1,754005,436.95,2008,83,176.98,28.99
20896,Historical,286432,0,0,D,5,1,363180,215.8,2008,70,102.71,29.96
20897,Historical,115644,0,0,D,4,1,2725815,186.67,2003,37,102.71,11.99
20898,Historical,247854,0,0,D,2,1,999637,115,2007,30,38.99,33.41
20899,Historical,193344,0,0,D,0,0,1901110,103.5,2005,22,161.09,47.65
20900,Historical,193621,1,2,D,2,1,76043,211,2010,50,161.09,18.99
20901,Historical,574787,0,0,D,2,1,818433,44,2010,36,161.09,15.99
20902,Historical,737770,0,0,D,8,1,1208164,39,2009,28,32.42,38.34
20903,Historical,665145,0,0,D,9,1,247611,43,2012,23,32.42,42.6
20904,Historical,1476754,0,0,D,1,0,3775877,250,2014,17,0,182.72
20905,Historical,143457,0,0,D,0,0,1892918,117,2003,14,46.99,53.99
20906,Historical,902867,0,0,D,2,1,1414200,65,2008,11,46.99,65
20907,Historical,738299,0,0,D,2,1,6190271,96,2002,10,43.99,53.91
20908,Historical,2233079,0,0,D,0,0,4365015,222,2006,12,210.7,166.31
20909,Historical,114241,1,3,D,1,0,566037,147.4,2002,39,100.99,45.89
20910,Historical,529227,0,0,D,2,1,135516,153.2,2011,26,100.99,130.86
20911,Historical,515793,0,0,D,2,1,2434328,95,2010,24,11.43,10.44
20912,Historical,128653,0,0,D,2,1,1064931,85,2008,12,18.82,53.99
20913,Historical,915559,0,0,D,0,0,3158414,80,2003,33,18.82,21.99
20914,Historical,232194,0,0,D,3,1,830563,80,2010,33,243.97,70.61
20915,Historical,232193,1,3,D,2,1,649495,75,2008,31,243.97,43.61
20916,Historical,60496,0,0,D,4,1,195781,212.95,2001,76,68.91,20.84
20917,Historical,2608039,0,0,D,4,1,4561832,79,2005,21,64.73,53.99
20918,Historical,110572,1,2,D,15,1,28827,283.5,2011,55,160.93,49.95
20919,Historical,145692,0,0,D,8,1,37068,206.67,2008,63,142.5,31.04
20920,Historical,60497,0,0,D,9,1,1620493,66.56,2007,49,25.46,43.48
20921,Historical,173855,0,0,D,0,0,3214870,65,2006,19,34.84,10.27
20922,Historical,108391,0,0,D,5,1,2521626,14.89,2005,59,115.19,10.6
20923,Historical,285427,0,0,D,7,1,88009,35.68,2009,53,115.19,23.87
20924,Historical,290195,0,0,D,10,1,512086,45.44,2009,34,25.46,39.3
20925,Historical,120208,0,0,D,5,1,55074,224.4,2010,74,86.47,88.17
20926,Historical,192091,0,0,D,1,0,306168,11.69,2007,63,69.93,27.42
20927,Historical,53851,1,1,D,13,1,180095,356.95,2010,45,170.49,43.97
20928,Historical,50273,0,0,D,6,1,861774,134.7,2003,37,91,9.34
20929,Historical,50266,1,1,D,14,1,334695,37.63,2008,104,160.93,28.98
20930,Historical,53852,0,0,D,11,1,1475140,392.95,2006,48,170.49,7.37
20931,Historical,110064,0,0,D,6,1,196558,19.24,2007,50,115.19,20.94
20932,Historical,145429,1,1,D,4,1,1035340,193.33,2007,35,86.47,43.83
20933,Historical,53850,0,0,D,12,1,309790,356.95,2008,80,170.49,53.45
20934,Historical,50274,0,0,D,7,1,371988,173.33,2006,44,91,18.98
20935,Historical,50267,0,0,D,13,1,173211,194.25,2006,48,160.93,13.99
20936,Historical,3133200,0,0,D,1,0,3159891,33,2003,19,42.28,11.98
20937,Historical,545793,0,0,D,2,1,444348,87,2012,41,46.34,8.98
20938,Historical,592095,0,0,D,0,0,1030675,62,2009,23,46.34,26.49
20939,Historical,270077,0,0,D,4,1,455928,219,2010,49,208.13,73.43
20940,Historical,868669,1,1,D,3,1,1538819,168,2006,27,208.13,18.99
20941,Historical,263369,0,0,D,0,0,1960418,70,2006,25,52.43,39.75
20944,Historical,392836,0,0,D,17,1,2490670,164,2010,15,148.25,58.99
20945,Historical,600808,0,0,D,19,1,877611,217,2012,17,148.25,82.43
20946,Historical,148634,1,1,D,9,1,1484338,193.95,2008,41,163.99,5.34
20947,Historical,50822,0,0,D,6,1,16263,58.98,2011,97,141.77,47.97
20948,Historical,50813,0,0,D,10,1,112415,291.95,2009,75,163.99,50.28
20949,Historical,50821,1,1,D,5,1,360900,23.91,2008,92,141.77,21.16
20950,Historical,421324,0,0,D,1,0,329726,233.33,2008,31,53.98,42.84
20951,Historical,50820,0,0,D,4,1,723543,11.11,2005,62,141.77,10.98
20952,Historical,272098,0,0,D,3,1,4619940,77.99,2007,21,81.22,28.34
20953,Historical,904663,0,0,D,4,1,4002129,79.99,2009,24,81.22,32.06
20954,Historical,529217,1,1,D,2,1,237331,100,2012,25,47.86,54.79
20955,Historical,162563,0,0,D,1,0,1308387,95,2008,27,47.86,33.49
20956,Historical,541853,0,0,D,2,1,334555,45,2012,29,34.19,21.57
20957,Historical,162564,0,0,D,1,0,648097,39.95,2008,18,34.19,83.52
20958,Historical,1558548,0,0,D,0,0,5246246,295,2012,17,0,121.87
20959,Historical,793795,0,0,D,1,0,1946431,114.95,2003,13,113.09,43.99
20960,Historical,254363,0,0,D,0,0,3256025,119,2010,17,148.99,99.5
20961,Historical,157502,0,0,D,2,1,739850,54.95,2008,25,44.92,43.94
20962,Historical,901758,0,0,D,0,0,5035438,83.95,1994,21,80.37,46.09
20963,Historical,227621,0,0,D,2,1,1474803,100.95,2008,19,80.37,62.55
20964,Historical,148387,0,0,D,4,1,1288233,151.95,2004,28,48.99,8.99
20965,Historical,157758,1,1,D,4,1,248019,91.95,2011,50,66.09,61.05
20966,Historical,300641,0,0,D,3,1,1063082,83,2010,28,50.7,10.66
20967,Historical,326194,0,0,D,0,0,1301116,115,2006,27,0,78.45
20968,Historical,337029,0,0,D,3,1,1623804,79.95,2008,26,66.09,122.67
20969,Historical,148615,0,0,D,5,1,357973,175.95,2007,67,48.99,26.83
20970,Historical,1702262,0,0,D,0,0,788024,115,2013,26,43.98,22.31
20971,Historical,142956,0,0,D,0,0,1486244,154.5,2006,22,53.99,81.55
20972,Historical,639355,0,0,D,0,0,2550884,146,2007,14,266.19,41.29
20973,Historical,650902,0,0,D,2,1,846686,219,2011,21,266.19,9.99
20974,Historical,193472,0,0,D,2,1,1431439,146,2006,28,17.67,92.99
20975,Historical,128587,0,0,D,2,1,5184565,90,2002,22,40.42,49.43
20976,Historical,128972,0,0,D,2,1,3827960,39.95,2004,16,31.11,34.44
20977,Historical,193539,1,3,D,5,1,432626,148,2007,34,4.96,12.23
20978,Historical,193709,0,0,D,3,1,180372,201,2010,83,17.67,12.99
20979,Historical,556282,0,0,D,2,1,2964999,79.95,2006,21,53.24,60.66
20980,Historical,2247824,0,0,D,3,1,803568,38.99,2006,28,0,38.99
20981,Historical,288398,0,0,D,3,1,1740972,170,2006,43,24,8.99
20982,Historical,143285,1,1,D,4,1,475372,216,2010,77,198.99,62.99
20983,Historical,143255,1,3,D,5,1,354095,225,2009,64,162.97,181.86
20984,Historical,1581444,0,0,D,0,0,2534095,155,2011,19,64.25,34.08
20985,Historical,595067,0,0,D,6,1,286774,82,2012,39,24,66.98
20986,Historical,1587766,0,0,D,0,0,1956258,53.5,2006,27,52.95,65.94
20987,Historical,1588215,0,0,D,0,0,3283354,26.75,2006,10,40.1,27.81
20989,Historical,244047,0,0,D,3,1,481069,165.95,2010,29,75.96,63.98
20990,Historical,55222,0,0,D,1,0,58478,30.13,2007,19,66.99,27.04
20991,Historical,252719,0,0,D,2,1,143640,58.33,2011,59,66.99,42.81
20992,Historical,157697,0,0,D,4,1,723922,70.95,2010,41,7.14,39.83
20993,Historical,50961,1,2,D,8,1,20643,99.99,2011,115,115.1,43.99
20994,Historical,119094,0,0,D,7,1,270820,66.46,2010,24,102.99,52.76
20995,Historical,699027,0,0,D,7,1,2782328,12.53,2008,17,115.1,16.82
20996,Historical,183231,0,0,D,3,1,1843251,213.95,2005,40,7.14,6.93
20997,Historical,50960,1,1,D,7,1,840855,10.17,2008,79,115.1,10.34
20998,Historical,50959,0,0,D,6,1,2421343,12.39,2005,37,115.1,10.3
20999,Historical,50984,1,1,D,6,1,463520,206.67,2007,80,102.99,8.1
21000,Historical,50341,0,0,D,7,1,3625595,236.95,2003,28,68.99,6.98
21001,Historical,137535,0,0,D,6,1,1863029,129,2008,46,50.29,25.44
21002,Historical,137499,0,0,D,5,1,4011626,120,2005,30,50.29,36.99
21003,Historical,53368,1,1,D,14,1,97248,48.04,2008,93,95.32,43.61
21004,Historical,50343,0,0,D,9,1,556655,431.95,2009,56,68.99,18.99
21005,Historical,119324,0,0,D,3,1,8783962,170.67,1996,17,34.98,19.97
21006,Historical,50342,0,0,D,8,1,1065944,342.95,2006,28,68.99,22.22
21007,Historical,53367,1,3,D,13,1,1429962,9.93,2006,88,95.32,6.75
21008,Historical,272101,0,0,D,5,1,2084096,75.95,2008,16,54.17,60.14
21009,Historical,272080,0,0,D,4,1,5322875,55.99,2004,20,54.17,19.98
21010,Historical,263365,0,0,D,1,0,373394,79,2006,28,62.64,79.95
21011,Historical,600843,1,1,D,1,0,17686,82,2011,27,62.64,67.97
21012,Historical,529201,0,0,D,1,0,85803,78,2009,43,62.64,94.49
21013,Historical,147818,0,0,D,0,0,4511802,216.95,2001,20,34.88,42.37
21014,Historical,148205,0,0,D,0,0,672365,168.95,2004,15,34.88,10.88
21015,Historical,2414998,0,0,D,1,0,6585947,475,2000,14,237.87,149.57
21016,Historical,130163,0,0,D,7,1,345546,86.67,2003,28,48.98,26.3
21017,Historical,156890,0,0,D,3,1,2355305,56.95,2001,23,42.3,23.99
21018,Historical,276980,0,0,D,1,0,1376345,65,2003,13,80.92,108.31
21019,Historical,263366,0,0,D,1,0,936936,79,2006,26,80.92,116.95
21020,Historical,263354,0,0,D,1,0,290432,78,2003,13,98.49,97.64
21021,Historical,868683,1,1,D,1,0,100873,112,2015,22,80.92,103.42
21022,Historical,866902,1,1,D,12,1,10228,120.8,2014,109,85.38,43.97
21023,Historical,53530,0,0,D,9,1,510710,89.8,2008,71,85.38,41.6
21024,Historical,53531,1,4,D,10,1,377951,90.6,2010,67,85.38,32.98
21025,Historical,156751,0,0,D,2,1,2251869,44.95,2004,24,15.43,16.49
21026,Historical,109358,0,0,D,11,1,4546446,0,2006,25,13.93,24.99
21027,Historical,108483,0,0,D,10,1,468105,71.25,2004,48,13.93,23.93
21028,Historical,55113,0,0,D,11,1,2502269,95.5,2006,51,13.93,4
21031,Historical,183592,0,0,D,2,1,2578926,12.24,2007,41,52.29,11.99
21032,Historical,529192,1,1,D,4,1,547337,142.95,2012,52,52.29,47.59
21033,Historical,120629,0,0,D,4,1,849539,145.8,2008,47,25.99,22.96
21034,Historical,552627,0,0,D,3,1,1756861,110,2006,23,25.99,10.08
21035,Historical,632089,1,2,D,1,0,129692,107.95,2012,27,0,0
21036,Historical,53084,0,0,D,10,1,65341,140.6,2011,63,97.99,53.96
21037,Historical,169979,0,0,D,3,1,1331415,157.95,2009,53,52.29,21.98
21038,Historical,2691479,0,0,D,0,0,3149429,37.95,2005,17,22.26,20.2
21039,Historical,195142,0,0,D,0,0,696260,39.95,2008,47,26.16,22.35
21040,Historical,2416185,0,0,D,0,0,1636882,84.95,2004,47,39.54,42.07
21041,Historical,564651,0,0,D,2,1,3430416,44.95,2005,27,33.96,48.51
21042,Historical,157670,0,0,D,3,1,706003,45.95,2009,32,33.96,39.74
21043,Historical,276977,1,1,D,1,0,312152,72.5,2003,49,84.14,28.99
21044,Historical,263362,0,0,D,1,0,285711,120,2006,42,92,73.99
21045,Historical,263373,0,0,D,1,0,3259035,130,2007,14,83.69,39.99
21046,Historical,149221,0,0,D,0,0,5041552,38,2001,15,0,28.79
21047,Historical,247579,0,0,D,1,0,983749,103,2005,28,40.56,25.94
21048,Historical,901639,0,0,D,2,1,4490418,37.24,2005,14,16.15,100.57
21049,Historical,217302,0,0,D,0,0,1372985,55,2007,71,34.13,11.89
21050,Historical,535986,1,1,D,2,1,88679,55,2012,63,34.13,10.67
21051,Historical,737743,0,0,D,8,1,1104248,38,2008,20,41.93,37.13
21052,Historical,737769,0,0,D,4,1,2507095,39,2008,11,33.99,12.61
21053,Historical,737278,0,0,D,3,1,4508504,30,2004,17,33.99,40.39
21054,Historical,298748,0,0,D,1,0,195301,58.87,2007,35,80.21,33.97
21055,Historical,574788,0,0,D,0,0,2714959,35.5,2009,16,73.99,13.99
21056,Historical,867287,0,0,D,2,1,504884,48,2012,37,73.99,26.98
21057,Historical,545174,0,0,D,2,1,126475,70.5,2010,55,80.21,67.61
21058,Historical,118798,1,1,D,6,1,1195721,81.2,2007,76,44.56,7.99
21059,Historical,118318,0,0,D,7,1,385561,74.67,2011,63,44.56,33.84
21060,Historical,907615,0,0,D,0,0,6131043,95,2005,23,74.79,5.29
21061,Historical,116647,0,0,D,3,1,1985576,113,2003,35,84.31,27.55
21062,Historical,607349,1,1,D,4,1,553281,156.6,2007,55,84.31,27.99
21063,Historical,198455,0,0,D,2,1,126436,201.95,2007,24,45.9,17.93
21064,Historical,1660373,0,0,D,2,1,660490,64.95,2007,17,0,20.51
21065,Historical,609614,0,0,D,4,1,2438956,56.95,2008,35,15.96,5.97
21066,Historical,178969,0,0,D,5,1,1286252,69.95,2009,47,15.96,7.95
21067,Historical,2040391,0,0,D,0,0,3299316,88.75,2008,20,61.94,63.95
21068,Historical,641611,1,1,D,0,0,133210,60,2008,37,61.94,50.32
21069,Historical,113845,0,0,D,4,1,634187,75,2000,75,102.43,16.41
21070,Historical,117750,0,0,D,5,1,104147,124.8,2005,20,102.43,79.93
21071,Historical,133375,0,0,D,6,1,103795,122.8,2010,37,74.94,44.01
21072,Historical,60967,0,0,D,4,1,457618,77.4,2004,45,74.94,23.75
21073,Historical,533930,0,0,D,5,1,213395,101.2,2007,50,74.94,47.51
21074,Historical,2255191,0,0,D,1,0,2131444,72.22,2007,42,0,45.64
21075,Historical,609857,1,7,D,7,1,13401,173,2013,118,59.92,67.39
21076,Historical,50258,1,1,D,5,1,724339,71.95,2003,46,50.38,9.98
21077,Historical,132394,1,1,D,6,1,323503,130.2,2008,63,69.21,33.99
21078,Historical,131860,0,0,D,5,1,822623,97.2,2004,39,69.21,73.13
21079,Historical,130443,0,0,D,13,1,25074,161,2012,125,116.93,23.74
21080,Historical,56410,1,2,D,12,1,63830,130,2008,90,116.93,33.5
21081,Historical,287561,1,4,D,5,1,158846,135.2,2007,94,59.92,44.23
21082,Historical,53527,1,1,D,6,1,123131,209.95,2009,109,125.65,49.94
21083,Historical,54698,1,2,D,1,0,84556,111.67,2008,176,68.49,32.98
21084,Historical,132004,0,0,D,1,0,1400934,100.2,2007,19,25.01,8.98
21085,Historical,53529,0,0,D,5,1,730511,157.95,2006,97,125.65,8.57
21086,Historical,50259,0,0,D,6,1,613592,84.95,2007,80,50.38,19.24
21087,Historical,132853,0,0,D,6,1,159130,135.2,2010,106,59.92,33.97
21088,Historical,110243,0,0,D,8,1,40841,103.24,2010,48,99.5,115.55
21089,Historical,537883,1,1,D,7,1,180912,17.98,2005,70,99.5,13.98
21090,Historical,540144,1,2,D,3,1,33243,93.4,2013,86,45.34,58.99
21091,Historical,132895,0,0,D,2,1,112496,73,2010,119,45.34,42.07
21092,Historical,557321,1,1,D,1,0,650840,105.4,2007,64,45.34,12.99
21093,Historical,2619483,1,1,D,3,1,329736,70.95,1996,47,18.98,16.86
21094,Historical,2618476,0,0,D,2,1,1166739,83.95,1991,35,0,53.94
21095,Historical,169933,0,0,D,6,1,19202,213.95,2010,46,138.99,105.99
21096,Historical,177312,1,3,D,5,1,112135,123.95,2005,38,138.99,92.06
21097,Historical,299566,0,0,D,1,0,1516555,90,2003,33,28.04,45.31
21098,Historical,868093,0,0,D,1,0,3087638,83.6,1998,22,43.92,4.99
21099,Historical,112051,1,2,D,4,1,89576,42.56,2011,57,86.66,61.22
21100,Historical,110394,0,0,D,3,1,1340391,10.94,2008,44,86.66,10.37
21101,Historical,108442,0,0,D,2,1,1226921,49.51,2005,42,86.66,50.07
21102,Historical,129483,1,2,D,12,1,8533,95.95,2012,165,51.03,31.75
21103,Historical,913341,0,0,D,0,0,1414885,70.34,2009,70,51.03,29.83
21104,Historical,50244,1,4,D,11,1,145463,84.95,2009,186,51.03,24.49
21105,Historical,273078,0,0,D,0,0,190243,49.95,2005,17,30.77,18.38
21106,Historical,226054,0,0,D,2,1,663933,99.95,1998,21,83.94,31.18
21107,Historical,204026,0,0,D,3,1,878140,86.99,2008,19,45.99,66.51
21108,Historical,573609,1,2,D,0,0,939784,19.95,2000,29,21.74,23.87
21109,Historical,113569,0,0,D,3,1,6280662,34.4,2003,14,35.81,10.96
21110,Historical,120860,0,0,D,5,1,466787,63.2,2009,29,35.81,30.04
21111,Historical,547064,0,0,D,5,1,578838,42.5,2007,87,49.98,23.99
21112,Historical,275602,0,0,D,6,1,332686,71.25,2010,112,49.98,28.99
21113,Historical,724801,0,0,D,3,1,5383391,49.95,2004,24,22.44,17.19
21114,Historical,249925,1,2,D,7,1,407185,181.95,2006,56,123.12,93.39
21115,Historical,252031,1,1,D,8,1,1797444,136.95,2008,17,80.99,21.94
21116,Historical,247912,0,0,D,2,1,927338,88,2007,64,46.27,65.74
21117,Historical,53845,0,0,D,8,1,68979,191.95,2007,51,67.99,22.09
21118,Historical,132620,0,0,D,2,1,372710,40.99,2008,40,29.78,28.94
21119,Historical,636330,0,0,D,1,0,1651409,99,2002,19,3998.99,100.19
21120,Historical,159568,0,0,D,2,1,2823703,89.95,2005,17,50.47,49.89
21121,Historical,869531,0,0,D,1,0,5035927,54.95,2000,17,50.47,72.77
21122,Historical,256287,0,0,D,0,0,1133146,54.95,2007,19,51.47,61.49
21123,Historical,54203,0,0,D,13,1,37922,27.49,2010,68,81.53,27.49
21124,Historical,623810,0,0,D,7,1,133614,243.95,2012,42,144.03,158.99
21125,Historical,60501,0,0,D,5,1,1723547,138.95,2002,60,144.03,11.98
21126,Historical,55971,0,0,D,2,1,4107478,73.95,2003,28,34.99,17.04
21127,Historical,55973,0,0,D,4,1,848244,120.95,2010,34,34.99,19.98
21128,Historical,55972,0,0,D,3,1,2063678,85.95,2007,26,34.99,44.01
21129,Historical,54202,0,0,D,12,1,90073,17,2007,82,81.53,20.97
21130,Historical,904942,1,1,D,1,0,5630306,0,1998,20,51.74,66.31
21131,Historical,54201,0,0,D,11,1,1649918,34.99,2005,45,81.53,28.97
21132,Historical,169522,0,0,D,3,1,117156,187.95,2007,32,99.01,73.09
21133,Historical,60502,0,0,D,2,1,150759,81.95,2001,60,99.01,13.99
21134,Historical,169370,1,1,D,3,1,515781,164.95,2007,45,93.99,14.55
21135,Historical,60503,1,1,D,3,1,995081,171.95,2007,56,93.99,43.37
21136,Historical,366220,0,0,D,2,1,629605,64,2008,30,51.98,40.62
21137,Historical,2253187,1,2,D,5,1,7479644,31.43,2008,26,0,29.6
21138,Historical,112059,1,1,D,6,1,23402,207.5,2011,89,118.98,75.43
21139,Historical,130838,0,0,D,0,0,3062616,81,2000,38,42.04,28.59
21140,Historical,51076,0,0,D,5,1,149867,23.86,2008,78,118.98,22.98
21141,Historical,154427,0,0,D,1,0,161929,26.88,2010,36,72.26,22.92
21142,Historical,108701,1,1,D,6,1,4788699,13.94,2007,13,39.05,12.99
21143,Historical,110669,0,0,D,7,1,502172,18.37,2006,63,39.05,19.77
21144,Historical,534072,0,0,D,6,1,2322180,79.68,2005,26,39.05,20.82
21145,Historical,2601993,0,0,D,0,0,4560054,38.99,1997,20,0,78.91
21146,Historical,2349375,0,0,D,4,1,2229121,59.95,2002,18,36.94,53.97
21147,Historical,1839214,0,0,D,1,0,2758879,56.99,2007,18,48.07,42.97
21148,Historical,118411,0,0,D,2,1,1789119,84,2006,33,36.99,7.55
21149,Historical,114839,0,0,D,1,0,2619218,66.2,2003,27,36.99,7.91
21150,Historical,51979,0,0,D,2,1,716324,144,2005,164,78.16,16.11
21151,Historical,51980,0,0,D,3,1,48391,155.2,2008,191,78.16,43.99
21152,Historical,2355030,0,0,D,2,1,455084,126.38,2004,9,57.5,146.11
21153,Historical,529151,0,0,D,3,1,4789436,7.98,2005,33,75.84,7.98
21154,Historical,112055,1,2,D,5,1,112374,161.5,2010,68,75.84,28.86
21155,Historical,110402,0,0,D,4,1,985306,23.96,2007,80,75.84,22.7
21156,Historical,161940,0,0,D,1,0,203724,39.99,2007,52,15.99,14.89
21157,Historical,247839,1,4,D,0,0,138326,70,2010,72,42.53,8.89
21158,Historical,545792,1,3,D,2,1,15482,90,2013,60,42.53,61.85
21159,Historical,109710,1,1,D,3,1,754496,7.99,2006,51,119.98,6.99
21160,Historical,110240,1,1,D,4,1,76129,73.7,2009,60,119.98,54.38
21161,Historical,296508,1,3,D,1,0,619532,79.95,2008,71,70.08,7.48
21162,Historical,271026,0,0,D,2,1,168399,109,2011,116,70.08,12.98
21163,Historical,109742,0,0,D,3,1,407555,75.95,2006,39,66.94,50.47
21164,Historical,53104,1,1,D,4,1,109978,61.61,2008,67,66.94,44.18
21165,Historical,53105,0,0,D,2,1,567405,23.4,2003,44,66.94,9.1
21166,Historical,53103,0,0,D,3,1,101799,15.99,2006,38,66.94,13.99
21167,Historical,2030842,0,0,D,0,0,95335,25,2012,24,58.8,23.98
21168,Historical,265708,1,2,D,1,0,818899,74.95,2009,42,0,0
21169,Historical,167345,0,0,D,0,0,3649411,75,2006,22,4.5,36.98
21170,Historical,529147,0,0,D,2,1,1042227,85,2009,40,4.5,13.99
21171,Historical,516809,0,0,D,1,0,4825233,35.95,1999,45,76.37,26.51
21172,Historical,289012,0,0,D,2,1,1397999,71.95,2005,29,76.37,68.17
21173,Historical,628723,0,0,D,1,0,812981,72,2010,48,30.02,65.06
21174,Historical,1660143,0,0,D,1,0,4714972,75,2007,18,36.98,73.49
21175,Historical,198360,0,0,D,1,0,1080635,29.95,2007,50,36.98,28.37
21176,Historical,54076,1,1,D,9,1,176666,82.95,2007,47,125.44,47.55
21177,Historical,129441,1,2,D,10,1,16031,88.95,2011,75,125.44,51.59
21178,Historical,54075,1,1,D,8,1,237937,77.95,2004,55,125.44,33.94
21179,Historical,173785,0,0,D,0,0,600721,49.99,2005,83,28.88,20.98
21180,Historical,290590,0,0,D,4,1,699644,54.2,2005,70,44.64,51.37
21181,Historical,162153,0,0,D,5,1,33188,87.99,2010,49,44.64,43.11
21182,Historical,252615,1,7,D,1,0,416145,21.89,2011,125,109.64,16.7
21183,Historical,616721,0,0,D,2,1,21748,175,2012,115,109.64,44.83
21184,Historical,50777,0,0,D,3,1,550889,127.33,2006,103,21.93,33.98
21185,Historical,50776,0,0,D,2,1,2821096,78.8,2004,61,21.93,13.99
21186,Historical,438037,0,0,D,2,1,747448,62,2008,16,41.95,68.5
21187,Historical,149374,0,0,D,1,0,1264420,59.95,2001,20,41.95,67.53
21188,Historical,620952,1,1,D,3,1,178797,120.4,1993,40,54.81,11.42
21189,Historical,893468,0,0,D,2,1,1130432,36.95,2008,18,38.99,58.69
21190,Historical,750734,1,1,D,1,0,1252449,39.99,2008,25,0,49.77
21191,Historical,200519,0,0,D,2,1,825462,222.95,2009,49,41.88,22.85
21192,Historical,247704,1,3,D,1,0,176505,133,2007,69,68.99,44.81
21193,Historical,166682,1,1,D,3,1,1700627,145,2006,18,78.99,67.69
21194,Historical,199028,0,0,D,0,0,4939026,56.95,1998,28,37.89,10.99
21195,Historical,587838,0,0,D,1,0,1841118,86.25,2012,23,61.31,36.19
21196,Historical,300009,1,1,D,7,1,880048,56,2002,19,0,0
21197,Historical,258322,0,0,D,2,1,125342,99.95,2004,55,25.94,20.41
21198,Historical,577619,1,1,D,1,0,1256096,76,1998,18,0,77
21199,Historical,117071,0,0,D,5,1,200684,184.2,2009,86,114.67,65.93
21200,Historical,285970,0,0,D,4,1,305790,173.8,2005,35,114.67,42.49
21201,Historical,564259,0,0,D,2,1,2556921,50,1992,15,46.91,50.03
21202,Historical,249885,0,0,D,1,0,1132020,188.95,2008,21,62.5,89.85
21203,Historical,103981,1,1,D,2,1,202786,50.49,2001,59,45.62,43.94
21204,Historical,600349,0,0,D,6,1,49477,31.99,2011,53,0,37.96
21205,Historical,2098092,0,0,D,7,1,928118,0,2014,15,0,123.35
21206,Historical,116669,0,0,D,3,1,497958,73.33,2003,28,100.96,62.03
21207,Historical,2598436,0,0,D,1,0,2802446,214.99,1995,22,0,122.13
21208,Historical,60506,0,0,D,3,1,1553343,153.33,2005,55,95.43,38.91
21209,Historical,167632,0,0,D,1,0,1547971,119.95,1997,26,53.99,51.01
21210,Historical,230627,0,0,D,1,0,1013218,59.95,1998,45,49.99,15.19
21211,Historical,333831,0,0,D,0,0,2239770,69.95,2000,23,115.64,12.08
21212,Historical,2585600,0,0,D,0,0,347076,39.95,1993,52,33.89,43.88
21213,Historical,132154,1,1,D,5,1,123084,149.8,2006,59,78.98,37.99
21214,Historical,132562,0,0,D,10,1,427930,135.4,2008,44,111.42,39.38
21215,Historical,60508,0,0,D,9,1,952480,111,2005,72,111.42,13.24
21216,Historical,316611,0,0,D,0,0,2776901,126.93,2009,46,99.52,12.37
21217,Historical,119328,0,0,D,0,0,428294,116.73,2011,54,99.52,48.99
21218,Historical,920052,0,0,D,1,0,471690,47,1979,60,128.35,49.88
21219,Historical,129788,0,0,D,2,1,555245,131.2,2000,42,128.35,42.98
21220,Historical,287859,0,0,D,0,0,1263569,55,2004,18,0,23.23
21221,Historical,262114,0,0,D,2,1,1213729,89.38,2000,34,85.46,23
21222,Historical,60060,0,0,D,4,1,6008517,231.95,2004,16,39.99,12.49
21223,Historical,249860,0,0,D,5,1,406916,264.95,2006,48,39.99,18.97
21224,Historical,147034,1,1,D,3,1,1158350,44.95,2002,25,60.07,95.81
21225,Historical,60509,1,1,D,4,1,1281820,148.6,2003,53,99.16,9.95
21226,Historical,132398,0,0,D,5,1,175262,171,2007,50,99.16,44.79
21227,Historical,129019,0,0,D,2,1,646271,59.95,2005,22,48.19,22.98
21228,Historical,128672,0,0,D,3,1,776175,66.95,2008,26,48.19,52.48
21229,Historical,112946,0,0,D,2,1,714705,112,2005,32,56.79,43.84
21230,Historical,2364423,0,0,D,2,1,5805328,98,1993,16,123.31,55.43
21231,Historical,317737,0,0,D,3,1,4204608,110,1997,20,123.31,43.99
21232,Historical,873091,0,0,D,2,1,2798526,93.84,2009,25,77.58,32.09
21233,Historical,145681,0,0,D,2,1,276220,153.2,2008,33,77.58,8.99
21234,Historical,212393,1,1,D,0,0,998811,105.4,2003,44,77.58,23.87
21235,Historical,58156,0,0,D,2,1,603418,19.99,2005,114,93.49,19.79
21236,Historical,112262,0,0,D,1,0,496051,112.5,2004,47,30.92,18.99
21237,Historical,55781,0,0,D,3,1,954319,17.97,2008,61,78.99,7.15
21238,Historical,529112,0,0,D,4,1,32534,194.95,2012,74,123.99,104.88
21239,Historical,148773,0,0,D,3,1,744663,213.95,2009,71,123.99,28.98
21240,Historical,148336,1,1,D,2,1,762980,230.95,2006,36,123.99,23.99
21241,Historical,177188,0,0,D,5,1,906593,316.95,2004,38,127.67,26.99
21242,Historical,60510,0,0,D,6,1,283982,392.95,2007,45,127.67,53.99
21243,Historical,301423,0,0,D,0,0,361566,69.99,1998,28,76.53,45.99
21244,Historical,2443111,0,0,D,0,0,7047075,149,2004,24,37.99,57.52
21245,Historical,396000,1,4,D,0,0,426329,42.95,2003,50,51.49,39.93
21246,Historical,110438,0,0,D,4,1,2255889,0,2005,16,0,0
21247,Historical,167013,0,0,D,1,0,1785333,74.95,2006,46,43.14,11.94
21248,Historical,615675,0,0,D,1,0,1524389,224.95,1977,46,33.73,15.79
21249,Historical,107380,0,0,D,6,1,184311,137.5,2000,34,123.99,75.69
21250,Historical,284866,1,1,D,5,1,1217000,179,1996,51,123.99,46.13
21251,Historical,56456,0,0,D,9,1,219392,115.2,2007,54,67.98,38.99
21252,Historical,56458,0,0,D,10,1,400772,138.07,2010,57,67.98,28.99
21253,Historical,531655,1,4,D,3,1,15942,253,2012,117,123.22,23.97
21254,Historical,285492,0,0,D,2,1,254531,32.02,2009,85,123.22,26.97
21255,Historical,131884,0,0,D,3,1,531173,139.4,2004,64,50.62,22.99
21256,Historical,286171,1,1,D,5,1,334827,82.2,2006,36,53.99,32.88
21257,Historical,176550,1,8,D,3,1,1187261,190.95,1997,32,24.99,44.34
21258,Historical,574758,1,3,D,2,1,857857,62,2009,89,48.31,16.01
21259,Historical,173876,0,0,D,1,0,1142537,107,2005,29,83.99,58.71
21260,Historical,256326,0,0,D,2,1,563047,49.95,2006,184,41.79,18.76
21261,Historical,55964,0,0,D,6,1,735655,61.95,2009,124,48.82,12.23
21262,Historical,435243,0,0,D,7,1,302815,72.95,2012,100,48.82,26.28
21263,Historical,290245,0,0,D,1,0,3676063,50.31,2005,21,108.09,44.93
21264,Historical,117318,1,6,D,7,1,501669,181.6,2008,42,122.73,73.97
21265,Historical,162772,0,0,D,1,0,920817,52.38,2009,53,108.09,27.31
21266,Historical,107101,0,0,D,2,1,2577949,120.7,1999,27,25.66,12.36
21267,Historical,108183,0,0,D,3,1,498820,21.1,2003,28,25.66,9.56
21268,Historical,121136,1,1,D,4,1,49063,158,2010,119,107.5,76.99
21269,Historical,132183,0,0,D,3,1,1348780,106.67,2006,55,107.5,17.64
21270,Historical,1956952,0,0,D,1,0,4886591,73,2012,15,64.05,171.26
21271,Historical,50579,1,1,D,7,1,28356,180.95,2011,282,74.54,18.99
21272,Historical,50578,1,1,D,6,1,814992,159.95,2007,166,74.54,13.71
21273,Historical,203618,0,0,D,3,1,1067467,44.95,2005,42,18.62,10.97
21274,Historical,203970,0,0,D,4,1,262081,60.95,2008,89,18.62,12.99
21275,Historical,346420,1,1,D,5,1,1057371,118.95,2009,38,144.64,8.48
21276,Historical,244196,0,0,D,6,1,43607,227.95,2012,55,144.64,70.79
21277,Historical,179220,0,0,D,5,1,436315,250.95,2009,48,144.64,45.51
21278,Historical,60511,1,1,D,4,1,1477801,174.95,2006,70,144.64,14.49
21279,Historical,257491,0,0,D,0,0,2424295,95.95,1998,19,62.89,85.91
21280,Historical,347691,0,0,D,2,1,2696071,110,2006,21,44.08,48.99
21281,Historical,2129322,0,0,D,0,0,3628729,59.95,2008,21,45.15,14.79
21282,Historical,118939,1,1,D,4,1,1005560,143.6,2007,21,87.12,116.61
21283,Historical,313656,0,0,D,3,1,496413,106.67,2002,25,87.12,9.16
21284,Historical,598495,1,1,D,1,0,309662,98,2010,68,48.38,13.98
21285,Historical,200034,0,0,D,4,1,2768575,49.95,2005,31,53.99,8.24
21286,Historical,200457,0,0,D,5,1,615460,88.95,2009,58,53.99,13.97
21287,Historical,529094,0,0,D,3,1,162197,122.4,2012,71,98.49,61.97
21288,Historical,120702,0,0,D,2,1,980334,102,2009,52,98.49,52.47
21289,Historical,629557,1,3,D,1,0,396357,85.2,2011,43,79.73,73.97
21290,Historical,138928,0,0,D,2,1,3078512,44,2000,20,52.04,23.95
21291,Historical,196405,0,0,D,3,1,493310,111,1996,22,50.47,82.74
21292,Historical,148715,0,0,D,2,1,185139,307.95,2008,31,76.84,25.9
21293,Historical,148719,0,0,D,2,1,1408359,273.95,2008,17,76.84,263.12
21295,Historical,346139,1,2,D,6,1,468549,270.95,2007,63,148.91,43.98
21296,Historical,371474,1,1,D,7,1,157640,245.95,2010,53,148.91,67.9
21297,Historical,200464,0,0,D,1,0,979293,124.95,2010,34,78.98,36.89
21299,Historical,53099,0,0,D,13,1,122518,267.95,2011,121,142.98,57.51
21300,Historical,544681,1,5,D,14,1,46259,243.95,2013,100,142.98,33.99
21301,Historical,110664,1,1,D,6,1,714698,23.99,2009,77,118.57,17.98
21302,Historical,53098,1,1,D,12,1,439004,257.95,2009,108,142.98,26.2
21303,Historical,60512,1,1,D,5,1,104697,18.94,2007,85,118.57,9.27
21304,Historical,545842,0,0,D,8,1,27316,131,2012,73,47.99,41.57
21305,Historical,248243,0,0,D,2,1,113191,107,2010,53,67.98,34.9
21306,Historical,911758,1,2,D,2,1,2459459,46.47,2011,52,67.98,54.21
21307,Historical,247934,0,0,D,1,0,1418435,96,2008,36,67.98,13.49
21308,Historical,58439,1,2,D,7,1,195473,102,2010,86,47.99,12.99
21309,Historical,192834,0,0,D,3,1,4505444,64.95,2000,36,61.53,5.98
21310,Historical,114837,0,0,D,1,0,202743,84,2002,25,70.98,36.42
21311,Historical,378671,1,1,D,2,1,2427747,49.95,1999,21,31.99,19.4
21312,Historical,529084,1,1,D,9,1,65921,385.95,2012,82,191.79,58.94
21313,Historical,117581,1,2,D,0,0,2877808,94,2004,25,68.98,7.94
21314,Historical,117768,0,0,D,1,0,1986876,54.99,2006,26,0,0
21315,Historical,184355,0,0,D,0,0,2515609,0,2003,24,44.94,39.01
21316,Historical,1563155,0,0,D,1,0,2682615,121,2007,20,93.65,82.6
21317,Historical,157601,0,0,D,3,1,487875,39.95,2010,26,117.32,23.1
21318,Historical,207617,0,0,D,1,0,1476932,79.95,1999,17,108.22,34.42
21319,Historical,196452,0,0,D,4,1,358449,81.95,2001,22,44.97,67.95
21320,Historical,881910,0,0,D,3,1,7422130,54.99,1984,11,44.97,177.55
21321,Historical,386696,0,0,D,5,1,4468516,24.95,2006,38,105.98,4.94
21322,Historical,132065,0,0,D,5,1,2058997,99.33,2004,24,59.94,43.52
21323,Historical,322572,0,0,D,4,1,3092471,85.4,2000,24,59.94,14.99
21324,Historical,60514,0,0,D,5,1,895686,291.95,2006,79,105.98,12.91
21325,Historical,131774,1,1,D,5,1,2327189,84.2,2003,36,59.94,8.99
21326,Historical,144982,1,1,D,2,1,104564,210,2006,52,196.46,90.27
21327,Historical,129038,0,0,D,3,1,386734,59.95,2007,29,47.72,51.21
21328,Historical,165984,0,0,D,3,1,2039763,0,2001,20,4.76,38.94
21329,Historical,129304,0,0,D,4,1,41009,76.95,2011,49,47.72,37.24
21330,Historical,154258,0,0,D,1,0,1211872,41,1997,24,63.98,26.99
21331,Historical,154361,0,0,D,2,1,162372,38.18,2001,53,63.98,42.55
21332,Historical,278219,0,0,D,0,0,2929329,74.95,2003,18,66.48,8.87
21333,Historical,53923,0,0,D,6,1,225471,126.2,2006,56,35.85,42.37
21334,Historical,298237,1,2,D,0,0,1101530,99,2005,43,78.42,17.74
21335,Historical,53922,0,0,D,5,1,1320614,110.4,2004,58,35.85,8.99
21336,Historical,162927,0,0,D,8,1,209441,122.68,2010,34,81.91,59.97
21337,Historical,166928,0,0,D,7,1,645535,124.86,2006,61,81.91,50.71
21338,Historical,607436,0,0,D,2,1,683997,88,1989,39,64.04,63.82
21339,Historical,120641,0,0,D,2,1,1786868,124,2008,32,19.5,23.99
21340,Historical,366723,0,0,D,4,1,97760,251.95,2000,30,52.99,41.42
21341,Historical,298003,1,1,D,5,1,587665,229.95,2006,48,52.99,23.39
21342,Historical,347818,0,0,D,1,0,2768548,80,2008,19,58.27,73.71
21343,Historical,648035,0,0,D,0,0,1160297,130,1987,31,61.72,142.79
21344,Historical,273365,0,0,D,4,1,272594,59.95,2010,70,32.37,36.97
21345,Historical,293526,1,4,D,3,1,927787,65.95,2007,64,32.37,10.19
21346,Historical,196715,0,0,D,2,1,1840441,71.95,2005,32,32.37,45.8
21347,Historical,202263,0,0,D,1,0,1465543,153.95,2001,32,68.01,16.24
21348,Historical,116668,0,0,D,2,1,2107790,47,2004,18,54.44,23.51
21349,Historical,286435,1,1,D,3,1,728417,68,2008,49,54.44,33.55
21350,Historical,107234,1,2,D,1,0,1204124,44.69,1999,36,70.49,40.31
21351,Historical,60516,1,1,D,2,1,225663,159,2003,41,109.74,44.93
21352,Historical,120366,1,1,D,7,1,717329,120,2008,52,92.05,63.79
21353,Historical,868275,0,0,D,1,0,8177273,32,1977,21,34.65,62.22
21354,Historical,128599,0,0,D,0,0,1477240,67.95,2001,37,36.45,35.49
21355,Historical,105437,0,0,D,4,1,2015662,86,2007,15,132.99,63.86
21356,Historical,116983,1,1,D,2,1,337673,139,1997,61,63.98,9.54
21357,Historical,107455,0,0,D,4,1,596348,63.99,2006,27,132.99,35.15
21358,Historical,176867,0,0,D,2,1,1314451,288.95,2003,37,99.74,18.99
21359,Historical,50509,1,1,D,3,1,387634,126.4,2004,44,67.97,49.69
21360,Historical,50510,0,0,D,4,1,40672,163.6,2007,87,67.97,78.57
21361,Historical,529066,0,0,D,6,1,44783,111.95,2012,84,28.37,21.93
21362,Historical,200494,1,2,D,5,1,185731,112.95,2009,93,28.37,13.97
21363,Historical,200123,0,0,D,4,1,478351,92.95,2006,45,28.37,14.37
21364,Historical,586230,1,3,D,0,0,329871,24,1982,48,28.34,24
21365,Historical,261955,0,0,D,1,0,2942801,115.95,2002,26,0,0
21366,Historical,120753,0,0,D,4,1,953759,67,2009,31,105.11,45.51
21367,Historical,116716,0,0,D,3,1,6274725,40,2005,23,105.11,23.98
21368,Historical,276645,0,0,D,3,1,628712,50,2007,45,31.67,38.95
21369,Historical,193283,0,0,D,2,1,1900199,51,2003,29,37.34,15.69
21370,Historical,51343,1,1,D,14,1,61888,264,2011,67,66.47,45.86
21371,Historical,51342,0,0,D,13,1,417721,36.62,2008,39,66.47,60.21
21372,Historical,51344,1,1,D,12,1,1447862,22.4,2005,33,66.47,19.78
21373,Historical,50817,0,0,D,10,1,252113,267.73,2010,62,139.13,47.99
21374,Historical,50816,0,0,D,9,1,565947,198.67,2005,85,139.13,30.48
21375,Historical,643642,0,0,D,0,0,2259459,59.95,2010,15,9.99,33.99
21376,Historical,114830,0,0,D,3,1,382764,190,2002,31,222.12,22.99
21377,Historical,254134,1,3,D,4,1,44257,166.95,2011,58,59.47,37.55
21378,Historical,249730,1,1,D,3,1,478590,107.95,2006,96,59.47,18.49
21379,Historical,621735,0,0,D,2,1,204150,100,2007,51,67.85,83.74
21380,Historical,395706,0,0,D,1,0,2986682,95,2001,20,67.85,10.98
21381,Historical,697781,0,0,D,7,1,96126,45.71,2011,13,170.45,53.28
21382,Historical,569888,0,0,D,3,1,1295947,117.95,1993,21,98.99,52.68
21383,Historical,113103,0,0,D,4,1,150389,97.95,2008,26,43.95,152.43
21384,Historical,139692,1,1,D,1,0,4306310,99,2003,18,82.92,38.99
21385,Historical,132296,0,0,D,3,1,541644,116,2007,54,78.99,60.65
21386,Historical,61159,1,2,D,2,1,465868,104.8,2004,30,78.99,29.95
21387,Historical,58433,1,2,D,3,1,75300,120,2011,61,88.39,53.58
21388,Historical,112773,0,0,D,2,1,432874,75.95,2004,30,51.83,15.99
21389,Historical,58434,1,1,D,2,1,433248,104,2008,81,88.39,17.48
21390,Historical,3263347,0,0,D,7,1,2862145,120.87,2002,27,0,127.2
21391,Historical,200150,0,0,D,4,1,275035,195.95,2006,38,73.84,48.69
21392,Historical,908128,0,0,D,1,0,1849922,94.15,1968,35,32.08,45.22
21393,Historical,52887,0,0,D,9,1,98149,368.95,2009,92,195.59,43.99
21394,Historical,54065,0,0,D,8,1,1547914,9.98,2004,48,34.46,9.77
21395,Historical,52886,1,1,D,8,1,296010,390.95,2006,127,195.59,35.99
21396,Historical,54063,0,0,D,9,1,546854,61.1,2008,80,34.46,36.99
21397,Historical,162470,0,0,D,9,1,968032,0,2008,22,108.81,24.99
21398,Historical,165703,0,0,D,8,1,3032924,19.99,2004,27,108.81,38.99
21399,Historical,54064,1,1,D,10,1,80994,60.99,2011,124,34.46,18.99
21400,Historical,54171,1,1,D,10,1,43048,110.27,2010,197,129.99,28.99
21401,Historical,320996,0,0,D,1,0,2199447,75.95,2007,22,57.1,11.99
21402,Historical,2339227,0,0,D,1,0,3533316,0,1967,30,18.64,121.77
21403,Historical,111568,1,1,D,6,1,300673,92.66,2011,37,123.99,56.95
21404,Historical,402577,0,0,D,5,1,344620,124.08,2009,36,123.99,72.23
21405,Historical,53401,0,0,D,13,1,39309,157.67,2010,94,78.8,43.99
21406,Historical,53400,1,2,D,12,1,682162,34.88,2008,112,78.8,30.6
21407,Historical,51207,0,0,D,4,1,355064,143.4,2007,105,79.53,28.87
21408,Historical,51206,0,0,D,3,1,275717,112.8,2004,54,79.53,39.98
21409,Historical,53399,0,0,D,11,1,1208834,13.16,2006,63,78.8,15.97
21410,Historical,2159965,0,0,D,2,1,420341,14,2007,20,15.53,32.34
21411,Historical,907019,0,0,D,0,0,968733,12,2006,19,15.53,43.78
21412,Historical,872579,1,1,D,2,1,21249,98.99,2013,41,68.36,66.93
21413,Historical,252769,1,2,D,2,1,98298,150,2011,55,68.36,18.99
21414,Historical,539559,0,0,D,1,0,454461,136.75,1981,50,161.97,73.98
21416,Historical,200353,1,3,D,1,0,378585,126.95,2007,80,46.71,12.1
21417,Historical,633715,1,1,D,2,1,288505,67.95,2013,68,44.92,14.97
21418,Historical,114558,0,0,D,5,1,1527610,162.2,2003,40,129.44,55.09
21419,Historical,118765,0,0,D,6,1,784114,223.2,2008,22,129.44,153.49
21420,Historical,3791792,0,0,D,1,0,3391910,64,2002,26,0,22.16
21421,Historical,181196,0,0,D,4,1,533065,84,1996,22,60.02,52.87
21422,Historical,1734855,1,2,D,4,1,304718,61.9,2006,12,0,33.97
21423,Historical,132572,1,1,D,6,1,143611,146.6,2008,47,72.95,56.13
21424,Historical,200241,1,1,D,1,0,435401,107.95,2008,50,43.99,50.47
21425,Historical,388337,1,7,D,3,1,40695,165.95,2011,73,35.39,46.99
21426,Historical,245234,1,1,D,2,1,514490,167.95,2006,114,35.39,11.98
21427,Historical,366567,1,4,D,2,1,19454,116.95,2011,103,76,61.49
21428,Historical,408170,1,4,D,1,0,479832,104.95,2007,99,76,13.58
21429,Historical,889210,0,0,D,1,0,3628659,206.22,1969,11,38.99,675
21430,Historical,385287,0,0,D,0,0,2115359,188.95,2004,47,33.54,8.95
21431,Historical,223019,0,0,D,5,1,2947399,197.95,1998,33,15.3,15.98
21432,Historical,202355,1,1,D,6,1,2856034,281.95,2001,43,15.3,7.96
21433,Historical,391033,0,0,D,1,0,449283,92,2009,81,84.99,24.97
21434,Historical,762303,1,4,D,5,1,2901624,82.67,2006,20,182.56,82.4
21435,Historical,164844,1,2,D,3,1,646619,70.54,1996,51,169.71,38.54
21436,Historical,55111,0,0,D,4,1,239161,69.58,2001,44,169.71,95.81
21437,Historical,55112,1,1,D,5,1,125111,228.72,2006,46,169.71,71.67
21439,Historical,112916,0,0,D,2,1,2939483,94.95,1998,23,69.98,81.37
21440,Historical,379548,0,0,D,0,0,1016919,104.95,2009,14,46.88,104.95
21441,Historical,529040,0,0,D,4,1,55079,74.95,2012,77,80.91,21.99
21442,Historical,196723,0,0,D,2,1,1658793,76.95,2006,36,80.91,13.16
21443,Historical,300721,0,0,D,3,1,1034759,76.95,2008,80,80.91,10.99
21444,Historical,366751,0,0,D,1,0,639267,188.95,2006,23,172.1,55.37
21445,Historical,529038,1,3,D,6,1,8910,162.4,2012,117,76.99,43.99
21446,Historical,55106,1,2,D,5,1,160859,128.4,2008,135,76.99,15.99
21447,Historical,55105,0,0,D,4,1,1335025,120.8,2005,80,76.99,20.95
21448,Historical,316604,1,2,D,3,1,425738,153,2009,48,85.6,25.28
21449,Historical,529039,0,0,D,4,1,43586,158.8,2012,62,85.6,42.26
21450,Historical,386582,0,0,D,3,1,412220,56.95,2008,37,0,36.99
21451,Historical,131944,1,4,D,1,0,1461357,95.8,2006,41,68.99,28.98
21452,Historical,403877,1,4,D,7,1,833401,116.8,2008,42,60.33,40
21453,Historical,52605,0,0,D,7,1,109570,184.95,2011,94,99.13,39.99
21454,Historical,133344,1,1,D,2,1,250016,117.4,2010,87,68.99,18.99
21455,Historical,386720,0,0,D,3,1,925368,285.95,2006,28,103.96,53.99
21456,Historical,357815,0,0,D,4,1,1289911,105,2003,33,114.98,42.97
21457,Historical,258074,0,0,D,3,1,978515,60,2000,37,36.39,9.98
21458,Historical,120570,0,0,D,5,1,56369,176,2007,36,151.91,65.19
21459,Historical,60519,0,0,D,4,1,746248,129.6,2002,41,151.91,43.79
21460,Historical,128167,0,0,D,1,0,5378263,47.95,2002,20,16.11,23.98
21461,Historical,129046,0,0,D,2,1,745113,80.95,2007,33,16.11,66.4
21462,Historical,381482,0,0,D,4,1,40605,47.2,2012,148,78.23,23.99
21463,Historical,553279,1,1,D,1,0,2500184,239.07,2012,12,113.99,223.98
21464,Historical,110349,0,0,D,14,1,1703355,181.88,2007,42,103.99,12.99
21465,Historical,309732,1,2,D,14,1,1603201,25.55,2007,51,103.99,26.99
21466,Historical,109240,0,0,D,13,1,182921,13.87,2005,44,103.99,11.97
21467,Historical,649567,1,3,D,5,1,11261,184.75,2013,47,78.23,78.98
21468,Historical,52550,0,0,D,3,1,170846,18.98,2010,91,78.23,16.99
21469,Historical,907276,0,0,D,0,0,1099294,189,1998,17,180.69,69
21470,Historical,125732,0,0,D,2,1,350702,145,1998,39,84.21,67.27
21471,Historical,607160,0,0,D,6,1,1823635,93,2001,47,32.81,18.76
21472,Historical,873531,0,0,D,5,1,6165081,78,1998,28,32.81,42.85
21473,Historical,127643,0,0,D,1,0,843336,87.95,2009,40,51.21,41.96
21474,Historical,196721,0,0,D,1,0,2372316,88.95,2006,22,65.67,18.05
21475,Historical,113203,0,0,D,2,1,210368,79.95,2011,24,65.67,36.79
21476,Historical,164255,0,0,D,1,0,2543250,41.74,2004,47,87.61,39.52
21477,Historical,162698,0,0,D,2,1,161795,12.97,2009,49,87.61,13.48
21478,Historical,347322,0,0,D,0,0,4454175,62,2003,23,51.45,10.24
21479,Historical,133329,0,0,D,5,1,573710,125.2,2010,78,63.99,43.99
21480,Historical,120954,0,0,D,4,1,885473,105.4,2007,88,63.99,13.88
21481,Historical,2471449,0,0,D,1,0,3538274,114.95,1996,18,0,78.71
21482,Historical,349295,0,0,D,1,0,3214478,70.6,2007,5,93.63,253.52
21483,Historical,355515,0,0,D,1,0,2749122,81.95,1996,27,34.98,49.98
21484,Historical,201692,0,0,D,4,1,3651634,38.95,2004,32,38.99,12.52
21485,Historical,533341,0,0,D,9,1,42966,164.6,2012,97,112.96,72.99
21486,Historical,56759,0,0,D,8,1,140246,121.6,2010,37,112.96,47.95
21487,Historical,56813,0,0,D,7,1,314029,136.6,2008,44,112.09,53.05
21488,Historical,312726,1,3,D,5,1,2040496,60,2000,34,45.75,44.39
21489,Historical,314942,0,0,D,4,1,3251861,45,1995,35,45.75,38.98
21490,Historical,60520,1,2,D,2,1,1101516,75,2005,42,59.3,30.42
21491,Historical,194176,0,0,D,3,1,69864,92,2008,106,59.3,8.41
21492,Historical,50439,0,0,D,7,1,536202,119.95,2002,145,89.5,20.98
21493,Historical,259256,0,0,D,1,0,5183219,104.95,1998,39,26.32,16.93
21494,Historical,107190,0,0,D,3,1,1094589,19.98,2002,41,50.59,41.79
21495,Historical,367026,0,0,D,3,1,3080533,134,2001,28,82.92,45.17
21496,Historical,1933358,0,0,D,0,0,318373,139.95,2012,44,27.99,49
21497,Historical,50507,1,2,D,10,1,135766,210.95,2011,75,122.04,53.61
21498,Historical,50506,1,1,D,9,1,697357,222.95,2007,77,122.04,16.99
21499,Historical,385318,1,1,D,4,1,745576,268.95,2003,34,92.24,33.94
21500,Historical,298681,1,2,D,5,1,686544,239.95,2008,53,92.24,53.48
21501,Historical,286377,0,0,D,4,1,94197,162.8,2009,49,93.89,45.67
21502,Historical,313952,0,0,D,3,1,2293511,131.6,2005,28,93.89,71.15
21503,Historical,197911,0,0,D,3,1,626013,93.39,2007,21,66.7,59.94
21504,Historical,243864,0,0,D,10,1,105303,184.95,2011,87,88.69,82.98
21505,Historical,115914,0,0,D,2,1,170779,147.8,2005,36,32.02,73.99
21506,Historical,60521,0,0,D,8,1,1420698,193.95,2005,68,88.69,38.99
21507,Historical,169693,1,2,D,9,1,268567,184.95,2008,62,88.69,22.33
21508,Historical,2703418,0,0,D,2,1,7448548,75.45,2004,11,66.7,107.29
21509,Historical,193737,1,1,D,5,1,37585,177.95,2011,38,187.28,84.86
21510,Historical,193591,1,1,D,4,1,238865,126.95,2008,49,187.28,21.99
21511,Historical,193391,0,0,D,0,0,4742425,96.95,2004,11,93.72,17.53
21512,Historical,193600,1,2,D,2,1,144063,84.95,2007,39,93.72,32.81
21513,Historical,193345,1,1,D,3,1,314546,116.95,2005,48,187.28,12.99
21514,Historical,386491,1,2,D,2,1,14002,60,2011,171,48.04,28.28
21515,Historical,802160,0,0,D,2,1,1935351,44,2011,11,38.95,8.98
21516,Historical,247628,1,1,D,1,0,83371,49.95,2008,90,48.04,25.96
21517,Historical,587675,1,2,D,4,1,17362,220.95,2012,63,105.84,93.99
21518,Historical,55110,1,3,D,2,1,42458,125.95,2004,55,105.84,26.33
21519,Historical,556699,0,0,D,3,1,4215935,91,1993,32,47.35,38.81
21520,Historical,321892,0,0,D,4,1,326920,116,1997,26,47.35,33.25
21521,Historical,2560103,0,0,D,1,0,12581032,0,1979,16,84.98,58.28
21522,Historical,164893,0,0,D,3,1,1350069,120,2001,27,108.99,57.23
21523,Historical,53571,0,0,D,14,1,1985824,85.4,2005,63,29.64,38.99
21524,Historical,144411,0,0,D,13,1,930646,81.6,2003,80,29.64,85.19
21525,Historical,178003,1,1,D,5,1,232843,207.95,2006,43,83.08,38.99
21526,Historical,50422,0,0,D,11,1,421239,92.67,2001,72,58.23,44.93
21527,Historical,156825,0,0,D,0,0,427336,65,2001,34,27.8,19.99
21528,Historical,308643,1,2,D,1,0,5360823,105.5,2001,18,130.23,18.94
21529,Historical,108308,0,0,D,2,1,1033755,173.75,2003,17,130.23,23.99
21530,Historical,60522,1,2,D,2,1,891742,30.97,2004,24,130.23,30.12
21531,Historical,50423,0,0,D,12,1,281600,126,2005,53,58.23,46.97
21532,Historical,297990,0,0,D,1,0,2707396,217.95,2005,19,147.48,26.49
21533,Historical,136544,0,0,D,0,0,1096844,57,2004,27,29.99,39.08
21534,Historical,404112,0,0,D,2,1,338298,60,2009,22,29.99,57.23
21535,Historical,901146,0,0,D,1,0,2364487,99,1990,22,85.74,97.66
21536,Historical,120881,0,0,D,14,1,522908,221.33,2007,92,93.5,13.43
21537,Historical,120819,0,0,D,15,1,296676,281.2,2010,49,93.5,38.5
21538,Historical,344542,1,1,D,9,1,219989,7.81,2008,47,26.63,53.12
21539,Historical,55958,0,0,D,10,1,377249,240,2009,36,200.2,86.12
21540,Historical,61150,0,0,D,9,1,702080,198.67,2006,41,200.2,21.98
21541,Historical,119373,1,1,D,11,1,23254,293.8,2012,69,200.2,121.66
21542,Historical,50397,1,2,D,11,1,852814,216.95,2004,81,196.98,23.97
21543,Historical,109967,1,1,D,3,1,877967,63.43,2007,50,103.45,31.97
21544,Historical,374088,1,3,D,1,0,6600084,93.95,1999,16,99.97,73.11
21545,Historical,109443,1,1,D,3,1,1381648,92.6,2007,25,103.45,73.98
21546,Historical,111899,0,0,D,6,1,3718,369.5,2012,272,103.99,16.99
21547,Historical,50428,0,0,D,5,1,69936,60,2009,213,103.99,12
21548,Historical,177107,0,0,D,2,1,1163917,349.95,2005,54,126.66,32.99
21549,Historical,169839,0,0,D,3,1,585093,311.95,2009,53,126.66,63.99
21550,Historical,54857,0,0,D,6,1,162684,148,2009,78,65.75,23.85
21551,Historical,54859,0,0,D,6,1,369091,31.84,2010,60,65.75,25.99
21552,Historical,334699,0,0,D,3,1,3219994,110,1997,16,73.46,101.89
21553,Historical,203974,1,1,D,2,1,479778,74.99,2007,103,58.99,21.86
21554,Historical,367101,0,0,D,0,0,1721749,54.95,2004,32,58.99,15.79
21555,Historical,116493,0,0,D,6,1,908847,154,2004,25,63.98,53.99
21556,Historical,113659,0,0,D,5,1,764601,118,1999,38,63.98,64.57
21557,Historical,50421,0,0,D,5,1,454302,74.95,2007,125,48.99,15.99
21558,Historical,58567,1,1,D,6,1,34517,89.95,2010,143,48.99,25.88
21559,Historical,618958,0,0,D,2,1,488283,51.99,2010,54,48.99,9.47
21560,Historical,117803,0,0,D,2,1,883827,56,2006,35,34,21.56
21562,Historical,868343,0,0,D,2,1,1806858,230.95,1994,32,53.48,23.39
21563,Historical,117708,0,0,D,4,1,657442,153.33,2005,46,103.48,37.48
21564,Historical,121804,1,1,D,3,1,524433,122.67,2000,70,103.48,31.9
21565,Historical,547714,1,1,D,5,1,635212,110.67,1994,33,63.98,43.98
21566,Historical,113581,1,1,D,6,1,855279,93.33,2004,37,63.98,49.96
21567,Historical,152838,0,0,D,0,0,806497,74.95,1996,36,39.84,27.99
21568,Historical,120752,1,3,D,2,1,253974,74.4,2010,64,43.16,47.23
21570,Historical,172669,1,1,D,1,0,786673,85,2010,34,59.56,50.31
21571,Historical,2226381,0,0,D,0,0,231182,0,2010,6,0,25.87
21572,Historical,308453,1,1,D,2,1,418822,125,2002,27,128.65,30.44
21573,Historical,108801,0,0,D,3,1,804508,96.99,2005,39,128.65,59.7
21574,Historical,135547,0,0,D,2,1,4911113,49.95,2001,23,38.61,15
21575,Historical,135582,0,0,D,3,1,909257,62.95,2004,18,0,0
21576,Historical,308978,0,0,D,3,1,1470257,0,2007,21,16.94,65.14
21577,Historical,124560,1,1,D,3,1,138392,65,2000,27,27.62,35.96
21578,Historical,249826,1,1,D,2,1,364409,102.95,2008,39,61.01,29.46
21579,Historical,297975,0,0,D,1,0,151340,102.95,2002,59,61.01,21.98
21580,Historical,248902,1,1,D,4,1,977123,75.95,2007,96,44.84,15.73
21581,Historical,298881,0,0,D,5,1,64464,92.95,2011,136,44.84,19.97
21583,Historical,1658955,1,3,D,1,0,2070297,59.8,2011,14,53.99,73.11
21584,Historical,2424482,0,0,D,0,0,737945,32,1987,30,67.87,52.99
21585,Historical,125801,0,0,D,0,0,878777,129,1999,38,115.83,41.24
21586,Historical,264944,1,2,D,1,0,138892,89.95,2007,40,49.95,92.75
21587,Historical,273331,0,0,D,2,1,2090399,89.95,2003,37,74.98,15.72
21588,Historical,2575650,0,0,D,0,0,5454616,0,1974,19,84.58,55
21590,Historical,246512,0,0,D,6,1,949388,131.95,2007,38,0,53.39
21591,Historical,393261,0,0,D,2,1,1864343,58.95,2008,15,60.39,58.95
21592,Historical,310015,0,0,D,0,0,688025,60.64,2005,35,28.91,8.69
21593,Historical,190488,1,2,D,2,1,545948,75.59,1998,31,53.06,53.99
21594,Historical,539906,1,1,D,3,1,34066,94.95,2012,45,52.5,78.99
21595,Historical,55107,1,1,D,2,1,248602,84.95,2009,61,52.5,48.56
21596,Historical,60064,1,4,D,2,1,508966,76.2,2003,44,52.99,20.99
21597,Historical,132290,0,0,D,3,1,371020,109.6,2007,39,52.99,57.07
21598,Historical,913866,0,0,D,2,1,902927,59.95,1985,10,0,311.2
21599,Historical,265684,1,3,D,0,0,894900,90,2007,97,46.98,48.75
21600,Historical,594670,1,1,D,0,0,176250,119.95,2013,46,61.97,68.99
21601,Historical,888964,0,0,D,0,0,3145268,98.95,2013,11,61.97,126.42
21602,Historical,147450,0,0,D,7,1,102601,99.95,2007,99,65.22,43.58
21603,Historical,3612437,0,0,D,1,0,6222178,29,1983,15,0,13.99
21604,Historical,2424375,1,1,D,2,1,577993,105,1983,47,88.49,80.09
21605,Historical,715814,0,0,D,3,1,2011120,118.28,2011,13,88.49,56.99
21606,Historical,397158,0,0,D,2,1,1567124,49.98,2008,8,40.99,60.98
21607,Historical,2559637,0,0,D,0,0,1916729,0,1978,29,45.99,52.67
21608,Historical,289240,0,0,D,3,1,1421813,99,2005,43,67.97,16.88
21609,Historical,200194,0,0,D,1,0,2384752,59.95,2007,56,18.98,4.04
21610,Historical,545651,0,0,D,3,1,97296,98.95,2012,65,18.98,46.89
21611,Historical,200538,0,0,D,2,1,464325,95.95,2009,93,18.98,13.99
21612,Historical,147261,1,3,D,3,1,408188,58.95,2007,95,40.64,14.98
21613,Historical,328153,0,0,D,1,0,1330487,102.95,1997,30,23.49,50.85
21614,Historical,117435,0,0,D,2,1,647399,213.33,2007,40,166.89,85.68
21615,Historical,528986,1,1,D,3,1,17640,261.2,2012,129,166.89,114.19
21616,Historical,109612,0,0,D,8,1,1123597,0,2005,19,159.94,147.75
21617,Historical,607556,1,1,D,2,1,424248,79.95,1991,37,114.05,63.15
21618,Historical,126347,0,0,D,3,1,331243,134.95,2003,31,114.05,72.67
21619,Historical,534393,0,0,D,2,1,736946,114.8,1992,27,83.98,55.18
21620,Historical,113196,0,0,D,3,1,66214,129.95,2011,24,47.64,63.72
21621,Historical,549014,0,0,D,0,0,3868431,157.55,1988,26,47.64,38.99
21622,Historical,2559780,0,0,D,3,1,1175787,47.37,1980,45,8.99,47.37
21623,Historical,406148,0,0,D,6,1,1071688,380.95,2006,37,84.42,26.66
21624,Historical,177018,0,0,D,5,1,5063323,156.95,2003,12,84.42,12.22
21625,Historical,169695,0,0,D,7,1,554001,345.95,2009,56,84.42,44.97
21626,Historical,165637,0,0,D,3,1,1016951,15.24,2004,76,110.98,11.97
21627,Historical,162118,1,1,D,4,1,499997,65.31,2010,71,110.98,54.99
21628,Historical,52890,0,0,D,4,1,77676,406.95,2006,93,139.95,33.97
21629,Historical,193478,0,0,D,3,1,1843507,103.95,2006,29,74,5.39
21630,Historical,193667,0,0,D,4,1,462006,112.95,2009,60,74,23.54
21631,Historical,253830,1,2,D,7,1,114105,235.95,2008,82,192.31,23.91
21632,Historical,2795511,0,0,D,0,0,1168032,73,1994,27,55.97,19.48
21633,Historical,161407,0,0,D,6,1,6844882,0,1998,22,35.5,45
21634,Historical,341868,0,0,D,7,1,393300,43.98,2003,57,35.5,39.83
21635,Historical,203698,0,0,D,1,0,383239,82.99,2006,17,0,0
21636,Historical,249211,0,0,D,11,1,1166098,50.95,2008,111,38.19,5.09
21637,Historical,248764,0,0,D,10,1,3175789,41.95,2005,46,23.32,7.97
21638,Historical,537147,1,2,D,6,1,12030,89.95,2012,145,73.98,42.98
21639,Historical,878125,0,0,D,5,1,2219790,73.35,2009,31,73.98,48.51
21640,Historical,54168,1,3,D,5,1,101600,82.95,2009,137,73.98,31.98
21641,Historical,54167,0,0,D,4,1,543715,77.95,2006,90,73.98,9.1
21642,Historical,50475,1,1,D,13,1,189838,208.95,2011,98,102.32,78.8
21643,Historical,50474,0,0,D,12,1,117626,200.95,2009,94,102.32,33.98
21644,Historical,50473,0,0,D,11,1,488616,143.95,2007,119,102.32,16.87
21645,Historical,606896,0,0,D,6,1,3549247,73.75,2005,28,143.19,12.35
21646,Historical,110581,1,5,D,7,1,92179,8.26,2007,78,143.19,11.06
21647,Historical,285440,1,3,D,8,1,250848,27.99,2010,73,143.19,27.99
21648,Historical,60526,0,0,D,6,1,1635600,106.25,2006,67,102.38,16.88
21649,Historical,107973,0,0,D,5,1,2883659,4.28,2003,31,102.38,5.99
21650,Historical,110081,1,1,D,7,1,327093,13.98,2008,97,102.38,11.99
21652,Historical,285610,0,0,D,0,0,1638468,139.25,2002,38,38.63,20.94
21653,Historical,2261077,0,0,D,4,1,496994,0,2012,11,0,42.98
21654,Historical,329971,0,0,D,3,1,951861,56.95,2006,78,0,16.3
21655,Historical,147660,1,1,D,4,1,89944,69.95,2011,99,0,32.94
21656,Historical,366560,1,1,D,2,1,172542,87.95,2010,109,26.99,49.69
21657,Historical,157087,0,0,D,0,0,2587984,67.95,2002,14,17.49,43.94
21658,Historical,342582,0,0,D,3,1,1260198,28.99,2003,30,27.94,28.94
21659,Historical,144791,1,4,D,11,1,1049914,63.4,2004,47,53.91,16.48
21660,Historical,56504,1,2,D,4,1,671920,216.95,2007,59,148.49,9.24
21661,Historical,867994,0,0,D,0,0,3176508,45.95,1992,22,6.15,6.44
21662,Historical,320931,1,1,D,0,0,1575807,59.95,2009,61,29.61,16.99
21663,Historical,528974,0,0,D,2,1,89960,65.95,2012,49,29.61,43.48
21664,Historical,183371,0,0,D,4,1,195132,108.95,2006,30,18.99,18.09
21665,Historical,170072,0,0,D,5,1,1013549,135.95,2009,31,18.99,7.73
21666,Historical,226011,0,0,D,1,0,4110047,79.95,2006,10,68.94,38.99
21667,Historical,254267,0,0,D,2,1,2234007,99.95,2010,19,68.94,61.28
21668,Historical,226027,0,0,D,1,0,1862286,119.95,2006,17,102.35,79.98
21669,Historical,564273,1,1,D,2,1,1562864,99,1991,32,41.32,41.98
21670,Historical,246469,0,0,D,1,0,381300,90.95,2006,28,50.92,78.15
21671,Historical,113742,0,0,D,2,1,1118296,77,1999,18,106.87,92.29
21672,Historical,340003,0,0,D,1,0,1304800,55,2010,18,42.51,40.98
21673,Historical,177552,0,0,D,1,0,591368,152.95,2007,32,26.39,13.99
21674,Historical,411045,1,1,D,1,0,442973,79,2002,22,73.89,102.34
21675,Historical,57417,0,0,D,12,1,249159,247.95,2005,53,111.58,21.98
21676,Historical,113082,0,0,D,4,1,99429,105,2009,41,48.39,43.99
21677,Historical,113424,0,0,D,3,1,1041236,99.95,2004,33,48.39,28.99
21678,Historical,57415,0,0,D,13,1,447055,328.95,2008,49,111.58,64.37
21679,Historical,635429,0,0,D,2,1,827239,60,1997,27,44.69,58.34
21680,Historical,2569891,0,0,D,1,0,2805419,0,1969,23,32.75,54.09
21681,Historical,253888,0,0,D,3,1,116459,143.95,2009,42,112.94,86.75
21682,Historical,366725,0,0,D,2,1,5116494,36.95,2002,22,77.37,9.8
21683,Historical,202254,0,0,D,2,1,2029783,276.95,2001,27,77.37,19.94
21684,Historical,332901,0,0,D,0,0,3478534,28.95,2001,13,40.3,28.95
21685,Historical,166782,0,0,D,2,1,3714042,148.29,2004,24,29.98,51.81
21686,Historical,366566,0,0,D,1,0,2092528,146.95,2010,11,60.99,61.92
21687,Historical,286193,0,0,D,8,1,326640,153.6,2010,68,76.95,33.98
21688,Historical,120705,0,0,D,7,1,1438616,121.8,2008,64,76.95,11.93
21689,Historical,535017,1,1,D,7,1,76519,226.95,2012,43,148.83,71.99
21690,Historical,120790,1,1,D,2,1,887467,121.6,2009,33,98.49,73.57
21692,Historical,272325,0,0,D,0,0,1108941,89.95,2008,15,60.99,69.93
21693,Historical,109264,1,3,D,1,0,148883,173.5,2008,41,103.15,56.58
21694,Historical,254575,0,0,D,3,1,295221,76,2010,74,68.94,75.08
21695,Historical,251092,0,0,D,2,1,1116299,97.95,2008,48,68.94,62.41
21696,Historical,321014,0,0,D,2,1,239121,95.95,2010,58,37.21,32.98
21697,Historical,824980,0,0,D,1,0,2126937,34.95,1991,59,45.98,45.59
21698,Historical,53289,1,5,D,8,1,538053,269.95,2007,81,120.17,17.09
21699,Historical,279600,0,0,D,0,0,330197,0,2011,27,21.32,60.46
21700,Historical,452828,0,0,D,9,1,43121,280.95,2010,74,120.17,62.85
21701,Historical,169422,0,0,D,8,1,509288,269.95,2007,63,83.64,39.35
21702,Historical,50429,1,2,D,11,1,133974,336.95,2006,127,162.99,7.94
21703,Historical,50430,1,1,D,12,1,179423,317.95,2008,174,162.99,10.57
21704,Historical,346434,0,0,D,9,1,1082358,134.95,2010,25,120.17,57.9
21705,Historical,311938,0,0,D,1,0,2367645,86.95,2004,14,54.14,38.97
21706,Historical,2536342,0,0,D,3,1,4913408,37.5,2000,18,25.81,26.49
21707,Historical,50494,1,7,D,3,1,79011,97.95,2010,124,45.28,13.94
21708,Historical,545652,1,4,D,4,1,9933,103.95,2013,98,45.28,49.98
21709,Historical,390049,0,0,D,0,0,886724,85,2004,25,53.97,5.08
21710,Historical,341374,0,0,D,3,1,873242,105,1998,35,0,25.99
21711,Historical,402785,0,0,D,1,0,651150,118,1999,25,83.39,76.15
21712,Historical,616996,0,0,D,1,0,94754,108,1994,34,27.28,73.83
21713,Historical,2342785,0,0,D,2,1,1302022,131.75,1980,42,100.45,22.74
21714,Historical,50454,1,1,D,4,1,1345028,67.95,2007,109,60.98,9.4
21715,Historical,50455,1,2,D,5,1,241491,81.95,2011,119,60.98,23.99
21716,Historical,147294,1,1,D,6,1,1583440,54.95,2006,68,18.94,7.66
21717,Historical,329948,1,1,D,5,1,4607445,43.95,2002,38,18.94,45.55
21718,Historical,194093,1,2,D,1,0,835135,68,2005,76,47.98,12.65
21719,Historical,261066,1,1,D,2,1,1211596,55.95,1999,28,49.93,8.69
21720,Historical,390057,0,0,D,5,1,2040924,90,2008,37,76.74,29.34
21721,Historical,410727,0,0,D,4,1,1412797,110,2006,17,75.76,70.57
21722,Historical,392970,0,0,D,4,1,1024943,65,2008,19,75.76,31.1
21723,Historical,594668,1,1,D,3,1,312929,86.95,2012,88,17.99,33.11
21724,Historical,561640,0,0,D,3,1,1106366,54.95,2005,49,62.22,9.24
21725,Historical,147634,0,0,D,4,1,280880,70.95,2010,73,9.15,30.99
21726,Historical,60528,0,0,D,7,1,965354,180.95,2005,57,146.04,18.23
21727,Historical,904041,0,0,D,1,0,1242238,72,2009,24,47.4,44.55
21728,Historical,403601,0,0,D,2,1,6015021,160,1999,22,42.93,32.49
21729,Historical,118488,0,0,D,9,1,205193,127.4,2007,29,68.99,51.91
21730,Historical,60529,0,0,D,8,1,1712733,164.8,2004,30,68.99,28.91
21731,Historical,623059,0,0,D,2,1,277393,117,1989,28,98.94,51.81
21732,Historical,114816,0,0,D,0,0,854375,101.2,2001,52,48.84,55.97
21733,Historical,233674,0,0,D,2,1,3538856,137,1998,17,45.8,23.98
21734,Historical,203848,1,7,D,2,1,417066,94.99,2007,54,37.98,15.1
21735,Historical,313915,0,0,D,2,1,1962045,71.2,2004,47,28.21,44.25
21736,Historical,312849,0,0,D,1,0,3430935,49,2002,17,28.21,39
21737,Historical,120287,1,1,D,3,1,316758,103.4,2008,73,28.21,21.99
21738,Historical,60530,0,0,D,7,1,234199,89.95,2003,59,24.99,41.99
21739,Historical,196751,1,1,D,8,1,678483,72.95,2008,172,24.99,23.99
21740,Historical,174824,0,0,D,0,0,3477031,70,1999,17,66.97,71.48
21741,Historical,607439,1,1,D,7,1,2151608,52.6,1991,37,31.24,45.55
21742,Historical,148283,0,0,D,1,0,512337,140.95,2004,22,64.96,73.49
21743,Historical,132515,0,0,D,8,1,291538,92,2008,50,81.14,49.06
21744,Historical,60531,1,2,D,2,1,956004,152.95,2006,62,88.22,13.47
21745,Historical,169918,1,1,D,3,1,60062,245.95,2009,60,88.22,29.89
21746,Historical,132670,1,1,D,11,1,276779,120.8,2008,27,99.95,24.98
21747,Historical,131961,1,1,D,10,1,341638,100,2005,32,99.95,20.13
21748,Historical,246809,0,0,D,3,1,608780,54.6,2008,39,23.9,58.1
21749,Historical,246661,1,4,D,1,0,429527,85.95,2009,86,34.99,25.13
21750,Historical,908151,0,0,D,10,1,302942,0,2010,35,52.73,82.52
21751,Historical,392899,0,0,D,4,1,171240,18.99,2009,97,105.41,18.94
21752,Historical,862124,1,1,D,2,1,12485,95,2014,80,56.48,22.45
21753,Historical,177952,0,0,D,8,1,292564,42.95,2003,47,52.73,25.7
21754,Historical,53466,1,4,D,7,1,172152,106.65,2009,181,36,11.91
21755,Historical,153811,1,1,D,8,1,54066,36.76,2011,144,36,27.98
21756,Historical,397078,1,2,D,3,1,826207,7.99,2007,49,105.41,7.59
21757,Historical,55952,0,0,D,9,1,414477,82.95,2006,83,52.73,50.01
21758,Historical,872478,0,0,D,5,1,286269,51.99,2012,42,105.41,48.48
21759,Historical,615745,1,4,D,1,0,27093,90,2012,125,56.48,19.98
21760,Historical,866731,1,2,D,10,1,82630,96.85,2014,43,121.46,53.05
21761,Historical,633694,1,1,D,9,1,481972,41.99,2013,46,121.46,28.98
21762,Historical,139022,0,0,D,2,1,872030,46,2002,35,82.99,38.09
21763,Historical,50487,1,1,D,6,1,227584,126.67,2006,91,54.15,18.95
21764,Historical,50488,0,0,D,6,1,159460,137.33,2006,72,54.15,7.21
21765,Historical,169510,0,0,D,4,1,61970,360.95,2008,60,158.98,115.83
21766,Historical,60532,0,0,D,3,1,494802,380.95,2000,46,158.98,46.77
21767,Historical,225914,0,0,D,1,0,2214998,109.95,2008,12,103.55,97.73
21768,Historical,146897,0,0,D,2,1,334547,61.95,2001,23,54.52,44.99
21769,Historical,147267,0,0,D,3,1,109213,87.95,2007,38,54.52,73.97
21770,Historical,297978,0,0,D,1,0,695361,238.95,2003,43,58.98,23.28
21771,Historical,269376,0,0,D,0,0,3057297,74.95,2006,18,74.95,46.55
21772,Historical,213225,0,0,D,2,1,1080819,95,2007,30,96.43,54.45
21773,Historical,60067,1,3,D,5,1,284743,356.95,2000,64,103.98,58.99
21774,Historical,364691,0,0,D,0,0,2696697,68.95,2001,17,35.99,39.66
21775,Historical,339442,0,0,D,6,1,365093,77.61,2008,55,111.98,70.65
21776,Historical,60533,0,0,D,5,1,100769,56.53,2004,30,111.98,61.94
21777,Historical,876761,1,1,D,4,1,713978,142.31,2011,27,177.54,57.89
21778,Historical,169532,0,0,D,3,1,515870,293.95,2007,54,177.54,30.26
21779,Historical,291933,0,0,D,9,1,279411,129.33,2010,26,88.98,48.84
21780,Historical,349597,1,1,D,7,1,4206095,0,2004,11,88.98,28.99
21781,Historical,166810,0,0,D,1,0,3775320,90,2005,18,38.85,31.51
21782,Historical,300779,0,0,D,2,1,1443017,51,2005,16,43.97,42.99
21783,Historical,335916,1,1,D,1,0,1534619,84.95,1995,18,80.37,62.16
21784,Historical,175434,0,0,D,0,0,1259303,86,2002,21,40.68,51.95
21785,Historical,265302,0,0,D,1,0,1280824,56,2004,22,48.99,29.98
21786,Historical,2559740,1,1,D,1,0,1668703,165,1994,23,114.73,43.98
21787,Historical,528941,0,0,D,3,1,356271,79.95,2010,51,68.74,70.55
21788,Historical,387116,0,0,D,5,1,1237704,29.98,2008,37,113.24,22.78
21789,Historical,52639,1,2,D,3,1,203184,133.33,2007,159,95.73,7.75
21790,Historical,52638,0,0,D,2,1,369268,100,2004,82,95.73,4
21791,Historical,629116,1,9,D,1,0,156138,110,2013,31,0,0
21792,Historical,2796083,0,0,D,4,1,1576148,130.6,1988,43,4.97,52.25
21793,Historical,313684,0,0,D,0,0,3188688,138.6,2001,30,67.44,21.99
21794,Historical,3615459,1,1,D,7,1,2549301,35.4,2002,22,0,42.12
21795,Historical,202313,1,2,D,1,0,799163,179.95,2001,37,95.86,35.16
21796,Historical,637771,0,0,D,3,1,214670,139.95,2012,37,95.86,26.94
21797,Historical,887556,1,1,D,2,1,1949276,58.95,1984,11,136.1,133.66
21798,Historical,528935,0,0,D,2,1,2757858,54,2008,15,89.15,46.1
21799,Historical,3121709,0,0,D,0,0,6365470,75,2004,11,89.15,66.34
21800,Historical,119176,0,0,D,1,0,2910706,69,1998,17,39.18,82.31
21801,Historical,145269,0,0,D,2,1,190085,122,2006,24,90.2,68.31
21802,Historical,130122,1,1,D,0,0,459401,106.6,2002,33,90.2,21.99
21803,Historical,260025,0,0,D,5,1,52024,111,2011,46,105.99,32.98
21804,Historical,260003,1,2,D,4,1,400964,125.5,2007,45,105.99,32.99
21805,Historical,152513,1,1,D,0,0,123296,69.95,2009,37,47.99,38.18
21806,Historical,208063,1,2,D,1,0,944356,32,2002,38,69.02,46.84
21807,Historical,2320171,0,0,D,5,1,622370,255.3,1983,24,36.53,49.98
21808,Historical,167274,0,0,D,7,1,1786972,19.98,2008,29,27.49,18.72
21809,Historical,164690,0,0,D,6,1,2778280,25.94,2005,38,27.49,22.33
21810,Historical,50548,0,0,D,8,1,93674,74.99,2009,75,90.53,35.9
21811,Historical,202206,1,1,D,3,1,2543545,261.95,1999,36,63.74,13.68
21812,Historical,392426,0,0,D,0,0,2473276,60,2007,32,78.85,43.55
21813,Historical,2696493,0,0,D,1,0,4216304,72.95,1989,17,42.72,89.72
21814,Historical,713373,0,0,D,1,0,3028146,115,2003,15,43.75,23.99
21815,Historical,396761,0,0,D,2,1,947263,34.95,2007,51,9.04,61.83
21816,Historical,203615,1,1,D,1,0,391913,63.95,2006,44,57.76,12.49
21817,Historical,252813,0,0,D,7,1,50936,371.93,2010,60,104.55,60.55
21818,Historical,51765,1,7,D,7,1,38572,113.46,2010,103,104.55,114.7
21819,Historical,51764,0,0,D,6,1,53433,57.08,2007,117,104.55,27.32
21820,Historical,51763,1,1,D,5,1,188394,172.5,2005,172,104.55,16.54
21821,Historical,115525,1,1,D,4,1,1979303,112,2004,32,53.86,19.49
21822,Historical,119194,0,0,D,3,1,6372868,78,1999,18,53.86,4.09
21823,Historical,224694,1,3,D,4,1,37015,177.95,2012,92,123.96,48.44
21824,Historical,247686,0,0,D,1,0,1408981,63,2007,23,14.48,13.29
21825,Historical,355887,0,0,D,1,0,2852318,94.95,2001,18,27.98,22.99
21826,Historical,373722,0,0,D,0,0,2369123,29,1997,17,25.87,51.23
21827,Historical,528923,0,0,D,4,1,1581283,54.95,2005,16,47.93,71.29
21828,Historical,50576,0,0,D,8,1,79884,166.2,2008,42,56.83,48.97
21829,Historical,60534,1,1,D,1,0,427938,185.95,1996,67,137.95,30.38
21830,Historical,178234,1,1,D,2,1,76778,267.95,2005,53,137.95,120.28
21831,Historical,2573674,1,1,D,3,1,4275466,89.14,1972,25,38.85,52.57
21832,Historical,257477,0,0,D,3,1,3010325,94,1995,30,42.39,48.99
21833,Historical,60535,0,0,D,4,1,1030933,129.95,2003,29,42.39,70.13
21834,Historical,320119,0,0,D,1,0,5639473,199.95,1996,17,93.2,70.67
21835,Historical,792424,0,0,D,3,1,4478490,29.95,2003,32,56.85,17.94
21836,Historical,164642,1,5,D,0,0,702277,155.39,2004,37,121.38,65.75
21837,Historical,2577496,1,2,D,0,0,4019462,0,1984,20,82.98,68.63
21838,Historical,166449,1,1,D,1,0,591562,162,2008,21,108.66,37.18
21839,Historical,166512,0,0,D,1,0,3738659,150,2004,13,29.63,40.31
21840,Historical,176871,0,0,D,1,0,3378946,92.95,2001,21,45.27,42.13
21841,Historical,103857,0,0,D,0,0,962829,106.5,1997,21,16.96,58.93
21842,Historical,107485,1,1,D,2,1,180624,56.37,2001,18,16.96,62.63
21843,Historical,198374,0,0,D,2,1,1455005,61,2010,23,44.1,51.99
21844,Historical,198336,0,0,D,0,0,2569063,49.95,2004,18,44.1,94.19
21845,Historical,341334,0,0,D,1,0,2151819,170,2002,24,109.99,38.99
21846,Historical,363534,0,0,D,5,1,2002564,39.95,2005,17,64.34,5.04
21847,Historical,293619,1,1,D,3,1,1287050,102.01,2009,26,98.01,45.91
21848,Historical,3272212,0,0,D,3,1,3449092,0,2003,16,0,127.28
21849,Historical,239622,1,2,D,2,1,2750196,67.95,1997,16,80.73,48.89
21850,Historical,239629,0,0,D,3,1,893590,69.95,2004,41,80.73,82.75
21851,Historical,192482,0,0,D,5,1,695966,131.95,2004,29,86.46,28.96
21852,Historical,774765,0,0,D,4,1,555693,99,2000,33,86.46,43.67
21853,Historical,369366,0,0,D,2,1,2086123,79.99,1999,18,49.95,49.51
21854,Historical,251999,0,0,D,2,1,337892,194.95,2008,29,73.73,116.85
21855,Historical,294035,0,0,D,1,0,1005658,214.95,2003,22,73.73,79.97
21856,Historical,208087,1,7,D,0,0,495490,58,2005,69,53.8,26.99
21857,Historical,797700,1,2,D,2,1,810231,190.95,2004,38,3.99,9.28
21858,Historical,57008,0,0,D,5,1,10276542,67.95,2004,12,16.57,93.49
21859,Historical,57004,0,0,D,8,1,2299043,111.95,2009,27,16.57,46.19
21860,Historical,146522,1,1,D,4,1,29564,216.8,2011,68,155.38,93.55
21861,Historical,795013,0,0,D,0,0,4990678,17.99,2009,15,103.94,17.99
21862,Historical,254109,0,0,D,4,1,1293257,262.95,2010,32,114.06,55.99
21863,Historical,603515,1,1,D,2,1,105751,63.99,2010,54,47.74,24.43
21864,Historical,286141,0,0,D,3,1,154354,156.67,2006,41,155.38,23.49
21865,Historical,111075,0,0,D,2,1,586801,99.14,2008,55,167.35,53.39
21866,Historical,52234,0,0,D,10,1,763767,152.67,2006,90,92.99,33.96
21867,Historical,617121,0,0,D,2,1,433009,48.51,2012,51,167.35,41.93
21868,Historical,183189,1,2,D,7,1,1083384,229.95,2005,53,103.94,61.24
21869,Historical,169612,0,0,D,3,1,2457903,272.95,2006,33,114.06,14.56
21870,Historical,53263,1,2,D,5,1,168275,178.67,2008,213,66.94,8.79
21871,Historical,528912,1,5,D,6,1,17443,226.4,2012,145,66.94,36.93
21872,Historical,53525,0,0,D,8,1,709897,152.67,2005,88,131.5,33.96
21873,Historical,53526,0,0,D,9,1,302703,180.67,2009,75,131.5,14.46
21874,Historical,52235,1,1,D,11,1,68778,197.33,2010,127,92.99,28.36
21875,Historical,179123,0,0,D,7,1,793221,277.95,2008,41,103.94,78.57
21876,Historical,145792,0,0,D,2,1,1336288,172,2008,27,66.68,58.27
21877,Historical,2397095,0,0,D,1,0,4630766,74.95,1987,16,97.12,66.37
21878,Historical,146024,0,0,D,4,1,1496711,225.67,2009,31,91.45,153.99
21879,Historical,254104,1,1,D,5,1,388162,320.95,2010,51,27.99,52.55
21880,Historical,146163,0,0,D,4,1,121409,223,2010,120,93.94,18.98
21881,Historical,183389,0,0,D,4,1,791789,308.95,2006,56,27.99,58.37
21882,Historical,54050,0,0,D,3,1,261659,186.67,2008,137,61.5,21.89
21883,Historical,54049,0,0,D,2,1,1649386,149.33,2005,55,61.5,18.99
21884,Historical,146023,1,2,D,4,1,826303,212.33,2009,73,91.45,25.98
21885,Historical,528906,0,0,D,3,1,509948,170.67,2006,65,93.94,13.33
21886,Historical,145833,0,0,D,2,1,1351276,212.33,2008,60,48.91,16.99
21887,Historical,146043,0,0,D,2,1,1114233,225.67,2008,19,48.91,178.99
21888,Historical,177052,0,0,D,1,0,718300,61.95,2003,21,75.99,89.89
21889,Historical,2314562,1,1,D,3,1,965898,96.95,1992,20,0,21.27
21890,Historical,262675,0,0,D,2,1,317202,29.95,2005,59,31.08,45.71
21891,Historical,101610,0,0,D,1,0,587084,157.95,1996,51,89.93,21.49
21892,Historical,244278,0,0,D,5,1,65913,275.95,2012,72,152.34,23.99
21893,Historical,54216,0,0,D,4,1,754188,124,2004,86,101.23,24.24
21894,Historical,639838,0,0,D,5,1,437337,207.95,2012,22,152.34,163.91
21895,Historical,52845,0,0,D,4,1,390661,198.2,2010,98,103.43,37.94
21896,Historical,178971,0,0,D,7,1,989814,178.95,2010,74,141.82,33.99
21897,Historical,51603,1,1,D,3,1,109223,158,2008,160,89.98,35.42
21898,Historical,54217,1,1,D,5,1,212471,148.4,2007,101,101.23,23.99
21899,Historical,60539,0,0,D,3,1,1257067,257.95,2006,52,152.34,12.9
21900,Historical,54733,0,0,D,4,1,874747,197.33,2011,28,63.94,143.98
21901,Historical,54731,1,3,D,3,1,445209,147,2008,93,63.94,32.98
21902,Historical,55945,0,0,D,5,1,4180450,159.95,2004,26,104.5,20.3
21903,Historical,169494,1,4,D,6,1,2061104,271.95,2007,29,104.5,21.99
21904,Historical,55946,1,2,D,7,1,508982,269.95,2010,67,104.5,59.97
21905,Historical,528905,1,1,D,7,1,734043,160.95,2010,39,111.73,159.05
21906,Historical,183611,1,1,D,6,1,854943,11.95,2007,22,111.73,10.98
21907,Historical,52847,0,0,D,3,1,1034386,158,2006,106,103.43,21.29
21908,Historical,572293,1,1,D,6,1,29101,283.95,2007,107,141.82,32.99
21909,Historical,121336,1,2,D,12,1,22605,175.4,2010,76,145.29,32.94
21910,Historical,117320,0,0,D,11,1,330529,151.8,2006,46,145.29,50.88
21912,Historical,115622,0,0,D,4,1,1181014,73.33,2004,15,77.08,81.49
21913,Historical,116673,0,0,D,3,1,395687,184.8,2004,34,168.11,64
21914,Historical,60541,0,0,D,3,1,169850,332.95,2005,49,93.99,37.96
21915,Historical,291340,0,0,D,2,1,522301,78,2008,54,49.67,19.98
21916,Historical,148724,0,0,D,4,1,96607,314.95,2008,87,93.99,68.96
21917,Historical,607269,0,0,D,12,1,1294068,127.8,2003,62,136.64,13.98
21918,Historical,528901,0,0,D,13,1,108025,189.6,2009,60,136.64,58.81
21919,Historical,886334,0,0,D,0,0,3681188,119.25,2012,10,0,98.98
21920,Historical,203711,0,0,D,1,0,3538772,59.95,2004,17,35.74,37.86
21921,Historical,609377,0,0,D,5,1,1392589,305.95,1995,43,81.29,9.99
21922,Historical,711459,0,0,D,7,1,10797125,0,2001,10,5.51,45.65
21923,Historical,113841,0,0,D,7,1,2314713,111.33,2001,41,5.51,21.99
21924,Historical,2265043,0,0,D,2,1,1796739,16.14,2009,37,0,20.48
21925,Historical,204088,0,0,D,2,1,715500,85.99,2009,152,4.28,11.99
21926,Historical,118868,1,1,D,12,1,323254,146.67,2007,84,77.99,15.99
21927,Historical,742287,0,0,D,13,1,1593787,0,2010,19,60.98,46.69
21928,Historical,115921,0,0,D,11,1,1546557,144,2005,63,77.99,14
21929,Historical,637741,0,0,D,0,0,181874,61.51,2012,24,55.19,46.97
21930,Historical,244366,1,1,D,0,0,1611172,86.64,2011,19,55.19,78.38
21931,Historical,270776,1,2,D,10,1,509601,83.99,2009,85,28.99,13.95
21932,Historical,204039,0,0,D,9,1,1834966,72.95,2006,71,28.99,8.49
21933,Historical,169327,1,2,D,7,1,195946,182.95,2006,42,101.88,48.94
21934,Historical,717561,1,2,D,6,1,1307442,99.95,2002,31,101.88,44.27
21935,Historical,228959,0,0,D,0,0,108890,50,2006,45,2389.99,59.99
21936,Historical,146356,1,2,D,9,1,21388,215.2,2011,141,134.98,58.49
21937,Historical,622593,0,0,D,1,0,673289,229.2,2012,23,136.12,602.98
21938,Historical,145130,0,0,D,1,0,38078,215.2,2012,88,136.12,77.77
21939,Historical,285729,0,0,D,2,1,234579,58.95,2005,26,45.79,25.99
21941,Historical,2562089,0,0,D,3,1,1472124,43.1,1984,25,73.94,43.94
21942,Historical,166959,0,0,D,6,1,35886,72.98,2006,64,56.9,44.87
21943,Historical,145370,0,0,D,8,1,516950,155.2,2007,145,134.98,27
21944,Historical,608393,0,0,D,6,1,2055158,43.44,2006,32,4.48,31.03
21945,Historical,60924,0,0,D,4,1,2759267,270.95,2001,34,111.34,63.99
21946,Historical,265320,0,0,D,4,1,1048894,69,2006,88,54.48,33.98
21947,Historical,265325,0,0,D,5,1,558616,72,2010,78,54.48,15.99
21948,Historical,265314,0,0,D,4,1,1452862,89,2006,20,54.48,16.78
21949,Historical,616586,1,2,D,1,0,307357,54.95,1995,61,53.52,12.91
21950,Historical,129359,0,0,D,2,1,359053,68.95,2010,31,53.52,53.99
21951,Historical,276478,0,0,D,1,0,2613128,54.95,2000,17,92.26,31.55
21952,Historical,633465,0,0,D,2,1,1554493,71.95,2005,28,92.26,48.74
21953,Historical,52309,0,0,D,2,1,2336637,97.95,2008,36,72.02,21.99
21954,Historical,52307,0,0,D,2,1,1632324,128.95,2009,38,72.02,18.93
21955,Historical,52306,0,0,D,2,1,1194153,157.95,2008,38,84,27.73
21956,Historical,52308,0,0,D,2,1,1525918,169.95,2009,50,84,8.99
21957,Historical,910155,0,0,D,0,0,854552,79.95,2007,30,86.02,107.9
21958,Historical,177897,0,0,D,2,1,347544,177.95,2003,40,113.21,53.69
21959,Historical,290588,0,0,D,1,0,2329322,84.5,2004,22,33.87,9.46
21960,Historical,889963,0,0,D,1,0,5012920,156.99,2006,10,136.77,167.41
21962,Historical,832883,1,2,D,1,0,388403,96.95,1990,34,53.99,58.67
21963,Historical,298750,1,2,D,1,0,117586,39.96,2011,99,76.89,33.99
21964,Historical,56156,0,0,D,7,1,109956,137.6,2010,78,99.96,69.11
21965,Historical,56157,0,0,D,5,1,1717794,113.8,2005,47,99.96,10.98
21966,Historical,56155,1,1,D,6,1,473611,145.2,2007,87,99.96,51.25
21967,Historical,252583,0,0,D,2,1,127710,61.05,2008,60,59.63,14.21
21968,Historical,191989,0,0,D,1,0,888096,13.49,2006,77,59.63,11.98
21969,Historical,225841,0,0,D,1,0,4458749,146.95,1999,25,23.28,20.07
21970,Historical,287496,0,0,D,1,0,1320631,68.2,1999,22,52.45,42.81
21971,Historical,248271,1,1,D,7,1,19647,115,2011,83,74.96,23.98
21972,Historical,52492,1,2,D,6,1,71998,99.95,2008,81,74.96,21.47
21973,Historical,614713,0,0,D,6,1,398769,130,2009,76,74.96,12.39
21974,Historical,52493,0,0,D,5,1,172942,88.95,2006,64,74.96,9.93
21976,Historical,178616,0,0,D,2,1,3017392,92.95,2007,14,56.4,17.99
21977,Historical,121702,1,1,D,2,1,643589,71.47,1998,24,20.33,100.87
21978,Historical,908376,0,0,D,1,0,1924612,94.95,2005,20,73.99,73.47
21979,Historical,141225,1,1,D,4,1,582242,22.96,2002,40,35.39,25.15
21980,Historical,118840,0,0,D,1,0,568623,44.99,2008,41,29.99,9.49
21981,Historical,262287,0,0,D,3,1,1115226,27.95,2006,32,28.31,19.43
21982,Historical,262271,0,0,D,2,1,587031,26.95,2002,59,28.31,7.93
21983,Historical,51154,0,0,D,8,1,396962,337.95,2005,40,75.47,46.72
21984,Historical,51153,0,0,D,7,1,284836,240.95,2002,95,75.47,18.29
21985,Historical,251817,0,0,D,7,1,832733,90.94,2009,36,83.95,77.33
21986,Historical,250396,0,0,D,6,1,547773,86.61,2006,27,83.95,23.99
21987,Historical,536255,0,0,D,1,0,100845,80,2009,43,53.99,42.99
21989,Historical,113161,0,0,D,1,0,781545,87.95,2010,36,49.89,40.98
21990,Historical,276185,0,0,D,3,1,2001339,89.5,2005,14,30.71,87.1
21991,Historical,658419,0,0,D,4,1,578715,85,2011,51,30.71,51.99
21992,Historical,165010,1,1,D,1,0,980800,69.95,2003,30,43.98,16.82
21993,Historical,125808,1,1,D,1,0,276082,149.95,1997,59,110,27.99
21994,Historical,165456,0,0,D,2,1,591679,57.41,2001,46,56.98,58.31
21995,Historical,537948,0,0,D,1,0,2535221,10.19,1995,46,56.98,9.99
21996,Historical,55940,0,0,D,1,0,3937470,0,2006,15,88.98,32.99
21997,Historical,50495,0,0,D,8,1,1744781,302.95,2005,34,133.99,13.66
21998,Historical,50497,0,0,D,10,1,273127,411.95,2010,45,133.99,59.94
21999,Historical,435996,1,1,D,8,1,3461984,217.95,2005,33,133.99,13.44
22000,Historical,756608,0,0,D,1,0,2773969,95,2002,26,21.75,9.97
22001,Historical,148763,0,0,D,5,1,431505,209.95,2009,78,133.98,22.46
22002,Historical,128138,0,0,D,0,0,3974820,80,1998,23,44.19,47.19
22003,Historical,56794,0,0,D,7,1,699065,167.95,2011,81,99.18,57.61
22004,Historical,200270,1,2,D,0,0,1008588,84.95,2004,29,53.25,12.49
22005,Historical,200456,1,2,D,2,1,512810,103.95,2009,39,53.25,32.83
22006,Historical,567634,1,1,D,1,0,77074,117.95,2013,32,0,0
22007,Historical,254538,0,0,D,6,1,68313,229.95,2011,59,47.02,14.08
22008,Historical,200447,1,1,D,5,1,252426,176.95,2008,61,47.02,13.51
22009,Historical,200199,0,0,D,4,1,1282196,137.95,2006,51,47.02,20.98
22010,Historical,2619261,0,0,D,7,1,6392657,36.95,1996,19,0,4.95
22011,Historical,177425,1,2,D,8,1,1060051,44.95,1998,22,18.99,46.53
22012,Historical,177571,0,0,D,9,1,1643952,57.95,2001,19,18.99,25.98
22013,Historical,50184,1,2,D,5,1,16649,169.2,2011,144,114.86,57.99
22014,Historical,286434,1,1,D,4,1,380736,128.67,2008,147,114.86,24.63
22015,Historical,50253,1,1,D,4,1,279930,190.95,2011,53,60.24,127.33
22016,Historical,50252,0,0,D,3,1,510100,201.95,2008,46,60.24,33.99
22017,Historical,50251,0,0,D,2,1,1521991,152.95,2005,49,60.24,15.5
22018,Historical,211386,0,0,D,1,0,2793176,55.95,2000,31,41.2,65.07
22019,Historical,545193,0,0,D,2,1,6956,146.9,2013,63,84.57,83.94
22020,Historical,879025,1,16,D,1,0,946221,52.58,2009,21,84.57,35.89
22021,Historical,191931,1,16,D,1,0,27331,40.98,2009,195,84.57,27.94
22022,Historical,622587,1,8,D,1,0,13938,84.95,2012,40,0,0
22023,Historical,901590,1,1,D,3,1,4677684,229,2002,17,163.14,82.73
22024,Historical,830996,0,0,D,2,1,1491190,67.95,1992,31,0,0
22025,Historical,1761195,0,0,D,0,0,809575,54,2013,20,51.45,77.41
22027,Historical,1575185,0,0,D,1,0,265936,54.95,2011,49,30.98,7.41
22028,Historical,642034,1,2,D,1,0,525122,79.95,2013,54,75.54,21.84
22029,Historical,557543,1,1,D,8,1,1045220,93.2,2009,44,68.99,33.98
22030,Historical,120884,0,0,D,7,1,932800,127.8,2007,56,68.99,6.19
22031,Historical,528862,0,0,D,9,1,141564,114.8,2011,53,68.99,10
22032,Historical,2527860,0,0,D,3,1,7781506,215,1991,21,58.46,88.99
22033,Historical,169757,0,0,D,14,1,835142,122.95,2008,65,80.36,26.31
22034,Historical,170003,0,0,D,15,1,254102,126.95,2011,45,80.36,65.83
22035,Historical,2203978,0,0,D,1,0,1939962,43,2009,21,34.11,13.54
22036,Historical,911724,0,0,D,2,1,473105,38.95,2006,57,23.31,28.95
22037,Historical,126807,0,0,D,3,1,276610,42.95,2004,97,29.35,19.98
22038,Historical,912793,0,0,D,0,0,2849159,96,1999,26,66.2,26.92
22040,Historical,1731067,1,1,D,3,1,488192,122,2009,18,0,36.55
22041,Historical,607031,0,0,D,3,1,735721,22.46,2009,43,38.12,14.99
22042,Historical,111141,0,0,D,4,1,94823,72.99,2011,95,38.12,33.4
22043,Historical,55521,1,1,D,7,1,219597,132.95,2006,219,88.76,18.99
22044,Historical,55516,1,2,D,8,1,20542,186.95,2011,104,88.76,53.28
22045,Historical,132319,0,0,D,4,1,1777356,95.6,2007,38,42.2,12.74
22047,Historical,132513,0,0,D,2,1,420696,101,2008,35,61.94,43.99
22048,Historical,131939,0,0,D,0,0,636299,95.8,2005,30,61.94,10.99
22049,Historical,110575,1,1,D,6,1,288172,152.46,2011,47,86.96,38.19
22050,Historical,56822,0,0,D,5,1,457701,13.68,2009,118,86.96,89.69
22051,Historical,109502,0,0,D,3,1,4430698,4.99,2007,28,86.96,4.99
22052,Historical,56821,0,0,D,4,1,2061213,6.89,2007,52,86.96,6.88
22053,Historical,802007,0,0,D,0,0,4429745,35.95,2009,16,32.09,12.9
22054,Historical,107079,0,0,D,1,0,1508065,59.99,2006,24,35.35,34.99
22055,Historical,2695260,0,0,D,3,1,5139391,118.88,2005,12,79.62,105.57
22056,Historical,528845,0,0,D,2,1,187119,130,2011,13,100.98,140.98
22057,Historical,120649,0,0,D,1,0,1865593,114,2008,36,100.98,19.98
22058,Historical,402948,1,1,D,1,0,2726236,49.99,2001,21,37.02,5.33
22059,Historical,217203,0,0,D,0,0,169654,80,2001,65,45.01,53.17
22060,Historical,2621901,0,0,D,0,0,3745785,74.95,1996,18,95.24,100.76
22061,Historical,2216754,0,0,D,1,0,1760402,98,2008,13,0,92.95
22062,Historical,648150,0,0,D,5,1,4483059,90.99,2010,13,9,214.01
22063,Historical,229826,0,0,D,0,0,1106496,34.95,1998,49,9.05,8.29
22064,Historical,264248,0,0,D,3,1,2176635,42.95,2005,42,9.05,8.01
22065,Historical,264207,0,0,D,2,1,1843646,35.95,2002,50,9.05,8.1
22066,Historical,2082614,0,0,D,9,1,254821,94.5,2010,37,0,7
22068,Historical,1711015,0,0,D,8,1,1195660,130,2011,20,0,64.35
22069,Historical,832412,0,0,D,4,1,1135326,99.95,1997,30,94.83,33.99
22070,Historical,592243,0,0,D,6,1,580366,165.95,2008,29,94.83,168.71
22071,Historical,117899,1,1,D,7,1,778548,117.6,2005,78,64.99,23.99
22072,Historical,286445,0,0,D,8,1,182705,164.53,2008,84,64.99,49.61
22073,Historical,118472,0,0,D,7,1,1785634,35.8,2006,22,64.99,29.84
22074,Historical,117997,0,0,D,7,1,173175,165.2,2006,63,64.99,72.83
22075,Historical,117998,1,2,D,7,1,603867,133.8,2006,49,118.71,34.99
22076,Historical,117944,0,0,D,6,1,3029273,77.33,2003,33,85.91,12.98
22077,Historical,117999,1,2,D,7,1,197111,133.8,2006,48,85.91,35.77
22078,Historical,745813,1,1,D,1,0,501673,35,2001,22,0,58.98
22079,Historical,2530159,0,0,D,0,0,1510261,83.95,2001,21,83.35,58.99
22080,Historical,868162,1,1,D,0,0,278129,75,1991,37,39.47,63.53
22081,Historical,639038,0,0,D,0,0,2165232,170,2006,24,113.99,97.25
22082,Historical,2538479,0,0,D,1,0,5173614,64.95,2001,20,35.99,35.53
22083,Historical,2681300,0,0,D,3,1,3989104,504.95,2003,14,233.98,257.59
22084,Historical,54984,0,0,D,6,1,394024,144.99,2009,44,82.94,47.21
22085,Historical,54985,0,0,D,4,1,976960,23.98,2005,32,82.94,28.98
22086,Historical,2635604,0,0,D,2,1,685637,49.95,2004,39,28.48,8.08
22087,Historical,167344,0,0,D,1,0,303175,45.98,2010,38,62.15,45.98
22088,Historical,711409,0,0,D,3,1,4111455,98,2001,37,94.6,13.98
22089,Historical,907175,0,0,D,5,1,2987589,115,2006,24,94.6,48.99
22090,Historical,618442,1,3,D,1,0,380663,132.4,2007,39,84.99,28.2
22091,Historical,619351,0,0,D,2,1,130501,141.2,2010,39,84.99,72.99
22092,Historical,607391,0,0,D,7,1,376177,131,2007,50,83.99,49.2
22093,Historical,622442,0,0,D,2,1,1045793,139.95,2008,51,91.27,32.97
22094,Historical,778238,0,0,D,0,0,1796862,106.95,2005,29,91.27,26.96
22095,Historical,254522,0,0,D,3,1,1024050,167.95,2011,29,91.27,55.07
22096,Historical,423304,1,2,D,5,1,534935,135,2008,63,103.97,38.94
22097,Historical,528823,1,1,D,6,1,72598,150.2,2011,67,103.97,36.49
22098,Historical,658474,1,1,D,2,1,687332,70,2010,27,0,0
22099,Historical,916782,1,1,D,2,1,4285356,103.95,2003,22,78.42,31.89
22100,Historical,528827,0,0,D,6,1,610310,195.95,2011,31,115.46,46.58
22101,Historical,184019,0,0,D,2,1,2490757,145.95,2005,29,117.44,29.01
22102,Historical,913516,0,0,D,2,1,3889324,124.95,2003,15,78.42,16.98
22103,Historical,183867,0,0,D,0,0,1140724,128.95,2003,48,117.44,23.99
22104,Historical,608086,1,2,D,5,1,1176268,196.95,2009,33,115.46,44.77
22105,Historical,609608,0,0,D,2,1,3298932,51.95,2008,27,44.56,19.99
22106,Historical,178907,0,0,D,3,1,1659371,71.95,2010,24,44.56,20.98
22107,Historical,52120,1,3,D,6,1,309454,128,2008,56,87.98,44.77
22108,Historical,130262,0,0,D,0,0,519319,81.96,2003,63,66.59,26.8
22109,Historical,52119,0,0,D,5,1,738458,105.2,2006,53,87.98,67.22
22110,Historical,619141,0,0,D,3,1,175917,141.2,2009,28,127.52,28.92
22111,Historical,740324,0,0,D,2,1,2489448,118.4,2004,28,127.52,44.81
22112,Historical,767011,1,1,D,5,1,414658,175.95,2010,42,134.69,28.99
22113,Historical,184009,0,0,D,3,1,3298830,125.95,2004,21,134.69,9.75
22114,Historical,528819,1,1,D,4,1,1374814,185.95,2007,34,134.69,12.2
22115,Historical,608732,0,0,D,5,1,284386,49.99,2006,79,20.41,17.77
22116,Historical,608707,0,0,D,4,1,256502,44.95,2001,89,20.41,13.98
22117,Historical,625291,1,2,D,0,0,51991,156.2,2009,33,113.99,70.54
22119,Historical,550739,1,1,D,11,1,2721509,180.75,2009,15,62.22,4.95
22120,Historical,900061,0,0,D,0,0,6090601,62.95,2002,15,0,63.43
22121,Historical,621973,1,1,D,0,0,63125,74.04,2009,77,113.99,53.94
22122,Historical,52756,0,0,D,11,1,83679,29.97,2008,48,62.22,7.06
22123,Historical,617370,0,0,D,0,0,13085,90.5,2010,63,113.99,68.42
22124,Historical,52755,1,1,D,10,1,797382,75.31,2004,47,62.22,16.3
22125,Historical,714810,0,0,D,8,1,237430,60,2002,43,45.49,15.67
22126,Historical,616569,0,0,D,8,1,2841818,67.6,2003,37,45.49,77.26
22127,Historical,298382,0,0,D,3,1,688304,57.95,2007,46,38.45,28.23
22128,Historical,184977,0,0,D,1,0,1054113,30,1998,84,25.62,10.94
22130,Historical,2607246,0,0,D,0,0,4013634,35,1998,24,39.56,55.39
22131,Historical,539154,1,1,D,1,0,92328,87.73,2008,27,58.44,103.16
22132,Historical,547675,0,0,D,1,0,150006,99.2,1997,76,49.61,43.37
22133,Historical,868467,1,1,D,4,1,1226727,239.95,1995,33,53.46,47.31
22134,Historical,652834,0,0,D,0,0,1097305,39.95,2010,20,47.25,14.99
22135,Historical,266737,0,0,D,1,0,1218043,69.95,2005,16,59.94,67.25
22136,Historical,600194,0,0,D,4,1,1802014,59.95,2007,20,63.99,104.05
22137,Historical,662110,0,0,D,1,0,257354,49.95,2002,16,0,0
22138,Historical,595090,1,1,D,1,0,499873,56.95,2012,51,0,0
22139,Historical,696657,0,0,D,5,1,3553202,72,2008,12,77.25,170.71
22140,Historical,139033,0,0,D,1,0,489939,80,2003,24,46.97,54.25
22141,Historical,138969,0,0,D,1,0,189688,80,2002,37,46.97,54.27
22142,Historical,643858,0,0,D,3,1,1589585,99.95,2010,25,64.98,49.37
22143,Historical,105979,0,0,D,1,0,1319655,211,2007,22,195.07,43.99
22144,Historical,3059177,0,0,D,0,0,3963700,129.95,2000,13,170.36,141.06
22145,Historical,607735,0,0,D,10,1,293478,133.8,2008,50,75.24,38.99
22146,Historical,607712,0,0,D,9,1,426569,100,2005,76,75.24,10.97
22147,Historical,58462,0,0,D,4,1,807812,61.95,2005,51,34.49,27.78
22148,Historical,860834,0,0,D,3,1,5308847,150,2012,15,213.81,52.23
22149,Historical,290087,0,0,D,3,1,3189507,260.5,2007,12,213.81,31.94
22150,Historical,222292,0,0,D,9,1,1051966,79,2008,114,75.08,16.02
22151,Historical,222229,0,0,D,10,1,67205,80,2011,106,75.08,33.99
22152,Historical,222291,0,0,D,9,1,1739490,95,2008,47,75.08,5.19
22153,Historical,2113709,0,0,D,0,0,1286177,49.99,2013,53,54.11,47.39
22154,Historical,206099,0,0,D,2,1,125015,43,2006,62,29.09,30.99
22155,Historical,1544369,0,0,D,1,0,1138636,43.95,2014,12,0,32.64
22156,Historical,287409,0,0,D,7,1,75780,207,2010,91,113.97,28.78
22157,Historical,877750,0,0,D,6,1,1042776,28.94,2007,42,113.97,28.94
22158,Historical,117793,0,0,D,6,1,505198,147,2007,99,113.97,9.61
22159,Historical,245185,0,0,D,5,1,3661222,61.95,2004,17,44.54,4.78
22160,Historical,249913,0,0,D,6,1,2173167,61.95,2008,20,44.54,27.98
22162,Historical,667985,0,0,D,5,1,962967,553,2007,9,1151.72,597.19
22163,Historical,405795,0,0,D,5,1,1499257,16.98,2001,44,48.97,21.99
22164,Historical,344090,0,0,D,6,1,141680,23.87,2005,72,48.97,28.27
22165,Historical,161662,1,1,D,7,1,111067,48.47,2008,32,48.97,38.54
22166,Historical,868491,0,0,D,2,1,6375588,56,1999,18,23.99,28.99
22167,Historical,380515,1,1,D,6,1,43890,202.95,2012,71,78.49,83.99
22168,Historical,528797,0,0,D,5,1,470961,158.95,2009,32,43.57,58.71
22169,Historical,55104,0,0,D,5,1,665302,222.95,2009,57,78.49,61.6
22170,Historical,55103,0,0,D,4,1,698928,161.95,2006,27,78.49,44.67
22171,Historical,545814,1,1,D,9,1,55106,91,2013,52,52.01,38.7
22172,Historical,270679,0,0,D,8,1,280319,77,2010,57,52.01,10.99
22173,Historical,229132,1,2,D,7,1,1574497,64.95,2007,53,52.01,6.78
22174,Historical,58178,1,2,D,10,1,2013596,22.97,2004,49,61.63,18.94
22175,Historical,872399,0,0,D,3,1,1580615,15.95,1996,28,36.96,41.24
22176,Historical,1615807,0,0,D,1,0,1323303,69.99,2008,25,39.97,17.96
22177,Historical,56767,0,0,D,12,1,80381,76,2009,122,27.97,25.95
22178,Historical,537733,0,0,D,13,1,24551,76,2013,77,27.97,33.28
22179,Historical,2338551,0,0,D,3,1,1653403,121.1,1993,38,0,21.3
22180,Historical,2471262,1,2,D,2,1,2118095,123,1995,15,150.61,141.22
22181,Historical,1587378,0,0,D,1,0,4694529,103,2009,14,49.16,53.35
22182,Historical,193529,0,0,D,2,1,551996,56,2008,30,15.68,17.99
22183,Historical,254080,0,0,D,1,0,1046944,142.95,2009,33,83.98,38.99
22184,Historical,193400,0,0,D,2,1,1798662,51,2005,43,33.24,10.69
22185,Historical,193651,0,0,D,3,1,413489,60,2009,104,33.24,22.88
22186,Historical,286297,1,2,D,7,1,80308,184.4,2011,87,139.04,48.31
22187,Historical,54619,0,0,D,6,1,510571,183.4,2009,97,139.04,10.88
22188,Historical,874842,0,0,D,5,1,2812721,6.68,2007,58,139.04,4
22189,Historical,52514,1,1,D,6,1,692964,59.95,2008,66,36.09,13.99
22190,Historical,52513,0,0,D,5,1,3001689,59.95,2008,43,36.09,5.44
22191,Historical,52511,0,0,D,7,1,80075,64.95,2011,69,36.09,11.23
22192,Historical,129485,1,1,D,4,1,151754,95.95,2011,70,60.62,29.99
22193,Historical,613528,1,1,D,7,1,747509,111.8,2005,42,59.99,23.98
22194,Historical,639774,0,0,D,2,1,91600,99.95,2012,46,38.98,56.3
22195,Historical,613202,0,0,D,8,1,314577,141.2,2010,60,59.99,20.49
22196,Historical,615235,1,1,D,1,0,1110393,120.8,2008,42,38.98,5.04
22197,Historical,127440,0,0,D,3,1,1438199,85.95,2008,80,60.62,8.97
22198,Historical,617088,1,1,D,0,0,1395365,49.95,2008,49,28.42,28.25
22199,Historical,644905,0,0,D,1,0,554110,111.67,2012,15,88.03,111.67
22200,Historical,619315,1,2,D,1,0,104266,115.6,2012,64,88.03,12.92
22201,Historical,52369,0,0,D,4,1,56467,220.95,2010,66,82.99,53.49
22202,Historical,544677,1,8,D,5,1,29374,212.95,2013,76,82.99,85.56
22203,Historical,52368,1,7,D,3,1,241216,211.95,2007,116,82.99,16.63
22204,Historical,534415,1,2,D,11,1,50699,232.95,2011,131,117.43,23.98
22205,Historical,54102,1,1,D,10,1,536952,245.95,2008,171,117.43,9.81
22206,Historical,54103,0,0,D,9,1,609287,140.95,2005,94,117.43,11.24
22207,Historical,533384,1,1,D,7,1,93327,79.95,2012,50,80.4,27.92
22208,Historical,618896,0,0,D,2,1,1716494,39.95,2006,27,11.94,51.07
22209,Historical,55933,0,0,D,6,1,1049331,65.95,2009,46,80.4,15.99
22210,Historical,528787,0,0,D,5,1,155655,249.95,2009,84,71.98,8.49
22211,Historical,178043,0,0,D,4,1,2095722,175.95,2003,51,71.98,14.95
22212,Historical,200466,1,2,D,3,1,219625,162.95,2009,61,64.06,18.55
22213,Historical,248187,0,0,D,7,1,630392,106,2010,50,63.33,55.72
22214,Historical,877678,0,0,D,0,0,3010610,126.4,2007,11,76.31,15.81
22215,Historical,539382,1,1,D,7,1,31936,174,2013,103,76.31,69.83
22216,Historical,55219,1,2,D,6,1,87054,140,2010,97,76.31,10.95
22217,Historical,55218,0,0,D,5,1,817033,122.67,2007,73,76.31,6.74
22218,Historical,55937,1,2,D,3,1,30250,17.97,2010,87,115.15,20.43
22219,Historical,55936,0,0,D,2,1,200632,7.8,2006,65,115.15,11.98
22220,Historical,410087,0,0,D,6,1,1766336,93,2007,36,63.33,13.94
22221,Historical,266268,0,0,D,7,1,194455,181,2012,68,114.62,20.48
22222,Historical,533920,0,0,D,6,1,245458,195.2,2009,116,114.62,8.69
22223,Historical,205566,0,0,D,1,0,3413026,65,1997,32,35.68,6
22224,Historical,593156,1,1,D,12,1,603585,174.95,2009,62,58.82,34.43
22225,Historical,771064,0,0,D,10,1,3368074,141.95,2003,39,58.82,7.98
22226,Historical,572202,0,0,D,11,1,317804,108.95,2006,55,58.82,7.33
22227,Historical,528784,0,0,D,8,1,90237,230.95,2012,45,88.98,99.85
22228,Historical,183468,0,0,D,7,1,590348,254.95,2006,92,88.98,35.14
22229,Historical,2067651,0,0,D,0,0,1514414,8.49,2008,25,143.09,7.98
22230,Historical,2663497,0,0,D,6,1,2810073,259,1995,24,243.99,103.98
22231,Historical,203474,0,0,D,8,1,1131416,319,2004,16,243.99,49.54
22232,Historical,203378,0,0,D,3,1,4789258,54.95,2001,21,23.18,4.24
22233,Historical,203828,0,0,D,4,1,1839689,65,2005,55,23.18,14.99
22234,Historical,528777,0,0,D,5,1,117600,74.99,2011,25,50.69,12.97
22235,Historical,203827,0,0,D,4,1,2530761,65,2005,36,50.69,21.97
22236,Historical,203469,0,0,D,7,1,2560730,59.95,2003,23,57.43,11.39
22237,Historical,204041,1,1,D,8,1,1117424,79,2007,24,57.43,58.1
22238,Historical,294178,0,0,D,10,1,171204,112.99,2007,109,73.99,12.99
22239,Historical,2078588,0,0,D,3,1,344745,49.99,2011,25,8.23,43.99
22240,Historical,2078516,1,1,D,2,1,1874355,49.95,2009,24,8.23,83.87
22241,Historical,621307,0,0,D,8,1,171915,80,2012,77,48.99,23.98
22242,Historical,631641,0,0,D,6,1,1006523,80,2009,47,48.99,19.98
22243,Historical,2103030,0,0,D,0,0,158971,99.99,2015,6,0,56.98
22244,Historical,613246,0,0,D,0,0,219278,34.99,2013,271,22.93,7.98
22245,Historical,616185,1,1,D,0,0,434657,174.95,2011,70,11.51,24.97
22246,Historical,643888,0,0,D,3,1,816249,34.99,2010,33,23.3,50.21
22247,Historical,2078535,0,0,D,1,0,1211533,64.99,2010,20,30.99,73.35
22248,Historical,655568,0,0,D,0,0,1225808,64.99,2011,12,32.7,118.33
22249,Historical,904191,0,0,D,3,1,1910394,39.95,2009,22,22.67,48.11
22250,Historical,906844,1,1,D,2,1,133873,44.95,2009,19,25.59,14.98
22251,Historical,899133,0,0,D,0,0,1457588,44.95,2008,13,27.81,47.99
22252,Historical,635955,0,0,D,5,1,789901,44.99,2011,54,33.97,13.98
22253,Historical,909067,0,0,D,4,1,1035609,44.95,2008,34,33.97,13.98
22254,Historical,1865914,1,1,D,0,0,576787,35,2011,106,21.4,20.92
22255,Historical,2084552,0,0,D,0,0,237609,34.99,2014,128,21.4,16.99
22256,Historical,914930,0,0,D,4,1,1227913,36,2010,31,50.85,15.65
22257,Historical,624719,1,1,D,5,1,296760,80,2012,33,50.85,74.74
22258,Historical,774866,0,0,D,4,1,5793861,299,1999,17,139.98,13.94
22259,Historical,248773,0,0,D,5,1,2450138,318,2006,16,139.98,58.99
22260,Historical,2216178,0,0,D,0,0,806474,40,2014,7,0,29.51
22261,Historical,106794,0,0,D,9,1,415920,55,2010,84,13.99,21.86
22262,Historical,606780,0,0,D,8,1,1224504,46.95,2007,71,13.99,16.98
22263,Historical,775076,1,1,D,5,1,1690824,99,2001,31,95.37,43.99
22264,Historical,545803,0,0,D,6,1,50234,120,2013,79,73.25,17.95
22265,Historical,2256686,0,0,D,5,1,2628781,15.49,2011,50,0,9.7
22266,Historical,229181,0,0,D,3,1,906327,49.95,2008,80,51.99,6.69
22267,Historical,271016,0,0,D,4,1,671759,62,2010,142,51.99,9.1
22268,Historical,617500,1,2,D,5,1,61863,73,2012,143,51.99,14.99
22269,Historical,271015,1,1,D,5,1,595752,120,2011,83,73.25,16.39
22270,Historical,229169,0,0,D,4,1,1063188,99.95,2008,68,73.25,26.75
22271,Historical,300466,1,1,D,5,1,849831,99,2011,84,76.38,7.49
22272,Historical,296516,1,4,D,4,1,1539139,84.95,2008,51,76.38,16.1
22273,Historical,545830,0,0,D,6,1,53130,99,2013,106,76.38,14.99
22274,Historical,555310,0,0,D,1,0,195370,37.95,1998,60,35.21,27.69
22275,Historical,2216173,0,0,D,1,0,524545,45,2015,11,0,29.55
22276,Historical,196269,0,0,D,4,1,3361212,60,2008,22,45.57,46.41
22277,Historical,196252,0,0,D,3,1,2693957,47.5,2004,20,45.57,44.34
22278,Historical,199521,0,0,D,1,0,3702270,57.95,2003,28,38.55,43.94
22279,Historical,326269,0,0,D,1,0,1621386,34.99,2003,44,51.86,19
22280,Historical,326278,0,0,D,3,1,981414,29.99,2003,22,29.39,21.04
22281,Historical,199421,0,0,D,1,0,1963772,69.95,2004,20,49.02,82.71
22282,Historical,633242,1,3,D,18,1,120021,111.95,2010,62,25.24,45.42
22283,Historical,766941,1,1,D,17,1,749024,103.95,2008,59,25.24,21.93
22284,Historical,766440,0,0,D,18,1,147751,99.95,2010,21,25.24,22.6
22285,Historical,627846,0,0,D,19,1,245957,99.95,2013,75,25.24,41.72
22286,Historical,53742,0,0,D,6,1,34518,124.95,2010,80,46.83,30.77
22287,Historical,53744,0,0,D,5,1,469514,134.95,2007,144,46.83,11.99
22288,Historical,58459,1,3,D,6,1,1155984,80.4,2008,86,56.05,18.78
22289,Historical,58460,0,0,D,7,1,178794,98.8,2011,61,56.05,18.98
22290,Historical,121151,0,0,D,6,1,122826,105.2,2010,44,57.92,60.76
22291,Historical,118605,1,1,D,5,1,1871011,74.6,2007,36,57.92,7.7
22292,Historical,607445,1,1,D,3,1,506928,60.67,2008,34,92.33,52.97
22293,Historical,607284,0,0,D,2,1,1603048,58.67,2003,49,92.33,15.83
22294,Historical,495596,0,0,D,6,1,2326886,312,2008,15,155.24,101.95
22295,Historical,751992,0,0,D,1,0,1379445,145,2009,15,115.92,134.78
22296,Historical,3465093,1,1,D,2,1,1944287,139,1992,20,0,65.95
22297,Historical,2339718,1,4,D,2,1,118426,167.75,1982,33,82.66,48.48
22298,Historical,761027,1,1,D,1,0,800146,0,1998,24,54.95,76.83
22299,Historical,618523,0,0,D,1,0,2560222,39.95,1999,19,19.99,27.22
22300,Historical,54746,0,0,D,11,1,126596,48.98,2007,48,108.94,40.96
22301,Historical,54748,1,1,D,10,1,1844870,13.99,2002,60,108.94,17.98
22302,Historical,194101,0,0,D,2,1,773934,67,2005,41,66.77,47.59
22303,Historical,293252,1,3,D,0,0,2465084,38,2000,24,66.77,35.94
22305,Historical,2385212,0,0,D,0,0,7650266,68,1990,11,48.98,0
22306,Historical,804435,0,0,D,7,1,2029713,121.71,2010,26,83.96,22.99
22307,Historical,608934,0,0,D,5,1,3965341,66.95,2003,53,83.96,8.69
22308,Historical,652409,1,2,D,12,1,208854,125,2013,48,44.99,113.99
22309,Historical,58502,0,0,D,10,1,338110,99.95,2007,152,44.99,12.93
22310,Historical,58503,1,3,D,11,1,364612,113,2010,73,44.99,63.75
22311,Historical,625030,0,0,D,0,0,1092194,157,2008,20,93.99,153.25
22312,Historical,286094,0,0,D,6,1,502552,112,2006,33,67.5,90.74
22313,Historical,114796,1,1,D,5,1,1300799,90.67,2002,32,67.5,19.87
22314,Historical,602549,0,0,D,0,0,943310,21.99,2006,19,0,10.61
22315,Historical,395900,1,1,D,0,0,900105,13.02,2006,44,0,0
22316,Historical,252021,0,0,D,1,0,322760,89.95,2009,22,0,33.98
22317,Historical,922417,0,0,D,1,0,11019,17.99,2004,103,32.98,10.69
22318,Historical,774907,0,0,D,5,1,1715445,89.95,2001,16,46.88,28.95
22319,Historical,114253,0,0,D,15,1,1965015,128,2002,43,66.54,10.49
22320,Historical,60556,0,0,D,17,1,291309,198.67,2007,56,66.54,19.99
22321,Historical,607311,1,1,D,16,1,1092542,164.8,2004,62,66.54,22.99
22322,Historical,756780,1,1,D,4,1,3186298,120,1997,17,55.88,65.49
22323,Historical,113655,0,0,D,2,1,2726077,64.67,1999,31,16.99,21.99
22324,Historical,2555300,0,0,D,0,0,394330,26,1996,45,42.16,20.7
22325,Historical,408194,0,0,D,0,0,1538983,210,2008,30,72.28,44.73
22326,Historical,169388,0,0,D,1,0,314033,108.95,2008,43,66.39,47.67
22327,Historical,1840637,0,0,D,1,0,2156130,67.99,2009,14,39.11,103.29
22328,Historical,868139,1,1,D,2,1,1599644,54.35,1987,21,71.23,45.79
22329,Historical,868138,0,0,D,0,0,1755413,73.24,1974,35,71.23,48.49
22330,Historical,905325,0,0,D,2,1,1712852,150,1996,25,64.29,74.01
22331,Historical,528732,1,1,D,7,1,18299,241.75,2012,78,98.99,81.91
22332,Historical,110763,1,1,D,6,1,64563,53.97,2008,87,98.99,44.99
22333,Historical,121606,1,3,D,9,1,37639,142.4,2011,372,107.94,20.98
22334,Historical,54856,0,0,D,8,1,507231,122.6,2007,278,107.94,11.99
22335,Historical,553158,0,0,D,9,1,1434629,170.53,2011,26,107.94,93.57
22336,Historical,876397,0,0,D,9,1,675578,70.18,2011,49,45.24,46.5
22337,Historical,200328,0,0,D,8,1,1232359,114.95,2007,57,45.24,11.48
22338,Historical,200584,1,4,D,9,1,57478,121.95,2011,103,45.24,36.78
22339,Historical,534010,1,2,D,12,1,249655,130,2007,66,83.99,29.42
22340,Historical,252558,1,2,D,6,1,90572,43.93,2006,90,78.99,45.99
22341,Historical,191905,0,0,D,5,1,191039,28.98,2002,103,78.99,42.98
22342,Historical,2488350,1,1,D,0,0,1217316,30,1998,19,0,9.48
22343,Historical,251954,0,0,D,4,1,55421,165.95,2009,45,105.6,66.22
22344,Historical,60559,0,0,D,3,1,204445,175.95,2004,44,105.6,43.88
22345,Historical,1574131,1,2,D,1,0,225464,207.95,2008,40,62.59,60.42
22346,Historical,169534,1,1,D,3,1,1315977,74.95,2007,20,53.98,51.97
22347,Historical,528728,0,0,D,4,1,315646,70.95,2010,48,53.98,68.94
22348,Historical,111112,1,3,D,2,1,455519,33.97,2010,56,72.28,24.04
22349,Historical,533872,0,0,D,9,1,496740,204.95,2008,42,139.33,43.98
22350,Historical,111007,1,4,D,2,1,1366098,0,2009,23,69.1,59.58
22351,Historical,111412,0,0,D,3,1,175029,202.05,2011,63,69.1,64.93
22352,Historical,807002,0,0,D,3,1,2695208,91.95,2007,21,35.69,53.13
22353,Historical,797552,0,0,D,2,1,4959037,75.95,2003,18,35.69,15.67
22354,Historical,60560,0,0,D,9,1,1262337,43.99,2006,48,63.26,23.99
22355,Historical,417090,1,1,D,11,1,391823,40,2009,31,63.26,39.16
22356,Historical,632009,1,1,D,13,1,265133,146.25,2013,73,63.26,88.43
22357,Historical,417182,0,0,D,12,1,358896,64.13,2011,34,63.26,66.56
22358,Historical,183357,1,1,D,12,1,192148,181.95,2006,33,96.99,59.03
22359,Historical,630625,1,1,D,9,1,1133684,133.5,2011,23,49.99,45.85
22360,Historical,417082,0,0,D,1,0,2093552,22.98,2008,29,76.24,23.15
22361,Historical,797773,0,0,D,7,1,6735685,112.95,2006,12,42.98,33.98
22362,Historical,767590,1,1,D,8,1,1369929,212.95,2008,25,108.75,18.99
22363,Historical,107856,0,0,D,6,1,844087,11.98,2004,31,105.21,11.98
22364,Historical,528722,0,0,D,6,1,455707,153,2011,38,52.96,63.53
22365,Historical,797634,0,0,D,5,1,3102343,44.95,2004,11,37.99,42
22366,Historical,231854,0,0,D,0,0,902772,60,2003,25,47.2,53.79
22367,Historical,148645,0,0,D,14,1,630958,393.95,2009,40,93.99,51.63
22368,Historical,60561,0,0,D,13,1,1369252,253.95,2006,34,93.99,19.97
22369,Historical,57041,0,0,D,4,1,723579,161.23,2007,50,151.99,43.46
22370,Historical,2385277,0,0,D,10,1,4266309,86.78,1991,16,26.85,20.11
22371,Historical,533325,0,0,D,6,1,23780,91.98,2012,54,151.99,93.89
22372,Historical,877031,0,0,D,4,1,2148011,97.54,2007,41,151.99,70.16
22374,Historical,232853,1,1,D,7,1,1478255,34.95,2004,35,28.02,15.99
22375,Historical,897580,0,0,D,14,1,3285919,21,2006,11,127.73,92.25
22376,Historical,907367,0,0,D,2,1,3962892,31,2005,17,108.99,31
22377,Historical,600140,0,0,D,14,1,1830875,26,2009,34,127.73,18.99
22378,Historical,896074,0,0,D,0,0,4826204,89.25,2000,18,108.99,19.94
22379,Historical,52902,1,1,D,7,1,3286332,148,2003,39,153.99,10.58
22380,Historical,52904,0,0,D,9,1,110144,222.67,2009,43,153.99,53.92
22381,Historical,52903,1,1,D,8,1,100314,180,2006,54,153.99,46.03
22382,Historical,286173,0,0,D,12,1,711805,196,2006,23,61.55,51.67
22383,Historical,711415,0,0,D,10,1,4100724,126.67,2000,20,61.55,38.91
22384,Historical,538822,0,0,D,11,1,42409,52.96,2011,77,154.64,47.69
22385,Historical,2249770,0,0,D,3,1,14176111,0,2009,23,0,64.62
22386,Historical,53920,0,0,D,3,1,91530,51.75,2009,46,137.54,53.95
22387,Historical,550562,0,0,D,10,1,464283,18.45,2008,66,154.64,8.78
22388,Historical,618634,0,0,D,11,1,2247519,160,2003,18,61.55,21.9
22389,Historical,221703,0,0,D,3,1,1287218,83.95,2000,23,63.33,32.49
22390,Historical,53919,0,0,D,2,1,1216061,13.24,2006,37,137.54,11.27
22391,Historical,533873,0,0,D,9,1,269271,385.95,2008,39,153.99,43.99
22392,Historical,60972,1,2,D,8,1,1179709,309.95,2004,61,153.99,19
22393,Historical,192613,0,0,D,1,0,1343944,54.95,2006,35,83.98,12.87
22394,Historical,534819,0,0,D,2,1,579914,64.95,2010,60,83.98,36.49
22395,Historical,55102,0,0,D,8,1,193251,76.2,2009,145,41.8,22.99
22396,Historical,55101,0,0,D,7,1,514930,48.95,2005,120,41.8,9.4
22397,Historical,658630,0,0,D,3,1,500319,131,2009,28,143.18,56.65
22398,Historical,874218,1,1,D,1,0,1615039,21.86,2008,27,73.5,43.47
22399,Historical,110338,0,0,D,2,1,406362,137.5,2011,60,73.5,16.97
22400,Historical,642497,0,0,D,8,1,2231709,64.8,2007,16,17.41,53.99
22401,Historical,2373865,0,0,D,7,1,1278498,104.8,2004,14,17.41,43.65
22402,Historical,1657502,0,0,D,8,1,5435125,48.03,2008,10,52.99,72.99
22403,Historical,116717,1,2,D,10,1,197242,131.8,2005,44,0,0
22404,Historical,120537,0,0,D,11,1,1025025,121.6,2008,31,93.98,8.8
22405,Historical,528709,1,1,D,12,1,118902,127.2,2011,54,93.98,59.72
22406,Historical,169231,0,0,D,6,1,1548444,253.95,2006,51,84.52,20.52
22407,Historical,177020,0,0,D,5,1,3913938,109.95,2003,30,84.52,29.98
22408,Historical,169698,0,0,D,7,1,219578,230.95,2009,57,84.52,66.25
22409,Historical,146811,0,0,D,10,1,51516,133,2012,54,88.98,55.7
22410,Historical,56209,1,4,D,9,1,41835,124,2009,37,88.98,39.72
22411,Historical,56213,0,0,D,8,1,529817,106.07,2006,56,88.98,19.98
22412,Historical,414530,1,3,D,9,1,1307530,76.25,2001,16,71.04,53.81
22413,Historical,108248,0,0,D,11,1,512747,0,2004,27,71.04,46.84
22414,Historical,60015,0,0,D,12,1,273194,335.6,2007,17,53.98,99.85
22415,Historical,176856,0,0,D,1,0,4873659,48.95,2000,20,12.68,4
22416,Historical,177143,0,0,D,2,1,3884448,136.95,2004,42,12.68,21.28
22417,Historical,2795317,1,1,D,0,0,4228619,72,1994,19,21.88,41.85
22418,Historical,212417,1,1,D,1,0,4339517,79.2,2006,27,44.88,12.74
22419,Historical,3579117,1,3,D,0,0,4392372,72.33,2006,26,0,29.91
22420,Historical,56287,1,2,D,6,1,26863,67.15,2011,75,78.99,48.99
22421,Historical,56286,1,1,D,5,1,865007,0,2009,16,78.99,304.99
22422,Historical,56285,1,6,D,4,1,1327650,72.06,2006,63,78.99,97.79
22423,Historical,110567,0,0,D,10,1,77750,129,2010,26,85.28,42.68
22424,Historical,109069,0,0,D,9,1,401986,47.99,2007,28,85.28,42.98
22425,Historical,108085,1,2,D,8,1,1141767,45.03,2005,28,85.28,44.61
22426,Historical,111206,0,0,D,7,1,225909,41.85,2011,33,53.98,29.98
22427,Historical,533490,1,2,D,4,1,44275,28.47,2011,104,122.17,44.93
22428,Historical,212518,0,0,D,3,1,1481175,121.4,2005,40,102.57,38.92
22429,Historical,540831,0,0,D,5,1,75789,103.6,2013,32,57.82,96.97
22430,Historical,54512,0,0,D,3,1,195343,27.98,2009,93,122.17,21.9
22431,Historical,434958,1,4,D,4,1,431519,97.4,2010,48,57.82,43.89
22432,Historical,434837,0,0,D,4,1,538488,118.2,2009,51,102.57,22.44
22433,Historical,528706,1,3,D,5,1,345178,130,2012,41,21.98,58.25
22434,Historical,54513,1,5,D,2,1,1064763,27.71,2005,36,122.17,35.95
22435,Historical,212625,1,2,D,3,1,1189498,84.6,2007,48,57.82,15.99
22436,Historical,145986,1,2,D,4,1,580667,118.2,2009,26,21.98,14.87
22437,Historical,417088,0,0,D,10,1,318741,126.67,2009,61,26.92,49.42
22438,Historical,537640,1,3,D,11,1,17449,178,2012,87,26.92,69.83
22439,Historical,742512,0,0,D,4,1,1755832,46,2010,16,0,88.33
22440,Historical,107614,0,0,D,4,1,1622009,0,2003,11,34.98,109.67
22441,Historical,212399,1,2,D,2,1,255984,100.4,2006,41,62.61,67.76
22442,Historical,146378,1,2,D,2,1,561600,100.4,2010,38,62.61,55
22443,Historical,108820,1,1,D,10,1,722388,59.19,2008,45,98.23,46.39
22444,Historical,60566,0,0,D,9,1,609353,38.99,2005,37,98.23,63.47
22445,Historical,111217,0,0,D,11,1,165840,201,2011,50,98.23,111.59
22446,Historical,417215,1,1,D,13,1,23992,169.99,2012,71,128.49,75.62
22447,Historical,60567,0,0,D,11,1,1230173,97.3,2006,37,128.49,67.65
22448,Historical,417116,0,0,D,12,1,164034,157.27,2009,96,128.49,55.57
22449,Historical,417214,1,1,D,13,1,43952,192.25,2012,74,32.23,91.99
22450,Historical,111000,1,7,D,12,1,745833,140,2009,40,32.23,38.67
22451,Historical,111068,1,2,D,1,0,1665035,1316.94,2009,19,90.04,60.61
22452,Historical,455335,0,0,D,1,0,2338033,202.95,1995,22,0,0
22453,Historical,536591,1,2,D,6,1,330477,49,2011,23,8.99,52.98
22454,Historical,540797,0,0,D,7,1,94727,56.8,2013,29,8.99,42.11
22455,Historical,117705,1,2,D,4,1,2272176,98.4,2005,19,62.81,18.98
22456,Historical,120665,1,1,D,5,1,496186,95.8,2008,25,62.81,45.96
22457,Historical,153819,1,1,D,2,1,118337,23.98,2011,98,67.09,13.99
22458,Historical,630041,1,2,D,0,0,879323,16.48,2010,49,67.09,10.97
22459,Historical,514677,1,1,D,7,1,274894,78.51,2009,31,62.99,38.3
22460,Historical,60563,0,0,D,13,1,1179212,81.59,2006,32,79.1,91.83
22461,Historical,110965,1,1,D,6,1,1741338,140.5,2007,28,62.99,18.99
22462,Historical,534005,0,0,D,14,1,354487,118.69,2008,35,79.1,23.96
22463,Historical,56203,1,1,D,8,1,984879,23.93,2007,51,99.12,23.93
22464,Historical,56204,1,1,D,9,1,99721,61.83,2010,74,99.12,58.97
22465,Historical,538647,0,0,D,4,1,225374,201.75,2013,23,102.13,135.27
22466,Historical,285348,1,3,D,3,1,721175,199.96,2010,31,102.13,112.23
22467,Historical,56291,1,6,D,8,1,1305252,54.63,2007,22,103.87,48.97
22468,Historical,108133,0,0,D,11,1,485582,56.02,2007,17,62.08,48.77
22469,Historical,109224,0,0,D,12,1,353818,82.25,2010,24,62.08,74.24
22470,Historical,146351,1,1,D,9,1,25655,103.4,2011,105,62.99,36.9
22471,Historical,120561,1,9,D,8,1,96999,94,2008,96,4.97,31.99
22472,Historical,905295,1,1,D,4,1,186179,31.95,1990,25,8.04,33.99
22473,Historical,540921,1,1,D,5,1,216962,69.95,2007,103,53.12,17.99
22474,Historical,565886,0,0,D,1,0,329251,75.95,2010,31,0,0
22475,Historical,109300,1,1,D,9,1,316411,128.5,2007,42,86.31,63.4
22476,Historical,108839,1,2,D,14,1,222878,33.94,2007,48,101.58,26.97
22477,Historical,60568,1,1,D,13,1,2071846,95.63,2005,33,101.58,41.98
22478,Historical,109222,1,2,D,15,1,213154,120.54,2010,47,101.58,68.51
22479,Historical,192002,1,3,D,2,1,532256,19.63,2006,93,56.85,16.01
22480,Historical,876699,1,2,D,3,1,3692525,61.97,2010,39,56.85,40.24
22481,Historical,252624,1,5,D,3,1,93289,75.48,2010,147,56.85,16.99
22482,Historical,118291,1,1,D,1,0,49101,176.4,2009,49,133.99,60.99
22483,Historical,526263,0,0,D,6,1,975033,51.95,2008,28,0,0
22484,Historical,249031,0,0,D,6,1,441238,77.95,2008,81,49.86,8.62
22485,Historical,607338,0,0,D,11,1,2313570,48.2,2007,25,29.78,13.89
22486,Historical,2787368,0,0,D,0,0,834599,32,2002,28,0,26.49
22487,Historical,2699002,0,0,D,1,0,3216942,91.95,1999,25,43.99,71.03
22488,Historical,876696,1,1,D,4,1,411709,503.99,2006,27,26.99,47.29
22489,Historical,620248,0,0,D,5,1,30411,45,2011,47,26.99,25.44
22490,Historical,3602259,0,0,D,9,1,934674,62,2000,23,0,12.95
22491,Historical,688960,0,0,D,7,1,1010829,29.95,2004,17,26.9,55.94
22492,Historical,193348,0,0,D,3,1,982691,138,2005,40,84.75,20.98
22493,Historical,538456,0,0,D,3,1,17171,226.5,2012,68,74.9,128.09
22494,Historical,57321,1,6,D,1,0,232611,18.97,2005,69,74.9,13.98
22495,Historical,106356,0,0,D,4,1,938883,89.95,2006,32,54.5,32.83
22496,Historical,874237,1,1,D,1,0,1855844,142.95,1999,33,73.24,12.98
22497,Historical,634684,1,1,D,2,1,381692,286.95,2004,29,73.24,73.19
22498,Historical,2570090,0,0,D,2,1,10367165,50.95,1991,21,93.95,45.97
22499,Historical,60569,1,2,D,4,1,647194,63.51,2005,34,93.95,56.24
22500,Historical,797519,0,0,D,1,0,2158106,193.95,2003,23,44.97,43.53
22501,Historical,609474,0,0,D,6,1,380368,237.95,2003,40,27.94,11.19
22502,Historical,193091,0,0,D,0,0,3924664,130,2004,22,107.32,58.31
22503,Historical,597212,0,0,D,1,0,2032511,83.95,2000,14,59.11,81.33
22504,Historical,534198,1,3,D,2,1,939224,41,2009,37,23.9,10.44
22505,Historical,537730,0,0,D,9,1,21171,60,2012,85,5.69,77.97
22506,Historical,533898,0,0,D,7,1,399146,51.95,2008,40,0,0
22507,Historical,614642,0,0,D,6,1,1160623,41.95,2004,26,0,0
22508,Historical,106502,0,0,D,9,1,1084970,43.95,2007,32,28.97,21.98
22509,Historical,2350529,0,0,D,8,1,2972569,34.95,2005,24,28.97,27.96
22510,Historical,285031,0,0,D,5,1,697942,54.95,2006,37,46.55,34.48
22511,Historical,105711,0,0,D,3,1,1038199,80,2004,29,30.89,69.11
22512,Historical,619557,0,0,D,1,0,1409035,52,2003,26,46.27,33.99
22513,Historical,899435,0,0,D,7,1,2810619,47.95,2007,17,34.8,27.24
22514,Historical,912107,0,0,D,6,1,3538326,54.95,1998,32,34.8,43.83
22515,Historical,254562,0,0,D,12,1,286847,79.99,2011,67,64.09,17.98
22516,Historical,53740,0,0,D,11,1,497449,65.95,2009,92,64.09,10.49
22517,Historical,53741,0,0,D,10,1,1124488,59.95,2006,132,64.09,6.89
22518,Historical,60573,0,0,D,4,1,288058,228.95,2003,90,110.53,7.49
22519,Historical,130898,0,0,D,4,1,416078,75,1997,27,27.97,35.54
22520,Historical,131477,0,0,D,5,1,2705036,118.67,2001,31,27.97,8.47
22521,Historical,903582,0,0,D,3,1,10396463,78.95,2000,13,103.82,15.49
22522,Historical,174715,0,0,D,1,0,577137,47,2003,51,18.95,11.75
22523,Historical,131967,1,2,D,2,1,566384,86.67,2004,50,81.47,25
22524,Historical,117087,1,4,D,7,1,157041,160.6,2008,56,52.33,19.43
22525,Historical,528687,1,1,D,8,1,32149,195.4,2012,79,52.33,42.85
22526,Historical,115564,0,0,D,1,0,247340,58.8,2003,34,35.88,18.49
22527,Historical,546016,1,3,D,11,1,8704,75,2013,112,48.73,27.93
22528,Historical,141878,0,0,D,10,1,131132,42.43,2009,94,48.73,23.98
22529,Historical,614180,0,0,D,3,1,4119450,58.95,1994,37,43.85,9.99
22530,Historical,607254,0,0,D,4,1,1256016,60.67,2002,59,65.59,13.98
22531,Historical,120315,0,0,D,5,1,113850,75.2,2007,34,65.59,33.79
22532,Historical,212971,1,1,D,0,0,699425,43.95,2001,25,38.97,33.87
22533,Historical,200292,0,0,D,0,0,852142,130.95,2009,41,35.99,43.99
22534,Historical,169759,0,0,D,4,1,198932,285.95,2008,71,155.3,38.98
22535,Historical,50533,0,0,D,7,1,166712,138,2007,98,162.76,38.98
22536,Historical,915368,0,0,D,7,1,1000538,53.33,2007,59,160.75,49.08
22537,Historical,60571,1,1,D,3,1,459419,163.95,2004,66,155.3,29.49
22538,Historical,116085,1,1,D,2,1,1285442,60,2005,39,73.51,4.31
22539,Historical,120025,1,1,D,3,1,204865,80.2,2009,41,73.51,124.89
22540,Historical,249738,0,0,D,2,1,186831,191.95,2006,33,68.5,76.25
22541,Historical,132611,1,1,D,5,1,450254,151,2009,63,104.7,31.07
22542,Historical,60572,1,1,D,2,1,1528669,86,2001,76,84.7,23.26
22543,Historical,147324,1,3,D,3,1,357943,115,2006,80,84.7,38.66
22544,Historical,117023,1,2,D,1,0,89518,152,2010,88,87.96,34.28
22545,Historical,170104,0,0,D,6,1,58655,195.95,2011,75,110.53,64.64
22546,Historical,628468,1,2,D,3,1,972015,70,2004,27,123.86,66.35
22547,Historical,636709,1,1,D,2,1,618998,53.25,1998,29,54.08,25.99
22548,Historical,534676,1,3,D,10,1,1746,89.95,2013,117,37.49,43.94
22549,Historical,2594168,0,0,D,0,0,3242124,62.99,1985,20,0,62.59
22550,Historical,132372,0,0,D,4,1,342172,127.6,2008,32,100.08,77.83
22551,Historical,132083,0,0,D,3,1,1381979,81.8,2005,29,100.08,50.51
22552,Historical,556604,0,0,D,0,0,6993638,0,1988,14,91.23,0
22553,Historical,147675,0,0,D,2,1,186336,70.95,2011,64,73.43,58.11
22554,Historical,767846,1,36,D,1,0,119854,92.85,2009,110,72.99,58.98
22556,Historical,2604939,0,0,D,0,0,4576273,65,1996,18,46.32,31.65
22557,Historical,891543,0,0,D,3,1,4436821,79.95,2003,11,50.45,46.49
22558,Historical,2422823,0,0,D,0,0,5477011,0,1975,21,54.56,56.29
22559,Historical,52723,1,4,D,9,1,10807,95.18,2010,79,98.99,70.39
22560,Historical,3783324,0,0,D,1,0,2800391,46.95,1996,16,0,73.99
22561,Historical,132988,0,0,D,9,1,94191,100.4,2010,48,24.99,72.74
22562,Historical,132323,0,0,D,2,1,461604,97.2,2007,33,77.98,40.98
22563,Historical,144204,0,0,D,0,0,957455,80.6,2004,38,77.98,12.99
22564,Historical,132322,1,2,D,2,1,753477,71,2007,25,57.74,52.72
22565,Historical,132321,0,0,D,2,1,430946,71,2007,41,15.99,23.99
22566,Historical,162648,0,0,D,6,1,591868,126.83,2009,45,145.69,45.88
22567,Historical,107832,0,0,D,3,1,2456305,79.06,2003,24,58.54,39.81
22568,Historical,287320,0,0,D,4,1,296125,99.95,2010,28,58.54,15.23
22569,Historical,126060,1,1,D,0,0,223776,39.95,2000,56,23.99,11.61
22570,Historical,719574,0,0,D,0,0,9459151,60.95,2000,10,23.99,102.98
22571,Historical,113883,0,0,D,7,1,1251032,57.8,2001,60,24.99,30.99
22572,Historical,565110,0,0,D,1,0,181140,54.95,2010,22,16.44,60.31
22573,Historical,659113,0,0,D,1,0,1637471,50.95,2008,16,52.65,47.19
22574,Historical,288359,0,0,D,0,0,2668510,35,2001,20,40.81,44.13
22575,Historical,118455,1,1,D,3,1,95690,97.4,2006,63,49.37,73.41
22576,Historical,285848,1,1,D,2,1,516022,82.6,2002,36,49.37,16.72
22577,Historical,55927,1,1,D,3,1,116611,204.95,1999,44,62.92,70.33
22578,Historical,2545303,0,0,D,0,0,2493240,52.95,1997,38,57.98,25.68
22579,Historical,541983,0,0,D,0,0,310669,9.95,2009,15,77.8,8.29
22580,Historical,3621796,0,0,D,1,0,1626826,111.25,2008,22,0,157.04
22581,Historical,902085,0,0,D,5,1,399635,109.95,2011,19,982.65,240.33
22582,Historical,905813,0,0,D,2,1,3068834,99.95,2003,20,982.65,62.19
22583,Historical,291709,0,0,D,6,1,137968,316.95,2011,51,165.46,121.84
22584,Historical,56527,0,0,D,5,1,276472,334.95,2008,57,165.46,22.79
22585,Historical,56528,0,0,D,4,1,1739552,374.95,2005,44,165.46,8
22586,Historical,52760,0,0,D,4,1,17889,32.55,2011,99,122.46,38.99
22587,Historical,623441,0,0,D,4,1,174922,55.93,2011,38,69.94,30.39
22588,Historical,52759,1,1,D,3,1,743885,48.12,2007,61,122.46,37.91
22589,Historical,52761,0,0,D,3,1,36329,60.67,2007,131,122.46,12.39
22590,Historical,55787,0,0,D,4,1,129976,75.95,2006,72,39.78,28.49
22591,Historical,55786,0,0,D,3,1,1178893,54.95,2002,40,39.78,10
22592,Historical,60575,1,1,D,8,1,2458877,164.2,2006,36,43.51,23.24
22593,Historical,133145,0,0,D,9,1,857546,148.2,2009,31,43.51,9.99
22594,Historical,137694,0,0,D,4,1,1438097,113.95,2001,26,33.03,98.78
22595,Historical,60576,0,0,D,4,1,857686,136,2003,43,65.19,53.33
22596,Historical,145191,0,0,D,5,1,234561,210,2007,40,65.19,76.82
22597,Historical,54334,1,3,D,5,1,156102,12.96,2009,291,83.95,10.49
22598,Historical,533506,1,2,D,6,1,43178,142.75,2012,237,83.95,16.49
22599,Historical,115797,0,0,D,1,0,226859,78.67,2006,54,71.98,17.98
22600,Historical,51218,0,0,D,7,1,169596,223.95,2011,55,101.32,116.09
22601,Historical,51216,0,0,D,5,1,528915,148.95,2005,36,101.32,8.38
22602,Historical,51217,0,0,D,6,1,553107,246.95,2008,32,101.32,32.88
22603,Historical,114169,0,0,D,0,0,755007,94,2000,26,14.79,14.87
22604,Historical,899408,1,1,D,0,0,2861346,4.41,2007,10,92.98,5.54
22605,Historical,127096,0,0,D,1,0,327209,69.95,2008,26,0,0
22606,Historical,669666,0,0,D,0,0,651611,61,2010,24,103,30.02
22607,Historical,737187,0,0,D,0,0,3041501,55,2004,20,16.44,44.71
22608,Historical,270090,0,0,D,2,1,578060,195,2010,19,103,10.12
22609,Historical,579125,0,0,D,1,0,4990819,58.95,2003,24,178.69,46.87
22610,Historical,56828,0,0,D,7,1,3152310,73.33,2002,53,52.23,15.6
22611,Historical,118042,0,0,D,1,0,44062,103.95,2008,73,69.79,42.1
22612,Historical,56830,0,0,D,9,1,320762,121,2008,76,52.23,32.87
22613,Historical,56829,0,0,D,8,1,1550978,97.8,2005,55,52.23,11.51
22614,Historical,115731,1,5,D,2,1,312167,101.33,2005,82,86.35,18.98
22615,Historical,598846,0,0,D,1,0,3354452,85,2005,17,162.11,51.13
22616,Historical,143210,1,4,D,5,1,454872,225,2008,24,170.73,83.99
22617,Historical,110590,0,0,D,10,1,73011,61.94,2011,59,161.7,83.99
22618,Historical,110101,1,1,D,9,1,221924,15.99,2008,92,161.7,16.98
22619,Historical,60577,0,0,D,8,1,1592433,12.89,2006,52,161.7,12.89
22620,Historical,1540743,0,0,D,7,1,6235079,65.95,2008,35,65.46,22.96
22621,Historical,120242,0,0,D,3,1,164124,178.4,2011,54,10.55,83.31
22622,Historical,132390,1,2,D,2,1,1059211,137.33,2007,49,10.55,43.26
22623,Historical,200597,0,0,D,2,1,680797,163.95,2005,35,41.92,8.99
22624,Historical,53298,0,0,D,10,1,241517,63.07,2008,66,220.89,53.96
22625,Historical,550252,1,1,D,9,1,3326145,14.98,2006,14,220.89,14.98
22626,Historical,53297,1,1,D,9,1,170804,42.99,2005,62,220.89,41.01
22627,Historical,148757,0,0,D,17,1,286444,266.95,2010,62,103.98,122.47
22628,Historical,544312,1,1,D,18,1,50044,242.95,2013,60,103.98,86.01
22629,Historical,436002,0,0,D,16,1,835822,174.95,2007,76,103.98,14
22630,Historical,832196,1,1,D,3,1,2968645,79.95,2003,29,68.34,47.06
22631,Historical,197765,1,2,D,4,1,827390,92.25,2010,53,68.34,38.86
22632,Historical,278570,0,0,D,2,1,1781538,46.95,2005,24,42.71,14.98
22633,Historical,127277,0,0,D,2,1,416725,59.95,2005,31,42.71,36.52
22634,Historical,555710,0,0,D,0,0,1551004,59.95,2008,43,40.99,17.12
22635,Historical,610317,0,0,D,3,1,46359,64.95,2013,66,40.99,33.98
22636,Historical,245063,0,0,D,4,1,1763913,203.95,2003,97,15.68,4.98
22637,Historical,1703107,0,0,D,0,0,2797805,55,2006,24,29.59,16.48
22638,Historical,143197,0,0,D,10,1,1667504,149,2007,61,126.21,28.94
22639,Historical,142864,0,0,D,5,1,4078277,180.95,1998,26,12.4,28.84
22640,Historical,143324,1,1,D,11,1,203619,225,2010,100,126.21,73.62
22641,Historical,143643,1,1,D,11,1,444468,58,2010,47,126.21,38.99
22642,Historical,737530,0,0,D,2,1,4464864,150,2006,31,51.06,12.23
22643,Historical,545251,0,0,D,2,1,423720,231.95,2011,44,100.13,46.56
22644,Historical,253852,0,0,D,5,1,304592,182.95,2009,44,47.36,44.79
22645,Historical,249769,0,0,D,4,1,814731,242.95,2006,37,47.36,10.49
22646,Historical,58225,1,1,D,6,1,640137,142,2008,87,93.59,33.14
22647,Historical,592757,0,0,D,6,1,4827771,18.98,2007,14,78.94,18.98
22648,Historical,738287,0,0,D,6,1,2509106,85,2002,20,49.72,28.98
22649,Historical,193437,0,0,D,4,1,819107,143,2008,25,81.15,17.08
22650,Historical,193636,0,0,D,2,1,2006836,84,2008,20,34.49,43.84
22651,Historical,142993,0,0,D,5,1,2319112,78,2004,21,60.88,57.11
22652,Historical,260026,1,1,D,6,1,128739,129,2011,39,104.36,33.99
22653,Historical,193226,1,1,D,3,1,737026,205,2011,40,87.02,28.49
22654,Historical,870573,0,0,D,2,1,2278593,145,2008,21,87.02,13.54
22655,Historical,546756,1,1,D,3,1,297831,107,2011,103,69.7,6.8
22656,Historical,612702,0,0,D,4,1,31083,116,2013,70,69.7,31.72
22657,Historical,60926,0,0,D,11,1,3618925,119,2004,21,51.98,31.94
22658,Historical,505035,0,0,D,12,1,1973376,158,2008,19,51.98,6.59
22659,Historical,574802,0,0,D,2,1,1151375,200,2010,41,103.99,15.61
22660,Historical,133462,0,0,D,8,1,1084736,126,2011,41,34.23,42.18
22661,Historical,287640,0,0,D,8,1,617504,115,2010,34,34.23,29
22662,Historical,143272,0,0,D,4,1,206310,43,2009,46,17.66,40.07
22663,Historical,632440,0,0,D,6,1,1120212,115,2005,13,0,0
22664,Historical,639872,0,0,D,2,1,96393,114.95,2012,36,17.74,19.98
22665,Historical,193683,1,2,D,0,0,1677943,72.95,2009,23,17.74,13.99
22666,Historical,1586065,0,0,D,1,0,3915875,140,2009,15,49.67,60.69
22667,Historical,328170,1,1,D,3,1,1181132,177,2007,24,75.14,56.75
22668,Historical,904723,0,0,D,1,0,2885641,103,2000,15,0,103
22669,Historical,574811,0,0,D,2,1,266017,103,2010,36,12.29,73.98
22670,Historical,574691,0,0,D,0,0,1027969,70,2006,18,12.29,148.05
22671,Historical,868634,0,0,D,3,1,11115784,0,1994,10,53.99,33.89
22672,Historical,143394,0,0,D,2,1,487675,74,2004,34,40.29,41.81
22673,Historical,288468,1,1,D,0,0,3346358,36,2001,30,40.29,6.69
22674,Historical,2470970,0,0,D,1,0,3773096,23,1994,19,16.65,11.44
22675,Historical,287634,1,1,D,4,1,388616,54.67,2010,137,39.05,18.84
22676,Historical,133160,0,0,D,4,1,384558,57.33,2010,64,39.05,28.99
22677,Historical,868213,0,0,D,4,1,1766028,64,2010,15,46.27,23.04
22678,Historical,859900,0,0,D,3,1,668252,42,2009,63,46.27,11.9
22680,Historical,528651,1,2,D,5,1,26764,283.95,2012,57,163.79,88.99
22681,Historical,533732,0,0,D,7,1,42452,267.95,2012,156,177.48,50.65
22682,Historical,114835,0,0,D,3,1,822783,57.95,2002,34,24.41,41.69
22683,Historical,372095,0,0,D,1,0,1763007,121.95,2004,19,92.6,36.06
22684,Historical,583577,0,0,D,3,1,649625,98.95,2010,30,57.76,40.09
22685,Historical,616509,0,0,D,2,1,1980613,93.95,2002,28,57.76,45.65
22686,Historical,60579,0,0,D,3,1,885353,54.95,2005,83,44.07,7.96
22687,Historical,249217,0,0,D,4,1,340288,71.95,2009,129,44.07,7.99
22688,Historical,51700,1,1,D,5,1,585432,283.95,2006,84,177.48,12.99
22689,Historical,51698,0,0,D,6,1,610395,267.95,2009,122,177.48,29.99
22690,Historical,148372,0,0,D,3,1,262262,343.95,2006,33,163.79,39.49
22691,Historical,262746,0,0,D,5,1,191247,39.95,2008,50,40.23,63.98
22692,Historical,613044,0,0,D,4,1,276437,73.95,2006,160,26.97,7.38
22693,Historical,592126,0,0,D,5,1,81242,96,2009,112,26.97,53.94
22694,Historical,562102,1,1,D,4,1,544038,311.95,2009,45,163.79,49.88
22695,Historical,800658,0,0,D,1,0,2299093,74,2007,13,44.19,45.99
22696,Historical,538462,0,0,D,3,1,384554,50.66,2009,36,95.96,50.63
22697,Historical,550510,1,1,D,2,1,2275002,6.48,2007,35,95.96,6.48
22698,Historical,2256112,0,0,D,2,1,6124725,0,2007,20,0,32.62
22699,Historical,114039,0,0,D,0,0,1995815,70.2,2003,23,29.72,6.94
22700,Historical,576730,1,7,D,1,0,575616,120.95,2010,49,35.99,55.89
22701,Historical,915835,0,0,D,0,0,1838484,85,2000,36,55.14,33.59
22702,Historical,917703,0,0,D,2,1,1781085,44.95,2001,26,28.66,8.38
22703,Historical,594684,1,1,D,1,0,148746,86.95,2012,88,54.59,28.99
22704,Historical,114216,0,0,D,5,1,1337451,121.4,2001,61,102.49,13.14
22705,Historical,118904,0,0,D,7,1,347646,174.4,2009,48,102.49,28.99
22706,Historical,116858,0,0,D,6,1,370933,144,2005,101,102.49,14.94
22707,Historical,53409,0,0,D,6,1,34244,15.96,2008,64,135.91,29.35
22708,Historical,54551,0,0,D,7,1,45058,71.99,2011,247,34.99,14.94
22709,Historical,874728,0,0,D,7,1,983859,0,2012,61,34.99,28.99
22710,Historical,54552,0,0,D,6,1,687354,61.95,2008,167,34.99,8.36
22711,Historical,205848,0,0,D,1,0,354729,40,2002,27,29.99,10.58
22712,Historical,652275,0,0,D,5,1,73493,76.95,2013,118,48.98,23.94
22713,Historical,147640,1,2,D,5,1,73329,73.95,2010,243,48.98,13.99
22714,Historical,147341,0,0,D,4,1,661372,60.95,2006,167,48.98,4.8
22715,Historical,600114,0,0,D,0,0,1095879,63,2007,31,114.68,38.99
22716,Historical,600166,1,1,D,0,0,635160,91,2011,25,6.03,48.99
22717,Historical,600155,0,0,D,0,0,914120,83,2010,49,114.68,22.9
22718,Historical,918130,0,0,D,2,1,1402441,41.95,2006,42,72.53,7.92
22719,Historical,247793,0,0,D,2,1,146457,104,2009,60,86.05,150.81
22720,Historical,902235,0,0,D,1,0,919887,43.95,2009,29,40.98,43.31
22721,Historical,872123,0,0,D,1,0,801574,24.95,2000,28,78.99,69.28
22722,Historical,916170,0,0,D,1,0,786065,51.95,2008,34,29.99,52.27
22723,Historical,2865050,1,1,D,1,0,1115435,65,2001,24,55.4,27.99
22724,Historical,662979,0,0,D,0,0,733976,70,2007,22,0,0
22725,Historical,616748,0,0,D,2,1,52151,47.95,2007,38,18.51,28.98
22726,Historical,870641,0,0,D,0,0,835952,30,2002,46,18.51,51.29
22727,Historical,1739761,0,0,D,2,1,739735,73.51,2006,24,49.57,52.61
22728,Historical,308082,0,0,D,1,0,766262,42,2006,24,17.24,14.55
22729,Historical,742227,0,0,D,1,0,2793432,59.99,2009,12,58.09,16.73
22730,Historical,909070,0,0,D,0,0,1382021,71,2003,19,0,7.99
22731,Historical,2095752,0,0,D,1,0,475891,44.99,2011,73,27.92,28.61
22732,Historical,622002,1,1,D,0,0,196446,84,2008,32,58.99,29.99
22733,Historical,2250158,0,0,D,3,1,4192558,40.67,2007,42,0,78.73
22734,Historical,60581,0,0,D,2,1,2220457,89.8,2003,37,97.62,30.49
22735,Historical,2385693,1,6,D,3,1,2473843,50,1992,16,113.94,72.33
22736,Historical,57654,0,0,D,5,1,207166,57.95,2008,80,34.58,47.99
22737,Historical,57653,1,2,D,4,1,251164,53.95,2007,34,34.58,73.37
22738,Historical,57655,1,2,D,6,1,14250,59.8,2010,65,34.58,56.61
22739,Historical,113536,0,0,D,2,1,6865284,59.95,1998,22,23.94,18.96
22740,Historical,285737,0,0,D,3,1,3014050,106,2004,21,23.94,19.99
22741,Historical,193410,1,1,D,2,1,5311983,89.95,2004,20,58.98,31.76
22742,Historical,534353,1,6,D,1,0,103833,58,1992,86,59.95,40.95
22743,Historical,873383,0,0,D,3,1,2489225,38.95,1994,23,18.96,12.47
22744,Historical,827479,0,0,D,4,1,516501,42.95,2002,29,18.96,38.2
22745,Historical,117984,0,0,D,6,1,79077,177.4,2005,63,93.99,38.47
22746,Historical,231533,0,0,D,1,0,227785,104.95,2006,23,0,0
22747,Historical,55098,1,1,D,6,1,107674,272.95,2008,68,131.73,59.16
22748,Historical,114283,0,0,D,5,1,1061885,106.6,2001,48,93.99,31.99
22749,Historical,60582,1,1,D,5,1,1531573,155.95,2005,40,131.73,29.49
22750,Historical,113686,0,0,D,4,1,3063989,87,2000,22,107.49,10.02
22751,Historical,285949,0,0,D,5,1,1110822,117.33,2004,38,107.49,8.01
22752,Historical,192082,1,1,D,1,0,86864,36.98,2007,65,107.33,51.99
22753,Historical,288595,1,1,D,3,1,185011,116.2,2005,42,84.91,27.73
22754,Historical,132222,0,0,D,5,1,669959,133.6,2006,102,120.93,18.87
22755,Historical,158314,1,1,D,1,0,529237,60.95,2009,27,49.35,77.89
22756,Historical,592163,0,0,D,6,1,816627,110,2011,45,60.99,21
22757,Historical,614704,0,0,D,5,1,1923979,90,2008,33,60.99,21.98
22758,Historical,625610,1,2,D,1,0,912326,205,2013,58,0,0
22759,Historical,2663500,0,0,D,0,0,3895781,39.95,1991,16,37.62,23.62
22760,Historical,792787,0,0,D,0,0,5372473,155,1998,11,40.42,72.69
22761,Historical,792788,0,0,D,1,0,2434680,45.95,1998,20,40.42,12.04
22762,Historical,322517,0,0,D,2,1,3072149,100,1998,23,19.14,25.26
22763,Historical,256263,0,0,D,1,0,3294435,49.95,2001,30,55.33,13.61
22764,Historical,243903,0,0,D,12,1,300112,253.95,2011,49,180.41,178.39
22765,Historical,183689,1,1,D,11,1,483033,267.95,2008,65,180.41,18.97
22766,Historical,572100,0,0,D,10,1,1201538,159.95,2005,56,180.41,17.91
22767,Historical,556999,0,0,D,0,0,865444,77.75,1996,23,19.14,33.96
22768,Historical,143253,1,1,D,1,0,1067580,176,2008,68,156.99,10.61
22769,Historical,143544,0,0,D,2,1,160142,215,2011,98,156.99,63.05
22770,Historical,2801808,0,0,D,2,1,3358191,85,1996,24,37.74,51.33
22771,Historical,278245,0,0,D,0,0,2987520,45.99,2001,22,40.74,5.98
22772,Historical,142980,0,0,D,2,1,225455,101,2007,51,28.39,38.99
22773,Historical,116529,1,2,D,3,1,431006,65,2004,22,29.53,22.98
22774,Historical,484004,0,0,D,2,1,2446587,54.6,1997,18,29.53,59.07
22775,Historical,269449,0,0,D,4,1,717522,77.95,2006,14,0,0
22776,Historical,1615763,1,1,D,1,0,683482,39.99,2009,94,23.2,11.99
22777,Historical,623820,0,0,D,2,1,288317,39.99,2012,52,23.2,9.86
22778,Historical,619802,1,3,D,1,0,63044,53.95,2008,79,75.68,33.99
22779,Historical,528634,0,0,D,4,1,542803,54.99,2009,64,35.64,39.19
22780,Historical,435248,0,0,D,2,1,63589,64.95,2011,36,47.36,29.98
22781,Historical,60583,0,0,D,2,1,2933120,102.95,1999,28,38.63,14.5
22782,Historical,55097,0,0,D,4,1,143903,86.4,2008,67,60.5,53.68
22783,Historical,55096,1,2,D,3,1,193795,72,2004,60,60.5,23.98
22784,Historical,162900,0,0,D,3,1,364042,41.01,2010,111,46.37,40.66
22785,Historical,553026,0,0,D,5,1,130172,136.53,2007,51,101.94,37.34
22786,Historical,914343,1,1,D,4,1,1256936,117.33,2003,61,101.94,13.93
22787,Historical,257504,0,0,D,1,0,1191529,38.95,2002,29,36.62,38.95
22788,Historical,870254,0,0,D,2,1,1682830,88.93,2008,41,26.99,32.32
22789,Historical,871116,0,0,D,0,0,1868557,62,2005,57,26.99,8.31
22790,Historical,552794,0,0,D,2,1,569934,93,2008,79,26.99,22.07
22791,Historical,111894,0,0,D,9,1,289949,33.73,2011,56,125.87,28.4
22792,Historical,110125,0,0,D,8,1,493343,21.98,2008,57,125.87,15
22793,Historical,908644,0,0,D,0,0,3002199,47.5,1991,24,29,57.03
22795,Historical,554079,0,0,D,3,1,1059564,33.2,2008,67,27.66,17.99
22796,Historical,56879,1,1,D,1,0,2756075,34.95,2001,52,16.99,4.85
22797,Historical,56880,0,0,D,2,1,1943774,39.95,2003,58,16.99,6.99
22798,Historical,57352,0,0,D,2,1,186865,95.4,1999,70,33.99,44.56
22799,Historical,56881,0,0,D,3,1,173922,44.99,2007,228,16.99,10.43
22800,Historical,727305,1,1,D,1,0,3012580,54,1999,16,91.99,50.12
22801,Historical,248455,0,0,D,10,1,525118,102.95,2008,62,61.99,43.49
22802,Historical,251952,0,0,D,10,1,934429,104.95,2009,40,61.99,22.66
22803,Historical,918336,0,0,D,7,1,478864,63.95,2011,41,30,50.99
22804,Historical,1463645,0,0,D,0,0,1126950,47.44,2006,58,0,21.99
22805,Historical,1463561,0,0,D,0,0,1360839,38.38,2006,70,0,7.98
22806,Historical,252761,0,0,D,0,0,1406261,19.59,2009,28,0,11.41
22807,Historical,1657015,0,0,D,5,1,444665,59.21,2006,16,61.82,23.57
22808,Historical,110408,0,0,D,4,1,651996,29.78,2007,37,0,16.49
22809,Historical,3468257,0,0,D,3,1,2171668,0,2003,34,0,8.99
22810,Historical,204148,1,3,D,7,1,491992,68.99,2009,190,48.11,10.6
22811,Historical,877494,0,0,D,7,1,2964164,19.81,2008,44,48.11,14.09
22812,Historical,60584,0,0,D,6,1,2249907,56.95,2005,64,48.11,8.99
22813,Historical,658368,0,0,D,3,1,321285,49.98,2011,29,40.94,45.4
22814,Historical,863758,0,0,D,1,0,2230022,73.95,2009,25,40.94,23.99
22815,Historical,3547008,0,0,D,3,1,14113394,34.95,1991,5,0,0
22816,Historical,613536,0,0,D,4,1,587228,191.95,2008,65,58.05,40.95
22817,Historical,802301,1,1,D,3,1,2409276,202.95,2005,52,58.05,14.88
22818,Historical,868099,0,0,D,1,0,1766754,60.8,1995,48,98.46,15
22819,Historical,202406,0,0,D,2,1,3664438,105.95,2002,31,53.18,8.98
22820,Historical,249964,0,0,D,3,1,930613,165.95,2008,31,53.18,43.99
22821,Historical,587505,0,0,D,3,1,2248736,228.95,2009,24,131.61,114.25
22822,Historical,253916,1,1,D,3,1,237222,228.95,2009,134,131.61,33.45
22823,Historical,200458,1,2,D,1,0,260327,152.95,2008,98,62,33.99
22824,Historical,200481,0,0,D,2,1,235168,104.95,2009,103,63.58,12.94
22825,Historical,200013,0,0,D,1,0,2270648,63.95,2005,50,63.58,12.94
22826,Historical,545631,0,0,D,3,1,55542,122.95,2012,99,63.58,34.95
22827,Historical,248792,1,1,D,2,1,190120,63.95,2008,65,17.5,20.94
22828,Historical,117282,1,1,D,4,1,1391655,72.2,2005,71,49.48,5.16
22829,Historical,120164,0,0,D,5,1,208419,82.4,2009,76,49.48,40.99
22830,Historical,110589,1,3,D,16,1,21756,144.54,2012,96,198.24,53.99
22831,Historical,169710,0,0,D,8,1,640625,392.95,2008,34,57.99,73.99
22832,Historical,199999,0,0,D,2,1,837412,203.95,2004,59,70.96,14.98
22833,Historical,874719,1,1,D,10,1,2288603,16.23,2006,70,78.99,11.33
22834,Historical,642206,1,2,D,11,1,47589,140.95,2012,44,78.99,75.74
22835,Historical,200178,0,0,D,10,1,230542,171.95,2006,168,78.99,8.97
22836,Historical,528619,0,0,D,11,1,21234,123.95,2011,94,78.99,39.97
22837,Historical,528618,1,1,D,2,1,546331,103.95,2011,47,71.2,72.63
22838,Historical,245151,1,1,D,1,0,683215,74.95,2006,24,71.2,58.39
22839,Historical,288418,0,0,D,4,1,882474,201,2006,50,216.48,67.99
22840,Historical,737219,0,0,D,0,0,5343801,48,2003,19,0,0
22841,Historical,544307,1,1,D,5,1,24385,369.95,2012,109,72.37,73.11
22842,Historical,51221,1,4,D,4,1,260010,406.95,2010,92,72.37,135.25
22843,Historical,51220,0,0,D,3,1,1550649,398.95,2007,69,72.37,8.81
22844,Historical,178641,1,3,D,8,1,34340,350.95,2011,165,85.32,45.29
22845,Historical,871961,0,0,D,0,0,2292481,174.2,2004,29,72.35,153.79
22846,Historical,119253,1,2,D,6,1,80591,266.67,2011,116,125.84,13.42
22847,Historical,52051,1,6,D,11,1,32555,375.95,2011,117,167.98,50
22848,Historical,533778,0,0,D,7,1,14894,159.6,2012,68,17.78,63.88
22849,Historical,51213,0,0,D,5,1,907548,180,2006,60,17.78,13.5
22850,Historical,51214,1,1,D,6,1,205620,132.6,2009,83,17.78,5.14
22851,Historical,148629,1,4,D,7,1,491167,385.95,2008,142,85.32,13.65
22852,Historical,120700,0,0,D,5,1,1087788,210,2008,68,125.84,12.85
22853,Historical,745570,0,0,D,6,1,5536320,0,2010,17,181.35,97.07
22854,Historical,265956,0,0,D,1,0,649182,45,2005,30,124.47,40.36
22855,Historical,298677,0,0,D,2,1,1351467,154.95,2008,42,51.94,58.29
22856,Historical,220380,1,3,D,3,1,702180,113,2007,86,119.5,17.96
22857,Historical,593995,1,1,D,9,1,799332,35.95,2010,21,37.95,52
22858,Historical,631700,1,1,D,8,1,1524443,32.95,2008,16,37.95,81.91
22859,Historical,832476,0,0,D,0,0,1785919,0,2008,17,29.19,15
22860,Historical,200632,1,1,D,1,0,584889,99.95,2010,47,60.19,17.97
22861,Historical,778498,0,0,D,1,0,2779156,175.95,2006,15,48.99,74.34
22862,Historical,299547,1,3,D,3,1,847252,33.98,2007,14,0,0
22863,Historical,193685,1,1,D,6,1,351600,96,2011,30,90.74,19.95
22864,Historical,193440,0,0,D,5,1,912641,72,2006,50,90.74,19.97
22865,Historical,265940,0,0,D,0,0,4330127,99,2005,11,75.49,62.65
22866,Historical,600120,0,0,D,2,1,1849563,187,2008,24,75.49,18.99
22867,Historical,868231,0,0,D,0,0,1240075,52,2001,39,42.15,21.94
22868,Historical,3066268,1,1,D,1,0,345022,79.95,1997,43,176.1,16.49
22869,Historical,623650,0,0,D,2,1,653894,125.95,2002,40,176.1,37.62
22870,Historical,143050,0,0,D,5,1,1145910,201,2008,29,146.58,41.51
22871,Historical,203712,0,0,D,1,0,1990720,61.99,2004,27,18.99,16.19
22872,Historical,142976,0,0,D,1,0,5405192,119,2005,14,6.97,8.35
22873,Historical,528612,0,0,D,2,1,5028098,131,2007,18,6.97,26.94
22874,Historical,193650,1,3,D,6,1,511833,75,2009,122,36.93,9.49
22875,Historical,293195,0,0,D,5,1,622139,71,2005,89,36.93,4.15
22876,Historical,220367,1,6,D,2,1,1171325,18.49,2006,53,38.61,13.99
22877,Historical,545030,0,0,D,16,1,255302,49.99,2012,34,34.77,54.78
22878,Historical,120233,0,0,D,4,1,306075,153.4,2011,79,108.37,19.99
22879,Historical,2257302,0,0,D,0,0,2683330,64.35,2011,48,0,40.28
22880,Historical,528611,1,4,D,2,1,650899,172.95,2009,57,78.13,67.43
22881,Historical,286076,1,1,D,3,1,1473476,159.6,2008,58,108.37,9.69
22882,Historical,202395,1,2,D,1,0,1956551,172.95,2004,49,78.13,19.53
22883,Historical,574809,1,1,D,6,1,334999,139.95,2011,57,101.03,28.98
22884,Historical,55216,1,3,D,5,1,515080,111.95,2008,60,101.03,17.15
22885,Historical,55215,1,1,D,4,1,172911,91.95,2005,87,101.03,31.13
22886,Historical,574668,1,4,D,6,1,49766,149.95,2011,52,191.48,15.9
22887,Historical,248511,0,0,D,15,1,414175,49.99,2009,23,0,0
22888,Historical,619000,0,0,D,0,0,838245,67.95,2007,28,54.62,13.99
22889,Historical,193696,1,1,D,2,1,270240,113.95,2010,45,54.62,25.67
22890,Historical,598819,0,0,D,8,1,2711080,60,2002,31,0,0
22891,Historical,3048479,0,0,D,7,1,3357167,45.3,1998,17,0,4.46
22892,Historical,592264,0,0,D,14,1,669336,39.99,2007,35,34.77,16.49
22893,Historical,58485,0,0,D,2,1,852543,101.4,2008,36,82.51,57.39
22894,Historical,2253179,0,0,D,5,1,2428200,60.22,2007,65,93.35,33.49
22895,Historical,534115,0,0,D,5,1,830343,151.4,2007,32,93.35,10.49
22896,Historical,202314,0,0,D,2,1,1397767,142.95,2001,16,174.49,10.84
22897,Historical,249855,0,0,D,3,1,1344278,255.95,2007,23,174.49,64.44
22898,Historical,193733,1,2,D,3,1,416152,92,2011,168,48.98,10.12
22899,Historical,193528,0,0,D,2,1,411783,68,2007,114,48.98,7.48
22900,Historical,617146,0,0,D,5,1,1404203,96,2010,65,68.18,7.32
22901,Historical,193463,0,0,D,4,1,1477716,73,2006,50,27.95,37.13
22902,Historical,613219,0,0,D,2,1,45683,92,2011,112,80.99,11.94
22903,Historical,1633440,1,1,D,0,0,1207138,64,2008,64,0,9.94
22904,Historical,193687,1,2,D,5,1,1409716,43,2010,29,89.98,19.99
22905,Historical,193448,0,0,D,4,1,1443385,85,2006,46,89.98,23.94
22906,Historical,617960,0,0,D,5,1,416189,96,2010,96,27.95,23.91
22907,Historical,3822334,0,0,D,0,0,2978018,0,2000,20,0,38.92
22908,Historical,300405,0,0,D,1,0,116867,191,2010,49,61.99,85.11
22909,Historical,143156,0,0,D,4,1,304943,220,2007,102,21.1,74.37
22910,Historical,52650,0,0,D,7,1,175861,96.95,2009,397,73.28,14.85
22911,Historical,499561,0,0,D,8,1,11093,115,2012,353,73.28,27.44
22912,Historical,52649,0,0,D,6,1,991490,89.95,2006,242,73.28,8.99
22913,Historical,50588,1,2,D,5,1,10164,66.53,2008,192,131.92,53.99
22914,Historical,50585,1,3,D,4,1,40476,43.87,2004,240,131.92,25.77
22916,Historical,57541,0,0,D,12,1,28804,34.84,2010,94,93.98,35.21
22917,Historical,57540,1,1,D,11,1,362378,30.6,2006,87,93.98,18.97
22918,Historical,540550,0,0,D,6,1,1241662,57.2,2008,13,72.69,61.94
22919,Historical,2431534,0,0,D,4,1,2739675,36.6,2001,14,72.69,60.71
22920,Historical,242507,0,0,D,1,0,1414865,499.95,2001,21,65.86,67.47
22921,Historical,907860,1,1,D,0,0,687857,0,2002,60,73.49,26.5
22922,Historical,296132,0,0,D,0,0,714531,39.95,2003,26,32.4,52.25
22923,Historical,3198056,0,0,D,5,1,3531792,17.95,2004,8,18.98,27.32
22924,Historical,709957,0,0,D,4,1,4830941,46,1999,18,92.24,6.97
22925,Historical,551508,0,0,D,1,0,319780,52.95,2007,77,22.51,8.89
22926,Historical,920574,0,0,D,2,1,4211237,65,2002,33,33.94,5.98
22927,Historical,607323,1,1,D,3,1,960562,88,2005,49,33.94,19.98
22928,Historical,553014,0,0,D,4,1,298025,120.6,2008,23,33.94,31.87
22929,Historical,203520,0,0,D,9,1,2765755,285,2004,21,188.89,73.24
22930,Historical,528598,0,0,D,10,1,916489,379.99,2008,16,188.89,13.23
22931,Historical,619358,0,0,D,2,1,616178,225.95,2010,44,75.99,27.99
22932,Historical,619373,0,0,D,10,1,212635,227.95,2009,31,62.4,29.98
22933,Historical,54361,0,0,D,6,1,511879,249.95,2011,50,48.66,43.38
22934,Historical,54360,0,0,D,5,1,1014855,263.95,2007,37,48.66,502.12
22935,Historical,297888,0,0,D,6,1,1188747,96.95,2011,71,109.07,58.47
22936,Historical,290879,0,0,D,4,1,143863,224.95,2006,21,105.09,127.23
22937,Historical,169108,0,0,D,4,1,2026834,30.95,2005,33,105.09,53.75
22938,Historical,244191,1,2,D,6,1,203852,76.95,2011,92,53.98,46.99
22939,Historical,54359,0,0,D,5,1,441069,154.95,2010,49,53.98,67.13
22940,Historical,169708,0,0,D,5,1,662033,81.95,2007,82,53.98,13.99
22941,Historical,54356,1,1,D,5,1,495499,81.95,2007,92,73.42,13.98
22942,Historical,170217,0,0,D,6,1,645285,249.95,2011,31,73.42,87.69
22943,Historical,169523,0,0,D,5,1,1132319,274.95,2007,60,73.42,38.99
22944,Historical,567411,0,0,D,4,1,2964990,111.95,2006,31,27.93,21.99
22945,Historical,170133,1,1,D,5,1,666732,154.95,2010,22,27.93,46.98
22946,Historical,2040353,0,0,D,0,0,800440,45,2007,23,49.5,43.25
22947,Historical,258059,0,0,D,3,1,6480413,45,1995,12,0,32.71
22948,Historical,868462,1,1,D,5,1,1475886,40,2008,33,40.59,40.59
22949,Historical,642318,0,0,D,2,1,200575,193,2011,33,115.98,42.99
22950,Historical,627115,0,0,D,0,0,2028740,135,2008,15,115.98,83.09
22951,Historical,897659,1,1,D,2,1,3390296,41,2009,18,21.68,42.45
22952,Historical,152381,0,0,D,2,1,1118273,64.95,2004,21,50.25,64.73
22953,Historical,621219,0,0,D,5,1,3063911,31,1996,22,23.98,54.53
22954,Historical,631230,0,0,D,6,1,1619518,59.65,1999,38,23.98,26.98
22955,Historical,696911,0,0,D,4,1,8837843,0,2002,25,61.92,71.17
22956,Historical,1884834,0,0,D,9,1,412108,92.5,2009,62,184.54,9.15
22957,Historical,611903,0,0,D,14,1,1252972,150,2013,27,88.12,124.8
22958,Historical,2419248,0,0,D,1,0,3233263,13.94,2002,18,45.98,13.94
22959,Historical,140689,0,0,D,0,0,1139214,89.99,2000,15,0,54.53
22961,Historical,1856799,0,0,D,0,0,940104,79.99,2013,10,0,52.43
22962,Historical,1856773,0,0,D,0,0,2004920,69.99,2012,17,52.75,49.49
22963,Historical,248682,0,0,D,2,1,2399338,89.99,2004,15,0,159.69
22964,Historical,248700,0,0,D,2,1,3380011,54.99,2005,20,54.82,126.98
22965,Historical,596453,0,0,D,4,1,578098,79.95,2006,67,64.59,12.94
22966,Historical,534409,0,0,D,5,1,508272,0,2003,56,61.92,18.8
22967,Historical,200153,1,1,D,1,0,1995076,160.95,2008,33,54.95,22.99
22968,Historical,254376,0,0,D,2,1,65915,75,2010,38,20.25,45.8
22969,Historical,132260,0,0,D,5,1,490381,82.8,2006,20,43.58,59.99
22970,Historical,131552,0,0,D,4,1,576476,53.8,2002,36,43.58,14.39
22971,Historical,146347,1,5,D,3,1,21710,163,2011,96,83.99,98.69
22972,Historical,212575,1,3,D,0,0,556984,102.4,2002,45,83.99,8
22973,Historical,135036,0,0,D,2,1,2335465,105,1996,43,64.56,12.75
22974,Historical,55564,0,0,D,3,1,109823,161.6,2009,128,130.94,38.86
22975,Historical,621582,1,1,D,2,1,13726,236.8,2013,98,103.78,51.51
22976,Historical,661512,0,0,D,1,0,1882990,188.47,2011,14,103.78,675
22977,Historical,557573,1,5,D,1,0,34225,181.8,2010,114,103.78,19.95
22978,Historical,60587,0,0,D,4,1,945935,77,2005,56,62.85,27.99
22979,Historical,528582,1,3,D,5,1,35930,99,2008,94,62.85,27.98
22980,Historical,53884,1,1,D,9,1,35896,20.24,2009,230,133,28.99
22981,Historical,593568,1,2,D,9,1,659966,45.25,2009,82,133,10.95
22982,Historical,53882,0,0,D,8,1,651747,15.99,2006,169,133,19.97
22983,Historical,252764,0,0,D,9,1,2240494,13.99,2010,30,133,42.28
22984,Historical,53881,1,2,D,9,1,176338,31.98,2009,75,72.38,23.99
22985,Historical,53880,0,0,D,8,1,2355538,13.98,2006,61,72.38,13.99
22986,Historical,252734,1,1,D,9,1,340827,92.5,2009,78,62.99,9.23
22987,Historical,293073,0,0,D,8,1,1840694,12.29,2006,62,62.99,10.51
22988,Historical,1660331,0,0,D,0,0,3156275,100.34,2006,17,38.88,91.41
22989,Historical,698070,0,0,D,10,1,8790987,0,2005,13,31.99,44
22990,Historical,699017,0,0,D,12,1,2409778,26.99,2008,21,31.99,9.99
22991,Historical,53672,1,3,D,13,1,20775,39.99,2010,151,144.94,33.99
22992,Historical,1482761,0,0,D,1,0,989312,0,2010,14,196.87,60.66
22993,Historical,52183,1,1,D,5,1,423388,167.6,2008,125,83.99,24.86
22994,Historical,53671,1,9,D,12,1,135909,38.98,2008,213,144.94,38.64
22995,Historical,53668,0,0,D,10,1,2500431,108.65,2005,104,144.94,10.94
22996,Historical,532075,1,5,D,7,1,622910,184.95,2011,29,136.49,72.91
22997,Historical,54382,0,0,D,6,1,470010,307.95,2008,209,136.49,13.67
22998,Historical,644797,0,0,D,1,0,1620327,80,2007,15,146.57,61.82
22999,Historical,2683691,1,2,D,0,0,1680851,69,2005,41,50.96,26.24
23000,Historical,694681,0,0,D,1,0,752612,101.05,2007,64,8.09,51.91
23001,Historical,56462,1,2,D,11,1,688997,140.95,2010,76,68.94,19.99
23002,Historical,612095,1,4,D,13,1,25682,128.95,2014,64,68.94,71.32
23003,Historical,533360,1,3,D,12,1,100958,128.95,2012,85,68.94,28.99
23004,Historical,2601042,0,0,D,2,1,3356206,95,1994,22,77.44,73.71
23005,Historical,620833,0,0,D,3,1,303092,41.95,2007,67,35.52,21.37
23006,Historical,905590,0,0,D,1,0,2040207,53.95,1996,23,68.85,47.09
23007,Historical,178113,0,0,D,2,1,1065141,151.95,2004,31,68.85,109.95
23008,Historical,262882,0,0,D,2,1,812845,48.95,2004,57,36.49,4.64
23009,Historical,905146,0,0,D,0,0,251659,24.99,2014,20,0,73.27
23011,Historical,2319059,1,2,D,2,1,2876005,97.5,1983,32,38.93,45.99
23012,Historical,2680806,0,0,D,0,0,5844822,89.56,1975,36,38.93,46.57
23013,Historical,2424558,0,0,D,0,0,2367452,64.9,1987,22,23.98,210.08
23014,Historical,2424115,0,0,D,2,1,149874,66.06,1990,36,23.98,54.99
23015,Historical,872055,1,1,D,1,0,368295,144.95,2002,31,160.99,54.25
23016,Historical,877211,0,0,D,0,0,1165348,15.49,2009,23,78.99,15.49
23017,Historical,2363390,0,0,D,2,1,633732,181.72,1980,44,143.96,53.66
23018,Historical,145349,1,1,D,4,1,3536,201.4,2011,186,78.99,71.55
23019,Historical,756705,1,1,D,1,0,3612083,125,1997,17,158.19,51.99
23020,Historical,145012,1,2,D,3,1,32992,148,2005,119,78.99,53.99
23021,Historical,178282,0,0,D,2,1,316004,362.95,2005,45,160.99,63.98
23022,Historical,630372,0,0,D,3,1,260388,98.67,1996,18,78.99,73.94
23023,Historical,666074,0,0,D,3,1,122408,149,2008,30,44.81,58.7
23024,Historical,2385940,0,0,D,2,1,1982655,70.67,1989,30,78.99,51.75
23025,Historical,574352,1,1,D,1,0,1198381,41.63,2001,21,35.15,41.55
23026,Historical,104917,0,0,D,4,1,4061164,60.21,2002,11,43.94,46.5
23027,Historical,152844,0,0,D,2,1,107496,44.95,2004,71,33.83,49.44
23028,Historical,120569,0,0,D,4,1,80391,169.33,2008,50,125.85,61.49
23029,Historical,116670,0,0,D,3,1,111866,141.33,2004,57,125.85,49.01
23030,Historical,52165,0,0,D,7,1,107418,141.33,2005,60,111.12,18.99
23031,Historical,200591,0,0,D,7,1,453725,246.95,2009,51,22.14,20.97
23032,Historical,52164,0,0,D,6,1,1519629,114.67,2006,65,111.12,9.96
23033,Historical,152482,1,1,D,3,1,1181737,109,2008,32,52.98,63.64
23034,Historical,633489,0,0,D,1,0,860414,96.95,2004,38,73.99,63.99
23035,Historical,608373,0,0,D,2,1,3402292,35.1,1990,21,83.05,35.1
23036,Historical,608357,0,0,D,3,1,1282637,143,2004,15,83.05,63.87
23037,Historical,654230,0,0,D,3,1,2577557,109,2010,24,45.24,60.78
23038,Historical,720617,1,3,D,2,1,2774934,115,2001,24,65.53,37.89
23039,Historical,105680,1,1,D,10,1,783133,89.95,2002,30,50.8,76.95
23040,Historical,184423,0,0,D,1,0,4798544,144.95,2001,12,16.65,73.17
23041,Historical,184424,0,0,D,0,0,388345,52.95,2001,45,16.65,10.98
23042,Historical,558155,0,0,D,1,0,168418,44,2008,24,29.77,15.48
23043,Historical,136874,1,1,D,5,1,975653,48,2001,63,26.3,30.49
23044,Historical,1658884,0,0,D,1,0,3160660,70,2011,15,91.94,63.63
23045,Historical,2259028,1,2,D,1,0,5272870,0,2009,29,58.99,121.71
23046,Historical,248383,0,0,D,1,0,555918,169.95,2009,28,58.99,80.48
23047,Historical,3033962,1,1,D,3,1,2538329,60,2001,42,53.98,13.98
23048,Historical,258499,1,1,D,4,1,360244,75,2005,40,53.98,42.88
23049,Historical,205710,0,0,D,1,0,2336160,90,2000,28,64.19,6.19
23050,Historical,256238,0,0,D,0,0,3836907,44.95,1997,19,0,34.04
23051,Historical,213139,0,0,D,4,1,2557459,48.95,2005,33,18.94,18.99
23052,Historical,540934,0,0,D,6,1,255114,97.95,2011,126,64.92,28.29
23053,Historical,561652,1,1,D,5,1,924823,79.95,2006,69,64.92,21.43
23054,Historical,621985,0,0,D,5,1,462028,39.99,2008,34,8.97,19.92
23055,Historical,528565,0,0,D,6,1,127117,42,2012,35,14.8,20.49
23056,Historical,752049,0,0,D,0,0,2030515,59.99,2009,26,31.58,49.99
23057,Historical,608868,0,0,D,3,1,946976,54.99,2005,26,33.43,35.48
23058,Historical,901104,0,0,D,0,0,4000965,58.95,2003,18,45.63,28.94
23059,Historical,907336,0,0,D,2,1,1766639,70.95,2006,15,45.63,15.99
23060,Historical,905601,0,0,D,1,0,1566632,49.99,2007,25,32.73,28.87
23061,Historical,250083,1,2,D,3,1,203029,205.95,2011,67,137.24,38.46
23062,Historical,355078,0,0,D,2,1,1346048,226.95,2005,54,137.24,9.98
23063,Historical,55094,0,0,D,9,1,150221,99.99,2009,51,43.97,48.99
23064,Historical,545699,1,2,D,6,1,113989,78.99,2012,46,6.86,27.37
23065,Historical,367146,0,0,D,5,1,839137,68.99,2008,45,6.86,14.54
23066,Historical,598375,0,0,D,4,1,1768069,54.95,2004,34,0,27.01
23067,Historical,254561,0,0,D,5,1,83825,67.99,2011,58,46.08,43.97
23068,Historical,203956,0,0,D,4,1,411800,61.95,2008,111,46.08,16.98
23069,Historical,60594,0,0,D,3,1,285450,54.95,2005,101,46.08,9.99
23070,Historical,203895,1,2,D,2,1,250419,63.95,2007,103,34,47.48
23071,Historical,270795,1,2,D,3,1,66063,71.99,2011,70,34,27.9
23072,Historical,789710,1,2,D,1,0,2100199,47.95,2006,21,32.49,45.98
23073,Historical,203930,0,0,D,4,1,112527,59.95,2007,141,47.88,10.81
23074,Historical,528556,0,0,D,5,1,112954,68.99,2010,88,47.88,28.98
23075,Historical,644756,0,0,D,3,1,44698,46.99,2011,36,32.84,28.68
23076,Historical,3072491,0,0,D,3,1,2175840,34.95,2004,22,25.69,12.98
23077,Historical,635590,0,0,D,5,1,12554,42.99,2013,127,21.91,25.89
23078,Historical,615761,1,1,D,4,1,185773,34.99,2010,97,21.91,23.99
23079,Historical,393002,0,0,D,10,1,58768,51.99,2010,134,33.99,23.98
23080,Historical,609735,1,2,D,9,1,803923,42.95,2007,110,33.99,11.99
23081,Historical,264233,0,0,D,0,0,144427,54.95,2004,33,16.98,12.98
23082,Historical,598376,0,0,D,4,1,105462,37.99,2004,48,42.05,32.99
23083,Historical,859275,0,0,D,7,1,1327463,39.95,2005,32,25.15,18.99
23084,Historical,617384,0,0,D,8,1,815023,39.95,2009,62,25.15,30.09
23085,Historical,618943,0,0,D,9,1,111891,47.99,2011,34,25.15,23.99
23086,Historical,294201,0,0,D,1,0,1665926,48.95,2006,21,37.99,17.77
23087,Historical,203357,0,0,D,3,1,498865,29.95,2001,27,43.2,9.2
23088,Historical,533440,1,1,D,7,1,404326,91.95,2011,53,80.79,56.38
23089,Historical,533439,0,0,D,7,1,46093,87,2011,42,80.79,82.12
23090,Historical,55212,1,1,D,6,1,366887,23.94,2008,213,80.79,15.06
23091,Historical,613341,1,2,D,7,1,22217,102,2011,179,80.79,54.2
23092,Historical,642604,0,0,D,2,1,1045590,154.07,2010,26,43.93,73.09
23093,Historical,56627,0,0,D,2,1,63156,106,2010,147,43.93,30.75
23094,Historical,428363,0,0,D,3,1,1618264,100.4,2005,30,39.49,13.99
23095,Historical,643841,0,0,D,1,0,96708,53.32,2010,24,32.93,13.53
23096,Historical,56266,0,0,D,6,1,176762,195.95,2010,76,35.99,49.49
23097,Historical,544545,1,2,D,7,1,6525,177.95,2013,116,35.99,51.83
23098,Historical,56265,0,0,D,5,1,311933,170.95,2007,47,35.99,72.55
23100,Historical,58492,0,0,D,6,1,272577,153.95,2010,99,36.99,51.98
23101,Historical,544536,0,0,D,7,1,57055,139.95,2013,82,36.99,52.85
23102,Historical,2647671,0,0,D,1,0,1894347,49.95,1994,22,0,12.98
23103,Historical,247443,0,0,D,1,0,365465,36.95,2005,34,41.21,39.67
23104,Historical,183602,0,0,D,3,1,1301928,191.95,2007,32,114.14,13.94
23105,Historical,633204,0,0,D,3,1,175710,73.04,2011,36,87.13,58.09
23106,Historical,183017,0,0,D,2,1,1348570,128.95,2004,32,114.14,7.4
23107,Historical,132724,1,1,D,6,1,740164,117.07,2008,25,63.99,28.99
23108,Historical,54979,1,5,D,6,1,160234,119.2,2008,62,63.99,44.32
23109,Historical,52934,1,2,D,3,1,792716,84,2002,132,121.79,9.5
23110,Historical,52935,1,3,D,4,1,143938,114,2005,140,121.79,15.94
23111,Historical,533899,0,0,D,7,1,701135,214.95,2008,50,138.77,27.94
23112,Historical,60596,0,0,D,6,1,1279457,196.95,2005,86,138.77,20.24
23113,Historical,243893,0,0,D,8,1,118475,202.95,2011,47,138.77,77.9
23114,Historical,116351,1,1,D,3,1,296491,169.13,2013,26,34.08,602.99
23115,Historical,121185,0,0,D,3,1,38801,155.8,2010,57,34.08,52.13
23116,Historical,115550,0,0,D,1,0,1273798,117.6,2003,42,111.99,8.98
23117,Historical,607726,1,2,D,5,1,506398,119.2,2007,35,99.36,52.99
23118,Historical,607702,1,1,D,4,1,438976,84.2,2003,36,99.36,11.96
23119,Historical,116945,0,0,D,4,1,209160,73.8,2006,51,43.38,27.98
23120,Historical,114269,1,1,D,3,1,659809,54.8,2002,82,43.38,13.69
23121,Historical,2648084,1,5,D,0,0,518387,49.95,1998,61,49.74,20.99
23122,Historical,620307,0,0,D,1,0,121447,196,2007,33,0,141.85
23123,Historical,248431,0,0,D,9,1,1510487,171.95,2007,36,84,40.99
23124,Historical,298909,0,0,D,10,1,927228,171.95,2010,38,84,73.98
23125,Historical,873638,0,0,D,1,0,440871,6.79,2009,145,39.3,6.88
23126,Historical,427955,0,0,D,5,1,95882,57.2,2011,87,40.26,52.93
23127,Historical,560939,0,0,D,3,1,908474,50.2,2006,72,40.26,13.99
23128,Historical,428478,0,0,D,4,1,352951,50.2,2008,97,40.26,17.99
23129,Historical,145616,0,0,D,5,1,842444,104.4,2007,34,93.91,48.97
23130,Historical,560866,0,0,D,4,1,1740907,87.4,2004,20,93.91,22.99
23131,Historical,60597,0,0,D,4,1,1627085,81.6,2004,31,93.91,13.19
23132,Historical,50418,0,0,D,10,1,518951,103.6,2006,108,106.38,102.94
23133,Historical,50416,1,6,D,11,1,64600,112.8,2009,135,106.38,47.88
23134,Historical,536530,1,2,D,5,1,1640196,110.07,2012,19,68.18,103.99
23135,Historical,118462,1,2,D,4,1,105000,91.6,2007,106,68.18,27.99
23136,Historical,130334,0,0,D,5,1,101586,103.4,2011,105,68.18,33.88
23137,Historical,559924,0,0,D,3,1,1795123,17.63,2003,54,32.98,17.6
23138,Historical,141982,0,0,D,5,1,88225,55.66,2009,30,32.98,167.09
23139,Historical,560006,0,0,D,4,1,354410,22.79,2006,113,32.98,8.02
23140,Historical,144386,0,0,D,4,1,4221483,73.8,2002,35,13.69,44.35
23141,Historical,739067,0,0,D,3,1,8242747,63,2000,35,13.69,12.98
23142,Historical,144965,0,0,D,5,1,1289790,91.6,2005,34,13.69,68.93
23143,Historical,2386002,0,0,D,0,0,10774697,30.6,1990,13,88.99,43.49
23144,Historical,170035,1,1,D,7,1,1088015,153.95,2009,56,67.55,40.82
23145,Historical,169925,0,0,D,7,1,482673,216.95,2009,62,67.55,28.98
23146,Historical,288498,0,0,D,1,0,224047,85,1998,32,0,55.99
23147,Historical,133127,0,0,D,9,1,70364,110,2010,152,33.46,49.5
23148,Historical,118498,1,2,D,8,1,169534,96,2007,124,33.46,18.64
23149,Historical,549999,0,0,D,2,1,136268,48.7,2003,67,33.98,49.98
23150,Historical,704763,1,1,D,1,0,159196,32.89,2003,25,33.98,26.38
23151,Historical,145283,0,0,D,1,0,201412,65.67,2010,99,32.99,14.99
23152,Historical,111174,0,0,D,1,0,508224,39.99,2009,30,39.3,42.99
23153,Historical,60599,0,0,D,5,1,419514,82.2,2006,76,99.53,54.59
23154,Historical,557520,1,5,D,6,1,466848,90.8,2009,132,99.53,43.77
23155,Historical,557430,0,0,D,6,1,1195998,78.67,2008,62,69.34,7.98
23156,Historical,552837,0,0,D,7,1,117598,105,2011,62,69.34,46.51
23157,Historical,561555,1,4,D,10,1,6774,129,2013,50,50.62,68.99
23158,Historical,61177,1,2,D,8,1,245666,93.33,2007,102,50.62,15.71
23159,Historical,133111,1,2,D,9,1,73762,110,2010,93,50.62,32.94
23160,Historical,287583,0,0,D,8,1,849802,89.4,2007,46,50.62,39.98
23161,Historical,131831,0,0,D,7,1,1128310,128.6,2004,60,56.56,7.49
23162,Historical,132563,0,0,D,8,1,131773,164.4,2008,69,56.56,12.91
23163,Historical,131990,0,0,D,7,1,1702940,124.8,2005,33,56.56,6.81
23164,Historical,616463,1,1,D,6,1,271183,80.4,2008,46,63.72,7.98
23165,Historical,872393,0,0,D,3,1,1473256,42,1992,28,22.97,39.99
23166,Historical,118554,1,2,D,4,1,1240875,56,1996,31,22.97,18.75
23167,Historical,428507,1,1,D,11,1,289579,112.8,2009,54,106.89,62.11
23168,Historical,540005,0,0,D,12,1,34653,134.8,2012,47,106.89,134.79
23169,Historical,549859,1,1,D,5,1,106276,64.95,2001,82,16.48,40.98
23170,Historical,549799,0,0,D,4,1,1745610,77.2,1999,41,16.48,19.98
23171,Historical,592226,0,0,D,6,1,1332617,209.95,2006,109,123.43,28.89
23172,Historical,567774,1,2,D,7,1,687324,174.95,2010,132,123.43,18.64
23173,Historical,800958,0,0,D,0,0,690256,44,2008,24,30.26,38.99
23174,Historical,58405,1,1,D,10,1,168701,77.25,2009,148,58.31,27.99
23175,Historical,546003,1,1,D,11,1,15508,53.97,2012,74,58.31,62.41
23176,Historical,141857,0,0,D,9,1,115131,78.28,2006,74,5.78,50.61
23177,Historical,121329,0,0,D,5,1,175221,81.6,2009,29,73.2,53.94
23178,Historical,607710,0,0,D,4,1,235316,61.6,2005,31,73.2,17.5
23179,Historical,174146,0,0,D,0,0,2066838,38.99,1998,18,47.87,63.99
23180,Historical,2471091,0,0,D,4,1,2589467,89.95,1995,18,30.73,23.95
23181,Historical,597175,1,1,D,0,0,4398575,99,2000,11,68.57,72.49
23182,Historical,132759,1,6,D,7,1,110149,82.33,2009,181,63.97,22.1
23183,Historical,130992,1,4,D,8,1,42800,99,2011,135,5.97,23.7
23184,Historical,133130,1,1,D,6,1,319357,31.6,2009,60,24.01,9.69
23185,Historical,528540,1,12,D,12,1,14922,120.2,2011,128,82.93,36.44
23186,Historical,620746,1,1,D,1,0,238580,42.2,2011,44,42.02,23.98
23187,Historical,54297,0,0,D,2,1,543765,32,2009,82,27.97,8.3
23188,Historical,617438,0,0,D,3,1,206564,54.95,2003,73,46.07,27.97
23189,Historical,615768,0,0,D,4,1,187070,39.95,2008,41,46.07,23.48
23190,Historical,1539406,0,0,D,13,1,6570285,310,2007,18,49.1,23.96
23191,Historical,2874698,0,0,D,0,0,2942389,167,2004,18,140.07,26.84
23192,Historical,778764,0,0,D,1,0,2084197,100.95,2010,16,89.98,28.99
23193,Historical,904208,0,0,D,0,0,300584,35.95,1999,25,24.28,35.95
23194,Historical,910628,1,1,D,6,1,4747741,115,2000,24,133.7,59.31
23195,Historical,542188,0,0,D,3,1,717520,295,2007,20,130.35,59.77
23196,Historical,2750677,0,0,D,2,1,6644328,169,2001,15,130.35,55.87
23197,Historical,504091,0,0,D,0,0,4741567,259,2007,16,131.3,78.78
23199,Historical,55093,1,1,D,3,1,2358483,58.4,2004,56,44.89,19.84
23200,Historical,874805,0,0,D,2,1,5014805,46.6,2001,31,44.89,8.97
23201,Historical,55091,0,0,D,4,1,98166,78,2007,36,44.89,54.63
23202,Historical,3464054,0,0,D,0,0,4476238,39,1991,25,0,15.79
23203,Historical,322780,1,1,D,3,1,1453238,205.6,2011,38,116.8,42.42
23204,Historical,52950,0,0,D,2,1,1099224,113,2008,57,116.8,64.95
23205,Historical,169319,0,0,D,1,0,605788,185.95,2008,50,93.83,53.03
23206,Historical,50607,0,0,D,15,1,1011154,346.95,2008,28,163.15,78.93
23207,Historical,50611,0,0,D,14,1,833760,140.95,2004,106,163.15,17.94
23208,Historical,697706,0,0,D,2,1,537225,65,2000,23,21.99,34.94
23209,Historical,2690768,0,0,D,0,0,9049429,11.99,2005,4,97.76,28.07
23210,Historical,616261,1,1,D,9,1,12594,170.8,2013,86,92.11,112.69
23211,Historical,52593,1,2,D,8,1,34276,142,2010,105,92.11,53.97
23212,Historical,52592,1,1,D,7,1,48011,112.4,2008,113,92.11,53.74
23213,Historical,416658,1,2,D,5,1,89718,98.97,2006,77,111.13,52.73
23214,Historical,60601,1,7,D,4,1,190525,43.99,2003,79,111.13,14.37
23215,Historical,51911,1,1,D,8,1,21302,38.99,2006,162,97.68,28.98
23216,Historical,538468,1,8,D,10,1,2354,233.75,2012,143,97.68,103.07
23217,Historical,108270,1,24,D,7,1,118548,127.1,2005,157,97.68,18.03
23218,Historical,53553,1,1,D,7,1,77149,48.99,2011,93,97,48.98
23219,Historical,158395,0,0,D,7,1,1200091,226.6,2001,16,185.73,61.75
23220,Historical,337317,0,0,D,8,1,984614,465.47,2007,14,185.73,311.95
23221,Historical,1557435,0,0,D,28,1,1783914,167.95,2013,8,0,142.9
23222,Historical,206428,0,0,D,2,1,1865294,50.5,1996,28,23.84,10.91
23223,Historical,630071,0,0,D,1,0,210143,108.4,2009,27,61.78,72.48
23224,Historical,637212,0,0,D,2,1,1377040,315,2007,21,166.34,118.99
23225,Historical,2472750,0,0,D,3,1,6946744,96,2001,11,153.99,9.94
23226,Historical,598839,0,0,D,3,1,1078714,144,2004,20,146.99,82.17
23227,Historical,55920,0,0,D,9,1,544730,92.2,2008,43,67.49,24.73
23228,Historical,55919,0,0,D,8,1,994858,90.8,2002,68,67.49,44.43
23231,Historical,2398738,0,0,D,0,0,5493230,83.07,1967,23,53.98,48.81
23232,Historical,286175,0,0,D,4,1,44764,230.8,2007,96,183.98,65.81
23233,Historical,54976,1,2,D,10,1,893763,167.95,2005,73,82.51,9.23
23234,Historical,54975,1,2,D,11,1,200786,174.95,2009,71,82.51,35.99
23235,Historical,608449,0,0,D,10,1,927785,161.95,2006,31,116.97,27.51
23236,Historical,280270,0,0,D,4,1,1335970,54.95,2008,18,39.04,81.77
23237,Historical,2621713,0,0,D,2,1,7404467,100.95,1992,24,8.98,46.07
23238,Historical,705109,0,0,D,4,1,432350,0,2003,18,108.99,137.93
23239,Historical,615636,0,0,D,5,1,53786,92.18,2008,42,108.99,93.7
23240,Historical,291596,0,0,D,4,1,347400,89.95,2001,35,39.34,24.99
23241,Historical,617986,0,0,D,1,0,59526,120.8,2007,18,40.42,43.24
23242,Historical,616170,0,0,D,2,1,26354,94.95,2012,64,45.85,53.15
23243,Historical,906759,0,0,D,0,0,602115,0,1989,23,46.98,83.66
23244,Historical,877930,0,0,D,5,1,1114469,17.63,2010,46,68.77,10.29
23245,Historical,229170,1,1,D,4,1,832840,79.95,2008,160,68.77,5.73
23246,Historical,610353,1,6,D,6,1,11765,96,2013,136,68.77,15.15
23247,Historical,142984,0,0,D,3,1,1061385,67,2006,22,65.79,141.98
23248,Historical,2616593,0,0,D,2,1,4912539,0,1976,10,38.93,0
23249,Historical,778243,0,0,D,0,0,2188054,64.95,2001,20,15.12,23.61
23251,Historical,2647145,0,0,D,0,0,5073621,33.95,1991,16,32.49,51.09
23252,Historical,2189268,0,0,D,0,0,3704524,79.99,2011,11,58.57,59.74
23254,Historical,152714,0,0,D,2,1,1273970,109,2002,23,57.68,46.42
23255,Historical,263536,0,0,D,1,0,853481,41.95,1999,29,28.02,33.99
23256,Historical,364941,0,0,D,2,1,5549720,75,2004,19,0,52.57
23257,Historical,326413,0,0,D,4,1,74832,69.99,2011,79,29.65,40.83
23258,Historical,607801,0,0,D,3,1,805229,64.99,2005,35,29.65,22.62
23259,Historical,317921,0,0,D,5,1,1322423,118,1998,22,4.98,27.12
23260,Historical,137547,0,0,D,4,1,651882,192.4,2011,28,43.98,61.25
23261,Historical,528520,0,0,D,3,1,2765173,147.67,2008,23,43.98,46.79
23263,Historical,619991,0,0,D,3,1,919915,33.48,2005,25,33.98,38.82
23264,Historical,198440,0,0,D,0,0,3313322,76.95,2006,23,11.13,45.56
23265,Historical,920628,0,0,D,1,0,1354088,54.95,2008,54,67.4,13.94
23266,Historical,614097,0,0,D,2,1,1150058,77,2011,84,67.4,12.21
23267,Historical,644467,1,2,D,3,1,223600,82,2013,107,67.4,11.49
23268,Historical,652243,0,0,D,2,1,429129,121.2,2013,65,11.13,45.23
23269,Historical,120695,0,0,D,1,0,998452,104,2010,55,11.13,26.68
23270,Historical,2943127,0,0,D,0,0,157548,42.6,2005,12,28.68,38
23271,Historical,246808,0,0,D,0,0,1398560,41.27,2005,20,8.98,68.99
23272,Historical,528498,1,10,D,2,1,635857,47.33,2007,18,8.98,24.99
23273,Historical,591741,1,1,D,2,1,48560,55.99,2007,75,28.68,55.76
23274,Historical,144358,0,0,D,2,1,2198938,109.8,2002,29,53.26,13.99
23275,Historical,287610,0,0,D,4,1,267725,80.67,2009,34,8.49,22.89
23276,Historical,145201,0,0,D,3,1,1750345,72,2006,18,53.99,149.07
23277,Historical,60977,0,0,D,1,0,442082,67.6,2003,33,33.24,21.99
23278,Historical,118972,0,0,D,4,1,112507,55.99,2008,71,18.89,38.98
23279,Historical,888209,1,2,D,4,1,1657246,50.67,2006,6,25.95,0
23280,Historical,528487,0,0,D,5,1,100076,64,2009,21,25.95,26.64
23281,Historical,528486,0,0,D,5,1,421629,27.38,2009,8,0,0
23282,Historical,915413,0,0,D,0,0,1572594,52.66,2005,33,48.99,34.68
23283,Historical,617799,1,2,D,2,1,862903,69.33,2007,24,48.99,73.21
23284,Historical,633786,0,0,D,2,1,83629,81,2012,28,48.99,49.89
23285,Historical,620829,1,1,D,2,1,122466,66.07,2007,29,48.99,57.98
23286,Historical,2631462,0,0,D,2,1,808472,45,2000,15,0,77.35
23287,Historical,3544288,0,0,D,0,0,5303556,96.54,1990,14,0,60.07
23288,Historical,876946,1,8,D,9,1,830536,0,2009,48,70.78,21
23289,Historical,533375,1,1,D,10,1,635391,90.4,2012,63,52.22,43.77
23290,Historical,56142,0,0,D,8,1,913463,68.6,2007,107,70.78,18.99
23291,Historical,54468,0,0,D,8,1,271174,93.4,2010,63,109.07,42.98
23292,Historical,133088,0,0,D,7,1,2172175,68,2009,40,109.07,8.62
23293,Historical,54467,1,1,D,7,1,1585302,93.4,2009,59,73.61,4.36
23294,Historical,133087,1,2,D,7,1,1079198,100.2,2009,113,64.08,18.99
23295,Historical,618276,1,1,D,3,1,88376,167.95,2009,76,44.99,41.98
23296,Historical,265301,1,1,D,1,0,1163707,59,2004,28,51.94,40
23297,Historical,758581,0,0,D,1,0,335130,100,1999,38,50,15
23298,Historical,114666,0,0,D,1,0,259410,27.4,2003,48,22.15,12.24
23299,Historical,117357,0,0,D,2,1,804640,40.2,2006,126,22.15,9.21
23300,Historical,875994,0,0,D,0,0,409743,24.95,2003,26,50.53,92.53
23301,Historical,114302,1,2,D,0,0,119884,81.6,2002,51,50.53,61.43
23302,Historical,293636,0,0,D,2,1,1021267,56.04,2010,24,33.06,7.99
23303,Historical,910827,1,8,D,3,1,489105,0,2009,35,56.77,13.39
23304,Historical,610454,1,6,D,4,1,6376,79.95,2012,131,56.77,42.99
23305,Historical,563689,1,2,D,3,1,24237,49.45,2010,85,0,0
23306,Historical,57257,0,0,D,3,1,116966,24.98,2009,50,56.77,28.98
23307,Historical,876847,1,1,D,0,0,557152,17.95,2006,39,55.93,14.99
23308,Historical,56311,0,0,D,4,1,56796,43.98,2005,56,55.93,15.88
23309,Historical,56312,0,0,D,5,1,102382,111.17,2009,59,55.93,73.87
23310,Historical,529480,0,0,D,3,1,174077,88.99,2012,32,65.96,65.15
23311,Historical,113058,0,0,D,2,1,957602,83.95,2006,39,65.96,48.99
23312,Historical,544689,0,0,D,14,1,10010,101.95,2013,54,64.03,73.98
23313,Historical,52278,1,15,D,12,1,144144,224.95,2006,229,64.03,22.43
23314,Historical,52276,1,3,D,13,1,66929,233.95,2010,101,64.03,37.3
23315,Historical,248909,0,0,D,4,1,1096167,93.95,2006,23,49.98,50.99
23316,Historical,549895,1,2,D,7,1,4474511,0,2007,21,103.54,54.14
23317,Historical,110384,0,0,D,10,1,70744,139.7,2011,40,103.54,73.99
23318,Historical,54854,1,2,D,9,1,477814,28.99,2008,52,103.54,19.39
23319,Historical,620811,0,0,D,3,1,750735,164,2008,34,80.51,33.48
23320,Historical,164325,1,1,D,2,1,1146600,127.5,2004,35,80.51,40.64
23321,Historical,646823,0,0,D,0,0,2414142,0,1999,12,0,48.99
23322,Historical,2619102,0,0,D,1,0,1414137,52.95,1996,16,0,43.98
23323,Historical,3560367,1,1,D,0,0,787791,49,2002,28,0,53.98
23324,Historical,2663176,0,0,D,5,1,3271866,100,1990,26,33.99,38.47
23325,Historical,644027,0,0,D,3,1,561285,85,2008,31,0,76.94
23326,Historical,639704,0,0,D,3,1,133334,59.99,2013,43,31.49,16.46
23327,Historical,629549,1,1,D,2,1,1252557,59.99,2009,28,31.49,13.96
23328,Historical,753934,0,0,D,1,0,2020328,110,2009,25,57.02,45.1
23330,Historical,862150,0,0,D,4,1,650971,175,2015,21,131.9,81.99
23331,Historical,203752,0,0,D,4,1,669208,180.99,2007,22,120.3,138.94
23332,Historical,2664101,0,0,D,3,1,465410,99.99,1996,25,120.3,63.73
23333,Historical,392262,0,0,D,1,0,1134730,74.95,2004,21,59.54,82.93
23334,Historical,528449,0,0,D,2,1,1617101,74.99,2009,34,59.54,56.84
23335,Historical,904565,0,0,D,1,0,3323705,209.99,2007,17,74.9,23.75
23336,Historical,111432,0,0,D,1,0,1295111,9.55,2010,22,48.41,85.67
23337,Historical,244151,0,0,D,2,1,302562,69.95,2011,51,41.99,12.69
23338,Historical,766995,0,0,D,1,0,1367217,64.95,2009,29,41.99,5.99
23339,Historical,567776,0,0,D,1,0,216668,88.95,2010,37,69.24,20.49
23340,Historical,627845,1,1,D,2,1,54819,79.95,2013,72,69.24,31.99
23341,Historical,111323,1,6,D,2,1,1244504,7.83,2010,64,61.82,7.83
23342,Historical,528448,1,1,D,3,1,75080,599.49,2012,114,61.82,72.33
23343,Historical,706202,1,7,D,4,1,4790,113.25,2014,114,61.82,43.18
23344,Historical,416637,0,0,D,2,1,117374,8.96,2011,110,56.05,23.56
23345,Historical,550802,0,0,D,1,0,705479,79.12,2009,32,56.05,37.18
23346,Historical,110201,0,0,D,1,0,811408,121.75,2011,66,88.98,19.27
23347,Historical,538836,1,1,D,2,1,25872,136,2013,90,88.98,58.67
23348,Historical,538711,0,0,D,2,1,783137,156.25,2013,31,88.98,142.37
23349,Historical,533790,1,2,D,2,1,1047235,18.49,2010,69,81.03,16.46
23350,Historical,538595,1,1,D,2,1,877794,8.99,2010,156,52.98,8.89
23351,Historical,862152,1,7,D,4,1,1889,113.25,2014,177,52.98,23.98
23352,Historical,614851,0,0,D,3,1,22652,56.71,2012,146,52.98,43.3
23353,Historical,111917,1,1,D,1,0,547448,28.49,2011,35,85.98,26.49
23354,Historical,538831,1,1,D,2,1,93582,43.99,2013,72,85.98,50.58
23355,Historical,647430,0,0,D,2,1,1111369,173.75,2013,24,85.98,29.7
23356,Historical,111910,1,2,D,1,0,26486,48.35,2011,105,55.28,18.98
23357,Historical,538458,0,0,D,2,1,88946,24.98,2012,48,48.41,48.33
23358,Historical,807848,1,1,D,0,0,627586,59.99,2010,16,0,33.95
23359,Historical,539618,0,0,D,4,1,469374,236,2010,33,184.98,128.99
23360,Historical,114844,1,1,D,4,1,478169,198,2003,36,140.19,115.97
23361,Historical,849342,0,0,D,3,1,139465,123.33,1998,22,140.19,88.09
23362,Historical,625304,0,0,D,1,0,830810,83.95,2009,22,58.62,65.98
23363,Historical,698281,1,2,D,1,0,1001225,103.25,1997,29,46.41,44.8
23364,Historical,907589,0,0,D,0,0,4134018,189,1986,16,46.41,126
23365,Historical,644148,1,1,D,0,0,767047,39.95,2005,29,44.63,71.34
23366,Historical,55917,0,0,D,9,1,227213,203,2009,49,135.92,105.2
23367,Historical,55914,0,0,D,8,1,477614,214,2005,43,135.92,43.98
23368,Historical,667163,1,1,D,4,1,1292739,60,2001,22,119,73.59
23369,Historical,663544,0,0,D,5,1,350481,66.64,2013,33,119,121.89
23370,Historical,897639,0,0,D,2,1,3067244,48,2005,14,68.93,27.09
23371,Historical,766228,0,0,D,5,1,1430757,167.95,2004,28,40.27,87.97
23372,Historical,3238970,0,0,D,5,1,5155604,22.54,2004,34,40.27,50.83
23373,Historical,2362188,0,0,D,3,1,883342,111,2005,19,59.06,27.98
23374,Historical,223576,1,1,D,27,1,321146,89.95,2004,30,63.2,79.58
23375,Historical,117556,0,0,D,3,1,1063728,167.8,2004,30,69.98,27.99
23376,Historical,111355,1,2,D,2,1,1010590,178.9,2010,27,128.63,78.98
23377,Historical,546498,1,1,D,8,1,78312,93.28,2004,45,80.42,43.55
23378,Historical,159518,0,0,D,11,1,5607126,70.95,2005,19,35.84,72.55
23379,Historical,230353,0,0,D,1,0,3972678,45.95,1997,25,9.95,19.86
23381,Historical,573887,0,0,D,0,0,706916,70,2008,35,35.92,23
23382,Historical,2569447,0,0,D,3,1,7864512,32.99,1990,16,8.01,32.99
23383,Historical,916372,0,0,D,9,1,4011658,0,2012,30,159.95,6.91
23384,Historical,50293,0,0,D,10,1,173978,66.9,2010,83,90.99,61.65
23385,Historical,566686,0,0,D,4,1,2611696,0,1993,16,8.01,23.99
23386,Historical,288627,1,1,D,6,1,113557,173.33,2007,87,60.97,18.29
23387,Historical,563713,0,0,D,0,0,342011,13.99,2009,37,109.78,25.99
23388,Historical,533663,0,0,D,14,1,62356,284.95,2012,98,76.52,48.99
23389,Historical,545192,1,2,D,3,1,5733,73,2012,153,114.26,43.99
23390,Historical,60605,0,0,D,10,1,1037773,155.2,2005,35,44.21,4.96
23391,Historical,329843,1,1,D,3,1,658098,193.33,2007,50,128.99,18.99
23392,Historical,550972,0,0,D,10,1,2762123,0,2010,23,90.99,118.37
23393,Historical,543821,0,0,D,9,1,65171,271.95,2012,58,159.95,42.98
23394,Historical,556135,0,0,D,3,1,4842087,74,2002,33,47.39,43.94
23395,Historical,609911,0,0,D,8,1,16768,247.4,2013,63,49.97,27.09
23396,Historical,625675,1,5,D,3,1,111628,30,2012,68,114.26,18.99
23397,Historical,539084,1,1,D,7,1,1301611,133,2002,41,111.98,31.99
23398,Historical,528441,0,0,D,11,1,494894,45.55,2010,65,123.35,20
23399,Historical,50639,0,0,D,7,1,331572,225,2011,69,49.97,23.99
23400,Historical,110998,1,1,D,1,0,465210,162,2009,56,68.29,25.98
23401,Historical,609858,1,1,D,8,1,6621,280.6,2013,84,60.97,64.98
23402,Historical,528438,1,1,D,7,1,45498,245.2,2010,78,60.97,34.31
23403,Historical,50141,0,0,D,9,1,260654,307.95,2008,56,172.55,5.69
23404,Historical,50148,1,2,D,5,1,95621,193.33,2008,46,128.99,31.98
23405,Historical,874717,0,0,D,3,1,551437,49.31,2007,41,128.99,23.98
23406,Historical,534003,1,1,D,18,1,22505,43.76,2008,192,127.52,29.45
23407,Historical,621385,0,0,D,9,1,119097,224.4,2008,34,111.98,75.15
23408,Historical,922945,1,11,D,5,1,28187,175.2,2014,85,100.52,25.9
23409,Historical,52522,0,0,D,13,1,462182,313.95,2010,94,76.52,29.78
23410,Historical,53267,1,3,D,6,1,35391,19.74,2006,163,105.16,18.5
23411,Historical,561013,1,1,D,1,0,154426,269.6,2011,83,120.95,28.98
23412,Historical,574383,1,1,D,6,1,1437786,37.3,2006,37,105.16,43.97
23413,Historical,50149,1,1,D,5,1,162372,216.4,2010,41,128.99,36.49
23414,Historical,120774,0,0,D,1,0,737664,245.2,2011,36,22.6,23.98
23415,Historical,552378,0,0,D,8,1,165045,86.67,2004,32,111.98,48.69
23416,Historical,534015,0,0,D,11,1,459179,210,2008,34,44.21,68.99
23417,Historical,50140,0,0,D,10,1,223998,273.95,2010,76,172.55,80.84
23418,Historical,550241,0,0,D,10,1,191468,61.17,2007,46,123.35,28.98
23419,Historical,50292,0,0,D,9,1,836915,23.49,2008,60,90.99,23.1
23420,Historical,291697,0,0,D,9,1,188669,313.95,2011,65,34.78,41.99
23421,Historical,594074,0,0,D,8,1,672505,297.95,2010,25,159.95,81.25
23422,Historical,544211,0,0,D,10,1,57544,284.95,2012,64,34.78,22.46
23423,Historical,607915,0,0,D,2,1,734666,150.67,2004,43,128.99,9.98
23424,Historical,541256,0,0,D,2,1,58142,48.99,2011,64,109.78,48.99
23425,Historical,609892,1,1,D,8,1,49909,284.95,2012,62,101.61,96.86
23426,Historical,54221,1,2,D,7,1,127883,313.95,2010,55,101.61,117.09
23427,Historical,54220,1,2,D,6,1,277092,227.95,2008,42,101.61,48.99
23428,Historical,54219,1,3,D,5,1,497579,216.95,2007,59,101.61,25.43
23429,Historical,201764,1,1,D,0,0,89362,49.95,2008,100,34.26,9.99
23430,Historical,175270,1,1,D,0,0,2242941,45,2003,22,61.34,37.34
23431,Historical,252843,0,0,D,2,1,176014,78.02,2011,45,31.74,38.08
23432,Historical,52521,0,0,D,12,1,992166,344.95,2008,68,76.52,17.23
23433,Historical,53268,1,1,D,7,1,28712,48.48,2010,85,105.16,30.42
23434,Historical,50640,1,1,D,6,1,594213,200,2009,81,49.97,47.95
23435,Historical,613013,0,0,D,9,1,207483,186.67,2009,94,148.99,7.99
23436,Historical,574394,1,3,D,2,1,74427,49.69,2009,134,114.26,44.67
23437,Historical,744486,0,0,D,2,1,10450307,160.95,2002,32,69.78,12.49
23438,Historical,561923,0,0,D,3,1,3489981,219.95,2004,39,69.78,8.98
23439,Historical,53037,1,3,D,12,1,5326,287.95,2011,90,43.98,33.99
23440,Historical,53036,1,1,D,11,1,270349,253.95,2008,57,43.98,47.57
23441,Historical,53038,1,1,D,11,1,743187,242.95,2010,36,43.98,28.74
23442,Historical,148611,0,0,D,8,1,477825,313.95,2008,64,34.78,38.87
23443,Historical,613631,0,0,D,1,0,1765432,109.95,2009,50,52.47,10.35
23444,Historical,55910,0,0,D,5,1,66999,339.95,2006,88,115.5,44.21
23445,Historical,55907,0,0,D,6,1,34907,328.95,2010,81,115.5,53.64
23446,Historical,182650,0,0,D,4,1,660003,33.95,2002,85,115.5,36.99
23447,Historical,110599,1,1,D,7,1,43390,48.45,2010,125,66.49,48.17
23448,Historical,109834,1,2,D,6,1,81023,43.95,2007,69,66.49,17.3
23449,Historical,109400,0,0,D,6,1,740906,0,2004,36,109.8,16.24
23450,Historical,112096,0,0,D,8,1,37130,264.77,2009,40,109.8,59.99
23451,Historical,110400,0,0,D,7,1,81083,112.77,2006,50,109.8,28.94
23452,Historical,761762,0,0,D,1,0,3880147,171,2006,15,104.13,183.98
23453,Historical,165055,0,0,D,1,0,1763312,361,1999,21,189.74,100
23454,Historical,539113,1,7,D,0,0,900006,135.5,2005,119,65.62,10.98
23455,Historical,286082,0,0,D,0,0,161839,135.5,2005,127,65.62,17.69
23456,Historical,290088,1,1,D,2,1,701417,134.72,2006,28,70.48,36.24
23457,Historical,166711,0,0,D,3,1,258065,52.99,2008,64,70.48,18.99
23458,Historical,761440,1,1,D,1,0,646988,122.5,2007,14,100.14,48.97
23459,Historical,641448,0,0,D,2,1,155926,49.95,2010,28,49.47,36.06
23461,Historical,2832448,0,0,D,1,0,1817999,133.95,2001,19,71.98,63.99
23462,Historical,907060,0,0,D,1,0,2605189,79.95,1999,21,56.31,23.99
23463,Historical,700950,0,0,D,2,1,1444311,89.95,2005,24,56.31,79.78
23464,Historical,170162,0,0,D,4,1,1385910,286.95,2010,52,63.99,18.99
23465,Historical,183724,0,0,D,4,1,824371,314.95,2008,44,63.99,20.32
23466,Historical,2698402,0,0,D,4,1,680496,119,2005,25,85.3,96.57
23467,Historical,2699305,0,0,D,7,1,242112,111,2005,19,88.42,238.11
23468,Historical,2697192,0,0,D,6,1,2411150,72.95,2001,29,88.42,49.31
23469,Historical,170111,1,1,D,0,0,1264787,169.95,2012,44,123.95,35
23470,Historical,55903,0,0,D,0,0,2210760,178.95,2011,52,123.95,4.41
23471,Historical,572739,1,1,D,1,0,1843516,141.95,1991,41,53.86,23.94
23472,Historical,182835,0,0,D,2,1,692047,141.95,2006,34,47.26,59.99
23473,Historical,182934,0,0,D,6,1,2144280,141.95,2006,38,38.99,20.71
23474,Historical,60606,1,1,D,6,1,534557,143.95,2006,69,59.01,49.95
23475,Historical,155181,0,0,D,1,0,1015091,141.95,1999,42,46.46,30.49
23476,Historical,183297,0,0,D,3,1,117490,133.95,2006,123,55.76,9.83
23477,Historical,57276,0,0,D,3,1,10293,133.95,2011,89,57.29,67.06
23478,Historical,57277,1,8,D,1,0,1987159,155.95,2001,82,57.29,8.99
23479,Historical,57281,1,2,D,3,1,27216,133.95,2011,71,42.59,75.39
23480,Historical,57280,0,0,D,2,1,64238,141.95,2006,83,42.59,9.65
23481,Historical,155135,0,0,D,1,0,404413,141.95,1998,49,76.98,43.25
23482,Historical,182466,1,2,D,2,1,329106,133.95,2000,58,97.23,32.93
23483,Historical,155374,0,0,D,1,0,588783,141.95,1999,55,53.89,42.85
23484,Historical,185112,0,0,D,1,0,627188,133.95,1996,59,73.08,31.94
23485,Historical,183527,1,1,D,4,1,493346,131.95,2006,69,47.99,38.99
23486,Historical,182488,0,0,D,1,0,367061,143.95,2003,36,0,0
23487,Historical,616799,1,1,D,1,0,1083814,141.95,1991,61,40.98,27.96
23488,Historical,155251,1,2,D,2,1,60419,147.95,1999,47,72.44,52.94
23489,Historical,2653521,0,0,D,0,0,2156891,33.96,1993,32,68.54,23.24
23490,Historical,919019,0,0,D,0,0,2357162,41.96,1991,26,13.98,63.26
23491,Historical,155190,0,0,D,2,1,1382891,147.95,1999,42,26.99,34.94
23492,Historical,2653004,0,0,D,1,0,2743474,29.16,1989,27,20.34,45.09
23493,Historical,292132,0,0,D,3,1,395075,141.95,2002,47,38.64,30.98
23494,Historical,53718,0,0,D,5,1,1435777,132,2004,77,65.99,13.89
23495,Historical,257037,0,0,D,0,0,837999,24.95,1997,28,12.38,45.79
23496,Historical,609539,1,4,D,9,1,1463855,39.99,2009,33,27.67,10.94
23497,Historical,224689,0,0,D,6,1,255695,92.95,2012,49,108.15,99.94
23498,Historical,182442,0,0,D,2,1,913509,116.95,2000,30,34.19,39.18
23499,Historical,461687,0,0,D,5,1,1885719,191.95,2010,21,34.19,23.99
23500,Historical,54969,0,0,D,4,1,2219941,183.95,2005,33,108.15,72.08
23501,Historical,461688,1,1,D,5,1,1129482,143.95,2010,56,69.69,31.99
23502,Historical,183779,0,0,D,5,1,946593,227.95,2007,45,69.69,27.97
23503,Historical,567785,0,0,D,6,1,309718,214.95,2011,48,69.69,56.55
23504,Historical,224691,0,0,D,6,1,733269,73.95,2012,48,33.87,58.99
23505,Historical,710424,0,0,D,2,1,4263183,32,2001,15,33.4,48.63
23506,Historical,868007,1,2,D,0,0,2519925,71.75,1995,24,65.55,18.03
23507,Historical,2877742,0,0,D,0,0,1712065,44.99,2002,19,37.69,24.97
23508,Historical,2877741,0,0,D,1,0,2485408,44.99,2002,19,37.69,17.94
23509,Historical,132680,0,0,D,1,0,508644,61.99,2009,79,50.06,10.99
23510,Historical,877534,1,2,D,0,0,1410140,45.08,2008,60,41.17,39.24
23511,Historical,58019,1,2,D,3,1,26140,59.99,2007,207,41.17,13.97
23512,Historical,2260835,1,1,D,0,0,3898432,45.91,2009,15,0,25.95
23513,Historical,132681,0,0,D,1,0,451043,61.99,2009,62,46.67,13.94
23514,Historical,182389,0,0,D,1,0,1255219,207.95,2007,48,44.24,52.99
23515,Historical,182390,0,0,D,1,0,365198,156.95,2007,50,72.07,46.49
23516,Historical,182391,0,0,D,1,0,953717,156.95,2009,31,23.98,38.91
23517,Historical,114788,0,0,D,3,1,268329,81.33,2003,81,65.97,10.67
23518,Historical,432613,0,0,D,5,1,23300,68.29,2011,122,61.99,46.99
23519,Historical,432634,1,1,D,4,1,83298,13.9,2010,43,61.99,72.77
23520,Historical,54547,0,0,D,3,1,319283,33.94,2005,118,61.99,23.98
23521,Historical,54548,1,4,D,4,1,177565,23.99,2008,91,61.99,52.74
23522,Historical,614050,0,0,D,2,1,130496,53.95,2007,42,42.88,13.87
23523,Historical,868377,0,0,D,7,1,1831745,33.56,1995,33,20.84,28.59
23524,Historical,201655,0,0,D,0,0,1456886,35.95,2001,35,37.06,19.96
23525,Historical,201757,0,0,D,2,1,288068,49.95,2009,20,37.06,38.33
23526,Historical,141977,0,0,D,3,1,676610,11.49,2010,98,53.99,11.48
23527,Historical,621584,1,1,D,4,1,58250,55.99,2013,71,22.99,41.14
23528,Historical,141978,1,2,D,3,1,95155,59.26,2010,82,22.99,35.99
23529,Historical,141785,0,0,D,2,1,1646268,58.25,2006,81,52.95,19.47
23530,Historical,141887,1,3,D,3,1,676778,91.68,2008,31,73.97,47.12
23531,Historical,734338,0,0,D,2,1,2725996,6.49,2004,36,62.13,6.49
23532,Historical,149549,0,0,D,1,0,3035018,42.95,2002,24,0,35.53
23534,Historical,2261617,0,0,D,2,1,4540065,106.98,2011,16,0,54.55
23535,Historical,872445,0,0,D,1,0,1794237,54.4,2006,41,53.32,8.99
23536,Historical,872597,0,0,D,2,1,1460346,40.6,2010,52,53.32,24.96
23537,Historical,256279,0,0,D,1,0,1523481,39.95,2003,38,23.98,17.99
23538,Historical,626370,1,1,D,0,0,625908,49.95,2007,47,24.48,28.99
23539,Historical,650554,0,0,D,1,0,2963608,49.95,2009,14,56.45,45.91
23540,Historical,870666,0,0,D,1,0,4844572,31.8,1998,22,18.76,6.83
23541,Historical,2789373,0,0,D,0,0,7546665,164,1996,12,21.68,56.07
23542,Historical,625920,0,0,D,0,0,427279,48.95,1993,39,32.3,7.93
23543,Historical,545798,0,0,D,4,1,10668,107,2012,103,62.51,18.15
23544,Historical,55900,0,0,D,2,1,779112,69.95,2006,46,62.51,7.49
23545,Historical,55899,0,0,D,3,1,30294,87,2009,65,62.51,39.98
23546,Historical,403033,1,1,D,0,0,1013970,44.99,2005,63,29.8,9.66
23547,Historical,528405,1,2,D,3,1,526981,130.67,2007,45,88.99,14.78
23548,Historical,615748,1,1,D,4,1,235910,149.6,2011,45,88.99,69.91
23549,Historical,60608,0,0,D,2,1,1462060,102.67,2003,56,88.99,8.5
23550,Historical,689361,0,0,D,1,0,160978,29.95,1998,20,37.69,28.96
23551,Historical,550106,0,0,D,2,1,1449579,30.14,2003,50,68.96,27.94
23552,Historical,209619,0,0,D,3,1,294057,99.5,2007,45,68.96,33.99
23553,Historical,200468,1,1,D,5,1,130263,149.95,2010,46,41.33,58
23554,Historical,788770,0,0,D,2,1,2862785,79.95,2001,31,78.16,18.24
23555,Historical,367366,1,1,D,1,0,2559959,65,1996,18,89.89,22.55
23556,Historical,370990,1,1,D,1,0,5681386,97.95,1999,19,70.97,12.89
23557,Historical,120143,0,0,D,1,0,1736624,48.4,2008,29,22.41,8.98
23558,Historical,874701,0,0,D,2,1,32020,77.33,2012,31,31.69,47.64
23559,Historical,147806,0,0,D,9,1,3922713,115.95,2001,29,66.44,7.98
23560,Historical,617627,0,0,D,11,1,560626,174.73,2011,28,177.09,9.99
23561,Historical,330648,0,0,D,4,1,3308640,310.95,2006,28,62.65,9.1
23562,Historical,744420,0,0,D,9,1,13879703,0,2001,12,66.44,24.99
23563,Historical,618216,0,0,D,1,0,311792,90.95,2012,45,73.78,23.54
23564,Historical,309801,0,0,D,10,1,16608,338,2012,175,136.99,32.94
23565,Historical,118272,1,2,D,1,0,701935,180,2010,49,138.98,22.94
23566,Historical,50964,1,7,D,4,1,164375,154.99,2008,115,153.95,20.87
23567,Historical,609860,1,3,D,6,1,6009,75,2012,156,153.95,69.34
23568,Historical,50965,0,0,D,3,1,1244469,16.43,2007,80,153.95,16.43
23569,Historical,50966,0,0,D,5,1,123721,12.97,2010,100,153.95,53.62
23570,Historical,120546,0,0,D,5,1,1412558,221.33,2007,64,33.99,9.95
23571,Historical,113570,0,0,D,4,1,3792934,157.33,2003,48,33.99,6.48
23572,Historical,162588,0,0,D,2,1,1439458,99,2008,32,23.98,64.39
23573,Historical,326394,0,0,D,4,1,2812175,0,2007,14,88.18,79.24
23574,Historical,366546,0,0,D,5,1,1019231,82.95,2008,37,28.52,9.86
23575,Historical,254544,1,1,D,6,1,58786,109.95,2011,40,28.52,59.12
23576,Historical,169356,1,1,D,5,1,772805,180.95,2006,93,95.39,21.99
23577,Historical,254129,1,1,D,6,1,102489,180.95,2011,102,95.39,59.17
23578,Historical,169714,1,1,D,5,1,2561768,169.95,2007,22,95.39,72.85
23579,Historical,910298,1,1,D,3,1,945920,44.95,2000,18,75.7,62.54
23580,Historical,50979,1,2,D,9,1,164485,13.97,2010,150,136.99,12.99
23581,Historical,51629,1,1,D,10,1,203255,398.95,2006,65,40.84,6.44
23582,Historical,54069,0,0,D,8,1,877079,362.95,2007,88,183.86,17.98
23583,Historical,60613,1,1,D,10,1,1260045,175.95,2004,45,66.44,15.24
23584,Historical,50946,0,0,D,12,1,972470,23.99,2006,63,83.99,19.95
23585,Historical,118744,1,1,D,2,1,821016,227.33,2008,61,108.71,23.98
23586,Historical,312348,1,1,D,2,1,1311030,172,2004,45,108.71,37.87
23587,Historical,766397,0,0,D,1,0,139172,198.95,2013,35,73.78,102.99
23588,Historical,54071,1,3,D,10,1,99508,334.95,2011,108,183.86,19.24
23589,Historical,544680,1,1,D,11,1,31212,310.95,2013,85,183.86,83.34
23590,Historical,389267,0,0,D,10,1,215333,371.95,2010,82,111.48,40.99
23591,Historical,53972,0,0,D,9,1,1359563,192,2006,114,177.09,7.99
23592,Historical,51627,1,1,D,11,1,137996,362.95,2008,63,40.84,23.98
23593,Historical,53078,0,0,D,9,1,733200,333.95,2007,60,98.97,195.97
23594,Historical,380517,0,0,D,3,1,2925723,73.95,2010,33,62.65,18.66
23595,Historical,330863,1,1,D,5,1,1782021,262.95,2008,44,62.65,10.19
23596,Historical,167147,0,0,D,2,1,665262,15.29,2005,27,23.64,15.29
23597,Historical,54851,0,0,D,3,1,1955507,128,2006,45,55.69,10.54
23598,Historical,108453,1,5,D,2,1,3574970,5.19,2004,22,79.62,10.24
23599,Historical,54852,1,1,D,4,1,363622,153.4,2009,49,55.69,38.07
23600,Historical,326315,0,0,D,2,1,3577329,97.33,2004,24,101.3,66.93
23601,Historical,137530,0,0,D,3,1,285541,139.4,2008,44,101.3,92.75
23602,Historical,326231,0,0,D,2,1,3997554,198.67,2003,19,44.48,46.52
23603,Historical,326372,0,0,D,2,1,787399,221.33,2007,50,44.48,28.99
23604,Historical,54070,1,4,D,9,1,297156,334.95,2009,196,183.86,30.19
23605,Historical,874418,0,0,D,0,0,1015892,21.7,2012,15,91.44,20.21
23606,Historical,380523,1,5,D,5,1,136251,277.95,2011,67,91.44,47.99
23607,Historical,200246,0,0,D,3,1,1631350,90.95,2006,6,28.64,22.47
23608,Historical,52643,0,0,D,6,1,31896,271.95,2008,103,141.83,17.99
23609,Historical,53735,0,0,D,8,1,2246501,5.03,2006,30,45.19,5.03
23610,Historical,53736,0,0,D,9,1,610509,26.92,2008,63,45.19,20.14
23611,Historical,872133,0,0,D,2,1,1301505,23.58,2013,22,56.7,15.42
23612,Historical,50889,0,0,D,11,1,356415,212,2009,105,158.68,22.88
23613,Historical,539432,1,1,D,13,1,8963,287.6,2013,105,158.68,71.99
23614,Historical,286463,1,1,D,11,1,1368781,110,2010,47,158.68,33.49
23615,Historical,544056,1,1,D,2,1,51811,219.5,2013,98,56.7,20.99
23616,Historical,538133,0,0,D,0,0,3697386,238.83,2009,18,121.91,63.18
23617,Historical,52642,0,0,D,5,1,1524180,287.95,2006,52,141.83,6.99
23618,Historical,52026,0,0,D,8,1,103339,33.73,2009,93,102.99,18.71
23619,Historical,52027,0,0,D,7,1,1660005,10.99,2007,47,102.99,8.29
23620,Historical,50945,1,1,D,13,1,697328,52.84,2008,91,83.99,40.46
23621,Historical,307868,0,0,D,13,1,3762143,99,2008,21,83.99,31.25
23622,Historical,105298,0,0,D,11,1,4326713,43.54,2002,10,32.2,43.99
23623,Historical,54017,0,0,D,11,1,661557,23.94,2002,39,32.2,8.05
23624,Historical,60610,0,0,D,7,1,812300,250.95,2002,44,149.73,18.98
23625,Historical,235194,0,0,D,1,0,3445936,99,2001,22,71.02,29
23626,Historical,117252,0,0,D,6,1,1306582,101.33,2006,28,56.13,44.81
23627,Historical,121186,0,0,D,7,1,91283,135.2,2010,45,56.13,63.83
23628,Historical,3277269,0,0,D,3,1,3713772,485.55,1996,29,0,81.95
23629,Historical,334740,0,0,D,3,1,518907,64.95,1995,45,34.79,46.65
23630,Historical,296362,0,0,D,5,1,95798,98.95,2010,67,29.99,46.79
23631,Historical,642121,1,3,D,5,1,125578,97.33,2012,24,0,0
23632,Historical,391036,1,5,D,1,0,87702,112,2011,61,398.97,65.31
23633,Historical,290862,1,1,D,4,1,435068,175.95,2006,44,67.39,19.99
23634,Historical,53457,1,2,D,2,1,1680907,194.95,2007,46,78.99,15.92
23635,Historical,53458,0,0,D,3,1,243059,184.95,2010,48,78.99,45.05
23636,Historical,544667,0,0,D,4,1,78708,160.95,2013,45,78.99,66.59
23637,Historical,233800,1,2,D,2,1,1623833,85.2,1999,39,83.31,16.07
23638,Historical,876447,0,0,D,9,1,619793,0,2008,26,40.49,39.86
23639,Historical,116594,0,0,D,9,1,221900,198.2,2007,29,40.49,35.02
23640,Historical,218476,0,0,D,11,1,2441459,76.4,1997,26,10.19,19.95
23641,Historical,107213,0,0,D,12,1,1407651,0,2002,30,10.19,44.85
23642,Historical,341282,0,0,D,2,1,1492338,150,1997,33,79.41,51.99
23643,Historical,233832,0,0,D,2,1,1846972,66,2004,14,63.31,85.16
23644,Historical,147463,1,1,D,6,1,244421,115,2007,26,78.98,120.15
23645,Historical,146979,0,0,D,5,1,2284328,96,2002,32,78.98,51.45
23646,Historical,584047,0,0,D,4,1,3059216,42.95,1996,23,0,13.88
23647,Historical,177317,0,0,D,2,1,323912,268.95,2005,74,117.78,32.2
23648,Historical,410395,0,0,D,6,1,60475,120.95,2011,60,44.03,58.93
23649,Historical,477666,1,1,D,5,1,261976,134.95,2007,66,44.03,8.44
23650,Historical,272477,0,0,D,3,1,1433029,66,2008,35,49.58,18.99
23651,Historical,622055,0,0,D,2,1,1041860,148.87,2004,43,49.89,43.53
23652,Historical,60612,0,0,D,2,1,4025901,52,2000,37,43.5,33.99
23653,Historical,194054,1,2,D,3,1,232270,72,2004,69,43.5,10.99
23654,Historical,393473,0,0,D,6,1,1970186,56.95,2003,14,82.94,48.98
23655,Historical,53077,1,1,D,8,1,2202375,208.95,2004,39,98.97,23.99
23656,Historical,244351,1,2,D,6,1,19741,319.5,2011,100,143.54,28.48
23657,Historical,178706,0,0,D,11,1,194675,344.95,2011,48,176.49,66.84
23658,Historical,290276,0,0,D,1,0,2961302,4.04,2010,19,30.37,5.88
23659,Historical,538793,0,0,D,4,1,119798,268.25,2013,50,163.99,59.87
23660,Historical,603400,1,4,D,5,1,1452680,52.89,2009,22,192.98,33.99
23661,Historical,166714,1,2,D,1,0,510845,5.47,2011,62,30.37,7.46
23662,Historical,52466,0,0,D,2,1,638411,249.87,2009,110,103.73,21.94
23663,Historical,330501,0,0,D,9,1,2592087,284.95,2005,26,91.99,18.99
23664,Historical,148672,1,2,D,10,1,906362,349.95,2007,33,91.99,23.99
23665,Historical,343040,0,0,D,1,0,199736,40.97,2008,63,61.93,41.55
23666,Historical,51838,0,0,D,8,1,506393,38.99,2008,113,103.99,22.94
23667,Historical,716167,0,0,D,1,0,5446575,225.75,2013,21,0,59.95
23668,Historical,52974,0,0,D,4,1,2533026,219.95,2007,52,8.04,8.99
23669,Historical,50834,0,0,D,9,1,1309274,429.95,2010,51,73.12,45.32
23670,Historical,621006,0,0,D,12,1,106050,344.95,2013,60,176.49,43.99
23671,Historical,111663,0,0,D,3,1,2985371,0,2011,21,163.99,129.68
23672,Historical,288941,0,0,D,10,1,1532643,363.95,2008,35,176.49,39.95
23673,Historical,54692,1,1,D,1,0,1406661,10.58,2007,92,100.87,10.6
23674,Historical,54693,0,0,D,2,1,410676,78.66,2010,100,100.87,26.03
23675,Historical,162847,0,0,D,5,1,154569,25.98,2009,128,143.54,17.84
23676,Historical,110145,0,0,D,2,1,548627,93.73,2009,56,163.99,62.09
23677,Historical,533669,0,0,D,3,1,22118,305.8,2012,136,103.73,20.49
23678,Historical,330612,0,0,D,3,1,3048404,310.95,2005,43,8.04,15.49
23679,Historical,533938,0,0,D,5,1,1681756,16.87,2009,26,68.68,16.87
23680,Historical,60615,0,0,D,4,1,2608284,44.45,2007,24,68.68,61.18
23681,Historical,50836,0,0,D,8,1,899357,429.95,2007,48,73.12,21.93
23682,Historical,162110,0,0,D,4,1,4737558,0,2007,20,49.96,33.96
23683,Historical,752229,0,0,D,5,1,2285290,44.98,2009,18,49.96,44.98
23684,Historical,866646,0,0,D,1,0,533981,97.75,2010,27,7.27,21.76
23685,Historical,918625,1,1,D,2,1,1759993,12.79,2005,65,19.33,12.76
23686,Historical,367104,1,1,D,2,1,1540751,66.95,2004,91,19.33,4.99
23687,Historical,2249632,0,0,D,5,1,2577330,138.99,2010,40,0,71.86
23688,Historical,309106,0,0,D,4,1,1470308,11.46,2007,37,83.81,13.98
23689,Historical,528353,0,0,D,5,1,121971,80,2010,59,83.81,56.29
23690,Historical,286230,0,0,D,2,1,899740,198.67,2006,33,103.97,102.94
23691,Historical,314800,0,0,D,2,1,100128,198.67,2006,51,103.97,68.31
23692,Historical,254156,0,0,D,12,1,164885,357.95,2010,48,134.29,41.99
23693,Historical,148453,1,2,D,1,0,1628884,250.95,2007,30,148.89,22.23
23694,Historical,56583,0,0,D,5,1,1494604,15.93,2005,62,119.98,11.84
23695,Historical,56584,1,1,D,6,1,163603,22.75,2007,89,119.98,26.66
23696,Historical,50277,1,1,D,5,1,14908,376,2008,97,188.99,27.56
23697,Historical,538161,0,0,D,5,1,483268,107.75,2008,23,188.99,88.98
23698,Historical,50278,0,0,D,4,1,740855,56.09,2006,65,188.99,13.99
23699,Historical,625876,1,1,D,1,0,56539,280.6,2013,42,0,0
23700,Historical,907126,0,0,D,1,0,617033,180.67,2013,28,0,117.67
23701,Historical,1453252,0,0,D,1,0,302164,204.2,2013,20,0,173.12
23702,Historical,1453251,1,2,D,1,0,573790,276.93,2013,19,0,225.85
23703,Historical,334163,0,0,D,5,1,2707052,125,2002,51,68.99,12.99
23704,Historical,50270,0,0,D,10,1,67823,63.42,2010,53,76.27,47.49
23705,Historical,878302,1,1,D,11,1,2591906,50.03,2007,50,134.29,42.47
23706,Historical,52700,0,0,D,10,1,2636898,223.95,2004,39,134.29,5.46
23707,Historical,60616,0,0,D,11,1,928673,306.95,2005,36,38.65,8.76
23708,Historical,117678,1,3,D,5,1,1043290,173.33,2005,81,63.99,13.49
23709,Historical,120658,0,0,D,6,1,226876,245.2,2008,58,63.99,58.05
23710,Historical,290581,0,0,D,5,1,1561996,13.97,2005,55,72,12
23711,Historical,2363461,0,0,D,0,0,1549850,125.99,2003,15,114.45,103.51
23712,Historical,381480,0,0,D,7,1,129143,43.99,2011,127,72,31.99
23713,Historical,751502,0,0,D,6,1,5221611,34.49,2009,19,72,36.99
23714,Historical,50272,0,0,D,9,1,592229,38.25,2007,65,76.27,23.24
23715,Historical,127081,0,0,D,6,1,994312,145,2006,33,88.96,5.86
23716,Historical,129481,0,0,D,7,1,220170,99.95,2011,68,88.96,11.99
23717,Historical,52701,1,1,D,11,1,577165,393.95,2007,60,134.29,32.98
23718,Historical,147976,0,0,D,10,1,979953,216.95,2002,44,38.65,12.82
23719,Historical,391032,0,0,D,2,1,582974,102,2008,42,117.64,29.68
23720,Historical,533595,0,0,D,7,1,38340,375.95,2012,101,202.7,78.95
23721,Historical,53308,0,0,D,6,1,416201,397.95,2009,78,202.7,43.06
23722,Historical,53309,0,0,D,5,1,1711333,285.95,2005,58,202.7,4.48
23723,Historical,317179,0,0,D,9,1,608758,122.4,2010,59,41.99,42.77
23724,Historical,314384,0,0,D,7,1,1193962,86.67,2004,36,41.99,8.97
23725,Historical,315094,0,0,D,8,1,513970,122.4,2007,61,41.99,18.76
23726,Historical,242597,0,0,D,1,0,1397013,50,2002,16,68.55,49.49
23727,Historical,366227,0,0,D,2,1,6195790,52.95,2004,12,5.21,4
23728,Historical,889585,0,0,D,0,0,5422620,54.95,2001,10,49.08,107.49
23729,Historical,294332,0,0,D,1,0,497592,50,2003,52,52.89,13.98
23730,Historical,345529,0,0,D,1,0,827557,155,1996,16,49.97,28.99
23731,Historical,118148,1,2,D,5,1,782820,153.4,2009,56,87.86,23.99
23732,Historical,116626,1,3,D,4,1,1169305,128,2004,63,87.86,12.95
23733,Historical,428295,1,2,D,0,0,3981449,73.6,2003,26,42.74,6.48
23734,Historical,132347,0,0,D,2,1,1040597,96.8,2007,37,42.74,47.27
23735,Historical,51109,1,2,D,5,1,110204,43.98,2010,76,40.98,79.13
23736,Historical,51107,0,0,D,3,1,1736758,4,2003,42,40.98,4.27
23737,Historical,51108,0,0,D,4,1,503574,8.8,2006,107,40.98,5.69
23738,Historical,117148,0,0,D,2,1,613469,110.67,2005,25,84.62,51.87
23739,Historical,114934,1,1,D,2,1,616431,102.67,2005,45,84.62,34.23
23740,Historical,340176,0,0,D,2,1,3748180,0,2003,24,51.06,43.54
23741,Historical,307254,1,2,D,2,1,2876309,65.84,2002,14,63.56,54.85
23742,Historical,325123,0,0,D,2,1,742273,13.99,2002,59,63.56,11.48
23743,Historical,322585,0,0,D,3,1,3334922,57,2001,36,38.61,8.89
23744,Historical,403862,0,0,D,4,1,1019622,66.67,2005,43,38.61,19.98
23745,Historical,259807,0,0,D,3,1,2018804,138,2000,19,46.19,31.88
23746,Historical,60618,1,2,D,3,1,1207308,113,2006,67,87.34,11.01
23747,Historical,132887,0,0,D,4,1,591081,128.6,2010,26,87.34,83.95
23748,Historical,609941,0,0,D,14,1,290571,34.75,2010,29,28.83,119.15
23749,Historical,376957,0,0,D,12,1,335867,21.95,2004,40,28.83,72.3
23750,Historical,377149,1,1,D,13,1,1435714,24.95,2007,18,28.83,67.47
23751,Historical,363467,0,0,D,0,0,239081,28,1999,30,8.88,43.69
23752,Historical,394244,0,0,D,8,1,393841,78.95,2011,43,63.99,57.67
23753,Historical,365310,0,0,D,7,1,1011264,74.95,2007,72,63.99,26.42
23754,Historical,760588,0,0,D,1,0,1577873,94.95,2004,40,44.76,7.78
23755,Historical,131355,0,0,D,0,0,2134978,87.6,2002,45,0,0
23756,Historical,248068,0,0,D,2,1,382280,86,2010,27,53.94,36.81
23757,Historical,912583,1,5,D,8,1,943376,82.59,2009,32,34.04,64.65
23758,Historical,366223,0,0,D,1,0,1671406,67.95,2005,37,53.94,9.34
23759,Historical,339081,0,0,D,1,0,2070628,150,2007,22,85.64,104.99
23760,Historical,114853,1,1,D,3,1,2251260,122,2001,34,85.89,15.98
23761,Historical,120792,0,0,D,5,1,685914,187,2009,34,85.89,73.99
23762,Historical,148742,0,0,D,8,1,156413,371.95,2010,74,150.83,63.99
23763,Historical,350318,0,0,D,2,1,3544030,171.95,1998,25,30.51,16.94
23764,Historical,2626629,0,0,D,0,0,10324443,18.95,1998,10,30.51,50.07
23765,Historical,227624,0,0,D,8,1,276830,104.95,2009,71,35.09,40.99
23766,Historical,227603,0,0,D,7,1,263567,75.16,2005,53,35.09,44.41
23767,Historical,644521,0,0,D,8,1,170958,109.33,2012,23,73.99,103.61
23768,Historical,278898,1,1,D,5,1,238820,124.95,2008,86,99.96,45.22
23769,Historical,55731,1,3,D,4,1,358740,96.95,2006,58,68.82,6.77
23770,Historical,544987,1,2,D,3,1,21926,105,2012,53,53.99,51.99
23771,Historical,247931,0,0,D,2,1,196066,80,2008,71,53.99,21.99
23772,Historical,528333,0,0,D,9,1,38732,125,2012,82,198.99,41.89
23773,Historical,53507,0,0,D,15,1,35564,333.95,2009,237,186.98,32.87
23774,Historical,315452,1,3,D,7,1,32112,242.4,2011,102,203.99,100.37
23775,Historical,53592,0,0,D,6,1,720009,223.2,2009,74,203.99,21.49
23776,Historical,148603,0,0,D,10,1,215104,391.95,2008,42,103.98,49.99
23777,Historical,147907,0,0,D,8,1,3668211,125.95,2002,40,103.98,12.06
23778,Historical,309119,0,0,D,8,1,809143,23.99,2009,63,198.99,21.99
23779,Historical,53506,0,0,D,14,1,1033887,216.95,2006,164,186.98,7.46
23780,Historical,288903,0,0,D,9,1,1399960,174.95,2005,61,103.98,12.89
23781,Historical,148592,0,0,D,1,0,785806,226.95,2007,69,193.97,29.95
23782,Historical,148526,0,0,D,1,0,1109496,226.95,2007,23,193.97,36.52
23783,Historical,2832781,0,0,D,3,1,10720066,159.95,2004,6,81.15,26.48
23784,Historical,117424,0,0,D,6,1,1265423,201.33,2008,61,5.86,27.98
23785,Historical,60619,0,0,D,5,1,3427031,159.4,2004,37,5.86,9.84
23786,Historical,339269,0,0,D,3,1,2173608,0,2005,18,35.99,48.83
23787,Historical,163280,0,0,D,1,0,3261939,80,2003,29,50.49,33.99
23788,Historical,163503,0,0,D,4,1,446688,23.94,2009,47,35.99,37.99
23789,Historical,332034,0,0,D,0,0,2682464,62,2002,21,61.44,32.02
23790,Historical,243679,0,0,D,2,1,639572,47.5,2008,37,51.49,33.94
23791,Historical,748404,0,0,D,1,0,3944891,80,2005,15,38.94,49.67
23792,Historical,873991,0,0,D,0,0,434162,30.97,2010,10,98.49,31.74
23793,Historical,704954,0,0,D,1,0,62758,0,2007,25,73.19,48.11
23794,Historical,309721,1,1,D,1,0,34251,50.14,2007,36,73.19,88.53
23795,Historical,110393,1,2,D,2,1,42716,226.5,2008,68,64.98,108.11
23796,Historical,1840303,0,0,D,1,0,3160025,60.99,2009,17,49.5,66.81
23797,Historical,117061,0,0,D,7,1,486369,155,2008,35,95.93,32.33
23798,Historical,285954,0,0,D,6,1,3337731,99.6,2004,19,95.93,4.99
23799,Historical,2257375,0,0,D,7,1,4761636,97.03,2008,41,95.93,56.57
23800,Historical,367563,0,0,D,2,1,3648210,46,1995,80,15.96,4.01
23802,Historical,261070,0,0,D,2,1,2599468,54.95,2001,25,0,30.49
23803,Historical,385710,0,0,D,2,1,2195121,89.99,2006,14,63.95,48.96
23804,Historical,366568,1,3,D,1,0,200461,99.95,2010,84,62.99,11.97
23805,Historical,616342,0,0,D,3,1,1448327,97.95,2005,33,63.56,18.99
23806,Historical,363639,1,4,D,2,1,58900,85,2009,89,58.76,15.97
23807,Historical,408175,0,0,D,4,1,1164040,93.95,2004,51,76.04,23.96
23808,Historical,366570,0,0,D,7,1,55746,140.95,2011,99,76.04,23.99
23809,Historical,293878,0,0,D,6,1,1358694,169.95,2008,33,76.04,20.06
23810,Historical,200408,1,1,D,6,1,458345,139.95,2008,96,76.04,8.99
23811,Historical,341402,0,0,D,1,0,7954893,120,1997,14,52.14,21.85
23812,Historical,910470,0,0,D,4,1,3451099,76.95,2003,18,23.49,23.98
23813,Historical,373464,1,1,D,5,1,1799322,104.95,2007,31,23.49,20.08
23814,Historical,313270,1,1,D,2,1,2523978,100,2001,18,68.64,11.99
23815,Historical,402990,0,0,D,3,1,350240,132.8,2004,27,68.64,21.42
23816,Historical,326906,0,0,D,1,0,2217819,42,1999,27,0,27.72
23817,Historical,55896,0,0,D,7,1,3613797,142.95,2004,26,72.48,13.94
23818,Historical,55893,0,0,D,6,1,2569314,99.95,2001,29,72.48,43.16
23819,Historical,55894,0,0,D,8,1,732211,194,2007,25,72.48,39.98
23820,Historical,260112,0,0,D,6,1,440205,54.95,2006,41,47.98,22.95
23821,Historical,349823,0,0,D,6,1,609977,106.95,2009,45,49.81,53.63
23822,Historical,608638,1,1,D,5,1,939472,117.95,2005,63,49.81,15.79
23823,Historical,870505,0,0,D,2,1,994986,32.95,2000,34,42.36,39.9
23824,Historical,297856,1,2,D,4,1,473269,193,2009,33,83.99,32.84
23825,Historical,661082,0,0,D,5,1,1019965,73,2012,14,0,0
23827,Historical,573567,0,0,D,1,0,2173270,17.95,1997,33,36.78,43.45
23828,Historical,126786,0,0,D,2,1,346301,39.95,2005,30,36.78,10.94
23829,Historical,804303,0,0,D,22,1,1055017,315,2008,15,153.99,210.99
23830,Historical,637528,1,2,D,0,0,1022849,43.95,1995,24,0,0
23831,Historical,244227,0,0,D,5,1,62490,191.95,2012,64,78.09,72.49
23832,Historical,170174,0,0,D,1,0,657559,200.95,2010,40,97.79,78.54
23833,Historical,116383,1,1,D,0,0,173884,105.2,2003,34,101.81,45.57
23834,Historical,120274,1,1,D,6,1,576982,160.8,2011,40,83.78,128.91
23835,Historical,528296,0,0,D,5,1,649718,126.6,2007,19,83.78,100.05
23836,Historical,224540,1,1,D,5,1,1016261,74.2,1999,34,47.99,23.83
23837,Historical,134723,0,0,D,7,1,328727,43,2007,36,11.35,32.43
23838,Historical,671859,0,0,D,0,0,271647,45,2001,16,0,0
23840,Historical,282301,0,0,D,4,1,1216322,46.21,2009,24,98.07,55.87
23841,Historical,233830,0,0,D,2,1,592966,58,2004,30,0,0
23842,Historical,202833,0,0,D,2,1,202001,221.95,2003,40,178.97,53.57
23843,Historical,439341,0,0,D,1,0,1059861,114,2005,44,43.99,39.89
23844,Historical,1588708,0,0,D,1,0,1922814,99,2009,15,82.97,42.17
23845,Historical,632933,0,0,D,4,1,1233472,130,2007,17,83.14,96.14
23846,Historical,774905,0,0,D,3,1,3881963,79.95,2001,15,83.14,73.83
23847,Historical,3120662,0,0,D,0,0,3150637,15.56,2003,20,81.89,11.82
23848,Historical,652719,0,0,D,10,1,988562,269.95,2011,26,88.98,847.71
23849,Historical,255415,0,0,D,9,1,996798,179.95,2007,8,88.98,59.54
23850,Historical,626035,0,0,D,6,1,2379653,61.99,2005,20,35.84,10.86
23851,Historical,911910,0,0,D,6,1,2474888,89,2007,17,104.05,48.13
23852,Historical,265322,0,0,D,7,1,702425,97,2010,26,104.05,115.59
23853,Historical,2650091,0,0,D,0,0,8411374,141.99,2001,13,76.98,107.22
23854,Historical,778437,0,0,D,1,0,2398016,105.95,2006,22,67.88,60.94
23855,Historical,203647,0,0,D,2,1,1121485,59.95,2004,21,47.48,39.71
23856,Historical,204082,0,0,D,3,1,1019386,72,2008,32,47.48,52.44
23857,Historical,174953,1,1,D,1,0,2205419,72,2007,14,61.38,30.97
23858,Historical,2698201,0,0,D,2,1,1420220,49.95,2004,11,33.07,73.99
23859,Historical,2679214,0,0,D,0,0,3244206,75,1993,19,80.77,46.41
23860,Historical,1959200,0,0,D,4,1,4312192,92.95,2011,11,93.29,79.86
23861,Historical,147370,0,0,D,4,1,1780599,53.95,2006,27,39.01,13.27
23862,Historical,210917,0,0,D,4,1,1180987,39.95,2005,88,26.99,9.88
23863,Historical,211023,0,0,D,5,1,167416,46.95,2010,167,26.99,11.99
23864,Historical,758644,1,1,D,21,1,1217101,112.13,1998,23,33.97,78.85
23865,Historical,164562,0,0,D,22,1,530853,66.12,2001,37,160.59,73.37
23866,Historical,203493,0,0,D,5,1,3254650,59.95,2003,18,45.93,23.98
23867,Historical,203934,0,0,D,6,1,1088750,61.95,2007,28,45.93,23.25
23868,Historical,789382,0,0,D,6,1,7090113,59.95,2004,16,27.69,10.74
23869,Historical,789836,0,0,D,7,1,1919213,69.99,2008,22,27.69,9.55
23870,Historical,778453,0,0,D,11,1,2843510,36.95,2006,30,44.09,5.99
23871,Historical,200514,0,0,D,12,1,450918,59.95,2009,46,44.09,21.99
23872,Historical,629678,0,0,D,5,1,2600503,71.99,2008,22,45.49,26.3
23873,Historical,204173,0,0,D,7,1,1111440,71.99,2007,32,59.26,10.98
23874,Historical,159430,0,0,D,5,1,2171378,72,2001,23,15.99,46.63
23876,Historical,528282,0,0,D,5,1,1204495,170,2010,39,122.99,121.98
23877,Historical,911463,0,0,D,8,1,4660836,55.95,1988,28,63.11,43.94
23878,Historical,192821,0,0,D,2,1,819690,56.95,2002,39,48.99,10.99
23879,Historical,155538,0,0,D,1,0,2099612,94.99,2004,17,70.59,72.51
23880,Historical,1588914,0,0,D,1,0,1852284,59,2009,17,47.99,48.46
23881,Historical,54511,1,1,D,17,1,43493,89.51,2008,81,110.49,63.73
23882,Historical,54510,1,4,D,16,1,245243,323.91,2006,82,110.49,92.55
23883,Historical,528277,0,0,D,2,1,942404,74.95,2008,29,63.19,127.81
23884,Historical,266679,0,0,D,0,0,1635596,44.95,2005,19,63.19,73.97
23885,Historical,897362,0,0,D,2,1,2586947,165,2005,14,199.32,113.99
23886,Historical,902864,0,0,D,0,0,2632950,105,2000,15,199.32,151.34
23887,Historical,655581,0,0,D,1,0,922396,85,2011,12,0,0
23888,Historical,907281,0,0,D,1,0,1664829,41.2,1992,19,37.79,72.73
23889,Historical,878498,1,2,D,5,1,368416,69.8,1998,51,60,77.98
23890,Historical,249090,1,1,D,1,0,237884,96.95,2008,55,82.61,77.27
23891,Historical,2398810,0,0,D,0,0,10559186,38.95,1990,11,8.28,0
23892,Historical,643893,1,1,D,5,1,415772,147.95,2010,27,0,0
23893,Historical,631690,1,2,D,4,1,358716,115.95,2008,24,53.91,66.01
23894,Historical,116836,1,2,D,5,1,368741,164,2005,45,164.99,48.83
23895,Historical,120754,1,1,D,6,1,104059,205,2009,41,164.99,91.47
23896,Historical,2176887,0,0,D,1,0,2264739,138.95,2009,18,89.53,103.99
23897,Historical,204817,1,1,D,4,1,2137298,65,1997,45,44.98,11.94
23898,Historical,599131,0,0,D,2,1,1692233,75,2007,18,58.43,17.48
23899,Historical,901177,0,0,D,1,0,1627643,139,2008,17,65.99,20.99
23900,Historical,120590,1,1,D,9,1,221269,119.6,2008,50,71.85,41.94
23901,Historical,116027,0,0,D,8,1,505264,90.8,2004,56,71.85,33.49
23902,Historical,606912,1,3,D,4,1,684916,6.89,2005,96,66.5,13.94
23903,Historical,110670,0,0,D,6,1,34796,60.93,2009,79,66.5,53.39
23904,Historical,60621,1,3,D,5,1,105846,23.97,2007,89,66.5,23.97
23905,Historical,550308,1,1,D,6,1,886193,146.25,2006,41,65.98,40.98
23906,Historical,50223,1,11,D,5,1,613326,153.5,2004,58,65.98,16.86
23907,Historical,426262,1,1,D,3,1,206146,132.95,2008,59,136.59,33.99
23908,Historical,287255,1,1,D,0,0,1551019,59.95,2006,18,54.54,72.89
23910,Historical,622767,0,0,D,2,1,479184,88.95,2005,25,65.57,83.33
23911,Historical,181374,0,0,D,1,0,3360301,51.73,2002,32,0,8.97
23912,Historical,910581,0,0,D,1,0,4351619,62.53,2008,26,0,42.94
23913,Historical,636519,0,0,D,1,0,1397041,51.95,2004,23,54.34,29.58
23914,Historical,315149,0,0,D,5,1,248251,174.6,2008,46,101.98,58.07
23915,Historical,314347,0,0,D,4,1,1198450,122.67,2004,55,101.98,8.43
23916,Historical,385582,0,0,D,2,1,844241,78,2007,16,29.19,53.47
23917,Historical,51584,0,0,D,14,1,808292,335.95,2007,77,146.61,14.28
23918,Historical,51579,1,2,D,15,1,641779,293.95,2008,73,146.61,9.97
23919,Historical,538821,1,2,D,4,1,3910,272,2013,133,161.37,22.67
23920,Historical,107847,0,0,D,13,1,2031817,0,2004,18,39.89,48.14
23921,Historical,869470,0,0,D,1,0,3990281,59,2009,14,49.58,33.99
23922,Historical,587582,0,0,D,16,1,283893,217.95,2011,74,146.61,98.73
23923,Historical,137495,0,0,D,4,1,3228644,110.67,2005,31,79.21,15.67
23924,Historical,528270,0,0,D,5,1,586463,167.4,2009,30,79.21,12.99
23925,Historical,533759,1,3,D,11,1,6030,226.67,2012,167,108.99,63.99
23926,Historical,51469,0,0,D,9,1,92297,188,2008,169,108.99,21.48
23927,Historical,51470,1,6,D,10,1,148391,210,2010,104,108.99,33.98
23928,Historical,594075,0,0,D,11,1,493261,376.95,2010,67,69.21,41.46
23929,Historical,53476,0,0,D,3,1,324170,22.97,2011,213,161.37,18.31
23930,Historical,53474,0,0,D,1,0,1986248,4.88,2007,38,161.37,8.99
23931,Historical,873553,0,0,D,11,1,1063761,154.95,2008,36,47.16,83.67
23932,Historical,60623,0,0,D,10,1,1334869,127.95,2006,24,47.16,54.32
23933,Historical,864688,1,2,D,12,1,1578,272,2014,125,108.5,86.49
23934,Historical,614240,1,1,D,1,0,1228661,92,2009,43,49.58,11.48
23935,Historical,109714,0,0,D,14,1,535615,0,2005,52,39.89,56.21
23936,Historical,533638,1,3,D,11,1,3148,83.96,2012,160,108.5,28.99
23937,Historical,544474,1,3,D,17,1,17746,221.95,2013,74,146.61,43.94
23938,Historical,562005,1,1,D,9,1,290391,373.95,2007,74,69.21,17.95
23939,Historical,2695245,0,0,D,4,1,1234625,59.95,2004,23,8.48,46.26
23940,Historical,575617,0,0,D,5,1,1657561,65,2011,22,8.48,28.43
23941,Historical,53475,0,0,D,2,1,796722,13.42,2009,172,161.37,12.98
23942,Historical,601499,0,0,D,2,1,3197590,61.95,2004,21,0,0
23943,Historical,247898,0,0,D,0,0,132559,55,2009,31,53.23,49.57
23944,Historical,60624,1,1,D,4,1,1288758,114.4,2005,77,73.99,18.99
23945,Historical,528267,1,2,D,5,1,53700,158,2009,91,73.99,26.16
23946,Historical,539274,1,2,D,6,1,19620,184.6,2013,67,73.99,93.92
23947,Historical,528266,0,0,D,2,1,469734,112,2009,60,91,17.7
23948,Historical,314939,1,1,D,14,1,7111,294.4,2011,179,156.99,58.24
23949,Historical,698659,0,0,D,10,1,278335,94.5,2010,27,98.07,43.12
23950,Historical,877496,0,0,D,3,1,1065304,45.17,2005,49,64.88,22.85
23951,Historical,315388,0,0,D,2,1,5984870,82,1998,30,39.53,27.99
23952,Historical,326190,0,0,D,3,1,7556252,87.5,2002,17,39.53,65.24
23953,Historical,2712572,0,0,D,0,0,3475356,178.95,2004,20,82.96,48.07
23954,Historical,309113,1,2,D,1,0,443607,77.86,2009,80,111.26,40.44
23955,Historical,51015,0,0,D,10,1,81418,42.72,2010,51,98.07,46.87
23956,Historical,50923,0,0,D,7,1,56313,13.98,2009,51,71.5,33.66
23957,Historical,50924,1,2,D,6,1,1444799,7.04,2006,50,71.5,4.58
23958,Historical,698931,0,0,D,7,1,3477290,105.5,2010,19,71.5,37.58
23959,Historical,566825,1,1,D,0,0,271755,53,2005,25,82.96,74.8
23960,Historical,51014,1,1,D,9,1,668058,12.99,2008,60,98.07,12.74
23961,Historical,50884,1,1,D,13,1,58186,217.33,2008,262,156.99,16.99
23962,Historical,50926,0,0,D,3,1,1071865,192.67,2006,75,64.88,11.14
23963,Historical,50925,0,0,D,2,1,4022935,144.4,2003,40,64.88,7.99
23964,Historical,51013,0,0,D,8,1,814961,15.05,2006,47,98.07,14.09
23965,Historical,50883,0,0,D,12,1,279045,166.67,2006,223,156.99,13.83
23966,Historical,117736,0,0,D,1,0,769266,39.99,2006,68,31.18,12.18
23967,Historical,121249,0,0,D,2,1,120916,54.99,2010,41,31.18,72.61
23968,Historical,167040,0,0,D,10,1,1604527,10.2,2005,44,36.98,10.2
23969,Historical,528262,0,0,D,11,1,124442,18.9,2009,63,36.98,11.22
23970,Historical,116446,0,0,D,2,1,1100294,104.33,2004,49,43.77,18.39
23971,Historical,710094,0,0,D,1,0,2702332,80,2001,30,43.77,6.02
23972,Historical,121596,1,1,D,4,1,1253072,82.8,2010,16,55.03,5.99
23973,Historical,528260,0,0,D,4,1,199232,82.8,2010,48,55.03,59.99
23974,Historical,552875,0,0,D,3,1,264747,7.98,2008,23,55.03,15.52
23975,Historical,919579,0,0,D,5,1,4298105,51.95,2002,35,4.81,33.98
23976,Historical,653668,1,1,D,6,1,1733694,50.95,2007,24,4.81,39.05
23977,Historical,520576,0,0,D,2,1,4035472,70.95,2005,20,45.2,40.84
23978,Historical,52985,0,0,D,6,1,369051,189.33,2008,127,145.06,16.66
23979,Historical,52984,1,1,D,5,1,1086650,162.67,2006,118,145.06,10.39
23980,Historical,767187,0,0,D,1,0,8313308,181.95,1998,18,47.98,22.46
23981,Historical,60625,0,0,D,9,1,704150,240.95,2004,33,59.98,16.69
23982,Historical,626397,0,0,D,5,1,168206,223.27,2006,50,9.81,8.97
23983,Historical,53895,0,0,D,6,1,14629,239.4,2009,51,132.55,101.39
23984,Historical,53302,0,0,D,8,1,336506,18.79,2009,72,118.94,21.87
23985,Historical,873410,0,0,D,10,1,2643211,112,2009,22,51.5,73.36
23986,Historical,54175,0,0,D,10,1,479528,55.26,2009,33,51.5,58.33
23987,Historical,692286,0,0,D,8,1,761001,131.95,2001,37,59.98,42.99
23988,Historical,53894,1,4,D,5,1,156143,20.99,2006,47,132.55,18.98
23989,Historical,53304,0,0,D,7,1,1016722,169.5,2006,47,118.94,48.47
23990,Historical,54174,1,1,D,9,1,887058,18,2006,35,51.5,13.98
23991,Historical,528256,0,0,D,8,1,44616,130,2012,58,41.97,49.98
23992,Historical,162273,0,0,D,7,1,220660,23.98,2009,94,41.97,22.34
23993,Historical,52917,1,4,D,10,1,28170,199.33,2010,182,108.5,34.02
23994,Historical,52141,0,0,D,3,1,2762408,162.95,2004,38,110.97,8.35
23995,Historical,110190,0,0,D,7,1,130885,52.99,2010,43,78.99,53.48
23996,Historical,2697448,0,0,D,2,1,5901730,39.95,1998,18,38.68,53.15
23997,Historical,108793,0,0,D,5,1,2075464,13.66,2005,35,78.99,15.44
23998,Historical,52142,0,0,D,4,1,728192,297.95,2007,64,110.97,39.74
23999,Historical,537605,0,0,D,5,1,3549,204,2012,161,133.53,35.97
24000,Historical,51666,1,1,D,4,1,76795,26.23,2010,133,133.53,26.08
24001,Historical,51665,0,0,D,3,1,359011,28.75,2008,150,133.53,15.18
24002,Historical,576604,0,0,D,3,1,2987156,108.95,2004,25,126.99,16.4
24003,Historical,543339,0,0,D,2,1,1243480,84.95,2004,26,126.99,16.46
24004,Historical,2525782,0,0,D,1,0,5510705,64.95,1997,12,42.49,73.67
24005,Historical,294173,0,0,D,3,1,181374,77.5,2008,108,29.98,19.98
24006,Historical,203355,0,0,D,2,1,1231297,68.95,2004,88,29.98,20.99
24007,Historical,191497,0,0,D,0,0,128328,39.95,1999,26,0,43.99
24008,Historical,103839,0,0,D,10,1,1077910,150,1996,39,110.99,106.58
24009,Historical,875742,1,2,D,9,1,897188,0,1987,42,110.99,109.89
24010,Historical,53068,0,0,D,5,1,3708782,72.45,2003,37,76.26,10.58
24011,Historical,109447,0,0,D,6,1,3156454,104.69,2006,17,76.26,12.49
24012,Historical,53070,1,2,D,7,1,179080,22.99,2008,48,76.26,21.98
24013,Historical,53069,0,0,D,6,1,1988456,111,2006,20,76.26,7.97
24014,Historical,53149,1,1,D,7,1,80159,31.17,2010,104,112.19,17.5
24015,Historical,111794,0,0,D,7,1,1139873,154.53,2010,15,112.19,69.49
24016,Historical,877078,1,1,D,7,1,1072907,0,2011,31,106.4,20.68
24017,Historical,53148,1,1,D,6,1,408590,37.87,2007,86,112.19,34.31
24018,Historical,53301,0,0,D,6,1,394928,124.67,2009,55,53.99,17.86
24019,Historical,133066,0,0,D,7,1,32941,159,2010,100,106.4,67.48
24020,Historical,53300,1,1,D,6,1,1411306,136.6,2011,40,53.99,16.64
24021,Historical,53147,0,0,D,5,1,2022597,16.11,2005,50,112.19,65.25
24022,Historical,60626,0,0,D,6,1,213442,147,2007,114,106.4,14.99
24023,Historical,53382,1,2,D,10,1,291869,23.9,2008,156,126.5,21.99
24024,Historical,169777,1,1,D,10,1,2708186,27.98,2008,19,126.5,27.98
24025,Historical,53383,0,0,D,9,1,1790638,145,2005,108,126.5,4.96
24026,Historical,643180,0,0,D,11,1,1265961,95.99,2007,23,44.54,59.35
24027,Historical,2664629,0,0,D,10,1,2013636,64.95,2001,36,44.54,36.85
24028,Historical,113303,0,0,D,2,1,190677,130,1995,24,102.67,127.7
24029,Historical,908356,0,0,D,0,0,1544306,12.95,2008,24,40.11,9.3
24030,Historical,368065,0,0,D,2,1,482811,45,2005,36,43.99,21.49
24031,Historical,294147,1,1,D,5,1,820791,82.95,2005,47,25.99,21.99
24032,Historical,161660,0,0,D,2,1,117181,125.83,2009,39,67.57,139.81
24033,Historical,164815,0,0,D,1,0,1593257,12.99,2007,29,67.57,11
24034,Historical,868028,0,0,D,1,0,1044719,13.89,2009,64,72.88,12.09
24035,Historical,696382,0,0,D,4,1,2246911,94.95,1997,20,13.03,58.8
24036,Historical,545769,0,0,D,4,1,24972,90,2013,153,74.5,18.46
24037,Historical,229156,1,1,D,2,1,1417552,44.95,2007,64,74.5,10.83
24038,Historical,270676,1,2,D,3,1,189870,81,2010,132,74.5,11.98
24039,Historical,676858,0,0,D,0,0,4403997,24.5,2003,20,43,7.18
24040,Historical,143047,0,0,D,6,1,1482071,41,2006,40,43,8.93
24041,Historical,765852,0,0,D,4,1,138960,140.95,2005,39,112.93,9.95
24042,Historical,875731,0,0,D,5,1,1112232,233.95,2008,44,112.93,43.91
24043,Historical,567771,0,0,D,6,1,213746,219.95,2011,48,112.93,40.6
24044,Historical,111984,0,0,D,17,1,2194667,0,2011,23,16.4,8.36
24045,Historical,58009,0,0,D,2,1,1253136,18.59,2007,54,66.98,18.59
24046,Historical,111090,0,0,D,3,1,293719,18.99,2010,42,66.98,20.98
24047,Historical,58011,0,0,D,3,1,88832,48.67,2009,87,66.98,23.64
24048,Historical,2256199,0,0,D,17,1,2380238,72.47,2010,46,0,53.49
24049,Historical,533400,0,0,D,18,1,28860,51.54,2012,99,120.99,56.15
24050,Historical,55728,0,0,D,17,1,54890,43.99,2010,93,120.99,42.88
24051,Historical,911925,0,0,D,7,1,1145195,161,2005,24,47.88,60.89
24052,Historical,55727,0,0,D,16,1,225137,14.15,2008,72,120.99,9.41
24053,Historical,522891,0,0,D,9,1,288663,217.95,2010,49,82.57,122.69
24054,Historical,874317,0,0,D,7,1,1056049,110.95,2002,63,82.57,22.49
24055,Historical,60628,0,0,D,8,1,96595,217.95,2005,60,82.57,29.39
24056,Historical,557429,1,5,D,1,0,298828,127.6,2011,119,57.19,18.94
24057,Historical,1481052,0,0,D,1,0,746557,134.27,2011,18,57.19,8.79
24058,Historical,528242,0,0,D,3,1,1243209,97.95,2009,20,73.98,92.83
24059,Historical,593984,0,0,D,4,1,129992,83.95,2011,44,64.98,63.99
24060,Historical,804164,1,2,D,3,1,1056019,72.95,2007,61,64.98,21.04
24061,Historical,299278,1,2,D,1,0,1169789,175.95,2000,18,123.95,675
24062,Historical,2563211,0,0,D,1,0,4355336,60,1994,26,67.69,14.1
24063,Historical,757990,0,0,D,2,1,1607454,157.95,1999,47,67.69,16.98
24064,Historical,204187,0,0,D,1,0,737499,249.99,2007,18,124.81,137.98
24065,Historical,542989,0,0,D,2,1,2777631,249.99,2002,17,124.81,65.05
24066,Historical,203552,0,0,D,2,1,3064289,249.99,2003,24,142.89,72.65
24067,Historical,203470,0,0,D,2,1,2255363,245.99,2002,17,143.89,15.24
24068,Historical,57394,1,1,D,5,1,103329,53.59,2011,49,128.74,78.99
24069,Historical,620743,0,0,D,5,1,815773,134.2,2011,24,128.74,53.98
24070,Historical,57393,0,0,D,4,1,510307,19.05,2009,41,128.74,20.98
24071,Historical,163490,0,0,D,1,0,654828,49.99,2012,59,40.33,8.2
24072,Historical,627023,0,0,D,1,0,409182,49.99,2010,48,40.33,13.7
24073,Historical,625663,0,0,D,1,0,735825,79.99,2012,27,29.29,45.25
24074,Historical,633837,0,0,D,1,0,869867,69.99,2012,35,29.97,8.91
24075,Historical,163445,0,0,D,1,0,1225540,69.99,2011,75,29.97,7.98
24076,Historical,617642,0,0,D,1,0,1139294,76.99,2010,43,38.94,11.48
24077,Historical,243823,0,0,D,1,0,1419783,101.95,2010,42,21.19,19.08
24078,Historical,753291,0,0,D,1,0,1741628,69.99,2010,53,31.98,59.49
24079,Historical,621324,0,0,D,1,0,1483347,69.99,2011,30,31.98,12.49
24080,Historical,628760,1,1,D,1,0,1329604,59.99,2009,24,36.16,11.99
24081,Historical,326250,0,0,D,0,0,3583831,189.5,2002,11,147.22,319.57
24082,Historical,917209,0,0,D,1,0,428383,131.95,2009,36,93.25,79.76
24083,Historical,628775,0,0,D,0,0,268228,48,2009,42,137.31,23.99
24084,Historical,2115031,0,0,D,0,0,1850806,54.99,2013,25,52.49,54.98
24085,Historical,403858,0,0,D,1,0,480950,69.6,2004,55,94.48,16.52
24086,Historical,121240,0,0,D,2,1,74167,101,2010,32,94.48,192.54
24087,Historical,628123,0,0,D,1,0,433923,54.99,1997,37,50.92,19.77
24088,Historical,899082,0,0,D,2,1,2077124,79.99,2007,22,50.92,65.89
24089,Historical,57171,0,0,D,3,1,1349018,73.95,2009,33,53.98,50.19
24090,Historical,435261,1,1,D,4,1,128161,80.95,2012,98,53.98,22.53
24091,Historical,435164,0,0,D,3,1,190351,71.95,2009,58,53.98,33.94
24092,Historical,218093,1,2,D,0,0,2665459,85,2004,38,24.2,8.93
24093,Historical,619017,0,0,D,1,0,385928,107,2004,33,86.85,56.29
24094,Historical,614320,1,1,D,0,0,1235662,64,2000,47,86.85,15.19
24095,Historical,2489641,0,0,D,3,1,3965362,0,1997,35,26.43,43.31
24096,Historical,2938574,0,0,D,4,1,798488,39,2005,30,0,43.6
24097,Historical,3787428,0,0,D,3,1,891658,102,2007,27,0,133.16
24098,Historical,321990,0,0,D,8,1,137319,149.8,2012,121,94.87,43.94
24099,Historical,53590,0,0,D,7,1,570766,134,2009,76,94.87,19.69
24100,Historical,607467,0,0,D,5,1,989439,64.2,2009,30,40.72,43.93
24101,Historical,314982,0,0,D,4,1,2125528,54.67,2006,40,40.72,7.99
24102,Historical,590360,0,0,D,0,0,255667,0,2014,28,69.73,43.99
24103,Historical,637013,0,0,D,1,0,462335,111.27,2010,27,75.21,72.15
24104,Historical,627535,0,0,D,2,1,754323,85,2008,23,80.88,72.21
24105,Historical,206169,0,0,D,4,1,617943,75,2008,49,32.23,42.29
24106,Historical,3814712,0,0,D,0,0,2888816,54.95,2005,16,0,49.58
24107,Historical,121175,0,0,D,1,0,183024,91.4,2010,31,71.39,136.74
24108,Historical,537923,1,1,D,0,0,2303525,88.8,2007,54,98.34,7.24
24109,Historical,54546,1,5,D,3,1,125796,120,2007,148,98.34,17.94
24110,Historical,666751,0,0,D,2,1,1932363,99.95,2005,21,72.88,93.99
24111,Historical,1450207,0,0,D,1,0,829188,64.99,2011,27,63.15,45.78
24112,Historical,3558513,0,0,D,0,0,2245046,15,1992,25,0,47.41
24113,Historical,631145,0,0,D,2,1,1760692,274.99,2006,15,232.26,33.98
24114,Historical,110594,0,0,D,2,1,216145,44.3,2008,47,91.03,31.98
24115,Historical,416384,0,0,D,1,0,613941,22.99,2005,66,91.03,18.43
24116,Historical,3467718,0,0,D,0,0,1076286,47.95,1975,73,0,10.94
24117,Historical,117048,0,0,D,7,1,833237,111.2,2007,59,83.24,48.99
24118,Historical,196499,0,0,D,1,0,1017594,60.95,2002,44,42.38,10.99
24119,Historical,273351,0,0,D,2,1,480852,59.95,2009,22,42.38,51.27
24120,Historical,2649418,0,0,D,2,1,1786796,54.95,2003,20,45.18,43.98
24121,Historical,121810,1,1,D,2,1,453802,82,1998,43,0,0
24122,Historical,575674,0,0,D,1,0,1563130,53.95,2007,28,70.54,34.99
24123,Historical,893894,1,1,D,2,1,4051456,89.95,2008,12,58.07,130.51
24124,Historical,568846,0,0,D,1,0,2332271,37.5,1998,32,35.55,42.98
24125,Historical,1651438,0,0,D,3,1,6408153,54.95,2006,13,65.59,48.82
24126,Historical,56654,0,0,D,3,1,37802,200.2,2010,56,113.97,179.98
24127,Historical,56653,0,0,D,2,1,476180,129,2005,38,113.97,52.05
24128,Historical,2696703,0,0,D,0,0,1926737,54.95,1987,18,102.2,100.81
24129,Historical,636957,0,0,D,5,1,2739945,46.95,2010,16,47.35,48.98
24130,Historical,162016,0,0,D,1,0,378654,95,2007,68,63.98,20.98
24131,Historical,2332131,0,0,D,14,1,1769422,99,1996,27,60.67,37.72
24132,Historical,616046,0,0,D,6,1,108854,80,2007,32,93.67,6.59
24133,Historical,293179,1,1,D,7,1,94370,115,2011,79,93.67,13.99
24134,Historical,650094,0,0,D,3,1,62763,69.95,2010,20,46.63,45.89
24135,Historical,2043023,0,0,D,1,0,2293550,69.95,2006,29,46.63,70.47
24136,Historical,273357,0,0,D,2,1,1027756,104,2009,40,70.54,46.78
24137,Historical,879567,1,3,D,6,1,6746364,0,2006,12,167.99,150.07
24138,Historical,50436,0,0,D,7,1,86052,70.15,2006,89,167.99,48.99
24139,Historical,1446467,0,0,D,1,0,1613409,149.95,2013,23,139.72,54.45
24140,Historical,260586,0,0,D,2,1,833526,99.95,2003,20,0,68.35
24141,Historical,203498,0,0,D,4,1,1536023,99.95,2002,46,76.48,17.67
24142,Historical,204015,1,2,D,5,1,1401630,114.95,2006,91,76.48,11.94
24143,Historical,264316,1,2,D,6,1,89756,131.99,2009,108,76.48,32.19
24144,Historical,528214,0,0,D,3,1,38117,171.4,2010,213,78.98,22.57
24145,Historical,61144,0,0,D,2,1,1023109,127.2,2006,98,78.98,18.89
24146,Historical,199964,0,0,D,1,0,3873641,39.95,2002,20,57.55,28.97
24147,Historical,60629,0,0,D,3,1,1143998,115,2005,105,138.79,13.49
24148,Historical,147606,0,0,D,4,1,171599,139,2009,329,138.79,17.49
24149,Historical,592318,0,0,D,3,1,510606,116,2007,30,99.88,53.97
24150,Historical,868249,0,0,D,1,0,88625,36.95,2004,18,42.58,38.97
24151,Historical,576715,0,0,D,2,1,682664,125.95,2011,38,42.58,23.39
24152,Historical,53586,1,1,D,2,1,2265153,109,2004,89,36.98,6.49
24153,Historical,53588,0,0,D,3,1,415339,127,2008,180,36.98,23.98
24154,Historical,211063,0,0,D,0,0,133891,97.95,2011,116,61.76,11.26
24155,Historical,613237,0,0,D,1,0,712565,84.95,2009,110,61.76,12.91
24156,Historical,264217,0,0,D,0,0,1937425,39.95,2003,38,29.14,12.86
24157,Historical,578930,1,1,D,1,0,209827,64.95,2009,103,31.99,9.98
24158,Historical,52705,0,0,D,10,1,36045,123,2011,268,77.5,20.98
24159,Historical,878497,0,0,D,10,1,807101,78.98,2012,28,77.5,33.53
24160,Historical,52704,1,1,D,9,1,745142,97.95,2007,218,77.5,4.37
24161,Historical,528212,0,0,D,8,1,99378,107,2010,124,39.43,33.49
24162,Historical,774512,0,0,D,9,1,4304872,44.95,2004,29,22.71,11.29
24163,Historical,60630,0,0,D,7,1,1193678,84.95,2006,98,39.43,6.49
24164,Historical,614922,0,0,D,10,1,1418142,51.95,2007,46,22.71,13.41
24165,Historical,1438379,0,0,D,3,1,3185289,85.5,2009,21,88.99,12.44
24166,Historical,417120,0,0,D,3,1,1466130,12.39,2009,44,88.99,11.94
24167,Historical,538622,0,0,D,4,1,91557,71.73,2011,130,88.99,29.68
24168,Historical,528211,1,6,D,7,1,63660,218.95,2012,129,136.28,23.99
24169,Historical,533904,1,1,D,6,1,761977,240.95,2009,77,136.28,33.52
24170,Historical,60631,0,0,D,5,1,967219,191.95,2006,92,136.28,13.73
24171,Historical,607283,0,0,D,2,1,2159385,49.4,2004,22,0,0
24172,Historical,192486,1,1,D,1,0,289325,67.95,2006,76,43.99,13.97
24173,Historical,577043,1,1,D,2,1,1537431,244.95,2001,24,4.47,39.44
24174,Historical,245158,0,0,D,3,1,1202263,342.95,2005,22,85.58,42.45
24175,Historical,53585,1,1,D,10,1,180106,162.95,2008,154,98.81,8.87
24176,Historical,609194,0,0,D,7,1,986337,33.95,2010,57,17.61,16.91
24177,Historical,902408,0,0,D,7,1,3379211,54.63,2008,35,17.61,22.47
24178,Historical,806993,0,0,D,4,1,2195134,181.95,2006,25,123.97,69.79
24179,Historical,619563,0,0,D,2,1,939768,189.75,2011,45,135.86,28.98
24180,Historical,108769,1,3,D,1,0,1391775,45.66,2005,48,135.86,23.99
24181,Historical,109895,0,0,D,1,0,1469269,25.13,2006,47,135.86,25.13
24182,Historical,111293,0,0,D,2,1,94148,100.35,2010,63,135.86,32.49
24183,Historical,249789,1,1,D,5,1,723948,146.95,2006,34,52.49,22.75
24184,Historical,759460,0,0,D,2,1,2849556,49.95,2000,22,38.63,43.53
24185,Historical,2609486,0,0,D,4,1,979854,160,1999,49,8.13,25.34
24186,Historical,2427590,0,0,D,1,0,2444880,74,1995,16,23.4,68.05
24187,Historical,646383,0,0,D,0,0,2753647,69.95,2004,12,43.64,37.99
24188,Historical,381820,1,1,D,10,1,28383,326.95,2012,90,224.98,88.1
24189,Historical,51030,0,0,D,8,1,1147330,380.95,2006,106,224.98,33.98
24190,Historical,51028,0,0,D,9,1,177160,359.95,2008,133,224.98,28.08
24191,Historical,297984,0,0,D,1,0,1441926,137.95,2003,20,43.03,44.1
24192,Historical,872646,0,0,D,2,1,115053,317.95,2006,92,89.15,24.25
24193,Historical,291724,1,1,D,2,1,1321648,229,2009,21,89.15,60.77
24194,Historical,146473,0,0,D,12,1,467403,136.67,2011,32,117.99,83.81
24195,Historical,146367,1,3,D,12,1,11324,203,2011,266,117.99,31.99
24196,Historical,116768,1,1,D,1,0,1034039,141.33,2006,20,73.98,93.97
24197,Historical,272843,0,0,D,2,1,2831739,99,2003,15,41.97,34.75
24198,Historical,112768,0,0,D,6,1,868751,129,2005,31,46.17,96.11
24199,Historical,872424,1,1,D,4,1,1370567,81,1995,37,46.17,58.61
24200,Historical,566285,1,1,D,2,1,764237,84.86,1983,42,45.29,73.57
24201,Historical,660416,0,0,D,3,1,398740,104,2007,21,43.29,97.25
24202,Historical,594345,0,0,D,1,0,5084760,89.95,2010,11,94.09,85.28
24203,Historical,914917,0,0,D,1,0,1125984,99,1999,28,73.99,57.69
24204,Historical,563262,0,0,D,0,0,1678810,99,1998,25,38.99,54.98
24205,Historical,130069,0,0,D,0,0,876332,126.67,2002,28,88.99,57.93
24206,Historical,145364,0,0,D,2,1,76990,138.67,2007,56,88.99,28.99
24207,Historical,868986,0,0,D,6,1,4250369,200.67,2011,10,107.07,200.67
24208,Historical,146677,0,0,D,6,1,1471713,198,2011,22,107.07,1029.38
24209,Historical,528196,1,1,D,6,1,294651,184.67,2011,161,113.99,17.75
24210,Historical,145617,1,2,D,5,1,597493,162.67,2008,113,113.99,6.84
24211,Historical,534064,1,2,D,2,1,132865,150.95,1994,41,123.98,43.79
24212,Historical,914981,0,0,D,0,0,313640,109,2005,26,75.98,72.67
24213,Historical,552916,0,0,D,2,1,1231315,103,2006,27,86.12,174.91
24214,Historical,55211,1,1,D,6,1,339912,366.95,2001,70,171.67,62.51
24215,Historical,54982,0,0,D,6,1,322075,110,1998,44,102.04,37.98
24216,Historical,55210,1,1,D,5,1,208610,141.95,1995,37,171.67,49.15
24217,Historical,551531,0,0,D,1,0,193557,123,2009,36,125.89,21.12
24218,Historical,54981,0,0,D,7,1,164510,148,2003,48,102.04,82.75
24219,Historical,542558,0,0,D,6,1,112158,17.99,2006,67,128.99,28
24220,Historical,2418677,0,0,D,3,1,2822565,75,2002,21,43.94,48.98
24221,Historical,2378199,0,0,D,1,0,2665328,78.33,1996,22,78.99,46.86
24222,Historical,178722,0,0,D,7,1,33938,293.95,2011,69,142.98,70.85
24223,Historical,763756,0,0,D,1,0,786936,160.95,2000,36,62.11,17.44
24224,Historical,57034,1,2,D,4,1,196257,170.67,2009,125,46.9,20.47
24225,Historical,57033,0,0,D,3,1,1403265,142.67,2006,62,46.9,48.35
24226,Historical,152705,0,0,D,2,1,1499618,64.95,2001,17,53.99,38.31
24227,Historical,587811,0,0,D,1,0,1354364,85,2012,26,75.38,79.3
24228,Historical,717109,0,0,D,4,1,4619916,90,1997,23,53.98,44.61
24229,Historical,612044,0,0,D,1,0,718519,135.2,2012,17,0,0
24230,Historical,455491,0,0,D,2,1,680213,257.95,2005,36,62.11,32.23
24231,Historical,169209,0,0,D,6,1,1088807,210.95,2006,30,142.98,13.99
24232,Historical,528184,1,1,D,6,1,1408860,310.95,2006,49,142.98,56.1
24233,Historical,800304,0,0,D,3,1,2568896,45.95,2005,19,115.59,40.55
24234,Historical,916419,0,0,D,2,1,2725263,37.95,2001,45,115.59,8.99
24235,Historical,120128,1,1,D,9,1,656963,220.67,2010,81,108.35,35
24236,Historical,423743,0,0,D,4,1,4420184,84,1997,22,14.53,13.98
24237,Historical,60635,0,0,D,8,1,1805104,156.2,2006,43,108.35,12.85
24238,Historical,3116401,0,0,D,2,1,2813384,42.95,2005,26,37.53,14.96
24240,Historical,2436904,0,0,D,2,1,1029525,90,2001,28,38.97,44.47
24241,Historical,2427804,0,0,D,0,0,5143978,67,1996,15,38.97,50.6
24242,Historical,462391,0,0,D,0,0,3789078,43.95,1999,27,44.99,8.99
24243,Historical,865769,0,0,D,3,1,642666,62,2011,12,50.64,62
24244,Historical,528192,0,0,D,2,1,271480,55,2006,20,50.64,63.67
24245,Historical,224742,0,0,D,5,1,47162,254.95,2011,112,180.72,20.94
24246,Historical,292227,0,0,D,4,1,438414,27.19,2007,75,180.72,25.64
24247,Historical,57507,0,0,D,9,1,710544,15.9,2008,143,62.9,14.98
24248,Historical,111115,0,0,D,8,1,1557952,68.99,2009,21,162.56,8.79
24249,Historical,53461,0,0,D,7,1,1616997,18.96,2006,71,162.56,18.99
24250,Historical,53463,0,0,D,9,1,39772,43.86,2011,107,162.56,23.66
24251,Historical,53462,1,2,D,8,1,462830,12.74,2009,104,162.56,9.97
24252,Historical,109320,0,0,D,7,1,2754169,25.89,2006,31,8.83,40.76
24253,Historical,111017,0,0,D,8,1,2162600,21.99,2009,52,8.83,21.49
24254,Historical,561026,0,0,D,2,1,1616382,124,2008,90,67.62,9.98
24255,Historical,561315,0,0,D,3,1,419985,35.07,2010,147,67.62,29
24256,Historical,593269,0,0,D,6,1,189927,218.95,2008,61,149.99,83.11
24257,Historical,908137,0,0,D,3,1,2276050,56.95,2005,20,49.36,39.99
24258,Historical,596948,0,0,D,6,1,299577,98,2008,71,96.88,20.43
24259,Historical,637634,0,0,D,7,1,135670,120,2013,38,96.88,70.24
24260,Historical,545256,1,1,D,2,1,126262,70.95,2010,42,32.64,22.62
24261,Historical,58006,1,9,D,8,1,916933,192,2007,35,169.2,52.99
24262,Historical,58007,0,0,D,9,1,73310,217.8,2010,50,169.2,76.32
24263,Historical,2251185,0,0,D,9,1,1788712,18.71,2007,39,0,14.98
24264,Historical,766072,0,0,D,8,1,2897829,249.95,2005,43,4.65,10.99
24265,Historical,871138,0,0,D,9,1,690405,334.95,2008,98,4.65,10.47
24266,Historical,646099,0,0,D,5,1,322727,149.98,2010,40,114.73,76.78
24267,Historical,259737,0,0,D,3,1,809978,0,2004,28,114.73,73.98
24268,Historical,869311,0,0,D,4,1,5742268,59.95,1996,16,20.28,27.61
24269,Historical,602275,1,2,D,3,1,1153325,47.95,1992,15,20.28,47.6
24270,Historical,51397,1,1,D,9,1,995062,185.33,2006,101,163.09,8.48
24271,Historical,51398,0,0,D,10,1,26758,210.67,2010,153,163.09,46.41
24272,Historical,112190,0,0,D,5,1,84396,105.8,2003,45,30.11,11.82
24273,Historical,1469923,0,0,D,0,0,5608874,49.95,2006,15,59.25,57.83
24274,Historical,128947,0,0,D,0,0,5054186,0,2005,17,35.29,59.99
24275,Historical,196763,1,2,D,1,0,484602,46.95,2009,45,36.34,28.94
24276,Historical,54689,0,0,D,4,1,136667,53.9,2010,77,52,52.19
24277,Historical,54688,0,0,D,3,1,182198,23.98,2008,70,52,23.98
24278,Historical,635526,0,0,D,3,1,6470,54.95,2013,92,36.34,38.8
24279,Historical,118245,1,2,D,3,1,71729,101.4,2011,43,68.98,60.43
24280,Historical,120669,0,0,D,2,1,565761,81,2008,65,68.98,23.95
24281,Historical,60638,1,1,D,1,0,519604,68,2006,31,68.98,18.99
24282,Historical,644000,0,0,D,1,0,1063612,84.95,2008,30,64.99,66.27
24283,Historical,60639,0,0,D,3,1,2156444,235.95,2004,33,87.98,33.99
24284,Historical,290919,0,0,D,4,1,569323,169.95,2007,51,87.98,83.97
24286,Historical,568598,0,0,D,0,0,751126,67,1990,27,39.72,37.33
24287,Historical,2549657,0,0,D,2,1,2771060,99.32,1980,20,41.99,67.45
24288,Historical,569428,1,4,D,1,0,1482554,333.95,1999,24,152.27,46.43
24290,Historical,2621519,0,0,D,0,0,2178860,68.95,1989,17,0,78.99
24291,Historical,162896,0,0,D,3,1,561217,31.33,2010,35,88.11,82.29
24292,Historical,58002,0,0,D,3,1,52865,44.44,2011,96,88.11,32.98
24293,Historical,58001,0,0,D,2,1,578042,38.97,2007,57,88.11,33.33
24294,Historical,162895,0,0,D,3,1,23608,38.64,2010,61,107.94,17.5
24295,Historical,60640,0,0,D,2,1,597611,21.3,2007,34,107.94,43.89
24296,Historical,633814,0,0,D,11,1,153596,90,2012,14,73.97,13.67
24297,Historical,229398,1,1,D,3,1,4639300,44.99,2003,15,34.99,28.98
24298,Historical,882277,0,0,D,1,0,1208862,195,1996,7,225.77,357.31
24299,Historical,739104,0,0,D,1,0,1338640,161.6,2000,17,25.44,91.63
24300,Historical,2339745,0,0,D,4,1,556476,125,1992,25,0,43.99
24301,Historical,633425,0,0,D,3,1,1550217,104.95,2006,29,162.94,60.24
24302,Historical,226009,0,0,D,2,1,3892410,99.95,2005,20,59,18.88
24303,Historical,528169,0,0,D,3,1,2064011,79.95,2008,16,59,22.94
24304,Historical,539892,0,0,D,4,1,709569,84,2011,33,59,17.87
24305,Historical,1867704,0,0,D,8,1,1615554,79.95,2008,24,5.49,22.99
24306,Historical,1725061,0,0,D,7,1,800430,110,2006,24,83.98,13.99
24308,Historical,294119,0,0,D,3,1,7425037,89.95,1998,13,30.99,14.49
24309,Historical,528168,0,0,D,4,1,1871910,99,2000,19,30.99,10.49
24310,Historical,1473480,0,0,D,0,0,7741259,75,2009,22,33.19,114.49
24311,Historical,613681,0,0,D,1,0,546180,45,2010,235,15.04,4.26
24312,Historical,613971,0,0,D,1,0,567822,45,2010,252,13.85,9.23
24313,Historical,143063,1,2,D,6,1,483902,85,2006,50,42.98,48.98
24314,Historical,56355,0,0,D,7,1,135235,113,2009,112,70.14,57.3
24315,Historical,56354,1,1,D,5,1,486850,69.95,2002,89,70.14,20.98
24316,Historical,56350,1,1,D,6,1,646984,89.95,2005,87,70.14,28.8
24317,Historical,592019,0,0,D,2,1,2645073,40.95,2006,48,13.49,7.48
24318,Historical,3299836,0,0,D,0,0,2005040,57.25,2000,43,0,47.79
24319,Historical,913049,0,0,D,0,0,563704,90.4,2007,41,0,48.99
24320,Historical,907839,0,0,D,0,0,1952807,1.95,2007,21,26.9,5.98
24322,Historical,187974,1,2,D,3,1,1035150,429.99,2001,50,315.97,72.54
24323,Historical,57077,1,1,D,1,0,1417930,132,2008,67,41.98,5.26
24324,Historical,57079,1,1,D,2,1,90259,13.99,2010,249,41.98,15.99
24325,Historical,57078,1,1,D,2,1,1232236,111.5,2010,58,41.98,8.89
24326,Historical,549602,0,0,D,1,0,1223814,110,2005,30,36.51,10.49
24327,Historical,863932,0,0,D,2,1,941837,99,2010,21,37.5,13.96
24328,Historical,1435952,1,1,D,26,1,500152,78,2008,17,49.36,18.94
24329,Historical,528159,1,1,D,27,1,414652,85,2011,31,49.36,40.56
24330,Historical,106567,1,1,D,1,0,1693471,88.95,2009,21,18.41,71.96
24331,Historical,905694,0,0,D,1,0,1548598,34.95,2004,23,48.96,50.51
24332,Historical,917546,1,1,D,6,1,260411,382.75,2015,36,203.99,72.06
24333,Historical,872595,0,0,D,6,1,100081,382.75,2015,57,39.98,40.99
24334,Historical,528152,0,0,D,4,1,1045005,13.99,2013,64,39.98,13.99
24335,Historical,866723,1,6,D,6,1,36771,391,2015,85,51.58,76.98
24336,Historical,112044,0,0,D,3,1,1288941,12.17,2012,48,51.58,12.17
24338,Historical,528150,0,0,D,13,1,116555,123.95,2010,41,88.77,52.99
24339,Historical,354893,0,0,D,12,1,308132,80.95,2005,91,88.77,24
24340,Historical,54842,1,2,D,10,1,33490,171.4,2010,128,96.94,43.99
24341,Historical,54841,1,2,D,9,1,82700,132.4,2007,115,96.94,33.39
24342,Historical,200023,0,0,D,3,1,811820,119.95,2005,64,48.75,6.48
24343,Historical,193050,0,0,D,3,1,2862851,93.95,2003,20,31.39,47.17
24344,Historical,576429,0,0,D,4,1,3224019,41.95,2000,35,46.49,45.39
24345,Historical,591951,0,0,D,5,1,2659241,63.95,2005,36,46.49,11.99
24346,Historical,649561,1,2,D,1,0,279448,99.99,2013,37,0,0
24347,Historical,287263,0,0,D,2,1,3788539,55,2004,15,26.02,47.45
24348,Historical,55560,1,1,D,6,1,15410,163,2011,90,113.91,51.36
24349,Historical,552993,0,0,D,3,1,1425609,70.67,2007,56,50.98,13
24350,Historical,644313,1,2,D,1,0,1074295,94.95,1977,21,78.31,76.5
24352,Historical,2831510,0,0,D,0,0,1827258,60,1993,18,37.97,68.98
24353,Historical,131665,1,1,D,0,0,1008207,109,2005,30,24.43,15.82
24354,Historical,875667,0,0,D,0,0,1965356,0,2010,19,101.04,51.65
24355,Historical,57449,1,1,D,9,1,157437,124.4,2004,65,101.04,34.16
24356,Historical,647356,0,0,D,3,1,1238734,159.95,2010,23,99.19,78.79
24357,Historical,899526,0,0,D,2,1,3256367,177.95,1995,21,99.19,83.1
24358,Historical,194206,0,0,D,4,1,43287,99,2010,106,88.99,6.42
24359,Historical,146311,0,0,D,6,1,91240,168.6,2010,89,9.84,47.98
24360,Historical,113201,0,0,D,1,0,359794,99.95,2011,38,68.07,54.01
24361,Historical,285268,1,2,D,5,1,818731,36.14,2005,43,53.99,33.97
24362,Historical,110084,1,1,D,6,1,62752,29.74,2010,60,53.99,34.53
24363,Historical,254285,0,0,D,2,1,765622,104.95,2010,32,94.98,49.98
24364,Historical,109256,0,0,D,8,1,684448,86.39,2006,50,0,0
24365,Historical,55207,0,0,D,3,1,790620,42.95,2003,67,27.99,21.35
24366,Historical,199192,0,0,D,1,0,1314626,89,2004,42,33.5,44.29
24367,Historical,127167,0,0,D,4,1,1429165,115,2007,10,84.66,73.99
24368,Historical,622728,0,0,D,4,1,637368,59.95,2007,65,41.83,31.96
24369,Historical,539719,0,0,D,4,1,662883,69.95,2007,47,20.83,45.96
24370,Historical,188329,0,0,D,3,1,596932,54.95,2000,50,20.83,11.49
24371,Historical,760965,0,0,D,1,0,1579833,130,2002,12,38.98,49.94
24372,Historical,163224,0,0,D,1,0,1403849,45,2006,31,21.05,19.99
24373,Historical,608301,0,0,D,9,1,603900,120,1999,65,78.78,42.97
24374,Historical,162389,0,0,D,11,1,66666,160,2009,86,78.78,103.99
24375,Historical,113680,0,0,D,4,1,164132,122.4,2004,41,130.49,48.05
24376,Historical,114315,1,1,D,3,1,94742,109.33,2004,40,138.72,76.11
24377,Historical,120290,0,0,D,4,1,98653,175.4,2008,49,138.72,75.47
24378,Historical,113723,0,0,D,2,1,4076060,113.4,2001,23,138.72,21.08
24379,Historical,2387447,0,0,D,0,0,993470,104.25,1993,27,0,49.27
24380,Historical,2333773,0,0,D,0,0,3076245,115.4,1990,24,93.16,57.21
24381,Historical,117687,1,1,D,3,1,365424,185,2006,24,123.84,92
24382,Historical,163594,0,0,D,1,0,1186874,0,2002,22,67.97,58.61
24383,Historical,606942,0,0,D,4,1,137486,38.14,2009,56,148.99,72.53
24384,Historical,196474,0,0,D,0,0,2233335,39.95,2002,17,49.96,73.93
24385,Historical,649200,0,0,D,12,1,609382,158.4,2006,27,207.53,243.94
24386,Historical,902592,0,0,D,0,0,406878,50,1991,20,38.75,72.89
24387,Historical,534025,1,1,D,5,1,775233,132,1993,48,79.99,17.83
24388,Historical,2334595,0,0,D,2,1,1977013,147.73,1976,24,76.79,18.98
24389,Historical,3093747,0,0,D,0,0,1685513,84,2004,18,87.99,73.99
24390,Historical,630110,0,0,D,2,1,246714,52.8,2009,20,87.99,49.98
24391,Historical,163895,0,0,D,1,0,3857459,165,1996,16,83.94,68.63
24392,Historical,897694,0,0,D,2,1,2503602,56.16,2014,11,0,109.82
24393,Historical,2583016,0,0,D,0,0,99255,22.95,1985,76,44.45,13.6
24394,Historical,58000,1,2,D,3,1,1138488,216,1995,34,143.99,38.51
24395,Historical,868189,0,0,D,0,0,1060864,67.55,1965,33,97.79,72.09
24396,Historical,906191,0,0,D,0,0,5010728,44,1991,24,114.87,34.99
24397,Historical,3599200,1,1,D,1,0,5184983,129.95,1997,27,0,49.39
24398,Historical,2438353,0,0,D,0,0,5346759,0,1972,16,91.95,0
24399,Historical,165002,0,0,D,1,0,2603258,150,2004,15,87.69,73.95
24400,Historical,2877194,0,0,D,1,0,2700634,185,1997,23,130.52,147.34
24401,Historical,2238249,1,3,D,9,1,40129,26.48,2013,19,120.98,23.59
24402,Historical,109383,0,0,D,4,1,345328,0,2005,55,147.57,66.69
24403,Historical,2569448,0,0,D,1,0,814536,13.98,1996,22,69.67,13.98
24404,Historical,110976,0,0,D,5,1,52049,55.96,2008,65,147.57,55.71
24405,Historical,57550,1,1,D,7,1,234586,326.95,2008,59,94.99,39.99
24406,Historical,57549,1,1,D,6,1,715966,123.95,2003,44,94.99,53.98
24407,Historical,615674,0,0,D,2,1,758412,33.49,1999,54,69.67,36.91
24408,Historical,163034,0,0,D,2,1,392792,82.42,2010,97,79.7,39.99
24409,Historical,608365,0,0,D,5,1,1532289,0,1998,43,94.51,36
24410,Historical,56119,1,2,D,7,1,241557,183,2007,56,120.98,45.45
24411,Historical,60642,0,0,D,1,0,1595432,43.9,2008,18,79.7,36.39
24412,Historical,1592874,0,0,D,0,0,2917168,185,2006,24,72.99,101.09
24413,Historical,2649860,0,0,D,1,0,4691481,115.95,1999,17,65.23,61.62
24414,Historical,1738185,0,0,D,1,0,1246215,89.99,2009,14,0,120.91
24415,Historical,203733,1,1,D,4,1,691052,74,2006,78,57.24,22.88
24416,Historical,607412,0,0,D,4,1,247709,157.6,2009,23,68.2,96.98
24417,Historical,248208,0,0,D,2,1,344279,72,2010,43,49.93,19.98
24418,Historical,610174,0,0,D,3,1,76068,81,2013,38,49.93,43.46
24419,Historical,919665,0,0,D,1,0,1843565,40.95,2001,37,28.99,32.08
24420,Historical,246468,0,0,D,1,0,795501,54.95,2005,57,28.99,51.06
24421,Historical,546022,1,1,D,9,1,13716,47.48,2013,102,77.87,53.14
24422,Historical,52949,1,1,D,8,1,69625,17.44,2011,153,77.87,54.23
24423,Historical,127664,0,0,D,3,1,5756033,55,2005,25,40.81,48.59
24424,Historical,127674,1,2,D,4,1,517475,52.95,2009,28,4,13.44
24425,Historical,177510,0,0,D,3,1,1196474,148.95,2006,48,82.94,9.06
24426,Historical,170024,1,1,D,4,1,97333,140.95,2010,84,82.94,41.5
24427,Historical,243988,1,1,D,4,1,43627,166.95,2012,75,92.63,82.16
24428,Historical,290945,0,0,D,3,1,921313,183.95,2009,45,92.63,10.51
24430,Historical,735629,0,0,D,1,0,1139300,0,2011,16,52.51,42.49
24431,Historical,545996,1,1,D,2,1,18066,67.49,2012,92,52.51,46.17
24432,Historical,142018,1,2,D,1,0,189226,24.99,2010,109,52.51,16.24
24433,Historical,285237,0,0,D,5,1,4749728,5.98,2004,41,78.62,10.21
24434,Historical,131871,0,0,D,7,1,880984,103.4,2004,51,47.62,9.46
24435,Historical,110459,1,1,D,7,1,35423,45.96,2010,76,78.62,59.03
24436,Historical,110457,0,0,D,6,1,474601,4.63,2007,75,78.62,11.98
24437,Historical,612675,1,2,D,7,1,30396,86,2013,59,46.98,56.55
24438,Historical,545785,0,0,D,6,1,71840,78,2012,66,46.98,28.64
24439,Historical,592144,0,0,D,5,1,73765,71,2010,65,46.98,16.07
24440,Historical,630332,0,0,D,1,0,908853,35.95,2000,59,27.87,8.99
24441,Historical,620233,0,0,D,7,1,434320,246.95,2012,68,128.59,15.12
24442,Historical,544265,0,0,D,8,1,41750,224.95,2013,92,128.59,35.54
24443,Historical,57494,0,0,D,7,1,487944,246.95,2011,69,128.59,31.75
24444,Historical,52012,0,0,D,10,1,225114,142,2010,93,60.74,22.01
24445,Historical,52013,0,0,D,9,1,288295,124.6,2008,113,60.74,6.93
24446,Historical,664762,1,1,D,2,1,555918,79.95,2013,46,23.96,51.99
24447,Historical,254646,0,0,D,1,0,345552,79.95,2011,21,23.96,53.99
24448,Historical,563659,1,1,D,0,0,1631640,6.33,2006,40,58.98,5.98
24449,Historical,541259,0,0,D,2,1,94386,51.71,2011,63,58.98,33.99
24450,Historical,260043,0,0,D,4,1,1613643,47.95,2000,32,33.14,7.78
24451,Historical,920538,0,0,D,5,1,895062,54.95,2006,31,33.14,12.12
24452,Historical,608614,0,0,D,7,1,1913223,141.95,2005,46,70.21,8.23
24453,Historical,169749,0,0,D,8,1,816300,237.95,2008,40,70.21,41.98
24454,Historical,658504,0,0,D,3,1,658148,67,2010,18,0,0
24455,Historical,620663,0,0,D,3,1,1102557,64.99,2003,21,0,33.87
24456,Historical,1845446,0,0,D,0,0,6328546,77.5,2009,13,54.15,175.93
24457,Historical,337082,0,0,D,2,1,1167630,71.95,2008,25,71.13,55.83
24458,Historical,541565,0,0,D,4,1,446319,89.95,2011,82,53.73,12
24459,Historical,565088,0,0,D,3,1,1153839,89.95,2008,54,53.73,11.92
24460,Historical,528105,1,1,D,10,1,111671,230.95,2011,53,120.85,60.71
24461,Historical,608474,1,1,D,9,1,1416077,178.95,2010,35,120.85,13.11
24462,Historical,544958,1,4,D,4,1,78002,72,2011,91,45.66,21.99
24463,Historical,775738,0,0,D,0,0,1209870,70,2006,12,53.94,110.4
24464,Historical,628350,1,1,D,1,0,1019834,84,2006,28,98.99,60.01
24465,Historical,776357,0,0,D,2,1,575971,117,2010,30,53.94,90.12
24466,Historical,131604,0,0,D,1,0,367655,80.6,2004,67,58.97,59.99
24467,Historical,165268,0,0,D,3,1,994382,235,2002,36,112.46,25.95
24468,Historical,200255,0,0,D,4,1,815984,138.95,2008,91,50.37,28.87
24470,Historical,254512,0,0,D,4,1,348456,138.95,2010,94,50.37,4.34
24471,Historical,217307,0,0,D,5,1,758579,55,2008,54,42.97,14.54
24472,Historical,2834434,0,0,D,2,1,6015803,65.95,1999,27,62.24,22.97
24473,Historical,222352,0,0,D,3,1,1873327,95,2005,24,62.24,27.98
24474,Historical,111404,0,0,D,4,1,1979112,5.39,2010,45,26.08,5.46
24475,Historical,110043,0,0,D,4,1,1050349,10.99,2010,115,26.08,11.46
24476,Historical,609588,0,0,D,6,1,153701,133.95,2007,161,15.88,21
24477,Historical,243853,1,2,D,7,1,53586,133.95,2011,55,15.88,23.54
24478,Historical,222988,0,0,D,1,0,1121985,119.95,1997,22,58.29,28.48
24479,Historical,625213,1,1,D,4,1,121578,132,2011,119,37.83,18.29
24480,Historical,606996,0,0,D,3,1,344660,0,2008,30,37.83,44.64
24481,Historical,592478,0,0,D,1,0,250978,128.95,2007,89,100.01,24.98
24482,Historical,630212,0,0,D,1,0,929217,49.95,2006,26,53.44,8.49
24483,Historical,508667,0,0,D,2,1,160969,319,2009,27,0,0
24484,Historical,225878,0,0,D,1,0,897966,174.95,2005,19,154.44,102.99
24485,Historical,286201,1,2,D,10,1,36097,85.8,2011,79,76.34,30
24486,Historical,56325,1,1,D,9,1,393002,64.95,2007,125,76.34,13.8
24487,Historical,288817,1,3,D,6,1,342638,105,2007,104,45.31,24.99
24488,Historical,291223,0,0,D,3,1,1747473,59,2004,33,36.79,8.94
24489,Historical,110435,0,0,D,6,1,92466,39.71,2010,100,71.94,26.89
24490,Historical,110773,1,3,D,5,1,890954,11.98,2007,77,71.94,15.99
24491,Historical,2722117,0,0,D,2,1,3641970,191,2001,20,90.49,73.98
24492,Historical,528098,0,0,D,4,1,187455,76.95,2009,60,67.11,50.7
24493,Historical,147373,0,0,D,3,1,1847921,67.95,2005,44,67.11,19.95
24494,Historical,760264,0,0,D,1,0,3613420,142,2003,18,72.63,53.99
24495,Historical,893381,0,0,D,1,0,2086961,132.95,2007,20,119.11,91.93
24496,Historical,2787904,0,0,D,2,1,1113816,41.95,1999,21,38.98,31.59
24497,Historical,54273,1,3,D,2,1,50408,106,2010,168,48.99,34.99
24498,Historical,285380,0,0,D,2,1,659368,48.66,2010,94,23.98,41.95
24499,Historical,109792,0,0,D,1,0,105119,12.49,2007,27,23.98,12.49
24500,Historical,1472650,0,0,D,2,1,4552139,75,2009,20,57.57,49.49
24501,Historical,1475820,0,0,D,4,1,3628549,60,2012,19,41.19,49.49
24502,Historical,1469036,0,0,D,2,1,4465425,89.95,2008,24,41.19,69.64
24503,Historical,56320,1,1,D,3,1,636603,72,2008,197,41.32,6.26
24504,Historical,56319,1,2,D,4,1,20444,94.4,2011,190,41.32,21.69
24505,Historical,1469669,0,0,D,1,0,4910757,65,2006,13,57.57,88.98
24506,Historical,578928,0,0,D,6,1,1399877,34.95,2007,95,0,0
24507,Historical,210882,0,0,D,5,1,4383699,28.95,2002,58,22.99,7.97
24508,Historical,776076,0,0,D,2,1,1168941,84,2008,25,43.99,60.84
24509,Historical,895974,0,0,D,0,0,4166229,68,2004,15,43.99,8.74
24510,Historical,142870,0,0,D,2,1,2108568,35,2003,23,18.97,18.71
24511,Historical,899670,0,0,D,16,1,1990131,75.95,2002,21,58.11,33.98
24512,Historical,902791,0,0,D,17,1,1736897,95.95,2007,17,58.11,43.21
24513,Historical,106736,0,0,D,25,1,1013519,60.95,2010,37,0,23.93
24514,Historical,537728,0,0,D,26,1,300269,70,2012,47,0,23.61
24515,Historical,615416,0,0,D,4,1,942069,75.95,2007,53,35.23,31.1
24516,Historical,536385,0,0,D,7,1,42656,91.95,2012,69,88.48,49.73
24517,Historical,55723,0,0,D,6,1,438928,87.95,2008,82,88.48,25.98
24518,Historical,55722,0,0,D,5,1,1032064,79.95,2005,83,88.48,15.94
24519,Historical,544333,0,0,D,4,1,102029,146.95,2013,46,101.28,103.05
24520,Historical,567657,0,0,D,3,1,630506,146.95,2008,90,101.28,33.59
24521,Historical,249138,1,1,D,2,1,98628,93.95,2009,75,64.98,23.15
24522,Historical,110334,0,0,D,7,1,60286,190,2011,58,64.12,14.34
24523,Historical,622807,0,0,D,5,1,591635,55.95,2002,39,42.99,52.64
24524,Historical,1629821,0,0,D,3,1,5563814,77.95,2010,16,49.81,42.92
24525,Historical,203916,0,0,D,3,1,470890,88.5,2008,78,26.35,18.99
24526,Historical,203336,0,0,D,2,1,2399594,129.95,2003,39,26.35,11.99
24527,Historical,57086,0,0,D,2,1,176944,129,2008,68,70.94,60.71
24528,Historical,2335762,0,0,D,0,0,4755499,55,1999,15,85.78,45.8
24529,Historical,159581,0,0,D,5,1,6679952,135,2005,19,76.14,60.56
24530,Historical,909667,0,0,D,3,1,4547284,61.1,1996,22,37.89,39.65
24531,Historical,263208,0,0,D,2,1,2766646,74.95,2007,22,46.23,23.98
24532,Historical,270588,0,0,D,3,1,670474,89.95,2011,29,46.23,53.87
24533,Historical,1629767,0,0,D,1,0,2522771,79.95,2009,21,55.39,73.66
24534,Historical,257581,0,0,D,4,1,2394985,39.95,2004,22,33.99,18.47
24535,Historical,427969,0,0,D,12,1,81684,99.4,2011,82,79.33,23.99
24536,Historical,552567,0,0,D,10,1,1502817,89.8,2006,46,79.33,13.16
24537,Historical,607464,0,0,D,11,1,175478,75.2,2009,47,79.33,33.98
24538,Historical,910174,0,0,D,1,0,1058807,122.6,1990,27,91.57,87.09
24539,Historical,101290,0,0,D,2,1,696187,189.95,1999,36,37.45,51.59
24540,Historical,227497,0,0,D,0,0,1983820,99,1998,31,51.98,49.68
24541,Historical,763189,0,0,D,3,1,3585652,39.95,1999,30,23.99,65.27
24542,Historical,574632,0,0,D,1,0,2180461,91.95,2005,19,57.18,80.83
24543,Historical,566020,0,0,D,2,1,500591,61.99,2008,54,49.02,52.16
24544,Historical,577041,0,0,D,2,1,2780420,234.95,2001,44,118.97,54.64
24545,Historical,109793,0,0,D,2,1,3384035,121,2005,16,14.98,15.03
24546,Historical,876428,1,1,D,2,1,1556053,0,2005,25,14.98,5.87
24547,Historical,884928,1,1,D,0,0,5117607,0,2008,9,0,0
24548,Historical,789560,0,0,D,0,0,9735986,80.95,2004,14,10.97,231.01
24549,Historical,615846,1,4,D,0,0,909192,47.95,2002,54,10.97,22.98
24550,Historical,615426,1,1,D,9,1,609106,138.95,2005,51,49,36.99
24551,Historical,245026,0,0,D,9,1,341782,153.95,2004,66,49,50
24552,Historical,57996,1,1,D,5,1,62147,41.95,2008,171,30.68,11.14
24553,Historical,254038,0,0,D,6,1,22453,48.95,2011,103,30.68,31.19
24554,Historical,2258613,0,0,D,6,1,525271,56.46,2012,38,0,37.21
24555,Historical,595086,1,2,D,1,0,216627,83.95,2012,43,55.93,33.99
24556,Historical,54506,0,0,D,4,1,105192,102.8,2008,79,70.84,361.46
24557,Historical,609215,0,0,D,5,1,1335314,63.95,2007,66,28.86,13.49
24558,Historical,545745,1,8,D,7,1,20418,83.99,2013,59,28.86,28.49
24559,Historical,505630,1,1,D,6,1,43605,76.99,2010,56,28.86,48.99
24560,Historical,422442,1,1,D,5,1,17600,99,2012,118,70.84,30.99
24561,Historical,515136,1,1,D,1,0,44048,93.2,2011,105,62.02,38.99
24562,Historical,423059,0,0,D,1,0,1184075,103,2008,88,75.9,13.93
24563,Historical,422441,1,3,D,2,1,242287,100.2,2012,101,75.9,10.51
24564,Historical,211041,0,0,D,1,0,469089,49.95,2010,74,25.17,12.47
24565,Historical,211051,0,0,D,1,0,1123387,39.95,2010,26,25.17,12.99
24566,Historical,421977,1,2,D,7,1,122294,102.8,2011,137,48.99,15.76
24567,Historical,515217,1,1,D,6,1,654547,83.6,2007,136,48.99,18.97
24568,Historical,53073,1,4,D,6,1,344188,118.95,2008,130,28.99,38.97
24569,Historical,210949,1,1,D,1,0,661083,57.95,2006,55,0,12.49
24570,Historical,211050,0,0,D,2,1,68333,58.95,2011,69,0,28.98
24571,Historical,56647,1,1,D,3,1,1318082,176.95,2002,41,79.7,26.8
24572,Historical,1857886,0,0,D,7,1,2168411,104,2008,20,134.06,602.99
24573,Historical,147670,0,0,D,8,1,1505411,59.95,2011,14,166.52,6.76
24574,Historical,147530,0,0,D,7,1,2244777,104.95,2008,13,166.52,0
24575,Historical,435273,0,0,D,4,1,793700,114,2012,14,85.22,86.48
24576,Historical,629816,0,0,D,5,1,2676763,61.95,2008,14,67.02,12.79
24577,Historical,528079,1,3,D,9,1,1040677,116,2010,61,82.18,98.98
24578,Historical,528077,1,1,D,4,1,324441,49.95,2009,84,4.73,16.98
24579,Historical,521053,0,0,D,4,1,206511,58.95,2009,110,33.42,18.87
24580,Historical,53583,1,1,D,6,1,156045,56.95,2009,152,31.72,20.99
24581,Historical,521051,0,0,D,6,1,407226,46.95,2009,108,31.72,12.99
24582,Historical,53582,0,0,D,5,1,1493699,48.95,2007,68,31.72,19.96
24583,Historical,203803,0,0,D,2,1,2766098,109.99,2005,22,18.93,63.99
24584,Historical,54964,1,2,D,2,1,521619,69.95,2005,83,18.93,65.49
24585,Historical,585775,0,0,D,2,1,3579455,104.95,1992,34,69.69,7.88
24586,Historical,545287,1,1,D,7,1,14062,164,2012,299,133.93,32.99
24587,Historical,545273,0,0,D,2,1,86789,90.95,2012,44,44.96,72.62
24588,Historical,117418,1,1,D,1,0,320175,158.95,2009,58,66.93,63.07
24589,Historical,114143,0,0,D,0,0,103392,25.95,2003,62,28.79,23.19
24590,Historical,57989,1,2,D,5,1,32234,180,2010,141,136.79,39.74
24591,Historical,57988,0,0,D,4,1,936007,145.6,2007,110,136.79,18.49
24592,Historical,592323,1,1,D,1,0,1180197,78.95,2008,81,44.96,7.99
24593,Historical,57991,0,0,D,2,1,2260150,75.95,2006,49,49.8,13.98
24594,Historical,57992,0,0,D,3,1,492815,105.6,2010,96,49.8,25.99
24595,Historical,592328,1,1,D,6,1,244113,138,2009,281,133.93,13.99
24596,Historical,435137,0,0,D,7,1,291985,130,2007,169,89.49,13.98
24597,Historical,539233,1,1,D,5,1,821333,94.2,2011,59,95.96,18.91
24598,Historical,905843,0,0,D,2,1,1844934,75,2002,16,48.73,59.99
24599,Historical,647542,0,0,D,1,0,2426468,65,2002,23,36.53,37.88
24600,Historical,3134653,0,0,D,0,0,612674,23.95,1999,60,26.15,4.79
24601,Historical,689516,0,0,D,2,1,177965,29.95,2007,37,26.15,25.98
24602,Historical,789820,0,0,D,3,1,468974,42.95,2007,44,11.68,8.99
24603,Historical,613605,0,0,D,2,1,3431754,36.95,2003,30,11.68,7.99
24604,Historical,261938,0,0,D,3,1,3726929,64.95,1996,19,57.93,34.79
24605,Historical,868000,1,1,D,0,0,2947341,55,1986,52,14.55,12.61
24606,Historical,108766,0,0,D,10,1,64974,566.16,2005,52,63.99,51.92
24607,Historical,60647,0,0,D,9,1,541262,64.97,2001,50,63.99,21.34
24608,Historical,2647018,0,0,D,2,1,3020414,38.95,1992,23,44.92,21.98
24609,Historical,3010874,0,0,D,0,0,359467,39.95,1998,21,0,82.42
24610,Historical,2071479,0,0,D,17,1,1022180,40.99,2009,17,47.97,10.41
24611,Historical,649980,1,2,D,18,1,127727,47.99,2011,28,0,0
24612,Historical,248009,0,0,D,3,1,709579,67.95,2008,88,57.89,29.18
24613,Historical,247491,0,0,D,2,1,1691116,41.95,2004,42,57.89,32.67
24614,Historical,210799,0,0,D,1,0,315176,71.95,2005,70,63.99,5.44
24615,Historical,120276,1,3,D,3,1,35323,132.4,2011,94,93.98,88.99
24616,Historical,118708,1,1,D,2,1,535399,107.2,2007,59,93.98,45.63
24617,Historical,162264,0,0,D,5,1,8040,95,2011,68,60.01,35.38
24618,Historical,56349,1,3,D,4,1,44660,85,2005,119,60.01,23.98
24619,Historical,109621,0,0,D,10,1,244443,69.34,2005,44,73.98,17.65
24620,Historical,56546,1,1,D,11,1,285805,73.99,2007,77,73.98,73.79
24621,Historical,569248,0,0,D,1,0,1490569,75,2008,18,56.89,38.99
24622,Historical,546157,0,0,D,12,1,1515360,83.68,2012,41,75.55,72.35
24623,Historical,203881,0,0,D,11,1,843510,73.5,2008,24,75.55,30.92
24624,Historical,533293,0,0,D,10,1,603975,60.99,2012,32,18.22,39.99
24625,Historical,203880,0,0,D,11,1,245990,54.95,2009,58,28.74,38.99
24626,Historical,528058,0,0,D,12,1,121779,58.99,2012,104,28.74,21.57
24627,Historical,204135,0,0,D,11,1,458703,53.95,2008,123,28.74,19.3
24628,Historical,620799,0,0,D,1,0,183330,71.95,2009,59,113.56,37.7
24629,Historical,191917,0,0,D,1,0,1123671,34.95,1999,28,22.01,23.93
24630,Historical,790909,0,0,D,1,0,3188273,27,2000,17,22.01,18.83
24631,Historical,615195,1,1,D,1,0,405446,99,2010,39,56.24,10.98
24632,Historical,804160,0,0,D,1,0,1347972,57.95,2011,28,62.01,35
24633,Historical,3133113,1,3,D,3,1,249867,24.98,2004,26,23.92,55.5
24634,Historical,2675348,0,0,D,1,0,2385539,36.1,1982,40,6.99,44.47
24635,Historical,549831,0,0,D,1,0,2419965,131.25,2001,15,92.84,38.99
24636,Historical,914450,1,1,D,1,0,910653,39.95,2007,29,34.98,18.83
24637,Historical,55883,0,0,D,7,1,2164847,88,2007,48,40.21,4.58
24638,Historical,55884,0,0,D,8,1,593888,97.6,2009,52,40.21,21.87
24639,Historical,55882,0,0,D,6,1,2265973,70.4,2003,44,40.21,8.89
24640,Historical,557065,0,0,D,4,1,2138529,111.4,1998,42,91.66,23.98
24641,Historical,132400,0,0,D,5,1,406849,105,2007,35,91.66,13.43
24642,Historical,132157,1,1,D,1,0,1160836,83,2008,25,81.42,25.31
24643,Historical,555490,0,0,D,2,1,2917835,69.99,2004,21,70.4,11.98
24644,Historical,165234,0,0,D,1,0,554292,65,2000,38,50.44,33.98
24645,Historical,258429,0,0,D,3,1,376597,95,2007,43,58.84,33.88
24646,Historical,114649,0,0,D,3,1,2131885,78.6,2002,23,92.99,30.95
24647,Historical,118011,0,0,D,4,1,435936,112.2,2007,30,92.99,66.89
24648,Historical,297234,0,0,D,14,1,477354,125,2006,31,119.33,53.99
24649,Historical,608386,0,0,D,4,1,1613540,75,2007,32,52.31,20.91
24650,Historical,163029,0,0,D,5,1,582401,80,2014,30,52.31,28.99
24651,Historical,610302,0,0,D,7,1,92017,99.95,2013,59,116.65,38.58
24652,Historical,113217,0,0,D,6,1,325658,99.95,2011,46,116.65,20
24653,Historical,113135,0,0,D,4,1,1999034,109,2007,24,116.65,50.85
24654,Historical,193639,0,0,D,2,1,934765,142,2008,28,52.99,86.98
24655,Historical,193397,0,0,D,0,0,3981499,122,2005,15,52.99,76.57
24656,Historical,884188,0,0,D,0,0,9547070,25,2006,10,116.23,206.17
24657,Historical,147656,1,2,D,11,1,241547,292,2011,59,208.24,61.98
24658,Historical,57713,0,0,D,12,1,736292,125,2011,69,95,23.99
24659,Historical,57712,0,0,D,11,1,1152364,104,2007,47,95,11.86
24660,Historical,57717,0,0,D,12,1,737520,125,2011,77,91.48,12.59
24661,Historical,57716,0,0,D,11,1,1487481,104,2007,47,91.48,12.99
24662,Historical,57721,0,0,D,12,1,690511,125,2011,65,84.14,8.99
24663,Historical,147393,0,0,D,6,1,314699,36.95,2007,23,49.94,38.94
24664,Historical,622049,0,0,D,11,1,2555989,140,2005,23,166.26,14.93
24665,Historical,627477,0,0,D,12,1,549970,167.99,2009,20,166.26,72.84
24666,Historical,2570933,0,0,D,1,0,5186439,37.95,1992,20,53.61,27.66
24667,Historical,902966,0,0,D,2,1,3125014,84.99,2003,22,51.68,38.98
24669,Historical,877706,1,4,D,3,1,1195939,43.4,1999,18,81.57,43.9
24670,Historical,266955,1,2,D,0,0,1476222,53.28,2004,29,81.57,77.84
24671,Historical,1593412,0,0,D,1,0,3506478,140,2007,23,55.54,30.59
24672,Historical,2812895,0,0,D,0,0,7283908,35,1993,22,31.54,13.2
24673,Historical,569368,0,0,D,0,0,2273797,53.95,1991,28,29.79,34.79
24674,Historical,254521,0,0,D,3,1,110154,188.95,2011,61,25.99,21.84
24675,Historical,169459,0,0,D,2,1,1690869,263.95,2006,32,25.99,31.98
24676,Historical,50462,1,1,D,9,1,67485,234.95,2008,66,170.48,114.59
24677,Historical,50461,1,1,D,8,1,190297,277.95,2006,53,170.48,72.07
24678,Historical,118502,1,1,D,1,0,758062,80.8,2007,38,66.1,33.98
24679,Historical,639328,0,0,D,1,0,615215,43,2008,40,49.53,43.79
24680,Historical,2387462,0,0,D,7,1,766981,58.67,1987,22,141.98,129.46
24681,Historical,2593030,0,0,D,1,0,4134590,27.95,1980,22,6.71,38.94
24682,Historical,913400,0,0,D,2,1,2434642,95,2005,29,128.98,13.89
24683,Historical,666658,1,2,D,3,1,688445,120,2008,30,128.98,105.43
24684,Historical,57463,1,2,D,5,1,449831,129.8,2009,74,97.91,43.3
24685,Historical,57462,1,1,D,4,1,987909,104.2,2006,32,97.91,13.87
24686,Historical,2566681,0,0,D,0,0,8669502,66.95,1977,27,31.24,48.53
24687,Historical,3472982,0,0,D,3,1,5801003,43,1997,14,0,7.99
24688,Historical,111924,1,2,D,11,1,2467,148,2011,131,93.99,42.42
24689,Historical,53969,0,0,D,10,1,38066,41.99,2008,84,93.99,17.25
24690,Historical,53968,1,1,D,9,1,124377,8.47,2006,97,93.99,12.88
24691,Historical,205993,1,1,D,1,0,767587,75,2005,29,20.68,34.77
24692,Historical,206053,0,0,D,1,0,1620704,85,2006,22,26.31,16.99
24693,Historical,285694,0,0,D,1,0,1022582,52.95,1998,27,30.73,49.99
24694,Historical,199456,0,0,D,1,0,1906284,54.95,2002,19,44.55,49.98
24695,Historical,597960,0,0,D,2,1,1327820,63.95,2004,23,66.56,49.99
24696,Historical,901603,0,0,D,0,0,4287938,45.95,2002,20,48.33,13.48
24697,Historical,908707,0,0,D,2,1,4325349,48.95,2001,24,48.33,65.23
24698,Historical,591996,0,0,D,2,1,1121494,75,2006,34,54.24,24.79
24699,Historical,194173,0,0,D,2,1,173126,74,2009,89,4.54,10.99
24700,Historical,2556214,0,0,D,0,0,1858779,175,1953,18,43.96,110.75
24701,Historical,298228,0,0,D,2,1,1241962,123,2004,23,0,0
24702,Historical,165493,0,0,D,2,1,680519,179,2002,17,85.48,73.99
24703,Historical,52536,0,0,D,7,1,724494,122.95,2002,61,74.99,11.95
24704,Historical,52535,0,0,D,9,1,571985,311.95,2008,50,74.99,74.42
24705,Historical,52537,0,0,D,8,1,1164709,177.95,2005,42,74.99,26.82
24707,Historical,2940242,0,0,D,4,1,2805542,49.99,2004,10,46.54,83.99
24708,Historical,780206,0,0,D,2,1,2257774,59.95,1998,21,49.94,65.89
24709,Historical,897213,0,0,D,3,1,2360911,59.95,2007,19,49.94,110.74
24710,Historical,864697,1,2,D,7,1,9365,69.95,2014,164,46.33,18.98
24711,Historical,544733,1,4,D,6,1,30694,69.95,2013,219,46.33,15.83
24712,Historical,533372,1,2,D,5,1,323676,59.95,2012,202,46.33,17.99
24713,Historical,751056,0,0,D,1,0,6138548,75,2009,12,19.62,44.02
24714,Historical,232794,0,0,D,4,1,580682,32.95,2008,35,38.46,61.29
24715,Historical,904671,0,0,D,1,0,2325218,88.74,2007,15,22.04,90.34
24716,Historical,255410,1,1,D,1,0,104888,89.95,2005,31,22.04,71.62
24717,Historical,200625,0,0,D,3,1,177230,194.95,2010,111,60.98,58.99
24718,Historical,200279,1,1,D,2,1,1131729,121.95,2007,55,60.98,34.46
24719,Historical,293872,0,0,D,2,1,443690,104.95,2009,80,30.2,43.51
24720,Historical,758626,0,0,D,1,0,3116612,154.95,2000,19,35.62,74.3
24721,Historical,2361932,0,0,D,1,0,5747707,205,2005,13,72.99,63.99
24722,Historical,51491,0,0,D,8,1,23995,90.97,2012,135,102.99,18.99
24723,Historical,753444,0,0,D,8,1,1016777,233.5,2012,41,102.99,241.35
24724,Historical,52146,1,2,D,3,1,9678,369.5,2011,264,120.98,22.99
24725,Historical,540750,0,0,D,10,1,37318,106.2,2013,64,49.86,58.98
24726,Historical,55206,1,1,D,8,1,158572,91,2007,35,49.86,24.07
24727,Historical,203400,0,0,D,4,1,1178015,38.95,2001,81,27.97,8.97
24728,Historical,528024,0,0,D,5,1,136321,45.99,2009,61,27.97,16.99
24729,Historical,218735,0,0,D,1,0,161838,155,2009,103,79.44,34.16
24730,Historical,51490,0,0,D,7,1,331493,28.79,2008,160,102.99,23.99
24731,Historical,55526,0,0,D,1,0,638398,21.24,2008,97,113.87,23.99
24732,Historical,55525,0,0,D,2,1,18599,16.99,2010,84,113.87,43.45
24733,Historical,487306,1,2,D,3,1,40120,89.55,2010,35,84.57,58.99
24734,Historical,52145,0,0,D,2,1,188522,15.53,2008,209,120.98,9.95
24735,Historical,204063,0,0,D,2,1,642803,54.95,2006,62,23.41,18.33
24736,Historical,528023,1,1,D,7,1,144256,98.99,2011,39,69.86,82.49
24737,Historical,533913,1,1,D,6,1,538910,24.57,2008,29,69.86,22.98
24738,Historical,3272188,1,1,D,1,0,2215225,127.29,2004,44,0,48.98
24739,Historical,616739,1,1,D,1,0,379144,90.95,2009,53,0,51.88
24740,Historical,417298,0,0,D,1,0,676413,253,2012,27,132.98,187.91
24741,Historical,416635,1,5,D,1,0,18370,244.5,2012,142,132.98,41.99
24742,Historical,3464206,0,0,D,1,0,3126516,54,1996,24,0,18.99
24743,Historical,614463,1,2,D,10,1,339408,78.29,2010,77,138.97,28.26
24744,Historical,516489,1,1,D,2,1,697823,186.67,2008,119,103.85,13.49
24745,Historical,613053,1,1,D,2,1,280492,179,2006,141,84.9,12.7
24746,Historical,617669,1,1,D,2,1,199728,38.95,2007,54,32.84,29.34
24747,Historical,606760,0,0,D,5,1,1465246,88,2004,28,46.33,69.68
24748,Historical,555357,0,0,D,0,0,1157611,79.95,1997,34,33.94,39.38
24749,Historical,264740,0,0,D,1,0,516422,69.99,2008,30,45.64,35.14
24750,Historical,836161,0,0,D,1,0,4710602,205,2008,10,134.99,96.61
24751,Historical,629063,0,0,D,2,1,2083728,33.33,1984,24,0,64.74
24752,Historical,561922,0,0,D,1,0,1928484,325.95,2004,40,87.94,15
24753,Historical,436096,0,0,D,10,1,280266,299.95,2007,29,128.99,99.62
24754,Historical,593633,1,10,D,3,1,3870,68,2012,184,84.99,42.53
24755,Historical,1453342,0,0,D,1,0,267311,175.2,2014,28,0,78.99
24756,Historical,533664,0,0,D,14,1,76355,284.95,2012,83,92.48,47.9
24757,Historical,537935,0,0,D,9,1,295231,200,2009,92,148.7,40.73
24758,Historical,244340,0,0,D,11,1,88547,76.67,2011,94,112.98,23.66
24759,Historical,119542,1,2,D,4,1,9614,244.8,2012,142,86.98,42.94
24760,Historical,53351,0,0,D,6,1,87874,257.6,2011,72,123.99,37.99
24761,Historical,50288,0,0,D,10,1,77372,28.99,2010,47,62.54,43.91
24762,Historical,533739,1,1,D,9,1,147792,274.95,2012,61,161.47,52.78
24763,Historical,53354,0,0,D,5,1,386378,193.33,2008,39,123.99,48.99
24764,Historical,618113,1,2,D,7,1,1919079,0,2009,32,73.96,73.77
24765,Historical,50452,1,1,D,9,1,138146,313.95,2010,104,56.68,9.99
24766,Historical,544214,1,4,D,10,1,31845,284.95,2013,95,56.68,85.97
24767,Historical,50451,0,0,D,8,1,531070,313.95,2008,56,56.68,13.39
24768,Historical,528021,0,0,D,8,1,35380,64.66,2009,76,138.38,53.74
24769,Historical,285384,0,0,D,7,1,438199,43.99,2007,61,138.38,53.29
24770,Historical,110999,1,4,D,1,0,700369,23.78,2009,68,103.99,23.34
24771,Historical,550098,1,2,D,1,0,208550,83.59,2007,40,209.19,55.03
24772,Historical,50048,1,1,D,18,1,167206,39.84,2008,197,117.92,29.04
24773,Historical,162112,0,0,D,10,1,482416,23.99,2008,90,112.98,23.52
24774,Historical,52517,0,0,D,12,1,243051,344.95,2008,55,92.48,48.15
24775,Historical,621898,1,7,D,4,1,131321,164.07,2012,43,86.98,28.99
24776,Historical,52516,0,0,D,11,1,815344,172.95,2005,42,92.48,15.98
24777,Historical,52996,1,3,D,2,1,76756,34.91,2008,283,84.99,16.27
24778,Historical,618941,0,0,D,2,1,56641,28.92,2011,66,84.99,11.49
24779,Historical,50150,0,0,D,6,1,82365,168,2004,167,73.96,10.6
24780,Historical,877115,1,8,D,11,1,27325,279.95,2013,92,111.32,62.7
24781,Historical,50289,0,0,D,9,1,791746,71.09,2008,37,62.54,50.68
24782,Historical,51638,0,0,D,8,1,657644,301.95,2010,54,161.47,67.67
24783,Historical,52227,0,0,D,3,1,486556,33.94,2007,72,106.49,23.99
24784,Historical,52707,0,0,D,6,1,2361016,141.75,2005,43,65.29,16.07
24785,Historical,52708,0,0,D,8,1,50185,43.99,2009,120,65.29,19.99
24786,Historical,61194,0,0,D,9,1,1605814,9.87,2005,46,112.98,10.48
24787,Historical,528019,1,1,D,7,1,268270,313.95,2010,40,144.01,50.94
24788,Historical,60655,1,1,D,5,1,559899,202.95,2007,36,144.01,28.99
24789,Historical,533914,0,0,D,6,1,606177,313.95,2008,47,144.01,44.94
24790,Historical,52518,0,0,D,13,1,374814,307.95,2010,100,92.48,51.58
24791,Historical,54694,1,1,D,5,1,873795,307.95,2009,80,102.89,22.1
24792,Historical,57252,0,0,D,4,1,1040358,248.95,2007,65,102.89,47.91
24793,Historical,50623,1,1,D,12,1,34880,264.95,2011,55,57.61,82.75
24794,Historical,50622,1,1,D,11,1,418051,253.95,2008,62,57.61,21.99
24795,Historical,50624,0,0,D,11,1,697405,231.95,2010,33,57.61,28.94
24796,Historical,50636,0,0,D,7,1,186961,225,2011,77,43.98,18.61
24797,Historical,50637,0,0,D,6,1,945539,195.2,2009,67,43.98,38.99
24798,Historical,52019,1,1,D,3,1,87379,200,2009,147,86.98,33.95
24799,Historical,50152,0,0,D,7,1,18460,220,2008,116,73.96,36.99
24800,Historical,148753,1,2,D,9,1,520415,222.95,2008,54,111.32,7.99
24801,Historical,50287,0,0,D,8,1,1501472,36.9,2006,31,62.54,46.21
24802,Historical,51637,0,0,D,7,1,1257407,331.95,2007,54,161.47,7.99
24803,Historical,912616,0,0,D,3,1,1335722,57.99,2007,28,226.38,36.99
24804,Historical,125889,0,0,D,4,1,964778,115,1997,85,194.31,32.93
24805,Historical,60656,0,0,D,5,1,123417,134,2003,53,194.31,38.06
24806,Historical,630617,1,3,D,3,1,1313433,87.68,2006,18,123.99,58.94
24807,Historical,57594,0,0,D,3,1,711422,105.92,2006,23,123.99,84.65
24808,Historical,296154,0,0,D,1,0,4366829,104.95,2003,15,17.63,66.88
24809,Historical,113640,0,0,D,5,1,898950,125,1999,32,69.98,46.41
24810,Historical,763111,0,0,D,1,0,1463417,135,1999,16,40.08,51.81
24812,Historical,2143696,0,0,D,0,0,1787265,125,2010,27,99.99,53.54
24813,Historical,2878518,0,0,D,0,0,3601687,125,1989,19,67.99,93.99
24814,Historical,165676,0,0,D,3,1,99735,72.62,2004,31,62.99,52.99
24815,Historical,110122,0,0,D,4,1,116584,70.1,2010,78,94.63,14.48
24816,Historical,697946,0,0,D,3,1,5091489,52.5,2007,17,94.63,50.44
24817,Historical,109104,0,0,D,3,1,1245567,28.99,2006,55,94.63,28.99
24818,Historical,370411,0,0,D,2,1,501346,70,2008,51,49.18,8.19
24819,Historical,1517937,0,0,D,7,1,2579227,449.95,2008,12,197.48,554.69
24820,Historical,146967,0,0,D,6,1,1180871,399,2007,10,197.48,19.74
24821,Historical,628717,0,0,D,2,1,547569,107.95,2010,28,54.73,67.24
24822,Historical,645330,0,0,D,2,1,861877,50.95,2007,27,50.29,50.93
24823,Historical,876172,1,1,D,0,0,298609,124.95,2007,191,8.14,13.56
24824,Historical,257984,0,0,D,0,0,263679,85.95,2000,99,90.47,10.99
24825,Historical,299279,0,0,D,9,1,1294877,54.95,2003,38,74.95,11.49
24826,Historical,60660,1,2,D,9,1,473709,156.95,2003,186,74.95,18.99
24827,Historical,252014,1,1,D,10,1,39274,149.95,2008,61,74.95,108.26
24828,Historical,609625,0,0,D,5,1,156162,132.95,2007,35,95.99,66.03
24829,Historical,806948,0,0,D,5,1,1294973,78.95,2006,20,41.13,55.79
24830,Historical,807067,0,0,D,1,0,1410405,49.95,2008,14,44.21,49.9
24831,Historical,3026474,0,0,D,1,0,603003,54.95,2000,15,41.98,76.98
24832,Historical,623619,0,0,D,4,1,623941,126.95,2005,37,70.15,78.99
24833,Historical,637067,1,1,D,5,1,16295,138.95,2010,15,0,0
24834,Historical,257980,0,0,D,8,1,1209984,56.95,1998,23,38.92,39.54
24835,Historical,904353,0,0,D,0,0,1097969,51.97,1983,17,43.99,106.39
24836,Historical,636788,0,0,D,0,0,2328244,41.89,2007,15,32.02,33.94
24837,Historical,894274,0,0,D,0,0,6426912,0,2007,11,32.02,74.51
24838,Historical,2225554,1,1,D,8,1,406991,18.03,2011,10,0,26.94
24839,Historical,146249,0,0,D,8,1,103688,203,2010,92,91.81,63.99
24840,Historical,315714,1,3,D,0,0,15282,125,2010,200,83.74,71.23
24841,Historical,636489,0,0,D,3,1,527354,145,1993,35,113.98,93.99
24842,Historical,913567,0,0,D,0,0,4643768,0,2005,22,228.99,126.59
24843,Historical,911253,0,0,D,6,1,1619886,0,2005,14,228.99,0
24844,Historical,2658058,0,0,D,2,1,1460064,77.61,1972,19,0,79.21
24846,Historical,571439,0,0,D,2,1,2841398,106.6,1997,24,42.3,67.29
24847,Historical,117347,0,0,D,4,1,366876,118.67,2008,40,103.98,53.98
24848,Historical,116418,0,0,D,3,1,63330,108,2004,76,103.98,35.87
24849,Historical,119086,0,0,D,5,1,32155,171.4,2011,88,103.98,67.89
24850,Historical,3150997,0,0,D,2,1,1875131,89.95,2004,16,52.99,39.99
24851,Historical,178866,0,0,D,4,1,102121,257.95,2011,97,143.02,42.98
24852,Historical,291661,0,0,D,3,1,205604,287.95,2006,114,143.02,15.98
24853,Historical,3616298,0,0,D,1,0,679870,0,1999,26,0,82.49
24854,Historical,822797,0,0,D,0,0,3714831,28.95,1997,11,37.99,63.8
24855,Historical,561234,1,1,D,4,1,611312,115.53,2010,39,90.96,77.95
24856,Historical,609336,1,1,D,3,1,1046090,92.2,2005,43,90.96,16.95
24857,Historical,673155,0,0,D,0,0,1912,15.99,2012,83,43.6,9.67
24858,Historical,630323,0,0,D,1,0,184313,55,2001,36,53.96,25.78
24859,Historical,635301,0,0,D,1,0,293734,84.95,2005,23,51.67,52.91
24860,Historical,876041,1,3,D,1,0,2244865,114.84,2009,46,41.27,51.11
24861,Historical,183678,1,3,D,1,0,578828,134.95,2010,41,41.27,29.77
24862,Historical,617712,0,0,D,0,0,239879,47.95,2000,67,23.8,12.96
24863,Historical,2560741,0,0,D,2,1,4996277,72.95,1982,15,33.77,106.16
24864,Historical,899496,1,1,D,1,0,2886979,88,1997,17,138.48,72.94
24865,Historical,713004,0,0,D,2,1,904125,138,2001,23,138.48,59.57
24866,Historical,2558726,0,0,D,0,0,2898519,17.97,1993,17,85.3,49.98
24868,Historical,204386,1,1,D,0,0,2024194,108,2002,27,0,50.82
24869,Historical,649942,0,0,D,1,0,578125,69,2011,16,0,0
24870,Historical,905316,0,0,D,2,1,1211817,89.95,2007,28,64.67,87.54
24871,Historical,146879,0,0,D,0,0,495715,52.95,2000,36,64.67,43.97
24872,Historical,663602,1,3,D,9,1,8279,155.75,2013,65,63.87,63.96
24873,Historical,51716,1,1,D,6,1,53931,14.96,2007,140,63.87,11.75
24874,Historical,51717,1,2,D,7,1,73155,17.86,2009,110,63.87,16.83
24875,Historical,533729,0,0,D,8,1,20582,194.5,2011,84,63.87,23.99
24876,Historical,1827248,1,1,D,5,1,15838,69.95,2014,46,59.29,52.04
24877,Historical,612722,1,2,D,4,1,67611,69.95,2013,145,59.29,14.94
24878,Historical,632147,1,2,D,3,1,784299,69.95,2012,70,59.29,23.99
24879,Historical,317650,0,0,D,2,1,1214984,160.2,2011,59,92.99,46.59
24880,Historical,539375,1,2,D,3,1,679733,182.2,2013,55,92.99,27.97
24881,Historical,1522072,0,0,D,1,0,1767067,46,2010,40,33.68,28.98
24882,Historical,1765032,0,0,D,0,0,889104,50.33,2012,15,54.75,44.58
24883,Historical,1449581,0,0,D,4,1,5676847,97.5,2007,14,70.93,46.3
24884,Historical,692368,0,0,D,3,1,486178,212.95,2003,29,15.99,70.57
24886,Historical,761045,0,0,D,1,0,3036543,167,2004,15,85.41,62.99
24887,Historical,887566,0,0,D,0,0,3235064,65.95,1987,12,70.27,73.63
24888,Historical,911670,0,0,D,0,0,905868,54.95,2007,27,39.94,68.47
24889,Historical,392803,0,0,D,2,1,700499,34.99,2006,57,25.54,30.37
24890,Historical,603423,0,0,D,1,0,578460,54.95,2008,74,91.99,22.99
24891,Historical,544736,0,0,D,7,1,13592,69.95,2013,325,57.31,14.98
24892,Historical,1827280,1,1,D,9,1,1741,69.95,2015,109,57.31,43.46
24893,Historical,864700,1,2,D,8,1,3214,69.95,2014,225,57.31,28.99
24894,Historical,533756,1,19,D,6,1,106108,64.95,2012,310,57.31,15.06
24895,Historical,527931,1,1,D,3,1,232527,79.95,2012,65,33.98,28.21
24896,Historical,291708,1,2,D,2,1,858134,79.95,2011,43,33.98,40.09
24897,Historical,874158,0,0,D,1,0,1384399,79.95,2009,31,33.98,48.38
24898,Historical,607571,0,0,D,3,1,152311,80,1999,50,95.14,31.49
24899,Historical,869594,0,0,D,4,1,613760,137.45,2005,20,95.14,50.23
24900,Historical,607589,0,0,D,4,1,191032,99,2005,47,95.14,37.34
24901,Historical,622838,0,0,D,2,1,163278,130.8,1999,27,117.99,32.83
24902,Historical,638669,0,0,D,2,1,4668466,75,1996,21,51,8.99
24903,Historical,1932390,0,0,D,1,0,1361085,29.99,2012,22,0,42.69
24904,Historical,3619407,1,2,D,4,1,138931,70,1999,28,0,68.98
24905,Historical,1741353,1,1,D,2,1,310745,65,2006,21,0,63.94
24907,Historical,900487,0,0,D,0,0,1148574,74.59,2005,32,46.93,13.24
24908,Historical,620754,1,1,D,5,1,138423,81.95,2011,43,46.93,32.21
24909,Historical,868434,0,0,D,4,1,852120,56.95,2005,57,46.93,9.9
24910,Historical,760287,0,0,D,3,1,4171481,80,2003,19,18.08,43.23
24911,Historical,902556,1,1,D,2,1,948873,73.44,1993,20,142.38,60.48
24912,Historical,846200,0,0,D,2,1,1879212,72.76,1992,22,142.38,72.39
24913,Historical,639189,1,1,D,1,0,624453,154.95,2010,33,123.92,69.27
24914,Historical,1593559,0,0,D,1,0,3404466,155,2007,17,78.18,71.97
24915,Historical,2698083,0,0,D,1,0,4126191,79.95,2001,10,162.41,119.99
24916,Historical,541210,0,0,D,0,0,2240107,99,1999,23,61.57,69.29
24917,Historical,289281,0,0,D,1,0,1318131,109,1997,15,74.3,53.99
24918,Historical,762237,0,0,D,0,0,2759194,125,2006,15,59.63,82.03
24919,Historical,649470,0,0,D,1,0,695508,79.99,2013,23,0,51.33
24920,Historical,177037,1,1,D,2,1,582087,402.95,2004,42,103.99,33.98
24921,Historical,763983,1,1,D,1,0,2469881,159.95,2000,25,69.99,18.54
24922,Historical,264874,0,0,D,1,0,2352910,89.95,2001,14,63.46,89.95
24923,Historical,264901,0,0,D,2,1,934397,92.95,2003,24,64.97,78.99
24924,Historical,749500,0,0,D,4,1,4395179,55.95,2005,20,36.17,71.71
24925,Historical,141816,1,1,D,9,1,627929,47.33,2006,138,46.21,18.98
24926,Historical,540425,1,2,D,11,1,71411,47.99,2012,165,46.21,22.94
24927,Historical,141942,1,1,D,10,1,174746,87.47,2009,138,46.21,19.63
24928,Historical,649703,0,0,D,11,1,151796,76.75,2012,30,46.21,28.49
24929,Historical,131742,1,1,D,7,1,456669,89.33,2003,63,103.8,19.69
24930,Historical,132097,0,0,D,7,1,1841960,117,2005,28,103.8,10.55
24931,Historical,874506,1,5,D,8,1,1667387,0,2008,34,103.8,17.42
24932,Historical,776041,0,0,D,3,1,5935811,29.5,2006,13,56.99,66.39
24933,Historical,910441,1,1,D,0,0,3112227,31.5,2009,27,56.99,13.99
24934,Historical,622096,0,0,D,3,1,137512,90,2000,48,61.13,53.01
24935,Historical,615835,0,0,D,7,1,3373101,8.96,2001,26,25.99,12.96
24936,Historical,58508,1,1,D,7,1,140969,98.64,2009,62,83.19,38.97
24937,Historical,599135,1,1,D,7,1,380687,44,2008,25,33.59,11.38
24938,Historical,908601,0,0,D,0,0,4441079,40,2005,20,33.59,23.98
24939,Historical,548179,0,0,D,1,0,3975895,22,2006,20,46.47,4.97
24940,Historical,684271,0,0,D,1,0,2032894,16.8,2006,18,46.47,11.74
24941,Historical,614535,1,1,D,5,1,345967,93,2005,48,38.89,20.94
24942,Historical,148655,0,0,D,3,1,1093753,326.95,2008,53,144.47,13.41
24943,Historical,178703,0,0,D,4,1,98382,308.95,2011,83,144.47,51.89
24944,Historical,3015102,0,0,D,1,0,1209530,89.95,1998,22,38.97,13.98
24945,Historical,610210,1,1,D,11,1,141719,96,2007,40,86.68,36.63
24946,Historical,392339,0,0,D,11,1,391509,38.36,2007,17,86.68,11
24947,Historical,838314,0,0,D,2,1,2935527,350,2004,19,125.49,73.97
24948,Historical,109809,0,0,D,2,1,2606459,0,2006,21,123.99,4.59
24949,Historical,527917,0,0,D,3,1,41558,89.63,2008,70,123.99,47.97
24950,Historical,2606662,0,0,D,0,0,1276940,29.95,1997,18,0,10.98
24951,Historical,174173,0,0,D,0,0,1481623,60,1997,32,13.98,45.99
24952,Historical,2606723,0,0,D,0,0,5253444,29.95,1997,11,51.48,29.99
24953,Historical,606713,0,0,D,2,1,1126592,135,1989,31,90.17,36.99
24954,Historical,175583,0,0,D,2,1,2247923,123,2003,18,43.04,80.33
24955,Historical,114811,0,0,D,4,1,454347,150,2001,54,83.68,53.93
24956,Historical,607321,0,0,D,10,1,125032,139,2004,38,133.99,46
24957,Historical,2471414,0,0,D,1,0,3035615,122.95,1996,24,37.45,16.65
24958,Historical,621782,0,0,D,2,1,1050963,125.95,2000,25,37.45,30.99
24959,Historical,738251,0,0,D,3,1,3064163,99,2001,47,49.6,15.99
24960,Historical,560315,0,0,D,4,1,132278,169,2006,36,49.6,38.99
24961,Historical,624685,1,1,D,13,1,159374,225,2012,77,11.66,52.99
24962,Historical,610126,1,1,D,12,1,1219403,190,2008,51,11.66,49.98
24963,Historical,919223,0,0,D,2,1,1942563,103.6,1999,41,36.74,22.99
24964,Historical,50953,1,3,D,9,1,500540,190.67,2008,72,189.61,12.99
24965,Historical,50952,1,1,D,8,1,570489,166.67,2006,64,189.61,12.89
24966,Historical,61026,1,1,D,8,1,1046078,84.95,2005,80,69.52,17.99
24967,Historical,249042,1,1,D,9,1,295836,102,2008,153,69.52,53.65
24968,Historical,622760,1,2,D,1,0,402331,188.95,2006,29,77.98,48.99
24969,Historical,797734,0,0,D,1,0,763870,187.95,2006,20,83.98,64.67
24970,Historical,869969,0,0,D,2,1,1779682,70,1995,18,128.94,24.5
24971,Historical,60661,1,2,D,3,1,775704,139,1998,45,128.94,35.16
24972,Historical,591736,0,0,D,3,1,2893402,82.25,2006,18,50.1,23.93
24974,Historical,183700,0,0,D,1,0,1433324,199.95,2006,22,43.16,25.17
24975,Historical,60662,0,0,D,1,0,963761,150.95,2005,30,86.82,8.99
24976,Historical,179117,0,0,D,2,1,316223,136.95,2008,56,86.82,20.38
24977,Historical,115866,0,0,D,8,1,978887,140.2,2004,32,43.5,43.94
24978,Historical,2570941,0,0,D,3,1,1198009,295,1974,24,0,198.99
24979,Historical,757078,0,0,D,4,1,3347616,275,2000,13,96.19,130.48
24980,Historical,113822,0,0,D,10,1,203166,100,2000,39,183.98,43.55
24981,Historical,114581,1,1,D,11,1,368013,117.35,2003,28,183.98,46.95
24982,Historical,915796,0,0,D,2,1,822881,99.95,1998,38,63.92,35.74
24983,Historical,180691,0,0,D,2,1,415352,79.99,2010,26,78.97,53.98
24984,Historical,459140,0,0,D,0,0,1084501,75,2009,18,78.97,49.48
24985,Historical,2262689,1,1,D,4,1,282195,0,2012,43,27.01,53.99
24986,Historical,642075,0,0,D,5,1,201386,216,2013,86,46.42,43.98
24987,Historical,872028,0,0,D,0,0,2472194,30.5,2008,14,46.42,7.99
24988,Historical,193681,1,2,D,4,1,772426,156,2009,97,46.42,25.99
24989,Historical,697802,0,0,D,0,0,1306976,52.97,2011,10,0,52.33
24990,Historical,609391,1,2,D,6,1,3963770,69.95,2000,21,22.48,44.49
24991,Historical,2415420,1,1,D,3,1,1667114,75,2004,17,53,89.27
24992,Historical,278573,0,0,D,3,1,2595691,53.95,2005,25,29.34,51.05
24993,Historical,127281,0,0,D,3,1,1239439,64.95,2005,31,29.34,56.08
24994,Historical,2618922,0,0,D,4,1,401417,115.95,1993,32,52.49,71.43
24995,Historical,904456,0,0,D,1,0,1756631,86.67,1996,20,23.98,71.31
24996,Historical,2366330,0,0,D,2,1,896944,75,2000,26,66.75,13.99
24997,Historical,116454,1,1,D,3,1,512356,114.2,2003,59,66.75,44.25
24998,Historical,127361,0,0,D,2,1,115480,49.95,2008,56,39.93,73.63
24999,Historical,125830,1,2,D,0,0,1058627,39.95,2003,69,39.93,18.83
25000,Historical,57501,0,0,D,9,1,3846426,203.95,2004,36,78.54,8.69
25001,Historical,57502,1,1,D,10,1,118463,302.95,2007,25,78.54,43.99
25002,Historical,2836644,0,0,D,1,0,1252411,136.95,1995,28,91.94,16.98
25003,Historical,788175,1,2,D,2,1,1045155,340.95,2003,23,91.94,53.99
25004,Historical,607130,0,0,D,4,1,1501345,135.2,2001,24,42.83,43.94
25005,Historical,870433,1,2,D,0,0,505481,28.69,1990,20,81.12,26.66
25006,Historical,60663,0,0,D,3,1,496074,121.67,1999,24,81.12,81.44
25007,Historical,556646,1,1,D,1,0,1204121,56.8,1999,35,49.46,16.99
25008,Historical,182418,0,0,D,1,0,1969578,198.95,2002,25,0,8.87
25009,Historical,2502933,0,0,D,1,0,3499640,99,1998,22,65.41,27.98
25010,Historical,2387970,0,0,D,3,1,9443944,70,1992,21,39.91,23.94
25011,Historical,830364,0,0,D,0,0,2932174,59.95,2001,25,18.24,28.87
25012,Historical,2530125,0,0,D,0,0,3018283,33.95,1997,38,30.96,7.97
25013,Historical,527907,1,2,D,11,1,51145,262.33,2011,43,130.87,92.34
25014,Historical,145827,0,0,D,10,1,418583,200,2008,27,130.87,43.97
25015,Historical,145066,0,0,D,9,1,688827,155.2,2005,54,130.87,16.83
25016,Historical,1547424,0,0,D,7,1,6149827,55.95,2010,27,54.14,12.73
25017,Historical,1553959,0,0,D,8,1,4840226,53.95,2012,14,54.14,41.13
25018,Historical,874669,0,0,D,7,1,1398458,39.99,2009,36,47.73,44.61
25019,Historical,287046,0,0,D,6,1,372299,55.95,2005,125,47.73,9.99
25020,Historical,287127,0,0,D,7,1,79222,69.95,2009,66,47.73,35.85
25021,Historical,142978,0,0,D,0,0,5372526,118,2005,15,18.93,12.99
25022,Historical,615453,0,0,D,13,1,29532,295.4,2013,81,183.02,38.81
25023,Historical,314970,0,0,D,12,1,161371,292.4,2011,89,183.02,53.97
25024,Historical,638353,0,0,D,0,0,259837,48.95,2006,23,44.99,40.96
25025,Historical,879384,0,0,D,7,1,116504,82,2009,30,127.72,195.83
25026,Historical,259365,1,4,D,6,1,410348,56,2003,51,127.72,29.94
25027,Historical,177035,0,0,D,1,0,663159,303.95,2006,31,54.72,42.99
25028,Historical,874116,0,0,D,1,0,1086163,84.1,2007,15,54.72,143.36
25029,Historical,542792,0,0,D,13,1,1150004,114.12,2009,49,8.84,25.43
25030,Historical,197653,0,0,D,12,1,2647914,96.55,2008,17,8.84,47.92
25031,Historical,901569,1,1,D,0,0,4054184,14,1993,13,73.99,50.97
25032,Historical,909635,1,2,D,6,1,4469400,31.96,1985,25,73.99,23.75
25033,Historical,492152,0,0,D,2,1,429191,148.95,2012,41,75.56,64.99
25034,Historical,203562,0,0,D,10,1,567910,157.95,2005,47,120.33,33.99
25035,Historical,120553,0,0,D,3,1,59536,205.2,2007,46,108.09,70.81
25036,Historical,667518,0,0,D,3,1,789584,22.3,2009,18,108.09,21.31
25037,Historical,918214,0,0,D,1,0,3186625,13.79,1966,36,62.44,13.79
25038,Historical,228873,0,0,D,1,0,230733,44,1998,80,26.61,23.98
25039,Historical,3121653,0,0,D,0,0,4114348,58,2001,20,98.22,48.53
25040,Historical,630015,0,0,D,1,0,681807,99.95,2010,27,67.99,70.57
25041,Historical,566863,0,0,D,2,1,130499,53.98,1995,49,75.1,53.52
25042,Historical,57273,0,0,D,5,1,300755,58.47,2007,41,112.29,52.69
25043,Historical,868140,0,0,D,0,0,1430525,110,1991,32,88.65,40.2
25044,Historical,286528,0,0,D,0,0,50334,162.2,2003,37,88.65,141.69
25045,Historical,60664,0,0,D,2,1,2098128,148.95,1999,36,127.27,23.98
25046,Historical,177083,0,0,D,3,1,321349,376.95,2005,53,127.27,72.31
25047,Historical,57272,1,2,D,4,1,992514,57.47,2002,53,112.29,59.83
25048,Historical,266957,1,1,D,0,0,42491,75,2004,29,63.99,41.09
25049,Historical,2388031,0,0,D,4,1,13388455,0,1990,15,38.47,18.99
25050,Historical,1623489,0,0,D,2,1,3709972,51.95,2008,21,31.42,36.64
25051,Historical,161670,0,0,D,7,1,611478,187.95,2006,46,42.28,72.83
25052,Historical,497713,1,5,D,1,0,228236,30.99,2009,75,97.75,23.98
25053,Historical,252715,1,1,D,2,1,14920,93.5,2011,91,97.75,50.23
25054,Historical,871817,0,0,D,2,1,4155607,107,2012,14,63.14,136.03
25055,Historical,252559,1,1,D,1,0,728158,18.97,2009,60,63.14,22.85
25056,Historical,252713,0,0,D,2,1,72247,315.5,2011,83,63.14,35.99
25057,Historical,252714,0,0,D,2,1,28856,50,2011,148,11.88,42.99
25058,Historical,704367,1,1,D,1,0,3105303,89.98,2002,20,67.4,73.98
25059,Historical,2795897,1,2,D,0,0,1899089,0,1985,18,66.02,74.53
25060,Historical,243985,0,0,D,9,1,231753,195.95,2012,42,126.81,28.09
25061,Historical,169294,0,0,D,7,1,1636162,232.95,2006,34,126.81,8.84
25062,Historical,169874,0,0,D,8,1,691370,214.95,2009,39,126.81,15.46
25063,Historical,193303,0,0,D,3,1,3670034,112,2004,14,78.99,19.12
25064,Historical,193593,0,0,D,4,1,1461926,143,2008,13,78.99,169.59
25065,Historical,250404,1,4,D,17,1,843048,52.31,2006,90,45.95,21.88
25066,Historical,251819,1,2,D,18,1,97143,52.83,2010,74,45.95,38.99
25067,Historical,207740,1,4,D,16,1,476080,52.31,2002,116,45.95,11.98
25068,Historical,593210,1,1,D,6,1,1752082,49.71,2008,22,20.79,53.87
25069,Historical,250392,0,0,D,5,1,2104234,49.71,2005,47,20.79,21.94
25070,Historical,1878766,0,0,D,11,1,1485449,44.17,2010,22,0,58.28
25071,Historical,251813,0,0,D,13,1,2507270,48.76,2007,24,46.95,24.32
25072,Historical,669055,1,1,D,15,1,366789,49,2012,16,46.95,41.19
25073,Historical,645968,1,2,D,14,1,2408672,48.86,2007,18,46.95,59.87
25074,Historical,135578,0,0,D,6,1,786463,49.95,2005,155,43.74,7.08
25075,Historical,527903,0,0,D,7,1,106765,49.95,2009,76,43.74,43.56
25076,Historical,635217,1,1,D,8,1,423185,72,2008,21,74.77,32.64
25077,Historical,622564,1,1,D,0,0,2030273,56,2006,53,74.77,70.29
25078,Historical,586049,0,0,D,3,1,260666,59.95,2005,62,51.99,26.59
25079,Historical,703536,0,0,D,5,1,3544842,0,1999,29,77.61,45.4
25080,Historical,2580269,1,1,D,3,1,4599415,55,1996,24,32.99,72.71
25081,Historical,118478,0,0,D,5,1,377891,184,2007,43,129.78,30.99
25082,Historical,286461,0,0,D,6,1,274163,232.4,2010,100,129.78,51.84
25083,Historical,1587871,0,0,D,2,1,2106581,73,2007,13,42.93,33.98
25085,Historical,904793,0,0,D,2,1,3888781,95,1998,19,38.54,24.99
25086,Historical,259369,1,3,D,10,1,307477,90,2004,44,83.59,72.2
25087,Historical,2540970,0,0,D,2,1,2338383,72.95,2003,15,0,72.14
25088,Historical,771450,1,1,D,0,0,2591911,147.15,2004,19,31.78,26.89
25089,Historical,771745,0,0,D,0,0,180636,4.9,2004,18,31.78,6.97
25090,Historical,182962,1,26,D,0,0,211498,112.2,2003,68,26.64,26.65
25091,Historical,2531943,0,0,D,1,0,2350578,89.95,2003,17,98.99,75.69
25092,Historical,2647102,0,0,D,0,0,1382402,22.95,1991,19,29.98,39.01
25093,Historical,622597,0,0,D,0,0,9299,140,2012,18,0,0
25094,Historical,201699,0,0,D,3,1,2404419,35.95,2004,35,23.94,11.64
25095,Historical,624120,0,0,D,2,1,2207572,290.99,2006,26,318,34.97
25096,Historical,625992,0,0,D,1,0,1169148,106.5,1999,22,79.28,36.98
25097,Historical,631315,0,0,D,3,1,2024294,240,2008,17,149.34,93.92
25098,Historical,2362068,0,0,D,1,0,2308943,125,2005,31,68.99,48.26
25099,Historical,697873,0,0,D,4,1,1033695,149.01,2007,12,123.73,73.61
25100,Historical,477616,0,0,D,3,1,1414431,181.95,2007,87,50.99,12.99
25101,Historical,420168,1,1,D,1,0,1256086,142,2009,20,68.99,58.83
25102,Historical,574407,1,1,D,1,0,61975,110.49,2011,84,115.41,76.29
25103,Historical,50208,0,0,D,3,1,1120971,175.5,2004,52,123.73,30.44
25104,Historical,50209,1,2,D,4,1,338572,23.84,2007,48,123.73,52.49
25105,Historical,778646,0,0,D,3,1,2607536,152.95,2008,29,50.99,25.97
25106,Historical,638103,0,0,D,1,0,3200981,75,2005,26,43.96,46.67
25107,Historical,128685,0,0,D,2,1,1002930,64.95,2008,22,43.96,55.91
25108,Historical,50193,1,1,D,5,1,11537,165,2007,185,139.99,47.4
25109,Historical,294983,0,0,D,6,1,100299,189.93,2007,62,122.94,50
25110,Historical,537993,1,1,D,5,1,2304433,0,2005,55,122.94,57.24
25111,Historical,419897,0,0,D,2,1,5711935,114,2005,7,64.74,44.3
25112,Historical,57973,0,0,D,2,1,2656557,56.95,2003,36,68.98,21.38
25113,Historical,57974,0,0,D,3,1,991952,0,2003,54,68.98,67.67
25114,Historical,534837,0,0,D,7,1,24459,238.25,2012,67,114.75,93.99
25115,Historical,910613,0,0,D,1,0,3461221,115,1997,17,126.38,54.55
25116,Historical,581134,0,0,D,1,0,324973,126,2002,35,88.98,78.99
25117,Historical,647940,0,0,D,1,0,807040,69.95,2006,14,45.98,30.3
25118,Historical,56136,0,0,D,3,1,370373,109.95,2007,45,78.93,57.96
25119,Historical,56137,0,0,D,2,1,737423,99.95,2002,53,78.93,33.37
25120,Historical,508241,0,0,D,0,0,5729014,239,2005,18,135.11,149.27
25121,Historical,289292,0,0,D,1,0,1037414,99,2002,24,45.49,33.99
25122,Historical,571450,0,0,D,0,0,2835064,72,1997,18,57.2,46.59
25123,Historical,755155,0,0,D,0,0,1800213,65,2003,16,51.47,22.98
25125,Historical,718145,0,0,D,1,0,6260619,94.95,1997,16,91.54,36.93
25126,Historical,2489896,0,0,D,0,0,5472637,38,2003,13,58.89,42.57
25127,Historical,269234,1,1,D,3,1,2539783,74.95,2005,23,79.83,17.97
25128,Historical,55874,0,0,D,1,0,1684814,23.35,2005,48,86.18,6.99
25129,Historical,467308,1,1,D,0,0,177499,12.88,2008,54,86.18,22.05
25130,Historical,55875,0,0,D,2,1,218496,9.6,2007,82,86.18,11.97
25131,Historical,225698,0,0,D,1,0,4065098,99.95,1999,12,73.4,13.65
25132,Historical,130092,0,0,D,4,1,3534554,123,2001,43,41.99,9.48
25133,Historical,616413,0,0,D,3,1,4905337,96,1999,31,41.99,8.99
25134,Historical,2650034,0,0,D,3,1,7683779,111.99,2000,11,68.71,180.11
25135,Historical,895487,1,2,D,2,1,5114132,52,1986,21,48.54,36
25136,Historical,3609872,0,0,D,0,0,2691343,107,1984,22,0,105.35
25137,Historical,3571464,0,0,D,1,0,404526,34.95,2010,34,0,33.99
25138,Historical,789030,1,1,D,1,0,4888543,39.95,2003,14,27.58,10.49
25139,Historical,114012,1,1,D,1,0,558186,44.2,2000,38,39.22,13.96
25140,Historical,858930,0,0,D,7,1,1294869,136.95,2002,58,53.98,25.99
25141,Historical,244240,0,0,D,12,1,16028,189.95,2012,79,140.97,73.99
25142,Historical,53121,1,3,D,10,1,1309691,228.95,2006,75,140.97,12.49
25143,Historical,53120,0,0,D,11,1,129743,208.95,2009,77,140.97,20.89
25144,Historical,50500,0,0,D,4,1,2534250,0,2003,21,78.47,20.29
25145,Historical,50498,1,5,D,5,1,306627,112.75,2005,95,78.47,42.53
25146,Historical,645022,0,0,D,1,0,1673410,92,2010,16,11.01,35.4
25147,Historical,54039,0,0,D,7,1,526792,96.2,2004,83,86.7,31.44
25148,Historical,54040,1,1,D,8,1,34674,114.4,2008,70,86.7,77.51
25149,Historical,60667,1,3,D,4,1,123333,31.88,2003,46,34.69,72.51
25150,Historical,569443,1,1,D,1,0,1768358,99.95,1994,35,73.98,45.39
25151,Historical,566500,0,0,D,1,0,308697,60,2000,59,32.94,28.1
25152,Historical,106045,0,0,D,4,1,598092,94,2005,56,45.45,24.99
25153,Historical,3468214,0,0,D,4,1,9066530,0,2001,7,0,6
25154,Historical,56923,0,0,D,4,1,1378661,152,2005,113,97.99,8.98
25155,Historical,56924,0,0,D,5,1,130332,240,2009,244,97.99,20.99
25156,Historical,132712,0,0,D,5,1,593701,86.2,2009,78,45.89,40.89
25157,Historical,616737,0,0,D,5,1,1041549,88.8,2009,70,24.12,18.93
25158,Historical,622949,0,0,D,6,1,24656,142.8,2013,67,34.74,68.7
25159,Historical,537858,0,0,D,5,1,639433,113,2010,97,34.74,31.69
25160,Historical,629097,1,3,D,6,1,126906,134.4,2013,51,47.98,43.99
25161,Historical,613366,1,1,D,5,1,1287500,116.33,2010,61,47.98,8.99
25162,Historical,872116,0,0,D,0,0,5782446,59.95,2000,24,12.53,10.77
25163,Historical,147136,0,0,D,2,1,721411,69.95,2004,36,12.53,8.99
25164,Historical,2145248,0,0,D,1,0,2382829,81.95,2009,26,35.09,33.64
25165,Historical,640411,1,2,D,2,1,630920,46.95,2003,42,46.83,48.49
25166,Historical,540923,0,0,D,3,1,228205,67.95,2007,49,46.83,37.44
25167,Historical,608014,0,0,D,6,1,130276,66.95,2006,51,36.96,39.94
25168,Historical,527867,0,0,D,7,1,60833,73.95,2011,54,36.96,43.98
25169,Historical,147342,1,1,D,18,1,1337961,46.95,2006,80,29.97,19.67
25170,Historical,147552,0,0,D,19,1,675185,56.95,2008,60,29.97,23.99
25171,Historical,54322,0,0,D,8,1,213193,42.95,2008,387,13.34,6.99
25172,Historical,536409,1,1,D,9,1,9868,44.95,2012,164,13.34,23.95
25173,Historical,54321,1,1,D,7,1,799243,39.95,2005,236,13.34,7.99
25174,Historical,620242,0,0,D,9,1,957013,41.95,2011,58,31.09,29.69
25175,Historical,627886,0,0,D,10,1,319267,42.95,2012,41,31.09,18.66
25176,Historical,655092,0,0,D,10,1,267483,44.95,2013,55,31.09,16.74
25177,Historical,330011,0,0,D,3,1,1447870,43.95,2011,27,35.98,4.62
25178,Historical,616302,0,0,D,2,1,2081171,49.95,2009,48,35.98,9.98
25179,Historical,540946,1,1,D,4,1,441418,43.95,2013,18,35.98,11.93
25180,Historical,147488,0,0,D,2,1,1316790,66.95,2007,18,20.99,63.3
25181,Historical,147489,0,0,D,2,1,2038304,67.95,2007,19,20.99,6.64
25182,Historical,60669,0,0,D,3,1,1078227,44.95,2005,75,36.18,10.99
25183,Historical,147628,0,0,D,4,1,228494,53.95,2009,70,36.18,24.29
25184,Historical,147176,0,0,D,2,1,1803642,42.95,2004,34,35.89,16.5
25185,Historical,527860,0,0,D,5,1,145065,83.95,2012,33,63.99,67.93
25186,Historical,147503,0,0,D,4,1,139022,78.95,2008,56,63.99,28.64
25187,Historical,55871,0,0,D,4,1,40602,64.95,2009,288,38.71,24.83
25188,Historical,2252731,0,0,D,4,1,2136592,35.65,2009,46,0,22.82
25189,Historical,55870,0,0,D,3,1,772347,49.95,2005,187,38.71,4.99
25190,Historical,615766,0,0,D,8,1,70953,41.95,2008,88,20.87,13.48
25191,Historical,743726,1,1,D,7,1,1207076,37.95,2006,42,20.87,13.99
25192,Historical,516539,0,0,D,2,1,359444,42.95,2010,52,22.86,54.29
25193,Historical,527857,0,0,D,21,1,480203,44.95,2011,31,42.05,9.79
25194,Historical,1518211,1,2,D,20,1,1070695,40.95,2009,23,42.05,50.43
25195,Historical,541011,0,0,D,22,1,333233,46.95,2013,64,42.05,23.98
25196,Historical,534455,0,0,D,25,1,608519,41.95,2011,118,37.29,8.89
25197,Historical,639292,0,0,D,1,0,1815610,102,2008,17,122.18,115.55
25198,Historical,533994,0,0,D,3,1,484559,140,2006,29,105.65,29.85
25199,Historical,329995,0,0,D,2,1,773606,66.95,2008,42,49.68,36.61
25200,Historical,147144,0,0,D,1,0,10031,57.95,2004,59,49.68,11.97
25201,Historical,614354,0,0,D,2,1,923185,74.95,2007,74,76.75,11.97
25202,Historical,615872,1,1,D,3,1,50948,89.95,2011,47,76.75,18.99
25203,Historical,608031,0,0,D,7,1,536751,49.95,2010,33,31.98,21.58
25204,Historical,57970,1,1,D,8,1,476303,107.95,2009,84,51.59,16.95
25205,Historical,2261461,0,0,D,0,0,2415532,42.74,2010,39,51.59,20.83
25206,Historical,1517836,1,1,D,2,1,1473696,39.95,2006,31,21.99,28.71
25207,Historical,628845,0,0,D,1,0,681133,76.95,2006,25,77.07,79.85
25208,Historical,622011,1,1,D,1,0,171328,76.95,2007,56,62.86,45.54
25209,Historical,2486019,0,0,D,1,0,623849,42.95,2005,36,43.99,53.23
25210,Historical,545063,1,7,D,2,1,44364,62.95,2009,64,43.99,25.49
25211,Historical,561673,1,1,D,5,1,266325,53.95,2006,43,85.16,8.76
25212,Historical,540944,0,0,D,6,1,118692,69.95,2010,83,85.16,66.01
25213,Historical,147126,0,0,D,6,1,798610,49.95,2004,114,38.13,23.93
25214,Historical,561684,0,0,D,7,1,215053,65.95,2007,102,38.13,27.98
25215,Historical,826472,0,0,D,1,0,2921282,39.95,1996,19,11.15,44.8
25216,Historical,527851,1,8,D,8,1,33650,36.95,2012,43,10.43,33.12
25217,Historical,147543,1,5,D,7,1,267338,36.95,2007,147,10.43,19.99
25218,Historical,188002,0,0,D,6,1,3111579,299,2001,12,193.41,53.08
25219,Historical,169974,0,0,D,5,1,298211,289.95,2010,98,93.93,14.94
25220,Historical,57433,0,0,D,4,1,361603,289.95,2006,72,93.93,70.56
25221,Historical,872261,0,0,D,2,1,2056453,126.6,2004,32,75.42,21.77
25222,Historical,527848,1,1,D,4,1,157002,59.95,2012,39,33.49,44.35
25223,Historical,368808,0,0,D,3,1,1126363,60.95,2007,58,33.49,13.94
25224,Historical,619795,0,0,D,3,1,167032,148.2,2009,63,75.42,44.99
25225,Historical,569725,0,0,D,5,1,345366,298.95,2003,39,101.38,36.1
25226,Historical,118574,0,0,D,3,1,369195,108.6,2007,29,92.92,99.56
25227,Historical,113774,0,0,D,2,1,1313827,74,2001,22,92.92,13.88
25228,Historical,55864,1,1,D,2,1,93267,60,2002,99,33.99,16.23
25229,Historical,57505,0,0,D,4,1,24860,101.99,2011,39,73.99,63.18
25230,Historical,873448,0,0,D,3,1,2768304,65,2005,39,44.75,60
25231,Historical,407873,0,0,D,4,1,971529,89,2005,41,44.75,36.99
25232,Historical,57504,0,0,D,3,1,142084,82.95,2006,85,73.99,22.9
25233,Historical,390871,0,0,D,1,0,2330231,149.95,2004,14,29.73,51.15
25234,Historical,550202,1,1,D,8,1,102651,164.25,2006,46,101.49,39.96
25235,Historical,276655,1,3,D,2,1,275794,50,2009,51,0,0
25236,Historical,875155,0,0,D,3,1,538792,60.79,2004,41,49.42,64.27
25237,Historical,293278,1,1,D,4,1,43439,89,2007,67,49.42,38.98
25238,Historical,537984,0,0,D,3,1,506869,69,2004,58,49.42,32.98
25239,Historical,624229,0,0,D,1,0,883594,192.95,1999,32,80.54,8.69
25240,Historical,619423,0,0,D,2,1,390958,89.95,2005,143,57.96,40.87
25242,Historical,2441268,0,0,D,0,0,1749068,34,1996,29,45.66,58.41
25244,Historical,549543,0,0,D,2,1,2480443,199,2004,25,199.11,28.98
25246,Historical,2649024,0,0,D,1,0,644958,59.95,2002,42,30.99,41.89
25247,Historical,607700,0,0,D,3,1,3011113,81.6,2003,42,44.3,10
25248,Historical,132766,1,1,D,5,1,234788,113.4,2009,47,44.3,44.74
25249,Historical,428384,0,0,D,4,1,1490765,100.4,2006,72,44.3,8.68
25250,Historical,789275,0,0,D,2,1,3023493,65,2004,27,58.67,43.99
25251,Historical,175897,0,0,D,2,1,3805705,157.99,2007,16,78.02,137.85
25252,Historical,173675,0,0,D,0,0,2990419,70.99,2003,21,78.02,61.99
25253,Historical,184594,0,0,D,2,1,1507537,59.95,1998,38,44.66,15
25254,Historical,620867,0,0,D,3,1,852576,54.99,2005,30,44.66,61.56
25255,Historical,2679599,0,0,D,5,1,2988126,139,1995,31,113.59,73.29
25256,Historical,901560,0,0,D,0,0,2935806,62,1999,16,58.96,14.9
25257,Historical,912415,0,0,D,0,0,1842662,58,2000,29,58.96,24.04
25258,Historical,120348,0,0,D,3,1,1243603,59.2,2008,52,38.34,7.89
25259,Historical,552223,0,0,D,2,1,3201403,43.2,2004,24,38.34,4.26
25260,Historical,121276,0,0,D,5,1,35418,133.33,2011,36,50.39,67.43
25261,Historical,117216,0,0,D,4,1,1285068,107.8,2006,46,50.39,19.99
25262,Historical,167267,0,0,D,6,1,600087,9.97,2006,73,69.99,19.49
25263,Historical,60673,0,0,D,5,1,2986774,13.49,2004,40,69.99,7.99
25264,Historical,163972,0,0,D,5,1,3495032,8.26,2003,34,69.99,6.54
25265,Historical,61137,0,0,D,7,1,1172684,97.2,2006,100,68.45,9.94
25266,Historical,51987,0,0,D,8,1,23183,134.6,2008,144,68.45,27.49
25267,Historical,255632,0,0,D,3,1,665690,65.95,2006,37,40.61,31.1
25268,Historical,2253279,0,0,D,5,1,6473628,113.96,2010,38,71.52,55.68
25269,Historical,57218,0,0,D,4,1,1215853,76.8,2007,41,71.52,24
25270,Historical,57221,0,0,D,5,1,101118,116,2010,61,71.52,38.99
25271,Historical,427365,0,0,D,3,1,28746,99.95,2011,62,63.88,81.85
25272,Historical,60674,0,0,D,1,0,1322524,30.94,2005,32,63.88,15.99
25273,Historical,527829,1,1,D,2,1,207908,80.15,2008,39,63.88,86.83
25274,Historical,566748,1,2,D,1,0,111551,94.95,2005,33,0,0
25275,Historical,391334,1,1,D,3,1,314530,34.93,2008,33,93.88,107.37
25276,Historical,1445336,0,0,D,0,0,3369589,96.95,2006,16,44.95,43.99
25277,Historical,295016,1,1,D,1,0,1082267,49.95,2002,15,56.78,32.95
25278,Historical,527827,0,0,D,2,1,1260512,94.95,2008,26,136.7,58.99
25279,Historical,106840,1,2,D,8,1,424097,43.72,2010,60,35.87,10.22
25280,Historical,527825,0,0,D,2,1,6494743,33.95,2002,16,33.73,18.99
25281,Historical,267369,0,0,D,3,1,1782875,37,2005,36,33.73,17.92
25282,Historical,537412,0,0,D,13,1,13921,285.6,2012,76,132.96,103.33
25283,Historical,120789,0,0,D,12,1,273341,230.2,2009,44,132.96,39.93
25284,Historical,145265,1,1,D,11,1,234392,93.33,2006,64,132.96,18.94
25285,Historical,50830,0,0,D,8,1,318985,10.1,2006,60,102.19,13.08
25286,Historical,50828,0,0,D,9,1,216374,88.74,2009,44,102.19,17.99
25287,Historical,608059,0,0,D,3,1,2961799,207.95,2004,35,131.78,9.96
25288,Historical,404645,0,0,D,4,1,2097672,391.95,2007,33,131.78,11.38
25289,Historical,389266,1,1,D,5,1,209993,391.95,2010,52,131.78,56.92
25290,Historical,872087,0,0,D,6,1,5694314,11.11,2005,44,109.84,11.98
25291,Historical,615880,0,0,D,7,1,334223,119.6,2009,29,109.84,36.87
25292,Historical,913386,0,0,D,0,0,1157763,55,1994,29,50.98,18.99
25294,Historical,873798,0,0,D,2,1,2524294,0,2008,17,118.98,74.22
25295,Historical,113765,1,2,D,1,0,285194,120.4,2001,31,118.98,43.67
25296,Historical,256286,0,0,D,2,1,564807,69.95,2005,52,44,45.99
25297,Historical,2607255,0,0,D,0,0,3609790,41.99,1999,25,36.4,29.63
25298,Historical,60676,1,4,D,5,1,892436,195.95,2002,69,190.89,33.5
25299,Historical,561337,0,0,D,1,0,1588067,148.8,2010,15,62.78,146.01
25300,Historical,561333,1,1,D,1,0,428794,134.8,2010,48,62.78,53.48
25301,Historical,252589,0,0,D,1,0,1273397,24.95,2007,46,63.23,23.98
25302,Historical,179214,0,0,D,9,1,183847,292.95,2009,36,171.49,68.99
25303,Historical,183185,0,0,D,8,1,490370,292.95,2005,38,171.49,59.49
25304,Historical,619207,0,0,D,3,1,1461244,42.99,2001,43,58.99,18.99
25305,Historical,569584,0,0,D,3,1,1674379,274.95,2004,31,148.49,99.11
25306,Historical,348457,0,0,D,3,1,789245,286.95,2004,36,190.89,47.98
25307,Historical,764040,1,2,D,2,1,1803383,116.95,2000,38,148.49,38.99
25308,Historical,564055,1,1,D,6,1,1525880,109.16,1998,26,171.49,49.93
25309,Historical,2579615,0,0,D,1,0,4399575,120,1996,17,46.19,43.98
25310,Historical,176005,0,0,D,1,0,3614321,70,2003,20,33.85,44.47
25311,Historical,121738,0,0,D,5,1,999250,153.33,1998,48,118.73,27.98
25312,Historical,2570853,0,0,D,1,0,2638917,172,1992,20,92.93,66.91
25315,Historical,182793,0,0,D,3,1,701192,213.95,2006,59,69.9,20.38
25318,Historical,636536,0,0,D,2,1,2336216,171,2001,36,67.38,64.75
25319,Historical,869967,0,0,D,5,1,2797754,125.81,2004,35,35.46,84.68
25320,Historical,613084,0,0,D,5,1,644955,73.95,2004,93,35.46,43.99
25321,Historical,301029,1,1,D,0,0,2337403,52.5,2007,23,0,0
25322,Historical,921626,0,0,D,0,0,1211548,52.5,2008,46,31.26,13.94
25323,Historical,644499,0,0,D,5,1,30652,54.5,2013,62,31.26,37.51
25324,Historical,276605,1,1,D,1,0,584777,52.5,2007,83,27.51,13.7
25325,Historical,276606,0,0,D,2,1,350189,52.5,2008,83,38.88,23.98
25326,Historical,276609,1,4,D,0,0,435325,52.5,2008,43,37.98,37.87
25327,Historical,276611,1,4,D,1,0,210554,54.5,2010,79,36.79,26.98
25328,Historical,276607,0,0,D,0,0,992115,52.5,2008,57,26.35,8.14
25329,Historical,276612,0,0,D,0,0,485520,54.5,2010,52,26.35,26.91
25330,Historical,658479,0,0,D,5,1,495992,429,2010,15,302.03,123.99
25331,Historical,774491,0,0,D,4,1,2978511,427,2005,11,302.03,298.46
25332,Historical,627202,0,0,D,4,1,1482464,60,2001,21,53.99,49.44
25333,Historical,192440,0,0,D,2,1,700282,79.95,2005,56,41.98,43.94
25334,Historical,159425,0,0,D,2,1,1144831,74.95,2001,18,54.73,60.19
25335,Historical,159578,0,0,D,3,1,1293156,65.95,2006,23,54.73,103.98
25336,Historical,629622,0,0,D,0,0,1989205,47.95,1989,20,73.14,50.96
25337,Historical,622704,0,0,D,2,1,493073,59.95,2008,21,33.99,34.83
25338,Historical,743286,1,1,D,2,1,3523390,99,2002,17,62.69,20.05
25339,Historical,789473,0,0,D,2,1,1310677,143,2005,36,72.88,33.64
25340,Historical,743758,0,0,D,3,1,1485666,105,2006,25,62.69,35.99
25341,Historical,743396,0,0,D,1,0,3705042,49.95,2001,23,33.99,70.85
25342,Historical,653629,0,0,D,1,0,307696,129,2001,16,118.71,53.99
25343,Historical,205572,0,0,D,1,0,1679475,62,1998,32,28.99,15.49
25344,Historical,900035,0,0,D,2,1,3829405,42.46,2006,15,25.6,54.35
25345,Historical,2258443,0,0,D,10,1,502350,37.89,2011,41,122.45,32.58
25346,Historical,2252255,0,0,D,10,1,210483,46.97,2010,41,122.45,33.18
25347,Historical,878929,0,0,D,9,1,1210155,53.8,2008,36,98.26,35.83
25348,Historical,537631,1,3,D,7,1,75190,17.96,2012,145,73.5,8.47
25349,Historical,705775,1,3,D,7,1,1460617,4.78,2011,15,73.5,8.21
25350,Historical,55740,0,0,D,6,1,48559,74.49,2007,266,73.5,22.34
25351,Historical,52484,1,2,D,10,1,20828,20.99,2010,204,98.26,26.49
25352,Historical,52483,0,0,D,9,1,391509,172.9,2006,159,98.26,21.75
25353,Historical,248103,1,2,D,9,1,206000,94,2009,63,78.85,10.9
25354,Historical,495227,1,3,D,8,1,424128,79.95,2005,80,78.85,15.84
25355,Historical,615869,0,0,D,1,0,61552,116.2,2011,45,47.49,84.15
25356,Historical,60679,1,2,D,3,1,1880964,111.8,1999,36,60,38.46
25357,Historical,131985,0,0,D,4,1,155203,147.2,2005,22,60,75.47
25358,Historical,158164,0,0,D,3,1,1352313,57.95,2007,26,60.51,105.23
25359,Historical,157986,0,0,D,2,1,1782020,44.95,2002,21,60.51,68.39
25360,Historical,621419,1,3,D,5,1,924365,81.54,2006,33,115.16,111.07
25361,Historical,126851,1,2,D,6,1,130805,79.95,2006,31,72.84,23.99
25362,Historical,177404,0,0,D,5,1,3190443,76.95,2000,18,72.84,50.71
25363,Historical,178019,0,0,D,2,1,220194,185.95,2004,35,91.27,63.98
25364,Historical,169846,1,4,D,3,1,402704,181.95,2008,68,91.27,71.88
25365,Historical,56399,1,2,D,8,1,55850,118,2010,92,85.36,73.99
25366,Historical,169786,1,3,D,5,1,405411,210.95,2008,48,120.78,71.94
25367,Historical,56397,1,3,D,7,1,19783,131.8,2006,72,85.36,62.98
25368,Historical,60678,1,6,D,4,1,540574,226.95,2004,38,120.78,50.79
25369,Historical,622377,0,0,D,1,0,281335,78.95,2010,33,94.94,43.98
25370,Historical,537972,1,7,D,2,1,383575,70.95,2001,28,133.72,57.08
25371,Historical,527809,0,0,D,3,1,321080,207.95,2009,22,133.72,41.97
25372,Historical,922636,1,1,D,1,0,243725,137.95,1984,110,58.47,17.99
25373,Historical,108742,1,7,D,7,1,646487,98.31,2003,49,106.97,69.85
25374,Historical,109345,0,0,D,8,1,120278,83.44,2008,66,106.97,77.73
25375,Historical,108743,1,4,D,7,1,1229605,0,2003,20,96.78,49.95
25376,Historical,111038,0,0,D,8,1,523256,110.06,2008,26,96.78,19.95
25377,Historical,177949,1,2,D,1,0,658784,128.95,2005,36,136.65,101.29
25378,Historical,533332,1,3,D,5,1,29477,196.95,2012,76,87.1,69.09
25379,Historical,170221,1,5,D,4,1,499141,85.95,2011,60,87.1,46.85
25380,Historical,56952,0,0,D,4,1,64178,217.95,2009,54,87.1,43.83
25381,Historical,286936,0,0,D,0,0,472664,82.95,1995,37,74,64.37
25382,Historical,127294,0,0,D,2,1,478182,69.95,2008,23,33.38,32.24
25383,Historical,127292,1,1,D,2,1,914677,77.95,2008,24,33.38,75.82
25384,Historical,169776,0,0,D,2,1,106988,203.95,2008,50,83.13,52.3
25385,Historical,177771,0,0,D,1,0,705002,147.95,2005,40,83.13,36.99
25386,Historical,627505,0,0,D,0,0,919936,54.95,2008,34,51.53,20.87
25387,Historical,637942,0,0,D,8,1,990212,166.75,2010,22,58.99,97.07
25388,Historical,52966,0,0,D,7,1,1970390,7.98,2006,79,58.99,7.98
25389,Historical,52967,1,1,D,8,1,56414,38.99,2009,101,58.99,30.05
25390,Historical,3472012,0,0,D,2,1,3615216,62,2000,14,0,100.08
25391,Historical,2529453,0,0,D,0,0,815964,47.95,1994,19,49.58,67.55
25392,Historical,908307,1,1,D,0,0,1145579,45,1995,21,57.98,27.94
25393,Historical,602463,0,0,D,1,0,2702011,118.25,2003,13,16.28,86.56
25394,Historical,127470,0,0,D,1,0,130105,72.95,2008,40,53,79.53
25395,Historical,2616681,0,0,D,0,0,5628484,23.94,1980,17,40.95,46.07
25396,Historical,626308,1,9,D,0,0,115837,23.89,2009,68,86.87,23.98
25397,Historical,56693,1,4,D,2,1,16362,159.75,2010,87,67.91,71.73
25398,Historical,620772,1,5,D,2,1,10963,45.09,2010,26,0,0
25399,Historical,919508,1,5,D,0,0,332833,23.99,2004,30,0,25.99
25400,Historical,915487,0,0,D,2,1,2543005,29.95,2000,36,39.7,16.34
25401,Historical,2560154,0,0,D,1,0,1855320,210,1985,31,147.48,56.48
25402,Historical,561460,0,0,D,1,0,8269,93.8,2012,71,87.99,53.99
25403,Historical,719564,0,0,D,1,0,4384879,115,1999,13,35.04,63.13
25404,Historical,252728,0,0,D,1,0,59516,182.75,2010,89,106.11,93.98
25405,Historical,911275,0,0,D,1,0,2740975,79,1992,16,66.99,49.39
25406,Historical,1626430,1,1,D,0,0,476998,109.95,2008,27,83.98,177.84
25407,Historical,608863,0,0,D,3,1,2801881,54.99,2005,32,17.99,6.49
25408,Historical,608872,0,0,D,4,1,1032541,54.99,2008,30,17.99,21.87
25409,Historical,200400,0,0,D,1,0,849340,75.95,2008,25,37.41,27.29
25411,Historical,774786,0,0,D,2,1,3864471,173,1997,19,171.66,38.01
25412,Historical,866616,0,0,D,2,1,308356,254.95,2010,45,153.79,79.77
25413,Historical,185087,1,2,D,1,0,487935,144.95,1998,104,153.79,8.99
25414,Historical,643432,0,0,D,4,1,852402,328.95,2004,20,171.65,24.99
25415,Historical,628769,0,0,D,5,1,1102879,311.95,2009,47,171.65,96.11
25416,Historical,806986,0,0,D,3,1,1258951,75.95,2005,20,53.95,18.64
25417,Historical,253831,0,0,D,4,1,96601,70.95,2008,23,53.95,59.99
25419,Historical,293893,0,0,D,6,1,484501,288.95,2010,33,147.22,44.42
25420,Historical,200038,0,0,D,6,1,741143,211.95,2007,34,147.22,84.91
25421,Historical,200249,1,1,D,6,1,1172674,149.95,2007,56,51.99,18.99
25422,Historical,533335,0,0,D,9,1,186285,40.99,2011,50,34.56,13.97
25423,Historical,56931,0,0,D,2,1,755188,39.99,2008,53,34.56,11.29
25424,Historical,296258,0,0,D,1,0,2167344,89.95,2005,23,39.09,39.47
25425,Historical,280142,0,0,D,2,1,3070764,170,2005,14,88.05,45.47
25426,Historical,897893,0,0,D,1,0,4686888,105,2003,20,88.05,96.25
25427,Historical,273913,0,0,D,1,0,1461640,104,2004,19,45.89,71.1
25428,Historical,901036,0,0,D,1,0,2400713,98.95,2007,23,71.64,19.8
25429,Historical,410367,1,1,D,2,1,1013445,115.95,2011,38,71.64,76.09
25430,Historical,914890,0,0,D,1,0,1268493,90,2000,28,37.46,47.69
25431,Historical,2444518,0,0,D,0,0,1364902,48.75,1987,25,13.9,43.18
25432,Historical,203910,1,1,D,1,0,164025,72.99,2013,33,43.94,75.49
25433,Historical,893585,0,0,D,3,1,2378478,32.2,2010,14,30.83,55.45
25434,Historical,661429,0,0,D,3,1,3382762,42.4,2009,15,46.72,60.98
25435,Historical,627487,0,0,D,3,1,2420984,55.95,2009,24,32.8,9.32
25436,Historical,900623,0,0,D,3,1,2541246,55.95,2009,14,53.84,40.67
25437,Historical,904231,0,0,D,3,1,2656945,55.95,2009,18,41.43,23.96
25438,Historical,905679,0,0,D,3,1,2402581,55.95,2009,21,35.09,27.94
25439,Historical,646472,0,0,D,3,1,1003847,55.95,2009,22,38.52,78.87
25440,Historical,1900749,0,0,D,3,1,536839,55.95,2009,13,0,74.87
25441,Historical,905493,0,0,D,3,1,2131772,55.95,2009,21,34.83,34.02
25442,Historical,230950,0,0,D,0,0,534248,89.5,2005,118,93,23.94
25443,Historical,230956,0,0,D,11,1,209641,165.5,2008,77,180.98,126.19
25444,Historical,106269,0,0,D,2,1,400268,99,2006,73,79.53,11.7
25445,Historical,207219,0,0,D,8,1,394809,165,2004,55,93.94,33.99
25446,Historical,207194,0,0,D,2,1,1261768,65,2006,29,25.94,23.99
25447,Historical,207208,0,0,D,0,0,2819341,65,2002,57,25.94,7.98
25448,Historical,200060,0,0,D,1,0,904801,66.95,2005,34,30,42.79
25449,Historical,1756688,0,0,D,15,1,523010,154.75,2012,23,62.96,73.59
25450,Historical,1756689,1,1,D,16,1,686398,154.75,2012,37,62.96,93.48
25451,Historical,133263,0,0,D,4,1,450225,84.6,2010,47,67.9,52.1
25452,Historical,141259,0,0,D,4,1,3370447,89.95,2001,24,79.21,41.84
25453,Historical,178053,1,1,D,5,1,2218640,193.95,2004,30,79.21,7.98
25454,Historical,225224,0,0,D,1,0,874769,154.95,1998,26,0,104.87
25455,Historical,2047439,0,0,D,2,1,2730378,75,2007,12,61.95,9.38
25456,Historical,114162,0,0,D,2,1,385275,74.2,2000,41,70.26,31.8
25457,Historical,555092,1,1,D,1,0,100628,27.95,1998,113,44.34,18.44
25458,Historical,127398,0,0,D,5,1,442269,49.95,2009,34,51.1,42.72
25459,Historical,54850,0,0,D,6,1,679876,33.74,2007,55,106.87,33.74
25460,Historical,54848,1,2,D,8,1,21942,43.99,2011,62,106.87,51.85
25461,Historical,54849,1,1,D,7,1,115029,56.48,2008,85,106.87,39.27
25462,Historical,55763,0,0,D,3,1,78452,119.2,2011,80,67.69,29.98
25463,Historical,544325,1,2,D,4,1,29890,247.95,2013,83,127.49,86.47
25464,Historical,52762,0,0,D,2,1,669714,262.95,2008,46,127.49,38.91
25465,Historical,52765,0,0,D,3,1,116829,272.95,2010,70,127.49,57.46
25466,Historical,55762,1,1,D,2,1,175242,93.8,2007,40,67.69,10.85
25467,Historical,3483625,0,0,D,0,0,1573691,75,1980,43,0,23.39
25468,Historical,3083811,0,0,D,2,1,1028072,209,2005,8,136.75,62.51
25469,Historical,137468,0,0,D,3,1,867370,98.2,2003,26,94.47,61.29
25470,Historical,57070,0,0,D,9,1,146143,132.67,2004,52,93.82,43.84
25471,Historical,57072,0,0,D,7,1,4552013,67.6,2001,37,93.82,44.4
25472,Historical,3291376,0,0,D,9,1,319405,63.7,2004,19,0,60.95
25473,Historical,57069,0,0,D,8,1,2764396,101,2001,32,93.82,11.75
25474,Historical,868157,0,0,D,1,0,3716796,108.33,1999,14,39.29,53.26
25475,Historical,193379,0,0,D,0,0,2969150,135,2005,20,106.64,19.22
25476,Historical,193642,0,0,D,2,1,803942,142,2009,31,106.64,90.31
25477,Historical,55461,1,1,D,5,1,1948739,41,2005,53,48.99,4.95
25478,Historical,875696,1,2,D,6,1,1830205,17.55,2008,59,48.99,16.04
25479,Historical,55462,1,1,D,6,1,178836,51.2,2008,81,48.99,12.12
25480,Historical,2851708,0,0,D,0,0,3155461,220,2005,12,158.6,209.08
25481,Historical,2238266,1,1,D,14,1,71501,32.83,2007,11,87.97,27.69
25482,Historical,1539881,0,0,D,1,0,4298165,34.95,2007,13,0,131.81
25483,Historical,178881,1,1,D,12,1,55356,300.95,2011,52,93.9,81.99
25484,Historical,169208,0,0,D,11,1,458085,323.95,2006,49,93.9,35.98
25485,Historical,877472,0,0,D,12,1,932445,0,2012,27,93.9,13.97
25486,Historical,300115,0,0,D,15,1,1676939,250,2007,24,143.33,160.91
25487,Historical,663167,0,0,D,1,0,1368246,115,2013,22,46.13,80.85
25488,Historical,2039336,0,0,D,0,0,1553236,64,2010,33,0,42.45
25489,Historical,1683271,1,2,D,0,0,53711,81.99,2008,17,0,39.95
25490,Historical,614699,0,0,D,4,1,1099089,109.95,1999,56,26.83,35.92
25491,Historical,678915,0,0,D,0,0,2529703,29.99,2005,27,25.57,23.98
25492,Historical,206809,0,0,D,3,1,709939,39.99,2011,23,25.57,32.65
25493,Historical,631502,0,0,D,2,1,1238994,49.99,2011,27,16.85,49.98
25494,Historical,632161,1,1,D,0,0,181297,52.99,2012,24,0,0
25495,Historical,664333,1,2,D,0,0,423900,40,2013,28,29.04,23.99
25496,Historical,2098022,0,0,D,2,1,84969,40,2014,44,29.04,25.49
25497,Historical,3072474,0,0,D,2,1,3693116,35.95,2003,40,14.17,11
25498,Historical,264289,0,0,D,4,1,536804,42.95,2007,58,14.17,11.49
25499,Historical,390058,0,0,D,3,1,987281,70,2009,37,47.99,8.94
25500,Historical,2698948,0,0,D,0,0,4514519,41.95,1998,20,49.99,53.1
25501,Historical,801971,0,0,D,0,0,3599041,52,2009,12,0,27.9
25502,Historical,1592764,0,0,D,1,0,3072517,86,2007,18,70.91,64.56
25503,Historical,617613,0,0,D,1,0,1400541,38.95,1994,24,17.49,35.63
25504,Historical,626437,0,0,D,0,0,202264,37.95,2004,30,23.99,38.99
25505,Historical,622756,0,0,D,0,0,1037700,84,2006,46,75.23,33.99
25506,Historical,909384,1,1,D,2,1,1541869,48.72,2009,47,101.55,53.53
25507,Historical,606940,0,0,D,5,1,456699,43.99,2005,65,127.99,42.99
25508,Historical,363546,0,0,D,2,1,525508,122,2009,43,101.55,25.99
25509,Historical,60681,0,0,D,5,1,179131,13.22,2006,77,127.99,15.17
25510,Historical,119071,0,0,D,1,0,1139088,51.6,2010,9,43.28,35.94
25511,Historical,873411,0,0,D,6,1,1742464,77.11,2010,36,48.09,46.77
25512,Historical,253974,1,1,D,6,1,329098,84.95,2010,51,48.09,34.87
25513,Historical,298362,0,0,D,5,1,979535,74.95,2005,53,48.09,28.99
25514,Historical,253977,0,0,D,19,1,107604,165,2011,32,89.98,87.97
25515,Historical,248819,0,0,D,18,1,404349,179,2007,30,89.98,73.97
25516,Historical,565075,0,0,D,0,0,1635100,34.95,2005,37,39.83,14
25517,Historical,203573,0,0,D,3,1,1786935,239,2004,20,95.14,46.4
25518,Historical,3134578,1,1,D,3,1,1534615,64.95,1995,19,37.69,36.35
25519,Historical,527764,0,0,D,2,1,726692,187,2010,30,100.24,99.2
25520,Historical,103882,0,0,D,1,0,3313079,151,2002,18,100.24,48.65
25521,Historical,527763,0,0,D,9,1,559620,329,2010,27,153.74,100.19
25522,Historical,700204,0,0,D,5,1,1126745,54.95,2003,38,52.19,43.49
25523,Historical,3569339,1,1,D,5,1,3537234,149,1999,21,0,49.3
25524,Historical,1590247,0,0,D,1,0,1863052,89.99,2008,16,347.98,50.16
25525,Historical,308111,0,0,D,6,1,882362,66,2009,23,52.19,81.23
25526,Historical,2664446,0,0,D,2,1,3259623,325.99,2001,19,150.48,23.18
25527,Historical,900645,0,0,D,1,0,3749936,97.95,2008,8,76.34,17.99
25528,Historical,2608601,0,0,D,2,1,4894939,39.99,1999,23,28.84,34.72
25529,Historical,1638568,0,0,D,6,1,1365660,158,2006,14,121.34,113.77
25530,Historical,111033,0,0,D,6,1,38126,317.25,2008,122,132.98,33.83
25531,Historical,110052,1,1,D,7,1,5281,277.25,2011,106,132.98,93.57
25532,Historical,60650,0,0,D,5,1,1263654,47.23,2006,104,132.98,28.73
25533,Historical,528022,0,0,D,6,1,765370,186.56,2008,87,132.98,18.92
25534,Historical,863473,0,0,D,27,1,528871,59.95,2007,13,0,0
25535,Historical,237045,0,0,D,2,1,1086713,94.95,1997,33,35.27,88.97
25536,Historical,527761,0,0,D,3,1,58052,39.95,2010,125,34.98,28.98
25537,Historical,624263,0,0,D,1,0,428992,99.95,2004,30,47.78,11.87
25538,Historical,301159,0,0,D,1,0,1604777,54.95,2005,42,36.98,18.94
25539,Historical,527757,0,0,D,2,1,681826,64.95,2009,43,36.98,39.59
25540,Historical,509507,0,0,D,1,0,1367558,64.95,2004,16,46.74,23.74
25541,Historical,277977,0,0,D,1,0,218647,64.95,2004,28,30.03,18.79
25542,Historical,648926,0,0,D,1,0,2181992,99.95,2004,17,72.54,53.88
25543,Historical,647363,0,0,D,2,1,425539,39.95,2010,31,40.72,56.82
25544,Historical,619865,0,0,D,1,0,1212977,36.95,2004,17,40.72,104.23
25545,Historical,2378152,0,0,D,2,1,525906,99,1996,16,119.67,43.49
25546,Historical,3471915,1,1,D,3,1,2191691,125,1999,29,0,45.94
25547,Historical,895813,0,0,D,1,0,2084162,59.95,2010,8,38.48,34.22
25548,Historical,321512,0,0,D,1,0,1465175,150.6,1999,34,69.83,19.06
25549,Historical,868056,0,0,D,1,0,256120,68,1995,43,16.88,32.73
25550,Historical,120828,0,0,D,4,1,650261,91.8,2010,21,45.02,46.99
25551,Historical,118801,0,0,D,3,1,573168,79,2006,46,45.02,5.97
25552,Historical,293896,1,3,D,1,0,294795,107.95,2010,27,45.67,20.97
25553,Historical,868355,0,0,D,1,0,821700,44.99,2007,45,18.27,21.99
25554,Historical,54300,1,3,D,5,1,458729,115.95,2009,141,102.86,10.27
25555,Historical,54301,0,0,D,4,1,279192,115.95,2005,113,102.86,6.11
25556,Historical,527751,1,1,D,3,1,59316,75,2012,64,39.92,42.97
25557,Historical,314158,0,0,D,2,1,537685,95,2008,76,39.92,11.63
25558,Historical,542294,1,1,D,7,1,628711,25.95,2008,19,173.97,13.65
25559,Historical,527750,1,1,D,7,1,111080,301.95,2008,63,173.97,59.24
25560,Historical,868369,0,0,D,3,1,1802480,114.99,2002,18,58.98,75.99
25561,Historical,908591,0,0,D,0,0,3654747,442.49,1970,12,58.98,141.82
25562,Historical,334685,0,0,D,3,1,3119355,199,1997,27,103.99,36.92
25563,Historical,139750,0,0,D,0,0,2285867,149,2005,15,215.24,27.5
25564,Historical,622270,0,0,D,2,1,343536,150,1998,17,130.86,79.14
25565,Historical,626724,0,0,D,0,0,1694336,89.33,1994,41,130.86,37.77
25566,Historical,127426,0,0,D,1,0,968855,45,2009,24,31.48,49.97
25567,Historical,270798,0,0,D,8,1,152819,77.99,2011,70,48.39,62.71
25568,Historical,203845,1,1,D,7,1,177104,71.95,2007,121,48.39,59.24
25569,Historical,60683,0,0,D,6,1,418194,59.95,2003,98,48.39,24.05
25570,Historical,606749,0,0,D,3,1,1101003,77,2003,45,48.64,43.99
25571,Historical,616056,0,0,D,1,0,86756,73.95,2002,48,69.99,41.99
25573,Historical,259278,0,0,D,1,0,843328,154.95,2005,37,8.39,51.21
25574,Historical,192543,1,1,D,0,0,1614090,58.95,2000,36,64.14,55.43
25575,Historical,192462,0,0,D,2,1,281431,89.95,2006,48,64.14,29.48
25576,Historical,147251,0,0,D,5,1,689086,107,2006,65,68.99,17.1
25577,Historical,904781,0,0,D,3,1,5069368,195,2001,18,179.34,96.05
25578,Historical,789349,0,0,D,5,1,2019251,69.95,2004,38,35.99,14.03
25579,Historical,196653,0,0,D,5,1,93236,83.95,2007,54,23.94,30.8
25580,Historical,293518,0,0,D,5,1,1880378,540.95,2007,14,206.19,324.35
25581,Historical,127019,0,0,D,4,1,1100285,170,2006,19,206.23,103.23
25582,Historical,194139,0,0,D,4,1,693998,96,2008,54,9.61,44.98
25583,Historical,627496,0,0,D,1,0,814006,260,2008,18,195.39,51.95
25584,Historical,907562,0,0,D,0,0,5794044,38.95,1998,17,39.14,47.67
25585,Historical,289961,0,0,D,3,1,3276513,66.95,2006,12,39.14,122.05
25586,Historical,105757,0,0,D,1,0,3404304,83.95,2003,22,41.24,44.97
25587,Historical,3559882,0,0,D,1,0,5330345,379,1998,15,0,109.36
25588,Historical,3508606,0,0,D,4,1,2186102,47.95,2002,18,0,48.79
25589,Historical,125832,0,0,D,4,1,637983,99.95,2004,38,79.37,51.08
25590,Historical,2403535,0,0,D,2,1,4729033,49.95,1983,40,79.37,9.98
25591,Historical,2551195,0,0,D,4,1,3012019,64.95,1999,17,63.3,60.27
25593,Historical,789725,0,0,D,3,1,1913583,87.5,2005,20,48.34,45.18
25594,Historical,577317,0,0,D,2,1,4708549,69.95,1999,20,48.34,51.03
25595,Historical,2256824,0,0,D,3,1,5174867,53.42,2007,40,0,50.98
25596,Historical,2940452,0,0,D,2,1,4021567,36.95,2003,16,18.54,23.23
25597,Historical,57637,1,1,D,4,1,54136,109.95,2008,98,67.28,38.99
25598,Historical,57968,0,0,D,3,1,308871,85.95,2007,76,61.99,23.28
25599,Historical,54442,0,0,D,3,1,11910,124.99,2006,280,81.79,20.97
25600,Historical,57638,1,9,D,3,1,469500,86.95,2004,89,67.28,23.98
25601,Historical,204123,0,0,D,3,1,908727,69.95,2007,36,52.87,52.23
25602,Historical,270799,0,0,D,3,1,371360,76.95,2008,58,52.87,34.99
25603,Historical,743328,0,0,D,2,1,3220776,82.95,2002,24,56.84,34.99
25605,Historical,901402,0,0,D,1,0,2998309,52.95,2003,15,33.49,7.98
25606,Historical,2778808,0,0,D,1,0,4929791,249,1994,9,303.97,622
25607,Historical,3467487,0,0,D,0,0,5759504,295,1994,10,0,0
25608,Historical,3157235,0,0,D,0,0,804351,9.99,2004,20,36.31,38.94
25609,Historical,132822,0,0,D,6,1,849283,127.4,2009,42,65.91,44.44
25610,Historical,132821,0,0,D,6,1,1989272,98.4,2009,52,65.91,44.69
25611,Historical,904722,0,0,D,2,1,4011664,27.33,2001,18,23.98,32.53
25612,Historical,848989,0,0,D,0,0,895005,28,1998,16,23.98,21.93
25613,Historical,917310,0,0,D,1,0,1964346,20,2007,39,49.75,9.48
25614,Historical,627448,0,0,D,2,1,385648,70,2010,43,49.75,10.06
25615,Historical,199656,1,6,D,0,0,192962,35,2002,101,16.47,13.71
25616,Historical,127179,0,0,D,2,1,1494105,35,2007,73,19.03,51.81
25617,Historical,630019,0,0,D,3,1,929793,39.95,2010,31,19.03,22.03
25618,Historical,3605771,1,1,D,1,0,635031,59.95,2001,24,0,24.92
25620,Historical,633685,0,0,D,0,0,237462,26.99,1999,17,79.89,33.94
25621,Historical,162831,1,1,D,4,1,224778,50,2009,58,37.74,73
25622,Historical,3783102,0,0,D,1,0,6791847,16.95,1987,11,0,80.16
25623,Historical,891734,0,0,D,3,1,9409238,21.49,2006,14,35.59,22
25624,Historical,884065,0,0,D,3,1,6871857,27.87,2006,10,35.59,22.49
25625,Historical,132660,0,0,D,6,1,592823,146.6,2008,68,97.91,53.23
25626,Historical,183327,0,0,D,2,1,2230337,92.95,2005,66,71.5,10.69
25627,Historical,1588505,0,0,D,1,0,2713279,76,2008,25,71.82,45.79
25628,Historical,634193,0,0,D,2,1,1968900,43,2006,30,32.29,22.61
25629,Historical,628676,1,3,D,3,1,151106,85,2011,22,85,59.08
25630,Historical,184102,0,0,D,1,0,3742518,126.95,2007,18,47.69,6.99
25631,Historical,178973,0,0,D,1,0,2372193,191.95,2011,25,8.48,43.87
25632,Historical,614233,0,0,D,1,0,990022,105.95,2007,30,64.6,10.94
25633,Historical,178922,0,0,D,2,1,773105,153.95,2009,37,64.6,30.99
25634,Historical,544755,0,0,D,16,1,84889,134.95,2013,103,109.97,51.03
25635,Historical,533549,0,0,D,15,1,923134,148.95,2012,98,109.97,9.99
25636,Historical,244066,0,0,D,14,1,227075,162.95,2011,65,109.97,5.29
25637,Historical,773051,0,0,D,2,1,11848335,52.95,2000,15,24.99,11.99
25638,Historical,184104,0,0,D,2,1,1424190,191.95,2005,41,74.49,4
25639,Historical,170010,0,0,D,3,1,1009990,225.95,2009,52,74.49,43.98
25640,Historical,251189,0,0,D,4,1,261810,203.95,2009,51,68.07,36.36
25641,Historical,309091,1,1,D,10,1,31569,92.52,2010,65,133.99,51.24
25642,Historical,307839,0,0,D,9,1,1374927,103.25,2008,25,133.99,18.98
25643,Historical,309114,0,0,D,9,1,358855,18.79,2007,40,133.99,10.79
25644,Historical,60687,0,0,D,8,1,2059689,26.98,2005,41,133.99,22.26
25645,Historical,366665,0,0,D,3,1,473566,49.95,2011,29,42.35,52.95
25646,Historical,197392,0,0,D,4,1,540688,50,2005,37,402.74,93.45
25647,Historical,127469,0,0,D,2,1,345694,44.95,2010,39,13,88.07
25648,Historical,126319,0,0,D,0,0,169012,37.95,2005,37,13,46.37
25649,Historical,724633,1,3,D,2,1,1686602,49.95,1998,38,0,0
25650,Historical,129425,0,0,D,5,1,20327,70.95,2011,65,64.99,55.99
25652,Historical,3100297,0,0,D,0,0,4634954,49,2004,11,27.89,117.02
25653,Historical,109823,0,0,D,7,1,1481526,13.98,2006,69,83.98,13.83
25654,Historical,616733,0,0,D,0,0,1116813,111,2010,45,93.51,9.97
25655,Historical,110198,0,0,D,8,1,166994,52.99,2008,56,83.98,47.73
25656,Historical,609886,0,0,D,9,1,50956,147.75,2011,85,83.98,155.61
25657,Historical,204805,1,1,D,1,0,498335,55,1997,28,45.72,26.79
25658,Historical,535604,1,3,D,4,1,64441,133.95,2013,67,30.24,55.89
25659,Historical,110477,0,0,D,3,1,3419777,4,2007,42,37.02,4
25660,Historical,110427,0,0,D,4,1,486894,33.93,2010,70,37.02,33.93
25661,Historical,3569794,0,0,D,1,0,2806647,99.99,2006,14,0,123.88
25662,Historical,585323,0,0,D,0,0,347051,35,2001,14,58.72,23.99
25663,Historical,591360,0,0,D,2,1,1126255,233.95,2005,20,92.74,53.53
25664,Historical,909117,1,1,D,4,1,1177825,48,2005,15,72.87,16.01
25665,Historical,745489,0,0,D,4,1,3536380,67.95,2008,13,39.95,96.97
25666,Historical,744633,0,0,D,3,1,3448221,69.95,2003,13,39.95,97.03
25667,Historical,744634,0,0,D,3,1,2005435,67.95,2003,20,34.99,53.98
25668,Historical,592870,0,0,D,0,0,2205506,0,2011,12,72.8,8.77
25669,Historical,725395,0,0,D,4,1,9737525,65,2006,13,42.08,165.35
25670,Historical,607943,0,0,D,7,1,1162772,60,2006,27,31.36,25
25671,Historical,217723,0,0,D,2,1,1596617,44.95,2001,30,34.56,10.94
25672,Historical,607749,0,0,D,8,1,254675,65.8,2008,48,31.36,45.4
25673,Historical,141668,1,1,D,8,1,965628,5.19,2004,73,85.91,4.99
25674,Historical,142075,1,1,D,10,1,42371,64.27,2010,85,85.91,39.99
25675,Historical,141883,1,3,D,9,1,486105,21.51,2007,98,85.91,5.88
25676,Historical,877260,1,1,D,6,1,1441884,60.67,2007,54,84.63,50.2
25677,Historical,620735,0,0,D,3,1,70794,243.95,2012,49,11.79,100.38
25678,Historical,179183,0,0,D,2,1,899417,268.95,2009,90,11.79,5.88
25679,Historical,1827186,0,0,D,3,1,50552,260.95,2014,82,11.79,46.79
25680,Historical,2043047,0,0,D,1,0,3795343,0,2007,16,28.99,56.27
25681,Historical,636386,0,0,D,1,0,900398,120,2009,22,55.49,23.32
25682,Historical,1594553,0,0,D,1,0,1760250,78,2008,46,54.37,42.99
25683,Historical,630017,0,0,D,1,0,1003551,90,2010,26,58.99,11.43
25684,Historical,118976,0,0,D,1,0,2569027,81.2,2009,29,58.99,4.86
25685,Historical,616178,1,1,D,1,0,278902,78.4,2011,94,41.75,14.94
25686,Historical,110077,0,0,D,12,1,401295,270,2008,48,120.92,60.99
25687,Historical,170457,1,2,D,3,1,1040841,30.89,2007,45,84.11,34.88
25688,Historical,170428,1,4,D,2,1,877789,63.9,2002,64,84.11,11.22
25689,Historical,61134,1,1,D,1,0,924779,98.6,2002,38,82.66,48.84
25690,Historical,914998,0,0,D,2,1,1088309,97.19,2006,24,82.66,67.45
25691,Historical,117785,1,3,D,2,1,287571,132.6,2006,54,82.66,53.23
25692,Historical,889350,0,0,D,0,0,12516508,20,1994,13,19.98,150.92
25693,Historical,404342,0,0,D,0,0,19906,49.99,2006,94,35.44,27.82
25694,Historical,644697,1,1,D,0,0,457982,69.99,2011,18,44.42,33.88
25695,Historical,919471,1,1,D,0,0,111293,24.99,2001,68,46.49,69.25
25696,Historical,920491,1,1,D,0,0,314568,34.99,2001,61,46.49,23.97
25697,Historical,1498344,0,0,D,0,0,454476,34.99,2014,15,0,17.98
25698,Historical,1856648,0,0,D,0,0,740002,74.99,2011,22,78.03,50.87
25699,Historical,1856647,0,0,D,2,1,304109,44.99,2011,18,78.03,32.6
25700,Historical,619243,0,0,D,5,1,5094735,39.95,2004,24,13.99,12.49
25701,Historical,615180,0,0,D,6,1,1732585,45.95,2007,35,13.99,12.33
25702,Historical,636720,0,0,D,4,1,710679,79.99,2010,23,0,149.98
25703,Historical,435143,0,0,D,6,1,39247,81.95,2008,85,66.1,28.99
25704,Historical,3569437,0,0,D,1,0,3455194,210,2003,20,0,24.99
25705,Historical,1829171,0,0,D,0,0,260061,68.14,2014,4,0,59.17
25706,Historical,194428,1,1,D,1,0,81426,60,2001,44,39.21,61.99
25707,Historical,112747,0,0,D,3,1,6169020,106,2001,17,50.67,50.55
25709,Historical,2571172,0,0,D,2,1,2615800,75.42,1993,17,102.99,57.32
25710,Historical,905906,1,1,D,0,0,3152593,76,1991,17,167.55,129.01
25711,Historical,211345,0,0,D,1,0,1466898,118,1997,37,57.42,21.76
25712,Historical,2342571,0,0,D,1,0,897911,0,1956,38,34.99,83.48
25713,Historical,206150,0,0,D,2,1,856252,39.95,2007,65,25.81,8.88
25714,Historical,386493,1,1,D,2,1,172865,99,2011,64,66.49,18.93
25715,Historical,545846,0,0,D,3,1,30127,108,2013,53,66.49,63.99
25716,Historical,386429,1,3,D,1,0,359725,89.95,2008,42,66.49,22.78
25717,Historical,2564364,0,0,D,1,0,3590404,93,1996,23,27,4.13
25718,Historical,619843,0,0,D,3,1,1703709,144,2006,25,189.62,109.49
25719,Historical,633257,0,0,D,4,1,598413,210,2010,53,189.62,71.69
25720,Historical,287560,0,0,D,6,1,868694,87.6,2007,37,72.81,61.52
25721,Historical,60688,1,1,D,5,1,628982,97,2003,40,72.81,29.95
25723,Historical,276791,0,0,D,4,1,5489531,66.95,2004,28,39.22,87.11
25724,Historical,527677,0,0,D,5,1,679840,79.95,2009,39,39.22,17.99
25725,Historical,628535,0,0,D,1,0,2374211,58.75,1998,26,48.97,42.99
25726,Historical,3250577,0,0,D,6,1,2209007,133.05,2005,23,0,117.87
25727,Historical,169864,0,0,D,7,1,306576,216.95,2009,58,77.26,25.81
25728,Historical,177992,1,1,D,6,1,194025,207.95,2005,42,77.26,49.19
25729,Historical,2617949,1,1,D,0,0,3152951,46.95,1990,26,0,41.99
25730,Historical,868067,1,2,D,1,0,2684240,19.2,1995,34,46.17,21.7
25731,Historical,261389,0,0,D,3,1,543119,80,2002,86,53.23,9.95
25732,Historical,868145,0,0,D,2,1,1482369,59.33,1992,47,67.68,22.99
25733,Historical,210534,0,0,D,2,1,148912,35,2011,21,0,31.2
25734,Historical,2248154,0,0,D,3,1,1479327,0,2009,31,8,18.42
25735,Historical,317186,1,1,D,3,1,47818,51.99,2008,103,8,16.98
25736,Historical,613935,0,0,D,3,1,107252,52.2,2008,61,0,0
25737,Historical,552945,0,0,D,3,1,184297,52.2,2008,28,0,0
25738,Historical,117602,1,1,D,2,1,803499,46.67,2003,20,0,0
25739,Historical,527672,1,1,D,3,1,116903,51.99,2008,42,11.44,14.98
25740,Historical,154375,0,0,D,2,1,30690,63.68,2003,140,76.37,66.82
25741,Historical,153972,1,12,D,7,1,356390,57.99,2007,144,40.24,13.99
25742,Historical,53766,1,3,D,6,1,458170,41.2,2002,175,21.54,13.04
25743,Historical,53764,1,1,D,6,1,506099,41.2,2002,210,10.94,10.3
25744,Historical,54235,1,26,D,6,1,1066637,66.75,2002,55,41.99,20.54
25745,Historical,154305,1,4,D,0,0,422803,43.98,2009,41,60.01,54.98
25746,Historical,153845,1,3,D,8,1,199678,71.49,2006,104,53.96,23.98
25747,Historical,289425,1,3,D,8,1,146215,95.53,2006,53,53.96,54.4
25748,Historical,153846,0,0,D,8,1,56674,32.99,2006,84,37.33,39.99
25749,Historical,153892,1,1,D,8,1,176700,82,2006,42,37.33,40.48
25750,Historical,54248,0,0,D,8,1,473750,49.95,2006,147,14.97,15
25751,Historical,615792,0,0,D,4,1,388989,69.5,1996,85,34.34,33.93
25752,Historical,868284,0,0,D,3,1,403678,40,1983,69,30.93,38.87
25753,Historical,153869,0,0,D,7,1,25300,23.99,2006,104,55.92,38.21
25754,Historical,57658,1,4,D,0,0,88121,58.99,2001,101,59.43,53.99
25755,Historical,153858,0,0,D,8,1,20966,61.95,2005,128,46.95,50.68
25756,Historical,153870,0,0,D,8,1,32822,79.99,2005,137,44.17,43.99
25757,Historical,153984,1,5,D,6,1,60887,37.5,2009,123,41.89,23.99
25758,Historical,154016,0,0,D,2,1,77518,22.94,2009,149,37.11,16.99
25759,Historical,154017,0,0,D,2,1,151558,17.94,2009,155,28.99,17.94
25760,Historical,54797,1,1,D,2,1,77001,23.99,2009,269,53.29,11.89
25761,Historical,619964,1,2,D,3,1,16556,76.5,2013,98,37.74,27.46
25762,Historical,613848,1,1,D,3,1,8125,80.75,2013,158,49.74,23.99
25763,Historical,747899,1,6,D,0,0,1722394,9.97,2009,46,49.74,7.98
25764,Historical,615870,1,2,D,13,1,12602,55.75,2011,76,34.99,34.99
25765,Historical,527668,1,3,D,11,1,1133649,45,2003,97,34.99,11.99
25766,Historical,613033,1,1,D,12,1,446085,48,2008,108,34.99,12.98
25767,Historical,153332,1,1,D,5,1,472632,0,2005,14,55.23,24.5
25768,Historical,610018,1,2,D,7,1,196740,16.84,2010,155,35.96,10.99
25769,Historical,748175,0,0,D,9,1,2403257,59.65,2003,36,3.99,18.94
25770,Historical,563681,0,0,D,2,1,679331,58.55,2008,54,31.34,46.47
25771,Historical,131727,0,0,D,0,0,1208939,33.99,2005,33,14.19,11.98
25772,Historical,896412,0,0,D,1,0,599081,86.99,2004,11,52.01,76.07
25773,Historical,342961,0,0,D,1,0,3669780,80,2003,14,13.98,44.04
25774,Historical,545800,1,1,D,3,1,338890,82,2012,123,72.92,19.14
25775,Historical,477647,0,0,D,0,0,1007819,134.95,2004,17,44.09,58.99
25776,Historical,366518,1,5,D,2,1,194205,200.95,2007,87,44.09,22.4
25778,Historical,193959,1,2,D,1,0,330916,86,2003,174,63.93,14.55
25779,Historical,445845,0,0,D,1,0,1720340,170,2006,26,42.98,23.35
25780,Historical,426253,0,0,D,4,1,1738998,225,2008,24,132.94,29.34
25781,Historical,126273,0,0,D,3,1,5816767,199.99,2002,19,132.94,48.94
25782,Historical,700157,0,0,D,1,0,3613056,82.95,2003,30,46.57,13.98
25783,Historical,607103,0,0,D,6,1,682974,92.95,2008,22,62.29,53.98
25784,Historical,662209,0,0,D,1,0,745797,231,2005,16,153,78.99
25785,Historical,536073,1,1,D,1,0,935729,110.95,2009,28,43.99,13.98
25786,Historical,789362,0,0,D,6,1,2433054,62.95,2004,25,45.14,24.99
25787,Historical,908253,0,0,D,1,0,1480045,159.95,1989,18,129.08,135.95
25788,Historical,164653,0,0,D,2,1,491744,39.98,2004,37,47.57,39.98
25789,Historical,742777,0,0,D,1,0,1283042,69.99,2011,17,42.54,78.78
25790,Historical,626295,0,0,D,0,0,65270,73.95,2010,42,49.28,83.85
25791,Historical,2619456,1,2,D,2,1,2366697,106.95,1996,24,60.23,11.99
25792,Historical,176899,0,0,D,7,1,859117,158.95,2000,67,182.39,21.92
25793,Historical,913464,0,0,D,1,0,2765265,97.95,1991,24,60.23,62.29
25794,Historical,176936,0,0,D,3,1,212414,191.95,2001,33,60.23,91.54
25795,Historical,178868,0,0,D,9,1,73862,344.95,2010,48,182.39,87.96
25796,Historical,176964,1,1,D,8,1,83340,363.95,2004,48,182.39,56.69
25797,Historical,144937,0,0,D,0,0,849446,153.33,2005,25,95.57,39.62
25798,Historical,152647,0,0,D,0,0,3560893,119,1999,15,110.51,45.13
25799,Historical,662262,0,0,D,0,0,146302,46.5,2004,24,10.98,46.58
25800,Historical,2216257,0,0,D,2,1,5004487,80,2006,12,56.67,42.89
25801,Historical,159800,0,0,D,2,1,1931756,114,1998,15,79.38,57.19
25802,Historical,2618548,0,0,D,1,0,4431009,130.95,1995,20,38.86,56.97
25804,Historical,569580,0,0,D,3,1,954193,407.95,2002,44,136.27,47.67
25805,Historical,166952,0,0,D,1,0,886992,61.29,2007,29,81.25,19.25
25806,Historical,2337635,0,0,D,0,0,3539701,122.5,1992,21,43.73,48.43
25807,Historical,55811,0,0,D,5,1,205716,63.98,2005,41,129.13,43.84
25808,Historical,55813,0,0,D,2,1,258161,32.25,2006,62,129.13,32.25
25809,Historical,759710,0,0,D,1,0,3081612,120,2001,13,0,98.63
25810,Historical,2611049,0,0,D,0,0,2954009,120,2002,14,72.47,66.35
25811,Historical,715699,0,0,D,3,1,1524441,101.33,1998,37,33.16,22.99
25812,Historical,225760,0,0,D,2,1,3293911,124.95,2000,19,82.12,79.87
25813,Historical,912625,0,0,D,3,1,2361418,105,2004,33,86.76,48.41
25814,Historical,614936,1,2,D,4,1,619946,127.95,2009,47,86.76,35.99
25815,Historical,50647,1,4,D,3,1,111403,113.95,2007,84,43.09,22.89
25816,Historical,50648,0,0,D,3,1,461005,107.95,2009,83,43.09,16.94
25817,Historical,617396,1,2,D,2,1,392807,65,2008,47,0,0
25818,Historical,366521,0,0,D,2,1,826618,103.95,2007,58,36.24,18.99
25819,Historical,527644,0,0,D,3,1,49702,63.95,2010,51,57.94,63.98
25820,Historical,210914,0,0,D,2,1,907666,53.95,2005,53,57.94,30.99
25821,Historical,200660,0,0,D,4,1,85311,157.95,2011,49,82.94,51.97
25822,Historical,51160,0,0,D,2,1,694638,122.95,2003,56,82.94,6.49
25823,Historical,51161,0,0,D,3,1,457898,105.95,2007,92,82.94,8.03
25824,Historical,222351,0,0,D,4,1,3120757,79,2003,20,0,0
25825,Historical,55457,1,1,D,2,1,101923,75.95,2011,133,49.53,23.67
25826,Historical,55456,0,0,D,1,0,1523326,61.95,2006,80,49.53,8.81
25827,Historical,609196,0,0,D,6,1,1903327,42.95,2007,51,42.14,16.38
25828,Historical,204164,0,0,D,7,1,151305,53.99,2009,85,42.14,13.86
25829,Historical,626689,0,0,D,13,1,725578,45.95,2012,28,33.99,8.58
25830,Historical,533368,1,1,D,13,1,4762,46.95,2013,72,27.14,18.94
25831,Historical,56277,1,2,D,12,1,29462,36.95,2010,86,27.14,13.59
25832,Historical,56276,1,1,D,11,1,401999,31.95,2008,93,27.14,12.58
25833,Historical,609162,0,0,D,4,1,955457,41.95,2005,72,31.69,6.99
25834,Historical,367154,0,0,D,5,1,692298,58.99,2010,44,0,0
25835,Historical,609414,0,0,D,7,1,2022967,85,2000,59,7.89,12.94
25836,Historical,602573,0,0,D,2,1,1038130,42.5,2008,138,22.53,8.99
25837,Historical,270643,0,0,D,3,1,87960,60.5,2011,48,22.53,29.61
25838,Historical,495594,1,2,D,3,1,892341,99.95,2007,74,42.74,15.89
25839,Historical,2777745,0,0,D,2,1,6895393,0,1984,10,56.98,35.99
25840,Historical,2778556,0,0,D,2,1,2295424,79.95,1991,21,56.98,37.33
25841,Historical,897810,0,0,D,0,0,1053996,139,2007,15,125.99,106.85
25842,Historical,203951,1,2,D,5,1,221535,69.99,2008,66,38.04,10.95
25843,Historical,203534,0,0,D,4,1,1767040,49.95,2003,46,38.04,9.99
25844,Historical,211029,0,0,D,8,1,124699,52.95,2009,158,34.64,28.95
25845,Historical,615023,0,0,D,7,1,39136,64.95,2010,106,39.8,33.1
25846,Historical,561657,0,0,D,6,1,45582,58.95,2006,156,39.8,23.43
25847,Historical,537936,0,0,D,5,1,201845,49.95,2002,127,39.8,56.1
25848,Historical,294830,1,3,D,7,1,106871,49.95,2006,129,34.64,17.45
25849,Historical,210999,0,0,D,7,1,119672,39.95,2007,62,9.41,12.88
25850,Historical,880386,0,0,D,9,1,1365591,50.01,2010,35,41.15,35.98
25851,Historical,536388,1,1,D,10,1,1371,66.95,2013,228,41.15,28.84
25852,Historical,54847,1,6,D,9,1,9235,63.95,2010,508,41.15,22.78
25853,Historical,54846,0,0,D,8,1,105670,51.95,2007,436,41.15,16.86
25854,Historical,533286,0,0,D,4,1,39843,64.95,2013,76,38.39,18.98
25855,Historical,57965,0,0,D,3,1,583443,56.95,2010,164,38.39,14.7
25856,Historical,57964,0,0,D,2,1,1475148,42.95,2008,66,38.39,7.4
25857,Historical,271000,0,0,D,0,0,698118,42.95,2011,101,26.48,5.94
25858,Historical,527634,0,0,D,0,0,335470,44.96,2012,122,26.48,9.99
25859,Historical,534732,0,0,D,0,0,310901,44.99,2013,97,26.48,11.45
25860,Historical,668461,0,0,D,3,1,1410696,91.95,2012,23,55.06,53.99
25861,Historical,200347,0,0,D,1,0,933297,111.95,2008,67,33.94,23.99
25862,Historical,545619,1,1,D,3,1,24997,95.95,2012,119,55.06,21.88
25863,Historical,200320,0,0,D,2,1,239959,90.95,2007,88,55.06,8.99
25864,Historical,300453,0,0,D,6,1,101101,84.99,2011,150,40.99,9.61
25865,Historical,203961,0,0,D,5,1,1052018,79.95,2008,102,40.99,8.07
25866,Historical,114141,0,0,D,0,0,305542,25.95,2002,50,26.9,5.68
25867,Historical,527632,1,1,D,2,1,150674,44.4,2007,73,26.9,16.99
25868,Historical,906833,1,1,D,2,1,942747,0,2007,62,9.91,43.99
25869,Historical,210994,0,0,D,2,1,1229170,150.5,2007,42,9.91,10.89
25870,Historical,210977,0,0,D,2,1,371400,97.95,2006,121,9.91,16.73
25871,Historical,899208,1,2,D,1,0,1866955,163.98,2012,18,57.77,78.87
25872,Historical,204049,1,3,D,1,0,135267,108.99,2010,231,57.77,10.75
25873,Historical,222339,0,0,D,4,1,2613668,80,2002,28,64.87,49.93
25874,Historical,222340,0,0,D,5,1,191237,85,2007,22,64.87,70.99
25875,Historical,910111,0,0,D,6,1,1554173,75,2006,22,61.23,33.98
25876,Historical,879890,0,0,D,0,0,3718526,12.42,2006,38,44.79,12.59
25877,Historical,51880,0,0,D,9,1,465482,59.95,2007,135,44.79,8.87
25878,Historical,51879,0,0,D,8,1,2279991,47.95,2003,66,44.79,9.73
25879,Historical,200362,0,0,D,1,0,815049,84.95,2008,153,56.66,8.74
25880,Historical,254520,1,2,D,2,1,115272,109.95,2011,224,56.66,18.98
25881,Historical,147638,0,0,D,5,1,269511,91.95,2011,138,62.27,15.44
25882,Historical,147438,0,0,D,4,1,735798,82.95,2007,96,62.27,13.49
25883,Historical,147556,0,0,D,5,1,297989,58.95,2007,85,32.34,9.96
25884,Historical,386742,1,1,D,2,1,372144,175.95,2007,91,53.99,18.94
25885,Historical,910149,1,1,D,4,1,393500,35,2004,29,38.78,18.98
25886,Historical,543642,1,1,D,6,1,80065,35,2011,37,38.78,53.99
25887,Historical,874197,1,1,D,6,1,1414820,16.94,2011,41,44.17,15.85
25888,Historical,56951,0,0,D,5,1,282104,43.95,2008,132,44.17,4
25889,Historical,533334,1,3,D,6,1,61334,49.95,2011,131,44.17,12.71
25890,Historical,147095,0,0,D,3,1,3359511,49.95,2003,41,38.21,9.95
25891,Historical,147567,0,0,D,4,1,323216,61.95,2008,72,38.21,15.55
25892,Historical,2142996,0,0,D,2,1,2481022,40,2006,17,0,49.21
25893,Historical,791735,0,0,D,3,1,4690925,48.95,2000,40,16.44,7.97
25894,Historical,118490,0,0,D,4,1,1723387,50.95,2006,60,16.44,4.97
25895,Historical,591317,0,0,D,2,1,159870,99.95,2005,28,61.79,23.99
25896,Historical,200230,0,0,D,1,0,530699,95.95,2007,62,44.72,9.63
25897,Historical,876735,0,0,D,9,1,443329,0,2008,58,37.07,23.94
25898,Historical,54007,0,0,D,8,1,152992,84.95,2007,195,37.07,10
25899,Historical,60689,0,0,D,6,1,1251835,69.95,2005,113,41.94,6.99
25900,Historical,527628,1,1,D,2,1,437393,110.95,2011,110,44.72,11.38
25901,Historical,533538,1,2,D,9,1,7332,103.99,2011,122,37.07,23.85
25902,Historical,527627,0,0,D,7,1,258663,87.95,2009,224,41.94,20.69
25903,Historical,1682625,0,0,D,2,1,2437752,78.95,2008,20,37.46,52.91
25904,Historical,2748800,0,0,D,0,0,7515518,82.95,2004,16,37.46,38.99
25905,Historical,533537,0,0,D,9,1,18213,36.99,2011,59,37.07,32.99
25906,Historical,2834387,0,0,D,1,0,3144819,62,2004,22,34.35,45.71
25907,Historical,294840,0,0,D,3,1,29235,62.95,2010,123,36.39,14.89
25908,Historical,582914,0,0,D,5,1,162445,69.95,2001,73,59.19,12.95
25909,Historical,527625,1,1,D,7,1,90525,72.95,2009,136,39.28,35.7
25910,Historical,147191,0,0,D,6,1,1232544,55.95,2005,108,39.28,4.58
25911,Historical,54615,0,0,D,6,1,927155,54.95,2008,145,40.3,9.74
25912,Historical,58568,1,2,D,7,1,85391,66.95,2011,179,40.3,13.91
25913,Historical,609976,0,0,D,7,1,313316,66.95,2013,49,40.3,9.75
25914,Historical,553566,1,5,D,1,0,181918,382.4,2010,68,168,20.93
25915,Historical,553577,1,5,D,1,0,154668,180.4,2010,92,166.97,9.98
25916,Historical,2443622,0,0,D,5,1,2780592,44.95,1989,14,0,73.29
25917,Historical,613974,0,0,D,1,0,700551,164.33,2009,76,154.7,18.99
25918,Historical,534001,0,0,D,2,1,239069,135.2,2008,125,98.81,22.83
25919,Historical,540682,0,0,D,3,1,45268,163.4,2011,131,98.81,18.99
25921,Historical,270976,0,0,D,7,1,196226,103.99,2011,41,70.98,27.14
25922,Historical,204185,0,0,D,6,1,660751,85.95,2007,53,70.98,37.77
25923,Historical,210940,0,0,D,4,1,1682147,61.95,2005,67,4.97,10.99
25924,Historical,224733,1,4,D,8,1,82002,264.95,2011,96,190.23,93.45
25925,Historical,169672,0,0,D,7,1,1274743,279.95,2007,38,190.23,73.29
25926,Historical,868416,0,0,D,4,1,2511278,82.95,2003,27,10.95,15.75
25927,Historical,56642,1,5,D,10,1,434489,230.95,2010,90,47.72,9.54
25928,Historical,527624,1,2,D,5,1,173541,64.95,2010,153,4.97,8.98
25929,Historical,56641,0,0,D,9,1,1362633,243.95,2006,63,47.72,9.13
25930,Historical,200069,0,0,D,2,1,3179306,97.95,2004,35,41.57,4.39
25931,Historical,614405,0,0,D,3,1,704819,103.95,2010,64,41.57,28.94
25932,Historical,1517134,0,0,D,3,1,213111,165.2,2014,26,57.17,97.28
25933,Historical,1517608,0,0,D,2,1,611665,165.2,2013,18,57.17,128.99
25934,Historical,244447,0,0,D,12,1,27278,279.95,2011,130,119.47,29.99
25935,Historical,1822513,1,2,D,26,1,406197,43.62,2014,27,59.55,32.8
25936,Historical,619109,0,0,D,2,1,38437,188,2013,53,154.7,43.98
25937,Historical,2388598,0,0,D,0,0,4177236,50.45,1989,20,7.35,23.49
25938,Historical,52252,1,14,D,11,1,22165,263.95,2007,197,119.47,23.79
25939,Historical,203980,1,3,D,5,1,317638,70.99,2008,91,53.49,17.97
25940,Historical,534091,0,0,D,4,1,1482431,59.95,2003,42,53.49,4.26
25941,Historical,200152,0,0,D,1,0,999820,99.95,2007,57,60.12,18.98
25942,Historical,200535,0,0,D,2,1,115450,169.95,2010,42,60.12,52.13
25943,Historical,877973,1,2,D,6,1,1189349,14.48,2010,76,35.69,12.4
25944,Historical,56364,0,0,D,6,1,86728,63.99,2010,176,35.69,8.66
25945,Historical,56363,0,0,D,5,1,1517310,54.95,2006,92,35.69,12.5
25946,Historical,224762,0,0,D,2,1,181300,243.95,2011,55,166.99,76.22
25947,Historical,178869,1,1,D,4,1,208755,277.95,2010,83,110.98,33.98
25948,Historical,61199,0,0,D,3,1,146673,293.95,2006,76,110.98,19.17
25949,Historical,53181,1,1,D,9,1,113798,40.26,2009,56,73.73,49.36
25950,Historical,53182,1,1,D,8,1,894019,98.87,2006,53,73.73,48.31
25951,Historical,615200,1,1,D,1,0,1147150,48.73,2008,41,89.69,32.61
25952,Historical,623792,1,5,D,3,1,7343,197,2012,121,89.69,28.99
25953,Historical,698691,0,0,D,2,1,5542613,69.46,2010,17,89.69,43.98
25954,Historical,536533,0,0,D,3,1,1384761,164.8,2012,23,97.13,126.16
25955,Historical,533624,1,1,D,3,1,51954,152.8,2012,91,97.13,23.99
25956,Historical,53033,1,2,D,2,1,629828,132.4,2009,81,97.13,28.92
25957,Historical,224756,1,1,D,2,1,80245,235.95,2011,65,109.84,73.75
25958,Historical,169230,1,1,D,1,0,277040,253.95,2007,45,109.84,49.84
25959,Historical,200129,0,0,D,1,0,849888,163.95,2009,61,57.99,24.92
25960,Historical,118725,1,1,D,1,0,62561,123.2,2010,48,74.41,28.43
25961,Historical,52894,0,0,D,6,1,130924,191.95,2010,63,81.38,51.62
25962,Historical,254117,0,0,D,6,1,97035,211.95,2010,140,81.38,27.12
25963,Historical,177961,1,2,D,1,0,679717,290.95,2006,53,154.59,18.92
25964,Historical,254121,1,1,D,2,1,97025,274.95,2010,64,154.59,88.14
25965,Historical,169525,1,14,D,3,1,451453,295.95,2007,71,118.99,41.74
25966,Historical,178865,1,5,D,4,1,145751,279.95,2010,89,118.99,52.46
25967,Historical,850719,0,0,D,1,0,1160970,63.75,1999,19,52.54,52.41
25968,Historical,527618,0,0,D,5,1,214817,59.99,2009,32,110.57,21.49
25969,Historical,107514,1,2,D,4,1,1485662,43.99,2006,35,110.57,39.96
25970,Historical,2903788,0,0,D,0,0,431403,144.93,1998,16,23.96,57.23
25971,Historical,2361994,0,0,D,0,0,2167862,88,1994,22,129.59,46.45
25972,Historical,52696,0,0,D,5,1,98744,89.95,2011,174,57.3,23.48
25973,Historical,52695,1,2,D,4,1,979126,75.95,2007,158,57.3,5.99
25974,Historical,367099,0,0,D,2,1,3546216,137.99,2003,15,97.23,28.99
25975,Historical,177446,0,0,D,1,0,1514246,168.95,2006,61,79.14,14.94
25976,Historical,148656,0,0,D,2,1,548200,276.95,2009,75,79.14,32.67
25977,Historical,169646,0,0,D,1,0,1867315,178.95,2006,31,79.14,53.95
25978,Historical,109507,1,2,D,10,1,1521118,12.97,2005,21,34.04,11.97
25979,Historical,522533,0,0,D,1,0,1252724,157.95,2010,20,0,0
25980,Historical,225947,0,0,D,1,0,1076589,179.95,2007,19,167.29,27.98
25981,Historical,910215,1,1,D,0,0,1501476,59.95,2006,26,31.87,73.79
25982,Historical,537994,0,0,D,2,1,978107,74.99,1993,119,26.99,9.44
25983,Historical,109516,0,0,D,7,1,375033,7.58,2006,65,81.84,8.98
25984,Historical,178634,0,0,D,3,1,568465,208.95,2010,38,65.08,41.74
25985,Historical,251087,0,0,D,2,1,3183977,151.95,2007,16,65.08,17.99
25986,Historical,631026,0,0,D,0,0,4370850,7.83,2003,27,60.3,6.07
25987,Historical,119954,0,0,D,1,0,3597763,63,1999,34,68.9,7.87
25988,Historical,114585,0,0,D,2,1,911985,98,2003,25,68.9,39.99
25989,Historical,886705,0,0,D,0,0,1424425,73.01,2013,12,0,39.99
25990,Historical,108162,0,0,D,1,0,2589061,103.17,2002,19,53.98,46.21
25991,Historical,166662,0,0,D,1,0,186919,84.05,2004,34,52.33,46.93
25992,Historical,119033,0,0,D,5,1,44677,151.2,2011,50,87.91,124.06
25993,Historical,120706,1,1,D,4,1,602264,122,2008,31,87.91,45.7
25994,Historical,515208,0,0,D,3,1,397452,86.25,2006,44,87.91,12.97
25995,Historical,121206,0,0,D,6,1,460271,74.6,2010,57,46.5,13.42
25997,Historical,793868,0,0,D,2,1,3324149,57.95,2004,14,30.98,47.06
25998,Historical,120040,1,1,D,7,1,195460,80.2,2009,31,53.99,56.07
25999,Historical,552529,1,3,D,6,1,138071,61.33,2005,60,53.99,48.52
26000,Historical,1765206,0,0,D,0,0,3153148,110,2013,14,0,21.19
26001,Historical,152248,0,0,D,4,1,2994688,54.95,2005,33,43.97,27.9
26002,Historical,627961,0,0,D,3,1,1530311,144,2010,19,98.41,41.98
26003,Historical,2663131,0,0,D,5,1,5591048,169,2000,16,126.44,76.95
26004,Historical,159471,1,1,D,5,1,565551,184.95,2007,30,94.88,41.67
26005,Historical,895958,0,0,D,3,1,5224344,70.95,2008,14,45.23,52.27
26006,Historical,2523784,0,0,D,0,0,4297982,99,1991,18,52.98,36.14
26007,Historical,204105,0,0,D,6,1,86149,66.99,2009,78,38.7,13.97
26008,Historical,203789,0,0,D,5,1,1422285,54.95,2005,73,38.7,9.62
26009,Historical,527599,0,0,D,6,1,430575,189,2012,14,94.88,91.41
26010,Historical,241521,0,0,D,5,1,404424,14.95,2001,29,13.4,14.48
26011,Historical,628260,0,0,D,1,0,318563,89.99,2009,15,41.92,33.97
26012,Historical,203763,1,1,D,5,1,1380268,98,2005,33,55.5,16.05
26013,Historical,57631,0,0,D,6,1,645687,141.4,2007,54,59.5,34.29
26014,Historical,57633,0,0,D,7,1,76417,156,2010,103,59.5,36.96
26015,Historical,245127,1,1,D,2,1,644689,135.95,2004,46,55.94,44.21
26016,Historical,527596,0,0,D,3,1,117390,152.95,2012,64,55.94,78.47
26017,Historical,607483,1,2,D,4,1,1429593,91,1989,34,139.48,55.97
26018,Historical,911444,0,0,D,3,1,4472391,83.95,2001,22,43.99,43.67
26019,Historical,641648,0,0,D,3,1,521779,89,2007,19,0,0
26020,Historical,637447,1,1,D,2,1,2866311,40,1996,23,0,22.98
26021,Historical,203376,0,0,D,0,0,832494,54.99,2000,19,0,13.13
26022,Historical,203437,1,1,D,0,0,792022,52.99,2003,31,40.29,18.99
26023,Historical,210961,0,0,D,3,1,206810,56.95,2006,52,56.86,16.99
26024,Historical,57422,1,1,D,6,1,37029,109,2009,79,80.98,34.99
26025,Historical,203840,0,0,D,6,1,50259,93.99,2007,94,63.06,42.95
26026,Historical,210836,0,0,D,1,0,1244577,39.95,2001,50,36.48,6.99
26027,Historical,615895,1,3,D,4,1,772933,79,2003,40,88.99,42.55
26028,Historical,159527,0,0,D,1,0,417075,59.95,2005,32,45.59,50.67
26029,Historical,255808,1,1,D,1,0,92532,64.95,2011,58,0,0
26030,Historical,739606,0,0,D,5,1,702567,64.2,2003,33,94.64,43.88
26031,Historical,133292,1,1,D,7,1,73435,102.8,2010,85,94.64,70.21
26032,Historical,2697619,0,0,D,0,0,392812,42.95,1989,11,0,80
26033,Historical,53963,0,0,D,6,1,301874,337.95,2006,63,183.46,23.98
26034,Historical,53965,0,0,D,7,1,51196,307.95,2009,103,183.46,38.99
26035,Historical,53964,0,0,D,5,1,424140,242.95,2004,80,183.46,50.21
26036,Historical,1739907,1,1,D,2,1,2155943,39.99,2009,18,0,18.98
26037,Historical,703321,0,0,D,1,0,3087630,59.99,2004,69,29.51,8.22
26038,Historical,624739,0,0,D,1,0,1483883,59.99,2008,24,29.51,32.95
26040,Historical,203494,0,0,D,7,1,3609434,99,2002,16,41.72,49.35
26041,Historical,203670,0,0,D,2,1,3340740,89,2005,19,55.54,20.94
26042,Historical,564128,0,0,D,0,0,7615020,59.95,1998,20,55.54,41.7
26043,Historical,539923,1,3,D,2,1,19413,55.95,2012,106,59.95,18.95
26044,Historical,127566,1,3,D,0,0,134831,45.95,2010,90,59.95,18.16
26045,Historical,539924,1,1,D,2,1,12204,79.95,2012,87,52.95,31.3
26046,Historical,127567,1,4,D,0,0,160277,45.95,2010,86,52.95,15.43
26047,Historical,55857,1,3,D,6,1,2940387,111,2004,21,63.26,13.98
26048,Historical,118639,0,0,D,7,1,1200903,25.88,2008,34,63.26,25.87
26049,Historical,534629,0,0,D,3,1,339690,79.95,2012,84,23.89,38.99
26050,Historical,254269,0,0,D,2,1,917664,72.95,2009,67,23.89,7.99
26051,Historical,226065,0,0,D,1,0,1750388,73.95,2006,55,23.89,10.83
26052,Historical,651438,0,0,D,1,0,1535490,83.95,2010,14,63.98,33.99
26053,Historical,1867870,0,0,D,1,0,669778,87.95,2011,41,63.98,67.09
26054,Historical,811999,0,0,D,1,0,755928,87.95,2011,27,78.08,58.88
26055,Historical,2851478,0,0,D,1,0,1477060,107.95,2005,20,70.75,16.21
26056,Historical,664275,0,0,D,4,1,102538,110.95,2013,42,68.99,57.93
26057,Historical,244448,1,7,D,2,1,380836,118.95,2011,24,68.99,71.73
26058,Historical,635405,0,0,D,2,1,1462076,52.95,1999,42,33.99,35.49
26059,Historical,624015,0,0,D,0,0,2100136,39.95,1993,32,33.99,23.99
26060,Historical,631549,0,0,D,2,1,1286290,44.99,2010,33,25.65,19.96
26061,Historical,183479,1,1,D,8,1,255493,295.95,2006,50,190.79,70.98
26062,Historical,2909765,0,0,D,3,1,3288304,39.95,2003,21,54.82,7.92
26063,Historical,744471,0,0,D,7,1,3636385,40.95,2001,16,40.49,28.99
26064,Historical,2698229,0,0,D,5,1,3986294,118,2003,10,43.98,58.04
26065,Historical,197907,0,0,D,4,1,1623466,79.21,2011,14,8.84,52.95
26066,Historical,2940496,0,0,D,2,1,2417481,47.95,2004,19,34.74,64.39
26067,Historical,127053,0,0,D,1,0,194448,11.95,2008,39,53.99,8.93
26068,Historical,116957,0,0,D,7,1,2440955,94,2005,35,61.99,13.89
26069,Historical,120301,1,1,D,8,1,674121,110.6,2008,42,61.99,19.89
26070,Historical,57961,1,2,D,8,1,462220,115.67,2007,220,115.57,11.69
26071,Historical,1455678,0,0,D,9,1,533203,208.93,2014,18,115.57,174.1
26072,Historical,2254029,0,0,D,8,1,2464725,20.44,2006,52,115.57,15.17
26073,Historical,166796,0,0,D,8,1,942232,130,2006,33,104.05,42.7
26074,Historical,2250292,0,0,D,8,1,11746224,103.74,2006,36,0,75.08
26075,Historical,1749916,0,0,D,1,0,2772665,200.91,2008,19,28.99,85.7
26076,Historical,608094,0,0,D,0,0,1835646,54.95,2008,35,54.28,4.5
26077,Historical,535546,1,1,D,4,1,48386,79.95,2012,92,54.28,48.89
26078,Historical,527555,0,0,D,3,1,501068,59.95,2011,49,54.28,23.29
26079,Historical,178911,0,0,D,2,1,625774,59.95,2009,62,54.28,21.88
26080,Historical,2680008,0,0,D,1,0,3868859,42.95,1992,13,38.99,34.43
26081,Historical,120418,1,2,D,0,0,538287,153.33,2004,34,67.05,34.95
26082,Historical,620778,0,0,D,1,0,703801,49.95,2010,20,43.18,79.59
26083,Historical,107425,0,0,D,2,1,2274761,12.63,2003,35,29.97,10.47
26084,Historical,913821,0,0,D,1,0,608088,42.95,2006,44,35.86,17.99
26085,Historical,114842,0,0,D,3,1,979983,49.95,2003,34,80.36,66.09
26086,Historical,535614,1,2,D,7,1,4061,114.95,2013,97,45.39,54.67
26087,Historical,53779,1,13,D,5,1,108612,121.95,2007,145,45.39,15.92
26088,Historical,53780,1,3,D,6,1,42074,126.95,2010,96,45.39,18.67
26089,Historical,254192,1,28,D,1,0,48305,126.95,2010,112,72.85,4.99
26090,Historical,544247,1,10,D,2,1,6185,114.95,2013,174,72.85,16.94
26092,Historical,912076,0,0,D,1,0,3074639,85.95,1990,24,78.99,53.99
26093,Historical,125959,0,0,D,0,0,943254,44.95,1999,48,46.16,30.98
26094,Historical,527543,0,0,D,16,1,2063923,102.95,2011,19,63.13,8.94
26095,Historical,520741,0,0,D,14,1,1665582,84.95,2009,19,63.13,7.44
26096,Historical,628375,0,0,D,4,1,1649971,99.95,2007,28,42.68,14.23
26097,Historical,3022379,0,0,D,2,1,273225,39.95,2001,27,28.39,35.95
26098,Historical,2164084,0,0,D,0,0,68541,69.99,2011,12,106.87,46.02
26099,Historical,133366,0,0,D,8,1,293835,90,2011,60,55.7,55.55
26100,Historical,132604,0,0,D,7,1,841229,76.2,2008,49,55.7,20.48
26101,Historical,60696,0,0,D,6,1,1683407,70.8,2005,66,55.7,12.92
26102,Historical,298315,0,0,D,3,1,358989,76,2011,81,33.44,53.53
26103,Historical,527537,0,0,D,2,1,58776,60,2007,28,33.44,11.27
26104,Historical,147661,1,1,D,4,1,2168487,104.95,2009,15,391.7,68.93
26105,Historical,169875,0,0,D,3,1,180520,227.95,2010,32,77.24,117.21
26106,Historical,169295,0,0,D,2,1,638006,218.95,2006,47,77.24,8
26107,Historical,534747,0,0,D,7,1,100008,67.99,2012,28,38.48,66.3
26108,Historical,104767,1,1,D,1,0,185239,103.93,2001,25,107.7,113.94
26109,Historical,2388640,0,0,D,0,0,767841,31.1,1981,21,31.35,72.74
26110,Historical,2694296,0,0,D,0,0,226398,0,2003,48,0,63.13
26111,Historical,3515932,0,0,D,2,1,2076697,146.95,2006,12,0,194.71
26113,Historical,1993565,0,0,D,3,1,240540,44.95,2014,15,150.66,41.8
26114,Historical,2134198,0,0,D,0,0,1302406,49.99,2011,19,0,42
26115,Historical,625322,0,0,D,1,0,794217,59.99,2008,28,36.93,22.86
26116,Historical,145181,0,0,D,2,1,1567814,69.99,2006,40,44.19,23.66
26117,Historical,110428,1,1,D,6,1,208403,5.29,2010,99,29.95,21.93
26118,Historical,915176,0,0,D,5,1,4252815,8.99,2008,25,12.95,8.99
26119,Historical,164554,0,0,D,6,1,2943821,7.99,2002,51,92.87,5.57
26120,Historical,166676,0,0,D,7,1,165821,32.81,2004,55,92.87,31.14
26121,Historical,163380,0,0,D,1,0,159168,47.89,2010,56,70.86,53.97
26122,Historical,658390,0,0,D,0,0,1316041,87.95,2011,24,74.08,57.55
26123,Historical,616281,0,0,D,1,0,1152001,188.8,1983,49,74.08,21.49
26124,Historical,3484557,0,0,D,2,1,2945338,195,1990,54,0,18.99
26125,Historical,120549,0,0,D,6,1,876093,160,2008,54,128.17,18.61
26126,Historical,126630,0,0,D,2,1,1665604,140,2003,19,117.6,81.88
26128,Historical,909354,1,1,D,4,1,1565287,22,1992,22,69.14,63.99
26129,Historical,891636,1,2,D,6,1,143270,73.99,2004,21,69.14,42.99
26130,Historical,3128545,1,1,D,4,1,2124767,0,1996,14,65.55,69.31
26131,Historical,60697,1,2,D,3,1,188758,133.2,1998,33,86.6,48.21
26132,Historical,431111,0,0,D,2,1,718390,122,2008,18,98.98,101.81
26133,Historical,137492,0,0,D,0,0,2095040,116,2006,22,98.98,46.65
26134,Historical,51226,0,0,D,6,1,250814,31.96,2007,93,182.64,30.45
26135,Historical,51227,0,0,D,7,1,20276,99.1,2010,112,182.64,67.65
26136,Historical,52081,1,3,D,12,1,41313,43.16,2008,93,88.99,45.58
26137,Historical,538543,0,0,D,3,1,11848,286.5,2012,76,83.98,95.99
26138,Historical,110356,0,0,D,2,1,296053,23.38,2009,96,83.98,20.49
26139,Historical,137550,0,0,D,6,1,340850,141.6,2010,39,66.33,62.99
26140,Historical,50995,0,0,D,2,1,1215513,14.81,2004,53,122.04,6.68
26141,Historical,137548,0,0,D,6,1,513572,76.16,2010,30,66.33,120.57
26142,Historical,50993,0,0,D,3,1,288960,8.95,2007,35,122.04,7.97
26143,Historical,752477,0,0,D,4,1,625191,77.46,2010,16,83.29,73.98
26144,Historical,891915,0,0,D,3,1,1450987,110.59,2007,24,83.29,38.05
26145,Historical,118713,1,1,D,9,1,207305,0,2007,81,156.99,40.79
26146,Historical,50908,1,2,D,8,1,502994,18.52,2006,73,156.99,13.98
26147,Historical,403070,0,0,D,8,1,675571,75.41,2007,70,192.32,21.99
26148,Historical,50996,0,0,D,3,1,545838,42.1,2007,70,122.04,8.97
26149,Historical,621333,1,1,D,10,1,224585,89.5,2010,38,143.39,24.16
26150,Historical,527523,0,0,D,2,1,6661005,76,2006,20,25.2,65.15
26151,Historical,120614,0,0,D,9,1,171401,186.67,2008,63,156.99,11.48
26152,Historical,342345,0,0,D,3,1,1908239,8.15,2006,42,62.47,8.15
26153,Historical,162866,1,1,D,4,1,488958,33.89,2009,41,62.47,44.52
26154,Historical,50999,0,0,D,5,1,265452,55.99,2010,48,101.02,48.11
26155,Historical,309004,0,0,D,3,1,2210574,18.02,2005,28,101.02,9.26
26156,Historical,50998,1,1,D,4,1,725798,16.2,2007,82,101.02,15.99
26157,Historical,51033,1,1,D,9,1,112820,280.8,2009,111,192.32,50.99
26158,Historical,893828,0,0,D,1,0,3912643,69.95,2010,8,72.39,41.06
26159,Historical,137521,0,0,D,2,1,1036906,180,2007,25,77.98,21.89
26160,Historical,203484,0,0,D,2,1,3731194,149,2002,17,14.98,56.39
26161,Historical,152751,0,0,D,1,0,1612269,98,2003,21,64.58,60.25
26162,Historical,3511870,0,0,D,2,1,4197904,239,2005,12,0,187.71
26163,Historical,804166,0,0,D,1,0,3408414,257.95,2007,11,203.94,159.32
26164,Historical,636820,0,0,D,1,0,1118809,261.99,2010,25,0,0
26165,Historical,651474,1,1,D,1,0,1864399,261.99,2012,15,0,0
26166,Historical,299254,0,0,D,4,1,822339,40.94,2006,40,101.93,68.25
26167,Historical,3022420,1,1,D,3,1,3603598,94,2002,19,101.93,73.34
26168,Historical,3822843,0,0,D,1,0,5022670,88,2001,10,0,187.27
26169,Historical,2664492,0,0,D,1,0,3353443,99,2000,20,9.98,73.53
26170,Historical,644062,0,0,D,3,1,1487213,64.95,2007,19,52.21,38.62
26171,Historical,120868,0,0,D,2,1,235177,104.6,2010,38,73.49,92.1
26172,Historical,116280,1,1,D,1,0,1668156,86.67,2007,32,73.49,13
26174,Historical,107297,0,0,D,3,1,2611056,0,1999,15,147.99,33.99
26175,Historical,703706,0,0,D,3,1,3874092,109.35,1999,20,147.99,45.24
26176,Historical,628526,0,0,D,1,0,3420986,139.95,2010,11,128.88,56.91
26177,Historical,484498,0,0,D,1,0,4149565,165.95,2006,14,142.89,160.21
26178,Historical,2338858,0,0,D,3,1,3507548,0,1959,22,56.98,85.47
26179,Historical,256781,0,0,D,2,1,2015286,117,2001,17,53.54,63.83
26180,Historical,2588076,0,0,D,0,0,6478831,142.15,1969,33,22.11,45.59
26181,Historical,3482431,0,0,D,1,0,2716854,80,2002,13,0,104.49
26182,Historical,912112,1,3,D,1,0,3522561,15.95,1988,21,63.99,66.27
26183,Historical,2559814,0,0,D,2,1,1400030,185,1995,20,54.61,52.98
26184,Historical,764552,0,0,D,1,0,1879520,181.95,2005,19,93.42,15
26185,Historical,2334996,0,0,D,0,0,2084009,127.45,1987,24,18.03,73.85
26186,Historical,750960,0,0,D,1,0,449573,185,2009,15,90.74,88.63
26187,Historical,2351092,0,0,D,0,0,781443,168.98,1994,11,62.99,42.87
26188,Historical,616234,0,0,D,0,0,38497,65,1994,45,62.99,58.99
26189,Historical,607485,1,3,D,3,1,847210,49.95,1993,86,57.99,9.98
26190,Historical,625970,0,0,D,2,1,775930,95,2000,17,55.78,31.99
26191,Historical,261981,0,0,D,3,1,1330838,159.95,2005,14,0,0
26192,Historical,254088,1,2,D,2,1,179691,156.95,2009,44,57.43,78.71
26193,Historical,251079,0,0,D,1,0,414670,173.95,2007,35,84.24,23.98
26194,Historical,527507,0,0,D,2,1,926295,63,2009,25,14.14,34.72
26195,Historical,107040,0,0,D,1,0,1170323,105,2005,40,14.14,4.93
26196,Historical,527504,0,0,D,5,1,796118,69.99,2009,33,36.98,41.76
26197,Historical,181918,0,0,D,4,1,1508319,64.95,2005,55,36.98,14.98
26198,Historical,242976,0,0,D,1,0,2352540,59.95,2006,29,279.95,57.35
26199,Historical,193047,0,0,D,3,1,995596,112,2002,17,18.34,32.99
26200,Historical,640707,0,0,D,0,0,4444715,79,1995,28,140.13,41.14
26201,Historical,667660,0,0,D,1,0,3822756,95,2010,11,37.4,60.19
26202,Historical,257615,0,0,D,2,1,683125,62.95,2007,31,0,62.95
26203,Historical,666760,1,1,D,3,1,261495,64.95,2011,17,0,0
26204,Historical,182836,0,0,D,11,1,203962,78.76,2004,30,48.85,53.95
26205,Historical,57309,0,0,D,5,1,545797,97.95,2008,57,60.36,34.09
26206,Historical,57456,0,0,D,7,1,2988240,164,2007,19,6.84,15.99
26207,Historical,114702,0,0,D,1,0,644736,88,2007,44,34.61,55.05
26208,Historical,329985,0,0,D,6,1,294285,140,2008,32,84.74,48.99
26209,Historical,900717,0,0,D,0,0,1310088,97.95,1993,21,84.94,72.41
26210,Historical,196541,0,0,D,1,0,489159,96.95,2005,22,61.19,61.99
26211,Historical,113174,0,0,D,2,1,134487,104,2009,49,61.19,69.35
26214,Historical,60698,1,1,D,3,1,146839,22.75,2000,62,87.1,22.88
26215,Historical,2892853,0,0,D,0,0,3141318,115,2001,13,0,74.85
26216,Historical,54959,0,0,D,5,1,2936397,167.95,2004,20,146.72,14.98
26217,Historical,54960,0,0,D,7,1,292651,282.95,2010,51,146.72,26.2
26218,Historical,54958,1,3,D,6,1,2227022,296.95,2007,32,146.72,7.69
26219,Historical,244399,0,0,D,6,1,103477,272.95,2012,50,167.55,126.49
26220,Historical,183375,0,0,D,4,1,1356351,276.95,2006,37,167.55,33.93
26221,Historical,535853,0,0,D,9,1,24616,73.99,2012,131,49.81,43.59
26222,Historical,53729,0,0,D,7,1,337048,29.45,2007,105,49.81,9.54
26223,Historical,244123,0,0,D,8,1,504076,196.95,2011,79,173.99,149.87
26224,Historical,527489,1,2,D,7,1,1969307,182.95,2009,17,0,0
26225,Historical,556024,1,1,D,1,0,201661,139.95,2000,25,66.91,116.24
26226,Historical,592631,0,0,D,1,0,943507,167.95,2010,28,114.99,81.45
26227,Historical,774279,0,0,D,5,1,4273541,0,2006,18,71.14,80.31
26228,Historical,51695,0,0,D,5,1,208323,376.95,2008,124,111.31,20.89
26229,Historical,50009,0,0,D,5,1,392870,223.8,2006,221,141.99,30.43
26230,Historical,167152,1,3,D,1,0,25541,103.91,2011,175,83.99,32.98
26231,Historical,849323,1,2,D,4,1,1309607,145.56,1998,57,50.16,13.82
26232,Historical,109271,1,1,D,7,1,1190007,186.75,2007,84,153.43,32.73
26233,Historical,183356,0,0,D,12,1,309726,318.95,2006,59,119.94,47.24
26234,Historical,878531,0,0,D,2,1,1546953,225.75,2008,69,114.99,15.98
26235,Historical,54612,1,1,D,2,1,143785,51.29,2007,118,114.99,73.45
26236,Historical,51726,0,0,D,5,1,648388,23.49,2005,224,128.99,18.99
26237,Historical,57534,1,2,D,6,1,96568,153.33,2005,173,139.58,23.29
26238,Historical,153820,0,0,D,3,1,1778667,71.99,2004,121,103.45,53.99
26239,Historical,243726,1,3,D,5,1,434517,150,2009,54,13.94,73.69
26240,Historical,50012,0,0,D,6,1,97023,257.4,2010,132,141.99,38.98
26241,Historical,868177,0,0,D,1,0,3393030,143.95,1996,24,67.98,21.99
26242,Historical,2654473,0,0,D,3,1,2832948,113.56,1994,35,50.16,18.78
26243,Historical,52793,0,0,D,10,1,70786,63.95,2009,127,144.96,62.98
26244,Historical,868490,0,0,D,1,0,4175131,106,1999,12,41.56,57.82
26245,Historical,51727,0,0,D,6,1,24434,148,2010,116,128.99,71.63
26246,Historical,178727,0,0,D,5,1,1197724,260,2010,34,111.31,41.94
26247,Historical,50357,0,0,D,7,1,505822,22.98,2007,177,153.43,22.98
26248,Historical,60699,0,0,D,11,1,923416,294.95,2002,76,119.94,19.98
26249,Historical,244273,1,5,D,6,1,889773,204.95,2011,86,111.31,8.85
26250,Historical,2254241,0,0,D,2,1,5201872,103.44,2007,20,0,76.68
26251,Historical,57956,1,1,D,2,1,68848,43.98,2007,60,31.7,31.99
26252,Historical,57958,0,0,D,3,1,2528,31.75,2011,83,31.7,15.97
26253,Historical,54613,1,1,D,3,1,23931,100.47,2010,115,114.99,32.58
26254,Historical,169490,1,1,D,7,1,160412,379.95,2007,187,173.99,26.41
26255,Historical,57539,0,0,D,7,1,94306,248.6,2009,111,139.58,75.41
26256,Historical,153990,0,0,D,4,1,219181,56.02,2009,152,103.45,26.98
26257,Historical,551566,0,0,D,2,1,231376,106,2004,44,35.69,53.83
26258,Historical,848663,1,2,D,2,1,4280944,64,1998,41,73.91,46.21
26259,Historical,52795,0,0,D,9,1,271356,30.49,2007,141,144.96,28.94
26260,Historical,169235,0,0,D,1,0,1922919,429.95,2006,41,132.39,36.89
26261,Historical,169696,1,1,D,2,1,237899,391.95,2010,48,132.39,72.66
26262,Historical,60700,0,0,D,8,1,2153103,109.96,1997,22,63.62,9.95
26263,Historical,868342,1,1,D,2,1,4621553,77.95,1993,23,27.8,39.76
26264,Historical,60657,1,1,D,1,0,2755434,109.7,1999,20,93.88,26.49
26265,Historical,119175,1,1,D,1,0,1166643,166.2,1998,25,157.23,45.67
26266,Historical,902715,0,0,D,1,0,2290934,72.95,2008,19,25.02,63.33
26267,Historical,2562289,0,0,D,0,0,1914383,65,1991,30,37.97,49.31
26268,Historical,284845,0,0,D,2,1,2631404,145,2001,18,106.88,76.23
26269,Historical,178454,1,2,D,5,1,1435908,64.2,2012,37,39.74,35.44
26270,Historical,298256,0,0,D,2,1,326991,64.95,2007,39,51.73,32.54
26271,Historical,248127,0,0,D,3,1,303740,72,2010,39,51.73,23.94
26272,Historical,638560,0,0,D,1,0,2915479,61.95,2004,21,57.78,24.95
26273,Historical,649746,0,0,D,0,0,816196,44.95,2011,30,38.51,93.94
26274,Historical,54093,0,0,D,9,1,48132,316.95,2008,95,136.49,35.6
26275,Historical,247873,1,2,D,1,0,1448542,59.95,2009,30,56.1,41.91
26276,Historical,881520,0,0,D,2,1,118951,39.95,2015,18,38.51,33.95
26277,Historical,258088,1,1,D,2,1,964735,50,2003,75,31.31,13.95
26278,Historical,52303,0,0,D,10,1,168595,412.95,2009,83,203.99,31.66
26279,Historical,52302,1,1,D,9,1,1154102,454.95,2006,97,203.99,12.21
26280,Historical,606688,0,0,D,2,1,3827107,125.95,1996,21,48.99,13.99
26281,Historical,137506,0,0,D,1,0,681071,213.33,2007,15,4.83,37.79
26282,Historical,128899,0,0,D,2,1,411873,79.95,2006,66,32.1,30.99
26283,Historical,53332,0,0,D,3,1,1268078,28.98,2006,64,80.34,28.98
26284,Historical,51908,1,5,D,8,1,171878,26.8,2007,95,103.99,26.76
26285,Historical,57484,0,0,D,13,1,123055,70.22,2010,52,149.89,95.75
26286,Historical,112052,0,0,D,6,1,8582,81.41,2012,92,148.53,46.94
26287,Historical,110396,1,4,D,8,1,504334,23.49,2007,45,93.99,23.49
26288,Historical,110713,1,1,D,9,1,86948,332.5,2010,47,93.99,49.98
26289,Historical,116049,0,0,D,2,1,1335573,117.2,2005,50,41.99,27.99
26290,Historical,119515,0,0,D,1,0,748719,133,1998,20,58.31,20.53
26291,Historical,527480,1,2,D,3,1,54312,53.88,2012,126,118.87,34.49
26292,Historical,51616,1,1,D,7,1,666709,347.95,2010,69,86.74,24.77
26293,Historical,53135,1,2,D,12,1,495132,389.95,2008,39,55.98,45.9
26294,Historical,147917,0,0,D,10,1,660531,200.95,2003,52,55.98,13.76
26295,Historical,2251610,0,0,D,0,0,5041238,0,2006,16,92.99,106.03
26296,Historical,148431,0,0,D,5,1,2947758,0,2006,16,86.74,23.99
26297,Historical,112090,1,3,D,2,1,121188,18.44,2010,77,118.87,21.81
26298,Historical,178912,1,1,D,1,0,554080,193.95,2011,35,143.99,63.99
26299,Historical,875516,0,0,D,2,1,1796512,166.95,2014,13,143.99,158.74
26300,Historical,108385,1,1,D,12,1,713570,11.08,2006,32,149.89,6.26
26301,Historical,51589,0,0,D,11,1,212125,33.96,2010,75,133.99,30.99
26302,Historical,60701,1,2,D,7,1,1131103,124.4,2000,50,113.99,49.33
26303,Historical,53331,1,1,D,3,1,110116,24.39,2008,71,80.34,59.59
26304,Historical,57523,0,0,D,2,1,257130,21.99,2008,56,95.8,21.99
26305,Historical,57524,1,1,D,3,1,51299,255.75,2010,69,95.8,43.99
26306,Historical,51614,0,0,D,5,1,621567,336.95,2005,73,86.74,7.04
26307,Historical,51588,0,0,D,10,1,661334,8.24,2008,109,133.99,6.46
26308,Historical,50384,0,0,D,14,1,33980,226.4,2010,153,112.41,40.49
26309,Historical,119496,0,0,D,15,1,8152,265.6,2012,118,112.41,56.94
26310,Historical,57955,1,3,D,5,1,85849,32.8,2009,107,148.53,28.98
26311,Historical,51615,0,0,D,6,1,1117114,382.95,2008,80,86.74,9.49
26312,Historical,53134,0,0,D,11,1,1011652,419.95,2007,52,55.98,5.2
26313,Historical,109728,1,2,D,1,0,3254578,0,2006,17,48.96,7.95
26314,Historical,132177,1,1,D,9,1,432869,134.67,2006,43,126.26,18.91
26315,Historical,121174,0,0,D,10,1,528040,171.8,2010,28,126.26,53.98
26316,Historical,131696,1,1,D,8,1,423525,116.6,2003,38,126.26,29.89
26317,Historical,200475,1,2,D,2,1,142206,143.95,2009,53,68.99,57.62
26318,Historical,2250835,0,0,D,2,1,7768909,116.57,2010,54,68.99,74.65
26319,Historical,200304,0,0,D,1,0,1048708,86.95,2005,48,68.99,12.17
26320,Historical,51590,1,1,D,9,1,1369152,12.97,2005,61,133.99,7.98
26321,Historical,116596,1,2,D,8,1,319674,185.2,2006,61,71.89,38.23
26322,Historical,51909,0,0,D,9,1,123892,60.22,2009,64,103.99,41.94
26323,Historical,200232,0,0,D,1,0,71301,153.95,2008,51,0,0
26324,Historical,50371,0,0,D,9,1,364745,327.95,2009,69,88.98,38.99
26325,Historical,50374,1,1,D,8,1,454150,353.95,2006,72,88.98,4.99
26326,Historical,544418,1,1,D,10,1,102032,347.95,2013,86,88.98,49.98
26327,Historical,874021,0,0,D,2,1,7984157,60,2004,30,52.85,51.58
26328,Historical,248195,0,0,D,2,1,431481,86,2011,47,69.69,41.17
26329,Historical,247818,1,2,D,0,0,1444277,63.95,2007,27,69.69,54.86
26330,Historical,147920,1,3,D,1,0,5236684,140.95,2002,19,72.57,13.26
26331,Historical,170087,0,0,D,6,1,37349,177.95,2011,102,107.38,50.94
26332,Historical,148285,0,0,D,2,1,1321994,124.95,2005,22,72.57,53.99
26333,Historical,288306,0,0,D,6,1,233162,70,2009,53,72.01,33.98
26334,Historical,169844,0,0,D,5,1,60222,187.95,2008,71,107.38,28.92
26335,Historical,141795,1,1,D,5,1,933160,9.98,2006,62,72.01,9.96
26336,Historical,131821,0,0,D,3,1,1887981,84.2,2004,42,63.77,9.99
26337,Historical,607727,1,1,D,4,1,775920,94.4,2008,22,63.77,58.29
26338,Historical,262634,0,0,D,0,0,2071856,57.95,2003,37,41.93,29.33
26339,Historical,177937,1,1,D,4,1,1112117,206.95,2005,93,107.38,4.26
26340,Historical,205560,0,0,D,2,1,1036524,36,1996,69,37.4,8.74
26341,Historical,248209,1,2,D,2,1,87143,75,2011,38,64.89,170.59
26342,Historical,278276,0,0,D,0,0,2502960,40,2003,19,54.9,25.17
26343,Historical,446091,0,0,D,2,1,234831,130,2008,53,56.99,27.15
26344,Historical,60702,1,1,D,5,1,271349,189.33,2006,81,101.98,13.98
26345,Historical,116403,0,0,D,4,1,160910,138.8,2003,39,101.98,14.85
26346,Historical,285175,0,0,D,11,1,2341269,24.74,2002,33,73.96,19.3
26347,Historical,550472,1,2,D,13,1,909228,39.92,2008,46,73.96,39.51
26348,Historical,117621,0,0,D,9,1,732661,77.4,2004,40,32.99,35.99
26349,Historical,114282,0,0,D,8,1,1623263,62.67,2001,29,32.99,13.98
26350,Historical,634537,0,0,D,1,0,2188764,51.95,1999,27,46.96,42.26
26351,Historical,109011,0,0,D,12,1,1453854,12.32,2005,48,73.96,28.99
26352,Historical,2252519,1,1,D,9,1,3948683,63.31,2009,44,0,38.45
26353,Historical,57316,0,0,D,3,1,1942010,89.4,2003,24,68.97,10.84
26354,Historical,544181,0,0,D,10,1,58036,252.95,2012,63,75.77,94
26355,Historical,114629,0,0,D,0,0,2918074,109.4,2002,34,50.61,38.23
26356,Historical,57314,0,0,D,5,1,212180,149,2010,58,68.97,33.91
26357,Historical,169903,1,2,D,9,1,150851,254.95,2009,64,75.77,16.1
26358,Historical,57313,0,0,D,4,1,1070583,108.2,2006,68,68.97,23.99
26359,Historical,199465,0,0,D,2,1,9420576,48.95,2000,28,19.18,37.04
26360,Historical,199311,0,0,D,0,0,3249800,95,2005,11,0,74.95
26361,Historical,919809,1,1,D,0,0,904431,13.96,2011,67,5.12,13.99
26362,Historical,57950,1,5,D,2,1,623065,54.95,2010,78,37.98,12.19
26363,Historical,533287,1,1,D,3,1,41518,54.95,2012,145,37.98,30.29
26364,Historical,248399,0,0,D,5,1,2616581,111.95,2006,29,38.99,61.49
26365,Historical,608469,1,1,D,6,1,1144877,153.95,2009,36,38.99,22.94
26366,Historical,251961,0,0,D,6,1,99333,273.95,2009,39,123.99,71.11
26367,Historical,128950,1,1,D,0,0,1150963,49.95,2006,22,40.37,37.74
26368,Historical,181243,0,0,D,2,1,1585972,78.2,1997,45,38.49,23.97
26369,Historical,868396,0,0,D,2,1,190403,61.35,1989,26,84.84,28.94
26370,Historical,666390,0,0,D,4,1,416711,45,2008,14,34.52,11.98
26371,Historical,634921,0,0,D,1,0,577185,167.95,2004,9,0,0
26372,Historical,3813023,0,0,D,2,1,5585554,240,2007,13,0,175.71
26373,Historical,277982,0,0,D,1,0,1352623,72.95,2005,15,66.23,102.25
26374,Historical,55523,1,1,D,1,0,467987,99.95,2004,31,93.25,43.99
26375,Historical,193054,1,1,D,1,0,796631,55.95,2003,29,38.55,28.99
26376,Historical,55848,0,0,D,4,1,105834,80,2002,60,88.98,33.49
26377,Historical,55845,0,0,D,5,1,346973,121,2007,80,88.98,71.98
26378,Historical,117434,0,0,D,1,0,107990,75.4,2007,20,64.41,89.57
26379,Historical,527456,0,0,D,5,1,290235,318.99,2010,15,70.19,138.14
26380,Historical,187987,0,0,D,1,0,750211,84.99,2002,23,74,85.35
26381,Historical,627583,0,0,D,2,1,636619,110,2006,42,86.99,53.92
26382,Historical,905687,0,0,D,1,0,1284355,108,2000,38,86.99,37.6
26383,Historical,203145,0,0,D,1,0,1479680,63.95,2005,15,70.35,59.83
26384,Historical,629673,0,0,D,5,1,4085714,129,2002,20,71.98,56.99
26385,Historical,145365,0,0,D,7,1,684877,77.33,2006,31,41.91,14.99
26386,Historical,546600,0,0,D,3,1,1217443,98,2010,26,102.98,77.99
26387,Historical,627265,0,0,D,3,1,1731577,290,2009,21,80.44,191.73
26388,Historical,551941,0,0,D,3,1,1037708,109.8,2002,56,28.55,26.59
26389,Historical,162028,0,0,D,1,0,71539,135,2009,23,0,0
26390,Historical,871951,1,1,D,6,1,535848,27.66,2006,38,43.97,27.34
26391,Historical,262683,1,2,D,6,1,273252,42.95,2005,111,43.97,20.99
26392,Historical,52333,1,6,D,1,0,719286,11.96,2008,123,93.99,22.7
26393,Historical,52332,1,8,D,2,1,28914,23.98,2010,185,93.99,38.99
26394,Historical,883795,0,0,D,3,1,4208859,64.95,2005,11,57.46,675
26395,Historical,54436,1,7,D,10,1,488485,194.95,2007,76,114.19,20.24
26396,Historical,54437,1,5,D,10,1,699221,176.95,2007,61,114.19,19.43
26397,Historical,544998,1,4,D,4,1,41851,105,2013,116,68.34,24.94
26398,Historical,57946,0,0,D,3,1,935596,97,2011,114,68.34,8.04
26399,Historical,57944,1,1,D,2,1,1563366,76,2008,87,68.34,6.47
26400,Historical,298316,1,1,D,2,1,161253,70,2011,118,20.84,23.99
26401,Historical,867657,0,0,D,3,1,222836,74,2014,77,20.84,21.48
26402,Historical,248017,1,2,D,1,0,289821,60,2009,80,20.84,17.99
26403,Historical,57945,0,0,D,3,1,248112,85,2010,78,68.34,13.96
26404,Historical,129383,0,0,D,5,1,74131,76.95,2011,44,43.69,69.64
26405,Historical,176669,0,0,D,1,0,11802789,52.95,1999,14,48.79,28.99
26406,Historical,117474,0,0,D,4,1,1988105,74.67,2003,43,38.49,26.43
26407,Historical,118058,0,0,D,4,1,408542,80.4,2005,38,38.49,46.09
26408,Historical,113824,0,0,D,3,1,1267037,49,2001,29,11.72,13.47
26409,Historical,117473,0,0,D,4,1,1695787,65.33,2003,53,11.72,39.99
26410,Historical,52644,1,1,D,4,1,2689277,91.2,2005,38,52.65,45.94
26411,Historical,120586,1,1,D,5,1,305638,86.4,2008,66,89.25,23.96
26412,Historical,120927,1,2,D,6,1,412704,127.4,2008,63,89.25,38.94
26413,Historical,120585,1,3,D,5,1,851274,86.4,2008,73,89.77,18.99
26414,Historical,54152,0,0,D,5,1,521912,113.8,2005,56,89.77,10.72
26415,Historical,614992,0,0,D,4,1,1656680,74.95,2003,35,0,0
26416,Historical,778245,1,2,D,4,1,1992064,102.95,2003,52,90,11.93
26417,Historical,2580818,0,0,D,0,0,4822961,0,1978,20,142.98,38.99
26418,Historical,299790,0,0,D,1,0,3838027,41.95,2001,16,54.79,37.97
26419,Historical,1464582,0,0,D,1,0,345846,56,2011,14,0,47.76
26420,Historical,527441,0,0,D,2,1,475629,40,2008,47,12.98,37.48
26421,Historical,625253,1,2,D,17,1,952589,80,2010,24,2646.73,52.99
26422,Historical,862515,1,2,D,2,1,1144653,55,1970,51,101.98,52.31
26423,Historical,128453,0,0,D,3,1,240176,65,2006,91,15.32,18.93
26424,Historical,128458,1,2,D,2,1,1763715,490.07,2005,12,38.37,83.15
26425,Historical,718061,1,1,D,1,0,1164258,135,1997,32,63.98,34.94
26426,Historical,722173,0,0,D,2,1,5470617,295,2002,9,266.47,191.43
26427,Historical,1472438,0,0,D,2,1,4217348,67.5,2008,18,30.87,26.12
26428,Historical,655899,0,0,D,3,1,2278334,60,2011,14,30.87,54.5
26429,Historical,894487,0,0,D,0,0,4918974,39.95,2003,13,41.15,35.84
26431,Historical,639231,0,0,D,2,1,1592601,68,2009,13,41.51,27
26432,Historical,901824,1,1,D,1,0,4105472,49.5,2006,15,41.51,46.4
26433,Historical,556077,0,0,D,1,0,1322365,55,2007,9,22.6,34.23
26434,Historical,2415416,0,0,D,2,1,5232875,59.95,2004,15,29.72,54.88
26435,Historical,642574,0,0,D,2,1,2701521,55,2006,12,20.98,28.76
26436,Historical,888244,0,0,D,1,0,5522095,55,2007,12,30.79,22.58
26437,Historical,902852,0,0,D,4,1,2539480,99,2007,17,62.94,364.63
26438,Historical,556076,0,0,D,2,1,2532133,65,2009,12,22.11,61.69
26440,Historical,128188,0,0,D,1,0,3169754,69.95,2007,16,47.25,33.75
26441,Historical,1466015,0,0,D,1,0,4014888,59.95,2007,12,41.79,33.99
26442,Historical,1472692,0,0,D,2,1,2644054,65,2009,10,48.17,22.09
26443,Historical,1465971,0,0,D,1,0,9154438,55,2006,12,48.17,42.38
26444,Historical,905905,0,0,D,1,0,2987567,52.5,2008,15,50.34,75.79
26445,Historical,127333,0,0,D,1,0,1758806,100,2009,24,49.07,55.18
26446,Historical,897955,0,0,D,1,0,3351021,49.95,2005,21,28.76,56.87
26447,Historical,893692,0,0,D,2,1,4320308,67.5,2009,14,33.95,61.97
26448,Historical,1466004,0,0,D,2,1,2058908,55,2006,21,35.06,30.41
26449,Historical,1473574,0,0,D,1,0,1992819,170,2011,13,21.01,64.29
26450,Historical,635170,0,0,D,3,1,547100,54.95,2008,15,0,0
26451,Historical,2415911,0,0,D,0,0,208372,365,1983,25,345.52,344.11
26452,Historical,645027,0,0,D,0,0,1441832,175,2012,19,38.98,83.32
26453,Historical,127568,1,2,D,3,1,145534,135,2010,33,105.29,52.99
26454,Historical,126716,0,0,D,2,1,1637313,110,2005,36,105.29,19.78
26455,Historical,718345,0,0,D,1,0,2200246,85,1999,41,94.01,8.99
26456,Historical,127462,0,0,D,2,1,665981,125,2008,40,94.01,122.2
26457,Historical,887863,0,0,D,4,1,4524659,245,2002,15,192.87,128.99
26458,Historical,2415800,0,0,D,0,0,1338010,65,2001,16,220.1,85.94
26459,Historical,626576,0,0,D,5,1,424989,74.95,1986,44,46.36,38.99
26460,Historical,3046269,1,1,D,0,0,2392462,20,1999,24,0,23.93
26461,Historical,923029,0,0,D,1,0,208071,23.94,2010,136,49.94,18.98
26462,Historical,908228,0,0,D,1,0,2049067,41.79,2011,23,49.94,41.79
26463,Historical,920280,1,1,D,2,1,32551,107.5,2013,63,49.94,35.94
26464,Historical,895418,0,0,D,2,1,2812950,76.95,2008,12,45.1,62.72
26465,Historical,761669,0,0,D,1,0,325582,55,2006,40,42.07,11.93
26466,Historical,164559,0,0,D,1,0,677627,169.95,2004,15,182.32,65
26467,Historical,544882,0,0,D,8,1,2454091,68.95,2009,13,44.86,26.83
26468,Historical,307998,0,0,D,1,0,1658869,81,2004,27,72.97,36.99
26469,Historical,1488801,0,0,D,1,0,1206032,47.95,2009,44,22.44,12.71
26470,Historical,741307,0,0,D,0,0,1708755,59.99,2007,39,36.17,46.03
26471,Historical,2303397,0,0,D,2,1,4446462,7.89,1998,26,0,7.89
26472,Historical,248837,0,0,D,1,0,1780033,79.95,2007,15,52.99,73.07
26473,Historical,1468375,0,0,D,2,1,6838652,149.95,2006,10,102.99,98.01
26474,Historical,543313,0,0,D,3,1,441066,105,2009,64,53.76,23.99
26475,Historical,609369,0,0,D,2,1,1351672,80,2005,37,53.76,9
26476,Historical,2551498,0,0,D,2,1,516151,99.95,2003,13,131.18,93.76
26477,Historical,2550943,0,0,D,1,0,2163580,59.95,1997,25,131.18,69.3
26478,Historical,603629,0,0,D,1,0,525575,114.99,2010,25,0,98.99
26479,Historical,882812,0,0,D,2,1,5646524,70,2001,12,0,82.74
26480,Historical,634923,1,1,D,4,1,660428,39.99,2011,25,22.67,59.29
26481,Historical,614858,0,0,D,2,1,443943,49.7,2005,35,0,0
26482,Historical,923321,0,0,D,2,1,1710472,79.5,2005,113,42.86,4.48
26483,Historical,612831,1,3,D,3,1,44778,125.95,2009,245,42.86,19.99
26484,Historical,1438486,0,0,D,1,0,36653,156.5,2014,42,103.99,67.98
26485,Historical,868372,0,0,D,1,0,428541,183.95,2006,35,53.24,33.74
26486,Historical,527380,1,1,D,0,0,9742,10.95,2008,37,0,6.9
26487,Historical,599435,1,1,D,0,0,336776,9.95,2004,102,0,7.23
26488,Historical,244435,0,0,D,12,1,265019,155.95,2012,56,27.99,79.34
26489,Historical,2253271,0,0,D,10,1,3232644,117.57,2007,36,0,75.77
26490,Historical,169990,0,0,D,11,1,743292,155.95,2010,53,27.99,61.33
26491,Historical,60708,0,0,D,10,1,343633,163.95,2007,36,27.99,33.01
26492,Historical,539566,1,1,D,3,1,317181,205.2,2010,54,118.08,58.99
26493,Historical,422235,0,0,D,2,1,1933393,145.2,2007,46,78.68,32.99
26494,Historical,527378,1,1,D,3,1,854376,170.2,2010,53,78.68,19.98
26495,Historical,535488,1,4,D,6,1,69875,210.95,2013,63,73.75,51.99
26496,Historical,55416,1,1,D,5,1,744970,255.95,2009,75,73.75,45.55
26497,Historical,55415,0,0,D,4,1,854833,130.95,2006,74,73.75,13.47
26498,Historical,544461,1,2,D,6,1,235155,203.95,2013,56,108.34,50.91
26499,Historical,533422,1,1,D,5,1,588437,237.95,2010,61,108.34,67.49
26500,Historical,249884,1,1,D,4,1,2437558,114.95,2007,39,108.34,9.37
26501,Historical,3475040,0,0,D,1,0,3953991,72,1998,23,0,11.98
26502,Historical,2186421,0,0,D,0,0,1787045,69.95,2010,10,76.35,136.02
26503,Historical,870222,0,0,D,1,0,5334558,51.69,2009,34,36.95,50.38
26504,Historical,539185,0,0,D,4,1,225404,52.6,2012,52,14.24,33.33
26505,Historical,120324,0,0,D,3,1,1730956,93.33,2008,52,14.24,6.49
26506,Historical,266271,0,0,D,4,1,538273,52.6,2012,40,22.48,22.13
26507,Historical,60710,0,0,D,2,1,3477567,68,2005,50,22.48,4.58
26508,Historical,120323,0,0,D,3,1,1687421,93.33,2008,59,22.48,6.26
26509,Historical,120322,0,0,D,3,1,1451818,93.33,2008,49,42.18,5.1
26510,Historical,527376,1,1,D,4,1,261855,101.33,2012,44,42.18,56.66
26511,Historical,147420,1,2,D,0,0,1013900,134,2009,41,93.99,61.33
26512,Historical,527371,1,3,D,0,0,1068888,148.95,2011,29,84.5,48.98
26513,Historical,147421,1,1,D,0,0,1187496,134,2009,39,84.5,33.98
26514,Historical,112778,0,0,D,1,0,2024086,115,2005,14,73.57,101.19
26515,Historical,612510,1,2,D,0,0,345837,75,2014,39,5.74,30.84
26516,Historical,265065,0,0,D,0,0,1201778,75,2012,51,5.74,11.98
26517,Historical,905642,0,0,D,4,1,360378,59.95,2000,22,48.14,48.99
26518,Historical,753997,0,0,D,1,0,4063523,175.95,2012,18,0,88.33
26519,Historical,126408,0,0,D,1,0,993997,71,2005,24,33.32,19.62
26520,Historical,2600999,0,0,D,1,0,12276415,59.99,1996,6,34.49,0
26521,Historical,620805,1,1,D,2,1,525902,111.6,2008,47,69.88,31.88
26522,Historical,2254928,0,0,D,8,1,828051,59.24,2008,26,99.44,59.24
26523,Historical,874149,1,2,D,0,0,1852180,84.6,2004,20,69.88,5.24
26524,Historical,607441,0,0,D,8,1,161973,115,2009,56,99.44,44.97
26525,Historical,620277,0,0,D,0,0,435985,95,2009,45,57.58,28.99
26526,Historical,131257,0,0,D,4,1,139379,113.6,2000,55,53.34,23.96
26527,Historical,165898,0,0,D,1,0,536258,60,2004,25,0,0
26528,Historical,52767,1,1,D,8,1,82926,134.8,2011,41,117.31,76.99
26529,Historical,52768,0,0,D,7,1,191097,105,2007,51,117.31,26.53
26530,Historical,2664372,0,0,D,3,1,8958828,115,1998,20,145.29,33.98
26531,Historical,769454,0,0,D,2,1,580905,85.95,2002,47,44.83,18.21
26532,Historical,772058,0,0,D,3,1,542498,129.95,2006,85,44.83,42.98
26533,Historical,626426,0,0,D,2,1,796596,228.95,2005,31,97.99,20.7
26534,Historical,691870,0,0,D,1,0,4393804,219.95,1998,24,97.99,25.63
26535,Historical,894098,0,0,D,2,1,5354548,59.95,2010,14,87.15,48.01
26536,Historical,2570896,0,0,D,1,0,493997,111.69,1992,27,67.73,73.83
26537,Historical,899108,0,0,D,2,1,3316417,59.95,2007,17,87.15,28.99
26538,Historical,235817,0,0,D,0,0,1710894,83.5,2002,21,83.99,76.89
26540,Historical,2502323,0,0,D,0,0,1200096,134,1996,14,29.98,43.99
26541,Historical,2577465,0,0,D,0,0,5248127,0,1983,16,56.94,50.19
26542,Historical,893598,0,0,D,2,1,1281559,65,1997,19,33.94,35.85
26543,Historical,527363,0,0,D,6,1,1813623,59.95,2008,12,71.73,23.99
26545,Historical,1871204,0,0,D,2,1,500414,0,2008,15,155.17,190.37
26546,Historical,527362,0,0,D,15,1,405827,98,2012,42,71.31,53.83
26547,Historical,133338,0,0,D,14,1,206029,84.2,2010,31,71.31,91.13
26548,Historical,132653,1,1,D,13,1,1627699,88,2008,43,71.31,13.49
26549,Historical,109308,0,0,D,6,1,1626987,11.48,2006,21,121.74,11.39
26551,Historical,61122,0,0,D,6,1,1353474,23.98,2005,54,33.77,23.98
26552,Historical,606939,0,0,D,6,1,2551588,52.99,2005,28,33.77,52.79
26553,Historical,527361,0,0,D,3,1,314415,73.95,2007,57,66.49,66.89
26554,Historical,60711,1,1,D,2,1,491580,56.95,2000,44,66.49,9.63
26556,Historical,881389,0,0,D,1,0,66784,75,2015,18,61.91,68.95
26557,Historical,648457,0,0,D,0,0,1471372,89.95,2006,27,61.91,217.84
26558,Historical,1752879,0,0,D,3,1,1542821,89.95,2011,14,73.99,49.49
26559,Historical,527358,0,0,D,2,1,111240,35.75,2008,43,28.68,29.69
26560,Historical,612208,0,0,D,0,0,1617881,59.75,2013,15,0,93.72
26561,Historical,597558,0,0,D,3,1,849644,69.95,2005,72,53.97,6.68
26563,Historical,261087,0,0,D,4,1,211921,59.48,2009,26,53.97,48.76
26564,Historical,885029,0,0,D,2,1,4180834,59.95,2009,17,47.1,21.47
26565,Historical,1855478,0,0,D,13,1,189502,44.99,2014,42,26.12,28.99
26566,Historical,527354,0,0,D,12,1,801449,44.99,2012,52,4.75,10.81
26567,Historical,248515,0,0,D,11,1,1008770,44.99,2010,42,4.75,5.88
26568,Historical,904682,0,0,D,2,1,1162079,81.95,2000,20,90.37,49.98
26569,Historical,545102,0,0,D,5,1,837703,147,2011,32,97.72,0
26570,Historical,250946,1,1,D,4,1,2088443,129,2007,33,97.72,30.59
26571,Historical,287955,0,0,D,2,1,2658988,76.95,2004,23,63.98,70
26572,Historical,540454,0,0,D,3,1,2474267,75,2009,22,63.98,38.99
26573,Historical,620067,0,0,D,3,1,1212225,194,2008,25,123.99,103.53
26574,Historical,760756,0,0,D,2,1,1479568,128,2001,26,38.51,8.99
26575,Historical,883554,0,0,D,3,1,9302433,154.99,2004,11,183.66,129.99
26576,Historical,56662,1,1,D,3,1,88798,125,2008,65,71.48,68.98
26577,Historical,56661,0,0,D,2,1,594418,106,2002,101,71.48,19.99
26578,Historical,2550836,0,0,D,4,1,686554,72.95,1995,20,35.63,73.05
26579,Historical,902761,0,0,D,6,1,3388584,99.95,2005,17,35.63,72.83
26580,Historical,887850,0,0,D,2,1,10152885,104.99,2001,15,125.07,46.59
26581,Historical,641745,0,0,D,0,0,3702905,482,2004,17,94.99,77.69
26582,Historical,884180,0,0,D,2,1,9136583,510,2006,12,187.77,82.97
26583,Historical,147292,1,1,D,5,1,669980,106,2005,175,63.99,15
26584,Historical,56577,0,0,D,4,1,27784,105,2009,121,57.25,33.99
26585,Historical,56575,1,1,D,3,1,200913,96.95,2005,88,57.25,17.84
26586,Historical,614402,0,0,D,1,0,264530,122.95,2011,116,59.42,18.98
26587,Historical,147626,1,1,D,6,1,23522,131,2009,348,63.99,37.38
26588,Historical,527348,0,0,D,2,1,48606,50.99,2011,54,23.74,30.97
26589,Historical,264272,1,2,D,1,0,901521,46.95,2007,25,23.74,18.98
26590,Historical,505639,0,0,D,5,1,56838,52.99,2010,111,41.98,13.91
26591,Historical,203843,0,0,D,4,1,676586,45.95,2006,91,41.98,13.99
26592,Historical,561734,0,0,D,6,1,791892,171.95,2010,17,128.98,56.54
26593,Historical,869423,0,0,D,6,1,1338942,76.95,2010,14,128.98,35.35
26594,Historical,254634,0,0,D,4,1,759193,125.95,2011,13,59.94,872.14
26595,Historical,636074,0,0,D,3,1,2373783,128.87,2011,18,90.47,362.69
26596,Historical,740717,0,0,D,1,0,2852341,91.8,2006,33,90.47,54.84
26597,Historical,630040,0,0,D,10,1,643549,175,2010,21,0,73.97
26598,Historical,613835,0,0,D,0,0,2195143,99.4,2006,40,103.69,17.99
26599,Historical,110378,0,0,D,2,1,775717,142.5,2008,46,103.69,18.34
26600,Historical,631507,1,1,D,2,1,242279,161.76,2011,38,148.99,108.19
26601,Historical,297700,1,4,D,1,0,173423,60,1997,24,148.99,60.33
26602,Historical,620019,0,0,D,0,0,2113310,80,2002,28,83.47,7.28
26603,Historical,203877,0,0,D,2,1,425968,87.99,2008,62,23.98,32.98
26604,Historical,203988,0,0,D,1,0,825427,59.95,2006,21,43.59,13.49
26605,Historical,204191,0,0,D,2,1,971895,76.99,2010,72,43.59,18.48
26606,Historical,533321,1,2,D,8,1,146188,80.95,2012,93,28.59,36.21
26607,Historical,57148,1,2,D,7,1,854833,69.95,2008,89,28.59,42.86
26608,Historical,873234,0,0,D,6,1,2197583,101.09,2009,50,60.8,87.72
26609,Historical,56665,0,0,D,5,1,1064843,76.6,2005,39,60.8,31.97
26610,Historical,56666,0,0,D,6,1,73831,115.6,2009,55,60.8,73.99
26611,Historical,873368,0,0,D,0,0,2315373,49.88,2005,40,37.98,31.15
26612,Historical,255811,0,0,D,5,1,48398,71.95,2011,43,28.98,68.97
26613,Historical,255772,0,0,D,4,1,163894,51.95,2005,92,28.98,10.68
26614,Historical,889934,0,0,D,1,0,7256252,49.95,2006,15,48.99,16.42
26615,Historical,778361,0,0,D,1,0,185800,128.95,2003,24,63.66,64.46
26617,Historical,115752,0,0,D,4,1,93418,113.2,2005,35,83.89,122.03
26618,Historical,868361,0,0,D,1,0,843345,136.95,2007,53,74.28,39.95
26619,Historical,874188,1,1,D,5,1,1923574,34.99,2008,47,60.44,17.04
26620,Historical,56679,1,3,D,5,1,877817,9.9,2008,141,60.44,13.15
26621,Historical,56677,0,0,D,4,1,1322432,69.3,2005,43,60.44,11.09
26622,Historical,50240,1,7,D,11,1,174424,29.78,2009,216,56.66,15.18
26623,Historical,540449,1,27,D,12,1,7158,43.99,2011,223,56.66,20.98
26624,Historical,50239,0,0,D,10,1,659705,47.05,2006,246,56.66,7.38
26625,Historical,133058,0,0,D,19,1,1136609,79.67,2009,54,45.17,48.55
26626,Historical,145403,0,0,D,18,1,967085,73.6,2006,66,45.17,18.39
26627,Historical,875273,0,0,D,2,1,1137024,56.29,2005,46,63.34,39.58
26628,Historical,178016,0,0,D,2,1,676947,218.95,2004,34,63.34,18.99
26629,Historical,127316,1,1,D,1,0,52613,65.95,2011,97,66.19,38.21
26630,Historical,556527,1,4,D,1,0,53822,65.95,2011,66,58.99,26.73
26631,Historical,635635,1,2,D,0,0,97629,49.95,2012,62,58.99,16.82
26633,Historical,165998,0,0,D,0,0,1070934,69.95,2001,22,45.44,59.56
26634,Historical,2388836,0,0,D,0,0,505471,118,1992,34,204.76,39.99
26635,Historical,917583,0,0,D,4,1,1038155,45.95,2009,48,12.89,23.98
26636,Historical,620134,0,0,D,2,1,2481032,38.95,2004,27,12.89,17.47
26637,Historical,1753877,0,0,D,0,0,266830,49.95,2010,37,0,55.78
26638,Historical,921963,0,0,D,25,1,46248,247.95,2014,59,239.87,66.99
26639,Historical,591123,0,0,D,23,1,2204310,247.95,2012,27,239.87,57.94
26640,Historical,544595,1,1,D,23,1,637759,247.95,2012,99,239.87,22.24
26641,Historical,649100,0,0,D,1,0,168860,95.95,2008,24,84,131.98
26642,Historical,2052363,0,0,D,3,1,1333665,59.95,2012,27,52.24,35.59
26643,Historical,622788,1,3,D,3,1,510367,57.47,2004,34,0,0
26644,Historical,538013,0,0,D,2,1,607919,114,2008,48,30.34,31.04
26645,Historical,778209,0,0,D,5,1,4980669,34.95,2001,16,49.84,33.94
26646,Historical,200348,0,0,D,7,1,558771,61.95,2007,37,49.84,29.98
26647,Historical,3490791,1,1,D,3,1,3487724,86.65,1998,14,0,44.87
26648,Historical,875637,0,0,D,7,1,2286497,23.76,2010,46,79.21,13.71
26649,Historical,110050,1,3,D,8,1,121136,78.81,2011,108,79.21,23.95
26650,Historical,110048,1,4,D,7,1,1139499,9.94,2009,97,79.21,9.89
26652,Historical,645337,1,1,D,0,0,604781,70.88,2008,70,0,0
26653,Historical,1447872,0,0,D,1,0,1222109,19.96,2007,24,0,9.09
26654,Historical,617801,0,0,D,1,0,1489557,57.4,2011,47,38.58,9.74
26655,Historical,627819,0,0,D,1,0,210699,53.8,2013,34,38.58,9.64
26656,Historical,55718,0,0,D,0,0,299337,43.8,2009,51,40.33,23.89
26657,Historical,537474,0,0,D,0,0,319956,47.6,2011,49,40.33,13.99
26658,Historical,56337,1,3,D,9,1,391756,55.4,2008,70,35.94,23.99
26659,Historical,641975,1,2,D,10,1,97832,60.6,2013,39,35.94,34.94
26660,Historical,2253521,0,0,D,2,1,250438,61.59,2010,32,0,48.85
26661,Historical,621698,0,0,D,1,0,3309380,130,2003,30,105.49,39.98
26662,Historical,699682,0,0,D,1,0,4261732,199,2001,7,166.52,153.99
26663,Historical,270605,0,0,D,1,0,707951,89.99,2008,24,76.22,41.75
26664,Historical,894278,0,0,D,2,1,5041212,184,1994,11,207.33,697.35
26665,Historical,2485865,0,0,D,3,1,2400874,279,2003,12,207.33,156.09
26666,Historical,743326,0,0,D,4,1,2753964,95,2002,20,75.94,32.74
26667,Historical,621411,0,0,D,5,1,1257608,130,2007,20,75.94,107.75
26668,Historical,743256,1,1,D,1,0,977663,69,2001,21,49.84,15
26669,Historical,503523,0,0,D,9,1,1943446,104.95,2009,18,47.29,112.05
26670,Historical,632686,0,0,D,4,1,1509659,123.95,2005,21,106.75,175.57
26671,Historical,774982,0,0,D,3,1,2317900,85,1999,17,106.75,46.76
26672,Historical,263738,0,0,D,1,0,1800929,78.95,2006,13,53.99,40.98
26673,Historical,901669,0,0,D,1,0,5595940,99,2004,12,140.72,54.96
26674,Historical,608979,0,0,D,2,1,1547731,45.95,2005,26,38.98,15.96
26675,Historical,200239,0,0,D,2,1,1132251,82.95,2006,67,38.98,8.89
26676,Historical,105879,0,0,D,1,0,2718978,79,2003,17,30.92,46.13
26677,Historical,527326,0,0,D,2,1,640208,59.95,2008,20,47.04,43.25
26678,Historical,623553,0,0,D,3,1,1650607,99.95,2008,16,34.54,42.98
26679,Historical,235200,0,0,D,0,0,4328750,259,2003,12,127.28,72.06
26680,Historical,203521,0,0,D,0,0,7365970,119.95,2003,13,63.26,55.25
26681,Historical,527321,0,0,D,6,1,2096674,369,2009,15,120.02,220.34
26682,Historical,788788,0,0,D,3,1,7332830,199,2000,18,130.49,160.29
26683,Historical,789476,0,0,D,4,1,2279219,245,2005,19,130.49,80.77
26684,Historical,1466053,0,0,D,1,0,5203214,79.5,2007,12,48.99,147.17
26685,Historical,1951308,0,0,D,1,0,5141139,99,2011,11,108.9,39.26
26686,Historical,591366,0,0,D,2,1,1269765,261.95,2006,67,19.99,22.83
26687,Historical,582568,0,0,D,1,0,3922729,227.95,2002,40,19.99,7.99
26688,Historical,264235,0,0,D,1,0,240502,49.99,2004,41,23.54,31.7
26689,Historical,631535,0,0,D,3,1,646972,72.99,2011,31,11.68,17.12
26690,Historical,620146,0,0,D,2,1,1446668,66.95,2007,32,11.68,11.47
26691,Historical,778772,1,1,D,3,1,1187259,114.95,2005,29,6.97,63.74
26692,Historical,598230,0,0,D,6,1,353365,94.95,2008,76,4.47,11.17
26693,Historical,2406329,0,0,D,0,0,4267189,65,1992,13,77.85,113.53
26694,Historical,904395,0,0,D,0,0,2890860,47.5,1993,20,42.28,43.96
26695,Historical,2672251,0,0,D,3,1,7968246,467,2005,9,213.64,410.73
26697,Historical,641474,0,0,D,1,0,1963527,82.95,2010,10,0,0
26698,Historical,147040,0,0,D,1,0,150021,58.95,2006,19,39.77,46.97
26699,Historical,912522,1,2,D,1,0,1212812,66.05,2006,17,39.77,62.97
26700,Historical,577370,0,0,D,4,1,200366,83.99,2007,57,53.75,13.99
26701,Historical,545601,1,1,D,2,1,195437,103.95,2011,23,0,0
26702,Historical,249025,1,1,D,4,1,149498,110,2008,69,66.49,36.02
26703,Historical,720176,0,0,D,1,0,2931849,149.95,2002,22,126.15,41.94
26704,Historical,509849,0,0,D,4,1,1805923,150,2009,21,111.76,111.66
26705,Historical,789364,0,0,D,1,0,2755765,274.99,2004,17,167.89,9.99
26706,Historical,789020,0,0,D,3,1,3270756,210,2001,21,150.47,146.65
26707,Historical,368431,1,1,D,1,0,203545,36.95,2010,71,26.33,19.98
26708,Historical,2823632,0,0,D,5,1,3979745,325,1998,14,264.77,188.35
26709,Historical,654314,0,0,D,1,0,1368253,234.95,1992,24,65.99,76.98
26710,Historical,888406,1,1,D,12,1,2089263,89.95,2008,14,503.99,192.39
26711,Historical,906300,0,0,D,1,0,5738761,145.95,1994,19,92.98,8.98
26712,Historical,789058,0,0,D,2,1,2592499,49.95,2002,40,10.98,5.27
26713,Historical,617678,1,1,D,6,1,764809,91.95,2006,117,70.74,38.99
26714,Historical,711250,0,0,D,0,0,1145797,41.6,2000,19,26.29,46.63
26716,Historical,592330,0,0,D,1,0,2013402,99.95,2007,28,62.79,28.99
26717,Historical,270087,0,0,D,5,1,799628,214,2010,34,0,105.04
26718,Historical,269964,0,0,D,4,1,3290660,146,2006,18,0,23.99
26719,Historical,179186,0,0,D,8,1,1189975,178.95,2008,52,88.31,29.94
26720,Historical,179187,0,0,D,8,1,233183,142.95,2008,50,62.33,9.93
26721,Historical,170224,1,1,D,9,1,103067,135.95,2011,78,62.33,17.49
26722,Historical,532088,0,0,D,9,1,165834,76.95,2011,48,75.57,42.67
26723,Historical,51890,0,0,D,7,1,895874,133.95,2006,71,75.57,4.96
26724,Historical,291746,1,2,D,8,1,994327,81.95,2008,29,75.57,16.33
26725,Historical,51896,0,0,D,8,1,441013,267.95,2007,44,63.99,25
26726,Historical,205728,0,0,D,5,1,2758887,48,2001,26,20.98,45.29
26727,Historical,2404577,0,0,D,3,1,2968275,36,1988,26,0,31.99
26728,Historical,133070,0,0,D,13,1,178979,150,2009,75,109.5,57.09
26729,Historical,121066,1,2,D,1,0,4924813,47.33,1996,38,37.2,14.98
26730,Historical,910271,0,0,D,0,0,2358395,54.99,2004,28,50.45,28.99
26731,Historical,920696,0,0,D,2,1,90237,33.95,1999,35,17.96,34.99
26732,Historical,55714,1,1,D,10,1,49351,88,2011,104,55.71,17.99
26733,Historical,55713,1,3,D,9,1,370566,64.6,2008,89,55.71,28
26734,Historical,874322,1,1,D,1,0,321832,173.2,2007,108,147.63,11.91
26735,Historical,614184,0,0,D,2,1,190331,228,2011,140,147.63,33.83
26736,Historical,336215,0,0,D,1,0,3203365,43.95,1996,30,40.74,20.29
26737,Historical,175731,0,0,D,0,0,3082014,46.99,2005,33,23.57,47.62
26738,Historical,239101,0,0,D,4,1,408833,49.95,2004,42,63.98,77.55
26739,Historical,286139,1,1,D,0,0,2057734,94.8,2005,35,86.4,10.36
26740,Historical,920886,1,3,D,3,1,1032407,29.95,1989,51,63.98,14.49
26741,Historical,366635,0,0,D,0,0,4921271,49.95,2004,16,177.1,10.74
26742,Historical,317198,0,0,D,2,1,389536,138,2008,38,86.4,30.7
26743,Historical,828647,1,3,D,0,0,2653648,48.25,1999,17,88.52,4.99
26744,Historical,916310,0,0,D,0,0,1099916,37.95,2002,36,34.25,33.99
26745,Historical,620086,0,0,D,2,1,198052,68.95,2006,45,34.25,22.73
26746,Historical,774495,1,2,D,1,0,1261135,88.95,2004,53,104.13,60.56
26747,Historical,248817,1,1,D,3,1,375237,95.95,2009,64,73.52,28
26748,Historical,3134937,0,0,D,1,0,2915295,24,2003,17,29.16,45.51
26749,Historical,2565382,0,0,D,1,0,7925498,262.95,2000,15,59.71,107.7
26750,Historical,900739,1,1,D,1,0,893205,199.95,2011,21,53.98,52.81
26751,Historical,543571,0,0,D,1,0,2012884,197.95,2010,25,53.98,23.99
26752,Historical,105918,0,0,D,1,0,1875518,145,2004,26,92.18,63.75
26753,Historical,2750856,0,0,D,2,1,4171174,110,2003,17,14.07,54.76
26754,Historical,788754,0,0,D,1,0,2546674,129,1999,22,14.07,59.07
26755,Historical,623571,0,0,D,4,1,475503,54.99,2007,37,36.23,22.99
26756,Historical,54318,1,2,D,11,1,126413,204.95,2011,109,102.39,100.26
26757,Historical,54319,0,0,D,10,1,90974,215.95,2008,107,102.39,29.9
26758,Historical,54320,0,0,D,9,1,317322,227.95,2005,112,102.39,51.63
26759,Historical,386518,1,1,D,12,1,67209,183.95,2007,89,103.48,132.9
26760,Historical,251974,0,0,D,13,1,482080,183.95,2010,80,103.48,39.88
26761,Historical,60714,0,0,D,11,1,359482,87.95,2004,69,103.48,45.11
26762,Historical,875645,0,0,D,0,0,1539984,38.49,2008,34,49.23,45.58
26763,Historical,248448,0,0,D,12,1,490654,203.95,2008,64,49.23,37.99
26764,Historical,533891,0,0,D,7,1,217715,152.95,2010,66,97.33,43.99
26765,Historical,61068,0,0,D,6,1,466258,65.56,2007,44,97.33,33.99
26766,Historical,104580,1,1,D,7,1,443503,150,1997,32,84.31,112.44
26767,Historical,2010014,0,0,D,3,1,915258,88.5,2009,47,72.02,35.99
26768,Historical,318419,1,1,D,3,1,3357951,97.95,2001,26,42.99,29.74
26769,Historical,748217,0,0,D,3,1,3142176,28.99,2000,20,42.99,27.99
26770,Historical,710537,0,0,D,3,1,796660,69.33,1999,15,16.97,45.82
26771,Historical,607262,0,0,D,4,1,1146611,97.2,2002,27,16.97,51.89
26772,Historical,178608,0,0,D,9,1,1189906,128.95,2005,39,23.99,13.99
26773,Historical,533619,0,0,D,11,1,70179,281.95,2011,81,149.03,43.94
26774,Historical,875676,0,0,D,4,1,203933,111.73,2010,19,68.99,92.21
26775,Historical,630531,0,0,D,1,0,65969,214.25,2012,43,51.71,83.89
26776,Historical,919361,0,0,D,7,1,2888894,126.67,2005,36,13.73,18.96
26777,Historical,55840,0,0,D,5,1,36511,206.67,2009,104,160.99,17.99
26778,Historical,607188,0,0,D,6,1,4110649,92,2002,31,13.73,25
26779,Historical,617936,0,0,D,1,0,543040,135.61,2010,49,68.45,10.39
26780,Historical,53081,1,1,D,10,1,797183,47.94,2009,74,149.03,27.49
26781,Historical,53079,0,0,D,8,1,1055130,7.12,2005,64,149.03,4.91
26782,Historical,53157,1,7,D,9,1,69005,30.41,2008,105,119.98,27.95
26783,Historical,55839,0,0,D,4,1,651418,166.67,2006,103,160.99,12.46
26784,Historical,658610,1,1,D,1,0,1732331,206.75,2012,18,51.71,108.39
26785,Historical,53080,0,0,D,9,1,869554,346.95,2007,58,149.03,53.65
26786,Historical,53159,1,1,D,8,1,263825,29.94,2005,113,119.98,33.99
26787,Historical,55832,0,0,D,4,1,139222,171.8,2010,62,68.99,51.9
26788,Historical,766286,1,1,D,1,0,338355,111.95,2007,27,18.98,28.49
26789,Historical,860442,0,0,D,2,1,201482,101.95,2011,49,18.98,12.94
26790,Historical,107885,1,1,D,1,0,65381,103.92,2006,65,59.46,25.67
26791,Historical,620279,0,0,D,6,1,256850,58.88,2009,33,109.97,61.32
26792,Historical,250414,0,0,D,5,1,2913423,55,2005,23,109.97,5.99
26793,Historical,60717,0,0,D,3,1,627716,192.95,2002,27,33.56,67.49
26794,Historical,193738,0,0,D,2,1,607636,123.95,2011,25,79.29,43.49
26795,Historical,193607,0,0,D,1,0,1517917,89.95,2008,24,79.29,18.39
26796,Historical,533646,1,1,D,8,1,71281,202.95,2012,78,148.09,52.24
26797,Historical,52833,0,0,D,7,1,465510,214.95,2008,77,148.09,8.36
26798,Historical,1522476,0,0,D,0,0,5227081,52,2006,14,55.96,51.82
26799,Historical,54351,1,1,D,5,1,12685,220.6,2010,105,120.49,103.57
26800,Historical,114420,1,1,D,5,1,48956,106.67,2001,43,4,45.15
26801,Historical,116609,1,3,D,6,1,62171,181.4,2005,61,107.34,48.91
26802,Historical,213263,0,0,D,1,0,967927,81.95,2008,27,40.85,60.29
26803,Historical,51408,0,0,D,8,1,34059,289.95,2010,70,162.62,73.94
26804,Historical,290217,0,0,D,11,1,212860,76.4,2009,62,121.8,43.16
26805,Historical,54354,0,0,D,4,1,110923,144.2,2008,43,120.49,22.47
26806,Historical,51407,1,1,D,7,1,167389,306.95,2007,57,162.62,44.03
26807,Historical,163977,1,1,D,9,1,1908120,28.99,2004,56,121.8,25.67
26808,Historical,167029,0,0,D,10,1,938739,13.98,2007,60,121.8,23.95
26809,Historical,164945,1,1,D,1,0,820002,31.98,2000,34,98.59,45.82
26810,Historical,54353,0,0,D,3,1,1048496,138.2,2005,71,120.49,22.78
26811,Historical,51410,0,0,D,6,1,605104,158.95,2003,76,162.62,23.92
26812,Historical,696677,0,0,D,4,1,1328832,75,2009,23,99.97,39.64
26813,Historical,54843,1,1,D,4,1,53304,40.99,2009,71,99.97,45.55
26814,Historical,54844,0,0,D,3,1,360178,21.99,2008,91,99.97,23.99
26815,Historical,557132,0,0,D,1,0,2793047,68,2000,44,0,0
26816,Historical,461694,1,1,D,7,1,682858,195.95,2005,66,124.99,8.14
26817,Historical,179152,0,0,D,8,1,107884,302.95,2008,93,124.99,52.49
26818,Historical,872429,0,0,D,4,1,456692,103,2002,44,76.4,35
26819,Historical,177339,0,0,D,3,1,3598053,44.95,2005,32,46.86,8.1
26820,Historical,874651,0,0,D,4,1,934233,77.95,2008,43,46.86,23.6
26821,Historical,527292,0,0,D,5,1,98661,73.95,2011,61,46.86,53.39
26822,Historical,724818,0,0,D,1,0,4414751,110,2006,25,21.95,18.67
26823,Historical,800843,0,0,D,3,1,958140,62,2007,26,41.6,98.25
26824,Historical,770557,0,0,D,3,1,1068822,97.95,2002,37,104.68,12.72
26825,Historical,290587,0,0,D,2,1,118007,84.42,2008,72,53.39,41.94
26826,Historical,55827,0,0,D,4,1,4083841,132.4,2001,27,37.31,38.99
26827,Historical,226081,0,0,D,6,1,174832,83.95,2007,18,56.5,43.48
26828,Historical,262588,0,0,D,3,1,3059271,37.95,2000,30,36.71,29.99
26829,Historical,248228,0,0,D,0,0,523814,103,2011,22,0,0
26830,Historical,164803,0,0,D,2,1,1773993,23.99,2000,46,87.99,27.97
26831,Historical,54037,0,0,D,7,1,59354,103.4,2011,93,57.06,70.06
26832,Historical,54038,0,0,D,6,1,74274,86.6,2008,155,57.06,18.83
26833,Historical,53472,0,0,D,4,1,1359446,155.95,2006,56,54.09,6.99
26834,Historical,53471,1,1,D,6,1,32092,128.95,2011,89,54.09,21.94
26835,Historical,53473,1,3,D,5,1,1062794,135.95,2008,99,54.09,13.65
26836,Historical,852954,0,0,D,2,1,4766883,60,2001,18,53.83,10.98
26837,Historical,108289,1,1,D,3,1,438689,43.1,2005,34,53.83,43.04
26838,Historical,911218,0,0,D,0,0,408948,47.9,2007,24,68.99,51.33
26839,Historical,126124,0,0,D,2,1,569436,51.5,2000,49,28.99,13.14
26840,Historical,203644,0,0,D,4,1,3366860,53.95,2003,34,43.38,8.99
26841,Historical,577404,0,0,D,5,1,1027308,72.95,2007,69,43.38,10.97
26842,Historical,132340,0,0,D,6,1,128931,156,2007,59,88.56,32.98
26843,Historical,131660,0,0,D,5,1,667357,138.2,2003,64,88.56,22.99
26844,Historical,877259,0,0,D,11,1,2329724,52.91,2005,41,81.55,29.14
26845,Historical,262743,1,2,D,6,1,399024,57.95,2008,74,43.13,43.01
26846,Historical,53252,1,1,D,12,1,238166,227.95,2009,65,81.55,28.99
26847,Historical,55822,0,0,D,2,1,2257218,75.8,2002,56,77.19,44.11
26848,Historical,619881,0,0,D,2,1,743394,96,2002,65,84.09,41.61
26849,Historical,55823,0,0,D,3,1,448640,105.8,2006,53,77.19,43.99
26850,Historical,53251,0,0,D,11,1,434919,156.95,2006,56,81.55,10.99
26851,Historical,108288,1,1,D,2,1,153454,13.49,2004,33,34.99,13
26852,Historical,527287,0,0,D,2,1,517273,0,2004,24,34.99,82.68
26853,Historical,262804,0,0,D,2,1,182034,55.95,2011,24,34.99,22.94
26854,Historical,55824,0,0,D,4,1,66600,125.8,2010,47,77.19,48.93
26855,Historical,193260,0,0,D,0,0,3873614,54,2002,29,51.44,10.99
26856,Historical,293209,0,0,D,2,1,1487928,72,2007,32,51.44,11.63
26857,Historical,760983,1,2,D,2,1,2655717,175,1997,23,120.49,137.63
26858,Historical,905546,0,0,D,1,0,1064187,150,1993,19,124.87,80.49
26859,Historical,221714,0,0,D,4,1,3809492,81.95,2001,20,82.05,83.47
26860,Historical,231206,0,0,D,3,1,1205645,69,2000,25,48.36,40.98
26861,Historical,191795,0,0,D,2,1,182668,0,1995,31,32.58,48.41
26862,Historical,2668653,0,0,D,0,0,1526791,125.7,1994,29,41.84,39.98
26863,Historical,537989,0,0,D,1,0,723092,85.95,1994,45,107.14,82.87
26864,Historical,641774,0,0,D,2,1,420564,129,2003,28,107.14,98.09
26865,Historical,534178,1,7,D,1,0,1099470,59.95,2010,43,58.6,6
26866,Historical,613968,0,0,D,2,1,648990,69.75,2011,59,58.6,18.99
26867,Historical,544715,0,0,D,3,1,87614,69.95,2013,64,58.6,28.99
26868,Historical,1959335,0,0,D,3,1,1885923,69.95,2012,12,0,49.5
26869,Historical,221826,0,0,D,1,0,2785170,220,2005,10,154.46,200.79
26870,Historical,889503,0,0,D,1,0,7352585,49.95,1999,13,28.64,112.06
26871,Historical,898161,0,0,D,2,1,6344746,83.95,1996,11,83.99,50.88
26872,Historical,386969,0,0,D,3,1,914378,79.95,2007,25,78.19,60.63
26873,Historical,616174,1,4,D,14,1,29633,92.99,2012,73,66.56,30.68
26874,Historical,299855,0,0,D,13,1,519563,83.99,2009,78,66.56,32.92
26875,Historical,555343,1,1,D,1,0,5474463,55,1997,23,34.28,27.54
26877,Historical,891689,0,0,D,1,0,3216091,250,2005,8,91.8,49.92
26878,Historical,889543,0,0,D,3,1,4434200,340,2000,13,234.46,73.5
26879,Historical,906059,0,0,D,4,1,3908052,373,2005,17,234.46,108.79
26880,Historical,2176688,0,0,D,2,1,5219180,165,2006,14,97.18,84.09
26881,Historical,3148402,0,0,D,0,0,4868058,120,2001,17,97.18,73.99
26882,Historical,2261956,0,0,D,2,1,1803952,30.53,2009,45,0,32.72
26883,Historical,57935,1,1,D,6,1,37056,76.49,2011,79,77.92,29.46
26884,Historical,527272,0,0,D,7,1,752921,121.95,2012,25,53.99,19.99
26885,Historical,620585,0,0,D,6,1,898872,74.95,2007,44,57.95,43.99
26886,Historical,536382,1,15,D,7,1,4492,104,2012,193,34.99,23.97
26887,Historical,52579,1,2,D,6,1,40937,95.95,2010,368,34.99,13.74
26888,Historical,52577,0,0,D,5,1,1280953,82.95,2007,209,34.99,4.9
26889,Historical,248827,0,0,D,2,1,1151866,80.95,2008,113,27.92,15.46
26890,Historical,609564,0,0,D,2,1,1635339,54.95,2006,24,30.88,13.98
26891,Historical,592367,0,0,D,3,1,902435,60.95,2009,49,30.88,15.69
26892,Historical,57934,0,0,D,5,1,1137530,13.02,2004,83,77.92,11.99
26893,Historical,360017,0,0,D,7,1,219969,79.95,2011,40,57.95,56
26894,Historical,533477,1,1,D,7,1,188029,99.95,2011,353,53.99,26.49
26895,Historical,54682,0,0,D,6,1,779050,85.95,2008,210,53.99,13.48
26896,Historical,422435,1,1,D,2,1,107129,129.2,2012,77,96.89,34.99
26897,Historical,116935,0,0,D,1,0,228205,109.95,2009,96,96.89,8.79
26898,Historical,901060,0,0,D,1,0,1066763,65.45,1999,18,21.94,33.99
26899,Historical,577395,0,0,D,1,0,1968283,68.95,2005,38,15.79,13.19
26900,Historical,367115,0,0,D,1,0,1568481,57.95,2005,40,15.79,28.99
26901,Historical,609918,1,2,D,4,1,8201,115.8,2013,65,45.95,85.12
26902,Historical,55709,0,0,D,3,1,66334,110.4,2010,286,45.95,26.99
26903,Historical,624380,0,0,D,1,0,1493581,75.95,2008,38,24.75,18.99
26904,Historical,667444,1,6,D,4,1,1269196,0,2010,19,76.97,10.91
26905,Historical,477744,1,1,D,4,1,519746,87,2010,85,76.97,18.79
26906,Historical,918190,0,0,D,3,1,2281917,129.95,2002,30,45.23,6.09
26907,Historical,329974,1,2,D,1,0,936516,61.95,2009,24,44.98,144.63
26908,Historical,477680,0,0,D,1,0,608644,99.95,2010,36,0,0
26909,Historical,210950,0,0,D,4,1,66694,79.95,2007,52,68.54,38.98
26910,Historical,877238,1,5,D,2,1,1105025,35,2005,24,29.44,12.39
26911,Historical,254006,0,0,D,7,1,1539993,121.95,2011,14,110.73,14.72
26912,Historical,743802,0,0,D,5,1,3892026,113,2007,10,56.09,21.24
26913,Historical,743930,0,0,D,6,1,1871627,69.95,2010,12,56.09,5.44
26914,Historical,540993,0,0,D,7,1,730403,152.68,2012,13,56.09,145.88
26915,Historical,522983,0,0,D,8,1,984455,163.16,2012,12,184.69,158.84
26916,Historical,501166,0,0,D,8,1,1146337,79.95,2012,12,184.69,58.08
26917,Historical,616955,1,1,D,1,0,99648,35.95,2007,149,23.93,18.94
26918,Historical,294842,1,4,D,3,1,24843,155,2011,69,48.99,45.98
26919,Historical,285041,0,0,D,7,1,875930,198,2008,51,112.93,31.69
26920,Historical,606756,0,0,D,6,1,796602,174,2005,53,112.93,19.59
26921,Historical,106832,0,0,D,8,1,426605,61,2011,64,23.97,16.09
26922,Historical,606779,0,0,D,7,1,767855,58.95,2008,76,23.97,12.19
26923,Historical,700677,0,0,D,6,1,2442220,52.95,2005,30,40.61,10.99
26924,Historical,106560,0,0,D,7,1,1197777,54.95,2008,41,40.61,16.89
26925,Historical,106800,0,0,D,8,1,67536,213,2011,71,112.93,42.99
26926,Historical,610294,1,1,D,3,1,23894,189,2013,56,61.68,35.3
26927,Historical,106725,0,0,D,2,1,177859,162,2010,52,61.68,20.74
26928,Historical,106246,1,2,D,1,0,1374017,135,2007,34,61.68,45.99
26929,Historical,914118,0,0,D,1,0,4632974,49.95,2002,17,29.43,18.94
26930,Historical,206346,0,0,D,3,1,3553992,100,2005,15,75.62,22.99
26931,Historical,618211,0,0,D,2,1,1506719,57.95,2006,36,29.43,10.99
26932,Historical,629780,0,0,D,3,1,689113,46.95,2010,27,41.8,34.87
26933,Historical,630049,1,4,D,4,1,171976,71,2010,51,33.06,35.19
26934,Historical,542911,0,0,D,3,1,1266252,53.25,2007,24,33.06,14.98
26935,Historical,617383,1,1,D,1,0,742467,49.95,2009,37,28.8,10.76
26936,Historical,544637,1,1,D,7,1,131097,128.95,2012,66,71.15,53.08
26937,Historical,200580,0,0,D,6,1,768880,98.95,2010,51,71.15,28.84
26938,Historical,576763,0,0,D,3,1,3921742,51.31,2006,23,46.79,10.99
26939,Historical,293898,0,0,D,3,1,1277811,70.58,2006,44,46.79,31.29
26940,Historical,200724,0,0,D,4,1,499604,89,2009,66,46.79,14.93
26941,Historical,545149,1,3,D,4,1,226251,189.95,2008,74,55.99,23.96
26942,Historical,631608,0,0,D,2,1,755749,65,2009,55,43.59,7.77
26943,Historical,621986,0,0,D,1,0,524133,112,2008,32,61.36,75.85
26944,Historical,202237,0,0,D,2,1,208999,99.95,2003,43,64.61,37.75
26945,Historical,649820,0,0,D,1,0,1892606,64.95,2012,23,0,19.99
26946,Historical,620287,0,0,D,1,0,287985,65.2,2008,23,0,0
26947,Historical,2560123,0,0,D,2,1,2482256,126,1979,32,83.96,28.98
26948,Historical,548047,1,1,D,0,0,3606202,39.45,1989,19,34.41,57.45
26949,Historical,322460,1,7,D,4,1,19248,175.4,2012,116,93.94,37.09
26950,Historical,55703,1,2,D,3,1,1782136,47,1999,31,70.48,7.61
26951,Historical,55705,0,0,D,5,1,397279,95.4,2007,25,70.48,224.46
26952,Historical,55704,0,0,D,4,1,102264,78.8,2002,48,70.48,27.19
26953,Historical,60720,1,1,D,4,1,2768885,60,2002,48,73.39,24.08
26954,Historical,118883,1,3,D,5,1,1284805,74.2,2007,42,73.39,44.23
26955,Historical,712358,0,0,D,4,1,2368042,65,2002,27,24.8,28.99
26956,Historical,623877,0,0,D,5,1,652792,78,2007,27,24.8,48.65
26957,Historical,118204,0,0,D,5,1,134243,78,2007,27,53.98,48.09
26958,Historical,870246,0,0,D,0,0,2381819,256.58,2003,29,12.42,79.81
26959,Historical,131588,1,1,D,1,0,156614,114.6,2003,89,12.42,51.59
26960,Historical,622007,0,0,D,3,1,873341,59.95,2007,54,37,21.61
26961,Historical,208610,0,0,D,2,1,236199,56,1999,62,3.99,8.98
26962,Historical,132419,0,0,D,3,1,255884,74.33,2007,24,50.46,132.31
26963,Historical,118163,1,1,D,8,1,245169,80.2,2007,49,36.51,38.99
26964,Historical,114473,0,0,D,7,1,2490694,73.6,2002,46,36.51,12.99
26965,Historical,177328,0,0,D,1,0,899843,163.95,2005,41,50.6,28.99
26966,Historical,110777,1,3,D,5,1,63198,42.48,2010,87,102.01,43.98
26967,Historical,55701,0,0,D,3,1,1310210,93.95,1999,29,116.8,43.95
26968,Historical,55702,0,0,D,4,1,453864,273.95,2004,47,116.8,28.74
26969,Historical,60721,1,1,D,1,0,1817470,90.6,2004,36,60.99,23.44
26970,Historical,60722,0,0,D,1,0,2071241,98.95,1997,26,45.98,40.11
26971,Historical,200572,1,1,D,1,0,341581,111.95,2010,76,59.5,35.61
26972,Historical,55820,0,0,D,8,1,156606,52.75,2011,58,94.37,38.99
26973,Historical,538025,0,0,D,6,1,1337433,6.52,2004,88,88.99,20.46
26974,Historical,57248,1,1,D,8,1,27049,85.95,2010,57,46.57,53.92
26975,Historical,717525,0,0,D,7,1,2897634,92.95,1998,46,41.49,31.94
26976,Historical,535321,1,2,D,12,1,41195,203.95,2013,69,105.99,122.59
26977,Historical,533657,0,0,D,11,1,86700,223.95,2010,50,105.99,73.65
26978,Historical,60725,1,3,D,10,1,497402,218.95,2008,46,105.99,40.59
26979,Historical,710563,0,0,D,8,1,1579343,67,1999,34,11.42,23.99
26980,Historical,53200,1,1,D,7,1,190537,38.99,2007,40,88.99,29.98
26981,Historical,53199,1,1,D,8,1,53464,31.89,2010,75,88.99,27.99
26982,Historical,554687,0,0,D,8,1,2409628,150.95,2002,36,41.49,58.37
26983,Historical,451714,0,0,D,10,1,486509,208.95,2008,43,41.49,79.21
26984,Historical,57245,1,1,D,7,1,226179,79.95,2008,65,46.57,33.74
26985,Historical,57244,0,0,D,6,1,342351,79.95,2005,77,46.57,12.55
26986,Historical,55819,0,0,D,7,1,132543,0,2007,21,94.37,190.93
26987,Historical,624676,1,3,D,1,0,27488,89.95,2012,37,0,0
26988,Historical,3614324,0,0,D,2,1,1104601,39.95,1983,76,0,42.77
26989,Historical,60726,0,0,D,9,1,900277,165.95,2005,36,41.49,48.01
26990,Historical,217277,0,0,D,2,1,1287396,32,2006,86,27.15,23.99
26991,Historical,914987,0,0,D,0,0,910506,35.95,2000,27,30.04,44.48
26992,Historical,911112,0,0,D,2,1,905594,42.95,2004,34,45.38,40.67
26993,Historical,60724,1,1,D,3,1,2593298,63.95,2000,37,43.98,26.93
26994,Historical,169365,0,0,D,5,1,649092,187.95,2007,48,85.89,51.15
26995,Historical,60723,1,3,D,4,1,1347079,94.95,2002,56,85.89,44.93
26996,Historical,243906,0,0,D,6,1,400706,177.95,2011,36,85.89,58.77
26997,Historical,222220,0,0,D,1,0,427036,80,2010,34,0,0
26998,Historical,217349,0,0,D,4,1,784805,40,2012,26,33.98,33.98
26999,Historical,217288,0,0,D,3,1,1940879,38,2007,31,33.98,21.49
27000,Historical,355646,0,0,D,0,0,941414,62.95,2003,33,0,0
27001,Historical,887707,0,0,D,2,1,7565236,24.95,1997,19,28.99,16.38
27002,Historical,906200,0,0,D,2,1,5277488,29.95,2000,20,28.99,58.51
27003,Historical,620640,0,0,D,2,1,2426343,147.95,2001,24,71.41,30.75
27004,Historical,550454,1,2,D,3,1,196363,100.5,2012,36,69.44,44.3
27005,Historical,527255,1,4,D,3,1,140205,76.95,2011,39,56.57,76.95
27006,Historical,386548,0,0,D,2,1,568127,62.95,2007,44,56.57,22.98
27007,Historical,270797,1,3,D,5,1,17881,79.99,2011,95,51.54,44.03
27008,Historical,367123,0,0,D,4,1,72231,66.99,2007,82,51.54,37.21
27009,Historical,609217,0,0,D,3,1,912610,59.95,2008,55,58.94,38.94
27010,Historical,270982,1,1,D,4,1,20884,75.99,2011,70,58.94,17.49
27011,Historical,607282,0,0,D,7,1,389648,59.2,2004,30,75.89,36.98
27012,Historical,553600,1,2,D,8,1,65621,89.2,2009,94,75.89,78.15
27013,Historical,2258908,1,1,D,1,0,904542,37.4,2007,36,18.19,53.8
27014,Historical,631712,1,1,D,1,0,1145210,53.33,2007,39,18.19,25
27015,Historical,249727,0,0,D,1,0,1214281,120.95,2006,30,33.99,51.38
27016,Historical,615647,0,0,D,2,1,702504,42.95,2003,38,24.69,38.42
27017,Historical,286188,1,1,D,10,1,244355,32.4,2009,36,27.38,38.99
27018,Historical,533369,0,0,D,6,1,16263,51.6,2012,40,34.54,36.93
27019,Historical,56269,1,1,D,5,1,47838,44.99,2008,101,34.54,13.94
27020,Historical,235117,0,0,D,3,1,247534,34.95,2005,51,21.93,19.47
27021,Historical,619032,0,0,D,0,0,235564,44.95,2003,43,36.77,47.69
27022,Historical,2664304,0,0,D,3,1,2559817,67,1997,21,73.02,26.56
27023,Historical,2524327,0,0,D,2,1,1916918,54.95,2005,17,71.96,75.46
27024,Historical,157537,0,0,D,4,1,566466,41.95,2009,30,53.03,23.99
27025,Historical,428532,1,1,D,3,1,84571,158,2010,63,86.58,85.78
27026,Historical,710469,1,1,D,0,0,2379772,83,2002,30,86.58,51.2
27027,Historical,422019,0,0,D,2,1,269599,111.8,2006,51,86.58,23.99
27028,Historical,405179,1,2,D,3,1,1064576,48.95,2004,37,53.03,42.99
27029,Historical,3552995,0,0,D,0,0,2904532,62.5,1995,32,0,38.98
27030,Historical,144606,0,0,D,1,0,969834,59.99,2004,68,34.59,8.69
27031,Historical,1932504,1,1,D,1,0,258765,49.99,2013,25,25.48,12
27032,Historical,614440,1,1,D,1,0,907262,64.99,2006,56,22.53,8.81
27033,Historical,621442,0,0,D,0,0,530254,54.99,2005,27,0,28.74
27034,Historical,1719620,1,10,D,0,0,677038,75,2007,27,0,59.71
27035,Historical,582477,1,2,D,2,1,90656,100,2009,41,0,57.92
27036,Historical,225798,0,0,D,2,1,1806247,106.95,2003,25,81.57,57.26
27037,Historical,891313,0,0,D,0,0,4142903,99.95,1999,13,81.57,61.41
27038,Historical,259244,0,0,D,1,0,2222432,39.95,2002,54,31.2,5.66
27039,Historical,527242,0,0,D,2,1,864809,44.99,2006,36,31.2,12
27040,Historical,773454,0,0,D,1,0,1813733,184.95,2005,40,64.38,10.85
27041,Historical,161669,0,0,D,2,1,1416439,59.99,2007,41,28,12.79
27042,Historical,624488,0,0,D,0,0,776222,59.99,2003,30,28,29.97
27043,Historical,162755,1,3,D,3,1,355310,59.99,2009,53,28,21.99
27044,Historical,620258,1,1,D,7,1,195161,71.95,2010,56,61.21,13.76
27045,Historical,661209,1,2,D,7,1,412049,82.95,2010,27,58.82,53.93
27046,Historical,636197,1,1,D,6,1,1168407,61.95,2006,27,58.82,23.99
27047,Historical,614488,0,0,D,6,1,891127,61.95,2006,74,61.21,6.99
27048,Historical,231557,0,0,D,2,1,2856426,31.95,2004,15,33.99,52.31
27049,Historical,231555,0,0,D,3,1,1411963,46.95,2007,25,33.99,6.48
27050,Historical,200215,1,1,D,2,1,4258474,79.95,2006,31,10.07,4.39
27051,Historical,904840,0,0,D,1,0,5268370,59.95,2003,20,48.06,48.61
27052,Historical,613793,0,0,D,1,0,1226829,74,2003,49,43.99,14.04
27053,Historical,57931,1,1,D,2,1,879128,54.95,2003,70,54.18,13.94
27054,Historical,57932,1,2,D,3,1,207541,85.95,2008,36,54.18,45.79
27055,Historical,537521,0,0,D,22,1,88039,39.97,2012,66,55.49,39.97
27056,Historical,111995,0,0,D,21,1,288972,54.25,2011,61,55.49,24.51
27057,Historical,663603,1,1,D,23,1,66347,43.52,2013,45,55.49,46.63
27058,Historical,109064,0,0,D,9,1,234451,125.75,2006,24,93.59,19.98
27059,Historical,110405,1,1,D,10,1,174129,71.97,2010,46,93.59,53.98
27060,Historical,550269,0,0,D,9,1,1248789,18.98,2005,53,93.59,18.98
27061,Historical,276091,0,0,D,3,1,1336730,44.95,2003,22,89.98,19.3
27062,Historical,547080,1,1,D,4,1,127096,54.95,2009,28,89.98,52.99
27063,Historical,763167,0,0,D,1,0,2720795,79.95,2000,17,23.23,17.99
27064,Historical,218730,0,0,D,1,0,508802,149,2008,26,56.67,52.98
27065,Historical,608169,1,1,D,3,1,3583467,129.75,1999,23,203.98,28.99
27066,Historical,849668,0,0,D,0,0,4278275,34.36,1999,18,203.98,72.69
27067,Historical,566306,0,0,D,2,1,319146,0,1996,28,0,0
27068,Historical,566551,0,0,D,3,1,425449,53.99,2000,22,113.47,53.46
27069,Historical,146172,0,0,D,2,1,931190,185.4,2009,30,143.99,71.31
27070,Historical,640571,0,0,D,1,0,905672,135,2007,23,136.52,67.88
27071,Historical,129037,0,0,D,0,0,1297838,66.44,2005,24,89.98,76.52
27072,Historical,192081,0,0,D,1,0,782179,46.98,2005,47,89.98,6.59
27073,Historical,1475488,1,12,D,2,1,1448498,72.74,2013,8,141.25,54.03
27074,Historical,60729,0,0,D,1,0,1372180,162.6,2005,63,143.99,36.99
27075,Historical,774296,0,0,D,8,1,2063032,85.2,2006,27,68.95,45.4
27076,Historical,545163,0,0,D,9,1,323137,0,2010,44,68.95,55.13
27077,Historical,252663,0,0,D,9,1,493811,86.06,2010,28,73.79,113.02
27078,Historical,774297,1,3,D,8,1,2826999,85.2,2006,22,73.79,32.52
27079,Historical,803793,0,0,D,1,0,2608774,189,2005,15,122.98,79.64
27080,Historical,635147,0,0,D,2,1,1545383,206,2009,20,122.98,98.98
27081,Historical,584032,0,0,D,0,0,4126784,62,1995,19,24.82,55
27082,Historical,147227,1,2,D,2,1,386567,82.95,2006,69,53.94,23.97
27083,Historical,212541,0,0,D,11,1,126498,92.73,2005,27,47.89,22.93
27084,Historical,146099,0,0,D,12,1,442572,121.67,2009,33,47.89,24.98
27085,Historical,529710,0,0,D,6,1,286970,171.66,2011,31,73.99,63.98
27087,Historical,53982,0,0,D,5,1,374480,99.95,2007,469,73.99,6.97
27088,Historical,908357,0,0,D,8,1,2097468,18.99,2004,22,53.98,18.99
27089,Historical,629095,1,3,D,4,1,22537,99,2013,66,59.99,53.99
27090,Historical,566418,0,0,D,2,1,622636,22.79,2001,42,10.29,22.98
27091,Historical,126513,0,0,D,3,1,114290,102.95,2003,47,59.99,41.32
27092,Historical,711818,0,0,D,7,1,1068287,93,2001,73,53.98,14.99
27093,Historical,51436,0,0,D,13,1,165488,110.63,2009,56,122.28,33.99
27094,Historical,517747,1,2,D,1,0,247382,22.98,2010,69,48.98,22.79
27095,Historical,915877,0,0,D,5,1,1932203,114,2003,35,34.36,18.98
27096,Historical,533883,1,1,D,8,1,651319,109.14,2008,44,75.99,45.02
27097,Historical,60731,0,0,D,5,1,235456,241.95,2004,34,42.14,54.31
27098,Historical,631696,0,0,D,2,1,519017,91.95,2008,39,43.98,57.48
27099,Historical,789267,0,0,D,4,1,2310639,235,2004,7,134.85,48.74
27100,Historical,908329,0,0,D,1,0,2983013,150,2004,23,128.17,75.74
27101,Historical,603372,0,0,D,2,1,987768,165,2009,28,128.17,48.99
27102,Historical,803878,0,0,D,3,1,1676909,239,2006,11,228.21,165.3
27103,Historical,593978,0,0,D,4,1,661272,315,2010,17,228.21,172.21
27104,Historical,257587,0,0,D,2,1,240764,0,2001,16,0,0
27105,Historical,903130,0,0,D,1,0,2434612,106.95,2005,16,44.51,74.99
27106,Historical,293104,0,0,D,3,1,1169935,142.95,2004,22,53.98,63.83
27107,Historical,210929,1,1,D,5,1,142348,89.95,2006,97,47.79,38.94
27108,Historical,51842,1,1,D,9,1,30212,64.48,2011,59,76.72,132.49
27109,Historical,51843,0,0,D,8,1,134695,35.99,2008,56,76.72,63.98
27110,Historical,51841,1,1,D,7,1,307309,10.99,2006,62,76.72,22.49
27111,Historical,575942,1,1,D,3,1,2640592,53.01,2011,16,43.95,33.99
27112,Historical,575885,0,0,D,2,1,7839920,46.12,2007,12,43.95,12.99
27113,Historical,903209,0,0,D,0,0,4184858,124,2003,19,115.99,52.12
27114,Historical,576643,0,0,D,1,0,700146,77.95,2007,27,36.48,25
27115,Historical,255790,0,0,D,1,0,833748,57.95,2008,49,48.99,13.99
27116,Historical,3244532,0,0,D,3,1,855017,47.62,2005,46,73.38,42.04
27117,Historical,574480,0,0,D,3,1,207512,96.95,2006,50,73.38,28.5
27118,Historical,1562705,0,0,D,4,1,2411392,99.95,2011,25,84.58,72.99
27119,Historical,51999,0,0,D,12,1,523717,104.53,2007,58,65.45,47.61
27120,Historical,903904,0,0,D,0,0,1388531,103,2004,12,60.7,36.82
27121,Historical,2261245,0,0,D,4,1,5284503,78.76,2009,30,27.75,35.98
27122,Historical,248838,0,0,D,1,0,1263960,67.95,2006,20,59.87,78.45
27123,Historical,527216,0,0,D,2,1,598766,79.95,2010,26,59.87,49.99
27124,Historical,789748,0,0,D,3,1,1233690,59.99,2008,24,24.99,17.5
27125,Historical,789385,0,0,D,2,1,3226270,49.95,2005,18,24.99,46.85
27126,Historical,298395,0,0,D,4,1,838851,99.95,2008,61,27.75,24.8
27127,Historical,159437,0,0,D,2,1,698313,51.95,2003,37,4,21.27
27128,Historical,200314,0,0,D,1,0,1904475,166.95,2004,23,71.77,122.53
27129,Historical,778671,1,1,D,9,1,3561016,84.95,2008,15,78.11,28.99
27130,Historical,613710,1,1,D,0,0,90723,97.95,2013,129,10.53,13.26
27131,Historical,623785,1,1,D,0,0,310863,97.95,2014,108,10.53,18.23
27132,Historical,2363112,0,0,D,0,0,3623799,51,1991,21,60.87,51
27133,Historical,742005,1,1,D,4,1,1201540,94.09,2010,20,80.26,51.96
27134,Historical,712538,0,0,D,4,1,2929212,88,2001,33,144.58,61.33
27136,Historical,51330,0,0,D,4,1,392652,110,2006,52,43.97,37.94
27137,Historical,109953,0,0,D,1,0,1223941,19.89,2007,37,181.44,15.82
27138,Historical,715311,0,0,D,0,0,4115946,13.45,2007,20,128.19,60.23
27139,Historical,527195,0,0,D,2,1,113023,331,2009,65,181.44,25.99
27140,Historical,51332,0,0,D,3,1,722581,100,2002,45,43.97,33.71
27141,Historical,551850,1,1,D,5,1,1637306,117.96,2003,32,144.58,20.03
27142,Historical,641656,0,0,D,6,1,347700,174.3,2006,26,144.58,91.79
27143,Historical,52121,0,0,D,8,1,69877,107.62,2009,147,184.08,23.99
27144,Historical,61195,0,0,D,6,1,537119,313.95,2006,46,65.67,21.94
27145,Historical,177064,0,0,D,5,1,651391,214.95,2004,45,65.67,46
27146,Historical,619953,0,0,D,6,1,2335769,186.67,1999,30,59.88,33.73
27147,Historical,2415250,0,0,D,1,0,3783482,103.5,2005,10,67.35,96.94
27148,Historical,904356,0,0,D,2,1,1261586,330,2006,17,121.35,152.74
27149,Historical,254113,0,0,D,8,1,263498,433.95,2009,68,174.77,64.17
27150,Historical,169489,0,0,D,7,1,178833,433.95,2007,43,174.77,28.99
27151,Historical,57240,0,0,D,5,1,419558,74.9,2003,33,138.2,84.68
27152,Historical,878622,1,2,D,7,1,5884208,4.98,2008,21,142.58,4.98
27153,Historical,52853,1,4,D,3,1,55987,174.47,2000,81,103.96,28.99
27154,Historical,57239,0,0,D,5,1,479665,121.77,2003,31,138.2,83.77
27155,Historical,244104,0,0,D,8,1,417738,181,2010,69,142.58,23.99
27156,Historical,177080,1,2,D,6,1,234312,143.95,2003,67,127.38,18.95
27157,Historical,285774,1,3,D,3,1,797780,115.33,1999,84,97.19,20.93
27158,Historical,191728,1,2,D,5,1,1032521,79.5,2003,31,59.6,47.52
27159,Historical,298896,0,0,D,8,1,294123,286.95,2009,79,127.38,53.99
27160,Historical,261563,0,0,D,4,1,827996,66.53,1998,71,59.6,47.43
27161,Historical,170060,0,0,D,8,1,299033,403.95,2009,129,127.38,36.99
27162,Historical,60734,0,0,D,7,1,281102,275.95,2007,45,127.38,41.99
27163,Historical,145775,1,1,D,2,1,584795,295,2007,45,58.36,52.89
27164,Historical,870256,0,0,D,5,1,1308075,59.75,2003,34,40.28,51.44
27165,Historical,254112,0,0,D,8,1,324903,279.95,2010,80,153.22,106.36
27166,Historical,113948,0,0,D,3,1,167232,115.33,2000,106,0,8.99
27167,Historical,261564,0,0,D,4,1,956309,21.93,1998,55,40.28,18.71
27168,Historical,169488,0,0,D,7,1,187984,268.95,2007,56,153.22,23.38
27169,Historical,297908,1,4,D,8,1,536451,181,2011,42,95.98,68.98
27170,Historical,113947,1,1,D,3,1,146366,185.2,2000,38,103.96,69.99
27171,Historical,1582641,0,0,D,5,1,677520,68.25,2010,72,48.75,30.38
27172,Historical,293140,0,0,D,3,1,340450,122.95,2003,19,38.98,48.99
27173,Historical,54228,0,0,D,3,1,108936,180.73,2006,90,80.26,58.1
27174,Historical,52123,0,0,D,7,1,299468,76.3,2006,120,184.08,32.99
27175,Historical,60735,1,5,D,6,1,609529,240.95,2004,37,52.16,47.81
27176,Historical,179232,0,0,D,7,1,96087,218.95,2009,35,52.16,47.6
27177,Historical,57437,1,1,D,3,1,543743,245.95,2007,45,142.51,47.87
27178,Historical,606697,1,1,D,4,1,3840837,124.95,2001,29,65.67,10.19
27179,Historical,3149710,0,0,D,2,1,4838688,99,1987,15,128.66,73.35
27180,Historical,110464,0,0,D,6,1,169065,24.99,2008,73,99.49,23.99
27181,Historical,568859,0,0,D,1,0,1595964,125,2000,29,58.49,56.13
27182,Historical,2562541,0,0,D,1,0,1415149,175,1995,25,123.16,58.99
27183,Historical,833140,0,0,D,0,0,5313407,104.25,1993,12,35.74,26.91
27184,Historical,623179,0,0,D,2,1,540653,138,1981,42,50.31,101.39
27185,Historical,152745,0,0,D,0,0,2764819,159,2007,15,48.2,34.99
27186,Historical,2575932,0,0,D,1,0,7530860,0,1969,33,72.53,48.33
27187,Historical,712949,1,2,D,5,1,977535,122.63,2002,57,138.89,53.95
27188,Historical,623985,1,1,D,4,1,63152,186.6,2013,43,53.95,89.02
27189,Historical,533630,1,1,D,9,1,34285,183.5,2011,93,118.59,23.99
27190,Historical,561263,0,0,D,4,1,23989,175.8,2009,98,53.95,89.94
27191,Historical,54230,0,0,D,3,1,438417,115.67,2006,55,53.95,53.87
27192,Historical,52978,0,0,D,8,1,568550,24.99,2008,122,118.59,9.39
27193,Historical,613517,0,0,D,6,1,108201,156.4,2004,85,96.63,46.61
27194,Historical,541829,1,1,D,9,1,56584,183.5,2012,95,115.44,26.18
27195,Historical,420570,0,0,D,6,1,69194,146.4,2004,43,72.5,53.63
27196,Historical,56579,0,0,D,3,1,181339,115.67,2006,47,64.91,23.99
27197,Historical,60737,0,0,D,7,1,1071182,17.99,2006,68,115.44,17.89
27198,Historical,533884,0,0,D,8,1,580902,28.49,2009,80,115.44,14.43
27199,Historical,615510,0,0,D,0,0,134408,7.47,2011,43,16.99,4.09
27200,Historical,1517116,0,0,D,1,0,480108,41.8,2013,92,0,13.98
27201,Historical,540688,1,5,D,0,0,425689,39.8,2011,77,16.99,8.49
27202,Historical,628331,0,0,D,2,1,12759902,115,1996,15,47.68,12.49
27203,Historical,113070,0,0,D,2,1,849630,76.95,2007,20,45.24,73.65
27204,Historical,901416,0,0,D,1,0,3888039,76.95,2002,22,45.24,44.41
27205,Historical,609559,0,0,D,3,1,152248,59.95,2006,98,38.99,15.49
27206,Historical,495637,0,0,D,4,1,107285,63.95,2009,86,38.99,23.96
27207,Historical,190807,0,0,D,2,1,4364003,77.95,2004,11,85.09,130.89
27208,Historical,51405,1,1,D,9,1,168288,42.99,2006,69,113.99,19.95
27209,Historical,51406,0,0,D,10,1,57496,189.2,2009,78,113.99,61.93
27210,Historical,52596,1,1,D,4,1,184533,92,2007,154,81.7,10.98
27211,Historical,194210,1,4,D,5,1,14492,108,2011,110,81.7,9.39
27212,Historical,764676,1,5,D,5,1,800138,86.95,2001,30,131.25,52.85
27213,Historical,290917,1,3,D,6,1,700884,213.95,2007,27,134.72,75.51
27214,Historical,116129,0,0,D,1,0,434970,163.6,2007,40,114.98,123.06
27215,Historical,1719117,0,0,D,0,0,9202288,140,2008,17,38.79,37.97
27216,Historical,540935,0,0,D,5,1,117128,101,2012,52,0,30.99
27217,Historical,608008,0,0,D,4,1,715392,87.95,2006,65,0,45.05
27218,Historical,154246,1,2,D,3,1,70079,48.63,1996,42,110.74,35.54
27219,Historical,196634,0,0,D,2,1,705501,89.95,2001,24,41.62,66.28
27220,Historical,2373485,0,0,D,1,0,5028996,139,2003,10,0,88.99
27221,Historical,211019,0,0,D,6,1,1339080,89.95,2009,30,596.71,58.98
27222,Historical,645015,0,0,D,1,0,1563201,65,2008,46,60.3,39.87
27223,Historical,527181,0,0,D,2,1,476459,54.99,2009,68,7.11,21.11
27224,Historical,802650,0,0,D,9,1,701710,44.99,2008,43,30.62,4.36
27225,Historical,527180,0,0,D,11,1,599581,44.99,2012,55,30.62,38.39
27226,Historical,248516,0,0,D,10,1,1091910,44.99,2010,40,30.62,11.88
27227,Historical,1586106,0,0,D,1,0,3809873,160,2006,18,93.22,36.48
27228,Historical,2602379,1,1,D,0,0,2269404,106,2001,23,78.95,55.94
27229,Historical,1592545,0,0,D,2,1,803578,114.99,2010,20,78.95,54.97
27230,Historical,120314,0,0,D,9,1,427391,121,2008,39,81.37,57.55
27231,Historical,527178,0,0,D,10,1,46970,157.8,2012,46,81.37,106.4
27232,Historical,874640,0,0,D,2,1,2018043,42.6,2000,21,46.65,11.98
27233,Historical,131726,1,1,D,3,1,1703378,65.6,2004,40,46.65,27.99
27234,Historical,1452118,0,0,D,7,1,1992208,100,2012,34,90.91,62.57
27235,Historical,227625,1,1,D,7,1,343870,99.95,2009,30,90.91,13.93
27236,Historical,581680,0,0,D,6,1,1519685,0,2005,15,83.99,61.89
27237,Historical,2120088,1,1,D,2,1,568909,178.95,2007,13,176.63,9.94
27238,Historical,170026,1,1,D,4,1,287306,131.95,2010,33,70.09,70.44
27239,Historical,169164,1,2,D,3,1,769610,81.95,2006,43,70.09,6.96
27240,Historical,619676,0,0,D,1,0,2384292,60,1992,24,46.89,38.29
27241,Historical,889762,0,0,D,0,0,5425133,228,2004,15,43.99,85.54
27242,Historical,629510,0,0,D,1,0,942437,73.95,2004,37,43.99,25.94
27243,Historical,636579,0,0,D,1,0,291247,95,2006,29,56.69,46.35
27244,Historical,162943,0,0,D,3,1,141432,99,2011,32,56.69,68.15
27245,Historical,145853,1,3,D,5,1,181201,140.07,2009,65,103.99,52.6
27246,Historical,60738,1,3,D,4,1,238093,103.6,2004,56,103.99,11.27
27247,Historical,157651,1,2,D,3,1,139484,82.95,2008,38,153.99,47.61
27248,Historical,199145,0,0,D,3,1,1179652,71.95,2002,44,82.74,61.25
27249,Historical,495337,0,0,D,4,1,815047,92,2009,33,82.74,44.45
27250,Historical,899281,0,0,D,1,0,418535,44.95,1995,18,42.59,109.13
27251,Historical,826079,0,0,D,1,0,3061551,38,1994,37,32.71,28.98
27252,Historical,614962,0,0,D,2,1,207576,37,2001,92,32.71,17.49
27253,Historical,112745,1,2,D,4,1,708351,78.95,1997,33,53.88,40.22
27254,Historical,2851255,0,0,D,1,0,1824775,84.95,2003,16,62.13,55.99
27255,Historical,527171,1,2,D,4,1,484198,117.95,2006,62,47.88,67.9
27256,Historical,231603,1,1,D,5,1,90975,142.95,2010,66,47.88,88.93
27257,Historical,231565,0,0,D,3,1,393448,107.95,2007,44,61.86,73.12
27258,Historical,231564,0,0,D,2,1,1071961,92.95,2002,55,61.86,43.76
27259,Historical,2595045,0,0,D,0,0,3077314,51.99,1987,20,78.99,58.51
27260,Historical,2599176,0,0,D,2,1,1634302,94,1992,16,26.35,79.69
27261,Historical,2591921,0,0,D,1,0,9072700,32.95,1983,11,26.35,45.3
27262,Historical,110971,0,0,D,5,1,76941,99.95,2007,55,92.99,67.95
27263,Historical,53177,1,1,D,6,1,11338,108,2011,79,92.99,89.22
27264,Historical,108524,0,0,D,3,1,157083,59.8,2000,57,94.43,61.19
27265,Historical,898898,0,0,D,0,0,1371920,79.95,1994,23,85.52,69.76
27266,Historical,775054,0,0,D,2,1,4828561,299,2005,11,156.34,124.9
27267,Historical,660241,0,0,D,0,0,1578727,64.95,2007,14,84.46,55.2
27268,Historical,624533,1,1,D,2,1,542184,111.4,1999,17,115.92,126.46
27269,Historical,555610,0,0,D,1,0,2058243,78,2006,24,20.91,33.99
27270,Historical,115873,0,0,D,2,1,1599168,62.67,2004,31,79.11,43.77
27271,Historical,117019,0,0,D,3,1,599988,91.2,2007,30,79.11,49.07
27272,Historical,121252,0,0,D,5,1,216504,115,2010,38,92.49,36.69
27273,Historical,117295,0,0,D,4,1,890776,80,2006,39,92.49,9.94
27274,Historical,868202,1,2,D,5,1,557677,91.8,1999,48,88.94,17
27275,Historical,868209,1,1,D,6,1,452491,135.4,2004,25,88.94,56.43
27276,Historical,209158,0,0,D,1,0,3342586,61.95,1996,33,47.44,27.44
27277,Historical,920191,0,0,D,0,0,1176855,47.5,1991,60,44.7,10.3
27278,Historical,646136,1,1,D,2,1,1392655,48.95,2001,30,82.3,95.01
27279,Historical,920031,0,0,D,0,0,2157938,51.99,1993,56,22.74,7.98
27280,Historical,163775,0,0,D,1,0,1294635,90,1997,26,49.99,18.17
27281,Historical,57667,0,0,D,10,1,182151,171.95,2010,48,41.99,53.87
27282,Historical,57665,1,1,D,9,1,369646,183.95,2007,84,41.99,43.63
27283,Historical,1772704,1,1,D,4,1,305310,313.95,2011,17,130.46,310.19
27284,Historical,3229094,1,1,D,2,1,1269629,63.99,2005,39,130.46,61.38
27285,Historical,251941,0,0,D,3,1,1308892,266.95,2007,33,90.83,17.77
27286,Historical,789639,0,0,D,5,1,2567357,158.99,2007,19,89.69,53.98
27287,Historical,789029,0,0,D,4,1,7161958,129,2001,14,89.69,12.49
27288,Historical,902758,0,0,D,5,1,947181,94.95,2008,15,80.48,38.92
27289,Historical,1839616,0,0,D,3,1,4587786,49.99,2006,14,23.94,101.77
27290,Historical,2373671,1,1,D,3,1,1372946,89.33,2005,33,78.94,31.48
27291,Historical,2377722,0,0,D,0,0,9801617,106.67,1996,9,116.64,138.05
27292,Historical,788110,0,0,D,3,1,2496138,152.95,2000,23,128.97,14.98
27293,Historical,907462,0,0,D,4,1,3854645,64.99,2002,22,72.73,43.98
27294,Historical,609360,0,0,D,6,1,170238,79.99,2008,24,72.73,81.65
27295,Historical,217691,0,0,D,5,1,1621255,69.99,2005,18,72.73,73.55
27296,Historical,3132249,0,0,D,5,1,3901157,39.95,2003,17,49.67,13.99
27297,Historical,623459,1,1,D,7,1,111691,99,2011,45,58.98,56.67
27298,Historical,880666,1,1,D,5,1,387656,89,2005,98,58.98,13.42
27299,Historical,278976,1,11,D,6,1,122178,140,2009,64,58.98,39.23
27300,Historical,281079,1,1,D,2,1,1792385,69.95,2003,25,57.66,28.99
27301,Historical,281221,0,0,D,3,1,1013395,89.95,2007,17,57.66,185.27
27302,Historical,107307,0,0,D,1,0,463788,28.75,1999,28,23.94,8.2
27303,Historical,872182,0,0,D,2,1,2691473,0,2004,27,23.94,19.99
27304,Historical,108904,0,0,D,2,1,895456,17.99,2004,25,23.94,13.99
27305,Historical,527156,1,1,D,6,1,18172,56.95,2011,88,38.86,18.99
27306,Historical,533939,0,0,D,5,1,119143,44.95,2007,115,38.86,11.49
27307,Historical,60739,1,1,D,4,1,473668,39.95,2004,98,38.86,8.88
27308,Historical,248769,0,0,D,11,1,780773,39.95,2006,29,39.19,32.62
27309,Historical,495616,0,0,D,12,1,394642,40.95,2011,35,39.19,37.48
27310,Historical,775115,0,0,D,2,1,8101813,39.95,2002,11,48.98,48.91
27311,Historical,203601,0,0,D,0,0,1778356,49.95,2003,18,37.98,51.99
27312,Historical,546720,0,0,D,2,1,438208,59.99,2010,16,37.98,28.98
27313,Historical,778571,0,0,D,1,0,509100,60.95,2007,20,29.59,31.99
27314,Historical,592473,0,0,D,1,0,1054962,82.95,2007,16,23.19,25.94
27315,Historical,170181,0,0,D,4,1,240650,48.95,2011,83,35.34,15.98
27316,Historical,608785,1,1,D,2,1,837472,47.95,2006,99,35.34,4
27317,Historical,179205,1,1,D,3,1,433213,58.95,2008,76,35.34,12.97
27318,Historical,641652,0,0,D,0,0,1682163,69.99,2007,16,74.35,67.48
27319,Historical,700430,0,0,D,4,1,1998948,36.95,2003,27,27.18,12.77
27320,Historical,147165,1,3,D,5,1,3053270,34.95,2004,35,11.88,5.21
27321,Historical,141976,1,1,D,3,1,82878,37.99,2009,109,25.98,33.92
27322,Historical,879789,0,0,D,3,1,572773,46.49,2009,34,25.98,45.47
27323,Historical,545997,0,0,D,4,1,4825,32.76,2012,88,25.98,25.99
27324,Historical,643918,0,0,D,0,0,97933,61.99,2010,15,0,0
27325,Historical,621982,0,0,D,1,0,616244,54.99,2009,18,0,6.84
27326,Historical,288325,1,3,D,5,1,22952,26.61,2010,165,29.76,13.86
27327,Historical,536624,1,3,D,6,1,3903,27.11,2011,135,29.76,17.59
27328,Historical,559848,0,0,D,2,1,453258,24.98,2002,48,43.96,13.96
27329,Historical,740313,0,0,D,4,1,2331010,33.33,2004,66,28.6,9.91
27330,Historical,734294,0,0,D,4,1,2941768,10.97,2003,41,43.94,10.97
27331,Historical,560056,0,0,D,6,1,403990,95.93,2009,38,43.94,67.9
27332,Historical,125663,0,0,D,1,0,588921,110,1996,30,32.59,68.74
27333,Historical,560011,0,0,D,5,1,1417814,10.68,2006,54,43.94,10.48
27334,Historical,322740,0,0,D,6,1,747925,41.2,2008,60,28.6,32.95
27335,Historical,608212,1,1,D,3,1,408679,75,2007,29,54.91,41.77
27336,Historical,286411,0,0,D,1,0,990887,152,2008,87,9.56,8.01
27337,Historical,829551,0,0,D,4,1,1777459,52.95,2003,22,28.93,72.59
27338,Historical,700783,0,0,D,5,1,1225837,69,2006,23,28.93,60.55
27339,Historical,104137,1,1,D,2,1,2851658,22.97,2002,23,154.38,23.06
27340,Historical,115827,0,0,D,6,1,634267,104.4,2004,45,81.54,26.43
27341,Historical,527138,1,1,D,5,1,98507,92.95,2011,94,57.19,13.98
27342,Historical,533974,0,0,D,4,1,950772,89.95,2008,69,57.19,8.79
27343,Historical,617526,0,0,D,3,1,2139513,83,2004,20,19.24,28.94
27344,Historical,118369,0,0,D,7,1,906643,95.4,2007,32,31.49,8.07
27345,Historical,607277,1,1,D,6,1,2490135,93,2003,29,31.49,10.43
27346,Historical,598456,0,0,D,0,0,3513032,38.95,2000,25,38.99,12.45
27347,Historical,132280,0,0,D,1,0,915812,154,2007,61,84.96,8.87
27348,Historical,118368,1,1,D,7,1,658544,147.4,2006,41,58.98,54.52
27349,Historical,60740,0,0,D,6,1,2752131,91.8,2003,32,58.98,18.74
27350,Historical,52729,1,1,D,7,1,68849,57.65,2010,69,148.99,35.43
27351,Historical,52728,1,5,D,6,1,152607,32,2007,79,148.99,29.83
27352,Historical,52727,0,0,D,5,1,957268,76.56,2004,62,148.99,14.81
27353,Historical,632255,0,0,D,1,0,844104,57.6,2005,22,19.98,21.81
27354,Historical,253938,0,0,D,5,1,646181,185.95,2010,75,46.99,23.99
27355,Historical,876763,0,0,D,5,1,1287292,83.33,2010,37,46.99,84.96
27356,Historical,60741,0,0,D,4,1,1914179,177.95,2005,60,46.99,8.8
27357,Historical,846711,0,0,D,2,1,1511517,120,1994,18,142.75,60.46
27358,Historical,2559778,0,0,D,0,0,5414800,168.43,1981,18,142.75,119.06
27359,Historical,624249,0,0,D,5,1,1187314,46.95,2006,29,46.79,6.09
27360,Historical,593993,0,0,D,6,1,981894,46.95,2010,20,46.79,16.33
27361,Historical,114375,0,0,D,2,1,1644514,103.6,2003,19,41.5,57.61
27362,Historical,638025,0,0,D,1,0,1032120,142.93,2012,22,83.34,15.14
27363,Historical,527135,0,0,D,6,1,493884,176.2,2008,154,89.82,13.99
27364,Historical,120209,0,0,D,7,1,201580,174.8,2011,119,89.82,14.93
27365,Historical,635618,1,1,D,1,0,236330,115.6,2012,77,83.34,41.82
27366,Historical,298884,1,1,D,7,1,206138,79.95,2011,53,71.83,14.29
27367,Historical,268242,0,0,D,5,1,2006725,73.95,2005,43,71.83,18.99
27368,Historical,268226,1,2,D,6,1,180287,79.95,2008,50,71.83,8.47
27369,Historical,115333,0,0,D,3,1,1321364,102.2,2002,34,51.49,52.73
27370,Historical,117504,0,0,D,4,1,650070,114.2,2004,39,52.37,19.95
27371,Historical,200415,1,1,D,1,0,424652,126.95,2010,29,51.56,80.97
27372,Historical,663201,1,1,D,6,1,33006,99.95,2013,75,78.97,33.76
27373,Historical,248793,1,1,D,5,1,239519,79.95,2006,191,78.97,6.34
27374,Historical,253991,1,2,D,6,1,30076,94.95,2011,114,78.97,44.89
27375,Historical,872206,0,0,D,3,1,1655741,109.27,2001,22,38.99,24.67
27376,Historical,614960,0,0,D,3,1,34408,92.31,2001,139,38.99,17.94
27377,Historical,633216,0,0,D,1,0,106115,105.4,2010,31,58.82,53.49
27378,Historical,285925,1,1,D,2,1,1829534,104.2,2003,49,108.84,9.98
27379,Historical,120961,0,0,D,3,1,21913,148.2,2008,28,108.84,66.03
27380,Historical,607768,0,0,D,5,1,33926,140,2010,78,138.19,40.76
27381,Historical,213166,0,0,D,3,1,773140,32.95,2005,27,31.9,44.07
27382,Historical,640515,0,0,D,4,1,398300,43.95,2009,41,31.9,32.95
27383,Historical,575282,1,2,D,6,1,1972467,39.95,2007,39,22.76,14.97
27384,Historical,545430,0,0,D,7,1,192927,47,2011,31,22.76,27.83
27385,Historical,2829362,0,0,D,3,1,2037301,44,2005,25,0,46.3
27386,Historical,725142,0,0,D,0,0,5500302,39.95,2003,16,60.68,88.24
27388,Historical,127670,0,0,D,2,1,1216476,60,2006,22,60.68,78.65
27389,Historical,610165,0,0,D,3,1,715454,55,2013,32,39.33,38.51
27390,Historical,552726,0,0,D,5,1,1050537,145,2007,17,48.84,90.31
27391,Historical,2631451,0,0,D,4,1,2931959,104.6,1999,30,48.84,65.9
27392,Historical,564713,0,0,D,1,0,2128621,53.95,2009,15,36.79,28.98
27393,Historical,565106,0,0,D,1,0,1064234,52.95,2008,44,52,47.06
27394,Historical,52614,0,0,D,9,1,2205842,89.8,2005,61,78.94,32.99
27395,Historical,52615,0,0,D,10,1,561350,108.6,2007,60,78.94,24.98
27396,Historical,52616,1,1,D,12,1,97593,145.6,2011,50,78.94,62.78
27397,Historical,533661,0,0,D,7,1,56167,100,2011,84,33.21,32.86
27398,Historical,52580,1,3,D,6,1,253337,84.95,2007,139,33.21,28.67
27399,Historical,314734,1,1,D,5,1,279072,49,2005,41,37.38,26.74
27400,Historical,527130,0,0,D,6,1,220580,58.8,2007,53,37.38,13.42
27402,Historical,740624,0,0,D,5,1,5537981,105.6,2005,32,13.93,9.99
27403,Historical,133128,0,0,D,7,1,1172614,149,2009,28,13.93,12.99
27404,Historical,132371,0,0,D,6,1,2609591,130.8,2007,25,13.93,8.94
27405,Historical,145236,0,0,D,9,1,3075091,105.6,2005,33,14.44,12.99
27406,Historical,132376,0,0,D,10,1,1117737,173,2007,29,14.44,87.27
27407,Historical,260048,1,1,D,3,1,1174495,60,2001,50,64.31,44.45
27408,Historical,830183,0,0,D,0,0,1524240,58.95,1998,28,55.59,33.94
27409,Historical,2539092,0,0,D,2,1,6800548,56.95,2002,23,17.64,43.96
27410,Historical,190013,0,0,D,0,0,84570,46,2006,42,47.47,36.23
27411,Historical,53082,0,0,D,4,1,2122465,174.95,2007,41,112.55,11.79
27412,Historical,53083,0,0,D,5,1,1296059,239.95,2009,66,112.55,12.43
27413,Historical,533618,0,0,D,6,1,68764,217.95,2012,40,112.55,73.83
27414,Historical,183144,0,0,D,1,0,2456114,49.95,2005,41,0,7.83
27415,Historical,120619,0,0,D,8,1,703263,159.4,2008,57,5.87,18.81
27416,Historical,133433,1,1,D,9,1,758534,171.8,2011,44,40.4,43.59
27417,Historical,279140,1,1,D,4,1,1900076,74.95,2006,44,75.99,10.89
27418,Historical,270682,0,0,D,5,1,510728,106,2011,45,75.99,23.49
27419,Historical,3485333,0,0,D,5,1,3914434,86.4,2007,27,0,43.49
27420,Historical,918864,0,0,D,6,1,1198438,69.2,2009,31,27.09,10.09
27421,Historical,51984,0,0,D,14,1,199669,144.8,2011,99,60.62,49.49
27422,Historical,51983,1,1,D,13,1,133618,134.8,2008,75,60.62,10.49
27423,Historical,260082,0,0,D,8,1,3287136,69.95,2003,31,28.69,13.99
27424,Historical,229133,0,0,D,9,1,958459,72.95,2007,36,28.69,10.96
27425,Historical,129099,0,0,D,2,1,577643,52.95,2008,35,34.26,12.98
27426,Historical,918685,0,0,D,2,1,3418592,55,2006,27,43.98,9.99
27427,Historical,129238,0,0,D,3,1,966083,65.95,2011,40,43.98,39.18
27428,Historical,904585,0,0,D,5,1,3275039,55.95,2001,17,24.98,20.2
27429,Historical,291622,1,1,D,6,1,1467301,197.95,2002,41,13.1,28.53
27430,Historical,134931,0,0,D,1,0,8224055,305,2009,16,23.92,57.7
27431,Historical,607598,0,0,D,3,1,1507746,49.95,2008,67,46.89,25.68
27432,Historical,129475,0,0,D,4,1,169837,55.95,2011,46,46.89,30.06
27433,Historical,177823,1,2,D,5,1,1769958,139.95,2005,37,64.8,12.5
27434,Historical,229168,0,0,D,4,1,921564,78.95,2008,66,87.62,42.33
27435,Historical,195061,0,0,D,5,1,248531,69.95,2007,38,24.89,17.74
27436,Historical,254373,0,0,D,5,1,669713,64.95,2009,27,24.89,14.99
27437,Historical,868173,0,0,D,2,1,2042297,57,1990,20,294.01,41.39
27438,Historical,113837,1,1,D,2,1,525821,140,2003,31,129.17,53.99
27439,Historical,902390,0,0,D,2,1,2952458,53.95,1991,11,47.98,675
27440,Historical,2832399,0,0,D,1,0,2830023,250,1999,7,174.27,59.98
27441,Historical,768814,0,0,D,1,0,2204004,247.95,2003,32,84.96,28.99
27442,Historical,117829,0,0,D,1,0,129783,132,2007,62,80.89,54.43
27443,Historical,618831,0,0,D,0,0,1396249,40,2007,39,28.01,9.99
27444,Historical,633860,0,0,D,2,1,125305,40,2012,58,28.01,36.34
27445,Historical,169303,0,0,D,2,1,4817791,0,2006,12,75.13,122.61
27446,Historical,1656973,0,0,D,1,0,1055504,147.39,2011,22,72.6,72.77
27447,Historical,57922,1,1,D,2,1,1473582,119.95,2005,52,75.13,12.89
27448,Historical,622639,1,1,D,1,0,779599,44.95,2011,43,39.74,27.99
27449,Historical,450438,1,1,D,10,1,302902,303.95,2007,106,177.24,33.83
27450,Historical,527106,0,0,D,11,1,40561,286.95,2011,92,177.24,33.97
27451,Historical,625044,0,0,D,8,1,3690486,71.95,2005,20,4.99,27.99
27452,Historical,623477,0,0,D,0,0,825256,64.95,2010,41,50.98,42.96
27453,Historical,575860,0,0,D,9,1,143860,86.05,2010,24,4.99,54.34
27454,Historical,293892,1,1,D,1,0,241711,139.95,2010,73,64.93,47.42
27455,Historical,582265,0,0,D,1,0,353476,75,2011,41,75.97,63.31
27456,Historical,868087,1,2,D,0,0,333670,72.4,2004,31,164.82,11.24
27457,Historical,410136,0,0,D,0,0,1452574,104.95,2009,24,80.21,98.13
27458,Historical,543841,1,4,D,8,1,28631,100.95,2012,52,73.33,71.01
27459,Historical,567775,0,0,D,7,1,474702,111.95,2010,103,73.33,33.89
27460,Historical,54287,0,0,D,6,1,2079263,77.95,2006,66,73.33,16.98
27461,Historical,609741,0,0,D,3,1,1619799,47.95,2006,47,18.75,14.98
27462,Historical,919055,0,0,D,4,1,3445289,48.95,2001,39,32.67,30.99
27463,Historical,135596,0,0,D,5,1,721404,57.95,2007,39,32.67,25.23
27464,Historical,908647,0,0,D,1,0,4644867,49.95,1996,20,45.03,47.59
27465,Historical,148138,1,1,D,4,1,1511336,287.95,2005,39,57.63,27.63
27466,Historical,613473,0,0,D,2,1,1474067,101.5,2003,64,0,9.86
27467,Historical,2071500,0,0,D,8,1,2925774,99.95,2008,10,126.26,18.15
27468,Historical,53961,0,0,D,7,1,483804,91.95,2004,129,93.96,10.77
27469,Historical,53962,1,2,D,8,1,66556,122.99,2008,149,93.96,26.99
27470,Historical,55193,1,1,D,8,1,856311,149.95,2002,55,53.32,18.8
27471,Historical,55194,1,2,D,9,1,540563,140.95,2006,99,53.32,16.23
27472,Historical,55190,0,0,D,8,1,1826939,149.95,2002,58,55.25,18.99
27473,Historical,55191,1,1,D,9,1,716898,123.95,2006,79,55.25,11.83
27474,Historical,2171394,0,0,D,0,0,9138740,0,2007,9,0,24.95
27475,Historical,194047,0,0,D,2,1,108258,42,2005,20,0,0
27476,Historical,527099,1,2,D,2,1,55481,121.2,2011,87,46.83,123.93
27477,Historical,115875,1,1,D,1,0,982502,91,2007,38,46.83,48.55
27478,Historical,533493,0,0,D,7,1,86048,158.95,2012,53,84.39,57.49
27479,Historical,54493,0,0,D,6,1,553544,174.95,2009,57,84.39,27.99
27480,Historical,54492,0,0,D,5,1,1221018,108.95,2006,44,84.39,6.99
27481,Historical,908390,0,0,D,0,0,2305602,37.5,2004,15,37.25,78.19
27482,Historical,233593,0,0,D,1,0,1551115,49,2008,14,33.99,36.8
27483,Historical,408144,0,0,D,0,0,1535524,85.95,2006,40,58.99,15.87
27484,Historical,495361,0,0,D,2,1,274103,93,2010,42,58.99,23.51
27485,Historical,165745,0,0,D,1,0,926881,140,2004,19,90.13,28.95
27486,Historical,2471696,0,0,D,0,0,1272570,25,1996,29,28.99,72.33
27487,Historical,2162417,0,0,D,1,0,1068930,49.99,2011,26,41.8,39.55
27488,Historical,1587750,0,0,D,1,0,4773294,98,2009,16,0,62.37
27490,Historical,200648,0,0,D,5,1,1201765,46.95,2010,17,37.09,77.99
27491,Historical,2600266,0,0,D,0,0,1385808,50,1993,26,34.71,41.68
27492,Historical,225665,0,0,D,1,0,3855076,134.95,2000,13,95.01,53.99
27493,Historical,2815770,0,0,D,3,1,3302248,122.53,2002,18,134.56,73.11
27494,Historical,877937,0,0,D,13,1,2097121,67.13,2011,37,103.7,58.94
27495,Historical,56540,0,0,D,12,1,141878,20.69,2009,71,103.7,34.37
27496,Historical,56541,1,2,D,11,1,893588,10.18,2007,59,103.7,9.64
27497,Historical,740317,0,0,D,7,1,8279059,60,2003,21,77.63,58.03
27498,Historical,145247,0,0,D,8,1,1115646,80,2005,39,77.63,41.32
27499,Historical,169383,1,1,D,11,1,827118,252.95,2007,34,120.95,54.45
27500,Historical,170071,0,0,D,12,1,89316,262.95,2010,31,120.95,73.39
27501,Historical,651776,0,0,D,2,1,878520,71,2008,15,45.05,77.41
27502,Historical,906289,0,0,D,0,0,5689959,60,2007,18,45.05,43.71
27503,Historical,626815,0,0,D,2,1,2057727,115,1993,22,164.39,43.98
27504,Historical,2561898,0,0,D,0,0,3228597,208.55,1984,17,68.99,78.65
27505,Historical,110566,0,0,D,4,1,2145775,4.96,2008,55,47.02,8.97
27506,Historical,538534,1,1,D,6,1,47912,121.25,2013,68,47.02,45.87
27507,Historical,527089,0,0,D,5,1,930961,118.25,2010,109,47.02,28.85
27508,Historical,169762,0,0,D,2,1,966003,156.95,2008,24,53.94,67.61
27509,Historical,878501,0,0,D,0,0,1541099,32,2007,50,55.29,32
27510,Historical,56366,0,0,D,2,1,1155912,79.95,2007,60,55.29,18.98
27511,Historical,704569,0,0,D,1,0,1549079,0,2004,27,0,7.99
27512,Historical,1757119,0,0,D,3,1,792916,89,2010,19,154.87,99
27513,Historical,2354629,0,0,D,0,0,1674404,128.55,1998,18,154.87,70.61
27514,Historical,178247,0,0,D,3,1,1721216,212.95,2001,21,110.5,51.29
27515,Historical,2748862,0,0,D,1,0,5490674,110,1993,10,111.14,0
27516,Historical,749127,0,0,D,3,1,1306237,140,2008,16,84.76,86.94
27517,Historical,2342911,0,0,D,1,0,349530,22.92,1994,14,0,18.43
27518,Historical,899905,0,0,D,2,1,2854429,199.95,1999,21,164.1,124.79
27519,Historical,177536,1,1,D,2,1,1179895,174.95,2006,44,75.31,13.98
27520,Historical,617286,0,0,D,0,0,1147578,39.99,2007,67,15.59,16.67
27521,Historical,613769,0,0,D,3,1,40870,64.99,2008,103,38.54,18.13
27522,Historical,613742,0,0,D,0,0,33341,64.99,2010,111,32.99,27.99
27523,Historical,616542,1,1,D,0,0,194253,64.99,2010,52,29.99,33.98
27524,Historical,2095764,0,0,D,1,0,118931,49.99,2013,27,41.5,35.92
27525,Historical,765252,0,0,D,1,0,1698467,49.95,2003,29,60.1,85.74
27526,Historical,3058457,0,0,D,0,0,2712368,81.95,2001,30,58.98,57.47
27527,Historical,2610374,0,0,D,0,0,2783079,73.99,2000,20,9.12,44.97
27528,Historical,240573,0,0,D,1,0,288809,65,2005,14,41.98,39.5
27530,Historical,254486,0,0,D,3,1,1084758,139.95,2011,41,63.99,51.71
27531,Historical,200019,1,1,D,1,0,2354649,93.95,2005,51,63.99,13.9
27532,Historical,254535,0,0,D,3,1,90722,146.95,2011,67,63.99,21.56
27533,Historical,200381,0,0,D,2,1,462301,86.95,2008,81,63.99,7.24
27534,Historical,2025443,0,0,D,2,1,127930,86.5,2013,24,0,76.63
27535,Historical,789142,1,2,D,3,1,2829163,79.95,2002,33,47.63,43.94
27536,Historical,627147,0,0,D,2,1,1259983,119.99,2007,23,83.49,48.99
27537,Historical,135564,0,0,D,2,1,604628,44.95,2003,34,29.49,11.89
27538,Historical,630149,1,2,D,1,0,1017328,87.95,2008,16,34.71,16.7
27539,Historical,570567,1,1,D,3,1,160942,199.95,2010,56,56.55,43.87
27540,Historical,773440,0,0,D,1,0,3151931,136.95,2004,41,56.55,4.36
27541,Historical,594073,0,0,D,2,1,1782914,219.95,2009,48,56.55,10.49
27542,Historical,870588,0,0,D,0,0,4837404,70.8,2004,30,35.63,6.98
27543,Historical,613598,0,0,D,2,1,1599633,89.4,2008,47,35.63,11.94
27544,Historical,800042,0,0,D,5,1,2895748,75,2005,17,55.84,45.69
27545,Historical,225827,1,3,D,0,0,943785,96.95,2004,51,69.73,7.99
27546,Historical,600653,0,0,D,0,0,1595176,53.95,2010,27,53.98,20.98
27547,Historical,904904,0,0,D,1,0,5309263,210,2008,16,63.98,57.31
27548,Historical,266383,0,0,D,3,1,68816,39.95,2009,19,0,0
27549,Historical,624898,0,0,D,0,0,1101987,184.95,2005,22,107.31,73.66
27550,Historical,3262916,0,0,D,0,0,3530703,0,2005,9,38.94,158.37
27551,Historical,182431,1,1,D,11,1,174372,140.13,2000,40,77.37,79.23
27552,Historical,183057,1,1,D,11,1,314622,109.95,2003,36,77.37,78.27
27553,Historical,789262,0,0,D,0,0,4258199,149,2002,15,121.94,137.17
27554,Historical,2751081,0,0,D,2,1,1636640,197.99,2004,11,121.94,73.97
27555,Historical,267306,1,2,D,1,0,1459877,49.95,2005,54,34.31,13.97
27556,Historical,259840,0,0,D,2,1,1128661,39,2005,32,22.59,89.84
27557,Historical,196770,0,0,D,1,0,1884121,81.95,2005,21,41.29,43.93
27558,Historical,148581,0,0,D,5,1,652581,306.95,2007,58,65.68,19.95
27559,Historical,254165,0,0,D,6,1,272435,325.95,2010,62,65.68,41.98
27560,Historical,544335,0,0,D,7,1,136946,295.95,2013,70,65.68,53.99
27561,Historical,2566570,1,1,D,3,1,4432884,195,1995,18,75.3,80.26
27562,Historical,2697494,0,0,D,5,1,7973292,63.95,1998,14,52.86,66.89
27563,Historical,204022,0,0,D,0,0,560667,164.99,2009,30,81.99,100.51
27564,Historical,271050,0,0,D,4,1,38297,34,2011,55,20.89,33.98
27565,Historical,789293,0,0,D,1,0,4051979,110,2004,20,126.83,61.15
27566,Historical,1445549,1,1,D,1,0,472764,108,2008,26,71.98,62.55
27567,Historical,372167,0,0,D,2,1,1415594,189.95,2006,13,135.12,74.99
27568,Historical,609161,0,0,D,2,1,522663,72.95,2003,50,54.38,33.99
27569,Historical,118370,1,1,D,8,1,943801,114.67,2007,53,121.94,9.95
27570,Historical,119177,0,0,D,9,1,89647,154.2,2011,37,121.94,55.45
27571,Historical,204021,0,0,D,1,0,2766822,138.99,2005,19,93.29,40.98
27572,Historical,265395,0,0,D,9,1,5374501,44.95,2003,22,51.59,33.94
27573,Historical,904558,0,0,D,10,1,3589306,89.95,2006,16,51.59,72.87
27574,Historical,716117,0,0,D,6,1,834086,30,2013,21,28.05,9.45
27575,Historical,119386,0,0,D,6,1,577441,59.99,2011,87,28.05,14.11
27576,Historical,121255,0,0,D,5,1,742562,49.99,2010,63,28.05,10.98
27577,Historical,203740,0,0,D,1,0,633129,94,2004,15,85.72,107.49
27578,Historical,193541,0,0,D,3,1,184919,69,2007,58,43.99,14.8
27579,Historical,674527,0,0,D,2,1,45369,24.95,2009,52,43.99,13.94
27580,Historical,121251,0,0,D,3,1,503582,124,2010,28,79.05,67.48
27581,Historical,132206,0,0,D,2,1,912582,92,2006,35,79.05,12.99
27582,Historical,627379,0,0,D,5,1,1075640,114.5,2011,23,87.32,83.47
27583,Historical,917625,0,0,D,2,1,1435947,49.99,2009,37,32.58,22.98
27584,Historical,286276,0,0,D,3,1,230851,49.99,2010,33,32.58,33.99
27585,Historical,214936,1,1,D,7,1,1419069,134,2009,21,93.74,184.42
27586,Historical,1562710,0,0,D,10,1,3640601,130,2006,10,47.97,95.95
27587,Historical,226010,1,1,D,2,1,1430338,104.95,2007,14,46.42,56.38
27588,Historical,246656,0,0,D,3,1,2371911,120.95,2007,15,79.95,138.54
27589,Historical,246363,0,0,D,2,1,4509549,62.95,2003,14,79.95,39
27590,Historical,763074,0,0,D,3,1,1689281,148,1999,11,50.8,33.98
27591,Historical,749503,0,0,D,4,1,5399173,90,2004,15,50.8,45.65
27592,Historical,225919,1,1,D,4,1,211903,132.95,2006,50,34.6,63.94
27593,Historical,2573345,0,0,D,0,0,775673,74.95,1988,29,67.43,21.85
27594,Historical,3797310,0,0,D,1,0,766198,34.95,2010,22,0,48.68
27595,Historical,836055,0,0,D,3,1,2593568,199,2000,15,150.14,53.24
27596,Historical,329980,0,0,D,4,1,1667920,288,2008,23,150.14,110.62
27597,Historical,348392,0,0,D,2,1,1351982,258.95,2000,48,203.5,18.19
27598,Historical,696550,0,0,D,3,1,4109014,70,1998,15,47.93,43.98
27599,Historical,828897,0,0,D,1,0,1512412,49.95,1998,21,27.98,43.71
27600,Historical,238316,0,0,D,0,0,1339599,63,1999,18,149.95,53.76
27601,Historical,903331,0,0,D,3,1,4750615,57.87,1989,17,82.68,61.19
27602,Historical,2664374,0,0,D,1,0,1150798,120,1997,14,40.79,84.59
27603,Historical,913965,0,0,D,3,1,1974455,97.95,2008,20,50.24,18.99
27604,Historical,622445,0,0,D,2,1,4564748,85,2002,22,50.24,9.97
27605,Historical,251151,0,0,D,1,0,3144885,135.95,2006,20,41.05,26.54
27606,Historical,868667,0,0,D,1,0,603126,39.95,2007,56,28.76,29.71
27607,Historical,1562911,0,0,D,6,1,5371768,120,2007,9,52.77,73.25
27608,Historical,178924,0,0,D,6,1,576919,126.95,2010,36,33.81,55.93
27609,Historical,608823,0,0,D,4,1,2948960,153.95,2005,27,33.81,16.94
27610,Historical,609611,0,0,D,5,1,2340074,138.95,2007,52,33.81,11.98
27611,Historical,2679125,0,0,D,2,1,2991429,199,1994,22,129.67,121.57
27612,Historical,3603770,1,3,D,1,0,2964032,45,1994,23,0,39.74
27613,Historical,245060,0,0,D,6,1,189624,91.95,2004,22,39.44,48.04
27614,Historical,2836884,1,1,D,5,1,7187003,97.95,1997,15,39.44,11.74
27615,Historical,202279,0,0,D,7,1,2026379,100.95,2000,28,80.71,46.48
27616,Historical,797722,1,1,D,8,1,1618451,110.95,2005,22,80.71,33.98
27617,Historical,252032,1,2,D,8,1,270641,91.95,2007,30,47.64,14.49
27618,Historical,245231,0,0,D,7,1,1418654,91.95,2004,25,47.64,18.93
27619,Historical,252033,1,1,D,5,1,581620,97.95,2008,21,43.06,12.49
27620,Historical,2836127,0,0,D,3,1,8851386,0,1988,12,53.96,13.98
27621,Historical,627632,0,0,D,1,0,1054704,60,2004,30,43.84,41.97
27622,Historical,883514,0,0,D,1,0,5643085,122,2004,11,43.84,109.87
27623,Historical,57920,0,0,D,6,1,103182,182.95,2010,70,88.37,44.99
27624,Historical,57919,1,2,D,5,1,1189921,160.95,2007,68,88.37,22.93
27625,Historical,2580026,0,0,D,3,1,3547271,64.95,1996,22,45.69,53.13
27626,Historical,163267,0,0,D,4,1,1416153,75,2002,27,45.69,55.74
27627,Historical,54434,0,0,D,9,1,107858,91.6,2009,90,89.22,46.23
27628,Historical,54433,0,0,D,8,1,41234,72,2004,98,89.22,19.83
27629,Historical,899124,0,0,D,1,0,1717517,110,2007,26,48.81,37.69
27630,Historical,607011,0,0,D,4,1,379165,6.96,2007,122,72.03,6.99
27631,Historical,712182,0,0,D,2,1,1784291,80.4,2003,28,45.54,42.99
27632,Historical,262875,0,0,D,0,0,1193611,52.95,2002,16,38.99,43.93
27633,Historical,254393,0,0,D,4,1,131820,47,2010,37,10.39,46.74
27634,Historical,198841,0,0,D,3,1,2434616,41.95,2005,33,10.39,19.02
27635,Historical,146100,0,0,D,5,1,808188,86.33,2009,18,73.37,38.09
27636,Historical,368662,1,2,D,4,1,3654200,66.6,2006,24,73.37,7.99
27638,Historical,3547272,1,1,D,1,0,3557421,59.99,2000,14,0,48.94
27639,Historical,2043088,0,0,D,2,1,1864551,79.95,2009,16,79.47,52.63
27640,Historical,2435123,0,0,D,2,1,4297984,30.95,1994,24,29.69,12.94
27641,Historical,212605,1,2,D,1,0,381290,53.8,2006,37,50.15,15.43
27642,Historical,622680,0,0,D,11,1,70847,59,2009,77,46.88,43.99
27643,Historical,612827,0,0,D,10,1,585205,40,2005,194,46.88,8.99
27644,Historical,2940434,0,0,D,1,0,4445719,75.99,2004,16,43.61,57.23
27645,Historical,775032,0,0,D,2,1,3002774,44.95,2000,16,73.41,45.99
27646,Historical,639486,0,0,D,1,0,507103,104.95,2001,18,81.02,18.97
27647,Historical,147623,0,0,D,7,1,203560,85.95,2010,79,66.83,19.46
27648,Historical,868300,1,3,D,1,0,292713,210,1994,45,136.99,88.41
27649,Historical,622585,1,1,D,2,1,48944,122.4,2012,76,76.49,73.75
27650,Historical,564946,0,0,D,2,1,368819,100.95,2011,45,99.5,37.9
27651,Historical,117489,1,6,D,5,1,1077741,113.2,2003,31,72.48,72.96
27652,Historical,859445,0,0,D,2,1,2069141,184.99,2006,17,40.36,139.55
27653,Historical,789093,0,0,D,1,0,1651195,129,2001,15,40.36,68.47
27654,Historical,51867,1,4,D,11,1,43942,167.8,2010,103,123.99,28.99
27655,Historical,247871,1,3,D,3,1,1907654,104,2007,50,79.26,11.48
27656,Historical,248125,1,1,D,4,1,955248,129,2010,25,79.26,27.91
27657,Historical,248124,0,0,D,4,1,47753,117,2010,73,79.26,16.95
27658,Historical,52060,1,1,D,12,1,39163,273.95,2009,107,166.99,45.88
27659,Historical,191901,1,4,D,2,1,347550,85.78,2002,235,94.01,12.93
27660,Historical,252807,0,0,D,2,1,128103,35,2010,79,116.38,29.07
27661,Historical,267135,0,0,D,6,1,830034,120,2003,20,0,174.45
27662,Historical,658289,0,0,D,13,1,426153,116,2012,25,78.99,148.33
27663,Historical,876454,0,0,D,10,1,1535750,84,2005,31,78.99,23.94
27664,Historical,641690,0,0,D,12,1,656913,52.8,2006,29,86.47,72.71
27665,Historical,874556,1,1,D,1,0,364966,33.15,2000,40,42.98,28.96
27666,Historical,60747,1,6,D,1,0,19207,54.95,2001,73,42.98,19.47
27667,Historical,543829,0,0,D,6,1,165475,97.95,2012,61,70.12,38.92
27668,Historical,874276,0,0,D,4,1,1154049,23.98,2006,40,70.12,19.66
27669,Historical,537974,1,1,D,5,1,640402,106.95,2009,58,70.12,7.48
27670,Historical,166475,0,0,D,3,1,1241081,16.69,2005,33,73.93,16.69
27671,Historical,162695,0,0,D,3,1,261115,110,2009,43,56.1,118.95
27672,Historical,205826,0,0,D,2,1,393719,90,2005,27,56.1,48.6
27673,Historical,544406,1,2,D,15,1,120951,202.95,2012,83,125.36,33.99
27674,Historical,170005,0,0,D,14,1,166099,201.95,2011,62,125.36,35.84
27675,Historical,115877,0,0,D,2,1,1610534,43.8,2004,63,45.99,11.39
27676,Historical,152289,1,1,D,0,0,669682,149,2006,37,34.69,92.55
27677,Historical,635183,0,0,D,2,1,1349189,49.95,2008,29,37.97,25.61
27678,Historical,617155,0,0,D,1,0,689948,39.95,2009,75,50.77,9.93
27679,Historical,613661,0,0,D,0,0,526091,23.34,2006,109,0,23.21
27681,Historical,634168,0,0,D,4,1,2252658,162.67,2009,22,43.98,0
27682,Historical,183748,0,0,D,5,1,250465,261.95,2008,48,64.54,49.34
27683,Historical,859925,0,0,D,3,1,2979414,141.25,2009,43,43.98,16.94
27684,Historical,567662,1,1,D,6,1,572120,319.95,2008,36,97.89,62.63
27685,Historical,146692,0,0,D,3,1,906080,253.4,2011,26,28.01,195.11
27686,Historical,145156,0,0,D,2,1,1905695,181.33,2006,54,187.22,51.65
27687,Historical,145514,0,0,D,2,1,2957084,170.67,2006,23,111.51,42.96
27688,Historical,617145,0,0,D,3,1,235258,233.4,2010,58,102.97,50.63
27689,Historical,146541,0,0,D,3,1,322496,233.4,2011,88,187.22,26.96
27690,Historical,2261945,0,0,D,2,1,4932312,44.93,2011,45,10.07,47.46
27691,Historical,224727,0,0,D,2,1,1356842,324.95,2010,56,10.07,20
27692,Historical,57101,1,2,D,2,1,944917,181.33,2007,66,102.97,23.84
27693,Historical,146035,1,2,D,3,1,772648,212.33,2009,58,111.51,54.95
27694,Historical,527027,1,1,D,4,1,568602,265.95,2010,68,72.99,52.47
27695,Historical,60749,0,0,D,4,1,1790257,275.95,2005,54,64.54,59.66
27696,Historical,766952,0,0,D,1,0,1607992,82.95,2010,32,64.54,11.98
27697,Historical,740281,0,0,D,2,1,3524082,142.67,2005,36,78.99,46.61
27698,Historical,177182,1,2,D,5,1,1773626,253,2004,31,97.89,52.45
27699,Historical,52241,1,2,D,5,1,368721,152.67,2007,109,108.42,27.94
27700,Historical,533968,0,0,D,4,1,830522,166.67,2009,88,43.98,24.24
27701,Historical,607918,0,0,D,3,1,982663,152.67,2005,69,99.12,28.8
27702,Historical,629445,0,0,D,3,1,3149509,152.67,2005,26,99.12,26.22
27703,Historical,146540,0,0,D,6,1,292154,216.8,2011,60,153.93,57.79
27704,Historical,254110,1,2,D,5,1,228811,235.95,2009,27,64.54,37.09
27705,Historical,111121,0,0,D,3,1,1391959,10.99,2009,38,43.98,10.69
27706,Historical,60751,0,0,D,3,1,1858309,292.95,2006,46,72.99,3.95
27707,Historical,613412,0,0,D,3,1,671928,172,2008,66,78.99,40.97
27708,Historical,52242,1,9,D,6,1,77466,207.2,2010,102,108.42,33.04
27709,Historical,607962,0,0,D,4,1,205847,180.67,2009,89,99.12,42.54
27710,Historical,537862,0,0,D,5,1,624728,145.33,2006,54,153.93,17.97
27711,Historical,112308,1,2,D,1,0,193063,82.11,2007,61,85.99,51.49
27712,Historical,52547,1,1,D,9,1,91823,138.6,2008,207,112.22,11.47
27713,Historical,1574497,0,0,D,0,0,3687173,0,2008,30,151.82,45.1
27714,Historical,752737,0,0,D,1,0,1710135,24.99,2010,18,138.94,27.8
27715,Historical,609638,0,0,D,6,1,1815027,257.95,2009,15,127.84,113.91
27716,Historical,177173,0,0,D,3,1,2029101,141.95,2003,40,105.96,6.98
27717,Historical,704889,0,0,D,1,0,4423081,0,2007,13,64.67,18.99
27718,Historical,3462691,0,0,D,6,1,8342580,77.85,1996,17,49.62,16.92
27719,Historical,1574452,1,3,D,5,1,342388,339.95,2007,111,151.82,26
27720,Historical,908737,1,2,D,0,0,5485019,18.99,2007,19,64.67,18.99
27721,Historical,56781,0,0,D,2,1,331900,300.95,2010,75,91.22,53.94
27722,Historical,56780,0,0,D,1,0,726842,300.95,2006,57,91.22,28.77
27723,Historical,533908,1,1,D,6,1,244263,359.95,2004,76,127.84,26.07
27724,Historical,616540,1,1,D,2,1,604254,225.33,2010,111,141.26,21.98
27725,Historical,612840,0,0,D,1,0,1295498,176,2007,51,141.26,26.52
27726,Historical,742093,0,0,D,1,0,1753402,220,2009,24,29.42,173.29
27727,Historical,612812,0,0,D,1,0,1141326,208.67,2009,111,29.42,21.98
27728,Historical,771549,0,0,D,6,1,1914853,161.95,2003,16,63.53,25.05
27729,Historical,162323,0,0,D,1,0,303835,27.44,2008,76,81.49,36.33
27730,Historical,54839,0,0,D,6,1,430505,99.35,2004,112,56.72,23.99
27731,Historical,871047,0,0,D,4,1,1038689,203.95,2006,58,105.96,82.78
27732,Historical,613979,1,2,D,7,1,80108,153.35,2006,120,56.72,38.33
27733,Historical,884373,0,0,D,3,1,6511987,194.67,2007,12,151.72,0
27734,Historical,52264,0,0,D,7,1,81089,353.95,2006,104,118.96,38.99
27735,Historical,613183,0,0,D,4,1,97963,198.67,2008,88,39.64,38.98
27736,Historical,614769,1,5,D,5,1,84178,255.2,2012,124,39.64,59.99
27737,Historical,709750,1,1,D,1,0,3825586,177.48,2010,14,105.91,140.78
27738,Historical,833079,0,0,D,7,1,4979749,100.95,2003,12,49.62,18.99
27739,Historical,527020,0,0,D,4,1,93168,208.67,2009,127,93.97,46.99
27740,Historical,162727,0,0,D,1,0,511799,60.98,2008,30,81.49,51.68
27741,Historical,561314,1,1,D,2,1,562538,225.33,2010,106,145.55,55.34
27742,Historical,877753,0,0,D,0,0,2037951,176,2006,39,145.55,49.87
27743,Historical,552644,1,1,D,3,1,1925620,176,2006,50,153.99,16.93
27744,Historical,618952,0,0,D,2,1,446535,225.33,2010,92,153.99,23.98
27745,Historical,607458,0,0,D,5,1,82794,198.67,2008,112,143.14,53.99
27746,Historical,627658,0,0,D,3,1,1635266,37.8,2002,33,38.94,48.32
27747,Historical,53163,0,0,D,2,1,2076452,141.33,2006,72,72.95,12.58
27748,Historical,53164,0,0,D,3,1,308997,165.33,2009,108,72.95,29.98
27749,Historical,50089,0,0,D,3,1,560840,198.67,2008,55,78.04,108.88
27750,Historical,60754,0,0,D,10,1,1321571,259.95,2004,44,42.5,44.81
27751,Historical,527017,0,0,D,9,1,2261018,118.95,2002,41,42.5,28.99
27752,Historical,534013,1,2,D,11,1,388785,357.95,2007,87,42.5,24.73
27753,Historical,145816,1,1,D,4,1,644535,198.67,2009,182,50.6,15.98
27754,Historical,540644,1,1,D,5,1,44473,247.6,2012,103,50.6,53.99
27755,Historical,53183,0,0,D,3,1,1684435,0,2006,61,50.6,27.78
27756,Historical,53184,0,0,D,4,1,1484556,198.67,2008,34,50.6,114.71
27757,Historical,871008,0,0,D,2,1,4402612,8.62,2004,38,27.06,8.41
27758,Historical,145615,0,0,D,3,1,570455,181.33,2007,96,151.72,12.99
27759,Historical,50063,1,6,D,6,1,4618,308.95,2011,143,34.93,43.75
27760,Historical,619111,1,6,D,6,1,12673,144,2013,112,34.93,53.99
27761,Historical,527022,1,1,D,6,1,68274,326.95,2011,80,123.88,34.79
27762,Historical,244043,1,2,D,6,1,183942,355.95,2011,72,123.88,16.97
27763,Historical,60752,0,0,D,3,1,133364,164,2006,87,93.97,46.83
27764,Historical,52263,1,1,D,6,1,598550,404.95,2003,75,118.96,52.98
27765,Historical,534775,1,3,D,5,1,360764,258.95,2011,38,71.78,45.99
27766,Historical,778522,0,0,D,4,1,1082870,65.95,2007,26,71.78,23.98
27767,Historical,200498,0,0,D,4,1,834215,217.95,2009,37,71.78,17.47
27768,Historical,617952,0,0,D,6,1,216386,172.95,2011,47,105.94,113.74
27769,Historical,876779,0,0,D,1,0,413466,353.95,2006,59,173.45,53.98
27770,Historical,60753,0,0,D,3,1,746037,176,2005,55,82.1,21.64
27771,Historical,145962,0,0,D,4,1,1147788,208.67,2009,45,82.1,64.86
27772,Historical,920435,0,0,D,1,0,1438919,74.95,2002,60,1353.99,28.98
27773,Historical,875559,1,1,D,3,1,1869983,76.77,1998,44,23.04,48.24
27774,Historical,60041,0,0,D,3,1,965501,207.95,1998,64,23.04,27.79
27775,Historical,625267,1,1,D,1,0,294749,62.34,2010,62,138.94,58.93
27776,Historical,165894,0,0,D,3,1,566443,65,2004,52,48.94,32.1
27777,Historical,253879,1,3,D,1,0,96903,125.95,2011,59,73.48,67.89
27778,Historical,599929,1,1,D,1,0,580394,149.95,2008,52,103.99,61.81
27779,Historical,309071,0,0,D,11,1,1183364,17.98,2007,39,117.99,8.99
27780,Historical,699346,0,0,D,13,1,3558416,63,2012,14,117.99,48.85
27781,Historical,309115,0,0,D,12,1,723006,52.99,2010,51,117.99,9.39
27782,Historical,662402,0,0,D,2,1,831184,134.9,2000,22,127.94,83.57
27783,Historical,55692,1,1,D,6,1,89352,57.11,2003,99,113.94,38.94
27784,Historical,55695,0,0,D,7,1,103053,107.55,2007,60,113.94,67.55
27785,Historical,55693,0,0,D,6,1,269737,43.56,2003,29,113.94,29
27786,Historical,52413,1,3,D,9,1,160851,138.67,2009,86,65.08,39.99
27787,Historical,52412,0,0,D,8,1,388789,130.67,2007,98,65.08,8.98
27788,Historical,916798,0,0,D,5,1,4683566,64.67,2000,26,63.99,5.14
27789,Historical,116914,1,1,D,6,1,913891,92.67,2004,78,63.99,32.93
27790,Historical,118337,0,0,D,5,1,453603,130.2,2010,52,57.5,35.1
27791,Historical,741419,1,1,D,4,1,1147860,101,2008,45,57.5,13.95
27792,Historical,179118,1,2,D,2,1,333765,136.95,2008,64,90.97,106.61
27793,Historical,182584,0,0,D,1,0,503652,150.95,2005,25,90.97,28.94
27794,Historical,551876,1,4,D,0,0,118857,137.5,2001,197,10.8,35.97
27795,Historical,115983,1,8,D,6,1,367349,134.75,2004,208,0,13.98
27796,Historical,314743,1,2,D,0,0,126436,5.98,2004,72,103.99,5.34
27797,Historical,921568,0,0,D,9,1,1894748,12.99,2011,59,51.2,9.78
27798,Historical,56196,0,0,D,9,1,642705,105.8,2010,99,43.79,40.77
27799,Historical,56195,1,1,D,8,1,2028716,94,2007,68,43.79,8.31
27800,Historical,133370,1,1,D,9,1,519967,94,2010,53,51.2,48.82
27801,Historical,551879,0,0,D,0,0,392658,113.25,2000,85,16.98,20.8
27802,Historical,613599,1,4,D,0,0,1837167,97.25,1994,61,17.98,19.93
27803,Historical,613214,1,1,D,0,0,215086,123.75,2006,151,17.98,35.89
27804,Historical,552302,1,1,D,0,0,95432,107,2005,104,49.1,49.67
27805,Historical,552765,0,0,D,0,0,1107968,13.45,2006,53,11.14,10.64
27806,Historical,868073,1,1,D,0,0,511785,114,2006,105,11.14,6.99
27807,Historical,130427,1,1,D,10,1,77977,86.2,2010,117,53.85,52.05
27808,Historical,132824,0,0,D,9,1,876528,75.8,2009,73,53.85,40.99
27809,Historical,54147,0,0,D,7,1,1057005,75,2007,87,49.97,10.1
27810,Historical,54146,1,2,D,8,1,73988,91,2010,246,49.97,15
27811,Historical,54144,0,0,D,6,1,1298711,68.6,2005,116,49.97,6.96
27812,Historical,54145,0,0,D,7,1,669123,72.8,2009,83,49.97,27.55
27813,Historical,116273,1,2,D,0,0,265545,134.75,2008,81,53.94,47.64
27814,Historical,623772,0,0,D,0,0,185980,285.4,2014,53,209.89,43.98
27815,Historical,527009,0,0,D,0,0,877371,287.2,2013,62,285.32,43.99
27816,Historical,248079,0,0,D,2,1,901807,56,2009,30,45.38,7.98
27817,Historical,422111,1,1,D,1,0,193298,75.6,2008,58,43.92,41.22
27818,Historical,1610675,0,0,D,1,0,252271,65.33,2010,35,500,65.18
27819,Historical,547065,0,0,D,3,1,141351,65.25,2008,115,55.12,27.99
27820,Historical,275588,1,2,D,2,1,727293,44.95,2004,77,55.12,8.97
27821,Historical,3049575,0,0,D,1,0,1650592,132.95,2001,28,110.26,63.99
27822,Historical,793612,0,0,D,3,1,828227,72.95,2003,37,47.99,58.07
27823,Historical,1936264,0,0,D,9,1,2567555,79.99,2012,8,52.98,31.54
27824,Historical,1936258,1,2,D,9,1,1694576,84.99,2012,7,93.98,5.44
27826,Historical,251985,1,1,D,3,1,629206,131.95,2008,27,36.47,29.41
27827,Historical,699209,1,1,D,8,1,1307708,33.99,2010,26,112.94,33.97
27828,Historical,613008,1,5,D,7,1,237812,15.92,2007,123,112.94,20.98
27829,Historical,299446,0,0,D,8,1,2285136,64.95,2005,50,53.94,9.99
27830,Historical,195115,1,1,D,12,1,2612454,39.95,2007,56,5.64,13.99
27831,Historical,195186,0,0,D,13,1,2594060,105,2011,16,5.64,72.73
27832,Historical,195187,0,0,D,13,1,159182,51,2011,80,5.64,21.73
27833,Historical,169868,0,0,D,8,1,555008,168.95,2009,52,108.98,52.8
27834,Historical,177841,0,0,D,7,1,1490427,177.95,2005,39,108.98,16.87
27835,Historical,2333233,1,1,D,5,1,11181780,0,1977,15,17.77,97.04
27836,Historical,113925,0,0,D,3,1,3828835,107,2000,15,131.71,26.89
27837,Historical,242133,0,0,D,2,1,156846,135,2004,14,0,0
27838,Historical,914828,1,3,D,7,1,497223,82,2008,60,108.75,34.11
27839,Historical,617941,0,0,D,8,1,252638,116,2012,63,108.75,13.99
27840,Historical,915052,0,0,D,0,0,3448476,51.95,1993,22,62.86,9.99
27841,Historical,200607,0,0,D,1,0,231778,110.95,2011,27,0,0
27842,Historical,125733,0,0,D,0,0,32390,39.95,1996,21,4.81,12.85
27843,Historical,614386,0,0,D,1,0,1439369,62,2007,40,51.2,20.93
27844,Historical,633393,0,0,D,1,0,852523,65.95,2007,18,0,0
27845,Historical,390249,0,0,D,2,1,3198397,34.95,1997,24,27.19,4.36
27846,Historical,2528945,0,0,D,0,0,6162777,33.95,1993,28,45.29,7.97
27847,Historical,178923,1,1,D,8,1,149963,367.95,2010,53,128.07,42.98
27848,Historical,553976,0,0,D,5,1,6076672,77,1992,23,46.59,35.61
27849,Historical,148612,0,0,D,7,1,725671,388.95,2007,38,128.07,73.41
27850,Historical,626796,0,0,D,6,1,2824638,120,1997,25,46.59,13.92
27851,Historical,526995,0,0,D,8,1,696395,367.95,2010,48,128.07,65.99
27852,Historical,259841,0,0,D,2,1,2193596,79,2005,17,73.09,118.95
27853,Historical,616390,0,0,D,2,1,697978,125.5,2007,43,28.74,21.81
27854,Historical,533986,1,3,D,3,1,581748,118,2007,42,78.45,32.98
27855,Historical,775181,0,0,D,1,0,1301151,74.95,2004,55,64.91,15.89
27856,Historical,147348,0,0,D,5,1,370542,99.95,2006,54,60.41,18.19
27857,Historical,609211,1,1,D,5,1,1491845,119,2006,24,84.23,19.88
27858,Historical,609212,0,0,D,6,1,352469,121.99,2009,76,84.23,33.99
27859,Historical,294145,0,0,D,5,1,2325013,99,2005,41,84.23,9.57
27860,Historical,833337,0,0,D,1,0,2283652,0,1988,18,41.93,53.49
27862,Historical,832320,0,0,D,0,0,10686814,0,1989,11,73.98,61.61
27863,Historical,833796,0,0,D,2,1,5018219,125,1993,17,73.98,53.99
27864,Historical,608961,0,0,D,4,1,3527107,105,2001,20,289.97,153.71
27865,Historical,894170,0,0,D,3,1,2715093,99,1997,14,289.97,43.98
27866,Historical,905663,0,0,D,1,0,3425322,99.95,2000,16,167.04,52.39
27867,Historical,829688,0,0,D,0,0,2663098,54.95,1999,16,502.99,91.07
27868,Historical,607413,0,0,D,7,1,947202,117,2008,90,47.76,15.99
27869,Historical,112966,0,0,D,2,1,736872,82.95,1998,47,32.69,8.76
27870,Historical,126649,0,0,D,0,0,944005,59.95,2006,31,63.99,43.94
27872,Historical,911240,0,0,D,1,0,1730442,69,1990,21,113.96,59.29
27873,Historical,106096,0,0,D,6,1,837290,54.95,2005,35,25.98,19.99
27874,Historical,908470,0,0,D,2,1,3337597,36.99,1996,23,14.93,6.37
27875,Historical,231543,0,0,D,2,1,982642,67.95,2004,27,33.24,18.71
27876,Historical,803839,1,1,D,4,1,2465577,79.95,2005,25,58.98,12.92
27877,Historical,804417,0,0,D,5,1,1152041,99.95,2009,40,58.98,30.98
27878,Historical,723666,0,0,D,1,0,243033,84,2010,19,0,0
27879,Historical,3613776,0,0,D,11,1,3854954,39.95,1999,51,0,13.99
27880,Historical,3613777,0,0,D,12,1,1781982,69.95,2001,73,0,11.49
27881,Historical,2829280,0,0,D,3,1,925713,166.7,2004,14,107.88,70.99
27882,Historical,164187,0,0,D,0,0,2803119,139,1997,17,48.32,70.32
27883,Historical,540389,0,0,D,0,0,402803,99.99,2012,98,47.85,11.74
27884,Historical,289080,1,2,D,0,0,848137,99.99,2011,78,47.85,13.94
27886,Historical,868210,0,0,D,6,1,794326,133.33,2006,39,160.91,43.46
27887,Historical,50651,0,0,D,2,1,955798,160.95,2004,69,105.64,16.27
27889,Historical,50649,0,0,D,3,1,145914,234.95,2008,97,105.64,22.5
27890,Historical,109653,0,0,D,5,1,75663,149.33,2005,61,186.98,40.64
27892,Historical,105423,0,0,D,5,1,1320232,101.25,2008,32,186.98,30.98
27893,Historical,526915,0,0,D,6,1,3557906,115,2011,13,64.9,72.37
27894,Historical,658698,0,0,D,1,0,192948,115,1997,18,61.01,99.25
27895,Historical,288665,1,1,D,4,1,642507,79.13,2008,65,58.73,17.49
27896,Historical,212538,0,0,D,3,1,343275,62.6,2005,48,58.73,10.97
27897,Historical,146560,1,2,D,5,1,48334,88.4,2011,95,58.73,49.99
27898,Historical,535477,0,0,D,12,1,33606,153.95,2013,115,93.99,38.99
27899,Historical,50642,0,0,D,9,1,2548068,108.95,2007,44,93.99,7.74
27900,Historical,50643,1,3,D,10,1,916189,161.95,2009,86,93.99,22.17
27901,Historical,50644,1,1,D,11,1,194841,165.95,2011,133,93.99,42.23
27902,Historical,544345,0,0,D,9,1,84233,123.95,2013,58,89.14,51.61
27903,Historical,876022,0,0,D,6,1,3392794,94.95,2007,25,89.14,13.74
27904,Historical,244024,0,0,D,8,1,862284,125.95,2011,62,89.14,37
27905,Historical,290944,1,1,D,7,1,1134243,120.95,2009,33,89.14,157.29
27906,Historical,550039,0,0,D,10,1,397012,95,2004,37,35.22,35
27907,Historical,164265,0,0,D,1,0,3575370,135,2002,24,72.99,51.09
27908,Historical,166207,0,0,D,2,1,701533,88.03,1997,24,67.98,77.49
27910,Historical,288787,0,0,D,4,1,814162,99.95,2005,54,74.04,39.98
27911,Historical,916723,1,1,D,1,0,1160056,128,2002,26,87.99,42.78
27912,Historical,285697,0,0,D,2,1,724041,120,2007,19,87.99,22.94
27913,Historical,106215,0,0,D,1,0,8796821,135,2004,14,65.17,15.99
27914,Historical,2663421,0,0,D,0,0,14581972,110,1994,11,64.73,66.11
27915,Historical,2664444,0,0,D,2,1,6964308,129,1999,21,64.73,53.19
27916,Historical,577358,0,0,D,4,1,5058864,229,2004,13,136.84,61.25
27917,Historical,520849,0,0,D,5,1,1792810,245.99,2009,17,136.84,21.27
27918,Historical,444578,0,0,D,7,1,720481,489,2009,18,227.14,263.98
27919,Historical,289959,0,0,D,5,1,3133941,349,1999,16,227.14,255.15
27920,Historical,435191,0,0,D,1,0,1730718,185,2010,16,138.94,97.99
27921,Historical,162457,0,0,D,3,1,676999,47.48,2007,19,65.98,46.16
27922,Historical,444591,0,0,D,0,0,1058219,228,2007,14,75.49,63.98
27923,Historical,632744,0,0,D,2,1,4555215,179,2002,19,63.04,62.49
27924,Historical,478926,0,0,D,3,1,1893785,224.99,2006,19,63.04,14.68
27925,Historical,478808,0,0,D,5,1,2486760,299,2005,24,121.44,12.49
27926,Historical,619852,0,0,D,1,0,1513368,104,2005,18,49.29,71.73
27927,Historical,763166,0,0,D,0,0,4409856,280,2002,18,239.94,72.93
27928,Historical,446053,0,0,D,2,1,5246264,263,2007,11,239.94,171.23
27929,Historical,159400,1,1,D,1,0,629023,123,1999,33,99.94,65
27930,Historical,147133,0,0,D,8,1,1447454,76.95,2004,127,37.32,11.62
27931,Historical,147545,0,0,D,9,1,364387,93.95,2008,147,37.32,14.99
27932,Historical,126188,0,0,D,2,1,1620604,59.99,2000,26,42.99,12.72
27933,Historical,147558,0,0,D,3,1,385410,223,2009,32,145.28,77.98
27934,Historical,147018,0,0,D,2,1,1898905,179,2003,25,145.28,61.31
27935,Historical,268435,0,0,D,4,1,392621,75,2006,45,42.93,59.96
27936,Historical,467735,1,1,D,4,1,1255914,229,2005,32,107.98,78.98
27937,Historical,57465,1,4,D,3,1,769768,97.95,2008,112,67.48,11.23
27938,Historical,57466,1,1,D,4,1,66759,120.95,2011,121,67.48,12.99
27939,Historical,57464,0,0,D,2,1,1657535,97.95,2005,60,67.48,18.99
27940,Historical,917864,0,0,D,2,1,962506,50,2004,28,58,43.38
27941,Historical,1562864,0,0,D,5,1,3130016,95.95,2007,13,88.22,91.48
27942,Historical,3093761,0,0,D,2,1,2116495,96,2005,15,0,152.65
27943,Historical,200157,0,0,D,1,0,828174,111.95,2007,47,25.27,18.86
27944,Historical,114640,0,0,D,7,1,2135096,132,2003,42,113.87,14.94
27945,Historical,117090,0,0,D,8,1,325301,148.6,2008,32,113.87,50.99
27946,Historical,248903,1,3,D,4,1,533456,85.95,2007,115,64.99,19.92
27947,Historical,50684,0,0,D,10,1,838787,351.95,2007,83,133.98,18.99
27948,Historical,50685,0,0,D,11,1,297594,443.95,2011,63,133.98,76.87
27949,Historical,50682,0,0,D,9,1,1726691,255.95,2004,54,133.98,9.25
27950,Historical,478873,0,0,D,4,1,1063902,216.99,2009,33,158.83,112.09
27951,Historical,622636,0,0,D,1,0,795079,77.99,2011,18,0,0
27952,Historical,262631,0,0,D,3,1,3409906,47.95,2003,22,41.32,43.37
27953,Historical,262735,1,1,D,4,1,265176,54.95,2007,43,41.32,84.29
27954,Historical,369590,0,0,D,2,1,12569481,55,1996,11,50.79,40.1
27955,Historical,333784,0,0,D,3,1,3025668,97,2003,20,50.79,30.49
27956,Historical,50598,1,2,D,12,1,45571,200,2008,268,188.99,40.99
27957,Historical,50602,1,4,D,11,1,127211,33.94,2005,155,188.99,30.98
27958,Historical,57647,0,0,D,0,0,1109729,106.5,2003,85,63.96,10.87
27959,Historical,154038,0,0,D,2,1,568839,28.99,2009,35,63.96,26.99
27960,Historical,57646,0,0,D,2,1,191093,18.98,2008,56,63.96,18.98
27961,Historical,231537,0,0,D,1,0,2121960,94.95,1998,26,98.7,35
27962,Historical,53208,1,2,D,2,1,26019,210,2007,83,73.99,104.54
27963,Historical,53209,1,1,D,1,0,734054,130.6,2005,39,73.99,32.93
27964,Historical,2245298,0,0,D,2,1,1858342,133,2007,16,96.67,89.3
27965,Historical,50672,1,2,D,14,1,65289,206.19,2010,74,127.85,132.61
27966,Historical,50671,1,1,D,13,1,72784,93.2,2008,66,127.85,38.99
27967,Historical,50305,0,0,D,18,1,221272,60.95,2011,67,148.45,42.74
27968,Historical,738465,0,0,D,2,1,646270,44,2003,20,80.25,49.99
27969,Historical,3227605,0,0,D,5,1,1832498,35.72,2004,40,0,98.47
27970,Historical,60761,1,1,D,5,1,1296352,113.2,2003,31,182.99,56.43
27971,Historical,2788129,0,0,D,0,0,2381056,68,1985,21,0,50.51
27972,Historical,116665,0,0,D,4,1,228996,201.4,2005,73,80.84,48.01
27973,Historical,60762,0,0,D,3,1,1844766,127.4,2002,76,80.84,46.16
27974,Historical,60763,1,1,D,5,1,641913,52.95,2001,86,47.75,11.39
27975,Historical,127337,1,1,D,6,1,206867,64.95,2008,99,47.75,28.99
27976,Historical,632234,0,0,D,1,0,1570075,92.95,2008,18,75.22,49.03
27977,Historical,456493,0,0,D,7,1,329320,123.95,2008,38,65.37,50.44
27978,Historical,178605,1,1,D,6,1,336572,136.95,2005,54,65.37,9.94
27979,Historical,2168893,0,0,D,16,1,1293167,0,2011,15,0,112.6
27980,Historical,651335,0,0,D,0,0,1933182,119,2008,21,94.97,79.33
27981,Historical,778630,0,0,D,0,0,3446768,127.95,2012,23,65.39,54.19
27982,Historical,500950,0,0,D,1,0,418241,186.95,2011,43,65.39,29.44
27983,Historical,868328,0,0,D,3,1,558416,22.25,2000,20,7.87,43.98
27984,Historical,526952,0,0,D,2,1,679493,231.4,2011,30,132.02,113.99
27985,Historical,145897,1,6,D,1,0,109074,183.6,2009,246,132.02,13.16
27986,Historical,120797,0,0,D,6,1,2618788,97.33,2009,22,26.1,92.62
27987,Historical,132156,1,1,D,5,1,1076244,66.8,2006,56,26.1,20.04
27988,Historical,113055,0,0,D,2,1,2149911,131,2006,23,78.99,39.72
27989,Historical,613644,0,0,D,2,1,455675,69,1994,72,43.99,40.98
27990,Historical,231590,0,0,D,1,0,250151,109.95,2007,47,46.96,23.98
27991,Historical,116918,1,1,D,0,0,531968,135.6,2005,18,116.64,234.06
27992,Historical,607481,0,0,D,0,0,1143503,117.2,2007,44,16.42,48.99
27993,Historical,229112,1,1,D,1,0,390910,84.95,2008,48,52.01,29.49
27994,Historical,607258,0,0,D,0,0,2476395,90.8,2002,31,16.42,24.89
27995,Historical,106880,1,1,D,3,1,38569,59.53,2011,62,23.86,57.32
27996,Historical,549747,1,1,D,1,0,1995578,9.97,2004,45,23.86,9.94
27997,Historical,106758,0,0,D,2,1,959409,16.2,2009,30,23.86,46.31
27998,Historical,2388969,0,0,D,1,0,2551510,57,1982,27,80.99,65.73
27999,Historical,615005,0,0,D,2,1,2255949,84.95,1997,51,48.75,8.99
28000,Historical,829444,0,0,D,0,0,3987822,51.95,1994,28,48.75,47.65
28001,Historical,57914,0,0,D,9,1,138210,45.98,2007,48,73.98,62.63
28002,Historical,110019,1,2,D,1,0,1898763,39.64,2008,30,62.26,84.54
28003,Historical,650344,0,0,D,0,0,3067677,99,2008,13,48.54,88.43
28004,Historical,533526,1,1,D,16,1,40605,279.95,2012,48,149.36,48
28005,Historical,54124,0,0,D,15,1,701948,307.95,2009,53,149.36,29.99
28006,Historical,54123,0,0,D,14,1,762941,222.95,2007,60,149.36,39.39
28007,Historical,667490,0,0,D,1,0,500875,56.95,2009,18,51.95,88.06
28008,Historical,120267,0,0,D,5,1,36405,127.2,2011,71,73.34,12.55
28009,Historical,132531,1,2,D,4,1,545164,122,2007,59,73.34,10.94
28010,Historical,415770,1,1,D,3,1,292568,327,2005,30,193.6,108.28
28011,Historical,128997,0,0,D,3,1,767467,120,2006,55,115.7,28.99
28012,Historical,129268,1,1,D,4,1,98776,152.95,2010,80,115.7,62.31
28013,Historical,272492,0,0,D,1,0,502593,42.95,2011,24,45,34.3
28014,Historical,164985,0,0,D,2,1,490680,0,2000,39,113.99,38.91
28015,Historical,166891,0,0,D,3,1,107572,118.27,2007,35,113.99,77.76
28016,Historical,538503,0,0,D,5,1,20360,455.25,2012,85,23.03,33.89
28017,Historical,254141,0,0,D,6,1,931867,242.95,2009,23,123.99,192.95
28018,Historical,53454,0,0,D,10,1,92900,259.4,2011,48,97.5,73.48
28019,Historical,57627,0,0,D,6,1,8736,376.95,2011,151,105.48,52.43
28020,Historical,572414,0,0,D,6,1,1730175,207.95,2007,27,123.99,42.24
28021,Historical,53455,0,0,D,9,1,369742,233.33,2008,92,97.5,27.98
28022,Historical,110348,0,0,D,4,1,725185,38.97,2008,41,23.03,37.62
28023,Historical,60765,0,0,D,4,1,4302930,139.95,2004,28,127.96,17.78
28024,Historical,198461,0,0,D,5,1,1534070,330.95,2007,16,127.96,63.98
28025,Historical,56862,0,0,D,3,1,2239939,27.99,2006,23,42.82,27.96
28027,Historical,603049,1,1,D,2,1,1461715,2000,2008,30,82.99,47.56
28028,Historical,109698,1,1,D,3,1,2723182,25.94,2005,30,23.03,25.94
28029,Historical,497088,0,0,D,6,1,1130515,303.95,2009,35,127.96,49.78
28030,Historical,56863,0,0,D,4,1,709339,19.67,2009,41,42.82,13.9
28031,Historical,183417,0,0,D,5,1,3126816,182.95,2006,27,123.99,8.27
28032,Historical,57626,1,2,D,5,1,97532,413.95,2008,163,105.48,21.6
28033,Historical,57487,0,0,D,7,1,164699,136,2002,43,91.56,58.81
28034,Historical,57488,0,0,D,8,1,186462,143,2006,35,91.56,38.24
28035,Historical,56988,0,0,D,8,1,1164491,151,2006,21,101.99,73.87
28036,Historical,56987,1,2,D,6,1,2848781,114.4,2002,22,101.99,56.26
28037,Historical,534336,0,0,D,6,1,642736,115,1999,33,91.56,45.82
28038,Historical,163565,0,0,D,2,1,1052983,92.83,1996,35,83.59,44.43
28039,Historical,223038,1,2,D,1,0,1755764,230.95,1999,21,133.97,56.48
28040,Historical,285346,0,0,D,3,1,170153,258.75,2007,49,133.31,57.37
28041,Historical,526946,0,0,D,3,1,656676,121.93,2008,36,133.31,33.99
28042,Historical,162011,0,0,D,5,1,137951,17.1,2009,36,91.04,16.11
28044,Historical,576583,1,2,D,1,0,2529147,133.95,2004,23,28.99,15.17
28045,Historical,200441,0,0,D,2,1,906705,193.95,2009,76,28.99,41.23
28046,Historical,107265,1,2,D,1,0,793381,37.47,2003,33,96.43,46.59
28047,Historical,109398,0,0,D,2,1,176714,68.99,2008,41,96.43,67.37
28048,Historical,538564,1,3,D,7,1,11191,220.5,2012,106,95.12,58.99
28049,Historical,52057,1,5,D,5,1,34661,37.98,2008,88,95.12,38.96
28050,Historical,2169358,0,0,D,1,0,605543,135,2013,39,45.07,36.99
28051,Historical,2165476,0,0,D,1,0,442139,125,2012,22,45.07,53.94
28052,Historical,868341,1,2,D,3,1,1879999,94.95,1996,21,68.94,46.89
28053,Historical,2400744,0,0,D,1,0,3434471,110,1994,29,68.98,22.07
28054,Historical,867981,1,3,D,3,1,1424807,135,1976,28,75.08,60.12
28055,Historical,244060,1,2,D,5,1,59447,284.95,2011,76,158.57,63.57
28056,Historical,148710,0,0,D,4,1,249583,312.95,2008,54,158.57,12.49
28057,Historical,60766,0,0,D,3,1,2255675,275.95,2005,49,158.57,7.35
28058,Historical,127027,0,0,D,1,0,94586,99,2006,41,47.27,38.96
28059,Historical,50838,0,0,D,8,1,2885337,150.36,2003,50,85.5,5.46
28060,Historical,538661,1,3,D,21,1,42261,235.59,2012,85,6.24,217.48
28061,Historical,1441246,0,0,D,20,1,4083928,0,2011,14,0,70.87
28062,Historical,50841,0,0,D,9,1,876938,220.95,2006,79,85.5,38.98
28063,Historical,50837,0,0,D,11,1,871768,429.95,2010,46,85.5,38
28064,Historical,537845,1,2,D,11,1,322028,259.75,2013,43,20.91,93.98
28065,Historical,174190,0,0,D,1,0,1146507,44.99,2000,17,38.15,36.19
28066,Historical,200455,0,0,D,3,1,1171551,115.95,2008,26,51.27,46.81
28067,Historical,594094,1,1,D,2,1,168194,123.95,2010,45,65.11,68.03
28068,Historical,258379,1,1,D,3,1,494899,97.5,2002,14,70.28,43.99
28069,Historical,139599,0,0,D,2,1,2737979,109,1999,21,60.47,60.99
28070,Historical,896307,0,0,D,4,1,5556951,69.95,1999,13,68.84,23.98
28071,Historical,526940,1,2,D,2,1,2041688,74,2006,21,121.39,178.83
28072,Historical,177057,0,0,D,5,1,654339,266.95,2003,25,148.99,64.97
28073,Historical,163155,0,0,D,3,1,119199,53.33,2010,82,20,49.54
28074,Historical,162108,0,0,D,2,1,815902,9.96,2008,67,20,9.11
28075,Historical,555420,0,0,D,1,0,2416065,130,2002,19,180.01,38.99
28076,Historical,184678,0,0,D,6,1,2010846,99.95,2002,21,42.94,51.35
28077,Historical,111067,0,0,D,2,1,76820,50,2009,113,72.15,34.99
28078,Historical,109377,0,0,D,0,0,630198,69.41,2007,57,72.15,47.9
28079,Historical,514674,0,0,D,1,0,1210150,44.5,2006,156,72.15,31.99
28080,Historical,110447,0,0,D,1,0,118540,102.99,2011,50,98.85,67.95
28081,Historical,751269,0,0,D,5,1,4687779,43.93,2009,25,103.83,52.82
28082,Historical,52928,0,0,D,5,1,357545,46.16,2008,44,88.97,68.97
28083,Historical,52930,0,0,D,4,1,1216869,20.09,2005,71,88.97,19.47
28084,Historical,177508,1,1,D,6,1,259483,382.95,2005,36,109.65,53.01
28085,Historical,169711,1,1,D,7,1,200480,389.95,2009,44,109.65,112.05
28086,Historical,200079,0,0,D,1,0,2576777,90.95,2005,45,62.48,11.38
28087,Historical,598509,1,3,D,4,1,63384,130.5,2013,52,33.99,53
28088,Historical,299889,0,0,D,1,0,1851541,86.95,2006,31,33.99,9.75
28089,Historical,616043,1,1,D,2,1,1795283,86.95,2008,56,33.99,9.57
28090,Historical,615196,1,1,D,3,1,572851,111.25,2010,78,33.99,15.5
28091,Historical,764013,0,0,D,6,1,1032733,308.95,2000,29,122.94,33.98
28092,Historical,893877,0,0,D,0,0,1516554,84,2001,13,13.49,46.49
28093,Historical,279350,1,1,D,6,1,1010098,89,2010,22,0,0
28094,Historical,57160,0,0,D,2,1,897329,0,1997,31,103.95,52.76
28095,Historical,57159,0,0,D,4,1,201295,53.98,2008,28,103.95,71.49
28096,Historical,57161,0,0,D,3,1,905831,46.32,2004,26,103.95,48.21
28097,Historical,901064,0,0,D,4,1,1563356,36.95,2004,16,73.17,50.63
28098,Historical,60769,1,1,D,10,1,1385275,19.99,2004,67,58.99,22.88
28099,Historical,167329,0,0,D,11,1,656291,49.41,2008,79,58.99,45
28100,Historical,163040,0,0,D,12,1,78153,33.84,2010,87,58.99,41.24
28101,Historical,481280,0,0,D,3,1,1755469,17.79,2007,63,70.7,17.64
28102,Historical,613315,0,0,D,3,1,505989,180.8,2009,93,70.7,15.43
28103,Historical,146296,1,1,D,4,1,153282,196.4,2010,105,70.7,55.94
28104,Historical,647179,0,0,D,2,1,2178105,89.95,2012,15,42.98,58.94
28105,Historical,635949,0,0,D,1,0,2284197,89.95,2011,25,42.98,85.69
28106,Historical,118865,0,0,D,0,0,344335,138.2,2001,28,82.99,57.04
28107,Historical,298510,0,0,D,1,0,671052,210.95,2006,65,58.99,19.23
28108,Historical,879110,0,0,D,4,1,3789565,20.17,2012,21,107.49,20.74
28109,Historical,50661,1,1,D,3,1,543677,197.95,2007,66,107.49,25.95
28110,Historical,50660,1,1,D,4,1,53924,179.95,2011,83,107.49,32.99
28111,Historical,50681,0,0,D,8,1,1560660,377.95,2007,46,163.16,22.74
28112,Historical,50679,0,0,D,10,1,372877,311.95,2011,100,163.16,12.29
28113,Historical,609870,1,1,D,11,1,15115,311.95,2013,65,163.16,50.89
28114,Historical,50678,1,1,D,9,1,780375,343.95,2009,85,163.16,12.59
28115,Historical,606703,0,0,D,4,1,1271880,100.95,1992,31,28.88,10.98
28116,Historical,54609,0,0,D,5,1,109363,194.95,1997,104,116.49,49.7
28117,Historical,298580,1,2,D,3,1,1579876,101,2001,15,115.32,28.99
28118,Historical,1507053,0,0,D,2,1,1105798,48,2010,13,33.99,37.94
28119,Historical,296515,0,0,D,4,1,843812,84.95,2009,54,33.98,21
28120,Historical,56632,0,0,D,5,1,36278,74.33,2006,68,56.61,42.23
28121,Historical,56630,1,2,D,4,1,576031,51.33,2000,57,56.61,11.73
28122,Historical,139578,0,0,D,4,1,2740308,99,2009,18,76.64,30.98
28124,Historical,115361,0,0,D,0,0,1569028,160,2004,22,33.99,66.35
28125,Historical,593019,0,0,D,6,1,2046586,137.61,2009,20,125.65,45.09
28126,Historical,169921,1,1,D,6,1,80132,271.95,2009,53,125.65,84.1
28127,Historical,252772,1,4,D,1,0,238260,84.99,2010,205,118.97,10.57
28128,Historical,219939,0,0,D,0,0,4933010,72,2001,21,152.85,32.99
28129,Historical,219946,0,0,D,2,1,2683151,71,2005,14,152.85,52.99
28130,Historical,538586,0,0,D,5,1,13964,259.25,2012,83,170.48,47.85
28131,Historical,50145,1,2,D,9,1,31650,186.67,2008,85,83.99,27.65
28132,Historical,111152,1,1,D,2,1,106153,218.5,2010,77,6.81,28.48
28133,Historical,60770,0,0,D,4,1,1539470,103.95,2004,30,162.58,41.49
28134,Historical,60771,0,0,D,5,1,1555926,274.95,2007,36,162.58,48.75
28135,Historical,608759,0,0,D,4,1,2182300,0,2003,29,54.08,65.07
28136,Historical,880427,1,5,D,6,1,1121909,17.88,2013,49,103.98,16.02
28137,Historical,53377,0,0,D,5,1,991676,173,2006,35,54.08,18.98
28138,Historical,53378,0,0,D,6,1,254645,155.95,2007,36,54.08,89.88
28139,Historical,50136,0,0,D,5,1,194085,310.95,2008,224,103.98,17.87
28140,Historical,50654,0,0,D,4,1,29992,57.78,2008,75,170.48,48.02
28141,Historical,2255177,0,0,D,6,1,1663773,71.69,2011,46,67.44,42.24
28142,Historical,286470,0,0,D,6,1,44047,242.4,2011,165,102.72,32.99
28143,Historical,145813,1,1,D,5,1,689666,195.2,2008,146,102.72,8.99
28144,Historical,145814,0,0,D,12,1,197083,243.8,2007,124,143.89,18.99
28145,Historical,53009,0,0,D,12,1,1469901,186.67,2008,22,143.89,293.82
28146,Historical,872398,1,2,D,13,1,1998384,31.99,2010,33,176.24,31.99
28147,Historical,53997,0,0,D,12,1,30729,198.67,2007,169,176.24,28.99
28148,Historical,251306,1,2,D,1,0,427791,35,2007,21,0,38.11
28149,Historical,2341541,0,0,D,2,1,416510,0,1964,25,48.39,73.25
28150,Historical,2847023,0,0,D,3,1,4684874,53.95,1994,14,97.34,100
28151,Historical,205340,0,0,D,4,1,357072,83.2,2001,30,97.34,78.87
28152,Historical,561644,0,0,D,2,1,1661956,69.95,2006,56,43.09,15.99
28153,Historical,550806,1,1,D,5,1,27282,259.25,2012,103,165.82,24.97
28154,Historical,747769,1,3,D,0,0,1393678,0,2012,11,65.94,50
28155,Historical,53451,1,1,D,9,1,26805,247.4,2008,79,97.34,41.82
28156,Historical,285484,0,0,D,1,0,1287665,89.66,2008,43,57.54,23.99
28157,Historical,50674,0,0,D,4,1,253372,19.64,2008,46,165.82,39.01
28158,Historical,183756,0,0,D,6,1,1302722,155.95,2007,33,54.8,28.96
28159,Historical,154241,0,0,D,2,1,4892710,78,1997,29,60.02,44.33
28160,Historical,53447,1,1,D,5,1,41203,310.95,2008,213,98.99,27.48
28161,Historical,54720,1,4,D,6,1,1260693,171.95,2009,27,54.8,28.99
28162,Historical,50675,0,0,D,3,1,1024049,164,2005,61,165.82,21.79
28163,Historical,54719,0,0,D,5,1,1904850,221,2006,58,54.8,13.78
28164,Historical,53960,1,1,D,7,1,110085,326.95,2011,135,219.58,60.27
28165,Historical,53959,0,0,D,6,1,743931,345.95,2007,89,219.58,41.9
28166,Historical,477648,0,0,D,1,0,866380,194.95,2007,16,74.91,18.35
28167,Historical,860934,0,0,D,0,0,518021,161,2012,14,99.94,101.2
28168,Historical,130164,0,0,D,11,1,579964,130.67,2003,40,48.98,25.61
28169,Historical,224554,1,3,D,4,1,76060,135,2000,119,84.2,27.77
28170,Historical,537963,1,1,D,1,0,477778,136.95,2000,26,34.93,28.43
28171,Historical,2405385,0,0,D,0,0,4023974,132.95,1990,22,72.98,7.82
28172,Historical,50911,0,0,D,7,1,151169,208,2008,51,109.59,67.85
28173,Historical,50912,0,0,D,8,1,104138,237.8,2010,74,109.59,65.87
28174,Historical,505029,0,0,D,4,1,1448766,166,2008,18,178.99,8.99
28175,Historical,600139,0,0,D,5,1,1617942,201,2011,16,178.99,141.83
28176,Historical,422011,1,1,D,4,1,247761,104,2007,111,83.5,17.49
28177,Historical,118257,0,0,D,5,1,94082,120,2011,146,83.5,24.85
28178,Historical,204075,0,0,D,2,1,209274,75.95,2007,66,32.84,19.98
28179,Historical,270993,0,0,D,3,1,46835,86.99,2011,63,32.84,67.15
28180,Historical,752796,0,0,D,9,1,462902,83.51,2010,33,45,72.41
28181,Historical,764538,0,0,D,3,1,4462719,195.95,2003,18,97.82,7.84
28182,Historical,291555,1,1,D,4,1,603834,439.95,2005,68,97.82,53.98
28183,Historical,692311,0,0,D,3,1,4003252,91.95,2001,20,138.94,9.39
28184,Historical,177213,0,0,D,4,1,1060535,290.95,2005,47,138.94,52.84
28185,Historical,911845,1,1,D,1,0,1420353,110,1994,30,99.99,95.15
28186,Historical,139538,0,0,D,0,0,3486436,139,1995,21,111.94,54
28187,Historical,139628,0,0,D,2,1,4833673,99,2000,11,111.94,18.34
28188,Historical,905916,0,0,D,1,0,2848153,235,1979,26,108.95,102.35
28189,Historical,868314,1,1,D,3,1,2961342,105,1991,30,4,46.64
28190,Historical,3463383,0,0,D,2,1,4664026,99,2002,19,0,43.51
28191,Historical,905765,0,0,D,1,0,1605089,97,2004,13,63.99,23.13
28192,Historical,757406,1,1,D,2,1,1812623,100,1998,27,58.5,10.44
28193,Historical,609119,1,1,D,2,1,1372312,238.95,2002,35,66.19,71.83
28194,Historical,249944,0,0,D,3,1,32540,244.95,2009,36,66.19,61.95
28195,Historical,50255,1,1,D,15,1,244433,68.2,2003,62,57.68,9.98
28196,Historical,50256,1,11,D,16,1,438187,87.6,2006,53,57.68,43.26
28197,Historical,56683,0,0,D,4,1,55173,221.95,2005,148,83.98,22.9
28198,Historical,901173,0,0,D,3,1,799913,66,1991,15,61.72,57.4
28199,Historical,118691,0,0,D,4,1,2672440,98,1996,17,61.72,61.51
28200,Historical,143040,0,0,D,1,0,1042580,44,2007,23,74.91,36.94
28201,Historical,50662,1,3,D,11,1,46054,261.4,2010,86,142.99,63.94
28202,Historical,50665,0,0,D,10,1,294199,194,2007,82,142.99,58.02
28203,Historical,116972,0,0,D,4,1,478805,177.4,2005,45,98.94,153.91
28204,Historical,115617,0,0,D,3,1,616784,109.4,2000,33,98.94,54.51
28205,Historical,257493,0,0,D,2,1,1105186,209.95,2000,28,115.84,67.05
28206,Historical,148477,0,0,D,2,1,2675787,291.95,2008,25,145.38,55.31
28207,Historical,291701,1,1,D,3,1,24119,277.95,2011,72,145.38,103.99
28208,Historical,148713,0,0,D,2,1,473111,293.95,2008,66,145.38,11.62
28209,Historical,254271,0,0,D,1,0,648692,135.95,2010,26,90.99,8.64
28210,Historical,112083,0,0,D,0,0,1649340,295,2011,53,52.83,16.6
28211,Historical,152719,0,0,D,0,0,699778,209,2002,59,44.58,28.49
28212,Historical,2588590,0,0,D,2,1,1185889,65,1972,16,40.91,109.7
28213,Historical,113098,0,0,D,3,1,228992,165,2007,24,141.05,153.63
28214,Historical,143271,0,0,D,3,1,238698,49,2010,23,33.99,43.58
28215,Historical,637341,0,0,D,2,1,1079241,42,2003,24,33.99,99.97
28216,Historical,296168,0,0,D,2,1,1496665,83.95,2006,22,74.98,33.98
28217,Historical,199240,1,2,D,1,0,596184,62,2006,47,42.88,49.97
28219,Historical,2408063,0,0,D,0,0,3234114,99,1996,16,133.69,18.94
28220,Historical,255387,1,2,D,0,0,973593,99.95,1999,51,83.99,38.09
28221,Historical,255417,0,0,D,3,1,250729,169.95,2008,28,83.99,78.78
28222,Historical,255419,1,1,D,3,1,479295,99.95,2008,32,0,0
28223,Historical,184026,0,0,D,3,1,3261167,202.95,2005,38,102.82,11.18
28224,Historical,244063,1,3,D,5,1,256237,167.95,2011,51,102.82,18.88
28225,Historical,251088,0,0,D,4,1,1592849,184.95,2008,42,102.82,19.74
28226,Historical,870837,0,0,D,1,0,3081251,39.95,1995,28,19.69,14.05
28227,Historical,591343,0,0,D,2,1,1681506,236.95,2004,38,107.51,85.24
28228,Historical,618625,1,1,D,5,1,116054,69.28,2005,54,59.99,43.99
28229,Historical,266956,1,2,D,0,0,2064129,40,2005,13,59.99,22.62
28230,Historical,245107,1,1,D,2,1,1472625,225.95,2004,35,42.23,23.89
28231,Historical,618266,0,0,D,9,1,65481,93.28,2010,68,84.24,53.76
28232,Historical,3569189,0,0,D,0,0,2710057,69.95,1996,18,0,66.41
28233,Historical,2333694,0,0,D,4,1,2980902,99,1995,27,6.23,20
28234,Historical,917728,0,0,D,3,1,4763995,71.95,1988,23,17.95,23.94
28235,Historical,222814,1,4,D,4,1,282383,60,2005,54,70.52,110.49
28236,Historical,658541,1,2,D,4,1,511330,65,2009,26,68.99,96.46
28237,Historical,905917,1,1,D,3,1,3046894,52,2004,18,68.99,26.56
28238,Historical,147666,1,1,D,6,1,205684,103,2011,83,83.98,28.79
28239,Historical,147546,0,0,D,5,1,672269,86.95,2007,66,83.98,15.97
28240,Historical,147624,0,0,D,2,1,41241,39.95,2010,96,28.83,23.99
28241,Historical,147428,1,1,D,1,0,253929,29.95,2005,97,28.83,14.94
28242,Historical,582745,0,0,D,1,0,329144,73.95,2000,23,69.5,19.9
28243,Historical,200030,0,0,D,2,1,59926,190.95,2007,46,69.5,49.97
28244,Historical,907117,0,0,D,0,0,1265856,44.95,2003,24,30.95,51.23
28245,Historical,127303,0,0,D,0,0,1201126,54.95,2004,15,30.95,23.01
28246,Historical,624996,0,0,D,1,0,1460220,120,2004,29,51.03,50.71
28247,Historical,606784,0,0,D,8,1,631132,75,2009,24,37.33,39.99
28248,Historical,754787,0,0,D,1,0,3334349,34.95,2003,21,0,0
28249,Historical,55815,1,1,D,1,0,211425,33.79,2001,43,39.95,47.99
28250,Historical,252904,0,0,D,5,1,625291,59.99,2010,84,48.21,17.49
28251,Historical,526907,0,0,D,6,1,189185,59.99,2012,35,48.21,40.08
28252,Historical,266927,0,0,D,4,1,1029981,59.99,2007,64,48.21,9.99
28253,Historical,623525,0,0,D,0,0,150243,34.99,2009,67,46.38,11.96
28254,Historical,628766,0,0,D,0,0,1145857,49.99,2009,25,49.92,21.99
28255,Historical,2036407,0,0,D,1,0,2337418,49.99,2006,40,43.71,8.11
28256,Historical,637065,0,0,D,1,0,1113967,59.99,2010,22,43.99,39.08
28258,Historical,643514,0,0,D,0,0,1194536,54.99,2010,12,0,34.09
28259,Historical,613797,0,0,D,1,0,398815,49.99,2005,58,0,0
28260,Historical,286210,1,1,D,7,1,1086292,106.8,2006,30,103.87,9.97
28261,Historical,120784,1,1,D,8,1,81785,151.4,2010,32,103.87,7.69
28262,Historical,915136,1,1,D,0,0,4065284,58,2004,32,32.57,16.83
28263,Historical,1590273,0,0,D,1,0,837133,99.99,2009,66,42.74,62.63
28264,Historical,634058,0,0,D,0,0,1729541,65,1986,32,43.94,10.52
28265,Historical,3482635,0,0,D,2,1,2358853,64.95,1992,26,0,43.99
28266,Historical,116712,0,0,D,7,1,424424,145.33,2005,45,173.65,39.68
28267,Historical,742236,0,0,D,8,1,982661,45.98,2009,29,173.65,45.77
28268,Historical,164878,0,0,D,1,0,3380252,161.95,1996,23,83.98,49.8
28269,Historical,146058,0,0,D,8,1,155360,184.67,2009,52,173.65,159.25
28270,Historical,556587,0,0,D,2,1,167016,110,1986,27,83.08,52.99
28271,Historical,191900,0,0,D,1,0,983625,23.99,2003,22,73.48,27.9
28272,Historical,264961,0,0,D,1,0,237429,99.95,2006,26,83.79,58.88
28273,Historical,52502,1,5,D,7,1,401245,298.95,2007,64,168.44,25.99
28274,Historical,52503,1,2,D,7,1,78812,361.95,2008,51,168.44,41.1
28275,Historical,2621611,0,0,D,3,1,10181375,0,1990,16,0,32.99
28276,Historical,169448,0,0,D,3,1,642412,341.95,2006,32,119.99,48.29
28277,Historical,58510,1,1,D,7,1,711769,127.6,2002,67,90.42,37.88
28278,Historical,58511,1,1,D,8,1,549321,153.33,2006,84,90.42,32.46
28279,Historical,176929,0,0,D,2,1,973631,139.95,2001,38,119.99,18.99
28280,Historical,633030,1,1,D,1,0,213629,109.95,2008,37,37.36,66.8
28281,Historical,566448,0,0,D,2,1,198225,79.38,2004,92,110.81,50.49
28282,Historical,900639,0,0,D,0,0,1021191,70,1999,18,127.66,198.01
28284,Historical,2346954,0,0,D,3,1,4056497,0,1991,17,74.9,61.11
28285,Historical,116762,0,0,D,3,1,186166,251.2,2008,49,188.89,152.99
28286,Historical,113907,0,0,D,3,1,797439,180,2001,29,188.89,42.45
28287,Historical,264886,0,0,D,2,1,1983217,109.95,2002,18,30.94,33.7
28288,Historical,286249,0,0,D,10,1,637649,148.8,2008,105,83.99,6.85
28289,Historical,120248,0,0,D,11,1,127297,134.4,2011,58,83.99,21.69
28290,Historical,631016,1,1,D,4,1,142412,55,2001,44,43.99,61.21
28291,Historical,55188,1,1,D,6,1,99191,131,2009,83,123.99,23.56
28292,Historical,55187,0,0,D,5,1,1891930,114.2,2006,57,123.99,23.98
28293,Historical,526891,0,0,D,10,1,133864,115.95,2012,58,80.93,18.99
28294,Historical,544423,0,0,D,11,1,572102,104.95,2012,62,80.93,22.97
28295,Historical,540581,0,0,D,11,1,298657,62.4,2010,36,57.25,14.23
28296,Historical,212627,0,0,D,10,1,1166798,44,2005,23,57.25,29.08
28297,Historical,169196,1,1,D,6,1,738777,56.95,2006,21,23.94,17.99
28298,Historical,832588,0,0,D,3,1,5553352,89,1996,17,49.98,72.41
28299,Historical,743643,0,0,D,4,1,4044541,115,2005,17,49.98,90.66
28300,Historical,54679,0,0,D,6,1,1313262,103,2006,69,83.24,33.39
28301,Historical,54680,1,1,D,7,1,448516,128,2008,54,83.24,33.97
28302,Historical,203413,1,1,D,7,1,1025914,54.95,2000,21,34.9,60.61
28304,Historical,629206,1,1,D,2,1,333901,202,2012,37,50.87,69.48
28305,Historical,193616,1,1,D,0,0,1015150,132,2008,52,50.87,18.95
28306,Historical,610085,0,0,D,10,1,175496,224,2012,85,53.99,53.99
28307,Historical,574698,0,0,D,8,1,3074308,124,2005,20,53.99,19.94
28308,Historical,293216,0,0,D,9,1,214775,144,2008,31,53.99,43.97
28309,Historical,629999,0,0,D,6,1,1043593,202,2011,19,123.54,27.94
28310,Historical,193653,1,1,D,5,1,4383915,138,2009,15,123.54,28.99
28311,Historical,633869,1,1,D,9,1,71810,193,2012,54,38.94,80.8
28312,Historical,293213,0,0,D,8,1,995893,125,2008,50,38.94,24.99
28313,Historical,193523,0,0,D,7,1,2312308,121,2006,21,155.19,43.99
28314,Historical,193721,0,0,D,8,1,175732,194,2010,108,155.19,33.99
28315,Historical,872075,1,1,D,5,1,3131099,34.28,2008,24,18.68,54.97
28316,Historical,610159,0,0,D,6,1,302223,195,2012,55,18.68,92.31
28317,Historical,193654,0,0,D,5,1,1162646,125,2008,56,18.68,17.07
28318,Historical,142936,0,0,D,3,1,1479482,185,2004,33,0,0
28319,Historical,550158,1,4,D,1,0,1481344,33.02,2004,32,52.59,29.39
28320,Historical,617160,0,0,D,2,1,122535,58.58,2008,31,52.59,50.71
28321,Historical,610076,1,3,D,7,1,18273,228,2012,149,63.99,78.99
28322,Historical,57907,1,4,D,6,1,580564,152,2007,157,63.99,79.87
28323,Historical,143409,0,0,D,4,1,2781202,59,2001,21,54.31,7.98
28324,Historical,778331,0,0,D,8,1,4952290,73.95,2004,15,119.94,22.99
28325,Historical,477663,0,0,D,9,1,335529,120.95,2006,45,119.94,62.43
28326,Historical,2252428,0,0,D,9,1,3642401,95.61,2010,34,18.99,88.18
28327,Historical,143609,1,1,D,9,1,892355,167,2010,50,18.99,23.99
28328,Historical,871054,1,1,D,8,1,1216532,125,2007,47,18.99,12.75
28329,Historical,899706,0,0,D,0,0,3414784,55,1990,15,44.81,63.94
28330,Historical,2834267,0,0,D,2,1,2545654,42.95,1999,24,5.89,57.84
28331,Historical,3087903,0,0,D,1,0,834476,52.95,2004,26,49.94,78.33
28332,Historical,178856,1,1,D,6,1,533023,188.95,2008,94,79.48,11.31
28333,Historical,178836,0,0,D,5,1,2634541,133.95,2003,43,79.48,4.9
28334,Historical,827747,1,1,D,1,0,917840,44.95,1996,26,21.24,45.57
28335,Historical,803862,0,0,D,1,0,1377131,159,2005,16,104.98,48.87
28336,Historical,804036,0,0,D,1,0,1761992,159,2006,17,126.56,33.99
28337,Historical,131211,0,0,D,3,1,1641338,93,1998,44,68.99,9.48
28338,Historical,120367,0,0,D,9,1,395544,190.4,2009,56,142.98,8.79
28339,Historical,526880,1,1,D,10,1,110595,200,2012,48,27.19,22.99
28340,Historical,286103,1,1,D,8,1,1358039,131,2006,46,142.98,6.1
28341,Historical,901549,0,0,D,1,0,4100157,230,2005,10,143.85,102.41
28343,Historical,114792,1,1,D,7,1,1811691,126.7,2002,26,49.65,21.08
28344,Historical,60775,1,1,D,2,1,717601,41.62,2003,52,113.99,66.29
28345,Historical,917914,1,2,D,4,1,795472,47.7,2001,24,59.35,47.54
28346,Historical,868149,0,0,D,3,1,3271167,36.6,1992,38,21.09,8.99
28347,Historical,157631,0,0,D,3,1,479161,76.95,2008,35,58.85,65.99
28348,Historical,58282,0,0,D,7,1,1165671,14.09,2006,63,90.84,14.04
28349,Historical,545024,1,1,D,2,1,10540,93,2012,56,51.33,19.65
28350,Historical,910493,0,0,D,3,1,3539677,38,1999,29,50.49,43.09
28351,Historical,2333760,0,0,D,2,1,4365277,206,1991,25,178.55,23.39
28352,Historical,253952,1,3,D,3,1,443018,165.95,2010,31,113.73,59.97
28353,Historical,249838,1,1,D,2,1,2577482,163.95,2006,28,75.08,45.15
28354,Historical,776216,0,0,D,0,0,3634695,30.5,2009,25,5.77,9.98
28355,Historical,293197,0,0,D,5,1,170479,158,2006,103,118.94,69.45
28356,Historical,868657,0,0,D,3,1,1814878,108,2001,11,80.95,43.97
28357,Historical,119427,1,3,D,1,0,44050,232.2,2012,63,122.45,27.97
28358,Historical,621409,1,1,D,0,0,487779,54,2007,64,33.99,17.94
28359,Historical,617928,0,0,D,1,0,1125374,59.99,2008,37,28.97,46.88
28360,Historical,3585455,1,1,D,4,1,1085479,39.95,1992,22,0,45.65
28361,Historical,164330,0,0,D,2,1,1271222,46.78,2003,26,161.94,23.99
28362,Historical,107610,1,3,D,3,1,288675,57.99,2003,84,150.69,42.52
28363,Historical,550224,0,0,D,4,1,162634,166.22,2007,39,150.69,38.43
28364,Historical,295775,0,0,D,2,1,921871,177.95,2001,16,102.24,62.58
28365,Historical,110106,1,1,D,6,1,256790,324.46,2008,43,93.99,44.14
28366,Historical,662928,0,0,D,6,1,468884,107.75,2008,27,93.99,77.92
28367,Historical,632217,1,4,D,4,1,1080533,0,2000,38,93.99,45.99
28368,Historical,248139,1,1,D,5,1,93909,106,2010,68,34.98,53.98
28369,Historical,625432,0,0,D,2,1,638636,46,2004,40,43,42.89
28370,Historical,890090,0,0,D,5,1,5308292,32,2007,13,76.79,93.55
28371,Historical,270112,0,0,D,6,1,394222,215,2010,52,76.79,183.99
28372,Historical,667761,0,0,D,4,1,722469,202,2006,25,105.23,118.17
28373,Historical,533317,0,0,D,5,1,50098,65,2008,35,57.74,34.99
28374,Historical,639939,0,0,D,2,1,651717,44.99,2011,20,28.13,19.4
28375,Historical,628307,0,0,D,1,0,678479,32.47,2006,44,31.98,23.99
28376,Historical,620331,1,1,D,8,1,108873,70,2006,63,41.46,68.27
28377,Historical,618174,0,0,D,7,1,53795,70,2001,119,41.46,37.94
28378,Historical,2331183,0,0,D,0,0,7269614,0,1978,16,46.09,87.93
28379,Historical,2347533,0,0,D,3,1,1664555,101.25,1992,18,46.09,153.09
28380,Historical,610027,1,1,D,7,1,561469,70,2012,32,85.53,107.03
28381,Historical,526867,0,0,D,7,1,105706,75.35,2010,52,85.53,83.84
28382,Historical,60776,0,0,D,6,1,500476,53.98,2006,58,85.53,32.75
28383,Historical,630982,1,1,D,7,1,700538,19.89,2010,65,34.46,19.88
28384,Historical,916932,0,0,D,6,1,1674570,12.54,2006,40,34.46,7
28385,Historical,57232,1,2,D,2,1,1424670,61.6,2007,73,25.94,12.39
28386,Historical,911330,0,0,D,2,1,2832905,14.89,2007,47,25.94,15.5
28387,Historical,57230,1,1,D,3,1,35930,86.2,2011,82,25.94,9.74
28388,Historical,758230,0,0,D,1,0,725031,70,2003,74,29.1,8.32
28389,Historical,577415,0,0,D,9,1,919954,57.99,2008,50,25.61,17.99
28390,Historical,249785,1,1,D,3,1,789556,167.95,2006,60,109.27,9.49
28391,Historical,261069,0,0,D,0,0,1412590,54.95,2001,16,111.63,51.44
28392,Historical,584352,0,0,D,0,0,3123065,26.8,1994,26,78.93,56.65
28393,Historical,164647,0,0,D,4,1,2989114,69.25,2004,31,28.07,94.33
28394,Historical,1656831,1,3,D,5,1,632690,101.95,2006,9,69.99,181.59
28395,Historical,657645,0,0,D,5,1,281103,79.95,2006,29,0,0
28396,Historical,874715,0,0,D,2,1,1444131,93.95,2012,36,61.93,52.65
28397,Historical,200374,0,0,D,1,0,934811,52.95,2009,116,61.93,9.99
28398,Historical,254540,0,0,D,2,1,95973,98.95,2012,175,61.93,13.98
28399,Historical,526863,1,2,D,6,1,37276,77,2010,107,62.55,34.98
28400,Historical,552229,0,0,D,5,1,1152704,56.95,2005,127,62.55,19.24
28401,Historical,712959,0,0,D,3,1,7868504,52.6,2001,15,43.7,9.49
28402,Historical,116063,0,0,D,4,1,3113773,65.8,2005,21,43.7,18
28403,Historical,915426,0,0,D,1,0,1376636,79.95,2009,23,56.85,45.04
28404,Historical,290313,0,0,D,1,0,1539006,70,1997,31,44.47,16.99
28405,Historical,167170,0,0,D,4,1,92312,95,2007,106,58.27,27.73
28406,Historical,165354,0,0,D,3,1,180652,120,2002,68,43.96,12.25
28407,Historical,616215,1,1,D,2,1,741702,99.95,2003,46,83.66,22.93
28408,Historical,775851,0,0,D,3,1,5728103,118,2004,19,63.99,8.99
28409,Historical,738599,0,0,D,0,0,1544194,54,2012,20,19.51,17.99
28410,Historical,624884,0,0,D,0,0,2596505,53,2011,21,19.51,18.49
28411,Historical,613188,0,0,D,4,1,1396960,136,2008,47,63.99,7.9
28412,Historical,2257630,0,0,D,0,0,4661331,0,2010,18,0,35.06
28413,Historical,143623,1,3,D,1,0,557843,190,2010,78,139.17,15.99
28414,Historical,57902,0,0,D,10,1,209168,184,2008,60,87.08,9.58
28415,Historical,270122,0,0,D,11,1,46640,217,2011,64,87.08,82.63
28416,Historical,271111,1,1,D,11,1,238731,208,2011,26,124.98,42.49
28417,Historical,861607,0,0,D,1,0,1958987,100.95,2013,26,0,49.99
28418,Historical,544389,1,1,D,0,0,739461,110.95,2013,35,87.01,53.93
28419,Historical,544400,1,2,D,1,0,713740,91.95,2013,44,88.58,40.49
28420,Historical,870810,0,0,D,1,0,2858908,124.95,2008,23,88.58,26
28421,Historical,243918,0,0,D,1,0,1346982,106.95,2011,25,88.58,47.03
28422,Historical,3022162,1,1,D,2,1,2834268,49.95,2002,20,50.08,30
28423,Historical,626358,1,1,D,1,0,126766,110,2008,71,85.38,42.99
28424,Historical,632583,0,0,D,1,0,759445,59.99,2010,25,26.87,16.47
28425,Historical,553617,1,1,D,3,1,1019902,54.2,2008,119,27.49,6.48
28426,Historical,526857,0,0,D,4,1,24475,74.2,2012,59,27.49,33.98
28427,Historical,119219,1,1,D,3,1,29455,82.2,2012,135,58.4,26.49
28428,Historical,120125,0,0,D,2,1,222456,63.8,2010,98,58.4,8.94
28429,Historical,877286,1,1,D,3,1,1419177,55.11,2012,51,58.4,36.13
28430,Historical,1463577,0,0,D,0,0,3078054,39.94,2008,14,53.47,7.49
28431,Historical,613973,0,0,D,5,1,386557,94.8,2009,57,57.95,37.29
28432,Historical,607347,0,0,D,4,1,1068575,76,2006,45,57.95,14.7
28433,Historical,756556,0,0,D,0,0,1137582,90,2001,47,53.46,33.99
28434,Historical,607217,0,0,D,3,1,595477,84,2001,36,38.94,14.89
28435,Historical,901995,0,0,D,2,1,10956730,90,1997,14,38.94,20
28436,Historical,50569,0,0,D,5,1,19399,192.95,2009,64,149.89,68.1
28437,Historical,247513,1,1,D,1,0,379363,98,2006,45,69.96,18.99
28438,Historical,50570,1,1,D,4,1,395894,131.95,2005,73,149.89,16.71
28439,Historical,118553,0,0,D,7,1,580274,123.2,2006,32,33.98,61.57
28440,Historical,114423,0,0,D,6,1,1579816,101.6,2002,39,33.98,9.74
28441,Historical,3246017,0,0,D,3,1,1966286,31.84,2003,28,0,27.77
28442,Historical,144240,1,2,D,3,1,462719,143.33,2003,80,113.87,19.79
28443,Historical,913491,0,0,D,0,0,3246533,93,1999,24,6.4,43.24
28444,Historical,206124,0,0,D,1,0,875093,50,2008,29,51.17,13.98
28445,Historical,650226,0,0,D,0,0,1573560,124.8,1999,21,74.92,93.87
28446,Historical,119815,0,0,D,0,0,2372012,113.4,2006,20,58.32,41.99
28447,Historical,617137,0,0,D,4,1,11694,235.25,2010,61,78.94,73.73
28448,Historical,897091,0,0,D,0,0,1890794,16.57,2007,26,58.32,19.43
28449,Historical,871868,0,0,D,0,0,1628900,53.28,2002,21,74.98,43.99
28450,Historical,365167,1,1,D,3,1,1458531,29.95,2003,21,50.28,27.66
28451,Historical,270740,1,3,D,2,1,883545,104,2009,28,74.98,77.77
28452,Historical,526854,0,0,D,5,1,1113000,58.95,2009,44,50.28,86.43
28453,Historical,711200,0,0,D,6,1,1727636,55.8,2001,29,5.2,56.09
28454,Historical,200510,0,0,D,5,1,1143009,179.95,2009,45,33.2,13.87
28455,Historical,57896,0,0,D,4,1,1245403,88.95,2004,53,83.66,11.99
28456,Historical,57899,0,0,D,5,1,262466,194.95,2009,61,83.66,55.42
28458,Historical,561148,1,1,D,1,0,175963,74.99,2008,80,46.98,41.96
28459,Historical,276942,1,3,D,2,1,1749514,59.95,2005,38,38.43,12.93
28460,Historical,185943,0,0,D,3,1,80271,49.99,2004,40,34.99,51.99
28461,Historical,868493,0,0,D,1,0,1048251,49.99,2008,29,33.96,54.13
28462,Historical,703348,0,0,D,0,0,2963573,104.69,2005,37,65.99,9.99
28463,Historical,54431,0,0,D,0,0,732021,6.47,2008,67,65.99,9.84
28464,Historical,1438353,0,0,D,2,1,3505932,25.07,2007,21,0,23.99
28465,Historical,57893,0,0,D,3,1,96457,77.95,2009,40,33.95,40.94
28466,Historical,57894,1,1,D,2,1,703492,74.95,2005,29,33.95,10.36
28467,Historical,107325,0,0,D,1,0,1983661,151.85,2001,22,73.87,11.73
28468,Historical,698160,0,0,D,1,0,5529043,0,2001,10,73.87,98.33
28469,Historical,56345,1,1,D,5,1,1366797,192.95,2008,45,111.11,4.9
28470,Historical,56341,0,0,D,6,1,746717,166.95,2010,83,111.11,10.79
28471,Historical,587688,1,1,D,7,1,57866,175.95,2012,73,111.11,33.98
28472,Historical,526846,0,0,D,7,1,511515,152.95,2012,41,48.99,58.99
28473,Historical,250069,0,0,D,4,1,3457735,109.95,2005,28,48.99,8.15
28474,Historical,178906,0,0,D,6,1,1401637,138.95,2010,43,48.99,5.16
28475,Historical,537496,0,0,D,1,0,893519,69.95,2010,25,33.89,25.98
28476,Historical,2423726,0,0,D,1,0,292939,20.95,1986,28,23.66,13.99
28477,Historical,2039311,0,0,D,0,0,1809610,112,2008,13,63.99,112.83
28478,Historical,608708,0,0,D,2,1,2127892,59.99,2001,36,20.94,23.99
28479,Historical,608727,1,1,D,3,1,366679,59.99,2006,30,20.94,31.99
28480,Historical,2910328,0,0,D,2,1,550459,44.95,2004,126,27.99,12.41
28481,Historical,2160415,0,0,D,3,1,157215,49.95,2009,48,0,17.79
28482,Historical,1615756,0,0,D,1,0,1206445,44.99,2009,29,35.5,27.93
28483,Historical,755396,0,0,D,4,1,3038632,65,2004,12,122.03,80.08
28484,Historical,539255,0,0,D,7,1,196040,141.4,2012,37,101.38,25.31
28485,Historical,740520,0,0,D,3,1,4045518,94,2005,30,101.38,9.94
28486,Historical,552816,0,0,D,6,1,177203,127.8,2010,48,101.38,31.99
28487,Historical,1714864,0,0,D,0,0,2801669,0,2008,11,24.38,40.98
28488,Historical,289832,0,0,D,0,0,255393,47.95,2009,25,22.94,42.91
28489,Historical,868178,0,0,D,1,0,1346937,74.95,2006,23,73.69,83.99
28491,Historical,231210,0,0,D,1,0,1401244,99,2002,20,69.14,78.67
28492,Historical,584545,0,0,D,0,0,616268,99,2002,28,120.1,32.02
28493,Historical,113128,0,0,D,1,0,2294085,95.95,2007,24,63.69,70.33
28494,Historical,749415,0,0,D,2,1,905928,95,2007,50,53.92,46.24
28495,Historical,888806,0,0,D,0,0,4452108,122.84,2012,18,0,71.81
28496,Historical,308820,0,0,D,2,1,1027418,56.58,2003,22,0,61.4
28497,Historical,405987,0,0,D,1,0,2493001,85,2006,39,37.85,15.72
28498,Historical,339574,0,0,D,7,1,530127,20.93,2008,73,81.51,16.47
28499,Historical,317137,0,0,D,2,1,533187,219.8,2013,65,197.19,14.99
28500,Historical,341636,0,0,D,8,1,1664589,80,2003,67,39.82,8.98
28501,Historical,406088,0,0,D,3,1,4474574,50,2001,22,71.44,59.25
28502,Historical,339704,0,0,D,3,1,163386,65,2009,35,38.98,23.54
28503,Historical,344378,0,0,D,2,1,1268235,60,2006,36,38.98,11.54
28504,Historical,365291,0,0,D,2,1,1622769,41.95,2004,22,0,0
28505,Historical,196746,0,0,D,3,1,629472,93.95,2008,79,22.2,11.23
28506,Historical,104406,0,0,D,2,1,145219,122.16,2000,37,72.76,41.63
28507,Historical,180821,0,0,D,0,0,4383528,150,2004,16,95.42,185.85
28508,Historical,410569,0,0,D,0,0,3788761,42,2006,21,30.34,11.08
28509,Historical,339703,0,0,D,10,1,52787,99,2009,55,39.82,43.37
28510,Historical,162951,1,2,D,4,1,359871,74.05,2010,32,60.6,126.83
28511,Historical,339359,0,0,D,3,1,1168883,18.89,2007,52,60.6,18.84
28512,Historical,608315,0,0,D,2,1,1917810,39.25,2004,47,60.6,24.74
28513,Historical,344216,1,1,D,6,1,1206607,9.48,2005,71,81.51,9.2
28514,Historical,312361,1,1,D,1,0,1695517,0,2007,61,197.19,41.93
28515,Historical,344332,0,0,D,9,1,519494,99,2005,94,39.82,9.39
28516,Historical,372174,0,0,D,2,1,1927838,109.95,2006,18,70.66,50.65
28517,Historical,903991,0,0,D,1,0,924983,75,2011,24,59.86,91.47
28518,Historical,110593,0,0,D,4,1,421593,33.99,2008,62,132.59,48.84
28519,Historical,50903,0,0,D,5,1,46587,110.55,2010,65,132.59,53.48
28520,Historical,50902,0,0,D,4,1,170248,9.87,2007,79,132.59,9.48
28521,Historical,632964,0,0,D,1,0,1377649,94.95,2010,25,84.93,39.76
28522,Historical,2043091,0,0,D,2,1,2065257,69.95,2009,18,69.04,98.29
28523,Historical,200610,0,0,D,1,0,300978,92.95,2010,31,0,0
28524,Historical,339062,1,1,D,1,0,797797,23.25,2004,27,63.99,35.3
28525,Historical,543480,0,0,D,3,1,1826773,70,2004,27,75.97,30.88
28526,Historical,630230,0,0,D,0,0,268030,44.95,2005,34,0,0
28527,Historical,914015,0,0,D,5,1,2537934,165,2006,18,129.89,29.98
28528,Historical,2426397,0,0,D,2,1,1752036,42.19,1990,35,83.99,17.64
28529,Historical,129751,0,0,D,3,1,841473,79.8,2000,26,83.99,59.34
28530,Historical,2058690,1,1,D,0,0,938308,15.29,2010,23,65.81,24.99
28531,Historical,766371,0,0,D,1,0,1787491,69.95,2010,26,34.94,19.96
28532,Historical,534153,0,0,D,1,0,555018,69.95,2011,20,34.94,14.49
28533,Historical,637054,0,0,D,5,1,109065,208.95,2010,51,156.08,69.72
28534,Historical,872442,0,0,D,4,1,316638,148.95,2007,52,156.08,32.72
28535,Historical,2672240,0,0,D,2,1,5513769,83.95,2003,12,46.98,49.64
28536,Historical,576274,0,0,D,1,0,504664,40,2000,24,43.27,11.8
28537,Historical,891343,0,0,D,1,0,5979866,109,2000,13,43.27,89.13
28538,Historical,200537,1,1,D,5,1,88340,122.95,2010,65,43.37,48.12
28539,Historical,293857,0,0,D,4,1,244731,107.95,2006,64,43.37,21.99
28540,Historical,299314,0,0,D,2,1,170926,115,2007,96,10.81,11.01
28541,Historical,219677,0,0,D,1,0,203798,59.95,2000,25,53.5,46.46
28543,Historical,651880,0,0,D,1,0,970888,94,2009,21,71.88,70.25
28544,Historical,560452,0,0,D,2,1,93075,220,2012,101,168.12,89.98
28546,Historical,616347,0,0,D,2,1,2683963,9.99,2008,32,52.93,9.99
28547,Historical,54834,1,2,D,7,1,47205,223,2010,425,58.99,86.22
28548,Historical,612928,0,0,D,1,0,595690,170,2009,100,168.12,33.79
28549,Historical,269949,0,0,D,1,0,694368,196,2007,57,66.97,81.77
28550,Historical,1539936,0,0,D,5,1,3021045,59.95,2008,16,40.04,174.46
28551,Historical,54833,1,1,D,6,1,754739,154,2006,209,58.99,62.81
28552,Historical,600106,0,0,D,1,0,1187387,216,2006,38,99.22,24.41
28553,Historical,2252410,0,0,D,5,1,6589171,32.99,2010,35,0,53.72
28554,Historical,55679,0,0,D,5,1,354658,223,2010,188,68.99,41.99
28555,Historical,55678,0,0,D,4,1,1436604,114,2006,61,68.99,12.82
28556,Historical,368000,1,1,D,7,1,208638,48.63,2004,54,45.94,29.86
28557,Historical,387453,0,0,D,8,1,159020,48.63,2011,34,45.94,43.92
28558,Historical,543555,1,3,D,0,0,93154,103.95,2010,32,41.58,37.03
28559,Historical,873449,0,0,D,0,0,1072058,4.19,2005,28,41.58,4.13
28560,Historical,1539721,0,0,D,2,1,3881571,59.95,2008,14,45.09,55.99
28561,Historical,881927,0,0,D,3,1,9250856,14.75,1986,13,25.96,61.19
28562,Historical,2750570,0,0,D,2,1,9568767,120,1995,15,123.07,50.95
28563,Historical,526821,0,0,D,4,1,473643,172.99,2007,13,123.07,32.15
28564,Historical,147084,0,0,D,12,1,672067,129,2003,40,56.61,34.42
28565,Historical,278261,0,0,D,3,1,297680,79,2004,33,36.98,15.98
28566,Historical,651156,0,0,D,2,1,2498211,99.95,1997,15,105.27,231.66
28567,Historical,2579638,0,0,D,1,0,10764219,70,1994,14,45.25,0
28568,Historical,643467,0,0,D,5,1,1410678,110.95,2010,18,23.33,83.68
28569,Historical,902937,0,0,D,4,1,3360182,89.95,2005,24,23.33,46.83
28572,Historical,2569637,0,0,D,2,1,3786489,120,1990,15,245.89,216.29
28573,Historical,904368,0,0,D,1,0,2584820,87.95,2002,21,42.59,18.98
28574,Historical,535062,1,6,D,3,1,9289,69.95,2013,198,49.66,20.24
28575,Historical,56567,1,2,D,2,1,25857,69.95,2011,132,49.66,45.82
28576,Historical,56566,1,3,D,1,0,416925,59.95,2008,69,49.66,21.98
28577,Historical,647526,0,0,D,3,1,1665051,96,1999,19,4.33,34.99
28578,Historical,614495,0,0,D,1,0,684963,59.95,1971,48,47.59,44.01
28579,Historical,51274,0,0,D,5,1,505967,67.95,2005,74,39.88,12.48
28580,Historical,200250,0,0,D,1,0,2285992,107.95,2007,42,32.29,10.98
28581,Historical,55807,0,0,D,3,1,2795921,59.95,2005,46,39.99,8.99
28582,Historical,533775,0,0,D,7,1,54249,86.95,2011,258,39.88,15.49
28583,Historical,577434,0,0,D,7,1,920547,96.99,2008,98,20.89,14.99
28584,Historical,51275,1,1,D,6,1,179588,75.95,2008,168,39.88,9.69
28585,Historical,609178,0,0,D,6,1,2756745,79.95,2005,52,20.89,11.8
28586,Historical,204145,0,0,D,4,1,1028884,97.95,2007,115,34.06,6.36
28587,Historical,526810,1,1,D,6,1,331353,97.95,2010,121,52,11.98
28588,Historical,147345,0,0,D,5,1,1350090,75.95,2006,86,52,9.98
28589,Historical,478925,0,0,D,2,1,574322,98.99,2010,46,78.04,9.74
28590,Historical,270804,0,0,D,5,1,53461,106.99,2011,134,34.06,12.88
28591,Historical,60780,1,1,D,1,0,2540197,67.95,2002,32,43.99,12.95
28592,Historical,526809,0,0,D,2,1,450935,81.95,2006,39,43.99,46.35
28593,Historical,2252807,0,0,D,5,1,1386053,17.05,2010,66,55.49,14.71
28594,Historical,789277,0,0,D,1,0,4876911,39.95,2002,25,0,0
28595,Historical,655090,0,0,D,2,1,100470,84.95,2013,48,52.99,58.99
28596,Historical,743761,0,0,D,1,0,1069551,79.95,2006,11,52.99,63.58
28597,Historical,621524,0,0,D,1,0,68676,56,1994,71,48.99,22.99
28598,Historical,265307,1,1,D,4,1,171827,135,2005,38,93.94,56.58
28599,Historical,265279,0,0,D,3,1,1769492,89.95,2000,35,93.94,8.08
28600,Historical,222200,0,0,D,5,1,1189519,85,2007,34,5.48,4.92
28601,Historical,375913,0,0,D,0,0,1301218,65,1996,24,28.72,45.84
28602,Historical,368778,0,0,D,2,1,933617,93.95,2000,23,4,95.27
28603,Historical,131839,0,0,D,6,1,173216,110.67,2005,30,93.09,54.97
28604,Historical,177652,0,0,D,4,1,148620,124.95,2004,41,142.72,31.43
28605,Historical,169803,0,0,D,5,1,378892,250.95,2008,60,142.72,63.57
28606,Historical,261275,1,2,D,2,1,616739,85,1997,63,75.16,25.79
28607,Historical,563621,1,1,D,4,1,23980,55,2012,215,132.14,36.6
28608,Historical,867040,0,0,D,1,0,93471,224,2013,57,56.45,65.24
28609,Historical,616369,0,0,D,1,0,538634,218.6,2011,35,56.45,53.99
28610,Historical,314569,0,0,D,1,0,42922,239.4,2011,89,56.45,43.98
28611,Historical,628013,1,1,D,1,0,1280883,13.44,2011,36,56.45,23.98
28612,Historical,51516,0,0,D,3,1,697271,149.5,2009,166,132.14,15.49
28613,Historical,715600,0,0,D,4,1,1175016,81,1997,19,38.57,20.98
28614,Historical,60784,0,0,D,5,1,2819009,111,2000,32,38.57,18.72
28615,Historical,526803,0,0,D,6,1,109960,208.6,2010,50,105.63,52.99
28616,Historical,50603,0,0,D,7,1,159110,339.95,2008,58,94,32.99
28617,Historical,872232,0,0,D,2,1,512496,62.55,2007,33,38.44,29.44
28618,Historical,60782,1,2,D,6,1,526246,18.98,2004,73,143.5,18.98
28619,Historical,416499,1,1,D,7,1,56824,56.96,2009,60,143.5,49.75
28620,Historical,60783,0,0,D,6,1,2329914,8.97,2004,42,143.5,9.98
28621,Historical,428377,0,0,D,5,1,571137,151.8,2006,55,105.63,18.99
28622,Historical,878115,0,0,D,7,1,541615,106.42,2008,27,94,53.11
28623,Historical,627065,0,0,D,2,1,1065042,53.75,2002,27,38.44,65.29
28624,Historical,449427,0,0,D,2,1,115108,56.11,2006,71,38.44,21.99
28625,Historical,50605,0,0,D,6,1,1092729,192.95,2004,90,94,21.91
28626,Historical,53713,0,0,D,3,1,3287211,113.8,2003,45,71.89,8.95
28627,Historical,2614241,0,0,D,4,1,9644898,80,2003,11,42.84,49.49
28628,Historical,55801,0,0,D,7,1,1147027,325.95,2005,61,102.41,54.98
28629,Historical,897942,0,0,D,2,1,5247128,186.67,2010,16,73.99,109.77
28630,Historical,594495,0,0,D,6,1,1906841,55,2010,18,66,87.77
28631,Historical,497951,1,1,D,2,1,36541,23.98,2010,305,114.98,30.86
28632,Historical,877736,0,0,D,2,1,847808,41.8,2011,39,162.19,23.95
28633,Historical,545179,1,1,D,6,1,18774,63.98,2012,140,127.89,45.99
28634,Historical,252620,0,0,D,6,1,23300,102.27,2010,70,85.91,67.03
28635,Historical,765827,0,0,D,2,1,1193237,103.95,2004,74,39.1,40.72
28636,Historical,53956,0,0,D,4,1,1079759,5.84,2005,55,99.79,5.14
28637,Historical,890455,0,0,D,1,0,803091,0,2011,26,73.99,110.37
28638,Historical,567529,0,0,D,7,1,4685747,5.96,2005,55,50.84,5.96
28639,Historical,60789,0,0,D,3,1,575692,142.95,2005,29,62.28,78.99
28640,Historical,422095,0,0,D,1,0,319876,144.67,2009,128,105.98,11.73
28641,Historical,322462,1,2,D,2,1,26004,166,2012,155,105.98,18.44
28642,Historical,52340,0,0,D,9,1,2560310,12.99,2007,46,76.79,12.99
28643,Historical,52342,0,0,D,10,1,92033,103.9,2008,60,76.79,53.99
28644,Historical,52341,1,2,D,9,1,382121,10.98,2005,78,76.79,28.99
28645,Historical,911665,0,0,D,1,0,1872493,110,2005,17,33.54,32.99
28646,Historical,50159,1,1,D,18,1,1179951,139.93,2007,73,91.67,18.98
28647,Historical,166828,0,0,D,9,1,1971125,6.94,2005,29,40.28,33.98
28648,Historical,162635,0,0,D,11,1,147575,14.86,2009,119,40.28,13.43
28649,Historical,60786,0,0,D,9,1,93782,135.33,2005,55,102.13,18.98
28650,Historical,114312,0,0,D,8,1,1688704,113,2001,39,102.13,13.98
28651,Historical,110098,0,0,D,1,0,833960,15.99,2009,122,9.38,11.01
28652,Historical,875460,0,0,D,0,0,8437033,85.75,2009,10,9.38,12.99
28653,Historical,111283,1,1,D,1,0,1851887,22.99,2009,24,9.38,22.98
28654,Historical,52621,0,0,D,10,1,22654,249.95,2011,170,120.93,33.99
28655,Historical,532071,1,1,D,10,1,659072,158.95,2011,34,120.93,79.01
28656,Historical,52620,0,0,D,8,1,194308,151.95,2005,105,120.93,6.7
28657,Historical,52618,0,0,D,9,1,487644,263.95,2008,193,120.93,18.85
28658,Historical,51424,1,2,D,13,1,38243,255.95,2011,62,128.88,53.89
28659,Historical,878789,1,2,D,12,1,1015289,47.2,2008,37,128.88,37.69
28660,Historical,51423,0,0,D,12,1,80335,270.95,2008,76,128.88,30.96
28661,Historical,571438,1,4,D,10,1,16768,110,2011,82,6.93,19.99
28662,Historical,243705,1,2,D,9,1,492661,148.5,2008,58,6.93,43.55
28663,Historical,2250203,0,0,D,1,0,2810311,24.4,2010,42,17.24,26.14
28664,Historical,165265,0,0,D,1,0,364913,9.98,2010,84,17.24,9.49
28665,Historical,60791,0,0,D,7,1,246651,216.95,2007,168,67.74,21.99
28666,Historical,467299,1,1,D,1,0,138920,10.47,2007,247,114.98,13.99
28667,Historical,54001,1,1,D,9,1,10490,128.85,2009,329,145.1,33.74
28668,Historical,53579,0,0,D,5,1,1137279,111.2,2006,98,65.8,12.99
28669,Historical,60788,0,0,D,3,1,243682,209.95,2007,101,39.1,12.75
28670,Historical,290959,0,0,D,4,1,316132,217.95,2010,202,39.1,10.75
28671,Historical,52239,1,2,D,5,1,385120,24.96,2008,251,127.89,19.9
28672,Historical,110730,0,0,D,1,0,151582,13.14,2009,152,162.19,11.88
28673,Historical,191952,1,1,D,1,0,1621798,19.97,2005,73,20.99,20.83
28674,Historical,439897,0,0,D,7,1,89344,50.87,2007,61,114.89,75.63
28675,Historical,154286,0,0,D,5,1,3316970,131.25,1999,78,114.89,62.49
28676,Historical,252650,0,0,D,5,1,1307584,13.21,2008,39,127.89,12.12
28677,Historical,192037,1,1,D,5,1,253282,0,2006,41,85.91,48.99
28678,Historical,652734,1,3,D,4,1,2371613,0,2011,19,109.96,0
28679,Historical,600340,1,1,D,4,1,264028,13.99,2011,65,109.96,17.73
28680,Historical,252785,1,1,D,3,1,45883,58.88,2010,124,20.99,26.98
28682,Historical,614709,1,12,D,6,1,98739,599,2012,68,127.89,37.15
28683,Historical,51295,1,1,D,3,1,153554,287.95,2008,49,104.28,15.44
28684,Historical,51298,1,1,D,2,1,1986507,186.95,2006,73,104.28,12.98
28685,Historical,2265378,0,0,D,3,1,294627,78.28,2008,28,0,65.95
28686,Historical,224713,1,1,D,8,1,1654158,0,2010,28,83.99,77.76
28687,Historical,51304,1,1,D,8,1,792559,16.94,2006,62,83.99,16.94
28688,Historical,51301,1,1,D,9,1,344870,184.95,2004,72,72.28,33.49
28689,Historical,51300,1,3,D,9,1,823206,284.95,2007,103,72.28,9.98
28690,Historical,54606,0,0,D,5,1,277149,107.8,2006,83,25.93,29.24
28691,Historical,287577,0,0,D,5,1,290116,107.8,2007,57,25.93,19.99
28692,Historical,808910,1,1,D,0,0,2332791,16.68,2009,27,114.98,16.68
28693,Historical,55802,0,0,D,8,1,88458,295.95,2007,64,102.41,28.99
28694,Historical,286221,0,0,D,9,1,356624,124.2,2007,42,97.79,21
28695,Historical,133313,0,0,D,10,1,708372,150.4,2010,77,97.79,4.99
28696,Historical,52243,1,8,D,1,0,934245,154.4,2008,110,128.74,12.2
28697,Historical,130339,1,1,D,2,1,129547,167.4,2010,72,128.74,58.75
28698,Historical,132754,0,0,D,1,0,27265,188,2009,129,128.74,72.99
28699,Historical,111925,0,0,D,2,1,47967,29.99,2011,142,162.19,19.19
28700,Historical,244322,1,7,D,10,1,9326,198.75,2011,166,143.91,33.98
28701,Historical,870456,1,9,D,9,1,2290651,63.45,2008,49,143.91,17.29
28702,Historical,51353,1,1,D,9,1,59928,21.9,2008,181,143.91,12.79
28703,Historical,497845,1,2,D,9,1,260078,33.98,2009,315,122.42,15.99
28704,Historical,610459,0,0,D,10,1,12166,40,2012,214,122.42,53.81
28705,Historical,1956577,1,2,D,10,1,28741,230.75,2014,106,0,31.93
28707,Historical,451715,0,0,D,5,1,160340,145.79,2008,50,99.79,58.45
28708,Historical,177424,1,2,D,2,1,58851,73.95,2005,68,0,0
28709,Historical,492069,1,3,D,3,1,88731,69.95,2011,94,40.36,28.74
28710,Historical,243973,0,0,D,12,1,77335,235.95,2011,135,103.99,48.98
28711,Historical,451734,1,2,D,11,1,478854,169.95,2008,116,103.99,15.97
28712,Historical,115439,0,0,D,3,1,151062,70,1999,19,45.21,75.39
28713,Historical,3792881,0,0,D,1,0,2143659,29.95,2001,29,0,14.84
28714,Historical,276637,0,0,D,2,1,1944021,49,2006,43,44.54,16.89
28715,Historical,271478,0,0,D,3,1,999346,81.95,2008,52,57.09,46.17
28716,Historical,131080,1,1,D,2,1,692238,77.4,1999,31,82.83,26.43
28717,Historical,551491,0,0,D,0,0,2525819,57,1984,10,39.94,57
28718,Historical,271501,0,0,D,1,0,1054489,115,2010,37,42.49,68.78
28719,Historical,494719,1,2,D,2,1,67044,61.63,2009,46,65.08,75.7
28720,Historical,906981,0,0,D,2,1,796842,75.95,2007,28,72.36,45.83
28721,Historical,609705,0,0,D,3,1,766608,79,2003,38,19,49.75
28722,Historical,110049,1,2,D,5,1,200647,64.75,2009,74,83.98,31.88
28723,Historical,114422,0,0,D,2,1,1960445,203.4,2001,58,68.85,7.97
28724,Historical,191720,0,0,D,5,1,254561,33.98,2006,69,85.91,58.24
28725,Historical,252551,0,0,D,2,1,264918,18.84,2008,158,20.99,18.84
28726,Historical,423250,0,0,D,2,1,465557,148.6,2008,197,63.67,33
28727,Historical,53580,0,0,D,6,1,411313,160,2009,151,65.8,7.99
28728,Historical,532070,1,4,D,9,1,116526,181.95,2012,27,111.95,53.86
28729,Historical,50169,1,2,D,8,1,94094,277.95,2008,74,111.95,38.99
28730,Historical,50168,1,7,D,7,1,360453,305.95,2007,135,111.95,17.98
28731,Historical,495283,0,0,D,1,0,447919,128,2007,29,103.99,53.98
28732,Historical,255805,0,0,D,4,1,654219,61.95,2010,58,4.03,16.99
28733,Historical,637445,0,0,D,2,1,2064098,95,1996,37,47.16,12.99
28734,Historical,649110,0,0,D,1,0,1215171,78.99,2008,38,51.56,75.39
28735,Historical,450428,0,0,D,2,1,565549,237.95,2007,57,103.89,33.48
28736,Historical,167201,0,0,D,1,0,840074,14.13,2008,43,60.49,17.99
28737,Historical,569686,0,0,D,1,0,1481529,158.95,2005,46,103.89,24.71
28738,Historical,177890,1,3,D,1,0,731793,158.95,2005,34,181.23,40.98
28739,Historical,760937,0,0,D,1,0,4551606,181,2004,13,80.68,114.21
28740,Historical,244965,1,1,D,2,1,387980,199.95,2004,119,94.73,19.49
28741,Historical,799920,0,0,D,3,1,3403960,66,2004,11,45.11,66
28742,Historical,147446,1,2,D,1,0,130291,85.95,2007,27,64.41,35
28743,Historical,915474,1,1,D,0,0,1821881,50,1997,43,10.23,9.96
28744,Historical,622298,0,0,D,1,0,743067,49.95,2002,40,64.6,23.82
28745,Historical,300259,0,0,D,1,0,1492754,83,2008,42,25.06,53.93
28746,Historical,3607465,1,1,D,7,1,1445354,57,1997,15,0,51.11
28747,Historical,616405,0,0,D,3,1,1620087,45,2002,32,0,0
28748,Historical,584726,1,1,D,1,0,51227,97.95,2004,131,73.5,13.94
28749,Historical,613932,0,0,D,1,0,236267,53.41,2010,73,48.74,24.03
28750,Historical,873018,0,0,D,0,0,614904,75,2009,22,44.2,675
28751,Historical,873176,0,0,D,0,0,356638,75,2005,19,44.2,57.61
28752,Historical,859931,0,0,D,0,0,805415,85,2009,46,48.86,77.18
28753,Historical,905525,0,0,D,0,0,1037642,85,2008,25,48.86,49.19
28754,Historical,108333,0,0,D,6,1,1005926,43.53,2004,64,122.46,7.94
28755,Historical,698900,0,0,D,7,1,3170048,85.75,2008,13,122.46,34.12
28756,Historical,552860,0,0,D,10,1,2680473,100.2,2006,25,33.09,11.99
28757,Historical,287621,0,0,D,11,1,1093222,122.8,2009,49,33.09,19.98
28758,Historical,912667,0,0,D,2,1,1845269,49.95,2009,25,56.85,23.99
28759,Historical,201780,0,0,D,2,1,5151865,175,2009,15,56.85,137.17
28760,Historical,285421,1,1,D,7,1,285374,83.53,2008,52,122.46,56.89
28761,Historical,51310,1,1,D,8,1,286717,178.95,2004,77,88.07,47.99
28762,Historical,526774,0,0,D,6,1,512518,280.95,2008,49,165.92,15.99
28763,Historical,262737,0,0,D,4,1,491877,45.95,2008,34,23.99,48.94
28764,Historical,169869,1,1,D,10,1,244280,250.95,2008,66,83.99,64.03
28765,Historical,291630,0,0,D,8,1,3527161,118.95,2004,27,83.99,9.99
28766,Historical,169156,0,0,D,9,1,2552293,185.95,2006,40,83.99,4.9
28767,Historical,60794,0,0,D,5,1,1183563,269.95,2005,45,165.92,22.85
28768,Historical,60795,1,1,D,5,1,1961150,7.99,2006,62,58.25,7.99
28769,Historical,110375,1,1,D,6,1,119210,23.99,2009,88,58.25,21.99
28770,Historical,51532,1,1,D,5,1,725847,8.88,2006,192,98.81,7.94
28771,Historical,51530,0,0,D,4,1,2968300,8.99,2005,30,98.81,8.99
28772,Historical,51531,1,1,D,6,1,40434,33.99,2009,181,98.81,23.99
28773,Historical,576598,0,0,D,7,1,1278145,99.95,2004,63,68.96,8.95
28774,Historical,576644,0,0,D,8,1,431820,181.95,2007,56,68.96,49.77
28775,Historical,767041,0,0,D,10,1,2577129,0,2010,18,123.65,57.3
28776,Historical,55798,0,0,D,3,1,79955,54.13,2009,57,95.83,79.89
28777,Historical,172329,1,1,D,0,0,4089692,58,2003,16,33.98,42.97
28778,Historical,55796,1,2,D,0,0,263182,0,2004,37,95.83,13.98
28779,Historical,60796,0,0,D,8,1,117893,17.6,2007,47,108.99,20.65
28780,Historical,561920,1,1,D,8,1,1928861,228.95,2004,33,123.65,29.2
28781,Historical,182664,0,0,D,1,0,1391589,354.95,2002,26,73.86,18.49
28782,Historical,148586,0,0,D,9,1,1883704,263.95,2008,19,123.65,43.99
28783,Historical,526771,0,0,D,9,1,89805,53.94,2009,67,108.99,32.49
28784,Historical,526769,0,0,D,5,1,79156,123.95,2011,70,33.55,33.99
28785,Historical,624340,0,0,D,1,0,129926,121.95,2010,82,59.66,13.5
28786,Historical,576686,1,8,D,1,0,493619,69.95,2009,73,59.66,38.46
28787,Historical,222294,0,0,D,1,0,4790639,80,2003,17,11.49,23.94
28788,Historical,834039,0,0,D,13,1,5931597,135,1996,14,18.99,182.92
28789,Historical,477686,0,0,D,4,1,911430,104.95,2008,79,33.55,16.93
28790,Historical,542887,0,0,D,1,0,497558,107.95,2006,77,33.55,13.99
28791,Historical,171896,0,0,D,1,0,2437959,45,2002,34,36.92,6.99
28792,Historical,477673,0,0,D,2,1,472464,164.95,2008,34,40.48,41.91
28793,Historical,374229,0,0,D,2,1,853304,47,2005,22,47.99,72.79
28794,Historical,533660,1,3,D,8,1,32178,115,2011,96,63.85,81.49
28795,Historical,576696,1,1,D,1,0,899679,102.95,2010,49,26.48,20.87
28796,Historical,744112,0,0,D,8,1,5882,121,2013,90,63.85,52.18
28797,Historical,52623,0,0,D,7,1,362821,105,2007,245,63.85,14.29
28798,Historical,551796,0,0,D,4,1,495020,76.2,2002,54,34.89,4.09
28799,Historical,868478,0,0,D,3,1,1913460,108.95,2000,18,15.62,29.11
28800,Historical,157482,0,0,D,2,1,1524466,60.95,2009,19,0,55.71
28801,Historical,169162,0,0,D,3,1,944230,121.95,2006,37,49.33,19.99
28802,Historical,633859,0,0,D,4,1,904695,66,2012,36,49.33,48.93
28803,Historical,899774,0,0,D,0,0,1314828,73.3,1992,14,24.49,80.46
28804,Historical,313732,1,1,D,5,1,151878,158.6,2002,51,46.96,25
28805,Historical,196419,0,0,D,1,0,1047820,67.25,2003,24,57.73,29.24
28806,Historical,912705,0,0,D,3,1,1402525,99.4,2003,31,76.5,34.98
28807,Historical,120950,0,0,D,4,1,899935,118.4,2007,33,76.5,56.03
28808,Historical,2622095,0,0,D,0,0,2589533,104,1997,21,38.57,50.57
28809,Historical,534718,1,1,D,4,1,23243,99,2012,126,76.15,54.04
28810,Historical,55183,0,0,D,2,1,1105075,72.95,2006,64,76.15,13.87
28811,Historical,2253090,0,0,D,3,1,4485851,17.01,2009,36,0,26.25
28812,Historical,551908,0,0,D,1,0,500234,112,1994,48,61.98,50.45
28813,Historical,2489801,0,0,D,0,0,3338335,43,2003,22,0,43
28814,Historical,526762,0,0,D,2,1,2241208,32.95,2004,36,41.28,21.83
28815,Historical,55182,1,2,D,3,1,269687,82.95,2009,111,76.15,21.12
28816,Historical,183761,0,0,D,7,1,95968,164.95,2010,31,83.99,84.22
28817,Historical,201679,0,0,D,0,0,920518,29.95,2002,28,28.97,7.97
28818,Historical,60798,1,2,D,6,1,571509,181.95,2005,60,83.99,45.12
28819,Historical,910931,0,0,D,0,0,2259454,49.95,2006,24,49.71,49.99
28820,Historical,109837,0,0,D,2,1,2747565,33.74,2006,40,87.11,26.9
28821,Historical,55676,1,3,D,9,1,477862,146.2,2008,111,152.66,23.99
28822,Historical,55674,1,3,D,10,1,28469,204,2011,130,152.66,51.24
28823,Historical,110133,1,2,D,3,1,30842,10.99,2008,91,87.11,10.99
28824,Historical,169858,0,0,D,8,1,608334,215.95,2009,51,76.77,51.52
28825,Historical,569781,1,1,D,6,1,3780066,99.95,2003,26,76.77,8.99
28826,Historical,169293,1,1,D,7,1,2209325,227.95,2006,43,76.77,13.99
28827,Historical,117362,1,1,D,4,1,618352,136,2007,19,75.49,126.21
28828,Historical,114553,0,0,D,3,1,2798663,100,2003,31,75.49,12.94
28829,Historical,526758,1,1,D,7,1,125204,159.8,2007,31,86.08,55.79
28830,Historical,213029,0,0,D,2,1,2846674,56.95,2004,25,0,0
28831,Historical,1434758,0,0,D,6,1,5013940,4,2007,12,0,45.98
28832,Historical,54831,1,1,D,5,1,1776618,125,2004,46,40.39,13.45
28833,Historical,526757,0,0,D,9,1,410973,220.95,2010,48,118.23,55.17
28834,Historical,110460,0,0,D,7,1,108262,142.25,2010,59,79.99,13.99
28835,Historical,60799,0,0,D,8,1,2714407,212.95,2007,30,118.23,23.32
28836,Historical,110458,1,2,D,6,1,244893,11.24,2007,47,79.99,9.99
28837,Historical,515896,0,0,D,6,1,452382,154,2008,29,91.87,111.89
28838,Historical,428314,1,1,D,5,1,1333474,142,2003,31,91.87,16.63
28839,Historical,1574757,1,3,D,1,0,67424,93.95,2013,52,30.77,43.98
28840,Historical,133259,1,2,D,9,1,45576,153.8,2011,106,80.97,32.94
28841,Historical,529057,0,0,D,8,1,382492,111,2008,101,80.97,51.68
28842,Historical,891772,0,0,D,4,1,6718857,36.95,2006,13,61.61,13.49
28843,Historical,921625,0,0,D,2,1,340723,122.95,2011,101,46.99,12.81
28844,Historical,609871,0,0,D,3,1,27296,114,2013,54,26.84,87.22
28845,Historical,918809,0,0,D,1,0,209422,68.4,2007,37,26.84,31.99
28846,Historical,133119,1,1,D,2,1,276167,92.6,2010,107,26.84,18.99
28847,Historical,52092,0,0,D,6,1,1045941,111.6,2005,112,97.5,4.41
28848,Historical,52439,0,0,D,6,1,233823,146.4,2010,103,66.73,149.48
28849,Historical,644071,0,0,D,5,1,364520,86.05,2007,32,61.61,54.55
28850,Historical,544241,0,0,D,2,1,752598,129.95,2012,145,46.99,9.93
28851,Historical,878298,0,0,D,8,1,1452320,86.52,2010,24,97.5,28.99
28852,Historical,1782813,0,0,D,0,0,4188330,0,2011,13,30.77,0
28853,Historical,56978,1,2,D,5,1,1698790,135.95,2006,47,32.87,17.99
28854,Historical,877067,0,0,D,6,1,1164614,0,2009,17,32.87,18.99
28855,Historical,533330,0,0,D,7,1,11417,105.95,2012,81,32.87,89.25
28856,Historical,56979,1,1,D,6,1,370997,116.95,2009,83,32.87,15.92
28857,Historical,52438,0,0,D,5,1,144108,111,2007,53,66.73,72.05
28858,Historical,61123,1,1,D,8,1,270533,8.51,2006,100,81.64,13.68
28859,Historical,533877,0,0,D,9,1,115678,36.44,2009,27,81.64,33.97
28860,Historical,55670,1,1,D,9,1,20097,184,2009,86,81.64,19.24
28861,Historical,55671,0,0,D,8,1,74317,103.75,2006,46,81.64,28.99
28862,Historical,526755,0,0,D,3,1,75999,91.2,2009,108,63.35,38.13
28863,Historical,60801,0,0,D,2,1,1355259,80.6,2006,52,63.35,8.98
28864,Historical,366088,0,0,D,3,1,494235,51.82,2006,37,88.48,38.94
28865,Historical,52093,0,0,D,7,1,91561,122.8,2008,208,97.5,31.64
28866,Historical,188003,0,0,D,1,0,4758119,59.95,1999,21,61.99,32.94
28867,Historical,2664145,0,0,D,1,0,4934710,29,1992,18,24.99,28.99
28868,Historical,2502819,0,0,D,2,1,4790041,545,1993,10,53.09,137.37
28869,Historical,651019,1,1,D,3,1,3005614,65.95,2000,17,54.63,44.78
28870,Historical,582101,0,0,D,2,1,1514284,132.95,2005,18,130.51,91.01
28871,Historical,2338595,0,0,D,2,1,531152,125,1986,38,15.88,58.98
28872,Historical,231772,0,0,D,1,0,867731,38,1998,59,73.99,28.99
28873,Historical,1456454,0,0,D,2,1,399413,93.5,2006,16,71.58,117.9
28874,Historical,54956,0,0,D,3,1,513573,113.64,2005,61,83.99,39.5
28875,Historical,54957,0,0,D,4,1,138236,89.53,2010,101,83.99,71.99
28876,Historical,52261,1,1,D,8,1,68024,33.86,2008,266,80.58,19.43
28877,Historical,52260,1,1,D,7,1,769893,152.5,2005,271,80.58,10.01
28878,Historical,879790,0,0,D,8,1,1680337,33.36,2008,43,80.58,45.36
28879,Historical,54062,0,0,D,4,1,491558,348.95,2008,55,180.38,18.68
28880,Historical,349827,1,2,D,5,1,70941,317.95,2011,65,180.38,69.71
28881,Historical,110592,0,0,D,1,0,1992113,8.98,2006,34,98.7,11.98
28882,Historical,110595,1,3,D,2,1,337544,35.6,2009,22,98.7,52.93
28883,Historical,699167,0,0,D,14,1,125881,40.98,2010,24,166.58,21.99
28884,Historical,108375,0,0,D,13,1,1061694,23.94,2005,51,166.58,12.45
28885,Historical,110107,0,0,D,14,1,22277,251.75,2010,66,166.58,54.23
28886,Historical,326156,0,0,D,9,1,2429293,89.5,2005,15,100.68,94.33
28887,Historical,251951,0,0,D,1,0,858695,72.95,2011,74,38.99,25.59
28888,Historical,177973,0,0,D,1,0,370349,136.95,2003,58,42.34,52.86
28889,Historical,792946,0,0,D,0,0,10711296,37.5,1998,14,38.34,28.94
28890,Historical,2419367,0,0,D,1,0,1912431,110,2005,12,43.58,91.42
28891,Historical,650080,0,0,D,0,0,998036,54.99,2010,30,43.14,39.77
28892,Historical,2635317,1,1,D,1,0,516725,39.95,2002,33,30.37,19.91
28893,Historical,2635665,0,0,D,2,1,690905,49.95,2005,33,30.37,48.47
28894,Historical,649565,1,4,D,1,0,45170,108.63,2013,22,0,0
28895,Historical,2135722,1,1,D,0,0,1667560,39.95,2010,13,0,67.09
28896,Historical,200273,1,1,D,1,0,169161,191.95,2008,44,42.58,43.87
28897,Historical,125152,0,0,D,0,0,54819,60.25,2010,100,27.13,13.11
28898,Historical,592007,0,0,D,0,0,1493186,62,2007,21,44.73,64.61
28899,Historical,583356,0,0,D,1,0,1053777,57,2012,13,44.45,21.98
28900,Historical,624420,0,0,D,2,1,834933,60,2007,20,40.76,28.74
28901,Historical,247617,1,2,D,2,1,197683,79,2006,71,51.91,22.92
28902,Historical,61233,1,1,D,2,1,456677,59.95,1997,120,51.91,7.49
28903,Historical,199083,1,1,D,2,1,46503,71,2004,46,51.98,22.18
28904,Historical,247886,0,0,D,2,1,19769,90,2008,36,61.11,60.14
28905,Historical,601744,0,0,D,3,1,894968,83,2010,23,42.15,37.99
28906,Historical,526742,0,0,D,3,1,36784,49,2009,40,41.41,32.59
28907,Historical,57892,1,1,D,2,1,415115,61.95,1990,73,80.26,14.15
28908,Historical,199167,0,0,D,2,1,1799950,77,2004,25,46.44,73.03
28909,Historical,199168,0,0,D,2,1,211284,60,2004,45,46.44,25.34
28910,Historical,131656,0,0,D,4,1,920473,96,2002,43,47.68,15.22
28911,Historical,654126,0,0,D,0,0,744200,80,2008,28,42.16,64.25
28912,Historical,894156,0,0,D,1,0,4918797,63.95,2001,23,28.98,38.99
28913,Historical,801061,0,0,D,1,0,3398627,52.95,2006,21,31.99,46.97
28914,Historical,248050,0,0,D,2,1,858452,61,2009,18,31.99,12.86
28915,Historical,557307,0,0,D,6,1,286617,86.4,2006,62,45,20.98
28916,Historical,557462,0,0,D,7,1,453352,94.6,2008,56,45,54.23
28917,Historical,515691,1,4,D,2,1,191044,55,2005,18,33.46,100.49
28918,Historical,778175,0,0,D,2,1,6868332,33.95,2000,11,24.04,23.89
28919,Historical,148774,0,0,D,6,1,112904,191.95,2010,45,68.06,41.97
28920,Historical,544550,1,1,D,7,1,127302,169.95,2013,68,68.06,116.23
28921,Historical,562019,1,1,D,5,1,1060474,206.95,2007,39,68.06,13.94
28922,Historical,610282,1,2,D,5,1,94621,111.25,2012,58,58.99,18.07
28923,Historical,264656,0,0,D,4,1,982631,79.95,2009,61,58.99,18.89
28924,Historical,917052,0,0,D,2,1,3255523,71,1998,25,63.99,44.28
28925,Historical,607300,1,4,D,4,1,1047716,134,2005,20,80.67,43.99
28926,Historical,873401,1,2,D,2,1,3851615,97,1999,17,80.67,33.99
28927,Historical,711923,1,1,D,3,1,3473116,117.4,2002,19,80.67,22.33
28928,Historical,278202,0,0,D,1,0,3249006,124.95,2004,15,31.99,79.75
28929,Historical,607281,0,0,D,7,1,1159549,126.2,2003,33,122.44,50.89
28930,Historical,607440,0,0,D,8,1,79008,181.6,2008,28,122.44,61.99
28931,Historical,626130,0,0,D,5,1,1378653,95.95,2007,21,32.01,37.89
28932,Historical,609481,0,0,D,4,1,4199948,55.95,2003,15,32.01,75.47
28933,Historical,1840284,0,0,D,1,0,5490353,159.95,2009,12,73.94,96.65
28934,Historical,315391,0,0,D,0,0,3150461,119.2,2004,26,43.99,41.91
28935,Historical,421344,0,0,D,5,1,1288876,126.2,2005,35,143.26,33.97
28936,Historical,286281,1,2,D,7,1,115249,172.2,2012,48,143.26,73.87
28937,Historical,316550,1,2,D,6,1,651302,201,2009,29,143.26,42.31
28938,Historical,223832,0,0,D,1,0,5656856,64,2000,19,8.44,30.49
28939,Historical,329973,0,0,D,3,1,937042,59.95,2006,43,25.12,4.84
28940,Historical,147613,0,0,D,4,1,273802,76.95,2010,48,25.12,35.98
28941,Historical,251959,0,0,D,4,1,1413852,229.95,2008,53,51.31,32.99
28942,Historical,224440,0,0,D,3,1,1642990,252.95,2004,35,51.31,7.74
28943,Historical,1908549,0,0,D,1,0,1077386,49.99,2008,20,0,73.05
28944,Historical,50124,0,0,D,11,1,40715,293.8,2011,106,151.66,55.99
28945,Historical,50125,0,0,D,10,1,224678,237,2008,60,151.66,56.95
28946,Historical,50122,1,1,D,9,1,129215,132,2005,55,151.66,27.44
28947,Historical,252613,1,3,D,8,1,12428,175.01,2010,91,129.58,113.84
28948,Historical,574389,0,0,D,7,1,67649,58.16,2006,115,129.58,23.99
28949,Historical,2579903,0,0,D,1,0,5315084,105,1996,13,37.97,52.09
28950,Historical,278882,0,0,D,2,1,1421349,64,2004,45,4.46,23.99
28951,Historical,161680,0,0,D,2,1,185648,100,2007,47,4.46,56.71
28952,Historical,238780,1,1,D,0,0,1109788,64,2001,63,4.46,13.74
28953,Historical,809181,0,0,D,0,0,2155540,0,2012,19,103.98,23.91
28954,Historical,616933,0,0,D,0,0,786106,187.5,2011,59,103.98,35.99
28955,Historical,631344,1,3,D,0,0,1073254,173.75,2011,30,103.98,53.99
28956,Historical,385542,0,0,D,2,1,1578877,75,2005,22,34.99,26.47
28957,Historical,617143,0,0,D,3,1,316640,62,2010,25,34.99,85.66
28958,Historical,431052,0,0,D,4,1,801314,193.33,2007,30,39.52,48.3
28959,Historical,51194,0,0,D,11,1,455091,410.95,2009,81,201.97,43.99
28960,Historical,629572,0,0,D,1,0,2618007,180,1999,32,83.01,55.15
28961,Historical,555722,0,0,D,0,0,647264,67.95,2008,46,58.99,42
28962,Historical,632091,0,0,D,2,1,33669,83.95,2012,50,58.99,71.68
28963,Historical,1591856,0,0,D,1,0,5216847,160,2006,26,28.1,79.71
28964,Historical,54954,0,0,D,2,1,569128,108.4,2009,24,63.99,50.19
28965,Historical,54955,1,1,D,1,0,576413,68.8,2005,31,63.99,31.97
28966,Historical,174581,1,1,D,1,0,773423,106,2000,23,72.02,94.66
28967,Historical,2580420,0,0,D,2,1,1436302,68.73,1975,24,31.99,73.87
28968,Historical,2579558,0,0,D,0,0,3372467,95,1993,15,37.19,179.6
28969,Historical,756825,0,0,D,1,0,2768242,170,1998,17,98.15,53.98
28970,Historical,2594943,0,0,D,1,0,1465292,36.95,1986,26,33.98,26.99
28971,Historical,189129,0,0,D,0,0,359851,75,2003,38,52.91,51.98
28972,Historical,1468350,0,0,D,2,1,1520820,150,2007,17,91.99,84
28973,Historical,200254,0,0,D,2,1,1066585,80.95,2007,76,53.96,9.14
28974,Historical,526732,0,0,D,3,1,69098,127.95,2010,91,4.94,33.99
28975,Historical,284203,0,0,D,0,0,334966,65,1998,19,71.91,53.41
28976,Historical,640643,0,0,D,2,1,1339531,0,1970,28,52.76,38.99
28977,Historical,2565184,0,0,D,1,0,872827,0,1974,27,63.98,73.5
28978,Historical,55078,0,0,D,3,1,996586,207.95,2004,100,62.97,43.91
28979,Historical,103865,0,0,D,1,0,5556771,10.44,1999,18,0,10.44
28980,Historical,2267068,0,0,D,0,0,4486200,73.85,2010,37,0,61.57
28981,Historical,634918,0,0,D,1,0,376864,78,2011,63,48.79,43.98
28982,Historical,2695231,0,0,D,0,0,1048240,32.5,2004,21,38.93,19.97
28983,Historical,575609,0,0,D,2,1,1526326,39.95,2008,17,38.93,21.83
28984,Historical,613865,1,1,D,1,0,394292,43.99,2011,59,110.36,43.69
28985,Historical,622205,0,0,D,2,1,142234,161.25,2013,63,110.36,58.84
28986,Historical,60803,1,2,D,5,1,541524,17.94,2003,38,98.94,33.66
28987,Historical,610391,0,0,D,7,1,21862,106.2,2012,79,38.71,44.97
28988,Historical,53577,0,0,D,5,1,502613,68,2006,93,38.71,4.33
28989,Historical,53578,1,2,D,6,1,397622,82.33,2009,171,38.71,7.18
28990,Historical,534659,0,0,D,7,1,24000,61.95,2013,61,35.48,47.98
28991,Historical,57107,1,12,D,6,1,95038,59.95,2010,73,35.48,29.19
28992,Historical,1734988,0,0,D,1,0,342062,105,2009,18,0,38.99
28993,Historical,900048,0,0,D,1,0,6724307,75,2005,11,134.98,675
28994,Historical,609233,0,0,D,1,0,4129521,39.95,2008,20,35.54,4.36
28995,Historical,619732,0,0,D,1,0,1708037,41.95,2010,30,35.54,13.49
28996,Historical,910464,1,1,D,0,0,2578672,28.95,2002,21,34.53,88.36
28997,Historical,255763,0,0,D,2,1,1169772,43.95,2005,30,34.53,45.36
28998,Historical,255762,0,0,D,4,1,1313277,39.95,2003,30,44.73,54.63
28999,Historical,526723,0,0,D,5,1,388738,47.95,2009,28,44.73,42.99
29000,Historical,267152,0,0,D,4,1,2069135,64,2006,25,71.99,21.19
29001,Historical,902648,0,0,D,5,1,1541001,88,2008,16,71.99,25.99
29002,Historical,276257,0,0,D,4,1,1490764,44.8,2002,22,76.99,103.99
29003,Historical,3294371,0,0,D,1,0,2382423,0,2001,15,60.11,69.89
29004,Historical,609216,0,0,D,3,1,869037,39.95,2007,49,27.23,16.82
29005,Historical,534044,1,2,D,0,0,1369527,52,1991,63,77.19,42.49
29006,Historical,534002,0,0,D,2,1,275714,71,2003,36,77.19,53.99
29007,Historical,582736,0,0,D,1,0,3146004,82.4,1996,24,36.37,65.41
29008,Historical,293833,1,1,D,2,1,2764099,58.95,2005,37,53.99,12.46
29009,Historical,870260,0,0,D,3,1,1939147,110.95,2008,30,53.99,7.84
29010,Historical,537414,0,0,D,12,1,879880,210.2,2011,46,45.66,51.87
29011,Historical,864810,1,2,D,15,1,17685,204.2,2014,47,45.66,142.88
29012,Historical,752249,0,0,D,1,0,903855,130,2007,31,60.71,53.88
29013,Historical,908178,0,0,D,1,0,1068930,74.95,2008,17,85.66,48.99
29014,Historical,911887,0,0,D,1,0,318270,89.95,2005,17,49.25,42.91
29015,Historical,627398,0,0,D,1,0,192009,59.99,2011,46,46.08,34.5
29016,Historical,2250576,0,0,D,5,1,1843038,55.96,2007,38,0,33.73
29017,Historical,545766,0,0,D,3,1,112871,92,2012,54,65.97,25.95
29018,Historical,55793,0,0,D,2,1,524119,74,2008,61,65.97,7.7
29019,Historical,112069,1,2,D,17,1,1955809,19.89,2009,29,39.14,8.36
29020,Historical,53107,1,3,D,9,1,97292,220.95,2011,71,110.94,76.28
29021,Historical,612414,0,0,D,19,1,101909,39.13,2013,25,39.14,47.78
29022,Historical,53106,0,0,D,7,1,1454512,157.95,2005,97,110.94,9.17
29023,Historical,111983,0,0,D,18,1,726482,37.94,2011,29,39.14,23.95
29024,Historical,53108,1,3,D,8,1,138102,220.95,2008,42,110.94,53.99
29025,Historical,169782,0,0,D,2,1,930100,156.95,2008,49,112.86,33.48
29026,Historical,133320,0,0,D,6,1,310333,79.8,2010,44,76.31,50.07
29027,Historical,526717,0,0,D,7,1,69843,103.4,2012,47,76.31,33.99
29028,Historical,120632,0,0,D,5,1,1415827,68,2008,52,76.31,7.94
29029,Historical,492172,0,0,D,8,1,7933,156.95,2012,83,31.99,56.96
29030,Historical,51527,1,1,D,7,1,170152,172.95,2009,88,31.99,42.89
29031,Historical,51526,0,0,D,6,1,491307,106.95,2006,93,31.99,65.21
29032,Historical,545175,1,2,D,9,1,6244,110.5,2013,70,68.2,57.67
29033,Historical,534191,1,2,D,8,1,35393,100,2009,96,68.2,42.43
29034,Historical,51729,1,3,D,7,1,210337,28.98,2006,90,68.2,31.49
29035,Historical,205851,0,0,D,2,1,282710,85,2002,48,44.53,12.04
29036,Historical,545786,1,1,D,6,1,280222,94,2012,103,62.71,13.99
29037,Historical,248202,1,1,D,6,1,85311,93,2011,99,62.71,27.65
29038,Historical,248224,0,0,D,5,1,1221784,87.95,2010,61,62.71,6.48
29039,Historical,592176,1,5,D,0,0,351966,64,2012,36,53.97,31.82
29040,Historical,217292,0,0,D,3,1,1327445,46,2007,41,39.43,20.87
29041,Historical,630960,0,0,D,0,0,862770,41.95,2007,16,36.29,43.99
29042,Historical,901558,1,1,D,4,1,3240281,58,1991,17,9.53,37.96
29043,Historical,193254,0,0,D,0,0,1207401,73,2001,29,49.19,71.77
29044,Historical,131529,0,0,D,0,0,2350073,89,2003,33,4.31,27.99
29045,Historical,132378,1,2,D,2,1,875179,96.6,2009,57,4.31,27.06
29046,Historical,533719,1,8,D,13,1,12128,190.6,2011,155,129.72,19.98
29047,Historical,51916,0,0,D,12,1,117650,185.8,2009,103,129.72,27.99
29048,Historical,51917,1,1,D,12,1,192814,153,2010,107,129.72,13.33
29049,Historical,115609,0,0,D,7,1,407187,113.4,2002,74,53.74,7.49
29050,Historical,130900,0,0,D,5,1,1689638,69,1997,33,18.82,27.99
29051,Historical,50348,0,0,D,6,1,620087,89.2,2000,39,18.82,17.98
29052,Historical,118492,0,0,D,8,1,475298,137.2,2007,53,53.74,15.55
29053,Historical,565001,1,1,D,2,1,172430,41.95,1994,84,35.51,21.53
29054,Historical,614193,1,2,D,3,1,1100954,67,2003,58,6.49,9.95
29055,Historical,907376,0,0,D,3,1,3996578,125,2003,24,6.49,49.26
29056,Historical,610277,0,0,D,3,1,100605,33,2009,34,39.43,31.83
29057,Historical,195056,1,2,D,2,1,883781,30.95,2006,44,0,8.14
29058,Historical,635784,0,0,D,2,1,919532,142,1990,25,91.42,75.88
29059,Historical,902745,0,0,D,2,1,2344527,152.95,2005,32,107.49,91.21
29060,Historical,55789,1,1,D,3,1,254116,103.72,2000,29,78.08,87.25
29061,Historical,534382,0,0,D,2,1,4091069,98.55,1989,32,78.08,72.31
29062,Historical,639209,0,0,D,1,0,1033727,82.99,2010,29,46.01,44.98
29063,Historical,147300,0,0,D,5,1,134379,56.95,2006,82,44.02,14.98
29064,Historical,147627,1,1,D,6,1,316492,69.95,2010,79,44.02,21.99
29065,Historical,644870,0,0,D,2,1,813680,135,2003,24,37.03,81.2
29066,Historical,158103,0,0,D,0,0,302611,43.95,2005,46,39.14,15.99
29067,Historical,203565,1,3,D,6,1,1241568,125,2005,26,62.5,81.53
29068,Historical,2697146,0,0,D,2,1,4435955,56.95,1995,24,65.95,73.97
29069,Historical,196638,0,0,D,3,1,1561345,137,2001,15,65.95,61.74
29070,Historical,609635,1,1,D,3,1,159631,97.95,2010,73,43.19,28.99
29071,Historical,624693,0,0,D,4,1,88926,76.95,2012,33,34.88,48.55
29072,Historical,614523,1,1,D,3,1,553387,70.95,2008,56,34.88,32.97
29073,Historical,619656,0,0,D,1,0,289968,66.95,1996,24,41.98,70.33
29074,Historical,607984,0,0,D,4,1,2205338,58.95,2004,38,29.98,7.26
29075,Historical,608024,0,0,D,5,1,138445,79.95,2008,42,29.98,38.99
29077,Historical,649909,1,2,D,1,0,1007884,89.95,2011,33,101.98,16.2
29078,Historical,106161,0,0,D,4,1,1766848,54.95,2005,45,12.76,45.71
29079,Historical,57888,0,0,D,9,1,90271,117.95,2008,155,64.09,32.99
29080,Historical,877676,0,0,D,9,1,537764,71.69,2008,41,64.09,42.58
29081,Historical,57887,0,0,D,8,1,702183,89.95,2004,113,64.09,28.79
29082,Historical,526704,0,0,D,3,1,769530,82.99,2009,37,46.59,38.99
29083,Historical,203710,0,0,D,2,1,411191,79.95,2004,34,46.59,24.64
29084,Historical,608005,0,0,D,8,1,2437641,68.95,2005,32,29.08,12.83
29085,Historical,620073,0,0,D,7,1,1113627,56.95,2000,28,6.44,38.99
29086,Historical,264059,0,0,D,2,1,1086751,129.95,2004,17,103.98,73.94
29088,Historical,3828570,0,0,D,1,0,1979886,49.99,2011,29,0,26.48
29089,Historical,909374,0,0,D,0,0,1989057,53.95,2004,44,35.58,48.49
29090,Historical,164907,0,0,D,3,1,1409026,163,2000,16,69.74,67.75
29092,Historical,206063,0,0,D,2,1,526385,63,2006,35,36.3,29.99
29093,Historical,828578,0,0,D,1,0,2664746,48,2000,39,36.3,9.99
29094,Historical,192461,0,0,D,2,1,1730557,75.95,2006,9,0,0
29095,Historical,609770,0,0,D,2,1,1120557,39.95,2005,42,18.84,10.03
29096,Historical,613909,1,1,D,2,1,597769,39.95,2006,69,14.98,8.48
29097,Historical,57108,0,0,D,3,1,589239,49.95,2009,105,31.73,15.98
29098,Historical,608017,0,0,D,2,1,1260597,44.95,2007,121,31.73,13.99
29099,Historical,57109,0,0,D,3,1,311898,46.95,2011,112,31.73,18.26
29102,Historical,608007,1,1,D,7,1,478924,76.95,2007,88,92.2,13.46
29103,Historical,616371,0,0,D,8,1,122242,89.95,2011,70,92.2,33.46
29104,Historical,56726,1,7,D,6,1,237062,86.88,1999,101,97.31,44.28
29105,Historical,56724,1,1,D,7,1,20644,36.98,2004,95,97.31,48.99
29106,Historical,3234659,0,0,D,4,1,3645300,27.67,2005,36,0,29.03
29107,Historical,607759,0,0,D,5,1,503128,130,2009,62,89,45.4
29108,Historical,607718,0,0,D,4,1,2168032,90.8,2006,53,89,4
29109,Historical,132071,0,0,D,9,1,469317,89.33,2005,33,92.54,9.99
29110,Historical,132511,1,1,D,10,1,369201,108.6,2008,42,92.54,44.25
29111,Historical,245209,0,0,D,3,1,2369408,107.95,2005,29,38.19,18.99
29112,Historical,60807,0,0,D,3,1,1667790,153.95,2003,55,38.19,13.99
29113,Historical,55776,1,1,D,9,1,245900,15.99,2009,92,73.26,13.98
29114,Historical,533394,0,0,D,10,1,43328,139,2011,93,73.26,23.99
29115,Historical,55777,0,0,D,8,1,1615816,4,2006,74,73.26,8.99
29117,Historical,614768,1,2,D,2,1,81980,121.4,2012,48,43.43,86.32
29118,Historical,557419,1,1,D,1,0,1203464,101.33,2009,66,43.43,15.88
29119,Historical,349539,1,1,D,3,1,2635877,13.88,2003,23,34.37,13.98
29120,Historical,714431,0,0,D,2,1,6904676,80,2001,30,99.63,6.94
29121,Historical,116069,1,1,D,3,1,508084,112.6,2005,23,99.63,39.48
29122,Historical,572280,0,0,D,3,1,2230269,115.95,2007,35,23.28,8.48
29123,Historical,57692,0,0,D,5,1,655740,110.4,2011,111,42.93,15.93
29124,Historical,57694,0,0,D,4,1,1215994,86.6,2009,108,42.93,21.29
29125,Historical,533336,1,3,D,5,1,117037,124,2011,92,93.44,28.98
29126,Historical,56915,0,0,D,4,1,949173,78.27,2009,91,93.44,56.93
29127,Historical,56914,0,0,D,3,1,2813951,12.4,2006,50,93.44,12.4
29128,Historical,56404,0,0,D,6,1,1306080,126.67,2005,70,83.35,12.79
29129,Historical,56406,0,0,D,7,1,282401,142,2008,111,83.35,11.99
29130,Historical,550346,0,0,D,8,1,3028075,7.84,2006,23,13.99,28.99
29131,Historical,199201,0,0,D,2,1,881299,55.95,2004,57,55.24,9.24
29132,Historical,2772419,0,0,D,4,1,3750656,95.8,1999,27,4.64,6.91
29133,Historical,874126,0,0,D,3,1,6032281,84,1995,21,4.64,22.78
29134,Historical,120890,0,0,D,3,1,49928,51.99,2009,53,10.79,31.96
29135,Historical,876744,0,0,D,5,1,4209563,78,1999,23,74.36,33.92
29136,Historical,54488,1,2,D,7,1,1135569,7.9,2005,111,39.97,7.74
29137,Historical,52285,1,2,D,6,1,1543824,80.2,2006,78,70.86,11.95
29138,Historical,52283,0,0,D,7,1,823431,78.67,2009,93,70.86,15.59
29139,Historical,132237,0,0,D,5,1,1301506,112.8,2006,31,83.79,42.83
29140,Historical,592934,0,0,D,1,0,296883,51.95,2009,65,36.98,20.98
29141,Historical,592933,0,0,D,1,0,126232,51.95,2008,59,0,0
29142,Historical,1873549,0,0,D,1,0,2621371,47.95,2008,6,0,7.54
29143,Historical,2660451,0,0,D,4,1,7277964,56,1996,14,0,73.39
29144,Historical,52075,0,0,D,11,1,1121083,85.95,2010,83,11.31,11.48
29145,Historical,544324,1,3,D,12,1,54099,78.95,2013,85,11.31,35.99
29146,Historical,243807,0,0,D,4,1,78294,49.95,2010,21,0,0
29147,Historical,2590120,0,0,D,0,0,1212080,31.99,1978,56,30.04,43.99
29148,Historical,912045,0,0,D,0,0,1870769,47.95,1996,32,28.88,30.96
29149,Historical,131292,1,1,D,4,1,710837,88,2000,37,104.02,38.98
29150,Historical,183448,0,0,D,2,1,3591264,82.95,2006,24,44.3,45.71
29151,Historical,179194,0,0,D,3,1,1614584,76.95,2010,35,44.3,10.99
29152,Historical,536471,0,0,D,5,1,11557,122.2,2012,68,53.4,69.66
29153,Historical,133204,0,0,D,4,1,271225,93.67,2010,131,53.4,27.18
29154,Historical,526674,1,1,D,6,1,363073,150.2,2009,29,116.88,19.38
29155,Historical,647508,0,0,D,6,1,3756724,163.53,2009,16,116.88,11.81
29156,Historical,60809,1,1,D,5,1,1612190,119.6,2005,36,116.88,4.99
29157,Historical,133100,0,0,D,3,1,546917,42.67,2010,40,38.98,44.98
29158,Historical,145472,0,0,D,2,1,1113238,40.6,2006,46,38.98,23.99
29159,Historical,117397,0,0,D,6,1,3457385,66,2003,23,18.12,16.98
29160,Historical,710666,0,0,D,5,1,7206339,56,2000,22,18.12,10.98
29161,Historical,131516,0,0,D,1,0,744904,49.6,2002,30,36.95,4.89
29162,Historical,132219,0,0,D,2,1,387206,59.6,2006,28,36.95,18.95
29163,Historical,872197,0,0,D,5,1,321416,119.97,2007,42,90.97,55.52
29164,Historical,132289,0,0,D,5,1,291179,135.8,2007,35,90.97,38.98
29165,Historical,607699,0,0,D,4,1,1801549,101.6,2003,50,90.97,10.97
29166,Historical,57884,1,1,D,3,1,1246966,220.95,2003,33,61.99,23.83
29167,Historical,56975,1,1,D,2,1,22090,197.28,2010,105,50.99,38.99
29168,Historical,56974,1,14,D,1,0,680677,18.98,2006,63,50.99,11.98
29169,Historical,876048,0,0,D,7,1,447507,15.26,2008,55,68.66,9.44
29170,Historical,169791,0,0,D,7,1,758402,243.95,2008,53,68.66,7.27
29171,Historical,905405,0,0,D,3,1,977292,18.63,2009,42,28.33,17.7
29172,Historical,211002,0,0,D,3,1,884682,46.95,2009,89,28.33,13.52
29173,Historical,58534,0,0,D,5,1,33185,104.8,2008,90,88.99,55.55
29174,Historical,911027,0,0,D,1,0,1894889,99,2003,23,41.97,30.38
29175,Historical,252574,0,0,D,10,1,537753,9.98,2007,72,19.99,18.99
29176,Historical,198082,0,0,D,1,0,5955874,53.15,2011,9,61.11,119.76
29177,Historical,872260,0,0,D,2,1,1620570,69.95,2006,22,47.4,13.43
29178,Historical,254411,1,1,D,3,1,706979,68.95,2010,46,47.4,33.99
29179,Historical,55770,0,0,D,2,1,41018,57.95,2010,77,48.98,28.28
29180,Historical,55769,1,36,D,1,0,157486,45.95,2000,178,48.98,44.99
29181,Historical,612866,0,0,D,5,1,1091452,4.18,2005,107,50.05,4.13
29182,Historical,526670,1,1,D,7,1,7465,23.93,2011,103,50.05,13.99
29183,Historical,439832,0,0,D,6,1,277285,33.99,2008,135,50.05,23.98
29184,Historical,55663,0,0,D,13,1,850468,103.95,2009,83,78.67,19
29185,Historical,244231,1,2,D,14,1,261213,123.95,2012,79,78.67,47.46
29186,Historical,2654787,1,3,D,5,1,2673269,45.56,1996,31,0,10.89
29187,Historical,182582,1,1,D,6,1,379141,165.95,2001,43,141.84,50.02
29188,Historical,177487,0,0,D,2,1,392004,162.95,2000,58,128.01,28.49
29189,Historical,622750,1,1,D,0,0,375921,42.95,2007,55,38.82,10.99
29190,Historical,917254,1,1,D,0,0,1095513,49.95,2000,31,23.96,40.94
29191,Historical,312757,0,0,D,3,1,11747977,45,2000,17,36.07,7.98
29192,Historical,118568,0,0,D,5,1,2502806,63.8,2007,26,36.07,15.99
29193,Historical,254420,0,0,D,4,1,90968,68.95,2010,39,45.35,61.74
29194,Historical,254869,1,3,D,3,1,1218139,56.95,2003,56,45.35,19.99
29195,Historical,1957027,0,0,D,1,0,2308663,62.95,2012,13,63.8,115.82
29196,Historical,132008,0,0,D,6,1,2323387,82.8,2005,41,47.74,12.08
29197,Historical,132581,0,0,D,7,1,832305,68.2,2008,46,47.74,47.55
29198,Historical,625351,0,0,D,5,1,699705,57.97,2007,45,81.8,23.82
29199,Historical,112047,0,0,D,6,1,81291,37.9,2010,34,81.8,51.62
29200,Historical,108076,0,0,D,4,1,1276087,41.99,2003,47,81.8,13.98
29201,Historical,117981,0,0,D,4,1,217022,98,2005,22,52.19,64.49
29202,Historical,607149,1,1,D,3,1,3330704,76.4,2000,24,52.19,15.98
29203,Historical,550831,0,0,D,7,1,134993,69.5,2010,84,6.22,20.96
29204,Historical,109495,1,1,D,6,1,1395319,7.03,2007,77,6.22,4.26
29205,Historical,288624,0,0,D,1,0,405524,60.2,2009,41,0,0
29206,Historical,2675865,0,0,D,3,1,4339658,35.5,1996,30,37.64,23.94
29207,Historical,301039,0,0,D,2,1,625246,66.25,2006,17,59.89,61.49
29208,Historical,145423,0,0,D,2,1,905315,44.67,2006,43,27.68,11.72
29209,Historical,2477058,0,0,D,1,0,3969158,40,2004,29,27.68,11.98
29210,Historical,550830,1,2,D,7,1,77992,23.44,2010,110,57.78,15.2
29211,Historical,247719,0,0,D,2,1,650228,54.95,2006,24,50.48,15.84
29212,Historical,868090,0,0,D,2,1,1563887,34,2005,32,21.12,15.99
29213,Historical,711968,0,0,D,3,1,1042186,35.73,2002,38,0,0
29214,Historical,551688,0,0,D,3,1,253733,154.4,2000,90,68.5,23.96
29215,Historical,536058,1,5,D,0,0,439,30.95,2011,135,8.19,39.9
29216,Historical,890559,1,2,D,0,0,67893,0,2011,14,48.94,17.87
29217,Historical,868318,0,0,D,1,0,774201,99.95,1984,14,113.99,110.75
29218,Historical,606677,0,0,D,3,1,200034,93.33,1988,33,48.94,41.99
29219,Historical,167346,0,0,D,1,0,2851833,149,2006,18,55.82,78.94
29220,Historical,560081,0,0,D,2,1,434404,23.46,2011,45,100.86,10
29221,Historical,57880,1,12,D,1,0,644471,12.98,2008,120,100.86,5.29
29222,Historical,57881,1,5,D,2,1,71686,44.05,2011,144,100.86,23.88
29223,Historical,540420,0,0,D,3,1,1965900,41.98,2008,24,63.91,23.98
29224,Historical,142130,1,1,D,4,1,59129,27.97,2011,100,63.91,47.21
29225,Historical,53818,1,1,D,3,1,573932,10.98,2009,101,63.91,9.98
29226,Historical,660980,1,1,D,3,1,44817,138.95,2012,37,44.83,18.99
29227,Historical,3829664,1,1,D,6,1,1677726,0,2011,9,0,18.85
29228,Historical,294521,1,1,D,6,1,883169,48.84,2003,48,33.74,9.54
29229,Historical,387454,0,0,D,7,1,1322784,49.33,2008,41,33.74,12.99
29230,Historical,744470,0,0,D,9,1,5219429,48.95,2002,15,21.99,23.97
29231,Historical,288909,0,0,D,10,1,3250535,81.95,2005,31,21.99,8.19
29232,Historical,229759,0,0,D,4,1,53007,99.95,2007,49,83.99,60.86
29233,Historical,229751,1,2,D,3,1,479713,93.95,2000,75,83.99,14.04
29234,Historical,913836,0,0,D,1,0,531109,180,1991,31,149.99,63.17
29235,Historical,607070,1,3,D,11,1,1197747,110.31,2001,44,191.85,33.98
29236,Historical,61126,0,0,D,13,1,122123,232.48,2006,41,191.85,53.99
29237,Historical,744468,1,1,D,4,1,4944689,116.95,2002,21,138.68,12.98
29238,Historical,2472621,0,0,D,4,1,2015121,54,2001,15,0,15.06
29239,Historical,148750,0,0,D,6,1,290069,181.95,2009,39,138.68,103.19
29241,Historical,147901,0,0,D,6,1,3115270,81.95,2002,38,20.04,6.19
29242,Historical,60811,0,0,D,6,1,2694925,205.95,2005,25,159.21,54.11
29243,Historical,254084,0,0,D,9,1,517030,362.95,2010,31,148.5,353.99
29244,Historical,148707,0,0,D,7,1,111346,328.95,2008,31,159.21,39.4
29245,Historical,608088,1,1,D,8,1,1260801,353.95,2007,48,148.5,28.91
29246,Historical,229754,0,0,D,1,0,555010,93.95,2001,28,146.54,11.01
29247,Historical,104984,0,0,D,2,1,195305,237.68,2008,20,143.9,73.21
29248,Historical,710476,1,1,D,6,1,5366465,32.8,1999,12,24.66,15.96
29249,Historical,207734,1,1,D,7,1,1430708,86.01,2002,35,37.64,41.32
29250,Historical,251809,0,0,D,9,1,441426,90.31,2008,40,37.64,73.98
29251,Historical,561816,0,0,D,9,1,3130846,70.95,2002,29,68.99,21.95
29252,Historical,54953,0,0,D,3,1,62586,94.06,2009,69,143.9,85.31
29253,Historical,61237,0,0,D,8,1,473046,86.01,2005,28,37.64,11.99
29254,Historical,437006,0,0,D,11,1,207295,137.95,2009,38,68.99,72.86
29255,Historical,614100,1,3,D,10,1,432918,137.95,2005,49,68.99,18.69
29256,Historical,54951,1,1,D,1,0,1239486,37.63,2004,28,143.9,36.98
29257,Historical,54952,1,6,D,2,1,226582,43.99,2006,68,143.9,8.99
29258,Historical,270002,1,1,D,5,1,434860,213,2009,63,46.49,91.21
29259,Historical,363540,1,2,D,3,1,987680,142,2007,52,78.16,26.59
29260,Historical,903361,0,0,D,0,0,4752889,85,2005,13,49.6,85
29261,Historical,639191,0,0,D,0,0,1478200,69.95,2010,24,42.94,37.29
29262,Historical,1450153,0,0,D,2,1,1232921,69,2012,14,5.09,24.98
29263,Historical,290379,0,0,D,1,0,3009139,80,2002,20,20.19,43.98
29264,Historical,546000,1,3,D,3,1,31444,106.25,2013,59,40.69,61.79
29265,Historical,734421,0,0,D,1,0,1676054,13.67,2007,53,40.69,13.57
29266,Historical,141930,0,0,D,2,1,1098459,12.89,2010,64,40.69,12.98
29267,Historical,560900,0,0,D,1,0,3060538,58.8,2008,28,57.92,12.86
29268,Historical,130101,0,0,D,3,1,2278782,85,2001,17,167.87,68.98
29269,Historical,862383,1,11,D,4,1,3967,104.25,2014,99,73.71,62.99
29270,Historical,537827,1,3,D,3,1,10094,24.98,2011,325,73.71,20.98
29271,Historical,144815,0,0,D,2,1,865609,54.99,2003,77,35.94,9.75
29272,Historical,920730,0,0,D,2,1,1291510,25.09,2002,60,24.32,17.98
29273,Historical,591708,0,0,D,3,1,24540,26.44,2011,112,24.32,38.99
29274,Historical,546020,1,1,D,6,1,203075,100.75,2012,29,49.57,72.64
29275,Historical,545999,1,2,D,6,1,12639,68.72,2012,93,46.56,54.99
29276,Historical,141959,1,3,D,5,1,288651,18.95,2009,114,46.56,18.86
29277,Historical,61170,0,0,D,4,1,1067124,13.98,2006,94,46.56,11.98
29278,Historical,1454565,0,0,D,0,0,231554,109.3,2011,40,0,66.67
29279,Historical,57299,0,0,D,0,0,57394,117.5,2004,175,78.61,24.99
29280,Historical,613124,1,4,D,0,0,131517,117.5,2004,180,46.93,15.5
29281,Historical,54826,0,0,D,7,1,108064,143.27,2009,110,65.05,23.8
29282,Historical,54824,1,1,D,5,1,2004134,137,2003,49,65.05,7.98
29283,Historical,54825,0,0,D,6,1,259673,156.8,2006,91,65.05,17.21
29285,Historical,915042,0,0,D,0,0,1801095,49.95,1999,30,61.84,10.29
29286,Historical,260305,0,0,D,2,1,1304071,69,2002,45,61.84,10.94
29287,Historical,203172,0,0,D,2,1,3558167,110,1996,29,73.49,23.99
29288,Historical,164411,0,0,D,3,1,372911,111.5,2004,34,73.49,33.98
29289,Historical,127341,0,0,D,4,1,381316,59.95,2008,50,43.99,20.1
29290,Historical,126467,0,0,D,3,1,1170138,52.95,2002,64,43.99,10.89
29291,Historical,544401,0,0,D,15,1,17320,168.95,2013,60,74.46,73.48
29292,Historical,52772,1,2,D,14,1,210428,185.95,2011,75,74.46,63.94
29293,Historical,52769,1,4,D,13,1,248322,178.95,2007,61,74.46,53.85
29294,Historical,133133,0,0,D,8,1,88317,73.8,2009,43,44.77,374.18
29295,Historical,2317859,0,0,D,4,1,2707014,43,1991,40,23.17,18.98
29296,Historical,636335,1,1,D,1,0,1500385,65.95,2002,21,55.99,51.04
29297,Historical,860168,0,0,D,1,0,469039,79.99,2010,19,0,62.96
29298,Historical,645998,0,0,D,0,0,1428742,229,2010,16,0,0
29299,Historical,872560,1,1,D,0,0,2554128,10.09,2008,43,162.79,9.84
29300,Historical,614407,1,2,D,1,0,462687,23.99,2009,66,162.79,23.99
29301,Historical,60813,1,1,D,3,1,849027,51.56,2002,48,50.31,7.95
29302,Historical,60812,0,0,D,4,1,128574,35,2005,67,50.31,32
29303,Historical,153864,0,0,D,2,1,289996,23.97,2004,41,85.4,19.98
29304,Historical,181171,0,0,D,2,1,879838,81.95,1997,41,72.38,59.33
29305,Historical,259427,0,0,D,2,1,2536230,26.5,1998,22,44.53,19.49
29306,Historical,264579,0,0,D,1,0,859569,42.5,2002,29,39.1,9.97
29307,Historical,526642,0,0,D,2,1,295840,51.95,2009,42,33.79,37.45
29308,Historical,651993,0,0,D,2,1,1034888,41.95,2006,25,27.07,25.59
29309,Historical,905943,0,0,D,1,0,3054810,95.95,2003,20,64.69,93.15
29310,Historical,907074,0,0,D,2,1,2171277,93.95,2007,22,64.69,78.79
29311,Historical,349970,1,1,D,9,1,177107,152.95,2010,133,77.99,28.97
29312,Historical,349966,1,1,D,8,1,1091412,164.95,2006,86,77.99,12.24
29313,Historical,655427,1,1,D,6,1,411473,82,2012,42,52.91,51.1
29314,Historical,649119,1,1,D,5,1,534452,74.95,2008,36,52.91,38.71
29315,Historical,218052,1,1,D,4,1,1194173,49.95,2005,73,22.63,6.64
29316,Historical,554964,0,0,D,4,1,1739036,0,2009,30,70.63,108.65
29317,Historical,558733,1,1,D,2,1,606159,90,2004,29,59.23,48.99
29318,Historical,152907,0,0,D,1,0,4286138,129,1999,16,116.05,45.98
29319,Historical,526640,0,0,D,27,1,3856138,124.95,2006,15,118.99,53.73
29320,Historical,503522,0,0,D,28,1,386242,114.95,2009,37,118.99,7.96
29321,Historical,526639,0,0,D,29,1,502265,134.95,2012,29,118.99,31.92
29322,Historical,143139,0,0,D,2,1,286882,48,2006,49,35.91,33.99
29323,Historical,628937,1,1,D,0,0,695433,30,2002,33,35.91,22.85
29324,Historical,1472961,0,0,D,5,1,866650,100,2009,27,0,146.77
29325,Historical,508482,1,2,D,2,1,1003054,39.95,2001,41,36.94,22.71
29326,Historical,3123881,0,0,D,0,0,182010,45,2005,22,0,41.39
29327,Historical,255376,0,0,D,2,1,560064,69.95,2011,60,64.9,37.87
29328,Historical,614938,1,1,D,2,1,1170236,69.95,2009,62,64.9,6.33
29329,Historical,2907247,0,0,D,7,1,930521,0,2001,20,23.66,73.81
29330,Historical,540426,1,1,D,3,1,8880,137,2012,79,64.88,68.48
29331,Historical,288302,1,1,D,2,1,204453,22.49,2009,145,64.88,22.94
29332,Historical,327634,1,12,D,1,0,956757,8.76,2006,115,64.88,8.74
29333,Historical,2406999,0,0,D,1,0,205996,59.95,1994,39,45.49,67.67
29334,Historical,800176,0,0,D,2,1,3370311,48.95,2005,10,30.53,675
29335,Historical,651701,0,0,D,3,1,1340217,61,2010,34,30.53,54.05
29336,Historical,184369,1,1,D,3,1,907673,67.95,2001,40,28.48,17.99
29337,Historical,1691694,0,0,D,0,0,186297,54.99,2008,13,41.91,27.47
29338,Historical,55179,0,0,D,4,1,27573,60,2008,98,43.87,48.28
29339,Historical,157674,1,1,D,1,0,420168,65.95,2010,39,134.84,38.96
29340,Historical,492154,1,4,D,7,1,17448,163.95,2012,59,90.2,107.65
29341,Historical,252016,1,14,D,6,1,82083,163.95,2008,44,90.2,253.88
29342,Historical,526634,1,17,D,7,1,85231,86.95,2012,86,50.98,46.82
29343,Historical,617394,1,2,D,6,1,955144,95.95,2008,52,50.98,7.35
29344,Historical,268787,0,0,D,3,1,1429101,95,2006,13,37.28,52.49
29345,Historical,634497,0,0,D,3,1,3245150,59.95,2002,20,35.14,12.35
29346,Historical,109305,1,1,D,3,1,748353,0,2006,21,50.84,54.48
29347,Historical,426270,0,0,D,1,0,6313156,79.95,2008,14,72.97,16.97
29348,Historical,2025427,0,0,D,3,1,1624912,90.25,2012,20,0,53.59
29349,Historical,2025437,1,1,D,4,1,267888,98,2013,20,0,23.89
29350,Historical,758713,0,0,D,3,1,1873348,120,1999,21,53.99,43.94
29351,Historical,158293,0,0,D,1,0,481828,150,2010,41,90.91,106.19
29352,Historical,653538,0,0,D,1,0,1711868,198,1980,18,115.62,62.19
29354,Historical,152125,0,0,D,0,0,1132844,109,2005,26,53.97,94.79
29355,Historical,627617,0,0,D,2,1,747263,98.95,2005,28,73.9,68.49
29356,Historical,193434,0,0,D,7,1,1378652,124,2005,42,217.12,22.39
29357,Historical,614133,0,0,D,0,0,1099016,187,2010,60,51.99,25.86
29358,Historical,147289,0,0,D,2,1,1047507,106.95,2006,21,69.69,47.51
29359,Historical,561615,0,0,D,3,1,1815596,76.95,2002,35,6.24,12.86
29360,Historical,871986,0,0,D,2,1,9536716,69.95,1996,26,6.24,52.01
29361,Historical,2485650,0,0,D,5,1,1170505,329,2002,12,234.55,119.3
29362,Historical,624087,0,0,D,1,0,888121,97.95,1996,17,100.06,35.81
29363,Historical,578918,0,0,D,3,1,495811,55.95,2005,24,25.79,54.3
29364,Historical,526625,0,0,D,5,1,326386,102.99,2010,36,78.87,77.42
29365,Historical,308538,1,3,D,4,1,742612,31.41,2003,47,78.87,44.56
29366,Historical,2664421,0,0,D,5,1,4074569,102.95,1999,22,67.95,15.99
29367,Historical,286058,0,0,D,5,1,2231264,139,2004,22,158.99,45.99
29368,Historical,113576,0,0,D,5,1,413371,118,2002,21,158.99,54.12
29369,Historical,533940,0,0,D,5,1,395534,199,2008,35,219.56,102.46
29370,Historical,537901,0,0,D,6,1,548902,105.2,2006,27,123.99,46.05
29371,Historical,120093,0,0,D,7,1,494166,190.2,2009,42,123.99,110.25
29372,Historical,2489745,0,0,D,5,1,2134440,79.5,1999,15,48.6,225.69
29373,Historical,1537482,0,0,D,3,1,3092740,82.95,2006,13,0,23.79
29374,Historical,625246,0,0,D,1,0,1200634,140,2010,22,0,0
29376,Historical,645324,0,0,D,1,0,986659,46.95,2003,14,45.88,29.57
29378,Historical,308889,0,0,D,0,0,1090709,130.65,2004,21,0,21.43
29379,Historical,607069,0,0,D,2,1,138403,56.43,2008,29,15.49,31.99
29380,Historical,631582,0,0,D,2,1,1020401,50,2010,28,33.99,18.98
29381,Historical,612501,0,0,D,2,1,70124,69.95,2014,78,36.87,48.98
29382,Historical,244132,1,2,D,1,0,264314,59.95,2012,55,36.87,20.64
29383,Historical,2363126,0,0,D,1,0,2937720,155,1998,26,111.17,135.99
29384,Historical,221765,0,0,D,0,0,4176307,104.95,1999,12,48.43,53.93
29385,Historical,130000,0,0,D,0,0,3125778,75,1996,18,128.32,73.75
29387,Historical,889312,0,0,D,0,0,4820548,70,1991,15,16.42,89.91
29388,Historical,912782,0,0,D,0,0,2475022,68,1999,33,37.62,14.66
29389,Historical,217323,0,0,D,4,1,837503,42,2010,45,20.93,15.44
29390,Historical,217263,1,1,D,3,1,3686547,34,2004,73,20.93,5.88
29391,Historical,195011,0,0,D,5,1,1568826,44.95,2006,86,28.13,25.98
29392,Historical,194868,0,0,D,4,1,3910376,34.95,2003,22,28.13,8.74
29393,Historical,293177,0,0,D,3,1,359639,219,2011,44,30.89,65.7
29394,Historical,193519,0,0,D,2,1,1149159,142,2006,27,30.89,6.59
29395,Historical,115326,0,0,D,7,1,822836,74,2003,52,45.45,41.98
29396,Historical,2647411,0,0,D,1,0,3410601,72.95,1994,22,33.39,19.31
29397,Historical,248196,0,0,D,5,1,183991,76,2011,58,24.59,43.89
29398,Historical,133345,0,0,D,5,1,659841,48.8,2010,34,33.2,29.99
29399,Historical,132510,0,0,D,4,1,2847981,55,2007,43,33.2,18.98
29400,Historical,2537097,0,0,D,1,0,3559064,41.95,2001,29,17.12,45.19
29401,Historical,157534,0,0,D,2,1,1080539,57.95,2009,26,17.12,42.82
29402,Historical,287124,0,0,D,1,0,1154737,59.95,2008,57,58.99,20.99
29403,Historical,129432,0,0,D,2,1,301891,67.95,2011,34,58.99,28.35
29404,Historical,129433,0,0,D,2,1,274019,67.95,2011,43,55.78,30.89
29405,Historical,127453,0,0,D,1,0,719284,59.95,2008,41,55.78,7.89
29406,Historical,130727,0,0,D,12,1,38862,144,2011,86,73.74,55.54
29407,Historical,286450,1,1,D,11,1,33049,141,2008,88,73.74,51.61
29408,Historical,60817,0,0,D,10,1,147611,86.4,2007,75,73.74,18.82
29409,Historical,878564,0,0,D,7,1,338095,134.16,2012,22,101.64,86.09
29410,Historical,308966,0,0,D,5,1,555436,0,2008,24,68.08,48.13
29411,Historical,606877,0,0,D,4,1,1127701,7.97,2003,29,68.08,18.36
29412,Historical,905952,0,0,D,4,1,1138487,126,2006,12,0,41
29413,Historical,617144,0,0,D,2,1,687974,202,2010,50,123.58,88.99
29414,Historical,3082512,0,0,D,6,1,654196,177,2005,25,0,63.65
29415,Historical,546804,0,0,D,5,1,418468,204,2012,50,103.98,183.65
29416,Historical,737218,0,0,D,0,0,144580,39,2005,20,18.94,25.24
29417,Historical,2414988,0,0,D,0,0,10489303,225,2000,11,67.93,46.38
29418,Historical,1726488,0,0,D,21,1,2503969,220,2011,9,76.45,177.26
29419,Historical,2407255,1,1,D,0,0,3492807,104,1996,23,103.67,16.49
29420,Historical,911630,0,0,D,2,1,2958635,107,1997,31,82.05,23.94
29421,Historical,57133,0,0,D,6,1,353098,85.96,2007,60,82.43,66.78
29422,Historical,60818,1,3,D,2,1,764693,109.35,2000,32,88.87,67.31
29423,Historical,164702,1,1,D,1,0,287688,185,2004,34,48.92,33.98
29424,Historical,155638,0,0,D,3,1,2363783,65.95,2004,32,0,0
29425,Historical,56670,1,2,D,6,1,79577,66.55,2010,124,83.98,53.07
29426,Historical,56674,0,0,D,5,1,145459,122.78,2006,66,83.98,78.99
29427,Historical,118371,0,0,D,4,1,2337163,49.6,2006,30,18.99,44.11
29428,Historical,526609,0,0,D,5,1,500697,76.6,2010,40,18.99,27.24
29429,Historical,617418,0,0,D,3,1,1266747,49.95,2006,31,28.99,8.13
29430,Historical,624339,0,0,D,4,1,826337,46.95,2010,35,28.99,10.76
29431,Historical,533337,0,0,D,10,1,24366,87.95,2011,159,74.55,52.98
29432,Historical,56909,0,0,D,9,1,454001,84.95,2008,99,74.55,15.8
29433,Historical,126303,0,0,D,10,1,1775076,74.95,2001,41,18.58,6.74
29434,Historical,126270,0,0,D,9,1,13341497,65,2000,20,18.58,28.69
29435,Historical,626531,0,0,D,1,0,408821,65,1997,50,38.23,28.98
29436,Historical,2600260,0,0,D,0,0,7225193,41.99,1993,16,57.79,43.96
29437,Historical,107193,0,0,D,3,1,4129703,57.5,2000,33,23.94,7.11
29438,Historical,526608,0,0,D,4,1,682583,39.72,2005,52,23.94,32.17
29439,Historical,157396,0,0,D,2,1,4434280,99.95,2007,14,70.89,33.28
29440,Historical,609355,0,0,D,6,1,2152811,59.95,1993,26,63.78,22.76
29441,Historical,2679715,1,2,D,1,0,2242371,105,1996,25,68.81,59.95
29442,Historical,337036,0,0,D,2,1,185822,65.95,2010,71,175.89,36.93
29443,Historical,337076,0,0,D,1,0,2489133,55,2007,25,175.89,21.44
29444,Historical,141824,1,33,D,7,1,283026,14.19,2007,223,43.93,13.71
29445,Historical,546012,0,0,D,9,1,5214,75,2013,114,43.93,31.86
29446,Historical,54948,1,2,D,8,1,53004,63.39,2010,210,43.93,18.19
29447,Historical,2827939,0,0,D,2,1,8618369,79.95,2001,15,41.99,81.73
29448,Historical,183159,0,0,D,1,0,649622,201.95,2007,43,155.68,40.99
29449,Historical,298301,1,1,D,3,1,233255,85,2009,68,43.98,50.55
29450,Historical,109444,0,0,D,7,1,1145698,19.52,2008,61,110.92,4.36
29451,Historical,110731,0,0,D,8,1,56095,43.99,2010,81,110.92,27.44
29452,Historical,213003,0,0,D,2,1,1545594,105.95,2002,24,93.58,53.31
29453,Historical,910415,0,0,D,0,0,3180045,65,1995,27,93.58,50.51
29454,Historical,57185,0,0,D,3,1,18229,75,2008,169,26.97,23.98
29455,Historical,169922,0,0,D,7,1,687166,316.95,2009,42,48.95,27.71
29456,Historical,765710,0,0,D,5,1,1419903,141.95,2003,32,48.95,4.36
29457,Historical,60820,0,0,D,6,1,732983,195.95,2006,47,48.95,10.98
29458,Historical,291568,0,0,D,3,1,230300,282.95,2007,53,122.99,82.97
29459,Historical,57184,0,0,D,2,1,86093,49.95,2002,135,26.97,9.98
29460,Historical,247460,0,0,D,1,0,1059684,73,2006,38,29.98,39.26
29461,Historical,157708,0,0,D,2,1,503805,95.95,2010,41,54.09,13.99
29462,Historical,210786,0,0,D,2,1,1639907,34.95,1997,53,0,0
29463,Historical,3577464,0,0,D,0,0,3796768,19.95,1991,25,0,4.53
29464,Historical,827557,0,0,D,0,0,2523498,43,2001,23,145.99,43.76
29465,Historical,132019,0,0,D,6,1,134734,130.67,2005,58,83.5,23.86
29466,Historical,144270,0,0,D,5,1,833682,104,2000,38,83.5,20.69
29467,Historical,53329,0,0,D,6,1,31157,42.48,2009,79,108.85,33.89
29468,Historical,53327,0,0,D,4,1,1742034,15.8,2004,52,108.85,15.8
29469,Historical,53328,0,0,D,5,1,119083,28.99,2007,67,108.85,28.71
29471,Historical,3514426,0,0,D,0,0,5554108,42.95,2001,15,0,4.99
29472,Historical,2820580,0,0,D,1,0,6061893,49.95,1999,14,51.99,96.81
29473,Historical,891634,1,1,D,0,0,3124525,194.95,2004,15,93.98,95.77
29474,Historical,243999,1,1,D,4,1,78988,255.95,2012,93,180.74,55.53
29475,Historical,169808,1,2,D,3,1,267646,270.95,2008,75,180.74,20.03
29476,Historical,132166,0,0,D,6,1,1048991,148.6,2006,51,93.99,18.98
29477,Historical,557470,0,0,D,7,1,537957,165.6,2009,37,93.99,63.11
29478,Historical,919056,0,0,D,0,0,1299708,150.4,2003,31,73.42,8.99
29479,Historical,557358,0,0,D,2,1,547126,165.6,2008,40,73.42,44.97
29480,Historical,526583,0,0,D,8,1,119649,206.95,2009,38,116.7,55.99
29481,Historical,567437,0,0,D,1,0,2192796,225.95,2007,40,83.99,8.94
29482,Historical,599402,0,0,D,1,0,343606,221.95,2005,62,93.98,52.42
29483,Historical,132949,1,1,D,11,1,139239,178.8,2010,32,89.43,138.99
29484,Historical,448135,0,0,D,4,1,1828408,11.44,2002,79,45.12,8.97
29485,Historical,914334,0,0,D,5,1,262001,32.98,2010,76,45.12,39.33
29486,Historical,536677,0,0,D,6,1,487799,61.31,2012,56,120.55,64.22
29487,Historical,431059,0,0,D,4,1,1798815,147,2006,54,120.55,17.98
29488,Historical,431104,0,0,D,5,1,911650,156.2,2009,33,120.55,60.22
29489,Historical,2551592,0,0,D,4,1,5046660,70.95,2004,18,40.24,69.97
29490,Historical,2551258,0,0,D,3,1,4796388,42.95,1999,14,40.24,52.13
29491,Historical,53944,0,0,D,5,1,453326,269.95,2007,112,165.99,12.95
29492,Historical,53945,1,1,D,6,1,62433,254.95,2010,99,165.99,60.15
29493,Historical,177467,0,0,D,4,1,2456140,163.95,2004,44,91.47,8.74
29495,Historical,907587,0,0,D,2,1,5752996,63.5,1997,27,37.99,48.95
29496,Historical,366243,0,0,D,3,1,4493647,63.95,2002,24,39.03,29.99
29497,Historical,576928,0,0,D,0,0,1674188,104.95,2004,15,0,96.41
29498,Historical,641525,0,0,D,2,1,516587,69.95,2010,28,39.01,69.49
29499,Historical,591658,0,0,D,0,0,1167287,18.35,2008,38,43.57,13.94
29500,Historical,322714,0,0,D,6,1,484978,120.4,2008,29,85.14,52.69
29501,Historical,873447,1,1,D,5,1,539621,104,2005,27,85.14,35.98
29502,Historical,2158227,0,0,D,0,0,955713,48.95,2008,23,54.32,63.41
29503,Historical,877899,0,0,D,2,1,2916434,0,2006,20,131.47,53.93
29504,Historical,526592,0,0,D,4,1,41750,203.95,2010,60,97.76,56.45
29505,Historical,533976,1,1,D,3,1,499866,273.95,2008,83,131.47,23.48
29506,Historical,243967,1,1,D,4,1,16258,258.95,2011,90,131.47,91.99
29508,Historical,60824,1,1,D,3,1,1243244,144.95,2006,66,97.76,30.66
29509,Historical,295014,1,1,D,1,0,1207201,80,2000,23,54.15,20.99
29510,Historical,430977,0,0,D,2,1,13992224,70,2003,10,63.99,7.98
29511,Historical,431035,0,0,D,3,1,1667049,66.67,2005,19,63.99,52.91
29512,Historical,131979,1,1,D,7,1,1024762,124,2005,38,93.2,39
29513,Historical,120091,0,0,D,8,1,312783,177,2009,47,93.2,10.99
29514,Historical,905798,0,0,D,6,1,2405063,49.95,2007,28,43.99,63.63
29515,Historical,50502,0,0,D,8,1,616645,126.4,2004,49,81,9.98
29516,Historical,386403,0,0,D,2,1,2075829,59,2007,23,49.72,14.94
29517,Historical,577726,0,0,D,1,0,216031,90,2006,50,65.26,43.99
29518,Historical,50031,0,0,D,5,1,586198,81,2005,115,86.8,15.39
29519,Historical,50033,0,0,D,6,1,48063,105,2010,78,86.8,17.57
29520,Historical,177827,0,0,D,6,1,4754385,93.95,2005,27,17.12,13.99
29521,Historical,169769,0,0,D,7,1,980578,162.95,2008,42,17.12,38.94
29522,Historical,248005,0,0,D,0,0,87011,84,2010,77,56.19,40.55
29523,Historical,285577,0,0,D,9,1,33255,22.11,2011,89,125.11,25.99
29524,Historical,846927,1,1,D,0,0,7551870,68.76,1994,17,29.94,7.98
29525,Historical,154061,1,7,D,1,0,19340,36.13,2011,186,93.97,12.47
29526,Historical,3463384,0,0,D,7,1,3282694,118.95,2002,48,0,13.98
29527,Historical,177875,0,0,D,8,1,1118738,311.95,2005,71,38.9,38.01
29528,Historical,564066,0,0,D,2,1,3801312,92.36,1998,26,29.94,8.99
29529,Historical,110207,0,0,D,8,1,127614,22.85,2008,98,125.11,27.48
29530,Historical,495336,0,0,D,1,0,592724,104,2011,70,43.99,18.49
29531,Historical,201739,0,0,D,2,1,1133229,114.95,2008,23,43.94,84.97
29532,Historical,169520,0,0,D,5,1,259843,135.95,2007,34,93.99,43.82
29533,Historical,764588,0,0,D,4,1,157180,91.95,2002,37,93.99,15.4
29534,Historical,293057,1,1,D,7,1,145539,159.07,2007,59,87.74,43.33
29535,Historical,774323,1,1,D,6,1,2426682,0,2006,16,87.74,59.14
29536,Historical,542045,0,0,D,2,1,512507,213.95,2010,45,83.99,19.95
29537,Historical,608790,0,0,D,14,1,2547653,83.95,2006,30,30.57,24.09
29538,Historical,608698,0,0,D,15,1,1273922,121.95,2009,24,30.57,33.87
29539,Historical,197744,1,2,D,4,1,554197,70,2010,36,74.81,29.99
29540,Historical,131278,0,0,D,1,0,9303243,32.4,2000,21,49.19,9.97
29541,Historical,434893,0,0,D,4,1,350934,158.13,2009,51,108.88,43.75
29542,Historical,557147,0,0,D,2,1,4109229,37.2,2001,31,13.88,5.49
29543,Historical,597958,0,0,D,3,1,1628489,29.95,2004,28,42.81,22.82
29544,Historical,628739,1,1,D,1,0,100168,152.6,2009,46,183.21,49.94
29545,Historical,249907,0,0,D,2,1,1813837,129.95,2007,23,38.91,32.34
29546,Historical,245100,1,1,D,1,0,1549939,151.95,2004,27,504.44,57.19
29547,Historical,654797,1,2,D,2,1,547724,170.95,2007,24,121.74,64.98
29548,Historical,244972,1,1,D,1,0,1525102,154.95,2002,37,121.74,23.94
29549,Historical,244971,0,0,D,1,0,1570077,151.95,2002,30,68.57,14.99
29550,Historical,243910,1,1,D,3,1,388469,154.95,2011,67,104.89,82.26
29551,Historical,797661,0,0,D,1,0,557822,151.95,2004,24,73.41,17.94
29552,Historical,654841,0,0,D,0,0,941931,34.47,2006,25,0,0
29553,Historical,2869231,0,0,D,24,1,5193606,99.95,2004,15,143.79,72.17
29554,Historical,592464,0,0,D,1,0,316439,248.95,2007,20,145.2,45.44
29555,Historical,908599,0,0,D,0,0,3863914,59.95,2006,24,0,79.07
29556,Historical,636887,0,0,D,0,0,3330585,59.95,2008,19,0,17.95
29557,Historical,265071,0,0,D,0,0,1221963,75,2011,31,9.74,17.98
29558,Historical,646667,1,4,D,0,0,1451725,38.99,2004,38,81.85,29.99
29559,Historical,274877,1,1,D,5,1,447959,47.78,2009,34,81.85,22.75
29560,Historical,120872,0,0,D,5,1,491910,130.2,2007,31,81.07,118.99
29561,Historical,147991,1,1,D,5,1,1502487,123.95,2003,23,42.56,48.55
29562,Historical,669244,0,0,D,6,1,625916,41,2009,25,45.54,32.99
29563,Historical,714439,1,2,D,1,0,720160,60,2003,46,39.12,46.91
29564,Historical,909693,0,0,D,1,0,4486449,64,2007,15,15.64,38.01
29565,Historical,193706,0,0,D,2,1,412929,209,2010,49,63.89,47.98
29566,Historical,574692,0,0,D,1,0,1962746,134,2005,31,63.89,10.98
29567,Historical,3066246,1,1,D,1,0,3175732,89.95,1995,23,83.34,44.67
29568,Historical,2560295,0,0,D,1,0,1017023,145,1995,16,100.57,110.07
29569,Historical,373448,0,0,D,2,1,2245270,93.95,1996,20,0,0
29570,Historical,566815,0,0,D,2,1,789208,25.98,2007,40,37.43,25.28
29571,Historical,117211,0,0,D,5,1,806717,124,2006,42,34.95,7.54
29572,Historical,178027,0,0,D,3,1,941912,150.95,2004,46,81.41,17.87
29573,Historical,119985,1,1,D,4,1,70249,137.8,2009,66,81.41,56.81
29574,Historical,903497,0,0,D,1,0,8329095,229,1993,19,234.05,84.15
29575,Historical,147159,0,0,D,2,1,727679,75.95,2007,38,33.99,15.95
29576,Historical,526569,1,1,D,2,1,264353,155.95,2011,70,129.07,34.57
29577,Historical,869768,0,0,D,1,0,9541663,47.95,1994,14,77.2,43.98
29578,Historical,526570,1,2,D,3,1,336042,84.95,2009,39,84.1,37.84
29579,Historical,192487,0,0,D,2,1,1476775,69.95,2004,26,84.1,80.1
29580,Historical,385340,0,0,D,4,1,999752,242.95,2005,69,46.98,11.99
29581,Historical,577364,0,0,D,7,1,1307001,39.95,2004,51,19.99,13.99
29582,Historical,577400,0,0,D,8,1,492859,45.5,2008,38,19.99,19.94
29583,Historical,60829,0,0,D,4,1,3528361,53.75,2002,50,21.15,10.98
29584,Historical,261441,0,0,D,1,0,1330920,35,2003,35,26.97,23.44
29585,Historical,526564,1,1,D,6,1,326419,41.15,2010,40,59.11,51.94
29586,Historical,314861,0,0,D,1,0,2154781,76,1997,20,33.57,33.03
29587,Historical,312829,0,0,D,2,1,755507,90.8,2000,35,33.57,20.24
29588,Historical,901490,0,0,D,3,1,1990479,39.95,1998,19,42.66,124.62
29589,Historical,268208,0,0,D,3,1,2108832,41.95,2006,18,31.74,18.99
29590,Historical,876368,0,0,D,1,0,3361537,0,1978,18,93.99,49.02
29591,Historical,609359,0,0,D,2,1,2040672,99.99,1999,19,93.99,22.99
29592,Historical,148339,0,0,D,2,1,4019687,97.95,2006,22,48.79,16.32
29593,Historical,623516,0,0,D,3,1,1314938,87.95,2009,29,48.79,56.49
29594,Historical,607296,0,0,D,7,1,4361797,84.8,2004,32,35.11,16.68
29595,Historical,546775,0,0,D,4,1,253759,90,2012,53,73.67,48.46
29596,Historical,607340,0,0,D,8,1,1188336,87,2007,32,35.11,28.98
29597,Historical,596950,0,0,D,3,1,798411,78,2008,75,73.67,11.11
29598,Historical,51882,0,0,D,10,1,1130359,172.33,2006,56,114.28,7.98
29599,Historical,51883,0,0,D,11,1,85817,209.2,2009,66,114.28,33.92
29600,Historical,336593,1,1,D,2,1,2082491,68.95,2006,45,49.6,17.3
29601,Historical,57874,0,0,D,7,1,182527,402.95,2010,76,117.99,38.37
29602,Historical,258377,0,0,D,0,0,4888016,93,2002,23,52.81,8.99
29603,Historical,911526,1,2,D,8,1,9786138,23.95,2012,25,127.99,22.98
29604,Historical,52838,0,0,D,7,1,103584,29.63,2008,125,127.99,13.99
29605,Historical,57875,0,0,D,6,1,1417563,319.95,2007,47,117.99,17.32
29606,Historical,3033849,0,0,D,1,0,2001710,100,2003,35,61.34,23.74
29607,Historical,1924732,0,0,D,0,0,4604403,79,2014,13,0,68.88
29608,Historical,54944,0,0,D,4,1,81693,19.94,2008,83,53.99,12.79
29609,Historical,609130,0,0,D,2,1,502328,10.75,2003,58,53.99,5.02
29610,Historical,54943,0,0,D,3,1,1071919,41.57,2006,75,53.99,18.86
29611,Historical,2419458,0,0,D,1,0,5249568,315,2005,12,75.65,119.08
29612,Historical,2485922,0,0,D,4,1,4030556,675,2005,12,377.84,189.49
29613,Historical,2485623,0,0,D,3,1,5268500,499,2001,10,377.84,345.15
29614,Historical,619821,0,0,D,10,1,746470,255.25,2007,43,189.5,52.93
29615,Historical,748913,0,0,D,1,0,972315,80,2008,20,31.32,38.4
29616,Historical,637416,0,0,D,2,1,1750838,119,1999,21,49.15,23.93
29617,Historical,609768,1,1,D,5,1,2176562,98,2003,26,138.62,22.93
29618,Historical,269968,0,0,D,6,1,1848993,121,2006,20,138.62,70.45
29619,Historical,2849867,0,0,D,0,0,275422,15.99,2000,48,32.73,11.24
29621,Historical,753216,0,0,D,1,0,1230463,205.95,2010,40,0,200.32
29622,Historical,199994,1,1,D,2,1,656408,34.95,2003,33,38.39,32.39
29623,Historical,199909,1,1,D,1,0,828903,24.95,2000,17,40.26,16.26
29624,Historical,199993,1,3,D,2,1,460148,36.95,2003,44,40.26,36.78
29625,Historical,2778844,0,0,D,3,1,579370,48,1992,15,224.98,279.45
29626,Historical,609361,0,0,D,6,1,1660458,44.95,1999,37,61.92,23.98
29627,Historical,526547,0,0,D,8,1,154420,72.95,2011,54,61.92,68.94
29628,Historical,635331,0,0,D,2,1,568478,129.99,2004,24,97.93,33.99
29629,Historical,192794,0,0,D,1,0,4066242,75,2001,22,29.98,72.51
29630,Historical,911039,0,0,D,5,1,1327209,113.95,2008,28,48.98,53.47
29631,Historical,526545,0,0,D,3,1,363456,63.99,2009,52,33.98,38.98
29632,Historical,196657,1,1,D,2,1,2668772,110,2007,19,85.47,21.96
29633,Historical,633334,0,0,D,1,0,725604,59.95,2008,35,10.99,31.82
29634,Historical,526542,1,4,D,4,1,351405,67.95,2009,32,43.99,55.72
29635,Historical,2251296,0,0,D,8,1,6817574,68.88,2009,26,128.49,135.3
29636,Historical,914994,1,1,D,8,1,863053,107.2,2009,25,128.49,126.83
29637,Historical,868205,1,1,D,4,1,409262,43,1999,30,40.39,46.09
29638,Historical,615047,1,1,D,0,0,641760,37,1998,48,37.46,11.23
29639,Historical,3798135,1,1,D,3,1,1394446,78,2010,20,0,38.98
29640,Historical,663356,1,1,D,0,0,792793,85,2013,25,0,0
29641,Historical,716724,0,0,D,1,0,4187095,112.6,2008,38,90.87,16.23
29642,Historical,121626,0,0,D,0,0,3212111,38.99,2011,23,90.87,38.99
29643,Historical,710677,1,2,D,1,0,1171178,50.2,2001,38,48.91,33.94
29644,Historical,117965,0,0,D,2,1,179841,67.8,2005,52,48.91,49.37
29645,Historical,526541,0,0,D,3,1,444822,44,2007,22,21.97,16.59
29646,Historical,217336,0,0,D,4,1,848862,48,2011,60,21.97,22.62
29647,Historical,623870,1,1,D,0,0,1563920,116,2000,15,105,59.14
29648,Historical,848236,0,0,D,1,0,850713,133,1997,23,58.99,43.73
29649,Historical,826749,0,0,D,0,0,1673103,39.95,1995,19,0,63.98
29650,Historical,911867,0,0,D,0,0,925552,156,1999,34,135.87,112.45
29651,Historical,755199,0,0,D,2,1,1815872,160,2003,23,89.26,56.83
29652,Historical,526539,1,1,D,3,1,364257,71,2010,59,36.52,21.98
29653,Historical,298239,0,0,D,2,1,1286075,49.95,2006,40,36.52,29.24
29654,Historical,169335,0,0,D,4,1,214090,198.95,2008,37,65.5,49.95
29655,Historical,610011,0,0,D,7,1,22110,76.6,2012,40,42.96,63.02
29656,Historical,607760,0,0,D,6,1,358975,64.33,2009,50,42.96,33.94
29657,Historical,617639,0,0,D,1,0,676654,60.4,2010,55,26.29,13.06
29658,Historical,868220,1,3,D,2,1,1402394,81.65,1990,42,51.94,44.99
29659,Historical,132075,1,1,D,8,1,215869,47.6,2006,43,35.99,15.99
29660,Historical,131721,0,0,D,7,1,719026,35.8,2003,89,35.99,17.96
29661,Historical,630193,0,0,D,2,1,251587,64.95,2006,20,0,0
29662,Historical,715196,0,0,D,1,0,2866579,65.33,2005,21,53.24,63.81
29663,Historical,765123,0,0,D,1,0,2375254,57.95,2002,29,17.97,54.72
29664,Historical,290868,1,1,D,6,1,163828,71.95,2006,50,17.97,13.99
29665,Historical,697936,0,0,D,4,1,2134675,59.5,2007,19,36.97,46.86
29666,Historical,533484,0,0,D,6,1,24663,23.04,2011,71,36.97,16.94
29668,Historical,870664,0,0,D,2,1,4534800,74,1997,18,66.98,22.04
29669,Historical,763247,0,0,D,2,1,2687033,190,2000,15,83.55,96.29
29670,Historical,2580038,0,0,D,1,0,4055633,115.5,1996,20,83.55,236.75
29671,Historical,387031,0,0,D,1,0,1191496,76.95,2009,15,0,0
29673,Historical,3076941,0,0,D,1,0,3295395,154.95,2003,10,103.96,60.44
29674,Historical,642822,0,0,D,0,0,1730985,51.95,1999,23,40.63,51.72
29675,Historical,262019,0,0,D,3,1,3856379,34.95,2004,28,55.92,38.99
29676,Historical,162728,0,0,D,4,1,763741,92.95,2009,28,55.92,43.65
29677,Historical,857838,0,0,D,2,1,3432530,46.35,2009,14,74.95,52.61
29678,Historical,697355,0,0,D,2,1,209481,0,2004,23,9.54,26.24
29679,Historical,105369,1,1,D,2,1,925079,107.75,2007,27,9.54,29.2
29680,Historical,396007,0,0,D,3,1,2291584,65.95,2005,28,55.13,13.98
29681,Historical,762438,0,0,D,2,1,1583238,90,2002,26,39.45,15.76
29682,Historical,199984,0,0,D,2,1,532835,86.95,2003,53,63.98,10.99
29683,Historical,343096,0,0,D,2,1,2610965,159.5,2004,15,115.54,24.95
29684,Historical,1645704,0,0,D,4,1,1433696,36.95,2009,28,0,12.49
29685,Historical,194983,0,0,D,3,1,3561236,36.95,2005,27,0,27.47
29686,Historical,864811,0,0,D,11,1,117675,109.95,2013,50,68.98,69.39
29687,Historical,810228,1,1,D,10,1,245846,120.95,2010,74,68.98,86.67
29688,Historical,633400,0,0,D,0,0,353985,59.99,2007,33,46.99,37.67
29689,Historical,270794,1,3,D,9,1,129666,73.99,2009,132,47.89,12.99
29690,Historical,625776,0,0,D,1,0,4447970,71,1991,21,27.93,26.79
29691,Historical,635470,0,0,D,6,1,138172,84.95,1989,30,85.33,72.89
29692,Historical,298364,0,0,D,1,0,1592143,54.95,2006,40,58.76,17.49
29693,Historical,620280,0,0,D,2,1,749867,46.95,2009,41,58.76,29.98
29694,Historical,51795,0,0,D,8,1,95099,129,2009,83,81.97,35.98
29695,Historical,51794,0,0,D,7,1,92122,122,2004,165,81.97,27.99
29696,Historical,192417,0,0,D,2,1,741619,48.95,2004,121,28.8,11.95
29697,Historical,526511,0,0,D,3,1,244685,51.95,2009,75,28.8,19.99
29698,Historical,57869,0,0,D,8,1,129242,97.95,2007,96,43.99,33.99
29699,Historical,609562,1,1,D,7,1,831463,81.95,2005,68,43.99,23.57
29700,Historical,120089,1,1,D,7,1,504806,103.2,2009,57,73.99,5.49
29702,Historical,117974,0,0,D,5,1,472180,77,2005,39,65.79,8.1
29703,Historical,868445,0,0,D,0,0,1638462,44,1996,27,28.99,11.93
29704,Historical,120571,0,0,D,6,1,59999,100.4,2008,63,65.79,18.94
29705,Historical,625248,0,0,D,6,1,38521,45.98,2010,67,87.99,28.14
29706,Historical,622746,1,3,D,5,1,162124,52.99,2006,57,87.99,16.99
29707,Historical,565896,0,0,D,13,1,2431597,16.94,2009,15,57.99,5.79
29708,Historical,244310,0,0,D,14,1,1105524,49.51,2011,20,57.99,48.21
29709,Historical,115810,0,0,D,5,1,1145391,55,2003,54,54.39,11.94
29710,Historical,117791,0,0,D,6,1,639545,66.2,2006,50,54.39,53.63
29711,Historical,118716,0,0,D,4,1,427793,82.6,2007,72,55.52,22.48
29712,Historical,117842,0,0,D,3,1,1210878,70.2,2004,46,55.52,12.99
29713,Historical,133198,0,0,D,5,1,149398,95.4,2010,58,55.52,44.91
29714,Historical,2750993,0,0,D,6,1,1609862,435,2005,10,101.73,143.99
29715,Historical,526507,0,0,D,7,1,631886,294.99,2009,22,204.79,47.26
29716,Historical,253976,1,1,D,4,1,358467,123,2011,43,93.94,51.99
29717,Historical,574588,0,0,D,2,1,2048476,83,2002,35,93.94,38.53
29718,Historical,823813,0,0,D,2,1,272595,29.95,1992,137,0,0
29719,Historical,789738,0,0,D,4,1,1329257,274.99,2008,27,286.7,104.93
29720,Historical,634409,0,0,D,4,1,2383218,92.7,1998,23,4,65.27
29721,Historical,2575395,0,0,D,2,1,10937275,0,1984,10,234.31,0
29723,Historical,116910,0,0,D,4,1,270837,104.4,2004,54,74.81,23.95
29724,Historical,120532,1,2,D,5,1,70759,147,2008,71,74.81,73.25
29725,Historical,125909,1,1,D,0,0,353822,59.95,2004,45,35.71,37.98
29726,Historical,526505,0,0,D,3,1,956494,59.95,2005,33,32.92,47.98
29727,Historical,614594,1,1,D,1,0,748560,171.2,2006,91,157.17,47.62
29728,Historical,858946,0,0,D,2,1,3729074,89.95,2002,15,92.01,59.99
29729,Historical,60832,1,1,D,7,1,1492217,64,2004,35,31.97,45.07
29730,Historical,53166,1,2,D,6,1,95471,238.95,2010,37,91.26,85.02
29731,Historical,53167,0,0,D,4,1,689793,114.95,2004,39,91.26,12.94
29732,Historical,53165,0,0,D,5,1,230680,230.95,2007,44,91.26,43.97
29733,Historical,166971,0,0,D,7,1,744113,24,2006,69,57.21,50.9
29734,Historical,526500,0,0,D,4,1,697724,99.99,2010,19,111.64,42.19
29735,Historical,203959,0,0,D,3,1,1877249,99.95,2006,26,111.64,37.79
29736,Historical,788947,0,0,D,2,1,4525032,299,2001,20,226.24,63.29
29737,Historical,146930,0,0,D,5,1,1911678,299,2002,12,250.48,14.02
29738,Historical,743849,0,0,D,7,1,660133,399.95,2009,19,250.48,152.45
29739,Historical,542508,1,1,D,3,1,2470498,43.95,2010,13,28.59,8.39
29740,Historical,159576,0,0,D,10,1,2645848,59.95,2006,17,38.31,48.99
29741,Historical,221695,0,0,D,1,0,6163939,185.95,2000,10,159.04,70.64
29742,Historical,157547,0,0,D,1,0,162559,75.95,2010,32,59.97,45.34
29743,Historical,157548,0,0,D,1,0,184935,64.95,2010,24,59.97,40.37
29744,Historical,60992,0,0,D,2,1,1963971,81.95,1998,36,48.06,17.48
29745,Historical,1731787,1,1,D,0,0,2746783,168.95,2009,19,150.99,151.78
29746,Historical,1731773,1,1,D,29,1,3387925,163.95,2007,19,150.99,51.79
29747,Historical,270812,0,0,D,6,1,353904,129.99,2011,41,61.75,26.24
29748,Historical,609231,0,0,D,5,1,1556878,124.95,2007,61,61.75,31.4
29749,Historical,2374528,0,0,D,2,1,248666,216.4,1993,23,51.89,183.53
29750,Historical,197670,1,1,D,1,0,2226804,46.06,2008,14,103.98,129.99
29751,Historical,868148,0,0,D,3,1,803939,79,1995,20,51.89,43.63
29752,Historical,834659,0,0,D,21,1,3532549,150,2002,17,21.99,675
29753,Historical,299442,0,0,D,3,1,970681,45.95,2003,31,22.81,13.94
29754,Historical,536621,1,2,D,7,1,1903,38.89,2011,149,26.88,24.84
29755,Historical,53787,1,5,D,6,1,470188,10.63,2009,155,26.88,10.59
29756,Historical,536620,1,25,D,6,1,61528,39.95,2010,242,26.88,7.74
29757,Historical,735864,0,0,D,6,1,759427,11.57,2010,85,42.52,9.02
29758,Historical,142129,1,1,D,7,1,16924,46.38,2011,71,42.52,36.95
29759,Historical,542603,0,0,D,0,0,941442,42,2011,63,48.99,12.99
29760,Historical,595075,0,0,D,0,0,352232,47,2012,149,48.99,10.99
29761,Historical,248355,0,0,D,1,0,2739067,243.95,2005,24,63.08,6.48
29762,Historical,251939,1,1,D,1,0,2947098,174.95,2007,19,63.08,13.54
29763,Historical,2005594,0,0,D,1,0,2088360,70,2006,12,83.19,67.84
29764,Historical,147061,0,0,D,8,1,1384468,59.95,2003,31,35.34,34.4
29765,Historical,147534,1,1,D,9,1,413677,75.95,2008,32,35.34,73.93
29766,Historical,2897114,1,1,D,1,0,849236,75.95,1994,29,47.99,53.94
29767,Historical,647090,0,0,D,4,1,195086,45,2012,40,38.04,24.85
29768,Historical,917609,1,1,D,3,1,898847,47,2007,27,38.04,8.65
29769,Historical,910022,0,0,D,0,0,1504559,34.95,2009,30,23.69,28.95
29770,Historical,134880,0,0,D,0,0,1846192,40,2010,21,22.31,21.98
29771,Historical,643872,0,0,D,2,1,1220816,49,2010,20,37.67,26.63
29772,Historical,632056,0,0,D,3,1,425291,44,2013,32,37.67,37.17
29773,Historical,1839691,0,0,D,5,1,3448179,328,2008,17,180.48,132.98
29774,Historical,1839708,0,0,D,5,1,1651486,150,2010,19,180.48,100.65
29775,Historical,616052,0,0,D,1,0,910459,169,2004,46,48.98,28.37
29776,Historical,574585,0,0,D,16,1,995013,132,2001,26,98.99,29.99
29777,Historical,916287,0,0,D,0,0,1013759,74.95,2004,34,24.69,11.19
29778,Historical,164778,1,1,D,2,1,28084,135,2005,53,87.46,90.97
29779,Historical,835863,0,0,D,2,1,8581473,190,2008,10,115.18,156.47
29781,Historical,169492,1,1,D,6,1,620892,152.95,2007,20,35.03,587.64
29782,Historical,177004,1,4,D,5,1,1605401,68.95,2004,30,35.03,60.81
29783,Historical,278203,0,0,D,1,0,1927995,139.95,2005,19,90.09,26.66
29784,Historical,894104,0,0,D,1,0,5016846,85,2003,13,75.07,47.73
29785,Historical,526464,1,1,D,5,1,45548,217.95,2012,58,141.56,107.92
29786,Historical,298489,0,0,D,1,0,2547224,92.95,2006,21,141.56,32.67
29787,Historical,249753,0,0,D,3,1,1360851,149.95,2006,53,141.56,12.42
29788,Historical,291723,1,1,D,7,1,516449,144.95,2010,35,35.03,64.05
29789,Historical,199095,0,0,D,3,1,1074335,150,2002,12,137.02,71.97
29790,Historical,870825,0,0,D,0,0,326207,110,1993,34,111.62,52.09
29791,Historical,199013,0,0,D,2,1,830509,175,2000,35,111.62,89.75
29792,Historical,152165,0,0,D,2,1,1745362,89.95,2005,12,46.17,26.98
29793,Historical,909314,0,0,D,0,0,3199146,96.8,2008,39,23.29,44.82
29794,Historical,775915,0,0,D,4,1,1966132,42.95,2005,32,45.22,14.99
29795,Historical,618970,0,0,D,5,1,409391,44.95,2009,35,45.22,13.98
29796,Historical,869723,1,1,D,2,1,1252262,31.99,2003,14,35.45,30.63
29797,Historical,641784,0,0,D,2,1,152945,49.99,2003,22,35.45,43.94
29798,Historical,574751,0,0,D,4,1,1243423,130,2008,30,23.29,18.99
29799,Historical,595040,0,0,D,5,1,223953,207,2011,37,23.29,91.8
29800,Historical,53325,0,0,D,9,1,778257,12.84,2008,46,44.35,14
29801,Historical,642174,0,0,D,8,1,59416,64.95,2012,50,82.59,38.99
29802,Historical,51010,0,0,D,6,1,890476,152.95,2005,46,82.59,11.82
29803,Historical,2113780,0,0,D,2,1,652519,54.99,2013,28,0,51.25
29805,Historical,919337,0,0,D,1,0,829457,49.99,2009,58,23.66,19.61
29806,Historical,1855195,0,0,D,4,1,1766534,86,2011,19,106.98,119.36
29807,Historical,3545620,1,3,D,1,0,98639,101.5,2000,66,0,63.23
29808,Historical,510650,0,0,D,1,0,8514230,319,2007,9,75.18,103.99
29809,Historical,763725,0,0,D,1,0,966665,369.95,1999,25,176.75,23.98
29810,Historical,2569600,0,0,D,2,1,3102699,94.95,1991,17,152.76,28.96
29811,Historical,164019,0,0,D,3,1,984430,137.5,1999,17,152.76,55.77
29812,Historical,912839,0,0,D,11,1,2766247,41.95,2008,23,8.57,51.73
29813,Historical,621778,0,0,D,12,1,1469920,94.95,2008,31,8.57,15.99
29816,Historical,639998,0,0,D,1,0,1227237,79.95,2011,13,73.51,45.99
29817,Historical,2043162,0,0,D,2,1,831653,69.95,2012,19,67.71,58.4
29818,Historical,1944488,0,0,D,0,0,1498753,69,2010,11,0,50.77
29819,Historical,2043046,0,0,D,1,0,2261770,0,2008,14,63.29,43.58
29821,Historical,2043078,0,0,D,1,0,4077998,43.99,2009,14,65.02,29.24
29822,Historical,203776,0,0,D,3,1,753946,119,2005,29,56.43,62.94
29823,Historical,2261779,0,0,D,3,1,1340935,184.4,2006,23,56.43,136.6
29824,Historical,3514006,0,0,D,0,0,4061921,99.5,1983,12,0,89.06
29825,Historical,3514055,0,0,D,2,1,4100063,182,1993,17,0,109.7
29826,Historical,661180,0,0,D,3,1,835495,149,2011,19,0,0
29827,Historical,904333,0,0,D,0,0,1851776,129,2004,24,103.99,102.87
29828,Historical,2034941,0,0,D,0,0,94204,129,2006,16,0,153.98
29829,Historical,3087889,0,0,D,0,0,2443489,49.95,2004,22,47.94,29.84
29830,Historical,266739,0,0,D,1,0,1505505,54.95,2005,16,55.32,79.13
29831,Historical,760839,0,0,D,4,1,1320535,130,2002,21,93.99,28.98
29832,Historical,301430,0,0,D,0,0,390396,99,2011,15,108.83,69.27
29833,Historical,446939,0,0,D,2,1,1973177,145,2010,17,152.63,47
29834,Historical,161541,0,0,D,1,0,3220422,140,2007,12,152.63,13.88
29835,Historical,249082,0,0,D,4,1,51431,47.95,2009,78,40.98,37.95
29836,Historical,54940,0,0,D,3,1,980395,44.95,2006,160,30.85,22.96
29837,Historical,618005,0,0,D,0,0,1350237,67.95,2005,42,35.55,43.96
29838,Historical,526436,0,0,D,1,0,1722961,91.95,2012,23,53.93,52.4
29839,Historical,617330,0,0,D,1,0,1149416,69.95,2009,46,54.19,31.93
29840,Historical,254018,0,0,D,3,1,917343,67.95,2010,33,23.97,36.98
29841,Historical,248815,0,0,D,2,1,1771091,59.95,2007,41,23.97,6.63
29842,Historical,293146,0,0,D,0,0,606276,34.95,2001,40,21.13,13.99
29843,Historical,293145,0,0,D,0,0,1099754,34.95,2001,34,21.13,8.99
29844,Historical,192451,0,0,D,1,0,704733,39.95,2004,63,23.24,38.98
29845,Historical,249097,0,0,D,4,1,166443,48.95,2008,107,37.98,12.99
29846,Historical,860475,0,0,D,5,1,70740,54.95,2011,171,37.98,27.92
29847,Historical,249081,0,0,D,1,0,1175433,45.95,2008,37,29.49,29.21
29848,Historical,293132,0,0,D,1,0,1124171,58.95,2000,27,5.54,25.98
29849,Historical,672441,0,0,D,0,0,21635,19.99,2006,135,0,8.99
29850,Historical,898681,0,0,D,0,0,879261,89.99,2006,15,0,0
29851,Historical,234742,0,0,D,5,1,238207,125,2003,48,224.94,78.99
29852,Historical,3042289,0,0,D,0,0,190730,17.25,2001,17,0,17.25
29853,Historical,923230,1,3,D,1,0,122046,75.4,2003,114,90.98,30.6
29854,Historical,3094952,1,1,D,1,0,180963,9.35,2003,17,23.82,12.99
29855,Historical,3042423,0,0,D,1,0,88016,75.4,2003,148,23.82,21.99
29856,Historical,2064274,0,0,D,4,1,135393,99,2009,15,73.99,71.95
29857,Historical,2039710,0,0,D,1,0,111773,79,2006,77,53.97,35.99
29858,Historical,3042400,0,0,D,0,0,1626606,0,1996,14,29.97,26.15
29861,Historical,668099,0,0,D,1,0,2778675,164.99,2006,21,101.22,46.94
29862,Historical,870174,0,0,D,2,1,1154013,90.35,2003,38,42.99,18.57
29863,Historical,386477,0,0,D,3,1,81738,58,2011,41,42.99,43.99
29864,Historical,60835,0,0,D,8,1,100115,248.95,2002,77,141.82,16.99
29865,Historical,278610,0,0,D,1,0,2218130,59.95,2002,23,50.34,49.21
29866,Historical,902374,1,1,D,1,0,1198279,105,2003,31,34.09,79.32
29867,Historical,789519,0,0,D,10,1,1038993,410.99,2006,14,223.89,58.64
29868,Historical,789071,0,0,D,9,1,3197223,269,2002,21,223.89,44.8
29869,Historical,623367,0,0,D,6,1,2535556,159,2001,22,0,0
29870,Historical,917604,0,0,D,11,1,1144728,61.95,2007,31,49.71,67.89
29871,Historical,54139,0,0,D,2,1,162137,249.95,2010,30,183.34,36.47
29872,Historical,54140,0,0,D,1,0,1317333,160.95,2007,34,183.34,28.99
29873,Historical,60993,1,2,D,8,1,1388726,111.4,2004,51,168.01,6.89
29874,Historical,60836,1,1,D,5,1,110194,35.73,2005,38,113.45,14.5
29875,Historical,110116,1,4,D,6,1,124243,119.73,2008,64,113.45,58.65
29876,Historical,615367,0,0,D,2,1,3096723,69.95,2001,25,46.2,13.44
29877,Historical,642971,0,0,D,0,0,1550165,55,2002,23,48.96,72.26
29878,Historical,163718,1,1,D,1,0,420445,55,2002,26,50.43,47.99
29879,Historical,602983,1,2,D,2,1,158701,41.5,2009,28,40.74,72.76
29880,Historical,651748,0,0,D,0,0,880201,41.95,2005,22,40.74,63.91
29881,Historical,915081,1,1,D,0,0,2737838,57,1987,18,47.6,46.67
29882,Historical,217400,0,0,D,1,0,2262883,50,2001,41,28.99,9.94
29883,Historical,199539,1,1,D,2,1,420238,40.95,2002,53,20.91,8.31
29884,Historical,833214,0,0,D,6,1,2297180,259.94,2002,15,100.47,72.59
29885,Historical,107103,1,1,D,2,1,4352563,94.37,1999,21,108.5,20.27
29886,Historical,108059,0,0,D,3,1,716432,80.45,2003,39,108.5,43.99
29887,Historical,2772094,0,0,D,0,0,11905195,63.7,1991,9,4.14,0
29888,Historical,2772354,0,0,D,2,1,4986075,92,1996,17,4.14,87.17
29889,Historical,157694,0,0,D,2,1,708348,66.95,2009,76,55.07,15.82
29890,Historical,669700,0,0,D,3,1,2319219,101.23,2008,15,37.16,140.13
29891,Historical,2431716,1,1,D,8,1,265814,123.6,2005,28,101.72,14.99
29893,Historical,876791,0,0,D,4,1,1334701,90.61,2007,49,98.13,73.78
29894,Historical,132279,0,0,D,4,1,350834,107.8,2007,69,98.13,54.37
29895,Historical,1656728,0,0,D,2,1,1173200,81.75,2006,22,37.16,54.85
29896,Historical,428404,0,0,D,9,1,69408,149.33,2007,26,101.72,67.83
29897,Historical,60838,1,3,D,7,1,987259,17.99,2006,50,82.19,17.99
29898,Historical,110124,1,1,D,8,1,454287,98.58,2008,36,82.19,72.73
29899,Historical,392149,0,0,D,6,1,1290167,55,2007,26,39.04,44.59
29900,Historical,620820,0,0,D,4,1,1027271,50,2008,50,10.97,44.97
29901,Historical,578921,0,0,D,1,0,308019,89,2006,33,75.94,48.74
29902,Historical,859302,0,0,D,4,1,3754001,73.95,2005,13,4,67.63
29903,Historical,131351,0,0,D,4,1,2716983,91.8,2001,20,43.98,6.48
29904,Historical,909571,1,1,D,1,0,3472387,85,1998,22,102.48,42.98
29906,Historical,165339,0,0,D,1,0,1485480,75,2001,42,42.04,8.99
29907,Historical,392669,0,0,D,2,1,680668,74.95,2010,20,33.99,19.93
29908,Historical,789809,0,0,D,8,1,2285150,529,2006,14,68.99,60.56
29909,Historical,514607,0,0,D,9,1,411798,224,2009,50,103.98,25.43
29910,Historical,526385,0,0,D,9,1,703494,81,2010,73,39.92,53.06
29911,Historical,169640,0,0,D,6,1,301505,223.95,2010,54,145.06,52.43
29912,Historical,268350,0,0,D,1,0,876560,42,2004,38,33.84,23.99
29913,Historical,893242,0,0,D,2,1,3466916,149.95,1994,13,129.83,158.91
29914,Historical,607334,1,1,D,9,1,477585,70.4,2007,53,35.75,68.47
29915,Historical,114370,0,0,D,8,1,4113273,54,2003,17,35.75,16.98
29916,Historical,888093,0,0,D,0,0,4171697,77.47,2005,12,43.93,4.49
29917,Historical,1768072,0,0,D,1,0,3708750,79.99,2013,9,64.51,8.99
29918,Historical,118365,0,0,D,10,1,2881937,137.4,2005,20,83.05,17.99
29919,Historical,534059,0,0,D,10,1,935200,144.4,2005,52,83.05,16.69
29920,Historical,710464,0,0,D,5,1,4047254,88.67,2001,25,119.21,13.99
29921,Historical,117901,0,0,D,6,1,1554508,80.8,2005,30,119.21,15.08
29922,Historical,607260,0,0,D,10,1,515096,122,2003,36,18.35,13.98
29923,Historical,577046,0,0,D,1,0,1285798,262.95,2002,28,16.48,6.99
29924,Historical,915856,0,0,D,2,1,184007,46,2004,23,0,24.99
29925,Historical,51348,1,8,D,1,0,615531,8.98,2007,219,125.52,6.98
29926,Historical,2540808,0,0,D,0,0,2725425,65.95,2004,21,35.09,25.65
29927,Historical,873335,0,0,D,3,1,1336698,23.86,2003,39,104.95,47.81
29928,Historical,608699,0,0,D,4,1,131969,206.95,2009,50,104.95,44.66
29929,Historical,533987,0,0,D,3,1,371998,128.95,2004,85,104.95,10.7
29930,Historical,51607,0,0,D,6,1,57115,49.99,2009,104,43.67,19.9
29931,Historical,639125,0,0,D,1,0,4366234,49.95,2003,20,20.63,25.33
29932,Historical,118959,1,1,D,9,1,454432,137.2,2007,75,131.85,57.01
29933,Historical,120246,1,1,D,10,1,41840,176.6,2011,74,131.85,63.84
29934,Historical,907420,0,0,D,0,0,3858508,28.95,1982,19,56.04,48.11
29935,Historical,895580,0,0,D,1,0,2493929,174.95,2006,11,131.29,78.48
29936,Historical,539742,1,2,D,1,0,227759,39.95,2009,51,36.27,62.12
29937,Historical,722328,0,0,D,0,0,3649068,49.99,2007,14,55.13,47.35
29938,Historical,118693,0,0,D,4,1,1875865,68,2007,42,30.05,7.18
29939,Historical,742022,1,1,D,1,0,1211356,44.99,2008,29,179.01,19.78
29940,Historical,659989,1,2,D,1,0,525152,67,2003,20,36.9,68.13
29942,Historical,110776,0,0,D,4,1,108195,39.09,2011,65,85.09,33.98
29943,Historical,110276,0,0,D,3,1,223293,13.94,2007,51,85.09,14.98
29944,Historical,1651331,0,0,D,3,1,1477917,115.95,2012,18,54,78.25
29945,Historical,3516223,0,0,D,2,1,2330822,58.95,2009,16,0,21.43
29946,Historical,563814,1,1,D,2,1,85415,27.42,1999,121,46.39,23.49
29947,Historical,791736,0,0,D,11,1,1341650,0,2004,48,240.86,129.31
29948,Historical,113967,0,0,D,6,1,161558,153.33,2003,33,142.97,57.04
29949,Historical,623633,0,0,D,2,1,840252,44.95,2004,39,0,0
29950,Historical,641717,0,0,D,1,0,246943,71.95,2005,25,0,0
29951,Historical,853621,1,1,D,2,1,3667658,74.2,2002,19,43.99,12.94
29952,Historical,60841,0,0,D,3,1,143808,33.98,2005,34,43.99,33.52
29953,Historical,292214,0,0,D,9,1,569912,175.95,2006,50,138.97,33.99
29954,Historical,60843,1,1,D,8,1,1034364,103.56,2003,42,138.97,9.96
29955,Historical,58515,0,0,D,3,1,560065,115,2006,40,86.73,34.07
29956,Historical,58514,1,1,D,2,1,3389077,85.33,2002,40,86.73,4.46
29957,Historical,824172,1,1,D,1,0,2531690,34.95,1993,48,26.34,10.38
29958,Historical,633505,0,0,D,2,1,431256,40.95,2003,28,0,0
29959,Historical,905851,0,0,D,1,0,796147,64,2005,18,61.82,45.17
29960,Historical,2552172,0,0,D,2,1,2977772,379,1994,21,60.97,82.53
29961,Historical,218580,1,2,D,1,0,1103413,68.95,1996,45,88.15,42.53
29962,Historical,147059,0,0,D,2,1,357584,106.95,2007,40,88.15,79.95
29963,Historical,912558,0,0,D,1,0,1270178,54.99,2005,17,41.73,57.6
29964,Historical,914996,0,0,D,3,1,1868130,38.95,2005,33,23.96,12.98
29965,Historical,2263379,0,0,D,2,1,10625308,0,2010,20,113.99,80.44
29966,Historical,636167,0,0,D,0,0,1484921,35,2006,21,113.99,14.92
29967,Historical,630028,1,2,D,2,1,548167,198,2010,54,113.99,32.53
29968,Historical,1506228,0,0,D,2,1,786523,95,2011,35,17.95,80.84
29969,Historical,265914,0,0,D,6,1,6115816,116,2004,13,143.99,30.99
29970,Historical,526362,0,0,D,7,1,2764376,151,2007,20,143.99,13.49
29971,Historical,546647,1,2,D,8,1,935910,203,2010,38,143.99,18.49
29972,Historical,600112,0,0,D,3,1,2992812,43,2006,17,37.89,15.99
29973,Historical,738180,1,1,D,6,1,9979386,110,2002,11,68.99,50.67
29974,Historical,618188,0,0,D,3,1,2189357,38.95,2005,26,6.25,11.17
29975,Historical,656030,0,0,D,8,1,1108705,43,2009,16,68.99,48.51
29976,Historical,270052,0,0,D,2,1,1117147,179,2008,33,18.99,6.35
29977,Historical,610193,1,1,D,3,1,420169,216,2011,80,18.99,102.69
29978,Historical,701676,0,0,D,6,1,2447612,0,2008,14,34.98,30.49
29979,Historical,917306,1,1,D,4,1,2414945,68.95,2002,30,25.89,19.6
29980,Historical,113110,0,0,D,5,1,487239,71.95,2007,35,25.89,15.39
29981,Historical,543811,1,1,D,4,1,55491,102.95,2013,56,46.98,37.99
29982,Historical,253887,1,1,D,3,1,755139,113.95,2009,81,46.98,9
29983,Historical,57290,0,0,D,4,1,61950,115,2006,62,82.89,14.16
29984,Historical,873705,0,0,D,0,0,4332832,27.46,2009,16,82.89,24.56
29985,Historical,615738,0,0,D,4,1,1617611,154,2005,32,157.8,30.97
29986,Historical,300404,0,0,D,5,1,696102,210,2011,50,157.8,155.01
29987,Historical,365256,0,0,D,0,0,1813736,62.95,2001,20,31.34,18.47
29988,Historical,200629,1,1,D,1,0,201272,99.95,2010,86,65.5,12.99
29989,Historical,576744,0,0,D,1,0,243033,99.95,2010,45,64.27,19.97
29990,Historical,576745,1,4,D,1,0,445324,107.95,2010,32,0,0
29991,Historical,564705,1,1,D,1,0,160118,49.95,2008,24,38.24,37.49
29992,Historical,666477,1,1,D,4,1,636347,215.95,2011,12,128.97,48.39
29993,Historical,543807,1,8,D,4,1,47954,185.95,2011,118,128.97,187.05
29994,Historical,53801,1,2,D,3,1,724846,204.95,2008,91,128.97,8.29
29995,Historical,607968,0,0,D,4,1,1817211,78.95,2002,27,81.63,23.99
29996,Historical,2675846,1,1,D,0,0,433112,66.22,1996,35,82.01,40.98
29997,Historical,628917,1,2,D,2,1,511066,85.2,2003,22,82.01,49.97
29998,Historical,3547044,0,0,D,2,1,4218841,49.95,1991,22,0,48.57
29999,Historical,184577,0,0,D,1,0,2618730,95,1999,18,50.98,13.99
30000,Historical,874321,0,0,D,0,0,2815769,50.95,2000,102,27.91,8.79
30001,Historical,141578,0,0,D,2,1,2571833,4.41,2003,61,27.91,4.34
30002,Historical,57142,0,0,D,3,1,1083708,6.86,2006,149,27.91,8.94
30003,Historical,867922,1,1,D,3,1,2319692,82.67,2003,52,29.85,6.98
30004,Historical,110750,0,0,D,3,1,1308404,13.99,2007,39,50.54,21.95
30005,Historical,52410,0,0,D,6,1,1036576,57.8,2003,67,42.07,13.94
30006,Historical,713678,0,0,D,5,1,2137599,41,2000,49,42.07,7.94
30007,Historical,873834,0,0,D,2,1,1670144,103.95,2013,14,84.41,93.99
30008,Historical,544455,0,0,D,2,1,43684,163.95,2013,88,84.41,33.99
30009,Historical,451809,1,2,D,1,0,119118,179.95,2010,34,84.41,52.29
30010,Historical,2901992,1,1,D,0,0,93720,65.95,1997,31,0,39.89
30011,Historical,666434,0,0,D,0,0,618531,75,2002,16,0,0
30012,Historical,176980,0,0,D,3,1,108584,178.95,2004,50,93.96,52.99
30013,Historical,797709,0,0,D,5,1,2234273,106.95,2004,42,69.38,19.34
30014,Historical,533674,1,1,D,8,1,723562,289,2007,51,95.85,22.84
30015,Historical,52424,1,2,D,8,1,395343,22.99,2007,110,95.85,20.99
30016,Historical,111072,0,0,D,7,1,1212257,126.25,2009,44,120.21,27.31
30017,Historical,110115,0,0,D,8,1,42815,237.5,2012,96,120.21,48.99
30018,Historical,111304,0,0,D,7,1,218651,120,2009,88,120.21,6.09
30019,Historical,875749,0,0,D,0,0,2510437,197.25,2008,74,52.35,9.56
30020,Historical,417188,0,0,D,1,0,1308482,216,2009,40,52.35,63.99
30021,Historical,2572833,0,0,D,3,1,2632510,89.95,1989,19,74.08,172.05
30022,Historical,56163,0,0,D,7,1,79771,126,2010,168,69.83,28.99
30023,Historical,56162,1,3,D,6,1,371801,99.95,2006,120,69.83,19.7
30024,Historical,527856,0,0,D,7,1,80689,54.95,2010,35,35.63,50.05
30025,Historical,147239,0,0,D,6,1,883725,44.95,2006,46,35.63,9.98
30026,Historical,651737,0,0,D,8,1,1433264,66,2001,33,141.37,43.98
30027,Historical,504267,0,0,D,9,1,1599617,120,2008,20,141.37,58.41
30028,Historical,276249,0,0,D,2,1,2875354,72,1999,18,63.99,8.98
30029,Historical,534058,1,3,D,1,0,71478,48.49,1999,63,88.2,48.49
30030,Historical,112805,0,0,D,4,1,5157950,410,2007,11,257.8,196.13
30031,Historical,619176,0,0,D,0,0,1402864,50,2011,35,23.89,52.13
30032,Historical,540477,0,0,D,0,0,265008,47,2012,27,27.89,114.37
30033,Historical,328225,0,0,D,0,0,950243,48,2011,24,0,33.99
30034,Historical,738759,0,0,D,0,0,482721,52,2013,23,37.71,32.89
30035,Historical,624649,0,0,D,0,0,99097,54,2014,84,44.95,33.94
30036,Historical,613698,0,0,D,0,0,1557648,45,2010,41,44.95,9.96
30037,Historical,553841,1,1,D,5,1,1447447,74,2007,75,0,0
30038,Historical,561421,0,0,D,6,1,227249,85,2011,80,79.79,18.63
30039,Historical,270135,0,0,D,0,0,1123076,44,2011,54,10.99,17.97
30040,Historical,921563,0,0,D,0,0,1370812,43,2010,50,10.99,22.63
30041,Historical,557201,0,0,D,9,1,3004849,65.4,2002,31,46.1,27.33
30042,Historical,322664,0,0,D,10,1,1025667,79,2006,41,46.1,27.97
30043,Historical,2698032,0,0,D,1,0,2665946,51.95,2000,14,145.48,51.95
30044,Historical,919641,0,0,D,9,1,246238,160.95,2006,48,98.99,31.24
30046,Historical,57311,0,0,D,2,1,92292,69.95,2011,50,57.52,31.93
30047,Historical,664109,1,1,D,4,1,18204,79.95,2014,69,57.52,63.26
30048,Historical,533310,0,0,D,3,1,57723,79.95,2012,55,57.52,23.6
30049,Historical,57310,1,5,D,1,0,371878,69.95,2010,45,57.52,5.49
30051,Historical,624192,0,0,D,3,1,4152605,51,2002,15,99.93,33.99
30052,Historical,526346,0,0,D,8,1,2343499,103.6,2011,16,82.26,74.74
30053,Historical,56590,0,0,D,7,1,47303,28.99,2008,50,133.76,58.5
30054,Historical,56588,0,0,D,6,1,1034835,190.5,2005,65,133.76,10.43
30055,Historical,599909,1,1,D,4,1,2435053,65,2005,23,99.93,9.99
30056,Historical,56589,1,1,D,8,1,17156,79.99,2010,79,133.76,52.98
30057,Historical,118253,0,0,D,12,1,31843,268.4,2011,135,132.81,16.72
30058,Historical,314704,0,0,D,10,1,336251,180,2006,63,132.81,10.98
30059,Historical,901159,0,0,D,0,0,3822432,52.95,1998,21,24,38.69
30060,Historical,3470404,0,0,D,1,0,117499,56.95,2008,26,0,31.95
30061,Historical,2649392,1,2,D,2,1,3327961,46.95,2003,21,29.98,58.15
30062,Historical,909724,0,0,D,0,0,3834494,59.69,2000,15,28.73,55.49
30063,Historical,1839965,0,0,D,3,1,844097,61.95,2008,29,29.98,61.95
30064,Historical,731167,0,0,D,0,0,2584900,49,2000,26,28.73,52.15
30065,Historical,2260376,0,0,D,0,0,664621,0,2006,13,63.97,75.49
30066,Historical,758911,0,0,D,2,1,760354,80.53,2001,27,41.53,38.45
30067,Historical,2569703,1,1,D,1,0,4048657,99.95,1990,27,81.97,58.23
30068,Historical,630797,0,0,D,1,0,2485666,64,1992,22,129.98,80.36
30069,Historical,1645742,0,0,D,2,1,1647393,49,2008,18,48.09,27.98
30070,Historical,57862,1,1,D,8,1,28210,283.95,2009,118,139.95,43.35
30071,Historical,296724,1,3,D,3,1,25646,129.95,2011,112,83.99,25.94
30072,Historical,57865,1,4,D,7,1,315572,299.95,2006,108,139.95,13.99
30073,Historical,231608,1,4,D,2,1,237392,110.95,2008,97,83.99,21.19
30074,Historical,290958,1,1,D,7,1,40399,142.95,2010,65,74.78,53.7
30075,Historical,128181,0,0,D,1,0,925929,50,2002,27,35,40.49
30076,Historical,177929,0,0,D,6,1,1001276,151.95,2005,107,74.78,13.93
30077,Historical,2899961,0,0,D,1,0,286042,25,1994,26,99.95,64.99
30078,Historical,2343087,0,0,D,0,0,4751317,70,1994,17,29.33,11.39
30079,Historical,1709024,0,0,D,1,0,1638789,245,2006,12,196.7,26.05
30080,Historical,113487,0,0,D,3,1,3317508,144,2004,16,56.1,37.66
30081,Historical,899684,0,0,D,2,1,4060426,44.95,1992,14,56.1,59.91
30082,Historical,876050,0,0,D,4,1,1975577,190.87,2009,46,77.93,109.64
30083,Historical,696747,0,0,D,4,1,4791149,81.5,2009,15,77.93,48.99
30084,Historical,526342,1,2,D,4,1,452766,1733.67,2009,42,77.93,45.34
30085,Historical,60844,0,0,D,3,1,2755216,28.93,2004,40,77.93,21.99
30086,Historical,251969,0,0,D,3,1,240233,93.95,2010,37,67.99,89.1
30087,Historical,248407,0,0,D,2,1,468942,90.95,2006,30,67.99,13.97
30088,Historical,60845,0,0,D,5,1,2684151,163.95,2007,34,93.46,11.74
30089,Historical,169995,1,1,D,6,1,982240,170.95,2010,68,93.46,29.59
30090,Historical,618999,1,2,D,2,1,682050,137,2007,32,33.98,22.99
30091,Historical,165780,0,0,D,2,1,667491,113.33,2005,47,44.98,62.73
30092,Historical,615596,0,0,D,1,0,988287,53.98,1998,47,44.98,55.59
30093,Historical,592227,0,0,D,1,0,496871,179.95,2007,45,89.74,49.43
30094,Historical,526337,1,1,D,6,1,77847,145.95,2012,62,97.77,58.99
30095,Historical,169909,0,0,D,5,1,567221,160.95,2009,32,97.77,111.05
30096,Historical,60846,1,1,D,4,1,200286,99.95,2005,48,97.77,20.9
30097,Historical,109399,0,0,D,5,1,1587675,26.83,2005,25,140.85,58.44
30098,Historical,161526,0,0,D,3,1,834557,68.66,2007,40,35.27,69
30099,Historical,137489,0,0,D,2,1,4076542,64,2005,25,59.06,51.29
30100,Historical,246822,0,0,D,3,1,227125,95.6,2008,22,59.06,57.79
30101,Historical,3472249,1,1,D,5,1,2837818,146.7,2003,34,0,43.67
30102,Historical,869172,0,0,D,7,1,2116442,26.49,2011,18,178.51,23.12
30103,Historical,534108,1,1,D,4,1,136896,28.11,2005,47,133.87,28.97
30104,Historical,51646,0,0,D,5,1,106921,53.88,2008,55,133.87,49.44
30106,Historical,526329,0,0,D,4,1,1196233,94,2006,68,41.16,25.87
30107,Historical,842500,1,9,D,5,1,461046,13.67,2008,86,44.51,12.99
30108,Historical,264351,0,0,D,4,1,2857482,14.99,2006,58,44.51,45
30109,Historical,558389,0,0,D,3,1,285215,57.95,2003,30,42.99,31.94
30110,Historical,793349,0,0,D,0,0,2184048,160,2001,14,58.28,63.47
30111,Historical,907889,0,0,D,2,1,312491,0,1995,29,68.48,68.77
30112,Historical,116685,1,2,D,0,0,399509,108.8,2004,30,49.7,93.07
30113,Historical,575888,0,0,D,3,1,90344,109.15,2009,58,32.35,49.73
30114,Historical,197952,1,6,D,3,1,1394433,20.95,2008,36,32.35,31.71
30115,Historical,882869,0,0,D,1,0,10986072,199.95,2001,9,121.06,171.05
30116,Historical,144210,0,0,D,1,0,714889,119,2001,32,47.14,53.73
30117,Historical,52775,0,0,D,4,1,701571,74.07,2000,27,125.71,73.94
30118,Historical,52773,0,0,D,5,1,379743,13.97,2004,31,125.71,15.14
30119,Historical,868412,0,0,D,2,1,1254980,52.95,2001,36,18.24,52.87
30120,Historical,270010,1,1,D,2,1,1273935,215,2007,33,54.99,125.07
30121,Historical,613712,1,1,D,1,0,898371,69.95,2008,56,48.99,5.21
30122,Historical,132633,0,0,D,3,1,285630,108.6,2009,73,76.99,33.99
30123,Historical,132172,0,0,D,2,1,1490709,86.2,2006,43,76.99,23.94
30124,Historical,169076,1,2,D,1,0,772424,107.95,2005,43,45.99,17.98
30125,Historical,618009,1,1,D,1,0,1046819,69.95,2004,45,34.99,36.87
30126,Historical,200298,0,0,D,4,1,4135984,83.95,2004,20,48.4,23.84
30127,Historical,200382,0,0,D,5,1,473842,87.95,2008,42,48.4,21.51
30128,Historical,265922,1,1,D,2,1,1919847,191,2005,24,59.48,38.49
30129,Historical,598829,1,1,D,2,1,403626,163,2003,23,59.48,32.16
30130,Historical,157064,0,0,D,0,0,1412495,32.95,2005,20,31.99,56.99
30131,Historical,533570,1,3,D,4,1,6994,210.95,2012,125,132.98,35.89
30132,Historical,53556,0,0,D,3,1,147290,231.95,2009,76,132.98,101.54
30133,Historical,53555,0,0,D,2,1,1056671,144.95,2006,102,132.98,11.16
30134,Historical,915481,0,0,D,2,1,2053650,25,2006,58,33.99,14.46
30135,Historical,644594,0,0,D,4,1,291021,134.95,2012,23,33.99,63.58
30136,Historical,876142,0,0,D,0,0,2494311,69.5,2003,35,63.99,23.98
30137,Historical,696981,0,0,D,3,1,3774977,185,1998,26,252.99,70.32
30138,Historical,248800,0,0,D,6,1,4178014,503.95,2006,8,246.63,1170.1
30139,Historical,375378,0,0,D,2,1,467987,44.95,2005,25,0,20.19
30140,Historical,3522581,0,0,D,0,0,1812611,6.99,2006,13,0,13.78
30141,Historical,185229,0,0,D,0,0,1174144,45,2006,28,56.34,109.34
30142,Historical,619826,0,0,D,2,1,682201,99,2007,80,85.98,30.2
30143,Historical,606707,1,2,D,2,1,54265,236.95,1995,62,63.99,43.07
30144,Historical,2431236,0,0,D,1,0,103788,93.6,1996,18,0,28.94
30145,Historical,147005,1,1,D,5,1,242929,86.95,2002,50,50.08,22.95
30146,Historical,147164,1,1,D,6,1,154754,69.95,2005,39,55.06,67.03
30147,Historical,192863,0,0,D,1,0,1773313,135,2001,19,127.73,158.15
30148,Historical,2116170,0,0,D,1,0,6880677,117.95,2006,10,99.46,171.79
30149,Historical,222839,0,0,D,0,0,232082,37,1995,24,53.92,60.35
30150,Historical,2339782,0,0,D,0,0,9525272,0,1961,8,4.47,0
30151,Historical,634569,0,0,D,1,0,336955,99.99,2004,22,74.59,163.11
30152,Historical,873106,1,2,D,3,1,996517,65.21,2009,36,37.11,46.51
30153,Historical,132211,0,0,D,3,1,1211073,43.4,2006,86,37.11,5.48
30154,Historical,3601464,0,0,D,10,1,5748930,208.95,1997,17,0,69.89
30155,Historical,582927,0,0,D,4,1,1686536,75.95,2003,56,53.95,18.99
30156,Historical,3246432,0,0,D,4,1,3966952,114.08,2003,39,53.95,58.96
30157,Historical,106699,0,0,D,5,1,173135,104,2010,38,53.95,21.98
30158,Historical,852446,0,0,D,2,1,1663732,7.99,2001,33,33.98,10.99
30159,Historical,550018,0,0,D,3,1,639854,17.49,2005,59,33.98,27.97
30160,Historical,882149,0,0,D,4,1,4923949,49.95,1994,15,53.99,58.12
30161,Historical,534220,1,1,D,6,1,737505,73.95,2007,20,53.99,73.41
30162,Historical,1651382,0,0,D,6,1,1790162,76.95,2006,16,51.11,61.98
30163,Historical,2664595,0,0,D,4,1,2699950,183.99,2002,35,14.05,9.94
30164,Historical,2337077,0,0,D,3,1,5614908,96.5,1987,30,87.37,61.89
30165,Historical,914630,1,1,D,2,1,3809645,55.53,2003,28,8.44,33.99
30166,Historical,130520,0,0,D,2,1,33549,73.8,2011,71,48.26,27.99
30167,Historical,204100,0,0,D,0,0,1589562,45.95,2007,71,26.74,8.29
30168,Historical,204186,1,2,D,2,1,387201,56.99,2010,79,26.74,21.97
30169,Historical,54277,0,0,D,6,1,88122,50.8,2005,92,56.81,10.57
30170,Historical,54685,0,0,D,8,1,180221,43.8,2004,113,33.33,14.98
30171,Historical,54686,0,0,D,7,1,111973,53.33,2009,105,48.58,15.69
30172,Historical,287419,0,0,D,8,1,20776,64.4,2012,141,48.58,23.99
30173,Historical,54314,1,1,D,8,1,14311,63,2011,44,45.45,43.98
30174,Historical,130616,0,0,D,8,1,304561,50.6,2011,39,44.97,52.33
30175,Historical,132912,1,1,D,5,1,250594,58,2009,24,42.47,104.13
30176,Historical,560748,1,1,D,8,1,461054,93.8,2002,55,60.98,22.64
30177,Historical,132381,0,0,D,10,1,227355,102.6,2007,38,60.98,66.76
30178,Historical,144783,0,0,D,8,1,1779657,45.6,2004,61,41.03,8.17
30179,Historical,133037,0,0,D,10,1,900576,56.67,2009,38,41.03,40.87
30180,Historical,50942,0,0,D,5,1,219251,194.95,2005,80,120.09,12.87
30181,Historical,789153,0,0,D,2,1,2826730,279.99,2002,19,134.79,13.97
30182,Historical,649251,0,0,D,1,0,316995,45,2004,46,29.99,41.49
30183,Historical,1469319,0,0,D,5,1,388897,54.95,2010,27,109.94,138.51
30184,Historical,2759338,0,0,D,1,0,1488164,33.95,1998,21,0,27.99
30185,Historical,3567024,1,1,D,1,0,3946875,55.95,2000,13,0,16.24
30186,Historical,606980,1,3,D,7,1,117039,120.7,2006,68,118.98,39.5
30187,Historical,917264,0,0,D,5,1,241370,291.95,2007,48,132.13,68.15
30188,Historical,921807,1,1,D,6,1,140567,303.95,2010,61,132.13,52.97
30190,Historical,654844,0,0,D,1,0,116179,59.95,2005,17,38.32,53.94
30191,Historical,344373,0,0,D,1,0,399999,75,2007,30,62.57,88.47
30192,Historical,114921,0,0,D,1,0,1662334,109,2003,17,70.88,60.99
30193,Historical,630637,0,0,D,1,0,2141830,78.95,2003,22,58.99,46.13
30194,Historical,699818,0,0,D,3,1,9228097,69,2000,25,85.96,12.99
30195,Historical,107743,0,0,D,1,0,4610036,0,2003,19,99.35,68.49
30196,Historical,617484,0,0,D,1,0,444160,72,1982,56,101.29,73.53
30197,Historical,108606,1,1,D,1,0,1324729,22.46,2003,26,99.35,32.65
30199,Historical,112806,0,0,D,1,0,1618534,130,2005,20,65.51,57.83
30200,Historical,632239,0,0,D,1,0,2130274,67,1991,19,64.4,43.99
30201,Historical,113165,0,0,D,1,0,807379,99.95,2010,53,34.26,71.7
30202,Historical,118135,1,1,D,4,1,347966,211.2,2007,33,127.85,124.83
30203,Historical,607171,0,0,D,3,1,1059683,135,2002,48,127.85,39.99
30204,Historical,870996,1,2,D,0,0,37793,59.95,1992,90,40.42,53.79
30205,Historical,877249,1,7,D,7,1,409302,79.57,2011,25,67.74,44.26
30206,Historical,288322,1,5,D,7,1,13653,53.08,2011,137,67.74,33.82
30207,Historical,141916,0,0,D,6,1,422101,29.79,2008,205,67.74,5.49
30208,Historical,141761,0,0,D,5,1,1237058,8.34,2006,144,67.74,8.28
30209,Historical,613356,0,0,D,3,1,598969,95,2006,76,27.68,17.94
30210,Historical,870914,0,0,D,2,1,916478,91.5,2005,34,27.68,36.02
30211,Historical,622907,1,1,D,1,0,619053,59.95,1986,29,82.42,49.94
30212,Historical,533349,1,3,D,9,1,99173,100,2008,118,56.5,20.59
30213,Historical,106236,0,0,D,5,1,2033808,154,2006,35,137.51,63.99
30214,Historical,530867,0,0,D,6,1,1022796,174,2011,23,137.51,99.55
30215,Historical,224701,0,0,D,10,1,1227757,83.95,2010,31,60.79,13.49
30216,Historical,244016,1,2,D,11,1,172578,76.95,2011,48,60.79,23.03
30217,Historical,339031,0,0,D,1,0,1073947,125,2006,17,81.39,106.3
30218,Historical,2569699,0,0,D,2,1,2926941,54.95,1990,20,49.85,43.94
30219,Historical,164063,0,0,D,7,1,1007009,99,1997,23,32,67.77
30220,Historical,2566567,0,0,D,5,1,3202087,90,1994,19,84.4,18.94
30221,Historical,2820636,0,0,D,9,1,5298101,42.99,2002,16,35.54,39.45
30222,Historical,217746,0,0,D,10,1,1463474,57.99,2007,12,35.54,101.27
30223,Historical,56480,0,0,D,11,1,144681,115,2010,61,62.92,54.01
30224,Historical,56484,0,0,D,10,1,239472,99,2005,71,62.92,32.37
30225,Historical,2374581,0,0,D,0,0,3635034,107,2003,29,8.1,9.48
30226,Historical,553765,0,0,D,3,1,1280907,144.2,2008,26,8.1,48.5
30227,Historical,2491069,0,0,D,11,1,3777002,55.95,1997,17,31.07,68.17
30228,Historical,190819,0,0,D,4,1,1309448,74.95,2008,32,63.82,57.5
30229,Historical,897039,0,0,D,1,0,1113877,59.95,2007,20,0,57.99
30230,Historical,697557,0,0,D,4,1,1768607,22.98,2007,12,88.52,21.14
30231,Historical,749559,0,0,D,1,0,476245,52,2009,39,101.48,22.4
30232,Historical,902800,0,0,D,1,0,2963910,139.95,2007,20,66.94,59.06
30233,Historical,250600,0,0,D,0,0,3703904,135.95,2007,15,127.85,174.59
30234,Historical,109392,0,0,D,2,1,2069066,112.3,2004,14,81.2,675
30235,Historical,872053,0,0,D,5,1,625423,101.25,2009,34,145.82,29.75
30236,Historical,109749,0,0,D,4,1,823109,38.92,2006,48,145.82,50.89
30237,Historical,110074,0,0,D,5,1,272825,60.99,2009,61,145.82,52.87
30238,Historical,904201,0,0,D,2,1,912213,111.4,1992,21,87.81,63.11
30239,Historical,533777,0,0,D,7,1,14765,279.95,2011,132,165.03,51.6
30240,Historical,1596354,1,1,D,1,0,3130243,192.95,2009,11,53.99,75.16
30241,Historical,613265,0,0,D,1,0,1073066,134.8,2010,114,131.22,9.98
30242,Historical,51262,0,0,D,3,1,219483,329.95,2004,92,74.48,43.49
30243,Historical,569583,0,0,D,3,1,653765,273.95,2004,35,74.48,37.34
30244,Historical,919406,0,0,D,3,1,1433783,0,2006,32,74.48,53.98
30245,Historical,533917,1,1,D,6,1,239289,307.95,2007,151,165.03,14.03
30246,Historical,51269,1,2,D,7,1,6805,279.95,2011,194,102.37,53.98
30247,Historical,561332,1,2,D,1,0,299182,134.8,2010,232,131.22,23.99
30248,Historical,51270,0,0,D,6,1,76365,307.95,2007,122,102.37,50
30249,Historical,567536,0,0,D,6,1,408143,189.95,2007,49,55.99,17.99
30250,Historical,542271,0,0,D,7,1,145729,191.95,2011,49,33.94,78.55
30251,Historical,567535,1,1,D,6,1,1904310,202.95,2007,43,33.94,26.98
30252,Historical,533906,0,0,D,6,1,733814,189.95,2007,91,93.98,48.41
30253,Historical,60850,1,3,D,5,1,2933930,67.95,2004,25,93.98,14.98
30254,Historical,567534,0,0,D,6,1,539876,202.95,2007,29,162.58,35.79
30255,Historical,608544,0,0,D,5,1,2706487,67.95,2004,30,162.58,18.99
30256,Historical,406153,0,0,D,1,0,2494074,227.95,2006,26,117.48,21.3
30257,Historical,169461,1,1,D,1,0,265974,227.95,2006,46,76.35,22.98
30258,Historical,555195,1,3,D,0,0,912742,69.95,1982,35,65.23,39.94
30259,Historical,904371,1,1,D,1,0,3717576,99,1995,15,53.63,88.46
30260,Historical,899194,0,0,D,2,1,1903518,99,2003,21,59.19,56.16
30261,Historical,897110,0,0,D,1,0,4043959,79,2001,12,59.19,40.99
30262,Historical,913929,1,1,D,1,0,176807,65,2001,20,59.01,58.33
30263,Historical,164686,0,0,D,4,1,214596,90,2004,30,58.98,13.98
30264,Historical,526274,0,0,D,5,1,464173,95,2009,31,58.98,68.44
30265,Historical,105776,0,0,D,1,0,1428927,105,2002,21,79.89,96.01
30266,Historical,106730,0,0,D,3,1,85935,93,2009,64,41.49,19.99
30267,Historical,748311,0,0,D,1,0,2894056,70,2006,18,42.23,49.42
30268,Historical,902641,0,0,D,3,1,1907391,96,2008,22,220.3,126.83
30269,Historical,658405,1,1,D,4,1,1151670,102,2011,26,220.3,68.61
30270,Historical,144558,0,0,D,2,1,1176038,44,2003,37,35.21,14.24
30271,Historical,774867,0,0,D,1,0,3279720,159,2000,16,155.58,27.49
30272,Historical,774743,0,0,D,2,1,5448697,175,1998,14,148.99,16.89
30273,Historical,775118,0,0,D,3,1,2181372,199,2002,14,148.99,12.98
30274,Historical,2405235,0,0,D,0,0,3196531,74,1995,22,31.96,20.49
30275,Historical,177287,1,3,D,7,1,918698,98.95,2004,59,88.24,12.83
30276,Historical,907095,0,0,D,4,1,3997903,54.5,2003,18,37.82,47.79
30277,Historical,609999,1,1,D,9,1,46441,95.2,2011,36,23.88,45.98
30278,Historical,607178,1,1,D,7,1,2121525,46.95,2003,31,23.88,14.9
30279,Historical,120284,0,0,D,6,1,1267304,97.95,2008,65,96.35,10.99
30280,Historical,118309,0,0,D,7,1,99636,115.8,2011,108,96.35,22.97
30281,Historical,177305,1,2,D,5,1,721266,144.95,2006,33,162.12,9
30282,Historical,231251,0,0,D,0,0,907781,22.95,2003,19,44.2,19.99
30283,Historical,2871284,0,0,D,0,0,802246,64.95,2005,14,0,74.61
30284,Historical,296700,0,0,D,0,0,127522,22.95,1997,70,46.99,9.49
30285,Historical,806926,0,0,D,3,1,1716971,120.95,2006,22,72.28,25.99
30286,Historical,636636,0,0,D,0,0,966109,49.95,2001,28,0,0
30287,Historical,147160,0,0,D,2,1,774131,79.95,2004,31,51.14,43.99
30288,Historical,641089,0,0,D,3,1,1979179,218.95,2009,12,161.28,79.02
30289,Historical,2379628,0,0,D,2,1,16428309,39.95,1994,9,17.39,51.93
30290,Historical,266164,0,0,D,1,0,4708478,149,2006,15,88.99,12.49
30291,Historical,660524,0,0,D,2,1,1754287,54.95,2002,16,42.84,96.05
30292,Historical,3822705,0,0,D,4,1,3941217,64.95,2001,22,0,8.16
30294,Historical,366717,1,1,D,2,1,1064254,187.95,2000,32,126.63,42.59
30295,Historical,526253,0,0,D,3,1,776092,170.95,2009,22,126.63,82.69
30296,Historical,774803,0,0,D,3,1,3408390,52.95,1999,20,62.24,53.39
30297,Historical,774585,0,0,D,1,0,4304755,104,2001,29,83.23,44.99
30298,Historical,639320,0,0,D,1,0,1112292,124,2008,20,71.39,91.69
30299,Historical,2678798,0,0,D,0,0,1606216,121,1995,16,125.47,92.04
30301,Historical,2116177,0,0,D,1,0,3721216,82.95,2007,14,56.79,85.98
30302,Historical,835241,1,1,D,2,1,3069721,165,1999,21,104.14,63.98
30303,Historical,907719,0,0,D,0,0,9140648,115,1990,23,104.14,39.94
30304,Historical,743415,1,3,D,3,1,2234010,182,2003,24,62.99,53.99
30305,Historical,804066,0,0,D,1,0,1187092,64.95,2007,18,58.14,83.2
30306,Historical,834588,1,2,D,1,0,1445251,150,1997,37,68.31,72.99
30307,Historical,644064,0,0,D,3,1,1020947,199,2007,23,68.31,143.99
30308,Historical,192484,0,0,D,2,1,2308363,104.95,2005,17,69.69,82.16
30309,Historical,774937,0,0,D,1,0,6817516,64.95,2001,15,69.69,49.94
30310,Historical,435647,0,0,D,7,1,2752926,234.95,2005,42,84.69,37.46
30311,Historical,436426,0,0,D,8,1,267997,234.95,2008,56,84.69,29.98
30312,Historical,51964,1,2,D,5,1,42019,326.95,2011,73,193.99,50.55
30313,Historical,244084,1,1,D,16,1,31889,310.95,2011,107,125.35,12.61
30314,Historical,308880,0,0,D,5,1,1531231,39.93,2005,52,76.43,38.94
30315,Historical,50986,1,3,D,14,1,537269,247.95,2007,113,125.35,30.56
30316,Historical,635572,1,6,D,17,1,9649,329.95,2013,85,125.35,35.99
30317,Historical,307842,0,0,D,6,1,4555584,101.25,2009,15,76.43,9.99
30318,Historical,110395,0,0,D,6,1,276667,15.75,2008,61,76.43,23.99
30319,Historical,51967,0,0,D,3,1,1199215,241.95,2005,72,193.99,10.68
30320,Historical,51969,0,0,D,4,1,672837,358.95,2008,73,193.99,45.28
30321,Historical,874972,1,1,D,10,1,612245,26.64,2011,16,68.17,23.38
30322,Historical,266940,0,0,D,8,1,614056,60,2004,38,68.17,60
30323,Historical,131859,0,0,D,3,1,1985647,127,2004,35,59.93,16.98
30324,Historical,132159,0,0,D,4,1,763383,111.6,2007,35,59.93,45.97
30325,Historical,131230,0,0,D,3,1,2006149,78,1998,22,154.69,85.97
30326,Historical,177065,1,2,D,2,1,325526,377.95,2004,104,205.01,48.19
30327,Historical,613255,1,1,D,1,0,252355,97.8,2006,44,72.96,28.99
30328,Historical,156137,0,0,D,11,1,4784354,77,2005,34,55.11,69.18
30329,Historical,870446,0,0,D,12,1,2437609,85,2008,29,55.11,36.02
30330,Historical,869670,0,0,D,9,1,9899747,0,2005,17,46.15,56.46
30331,Historical,870242,0,0,D,10,1,1622180,71.5,2009,22,46.15,59.05
30332,Historical,51184,0,0,D,14,1,79798,314.95,2008,58,165.85,83.99
30333,Historical,51185,1,5,D,15,1,108400,393.95,2011,61,165.85,127.74
30334,Historical,51183,1,1,D,13,1,185067,246.95,2005,49,165.85,31.99
30335,Historical,608376,0,0,D,3,1,580848,110,2005,44,90.98,61.88
30336,Historical,290176,1,1,D,4,1,296966,125,2009,61,90.98,97.89
30337,Historical,2697569,0,0,D,7,1,5270740,152.95,1998,12,221.99,571.87
30338,Historical,1839490,0,0,D,8,1,3353491,44.99,2006,39,43.37,75.98
30339,Historical,467733,0,0,D,6,1,680404,126,2005,22,86.96,53.91
30340,Historical,192672,0,0,D,5,1,1334005,89,1996,47,86.96,23.29
30341,Historical,2559036,0,0,D,0,0,3212935,0,1977,11,134.72,0
30342,Historical,906288,0,0,D,0,0,1277223,289,2004,15,124.87,89.41
30343,Historical,868444,0,0,D,1,0,163104,85,1989,41,98.13,43.94
30344,Historical,322675,0,0,D,2,1,253071,69,2006,40,28.64,43.71
30345,Historical,243994,0,0,D,2,1,2187722,99.95,2011,30,50.97,63.85
30346,Historical,569648,0,0,D,1,0,613072,99.95,1997,40,50.97,14.99
30347,Historical,538804,1,1,D,3,1,45619,20.42,2012,112,64.99,29.98
30348,Historical,544330,0,0,D,3,1,29757,69.95,2013,164,51.29,31.97
30349,Historical,55507,1,3,D,2,1,392050,104.25,2010,117,64.99,4.98
30350,Historical,57635,0,0,D,2,1,131743,59.95,2011,122,51.29,13.42
30351,Historical,57634,0,0,D,1,0,938393,59.95,2009,102,51.29,24.71
30352,Historical,53248,0,0,D,7,1,671416,223.95,2010,39,61.19,53.25
30353,Historical,876755,0,0,D,7,1,1829563,140.92,2010,23,61.19,63.7
30354,Historical,3530594,0,0,D,5,1,3309420,107.95,2004,26,0,11.04
30355,Historical,53246,0,0,D,6,1,760656,214.95,2007,33,61.19,55.71
30356,Historical,51062,0,0,D,5,1,331893,186.95,2004,76,84.92,22.63
30357,Historical,51061,0,0,D,4,1,1770503,125.95,1999,39,84.92,5.45
30358,Historical,446281,0,0,D,2,1,278091,68.26,2009,61,31.16,29.79
30359,Historical,756840,0,0,D,1,0,4547115,112.93,2003,17,31.16,72.67
30360,Historical,537952,0,0,D,1,0,1504777,14.59,2003,47,31.16,14.17
30361,Historical,865360,0,0,D,4,1,1268973,69,1998,16,14.4,14.2
30362,Historical,906329,0,0,D,0,0,6503172,69.95,1996,21,14.29,28.99
30363,Historical,293776,0,0,D,2,1,1392561,76,2006,13,14.29,58.84
30364,Historical,52732,1,2,D,5,1,27379,39.94,2010,76,57.99,16.93
30365,Historical,528958,0,0,D,2,1,104507,39.95,2003,24,133.7,39.95
30366,Historical,868171,1,1,D,1,0,3231137,47.5,1999,26,45.04,9.35
30367,Historical,163090,0,0,D,1,0,214863,51.77,2010,46,35,43.98
30368,Historical,866630,1,1,D,4,1,744689,56,2001,27,33.99,29.6
30369,Historical,607319,0,0,D,5,1,731571,68.8,2004,31,33.99,19.93
30370,Historical,873315,0,0,D,7,1,1244413,37.66,2006,38,69.83,19.67
30371,Historical,57854,0,0,D,7,1,909726,15.99,2006,112,69.83,15.97
30372,Historical,57851,0,0,D,6,1,3317703,6.92,2002,61,69.83,4.98
30373,Historical,560913,0,0,D,10,1,1565254,59.8,2005,35,17.99,16.49
30374,Historical,131974,0,0,D,7,1,1813293,110.67,2004,69,92,32.23
30375,Historical,51671,0,0,D,8,1,333595,149.6,2007,75,92,32.24
30376,Historical,541335,0,0,D,3,1,921526,60.95,2008,45,37.03,60.07
30377,Historical,309110,0,0,D,4,1,139260,18.49,2007,51,99.11,17.78
30378,Historical,2262579,0,0,D,4,1,2760556,23.8,2006,41,99.11,21.78
30379,Historical,110671,0,0,D,5,1,243848,75.95,2010,39,99.11,59.75
30380,Historical,851576,0,0,D,5,1,9154446,87,2000,15,45.02,15.93
30381,Historical,194203,0,0,D,2,1,47201,98,2011,55,0,44.26
30382,Historical,194099,0,0,D,1,0,279131,79,2006,50,0,25.99
30383,Historical,433458,0,0,D,0,0,1905133,191,2003,30,165,66.29
30384,Historical,157614,0,0,D,4,1,154782,52.95,2012,36,33.98,83.26
30385,Historical,544974,0,0,D,4,1,184212,105,2011,52,65.9,76.41
30386,Historical,592088,1,1,D,3,1,399358,70.95,2007,67,5.94,13.89
30388,Historical,633783,1,1,D,1,0,75835,114.6,2012,66,0,56.48
30389,Historical,724956,0,0,D,2,1,1811060,45,2011,24,41.34,56.22
30390,Historical,355467,0,0,D,1,0,4616510,41.95,1998,23,32.13,13.71
30391,Historical,887462,0,0,D,2,1,142216,44.95,2015,26,41.34,38.39
30392,Historical,199468,0,0,D,2,1,639384,70,2000,41,31.75,18.99
30393,Historical,1470204,0,0,D,3,1,4095700,50,2007,15,28.94,73.45
30394,Historical,247977,1,2,D,1,0,436239,108,2009,79,69.62,30.95
30395,Historical,131823,0,0,D,4,1,138325,96,2004,51,68.82,41.59
30396,Historical,132481,0,0,D,5,1,249743,124,2008,55,68.82,49.99
30397,Historical,2419186,0,0,D,2,1,5654415,0,2003,29,28.94,47.34
30398,Historical,248172,0,0,D,2,1,88480,79,2010,65,64.03,38.99
30399,Historical,917640,1,1,D,0,0,618755,113.75,2006,33,67.67,8.99
30400,Historical,157724,1,1,D,2,1,381820,95.95,2010,68,67.67,44.99
30401,Historical,545780,0,0,D,4,1,29060,105,2013,100,74.2,18.98
30402,Historical,870501,0,0,D,0,0,942556,24.95,2003,29,27.07,13.66
30403,Historical,567641,0,0,D,3,1,1167840,81.95,2008,59,18.74,40.39
30404,Historical,533610,1,3,D,14,1,43739,192.2,2011,48,30.87,68.98
30405,Historical,869869,0,0,D,1,0,459432,28.49,2007,47,27.07,24.48
30406,Historical,556528,0,0,D,4,1,77106,49.95,2012,58,20.69,22.98
30407,Historical,50039,0,0,D,10,1,1615820,6.84,2005,33,62.24,7.99
30408,Historical,50041,0,0,D,12,1,129876,18.97,2010,75,62.24,16.96
30409,Historical,50040,1,1,D,11,1,1221224,8.48,2007,60,62.24,7.93
30410,Historical,526225,0,0,D,2,1,905600,98.95,2008,75,74.2,7.32
30411,Historical,248212,0,0,D,3,1,365934,110,2010,93,74.2,23.99
30412,Historical,52558,1,2,D,11,1,109591,121.2,2008,100,107.39,38.99
30413,Historical,52559,1,3,D,12,1,40165,152,2011,53,107.39,36.65
30414,Historical,54604,0,0,D,9,1,347786,121.2,2009,58,73.99,31.06
30415,Historical,2370115,0,0,D,4,1,10922101,47.9,1994,10,18.66,71.79
30416,Historical,563663,1,3,D,1,0,425405,12.89,2007,75,27.07,9.98
30417,Historical,608416,0,0,D,2,1,551932,61.95,2005,47,18.74,8.49
30418,Historical,51065,0,0,D,4,1,548641,146,2011,88,118.84,6.94
30419,Historical,555777,0,0,D,3,1,283601,45.95,2009,85,20.69,8.97
30420,Historical,53168,0,0,D,13,1,661306,130,2008,85,30.87,43.99
30421,Historical,132152,1,5,D,4,1,1526429,43.97,2007,50,76.97,15.03
30422,Historical,132631,0,0,D,5,1,135178,116.33,2009,42,76.97,28.99
30423,Historical,54603,0,0,D,8,1,1908494,131.8,2007,59,73.99,6.7
30424,Historical,51066,0,0,D,4,1,106393,130,2009,85,118.84,33.9
30425,Historical,53169,1,3,D,12,1,1384772,105.33,2006,59,30.87,21.99
30426,Historical,536915,1,1,D,8,1,4829,227.6,2012,146,162.98,60.92
30427,Historical,428520,0,0,D,5,1,42392,231.93,2009,78,120.95,38.99
30428,Historical,879923,0,0,D,8,1,2845515,78.9,2010,23,123.99,61.85
30429,Historical,711498,0,0,D,3,1,11849946,87.5,2002,22,68.81,49.51
30430,Historical,877714,0,0,D,2,1,1158034,80.26,2011,35,140.32,73.01
30431,Historical,55654,0,0,D,2,1,279226,300.95,2010,83,103.94,13.98
30432,Historical,169927,0,0,D,2,1,494062,247.95,2010,63,103.94,13.99
30433,Historical,55655,0,0,D,1,0,838320,193.95,2007,54,103.94,23.99
30434,Historical,169524,0,0,D,1,0,1350945,153.95,2007,32,103.94,11.4
30435,Historical,544556,1,2,D,3,1,50344,225.95,2013,52,103.94,78.99
30436,Historical,544576,1,2,D,3,1,66082,272.95,2013,74,103.94,63.99
30437,Historical,52913,1,4,D,6,1,326078,139.93,2006,159,162.98,11.98
30438,Historical,132803,1,1,D,2,1,226257,100.6,2010,47,45.99,23.88
30439,Historical,416683,0,0,D,9,1,30469,132.1,2007,162,83.94,28.98
30440,Historical,131953,1,1,D,1,0,296418,76.4,2006,65,45.99,29.45
30441,Historical,563385,0,0,D,3,1,11680,101.99,2012,106,140.32,18.99
30442,Historical,452835,0,0,D,7,1,129818,242,2010,96,59.72,36.96
30443,Historical,517981,0,0,D,6,1,548189,155.95,2006,54,59.72,37.8
30444,Historical,715059,0,0,D,5,1,4309978,0,2007,15,68.81,58.33
30445,Historical,51053,0,0,D,8,1,48792,313.95,2010,136,123.99,33.39
30446,Historical,416590,0,0,D,5,1,41381,0,2008,59,101.21,33.57
30447,Historical,154005,0,0,D,2,1,357032,20,2010,89,140.32,18.98
30448,Historical,60853,1,1,D,4,1,663495,143,2006,107,120.95,35
30449,Historical,52914,1,1,D,7,1,49884,187.07,2009,146,162.98,29.15
30450,Historical,3613390,0,0,D,0,0,2474938,52.95,1997,23,0,16.98
30451,Historical,51055,1,3,D,7,1,382421,137.16,2007,140,123.99,7.99
30452,Historical,61119,0,0,D,4,1,1796149,0,2005,30,101.21,5.09
30453,Historical,2724121,0,0,D,1,0,4389070,69.95,2004,14,14.81,9.91
30454,Historical,128652,0,0,D,3,1,640770,54.95,2008,45,32.14,44.84
30455,Historical,526224,1,1,D,4,1,57911,76.95,2012,56,32.14,46.26
30456,Historical,576287,0,0,D,1,0,1315019,114,2000,43,36.99,33.97
30457,Historical,51079,1,1,D,6,1,432161,132.6,2005,74,69.99,32.84
30458,Historical,51078,1,2,D,5,1,692435,99,2002,52,69.99,21.79
30459,Historical,132955,0,0,D,14,1,80540,155.2,2010,59,72.36,85.87
30460,Historical,132343,0,0,D,13,1,892228,117.6,2007,52,72.36,53.77
30461,Historical,270093,0,0,D,7,1,313209,191,2009,26,155.18,73.98
30462,Historical,300016,0,0,D,6,1,4118337,146,2005,18,155.18,35
30463,Historical,602443,0,0,D,6,1,1019724,59.95,2009,51,38.19,33.76
30464,Historical,395762,0,0,D,5,1,1668388,47.5,2007,23,38.19,28.24
30465,Historical,639158,0,0,D,0,0,630357,95.95,2010,39,55.78,11.99
30466,Historical,248246,1,2,D,6,1,63462,115,2010,91,85.77,33.6
30467,Historical,248038,1,1,D,5,1,1040785,135,2008,44,85.77,14.91
30468,Historical,248032,0,0,D,5,1,959424,99.95,2008,85,85.77,12.5
30469,Historical,544931,0,0,D,4,1,653341,89.95,2005,51,85.77,8.72
30470,Historical,549916,0,0,D,5,1,4178542,34.19,2002,35,50.84,34.19
30471,Historical,416619,0,0,D,7,1,275606,60.78,2008,43,50.84,32.94
30472,Historical,60855,1,1,D,6,1,1409244,16.98,2005,32,50.84,16.86
30473,Historical,131845,0,0,D,2,1,2894225,76,2004,30,47.99,12.99
30474,Historical,132313,0,0,D,3,1,1144975,100.6,2007,54,47.99,10.26
30475,Historical,607313,0,0,D,7,1,596538,64.67,2004,42,46.53,12.93
30476,Historical,607498,0,0,D,8,1,294645,77.2,2009,54,46.53,73.94
30477,Historical,368802,0,0,D,3,1,173232,77.95,2007,55,65.55,57.74
30478,Historical,57473,1,1,D,13,1,94364,134,2008,61,93.52,28.79
30479,Historical,57468,1,2,D,12,1,722399,99.35,2004,70,93.52,8.94
30480,Historical,565111,0,0,D,1,0,291943,40.95,2009,15,0,0
30481,Historical,631743,0,0,D,2,1,1188196,54.95,2007,24,85.65,17.51
30482,Historical,619196,1,2,D,1,0,129000,79.95,2012,15,0,0
30483,Historical,250623,0,0,D,1,0,1589148,79.95,2009,20,40.23,30.3
30484,Historical,557602,0,0,D,7,1,44877,173.8,2010,85,134.39,102.25
30485,Historical,55504,0,0,D,6,1,538881,84,2004,63,134.39,13.78
30486,Historical,60858,1,2,D,6,1,1845206,86.67,2004,34,98.33,14.53
30487,Historical,132338,1,1,D,7,1,449418,101.8,2007,53,98.33,48.51
30488,Historical,533418,0,0,D,3,1,32356,171.95,2012,131,131.62,57.29
30489,Historical,60857,1,2,D,1,0,1347605,116.95,2006,39,131.62,17.94
30490,Historical,55501,0,0,D,2,1,208826,188.95,2009,69,131.62,44.15
30491,Historical,53314,0,0,D,12,1,278281,127.8,2009,43,23.93,55.28
30492,Historical,57618,1,1,D,7,1,67131,222.95,2011,82,51.99,65.93
30493,Historical,541353,1,4,D,3,1,62508,100.95,2012,71,48.95,41.71
30494,Historical,289788,0,0,D,2,1,386662,89.95,2010,63,48.95,34.76
30495,Historical,57615,0,0,D,6,1,977701,235.95,2007,71,51.99,13.38
30496,Historical,533921,0,0,D,6,1,664148,120.2,2007,55,92.82,18.7
30497,Historical,615874,0,0,D,7,1,86850,146,2010,52,92.82,47.99
30498,Historical,543446,1,1,D,5,1,323593,49.99,2003,83,60.98,26.92
30499,Historical,254757,0,0,D,2,1,3459329,89.95,2005,20,22.75,45.4
30500,Historical,211314,0,0,D,1,0,3573749,93,1997,31,33.35,27.97
30501,Historical,247561,0,0,D,1,0,1946091,88.95,2006,38,26.67,15.92
30502,Historical,132227,0,0,D,4,1,55597,126.4,2007,86,73.99,18.97
30503,Historical,428382,0,0,D,9,1,644595,117.8,2006,26,127.92,13.99
30504,Historical,866631,0,0,D,8,1,1788523,94.2,2003,19,127.92,7.98
30505,Historical,397118,0,0,D,0,0,276789,55.95,2008,34,50.53,72.59
30506,Historical,607770,0,0,D,5,1,70460,93,2010,50,65.04,42.19
30507,Historical,763793,0,0,D,6,1,4488293,75.95,1998,30,48.99,18.49
30508,Historical,127028,1,1,D,8,1,1774809,74.95,2007,36,78.95,12.96
30509,Historical,129372,1,1,D,9,1,182569,89.95,2010,36,78.95,44.75
30510,Historical,132678,0,0,D,6,1,565683,157.2,2009,38,152.37,72.99
30511,Historical,132165,0,0,D,5,1,1703401,108.6,2006,41,152.37,17.55
30512,Historical,57264,1,3,D,5,1,727023,119.95,2007,40,83.5,4.66
30513,Historical,57370,1,1,D,5,1,1521253,80.8,2001,37,119.13,43.93
30514,Historical,132182,0,0,D,6,1,4805535,104.2,2005,23,119.13,45.03
30515,Historical,57371,0,0,D,6,1,1866391,79.6,2004,36,119.13,6.98
30516,Historical,57372,0,0,D,7,1,322815,116.2,2007,47,119.13,21.96
30517,Historical,652543,1,1,D,9,1,280976,90.25,2012,54,21.99,72.83
30518,Historical,908110,1,1,D,8,1,989816,47.99,2009,20,21.99,38.99
30519,Historical,245859,0,0,D,0,0,2456225,42,2005,13,43.48,16.87
30520,Historical,188215,0,0,D,4,1,144896,49.95,1996,99,58.52,11.49
30521,Historical,632889,0,0,D,0,0,496519,49.95,2004,27,0,60.21
30522,Historical,764874,0,0,D,6,1,2025935,110.95,2005,41,111.55,29.77
30523,Historical,224722,0,0,D,8,1,129163,182.95,2011,35,111.55,141.26
30524,Historical,287539,1,1,D,2,1,483778,94.2,2004,33,68.99,45.69
30525,Historical,132571,0,0,D,3,1,240110,86.4,2008,44,68.99,101.93
30526,Historical,287002,0,0,D,1,0,1956647,69.5,2002,44,86.08,18.85
30527,Historical,127424,0,0,D,2,1,383785,105,2008,36,86.08,51.2
30528,Historical,457634,0,0,D,1,0,786262,263.95,2007,30,109.77,32.94
30529,Historical,354825,0,0,D,1,0,2480980,304.95,2007,55,109.77,9.95
30530,Historical,179127,1,1,D,1,0,1106120,203.95,2007,27,134.46,47.93
30531,Historical,60859,0,0,D,1,0,1825181,39.88,2007,27,134.46,35.98
30532,Historical,254193,0,0,D,2,1,567401,203.95,2010,45,134.46,49.24
30533,Historical,874702,0,0,D,6,1,1734079,57.95,2008,35,38.12,55.15
30534,Historical,54823,1,1,D,6,1,148407,28.98,2009,113,38.12,32.44
30535,Historical,54822,0,0,D,5,1,1737054,5.82,2005,62,38.12,7.24
30536,Historical,2257934,0,0,D,4,1,2616434,33.54,2011,42,0,38.94
30537,Historical,296080,0,0,D,4,1,265481,165.95,2011,69,68.5,42.24
30538,Historical,290937,0,0,D,4,1,443904,170.95,2008,84,68.5,17.62
30539,Historical,130814,0,0,D,7,1,63923,123,2011,40,54.2,100.45
30540,Historical,57065,0,0,D,7,1,88863,92.2,2010,46,54.2,73.54
30541,Historical,57064,1,2,D,6,1,1043492,87.6,2007,84,54.2,19.36
30542,Historical,53488,1,6,D,11,1,43422,139.33,2010,338,67.24,24.98
30543,Historical,540120,1,15,D,12,1,4969,169.2,2012,235,67.24,29.79
30544,Historical,617862,0,0,D,0,0,782919,46,1980,52,31.57,32.99
30545,Historical,729536,0,0,D,0,0,1609703,57,1997,34,0,0
30546,Historical,157412,0,0,D,1,0,1197485,39.95,2006,34,21.55,49.09
30547,Historical,866632,0,0,D,9,1,5275395,60.95,2002,46,31.09,7.98
30548,Historical,608420,1,1,D,10,1,572726,149.95,2006,78,31.09,9.59
30549,Historical,169896,0,0,D,3,1,529048,136.95,2009,74,14.33,7.97
30550,Historical,178021,0,0,D,2,1,2419182,88.95,2006,49,14.33,8.12
30551,Historical,620041,0,0,D,4,1,3564504,71,1997,28,23.38,45.97
30552,Historical,699062,1,2,D,7,1,2753600,90.25,2007,19,124.28,48.13
30553,Historical,858789,0,0,D,5,1,642980,89.8,2000,35,23.38,18.99
30554,Historical,551228,0,0,D,8,1,220932,75.13,2010,44,124.28,62.24
30555,Historical,550558,0,0,D,7,1,214602,41.48,2007,39,124.28,72.77
30556,Historical,248095,1,1,D,2,1,49728,102,2009,73,66.85,33.98
30557,Historical,298318,0,0,D,2,1,77161,117,2010,40,97.05,97.55
30558,Historical,199207,0,0,D,1,0,289855,78.95,2006,29,97.05,109.87
30559,Historical,202481,1,5,D,2,1,374009,7.98,2000,26,37.18,25
30560,Historical,57083,1,1,D,8,1,153719,80,2009,171,57.22,13.65
30562,Historical,57082,0,0,D,7,1,869235,64.95,2008,90,57.22,14.98
30563,Historical,869879,0,0,D,0,0,4388981,59.95,1998,15,27.35,23.96
30564,Historical,60862,0,0,D,7,1,339973,59.6,2006,58,29.99,20.87
30565,Historical,50447,1,2,D,8,1,679728,159.75,2008,272,88.99,6.98
30566,Historical,537611,1,10,D,10,1,5171,177.25,2012,145,88.99,51.43
30567,Historical,428155,1,2,D,10,1,170492,182.33,2011,72,118.98,16.3
30568,Historical,51460,1,3,D,10,1,33760,165.6,2009,209,118.98,10.48
30569,Historical,590299,0,0,D,5,1,114010,102.2,2011,99,58.99,38.89
30570,Historical,51932,0,0,D,4,1,451973,105.4,2009,105,58.99,63.74
30571,Historical,552780,0,0,D,4,1,3333018,87.5,2008,17,53.35,18.99
30572,Historical,53056,1,1,D,7,1,917612,216.95,2010,105,73.99,8.79
30573,Historical,53055,0,0,D,7,1,516527,139.95,2007,97,73.99,13.49
30574,Historical,533621,1,1,D,8,1,112172,195.95,2012,88,73.99,37.87
30575,Historical,1646986,1,1,D,0,0,2689551,0,2006,16,82.07,76.22
30576,Historical,54486,0,0,D,10,1,580642,131.95,2009,64,57.73,40.49
30577,Historical,2619090,0,0,D,9,1,13386706,44.95,1995,11,21.07,73.94
30578,Historical,53219,1,3,D,13,1,968225,182.33,2011,69,103.49,5.99
30579,Historical,544976,1,1,D,9,1,158375,95,2011,130,57.22,20.38
30580,Historical,870325,0,0,D,7,1,1490193,38.95,2005,41,27.35,18.99
30581,Historical,569784,0,0,D,9,1,1384888,136.95,2003,59,30.99,15.99
30582,Historical,54487,0,0,D,9,1,386754,69.95,2005,63,57.73,17.19
30583,Historical,915143,0,0,D,6,1,4440399,47.6,2003,26,29.99,10.98
30584,Historical,877838,0,0,D,7,1,6425618,0,2006,12,79.62,61.05
30585,Historical,286749,0,0,D,6,1,5414851,117.95,2002,54,79.62,4.86
30586,Historical,53757,1,1,D,7,1,2924863,134.95,2004,55,79.62,4.88
30587,Historical,53755,0,0,D,8,1,560859,292.95,2007,82,79.62,24.99
30588,Historical,538806,1,1,D,2,1,25281,196.75,2012,93,129.64,19.94
30589,Historical,111907,1,4,D,1,0,353092,43.9,2010,132,129.64,21.72
30590,Historical,862294,1,6,D,10,1,14416,254.95,2014,56,101.91,73.98
30591,Historical,244194,1,7,D,9,1,46346,254.95,2012,146,101.91,27.98
30592,Historical,52898,1,1,D,8,1,235051,281.95,2010,79,101.91,42.18
30593,Historical,52897,0,0,D,7,1,390104,308.95,2007,98,101.91,13.98
30594,Historical,52899,1,7,D,6,1,1420031,157.95,2006,107,129.4,4.44
30595,Historical,243907,0,0,D,8,1,50706,217.95,2011,176,129.4,26.15
30596,Historical,52900,0,0,D,7,1,227440,209.95,2008,143,129.4,13.99
30597,Historical,285924,0,0,D,5,1,3531747,90.6,2002,34,25.68,45.03
30598,Historical,54485,0,0,D,9,1,1165741,86.95,2006,53,57.73,13.24
30599,Historical,53218,1,3,D,12,1,123100,141.6,2007,262,103.49,9.95
30600,Historical,879011,0,0,D,4,1,155665,25.23,2009,43,63.65,17.72
30601,Historical,55652,0,0,D,5,1,95380,53.99,2011,65,63.65,53.99
30602,Historical,55650,0,0,D,4,1,94131,49.69,2008,91,63.65,13.15
30603,Historical,55651,0,0,D,3,1,1728281,7.98,2007,70,63.65,7.98
30604,Historical,133251,0,0,D,1,0,2952938,111.2,2009,12,58.45,0
30605,Historical,52465,0,0,D,2,1,169994,121.8,2010,50,58.45,51.39
30606,Historical,52464,0,0,D,1,0,2059114,111.2,2008,43,58.45,26.99
30607,Historical,50056,0,0,D,14,1,33755,285.95,2010,83,130.44,45.18
30608,Historical,50054,0,0,D,13,1,203988,202.95,2007,66,130.44,19.84
30609,Historical,191736,0,0,D,7,1,1520983,11.62,2005,42,49.67,6.18
30610,Historical,133455,0,0,D,7,1,186308,129.2,2011,76,78.99,45.87
30611,Historical,149435,0,0,D,4,1,1038943,56,2010,38,40.08,42.09
30612,Historical,55498,0,0,D,8,1,771144,84.95,2008,49,77.67,20.98
30613,Historical,556548,1,1,D,9,1,46871,93.95,2012,58,77.67,84.84
30614,Historical,613236,0,0,D,1,0,21106,118.4,2012,149,62.09,23.11
30615,Historical,117954,0,0,D,5,1,540250,50.4,2005,35,79.98,29.04
30616,Historical,53012,0,0,D,9,1,271541,18.99,2008,66,63.38,9
30617,Historical,53011,0,0,D,10,1,124874,71.27,2010,76,63.38,43.85
30618,Historical,550084,0,0,D,7,1,1519709,40.15,2005,46,63.38,14.99
30619,Historical,199577,0,0,D,1,0,3552539,36.95,2000,15,36.94,12.99
30620,Historical,177930,1,1,D,4,1,583659,185.95,2005,46,4.58,59.53
30621,Historical,108398,0,0,D,7,1,175093,48.94,2002,30,43.59,78.3
30622,Historical,873480,0,0,D,7,1,211586,102.25,2002,48,43.59,60.99
30623,Historical,125990,0,0,D,0,0,638869,77,2000,36,42.25,6.8
30624,Historical,144553,0,0,D,2,1,229374,79.99,2003,67,50.99,11
30625,Historical,614905,0,0,D,1,0,2670069,4,2000,38,64.54,4
30626,Historical,57361,0,0,D,8,1,343763,137,2006,65,158.99,18.94
30627,Historical,57360,0,0,D,7,1,1502434,125.4,2004,64,158.99,28.3
30628,Historical,116753,0,0,D,3,1,449721,131,2005,30,64.45,9.93
30629,Historical,57359,0,0,D,9,1,51603,181.2,2010,49,158.99,40.98
30630,Historical,110071,0,0,D,7,1,49527,45.94,2009,79,153.09,38.43
30631,Historical,366850,0,0,D,6,1,4135252,78.5,2002,17,43.98,38.49
30632,Historical,178252,0,0,D,2,1,1287790,102.95,1998,19,53.94,42.95
30634,Historical,144438,0,0,D,1,0,516074,64.99,2005,38,39.99,18.99
30635,Historical,632848,0,0,D,0,0,3502544,99.95,1995,29,67.36,17.1
30636,Historical,2658867,1,1,D,0,0,1669171,39.99,2000,30,21.83,33.99
30637,Historical,911996,0,0,D,2,1,2057161,99.95,2002,24,67.36,53.55
30638,Historical,279403,0,0,D,2,1,2959507,44.95,2007,18,47.68,33.49
30639,Historical,225741,0,0,D,1,0,863703,89.95,2003,19,52.22,23
30640,Historical,2389813,0,0,D,0,0,3713247,56.37,1980,23,79.39,71.85
30641,Historical,862650,0,0,D,2,1,5180179,50,1996,15,43.99,12.49
30642,Historical,217728,0,0,D,4,1,3233534,64.99,1997,19,69.26,40.94
30643,Historical,643011,0,0,D,2,1,2030872,99.95,1967,20,82.98,73.76
30644,Historical,901105,0,0,D,1,0,346886,27.31,2006,14,60.37,33.82
30645,Historical,537142,0,0,D,8,1,56726,79.95,2012,41,78.99,90.84
30646,Historical,113380,0,0,D,3,1,1241297,83.95,2007,27,62.24,51.71
30647,Historical,115350,1,2,D,5,1,1471382,97.4,2002,21,87.27,39.96
30648,Historical,249844,0,0,D,5,1,271406,347.95,2008,47,168.98,68.77
30649,Historical,366754,0,0,D,4,1,498195,319.95,2002,44,168.98,45.76
30650,Historical,166651,0,0,D,1,0,260533,155,2005,23,93.95,110.53
30651,Historical,534242,0,0,D,0,0,796067,110,2005,22,99.16,82.68
30652,Historical,118437,0,0,D,7,1,225279,154.4,2007,36,81.99,43.44
30653,Historical,2403846,0,0,D,2,1,2958315,39.95,1984,26,58.98,48.07
30654,Historical,2302609,0,0,D,2,1,5229915,56,1991,21,68.52,49.97
30655,Historical,114628,0,0,D,10,1,525080,143.2,2003,21,138.59,75.06
30656,Historical,113906,0,0,D,9,1,2018275,118.35,2000,20,138.59,70.62
30657,Historical,550149,0,0,D,1,0,622457,6.74,2004,59,103.91,24.95
30658,Historical,55496,0,0,D,2,1,829983,90.42,2008,89,103.91,59.93
30659,Historical,110474,0,0,D,1,0,1434102,19.39,2007,82,103.91,19.23
30660,Historical,2571673,0,0,D,1,0,5244288,250,1995,19,84.96,43.49
30661,Historical,113159,1,2,D,1,0,954030,144,2009,25,67,82.21
30662,Historical,166710,0,0,D,3,1,297331,150,2006,45,60.85,28.02
30663,Historical,244282,1,1,D,8,1,225546,172.95,2012,39,110.46,100.89
30664,Historical,254123,0,0,D,7,1,676219,189.95,2010,90,110.46,50.83
30665,Historical,3588947,0,0,D,2,1,2522631,30,1993,24,0,33.94
30666,Historical,167718,0,0,D,2,1,759824,60,1999,21,38.99,111.53
30667,Historical,196206,0,0,D,3,1,433656,79.95,2005,22,45.94,26.95
30669,Historical,113994,1,2,D,5,1,698963,119,1999,45,98.59,23.9
30670,Historical,646532,0,0,D,1,0,1592261,80,2008,13,46.33,198.6
30671,Historical,665483,0,0,D,2,1,490939,45,2011,23,24.23,73.09
30672,Historical,912511,0,0,D,0,0,915297,45,2008,43,24.23,47.99
30675,Historical,247458,0,0,D,2,1,674907,61,2005,14,46.48,28.99
30676,Historical,616035,1,1,D,4,1,105141,73,2010,25,0,0
30677,Historical,252675,0,0,D,10,1,46690,80,2011,81,50.74,13.99
30678,Historical,901961,0,0,D,2,1,9424502,0,1999,15,33.99,45.95
30679,Historical,191964,0,0,D,5,1,2401465,11.49,2003,45,44.31,11.49
30680,Historical,109272,0,0,D,7,1,411879,13.99,2007,134,97.43,12.84
30681,Historical,116786,0,0,D,6,1,170380,103.4,2005,76,86.46,22.98
30682,Historical,526181,0,0,D,8,1,81506,196.75,2010,50,97.43,51.99
30683,Historical,561238,0,0,D,7,1,123156,128.6,2009,89,86.46,43.99
30684,Historical,582984,1,3,D,7,1,22673,108.95,2011,183,94.72,33.56
30685,Historical,606883,0,0,D,4,1,1332979,6.32,2005,106,43.6,13.98
30686,Historical,109282,0,0,D,5,1,875830,10.96,2008,87,43.6,13.96
30687,Historical,565911,1,1,D,8,1,461499,20.99,2009,50,49.58,20.74
30688,Historical,163364,1,1,D,9,1,101006,87.5,2011,42,49.58,38.99
30689,Historical,1438105,0,0,D,9,1,1301839,37.99,2007,26,37.14,35.81
30690,Historical,254432,0,0,D,2,1,295538,39.95,2010,18,0,0
30691,Historical,2303481,0,0,D,5,1,3249247,83.01,1997,16,48.89,63.17
30692,Historical,144947,1,1,D,1,0,1184289,117.4,2005,30,86.15,53.98
30693,Historical,642964,0,0,D,1,0,825720,65,2003,38,54.3,52.39
30694,Historical,1900621,0,0,D,1,0,1149003,49.99,2011,24,24.57,39.57
30695,Historical,3582857,0,0,D,0,0,547830,49.45,2002,22,0,38.99
30696,Historical,249182,0,0,D,3,1,376983,141,2010,65,0,31.98
30697,Historical,192940,0,0,D,2,1,780301,114.4,2004,58,0,13.98
30698,Historical,147549,0,0,D,1,0,604349,86.95,2008,36,70.19,79.22
30699,Historical,467734,1,1,D,3,1,232925,116,2009,33,57.52,72.04
30700,Historical,858719,1,1,D,3,1,2188469,39.95,1999,11,0,209.05
30701,Historical,917309,0,0,D,0,0,948265,50.95,2005,44,37.69,12.94
30702,Historical,526176,0,0,D,2,1,284497,78.95,2009,24,48.36,55.83
30703,Historical,135503,0,0,D,1,0,2014267,74.95,2006,16,48.36,73.29
30704,Historical,563398,0,0,D,2,1,122893,42.62,2006,44,123.93,41.6
30705,Historical,56899,0,0,D,2,1,317644,87.72,2006,166,123.93,12.99
30706,Historical,259284,0,0,D,2,1,314979,202.95,1997,25,59.08,49.33
30707,Historical,895905,0,0,D,0,0,4395078,68.95,1994,15,59.08,62.09
30708,Historical,620423,0,0,D,0,0,490298,249,1993,53,48.99,53.99
30709,Historical,2511143,0,0,D,2,1,3689849,75,1996,33,36.87,16.94
30710,Historical,184353,1,1,D,2,1,923389,49.95,2004,26,34.3,7.3
30711,Historical,898477,0,0,D,2,1,11851204,28.4,1997,12,15.07,95.34
30712,Historical,155256,1,2,D,1,0,507341,143.95,2001,71,78.95,48.07
30713,Historical,186202,0,0,D,0,0,1570861,26.8,1997,25,70.89,48.89
30714,Historical,740304,0,0,D,6,1,857561,62.4,2005,45,24.83,22.49
30715,Historical,132462,0,0,D,7,1,1147651,72.8,2007,59,24.83,59.79
30716,Historical,144883,0,0,D,6,1,516437,60.67,2005,41,33.98,59.43
30717,Historical,144408,0,0,D,5,1,934465,58.2,2002,39,33.98,44.19
30718,Historical,57700,0,0,D,7,1,333178,150.95,2007,94,86.5,29.14
30719,Historical,57699,1,1,D,6,1,1249923,165.95,2006,98,86.5,11.09
30720,Historical,57697,0,0,D,8,1,298705,150.95,2011,77,86.5,51.77
30721,Historical,57701,1,2,D,8,1,172962,150.95,2011,73,42.99,30.98
30722,Historical,57704,0,0,D,7,1,68418,86.95,2007,88,42.99,9.38
30723,Historical,57703,0,0,D,6,1,623515,124.95,2006,88,42.99,36.1
30724,Historical,169333,1,1,D,4,1,663756,162.95,2006,50,92.43,43.91
30725,Historical,60865,1,1,D,3,1,1309860,156.95,2002,38,92.43,43.93
30726,Historical,177746,1,1,D,4,1,1190995,156.95,2006,52,30.68,12.52
30727,Historical,3241040,0,0,D,0,0,4931911,15.98,2005,32,0,15.97
30728,Historical,183040,0,0,D,0,0,694316,47.95,2005,38,32.2,8.82
30729,Historical,217251,0,0,D,5,1,1609856,47,2003,25,32.18,44.07
30730,Historical,217321,0,0,D,6,1,1502069,47,2009,28,32.18,13.93
30731,Historical,599707,0,0,D,2,1,1524362,48,2009,23,0,99.83
30732,Historical,587481,0,0,D,35,1,1098963,235.95,2011,58,152.78,12.12
30733,Historical,525190,0,0,D,0,0,1736675,304.95,2011,37,66.74,31.52
30734,Historical,525188,0,0,D,0,0,423894,399.95,2013,31,66.74,45.87
30735,Historical,178977,0,0,D,0,0,1474515,317.95,2010,47,58.99,7.76
30736,Historical,637531,0,0,D,0,0,279585,318.95,2013,49,58.99,43.8
30738,Historical,626242,0,0,D,3,1,892848,48,2011,32,0,0
30740,Historical,2345162,0,0,D,0,0,2973655,75.3,1989,22,27.77,67.53
30741,Historical,3070639,0,0,D,0,0,2530556,139,2003,16,0,138.98
30742,Historical,552459,0,0,D,5,1,358730,96.6,2005,49,44.56,28.9
30743,Historical,170120,0,0,D,2,1,593225,142.95,2010,24,81.97,63.64
30744,Historical,551792,0,0,D,1,0,129487,88,2002,42,37.37,30.27
30745,Historical,170119,0,0,D,2,1,90962,142.95,2011,54,88.79,78.2
30746,Historical,541284,0,0,D,0,0,1221047,140.95,2006,46,88.79,62.93
30747,Historical,1900796,0,0,D,6,1,1191160,139.95,2010,39,120.08,149.98
30748,Historical,810202,0,0,D,3,1,144400,60.95,2011,14,0,0
30749,Historical,275439,0,0,D,0,0,2001913,75,1999,14,23.99,49.45
30750,Historical,846473,0,0,D,2,1,2394573,71,1993,25,28.46,50.84
30751,Historical,598383,0,0,D,1,0,119264,34.99,2010,46,30.43,11.64
30753,Historical,131605,0,0,D,0,0,2008039,92,2003,24,10.99,10.53
30754,Historical,534111,1,1,D,2,1,15978,23.24,2011,141,40.66,23.99
30755,Historical,141813,1,10,D,1,0,97502,4.37,2008,173,40.66,9.83
30756,Historical,874720,0,0,D,8,1,3171991,65.6,1999,23,15.28,30.92
30757,Historical,619025,1,1,D,9,1,1812701,156.2,2003,39,15.28,45.4
30758,Historical,615018,0,0,D,2,1,182276,90,2012,36,0,0
30759,Historical,142118,0,0,D,5,1,9013,54.06,2011,156,73.75,28.98
30760,Historical,142035,0,0,D,4,1,483011,12.03,2009,37,65.86,11.38
30761,Historical,625219,1,1,D,1,0,193213,103,2011,44,105.15,52.72
30763,Historical,55492,0,0,D,7,1,1297072,47.2,2006,42,39.99,14.47
30764,Historical,132128,0,0,D,0,0,2431727,106.67,2005,37,79.66,5.25
30765,Historical,298254,0,0,D,2,1,4753936,90.95,2006,12,31.72,92.99
30766,Historical,247701,0,0,D,2,1,1085225,41.95,2006,29,31.72,38.93
30767,Historical,542791,0,0,D,5,1,466058,80.8,2009,51,147.11,95.97
30768,Historical,197759,1,8,D,4,1,865367,61.95,2008,39,147.11,43.99
30769,Historical,55647,0,0,D,1,0,1188332,140,2007,48,37.69,7.47
30770,Historical,61161,1,1,D,2,1,845884,133.33,2007,87,79.66,8.98
30771,Historical,248260,0,0,D,4,1,60791,128,2011,84,105.99,38.99
30772,Historical,55646,1,2,D,4,1,112403,98.95,2010,91,105.99,16.99
30773,Historical,1855200,0,0,D,4,1,1672768,88,2011,7,74.7,46.12
30774,Historical,55645,1,2,D,3,1,1054287,98.95,2008,124,105.99,10.98
30775,Historical,248028,0,0,D,4,1,1078160,87,2009,41,63.99,13.93
30776,Historical,2252715,0,0,D,4,1,665698,19.93,2009,44,63.99,17.27
30777,Historical,915389,0,0,D,0,0,946731,75,2000,34,84.02,44.98
30778,Historical,290632,0,0,D,5,1,412319,5.95,2007,74,48.99,4.58
30779,Historical,290208,0,0,D,6,1,342665,37.96,2010,89,48.99,36.99
30780,Historical,3263296,0,0,D,4,1,10631470,0,2004,11,0,64.89
30781,Historical,255780,0,0,D,3,1,215810,56.95,2006,29,35.99,46.64
30782,Historical,165332,0,0,D,7,1,191250,49.45,2005,54,123.99,40.07
30783,Historical,2346313,0,0,D,2,1,11331027,0,1973,19,38.22,52.03
30784,Historical,2354922,0,0,D,4,1,15918734,78.45,1989,15,38.22,134.75
30785,Historical,844676,0,0,D,3,1,4091688,89.5,1988,41,22.98,28.94
30786,Historical,115420,0,0,D,1,0,505569,115,2000,30,92.89,44.73
30787,Historical,902253,0,0,D,1,0,928398,31.95,1976,31,32.87,51.63
30788,Historical,620843,1,1,D,2,1,172408,65,2007,31,44.56,28.94
30789,Historical,557305,1,1,D,2,1,301038,142.2,2006,69,88.85,43.99
30790,Historical,55490,0,0,D,4,1,1720197,66.95,2002,49,41.88,6.99
30791,Historical,55491,0,0,D,5,1,95318,84.95,2006,43,41.88,32.99
30792,Historical,625262,0,0,D,1,0,277160,54.99,2010,145,33.86,31.74
30793,Historical,854700,0,0,D,0,0,2122247,20.95,2004,16,23.63,18.99
30794,Historical,3822578,1,1,D,3,1,59415,49.95,2004,67,0,32.97
30795,Historical,644808,0,0,D,5,1,3662922,225,1996,18,103.98,67.03
30796,Historical,225927,0,0,D,2,1,3535061,135.95,2005,11,145.87,30.55
30797,Historical,2366218,0,0,D,0,0,3035343,34.6,1993,16,145.87,118.19
30798,Historical,224575,0,0,D,2,1,349385,95.6,2000,35,81.99,22.03
30799,Historical,294129,0,0,D,1,0,5237011,139,2001,15,52.6,62.51
30800,Historical,902929,0,0,D,1,0,3042481,52.95,2003,16,52.98,67.85
30801,Historical,897190,0,0,D,1,0,1977930,49.95,2003,15,91.99,25.75
30802,Historical,3783353,0,0,D,1,0,2077649,35.95,2004,19,0,21.74
30803,Historical,264568,0,0,D,1,0,1782626,32.5,2001,21,38.94,48.85
30804,Historical,200651,0,0,D,4,1,502104,105.95,2010,93,34.95,18.99
30805,Historical,1718546,0,0,D,2,1,4640112,39,2006,9,34.69,111.07
30806,Historical,910099,0,0,D,0,0,2367496,48.97,2010,46,34.95,24.81
30807,Historical,200278,0,0,D,3,1,1035351,90.95,2007,71,34.95,8.31
30808,Historical,909932,1,1,D,3,1,1019902,105.95,1993,17,104.93,144.45
30810,Historical,635163,0,0,D,3,1,629944,45,2008,28,25.88,53.67
30811,Historical,292308,0,0,D,1,0,529348,52.95,2006,37,46.52,44.62
30812,Historical,1558801,0,0,D,1,0,2843107,160,2012,18,46.62,17.59
30813,Historical,395830,1,1,D,1,0,1512609,49,2003,43,57.11,8.99
30814,Historical,615314,0,0,D,2,1,597021,76,2007,74,48.98,14.31
30815,Historical,271135,0,0,D,9,1,262898,54.95,2011,33,52.82,53.78
30816,Historical,268720,0,0,D,8,1,1450162,69.95,2009,39,52.82,18.42
30817,Historical,276638,1,7,D,1,0,1084308,30.12,2006,35,55.89,33.99
30818,Historical,279510,0,0,D,2,1,240268,72,2010,59,55.89,29.22
30819,Historical,547042,0,0,D,3,1,1839467,59.95,2012,17,52.94,45.93
30820,Historical,526145,0,0,D,2,1,1804235,53.95,2009,12,52.94,77.35
30821,Historical,194110,1,1,D,3,1,57604,89,2007,147,4.97,8.85
30822,Historical,193984,1,3,D,1,0,363998,66,2004,32,42.19,21.92
30823,Historical,229241,0,0,D,1,0,1352632,69,2000,38,45.35,5.82
30824,Historical,410806,0,0,D,1,0,2193030,65.95,2007,16,44.19,54.09
30825,Historical,871969,0,0,D,3,1,3654257,80,1997,24,43.94,47.68
30826,Historical,408375,0,0,D,4,1,1362887,129.53,2002,29,43.94,47.51
30827,Historical,108864,0,0,D,6,1,188287,87.58,2006,49,80.94,49.98
30828,Historical,178618,0,0,D,3,1,1238303,65.95,2007,29,49.3,15.74
30829,Historical,291691,0,0,D,2,1,884742,71.95,2004,31,49.3,8.99
30830,Historical,56815,0,0,D,3,1,171888,104.95,2008,58,56.74,50.47
30831,Historical,56816,0,0,D,2,1,1099718,90.95,2005,44,56.74,23.48
30833,Historical,109257,1,1,D,14,1,374356,36.02,2006,38,37.99,28.98
30834,Historical,560377,1,1,D,4,1,165556,216,2010,90,581.18,69.54
30835,Historical,143628,0,0,D,4,1,809586,48,2010,28,0,0
30836,Historical,60870,0,0,D,2,1,337651,200,2006,31,58.99,25.99
30837,Historical,115103,0,0,D,0,0,3369888,135.2,2002,19,58.99,13.31
30838,Historical,646185,0,0,D,1,0,665715,99,2002,26,86.93,66.43
30839,Historical,53320,1,2,D,10,1,26360,61.73,2008,195,97.99,18.99
30840,Historical,538441,0,0,D,9,1,673871,53.6,2006,75,97.99,45.73
30841,Historical,2678584,0,0,D,0,0,8593890,72,1990,16,79.62,32.97
30842,Historical,202282,0,0,D,1,0,676021,133.95,2002,39,58.41,30.19
30843,Historical,651637,0,0,D,1,0,4135516,59.95,2007,12,53.99,61.13
30844,Historical,2268438,1,1,D,2,1,3509017,58.93,2008,45,0,23.99
30845,Historical,574750,1,2,D,2,1,780243,142,2009,60,127.17,52.74
30846,Historical,908318,0,0,D,2,1,1094177,64.95,2010,21,53.99,49.47
30847,Historical,737397,0,0,D,3,1,2293119,29,2005,25,41.07,16.89
30848,Historical,550243,0,0,D,1,0,1073820,8.98,2006,40,62.54,8.99
30849,Historical,533970,0,0,D,4,1,152992,201.2,2008,87,63.74,27.66
30850,Historical,234429,1,1,D,1,0,1078204,273.95,2001,32,156.28,40.98
30851,Historical,245138,0,0,D,2,1,542750,284.95,2007,53,156.28,73.97
30852,Historical,904153,0,0,D,3,1,1704423,104.95,2004,17,0,68.09
30853,Historical,1732884,0,0,D,4,1,189455,68,2006,28,52.76,39
30854,Historical,645542,1,1,D,1,0,1620584,47.95,2011,25,52.58,32.92
30855,Historical,526133,1,1,D,6,1,83994,341.95,2010,67,128.99,47.51
30856,Historical,436705,1,1,D,5,1,442572,312.95,2007,27,128.99,117.85
30857,Historical,608048,0,0,D,4,1,812861,185.95,2003,37,128.99,26.76
30858,Historical,2159518,0,0,D,2,1,1163425,49.99,2007,68,35.35,5.55
30859,Historical,526132,0,0,D,3,1,690082,49.99,2011,22,35.35,54.78
30860,Historical,616547,0,0,D,2,1,566086,42.5,2009,42,60.97,17.88
30861,Historical,660926,0,0,D,4,1,193125,74.25,2013,49,60.97,70.63
30862,Historical,625921,0,0,D,1,0,1744565,53.95,2004,30,46.74,23.99
30863,Historical,2802345,0,0,D,2,1,2914213,34.95,2004,19,48.28,24.73
30864,Historical,213281,0,0,D,3,1,1395093,42.95,2007,29,48.28,6.02
30865,Historical,608192,0,0,D,4,1,874547,44.95,2009,47,35.67,33.99
30866,Historical,641743,1,1,D,2,1,1135230,63.95,2004,33,47.41,28.99
30867,Historical,650023,0,0,D,4,1,239144,62,2010,42,47.41,35.99
30868,Historical,621413,1,1,D,3,1,131198,59,2007,44,47.41,54.68
30869,Historical,106664,0,0,D,3,1,713260,39.99,2008,27,0,0
30870,Historical,187008,0,0,D,5,1,822980,79.95,1997,47,33.99,28.98
30871,Historical,635742,0,0,D,1,0,685506,50,2011,16,0,0
30872,Historical,141950,0,0,D,9,1,227485,52.09,2010,129,48.24,22.27
30873,Historical,142052,1,3,D,7,1,234796,34.4,2011,81,78.29,22.46
30874,Historical,142053,1,4,D,7,1,39497,436,2011,103,78.29,18.96
30875,Historical,2503028,0,0,D,0,0,2185142,249,2000,19,173.32,183.64
30876,Historical,2582435,0,0,D,0,0,3588452,49.95,2003,15,51.12,77.84
30879,Historical,52713,0,0,D,7,1,10585,122.99,2011,95,110.57,28.94
30880,Historical,52711,0,0,D,5,1,1970688,7.88,2005,48,110.57,7.84
30881,Historical,52712,0,0,D,6,1,599797,38.2,2008,68,110.57,8.49
30882,Historical,698893,1,1,D,6,1,2779159,107.75,2008,26,110.57,28.94
30883,Historical,717238,1,7,D,9,1,219915,146,2000,42,147.99,66.99
30884,Historical,842890,0,0,D,6,1,1687645,6,1981,65,147.99,30.35
30885,Historical,405398,0,0,D,2,1,5255254,227,2007,22,100.53,38.08
30886,Historical,174927,1,2,D,0,0,1700570,67,2006,39,43.98,25.33
30887,Historical,1671124,0,0,D,1,0,10816245,83.95,2006,10,53.89,83.95
30890,Historical,2866619,0,0,D,4,1,2494236,100,2001,20,55.89,68.94
30891,Historical,2866740,0,0,D,5,1,2854546,100,2005,13,55.89,182.12
30892,Historical,1736239,0,0,D,12,1,1774439,80,2008,22,23.97,21.93
30893,Historical,526111,0,0,D,11,1,1283871,85,2009,22,18.21,17.39
30894,Historical,235347,0,0,D,10,1,2590549,65,2005,23,18.21,16.96
30895,Historical,258079,0,0,D,3,1,4018876,50,2001,31,44.9,5.96
30896,Historical,397134,0,0,D,2,1,909272,60.95,2008,30,36.21,11.57
30897,Historical,106158,0,0,D,15,1,1223803,199,2006,23,73.98,81.99
30898,Historical,2342387,0,0,D,0,0,1422630,124.5,1986,33,73.45,42.17
30899,Historical,606733,0,0,D,2,1,1817006,125,1996,15,73.45,48.74
30900,Historical,761490,0,0,D,1,0,3471722,131.5,2006,16,75.29,39.99
30901,Historical,526107,0,0,D,2,1,128538,134.95,2009,36,54.96,43.15
30902,Historical,200289,1,1,D,1,0,1730369,74.95,2005,35,54.96,8.89
30903,Historical,230376,0,0,D,0,0,191103,60,1997,43,0,0
30905,Historical,178863,1,1,D,7,1,334975,207.95,2010,52,104.32,52.29
30906,Historical,61202,0,0,D,6,1,942250,150.95,2007,38,104.32,8.43
30907,Historical,244283,0,0,D,8,1,41332,188.95,2012,54,104.32,59.95
30908,Historical,2593534,0,0,D,0,0,4508167,44.99,1989,19,47.52,52.29
30909,Historical,3620676,0,0,D,2,1,2536707,39.99,2006,14,0,64.03
30910,Historical,344063,0,0,D,4,1,2493388,48,2004,27,43.16,15.51
30911,Historical,162675,0,0,D,5,1,866382,45,2009,68,43.16,8.79
30912,Historical,145861,1,1,D,2,1,202632,105.6,2010,36,44.45,50.72
30913,Historical,145639,1,1,D,1,0,1450910,79,2007,70,44.45,27.39
30914,Historical,526074,1,4,D,7,1,144031,150.2,2011,41,33.99,83.89
30915,Historical,614944,0,0,D,6,1,180529,139,2008,53,106.88,103.84
30916,Historical,54933,1,3,D,7,1,40114,144,2010,56,82.88,67.94
30917,Historical,637541,1,1,D,8,1,27754,156.4,2013,38,82.88,137.01
30918,Historical,741357,0,0,D,1,0,1128653,125.4,2009,40,23.95,28.99
30919,Historical,624318,0,0,D,4,1,243358,150.2,2010,44,106.04,56.17
30920,Historical,145706,1,1,D,3,1,367374,137,2007,36,106.04,53.65
30921,Historical,526072,1,4,D,2,1,75342,165.4,2011,79,154.32,63.23
30922,Historical,120748,0,0,D,4,1,125450,121.6,2009,60,117.4,48.88
30923,Historical,60873,0,0,D,3,1,881602,115,2007,42,117.4,72.95
30924,Historical,526071,1,1,D,3,1,31662,120.8,2012,61,92.33,33.2
30925,Historical,120745,0,0,D,2,1,258006,105.2,2009,33,92.33,51.11
30926,Historical,60874,1,2,D,1,0,1171942,85,2007,52,92.33,28.65
30927,Historical,621314,1,1,D,2,1,72832,121,2011,36,86.39,57.69
30928,Historical,660946,1,2,D,2,1,1495393,81.13,2012,15,86.39,16.5
30929,Historical,561129,0,0,D,4,1,1295278,98.6,2008,42,48.99,32.98
30930,Historical,539491,0,0,D,6,1,5624,150.2,2013,66,48.99,51.99
30931,Historical,120839,1,2,D,5,1,71281,155.4,2010,92,48.99,28.99
30932,Historical,539495,0,0,D,3,1,20986,150,2013,57,103.47,98.97
30933,Historical,118330,0,0,D,2,1,631530,124,2011,31,103.47,49.92
30934,Historical,492109,0,0,D,1,0,325755,74.95,2011,48,33.94,61.98
30935,Historical,57113,0,0,D,1,0,437583,55.95,2009,38,15.13,28.99
30936,Historical,271027,0,0,D,2,1,101982,59,2010,78,53.99,28.98
30937,Historical,143025,1,2,D,3,1,699795,210,2009,64,113.5,15.12
30938,Historical,110544,0,0,D,14,1,2148234,49.5,2008,40,35.79,33.99
30939,Historical,545243,1,3,D,9,1,72692,218.95,2012,41,83.43,57.27
30940,Historical,538870,0,0,D,15,1,1162181,54.25,2011,33,35.79,37.99
30941,Historical,606906,0,0,D,8,1,3021970,12.48,2004,24,6.95,8.98
30942,Historical,55642,0,0,D,7,1,1027393,103.96,2007,53,83.43,18.61
30943,Historical,55639,1,1,D,8,1,222161,240.95,2010,44,83.43,62.99
30944,Historical,703729,0,0,D,7,1,3520869,68.2,2000,26,6.95,13.99
30945,Historical,133142,0,0,D,14,1,1354562,102.8,2009,39,93.86,28.99
30946,Historical,120631,0,0,D,13,1,1609408,86,2007,25,93.86,9.95
30947,Historical,462013,0,0,D,4,1,760908,169.95,2008,41,74.38,12.67
30948,Historical,183243,0,0,D,3,1,3087629,30.88,2005,30,74.38,30.88
30949,Historical,243958,1,1,D,5,1,317692,160.95,2011,94,74.38,21.87
30950,Historical,244204,0,0,D,3,1,147794,197.95,2012,70,96.93,20.59
30951,Historical,169996,1,3,D,2,1,1448874,217.95,2010,60,96.93,19.85
30952,Historical,169860,0,0,D,1,0,837399,128.95,2009,30,96.93,15.13
30953,Historical,148280,0,0,D,3,1,580564,219.95,2006,34,102.27,71.54
30954,Historical,1702240,0,0,D,0,0,3361318,93.95,2012,15,77.98,50.99
30955,Historical,2564851,0,0,D,1,0,3579340,0,1965,25,41.93,130.89
30956,Historical,731234,0,0,D,2,1,4998541,38,2000,25,31.75,44.13
30957,Historical,110169,1,2,D,1,0,36451,272.25,2010,87,82.81,98.91
30958,Historical,526065,0,0,D,3,1,70062,215,2010,52,161.05,116.69
30959,Historical,3263345,0,0,D,5,1,3495985,71.18,2003,40,0,63.1
30960,Historical,607346,0,0,D,6,1,1801165,137,2006,33,101.4,51.83
30961,Historical,712395,0,0,D,5,1,3024894,128.2,2003,24,101.4,40.28
30962,Historical,114758,1,1,D,2,1,1034983,113.47,2001,51,98.99,24.74
30963,Historical,116077,0,0,D,3,1,445407,141.4,2006,38,98.99,43.81
30964,Historical,248348,0,0,D,1,0,619858,218.95,2007,51,101.56,47.47
30965,Historical,170121,0,0,D,2,1,103265,198.95,2011,66,101.56,51.79
30966,Historical,152126,0,0,D,0,0,2078192,115,2004,33,71.93,40.24
30967,Historical,899623,0,0,D,1,0,1652053,109.95,2003,17,90,101.35
30968,Historical,370993,0,0,D,1,0,8456261,59,2000,12,35,46.2
30969,Historical,794454,0,0,D,3,1,2224703,69.95,2007,15,58.85,33.98
30970,Historical,793404,0,0,D,2,1,2253022,65,2000,27,58.85,21.99
30971,Historical,873796,0,0,D,0,0,4580126,0,2005,12,65.34,101.15
30972,Historical,131446,0,0,D,3,1,1681414,155.2,2001,41,65.34,13.9
30973,Historical,757393,0,0,D,1,0,2700915,145,1997,19,76.09,20.99
30974,Historical,3076924,0,0,D,0,0,3591666,99.95,2002,15,63.99,14.57
30975,Historical,2617916,0,0,D,2,1,133523,160.95,1990,23,93.49,171.07
30976,Historical,762850,0,0,D,1,0,4970984,150,1997,13,83.47,52.95
30977,Historical,890430,0,0,D,2,1,6366879,139,2010,10,23.88,102.71
30978,Historical,621773,0,0,D,2,1,486755,109,1996,33,49.89,62.15
30979,Historical,169360,0,0,D,0,0,2452412,45.94,2006,18,101.76,45.94
30980,Historical,450329,0,0,D,6,1,884187,210.95,2006,68,101.76,35.63
30981,Historical,451799,0,0,D,7,1,459501,340.95,2009,72,101.76,62.62
30982,Historical,2576525,0,0,D,1,0,3676644,94.95,1989,28,51.19,11.19
30983,Historical,2565609,0,0,D,0,0,5796015,140.51,1973,34,0,64.01
30984,Historical,608289,0,0,D,2,1,2087966,115,1981,29,90.43,32.87
30985,Historical,120401,1,2,D,3,1,188927,137.33,1997,48,115.3,49.35
30986,Historical,130675,0,0,D,3,1,87119,185,1995,49,21.94,83.32
30987,Historical,113531,0,0,D,2,1,1501824,92.95,2005,19,48.01,131.87
30988,Historical,3066302,0,0,D,1,0,2555802,99.95,2003,25,31.96,159.33
30989,Historical,174838,0,0,D,1,0,1529552,41.99,2005,25,46.36,54.27
30990,Historical,2559050,0,0,D,1,0,2825596,175,1985,18,93.61,119.99
30991,Historical,793791,0,0,D,2,1,4275967,27.5,2003,18,41.51,13.99
30992,Historical,2698480,0,0,D,5,1,3458894,60.95,2003,16,54.09,59.6
30993,Historical,900229,0,0,D,4,1,9299965,69.95,1999,15,54.09,98.99
30994,Historical,547683,1,2,D,1,0,293779,131,1992,46,80.48,45.63
30995,Historical,130167,0,0,D,2,1,739022,101.33,2002,24,57.48,22.99
30996,Historical,667400,0,0,D,1,0,1018360,0,2011,15,0,286.77
30997,Historical,162154,0,0,D,5,1,861228,11.98,2007,48,35.91,15.99
30998,Historical,764135,0,0,D,2,1,579046,369.95,2002,64,140.14,45.5
30999,Historical,534006,1,1,D,14,1,739502,29.71,2010,60,130.99,16.99
31000,Historical,2428757,0,0,D,0,0,3412190,75,1994,17,53.14,63.99
31001,Historical,3272049,0,0,D,1,0,6053086,0,2002,24,51.98,45.04
31002,Historical,764085,0,0,D,1,0,407648,193.95,2001,39,51.98,35.15
31003,Historical,2310719,0,0,D,4,1,2973677,74.91,1988,27,39.96,56.73
31004,Historical,50069,1,1,D,9,1,149520,43.99,2009,68,63.56,58.49
31005,Historical,533746,1,2,D,12,1,15617,221.8,2012,146,55.34,47.98
31006,Historical,51266,1,2,D,7,1,517221,173.95,2004,78,151.04,14.79
31007,Historical,51264,0,0,D,8,1,391708,262.95,2008,54,151.04,44.05
31008,Historical,51267,0,0,D,9,1,25069,248.95,2011,71,151.04,69.93
31010,Historical,592089,0,0,D,1,0,1103602,102,2007,37,43.99,10.89
31011,Historical,631590,0,0,D,0,0,705549,99,2010,26,72.99,88.98
31012,Historical,50120,0,0,D,3,1,119312,116.75,1997,67,58.6,53.34
31013,Historical,764518,0,0,D,5,1,2383257,309.95,2004,39,33.99,7.88
31014,Historical,870474,0,0,D,0,0,5148537,44.95,2001,22,35.06,48.31
31015,Historical,60884,0,0,D,5,1,3537038,309.95,2005,20,33.99,4.8
31016,Historical,54186,0,0,D,5,1,679961,33.39,2005,65,28.99,26.96
31017,Historical,51587,0,0,D,11,1,48445,170,2008,104,55.34,78.99
31018,Historical,628248,0,0,D,1,0,488877,52,2005,40,50.4,47.27
31019,Historical,916566,1,1,D,1,0,179040,147.25,2012,21,0,57.94
31020,Historical,54184,0,0,D,6,1,168526,49.61,2009,79,28.99,51.15
31021,Historical,50070,0,0,D,8,1,523139,52.43,2006,68,63.56,26.24
31022,Historical,101185,0,0,D,4,1,3338478,162.95,1998,33,79.87,45.95
31023,Historical,691734,0,0,D,4,1,9810627,38.95,1998,19,79.87,39.04
31024,Historical,533907,0,0,D,6,1,71244,343.95,2007,61,33.99,48.09
31025,Historical,163023,0,0,D,2,1,330508,164,2009,25,33.16,91.51
31026,Historical,51280,1,2,D,7,1,47051,73.37,2008,116,53.97,53.99
31027,Historical,809003,0,0,D,7,1,548131,100.85,2008,37,53.97,43.71
31028,Historical,51278,1,2,D,6,1,783592,49.79,2005,86,53.97,27.81
31029,Historical,117784,0,0,D,3,1,3082108,140,2006,23,70.77,12.94
31030,Historical,120723,0,0,D,4,1,813187,225.2,2009,57,70.77,41.99
31031,Historical,117792,0,0,D,3,1,1347625,133.33,2006,23,70.77,7.96
31032,Historical,157215,0,0,D,2,1,718689,53.95,2004,39,44.16,48.97
31033,Historical,139560,0,0,D,1,0,1635746,59.95,1996,26,52.09,21.99
31034,Historical,53437,0,0,D,11,1,263470,344.95,2011,109,52.03,47.35
31035,Historical,114576,0,0,D,9,1,4529279,10.94,2005,28,88.97,10.94
31036,Historical,51100,0,0,D,10,1,315966,174.67,2007,82,88.97,61.91
31037,Historical,51099,1,1,D,9,1,1079682,133.33,2004,73,88.97,16.94
31038,Historical,286147,0,0,D,6,1,936641,189,2006,57,81.98,26.49
31039,Historical,423322,1,1,D,7,1,295219,244.67,2009,71,81.98,56.43
31040,Historical,53436,0,0,D,11,1,40593,337.95,2010,114,52.03,43.99
31041,Historical,144485,0,0,D,1,0,765853,205.33,2010,66,72.01,21.69
31042,Historical,526046,0,0,D,3,1,37389,185.36,2008,75,73.22,47.87
31043,Historical,620230,1,1,D,1,0,137862,89,2012,34,72.65,68.99
31044,Historical,117753,0,0,D,5,1,55942,108.2,2006,63,47.54,73.53
31045,Historical,52187,0,0,D,2,1,668562,45.98,2007,46,143.99,45.98
31046,Historical,52185,1,2,D,1,0,1363727,59.14,2004,27,143.99,49.72
31047,Historical,169126,0,0,D,1,0,1144044,116.95,2006,30,39.45,38.99
31048,Historical,169929,0,0,D,2,1,685872,188.95,2009,24,39.45,38.68
31049,Historical,614313,1,1,D,0,0,181807,121,1978,91,65.88,33.7
31050,Historical,162667,0,0,D,2,1,45745,99,2009,25,0,0
31051,Historical,520716,0,0,D,1,0,4059954,146,2005,18,35.29,121.21
31052,Historical,625409,1,1,D,1,0,590156,74,2005,39,35.29,48.47
31053,Historical,879219,0,0,D,9,1,1304453,0,2012,38,128.99,13.98
31054,Historical,178689,1,1,D,9,1,38585,302.95,2011,100,128.99,62.98
31055,Historical,745387,0,0,D,8,1,8405683,239.95,2008,13,117.64,126.57
31056,Historical,380518,0,0,D,9,1,663563,299.95,2011,61,117.64,33.99
31057,Historical,53173,0,0,D,8,1,495212,277.95,2008,83,128.99,27.33
31058,Historical,121199,1,1,D,6,1,15686,244.67,2010,85,68.42,75.95
31059,Historical,616443,0,0,D,7,1,12041,290.2,2013,92,68.42,123.97
31060,Historical,200532,0,0,D,1,0,439369,92.95,2010,71,38.97,11.67
31061,Historical,56560,0,0,D,4,1,272544,140,2005,80,97.51,5.04
31062,Historical,56561,1,1,D,5,1,56036,185,2008,67,97.51,34.99
31063,Historical,386396,0,0,D,2,1,3041624,63.95,2005,20,42.98,11.37
31064,Historical,2723886,0,0,D,0,0,4169545,51.95,2000,23,42.98,45.65
31065,Historical,533888,0,0,D,7,1,112087,99.8,2006,36,66.36,68.97
31066,Historical,60881,1,1,D,6,1,1365374,79.8,2003,54,66.36,16.43
31067,Historical,566261,0,0,D,2,1,792953,199.95,1993,31,78.58,88.77
31068,Historical,51067,1,1,D,2,1,1513179,83.33,2001,27,91.07,13.99
31069,Historical,51069,1,1,D,4,1,245200,133.8,2007,78,91.07,41.99
31070,Historical,534034,1,2,D,3,1,2203056,95.31,1999,30,84.2,40.7
31071,Historical,54819,0,0,D,8,1,119774,322.95,2008,160,86.53,53.99
31072,Historical,60882,1,1,D,4,1,456294,234.95,2001,70,122.89,18.79
31073,Historical,613273,1,1,D,1,0,796901,18.98,2007,94,73.87,13.89
31074,Historical,619771,0,0,D,1,0,354638,123,2011,96,54.34,13.93
31075,Historical,593557,0,0,D,2,1,24752,29.75,2011,94,73.87,18.99
31076,Historical,54818,0,0,D,7,1,40533,183.95,2006,117,86.53,23.94
31077,Historical,146295,1,1,D,4,1,20740,203,2011,85,156.82,76.77
31078,Historical,552702,0,0,D,4,1,443572,58.6,2006,29,38.31,15.7
31079,Historical,714774,0,0,D,3,1,1683151,39.2,2002,39,38.31,15.93
31080,Historical,594383,0,0,D,3,1,2388245,109,2010,17,64.48,84.38
31081,Historical,563065,0,0,D,3,1,915867,109,2007,30,64.48,63.55
31082,Historical,533845,1,2,D,4,1,5219,221.8,2012,212,46.69,62.94
31083,Historical,50232,1,1,D,3,1,36758,175.33,2010,120,46.69,67.93
31084,Historical,50231,1,4,D,2,1,502543,145.33,2006,120,46.69,19.98
31085,Historical,544266,0,0,D,3,1,255006,99.95,2013,47,58.59,78.06
31086,Historical,567747,0,0,D,2,1,103152,109.95,2009,44,58.59,23.99
31087,Historical,290616,0,0,D,5,1,1802114,58.48,2006,32,36.89,45.33
31088,Historical,533755,0,0,D,3,1,22978,221.8,2012,122,26.24,53.97
31089,Historical,51485,1,1,D,2,1,30266,178.67,2010,144,26.24,43.99
31090,Historical,872239,0,0,D,3,1,1771126,125,2009,21,46.93,108.87
31091,Historical,567425,0,0,D,2,1,830672,57.95,2006,38,46.93,12.94
31092,Historical,567453,0,0,D,6,1,1460841,186.95,2005,32,72.35,19.49
31093,Historical,870745,0,0,D,7,1,496593,176.95,2008,29,72.35,18.89
31094,Historical,146362,0,0,D,3,1,32855,215.2,2011,175,143.21,43.98
31095,Historical,145516,1,1,D,2,1,801234,155.2,2007,152,14.48,15.98
31096,Historical,536433,0,0,D,3,1,708019,229.2,2012,51,14.48,161.11
31097,Historical,286146,0,0,D,2,1,382092,100.1,2006,62,143.8,53.98
31098,Historical,130111,0,0,D,1,0,663754,89.96,2003,42,143.8,49.92
31099,Historical,600119,0,0,D,5,1,910798,47,2009,28,46.49,43.99
31100,Historical,203971,0,0,D,4,1,1117358,41.95,2007,50,18.19,20.92
31101,Historical,203606,0,0,D,3,1,1753313,39.95,2003,73,18.19,11.34
31102,Historical,615179,1,1,D,0,0,2175311,49.95,2006,23,0,11.99
31103,Historical,56557,0,0,D,5,1,803386,38.95,2005,14,10.64,13.99
31104,Historical,56559,1,1,D,6,1,450396,39.95,2007,183,10.64,9.89
31105,Historical,622036,1,1,D,13,1,67028,350,2006,60,113.99,254.34
31106,Historical,528453,0,0,D,4,1,275280,359.95,2006,47,45.55,47.98
31107,Historical,60603,0,0,D,3,1,1752271,259.95,2002,44,45.55,18.11
31108,Historical,186228,0,0,D,4,1,340899,149,1997,33,180.99,73.97
31109,Historical,903415,0,0,D,0,0,6334079,259,2003,14,121.37,23.98
31110,Historical,665645,0,0,D,1,0,3247014,55,2010,18,23.97,36.97
31111,Historical,657783,0,0,D,1,0,1363845,89.95,1994,22,0,0
31112,Historical,755263,0,0,D,5,1,3284463,287,2004,16,228.99,49.89
31113,Historical,734577,0,0,D,0,0,3048578,78.5,2009,14,77.14,36.56
31114,Historical,613655,1,1,D,1,0,641389,10.98,2009,46,77.14,10.98
31115,Historical,144726,0,0,D,1,0,1020706,51,2006,32,53.91,37.98
31116,Historical,2367399,0,0,D,6,1,9899075,45.8,1994,14,0,12.49
31117,Historical,57691,0,0,D,7,1,1542403,64.6,1998,31,28.99,38.92
31118,Historical,2616865,1,1,D,3,1,213713,45.95,1983,22,38.79,73.53
31119,Historical,544264,0,0,D,12,1,59919,165.95,2013,52,92.89,34.93
31120,Historical,55638,0,0,D,11,1,320880,181.95,2010,80,92.89,52.57
31121,Historical,544263,1,5,D,9,1,6992,182.95,2013,169,60.98,30.99
31122,Historical,248437,1,1,D,7,1,372351,120.95,2007,179,60.98,12.36
31123,Historical,244430,0,0,D,8,1,104025,182.95,2012,36,60.98,38.13
31124,Historical,251977,1,18,D,8,1,34434,201.95,2010,151,60.98,36.93
31125,Historical,55637,1,4,D,10,1,304942,144.95,2007,57,92.89,31.37
31126,Historical,919937,0,0,D,1,0,2145501,47.99,2008,32,32.64,20.95
31127,Historical,865587,0,0,D,6,1,820382,51.99,2013,21,27.39,7.99
31128,Historical,526025,0,0,D,4,1,1467767,49.99,2009,43,27.39,18.99
31129,Historical,780355,0,0,D,2,1,334860,39.95,1999,37,37.32,20.57
31130,Historical,740757,1,1,D,1,0,2243689,42.2,2007,28,28.35,18.98
31131,Historical,789246,0,0,D,4,1,3125355,399,2004,18,237.98,45.57
31132,Historical,641752,0,0,D,1,0,1317215,69.99,2004,18,112.07,41.99
31133,Historical,109918,1,2,D,11,1,111601,34.08,2007,65,93.27,32.99
31134,Historical,109343,1,5,D,10,1,450689,38.9,2005,55,93.27,38.88
31135,Historical,622755,0,0,D,0,0,880297,45,2006,27,28.94,26.97
31138,Historical,147319,0,0,D,3,1,755438,88.95,2004,47,53.09,46.85
31139,Historical,3152630,0,0,D,5,1,275962,34.95,2002,18,0,46.77
31140,Historical,754465,0,0,D,2,1,1310523,89,2009,11,0,0
31141,Historical,201525,0,0,D,2,1,1145402,21.99,2006,60,14.13,10.96
31142,Historical,868446,1,1,D,6,1,1064923,164.15,1983,22,38.94,89.95
31143,Historical,868222,0,0,D,2,1,2122611,49,1993,16,21.98,72.75
31144,Historical,608202,0,0,D,4,1,1735778,139,2002,40,88.99,33.98
31145,Historical,249017,0,0,D,5,1,823653,162.95,2008,64,88.99,35.24
31146,Historical,203751,0,0,D,4,1,473477,199.99,2005,66,123,31.54
31147,Historical,2579807,0,0,D,1,0,8142688,97.5,1995,23,25.4,31.94
31148,Historical,763202,0,0,D,0,0,1079435,65,1999,38,25.4,65.07
31149,Historical,876768,0,0,D,8,1,1395819,86.29,2010,30,56.08,56.02
31150,Historical,54376,1,1,D,8,1,52951,66.44,2010,125,56.08,31.83
31151,Historical,612975,0,0,D,7,1,453427,25.99,2006,122,56.08,14.26
31152,Historical,735724,0,0,D,8,1,1727873,0,2011,15,48.98,80.32
31153,Historical,662695,0,0,D,0,0,3252536,54.95,2007,13,47.22,43.97
31154,Historical,575934,1,5,D,1,0,453249,81.95,2012,45,76.98,8.24
31155,Historical,660893,1,1,D,2,1,157272,94.45,2012,34,76.98,226.69
31156,Historical,631607,0,0,D,3,1,1074147,153,2009,21,128.97,48.99
31157,Historical,51887,1,1,D,9,1,668199,139.8,2008,71,108.19,13.99
31158,Historical,614647,0,0,D,10,1,54302,183,2011,64,108.19,28.1
31159,Historical,129129,0,0,D,3,1,2956083,85,2009,27,31.67,16.49
31160,Historical,51027,0,0,D,3,1,59322,223.2,2007,80,103.95,15.56
31161,Historical,435720,0,0,D,1,0,3201224,155.95,2005,14,64.71,14.99
31162,Historical,183075,0,0,D,5,1,2237518,76.76,2006,38,63.71,8.99
31163,Historical,132443,0,0,D,5,1,3008650,76.76,2004,20,63.71,95.99
31164,Historical,60885,0,0,D,6,1,1065203,110.2,2007,79,63.71,9.89
31165,Historical,197929,0,0,D,5,1,95195,75.55,2008,45,64.08,59.28
31166,Historical,609920,0,0,D,7,1,97708,260,2012,55,131.63,70.43
31167,Historical,51007,0,0,D,2,1,1387182,267.95,2005,48,142.54,9.08
31168,Historical,51008,0,0,D,3,1,407508,335.95,2010,87,142.54,30.89
31169,Historical,152388,0,0,D,0,0,2284689,139,2004,23,52.79,24.86
31170,Historical,196720,0,0,D,0,0,1046502,55.95,2011,30,42.24,39.73
31171,Historical,544939,0,0,D,2,1,2007164,150,2008,20,38.91,51.2
31172,Historical,368501,0,0,D,2,1,334861,78.95,1997,20,38.91,33.99
31173,Historical,53523,1,1,D,9,1,157298,384.95,2010,108,153.83,26.31
31174,Historical,309800,1,1,D,13,1,32549,37,2012,78,128.98,69.48
31175,Historical,267909,0,0,D,2,1,3206272,121.95,2005,17,49.98,46.79
31176,Historical,50891,0,0,D,9,1,125540,376.95,2009,74,103.99,46.99
31177,Historical,50893,0,0,D,8,1,683549,258.95,2007,74,103.99,30.78
31178,Historical,286199,0,0,D,13,1,35264,251.4,2011,101,124.72,72.33
31179,Historical,51123,0,0,D,12,1,298579,230,2009,70,124.72,43.93
31180,Historical,51335,0,0,D,3,1,322705,153.4,2009,58,122.42,38.99
31181,Historical,119095,1,1,D,4,1,83821,182.4,2011,52,122.42,18.98
31182,Historical,309757,1,18,D,1,0,9440,88.33,2012,65,111.99,66.81
31183,Historical,901539,0,0,D,0,0,5067809,4.99,2004,16,49.98,4.99
31184,Historical,309808,0,0,D,12,1,249698,10.98,2010,50,128.98,18.98
31185,Historical,112054,1,2,D,1,0,22273,312,2012,50,111.99,123.99
31186,Historical,313107,0,0,D,1,0,1929102,106.67,2002,19,0,39.85
31187,Historical,895296,0,0,D,2,1,3611929,0,2003,10,0,42.97
31188,Historical,148544,0,0,D,7,1,1905580,123.95,2006,25,27.02,36.91
31189,Historical,349986,0,0,D,9,1,1239669,190.95,2010,32,27.02,7.76
31190,Historical,244165,0,0,D,10,1,29690,349.95,2012,108,153.83,40.14
31191,Historical,244442,1,1,D,10,1,34584,242.95,2012,90,103.1,55.93
31192,Historical,178961,1,4,D,9,1,264989,242.95,2010,73,103.1,39.44
31193,Historical,52097,1,2,D,12,1,773578,137.33,2008,38,84.23,15.99
31194,Historical,317096,1,7,D,12,1,738428,201.67,2008,82,84.23,19.18
31195,Historical,315409,0,0,D,14,1,39371,268.4,2012,150,84.23,28.95
31196,Historical,111528,1,4,D,6,1,13560,44.99,2011,94,115.68,38.99
31197,Historical,52663,1,1,D,5,1,156420,53.99,2009,49,115.68,41.49
31198,Historical,116621,0,0,D,3,1,2121362,116,2004,39,59.95,5.22
31199,Historical,54817,0,0,D,5,1,295028,146.4,2009,38,59.95,65.83
31200,Historical,54816,0,0,D,4,1,1794970,124.67,2007,60,59.95,18.59
31201,Historical,309733,0,0,D,11,1,1258288,14.72,2008,51,128.98,13.65
31202,Historical,298144,0,0,D,6,1,70406,80,2009,73,34.72,28.98
31203,Historical,246410,1,1,D,5,1,1374853,109.95,2007,52,34.72,10.4
31204,Historical,56890,0,0,D,3,1,3854887,31.35,2010,14,83.31,29.84
31205,Historical,56892,1,1,D,2,1,503211,15.95,2006,43,83.31,13.68
31206,Historical,111914,1,2,D,6,1,25049,51.03,2011,120,151.63,37.17
31207,Historical,55151,1,1,D,8,1,1324289,288.95,2007,53,103.99,45.24
31208,Historical,55152,1,1,D,9,1,97505,267.95,2009,56,103.99,33.88
31209,Historical,533797,1,5,D,10,1,97621,242.95,2012,45,103.99,102.28
31210,Historical,612626,1,2,D,11,1,52697,258.95,2014,56,103.99,120.94
31211,Historical,50992,0,0,D,7,1,2582457,11.61,2004,39,47.2,20.06
31212,Historical,50990,0,0,D,9,1,432773,47.72,2009,58,47.2,54.95
31213,Historical,50989,0,0,D,8,1,921371,14.52,2007,52,47.2,12.97
31214,Historical,550470,0,0,D,9,1,331301,26.51,2008,49,37.84,33.35
31215,Historical,698788,0,0,D,8,1,4517287,19,2005,12,37.84,10.2
31216,Historical,606935,0,0,D,8,1,1607977,9.49,2005,35,37.84,10.97
31217,Historical,873211,0,0,D,6,1,3535595,36.61,2004,16,56.68,36.61
31218,Historical,285820,0,0,D,6,1,741451,190.67,2002,59,56.68,36.43
31219,Historical,243769,0,0,D,5,1,848584,39.95,2009,28,105.99,45.62
31220,Historical,603522,0,0,D,7,1,260259,44.95,2012,42,105.99,18.58
31221,Historical,873624,0,0,D,12,1,99107,230,2009,58,93.99,72.81
31222,Historical,54155,0,0,D,11,1,55557,204,2006,64,93.99,29.99
31223,Historical,445808,0,0,D,0,0,1160635,79.95,2007,29,53.52,56.84
31224,Historical,123980,0,0,D,5,1,6096141,89.95,2001,25,29.97,46.04
31225,Historical,178094,0,0,D,6,1,1199666,257.95,2004,62,29.97,7.96
31226,Historical,744776,0,0,D,1,0,2516203,111.95,2005,10,58.43,23.94
31227,Historical,205900,0,0,D,3,1,89237,60,2004,66,34.46,18.99
31228,Historical,609346,0,0,D,2,1,1006742,59.95,2004,45,26.99,23.99
31229,Historical,565113,0,0,D,3,1,106505,72.95,2009,58,26.99,21.99
31230,Historical,269548,1,1,D,1,0,1691078,89.95,2007,22,87.12,74.31
31231,Historical,3122762,0,0,D,2,1,3921885,39.95,2004,14,77.09,16.35
31232,Historical,2108656,0,0,D,3,1,776269,47.95,2009,22,77.09,15.24
31233,Historical,620745,0,0,D,2,1,98533,249,2011,68,164.91,68.07
31234,Historical,619137,0,0,D,1,0,789999,200,2008,44,164.91,11.99
31235,Historical,638354,0,0,D,1,0,267534,59.95,2008,21,31.89,82.78
31236,Historical,3122568,0,0,D,0,0,6573116,55,2004,10,45.75,77.8
31237,Historical,619167,1,1,D,0,0,853326,83.2,2004,31,70.1,13.49
31238,Historical,624377,0,0,D,2,1,267970,109,2008,57,70.1,53.99
31239,Historical,131998,1,1,D,5,1,1213172,125.4,2005,76,44.15,9.97
31240,Historical,615379,1,2,D,0,0,968517,65.95,2004,43,39.97,30.4
31241,Historical,630576,0,0,D,5,1,6478,80.95,2012,54,32.97,51.99
31242,Historical,646445,0,0,D,0,0,997810,54.95,2009,17,0,0
31243,Historical,775871,1,1,D,0,0,1198844,38.95,2004,31,0,8.88
31244,Historical,776193,0,0,D,0,0,1150260,44.95,2009,32,33.99,18.89
31245,Historical,116043,0,0,D,5,1,589559,103,2005,32,73.96,38.35
31246,Historical,114436,0,0,D,4,1,4825312,78,2001,20,73.96,12.99
31247,Historical,287581,0,0,D,6,1,431413,68,2007,32,23.99,27.99
31248,Historical,144880,0,0,D,5,1,2700973,58.6,2004,37,23.99,5.9
31249,Historical,113572,0,0,D,2,1,675913,64,2007,35,43.94,46.3
31250,Historical,137529,1,3,D,2,1,828592,251.4,2008,56,91.12,35.04
31251,Historical,57497,0,0,D,3,1,1075943,93.6,2006,71,115.26,15.31
31252,Historical,2431660,0,0,D,2,1,1674513,71.2,2003,39,33.59,12.99
31253,Historical,617772,0,0,D,10,1,315253,87.8,2013,52,26.54,23.99
31254,Historical,609874,1,2,D,10,1,13326,139.8,2013,135,26.54,31.99
31255,Historical,54137,1,5,D,9,1,64155,110.6,2010,203,26.54,19.79
31256,Historical,54138,0,0,D,9,1,1058835,72.33,2010,62,26.54,18.98
31257,Historical,2431832,1,3,D,0,0,4161936,69.6,2005,21,92.89,43.99
31258,Historical,557398,1,1,D,2,1,643787,90.8,2007,49,92.89,8.74
31259,Historical,60888,0,0,D,8,1,542221,93.33,2004,44,73.33,8.98
31260,Historical,117438,1,3,D,9,1,191055,142.2,2007,45,73.33,9.99
31261,Historical,132927,1,4,D,1,0,622896,82.33,2009,60,77.4,28.53
31262,Historical,131048,0,0,D,2,1,34209,100,2012,44,77.4,128.27
31263,Historical,116113,0,0,D,4,1,409187,63.95,2004,73,51.88,30.81
31264,Historical,230361,0,0,D,6,1,1170922,71.95,2001,31,10.39,34.94
31265,Historical,247947,0,0,D,3,1,891408,63,2007,21,57.56,10.6
31266,Historical,199184,0,0,D,2,1,2168205,44.95,2003,27,57.56,13.98
31267,Historical,248832,0,0,D,3,1,1977129,38.95,2005,47,17.49,8.94
31268,Historical,249222,0,0,D,4,1,820556,50.95,2009,117,17.49,8.99
31269,Historical,525988,0,0,D,3,1,1701832,115.95,2009,28,31.94,72.16
31270,Historical,330519,0,0,D,2,1,4266043,115.95,2004,16,31.94,12.48
31271,Historical,630872,0,0,D,3,1,2236870,185.95,2004,21,61.99,34.98
31272,Historical,607366,0,0,D,2,1,1008936,66,2005,27,41.5,8.99
31273,Historical,624923,0,0,D,0,0,945480,92.3,2001,24,84.48,28.98
31274,Historical,2470849,0,0,D,1,0,12968242,171.95,1994,25,61.99,38.99
31275,Historical,618600,0,0,D,2,1,292202,40.99,2007,36,84.48,87.79
31276,Historical,286446,0,0,D,3,1,255077,71.33,2008,55,41.5,43.27
31277,Historical,624051,1,1,D,1,0,553033,98,1994,26,39.13,67.06
31278,Historical,258065,0,0,D,2,1,2846827,100,2003,20,68.86,33.87
31279,Historical,762504,0,0,D,1,0,1618873,220,1997,19,71.2,16.28
31280,Historical,112233,1,1,D,7,1,350034,115.75,2004,112,53.4,15.99
31281,Historical,142866,1,1,D,6,1,551785,105.75,2001,99,53.4,13.92
31282,Historical,912865,0,0,D,0,0,3750076,61.28,2006,28,19.98,14.14
31283,Historical,132661,1,1,D,5,1,225925,103.4,2008,44,86.69,49.04
31284,Historical,607705,1,2,D,4,1,989654,83.2,2005,36,86.69,17.51
31285,Historical,2868733,0,0,D,1,0,3543295,72.95,2000,29,103.94,36.95
31286,Historical,765870,1,1,D,2,1,1846569,122.95,2004,37,103.94,12
31287,Historical,169240,0,0,D,1,0,1150500,201.95,2007,22,43.99,73.67
31288,Historical,169527,0,0,D,1,0,300298,203.95,2007,15,43.99,125.14
31289,Historical,169498,0,0,D,1,0,1385737,126.95,2006,20,122.12,70.32
31290,Historical,148661,0,0,D,2,1,606394,188.95,2009,59,122.12,35.94
31291,Historical,199213,0,0,D,2,1,1120337,56.95,2003,44,40.55,11.79
31292,Historical,647302,0,0,D,4,1,235161,60,2011,41,47.3,58.65
31293,Historical,276643,1,2,D,3,1,1141768,29.89,2007,42,47.3,29.13
31295,Historical,901250,0,0,D,4,1,3480889,390,2004,21,0,73.13
31296,Historical,525984,1,1,D,3,1,178594,113,2010,30,104.36,44.08
31297,Historical,147106,0,0,D,2,1,337964,89.95,2004,22,104.36,16.56
31298,Historical,868475,0,0,D,2,1,1187781,67.95,1994,18,52.63,62.43
31299,Historical,169637,0,0,D,4,1,502154,293.95,2009,29,138.99,56.99
31300,Historical,2540895,0,0,D,5,1,5403278,73.99,2003,12,46.84,62.86
31301,Historical,60889,0,0,D,3,1,1679168,361.95,2004,23,138.99,31.93
31302,Historical,55633,0,0,D,8,1,110795,231,2011,38,178.72,176.89
31303,Historical,2698681,0,0,D,2,1,2657151,64.95,2005,13,61.52,64.95
31304,Historical,3592305,0,0,D,1,0,2721126,35,1992,22,0,43.44
31305,Historical,245241,0,0,D,1,0,259844,231.95,2003,22,118.66,28.94
31306,Historical,525981,0,0,D,5,1,324128,170,2012,33,96.54,67.15
31307,Historical,907107,0,0,D,4,1,1590524,165,2008,23,96.54,37.97
31308,Historical,661062,0,0,D,0,0,1664916,128,2012,12,0,113.99
31309,Historical,624972,1,1,D,1,0,1270319,110,1998,34,89.46,37.62
31310,Historical,2039357,0,0,D,7,1,988650,200,2014,11,192.45,216.14
31311,Historical,669150,0,0,D,6,1,237028,268,2011,16,53.99,129.94
31312,Historical,213010,0,0,D,0,0,2351157,54.95,2001,23,47.5,27.89
31313,Historical,213287,0,0,D,2,1,87367,55.95,2009,21,47.5,23.19
31314,Historical,831540,0,0,D,1,0,1476360,75,1996,20,174.97,53.65
31315,Historical,625363,0,0,D,2,1,263601,131.95,2007,35,69.73,41.42
31316,Historical,2574394,0,0,D,2,1,8772580,0,1973,24,25.75,68.05
31317,Historical,872343,0,0,D,0,0,2265539,50.2,1984,30,71.84,49.84
31318,Historical,3482700,1,2,D,4,1,4439556,0,1975,11,0,0
31319,Historical,712323,0,0,D,3,1,2234123,139,2002,35,151.83,51.07
31320,Historical,628813,0,0,D,4,1,395807,185,2007,32,151.83,73.93
31321,Historical,892003,0,0,D,1,0,1939684,112,2008,14,0,73.73
31322,Historical,58543,1,5,D,14,1,32631,63.95,2011,94,20.98,26.48
31323,Historical,54932,0,0,D,13,1,480781,61.95,2007,222,20.98,13.98
31324,Historical,2330396,1,1,D,0,0,2447393,52.25,1984,25,36.96,43.44
31325,Historical,196562,0,0,D,0,0,2658035,60.95,2005,18,58.29,28.99
31326,Historical,281158,0,0,D,3,1,1222074,69.95,2000,17,48.99,48.03
31327,Historical,54892,0,0,D,6,1,1291785,7.99,2008,77,43.99,7.99
31328,Historical,248159,0,0,D,2,1,100351,88,2010,34,53.99,54.32
31329,Historical,640986,0,0,D,0,0,1805749,78,1997,13,66.09,52.75
31330,Historical,115442,0,0,D,4,1,1202033,108,1998,66,53.95,18.9
31331,Historical,116820,0,0,D,5,1,180243,171,2005,43,53.95,39.97
31332,Historical,285907,0,0,D,0,0,564643,56.8,1999,29,3.85,14
31333,Historical,607180,0,0,D,5,1,905378,127.2,2003,27,32.07,25.95
31334,Historical,607352,0,0,D,6,1,361144,193.4,2007,31,32.07,60.31
31335,Historical,669665,0,0,D,0,0,7986474,235,2003,10,137.71,361.89
31336,Historical,879144,1,5,D,10,1,2485282,0,2011,24,21.62,43.5
31337,Historical,51514,1,5,D,8,1,126058,106.8,2007,92,21.62,28.99
31338,Historical,145243,0,0,D,1,0,1838387,69.4,2006,36,39,10.95
31339,Historical,740719,0,0,D,0,0,2646958,51.8,2006,29,41.39,13.99
31340,Historical,117335,0,0,D,2,1,2884248,73.33,2006,19,39.61,19.49
31341,Historical,525972,0,0,D,2,1,1198052,122.95,2011,22,68.8,50.07
31342,Historical,868092,0,0,D,5,1,278673,80,2007,56,40.12,50.18
31343,Historical,621969,0,0,D,4,1,247099,86.8,2009,28,71.09,138.1
31344,Historical,859757,0,0,D,7,1,823379,142.95,2008,25,68.47,73.98
31345,Historical,248409,0,0,D,8,1,1198830,130.95,2006,23,32.99,61.21
31346,Historical,553602,0,0,D,4,1,699237,94,2007,18,0,0
31347,Historical,179115,0,0,D,9,1,565793,115.95,2008,36,81.67,54.25
31348,Historical,2653961,1,1,D,1,0,457104,113.95,1998,31,63.99,13.99
31349,Historical,557497,0,0,D,5,1,701352,102.4,2009,83,43.63,6.99
31350,Historical,637088,0,0,D,1,0,647489,102.4,2009,32,78.26,29.16
31351,Historical,608772,0,0,D,8,1,721001,142.95,2008,29,81.67,99.54
31352,Historical,868131,0,0,D,1,0,437569,78,1995,27,62.99,69.49
31353,Historical,609505,0,0,D,6,1,1111412,170.95,2006,37,102.09,73.48
31354,Historical,254183,0,0,D,7,1,925232,169.95,2010,26,102.09,11.44
31355,Historical,1574887,1,3,D,2,1,847026,131.95,2010,26,66.37,54.45
31356,Historical,110648,0,0,D,5,1,2924920,13.93,2007,65,27.99,13.94
31357,Historical,607061,0,0,D,6,1,884198,56,2009,53,27.99,9.1
31358,Historical,110650,0,0,D,7,1,426894,56,2011,45,27.99,32.99
31359,Historical,110150,1,2,D,8,1,2404670,8.43,2007,53,25.99,8.39
31360,Historical,542283,0,0,D,12,1,1433561,134.95,2010,29,75.33,18.98
31361,Historical,608446,0,0,D,6,1,3020667,86.95,2007,27,75.33,4.37
31362,Historical,206034,0,0,D,2,1,29541,67,2009,58,33.99,48.36
31363,Historical,205575,1,3,D,1,0,416627,48,1998,97,33.99,10.77
31365,Historical,809000,0,0,D,3,1,2399402,11.48,2008,20,24.84,11.99
31366,Historical,252686,1,1,D,3,1,70950,11.98,2009,152,24.84,6.89
31367,Historical,249007,0,0,D,5,1,747496,34.95,2007,182,35.23,5.99
31368,Historical,525952,1,1,D,6,1,12651,44.95,2011,245,35.23,21.8
31369,Historical,169516,0,0,D,7,1,812467,95.95,2007,33,61.39,22.77
31370,Historical,346424,0,0,D,3,1,2370349,73.95,2009,15,23.49,72.67
31371,Historical,873603,0,0,D,8,1,184042,109.95,2008,99,48.39,33.35
31372,Historical,177439,0,0,D,7,1,1713587,60.95,2004,73,48.39,10
31373,Historical,845162,0,0,D,0,0,2785033,80,1989,25,25.93,45.97
31374,Historical,285497,0,0,D,3,1,668106,19.49,2010,52,65.04,11.44
31375,Historical,868345,0,0,D,6,1,556506,88.95,2001,23,47.38,89.39
31376,Historical,60892,0,0,D,7,1,66397,128.95,2007,59,78.4,30.99
31377,Historical,772023,1,1,D,7,1,641733,121.95,2006,55,53.09,42.31
31378,Historical,570486,0,0,D,8,1,1583761,96.95,2010,29,78.98,29.24
31379,Historical,530264,1,1,D,8,1,114969,92.95,2012,23,78.98,72.55
31380,Historical,608788,0,0,D,7,1,2042888,95.95,2007,37,82.76,33.14
31381,Historical,626699,0,0,D,6,1,343863,83.95,2012,21,79.59,63.99
31382,Historical,561339,0,0,D,2,1,156019,80.4,2010,172,46,12.99
31383,Historical,540620,0,0,D,2,1,271718,80.8,2012,72,46,18.98
31384,Historical,553852,0,0,D,1,0,704864,74,2007,118,46,8.84
31385,Historical,530249,0,0,D,8,1,144501,128.95,2011,54,15.77,29.44
31386,Historical,567540,0,0,D,7,1,541930,141.95,2008,61,15.77,29.9
31387,Historical,178285,0,0,D,6,1,891466,155.95,2005,97,1135.02,8.98
31388,Historical,2619940,0,0,D,6,1,682411,100.95,2005,30,49.24,43.99
31389,Historical,183424,0,0,D,7,1,2156361,121.95,2006,38,34.28,13.49
31390,Historical,561329,0,0,D,5,1,163081,40,2010,32,0,0
31391,Historical,570564,0,0,D,8,1,1396654,121.95,2010,29,34.28,7.52
31392,Historical,1439528,0,0,D,2,1,2436665,78.63,2009,19,47.35,72.69
31393,Historical,697174,0,0,D,1,0,4719814,36.25,2003,22,48.02,11.94
31394,Historical,607067,0,0,D,3,1,415729,20,2009,15,48.02,18.99
31395,Historical,561232,0,0,D,2,1,1034430,54.4,2010,30,50.24,32.81
31396,Historical,579405,0,0,D,1,0,1223495,52.8,2006,23,50.24,26.73
31397,Historical,169229,0,0,D,3,1,149334,113.95,2006,21,66.49,71.07
31399,Historical,868362,0,0,D,9,1,313897,33.99,2008,70,47.44,38.99
31400,Historical,542027,0,0,D,10,1,1633015,115.95,2009,34,31.59,61.49
31401,Historical,764283,0,0,D,7,1,3040018,417.82,2003,24,31.59,51.01
31402,Historical,1772513,1,2,D,6,1,472457,82.95,2011,33,78.65,14.92
31403,Historical,772604,0,0,D,7,1,494798,95.95,2006,46,78.65,46.49
31404,Historical,540575,0,0,D,8,1,757363,45.6,2010,25,27.59,43.33
31405,Historical,650508,1,1,D,1,0,2531985,37.8,2006,25,31.29,44.67
31406,Historical,639899,1,1,D,8,1,533905,53.6,2011,21,50.28,65.85
31407,Historical,252664,0,0,D,9,1,184504,69.5,2010,45,0,0
31408,Historical,868322,1,2,D,11,1,1150842,114.95,2007,43,53.98,44.21
31409,Historical,290901,0,0,D,7,1,295503,120.95,2007,56,76.39,27.53
31410,Historical,594086,0,0,D,8,1,364318,132.95,2009,46,76.39,38.99
31411,Historical,530242,0,0,D,3,1,470375,99.95,2011,51,92.82,28.94
31412,Historical,543860,0,0,D,6,1,585044,93.95,2012,38,79.67,55.41
31413,Historical,567673,0,0,D,5,1,1252760,101.95,2008,40,79.67,22.1
31414,Historical,169225,1,1,D,1,0,864275,88.95,2006,71,49.85,15.94
31415,Historical,290872,1,2,D,1,0,516021,88.95,2006,105,36.52,19.06
31416,Historical,920873,0,0,D,5,1,725904,0,2004,86,66.72,13.98
31417,Historical,1573943,1,3,D,6,1,105176,113.95,2007,122,0,16.87
31418,Historical,582986,1,1,D,7,1,56634,119.95,2011,80,94.72,53.42
31419,Historical,914979,0,0,D,5,1,1616877,81.95,2009,28,42.08,37.92
31420,Historical,530236,0,0,D,6,1,148898,74.95,2012,27,42.08,40
31421,Historical,561127,0,0,D,9,1,298032,45.6,2008,51,0,0
31422,Historical,1573961,0,0,D,4,1,4513683,74.95,2006,23,40.07,74.95
31423,Historical,1598026,0,0,D,5,1,2153886,81.95,2010,26,40.07,13.57
31424,Historical,330968,0,0,D,13,1,490943,71.95,2009,29,51.48,51.99
31425,Historical,870357,0,0,D,9,1,848030,171.95,2009,32,107.29,45.15
31426,Historical,169228,0,0,D,8,1,1863494,172.95,2006,38,107.29,10.5
31427,Historical,178877,1,2,D,7,1,275518,105.95,2010,54,58.5,10.62
31428,Historical,630033,0,0,D,1,0,627268,44.2,2010,48,37.8,33.98
31429,Historical,166905,0,0,D,9,1,1230525,43.99,2006,33,42.44,43.83
31430,Historical,200202,0,0,D,3,1,1310786,73.95,2006,30,47.26,15
31431,Historical,542907,0,0,D,4,1,1007723,82.95,2010,44,47.26,37.71
31432,Historical,532209,0,0,D,4,1,1381098,15.99,2008,69,48.98,15.99
31433,Historical,290203,0,0,D,5,1,269416,27.89,2008,57,48.98,8.68
31434,Historical,628259,0,0,D,9,1,2192919,12,2009,27,58.36,12
31435,Historical,541709,0,0,D,10,1,497821,52.28,2010,44,19.6,59.46
31436,Historical,339850,0,0,D,6,1,1177649,53.94,2008,45,60.56,69.79
31437,Historical,537799,1,1,D,5,1,1584119,73.99,2001,14,88.52,73.71
31438,Historical,619363,0,0,D,2,1,722474,116.5,2009,32,3.85,59.99
31439,Historical,543375,0,0,D,9,1,344903,95.95,2011,47,52.69,45.41
31440,Historical,567658,0,0,D,8,1,973353,105.95,2008,45,52.69,23.99
31441,Historical,594085,0,0,D,8,1,1261712,121.95,2010,31,61.99,52.75
31442,Historical,772563,0,0,D,1,0,3473779,68.95,2006,19,4,41.99
31443,Historical,109701,0,0,D,9,1,881968,113.25,2010,17,77.99,52.23
31444,Historical,290647,0,0,D,1,0,26790,125.73,2011,66,88.99,47.99
31445,Historical,613516,0,0,D,6,1,164313,64.8,2004,78,38.22,28.99
31446,Historical,111222,0,0,D,6,1,226670,68.87,2011,96,62.78,38.99
31447,Historical,868054,1,1,D,3,1,5385796,66,2001,13,23.98,16.1
31448,Historical,592496,0,0,D,6,1,663401,235.95,2007,34,104.09,18.79
31449,Historical,609479,0,0,D,5,1,1499841,134.95,2004,32,104.09,22.9
31450,Historical,169413,0,0,D,3,1,2278976,111.95,2007,21,33.17,60.93
31451,Historical,539239,1,1,D,9,1,465013,45.2,2011,42,38.92,15.99
31452,Historical,655044,0,0,D,4,1,64012,47.8,2013,26,23.99,23.93
31453,Historical,530504,0,0,D,9,1,414808,122.95,2009,46,61.69,97.37
31455,Historical,741959,0,0,D,5,1,1061688,62.13,2009,35,4.76,13.99
31456,Historical,499548,0,0,D,3,1,709165,40.95,2010,57,37.44,58.49
31457,Historical,806957,0,0,D,3,1,2819716,59.95,2006,15,0,0
31458,Historical,525919,1,3,D,6,1,330439,62.95,2010,39,54.9,67.58
31459,Historical,534056,1,1,D,6,1,1447007,65.64,2004,24,52.74,43.98
31460,Historical,525912,1,2,D,10,1,222175,47.95,2011,116,5.06,21.69
31461,Historical,57209,1,1,D,8,1,323805,58.2,2009,99,100.62,35.2
31462,Historical,876489,1,2,D,0,0,4588431,7.89,2005,31,62.84,7.89
31463,Historical,50030,0,0,D,5,1,290295,96.4,2007,83,62.84,17.64
31464,Historical,877935,1,1,D,12,1,4917181,0,2010,17,79.24,33.94
31465,Historical,130784,0,0,D,13,1,59187,131.6,2011,127,79.24,16.05
31466,Historical,54928,1,1,D,12,1,451386,102,2009,54,79.24,52.25
31467,Historical,54929,0,0,D,11,1,2125488,99.2,2006,55,79.24,6.99
31468,Historical,868700,1,1,D,1,0,1758556,45,2006,39,56.89,66.91
31469,Historical,272522,1,2,D,2,1,75817,77.95,2009,59,56.89,38.99
31470,Historical,617629,0,0,D,4,1,483048,106.6,2011,42,45.97,28.98
31471,Historical,553725,0,0,D,3,1,907966,83.8,2008,63,45.97,13.99
31472,Historical,561506,0,0,D,11,1,258936,44.2,2012,26,0,0
31473,Historical,540596,0,0,D,9,1,103107,44.2,2011,70,37.14,31.84
31474,Historical,561220,0,0,D,8,1,337170,40,2009,59,15.93,42.25
31475,Historical,868034,0,0,D,2,1,368912,68.35,2009,17,97.2,42.5
31476,Historical,632082,1,3,D,3,1,373014,43.99,2012,38,97.2,43.14
31477,Historical,639786,0,0,D,3,1,123414,45.6,2012,20,0,0
31478,Historical,1470390,0,0,D,8,1,1798975,59.5,2009,17,32.73,75.03
31479,Historical,2472306,0,0,D,5,1,1602091,70.95,1997,33,49.24,48.49
31480,Historical,788380,1,2,D,4,1,2680800,95.95,2003,17,63.22,34.79
31481,Historical,1864488,1,2,D,5,1,333782,90.95,2008,36,0,68.92
31482,Historical,51777,1,2,D,7,1,503487,118.67,2004,78,98.14,35.99
31483,Historical,599661,0,0,D,3,1,4329181,95,2004,23,73.87,70.35
31484,Historical,268818,0,0,D,4,1,1137141,95,2009,64,73.87,8.17
31485,Historical,270015,1,1,D,7,1,439508,201,2008,118,90.8,42.49
31486,Historical,145689,0,0,D,6,1,2617221,86.4,2007,25,43.5,11.86
31487,Historical,133064,0,0,D,7,1,187681,124.2,2010,38,43.5,73.99
31488,Historical,538628,1,1,D,4,1,15463,196.75,2013,56,129.99,73.99
31489,Historical,525928,0,0,D,3,1,43489,100.99,2010,71,39.93,64
31490,Historical,109297,1,1,D,2,1,188285,18.99,2007,76,129.99,28.72
31491,Historical,655503,0,0,D,11,1,550050,102.4,2011,33,59.31,47.45
31492,Historical,742979,1,2,D,11,1,770758,102.4,2011,26,59.31,23.49
31493,Historical,621894,1,1,D,1,0,248114,44.5,2012,56,57.92,21.99
31494,Historical,212382,0,0,D,1,0,533366,80.2,2005,48,40.49,51.54
31495,Historical,212384,0,0,D,2,1,573909,53.8,2005,23,40.49,54.48
31496,Historical,169493,0,0,D,6,1,2754589,142.95,2007,31,53.99,14.29
31497,Historical,530675,0,0,D,2,1,403839,90.2,2009,88,92.08,56.15
31498,Historical,613900,0,0,D,6,1,214205,129.2,2010,72,92.08,30.25
31499,Historical,552728,1,2,D,5,1,662807,115.4,2006,100,92.08,25.94
31500,Historical,553171,0,0,D,12,1,180657,72.4,2012,42,0,0
31501,Historical,516533,1,2,D,7,1,291439,58.95,2009,53,23.5,27.24
31502,Historical,540957,0,0,D,8,1,267064,59.95,2012,38,23.5,25.99
31503,Historical,288891,0,0,D,10,1,3811710,73.95,2005,21,33.99,49.09
31504,Historical,436050,0,0,D,10,1,1437383,38.95,2005,48,43.98,8.17
31505,Historical,608089,1,27,D,11,1,419308,67.95,2008,46,43.98,44.99
31506,Historical,609328,0,0,D,6,1,526187,83.4,2002,182,67.63,12.99
31507,Historical,51771,0,0,D,7,1,199514,81.6,2005,119,67.63,43.73
31508,Historical,51772,0,0,D,8,1,217028,82.2,2007,181,67.63,32.04
31509,Historical,252665,0,0,D,5,1,614046,63.49,2010,100,59.81,20.99
31510,Historical,561387,1,1,D,12,1,180053,90.6,2011,75,30.65,24.99
31511,Historical,540681,0,0,D,3,1,161275,95.4,2013,37,29.74,48.99
31512,Historical,615311,1,2,D,1,0,1874472,70.4,2008,41,29.74,31.94
31513,Historical,592343,0,0,D,7,1,1889333,35.95,2007,40,31.13,5.88
31514,Historical,254013,0,0,D,8,1,225204,44.95,2011,55,31.13,27.98
31515,Historical,245202,0,0,D,3,1,1065068,119.95,2005,64,43.78,9.82
31516,Historical,525081,0,0,D,4,1,1006077,108.95,2009,109,43.78,16.12
31517,Historical,525864,0,0,D,6,1,514186,46.95,2010,47,37.28,33.92
31518,Historical,715947,0,0,D,6,1,1237852,54.2,2012,24,31.39,57.41
31519,Historical,874013,1,1,D,7,1,5446436,9.75,2005,23,56.99,9.75
31520,Historical,607959,1,1,D,8,1,539116,60.2,2008,47,56.99,22.99
31521,Historical,868363,0,0,D,9,1,322311,121.95,2008,38,66.94,23.94
31522,Historical,540634,0,0,D,4,1,62244,87.6,2012,42,14.18,47.76
31523,Historical,148350,1,2,D,30,1,1191297,39.95,2006,15,44.65,90.91
31525,Historical,434811,0,0,D,8,1,465408,85,2010,51,32.22,28.99
31526,Historical,561266,0,0,D,5,1,2139889,46.8,2009,11,49.63,72.69
31528,Historical,389215,1,1,D,6,1,45975,37.95,2010,71,27.42,20.99
31529,Historical,626220,0,0,D,4,1,683802,92.4,2011,36,82.72,43.89
31530,Historical,561410,0,0,D,4,1,1276239,75,2010,32,43.93,36.98
31531,Historical,717092,0,0,D,3,1,1126049,69.2,2008,35,82.72,18.99
31532,Historical,178284,0,0,D,6,1,434040,144.95,2005,48,90.97,39.97
31533,Historical,567541,0,0,D,7,1,1171783,131.95,2008,51,90.97,34.58
31534,Historical,607365,0,0,D,4,1,314516,46.67,2005,28,52.04,72.89
31535,Historical,550826,0,0,D,19,1,119094,43.18,2011,59,66.12,18.99
31536,Historical,148389,1,1,D,4,1,1115954,75.95,2006,35,47.98,50.85
31537,Historical,525848,0,0,D,6,1,286183,61.95,2011,29,47.98,43.98
31538,Historical,562095,0,0,D,5,1,212788,68.95,2008,24,47.98,60.59
31539,Historical,536173,0,0,D,6,1,327140,61.95,2011,69,49.54,56.79
31540,Historical,148391,1,1,D,4,1,1806237,75.95,2006,46,49.54,22.23
31541,Historical,224741,0,0,D,8,1,40404,218.95,2011,105,143.93,53.99
31542,Historical,626707,0,0,D,2,1,125800,34.95,2012,31,0,0
31543,Historical,434858,0,0,D,10,1,651610,64.2,2009,30,44.3,45.12
31544,Historical,609335,0,0,D,9,1,529275,70.6,2006,56,44.3,49.76
31545,Historical,552388,0,0,D,6,1,1803864,53.33,2004,63,35.82,12.98
31546,Historical,539182,0,0,D,7,1,934044,48.2,2008,44,35.82,45.4
31547,Historical,553727,0,0,D,3,1,1327360,48.2,2009,33,36.47,18.99
31548,Historical,626805,0,0,D,4,1,517640,53.6,2012,25,36.47,34.99
31549,Historical,631471,0,0,D,19,1,185898,28.99,2011,65,34.66,18.99
31550,Historical,148399,0,0,D,10,1,2685957,49.95,2006,14,128.49,139.82
31551,Historical,567433,0,0,D,8,1,684881,46.95,2006,30,36.74,30.78
31552,Historical,288647,0,0,D,10,1,1889107,46.67,2007,16,51.24,38.02
31553,Historical,2266790,0,0,D,10,1,4400367,93.28,2010,50,53.3,71.88
31554,Historical,897389,0,0,D,7,1,365270,101.95,2009,27,61.75,56.92
31555,Historical,450336,0,0,D,6,1,1559935,59.95,2006,19,61.75,56.79
31556,Historical,913118,0,0,D,6,1,1281594,106.95,2005,34,11.48,51.97
31557,Historical,917863,0,0,D,5,1,880611,114.95,2006,40,86.74,13.89
31558,Historical,582993,0,0,D,6,1,420193,103.95,2011,66,86.74,70
31559,Historical,627612,0,0,D,4,1,188927,56.95,2005,36,55.98,101.94
31560,Historical,774802,0,0,D,3,1,3972357,34.95,1999,16,55.98,15.22
31561,Historical,898807,0,0,D,3,1,1025460,35.95,2004,21,154.9,230.23
31562,Historical,536226,0,0,D,1,0,354674,45,1993,89,0,0
31563,Historical,550444,0,0,D,18,1,839841,13.98,2008,56,67.35,19.99
31564,Historical,538590,1,1,D,19,1,223463,49.99,2011,65,67.35,38.78
31565,Historical,169227,0,0,D,8,1,2432165,156.95,2006,21,91.32,44.91
31566,Historical,244035,0,0,D,6,1,69298,224.95,2011,57,46.61,98.85
31567,Historical,177207,0,0,D,4,1,1238607,133.95,2004,87,72.49,18.84
31568,Historical,567545,1,2,D,5,1,285596,207.95,2008,55,46.61,52.83
31569,Historical,309052,0,0,D,6,1,2493112,23.89,2007,17,66.36,23.89
31570,Historical,200112,0,0,D,6,1,155197,91.95,2006,49,38.45,17.99
31571,Historical,183358,0,0,D,12,1,778719,136.95,2006,37,62.03,52.15
31572,Historical,534055,0,0,D,11,1,1345869,90.22,2003,26,62.03,67.83
31573,Historical,2253627,0,0,D,6,1,5449703,80.31,2009,36,43.99,79.38
31574,Historical,2511627,0,0,D,3,1,3163296,41.25,1986,47,29.49,15.99
31575,Historical,595058,0,0,D,3,1,159892,159.95,2012,37,40.76,22.94
31576,Historical,195073,0,0,D,6,1,349463,67.95,2007,52,6.44,53.01
31577,Historical,2319060,0,0,D,4,1,5212841,61.09,1982,16,36.47,72.91
31578,Historical,868386,0,0,D,10,1,2910693,75.75,1991,11,140.99,75.23
31579,Historical,202510,1,3,D,1,0,1582723,16.55,2002,26,33.99,13.46
31580,Historical,60897,1,2,D,2,1,371077,45.53,2005,25,33.99,14.99
31581,Historical,868143,1,2,D,2,1,506254,46.2,1997,29,124.84,73.81
31582,Historical,147190,0,0,D,5,1,544117,139,2006,30,117.78,48.5
31583,Historical,743260,0,0,D,4,1,1511795,105,2001,20,117.78,65.34
31584,Historical,637976,0,0,D,5,1,2508019,230,1999,20,82.69,152.58
31585,Historical,613731,0,0,D,2,1,2633115,73.95,1998,56,61.71,12.83
31586,Historical,279946,0,0,D,3,1,1301588,59.95,2007,24,0,61.86
31587,Historical,614788,1,1,D,3,1,89928,100.99,2005,50,61.71,17.99
31588,Historical,397281,0,0,D,5,1,749235,49.99,2010,46,14.53,14.49
31589,Historical,54482,0,0,D,10,1,52181,37.25,2010,81,21.38,34.88
31590,Historical,609875,1,1,D,11,1,9513,57.8,2013,83,21.38,20.96
31591,Historical,657870,0,0,D,1,0,124949,114.8,2013,26,0,72.99
31592,Historical,2249981,0,0,D,4,1,1939839,170.97,2008,43,74.75,94.44
31593,Historical,132555,1,4,D,4,1,309471,116,2008,39,74.75,63.73
31594,Historical,178025,0,0,D,4,1,141186,161.95,2010,37,97.01,52.95
31595,Historical,176778,0,0,D,3,1,846168,115.95,2001,58,97.01,4.33
31596,Historical,533971,1,1,D,4,1,151079,109.2,2008,38,62.32,57.19
31597,Historical,60898,0,0,D,3,1,1617683,82.67,2004,32,62.32,8.31
31598,Historical,2262821,0,0,D,4,1,5206541,92.34,2009,35,101.94,69.16
31599,Historical,275586,0,0,D,3,1,1316768,76.5,2003,31,101.94,45.03
31600,Historical,275599,1,2,D,4,1,166912,175.75,2009,42,101.94,54.37
31601,Historical,910365,0,0,D,4,1,693863,44,2007,21,44.02,36.94
31602,Historical,716581,0,0,D,4,1,1854894,56.4,2008,28,44.02,21.98
31603,Historical,116061,0,0,D,6,1,232718,59.8,2005,26,52.95,68.05
31604,Historical,55628,0,0,D,2,1,656203,23.95,2004,122,22.74,5.38
31605,Historical,55626,1,1,D,3,1,110485,39.95,2004,247,22.74,9.96
31606,Historical,142078,1,1,D,4,1,3686103,47.92,2010,25,0,54.1
31607,Historical,327760,0,0,D,4,1,2661072,0,2009,33,83.99,44.59
31608,Historical,540447,1,2,D,5,1,99609,48.99,2011,109,83.99,29.91
31609,Historical,540446,1,14,D,5,1,20311,63.96,2011,146,518.65,20.74
31610,Historical,142170,1,2,D,4,1,254815,38.85,2010,94,518.65,50.31
31611,Historical,272085,0,0,D,2,1,3143064,53.99,2004,16,33.86,49.51
31612,Historical,737419,0,0,D,2,1,2371911,52,2005,10,51.79,48.85
31613,Historical,582347,0,0,D,2,1,1272333,45,2003,20,29.94,11.14
31614,Historical,525743,0,0,D,3,1,901501,55,2008,36,29.94,22.84
31615,Historical,114396,0,0,D,0,0,3564915,99.33,2001,25,35.11,22.47
31616,Historical,379116,0,0,D,7,1,77047,59.95,2004,138,26.63,10.55
31617,Historical,2714377,0,0,D,0,0,8668429,159,2004,8,47.38,25.99
31618,Historical,130428,1,1,D,2,1,557447,95.6,2011,60,36.6,36.98
31619,Historical,244220,1,5,D,10,1,38589,177.95,2012,81,95.31,47.1
31620,Historical,170110,1,1,D,3,1,82897,125.95,2011,95,85.74,27.99
31621,Historical,878136,1,1,D,3,1,1333317,31.06,2012,43,95.31,36.64
31622,Historical,54925,0,0,D,8,1,846432,141.95,2006,91,95.31,9.72
31623,Historical,54923,0,0,D,9,1,357453,194.95,2009,91,95.31,18.83
31624,Historical,2045415,0,0,D,0,0,2972949,33,2006,13,23.99,32.98
31625,Historical,738396,0,0,D,6,1,1298430,79,2009,8,83.94,7781.01
31626,Historical,737653,1,1,D,4,1,1405955,74,2007,12,36.99,99.99
31627,Historical,642706,0,0,D,5,1,2337753,71,2006,10,50.99,63.98
31628,Historical,737503,0,0,D,7,1,1635579,36,2006,19,42.99,53.99
31629,Historical,2575974,0,0,D,1,0,1835491,54.95,1985,41,46.55,49.09
31630,Historical,541906,0,0,D,2,1,96055,85,2000,48,46.55,53.93
31631,Historical,860531,1,1,D,6,1,445291,120.95,2011,72,73.98,13.36
31632,Historical,802305,0,0,D,4,1,1561709,116.95,2005,59,73.98,4.18
31633,Historical,874292,1,1,D,4,1,588778,188.95,2009,54,33.46,17.68
31634,Historical,261958,0,0,D,2,1,2581023,69.95,2004,35,12.65,6.95
31635,Historical,2933842,0,0,D,0,0,3223987,9.95,2003,17,193.21,6.99
31636,Historical,2594365,0,0,D,1,0,2592207,69.95,1987,39,54.97,60.77
31638,Historical,874458,0,0,D,10,1,1298528,54.38,2009,11,164.91,39.78
31639,Historical,525727,1,2,D,12,1,52092,261.95,2012,88,156.67,23.89
31640,Historical,699211,1,1,D,10,1,772980,55.71,2009,12,164.91,45.82
31641,Historical,887995,0,0,D,1,0,5604826,45.95,2003,12,130.01,37.8
31642,Historical,132194,1,1,D,7,1,223763,125.6,2006,67,93.99,31.96
31643,Historical,537598,1,1,D,8,1,63182,253.5,2012,82,167.7,59.48
31644,Historical,288931,0,0,D,11,1,436763,287.95,2009,77,156.67,74.89
31645,Historical,550581,0,0,D,9,1,307785,51.29,2006,36,66.04,68.73
31646,Historical,60899,0,0,D,10,1,1417299,215.95,2006,76,156.67,8.51
31647,Historical,308949,0,0,D,9,1,1639338,35.59,2006,38,164.91,28.3
31648,Historical,525726,1,1,D,10,1,225175,90.78,2009,44,164.91,58.43
31649,Historical,58215,0,0,D,7,1,54669,37.73,2009,69,167.7,38.99
31650,Historical,620845,0,0,D,8,1,494737,69.91,2006,31,121.55,53.98
31651,Historical,165146,0,0,D,6,1,5040729,12.63,2000,14,0,0
31652,Historical,287697,1,1,D,4,1,752793,85,2002,31,51.94,52.92
31653,Historical,2490558,0,0,D,2,1,1882554,43.95,2000,16,41.33,38.12
31654,Historical,1521835,0,0,D,3,1,1382468,53,2007,19,41.33,45.69
31655,Historical,244342,1,2,D,7,1,77185,43.84,2011,111,29.76,23.94
31656,Historical,166481,0,0,D,5,1,306063,15.99,2006,63,29.76,17.67
31657,Historical,161789,1,3,D,6,1,683445,12.94,2009,66,29.76,13.99
31658,Historical,2370080,0,0,D,5,1,2214887,98,1993,32,4.36,38.57
31659,Historical,58216,1,1,D,6,1,1396672,13.99,2007,69,167.7,36.99
31660,Historical,616269,0,0,D,7,1,2023160,17.96,2001,48,121.55,13.99
31661,Historical,576348,0,0,D,2,1,216874,35.95,2004,44,4,12.77
31662,Historical,120082,1,3,D,6,1,113753,181,2009,105,158.98,21.99
31663,Historical,613798,1,1,D,7,1,23893,210.4,2012,68,158.98,29.45
31664,Historical,915267,1,1,D,9,1,844573,125.77,1997,43,50.23,48.73
31665,Historical,630663,0,0,D,10,1,728336,48.8,2005,18,37.37,20.4
31666,Historical,51052,0,0,D,8,1,517685,257.95,2010,48,126.45,29.95
31667,Historical,2373256,0,0,D,10,1,1764942,145,2002,31,43.42,48.58
31668,Historical,51051,0,0,D,7,1,261135,272.95,2007,32,126.45,51.43
31669,Historical,309066,1,1,D,3,1,163232,47,2009,54,128.48,33.98
31670,Historical,308848,1,3,D,2,1,483774,6.98,2005,38,128.48,13.37
31671,Historical,50401,0,0,D,4,1,72796,217.6,2009,48,168.98,68.99
31672,Historical,528384,0,0,D,9,1,50339,324.95,2013,53,149.73,123.94
31673,Historical,638264,0,0,D,0,0,2572289,88,2003,33,70.84,49.39
31674,Historical,666630,1,2,D,3,1,92890,120,2008,27,139.74,46.99
31675,Historical,148487,1,2,D,8,1,407160,341.95,2008,51,256.69,59.3
31676,Historical,50400,0,0,D,3,1,247652,168,2006,59,168.98,25.7
31677,Historical,398384,0,0,D,2,1,4335901,79.95,2005,12,47.21,48.97
31678,Historical,660505,1,1,D,1,0,58725,109.95,2004,48,60.4,35.7
31679,Historical,229127,0,0,D,4,1,3794997,89,2006,16,35.73,51.14
31681,Historical,386501,0,0,D,4,1,1153064,199.95,2005,64,64.59,22.97
31682,Historical,525717,1,2,D,5,1,88375,184.95,2010,75,64.59,20.98
31683,Historical,743168,0,0,D,1,0,617432,39.95,1998,33,12.82,11.99
31684,Historical,2576369,0,0,D,2,1,4691536,158,1989,23,49.5,51.93
31686,Historical,2551776,0,0,D,0,0,5560074,95,1984,16,263.14,96.58
31687,Historical,743595,0,0,D,0,0,3144588,276,2005,17,162.34,122.39
31688,Historical,3559792,0,0,D,1,0,3814711,210,2002,12,0,63.98
31689,Historical,525713,0,0,D,3,1,837853,69.99,2009,32,51.24,35.99
31690,Historical,2663247,0,0,D,0,0,1873025,199,1995,13,148.99,275.87
31691,Historical,248844,0,0,D,3,1,1982349,42.95,2005,19,33.69,19.75
31692,Historical,2194325,0,0,D,1,0,4932675,99,2011,9,159.99,83.12
31693,Historical,609224,0,0,D,4,1,1215564,39.95,2005,60,42.98,18.73
31694,Historical,609204,0,0,D,5,1,304377,48.95,2008,69,42.98,13.43
31695,Historical,628776,0,0,D,3,1,652274,97.99,2009,25,0,0
31696,Historical,248950,0,0,D,1,0,3596073,289,2008,20,154.98,125.44
31697,Historical,637328,1,1,D,2,1,287118,55,2004,24,0,0
31698,Historical,592310,0,0,D,4,1,4207170,129.56,2005,12,35.29,106.79
31699,Historical,467829,1,1,D,4,1,1878545,103,2005,60,35.29,8.49
31700,Historical,495630,0,0,D,5,1,919306,118,2009,55,35.29,23.06
31701,Historical,105810,0,0,D,5,1,890287,54.95,2003,26,25.98,38.79
31702,Historical,224478,0,0,D,4,1,1626489,39.95,1998,21,25.98,75.02
31703,Historical,249901,1,4,D,3,1,593976,217.95,2008,69,48.99,48.5
31704,Historical,249902,1,2,D,3,1,1888695,80.95,2008,27,48.99,23.99
31705,Historical,114723,0,0,D,2,1,840397,88,2005,30,45.99,69.37
31706,Historical,662976,0,0,D,1,0,1403066,379.99,2007,14,0,0
31707,Historical,1725016,0,0,D,1,0,3632627,167.95,2007,17,141.97,53.98
31708,Historical,1659028,0,0,D,1,0,4312192,122.8,2012,11,9.12,276.81
31709,Historical,165906,0,0,D,1,0,1218723,79.5,2004,27,33.12,53.37
31710,Historical,533419,1,1,D,6,1,35521,341.95,2012,107,103.99,27.92
31711,Historical,110625,0,0,D,1,0,2746736,5.13,2006,42,123.69,5.03
31712,Historical,178692,0,0,D,4,1,1844456,412.95,2010,21,103.99,72.67
31713,Historical,110144,0,0,D,2,1,1137388,4.99,2009,66,123.69,9.48
31714,Historical,55488,1,1,D,5,1,210601,375.95,2010,82,103.99,14.73
31715,Historical,868206,0,0,D,0,0,1930233,111,2003,48,58.29,34.42
31716,Historical,570476,1,3,D,1,0,205409,59.95,2010,87,14.69,15.99
31717,Historical,544727,1,1,D,2,1,32899,69.95,2013,83,14.69,43.99
31718,Historical,120785,0,0,D,4,1,577886,180,2009,53,43.73,12.86
31719,Historical,539360,0,0,D,6,1,39868,247.4,2013,50,43.73,63.14
31720,Historical,543859,1,2,D,8,1,103038,247.95,2012,68,133.99,41.89
31721,Historical,53305,1,3,D,7,1,654976,271.95,2010,62,133.99,41.49
31722,Historical,118955,0,0,D,3,1,1610518,139.4,2007,55,43.73,12.57
31723,Historical,60904,1,1,D,6,1,709647,298.95,2008,46,133.99,14.98
31724,Historical,258460,1,2,D,5,1,30008,130,2009,87,104.95,53.94
31725,Historical,145726,1,1,D,8,1,98469,162.67,2007,263,36.99,13.89
31726,Historical,616530,1,3,D,3,1,208607,153,2011,62,76.93,9.74
31727,Historical,868411,1,1,D,3,1,949882,50.95,2001,45,45.82,6.07
31728,Historical,544943,0,0,D,4,1,304188,52,2008,40,45.82,31.49
31729,Historical,515235,0,0,D,8,1,148485,173.6,2008,29,105.65,119.45
31730,Historical,552128,0,0,D,6,1,2271075,99,2002,30,105.65,49.29
31731,Historical,617850,1,1,D,5,1,1177647,56.34,2003,45,112.99,44.21
31732,Historical,552107,1,1,D,5,1,1123433,119.8,2005,24,111.94,43.99
31733,Historical,607176,0,0,D,5,1,2943577,116.8,2003,27,109.25,37.87
31734,Historical,119980,0,0,D,7,1,562024,171.2,2009,37,109.25,90.56
31735,Historical,156985,0,0,D,5,1,2422618,64.95,2002,13,40.38,53.99
31736,Historical,868276,0,0,D,0,0,767732,93,1997,23,73.99,38.83
31737,Historical,911848,0,0,D,2,1,1580008,99,2005,17,71.98,78.08
31738,Historical,2561987,0,0,D,0,0,3098994,95.95,1981,16,4,73.31
31739,Historical,299014,0,0,D,1,0,1153461,41.95,1995,29,46.49,43.88
31740,Historical,919503,0,0,D,0,0,68965,29.95,1994,56,39.19,16.99
31741,Historical,618883,0,0,D,1,0,1324552,285.95,2006,42,58.99,32.01
31742,Historical,575670,0,0,D,0,0,930091,62.95,2011,26,21.84,39.95
31743,Historical,628263,0,0,D,1,0,917173,36.21,2009,25,56.19,40.97
31744,Historical,390660,0,0,D,1,0,643531,105,2010,30,103.72,38.57
31745,Historical,619839,0,0,D,1,0,940044,85,2006,64,54.98,12.95
31746,Historical,617166,0,0,D,2,1,301367,75,2007,68,36.63,11.32
31747,Historical,629169,0,0,D,3,1,50908,90,2012,35,36.63,51.44
31748,Historical,258422,1,1,D,1,0,1221675,91,2007,39,53.99,5.88
31749,Historical,410827,0,0,D,1,0,2569052,56.95,2009,11,52,109.06
31750,Historical,167285,0,0,D,1,0,1347438,85,2007,26,73.75,23.98
31751,Historical,915082,0,0,D,1,0,2962036,45,2000,31,41.64,10.99
31752,Historical,366643,0,0,D,0,0,5341243,87.95,2003,16,48.89,30.38
31753,Historical,366644,0,0,D,0,0,1371904,42.95,2004,24,48.89,13.97
31754,Historical,2540903,0,0,D,1,0,3957428,61.95,2003,13,33.3,128.88
31755,Historical,564740,0,0,D,2,1,207235,79.95,2008,93,58.55,18.99
31756,Historical,878518,0,0,D,9,1,1073084,25.99,2007,55,74.95,32.97
31757,Historical,53133,0,0,D,10,1,53678,144.95,2011,82,74.95,41.98
31758,Historical,53132,1,3,D,9,1,338388,153.95,2008,90,74.95,26.15
31759,Historical,525703,0,0,D,6,1,178351,89.95,2008,31,43.48,45.57
31760,Historical,147188,1,1,D,5,1,1301237,89,2004,54,43.48,12.98
31761,Historical,545914,0,0,D,7,1,34553,89.95,2012,29,43.48,52.73
31762,Historical,648727,1,1,D,0,0,268952,160,2010,17,110.05,61.99
31763,Historical,642251,1,3,D,2,1,237945,160,2012,40,110.05,63.98
31764,Historical,2533666,1,1,D,0,0,1893170,40.95,1997,25,37.03,22.49
31765,Historical,671821,0,0,D,2,1,1788134,169.95,2007,14,0,198.27
31766,Historical,217431,0,0,D,6,1,2463828,72,1996,15,120.99,80.66
31767,Historical,2339158,0,0,D,2,1,3937017,131.75,1978,33,19.99,29.09
31768,Historical,1651526,0,0,D,0,0,2574191,79.95,2006,15,59.24,79.86
31769,Historical,646487,0,0,D,1,0,1143471,105,2008,19,86.82,114.85
31770,Historical,127531,0,0,D,3,1,692424,59.95,2009,52,34.83,8.01
31771,Historical,619987,0,0,D,1,0,227618,38.95,2006,46,40.98,39.94
31772,Historical,106624,0,0,D,2,1,383989,50,2009,41,40.98,31.99
31773,Historical,125907,1,1,D,4,1,2864149,250,2001,24,108.2,79.1
31774,Historical,525692,0,0,D,2,1,1719501,267.99,2006,15,3.99,20.33
31775,Historical,2835287,1,1,D,1,0,52283,39.99,1985,37,0,82.81
31777,Historical,193540,0,0,D,3,1,1352795,73,2007,51,55.52,20.87
31778,Historical,775582,0,0,D,2,1,5235445,55,2003,22,55.52,11.91
31779,Historical,624360,0,0,D,1,0,1054054,59.99,2009,55,38.28,23.95
31780,Historical,185990,0,0,D,1,0,1422505,64.99,2008,42,37.61,37.4
31781,Historical,121109,0,0,D,3,1,496678,118,1997,39,103.73,58.35
31782,Historical,109120,0,0,D,1,0,694718,13.99,2004,30,133.99,13.99
31783,Historical,620610,0,0,D,4,1,868254,145,2006,33,46.98,20.79
31784,Historical,164777,0,0,D,3,1,2271808,140,2003,27,69.38,18.99
31785,Historical,864880,1,1,D,0,0,445291,75,1991,11,98.99,0
31786,Historical,60905,1,2,D,2,1,223337,109,1996,24,98.99,59.06
31787,Historical,844356,0,0,D,0,0,2629387,86,1987,12,65.74,38.99
31788,Historical,648085,0,0,D,1,0,4009962,160,1995,19,165.98,28.99
31789,Historical,892039,0,0,D,0,0,5218477,54.2,2009,10,0,47.21
31790,Historical,285672,0,0,D,1,0,1576422,99.95,2006,36,68.73,49.5
31791,Historical,257476,0,0,D,1,0,352402,132.95,1997,56,115.96,44.65
31793,Historical,916903,0,0,D,0,0,1001505,32,1991,29,38.99,19.47
31794,Historical,639310,0,0,D,1,0,221813,53.95,2008,20,0,0
31795,Historical,244334,1,1,D,5,1,64111,50.08,2012,69,95.7,38.59
31796,Historical,525683,0,0,D,8,1,537502,244.2,2010,39,63.99,47.15
31797,Historical,51875,1,3,D,9,1,216207,282.95,2011,72,93.99,5.09
31798,Historical,116678,0,0,D,6,1,3596811,159.4,2004,31,63.99,15.98
31799,Historical,161786,0,0,D,3,1,511288,16.83,2007,55,53.99,13.99
31800,Historical,751303,0,0,D,3,1,2626553,18.97,2009,20,53.99,18.97
31801,Historical,381479,1,2,D,4,1,100547,153.95,2012,55,53.99,31.92
31802,Historical,162439,0,0,D,4,1,649389,76.61,2008,57,95.7,46.52
31803,Historical,290621,0,0,D,3,1,1889878,11.42,2005,46,95.7,11.42
31804,Historical,1782828,0,0,D,9,1,246211,266.95,2011,63,11.13,28.98
31805,Historical,60906,1,1,D,7,1,452385,213.33,2007,90,63.99,6.83
31806,Historical,251093,0,0,D,5,1,342993,218.95,2008,53,193.98,21.86
31807,Historical,60907,0,0,D,4,1,992105,199.95,2006,29,193.98,31.64
31808,Historical,178683,1,2,D,6,1,259857,197.95,2010,58,154.17,78.76
31809,Historical,184031,0,0,D,5,1,1544984,208.95,2005,50,154.17,18.6
31810,Historical,175860,0,0,D,1,0,1595050,94.99,2006,32,57.39,56.21
31811,Historical,116297,1,2,D,3,1,862586,117.67,1998,39,160.46,18.98
31812,Historical,117717,0,0,D,4,1,538259,156,2005,26,160.46,63.33
31813,Historical,164455,0,0,D,1,0,551812,140,2002,31,72.99,38.89
31814,Historical,169169,0,0,D,6,1,104809,166.95,2006,52,138.97,28.98
31815,Historical,177765,0,0,D,5,1,2323640,106.95,2002,46,138.97,18.2
31816,Historical,591420,0,0,D,1,0,3321932,130,2003,16,135.06,61.94
31817,Historical,594380,0,0,D,2,1,829172,189,2010,18,135.06,133.96
31818,Historical,627750,0,0,D,0,0,3118812,130,1992,25,97.94,46.77
31819,Historical,3598622,0,0,D,1,0,3783704,219.95,1999,15,0,123.56
31820,Historical,58557,1,1,D,20,1,1205578,35.95,2005,108,25.89,7.99
31821,Historical,210973,0,0,D,21,1,1687522,105,2009,35,25.89,18.98
31822,Historical,54243,0,0,D,21,1,76272,42.95,2009,318,24.33,9.49
31823,Historical,54242,1,5,D,20,1,135555,39.95,2005,186,24.33,11.97
31824,Historical,1779590,0,0,D,1,0,52861,50,2013,35,0,28.96
31825,Historical,185095,0,0,D,0,0,1742730,87.56,1996,20,128.63,63.98
31827,Historical,896105,0,0,D,3,1,3679706,152.75,1998,16,138.35,103.42
31828,Historical,907332,0,0,D,0,0,3568319,52.95,1998,16,19.33,30.44
31829,Historical,127413,0,0,D,3,1,93533,49.95,2010,109,31.78,6.68
31830,Historical,427085,0,0,D,2,1,5597301,250,2005,12,126.72,197.64
31831,Historical,538520,0,0,D,2,1,183968,70.25,2011,36,0,0
31832,Historical,905160,0,0,D,7,1,60299,70.25,2014,29,0,54.99
31833,Historical,110503,0,0,D,5,1,1792997,23.77,2007,36,0,20.42
31834,Historical,646999,0,0,D,10,1,424387,87.5,2012,30,0,0
31835,Historical,3718143,0,0,D,11,1,1660802,0,2014,8,0,50.94
31836,Historical,2352248,0,0,D,0,0,1904766,39.5,2002,25,0,4.08
31838,Historical,127182,0,0,D,3,1,171651,44.95,2007,64,27.94,16.99
31839,Historical,627481,0,0,D,1,0,85338,80,2009,37,55.99,59.46
31840,Historical,108124,1,1,D,8,1,539805,31.39,2003,42,21.48,12.77
31841,Historical,55150,1,2,D,5,1,106284,105.6,2009,63,24,96.98
31842,Historical,55149,0,0,D,4,1,899850,65.6,2004,86,24,15.22
31843,Historical,203587,0,0,D,0,0,1566236,45.95,2004,28,49.2,55.49
31844,Historical,525653,1,1,D,2,1,476535,57.99,2009,27,49.2,72.99
31845,Historical,761450,0,0,D,3,1,5292332,280,2005,13,159.39,85.57
31846,Historical,646581,0,0,D,3,1,2232143,28,2006,20,0,38.99
31847,Historical,896987,0,0,D,4,1,179031,43,2011,13,0,0
31849,Historical,712172,0,0,D,2,1,4638613,149.4,2002,16,81.02,38.99
31850,Historical,163363,0,0,D,0,0,1570387,159.75,2011,37,52.36,47.96
31851,Historical,870430,0,0,D,0,0,1680472,0,2014,29,52.36,28.08
31852,Historical,613762,0,0,D,9,1,1186736,149,2010,43,69.69,13.94
31853,Historical,625654,1,1,D,10,1,372351,217,2012,121,69.69,195.83
31854,Historical,625147,1,1,D,9,1,2163355,0,2010,17,69.69,34.99
31855,Historical,142935,0,0,D,3,1,396720,162,2005,26,140.01,76.93
31856,Historical,120640,0,0,D,4,1,216349,222.6,2008,48,114.29,80.93
31857,Historical,116720,0,0,D,3,1,1127927,176,2004,34,114.29,33.93
31858,Historical,54481,0,0,D,3,1,42094,106.99,2010,225,65.69,16.49
31859,Historical,54480,1,1,D,2,1,475771,93.95,2006,203,65.69,7.22
31860,Historical,625386,0,0,D,2,1,1393396,57.99,2006,23,31.84,23.05
31861,Historical,625063,0,0,D,3,1,1472920,67.99,2007,33,50.34,9.99
31862,Historical,635346,0,0,D,9,1,1956059,179,2003,23,175.6,63.12
31863,Historical,635922,0,0,D,10,1,746694,215.99,2011,31,175.6,87.9
31864,Historical,166809,0,0,D,2,1,3050931,15.99,2004,23,156.57,15.98
31865,Historical,161819,0,0,D,2,1,967476,65.67,2007,23,156.57,22.99
31866,Historical,119138,1,2,D,8,1,122981,150.2,2010,30,88.77,141.13
31867,Historical,533900,0,0,D,7,1,505362,113.33,2006,50,88.77,20.59
31868,Historical,60910,0,0,D,5,1,962564,220.95,2007,87,94.03,16.14
31869,Historical,525620,1,2,D,7,1,31574,189.95,2011,97,94.03,30.91
31870,Historical,254142,1,1,D,6,1,171830,200.95,2009,85,94.03,8.47
31871,Historical,248450,1,1,D,4,1,274746,200.95,2009,42,181.26,149.27
31872,Historical,248314,0,0,D,3,1,744354,211.95,2004,47,181.26,69.21
31873,Historical,2529830,0,0,D,0,0,2612712,47.95,1993,24,27.14,43.66
31874,Historical,2252441,0,0,D,2,1,3339009,65.56,2010,40,0,39.68
31875,Historical,111895,1,7,D,3,1,15073,201.5,2011,108,115.12,40.74
31876,Historical,416610,1,6,D,2,1,446882,18.99,2008,141,115.12,14.44
31877,Historical,60912,0,0,D,1,0,2134441,84.85,2007,65,115.12,4.36
31878,Historical,58196,1,1,D,8,1,203708,119.3,2006,117,153.89,15.91
31879,Historical,110129,1,1,D,9,1,52611,239.5,2009,81,153.89,41.99
31880,Historical,287516,0,0,D,7,1,1646836,103.4,2001,53,81.78,9.94
31881,Historical,322674,1,2,D,8,1,82639,129.6,2006,54,81.78,13.98
31882,Historical,58190,0,0,D,3,1,864949,108,2007,76,78.48,10.49
31883,Historical,58188,1,1,D,4,1,140555,154.4,2010,104,78.48,17.29
31884,Historical,571484,0,0,D,1,0,2250260,51.6,2002,32,133.19,22.98
31885,Historical,2631506,0,0,D,1,0,4691450,48.33,2003,19,41.11,21.93
31886,Historical,2631415,0,0,D,1,0,4072748,48.33,2001,12,46.54,74.3
31887,Historical,51798,0,0,D,3,1,37915,75.53,2007,91,61.03,35.84
31888,Historical,61132,0,0,D,4,1,1569777,88,2003,38,53.74,22.99
31889,Historical,714861,0,0,D,3,1,7012560,70,1999,27,53.74,14.74
31890,Historical,121384,0,0,D,7,1,361959,174,2009,57,94.94,43.99
31891,Historical,55145,0,0,D,5,1,997568,18.99,2007,63,84.88,18.99
31892,Historical,623021,0,0,D,5,1,1105808,127.4,2007,45,84.88,44.28
31893,Historical,115816,1,1,D,3,1,725631,57,2003,34,57.99,15.49
31894,Historical,868156,0,0,D,0,0,1813144,45,1993,21,16.18,43.35
31895,Historical,256306,0,0,D,2,1,767503,44.95,2005,31,36.45,35.99
31896,Historical,163989,0,0,D,4,1,1458303,8.98,2004,33,32.49,8.96
31897,Historical,525613,0,0,D,5,1,485071,72.2,2011,24,62.62,50.31
31898,Historical,368640,0,0,D,4,1,1023892,57.6,2007,30,62.62,66.35
31899,Historical,183588,0,0,D,2,1,1565262,124.95,2007,32,68.04,12.98
31900,Historical,55606,0,0,D,3,1,517361,113.2,2007,39,64.38,23.99
31901,Historical,55605,0,0,D,2,1,2047022,79.67,2003,49,64.38,11.99
31902,Historical,2344751,0,0,D,0,0,1301732,63.9,1992,29,64.63,38.69
31903,Historical,115929,0,0,D,4,1,608377,101.2,2004,42,74.54,41.02
31905,Historical,637019,0,0,D,3,1,1947642,80,2010,22,63.43,75.29
31906,Historical,289828,0,0,D,2,1,85426,58.95,2007,70,32.25,34.23
31907,Historical,794140,0,0,D,2,1,923391,47.95,2005,16,44.95,21.64
31908,Historical,57426,0,0,D,4,1,856222,120,2005,59,45.76,23.99
31909,Historical,114123,0,0,D,3,1,80116,73,2001,24,94.22,25.5
31910,Historical,285981,1,1,D,4,1,288951,106.2,2005,52,51.99,10.58
31911,Historical,254618,0,0,D,4,1,19089,99.95,2011,49,58.42,54.08
31912,Historical,60913,1,1,D,2,1,1460988,69.95,2004,59,58.42,15.86
31913,Historical,249024,0,0,D,3,1,445898,86.95,2008,77,58.42,36.92
31914,Historical,53503,0,0,D,4,1,3350140,76.8,2004,30,61.5,10.49
31915,Historical,121341,0,0,D,5,1,765340,111.27,2008,23,61.5,51.06
31916,Historical,53504,0,0,D,5,1,588596,104.6,2008,34,61.5,15.07
31917,Historical,117055,0,0,D,9,1,227628,130.6,2008,66,50.1,28.94
31918,Historical,60914,0,0,D,8,1,1668630,95.4,2005,48,50.1,5.84
31919,Historical,55601,0,0,D,3,1,2910571,96,2008,17,34.96,10.95
31920,Historical,117040,0,0,D,3,1,715388,92.6,2008,37,34.96,27.88
31921,Historical,55599,0,0,D,2,1,1650809,78.8,2004,35,34.96,28.91
31922,Historical,114104,0,0,D,5,1,1947677,74.33,2001,44,4.22,50.03
31923,Historical,116132,1,6,D,6,1,1232673,123,2005,38,103.22,19.58
31924,Historical,297897,0,0,D,2,1,86025,170.95,2012,53,69.31,95.37
31925,Historical,169387,1,4,D,1,0,271664,170.95,2009,46,69.31,15.49
31926,Historical,115426,0,0,D,4,1,1571682,93,2000,25,82.43,31.39
31927,Historical,115811,1,1,D,5,1,477438,122.67,2004,25,82.43,28.94
31928,Historical,2007000,1,1,D,3,1,618082,65.95,2012,21,0,69.94
31929,Historical,3784432,1,3,D,2,1,1104771,44.95,2009,22,0,32.41
31930,Historical,547947,1,1,D,1,0,626948,217.95,1996,26,130.49,80.99
31931,Historical,144173,0,0,D,2,1,4893856,81.6,2002,22,20.44,9.99
31932,Historical,903170,0,0,D,5,1,4492687,106.2,2004,23,133.87,31.74
31933,Historical,131832,0,0,D,5,1,3982758,88,2004,36,133.87,12.46
31934,Historical,132387,1,1,D,6,1,383446,162.2,2007,52,133.87,14.04
31935,Historical,534054,0,0,D,2,1,3036621,64.95,1993,45,27.06,8.99
31936,Historical,131835,1,2,D,1,0,1028126,81,2008,34,73.07,13.98
31937,Historical,121644,0,0,D,1,0,2633686,81,2008,16,73.07,49.39
31938,Historical,553835,0,0,D,2,1,1148145,45.99,2008,37,53.34,12.06
31939,Historical,478897,1,1,D,1,0,1149571,191.99,2008,36,68.49,74.87
31940,Historical,711082,0,0,D,1,0,4082785,72,2001,24,33.97,12.98
31941,Historical,895827,0,0,D,3,1,4017491,55.4,1995,16,26.68,12.99
31942,Historical,867988,0,0,D,1,0,284939,32,1989,32,35,28.74
31943,Historical,868340,0,0,D,4,1,1043117,75.95,1991,28,33.82,88.03
31944,Historical,554141,1,1,D,0,0,534351,48,1986,27,0,0
31945,Historical,247517,0,0,D,0,0,678318,46,2006,35,37.97,54.9
31946,Historical,603185,0,0,D,1,0,1512410,101.47,2005,15,98.98,44.56
31947,Historical,916153,0,0,D,2,1,243131,73.95,1997,30,78.99,69.23
31948,Historical,1488838,0,0,D,1,0,1144825,56.95,2006,24,46.32,50.93
31949,Historical,110082,1,1,D,6,1,132434,71.06,2009,67,170.7,49.91
31950,Historical,108867,1,4,D,5,1,113549,26.78,2005,42,170.7,21.97
31951,Historical,868330,0,0,D,0,0,842757,44.25,1996,32,46.71,40.97
31952,Historical,875723,1,2,D,3,1,3147070,90.67,2004,32,111.49,7.99
31953,Historical,132208,1,2,D,4,1,252044,137.2,2006,56,111.49,33.48
31954,Historical,55139,0,0,D,9,1,521754,213.95,2005,75,144.96,13.46
31955,Historical,55140,0,0,D,10,1,131199,224.95,2008,37,144.96,23.88
31956,Historical,641505,1,1,D,1,0,74110,67.8,2009,35,51.49,38.88
31957,Historical,121340,0,0,D,1,0,589845,81.13,2009,21,51.49,83.94
31958,Historical,131795,0,0,D,1,0,828498,51.99,2006,39,67.25,7.98
31959,Historical,116054,0,0,D,10,1,1260377,133.33,2004,66,69.15,20.95
31960,Historical,117091,0,0,D,11,1,146287,174,2008,73,69.15,54.01
31961,Historical,131846,1,1,D,4,1,409270,93,2004,39,47.65,18.13
31962,Historical,213274,0,0,D,3,1,1247708,93.95,2007,32,62.48,37.81
31963,Historical,132468,0,0,D,3,1,604607,156.4,2008,56,121.53,18.29
31964,Historical,607528,0,0,D,7,1,1582147,86,1999,18,73.53,23.49
31965,Historical,60915,0,0,D,8,1,1167195,119,2003,32,73.53,18.98
31966,Historical,117064,0,0,D,5,1,199163,129.2,2008,42,75.6,33.44
31967,Historical,115989,0,0,D,4,1,1930379,118.2,2004,32,75.6,8.9
31968,Historical,158162,0,0,D,1,0,1171697,39.95,2008,19,50.79,67.52
31969,Historical,908365,0,0,D,9,1,2308537,117.17,2009,38,121.52,105.49
31970,Historical,179218,0,0,D,9,1,388236,208.95,2009,47,121.52,41.99
31971,Historical,183450,1,1,D,8,1,514114,144.95,2006,56,121.52,20.57
31972,Historical,607688,0,0,D,7,1,643420,101.2,2002,45,22.17,10.86
31973,Historical,114510,1,1,D,1,0,2059943,65.95,2002,28,75.33,20
31974,Historical,117432,0,0,D,2,1,226221,89.8,2008,25,75.33,38.84
31975,Historical,2309307,0,0,D,0,0,4316545,35,1988,24,20.79,57.91
31976,Historical,51246,0,0,D,4,1,255841,129.33,2006,120,85.7,11.61
31977,Historical,51244,1,1,D,5,1,78307,147.4,2010,43,85.7,68.63
31978,Historical,875346,1,1,D,2,1,1203788,116.6,2002,55,85.56,20.89
31979,Historical,132359,1,1,D,3,1,313144,146,2007,39,85.56,18.99
31980,Historical,557228,0,0,D,1,0,259865,158.6,2006,46,0,0
31981,Historical,60916,1,1,D,3,1,1620647,125.33,2003,37,65.34,7.97
31982,Historical,525598,1,1,D,4,1,60077,174,2008,61,65.34,37.14
31983,Historical,115532,0,0,D,6,1,1849248,77.33,2002,67,99.93,8.74
31984,Historical,116823,1,3,D,7,1,160416,129.33,2005,125,99.93,10.46
31986,Historical,51401,0,0,D,4,1,2127032,92.67,2005,39,40,5.16
31987,Historical,51402,1,1,D,5,1,178597,134.67,2007,104,40,13.23
31988,Historical,579644,0,0,D,0,0,2908677,63,2005,17,74.94,25.95
31989,Historical,552791,1,2,D,1,0,536144,78.4,2008,40,71.99,31.99
31990,Historical,525596,1,1,D,3,1,682726,20.48,2006,69,50.15,12.63
31991,Historical,579619,0,0,D,0,0,2545781,56.95,2003,20,66.31,40.92
31992,Historical,54922,0,0,D,7,1,147935,96.2,2003,37,63.98,29.69
31993,Historical,54920,1,1,D,9,1,269053,114.33,2009,50,63.98,48.98
31994,Historical,54921,0,0,D,8,1,930844,106.2,2007,49,63.98,18.41
31995,Historical,57286,0,0,D,5,1,165004,60.2,2008,69,50.12,18.47
31996,Historical,57285,1,3,D,4,1,1265722,45.4,2003,69,50.12,19.98
31997,Historical,60919,1,1,D,3,1,904603,104.6,2004,34,129.18,6.62
31998,Historical,807018,0,0,D,2,1,1309894,166.95,2006,42,93.94,13.98
31999,Historical,252062,0,0,D,3,1,613963,269.95,2009,35,93.94,46.79
32000,Historical,423064,0,0,D,4,1,179829,148,2008,37,129.18,33.01
32001,Historical,206145,0,0,D,4,1,732047,45,2007,28,35.74,45.38
32002,Historical,60104,0,0,D,4,1,2090196,111.95,2004,36,53.64,18.48
32003,Historical,525592,0,0,D,5,1,1404349,103.95,2009,27,53.64,15.79
32004,Historical,700168,0,0,D,3,1,1953172,65,2002,18,41.65,11.95
32005,Historical,696569,0,0,D,1,0,612146,55,1999,32,34.31,42.71
32006,Historical,614426,1,2,D,0,0,67290,65,1986,77,36.63,49.47
32007,Historical,280291,0,0,D,4,1,3149106,339,2006,16,239.29,55.81
32008,Historical,874705,0,0,D,3,1,4205047,88,1998,25,153.99,23.99
32009,Historical,60920,1,1,D,4,1,1445784,128,2001,19,153.99,40.9
32010,Historical,608427,0,0,D,4,1,703032,379.95,2005,49,119.97,30.96
32011,Historical,2835312,0,0,D,1,0,3969396,0,2004,9,0,128.99
32012,Historical,540451,1,8,D,10,1,6255,82.65,2012,185,76.19,24.99
32013,Historical,52715,0,0,D,12,1,47487,120.8,2010,77,75.31,73.43
32014,Historical,51943,0,0,D,9,1,92634,38.34,2009,76,76.19,29.67
32015,Historical,251970,0,0,D,7,1,118276,232.95,2010,62,102.82,63.23
32016,Historical,119979,0,0,D,7,1,208986,121.67,2009,52,44.99,25.68
32017,Historical,54477,0,0,D,1,0,696511,103,2007,41,48.92,18.97
32018,Historical,52714,1,3,D,11,1,383295,109.33,2007,120,75.31,21.9
32019,Historical,51942,0,0,D,8,1,110745,32.94,2006,131,76.19,17.99
32020,Historical,142222,1,3,D,9,1,311230,29.88,2010,126,76.19,17.81
32021,Historical,248395,1,2,D,6,1,1090128,223.95,2006,82,102.82,24.44
32022,Historical,52719,1,1,D,7,1,229020,120.8,2011,67,53.09,26.12
32023,Historical,52720,1,2,D,6,1,1132682,111,2007,79,53.09,4.58
32024,Historical,561572,0,0,D,1,0,1565481,97.67,2012,19,60.96,78.99
32025,Historical,557555,1,1,D,1,0,423260,91,2010,52,60.96,25.93
32026,Historical,54422,1,1,D,3,1,774443,108,2009,80,70,7.47
32027,Historical,54423,0,0,D,2,1,1172626,106.2,2007,50,70,18.11
32028,Historical,607302,1,1,D,6,1,1213856,103,2005,47,44.99,13.58
32029,Historical,252039,1,2,D,6,1,375574,299.95,2008,56,112.58,61.97
32030,Historical,60921,0,0,D,5,1,240435,329.95,2004,33,112.58,71.81
32031,Historical,537930,0,0,D,4,1,261633,98.2,2005,49,118.92,34.66
32032,Historical,873171,1,1,D,4,1,682420,51.29,2005,50,118.92,43.23
32033,Historical,619217,1,1,D,7,1,1144240,81,1996,23,28.99,47.99
32034,Historical,60922,1,1,D,3,1,356945,40.99,2002,86,92.28,33.93
32035,Historical,665506,0,0,D,17,1,494900,224,2011,24,165.99,212.18
32036,Historical,638960,0,0,D,16,1,332844,204,2008,19,165.99,4279.57
32037,Historical,710958,0,0,D,1,0,8888208,101,2000,21,25.31,10.66
32038,Historical,533926,0,0,D,5,1,750264,0,2006,20,35.88,68.09
32039,Historical,609125,0,0,D,3,1,2722718,291.95,2003,35,44.81,17.4
32040,Historical,166685,0,0,D,5,1,1031156,63.12,2006,41,38.03,42.91
32041,Historical,1567284,0,0,D,0,0,7993649,0,2008,14,38.03,187.75
32042,Historical,3272189,0,0,D,0,0,2615342,44.33,2005,41,0,30.22
32043,Historical,183080,0,0,D,9,1,347012,207.95,2004,62,43.84,27.62
32044,Historical,627490,1,1,D,1,0,727930,88.5,2009,27,71.98,67.81
32045,Historical,607740,1,1,D,7,1,474680,103.6,2008,30,42.85,48.07
32046,Historical,434691,0,0,D,6,1,828931,111.6,2005,33,42.85,8.9
32047,Historical,874077,0,0,D,2,1,4594645,103.95,1993,22,6.77,38.99
32048,Historical,788006,0,0,D,3,1,244101,107.95,1999,36,6.77,23.98
32049,Historical,591365,0,0,D,5,1,203745,198.95,2006,50,146.44,69.93
32050,Historical,119884,1,1,D,5,1,1075739,63,1996,41,114.3,48.99
32051,Historical,911412,1,1,D,0,0,4309076,57.95,1994,22,0,7.43
32052,Historical,57839,0,0,D,8,1,815659,132,2007,55,138.99,8.64
32053,Historical,57838,1,2,D,7,1,1858546,109.8,2005,51,138.99,9
32054,Historical,177323,1,2,D,6,1,779683,286.95,2002,40,154.58,11.99
32055,Historical,1683310,0,0,D,3,1,1923707,119.99,2007,32,92.66,89.87
32056,Historical,635201,0,0,D,3,1,549562,109.75,2008,25,78.99,53.99
32057,Historical,905500,1,3,D,2,1,1137288,75,2002,16,78.99,55.94
32058,Historical,3245252,0,0,D,7,1,1746726,37.66,2003,42,0,32.45
32059,Historical,296156,1,1,D,7,1,619813,107.95,2003,115,72.49,14.94
32060,Historical,110694,0,0,D,17,1,1394797,18.99,2011,20,0,0
32061,Historical,625436,1,3,D,0,0,2329063,54.64,2004,32,28.78,13.08
32062,Historical,868158,1,3,D,1,0,1290403,63,1994,23,31.77,8.9
32063,Historical,60925,0,0,D,10,1,2025592,95.95,2005,57,43.99,6.9
32064,Historical,534017,1,1,D,11,1,580599,126.95,2008,44,43.99,28.91
32065,Historical,639325,0,0,D,5,1,944076,62,2008,52,28.78,11.89
32066,Historical,880258,0,0,D,12,1,12617,159,2015,48,132.85,83.89
32067,Historical,864783,0,0,D,11,1,10026,159,2014,137,132.85,18.99
32068,Historical,116364,0,0,D,8,1,1040631,146,2011,220,132.85,3.74
32069,Historical,539508,1,3,D,10,1,87010,152.8,2013,234,132.85,12.48
32070,Historical,422415,1,1,D,3,1,139603,160.8,2012,80,100.69,16.99
32071,Historical,120118,0,0,D,2,1,1339175,178.4,2009,67,100.69,6.99
32072,Historical,118736,0,0,D,0,0,3336597,31.35,2007,20,100.69,33.94
32073,Historical,656941,1,3,D,2,1,1470001,118.95,2013,14,0,0
32074,Historical,169321,1,1,D,1,0,470331,194.95,2009,29,89.26,39.24
32075,Historical,2940677,0,0,D,2,1,3262244,230.95,2005,12,146.06,162.73
32076,Historical,866637,0,0,D,5,1,172112,100.79,1996,32,105.17,71.05
32077,Historical,61129,0,0,D,6,1,280548,0,2004,31,105.17,143.99
32078,Historical,620826,0,0,D,2,1,1120080,129.69,2007,34,5.64,22.24
32079,Historical,2259467,0,0,D,2,1,3105589,30.77,2007,35,5.64,27.92
32080,Historical,110170,0,0,D,3,1,112435,62.87,2010,56,109.22,31.91
32081,Historical,265157,0,0,D,8,1,1390475,109,2007,15,152.32,48.99
32082,Historical,525582,0,0,D,9,1,1593499,137,2010,19,152.32,78.25
32083,Historical,60927,0,0,D,9,1,4281468,45.57,2005,19,81.5,45.94
32084,Historical,110132,1,1,D,10,1,62803,18.74,2009,64,81.5,13.36
32085,Historical,902682,0,0,D,0,0,2288648,74.95,2001,17,34.19,26.63
32086,Historical,300298,0,0,D,3,1,574145,103,2011,31,83.98,27.8
32087,Historical,903290,0,0,D,2,1,5454591,250,2005,10,86.46,110.89
32088,Historical,416521,1,1,D,9,1,2947642,23.94,2005,38,81.5,23.94
32089,Historical,254099,0,0,D,11,1,2782630,103.95,2009,24,28.14,38.39
32090,Historical,1782572,1,1,D,12,1,626565,112.95,2011,18,28.14,48.31
32091,Historical,169503,0,0,D,2,1,1061996,116.95,2007,19,28.14,46.83
32092,Historical,636556,0,0,D,0,0,751746,49.95,2003,16,54.17,38.23
32093,Historical,3132322,0,0,D,0,0,2589589,77,2004,17,60.95,73.65
32094,Historical,789031,0,0,D,2,1,811456,49.95,2001,25,70.24,65.74
32095,Historical,3117850,0,0,D,2,1,3359791,49.95,2003,25,48.08,14.98
32096,Historical,793633,0,0,D,2,1,4202088,49.95,2001,32,35.58,7.69
32097,Historical,287582,0,0,D,11,1,309547,170.8,2008,37,53.99,27.98
32098,Historical,579658,0,0,D,3,1,555950,69.95,2006,42,35.58,16.13
32099,Historical,2036789,0,0,D,0,0,2763020,66.64,2006,32,0,8.4
32100,Historical,525575,0,0,D,11,1,116958,291.95,2011,63,149.37,58.35
32101,Historical,533869,0,0,D,10,1,392341,320.95,2008,65,149.37,52.94
32102,Historical,60929,0,0,D,9,1,190241,351.95,2005,79,149.37,11.47
32103,Historical,608468,0,0,D,10,1,1815531,97.95,2008,22,60.3,78.15
32105,Historical,734301,0,0,D,2,1,3045213,5.78,2003,30,67.17,5.48
32106,Historical,615518,0,0,D,4,1,107682,32.98,2009,50,67.17,31.55
32107,Historical,734415,0,0,D,3,1,1390918,10.49,2006,44,67.17,12.98
32108,Historical,608418,0,0,D,6,1,1859935,71.95,2006,40,28.69,5.22
32109,Historical,608473,0,0,D,7,1,797309,115.95,2009,54,28.69,12.96
32110,Historical,53792,1,4,D,4,1,93204,24,2002,86,22.99,12.95
32111,Historical,875211,1,1,D,0,0,844027,12.99,2007,24,24.07,12.99
32112,Historical,599275,1,2,D,0,0,49603,48.5,2006,123,24.07,10.96
32113,Historical,267502,1,7,D,5,1,21195,48.5,2010,271,28.98,5.75
32114,Historical,609127,0,0,D,5,1,2185331,213.95,2003,55,18.24,5.75
32115,Historical,264496,0,0,D,2,1,3361699,55.95,2005,31,25.31,18.38
32116,Historical,52624,0,0,D,7,1,237698,173.95,2011,122,81.35,24.78
32117,Historical,52625,0,0,D,6,1,543655,165.95,2008,102,81.35,7.37
32118,Historical,599510,0,0,D,3,1,2032547,58.95,2008,22,25.31,13.99
32119,Historical,247865,0,0,D,2,1,1167516,88,2007,47,28.99,13.97
32120,Historical,666916,0,0,D,6,1,1557760,99,2010,19,33.5,73.04
32121,Historical,906136,0,0,D,4,1,4333833,95,2007,17,33.5,189.89
32122,Historical,118090,0,0,D,3,1,2818067,99,2006,46,7.44,5.88
32123,Historical,863617,0,0,D,2,1,1571749,73.95,2008,18,37.3,48.58
32124,Historical,2392810,0,0,D,3,1,293787,45.27,2000,18,53.99,63.69
32125,Historical,56282,0,0,D,5,1,222850,34.95,2008,232,27.24,9.98
32126,Historical,533366,1,1,D,6,1,54919,38.95,2011,134,27.24,9.96
32127,Historical,2614881,0,0,D,3,1,5170274,236,2004,14,134.97,149.37
32128,Historical,614390,0,0,D,1,0,300710,78,2005,37,61.67,33.49
32129,Historical,2638461,1,1,D,1,0,317939,119.95,2003,37,44.27,42.98
32130,Historical,117543,0,0,D,9,1,554905,72.93,2004,27,32.28,31.94
32131,Historical,114091,0,0,D,8,1,1095980,52.67,2000,24,32.28,38.98
32132,Historical,421716,0,0,D,1,0,499803,137,2008,51,88.04,55.14
32133,Historical,607941,0,0,D,9,1,3313905,96,2006,40,40.36,7.59
32134,Historical,616374,0,0,D,11,1,462693,125,2010,33,40.36,8.29
32135,Historical,178055,0,0,D,9,1,3380538,127.95,2004,45,83.98,4.73
32136,Historical,872630,0,0,D,10,1,1262003,148.95,2008,48,83.98,9.47
32137,Historical,1575154,1,5,D,15,1,307276,220.95,2011,82,0,12.78
32138,Historical,55483,0,0,D,14,1,708272,212.95,2009,56,143.09,12.99
32139,Historical,610469,1,1,D,16,1,127601,201.95,2013,80,143.09,43.99
32140,Historical,197948,0,0,D,11,1,2383051,84.85,2008,21,81.53,56.07
32141,Historical,197705,0,0,D,10,1,3658799,73.63,2006,22,81.53,28.94
32142,Historical,148691,0,0,D,10,1,1257034,76.95,2007,24,31.97,43.98
32143,Historical,537941,1,1,D,9,1,1728395,76.95,2004,16,31.97,22.51
32145,Historical,1562834,0,0,D,5,1,571709,151.95,2006,16,56.98,114.77
32146,Historical,609176,0,0,D,8,1,2020282,86.95,2003,28,51.04,18.98
32147,Historical,577391,0,0,D,9,1,866419,106.95,2007,74,51.04,11.75
32148,Historical,56173,1,1,D,6,1,911345,219.95,2005,59,65.99,23.24
32149,Historical,180907,0,0,D,2,1,4023677,49.95,2000,37,117.24,50.64
32150,Historical,249183,0,0,D,4,1,748964,188,2009,30,94.64,43.97
32151,Historical,192492,1,1,D,3,1,399804,165,2004,27,94.64,40.98
32152,Historical,192761,0,0,D,2,1,2728028,129,1999,33,94.64,18.97
32153,Historical,636626,1,1,D,5,1,2894727,69.95,1993,22,72.02,50.04
32154,Historical,3112820,0,0,D,3,1,7683560,680,2004,13,224.55,107.71
32155,Historical,192439,0,0,D,5,1,1989685,274,2005,9,78.99,49.94
32156,Historical,3112784,0,0,D,1,0,7329702,209.95,2003,11,114.76,17.73
32157,Historical,1539822,0,0,D,2,1,4133813,219.95,2008,13,114.76,89.96
32158,Historical,249224,1,1,D,4,1,381224,127,2010,71,88.99,68.3
32159,Historical,248833,0,0,D,3,1,1231284,109,2006,42,88.99,33.9
32160,Historical,146908,0,0,D,5,1,2162666,269,2000,33,213.71,36.93
32161,Historical,147166,0,0,D,6,1,257781,310,2006,27,213.71,45.68
32162,Historical,126565,0,0,D,5,1,1841619,39.99,2004,47,4.72,39.89
32164,Historical,298877,0,0,D,8,1,433610,185,2011,36,113.9,101.99
32165,Historical,248820,0,0,D,7,1,1336371,189,2007,26,113.9,63.35
32166,Historical,1840307,0,0,D,5,1,1813067,665,2008,10,428.13,464.75
32167,Historical,657009,0,0,D,3,1,2392444,599,2007,12,198.04,395.98
32168,Historical,2679299,0,0,D,0,0,10376907,0,1993,12,198.04,85.51
32169,Historical,906328,0,0,D,1,0,5146469,337,2005,19,161.83,37.38
32170,Historical,58274,0,0,D,10,1,618487,81.95,2000,112,106.71,21.24
32171,Historical,58273,1,1,D,12,1,17897,123,2010,103,106.71,67.37
32172,Historical,624306,0,0,D,6,1,4646,65.95,2011,60,0,0
32173,Historical,391735,1,1,D,5,1,574758,49.95,2006,116,4.01,18.96
32174,Historical,775138,0,0,D,1,0,3411350,151,2003,15,115.98,53.97
32175,Historical,203689,0,0,D,5,1,1807913,219,2005,27,183.98,64.25
32176,Historical,803816,0,0,D,5,1,4234336,239,2005,22,132.94,48.72
32177,Historical,1921855,0,0,D,0,0,2725085,289,2009,13,103.98,61.11
32178,Historical,249226,0,0,D,6,1,355740,106,2009,57,51.99,37.84
32179,Historical,298365,1,2,D,5,1,1229693,91.95,2005,69,51.99,25.98
32180,Historical,196424,0,0,D,1,0,2431135,144,2001,16,85.04,135.1
32181,Historical,774630,0,0,D,1,0,9697866,267,1998,15,241.61,77.83
32182,Historical,774441,0,0,D,2,1,5139498,279,2004,13,241.61,87.64
32183,Historical,58288,1,3,D,7,1,232379,189,2009,62,98.09,80.81
32184,Historical,58287,0,0,D,6,1,1333427,159,2005,59,98.09,49.99
32185,Historical,192847,0,0,D,4,1,1142867,105,2002,25,99.28,59.25
32186,Historical,248843,0,0,D,5,1,1052576,138.95,2007,42,99.28,73.99
32187,Historical,192406,0,0,D,6,1,1230894,248,2004,14,182.06,188.99
32188,Historical,774817,0,0,D,5,1,6261839,0,2000,10,182.06,124.61
32189,Historical,525545,0,0,D,2,1,1565170,89.95,2010,26,71.92,69.81
32190,Historical,1478007,0,0,D,5,1,3705374,65,2012,18,61.68,65
32191,Historical,1473811,0,0,D,4,1,7927965,66,2010,20,61.68,55.89
32192,Historical,129297,0,0,D,4,1,1402419,50,2010,32,29.83,26.99
32193,Historical,870371,0,0,D,6,1,667990,55,2014,30,29.83,42.46
32194,Historical,525543,0,0,D,5,1,1383984,65,2012,23,29.83,61.05
32195,Historical,128673,0,0,D,6,1,2004405,79.95,2007,36,41.95,39.96
32196,Historical,128903,0,0,D,5,1,3217272,49.95,2005,20,41.95,76.48
32197,Historical,1472106,0,0,D,12,1,6917150,95,2008,29,45.77,13.98
32198,Historical,1474077,0,0,D,13,1,4919999,66,2010,26,45.77,24.99
32199,Historical,525541,0,0,D,11,1,28963,180,2010,85,47.86,83.99
32200,Historical,874159,1,1,D,10,1,1101127,98.98,2007,50,47.86,57.25
32201,Historical,258392,0,0,D,2,1,331034,82,2005,34,52.84,47.66
32202,Historical,258367,0,0,D,2,1,1574675,97,2000,91,73.23,9.99
32203,Historical,258444,0,0,D,3,1,256682,110,2009,45,73.23,73.11
32204,Historical,60931,1,2,D,10,1,861903,129.8,2006,90,47.86,37.92
32205,Historical,531526,1,1,D,1,0,1288956,145.95,2007,20,99.99,112.91
32206,Historical,2313945,0,0,D,0,0,1274728,74.95,1991,18,16.24,62.74
32207,Historical,917543,0,0,D,1,0,207927,70.95,1990,29,16.24,73.91
32208,Historical,717599,1,2,D,4,1,6784157,66.95,1999,19,44.42,14.5
32209,Historical,60932,0,0,D,6,1,1045885,169.95,2005,49,44.42,13.97
32210,Historical,3575089,0,0,D,0,0,1764932,54,2001,18,0,47.98
32211,Historical,2362262,0,0,D,0,0,3254834,53,1994,21,95.26,27.97
32212,Historical,112935,0,0,D,2,1,1056082,64.95,1998,18,95.26,18.99
32213,Historical,156819,0,0,D,0,0,1452663,49.95,2002,27,45.05,39
32214,Historical,537846,0,0,D,5,1,666442,21.18,2008,68,42.95,101.83
32215,Historical,557048,0,0,D,6,1,342904,149.8,2011,69,33.99,9.5
32216,Historical,608751,0,0,D,10,1,323849,150.95,2001,69,19.28,21.89
32217,Historical,572330,0,0,D,5,1,1557801,121.95,2007,51,53.45,10.61
32218,Historical,570724,0,0,D,4,1,3109334,0,2008,20,27.88,72.35
32219,Historical,609644,0,0,D,5,1,490141,171.95,2010,69,60.37,35.97
32220,Historical,608382,1,1,D,3,1,1521480,80,2005,26,59.32,8.18
32221,Historical,608603,1,2,D,4,1,445589,154.95,2006,90,62.34,11.76
32222,Historical,608583,1,1,D,3,1,1330354,51.95,2003,66,62.34,10.95
32223,Historical,555608,1,2,D,2,1,619276,91.95,2007,42,70.69,57.08
32224,Historical,607879,1,2,D,5,1,532680,106.8,2003,37,73.06,56.01
32225,Historical,609641,0,0,D,7,1,1183390,131.95,2010,55,31.63,15.71
32226,Historical,608523,1,1,D,2,1,561448,107.95,2003,30,51.21,22.99
32227,Historical,540102,1,3,D,4,1,24196,93.4,2012,94,49.72,48.12
32228,Historical,606141,0,0,D,1,0,2344002,25,2006,39,52,9.14
32229,Historical,554698,1,1,D,3,1,71723,70.95,2003,191,32.55,8.99
32230,Historical,594690,0,0,D,2,1,106862,98.95,2013,33,42,34.43
32231,Historical,607964,0,0,D,16,1,535221,35.8,2009,86,44.4,15.99
32232,Historical,570726,1,1,D,6,1,1835973,81.95,2008,61,65.99,18.98
32233,Historical,540439,0,0,D,4,1,167257,34.49,2010,67,60.44,18.99
32234,Historical,607949,0,0,D,4,1,721472,75.2,2006,45,84.25,14.52
32235,Historical,557465,0,0,D,5,1,583234,79.8,2009,50,84.25,40.34
32236,Historical,595072,0,0,D,2,1,1071118,43.95,2012,27,28.99,33.99
32237,Historical,591639,0,0,D,1,0,767161,63.95,2007,56,41.98,19.96
32238,Historical,537914,1,3,D,5,1,97139,89.95,2006,86,71.68,31.98
32239,Historical,572146,0,0,D,5,1,660876,112.95,2005,140,5.98,9.4
32240,Historical,557495,0,0,D,4,1,1467711,121.8,2008,49,58.99,18.97
32241,Historical,542611,1,1,D,5,1,1090684,96.95,2008,55,191.48,20.94
32242,Historical,545151,1,1,D,5,1,423861,263.95,2007,40,14.89,54.04
32243,Historical,594895,0,0,D,7,1,83212,48,2012,98,34.3,17.98
32244,Historical,571496,0,0,D,1,0,577281,66.95,1992,54,32.75,12.95
32245,Historical,584732,1,2,D,1,0,26771,134.95,2012,29,0,68.45
32246,Historical,608451,0,0,D,5,1,1043484,110.95,2007,28,45.44,15.98
32247,Historical,555815,0,0,D,4,1,73250,84.95,2010,60,45.05,32.99
32248,Historical,555625,1,1,D,3,1,517377,79.95,2006,129,45.05,22.87
32249,Historical,537911,0,0,D,2,1,1557917,74.95,2004,60,45.05,9.14
32250,Historical,607516,1,2,D,12,1,384636,110,1998,41,87.97,57.41
32251,Historical,537942,1,22,D,0,0,739793,60,2006,175,49.74,6.99
32252,Historical,607301,1,1,D,4,1,231999,50.8,2005,52,39.98,29.97
32253,Historical,608629,0,0,D,4,1,1088320,140.95,2002,52,41.11,7.78
32254,Historical,606933,0,0,D,3,1,787702,117.25,2005,68,102.01,44.96
32255,Historical,557313,1,1,D,4,1,663108,107,2007,35,138.19,17.99
32256,Historical,539903,1,8,D,4,1,6417,88.95,2012,76,55.29,37.45
32257,Historical,567426,1,1,D,8,1,1924431,81.95,2006,34,402.13,33.65
32258,Historical,607713,0,0,D,5,1,1056862,133.33,2005,41,137.5,40.88
32259,Historical,542043,0,0,D,4,1,1096866,109.95,2011,75,23.28,23.99
32260,Historical,608345,0,0,D,6,1,711586,13.98,2002,34,57.21,10.97
32261,Historical,607619,1,4,D,2,1,1030005,178.6,1990,39,66.74,48.17
32262,Historical,592137,0,0,D,2,1,973006,104,2010,27,80.81,65.04
32263,Historical,591989,1,1,D,1,0,691021,92.95,2006,39,80.81,13.98
32264,Historical,557675,0,0,D,1,0,178235,125.73,2012,25,62.09,73.99
32265,Historical,569705,0,0,D,2,1,209908,72.95,2003,70,66.31,4
32266,Historical,569685,0,0,D,2,1,3054791,87.95,1998,30,58.55,46.81
32267,Historical,609503,0,0,D,4,1,2970248,175.95,2005,36,77.14,5.75
32268,Historical,555535,0,0,D,5,1,915875,69.95,2005,65,38.54,29.95
32269,Historical,555646,1,2,D,6,1,554951,59.95,2006,61,41.13,9.37
32270,Historical,538602,1,1,D,7,1,5982,125.75,2013,72,62.83,33.99
32271,Historical,552192,1,1,D,1,0,1612056,71.2,2007,57,17.99,8.99
32272,Historical,572354,0,0,D,6,1,675504,133.95,2007,68,53.58,20.99
32273,Historical,571996,1,1,D,5,1,2038766,140.95,2004,60,53.58,14.99
32274,Historical,552570,1,1,D,9,1,1195827,111.6,2006,50,56.34,19.72
32275,Historical,607499,0,0,D,9,1,258326,152.6,2009,30,138.64,33.87
32276,Historical,552231,0,0,D,8,1,2105634,118.67,2005,43,138.64,5.83
32277,Historical,607724,1,3,D,3,1,906588,65.8,2007,51,45.24,7.99
32278,Historical,537921,1,3,D,1,0,1767775,135.93,2006,40,102.84,15.65
32279,Historical,570554,0,0,D,2,1,1400554,140.95,2007,45,23.98,8.29
32280,Historical,576944,0,0,D,2,1,106053,23.95,2005,92,29.96,15.99
32281,Historical,592235,1,1,D,4,1,307253,168.95,2007,75,68.75,23.99
32282,Historical,608795,1,1,D,7,1,1505316,103.95,2008,63,81.88,10.51
32283,Historical,607314,0,0,D,4,1,1774584,85.33,2004,50,76.28,7.89
32284,Historical,625045,1,3,D,1,0,872976,80.51,2010,19,77.93,33.98
32285,Historical,188000,0,0,D,1,0,3246165,89.95,2001,25,44.61,8.37
32286,Historical,644186,0,0,D,1,0,1578017,92.95,2003,23,5.89,19.09
32287,Historical,631063,0,0,D,1,0,2383590,79.95,2001,20,73.24,29.96
32288,Historical,609182,0,0,D,4,1,1572840,79.95,2005,26,60.24,48.46
32289,Historical,863776,0,0,D,2,1,1652793,99.99,2009,28,89.06,52.16
32290,Historical,789815,0,0,D,1,0,3247596,99.99,2006,13,87.12,155.09
32291,Historical,2664554,0,0,D,1,0,3166471,99.99,2002,16,74.97,93.87
32292,Historical,2664567,0,0,D,1,0,1451886,119.99,2001,19,134.06,63.98
32293,Historical,709918,0,0,D,3,1,2316843,120,1999,26,33.09,43.18
32294,Historical,268452,0,0,D,0,0,44819,42,2006,31,0,0
32295,Historical,206047,0,0,D,2,1,1433660,50,2005,33,42.35,44.34
32296,Historical,109429,0,0,D,4,1,1294465,4.43,2005,33,42.95,4.36
32297,Historical,626422,0,0,D,1,0,613984,59,2005,42,37.31,29.59
32299,Historical,131873,0,0,D,9,1,1416067,121,2004,43,103.99,18.71
32300,Historical,533123,0,0,D,4,1,154274,81.2,2008,50,43.99,30.94
32301,Historical,162697,0,0,D,4,1,180198,55,2009,28,43.28,83.95
32302,Historical,1658710,0,0,D,1,0,1203226,69,2011,14,63.21,72.43
32303,Historical,253990,0,0,D,3,1,266513,77.95,2012,81,8.42,12.14
32304,Historical,253989,0,0,D,3,1,1206094,99.95,2011,22,8.42,7.91
32305,Historical,55090,0,0,D,14,1,105407,174.95,2010,75,28.91,98.94
32306,Historical,55089,1,1,D,13,1,772316,191.95,2006,58,28.91,12.52
32307,Historical,759388,1,2,D,1,0,2779943,49.95,2001,13,35,76.39
32308,Historical,760340,0,0,D,2,1,3687254,49.95,2003,19,35,57.61
32309,Historical,167299,0,0,D,4,1,437048,60,2013,49,46.03,40.93
32310,Historical,273361,0,0,D,7,1,118132,61.95,2011,42,46.85,33.99
32311,Historical,196694,1,1,D,6,1,139104,49.95,2005,76,46.85,18.89
32312,Historical,183146,0,0,D,1,0,1611425,76.95,2006,20,30.87,28.71
32313,Historical,115306,0,0,D,3,1,78711,76.6,2009,34,39.71,13.98
32314,Historical,54473,0,0,D,4,1,185369,108.8,2009,34,78.87,53.52
32315,Historical,54472,1,1,D,4,1,236692,97.33,2007,36,78.87,57.79
32316,Historical,533031,0,0,D,5,1,150512,114.8,2010,34,85.6,94.79
32317,Historical,133045,1,1,D,4,1,350962,86.6,2009,27,85.6,47.48
32318,Historical,133071,0,0,D,5,1,108817,114.8,2010,33,57.28,83.59
32319,Historical,630794,0,0,D,1,0,1456017,49.95,2009,30,31.98,13.35
32321,Historical,874606,0,0,D,6,1,2471658,27.35,2008,47,67.41,18.98
32322,Historical,874692,0,0,D,6,1,858160,42.68,2008,33,67.41,42.68
32323,Historical,1746756,0,0,D,1,0,932345,0,2006,16,135.51,123.47
32324,Historical,261295,0,0,D,1,0,391555,85,1998,22,0,0
32325,Historical,152634,0,0,D,0,0,690586,89.95,1997,33,52.18,99.85
32326,Historical,52041,1,4,D,6,1,140894,114.6,2011,193,63.95,12.49
32327,Historical,133094,0,0,D,5,1,1692054,94.8,2009,84,63.95,6.95
32328,Historical,55750,1,2,D,5,1,1294026,104.6,2009,72,83.99,8.99
32330,Historical,532968,1,1,D,7,1,977328,74.99,2011,58,30.93,17.87
32331,Historical,658004,0,0,D,8,1,274679,69.99,2013,32,30.93,19.99
32332,Historical,197625,1,1,D,2,1,2194779,53.94,2010,27,45.64,17.99
32333,Historical,627273,0,0,D,3,1,1363047,31.61,2009,25,173.98,26.48
32334,Historical,53374,1,3,D,8,1,688586,24.96,2006,88,128.99,8.94
32336,Historical,53375,0,0,D,10,1,71981,215.5,2010,80,128.99,32.99
32337,Historical,183364,0,0,D,2,1,799681,108.95,2005,21,83.96,87.77
32338,Historical,183072,0,0,D,2,1,2401154,123,2006,21,83.96,52.29
32339,Historical,126167,0,0,D,4,1,3505019,41,2000,41,19.66,13.94
32340,Historical,706971,0,0,D,0,0,1115549,159.25,2002,36,54.98,23.99
32341,Historical,547884,0,0,D,0,0,1439411,172.75,1998,76,65.51,9.03
32342,Historical,120360,0,0,D,1,0,1058235,71,2007,40,33.62,33.86
32343,Historical,55752,0,0,D,13,1,210952,164.2,2007,44,69.85,69.93
32344,Historical,287585,1,1,D,13,1,401297,127.4,2007,44,94.22,41.19
32345,Historical,54191,0,0,D,13,1,437335,127.4,2007,30,83.99,52.91
32346,Historical,647108,1,1,D,15,1,61518,175.95,2012,96,117.78,33.99
32347,Historical,183155,1,5,D,13,1,57003,205.95,2006,259,53.99,54.96
32348,Historical,532938,1,4,D,15,1,422229,179.95,2012,54,117.78,89.35
32349,Historical,179174,0,0,D,14,1,136436,241.95,2008,87,93.84,41.45
32350,Historical,179173,0,0,D,14,1,335014,241.95,2008,96,53.99,30.12
32351,Historical,60938,0,0,D,13,1,162533,230.95,2006,51,53.99,13.03
32352,Historical,183451,0,0,D,2,1,189769,144.95,2006,92,41.04,31.96
32353,Historical,169289,0,0,D,8,1,1642681,204.95,2006,27,103.99,69.24
32354,Historical,290950,0,0,D,9,1,1023082,212.95,2009,25,103.99,22.59
32355,Historical,169850,0,0,D,8,1,428038,81.95,2008,23,69.22,54.87
32356,Historical,451791,1,1,D,9,1,417824,179.95,2009,49,69.22,34.74
32357,Historical,451792,0,0,D,9,1,356560,171.95,2009,44,68.8,64.31
32358,Historical,54916,0,0,D,5,1,1892291,76,2005,61,19.98,13.44
32359,Historical,133377,0,0,D,7,1,24823,75.8,2010,94,18.99,48.99
32360,Historical,158337,0,0,D,0,0,712701,53.95,2010,47,43.77,9.72
32361,Historical,153886,1,1,D,1,0,488088,16.98,2011,67,23.65,9.9
32362,Historical,271018,0,0,D,6,1,70440,68,2011,64,56.98,29.95
32363,Historical,229128,0,0,D,5,1,336131,49.95,2007,60,56.98,13.49
32364,Historical,141931,0,0,D,4,1,111305,41.92,2008,42,67.76,41.74
32365,Historical,618919,0,0,D,5,1,484812,99.98,2012,104,67.76,42.04
32366,Historical,141861,1,2,D,4,1,794871,0,2008,100,67.76,6.49
32367,Historical,52858,1,3,D,4,1,150280,60,2008,150,53.49,30.61
32368,Historical,141896,1,1,D,4,1,1617062,189.88,2008,35,0,79.96
32369,Historical,141897,0,0,D,4,1,1482764,67.7,2008,25,66.54,63.39
32370,Historical,141836,0,0,D,3,1,3402311,0,2005,19,66.54,107.33
32371,Historical,3077771,0,0,D,3,1,2821779,149,2004,32,92.17,46.41
32372,Historical,265281,0,0,D,4,1,3500906,264,2002,12,142.06,135.27
32373,Historical,265303,0,0,D,1,0,1829318,139,2005,13,143.78,73.79
32374,Historical,55596,0,0,D,7,1,1163797,24.73,2007,54,97.79,5.82
32375,Historical,258480,1,4,D,1,0,130741,45,1998,62,25.72,10.23
32376,Historical,2652119,0,0,D,5,1,15543481,0,1984,15,85.5,0
32377,Historical,2654488,0,0,D,8,1,3167845,119.95,1993,33,85.5,11.99
32378,Historical,461697,0,0,D,11,1,770828,165.95,2005,55,19.28,9.99
32379,Historical,461698,0,0,D,11,1,917126,165.95,2005,78,23.98,8.64
32380,Historical,60940,0,0,D,2,1,988557,40,2004,50,27.28,4.13
32381,Historical,54812,0,0,D,4,1,174964,53.2,2010,54,32.17,40.53
32382,Historical,876583,1,1,D,11,1,1319860,144.5,2006,38,66.83,39.75
32383,Historical,60941,1,2,D,11,1,863323,97.65,2005,43,66.83,48.57
32384,Historical,873062,1,4,D,11,1,4817402,6.27,2002,14,93.39,8.68
32385,Historical,532922,0,0,D,0,0,986535,119.56,2006,35,63.59,53.98
32386,Historical,100673,1,2,D,0,0,987641,131.75,2002,65,63.59,44.4
32387,Historical,848626,0,0,D,0,0,827766,164.2,1998,108,30.43,21.98
32388,Historical,57830,0,0,D,5,1,718524,54.45,2006,33,51.98,27.45
32389,Historical,165564,0,0,D,4,1,2595732,0,2003,26,51.98,48.07
32390,Historical,2591401,0,0,D,1,0,3929007,105,1987,19,90.97,57.31
32392,Historical,135299,0,0,D,3,1,330153,32.5,2002,29,0,56.23
32393,Historical,54809,0,0,D,6,1,55589,77,2005,41,65.78,16.24
32394,Historical,682277,0,0,D,0,0,1178486,29.95,2006,32,0,0
32395,Historical,3216927,0,0,D,0,0,311539,26.49,1982,16,38.36,23.98
32396,Historical,55593,0,0,D,2,1,297805,156.95,2008,90,61.99,38.97
32397,Historical,55594,0,0,D,1,0,1897738,92.95,2005,57,61.99,13.23
32398,Historical,127193,1,1,D,5,1,420206,67.95,2008,43,61.94,36.18
32399,Historical,267312,0,0,D,1,0,108360,59.95,2006,47,0,0
32400,Historical,646978,0,0,D,10,1,222979,66.95,2013,25,23.93,37.99
32401,Historical,208284,0,0,D,0,0,736804,34.99,1999,21,24.16,38.94
32402,Historical,204127,0,0,D,8,1,1101343,71.99,2006,30,6.84,13.49
32403,Historical,237762,1,5,D,12,1,136986,75,2001,48,203.99,59.15
32404,Historical,665022,0,0,D,4,1,1462198,153,2007,19,100.64,320.57
32405,Historical,1540903,0,0,D,3,1,1400102,42.95,2013,18,16.75,35.22
32406,Historical,2532255,0,0,D,0,0,3654968,43.95,1999,24,44.59,47.94
32408,Historical,575917,0,0,D,2,1,5442521,118.81,2008,16,122.42,46.23
32409,Historical,243699,1,4,D,1,0,406169,68,2008,39,63.99,48.27
32410,Historical,651583,0,0,D,1,0,1079745,76,2004,19,57.74,53.87
32411,Historical,656886,0,0,D,0,0,2137648,50,2012,15,39.86,28.99
32412,Historical,915428,1,2,D,1,0,1550433,48.32,2003,20,42.44,31.94
32413,Historical,634107,0,0,D,1,0,528529,49.95,2008,41,18.57,48.43
32414,Historical,135585,0,0,D,0,0,627930,41.95,2005,33,44.78,29.98
32415,Historical,632252,0,0,D,1,0,653835,112,2000,23,70.99,83.69
32416,Historical,275921,0,0,D,1,0,1115235,59.95,2003,49,22.27,40.25
32417,Historical,275653,0,0,D,0,0,246445,30.95,2002,76,24.58,11.49
32418,Historical,132603,0,0,D,9,1,145843,144,2008,66,90.11,51.73
32419,Historical,165546,0,0,D,3,1,1490107,69.98,2003,60,31.93,18.56
32420,Historical,921462,1,1,D,2,1,890965,0,1973,60,35.68,13.94
32421,Historical,2421997,1,2,D,0,0,633576,50.5,1973,38,17.14,18.99
32422,Historical,2275804,0,0,D,0,0,7323434,92.44,2009,21,0,106.35
32423,Historical,55591,0,0,D,2,1,1254456,35.97,2008,58,80.25,35.97
32424,Historical,1723861,0,0,D,1,0,3698844,69.95,2008,15,25.24,74.18
32425,Historical,131870,0,0,D,8,1,1659714,132.6,2004,31,88.39,11.62
32426,Historical,132474,0,0,D,9,1,175474,170.2,2008,48,3608.97,28.03
32427,Historical,917816,0,0,D,2,1,553328,60,1996,58,77.93,63.83
32428,Historical,875753,1,1,D,1,0,1132188,206.95,1994,78,173.77,13.42
32429,Historical,169417,0,0,D,2,1,860502,75.95,2008,32,37.99,19.97
32430,Historical,905791,0,0,D,2,1,4130177,39.95,1997,21,12.59,13.17
32431,Historical,110194,1,1,D,3,1,1073483,5.99,2008,66,81.5,44.74
32432,Historical,104624,0,0,D,3,1,302039,125,1998,40,21.95,14.98
32433,Historical,113095,0,0,D,1,0,221043,79.95,2008,37,48.99,66.17
32434,Historical,2576637,0,0,D,1,0,3071670,231,1987,21,37.74,78.41
32435,Historical,105469,1,11,D,10,1,519306,70.5,2009,54,83.99,23.99
32436,Historical,154263,1,2,D,3,1,125192,25.99,1998,63,48.99,18.97
32437,Historical,181975,0,0,D,1,0,381459,44.99,2009,79,31.99,10.16
32438,Historical,225685,0,0,D,2,1,1149489,104.95,2000,34,102.12,32.55
32439,Historical,169694,1,1,D,2,1,385536,201.95,2008,65,81.38,46.55
32440,Historical,2256589,0,0,D,2,1,1775439,242.11,2007,47,123.77,62.76
32441,Historical,54676,0,0,D,2,1,392797,209.95,2008,70,69.84,41.93
32442,Historical,54675,0,0,D,1,0,1672987,229.95,2006,36,69.84,17.49
32443,Historical,130620,0,0,D,10,1,439433,74.8,2011,43,31.38,83.4
32444,Historical,910053,0,0,D,1,0,681239,39.99,2009,44,36.44,53.47
32445,Historical,612763,0,0,D,2,1,28590,44.99,2013,57,36.44,27.36
32446,Historical,377415,1,1,D,1,0,855918,49.95,1999,47,48.7,23.94
32447,Historical,110760,1,1,D,7,1,80003,82.05,2006,65,78.46,57.85
32449,Historical,60945,0,0,D,3,1,874311,65.6,1998,21,47.99,47.98
32450,Historical,171701,0,0,D,4,1,308533,41.95,2000,71,27.98,13.98
32451,Historical,3138141,1,2,D,2,1,491490,39.95,2005,29,0,43.45
32452,Historical,152209,0,0,D,1,0,522270,299,2007,14,152.99,65.87
32453,Historical,630233,1,1,D,3,1,1003948,129,2005,28,82.75,27.19
32454,Historical,899937,0,0,D,1,0,445490,199,1993,17,100.98,73.33
32455,Historical,182540,1,1,D,2,1,448865,84.95,2001,34,25.99,45.34
32456,Historical,762601,0,0,D,2,1,3425123,129.95,1998,28,49.86,29.33
32457,Historical,50490,1,1,D,10,1,252711,168.4,2006,78,138.62,11.92
32458,Historical,50491,0,0,D,11,1,86348,152.4,2009,77,138.62,52.51
32459,Historical,659693,0,0,D,1,0,2525955,98.95,2010,12,49.29,11.94
32461,Historical,2599543,0,0,D,2,1,5741226,78.99,1993,20,76.78,23.69
32462,Historical,640125,0,0,D,4,1,3562916,295,2006,14,96.49,126.84
32463,Historical,909505,0,0,D,0,0,4208097,74.95,1998,20,47.11,28.74
32464,Historical,762366,1,1,D,0,0,1076370,105,2001,17,121.47,133.99
32465,Historical,166407,0,0,D,4,1,522459,18.93,2006,70,48.48,13.37
32466,Historical,51706,1,1,D,5,1,43618,21.47,2009,217,123.6,25.82
32467,Historical,532568,0,0,D,4,1,516250,99,2004,24,41.68,18.99
32468,Historical,766863,0,0,D,2,1,4983700,53.95,2000,13,23.53,15.09
32469,Historical,54910,0,0,D,14,1,86977,68,2010,62,35.55,28.99
32470,Historical,247827,0,0,D,1,0,1475660,81,2008,61,16.25,8.97
32471,Historical,614417,0,0,D,1,0,2020307,59.8,2002,45,27.2,8.99
32472,Historical,904574,0,0,D,2,1,3623259,145.95,2000,15,88.49,66.17
32473,Historical,51712,0,0,D,4,1,100124,132.95,2007,95,105.03,74.42
32474,Historical,51714,1,6,D,3,1,1014268,109.95,2004,83,105.03,27.18
32475,Historical,882951,0,0,D,1,0,1064772,72.95,2002,12,36.72,73.95
32476,Historical,199119,0,0,D,1,0,665209,57.95,2002,21,36.72,45.99
32477,Historical,2774881,0,0,D,1,0,1880732,38.95,2003,19,32.94,66.89
32478,Historical,54132,1,1,D,8,1,30546,219,2011,100,65.98,50.43
32479,Historical,54135,0,0,D,7,1,77866,173.2,2008,61,65.98,61.81
32480,Historical,54134,1,2,D,6,1,1050759,146.8,2005,109,65.98,9
32481,Historical,288298,1,1,D,1,0,381811,22.29,2007,100,43.98,14.66
32482,Historical,141638,0,0,D,1,0,182864,22.98,2008,54,47.31,29.86
32483,Historical,1946558,1,2,D,1,0,154808,55.75,2014,32,0,37.29
32484,Historical,3506817,0,0,D,0,0,9773698,0,1996,14,0,53.97
32485,Historical,2255996,1,3,D,9,1,2818258,0,2011,43,0,77.55
32486,Historical,142142,0,0,D,8,1,30550,89.77,2009,196,48.81,8.99
32487,Historical,57822,0,0,D,4,1,555284,0,2000,73,70.43,45.18
32488,Historical,57824,1,1,D,6,1,122476,88.3,2008,58,70.43,80.72
32489,Historical,546014,0,0,D,10,1,11588,129.25,2013,64,58.99,82.99
32490,Historical,51901,1,2,D,9,1,89089,53.62,2010,164,58.99,32.99
32491,Historical,55471,1,1,D,2,1,1329742,5.59,2005,82,58.95,8.74
32492,Historical,896204,0,0,D,1,0,5881706,175,2000,19,118.76,156.19
32493,Historical,895092,0,0,D,1,0,954209,90,2008,14,41.99,100.7
32494,Historical,551482,0,0,D,1,0,221161,59.95,1976,49,40.69,51.85
32495,Historical,233590,0,0,D,2,1,1161316,54,2007,58,37.99,8.94
32496,Historical,915475,0,0,D,0,0,2488748,79.95,1990,26,74.23,13.99
32497,Historical,3599739,0,0,D,1,0,3333681,55,1992,14,0,79.94
32499,Historical,254184,0,0,D,6,1,362124,121.95,2010,63,53.45,47.89
32500,Historical,922784,1,1,D,0,0,48389,20.95,2012,131,53.45,4.87
32502,Historical,621365,1,2,D,0,0,477618,42,2009,56,42.99,25.19
32503,Historical,128958,0,0,D,1,0,2471719,65,2004,15,38.87,72.79
32504,Historical,218719,0,0,D,1,0,156567,154,2006,52,57.9,35.28
32505,Historical,128233,0,0,D,0,0,2384806,65,2006,19,49.17,50.93
32506,Historical,537947,1,2,D,1,0,1505603,43.94,1993,40,58.99,41.82
32507,Historical,3482692,0,0,D,0,0,5481580,44.5,1998,21,0,48.59
32508,Historical,897311,0,0,D,1,0,2639448,49.95,2002,24,54.19,29.93
32509,Historical,521529,0,0,D,0,0,5906187,39,2004,25,33.06,33.99
32510,Historical,194026,0,0,D,2,1,1167957,64,2004,50,33.06,21.99
32511,Historical,923675,0,0,D,1,0,224296,19.95,2002,204,0,0
32512,Historical,671987,0,0,D,2,1,5488,19.95,2010,44,0,14.17
32513,Historical,2649286,0,0,D,0,0,543009,75.95,2000,15,134.02,89.46
32514,Historical,355658,0,0,D,1,0,2681298,175,2003,17,44.99,14.95
32515,Historical,355634,0,0,D,1,0,3063865,190,2001,21,24.04,78.79
32516,Historical,58266,1,3,D,6,1,1600928,79.4,2007,88,56.49,11.49
32517,Historical,58265,1,2,D,7,1,31837,85.4,2010,87,56.49,50.97
32518,Historical,897921,0,0,D,1,0,5124528,65.95,1997,16,96.7,38.49
32519,Historical,899338,0,0,D,2,1,2633537,104,2003,11,96.7,97.63
32520,Historical,1777392,0,0,D,12,1,1104510,45,2011,28,13.88,24.43
32521,Historical,341343,0,0,D,2,1,501559,38.94,1999,68,66.68,34.67
32522,Historical,627611,1,12,D,18,1,432357,36.76,2005,41,23.99,27.72
32523,Historical,922146,1,6,D,19,1,8173,32,2010,136,23.99,21.99
32524,Historical,722896,0,0,D,1,0,1919430,37.95,2007,20,39.21,45.36
32525,Historical,202270,1,1,D,1,0,573841,181.95,2001,30,63.23,22.87
32526,Historical,167061,1,1,D,7,1,660258,31.97,2007,56,32,18.98
32527,Historical,165550,0,0,D,2,1,177969,79.5,2002,40,35.64,48.39
32528,Historical,920235,0,0,D,0,0,3091773,55,1997,53,96.37,14.96
32529,Historical,1742086,0,0,D,4,1,1164918,59,2008,16,96.19,114.44
32530,Historical,183581,0,0,D,7,1,755405,146.95,2007,36,15.83,17.89
32531,Historical,170214,1,1,D,8,1,243852,94.95,2011,60,37.38,56.04
32532,Historical,170213,0,0,D,8,1,227279,118.95,2011,64,40.37,62.77
32533,Historical,54674,0,0,D,11,1,68979,61.21,2011,154,35.35,22.47
32534,Historical,54673,0,0,D,10,1,1005411,14.49,2008,136,35.35,14.49
32535,Historical,56593,0,0,D,5,1,2353719,122.95,2006,62,29.1,7.99
32536,Historical,672655,1,1,D,0,0,846,16,2008,468,20.13,8.95
32537,Historical,57732,0,0,D,1,0,589738,64.95,2006,49,32.04,53.23
32538,Historical,57723,1,2,D,1,0,318175,49.95,2006,54,53.99,28.97
32539,Historical,57730,1,3,D,1,0,747214,58.95,2006,28,35.63,38.4
32540,Historical,2450284,0,0,D,4,1,1764840,31.95,1994,27,40.53,51.43
32541,Historical,431062,0,0,D,5,1,4499226,110,2006,26,73.88,49.64
32542,Historical,200010,0,0,D,1,0,805961,137.95,2004,35,43.94,31.56
32543,Historical,1570624,0,0,D,1,0,214820,75,2011,24,65.59,84.68
32544,Historical,141772,1,1,D,8,1,488196,8.18,2005,46,51.55,14.49
32545,Historical,297913,0,0,D,10,1,143012,47.99,2011,37,51.55,61.36
32546,Historical,141913,1,4,D,9,1,224560,25.99,2008,51,51.55,10.5
32547,Historical,918611,1,2,D,1,0,1879601,45.95,2002,34,28.98,10.24
32548,Historical,912517,0,0,D,5,1,218694,85.95,2011,42,60.37,79.75
32549,Historical,170081,0,0,D,5,1,360956,160.95,2010,113,27.88,52.51
32550,Historical,60948,0,0,D,4,1,1274482,143.95,2007,53,27.88,11.53
32551,Historical,921447,0,0,D,0,0,259505,56.75,1994,99,65.99,26.97
32552,Historical,915178,0,0,D,2,1,2190316,94.99,2002,32,4.33,22.38
32553,Historical,915058,0,0,D,1,0,2768095,78,2003,30,34.28,10.98
32554,Historical,1595023,0,0,D,0,0,943424,175,2011,17,116.87,81.58
32555,Historical,173929,0,0,D,1,0,613857,79.99,2005,33,102.28,57.97
32556,Historical,174358,0,0,D,1,0,968393,74.99,2006,26,63.16,41.04
32557,Historical,873466,0,0,D,0,0,834135,20.84,2006,36,25.36,29.47
32558,Historical,851157,0,0,D,0,0,5026477,0,2000,14,69.02,106.85
32559,Historical,897099,0,0,D,3,1,2080648,44.95,2007,21,29.95,25.83
32560,Historical,54391,1,16,D,9,1,380514,82.4,2009,93,91.56,20.93
32561,Historical,54390,0,0,D,8,1,1258877,60,2006,71,91.56,7.99
32562,Historical,649574,0,0,D,5,1,28685,99.95,2013,41,58.99,72
32563,Historical,126989,0,0,D,2,1,1413043,49.99,2007,25,33.76,51.22
32564,Historical,58280,0,0,D,4,1,805870,117.95,2006,72,74.77,6.48
32565,Historical,58281,0,0,D,5,1,263813,135.95,2009,113,74.77,23.29
32566,Historical,543501,1,5,D,6,1,59331,188,2013,116,74.77,23.93
32567,Historical,2866611,0,0,D,2,1,1335432,44.95,2001,22,54.48,45.94
32568,Historical,628799,1,1,D,1,0,409184,69,2008,25,0,0
32569,Historical,1741121,0,0,D,2,1,432802,181.75,2006,7,0,130.13
32570,Historical,878927,0,0,D,11,1,725005,214.95,2011,36,112.92,68.91
32571,Historical,53317,0,0,D,10,1,284233,249.95,2008,76,112.92,40.97
32572,Historical,243964,0,0,D,8,1,103907,196.95,2011,50,60.69,73.11
32573,Historical,60949,0,0,D,6,1,894592,105.95,2006,61,60.69,24.94
32574,Historical,878141,0,0,D,15,1,1437619,91.29,2011,38,46.82,43.51
32575,Historical,533609,0,0,D,6,1,233828,259.95,2011,45,103.99,83.67
32576,Historical,53178,1,1,D,4,1,734061,302.95,2005,44,103.99,23.79
32577,Historical,53179,1,2,D,5,1,626327,274.95,2008,24,103.99,58.94
32579,Historical,906689,1,1,D,1,0,1610248,70,1996,27,48.82,58.98
32580,Historical,410962,0,0,D,0,0,1816810,65,1996,19,86.74,131.89
32581,Historical,226721,0,0,D,2,1,2819735,74.95,2004,26,43.21,49.43
32582,Historical,280102,0,0,D,2,1,3683759,115,2003,25,65.19,90.92
32583,Historical,133784,0,0,D,15,1,27019,55,2003,247,33.98,17.38
32584,Historical,116095,1,2,D,4,1,810766,61.33,2005,42,64.99,28.99
32585,Historical,165749,1,1,D,2,1,1448531,55,2003,20,48.04,38.99
32587,Historical,903990,0,0,D,2,1,936705,79.95,2005,29,59.48,53.98
32588,Historical,2011508,0,0,D,1,0,456523,29.95,2012,13,35.63,20.63
32589,Historical,2054307,0,0,D,0,0,43681,18.95,2009,22,35.63,10.47
32590,Historical,57199,0,0,D,4,1,85505,76.95,2007,56,84.45,37.98
32592,Historical,789655,0,0,D,2,1,3557617,99.95,2006,23,71.64,10.89
32593,Historical,629920,0,0,D,1,0,3198396,79,2001,22,95.49,26.29
32594,Historical,232040,0,0,D,1,0,2677127,42,1998,20,40.97,16.49
32595,Historical,203390,0,0,D,5,1,1882621,82.95,2002,34,82.94,18.79
32596,Historical,58198,0,0,D,4,1,666026,85,2008,86,66.99,16.43
32597,Historical,2782049,0,0,D,1,0,629784,56,1997,21,39.98,56.79
32598,Historical,533627,0,0,D,4,1,351029,156.95,2011,98,64.48,9
32599,Historical,533626,1,1,D,4,1,880081,172.95,2011,68,64.48,21.02
32600,Historical,701120,0,0,D,1,0,967848,110,2008,19,72.69,32.54
32601,Historical,2837459,0,0,D,0,0,171373,75,2005,26,66.91,56.25
32602,Historical,120029,0,0,D,2,1,480164,63.2,2009,59,59.82,5.88
32603,Historical,531796,1,2,D,3,1,50897,81,2012,47,59.82,75.51
32604,Historical,565080,0,0,D,1,0,1133894,64.95,2007,22,56.97,51.51
32605,Historical,141660,0,0,D,5,1,2161401,17.98,2004,26,63.63,11.19
32606,Historical,141779,0,0,D,5,1,815282,15.99,2005,75,63.63,18.54
32607,Historical,142191,0,0,D,8,1,591345,23.98,2010,66,43.99,17.98
32608,Historical,53421,0,0,D,8,1,333398,79.55,2008,158,43.99,11.98
32609,Historical,2415880,0,0,D,0,0,91881,250,1971,42,100.94,128.99
32610,Historical,801460,0,0,D,0,0,4758946,86,2008,11,0,46.28
32611,Historical,644884,0,0,D,2,1,565426,55.9,1991,26,16.88,48.47
32612,Historical,135549,1,2,D,3,1,961856,62.95,2001,57,32.49,18.92
32613,Historical,2667647,0,0,D,0,0,1536589,49.5,2002,31,127.11,45.55
32614,Historical,1959370,0,0,D,1,0,755583,52.95,2012,22,53.37,49.95
32615,Historical,1981288,0,0,D,2,1,53141,59.95,2014,27,53.37,41.96
32616,Historical,341491,0,0,D,2,1,1391414,34.95,2002,37,40.64,10.12
32617,Historical,405700,0,0,D,1,0,6460235,55,1998,19,40.64,44.67
32618,Historical,828580,0,0,D,0,0,2521003,48,1999,40,50.42,4.24
32619,Historical,294381,0,0,D,2,1,833796,60,2007,32,50.42,33.94
32620,Historical,2566165,0,0,D,2,1,5739096,75,1994,10,87.76,62
32621,Historical,2133494,0,0,D,0,0,1832981,71,2009,27,38.1,247.21
32622,Historical,739768,0,0,D,1,0,476575,55,2002,93,32.98,16.48
32623,Historical,615301,0,0,D,3,1,53997,104.95,2011,69,70.69,42.49
32624,Historical,3814260,1,1,D,2,1,2594885,65.95,2004,16,0,91.54
32625,Historical,780836,0,0,D,2,1,2881816,59.95,2007,11,27.78,32.88
32626,Historical,2324071,0,0,D,0,0,3390628,316,1977,32,0,59.19
32627,Historical,2314148,0,0,D,2,1,2596897,184.95,1989,31,0,58.36
32628,Historical,2500807,0,0,D,0,0,30804,27,1982,59,35.93,20.1
32630,Historical,824206,0,0,D,2,1,1697531,31,1997,26,42.49,43.93
32631,Historical,249744,1,1,D,3,1,821407,130.95,2006,37,71.34,40.49
32632,Historical,902907,0,0,D,2,1,3236483,0,2005,20,47.3,11.75
32633,Historical,60950,0,0,D,2,1,3359450,130.95,2006,39,124.33,10.95
32634,Historical,533568,1,1,D,4,1,508056,171.95,2012,118,124.33,20.59
32635,Historical,169994,0,0,D,3,1,447221,185.95,2010,89,124.33,32.86
32636,Historical,251975,1,2,D,3,1,1261502,118.95,2008,15,124.33,4.95
32637,Historical,244252,0,0,D,4,1,253982,99.95,2012,93,45.87,38.85
32638,Historical,293871,0,0,D,1,0,603002,124.95,2008,27,44.81,105.17
32639,Historical,2845386,0,0,D,0,0,8524411,28,1988,14,18.06,0
32640,Historical,531640,0,0,D,3,1,599998,75.95,2010,67,32.89,24.99
32641,Historical,248439,0,0,D,2,1,354185,36.95,2007,62,32.89,13.22
32642,Historical,613727,1,1,D,1,0,898165,45.4,2006,46,38.94,17.41
32643,Historical,2432615,0,0,D,1,0,1662998,32,1999,28,26.64,23.94
32644,Historical,641304,0,0,D,0,0,1624695,30,2012,11,0,823.1
32645,Historical,265937,1,2,D,1,0,247073,216,2010,32,167.09,27.99
32646,Historical,279188,0,0,D,3,1,1318715,58.95,2006,16,0,244.55
32647,Historical,910070,0,0,D,1,0,990792,70,1999,23,30.9,14.07
32648,Historical,2698393,0,0,D,3,1,1744712,111,2003,10,80.35,41
32649,Historical,119708,0,0,D,1,0,4798242,38.4,1998,24,32.93,18.24
32650,Historical,115303,0,0,D,2,1,1888468,58.6,2001,25,32.93,19.26
32651,Historical,217334,0,0,D,2,1,1493730,45,2010,30,38.99,7.76
32652,Historical,57136,0,0,D,10,1,369310,83.67,2010,78,58.89,31
32653,Historical,576299,1,1,D,1,0,115774,99,2001,44,36.19,41.02
32654,Historical,254256,1,1,D,1,0,2805506,115.95,2010,21,79.01,49.22
32655,Historical,541933,0,0,D,3,1,1995327,94.95,2004,23,36.98,8.49
32656,Historical,566550,0,0,D,2,1,3448402,75,2000,33,36.98,5.98
32657,Historical,118697,1,1,D,3,1,359052,73.4,2008,29,60.89,95.75
32658,Historical,200260,0,0,D,2,1,482499,101.95,2007,26,60.27,19.94
32659,Historical,145957,1,4,D,1,0,47393,107.4,2009,60,68.99,37.95
32660,Historical,540752,1,2,D,7,1,46105,123.6,2013,61,31.52,46.99
32661,Historical,741306,1,1,D,5,1,1458639,51.93,2007,36,31.52,48.24
32662,Historical,53700,0,0,D,5,1,2450851,13.99,2007,38,45.74,13.99
32663,Historical,146259,0,0,D,6,1,506952,110.07,2009,53,45.74,75.81
32664,Historical,534232,0,0,D,3,1,447046,235.95,2006,58,51.21,63.94
32665,Historical,899216,0,0,D,0,0,2952994,28.95,1997,13,0,72.21
32666,Historical,2619184,1,1,D,1,0,5673884,30.95,1994,19,0,4
32667,Historical,619685,0,0,D,2,1,857037,12.39,2001,40,58.89,28.93
32668,Historical,758385,0,0,D,1,0,2847868,55,2003,12,33.7,43.99
32670,Historical,57191,0,0,D,7,1,1309662,61.95,2002,72,53.98,34.85
32671,Historical,57193,0,0,D,9,1,217348,79.95,2010,35,53.98,51.62
32672,Historical,57194,0,0,D,8,1,465227,69.95,2006,39,53.98,51.04
32674,Historical,144383,0,0,D,2,1,1822160,68.4,2002,32,37.75,36.34
32675,Historical,738964,0,0,D,0,0,3482118,32.8,2000,29,37.75,18.96
32676,Historical,278259,1,3,D,1,0,500381,79,2003,21,74.99,45.99
32677,Historical,639366,0,0,D,0,0,782074,39.95,2007,29,45.01,57.45
32678,Historical,50561,0,0,D,4,1,68238,27.98,2007,55,108.5,55.49
32679,Historical,60953,0,0,D,8,1,2188972,48.95,2001,33,75.87,41.02
32680,Historical,178029,0,0,D,9,1,728005,153.95,2003,76,75.87,17.94
32681,Historical,386524,0,0,D,11,1,970502,39.99,2009,31,27.94,27.99
32682,Historical,873334,0,0,D,3,1,165720,73.36,2006,24,127.42,32.17
32683,Historical,421446,0,0,D,9,1,71782,165.05,2007,75,84.84,41.98
32684,Historical,900184,0,0,D,1,0,9088677,45.95,2001,16,146.08,59.85
32685,Historical,54600,0,0,D,6,1,858581,48,2008,81,44.11,17.49
32686,Historical,56370,1,1,D,3,1,283167,110.6,2010,76,45.81,12.87
32687,Historical,856294,0,0,D,0,0,130890,34.99,2006,21,88.29,23.49
32688,Historical,2635757,0,0,D,1,0,437610,34.95,2005,61,21.78,17.99
32689,Historical,2418649,0,0,D,1,0,2217577,91,2003,25,22.09,73.97
32691,Historical,2737432,0,0,D,3,1,1237245,49.95,1999,22,32.39,22.97
32692,Historical,164004,0,0,D,1,0,1875749,54.99,1997,31,18.09,35.35
32693,Historical,1737980,0,0,D,0,0,2178785,89.95,2006,15,23.98,34.13
32694,Historical,627534,0,0,D,2,1,320375,32.95,2008,26,17.25,29.71
32695,Historical,196754,0,0,D,1,0,3895462,60.95,2007,16,40.73,65.31
32696,Historical,300725,0,0,D,2,1,888454,69.95,2009,19,40.73,35.08
32697,Historical,457837,1,1,D,5,1,273196,119.95,2009,60,53.73,39.68
32698,Historical,60954,0,0,D,4,1,220024,126.95,2006,48,53.73,56.59
32699,Historical,253874,0,0,D,1,0,1645343,121.95,2009,47,75.68,9.97
32700,Historical,243846,1,1,D,1,0,534633,101.95,2010,65,75.68,8.94
32702,Historical,51047,0,0,D,11,1,298301,139.93,2007,83,48.89,27.31
32703,Historical,51048,0,0,D,12,1,97797,167.67,2009,67,48.89,48.67
32704,Historical,51046,0,0,D,10,1,2527812,115.87,2003,40,48.89,13.94
32705,Historical,2252949,0,0,D,8,1,4036764,35.86,2007,39,0,47.71
32706,Historical,53835,0,0,D,8,1,132094,74.95,2007,74,58.96,38.65
32707,Historical,533512,0,0,D,7,1,111028,17.28,2007,361,108.96,12.16
32708,Historical,53186,0,0,D,6,1,56450,55.28,2008,77,123.47,61.61
32709,Historical,53185,1,1,D,5,1,505227,12.24,2004,119,123.47,14.58
32710,Historical,778368,0,0,D,2,1,2755828,141.95,2004,20,47.91,61.39
32711,Historical,1559533,0,0,D,1,0,3265454,49.95,2007,20,42.46,77.29
32712,Historical,2138404,0,0,D,0,0,126172,49.95,2006,33,28.69,36.25
32713,Historical,112827,0,0,D,1,0,885208,59.95,2006,23,17.9,55.67
32714,Historical,57810,1,1,D,1,0,988744,133.99,1997,43,69.48,28.99
32715,Historical,54909,0,0,D,1,0,129140,70.67,2008,57,26.47,10.99
32716,Historical,133054,1,3,D,2,1,82747,86.6,2010,47,26.47,35.82
32717,Historical,914943,0,0,D,3,1,258834,24.99,2003,23,32.55,21.77
32718,Historical,629202,0,0,D,2,1,264918,94.95,2012,61,58.98,16.33
32719,Historical,200526,0,0,D,1,0,82256,81.95,2010,35,42,22.99
32720,Historical,649597,0,0,D,1,0,32652,104.95,2013,26,0,0
32721,Historical,907269,1,3,D,1,0,3038826,64.99,1999,22,74.52,52.44
32722,Historical,2517526,0,0,D,3,1,6276120,0,1993,22,0,35
32723,Historical,847266,0,0,D,4,1,5230380,31.96,1995,20,16.76,46.13
32724,Historical,849699,0,0,D,5,1,798625,124.95,1999,34,16.76,17.09
32725,Historical,1474511,0,0,D,1,0,3464476,99,2011,13,48.59,97.61
32726,Historical,194908,0,0,D,4,1,1749862,39.95,2003,34,93.89,14.84
32727,Historical,637705,0,0,D,1,0,549672,49.99,2012,57,31.19,19.21
32728,Historical,258447,0,0,D,3,1,326949,112,2008,117,50.79,26.19
32729,Historical,258387,0,0,D,2,1,1733020,104,2004,77,50.79,11.99
32730,Historical,109993,0,0,D,10,1,876717,11.99,2008,44,86.84,18.98
32731,Historical,157711,0,0,D,4,1,300704,80.95,2010,50,66.31,35
32732,Historical,127527,0,0,D,3,1,256594,79.95,2010,61,73.78,23.99
32733,Historical,801318,0,0,D,0,0,471180,34,2007,14,45.5,53.99
32734,Historical,170191,0,0,D,5,1,1174032,182.95,2011,35,78.99,95.93
32735,Historical,461686,1,2,D,3,1,2774965,148.95,2005,25,78.99,8.58
32736,Historical,183067,0,0,D,3,1,469187,43.99,2004,103,153.92,28.99
32737,Historical,55574,0,0,D,4,1,1051382,224.95,2007,74,90.51,26.76
32738,Historical,183573,0,0,D,4,1,6620223,187.95,2007,11,144.87,180.98
32739,Historical,254189,1,1,D,5,1,935732,177.95,2010,24,144.87,51.27
32740,Historical,877509,0,0,D,8,1,455020,66.38,2006,27,14.84,38.28
32741,Historical,60955,0,0,D,8,1,279806,41.56,2005,35,14.84,28.94
32742,Historical,659666,0,0,D,2,1,973494,79.95,2000,16,149.02,133.59
32743,Historical,2893301,0,0,D,1,0,834987,73.95,1986,27,61.87,73.95
32744,Historical,2608464,0,0,D,2,1,3321308,50,1999,17,33.64,51.02
32745,Historical,211742,1,1,D,1,0,1177071,95,2003,24,25.83,58.47
32746,Historical,50081,0,0,D,11,1,648650,147.67,2005,55,98.92,69.06
32747,Historical,157627,0,0,D,1,0,1012696,73.95,2006,28,67.94,51.29
32748,Historical,638415,0,0,D,2,1,2464474,74.95,2008,23,58.94,36.98
32749,Historical,2610433,0,0,D,0,0,7112487,84,2001,11,61.54,7.98
32750,Historical,2648377,0,0,D,2,1,3243897,55.95,1998,21,46.59,72.37
32751,Historical,200006,1,1,D,5,1,1624848,106.95,2003,36,55.97,22.99
32752,Historical,284290,0,0,D,1,0,2398380,85,2008,22,66.18,68.62
32753,Historical,646852,0,0,D,6,1,247199,45.8,2013,33,14.49,80.67
32754,Historical,146089,0,0,D,4,1,1621166,34.67,2009,59,14.49,5.5
32755,Historical,119354,0,0,D,3,1,33136,280.6,2012,80,158.25,47.95
32756,Historical,57806,0,0,D,9,1,696851,82,2003,47,30.77,30.99
32757,Historical,57805,0,0,D,8,1,3335890,71,2000,38,30.77,4.84
32759,Historical,575656,0,0,D,3,1,1594668,59.95,2005,29,26.33,31.87
32760,Historical,2398193,0,0,D,0,0,13185449,27.95,1980,10,50.16,0
32761,Historical,136810,0,0,D,0,0,2307367,40,2003,19,32.17,22.88
32762,Historical,192043,0,0,D,5,1,1607215,13.41,2006,62,91.04,13.03
32763,Historical,53431,1,1,D,11,1,52939,18.49,2007,73,244.6,18.49
32764,Historical,53430,0,0,D,12,1,100839,38.95,2009,62,244.6,29.55
32765,Historical,869510,1,1,D,3,1,613654,80,1994,25,32.15,45.15
32766,Historical,920719,0,0,D,6,1,1160551,24.95,2005,78,32.61,9.68
32767,Historical,3246108,0,0,D,2,1,4084861,67.74,2004,37,0,53.51
32768,Historical,3567044,0,0,D,1,0,5882470,171.95,2003,13,0,675
32769,Historical,200184,0,0,D,6,1,1296642,103.95,2006,68,46.97,17.98
32770,Historical,279145,0,0,D,0,0,2450876,38.95,2004,23,6.41,10.97
32771,Historical,889553,0,0,D,1,0,3976835,179.95,2000,15,278.84,213.89
32772,Historical,916627,0,0,D,1,0,1395796,115,1993,38,132.49,12.52
32773,Historical,628454,0,0,D,2,1,312218,189.95,1997,35,132.49,97.69
32774,Historical,625528,0,0,D,1,0,677677,99.95,1996,29,139.92,44.37
32775,Historical,737566,0,0,D,2,1,2050470,47,2006,18,9,57.64
32776,Historical,143508,0,0,D,3,1,1038255,65,2011,32,9,73.25
32777,Historical,169251,1,1,D,6,1,116209,77.95,2007,34,46.62,60.14
32778,Historical,177643,0,0,D,5,1,284332,38.95,2004,45,46.62,28.99
32779,Historical,54238,1,1,D,6,1,64216,33.78,2010,108,40.99,34.98
32780,Historical,54237,1,1,D,5,1,80622,17.82,2006,134,40.99,16.27
32781,Historical,131718,0,0,D,1,0,2761808,62.2,2004,28,27.95,13.24
32783,Historical,152692,0,0,D,3,1,521257,94,2003,30,51.92,81.83
32784,Historical,188243,0,0,D,0,0,92662,70,1997,65,43.99,49.47
32785,Historical,507197,0,0,D,1,0,9909362,264,2006,12,63.04,93.61
32786,Historical,104535,1,2,D,2,1,2965841,92.5,1996,27,86.37,13.98
32787,Historical,169550,0,0,D,6,1,604190,241.95,2006,32,50.5,39.99
32788,Historical,245232,0,0,D,1,0,2700633,87.95,2005,19,50.96,26.56
32789,Historical,555373,0,0,D,1,0,1194408,55,1998,30,26.78,48.98
32790,Historical,903022,0,0,D,0,0,3774555,0,2010,15,23.45,18.99
32791,Historical,154346,0,0,D,5,1,356045,28.99,2002,64,30.54,24.95
32792,Historical,246291,0,0,D,2,1,2942833,42.95,2006,16,24.48,13.54
32793,Historical,892669,1,1,D,3,1,1085711,0,2013,29,45.99,911.63
32794,Historical,2397070,0,0,D,6,1,4169089,72.95,1994,20,17.67,69.15
32795,Historical,58203,0,0,D,7,1,630967,317.95,2010,27,44.05,84.59
32796,Historical,179227,1,1,D,6,1,820850,189.95,2008,36,59.99,46.7
32797,Historical,58205,0,0,D,6,1,728577,317.95,2008,48,44.05,32.99
32798,Historical,169987,0,0,D,7,1,601853,241.95,2010,76,25.57,20.98
32799,Historical,58208,0,0,D,6,1,813585,232.95,2007,81,25.57,11.9
32800,Historical,290956,1,2,D,7,1,92394,241.95,2010,42,65.99,37.96
32801,Historical,60956,0,0,D,6,1,674929,236.95,2007,62,65.99,25.84
32802,Historical,289745,0,0,D,1,0,1473294,38.95,2005,17,42.94,33.14
32803,Historical,164713,1,3,D,1,0,1070363,131.5,1999,34,70.59,43.34
32804,Historical,2851956,0,0,D,1,0,2999811,179.95,1995,20,132.94,43.02
32805,Historical,718434,0,0,D,0,0,2656538,110,1997,29,37.89,29.99
32806,Historical,127629,0,0,D,0,0,1516891,115,2006,28,49.44,37.98
32807,Historical,880781,1,10,D,11,1,422721,41.48,2014,72,91.23,18.99
32808,Historical,154032,1,13,D,11,1,9643,75,2011,312,91.23,13.99
32809,Historical,548891,0,0,D,1,0,30426,16.99,1991,254,35.45,7.09
32810,Historical,114128,0,0,D,1,0,1511771,49.95,2002,45,0,5.83
32811,Historical,435395,0,0,D,2,1,526553,73.95,2002,59,82.99,14.28
32812,Historical,148061,1,1,D,3,1,125823,129.95,2007,80,82.99,55.81
32813,Historical,260103,0,0,D,2,1,644409,44.95,2005,65,54.14,9.82
32814,Historical,286439,0,0,D,5,1,331313,102.8,2008,37,49.96,23.96
32817,Historical,609136,0,0,D,3,1,6238667,199,1999,16,218.74,53.99
32818,Historical,179193,1,1,D,9,1,1318648,146.95,2009,51,31.54,8.03
32819,Historical,183427,0,0,D,8,1,393910,116.95,2006,75,31.54,12
32820,Historical,795665,0,0,D,3,1,4741600,65.86,2012,13,132.77,29.3
32821,Historical,55567,1,1,D,2,1,493985,177.95,2009,108,40.95,21.36
32822,Historical,55568,1,1,D,1,0,913962,124.95,2006,64,40.95,11.97
32823,Historical,761609,0,0,D,1,0,2003217,73.95,2005,29,28.99,17.09
32824,Historical,634963,0,0,D,2,1,541286,103,2011,42,78.99,53.98
32825,Historical,275309,0,0,D,1,0,1582771,40,2006,14,39.94,36.98
32826,Historical,522668,0,0,D,1,0,184354,18.87,2008,56,52.22,22.98
32827,Historical,320235,0,0,D,0,0,676470,45,2004,23,32.59,44.01
32828,Historical,161465,0,0,D,1,0,1566482,45.97,2005,25,34.75,45.92
32829,Historical,203975,0,0,D,1,0,806873,142.99,2009,24,0,0
32830,Historical,248503,0,0,D,0,0,1500147,39.99,2007,38,29.92,40.94
32831,Historical,530682,1,1,D,2,1,1271867,44.99,2010,70,29.92,58
32832,Historical,634681,1,1,D,1,0,1651440,100.95,2012,31,52.95,79.63
32833,Historical,187947,0,0,D,2,1,157320,169,2001,36,137.45,63.98
32834,Historical,54199,0,0,D,10,1,42828,232.95,2009,76,79.99,63.83
32835,Historical,544234,1,1,D,10,1,78627,210.95,2013,57,79.99,65
32836,Historical,54198,1,1,D,9,1,153748,232.95,2007,47,79.99,45.23
32837,Historical,2836822,0,0,D,1,0,6209645,36.95,1999,16,0,94.29
32838,Historical,544383,1,2,D,7,1,74254,210.95,2012,54,67.23,101.54
32839,Historical,55080,1,1,D,6,1,120377,232.95,2010,57,67.23,67
32840,Historical,170124,1,1,D,6,1,408178,174.95,2010,74,62.78,41.79
32841,Historical,169851,1,5,D,3,1,2177711,167.95,2008,29,62.78,50.69
32842,Historical,544453,1,2,D,7,1,96428,158.95,2012,72,71.71,89.39
32843,Historical,346380,1,2,D,3,1,2162576,118.95,2008,31,71.71,36.75
32844,Historical,200142,0,0,D,2,1,349967,139.95,2006,87,62.5,15.49
32845,Historical,56249,0,0,D,4,1,407534,99.4,2008,54,70.99,22.63
32846,Historical,2947095,0,0,D,1,0,3891965,38.95,2005,17,31.71,33.97
32847,Historical,2664216,1,6,D,0,0,726967,199,1987,16,276.53,93.98
32848,Historical,290863,1,1,D,1,0,1229508,131.95,2006,47,120.43,18.98
32849,Historical,169914,0,0,D,2,1,378454,212.95,2009,60,120.43,57.6
32850,Historical,129503,0,0,D,2,1,20655,56.95,2011,79,51.8,16.97
32851,Historical,127518,1,3,D,1,0,223670,52.95,2009,51,51.8,5.48
32852,Historical,165007,0,0,D,1,0,1517926,39.95,2001,55,16.85,4.52
32853,Historical,246719,1,1,D,1,0,217867,76.95,2009,57,0,38.95
32854,Historical,129457,1,2,D,2,1,57143,49.95,2011,130,30.36,6.98
32855,Historical,127474,1,3,D,2,1,681949,49.95,2009,79,30.36,5.98
32856,Historical,1558719,0,0,D,1,0,604904,41.95,2010,18,48.36,41.95
32857,Historical,121524,0,0,D,1,0,1180547,65.6,2000,44,48.84,50
32858,Historical,874671,0,0,D,1,0,10303127,100.95,1994,20,7.86,13.88
32859,Historical,202176,1,1,D,2,1,1930634,222.95,1998,41,7.86,4.06
32860,Historical,109072,0,0,D,5,1,2431184,91.75,2005,37,24.87,7.89
32861,Historical,309092,1,3,D,6,1,222135,107.5,2007,55,24.87,37.61
32862,Historical,275061,0,0,D,3,1,2121956,39.95,1999,36,27.79,8.28
32863,Historical,166464,0,0,D,1,0,1142701,6.92,2007,31,34.99,8.79
32864,Historical,265100,0,0,D,0,0,932210,10.95,2005,36,36.96,10.95
32865,Historical,195141,0,0,D,5,1,362263,93,2008,52,47.62,18.99
32866,Historical,616288,1,1,D,0,0,1289471,65,1991,57,39.16,13.39
32867,Historical,184350,0,0,D,1,0,597279,61.95,2000,50,23.92,44.59
32868,Historical,217260,0,0,D,3,1,5499180,35,2004,28,19.99,11.99
32869,Historical,618550,1,3,D,5,1,161273,84.75,2012,62,60.44,36.92
32870,Historical,617353,1,1,D,5,1,19301,84.75,2012,66,45.33,24.99
32871,Historical,679068,1,1,D,0,0,143330,29.99,2003,34,46.35,22.38
32872,Historical,60958,0,0,D,6,1,488491,83.8,2004,32,88.99,40.97
32873,Historical,330824,1,1,D,7,1,363623,242.95,2006,23,125.17,76.36
32874,Historical,916299,0,0,D,4,1,1022214,18.87,1994,33,88.98,24.98
32875,Historical,530529,0,0,D,4,1,610728,46,2011,57,7.03,20.13
32876,Historical,193704,0,0,D,4,1,41853,49.95,2010,148,51.98,21.49
32877,Historical,249956,0,0,D,6,1,552434,230.95,2008,100,109.94,18.98
32878,Historical,416599,1,1,D,7,1,283536,33.99,2010,59,108.99,51.75
32879,Historical,416502,1,1,D,6,1,1696417,23.09,2007,71,108.99,28.7
32880,Historical,417162,0,0,D,7,1,75814,32.49,2010,136,104.15,43.33
32881,Historical,416503,0,0,D,6,1,1188079,10.53,2007,58,104.15,28.99
32882,Historical,2599118,0,0,D,0,0,2339081,37.95,1991,14,69.97,84.57
32883,Historical,708215,0,0,D,1,0,1148057,92.36,2004,47,13.99,24.11
32884,Historical,748412,0,0,D,2,1,851897,40,2005,57,31.37,126.65
32885,Historical,369402,0,0,D,2,1,1639308,79.95,1999,42,28.7,9.4
32886,Historical,2394458,0,0,D,0,0,41378,21,1979,111,55.87,15.17
32887,Historical,50059,0,0,D,11,1,2187106,114.4,2005,34,68.98,9.74
32888,Historical,3485258,0,0,D,10,1,4882084,86.4,2002,23,0,9.99
32889,Historical,2779100,0,0,D,2,1,3425898,37,1994,14,62.49,29.39
32890,Historical,912543,0,0,D,6,1,812908,22,2014,22,4.78,16.99
32891,Historical,270041,0,0,D,6,1,255924,225,2009,60,4.78,65.88
32892,Historical,2663761,1,1,D,0,0,2636996,52,1998,29,98.99,28.99
32893,Historical,199138,0,0,D,2,1,1410226,56,2003,45,44.59,23.99
32894,Historical,156975,0,0,D,1,0,991970,49.95,2002,30,40.63,49.95
32895,Historical,2878568,0,0,D,0,0,3529235,154,1993,18,129.34,106.69
32896,Historical,476517,0,0,D,1,0,371653,34.95,2006,26,0,117.99
32897,Historical,55566,1,2,D,2,1,296047,14.99,2008,93,80.74,16.94
32898,Historical,561803,0,0,D,3,1,3826172,55.95,2001,9,0,0
32899,Historical,2561893,0,0,D,2,1,4645932,95,1982,25,39.48,63.03
32900,Historical,2568395,0,0,D,1,0,11159358,0,1975,24,39.48,50.7
32901,Historical,893961,0,0,D,1,0,5089364,115.95,1994,18,127.93,87.19
32902,Historical,296161,0,0,D,2,1,4226493,199.95,2000,13,127.93,63.99
32903,Historical,255037,0,0,D,0,0,974905,49.95,2004,24,39.58,87.24
32904,Historical,623411,1,1,D,4,1,373449,209,2012,52,30.94,84
32905,Historical,628574,1,2,D,9,1,1826190,121,2004,19,103.99,73.39
32906,Historical,241141,1,3,D,2,1,110956,29.95,2001,642,11.85,9.12
32908,Historical,895442,0,0,D,0,0,352823,88,2013,11,0,56.97
32909,Historical,245917,0,0,D,1,0,734811,41,2008,19,32.92,14.99
32910,Historical,749896,0,0,D,1,0,756046,60,2007,25,0,0
32911,Historical,3475110,0,0,D,0,0,564142,34.99,2009,52,0,9.93
32912,Historical,648371,0,0,D,1,0,3420942,199.95,2006,11,158.79,96.23
32913,Historical,638380,1,6,D,0,0,242016,129,1989,43,146.78,141.37
32914,Historical,132564,0,0,D,5,1,263876,92.2,2008,68,66.48,27.81
32915,Historical,764753,0,0,D,2,1,1382215,31.95,2002,17,40.07,41.47
32916,Historical,917670,0,0,D,3,1,2667294,66.2,2004,38,84.25,9.99
32917,Historical,2592192,0,0,D,0,0,1150009,25.99,1986,45,33.99,23.94
32918,Historical,739381,0,0,D,6,1,3621813,82,2002,26,28.67,42.27
32919,Historical,910460,0,0,D,2,1,3262932,39.95,2004,20,48.08,39.95
32920,Historical,1569870,0,0,D,1,0,1006164,75,2011,46,37.76,19.49
32921,Historical,703679,0,0,D,3,1,5586345,0,2000,30,55.93,30.76
32922,Historical,127186,0,0,D,1,0,589121,29.95,2009,93,22.26,11.88
32923,Historical,599719,0,0,D,2,1,1839028,75,2010,20,43.99,24.77
32924,Historical,174996,0,0,D,1,0,117662,74,2008,115,48.5,22.42
32925,Historical,148408,0,0,D,2,1,4425634,91.95,2005,36,9.34,40.35
32926,Historical,907356,0,0,D,1,0,3156378,44.95,2004,17,41.77,5.94
32927,Historical,853255,0,0,D,0,0,1376294,94.4,2002,33,46.29,24.99
32928,Historical,2770413,0,0,D,1,0,103648,40.99,1976,94,25.94,17.99
32929,Historical,55468,1,2,D,1,0,105191,144,2007,38,102.06,50.73
32930,Historical,157228,0,0,D,3,1,2283625,73.95,2006,18,4.33,46.25
32931,Historical,157290,0,0,D,1,0,915774,64.95,2006,19,42.99,36.13
32932,Historical,912007,1,3,D,2,1,1245008,60,1995,34,30.84,38.58
32934,Historical,918270,0,0,D,7,1,5630807,71.8,2000,30,4,8.26
32935,Historical,649743,0,0,D,0,0,735815,43.95,2012,19,35.76,126.37
32936,Historical,574781,1,1,D,1,0,1033313,33.95,2009,53,21.43,12.89
32937,Historical,863771,0,0,D,0,0,2072121,94.95,2009,17,0,94.95
32938,Historical,698116,0,0,D,0,0,6599046,0,2002,15,35.2,0
32939,Historical,291577,0,0,D,1,0,3789299,92.95,2004,18,52.43,44.98
32940,Historical,290966,0,0,D,4,1,604684,176.95,2011,38,52.43,41.57
32941,Historical,289834,0,0,D,0,0,1034069,57.95,2007,33,54.44,33.99
32942,Historical,793479,0,0,D,0,0,7178958,165,2003,12,63.27,177.68
32943,Historical,793480,1,1,D,0,0,1467531,79.95,2003,16,63.27,60.11
32944,Historical,912069,0,0,D,1,0,4422480,150,2007,17,41.98,94.18
32945,Historical,129308,0,0,D,5,1,111111,99.95,2011,133,50.22,15.98
32946,Historical,57733,0,0,D,4,1,187695,49.95,2011,87,35.09,19.88
32947,Historical,57735,0,0,D,3,1,947844,49.95,2007,95,35.09,5.98
32948,Historical,2559409,0,0,D,1,0,1254168,45.95,1978,16,35.99,74.99
32949,Historical,55466,0,0,D,1,0,418047,17.97,2007,70,94.29,16.99
32950,Historical,625266,0,0,D,4,1,778234,40,2010,36,32.74,37.3
32951,Historical,910984,1,2,D,2,1,273238,87.61,1980,32,50.24,73.67
32953,Historical,537913,0,0,D,5,1,1414455,59.95,2006,29,61.34,58.07
32954,Historical,722608,0,0,D,5,1,1415632,59.95,2006,23,42.84,8.74
32955,Historical,653501,0,0,D,1,0,336098,49.99,2010,22,51.03,49.99
32957,Historical,245261,0,0,D,1,0,1248364,83.95,2005,10,39.03,109.11
32958,Historical,862537,0,0,D,1,0,1927459,109.95,1989,25,118.63,95.83
32959,Historical,864218,0,0,D,4,1,106403,39.99,2012,14,0,0
32960,Historical,2753608,0,0,D,0,0,1555623,75,2003,17,63.93,48.99
32961,Historical,2527395,0,0,D,0,0,3351014,40,1992,20,45.97,28.06
32962,Historical,2531507,0,0,D,2,1,2613410,47.5,1996,19,48.72,56.47
32963,Historical,863302,0,0,D,6,1,1629432,129.95,2005,40,70.09,13.69
32964,Historical,167675,0,0,D,0,0,3480589,255,2000,15,173.98,159.6
32965,Historical,205757,0,0,D,1,0,1204264,60,2002,12,0,75
32966,Historical,106150,0,0,D,7,1,497424,135,2005,27,63.97,53.99
32967,Historical,658324,0,0,D,2,1,883542,52,2011,26,7.83,37.98
32968,Historical,222270,0,0,D,3,1,836083,99,2008,27,0,0
32969,Historical,366199,1,1,D,1,0,2798883,145,2000,22,62.95,18.98
32970,Historical,199203,1,2,D,0,0,1004591,105,2002,23,145.57,104.53
32971,Historical,292306,0,0,D,1,0,1173593,75.95,2005,19,149.51,62.04
32972,Historical,2648936,0,0,D,0,0,9993169,229.95,2002,11,102.94,105.49
32973,Historical,246357,0,0,D,0,0,1682434,83.95,2004,21,102.94,65.65
32974,Historical,3113841,0,0,D,0,0,8989347,405,2002,9,125.63,295.68
32975,Historical,699771,0,0,D,5,1,223713,95,2001,28,65.51,22.66
32976,Historical,479508,0,0,D,1,0,2967646,115,2005,18,6.62,100.4
32977,Historical,2860400,0,0,D,1,0,1114044,55,1994,25,0,20.29
32978,Historical,2360934,0,0,D,1,0,5347819,217.95,2004,7,216.49,117.68
32979,Historical,2649468,0,0,D,1,0,3029035,263.95,2005,20,56.62,47.07
32980,Historical,732701,1,4,D,7,1,1479506,38.95,2003,43,49.33,13.96
32981,Historical,914160,0,0,D,2,1,5136219,81,1996,21,33.98,45.23
32982,Historical,147687,1,2,D,19,1,216663,61.95,2011,35,29.98,32.99
32983,Historical,147551,0,0,D,18,1,487220,65.95,2008,63,29.98,13.44
32984,Historical,914498,0,0,D,3,1,445472,40.21,1986,44,27.84,40.23
32985,Historical,494168,0,0,D,1,0,688732,285.95,2005,31,59.18,32.31
32986,Historical,623446,0,0,D,1,0,876307,44.99,2011,51,23.81,23.94
32987,Historical,366496,0,0,D,1,0,612031,137.95,2006,34,35.49,32.98
32988,Historical,260009,0,0,D,2,1,362469,107,2008,110,103.73,27.98
32989,Historical,299132,1,1,D,1,0,581452,39.95,1999,38,39.92,12.94
32990,Historical,56003,0,0,D,2,1,856952,81.55,2008,22,77.23,80.02
32991,Historical,565937,1,4,D,2,1,818304,49.98,2008,33,77.23,31.1
32992,Historical,183686,1,1,D,6,1,74653,105.95,2008,150,42.07,13.93
32993,Historical,53685,1,1,D,6,1,121768,105.95,2008,146,23.4,8.98
32994,Historical,53686,0,0,D,5,1,789447,101.95,2004,129,23.4,8.99
32995,Historical,291751,0,0,D,6,1,402898,115.95,2009,92,22.86,12.57
32996,Historical,292196,0,0,D,5,1,140037,110.95,2005,115,22.86,9.24
32997,Historical,621199,0,0,D,2,1,1432577,46.5,2008,31,28.04,29.27
32998,Historical,126226,0,0,D,1,0,2706960,99.99,2003,13,88.22,64.63
32999,Historical,133374,0,0,D,9,1,98309,209.2,2011,51,50.88,83.99
33000,Historical,114304,0,0,D,0,0,4359664,56,2001,20,76.03,14.94
33001,Historical,58257,0,0,D,8,1,621451,110.6,2008,40,140.65,47.99
33003,Historical,884372,0,0,D,2,1,3634148,73.95,2007,10,18.97,110.11
33004,Historical,904810,0,0,D,0,0,4455756,58.95,2003,12,18.97,132.18
33005,Historical,142550,0,0,D,1,0,2881509,55,1998,21,39.64,19.48
33006,Historical,165641,0,0,D,2,1,1005880,148,2005,21,83.99,67.29
33007,Historical,874689,0,0,D,6,1,1276033,80.2,2005,18,81.84,61.94
33008,Historical,416484,0,0,D,6,1,920481,60.68,2005,37,81.84,45.65
33009,Historical,232792,1,1,D,4,1,520918,49.95,2007,49,31.45,16.47
33010,Historical,122621,0,0,D,0,0,41984,18,2001,75,51.24,12.11
33011,Historical,533497,1,2,D,18,1,51813,161.95,2012,113,70.15,68.99
33012,Historical,263856,0,0,D,0,0,3130065,2.99,2003,18,73.98,16.44
33013,Historical,2674906,1,2,D,2,1,2239832,95.13,1977,38,41.01,73.73
33014,Historical,600614,0,0,D,6,1,886593,31,2009,23,48.24,19.78
33015,Historical,397173,0,0,D,2,1,4207128,172.95,2008,18,10.45,48.47
33016,Historical,147586,0,0,D,5,1,143906,61.95,2009,193,29.32,24.98
33017,Historical,529513,0,0,D,4,1,53920,63.95,2010,114,47.68,14.99
33018,Historical,147458,0,0,D,3,1,398141,67.95,2007,27,30.04,63.99
33019,Historical,53599,0,0,D,11,1,188454,160.46,2009,68,61.99,13.99
33020,Historical,53598,0,0,D,10,1,56190,28.89,2005,91,61.99,29.3
33021,Historical,2251084,1,1,D,2,1,6927971,48.8,2009,32,86.23,46.65
33022,Historical,55465,0,0,D,2,1,506226,33.49,2009,98,86.23,27.98
33023,Historical,55464,1,1,D,0,0,1595070,69.5,2005,50,86.23,30.3
33024,Historical,2517900,1,1,D,0,0,3843694,24.36,1990,21,96.82,16.94
33025,Historical,182420,0,0,D,4,1,1477410,124.95,2000,74,28.18,5.39
33026,Historical,54805,0,0,D,5,1,105147,158.95,2004,132,28.18,23.95
33027,Historical,461871,1,2,D,6,1,538180,143.95,2008,71,79.73,50.71
33028,Historical,2391523,1,1,D,7,1,2285389,88,1999,23,44.92,66.35
33029,Historical,450430,1,2,D,2,1,748768,172.95,2007,53,134.72,10.3
33030,Historical,125704,0,0,D,0,0,3612601,59.95,1997,44,10.31,8.99
33031,Historical,114199,0,0,D,8,1,5199796,90.2,2001,24,23.94,19.69
33032,Historical,878131,0,0,D,8,1,1653507,79.71,2009,43,72.99,44.84
33033,Historical,53898,0,0,D,8,1,66082,37.99,2009,69,72.99,37.41
33034,Historical,53896,0,0,D,6,1,981836,109.25,2004,44,72.99,13.97
33035,Historical,213237,0,0,D,2,1,2552156,169.95,2007,17,100.73,114.1
33036,Historical,108534,1,1,D,5,1,383152,19.7,2005,44,165.61,18.37
33037,Historical,921165,0,0,D,1,0,2750496,43.4,2008,59,102.16,7.18
33038,Historical,920529,0,0,D,1,0,1921905,43.4,2008,71,102.16,18.99
33039,Historical,115138,1,1,D,1,0,2223700,35.4,2007,26,7.53,16.94
33040,Historical,322731,1,9,D,1,0,1126943,123.2,2008,52,88.99,9.95
33043,Historical,900632,0,0,D,2,1,5391063,0,2005,13,50.23,20.02
33044,Historical,914372,0,0,D,1,0,942859,59.95,2008,62,15.8,15.98
33045,Historical,906105,0,0,D,0,0,2809960,99,1980,25,15.98,74.63
33046,Historical,3608179,0,0,D,0,0,1647882,79.95,2002,22,0,73.98
33047,Historical,1625715,0,0,D,1,0,430634,95,2014,15,0,65.18
33048,Historical,912228,0,0,D,2,1,5677351,115.95,1994,30,118.74,102.65
33049,Historical,906065,0,0,D,0,0,3921491,49.95,2008,17,33.41,44.51
33050,Historical,279176,0,0,D,2,1,928770,49.95,2011,27,33.41,37.49
33051,Historical,54348,0,0,D,2,1,690440,116,2004,147,102.15,8.94
33052,Historical,829447,0,0,D,1,0,1216781,52,1996,43,27.97,6.2
33053,Historical,2934139,1,2,D,1,0,2102104,19.95,2005,19,0,20.83
33054,Historical,2647106,0,0,D,1,0,2055263,57.95,2002,16,23.98,37.99
33055,Historical,51249,1,3,D,3,1,381251,112,2006,70,89.97,12.94
33056,Historical,1632796,0,0,D,5,1,6571131,67.95,2006,14,43.99,24.75
33057,Historical,1508392,0,0,D,0,0,63962,13,2013,28,25.43,8.82
33058,Historical,1508394,0,0,D,0,0,332775,13,2012,37,25.43,8.21
33059,Historical,196672,0,0,D,2,1,1346888,56.95,2003,42,4,39.91
33060,Historical,910594,0,0,D,0,0,4212549,41.95,1998,22,4,7.99
33061,Historical,248384,0,0,D,7,1,943434,176.95,2006,55,36.15,42.57
33062,Historical,802481,0,0,D,6,1,5537510,0,2004,12,36.15,52.05
33063,Historical,124014,1,2,D,6,1,1337407,186.95,2003,51,36.15,12.94
33065,Historical,246298,0,0,D,3,1,602668,109.95,2004,64,73.34,40.99
33066,Historical,915113,0,0,D,0,0,3679406,30.95,2002,21,27.58,7.98
33067,Historical,627656,0,0,D,6,1,1595175,120,2002,35,10.51,23.05
33068,Historical,2647502,0,0,D,0,0,9116820,25.95,1993,20,31.98,33.94
33069,Historical,449339,0,0,D,4,1,512732,90,2006,46,59.36,56.06
33070,Historical,258477,0,0,D,0,0,57898,75,2011,15,0,0
33071,Historical,556290,0,0,D,2,1,2003621,110,2005,10,89.94,84.98
33072,Historical,1585867,0,0,D,1,0,1325784,69.99,2012,16,0,31.88
33073,Historical,621272,1,1,D,6,1,1301910,216,2010,29,206.97,133.85
33074,Historical,57047,1,1,D,8,1,999308,176.95,2009,66,66.03,6.48
33075,Historical,57049,0,0,D,7,1,1746663,199.95,2008,44,66.03,28.98
33076,Historical,300882,0,0,D,1,0,1686816,60,1998,34,53.89,46.66
33077,Historical,169322,1,5,D,3,1,127736,146.95,2006,89,55.94,8.34
33078,Historical,535390,1,1,D,16,1,59117,115.95,2013,95,80.36,54.04
33079,Historical,716428,1,2,D,0,0,3256697,133.8,2007,17,118.71,133.52
33080,Historical,621425,0,0,D,4,1,1220343,59.99,2006,44,4.33,17.45
33081,Historical,2585633,0,0,D,1,0,172784,115,1993,53,82.14,20.99
33082,Historical,625064,0,0,D,1,0,1046456,68.99,2008,20,36.04,22.98
33083,Historical,899391,0,0,D,0,0,2651134,130,2007,18,66.94,102.33
33084,Historical,2781805,0,0,D,1,0,2772582,75,1993,50,47.44,16.49
33085,Historical,528804,0,0,D,4,1,198089,99.95,2012,26,64.98,53.98
33086,Historical,182738,0,0,D,1,0,1459712,136.95,2008,24,46.14,11.1
33087,Historical,2162436,0,0,D,1,0,952045,44.99,2011,36,0,13.71
33088,Historical,528785,0,0,D,3,1,195156,84,2010,52,53.99,33.98
33089,Historical,2784764,1,1,D,2,1,1220389,40,1981,43,28.77,59.51
33090,Historical,545230,0,0,D,1,0,355961,89.95,2009,25,0,19.98
33091,Historical,2106970,0,0,D,0,0,1358269,29.99,2014,10,0,19.96
33092,Historical,718595,0,0,D,0,0,4635579,54.95,1998,23,18.99,13.99
33093,Historical,620902,1,1,D,0,0,663636,39.95,2002,38,24.17,33.99
33094,Historical,184647,0,0,D,1,0,911423,37.95,2000,24,39.98,48.24
33095,Historical,225679,0,0,D,1,0,3154275,59.95,2000,11,56.93,72.51
33096,Historical,541885,0,0,D,1,0,2213730,105,1997,23,37.91,42.98
33097,Historical,278179,0,0,D,4,1,233837,42,2006,81,26.99,23.89
33098,Historical,760267,0,0,D,2,1,578706,125,2005,30,97.35,34.19
33099,Historical,2570182,1,1,D,1,0,2344124,95,1992,30,97.35,18.34
33100,Historical,288287,1,22,D,1,0,183170,70.93,2007,97,62.41,18.82
33101,Historical,880021,1,3,D,9,1,847699,35.08,2010,47,37.49,32.04
33102,Historical,51522,1,6,D,9,1,17512,82.95,2010,320,37.49,18.99
33103,Historical,51520,1,6,D,8,1,34643,72.95,2007,365,37.49,15.99
33104,Historical,2531826,0,0,D,1,0,3717782,49.95,1997,16,43.56,66.38
33105,Historical,2253101,0,0,D,8,1,6103785,57.9,2008,35,98.99,89.2
33106,Historical,52721,1,4,D,7,1,70881,14.96,2004,102,98.99,13.84
33107,Historical,727508,0,0,D,0,0,2533447,49.99,1999,25,0,0
33108,Historical,268776,0,0,D,3,1,899638,100,2006,34,53.32,81.07
33109,Historical,143030,0,0,D,7,1,1620064,33,2005,11,0,53.98
33110,Historical,143443,0,0,D,6,1,4958784,86,2002,15,9.54,33.98
33111,Historical,2603652,0,0,D,0,0,4350950,89,2005,26,50.29,38.94
33112,Historical,1589928,0,0,D,2,1,1265706,99,2008,20,50.29,61.62
33113,Historical,175933,0,0,D,1,0,377927,105,2010,14,0,0
33114,Historical,300396,0,0,D,2,1,3155002,194,2006,13,127.82,31.67
33115,Historical,288473,0,0,D,3,1,2212302,194,2010,27,51.06,10.32
33116,Historical,270074,0,0,D,1,0,983948,180,2009,18,93.23,52.19
33117,Historical,202329,0,0,D,3,1,3991182,172.95,2001,31,47.36,9.23
33118,Historical,2473080,1,2,D,2,1,9176450,0,1987,19,43.98,55.89
33119,Historical,58224,0,0,D,5,1,2618785,125,2005,33,93.59,25.98
33120,Historical,896226,0,0,D,5,1,6132466,0,2005,15,78.94,18.97
33121,Historical,2470982,0,0,D,5,1,3113780,55.4,1994,24,49.72,55
33122,Historical,293200,1,1,D,1,0,5834488,72,2004,16,34.49,5.63
33123,Historical,143228,0,0,D,6,1,1693198,128,2008,27,60.88,121.67
33124,Historical,260027,0,0,D,5,1,819729,156.75,2007,67,104.36,34.34
33125,Historical,259992,0,0,D,4,1,1684998,110,2004,38,104.36,13.99
33126,Historical,53754,0,0,D,4,1,284991,96,2007,136,57.74,67.41
33127,Historical,874362,1,1,D,4,1,4468921,125,2006,15,57.74,56.28
33128,Historical,560343,0,0,D,1,0,3091732,160,2009,25,43.48,14.74
33129,Historical,229179,0,0,D,2,1,932748,84.95,2009,69,69.7,12.12
33130,Historical,265860,0,0,D,8,1,1810243,168,2002,27,13.99,6.99
33131,Historical,143009,0,0,D,5,1,3360306,58.5,2005,11,46.84,103.94
33132,Historical,60974,1,2,D,3,1,1076386,288.95,2004,53,78.62,95.24
33133,Historical,1468260,0,0,D,2,1,9617276,302.5,2008,15,156.21,91.44
33134,Historical,1472100,0,0,D,6,1,6641744,75,2008,25,41.99,43.99
33135,Historical,665785,0,0,D,8,1,2506533,55,2012,20,41.99,54.81
33136,Historical,51023,1,5,D,4,1,268495,354.95,2007,80,140.37,33.93
33137,Historical,51022,0,0,D,3,1,479763,389.95,2005,82,140.37,9.98
33138,Historical,258558,0,0,D,1,0,162454,16.99,1999,138,78.99,6.94
33139,Historical,170143,0,0,D,11,1,113383,97.95,2011,70,61.99,74.08
33140,Historical,51770,0,0,D,15,1,92204,31.84,2009,141,198.24,16.06
33141,Historical,51768,1,1,D,14,1,1298304,15.92,2006,85,198.24,15.92
33142,Historical,178418,0,0,D,4,1,1139070,177.6,2008,41,72.35,47.97
33143,Historical,52050,0,0,D,10,1,53685,412.95,2008,32,167.98,137.13
33144,Historical,905873,1,1,D,1,0,2666774,0,2010,15,182.98,238.99
33145,Historical,52052,1,1,D,9,1,1302567,234.95,2005,62,167.98,5.41
33146,Historical,148659,0,0,D,6,1,111731,329.95,2008,83,181.35,32.49
33147,Historical,60975,0,0,D,5,1,1812430,370.95,2006,68,181.35,6.98
33148,Historical,193411,0,0,D,4,1,2258148,91.95,2005,33,191.48,10.98
33149,Historical,690390,0,0,D,4,1,41635,20,2006,16,0,0
33150,Historical,661603,0,0,D,2,1,1162562,43,2009,23,4,30.36
33151,Historical,193686,1,2,D,5,1,611584,120,2010,80,89.98,13.2
33152,Historical,508788,0,0,D,4,1,1740227,0,2002,19,100.22,129.06
33153,Historical,222345,0,0,D,4,1,2550291,40,2002,21,40.59,68.21
33154,Historical,55563,1,3,D,2,1,345912,113.4,2005,82,130.94,14.77
33155,Historical,3485295,0,0,D,1,0,1297631,39.99,2006,23,0,8.97
33156,Historical,592467,0,0,D,5,1,115085,221.95,2007,69,14.89,25.91
33157,Historical,743319,0,0,D,4,1,3231146,52,2002,17,63.48,33.99
33158,Historical,665242,0,0,D,7,1,58911,26.98,2012,30,24.01,28.61
33159,Historical,53750,1,4,D,11,1,43609,100,2009,199,82.93,28.88
33160,Historical,145146,1,2,D,10,1,2066964,81.2,2005,45,42.25,7.48
33161,Historical,739513,0,0,D,9,1,2121821,63.8,2002,39,42.25,23.97
33162,Historical,1481772,0,0,D,11,1,878114,80.6,2008,65,100.81,16.31
33163,Historical,740007,0,0,D,9,1,4359743,54,2003,26,15.72,45.43
33164,Historical,741023,0,0,D,8,1,1753355,27.4,2008,30,24.24,49.91
33165,Historical,2227649,0,0,D,0,0,5063001,0,2008,4,0,24.19
33166,Historical,533510,1,1,D,3,1,107271,40.6,2011,56,27.97,23.99
33167,Historical,153801,1,2,D,0,0,8403,25,2011,154,21.5,8.98
33168,Historical,2343336,1,1,D,0,0,1783706,91.25,1990,20,21.99,51.97
33169,Historical,53552,0,0,D,6,1,844993,9.99,2009,97,97,29.95
33170,Historical,876165,1,1,D,3,1,546221,78.43,1997,58,108.99,8.98
33171,Historical,631685,1,1,D,0,0,1015489,51,2008,26,41.87,13.98
33172,Historical,271017,1,11,D,5,1,253395,96,2011,140,68.77,7.99
33173,Historical,715381,0,0,D,1,0,1645609,69.99,2011,14,0,103.09
33175,Historical,145170,0,0,D,3,1,2351139,79.4,2006,31,53.26,58.43
33176,Historical,145171,0,0,D,3,1,319278,79.4,2006,29,8.49,60.28
33177,Historical,144359,0,0,D,2,1,3961469,79.6,2002,26,8.49,73.23
33178,Historical,739774,0,0,D,2,1,2183158,82.8,2002,11,53.99,26.69
33179,Historical,53733,0,0,D,0,0,1004297,112,2004,18,46.78,92.77
33180,Historical,145547,1,1,D,1,0,3157925,42,2006,35,25.7,14.23
33181,Historical,2475815,0,0,D,1,0,9978891,15,2002,23,31.22,44.46
33182,Historical,872583,0,0,D,2,1,2649861,30.8,2005,29,31.22,10.44
33183,Historical,56146,0,0,D,8,1,176960,63,2007,55,52.22,13.95
33184,Historical,56143,1,1,D,9,1,1039046,75,2010,76,52.22,19.94
33185,Historical,56138,1,3,D,9,1,377149,81.2,2009,106,70.78,40.59
33186,Historical,133358,0,0,D,8,1,177457,114.6,2010,82,73.61,10.94
33187,Historical,287647,0,0,D,8,1,127758,119.8,2010,147,64.08,18.99
33189,Historical,2837827,0,0,D,1,0,3093103,48.95,1999,14,43.91,23.98
33190,Historical,111477,1,1,D,13,1,26562,276.25,2012,101,58.98,68.74
33191,Historical,50037,1,1,D,11,1,117209,28.99,2007,75,58.98,27.91
33192,Historical,50038,0,0,D,12,1,79724,48.99,2009,100,58.98,41.48
33193,Historical,914514,0,0,D,1,0,1298796,45.99,1989,36,44.15,46.53
33194,Historical,135622,0,0,D,1,0,1486404,48.95,2008,21,35.2,36.76
33196,Historical,52779,0,0,D,3,1,190757,53.79,2008,51,53.99,12.59
33197,Historical,52778,0,0,D,2,1,1280044,30.98,2004,49,53.99,30.74
33198,Historical,141862,0,0,D,3,1,349685,43.99,2008,65,52.95,43.98
33199,Historical,52777,0,0,D,3,1,59676,78.89,2008,63,39.51,32.98
33200,Historical,2722807,0,0,D,1,0,4129165,59,2004,13,23.55,38.88
33201,Historical,336329,0,0,D,1,0,3154894,59.95,2001,15,33.12,71.21
33202,Historical,336715,0,0,D,2,1,1183881,62.95,2006,22,33.12,55.25
33203,Historical,147902,0,0,D,1,0,1263350,160.95,2006,26,58.97,16.89
33204,Historical,554126,0,0,D,1,0,2661942,85,2000,35,49.89,25.32
33205,Historical,537815,0,0,D,4,1,8625021,0,1995,23,76.24,53.63
33206,Historical,289556,0,0,D,1,0,2219482,307.95,2003,35,11.44,6.95
33207,Historical,148517,1,7,D,7,1,781865,350.95,2007,38,150.83,32.88
33208,Historical,635382,0,0,D,0,0,230793,53.95,2001,71,49.09,38.26
33209,Historical,448493,0,0,D,1,0,3347809,115,2000,19,54.62,44.59
33210,Historical,566367,1,1,D,2,1,4459376,74.38,1997,27,22.28,46.09
33211,Historical,759449,0,0,D,3,1,4457844,23.9,2000,18,22.28,23.84
33212,Historical,204151,0,0,D,1,0,865746,69.99,2006,69,30.64,17.99
33213,Historical,60980,1,3,D,10,1,369781,184.95,2007,111,115.41,35.97
33214,Historical,177977,1,1,D,11,1,36906,271.95,2010,93,115.41,49.99
33215,Historical,2664556,0,0,D,1,0,3605590,39.95,2000,22,25.9,19.98
33216,Historical,2750428,0,0,D,0,0,2014010,199,1994,13,143.89,63.55
33217,Historical,610111,0,0,D,1,0,832606,14.95,2011,30,43.73,10.24
33219,Historical,2502232,0,0,D,0,0,1133356,109,2004,30,73.99,40.15
33220,Historical,617324,0,0,D,0,0,976933,99,1995,50,0,23.97
33221,Historical,3608725,0,0,D,0,0,1024744,31.99,1996,27,0,25.03
33222,Historical,248150,0,0,D,6,1,489731,56,2010,98,34.3,12.39
33223,Historical,54304,0,0,D,5,1,166956,45.95,2007,86,34.3,10.97
33224,Historical,54597,0,0,D,11,1,197658,132,2010,197,65.98,45.45
33225,Historical,2259317,1,4,D,11,1,70458,76.74,2010,48,0,47.47
33226,Historical,54598,1,1,D,10,1,730430,73.26,2007,173,65.98,30.4
33227,Historical,294153,0,0,D,4,1,2107618,64.95,2006,19,33.64,18.79
33228,Historical,55559,0,0,D,5,1,159281,16.94,2008,87,113.91,20.44
33229,Historical,55561,1,1,D,4,1,446326,13.33,2006,67,113.91,14.99
33230,Historical,3783337,0,0,D,1,0,1674289,49.95,2002,39,0,13.62
33231,Historical,276866,0,0,D,2,1,1121680,59.95,2003,18,63.86,105.56
33232,Historical,882131,1,1,D,13,1,2624268,69.95,1994,17,161.15,148.67
33233,Historical,55076,0,0,D,3,1,409483,60,2003,69,47.87,32.85
33234,Historical,564312,0,0,D,1,0,1217747,39.95,1993,46,18.06,33.96
33235,Historical,2387355,1,3,D,0,0,4539540,0,1991,10,183.62,85.41
33236,Historical,236643,1,1,D,18,1,103411,65,2006,76,61.19,30.99
33237,Historical,60982,0,0,D,17,1,173322,40,1999,120,61.19,16.98
33238,Historical,262428,0,0,D,3,1,16736,29.99,2008,123,30.97,14.75
33239,Historical,748637,0,0,D,1,0,4682242,145,2005,12,105.33,63.89
33240,Historical,2867298,0,0,D,0,0,1596553,25,2004,16,83.99,116.27
33241,Historical,111478,1,1,D,13,1,34785,259.25,2012,78,40.35,48.99
33242,Historical,50295,0,0,D,11,1,500985,13.98,2007,75,40.35,13.97
33243,Historical,107521,0,0,D,6,1,413370,102.35,2003,49,53.99,22.51
33244,Historical,157637,0,0,D,1,0,1188967,49.95,2008,41,30.15,20.14
33245,Historical,2599140,0,0,D,1,0,703884,36.99,1991,41,43.35,47.78
33246,Historical,897695,0,0,D,1,0,2302087,45.99,2003,12,44.89,673.13
33247,Historical,884051,0,0,D,0,0,523587,149.95,2006,12,97.48,112.5
33248,Historical,3621298,0,0,D,0,0,142767,18.95,2004,18,0,122.45
33249,Historical,915051,0,0,D,1,0,565233,49.95,2002,23,33.99,14.95
33250,Historical,60983,1,1,D,6,1,416372,82.67,1996,38,63.98,30.61
33251,Historical,157533,1,2,D,1,0,601423,49.95,2008,55,103.99,44.09
33252,Historical,217198,0,0,D,2,1,2131662,45,2003,54,34.27,5
33253,Historical,143186,0,0,D,2,1,1576594,172,2008,42,18.93,10.24
33254,Historical,54802,0,0,D,3,1,30803,49.95,2011,84,51.31,28.96
33255,Historical,54801,1,2,D,2,1,105097,49.95,2007,74,51.31,26.29
33256,Historical,872486,0,0,D,4,1,4547040,60.95,2004,25,45.44,10.86
33257,Historical,828874,0,0,D,4,1,2482108,49.95,1997,32,26.69,36.45
33258,Historical,50499,1,2,D,6,1,189827,28.26,2008,143,78.47,22.94
33259,Historical,147529,0,0,D,1,0,486821,71.95,2008,50,53.98,59.95
33260,Historical,147608,0,0,D,3,1,32286,74.95,2009,54,44,58.99
33261,Historical,147118,1,1,D,2,1,479658,61.95,2005,44,44,9.98
33262,Historical,3039976,0,0,D,0,0,845089,37.95,2004,24,35.68,22.19
33263,Historical,542799,0,0,D,2,1,502945,112.3,2010,74,12.4,10.24
33264,Historical,1657616,1,2,D,1,0,2619980,97.95,2009,19,12.4,53.25
33265,Historical,527806,0,0,D,2,1,43749,61.25,2010,57,67.91,35.98
33266,Historical,924210,0,0,D,0,0,227480,6.65,2005,31,43.9,18.28
33267,Historical,206321,0,0,D,2,1,692915,68.95,2004,28,0,0
33268,Historical,912506,0,0,D,2,1,601438,105,1988,42,58.98,45.35
33269,Historical,608974,0,0,D,6,1,9037574,63.95,2001,13,41.19,49.27
33270,Historical,199892,1,1,D,7,1,1863597,96.95,2003,52,41.19,14.19
33271,Historical,286234,0,0,D,14,1,39248,221.4,2007,53,87.97,83.98
33272,Historical,907769,0,0,D,2,1,14815935,24.95,1990,13,47.75,23.94
33273,Historical,907578,0,0,D,3,1,1640619,37.5,1999,29,47.75,46.01
33274,Historical,169358,1,1,D,2,1,1265815,168.95,2006,29,73.87,46.03
33275,Historical,203725,0,0,D,0,0,1002579,69.95,2006,34,42.63,69.24
33276,Historical,204062,1,2,D,1,0,449536,83.99,2007,60,42.63,18.32
33277,Historical,2722276,0,0,D,1,0,4504387,133,2004,14,18.78,105.73
33278,Historical,582288,0,0,D,2,1,2081239,65,2000,19,0,4.01
33279,Historical,909957,0,0,D,4,1,96254,75,2013,27,47.99,72.99
33280,Historical,657927,0,0,D,4,1,120879,111.8,2013,26,54.05,98.94
33281,Historical,2665016,0,0,D,0,0,82818,25,1999,137,17.42,22.94
33282,Historical,2896087,0,0,D,1,0,1089589,99.95,1986,27,11.6,27.93
33283,Historical,533509,1,1,D,6,1,14510,127.95,2012,105,102.86,33.18
33284,Historical,231588,0,0,D,1,0,522899,87.95,2008,25,56.74,78.01
33285,Historical,203894,1,1,D,1,0,232556,95.99,2007,24,80.58,19.91
33286,Historical,625201,0,0,D,0,0,990956,37.5,2003,23,51.48,81.21
33287,Historical,757644,0,0,D,1,0,1372938,115,2003,19,43.03,11.81
33288,Historical,446017,0,0,D,2,1,1671118,135,2007,46,43.03,23.69
33289,Historical,2527030,0,0,D,1,0,3789344,69.95,1973,26,45.29,69.27
33290,Historical,870185,0,0,D,1,0,1619375,151,2000,23,68.55,69.95
33291,Historical,247608,0,0,D,1,0,470643,131,2004,25,68.55,60.32
33292,Historical,126920,0,0,D,4,1,550739,45,2003,42,19.95,23.98
33293,Historical,170183,1,1,D,4,1,205273,128.95,2011,155,71.5,18.49
33294,Historical,462043,0,0,D,3,1,1396401,135.95,2008,74,71.5,62.51
33295,Historical,851783,1,1,D,0,0,941555,52.99,2000,13,30.13,33.16
33296,Historical,618689,0,0,D,1,0,87113,98.2,1989,61,24.99,57.36
33297,Historical,2551018,0,0,D,1,0,4003583,46.95,2000,24,16.8,79.95
33298,Historical,177828,0,0,D,6,1,717966,217.95,2006,50,114.01,20.13
33299,Historical,913392,0,0,D,0,0,2228541,98.95,2007,23,42.35,7.98
33300,Historical,201747,1,1,D,2,1,1519079,34.95,2007,24,42.35,13.98
33301,Historical,364971,0,0,D,4,1,1539633,70,2008,15,49.95,69.68
33302,Historical,127192,1,2,D,4,1,507395,64.95,2007,62,64.99,54.48
33303,Historical,110775,0,0,D,7,1,159859,47.74,2011,55,51.52,32.98
33304,Historical,54899,0,0,D,6,1,181546,68.91,2008,55,51.52,43.49
33305,Historical,482067,0,0,D,4,1,77991,50,2010,122,42.66,22.44
33306,Historical,919039,0,0,D,3,1,2122557,45,2006,41,42.66,15.94
33307,Historical,247537,1,1,D,1,0,1033613,68,2005,29,34.31,16.25
33308,Historical,55460,0,0,D,3,1,111100,146.95,2010,105,30.24,24.98
33309,Historical,55459,0,0,D,2,1,1483480,140.95,2007,82,30.24,7.39
33310,Historical,60985,1,2,D,14,1,663971,159.95,2003,42,142.89,33.98
33311,Historical,224336,0,0,D,3,1,774828,32.95,1999,36,0,0
33312,Historical,57650,0,0,D,6,1,206059,43.98,2007,41,84.63,36.97
33313,Historical,57649,0,0,D,5,1,1067742,8.87,2001,36,84.63,9.99
33314,Historical,1469370,0,0,D,1,0,4662358,130,2009,8,133.82,32.13
33315,Historical,2563833,0,0,D,1,0,2089029,120,1997,24,51.18,83.01
33316,Historical,642674,0,0,D,0,0,3073504,40,1989,23,42.52,25.88
33317,Historical,3068142,0,0,D,2,1,4008934,32.95,1999,35,0,6.49
33318,Historical,154150,0,0,D,0,0,100629,68.75,1996,68,53.98,20.11
33319,Historical,153973,1,1,D,7,1,74091,123.28,2007,171,61.16,57.23
33320,Historical,153971,1,4,D,7,1,29919,27.98,2007,131,28.44,23.97
33321,Historical,53765,1,10,D,7,1,277382,13.94,2007,252,21.54,13.26
33322,Historical,153613,1,4,D,0,0,637054,65,2005,15,0,80
33323,Historical,154031,1,1,D,1,0,106414,27.98,2009,75,60.01,21.98
33324,Historical,153933,0,0,D,8,1,206936,9.74,2006,19,9.69,14.99
33325,Historical,153931,0,0,D,8,1,73619,148.9,2006,127,39.88,20.93
33326,Historical,153930,0,0,D,8,1,140955,271.94,2006,44,39.88,48.36
33327,Historical,153935,0,0,D,8,1,347763,20.98,2005,15,0,0
33328,Historical,154309,1,1,D,7,1,553596,63.9,1999,59,6.11,15.9
33329,Historical,563820,0,0,D,7,1,1240703,62.5,1999,91,6.11,33.96
33330,Historical,153893,0,0,D,8,1,101951,17.35,2005,256,9.69,15.89
33331,Historical,153934,1,4,D,8,1,617061,23.98,2005,68,31.99,21.97
33332,Historical,541264,0,0,D,4,1,2045321,59.65,1996,97,34.34,15.64
33333,Historical,153868,1,3,D,7,1,24934,83.79,2006,139,55.92,16.99
33334,Historical,154019,1,3,D,2,1,161989,21.99,2009,22,43,15.97
33335,Historical,615352,1,10,D,3,1,15377,65.5,2013,112,53.29,18.83
33336,Historical,613342,0,0,D,2,1,506628,18.68,2009,169,37.74,11.98
33337,Historical,289423,1,1,D,9,1,451126,19.89,2005,128,42.29,13.94
33338,Historical,563632,1,12,D,11,1,6361,90.5,2012,112,48.77,28.99
33339,Historical,624652,1,3,D,11,1,15983,114,2013,75,48.77,77.53
33340,Historical,154387,0,0,D,8,1,2036187,58.5,2002,48,18.31,11.48
33341,Historical,334158,0,0,D,7,1,4584298,45.14,1998,38,18.31,27.99
33342,Historical,641431,0,0,D,0,0,66906,47.25,2010,15,36.99,23.94
33343,Historical,563834,1,2,D,12,1,497023,59.65,2003,110,37.6,19.72
33344,Historical,608156,1,2,D,6,1,952033,13.9,2003,63,35.96,13.88
33345,Historical,748041,0,0,D,8,1,1686522,50,1999,30,24.66,46.6
33346,Historical,54796,0,0,D,2,1,25725,83.5,2008,66,31.34,63.15
33347,Historical,2508314,0,0,D,3,1,814821,94.5,2015,5,0,89.05
33348,Historical,617391,0,0,D,2,1,143632,52.83,2008,66,69.97,36.3
33349,Historical,628852,0,0,D,1,0,404295,110,2006,24,105.24,74.77
33350,Historical,903159,0,0,D,0,0,4008012,8.9,2004,13,0,163.98
33351,Historical,2612173,0,0,D,2,1,1844819,43.99,2001,33,21.06,30.98
33352,Historical,185994,0,0,D,3,1,667970,44.99,2008,40,28.37,23.19
33353,Historical,2598234,0,0,D,2,1,5953071,52.99,1992,17,49.37,52.99
33354,Historical,1593678,0,0,D,1,0,7860892,125,2008,16,52.59,107.77
33355,Historical,178611,0,0,D,5,1,330024,127.95,2006,42,41.11,20.63
33356,Historical,3100066,0,0,D,2,1,3662227,149.95,2005,12,101.68,43.26
33357,Historical,106732,1,4,D,3,1,292663,36,2009,65,20.38,29.89
33358,Historical,873115,0,0,D,1,0,2904167,39.99,2009,17,25.65,13.76
33359,Historical,891207,0,0,D,0,0,49868,89.99,1996,18,123.95,56.05
33360,Historical,873318,0,0,D,2,1,1483206,471.23,2010,34,53.99,402.99
33361,Historical,127480,1,1,D,2,1,199251,72.95,2010,36,53.99,675
33362,Historical,202451,1,2,D,1,0,440298,43.99,2002,45,37.85,42.24
33363,Historical,126199,0,0,D,0,0,342794,69.95,2005,40,53.99,28.99
33364,Historical,57126,1,3,D,5,1,207810,59.95,2006,68,38.48,23.99
33365,Historical,183383,0,0,D,1,0,203218,68.95,2006,55,14.19,7.95
33366,Historical,288796,1,1,D,8,1,502054,99.95,2006,29,60.64,90.65
33367,Historical,830616,0,0,D,6,1,2407649,63,1994,21,60.64,70.37
33368,Historical,761015,0,0,D,1,0,1569739,85,2004,31,50.05,20.79
33369,Historical,53730,0,0,D,8,1,94906,13.98,2010,98,49.81,28.99
33370,Historical,873522,0,0,D,0,0,6391158,40,1999,20,31.31,11.5
33372,Historical,286762,0,0,D,5,1,511426,273.95,2004,37,123.99,61.27
33373,Historical,3482076,0,0,D,0,0,2034011,66,1983,27,0,12.93
33374,Historical,2614031,0,0,D,1,0,882360,155,2003,23,63.2,107.75
33375,Historical,192746,0,0,D,1,0,1616651,59.95,1999,35,144.96,63.27
33376,Historical,2006131,0,0,D,2,1,432401,48.95,2006,50,37.45,38.37
33377,Historical,1478089,0,0,D,1,0,213987,35,2011,25,63.98,26.25
33378,Historical,60986,0,0,D,8,1,1033165,84.4,2008,47,41.91,18.48
33379,Historical,126641,0,0,D,1,0,216836,40,2004,58,12.98,20.26
33380,Historical,124687,0,0,D,2,1,1051302,65,2006,60,26.8,28.99
33381,Historical,128771,0,0,D,1,0,1691218,170,2010,25,37.44,58.36
33382,Historical,126848,0,0,D,0,0,1453469,55,2005,13,63.32,73.89
33383,Historical,628084,0,0,D,0,0,2283576,65,2012,16,84,71.77
33384,Historical,902856,0,0,D,0,0,3109807,190,2010,17,84,93.2
33385,Historical,912191,0,0,D,3,1,4219498,70,2002,37,62.94,69.77
33386,Historical,126106,0,0,D,0,0,3432086,80,2001,15,40.06,79.87
33387,Historical,721716,0,0,D,0,0,1704934,50,2005,15,40.06,53.99
33388,Historical,724445,0,0,D,1,0,1504413,170,2012,15,0,18.61
33389,Historical,1468243,0,0,D,1,0,2184974,165,2011,15,0,72.73
33390,Historical,622168,0,0,D,3,1,2213519,35,1988,30,0,10.76
33391,Historical,2401483,0,0,D,0,0,2047043,155,2000,6,141.76,35.15
33392,Historical,2780056,0,0,D,0,0,2105124,85,1977,23,77.99,74.18
33394,Historical,127529,0,0,D,3,1,458273,57.95,2009,38,34.34,13.99
33395,Historical,613783,1,1,D,2,1,1859545,145.33,2007,36,118.08,11.05
33396,Historical,539372,1,1,D,4,1,46900,188,2013,30,78.68,90.06
33397,Historical,870237,0,0,D,1,0,773277,188.25,2008,44,36.95,37.98
33398,Historical,652890,0,0,D,1,0,2097234,51.15,2008,23,18.79,38.99
33399,Historical,616695,0,0,D,2,1,3593842,84.95,2007,19,48.67,4.36
33400,Historical,2745385,0,0,D,1,0,3358930,100.95,2001,23,48.67,21.76
33401,Historical,105890,1,1,D,1,0,1156117,58,2004,66,37.98,5.99
33402,Historical,165920,0,0,D,2,1,1122199,130,2004,44,67.35,12.72
33403,Historical,122942,0,0,D,4,1,113907,21,2000,95,0,0
33404,Historical,1460108,0,0,D,8,1,612417,30,2006,17,0,384.54
33405,Historical,123067,0,0,D,7,1,591537,26,2004,25,58.98,73.36
33406,Historical,129933,0,0,D,1,0,2595937,74.99,2001,34,20.92,8.48
33407,Historical,555849,0,0,D,3,1,2662227,55,2011,23,20.56,41.6
33408,Historical,555848,0,0,D,3,1,3496157,89.95,2008,29,20.56,15.97
33409,Historical,156830,0,0,D,0,0,2766850,54.95,2000,21,43.57,104.12
33410,Historical,449369,0,0,D,4,1,798681,114.89,2005,25,42.99,67.03
33411,Historical,205767,0,0,D,1,0,2498280,40,2001,23,11.53,9.99
33412,Historical,54029,0,0,D,11,1,555445,170,2005,78,68.59,69.02
33413,Historical,619787,1,1,D,2,1,548429,201.95,2010,47,116.84,53.99
33414,Historical,2270459,0,0,D,3,1,5239574,61.92,2010,44,60.99,52.88
33415,Historical,57401,1,1,D,2,1,1167100,122.4,2008,79,93.94,13.48
33416,Historical,115708,0,0,D,3,1,463750,58,2000,21,29.89,46.94
33417,Historical,285407,0,0,D,4,1,146798,23.93,2008,64,102.01,19.99
33418,Historical,2605507,0,0,D,0,0,1675070,24.99,1996,23,26.49,52.49
33419,Historical,2419163,0,0,D,0,0,4820128,60,2003,14,57.1,120.67
33420,Historical,896844,0,0,D,1,0,1526799,49.95,2008,31,33.66,50.51
33421,Historical,2613208,0,0,D,1,0,2666897,98.99,2003,17,172.64,70.75
33422,Historical,538515,1,7,D,15,1,13405,270.5,2013,77,65.45,20
33423,Historical,52000,0,0,D,14,1,245846,231.75,2011,81,65.45,49.27
33424,Historical,3467798,0,0,D,1,0,4684502,82.95,1999,19,0,58.13
33425,Historical,257626,0,0,D,3,1,482353,88,2006,11,10003.97,63.99
33426,Historical,627536,0,0,D,2,1,283981,69.99,2008,16,0,0
33427,Historical,60736,1,1,D,5,1,773688,43.97,2006,69,99.49,39.95
33428,Historical,543010,0,0,D,4,1,625422,231.99,2009,30,135.71,123.94
33429,Historical,203430,0,0,D,3,1,1010189,169,2003,37,135.71,63.98
33430,Historical,607361,0,0,D,2,1,1420156,96,1994,28,58.18,68.55
33431,Historical,2578230,0,0,D,3,1,9684794,0,1983,26,6.59,58.57
33432,Historical,577343,0,0,D,3,1,2747046,149,2002,22,47.68,23.99
33433,Historical,127032,0,0,D,3,1,811250,120,2006,43,78.56,43.73
33434,Historical,2575876,0,0,D,1,0,11905258,0,1985,19,28.69,19.99
33435,Historical,3022029,1,1,D,2,1,1029613,34.95,1998,27,0,30.79
33436,Historical,2649960,0,0,D,2,1,5506728,359.95,2002,10,86.29,110.11
33437,Historical,2703745,0,0,D,1,0,2304641,50.25,2005,13,118.54,66.99
33438,Historical,1657369,0,0,D,2,1,1038217,58.38,2007,17,118.54,54.24
33439,Historical,2598525,0,0,D,2,1,3126511,100.99,1997,22,78.99,20.94
33440,Historical,874090,0,0,D,0,0,1521741,74.95,2004,34,50.99,49.01
33441,Historical,242843,0,0,D,3,1,1218600,79.95,2005,48,50.99,15.29
33442,Historical,911832,1,1,D,1,0,1504984,32.95,2007,29,28.83,13.93
33443,Historical,108702,0,0,D,5,1,2788578,111.25,2004,20,148.99,85.3
33444,Historical,3590359,0,0,D,2,1,3225656,41,2001,25,0,42.49
33445,Historical,154018,1,5,D,6,1,172247,19.98,2010,69,64.8,16.98
33446,Historical,2257212,0,0,D,6,1,4617853,88.94,2009,36,0,76.56
33447,Historical,270647,1,1,D,6,1,394137,58,2009,56,26.95,36.69
33448,Historical,271036,0,0,D,5,1,336092,115,2011,91,87.62,23.99
33449,Historical,260115,0,0,D,3,1,2114000,74.95,2005,35,87.62,9.99
33450,Historical,169973,0,0,D,5,1,473419,202.95,2010,30,74.86,41.99
33451,Historical,169179,0,0,D,4,1,1056170,213.95,2006,61,74.86,30.89
33452,Historical,126004,0,0,D,0,0,57282,29.95,2004,55,31.74,10
33453,Historical,127397,1,1,D,2,1,238630,42.95,2008,101,31.74,12.99
33455,Historical,559522,0,0,D,0,0,1837133,109,2003,42,72.19,13.99
33456,Historical,920098,0,0,D,1,0,2585821,40.95,2001,48,18.75,12.92
33458,Historical,178126,0,0,D,2,1,215663,156.95,2008,54,53.94,34.94
33459,Historical,56367,1,2,D,3,1,173833,82.95,2009,67,55.29,50.99
33460,Historical,205530,0,0,D,1,0,715153,42.95,1996,34,27.92,18.97
33462,Historical,60988,0,0,D,3,1,130246,43.95,2004,46,75.81,44.48
33463,Historical,110432,0,0,D,4,1,43639,48.99,2008,64,75.81,55.14
33465,Historical,872537,0,0,D,2,1,704338,112.95,2006,54,60.1,12.48
33466,Historical,135613,0,0,D,3,1,1177281,46.95,2007,30,29.49,49.98
33467,Historical,225810,0,0,D,1,0,1221889,132.95,2003,27,76.34,29.46
33468,Historical,123967,0,0,D,2,1,369414,131.95,2001,78,34.69,16.48
33469,Historical,110376,1,2,D,5,1,36146,14.99,2010,97,72.03,23.96
33470,Historical,55553,0,0,D,5,1,146422,42.78,2010,97,72.03,22.42
33471,Historical,248444,0,0,D,7,1,961222,124.95,2007,37,52.95,59.24
33472,Historical,120833,0,0,D,1,0,476721,102,2010,29,76.49,63.86
33473,Historical,141776,1,2,D,1,0,172591,16.94,2007,60,44.49,19.99
33474,Historical,230618,1,1,D,0,0,575198,49.95,1996,34,32.12,33.99
33475,Historical,181291,1,1,D,3,1,629168,59.13,2001,51,38.97,35.99
33476,Historical,764726,0,0,D,3,1,2121993,90.95,2003,28,43.13,10.62
33477,Historical,177660,0,0,D,3,1,293092,254.95,2005,90,118.99,15.99
33478,Historical,1491989,0,0,D,2,1,6041884,57.33,2006,15,80.32,94.11
33479,Historical,193377,1,1,D,0,0,951801,80,2008,18,20.13,10.77
33480,Historical,904575,0,0,D,2,1,4126082,260,2003,20,160.79,84.05
33481,Historical,146948,0,0,D,9,1,2701291,39.95,2001,36,15.94,11.92
33482,Historical,539457,1,6,D,12,1,16499,192,2013,76,123.99,116.25
33483,Historical,199218,1,1,D,1,0,1134693,63.95,2005,25,61.94,17.99
33484,Historical,527040,0,0,D,2,1,118691,92,2010,41,61.94,65.88
33485,Historical,545862,1,3,D,5,1,31310,136,2013,68,79.26,72.33
33486,Historical,247573,1,1,D,0,0,1810830,87.95,2005,43,40.99,45.57
33487,Historical,545809,0,0,D,3,1,165915,145,2012,81,40.99,83.83
33488,Historical,52059,0,0,D,11,1,213142,170.95,2006,119,166.99,13.99
33489,Historical,169904,0,0,D,9,1,863348,108.95,2009,24,402.13,152.19
33490,Historical,252618,1,3,D,1,0,808918,19.18,2008,72,116.38,12.82
33491,Historical,644009,0,0,D,0,0,136082,119,2008,23,96.78,88.06
33492,Historical,918797,1,1,D,2,1,558790,83.8,2006,46,162.53,23.94
33493,Historical,56193,0,0,D,9,1,726014,110.6,2010,58,51.2,22.49
33495,Historical,229185,0,0,D,9,1,279345,76,2009,53,53.94,11.98
33496,Historical,637275,0,0,D,2,1,906688,44.95,2006,25,30.88,23.6
33497,Historical,903460,0,0,D,1,0,5921031,91,1994,23,81.31,66.68
33498,Historical,765782,0,0,D,1,0,244603,238.95,2005,35,81.31,38.94
33499,Historical,61214,1,1,D,5,1,726612,185.95,2005,44,125.65,41.62
33500,Historical,3219048,0,0,D,12,1,199741,123.38,1973,27,31.52,82.65
33501,Historical,1729979,1,1,D,1,0,1049971,85,2006,17,63.06,18.29
33502,Historical,624107,0,0,D,2,1,2467714,59.95,2001,25,63.49,39.72
33503,Historical,193612,0,0,D,7,1,662115,75,2008,121,33.98,11.99
33504,Historical,293187,0,0,D,6,1,2509605,61,2004,65,33.98,4.88
33505,Historical,58283,0,0,D,8,1,42251,34.09,2010,58,90.84,21.89
33506,Historical,298303,0,0,D,1,0,3726085,97.95,2009,12,51.33,8.94
33507,Historical,247984,1,3,D,1,0,344708,74,2009,85,51.33,12.85
33508,Historical,429453,0,0,D,2,1,2436214,62.95,2005,31,20.99,38.92
33509,Historical,356663,0,0,D,2,1,1391539,39.95,2000,54,22.77,6.54
33510,Historical,308057,0,0,D,3,1,1132295,59.95,2005,44,22.77,12.94
33511,Historical,247607,0,0,D,4,1,326146,73.95,2005,69,34.98,23.74
33512,Historical,55550,0,0,D,6,1,116704,131.4,2008,30,79.72,67.49
33513,Historical,916616,1,5,D,3,1,842920,0,1995,36,91.3,170.25
33514,Historical,290396,1,1,D,1,0,2929240,110,1996,25,53.99,12.45
33515,Historical,2013512,0,0,D,0,0,1390842,69,2011,16,0,60.44
33517,Historical,57158,1,2,D,9,1,397911,79.6,2010,71,58.98,49.49
33518,Historical,57154,0,0,D,8,1,1041625,81.2,2007,66,58.98,24.89
33519,Historical,204168,0,0,D,2,1,3376756,80.95,2006,31,78.04,33.73
33520,Historical,53715,1,2,D,4,1,507550,141.2,2006,76,71.89,7.57
33521,Historical,568764,0,0,D,4,1,1367327,38.99,2003,34,42.84,15.99
33522,Historical,157508,1,1,D,0,0,937028,75,2010,20,0,42.57
33523,Historical,271707,0,0,D,4,1,2801240,34.95,2002,28,33.19,61.86
33524,Historical,582317,0,0,D,0,0,9842847,49.95,1981,20,33.04,25.99
33525,Historical,184537,0,0,D,1,0,3214938,39.95,2002,26,24.77,47.18
33526,Historical,213081,0,0,D,0,0,1091879,110,2003,21,60.13,62.09
33527,Historical,279514,1,4,D,3,1,245390,58,2010,66,44.54,43.69
33528,Historical,169902,0,0,D,2,1,93111,87.95,2009,27,85.99,133.26
33529,Historical,178144,0,0,D,1,0,1091517,90.95,2005,36,85.99,18.98
33530,Historical,911303,0,0,D,0,0,2151151,115,1994,32,43.64,48.54
33531,Historical,568090,0,0,D,1,0,3365909,59.99,2007,20,39.53,47.4
33532,Historical,209680,0,0,D,0,0,686384,94.95,1996,21,91.7,28.15
33533,Historical,515885,0,0,D,1,0,874777,163.2,2006,47,124.99,55.33
33534,Historical,789204,0,0,D,1,0,997212,53.99,2003,59,36.79,12.71
33535,Historical,169334,1,1,D,6,1,397835,231.95,2007,60,81.01,49.21
33536,Historical,871756,0,0,D,0,0,9103334,60,1998,21,68.85,35.98
33537,Historical,60990,0,0,D,5,1,785923,115.95,2003,51,81.01,8.99
33538,Historical,255753,0,0,D,1,0,1057377,57.95,2004,46,34.65,11.99
33539,Historical,115913,1,1,D,1,0,1925467,144.2,2005,27,80.15,10.99
33540,Historical,194895,1,1,D,2,1,912835,39.95,2003,38,20.24,29.99
33543,Historical,3604376,1,1,D,0,0,1062559,44,1995,34,0,28.93
33544,Historical,124755,0,0,D,0,0,734153,12.95,2005,52,27.49,14.9
33545,Historical,129143,0,0,D,0,0,765,12.95,2008,131,27.49,8.99
33546,Historical,187993,0,0,D,4,1,2205786,210,1999,21,22.89,49.98
33547,Historical,649076,0,0,D,6,1,685740,116,2008,16,152.54,93.9
33548,Historical,2787038,0,0,D,0,0,956292,52,2002,23,46.91,14.07
33549,Historical,392971,0,0,D,2,1,345008,36,2009,26,0,0
33550,Historical,54669,1,17,D,2,1,418772,13.98,2009,217,73.71,9.76
33551,Historical,258411,0,0,D,0,0,1307974,94.5,2006,46,35.46,9.39
33552,Historical,54670,1,3,D,1,0,980381,23.99,2007,118,73.71,18.7
33553,Historical,643445,0,0,D,3,1,803805,63,2007,14,49.96,39.68
33555,Historical,3577622,0,0,D,0,0,5298100,29.95,1991,31,0,43.31
33556,Historical,630518,1,1,D,3,1,357906,76,2013,56,33.99,42.94
33557,Historical,1746137,0,0,D,0,0,499958,44.95,2009,18,0,36.94
33558,Historical,53679,0,0,D,6,1,122318,207.95,2008,66,101.64,41.29
33559,Historical,2599621,0,0,D,1,0,2777755,119,1994,11,64.72,28.99
33560,Historical,3120380,0,0,D,2,1,7340870,37.95,2004,14,141.57,43.91
33561,Historical,54949,0,0,D,2,1,309843,44.95,2001,77,49.76,15.92
33562,Historical,603089,0,0,D,2,1,1461763,126.95,2001,39,49.76,57.04
33563,Historical,205453,0,0,D,3,1,1813394,51.95,2003,40,74.81,21.33
33564,Historical,2397798,0,0,D,5,1,6520934,50.95,2001,21,18.99,13.98
33565,Historical,614891,0,0,D,4,1,6343527,42.95,1997,28,18.99,41.73
33566,Historical,206008,0,0,D,5,1,651924,58,2006,68,38.46,23.78
33567,Historical,614779,1,1,D,5,1,529936,13.23,2007,83,59.11,16.54
33568,Historical,376581,1,1,D,3,1,1697406,79.95,2002,22,41.61,53.83
33569,Historical,1641722,0,0,D,0,0,1992685,29.99,2012,12,0,27.34
33570,Historical,515910,0,0,D,9,1,151579,50.8,2009,69,35.99,38.41
33571,Historical,54591,0,0,D,5,1,169103,32.84,2009,116,36.97,24.42
33572,Historical,54590,0,0,D,4,1,216102,4,2006,109,36.97,9.5
33573,Historical,2782476,0,0,D,0,0,1675980,47,1997,35,35.99,24.82
33574,Historical,304940,1,1,D,0,0,28816,14.99,1997,65,0,9.29
33575,Historical,209294,0,0,D,0,0,3671067,65,1995,22,56.17,69.99
33576,Historical,2433611,0,0,D,0,0,196053,20,1961,53,15.55,17.58
33577,Historical,912490,1,1,D,3,1,939343,864.07,1988,20,25.75,70.3
33578,Historical,613989,1,1,D,2,1,18418,213.95,1996,102,88.5,118.77
33579,Historical,842641,0,0,D,1,0,75373,60.36,1973,72,88.5,129.92
33580,Historical,2141246,0,0,D,2,1,461213,39,2008,14,78.92,123.29
33581,Historical,900757,1,1,D,0,0,1701619,45.95,1997,29,29.34,23.97
33582,Historical,922317,1,1,D,1,0,2442562,32.95,1995,60,0,0
33583,Historical,625922,0,0,D,2,1,126787,39.95,2008,31,0,18.99
33584,Historical,125910,0,0,D,0,0,63850,53.95,2004,72,35.71,48.77
33585,Historical,908054,0,0,D,1,0,1056908,49.95,2009,24,34.59,17.98
33586,Historical,2560067,0,0,D,0,0,728450,59.95,1978,34,60.99,10.99
33587,Historical,2576734,0,0,D,2,1,3385168,120,1991,44,60.99,9
33588,Historical,2678978,0,0,D,3,1,5206829,350,1992,13,184.48,142.29
33589,Historical,2399292,0,0,D,0,0,3454034,27.95,1974,29,4.05,53.11
33590,Historical,711288,0,0,D,2,1,1763186,58.4,2000,27,39.81,36.87
33591,Historical,800272,0,0,D,2,1,4141430,71,2005,13,42.69,62.86
33592,Historical,247533,0,0,D,3,1,460160,88,2007,53,45.77,31.88
33593,Historical,247510,0,0,D,0,0,2280277,112,2005,20,87.44,30.29
33594,Historical,199266,0,0,D,1,0,851244,150,2006,21,99.97,20.55
33595,Historical,662388,0,0,D,2,1,3006455,74,2006,24,46.84,97.55
33596,Historical,800942,0,0,D,0,0,1486418,185,2008,23,71.54,121.86
33597,Historical,563264,0,0,D,1,0,6261046,69.95,1998,17,46.17,9.88
33598,Historical,2322033,0,0,D,1,0,1792091,27.95,1987,39,41.81,23.1
33599,Historical,166781,0,0,D,0,0,447926,88,2005,21,34.23,13.74
33600,Historical,919046,0,0,D,3,1,2925060,45,2004,41,10.97,7.55
33601,Historical,126713,0,0,D,0,0,538751,74.95,2006,39,68.4,33.98
33602,Historical,898942,1,1,D,0,0,945141,114.7,1995,20,13.99,58.94
33603,Historical,177531,0,0,D,5,1,749567,343.95,2005,43,145.06,46.15
33604,Historical,281133,0,0,D,0,0,715041,69.95,2001,43,70.57,32.92
33605,Historical,57792,1,2,D,2,1,37576,164.33,2010,119,101.89,30.99
33606,Historical,57791,1,3,D,1,0,439292,135.2,2007,126,101.89,11.99
33607,Historical,51347,1,1,D,2,1,89967,188,2010,296,125.52,23.98
33608,Historical,268478,0,0,D,1,0,2352472,115,2007,25,43.93,52.54
33609,Historical,557551,0,0,D,8,1,2477633,84,2009,27,11.09,23.99
33610,Historical,118777,0,0,D,8,1,719521,86,2006,68,11.09,11.79
33611,Historical,133069,0,0,D,4,1,1609103,70.67,2009,38,30.05,7.33
33612,Historical,192815,1,1,D,2,1,2345939,88.95,2001,28,53.98,13.93
33613,Historical,911110,0,0,D,1,0,1766011,89.95,2005,23,60.21,44.26
33614,Historical,641718,0,0,D,1,0,967378,51.95,2005,36,54.98,30.04
33615,Historical,2531764,0,0,D,1,0,218128,120,1996,39,49.59,12.83
33616,Historical,164348,0,0,D,1,0,719050,60,2003,15,0,0
33617,Historical,123496,0,0,D,0,0,31718,28,2007,33,56.34,15.16
33618,Historical,205592,1,1,D,1,0,1664095,55,1998,30,33.99,18.86
33619,Historical,201227,0,0,D,1,0,1216602,50,2004,27,28.94,18.98
33621,Historical,1559204,0,0,D,1,0,8556222,145,2012,11,0,88.73
33622,Historical,714734,0,0,D,3,1,3727580,49.6,2002,35,33.94,18.36
33623,Historical,120581,1,2,D,5,1,2308036,76.33,2008,48,33.94,13.74
33624,Historical,626378,1,3,D,2,1,167503,70.47,2007,55,104.89,56.41
33625,Historical,206081,0,0,D,1,0,709359,47,2006,58,25.82,9.39
33626,Historical,162937,0,0,D,2,1,541764,55,2010,30,25.82,18.99
33627,Historical,2901860,0,0,D,0,0,3010121,79,2004,13,74.05,90.37
33628,Historical,145454,1,1,D,3,1,571595,57,2006,54,35.21,6.87
33629,Historical,54893,0,0,D,8,1,98371,155.95,2006,53,88.24,30.97
33630,Historical,868705,1,1,D,5,1,169894,39.95,1997,135,35.98,13.94
33631,Historical,169807,0,0,D,6,1,370113,219.95,2008,41,162.12,103.95
33632,Historical,51090,0,0,D,10,1,355051,55.61,2007,29,43.99,48.99
33633,Historical,51091,1,1,D,9,1,143546,36.47,2003,66,43.99,48.23
33634,Historical,52731,1,2,D,4,1,291404,31.11,2008,66,57.99,9.49
33635,Historical,52730,0,0,D,3,1,1801245,12.93,2005,61,57.99,12.93
33636,Historical,526231,0,0,D,2,1,232895,56.95,2009,53,36.53,31.17
33637,Historical,355645,1,1,D,1,0,1117302,42.95,2003,69,36.53,7.99
33638,Historical,2415443,0,0,D,1,0,3047179,79.95,2005,31,23.98,48.53
33639,Historical,169102,1,2,D,4,1,486470,258.95,2007,40,89.74,51.67
33640,Historical,268386,0,0,D,1,0,745597,57,2005,29,0,0
33641,Historical,515900,0,0,D,4,1,3976112,100.2,2007,17,78.99,61.23
33642,Historical,132471,1,1,D,5,1,178357,120.4,2008,78,78.99,44.91
33643,Historical,607722,0,0,D,4,1,1722377,77.6,2006,31,65.04,19
33644,Historical,57268,0,0,D,6,1,338326,184.95,2010,66,83.5,59.32
33645,Historical,544798,1,1,D,7,1,34737,177.95,2013,107,83.5,90.99
33646,Historical,60996,0,0,D,2,1,1568761,72.95,2000,22,120.81,8.06
33647,Historical,455546,0,0,D,3,1,649214,195.95,2005,29,120.81,73.99
33648,Historical,108077,1,1,D,3,1,652225,5.99,2004,49,37.18,7.98
33649,Historical,118083,0,0,D,6,1,130005,107.2,2008,53,38.95,41.98
33650,Historical,246186,0,0,D,1,0,1585164,47.95,2004,35,40.27,31.11
33651,Historical,246185,0,0,D,1,0,5349279,121.95,2004,12,40.27,46.63
33652,Historical,298745,0,0,D,8,1,369798,24.7,2008,51,49.67,20.01
33653,Historical,118967,0,0,D,6,1,674390,104.8,2008,44,78.99,23.89
33654,Historical,169899,0,0,D,5,1,51099,249.95,2010,52,74.67,18.99
33655,Historical,60997,0,0,D,4,1,532370,142.95,2006,51,74.67,17.24
33656,Historical,551789,0,0,D,4,1,1421073,116.6,2001,20,51.96,67.03
33657,Historical,61201,1,1,D,6,1,157013,150.95,2007,45,110.46,11.51
33658,Historical,290875,0,0,D,5,1,1740928,102.95,2006,26,110.46,23.99
33659,Historical,658224,0,0,D,0,0,931701,34.99,2012,56,78.99,26.78
33660,Historical,913272,0,0,D,1,0,1072798,47,1992,17,0,160.83
33661,Historical,533421,1,2,D,10,1,64828,154.95,2012,67,69.03,83.51
33662,Historical,55451,0,0,D,9,1,137249,169.95,2008,51,69.03,58.93
33663,Historical,3033858,0,0,D,0,0,2588847,83,2005,25,26.95,40.85
33664,Historical,165752,1,1,D,1,0,788343,94.95,2004,47,38.94,21.35
33665,Historical,50235,0,0,D,9,1,76971,33.99,2010,161,65.07,28.22
33666,Historical,614078,0,0,D,10,1,45611,94.5,2013,55,48.24,68.2
33667,Historical,50234,0,0,D,8,1,1500165,10.97,2007,108,65.07,9.49
33668,Historical,327839,1,2,D,6,1,261425,28.76,2010,92,78.29,16.5
33669,Historical,874251,0,0,D,7,1,848921,80.64,2003,59,19.77,28.69
33670,Historical,100788,0,0,D,8,1,792706,21,1998,87,19.77,15.87
33671,Historical,2268444,0,0,D,3,1,10178237,0,2009,21,64.32,39.23
33672,Historical,646844,1,4,D,1,0,39029,37.46,2013,59,108.27,21.73
33673,Historical,910691,0,0,D,4,1,6891425,44.95,2003,24,0,12.98
33674,Historical,293369,0,0,D,6,1,1856117,47,2010,39,0,24.35
33675,Historical,891549,0,0,D,2,1,9113501,72.95,2003,13,41.87,19.55
33676,Historical,899126,0,0,D,1,0,1085980,49.95,2009,20,50.19,80.22
33677,Historical,54375,0,0,D,7,1,502839,23.47,2006,127,56.08,19.79
33678,Historical,142033,1,3,D,8,1,13988,40.49,2010,120,48.98,31.66
33679,Historical,672128,0,0,D,0,0,12247,17.95,2005,68,30.96,13.32
33680,Historical,648386,0,0,D,1,0,2448369,97.95,2007,21,50.19,52.62
33681,Historical,285781,0,0,D,3,1,610383,75.2,2001,63,51.99,10.6
33682,Historical,117659,0,0,D,4,1,202793,91.5,2005,45,51.99,25.85
33683,Historical,2438556,0,0,D,4,1,2508091,120,2002,31,30.41,47.91
33684,Historical,555368,0,0,D,0,0,586560,54.5,1997,36,44.2,38.78
33685,Historical,721880,0,0,D,2,1,1450596,60,2006,33,44.2,48.98
33686,Historical,142221,0,0,D,6,1,1289548,16.41,2010,39,43.99,14.99
33687,Historical,142140,1,1,D,7,1,218265,89.23,2011,78,43.99,34.93
33688,Historical,294046,0,0,D,1,0,2004481,13.63,1999,45,53.99,11.97
33689,Historical,126164,0,0,D,0,0,368099,54.95,2002,51,42.89,14.44
33690,Historical,51511,0,0,D,9,1,540916,127.4,2008,91,21.62,18.99
33691,Historical,2631159,1,1,D,2,1,1726224,58.4,1994,24,6.14,105.99
33692,Historical,57208,0,0,D,7,1,3600374,46,2008,27,100.62,7.98
33693,Historical,57207,0,0,D,7,1,1510101,49.21,2006,49,100.62,47.33
33694,Historical,57205,0,0,D,6,1,2322163,20.15,2003,39,100.62,20.15
33695,Historical,1840306,0,0,D,3,1,1444670,56.95,2008,12,42.64,40.03
33696,Historical,2940247,0,0,D,2,1,1828882,65.95,2003,32,42.64,64.89
33697,Historical,193606,1,4,D,2,1,356868,96.95,2009,45,40.76,10.99
33698,Historical,918452,0,0,D,0,0,3568075,48.95,1997,34,0,15.97
33699,Historical,57787,0,0,D,4,1,163695,29.95,2003,129,26.32,10.49
33700,Historical,290927,0,0,D,3,1,52545,131.95,2008,91,66.31,41.4
33701,Historical,873629,0,0,D,5,1,1631022,114.95,2009,63,73.98,29.09
33702,Historical,53028,0,0,D,3,1,1673205,177.95,2006,61,33.46,12.43
33703,Historical,699492,0,0,D,6,1,385104,99.95,1999,21,8.44,43.46
33704,Historical,883231,0,0,D,3,1,4552400,135,2003,10,35.73,33.94
33705,Historical,2390625,1,1,D,1,0,363494,52.23,1979,35,22.49,32.99
33706,Historical,144136,1,1,D,5,1,2805110,93,2000,45,50.45,51.81
33707,Historical,308006,0,0,D,1,0,1189450,55,2003,40,18.98,15.49
33708,Historical,3019115,0,0,D,1,0,258974,35,1997,18,34.99,36.63
33709,Historical,200000,0,0,D,1,0,3207411,84.95,2004,27,33.99,14.77
33710,Historical,537751,0,0,D,7,1,9432901,63.75,2001,29,21.48,11.89
33711,Historical,1567966,0,0,D,3,1,9717233,90,2009,11,159.39,20.49
33712,Historical,910161,1,1,D,3,1,924162,143.6,2002,39,76.95,45.35
33713,Historical,135550,0,0,D,3,1,1931827,42.95,2002,39,37.79,5.99
33714,Historical,135592,0,0,D,4,1,299124,51.95,2006,40,37.79,14.98
33715,Historical,873027,0,0,D,1,0,2316633,18.95,2003,20,37.3,144.25
33716,Historical,210425,0,0,D,0,0,1923751,39.5,1995,13,86.04,30.87
33717,Historical,1632792,0,0,D,5,1,2734578,248.95,2006,11,228.64,146.5
33718,Historical,669965,0,0,D,6,1,4963507,299,2009,12,228.64,272.55
33719,Historical,541255,1,2,D,2,1,101839,20.99,2008,54,0,17.43
33720,Historical,55448,1,2,D,4,1,42826,56,1995,199,31.41,17.2
33721,Historical,607797,0,0,D,2,1,275550,109.3,1991,51,157.44,50.46
33722,Historical,3787390,0,0,D,1,0,1750012,63.95,1977,20,0,43.15
33723,Historical,2737630,0,0,D,1,0,2369353,100,2005,16,34.82,52.87
33724,Historical,2759324,0,0,D,1,0,812754,67.95,1998,34,0,42.07
33725,Historical,633503,1,1,D,1,0,815972,56.95,2003,24,49.59,33.94
33726,Historical,717645,0,0,D,3,1,8178529,82.95,2001,19,77.14,10.83
33727,Historical,1476017,0,0,D,1,0,1588654,150,2013,19,45.96,87.31
33728,Historical,1895799,0,0,D,8,1,2826244,0,2010,13,0,132.5
33729,Historical,2713653,0,0,D,0,0,2031831,83,2004,18,0,53.99
33730,Historical,888165,0,0,D,10,1,10168675,125,2006,10,86.85,63
33731,Historical,54589,1,2,D,7,1,1499134,152,2007,60,68.98,13.89
33732,Historical,54588,0,0,D,6,1,4872769,106,2003,25,68.98,21.99
33733,Historical,651934,0,0,D,0,0,1813776,115.95,2008,17,73.26,96.47
33734,Historical,648756,0,0,D,1,0,2773772,39.95,2004,20,31.88,9.32
33735,Historical,354907,1,2,D,1,0,1738848,182.95,2005,43,139.34,10.94
33736,Historical,2527838,0,0,D,1,0,3230783,32.5,1993,18,42.26,61.72
33737,Historical,2142573,1,1,D,4,1,1678804,39.95,2006,18,43.94,93.6
33738,Historical,2601649,0,0,D,0,0,843142,52.99,1995,19,52.75,47.06
33739,Historical,478800,0,0,D,4,1,3354748,269,2005,22,169.97,18.75
33741,Historical,1730517,0,0,D,1,0,2462330,54.95,2007,26,38.67,8.93
33742,Historical,2362848,0,0,D,1,0,3251980,70.95,2004,17,0,29.91
33743,Historical,3604268,1,2,D,0,0,1097997,34.95,1993,56,0,28.95
33744,Historical,386465,0,0,D,0,0,789091,48,2010,30,35.07,23.99
33745,Historical,873382,0,0,D,6,1,522118,33.25,2006,49,41.13,12.89
33746,Historical,111081,1,1,D,6,1,576093,63.67,2009,63,75.94,57.31
33747,Historical,110257,1,4,D,6,1,75834,123.7,2009,91,75.94,23.89
33748,Historical,53832,1,1,D,5,1,144448,25.14,2006,70,62.83,23.17
33749,Historical,53833,1,1,D,6,1,48772,50,2009,138,62.83,33.99
33750,Historical,538603,1,6,D,7,1,3862,125.75,2013,103,42.28,42.99
33751,Historical,54255,1,1,D,6,1,25563,43.99,2009,109,42.28,26.39
33752,Historical,178345,0,0,D,1,0,448553,82,2005,17,10.23,22.95
33753,Historical,1657782,0,0,D,1,0,4087613,42.28,2008,14,48.99,72.47
33754,Historical,1740926,0,0,D,1,0,262623,25,2013,14,0,24.18
33755,Historical,642834,0,0,D,0,0,514550,81.95,2008,34,38.98,55.54
33756,Historical,564643,0,0,D,0,0,666147,78.95,2006,53,50.99,16.53
33757,Historical,564636,0,0,D,1,0,1022604,74.95,2005,57,49.84,33.99
33758,Historical,872140,0,0,D,1,0,2021639,46.83,2006,38,49.84,46.83
33759,Historical,55447,1,2,D,8,1,453865,99.95,2008,60,76.04,11.48
33760,Historical,609097,0,0,D,5,1,2927313,186.95,2001,38,35.04,6.99
33761,Historical,917290,0,0,D,5,1,884641,53,2007,34,11.99,9.24
33762,Historical,2261475,0,0,D,5,1,3373716,29.4,2006,42,11.99,13.19
33763,Historical,2759381,0,0,D,2,1,2948974,41.95,1999,23,41.69,69.65
33765,Historical,2566169,0,0,D,1,0,2682196,87.5,1995,20,36.05,71.69
33767,Historical,3470385,0,0,D,1,0,433322,245,2006,14,0,234.65
33768,Historical,639150,0,0,D,1,0,991333,69.95,2010,22,63.98,78.13
33769,Historical,162261,0,0,D,4,1,741695,34.95,2008,21,0,56.77
33770,Historical,761570,0,0,D,3,1,3355999,24.95,2005,23,0,20.97
33771,Historical,627021,0,0,D,1,0,304876,60,2009,42,51.42,63.1
33772,Historical,630056,1,1,D,1,0,316906,44.95,2010,25,0,33.99
33773,Historical,118004,0,0,D,7,1,2037037,138.4,2005,43,41.78,6.69
33774,Historical,894130,0,0,D,3,1,3873607,0,2003,22,47.97,70
33775,Historical,126231,1,1,D,1,0,78669,89.95,2001,48,69.15,73.87
33776,Historical,342496,1,1,D,0,0,1135100,90,1999,41,38.62,49.99
33777,Historical,920089,0,0,D,1,0,639929,34.95,1998,43,19.99,21.98
33778,Historical,61000,0,0,D,5,1,713437,172.95,2006,54,102.76,53.12
33779,Historical,224354,1,1,D,4,1,393793,111.95,2003,60,102.76,47.41
33780,Historical,169983,0,0,D,1,0,401149,83.95,2009,57,15.01,10.71
33781,Historical,587551,0,0,D,0,0,3249743,0,2009,15,15.01,19.98
33782,Historical,525223,1,1,D,9,1,1709449,185.95,2011,44,73.72,45.55
33783,Historical,131438,0,0,D,0,0,718776,54.8,2001,28,17.11,17.54
33784,Historical,546749,0,0,D,0,0,438775,63.99,2010,64,32.98,23.89
33785,Historical,650055,1,1,D,1,0,225903,49.99,2010,24,43.89,13.98
33786,Historical,544258,1,1,D,5,1,71905,143.95,2013,54,79.62,52.99
33787,Historical,254186,0,0,D,4,1,65071,158.95,2010,58,79.62,65.89
33788,Historical,260022,0,0,D,7,1,51422,132,2010,68,18.33,34.08
33789,Historical,525182,0,0,D,2,1,4892163,90.2,2006,19,59.98,20.94
33790,Historical,2389131,0,0,D,0,0,3119030,52.6,2003,29,81.69,22.89
33791,Historical,1481677,0,0,D,2,1,2468392,156.6,2007,31,59.98,28.99
33792,Historical,110420,1,2,D,3,1,962944,34.85,2007,77,125.74,17.26
33793,Historical,309047,1,3,D,3,1,562193,137.14,2007,57,103.73,38.99
33794,Historical,285517,1,2,D,4,1,87559,153.25,2010,59,85.58,19.21
33795,Historical,109928,1,1,D,3,1,547316,96.68,2007,50,85.58,37.13
33796,Historical,120696,0,0,D,2,1,369849,69.6,2008,40,34.4,15.89
33797,Historical,871656,0,0,D,0,0,2308020,44.8,2003,18,34.4,72.67
33798,Historical,115539,0,0,D,0,0,5858396,44.8,2003,22,47.93,8.98
33799,Historical,120697,0,0,D,2,1,355844,69.6,2008,48,47.93,20.93
33800,Historical,145346,0,0,D,2,1,2962209,90.2,2006,26,47.39,66.35
33801,Historical,55444,1,1,D,9,1,474424,103.68,2006,39,70.49,39.56
33802,Historical,108020,0,0,D,8,1,1675376,95.31,2002,40,43.94,43.77
33803,Historical,893627,1,1,D,0,0,1907507,43.99,2010,15,87.97,58.98
33804,Historical,117327,0,0,D,9,1,1436557,123,2006,43,87.97,59.9
33805,Historical,617676,1,5,D,9,1,242101,140.35,2006,75,87.97,31.29
33806,Historical,118402,0,0,D,5,1,2521504,107.2,2006,51,40.64,13.98
33807,Historical,132967,1,1,D,10,1,153582,130.6,2009,50,66.58,11.44
33808,Historical,132968,0,0,D,10,1,173410,130.6,2009,51,56.34,61.35
33809,Historical,132933,1,1,D,10,1,965128,124.4,2009,42,76.36,45.65
33810,Historical,417244,0,0,D,7,1,159485,44.69,2010,93,88.94,41.68
33811,Historical,416504,1,2,D,6,1,1154306,23.87,2007,76,88.94,23.48
33812,Historical,548101,0,0,D,2,1,2104171,125.95,1997,28,4,44.71
33813,Historical,258421,0,0,D,1,0,680268,120,2008,49,66.93,14.99
33814,Historical,2577182,0,0,D,1,0,5446430,79.95,1984,32,22.99,18.49
33815,Historical,246777,0,0,D,2,1,2651437,206.95,2010,19,33.99,51.72
33816,Historical,1509303,0,0,D,0,0,3993452,16.95,2006,16,0,11.21
33817,Historical,203578,0,0,D,4,1,634155,74.95,2004,26,43.99,40.87
33818,Historical,626977,0,0,D,1,0,303892,44.95,2003,30,45.61,43.53
33819,Historical,685877,0,0,D,1,0,300081,28.99,1988,136,23.82,10.21
33820,Historical,3547575,0,0,D,0,0,765986,34.95,1992,87,0,15.96
33821,Historical,2329564,0,0,D,1,0,206128,34.99,1983,140,54.81,22.89
33822,Historical,53101,0,0,D,4,1,4554719,58,2003,16,4,7.99
33823,Historical,553712,0,0,D,0,0,1191454,97.2,2007,89,111.63,20.94
33824,Historical,120710,0,0,D,2,1,57389,178.4,2009,61,111.63,53.44
33825,Historical,271251,0,0,D,5,1,460203,50,2006,102,23.98,9.44
33826,Historical,118938,0,0,D,5,1,537274,147.8,2006,51,83.98,25.66
33827,Historical,552414,0,0,D,4,1,237373,113.2,2004,35,83.98,22.97
33828,Historical,117967,0,0,D,6,1,599029,121.6,2005,75,61.43,13.8
33829,Historical,51680,0,0,D,1,0,2754670,55.4,2002,39,45.19,4.36
33830,Historical,51682,1,1,D,3,1,331543,76,2008,93,45.19,13.95
33831,Historical,286070,0,0,D,4,1,518250,108,2008,27,4.98,23.09
33832,Historical,766895,0,0,D,1,0,7216063,90.95,2003,21,23.98,43.81
33833,Historical,920799,0,0,D,4,1,1267983,104,2007,56,81.35,20.86
33834,Historical,917538,0,0,D,1,0,316939,0,1956,58,38.94,96.57
33835,Historical,131609,0,0,D,5,1,897825,110,2004,44,46.57,7.27
33836,Historical,61008,0,0,D,6,1,542532,154.4,2007,58,46.57,21.48
33837,Historical,224720,1,3,D,4,1,81682,225.95,2011,60,184.9,20.43
33838,Historical,169170,1,1,D,3,1,527409,238.95,2006,70,184.9,14.72
33839,Historical,170000,0,0,D,8,1,265055,148.95,2010,49,82.88,41.49
33840,Historical,1623416,0,0,D,7,1,7009763,0,2008,13,82.88,98.79
33841,Historical,3239137,1,2,D,2,1,375731,41.66,2005,48,29.96,18.99
33842,Historical,2419870,0,0,D,0,0,2267414,115,2004,18,0,99.78
33843,Historical,1471434,1,1,D,1,0,188262,44.95,2013,31,44.08,32.98
33844,Historical,120711,0,0,D,2,1,195643,178.4,2009,33,26.83,53.97
33845,Historical,421832,1,1,D,3,1,1315565,134.4,2005,68,63.83,44.65
33846,Historical,428534,1,1,D,4,1,164988,160.8,2010,44,78.98,110.63
33847,Historical,55073,0,0,D,2,1,1078269,53.6,2004,50,45.94,15.18
33848,Historical,902511,0,0,D,0,0,1302688,39.99,2004,14,30.27,28.99
33849,Historical,3024120,0,0,D,0,0,2812378,42.99,2004,21,0,28.49
33850,Historical,608700,0,0,D,4,1,2353887,170.95,2009,28,14.82,12.95
33851,Historical,608791,0,0,D,3,1,4457830,123.95,2005,26,14.82,26.36
33852,Historical,169975,0,0,D,4,1,333752,174.95,2009,88,15.22,8.24
33853,Historical,142182,0,0,D,7,1,31658,81.98,2011,112,69.94,102.09
33854,Historical,542056,0,0,D,5,1,45427,167.95,2011,39,68.75,70.61
33855,Historical,610053,1,1,D,9,1,1952099,175.95,2010,22,52.38,73.75
33856,Historical,55439,0,0,D,6,1,589834,190.95,2007,51,39.97,33.99
33857,Historical,55440,0,0,D,7,1,325938,198.95,2010,85,39.97,8.46
33858,Historical,56151,1,1,D,3,1,161893,122.2,2010,146,49.4,11.97
33859,Historical,56153,0,0,D,2,1,1302114,110,2008,124,49.4,7.93
33860,Historical,57225,1,1,D,11,1,245108,141.95,2010,87,35.09,54.27
33861,Historical,294548,1,4,D,0,0,575905,49,2002,41,52,36.99
33862,Historical,657436,0,0,D,1,0,2435292,185,2007,18,152.52,120.69
33863,Historical,1462718,0,0,D,1,0,582522,28.95,2008,35,101.93,24.25
33864,Historical,238953,1,4,D,0,0,305825,22,2000,87,33.43,20.06
33865,Historical,53116,1,2,D,8,1,134195,58.99,2007,73,119.49,29.98
33866,Historical,873386,0,0,D,6,1,936328,95.68,2005,45,79.34,84.01
33867,Historical,53677,0,0,D,9,1,273705,120.89,2010,62,117.23,69.83
33868,Historical,608417,0,0,D,6,1,246026,201.95,2005,79,79.34,55.99
33869,Historical,615540,1,5,D,7,1,491127,11.99,2005,49,117.23,10.15
33870,Historical,53196,0,0,D,3,1,376160,124.2,2009,55,60.45,47.87
33871,Historical,617436,0,0,D,1,0,1094027,81.2,2003,30,60.45,12.94
33872,Historical,52420,0,0,D,11,1,50494,63.67,2008,82,102.55,40.85
33873,Historical,52419,1,4,D,10,1,108643,72.45,2005,56,102.55,38.99
33874,Historical,52421,1,1,D,12,1,6991,92.35,2010,92,102.55,31.99
33875,Historical,626978,1,1,D,0,0,493115,46.95,2006,45,122.45,43.26
33876,Historical,564750,0,0,D,2,1,44354,68.95,2009,38,122.45,33.89
33877,Historical,1660367,0,0,D,2,1,2963355,0,2007,17,0,80.71
33878,Historical,170112,0,0,D,2,1,116026,181.95,2011,74,68.68,23.99
33879,Historical,178122,1,1,D,1,0,1451074,191.95,2008,46,68.68,23.99
33880,Historical,53678,0,0,D,8,1,57452,52.22,2007,63,117.23,40.63
33881,Historical,53195,0,0,D,2,1,1793828,111.6,2006,57,60.45,23.97
33882,Historical,538516,1,5,D,8,1,7621,222,2012,98,27.49,48.11
33883,Historical,53228,0,0,D,7,1,61357,63.62,2009,93,27.49,27.98
33884,Historical,53229,1,3,D,6,1,406148,52.59,2006,74,27.49,14.68
33885,Historical,51936,1,4,D,4,1,400970,71.87,1999,109,123.94,30.57
33886,Historical,51935,0,0,D,6,1,32277,239.47,2007,82,123.94,31.08
33887,Historical,51934,0,0,D,5,1,51494,38.89,2004,72,123.94,36.81
33888,Historical,61013,1,1,D,2,1,310456,129.2,2004,38,76.14,37.49
33889,Historical,915336,0,0,D,0,0,566173,70,1976,38,128.99,17.79
33890,Historical,2647610,0,0,D,1,0,788398,44.95,1993,28,35.36,60.49
33891,Historical,270786,1,1,D,3,1,246458,66.99,2010,259,22.99,8.6
33892,Historical,61014,0,0,D,2,1,1233107,59.95,2006,90,22.99,4.96
33893,Historical,3013211,0,0,D,2,1,1530838,59.95,2002,17,46.98,14.98
33894,Historical,200650,0,0,D,2,1,85555,112.95,2010,55,37.85,63.9
33895,Historical,200326,0,0,D,1,0,1250780,86.95,2007,51,37.85,44.34
33896,Historical,793118,0,0,D,0,0,1229701,47.95,1999,44,35.78,16.21
33897,Historical,247584,0,0,D,1,0,754145,62,2006,36,64.31,50.68
33898,Historical,228728,0,0,D,5,1,874665,158.95,2004,28,8.11,62.71
33899,Historical,264569,0,0,D,1,0,1027432,64.95,2003,26,58.99,4
33900,Historical,762911,0,0,D,1,0,1109297,55,1997,26,95,33.99
33901,Historical,157083,0,0,D,0,0,3535416,49.95,2005,20,35.5,31.72
33902,Historical,567688,1,2,D,2,1,314496,140.95,2009,65,59.54,23.48
33903,Historical,213223,0,0,D,0,0,2577711,140,2006,18,47.06,102.76
33904,Historical,213224,0,0,D,0,0,925754,51.95,2006,34,47.06,34.93
33906,Historical,247550,0,0,D,1,0,115817,118,2011,25,68.19,48.88
33907,Historical,870890,0,0,D,2,1,1071883,110.67,2005,38,78.99,7.98
33908,Historical,132146,0,0,D,6,1,912080,118.67,2006,33,81.65,21.99
33909,Historical,120064,0,0,D,3,1,265219,134.6,2009,83,78.99,48.99
33910,Historical,131404,1,2,D,0,0,2621667,106.67,2001,30,0,22.91
33911,Historical,261306,0,0,D,1,0,1379049,36,1999,40,37.98,13.28
33912,Historical,270871,0,0,D,2,1,637035,48,2009,39,37.98,10.43
33913,Historical,533945,1,2,D,5,1,86758,86,2005,89,51.44,35.32
33914,Historical,252603,0,0,D,5,1,50635,127.25,2009,59,51.73,62.48
33915,Historical,293052,1,2,D,4,1,568613,40.98,2001,61,51.73,39.31
33916,Historical,366249,0,0,D,3,1,2910269,55.95,2003,17,30.92,30.99
33917,Historical,169378,0,0,D,9,1,700854,147.95,2007,57,41.15,69.84
33918,Historical,177498,0,0,D,7,1,3853492,75.95,2001,37,41.15,7.49
33919,Historical,178109,1,1,D,8,1,1573691,93.95,2004,41,41.15,7.24
33920,Historical,131258,0,0,D,0,0,3848909,76,2001,31,56.93,90.23
33921,Historical,455646,0,0,D,5,1,463015,279.95,2005,43,123.41,8.88
33922,Historical,2567155,0,0,D,2,1,4083327,83.03,1970,67,6.47,33.99
33923,Historical,525524,1,5,D,10,1,19683,300.95,2012,59,58.33,121.39
33924,Historical,2567156,0,0,D,3,1,2092511,0,1978,50,6.47,18.98
33925,Historical,50366,0,0,D,6,1,1243712,69.77,2005,47,90.99,43.83
33926,Historical,698884,1,1,D,7,1,686332,36.47,2008,21,90.99,30.61
33927,Historical,50367,0,0,D,7,1,64491,45.18,2008,112,90.99,40.5
33928,Historical,50013,0,0,D,9,1,477242,286.95,2007,62,97.74,93.51
33929,Historical,877183,0,0,D,10,1,38244,19.08,2013,23,58.33,15.73
33930,Historical,553024,0,0,D,5,1,166059,181.4,2007,44,122.99,53.99
33931,Historical,50014,0,0,D,8,1,897332,139.95,2003,65,97.74,13.54
33932,Historical,117516,0,0,D,4,1,293537,129,2003,33,122.99,19.93
33933,Historical,643411,0,0,D,5,1,247002,144.95,2011,11,176.19,92.39
33934,Historical,51321,0,0,D,5,1,112533,226.95,2011,48,176.19,65.89
33935,Historical,51318,1,1,D,4,1,859519,239.95,2007,80,176.19,20.08
33936,Historical,254200,0,0,D,6,1,328063,156.95,2010,56,86.45,29.68
33937,Historical,870998,0,0,D,5,1,1200062,165.95,2007,54,86.45,43.63
33938,Historical,525523,0,0,D,3,1,1600308,56.95,2006,40,21.84,46.71
33939,Historical,162968,1,1,D,5,1,78764,265.5,2010,60,82.92,113.23
33940,Historical,165656,1,1,D,4,1,610406,63.54,2005,53,82.92,63.64
33941,Historical,770245,0,0,D,1,0,265468,79.95,2004,42,52.95,4.99
33942,Historical,149270,0,0,D,2,1,2607080,45,2002,41,0,18.29
33943,Historical,188209,1,2,D,1,0,950043,49.95,1997,49,99.82,9.31
33944,Historical,52192,0,0,D,8,1,35076,226.95,2008,252,116.97,30.96
33945,Historical,52194,1,26,D,7,1,592398,147.95,2004,197,116.97,6.99
33946,Historical,860232,0,0,D,5,1,3194676,78,2010,12,45.59,26.97
33947,Historical,177122,0,0,D,1,0,428761,197.95,2008,48,105.67,61.28
33948,Historical,52115,0,0,D,7,1,297165,206.95,2007,105,107.24,25.83
33949,Historical,159422,0,0,D,5,1,904342,205,2001,15,121.94,142.99
33950,Historical,1667951,0,0,D,0,0,2637675,68,2006,24,56.68,45.38
33951,Historical,875763,1,1,D,3,1,1175602,115.95,1999,82,62.42,23.98
33952,Historical,245195,0,0,D,4,1,585791,101.95,2005,42,62.42,24.95
33953,Historical,617675,1,2,D,1,0,876288,0,2006,44,57.85,21.69
33954,Historical,633929,0,0,D,1,0,1734114,61.47,2006,35,57.85,9.99
33955,Historical,705214,1,1,D,0,0,572857,58.13,2007,17,43.88,43.99
33956,Historical,248452,0,0,D,2,1,1141395,158.95,2008,39,63.96,33.17
33957,Historical,170114,0,0,D,3,1,135674,150.95,2011,34,63.96,41.57
33958,Historical,246330,0,0,D,1,0,1881203,48.99,2006,15,43.31,27.89
33959,Historical,908488,0,0,D,2,1,3158024,89,1985,26,60.05,93.05
33960,Historical,631508,1,1,D,0,0,806932,51,2011,49,38.97,27.8
33961,Historical,287023,0,0,D,3,1,1238599,125,2003,17,134.39,41.99
33962,Historical,607520,1,3,D,4,1,671163,85,1992,23,16,60.77
33963,Historical,525517,0,0,D,5,1,24529,188.95,2012,69,66.5,43.87
33964,Historical,169386,0,0,D,4,1,452148,207.95,2007,70,66.5,43.87
33965,Historical,807053,1,4,D,1,0,391422,55.95,2007,66,45.32,38.92
33966,Historical,199580,0,0,D,1,0,264046,82,2002,16,74.64,67.73
33967,Historical,619401,1,1,D,1,0,952043,67,2007,60,37.45,8.58
33968,Historical,495824,1,5,D,3,1,76044,177.95,2007,88,0,0
33969,Historical,210979,1,1,D,5,1,47845,72.95,2007,82,54.79,43.99
33970,Historical,294822,0,0,D,4,1,663511,61.95,2002,55,54.79,23.99
33971,Historical,204136,0,0,D,2,1,1110729,75.99,2007,31,54.21,17.57
33972,Historical,2124213,0,0,D,0,0,2580033,59.95,2007,13,63.13,62.93
33973,Historical,2260510,0,0,D,0,0,3423488,14.46,2007,38,0,13.1
33974,Historical,203779,0,0,D,1,0,782583,88.95,2007,66,44.98,8.46
33975,Historical,615038,0,0,D,3,1,426818,68.95,2004,55,47.73,17.34
33976,Historical,106153,0,0,D,3,1,845811,77.95,2005,41,42.02,32.17
33977,Historical,2851378,0,0,D,2,1,3551967,275,2005,18,119.09,151.71
33978,Historical,131092,0,0,D,3,1,393707,81,1999,24,4.35,33.76
33979,Historical,481244,0,0,D,4,1,1134536,106,2003,44,75,45.77
33980,Historical,3124081,0,0,D,0,0,468018,32.95,1996,22,49.5,26.94
33981,Historical,113219,1,1,D,1,0,519426,54.95,1997,93,18.99,18.87
33982,Historical,205637,1,1,D,2,1,708851,50,1998,43,42.49,48.14
33984,Historical,760809,0,0,D,1,0,7587131,200,2002,14,132.77,167.43
33985,Historical,868311,0,0,D,1,0,2862252,22.5,1969,24,49.4,47.76
33988,Historical,714617,0,0,D,5,1,1191661,177,1998,21,129.92,69.98
33989,Historical,868159,0,0,D,2,1,1248890,91,1983,18,97.09,130.62
33990,Historical,55071,1,1,D,6,1,113672,67.98,2006,69,132.99,53.69
33991,Historical,868003,0,0,D,0,0,2267319,169.95,1993,18,88.45,67.87
33992,Historical,757559,1,1,D,1,0,3664216,83.95,2002,16,86.74,50.11
33993,Historical,146171,0,0,D,2,1,462904,110,2009,53,73.98,45.04
33994,Historical,61018,0,0,D,1,0,1111158,87.6,2005,45,73.98,17.99
33995,Historical,650558,0,0,D,0,0,2984756,219,2007,21,182.07,105.5
33996,Historical,3095355,0,0,D,10,1,3208554,85,2005,20,23.89,36.98
33998,Historical,871919,0,0,D,0,0,7021001,35,1998,15,58.36,7.96
33999,Historical,534412,1,3,D,1,0,35818,12.92,2006,284,44.99,7.51
34000,Historical,525507,1,5,D,2,1,2232,41.99,2012,251,44.99,18.99
34001,Historical,289438,1,6,D,2,1,3876,25,2009,405,44.99,8.94
34002,Historical,3564586,0,0,D,3,1,3530731,173.95,2001,10,0,181.27
34003,Historical,2789726,0,0,D,1,0,30146,32.95,1987,25,58.62,20.77
34005,Historical,618554,0,0,D,2,1,87976,56.99,2011,80,64.9,45.77
34006,Historical,919023,0,0,D,1,0,2347840,67.6,2009,43,20.5,9.34
34007,Historical,130438,0,0,D,3,1,1250183,76.2,2010,63,20.5,14.26
34008,Historical,640078,0,0,D,1,0,531128,13.18,2009,17,64.9,13.18
34009,Historical,525505,1,2,D,2,1,101122,72,2012,77,43.5,37.93
34010,Historical,133205,0,0,D,1,0,707440,65.8,2010,76,43.5,7.99
34011,Historical,613396,1,2,D,2,1,110039,104.8,2012,123,63.15,18.99
34012,Historical,613711,0,0,D,1,0,925546,84.4,2010,51,63.15,38.98
34013,Historical,130767,1,2,D,1,0,112602,84.4,2011,38,30.99,25.91
34014,Historical,133084,0,0,D,1,0,249729,94.8,2010,27,30.99,23.96
34015,Historical,614932,1,1,D,1,0,111681,79.8,2010,44,35.61,23.99
34016,Historical,637762,0,0,D,1,0,155769,44.99,2012,48,26.69,32.26
34017,Historical,557548,0,0,D,1,0,221038,84.67,2010,36,47.5,18.99
34018,Historical,557000,1,2,D,1,0,645416,84.67,2011,26,47.5,8.98
34019,Historical,55512,1,2,D,1,0,681905,69.33,2009,60,16.03,9.94
34020,Historical,618949,1,1,D,1,0,460859,89.4,2010,31,53.62,60.34
34021,Historical,435073,0,0,D,4,1,222623,112.4,2012,42,79.77,38.74
34022,Historical,118635,0,0,D,3,1,511130,100.6,2007,26,79.77,12.93
34023,Historical,2031776,0,0,D,3,1,1485391,29.95,2007,31,23.37,8.98
34024,Historical,3084503,0,0,D,0,0,3125438,19.95,2005,31,23.37,11.93
34025,Historical,467392,0,0,D,2,1,412223,151.5,2007,110,94.49,15.99
34026,Historical,191932,0,0,D,1,0,453320,23.99,2003,70,94.49,25.73
34027,Historical,55436,0,0,D,7,1,2027195,100.2,2005,59,72.48,10.98
34028,Historical,55437,0,0,D,8,1,771978,102.6,2008,49,72.48,33.94
34029,Historical,55438,0,0,D,9,1,122327,145.6,2010,81,72.48,49.94
34030,Historical,643396,1,4,D,1,0,360612,39,2002,28,52.98,73.94
34031,Historical,174757,0,0,D,3,1,890006,48.99,2000,33,26.89,15.8
34032,Historical,713686,0,0,D,2,1,7121567,44,1998,23,15.99,10.99
34033,Historical,622258,0,0,D,3,1,2973305,53.8,2001,31,15.99,7.55
34034,Historical,2255227,0,0,D,8,1,1053477,62.33,2011,31,0,70.45
34035,Historical,110778,0,0,D,8,1,30293,47.75,2011,63,54.46,25.99
34036,Historical,110770,0,0,D,7,1,703678,11.37,2007,137,54.46,18.86
34037,Historical,54086,0,0,D,9,1,197286,170.95,2007,155,107.99,9.99
34038,Historical,54084,1,1,D,10,1,66056,160.95,2011,129,107.99,20.98
34039,Historical,55068,0,0,D,8,1,410260,170.95,2009,48,91.27,92.05
34040,Historical,55069,0,0,D,7,1,412660,170.95,2006,40,91.27,13.98
34041,Historical,270576,0,0,D,0,0,4962,19.95,2008,117,103.99,11.33
34043,Historical,525499,1,2,D,2,1,63263,195,2012,53,120.16,98.01
34044,Historical,2423693,1,1,D,1,0,115020,17,1982,51,0,64.8
34045,Historical,53667,1,2,D,5,1,38572,194,2010,536,53.94,22.99
34046,Historical,53666,0,0,D,4,1,110054,142.67,2006,203,53.94,13.73
34047,Historical,615637,0,0,D,2,1,482493,34.95,2008,55,23.21,17.72
34048,Historical,914258,0,0,D,1,0,1252215,44.95,1995,29,40.83,23.99
34049,Historical,50246,0,0,D,5,1,789768,121.4,2007,80,75.56,18.71
34050,Historical,50245,0,0,D,4,1,3336106,66.67,2004,44,75.56,8.69
34051,Historical,54586,1,1,D,4,1,57473,113.95,2009,84,48,9.98
34052,Historical,54584,1,1,D,4,1,100562,113.95,2009,63,38.02,24.42
34053,Historical,54585,1,1,D,3,1,323927,119.95,2004,69,38.02,9.99
34054,Historical,2535990,0,0,D,2,1,4917260,200,2000,14,0,93.61
34055,Historical,2399473,0,0,D,0,0,4926556,51.5,1991,20,9.77,47.4
34056,Historical,169331,0,0,D,9,1,1611341,83.95,2006,29,45.72,13.79
34057,Historical,567677,0,0,D,10,1,1316277,136.95,2009,36,45.72,31.11
34058,Historical,61019,1,1,D,8,1,309788,69.95,2005,43,56.81,48.45
34059,Historical,852575,0,0,D,7,1,954107,65,2001,21,56.81,50.2
34060,Historical,146167,0,0,D,12,1,604978,280.4,2009,55,126.6,133.99
34061,Historical,146072,0,0,D,12,1,35132,266.4,2009,146,141.26,53.98
34062,Historical,145697,0,0,D,11,1,783944,266.4,2007,169,141.26,32.13
34063,Historical,525496,0,0,D,12,1,691898,134.8,2009,84,85.9,33.74
34064,Historical,525497,1,1,D,12,1,196231,134.8,2009,105,85.9,51.49
34065,Historical,612946,1,1,D,11,1,715297,274.4,2007,104,126.6,18.51
34066,Historical,561311,0,0,D,12,1,99746,134.8,2009,51,91.6,31.54
34067,Historical,561091,0,0,D,11,1,1334256,128.8,2007,23,91.6,28.58
34068,Historical,608920,0,0,D,6,1,453988,59.95,2004,44,52.38,11.98
34069,Historical,609567,0,0,D,7,1,135473,78.95,2007,133,52.38,15.96
34070,Historical,774511,0,0,D,9,1,3293543,44.95,2004,24,14.94,5
34071,Historical,613551,0,0,D,10,1,1588193,52.95,2007,49,14.94,13.93
34072,Historical,146876,0,0,D,1,0,3061775,54.95,2001,24,18.84,8.99
34073,Historical,789263,1,1,D,1,0,2455319,219,2004,21,150.44,48.77
34074,Historical,909057,0,0,D,0,0,4695357,99,1998,26,40.79,28.88
34075,Historical,50065,0,0,D,12,1,84743,259.95,2008,90,144.39,24.74
34076,Historical,50067,1,4,D,11,1,359132,285.95,2006,113,144.39,23.97
34077,Historical,793505,0,0,D,4,1,1608023,145,2002,13,72.92,92.19
34078,Historical,711943,0,0,D,7,1,1651281,65.8,2002,55,45.99,7.7
34079,Historical,614245,0,0,D,8,1,113362,101.8,2006,62,45.99,14.89
34080,Historical,1658456,0,0,D,1,0,1456458,37.96,2011,16,47.96,49.99
34082,Historical,50484,0,0,D,6,1,543147,103,2002,65,59.56,11.34
34083,Historical,50482,0,0,D,7,1,56035,137.4,2006,128,59.56,14.98
34085,Historical,607253,0,0,D,2,1,1601449,92,2002,25,112.79,44.53
34086,Historical,875192,1,2,D,2,1,2243189,35.75,2009,44,57.35,25.2
34087,Historical,540445,0,0,D,3,1,22854,144.52,2012,65,57.35,42.97
34088,Historical,55066,1,1,D,2,1,102748,19.99,2008,74,57.35,12.99
34089,Historical,55065,1,12,D,1,0,210148,13.18,2005,88,57.35,22.99
34090,Historical,141894,0,0,D,2,1,651594,13.38,2008,40,44.46,13.38
34091,Historical,50764,0,0,D,6,1,179943,122,2007,45,53.59,57.23
34092,Historical,192416,0,0,D,4,1,569655,289,2005,18,246.22,157.46
34093,Historical,2559489,0,0,D,2,1,3558155,32.94,1974,42,108.35,7.33
34094,Historical,3131526,0,0,D,6,1,2106657,80,2003,20,0,63.61
34095,Historical,3512827,0,0,D,0,0,3949919,49.95,1987,13,0,43.86
34096,Historical,152303,0,0,D,2,1,292561,115,2006,20,63.23,38.99
34097,Historical,174193,0,0,D,0,0,2503455,48,1998,25,38.17,25.32
34098,Historical,2337052,1,3,D,0,0,2536640,153.5,1961,27,61.38,149.15
34099,Historical,100223,0,0,D,11,1,2480992,250,2005,14,117.22,128.98
34100,Historical,100224,0,0,D,9,1,3023817,100,2005,17,86.85,24.99
34101,Historical,534052,0,0,D,1,0,271844,150,1991,105,49.48,30.99
34102,Historical,2337047,0,0,D,0,0,1982835,119.5,1988,42,82.78,25.29
34103,Historical,700755,1,1,D,3,1,1600835,76,2005,29,17.23,34.43
34104,Historical,105569,1,2,D,1,0,2774546,54.95,2000,24,63.17,38.39
34105,Historical,105927,1,2,D,2,1,560897,76,2004,40,63.17,35.85
34106,Historical,105928,0,0,D,6,1,596700,72,2003,51,42.39,15.99
34107,Historical,904841,0,0,D,0,0,5681480,172.95,2003,18,0,38.78
34108,Historical,789518,0,0,D,1,0,2421321,99.95,2007,15,86.09,11.4
34109,Historical,1448212,0,0,D,1,0,1276282,47,2008,30,0,21.95
34110,Historical,249728,0,0,D,1,0,1517967,154.95,2007,58,36.62,12.43
34111,Historical,607310,1,1,D,10,1,1209491,34.8,1993,23,21.34,22.46
34112,Historical,545894,1,1,D,2,1,340925,113,2012,45,50.22,17.93
34113,Historical,249055,0,0,D,1,0,503236,104,2008,71,50.22,22.99
34114,Historical,110277,1,1,D,6,1,304543,44.24,2009,34,45.88,58.43
34115,Historical,61022,1,1,D,5,1,2183046,0,2005,61,45.88,13.49
34116,Historical,249820,0,0,D,4,1,162726,208.95,2006,37,73.94,26.98
34117,Historical,253909,0,0,D,5,1,122781,135.95,2010,30,135.09,58.27
34118,Historical,609592,0,0,D,4,1,1564757,213.95,2007,39,136.99,45.98
34119,Historical,245056,0,0,D,3,1,1445444,238.95,2003,51,136.99,40.22
34120,Historical,639976,1,3,D,5,1,618997,56.21,2011,31,0,0
34121,Historical,631646,0,0,D,5,1,387834,217.95,2009,21,80.02,94.32
34122,Historical,631318,0,0,D,4,1,1608704,208.95,2005,27,80.02,66.98
34123,Historical,1900475,1,1,D,5,1,862601,15.85,2009,25,0,10.21
34124,Historical,609487,0,0,D,3,1,514142,208.95,2005,13,91.99,432.34
34125,Historical,525459,0,0,D,4,1,1255079,217.95,2009,17,91.99,122.03
34126,Historical,618288,0,0,D,4,1,849786,217.95,2008,30,83.89,25.94
34127,Historical,645869,1,2,D,5,1,456442,121.95,2012,24,0,0
34128,Historical,593902,1,1,D,4,1,1318894,121.95,2010,33,127.03,72.95
34129,Historical,249817,1,1,D,3,1,1407470,208.95,2006,38,127.03,15.96
34130,Historical,253869,1,5,D,5,1,498800,197.95,2010,27,180.3,103.99
34131,Historical,61250,1,1,D,4,1,2037873,213.95,2005,29,180.3,15.98
34132,Historical,901517,0,0,D,1,0,4694476,73.39,2005,18,70.57,41.87
34133,Historical,614582,0,0,D,0,0,1742373,35.95,2002,54,0,8.98
34134,Historical,61024,1,9,D,5,1,81618,87.49,2003,101,115.73,39.44
34135,Historical,525456,1,5,D,6,1,40049,85.43,2008,88,115.73,73.55
34136,Historical,228791,1,1,D,11,1,1177473,125,2009,39,83.28,27.99
34137,Historical,279612,1,1,D,15,1,190860,155,2011,42,168.69,81.74
34138,Historical,228788,0,0,D,4,1,490375,155,2007,39,125.49,43.49
34139,Historical,2179688,0,0,D,4,1,1876712,69.95,2009,15,47.99,64.14
34140,Historical,613138,0,0,D,1,0,1065538,50,1993,117,27.02,10.76
34141,Historical,632071,0,0,D,1,0,392801,46,2012,19,56.38,46.12
34142,Historical,716719,0,0,D,0,0,7122145,0,2008,10,0,93.53
34143,Historical,533718,1,2,D,6,1,30915,79,2011,150,101.99,43.99
34145,Historical,61025,0,0,D,8,1,711960,317.95,2004,48,55.47,18.33
34146,Historical,183580,0,0,D,9,1,324609,317.95,2007,84,55.47,57.81
34147,Historical,203450,0,0,D,2,1,2224482,100,2002,21,20.89,18.02
34148,Historical,868226,0,0,D,3,1,5051045,87,1998,18,31.75,69.85
34149,Historical,884303,0,0,D,5,1,14878723,55,2006,13,51.44,0
34150,Historical,1468275,0,0,D,3,1,7912224,95,2008,30,45.9,57.71
34151,Historical,55435,0,0,D,9,1,86321,225,2011,151,38.88,117.87
34152,Historical,55434,1,3,D,8,1,535477,178,2006,109,38.88,22.86
34153,Historical,615609,1,1,D,3,1,1757383,6.98,2006,24,43.74,6.98
34154,Historical,1845270,0,0,D,6,1,5850930,67.5,2007,19,59.27,105.99
34155,Historical,297867,1,1,D,5,1,339414,222.95,2011,69,118.97,33.99
34157,Historical,595053,0,0,D,3,1,231956,224,2012,76,62.94,73.98
34158,Historical,553560,1,2,D,1,0,1502090,162.4,2010,45,28.41,17.93
34159,Historical,252013,0,0,D,4,1,612383,240.95,2008,66,118.97,28.32
34160,Historical,1473698,0,0,D,4,1,3032121,77,2010,25,45.9,49.23
34161,Historical,625669,1,2,D,4,1,242121,159.95,2012,34,48.24,57.93
34162,Historical,875227,0,0,D,2,1,2465873,109.95,2006,23,48.24,5.24
34163,Historical,119981,0,0,D,1,0,1571698,158.4,2009,35,36.99,6.45
34164,Historical,574760,1,1,D,3,1,641544,109.95,2009,44,48.24,16.82
34165,Historical,193587,1,1,D,2,1,1090593,154,2008,83,62.94,71.47
34166,Historical,2829208,0,0,D,2,1,5071371,33.99,2005,26,0,33.99
34167,Historical,876801,1,3,D,6,1,2700699,266.75,2009,45,69.98,97.6
34168,Historical,58230,0,0,D,5,1,1726321,146,2005,57,69.98,28.74
34169,Historical,58233,1,4,D,6,1,291093,206,2009,72,53.99,52.25
34170,Historical,58232,0,0,D,6,1,935448,225,2009,134,69.98,42.99
34171,Historical,252023,1,1,D,4,1,81539,262.95,2009,41,139.36,58.44
34172,Historical,202386,0,0,D,3,1,693396,277.95,2003,44,4,28.7
34173,Historical,775663,0,0,D,0,0,5445827,113,2003,19,43.99,19.94
34174,Historical,619611,1,5,D,1,0,1991952,170,2010,22,136.17,11.21
34175,Historical,614232,0,0,D,3,1,1193613,185,2009,68,0,0
34176,Historical,776093,1,1,D,2,1,1816990,150,2008,50,43.99,9.09
34177,Historical,607811,0,0,D,3,1,981311,185.95,1995,22,111.07,24.09
34178,Historical,2341173,0,0,D,1,0,1565919,70,1993,25,39.64,10.67
34179,Historical,246730,1,1,D,3,1,1399795,82.99,2009,16,58.19,59.94
34180,Historical,540825,0,0,D,4,1,147056,71,2013,41,33.99,41.72
34181,Historical,863048,0,0,D,2,1,2293030,83.91,2002,33,38.3,5.87
34182,Historical,873419,0,0,D,0,0,4549392,0,2002,15,25.98,20
34183,Historical,552863,0,0,D,7,1,1035279,109.33,2006,35,25.98,11.74
34184,Historical,2566613,0,0,D,1,0,4224073,198,1996,10,109.02,71.08
34185,Historical,759761,0,0,D,9,1,1258916,10.49,2002,38,48.49,10.49
34186,Historical,446025,1,1,D,11,1,383977,17.99,2008,81,48.49,11.47
34187,Historical,1553501,0,0,D,0,0,829899,33.95,2012,13,50.54,26.66
34188,Historical,121338,1,1,D,4,1,527555,153.2,2009,61,97.28,33.99
34189,Historical,566601,0,0,D,10,1,1120755,21.51,2005,37,48.49,21.16
34190,Historical,626982,0,0,D,2,1,2492597,58.95,2009,35,60.58,58.95
34191,Historical,621005,0,0,D,2,1,157537,107.63,2009,29,170.23,46.67
34192,Historical,912448,0,0,D,2,1,395992,0,1968,32,19.04,28.99
34193,Historical,147482,1,3,D,7,1,686024,76.95,2007,155,84.69,11.87
34194,Historical,147652,0,0,D,8,1,40082,82.95,2011,115,84.69,20.99
34195,Historical,592463,1,2,D,3,1,141838,50.95,2005,40,11.46,23.24
34196,Historical,614766,0,0,D,5,1,2487206,170,2003,18,142.96,66.46
34197,Historical,143447,0,0,D,6,1,1886048,194,2002,22,113.99,48.94
34198,Historical,2563475,0,0,D,1,0,3618511,215.5,1996,18,49.99,144.94
34199,Historical,627275,0,0,D,8,1,1157983,126,2010,15,163.97,83.99
34200,Historical,193726,1,1,D,3,1,838053,195,2010,34,103.94,8.72
34201,Historical,874236,0,0,D,0,0,1001559,38,2012,41,103.94,14.3
34202,Historical,193596,0,0,D,2,1,2533749,140,2007,19,103.94,7.52
34203,Historical,868004,0,0,D,2,1,1323208,82.75,1996,26,44.43,7.15
34204,Historical,619645,0,0,D,1,0,497663,65,1995,25,19.5,34.21
34205,Historical,871561,0,0,D,4,1,123303,49.99,2014,24,37.03,38.57
34206,Historical,116780,0,0,D,3,1,425753,49.99,2004,48,37.03,23.08
34207,Historical,615131,1,2,D,1,0,68196,80,1993,151,58.38,13.99
34208,Historical,3790392,1,1,D,1,0,205133,59.95,2008,19,0,43.98
34210,Historical,290386,0,0,D,4,1,897539,135,2005,43,75.88,48.49
34211,Historical,638386,0,0,D,2,1,1159501,76.95,2007,35,55.49,133.65
34212,Historical,2570273,0,0,D,1,0,2205699,125,1991,20,38.5,104.26
34213,Historical,538499,1,2,D,3,1,89379,240,2013,53,37.65,32.27
34214,Historical,52781,1,1,D,1,0,778297,23.49,2006,76,37.65,21.99
34215,Historical,52782,0,0,D,2,1,364287,45.05,2010,115,37.65,38.99
34216,Historical,915335,0,0,D,3,1,1050754,35.94,2005,44,172.63,30.38
34217,Historical,110421,0,0,D,4,1,392182,240,2008,41,172.63,141.82
34218,Historical,54718,1,5,D,5,1,13801,146.25,2010,81,119.74,66.12
34219,Historical,538600,1,3,D,3,1,26573,153.5,2013,80,74.18,45.66
34220,Historical,111082,1,2,D,2,1,266467,118.25,2009,49,74.18,12.14
34221,Historical,111466,1,1,D,2,1,527585,33.98,2010,82,74.18,63.27
34222,Historical,285294,1,4,D,3,1,324842,45,2005,87,119.74,47.67
34223,Historical,54716,0,0,D,3,1,1802614,107.5,2005,41,119.74,24.57
34224,Historical,54717,0,0,D,4,1,37383,45.07,2007,99,119.74,39.43
34225,Historical,53046,1,1,D,5,1,7126,75.77,2010,85,115.66,35.46
34226,Historical,111467,0,0,D,2,1,397617,55.96,2010,93,44.59,33.61
34227,Historical,109589,1,1,D,1,0,1575432,9.31,2006,63,44.59,9.31
34228,Historical,285494,1,1,D,2,1,309706,14.67,2009,48,44.59,29.98
34229,Historical,538601,0,0,D,3,1,13755,153.5,2013,58,44.59,77.99
34230,Historical,53044,1,1,D,3,1,1250447,106.15,2005,74,115.66,4.98
34231,Historical,53045,1,1,D,4,1,42882,113.33,2007,86,115.66,28.79
34232,Historical,61120,0,0,D,3,1,1564581,111,2005,60,115.66,38.72
34233,Historical,1438263,0,0,D,4,1,201661,0,2007,31,31.78,26.41
34234,Historical,109092,0,0,D,3,1,796004,0,2006,17,43.91,63.83
34235,Historical,109093,0,0,D,3,1,3487165,7.53,2005,26,58.64,4.17
34236,Historical,109957,0,0,D,4,1,1154222,171.49,2007,33,58.64,72.93
34237,Historical,54890,0,0,D,3,1,950253,353.95,2001,41,151.06,47.54
34238,Historical,54889,0,0,D,4,1,112120,287.95,2008,47,151.06,78.6
34239,Historical,895273,0,0,D,4,1,1397973,45.95,2009,16,123.99,37.47
34240,Historical,116492,0,0,D,3,1,789676,170,2004,28,123.99,61.95
34241,Historical,243771,1,1,D,4,1,50830,64,2010,73,60.96,162.15
34242,Historical,241816,1,9,D,3,1,210278,52.95,2005,87,60.96,38.38
34243,Historical,243772,0,0,D,4,1,86430,30.67,2011,38,20.51,48.81
34244,Historical,241817,1,1,D,1,0,274477,19.95,2005,76,20.51,18.64
34245,Historical,2171978,0,0,D,0,0,548120,49.95,2006,21,41.65,33.98
34246,Historical,908326,0,0,D,9,1,2161065,63.16,2007,25,0,0
34247,Historical,118747,0,0,D,5,1,251226,131.27,2008,21,41,37.67
34248,Historical,116804,0,0,D,4,1,2470026,100.4,2005,30,41,16.87
34249,Historical,2618402,0,0,D,3,1,1346805,54.95,1992,44,11.72,33.98
34250,Historical,3615822,0,0,D,1,0,318362,39.95,1993,33,0,53.99
34251,Historical,917621,0,0,D,2,1,1868563,54.5,1990,36,45.98,13.9
34252,Historical,906658,0,0,D,3,1,273308,52.95,2003,22,45.98,29.52
34253,Historical,893796,0,0,D,2,1,3981861,45.95,2000,12,39.69,64.99
34254,Historical,204128,0,0,D,5,1,537419,57.95,2007,105,51.95,11.94
34255,Historical,270977,1,1,D,6,1,86758,67.99,2011,113,51.95,18.66
34256,Historical,2257043,0,0,D,5,1,3113447,42.98,2008,41,0,34.98
34257,Historical,525430,0,0,D,6,1,43268,72.95,2012,53,28.63,50.27
34258,Historical,147494,0,0,D,5,1,540208,60.95,2007,113,28.63,12.99
34259,Historical,3014114,1,1,D,0,0,2664262,49.95,1993,21,0,23.69
34261,Historical,416512,1,4,D,1,0,617617,42.65,2005,28,81.07,182.81
34262,Historical,550110,0,0,D,0,0,241807,118.13,2005,31,81.07,113.14
34263,Historical,120806,0,0,D,1,0,1426284,117.4,2010,21,51.94,33.98
34264,Historical,286077,1,3,D,1,0,148357,113.4,2010,77,51.94,9.99
34265,Historical,114057,0,0,D,0,0,1545072,88,2007,40,87.69,9.98
34266,Historical,118986,1,1,D,3,1,196996,147,2010,86,87.69,23.99
34267,Historical,616751,1,1,D,2,1,1429179,116,2006,47,87.69,21.99
34268,Historical,287542,1,2,D,4,1,851400,122.67,2005,28,87.18,18.99
34269,Historical,607279,0,0,D,2,1,3118549,96,2004,22,91.84,10.99
34270,Historical,607409,1,1,D,3,1,700742,124.8,2007,51,91.84,15.48
34271,Historical,169841,0,0,D,7,1,118353,290.95,2010,47,181.77,97.45
34272,Historical,635838,0,0,D,1,0,118129,59,2011,31,0,0
34273,Historical,626132,0,0,D,3,1,1607313,38.87,2008,26,71.99,38.87
34274,Historical,621766,0,0,D,1,0,1684631,13.83,2006,29,71.99,13.74
34275,Historical,288083,0,0,D,1,0,1185639,99,2004,22,74.5,52.71
34277,Historical,505026,0,0,D,4,1,393031,199,2008,69,153.99,72.83
34278,Historical,903093,0,0,D,1,0,3929790,120,2007,18,0,6.29
34279,Historical,525419,0,0,D,6,1,2305715,74.2,2010,27,80.99,43.98
34280,Historical,285601,0,0,D,6,1,208628,41.94,2010,78,80.99,45.99
34281,Historical,308951,0,0,D,5,1,1661944,18.28,2006,61,80.99,15.83
34282,Historical,2678114,0,0,D,2,1,4247992,390,2005,13,159.68,76.55
34283,Historical,290309,1,1,D,1,0,1741379,155,1996,20,103.98,42.96
34284,Historical,619643,0,0,D,1,0,209731,131.64,1960,45,58.99,73.03
34285,Historical,658551,0,0,D,2,1,1333060,139.95,2009,23,72.38,104.96
34286,Historical,716709,0,0,D,2,1,149096,74.64,2009,14,118.97,96.95
34287,Historical,114463,0,0,D,0,0,293064,157,2004,28,118.97,104.63
34288,Historical,607524,0,0,D,3,1,380549,112,1993,24,67.92,43.94
34289,Historical,288945,1,3,D,7,1,29012,356.95,2010,76,248.41,31.98
34290,Historical,148035,0,0,D,6,1,744290,362.95,2005,60,248.41,38.98
34291,Historical,868165,0,0,D,2,1,2623381,105,1992,23,28.93,44.18
34292,Historical,632322,0,0,D,0,0,1097355,50,2005,21,59.01,5.78
34293,Historical,1593554,0,0,D,1,0,2129713,129.99,2008,18,71.56,25
34294,Historical,701074,0,0,D,6,1,997970,244,2007,28,96.43,36.97
34295,Historical,699939,0,0,D,5,1,3569871,210,2003,23,96.43,50.07
34296,Historical,192814,0,0,D,3,1,2306135,99,2001,15,65.83,9.13
34297,Historical,238934,1,1,D,6,1,88404,125,2007,117,118.98,63.48
34298,Historical,225757,0,0,D,2,1,2221353,167.95,2003,17,174.75,94.98
34299,Historical,2852055,0,0,D,1,0,3268786,169.95,1995,18,174.75,40.13
34300,Historical,2898293,1,1,D,8,1,588900,43.99,2005,57,103.46,23.99
34301,Historical,743562,0,0,D,1,0,5532515,169,2003,17,128.59,36.94
34302,Historical,743687,0,0,D,2,1,3171609,204.95,2008,15,128.59,50.15
34303,Historical,169147,0,0,D,3,1,390964,204.95,2006,43,97.29,61.57
34304,Historical,61029,0,0,D,2,1,3024922,83.95,2002,27,97.29,29.66
34305,Historical,775636,0,0,D,0,0,3213282,112,2004,31,48.98,87.11
34306,Historical,190794,0,0,D,15,1,4610688,146,2002,12,81.31,38.99
34307,Historical,618039,0,0,D,1,0,964597,60,1996,69,59.66,10.49
34308,Historical,261401,0,0,D,1,0,1383125,30,2002,31,30.62,8.48
34309,Historical,917950,0,0,D,2,1,3137353,75,1998,30,24.16,31.67
34310,Historical,503605,0,0,D,5,1,255415,305.99,2010,26,169.97,43.97
34311,Historical,289953,0,0,D,1,0,851648,95.95,2004,22,73.55,95.94
34312,Historical,911429,0,0,D,1,0,4162379,159,2002,21,109.24,48.34
34313,Historical,625418,0,0,D,1,0,485628,78.95,2004,33,52.41,38.24
34314,Historical,146869,1,1,D,1,0,2274465,69.95,2001,28,40.98,23.99
34315,Historical,288809,0,0,D,2,1,461850,103,2006,24,40.98,48.99
34316,Historical,204087,1,1,D,2,1,1083798,175,2006,19,120.39,123.99
34317,Historical,385327,0,0,D,3,1,70587,225.95,2005,50,132.9,46.43
34318,Historical,117225,1,2,D,2,1,809714,86,2006,66,77.94,33.99
34319,Historical,647251,0,0,D,3,1,121580,125,2011,20,63.99,78.98
34320,Historical,193630,0,0,D,2,1,212250,92,2008,20,63.99,8.98
34321,Historical,737996,0,0,D,3,1,1833817,27,1997,21,63.99,14.55
34322,Historical,620246,1,1,D,5,1,81482,127,2011,45,33.98,52.3
34323,Historical,193401,0,0,D,3,1,1199898,73,2004,24,33.98,50.29
34324,Historical,58554,0,0,D,8,1,276450,123,2010,39,56.61,68.98
34325,Historical,55432,1,1,D,7,1,205494,85,2007,55,56.61,101.72
34326,Historical,55431,1,4,D,6,1,287886,69,2002,69,56.61,16.1
34327,Historical,874564,0,0,D,0,0,1020689,114.75,1996,11,35.93,51.33
34328,Historical,178480,1,1,D,3,1,512854,0,2001,31,35.93,46
34329,Historical,525400,1,1,D,3,1,70942,203,2010,72,101.99,62.99
34330,Historical,764441,0,0,D,0,0,6988470,87.95,2003,18,68.04,56.77
34331,Historical,771158,1,1,D,6,1,1232750,151.95,2003,44,95.55,24.96
34332,Historical,61031,1,2,D,2,1,220851,158,2006,71,101.99,24.42
34333,Historical,761996,0,0,D,1,0,856899,89.99,2006,31,56.39,33.69
34334,Historical,533299,1,1,D,7,1,17962,314.95,2012,70,78.64,103.94
34335,Historical,620728,0,0,D,10,1,123048,237.2,2012,34,89.97,217.98
34336,Historical,607410,0,0,D,8,1,879321,162.67,2007,74,97.41,19.98
34337,Historical,561405,0,0,D,9,1,71377,223.2,2011,79,97.41,72.98
34338,Historical,879027,0,0,D,6,1,306466,58.85,2008,47,78.64,43.98
34339,Historical,176885,0,0,D,1,0,1122006,327.95,2002,46,68.04,18.49
34340,Historical,550360,1,1,D,1,0,925149,232.5,2007,29,113.83,53.49
34341,Historical,533748,1,2,D,10,1,4721,223.2,2012,89,89.97,98.01
34342,Historical,61032,0,0,D,7,1,642756,328.95,2006,44,95.55,8.79
34343,Historical,616486,0,0,D,2,1,1364681,23.49,2009,40,56.39,21.41
34344,Historical,713283,0,0,D,3,1,2171343,109.33,2002,31,85.23,15.18
34345,Historical,61033,0,0,D,4,1,2344432,147.33,2005,26,85.23,23.44
34346,Historical,292156,0,0,D,6,1,1085907,137.96,2005,44,95.55,10.97
34347,Historical,51556,1,3,D,9,1,109068,178.67,2008,156,89.97,33.92
34348,Historical,525399,1,1,D,8,1,143375,328.95,2010,71,95.55,35
34350,Historical,537950,1,2,D,1,0,397410,60.3,1996,43,98.98,49.26
34351,Historical,164867,0,0,D,1,0,582468,0,1996,35,44.99,65.19
34352,Historical,1562712,0,0,D,2,1,4224404,425,2006,5,0,0
34353,Historical,626290,1,2,D,1,0,924013,70,2010,39,45.08,20.99
34354,Historical,626080,0,0,D,3,1,983230,54,2005,20,18.99,38.99
34355,Historical,841185,1,2,D,2,1,1519949,0,1985,10,43.99,0
34356,Historical,2657785,0,0,D,4,1,3330560,534.29,1981,14,45.16,73.74
34357,Historical,778484,0,0,D,2,1,8635104,71.95,2006,9,51.9,52.87
34358,Historical,797518,0,0,D,2,1,4175254,49.95,2002,20,11.46,7.99
34359,Historical,2913140,1,1,D,6,1,3434352,0,2005,10,192.97,221.01
34360,Historical,608554,0,0,D,2,1,1792558,57.95,2003,40,75.9,19.82
34361,Historical,55063,0,0,D,3,1,746043,155.95,2006,38,75.9,50.51
34362,Historical,3133389,1,1,D,8,1,1758882,112.25,2003,21,82.63,44.84
34363,Historical,1590532,0,0,D,5,1,2617502,79.99,2009,22,63.13,56.09
34364,Historical,2855349,0,0,D,1,0,4572031,279.99,2001,16,170.72,125.85
34365,Historical,145210,0,0,D,3,1,1667752,75.6,2005,43,18.34,34.16
34366,Historical,3463899,0,0,D,0,0,3814807,100,1982,37,0,16.94
34367,Historical,249763,0,0,D,4,1,173509,341.95,2007,41,188.52,88.67
34368,Historical,61034,0,0,D,3,1,1436338,341.95,2000,45,188.52,77.21
34369,Historical,623191,0,0,D,3,1,2381258,17.98,2002,37,74.09,17.74
34370,Historical,167080,0,0,D,4,1,1270872,14.58,2006,35,74.09,10.01
34371,Historical,711947,0,0,D,2,1,1293112,68.8,2001,24,15.99,10.97
34372,Historical,265064,0,0,D,0,0,192938,75,2011,23,38.03,17.99
34373,Historical,2550635,0,0,D,3,1,13514332,36.95,1992,14,32.15,102.26
34374,Historical,114891,0,0,D,0,0,131335,25.6,2001,67,43.96,49.99
34375,Historical,623143,0,0,D,2,1,945321,65.95,2002,59,4.01,45
34376,Historical,3518371,0,0,D,0,0,3256007,53.95,1996,33,0,23.99
34377,Historical,137965,0,0,D,0,0,2076704,70,2001,30,0,66.09
34378,Historical,2397078,0,0,D,5,1,4213958,65.95,1994,17,32.32,33.99
34379,Historical,61220,0,0,D,6,1,194062,185.95,2006,54,33.75,19.29
34380,Historical,525390,0,0,D,5,1,118686,159.95,2009,96,81.24,40.99
34381,Historical,61036,1,2,D,4,1,99408,169.95,2006,61,81.24,31
34382,Historical,127439,0,0,D,0,0,237225,56.95,2008,69,40.47,23.94
34383,Historical,765610,1,5,D,5,1,600395,112.95,2003,56,83.26,24.95
34384,Historical,450320,0,0,D,6,1,437585,200.95,2006,65,83.26,88.59
34385,Historical,2681261,0,0,D,1,0,3459916,155,1995,15,71.08,112.65
34386,Historical,2550946,0,0,D,1,0,2828373,245,1999,12,157.54,24.99
34387,Historical,872264,0,0,D,2,1,833898,44.75,2011,11,51.21,21.78
34388,Historical,626467,1,2,D,1,0,278331,66.8,2002,42,51.21,38.97
34389,Historical,536246,0,0,D,5,1,80324,60,2011,51,47.81,63.49
34390,Historical,56919,0,0,D,4,1,84020,60,2006,90,47.81,16.24
34391,Historical,2254025,0,0,D,0,0,4842742,74.9,2010,34,42.99,65.86
34392,Historical,1890765,0,0,D,0,0,94083,99.99,2011,5,0,74.98
34393,Historical,1862316,0,0,D,0,0,192376,19.99,2011,41,25.58,12.98
34394,Historical,923260,1,1,D,0,0,4487,11.99,2011,155,25.58,6.99
34395,Historical,756964,0,0,D,2,1,4420256,275,2000,17,140.41,113.23
34396,Historical,863806,0,0,D,2,1,1578631,205,2009,28,0,113.29
34397,Historical,757782,0,0,D,8,1,6747351,115.95,2004,19,178.98,50.14
34398,Historical,662342,1,1,D,0,0,112115,79.95,2004,18,0,117.27
34399,Historical,55536,1,4,D,0,0,1084425,33.33,2003,36,33.99,10.09
34400,Historical,55537,0,0,D,2,1,279793,41,2006,55,33.99,8.98
34401,Historical,525375,0,0,D,2,1,1434435,90,2009,20,0,0
34402,Historical,276296,0,0,D,1,0,2611590,79.95,2005,16,0,27.08
34403,Historical,630104,0,0,D,0,0,1166021,49.99,2009,51,31.59,11.99
34404,Historical,868431,0,0,D,1,0,5198391,95,1996,31,67.79,24.64
34405,Historical,1539440,0,0,D,1,0,1995134,325,2007,9,294.65,343.99
34406,Historical,279199,1,4,D,4,1,668624,150,2006,65,110.04,45.88
34407,Historical,907012,0,0,D,2,1,1781431,64.99,2005,20,43.65,39.98
34408,Historical,366553,0,0,D,5,1,739222,145.95,2009,73,60.07,32.99
34409,Historical,366497,0,0,D,4,1,1824992,69.95,2005,35,60.07,5.16
34410,Historical,748347,0,0,D,1,0,3537400,170,2005,18,22.08,52.91
34411,Historical,289298,0,0,D,2,1,2182978,59.95,2001,22,20.05,53.49
34412,Historical,221817,0,0,D,6,1,518328,102.95,2004,29,40.73,13.69
34413,Historical,570760,1,1,D,9,1,2424564,0,2009,34,125.21,45.76
34414,Historical,51496,0,0,D,9,1,102945,319.95,2008,107,125.21,44.87
34415,Historical,244217,1,2,D,10,1,32433,301.95,2012,86,158.02,53.98
34416,Historical,53293,1,1,D,9,1,225241,332.95,2008,116,158.02,12.38
34417,Historical,54583,0,0,D,13,1,231143,267.95,2011,56,83.95,20.73
34418,Historical,243963,1,1,D,13,1,468223,257.95,2011,51,83.95,70.63
34419,Historical,54582,0,0,D,12,1,306258,282.95,2009,47,83.95,40.1
34420,Historical,133457,0,0,D,2,1,942272,144.8,2011,63,33.99,43.63
34421,Historical,133384,0,0,D,2,1,335806,173.8,2011,57,33.99,23.98
34422,Historical,133456,0,0,D,2,1,589490,105.2,2011,50,33.99,51.59
34423,Historical,133458,0,0,D,2,1,858214,118.8,2011,49,33.99,22.49
34424,Historical,1656695,0,0,D,2,1,4189665,39.75,2006,15,43.47,28.99
34425,Historical,119112,0,0,D,5,1,187114,146.67,2011,72,100.98,59.2
34426,Historical,118215,0,0,D,4,1,381660,113,2008,48,100.98,30.42
34427,Historical,286259,0,0,D,5,1,94388,224,2007,107,83.57,43.38
34428,Historical,61039,1,1,D,4,1,2484148,164.8,2004,59,83.57,7.5
34429,Historical,290197,1,2,D,4,1,126689,76,2009,41,64.74,51.22
34430,Historical,61040,1,1,D,3,1,1077808,70,2003,69,64.74,33.08
34431,Historical,390129,1,2,D,0,0,2537480,32,1996,22,62.38,73.81
34432,Historical,390131,0,0,D,2,1,669856,52.95,2002,14,62.38,130.23
34433,Historical,1846049,0,0,D,1,0,7414942,49.99,2010,7,42.63,0
34434,Historical,187975,1,1,D,4,1,2448960,139,1999,40,71.99,23.98
34435,Historical,867976,1,2,D,1,0,340875,101,1996,18,44.95,98.41
34436,Historical,548929,1,4,D,1,0,370028,57.5,1993,64,53.76,36.96
34437,Historical,217404,0,0,D,2,1,201563,70,2006,73,53.76,23.06
34438,Historical,291636,0,0,D,7,1,1647268,130.95,2004,44,78.5,42.94
34439,Historical,169930,0,0,D,8,1,149740,124.95,2009,38,78.5,84.41
34440,Historical,53258,1,2,D,8,1,43374,218.95,2006,92,88.99,36.31
34441,Historical,53261,1,5,D,7,1,438775,240.95,2003,59,88.99,13.98
34442,Historical,285615,0,0,D,3,1,1057498,99.96,2004,29,11.85,37.91
34443,Historical,871013,0,0,D,2,1,1289744,104.5,1997,59,11.85,18.24
34444,Historical,132240,0,0,D,5,1,1454379,142.8,2006,37,93.91,23.59
34445,Historical,121238,0,0,D,6,1,226540,176.2,2010,34,93.91,72.83
34446,Historical,650938,0,0,D,6,1,602438,39.99,2002,18,73.13,59.19
34447,Historical,542969,0,0,D,6,1,3119393,39.95,2003,17,73.13,85.87
34448,Historical,587885,1,7,D,6,1,650452,167.95,2012,36,158.99,42.99
34449,Historical,53288,1,1,D,4,1,157695,253.95,2006,80,158.99,15.93
34450,Historical,53286,0,0,D,5,1,67685,240.95,2008,93,158.99,21.51
34451,Historical,711208,1,1,D,1,0,1927776,94.7,2001,29,36.43,16.95
34452,Historical,514681,1,2,D,10,1,1186,325,2012,235,150.43,23.93
34453,Historical,594902,0,0,D,2,1,113513,104,2013,41,38.99,53.49
34454,Historical,286101,0,0,D,1,0,294274,157.4,2008,62,38.99,42.8
34455,Historical,288900,0,0,D,1,0,243887,223.95,2005,29,41.17,22.08
34456,Historical,53380,1,1,D,9,1,20330,40.03,2009,366,150.43,13.99
34457,Historical,899658,0,0,D,0,0,4030023,18.99,2004,15,0,18.99
34458,Historical,910453,1,1,D,2,1,3135772,73,1992,17,35.99,60.05
34459,Historical,55428,1,1,D,7,1,425425,87,2007,61,78.31,27.47
34460,Historical,525354,0,0,D,8,1,608891,252.95,2010,49,95.56,66.83
34461,Historical,61043,1,3,D,7,1,421923,242.95,2007,42,95.56,8.79
34462,Historical,919536,1,1,D,4,1,2050204,5.99,2003,48,63.98,23.99
34463,Historical,592740,0,0,D,4,1,537065,33.99,2009,18,0,0
34464,Historical,900498,0,0,D,3,1,1361037,23.04,2006,40,33.58,18.27
34465,Historical,566789,0,0,D,3,1,590823,65,2006,76,33.58,14.73
34466,Historical,533309,0,0,D,14,1,45984,180.95,2012,62,76.38,53.25
34467,Historical,525353,0,0,D,5,1,35736,142.95,2012,91,57.19,42.51
34468,Historical,148650,0,0,D,3,1,2627401,172.95,2008,47,57.19,24.99
34469,Historical,178965,0,0,D,4,1,1263392,151.95,2010,49,57.19,12.98
34470,Historical,61044,0,0,D,12,1,1644486,115.95,2008,47,82.1,7.99
34471,Historical,250191,0,0,D,11,1,3300804,102.95,2006,20,82.1,21.03
34472,Historical,1871377,0,0,D,3,1,562916,0,2012,13,45.27,15.99
34473,Historical,581667,0,0,D,3,1,1954607,4.65,2001,34,45.27,8.98
34474,Historical,633308,0,0,D,2,1,200785,41,2009,30,252.81,48.97
34475,Historical,581658,1,1,D,1,0,1687644,37,2004,39,252.81,33.41
34476,Historical,581679,0,0,D,4,1,1853525,39,2005,25,48.99,28.49
34477,Historical,109344,0,0,D,6,1,2393324,114.85,2005,13,56.94,110.09
34478,Historical,581672,0,0,D,2,1,2501073,37,2004,32,29.99,48.37
34479,Historical,250966,0,0,D,3,1,1008840,28.58,2009,43,29.99,33.99
34480,Historical,193713,1,1,D,2,1,221230,103.95,2010,32,49.31,37.97
34481,Historical,193584,0,0,D,1,0,2716854,74.95,2007,30,49.31,19.61
34482,Historical,2259245,0,0,D,4,1,5625776,0,2006,22,38.98,117.96
34483,Historical,628727,0,0,D,1,0,33359,49.95,2010,37,52.62,28.99
34484,Historical,629516,0,0,D,1,0,597059,70.95,2009,52,50.53,20.99
34485,Historical,902175,0,0,D,0,0,1011497,43,1997,18,63.99,71.59
34486,Historical,621047,0,0,D,2,1,244452,104.99,2004,21,53.99,63.96
34487,Historical,55284,0,0,D,7,1,64998,271.95,2010,76,116.44,20.93
34488,Historical,55285,1,1,D,6,1,986387,140.95,2006,73,116.44,10.53
34489,Historical,51567,1,1,D,6,1,83177,121.85,2010,69,86.53,42.25
34490,Historical,51565,0,0,D,5,1,241414,73.49,2006,51,86.53,86.6
34491,Historical,252786,1,1,D,6,1,634952,48.99,2009,17,86.53,63.99
34492,Historical,525349,1,1,D,3,1,260119,77.33,2009,25,65.78,79.43
34493,Historical,760217,1,1,D,1,0,2939550,97.5,2003,21,53.91,21.6
34494,Historical,764082,1,5,D,5,1,3146257,99.95,2001,33,81.19,16.88
34495,Historical,534050,0,0,D,5,1,379434,124.95,2001,17,81.19,36.72
34496,Historical,246455,0,0,D,2,1,717936,0,2006,43,49.49,51.61
34497,Historical,3590250,0,0,D,0,0,4282127,30,2001,23,0,30
34498,Historical,651971,0,0,D,0,0,893926,33.99,2007,29,0,0
34499,Historical,130944,0,0,D,9,1,45512,165.2,2011,34,113.5,103.97
34500,Historical,61047,1,1,D,7,1,520699,113.33,2005,64,113.5,30
34501,Historical,132677,1,1,D,8,1,582664,125.33,2008,93,113.5,16.82
34502,Historical,200092,0,0,D,1,0,380272,107.95,2008,50,53.97,52.7
34503,Historical,132547,0,0,D,3,1,370185,74.4,2007,16,67.01,32.77
34504,Historical,145281,0,0,D,3,1,1244027,60.8,2005,21,67.01,4
34505,Historical,256294,0,0,D,1,0,1302454,36,2003,58,28.5,19.99
34506,Historical,631585,0,0,D,3,1,2452003,39,2010,25,36.03,49.67
34507,Historical,915094,0,0,D,2,1,3454412,39,2005,21,36.03,8.49
34508,Historical,615550,1,1,D,3,1,467161,100,1998,57,12.7,11.47
34509,Historical,711158,0,0,D,4,1,1717875,120.2,2001,39,12.7,40.15
34510,Historical,539248,0,0,D,10,1,35409,142.6,2012,69,99.41,26.98
34511,Historical,58229,0,0,D,9,1,176567,116.2,2009,48,99.41,43.99
34512,Historical,58228,0,0,D,8,1,20689,72,2006,63,99.41,41.99
34513,Historical,55426,0,0,D,4,1,29135,295.95,2010,85,149.13,69.37
34514,Historical,55427,0,0,D,3,1,830288,312.95,2007,70,149.13,22.97
34515,Historical,915101,0,0,D,3,1,1731611,49.95,1991,27,43.44,17.49
34516,Historical,55061,1,3,D,6,1,54617,200.95,2011,63,148.05,53.97
34517,Historical,55062,1,3,D,5,1,388949,211.95,2008,47,148.05,38.99
34518,Historical,55059,0,0,D,4,1,1653715,139.95,2006,85,148.05,18.99
34519,Historical,599018,0,0,D,0,0,552132,79.95,2011,27,44.22,53.97
34520,Historical,877263,0,0,D,8,1,1755231,50.47,2011,35,54.98,49.77
34521,Historical,51558,1,2,D,8,1,242152,80.2,2010,56,54.98,23.99
34522,Historical,613510,1,2,D,4,1,641063,74,2009,53,83.83,22.55
34523,Historical,623400,0,0,D,5,1,106006,88,2012,66,83.83,32.99
34524,Historical,405216,0,0,D,2,1,1322046,50.95,2008,27,52.63,35.97
34525,Historical,525346,0,0,D,11,1,1652757,166.95,2012,25,58.09,55.69
34526,Historical,243932,0,0,D,10,1,2670064,183.95,2010,15,58.09,109.62
34527,Historical,243809,0,0,D,10,1,185615,183.95,2010,127,50.99,21.84
34528,Historical,249940,0,0,D,9,1,1144965,201.95,2007,92,50.99,8.69
34529,Historical,874607,0,0,D,11,1,1325219,213.95,2012,31,58.09,58.49
34530,Historical,525344,1,1,D,11,1,187398,166.95,2012,102,50.99,21.83
34531,Historical,58210,0,0,D,4,1,1749951,38.95,2004,89,34.98,4.03
34532,Historical,391034,1,1,D,6,1,506818,132,2010,39,15.91,23.99
34533,Historical,391029,0,0,D,5,1,792932,120,2006,37,15.91,11.99
34534,Historical,297860,0,0,D,2,1,949294,119.95,2011,30,67.33,30.11
34535,Historical,245183,0,0,D,1,0,2633603,131.95,2006,20,67.33,8.98
34536,Historical,916962,0,0,D,4,1,756610,94.95,2000,34,48.33,41.03
34537,Historical,905465,0,0,D,0,0,2057786,97,1985,22,135.54,60.33
34538,Historical,51201,1,2,D,7,1,266728,152.95,2006,97,166.06,25.4
34539,Historical,51199,1,2,D,8,1,90396,236.95,2009,113,166.06,17.71
34540,Historical,484052,1,6,D,9,1,19556,214.95,2012,95,166.06,166.01
34541,Historical,126755,1,2,D,9,1,591437,72.95,2005,124,65.99,8.98
34542,Historical,51997,1,2,D,10,1,438658,84.95,2008,201,65.99,11.58
34543,Historical,129411,1,5,D,11,1,33747,94.95,2011,201,65.99,12.48
34544,Historical,61049,1,5,D,1,0,722698,112.8,2006,70,70.34,39.9
34545,Historical,428567,1,1,D,2,1,82745,142.6,2009,63,70.34,36.78
34546,Historical,539283,1,11,D,4,1,19254,158,2013,55,61.3,73.48
34547,Historical,54664,1,1,D,2,1,725162,104.2,2007,82,61.3,23.39
34548,Historical,54662,1,3,D,3,1,57255,121.2,2010,93,61.3,19.98
34549,Historical,53942,1,1,D,10,1,172454,82.89,2007,80,108.99,44.53
34550,Historical,53941,1,6,D,9,1,1357056,10.83,2005,36,108.99,9.97
34551,Historical,61052,0,0,D,9,1,1349301,163.95,2006,46,65.49,17.97
34552,Historical,169937,1,2,D,10,1,320904,153.95,2008,92,65.49,43.09
34553,Historical,632049,0,0,D,2,1,98798,113.95,2013,36,41.75,84.61
34554,Historical,637066,1,2,D,1,0,406041,112.95,2010,19,41.75,25.73
34555,Historical,276807,1,1,D,6,1,735634,65.95,2004,20,58.58,39.99
34556,Historical,127253,0,0,D,0,0,233456,69.95,2004,41,58.58,47.54
34557,Historical,776834,0,0,D,2,1,2334776,49.99,2008,16,0,12.62
34558,Historical,897416,1,1,D,0,0,2497117,65,2005,23,49.44,42.19
34559,Historical,556435,0,0,D,3,1,521825,55,2012,22,49.44,77.02
34560,Historical,908472,0,0,D,2,1,3059209,35,2003,13,306.53,33.93
34561,Historical,2679611,0,0,D,2,1,3070368,49,1993,15,36.58,9.79
34562,Historical,877795,1,6,D,9,1,8044,335.95,2014,63,133.9,38.99
34563,Historical,54393,1,3,D,7,1,117170,348.95,2010,94,133.9,28.99
34564,Historical,380525,0,0,D,8,1,45068,316.95,2012,88,133.9,46.99
34565,Historical,54394,1,3,D,6,1,564284,262.95,2008,96,133.9,41.99
34566,Historical,576437,0,0,D,1,0,3456651,60,2002,17,137.76,47.43
34567,Historical,127593,1,1,D,1,0,95824,65.95,2011,29,0,0
34568,Historical,614138,0,0,D,2,1,1356827,186.95,2006,54,13.48,8.98
34569,Historical,587494,0,0,D,3,1,273746,184.95,2012,36,13.48,68.98
34570,Historical,889398,0,0,D,0,0,2966853,93.95,1996,17,51.51,33.98
34571,Historical,562542,0,0,D,0,0,2291950,34.95,2002,25,34.21,34.58
34572,Historical,165732,0,0,D,4,1,1299407,36.3,2004,63,111.95,28.93
34573,Historical,162662,0,0,D,5,1,244574,72.01,2008,101,111.95,51.99
34574,Historical,385354,1,1,D,1,0,615504,181.95,2005,39,68.94,73.96
34575,Historical,698791,0,0,D,6,1,4484213,103.25,2007,15,109.12,74.08
34576,Historical,109514,1,2,D,6,1,576808,32.99,2005,24,109.12,19.43
34577,Historical,108865,0,0,D,6,1,200691,39.86,2005,28,109.12,28.85
34578,Historical,50025,0,0,D,11,1,37084,104.4,2007,93,86.41,77.17
34579,Historical,533345,0,0,D,7,1,33620,86.4,2012,89,56.56,23.87
34580,Historical,56689,0,0,D,6,1,466775,73.08,2009,106,56.56,11.99
34581,Historical,369277,0,0,D,2,1,683366,49,2011,34,47.01,44.96
34582,Historical,217367,0,0,D,0,0,1269725,55,2001,44,47.01,51.19
34583,Historical,53013,0,0,D,8,1,470045,360.95,2008,87,203.51,50.94
34584,Historical,53015,0,0,D,7,1,1578670,205.95,2005,78,203.51,7.67
34585,Historical,169821,0,0,D,8,1,140852,264.95,2008,52,203.51,52.31
34586,Historical,55424,0,0,D,5,1,18828,89.95,2010,256,66.74,27.74
34587,Historical,55423,1,1,D,4,1,964544,72.95,2006,153,66.74,4.5
34588,Historical,626700,1,1,D,13,1,305105,174.95,2012,58,172.09,73.97
34589,Historical,52006,1,3,D,12,1,83500,294.95,2010,304,172.09,22.88
34590,Historical,298905,0,0,D,6,1,536290,249.95,2010,47,110.98,42.09
34591,Historical,61051,0,0,D,5,1,314499,273.95,2007,35,110.98,40.97
34592,Historical,199503,0,0,D,1,0,310310,86,2002,11,44.19,75.86
34593,Historical,254506,1,1,D,2,1,597615,121.95,2011,24,25.44,45.99
34594,Historical,200203,0,0,D,1,0,946670,186.95,2007,25,25.44,53.24
34595,Historical,563609,1,10,D,1,0,39553,19.98,2011,134,82,15.99
34596,Historical,902701,0,0,D,1,0,1981525,22.89,2008,18,44.06,22.89
34597,Historical,435255,1,3,D,5,1,4705,122,2011,138,49.68,51.99
34598,Historical,53837,0,0,D,4,1,106699,103,2007,298,49.68,16.98
34599,Historical,701220,0,0,D,1,0,1205383,43,2007,38,23.3,11.47
34600,Historical,889868,0,0,D,1,0,1056923,89.95,2005,17,48.49,78.99
34601,Historical,423075,1,1,D,4,1,118401,111.6,2009,113,71.48,38.99
34602,Historical,3072068,1,1,D,1,0,1703978,39.95,2002,24,24.98,42.99
34603,Historical,566933,0,0,D,1,0,4292847,75,1998,23,43.99,62.39
34604,Historical,868198,0,0,D,2,1,1106860,77,1993,24,18.98,50.73
34605,Historical,873633,0,0,D,9,1,1002447,240.95,2010,90,97.74,13.22
34606,Historical,609983,0,0,D,11,1,19774,218.95,2014,30,97.74,103.14
34607,Historical,610471,0,0,D,10,1,54556,218.95,2012,81,97.74,32.97
34608,Historical,2604143,0,0,D,0,0,2503229,36.99,2004,25,43.02,23.99
34609,Historical,592783,1,1,D,3,1,277868,41,2008,33,28.97,81.65
34610,Historical,428616,1,2,D,10,1,18776,166,2012,116,105.47,23.94
34611,Historical,537573,1,2,D,11,1,21611,84.82,2012,56,101.99,43.99
34612,Historical,112317,1,2,D,1,0,54923,124.25,2006,115,71.97,51.96
34613,Historical,112178,0,0,D,2,1,236601,114.72,2002,180,71.97,13.71
34614,Historical,910041,0,0,D,0,0,655761,19.88,2008,19,71.97,17.97
34615,Historical,52932,1,1,D,10,1,260844,60.84,2010,109,101.99,14.95
34616,Historical,53709,0,0,D,9,1,315102,146,2009,118,105.47,35.58
34617,Historical,52931,0,0,D,9,1,307658,250,2008,120,101.99,14.99
34618,Historical,557046,1,1,D,14,1,38500,168.4,2012,70,90.6,68.15
34619,Historical,525341,0,0,D,13,1,518479,128,2010,68,90.6,74.01
34620,Historical,61053,0,0,D,12,1,195423,108.8,2007,48,90.6,43.38
34621,Historical,870181,0,0,D,3,1,1183191,56.17,2007,41,75.43,55.99
34622,Historical,132354,1,1,D,3,1,519188,72.4,2007,45,75.43,16.99
34623,Historical,870504,0,0,D,0,0,1800134,36.41,2007,43,81.43,38.99
34624,Historical,132318,0,0,D,7,1,837065,147.8,2007,81,81.43,11.99
34626,Historical,552482,0,0,D,1,0,139639,103.4,2009,58,68.46,52.41
34627,Historical,547217,0,0,D,8,1,47865,110.75,2012,64,53.99,29.48
34628,Historical,54793,0,0,D,7,1,111220,109.5,2009,104,53.99,45.06
34629,Historical,54792,1,2,D,6,1,751261,67.5,2007,89,53.99,11.17
34630,Historical,54791,1,1,D,5,1,659333,54.95,2005,48,53.99,8.99
34631,Historical,1871236,0,0,D,2,1,519598,49,2009,16,0,42.49
34632,Historical,555137,0,0,D,0,0,322021,51.88,1989,55,53.12,22.39
34634,Historical,592755,0,0,D,4,1,3247948,39,2006,17,34.73,23.94
34635,Historical,152210,0,0,D,0,0,901364,129,2005,28,59.44,64.98
34636,Historical,533752,1,2,D,8,1,19295,199.95,2012,112,92.39,23.74
34637,Historical,51536,1,2,D,7,1,153799,210.95,2010,84,92.39,32.49
34638,Historical,862404,1,3,D,9,1,17274,211.95,2014,70,92.39,84.65
34639,Historical,51533,0,0,D,5,1,177863,138.95,2007,80,92.39,20.95
34640,Historical,591950,0,0,D,1,0,1952048,78,2006,21,43.01,18.99
34641,Historical,607716,1,1,D,7,1,1783294,111.2,2006,43,78.99,13.84
34642,Historical,557499,0,0,D,8,1,543734,138.8,2008,46,78.99,40
34643,Historical,555845,0,0,D,0,0,5670401,79.95,2007,19,11.94,9.57
34644,Historical,55419,1,1,D,3,1,1147812,126.95,2008,92,64.4,14.89
34645,Historical,55421,0,0,D,4,1,140821,119.95,2011,116,64.4,23.99
34646,Historical,705107,1,3,D,2,1,1007703,62.5,2003,30,78.99,85.03
34647,Historical,868393,0,0,D,1,0,1767900,67.95,2003,16,23.28,59.22
34648,Historical,169893,0,0,D,9,1,42303,295.95,2008,57,87.92,88.76
34649,Historical,177934,1,1,D,7,1,1097481,146.95,2003,50,87.92,57.43
34650,Historical,61055,0,0,D,8,1,83142,184.95,2006,66,87.92,63.69
34651,Historical,2490169,0,0,D,3,1,4123890,0,2003,12,64.88,85.75
34652,Historical,882658,0,0,D,1,0,4059751,119.95,2000,13,109.57,89.72
34653,Historical,710488,1,1,D,4,1,355356,94.4,2001,38,28.92,53.83
34654,Historical,389532,0,0,D,3,1,1171099,41.95,2011,42,36.25,61.88
34656,Historical,248052,1,1,D,3,1,655956,79,2009,57,66.72,37.07
34657,Historical,545783,0,0,D,4,1,126988,103,2012,61,66.72,35.99
34658,Historical,614433,0,0,D,2,1,1809759,76.8,2004,33,11.17,7.46
34659,Historical,247714,0,0,D,2,1,1625591,69.95,2006,36,66.72,45.4
34660,Historical,113957,0,0,D,6,1,1693374,112.4,2000,33,27.36,44.29
34661,Historical,389638,0,0,D,1,0,775050,14.99,2011,57,37.95,10.99
34662,Historical,628136,0,0,D,1,0,948256,33.87,2011,25,37.95,28.99
34663,Historical,609131,0,0,D,6,1,947307,19.04,2002,55,50.49,7.65
34664,Historical,55053,0,0,D,7,1,300467,30,2006,50,50.49,30
34665,Historical,117303,0,0,D,1,0,537561,118.4,2008,43,55.5,25.84
34666,Historical,245910,0,0,D,3,1,3148171,31.95,2005,50,29.39,10.02
34667,Historical,134857,0,0,D,4,1,899518,39,2008,42,29.39,15.95
34668,Historical,581657,0,0,D,0,0,6683965,35,2003,15,22.56,38.11
34669,Historical,592741,0,0,D,2,1,1081485,70.03,2009,17,31.61,45.99
34670,Historical,121855,0,0,D,4,1,1976472,74.2,1997,51,71.94,27.06
34671,Historical,894027,0,0,D,1,0,4980633,39.95,2003,14,43.03,41.75
34672,Historical,56494,0,0,D,10,1,446250,129.2,2010,97,124.97,33.94
34673,Historical,56493,1,1,D,9,1,1675816,123.4,2008,60,124.97,13.49
34674,Historical,607772,0,0,D,6,1,420340,101.4,2010,32,37.99,31.18
34675,Historical,247667,1,2,D,0,0,1555672,57,2007,37,27.98,12.6
34676,Historical,801017,0,0,D,2,1,3986659,52,2008,26,35.08,43.98
34677,Historical,2724097,0,0,D,1,0,5909652,55,2003,21,35.08,43.73
34678,Historical,502757,0,0,D,3,1,1712524,103,2006,51,22.94,8.99
34679,Historical,200553,0,0,D,2,1,199582,89.95,2010,57,18.53,13.32
34680,Historical,608185,0,0,D,2,1,6762499,69.95,2002,13,15.84,48.47
34681,Historical,901855,0,0,D,0,0,7722394,69.95,1997,20,15.84,41.92
34682,Historical,592824,0,0,D,4,1,276431,45,2010,47,69.81,52.63
34683,Historical,592746,1,1,D,3,1,522839,23.49,2007,56,69.81,22.96
34685,Historical,870746,1,4,D,2,1,561589,46,1994,35,106.99,63.98
34686,Historical,631840,0,0,D,3,1,93536,89,2003,35,106.99,117.61
34688,Historical,552844,0,0,D,4,1,2508448,58,2006,25,39.24,14.73
34689,Historical,615490,0,0,D,2,1,414799,32.5,2002,28,19.06,16.54
34690,Historical,914098,0,0,D,1,0,4120109,27.5,1997,21,19.06,44.51
34691,Historical,608887,0,0,D,2,1,407919,63.95,1996,46,107.67,17.97
34692,Historical,609165,0,0,D,3,1,811207,92.95,2005,38,107.67,28.99
34693,Historical,53664,0,0,D,5,1,429923,148,2009,77,144.78,23.99
34694,Historical,53663,1,2,D,4,1,708207,121.2,2006,58,144.78,41.91
34695,Historical,627361,1,1,D,1,0,626281,63.76,2011,36,30.66,52.41
34696,Historical,142177,1,1,D,1,0,13602,59.34,2011,64,89.51,37.99
34697,Historical,142178,0,0,D,1,0,52896,85.7,2011,62,73.98,56.18
34698,Historical,3590287,0,0,D,2,1,1977340,39,2006,18,0,10.35
34699,Historical,913252,0,0,D,1,0,187184,34.95,2006,28,31.99,18.99
34700,Historical,364031,0,0,D,0,0,800866,39.95,2007,37,38.46,33.81
34701,Historical,625673,1,1,D,1,0,760999,113.27,2012,62,27.82,32
34702,Historical,595235,1,1,D,1,0,62030,37.69,2012,55,83.91,21.99
34703,Historical,285302,0,0,D,9,1,5240180,0,2007,18,81.75,26.74
34704,Historical,50388,1,2,D,10,1,416104,22.98,2008,42,81.75,22.98
34705,Historical,50386,0,0,D,9,1,2952991,113.25,2006,40,81.75,8.97
34706,Historical,50387,1,1,D,11,1,148536,42.72,2010,41,81.75,33.68
34707,Historical,881856,1,1,D,0,0,14307852,21.95,1977,10,33.66,461.46
34708,Historical,3015174,0,0,D,1,0,1160741,88.95,2005,25,47.73,87.63
34709,Historical,2546373,0,0,D,3,1,5539835,319.95,2003,7,253.95,309.68
34710,Historical,2373904,0,0,D,1,0,2127704,102,2005,12,80.79,30.83
34711,Historical,525331,1,1,D,7,1,349532,69.95,2010,102,41.13,50
34712,Historical,109871,1,3,D,5,1,1345853,65.72,2006,41,75.94,57.87
34713,Historical,54254,1,2,D,5,1,439119,29.97,2006,102,42.28,27.94
34714,Historical,898800,1,2,D,0,0,465876,28.92,2012,34,103.46,38.14
34716,Historical,165840,0,0,D,1,0,716984,41.48,2007,44,84.99,39.21
34717,Historical,738172,1,1,D,5,1,605889,80,2000,30,91.99,115.41
34718,Historical,2471490,1,1,D,4,1,1037558,51.15,1995,20,91.99,61.13
34719,Historical,143221,0,0,D,7,1,712492,38,2008,25,38.41,144.25
34720,Historical,776141,0,0,D,0,0,1302954,89.95,2008,14,0,88.99
34721,Historical,2339903,0,0,D,5,1,1625486,116.8,1993,28,0,53.99
34722,Historical,642398,0,0,D,6,1,362814,127.5,2000,38,29.48,72.21
34723,Historical,505039,0,0,D,1,0,1953592,165,2008,18,26.98,58.99
34724,Historical,539120,0,0,D,2,1,97130,100.2,2011,51,17.99,28.98
34725,Historical,648611,0,0,D,2,1,157581,183,2011,25,0,0
34726,Historical,1625249,0,0,D,1,0,535827,44.99,2013,23,0,28.89
34728,Historical,774251,1,1,D,7,1,2011392,15.98,2004,41,131.54,50.9
34729,Historical,197393,0,0,D,1,0,741090,50,2005,50,19.71,32.89
34730,Historical,197441,0,0,D,0,0,728386,27.95,2008,39,19.71,21.89
34731,Historical,54661,1,2,D,9,1,72108,332.6,2010,42,131.54,134.4
34732,Historical,61197,0,0,D,5,1,2549856,265.95,2006,21,32.98,7.98
34733,Historical,192098,0,0,D,3,1,2163304,0,2007,14,63.99,58.99
34734,Historical,617582,1,1,D,3,1,79296,111.8,2008,27,63.99,29.99
34735,Historical,774304,0,0,D,2,1,4482224,0,2004,20,63.99,28
34736,Historical,252716,0,0,D,4,1,378678,104.11,2010,23,63.99,56.67
34737,Historical,624337,0,0,D,4,1,334103,80.29,2010,70,115.54,47.93
34738,Historical,192097,1,1,D,3,1,1318522,99.25,2008,30,115.54,12.82
34739,Historical,561131,0,0,D,1,0,118329,173.2,2008,75,116.72,32.99
34740,Historical,540598,1,2,D,2,1,101418,188.8,2011,135,116.72,34.99
34741,Historical,560920,1,1,D,1,0,425205,144,2006,144,116.72,32.98
34742,Historical,145600,0,0,D,1,0,2093982,104.67,2006,49,129.54,5.98
34743,Historical,525326,0,0,D,2,1,340252,134.8,2011,74,129.54,32.99
34744,Historical,902796,0,0,D,1,0,2520998,111.25,2012,11,0,25.14
34745,Historical,579477,0,0,D,11,1,2049230,122.27,2004,42,141.94,36.47
34746,Historical,610472,1,2,D,13,1,49899,157,2011,79,141.94,85.27
34747,Historical,145725,1,1,D,12,1,317903,134.6,2007,84,141.94,16.75
34748,Historical,52105,1,1,D,12,1,119930,245.2,2007,97,203.94,66.58
34749,Historical,146238,0,0,D,4,1,729973,34.99,2009,25,17.99,30.99
34750,Historical,113926,0,0,D,3,1,230940,88.99,2000,63,7.5,16.97
34751,Historical,613717,0,0,D,2,1,321034,69,1998,85,31.52,14.44
34753,Historical,113904,0,0,D,3,1,9368966,93,2000,15,52.93,16.99
34754,Historical,274571,1,1,D,2,1,746003,43.99,2004,26,0,41.99
34755,Historical,913450,0,0,D,0,0,1364580,21.95,2001,22,0,21.99
34756,Historical,2491545,0,0,D,0,0,6051659,34.95,2004,23,51.19,76.36
34757,Historical,1522651,0,0,D,2,1,6876774,37.95,2007,14,51.19,136.13
34758,Historical,2491546,0,0,D,0,0,10836592,34.95,2004,4,42.71,0
34759,Historical,3518447,0,0,D,1,0,173794,53.95,2002,38,0,6.99
34760,Historical,207718,0,0,D,0,0,3396124,25.95,1995,27,88.24,40.69
34761,Historical,294519,0,0,D,2,1,486126,29.93,2001,48,88.24,23.92
34763,Historical,260101,0,0,D,2,1,1201493,33.95,2004,53,36.26,6.36
34764,Historical,206805,0,0,D,19,1,576195,49.99,2009,56,31.1,15.71
34765,Historical,543067,0,0,D,21,1,251936,59.99,2013,48,31.1,32.89
34766,Historical,525313,1,3,D,20,1,668526,59.99,2011,49,31.1,26.76
34767,Historical,54887,1,2,D,6,1,160972,79,2007,117,106.9,38.87
34768,Historical,54888,0,0,D,7,1,20759,98,2011,63,106.9,106.57
34769,Historical,54886,1,5,D,5,1,438844,79,2003,80,106.9,22.21
34770,Historical,3031850,0,0,D,0,0,2525566,35,1995,28,48.84,6.74
34771,Historical,2009788,0,0,D,2,1,1092766,62.95,2006,19,48.84,61.67
34772,Historical,128603,0,0,D,0,0,1043661,67.95,2001,29,17.07,50.45
34773,Historical,565750,0,0,D,1,0,1302503,85,2009,28,30.85,33.68
34774,Historical,53047,0,0,D,5,1,656806,117.5,2002,49,103.99,40.44
34775,Historical,105304,0,0,D,5,1,3420191,179.47,2002,22,103.99,50.82
34776,Historical,544870,0,0,D,1,0,1392579,54.53,2006,17,66,52.28
34777,Historical,53048,1,1,D,6,1,132159,59.9,2006,30,103.99,52.35
34778,Historical,167370,0,0,D,2,1,236325,51.21,2008,54,74.3,55.71
34779,Historical,2157313,0,0,D,3,1,4114022,35.95,2006,22,37.89,18.41
34780,Historical,2435429,0,0,D,4,1,202231,50,1995,40,44.93,10.93
34781,Historical,2540377,0,0,D,2,1,3032473,61.95,2004,15,61.39,73.98
34782,Historical,112072,1,1,D,14,1,969066,10.97,2009,26,23.14,7.98
34783,Historical,111991,0,0,D,15,1,209936,78,2011,31,23.14,49.04
34784,Historical,632365,0,0,D,4,1,336083,208.2,2001,26,22.19,30.99
34785,Historical,874748,0,0,D,9,1,789887,82.95,2011,33,76.04,60.47
34786,Historical,896173,1,1,D,1,0,6994386,47.95,1996,23,27.96,9.37
34787,Historical,421501,0,0,D,2,1,355427,159.2,2005,38,48.29,12.75
34788,Historical,294835,0,0,D,5,1,279172,59.95,2008,48,42.04,33.98
34789,Historical,830292,0,0,D,2,1,4558696,59.95,2000,22,45.64,67.13
34790,Historical,833700,0,0,D,2,1,4833744,125,1999,18,103.89,48.11
34791,Historical,561643,0,0,D,3,1,1484544,164,2006,25,103.89,122.87
34792,Historical,908675,0,0,D,0,0,4884070,89.99,2006,20,50.5,40.99
34793,Historical,743459,0,0,D,2,1,2119452,320,2008,22,153.98,104.69
34794,Historical,901655,0,0,D,1,0,5738303,303,1997,17,153.98,73.11
34795,Historical,701029,0,0,D,2,1,3950466,74.95,2005,15,23.76,44.99
34796,Historical,701700,0,0,D,3,1,2305833,86,2009,16,23.76,23.99
34797,Historical,789095,0,0,D,3,1,2891752,29.95,2000,26,4,4
34798,Historical,537886,1,1,D,5,1,124551,18.89,2008,37,69.14,9.98
34799,Historical,111483,0,0,D,6,1,12870,128.25,2011,80,69.14,41.48
34800,Historical,200209,0,0,D,1,0,211247,105.95,2010,29,0,0
34801,Historical,545836,1,1,D,4,1,85852,107,2013,67,45.74,50.44
34802,Historical,61247,0,0,D,2,1,273270,74.95,2007,44,45.74,19.99
34803,Historical,270680,1,3,D,3,1,288728,95,2010,89,45.74,14.99
34804,Historical,525308,0,0,D,15,1,868204,44.99,2011,44,6.37,5.88
34805,Historical,609536,0,0,D,14,1,1901077,44.99,2009,43,6.37,11.62
34806,Historical,617938,0,0,D,0,0,759805,90.95,2013,55,0,0
34807,Historical,525307,0,0,D,6,1,14382,128.25,2011,49,81.61,43.99
34808,Historical,110254,1,1,D,5,1,93889,0,2008,34,81.61,77.95
34809,Historical,129778,0,0,D,0,0,500647,54.99,1999,48,32.47,6.99
34810,Historical,2858436,0,0,D,0,0,1896499,40.5,1987,25,41.69,38.99
34811,Historical,285053,0,0,D,2,1,495914,80,2008,43,34.61,22.94
34812,Historical,525303,0,0,D,2,1,263923,56,2008,34,34.61,28.54
34813,Historical,635582,0,0,D,2,1,279555,182,2013,27,69.94,104.99
34814,Historical,147299,1,2,D,1,0,382213,74.95,2006,31,69.94,23.94
34815,Historical,146294,1,2,D,5,1,17612,194,2010,314,80.78,23.99
34816,Historical,561390,0,0,D,5,1,777347,198.67,2010,39,80.78,63.94
34817,Historical,145611,0,0,D,4,1,78046,142.67,2007,187,80.78,30.98
34818,Historical,244053,0,0,D,8,1,449780,132.95,2011,27,70.67,95.74
34819,Historical,608611,0,0,D,7,1,853769,145.95,2005,34,70.67,48.99
34820,Historical,298481,0,0,D,5,1,1250571,291.95,2007,57,83.97,17.99
34821,Historical,244379,0,0,D,6,1,239287,265.95,2011,72,83.97,19.67
34822,Historical,916911,0,0,D,1,0,943909,42.5,1987,55,29.95,36.77
34823,Historical,449560,0,0,D,3,1,1505399,92.4,2008,19,69.77,55.71
34824,Historical,651304,0,0,D,1,0,913245,103,2012,24,54.92,53.98
34825,Historical,533602,0,0,D,8,1,525191,371.95,2012,84,109.64,71.63
34826,Historical,50869,1,1,D,7,1,1045000,408.95,2010,94,109.64,18.98
34827,Historical,53111,0,0,D,9,1,911852,19.14,2010,70,84.99,8.8
34828,Historical,53110,0,0,D,8,1,1353182,9.95,2009,69,84.99,9.95
34829,Historical,539425,1,2,D,6,1,6939,213.4,2013,94,166.03,24.61
34830,Historical,626617,0,0,D,6,1,222923,143.07,2013,51,166.03,20.48
34831,Historical,622343,1,1,D,4,1,487233,122.2,2000,43,74.42,49.67
34832,Historical,557271,0,0,D,5,1,369981,178.6,2006,49,74.42,101.79
34833,Historical,610086,0,0,D,12,1,827325,185.95,2013,63,147.57,24.26
34834,Historical,178684,0,0,D,9,1,152211,167.95,2010,55,147.57,30.98
34835,Historical,1826905,0,0,D,13,1,171448,177.95,2014,54,147.57,132.91
34836,Historical,1917012,0,0,D,1,0,1446042,71.95,2010,12,56.92,34.32
34837,Historical,264920,1,1,D,1,0,853800,61.95,2004,28,46.41,43.99
34838,Historical,615035,0,0,D,2,1,160950,40.75,2005,31,26.38,18.94
34839,Historical,870876,0,0,D,0,0,2112478,22.5,2001,31,26.38,9.28
34840,Historical,614623,1,1,D,4,1,680845,79.6,2004,55,99.06,13.93
34841,Historical,117801,0,0,D,5,1,201789,105.6,2007,69,99.06,25
34842,Historical,130408,0,0,D,6,1,60586,127.2,2010,64,99.06,52.98
34843,Historical,633179,0,0,D,0,0,938012,37,2011,80,41.69,50.66
34844,Historical,249881,0,0,D,1,0,2444471,145.95,2007,36,21.99,9.35
34845,Historical,3524229,0,0,D,1,0,2518170,65,2001,24,0,14.46
34848,Historical,299252,0,0,D,2,1,321998,39.95,2004,78,29.98,8.98
34849,Historical,525293,0,0,D,3,1,216855,41.95,2010,129,29.98,18.71
34850,Historical,921627,0,0,D,3,1,1020662,77.95,1996,64,68.12,8.44
34853,Historical,192928,0,0,D,4,1,3077889,295,2003,23,174.44,82.5
34854,Historical,525291,0,0,D,5,1,1123795,401.95,2008,18,174.44,95.67
34855,Historical,676586,0,0,D,1,0,154487,22.95,1993,71,23.94,9.49
34856,Historical,657601,1,1,D,1,0,957901,105,2007,40,121.87,45.07
34857,Historical,290375,1,1,D,1,0,1657639,130,2003,26,77.47,43.89
34858,Historical,630016,0,0,D,2,1,70154,153,2010,85,121.87,18.99
34859,Historical,616315,0,0,D,4,1,291961,85,2005,35,69.99,26.98
34860,Historical,608385,0,0,D,4,1,149261,18.99,2005,45,61.75,13.98
34861,Historical,165427,0,0,D,1,0,1923509,85,2001,27,48.27,14.4
34862,Historical,2572849,0,0,D,1,0,3940147,0,1989,10,153.96,95.35
34863,Historical,1587421,0,0,D,1,0,2027163,79.99,2007,18,54.65,56.41
34864,Historical,630599,0,0,D,2,1,679609,75,2000,27,25.23,12.98
34865,Historical,355908,1,1,D,1,0,3378651,94.99,2002,17,64.02,107.97
34866,Historical,205733,0,0,D,1,0,158188,48,2002,29,22.8,18.32
34867,Historical,762420,0,0,D,1,0,4197579,65,2000,37,4.02,4.36
34868,Historical,247449,0,0,D,1,0,1090178,57,2005,23,42.02,84.14
34869,Historical,105627,1,1,D,4,1,659001,99.95,2000,29,42.63,29.28
34870,Historical,774795,0,0,D,1,0,14743311,135,1999,9,103.98,10.97
34871,Historical,285312,1,3,D,11,1,449249,182.5,2008,55,103.5,24.98
34872,Historical,52102,1,1,D,11,1,107053,32.99,2007,112,103.5,33.94
34873,Historical,55237,0,0,D,5,1,404618,84.95,2006,253,52.56,4.99
34874,Historical,55238,0,0,D,6,1,42729,102,2009,634,52.56,15.89
34875,Historical,619030,0,0,D,4,1,482355,226.95,2003,49,96.49,71.59
34876,Historical,803806,0,0,D,7,1,2662119,281.95,2005,17,163.2,147.15
34877,Historical,534249,1,1,D,1,0,489833,105,2003,23,61.98,98.5
34878,Historical,899646,0,0,D,2,1,3966002,119,2006,14,88.98,41.22
34879,Historical,904179,0,0,D,3,1,1049922,69.95,2004,19,89.1,56.99
34880,Historical,1688814,0,0,D,2,1,126011,49.99,2014,21,0,29.98
34881,Historical,191911,0,0,D,5,1,104130,54.98,2003,65,107.49,57.6
34882,Historical,61059,1,2,D,2,1,1726719,107,2001,24,86.8,48.93
34883,Historical,533993,0,0,D,3,1,206926,174,2005,41,86.8,18.15
34884,Historical,873166,0,0,D,0,0,1253858,200.75,2009,40,194.54,60.73
34885,Historical,111103,0,0,D,9,1,385068,58.3,2009,44,194.54,54.82
34886,Historical,61121,1,1,D,8,1,557400,52.06,2006,46,194.54,42.4
34887,Historical,614293,0,0,D,10,1,16046,261.25,2012,131,173.35,60.43
34888,Historical,610400,1,2,D,10,1,107642,333.75,2012,40,205.97,145.25
34889,Historical,108617,1,1,D,7,1,425813,43.93,2003,49,205.97,40.99
34890,Historical,55885,0,0,D,9,1,112762,70.26,2009,45,205.97,58.99
34891,Historical,54789,0,0,D,9,1,115084,213.38,2009,76,173.35,38.99
34892,Historical,607068,1,2,D,9,1,409287,23.05,2009,30,173.35,18.98
34893,Historical,54787,1,1,D,8,1,239627,62.1,2006,70,173.35,44.25
34894,Historical,2579709,0,0,D,1,0,3433111,110,1995,21,56.08,51.81
34895,Historical,2650122,0,0,D,1,0,2839401,109.95,2004,13,63.81,46.85
34896,Historical,152265,0,0,D,1,0,1748105,139,2005,19,65.98,80.85
34897,Historical,911491,0,0,D,1,0,4085554,32.95,1990,22,23.97,48.61
34898,Historical,2832932,0,0,D,1,0,3379782,189.95,2004,16,84.12,131.51
34899,Historical,164940,0,0,D,1,0,757760,8.98,2000,35,88.08,8.99
34900,Historical,756648,1,1,D,2,1,1426158,31.94,2001,31,88.08,42.72
34901,Historical,161783,0,0,D,1,0,1119777,0,2006,57,67.97,39.44
34902,Historical,1587827,0,0,D,1,0,3406994,52.5,2007,13,71.11,18.99
34903,Historical,621180,0,0,D,1,0,983227,13.99,2000,41,22.8,23.96
34904,Historical,534021,0,0,D,8,1,141396,72.95,1992,25,71.76,40.95
34905,Historical,285722,0,0,D,3,1,2987999,113,1996,26,58.96,47.54
34906,Historical,525272,0,0,D,4,1,245393,115,2006,24,58.96,34.19
34907,Historical,54178,0,0,D,8,1,275659,179.67,2008,58,109.98,69.43
34908,Historical,54177,1,1,D,7,1,179622,143.8,2004,52,109.98,37.17
34909,Historical,912846,0,0,D,0,0,3050881,0,2003,22,41.04,108.37
34910,Historical,697404,0,0,D,4,1,2623900,0,2005,20,133.75,71.49
34911,Historical,54577,0,0,D,5,1,196518,42.87,2008,73,133.75,37.5
34912,Historical,118226,1,2,D,4,1,520450,131,2009,54,73.74,6.59
34913,Historical,916159,0,0,D,3,1,1761404,102.33,2004,37,73.74,23.95
34914,Historical,918983,0,0,D,1,0,578807,45,2010,47,24.71,17.56
34915,Historical,891647,0,0,D,1,0,3921530,0,2004,13,58.99,91.35
34917,Historical,521151,0,0,D,7,1,510365,68.99,2006,24,44.69,58.43
34918,Historical,591344,0,0,D,1,0,954471,165.95,2006,38,138.21,42.48
34919,Historical,2678995,0,0,D,0,0,2535222,68,1992,21,389.97,60.31
34920,Historical,897571,0,0,D,1,0,1131256,109,2004,20,62.79,82.73
34921,Historical,2778705,0,0,D,0,0,6081098,95.95,1992,15,346.88,126.76
34922,Historical,2663039,0,0,D,1,0,3446798,114.99,1998,17,142.18,55.33
34923,Historical,891783,0,0,D,0,0,1141411,62.99,2006,13,47.92,43.98
34924,Historical,653596,1,1,D,1,0,2071508,79.95,2003,19,68.99,64.27
34925,Historical,203915,0,0,D,1,0,960039,104.99,2004,52,68.99,17.98
34926,Historical,637082,0,0,D,1,0,1677359,49.95,2010,24,33.98,40.99
34927,Historical,147647,1,1,D,2,1,184707,50.95,2010,31,48.75,46.75
34928,Historical,192619,0,0,D,1,0,2584770,54.95,1997,33,26.45,8.99
34929,Historical,184660,0,0,D,1,0,2601076,146.99,2001,16,37.81,64.81
34930,Historical,623635,1,1,D,2,1,1554011,120.99,2004,16,89.72,71.89
34931,Historical,625028,1,1,D,2,1,2481052,99.95,1983,30,73.34,45.67
34932,Historical,903291,0,0,D,1,0,3770203,98.99,2003,17,40.52,26.13
34933,Historical,244990,0,0,D,1,0,794453,95.95,2003,50,37.99,35.98
34934,Historical,889386,0,0,D,7,1,2662351,139.95,1995,19,138.99,87.43
34935,Historical,360009,0,0,D,1,0,3947915,59.95,2002,12,51.36,33.99
34936,Historical,3557877,0,0,D,8,1,6621195,206,2001,15,0,193.83
34937,Historical,369357,0,0,D,2,1,464897,65.99,2008,32,53.97,29.28
34938,Historical,2575985,0,0,D,0,0,2903428,0,1973,21,158.99,61.93
34939,Historical,764223,1,2,D,1,0,140018,268.95,2003,20,54.38,27.7
34940,Historical,57216,0,0,D,6,1,2976768,103.95,2003,50,40.51,36.63
34941,Historical,57215,0,0,D,8,1,105120,229.95,2009,34,40.51,83.99
34942,Historical,57214,0,0,D,7,1,626435,191.95,2006,63,40.51,8.06
34943,Historical,607719,0,0,D,2,1,2653033,75,2006,35,64.93,9.95
34944,Historical,875317,0,0,D,2,1,2845260,5.13,2007,24,64.93,8.49
34945,Historical,200517,0,0,D,1,0,1347848,101.95,2009,34,43.2,6.97
34946,Historical,423008,0,0,D,3,1,140184,120,2010,55,64.93,26.31
34947,Historical,801026,0,0,D,3,1,1462981,70,2007,36,45.99,48.12
34948,Historical,635192,0,0,D,5,1,160259,53,2008,27,78.84,31.98
34949,Historical,2251333,0,0,D,6,1,5319068,137.6,2009,21,121.46,83.97
34950,Historical,58237,0,0,D,6,1,138634,242.95,2009,67,121.46,33.98
34951,Historical,58240,0,0,D,4,1,2847234,165.95,2003,55,121.46,5.99
34952,Historical,58236,0,0,D,5,1,495202,267.95,2006,73,121.46,8.98
34953,Historical,765669,0,0,D,4,1,9086306,37.95,2003,17,71.08,91.84
34954,Historical,910427,0,0,D,5,1,3052858,115.95,2006,20,71.08,43.37
34955,Historical,627631,0,0,D,4,1,2242879,75.95,2004,30,25.99,48.15
34956,Historical,914119,0,0,D,3,1,4489664,73.95,2001,25,25.99,43.99
34957,Historical,919510,0,0,D,10,1,754540,56,2008,31,43.66,13.93
34958,Historical,870888,0,0,D,1,0,1915471,48.95,2006,33,34.97,12.99
34959,Historical,623509,0,0,D,2,1,407655,44.95,2009,40,34.97,31.49
34960,Historical,552697,0,0,D,5,1,1228757,80.4,2005,21,25.67,15.99
34961,Historical,712882,0,0,D,4,1,4300998,53.4,2001,28,25.67,17.66
34962,Historical,2619075,0,0,D,1,0,1589417,39.95,1995,12,0,0
34963,Historical,607541,1,2,D,2,1,890967,119.95,2000,15,72.94,38.49
34964,Historical,618295,1,1,D,0,0,362044,70,2007,29,40.83,12.99
34965,Historical,3598676,0,0,D,1,0,5422901,104.95,2003,13,0,8.98
34966,Historical,628406,0,0,D,0,0,1259977,84,1989,21,0,71.64
34967,Historical,3125425,0,0,D,0,0,5521905,44.95,1998,20,59.92,7.99
34968,Historical,194869,0,0,D,2,1,1171029,44.95,2003,37,59.92,18.77
34969,Historical,431874,0,0,D,4,1,2845969,149,1997,20,347.31,68.12
34970,Historical,139537,0,0,D,4,1,4481212,259,1997,15,347.31,54.48
34971,Historical,565722,0,0,D,1,0,395817,58.99,2007,28,41.49,58.99
34972,Historical,910739,0,0,D,4,1,7111024,0,2005,24,22.99,10.95
34973,Historical,670629,0,0,D,10,1,1038534,74.95,2011,39,61.29,24.17
34974,Historical,545942,0,0,D,7,1,816311,74.95,2012,88,74.34,5.95
34976,Historical,113489,0,0,D,1,0,1549534,91.95,2002,29,21.04,47.64
34977,Historical,56598,1,1,D,5,1,20153,222.25,2010,129,112.64,33.98
34978,Historical,110765,0,0,D,4,1,334774,35.93,2007,114,112.64,33.44
34979,Historical,258443,0,0,D,3,1,390927,115,2008,55,72.35,28.99
34980,Historical,54463,1,1,D,7,1,633096,129.95,2009,43,86.34,69
34981,Historical,54462,0,0,D,5,1,3011822,67.95,2003,30,86.34,9.33
34982,Historical,54464,1,1,D,6,1,1288420,139.95,2006,39,86.34,18.88
34983,Historical,607350,0,0,D,4,1,3459863,65.6,2004,32,31.24,7.98
34984,Historical,55510,0,0,D,1,0,220912,120.4,2009,71,27.89,38.5
34985,Historical,130574,1,1,D,2,1,268671,158.4,2012,63,27.89,31.39
34986,Historical,144195,1,1,D,1,0,173238,95.67,2009,58,48.99,28.39
34987,Historical,525249,1,1,D,2,1,10493,125.8,2012,111,48.99,27.06
34988,Historical,55511,1,5,D,1,0,84303,95.6,2009,83,38.99,22.99
34989,Historical,533416,1,2,D,2,1,15874,125.8,2012,77,38.99,68.99
34990,Historical,198367,0,0,D,3,1,856425,46,2008,60,17.76,33.99
34991,Historical,2096732,0,0,D,4,1,674597,148.01,2012,22,48.98,52.99
34992,Historical,53312,0,0,D,3,1,63855,83,2007,604,46.95,14.5
34993,Historical,2258521,1,1,D,4,1,7696,101.3,2012,119,33.96,53.99
34994,Historical,487302,0,0,D,1,0,186999,51.95,2009,22,50.13,20.2
34995,Historical,145898,1,3,D,1,0,498306,225.33,2010,64,133.99,118.97
34996,Historical,516528,1,7,D,1,0,56629,279,2011,204,133.99,38.99
34997,Historical,618101,1,2,D,6,1,2112763,106.2,2002,41,41.78,48.12
34998,Historical,552465,0,0,D,7,1,3402760,94.4,2005,32,41.78,48.35
34999,Historical,553766,0,0,D,4,1,1014815,133,2008,47,42.98,12.64
35000,Historical,552827,0,0,D,5,1,776354,146.2,2010,33,42.98,45.7
35001,Historical,532236,0,0,D,4,1,671867,144,2010,21,150.99,33.76
35002,Historical,55418,0,0,D,5,1,454597,240.95,2010,74,118.82,48.55
35003,Historical,55417,0,0,D,4,1,597616,231.95,2005,64,118.82,31.99
35004,Historical,628594,0,0,D,2,1,443780,153.99,2010,21,73.99,16.72
35005,Historical,789465,0,0,D,1,0,3592638,99,2006,16,73.99,13.99
35006,Historical,435057,0,0,D,1,0,1450034,172.73,2012,35,68.14,83.93
35007,Historical,269380,0,0,D,2,1,1695820,83.95,2008,19,83.76,65.23
35008,Historical,3122409,0,0,D,0,0,1112985,123.31,2004,22,78.89,60.47
35009,Historical,258417,0,0,D,5,1,420138,101.5,2006,95,57.94,25.76
35010,Historical,2566308,0,0,D,0,0,936005,65,1986,43,39.98,34.64
35011,Historical,606755,0,0,D,3,1,2262880,74.95,2004,34,59.61,18.86
35012,Historical,3146360,0,0,D,1,0,2358172,52.5,2004,19,66.72,28.99
35013,Historical,765851,0,0,D,1,0,813271,122.95,2008,32,58.12,94.96
35014,Historical,663349,0,0,D,0,0,582712,75,2013,16,0,0
35015,Historical,862698,0,0,D,2,1,3129622,69.95,1997,21,47.97,23.98
35016,Historical,162870,0,0,D,1,0,360205,183.5,2011,64,25.44,32.88
35017,Historical,163042,0,0,D,3,1,88806,20.9,2010,115,68.5,22.99
35018,Historical,290136,0,0,D,2,1,1051191,18.21,2008,67,68.5,12.99
35019,Historical,54785,0,0,D,2,1,547646,39,2009,45,42.97,50.95
35020,Historical,878297,1,2,D,3,1,678884,43.87,2010,54,84.72,54.3
35021,Historical,163043,0,0,D,3,1,280322,35,2010,60,84.72,23.99
35022,Historical,162656,1,1,D,2,1,630474,38.49,2009,49,84.72,7.99
35023,Historical,449400,0,0,D,1,0,326801,45.99,2010,56,88.39,33.98
35024,Historical,623389,0,0,D,2,1,84325,184.75,2012,41,123.55,106.54
35025,Historical,244302,1,2,D,2,1,48290,148.97,2012,102,123.55,39
35026,Historical,613583,1,1,D,1,0,328770,40.91,2009,116,123.55,37.28
35027,Historical,618460,1,2,D,1,0,383674,33.98,2007,57,68.14,33.98
35028,Historical,57781,1,3,D,2,1,58983,77.99,2009,98,72.49,22.83
35029,Historical,57783,1,6,D,1,0,532666,13.99,2007,88,72.49,12.99
35030,Historical,864793,0,0,D,3,1,126986,191.2,2014,43,116.71,91.7
35031,Historical,423479,1,2,D,1,0,759539,181.6,2011,101,116.71,7.29
35032,Historical,539485,0,0,D,2,1,383014,183.6,2013,99,116.71,17.98
35033,Historical,286006,0,0,D,1,0,1498346,139,2011,58,117.16,8.41
35034,Historical,872565,0,0,D,3,1,138071,159,2014,91,117.16,23.73
35035,Historical,539484,0,0,D,2,1,789828,159,2013,108,117.16,10.97
35036,Historical,2019410,1,1,D,1,0,238956,50,2013,39,51.53,28.63
35037,Historical,636395,0,0,D,1,0,833842,49.99,2011,33,12.84,9.45
35039,Historical,116985,0,0,D,1,0,972778,43.2,2009,68,29.92,10.96
35040,Historical,3044433,0,0,D,0,0,1537834,75.95,1998,18,39.41,58.99
35041,Historical,3255799,1,1,D,1,0,1798677,128.62,2004,20,0,104.83
35042,Historical,615645,1,1,D,1,0,208534,251.95,2004,46,129.34,48.98
35043,Historical,244243,1,4,D,4,1,53306,258.95,2012,56,115.97,101.71
35044,Historical,57146,1,2,D,2,1,476366,100.95,1996,47,115.97,43.49
35045,Historical,764743,0,0,D,4,1,819181,212.95,1999,42,51.87,34.85
35046,Historical,670167,0,0,D,0,0,3253309,89.95,2006,13,140.07,147.7
35047,Historical,135594,1,4,D,1,0,405161,53.95,2007,74,30.16,31.92
35048,Historical,131855,0,0,D,7,1,563207,123.6,2004,46,111.07,33.94
35049,Historical,132625,0,0,D,8,1,505382,159,2009,29,111.07,133
35050,Historical,717304,1,1,D,0,0,4814936,53.5,1997,15,36.8,23.21
35051,Historical,641612,1,1,D,1,0,442068,98,2008,26,93.05,161.77
35052,Historical,131467,0,0,D,4,1,1702111,132.6,2002,28,79.36,44.64
35053,Historical,132924,0,0,D,8,1,529020,84.6,2009,36,79.82,6.71
35054,Historical,178146,0,0,D,3,1,1979321,152.95,2004,33,40.73,41.21
35055,Historical,169384,0,0,D,4,1,1380583,152.95,2007,40,40.73,8.89
35056,Historical,290889,1,1,D,4,1,1239282,152.95,2007,49,51.78,10.54
35057,Historical,178147,0,0,D,3,1,657653,111.95,2004,42,51.78,11.99
35058,Historical,533689,0,0,D,8,1,26077,199.95,2012,81,122.22,103.94
35059,Historical,52269,0,0,D,6,1,280482,241.95,2006,58,122.22,65.85
35060,Historical,52270,0,0,D,7,1,219641,219.95,2008,60,122.22,77.03
35061,Historical,495380,1,1,D,5,1,780695,279.95,2005,58,101.46,31.98
35062,Historical,762480,0,0,D,1,0,5413051,125,1999,15,58.99,54
35063,Historical,884641,0,0,D,1,0,480519,70,2008,11,0,19.99
35064,Historical,55535,0,0,D,6,1,48283,99.95,2009,53,42,46.75
35065,Historical,2842751,0,0,D,0,0,1659213,59.95,1997,26,67.7,188.21
35066,Historical,2842745,0,0,D,0,0,2280044,99.95,2003,26,84.79,221.31
35067,Historical,2842754,0,0,D,1,0,3290365,69.95,2000,11,84.79,299.01
35068,Historical,587607,1,3,D,13,1,511186,155.95,2012,83,111.73,33.98
35069,Historical,183469,0,0,D,2,1,545350,289.95,2006,74,82.99,25.99
35070,Historical,170157,0,0,D,2,1,535269,295.95,2011,49,82.99,63.67
35071,Historical,246413,0,0,D,2,1,1041902,59.95,2005,37,18.26,43.61
35072,Historical,169553,1,1,D,3,1,200071,131.95,2006,67,70.98,49.18
35073,Historical,630510,0,0,D,2,1,70128,182.95,2013,41,109.91,73.39
35074,Historical,244012,1,1,D,1,0,449872,119.95,2012,46,74.16,46.87
35075,Historical,182486,1,4,D,1,0,305073,200.95,2008,69,109.91,19.98
35076,Historical,182487,1,1,D,1,0,86800,182.95,2008,44,81.76,21.96
35077,Historical,177076,0,0,D,3,1,722971,183.95,2003,48,19.64,103.98
35078,Historical,101289,0,0,D,2,1,3525785,78,2000,48,19.64,25.96
35079,Historical,831977,0,0,D,1,0,2620977,78,2004,44,9.98,7.99
35080,Historical,248424,0,0,D,5,1,225572,158.95,2006,34,52.76,17.95
35081,Historical,61001,1,1,D,8,1,1620639,134.95,2007,54,73.72,4.77
35082,Historical,533875,0,0,D,9,1,593420,113.95,2010,61,73.72,13.99
35083,Historical,248289,0,0,D,7,1,1345980,117.95,2004,72,73.72,8.74
35084,Historical,918378,0,0,D,5,1,1415680,77.95,2002,55,17.01,20.38
35085,Historical,177756,0,0,D,3,1,3777160,71.95,2000,21,20.95,50.14
35086,Historical,907109,0,0,D,5,1,742959,389,2005,24,166.94,83.94
35087,Historical,617875,0,0,D,8,1,1209748,69.95,2006,49,56.51,13.63
35088,Historical,270800,0,0,D,9,1,235525,79.99,2011,28,56.51,18.98
35089,Historical,203852,0,0,D,2,1,1595307,136.99,2007,26,129.95,51.95
35090,Historical,902719,0,0,D,0,0,2404958,48.95,2007,16,36.53,90.22
35091,Historical,551158,0,0,D,9,1,521956,264,2011,19,143.63,203.98
35092,Historical,538536,1,1,D,9,1,20699,83.97,2012,150,134.36,43.99
35093,Historical,50023,0,0,D,8,1,105078,33.99,2008,113,134.36,12.99
35094,Historical,50022,0,0,D,7,1,1143900,18.63,2006,80,134.36,16.28
35095,Historical,527288,0,0,D,8,1,618801,149.38,2008,58,134.36,38.94
35096,Historical,642320,0,0,D,0,0,838191,70,2011,30,55.56,96.6
35097,Historical,2043144,0,0,D,2,1,354480,79.95,2011,14,0,79.94
35098,Historical,204056,0,0,D,0,0,720422,52.95,2007,62,4,7.95
35099,Historical,2142551,0,0,D,14,1,3576039,46.95,2007,20,5.18,45.35
35100,Historical,2168895,0,0,D,17,1,1058325,51.95,2013,8,0,0
35101,Historical,646633,0,0,D,1,0,896872,184.95,2005,29,143.34,80.57
35102,Historical,2320278,0,0,D,0,0,5303800,66.95,1985,11,76.29,76.45
35103,Historical,105727,0,0,D,1,0,2284271,89.95,2001,26,29.56,71.14
35105,Historical,103795,0,0,D,5,1,1097900,142,1999,18,52.12,63.97
35106,Historical,2330606,0,0,D,4,1,3312871,110,1990,33,52.12,51.33
35108,Historical,164819,1,2,D,1,0,960889,23.48,2000,27,77.99,123.99
35109,Historical,166739,0,0,D,0,0,316256,84.96,2004,33,77.99,169.09
35111,Historical,116433,0,0,D,7,1,301954,154,2004,19,82.07,52.99
35112,Historical,447896,0,0,D,2,1,462006,185,2005,24,147.48,129.13
35113,Historical,2572481,0,0,D,1,0,1773671,225,1994,23,113.99,69.39
35114,Historical,116807,0,0,D,2,1,681611,195,2006,37,127.93,68.99
35116,Historical,764655,0,0,D,6,1,4659899,50.95,1997,25,4.78,33.97
35117,Historical,2640796,0,0,D,5,1,1451761,58.95,2003,53,30.69,11.49
35118,Historical,572355,1,1,D,6,1,299364,133.95,2007,49,30.69,10.99
35119,Historical,3058659,0,0,D,3,1,1120824,122.06,2004,42,58.92,17.89
35120,Historical,3058655,0,0,D,2,1,3845821,70,2000,21,58.92,39.96
35121,Historical,53829,1,2,D,8,1,220240,23.98,2008,188,39.14,9.9
35122,Historical,53830,1,1,D,9,1,57511,65.99,2010,134,39.14,43.99
35123,Historical,1502925,0,0,D,2,1,106937,139,2013,23,0,98.99
35124,Historical,54461,0,0,D,1,0,433620,248.72,2009,46,61.97,14.69
35125,Historical,540429,0,0,D,2,1,10114,106.25,2012,64,50.83,45.98
35126,Historical,560073,0,0,D,2,1,8038,106.25,2012,81,48,53.99
35127,Historical,540423,1,11,D,2,1,29230,91,2012,69,48,28.49
35128,Historical,141936,0,0,D,1,0,385785,47.96,2010,85,48,36.91
35129,Historical,141860,1,2,D,1,0,596513,33.46,2008,116,48,13.98
35130,Historical,717617,0,0,D,4,1,10721633,107.95,2001,13,39.83,8.79
35131,Historical,248291,0,0,D,5,1,2591819,163.95,2004,30,39.83,14.38
35132,Historical,538467,1,1,D,10,1,10055,288,2012,78,111.63,57.34
35133,Historical,650578,1,3,D,9,1,87314,48.99,2013,78,103.99,13.99
35134,Historical,50515,1,1,D,7,1,1011349,99.95,2008,81,103.99,38.87
35135,Historical,52356,1,4,D,9,1,14909,128.99,2010,90,111.63,50.67
35136,Historical,50519,1,6,D,8,1,233653,80,2010,142,76.06,9.99
35137,Historical,617123,1,4,D,9,1,6047,23.44,2012,147,76.06,15.98
35138,Historical,747016,0,0,D,8,1,2478720,0,2011,11,30.68,23.99
35139,Historical,154056,1,2,D,8,1,607097,18.75,2010,87,30.68,9.45
35140,Historical,153343,1,4,D,8,1,810991,43.71,2010,93,30.68,43.96
35141,Historical,610473,1,1,D,9,1,86859,166.75,2013,40,30.68,42.03
35142,Historical,52355,1,7,D,8,1,534783,20.98,2008,139,111.63,12.38
35143,Historical,2620989,1,1,D,1,0,991425,148.95,2003,22,18.89,62.35
35144,Historical,110149,0,0,D,1,0,178440,15.94,2007,47,38.49,15.49
35145,Historical,621958,1,1,D,3,1,467791,50.95,2010,35,49.19,33.95
35146,Historical,871295,0,0,D,3,1,2583382,46.95,2009,10,49.19,18.95
35147,Historical,635005,0,0,D,2,1,2333481,59.95,2009,22,40.43,29.89
35148,Historical,178715,0,0,D,4,1,318313,136.95,2011,44,68.95,31.81
35149,Historical,251195,0,0,D,3,1,1158994,150.95,2008,45,68.95,21.78
35150,Historical,184061,0,0,D,2,1,3323457,165.95,2005,32,68.95,10.44
35151,Historical,866852,1,1,D,7,1,4279,130.8,2014,55,56.83,93.98
35152,Historical,57296,1,4,D,5,1,391174,112.6,2010,110,56.83,18.99
35153,Historical,533311,1,1,D,6,1,36785,124.2,2012,90,56.83,37.49
35154,Historical,631500,1,1,D,1,0,969910,65.95,2011,40,55.31,46.7
35155,Historical,635129,0,0,D,3,1,1618334,415,2009,15,206.54,253.99
35156,Historical,2900973,0,0,D,5,1,102565,33,1996,36,0,38.99
35157,Historical,170050,0,0,D,5,1,444041,193.95,2010,42,103.43,51.27
35158,Historical,254092,0,0,D,4,1,2042219,185.95,2009,25,103.43,20.59
35159,Historical,609596,0,0,D,4,1,179256,125.95,2007,35,103.43,21.97
35161,Historical,55048,0,0,D,8,1,216789,64.95,2006,31,49.44,15.94
35162,Historical,55049,0,0,D,9,1,680412,96.95,2009,22,49.44,64.47
35164,Historical,551275,0,0,D,3,1,1611636,8.99,2004,15,96.43,8.99
35165,Historical,370863,0,0,D,0,0,1148594,34.95,2001,48,27.89,11.28
35166,Historical,620788,0,0,D,4,1,243225,93.25,2009,44,85.34,82.7
35167,Historical,553810,1,2,D,4,1,60532,128,2009,30,85.34,66.94
35168,Historical,2373532,1,3,D,3,1,889636,178,2003,31,130.83,43.77
35169,Historical,553808,1,1,D,4,1,66948,125.33,2009,37,130.83,73.99
35170,Historical,2373534,0,0,D,0,0,2990517,130.75,2003,20,49.98,47.05
35171,Historical,57573,1,1,D,6,1,385918,162.95,2007,39,94.49,73.98
35172,Historical,57572,1,3,D,5,1,510993,199.95,2002,39,94.49,52.83
35173,Historical,3046263,1,1,D,0,0,3735420,18,1998,21,40.39,33.88
35174,Historical,622688,1,1,D,4,1,72553,105,2009,32,103.99,98.01
35175,Historical,868464,0,0,D,3,1,928642,86,2003,42,103.99,69.99
35176,Historical,912700,1,1,D,2,1,2144188,46,1997,31,53.6,46.57
35177,Historical,2367185,0,0,D,0,0,6647614,57.5,2002,14,45.48,54.33
35178,Historical,643980,0,0,D,3,1,270061,215.95,2009,22,28.91,33.99
35179,Historical,61064,0,0,D,2,1,361252,50.95,2000,87,28.91,27.61
35180,Historical,57779,1,1,D,3,1,9430,62.95,2010,63,28.91,28.99
35181,Historical,61003,1,1,D,3,1,721121,174.95,2008,64,79.62,4.42
35182,Historical,260001,1,2,D,6,1,1151758,155.5,2006,72,18.33,14.42
35183,Historical,656490,0,0,D,1,0,2672341,70.9,2010,13,169.07,152.27
35184,Historical,54784,0,0,D,7,1,384151,28.99,2008,76,57.2,18.23
35185,Historical,54783,1,2,D,6,1,3229292,72,2005,29,57.2,8.99
35186,Historical,60022,0,0,D,7,1,3088791,76.7,2006,43,84.89,4.66
35187,Historical,54540,1,2,D,8,1,677856,78.75,2008,74,84.89,12.96
35188,Historical,904304,0,0,D,7,1,3947728,219,1996,17,105.84,53.99
35189,Historical,120694,1,1,D,2,1,767952,87.6,2008,61,81.69,44.51
35190,Historical,108871,0,0,D,2,1,4632791,88.4,2004,29,125.74,6.98
35191,Historical,110263,0,0,D,4,1,252773,38.99,2010,62,125.74,38.99
35192,Historical,111313,1,2,D,4,1,53854,98.03,2010,74,103.73,28.71
35193,Historical,542064,1,14,D,8,1,397942,156.95,2011,60,132.54,31.24
35194,Historical,244235,0,0,D,10,1,126155,190.95,2012,49,136.41,60.73
35195,Historical,533655,0,0,D,7,1,322271,239.95,2010,47,114.09,25.98
35196,Historical,452929,0,0,D,7,1,455365,209.95,2010,25,136.41,30.49
35197,Historical,450445,1,2,D,4,1,754130,229.95,2007,64,114.09,23.69
35198,Historical,244236,1,1,D,10,1,275936,137.95,2012,46,43.25,38.24
35199,Historical,544398,0,0,D,8,1,39489,170.95,2013,60,65.74,53.99
35200,Historical,52672,1,1,D,4,1,1348467,169.95,2007,42,65.74,47.16
35201,Historical,533890,0,0,D,7,1,710886,152.95,2010,72,43.25,16.99
35202,Historical,52673,0,0,D,7,1,438753,176.95,2010,56,65.74,73.71
35203,Historical,61067,1,1,D,6,1,1541531,110.95,2007,49,43.25,49.05
35204,Historical,58246,0,0,D,6,1,1348002,280.95,2010,24,61.18,58.93
35205,Historical,58245,0,0,D,5,1,1194275,269.95,2007,34,61.18,10.98
35206,Historical,52668,0,0,D,6,1,323559,306.95,2005,96,132.54,89.58
35207,Historical,533579,0,0,D,10,1,259041,250.95,2012,48,18.94,73.25
35208,Historical,53497,0,0,D,9,1,548779,275.95,2008,62,18.94,51.71
35209,Historical,53498,0,0,D,8,1,1176122,291.95,2006,56,18.94,15.44
35210,Historical,346372,0,0,D,7,1,1151801,277.95,2008,43,171.48,73.19
35211,Historical,569843,0,0,D,6,1,1492388,178.95,2005,34,171.48,50.39
35212,Historical,892507,0,0,D,8,1,725970,0,2012,29,171.48,106.24
35213,Historical,525180,0,0,D,10,1,949892,194.95,2012,30,132.15,43.89
35214,Historical,608693,0,0,D,9,1,1490286,214.95,2008,45,132.15,38.69
35215,Historical,572191,0,0,D,8,1,1996446,170.95,2006,48,132.15,9.74
35216,Historical,550007,0,0,D,6,1,1395122,71.13,2003,44,69.22,45.47
35217,Historical,109820,0,0,D,7,1,454484,356.12,2006,39,69.22,72.39
35218,Historical,58247,1,1,D,5,1,1877526,201.95,2007,45,103.03,22.66
35219,Historical,52669,1,1,D,7,1,95772,215.95,2008,81,103.48,53.13
35220,Historical,170106,0,0,D,6,1,792795,84.95,2010,44,103.03,70.51
35221,Historical,52670,1,2,D,6,1,1227935,177.95,2005,90,103.48,11.49
35222,Historical,110545,0,0,D,15,1,2231971,42.78,2008,23,12.84,42.38
35223,Historical,58248,0,0,D,6,1,187580,209.95,2010,42,103.03,18.98
35224,Historical,533578,1,1,D,10,1,62955,189.95,2012,76,83.99,73.11
35225,Historical,53500,0,0,D,9,1,452246,200.95,2008,73,83.99,27.94
35226,Historical,53501,0,0,D,8,1,1017009,128.95,2006,80,83.99,10.21
35227,Historical,170107,0,0,D,6,1,696239,84.95,2010,35,122.07,28.99
35228,Historical,704266,0,0,D,6,1,1992563,25.99,2003,27,50.56,16.94
35229,Historical,58249,0,0,D,5,1,1669054,209.95,2007,37,122.07,37.15
35230,Historical,109819,0,0,D,7,1,378391,96.25,2006,33,50.56,51.45
35231,Historical,533901,0,0,D,7,1,91063,215.95,2008,89,78.99,52.99
35232,Historical,58250,0,0,D,6,1,689341,209.95,2010,50,122.07,62.47
35233,Historical,572190,0,0,D,8,1,824496,229.95,2006,71,90.23,46.18
35234,Historical,543826,0,0,D,10,1,85566,189.95,2012,61,90.23,83.99
35235,Historical,608694,0,0,D,9,1,348847,200.95,2008,70,90.23,45.66
35236,Historical,61070,0,0,D,6,1,989565,236.95,2006,72,78.99,37.23
35237,Historical,52047,1,6,D,7,1,312222,176.95,2010,60,78.99,80.81
35238,Historical,52046,1,1,D,4,1,656401,169.95,2007,36,78.99,23.51
35239,Historical,544399,1,2,D,8,1,75945,170.95,2013,56,78.99,53.99
35240,Historical,525179,0,0,D,8,1,687210,186.95,2011,81,93.99,51.47
35241,Historical,61069,0,0,D,6,1,2114014,217.95,2005,60,93.99,26.88
35242,Historical,533892,1,2,D,7,1,1498042,197.95,2008,55,93.99,27.94
35243,Historical,567635,0,0,D,7,1,1598222,197.95,2008,49,91.27,44.13
35244,Historical,543761,0,0,D,8,1,451008,186.95,2011,114,91.27,37.46
35245,Historical,543762,1,2,D,8,1,753295,186.95,2011,44,76.12,28.99
35246,Historical,563708,1,2,D,3,1,84415,100,2011,106,51.16,64.96
35247,Historical,563688,0,0,D,2,1,425491,57.5,2008,64,51.16,38.99
35248,Historical,563686,0,0,D,2,1,562665,22.99,2008,91,33.92,22.95
35249,Historical,621935,1,6,D,17,1,1006053,35.98,2011,63,64.72,22.99
35250,Historical,563387,0,0,D,17,1,1011807,28.99,2011,47,64.72,28.99
35251,Historical,55613,0,0,D,16,1,299133,13.99,2008,65,73.5,33.36
35252,Historical,563705,1,11,D,17,1,303874,281,2011,141,73.5,27.09
35253,Historical,54269,0,0,D,16,1,747729,14.89,2008,60,73.5,14.89
35254,Historical,53659,1,1,D,17,1,78572,42.94,2011,105,59.95,15.97
35255,Historical,53658,0,0,D,15,1,1597737,78.75,2005,54,59.95,21.89
35256,Historical,53661,0,0,D,16,1,964458,13.99,2008,91,59.95,23.99
35257,Historical,563706,0,0,D,17,1,979844,24.98,2011,39,78.49,15
35258,Historical,334078,1,1,D,16,1,1840906,18.99,2008,34,78.49,16.49
35259,Historical,630914,0,0,D,16,1,2448766,49.71,2008,21,44.73,67.15
35260,Historical,620243,0,0,D,17,1,221900,0,2011,30,44.73,21.33
35261,Historical,617834,1,1,D,15,1,3802996,76.7,2007,23,41.99,15.64
35262,Historical,563707,0,0,D,17,1,691003,81.35,2011,45,41.99,17.99
35263,Historical,334079,0,0,D,16,1,434347,8.99,2008,26,41.99,28.97
35264,Historical,2333716,1,2,D,7,1,2858027,16.81,1998,37,0,17.62
35265,Historical,109750,0,0,D,9,1,1103487,0,2006,41,43.94,57.55
35266,Historical,704260,0,0,D,8,1,487385,53.66,2002,43,33.49,34.62
35267,Historical,118378,1,1,D,9,1,204094,111.6,2006,64,66.58,23.98
35268,Historical,132966,0,0,D,10,1,772427,129.2,2009,36,100.89,63.19
35269,Historical,58241,1,1,D,1,0,1052955,52.95,1996,72,28.63,30.12
35270,Historical,2653356,0,0,D,4,1,3125327,35.96,1990,27,30.81,49.03
35271,Historical,61117,1,1,D,4,1,171426,43.99,1999,47,42.16,33.97
35272,Historical,287747,0,0,D,1,0,251872,51.95,2007,80,37.89,12.35
35273,Historical,608384,0,0,D,4,1,135022,125,2007,50,82.27,73.05
35274,Historical,2760364,0,0,D,0,0,53737,22,2002,54,44.56,12.63
35275,Historical,563520,0,0,D,0,0,68649,15.95,2008,52,0,11
35276,Historical,153031,0,0,D,1,0,241595,45,2002,120,0,22.64
35279,Historical,144423,0,0,D,2,1,817308,56.8,2003,66,43.92,33.26
35280,Historical,595606,1,1,D,2,1,16398,77.18,2011,202,111.97,34.86
35281,Historical,497869,1,2,D,1,0,226712,28.06,2009,148,105.73,12.43
35282,Historical,252736,1,2,D,1,0,688341,43.98,2010,139,105.73,25.75
35283,Historical,595607,0,0,D,2,1,49871,78.51,2012,166,105.73,49.77
35284,Historical,57430,0,0,D,2,1,2216930,175.95,2008,41,99.98,28.99
35285,Historical,451710,0,0,D,2,1,997516,188.95,2008,38,99.98,43.87
35286,Historical,913185,1,1,D,1,0,2202098,37.95,2001,14,45,10.1
35287,Historical,288590,1,1,D,1,0,1661264,42,2006,66,31.6,8.59
35288,Historical,132844,0,0,D,2,1,235236,46.2,2009,86,31.6,19.5
35289,Historical,872651,0,0,D,1,0,566599,31,2000,113,25.98,6.15
35290,Historical,131963,0,0,D,2,1,943790,39.99,2005,101,25.98,5.83
35291,Historical,1538300,0,0,D,0,0,1033460,50.95,2007,16,41.93,43.94
35292,Historical,228706,0,0,D,3,1,168155,38.95,2002,102,0,0
35293,Historical,913444,0,0,D,1,0,3057405,75,2002,38,38.13,18.24
35294,Historical,666764,0,0,D,1,0,313173,50,2005,27,38.13,32.53
35295,Historical,563608,1,3,D,3,1,12749,29.99,2012,113,87.79,23.99
35296,Historical,54416,1,3,D,1,0,565921,33.98,2006,51,87.79,29.98
35297,Historical,54417,0,0,D,2,1,528556,29.44,2009,64,87.79,31.99
35298,Historical,60842,0,0,D,1,0,766004,84.95,2004,52,36.41,17.92
35299,Historical,874014,0,0,D,5,1,2849210,33.99,2006,20,34.99,31.49
35300,Historical,56996,0,0,D,5,1,277251,82.95,2006,111,34.99,38.97
35301,Historical,192896,0,0,D,8,1,1696588,93.95,2002,28,71.78,23.2
35302,Historical,249227,0,0,D,9,1,789212,117,2009,44,71.78,63.99
35303,Historical,714268,0,0,D,1,0,1076901,29.2,2002,11,14.09,69.99
35304,Historical,52329,0,0,D,8,1,105259,139.95,2011,60,94.82,68.66
35305,Historical,52328,0,0,D,7,1,451812,151.95,2007,37,94.82,49.25
35306,Historical,2253619,0,0,D,5,1,3593532,71.64,2008,49,33.09,59.56
35307,Historical,275054,0,0,D,2,1,3683379,32.95,2004,30,33.09,10.99
35308,Historical,107968,0,0,D,9,1,4672671,8.49,2002,18,24.85,8.49
35309,Historical,2663294,1,1,D,1,0,1978640,81.98,1988,27,288.12,49.64
35310,Historical,2663295,0,0,D,2,1,755449,99,1995,21,288.12,84.08
35311,Historical,142910,1,2,D,3,1,3310652,30,2004,18,177.31,49.97
35312,Historical,143231,1,1,D,4,1,147424,43,2009,29,177.31,36.99
35314,Historical,616972,1,3,D,2,1,476081,41.98,2004,46,43.2,19.67
35315,Historical,615641,0,0,D,3,1,205637,50.99,2007,42,43.2,9.49
35316,Historical,895567,1,1,D,2,1,4765307,44.99,1997,18,48.99,6.14
35317,Historical,120803,0,0,D,8,1,2427736,159.27,2009,22,127.6,130.84
35318,Historical,121360,1,2,D,8,1,116885,152.6,2009,83,127.6,35.6
35319,Historical,101359,0,0,D,3,1,480187,163.95,2004,24,0,0
35320,Historical,261555,0,0,D,2,1,1488387,33.98,2000,41,30.47,33.98
35321,Historical,637250,0,0,D,4,1,902800,146.4,2007,18,102.07,90.99
35322,Historical,3263024,0,0,D,5,1,1418598,63.31,2005,39,0,30.19
35323,Historical,112048,0,0,D,6,1,278227,42.99,2009,79,47.8,42.93
35324,Historical,108387,0,0,D,5,1,204425,49.24,2005,35,47.8,33.74
35325,Historical,2840833,0,0,D,1,0,3935147,97.95,1997,25,30.3,26.96
35326,Historical,622693,0,0,D,5,1,916793,78,2009,33,63.19,33.92
35327,Historical,193586,1,1,D,0,0,95372,44,2007,48,0,0
35328,Historical,617715,0,0,D,2,1,622180,50,2000,36,25.44,23.77
35329,Historical,126589,1,1,D,0,0,198561,35.95,2007,36,26.98,15.99
35330,Historical,864304,1,1,D,1,0,176074,151.95,2012,27,96.57,51.57
35331,Historical,873282,0,0,D,1,0,789940,124.95,2012,32,96.57,61.88
35332,Historical,197730,0,0,D,3,1,1534699,71.95,2009,46,22.98,19.96
35333,Historical,829631,0,0,D,1,0,3243552,53.95,2003,17,0,0
35334,Historical,1482325,1,1,D,1,0,111184,59.6,2013,31,56.33,37.22
35335,Historical,622518,0,0,D,1,0,1517751,62,2005,23,38.31,23.94
35336,Historical,169976,1,1,D,9,1,220809,275.95,2010,84,136.77,73.46
35337,Historical,61073,0,0,D,8,1,943671,302.95,2006,73,136.77,22.1
35338,Historical,606704,0,0,D,7,1,659344,174.95,2002,48,136.77,10.61
35339,Historical,2615577,0,0,D,3,1,3165264,359,2005,13,205.83,226.3
35340,Historical,164214,0,0,D,2,1,1632524,233.95,1998,37,51.74,28.98
35341,Historical,599897,0,0,D,1,0,560414,49.5,2008,18,0,0
35343,Historical,317695,1,2,D,4,1,550829,94.67,1998,41,67.38,48.47
35344,Historical,246273,0,0,D,2,1,445241,108.95,2006,32,57.83,65.43
35346,Historical,566794,0,0,D,3,1,8275391,119.9,2005,9,0,81.14
35347,Historical,1780889,0,0,D,12,1,538979,65,2014,24,4,38.33
35348,Historical,756606,0,0,D,2,1,1510256,465,1997,16,385.15,31.97
35349,Historical,565980,0,0,D,8,1,1419465,97,2010,22,27.03,69.33
35350,Historical,608400,0,0,D,4,1,3116750,91,2007,24,27.03,19.97
35351,Historical,565869,0,0,D,0,0,2551777,95,2008,24,103.99,14.69
35352,Historical,162156,0,0,D,0,0,2184833,93,2007,29,103.99,12.79
35353,Historical,661890,0,0,D,0,0,1342425,95,2012,15,75.98,73.98
35354,Historical,752714,0,0,D,0,0,2004600,95,2011,27,75.98,48.98
35355,Historical,612681,0,0,D,2,1,2084684,100,2013,12,73.07,100
35356,Historical,629170,0,0,D,1,0,36907,59.95,2012,42,37.88,42.25
35357,Historical,184397,0,0,D,0,0,2451727,76.95,2004,22,30.85,33.94
35358,Historical,184392,0,0,D,1,0,3083035,82.95,2004,22,33.99,43.73
35359,Historical,249215,1,1,D,6,1,684927,83.95,2009,46,29.57,40.27
35360,Historical,561642,0,0,D,5,1,2182481,63.95,2005,51,29.57,18.98
35361,Historical,203808,1,1,D,11,1,154858,94.99,2008,103,83.07,14.7
35362,Historical,2451581,0,0,D,0,0,5742031,9.95,1995,12,36.48,17.49
35363,Historical,2602584,0,0,D,0,0,8677781,11,1995,19,36.48,27.66
35364,Historical,288812,0,0,D,9,1,1239786,77.95,2006,90,60,8.42
35365,Historical,288841,0,0,D,10,1,315363,87.95,2010,57,60,18.23
35366,Historical,861826,1,1,D,10,1,313855,94.95,2013,60,60,14.49
35367,Historical,619312,1,3,D,2,1,56767,195,2012,45,16.16,49.99
35368,Historical,625314,0,0,D,1,0,597753,182,2008,24,16.16,33.33
35369,Historical,105962,0,0,D,22,1,1074498,155,2005,31,47.86,24.99
35370,Historical,106630,1,1,D,23,1,345044,193,2009,39,47.86,43.98
35371,Historical,525124,0,0,D,23,1,187771,105,2011,14,47.84,9.98
35372,Historical,253968,1,1,D,12,1,804595,210,2011,13,120.84,105.99
35373,Historical,248879,0,0,D,11,1,1802391,218,2007,19,120.84,28.97
35374,Historical,2940773,0,0,D,10,1,5002184,62.99,2005,12,48.45,99.13
35375,Historical,618700,1,4,D,0,0,276150,49.99,1981,69,26.33,43.94
35376,Historical,193298,0,0,D,0,0,4167145,98.95,2003,14,55.21,97.71
35377,Historical,243860,0,0,D,7,1,68872,167.95,2011,53,61.24,77.2
35378,Historical,117294,0,0,D,2,1,3271485,100.2,2006,22,39.28,41.03
35379,Historical,249850,1,3,D,6,1,709020,167.95,2007,56,61.24,21.95
35380,Historical,286391,0,0,D,3,1,201905,151,2010,57,39.28,17.93
35381,Historical,193566,0,0,D,2,1,1984809,107.95,2007,15,55.21,61.96
35382,Historical,51782,0,0,D,8,1,70605,156,2009,100,90.99,153.99
35383,Historical,193534,0,0,D,4,1,465660,43.95,2007,72,46.24,21.84
35384,Historical,638927,0,0,D,4,1,294010,141.95,2012,26,59.34,79.98
35385,Historical,293205,1,1,D,2,1,1534636,81.95,2006,19,59.34,18.99
35386,Historical,193669,0,0,D,3,1,1157285,86.95,2009,34,59.34,8.79
35387,Historical,51781,1,7,D,7,1,653847,146,2005,81,90.99,49.77
35388,Historical,166006,0,0,D,1,0,2171514,100,2002,21,55.98,20.92
35389,Historical,661714,0,0,D,2,1,3169880,231,2007,9,172.98,189.97
35390,Historical,863913,0,0,D,0,0,1865739,65,2010,17,89.74,65
35391,Historical,755534,0,0,D,1,0,2690981,170,2005,12,87.01,53.82
35392,Historical,657866,0,0,D,6,1,39393,192.5,2013,61,77.39,56.82
35393,Historical,111923,1,1,D,5,1,64882,83.99,2011,56,77.39,62.5
35394,Historical,110728,1,1,D,4,1,266631,9.98,2009,78,77.39,10.98
35395,Historical,61074,0,0,D,3,1,481750,18.54,2007,79,77.39,17.76
35396,Historical,660642,0,0,D,1,0,771947,39.99,2014,33,29.83,10.65
35397,Historical,269490,0,0,D,2,1,152688,69.95,2009,36,44.61,24.46
35398,Historical,2052286,0,0,D,0,0,1506174,59.95,2007,26,44.61,45.63
35399,Historical,766251,0,0,D,3,1,1363956,85.95,2005,4,70.9,26.14
35400,Historical,278852,0,0,D,1,0,1125733,44.99,2007,47,25.89,8.73
35401,Historical,292468,0,0,D,1,0,230753,59.99,2010,49,40.89,30.1
35402,Historical,748359,0,0,D,1,0,4544176,95,2005,18,28.98,50.08
35404,Historical,910280,0,0,D,2,1,1302576,165,2000,21,119.03,89.14
35405,Historical,625420,0,0,D,2,1,146423,55,2004,53,41.65,43.99
35406,Historical,151849,0,0,D,1,0,209403,29.99,2001,71,59.76,13.49
35407,Historical,3053561,0,0,D,0,0,2338242,125,2002,13,0,13.98
35408,Historical,822669,0,0,D,1,0,1534005,28,1995,31,22.69,4.4
35409,Historical,608252,0,0,D,3,1,482618,35,2008,39,22.69,45.99
35410,Historical,525113,0,0,D,5,1,30629,58.95,2012,123,43.98,21.7
35411,Historical,147125,0,0,D,3,1,1687253,39.95,2004,94,43.98,4.8
35412,Historical,147557,0,0,D,4,1,449699,46.95,2008,210,43.98,9.91
35413,Historical,104290,0,0,D,2,1,2060371,79,1997,13,43.86,64.83
35414,Historical,525110,0,0,D,0,0,374751,199.6,2004,57,99.02,26.2
35415,Historical,114413,1,1,D,0,0,1067585,87,2001,29,99.02,14.38
35416,Historical,920199,0,0,D,1,0,842565,92,1996,55,39.96,23.95
35417,Historical,250078,0,0,D,2,1,1496909,206.95,2006,39,51.37,15.98
35418,Historical,3821802,0,0,D,0,0,2336517,105,2001,18,0,280.87
35419,Historical,602758,0,0,D,0,0,696116,99.95,2010,50,73.98,70
35421,Historical,3499198,0,0,D,5,1,697108,32.7,1994,36,0,0
35422,Historical,2446153,0,0,D,4,1,3233515,50.81,1990,25,28.67,44.91
35423,Historical,2680466,0,0,D,3,1,2549702,110,2001,21,4.01,41.89
35424,Historical,531300,0,0,D,8,1,138015,89.99,2011,76,73.82,25.09
35425,Historical,719851,0,0,D,7,1,1827526,99,2001,40,25.47,13.65
35426,Historical,873290,0,0,D,2,1,847824,15.35,2005,35,58.33,19.07
35427,Historical,108081,0,0,D,2,1,66311,8.98,2004,57,58.33,8.99
35428,Historical,248204,0,0,D,0,0,196264,89,2011,75,43.98,36.97
35429,Historical,663789,1,1,D,1,0,159529,66,2013,53,43.98,38.99
35430,Historical,551497,1,1,D,1,0,4498180,285,1999,23,12.64,45.97
35431,Historical,859628,0,0,D,1,0,4846870,150.95,2007,13,0,92.37
35432,Historical,3269551,0,0,D,4,1,308739,61.35,2005,40,0,52.27
35433,Historical,108632,0,0,D,4,1,1164894,38.99,2005,38,43.98,38.35
35434,Historical,109588,0,0,D,4,1,1457892,85.5,2005,24,43.98,41.98
35435,Historical,287557,0,0,D,2,1,3234701,77,2007,29,76.95,51.35
35436,Historical,121155,0,0,D,3,1,299806,110.8,2010,64,76.95,41.09
35437,Historical,145415,0,0,D,2,1,317601,142.8,2009,30,27.34,193
35438,Historical,130124,0,0,D,0,0,2145269,126.67,2004,30,27.34,151.57
35439,Historical,144050,0,0,D,2,1,548490,47.6,2002,45,29.74,28.09
35440,Historical,51545,0,0,D,3,1,2667703,8.97,2002,68,68.94,13.99
35441,Historical,51544,0,0,D,4,1,35887,46.98,2006,90,68.94,34.98
35444,Historical,131463,0,0,D,5,1,275794,121.8,2002,127,63.52,18.99
35445,Historical,873387,1,1,D,5,1,826335,20.44,2002,45,63.52,36.44
35446,Historical,144754,0,0,D,4,1,219181,93.4,2004,29,39.61,65.71
35447,Historical,607882,0,0,D,3,1,6296717,51.8,2001,17,39.61,40.76
35448,Historical,622519,0,0,D,0,0,132618,58,2007,32,28.99,21.54
35449,Historical,575849,0,0,D,1,0,2857270,75.82,2008,12,0,86.06
35450,Historical,115714,1,1,D,3,1,917588,104,2003,77,41.49,23.99
35451,Historical,868405,0,0,D,4,1,1095997,71.95,2004,31,72.99,57.05
35452,Historical,51654,0,0,D,5,1,37727,60.99,2009,61,73.5,48.98
35453,Historical,51653,0,0,D,3,1,2000855,13.49,2003,43,73.5,8.99
35454,Historical,51655,1,2,D,4,1,196113,6.98,2006,88,73.5,8.97
35455,Historical,287015,0,0,D,3,1,148622,89.95,2005,65,55.5,19
35456,Historical,157705,0,0,D,4,1,296660,50.95,2010,33,40.99,49.99
35457,Historical,533742,0,0,D,5,1,9287,181.25,2011,199,115.95,25.98
35458,Historical,2264246,1,2,D,5,1,164694,63.45,2011,39,0,53.04
35459,Historical,51619,0,0,D,3,1,631639,33.98,2005,113,115.95,32.63
35460,Historical,51618,1,2,D,4,1,359844,18.57,2008,124,115.95,15.99
35461,Historical,870192,0,0,D,7,1,2378330,20.14,2007,41,23.73,9.72
35462,Historical,608022,0,0,D,7,1,727050,52.95,2007,73,23.73,6.83
35463,Historical,147051,0,0,D,6,1,1168518,46.95,2004,49,23.73,15
35464,Historical,652276,0,0,D,9,1,278888,128,2013,78,82.45,19.8
35465,Historical,147689,0,0,D,9,1,1526794,158.95,2010,28,82.45,120.23
35466,Historical,52677,0,0,D,9,1,118410,123,2010,203,82.45,11.99
35467,Historical,52676,0,0,D,8,1,575526,104,2006,186,82.45,6.99
35469,Historical,2563984,0,0,D,0,0,3194012,85,1992,20,147.93,70.93
35470,Historical,165504,0,0,D,2,1,419431,99,2002,75,147.93,53.73
35471,Historical,919327,0,0,D,2,1,898307,34.99,2011,59,27.29,8.17
35472,Historical,184523,0,0,D,3,1,2649402,59.95,2003,30,46.88,47.62
35473,Historical,56699,1,1,D,4,1,68177,50.65,2007,130,53.05,38.63
35474,Historical,117894,0,0,D,1,0,616845,45.99,2006,47,30.05,13.96
35475,Historical,874320,0,0,D,4,1,463385,89,2009,108,84.94,9.98
35476,Historical,556911,0,0,D,5,1,86651,121,2011,60,78.75,32.51
35477,Historical,874300,1,1,D,4,1,396561,91.8,2009,44,78.75,50.82
35478,Historical,859087,0,0,D,2,1,1258837,63,2003,30,56.91,26.32
35479,Historical,276630,0,0,D,6,1,1124634,77.46,2004,16,33.91,70.51
35480,Historical,902999,1,1,D,4,1,479532,67.5,1995,18,33.91,71.95
35481,Historical,535782,1,6,D,4,1,25434,183.5,2012,130,78.9,51.89
35482,Historical,50564,0,0,D,3,1,375813,62.26,2009,81,78.9,53.99
35483,Historical,50563,1,1,D,2,1,240749,10.94,2006,53,78.9,13.94
35484,Historical,877725,0,0,D,2,1,2057709,14.23,2007,45,78.9,16.49
35485,Historical,918165,0,0,D,0,0,1967343,61.95,2006,23,51.69,12.49
35486,Historical,775783,1,4,D,0,0,5301668,111,2004,12,63.99,13.99
35487,Historical,623409,1,2,D,3,1,154654,216,2012,46,63.99,68.99
35488,Historical,193626,0,0,D,2,1,1377192,139,2008,37,63.99,23.86
35489,Historical,2438583,0,0,D,4,1,5326699,110,2004,16,51.86,90.96
35490,Historical,61076,1,1,D,7,1,1045695,24.99,2004,40,25.11,13.98
35491,Historical,621328,1,2,D,3,1,293799,52.95,2011,29,31.77,10.65
35492,Historical,530503,0,0,D,3,1,401369,73.95,2010,47,25.73,53.99
35493,Historical,635357,0,0,D,0,0,497554,40,2002,18,0,0
35494,Historical,2397700,0,0,D,3,1,246417,122.95,2002,27,44.01,55.63
35495,Historical,618747,0,0,D,1,0,1821902,33.2,2006,29,58.41,19.87
35496,Historical,545247,1,2,D,5,1,779817,96.95,2010,53,79.96,48.98
35497,Historical,591353,1,1,D,4,1,3125101,102.95,2005,16,79.96,52.37
35498,Historical,297995,0,0,D,4,1,363505,114.95,2005,38,66.15,19.99
35499,Historical,148538,0,0,D,11,1,3148680,116.95,2006,16,79.89,97.72
35500,Historical,525086,0,0,D,12,1,1130338,116.95,2009,30,79.89,45.05
35501,Historical,147396,0,0,D,4,1,411457,44.95,2007,19,34.57,45.12
35502,Historical,609589,0,0,D,3,1,651005,81.95,2007,64,15.99,15.98
35503,Historical,288830,0,0,D,9,1,624796,38.95,2008,48,0,0
35504,Historical,410107,0,0,D,2,1,142933,73.95,2008,29,62.84,13.98
35505,Historical,117077,0,0,D,10,1,2701961,44,2006,32,4,23.45
35506,Historical,254020,0,0,D,12,1,270181,44.95,2011,108,11.37,13.06
35507,Historical,870850,0,0,D,13,1,95988,47.95,2013,69,11.37,38.99
35508,Historical,147653,1,1,D,12,1,136906,117,2011,59,85.94,77.19
35509,Historical,252049,0,0,D,5,1,1222602,71.95,2007,14,54.9,160.09
35510,Historical,329977,0,0,D,3,1,2023780,26.95,2005,36,29.99,8.98
35511,Historical,525078,0,0,D,4,1,668928,34.95,2009,73,29.99,8.06
35512,Historical,621701,0,0,D,3,1,1324766,65.95,2006,36,44.02,19
35513,Historical,540438,0,0,D,10,1,652150,66.07,2010,20,0,71.83
35514,Historical,108457,0,0,D,6,1,723095,57.2,2004,31,63.97,49.55
35515,Historical,527013,0,0,D,8,1,1648259,70,2007,75,38.25,5.74
35516,Historical,539569,1,5,D,9,1,142384,76.2,2009,65,38.25,58.67
35517,Historical,147060,0,0,D,2,1,166299,45.95,2007,28,36,31.13
35518,Historical,873117,1,1,D,4,1,3073963,128.17,1999,18,72.98,58.05
35519,Historical,525457,1,2,D,6,1,320202,248.82,2008,37,72.98,74.88
35520,Historical,704560,1,3,D,5,1,256931,58.1,2003,43,24.46,43.89
35521,Historical,119812,0,0,D,3,1,1629364,48,1996,26,89.71,47.19
35522,Historical,643996,1,6,D,8,1,182125,36.21,2008,42,72.04,73.99
35523,Historical,244093,0,0,D,3,1,1100827,88.95,2011,56,63.98,4.82
35524,Historical,202295,0,0,D,4,1,3265138,72.95,2002,26,65.55,19.48
35525,Historical,592481,1,1,D,5,1,1077996,105.95,2007,36,65.55,13.99
35526,Historical,626440,0,0,D,1,0,1244269,108.95,2004,25,63.08,117.95
35527,Historical,2485952,0,0,D,3,1,615511,39.95,2005,22,0,63.58
35528,Historical,654727,1,6,D,8,1,831780,58.99,2008,31,72.22,48.99
35529,Historical,665138,0,0,D,3,1,517735,60.95,2011,16,56.6,65.93
35530,Historical,525062,0,0,D,7,1,901172,141.95,2007,29,84.64,60.21
35531,Historical,183470,0,0,D,2,1,947709,146.95,2007,30,80.34,51.48
35532,Historical,606882,1,1,D,4,1,4058311,71.75,2005,26,72.94,27.38
35533,Historical,615021,1,2,D,6,1,1080407,47.98,2010,54,72.94,23.98
35534,Historical,109220,1,2,D,1,0,667396,113.67,2002,17,70.84,80.22
35535,Historical,248363,0,0,D,5,1,2830079,149.95,2005,18,124.92,28.98
35536,Historical,606702,0,0,D,7,1,148832,125.95,2002,27,32.99,19.99
35537,Historical,525058,0,0,D,8,1,832142,122.95,2010,24,69.24,48.88
35538,Historical,248396,0,0,D,7,1,163610,134.95,2006,28,69.24,33.98
35539,Historical,111670,0,0,D,9,1,40270,104,2011,27,56.13,44.68
35540,Historical,109945,0,0,D,8,1,874302,20.62,2008,47,56.13,14.26
35541,Historical,386506,1,2,D,1,0,1729340,148.95,2005,12,60.83,73.07
35542,Historical,109836,1,1,D,4,1,706909,0,2007,39,69.53,50.89
35543,Historical,703611,1,6,D,2,1,3135321,70,2000,22,119.64,37.51
35544,Historical,104890,1,4,D,2,1,469112,141.59,1999,22,79.98,140.75
35545,Historical,627500,1,1,D,6,1,155324,64.94,2008,15,0,0
35546,Historical,108427,0,0,D,5,1,1089833,54.09,2004,39,126.69,23.69
35547,Historical,623511,0,0,D,6,1,367958,204,2009,18,161.49,193.03
35548,Historical,641603,1,1,D,4,1,978535,215.25,2008,20,163.99,161.44
35549,Historical,608639,0,0,D,4,1,2154551,103.95,2006,36,43.59,6.88
35550,Historical,525046,0,0,D,3,1,1212648,85,2008,17,67.33,86.24
35551,Historical,110667,0,0,D,3,1,68446,63.69,2005,101,68.23,82.02
35552,Historical,50655,1,5,D,4,1,322474,97.6,2006,53,80.5,17.94
35553,Historical,183477,0,0,D,4,1,1035639,80.4,2006,31,80.5,15.99
35554,Historical,1597934,1,6,D,24,1,735009,59.95,2011,52,55.69,29.99
35555,Historical,57774,0,0,D,5,1,1963669,91.4,2004,31,72.69,13.98
35556,Historical,669207,0,0,D,1,0,1546183,77,2010,23,0,55.85
35557,Historical,714841,0,0,D,1,0,589361,42.33,1998,28,36.18,37.94
35558,Historical,131977,1,2,D,4,1,582887,80.8,2005,20,67.22,40.85
35559,Historical,620874,0,0,D,8,1,98740,116.6,2004,30,28.25,21.38
35560,Historical,118225,0,0,D,1,0,170276,102.8,2010,35,29.49,74.99
35561,Historical,875228,0,0,D,0,0,2307162,21.28,2004,40,55.25,11.99
35562,Historical,875350,0,0,D,0,0,807302,62,2004,66,55.25,10.07
35563,Historical,300097,0,0,D,6,1,148460,73.28,2007,46,55.25,33.49
35564,Historical,711252,0,0,D,3,1,11755607,42,2001,24,4,6.24
35565,Historical,2771807,0,0,D,3,1,3804894,395,1979,28,92.99,58.49
35568,Historical,574875,1,1,D,2,1,1034114,61,2006,91,41.22,7.56
35569,Historical,272182,1,1,D,6,1,150417,50,2007,59,23.98,29.05
35570,Historical,2238061,0,0,D,1,0,5082814,48,2009,14,49.8,43.49
35571,Historical,287612,0,0,D,6,1,168447,203.8,2010,41,141.49,156.25
35572,Historical,52990,0,0,D,6,1,436273,302.95,2011,50,71.27,23.18
35573,Historical,873581,1,1,D,6,1,164662,126.63,2010,51,67.8,101.15
35574,Historical,614781,0,0,D,5,1,151795,133.5,2006,67,67.8,48.88
35575,Historical,52991,1,1,D,4,1,633468,366.95,2005,48,71.27,20.98
35576,Historical,878313,1,1,D,5,1,368974,53.98,2008,34,71.27,35.54
35577,Historical,52987,0,0,D,5,1,1210818,333.95,2007,44,71.27,28.98
35578,Historical,740054,0,0,D,4,1,647517,100.1,2003,44,141.49,18.98
35579,Historical,697278,0,0,D,2,1,5143227,48.75,1997,34,19.19,7.97
35580,Historical,606829,0,0,D,3,1,3222319,44.68,2001,38,19.19,10.88
35581,Historical,132431,0,0,D,5,1,1508202,119.8,2007,38,93.91,13.99
35582,Historical,3240102,0,0,D,4,1,9499867,29.96,2005,23,0,34.37
35583,Historical,52988,0,0,D,5,1,758028,228.95,2007,46,134.76,11.98
35584,Historical,170187,1,3,D,6,1,385699,211.95,2011,55,134.76,167.86
35585,Historical,2511839,0,0,D,8,1,8711774,0,1991,7,0,0
35586,Historical,132794,1,1,D,6,1,149700,163.2,2010,55,93.91,22.5
35587,Historical,61082,1,1,D,4,1,605763,246.95,2005,36,134.76,13.97
35588,Historical,533629,0,0,D,6,1,427279,211.95,2011,50,75.1,57.92
35589,Historical,52989,0,0,D,5,1,1179660,224.95,2007,44,75.1,9.69
35590,Historical,132795,1,2,D,6,1,282372,163.2,2010,52,73.5,57.43
35591,Historical,177808,1,1,D,4,1,965632,122.95,2005,40,75.1,18.93
35592,Historical,214949,0,0,D,5,1,492801,75,2010,36,0,141.12
35593,Historical,580078,0,0,D,4,1,1135073,65,2006,42,0,10.88
35594,Historical,308250,0,0,D,7,1,2537689,15.89,2003,22,0,0
35595,Historical,308729,1,1,D,7,1,733041,8.72,2002,40,73.98,11.44
35596,Historical,696606,1,1,D,4,1,2267373,49.95,1998,23,53.71,12.89
35597,Historical,700370,1,1,D,5,1,1644747,49.95,2002,25,53.71,47.49
35598,Historical,696212,0,0,D,1,0,468105,81.05,2009,22,43.96,53.97
35599,Historical,597281,0,0,D,1,0,2197264,110,2002,31,113.99,7.39
35600,Historical,709738,0,0,D,0,0,593299,75.64,2012,13,0,114.21
35601,Historical,620736,1,2,D,7,1,461410,92.95,2012,60,81.99,54.99
35602,Historical,346111,0,0,D,5,1,705575,318.95,2006,59,81.99,53.99
35603,Historical,169561,0,0,D,1,0,2000047,103.95,2004,37,8.99,20.87
35604,Historical,53701,0,0,D,7,1,1053779,81.8,2009,62,63.9,23.99
35605,Historical,53703,0,0,D,6,1,772293,64.4,2006,47,63.9,23.98
35606,Historical,132990,0,0,D,7,1,710873,64.2,2009,40,23.99,39.8
35607,Historical,329867,0,0,D,6,1,1315946,51.6,2006,35,46.23,33.99
35608,Historical,287629,1,1,D,7,1,827029,64.2,2009,64,46.23,33.99
35609,Historical,538931,0,0,D,0,0,494687,126.75,2004,68,52.67,71.46
35610,Historical,551301,1,2,D,0,0,1467176,102.92,2002,68,52.67,9.8
35611,Historical,112319,1,1,D,0,0,830482,130.25,2007,57,52.67,62.96
35612,Historical,764847,0,0,D,2,1,6194649,60.95,1997,17,10.94,18.27
35613,Historical,61083,1,1,D,5,1,2228968,229.95,2006,33,10.94,43.65
35614,Historical,567630,1,1,D,4,1,4468975,223.95,2001,19,32.99,223.95
35615,Historical,3517546,0,0,D,1,0,2181323,49.95,2007,26,0,29.98
35616,Historical,112077,0,0,D,10,1,2575541,13.49,2009,32,19.33,13.49
35617,Historical,169562,0,0,D,4,1,838287,81.95,2004,32,32.99,43.98
35618,Historical,569760,0,0,D,4,1,1251272,181.95,2001,29,32.99,8.39
35619,Historical,54726,1,2,D,6,1,600786,252.95,2008,68,137.4,35.27
35620,Historical,380531,1,1,D,7,1,24953,229.95,2012,60,137.4,112.57
35621,Historical,795719,1,2,D,7,1,521640,73.95,2012,42,123.98,69.75
35622,Historical,53150,1,1,D,5,1,586672,139.95,2006,82,123.98,22.24
35623,Historical,51681,0,0,D,2,1,2637089,71.6,2005,78,45.19,11.59
35624,Historical,545117,0,0,D,2,1,114356,40.95,2010,21,16.98,31.96
35625,Historical,2251336,1,1,D,1,0,3651052,28.92,2007,42,0,32.07
35626,Historical,549851,1,2,D,1,0,364347,7.99,2007,72,46.99,10.99
35627,Historical,55413,1,2,D,2,1,332344,79.95,2008,85,43.5,21.99
35628,Historical,55412,0,0,D,0,0,1892852,68.95,2005,46,43.5,27.99
35629,Historical,871129,1,1,D,2,1,62635,23,1994,104,25.91,9.87
35630,Historical,870964,0,0,D,0,0,4523415,23.95,1990,34,25.91,12.5
35631,Historical,133003,1,1,D,6,1,1140572,177,2009,26,82.24,602.99
35632,Historical,61084,0,0,D,3,1,3585048,121.95,2002,25,6.99,18.99
35634,Historical,183314,0,0,D,2,1,128478,98.76,2007,81,120.97,38.99
35635,Historical,183313,1,2,D,0,0,718263,199.95,2005,86,120.97,38.1
35636,Historical,182588,1,2,D,0,0,646886,157.95,2002,112,120.97,33.94
35637,Historical,132890,0,0,D,2,1,30187,179,2009,61,102.84,33.98
35638,Historical,51442,0,0,D,5,1,1954539,49.68,2002,43,43.98,7.97
35639,Historical,51443,1,1,D,6,1,493723,33.28,2006,30,43.98,43.35
35640,Historical,428412,0,0,D,6,1,1227125,132.8,2007,45,46.57,8.73
35641,Historical,144499,0,0,D,0,0,2233915,20,2003,24,52.62,33.19
35642,Historical,132646,0,0,D,2,1,1583364,37.4,2008,39,52.62,43.56
35643,Historical,183565,1,1,D,7,1,1299249,142.95,2007,42,82.88,17.35
35644,Historical,61085,0,0,D,8,1,1236933,168.95,2005,54,49.99,16.25
35645,Historical,533870,0,0,D,9,1,580064,232.95,2009,61,49.99,31.99
35646,Historical,58263,1,5,D,1,0,401408,77.69,2009,135,68.99,9.2
35647,Historical,618239,1,2,D,2,1,19690,93.98,2012,127,68.99,25.99
35648,Historical,587670,0,0,D,14,1,85619,269.95,2013,88,58.99,78.09
35649,Historical,567740,0,0,D,13,1,880786,269.95,2011,63,58.99,16.19
35650,Historical,53280,1,1,D,13,1,617390,269.95,2012,86,58.99,13.54
35651,Historical,61086,0,0,D,6,1,3568954,80.2,2004,22,23.97,23.68
35652,Historical,614002,0,0,D,1,0,1311338,116.2,2007,47,71.99,47.99
35653,Historical,133293,0,0,D,2,1,167090,140.8,2010,54,71.99,48.77
35655,Historical,422064,0,0,D,7,1,1126289,100.6,2007,48,23.97,13.9
35656,Historical,252672,0,0,D,5,1,124973,104.79,2010,102,95.31,50.98
35657,Historical,56864,0,0,D,3,1,1374652,18.97,2005,46,95.31,13.74
35658,Historical,252673,1,2,D,5,1,158354,68.39,2010,78,101.98,49.57
35659,Historical,56867,1,1,D,4,1,1358964,59.18,2007,52,95.31,46.03
35660,Historical,61087,1,1,D,9,1,1079355,134.2,2006,58,119.98,15.89
35661,Historical,525018,0,0,D,10,1,233713,190,2009,103,119.98,39.43
35662,Historical,55509,0,0,D,1,0,548136,23.44,2009,58,64.59,23.41
35663,Historical,593591,0,0,D,2,1,406477,80.53,2011,89,64.59,33.54
35664,Historical,56865,0,0,D,4,1,478668,149.99,2007,95,95.31,39.99
35665,Historical,51223,1,3,D,4,1,78259,169.2,2010,79,57.81,35.73
35666,Historical,51224,0,0,D,3,1,727164,125.4,2008,82,57.81,22.51
35667,Historical,53189,1,1,D,4,1,1002714,117.95,2003,40,73.99,19.86
35668,Historical,53188,0,0,D,6,1,478343,203.95,2008,78,73.99,73.43
35669,Historical,127641,0,0,D,3,1,189230,92.95,2010,83,50.17,18.34
35670,Historical,525017,0,0,D,3,1,90973,92.95,2010,86,50.17,22.76
35671,Historical,868366,0,0,D,2,1,4520727,56.95,2000,27,5.98,7.44
35672,Historical,129434,1,1,D,4,1,42381,89.95,2011,84,76.14,27.95
35673,Historical,127394,1,2,D,3,1,371244,87.95,2008,74,76.14,23.41
35674,Historical,126730,0,0,D,2,1,1596133,77.95,2005,63,76.14,10.55
35675,Historical,53187,0,0,D,5,1,267648,219.95,2006,49,73.99,43.6
35676,Historical,559920,0,0,D,1,0,733188,53.54,2003,42,0,52.11
35677,Historical,120568,0,0,D,1,0,757513,97.2,2007,43,26.83,21.14
35678,Historical,607249,0,0,D,4,1,295114,94.4,2003,29,39.99,34.51
35680,Historical,55441,0,0,D,3,1,475014,141.6,2005,40,63.83,111.83
35681,Historical,421758,0,0,D,3,1,487130,107.2,2005,42,126.21,19.82
35682,Historical,428535,1,1,D,4,1,382803,160.8,2010,46,126.21,83.99
35683,Historical,56600,0,0,D,2,1,2563859,7.98,2004,45,43.98,7.98
35684,Historical,56601,1,1,D,4,1,79004,47.96,2010,88,43.98,29.9
35685,Historical,56602,1,5,D,3,1,541845,6.99,2007,93,43.98,11.49
35686,Historical,56605,0,0,D,4,1,159096,22.9,2010,90,37.94,14.58
35687,Historical,56604,1,2,D,3,1,493182,8.72,2007,154,37.94,8.89
35688,Historical,55410,1,1,D,5,1,59041,189.95,2008,73,32.93,44.91
35689,Historical,177739,0,0,D,1,0,3404257,60.95,2000,32,35.23,11.28
35690,Historical,55408,0,0,D,2,1,731695,195.95,2004,54,35.23,52.99
35691,Historical,54459,1,1,D,2,1,341783,16,2008,78,73.99,18.99
35692,Historical,154047,1,2,D,3,1,447823,36.99,2010,43,73.99,27.99
35693,Historical,154048,0,0,D,3,1,93853,27.99,2010,83,56.13,38.74
35694,Historical,289422,1,1,D,2,1,1167347,53.56,2008,80,56.13,23.44
35695,Historical,153852,0,0,D,2,1,183889,23.64,2008,115,68.5,18.98
35696,Historical,154049,1,2,D,3,1,127453,64.99,2010,132,68.5,42.08
35697,Historical,154050,0,0,D,3,1,902062,36.93,2010,52,38.73,51.51
35698,Historical,153994,0,0,D,2,1,1575975,13.48,2008,32,54.5,13.2
35699,Historical,154051,0,0,D,3,1,55191,10.66,2010,67,54.5,12.99
35700,Historical,563685,1,2,D,2,1,1270722,27.91,2008,35,53.19,27.85
35701,Historical,608956,0,0,D,4,1,5002179,42.95,2005,22,54.33,23.94
35702,Historical,608965,0,0,D,5,1,2248296,58.95,2009,25,54.33,48.13
35703,Historical,2595021,0,0,D,1,0,2758397,44.95,1988,22,0,19.24
35704,Historical,873393,0,0,D,2,1,1798309,96,2001,29,40.89,32.97
35705,Historical,478870,0,0,D,3,1,119807,110.95,2006,34,40.89,27.99
35706,Historical,264219,0,0,D,0,0,954354,44.95,2006,54,69.68,34.93
35707,Historical,389630,0,0,D,3,1,350377,69.99,2011,66,69.68,37.48
35708,Historical,264264,0,0,D,2,1,231329,54.95,2007,23,69.68,62.48
35709,Historical,868433,0,0,D,3,1,1604567,52.95,2002,36,44.19,8.03
35710,Historical,114412,0,0,D,0,0,584348,56.8,2003,30,55.01,43.53
35711,Historical,315076,0,0,D,2,1,526512,98.2,2007,28,55.01,23.96
35712,Historical,2262134,0,0,D,2,1,1128057,808.97,2008,34,0,94.71
35713,Historical,831145,0,0,D,2,1,1293178,69.95,1997,29,68.99,37.99
35714,Historical,290961,0,0,D,7,1,109448,299.95,2010,83,135.93,48.99
35715,Historical,61089,0,0,D,6,1,88396,192.95,2006,70,135.93,45.67
35716,Historical,1455638,0,0,D,1,0,190538,34.99,2014,11,58.98,22.63
35717,Historical,614517,1,2,D,1,0,124776,110,2011,90,28.73,24.99
35718,Historical,613379,1,3,D,0,0,24898,159.75,2010,112,4.37,32.59
35719,Historical,705682,1,7,D,0,0,2337384,0,2012,17,4.37,76
35720,Historical,608475,0,0,D,4,1,1440561,170.95,2010,31,94.64,44.09
35721,Historical,608792,0,0,D,3,1,3199602,163.95,2007,28,94.64,55.87
35722,Historical,614930,0,0,D,2,1,109791,122.2,2011,71,61.84,7.48
35723,Historical,174979,1,1,D,0,0,137027,39.75,2008,43,53.84,27.02
35724,Historical,288651,0,0,D,6,1,2102664,68,2007,36,7.56,7.04
35725,Historical,133114,0,0,D,7,1,105818,106.2,2010,83,7.56,18.78
35726,Historical,133113,0,0,D,6,1,1564442,82.33,2009,56,7.56,9.95
35727,Historical,53153,0,0,D,5,1,882250,6.98,2006,123,69.94,5.88
35728,Historical,53154,1,8,D,6,1,159909,22.99,2009,166,69.94,11.99
35729,Historical,540430,1,11,D,6,1,294939,19.99,2009,169,71.64,11.04
35730,Historical,613254,1,4,D,6,1,109220,62.51,2010,145,71.64,24.99
35731,Historical,288309,0,0,D,6,1,2130382,0,2009,20,73.05,73.79
35732,Historical,142046,1,2,D,7,1,127044,68.48,2010,75,73.05,19.12
35733,Historical,142044,0,0,D,7,1,116905,54.98,2011,77,73.98,19.79
35734,Historical,58304,1,1,D,3,1,918327,23.99,2009,89,71.34,19.19
35735,Historical,615868,1,1,D,4,1,25325,111.25,2011,69,71.34,35.62
35736,Historical,872177,0,0,D,4,1,1880435,123.18,2007,18,68.75,75.77
35737,Historical,866641,1,1,D,8,1,397523,118.95,2011,58,81.88,44.89
35738,Historical,609507,0,0,D,8,1,3026212,169.95,2007,18,52.38,17.98
35739,Historical,875242,1,3,D,7,1,1866103,46.56,2010,54,39.97,11.27
35740,Historical,704768,0,0,D,2,1,5345483,8.98,2006,21,44.87,8.98
35741,Historical,606915,1,1,D,2,1,4939518,0,2005,16,44.87,103.9
35742,Historical,557590,0,0,D,2,1,104119,122.2,2011,144,18.26,7.24
35743,Historical,859969,0,0,D,0,0,2767364,20.58,2009,36,18.26,23.48
35744,Historical,53656,1,1,D,2,1,982395,108.33,2009,95,88.99,5.98
35745,Historical,533561,1,4,D,3,1,364369,130.2,2011,108,88.99,9.99
35746,Historical,711898,0,0,D,4,1,2612034,33.8,2001,51,23.9,4
35747,Historical,118036,0,0,D,5,1,468724,32.2,2005,45,23.9,41.85
35748,Historical,54402,0,0,D,10,1,1665379,50.4,2002,57,23.99,7.89
35749,Historical,116962,0,0,D,11,1,251923,87.8,2005,37,23.99,30.24
35750,Historical,54403,0,0,D,11,1,390694,77,2005,56,23.99,9.99
35751,Historical,54404,0,0,D,12,1,765255,64,2009,37,23.99,41.94
35752,Historical,2365118,0,0,D,1,0,5035154,22.2,1999,23,0,7.06
35753,Historical,286122,0,0,D,2,1,4077033,31.2,2003,30,12.14,6.99
35754,Historical,617807,0,0,D,1,0,2302315,40.95,1999,34,8.73,41.47
35755,Historical,141947,1,13,D,1,0,70617,33.77,2010,161,38.01,21.26
35756,Historical,170172,1,2,D,6,1,38129,109.95,2011,184,55.91,14
35757,Historical,248449,1,2,D,5,1,457928,115.95,2008,148,55.91,38.22
35758,Historical,248354,0,0,D,4,1,1078635,95.95,2005,129,55.91,12.99
35759,Historical,638055,0,0,D,1,0,8315725,0,2006,15,77.3,46.53
35760,Historical,170171,0,0,D,2,1,104468,127.95,2011,83,77.3,39.67
35761,Historical,298332,0,0,D,1,0,970781,135.95,2007,80,77.3,19.96
35762,Historical,270063,1,4,D,5,1,113944,101,2008,154,75.99,8.91
35763,Historical,129400,1,2,D,3,1,118291,69.95,2011,42,46.72,53.99
35764,Historical,259623,0,0,D,3,1,2859932,104.95,2000,22,93.85,40.14
35765,Historical,557454,0,0,D,3,1,1580920,57.4,2008,60,81.92,13.98
35766,Historical,287399,0,0,D,4,1,513642,68,2010,79,81.92,26.62
35767,Historical,54414,1,1,D,10,1,435029,77.8,2007,193,69.33,19.85
35768,Historical,54413,1,3,D,11,1,192965,93.67,2010,214,69.33,32.79
35769,Historical,878743,0,0,D,6,1,1844617,60.07,2010,44,142.97,40.4
35770,Historical,51563,1,2,D,6,1,89702,216.95,2009,137,142.97,28.96
35771,Historical,51562,0,0,D,5,1,1031735,237.95,2006,101,142.97,8.95
35772,Historical,290909,0,0,D,5,1,2034380,0,2006,26,142.97,27.84
35773,Historical,660996,0,0,D,7,1,639745,110.95,2012,25,0,0
35774,Historical,607585,0,0,D,2,1,4769138,84.95,1994,25,8.09,29.5
35775,Historical,116532,0,0,D,3,1,1423281,82.4,2004,34,23.43,12.94
35776,Historical,117775,0,0,D,4,1,1245394,101.67,2007,40,23.43,23.99
35777,Historical,2256307,1,2,D,9,1,2837808,113.3,2011,22,75.85,112.57
35778,Historical,287443,0,0,D,9,1,6927,112.4,2011,177,75.85,48.54
35779,Historical,132835,0,0,D,8,1,966843,82.33,2009,115,62.91,6.97
35780,Historical,145422,1,1,D,7,1,1487090,77.6,2006,62,62.91,13.98
35781,Historical,53548,1,4,D,8,1,410068,90.8,2009,191,75.85,7.3
35782,Historical,132836,1,1,D,5,1,681881,66.67,2009,96,76.35,16.34
35783,Historical,130783,0,0,D,6,1,23132,81,2011,71,76.35,47.86
35784,Historical,145421,0,0,D,4,1,1656100,57.8,2006,68,76.35,4.16
35785,Historical,2569653,0,0,D,1,0,850065,39.95,1991,26,41.33,43.98
35786,Historical,560774,0,0,D,0,0,382602,56.8,2008,39,60.57,52.88
35787,Historical,869626,1,1,D,6,1,2909237,74.45,2008,30,67.99,49.64
35788,Historical,602441,1,1,D,6,1,321897,55.5,2007,88,67.99,23.98
35789,Historical,251976,0,0,D,8,1,451177,142.95,2010,33,25.74,52.94
35790,Historical,61090,0,0,D,7,1,343958,136.95,2005,77,25.74,15.94
35791,Historical,54780,0,0,D,8,1,35529,106.4,2010,61,69.28,79.79
35792,Historical,54782,0,0,D,7,1,49173,89.8,2006,66,69.28,39.21
35793,Historical,2460575,0,0,D,3,1,5175909,13.98,2005,16,0,13.98
35794,Historical,58192,1,1,D,3,1,2455897,16.49,2005,58,37.86,16.49
35795,Historical,58193,0,0,D,4,1,885812,43.99,2008,101,37.86,34.88
35796,Historical,629535,0,0,D,1,0,222169,48.95,2010,32,0,0
35797,Historical,600136,1,1,D,2,1,632080,95,2010,53,71.44,51.47
35798,Historical,622211,1,1,D,3,1,122839,134.6,2013,74,43.96,70.81
35799,Historical,525001,0,0,D,2,1,837527,93.2,2010,102,43.96,10.98
35800,Historical,145369,0,0,D,0,0,2735231,93.8,2007,39,43.96,12.48
35801,Historical,169341,0,0,D,2,1,3385809,49.95,2007,32,38.67,7.94
35802,Historical,124083,0,0,D,1,0,6222181,34.95,2003,30,38.67,8.63
35803,Historical,169895,0,0,D,3,1,725506,80.95,2009,46,38.67,17.49
35804,Historical,169302,1,1,D,9,1,1065309,227.95,2007,41,98.35,33.08
35805,Historical,525000,1,1,D,10,1,52329,214.95,2011,62,98.35,22.5
35806,Historical,53652,0,0,D,8,1,23688,105,2011,84,67.24,33.48
35807,Historical,53654,0,0,D,7,1,77987,97,2008,52,67.24,73.17
35808,Historical,53653,0,0,D,6,1,749382,79.6,2005,90,67.24,51.49
35809,Historical,607786,1,1,D,2,1,1947024,50.95,2006,43,34.03,13.24
35810,Historical,135657,0,0,D,3,1,199537,51.95,2010,64,34.03,31.99
35811,Historical,540435,1,5,D,8,1,14501,84.25,2010,110,44.27,13.98
35812,Historical,144810,0,0,D,3,1,719370,57,2004,44,32.99,16.34
35813,Historical,871095,0,0,D,6,1,821738,87,2007,53,62.68,9.98
35814,Historical,117469,0,0,D,5,1,96740,67,2003,54,62.68,16.49
35815,Historical,61093,1,1,D,2,1,924413,90.8,2004,44,53.99,68.3
35816,Historical,570270,0,0,D,0,0,946157,0,2001,14,53.99,9.98
35817,Historical,53025,1,1,D,2,1,1257873,195.95,2008,40,42.28,23.94
35818,Historical,53027,1,1,D,2,1,320991,181.95,2009,71,42.28,18.99
35819,Historical,115783,0,0,D,7,1,777387,23.6,2003,30,0,0
35820,Historical,632186,1,1,D,5,1,24505,80.5,2012,47,90.83,59.31
35821,Historical,55044,1,3,D,3,1,45088,55.5,2006,77,90.83,22.99
35822,Historical,55045,0,0,D,4,1,61593,65,2009,105,90.83,39.99
35823,Historical,54411,0,0,D,6,1,293711,64.6,2009,42,61.11,55.24
35824,Historical,54412,0,0,D,5,1,594496,57.8,2006,53,61.11,4.99
35825,Historical,533498,0,0,D,7,1,30245,73.6,2011,62,61.11,43.95
35826,Historical,549854,1,4,D,1,0,497322,8.99,2009,61,43.99,8.99
35827,Historical,285541,0,0,D,1,0,1018254,103.25,2010,26,43.99,68.98
35828,Historical,613097,1,1,D,1,0,457375,10.94,2011,96,32.55,13.49
35830,Historical,169806,0,0,D,8,1,863042,67.95,2008,50,45.27,5.96
35831,Historical,569679,0,0,D,7,1,468029,39.95,2005,54,45.27,6.24
35832,Historical,248356,0,0,D,5,1,2964676,182.95,2005,27,66.61,15.99
35834,Historical,2620395,0,0,D,3,1,5987881,25.95,1999,28,32.28,6.99
35835,Historical,560736,1,4,D,6,1,1317688,76.6,2003,69,41.87,11.98
35836,Historical,872102,1,2,D,7,1,527574,142.99,2007,46,41.87,57.14
35837,Historical,61094,1,1,D,1,0,772499,72.8,2001,33,49.53,109.77
35839,Historical,183716,1,1,D,7,1,3584207,167.95,2006,28,38.34,4
35840,Historical,179195,0,0,D,8,1,142902,158.95,2009,72,38.34,9.54
35841,Historical,145374,0,0,D,7,1,3697087,68.2,2006,28,38.34,29.9
35842,Historical,624279,0,0,D,14,1,149701,64.6,2011,39,39.24,39.36
35843,Historical,54457,0,0,D,13,1,158598,58.33,2009,81,39.24,19.95
35844,Historical,754822,0,0,D,1,0,3757929,60,2007,13,36.98,59.99
35845,Historical,58219,0,0,D,4,1,452299,86.6,2005,23,79.87,43.91
35846,Historical,141963,1,1,D,10,1,365398,23.64,2009,44,52.16,18.99
35847,Historical,546017,1,2,D,11,1,14158,75.99,2012,63,52.16,48.99
35848,Historical,288330,1,5,D,10,1,63136,23.4,2010,81,52.16,16.99
35849,Historical,800398,0,0,D,1,0,313537,43.95,2006,45,54.4,13.34
35850,Historical,877765,0,0,D,7,1,1618659,99.95,2009,39,11.36,13.99
35851,Historical,802309,0,0,D,7,1,1170176,108.95,2007,29,11.36,33.99
35852,Historical,877768,0,0,D,6,1,3344908,36.95,2002,33,11.36,4.36
35853,Historical,2399638,0,0,D,0,0,2339812,0,1974,18,0,72.93
35854,Historical,2399639,0,0,D,2,1,135621,0,1979,10,0,0
35855,Historical,524993,0,0,D,2,1,134431,79.4,2012,69,65.45,32.99
35856,Historical,132652,1,1,D,1,0,191288,66.67,2009,56,65.45,33.99
35857,Historical,557032,1,2,D,2,1,24242,97.6,2012,134,65.45,21
35858,Historical,557451,1,4,D,1,0,365682,82.4,2009,139,65.45,10.56
35859,Historical,572028,0,0,D,1,0,343075,92.95,2006,47,41.35,38.99
35860,Historical,576310,0,0,D,2,1,286901,38.95,2001,48,33.61,14.4
35861,Historical,768710,0,0,D,13,1,1834238,4.57,2000,63,142.89,4.57
35862,Historical,609508,0,0,D,10,1,325679,149.95,2007,59,35.09,21.49
35863,Historical,739487,0,0,D,6,1,9641320,101.6,2000,13,12.15,7.99
35864,Historical,739492,0,0,D,7,1,668939,54,2002,20,12.15,23.97
35865,Historical,57769,0,0,D,4,1,1636133,37.95,2007,51,31.29,12.98
35866,Historical,57773,1,1,D,5,1,450351,57.95,2010,70,31.29,13.29
35867,Historical,567436,0,0,D,3,1,671561,49.95,2007,69,31.29,10.49
35868,Historical,149342,0,0,D,3,1,4299353,99.9,2003,14,52,53.69
35869,Historical,115828,0,0,D,3,1,1798249,66,2003,33,34.84,4.17
35870,Historical,117086,0,0,D,4,1,388606,102.4,2008,63,34.84,12.38
35871,Historical,2404902,0,0,D,0,0,1055941,34.95,1989,20,47.99,73.97
35872,Historical,203865,0,0,D,6,1,1155252,115,2007,27,82.98,53.57
35873,Historical,523833,0,0,D,1,0,2992358,145,2010,11,72.46,145
35874,Historical,61095,0,0,D,2,1,1422883,28.27,2003,58,113.98,44.33
35875,Historical,868012,1,12,D,2,1,581750,25.95,1999,74,169.25,17.87
35876,Historical,157566,0,0,D,3,1,470450,50.95,2009,33,37.23,24.48
35877,Historical,633731,1,3,D,3,1,49707,27.98,2013,59,47.55,12.99
35878,Historical,54573,1,4,D,2,1,41684,10.44,2011,271,47.55,12.99
35879,Historical,54572,0,0,D,1,0,155688,10.97,2008,209,47.55,8.93
35880,Historical,617645,0,0,D,2,1,490280,88.8,2009,43,59.2,49.23
35881,Historical,524958,0,0,D,5,1,60780,126.4,2008,35,92.99,51.9
35882,Historical,2365079,0,0,D,10,1,2138321,44.2,2001,35,3.99,7.74
35883,Historical,116065,0,0,D,11,1,1075564,49,2005,21,63.81,13.98
35884,Historical,827269,0,0,D,8,1,486485,41.95,2002,14,26.87,12.98
35885,Historical,923362,1,1,D,11,1,11088,91,2013,81,53.05,34.99
35886,Historical,56961,1,2,D,9,1,241564,33.98,2010,109,53.05,26.94
35887,Historical,142050,1,5,D,10,1,113952,69.9,2011,87,53.05,24.6
35888,Historical,546006,0,0,D,10,1,420087,69.91,2012,49,63.06,33.48
35889,Historical,142106,1,2,D,9,1,840817,7.89,2010,60,63.06,7.2
35890,Historical,625674,1,6,D,10,1,93132,41.24,2012,57,0,0
35891,Historical,114680,0,0,D,1,0,3270753,40,2005,23,29.42,21.84
35892,Historical,121373,1,1,D,2,1,1156745,47,2009,39,29.42,8.44
35893,Historical,593225,0,0,D,6,1,1096486,126.95,2008,61,20.86,12.55
35894,Historical,592238,0,0,D,5,1,3532575,92.95,2007,43,20.86,16.52
35895,Historical,538816,1,1,D,4,1,16022,72.98,2012,59,113.5,82.62
35896,Historical,879907,0,0,D,2,1,460745,33.98,2008,59,113.5,29.98
35897,Historical,57235,1,1,D,3,1,43415,43.99,2010,102,113.5,43.98
35898,Historical,57234,1,3,D,2,1,349211,13.98,2008,59,113.5,13.98
35899,Historical,121296,0,0,D,2,1,123941,133.6,2011,56,66.82,43.94
35901,Historical,61097,0,0,D,1,0,1458591,75,2000,35,10.14,23.96
35902,Historical,524949,0,0,D,2,1,197155,41.45,2005,35,10.14,61.36
35903,Historical,3621609,0,0,D,0,0,4254844,259.7,2006,14,0,103.1
35904,Historical,651939,0,0,D,5,1,389475,69.95,2008,36,60.93,67.85
35905,Historical,177923,0,0,D,3,1,328849,157.95,2003,75,68.81,7.15
35906,Historical,750629,0,0,D,1,0,1101513,49.99,2008,40,23.13,14.98
35907,Historical,3604374,0,0,D,4,1,2888573,24.25,1994,9,0,31.61
35908,Historical,2347080,0,0,D,7,1,580406,185,1992,22,10.9,39.49
35909,Historical,524944,0,0,D,9,1,78296,299,2010,61,87.98,103.78
35910,Historical,775022,0,0,D,4,1,3085003,99,1999,21,105.99,189.92
35911,Historical,128752,1,1,D,1,0,544649,55,2009,21,30.91,73.97
35912,Historical,2265700,0,0,D,2,1,10084492,111.14,2009,21,30.91,92.3
35913,Historical,109683,1,1,D,7,1,498286,72.87,2006,54,47.99,60.59
35914,Historical,416462,0,0,D,8,1,127205,247,2009,65,47.99,74.85
35915,Historical,416662,0,0,D,15,1,172121,120,2010,44,79.1,60.67
35917,Historical,525973,1,1,S,13,1,159212,121.95,2010,25,69.82,29.07
35918,Historical,178710,0,0,S,7,1,911975,65.95,2011,23,44.99,48.02
35919,Historical,561328,0,0,S,12,1,452521,40,2010,52,33.82,10.99
35920,Historical,618271,0,0,S,6,1,486040,79,2009,42,36.84,58.51
35921,Historical,530237,0,0,S,7,1,2220869,104.95,2007,53,65.74,42.93
35922,Historical,561718,0,0,S,8,1,1553393,79.95,2011,2,65.83,68.99
35923,Historical,525857,0,0,S,7,1,124278,107.95,2010,28,6.13,33.99
35924,Historical,169506,0,0,S,7,1,326242,120.95,2007,38,62.74,23.96
35925,Historical,868244,0,0,S,13,1,198803,45.6,2014,18,38.06,34.11
35926,Historical,527320,0,0,S,5,1,316259,114.95,2010,44,62.69,120.14
35927,Historical,544658,0,0,S,21,1,1023509,41.95,2013,15,0,37.99
35928,Historical,618750,0,0,S,1,0,1572976,43.8,2008,32,7.98,34
35929,Historical,615172,0,0,S,3,1,3691442,65,1994,30,47.85,29.98
35930,Historical,526966,0,0,S,11,1,473433,72.95,2010,29,42.19,43.94
35931,Historical,659576,0,0,S,4,1,1403422,91.95,2010,13,6.28,28.97
35932,Historical,177187,0,0,S,6,1,2071128,115.95,2004,34,65.74,14.92
35933,Historical,533267,0,0,S,8,1,343032,132.95,2010,34,62.74,43.99
35934,Historical,609619,0,0,S,6,1,1497437,134.95,2008,25,40,13.94
35938,Historical,107523,0,0,S,13,1,295754,138.8,2003,32,91.98,92.98
35939,Historical,112110,1,1,S,3,1,850198,124.5,2000,51,0,0
35940,Historical,114004,1,1,S,3,1,32882,62.2,1999,59,20.87,46.16
35945,Historical,118895,0,0,S,4,1,10319,31.99,2009,87,23.24,25.25
35947,Historical,119819,0,0,S,0,0,1721768,115,1999,50,4,13.99
35948,Historical,121811,0,0,S,6,1,1217512,168,2000,33,0,0
35953,Historical,131800,0,0,S,6,1,969382,160.6,2003,31,0,0
35957,Historical,144786,0,0,S,2,1,1969324,112,2004,25,4.25,19.99
35960,Historical,1483134,0,0,S,11,1,276636,106,2012,21,0,78.83
35962,Historical,148971,0,0,S,2,1,108325,34.38,2010,20,0,0
35969,Historical,158024,0,0,S,1,0,2252707,75,2004,27,49.58,4
35970,Historical,1584073,0,0,S,4,1,224218,39.99,2011,24,24.83,28.07
35974,Historical,174112,0,0,S,2,1,1348964,44.99,1997,27,0,31.99
35975,Historical,174601,0,0,S,2,1,1900973,110,1999,56,10.99,50.96
35977,Historical,1782573,0,0,S,7,1,374865,216.95,2012,25,0,98.99
35978,Historical,178917,0,0,S,1,0,136370,198.95,2010,57,0,88.47
35990,Historical,200702,1,1,S,2,1,271247,105.75,2007,41,18.59,75.22
35994,Historical,2105393,1,1,S,0,0,702017,49,2014,32,22.74,50.07
35997,Historical,2170111,0,0,S,6,1,143865,26,2014,28,0,15.99
35998,Historical,228461,1,1,S,4,1,21774,29.95,2009,74,16.85,24.96
35999,Historical,2304892,0,0,S,0,0,1675295,65.31,1998,64,6.98,13.95
36002,Historical,2342878,0,0,S,1,0,4136843,120.81,1969,20,49.64,73.71
36003,Historical,2369675,0,0,S,2,1,965280,45,2003,76,4.91,33.91
36011,Historical,2566115,0,0,S,2,1,1363143,75.95,1994,29,0,54.99
36016,Historical,2678319,0,0,S,3,1,1379788,78.95,1987,28,7.49,48.67
36017,Historical,270177,0,0,S,2,1,41203,30.95,2011,40,9.66,28.09
36018,Historical,277991,0,0,S,2,1,221187,29,2004,35,4.42,27.95
36019,Historical,2838496,0,0,S,3,1,491562,54.95,2005,20,68.48,52.21
36020,Historical,284984,0,0,S,2,1,48953,65,2002,39,9.26,30.98
36022,Historical,286965,0,0,S,4,1,455159,98.95,1998,41,7.79,76.4
36025,Historical,2904909,0,0,S,1,0,314145,21,1996,23,45,121.6
36027,Historical,3148091,0,0,S,15,1,428405,98.99,1985,32,79.98,43.94
36032,Historical,415943,0,0,S,8,1,25513,39,2012,39,19.94,23.98
36037,Historical,525051,0,0,S,2,1,184153,76.99,2009,17,0,131.73
36038,Historical,525786,1,1,S,10,1,137902,34.99,2012,109,14.98,19.8
36039,Historical,525840,0,0,S,12,1,124911,33.99,2012,88,6.37,16.12
36040,Historical,527536,0,0,S,2,1,197388,29.95,2012,89,4.98,8.49
36041,Historical,534410,0,0,S,4,1,1515,15,2012,124,9.04,9.32
36042,Historical,536334,0,0,S,0,0,14377,14.95,1999,107,0,8.81
36043,Historical,537726,0,0,S,5,1,36334,24,2012,44,8.4,15.54
36045,Historical,540427,1,1,S,4,1,8118,38.25,2012,27,0,0
36046,Historical,540582,0,0,S,4,1,573608,34.2,2012,23,0,0
36047,Historical,542658,0,0,S,3,1,99518,34.95,2013,18,21.27,25.5
36048,Historical,544934,0,0,S,2,1,987286,78,2008,22,23.96,42.99
36049,Historical,552059,0,0,S,3,1,1251653,160,2002,48,4.26,43.99
36057,Historical,56883,0,0,S,2,1,8434,27.99,2010,63,18.88,20.38
36064,Historical,599696,0,0,S,2,1,161638,34,2008,56,11.94,9.98
36067,Historical,608428,0,0,S,6,1,1285910,111.95,2005,28,5.48,60.24
36068,Historical,608901,0,0,S,3,1,565131,36.95,1998,83,0,14.88
36069,Historical,610007,0,0,S,5,1,222431,31.95,2012,41,25.3,23.96
36070,Historical,610407,1,1,S,35,1,405657,44.48,2013,25,3.91,45.74
36082,Historical,619046,0,0,S,5,1,954145,30.49,2000,48,0,68.99
36084,Historical,620641,0,0,S,4,1,323711,161.69,2002,24,6.15,88.56
36085,Historical,620690,0,0,S,2,1,662879,55.95,2005,45,29.49,43.98
36087,Historical,621124,0,0,S,2,1,1234423,59.95,1993,39,60.58,32.8
36089,Historical,622133,0,0,S,2,1,645196,40,1995,30,10.79,29.49
36093,Historical,625100,0,0,S,3,1,3489398,243.95,1998,41,8.07,38.1
36097,Historical,627607,0,0,S,3,1,474010,46.95,2005,16,0,33.24
36098,Historical,627704,0,0,S,3,1,904431,44.99,1998,21,4.49,30.14
36099,Historical,627759,0,0,S,0,0,22580,31.95,1989,42,0,20.49
36100,Historical,628096,0,0,S,3,1,1027308,163,1995,21,0,111.21
36108,Historical,641465,1,1,S,2,1,187532,37.95,2010,39,23.18,26.75
36110,Historical,642088,0,0,S,1,0,3502,39.99,2013,63,0,22.69
36112,Historical,645232,0,0,S,2,1,688418,79.95,1998,22,0,58.01
36120,Historical,658062,0,0,S,11,1,404084,34.99,2013,24,20.92,21.72
36123,Historical,663794,1,1,S,2,1,91004,39.95,2013,70,43.01,29.19
36125,Historical,673068,1,1,S,9,1,67265,19.99,2013,82,0,0
36126,Historical,673081,0,0,S,4,1,3510,17.99,2013,148,9.37,8.98
36130,Historical,767012,0,0,S,1,0,282178,145.95,2010,36,46.73,49
36131,Historical,768118,1,1,S,1,0,270937,39.5,2011,27,17.12,28.96
36137,Historical,858386,0,0,S,4,1,74034,29.99,2014,33,20.84,20.24
36138,Historical,858588,1,1,S,2,1,960979,54.95,1996,26,30,36.94
36140,Historical,862323,0,0,S,7,1,7321,38.95,2014,56,30.8,26.17
36141,Historical,865246,1,1,S,3,1,381289,39.99,2014,17,0,26.39
36142,Historical,865591,1,1,S,7,1,37602,38.95,2013,27,0,23.98
36144,Historical,872546,0,0,S,0,0,354717,39.99,2002,66,15.55,49.81
36145,Historical,903785,0,0,S,5,1,183551,37,2014,40,22.08,26.22
36146,Historical,920856,1,1,S,2,1,4558,15.95,2014,69,9.19,10.62
36147,Historical,101323,0,0,S,2,1,1190990,186.95,2001,23,9.96,44.67
36148,Historical,101600,0,0,S,1,0,1108083,176.95,1995,39,17.37,15.97
36149,Historical,104975,0,0,S,12,1,2790882,6.25,2007,21,129.99,28.94
36150,Historical,105553,0,0,S,3,1,3985947,64.95,1999,25,52.86,9.2
36151,Historical,106703,0,0,S,3,1,670005,36,2009,59,17.34,16.99
36152,Historical,109100,1,1,S,3,1,1901797,51.84,2004,29,108.76,40.84
36153,Historical,111440,0,0,S,10,1,917151,103.67,2010,17,73.98,103.27
36154,Historical,111480,0,0,S,14,1,508277,85.99,2011,39,138.99,20.99
36155,Historical,112326,0,0,S,0,0,347219,115,2008,65,98.98,14.88
36156,Historical,114512,0,0,S,2,1,532009,161,2002,44,6.77,131.09
36157,Historical,116570,0,0,S,7,1,2370619,0,2004,48,192.32,130.59
36158,Historical,117920,0,0,S,9,1,1528706,164.75,2004,51,77.77,10.96
36159,Historical,120822,0,0,S,7,1,91529,237.8,2010,47,112.97,41.98
36161,Historical,130612,0,0,S,14,1,1054389,135.33,2011,22,103.49,133.59
36163,Historical,141843,0,0,S,4,1,216458,63.99,2008,45,20.69,62.89
36166,Historical,1441876,0,0,S,7,1,1146564,268.5,2014,25,103.98,53.99
36167,Historical,144477,0,0,S,4,1,668830,107.4,2003,61,149.92,13.69
36169,Historical,145390,0,0,S,2,1,434421,202.2,2005,46,65.43,64.96
36170,Historical,145731,1,1,S,4,1,1227447,192.67,2008,19,41.94,23.97
36171,Historical,146591,0,0,S,7,1,393187,145.13,2011,41,103.87,58.48
36175,Historical,176769,0,0,S,3,1,216596,187.95,1998,37,4.83,33.89
36177,Historical,182398,0,0,S,1,0,947425,150.95,1999,53,33.99,11.08
36182,Historical,212501,0,0,S,9,1,621858,114.8,2007,21,120.18,110.61
36183,Historical,2158591,0,0,S,1,0,218376,35,2010,86,5.88,8.66
36184,Historical,223573,0,0,S,25,1,1203304,95,1997,18,63.2,58.24
36185,Historical,224690,0,0,S,6,1,246467,73.95,2012,31,69.69,28.99
36190,Historical,244161,0,0,S,0,0,1279046,399.95,2012,20,66.74,75
36191,Historical,248502,0,0,S,13,1,3123618,39.99,2007,22,6.37,12.99
36195,Historical,2570300,1,1,S,2,1,665432,0,1972,39,61.92,53.49
36196,Historical,2577053,0,0,S,3,1,299645,77.8,1986,29,0,79.96
36197,Historical,257976,0,0,S,2,1,637978,123.95,1997,37,95.99,28.99
36199,Historical,2613197,0,0,S,0,0,3532262,159.99,2002,23,84.09,25.19
36200,Historical,266881,0,0,S,2,1,1529189,44.99,2007,40,13.84,9.88
36201,Historical,268813,0,0,S,8,1,2328744,45,2009,22,43.5,5.49
36203,Historical,2831523,0,0,S,0,0,1367949,29.95,1998,20,43.78,61.47
36205,Historical,285778,0,0,S,11,1,1697636,99.33,1999,40,87.44,38.94
36208,Historical,309064,0,0,S,5,1,2263426,58.14,2009,33,121.46,43.95
36209,Historical,309117,0,0,S,11,1,729377,191.25,2007,37,109.91,24.29
36210,Historical,309767,1,1,S,3,1,624462,156.25,2011,24,103.91,89.01
36211,Historical,315859,0,0,S,4,1,4155512,86,1995,30,83.69,8.99
36212,Historical,3262706,1,1,S,4,1,1786626,84.49,2001,13,136.15,162.91
36213,Historical,365165,0,0,S,3,1,1650157,76.95,2005,21,8.14,41.17
36214,Historical,408239,0,0,S,6,1,610571,52.99,2009,30,14.98,28.71
36215,Historical,434826,0,0,S,4,1,1595989,139.87,2008,27,58.28,82.09
36216,Historical,51086,0,0,S,12,1,804471,165.95,2005,84,117.98,8.94
36217,Historical,525815,0,0,S,7,1,652099,98.95,2011,35,88.99,53.68
36218,Historical,527330,0,0,S,0,0,901047,46.8,2012,18,40.33,19.95
36219,Historical,52868,0,0,S,5,1,2172925,80,2003,47,103.36,3.98
36220,Historical,53001,0,0,S,3,1,1591921,182.95,2008,49,64.48,9.99
36221,Historical,533828,0,0,S,8,1,438038,117.13,2011,19,104.8,114.61
36222,Historical,53480,0,0,S,7,1,1289940,153.13,2006,22,142.5,110.38
36223,Historical,537327,0,0,S,7,1,268103,217.73,2012,25,158.98,4785.06
36224,Historical,543222,0,0,S,3,1,240005,35,2010,35,23.43,21.28
36225,Historical,545666,0,0,S,5,1,1372183,196.99,2012,31,10.81,38.91
36226,Historical,551125,1,1,S,5,1,60107,0,2012,33,133.53,103.98
36227,Historical,55399,0,0,S,2,1,645798,289.6,2009,18,138.97,315.24
36230,Historical,570576,0,0,S,9,1,444956,267.95,2009,29,168.46,87.93
36232,Historical,596669,0,0,S,1,0,2937915,34.95,1998,25,38.98,64.61
36233,Historical,611983,0,0,S,6,1,1125256,105,2013,18,66.99,38.99
36235,Historical,612446,0,0,S,0,0,657859,75,2013,29,90.19,51.97
36236,Historical,612598,0,0,S,0,0,406367,75,2014,22,49.74,50.84
36237,Historical,614634,0,0,S,8,1,1837042,36.67,2004,33,89.97,13.53
36238,Historical,616184,0,0,S,11,1,809662,59.95,2010,46,4,5.99
36240,Historical,617827,0,0,S,3,1,782842,387.95,1993,50,17.65,115.51
36241,Historical,621891,0,0,S,10,1,52098,243.5,2012,46,150.43,39.95
36244,Historical,625168,1,1,S,8,1,2375425,48,1998,29,45.15,10.94
36246,Historical,627366,0,0,S,4,1,381212,135.33,2011,39,78.99,79.06
36247,Historical,630480,0,0,S,15,1,83220,183.2,2013,45,176.24,128.48
36250,Historical,632167,0,0,S,8,1,461928,102.99,2012,22,145.98,73.99
36251,Historical,634086,0,0,S,13,1,905590,124,2011,29,129.72,93.47
36252,Historical,634995,0,0,S,8,1,1582553,69.95,2005,27,0,53.17
36253,Historical,637200,0,0,S,6,1,698599,0,2007,29,51.33,140.87
36254,Historical,637566,0,0,S,1,0,92760,59.99,2013,49,31.98,26.92
36255,Historical,638022,1,1,S,6,1,1769955,157.53,2011,11,103.97,54.01
36258,Historical,648515,1,1,S,5,1,1482464,134.95,2013,19,123.2,81.99
36259,Historical,649906,0,0,S,4,1,401520,166,2011,15,110.48,199.99
36260,Historical,650519,1,1,S,6,1,1060068,166,2012,21,52.97,134.31
36262,Historical,656045,0,0,S,7,1,1079210,120.27,2010,16,56.6,301.38
36263,Historical,656058,1,1,S,5,1,353526,171.33,2013,21,27.06,131.05
36264,Historical,657904,0,0,S,11,1,613212,118.67,2013,18,20.82,53.99
36266,Historical,661522,0,0,S,3,1,459895,78,2013,22,26.84,59.99
36267,Historical,665888,0,0,S,4,1,590474,129.4,2012,13,92.97,65.92
36268,Historical,668981,1,1,S,5,1,856988,108,2012,13,117.4,113.26
36269,Historical,670590,0,0,S,6,1,211160,104.25,2013,31,52.94,42.54
36270,Historical,697855,0,0,S,3,1,1127640,35.54,2006,12,99.97,39.69
36271,Historical,705406,0,0,S,2,1,532427,64.95,2011,14,125.52,58.99
36272,Historical,705773,1,1,S,4,1,924324,272,2013,28,114.99,128.98
36273,Historical,705973,1,1,S,11,1,474002,218.75,2013,29,33.95,130.78
36274,Historical,710653,0,0,S,4,1,210910,125,2001,15,86.93,55.81
36275,Historical,714748,0,0,S,2,1,4273940,58,2002,32,85.6,23.98
36276,Historical,717483,0,0,S,2,1,1194756,74.95,2000,23,4.2,56.73
36277,Historical,739298,1,1,S,2,1,1300716,130.67,2001,22,99.12,50.53
36278,Historical,740064,0,0,S,6,1,2955264,91.96,2003,25,91.35,13.99
36279,Historical,742919,0,0,S,4,1,455893,159.33,2012,32,61.5,58.01
36280,Historical,752991,1,1,S,4,1,962782,166.75,2010,19,44.83,114.04
36281,Historical,764086,0,0,S,7,1,6843749,117.95,2001,27,27.49,30.38
36282,Historical,765878,0,0,S,3,1,3908803,77.95,2004,24,73.95,12.64
36283,Historical,770208,0,0,S,0,0,653226,131.35,2001,70,4.39,11.9
36284,Historical,776188,0,0,S,7,1,1778587,43.95,2009,33,19.97,10.76
36286,Historical,788173,0,0,S,3,1,1158633,261.95,2000,32,9.46,64.43
36287,Historical,797594,0,0,S,7,1,1180191,218.95,2003,22,96.99,72.63
36288,Historical,859889,0,0,S,5,1,467672,125,2009,46,37.47,57.55
36289,Historical,864838,1,1,S,7,1,1179468,146,2012,16,43.67,141.15
36290,Historical,867958,0,0,S,0,0,134201,55,2015,35,44.95,35.02
36291,Historical,868639,0,0,S,8,1,1984094,76.5,2005,13,109.1,33.98
36292,Historical,872861,0,0,S,2,1,2262040,189.13,2014,14,124.87,195.4
36293,Historical,873428,1,1,S,5,1,3709426,61.4,2004,28,54.89,8.89
36294,Historical,873446,0,0,S,32,1,1049090,43.17,2008,18,44.95,73.41
36295,Historical,876272,0,0,S,5,1,989782,119.67,2014,21,70.84,102.21
36296,Historical,877194,0,0,S,3,1,738712,59.47,2013,17,58.4,64.78
36297,Historical,877239,0,0,S,5,1,746900,61.31,2012,15,127.47,38.99
36298,Historical,877869,0,0,S,10,1,650215,149.5,2014,14,122.42,107.49
36299,Historical,878734,1,1,S,5,1,1328168,268.75,2012,11,162.87,218.98
36300,Historical,879227,0,0,S,4,1,425615,269.75,2012,11,143.03,33.18
36301,Historical,879317,0,0,S,6,1,771246,59.97,2012,21,46.56,106.52
36302,Historical,879456,1,1,S,5,1,1686381,139.73,2011,13,101.93,133.99
36303,Historical,879931,0,0,S,4,1,495716,159.33,2014,40,102.97,50.02
36304,Historical,880112,0,0,S,6,1,1981724,7.88,2005,38,68.99,7.88
36305,Historical,880312,1,1,S,10,1,90980,66.75,2013,52,65.07,43.99
36306,Historical,880315,1,1,S,13,1,925166,150.95,2012,21,144.39,121.88
36307,Historical,881732,1,1,S,3,1,230746,143.33,2014,23,105.98,136.11
36308,Historical,890903,0,0,S,7,1,17336,157.95,2014,20,98.99,113.99
36309,Historical,904521,0,0,S,2,1,1761224,35,2001,13,30.88,23.97
36310,Historical,905531,0,0,S,4,1,1172312,165,2001,14,134.78,58.97
36311,Historical,908188,1,1,S,6,1,613148,198.5,2014,29,112.56,82.99
36312,Historical,916945,1,1,S,12,1,393402,163.8,2014,40,113.99,119.25
36313,Historical,919940,0,0,S,6,1,61665,134.67,2014,48,114.86,73
36314,Historical,698951,0,0,S,12,1,2340038,33.25,2008,5,120.92,32.08
36315,Historical,625416,0,0,S,8,1,452600,179,2004,37,18.33,54.94
36318,Historical,702169,0,0,S,4,1,84329,40,2011,33,0,0
36319,Historical,646995,1,1,S,1,0,277579,50,2012,31,16.22,18.61
36321,Historical,538547,0,0,S,5,1,175587,138.75,2013,48,67.18,93.61
36322,Historical,538563,0,0,S,11,1,11672,285.5,2012,40,52.98,98.99
36323,Historical,649657,0,0,S,7,1,8088,125,2012,97,72.98,61.9
36324,Historical,538643,0,0,S,11,1,622815,273,2013,15,73.98,173.99
36325,Historical,538780,0,0,S,7,1,39581,168.25,2013,38,41.49,83.02
36326,Historical,538841,1,1,S,8,1,21259,118.5,2013,41,63.72,86.97
36327,Historical,112292,0,0,S,5,1,192273,107.08,2005,49,14.98,141.03
36328,Historical,538958,1,1,S,5,1,274009,66.95,2011,35,44.97,41.04
36329,Historical,623771,0,0,S,3,1,88645,139.95,2013,22,37.03,60.43
36330,Historical,114546,0,0,S,3,1,196257,147.8,2003,37,28.97,34.3
36333,Historical,116017,1,1,S,2,1,97893,222.6,2004,56,81.63,140.89
36334,Historical,532218,0,0,S,7,1,178693,274.4,2007,79,6.98,53.99
36335,Historical,618611,1,1,S,3,1,158113,94.99,2006,41,36.9,70.91
36336,Historical,877730,1,1,S,7,1,1293374,204.5,2004,24,137.39,59
36338,Historical,531959,1,1,S,9,1,29653,103,2012,36,59.99,68.94
36339,Historical,635624,0,0,S,10,1,251572,196.87,2012,31,192.32,73.99
36340,Historical,655037,0,0,S,2,1,122091,54.99,2013,14,0,66.2
36341,Historical,895329,1,1,S,6,1,178968,212.67,2014,20,151.92,163.99
36342,Historical,1455604,0,0,S,10,1,263745,194.8,2014,22,135.9,140.42
36343,Historical,1455979,0,0,S,10,1,44334,102.67,2015,25,90.79,68.98
36344,Historical,121531,1,1,S,3,1,81916,190,1998,41,7.24,48.93
36345,Historical,121565,1,1,S,2,1,131955,185.2,2011,34,98.07,128.23
36346,Historical,121809,0,0,S,2,1,260866,196.8,2004,42,0,118.98
36347,Historical,2415815,1,1,S,2,1,178912,75,2005,19,0,164.23
36348,Historical,128600,0,0,S,0,0,3120299,60,1998,17,134.33,68.01
36349,Historical,131989,0,0,S,8,1,354535,200.4,2006,46,60.98,147.53
36350,Historical,322697,1,1,S,7,1,672412,145.6,2007,32,92.48,17.98
36351,Historical,58367,0,0,S,7,1,79981,170.2,2009,45,93.84,118.58
36352,Historical,533271,1,1,S,4,1,31104,123.6,2012,38,26.99,99.54
36353,Historical,132928,0,0,S,5,1,193691,61.4,2009,59,24.47,43.88
36354,Historical,133033,0,0,S,4,1,528317,136.4,2009,16,37.32,131.22
36355,Historical,133265,0,0,S,10,1,48572,146,2010,37,55.48,103.99
36356,Historical,637101,0,0,S,2,1,423211,110,2009,11,0,99.95
36357,Historical,898603,0,0,S,0,0,16089,74.99,2011,25,44.42,41.38
36358,Historical,635119,0,0,S,1,0,287889,139.2,2009,39,23.73,90.82
36359,Historical,146628,1,1,S,5,1,326444,216.8,2012,40,61.79,76.99
36360,Historical,435102,0,0,S,6,1,151029,75.6,2012,40,4.76,43.99
36361,Historical,864568,1,1,S,7,1,32492,134,2014,116,63.95,98.48
36362,Historical,880732,1,1,S,5,1,570345,163.27,2014,20,89.98,121.14
36363,Historical,879429,1,1,S,4,1,625701,178.2,2014,19,103.85,139.7
36364,Historical,875439,1,1,S,12,1,1365297,168,2014,13,78.69,152.51
36366,Historical,609852,0,0,S,6,1,79998,97.95,2012,57,37.49,48.38
36367,Historical,541016,0,0,S,5,1,21843,68.95,2012,36,45.04,43.48
36368,Historical,2502485,0,0,S,0,0,2596703,259,2001,21,240.37,50.99
36369,Historical,1534940,1,1,S,4,1,629451,143.25,2014,20,0,118.16
36370,Historical,922513,1,1,S,3,1,28719,68.25,2014,79,53.98,47.36
36371,Historical,563740,0,0,S,0,0,250013,109.02,1987,83,6.84,64.19
36372,Historical,645284,0,0,S,0,0,1437370,41.95,2003,9,53.98,39.59
36373,Historical,157734,0,0,S,2,1,113168,54.95,2010,17,64.77,58.24
36374,Historical,162647,0,0,S,3,1,298080,114.5,2010,26,60.99,69.42
36375,Historical,530411,0,0,S,4,1,138470,153,2010,30,48.16,78.97
36376,Historical,163212,1,1,S,2,1,346042,75.95,2009,46,33.99,48.89
36377,Historical,619929,0,0,S,5,1,102548,208.95,1991,35,38.85,103.99
36378,Historical,623205,1,1,S,3,1,137922,261.25,1987,42,39.99,59.88
36379,Historical,169962,1,1,S,4,1,74674,286.95,2010,39,78.62,165.56
36380,Historical,2600668,0,0,S,0,0,1225812,144.99,1995,20,47.25,63.98
36381,Historical,1586721,0,0,S,1,0,546488,84.99,2010,25,53.61,78.99
36382,Historical,859436,0,0,S,4,1,544912,310.95,2006,42,21.51,183.99
36383,Historical,765609,0,0,S,2,1,1224093,86.95,2002,24,4.99,64.73
36385,Historical,774128,1,1,S,1,0,839116,119.18,2003,24,68.99,119.47
36386,Historical,608922,0,0,S,6,1,212668,74.95,2005,41,39.67,33.49
36387,Historical,2696926,0,0,S,2,1,307204,64.95,1993,15,55.43,99.82
36389,Historical,575902,0,0,S,10,1,422473,68.66,2008,30,26.87,59.47
36391,Historical,865094,0,0,S,2,1,914254,76.95,2009,20,55.13,74.95
36392,Historical,626382,0,0,S,3,1,848935,102.99,2007,26,57.95,54.65
36393,Historical,222811,0,0,S,3,1,269768,154,2009,31,52.75,186.99
36394,Historical,622864,0,0,S,2,1,993574,147.95,1996,34,39.08,103.99
36396,Historical,867330,1,1,S,9,1,146615,70,2014,22,50.74,47.99
36397,Historical,795234,0,0,S,13,1,1491618,143.95,2011,12,107.88,49.11
36398,Historical,529583,0,0,S,0,0,361101,80,2013,30,33.18,54.98
36399,Historical,543888,1,1,S,3,1,515297,123.75,2011,38,37.43,63.56
36400,Historical,530988,0,0,S,3,1,45697,63,2011,42,52.99,59
36401,Historical,865235,0,0,S,3,1,378302,44.95,2014,22,26.99,27.43
36402,Historical,861674,1,1,S,7,1,24807,101.5,2013,37,48.99,38.99
36403,Historical,899052,1,1,S,2,1,1405076,261.95,2011,14,63.08,274.95
36404,Historical,527722,0,0,S,1,0,119276,174.95,2012,45,25.99,51.99
36405,Historical,879397,1,1,S,8,1,1343141,193.95,2013,22,144.98,104.86
36406,Historical,861933,0,0,S,10,1,23040,82.95,2014,46,46.79,53.94
36407,Historical,1829872,0,0,S,1,0,85033,91.95,2014,43,52.47,52.94
36408,Historical,386454,0,0,S,2,1,856900,114,2009,23,0,67.26
36409,Historical,248868,1,1,S,2,1,123822,49.95,2005,44,21.13,38.99
36410,Historical,249942,1,1,S,6,1,402951,100.95,2007,39,26.64,41.81
36411,Historical,641604,0,0,S,2,1,642625,54.95,2008,24,41.98,235.29
36412,Historical,862363,1,1,S,6,1,317564,78.95,2014,39,34.97,32.8
36413,Historical,864672,0,0,S,4,1,576027,77.99,2013,47,39.97,40.18
36414,Historical,908016,0,0,S,2,1,318602,52,2013,37,34.31,41.66
36415,Historical,646122,0,0,S,8,1,992031,154.98,2012,25,37.29,133.99
36416,Historical,864609,0,0,S,0,0,613646,169.95,2014,29,143.11,150
36417,Historical,661165,1,1,S,4,1,38589,20.95,2011,17,42.94,17.5
36418,Historical,270088,1,1,S,6,1,414466,225,2011,51,49.98,121.09
36419,Historical,300434,0,0,S,4,1,512143,35,2009,25,28.38,97.4
36420,Historical,546707,1,1,S,8,1,403483,93.28,2012,35,56.17,66.94
36421,Historical,528251,0,0,S,4,1,39034,87.99,2012,49,29.98,51.98
36422,Historical,527277,0,0,S,2,1,136610,86.99,2012,51,15.79,45.35
36424,Historical,2095821,0,0,S,7,1,69229,48.34,2013,12,0,45.75
36425,Historical,2111667,0,0,S,2,1,37538,95,2014,3,60.65,485.95
36426,Historical,2169365,0,0,S,16,1,19455,44.95,2014,28,41.42,40.48
36427,Historical,3149889,0,0,S,1,0,5115371,99,1995,17,0,54.8
36428,Historical,106818,1,1,S,5,1,69597,35,2011,97,10.9,20.16
36437,Historical,144251,0,0,S,2,1,472649,118,2000,38,13.65,33.99
36440,Historical,1517489,1,2,S,2,1,247390,23.4,2014,17,23.5,22.8
36445,Historical,176955,0,0,S,1,0,2037072,75.95,2002,26,6.26,42.05
36449,Historical,191888,0,0,S,2,1,181762,81.54,2005,66,8.47,21.58
36450,Historical,1956578,1,1,S,10,1,390195,118.4,2014,32,0,75.94
36452,Historical,202305,0,0,S,2,1,868680,370.95,2000,42,6.04,48.99
36462,Historical,2588673,0,0,S,1,0,2369270,345,1974,30,97.65,85.56
36463,Historical,262796,0,0,S,3,1,267008,27.95,2011,35,14.17,24.56
36466,Historical,2760307,0,0,S,2,1,797764,40,2001,40,89.05,29.98
36472,Historical,527932,0,0,S,3,1,72558,32.5,2008,79,12.64,16.78
36473,Historical,528637,0,0,S,3,1,845212,114.2,2001,23,8.71,57.99
36474,Historical,536377,0,0,S,7,1,17097,37.95,2012,48,16,23.97
36475,Historical,539451,0,0,S,6,1,28601,105.55,2012,38,41.16,93.99
36476,Historical,543731,0,0,S,3,1,391093,39.25,2013,20,10.31,29.43
36478,Historical,55611,0,0,S,16,1,185912,61.25,2010,45,0,13.94
36482,Historical,613347,0,0,S,6,1,306786,110.75,1998,72,0,23.53
36483,Historical,614210,0,0,S,15,1,1224214,46.25,2001,26,0,0
36503,Historical,649220,0,0,S,9,1,281744,55.4,2005,19,0,0
36513,Historical,867633,0,0,S,8,1,61074,33.99,2014,32,29.96,19.93
36514,Historical,870770,0,0,S,0,0,1193812,90.15,2004,34,0,85.33
36515,Historical,100769,1,1,S,9,1,925461,40.4,2000,60,63.18,9.05
36516,Historical,107238,0,0,S,15,1,297524,201.25,2001,171,152.58,9.98
36517,Historical,108700,0,0,S,6,1,1226518,0,2000,28,120.21,73.58
36518,Historical,109708,0,0,S,6,1,334312,222,2005,43,16.48,59.98
36519,Historical,111366,0,0,S,7,1,404774,156.25,2010,23,58.72,20.49
36520,Historical,111870,0,0,S,3,1,1678447,0,2011,18,53.05,371.29
36521,Historical,113901,0,0,S,9,1,342618,115.33,2001,24,144.17,19.99
36523,Historical,1453149,0,0,S,5,1,109789,147.07,2013,14,0,123.4
36524,Historical,145607,0,0,S,4,1,1194541,86,2007,48,4.47,7.99
36525,Historical,1516907,1,2,S,5,1,120698,178.67,2013,23,0,135.4
36526,Historical,1517695,1,2,S,4,1,388974,179.33,2014,18,163.26,140.32
36528,Historical,166511,0,0,S,4,1,227332,120,2005,16,55.59,45.42
36531,Historical,191926,0,0,S,5,1,2654505,4.5,2001,106,93.9,20.67
36532,Historical,1933240,0,0,S,10,1,593088,93.95,2011,19,72.72,136.11
36534,Historical,2031799,1,1,S,4,1,357872,54.95,2011,20,23.37,47.99
36537,Historical,288658,0,0,S,11,1,921834,213,2007,17,117.99,71.98
36538,Historical,291749,0,0,S,4,1,564960,261.95,2008,21,9.83,33.94
36540,Historical,314282,0,0,S,13,1,2186348,166.67,2004,40,93.5,4.98
36541,Historical,317103,0,0,S,2,1,1005645,159.2,2008,34,116.8,44.5
36542,Historical,341637,0,0,S,3,1,1129333,45,2003,27,38.98,8.98
36543,Historical,435007,0,0,S,5,1,622006,146.6,2010,25,62.31,46.98
36544,Historical,492110,0,0,S,12,1,1150312,149.95,2011,22,103.99,125.45
36545,Historical,51610,0,0,S,7,1,747030,0,2002,64,116.13,28.82
36546,Historical,51754,0,0,S,2,1,2875159,110.8,2007,39,53.04,10.49
36547,Historical,52104,0,0,S,10,1,471415,146,2000,43,203.94,68.69
36548,Historical,533482,0,0,S,7,1,28176,166,2012,119,25.93,53.68
36549,Historical,536426,0,0,S,11,1,685419,196,2012,24,25.98,164.75
36550,Historical,537258,0,0,S,10,1,643401,189.13,2012,18,78.99,157.1
36551,Historical,539433,0,0,S,9,1,353691,330.27,2012,32,83.78,285.66
36552,Historical,549490,0,0,S,13,1,2048182,107.75,2008,17,144.83,28.99
36553,Historical,553094,0,0,S,12,1,200780,270.67,2011,21,158.68,270.67
36554,Historical,557668,0,0,S,8,1,536048,160.47,2012,22,97.5,249.13
36555,Historical,559899,1,1,S,6,1,2035701,5,2002,71,39.97,13.26
36556,Historical,560691,0,0,S,2,1,1404738,74.63,1998,71,42.93,10.14
36559,Historical,57467,0,0,S,11,1,293766,86,2000,49,93.52,8.98
36560,Historical,58527,1,1,S,4,1,819257,140,2005,35,73.06,18.88
36561,Historical,592911,0,0,S,11,1,1492346,141.95,2008,32,163.11,4.9
36563,Historical,607142,0,0,S,2,1,2498416,102,2000,20,97.41,124.29
36564,Historical,608658,1,1,S,6,1,1855248,94.95,1995,40,69.99,20.33
36565,Historical,609095,0,0,S,3,1,2931712,88.95,2000,23,53.64,12.99
36568,Historical,618985,0,0,S,1,0,1213718,49.99,2008,26,23.19,53.71
36570,Historical,620483,0,0,S,9,1,544184,92.45,2001,37,49.91,78.99
36571,Historical,623464,1,1,S,9,1,1392321,176.37,2010,49,97.68,178.49
36572,Historical,631562,0,0,S,12,1,1400853,150.67,2010,20,110.99,675
36577,Historical,638822,0,0,S,8,1,549698,126.95,2012,17,92.39,77.7
36578,Historical,640246,1,1,S,16,1,714160,80,2009,22,2646.73,43.89
36579,Historical,644599,0,0,S,8,1,670715,68.98,2012,38,102.99,43.99
36580,Historical,649471,0,0,S,0,0,1471672,326.2,2014,12,285.32,656.5
36582,Historical,652460,0,0,S,14,1,1024571,254.61,2012,14,138.99,92.01
36583,Historical,656046,1,2,S,4,1,1069267,179.33,2011,17,170.79,126.99
36584,Historical,656062,1,2,S,3,1,448907,179.33,2013,21,62.62,137.53
36585,Historical,664815,0,0,S,8,1,506919,173.13,2013,20,43.98,168.98
36586,Historical,667236,1,2,S,3,1,298573,228.53,2012,23,100.86,201.98
36587,Historical,669046,1,2,S,3,1,156946,303.95,2012,11,0,293.18
36588,Historical,703767,0,0,S,2,1,548587,0,2000,18,194.39,116.73
36589,Historical,704029,0,0,S,10,1,1078217,130.94,2006,19,113.99,62.59
36590,Historical,716266,0,0,S,4,1,1306822,222.67,2012,17,83.65,153.97
36591,Historical,716335,1,2,S,6,1,558691,168.6,2013,31,153.47,98.33
36593,Historical,757861,0,0,S,3,1,960632,84.5,2002,21,39.99,38.98
36594,Historical,766398,0,0,S,24,1,916063,227.95,2011,24,222,82.76
36597,Historical,788187,0,0,S,2,1,697432,225.95,2000,15,108.99,99.95
36598,Historical,802729,0,0,S,15,1,712140,49.99,2011,33,35.89,28.86
36599,Historical,808993,0,0,S,7,1,877777,53.99,2008,32,108.96,23.99
36600,Historical,845954,0,0,S,0,0,963545,94.26,1992,19,17.47,97.99
36601,Historical,848940,0,0,S,3,1,1028908,68.2,1998,26,71.68,20.98
36602,Historical,861945,0,0,S,13,1,274088,202.67,2014,67,149.99,80.98
36603,Historical,869952,1,1,S,3,1,765536,188.67,2014,21,110.06,163.64
36604,Historical,873339,0,0,S,2,1,731655,174,2012,34,29.42,61.11
36605,Historical,877769,0,0,S,8,1,164633,152.74,2010,38,129.58,81.62
36606,Historical,877993,0,0,S,3,1,750849,74,2000,32,103.99,19.43
36607,Historical,284531,0,0,S,1,0,103108,98.7,2009,41,16.45,65.13
36608,Historical,538223,1,1,S,3,1,328675,301,2012,32,24.73,54.05
36610,Historical,52774,0,0,S,6,1,62345,192.5,2007,47,125.71,115.27
36611,Historical,110706,0,0,S,7,1,195390,149,2007,49,30.71,47.41
36612,Historical,913913,1,2,S,8,1,802421,232,2013,22,86.99,103.98
36613,Historical,705886,0,0,S,11,1,476926,0,2012,14,33.95,246.35
36615,Historical,117263,0,0,S,2,1,1040397,228,2005,26,0,0
36616,Historical,531355,0,0,S,4,1,594624,196.8,2006,72,26.9,73.48
36617,Historical,117534,0,0,S,2,1,118984,124.6,2003,34,116.63,73.98
36618,Historical,118559,0,0,S,2,1,1224817,201.2,2006,41,141.49,123.98
36619,Historical,539237,1,1,S,5,1,52540,138.2,2011,34,33.94,98.99
36620,Historical,537324,0,0,S,6,1,1113799,330.27,2011,21,33.99,260.42
36621,Historical,871371,1,1,S,4,1,884550,171.33,2014,17,74.76,129.17
36622,Historical,120065,0,0,S,4,1,244278,171.6,2009,29,47.29,144.37
36623,Historical,121182,0,0,S,6,1,31883,321.6,2011,83,33.99,122.75
36624,Historical,862207,1,2,S,9,1,94998,52.5,2014,24,28.95,28.81
36625,Historical,131054,0,0,S,7,1,29717,132.4,2012,57,65.79,78.98
36626,Historical,890852,1,2,S,9,1,836630,174,2014,20,96.69,129.99
36627,Historical,147681,0,0,S,2,1,75262,106,2011,1,102.13,130.48
36628,Historical,621545,1,2,S,5,1,88759,90.5,1987,43,27.98,68.82
36630,Historical,760101,0,0,S,7,1,2860069,127.54,2002,14,172.94,49.98
36631,Historical,165896,0,0,S,3,1,37131,221,2004,60,10.29,69.08
36632,Historical,608359,0,0,S,3,1,173393,182,2003,26,90.43,117.32
36634,Historical,569638,0,0,S,3,1,309579,96.95,2001,35,9.99,65.49
36635,Historical,212839,0,0,S,0,0,835664,59.95,1995,27,0,47.42
36636,Historical,373466,0,0,S,6,1,282553,102.95,2011,29,23.49,141.37
36638,Historical,243562,0,0,S,5,1,154058,70,2008,23,0,0
36639,Historical,244373,1,1,S,11,1,1137564,172.25,2011,23,26.85,58.98
36640,Historical,244406,0,0,S,2,1,537705,296.95,2012,66,22.99,52.99
36641,Historical,532633,0,0,S,1,0,440660,66.95,2012,26,18,56.79
36643,Historical,862370,0,0,S,8,1,95292,67.95,2014,29,30,55.27
36644,Historical,245062,0,0,S,2,1,478218,381.95,2011,44,33.99,95.88
36645,Historical,629988,0,0,S,2,1,510569,107,2011,21,18.78,72.34
36646,Historical,637063,0,0,S,7,1,954874,39.99,2011,21,0,85.05
36647,Historical,1900791,0,0,S,5,1,339846,55.95,2010,13,0,55.95
36648,Historical,545608,1,1,S,9,1,20161,131.95,2012,132,68.96,63.99
36649,Historical,610104,0,0,S,5,1,66222,139.95,2012,76,34.99,78.15
36656,Historical,115556,0,0,S,2,1,506738,62.6,2003,33,16.27,33.98
36663,Historical,176754,0,0,S,9,1,353235,323.95,1998,41,4.7,15.99
36666,Historical,199623,0,0,S,0,0,1062154,34.95,1999,53,9.96,31.48
36678,Historical,533406,1,1,S,18,1,242733,296.65,2012,42,0,602.99
36682,Historical,571949,0,0,S,2,1,735806,98.95,2002,20,0,0
36692,Historical,101264,0,0,S,8,1,2171188,227.95,1998,27,153.94,35.38
36693,Historical,110274,0,0,S,2,1,690948,28.94,2007,23,38.39,28.94
36694,Historical,114249,0,0,S,3,1,2319843,106.67,2001,59,66.94,11.2
36696,Historical,146440,0,0,S,10,1,492177,177,2010,29,93.99,103.99
36697,Historical,161817,0,0,S,8,1,2450443,9.4,2007,31,143.91,13.1
36698,Historical,164312,0,0,S,5,1,176607,21.99,2010,114,134.08,33.03
36699,Historical,169747,0,0,S,13,1,655545,191.95,2008,25,120.99,53.99
36700,Historical,200396,0,0,S,9,1,939479,214.95,2009,17,0,118.87
36701,Historical,252684,0,0,S,1,0,487277,30.94,2009,138,5.96,28.94
36702,Historical,252748,0,0,S,9,1,1263720,71.97,2010,25,122.42,71.98
36703,Historical,285630,1,1,S,12,1,561227,212,2009,41,160.99,23.99
36705,Historical,50323,0,0,S,7,1,1101030,99,2002,27,93.99,67.98
36706,Historical,50382,0,0,S,12,1,1142777,7.39,2006,111,112.41,6.1
36707,Historical,50888,0,0,S,10,1,1764872,192.67,2007,26,158.68,23.99
36708,Historical,51481,0,0,S,3,1,477750,54.95,2009,126,57.31,8.99
36709,Historical,51595,0,0,S,3,1,1511973,88,2000,55,64.75,19.89
36710,Historical,52948,0,0,S,7,1,793699,23.99,2010,87,77.87,23.94
36711,Historical,53294,0,0,S,7,1,3010533,13.99,2002,57,158.02,13.99
36712,Historical,539584,0,0,S,4,1,1027531,123.5,2008,44,128.99,19.93
36713,Historical,54262,0,0,S,4,1,970149,12.91,2009,47,60.44,12.91
36714,Historical,54470,0,0,S,2,1,736384,82,2002,37,78.87,13.98
36715,Historical,55057,0,0,S,9,1,2537894,171.33,2006,19,118.99,112.72
36717,Historical,60814,0,0,S,3,1,977120,136.95,1995,65,90.2,25.69
36718,Historical,617951,0,0,S,4,1,923596,132.8,2011,34,89.98,23.99
36720,Historical,107822,1,2,S,9,1,98495,178,2001,46,9.96,82.95
36721,Historical,538761,0,0,S,10,1,32074,170.25,2012,39,84.89,94.43
36722,Historical,286454,0,0,S,3,1,126887,274.4,2010,35,58.99,177.99
36723,Historical,131715,0,0,S,5,1,458998,169.8,2003,48,4.64,26.72
36724,Historical,131847,0,0,S,4,1,133078,163.2,2004,25,0,0
36725,Historical,540798,0,0,S,4,1,51346,196,2012,41,44.44,150.53
36727,Historical,200259,0,0,S,3,1,208735,120.95,2007,22,51.9,82.69
36730,Historical,597540,0,0,S,2,1,10791,75,2012,49,0,0
36735,Historical,132186,0,0,S,3,1,1205325,129,2005,26,0,48.84
36737,Historical,141891,0,0,S,3,1,61204,23.98,2008,89,10.1,23.98
36753,Historical,107853,0,0,S,10,1,2960026,7.18,2002,108,138.99,7.19
36754,Historical,107984,0,0,S,11,1,1152831,51.15,2003,52,73.11,8.94
36755,Historical,109903,0,0,S,4,1,2096102,37.99,2006,21,141.57,37.99
36756,Historical,114651,0,0,S,9,1,926426,132,2002,101,149.99,22.91
36759,Historical,252760,0,0,S,3,1,1273741,0,2010,16,102.48,100.84
36760,Historical,290957,0,0,S,10,1,909386,201.95,2008,26,88.82,50.68
36761,Historical,50068,0,0,S,6,1,2596602,98.95,2001,27,63.56,32.88
36762,Historical,50709,0,0,S,0,0,933771,217.95,2011,123,102.87,15.49
36763,Historical,50850,0,0,S,7,1,1503060,121.67,2006,56,160.65,12.99
36764,Historical,51016,0,0,S,3,1,1224861,86.67,2001,42,173.97,59.71
36765,Historical,51553,0,0,S,2,1,1150291,170,2008,83,166.03,8.88
36766,Historical,52735,0,0,S,6,1,2519166,113,2001,30,25.37,37.01
36767,Historical,536566,1,1,S,11,1,537056,228.53,2011,33,116.85,61.09
36768,Historical,538026,0,0,S,10,1,508696,85.95,1999,54,187.07,24.8
36769,Historical,549271,0,0,S,5,1,442349,115.47,1988,57,200.23,86.71
36770,Historical,56811,0,0,S,8,1,30531,162.8,2010,41,97.35,69.97
36771,Historical,57446,0,0,S,7,1,1072859,157.47,2009,30,102.12,78.99
36772,Historical,58204,1,1,S,5,1,1289655,259.95,2003,44,44.05,56.51
36773,Historical,614664,0,0,S,13,1,929295,33.99,2000,46,87.98,33.99
36779,Historical,881691,1,4,S,3,1,296458,216.93,2014,21,178.97,198.55
36780,Historical,416606,0,0,S,2,1,137608,290,2011,53,52.35,158.99
36781,Historical,538538,0,0,S,9,1,111816,129.94,2010,56,101.49,80.21
36784,Historical,610167,1,1,S,15,1,79970,127.95,2014,36,29.12,76.24
36785,Historical,867947,0,0,S,5,1,145198,79,2013,12,74.81,82.95
36796,Historical,101316,0,0,S,2,1,145166,289.95,2000,101,98.99,6.74
36797,Historical,104065,0,0,S,9,1,475669,48.99,2009,26,40.87,48.17
36798,Historical,145870,0,0,S,4,1,1414529,173.8,2008,10,42.93,123.99
36799,Historical,212492,0,0,S,5,1,1402013,174.67,2005,26,83.99,105.07
36800,Historical,212499,0,0,S,9,1,786300,114.8,2007,22,111.93,105.31
36803,Historical,50264,0,0,S,4,1,887479,52,2001,41,61.35,60.17
36804,Historical,52893,0,0,S,5,1,2090098,206.95,2007,35,81.38,58.59
36805,Historical,537981,0,0,S,4,1,907238,134.76,1996,94,118.96,36.8
36806,Historical,544793,1,2,S,4,1,150587,125.95,2013,21,91.98,98.33
36807,Historical,587887,1,1,S,6,1,169125,296.95,2011,24,98.99,201.9
36808,Historical,866611,0,0,S,3,1,776797,39.88,2007,45,122.46,9.79
36809,Historical,133321,0,0,S,9,1,127544,103,2010,40,53.74,55.38
36810,Historical,880687,1,3,S,8,1,642398,176.4,2014,20,103.87,123.94
36811,Historical,183043,0,0,S,3,1,29431,287.95,2004,36,23.55,160.42
36817,Historical,676902,0,0,S,4,1,14774,31.99,2011,97,22.99,27.99
36818,Historical,105409,0,0,S,8,1,4727430,54.43,2006,15,143.39,57.08
36820,Historical,118057,0,0,S,4,1,740886,80.4,2005,41,89.77,37.24
36821,Historical,120059,0,0,S,11,1,1012107,228.67,2008,19,149.99,5132.24
36822,Historical,169969,0,0,S,10,1,578238,239.95,2009,28,70.53,143.18
36823,Historical,182823,0,0,S,5,1,301545,311.95,2003,100,141.82,21.91
36825,Historical,290939,0,0,S,6,1,1827085,166.95,2008,19,136.49,33.99
36826,Historical,346317,1,2,S,5,1,742404,307.95,2007,31,34.93,161.55
36827,Historical,50284,0,0,S,5,1,595167,311.5,2008,64,218.97,15.81
36828,Historical,537960,0,0,S,1,0,287143,69.95,2009,52,53.99,6.98
36829,Historical,60172,0,0,S,7,1,2441577,106.95,2007,31,92.98,45.88
36830,Historical,251986,0,0,S,7,1,792362,167.95,2007,19,73.98,152.99
36832,Historical,119216,0,0,S,9,1,599824,193.33,2010,12,97.34,60.73
36833,Historical,170138,0,0,S,9,1,215106,263.95,2009,47,88.99,50.1
36834,Historical,178927,0,0,S,14,1,494302,266.95,2010,72,177.3,38.49
36835,Historical,434999,0,0,S,6,1,40251,177.4,2011,67,73.99,39.97
36836,Historical,534046,0,0,S,10,1,682615,176.95,2007,46,114.19,16.98
36837,Historical,536418,0,0,S,11,1,483826,192,2012,36,69.54,143.99
36838,Historical,54104,0,0,S,9,1,2692661,142.67,2006,39,118.99,27.82
36841,Historical,416559,0,0,S,10,1,404415,158.5,2008,35,81.99,39.59
36842,Historical,53363,0,0,S,10,1,1002417,599,2010,30,33.95,146.73
36843,Historical,53807,0,0,S,9,1,317841,82.42,2005,104,33.94,18.94
36844,Historical,54973,0,0,S,4,1,874598,142.95,2005,30,33.87,21.57
36847,Historical,163826,0,0,S,1,0,490475,39.95,1995,79,30.95,23.24
36848,Historical,254198,0,0,S,13,1,577518,267.95,2010,33,120.99,56.24
36849,Historical,51113,0,0,S,8,1,4315716,0,2001,27,153.99,32.99
36850,Historical,51989,0,0,S,7,1,1971281,0,2006,94,84.17,23.99
36851,Historical,613807,1,3,S,1,0,117210,191.6,2007,60,0,73.99
36852,Historical,534387,0,0,S,6,1,77922,43.2,1991,153,34.64,28.98
36853,Historical,120224,0,0,S,5,1,507237,102.47,2010,32,0,23.99
36854,Historical,52058,0,0,S,4,1,769012,146,2007,40,95.12,46.71
36855,Historical,146839,0,0,S,10,1,404535,158.2,2011,40,62.14,33.99
36856,Historical,298891,0,0,S,9,1,885673,293,2009,29,113.55,153.94
36857,Historical,50113,0,0,S,7,1,216496,141.98,2008,39,125.63,58.79
36858,Historical,52150,0,0,S,6,1,609440,250.95,2003,220,173.99,30.99
36859,Historical,53973,0,0,S,8,1,85844,96,1998,99,116.85,38.94
36860,Historical,529639,1,1,S,9,1,398466,132.95,2012,33,34.23,84.15
36861,Historical,434947,0,0,S,6,1,738794,117.27,2009,37,31.52,75.01
36862,Historical,298742,0,0,S,6,1,147900,278.5,2007,41,138.2,131.33
36863,Historical,51891,0,0,S,7,1,1590629,157.95,2006,37,75.57,38.98
36864,Historical,53610,1,1,S,9,1,662586,81.41,2004,119,81.99,42.1
36865,Historical,286442,1,2,S,0,0,993519,84.27,2007,44,50.53,81.07
36866,Historical,50327,1,1,S,3,1,1795537,18.99,2002,53,128.95,18.98
36868,Historical,50735,0,0,S,5,1,1143540,136,2001,104,147.46,23.99
36869,Historical,53122,0,0,S,18,1,1253065,15.14,2006,20,185.99,23.99
36870,Historical,50167,0,0,S,8,1,1388896,118.95,2003,98,181.17,21.94
36871,Historical,66424,0,0,S,12,1,102421,220.13,2012,19,78.99,77.96
36872,Historical,103928,0,0,S,6,1,1295463,122.5,1996,39,19.08,44.99
36875,Historical,106745,1,1,S,2,1,124029,35,2009,126,4.19,20.93
36876,Historical,107004,0,0,S,1,0,1437011,49.99,2005,60,0,0
36877,Historical,109805,0,0,S,5,1,666269,37.99,2007,26,123.99,58.51
36879,Historical,115198,0,0,S,5,1,736747,45.33,2001,15,0,0
36880,Historical,128226,1,1,S,3,1,2382904,95.95,2000,21,35.59,92.87
36881,Historical,131234,0,0,S,3,1,1021121,86.4,1998,36,4,66.35
36895,Historical,1598512,1,1,S,16,1,2767,29.99,2014,27,0,12.5
36899,Historical,1645971,1,1,S,1,0,148829,15.99,2007,70,36.71,10.99
36900,Historical,165718,1,1,S,2,1,2292947,24.95,2005,30,4.89,18.93
36904,Historical,177505,0,0,S,1,0,1133976,200.95,1999,32,0,71.05
36907,Historical,183647,0,0,S,4,1,262794,26.95,2007,66,7.24,23.98
36911,Historical,200257,0,0,S,1,0,73094,29.95,2006,47,16.12,22.1
36912,Historical,2007053,0,0,S,4,1,1327,18.95,2013,23,0,10.48
36913,Historical,201341,0,0,S,1,0,2265501,26.5,2004,35,12.56,75.49
36915,Historical,2084610,0,0,S,3,1,59440,24.95,2014,41,15.67,16.64
36920,Historical,2247862,0,0,S,0,0,607653,142.48,2006,34,0,53.99
36921,Historical,225873,0,0,S,1,0,3613435,169.95,1998,15,103.46,105.5
36922,Historical,2271820,0,0,S,7,1,185580,55.08,2011,14,0,44.47
36923,Historical,231079,1,1,S,4,1,79751,7.5,2005,170,0,6.46
36924,Historical,2314521,0,0,S,2,1,1537805,39.95,1991,28,4.02,67.53
36926,Historical,2330732,0,0,S,2,1,2901903,117.15,1989,22,4.4,58.84
36929,Historical,2415928,0,0,S,2,1,947360,49.95,1992,17,0,76.76
36930,Historical,2428245,1,1,S,6,1,444855,145.6,1991,33,6.24,35.25
36931,Historical,2471093,0,0,S,1,0,633300,300.95,1995,31,0,49.26
36934,Historical,254837,0,0,S,0,0,932364,54.95,2002,55,40.84,10.97
36935,Historical,2593982,0,0,S,2,1,10401495,24.95,1985,21,23.62,62.65
36936,Historical,260406,0,0,S,2,1,2019,24.95,2010,99,12.99,13.55
36937,Historical,2620009,0,0,S,3,1,1348569,104.95,2004,64,54.56,10.98
36938,Historical,2621152,0,0,S,10,1,874537,252.95,2004,22,0,81.74
36941,Historical,2788537,0,0,S,0,0,557363,72,1989,29,0,39.94
36942,Historical,279577,1,1,S,2,1,26915,39.95,2010,95,10.69,20.46
36946,Historical,3063054,1,1,S,5,1,158826,49.99,1998,58,4,59.87
36948,Historical,3198092,0,0,S,0,0,613814,27.04,2004,17,26.93,22.92
36949,Historical,323457,1,1,S,6,1,176575,22,2011,20,0,40.31
36953,Historical,446524,0,0,S,2,1,162030,34.99,2008,51,4.71,10.47
36956,Historical,538524,0,0,S,3,1,380303,58.97,2007,28,0,61.13
36957,Historical,538869,1,1,S,39,1,52101,21.18,2013,33,14.97,55.05
36958,Historical,540728,0,0,S,4,1,193,26.9,2013,112,13.8,15.3
36959,Historical,540982,1,1,S,8,1,49534,33.95,2013,112,14.99,16.99
36960,Historical,54247,0,0,S,7,1,918,22,2009,464,7.11,10.48
36961,Historical,543034,1,1,S,3,1,1493321,43.67,2002,31,6.63,45.87
36962,Historical,544744,0,0,S,1,0,427587,79.95,2013,31,0,62.57
36963,Historical,546052,0,0,S,3,1,3895,19.95,2013,26,17.83,13.51
36964,Historical,552064,0,0,S,1,0,966033,193,2002,39,0,92.28
36972,Historical,585972,1,1,S,4,1,462108,39.98,2011,22,0,0
36977,Historical,597507,0,0,S,0,0,1245265,24,1998,109,16.04,5.98
36980,Historical,613555,0,0,S,3,1,321934,89.6,1994,63,0,18.99
36985,Historical,615209,1,1,S,1,0,1135936,237.8,2002,60,4,13.88
36987,Historical,615980,1,1,S,2,1,1069369,42,1995,51,4,12.74
36989,Historical,617431,1,1,S,2,1,461125,59.99,2004,36,5.2,32.54
36990,Historical,617709,1,1,S,6,1,975442,250,2001,40,0,46.65
36992,Historical,617860,1,1,S,1,0,792250,70,2001,41,0,13.89
36993,Historical,618158,0,0,S,2,1,629358,70,2003,41,0,0
36995,Historical,619628,1,1,S,3,1,1232298,65,2006,21,5.88,18.96
37001,Historical,627180,1,1,S,1,0,834191,102,1994,23,0,74.2
37003,Historical,627594,0,0,S,1,0,107536,10.35,2006,18,0,9.81
37011,Historical,639670,1,1,S,4,1,59968,39,2013,102,15.62,25.48
37012,Historical,642327,1,1,S,3,1,47759,38.95,2011,31,22.43,25.82
37024,Historical,664302,1,1,S,12,1,535071,34.95,2013,24,9.24,92.71
37025,Historical,673970,0,0,S,3,1,96965,27.99,2013,48,20,25.99
37026,Historical,674079,0,0,S,1,0,701810,25.95,2001,134,14.06,4.03
37027,Historical,690413,0,0,S,8,1,15970,22.95,2014,31,14.98,14.99
37030,Historical,697199,0,0,S,2,1,539673,39.95,1998,15,4.31,90.57
37036,Historical,789056,0,0,S,2,1,524855,42.95,2002,24,0,0
37037,Historical,802668,0,0,S,4,1,2805034,24.99,2008,37,4,8.74
37038,Historical,822396,0,0,S,0,0,1196646,27.5,2002,151,4,8.99
37042,Historical,906500,0,0,S,5,1,2503,29.99,2014,35,17.45,11.47
37043,Historical,909873,0,0,S,2,1,7256,19.99,2014,37,13.97,12.95
37044,Historical,920267,0,0,S,2,1,19920,9.95,2004,57,20.64,8.45
37045,Historical,922325,0,0,S,0,0,4671,0,2004,44,0,17.24
37047,Historical,107717,0,0,S,8,1,2274715,0,2003,24,43.94,72.35
37048,Historical,107903,1,1,S,9,1,990231,141.25,2005,41,81.99,69.73
37050,Historical,111624,1,1,S,18,1,441883,0,2011,13,148.45,139.09
37051,Historical,111711,1,1,S,7,1,211424,474.25,2011,22,148.28,107.03
37052,Historical,115899,0,0,S,1,0,344378,19.99,2004,30,19.24,11.66
37053,Historical,116749,0,0,S,3,1,3615105,143,2004,55,53.99,9.84
37054,Historical,118068,0,0,S,3,1,3551811,27.6,2006,20,98.45,11.76
37055,Historical,118426,1,1,S,4,1,1268307,133,2006,19,41.05,50
37056,Historical,123995,1,1,S,8,1,361475,87.95,1999,49,0,21.67
37057,Historical,130173,1,1,S,2,1,2020748,119.39,2003,38,93.94,12
37058,Historical,131465,0,0,S,3,1,2709368,63,2001,42,59.92,20.99
37060,Historical,145033,1,1,S,3,1,1633053,147.33,2005,30,43.99,66.82
37061,Historical,146007,0,0,S,6,1,2801659,182,2008,13,49.42,63.98
37062,Historical,146416,1,1,S,11,1,788611,152,2011,26,128.69,48.98
37063,Historical,146544,0,0,S,10,1,476279,218.53,2011,20,146.55,110.08
37064,Historical,146613,1,1,S,4,1,1248077,159.33,2011,21,66.12,53.99
37066,Historical,148299,0,0,S,4,1,2593432,185.95,2004,39,101.61,23.98
37067,Historical,148751,0,0,S,2,1,2203638,322.95,2008,13,139.95,123.99
37068,Historical,1574827,0,0,S,8,1,1871554,220.95,2010,17,0,160.55
37070,Historical,169539,0,0,S,7,1,775452,332.95,2007,38,15.4,81.66
37071,Historical,169938,1,1,S,5,1,2070957,236.95,2009,36,154.6,24.44
37072,Historical,1702239,0,0,S,0,0,3512276,190,2013,12,80.38,14.16
37074,Historical,178136,1,1,S,11,1,790638,92.95,2002,26,99.98,23.99
37076,Historical,1784142,1,1,S,10,1,1335816,28.99,2013,17,44.09,29.64
37077,Historical,178629,0,0,S,6,1,179770,73.95,2010,38,4.78,43.99
37078,Historical,179022,0,0,S,1,0,1068285,223.95,1999,22,93.99,34.59
37079,Historical,1827230,1,1,S,8,1,200041,204.95,2013,32,0,209.95
37081,Historical,1884815,1,1,S,8,1,1426346,148.39,2009,23,116.36,72.18
37094,Historical,217191,0,0,S,2,1,3554430,31,1998,28,22.74,9.39
37096,Historical,2262985,0,0,S,4,1,1014348,60.89,2010,31,123.2,74.28
37098,Historical,2313619,0,0,S,4,1,4956456,69.42,1978,42,40.95,14.98
37099,Historical,2334967,0,0,S,2,1,1965536,111.85,1988,25,103.97,23.93
37101,Historical,2371049,1,1,S,2,1,7218162,50.33,1986,16,138.21,73.09
37102,Historical,2423453,0,0,S,4,1,6574116,62.5,1991,36,65.7,18.93
37103,Historical,248882,0,0,S,3,1,64443,38.95,2006,106,26.59,14.05
37104,Historical,250403,0,0,S,17,1,1464961,21.38,2006,33,68.99,12.94
37105,Historical,2571234,0,0,S,3,1,4851366,76.51,1975,20,57.57,69.75
37106,Historical,2577772,1,1,S,3,1,5359485,298.97,1985,38,183.98,51.41
37107,Historical,264230,0,0,S,1,0,643778,50.99,2004,41,14.32,49.85
37108,Historical,2657148,0,0,S,1,0,83831,36,1993,827,10.97,9.83
37110,Historical,275962,0,0,S,28,1,2243390,39.95,2007,25,35.81,24.21
37111,Historical,2808486,0,0,S,4,1,651207,59,1992,28,46.86,89.45
37112,Historical,285176,0,0,S,2,1,1607993,17.39,2003,21,128.98,63.99
37115,Historical,308763,0,0,S,6,1,2311099,44.51,2004,21,153.09,39.94
37116,Historical,308795,0,0,S,3,1,197604,7.41,2005,54,72.03,7.99
37117,Historical,3263553,0,0,S,0,0,1093944,96.24,2001,43,14.81,86.04
37118,Historical,330557,1,1,S,6,1,2924109,152.95,2004,47,103.1,9.33
37122,Historical,416681,0,0,S,5,1,219543,9.89,2005,60,63.87,10.98
37123,Historical,434812,0,0,S,8,1,1280744,148.73,2009,21,173.3,58.79
37124,Historical,451777,1,1,S,9,1,226690,87.95,2008,21,170.48,68.87
37125,Historical,51606,0,0,S,4,1,2559645,0,2005,21,43.67,55.87
37126,Historical,51827,0,0,S,11,1,1381654,16.99,2005,49,129.22,16.99
37127,Historical,52175,0,0,S,3,1,2771561,160,2005,64,162.4,9.98
37128,Historical,528057,0,0,S,12,1,187983,59.99,2012,46,28.74,23.38
37129,Historical,533703,0,0,S,17,1,1997629,89.5,2010,39,192.7,23.42
37130,Historical,534083,0,0,S,6,1,1854842,113.25,1994,33,106.29,8.85
37131,Historical,537747,0,0,S,5,1,443814,121.16,2010,21,132.59,117.79
37132,Historical,539078,0,0,S,3,1,12261,33.32,2000,39,36.36,26.3
37134,Historical,544807,1,1,S,4,1,1488778,178.95,2013,24,11.28,84.75
37135,Historical,545132,0,0,S,34,1,1461428,43.17,2011,15,44.95,12.37
37136,Historical,549764,1,1,S,1,0,431654,53.43,1999,39,16.48,13.88
37138,Historical,551420,0,0,S,10,1,879014,212,2009,45,103.99,48.51
37139,Historical,551593,1,1,S,8,1,650384,132,1999,160,149.99,17.19
37140,Historical,551619,0,0,S,2,1,5297514,98,2000,35,128.99,32.99
37141,Historical,552420,0,0,S,6,1,1140751,157.8,2004,39,0,42.02
37144,Historical,56956,0,0,S,2,1,1684055,30,2004,65,53.44,4.37
37145,Historical,56965,0,0,S,8,1,1637947,23.99,2008,23,53.05,19
37146,Historical,569695,0,0,S,6,1,4380041,80.95,1998,18,93.98,18.22
37147,Historical,569787,0,0,S,2,1,1385429,243.95,2003,35,4.98,47
37148,Historical,570533,1,1,S,2,1,1034515,70.95,2000,13,0,52.99
37149,Historical,572136,0,0,S,8,1,779493,92.95,2005,19,4.75,17.98
37150,Historical,57827,0,0,S,4,1,3468939,28.87,2003,21,51.98,43.94
37151,Historical,58374,1,1,S,7,1,851274,86.4,2003,32,59.1,18.98
37152,Historical,587922,1,1,S,4,1,1419789,170.95,2011,12,128.97,25.59
37154,Historical,602438,0,0,S,4,1,1788898,44.5,2003,45,53.99,10.99
37155,Historical,608049,0,0,S,4,1,1025664,257.95,2003,55,162.97,11.97
37156,Historical,608450,0,0,S,11,1,1313448,220.95,2007,61,58.99,18.89
37157,Historical,608757,0,0,S,6,1,899948,77.95,2002,33,47.14,26.87
37158,Historical,609661,0,0,S,2,1,1123791,85.95,1996,64,43.84,17.98
37159,Historical,612972,0,0,S,4,1,1369060,83.6,2004,69,59.92,9.68
37160,Historical,613478,0,0,S,5,1,1886953,124,2007,46,89.51,10.99
37161,Historical,615879,1,1,S,8,1,282160,33.94,2009,41,342.3,28.91
37162,Historical,616457,0,0,S,3,1,374708,118,2002,28,99.81,66.09
37163,Historical,617359,0,0,S,16,1,798015,132.6,2011,21,166.46,38.98
37164,Historical,617652,0,0,S,3,1,1869981,4.99,2009,22,42.86,4.99
37165,Historical,618974,1,1,S,9,1,953214,33.99,2009,30,122.42,28.98
37166,Historical,620560,0,0,S,7,1,1585292,111.33,2009,25,91.42,29.76
37167,Historical,620725,0,0,S,14,1,1544403,287.87,2012,20,143.93,150
37168,Historical,621114,0,0,S,3,1,1515219,159.33,2010,36,102.97,12.49
37169,Historical,621303,0,0,S,10,1,496581,139.79,2012,34,122.42,38.92
37170,Historical,625879,1,1,S,2,1,917763,182.8,2009,22,138.97,48.43
37171,Historical,630911,0,0,S,12,1,587499,78.57,2012,33,57.99,70.57
37172,Historical,632445,1,1,S,5,1,1471837,138.67,2009,19,111.99,58.99
37173,Historical,633157,0,0,S,3,1,480550,117.53,2011,41,71.99,54.62
37175,Historical,637687,1,1,S,8,1,795628,103.33,2012,24,115.86,76.91
37176,Historical,637798,0,0,S,7,1,1383992,107.2,2011,21,48.99,81.18
37177,Historical,638238,0,0,S,6,1,74999,166,2012,34,93.78,76.76
37179,Historical,639894,1,1,S,9,1,713242,229.25,2011,13,134.36,159.01
37180,Historical,642727,1,1,S,4,1,1487657,147.33,2009,23,97.03,1003.99
37184,Historical,649659,1,1,S,5,1,317281,153.25,2012,25,133.53,41.99
37185,Historical,652099,1,1,S,2,1,555475,74.95,2001,19,19.6,63.66
37186,Historical,655935,1,1,S,16,1,1206822,116,2013,21,112.59,223.52
37187,Historical,657392,1,1,S,0,0,716255,42.95,1998,22,33.96,31.4
37188,Historical,658513,0,0,S,6,1,1049894,152.73,2009,25,34.59,98.99
37190,Historical,664179,1,1,S,2,1,1011719,170,2013,16,103.78,130.25
37191,Historical,669115,1,1,S,4,1,1294716,110.53,2011,9,91.05,97.05
37194,Historical,699010,0,0,S,10,1,645838,17.1,2008,30,83.99,30.94
37195,Historical,699085,1,1,S,6,1,2397217,28.85,2008,23,151.91,28.99
37196,Historical,699242,1,1,S,7,1,1213200,43.87,2013,23,95.12,48.98
37197,Historical,704265,0,0,S,4,1,493775,20.99,2003,36,75.94,20.99
37198,Historical,712854,1,1,S,9,1,1423429,78.85,2003,31,0,44.99
37199,Historical,714823,1,1,S,8,1,2489426,57.2,2002,31,53.74,18.94
37200,Historical,717122,0,0,S,3,1,313761,126.93,2009,27,86.98,12.92
37201,Historical,718679,0,0,S,3,1,160301,30,1998,50,29.35,14.86
37203,Historical,729387,0,0,S,5,1,1369615,55,1998,58,56.08,26.85
37204,Historical,735884,1,1,S,6,1,1081954,42.99,2009,25,26.88,50.51
37205,Historical,738966,0,0,S,6,1,3925760,89,1997,21,131.5,18.43
37206,Historical,739036,0,0,S,3,1,4947098,80.2,1999,35,58.33,10.76
37207,Historical,739616,1,1,S,5,1,5488539,76,2003,21,28.99,9.44
37208,Historical,740305,1,1,S,7,1,1017162,90.6,2004,19,21.62,13.98
37209,Historical,742560,0,0,S,4,1,904600,145.33,2010,22,67.4,13.04
37210,Historical,742874,1,1,S,2,1,1122615,145.33,2011,21,148.66,53.83
37211,Historical,769866,0,0,S,7,1,1951209,104.36,2001,31,143.23,24.97
37212,Historical,770327,1,1,S,0,0,1186423,87.5,2002,41,7.44,19.95
37213,Historical,771277,0,0,S,6,1,3128164,142.36,2002,19,119.41,48.99
37214,Historical,774198,0,0,S,0,0,4421900,0,2003,23,94.49,110.17
37215,Historical,775484,1,1,S,2,1,3277313,35.95,2001,38,23.92,55.07
37216,Historical,775927,0,0,S,3,1,4370443,114,2005,18,23.29,7.99
37217,Historical,780339,0,0,S,2,1,4366661,29.95,2001,20,23.88,54.07
37218,Historical,795041,1,1,S,9,1,517916,0,2010,21,88.99,91.6
37219,Historical,802565,0,0,S,7,1,1764735,49.99,2005,41,17.87,8.58
37220,Historical,809122,0,0,S,2,1,399611,41.48,2010,55,114.98,38.99
37222,Historical,860639,1,1,S,6,1,345666,154.87,2012,18,68.87,94.99
37223,Historical,860930,1,1,S,4,1,1384838,166,2012,22,78.04,104.98
37224,Historical,869074,1,1,S,11,1,1212907,213.95,2014,10,153.83,241.52
37225,Historical,869591,1,1,S,4,1,584483,40,2012,16,41.99,36.89
37226,Historical,872129,1,1,S,2,1,1439428,114.75,2006,50,103.97,101.97
37227,Historical,873421,1,1,S,0,0,221635,49.99,2006,46,18.93,38.5
37228,Historical,875153,0,0,S,2,1,1721458,80.95,2001,29,57.62,19.99
37229,Historical,876388,0,0,S,9,1,2033558,47.28,2011,19,89.51,35.78
37230,Historical,876654,1,1,S,6,1,1025665,91.97,2007,14,83.99,38.98
37231,Historical,877474,1,1,S,6,1,3309086,94.5,2011,22,114.41,53.61
37232,Historical,877665,1,1,S,2,1,704882,105,2002,7,26.97,36.94
37233,Historical,878080,1,1,S,5,1,1145206,165,2013,21,78.81,123.04
37234,Historical,878104,1,1,S,4,1,900009,207.75,2014,27,118.87,133.99
37235,Historical,878287,0,0,S,5,1,1200470,72,2008,23,41.16,77.75
37236,Historical,878765,1,1,S,2,1,1282593,48.99,2008,19,88.99,122.69
37237,Historical,878769,1,1,S,7,1,1993097,76.99,2007,44,42.99,37.5
37238,Historical,879167,0,0,S,10,1,364180,21.94,2008,43,115.41,21.56
37239,Historical,879687,1,1,S,2,1,875475,84.75,2012,14,61.97,71.95
37240,Historical,880092,1,1,S,3,1,699186,114.25,2009,18,17.98,57.89
37241,Historical,880151,1,1,S,11,1,511043,107.07,2014,14,70.19,83.89
37242,Historical,880239,1,1,S,9,1,737493,87,2011,37,104.99,12.65
37243,Historical,880393,1,1,S,7,1,4301835,0,2011,12,113.98,21.94
37244,Historical,888427,0,0,S,2,1,4709829,105.99,2008,13,10.54,4.78
37245,Historical,898864,0,0,S,2,1,1449237,116,2013,11,105.98,23.85
37246,Historical,900726,1,1,S,13,1,243970,136.67,2014,23,88.41,63.94
37247,Historical,906864,0,0,S,0,0,1104351,39.95,2012,17,48.99,28.97
37248,Historical,909432,1,1,S,5,1,1130607,159.33,2013,29,91.45,47.79
37249,Historical,911501,0,0,S,3,1,5104776,0,2004,24,67.72,65.27
37250,Historical,916511,0,0,S,8,1,279090,32.95,2000,37,22.07,53.55
37251,Historical,917822,1,1,S,20,1,201062,207.5,2014,47,127.52,61.93
37252,Historical,919239,0,0,S,6,1,484088,106.99,1998,38,76.47,23.02
37253,Historical,550513,0,0,S,7,1,490451,365.22,2007,32,77.61,115.36
37255,Historical,706034,0,0,S,21,1,384290,124.81,2013,33,0,0
37257,Historical,610433,0,0,S,11,1,93661,189,2013,37,38.99,78.99
37258,Historical,539503,0,0,S,10,1,115950,158.6,2013,41,43.98,127.91
37259,Historical,896731,1,1,S,10,1,141073,201.47,2015,68,173.3,108.94
37261,Historical,1466382,0,0,S,3,1,2861266,79.95,2014,14,23.76,54.92
37262,Historical,869420,1,1,S,4,1,742701,218.67,2013,23,18.58,148.99
37263,Historical,142086,1,1,S,3,1,1638752,0,2010,16,39.51,33.93
37264,Historical,142149,0,0,S,9,1,31480,72.25,2011,60,38.22,49.85
37265,Historical,1517658,1,1,S,13,1,938421,206.67,2014,19,0,164.34
37266,Historical,1519340,0,0,S,9,1,475703,43.95,2015,12,0,43.94
37267,Historical,165488,0,0,S,2,1,1125524,191.95,2001,30,0,159.87
37268,Historical,531812,0,0,S,3,1,236610,246,2004,35,20.98,47.93
37270,Historical,767656,0,0,S,10,1,1003905,0,2009,17,112.92,2472
37271,Historical,528247,1,1,S,6,1,132880,96.99,2010,32,25.99,54.8
37272,Historical,543263,1,1,S,3,1,287855,152,2006,40,47.23,63.83
37273,Historical,242185,0,0,S,2,1,1136708,54.95,2004,13,63.29,184.79
37274,Historical,2912412,0,0,S,2,1,3365878,183.82,2005,11,58.82,130.66
37275,Historical,618923,1,1,S,5,1,499605,159.95,2012,40,14.82,22.99
37276,Historical,861231,1,1,S,10,1,879654,99.95,2013,18,68.96,93.98
37280,Historical,880412,1,1,S,6,1,635639,90.03,2013,15,52.94,45.99
37282,Historical,2097986,0,0,S,4,1,309317,44.99,2014,16,0,44.99
37283,Historical,2283465,0,0,S,10,1,522245,43.38,2012,7,0,38.97
37285,Historical,106574,0,0,S,6,1,2623812,49.99,2007,28,24.33,19.92
37302,Historical,1516991,0,0,S,3,1,1015271,154,2012,19,35.94,103.98
37315,Historical,1946647,1,1,S,9,1,684681,90.5,2014,23,0,58.98
37317,Historical,199140,1,1,S,1,0,880985,120,2001,44,25.13,60.79
37319,Historical,2138704,1,1,S,3,1,3758,10.25,2006,18,8.88,9.23
37322,Historical,218499,0,0,S,8,1,914976,49.95,1998,72,4.35,33.94
37325,Historical,2531284,0,0,S,0,0,2674790,34.95,1994,22,26.99,23.99
37328,Historical,2680062,0,0,S,2,1,4519051,39.95,1995,20,5.43,35.77
37329,Historical,287459,1,1,S,2,1,1070767,131.4,2011,18,0,40.66
37331,Historical,3062718,0,0,S,2,1,1197667,124,2002,40,5.87,28.65
37339,Historical,545729,0,0,S,8,1,60046,35.99,2013,50,11.17,23.64
37346,Historical,571866,0,0,S,0,0,615354,142.55,2000,49,0,0
37347,Historical,595611,0,0,S,10,1,317065,39,2012,62,8.03,25
37355,Historical,616766,0,0,S,7,1,898170,14.66,2004,52,4.98,13.99
37365,Historical,623828,0,0,S,5,1,53913,36.95,2012,47,18.92,18.98
37370,Historical,629993,0,0,S,24,1,869237,189,2011,23,92.14,37.99
37380,Historical,680290,0,0,S,2,1,138752,30,2008,28,17.39,20.99
37384,Historical,735446,0,0,S,2,1,193853,11.76,2009,103,4,8.86
37388,Historical,769124,0,0,S,1,0,591529,133.95,2003,30,0,14.98
37393,Historical,805667,0,0,S,1,0,62301,37.5,2011,224,0,12.89
37396,Historical,861885,1,2,S,27,1,228728,59.75,2014,31,14.18,39.48
37397,Historical,921329,0,0,S,3,1,254469,34.75,2014,30,0,12.26
37398,Historical,105457,0,0,S,7,1,2586042,28.97,2008,24,342.3,28.98
37399,Historical,109303,0,0,S,4,1,1297038,133.85,2006,14,123.99,55.32
37401,Historical,110729,0,0,S,9,1,184292,22.82,2006,50,93.99,22.82
37402,Historical,111097,0,0,S,2,1,865942,15.22,2008,29,115.12,6.77
37403,Historical,111512,1,1,S,6,1,1204942,221.25,2011,24,158.81,55.15
37404,Historical,111574,0,0,S,7,1,627947,20.99,2011,15,93.99,602.99
37405,Historical,115380,0,0,S,4,1,4904911,35,2001,28,40.4,18.93
37406,Historical,117945,0,0,S,7,1,1493279,142.6,2005,36,50.88,12.54
37407,Historical,118680,0,0,S,3,1,2192346,125.67,2006,20,108.59,18.94
37408,Historical,119368,0,0,S,2,1,771223,261.47,2011,32,86.44,112.1
37409,Historical,129232,0,0,S,4,1,63814,49.95,2008,32,11.89,29.97
37410,Historical,130407,0,0,S,3,1,543662,124.67,2011,59,63.67,38.99
37411,Historical,141555,0,0,S,2,1,1664058,14.89,2001,52,80.6,14.89
37412,Historical,1455413,1,2,S,6,1,388580,171.33,2014,18,0,119.47
37414,Historical,148033,0,0,S,9,1,4039162,177.95,2004,23,205.42,49.59
37415,Historical,148102,0,0,S,4,1,2759489,173.95,2006,18,160.24,100.89
37416,Historical,1481035,1,2,S,6,1,214961,159.33,2011,29,31.81,29.01
37417,Historical,148195,1,2,S,4,1,583444,360.95,2005,27,65.68,73.94
37419,Historical,154401,0,0,S,0,0,261150,108.5,2004,48,48.49,13.79
37420,Historical,1745993,0,0,S,7,1,10416,12,2006,24,29.17,11.4
37421,Historical,204024,0,0,S,4,1,1802239,42.95,2007,25,42.98,26.94
37422,Historical,205847,1,1,S,3,1,1472922,50,2003,33,43.87,19.98
37424,Historical,225861,0,0,S,30,1,281081,51.95,1995,28,33.99,26.16
37425,Historical,251217,1,1,S,6,1,1059727,184.95,2010,53,10.24,33.99
37426,Historical,2563300,0,0,S,4,1,3575652,22.68,1996,46,167.99,41.26
37427,Historical,258137,1,1,S,4,1,718085,32.99,2005,30,28.94,61.33
37428,Historical,2654572,1,2,S,2,1,1165958,158.95,1997,21,0,88.31
37429,Historical,276789,0,0,S,2,1,530742,37.95,1999,27,26.08,18.58
37431,Historical,2837588,0,0,S,0,0,1737230,11.95,1987,37,30.21,15.49
37432,Historical,285181,0,0,S,2,1,3980848,120,2002,22,148.53,35.99
37433,Historical,286217,0,0,S,5,1,2313276,85.8,2006,26,56.34,7.99
37434,Historical,298971,0,0,S,3,1,1929229,34.95,1998,35,51.91,23.94
37435,Historical,309962,0,0,S,6,1,1735004,123.55,1995,41,159.94,19.99
37436,Historical,417642,1,1,S,9,1,327921,195,2010,57,92.49,67.72
37437,Historical,420450,0,0,S,2,1,2302981,116,2000,72,140.99,20.97
37438,Historical,457842,0,0,S,8,1,4384139,141.95,2009,16,144.03,60.55
37439,Historical,483578,0,0,S,4,1,3952202,81.95,1997,39,166.06,13.98
37440,Historical,50728,0,0,S,9,1,71358,56.86,2009,103,64.62,52.59
37441,Historical,50793,1,1,S,6,1,1644391,186.67,2005,82,83.78,11.1
37442,Historical,52589,0,0,S,4,1,1157733,54,1999,44,92.11,10.73
37443,Historical,528686,0,0,S,4,1,2484816,74,1997,39,52.33,5.99
37444,Historical,532078,0,0,S,11,1,727043,157.95,2010,20,126.5,75.92
37445,Historical,53217,0,0,S,11,1,705671,137.4,2007,159,103.49,13.98
37446,Historical,533737,0,0,S,11,1,49621,148.27,2012,67,138.97,63.57
37447,Historical,534018,0,0,S,9,1,2112877,123.75,2004,44,173.86,36.21
37448,Historical,534027,0,0,S,5,1,4875753,35.95,1996,12,4.19,9.24
37449,Historical,53486,0,0,S,8,1,645126,96.2,2005,224,67.24,10.98
37450,Historical,537954,0,0,S,1,0,427023,39.95,2009,62,14.28,24.49
37451,Historical,538682,1,1,S,5,1,1329645,271,2012,28,162.87,30.74
37452,Historical,54249,1,1,S,7,1,2254871,49.7,2000,24,9.69,8.99
37453,Historical,547142,0,0,S,2,1,577860,34.95,2006,70,28.84,15.02
37454,Historical,55476,1,1,S,7,1,1758323,4.94,2004,104,55.2,4.74
37455,Historical,55547,0,0,S,3,1,3558999,74,1995,30,79.72,7.05
37456,Historical,55649,0,0,S,1,0,5082133,10.98,2003,37,63.65,22.99
37457,Historical,560716,0,0,S,4,1,2183495,33.2,2000,77,48.58,7.4
37458,Historical,562170,0,0,S,5,1,795654,180.95,2008,38,115.42,11.73
37460,Historical,56300,0,0,S,8,1,2547999,103.25,2010,12,143.63,42.25
37461,Historical,564076,0,0,S,6,1,1226158,107.16,1999,69,125.21,10.99
37463,Historical,57566,0,0,S,2,1,1538656,203.99,2003,51,115.99,20.89
37464,Historical,599284,1,1,S,16,1,1663193,59.95,2010,23,75.9,10.99
37465,Historical,60327,1,1,S,13,1,420422,148,2005,45,103.79,28.99
37466,Historical,60399,0,0,S,12,1,1398158,213.75,2008,48,144.83,22.75
37467,Historical,607223,0,0,S,3,1,2873513,52,2001,21,57.49,8.7
37468,Historical,607357,0,0,S,6,1,1307554,99,2003,33,113.96,46.77
37469,Historical,607647,0,0,S,5,1,1839767,99,1997,69,94.66,15.52
37470,Historical,624313,1,1,S,7,1,923088,99,2010,21,86.99,85.65
37471,Historical,696723,0,0,S,10,1,1819946,88.75,2009,24,103.99,48.84
37472,Historical,699383,1,1,S,11,1,157162,59.99,2012,24,83.94,72.25
37473,Historical,717255,0,0,S,7,1,908875,145.87,2010,17,60.97,41.94
37474,Historical,735286,1,1,S,7,1,756243,11.99,2009,46,48.81,5.95
37475,Historical,737146,0,0,S,10,1,5040596,272.95,1997,23,58.69,52.97
37476,Historical,742935,0,0,S,10,1,117345,140.67,2011,33,43.99,52.98
37477,Historical,747029,1,1,S,8,1,413364,125,2010,58,103.99,20.98
37478,Historical,795352,1,1,S,11,1,1347596,235.95,2011,21,184.53,174.74
37479,Historical,847470,0,0,S,6,1,3029052,75.96,1996,35,186.09,21.39
37480,Historical,877277,0,0,S,8,1,3371993,60.3,2007,21,190.79,46.19
37481,Historical,877722,0,0,S,2,1,2160081,0,2004,21,97.03,28.94
37482,Historical,878301,1,1,S,8,1,806227,85.74,2007,30,102.41,72.99
37483,Historical,879393,1,1,S,13,1,810180,152.2,2014,21,97.6,93.99
37484,Historical,908742,0,0,S,5,1,4381810,47,2000,17,31.31,18.76
37485,Historical,913828,1,2,S,12,1,469149,95.8,2013,28,88.41,33.99
37486,Historical,101415,0,0,S,5,1,1840601,206.95,2001,18,23.99,88.71
37487,Historical,551594,0,0,S,5,1,226383,220.2,2001,29,14.45,86.49
37488,Historical,131385,0,0,S,2,1,374377,135.2,2002,43,7.23,50.41
37489,Historical,165742,1,1,S,4,1,96425,67.38,2004,27,6.18,35.99
37491,Historical,545129,0,0,S,8,1,946592,250.95,2009,32,6.5,50.94
37492,Historical,639720,0,0,S,6,1,14781,98.75,2013,31,0,0
37493,Historical,620184,0,0,S,3,1,736761,68.95,2011,39,29.43,51.59
37494,Historical,906930,0,0,S,2,1,435610,116.5,2012,14,0,0
37514,Historical,291572,0,0,S,3,1,796835,154.95,2003,34,0,49.47
37518,Historical,538865,0,0,S,15,1,93142,38.99,2012,39,0,53.39
37531,Historical,916133,0,0,S,2,1,379950,190.95,1994,47,4,58.63
37532,Historical,112355,0,0,S,10,1,772766,194.72,2009,36,123.98,47.11
37533,Historical,119365,1,1,S,10,1,1248250,206.67,2011,13,97.34,0
37534,Historical,121188,1,1,S,12,1,1271965,200.93,2009,44,144.61,100.48
37535,Historical,145824,0,0,S,5,1,1859120,180,2008,11,123.99,1803.99
37536,Historical,191951,0,0,S,7,1,918160,48.13,2003,102,122.42,37.49
37537,Historical,249186,0,0,S,5,1,1430801,160,2007,16,73.99,83.99
37538,Historical,416429,0,0,S,4,1,1602688,137.19,2005,36,152.02,20.99
37539,Historical,50879,0,0,S,8,1,2549804,94.95,2007,29,5.1,15.2
37540,Historical,51864,0,0,S,8,1,2002529,115,2000,37,123.99,8.67
37541,Historical,51869,0,0,S,4,1,143362,128,2002,61,83.99,41.52
37542,Historical,51876,0,0,S,6,1,2808714,173.95,2005,56,93.99,13.74
37543,Historical,52086,0,0,S,10,1,377687,132,2002,89,112.98,23.94
37544,Historical,52945,0,0,S,5,1,1955663,6.99,2005,56,77.87,6.99
37545,Historical,52982,0,0,S,3,1,702729,110,2002,53,145.06,27.99
37546,Historical,54130,1,1,S,3,1,507601,164,2004,22,103.24,18.23
37547,Historical,54429,0,0,S,9,1,525253,105.8,2010,36,26.54,29.89
37548,Historical,57610,0,0,S,8,1,574924,74.95,2002,92,60.86,23.39
37549,Historical,60498,0,0,S,8,1,2684851,191.95,2006,32,163.99,42.99
37551,Historical,700890,1,2,S,1,0,254454,33,2005,68,14.62,10.18
37553,Historical,416528,0,0,S,13,1,478054,104.69,2008,19,71.04,90.43
37555,Historical,57427,0,0,S,5,1,125618,170.2,2008,64,45.76,48.99
37556,Historical,639194,0,0,S,2,1,209347,66.95,2010,13,0,0
37568,Historical,614854,1,2,S,11,1,84521,26.47,2010,84,4.98,5.22
37572,Historical,663787,0,0,S,10,1,209081,34.99,2013,35,11.54,20.44
37574,Historical,108021,0,0,S,4,1,1144499,0,2004,40,75.94,113.67
37575,Historical,109482,1,1,S,7,1,937477,28.99,2005,93,40.87,21.99
37576,Historical,115446,0,0,S,6,1,1689574,79,1999,62,30.62,11.99
37577,Historical,144503,0,0,S,11,1,2149679,113.8,2003,23,112.59,69.17
37578,Historical,177154,0,0,S,10,1,2582655,135.95,2002,13,183.98,26.99
37580,Historical,224717,0,0,S,11,1,196029,160.95,2011,41,88.82,118.53
37582,Historical,415730,0,0,S,9,1,213737,24.73,2010,40,150.43,6.38
37583,Historical,416579,1,1,S,8,1,821313,189.4,2007,29,92.49,60.48
37584,Historical,50465,0,0,S,7,1,1133472,90,2001,39,84.84,42.16
37585,Historical,51104,0,0,S,14,1,77583,80.49,2011,37,168.27,101.95
37586,Historical,51462,0,0,S,9,1,210143,166,2002,264,149.99,11.07
37587,Historical,51974,0,0,S,5,1,169154,15.17,2004,51,88.99,16.98
37588,Historical,52635,0,0,S,2,1,696463,19.99,2002,37,53.97,19.99
37589,Historical,53255,1,1,S,11,1,1392858,137.61,2004,58,87.98,17.68
37590,Historical,53292,0,0,S,8,1,1421148,304.95,2007,44,120.17,62.67
37591,Historical,56964,0,0,S,7,1,2349656,65.95,2006,39,53.05,7.01
37592,Historical,57863,0,0,S,5,1,2691384,98.95,1998,43,139.95,15.64
37593,Historical,58566,0,0,S,6,1,500731,37.89,2007,52,104.55,47.66
37600,Historical,304925,0,0,S,0,0,5408,37.99,2005,213,5.66,19.68
37601,Historical,553253,1,1,S,3,1,1290582,302.73,2011,23,241.16,163.97
37602,Historical,58207,0,0,S,5,1,1730659,114.95,2005,40,25.57,52.43
37604,Historical,144696,0,0,S,11,1,564480,125.8,2003,36,112.59,54.41
37605,Historical,153366,0,0,S,10,1,654517,121,2010,45,91.23,51.87
37607,Historical,309773,0,0,S,11,1,1399064,0,2009,17,100.99,541.92
37608,Historical,428536,1,1,S,10,1,485789,165.6,2009,21,118.98,73.99
37609,Historical,50796,0,0,S,7,1,115458,213.33,2008,123,83.78,37.94
37610,Historical,51467,1,1,S,7,1,1910184,160,2004,115,108.99,8.99
37612,Historical,290365,0,0,S,6,1,510529,18.99,2002,21,176.49,28.49
37613,Historical,292118,1,1,S,12,1,731276,296.95,2001,158,117.78,11.99
37614,Historical,50745,0,0,S,6,1,231784,6.74,2000,64,118.88,21.75
37615,Historical,56711,0,0,S,2,1,1671202,54.95,2009,86,59.7,4.99
37616,Historical,877464,1,1,S,7,1,632223,102.5,2012,16,123.47,73.96
37618,Historical,178876,0,0,S,7,1,213884,223.95,2010,40,141.82,63.99
37619,Historical,52879,0,0,S,6,1,1325169,5.38,2005,67,141.99,5.46
37620,Historical,53604,1,1,S,10,1,595493,141.4,2003,80,160.99,20.95
37621,Historical,55475,0,0,S,8,1,426379,51.48,2009,29,48.81,17.48
37622,Historical,111609,1,1,S,7,1,135363,0,2010,35,151.91,473.05
37623,Historical,178137,1,1,S,11,1,1128255,92.95,2002,29,63.87,43.9
37624,Historical,50216,0,0,S,10,1,1024470,190,2007,121,100.99,28.74
37625,Historical,53612,0,0,S,11,1,303099,84.95,2000,85,102.98,19.91
37626,Historical,55575,1,1,S,5,1,100937,203.95,2010,64,90.51,51.51
37627,Historical,61109,1,1,S,11,1,237509,15.88,2007,60,160.99,43.99
37628,Historical,50196,0,0,S,9,1,898414,15.52,2005,53,123.98,15.52
37629,Historical,54398,0,0,S,3,1,1243194,58.8,2000,75,88.99,8.94
37630,Historical,145327,0,0,S,5,1,61003,235.6,2007,45,4.97,102.44
37631,Historical,106639,0,0,S,18,1,1480632,44.95,2007,55,0,13.57
37632,Historical,53823,0,0,S,6,1,479523,57.45,2004,90,46.47,43
37633,Historical,50316,0,0,S,5,1,910849,136,2000,215,0,10.54
37635,Historical,203899,0,0,S,11,1,1577512,119.95,2006,72,96.99,8.99
37636,Historical,56024,0,0,S,11,1,1390762,120.8,2004,17,112.59,47.89
37637,Historical,111392,0,0,S,3,1,1188028,0,2010,21,143.03,109.67
37638,Historical,50985,0,0,S,13,1,364520,310.95,2005,112,125.35,10.77
37639,Historical,50814,0,0,S,7,1,1218417,211.95,2002,47,163.99,13.94
37640,Historical,51379,0,0,S,8,1,435984,123.75,2003,36,173.86,17.99
37641,Historical,50736,1,1,S,8,1,725142,225.33,2008,37,147.46,73.65
37642,Historical,52946,0,0,S,6,1,1618446,7.99,2008,89,77.87,7.85
37643,Historical,53775,1,1,S,5,1,68684,136,1997,171,138.89,35.99
37644,Historical,52414,0,0,S,12,1,886413,162.95,2006,74,95.98,15.99
37645,Historical,879775,1,6,S,13,1,157337,143.95,2014,23,103.99,186.35
37646,Historical,60704,0,0,S,9,1,562927,152.95,2004,51,114.19,123.99
37647,Historical,53018,0,0,S,6,1,175234,142.67,2001,507,135.9,18.99
37650,Historical,2078823,1,2,S,0,0,431629,9.95,2010,9,43.03,9.95
37659,Historical,614309,1,1,S,2,1,1045565,366.95,1997,64,3.99,43.31
37661,Historical,618631,1,1,S,0,0,98710,17.55,2004,77,4,13.88
37671,Historical,862586,1,1,S,0,0,884401,31.95,1995,12,45.54,28.99
37674,Historical,109543,0,0,S,3,1,1197953,141.75,2004,33,172.63,60.49
37675,Historical,115191,0,0,S,2,1,1116133,22,2000,41,18.89,24.84
37676,Historical,1483247,1,2,S,7,1,331017,68,2014,27,0,57.75
37678,Historical,1855467,1,1,S,14,1,926564,44.99,2011,36,23.99,43.87
37679,Historical,285281,1,1,S,17,1,1472223,124.5,2005,24,72.49,18.98
37680,Historical,51758,0,0,S,4,1,2657088,111.33,2007,90,132.85,4
37681,Historical,538156,0,0,S,4,1,640056,42.99,2005,21,147.57,38.95
37682,Historical,550169,0,0,S,7,1,578814,140.63,2006,38,40.87,26.99
37683,Historical,563696,0,0,S,7,1,2084177,100.85,2008,23,103.99,26.99
37684,Historical,607259,0,0,S,6,1,2257425,80,2002,38,67.98,13.99
37685,Historical,607531,0,0,S,4,1,1249153,68.5,1994,51,135.41,15.9
37686,Historical,612191,1,2,S,5,1,636007,154,2013,35,53.99,129
37687,Historical,629224,0,0,S,3,1,4338525,86.67,1994,23,178.72,37.02
37688,Historical,640094,1,2,S,4,1,833003,148,2012,30,17.98,36.32
37690,Historical,644642,1,2,S,9,1,65829,113.99,2012,38,93.9,107.11
37691,Historical,652652,0,0,S,12,1,900347,150.67,2011,9,117.99,53.99
37692,Historical,705429,1,2,S,15,1,1628737,203.25,2013,16,65.45,183.38
37693,Historical,715184,0,0,S,9,1,2296975,0,2007,19,126.9,103.61
37694,Historical,767268,0,0,S,5,1,3560987,0,2008,12,45.39,109.25
37695,Historical,845684,0,0,S,5,1,5950473,77,1991,24,59.94,17.75
37696,Historical,857175,0,0,S,9,1,2829968,136,2008,26,123.99,101.11
37697,Historical,876793,1,1,S,5,1,1521352,56.25,2013,17,53.19,28.97
37698,Historical,877462,1,2,S,6,1,1166577,70.67,2013,24,37.77,75.4
37699,Historical,902440,1,1,S,0,0,1203150,64.99,2005,23,51.99,59.99
37700,Historical,918445,0,0,S,1,0,648729,62,2004,27,114.68,73.35
37702,Historical,658314,1,1,S,7,1,977069,43.98,2011,10,199.97,44.86
37703,Historical,669193,1,1,S,7,1,752862,62.99,2010,14,0,0
37721,Historical,860202,0,0,S,3,1,14452,27.95,2010,29,0,0
37722,Historical,101286,0,0,S,2,1,1024135,389.95,2000,129,105.48,22.34
37723,Historical,110960,0,0,S,9,1,136551,65.29,2007,101,83.99,21.65
37724,Historical,132135,1,2,S,10,1,3153605,119.33,2005,26,83.02,7.98
37725,Historical,146586,1,1,S,12,1,359167,186.93,2011,71,149.99,44.97
37726,Historical,148735,0,0,S,6,1,625328,167.95,2008,30,133.19,58.12
37727,Historical,183447,0,0,S,9,1,1794746,217.95,2005,39,131.76,33.99
37728,Historical,192048,0,0,S,8,1,1094939,50,2006,52,122.42,50
37729,Historical,51521,1,1,S,7,1,901875,58.95,2004,94,37.49,11.98
37730,Historical,608350,1,1,S,5,1,489541,65,2002,42,85.53,71.3
37732,Historical,2098847,0,0,S,8,1,726217,53.28,2013,26,33.59,53.28
37735,Historical,536392,0,0,S,9,1,44866,38.95,2012,48,17.58,23.82
37738,Historical,107469,0,0,S,6,1,3916885,103.7,2000,43,119.98,7.98
37739,Historical,109230,0,0,S,7,1,2778688,0,2006,26,84.17,7.88
37740,Historical,169977,0,0,S,15,1,776145,272.95,2011,55,102.79,21.12
37741,Historical,434593,0,0,S,8,1,2426120,72.25,2000,35,85.86,4.48
37742,Historical,52108,0,0,S,3,1,2369086,119.95,2001,59,114.99,9.99
37743,Historical,53434,1,2,S,9,1,432160,235.95,2005,41,52.03,43.99
37744,Historical,627795,0,0,S,0,0,1263585,28.99,1988,29,43.98,28.99
37747,Historical,58523,0,0,S,3,1,446574,75,2000,36,58.99,27.23
37749,Historical,111418,1,1,S,9,1,707168,70.99,2010,32,92.49,69.98
37750,Historical,51817,1,2,S,7,1,448868,26.98,2004,171,92.49,23.47
37751,Historical,50171,0,0,S,6,1,1042870,205.95,2003,137,111.95,13.94
37752,Historical,53311,0,0,S,2,1,168050,83,2005,236,46.95,11.93
37753,Historical,52379,1,1,S,4,1,337137,23.92,2006,42,81.2,23.93
37754,Historical,53445,0,0,S,3,1,209150,277.95,2003,160,98.99,6.48
37755,Historical,51468,0,0,S,8,1,358440,153.33,2006,162,108.99,23.99
37756,Historical,54625,0,0,S,6,1,360124,52.55,2004,60,119.98,12.5
37757,Historical,155413,0,0,S,5,1,960270,369.95,1999,158,119.41,29.99
37758,Historical,1895110,0,0,S,1,0,90436,24.99,2009,22,0,33.99
37763,Historical,544684,1,1,S,7,1,596060,111.95,2013,17,111.92,76.99
37764,Historical,880645,1,2,S,9,1,1239898,92.84,2010,57,147.46,92.84
37765,Historical,684168,0,0,S,8,1,59165,32.95,2013,62,21.95,23.99
37766,Historical,633241,0,0,S,2,1,371888,180,2010,25,119.95,129.05
37768,Historical,114230,0,0,S,1,0,524689,110.4,2002,76,89.98,15.98
37769,Historical,60651,0,0,S,5,1,562033,38.98,2005,56,132.98,38.99
37770,Historical,705968,1,2,S,11,1,131910,214.74,2012,22,0,0
37773,Historical,148662,1,2,S,5,1,1483938,255.95,2008,21,103.98,103.95
37774,Historical,50601,1,1,S,10,1,524534,166.66,2002,159,188.99,21.99
37775,Historical,51459,1,1,S,9,1,354181,141.6,2007,208,118.98,13.98
37776,Historical,607717,0,0,S,6,1,1220210,104,2005,29,93.26,19.95
37777,Historical,739707,0,0,S,0,0,664992,90.2,2004,34,70,29.1
37778,Historical,703528,1,1,S,3,1,2232488,40.15,1999,36,75.94,7.13
37779,Historical,878308,1,1,S,6,1,484364,77.19,2012,29,41.16,132.43
37780,Historical,53487,1,1,S,9,1,541289,95.6,2006,284,67.24,9.24
37781,Historical,52005,0,0,S,10,1,790171,137.95,2004,300,172.09,11.91
37782,Historical,53785,0,0,S,5,1,293901,9.99,2003,259,26.88,8.99
37783,Historical,51910,1,1,S,6,1,488557,73.75,2001,63,97.68,12.99
37784,Historical,53212,0,0,S,9,1,27025,113.6,2005,181,83.99,13.14
37785,Historical,54260,0,0,S,3,1,327942,6.8,2004,154,60.44,6.98
37786,Historical,102038,0,0,S,3,1,564932,129.35,1997,29,21.7,60.63
37787,Historical,103758,0,0,S,0,0,182039,24.95,2004,96,4.49,7.49
37788,Historical,104128,0,0,S,3,1,1002582,105,1998,31,19.76,51.94
37789,Historical,109600,0,0,S,2,1,69958,13.97,2006,62,4,7.87
37792,Historical,115232,0,0,S,1,0,343035,113,2001,30,0,11.5
37793,Historical,115567,0,0,S,4,1,1619362,48.8,2002,44,0,23.88
37794,Historical,116053,0,0,S,5,1,1090583,166.4,2005,79,4.32,9.72
37795,Historical,117905,0,0,S,3,1,1567660,66.67,2005,24,0,60.55
37798,Historical,120522,0,0,S,1,0,1372060,132,2000,39,0,40.65
37799,Historical,120689,0,0,S,3,1,623634,216.4,2008,39,8.22,53.73
37800,Historical,126512,0,0,S,3,1,1427496,134.95,2005,32,0,0
37804,Historical,144337,0,0,S,6,1,1586641,197.8,2001,38,0,0
37805,Historical,144869,0,0,S,6,1,1437930,226.6,2004,39,4,40.98
37808,Historical,166660,0,0,S,2,1,451482,110,2005,61,17.58,58.14
37809,Historical,177455,0,0,S,2,1,741446,123.95,2002,54,3.98,17.94
37810,Historical,177651,0,0,S,1,0,1632623,108.95,2000,31,6.38,58.1
37812,Historical,184574,0,0,S,3,1,2250412,116.95,1996,30,6.92,36.99
37817,Historical,202293,0,0,S,2,1,1266613,272.95,2002,60,4,25.94
37818,Historical,202324,0,0,S,9,1,1784267,240.95,2001,76,4.39,24.76
37819,Historical,202461,0,0,S,2,1,1022804,97.75,1999,52,0,22.77
37820,Historical,233896,0,0,S,0,0,1725124,85,2005,24,4.98,44.22
37821,Historical,243880,0,0,S,0,0,1021536,399.95,2011,60,4,19.88
37822,Historical,244948,0,0,S,2,1,578116,241.95,2003,85,4.81,28.92
37824,Historical,257251,0,0,S,2,1,859771,55,2002,28,0,58.41
37825,Historical,262661,0,0,S,5,1,1213147,51.95,2004,20,12.18,27.99
37826,Historical,264560,0,0,S,3,1,2675161,73.95,1999,19,0,70.29
37827,Historical,286500,0,0,S,4,1,456901,129.6,2010,56,13.1,43.99
37828,Historical,286745,0,0,S,3,1,491862,217.95,1995,42,4.77,48.02
37829,Historical,291557,0,0,S,5,1,2660975,200.95,2004,28,4.74,21.53
37831,Historical,292258,0,0,S,2,1,964563,204.95,2002,34,0,33.96
37835,Historical,532700,0,0,S,2,1,580301,75,2012,28,40.33,43.56
37836,Historical,541127,0,0,S,4,1,824030,40,2010,25,8.28,31.05
37837,Historical,547662,0,0,S,0,0,1819080,214.6,1999,38,0,44.09
37838,Historical,552084,0,0,S,6,1,1146473,186.2,2002,64,0,0
37839,Historical,554070,0,0,S,1,0,660345,86.63,2010,28,0,71.99
37840,Historical,569896,0,0,S,2,1,1309282,181.95,1993,66,7.5,9.22
37841,Historical,572057,0,0,S,8,1,575138,114.95,2004,99,4.39,19.26
37842,Historical,581819,0,0,S,0,0,612819,179.41,1998,53,0,35.99
37844,Historical,614165,0,0,S,8,1,1336234,169.6,2001,56,4,12.2
37851,Historical,622149,0,0,S,4,1,227940,81.4,1993,45,0,51.79
37853,Historical,848637,0,0,S,6,1,222342,108.95,1998,21,0,39.22
37854,Historical,100566,0,0,S,5,1,715187,113.6,1995,23,74.98,29.46
37855,Historical,100937,0,0,S,5,1,353944,281.95,1997,44,18.84,49.65
37856,Historical,104759,0,0,S,11,1,1191380,23.92,2005,24,98.5,23.94
37857,Historical,105414,0,0,S,4,1,1155338,94.93,2006,7,170.57,95.48
37858,Historical,106962,0,0,S,4,1,1285352,49.99,2003,40,17.74,8.59
37859,Historical,107761,0,0,S,2,1,1974670,17.17,2003,39,23.03,17.17
37860,Historical,108129,0,0,S,13,1,891071,183.75,2005,34,81.99,37.94
37861,Historical,108916,0,0,S,8,1,411894,0,2004,27,83.94,8.99
37862,Historical,108918,0,0,S,7,1,827191,125,2004,36,93.5,5.52
37863,Historical,109729,0,0,S,4,1,1727513,108.65,2007,37,65.75,13.48
37864,Historical,111127,0,0,S,3,1,1304060,22.93,2009,40,71.34,22.9
37865,Historical,111441,0,0,S,20,1,1157529,210.5,2010,26,185.99,19.5
37866,Historical,111623,0,0,S,11,1,505023,173.74,2011,20,143.39,79.79
37867,Historical,112354,0,0,S,18,1,1093716,311.18,2008,32,152.58,40.99
37868,Historical,114966,0,0,S,11,1,3201093,92.67,2001,25,58.23,68.78
37869,Historical,115782,0,0,S,6,1,1385132,188.2,2003,47,4.75,8.94
37870,Historical,115943,0,0,S,7,1,2057331,57.8,2004,16,114.1,128.51
37871,Historical,116679,0,0,S,2,1,3697075,136.6,2005,49,153.47,4.74
37872,Historical,117218,0,0,S,4,1,1094233,99.2,2005,51,13.83,43.82
37873,Historical,117481,0,0,S,3,1,2340475,104.6,2004,36,65.56,15.32
37874,Historical,117849,0,0,S,2,1,3871239,78.67,2004,28,78.87,25.99
37875,Historical,117969,0,0,S,5,1,1325230,100.95,2005,38,5.38,73.83
37876,Historical,120575,0,0,S,6,1,1522501,180,2007,30,112.97,73.15
37877,Historical,127268,0,0,S,8,1,1919870,76.95,2004,56,3.83,38.99
37878,Historical,127324,0,0,S,14,1,1781081,80,2007,20,2646.73,52.97
37879,Historical,132409,0,0,S,5,1,953647,97.33,2007,17,59.92,33.99
37880,Historical,132543,0,0,S,10,1,1275540,81.8,2007,13,82.93,22.98
37881,Historical,132818,0,0,S,10,1,1985008,117.6,2008,34,7.77,4.58
37882,Historical,133302,0,0,S,5,1,898113,187.2,2009,19,118.87,120.82
37883,Historical,133346,0,0,S,6,1,275432,151.27,2009,25,97.57,94.87
37884,Historical,135113,0,0,S,4,1,453244,50,1997,73,39.25,35.49
37885,Historical,144291,0,0,S,8,1,1172438,75,2001,51,43.99,29.99
37886,Historical,144297,0,0,S,2,1,4889513,54.6,2001,21,67.01,11.9
37887,Historical,144570,0,0,S,2,1,1648402,144,2004,61,151.72,8.98
37888,Historical,144595,0,0,S,4,1,1557770,130.4,2003,34,141.49,63.7
37889,Historical,145240,0,0,S,2,1,3678111,81.2,2005,27,60.88,62.61
37890,Historical,146316,0,0,S,7,1,330967,18.94,2009,42,48.58,18.94
37891,Historical,146513,0,0,S,6,1,523815,111,2011,27,73.65,38.49
37892,Historical,146515,0,0,S,9,1,175281,33,2010,237,18.99,6.99
37893,Historical,147614,0,0,S,26,1,1102798,46.95,2009,76,41.41,5.02
37894,Historical,147915,0,0,S,8,1,1509326,360.95,2003,51,6.19,47.57
37895,Historical,148145,0,0,S,9,1,1874151,349.95,2005,33,4.24,42.49
37896,Historical,155258,0,0,S,4,1,1107546,73.95,1998,35,4.25,28.86
37897,Historical,169103,0,0,S,3,1,843265,88.95,2005,59,7.98,46.88
37898,Historical,169867,0,0,S,7,1,399885,236.95,2009,16,77.1,135.1
37899,Historical,169878,0,0,S,8,1,694654,229.95,2009,23,108.99,246.8
37901,Historical,176587,0,0,S,4,1,1149831,291.95,1996,48,56.87,47.02
37902,Historical,177731,0,0,S,4,1,693234,50.95,2003,30,30.49,23.51
37904,Historical,190363,0,0,S,2,1,724361,137.5,1996,19,0,76.19
37905,Historical,195468,0,0,S,1,0,38428,35,2007,408,19.01,11.09
37907,Historical,198983,0,0,S,2,1,1488682,51.95,1998,55,42.79,4.06
37908,Historical,199933,0,0,S,2,1,1889786,110.95,2003,30,12.05,44.21
37909,Historical,200264,0,0,S,9,1,2035470,105.95,2006,20,59.98,16.48
37910,Historical,218484,0,0,S,2,1,189474,48.95,2000,78,25.59,9.6
37911,Historical,225689,0,0,S,0,0,1329956,139.95,2003,17,143.11,43.74
37912,Historical,243848,0,0,S,1,0,1078058,101.95,2010,27,66.99,10.99
37913,Historical,245019,0,0,S,2,1,1757498,104.95,2004,64,5.31,27.98
37914,Historical,246672,0,0,S,4,1,447216,73.95,2009,40,10.18,29.89
37917,Historical,260105,0,0,S,6,1,1665859,59.95,2003,30,35.99,10
37918,Historical,265059,0,0,S,0,0,188489,69.95,2011,47,10.24,16.98
37920,Historical,284923,0,0,S,8,1,1172574,141.11,2004,22,159.94,55.83
37921,Historical,285411,0,0,S,6,1,193757,22.99,2007,26,33.84,14.6
37922,Historical,285946,0,0,S,8,1,1466040,115.67,2004,60,79.98,11.94
37923,Historical,288582,0,0,S,3,1,822765,145.33,2004,32,86.47,26.98
37924,Historical,288883,0,0,S,9,1,1888487,331.95,2004,86,52.03,5.46
37925,Historical,292165,0,0,S,2,1,1001783,193.95,2004,44,4.97,21.98
37926,Historical,292199,0,0,S,10,1,1362379,75.95,2005,35,131.76,14.48
37927,Historical,303722,0,0,S,6,1,318700,133.95,2000,26,4.81,43.98
37928,Historical,314728,0,0,S,12,1,737618,173.33,2007,74,112.41,25.98
37929,Historical,328227,0,0,S,8,1,1087226,191,2011,22,152.89,171
37930,Historical,392518,0,0,S,2,1,4764489,90.95,2004,18,53.71,10.94
37931,Historical,403171,0,0,S,7,1,1237056,214,1995,68,4,91.83
37932,Historical,416537,0,0,S,9,1,245601,159.38,2005,37,123.98,52
37933,Historical,428519,0,0,S,7,1,1682079,122,2009,18,162.98,59.39
37934,Historical,428552,0,0,S,19,1,1541653,126,2009,19,91.67,58.94
37935,Historical,434805,0,0,S,4,1,734289,122.2,2008,17,62.31,190.27
37936,Historical,434859,0,0,S,10,1,381347,120,2009,34,138.97,38.99
37937,Historical,434933,0,0,S,7,1,614763,100.4,2008,15,104.8,43.89
37938,Historical,435031,0,0,S,3,1,1505592,163.6,2010,18,116.75,45.24
37939,Historical,50061,0,0,S,4,1,345670,271.95,2001,73,34.93,58.72
37940,Historical,50309,0,0,S,12,1,1983114,198.67,2007,27,143.93,24.49
37941,Historical,50848,0,0,S,6,1,703180,96,2001,65,0,7.43
37942,Historical,51340,0,0,S,5,1,969080,160,2003,44,198.55,9.92
37943,Historical,515234,0,0,S,9,1,2419430,135.8,2007,14,82.93,92.99
37944,Historical,51709,0,0,S,6,1,4900109,183.95,2005,41,88.99,9.98
37945,Historical,525187,0,0,S,0,0,2607654,304.95,2010,22,10.32,7.96
37946,Historical,525362,0,0,S,9,1,587609,209.95,2008,46,88.99,73.79
37947,Historical,52566,0,0,S,6,1,557031,91.95,2004,265,25.49,9.88
37948,Historical,527633,0,0,S,4,1,1632034,103.4,2001,45,4,55.23
37949,Historical,531598,0,0,S,7,1,790044,97.95,2009,20,103.99,94.85
37950,Historical,53330,0,0,S,2,1,1229983,6,2005,38,80.34,7.99
37951,Historical,533467,0,0,S,6,1,661593,0,2007,27,126.37,54.97
37952,Historical,53398,0,0,S,10,1,337976,107.81,2004,26,78.8,23.95
37953,Historical,534065,0,0,S,21,1,791011,72.33,1993,25,0,40.98
37954,Historical,53532,0,0,S,7,1,2265745,71.6,2004,59,85.38,9.99
37955,Historical,537331,0,0,S,16,1,1558085,231.67,2011,25,166.46,200.99
37956,Historical,537878,0,0,S,6,1,844354,85,2005,29,72.99,8.94
37957,Historical,538417,0,0,S,6,1,348081,178.13,2006,28,199.97,133.34
37958,Historical,538909,0,0,S,17,1,301762,76.82,2013,41,0,41.98
37959,Historical,53999,0,0,S,7,1,287957,64.34,2004,243,145.1,11
37960,Historical,54537,0,0,S,7,1,1723314,54.69,2006,15,84.89,57.78
37961,Historical,54755,0,0,S,12,1,1330223,28.93,2010,27,19.84,9.68
37962,Historical,549495,0,0,S,2,1,1995406,105.5,2011,25,95.99,39.96
37963,Historical,55477,0,0,S,8,1,673991,16.72,2007,71,55.2,16.72
37964,Historical,557110,0,0,S,4,1,1734976,160.4,2000,42,63.99,29.99
37965,Historical,557226,0,0,S,2,1,634286,94,2003,15,94.94,23.99
37966,Historical,557386,0,0,S,3,1,1956300,75,2008,21,24.11,4
37967,Historical,560994,0,0,S,10,1,955511,81.8,2006,33,82.93,250.1
37968,Historical,56117,0,0,S,5,1,212055,118,2002,17,120.98,43.93
37969,Historical,561600,0,0,S,16,1,1914877,64.95,1998,25,46.05,62.77
37970,Historical,56503,0,0,S,19,1,655179,13.18,2009,43,55.49,19.92
37971,Historical,56717,0,0,S,34,1,602021,54.25,2010,69,55.49,20.99
37972,Historical,56893,0,0,S,3,1,225012,97.99,2009,39,83.31,52.76
37973,Historical,569384,0,0,S,8,1,3492202,84.95,2001,17,4.44,23.99
37974,Historical,569742,0,0,S,5,1,1653154,132.95,2004,53,4.22,15.33
37975,Historical,572044,0,0,S,6,1,2068170,144.36,2003,20,108.76,12.87
37976,Historical,574311,0,0,S,2,1,921537,157,1982,26,0,103.04
37977,Historical,57543,0,0,S,4,1,1274957,138.95,2000,31,78.64,30.28
37978,Historical,57605,0,0,S,5,1,3082529,111.95,2003,36,99.03,4.46
37979,Historical,58297,0,0,S,8,1,1229547,65.93,2006,29,120.75,73.55
37981,Historical,595084,0,0,S,0,0,917469,42.95,2013,41,36.64,8.98
37982,Historical,60500,0,0,S,7,1,2247751,8.23,2006,60,23.74,5.66
37983,Historical,606944,0,0,S,8,1,319158,182,2007,23,173.35,63.64
37984,Historical,606965,0,0,S,4,1,699636,162.5,2008,34,82.16,5.99
37985,Historical,607320,0,0,S,4,1,1648936,159.4,2004,39,129.78,16.49
37986,Historical,607695,0,0,S,5,1,2084940,82.8,2002,52,64.66,13.94
37987,Historical,607766,0,0,S,2,1,2151667,51.8,2009,38,31.67,40.79
37988,Historical,609550,0,0,S,6,1,877574,39.99,2009,32,24.85,15.99
37990,Historical,617385,0,0,S,1,0,162406,129.99,2009,36,84.57,118.31
37991,Historical,626883,0,0,S,2,1,1344388,145.2,2002,21,17.88,33.99
37992,Historical,632101,0,0,S,4,1,280873,171.33,2012,21,46.69,135.34
37993,Historical,634713,0,0,S,13,1,1028023,44.99,2009,34,23.99,24.73
37994,Historical,697776,0,0,S,14,1,2392941,53.64,2009,23,95.32,29.98
37995,Historical,698926,0,0,S,6,1,350081,51.92,2010,24,129.13,39.99
37996,Historical,706060,0,0,S,14,1,401341,0,2012,13,144.83,208.99
37997,Historical,739574,0,0,S,3,1,4702572,60.33,2002,30,14.08,7.98
37998,Historical,742547,0,0,S,5,1,235962,126.67,2010,18,80.78,34.52
37999,Historical,742670,0,0,S,3,1,561936,122,2011,23,103.85,71.93
38000,Historical,745318,0,0,S,6,1,2354395,33.57,2008,16,176.41,31.41
38001,Historical,761477,0,0,S,3,1,3572319,0,2005,20,63.99,144.79
38002,Historical,767469,0,0,S,9,1,2790063,140.95,2007,20,149.03,108.35
38003,Historical,860905,0,0,S,15,1,152082,178,2012,38,112.41,76.76
38005,Historical,866305,0,0,S,2,1,845109,130.2,2002,20,0,103.04
38006,Historical,104913,0,0,S,3,1,63682,82.25,2006,30,48.39,31.9
38007,Historical,307823,0,0,S,12,1,675059,112.25,2006,13,28.99,55.92
38008,Historical,108014,0,0,S,2,1,1775640,602.99,2007,9,62.23,271.99
38009,Historical,108910,0,0,S,12,1,237437,652.56,2004,23,100.36,202.45
38010,Historical,115135,0,0,S,5,1,327147,183.4,2000,20,0,158.5
38011,Historical,626395,0,0,S,4,1,163971,106.6,2006,46,51.19,77.83
38012,Historical,119503,0,0,S,3,1,556428,113.6,2012,36,35.63,30.53
38013,Historical,130400,0,0,S,7,1,46043,155,2011,72,58.94,84.99
38014,Historical,132552,0,0,S,2,1,606703,95,2008,41,24.37,63.45
38015,Historical,133028,0,0,S,6,1,131874,81.6,2010,47,79.98,36.09
38016,Historical,144680,0,0,S,1,0,1148581,156.67,2008,26,42.73,89.49
38017,Historical,533983,0,0,S,3,1,18528,222,2009,87,73.53,102.21
38018,Historical,146593,0,0,S,6,1,820929,190.8,2010,15,103.87,100.35
38019,Historical,153873,0,0,S,4,1,282144,75,2005,42,60.02,74.98
38020,Historical,161572,0,0,S,8,1,2340893,0,2005,13,96.49,100.98
38021,Historical,405477,0,0,S,3,1,108481,71.5,2009,51,40.64,52.37
38022,Historical,163962,0,0,S,2,1,1035382,170.98,2007,20,0,184.75
38023,Historical,533887,0,0,S,7,1,1400534,408.95,2007,20,142.58,103.99
38024,Historical,567741,0,0,S,6,1,72278,111.95,2010,40,45.44,54.43
38025,Historical,176785,0,0,S,7,1,284623,237.95,2004,35,48.99,69.95
38026,Historical,764659,0,0,S,4,1,867893,116.95,2005,40,27.14,33.99
38027,Historical,192749,0,0,S,8,1,1418368,89.95,2001,20,4,169.45
38028,Historical,192881,0,0,S,2,1,473859,99.95,2002,17,89.94,95.29
38029,Historical,197935,0,0,S,4,1,54899,107.62,2008,17,29.76,170.03
38031,Historical,254539,0,0,S,2,1,491131,150.95,2012,17,25.44,57.24
38032,Historical,532890,0,0,S,6,1,290693,89.99,2010,41,36.75,63.97
38033,Historical,55349,0,0,S,3,1,20143,110,2005,67,65.09,71.88
38034,Historical,505978,0,0,S,4,1,317767,259.99,2012,23,145.46,128.98
38037,Historical,164141,0,0,S,8,1,1785356,692.43,1999,27,5.79,61.49
38038,Historical,223008,0,0,S,3,1,1404672,199.95,1998,43,4,18.94
38040,Historical,341376,0,0,S,5,1,1012392,212.95,1998,26,0,57.54
38041,Historical,107166,0,0,S,4,1,114586,10.99,2000,62,0,10.99
38043,Historical,114158,0,0,S,6,1,2562753,108,2006,46,76.95,9.99
38044,Historical,115845,0,0,S,5,1,1903060,54.67,2003,24,71.99,6.35
38045,Historical,117710,0,0,S,3,1,2879800,156.67,2006,25,58.99,21.89
38046,Historical,132573,0,0,S,9,1,636082,150.6,2007,19,113.99,114.98
38048,Historical,144805,0,0,S,5,1,3074162,68.4,2004,34,4.75,20.42
38049,Historical,145150,0,0,S,5,1,803293,27.6,2005,40,63.97,8.18
38050,Historical,145284,0,0,S,3,1,773997,125.07,2006,57,59.68,16.71
38051,Historical,148718,0,0,S,5,1,2665663,235.95,2008,22,41.14,23.98
38052,Historical,164440,0,0,S,2,1,488268,104.86,2003,31,45.94,52.98
38053,Historical,169980,0,0,S,2,1,1316066,225.95,2011,31,5.18,19.93
38054,Historical,265911,0,0,S,4,1,2833740,154,2004,15,124.47,11.98
38055,Historical,285361,0,0,S,17,1,1092526,43.94,2008,57,152.58,43.94
38056,Historical,307764,0,0,S,8,1,1961686,42.98,2010,17,88.99,42.98
38058,Historical,349801,0,0,S,5,1,221229,178.95,2003,30,57.82,153.86
38059,Historical,403329,0,0,S,2,1,518619,241.27,2008,21,0,429.97
38060,Historical,428452,0,0,S,10,1,1413683,103.6,2007,12,36.12,95
38061,Historical,446645,0,0,S,5,1,748175,59.82,2008,30,63.02,18.99
38062,Historical,50146,0,0,S,3,1,1267057,113.33,2002,39,128.99,35.59
38063,Historical,50948,0,0,S,3,1,3281998,108.95,2003,46,115.42,8.74
38064,Historical,51831,0,0,S,4,1,2604013,102.25,2005,39,118.99,33.89
38065,Historical,52028,0,0,S,6,1,3127984,187.5,2007,28,102.99,10
38066,Historical,52208,0,0,S,3,1,2376533,35.94,2004,32,82.16,33.92
38067,Historical,52606,0,0,S,2,1,425281,98,1998,31,42.93,34.95
38068,Historical,53109,0,0,S,7,1,1384562,6,2006,59,84.99,12.98
38069,Historical,533116,0,0,S,3,1,80429,66.4,2004,69,11.99,35.89
38070,Historical,53326,0,0,S,8,1,891799,13.98,2005,40,44.35,13.98
38071,Historical,533991,0,0,S,2,1,2758996,124.4,2007,33,58.56,11.28
38072,Historical,537928,0,0,S,7,1,946372,114,2003,49,160.65,13.98
38073,Historical,537957,0,0,S,2,1,446084,188.95,2007,28,128.84,58.85
38074,Historical,557473,0,0,S,2,1,325495,62.6,2008,73,92.11,12.42
38075,Historical,560688,0,0,S,3,1,1713604,114.4,1998,54,3.99,40.77
38076,Historical,561287,0,0,S,3,1,2401289,219.33,2010,16,34.36,87.84
38077,Historical,56186,0,0,S,3,1,200903,54.95,2010,115,46.33,5.01
38078,Historical,56297,0,0,S,4,1,500300,34.99,2009,55,26.91,20.85
38079,Historical,60236,0,0,S,2,1,1706830,113.8,2005,29,38.99,35
38080,Historical,606878,0,0,S,9,1,4106176,105,2004,22,89.41,23.99
38081,Historical,606975,0,0,S,12,1,1092278,152.81,2007,42,187.07,68.28
38082,Historical,61111,0,0,S,5,1,139014,93.96,2005,31,132.99,87.88
38083,Historical,618308,0,0,S,10,1,234494,158.3,2005,35,116.85,33.95
38084,Historical,635037,0,0,S,5,1,1389779,134,2010,28,53.94,179.17
38085,Historical,111445,0,0,S,10,1,480548,156.63,2010,17,108.5,133.19
38086,Historical,313911,0,0,S,3,1,95996,147.2,2006,40,33.57,96.64
38087,Historical,553962,0,0,S,4,1,87405,60.4,2011,54,27.66,38.99
38088,Historical,133429,0,0,S,15,1,622732,140.8,2010,17,112.59,153.85
38089,Historical,162946,0,0,S,8,1,38994,305.75,2010,31,23.88,33.97
38090,Historical,163091,0,0,S,2,1,257302,205,2011,34,30,72.71
38091,Historical,165288,0,0,S,8,1,74094,199.95,2001,55,36.27,68.98
38092,Historical,290646,0,0,S,5,1,777869,119.95,2005,43,22.28,61.03
38093,Historical,182630,0,0,S,3,1,17045,275.95,2001,58,29.94,72.92
38094,Historical,229722,0,0,S,4,1,327983,40,2001,44,39.89,33.99
38095,Historical,109580,0,0,S,4,1,505517,0,2005,34,7.47,21.82
38101,Historical,248015,0,0,S,2,1,101100,39.95,2008,37,31.98,31.01
38109,Historical,107240,0,0,S,5,1,300346,91.87,2000,7,113.94,86.03
38110,Historical,111397,0,0,S,10,1,325032,127.35,2010,31,33.95,116.83
38111,Historical,117492,0,0,S,2,1,393084,74.67,2003,56,98.45,15.97
38112,Historical,119003,0,0,S,7,1,1798248,213.33,2010,16,73.96,147.98
38113,Historical,130519,0,0,S,5,1,649557,110,2011,26,114.86,23.99
38115,Historical,145235,0,0,S,7,1,793505,86.67,2005,46,97.99,22.99
38116,Historical,145660,0,0,S,4,1,1059531,152.67,2007,21,80.78,72.43
38117,Historical,145943,0,0,S,8,1,1077401,174,2008,22,36.99,93.99
38118,Historical,145976,0,0,S,11,1,489912,165.2,2009,33,69.54,602.98
38119,Historical,146707,0,0,S,13,1,539077,180.87,2011,23,95.66,60.84
38120,Historical,147531,0,0,S,7,1,1146995,87.21,2009,20,23.98,43.98
38122,Historical,151021,0,0,S,0,0,1964375,17,2006,80,7.54,8.92
38123,Historical,153370,0,0,S,3,1,1177672,0,2007,16,119.98,73.99
38124,Historical,182899,0,0,S,4,1,2039592,134.95,2003,20,163.98,41.99
38125,Historical,231593,0,0,S,3,1,2650343,75.95,2002,49,48.97,8.94
38126,Historical,244149,0,0,S,10,1,943101,256.95,2010,32,111.32,62.99
38127,Historical,248391,0,0,S,9,1,1316748,129.95,2006,40,61.99,12.94
38128,Historical,270584,0,0,S,0,0,340778,107.95,2010,46,91.99,36.48
38129,Historical,309769,0,0,S,13,1,1296266,39.95,2010,22,88.99,63.55
38131,Historical,423301,0,0,S,5,1,1446808,206.8,2008,11,114.41,15
38132,Historical,50444,0,0,S,6,1,3712224,63.12,2005,67,88.99,6
38133,Historical,50906,0,0,S,9,1,597848,226.67,2007,15,156.99,132.98
38134,Historical,51852,0,0,S,2,1,4235327,192.5,2007,33,142.99,8.37
38135,Historical,52598,0,0,S,6,1,5915395,90.31,2001,18,93.5,53.99
38136,Historical,533706,0,0,S,12,1,733911,223.25,2008,30,88.99,51.49
38137,Historical,53697,0,0,S,6,1,588403,175.07,2009,27,39.98,68.99
38138,Historical,537247,0,0,S,0,0,1529065,278.47,2013,15,209.89,278.47
38139,Historical,53954,0,0,S,5,1,579931,311.47,2008,30,99.79,56.89
38140,Historical,552692,0,0,S,12,1,1202781,174.2,2004,33,26.31,76.01
38141,Historical,56145,0,0,S,7,1,2523001,52,2004,59,70.78,27.96
38145,Historical,61042,0,0,S,8,1,381837,240.95,2006,59,88.99,56.16
38146,Historical,61241,0,0,S,8,1,505929,132,2003,237,138.97,9.99
38148,Historical,417613,0,0,S,0,0,199033,189,2009,56,19.89,64.99
38150,Historical,145988,0,0,S,4,1,404427,183.33,2008,15,62.92,218.04
38151,Historical,860384,0,0,S,9,1,743439,64.89,2011,16,90.53,62.99
38159,Historical,108767,0,0,S,6,1,1171604,76.35,2005,43,111.63,19.99
38160,Historical,142041,0,0,S,9,1,815882,96.6,2010,30,58.99,18.98
38161,Historical,145837,0,0,S,9,1,60997,114.8,2008,22,111.93,121.19
38162,Historical,145912,0,0,S,8,1,869085,180.67,2008,9,36.99,0
38163,Historical,146018,0,0,S,3,1,1974816,185.33,2008,11,49.89,29.98
38164,Historical,146061,0,0,S,8,1,1265189,224.2,2008,18,135.9,125.23
38165,Historical,183410,0,0,S,7,1,5238172,93.33,2005,8,80.97,33.94
38166,Historical,50299,0,0,S,5,1,1025164,39.05,2008,41,65.74,38.78
38167,Historical,51366,0,0,S,9,1,728486,113.2,2004,37,84.78,38.09
38168,Historical,51517,0,0,S,3,1,2067556,97.34,2009,23,132.14,68.99
38169,Historical,51834,0,0,S,3,1,5885555,106.5,2003,17,118.99,102.45
38170,Historical,532084,0,0,S,10,1,1386994,84.95,2007,13,114.19,91.47
38171,Historical,53291,0,0,S,7,1,740763,125.95,2004,30,120.17,82.99
38172,Historical,533708,0,0,S,10,1,1382644,99.33,2010,17,49.71,188.93
38173,Historical,534089,0,0,S,4,1,2003775,28.1,1988,40,16.96,43.99
38174,Historical,53603,0,0,S,9,1,940803,190.31,2002,59,160.99,38.67
38175,Historical,537966,0,0,S,8,1,11381978,52.95,1999,14,99.18,20
38176,Historical,55310,0,0,S,5,1,720605,90.95,2003,41,83.99,4
38177,Historical,55737,0,0,S,4,1,1973268,8.37,2001,65,73.5,6.47
38178,Historical,56534,0,0,S,6,1,2384984,122.87,2009,17,58.99,15.94
38179,Historical,57137,0,0,S,6,1,5151622,49,1998,37,58.89,4.08
38180,Historical,142210,0,0,S,9,1,1405729,95.4,2007,21,123.77,63.11
38185,Historical,115971,0,0,S,8,1,91874,116.8,2004,40,62.14,52.37
38186,Historical,146621,0,0,S,4,1,1501464,198,2010,12,229.55,92.79
38189,Historical,288834,0,0,S,7,1,1676916,80.95,2007,17,38.13,95.1
38190,Historical,50881,0,0,S,10,1,1691510,115,1999,96,156.99,12.98
38191,Historical,50913,0,0,S,6,1,1560253,168,2005,18,109.59,16.16
38192,Historical,51337,0,0,S,2,1,1185774,124.67,2007,33,122.42,12.97
38193,Historical,51761,0,0,S,7,1,855045,145.33,2010,194,129.42,8.96
38194,Historical,51762,0,0,S,5,1,761611,154.33,2008,116,129.42,6.98
38195,Historical,52149,0,0,S,5,1,1983343,141.95,1999,56,173.99,37.98
38196,Historical,52298,0,0,S,2,1,1953349,132.67,2005,63,100.52,8.38
38198,Historical,536496,0,0,S,12,1,1862626,127.47,2012,20,75.31,40.49
38199,Historical,54947,0,0,S,7,1,2430410,117.96,2007,14,43.93,79.14
38200,Historical,55195,0,0,S,1,0,1262239,158,2006,32,103.69,51.75
38201,Historical,625218,0,0,S,11,1,530753,135.33,2011,29,118.98,40.99
38202,Historical,53893,0,0,S,4,1,3597088,145,2002,12,132.55,153.14
38205,Historical,107461,0,0,S,11,1,973172,41.99,2002,47,187.07,40.97
38206,Historical,119085,0,0,S,5,1,3096530,177.33,2010,16,77.83,602.99
38207,Historical,50011,0,0,S,5,1,1403114,223.8,2006,30,141.99,62.04
38208,Historical,50910,0,0,S,5,1,1290312,168,2003,17,109.59,31.49
38209,Historical,51121,0,0,S,10,1,877177,195.6,2005,33,124.72,37.64
38210,Historical,51192,0,0,S,9,1,2151199,301.95,2003,42,201.97,5.46
38211,Historical,51393,0,0,S,3,1,2451084,108.4,2006,23,125.24,25
38212,Historical,52152,0,0,S,15,1,2863761,13.68,2005,58,90.93,13.68
38213,Historical,52253,0,0,S,9,1,4470223,83.95,2002,81,119.47,6.58
38214,Historical,53310,0,0,S,3,1,1623687,263,2007,9,46.95,112.11
38215,Historical,53676,0,0,S,7,1,2490888,12.49,2005,15,117.23,13.98
38216,Historical,629457,0,0,S,10,1,1968547,140.33,2010,18,138.97,114.65
38217,Historical,105435,0,0,S,13,1,695285,2086.28,2007,15,191.85,34.12
38218,Historical,120535,0,0,S,9,1,51589,124.4,2008,59,93.99,53.99
38219,Historical,183610,0,0,S,6,1,1677716,236.95,2007,42,141.82,38.98
38220,Historical,452834,0,0,S,10,1,965281,189.95,2010,15,124.33,117.15
38221,Historical,50318,0,0,S,7,1,739934,195,2006,43,173.3,75.72
38222,Historical,52299,0,0,S,2,1,1013565,147.67,2007,100,100.52,19.99
38223,Historical,534104,0,0,S,9,1,904065,87.96,2001,23,116.85,34
38224,Historical,53761,0,0,S,7,1,173339,73.16,2003,17,51.99,57.94
38225,Historical,54621,0,0,S,8,1,107550,40.54,2005,28,91.49,41.35
38226,Historical,56486,0,0,S,5,1,1774707,8.99,2005,66,133.93,8.99
38227,Historical,146371,0,0,S,8,1,1102765,228.73,2010,26,147.46,93.88
38228,Historical,182736,0,0,S,12,1,136250,149.5,2001,189,117.78,69.45
38229,Historical,270245,0,0,S,3,1,1506918,83,2007,18,46.95,39.24
38230,Historical,594811,0,0,S,21,1,229013,199.99,2013,25,87.67,99.99
38232,Historical,50641,0,0,S,5,1,1752435,153.33,2006,53,49.97,13.99
38233,Historical,51738,0,0,S,5,1,369350,15.99,2002,157,71.64,9.98
38234,Historical,427932,0,0,S,9,1,672384,90.67,2010,18,93.26,33.11
38235,Historical,52138,0,0,S,2,1,1979461,153.5,2007,46,112.56,13.93
38236,Historical,537945,0,0,S,12,1,2541305,58.99,2008,23,168.27,58.13
38237,Historical,54048,0,0,S,7,1,781357,78.8,2006,123,70.19,17.84
38238,Historical,637848,0,0,S,8,1,385971,146.95,2011,9,105.82,83.82
38239,Historical,53886,0,0,S,2,1,1605303,170.4,2008,43,0,10.02
38240,Historical,146147,0,0,S,5,1,1240794,225.67,2009,16,111.99,73.98
38241,Historical,54081,0,0,S,8,1,3805772,60.95,2002,45,274.51,20.1
38242,Historical,52480,0,0,S,7,1,187355,71.88,1999,71,98.26,38.99
38243,Historical,51458,0,0,S,8,1,809953,136,2007,186,118.98,13.99
38244,Historical,537992,0,0,S,7,1,173202,95.1,2002,70,93.99,33.94
38245,Historical,185130,0,0,S,11,1,143960,320.95,1997,134,117.78,54.08
38246,Historical,50904,0,0,S,8,1,1415906,181.33,2005,26,156.99,29.99
38247,Historical,50320,0,0,S,6,1,641730,166.67,2003,148,173.3,28.99
38248,Historical,536502,0,0,S,3,1,1588394,128.87,2012,20,65.31,23.94
38249,Historical,50785,0,0,S,4,1,124015,11.98,2006,245,63.02,8.87
38250,Historical,56571,0,0,S,19,1,1640551,216.95,2008,53,239.87,20.99
38252,Historical,100671,0,0,S,1,0,533243,97.36,1997,41,6.09,7.99
38253,Historical,101590,0,0,S,1,0,455686,166.95,1995,31,0,46.53
38258,Historical,105557,0,0,S,2,1,1148198,79.95,1999,44,4.5,13.28
38264,Historical,106313,0,0,S,5,1,142452,65,2005,54,5.13,11.31
38265,Historical,106352,0,0,S,2,1,270602,45,2005,21,4.02,25.98
38267,Historical,106522,0,0,S,1,0,34761,28,2006,277,14.51,6.42
38269,Historical,106693,0,0,S,2,1,10409,26,2008,30,13.53,16.01
38274,Historical,106773,0,0,S,7,1,493576,113,2009,21,15.99,89.71
38275,Historical,106798,0,0,S,3,1,13358,38,2010,36,15.47,22.03
38280,Historical,106844,0,0,S,2,1,66383,37,2010,74,9.53,11.8
38283,Historical,108267,0,0,S,3,1,2191891,94.56,2004,19,14.58,66.55
38284,Historical,108443,0,0,S,3,1,1414767,28.92,2004,75,4.46,39.97
38285,Historical,109739,0,0,S,9,1,1439214,38.44,2005,34,4.39,38.44
38289,Historical,110792,0,0,S,15,1,1577697,53,2009,53,0,6.29
38293,Historical,111347,0,0,S,6,1,1203593,59.75,2009,23,13.24,42.49
38296,Historical,112222,0,0,S,2,1,1509778,112.75,2003,56,0,0
38298,Historical,113651,0,0,S,7,1,1324601,202,2002,54,4,23.98
38301,Historical,113884,0,0,S,4,1,1973813,123.4,2001,32,27.29,46.67
38304,Historical,114237,0,0,S,4,1,543667,157.8,2001,30,3.99,38.98
38305,Historical,114240,0,0,S,1,0,1359993,96,2002,39,0,38.98
38306,Historical,114343,0,0,S,1,0,914308,64.99,2002,27,0,44.99
38307,Historical,114377,0,0,S,1,0,723800,97.6,2003,38,0,29.99
38309,Historical,114538,0,0,S,2,1,1349864,122.2,2003,25,16.24,10.94
38310,Historical,114635,0,0,S,1,0,206620,63.2,2003,24,20.89,49.31
38314,Historical,114735,0,0,S,5,1,1100232,79.6,2002,34,17.5,23.93
38315,Historical,114736,0,0,S,7,1,308289,86.67,2003,40,3.99,22.98
38316,Historical,114902,0,0,S,2,1,834251,59.99,2001,26,10.99,39.17
38317,Historical,114912,0,0,S,3,1,209074,128,2002,62,4,18.89
38320,Historical,115230,0,0,S,3,1,230694,167.8,2001,29,0,0
38321,Historical,115259,0,0,S,2,1,1559553,101.6,2002,39,3.4,40.66
38323,Historical,115634,0,0,S,2,1,509453,207.2,2002,55,4,41.98
38325,Historical,115846,0,0,S,3,1,218950,97.2,2003,55,0,0
38327,Historical,115955,0,0,S,3,1,2849780,39.2,2004,27,4,7.94
38329,Historical,116036,0,0,S,2,1,3633395,77,2005,49,0,11.82
38330,Historical,116380,0,0,S,3,1,1186035,190.4,2003,117,3.99,11.57
38332,Historical,116512,0,0,S,8,1,953461,77.6,2004,29,0,57.6
38333,Historical,116566,0,0,S,3,1,1163656,165.33,2003,33,5.98,14.99
38336,Historical,117145,0,0,S,4,1,1724705,180,2004,37,4,40.3
38341,Historical,117613,0,0,S,2,1,2321941,134,2004,43,14.93,12.72
38354,Historical,120409,0,0,S,4,1,1221944,146.4,1998,31,4.39,28.67
38359,Historical,121067,0,0,S,12,1,613393,191.8,1997,35,4,72.89
38360,Historical,121069,0,0,S,1,0,983161,195.8,1997,29,0,123.99
38361,Historical,121119,0,0,S,2,1,2790294,80,1998,32,4.87,11.21
38364,Historical,121679,0,0,S,1,0,813892,189.8,1997,37,3.99,66.13
38365,Historical,121700,0,0,S,1,0,327726,109.87,2000,33,0,66.45
38368,Historical,123819,0,0,S,3,1,1775757,143.95,1995,35,8.99,43.21
38369,Historical,123934,0,0,S,2,1,990514,127.95,1998,34,4,23.99
38371,Historical,125446,0,0,S,6,1,557172,79.99,1995,80,4.24,17.98
38372,Historical,125565,0,0,S,1,0,569320,67,1997,15,0,62.63
38373,Historical,125666,0,0,S,2,1,899548,65.95,1995,73,4,6.44
38376,Historical,125761,0,0,S,1,0,816984,63,1999,31,0,38.97
38377,Historical,125943,0,0,S,0,0,971808,50,1998,19,0,43.94
38380,Historical,126344,0,0,S,2,1,453634,65.95,2002,39,4,27.99
38384,Historical,127860,0,0,S,1,0,692372,55,2000,49,11,28.94
38391,Historical,128801,0,0,S,0,0,1183212,52.95,2003,49,0,45.71
38393,Historical,129418,0,0,S,2,1,13890,16.95,2011,45,9.99,11.65
38396,Historical,130086,0,0,S,2,1,408834,74.99,2000,53,0,10.93
38398,Historical,130218,0,0,S,1,0,305100,114.8,2004,20,0,0
38401,Historical,131195,0,0,S,3,1,670171,152.2,1998,44,0,38.49
38404,Historical,131251,0,0,S,2,1,1715789,79.6,1999,38,4,12.38
38408,Historical,131448,0,0,S,3,1,790657,181.8,2003,38,5.25,68.81
38409,Historical,131454,0,0,S,5,1,1446715,144,2002,41,4,29.77
38416,Historical,131887,0,0,S,1,0,1114680,82,2004,20,0,0
38423,Historical,135246,0,0,S,2,1,886836,130,2001,16,0,0
38430,Historical,140815,0,0,S,3,1,544244,119.95,1998,64,4.17,43.98
38431,Historical,141741,0,0,S,10,1,5736,16,2007,176,0,8.49
38440,Historical,143305,0,0,S,5,1,1064008,188,2010,41,4.39,45.24
38450,Historical,1436542,0,0,S,3,1,170342,20,2010,17,0,13.48
38467,Historical,1437395,0,0,S,3,1,121088,23,2014,47,6.51,5.82
38472,Historical,1437568,0,0,S,10,1,92682,15,2015,23,13.22,12.19
38473,Historical,1437576,0,0,S,2,1,273293,34,2014,20,3.85,8.14
38478,Historical,1440512,0,0,S,9,1,1213088,180.75,2012,35,129.35,7.7
38479,Historical,144084,0,0,S,1,0,945387,123,1999,28,4,37.99
38480,Historical,144107,0,0,S,8,1,1603282,129.2,1999,49,0,67.89
38481,Historical,144167,0,0,S,8,1,1080443,161.6,1999,30,0,142.51
38482,Historical,1442139,0,0,S,5,1,217816,0,2013,6,0,2346.7
38489,Historical,1447415,0,0,S,8,1,730089,120.6,2010,33,0,67.74
38490,Historical,144838,0,0,S,2,1,1250785,65.99,2004,30,17.46,36.75
38491,Historical,144846,0,0,S,2,1,1722792,130.2,2004,41,5.67,14.98
38493,Historical,144999,0,0,S,8,1,642230,36.67,2005,41,5.95,66.26
38496,Historical,1451003,0,0,S,10,1,294518,173.4,2011,19,0,112.29
38498,Historical,1451569,0,0,S,4,1,89195,57.32,2014,16,0,46.58
38500,Historical,1452198,0,0,S,10,1,2178600,149.2,2013,19,0,60.99
38501,Historical,145282,0,0,S,5,1,2120485,75.2,2005,20,4.75,43.91
38504,Historical,1454015,0,0,S,0,0,1572243,31.25,2007,44,6.87,11.53
38505,Historical,145426,0,0,S,2,1,490995,117.6,2007,29,17.92,37.04
38513,Historical,1456138,0,0,S,7,1,710994,67.2,2014,31,48.98,47.99
38522,Historical,146491,0,0,S,7,1,309619,39.99,2011,33,0,41.98
38524,Historical,146773,0,0,S,5,1,240903,36.2,2011,30,26.23,25.26
38526,Historical,146905,0,0,S,4,1,1104305,46.95,2000,56,4,33.96
38527,Historical,146939,0,0,S,3,1,332541,46.95,2000,12,0,0
38532,Historical,1471453,0,0,S,2,1,52337,34.95,2014,22,36.65,34.1
38533,Historical,1471641,0,0,S,2,1,582125,116.95,2014,24,0,69.47
38537,Historical,1477333,0,0,S,10,1,719146,79.99,2014,5,0,39.62
38543,Historical,147955,0,0,S,2,1,1637900,252.95,2003,48,4.21,38.99
38544,Historical,147975,0,0,S,12,1,951990,245.95,2004,49,5.28,43.94
38546,Historical,1480491,0,0,S,0,0,463177,21.95,2013,25,39.2,17.22
38551,Historical,1482631,0,0,S,8,1,1105379,138,2010,22,113.96,117.27
38552,Historical,148297,0,0,S,2,1,1262467,384.95,2005,35,4.94,31.47
38554,Historical,1484711,0,0,S,4,1,38350,16,2012,49,8.83,9.96
38565,Historical,1497627,0,0,S,2,1,638168,39.99,2014,47,24.63,23.06
38567,Historical,1498511,0,0,S,4,1,3275,19.99,2014,30,0,11.98
38578,Historical,1517107,0,0,S,12,1,564175,61,2012,21,23.99,7.86
38586,Historical,1517763,0,0,S,9,1,227325,39.99,2014,18,25.53,26.81
38590,Historical,1521055,0,0,S,0,0,295312,23.47,2010,42,0,13.54
38591,Historical,1521175,0,0,S,0,0,181826,16.48,2011,14,0,15.97
38592,Historical,152151,0,0,S,2,1,1810861,139,2004,17,30.07,20.29
38594,Historical,1523537,0,0,S,0,0,51654,9.99,2013,164,0,8.18
38597,Historical,152691,0,0,S,0,0,607335,169,2001,27,171.64,24.27
38598,Historical,152728,0,0,S,2,1,2934336,74.95,2002,22,61.44,43.23
38602,Historical,1535566,0,0,S,4,1,13329,19.95,2014,23,0,15.45
38605,Historical,154071,0,0,S,7,1,2941361,63.9,2000,25,0,37.97
38620,Historical,1565965,0,0,S,4,1,3619,21.99,2014,36,11.62,12.36
38631,Historical,157584,0,0,S,2,1,72081,44.95,2010,41,27.58,34.88
38636,Historical,157842,0,0,S,2,1,890855,51.95,1995,21,32.97,36.99
38637,Historical,157874,0,0,S,0,0,555058,55.95,1999,26,0,39.76
38644,Historical,1588984,0,0,S,5,1,158116,34.99,2007,19,0,34.96
38647,Historical,1590013,0,0,S,4,1,618242,34.99,2009,26,22.18,28.97
38654,Historical,1615778,0,0,S,4,1,1113911,59.99,2007,21,10.95,56.19
38657,Historical,162062,0,0,S,2,1,706860,85,2007,16,0,66.04
38660,Historical,162321,0,0,S,1,0,950143,50,2008,23,0,19.43
38664,Historical,1625253,0,0,S,7,1,131708,39.99,2014,19,0,24.47
38668,Historical,162689,0,0,S,3,1,36510,40,2011,40,11.54,25.98
38669,Historical,162699,0,0,S,2,1,128214,38,2010,25,20.99,26.11
38672,Historical,162856,0,0,S,4,1,66558,34.95,2009,38,13.97,22.68
38674,Historical,163037,0,0,S,4,1,13330,27.95,2010,35,15.01,15.21
38677,Historical,163106,0,0,S,3,1,130219,49.99,2010,31,23.98,23.97
38678,Historical,163122,0,0,S,3,1,33903,24.95,2011,30,11.78,15.64
38680,Historical,163200,0,0,S,2,1,182377,80,2009,41,0,0
38688,Historical,1639780,0,0,S,3,1,7322,14.95,2015,39,11.94,8.41
38690,Historical,1642256,0,0,S,0,0,35942,79.95,2007,100,0,45.03
38691,Historical,164254,0,0,S,1,0,368387,114.04,2003,77,0,61.83
38694,Historical,1645786,0,0,S,2,1,903464,50,2009,34,0,33.89
38695,Historical,164588,0,0,S,2,1,1121065,38.88,2003,39,6.14,35.92
38696,Historical,164590,0,0,S,1,0,1060723,89.95,2004,30,0,0
38697,Historical,164618,0,0,S,3,1,2386818,183,2003,27,25.26,21.98
38700,Historical,164639,0,0,S,6,1,863319,68.42,2002,23,0,0
38702,Historical,165205,0,0,S,3,1,1498805,95,2000,41,3.99,20.28
38703,Historical,165248,0,0,S,2,1,1159026,31.95,2000,44,6.97,14.71
38706,Historical,1654802,0,0,S,0,0,186193,7.99,2012,32,29.51,7
38708,Historical,165652,0,0,S,2,1,5214,24.95,2003,39,0,15.86
38713,Historical,165759,0,0,S,2,1,441431,86.5,2003,38,4.04,28.44
38716,Historical,165934,0,0,S,2,1,2258070,0,2005,24,4.8,39.61
38717,Historical,1661030,0,0,S,2,1,91508,22.95,2008,135,0,10.83
38718,Historical,166380,0,0,S,1,0,1005316,120,2004,29,0,0
38719,Historical,166450,0,0,S,3,1,294643,50,2005,26,0,0
38724,Historical,1672471,0,0,S,3,1,453027,16.99,2010,93,9.63,6.98
38728,Historical,1680082,0,0,S,4,1,184338,36,2012,8,28.99,35.49
38734,Historical,168808,0,0,S,0,0,1831634,42.95,2005,21,0,26.17
38748,Historical,1696739,0,0,S,14,1,211750,83.95,2014,12,0,77.49
38749,Historical,1696980,0,0,S,0,0,4360,41.99,2015,29,28.06,20.55
38754,Historical,1716670,0,0,S,9,1,246068,35,2010,21,0,23.22
38762,Historical,172029,0,0,S,3,1,26772,29.95,2003,43,0,23.52
38763,Historical,172088,0,0,S,1,0,21898,29.95,2004,105,0,14.99
38764,Historical,1723394,0,0,S,3,1,56277,12.99,2012,4,0,14.92
38779,Historical,173859,0,0,S,2,1,38397,34.99,2004,56,14.15,21.02
38783,Historical,174063,0,0,S,0,0,527979,43.5,1996,21,0,31.46
38785,Historical,174538,0,0,S,3,1,614385,105,2002,20,0,0
38788,Historical,174646,0,0,S,4,1,668157,64.99,2000,31,0,45.42
38789,Historical,174726,0,0,S,0,0,1505886,44.99,2003,25,0,44.88
38792,Historical,175039,0,0,S,3,1,31403,34.99,2011,64,16.73,22.43
38793,Historical,175070,0,0,S,2,1,273953,29.99,2008,73,11.62,20.96
38802,Historical,176603,0,0,S,3,1,933177,180.95,1998,38,4,41.71
38803,Historical,176650,0,0,S,1,0,946677,152.95,1997,38,0,0
38804,Historical,176651,0,0,S,1,0,1639992,166.95,2001,46,0,46.27
38806,Historical,176740,0,0,S,1,0,690852,301.95,2003,43,0,33.97
38810,Historical,177028,0,0,S,3,1,1202718,126.95,2003,42,0,0
38811,Historical,177036,0,0,S,6,1,2281966,222.95,2004,34,4,39.13
38816,Historical,177365,0,0,S,3,1,194980,177.95,2000,46,3.69,11.99
38817,Historical,177372,0,0,S,2,1,2282608,147.95,2001,32,4.52,24.59
38818,Historical,177402,0,0,S,6,1,482367,181.95,2002,42,0,0
38824,Historical,1777985,0,0,S,2,1,89705,19.99,2012,44,0,6.96
38844,Historical,1780405,0,0,S,4,1,329303,17.83,2013,6,20.36,16.19
38852,Historical,1780882,0,0,S,10,1,974320,40,2014,12,0,22.35
38853,Historical,1780914,0,0,S,5,1,28203,22.99,2014,22,11,15.05
38862,Historical,178590,0,0,S,7,1,2508113,87.95,2002,26,0,52.12
38864,Historical,178603,0,0,S,8,1,1946788,76.95,2005,46,0,9.25
38867,Historical,178767,0,0,S,7,1,556362,44.95,1998,34,0,8.29
38874,Historical,181855,0,0,S,3,1,112055,39.95,2005,72,0,24.87
38877,Historical,1822317,0,0,S,13,1,80464,52.85,2013,9,0,50.18
38879,Historical,1822661,0,0,S,25,1,929094,27.93,2015,9,0,19.94
38881,Historical,1822989,0,0,S,0,0,804316,0,2012,10,0,83.99
38883,Historical,182522,0,0,S,1,0,513097,210.95,2003,20,0,36.51
38887,Historical,182792,0,0,S,2,1,791917,61.95,2004,54,4.38,35.95
38890,Historical,183166,0,0,S,1,0,1667893,246.95,2005,19,5.99,37.99
38891,Historical,183232,0,0,S,2,1,1846113,260.95,2005,58,4,8.64
38892,Historical,183348,0,0,S,1,0,712153,21.95,2006,83,0,11.98
38893,Historical,183426,0,0,S,7,1,737689,142.76,2006,33,0,0
38894,Historical,1839852,0,0,S,6,1,710428,54.95,2008,22,32.14,33.01
38899,Historical,184287,0,0,S,2,1,94272,56.95,1998,33,17.09,41.97
38900,Historical,184301,0,0,S,2,1,207689,39.95,1997,28,6.24,31.29
38901,Historical,184417,0,0,S,2,1,1429650,66.95,2001,20,0,32.66
38902,Historical,184492,0,0,S,0,0,479831,63.95,2005,20,0,39.1
38905,Historical,184904,0,0,S,4,1,59970,35,2009,69,16.17,18.82
38906,Historical,185113,0,0,S,5,1,1116202,331.95,1996,44,4.38,41.13
38910,Historical,1855490,0,0,S,10,1,144488,29.99,2014,10,0,21.66
38919,Historical,1872530,0,0,S,0,0,595834,39.99,2007,7,25.58,26.44
38921,Historical,1877352,0,0,S,4,1,12052,12.99,2014,29,7.99,7.86
38929,Historical,190471,0,0,S,3,1,674471,30.34,2003,28,4,96.26
38930,Historical,1908379,0,0,S,17,1,161437,16.99,2014,40,0,11.25
38933,Historical,1918285,0,0,S,14,1,38030,37.99,2014,17,28.17,16.62
38939,Historical,192722,0,0,S,2,1,403886,53.95,1997,56,4,47.43
38947,Historical,1932915,0,0,S,0,0,18797,14.99,2015,5,42.01,21.31
38949,Historical,1935430,0,0,S,3,1,17388,21.95,2013,28,12.5,15.03
38951,Historical,1935487,0,0,S,2,1,76587,39,2015,14,36.99,22.35
38957,Historical,193838,0,0,S,2,1,1397985,59.99,2005,92,0,9.87
38960,Historical,194062,0,0,S,0,0,775084,42,2003,39,0,22.18
38966,Historical,1942216,0,0,S,4,1,56260,36.95,2012,37,16.88,23.98
38970,Historical,1942264,0,0,S,4,1,312697,36.95,2013,24,22.92,23.04
38977,Historical,1946682,0,0,S,6,1,334761,56.25,2014,9,0,47.59
38979,Historical,195278,0,0,S,5,1,8639,35,2003,89,17.02,13.98
38980,Historical,195280,0,0,S,1,0,630315,75,2003,17,0,38.99
38987,Historical,1964833,0,0,S,3,1,117731,16.99,2014,12,0,46.71
38990,Historical,196731,0,0,S,6,1,235956,49.95,2007,17,7.32,24.19
38999,Historical,198919,0,0,S,1,0,1157736,100,1998,31,0,31.18
39000,Historical,198958,0,0,S,0,0,216217,70,1998,43,0,39.97
39007,Historical,1990332,0,0,S,6,1,7276,14.99,2015,51,0,11.91
39008,Historical,199078,0,0,S,6,1,848627,152,2002,36,0,0
39014,Historical,199634,0,0,S,2,1,906735,64,2001,12,0,26.74
39020,Historical,200430,0,0,S,2,1,114210,60.95,2009,26,40.06,52.13
39022,Historical,2004615,0,0,S,3,1,563916,49.95,2007,53,12.71,22.89
39030,Historical,201531,0,0,S,3,1,1308067,80,2005,22,4.92,39.88
39032,Historical,201803,0,0,S,4,1,1424514,158,2010,24,24.99,82.35
39036,Historical,202167,0,0,S,1,0,205208,98.95,1999,34,0,14.31
39037,Historical,202211,0,0,S,4,1,1232796,360.95,2001,47,4,9.86
39040,Historical,202343,0,0,S,2,1,2367930,295.95,2002,51,3.99,6.87
39053,Historical,203398,0,0,S,2,1,1431651,66.99,2001,36,4,20.99
39054,Historical,2036922,0,0,S,1,0,398081,93.28,2009,22,0,88.67
39056,Historical,2039718,0,0,S,1,0,1101507,20.6,2006,15,44.99,19.2
39059,Historical,2048334,0,0,S,8,1,4445,29.95,2010,47,21.96,22.74
39060,Historical,2049507,0,0,S,0,0,46344,14.95,2012,28,37.21,10.8
39065,Historical,205693,0,0,S,3,1,1010733,98,1999,21,5.18,71.03
39067,Historical,205753,0,0,S,1,0,124174,34,2001,67,0,16.99
39073,Historical,206173,0,0,S,2,1,150874,30,2009,49,17.68,19.89
39074,Historical,2061963,0,0,S,0,0,30983,6.99,2011,20,20.7,6.29
39077,Historical,206776,0,0,S,8,1,112137,39.99,2006,42,7.11,19.74
39080,Historical,2076628,0,0,S,1,0,602351,25,2010,26,0,23.95
39096,Historical,2084512,0,0,S,8,1,357023,19.99,2013,28,0,16.2
39099,Historical,2084774,0,0,S,2,1,408217,34.95,2014,15,0,34.95
39108,Historical,2089414,0,0,S,2,1,129684,32.99,2014,16,28,32.97
39111,Historical,2090728,0,0,S,0,0,97295,3.95,2013,22,8.5,3.95
39127,Historical,2107234,0,0,S,0,0,825975,62.99,2014,2,0,43.3
39128,Historical,2108761,0,0,S,4,1,41457,21.99,2013,17,0,14.66
39129,Historical,212491,0,0,S,3,1,1771655,35.6,2004,17,8.99,18.7
39131,Historical,212897,0,0,S,3,1,778514,115,2001,72,34.84,75.41
39133,Historical,213055,0,0,S,2,1,1228221,45.95,2003,24,8.98,33.52
39134,Historical,213115,0,0,S,2,1,1409238,51.95,2004,27,6.39,46
39136,Historical,213267,0,0,S,4,1,270156,53.95,2007,18,26.29,41.97
39139,Historical,2140503,0,0,S,3,1,290079,39.95,2013,5,33.36,29.2
39140,Historical,2143103,0,0,S,5,1,1743,14.95,2014,32,0,9.98
39148,Historical,2163861,0,0,S,8,1,3462,16.95,2014,25,20.94,15.04
39152,Historical,2170112,0,0,S,6,1,270764,26,2014,35,0,18.3
39153,Historical,2170114,0,0,S,6,1,56368,26,2014,23,0,18.51
39154,Historical,217291,0,0,S,3,1,1030670,42,2008,25,12,11.1
39162,Historical,218677,0,0,S,4,1,3089629,72,1999,53,6.98,9.99
39165,Historical,219602,0,0,S,3,1,2634,25.99,2010,62,14.91,18.53
39178,Historical,221919,0,0,S,4,1,1280615,71.95,1999,47,0,44.99
39185,Historical,224362,0,0,S,2,1,426297,177.95,2004,32,101.5,39.98
39188,Historical,224577,0,0,S,1,0,961788,138.6,2000,21,0,0
39189,Historical,2248549,0,0,S,8,1,295308,83.32,2007,39,0,41.63
39190,Historical,2251323,0,0,S,6,1,219106,73.99,2007,38,0,60.32
39191,Historical,2257370,0,0,S,3,1,138867,68.92,2008,9,0,56.62
39192,Historical,2258682,0,0,S,0,0,230118,18.39,2006,78,14.61,12.99
39193,Historical,2263204,0,0,S,11,1,512646,118.17,2011,16,0,104.25
39194,Historical,2264009,0,0,S,10,1,489101,100.1,2010,16,0,68.99
39195,Historical,2264494,0,0,S,2,1,430551,38.79,2009,36,0,41.31
39196,Historical,2265103,0,0,S,4,1,1205123,59.26,2012,13,0,62.59
39197,Historical,2265516,0,0,S,3,1,120235,55.26,2011,46,0,45.79
39198,Historical,2271373,0,0,S,3,1,1069056,68.09,2012,33,0,57.04
39201,Historical,2282318,0,0,S,5,1,474350,63.83,2009,20,0,60.99
39205,Historical,2302122,0,0,S,5,1,1436826,64.12,2004,28,21.49,109.06
39207,Historical,230613,0,0,S,1,0,1243077,47.95,1996,82,0,6.99
39208,Historical,2308903,0,0,S,2,1,2791240,182,1999,22,15.55,55.11
39209,Historical,231177,0,0,S,4,1,23330,39.99,2013,126,11.5,16.49
39210,Historical,231311,0,0,S,2,1,1113446,44.95,2002,40,0,32.96
39212,Historical,2313958,0,0,S,5,1,2840366,94.74,1989,25,6.03,45.47
39213,Historical,2313962,0,0,S,0,0,727182,149,1995,18,5.49,114.11
39215,Historical,2327307,0,0,S,5,1,197061,47.6,1987,16,5.23,130.01
39219,Historical,232790,0,0,S,4,1,142788,30.95,2007,29,0,0
39222,Historical,232964,0,0,S,4,1,401147,54.95,2003,18,0,53.57
39223,Historical,2330787,0,0,S,3,1,2926373,2432.64,1983,14,94.78,78.75
39224,Historical,2331134,0,0,S,2,1,242262,101.49,1973,28,25.94,63
39226,Historical,2333336,0,0,S,3,1,2135905,62.85,1995,35,5.17,33.49
39227,Historical,233383,0,0,S,3,1,34362,77.5,2010,44,40.98,53.58
39229,Historical,2335583,0,0,S,2,1,1714497,55,1996,20,4.77,56.49
39231,Historical,2337672,0,0,S,2,1,2967126,89.95,1996,19,31.99,82.54
39237,Historical,2348807,0,0,S,1,0,1052891,76,2000,19,0,66.93
39238,Historical,2350787,0,0,S,2,1,509150,41.95,2005,22,0,18.94
39240,Historical,2353852,0,0,S,4,1,402387,135,2005,22,9.93,51.87
39243,Historical,2360072,0,0,S,4,1,429732,49.99,1993,22,4,53.71
39244,Historical,2367721,0,0,S,3,1,2597650,88.8,1992,32,4.97,16.62
39246,Historical,2371382,0,0,S,2,1,740155,260,1979,22,4.35,42.95
39250,Historical,2374940,0,0,S,6,1,1325359,118,2004,60,0,28.99
39256,Historical,2385144,0,0,S,2,1,370935,131.6,1991,43,3.99,51.83
39257,Historical,2388419,0,0,S,5,1,1760999,61.8,1992,27,0,51.53
39263,Historical,2396526,0,0,S,0,0,734724,40.05,2003,53,0,6.99
39264,Historical,2399376,0,0,S,3,1,319649,76.95,1986,19,0,82.27
39267,Historical,2404758,0,0,S,0,0,614890,49.95,1987,31,21.96,44.32
39268,Historical,2404773,0,0,S,1,0,376517,45,1988,29,0,48.21
39269,Historical,2405107,0,0,S,1,0,607927,99,1991,66,0,25.88
39270,Historical,2405473,0,0,S,0,0,745501,49.95,1994,67,0,26.47
39271,Historical,2405862,0,0,S,3,1,2199568,55,1992,19,4,58.87
39272,Historical,2406152,0,0,S,2,1,1597779,45,1993,21,15.05,81.67
39273,Historical,2406221,0,0,S,0,0,1225150,49.95,1991,17,0,33.99
39274,Historical,2406751,0,0,S,1,0,414358,60,1993,17,0,33.07
39276,Historical,2407036,0,0,S,1,0,1414127,105,1995,26,35.68,97.64
39277,Historical,2407257,0,0,S,4,1,1150491,55,1993,32,0,16.71
39284,Historical,2415918,0,0,S,2,1,1493146,45,1995,15,41.28,73.21
39285,Historical,2418393,0,0,S,1,0,819470,65,2001,16,0,44.24
39286,Historical,2421196,0,0,S,0,0,1558209,47.3,1966,28,24.36,86.96
39287,Historical,2422672,0,0,S,1,0,108182,50.95,1989,29,0,14.99
39289,Historical,2426437,0,0,S,1,0,1197804,62.99,1990,50,0,9.09
39290,Historical,2426494,0,0,S,2,1,2023387,49.99,1999,35,7.19,15.1
39292,Historical,2431113,0,0,S,2,1,1335611,114.4,1990,17,0,44.48
39296,Historical,2435694,0,0,S,0,0,1030186,24,2003,20,57.35,22
39299,Historical,243791,0,0,S,3,1,229425,29.95,2011,69,8.56,13.5
39302,Historical,243975,0,0,S,3,1,792875,90.95,2011,25,0,0
39304,Historical,2442906,0,0,S,2,1,2566187,129,2000,25,86.64,30.97
39306,Historical,2444782,0,0,S,10,1,113858,39.99,1995,68,8.52,34.84
39307,Historical,244952,0,0,S,10,1,756529,91.95,2003,52,4,13.99
39308,Historical,245006,0,0,S,1,0,1224406,287.95,2003,51,3,11.82
39309,Historical,245846,0,0,S,2,1,429932,24.95,2003,25,16.07,63.23
39312,Historical,246456,0,0,S,1,0,16810,32.95,2009,44,0,0
39316,Historical,2471420,0,0,S,3,1,3791740,24.5,1996,22,9.23,8.98
39318,Historical,247498,0,0,S,2,1,378798,49,2007,14,34.38,41.16
39321,Historical,248309,0,0,S,3,1,533161,54.95,2005,65,0,0
39322,Historical,2487168,0,0,S,2,1,2903209,67.95,1995,16,0,149.1
39323,Historical,2490564,0,0,S,2,1,2262995,53.98,1999,22,12.16,33.99
39330,Historical,250147,0,0,S,2,1,2061616,141.95,2005,36,4.19,9.98
39331,Historical,2502559,0,0,S,2,1,1033333,84.95,1996,39,28.99,30
39332,Historical,2502616,0,0,S,2,1,1990213,189,1987,28,213.28,52.75
39333,Historical,2502702,0,0,S,2,1,3013228,99,1997,23,0,75.22
39334,Historical,2502842,0,0,S,0,0,1375132,119,2000,26,0,37.98
39335,Historical,2502852,0,0,S,2,1,1669758,159,1997,20,0,92.22
39336,Historical,2502865,0,0,S,2,1,1712517,84.95,1997,27,91.35,48.63
39337,Historical,2504356,0,0,S,1,0,1217388,65,1983,25,4.96,73.61
39339,Historical,2512116,0,0,S,2,1,619544,32.25,1996,47,0,15.98
39341,Historical,2512513,0,0,S,3,1,766662,129.95,1990,17,4,40.44
39346,Historical,2528706,0,0,S,2,1,1673910,51.95,1992,17,0,41.84
39347,Historical,2531141,0,0,S,0,0,1368319,49.95,1995,24,0,41.3
39348,Historical,2531844,0,0,S,2,1,2210501,49.95,1995,16,5.63,48.94
39349,Historical,2532718,0,0,S,0,0,705550,47.95,1996,39,0,36.41
39350,Historical,2533071,0,0,S,0,0,1409032,87.95,2003,25,21.77,60.28
39351,Historical,2535236,0,0,S,1,0,1063646,49.95,2000,29,0,42.96
39352,Historical,2535302,0,0,S,0,0,589362,40.95,1998,28,0,37.43
39353,Historical,2538599,0,0,S,2,1,128213,36.95,2002,29,0,29.67
39354,Historical,2540843,0,0,S,2,1,676297,31.95,2002,20,28.23,27.24
39356,Historical,2541874,0,0,S,0,0,309285,24.95,2004,21,98.63,15.67
39357,Historical,254334,0,0,S,3,1,5018,15.95,2010,85,7.83,11.38
39358,Historical,2543628,0,0,S,2,1,1038720,34.95,2005,22,25.13,28.3
39363,Historical,2545860,0,0,S,0,0,1031108,47.95,2003,36,0,8.99
39365,Historical,2549467,0,0,S,6,1,1403764,66.95,1995,31,6.97,51.43
39366,Historical,2556215,0,0,S,1,0,1703196,193.64,1962,19,33.04,95.26
39367,Historical,2560414,0,0,S,3,1,3926317,115,1982,18,21.45,67.97
39371,Historical,2565385,0,0,S,2,1,524525,65,1998,58,4,34.99
39375,Historical,2573577,0,0,S,8,1,1799804,204.95,1990,41,5.53,125.75
39376,Historical,2578029,0,0,S,2,1,1821342,273.75,1985,25,9.98,92.36
39381,Historical,2584999,0,0,S,15,1,287500,14.99,1988,199,13.78,43.47
39383,Historical,2588418,0,0,S,3,1,2367161,100.75,1971,13,50.13,94.02
39384,Historical,2588830,0,0,S,0,0,207557,49.99,1993,32,0,39.29
39385,Historical,2589218,0,0,S,0,0,976797,49.99,1975,33,0,23.77
39386,Historical,2591843,0,0,S,0,0,1931892,120,1986,38,78.94,68.21
39387,Historical,259207,0,0,S,2,1,1613277,59.95,1996,16,4,0
39388,Historical,2592976,0,0,S,1,0,870690,54.99,1979,37,0,38.11
39389,Historical,2594116,0,0,S,1,0,1816486,125,1985,28,0,70.77
39390,Historical,2596794,0,0,S,2,1,1558988,74.99,1989,34,4.84,26.07
39391,Historical,2596796,0,0,S,2,1,929989,34.99,1989,25,9.8,24.48
39393,Historical,2597235,0,0,S,0,0,589174,54.99,1994,37,0,14.99
39398,Historical,2600271,0,0,S,2,1,427299,39.99,1993,35,4.01,28.94
39400,Historical,2601584,0,0,S,2,1,1625843,89.99,1994,25,28.83,77.7
39401,Historical,2602524,0,0,S,2,1,197200,39.99,1996,37,4.43,16.17
39402,Historical,2606066,0,0,S,0,0,1312919,49.99,2001,18,0,45.67
39403,Historical,2607484,0,0,S,3,1,1290558,52.5,2004,24,0,17.5
39404,Historical,2608720,0,0,S,2,1,1941067,60,1998,19,9.16,40.68
39409,Historical,2613719,0,0,S,1,0,684511,89.99,2002,34,9.62,30.63
39410,Historical,261443,0,0,S,1,0,119182,39,2003,35,0,26.74
39413,Historical,2620943,0,0,S,4,1,190037,188.95,2001,34,4.61,72.1
39414,Historical,2626259,0,0,S,17,1,2332482,77.5,1993,56,5.29,49.51
39415,Historical,262635,0,0,S,4,1,589134,54.95,2003,17,0,0
39417,Historical,262771,0,0,S,5,1,524286,45.95,2009,23,0,0
39419,Historical,2635251,0,0,S,2,1,985134,49.99,2001,64,4,13.8
39421,Historical,2635511,0,0,S,2,1,2170936,59.99,2003,34,4,18.98
39422,Historical,2635534,0,0,S,3,1,332943,44.95,2003,61,4,9.99
39423,Historical,2635578,0,0,S,2,1,264781,44.95,2004,51,4,5.84
39426,Historical,2642105,0,0,S,4,1,2045861,92.95,2005,37,0,7.74
39427,Historical,264215,0,0,S,3,1,259121,42.95,2003,19,8.96,47.24
39429,Historical,2647024,0,0,S,2,1,658256,77.95,1992,21,0,39.62
39431,Historical,2647590,0,0,S,1,0,697873,55.95,1993,29,0,36.07
39432,Historical,2647607,0,0,S,0,0,382695,62.95,1993,24,0,29.36
39433,Historical,2647801,0,0,S,2,1,1726034,38.95,1996,29,5.19,16.94
39439,Historical,2649001,0,0,S,2,1,1333790,55.95,2002,38,0,35.62
39441,Historical,2649413,0,0,S,2,1,151649,75.95,2002,18,0,40.99
39442,Historical,2649419,0,0,S,0,0,244590,46.95,2001,17,26.42,41.71
39443,Historical,2649491,0,0,S,2,1,655089,65.95,1991,35,59.94,31.59
39444,Historical,2649528,0,0,S,1,0,1458284,56.95,2004,21,0,33.85
39445,Historical,2649634,0,0,S,1,0,1266342,60.95,2005,15,0,43.95
39446,Historical,2649677,0,0,S,1,0,165103,56.95,2003,24,0,41.48
39447,Historical,2654776,0,0,S,11,1,2272156,92.36,1998,30,4.46,14.88
39450,Historical,265727,0,0,S,6,1,2037742,39.95,2003,70,0,4.99
39451,Historical,265728,0,0,S,2,1,2267291,59.95,2003,26,0,15.99
39453,Historical,265815,0,0,S,2,1,51215,39.99,2002,57,0,0
39454,Historical,2658335,0,0,S,2,1,1305749,45,1995,17,0,89.17
39455,Historical,2660372,0,0,S,0,0,973077,72.25,1996,55,0,28.98
39456,Historical,2660455,0,0,S,6,1,222027,229.2,1997,60,0,37.47
39464,Historical,2667495,0,0,S,0,0,1449397,72,1988,25,0,36.98
39465,Historical,266858,0,0,S,2,1,795613,59.99,2005,30,4.47,8.74
39466,Historical,266864,0,0,S,2,1,1216069,54.99,2005,30,0,26.39
39467,Historical,2670644,0,0,S,2,1,1257994,100.5,1997,30,138.39,50.11
39468,Historical,2671080,0,0,S,3,1,2352648,107.95,1995,36,4.97,30.62
39469,Historical,2675705,0,0,S,2,1,1173945,83.18,1991,57,4.76,23.99
39471,Historical,267812,0,0,S,2,1,4409,30,2010,82,15.71,18.21
39473,Historical,2683663,0,0,S,3,1,1341456,19.95,2003,43,0,23.42
39477,Historical,269080,0,0,S,10,1,338028,19.95,2008,12,0,33.99
39478,Historical,2692038,0,0,S,1,0,367491,23,2004,41,19.93,18.86
39481,Historical,2696563,0,0,S,2,1,1974700,64.95,1993,14,33.51,80.24
39484,Historical,2699667,0,0,S,2,1,1015864,56.95,1998,26,5.31,51.15
39487,Historical,2703407,0,0,S,2,1,2079614,42.84,2004,29,5.28,32.98
39490,Historical,270920,0,0,S,2,1,424378,40,2010,54,27.97,22.87
39493,Historical,271181,0,0,S,4,1,329953,7.99,2003,61,9.93,9.59
39495,Historical,2722208,0,0,S,2,1,191616,93,2003,29,7.97,45.57
39496,Historical,2722228,0,0,S,2,1,1511270,58,2002,48,6.98,29
39498,Historical,2723070,0,0,S,1,0,768350,74,2002,19,0,36.75
39499,Historical,2723695,0,0,S,1,0,1675235,67,1999,35,0,41.61
39500,Historical,2737198,0,0,S,1,0,2375378,24.95,2003,73,3.47,4.55
39504,Historical,2752580,0,0,S,2,1,567927,44.99,2002,29,0,36.88
39507,Historical,2760401,0,0,S,1,0,543939,25,2003,49,22.38,13.51
39508,Historical,2761686,0,0,S,6,1,792481,49.99,2003,31,4.15,33.49
39509,Historical,2765218,0,0,S,2,1,653994,40,2001,23,0,27.3
39510,Historical,2765543,0,0,S,2,1,1450884,199,2000,28,0,46.59
39518,Historical,2770592,0,0,S,2,1,677417,39.99,1991,56,0,36.99
39523,Historical,278328,0,0,S,5,1,839149,95,2010,22,0,0
39530,Historical,2788677,0,0,S,0,0,707977,106,1995,51,0,58.49
39535,Historical,2814316,0,0,S,4,1,3061957,52,2002,24,8.9,44.21
39539,Historical,284511,0,0,S,6,1,764485,278.95,1997,21,3.99,79.05
39541,Historical,284992,0,0,S,4,1,2492438,399,2005,18,28.67,28.61
39550,Historical,286340,0,0,S,4,1,2418380,217,1996,19,0,21.99
39553,Historical,2866482,0,0,S,9,1,515327,49.99,2002,41,0,6.24
39556,Historical,286935,0,0,S,3,1,730034,242.25,2001,33,0,39.97
39557,Historical,286982,0,0,S,0,0,788022,99.95,2001,17,0,80.49
39559,Historical,287129,0,0,S,2,1,74218,49.95,2009,45,21.99,34.86
39560,Historical,287418,0,0,S,2,1,160174,36.95,2011,26,11.74,23.99
39562,Historical,2878533,0,0,S,2,1,2282804,129,2001,25,9.25,67.99
39563,Historical,288271,0,0,S,0,0,30046,23,2005,83,13.97,17.1
39564,Historical,289335,0,0,S,0,0,338315,39.95,1998,29,0,44.92
39571,Historical,290236,0,0,S,1,0,100870,35,2010,54,18.19,24.67
39573,Historical,291339,0,0,S,2,1,38011,22.99,2006,40,0,17.48
39576,Historical,291647,0,0,S,6,1,324323,181.95,2004,59,27.11,91
39578,Historical,293233,0,0,S,2,1,1193656,44.99,2004,90,0,5.71
39582,Historical,293931,0,0,S,1,0,40394,16.95,2003,91,0,9.4
39583,Historical,294341,0,0,S,2,1,724949,44,1995,29,0,23.76
39586,Historical,295030,0,0,S,2,1,2047788,49.95,2005,39,3.83,10.98
39587,Historical,2959899,0,0,S,7,1,1500706,32,2005,28,11.6,28.95
39590,Historical,298313,0,0,S,2,1,100665,38.95,2010,62,13.21,24
39591,Historical,298603,0,0,S,1,0,1053159,180.95,2007,89,0,33.71
39592,Historical,299534,0,0,S,2,1,9065,32,2007,94,18.96,37.91
39595,Historical,299976,0,0,S,2,1,1260262,65,2004,18,0,31.44
39606,Historical,3019281,0,0,S,4,1,288640,40,1999,35,25.16,23.69
39607,Historical,3019333,0,0,S,2,1,1179873,49.5,2005,21,0,33.99
39608,Historical,3026444,0,0,S,3,1,1698077,69.95,1999,17,0,8.93
39609,Historical,3033869,0,0,S,2,1,2335250,85,2003,26,12.56,28
39610,Historical,303461,0,0,S,2,1,3416652,240.95,1999,19,5.48,21.98
39614,Historical,3046260,0,0,S,7,1,1287276,60,1999,14,0,60
39618,Historical,3068563,0,0,S,5,1,1220357,49.95,2003,24,14.46,34.27
39620,Historical,3069753,0,0,S,3,1,2845726,150,2004,20,4.53,44.47
39626,Historical,308886,0,0,S,2,1,597614,93.57,2004,19,5.29,84.33
39631,Historical,3112999,0,0,S,1,0,1901254,250,2005,29,0,5.7
39633,Historical,3126141,0,0,S,1,0,1292937,29.95,2005,54,50.49,14.66
39634,Historical,313153,0,0,S,6,1,708465,163.6,2004,54,3.84,14.28
39637,Historical,3151350,0,0,S,2,1,2463889,74.95,2002,20,78.36,32.98
39638,Historical,315390,0,0,S,3,1,503254,321.6,1998,55,4.62,64.92
39639,Historical,317041,0,0,S,2,1,807935,321.6,1998,38,4,67.47
39641,Historical,321468,0,0,S,1,0,1006461,64.99,1998,54,0,8.85
39643,Historical,333748,0,0,S,2,1,3020350,89.99,1995,22,43.99,34.19
39644,Historical,336478,0,0,S,2,1,402910,41.95,2002,32,6.22,28.98
39645,Historical,337000,0,0,S,3,1,786228,51.95,2009,28,19.36,34.41
39646,Historical,341056,0,0,S,1,0,700341,125,2002,20,0,58.89
39648,Historical,341462,0,0,S,2,1,994055,63,1998,46,4.02,16.75
39651,Historical,344219,0,0,S,3,1,767099,24,2005,42,0,11.43
39652,Historical,357353,0,0,S,5,1,627956,135.95,1995,67,4,17.98
39653,Historical,361493,0,0,S,7,1,179283,98.83,2006,53,28.99,42.25
39654,Historical,362167,0,0,S,3,1,2412833,47.95,1999,22,4.58,39.45
39657,Historical,374065,0,0,S,2,1,1948713,85,2000,33,5.13,9.99
39659,Historical,376860,0,0,S,2,1,60342,18.95,2007,92,5.49,11.73
39660,Historical,379353,0,0,S,7,1,2228404,138.96,2005,21,0,10.98
39661,Historical,386602,0,0,S,5,1,1975406,65,1998,28,16.96,49.37
39664,Historical,395702,0,0,S,3,1,3061427,57.95,1999,18,4.35,18.99
39667,Historical,406992,0,0,S,5,1,1668564,162.95,2001,40,4.18,46.13
39668,Historical,411165,0,0,S,0,0,697705,53,2007,15,0,69.53
39669,Historical,415691,0,0,S,7,1,205704,95.5,2010,25,0,0
39670,Historical,417365,0,0,S,7,1,826612,159.25,2000,10,0,83.79
39671,Historical,420498,0,0,S,6,1,1755729,97.4,2003,28,5.48,67.51
39672,Historical,421692,0,0,S,11,1,919458,170.67,2006,20,0,0
39673,Historical,426121,0,0,S,1,0,225422,75,1998,46,0,8.97
39674,Historical,435032,0,0,S,7,1,254379,81.4,2011,51,10.93,21.72
39677,Historical,446715,0,0,S,4,1,298160,34.95,2009,31,20.51,23.63
39679,Historical,448179,0,0,S,1,0,707628,45,2002,74,0,6.99
39680,Historical,452832,0,0,S,8,1,532832,114.95,2010,23,6.61,23.98
39681,Historical,454515,0,0,S,2,1,1584480,195,2005,13,8.93,15.88
39682,Historical,456841,0,0,S,3,1,1531432,165.95,1998,29,4.83,45.74
39683,Historical,464125,0,0,S,5,1,632639,116.8,1997,58,5.09,51.98
39685,Historical,478866,0,0,S,4,1,362509,224.99,2010,17,25.88,69.6
39690,Historical,524963,0,0,S,2,1,1608,19.95,2011,91,12.31,13.4
39691,Historical,525045,0,0,S,2,1,189598,34,2011,34,5.86,25.99
39692,Historical,525117,0,0,S,5,1,61995,22.99,2012,14,0,0
39693,Historical,525333,0,0,S,2,1,5844,29.95,2011,93,21.05,17.97
39694,Historical,525583,0,0,S,5,1,1524926,70,2002,65,3.99,8.7
39695,Historical,525774,0,0,S,8,1,297185,37.95,2011,103,16,26.66
39697,Historical,526146,0,0,S,4,1,870371,39.95,2008,128,4.23,8.02
39698,Historical,526154,0,0,S,2,1,375491,49.95,2006,30,32.87,42.84
39700,Historical,526447,0,0,S,5,1,527981,39.99,2012,26,9.39,25.63
39702,Historical,526847,0,0,S,3,1,10814,29.99,2012,30,13.99,12.73
39703,Historical,526910,0,0,S,3,1,1423862,35.2,2010,34,4.04,35.99
39705,Historical,527295,0,0,S,7,1,12765,22.99,2012,64,8.48,8.98
39706,Historical,527400,0,0,S,2,1,51534,27.44,2008,27,0,20.04
39707,Historical,527461,0,0,S,2,1,250934,29.95,2009,15,14.52,25.92
39708,Historical,527471,0,0,S,6,1,645511,184.95,2005,46,6.83,45.32
39709,Historical,527978,0,0,S,5,1,50722,40,2012,82,0,24.28
39710,Historical,528060,0,0,S,2,1,531305,26.95,2007,29,13.6,20.75
39711,Historical,528084,0,0,S,4,1,1110299,46.95,2012,21,22.07,29.81
39712,Historical,528387,0,0,S,2,1,2414233,58.95,2003,30,4,53.85
39713,Historical,528409,0,0,S,5,1,504038,39.95,2012,25,31.47,30.81
39714,Historical,528564,0,0,S,4,1,661375,39.99,2010,39,9.86,12.97
39716,Historical,529313,0,0,S,0,0,609991,28.95,2011,84,20.24,6.77
39718,Historical,529434,0,0,S,2,1,1144183,42,2010,53,3.99,46.01
39720,Historical,529774,0,0,S,6,1,764931,67.99,2009,23,14.09,30.95
39721,Historical,529808,0,0,S,3,1,2131665,47.99,2003,33,4,10.98
39722,Historical,529969,0,0,S,1,0,1201735,95.75,2005,26,6.76,8.99
39723,Historical,530025,0,0,S,2,1,38959,40,2012,39,20.89,23.68
39724,Historical,530189,0,0,S,1,0,17744,32,2010,26,13.43,15.66
39725,Historical,531089,0,0,S,2,1,21224,29.95,2011,94,17.99,21.15
39726,Historical,531140,0,0,S,3,1,48029,29.95,2010,40,15.98,24.27
39727,Historical,531212,0,0,S,3,1,569474,17.99,2009,29,0,17.49
39728,Historical,531327,0,0,S,0,0,5864,40,2008,57,19,24.24
39729,Historical,531396,0,0,S,2,1,1212101,2707.22,2004,18,0,81.28
39730,Historical,531543,0,0,S,3,1,2006836,54.99,2003,33,4,13.94
39731,Historical,531553,0,0,S,3,1,13003,34.95,2011,39,26.34,25.94
39732,Historical,531763,0,0,S,4,1,273820,34.99,2012,59,8.98,24.53
39733,Historical,531773,0,0,S,2,1,44710,29.95,2011,45,21.7,16.64
39734,Historical,531932,0,0,S,2,1,94140,38.95,2011,25,10.74,23.93
39735,Historical,532411,0,0,S,2,1,1453776,48.99,2005,28,10.12,27.98
39736,Historical,532818,0,0,S,3,1,231675,28,2006,23,24.16,21
39737,Historical,532897,0,0,S,3,1,49845,19.99,2012,41,15.64,14.9
39739,Historical,533052,0,0,S,3,1,130851,39.99,2012,66,14.88,14.72
39740,Historical,533409,0,0,S,17,1,107419,22.99,2011,38,0,27.98
39741,Historical,534666,0,0,S,5,1,65131,37.95,2013,64,14.88,25.73
39742,Historical,534809,0,0,S,9,1,9814,18.99,2013,39,13.03,11.49
39743,Historical,535775,0,0,S,3,1,332439,29.99,2012,43,7.96,7.96
39744,Historical,535796,0,0,S,2,1,70364,18.95,2012,128,5.36,6.93
39745,Historical,535803,0,0,S,10,1,404753,65,2012,94,0,12.88
39746,Historical,535999,0,0,S,0,0,22401,75,2003,50,0,42.37
39747,Historical,536004,0,0,S,20,1,11490,24,2009,40,11.71,10.98
39748,Historical,536014,0,0,S,6,1,31687,38.95,2012,68,16.2,24.99
39749,Historical,536015,0,0,S,3,1,108997,28.95,2009,20,0,0
39750,Historical,536106,0,0,S,6,1,186910,30,2012,32,7.72,17.01
39751,Historical,536194,0,0,S,5,1,23650,24.95,2012,51,16.73,13.68
39752,Historical,536366,0,0,S,6,1,99005,36.95,2013,62,24.06,26.62
39753,Historical,536553,0,0,S,1,0,199495,39.99,2012,108,12.98,23.99
39754,Historical,537236,0,0,S,3,1,245448,39.99,2013,15,24.99,27.13
39755,Historical,537510,0,0,S,40,1,1127304,54.25,2012,25,8.03,16.94
39756,Historical,537712,0,0,S,5,1,12616,40,2013,32,11.94,22.58
39757,Historical,537720,0,0,S,4,1,46609,23,2012,41,10.09,12.78
39765,Historical,538262,0,0,S,4,1,27814,39,2012,66,29.98,23.87
39766,Historical,538284,0,0,S,2,1,12965,18,2012,65,6.49,12.48
39772,Historical,539871,0,0,S,4,1,605328,27.95,2011,18,17.82,26.57
39773,Historical,539932,0,0,S,3,1,105605,29.95,2012,31,26.94,13.46
39775,Historical,540039,0,0,S,5,1,1615,37.6,2008,132,13,19.02
39776,Historical,540505,0,0,S,3,1,1471384,69.99,2003,48,19.25,25.15
39779,Historical,540648,0,0,S,5,1,733955,32,2012,65,3.99,7.94
39781,Historical,541636,0,0,S,0,0,11676,19.99,2013,152,3.99,6.69
39783,Historical,541667,0,0,S,3,1,338138,23.75,2014,30,21.94,23.99
39784,Historical,541739,0,0,S,2,1,116434,35,2010,12,0,24.1
39785,Historical,541804,0,0,S,2,1,115049,32.95,2013,49,22.52,23.71
39787,Historical,541892,0,0,S,2,1,778588,80,2002,41,8.97,17.31
39791,Historical,542221,0,0,S,8,1,741399,289.95,2000,89,4,39.24
39792,Historical,542270,0,0,S,5,1,2352885,93.95,2010,16,77.62,39.98
39793,Historical,542369,0,0,S,2,1,1353929,119.95,2005,17,20.74,16.01
39795,Historical,542567,0,0,S,2,1,2152435,89.95,1997,17,8.18,48.97
39796,Historical,542636,0,0,S,7,1,261727,39,2013,18,22.41,26.98
39802,Historical,543417,0,0,S,3,1,137384,60,2011,31,38.04,29.19
39803,Historical,543565,0,0,S,7,1,24044,19.95,2012,34,0,16.84
39805,Historical,543972,0,0,S,6,1,519220,34.99,2013,22,9.94,9.96
39806,Historical,544031,0,0,S,2,1,41055,24.95,2013,24,11.25,14.98
39808,Historical,544128,0,0,S,1,0,110225,39.95,2012,45,23.47,27.66
39809,Historical,544131,0,0,S,7,1,158228,24.99,2013,39,13.99,15.26
39810,Historical,544230,0,0,S,2,1,373099,42.95,2012,24,29.93,33.92
39811,Historical,545409,0,0,S,2,1,904342,97,2010,11,0,56.23
39813,Historical,545685,0,0,S,4,1,204110,37.99,2012,40,19.75,15.83
39814,Historical,545734,0,0,S,9,1,20344,37.99,2013,72,27.74,31.99
39817,Historical,546390,0,0,S,2,1,1469099,49.95,2005,22,0,62.99
39818,Historical,546574,0,0,S,2,1,554640,34,2010,25,7.98,21.98
39820,Historical,546615,0,0,S,2,1,53073,39.95,2010,37,27.97,33.35
39821,Historical,546726,0,0,S,2,1,210778,34.95,2012,22,22.71,25.55
39825,Historical,547932,0,0,S,2,1,574594,210.95,1997,38,6.56,62.11
39826,Historical,548264,0,0,S,2,1,743983,221.95,1981,88,4,58.95
39827,Historical,548287,0,0,S,1,0,929563,137.1,2002,71,0,13.37
39828,Historical,548293,0,0,S,0,0,1123021,83.75,2001,54,0,20.83
39829,Historical,548316,0,0,S,4,1,808543,314.95,1988,36,4,42.48
39831,Historical,548390,0,0,S,2,1,962239,358.95,1994,57,5.87,38.54
39835,Historical,549779,0,0,S,4,1,402822,0,2002,30,10.37,121.42
39836,Historical,550407,0,0,S,7,1,516928,1270.3,2007,16,4.96,135.69
39838,Historical,551315,0,0,S,2,1,745972,9.48,2003,25,0,8.24
39839,Historical,551695,0,0,S,3,1,175526,64.4,2000,35,9.42,6.37
39840,Historical,551846,0,0,S,3,1,357765,120.6,2002,32,0,0
39842,Historical,551871,0,0,S,2,1,646562,192.4,2004,26,28.97,113.98
39844,Historical,552319,0,0,S,5,1,396106,66.91,2010,26,0,0
39847,Historical,552350,0,0,S,4,1,1405198,90.8,2004,28,3.99,32.58
39860,Historical,553780,0,0,S,11,1,296859,126.67,2009,72,0,5.96
39862,Historical,553874,0,0,S,2,1,358459,145,2000,38,0,0
39867,Historical,554694,0,0,S,7,1,700957,167.95,2002,24,0,0
39871,Historical,555250,0,0,S,1,0,22941,34.95,1989,103,0,0
39872,Historical,555293,0,0,S,0,0,1374014,70,1993,28,0,46.03
39873,Historical,555389,0,0,S,0,0,547530,70,1998,23,0,32.01
39874,Historical,555538,0,0,S,1,0,5091,19.95,2003,183,0,10.2
39875,Historical,555757,0,0,S,1,0,19530,15.95,2009,32,0,8.78
39878,Historical,55620,0,0,S,16,1,340092,28.31,2009,53,0,67.55
39880,Historical,556297,0,0,S,0,0,1025,19.95,2006,104,0,10.78
39883,Historical,557021,0,0,S,1,0,444143,191,1998,27,0,0
39887,Historical,557095,0,0,S,5,1,937492,101.6,1998,26,6.2,69.27
39889,Historical,557466,0,0,S,9,1,2019287,134.6,2009,66,8.99,5.99
39893,Historical,559509,0,0,S,2,1,2704743,139,2000,22,5.48,43.98
39894,Historical,559753,0,0,S,1,0,792281,94.95,1991,43,0,28.99
39895,Historical,559849,0,0,S,1,0,599978,53.5,2004,32,0,11.34
39897,Historical,560468,0,0,S,2,1,449895,38,2012,23,30.4,23.99
39899,Historical,560713,0,0,S,5,1,1237644,99,2000,55,13.13,27.71
39900,Historical,560801,0,0,S,3,1,1272139,59.99,2003,49,0,0
39914,Historical,562400,0,0,S,4,1,249625,44,2002,19,0,31.42
39916,Historical,563212,0,0,S,2,1,2056524,115,2002,29,0,42.29
39917,Historical,563237,0,0,S,2,1,1404601,99,1993,26,75.85,71.05
39919,Historical,563246,0,0,S,2,1,354634,74.95,1993,25,60.38,49.45
39925,Historical,56545,0,0,S,10,1,982630,96.19,2005,19,0,150.97
39930,Historical,566410,0,0,S,0,0,317720,212.32,1990,18,0,218.73
39933,Historical,566469,0,0,S,1,0,987560,203.95,1968,29,0,148.98
39938,Historical,56731,0,0,S,3,1,19167,29.95,2010,102,11.99,14.94
39939,Historical,567493,0,0,S,6,1,1339357,111.95,2007,19,73.95,45.43
39942,Historical,568699,0,0,S,2,1,943928,49.99,1994,42,66.77,22.99
39943,Historical,568953,0,0,S,0,0,1508894,54.99,2004,19,0,45.28
39944,Historical,56927,0,0,S,4,1,55060,39.95,2009,66,13.99,23.7
39945,Historical,569459,0,0,S,1,0,1242854,110.95,1994,40,0,41.91
39946,Historical,569503,0,0,S,2,1,1240822,73.95,1999,28,14.79,33.94
39948,Historical,570433,0,0,S,2,1,1563692,340.95,1990,69,4,15.49
39950,Historical,572063,0,0,S,1,0,653355,169.95,2003,62,0,8.39
39951,Historical,572207,0,0,S,8,1,2641032,128.76,2005,15,0,128.76
39952,Historical,572732,0,0,S,2,1,999896,153.95,1991,51,4,44.69
39955,Historical,573747,0,0,S,2,1,106274,39.95,1999,53,11.72,20.99
39964,Historical,575316,0,0,S,2,1,48842,33,2011,48,12.51,27.83
39966,Historical,576293,0,0,S,0,0,944746,118,1998,17,0,48.13
39967,Historical,576301,0,0,S,2,1,392852,79,2001,22,0,33.87
39968,Historical,576366,0,0,S,0,0,485187,44.95,2003,14,0,41.98
39969,Historical,576612,0,0,S,2,1,1357279,148.95,2005,48,0,32.3
39973,Historical,578086,0,0,S,0,0,1138796,229,1999,25,0,69.29
39976,Historical,582855,0,0,S,2,1,220018,39.95,1988,31,3.99,23.99
39977,Historical,582866,0,0,S,2,1,439040,44.95,1994,24,4,30.81
39978,Historical,582926,0,0,S,3,1,879296,93,2002,30,5.51,33.86
39980,Historical,583120,0,0,S,4,1,960873,105.75,2001,51,0,0
39981,Historical,58323,0,0,S,7,1,2166,16.99,2010,217,4.89,11.74
39984,Historical,587019,0,0,S,0,0,259102,0,2011,10,15.15,15.98
39995,Historical,593245,0,0,S,1,0,969086,163.95,2009,26,4.47,72.25
40001,Historical,594760,0,0,S,3,1,310721,39,2012,22,23.24,22.19
40004,Historical,595959,0,0,S,3,1,326693,59.95,2007,21,0,0
40005,Historical,597621,0,0,S,1,0,954087,42,2001,33,0,31.56
40006,Historical,597978,0,0,S,2,1,1802517,73.95,2007,24,90.13,73.94
40010,Historical,604902,0,0,S,3,1,651124,22,2006,30,17.97,6.99
40011,Historical,606674,0,0,S,5,1,369196,197.6,1992,46,0,91.22
40015,Historical,607547,0,0,S,10,1,1876063,69.95,2000,43,0,4.36
40016,Historical,608395,0,0,S,3,1,59830,21.99,2006,159,9.93,8.67
40017,Historical,608860,0,0,S,3,1,660940,39.99,2003,35,4,21.84
40018,Historical,609052,0,0,S,3,1,1313147,85,2002,40,13.55,45.47
40019,Historical,609775,0,0,S,3,1,799044,59.99,2004,31,0,0
40020,Historical,609991,0,0,S,6,1,2057,18.99,2014,69,11.21,10.49
40021,Historical,609995,0,0,S,4,1,101777,30,2011,52,9.05,15.32
40022,Historical,610054,0,0,S,7,1,377543,34.99,2011,31,0,46.75
40023,Historical,610626,0,0,S,1,0,3980,39.99,2014,32,0,23.98
40026,Historical,611910,0,0,S,3,1,448383,46,2013,13,30.14,33.04
40034,Historical,612624,0,0,S,2,1,39814,39.95,2013,18,30.97,31.97
40036,Historical,612683,0,0,S,8,1,53826,37.95,2013,21,27.54,27.76
40037,Historical,612738,0,0,S,2,1,22897,35,2014,52,24.68,25.81
40039,Historical,612886,0,0,S,14,1,1441685,46.95,2000,137,0,0
40040,Historical,612954,0,0,S,12,1,133742,37.5,1995,146,0,12.92
40041,Historical,613117,0,0,S,2,1,2833768,130,2004,62,4,16.87
40044,Historical,613683,0,0,S,0,0,1499947,84,2010,31,0,5.86
40048,Historical,613985,0,0,S,0,0,728747,118.27,1999,63,0,22.68
40052,Historical,614106,0,0,S,1,0,337672,93.32,1990,76,0,38.35
40064,Historical,615013,0,0,S,2,1,1264530,49,1997,39,5.43,28.92
40065,Historical,615057,0,0,S,3,1,1312808,32.89,2006,24,0,23.27
40068,Historical,615332,0,0,S,4,1,26092,34.95,2001,54,21.41,23.98
40073,Historical,615653,0,0,S,2,1,1029036,39.99,2001,50,3.99,15.66
40075,Historical,615975,0,0,S,2,1,865426,149.95,1997,35,5.36,40.97
40079,Historical,616129,0,0,S,1,0,1074972,350,1995,56,0,14.49
40082,Historical,616370,0,0,S,2,1,7163,34.99,2011,92,16.96,19.53
40084,Historical,616429,0,0,S,5,1,1204876,268.95,1990,67,4.2,44.15
40086,Historical,616535,0,0,S,4,1,384003,34.95,2011,37,18.34,33.98
40090,Historical,616779,0,0,S,2,1,434813,59.99,2001,45,4.43,26.97
40093,Historical,616840,0,0,S,6,1,981700,76.95,1986,46,6.48,24.65
40095,Historical,617054,0,0,S,1,0,164321,60,1993,52,0,15.15
40096,Historical,617190,0,0,S,2,1,2038719,60,2002,17,4,66.82
40100,Historical,617265,0,0,S,3,1,383389,81.99,1999,35,4.98,29.94
40106,Historical,617432,0,0,S,3,1,993225,70.99,2004,40,4,18.97
40114,Historical,617796,0,0,S,1,0,1059596,175.8,1996,48,53.98,52.97
40115,Historical,617825,0,0,S,1,0,1788322,178.95,1996,36,0,72.75
40118,Historical,617969,0,0,S,12,1,811927,45.6,2009,75,0,12.98
40119,Historical,618013,0,0,S,3,1,395534,45,2004,55,4,25.57
40124,Historical,618114,0,0,S,3,1,191323,116.6,1998,29,6.84,73.68
40125,Historical,618122,0,0,S,0,0,1020400,35,2003,41,0,17.49
40128,Historical,618256,0,0,S,3,1,346426,38,2010,51,8.3,13.99
40129,Historical,618264,0,0,S,1,0,23235,39.99,2010,114,13.73,18.53
40130,Historical,618331,0,0,S,5,1,738734,65.99,2001,25,4.14,27.49
40137,Historical,618663,0,0,S,2,1,1081099,271.95,1997,54,6.78,39.99
40146,Historical,619160,0,0,S,2,1,863776,42,1987,58,4,36.66
40147,Historical,619248,0,0,S,2,1,651331,76,2002,27,0,46.24
40149,Historical,619374,0,0,S,4,1,37511,39,2009,53,19.97,32.46
40151,Historical,619441,0,0,S,2,1,162459,110,2003,32,4,20.3
40157,Historical,619879,0,0,S,2,1,740465,102.6,2002,36,0,0
40162,Historical,620014,0,0,S,0,0,987040,32.75,2007,34,0,0
40163,Historical,620093,0,0,S,2,1,846437,64,2008,44,8.47,46.77
40164,Historical,620312,0,0,S,2,1,567850,27.48,2007,76,0,26.99
40166,Historical,620334,0,0,S,3,1,828947,113.95,2006,37,0,0
40167,Historical,620405,0,0,S,2,1,1210889,69.99,1998,41,4.38,27.49
40177,Historical,621025,0,0,S,5,1,856739,52,2003,43,7.64,20.93
40179,Historical,621284,0,0,S,13,1,381466,59.75,2012,33,0,5
40180,Historical,621317,0,0,S,0,0,139646,35,2011,45,0,21.78
40185,Historical,621751,0,0,S,2,1,238816,60,2003,30,4.41,7.26
40188,Historical,621822,0,0,S,3,1,847181,112,1999,42,4.6,45.25
40192,Historical,622067,0,0,S,2,1,1324658,72.2,2003,42,10.27,12.19
40199,Historical,622228,0,0,S,3,1,1507275,71.2,1999,31,7.83,53.54
40201,Historical,622262,0,0,S,2,1,743224,47,1995,32,6.87,66.28
40203,Historical,622456,0,0,S,2,1,1068383,35,2003,38,6.27,20.47
40204,Historical,622489,0,0,S,2,1,580057,110.95,1994,44,6.74,46.45
40207,Historical,622653,0,0,S,2,1,894045,59.95,2010,27,22.98,36.98
40218,Historical,623487,0,0,S,1,0,289321,137.95,2010,40,5.98,20.97
40226,Historical,623758,0,0,S,7,1,1332438,60.97,1995,17,0,79.61
40243,Historical,624503,0,0,S,3,1,6851,35,2002,145,17.5,16.99
40250,Historical,625256,0,0,S,4,1,85446,39.95,2010,20,24.84,25.65
40255,Historical,625428,0,0,S,2,1,332667,60,2004,22,11.2,27.74
40261,Historical,625877,0,0,S,4,1,534230,38.67,2009,16,6.9,20.94
40275,Historical,626779,0,0,S,2,1,1241421,49.99,2002,22,26.56,40.8
40276,Historical,627326,0,0,S,2,1,844910,90,2005,30,23.84,34.22
40278,Historical,627388,0,0,S,3,1,5148,22.25,2011,49,0,19.74
40291,Historical,628708,0,0,S,2,1,1062,32.95,2010,61,22.91,21.16
40295,Historical,628936,0,0,S,1,0,1004005,92.2,2002,41,7.25,27.75
40296,Historical,628941,0,0,S,4,1,270635,67.99,2002,26,8.77,21.59
40299,Historical,629127,0,0,S,3,1,63976,39,2012,48,12.24,22.98
40305,Historical,629950,0,0,S,1,0,179728,65,2011,22,13.08,23.82
40306,Historical,629978,0,0,S,5,1,970831,69.99,2007,17,0,43.95
40315,Historical,630284,0,0,S,2,1,1023754,52,2003,44,5.94,19.97
40322,Historical,630394,0,0,S,1,0,803704,44.95,1993,18,0,35.7
40328,Historical,630462,0,0,S,2,1,1063306,129.95,1994,22,6.98,71.79
40329,Historical,630547,0,0,S,8,1,228520,65.95,2012,21,23.61,23.61
40333,Historical,631164,0,0,S,4,1,1265483,244,1998,37,6.12,73.33
40336,Historical,631530,0,0,S,4,1,642665,39.95,2011,48,23.99,33.9
40344,Historical,632100,0,0,S,2,1,41420,34.99,2012,30,21.38,22.42
40350,Historical,632605,0,0,S,10,1,235522,35,2011,27,26.39,22.07
40358,Historical,633315,0,0,S,24,1,139813,34.95,2009,26,22.53,31.99
40361,Historical,633430,0,0,S,7,1,907059,128,2006,31,12.08,74.25
40372,Historical,633920,0,0,S,3,1,477527,173,2009,26,0,0
40375,Historical,634462,0,0,S,2,1,1252477,87,1999,41,21.58,43.95
40376,Historical,634481,0,0,S,0,0,240471,18.39,2005,19,13.74,19.17
40377,Historical,634495,0,0,S,9,1,588028,47.95,2000,21,0,44.91
40388,Historical,635428,0,0,S,2,1,751381,49.95,1997,25,35.98,123.22
40391,Historical,635447,0,0,S,3,1,2862680,89.95,1994,27,59.99,67.75
40393,Historical,635595,0,0,S,5,1,69097,36.95,2013,45,18.91,25.98
40406,Historical,637337,0,0,S,2,1,153811,44.99,2003,19,13.45,38.03
40410,Historical,637457,0,0,S,3,1,732438,225.95,1994,22,0,47
40419,Historical,638299,0,0,S,2,1,807839,64.95,2001,27,45.99,38.67
40420,Historical,638337,0,0,S,2,1,1137404,40.95,2003,33,7.9,30.79
40431,Historical,639441,0,0,S,3,1,1258704,42.95,2003,27,12.34,29.95
40433,Historical,639700,0,0,S,3,1,23193,32.95,2013,38,17.22,18.73
40434,Historical,639725,0,0,S,3,1,1251545,49.99,2013,28,5.52,20.76
40440,Historical,640500,0,0,S,2,1,368391,48.95,2008,36,19.42,31.81
40443,Historical,640875,0,0,S,2,1,1767627,56,1998,19,4.98,51.78
40451,Historical,641570,0,0,S,4,1,895302,46.95,2008,37,29.97,31.89
40455,Historical,641844,0,0,S,6,1,366548,160,1999,27,0,0
40457,Historical,641967,0,0,S,12,1,234508,53.88,2013,36,0,51.63
40458,Historical,641979,0,0,S,3,1,281963,34.95,2013,38,30.93,24.91
40460,Historical,642009,0,0,S,3,1,62018,16.31,2013,33,18.97,17.04
40470,Historical,644090,0,0,S,2,1,703757,40,2007,19,0,0
40471,Historical,644135,0,0,S,0,0,40881,36.95,2005,21,0,32.95
40472,Historical,644320,0,0,S,7,1,951518,13.99,1986,40,0,25.94
40475,Historical,644505,0,0,S,13,1,71281,39,2012,56,14.52,21.98
40482,Historical,644640,0,0,S,2,1,89979,32,2012,31,21.94,17.99
40489,Historical,645264,0,0,S,2,1,2366218,50.95,1997,26,133.19,44.48
40491,Historical,645923,0,0,S,3,1,404352,41.95,2005,16,28.5,37.51
40493,Historical,646438,0,0,S,4,1,478001,44.95,2009,22,4.59,52.81
40501,Historical,647019,0,0,S,3,1,615396,35,2012,23,22.94,27.95
40507,Historical,647361,0,0,S,1,0,960068,82.95,2010,17,42.69,41.99
40508,Historical,647377,0,0,S,2,1,113267,36.95,2010,25,28.32,34.6
40514,Historical,649101,0,0,S,0,0,585654,39,2008,45,28.89,28.92
40515,Historical,649159,0,0,S,3,1,16178,39.99,2007,44,18,23.46
40518,Historical,649606,0,0,S,2,1,42180,40,2013,29,25.46,29.44
40519,Historical,649675,0,0,S,5,1,34087,37.4,2012,34,17.99,30.42
40520,Historical,649712,0,0,S,6,1,327377,34.99,2012,30,18.05,22.98
40522,Historical,649834,0,0,S,3,1,88003,39.95,2012,83,16.99,29.53
40530,Historical,650375,0,0,S,6,1,191943,34.95,2013,28,24.99,15.04
40532,Historical,651843,0,0,S,3,1,803428,49,2009,15,16.92,49
40536,Historical,652124,0,0,S,0,0,863415,81,1998,17,0,35.55
40537,Historical,652222,0,0,S,1,0,1303177,105.93,2013,21,0,38.83
40539,Historical,652239,0,0,S,1,0,225637,107.27,2013,26,61.29,82.2
40547,Historical,652571,0,0,S,8,1,217491,34.99,2012,31,8.88,25.88
40552,Historical,653038,0,0,S,1,0,530023,35,2003,16,33.99,33.31
40558,Historical,654091,0,0,S,1,0,1546373,50.95,2004,16,0,40.26
40564,Historical,655244,0,0,S,1,0,416192,70,2013,29,0,53.45
40567,Historical,655421,0,0,S,2,1,581936,37,2012,31,25.78,23.89
40575,Historical,657692,0,0,S,1,0,1109490,54.99,2004,10,0,45.69
40577,Historical,657702,0,0,S,2,1,971541,32.95,2004,17,29.92,30.47
40581,Historical,657842,0,0,S,5,1,652356,44.99,2014,26,4.65,8.97
40582,Historical,657856,0,0,S,6,1,44879,32,2013,23,15.85,19.97
40598,Historical,660528,0,0,S,0,0,430167,47.95,2001,15,0,39.32
40605,Historical,660812,0,0,S,2,1,94944,39.99,2013,52,25.99,20.98
40606,Historical,660818,0,0,S,11,1,427095,65,2013,27,0,23.98
40607,Historical,660860,0,0,S,2,1,61396,34.99,2013,33,17.27,20.99
40608,Historical,660861,0,0,S,2,1,84602,39.99,2013,28,17.7,25.36
40609,Historical,660923,0,0,S,2,1,146791,39.95,2013,33,28.76,39.95
40615,Historical,662977,0,0,S,2,1,502782,53,2007,22,18.02,43.2
40616,Historical,663101,0,0,S,5,1,1091101,44.99,2014,17,9.5,27.99
40626,Historical,663715,0,0,S,8,1,20849,34.95,2013,34,24.41,23.99
40628,Historical,663837,0,0,S,0,0,66261,35,2013,21,0,23.15
40630,Historical,663954,0,0,S,3,1,1363696,48.95,2013,17,35.12,34.6
40634,Historical,664580,0,0,S,7,1,919322,49.99,2013,9,38.99,65.14
40635,Historical,664648,0,0,S,2,1,167064,38,2013,16,25.39,38
40637,Historical,665011,0,0,S,34,1,343544,49.95,2013,16,0,0
40648,Historical,667401,0,0,S,2,1,55866,39.99,2011,18,26.99,32.08
40656,Historical,669312,0,0,S,2,1,862888,125.4,2003,23,4.96,53.97
40658,Historical,669948,0,0,S,0,0,1038592,45,2002,23,36.04,28.31
40659,Historical,670469,0,0,S,0,0,154313,39.99,2005,14,0,64.98
40664,Historical,672840,0,0,S,8,1,9298,19.99,2012,17,0,0
40665,Historical,672970,0,0,S,2,1,11274,15,2013,23,10.05,11.11
40667,Historical,673293,0,0,S,8,1,707,18,2013,146,11.35,12.47
40668,Historical,673877,0,0,S,4,1,26366,26.95,2012,28,48.51,25.6
40669,Historical,675342,0,0,S,3,1,5608,29.95,2009,41,15.69,20.36
40670,Historical,676743,0,0,S,3,1,318614,24.95,2003,44,4.47,9.9
40671,Historical,677616,0,0,S,3,1,109800,28,2012,63,11.24,17.75
40672,Historical,678710,0,0,S,3,1,30142,24.99,2012,34,12.77,14.44
40673,Historical,679002,0,0,S,2,1,16444,24.95,2010,104,7.98,16.73
40674,Historical,679260,0,0,S,2,1,101336,29.95,2011,44,16.24,23.26
40677,Historical,679753,0,0,S,2,1,12848,21.95,2012,62,13.39,14.78
40678,Historical,679949,0,0,S,2,1,19368,30.65,2007,51,22.98,21.31
40680,Historical,680235,0,0,S,3,1,10285,25.95,2011,33,11.18,19.98
40682,Historical,680605,0,0,S,2,1,24181,29.95,2011,76,16.49,28.42
40683,Historical,682040,0,0,S,2,1,11940,30,2013,54,18.99,21.2
40684,Historical,682083,0,0,S,7,1,29099,26,2012,13,0,0
40685,Historical,682562,0,0,S,3,1,42569,34.4,2012,30,20.41,24.7
40686,Historical,683407,0,0,S,2,1,67895,26.5,2009,24,27.39,25.55
40687,Historical,683632,0,0,S,3,1,4418,29.99,2012,34,0,18.74
40689,Historical,684682,0,0,S,5,1,79186,25,2013,24,17.02,16.79
40690,Historical,684840,0,0,S,2,1,251187,29.99,2011,23,19.93,21.08
40691,Historical,685282,0,0,S,2,1,105565,24.99,2013,40,14.79,17.09
40692,Historical,687965,0,0,S,3,1,157322,25,2012,31,0,21.3
40693,Historical,689583,0,0,S,2,1,32102,20,2013,28,13.97,13.53
40694,Historical,691502,0,0,S,0,0,1186091,99.35,1998,79,0,18.98
40695,Historical,692297,0,0,S,4,1,2815129,70.95,1997,27,4.76,44.45
40697,Historical,693762,0,0,S,2,1,955310,65.95,1997,27,0,12.99
40698,Historical,693943,0,0,S,1,0,1185595,94.4,2001,73,0,13.46
40700,Historical,697240,0,0,S,2,1,928373,55,1998,23,10.91,43.98
40703,Historical,699949,0,0,S,3,1,2645602,99.95,2001,30,7.2,47.44
40705,Historical,700058,0,0,S,5,1,212615,38,2002,40,4.02,23.98
40706,Historical,700466,0,0,S,3,1,1400432,21.95,2003,35,8.08,56.94
40707,Historical,700491,0,0,S,2,1,296398,40,2003,30,9.19,11.5
40708,Historical,700686,0,0,S,3,1,951947,27.95,2004,17,0,0
40710,Historical,700770,0,0,S,3,1,1142765,36,2004,38,5.98,9.99
40711,Historical,700904,0,0,S,2,1,1323712,42.95,2005,28,4,22.75
40721,Historical,702374,0,0,S,3,1,1011748,35,2014,27,29.76,11.34
40725,Historical,702891,0,0,S,5,1,975971,59.99,2001,36,4.77,29.95
40726,Historical,703179,0,0,S,2,1,1189925,26.99,2003,45,4,11.38
40727,Historical,703355,0,0,S,2,1,1315753,42,2005,48,0,0
40728,Historical,705735,0,0,S,11,1,60095,0,2012,21,0,0
40729,Historical,707686,0,0,S,5,1,951896,42.25,2003,14,0,0
40730,Historical,707771,0,0,S,1,0,612596,41.75,2003,51,0,7.58
40732,Historical,708086,0,0,S,6,1,566491,106.68,2004,18,27.94,48.94
40735,Historical,712001,0,0,S,6,1,1165287,119.67,2002,20,0,50.59
40736,Historical,712229,0,0,S,3,1,1470908,69.99,2002,46,0,14.49
40737,Historical,713330,0,0,S,3,1,1156061,49.99,2001,24,18.21,22.96
40738,Historical,713340,0,0,S,1,0,183959,74.99,2003,21,0,28.99
40739,Historical,714506,0,0,S,3,1,1849247,147,2002,20,5.78,46.41
40741,Historical,715243,0,0,S,5,1,925229,42,1997,17,0,52.89
40743,Historical,716188,0,0,S,4,1,534171,178.47,2011,11,0,0
40747,Historical,717584,0,0,S,2,1,1819468,208.95,2001,24,4.98,23.98
40748,Historical,717997,0,0,S,2,1,795417,49.95,1999,25,0,52.99
40752,Historical,718747,0,0,S,1,0,754612,41.95,2000,14,0,25.31
40753,Historical,718974,0,0,S,2,1,59860,99,2001,34,4.29,47.81
40754,Historical,719104,0,0,S,3,1,2049490,42.95,2001,29,4,45.12
40755,Historical,719142,0,0,S,2,1,374576,34.99,1999,49,4.09,21.23
40757,Historical,719635,0,0,S,0,0,938441,50,1999,30,5.93,28.99
40758,Historical,719970,0,0,S,4,1,1866174,41.95,2002,29,15.38,30.09
40760,Historical,720765,0,0,S,3,1,707283,36.95,2003,35,4,15.48
40761,Historical,721331,0,0,S,3,1,959886,85,2004,40,5.22,23.81
40763,Historical,721840,0,0,S,0,0,428779,36.95,2005,19,32.39,27.52
40764,Historical,721908,0,0,S,0,0,737814,39.95,2005,29,0,26.55
40768,Historical,725163,0,0,S,2,1,752912,35,2003,45,4,24.26
40769,Historical,726762,0,0,S,2,1,1421598,57.99,1997,22,4.02,72.33
40771,Historical,729224,0,0,S,3,1,1844162,60,1997,19,23.93,44.4
40772,Historical,735691,0,0,S,3,1,91695,35,2011,29,17.99,27.37
40776,Historical,739023,0,0,S,8,1,1047634,44,1997,23,0,16.98
40778,Historical,739551,0,0,S,4,1,2179804,55,2002,36,4.27,11.49
40780,Historical,741162,0,0,S,7,1,1418411,95.2,2006,25,13.13,62.39
40784,Historical,743021,0,0,S,10,1,915230,152,2011,23,0,0
40788,Historical,747086,0,0,S,0,0,2609,35,2013,25,24.98,21.08
40801,Historical,753116,0,0,S,3,1,68450,21.99,2010,44,0,0
40803,Historical,755870,0,0,S,4,1,43446,21.99,2011,54,8.32,10.97
40808,Historical,757408,0,0,S,7,1,735329,85,1998,49,4.59,17.31
40809,Historical,758000,0,0,S,2,1,3292060,132,1999,34,4.92,13.71
40810,Historical,758799,0,0,S,2,1,1173363,36.95,2000,98,3.99,8.98
40811,Historical,758922,0,0,S,1,0,142442,35,1999,52,0,8.97
40812,Historical,760878,0,0,S,2,1,2304745,264,2003,36,4,17.41
40813,Historical,761063,0,0,S,5,1,2741815,317,2005,15,0,91.02
40814,Historical,761259,0,0,S,31,1,8277712,58.95,2004,15,0,12.49
40816,Historical,763840,0,0,S,4,1,742721,39.95,1999,85,0,0
40819,Historical,764712,0,0,S,2,1,1038957,86.95,1997,23,14.38,28.49
40820,Historical,764763,0,0,S,2,1,1418278,217.95,1997,38,4.38,18.98
40821,Historical,765093,0,0,S,2,1,642708,215.95,1998,24,0,49.94
40823,Historical,765531,0,0,S,2,1,2413226,121.95,2002,37,4,34.6
40827,Historical,766198,0,0,S,8,1,2637291,84.95,2002,26,4.24,10.97
40829,Historical,766908,0,0,S,2,1,1467376,65.95,2003,31,4.9,39.38
40830,Historical,769297,0,0,S,0,0,987263,91.35,2002,78,4.39,8.01
40831,Historical,769646,0,0,S,1,0,914630,60,2001,20,39.63,94.07
40835,Historical,770616,0,0,S,0,0,1200678,68.3,2002,56,0,11.82
40837,Historical,771621,0,0,S,2,1,21815,40,2004,65,0,22.61
40838,Historical,772618,0,0,S,50,1,52286,38,2005,39,0,26.61
40840,Historical,774505,0,0,S,3,1,946216,42.95,2003,45,0,0
40841,Historical,774778,0,0,S,5,1,3081751,65.95,1997,17,15.23,61.82
40842,Historical,775321,0,0,S,2,1,3567983,35.95,1999,19,35.99,23.98
40845,Historical,776135,0,0,S,4,1,292306,29.95,2008,43,41.2,18.23
40851,Historical,776631,0,0,S,2,1,624307,49.99,2002,33,0,11.76
40852,Historical,778429,0,0,S,2,1,2157227,65.95,2005,19,9.14,68.69
40859,Historical,785444,0,0,S,0,0,366624,26.6,2005,17,14.46,22.98
40861,Historical,789103,0,0,S,4,1,2135354,164.99,2003,23,0,50.45
40866,Historical,791698,0,0,S,3,1,1313163,125,2002,33,4.37,23.98
40867,Historical,792864,0,0,S,2,1,3341304,300,1999,21,15.98,46.38
40870,Historical,797403,0,0,S,2,1,2869340,59.99,2012,17,34.84,32.87
40871,Historical,797474,0,0,S,2,1,112320,49.99,2013,18,22.98,24.97
40872,Historical,797475,0,0,S,2,1,943713,49.99,2013,15,22.98,27.99
40873,Historical,797739,0,0,S,2,1,646943,145.95,2005,22,16.86,116.01
40874,Historical,802090,0,0,S,2,1,256960,38.95,2011,10,23.92,30.12
40875,Historical,802424,0,0,S,12,1,443822,55.87,2007,28,0,0
40878,Historical,807843,0,0,S,2,1,158978,94.99,2009,12,0,53.57
40881,Historical,829340,0,0,S,0,0,534445,52.66,1995,21,0,55.79
40884,Historical,831919,0,0,S,6,1,256077,75.95,1995,32,4.45,33.94
40885,Historical,832493,0,0,S,4,1,1485027,86.09,2000,20,4.98,104.15
40886,Historical,832799,0,0,S,5,1,1998603,105.95,2002,22,4,46.93
40888,Historical,834965,0,0,S,2,1,1939069,203,2003,17,0,129.25
40889,Historical,834973,0,0,S,2,1,1717257,203,2002,20,0,76
40890,Historical,846156,0,0,S,0,0,1999299,259.67,1992,35,0,79.13
40892,Historical,848471,0,0,S,0,0,1831667,116.4,1998,41,4.74,11.84
40893,Historical,851206,0,0,S,0,0,190180,160.3,2000,24,0,36.94
40894,Historical,855650,0,0,S,0,0,1234597,26.65,2005,14,7.98,22.47
40895,Historical,857832,0,0,S,3,1,247471,37.32,2009,20,28.14,25.98
40896,Historical,858242,0,0,S,0,0,122948,74.99,2013,17,30.13,49.98
40897,Historical,858415,0,0,S,6,1,191609,39.99,2013,66,24.36,21.69
40898,Historical,858418,0,0,S,14,1,60383,38,2013,38,17.93,27.8
40899,Historical,858469,0,0,S,3,1,12463,20.95,2014,44,17.73,12.87
40905,Historical,858936,0,0,S,2,1,592894,150,2002,50,4,12.99
40906,Historical,858980,0,0,S,5,1,1793466,49.99,2003,16,25.58,97.01
40907,Historical,859019,0,0,S,2,1,1171395,49.99,2003,31,4.44,23.99
40911,Historical,860529,0,0,S,4,1,140650,36.95,2011,24,23.87,25.44
40913,Historical,860874,0,0,S,3,1,96737,24.99,2012,47,14.72,17.48
40915,Historical,861120,0,0,S,6,1,7867,13.99,2013,49,7.99,8.04
40916,Historical,861197,0,0,S,5,1,419351,38,2013,33,8.69,11.24
40917,Historical,861277,0,0,S,0,0,642601,23.99,2013,44,24.95,26.03
40918,Historical,861371,0,0,S,4,1,103332,16.99,2013,52,6.82,13.98
40920,Historical,861565,0,0,S,7,1,497577,29.99,2013,30,9.08,14.26
40921,Historical,861585,0,0,S,14,1,106245,38,2013,66,0,11.52
40922,Historical,861588,0,0,S,2,1,162086,38.95,2013,10,36.93,32.2
40923,Historical,861649,0,0,S,6,1,41798,20,2013,34,7.74,13.58
40925,Historical,862088,0,0,S,3,1,91985,39.99,2014,31,4,8.98
40926,Historical,862096,0,0,S,10,1,20950,39.99,2014,28,26.57,27.19
40928,Historical,862274,0,0,S,4,1,33042,21,2014,31,11.98,15.15
40929,Historical,862278,0,0,S,3,1,139375,22,2014,40,8.99,14.88
40932,Historical,862608,0,0,S,1,0,1760078,114.95,1995,26,0,53.97
40933,Historical,863038,0,0,S,2,1,1755011,68.2,2002,29,4.87,37.95
40937,Historical,864925,0,0,S,2,1,567,19.95,2014,46,13.98,16.12
40942,Historical,865157,0,0,S,2,1,999204,33.95,2004,21,29.98,29.14
40943,Historical,865192,0,0,S,2,1,1252657,137.4,2001,32,0,18.99
40944,Historical,865233,0,0,S,3,1,96325,34.95,2014,24,17.82,21.49
40945,Historical,865243,0,0,S,2,1,12982,34.99,2014,37,24.29,19.68
40947,Historical,865317,0,0,S,4,1,7378,22.95,2014,37,9.31,13.65
40948,Historical,865324,0,0,S,6,1,7019,16.99,2014,64,9.98,9.42
40949,Historical,865495,0,0,S,11,1,2757,16.99,2014,56,8.98,9.82
40951,Historical,865517,0,0,S,2,1,44549,35,2014,35,22.96,22.27
40952,Historical,865578,0,0,S,4,1,40898,29.99,2013,28,18.98,20.98
40954,Historical,865600,0,0,S,2,1,325673,34,2013,16,30.29,23.84
40961,Historical,866280,0,0,S,2,1,3780,24,2014,58,18.96,17.95
40962,Historical,866287,0,0,S,4,1,79496,15.95,2010,35,7.61,10.99
40964,Historical,866608,0,0,S,11,1,757647,39.99,2014,21,26.98,24.66
40965,Historical,866638,0,0,S,23,1,478140,64,2014,20,36.47,36.88
40966,Historical,867201,0,0,S,8,1,110532,36.95,2014,21,27.99,26.65
40967,Historical,867306,0,0,S,3,1,56268,36.95,2014,29,22.34,23.99
40968,Historical,867335,0,0,S,4,1,249770,39.99,2014,27,35.81,33.74
40969,Historical,867547,0,0,S,4,1,310760,39.99,2014,15,24.25,26.8
40970,Historical,867684,0,0,S,5,1,80838,36.95,2013,48,21.92,18.99
40971,Historical,867824,0,0,S,8,1,30841,21.95,2014,26,17.02,14.85
40972,Historical,867837,0,0,S,8,1,668440,51.99,2013,53,32.5,47.85
40973,Historical,868592,0,0,S,4,1,33156,37.99,2014,21,30.79,31.84
40974,Historical,870177,0,0,S,0,0,893221,30.98,2003,22,0,35.79
40975,Historical,870313,0,0,S,7,1,854970,109.95,2013,21,0,104.24
40976,Historical,870493,0,0,S,0,0,1283465,21.49,2003,23,0,15.99
40977,Historical,870543,0,0,S,2,1,3765,18.99,2014,58,0,10.68
40978,Historical,870694,0,0,S,4,1,2882911,39.95,2003,19,4.71,17.29
40979,Historical,871004,0,0,S,0,0,1420327,23,2010,28,0,33.98
40980,Historical,871197,0,0,S,0,0,332902,59.95,2008,18,0,37.77
40981,Historical,871739,0,0,S,3,1,20938,30,2014,39,17.49,21.74
40982,Historical,871852,0,0,S,4,1,243883,39,2014,21,12.06,23.28
40984,Historical,887041,0,0,S,15,1,658013,39.95,2014,13,0,31.37
40985,Historical,888809,0,0,S,0,0,131468,33.98,2012,5,33.98,19.13
40986,Historical,892944,0,0,S,4,1,296931,36,2015,16,17.57,22.38
40987,Historical,892962,0,0,S,1,0,9342,39.99,2014,35,22.93,24.99
40988,Historical,893061,0,0,S,10,1,773546,39.99,2014,21,12.23,23.87
40989,Historical,894869,0,0,S,4,1,193320,24.99,2014,12,0,0
40990,Historical,894972,0,0,S,9,1,312511,39.99,2014,14,18.99,29.6
40991,Historical,894973,0,0,S,9,1,367389,39.99,2014,20,24.14,27.65
40992,Historical,894979,0,0,S,15,1,82555,0,2013,21,13.78,13.98
40993,Historical,895828,0,0,S,4,1,1865183,44.95,2014,14,32.13,31.94
40994,Historical,896735,0,0,S,0,0,12660,37.99,2015,29,25.32,22.15
40995,Historical,896748,0,0,S,2,1,11188,15.99,2014,26,0,0
40996,Historical,896811,0,0,S,3,1,100007,39.99,2014,22,25.47,25.6
40997,Historical,896839,0,0,S,2,1,39910,34.95,2014,19,20.9,25.47
40998,Historical,897285,0,0,S,0,0,915277,45.95,2004,17,28.99,37.79
40999,Historical,898586,0,0,S,13,1,1316,18.99,2015,41,7.58,10.31
41000,Historical,898659,0,0,S,28,1,50128,39.95,2014,22,24.49,24.59
41001,Historical,898826,0,0,S,7,1,483929,39.99,2014,22,27.65,27.43
41002,Historical,899005,0,0,S,2,1,370500,36.95,2014,18,38.61,36.95
41003,Historical,900367,0,0,S,3,1,11055,29.95,2015,22,23.97,13.47
41004,Historical,900370,0,0,S,6,1,17065,29.99,2014,29,16.73,16.55
41005,Historical,900384,0,0,S,2,1,20333,33.95,2014,25,22.07,24
41006,Historical,902254,0,0,S,11,1,344634,34.99,2013,17,21.94,24.77
41008,Historical,903018,0,0,S,3,1,3244929,175,2010,18,41.28,63.99
41009,Historical,903641,0,0,S,9,1,1241,18.99,2014,28,0,0
41010,Historical,903823,0,0,S,8,1,657329,34.2,2013,19,10.23,30.6
41011,Historical,905153,0,0,S,2,1,286052,39.95,2008,20,19.75,37.24
41012,Historical,905159,0,0,S,5,1,190372,18.99,2014,15,0,0
41013,Historical,905194,0,0,S,2,1,298490,36,2014,22,28.64,28.98
41014,Historical,905285,0,0,S,3,1,124752,39.95,2015,14,39.66,33.23
41015,Historical,905294,0,0,S,12,1,1058240,65,2014,19,0,41.33
41016,Historical,905317,0,0,S,4,1,259842,38.95,2013,47,24.82,25.7
41017,Historical,905885,0,0,S,3,1,2819881,299,1997,17,280.49,23.38
41019,Historical,907114,0,0,S,2,1,1850886,94.93,2004,35,18.72,75.63
41020,Historical,907958,0,0,S,7,1,290522,160.98,2012,27,68.59,98.51
41021,Historical,908895,0,0,S,5,1,3561,19,2014,35,0,0
41022,Historical,908926,0,0,S,8,1,126404,39.99,2014,19,24.11,24.99
41023,Historical,908972,0,0,S,16,1,190660,29.95,2014,19,21.94,20.79
41024,Historical,909007,0,0,S,3,1,41826,31.95,2014,20,25,24.52
41025,Historical,909034,0,0,S,2,1,496436,44,2013,32,21.86,31.08
41026,Historical,909869,0,0,S,3,1,383,16.95,2014,24,0,0
41027,Historical,910765,0,0,S,5,1,1834,18.99,2015,46,12.3,9.49
41028,Historical,910804,0,0,S,3,1,150841,33,2013,32,23.6,27.64
41029,Historical,910834,0,0,S,0,0,252261,49.47,2003,29,0,35.47
41030,Historical,910844,0,0,S,10,1,376082,37.25,2014,43,29.99,33.99
41031,Historical,910926,0,0,S,5,1,1532554,118.66,2004,38,13.99,73.31
41034,Historical,912393,0,0,S,3,1,279191,30,2014,44,26.62,22.73
41035,Historical,913037,0,0,S,1,0,3721,15.95,2012,42,0,9.73
41036,Historical,913130,0,0,S,6,1,367410,39.75,2014,28,31.71,33.22
41038,Historical,913166,0,0,S,2,1,235394,39.99,2013,32,28.98,28.36
41040,Historical,913664,0,0,S,8,1,2485,18.99,2015,34,0,7
41041,Historical,914363,0,0,S,3,1,80305,54.95,2014,37,27.36,32.28
41042,Historical,914392,0,0,S,1,0,1630781,84,1999,29,13.49,36.18
41044,Historical,915300,0,0,S,3,1,111322,39.95,2013,29,28.87,30.1
41045,Historical,915337,0,0,S,12,1,42736,36.95,2014,39,12.87,19.2
41046,Historical,915831,0,0,S,0,0,1190769,70.77,2005,20,35.05,60.13
41047,Historical,915858,0,0,S,3,1,1715983,74,1994,28,77.18,47.63
41048,Historical,916509,0,0,S,10,1,843328,59.99,2008,43,0,39.41
41049,Historical,916574,0,0,S,0,0,99906,59,2014,23,13.99,28.62
41050,Historical,916652,0,0,S,1,0,466938,64,1996,33,0,16.96
41051,Historical,917234,0,0,S,2,1,696415,59.99,1998,28,0,62.13
41052,Historical,917560,0,0,S,3,1,878282,31.68,2001,31,11.99,23.94
41053,Historical,918757,0,0,S,1,0,244796,39.99,2013,27,0,0
41054,Historical,918803,0,0,S,2,1,317033,298.95,1997,26,0,33.36
41055,Historical,919750,0,0,S,5,1,14855,24.95,2012,48,17.88,16.97
41057,Historical,920703,0,0,S,2,1,1274455,118.25,1999,49,0,18.81
41058,Historical,921370,0,0,S,0,0,35852,5,2004,71,15.99,7.13
41059,Historical,923134,0,0,S,1,0,1268763,70,1996,120,0,11.47
41060,Historical,100112,0,0,S,6,1,2125987,0,2005,13,122.86,73.13
41061,Historical,100814,0,0,S,3,1,1623843,52.9,1998,42,0,50.07
41063,Historical,101104,0,0,S,2,1,3887930,74.95,1998,28,6.99,40.68
41064,Historical,101162,0,0,S,4,1,339318,127.5,1996,54,174.77,63.99
41065,Historical,101171,0,0,S,8,1,1464072,97.95,1996,23,4.93,73.5
41066,Historical,101335,0,0,S,7,1,856521,61.95,2001,19,0,47.99
41067,Historical,101403,0,0,S,4,1,2708735,123.95,2002,48,9.99,13.02
41071,Historical,103968,0,0,S,5,1,750475,45.31,1998,44,47.31,15.99
41074,Historical,104599,0,0,S,2,1,297883,61.9,1995,16,43.73,59.47
41075,Historical,104836,0,0,S,2,1,1009007,47.25,1997,23,26.95,120.73
41076,Historical,105442,0,0,S,4,1,1029085,88,2007,21,103.99,73.87
41077,Historical,105462,0,0,S,6,1,3767964,45.91,2008,17,132.94,44.19
41078,Historical,105740,0,0,S,15,1,3178639,44.95,2001,40,35.23,4.02
41079,Historical,106052,0,0,S,8,1,1103579,46.95,2007,28,10.01,52.97
41081,Historical,106507,0,0,S,2,1,1101376,105,2007,21,29.56,58.94
41082,Historical,106790,0,0,S,50,1,310493,75,2010,86,67.63,47.94
41084,Historical,106820,0,0,S,2,1,653568,86,2010,25,28.93,56.93
41086,Historical,107035,0,0,S,3,1,1453454,79,2005,73,4,8.7
41088,Historical,107144,0,0,S,6,1,1086871,49.75,1999,17,4,25.15
41089,Historical,107181,0,0,S,5,1,1576992,113.84,2003,41,34.01,45.47
41090,Historical,107545,0,0,S,6,1,2971444,19.95,2002,21,27.03,19.95
41091,Historical,107597,0,0,S,7,1,3023725,97.95,2002,23,37.14,54.83
41092,Historical,107710,0,0,S,4,1,1182959,85.7,2002,39,14.27,57.71
41093,Historical,107738,0,0,S,5,1,3384918,83.5,2002,32,12.92,19.98
41094,Historical,107784,0,0,S,10,1,1029119,126.05,2004,58,0,18.55
41095,Historical,107800,0,0,S,17,1,4017103,0,2001,18,33.55,72.93
41096,Historical,107820,0,0,S,7,1,1020994,56.59,2001,24,4,44.36
41097,Historical,107848,0,0,S,8,1,1137037,91.99,2005,30,159.94,89.57
41098,Historical,107896,0,0,S,2,1,1145413,206.75,2004,27,6.98,41.99
41099,Historical,107926,0,0,S,3,1,3293916,13.99,2003,46,74.3,13.99
41100,Historical,107952,0,0,S,2,1,973389,9.86,2003,78,31.65,29.47
41101,Historical,108074,0,0,S,5,1,1278899,81.11,2004,14,170.45,91.13
41102,Historical,108104,0,0,S,7,1,147072,134.9,2004,33,64.62,33.98
41103,Historical,108150,0,0,S,3,1,648826,217.75,2002,36,4.03,43.1
41104,Historical,108153,0,0,S,5,1,483193,56.05,2002,24,4,45.4
41105,Historical,108287,0,0,S,7,1,695081,43.64,2004,49,4.01,46.53
41106,Historical,108411,0,0,S,5,1,927956,72.81,2003,20,0,72.81
41107,Historical,108433,0,0,S,3,1,3034601,7.97,2004,36,99.11,7.98
41108,Historical,108520,0,0,S,6,1,949133,223,2001,73,0,21.5
41109,Historical,108643,0,0,S,5,1,1329132,92.55,2004,28,66.49,7.22
41110,Historical,108751,0,0,S,11,1,3350042,114,2004,40,88.86,8.98
41111,Historical,108851,0,0,S,5,1,2334223,51.49,2004,24,101.49,63.22
41112,Historical,108857,0,0,S,10,1,854202,78.13,2005,12,68.38,79.98
41113,Historical,108900,0,0,S,9,1,1277655,38.98,2006,29,123.98,38.88
41114,Historical,108915,0,0,S,2,1,1095298,156.25,2006,26,82.8,11.99
41115,Historical,108943,0,0,S,6,1,1528189,17.93,2005,51,153.43,17.93
41116,Historical,108986,0,0,S,5,1,915623,0,2004,18,68.67,55.27
41117,Historical,109045,0,0,S,6,1,3497939,132.5,2004,35,68.99,9.98
41118,Historical,109242,0,0,S,5,1,2425217,43.03,2005,20,41.49,45.62
41119,Historical,109258,0,0,S,7,1,1147367,431.84,2006,19,4.92,84.63
41120,Historical,109287,0,0,S,5,1,382460,130.65,2005,17,98.26,33.48
41121,Historical,109299,0,0,S,11,1,1089206,130.94,2006,22,113.99,17.94
41122,Historical,109340,0,0,S,6,1,1030291,0,2004,18,102.15,92.01
41123,Historical,109426,0,0,S,3,1,864617,0,2007,24,47.02,73.56
41124,Historical,109489,0,0,S,10,1,4563367,186.25,2005,24,89.57,55.84
41125,Historical,109716,0,0,S,4,1,2443919,16.99,2005,33,106.99,16.99
41127,Historical,110012,0,0,S,19,1,1321780,17.53,2008,59,30.27,13.94
41128,Historical,110210,0,0,S,2,1,69639,218.32,2010,33,5.3,38.99
41132,Historical,110541,0,0,S,30,1,2116732,7.89,2006,59,55.49,7.84
41133,Historical,110613,0,0,S,4,1,1300725,6.95,2006,18,69.49,12.99
41135,Historical,110725,0,0,S,12,1,2166989,151.5,2008,44,129.22,11.99
41136,Historical,111014,0,0,S,13,1,845399,79.92,2008,31,127.85,121.03
41137,Historical,111032,0,0,S,3,1,886290,10.48,2007,40,153.36,23.98
41140,Historical,111213,0,0,S,20,1,1162474,216,2010,30,30.27,52.26
41141,Historical,111277,0,0,S,9,1,2810391,137.5,2009,18,62.54,48.94
41142,Historical,111379,0,0,S,5,1,690796,64.89,2010,17,153.95,65.57
41143,Historical,111435,0,0,S,13,1,455369,99.22,2010,14,88.99,137.24
41144,Historical,111443,0,0,S,7,1,512310,38.54,2010,21,97.69,38.54
41145,Historical,111486,0,0,S,2,1,1176414,257.76,2010,14,103.91,126.91
41146,Historical,111491,0,0,S,9,1,732322,26.49,2011,19,156.69,48.99
41147,Historical,111516,0,0,S,10,1,1425223,147.95,2010,21,140.99,61.37
41148,Historical,111529,0,0,S,6,1,1080511,199.5,2011,17,151.63,184.16
41149,Historical,111530,0,0,S,6,1,1078810,142.75,2011,15,115.68,53.98
41150,Historical,111567,0,0,S,8,1,1697958,152.47,2010,24,88.99,59.54
41151,Historical,111579,0,0,S,8,1,468601,136,2010,18,124.99,69.95
41152,Historical,111589,0,0,S,8,1,1171645,123.99,2010,20,88.99,108.01
41153,Historical,111595,0,0,S,4,1,1473095,0,2011,19,119.17,31.51
41154,Historical,111597,0,0,S,3,1,463891,0,2011,17,112.62,58.99
41155,Historical,111632,0,0,S,3,1,1536347,281,2011,32,123.69,9.65
41158,Historical,111708,0,0,S,13,1,140893,125.55,2011,20,97.74,22.75
41159,Historical,111975,0,0,S,37,1,1993121,54.25,2010,30,7.5,11.03
41160,Historical,111985,0,0,S,40,1,1791457,15.99,2011,36,16.43,15.99
41161,Historical,112225,0,0,S,9,1,782784,63.07,2004,47,6.08,13.83
41163,Historical,113223,0,0,S,3,1,864707,92.95,2003,35,6.84,22.98
41164,Historical,113301,0,0,S,2,1,732666,120,1999,20,0,80.42
41165,Historical,113602,0,0,S,5,1,1151898,42.8,2002,27,179.94,52.85
41166,Historical,113734,0,0,S,6,1,2223646,113.33,1999,34,91.81,15.99
41167,Historical,113815,0,0,S,3,1,530832,233,2000,47,4.03,23.94
41168,Historical,113920,0,0,S,3,1,1225394,0,1999,28,34.99,122.95
41169,Historical,113932,0,0,S,9,1,3128689,92,2001,27,123.1,27.88
41170,Historical,113949,0,0,S,2,1,731146,37.6,1999,16,82.12,37.6
41171,Historical,114026,0,0,S,3,1,3259857,115,2000,26,84.43,16.99
41172,Historical,114087,0,0,S,3,1,195512,194.6,2000,66,34.94,43.27
41173,Historical,114189,0,0,S,3,1,1291670,73.4,2000,28,82.96,11.49
41174,Historical,114256,0,0,S,2,1,528032,116,2001,31,4,32.99
41175,Historical,114327,0,0,S,4,1,3404530,129,2002,30,182.64,29.48
41176,Historical,114405,0,0,S,7,1,3502521,117.6,2001,32,63.98,28.9
41177,Historical,114406,0,0,S,8,1,2667384,38,2003,31,61.09,9.48
41178,Historical,114503,0,0,S,2,1,3286593,136.4,2002,29,95.43,45.4
41179,Historical,114564,0,0,S,6,1,2405947,130,2002,30,97.5,18.95
41180,Historical,114674,0,0,S,5,1,615633,58.2,2004,30,48.99,32.97
41181,Historical,114714,0,0,S,5,1,5450188,103,2002,33,5.87,12.97
41182,Historical,114899,0,0,S,3,1,2135907,116,2002,58,57.23,10.54
41183,Historical,115033,0,0,S,2,1,1503261,51.6,1999,26,4,45.09
41184,Historical,115063,0,0,S,7,1,1004251,88,2000,33,79.98,4.72
41185,Historical,115069,0,0,S,4,1,4401836,75,1999,31,52.99,19.79
41186,Historical,115097,0,0,S,7,1,961445,124,1999,44,39.37,7.74
41187,Historical,115148,0,0,S,3,1,2941926,100,2001,70,15.28,5.98
41188,Historical,115167,0,0,S,3,1,1132129,115,1999,16,0,105.18
41189,Historical,115279,0,0,S,8,1,841369,110,2001,24,127.96,80.19
41190,Historical,115351,0,0,S,1,0,775270,29.2,2002,16,34.51,69.55
41191,Historical,115357,0,0,S,4,1,1513681,130.6,2002,19,11.98,67.86
41192,Historical,115601,0,0,S,3,1,1142965,100,2002,16,0,46.97
41193,Historical,115721,0,0,S,20,1,702908,96,2003,38,0,6.28
41194,Historical,115722,0,0,S,20,1,1406815,104,2003,25,4,45.75
41195,Historical,115779,0,0,S,5,1,1159460,49.33,2004,15,57.23,9.98
41196,Historical,115832,0,0,S,5,1,1207578,65.33,2003,47,44.56,32.39
41197,Historical,116349,0,0,S,10,1,866040,167.53,2010,43,102.47,171.56
41198,Historical,116388,0,0,S,7,1,829316,65,2003,31,21.77,4
41199,Historical,116415,0,0,S,9,1,3228582,113.33,2003,21,24.14,18.99
41201,Historical,116485,0,0,S,2,1,3487018,49,2004,20,43.14,6.48
41202,Historical,116598,0,0,S,9,1,1044879,73.2,2004,23,4.05,13.98
41203,Historical,116702,0,0,S,3,1,1760243,86,2002,26,74.98,4
41204,Historical,116862,0,0,S,7,1,1246935,86.8,2004,23,78.99,10.59
41205,Historical,116993,0,0,S,11,1,990763,159,2006,18,144.17,136.05
41206,Historical,116997,0,0,S,10,1,1666317,133.33,2006,26,101.59,53.93
41207,Historical,117073,0,0,S,10,1,2356836,75.95,2006,55,97.24,16.93
41209,Historical,117395,0,0,S,3,1,903860,135.33,2002,19,4.49,40.99
41210,Historical,117475,0,0,S,4,1,1585385,65.33,2003,37,0,34.37
41211,Historical,117499,0,0,S,6,1,647143,125,2003,17,33.79,290.82
41212,Historical,117827,0,0,S,4,1,224180,68,2004,22,8.67,46.49
41213,Historical,118007,0,0,S,5,1,536584,81.33,2006,43,5.53,40.24
41214,Historical,118033,0,0,S,5,1,834623,138.4,2005,34,52.65,68.74
41215,Historical,118081,0,0,S,5,1,3306911,121.4,2006,20,158.98,33.01
41216,Historical,118127,0,0,S,7,1,285761,31.96,2006,20,56.72,40.63
41218,Historical,118427,0,0,S,4,1,1534354,100,2006,39,33.99,45.93
41219,Historical,118491,0,0,S,1,0,806601,222,2007,38,112.31,22.8
41220,Historical,118722,0,0,S,11,1,1817379,105.73,2007,17,86.41,60
41221,Historical,118970,0,0,S,7,1,1477332,198.67,2007,9,109.59,48.87
41222,Historical,119039,0,0,S,2,1,1390657,102.2,2011,13,109.72,98.05
41223,Historical,119250,0,0,S,3,1,184752,114,1996,33,7.81,45.67
41224,Historical,119282,0,0,S,8,1,1815594,99.2,2010,15,127.6,680.29
41225,Historical,119295,0,0,S,5,1,1452003,149.47,2011,17,104.82,115.37
41226,Historical,119378,0,0,S,0,0,297610,243.8,2013,40,46.97,16.87
41227,Historical,119408,0,0,S,7,1,5504968,256,2011,12,27.22,437.86
41228,Historical,119486,0,0,S,2,1,1059306,149.8,1995,35,8.53,83.33
41229,Historical,120096,0,0,S,2,1,2604429,181.4,2008,34,101.09,18.88
41230,Historical,120420,0,0,S,2,1,1070890,200.2,1996,24,3.85,36.13
41232,Historical,120637,0,0,S,5,1,767852,102.67,2008,19,33.99,29.12
41233,Historical,120639,0,0,S,5,1,1856836,70.67,2009,20,33.99,23.99
41234,Historical,120663,0,0,S,2,1,767691,160.67,2008,18,26.24,81.64
41235,Historical,120812,0,0,S,8,1,999334,161.07,2009,16,90.79,41.98
41236,Historical,121344,0,0,S,10,1,612759,128.93,2008,34,21.29,58.98
41237,Historical,121759,0,0,S,4,1,813788,195.8,1998,47,14.13,72.27
41238,Historical,121901,0,0,S,4,1,2508538,70,1999,57,86.46,9.98
41239,Historical,121906,0,0,S,4,1,453712,86.67,1998,14,4.43,78.75
41240,Historical,123903,0,0,S,5,1,992943,116.95,2004,25,19.93,43.99
41241,Historical,124054,0,0,S,2,1,1764603,124.95,1999,49,4,27.99
41242,Historical,125680,0,0,S,2,1,1137397,35,1997,65,22.89,13.99
41243,Historical,125795,0,0,S,5,1,882492,110,1997,17,0,53.56
41244,Historical,126145,0,0,S,3,1,521169,49.95,2001,42,3.99,17.99
41245,Historical,126357,0,0,S,2,1,4171460,42.95,2003,59,46.74,18.88
41246,Historical,126432,0,0,S,3,1,1689584,97.95,1999,42,0,20.06
41247,Historical,126650,0,0,S,2,1,1225072,90,2005,22,31.48,94.54
41248,Historical,126984,0,0,S,3,1,750339,52,2007,14,20.61,89.36
41249,Historical,127537,0,0,S,3,1,671430,49.95,2010,35,14.94,40.99
41250,Historical,129109,0,0,S,7,1,3951792,85,2007,18,38.96,39.63
41251,Historical,129181,0,0,S,1,0,352166,14.95,2008,45,31.88,9.78
41252,Historical,129354,0,0,S,3,1,1010817,130,2000,12,0,91.49
41253,Historical,129667,0,0,S,2,1,1739080,69.99,2001,44,5.05,40.09
41254,Historical,130102,0,0,S,2,1,1683753,49.99,2002,42,4,40.78
41255,Historical,130119,0,0,S,2,1,6336433,93,2001,25,18.99,9.23
41256,Historical,130340,0,0,S,2,1,448198,132,2010,21,128.74,40.93
41257,Historical,130369,0,0,S,3,1,1719657,55.4,2010,16,47.19,12.9
41258,Historical,130386,0,0,S,7,1,988084,120,2011,13,89.25,75.47
41259,Historical,130457,0,0,S,6,1,972829,86,2011,20,38.49,63.97
41260,Historical,130576,0,0,S,7,1,1064629,95.33,2011,16,85.08,34.34
41261,Historical,130583,0,0,S,12,1,545082,96.67,2011,12,73.74,101.33
41262,Historical,130744,0,0,S,2,1,1255540,93,1995,20,37.5,65.09
41263,Historical,130822,0,0,S,4,1,1063633,129.8,1995,18,4.48,68.41
41264,Historical,130908,0,0,S,5,1,619269,116.67,2011,39,98.45,72.97
41265,Historical,130924,0,0,S,11,1,218907,99.33,2011,19,45.49,77.91
41266,Historical,130927,0,0,S,2,1,1284636,142,2011,28,122.91,88.49
41267,Historical,130942,0,0,S,8,1,634858,88.07,2011,11,56.81,143.48
41268,Historical,130964,0,0,S,7,1,965616,94.67,2011,17,53.5,79.94
41269,Historical,130993,0,0,S,3,1,1287986,131.33,2011,19,63.67,43.99
41270,Historical,131059,0,0,S,13,1,626404,108,2012,16,116.93,94.35
41271,Historical,131120,0,0,S,4,1,1294603,157.6,2000,41,3.85,38.86
41272,Historical,131172,0,0,S,5,1,977032,124.8,1998,48,4,43.91
41274,Historical,131428,0,0,S,2,1,1952757,65.2,2001,60,4.47,9.98
41275,Historical,131455,0,0,S,2,1,657909,149.6,2002,47,3.99,34.57
41276,Historical,131555,0,0,S,2,1,325442,202.8,2002,43,4.14,34.39
41277,Historical,131787,0,0,S,3,1,1085854,89.6,2003,28,8.59,30.54
41279,Historical,131943,0,0,S,5,1,3879090,104,2004,39,46.57,10.19
41281,Historical,131971,0,0,S,7,1,564755,79.2,2005,19,6.62,23.98
41283,Historical,132163,0,0,S,7,1,3023964,118,2007,33,34.23,23.99
41285,Historical,132292,0,0,S,8,1,3083183,115.6,2007,30,133.24,55.59
41286,Historical,132414,0,0,S,2,1,4430991,114.4,2007,17,18.49,35.46
41287,Historical,132476,0,0,S,7,1,2834424,109.2,2008,32,34.23,44.85
41288,Historical,132553,0,0,S,6,1,779540,29.33,2007,56,63.97,25.99
41289,Historical,132605,0,0,S,3,1,2584492,120,2007,11,98.34,0
41290,Historical,132664,0,0,S,6,1,637755,84,2009,18,26.1,39.98
41291,Historical,133249,0,0,S,2,1,3015027,110,2010,17,22.49,58.99
41292,Historical,133420,0,0,S,11,1,1036268,122.67,2011,24,133.24,56.54
41293,Historical,133447,0,0,S,12,1,803122,104.4,2011,17,85.86,73.39
41294,Historical,133449,0,0,S,4,1,526407,75.33,2011,16,72.79,58.99
41296,Historical,135491,0,0,S,3,1,905922,73.95,2003,18,19.99,22.78
41299,Historical,137449,0,0,S,2,1,5294958,119,2000,18,104.27,49.45
41300,Historical,137459,0,0,S,6,1,3388965,102,2002,29,36.98,18.89
41301,Historical,137500,0,0,S,2,1,5108396,125,2005,19,68.63,87.05
41302,Historical,137524,0,0,S,9,1,5761089,136,2006,22,53.14,18.93
41305,Historical,139231,0,0,S,0,0,489917,80,2006,20,46.97,50.49
41307,Historical,141231,0,0,S,3,1,781372,83.27,2001,30,0,113.94
41308,Historical,141246,0,0,S,7,1,2169470,23.94,2001,40,52.16,50.21
41309,Historical,141856,0,0,S,4,1,1221908,11.7,2008,51,60.44,5.94
41313,Historical,142914,0,0,S,4,1,2731039,95,2004,13,85.99,180.49
41314,Historical,142965,0,0,S,4,1,1061638,43,2005,13,0,46.85
41316,Historical,143112,0,0,S,3,1,3060942,152,2007,19,174.87,33.94
41322,Historical,143327,0,0,S,3,1,1767883,102.95,1997,25,10.18,91.47
41326,Historical,1435069,0,0,S,6,1,1387156,43.98,2012,7,0,39.98
41371,Historical,1440047,0,0,S,3,1,2109115,111.56,2010,15,53.05,82.55
41375,Historical,1440258,0,0,S,10,1,851318,200,2010,32,33.95,41.49
41378,Historical,144048,0,0,S,9,1,4152324,110,1999,26,29.61,18.79
41381,Historical,144067,0,0,S,4,1,1388757,107,1997,19,91,99.56
41384,Historical,1441401,0,0,S,7,1,522363,243.3,2012,7,122.45,106.13
41385,Historical,144171,0,0,S,8,1,1860267,79,1999,34,58.6,13.98
41389,Historical,1442261,0,0,S,4,1,1267871,205,2012,14,119.98,44.19
41390,Historical,144252,0,0,S,7,1,1228577,123,2000,17,5.53,88.64
41391,Historical,144305,0,0,S,1,0,1648426,193.33,2003,46,4,6.99
41394,Historical,144592,0,0,S,0,0,322798,50.6,2005,18,68.98,33.99
41395,Historical,144671,0,0,S,9,1,1023533,145.33,2002,58,9.38,59.17
41397,Historical,144736,0,0,S,2,1,639503,160.6,2003,31,5.13,31.95
41399,Historical,144739,0,0,S,7,1,316492,125.4,2003,36,160.65,21.94
41400,Historical,1447663,0,0,S,10,1,1459770,82.67,2006,48,0,19.96
41406,Historical,1450572,0,0,S,8,1,3215834,109.6,2010,13,50.99,115.45
41408,Historical,145122,0,0,S,1,0,1048878,55,2005,79,25.9,18.97
41411,Historical,145147,0,0,S,6,1,2978290,90.8,2005,59,64.08,43.65
41414,Historical,1451843,0,0,S,8,1,1278769,164.93,2012,8,0,73.94
41415,Historical,1451926,0,0,S,3,1,1122785,125.75,2012,4,0,48.98
41416,Historical,145199,0,0,S,7,1,1274862,122.67,2005,25,91.35,83.11
41417,Historical,1452048,0,0,S,9,1,962190,96.64,2012,18,112.13,53.99
41419,Historical,145291,0,0,S,7,1,3356093,103,2005,21,89,69.98
41421,Historical,1453198,0,0,S,6,1,769395,114.4,2013,10,0,107.34
41422,Historical,1453227,0,0,S,10,1,1652493,156.53,2013,8,0,163.16
41424,Historical,1455039,0,0,S,8,1,1615182,209.8,2014,8,0,153.34
41425,Historical,1455177,0,0,S,11,1,202919,163.33,2014,20,0,139.65
41426,Historical,145519,0,0,S,12,1,1201256,120,2006,25,112.59,43.97
41428,Historical,1455247,0,0,S,4,1,1104489,65.33,2013,12,38.99,63.49
41430,Historical,145536,0,0,S,11,1,725873,42,2006,26,19,44.13
41431,Historical,1455404,0,0,S,2,1,557627,96.93,2014,15,0,0
41433,Historical,145561,0,0,S,9,1,2531963,101.2,2007,25,7.77,40
41435,Historical,145580,0,0,S,3,1,1260951,145.33,2007,28,187.9,9.98
41440,Historical,1456044,0,0,S,8,1,402455,132.67,2015,18,0,119.12
41441,Historical,1456059,0,0,S,9,1,569556,60,2015,18,63.97,69.33
41442,Historical,145614,0,0,S,3,1,5750084,191.33,2007,11,125,0
41443,Historical,145714,0,0,S,1,0,1521966,54.99,2007,52,33.31,10.98
41444,Historical,145835,0,0,S,8,1,991596,124.4,2008,20,118.76,21.38
41449,Historical,145946,0,0,S,5,1,2245393,64,2008,19,15.28,113.21
41450,Historical,145964,0,0,S,5,1,1572751,185.33,2008,18,66.94,103.99
41451,Historical,146029,0,0,S,4,1,2831586,220,2009,11,82.1,0
41452,Historical,146321,0,0,S,8,1,1074386,132.67,2009,14,121.58,378.93
41453,Historical,146335,0,0,S,9,1,1612041,195.4,2010,15,78.99,83.93
41454,Historical,146361,0,0,S,4,1,485528,145.33,2010,18,152.89,51.99
41455,Historical,146365,0,0,S,3,1,712522,113.4,2009,14,125.49,53.99
41456,Historical,146366,0,0,S,5,1,321562,128,2011,23,128.99,58.89
41457,Historical,146381,0,0,S,5,1,547154,122,2010,15,79.53,67.91
41460,Historical,146403,0,0,S,3,1,1041434,144.67,2011,42,143.21,7.29
41461,Historical,146404,0,0,S,11,1,721846,116.67,2011,27,69.54,36.09
41462,Historical,146503,0,0,S,3,1,881427,149.47,2011,10,103.85,59.98
41463,Historical,146525,0,0,S,13,1,945443,141.07,2011,23,112.98,99.44
41465,Historical,146572,0,0,S,9,1,1037693,200.27,2011,12,147.46,602.98
41466,Historical,146588,0,0,S,6,1,220835,188.87,2011,32,146.05,53.99
41470,Historical,146700,0,0,S,11,1,3234872,180,2010,11,55.34,0
41471,Historical,146716,0,0,S,4,1,1596635,203.07,2011,17,70.7,59.99
41472,Historical,146718,0,0,S,7,1,1333854,166,2011,14,128.82,83.71
41474,Historical,146735,0,0,S,9,1,1011376,166,2011,27,121.67,52.74
41475,Historical,146749,0,0,S,11,1,1466487,157.53,2011,8,116.85,153.94
41476,Historical,146770,0,0,S,11,1,1466208,128,2011,8,69.54,98.99
41477,Historical,146791,0,0,S,6,1,1038204,200.93,2011,12,146.05,15.24
41478,Historical,146792,0,0,S,4,1,1151026,135.93,2011,12,89.98,129.92
41479,Historical,146806,0,0,S,13,1,1791693,130.07,2011,16,95.66,83.95
41481,Historical,146918,0,0,S,2,1,541759,49.95,2000,45,66.1,33.94
41482,Historical,146932,0,0,S,5,1,288970,79.95,2002,40,6.91,38.21
41483,Historical,1470215,0,0,S,10,1,3099368,82.5,2006,18,12.33,58.28
41485,Historical,147192,0,0,S,3,1,1462532,49.95,2004,24,4.22,22.94
41486,Historical,1472000,0,0,S,1,0,999799,10.95,2008,30,28.13,6.97
41488,Historical,1473693,0,0,S,11,1,1690900,60,2010,26,22.11,88
41490,Historical,1474848,0,0,S,8,1,9602415,54.5,2011,14,60.36,73.09
41491,Historical,147535,0,0,S,18,1,2707794,39.95,2007,11,42.05,16.48
41495,Historical,147750,0,0,S,2,1,2989790,113.95,1999,23,4.15,10.42
41496,Historical,147831,0,0,S,3,1,1785023,207.95,2002,31,34.96,18.83
41498,Historical,147946,0,0,S,2,1,2748403,209.95,2003,25,146.96,28.15
41499,Historical,148010,0,0,S,5,1,1088220,189.95,2003,44,171.21,18.33
41500,Historical,148039,0,0,S,3,1,1207075,302.95,2003,34,63.99,47.03
41502,Historical,1480948,0,0,S,7,1,539800,143.33,2011,17,0,153.99
41504,Historical,1481253,0,0,S,7,1,1132541,237.73,2011,11,0,400.07
41508,Historical,1483204,0,0,S,3,1,668238,180.07,2012,22,0,153.13
41509,Historical,1483254,0,0,S,8,1,921230,70,2015,19,89.77,53.99
41511,Historical,148368,0,0,S,4,1,3532192,274.95,2006,32,62.65,5.03
41513,Historical,148392,0,0,S,4,1,3105957,75.95,2006,15,33.93,146.32
41515,Historical,148579,0,0,S,7,1,921238,388.95,2007,21,128.07,71.87
41516,Historical,148589,0,0,S,8,1,4462667,67.95,2007,21,38.53,52.31
41521,Historical,148717,0,0,S,10,1,2944713,237.95,2008,27,52.03,73.84
41522,Historical,148765,0,0,S,5,1,390809,369.95,2009,22,146.96,87.49
41532,Historical,1496869,0,0,S,0,0,101157,35,2011,55,19.97,22.8
41534,Historical,1498374,0,0,S,0,0,360830,99.99,2011,20,49.04,63.45
41541,Historical,1506524,0,0,S,0,0,943747,49,2013,33,0,51.84
41545,Historical,1512624,0,0,S,9,1,4632980,184,2007,15,69.39,0
41546,Historical,1515947,0,0,S,12,1,462597,73.33,2012,14,179.12,7.99
41548,Historical,1516371,0,0,S,7,1,229070,83.6,2011,9,86.46,19.64
41553,Historical,1516800,0,0,S,6,1,264411,159.33,2013,30,0,94.49
41565,Historical,1517641,0,0,S,10,1,312686,174,2015,22,137.39,74.36
41566,Historical,1517725,0,0,S,10,1,902985,151.33,2015,20,0,67.39
41567,Historical,1517773,0,0,S,11,1,784050,144,2015,35,89.98,48.99
41571,Historical,153360,0,0,S,2,1,187558,94.18,2006,28,18.92,100.39
41572,Historical,1534049,0,0,S,3,1,1364091,84.95,2010,28,15.83,56.08
41577,Historical,153701,0,0,S,10,1,9397,18.95,2012,72,18.97,8.98
41578,Historical,153874,0,0,S,4,1,1924496,75,2005,24,11.39,48.15
41579,Historical,153902,0,0,S,8,1,5855751,72.45,2004,29,45.73,16.84
41581,Historical,154293,0,0,S,0,0,213900,92.3,2002,41,34.49,12.94
41582,Historical,154353,0,0,S,4,1,227971,50.45,2001,107,4,13.79
41586,Historical,155125,0,0,S,6,1,1530079,169.95,1998,21,6.27,66.35
41587,Historical,155203,0,0,S,5,1,779337,143.95,1997,48,4,16.01
41588,Historical,155235,0,0,S,4,1,1529035,46.76,1999,53,42.99,49.99
41589,Historical,155362,0,0,S,3,1,408725,226.95,1999,48,4,23.97
41590,Historical,155415,0,0,S,5,1,2600904,118.95,2000,32,78.4,12.99
41596,Historical,156529,0,0,S,1,0,701678,46.95,1995,22,0,30.24
41599,Historical,156903,0,0,S,3,1,713094,65.95,2002,39,5.98,39.82
41603,Historical,1574778,0,0,S,9,1,123995,53.95,2008,40,60.79,7.42
41609,Historical,157543,0,0,S,0,0,732306,51.95,2010,21,21.55,44
41610,Historical,1581582,0,0,S,2,1,2052134,67,2010,32,46.24,20.99
41611,Historical,158176,0,0,S,4,1,2725505,62.95,2007,29,73.95,4.24
41612,Historical,1582568,0,0,S,2,1,704273,49.99,2010,17,26.68,29.99
41614,Historical,158286,0,0,S,2,1,2944506,39.95,2008,14,28.65,33.83
41618,Historical,158953,0,0,S,0,0,294822,60,2005,27,0,38.94
41620,Historical,159505,0,0,S,2,1,2298355,81.95,2005,18,41.98,44.27
41623,Historical,1604573,0,0,S,1,0,631286,21.55,2012,7,0,12.69
41625,Historical,1610232,0,0,S,9,1,1451439,0,2009,13,118.98,73.41
41629,Historical,162111,0,0,S,2,1,527332,180.95,2007,76,48.99,99.49
41630,Historical,1621876,0,0,S,8,1,704659,134.95,2006,21,190.79,58.96
41631,Historical,162242,0,0,S,4,1,2266738,0,2009,32,63.02,38.69
41633,Historical,162717,0,0,S,3,1,2355037,64.19,2008,21,55.18,62.85
41634,Historical,162724,0,0,S,3,1,1593895,259.9,2008,22,55.18,270.53
41636,Historical,162806,0,0,S,7,1,1800715,125,2010,20,10.69,4.68
41640,Historical,162995,0,0,S,8,1,982143,55,2010,53,68.31,10.59
41641,Historical,163010,0,0,S,3,1,277000,120.24,2009,15,77.23,64.03
41644,Historical,163336,0,0,S,2,1,1402815,70.95,2004,36,8.47,59.4
41646,Historical,163466,0,0,S,9,1,751048,155.75,2010,12,62.9,47.4
41647,Historical,163829,0,0,S,2,1,1700200,180,1996,27,72.53,54.43
41648,Historical,163858,0,0,S,2,1,799179,72.04,1998,28,6.23,72.46
41649,Historical,163882,0,0,S,4,1,354266,135,1996,29,5.69,53.07
41650,Historical,164438,0,0,S,8,1,2637605,39.9,2003,24,25.46,45.61
41651,Historical,1645830,0,0,S,2,1,1216271,92,2011,17,0,78.83
41655,Historical,165163,0,0,S,8,1,807771,86.56,1996,17,188.99,40.98
41656,Historical,165166,0,0,S,4,1,4604662,19.99,1999,20,38.03,42.56
41657,Historical,165324,0,0,S,5,1,556027,38.99,2001,26,44.99,38.84
41658,Historical,165383,0,0,S,2,1,143159,23.94,2001,22,137.41,66.35
41659,Historical,165498,0,0,S,3,1,1033356,125,2002,28,5.7,31.33
41660,Historical,165663,0,0,S,9,1,3796142,24.95,2004,42,40.28,15.84
41666,Historical,165999,0,0,S,2,1,524811,89,2003,18,0,56.15
41669,Historical,166272,0,0,S,2,1,890883,175,1995,26,68.99,231.61
41670,Historical,166276,0,0,S,7,1,68488,0,1997,23,29,90.77
41671,Historical,166396,0,0,S,8,1,715673,49.54,2004,13,113.95,49.54
41672,Historical,166568,0,0,S,8,1,1354123,17.55,2004,23,112.98,17.97
41673,Historical,166707,0,0,S,4,1,749155,50.09,2005,34,0,49.91
41674,Historical,167025,0,0,S,8,1,978496,0,2005,18,119.05,63.97
41675,Historical,167101,0,0,S,2,1,710521,40,2007,40,4.81,13.27
41677,Historical,167323,0,0,S,1,0,994222,49.99,2006,31,23.19,28.98
41680,Historical,1679781,0,0,S,44,1,6219796,54.95,2009,16,16.51,25
41689,Historical,169299,0,0,S,3,1,612378,102.95,2006,22,13.9,33.99
41691,Historical,169429,0,0,S,9,1,4065811,15.95,2007,11,115,103.59
41695,Historical,1696988,0,0,S,0,0,22019,19.99,2015,28,15.71,13.68
41696,Historical,169788,0,0,S,9,1,548682,146.95,2008,12,120.93,53.97
41697,Historical,169939,0,0,S,5,1,1130550,216.95,2009,43,154.6,52.39
41698,Historical,169965,0,0,S,13,1,335121,111.95,2009,18,43.99,77.38
41699,Historical,170066,0,0,S,9,1,866291,294.95,2010,41,6.99,45.69
41700,Historical,170082,0,0,S,7,1,1679645,139.95,2010,32,86.5,43.99
41701,Historical,170156,0,0,S,2,1,5346114,261.95,2010,14,99.98,101.27
41720,Historical,1723598,0,0,S,15,1,567617,34.95,2012,13,53.99,28.94
41727,Historical,1729779,0,0,S,0,0,1528753,38.95,2008,21,0,28.99
41728,Historical,1730576,0,0,S,4,1,3801585,36.95,2008,20,40.62,7.99
41732,Historical,1731762,0,0,S,0,0,293225,149.95,2008,16,151.93,28.88
41735,Historical,173498,0,0,S,2,1,260516,33.99,1995,57,13.98,8.96
41744,Historical,174624,0,0,S,2,1,1304940,209.99,2000,20,43.98,73.21
41745,Historical,174749,0,0,S,0,0,222482,49.99,1999,36,0,28.99
41746,Historical,1748655,0,0,S,0,0,131400,19.99,2011,14,59.16,15.53
41749,Historical,175131,0,0,S,2,1,430134,78.99,2002,28,0,53.99
41750,Historical,175143,0,0,S,4,1,746745,99,2010,19,28.92,75.31
41754,Historical,175999,0,0,S,2,1,1381288,70,2002,17,47.39,73.99
41756,Historical,176158,0,0,S,0,0,44000,39.95,2005,74,36.53,25.75
41758,Historical,176579,0,0,S,8,1,929554,51.95,1996,27,22.99,41.47
41759,Historical,176641,0,0,S,1,0,654739,119.95,1996,26,41.98,28.99
41761,Historical,176661,0,0,S,2,1,1023594,204.95,1996,46,3.99,37.93
41763,Historical,176694,0,0,S,2,1,812538,173.95,1997,40,4,22.98
41767,Historical,176890,0,0,S,2,1,1156793,196.95,2000,34,125.44,73.45
41769,Historical,176904,0,0,S,3,1,617028,163.95,2003,30,6.5,12.98
41770,Historical,176921,0,0,S,4,1,3248227,212.95,2001,37,127.67,13.49
41772,Historical,176966,0,0,S,8,1,2358865,155.95,2003,43,86.84,10.96
41773,Historical,177055,0,0,S,3,1,1425604,181.95,2005,20,114.06,38.99
41775,Historical,177186,0,0,S,3,1,282519,305.95,2004,21,4.89,49.88
41778,Historical,177215,0,0,S,4,1,285540,81.95,2005,29,97.82,23.49
41781,Historical,1773010,0,0,S,2,1,100485,64.75,2012,5,0,59.88
41783,Historical,1773014,0,0,S,7,1,1628285,324.95,2012,18,0,285.76
41784,Historical,177382,0,0,S,9,1,568240,170.95,2000,39,4.92,19.78
41785,Historical,177575,0,0,S,2,1,5808413,114.95,2001,20,74.2,20.84
41786,Historical,177649,0,0,S,9,1,4354151,103.95,2003,42,100.65,9.99
41787,Historical,177674,0,0,S,6,1,6364313,35.95,2003,24,15.59,49.41
41790,Historical,177777,0,0,S,5,1,4924248,40.95,2002,25,53.05,14.96
41792,Historical,177825,0,0,S,10,1,4229369,112.95,2005,48,100.65,19.97
41797,Historical,177860,0,0,S,2,1,758949,96.95,2003,29,16.67,20.93
41800,Historical,177940,0,0,S,6,1,3443454,83.95,2005,28,67.55,65.9
41801,Historical,177941,0,0,S,3,1,1112113,152.95,2003,39,4,38.99
41803,Historical,1779694,0,0,S,2,1,1027250,72.25,2013,15,138.94,23.8
41809,Historical,1780382,0,0,S,9,1,1248158,40,2013,12,0,23.99
41811,Historical,178074,0,0,S,2,1,908675,152.95,2004,20,4,21.11
41812,Historical,1780881,0,0,S,10,1,1157647,40,2014,13,0,27.29
41814,Historical,1781155,0,0,S,10,1,679663,103,2014,16,0,63.99
41816,Historical,178238,0,0,S,4,1,2909527,152.95,1997,31,109.65,29.86
41823,Historical,178279,0,0,S,2,1,1960151,313.95,2005,12,58.99,20.22
41824,Historical,1783168,0,0,S,8,1,574649,0,2012,20,27.99,49.98
41828,Historical,178574,0,0,S,1,0,1075084,36,2001,39,98.99,43.98
41829,Historical,178607,0,0,S,4,1,1474029,50.95,2005,25,31.89,43.85
41831,Historical,178757,0,0,S,6,1,1247844,107.95,1996,38,6.79,33.99
41832,Historical,178783,0,0,S,4,1,1655872,120.95,1999,61,0,12.09
41833,Historical,178842,0,0,S,4,1,3214555,107.95,2005,12,65.55,7.39
41834,Historical,179028,0,0,S,3,1,2914597,101.95,1996,32,28.99,44.68
41835,Historical,179034,0,0,S,3,1,3762021,80.95,1998,31,48.99,8.14
41836,Historical,180701,0,0,S,8,1,465209,0,2009,23,127.6,253.99
41839,Historical,1815858,0,0,S,2,1,1322634,93.8,2010,32,135.9,42.77
41840,Historical,1822313,0,0,S,9,1,163994,28.54,2012,14,0,25.06
41847,Historical,1822645,0,0,S,11,1,612909,154,2014,29,122.45,44.99
41851,Historical,182426,0,0,S,4,1,968105,153.95,2000,39,4,40.97
41857,Historical,1827246,0,0,S,7,1,527796,50.95,2014,17,107.99,49.77
41861,Historical,182786,0,0,S,7,1,2467969,20.09,2003,29,18.94,49
41862,Historical,182900,0,0,S,3,1,3225497,207.95,2003,75,63.99,8.95
41864,Historical,1829834,0,0,S,5,1,380973,76.95,2015,13,65.41,68.98
41868,Historical,1829889,0,0,S,13,1,742975,155.95,2013,13,0,162.9
41873,Historical,183295,0,0,S,6,1,1038071,55.95,2004,13,103.99,73.27
41874,Historical,183559,0,0,S,2,1,332028,172.95,2006,31,18.4,12.83
41875,Historical,183696,0,0,S,3,1,4138946,242.95,2006,19,13.9,53.89
41876,Historical,183824,0,0,S,2,1,859403,157.95,2003,29,4.33,48.75
41879,Historical,1848242,0,0,S,0,0,1167748,65,2008,22,31.88,39.4
41881,Historical,185316,0,0,S,1,0,281694,35,1996,128,0,12.99
41882,Historical,185464,0,0,S,0,0,128315,10.63,2004,193,39.17,9.98
41888,Historical,186362,0,0,S,0,0,253373,39.95,2003,20,0,33.85
41890,Historical,1870695,0,0,S,0,0,382514,35,2010,41,11.11,20.24
41893,Historical,187958,0,0,S,3,1,545810,79.95,1999,15,4,76.87
41897,Historical,1890603,0,0,S,0,0,679235,99.99,2008,36,61.92,61.85
41898,Historical,1890616,0,0,S,0,0,757858,79.99,2009,12,61.92,43.96
41901,Historical,1907814,0,0,S,0,0,856639,94.95,2010,38,67.9,9.94
41903,Historical,191493,0,0,S,3,1,78279,59.95,1996,34,0,32.58
41906,Historical,1918126,0,0,S,38,1,1422542,65,2010,26,11.23,39.49
41907,Historical,1918170,0,0,S,18,1,709977,70,2012,24,16.47,12.95
41909,Historical,191937,0,0,S,5,1,684054,90.02,2003,22,37.94,87.11
41914,Historical,192711,0,0,S,2,1,2376555,44.95,2000,28,63.99,16.82
41917,Historical,192843,0,0,S,5,1,3293002,49.95,2001,21,9.65,50.81
41920,Historical,193225,0,0,S,3,1,2303940,32,2011,38,6.04,15.84
41921,Historical,1932491,0,0,S,2,1,1127049,49.99,2014,33,22.74,30.33
41922,Historical,1932641,0,0,S,1,0,1274582,49.99,2011,57,5.52,4.95
41924,Historical,1933286,0,0,S,6,1,1006240,109.95,2012,11,0,153.99
41926,Historical,1933340,0,0,S,6,1,411490,154.95,2012,15,62.22,172.91
41930,Historical,193617,0,0,S,5,1,1065683,58,2008,21,24,21.06
41932,Historical,1936248,0,0,S,20,1,478679,99.95,2012,6,161.37,10.88
41935,Historical,193732,0,0,S,5,1,1448290,57.95,2010,22,23.92,47.28
41938,Historical,1946614,0,0,S,6,1,659005,122.25,2014,30,0,93.95
41939,Historical,1946659,0,0,S,10,1,461317,87,2014,20,0,70.29
41940,Historical,195025,0,0,S,0,0,612821,29.95,2004,32,35.81,11.67
41952,Historical,1957984,0,0,S,0,0,117720,30,2014,18,16.83,17.95
41957,Historical,196550,0,0,S,2,1,6543048,35.95,2005,30,20.27,32.72
41960,Historical,196773,0,0,S,4,1,2174959,80.95,2006,14,32.65,63.49
41962,Historical,198601,0,0,S,15,1,609791,24.59,1995,29,13.78,33.95
41964,Historical,198932,0,0,S,2,1,383331,52,1999,18,0,53.01
41965,Historical,198985,0,0,S,3,1,1043289,67,2000,16,0,61.32
41968,Historical,1991508,0,0,S,3,1,58609,39.99,2013,36,39.22,37.42
41971,Historical,199375,0,0,S,2,1,1089677,114,2005,26,18.85,26.78
41972,Historical,199968,0,0,S,3,1,1577191,102.95,2003,23,47.02,28.99
41973,Historical,199990,0,0,S,3,1,450308,116.95,2003,22,43.99,56.23
41974,Historical,200056,0,0,S,4,1,832500,85.95,2005,32,20.99,43.87
41975,Historical,200183,0,0,S,3,1,2615628,82.95,2003,11,44.99,17.29
41981,Historical,200592,0,0,S,7,1,177478,246.95,2009,25,22.14,18.94
41990,Historical,2015510,0,0,S,0,0,235905,35,2011,24,15.59,22.91
41995,Historical,202195,0,0,S,2,1,684193,221.95,2001,24,0,88.93
41998,Historical,202302,0,0,S,3,1,1635119,157.95,2000,20,6.91,26.98
41999,Historical,2023782,0,0,S,9,1,1412342,49.99,2009,85,13.99,4
42000,Historical,202534,0,0,S,1,0,60990,40,1997,256,6.47,16.49
42002,Historical,2025440,0,0,S,1,0,697424,99.95,2013,22,20.29,48.05
42005,Historical,203187,0,0,S,2,1,181799,125,2000,22,4.46,94.87
42006,Historical,203385,0,0,S,5,1,4735442,325,2001,11,320.01,29.73
42008,Historical,203510,0,0,S,2,1,704691,31.95,2002,31,13.99,47.99
42009,Historical,203574,0,0,S,3,1,1095521,115,2003,16,110.91,102.98
42010,Historical,203613,0,0,S,4,1,4751706,49.95,2003,40,47.89,4.7
42011,Historical,2036943,0,0,S,5,1,1221280,66.64,2008,23,34.89,25.94
42013,Historical,203818,0,0,S,2,1,1037710,70.95,2004,17,5.99,36.85
42022,Historical,2049833,0,0,S,0,0,35599,10.99,2012,52,26.45,7.32
42026,Historical,205389,0,0,S,7,1,809401,52.95,2000,17,61.99,75.84
42028,Historical,2054231,0,0,S,1,0,1687653,12.95,2010,37,16.21,10.56
42031,Historical,205680,0,0,S,2,1,1106588,75,2000,27,4,43.83
42032,Historical,205692,0,0,S,2,1,1631690,85,2000,25,0,59.99
42033,Historical,205734,0,0,S,1,0,109817,55,2002,22,0,25.53
42034,Historical,2057767,0,0,S,12,1,1050634,49.99,2011,86,13.99,4.97
42035,Historical,2057794,0,0,S,13,1,849647,49.99,2012,65,13.99,7.67
42039,Historical,206581,0,0,S,2,1,589172,107.95,1999,25,4.37,28.89
42040,Historical,206587,0,0,S,2,1,1518920,123.95,2000,39,4,48.76
42048,Historical,2079994,0,0,S,0,0,233349,38.99,2014,15,28.48,28.92
42049,Historical,2080952,0,0,S,4,1,2338311,267.99,2010,19,5.34,28.97
42056,Historical,208561,0,0,S,2,1,1929610,34,1997,22,18.89,49.44
42060,Historical,2085923,0,0,S,0,0,132732,62.99,2013,21,40.88,42.35
42067,Historical,2092219,0,0,S,0,0,109106,19.95,2013,29,7.97,12.98
42070,Historical,2094389,0,0,S,1,0,24715,10.99,2013,31,26.45,5.98
42071,Historical,2094476,0,0,S,0,0,11077,39.99,2015,32,26.45,23.98
42074,Historical,2097510,0,0,S,0,0,71901,79.99,2013,17,48.99,52.15
42078,Historical,2100694,0,0,S,0,0,4393,35,2014,26,18.98,18.98
42087,Historical,210864,0,0,S,4,1,391778,69.95,2002,36,5.64,16.23
42088,Historical,210911,0,0,S,9,1,3432895,35.95,2005,18,7.99,4.88
42097,Historical,212344,0,0,S,9,1,544732,68.4,2005,34,113.99,25.94
42098,Historical,212392,0,0,S,4,1,1500742,64,1996,31,173.3,66.53
42099,Historical,212434,0,0,S,4,1,466117,0,2005,65,104.39,62.88
42100,Historical,212464,0,0,S,5,1,187047,119.96,1999,118,135.9,11.14
42101,Historical,212500,0,0,S,8,1,555082,114.8,2007,19,118.76,96.9
42103,Historical,213178,0,0,S,2,1,664224,49.95,2005,38,13.03,42.99
42106,Historical,2137530,0,0,S,2,1,961155,48.95,2008,21,20.78,78.1
42107,Historical,2138852,0,0,S,0,0,147840,29.95,2007,15,24.95,23.38
42115,Historical,215116,0,0,S,1,0,191544,94.95,2000,18,47.4,65.69
42120,Historical,2155238,0,0,S,7,1,587662,29.95,2010,32,24.48,18.98
42135,Historical,217149,0,0,S,2,1,773900,47,1996,25,0,23.16
42138,Historical,217261,0,0,S,4,1,1202021,40,2004,35,31.45,33.94
42141,Historical,217439,0,0,S,5,1,531742,71.6,2000,24,6.62,73.71
42145,Historical,220347,0,0,S,3,1,261515,189,2002,42,60.73,115.41
42146,Historical,2204368,0,0,S,0,0,1331745,39.95,2011,33,15.58,26.59
42148,Historical,2205735,0,0,S,0,0,106818,14.99,2013,20,21.09,11.13
42151,Historical,220756,0,0,S,0,0,95570,9,1998,104,81.98,6.64
42154,Historical,222047,0,0,S,2,1,11209,28,2009,70,19.82,19.29
42157,Historical,222948,0,0,S,2,1,2383382,330.95,1995,34,63.48,28.94
42158,Historical,223032,0,0,S,6,1,5564204,145.95,1997,23,21.88,8.91
42159,Historical,223592,0,0,S,5,1,1517597,64.5,2001,26,53.99,82.99
42161,Historical,2238259,0,0,S,6,1,938895,24.99,2013,9,0,20.82
42164,Historical,2244732,0,0,S,3,1,1436878,70.99,2011,17,161.05,98.99
42167,Historical,2247766,0,0,S,7,1,1487156,0,2006,26,19.99,20.98
42168,Historical,2247783,0,0,S,2,1,154835,66.83,2007,11,0,29.94
42169,Historical,225059,0,0,S,0,0,256186,24.99,2004,54,12.92,27.34
42170,Historical,2252987,0,0,S,15,1,4333402,27.25,2008,37,117.98,16.91
42171,Historical,2253407,0,0,S,8,1,138772,103.99,2010,21,0,99.5
42172,Historical,2254008,0,0,S,8,1,2342312,317.41,2007,19,47.49,93.84
42173,Historical,225690,0,0,S,0,0,743887,139.95,2004,18,143.11,63.33
42174,Historical,225691,0,0,S,0,0,818878,139.95,2005,14,143.11,73.73
42175,Historical,225692,0,0,S,0,0,901272,139.95,2006,15,143.11,52.77
42177,Historical,2258499,0,0,S,3,1,1397257,39.21,2008,22,22.24,39.21
42178,Historical,2261895,0,0,S,2,1,2723838,86.63,2012,38,48.93,145.28
42179,Historical,2262085,0,0,S,3,1,3527589,134.38,2006,15,74.98,117.11
42180,Historical,2262848,0,0,S,14,1,2117193,46.55,2010,43,95.98,38.34
42181,Historical,2264728,0,0,S,5,1,189438,105.15,2011,55,41.02,90.76
42182,Historical,2265619,0,0,S,9,1,2993674,40.65,2008,46,103.54,34.45
42184,Historical,2271905,0,0,S,9,1,2173399,51.95,2008,39,103.54,37.07
42185,Historical,227334,0,0,S,4,1,1216332,142.95,1997,30,16.45,50.39
42187,Historical,2282544,0,0,S,4,1,44184,28.98,2012,6,0,33.49
42196,Historical,2302779,0,0,S,2,1,134680,156.75,1993,61,20.05,30.7
42197,Historical,2304770,0,0,S,3,1,1644560,43.98,1996,31,4.86,43.94
42198,Historical,2309471,0,0,S,2,1,2297398,40.95,1989,31,44.39,40.99
42199,Historical,2310625,0,0,S,2,1,764648,90.95,1993,13,5.28,50.19
42200,Historical,2311156,0,0,S,0,0,593041,90.2,1992,45,23.89,50.05
42202,Historical,2314568,0,0,S,5,1,1395020,159.95,1999,22,142.58,74.57
42206,Historical,232799,0,0,S,3,1,76525,28.95,2009,60,30.6,18.99
42212,Historical,2331204,0,0,S,2,1,489388,57,1990,25,0,53.93
42213,Historical,2331584,0,0,S,4,1,328761,71,1995,21,6.52,58.07
42214,Historical,2331737,0,0,S,6,1,169316,69.5,1989,36,4,18.41
42215,Historical,2331780,0,0,S,2,1,1398034,107.81,1979,30,4.77,62.65
42216,Historical,2332379,0,0,S,5,1,1329298,101.2,1993,15,98.99,80.91
42217,Historical,2333364,0,0,S,3,1,206396,109,1983,20,0,100.71
42218,Historical,233349,0,0,S,1,0,270050,49.99,2005,27,18.99,49.99
42219,Historical,2333532,0,0,S,2,1,1571302,96.6,1992,16,77.79,51.99
42220,Historical,2333849,0,0,S,3,1,565678,69.34,1993,37,0,126.87
42221,Historical,2336174,0,0,S,2,1,1790024,102.25,1992,20,5.68,56.99
42222,Historical,2337578,0,0,S,3,1,740226,121.8,1992,28,4,45.11
42223,Historical,2337707,0,0,S,4,1,1384151,122.85,1988,17,6.37,210.16
42224,Historical,2338051,0,0,S,4,1,838587,126.41,1991,45,4,43.93
42225,Historical,233814,0,0,S,3,1,691607,174.4,2005,36,4.97,105.9
42227,Historical,2339218,0,0,S,3,1,2758196,154.47,1984,21,37.57,77.68
42228,Historical,2339811,0,0,S,2,1,911981,126.75,1987,23,6.03,73.83
42229,Historical,2339881,0,0,S,5,1,1057481,66.75,1989,18,45.34,110.5
42230,Historical,2340652,0,0,S,5,1,2063866,69.25,1995,22,11.28,45.61
42231,Historical,234075,0,0,S,0,0,246812,69.95,1995,19,0,115.96
42232,Historical,2341003,0,0,S,4,1,1613715,87.32,1988,14,40.03,111.95
42233,Historical,2341263,0,0,S,2,1,3372948,69,1995,23,44.48,12.98
42234,Historical,2343505,0,0,S,2,1,893368,152.25,1982,15,40.09,53.13
42235,Historical,2349928,0,0,S,3,1,1352477,10.95,2003,32,24.97,19.57
42238,Historical,2351830,0,0,S,6,1,775418,238.17,1999,20,12.09,151.17
42239,Historical,2352258,0,0,S,6,1,1391004,27.26,2004,44,9.28,19.99
42240,Historical,2353368,0,0,S,7,1,191037,93.51,2005,22,136.99,68.92
42241,Historical,2362411,0,0,S,4,1,800890,79.95,1994,18,0,70
42242,Historical,2362989,0,0,S,3,1,4603722,86.95,2001,23,52.95,63.78
42243,Historical,2366671,0,0,S,6,1,2671276,44,1993,21,103.99,13.85
42244,Historical,2369372,0,0,S,3,1,697887,73,1990,17,992.22,64.28
42245,Historical,2373279,0,0,S,4,1,2467480,44.56,1995,53,61.92,16.99
42246,Historical,2373572,0,0,S,10,1,871609,131,2003,16,144.61,68.99
42247,Historical,2373894,0,0,S,3,1,4258123,96.8,2004,25,4.87,66.33
42248,Historical,2375039,0,0,S,4,1,1135618,81.6,2005,26,113,10.99
42249,Historical,2375925,0,0,S,4,1,1521143,134,2004,84,4.76,33.94
42250,Historical,2376087,0,0,S,3,1,4037195,101.33,2004,35,68.62,5.99
42251,Historical,2376271,0,0,S,21,1,924907,125.8,2005,25,43.94,53.25
42252,Historical,2376821,0,0,S,3,1,638807,115,1995,26,4.19,32.01
42253,Historical,2377487,0,0,S,2,1,2649772,0,2005,17,0,74.52
42255,Historical,2379136,0,0,S,2,1,11785741,47.88,1989,18,41.91,93.79
42256,Historical,2381214,0,0,S,3,1,5663629,34.2,1996,29,22.22,34.01
42257,Historical,2382026,0,0,S,2,1,311318,79.6,1995,24,4,84.34
42258,Historical,2382603,0,0,S,2,1,3115331,38,1996,28,59.01,48.19
42259,Historical,2385832,0,0,S,2,1,1629514,248.4,1997,31,16.23,57.33
42260,Historical,2387582,0,0,S,3,1,664282,57.33,1986,13,69.98,43.67
42261,Historical,2388583,0,0,S,2,1,2169749,84,1992,24,33.16,35.99
42262,Historical,2389001,0,0,S,2,1,510152,86,1975,28,0,68.21
42263,Historical,2390789,0,0,S,3,1,2265377,30.37,1983,45,76.28,30.37
42264,Historical,2392508,0,0,S,5,1,321325,169.4,1993,59,4.55,36.94
42265,Historical,2393313,0,0,S,4,1,703382,201.8,1998,30,3.99,42.35
42266,Historical,2395749,0,0,S,0,0,108274,20,2005,117,45.11,10.42
42267,Historical,2396634,0,0,S,1,0,343417,10.9,2005,21,33.65,10.44
42268,Historical,2396838,0,0,S,2,1,1763184,252.95,1994,14,4.47,72.92
42269,Historical,2397396,0,0,S,9,1,2479255,63.51,1991,68,7.64,28.94
42272,Historical,2401427,0,0,S,3,1,1647127,130.13,2005,21,21.7,72.87
42273,Historical,2403484,0,0,S,3,1,559324,76.95,1982,35,0,61.09
42274,Historical,2405110,0,0,S,2,1,804209,59.95,1990,20,49.24,61.37
42275,Historical,2406496,0,0,S,5,1,1263847,49.95,1993,57,53.95,31.19
42276,Historical,2415389,0,0,S,3,1,668060,84,2004,19,4.75,37.49
42277,Historical,2415881,0,0,S,3,1,142831,175,1973,33,8.36,71.18
42278,Historical,2423379,0,0,S,4,1,498580,175,1984,25,0,19.94
42279,Historical,2427056,0,0,S,7,1,4578751,72.95,1994,29,133.99,18.84
42280,Historical,2431481,0,0,S,3,1,1910074,54,2000,34,4.33,18.72
42281,Historical,243391,0,0,S,4,1,1108060,69.95,2009,18,152.91,72.47
42282,Historical,2434524,0,0,S,9,1,1613734,85.84,1974,19,0,57.69
42283,Historical,2434736,0,0,S,3,1,1305071,64.99,1996,25,32.72,108.1
42284,Historical,2434812,0,0,S,2,1,619730,79.95,1997,28,5.92,62.92
42285,Historical,243850,0,0,S,20,1,685689,57.95,2010,35,11.63,8.99
42286,Historical,2439274,0,0,S,2,1,3318923,84,1994,22,57.38,51.87
42287,Historical,243944,0,0,S,6,1,2050796,118.95,2008,23,28.99,70.99
42290,Historical,244163,0,0,S,0,0,2428589,399.95,2011,22,10.32,535.91
42291,Historical,244294,0,0,S,10,1,1137934,23.99,2011,17,27.06,23.69
42292,Historical,244338,0,0,S,14,1,1186071,31.1,2011,21,168.27,51.64
42293,Historical,244374,0,0,S,12,1,347432,42.94,2011,20,133.99,93.87
42295,Historical,245041,0,0,S,2,1,1036558,88.95,2004,24,6.61,52.63
42296,Historical,245052,0,0,S,5,1,1227501,104.95,2004,22,90.2,16.98
42297,Historical,245115,0,0,S,3,1,2239467,184.95,2005,57,7.24,8.06
42298,Historical,245145,0,0,S,3,1,889969,254.95,2003,67,0,32.74
42300,Historical,2471296,0,0,S,10,1,4723459,26.9,1995,19,0,23.94
42301,Historical,247453,0,0,S,2,1,2031292,44.95,2004,33,32.51,8.52
42302,Historical,247464,0,0,S,2,1,401933,71,2005,26,4.32,13.82
42305,Historical,248323,0,0,S,3,1,1227567,144.95,2004,20,19.88,47.43
42306,Historical,248483,0,0,S,13,1,1213771,39.99,2005,24,34.77,13.94
42307,Historical,248500,0,0,S,9,1,2878214,39.99,2007,27,4.75,8.81
42308,Historical,248517,0,0,S,21,1,307118,49.99,2011,19,26.81,62.04
42310,Historical,2485569,0,0,S,6,1,3275267,89.95,1999,35,5,49.71
42311,Historical,249029,0,0,S,8,1,1628453,228,2007,8,139.04,52.99
42312,Historical,249799,0,0,S,2,1,1445296,210.95,2005,33,4.32,13.94
42314,Historical,250068,0,0,S,3,1,3418764,210.95,2006,21,26.57,6.42
42315,Historical,250081,0,0,S,4,1,3637412,67.95,2006,33,80.93,13.89
42318,Historical,2502192,0,0,S,3,1,2505177,125,1993,37,33.97,38.73
42319,Historical,2507642,0,0,S,2,1,563892,67.75,1979,62,4,39.53
42320,Historical,2508151,0,0,S,3,1,906682,162.97,1983,19,0,114.72
42321,Historical,2511933,0,0,S,0,0,593616,54,1992,36,6.84,58.7
42322,Historical,2511994,0,0,S,6,1,989439,52.55,1993,83,4.99,25.97
42323,Historical,2512007,0,0,S,4,1,10100341,42.6,1993,20,0,13.6
42324,Historical,251218,0,0,S,6,1,1261076,184.95,2010,30,61.18,17.68
42325,Historical,251712,0,0,S,2,1,85309,40,2008,70,5.04,18.43
42327,Historical,251949,0,0,S,4,1,936272,47.95,2008,72,23.37,10.02
42329,Historical,2525217,0,0,S,2,1,884882,99,1960,16,0,77.72
42330,Historical,2526457,0,0,S,1,0,740662,41.95,1988,29,30.98,38.88
42331,Historical,252678,0,0,S,9,1,1621658,88.59,2008,17,129.99,33.98
42332,Historical,252688,0,0,S,8,1,996220,397.99,2008,17,116.36,68.99
42335,Historical,2531722,0,0,S,0,0,500139,45.95,1995,19,0,38.99
42336,Historical,2533691,0,0,S,2,1,1226285,43.95,1999,17,134.42,64.61
42338,Historical,2539147,0,0,S,4,1,224305,47.95,2001,33,6.45,38.63
42339,Historical,2541125,0,0,S,2,1,2161168,46.95,2002,27,154.47,24.88
42340,Historical,254173,0,0,S,3,1,2888806,141.95,2009,20,15.22,83.99
42342,Historical,2543304,0,0,S,2,1,1036058,35.95,2004,12,75.65,33.98
42343,Historical,2543622,0,0,S,3,1,1250223,77.95,2004,22,35.62,18.94
42345,Historical,2549052,0,0,S,1,0,710005,7.99,2003,205,70.53,5.61
42346,Historical,254920,0,0,S,3,1,3236241,29.95,2008,19,23.82,72.33
42347,Historical,2549562,0,0,S,2,1,1590522,141.81,1990,31,0,66.81
42348,Historical,2551217,0,0,S,5,1,430352,63.95,1999,15,0,63.59
42349,Historical,2559878,0,0,S,7,1,1137976,2425.54,1979,14,0,66.57
42350,Historical,2559935,0,0,S,3,1,1266022,115,1995,24,21.49,53.29
42351,Historical,2560124,0,0,S,2,1,1414820,85,1995,31,4.09,13.99
42352,Historical,2560599,0,0,S,2,1,1041361,199.5,1980,24,0,48.49
42353,Historical,256195,0,0,S,17,1,492791,85,2001,40,11.14,26.76
42355,Historical,2562970,0,0,S,4,1,3151793,27.7,1995,28,44.99,27.51
42356,Historical,2563437,0,0,S,2,1,1578062,90,1996,23,4,44.64
42358,Historical,2569444,0,0,S,2,1,2255819,275,1992,34,704.22,49.49
42359,Historical,2570087,0,0,S,2,1,3527822,150,1993,16,104.88,72.99
42360,Historical,2570135,0,0,S,2,1,2173562,75,1991,15,4,30
42361,Historical,2571041,0,0,S,2,1,1212865,165,1992,32,28.34,43.37
42362,Historical,2571689,0,0,S,2,1,506079,186,1993,16,0,33.49
42363,Historical,2572083,0,0,S,4,1,3635409,14.48,1993,33,57.21,37.94
42364,Historical,257232,0,0,S,4,1,1314797,90,1998,32,0,57.55
42365,Historical,2572441,0,0,S,5,1,909287,117.95,1996,27,4.4,40.89
42366,Historical,257273,0,0,S,2,1,411457,50,2002,15,0,44.14
42367,Historical,2572794,0,0,S,5,1,3125963,79.95,1990,20,85.94,47.45
42368,Historical,257471,0,0,S,2,1,1269896,132.95,1995,20,0,114.41
42369,Historical,2579063,0,0,S,2,1,1443293,67,1991,21,5.78,41.99
42370,Historical,2580181,0,0,S,2,1,4459795,50,1996,15,42.34,53.23
42371,Historical,2580294,0,0,S,4,1,4720283,80,1996,10,43.77,29.94
42372,Historical,2580536,0,0,S,2,1,185773,137,1999,14,4.15,95.66
42374,Historical,2583496,0,0,S,2,1,7331999,340.95,2005,20,86.47,13.99
42375,Historical,258433,0,0,S,2,1,574618,100,2008,72,82.02,93.82
42379,Historical,2592801,0,0,S,0,0,542868,39.99,1977,23,31.99,32.99
42381,Historical,259343,0,0,S,3,1,681429,48,1998,28,60.76,62.73
42382,Historical,259362,0,0,S,0,0,490036,55.96,2004,33,4.73,12.99
42383,Historical,2594906,0,0,S,0,0,302165,44.99,1987,35,0,34.79
42384,Historical,2596305,0,0,S,2,1,185887,44.99,1989,21,43.98,33.74
42385,Historical,2599615,0,0,S,2,1,358587,59.95,1993,16,16.73,58.54
42386,Historical,2599820,0,0,S,0,0,126939,49.99,1993,41,0,16.94
42388,Historical,2600464,0,0,S,3,1,661315,89.99,1996,18,0,72.78
42389,Historical,260098,0,0,S,6,1,140697,47.95,2004,40,51.94,14.79
42390,Historical,2603322,0,0,S,2,1,187861,49.99,2002,18,0,44
42391,Historical,2608740,0,0,S,2,1,375946,44.99,1998,34,38.99,37.97
42392,Historical,2609530,0,0,S,0,0,139998,39.99,2002,45,36.96,30.93
42393,Historical,2609682,0,0,S,2,1,350800,84.99,2000,36,11.38,56.5
42395,Historical,2612848,0,0,S,2,1,119292,94.99,2001,20,0,33.99
42397,Historical,261549,0,0,S,3,1,2527504,146.15,2000,37,131.92,22.62
42399,Historical,2618451,0,0,S,2,1,4296773,66.95,1995,31,65.5,11.48
42400,Historical,2618821,0,0,S,3,1,719592,163.95,1993,21,4.04,123.94
42401,Historical,2619249,0,0,S,7,1,4571320,46.95,1995,38,3.99,23.98
42402,Historical,2620311,0,0,S,7,1,5735070,110.95,1995,20,43.24,51.66
42406,Historical,2631686,0,0,S,2,1,540287,70.95,1985,27,6.97,50.32
42408,Historical,264202,0,0,S,2,1,1607328,35.95,2001,45,12.92,9.43
42409,Historical,2647032,0,0,S,0,0,439361,54.95,1992,79,0,10.19
42410,Historical,2648621,0,0,S,2,1,4539401,91.95,1999,11,32.09,76.69
42411,Historical,2648980,0,0,S,2,1,1383353,63.95,2000,37,9.92,27.1
42412,Historical,2649631,0,0,S,2,1,984850,56.95,2002,28,16.52,39.86
42413,Historical,2649883,0,0,S,3,1,500719,91.95,1997,12,0,91.82
42414,Historical,2649930,0,0,S,2,1,4143688,54.95,1996,19,23.42,38.99
42417,Historical,2653206,0,0,S,4,1,2600148,139.16,1990,26,8.28,31.46
42418,Historical,2653445,0,0,S,4,1,1298455,88.95,1991,43,10.64,28.98
42419,Historical,2654401,0,0,S,3,1,3062182,74.76,1993,25,4.99,50.59
42420,Historical,2657806,0,0,S,2,1,1527630,51.95,1982,19,83.6,32.97
42422,Historical,266312,0,0,S,3,1,1455910,54.99,2006,27,35.34,40.99
42423,Historical,2663513,0,0,S,3,1,921802,81.19,1983,28,0,75.97
42424,Historical,2664418,0,0,S,3,1,1289618,149,1999,21,8.5,48.3
42425,Historical,2664617,0,0,S,4,1,814672,159,2000,19,70.93,142.36
42426,Historical,2664627,0,0,S,6,1,2689419,129,2000,18,84.78,48.77
42427,Historical,2664628,0,0,S,2,1,2826089,64.95,2000,25,51.09,30.3
42431,Historical,266984,0,0,S,15,1,4518829,88,2007,32,116.61,6.85
42432,Historical,2670883,0,0,S,6,1,206857,141.07,1996,22,4,92.95
42433,Historical,2675585,0,0,S,2,1,678363,90.75,1989,45,4.06,30.24
42434,Historical,2675598,0,0,S,2,1,2242440,96.45,1992,35,41.35,40.55
42435,Historical,2675643,0,0,S,2,1,1514738,80.71,1990,33,0,75.77
42436,Historical,2675776,0,0,S,2,1,1570327,111.2,1994,44,4.74,27.7
42437,Historical,2679174,0,0,S,2,1,4763485,142,1994,17,116.98,90.24
42438,Historical,2680716,0,0,S,2,1,375178,41.9,1982,18,0,86.52
42440,Historical,268238,0,0,S,5,1,4089394,74.95,2004,36,14.98,10.94
42441,Historical,268362,0,0,S,1,0,190686,36,2004,75,8.04,26.3
42442,Historical,268696,0,0,S,7,1,3943145,49.95,2006,31,52.82,20.99
42444,Historical,269918,0,0,S,5,1,45994,24.95,2010,93,19.03,8.98
42445,Historical,2703714,0,0,S,2,1,3891656,39.61,2005,14,13.99,72.45
42447,Historical,270759,0,0,S,0,0,1626697,72,2011,37,23,14.47
42448,Historical,270984,0,0,S,4,1,2697680,102.95,2009,14,34.06,60.9
42449,Historical,2721487,0,0,S,2,1,1555174,161,1996,58,6.44,49.21
42451,Historical,2729606,0,0,S,3,1,11071909,21.95,1998,12,91.58,131.27
42454,Historical,275581,0,0,S,3,1,1042535,42.75,2002,40,0,19.89
42456,Historical,2760704,0,0,S,4,1,7372689,164.95,2002,18,11.13,40.87
42458,Historical,276449,0,0,S,4,1,60632,49.95,2010,37,32.01,38.99
42461,Historical,2772393,0,0,S,6,1,1207980,55,1997,19,4,43.92
42462,Historical,2772403,0,0,S,3,1,2464301,74,1997,52,97.9,7.95
42464,Historical,278150,0,0,S,2,1,1817120,49.95,2001,28,55.18,38.91
42465,Historical,2782811,0,0,S,0,0,518203,69,1999,17,0,38.75
42467,Historical,278567,0,0,S,4,1,1936753,43.95,2005,30,25.59,11.99
42473,Historical,2787960,0,0,S,3,1,9188514,88.95,2005,11,4.73,6.99
42474,Historical,2788994,0,0,S,2,1,1188606,90,1995,59,4.02,51.64
42476,Historical,2795243,0,0,S,4,1,8440412,61.95,1994,24,5.23,9.98
42479,Historical,2815389,0,0,S,2,1,868863,47,1994,21,0,25.95
42480,Historical,2820347,0,0,S,6,1,355066,44.99,1994,14,5.37,33.79
42481,Historical,2820500,0,0,S,3,1,3069402,62.99,1996,26,5272.4,51.72
42482,Historical,282059,0,0,S,8,1,2067091,58.47,2009,25,89.51,25.85
42483,Historical,2822600,0,0,S,0,0,109527,59.95,2005,38,44.78,41.52
42484,Historical,2823234,0,0,S,2,1,11446742,57.95,1995,16,43.97,41.85
42485,Historical,2825638,0,0,S,2,1,3513648,245,1995,16,308.91,61.41
42486,Historical,2826421,0,0,S,1,0,423182,45,1991,22,0,62.06
42489,Historical,2836401,0,0,S,2,1,2287613,171.95,1992,33,4.19,47.89
42490,Historical,2836429,0,0,S,6,1,4146942,67.95,1995,20,76.72,21.74
42491,Historical,2836851,0,0,S,2,1,1019408,197.95,1998,18,4.68,33.98
42493,Historical,284868,0,0,S,3,1,686599,75,1998,41,4.96,50.95
42494,Historical,284889,0,0,S,4,1,1670394,132.5,1999,31,170.45,79.99
42495,Historical,284891,0,0,S,4,1,3170923,66.86,2008,16,85.99,73.81
42496,Historical,284936,0,0,S,7,1,933475,103.25,2008,22,88.99,39.21
42497,Historical,285091,0,0,S,9,1,4768603,71,1998,18,84.71,8.83
42498,Historical,2851184,0,0,S,2,1,3275403,99.5,1991,20,156.97,67.61
42499,Historical,285120,0,0,S,9,1,4361504,71.4,1999,16,66.83,9.95
42500,Historical,2851364,0,0,S,2,1,3879367,144.95,2003,16,63.98,73.35
42501,Historical,285433,0,0,S,7,1,348408,0,2008,27,88.99,42.54
42502,Historical,285471,0,0,S,8,1,881719,106.9,1998,61,0,41.22
42504,Historical,285527,0,0,S,3,1,504762,58.98,2010,27,56.06,103.97
42505,Historical,285600,0,0,S,17,1,2366968,12.58,2009,33,55.49,13.68
42506,Historical,285926,0,0,S,5,1,333208,124.4,2002,35,4.13,39.65
42508,Historical,286037,0,0,S,13,1,381736,169.33,2004,42,93.5,18.5
42509,Historical,286245,0,0,S,3,1,2214852,180.67,2007,18,67.4,83.99
42510,Historical,286258,0,0,S,22,1,1367286,140.2,2007,35,43.94,25.86
42511,Historical,286299,0,0,S,2,1,1396523,250.47,2011,14,147.94,53.17
42512,Historical,2865697,0,0,S,3,1,13489140,42,1990,14,0,90.93
42514,Historical,2866607,0,0,S,2,1,3709005,65,2000,18,36.47,72.15
42515,Historical,2866684,0,0,S,3,1,2266272,70,2002,14,35.39,77.23
42516,Historical,286768,0,0,S,13,1,1577950,101.95,1999,49,4.39,17.99
42519,Historical,287345,0,0,S,3,1,1629543,149.4,1999,26,5.14,97.81
42520,Historical,287449,0,0,S,12,1,665877,99.33,2011,16,107.39,43.98
42521,Historical,287473,0,0,S,8,1,29049,100,2011,60,63.97,25.47
42522,Historical,287517,0,0,S,3,1,1596749,189.2,2003,51,4.39,26.45
42523,Historical,287630,0,0,S,2,1,3537854,50.2,2009,25,51,7.97
42525,Historical,2880466,0,0,S,2,1,1796969,90.9,2002,15,0,40.94
42526,Historical,288430,0,0,S,2,1,2293145,176,2008,16,0,60.49
42527,Historical,288719,0,0,S,11,1,271096,152,2011,33,163.99,29.99
42528,Historical,2888323,0,0,S,0,0,438578,49.95,1979,11,0,49.95
42529,Historical,288859,0,0,S,2,1,1121503,116.95,2000,26,36.64,72.61
42530,Historical,288915,0,0,S,4,1,722338,391.95,2006,17,146.96,43.98
42531,Historical,288917,0,0,S,7,1,297261,184.95,2005,16,4.97,1872
42532,Historical,288918,0,0,S,7,1,1295754,176.95,2006,18,62.62,6.99
42533,Historical,288943,0,0,S,12,1,234423,999.11,2008,31,196.98,73.25
42534,Historical,289293,0,0,S,2,1,3170324,59.95,2002,23,38.65,9.14
42539,Historical,289960,0,0,S,3,1,1429277,71.95,2008,36,25.15,50.52
42541,Historical,2900609,0,0,S,0,0,539736,40,1983,91,0,23.73
42542,Historical,2900614,0,0,S,0,0,417739,45,1985,40,0,26.08
42543,Historical,2900629,0,0,S,0,0,326740,40,1995,33,0,65.01
42544,Historical,290306,0,0,S,3,1,156920,76,1995,33,4,43.95
42547,Historical,2907380,0,0,S,0,0,9698,15.95,2004,12,28.13,11.47
42549,Historical,290906,0,0,S,6,1,752802,337.95,2007,30,183.46,31.43
42553,Historical,291495,0,0,S,7,1,2960919,98.95,1999,29,97.74,44.89
42554,Historical,291507,0,0,S,2,1,899480,288.95,2002,34,4,272.54
42555,Historical,291591,0,0,S,8,1,6092118,56.95,2000,22,32.12,19.21
42556,Historical,291623,0,0,S,2,1,2764361,96.95,2003,29,13.9,11.99
42557,Historical,291669,0,0,S,7,1,261582,150,2005,18,4.49,73.16
42558,Historical,291704,0,0,S,2,1,1089731,45.95,2010,13,26.39,47.93
42559,Historical,291748,0,0,S,5,1,642802,349.95,2009,42,14.93,31.98
42560,Historical,292184,0,0,S,5,1,2677339,114.95,2005,44,65.99,10.99
42562,Historical,2924496,0,0,S,18,1,310319,70.25,2015,18,0,66.89
42563,Historical,2924656,0,0,S,17,1,162207,70.25,2015,11,0,58.47
42565,Historical,293152,0,0,S,2,1,793494,46.95,2003,36,47.68,38.22
42567,Historical,2940271,0,0,S,4,1,1656868,34.95,2003,15,178.99,40.96
42568,Historical,294391,0,0,S,2,1,2938611,125,2001,17,51.95,22.99
42569,Historical,2947130,0,0,S,3,1,2577171,44.95,2004,42,41.39,17.99
42570,Historical,295395,0,0,S,3,1,1431494,33,1999,28,30.42,11.48
42571,Historical,295445,0,0,S,2,1,1910550,66.95,2002,34,4,42.93
42572,Historical,296047,0,0,S,8,1,1913248,257.95,2003,31,78.5,22.85
42573,Historical,296189,0,0,S,2,1,1285322,132.95,1996,38,0,73.11
42577,Historical,297862,0,0,S,0,0,1835562,317.95,2010,17,58.99,73.96
42578,Historical,298397,0,0,S,10,1,2800524,126.81,2007,16,44.99,93.97
42581,Historical,300161,0,0,S,3,1,1214825,74.95,2009,30,7.79,25
42582,Historical,300249,0,0,S,2,1,777033,62,2005,34,20.62,55.92
42589,Historical,3022570,0,0,S,1,0,225158,39.95,1994,27,23.48,29.96
42595,Historical,3040122,0,0,S,0,0,652362,49,1999,15,33.56,49
42596,Historical,304113,0,0,S,0,0,737258,149.95,1994,29,32.01,46.03
42599,Historical,3043439,0,0,S,0,0,734449,180.78,1998,19,29.7,98.42
42600,Historical,3044406,0,0,S,2,1,1081444,75.95,1997,23,57.87,65.29
42601,Historical,3047295,0,0,S,2,1,406591,51,1999,45,4,24.77
42604,Historical,306552,0,0,S,3,1,349011,22.66,2006,13,53.74,18.68
42609,Historical,307663,0,0,S,7,1,1369304,80.84,2000,12,159.94,120.3
42611,Historical,308341,0,0,S,2,1,1147403,131.7,2000,22,5.5,95.04
42612,Historical,308361,0,0,S,5,1,1734186,43.1,2001,32,4,45.75
42613,Historical,3084121,0,0,S,2,1,1565923,47.99,2004,20,35.34,33.99
42614,Historical,308445,0,0,S,2,1,4937454,75,2000,34,66.82,6.49
42615,Historical,308487,0,0,S,4,1,302323,181.25,2000,22,0,167.43
42616,Historical,308716,0,0,S,4,1,466190,181.25,2004,22,140.85,73.25
42617,Historical,308733,0,0,S,2,1,2377063,23.23,2002,43,132.59,14.78
42618,Historical,308928,0,0,S,11,1,394147,118.75,1999,54,91.98,18.99
42619,Historical,308974,0,0,S,3,1,1207414,43.74,2005,23,74.81,29.37
42620,Historical,309094,0,0,S,10,1,958091,45.89,2007,21,6.61,40.99
42625,Historical,3097327,0,0,S,0,0,373373,59.95,2002,14,0,29.69
42629,Historical,309997,0,0,S,3,1,1680102,81.32,2005,19,11.96,18.74
42633,Historical,3125051,0,0,S,2,1,899948,47.95,2000,40,4,37.6
42634,Historical,312667,0,0,S,2,1,715045,120,2000,37,4,18.99
42635,Historical,3127269,0,0,S,11,1,846668,32.95,2000,101,20.94,14.84
42636,Historical,312834,0,0,S,6,1,1381435,106.67,2001,17,83.69,41.77
42637,Historical,312861,0,0,S,2,1,986122,119.6,2000,30,4,29.98
42638,Historical,313095,0,0,S,8,1,5943006,97.8,2001,25,13.38,49.27
42639,Historical,3130961,0,0,S,3,1,740027,29.95,1998,20,9.74,45.75
42641,Historical,313431,0,0,S,2,1,1759241,128.67,1999,28,4.98,57.17
42642,Historical,313817,0,0,S,7,1,848062,118.67,2003,11,156.99,52.99
42643,Historical,3139636,0,0,S,2,1,9499633,50.95,2003,11,4.48,60.15
42644,Historical,314444,0,0,S,5,1,228222,68,2007,19,5.98,24.99
42645,Historical,315488,0,0,S,7,1,597818,162.47,2011,17,203.99,37.49
42646,Historical,317040,0,0,S,4,1,5389480,76,1997,29,87.14,22.86
42647,Historical,317237,0,0,S,5,1,2652292,100,1998,32,83.69,43.15
42651,Historical,320975,0,0,S,2,1,4118749,75,2005,16,31.67,37.13
42652,Historical,321868,0,0,S,2,1,2043214,115.33,2003,26,77.83,6.92
42653,Historical,322489,0,0,S,3,1,5628793,67,1997,21,59.94,6.94
42654,Historical,322521,0,0,S,4,1,3880912,87.4,2000,50,54.15,17.99
42655,Historical,322579,0,0,S,3,1,452748,64.4,2001,23,4.94,46.78
42656,Historical,3227164,0,0,S,3,1,1213332,108.02,2003,18,16.7,97.48
42657,Historical,322769,0,0,S,9,1,2667330,96.87,2008,19,49.71,37.84
42658,Historical,3239883,0,0,S,9,1,291274,0,2005,22,22.07,23.85
42659,Historical,3244709,0,0,S,11,1,1342464,136.22,2004,15,13.36,63.76
42660,Historical,3244869,0,0,S,4,1,1826282,53.99,2005,21,109.34,73
42661,Historical,3245962,0,0,S,7,1,106448,61.31,2004,46,0,38.4
42662,Historical,3262694,0,0,S,3,1,3931451,117.19,1999,19,87.59,95.13
42663,Historical,3262739,0,0,S,4,1,3736462,29.11,2005,35,93.67,29.55
42664,Historical,3269526,0,0,S,3,1,639519,78.99,1993,35,11.27,51.52
42665,Historical,3269838,0,0,S,7,1,1726855,45.63,2003,40,0,34.07
42666,Historical,3272014,0,0,S,6,1,206779,181.76,2005,18,138.89,121.75
42667,Historical,327756,0,0,S,8,1,1341559,75,2008,27,43.99,30.92
42669,Historical,329709,0,0,S,2,1,2824751,33.33,2001,49,33.81,12.52
42670,Historical,3297547,0,0,S,2,1,146426,34.42,2001,41,45.57,21.29
42671,Historical,329951,0,0,S,5,1,991567,68.95,2002,44,6.88,38.52
42672,Historical,329999,0,0,S,6,1,2455212,81.81,2009,20,48.82,35.95
42673,Historical,330370,0,0,S,3,1,769566,121.95,2002,32,4.15,33.94
42674,Historical,333782,0,0,S,3,1,828441,89.99,2002,43,4.64,41.57
42675,Historical,334074,0,0,S,15,1,303106,70.05,2005,23,0,57.98
42677,Historical,339881,0,0,S,2,1,1734331,75,2007,21,22,71.44
42678,Historical,340239,0,0,S,7,1,733895,76.38,2010,17,182.64,49.94
42679,Historical,341416,0,0,S,2,1,1451592,90,1997,36,4,12.94
42680,Historical,3461329,0,0,S,4,1,630438,113,1997,45,5.03,63.82
42681,Historical,3461671,0,0,S,2,1,793147,137.95,2002,27,4,14.14
42682,Historical,346173,0,0,S,8,1,2066104,142.95,2007,22,120.17,11.99
42684,Historical,3464275,0,0,S,12,1,257117,52.75,1999,39,0,62.96
42707,Historical,3474811,0,0,S,5,1,11625155,74,1997,12,0,8.63
42715,Historical,348639,0,0,S,3,1,1308284,106.95,2003,28,53.89,82.49
42718,Historical,348722,0,0,S,2,1,3642678,148.95,2004,18,67.23,12.54
42731,Historical,349933,0,0,S,11,1,7716547,75.95,1995,18,5.67,47.23
42773,Historical,3571556,0,0,S,5,1,610275,79.95,2000,16,0,54.98
42786,Historical,3595643,0,0,S,2,1,8386143,72.95,1999,15,0,22.22
42791,Historical,359809,0,0,S,2,1,221110,73.5,1997,23,27.71,46.95
42813,Historical,362207,0,0,S,20,1,1934025,119,2001,17,79.39,32.98
42833,Historical,365051,0,0,S,2,1,5910317,31.95,1995,20,35.89,48.15
42834,Historical,365669,0,0,S,5,1,1191907,57.33,2007,21,43.18,11.94
42835,Historical,3694437,0,0,S,19,1,93225,70.25,2015,22,0,57.05
42836,Historical,371003,0,0,S,4,1,718630,135,2001,18,18.45,70.46
42863,Historical,3756133,0,0,S,0,0,54977,19.99,2016,11,0,14.77
42865,Historical,377168,0,0,S,2,1,1764803,78,1999,21,0,47.65
42866,Historical,3775883,0,0,S,3,1,147959,44.99,2016,0,0,29.21
42884,Historical,3803786,0,0,S,6,1,111482,49.95,2015,15,0,33.16
42913,Historical,386364,0,0,S,2,1,1502767,101,2004,23,8.89,52.99
42923,Historical,392602,0,0,S,10,1,1414353,59.95,2005,30,8.67,45.97
42931,Historical,402308,0,0,S,6,1,3817488,33.49,2006,16,127.99,52.99
42932,Historical,402496,0,0,S,3,1,203469,52.94,2006,32,47.02,49.59
42933,Historical,402581,0,0,S,9,1,977791,83.04,2010,15,103.99,63.08
42934,Historical,402888,0,0,S,9,1,1400136,140,2001,36,165.11,13.57
42935,Historical,405605,0,0,S,2,1,395772,85,1995,47,3.99,5.13
42936,Historical,408195,0,0,S,3,1,1726519,175,2011,16,42.35,77.33
42937,Historical,410097,0,0,S,4,1,1950322,97.11,2008,19,25.2,68.98
42938,Historical,410696,0,0,S,2,1,4168889,104,2005,13,103.98,43.98
42939,Historical,412339,0,0,S,10,1,1712347,119.5,1996,60,5.16,22.96
42940,Historical,415699,0,0,S,9,1,4061710,46.5,2006,18,104.49,10.27
42942,Historical,416283,0,0,S,4,1,3316725,30.49,2001,18,91.99,24.1
42943,Historical,416318,0,0,S,7,1,2400207,0,2002,15,73.43,43.99
42944,Historical,416327,0,0,S,7,1,553897,0,2007,20,141.62,63.79
42945,Historical,416432,0,0,S,5,1,2835799,104.25,2004,12,108.92,21.14
42946,Historical,417234,0,0,S,10,1,1125978,237.5,2010,21,33.95,57.99
42947,Historical,417238,0,0,S,2,1,1207175,82.25,2010,33,102.99,78.43
42948,Historical,417250,0,0,S,7,1,769508,144.25,2010,20,152.02,24.97
42949,Historical,420559,0,0,S,4,1,199584,59,2001,11,59.78,29.99
42950,Historical,420660,0,0,S,6,1,2933467,0,2003,35,67.5,36.99
42951,Historical,421579,0,0,S,4,1,1596737,160,2005,29,152.73,101.05
42952,Historical,422105,0,0,S,5,1,5113024,111.2,2006,15,65.8,45.94
42953,Historical,422371,0,0,S,11,1,2835308,153.47,2011,15,83.99,9828.14
42954,Historical,422959,0,0,S,7,1,3014361,110,1996,15,83.16,8.74
42955,Historical,423255,0,0,S,8,1,2579076,107.8,2008,57,105.47,18.59
42956,Historical,423315,0,0,S,9,1,479566,121.33,2008,13,83.99,52.99
42958,Historical,427946,0,0,S,7,1,1830556,106,2011,22,58.94,77.04
42959,Historical,428573,0,0,S,7,1,973340,174.67,2010,22,46.57,134.35
42960,Historical,434852,0,0,S,10,1,1243414,129.33,2009,18,138.97,48.8
42961,Historical,434974,0,0,S,3,1,607180,205.07,2010,21,84.9,143.98
42962,Historical,435002,0,0,S,12,1,1535501,137.33,2010,9,58.99,35.7
42963,Historical,435037,0,0,S,6,1,90122,233,2012,41,140.99,122.68
42964,Historical,435218,0,0,S,7,1,1203560,109.95,2009,17,41.94,71.42
42965,Historical,435963,0,0,S,11,1,4948972,236.95,2005,14,178.99,54.92
42966,Historical,436448,0,0,S,5,1,2409081,320.95,2008,20,105.48,117.05
42967,Historical,446845,0,0,S,6,1,674127,33.99,2009,29,103.99,54.79
42968,Historical,447891,0,0,S,4,1,667569,68.5,1996,45,4.79,13.93
42969,Historical,448087,0,0,S,5,1,5443890,39.95,1998,25,19.11,7.94
42970,Historical,448472,0,0,S,2,1,1562042,120,1999,20,4.89,18.94
42971,Historical,450460,0,0,S,2,1,3193532,270.95,2006,17,115.45,28.99
42972,Historical,451778,0,0,S,8,1,1032065,195.95,2008,45,120.85,7.19
42973,Historical,452827,0,0,S,4,1,1706538,69.95,2010,29,30.49,18.19
42974,Historical,452940,0,0,S,2,1,1508661,209.95,2010,11,103.94,141.33
42975,Historical,454723,0,0,S,2,1,4675213,114.99,2008,20,25.94,56.16
42976,Historical,455509,0,0,S,6,1,2579217,215.95,2005,32,107.98,17.98
42977,Historical,456457,0,0,S,6,1,598294,70.95,2004,27,8.73,30.18
42978,Historical,461756,0,0,S,4,1,7213925,121.96,2005,16,108.15,62.81
42979,Historical,463456,0,0,S,5,1,2314305,76.76,1999,25,183.13,23.91
42980,Historical,464669,0,0,S,1,0,1139578,75.95,2002,24,5.99,31
42982,Historical,475924,0,0,S,3,1,852503,86.95,2008,36,63.99,83.08
42984,Historical,477804,0,0,S,4,1,863796,29.99,2010,64,4,11.97
42985,Historical,478085,0,0,S,5,1,3462301,77.5,2002,35,72.99,23.93
42986,Historical,492117,0,0,S,12,1,1094810,277.95,2008,29,162.99,37.94
42987,Historical,497968,0,0,S,9,1,2132257,113.99,2009,14,145.1,87.14
42988,Historical,499981,0,0,S,8,1,576045,285.95,2008,45,111.95,55.99
42989,Historical,50154,0,0,S,4,1,1066966,113,2003,105,4,28.99
42990,Historical,50228,0,0,S,3,1,1678173,298.95,2006,28,4.96,12.84
42993,Historical,504060,0,0,S,3,1,2119472,159,2005,17,86.94,47.98
42994,Historical,504222,0,0,S,2,1,896123,50,2005,36,22.89,50
42995,Historical,50432,0,0,S,7,1,573092,97.93,2006,21,0,123.98
42996,Historical,50620,0,0,S,9,1,3072667,217.95,2002,41,47.38,9.44
42997,Historical,50627,0,0,S,10,1,1264737,331.95,2007,30,47.38,69.91
42998,Historical,50683,0,0,S,9,1,4423791,280.95,2004,21,85.5,8.94
42999,Historical,50779,0,0,S,4,1,1751577,161.55,2006,25,140.49,43.95
43001,Historical,51012,0,0,S,7,1,1228156,9.96,2003,43,98.07,7.08
43002,Historical,511237,0,0,S,5,1,1154684,106,2000,9,30.34,31.99
43003,Historical,51316,0,0,S,2,1,2150753,59.38,2002,24,13.92,59.01
43004,Historical,514669,0,0,S,5,1,1772897,51.57,2005,34,4.98,46.25
43005,Historical,51499,0,0,S,6,1,1662558,160,2003,69,89.51,18.98
43006,Historical,51500,0,0,S,7,1,1284390,180,2006,95,89.51,4.99
43007,Historical,51507,0,0,S,7,1,4178566,90.67,2005,21,43.5,12.72
43008,Historical,51623,0,0,S,21,1,1112514,122.6,2005,46,0,7.07
43009,Historical,516522,0,0,S,10,1,598549,96.13,2010,16,62.14,53.99
43010,Historical,516551,0,0,S,5,1,8526439,214.95,2001,28,34.22,7.93
43011,Historical,51687,0,0,S,8,1,958304,130.67,2004,52,43.99,13.98
43012,Historical,51701,0,0,S,10,1,779192,64.95,1999,48,35.89,33.91
43013,Historical,52153,0,0,S,15,1,1643762,124.06,2004,44,90.93,10.99
43014,Historical,52209,0,0,S,2,1,2445424,129,2001,25,82.16,4.74
43015,Historical,52222,0,0,S,8,1,8796539,0,2006,25,36.67,95.09
43016,Historical,52348,0,0,S,4,1,3162872,80.4,2002,53,53.5,10.99
43017,Historical,525092,0,0,S,5,1,2639019,108.33,2012,20,78.75,152.52
43018,Historical,525434,0,0,S,2,1,381520,118,2004,26,5.97,53.79
43019,Historical,525651,0,0,S,14,1,1005410,39.99,2010,28,26.29,13.98
43020,Historical,52578,0,0,S,5,1,1638502,98.95,2007,21,34.99,23.81
43021,Historical,525785,0,0,S,8,1,1058775,273.95,2005,20,0,48.37
43022,Historical,525816,0,0,S,4,1,665787,131.95,2009,35,88.99,47.4
43023,Historical,525968,0,0,S,6,1,1124378,40.95,2009,17,6.54,34.94
43024,Historical,526578,0,0,S,1,0,515963,76.99,2009,24,30.58,38.39
43025,Historical,526660,0,0,S,14,1,110513,79.46,2010,14,191.85,74.71
43027,Historical,526756,0,0,S,6,1,755099,50,2012,17,40.98,36.01
43028,Historical,527064,0,0,S,8,1,688851,59.95,2010,21,54.86,259.69
43029,Historical,52736,0,0,S,7,1,2149961,118.2,2004,39,25.37,98.33
43030,Historical,527424,0,0,S,7,1,603465,189,2009,24,23.43,32.21
43031,Historical,527481,0,0,S,12,1,568812,46.14,2012,11,133.99,30.83
43032,Historical,527767,0,0,S,16,1,1399820,129,2000,34,89.98,62.09
43033,Historical,527949,0,0,S,2,1,807725,49.95,2009,36,35.98,30.53
43037,Historical,528346,0,0,S,2,1,1293313,78.95,2001,33,4,19.73
43038,Historical,528463,0,0,S,2,1,886361,52,2009,14,0,47.26
43039,Historical,528473,0,0,S,10,1,297338,18.54,2012,20,136.99,62.21
43040,Historical,528475,0,0,S,10,1,284744,265.75,2012,33,40.87,51.94
43041,Historical,52848,0,0,S,2,1,1581826,121.33,2001,46,103.43,10.99
43043,Historical,528789,0,0,S,3,1,563501,77.95,2009,26,11.62,60.85
43044,Historical,528791,0,0,S,10,1,1077652,207.95,2006,29,8.46,85.25
43045,Historical,528817,0,0,S,10,1,395523,95.6,2009,36,45.49,547.94
43046,Historical,528820,0,0,S,7,1,543408,49.99,2010,28,9.43,11.57
43047,Historical,528891,0,0,S,5,1,1140765,104,2010,17,54.48,85.09
43048,Historical,529012,0,0,S,10,1,1143199,57,2011,26,5.98,45.96
43049,Historical,529224,0,0,S,2,1,1392138,98.95,2012,15,4.8,36.85
43050,Historical,529291,0,0,S,3,1,881517,59.99,2011,19,24.86,28.98
43051,Historical,529430,0,0,S,1,0,1512640,99.95,2012,18,95.21,76.2
43052,Historical,529795,0,0,S,4,1,442297,82.99,2010,20,37.76,93.64
43053,Historical,530087,0,0,S,2,1,1282320,196,2010,20,8.39,38.98
43054,Historical,530128,0,0,S,3,1,1281041,150.95,2009,33,78.99,66.9
43055,Historical,530217,0,0,S,13,1,892967,96.95,2009,20,44.01,89.37
43056,Historical,530243,0,0,S,4,1,1345982,76.95,2011,13,29.51,125.84
43057,Historical,530245,0,0,S,14,1,144501,106.95,2012,27,0,90.95
43058,Historical,53053,0,0,S,4,1,1373064,89,2009,22,84.94,45.89
43059,Historical,530752,0,0,S,4,1,394448,100.44,2010,22,58.41,37.99
43060,Historical,53087,0,0,S,7,1,3599136,102,2006,43,97.99,15.89
43062,Historical,531428,0,0,S,9,1,807366,97.6,2005,21,4.4,33.74
43063,Historical,531791,0,0,S,4,1,5582417,65,2006,19,113.99,19.97
43064,Historical,531794,0,0,S,2,1,1271552,124.95,2003,24,5.52,43.61
43066,Historical,531910,0,0,S,7,1,3191325,167.95,2009,13,43.83,311.82
43067,Historical,531919,0,0,S,18,1,1474091,79,2009,10,72.45,50.97
43068,Historical,532067,0,0,S,9,1,1216708,115.95,2011,18,68.96,66.62
43069,Historical,532079,0,0,S,6,1,369563,174.95,2012,19,164.4,55.98
43070,Historical,532261,0,0,S,2,1,2863243,222.33,2011,20,73.84,374.28
43071,Historical,532398,0,0,S,2,1,1112614,95,2001,26,9.68,23.97
43072,Historical,53245,0,0,S,4,1,1301666,179.33,2007,25,43.99,53.61
43075,Historical,532541,0,0,S,3,1,1110712,53.05,2009,19,13.08,90.63
43077,Historical,532634,0,0,S,4,1,3182874,97.95,2006,23,36.99,17.99
43078,Historical,532845,0,0,S,42,1,1504221,52.25,2012,33,47.03,9.99
43079,Historical,532846,0,0,S,30,1,1130697,52.25,2012,39,37.89,25.99
43080,Historical,532879,0,0,S,3,1,1283366,44.99,2012,22,13.89,24.4
43081,Historical,533206,0,0,S,0,0,339196,39.95,2011,23,27.57,28.32
43082,Historical,533223,0,0,S,3,1,1278998,59.99,2012,17,5.83,31.78
43083,Historical,533550,0,0,S,12,1,2039037,148.95,2009,49,109.97,22.78
43084,Historical,533560,0,0,S,6,1,921393,184.33,2012,16,144.78,53.89
43085,Historical,533783,0,0,S,14,1,3538853,11,2009,25,130.99,45.48
43086,Historical,533803,0,0,S,8,1,1226262,47.95,2005,18,163.99,77.74
43087,Historical,533829,0,0,S,10,1,682964,87.95,2012,27,170.48,69.98
43088,Historical,534120,0,0,S,24,1,3314978,8.4,2009,28,53.1,8.4
43090,Historical,534377,0,0,S,3,1,558878,90.95,1990,49,94.99,51.19
43091,Historical,534383,0,0,S,0,0,177503,31.95,1982,41,20.32,16.48
43092,Historical,534392,0,0,S,3,1,826138,42.61,1994,21,0,53.99
43094,Historical,536196,0,0,S,4,1,22474,24.95,2007,54,25.09,15.11
43095,Historical,536435,0,0,S,5,1,508356,49.99,2012,39,27.35,11.2
43096,Historical,536445,0,0,S,10,1,1357441,62.87,2012,20,51.49,392.46
43097,Historical,536504,0,0,S,3,1,3165343,62.07,2012,19,37.99,4.99
43098,Historical,536643,0,0,S,0,0,417057,19.99,2012,67,4.94,14.98
43099,Historical,536793,0,0,S,12,1,696578,144,2012,30,73.74,197.19
43100,Historical,536887,0,0,S,10,1,826101,159.27,2012,17,97.99,18.19
43101,Historical,536893,0,0,S,6,1,1091055,113.67,2012,15,50,143.84
43102,Historical,536927,0,0,S,9,1,1019383,98.6,2007,17,73.96,78.37
43103,Historical,537056,0,0,S,11,1,576100,115.67,2011,18,62.86,93.45
43104,Historical,537108,0,0,S,10,1,3135394,145.87,2011,14,20.82,46.74
43105,Historical,537287,0,0,S,12,1,446534,270.33,2012,27,127.96,103.99
43106,Historical,537358,0,0,S,8,1,830231,208,2012,30,78.94,141.84
43107,Historical,537410,0,0,S,7,1,747600,162.6,2011,22,87.98,50.74
43108,Historical,537629,0,0,S,16,1,642748,249.5,2012,32,95.32,132.25
43109,Historical,537823,0,0,S,10,1,347508,111.33,2012,8,93.26,112.28
43111,Historical,538158,0,0,S,6,1,3966085,101.25,2008,10,153.98,53.53
43116,Historical,538425,0,0,S,10,1,5019851,84.85,2005,30,62.24,28.99
43117,Historical,538629,0,0,S,11,1,1541844,130.74,2012,19,140.99,141.55
43118,Historical,538664,0,0,S,21,1,104504,149.31,2012,49,185.99,52.98
43119,Historical,538867,0,0,S,10,1,520195,19.98,2012,32,55.49,19.98
43120,Historical,539095,0,0,S,7,1,206656,93,1999,51,4.37,13.99
43122,Historical,539169,0,0,S,4,1,2285753,66.67,2005,37,151.92,15.01
43123,Historical,539365,0,0,S,13,1,452871,308.67,2011,72,143.89,83.99
43125,Historical,539535,0,0,S,3,1,948036,222.87,2013,16,147.17,222.87
43126,Historical,540028,0,0,S,3,1,5491642,115.33,2004,20,118.87,64.98
43127,Historical,54021,0,0,S,3,1,3222950,106.67,2004,57,68.98,18.24
43128,Historical,540235,0,0,S,3,1,876579,93,2012,32,38.99,29.98
43131,Historical,540331,0,0,S,3,1,1794816,26.8,2012,30,30.41,53.87
43132,Historical,540338,0,0,S,9,1,2188417,79.18,2012,19,112.09,58.97
43134,Historical,540673,0,0,S,5,1,538078,233,2012,19,70.7,195.94
43135,Historical,540724,0,0,S,9,1,367927,185.53,2012,15,135.9,404.33
43136,Historical,540771,0,0,S,2,1,1101623,128.87,2012,15,18.26,12.15
43137,Historical,541249,0,0,S,9,1,210128,48.99,2012,55,103.99,25
43138,Historical,541325,0,0,S,3,1,366199,50.95,2006,45,22.89,36.49
43139,Historical,541484,0,0,S,2,1,984900,43.95,2013,16,27.99,27.1
43141,Historical,541658,0,0,S,9,1,1106425,48.89,2009,31,114.49,32.97
43142,Historical,541907,0,0,S,3,1,704152,151.5,2001,46,4.16,48.05
43144,Historical,542380,0,0,S,9,1,305855,132.95,2007,18,112.92,103.82
43145,Historical,542386,0,0,S,2,1,127637,83.95,1998,47,5.83,21.89
43146,Historical,542460,0,0,S,4,1,1407920,72.99,1999,39,12.04,28.54
43147,Historical,542570,0,0,S,5,1,2468076,54.95,1997,27,15.98,48.92
43148,Historical,542861,0,0,S,2,1,908743,143,2002,17,9.48,48.91
43149,Historical,54310,0,0,S,7,1,2055750,0,2009,19,27.99,0
43150,Historical,543144,0,0,S,13,1,1083051,123,2013,34,29.55,64.97
43156,Historical,544645,0,0,S,5,1,1148466,95.95,2013,25,4.33,79.73
43159,Historical,54579,0,0,S,3,1,1250588,50.67,2004,17,34.99,62.81
43162,Historical,54632,0,0,S,7,1,932539,265.95,2006,22,150.45,118.07
43164,Historical,546523,0,0,S,19,1,2134791,71.95,2012,17,57.4,65.08
43165,Historical,54710,0,0,S,4,1,1144998,77.69,2006,30,141.57,36.53
43167,Historical,547213,0,0,S,0,0,379363,197.95,2013,24,150.99,77.11
43168,Historical,547219,0,0,S,3,1,104015,27.95,2011,30,27.89,25.53
43170,Historical,547698,0,0,S,2,1,1026695,116,1993,47,5.87,44.76
43171,Historical,54775,0,0,S,5,1,3571199,191,2006,25,126.37,11.44
43172,Historical,547800,0,0,S,4,1,226880,218.2,1985,29,35.89,49.95
43173,Historical,547857,0,0,S,2,1,1405211,96,1995,23,5.49,13.99
43174,Historical,548126,0,0,S,2,1,6491321,59.95,2001,21,44.49,4.78
43175,Historical,548139,0,0,S,4,1,1328479,180.95,1991,31,4.72,100.03
43176,Historical,548170,0,0,S,2,1,528052,398.95,2003,45,4,41.97
43177,Historical,548336,0,0,S,0,0,951021,92.4,1993,94,5.47,18
43178,Historical,548351,0,0,S,4,1,960173,292.95,1993,49,4.97,14.23
43181,Historical,54938,0,0,S,9,1,803746,66.2,2008,34,0,41.72
43182,Historical,549478,0,0,S,2,1,2850709,103.25,2010,17,93.98,12.99
43183,Historical,54987,0,0,S,5,1,798529,42.6,2004,87,44.97,7.19
43184,Historical,549921,0,0,S,5,1,1629799,66,2003,20,19,62.05
43185,Historical,550271,0,0,S,3,1,263626,0,2008,17,10.23,52.73
43186,Historical,55030,0,0,S,5,1,2957328,122.8,2002,27,43.89,13.27
43190,Historical,550689,0,0,S,2,1,2448722,116.25,2008,27,66.98,51.59
43192,Historical,55082,0,0,S,8,1,849969,39.95,2006,30,51.55,11.98
43194,Historical,550895,0,0,S,8,1,752834,0,2009,26,65.29,68.13
43196,Historical,550933,0,0,S,7,1,748419,0,2011,20,73.5,128.99
43197,Historical,550965,0,0,S,2,1,2127455,0,2010,11,63.01,148.99
43198,Historical,551151,0,0,S,7,1,1151329,186.02,2010,25,152.02,57.3
43199,Historical,551255,0,0,S,0,0,892655,144.5,2001,51,52.99,12.17
43200,Historical,551586,0,0,S,3,1,2488238,130,2002,41,27.22,13.02
43201,Historical,551598,0,0,S,3,1,2482550,84,1999,34,101.94,4.36
43202,Historical,551749,0,0,S,7,1,3185096,49,2001,29,53.34,23.59
43204,Historical,552058,0,0,S,6,1,1598401,76,2002,37,69.79,8.99
43205,Historical,552126,0,0,S,3,1,3774057,81.95,2002,45,83.5,7.58
43206,Historical,552220,0,0,S,11,1,947788,92.4,2004,40,90.6,8.99
43207,Historical,552317,0,0,S,10,1,2986663,147.8,2008,24,177.09,51.29
43208,Historical,552385,0,0,S,8,1,1463802,156,2004,125,177.09,7.07
43209,Historical,552418,0,0,S,7,1,1442794,59.99,2004,49,26.2,15.04
43211,Historical,552704,0,0,S,4,1,3122507,73.33,2005,29,52.65,4.08
43212,Historical,552793,0,0,S,2,1,495584,128.56,1993,30,4,45.08
43213,Historical,553169,0,0,S,9,1,2016500,151.53,2011,12,117.34,133.98
43214,Historical,553246,0,0,S,10,1,2725423,272.73,2011,14,97.5,103.68
43215,Historical,553247,0,0,S,10,1,1649871,210.67,2011,24,83.99,183.98
43216,Historical,553266,0,0,S,5,1,1360754,67.6,1995,23,4.1,43.91
43217,Historical,553281,0,0,S,15,1,1219423,185.33,2012,12,112.41,185.33
43218,Historical,553433,0,0,S,2,1,261616,155.4,1998,39,4.4,36.94
43220,Historical,553747,0,0,S,5,1,1262725,70.67,2009,25,65.56,45.69
43222,Historical,553843,0,0,S,4,1,678497,39.91,2007,12,115.03,41.49
43223,Historical,553918,0,0,S,2,1,1642507,91.55,1993,78,0,33.97
43224,Historical,554071,0,0,S,3,1,1036416,85,1991,19,4.23,47.87
43225,Historical,554161,0,0,S,6,1,672651,63,1999,25,5.9,36.55
43226,Historical,554725,0,0,S,2,1,1309156,250.95,1999,39,5.25,35.39
43227,Historical,555692,0,0,S,4,1,2219949,79.95,2005,22,43.76,54.47
43228,Historical,555694,0,0,S,1,0,438653,80.95,2006,17,20.03,64.75
43229,Historical,555735,0,0,S,4,1,463722,44.95,2008,38,132.58,9.7
43230,Historical,55577,0,0,S,3,1,3673279,89.2,2006,28,51.28,51.76
43232,Historical,556447,0,0,S,2,1,564056,125,2001,26,0,57.17
43233,Historical,556654,0,0,S,4,1,1973003,107,1996,62,4,15.8
43234,Historical,556695,0,0,S,6,1,464945,113.2,1992,32,47.68,47.9
43235,Historical,556807,0,0,S,2,1,462477,42.93,1995,33,4,33.85
43236,Historical,556895,0,0,S,2,1,4765513,174.07,2010,13,128.74,73.93
43237,Historical,556915,0,0,S,2,1,1231479,111.87,2011,14,33.99,100.34
43238,Historical,556955,0,0,S,4,1,695195,71,1993,25,4.99,49.64
43239,Historical,556966,0,0,S,3,1,1443184,236.4,1992,34,0,57.67
43240,Historical,557280,0,0,S,2,1,4355024,73,2005,18,94.94,66.35
43241,Historical,557450,0,0,S,4,1,636227,128.95,2007,39,26.65,102.15
43242,Historical,557503,0,0,S,12,1,3403821,94,2009,10,50.48,94
43244,Historical,557704,0,0,S,0,0,468630,85,2011,39,19.17,26.07
43246,Historical,557834,0,0,S,1,0,194604,27.5,2003,35,61.97,18.42
43254,Historical,55951,0,0,S,8,1,9406537,42.95,2003,21,52.73,11.49
43255,Historical,55979,0,0,S,10,1,3201025,142.2,2003,54,120.01,5.25
43256,Historical,560286,0,0,S,4,1,5180921,80.95,1997,24,58.68,13.9
43258,Historical,560806,0,0,S,3,1,2375193,138,2003,17,123.99,33.79
43259,Historical,560831,0,0,S,2,1,2185458,97.29,2004,30,70.31,28.89
43260,Historical,560988,0,0,S,4,1,1416657,161.85,2006,24,123.99,41.92
43261,Historical,561033,0,0,S,6,1,1290326,180,2006,25,60.97,73.93
43262,Historical,561116,0,0,S,3,1,262538,25.8,2007,63,17.31,13.99
43263,Historical,561144,0,0,S,3,1,508976,219.8,2007,46,122.52,23.99
43265,Historical,561254,0,0,S,15,1,618878,46.67,2009,19,166.46,20.99
43269,Historical,561647,0,0,S,3,1,2843799,69.95,2005,24,15.84,4
43270,Historical,561663,0,0,S,11,1,1536372,55.95,2007,29,208.24,32.49
43271,Historical,561853,0,0,S,2,1,390490,154.95,2002,35,4,33.97
43272,Historical,562030,0,0,S,5,1,2852893,165.95,2005,36,116.4,89.71
43273,Historical,562251,0,0,S,33,1,3141146,259.95,2009,19,152.78,56.03
43276,Historical,56254,0,0,S,3,1,3266292,32.95,1996,55,41.85,48.41
43279,Historical,563683,0,0,S,2,1,90770,75.87,2008,5,0,196.48
43280,Historical,563684,0,0,S,2,1,1208605,56.75,2009,48,53.29,28.45
43282,Historical,563766,0,0,S,7,1,805831,110,1992,45,3.4,46.55
43283,Historical,563783,0,0,S,5,1,858926,161,1994,42,4.23,67.75
43286,Historical,56453,0,0,S,7,1,995488,76,2001,40,67.98,11.47
43287,Historical,56573,0,0,S,21,1,874722,216.95,2010,56,239.87,12.67
43290,Historical,566271,0,0,S,2,1,353407,130,2002,24,14.68,92.72
43291,Historical,566327,0,0,S,3,1,1109849,177,1998,46,8.44,93.57
43292,Historical,566409,0,0,S,8,1,3619088,17.94,2003,34,112.98,14.99
43293,Historical,56659,0,0,S,4,1,1077026,127.67,2010,22,70.7,94.31
43294,Historical,566732,0,0,S,2,1,1065121,199,1988,37,3.85,73.81
43296,Historical,567431,0,0,S,3,1,1648685,154.95,2005,33,103.48,36.86
43297,Historical,56745,0,0,S,8,1,1994662,63.75,2006,35,7.34,18.99
43298,Historical,567450,0,0,S,2,1,4686391,289.95,2006,9,31.44,148.95
43300,Historical,56870,0,0,S,20,1,2077338,4.83,2010,46,98.22,7.39
43303,Historical,569794,0,0,S,7,1,2334907,152.95,2003,51,16.68,37.99
43304,Historical,570013,0,0,S,4,1,665957,92.23,2007,25,88.98,99.99
43305,Historical,570033,0,0,S,1,0,1195138,134.4,2004,19,65.7,46.27
43306,Historical,570449,0,0,S,13,1,772387,76.95,2004,23,4.9,61.17
43307,Historical,57066,0,0,S,4,1,4157309,71.6,2002,25,54.2,17.31
43308,Historical,571152,0,0,S,2,1,2948664,0,2009,29,58.99,33.74
43309,Historical,571816,0,0,S,4,1,1360592,53.16,2000,36,42.98,23.48
43310,Historical,571927,0,0,S,3,1,1929762,175.95,2002,31,4,44.75
43311,Historical,57200,0,0,S,3,1,1350869,65,2000,27,57.74,28.98
43312,Historical,572003,0,0,S,6,1,1730426,112.95,2003,25,7.9,18.29
43313,Historical,572600,0,0,S,2,1,228422,149.95,2001,27,5.99,59.29
43314,Historical,572915,0,0,S,2,1,1767529,39.99,2010,47,4.65,7.64
43318,Historical,574327,0,0,S,5,1,3356617,75.95,1994,36,141.25,31.64
43319,Historical,574708,0,0,S,2,1,4655011,71,2005,13,15.27,20
43320,Historical,574756,0,0,S,6,1,323451,150,2009,57,13.99,49.94
43321,Historical,574816,0,0,S,1,0,583805,59.99,2002,50,6.01,53.99
43322,Historical,57552,0,0,S,4,1,511504,160.95,1996,41,94.99,58.31
43323,Historical,57593,0,0,S,2,1,2697426,43.98,2000,25,123.99,43.98
43326,Historical,57648,0,0,S,5,1,1799087,104.15,2002,24,84.63,65.29
43327,Historical,576582,0,0,S,2,1,512420,136.95,2004,46,38.13,18.89
43331,Historical,57685,0,0,S,8,1,2659044,48.95,2005,28,18.22,14.08
43332,Historical,57693,0,0,S,5,1,1532855,111.67,2011,14,42.93,33.99
43334,Historical,577037,0,0,S,4,1,828683,315.95,2001,42,127.18,146.92
43336,Historical,577356,0,0,S,1,0,115793,36.99,2007,26,18.73,11.87
43337,Historical,577535,0,0,S,9,1,50944,39.95,1996,41,33.98,42.45
43338,Historical,57768,0,0,S,2,1,2713463,104.95,2005,24,57.98,33.99
43339,Historical,578450,0,0,S,5,1,1422247,51.95,1990,35,4.99,35.99
43340,Historical,57878,0,0,S,4,1,3662598,42.95,1995,28,28.99,6.75
43341,Historical,57917,0,0,S,6,1,1216488,182.95,2010,17,88.37,116.51
43342,Historical,58012,0,0,S,2,1,1973396,18.99,2008,30,66.98,7.96
43343,Historical,580633,0,0,S,3,1,463165,59,1988,41,4.42,41.99
43344,Historical,58077,0,0,S,7,1,1488765,115.95,2010,20,66.99,39.99
43345,Historical,58209,0,0,S,3,1,2328365,34.95,2001,49,34.98,7.98
43346,Historical,582835,0,0,S,5,1,4399840,68.95,2003,33,83.91,4
43348,Historical,58469,0,0,S,28,1,251503,189.95,2009,51,131.1,7.79
43349,Historical,58480,0,0,S,10,1,2079871,47.95,2009,18,48.99,76.05
43350,Historical,58531,0,0,S,2,1,3930780,108,2000,28,61.79,36.99
43351,Historical,58540,0,0,S,2,1,3063047,74.95,2000,49,49.68,7.96
43352,Historical,58551,0,0,S,4,1,3087504,68.95,2002,87,52.56,9.96
43353,Historical,585683,0,0,S,2,1,3211087,50,1993,19,23.6,13.99
43354,Historical,585927,0,0,S,3,1,3657175,47.95,1994,34,30.54,27.98
43360,Historical,587869,0,0,S,7,1,1327791,247.95,2011,19,133.19,270.95
43362,Historical,588002,0,0,S,16,1,1516043,184.95,2012,18,146.61,173.99
43363,Historical,590309,0,0,S,9,1,1498578,44.99,2012,20,245.24,62.99
43366,Historical,592110,0,0,S,0,0,242782,42.95,2009,48,47.36,31.11
43367,Historical,592305,0,0,S,5,1,3154840,59.95,2005,30,4.19,4.02
43373,Historical,592922,0,0,S,7,1,2027820,71.95,2008,34,4.22,5.06
43378,Historical,594688,0,0,S,3,1,1248162,102.95,2012,12,45.28,38.13
43382,Historical,599134,0,0,S,5,1,1325581,68.64,2008,17,29.19,31.86
43383,Historical,599286,0,0,S,14,1,1926436,48.95,2012,26,10.99,11.43
43384,Historical,600518,0,0,S,4,1,547775,88,2010,28,45.12,48.99
43385,Historical,60052,0,0,S,11,1,579905,299.95,2007,41,131.76,77.79
43386,Historical,60155,0,0,S,10,1,3372154,41,2004,34,19,6.57
43388,Historical,60345,0,0,S,6,1,2181645,133.95,2008,35,83.3,27.99
43389,Historical,606761,0,0,S,6,1,2735262,49.95,2005,42,23.97,9.44
43390,Historical,606776,0,0,S,24,1,1525099,52.95,2007,31,0,28.99
43391,Historical,606814,0,0,S,10,1,4046095,82.5,2002,45,88.86,32.58
43392,Historical,606905,0,0,S,3,1,678689,69.72,2004,35,85.74,69.12
43393,Historical,606964,0,0,S,12,1,2452825,436.74,2008,19,65.45,153.99
43394,Historical,607112,0,0,S,9,1,1616334,77.73,2002,61,5.43,19.22
43395,Historical,607117,0,0,S,11,1,3217433,102,1999,32,103.79,31.66
43396,Historical,607151,0,0,S,2,1,10816558,34.7,2001,14,12.77,21.43
43397,Historical,607225,0,0,S,3,1,5548668,70.67,2001,19,126.38,25.97
43398,Historical,607263,0,0,S,2,1,5921261,50.67,1999,23,79.87,9.07
43399,Historical,607264,0,0,S,5,1,4070393,51.4,2003,14,83.63,16.95
43400,Historical,607305,0,0,S,6,1,7456798,91,2004,12,43.5,13.98
43401,Historical,607315,0,0,S,9,1,3193549,100,2003,34,103.5,18.5
43402,Historical,607332,0,0,S,2,1,2134118,127,2005,49,86.09,33.99
43403,Historical,607333,0,0,S,6,1,2993062,100,2004,32,4.93,44.47
43404,Historical,607343,0,0,S,12,1,2750922,119.93,2005,13,58.23,103.23
43405,Historical,607390,0,0,S,10,1,2673448,177.33,2006,29,132.81,25.94
43406,Historical,607418,0,0,S,2,1,2260057,118,2006,21,8.1,38.99
43407,Historical,607427,0,0,S,3,1,1888670,88,1995,45,198.55,9.96
43408,Historical,60743,0,0,S,7,1,3133886,140.2,2006,26,4.48,6.31
43409,Historical,607503,0,0,S,8,1,4531399,74.67,1997,30,31.18,47.52
43410,Historical,607612,0,0,S,2,1,8926234,88,2001,24,39.98,45.76
43411,Historical,607627,0,0,S,10,1,687072,133.33,2000,44,141.26,66.98
43412,Historical,607652,0,0,S,2,1,1020178,84.15,1989,81,184.05,9.98
43413,Historical,607686,0,0,S,2,1,3920614,60.2,2001,35,84.25,8.65
43414,Historical,607745,0,0,S,10,1,1314878,118.6,2009,26,34.74,28.98
43415,Historical,607746,0,0,S,12,1,515957,27.4,2009,23,26.4,36.69
43416,Historical,607874,0,0,S,5,1,1373157,50.4,2001,23,28.69,7.23
43417,Historical,607891,0,0,S,5,1,1465306,140,2003,26,56.72,58.97
43418,Historical,607901,0,0,S,11,1,801104,160,2004,50,126.6,21.94
43419,Historical,607912,0,0,S,7,1,933344,64,2004,25,43.71,13.98
43420,Historical,607913,0,0,S,11,1,3033925,123.6,2005,24,141.26,57.85
43421,Historical,607922,0,0,S,2,1,1861257,113,2005,31,145.69,16.99
43422,Historical,607942,0,0,S,3,1,3828995,119.8,2006,17,98.99,16.25
43423,Historical,607956,0,0,S,12,1,1088989,62.4,2007,34,240.86,15.56
43424,Historical,608000,0,0,S,6,1,2399984,54.95,2003,33,38.13,13
43425,Historical,608231,0,0,S,4,1,1030312,40,2008,25,13.99,29.99
43427,Historical,60851,0,0,S,2,1,3063442,73.95,1997,25,36.91,43.62
43428,Historical,608510,0,0,S,2,1,4575665,45.95,2000,32,63.99,8.4
43429,Historical,608634,0,0,S,2,1,3527455,112.95,2003,26,62.42,61.67
43430,Historical,608723,0,0,S,4,1,770553,44.95,2005,48,0,20.99
43431,Historical,608744,0,0,S,7,1,185208,69.56,2001,37,75.62,49.27
43432,Historical,608764,0,0,S,5,1,1618418,101.95,2003,28,141.82,29.36
43433,Historical,608829,0,0,S,3,1,873989,39.95,1991,28,22.6,39.99
43434,Historical,608878,0,0,S,5,1,2524430,49.99,2009,24,36.82,10.25
43435,Historical,608925,0,0,S,6,1,1249579,52.95,2004,58,19.94,27.47
43436,Historical,608986,0,0,S,4,1,3385723,85.95,2005,30,71.15,19.81
43437,Historical,609118,0,0,S,5,1,2508584,269.95,2000,34,30.73,11.44
43438,Historical,609229,0,0,S,0,0,287559,42.95,2009,83,26.48,4
43439,Historical,609250,0,0,S,16,1,1280141,49.99,2005,44,4.97,39.99
43440,Historical,609305,0,0,S,3,1,1463239,52.95,2001,41,38.23,6.24
43441,Historical,609323,0,0,S,6,1,4046015,39,2004,37,26,10.99
43442,Historical,609357,0,0,S,4,1,2851119,35,2006,32,23.35,7.29
43443,Historical,609409,0,0,S,2,1,9696808,105.95,1999,32,43.94,33.99
43444,Historical,609415,0,0,S,3,1,3874279,77.95,2001,39,78.02,8.49
43445,Historical,609418,0,0,S,3,1,1748703,79.95,1994,39,53.95,9.97
43446,Historical,609437,0,0,S,4,1,670253,49.95,1994,114,36.89,9.61
43447,Historical,609498,0,0,S,5,1,3838985,120.95,2004,37,39.97,17.9
43448,Historical,609527,0,0,S,8,1,2772777,34.99,2007,30,24.47,4.82
43449,Historical,609553,0,0,S,4,1,593027,39.99,2010,61,27.68,38.89
43450,Historical,609609,0,0,S,11,1,1758810,144.95,2007,31,76.38,8.36
43451,Historical,609618,0,0,S,4,1,2028307,187.95,2009,28,15.22,42.37
43452,Historical,609626,0,0,S,4,1,586555,195.95,2008,33,83.9,131.35
43453,Historical,609729,0,0,S,4,1,1393764,52.95,2003,38,0,17.99
43454,Historical,609739,0,0,S,7,1,924658,37.95,2008,21,27.09,36
43455,Historical,609749,0,0,S,8,1,1365188,29.99,2009,94,13.99,4.57
43456,Historical,609966,0,0,S,27,1,480096,39.95,2013,23,24.49,20.98
43457,Historical,610114,0,0,S,2,1,264819,59.99,2009,19,15.52,41.98
43458,Historical,610291,0,0,S,0,0,1229518,285.4,2014,10,209.89,219.9
43459,Historical,610396,0,0,S,0,0,453339,179.95,2013,43,102.87,17.87
43462,Historical,611850,0,0,S,16,1,455021,171.33,2013,33,126.69,103.98
43464,Historical,611919,0,0,S,6,1,1120735,47.95,2013,26,23.8,33.99
43469,Historical,612810,0,0,S,6,1,100443,44.95,2008,550,28.98,12.25
43471,Historical,613234,0,0,S,3,1,1414927,116.25,2001,81,6.29,9.22
43472,Historical,613264,0,0,S,0,0,864091,35,2012,96,33.99,18.99
43473,Historical,613292,0,0,S,0,0,449874,35,1999,130,19.27,6.94
43474,Historical,613376,0,0,S,11,1,1234167,35.95,2010,51,4.22,4.98
43475,Historical,613622,0,0,S,7,1,906959,142.2,2001,42,4,13.15
43476,Historical,613831,0,0,S,3,1,1367577,125,2007,35,157.95,16.09
43477,Historical,613846,0,0,S,3,1,580456,100,1996,38,4,58.09
43478,Historical,613894,0,0,S,2,1,486660,314.95,2005,66,3.78,26.66
43479,Historical,613981,0,0,S,3,1,1395811,243.8,2003,54,4.77,47.16
43480,Historical,614081,0,0,S,6,1,1172320,120.94,2008,19,106.87,18.87
43481,Historical,614129,0,0,S,1,0,776072,76.95,2007,37,4.99,48
43482,Historical,614373,0,0,S,10,1,3133137,154.25,2006,29,139.63,6.59
43483,Historical,614455,0,0,S,3,1,1450486,36,2012,37,8.09,5.88
43485,Historical,615099,0,0,S,0,0,952808,99.95,2008,39,91.99,34
43486,Historical,615303,0,0,S,11,1,267953,90.67,2010,35,67.24,48.26
43488,Historical,615536,0,0,S,0,0,415469,37.99,2006,33,15.99,20.98
43489,Historical,615847,0,0,S,5,1,2178648,48.95,2003,27,75.97,5.37
43490,Historical,615877,0,0,S,8,1,683193,19.99,2010,40,93.9,15.79
43492,Historical,616114,0,0,S,4,1,1871948,139.8,1998,39,4,34.93
43493,Historical,616528,0,0,S,0,0,1256088,189,2012,52,45.94,16
43494,Historical,616561,0,0,S,2,1,782864,73.95,2005,44,49.55,51.11
43495,Historical,616627,0,0,S,21,1,1639146,130.55,2005,44,0,16.96
43496,Historical,616718,0,0,S,1,0,177501,54.99,2012,52,31.98,31.18
43498,Historical,616870,0,0,S,1,0,122651,39.99,1992,46,33.24,15.97
43499,Historical,616914,0,0,S,3,1,1279146,35,2012,29,6.04,5.88
43500,Historical,616923,0,0,S,10,1,814223,84.13,2012,18,89.51,96.39
43501,Historical,617018,0,0,S,2,1,1138473,232.95,1992,45,4,34.03
43502,Historical,617061,0,0,S,4,1,5195313,97.8,2000,26,55.99,18.74
43503,Historical,617132,0,0,S,1,0,206794,49.99,2011,41,28.92,28.98
43504,Historical,617520,0,0,S,4,1,1111318,86,1992,41,98.45,71.44
43505,Historical,617621,0,0,S,15,1,484544,57,2012,33,0,13.04
43506,Historical,617634,0,0,S,6,1,616085,44.99,2011,29,21.99,27.39
43507,Historical,617697,0,0,S,2,1,858312,63.95,2003,46,4,32.69
43508,Historical,617718,0,0,S,5,1,434794,211.95,1999,33,0,90.56
43509,Historical,617737,0,0,S,0,0,96628,88.04,1993,41,0,63.91
43510,Historical,617908,0,0,S,2,1,1138161,60,2004,26,4.69,40.28
43512,Historical,618184,0,0,S,3,1,186773,155.95,2000,44,4.73,28.99
43513,Historical,618265,0,0,S,7,1,1736543,64.95,2010,31,23.93,9.77
43514,Historical,618542,0,0,S,1,0,57161,59.99,2012,51,33.31,36.65
43517,Historical,618792,0,0,S,2,1,811273,69.99,2001,40,11.09,23.66
43518,Historical,618920,0,0,S,1,0,834254,144.67,2012,32,136.12,83.48
43519,Historical,618954,0,0,S,10,1,700226,109.47,2010,26,82.93,65.99
43520,Historical,618983,0,0,S,5,1,860923,82.4,2008,15,31.52,7.24
43521,Historical,619284,0,0,S,8,1,3589006,39.99,2006,32,26.12,7.33
43522,Historical,619561,0,0,S,2,1,8378983,109.75,2001,23,36.74,10.94
43523,Historical,619566,0,0,S,7,1,499687,98.44,2006,23,86.19,51.39
43524,Historical,619616,0,0,S,2,1,827205,160.33,2010,25,102.81,63.55
43526,Historical,620005,0,0,S,2,1,540656,157.8,1995,39,4.57,69.29
43527,Historical,620070,0,0,S,8,1,722037,45.6,2009,28,8.47,34.51
43528,Historical,620181,0,0,S,2,1,200516,23.97,2009,23,84.99,60.01
43529,Historical,620274,0,0,S,4,1,760306,31.71,2009,19,100.73,48.99
43534,Historical,620529,0,0,S,7,1,4653354,53,2001,21,99.29,4.49
43535,Historical,620584,0,0,S,3,1,2875498,54.95,1996,36,20.14,33.99
43536,Historical,620757,0,0,S,0,0,583848,41.95,2012,56,36.64,7.51
43537,Historical,620769,0,0,S,12,1,1112371,280.4,2010,16,0,117.99
43539,Historical,620878,0,0,S,2,1,2385,39.99,2004,103,59.98,23.59
43540,Historical,620907,0,0,S,2,1,1328407,104.95,2001,35,4.47,42.48
43541,Historical,620921,0,0,S,4,1,902836,47.95,1999,46,17.4,38.84
43542,Historical,621032,0,0,S,12,1,1319139,142.5,2007,35,187.07,71.56
43544,Historical,621256,0,0,S,3,1,1775577,61.95,2005,35,17,19.94
43545,Historical,621355,0,0,S,7,1,171628,153,2009,36,58.72,61.72
43546,Historical,621389,0,0,S,2,1,652267,37.57,2008,26,0,28.99
43547,Historical,621488,0,0,S,2,1,620473,63.75,2000,34,12.24,43.68
43548,Historical,621525,0,0,S,5,1,1063548,132.1,1993,37,115.99,44.76
43549,Historical,621694,0,0,S,4,1,672490,184.67,2011,9,70.31,138.4
43551,Historical,621902,0,0,S,6,1,434883,160.73,2012,24,140.99,43.98
43552,Historical,622118,0,0,S,2,1,374687,56,1997,21,0,38.99
43554,Historical,622192,0,0,S,4,1,1106137,70.3,1982,33,0,58.73
43555,Historical,622429,0,0,S,2,1,286182,169.99,2003,26,0,53.99
43557,Historical,622618,0,0,S,2,1,896472,132,2011,33,83.99,28.98
43558,Historical,622620,0,0,S,7,1,343820,108,2011,25,25.93,89.41
43559,Historical,622670,0,0,S,1,0,327131,58,2009,73,42.1,71.2
43561,Historical,622701,0,0,S,10,1,358031,70.4,2008,23,36.46,33.15
43563,Historical,622918,0,0,S,3,1,653381,101.22,1994,16,0,62.77
43564,Historical,622982,0,0,S,2,1,1755764,112.5,2003,28,102.98,59.35
43568,Historical,623270,0,0,S,3,1,547051,146,2003,17,140.99,46.35
43570,Historical,623369,0,0,S,10,1,1704768,141.47,2012,22,31.43,113.99
43571,Historical,623515,0,0,S,3,1,521798,102.07,2009,27,125.49,33.01
43573,Historical,623618,0,0,S,1,0,873487,137.95,2005,31,93.35,53.89
43575,Historical,623716,0,0,S,2,1,1104440,116.6,1992,46,3.85,21.09
43577,Historical,623788,0,0,S,0,0,4991,39.99,2013,31,26.45,25.43
43578,Historical,623819,0,0,S,6,1,1167640,150,2012,40,127.89,38.5
43579,Historical,623854,0,0,S,2,1,282607,75.64,2002,26,4.24,43.93
43580,Historical,624074,0,0,S,3,1,329769,223.95,1981,35,19.79,77.14
43582,Historical,624274,0,0,S,2,1,1268521,69.1,2011,16,95.33,158.59
43585,Historical,624569,0,0,S,5,1,567365,334.95,1994,47,5.09,33.97
43586,Historical,624680,0,0,S,11,1,355213,123.33,2012,29,60.74,58.98
43587,Historical,624705,0,0,S,1,0,953587,59.99,2012,24,17.03,8.57
43589,Historical,624768,0,0,S,5,1,1559347,146.5,2009,29,143.14,63.42
43590,Historical,624804,0,0,S,11,1,1804564,73.95,2001,31,5.26,26.93
43591,Historical,624810,0,0,S,3,1,424587,125,1977,40,18.99,53.63
43592,Historical,624886,0,0,S,3,1,1196639,106,2000,46,141.49,53.99
43594,Historical,624969,0,0,S,1,0,954311,69.99,2010,24,49.98,23.22
43595,Historical,625006,0,0,S,2,1,1391169,108,2000,27,24.86,48.81
43596,Historical,625050,0,0,S,4,1,468735,90,2003,37,32.74,66.51
43597,Historical,625143,0,0,S,1,0,77577,141,2003,33,72.96,125.84
43598,Historical,625150,0,0,S,9,1,945181,0,2009,38,122.42,124.18
43600,Historical,625407,0,0,S,3,1,1369012,132.5,2005,32,68.45,27.24
43601,Historical,625457,0,0,S,5,1,422273,156,2002,39,179.94,66.33
43604,Historical,625711,0,0,S,13,1,253848,116.42,2010,27,144.94,58.99
43606,Historical,626009,0,0,S,2,1,1579837,75.95,2001,35,16.9,65.79
43608,Historical,626133,0,0,S,11,1,1580568,109.75,2009,12,61.99,66.47
43613,Historical,626613,0,0,S,14,1,1866456,19.99,2011,17,113.98,9.99
43614,Historical,626806,0,0,S,3,1,1455419,175,1986,29,0,53.84
43615,Historical,627209,0,0,S,2,1,1125441,150.95,1988,26,4.49,78.5
43617,Historical,627229,0,0,S,5,1,1360559,88.37,2009,22,74.77,153.93
43621,Historical,627882,0,0,S,6,1,78051,146.73,2012,67,140.99,54.01
43622,Historical,628104,0,0,S,12,1,1050766,141.47,2012,19,106.89,103.98
43623,Historical,628154,0,0,S,5,1,1815710,77.6,2007,22,45.74,31.99
43624,Historical,628229,0,0,S,2,1,650002,37.95,2010,37,105.45,26.95
43625,Historical,628690,0,0,S,3,1,743874,91.33,2010,30,44.44,20.85
43626,Historical,628750,0,0,S,4,1,816488,192.2,2009,29,80.26,75.99
43629,Historical,629024,0,0,S,7,1,774072,116.6,1992,36,31.92,82.05
43630,Historical,629136,0,0,S,7,1,953612,34.99,2012,15,24.11,22.16
43631,Historical,629242,0,0,S,10,1,2657790,20.24,2009,19,83.99,31.49
43632,Historical,629309,0,0,S,6,1,906625,233.67,2012,17,114.41,419.34
43633,Historical,629455,0,0,S,6,1,834630,109.47,2009,18,39.98,87.91
43634,Historical,629724,0,0,S,5,1,152449,152.99,2002,21,0,63.89
43637,Historical,629969,0,0,S,9,1,1251292,237.2,2011,27,97.41,143.98
43638,Historical,629995,0,0,S,5,1,1248866,85,2011,17,36.47,21.98
43639,Historical,630014,0,0,S,9,1,622553,34.11,2010,24,153.24,72.3
43640,Historical,630021,0,0,S,1,0,232169,128,2010,23,128.74,43.99
43646,Historical,630654,0,0,S,3,1,131535,165.33,2002,20,4,50.11
43647,Historical,630853,0,0,S,4,1,434165,166,2011,30,151.72,20.19
43649,Historical,630931,0,0,S,2,1,716511,55.95,2001,43,4,26.18
43650,Historical,630948,0,0,S,2,1,1290637,35.95,2010,20,105.45,23.99
43651,Historical,630969,0,0,S,2,1,1160563,46.95,2005,27,0,35.82
43656,Historical,631682,0,0,S,3,1,37333,56.99,2008,38,40.98,56.99
43658,Historical,631800,0,0,S,2,1,407970,49.99,2005,31,5.14,20.71
43659,Historical,631851,0,0,S,3,1,1416242,103,2002,19,5.28,215.22
43661,Historical,631980,0,0,S,2,1,983681,59.66,1988,36,5.53,45.35
43662,Historical,632011,0,0,S,0,0,363260,66.99,2013,43,253.05,68.01
43664,Historical,632135,0,0,S,1,0,513008,59.99,2013,28,40.33,13.96
43665,Historical,632146,0,0,S,0,0,297159,34.99,2012,47,0,6.96
43666,Historical,632259,0,0,S,2,1,863098,81.2,1994,28,23.09,44.4
43669,Historical,632294,0,0,S,3,1,987344,61.45,1972,32,4,51.11
43670,Historical,632391,0,0,S,3,1,599609,54.95,1996,26,6.91,15.28
43671,Historical,632453,0,0,S,5,1,969169,178.67,2012,29,43.99,142.84
43672,Historical,632624,0,0,S,4,1,1662484,125,1999,23,27.27,78.84
43675,Historical,632734,0,0,S,1,0,190191,41.95,2002,16,0,28.99
43677,Historical,632910,0,0,S,3,1,1397922,198.95,2005,30,8.87,69.06
43678,Historical,632956,0,0,S,6,1,523546,52.46,2010,22,89.76,15.94
43680,Historical,633148,0,0,S,10,1,1154620,163.2,2011,19,112.85,69.93
43681,Historical,633189,0,0,S,0,0,211669,36.99,2011,42,30.46,11.63
43686,Historical,633554,0,0,S,2,1,595919,108,2000,22,0,78.2
43688,Historical,633619,0,0,S,3,1,947302,182.6,1993,41,4.26,45.17
43689,Historical,633696,0,0,S,13,1,868461,176.25,2013,45,100.99,28.99
43690,Historical,633719,0,0,S,8,1,645644,133.53,2013,16,124.97,103.98
43694,Historical,634496,0,0,S,2,1,1390664,103.99,2005,24,8.29,68.33
43695,Historical,634511,0,0,S,3,1,933486,139.24,2002,26,8.37,215.78
43696,Historical,634746,0,0,S,5,1,1826651,244,2009,24,118.96,59.99
43701,Historical,635551,0,0,S,12,1,1026677,115.27,2013,17,69.33,188.91
43703,Historical,635828,0,0,S,2,1,871185,91.88,2001,19,4,47.77
43704,Historical,635919,0,0,S,6,1,1156156,127.95,2011,26,71.15,33.98
43705,Historical,635987,0,0,S,3,1,2732015,88.2,1993,20,0,57.08
43706,Historical,636070,0,0,S,3,1,1146340,110.67,2010,14,49.4,23.98
43707,Historical,636155,0,0,S,5,1,953397,105,2012,17,53.49,15.59
43708,Historical,636171,0,0,S,4,1,5433016,79.95,1998,23,28.29,44.13
43709,Historical,636189,0,0,S,7,1,573385,105.47,2012,11,56.05,2343
43714,Historical,636775,0,0,S,2,1,980804,79,2008,22,45.79,36.53
43717,Historical,637004,0,0,S,7,1,182276,203.18,2010,48,132.99,83.99
43718,Historical,637005,0,0,S,7,1,1600243,190.76,2010,16,0,116.68
43719,Historical,637010,0,0,S,11,1,216122,87.49,2010,40,0,41.65
43720,Historical,637035,0,0,S,6,1,1090972,142.67,2010,14,108.42,153.99
43724,Historical,637288,0,0,S,3,1,139779,40.8,2005,32,4.98,32.24
43727,Historical,637561,0,0,S,11,1,131065,137.67,2013,55,82.93,38.73
43728,Historical,637649,0,0,S,6,1,754171,103.94,2012,21,103.98,602.99
43730,Historical,637677,0,0,S,4,1,1740011,134.8,2012,14,116.75,112.98
43731,Historical,637803,0,0,S,9,1,847366,100,2011,20,80.97,61.26
43732,Historical,637907,0,0,S,2,1,1075022,147.5,1991,21,26.96,59.1
43734,Historical,638231,0,0,S,2,1,1073369,81.2,2003,15,39.52,82.43
43735,Historical,638244,0,0,S,11,1,1038845,146.67,2013,34,58.32,58.99
43736,Historical,638424,0,0,S,3,1,887750,48.95,2012,19,30.82,32.11
43737,Historical,638563,0,0,S,2,1,1034342,65.95,2001,25,24.99,39.97
43738,Historical,638573,0,0,S,4,1,259814,96.45,2005,22,0,37.25
43739,Historical,638620,0,0,S,2,1,676515,213.95,2001,39,4.03,53.94
43740,Historical,638968,0,0,S,0,0,86051,56.95,1977,19,39.86,40.2
43745,Historical,639656,0,0,S,5,1,59552,174.8,2013,54,122.52,73.99
43751,Historical,640294,0,0,S,4,1,807655,109.33,2009,20,151.43,69.99
43752,Historical,640295,0,0,S,8,1,1841281,107.33,2011,16,97.5,77.98
43753,Historical,640296,0,0,S,12,1,1561483,154.67,2013,21,18.93,37.61
43755,Historical,640705,0,0,S,3,1,1783567,46,1990,23,0,46.53
43759,Historical,641520,0,0,S,3,1,1803543,38.95,2009,26,23.68,61.99
43760,Historical,641578,0,0,S,0,0,246327,50.11,2008,45,0,43.35
43764,Historical,641914,0,0,S,6,1,1209181,107,1981,23,103.97,71.29
43765,Historical,641939,0,0,S,1,0,476430,0,1996,18,19.91,86.8
43766,Historical,642003,0,0,S,1,0,427366,39.99,2013,54,30.29,45.55
43767,Historical,642150,0,0,S,1,0,111240,159,2012,30,0,123.13
43770,Historical,642279,0,0,S,0,0,52280,49.99,2011,36,18.93,36.58
43772,Historical,642294,0,0,S,3,1,507793,46.95,2011,23,23.97,32.63
43775,Historical,642431,0,0,S,12,1,1988641,0,2009,15,146.91,303.94
43776,Historical,642499,0,0,S,3,1,358867,180.67,2012,27,158.25,144.11
43777,Historical,642708,0,0,S,3,1,771277,215,2005,26,41.58,90.45
43778,Historical,642733,0,0,S,6,1,505799,74.67,2012,18,76.35,0
43781,Historical,643065,0,0,S,2,1,1097685,79.95,2000,27,4.73,57.74
43782,Historical,643070,0,0,S,2,1,8663150,96,2003,11,26.14,118.03
43784,Historical,643785,0,0,S,2,1,2913327,159,2003,28,88.99,24.95
43785,Historical,643891,0,0,S,7,1,1382445,109.49,2010,45,104.55,765.16
43786,Historical,643917,0,0,S,4,1,1223481,46.99,2010,21,8.98,18.94
43789,Historical,644364,0,0,S,0,0,458705,52.8,2013,38,40.33,18.49
43790,Historical,644472,0,0,S,3,1,75539,34.95,2013,76,33.08,7.79
43791,Historical,644711,0,0,S,9,1,459108,80,2011,20,91.95,33.99
43792,Historical,644742,0,0,S,2,1,507552,151.5,2011,35,104.57,18.99
43794,Historical,644764,0,0,S,0,0,796678,97.95,2011,3,10.53,38.77
43795,Historical,644975,0,0,S,3,1,1123932,55,2009,19,37.8,50.99
43796,Historical,645009,0,0,S,2,1,1115338,56,2005,15,0,48.74
43798,Historical,645172,0,0,S,7,1,1492527,152,2011,19,128.82,13.98
43799,Historical,645181,0,0,S,4,1,800751,102,2013,32,57.48,76.45
43800,Historical,645389,0,0,S,3,1,583335,49.95,2010,33,21.98,40.78
43802,Historical,645487,0,0,S,4,1,279633,131.45,1999,27,0,29.98
43803,Historical,645940,0,0,S,14,1,1251286,44.99,2011,28,23.99,28.29
43808,Historical,646479,0,0,S,0,0,4111,49.99,2009,34,22.49,32.93
43812,Historical,646783,0,0,S,3,1,1370243,205.2,1984,36,0,59.04
43813,Historical,646866,0,0,S,9,1,742895,116.67,2013,54,92.11,101.77
43814,Historical,646920,0,0,S,10,1,1312227,95,2013,18,74.57,26.08
43815,Historical,647027,0,0,S,19,1,680405,89.95,2012,21,2646.73,74.44
43816,Historical,647053,0,0,S,3,1,271599,44.99,2012,55,29.43,28.21
43819,Historical,647226,0,0,S,13,1,448311,116.73,2011,18,95.66,48.53
43820,Historical,647227,0,0,S,9,1,568637,180,2011,18,137.39,150
43821,Historical,647228,0,0,S,7,1,487410,159.13,2011,17,135.9,81.99
43823,Historical,647308,0,0,S,11,1,651657,99,2010,14,115.99,34.09
43826,Historical,647418,0,0,S,6,1,727462,63.12,2002,23,119.49,42.95
43831,Historical,647741,0,0,S,2,1,682272,49,2009,22,11.07,39.45
43832,Historical,647764,0,0,S,6,1,787903,123.87,2012,22,121.79,38.98
43833,Historical,647820,0,0,S,2,1,3572355,109.35,2005,13,119.98,28.21
43836,Historical,648209,0,0,S,4,1,2400831,239,2004,16,76.66,76.85
43841,Historical,649246,0,0,S,2,1,404074,65,2004,21,16.32,46
43844,Historical,649464,0,0,S,11,1,471607,165.8,2013,22,148.99,24.94
43850,Historical,650163,0,0,S,3,1,331704,50.8,1978,18,0,79.55
43851,Historical,650401,0,0,S,6,1,1107915,88,2010,13,59.92,28.8
43852,Historical,650506,0,0,S,0,0,549611,125,2013,54,12.65,8.98
43853,Historical,650528,0,0,S,7,1,788501,139.87,2012,24,64.75,98.58
43854,Historical,650529,0,0,S,7,1,324154,130.73,2013,42,39.98,17.11
43855,Historical,651157,0,0,S,0,0,1328871,32,2005,20,19.82,31.04
43857,Historical,651729,0,0,S,2,1,1546820,114.95,2004,16,150.25,38.99
43859,Historical,652255,0,0,S,5,1,293697,120.33,2013,27,57.81,128.4
43865,Historical,652639,0,0,S,6,1,1177922,158.87,2011,16,103.97,321.73
43867,Historical,652905,0,0,S,10,1,3752968,0,2010,11,62.54,177.29
43868,Historical,652980,0,0,S,2,1,845233,116.2,2004,14,71.88,29.94
43869,Historical,653127,0,0,S,11,1,623115,94.67,2010,14,67.24,161.92
43870,Historical,653250,0,0,S,4,1,1025961,143,2011,38,32.44,33.99
43872,Historical,653624,0,0,S,4,1,1731534,50.95,2013,16,31.98,30.86
43873,Historical,654047,0,0,S,9,1,552847,153,2015,21,91.95,79.99
43878,Historical,654256,0,0,S,6,1,2017745,60.53,2010,15,61.29,38.3
43879,Historical,654261,0,0,S,2,1,933005,84,2011,30,25.01,26.99
43884,Historical,654856,0,0,S,2,1,864421,69.99,2005,14,59.98,38.96
43887,Historical,655026,0,0,S,5,1,215298,33.23,2013,24,51.58,21.97
43890,Historical,655128,0,0,S,1,0,480817,39.99,2013,20,25.86,19.99
43891,Historical,655180,0,0,S,0,0,738462,323.95,2013,20,58.99,133.99
43892,Historical,655246,0,0,S,15,1,602945,49.95,2013,19,10.99,23.98
43893,Historical,655389,0,0,S,9,1,938568,39.99,2012,17,28.3,91.88
43894,Historical,655496,0,0,S,4,1,1020124,85.33,2011,13,70,85.75
43897,Historical,655586,0,0,S,2,1,733829,43.98,2010,11,0,67.4
43902,Historical,655934,0,0,S,5,1,1067482,124,2012,22,98.45,42.84
43903,Historical,656043,0,0,S,3,1,1820837,88.8,2011,18,71.99,68.94
43904,Historical,656052,0,0,S,7,1,192873,121.87,2013,29,74.98,104.51
43905,Historical,656053,0,0,S,2,1,868329,222.67,2013,23,79.25,114.98
43906,Historical,656061,0,0,S,13,1,796477,284,2013,25,240.86,193.97
43908,Historical,656286,0,0,S,6,1,2894433,25.05,2010,13,51.98,25.05
43913,Historical,656915,0,0,S,4,1,1479462,100.95,2010,14,53.97,71.02
43914,Historical,657153,0,0,S,8,1,1291254,139.95,2012,26,105.16,185.99
43917,Historical,657778,0,0,S,19,1,1457247,125,1995,15,40.64,73.83
43919,Historical,657863,0,0,S,19,1,219281,249.5,2013,24,192.7,53.99
43920,Historical,657920,0,0,S,0,0,441106,112,2013,44,69.29,63.94
43925,Historical,658157,0,0,S,12,1,1453305,111.33,2012,33,67.24,18.97
43926,Historical,658277,0,0,S,3,1,1635591,121.25,2012,18,133.81,86.39
43929,Historical,658607,0,0,S,6,1,2216474,0,2011,17,140.49,82.99
43930,Historical,658825,0,0,S,3,1,731697,42,2012,23,18.66,35.14
43931,Historical,658939,0,0,S,12,1,1066606,171.33,2012,18,55.34,145.17
43932,Historical,659011,0,0,S,1,0,675493,48.95,1998,20,116.87,42.87
43934,Historical,660419,0,0,S,2,1,257019,32.95,2007,27,42.12,23.94
43935,Historical,660645,0,0,S,0,0,129343,96.95,2014,64,67.9,6.49
43937,Historical,660666,0,0,S,19,1,310512,259.5,2013,21,0,0
43940,Historical,660711,0,0,S,0,0,934543,52,2013,47,22.24,15
43941,Historical,660961,0,0,S,2,1,1522815,122.67,2012,13,105.98,64.99
43942,Historical,660964,0,0,S,16,1,252481,108.67,2012,31,112.59,32.43
43944,Historical,661162,0,0,S,6,1,1164598,50.99,2012,11,123.6,59.96
43947,Historical,661626,0,0,S,11,1,1324731,166,2011,17,128.69,168.67
43948,Historical,661633,0,0,S,6,1,1577202,90.67,2013,20,34.74,90.99
43950,Historical,661878,0,0,S,8,1,409338,54.95,2013,21,11.49,35.06
43953,Historical,662502,0,0,S,10,1,1038447,62.5,2012,16,76.19,83.67
43954,Historical,662503,0,0,S,0,0,279235,65,2012,25,26.88,24.99
43956,Historical,663193,0,0,S,4,1,817418,178.2,2013,21,84.9,112.98
43957,Historical,663275,0,0,S,2,1,740561,42,2005,18,0,25.24
43959,Historical,663710,0,0,S,2,1,342875,127,2013,22,84.99,94.88
43961,Historical,663886,0,0,S,12,1,1540021,126,2013,36,100.06,166.46
43962,Historical,663925,0,0,S,5,1,382622,141.6,2013,26,70.31,103.5
43964,Historical,664107,0,0,S,11,1,1045885,95,2014,14,74.57,58.28
43965,Historical,664141,0,0,S,12,1,202225,119.13,2013,48,98.49,48.48
43966,Historical,664147,0,0,S,3,1,82870,72,2013,18,47.12,60.94
43967,Historical,664195,0,0,S,11,1,704990,121.87,2013,38,96.94,78.97
43971,Historical,665054,0,0,S,2,1,565886,48.95,2004,17,0,34.93
43973,Historical,665167,0,0,S,10,1,431671,94.87,2012,11,70.19,83.99
43974,Historical,665445,0,0,S,7,1,320731,111.53,2011,28,106.88,70.64
43977,Historical,665798,0,0,S,2,1,997635,103.33,2011,15,78.99,86.83
43979,Historical,665892,0,0,S,7,1,1414943,166,2012,17,28.77,158.04
43981,Historical,667222,0,0,S,5,1,467163,105.33,2012,24,118.84,41.99
43982,Historical,667352,0,0,S,11,1,708154,115,2011,36,94.45,98.23
43983,Historical,667390,0,0,S,5,1,142392,320.95,2011,27,78.92,126.19
43984,Historical,667566,0,0,S,8,1,689914,109.23,2012,23,123.73,99.71
43985,Historical,667783,0,0,S,10,1,526132,152,2011,16,43.99,127.08
43989,Historical,668297,0,0,S,18,1,1346373,215.95,2010,18,16.98,125.83
43991,Historical,669066,0,0,S,2,1,1188847,75,2012,41,30.37,39.95
43993,Historical,669114,0,0,S,11,1,1429469,166,2011,17,163.99,168.67
43998,Historical,669416,0,0,S,7,1,847063,58,2012,17,56.56,13.25
44000,Historical,670535,0,0,S,5,1,1631524,118.87,2012,12,132.64,124.6
44003,Historical,670749,0,0,S,0,0,600755,89.32,2005,26,52.99,48.95
44004,Historical,670836,0,0,S,8,1,1501552,100.67,2012,30,94.87,40.97
44005,Historical,670920,0,0,S,12,1,1563700,118.6,2012,11,138.62,114.07
44006,Historical,671846,0,0,S,1,0,76257,44.95,2003,15,30.95,31.54
44007,Historical,673040,0,0,S,0,0,359133,19.99,2014,58,8.75,11.98
44008,Historical,673250,0,0,S,0,0,323473,21.99,2013,103,4.38,7.97
44009,Historical,679255,0,0,S,8,1,603289,29.99,2011,17,16.97,74.65
44010,Historical,680704,0,0,S,0,0,320361,8.75,2005,44,17.12,6.94
44014,Historical,686569,0,0,S,1,0,72155,29.95,2013,47,41.26,23.81
44015,Historical,686687,0,0,S,3,1,61966,24.99,2012,46,0,0
44016,Historical,687555,0,0,S,2,1,1009065,24.95,2006,20,80.47,46.06
44017,Historical,689052,0,0,S,0,0,447474,29.99,2013,42,7.99,11.85
44018,Historical,692095,0,0,S,8,1,6018978,209.95,2000,26,214.67,48.7
44019,Historical,692279,0,0,S,3,1,346751,141.95,2001,17,28.14,76.09
44020,Historical,692282,0,0,S,4,1,7178482,241.95,2001,13,28.73,47.57
44021,Historical,692316,0,0,S,4,1,3527865,106.95,2001,30,77.77,61.83
44022,Historical,692343,0,0,S,3,1,322291,53.95,2002,32,5.09,45.26
44023,Historical,693147,0,0,S,3,1,691940,171.95,1997,35,6.24,48.35
44024,Historical,693257,0,0,S,3,1,1410945,104.87,1998,43,4.99,23.94
44027,Historical,696012,0,0,S,5,1,628367,129.95,1997,16,0,83.98
44028,Historical,696458,0,0,S,4,1,1425426,64.37,1997,39,33.77,22.48
44029,Historical,696561,0,0,S,3,1,2639073,49.95,1998,10,25.41,30.41
44030,Historical,696706,0,0,S,11,1,406364,78.98,2009,11,115.99,78.99
44031,Historical,696919,0,0,S,3,1,876625,100.4,1997,24,4.96,43.65
44032,Historical,696963,0,0,S,2,1,3035093,136.25,1999,22,93.16,79.27
44033,Historical,697471,0,0,S,5,1,2373353,0,2007,13,129.13,57.93
44034,Historical,697553,0,0,S,13,1,731421,29.37,2007,16,130.99,27.47
44035,Historical,697617,0,0,S,2,1,5828495,59.95,1997,22,26.26,9.91
44036,Historical,697749,0,0,S,4,1,2109724,76.95,2000,22,89.24,39.95
44037,Historical,697807,0,0,S,2,1,1187043,72.89,2010,13,102.99,71.25
44038,Historical,697827,0,0,S,11,1,3684303,47.89,2007,12,89.57,47.89
44039,Historical,697851,0,0,S,5,1,697631,11.75,2007,16,207.07,34.47
44040,Historical,698487,0,0,S,3,1,6073659,115.1,2002,17,129.98,87.47
44041,Historical,698505,0,0,S,3,1,5753218,28.72,2002,19,133.87,43.98
44042,Historical,698628,0,0,S,7,1,2888191,136.51,2009,8,167.7,458.74
44043,Historical,698636,0,0,S,3,1,1519836,66,2010,14,150.59,52.51
44044,Historical,698637,0,0,S,6,1,1311873,14.99,2010,15,118.99,9.99
44045,Historical,698651,0,0,S,3,1,1140791,99,2010,16,56.06,23.99
44046,Historical,698677,0,0,S,12,1,2821849,92.25,2010,17,125.03,8.99
44047,Historical,698832,0,0,S,5,1,4288073,43.99,2006,13,127.99,37.95
44048,Historical,698835,0,0,S,7,1,2339252,21.83,2006,21,83.98,21.83
44049,Historical,698932,0,0,S,4,1,416959,43.98,2009,11,128.98,37.58
44050,Historical,698974,0,0,S,12,1,3174961,0,2009,25,27.97,51.68
44051,Historical,698975,0,0,S,10,1,3061682,23.82,2009,32,103.99,21.74
44052,Historical,698977,0,0,S,6,1,820754,104.91,2005,9,102.15,65.07
44053,Historical,698991,0,0,S,9,1,801782,30.86,2009,12,118.74,43.98
44054,Historical,698996,0,0,S,8,1,402986,101.25,2008,22,83.98,44.99
44055,Historical,699007,0,0,S,10,1,2212101,81.5,2008,19,76.79,69.58
44056,Historical,699046,0,0,S,11,1,3893707,0,2007,13,244.6,71.61
44057,Historical,699074,0,0,S,5,1,2314991,103.25,2008,23,95.12,19.98
44058,Historical,699095,0,0,S,8,1,5370707,36.82,2008,5,113,41.98
44059,Historical,699105,0,0,S,2,1,580242,77,2010,16,161.37,28.99
44060,Historical,699125,0,0,S,6,1,5397077,49.91,2007,17,167.7,49.21
44061,Historical,699129,0,0,S,3,1,422766,112.25,2008,22,119.17,9.99
44062,Historical,699170,0,0,S,9,1,429558,90,2010,8,101.49,90
44063,Historical,699218,0,0,S,5,1,2605124,25.54,2010,20,151.63,21.47
44064,Historical,699231,0,0,S,9,1,367535,61.28,2012,12,0,63.89
44065,Historical,699235,0,0,S,4,1,1021375,47.85,2011,18,82.8,48.06
44067,Historical,699257,0,0,S,8,1,1160813,43.89,2011,13,133.95,45.97
44068,Historical,699263,0,0,S,7,1,162380,33.87,2011,21,99.49,29.99
44069,Historical,699279,0,0,S,6,1,378048,51.21,2011,10,92.99,52.24
44070,Historical,699290,0,0,S,8,1,399383,99.75,2011,17,142.33,71.98
44071,Historical,699311,0,0,S,18,1,675525,28.94,2011,22,192.7,27.93
44072,Historical,699316,0,0,S,6,1,460664,40.7,2012,15,158.81,66.17
44073,Historical,699326,0,0,S,4,1,524024,97,2012,10,150.59,36.28
44074,Historical,699327,0,0,S,3,1,2677201,53.02,2012,8,123.22,40.98
44075,Historical,699329,0,0,S,6,1,2574772,28.99,2012,13,115.68,27.99
44077,Historical,699341,0,0,S,10,1,1004026,36,2012,15,112.49,43.34
44078,Historical,699377,0,0,S,15,1,3017904,23.51,2012,14,114.26,19.95
44079,Historical,699632,0,0,S,2,1,2799398,39.95,2000,26,25.97,4.26
44080,Historical,700022,0,0,S,2,1,1151050,50,2001,46,5.89,30.44
44081,Historical,700124,0,0,S,16,1,2599712,59.95,2002,27,4,13.93
44082,Historical,700203,0,0,S,26,1,1447206,46.95,2003,32,20.49,18.98
44084,Historical,701597,0,0,S,12,1,1711663,63,2009,22,5.51,9.96
44086,Historical,701898,0,0,S,5,1,3380432,110,2010,22,53.95,55.51
44091,Historical,702452,0,0,S,5,1,652239,50,2013,23,21.72,41.53
44092,Historical,703494,0,0,S,4,1,342520,77.5,1999,28,122.9,39.99
44093,Historical,703704,0,0,S,6,1,2386086,137.4,2000,96,80.58,8.46
44094,Historical,703746,0,0,S,3,1,106326,57.92,2000,40,5.78,44.98
44095,Historical,704007,0,0,S,2,1,2712921,139.9,2001,29,143.94,52.83
44096,Historical,704144,0,0,S,6,1,2737449,58.43,2004,17,6.99,62.31
44097,Historical,704316,0,0,S,3,1,714703,48.54,2003,67,8.05,51.01
44098,Historical,704341,0,0,S,1,0,654311,43.98,2004,26,118.96,36.99
44099,Historical,704456,0,0,S,3,1,509113,79.55,2001,20,0,92.75
44100,Historical,704477,0,0,S,6,1,673499,119.69,2006,20,86.19,26.57
44101,Historical,704513,0,0,S,2,1,1747781,96.25,2004,16,83.54,21.99
44102,Historical,704614,0,0,S,6,1,1940152,0,2004,19,97.98,28.99
44103,Historical,704689,0,0,S,2,1,1171805,99.63,2005,15,122.46,81.22
44104,Historical,704792,0,0,S,7,1,3039219,152.5,2007,58,101.99,7.02
44105,Historical,704950,0,0,S,8,1,2219722,140.33,2005,58,123.98,35.86
44106,Historical,704963,0,0,S,4,1,1600322,82.19,2003,39,106.87,10.69
44107,Historical,705256,0,0,S,8,1,1693528,0,2007,23,205.97,19.99
44108,Historical,705258,0,0,S,3,1,84119,38.99,2005,24,102.98,39.98
44109,Historical,705320,0,0,S,5,1,2229220,0,2006,15,41.49,25.97
44110,Historical,705403,0,0,S,3,1,1365201,207.5,2013,23,64.23,83.98
44111,Historical,705414,0,0,S,10,1,1089808,101.23,2011,20,119.98,37.98
44112,Historical,705420,0,0,S,4,1,285345,185.5,2013,30,112.62,45.98
44113,Historical,705431,0,0,S,9,1,390185,218.5,2013,29,112.94,133.5
44114,Historical,705443,0,0,S,7,1,855679,165.75,2012,23,95.12,103.99
44115,Historical,705444,0,0,S,10,1,1581945,281,2013,29,76.18,67.69
44116,Historical,705486,0,0,S,14,1,1596688,136.31,2011,12,88.41,88.99
44117,Historical,705704,0,0,S,2,1,459704,139.63,2011,18,162.19,114.63
44118,Historical,705723,0,0,S,7,1,348947,285.5,2012,33,218.97,23.99
44119,Historical,705873,0,0,S,21,1,187167,268.75,2013,18,185.99,302.28
44121,Historical,705981,0,0,S,10,1,737347,259.5,2013,25,95.85,111.07
44122,Historical,706041,0,0,S,3,1,1087155,83.98,2012,13,161.37,60.89
44123,Historical,706053,0,0,S,13,1,330567,0,2012,14,97.74,150.44
44124,Historical,706100,0,0,S,10,1,394887,154.98,2011,12,150.43,199.98
44127,Historical,707164,0,0,S,0,0,524367,68.97,2003,18,0,79.89
44128,Historical,707712,0,0,S,3,1,1347312,107.25,2004,39,29.11,46.61
44129,Historical,707753,0,0,S,2,1,1388070,53.99,2005,19,6.8,55.99
44130,Historical,707947,0,0,S,0,0,1718968,63.99,2005,21,63.59,63.98
44131,Historical,710626,0,0,S,6,1,1235167,51,2000,37,46.53,12.09
44133,Historical,710971,0,0,S,6,1,1599866,78,2000,26,53.98,12.96
44134,Historical,711884,0,0,S,3,1,9332754,72.2,2001,19,132.74,14.49
44135,Historical,712300,0,0,S,3,1,1869428,80,2003,17,79.24,48.29
44137,Historical,712665,0,0,S,0,0,1732940,133.5,2000,37,63.18,16.98
44138,Historical,712823,0,0,S,7,1,1658747,44.7,2002,15,0,78.99
44139,Historical,712825,0,0,S,7,1,1492554,44.7,2002,21,0,23.98
44140,Historical,712876,0,0,S,10,1,3121368,71,2000,36,109.5,46.28
44141,Historical,712981,0,0,S,6,1,2098330,128.8,2002,26,42.12,47.77
44142,Historical,713241,0,0,S,11,1,966717,48,2002,21,133.01,26.98
44143,Historical,714078,0,0,S,4,1,12838345,65.67,2001,24,43.5,4.9
44144,Historical,714119,0,0,S,2,1,2086829,87.5,2003,11,14.98,79.71
44145,Historical,714308,0,0,S,4,1,3900930,105,2001,37,90.2,12.98
44146,Historical,714322,0,0,S,2,1,3006453,38,2001,19,8.55,13.98
44147,Historical,714335,0,0,S,2,1,1828545,90,2002,32,133.73,23.99
44148,Historical,714381,0,0,S,4,1,5712515,34.4,2001,21,49.42,28.99
44149,Historical,714437,0,0,S,4,1,2218241,102.67,2001,26,49.42,34.98
44150,Historical,714477,0,0,S,2,1,1416040,73,2002,30,69.9,9.99
44151,Historical,714596,0,0,S,3,1,2532981,96,1998,33,25.24,25.79
44152,Historical,714753,0,0,S,10,1,232467,57.6,2002,33,23.99,22.72
44153,Historical,714789,0,0,S,6,1,3073552,120.8,2002,41,50.88,14.97
44154,Historical,714806,0,0,S,8,1,1299899,72.67,2002,50,32.17,3.99
44155,Historical,714828,0,0,S,3,1,3176148,0,2003,36,137.39,113.69
44157,Historical,715422,0,0,S,6,1,388720,80.99,2012,16,163.98,95.71
44158,Historical,715435,0,0,S,7,1,1364110,146.27,2011,12,49.97,109.33
44159,Historical,715457,0,0,S,9,1,1937882,221.8,2011,38,245.24,8.87
44160,Historical,715482,0,0,S,5,1,1251159,95.87,2010,16,85.7,99.69
44161,Historical,715526,0,0,S,4,1,6612819,57,1997,18,19.66,47.09
44163,Historical,715636,0,0,S,7,1,2802676,165.53,2012,18,125.17,53.98
44166,Historical,716097,0,0,S,5,1,580572,124.53,2012,18,97.21,175.67
44167,Historical,716234,0,0,S,7,1,730104,229.67,2011,34,118.49,123.6
44168,Historical,716255,0,0,S,2,1,2662541,186.07,2011,14,86.44,186.07
44169,Historical,716298,0,0,S,5,1,982491,231.67,2011,19,43.73,143.96
44170,Historical,716305,0,0,S,3,1,1271671,183.93,2011,16,241.16,153.98
44172,Historical,716405,0,0,S,9,1,1649550,100.8,2012,13,128.64,91.38
44175,Historical,717117,0,0,S,8,1,1552824,156,2010,19,67.5,65.94
44176,Historical,717124,0,0,S,3,1,1197446,165.27,2009,29,83.65,33.97
44177,Historical,717521,0,0,S,4,1,653867,239.95,1998,32,4.31,50.31
44178,Historical,717548,0,0,S,2,1,1693319,148.95,2002,38,6.78,23.94
44179,Historical,717669,0,0,S,6,1,935566,146.95,1999,30,4,40.49
44180,Historical,717765,0,0,S,6,1,1126568,173.95,2002,28,4,47.03
44181,Historical,722223,0,0,S,12,1,1710195,80,2004,23,2646.73,49.96
44182,Historical,722474,0,0,S,2,1,1130715,61.95,2007,29,71.72,26.21
44184,Historical,724329,0,0,S,9,1,3227835,84.95,2009,12,125.44,60.18
44185,Historical,724773,0,0,S,2,1,1446845,75,2005,20,6.57,68.99
44186,Historical,727896,0,0,S,4,1,2035596,115,2001,22,56.72,63.07
44187,Historical,728419,0,0,S,2,1,370785,77.6,2003,25,4.32,33.36
44188,Historical,728592,0,0,S,2,1,363553,47.27,2003,35,4.03,30.9
44189,Historical,728646,0,0,S,9,1,4424782,134.4,2002,28,44.21,18.52
44190,Historical,731669,0,0,S,3,1,3313148,41.99,2001,25,43.94,41.99
44191,Historical,734337,0,0,S,2,1,1655162,28.99,2004,15,42.83,28.99
44192,Historical,734515,0,0,S,4,1,2124749,131.84,2007,18,27.76,58.31
44193,Historical,734516,0,0,S,10,1,1569467,170.33,2006,14,56.66,73.13
44197,Historical,737959,0,0,S,3,1,7121114,87,1997,19,73.98,129.17
44198,Historical,738405,0,0,S,3,1,5379625,30,2010,22,174.87,92.05
44199,Historical,738457,0,0,S,2,1,3262497,27,2002,17,35.99,33.99
44203,Historical,738598,0,0,S,0,0,928423,44,2012,30,12.84,62.63
44205,Historical,738876,0,0,S,5,1,1931615,111,1997,47,4,22.99
44206,Historical,739175,0,0,S,7,1,6126002,46.67,1999,24,53.74,15.96
44207,Historical,739352,0,0,S,8,1,1716559,77.2,2000,32,48.12,26.49
44208,Historical,739784,0,0,S,4,1,2613505,72.8,2003,21,66.94,11.96
44209,Historical,739903,0,0,S,3,1,1625753,134.67,2003,54,123.99,17.5
44210,Historical,740016,0,0,S,4,1,1295397,92.4,2003,33,93.91,22.28
44211,Historical,740089,0,0,S,6,1,1091450,127.8,2005,26,4,45.27
44212,Historical,740151,0,0,S,3,1,3393933,82,2004,41,60.37,7.99
44213,Historical,740199,0,0,S,6,1,1987182,55.2,2004,25,31.36,10.36
44214,Historical,740269,0,0,S,11,1,938303,36.67,2004,73,39.24,4.13
44215,Historical,740311,0,0,S,2,1,1242871,35.2,2004,45,40.26,4.43
44216,Historical,740494,0,0,S,4,1,2954744,61.33,2005,37,83.99,13.67
44217,Historical,740756,0,0,S,3,1,2493326,182,2006,36,108.06,9.99
44218,Historical,741130,0,0,S,3,1,659500,36.67,2007,47,110.48,42.16
44219,Historical,741196,0,0,S,10,1,3895876,105.4,2006,10,43.83,78.74
44220,Historical,741288,0,0,S,10,1,2539463,29.91,2009,12,83.99,30.99
44221,Historical,741335,0,0,S,3,1,4202025,22.99,2008,28,122.52,22.99
44222,Historical,741476,0,0,S,2,1,2562597,49.99,2008,26,50.8,13.94
44223,Historical,741515,0,0,S,2,1,1431545,266.6,2007,11,100.86,153.99
44224,Historical,741539,0,0,S,6,1,1050136,107.13,2008,23,103.87,109.99
44225,Historical,741604,0,0,S,3,1,907927,177.2,2008,22,113.09,123.67
44226,Historical,741659,0,0,S,2,1,5582795,183.33,2008,10,66.68,183.33
44227,Historical,741730,0,0,S,3,1,2525211,180.67,2008,20,61.5,162.61
44228,Historical,741874,0,0,S,8,1,1090406,122.67,2009,28,94.66,69.22
44230,Historical,741993,0,0,S,4,1,464335,121.33,2008,20,229.55,27.92
44231,Historical,742177,0,0,S,1,0,1464033,44.99,2009,34,13.89,7.99
44232,Historical,742183,0,0,S,4,1,381146,138.67,2009,23,91.45,8
44233,Historical,742269,0,0,S,3,1,566418,128,2010,22,74.76,66.04
44234,Historical,742271,0,0,S,4,1,757030,101.33,2010,23,75.28,29.87
44235,Historical,742337,0,0,S,4,1,1223729,95.33,2009,27,122.99,52.99
44236,Historical,742377,0,0,S,10,1,527804,114.67,2009,17,58.32,53.99
44237,Historical,742379,0,0,S,6,1,903246,135.33,2009,29,108.42,91.55
44238,Historical,742433,0,0,S,5,1,1407780,140.67,2010,22,102.96,73.93
44239,Historical,742460,0,0,S,3,1,533233,137.33,2009,22,157.76,39.36
44240,Historical,742546,0,0,S,5,1,787836,126.67,2010,38,53.94,25.84
44241,Historical,742549,0,0,S,10,1,1717794,137.33,2010,20,163.09,58.99
44242,Historical,742556,0,0,S,12,1,992153,124,2010,28,58.99,12.59
44243,Historical,742593,0,0,S,11,1,53663,144.2,2009,22,116.85,80.98
44244,Historical,742603,0,0,S,8,1,1221589,144.67,2011,19,118.61,22.93
44245,Historical,742605,0,0,S,3,1,1362282,86.6,2010,15,61.98,38.99
44246,Historical,742647,0,0,S,5,1,605624,134.67,2010,14,80.78,84.86
44247,Historical,742703,0,0,S,9,1,299997,150,2011,17,97.41,71.86
44248,Historical,742734,0,0,S,6,1,1251426,167.33,2010,19,141.99,161.85
44249,Historical,742735,0,0,S,5,1,632010,126.4,2011,18,101.93,93.99
44250,Historical,742765,0,0,S,10,1,815765,118.6,2011,19,93.99,74.82
44251,Historical,742766,0,0,S,3,1,630158,100,2010,19,67.62,64.98
44252,Historical,742812,0,0,S,11,1,598224,90.47,2011,14,103.48,89.84
44253,Historical,742817,0,0,S,4,1,642698,124.2,2011,21,78.81,38.99
44254,Historical,742834,0,0,S,3,1,1175828,181.33,2010,13,46.69,602.99
44255,Historical,742883,0,0,S,6,1,1061431,115.33,2011,22,73.99,61.23
44256,Historical,742916,0,0,S,10,1,811073,141.53,2011,25,146.55,51.39
44257,Historical,742952,0,0,S,5,1,1098230,148,2012,19,61.79,67.78
44258,Historical,742987,0,0,S,6,1,1827804,150.47,2011,20,104.39,38.98
44259,Historical,742991,0,0,S,2,1,240662,158.2,2011,17,132.02,103.61
44260,Historical,743019,0,0,S,2,1,1793146,159.33,2011,11,148.66,162.67
44261,Historical,743020,0,0,S,5,1,508159,179.33,2011,27,147.36,117.63
44262,Historical,743034,0,0,S,6,1,269593,152,2012,39,15.28,62.96
44263,Historical,743042,0,0,S,6,1,366641,130.8,2012,28,58.28,105.38
44264,Historical,743056,0,0,S,5,1,1578913,119.67,2012,15,34.74,28.99
44265,Historical,743060,0,0,S,5,1,544102,142.67,2012,25,46.9,56.89
44266,Historical,743084,0,0,S,8,1,1051145,116.07,2012,20,135.94,114.52
44267,Historical,743195,0,0,S,2,1,8391904,59.95,2000,47,12.35,26.74
44268,Historical,743341,0,0,S,4,1,1603644,52.95,2002,19,7.78,81.26
44270,Historical,743934,0,0,S,8,1,1912371,39.95,2009,50,31.09,9.99
44271,Historical,744158,0,0,S,8,1,14050356,232.95,1999,17,12.65,58.77
44272,Historical,744650,0,0,S,9,1,3335545,172.95,2004,25,210.02,33.98
44273,Historical,745032,0,0,S,9,1,1588162,70.19,2007,24,223.77,72.47
44274,Historical,745038,0,0,S,7,1,1577142,22.99,2007,15,62.62,22.99
44275,Historical,745287,0,0,S,12,1,2193318,0,2008,25,153.91,54.17
44276,Historical,747683,0,0,S,3,1,587170,43.75,2009,28,25.64,39.98
44277,Historical,747749,0,0,S,4,1,1398580,86.5,2012,18,132.14,63.04
44278,Historical,747963,0,0,S,6,1,550214,133.5,1997,21,4.74,63.68
44279,Historical,748186,0,0,S,3,1,1245616,50.1,2004,18,0,4.98
44281,Historical,749897,0,0,S,1,0,1129087,39.99,2007,44,22.39,10.88
44282,Historical,750178,0,0,S,8,1,1498972,92.13,2007,16,168.57,108.6
44283,Historical,750815,0,0,S,8,1,836565,124.83,2008,11,92.87,67.74
44284,Historical,751345,0,0,S,9,1,892213,68.79,2008,24,113.95,44.99
44285,Historical,751347,0,0,S,10,1,3390694,0,2008,12,112.98,136.23
44286,Historical,751579,0,0,S,6,1,1522693,39.95,2009,22,23.09,13.99
44287,Historical,751711,0,0,S,2,1,563180,146,2009,17,56.09,103.2
44289,Historical,752738,0,0,S,6,1,1541806,0,2009,14,114.99,23.98
44291,Historical,753239,0,0,S,1,0,697729,49.99,2011,45,40.33,6.97
44293,Historical,756092,0,0,S,10,1,1210469,197.25,2010,18,34.46,76.06
44295,Historical,757024,0,0,S,7,1,1907249,13.99,1999,33,114.49,13.99
44296,Historical,758277,0,0,S,5,1,3863855,33.74,2003,20,0,33.49
44297,Historical,758552,0,0,S,2,1,3974968,19.99,1999,37,67.73,20.99
44298,Historical,759226,0,0,S,3,1,8922218,27.78,2000,25,32.49,27.78
44299,Historical,759826,0,0,S,2,1,616924,95,2001,42,5.79,54.99
44300,Historical,760095,0,0,S,2,1,654217,131.5,2001,16,82.99,116.77
44301,Historical,761297,0,0,S,6,1,3482335,199.13,2005,14,132.94,76.62
44302,Historical,761715,0,0,S,5,1,3119342,0,2005,16,212.85,214.66
44303,Historical,762883,0,0,S,2,1,6655191,125.95,1998,13,82.6,85.51
44304,Historical,763120,0,0,S,5,1,2105331,73.5,1999,15,6.59,63.98
44305,Historical,763434,0,0,S,9,1,7177229,93.95,2003,11,8.74,13.21
44306,Historical,763498,0,0,S,2,1,1927484,89.95,1997,25,103.99,40.92
44307,Historical,763585,0,0,S,6,1,4878076,158.95,2003,12,97.98,69.84
44308,Historical,763684,0,0,S,2,1,1548493,99.95,1997,26,4.03,82.34
44309,Historical,763714,0,0,S,6,1,1132313,96.95,1998,19,4.02,52.57
44310,Historical,763838,0,0,S,3,1,1596757,53.95,1999,22,7.07,19.19
44311,Historical,763843,0,0,S,5,1,3790411,104.95,1999,43,181.22,8.24
44312,Historical,763884,0,0,S,2,1,3286536,131.95,1998,22,41.98,7.49
44313,Historical,764089,0,0,S,7,1,1661097,35.95,2001,23,182.39,45.7
44314,Historical,764160,0,0,S,3,1,1130368,109.95,2003,30,11.29,44.87
44315,Historical,764209,0,0,S,5,1,2724245,111.95,2003,43,190.89,9.95
44316,Historical,764352,0,0,S,6,1,1307361,53.95,2003,29,0,52.79
44317,Historical,764462,0,0,S,2,1,736884,57.35,2002,14,0,112.35
44318,Historical,764707,0,0,S,3,1,1056872,171.95,2000,34,4.32,26.98
44319,Historical,764941,0,0,S,2,1,1098799,210.95,2001,32,8,60.85
44320,Historical,765621,0,0,S,3,1,1124897,80.95,2003,40,90.99,11.53
44321,Historical,765647,0,0,S,10,1,3769265,90.95,2002,28,107.01,6
44322,Historical,765657,0,0,S,11,1,583802,94.95,2002,40,0,18.74
44323,Historical,765737,0,0,S,10,1,663416,82.95,2003,19,166.99,56.14
44324,Historical,765772,0,0,S,9,1,6890778,29.95,2003,17,8.74,56.73
44325,Historical,765780,0,0,S,12,1,2627318,124.95,2004,20,74.46,23.98
44326,Historical,765821,0,0,S,9,1,2982114,64.95,2004,44,45.9,5.04
44327,Historical,765822,0,0,S,9,1,448159,89.95,2004,19,45.9,50.42
44328,Historical,765905,0,0,S,2,1,2920030,24.95,2004,15,16.67,72.35
44330,Historical,766407,0,0,S,12,1,3260817,191.95,2011,12,181.91,171.49
44331,Historical,766917,0,0,S,16,1,330453,98.95,2005,31,25.24,57.33
44332,Historical,766979,0,0,S,2,1,6211440,22.49,2011,13,48.93,22.49
44333,Historical,767028,0,0,S,2,1,1461917,54.95,2010,69,49.23,4.98
44334,Historical,767287,0,0,S,5,1,5540380,0,2005,29,95.99,108.29
44336,Historical,768116,0,0,S,1,0,335597,39.5,2010,37,17.12,27.99
44337,Historical,768117,0,0,S,1,0,128639,39.5,2010,26,17.12,41.87
44338,Historical,768120,0,0,S,1,0,75483,39.5,2010,23,17.12,15.73
44339,Historical,770050,0,0,S,0,0,213391,565.8,2002,35,0,644.43
44340,Historical,770053,0,0,S,0,0,752038,142,2001,32,56.74,35.41
44341,Historical,770271,0,0,S,0,0,456818,4.9,2002,16,56.74,6.54
44342,Historical,770491,0,0,S,3,1,1190674,144.36,2002,21,0,79.41
44343,Historical,770547,0,0,S,7,1,1069604,155.56,2002,16,153.64,103.88
44344,Historical,770550,0,0,S,5,1,939738,147.95,2001,24,0,47.99
44346,Historical,771665,0,0,S,8,1,1509246,76.95,2008,11,75.62,16.73
44347,Historical,772390,0,0,S,6,1,1580524,323.95,2006,23,119.41,76.95
44348,Historical,773999,0,0,S,3,1,923019,58.61,2000,28,0,57.25
44349,Historical,774156,0,0,S,5,1,2882362,10.4,2001,29,109.94,11.27
44350,Historical,774250,0,0,S,7,1,535823,27.11,2005,25,81.63,23.46
44351,Historical,774324,0,0,S,8,1,1530675,139.89,2007,22,131.54,73.71
44352,Historical,774458,0,0,S,7,1,3575719,72.95,2004,35,44.3,9.94
44353,Historical,774506,0,0,S,6,1,1329579,105,2004,19,15.24,43.98
44354,Historical,774805,0,0,S,7,1,1973267,64.95,2000,17,15.75,28.96
44355,Historical,774952,0,0,S,21,1,366095,145,1999,20,95.15,15.99
44356,Historical,775706,0,0,S,3,1,3318535,59,2003,22,35.99,8.94
44357,Historical,775794,0,0,S,0,0,486599,30.95,2003,98,28.39,13.99
44358,Historical,776918,0,0,S,1,0,506720,39.99,2010,85,4.76,24.45
44359,Historical,788126,0,0,S,2,1,1101899,175.95,2000,26,3.4,24.65
44360,Historical,788214,0,0,S,3,1,1010685,159.95,2001,26,180.3,16.44
44361,Historical,788372,0,0,S,3,1,764544,276.95,2003,24,8.89,53.23
44362,Historical,788746,0,0,S,3,1,8556125,49.95,1999,21,28.98,18.99
44363,Historical,789067,0,0,S,2,1,412823,50.95,2001,27,4,45.4
44364,Historical,789133,0,0,S,3,1,4048252,99.95,2002,23,11.19,12.94
44365,Historical,789162,0,0,S,3,1,4043084,69.95,2002,21,60.24,8.11
44366,Historical,789163,0,0,S,3,1,5258042,229,2003,14,176.07,89.93
44367,Historical,789194,0,0,S,5,1,1520090,44.95,2002,25,48.39,31.85
44368,Historical,789371,0,0,S,3,1,668126,66.99,2005,23,4.03,12.19
44369,Historical,789491,0,0,S,13,1,1770974,49.95,2005,38,32.98,30.65
44372,Historical,790213,0,0,S,10,1,869678,36.95,2006,16,7.99,59.52
44373,Historical,791432,0,0,S,5,1,9321387,100,1997,20,5.23,20.49
44374,Historical,791727,0,0,S,9,1,4112326,11.99,2005,21,116.85,11.99
44375,Historical,793575,0,0,S,2,1,1984245,43.95,2002,25,66.31,13.67
44376,Historical,794959,0,0,S,9,1,3232516,309.95,2013,11,121.98,7.75
44377,Historical,795377,0,0,S,9,1,1239116,101.4,2012,9,128.99,106.59
44380,Historical,795741,0,0,S,14,1,1276245,0,2013,15,48.85,21.23
44381,Historical,795777,0,0,S,11,1,324811,112.5,2012,8,111.48,51.98
44383,Historical,795832,0,0,S,12,1,1207013,81.95,2012,10,68.94,85.95
44384,Historical,796504,0,0,S,0,0,8570,24.99,2009,70,41.18,15.24
44385,Historical,797818,0,0,S,0,0,393573,69.95,2002,22,0,14.21
44386,Historical,797824,0,0,S,1,0,197423,24.95,2004,511,51.98,7.99
44387,Historical,800233,0,0,S,3,1,3309599,59.95,2005,36,46.98,9.98
44388,Historical,802514,0,0,S,6,1,5594843,34.99,2004,19,27.94,76.44
44389,Historical,802740,0,0,S,8,1,1162305,34.99,2011,26,22.3,5.98
44390,Historical,802742,0,0,S,7,1,2305755,39.99,2012,18,21.56,11.87
44391,Historical,802756,0,0,S,11,1,746051,34.99,2013,30,24.47,31.74
44392,Historical,804244,0,0,S,10,1,2716759,54.95,2007,38,4,4.48
44393,Historical,807000,0,0,S,6,1,848239,229.95,2007,20,86.99,103.99
44394,Historical,808092,0,0,S,2,1,93665,34.99,2012,14,17.26,24.45
44395,Historical,808093,0,0,S,2,1,594302,59.99,2012,14,0,20.97
44396,Historical,808999,0,0,S,7,1,2494525,0,2010,16,145.98,12.9
44397,Historical,809087,0,0,S,9,1,1792982,125,2011,18,81.63,64.81
44398,Historical,809091,0,0,S,5,1,169235,15.56,2010,38,81.2,15.99
44399,Historical,809115,0,0,S,2,1,742122,122.25,2011,11,59.85,83.94
44400,Historical,809120,0,0,S,5,1,1429108,76.98,2010,15,81.2,45.08
44402,Historical,811942,0,0,S,0,0,783518,149.95,2010,21,143.11,78.99
44403,Historical,812423,0,0,S,0,0,1332753,149.95,2011,17,143.11,111.97
44404,Historical,825107,0,0,S,2,1,10820215,34.95,1997,21,10.49,85.8
44405,Historical,827265,0,0,S,5,1,2318440,41.95,1999,20,23.98,44.99
44406,Historical,827816,0,0,S,2,1,359093,46.99,2001,18,0,37.98
44408,Historical,829734,0,0,S,15,1,3508149,54.95,1998,22,28.94,50.62
44409,Historical,830181,0,0,S,2,1,440002,58.95,1996,17,4.35,53.99
44410,Historical,830533,0,0,S,2,1,469064,61.51,1995,21,10.94,73.93
44411,Historical,830592,0,0,S,5,1,2010952,62.95,1998,16,83.39,69.59
44412,Historical,832881,0,0,S,5,1,3154833,123.95,1999,30,9.49,32.62
44413,Historical,834913,0,0,S,5,1,665023,159,1998,25,4,48.93
44414,Historical,836714,0,0,S,6,1,376813,250,2002,20,7.7,58.79
44415,Historical,842501,0,0,S,6,1,125732,0,2012,26,0,33.99
44417,Historical,845334,0,0,S,2,1,632243,141.2,1990,46,4.32,13.73
44418,Historical,845929,0,0,S,2,1,542317,106.2,1991,21,4.14,55.81
44419,Historical,846866,0,0,S,3,1,1198616,49.95,1994,35,0,58.51
44420,Historical,847273,0,0,S,2,1,218840,161.95,1995,21,18.24,89.85
44425,Historical,849314,0,0,S,2,1,2958051,75.95,1998,25,51.94,55.47
44429,Historical,853975,0,0,S,1,0,113513,77.95,2003,31,0,8.99
44431,Historical,857981,0,0,S,2,1,1185594,213.33,2010,28,86.44,602.99
44432,Historical,858376,0,0,S,5,1,1691536,52.99,2013,12,110.98,68.31
44433,Historical,858484,0,0,S,13,1,759023,209.67,2013,16,240.86,73.16
44434,Historical,858502,0,0,S,3,1,482723,206.95,1977,48,44.46,114.65
44436,Historical,858877,0,0,S,2,1,1501307,57,2001,19,33.98,73.94
44437,Historical,859113,0,0,S,3,1,628531,38.95,2004,55,23.92,16.99
44438,Historical,859299,0,0,S,3,1,1747150,42.4,2005,59,4,37.95
44439,Historical,859338,0,0,S,8,1,1450454,40.95,2005,18,0,12.05
44440,Historical,859438,0,0,S,0,0,22182,74.99,2006,29,40.48,48.24
44443,Historical,859803,0,0,S,12,1,356354,54,2009,26,53.71,70.71
44445,Historical,860195,0,0,S,8,1,1699340,110.95,2010,20,95.55,70.55
44447,Historical,860305,0,0,S,0,0,1505467,132.95,2011,19,21.38,99.05
44448,Historical,860414,0,0,S,12,1,1550529,109.67,2011,28,79.33,296.1
44449,Historical,860565,0,0,S,8,1,413027,212.47,2012,15,43.89,177.48
44450,Historical,860592,0,0,S,6,1,772693,126.47,2012,18,83.99,93.98
44453,Historical,860667,0,0,S,5,1,352325,158.67,2012,33,43.99,53.99
44454,Historical,860854,0,0,S,10,1,1105496,97.27,2012,16,70.78,148.99
44455,Historical,860994,0,0,S,13,1,1572175,138.27,2012,29,79.24,137.45
44457,Historical,861181,0,0,S,20,1,828075,34.99,2013,61,11.42,7.58
44458,Historical,861182,0,0,S,0,0,170355,39.99,2013,23,4,17.99
44459,Historical,861187,0,0,S,4,1,102363,134.2,2013,40,103.84,84.93
44460,Historical,861200,0,0,S,5,1,1095533,157.4,2013,32,67.72,85.01
44461,Historical,861396,0,0,S,4,1,148242,29.99,2013,21,0,0
44463,Historical,861500,0,0,S,8,1,360510,84.09,2013,24,152.02,123.83
44465,Historical,862272,0,0,S,8,1,1070896,131.95,2014,18,95.21,99.84
44466,Historical,862309,0,0,S,7,1,741475,84.95,2014,17,72.29,81.4
44467,Historical,862897,0,0,S,2,1,1860008,90,2000,24,43.99,21.99
44468,Historical,862984,0,0,S,2,1,2974626,105,2001,23,73.98,4.8
44469,Historical,862988,0,0,S,3,1,5753688,125.95,2001,20,92.16,50.3
44471,Historical,863505,0,0,S,2,1,2344688,112.8,2007,16,61.98,71.06
44475,Historical,863886,0,0,S,2,1,283059,40,2010,14,0,34.94
44481,Historical,864644,0,0,S,10,1,459417,39.99,2013,13,24.85,78.97
44484,Historical,865055,0,0,S,2,1,762468,49.95,2010,18,0,49.95
44485,Historical,865148,0,0,S,2,1,1516177,43.95,2005,27,13.26,36.39
44486,Historical,865162,0,0,S,2,1,1426872,112.9,2002,18,4,73.19
44487,Historical,866333,0,0,S,2,1,262554,214.5,2009,39,64.67,50.99
44488,Historical,866357,0,0,S,16,1,326849,88,1998,43,12.97,28.29
44490,Historical,866707,0,0,S,14,1,212476,153.25,2014,25,97.74,115.97
44491,Historical,866872,0,0,S,14,1,999259,290.13,2014,24,156.99,193.98
44492,Historical,867013,0,0,S,3,1,2599240,88,2009,21,24.11,7.97
44494,Historical,867163,0,0,S,10,1,89676,174.8,2014,80,135.9,68.99
44495,Historical,867431,0,0,S,5,1,910529,153,2014,13,0,103.98
44496,Historical,867528,0,0,S,7,1,307397,65.95,2014,13,103.98,51.6
44497,Historical,867704,0,0,S,2,1,322699,131.95,2014,24,74.52,91.67
44498,Historical,868316,0,0,S,1,0,435485,87,1992,60,204.51,22.94
44499,Historical,868426,0,0,S,8,1,2588988,74.95,2004,14,93.94,73.77
44500,Historical,869044,0,0,S,6,1,1055550,59,2013,4,57.49,39.19
44501,Historical,869059,0,0,S,5,1,609618,50,2014,6,40.44,121.63
44502,Historical,869269,0,0,S,1,0,882392,158.67,2012,10,136.12,103.99
44503,Historical,869415,0,0,S,2,1,807467,42.64,1996,15,0,44.89
44504,Historical,869432,0,0,S,4,1,470349,42.67,2013,18,31.67,42.99
44505,Historical,869585,0,0,S,11,1,1451061,49.33,2014,16,41.03,47.33
44506,Historical,869604,0,0,S,8,1,941731,84.67,2012,17,124.97,99.91
44507,Historical,869632,0,0,S,11,1,3147339,64.38,2002,17,79.1,56.09
44508,Historical,869710,0,0,S,7,1,1034791,66,2013,20,34.59,53.99
44509,Historical,869890,0,0,S,0,0,965070,85,2003,17,27.9,47.31
44510,Historical,870011,0,0,S,0,0,31330,29.97,2003,22,73.98,22.47
44511,Historical,870104,0,0,S,4,1,3263374,83.79,2007,18,58.96,72.55
44512,Historical,870123,0,0,S,10,1,2996795,73,2003,14,50.48,66.61
44513,Historical,870173,0,0,S,2,1,322272,96.95,2003,17,42.99,51.01
44514,Historical,870251,0,0,S,6,1,887310,28.69,2007,16,178.51,88.15
44515,Historical,870275,0,0,S,7,1,318259,99,2005,22,18.99,13.65
44516,Historical,870314,0,0,S,5,1,700731,54,1995,35,0,29.99
44517,Historical,870360,0,0,S,9,1,1103504,105,2002,16,49.91,91.37
44518,Historical,870451,0,0,S,8,1,2002477,137.95,2004,24,103.98,70.84
44519,Historical,870478,0,0,S,2,1,3299902,28.95,1990,18,65.97,13.9
44520,Historical,870502,0,0,S,13,1,372419,0,2013,22,144.61,132.98
44521,Historical,870779,0,0,S,2,1,2825003,55,1997,34,51.26,16.98
44522,Historical,870785,0,0,S,3,1,4082498,71.81,1992,35,22.98,49.99
44523,Historical,870821,0,0,S,3,1,591171,168.67,2014,24,110.06,32.98
44524,Historical,870840,0,0,S,3,1,2162559,50.95,1999,27,53.48,26.98
44525,Historical,870912,0,0,S,4,1,231100,139.5,1991,48,33.79,74.56
44526,Historical,871040,0,0,S,2,1,2030700,49,1992,49,37.4,11.99
44527,Historical,871061,0,0,S,2,1,2492687,32,1997,42,26.92,45.4
44528,Historical,871089,0,0,S,3,1,2797823,25,1998,43,23.9,6.07
44529,Historical,871124,0,0,S,4,1,598584,29.99,2000,111,0,6.99
44530,Historical,871366,0,0,S,12,1,1308202,126.47,2014,13,98.49,63.99
44531,Historical,871442,0,0,S,7,1,1678665,114.67,2011,13,25.93,49.11
44532,Historical,871527,0,0,S,3,1,5366842,62.95,1999,15,34.72,30.94
44533,Historical,871700,0,0,S,2,1,3282576,213.95,2004,14,51.21,103.99
44534,Historical,871792,0,0,S,2,1,1697306,140,2013,16,154.7,120.27
44535,Historical,871855,0,0,S,7,1,720868,126,2013,24,25.93,103.85
44536,Historical,872016,0,0,S,6,1,2726489,75,2006,18,28.98,73.27
44537,Historical,872071,0,0,S,4,1,3021494,59.95,2002,22,43.29,44.91
44538,Historical,872125,0,0,S,6,1,1332644,152,2012,24,57.23,51.19
44539,Historical,872144,0,0,S,0,0,2566025,238,2009,17,273.97,8.65
44540,Historical,872155,0,0,S,2,1,3053609,54.95,1994,23,20.4,10.94
44542,Historical,872207,0,0,S,0,0,1965027,240.95,2011,26,273.97,38.99
44543,Historical,872208,0,0,S,0,0,2280525,239.95,2010,30,273.97,30.97
44544,Historical,872230,0,0,S,5,1,420716,88,2014,31,72.79,55.79
44545,Historical,872575,0,0,S,4,1,802360,63.33,2004,44,14.08,12.98
44546,Historical,872892,0,0,S,0,0,439237,0,2012,27,27.97,39.98
44547,Historical,872923,0,0,S,6,1,1394325,29.99,2012,11,133.87,43.73
44548,Historical,872926,0,0,S,2,1,1964907,110.93,2013,12,124.87,52.71
44549,Historical,872946,0,0,S,2,1,1657328,24,2002,23,18.89,17.6
44550,Historical,873083,0,0,S,3,1,1551027,118.35,2004,27,41.05,43.94
44551,Historical,873113,0,0,S,10,1,527450,113.25,2010,16,39.37,58.77
44552,Historical,873141,0,0,S,5,1,1398576,77.25,2012,16,43.14,54.97
44553,Historical,873249,0,0,S,9,1,1682985,185.47,2011,24,50.88,106.04
44554,Historical,873254,0,0,S,4,1,3441556,106.67,2001,21,28.77,97.87
44555,Historical,873283,0,0,S,8,1,1988470,111.6,2008,22,67.98,67.17
44556,Historical,873295,0,0,S,7,1,748529,140.67,2014,40,113.99,83.98
44557,Historical,873359,0,0,S,7,1,955345,79.33,2013,27,33.99,58.89
44558,Historical,873417,0,0,S,11,1,932926,123.75,2013,16,66.97,78.99
44559,Historical,873427,0,0,S,5,1,2549294,0,2006,24,37.73,21.81
44560,Historical,873605,0,0,S,2,1,2554501,98,2004,49,87.91,17.29
44561,Historical,873853,0,0,S,7,1,4424655,39,2005,12,35.99,13.98
44562,Historical,873971,0,0,S,17,1,3957832,29.15,2007,12,45.95,76.26
44563,Historical,873994,0,0,S,2,1,376718,274.67,2011,18,0,143.98
44564,Historical,874145,0,0,S,8,1,1899559,127.95,2010,26,80.93,37.79
44565,Historical,874402,0,0,S,8,1,752080,69.33,2015,20,89.25,50.54
44566,Historical,874467,0,0,S,7,1,637316,94.67,2013,18,33.99,78.99
44567,Historical,874608,0,0,S,3,1,839492,33.71,2007,40,49.55,16.97
44568,Historical,874668,0,0,S,2,1,195667,132.71,2011,19,0,142.07
44569,Historical,874727,0,0,S,3,1,659353,85,2010,47,68.34,4.26
44570,Historical,874733,0,0,S,8,1,1648418,21.82,2005,53,38.17,12
44571,Historical,874838,0,0,S,8,1,2253015,96,2003,48,56.34,6.47
44572,Historical,875012,0,0,S,5,1,1109728,180,2012,16,41.94,148.8
44573,Historical,875024,0,0,S,8,1,2789457,89,2008,13,48.99,88.99
44574,Historical,875066,0,0,S,2,1,2442834,91.8,2009,18,102.99,33.98
44575,Historical,875117,0,0,S,2,1,2367508,26.53,2001,38,57.62,39.48
44576,Historical,875132,0,0,S,3,1,293098,72.93,2014,29,54.61,68.68
44577,Historical,875135,0,0,S,5,1,1086454,151.33,2009,19,120.95,33.81
44578,Historical,875166,0,0,S,7,1,1353900,74.68,2010,33,39.97,28.28
44579,Historical,875174,0,0,S,8,1,3380045,109.2,2008,21,48.99,675
44580,Historical,875232,0,0,S,14,1,6803263,0,2010,14,58.69,43.83
44581,Historical,875243,0,0,S,7,1,1665532,55.8,2005,45,57.27,24.4
44582,Historical,875254,0,0,S,4,1,841547,79.33,2013,24,38.99,68.11
44583,Historical,875281,0,0,S,11,1,1975586,145.18,2010,49,113.75,67.12
44584,Historical,875282,0,0,S,7,1,489060,136.67,2011,22,125.94,43.97
44585,Historical,875288,0,0,S,4,1,438751,79.33,2013,27,44.31,4.25
44586,Historical,875339,0,0,S,2,1,729418,67.95,1999,24,74.96,53.99
44587,Historical,875384,0,0,S,4,1,521283,54.25,2014,8,49.12,40.65
44588,Historical,875480,0,0,S,3,1,3077118,196.67,2008,8,49.89,192.73
44589,Historical,875574,0,0,S,4,1,775594,97.33,2014,22,65.31,67.98
44590,Historical,875603,0,0,S,7,1,1378109,139.95,2012,15,136.28,46.39
44591,Historical,875627,0,0,S,3,1,1120543,132,2009,52,65.52,111.36
44592,Historical,875663,0,0,S,0,0,309147,53.94,2012,21,49.23,112.86
44593,Historical,875693,0,0,S,22,1,1424847,131.2,2007,38,43.94,57.13
44594,Historical,875694,0,0,S,4,1,2179892,46.67,2006,27,160.99,6.49
44595,Historical,875928,0,0,S,6,1,943967,180,2012,19,93.78,172.13
44596,Historical,875929,0,0,S,2,1,765435,232,2012,19,162.43,112.62
44597,Historical,875963,0,0,S,11,1,1672643,93.75,2013,13,91.49,57.99
44598,Historical,876159,0,0,S,4,1,1282977,300.95,1997,62,95.55,31.96
44599,Historical,876242,0,0,S,9,1,1548718,126.67,2011,12,41.96,129.99
44600,Historical,876259,0,0,S,9,1,1401828,53.77,2013,12,123.99,54.96
44601,Historical,876372,0,0,S,8,1,338835,72.27,2014,18,56.05,54.35
44602,Historical,876402,0,0,S,4,1,4344553,112.4,2007,14,68.98,31.21
44603,Historical,876463,0,0,S,3,1,1848513,65,2004,35,48.99,18.98
44604,Historical,876651,0,0,S,11,1,279546,55.68,2012,24,189.61,49.98
44605,Historical,876669,0,0,S,9,1,789387,44,2014,20,45.45,42.42
44606,Historical,876684,0,0,S,11,1,965992,36,2012,15,101.99,30.98
44607,Historical,876707,0,0,S,3,1,2897886,33.89,2008,22,217.98,33.89
44608,Historical,876715,0,0,S,5,1,1231161,44.5,2013,16,53.19,37.22
44609,Historical,876737,0,0,S,4,1,968128,156.45,2008,25,94.99,107.27
44610,Historical,876762,0,0,S,4,1,1146289,136,2009,27,93.97,53.99
44611,Historical,876769,0,0,S,6,1,1068767,154.67,2011,18,179.99,49.2
44612,Historical,876783,0,0,S,8,1,2589566,14.65,2007,46,37.07,13.76
44613,Historical,876788,0,0,S,10,1,1697114,162,2013,23,33.99,46.25
44614,Historical,876805,0,0,S,4,1,3313107,183.95,2004,36,103.03,183.91
44615,Historical,876818,0,0,S,7,1,967918,114,2013,28,66.73,24.98
44616,Historical,876841,0,0,S,6,1,2593837,277.95,2003,42,95.56,18.21
44617,Historical,876937,0,0,S,10,1,2116914,107.07,2013,18,91.56,32.54
44618,Historical,876978,0,0,S,3,1,3519109,446.91,2006,18,149.92,109
44619,Historical,876997,0,0,S,8,1,398689,158.67,2014,30,106.4,121.57
44620,Historical,877015,0,0,S,6,1,2086222,126.19,2010,23,128.99,90
44621,Historical,877020,0,0,S,8,1,350374,48,2014,24,44.11,42.44
44622,Historical,877066,0,0,S,3,1,1165335,174.3,2006,27,80.26,77.35
44623,Historical,877193,0,0,S,8,1,382876,94.95,2013,26,41.43,267.77
44624,Historical,877195,0,0,S,10,1,1060278,99.33,2010,13,73.99,35.98
44625,Historical,877204,0,0,S,5,1,1144005,215.75,2011,20,127.47,158.99
44626,Historical,877231,0,0,S,8,1,3233959,81.2,2008,16,58.98,675
44627,Historical,877264,0,0,S,8,1,1922383,188.18,2011,25,194.99,179.51
44628,Historical,877431,0,0,S,7,1,432353,165,2013,19,73.99,136.99
44629,Historical,877434,0,0,S,7,1,736080,90.25,2010,10,143.5,675
44631,Historical,877505,0,0,S,5,1,405713,151.33,2013,27,27.06,35.49
44632,Historical,877514,0,0,S,9,1,596895,108.67,2013,29,76.37,84.16
44633,Historical,877580,0,0,S,13,1,474332,166.67,2014,21,103.98,129.49
44634,Historical,877608,0,0,S,3,1,548291,116.4,2014,10,97.13,115.99
44635,Historical,877648,0,0,S,2,1,803457,94.67,2012,20,38.99,73.94
44636,Historical,877653,0,0,S,6,1,1101022,91.33,2013,22,57.28,70.43
44637,Historical,877655,0,0,S,8,1,3286216,63.39,2009,13,26.74,73.73
44638,Historical,877656,0,0,S,6,1,575907,206.67,2013,10,31.81,193.99
44639,Historical,877675,0,0,S,11,1,1011057,38.13,2014,11,112.49,33.9
44640,Historical,877688,0,0,S,12,1,812194,124,2010,31,103.98,111.47
44641,Historical,877709,0,0,S,9,1,333895,33.25,2008,24,73.98,36.49
44642,Historical,877915,0,0,S,6,1,1105370,88,2014,20,42.93,85.04
44643,Historical,877974,0,0,S,7,1,2138431,100.82,2004,22,122.42,109.18
44644,Historical,877978,0,0,S,6,1,3774725,33.98,2008,24,61.35,32.99
44645,Historical,877986,0,0,S,7,1,774537,84,2010,23,61.35,19.12
44646,Historical,877996,0,0,S,10,1,190753,90.55,2013,46,122.42,43.89
44647,Historical,878079,0,0,S,5,1,1057516,162.67,2013,20,46.9,102.99
44648,Historical,878082,0,0,S,4,1,3604645,92.95,2009,16,141.56,47.85
44649,Historical,878112,0,0,S,5,1,1393000,34.67,2005,25,101.32,34.67
44650,Historical,878145,0,0,S,12,1,1194122,16.72,2006,38,92.76,22.18
44651,Historical,878250,0,0,S,4,1,1405280,209.75,2012,10,135.63,186.1
44652,Historical,878259,0,0,S,7,1,500346,95.33,2014,27,83.99,91.59
44653,Historical,878400,0,0,S,8,1,1657949,261.95,2009,15,139.95,84.84
44654,Historical,878433,0,0,S,10,1,2447434,0,2011,23,33.33,54.87
44655,Historical,878457,0,0,S,15,1,948438,122.67,2012,15,126.69,127.41
44656,Historical,878487,0,0,S,5,1,1872351,106.95,2004,31,88.99,35.49
44657,Historical,878598,0,0,S,6,1,788142,82.67,2014,20,43.58,64.69
44658,Historical,878623,0,0,S,9,1,297501,198.5,2012,18,102.99,151.5
44659,Historical,878639,0,0,S,7,1,1714498,118.72,2009,48,83.99,75.58
44660,Historical,878695,0,0,S,3,1,1080937,71.33,2015,20,65.45,39.34
44661,Historical,878735,0,0,S,8,1,685468,121.33,2010,15,115.99,30
44662,Historical,878775,0,0,S,7,1,2655317,66.96,2008,23,92.11,75.03
44663,Historical,878857,0,0,S,3,1,853647,267,2013,15,102.99,204.24
44664,Historical,878870,0,0,S,3,1,1981485,152.67,2005,22,152.89,83.95
44665,Historical,878885,0,0,S,4,1,1270329,33.7,2010,18,105.99,68.5
44666,Historical,878965,0,0,S,6,1,189726,87.75,2013,11,79.92,72.54
44667,Historical,878992,0,0,S,6,1,1074289,273.97,2009,20,83.5,139.65
44668,Historical,878996,0,0,S,6,1,1180529,122,2010,21,68.62,53.99
44669,Historical,878997,0,0,S,4,1,989069,125.8,2004,14,84.88,16.49
44670,Historical,879016,0,0,S,9,1,1194772,136.95,2012,19,166.06,98.98
44671,Historical,879022,0,0,S,2,1,2596248,12.99,2006,20,63.65,13.99
44672,Historical,879030,0,0,S,3,1,3224216,52.78,2006,20,104.82,37.99
44673,Historical,879031,0,0,S,12,1,1346365,25.45,2005,16,92.99,43.1
44674,Historical,879035,0,0,S,5,1,417422,99.33,2014,20,70,68.99
44675,Historical,879073,0,0,S,8,1,1182381,115.07,2015,34,119.94,55.52
44676,Historical,879130,0,0,S,5,1,1121332,122,2009,19,118.87,92.48
44677,Historical,879150,0,0,S,8,1,285294,0,2009,19,65.29,22.68
44678,Historical,879178,0,0,S,6,1,1835000,76.6,2002,44,21.62,27.99
44679,Historical,879207,0,0,S,7,1,2335618,0,2008,30,101.91,52.73
44680,Historical,879221,0,0,S,3,1,1750893,81.08,2010,18,62.98,56.96
44681,Historical,879278,0,0,S,9,1,730871,121,2012,12,143.23,27.99
44682,Historical,879283,0,0,S,7,1,3716244,0,2009,11,87.99,209.85
44683,Historical,879387,0,0,S,7,1,1082526,86.67,2013,20,65.56,74.51
44684,Historical,879399,0,0,S,7,1,352230,0,2010,27,151.91,58.27
44685,Historical,879404,0,0,S,4,1,706755,118,2012,15,93.94,187.29
44686,Historical,879444,0,0,S,3,1,396586,124.73,2014,19,59.12,109.48
44687,Historical,879494,0,0,S,3,1,3017930,29.98,2005,21,101.93,144.95
44688,Historical,879498,0,0,S,4,1,292248,158.2,2014,37,103.85,125.06
44689,Historical,879584,0,0,S,6,1,523422,112.93,2012,16,148.53,87.76
44690,Historical,879589,0,0,S,6,1,896713,134.27,2013,20,97.99,92.99
44691,Historical,879647,0,0,S,13,1,494480,104,2013,25,75.31,47.99
44692,Historical,879650,0,0,S,10,1,4549029,107.8,2006,20,75.31,91.52
44693,Historical,879653,0,0,S,12,1,364830,78.67,2010,17,75.31,107.18
44694,Historical,879762,0,0,S,2,1,600192,73.03,2005,10,110.48,98.03
44695,Historical,879787,0,0,S,7,1,202576,148,2014,30,108.42,42.19
44696,Historical,879802,0,0,S,9,1,1185060,218.95,2012,8,116.97,230.94
44697,Historical,879992,0,0,S,14,1,379001,126,2014,45,95.66,86.84
44698,Historical,880008,0,0,S,0,0,430271,0,2012,15,108.99,0
44699,Historical,880076,0,0,S,12,1,823242,58.5,2008,44,144.83,43.99
44700,Historical,880099,0,0,S,9,1,2842387,133.95,2008,14,93.98,73.99
44701,Historical,880103,0,0,S,2,1,3223042,145.06,2011,14,118.96,52.37
44702,Historical,880188,0,0,S,12,1,987930,110.4,2011,12,82.93,101.57
44703,Historical,880196,0,0,S,6,1,972872,100,2012,18,123.6,19.99
44704,Historical,880203,0,0,S,2,1,1260577,4.49,2007,32,82.93,96.55
44705,Historical,880223,0,0,S,9,1,1226356,281.95,2013,15,129.71,278.98
44706,Historical,880231,0,0,S,7,1,684355,0,2011,48,78.29,13.21
44707,Historical,880235,0,0,S,7,1,169456,0,2014,19,26.88,48.99
44708,Historical,880293,0,0,S,8,1,543049,109,2012,26,145.98,72.96
44709,Historical,880298,0,0,S,9,1,210838,0,2011,13,68.99,256.05
44710,Historical,880360,0,0,S,6,1,1041667,273.95,2011,16,101.39,93.99
44711,Historical,880378,0,0,S,9,1,1482295,89.9,2010,19,58.99,58.03
44712,Historical,880392,0,0,S,9,1,1395375,232.95,2013,10,89.28,92.98
44713,Historical,880407,0,0,S,6,1,716942,162.67,2014,24,80.78,143.66
44714,Historical,880429,0,0,S,12,1,131598,155.47,2014,49,116.85,118.95
44715,Historical,880479,0,0,S,10,1,1184233,88.67,2013,23,26.54,74.99
44716,Historical,880515,0,0,S,12,1,2448882,0,2012,33,153.99,38.98
44717,Historical,880528,0,0,S,7,1,338469,31.95,2000,13,88.82,63.99
44718,Historical,880604,0,0,S,9,1,3986357,167.6,2007,32,78.99,12.98
44719,Historical,880612,0,0,S,11,1,3599340,0,2010,20,106.38,18.99
44720,Historical,880614,0,0,S,11,1,368257,127.87,2014,44,93.99,100.86
44721,Historical,880663,0,0,S,5,1,2454304,75.75,2009,15,58.99,43.23
44722,Historical,880689,0,0,S,9,1,1211522,190,2011,21,135.9,49.37
44723,Historical,880723,0,0,S,9,1,5108552,93.78,2007,15,143.39,60.63
44724,Historical,880755,0,0,S,2,1,2648988,20.99,2006,31,89.98,17.98
44725,Historical,880756,0,0,S,5,1,118371,143.27,2014,54,89.98,57.94
44726,Historical,880812,0,0,S,8,1,628167,101,2004,18,111.93,69.38
44727,Historical,881107,0,0,S,10,1,899461,158.67,2015,35,121.67,88.94
44728,Historical,881530,0,0,S,1,0,196046,27,2013,11,33.32,20.98
44729,Historical,884645,0,0,S,2,1,1831452,74.33,2008,15,17.37,53.84
44730,Historical,887023,0,0,S,7,1,764357,32.17,2014,5,32.07,30.72
44731,Historical,888444,0,0,S,3,1,1118892,49.2,2009,12,11.81,41.82
44732,Historical,889037,0,0,S,3,1,854947,106.67,2014,19,109.72,100.98
44733,Historical,889358,0,0,S,2,1,15233540,145,1994,15,122.99,69.81
44734,Historical,889411,0,0,S,3,1,2415407,66.95,1996,16,48.98,76.63
44735,Historical,890515,0,0,S,2,1,864176,69.95,2011,12,35.79,52.11
44736,Historical,890595,0,0,S,6,1,1282658,87.33,2012,10,109.02,118.98
44737,Historical,890943,0,0,S,1,0,61165,39.99,2014,20,22.49,21.58
44738,Historical,891605,0,0,S,2,1,6401419,135.95,2004,17,107.23,44.23
44739,Historical,892144,0,0,S,0,0,88588,13.99,2009,30,39.17,12.34
44740,Historical,892366,0,0,S,0,0,490995,44.95,2011,25,25.48,21.99
44741,Historical,892726,0,0,S,7,1,2227779,249.73,2014,13,203.99,187.96
44742,Historical,892836,0,0,S,4,1,1305615,43,2014,21,31.79,28.74
44743,Historical,892942,0,0,S,0,0,20191,39.99,2015,16,22.49,23.93
44744,Historical,893022,0,0,S,1,0,568841,18.99,2013,27,25.99,7.97
44745,Historical,893384,0,0,S,0,0,1378482,10.99,2013,14,41.55,10.99
44746,Historical,893406,0,0,S,7,1,945608,29.38,2005,16,88.43,131.82
44747,Historical,893580,0,0,S,3,1,662798,129.53,2011,11,71.99,43.99
44749,Historical,895230,0,0,S,5,1,1076811,107.95,2007,11,180.09,194.14
44750,Historical,895316,0,0,S,10,1,371585,120,2014,28,80.97,55.91
44751,Historical,895365,0,0,S,3,1,752428,178.67,2013,19,88.98,138.82
44752,Historical,895370,0,0,S,13,1,1061120,83.37,2012,16,114.99,86.37
44753,Historical,895504,0,0,S,2,1,3952247,170,1995,13,98.99,86.51
44754,Historical,895948,0,0,S,4,1,4293724,49.95,2005,16,41.68,61.23
44755,Historical,896338,0,0,S,2,1,5890379,100,2003,16,34.27,65.67
44756,Historical,896353,0,0,S,2,1,5789961,113.95,2005,17,56.86,41.75
44758,Historical,896833,0,0,S,12,1,753496,43.39,2014,14,81.99,39.44
44759,Historical,896888,0,0,S,4,1,1121333,132.95,2010,25,48.98,67.09
44760,Historical,897023,0,0,S,6,1,490379,63.76,1975,22,19.94,62.65
44761,Historical,897205,0,0,S,0,0,125192,39.99,2014,17,27.41,28.89
44762,Historical,897371,0,0,S,4,1,1015750,44.67,2014,19,47.19,36.42
44764,Historical,898890,0,0,S,10,1,500385,50,2013,20,23.09,23.49
44765,Historical,899479,0,0,S,9,1,2097881,202,2010,14,169.2,0
44766,Historical,900249,0,0,S,2,1,838422,30,1996,19,24.99,28.99
44767,Historical,900484,0,0,S,0,0,74656,44.95,2011,24,25.48,36.68
44768,Historical,900863,0,0,S,10,1,344781,108,2012,11,105.47,38.28
44770,Historical,901511,0,0,S,2,1,826289,115,2012,16,32.01,61
44771,Historical,901663,0,0,S,10,1,4079706,215,2001,17,8.66,99.49
44772,Historical,901765,0,0,S,2,1,3971586,136.95,1991,17,95.45,56.32
44773,Historical,902130,0,0,S,0,0,78597,24.95,2013,22,13.78,19.42
44774,Historical,902137,0,0,S,10,1,103396,24.99,2013,19,0,0
44775,Historical,902283,0,0,S,7,1,641031,186.87,2012,26,73.06,123.98
44776,Historical,902492,0,0,S,0,0,192651,35,2014,19,24.37,26.24
44777,Historical,902525,0,0,S,7,1,967645,159.95,2012,13,111.92,68.33
44778,Historical,902586,0,0,S,6,1,1415696,69,2014,15,27.61,59.25
44779,Historical,902666,0,0,S,6,1,334086,71.95,2013,15,0,58.28
44780,Historical,902739,0,0,S,3,1,698478,66.64,2008,23,51.77,58.69
44781,Historical,903000,0,0,S,2,1,3448012,41.95,1989,18,150.43,72.61
44782,Historical,903094,0,0,S,9,1,3757605,53.95,2006,22,30.49,36.98
44783,Historical,903401,0,0,S,3,1,5514708,104.4,1995,12,42.47,20.24
44784,Historical,903802,0,0,S,0,0,73834,35,2015,37,36.87,36.94
44786,Historical,904848,0,0,S,6,1,1856097,90.67,2013,19,89.14,78.94
44787,Historical,905237,0,0,S,0,0,613151,49.99,2011,20,12.27,28.53
44788,Historical,905306,0,0,S,2,1,1804587,48,2007,19,43.02,38.98
44789,Historical,905447,0,0,S,7,1,1499207,39.99,2011,19,12.23,13.54
44790,Historical,905457,0,0,S,6,1,531950,43.99,1993,25,9.07,41.65
44791,Historical,905628,0,0,S,2,1,1645342,207.67,2011,13,147.94,133.98
44792,Historical,905724,0,0,S,12,1,2303193,153.39,2009,18,139.63,153.39
44793,Historical,906603,0,0,S,13,1,843049,63.99,2014,18,28.74,43.98
44794,Historical,906643,0,0,S,6,1,5079007,293.95,2001,19,83.95,62.35
44795,Historical,906751,0,0,S,0,0,1036745,21.37,2007,23,23.53,32.57
44796,Historical,906783,0,0,S,1,0,529835,44.99,2011,21,32.59,32.97
44797,Historical,906796,0,0,S,0,0,1069745,34.95,2006,24,29.96,16.25
44798,Historical,906982,0,0,S,4,1,1546751,45.57,2007,26,5.89,32.59
44799,Historical,906991,0,0,S,3,1,1883260,69.95,2007,20,23.99,19.55
44800,Historical,907051,0,0,S,3,1,1670617,33.95,1989,19,68.98,49.38
44801,Historical,907285,0,0,S,2,1,2201203,85,1995,15,67.99,40.97
44802,Historical,907316,0,0,S,2,1,3393686,50.55,1992,22,23.46,43.71
44803,Historical,907679,0,0,S,2,1,7734576,48,1990,16,8.47,48.65
44805,Historical,908276,0,0,S,2,1,2574300,37.95,2004,16,27.09,28.68
44806,Historical,908858,0,0,S,3,1,11033503,38,2000,17,6.67,13.77
44807,Historical,909048,0,0,S,9,1,1324487,63.99,2008,24,43.99,49.87
44808,Historical,909251,0,0,S,14,1,1365570,0,2013,27,76.38,136.13
44809,Historical,909294,0,0,S,6,1,701569,164,2014,26,151.92,32.64
44810,Historical,909761,0,0,S,2,1,6813090,99,2009,22,145.29,37.54
44811,Historical,910081,0,0,S,2,1,557961,58.8,2004,24,0,29.98
44812,Historical,910273,0,0,S,6,1,316809,85.33,2014,17,58.99,70.75
44813,Historical,910275,0,0,S,3,1,1147314,44.05,1996,27,53.98,46.43
44814,Historical,911105,0,0,S,3,1,1933232,47.9,2008,19,27.15,46.32
44815,Historical,911627,0,0,S,9,1,165530,330.75,2012,22,141.99,194.61
44816,Historical,911644,0,0,S,0,0,302451,29.95,2010,20,22.12,18.29
44817,Historical,911740,0,0,S,2,1,1157717,69.99,2004,15,23.97,46.96
44818,Historical,911769,0,0,S,0,0,1161756,45.86,2011,56,81.99,34.66
44819,Historical,911797,0,0,S,2,1,1343660,48.26,2004,18,42.29,54.08
44820,Historical,911823,0,0,S,3,1,498172,67.23,2009,25,56.77,36.55
44821,Historical,911928,0,0,S,4,1,1835247,56,2005,24,16.58,50.83
44822,Historical,911948,0,0,S,10,1,1425504,88.67,2013,23,51.2,89.68
44823,Historical,912463,0,0,S,0,0,334489,46.99,2011,24,12.27,27.05
44824,Historical,912488,0,0,S,5,1,1584789,203.51,2004,36,0,112.5
44825,Historical,912597,0,0,S,9,1,474164,154,2014,34,96.69,74.88
44826,Historical,912634,0,0,S,8,1,1304057,43.96,1995,36,22.99,21.94
44827,Historical,913096,0,0,S,4,1,3183364,43.95,2004,22,42.55,55.53
44828,Historical,913195,0,0,S,9,1,4744514,173.48,2012,43,142.5,82.22
44829,Historical,913381,0,0,S,4,1,2063641,56,1993,28,89.07,45.74
44830,Historical,913468,0,0,S,5,1,3370863,50.67,1999,43,88.41,8.34
44831,Historical,913548,0,0,S,4,1,4587825,38.49,1985,24,22.05,38.49
44832,Historical,913571,0,0,S,3,1,4556973,69.95,1994,27,32.76,46.23
44833,Historical,913594,0,0,S,3,1,5488875,33.95,1997,26,49.64,33.95
44834,Historical,913788,0,0,S,5,1,202296,104,2013,20,95.73,43.99
44835,Historical,913997,0,0,S,3,1,703192,0,2007,18,8.54,91.93
44836,Historical,914377,0,0,S,2,1,859034,20.44,1995,52,28.78,12.5
44837,Historical,914567,0,0,S,3,1,2090923,65,2013,26,51,33.74
44838,Historical,914816,0,0,S,0,0,458064,14.99,2007,61,221.05,11.74
44839,Historical,914877,0,0,S,6,1,288489,142.67,2014,54,53.94,58.03
44840,Historical,914963,0,0,S,1,0,553352,45,1995,16,0,32.39
44841,Historical,915026,0,0,S,7,1,1480968,38.99,2007,26,41.97,38.99
44842,Historical,915124,0,0,S,9,1,433700,102.3,1985,20,21.34,49.75
44843,Historical,915500,0,0,S,2,1,2394874,44.95,2001,37,55.18,21.49
44844,Historical,915862,0,0,S,6,1,2764536,64.95,2009,24,23.93,28.99
44845,Historical,915982,0,0,S,2,1,4953001,33.26,1991,30,9.49,61.69
44846,Historical,916119,0,0,S,0,0,328051,7.99,2011,73,221.05,7.95
44847,Historical,916126,0,0,S,0,0,623670,39.95,1999,27,0,15.97
44848,Historical,916168,0,0,S,0,0,1083738,62.64,2006,31,81.57,23.86
44849,Historical,916192,0,0,S,6,1,1462397,108,1991,46,73.54,62.31
44850,Historical,916274,0,0,S,17,1,591237,39.95,2008,18,117.92,31.99
44851,Historical,916417,0,0,S,2,1,5583006,56.67,2004,31,17.3,8.41
44852,Historical,916598,0,0,S,1,0,433777,85,1994,28,20.83,44.18
44853,Historical,916989,0,0,S,1,0,238001,39.95,1999,26,0,26.28
44854,Historical,917053,0,0,S,1,0,231940,48.99,2005,31,13.94,19.19
44855,Historical,917273,0,0,S,2,1,399451,172.2,2014,45,149.39,113.94
44856,Historical,917350,0,0,S,3,1,2687842,71,1994,30,31.64,43.99
44857,Historical,917637,0,0,S,6,1,721683,32.95,1993,41,4,12.98
44858,Historical,918110,0,0,S,11,1,823238,151.87,2011,27,113.99,59.67
44859,Historical,918218,0,0,S,6,1,1873827,28.34,2011,26,218.97,29.98
44860,Historical,918220,0,0,S,2,1,2073413,37.95,2005,19,44.84,90.06
44861,Historical,918227,0,0,S,46,1,3793317,360,2009,33,38.75,46.48
44862,Historical,918516,0,0,S,5,1,713230,69.4,2008,51,106.38,23.98
44863,Historical,918663,0,0,S,3,1,1098469,196,1990,32,0,26.35
44864,Historical,918997,0,0,S,1,0,939842,29.95,2005,47,12.23,13.43
44865,Historical,919344,0,0,S,3,1,439520,80,2000,65,61.75,6.69
44866,Historical,919519,0,0,S,12,1,666685,32.95,2006,47,41.42,13.94
44867,Historical,919652,0,0,S,2,1,1131589,92,1977,42,66.99,43.98
44868,Historical,919655,0,0,S,5,1,31985,88,1989,42,5.47,33.94
44869,Historical,919921,0,0,S,1,0,1008397,29.99,2009,56,22.93,11.97
44870,Historical,920011,0,0,S,8,1,1492067,92.95,2004,60,5.98,9.58
44871,Historical,920291,0,0,S,1,0,350841,40,1985,50,0,21.99
44872,Historical,920601,0,0,S,15,1,63531,277.25,2014,66,138.99,58.99
44873,Historical,920956,0,0,S,0,0,59890,37.5,2002,28,0,22.97
44874,Historical,921368,0,0,S,0,0,36629,5.99,2012,87,34.19,4.49
44875,Historical,922018,0,0,S,3,1,1978651,39.95,1998,68,17.55,7.58
44876,Historical,922669,0,0,S,17,1,1217941,34.99,2007,56,21.64,3.99
44877,Historical,922761,0,0,S,1,0,89655,26,2006,124,221.05,16.08
44878,Historical,923497,0,0,S,1,0,8084,8,2010,253,57.03,5.87
44880,Historical,2320584,0,0,S,2,1,462512,50.95,1984,27,146.53,86.07
44883,Historical,631871,0,0,S,5,1,901634,151,2000,32,83.97,107.34
44884,Historical,652856,0,0,S,5,1,3526314,68.95,2008,13,85.92,113.34
44886,Historical,696688,0,0,S,3,1,1358489,93,2009,6,143.9,84.6
44887,Historical,305644,0,0,S,2,1,2552212,63.22,2009,10,123.22,72.99
44888,Historical,696746,0,0,S,10,1,215753,81,2009,5,52.98,75.95
44889,Historical,626521,0,0,S,2,1,660088,321.75,1997,51,121.99,153.99
44890,Historical,606729,0,0,S,7,1,1007532,149,1999,33,37.93,22.99
44891,Historical,104589,0,0,S,4,1,1008233,193.1,1997,14,27.38,149.94
44892,Historical,655692,0,0,S,3,1,1434403,69,1988,19,288.78,55.83
44893,Historical,697791,0,0,S,7,1,1424006,103,2011,7,109.12,79.98
44894,Historical,697795,0,0,S,10,1,486132,109,2012,14,0,42.98
44896,Historical,533605,0,0,S,9,1,695979,101.25,2010,8,98.99,50.27
44897,Historical,105402,0,0,S,6,1,1769163,33.25,2006,13,103.99,29.99
44898,Historical,870261,0,0,S,3,1,2423677,93.96,2006,12,128.98,70.33
44899,Historical,2348593,0,0,S,3,1,4345395,85.98,2005,6,69.98,85.83
44900,Historical,1434985,0,0,S,12,1,1900109,52.75,2009,24,0,23.11
44901,Historical,698973,0,0,S,4,1,2051069,33.24,2008,2,120.39,41.83
44903,Historical,699115,0,0,S,5,1,1446406,101.25,2007,8,92.99,206.19
44904,Historical,699245,0,0,S,6,1,1338102,73,2011,15,207.07,159.45
44905,Historical,699323,0,0,S,13,1,656582,82.84,2012,10,244.6,78.99
44906,Historical,699348,0,0,S,16,1,332630,41.99,2012,11,103.99,36.6
44907,Historical,699403,0,0,S,10,1,566373,48.54,2012,9,37.84,43.98
44909,Historical,700487,0,0,S,1,0,649275,89.95,2004,17,98.92,61.01
44910,Historical,622723,0,0,S,4,1,429240,134.95,2007,33,71.37,70.47
44911,Historical,631707,0,0,S,4,1,266314,173,2007,44,15.88,100.98
44914,Historical,525698,0,0,S,3,1,828947,109,2009,27,62.92,56.53
44917,Historical,415884,0,0,S,6,1,1226362,295,2009,26,15.38,53.87
44921,Historical,635736,0,0,S,1,0,835337,196,2011,16,26.48,55.12
44923,Historical,538218,0,0,S,4,1,272776,65,2010,29,39.97,39.83
44924,Historical,106801,0,0,S,3,1,163463,95,2011,27,37.98,75.37
44926,Historical,525638,0,0,S,2,1,1344147,46,2010,24,0,82.94
44927,Historical,537739,0,0,S,3,1,76829,94,2012,52,63.17,73.9
44929,Historical,702172,0,0,S,3,1,699385,40,2011,17,13.98,29.99
44930,Historical,532282,0,0,S,3,1,47075,72,2012,51,32,34.99
44931,Historical,652632,0,0,S,2,1,9744,150,2011,19,0,0
44932,Historical,663119,0,0,S,3,1,66186,77,2013,61,54.02,43.93
44933,Historical,866653,0,0,S,3,1,54273,79,2014,43,34.61,66.44
44934,Historical,537717,0,0,S,8,1,114723,47,2013,91,29.52,33.55
44935,Historical,652205,0,0,S,4,1,931960,84,2013,43,23.76,73.54
44936,Historical,538320,0,0,S,5,1,213304,75,2013,21,42.28,38.31
44937,Historical,612734,0,0,S,9,1,10698,60,2014,32,28.03,31.64
44940,Historical,610619,0,0,S,2,1,139436,70,2014,42,29.51,40.03
44941,Historical,702504,0,0,S,5,1,291826,61,2014,87,35.98,44.6
44943,Historical,1437549,0,0,S,3,1,49529,70,2015,18,61.57,58.84
44944,Historical,1437577,0,0,S,2,1,31881,70,2014,20,42.91,42.68
44945,Historical,894929,0,0,S,3,1,85237,50,2014,22,32.38,36.5
44946,Historical,900445,0,0,S,9,1,230110,75,2015,22,54.68,60.27
44948,Historical,107095,0,0,S,3,1,417832,105.07,2003,21,133.99,114.16
44949,Historical,514633,0,0,S,0,0,39553,314,2000,51,0,113.99
44950,Historical,107343,0,0,S,0,0,97783,312,2002,59,48.89,163.26
44951,Historical,107393,0,0,S,3,1,1064145,500.88,2006,14,0,179.95
44952,Historical,2352001,0,0,S,12,1,663774,150.24,2001,23,0,79.15
44953,Historical,538397,0,0,S,8,1,502756,109,2000,12,122.28,23.97
44954,Historical,919227,0,0,S,5,1,1116795,33.84,2011,21,172.63,53.99
44955,Historical,107767,0,0,S,4,1,1021282,177.75,2001,16,0,176.91
44956,Historical,108194,0,0,S,2,1,1388368,145.87,2002,17,61.81,241.44
44958,Historical,108679,0,0,S,8,1,5229296,128.12,2003,12,111.97,12.25
44959,Historical,661331,0,0,S,10,1,3844563,37,2005,6,62.22,22
44960,Historical,109397,0,0,S,8,1,1154268,434.2,2006,27,200.23,133.82
44962,Historical,635022,0,0,S,1,0,193751,250,2010,29,0,125.75
44963,Historical,538473,0,0,S,2,1,92903,91.22,2009,45,62.54,58.69
44964,Historical,649655,0,0,S,2,1,119408,74,2012,34,37.84,27.99
44966,Historical,56098,0,0,S,6,1,123779,157.5,2008,51,64.38,99.97
44967,Historical,110256,0,0,S,11,1,40448,148,2010,59,63.99,63.99
44968,Historical,110279,0,0,S,2,1,26637,164.25,2009,57,42.48,103.22
44969,Historical,110377,0,0,S,0,0,275437,140.75,2010,25,33.99,82.74
44970,Historical,285431,0,0,S,3,1,159329,175.35,2007,42,83.75,66.18
44972,Historical,309103,0,0,S,4,1,42100,130,2008,41,48.99,33.99
44973,Historical,1438544,0,0,S,7,1,755160,235,2013,20,123.99,212.29
44974,Historical,110577,0,0,S,5,1,187012,208.75,2009,47,66.82,92.99
44975,Historical,110630,0,0,S,7,1,114248,104,2008,24,56.94,64.45
44976,Historical,110659,0,0,S,4,1,223239,103,2011,35,46.79,67.25
44980,Historical,885820,0,0,S,5,1,1348234,166.4,2011,11,0,100.64
44981,Historical,873740,0,0,S,2,1,871016,91.4,2013,10,0,51.21
44982,Historical,111011,0,0,S,2,1,149022,337,2007,42,95.99,137.89
44983,Historical,538581,0,0,S,2,1,180167,90.29,2010,20,0,82.08
44985,Historical,111094,0,0,S,6,1,41724,114.75,2009,52,32,62.99
44989,Historical,878439,0,0,S,8,1,527376,72.59,2009,11,94.96,337.47
44990,Historical,620250,0,0,S,6,1,17759,217.75,2010,49,105.31,120.31
44991,Historical,663382,0,0,S,8,1,186249,225.5,2013,27,119.98,93.98
44992,Historical,1440125,0,0,S,2,1,378763,164,2012,14,68.29,118.46
44993,Historical,1440142,0,0,S,10,1,320782,173.75,2013,3,0,123.98
44995,Historical,658603,0,0,S,9,1,751100,44.39,2011,13,76.72,105.81
44996,Historical,528470,0,0,S,10,1,797171,234.25,2012,22,103.99,108.93
44997,Historical,902238,0,0,S,2,1,744057,173.95,2010,31,51.03,126.01
44999,Historical,860112,0,0,S,11,1,1199616,37.98,2010,13,108.99,62.99
45001,Historical,647427,0,0,S,14,1,1583722,100.09,2012,17,122.28,113.83
45002,Historical,658606,0,0,S,9,1,614944,207.5,2012,26,94.96,108.97
45003,Historical,879475,0,0,S,10,1,1156795,249.5,2014,19,156.69,105.49
45004,Historical,538666,0,0,S,14,1,491062,233.75,2013,31,88.99,131.67
45005,Historical,705654,0,0,S,5,1,596216,209.25,2011,12,94.99,188.56
45007,Historical,878759,0,0,S,10,1,969511,277.25,2013,25,103.99,58.99
45008,Historical,878612,0,0,S,12,1,908579,254.25,2014,24,140.99,82.99
45009,Historical,3462291,0,0,S,11,1,372567,253.5,2014,16,136.99,138.95
45010,Historical,858388,0,0,S,7,1,574172,254.25,2013,21,0,133.22
45012,Historical,909328,0,0,S,10,1,1063157,264.25,2014,20,141.99,204.05
45013,Historical,880266,0,0,S,16,1,735736,253.25,2014,24,130.99,180
45015,Historical,644842,0,0,S,9,1,1148971,272.25,2013,28,153.43,133.39
45016,Historical,880725,0,0,S,12,1,694998,0,2014,23,143.39,245.37
45017,Historical,873196,0,0,S,4,1,1446745,212.25,2014,21,113.99,114.62
45018,Historical,876743,0,0,S,10,1,1224562,275.5,2013,20,153.24,251.76
45019,Historical,705845,0,0,S,7,1,1056676,166.75,2012,25,101.49,120.94
45020,Historical,879801,0,0,S,10,1,877576,0,2012,14,92.49,203.99
45022,Historical,880096,0,0,S,8,1,671884,226,2012,17,97.69,257.44
45023,Historical,612087,0,0,S,4,1,302152,163.98,2013,11,89.94,203.94
45024,Historical,705916,0,0,S,13,1,1015456,201.25,2013,22,93.27,135.45
45025,Historical,705918,0,0,S,5,1,1019132,240,2012,23,102.98,183.77
45027,Historical,658613,0,0,S,11,1,1276586,217.75,2012,17,73.99,208.37
45028,Historical,670532,0,0,S,17,1,1056611,183,2012,13,62.86,139.84
45032,Historical,663385,0,0,S,9,1,1981162,155,2013,22,106.87,65.49
45033,Historical,661348,0,0,S,1,0,394724,98.71,2011,16,111.99,406.19
45037,Historical,913882,0,0,S,4,1,556219,96.75,2014,26,0,0
45039,Historical,533362,0,0,S,6,1,35498,65.13,2012,53,55.93,67.53
45041,Historical,706289,0,0,S,2,1,172289,304.75,2008,21,6.46,289.65
45042,Historical,706317,0,0,S,9,1,22402,109.75,2014,52,54.46,55.3
45043,Historical,532151,0,0,S,0,0,20844,99.28,2008,45,67.16,70.95
45044,Historical,1444455,0,0,S,4,1,1335280,57.95,2012,22,33.07,36.83
45046,Historical,652462,0,0,S,3,1,262492,74.95,2012,26,59.48,35.21
45051,Historical,112993,0,0,S,2,1,714196,82.95,2004,13,61.41,54
45054,Historical,515004,0,0,S,3,1,1249537,240,2007,13,0,274.61
45056,Historical,532878,0,0,S,2,1,1419507,200,2008,26,145.17,158
45058,Historical,637968,0,0,S,5,1,455720,280,2010,19,132.37,133.89
45060,Historical,420169,0,0,S,2,1,165541,135,2012,34,68.99,53.94
45062,Historical,312051,0,0,S,3,1,283472,68.95,2010,26,30.66,55.67
45063,Historical,538990,0,0,S,3,1,1118409,119.95,2012,38,71.98,66.52
45068,Historical,665277,0,0,S,3,1,150810,79.95,2012,62,38.99,53.06
45071,Historical,625604,0,0,S,3,1,417270,89.95,2013,32,45.24,65.45
45074,Historical,528848,0,0,S,3,1,295257,49.95,2012,42,28.58,26.99
45075,Historical,1446761,0,0,S,2,1,1187486,200,2014,15,0,130.51
45080,Historical,3471350,0,0,S,3,1,130402,109.95,2016,0,0,89
45081,Historical,911604,0,0,S,1,0,641269,89.95,2014,24,31.49,38.49
45084,Historical,113639,0,0,S,4,1,603136,260,2000,47,123.31,110.78
45085,Historical,621610,0,0,S,2,1,654043,106,2002,9,0,0
45087,Historical,114625,0,0,S,2,1,1302321,130.6,2003,46,24.76,38.26
45088,Historical,114645,0,0,S,5,1,808017,215.8,2002,33,0,164.97
45089,Historical,2368484,0,0,S,0,0,495713,191.47,2000,0,0,45.95
45090,Historical,712980,0,0,S,6,1,3323431,122.4,2002,24,42.12,27.99
45091,Historical,713425,0,0,S,10,1,775410,73.96,2002,24,0,73.96
45095,Historical,313712,0,0,S,3,1,578491,93.8,2003,25,0,0
45096,Historical,639435,0,0,S,5,1,65442,241.8,2003,20,4,61.99
45097,Historical,115869,0,0,S,2,1,560815,164.4,2005,31,112.97,259.59
45098,Historical,115870,0,0,S,6,1,610726,216,2004,29,53.48,73.87
45099,Historical,421355,0,0,S,6,1,712828,241.33,2004,15,138.89,379.17
45100,Historical,2374149,0,0,S,2,1,572755,74,2003,27,20.83,91.58
45102,Historical,116234,0,0,S,2,1,238370,161.4,2007,28,73.95,75.73
45103,Historical,607306,0,0,S,7,1,2789509,139,2004,13,147.75,51.3
45104,Historical,871782,0,0,S,5,1,9757378,0,2010,14,101.38,114.65
45106,Historical,116355,0,0,S,3,1,47625,160,2011,54,23.99,116.98
45108,Historical,2374659,0,0,S,0,0,626612,115,2004,13,0,54.98
45109,Historical,116511,0,0,S,3,1,152637,216,2006,52,23.97,113.64
45110,Historical,116684,0,0,S,2,1,2684145,80,2004,16,20.53,104.47
45111,Historical,286048,0,0,S,2,1,276258,186.6,2004,39,20.53,220.47
45112,Historical,116765,0,0,S,1,0,915429,122,2006,17,124.96,249.95
45113,Historical,2374951,0,0,S,2,1,618057,73.8,2005,19,0,77.07
45114,Historical,665703,0,0,S,4,1,925006,140,2006,19,143.14,137.94
45115,Historical,117053,0,0,S,2,1,350461,664.1,2007,25,21.07,80.99
45116,Historical,117056,0,0,S,4,1,101270,134,2007,30,34.39,63.48
45117,Historical,539137,0,0,S,7,1,23616,190.2,2007,70,73.29,123.36
45120,Historical,117620,0,0,S,5,1,291773,93.95,2004,42,33.39,43.48
45121,Historical,1448698,0,0,S,4,1,217039,0,2009,9,53.99,75.38
45122,Historical,715025,0,0,S,2,1,1269886,129.87,2007,18,0,56.04
45123,Historical,421944,0,0,S,6,1,1159040,106.6,2008,22,118.88,55.67
45124,Historical,118241,0,0,S,7,1,137120,166.2,2011,44,103.22,103.98
45125,Historical,875942,0,0,S,12,1,223176,96.12,2010,18,145.29,98.78
45127,Historical,877965,0,0,S,8,1,865412,159.2,2010,16,181.35,162.1
45128,Historical,118420,0,0,S,6,1,360572,125,2006,25,98.74,124.04
45129,Historical,118461,0,0,S,5,1,374373,244.47,2006,60,19.99,120.26
45130,Historical,57071,0,0,S,10,1,27224,199.2,2009,71,93.82,102.97
45132,Historical,1449393,0,0,S,2,1,144584,125.33,2006,22,0,114.19
45133,Historical,880213,0,0,S,10,1,1482225,74.67,2007,64,82.93,8.64
45134,Historical,118696,0,0,S,2,1,410883,138,2007,46,120.68,105.6
45137,Historical,118785,0,0,S,4,1,30048,117.6,2011,41,147,85.09
45139,Historical,118875,0,0,S,4,1,34953,222,2007,80,118.44,111.46
45140,Historical,1450036,0,0,S,10,1,4487716,0,2008,15,32.17,48.99
45141,Historical,633782,0,0,S,1,0,204948,190.8,2012,27,34.88,57.08
45142,Historical,715274,0,0,S,3,1,1892317,180.75,2007,26,120.45,88.99
45145,Historical,652637,0,0,S,9,1,139120,83.2,2011,20,0,0
45146,Historical,119161,0,0,S,14,1,1345038,182.8,2011,17,143.93,41.05
45147,Historical,639765,0,0,S,3,1,522265,109.33,2012,24,0,0
45149,Historical,1450709,0,0,S,2,1,131858,230.4,2014,19,0,183.48
45150,Historical,119257,0,0,S,6,1,4083707,178.67,2011,14,125.84,18.94
45151,Historical,525605,0,0,S,2,1,138341,109.4,2012,41,73.07,99.88
45152,Historical,533303,0,0,S,6,1,40194,163,2012,55,97.91,121.98
45153,Historical,528046,0,0,S,5,1,20981,131.8,2012,41,92.99,93.47
45154,Historical,879197,0,0,S,4,1,542275,73.57,2011,13,35.22,71.03
45157,Historical,539316,0,0,S,6,1,43512,118.8,2013,42,57.49,73.99
45163,Historical,119522,0,0,S,3,1,283596,126,1996,38,42.18,72.47
45164,Historical,553212,0,0,S,8,1,28657,56.6,2012,27,35.82,39.08
45165,Historical,716087,0,0,S,5,1,2496138,145.87,2011,11,86.47,261.61
45166,Historical,537367,0,0,S,6,1,731276,176.33,2012,24,86.35,173.98
45167,Historical,537366,0,0,S,9,1,513338,164.2,2012,20,68.45,157.29
45168,Historical,879385,0,0,S,6,1,1193845,142.13,2012,20,88.99,124.36
45169,Historical,644361,0,0,S,2,1,198110,124,2013,31,61.36,94.41
45170,Historical,716114,0,0,S,12,1,1085499,140.13,2012,11,84.78,529.52
45171,Historical,716119,0,0,S,8,1,1485488,187.6,2012,15,102.12,180.4
45172,Historical,1451524,0,0,S,10,1,790854,186.73,2011,11,0,169.46
45173,Historical,531453,0,0,S,6,1,45144,75,2012,41,49.49,57.51
45174,Historical,530292,0,0,S,3,1,132940,56.2,2012,49,21.96,31.99
45175,Historical,1451723,0,0,S,5,1,1232658,118.87,2012,6,0,118.87
45176,Historical,553267,0,0,S,8,1,910405,173.73,2012,17,91.98,503.97
45177,Historical,649679,0,0,S,1,0,67771,197.8,2012,35,97.9,93.14
45178,Historical,632274,0,0,S,2,1,1168881,132,1995,17,0,115.81
45181,Historical,553300,0,0,S,9,1,1016708,208.93,2012,11,115.57,123.99
45184,Historical,539479,0,0,S,6,1,157621,61.2,2013,27,22.73,38.25
45185,Historical,861821,0,0,S,2,1,854563,48,2013,24,4,33.23
45188,Historical,628634,0,0,S,4,1,61699,161.25,2012,79,120.45,97.99
45189,Historical,539524,0,0,S,3,1,49412,64.4,2013,26,42.14,51.29
45190,Historical,876219,0,0,S,14,1,1073968,296.27,2014,16,124.72,242.99
45192,Historical,866795,0,0,S,2,1,61119,184.6,2014,33,0,133.94
45193,Historical,1452963,0,0,S,12,1,1476308,185.2,2013,9,0,171.3
45194,Historical,866797,0,0,S,2,1,29627,41.8,2014,27,38.77,36.55
45195,Historical,1452983,0,0,S,2,1,1524920,79.99,2014,11,63.15,59.95
45196,Historical,1453031,0,0,S,11,1,223843,199.87,2013,8,102.47,172.99
45197,Historical,663885,0,0,S,16,1,231261,121.6,2013,17,119.16,302.95
45198,Historical,876918,0,0,S,8,1,411600,104,2013,11,103.36,241.11
45199,Historical,664148,0,0,S,5,1,838454,42,2013,23,35.15,263.47
45200,Historical,655043,0,0,S,8,1,930370,126,2013,25,126.89,226.96
45201,Historical,876892,0,0,S,6,1,1227320,74.6,2013,8,96.93,65.66
45202,Historical,664812,0,0,S,8,1,659601,112.4,2013,9,126.89,39.79
45203,Historical,879264,0,0,S,12,1,742103,112.4,2013,6,100.06,39.93
45204,Historical,876895,0,0,S,8,1,907442,93,2013,6,103.36,89.37
45205,Historical,878191,0,0,S,9,1,1317608,99.6,2013,8,93.99,82.44
45206,Historical,612119,0,0,S,5,1,251843,102.67,2013,15,78.99,90.99
45207,Historical,1453071,0,0,S,8,1,1202057,192.87,2013,8,0,153.98
45208,Historical,1453073,0,0,S,12,1,102140,102.67,2014,37,69.15,81.04
45210,Historical,1453087,0,0,S,5,1,1033291,129.33,2014,16,0,107.77
45211,Historical,877865,0,0,S,11,1,1039136,121.93,2013,13,102.47,121.93
45212,Historical,878189,0,0,S,9,1,1095878,121.87,2013,12,93.99,100.44
45213,Historical,663405,0,0,S,7,1,1428053,85.67,2013,15,72.24,73.99
45214,Historical,877182,0,0,S,8,1,736949,132.67,2013,19,126.89,116.24
45215,Historical,1453183,0,0,S,7,1,545642,124.13,2014,17,0,140.8
45216,Historical,1453207,0,0,S,4,1,1426838,240.47,2013,12,79.88,183.94
45217,Historical,1453225,0,0,S,3,1,1771294,108,2013,5,0,103.79
45218,Historical,876569,0,0,S,8,1,1094939,275.73,2014,20,145.77,93.99
45219,Historical,892723,0,0,S,11,1,727957,70.4,2014,14,0,60.85
45220,Historical,877909,0,0,S,11,1,2043151,169.07,2014,16,133.5,159.17
45221,Historical,869058,0,0,S,7,1,1314490,204.2,2014,13,123.99,186.92
45222,Historical,1453490,0,0,S,7,1,1096950,240.47,2014,7,0,208.46
45223,Historical,1453510,0,0,S,6,1,822549,81.8,2014,6,83.66,77.01
45224,Historical,1453516,0,0,S,10,1,739096,106.4,2014,21,0,58.54
45225,Historical,1453521,0,0,S,10,1,1031305,117.8,2014,19,0,108.46
45226,Historical,866869,0,0,S,15,1,944391,113.33,2014,19,60.62,98.98
45227,Historical,1455003,0,0,S,10,1,1249920,313.07,2014,12,0,242.42
45228,Historical,875836,0,0,S,8,1,1135922,288.47,2014,14,125.17,273.84
45229,Historical,876568,0,0,S,15,1,383828,275.73,2014,15,84.23,270.66
45230,Historical,879971,0,0,S,14,1,1318590,144,2014,33,129.72,73.98
45231,Historical,866880,0,0,S,8,1,1226552,238.67,2014,22,113.97,165.77
45232,Historical,864782,0,0,S,9,1,504337,92,2014,22,68.36,67.74
45233,Historical,892724,0,0,S,8,1,175321,102.67,2014,17,94.94,93.99
45234,Historical,866887,0,0,S,5,1,29478,72,2014,23,63.69,68.39
45235,Historical,875852,0,0,S,8,1,1660248,203.6,2014,14,125.17,185.8
45236,Historical,876221,0,0,S,8,1,1369401,119.73,2014,12,87.98,98.76
45237,Historical,869538,0,0,S,10,1,137451,127.53,2014,7,68.99,94.49
45239,Historical,912455,0,0,S,4,1,45602,104.95,2014,29,78.47,57.99
45240,Historical,1455152,0,0,S,10,1,1118600,131.13,2014,9,0,102.29
45242,Historical,2382863,0,0,S,11,1,752427,177.47,2015,15,0,133.91
45243,Historical,878956,0,0,S,5,1,1199424,200.67,2014,21,122.42,187.46
45244,Historical,879107,0,0,S,11,1,1122309,172,2014,21,123.99,125.48
45245,Historical,875589,0,0,S,4,1,60870,72,2014,23,49.12,56.84
45246,Historical,866931,0,0,S,3,1,119101,72,2014,18,53.4,61.13
45247,Historical,890833,0,0,S,11,1,1246245,198.87,2014,19,112.85,122.99
45248,Historical,866938,0,0,S,10,1,536062,96.13,2014,15,89,91.67
45249,Historical,1455265,0,0,S,7,1,1263476,106.4,2014,11,0,90.3
45250,Historical,869436,0,0,S,10,1,1082039,220.33,2014,15,98.3,174.45
45252,Historical,866948,0,0,S,6,1,12815,241.8,2014,44,128.99,168.99
45253,Historical,1455395,0,0,S,3,1,791864,263.33,2014,8,0,106.93
45254,Historical,887087,0,0,S,4,1,1470500,137.8,2014,12,92.99,109.45
45255,Historical,871504,0,0,S,15,1,481360,190.53,2014,10,176.24,147.79
45256,Historical,1455429,0,0,S,6,1,1879156,238.13,2014,13,163.49,194.39
45257,Historical,879448,0,0,S,5,1,358345,198.2,2015,17,157.76,165.94
45258,Historical,868118,0,0,S,14,1,1236604,134.93,2015,24,116.71,121.43
45259,Historical,1455484,0,0,S,5,1,226654,178.2,2015,57,157.76,132.74
45260,Historical,1455486,0,0,S,3,1,473699,59.99,2014,18,39.6,38.65
45261,Historical,878171,0,0,S,3,1,850376,175.47,2015,18,132.02,117.09
45262,Historical,880649,0,0,S,12,1,191376,158.2,2015,39,138.97,97.99
45263,Historical,880684,0,0,S,8,1,519958,176.4,2014,22,135.9,126.62
45264,Historical,873985,0,0,S,6,1,1402624,270.47,2014,15,153.47,220.21
45265,Historical,1455594,0,0,S,9,1,989237,181.33,2015,15,128.99,135.69
45266,Historical,867971,0,0,S,1,0,84185,64.99,2014,47,33.31,42.78
45267,Historical,908985,0,0,S,4,1,60543,59.99,2015,15,32.58,39.43
45268,Historical,876625,0,0,S,4,1,1487358,248.33,2014,17,78.98,123.89
45271,Historical,1455842,0,0,S,14,1,108552,205.4,2015,36,170.05,122.81
45272,Historical,890836,0,0,S,2,1,1061635,165.67,2014,13,130.63,156.1
45273,Historical,1455869,0,0,S,7,1,415517,156.6,2015,27,0,111.76
45274,Historical,1455871,0,0,S,12,1,509360,178.2,2015,15,138.97,162.69
45276,Historical,1455906,0,0,S,10,1,394694,221.47,2015,32,0,177.8
45277,Historical,1455967,0,0,S,5,1,374485,126,2015,29,125.49,90.22
45278,Historical,892735,0,0,S,6,1,307108,123.93,2014,12,68.18,94.48
45279,Historical,1455978,0,0,S,7,1,904164,76.4,2015,6,0,23.98
45280,Historical,1456007,0,0,S,6,1,364409,143.13,2015,15,118.9,132.19
45282,Historical,878708,0,0,S,5,1,1159105,153.07,2014,14,63.94,138.99
45283,Historical,3473429,0,0,S,9,1,295799,102.67,2016,1,0,95.28
45285,Historical,876951,0,0,S,11,1,91757,72.67,2015,12,91.56,59.2
45286,Historical,1456096,0,0,S,3,1,653405,154.53,2015,14,154.7,136.49
45287,Historical,2383911,0,0,S,8,1,84179,92,2015,8,38.46,84.99
45289,Historical,887385,0,0,S,7,1,807519,102.67,2015,10,0,0
45290,Historical,889155,0,0,S,5,1,734328,72,2015,10,58.11,69.63
45291,Historical,2383917,0,0,S,7,1,215134,176.6,2015,11,140.99,152.99
45292,Historical,1456112,0,0,S,8,1,891442,114.47,2015,8,0,112.77
45294,Historical,1456137,0,0,S,9,1,860037,115.53,2014,10,0,93.13
45296,Historical,1456156,0,0,S,5,1,1037435,138.07,2015,14,125.49,93.99
45297,Historical,869497,0,0,S,1,0,13951,51.4,2015,14,40.33,45.27
45298,Historical,1456197,0,0,S,7,1,935494,253.27,2014,13,0,177.99
45299,Historical,2384010,0,0,S,6,1,858664,244.27,2015,5,0,225.82
45300,Historical,1456226,0,0,S,6,1,536494,238.2,2014,15,0,92
45301,Historical,879940,0,0,S,5,1,62273,189.6,2014,21,95.24,85.93
45305,Historical,3462566,0,0,S,8,1,326281,103.2,2015,13,89.77,59.48
45306,Historical,2384154,0,0,S,4,1,460298,225.6,2015,8,85.49,94.99
45307,Historical,2384168,0,0,S,10,1,354336,59.99,2016,0,0,36.41
45309,Historical,3474108,0,0,S,6,1,478489,174.8,2016,9,0,100.31
45311,Historical,3474694,0,0,S,5,1,410792,103,2016,0,0,103
45313,Historical,624277,0,0,S,1,0,42160,183.4,2011,30,0,98.19
45314,Historical,539560,0,0,S,5,1,304107,145.6,2009,21,48.05,77.09
45315,Historical,716466,0,0,S,5,1,822316,44,2008,9,0,44
45317,Historical,1456534,0,0,S,2,1,730952,36.2,2008,12,19.54,271.01
45319,Historical,716544,0,0,S,10,1,820303,267.13,2008,14,153.99,263.82
45320,Historical,716557,0,0,S,8,1,7157741,116.5,2009,17,169.24,36.53
45321,Historical,120219,0,0,S,12,1,2403827,238,2009,24,219.97,115.51
45322,Historical,120264,0,0,S,2,1,94663,142.8,2011,46,80.15,88.45
45323,Historical,620787,0,0,S,11,1,334616,123.75,2009,28,0,66.99
45324,Historical,120345,0,0,S,4,1,1336329,208.33,2007,16,113.99,208.33
45325,Historical,553689,0,0,S,3,1,383294,242.6,1990,45,113.79,123.98
45326,Historical,717051,0,0,S,5,1,3020903,129.27,2007,11,84.64,133.99
45328,Historical,53705,0,0,S,10,1,72621,292.8,2010,54,39.37,156.96
45329,Historical,539616,0,0,S,11,1,477107,51.2,2010,14,0,144.45
45334,Historical,121176,0,0,S,4,1,114509,179,2009,37,99.63,118.34
45335,Historical,553936,0,0,S,3,1,61448,119.99,2010,29,53.99,73.42
45337,Historical,121272,0,0,S,2,1,67847,49.99,2010,50,29.99,77.04
45338,Historical,874069,0,0,S,2,1,1567014,105,2010,15,94.48,152.79
45339,Historical,633144,0,0,S,2,1,26355,100,2011,46,45.3,78.99
45340,Historical,121309,0,0,S,2,1,282611,74.99,2009,27,45.35,256.85
45341,Historical,638042,0,0,S,2,1,2690755,167.67,2008,16,104.36,96.94
45342,Historical,528435,0,0,S,12,1,86583,280.6,2011,51,44.21,198.27
45347,Historical,897866,0,0,S,2,1,3825495,109.99,1998,12,61.27,42.99
45349,Historical,2391556,0,0,S,2,1,191544,197.2,1992,28,66.78,133.23
45350,Historical,554172,0,0,S,4,1,1452747,195.8,1995,20,142.99,177.7
45352,Historical,2396924,0,0,S,6,1,1189270,147.95,1994,28,4.12,54.13
45353,Historical,917182,0,0,S,3,1,28713,54.95,2014,42,46.71,51.75
45356,Historical,1463889,0,0,S,2,1,575529,72.13,2008,5,0,53.92
45357,Historical,626833,0,0,S,2,1,1104696,194.95,1985,16,110.99,199.9
45359,Historical,718549,0,0,S,2,1,1128880,145,1999,17,127.74,123.62
45360,Historical,555377,0,0,S,2,1,966254,125,2000,13,0,76.26
45361,Historical,629347,0,0,S,3,1,634068,46.95,2001,31,7.16,44.06
45362,Historical,126544,0,0,S,2,1,805735,175,2005,24,0,136.19
45363,Historical,722428,0,0,S,0,0,645335,89.99,2011,11,18.93,74.26
45364,Historical,426252,0,0,S,3,1,892685,275.45,2006,1,0,231.85
45365,Historical,127122,0,0,S,2,1,258699,56.5,2007,30,26.62,52.74
45366,Historical,618597,0,0,S,6,1,220842,55.95,2007,45,28.88,50.39
45368,Historical,426263,0,0,S,3,1,337695,159.5,2007,16,0,101.44
45369,Historical,127225,0,0,S,3,1,160556,175.45,2007,11,0,104.35
45371,Historical,127280,0,0,S,3,1,90708,65.95,2006,60,28.29,48.98
45372,Historical,630722,0,0,S,9,1,1384797,67,2009,8,42.34,44.13
45374,Historical,645982,0,0,S,2,1,1566841,160,2010,21,77.69,171.55
45376,Historical,127672,0,0,S,3,1,303773,49.95,2009,28,20.44,42.46
45377,Historical,426423,0,0,S,3,1,207852,112.95,2011,33,60.68,53.06
45378,Historical,726557,0,0,S,0,0,1644016,39.95,1997,18,168.77,116.14
45379,Historical,2414201,0,0,S,2,1,389930,350,1987,14,80.99,203.29
45382,Historical,910495,0,0,S,4,1,1341896,105.09,1978,19,33.53,201.99
45383,Historical,632344,0,0,S,2,1,1145589,160.95,1986,29,77.86,97.23
45385,Historical,528868,0,0,S,2,1,1001777,71,2008,27,44.19,52.87
45386,Historical,881712,0,0,S,3,1,172843,64.5,2015,18,53.36,50.07
45387,Historical,908625,0,0,S,2,1,1531476,85,1996,14,19.98,75.85
45391,Historical,1468143,0,0,S,3,1,1660058,99,2007,11,0,66.81
45392,Historical,1468281,0,0,S,1,0,1025380,63,2009,11,0,51.39
45393,Historical,1468868,0,0,S,3,1,1767048,65,2009,6,29.72,34.85
45394,Historical,637096,0,0,S,8,1,1375578,52.99,2009,15,45.99,35.17
45396,Historical,128754,0,0,S,6,1,712529,175,2007,27,38.82,294.94
45397,Historical,128762,0,0,S,3,1,682585,74,2009,21,12.56,53.99
45398,Historical,128799,0,0,S,0,0,1264299,55,2001,20,35.21,48.99
45399,Historical,1470230,0,0,S,2,1,1944791,62,2007,9,0,52.34
45400,Historical,1470722,0,0,S,2,1,394269,65,2007,15,220.1,210.75
45401,Historical,866982,0,0,S,4,1,148567,52.95,2014,39,23.96,37.41
45403,Historical,1471353,0,0,S,3,1,459637,44.95,2014,21,0,44.75
45404,Historical,866985,0,0,S,5,1,196793,90,2014,11,59,63.3
45405,Historical,913895,0,0,S,2,1,131563,54.95,2014,19,18.06,40.12
45406,Historical,636057,0,0,S,1,0,1155651,87,2008,19,76.74,70.14
45407,Historical,910304,0,0,S,2,1,1115713,170,2012,21,63.03,99.98
45409,Historical,907975,0,0,S,3,1,76289,49.95,2008,28,25.75,30.62
45411,Historical,895183,0,0,S,12,1,736526,89.95,2011,14,0,116.83
45412,Historical,631614,0,0,S,4,1,926880,43.95,2009,27,0,32.7
45413,Historical,532767,0,0,S,3,1,441735,90,2009,28,53.98,58.99
45415,Historical,129340,0,0,S,2,1,1774456,63,2010,24,32.94,49.84
45416,Historical,886281,0,0,S,2,1,690010,87,2012,9,0,66.17
45417,Historical,1476503,0,0,S,3,1,1649402,245,2014,12,0,200.68
45418,Historical,866993,0,0,S,8,1,308793,50,2014,16,30.99,34.37
45419,Historical,1477146,0,0,S,3,1,1751745,59.95,2014,13,48.17,41.85
45420,Historical,1477278,0,0,S,1,0,1113848,75,2013,9,0,58.41
45422,Historical,646863,0,0,S,3,1,1135363,61,2013,16,36.92,23.38
45423,Historical,655906,0,0,S,3,1,183614,61,2013,17,49.04,39.01
45424,Historical,287319,0,0,S,8,1,149458,55.95,2011,38,24.83,49.58
45425,Historical,129439,0,0,S,3,1,182366,75,2011,66,44.2,59.83
45427,Historical,129467,0,0,S,2,1,40067,86.95,2011,39,64.44,84.02
45428,Historical,531437,0,0,S,2,1,79005,95.95,2012,29,42.67,56.2
45429,Historical,658154,0,0,S,2,1,238036,49.95,2012,40,30.95,43.99
45431,Historical,663165,0,0,S,4,1,283305,39.95,2013,27,19.03,56.93
45432,Historical,668991,0,0,S,2,1,239527,112.95,2012,34,84.94,92.5
45433,Historical,529767,0,0,S,2,1,298493,78,2011,29,43.55,63.33
45434,Historical,610258,0,0,S,2,1,147472,69,2013,25,56.55,50.48
45435,Historical,861304,0,0,S,5,1,73298,64.95,2013,33,35.99,50.44
45436,Historical,867005,0,0,S,3,1,70977,69.95,2014,26,55.78,57.94
45438,Historical,727673,0,0,S,0,0,607875,199.99,1998,17,0,118.99
45439,Historical,622159,0,0,S,3,1,788511,116.6,1990,27,42.12,78.95
45440,Historical,129852,0,0,S,3,1,138704,116.6,1995,44,23.98,73.97
45442,Historical,130348,0,0,S,5,1,1050930,119.2,2011,22,73.99,104.3
45445,Historical,130374,0,0,S,6,1,570954,83.8,2010,25,65.56,39.99
45446,Historical,130381,0,0,S,7,1,607712,114,2011,12,133.9,163.47
45447,Historical,533035,0,0,S,3,1,107000,112.2,2010,31,69.11,84.49
45448,Historical,900899,0,0,S,3,1,1069862,82.4,2010,13,162.53,76.31
45449,Historical,869449,0,0,S,6,1,851124,70.4,2011,17,47.48,65.72
45450,Historical,130459,0,0,S,4,1,793921,120,2011,19,88.98,93.99
45451,Historical,130474,0,0,S,5,1,972742,126,2011,20,78.99,92.72
45452,Historical,130493,0,0,S,3,1,39310,141.6,2011,54,63.38,107.99
45453,Historical,902497,0,0,S,3,1,729508,93,2012,15,63.38,89.6
45454,Historical,873908,0,0,S,6,1,900169,78.67,2011,20,51.98,76.97
45455,Historical,529193,0,0,S,5,1,241454,109,2011,31,71.57,73.84
45456,Historical,892319,0,0,S,16,1,1449072,99.33,2011,18,132.93,95.39
45458,Historical,130705,0,0,S,7,1,47122,220.6,2011,55,88.56,93.99
45459,Historical,617465,0,0,S,6,1,523698,126.4,1997,60,4,4.31
45460,Historical,860624,0,0,S,6,1,948103,116.13,2012,14,51.98,52.84
45461,Historical,533420,0,0,S,6,1,22281,55.8,2012,103,19.99,42.4
45462,Historical,537029,0,0,S,14,1,2847329,184.87,2011,15,83.99,63.98
45463,Historical,130943,0,0,S,10,1,956038,110.67,2011,12,112.22,149.98
45464,Historical,130962,0,0,S,7,1,146073,100.8,2011,33,73.62,91.93
45465,Historical,1481352,0,0,S,5,1,1850057,231.47,2011,11,251.39,216.25
45466,Historical,557039,0,0,S,10,1,944485,167.67,2012,20,77.84,135.17
45467,Historical,875500,0,0,S,14,1,1513046,40.67,2011,12,39.24,138.84
45468,Historical,869413,0,0,S,3,1,914640,62,2012,15,47.93,61.56
45469,Historical,890585,0,0,S,4,1,280125,84,2012,11,89.75,52.81
45471,Historical,131632,0,0,S,3,1,237775,200.6,2002,67,25.29,89.08
45472,Historical,132007,0,0,S,2,1,760662,149.93,2004,30,59.95,116.26
45473,Historical,879359,0,0,S,4,1,1511959,125.33,2012,13,93.94,130.67
45474,Historical,132271,0,0,S,10,1,336814,125.95,2007,45,45.77,79.15
45475,Historical,132349,0,0,S,2,1,3466563,110,2007,18,22.2,88.58
45476,Historical,132540,0,0,S,6,1,58698,181.8,2008,26,27.97,50.5
45477,Historical,132639,0,0,S,3,1,39289,126,2010,67,53.99,98.99
45478,Historical,132651,0,0,S,5,1,624884,73.6,2008,23,31.6,83.79
45479,Historical,56564,0,0,S,5,1,474874,185,2008,12,97.51,253.99
45480,Historical,557489,0,0,S,4,1,821063,64.95,2008,35,41.05,52.33
45481,Historical,557494,0,0,S,5,1,58943,126.8,2009,39,39.99,122.75
45482,Historical,607758,0,0,S,8,1,490395,148.95,2009,46,160.63,111.2
45483,Historical,540055,0,0,S,2,1,58948,135,2010,52,37.37,93.99
45484,Historical,627413,0,0,S,2,1,218461,63.4,2010,16,0,0
45485,Historical,871812,0,0,S,13,1,1406744,45.72,2010,11,90.6,94.99
45487,Historical,532555,0,0,S,3,1,40124,155,2011,72,87.88,80.53
45488,Historical,909970,0,0,S,2,1,243216,46.6,2010,18,0,35.65
45489,Historical,649693,0,0,S,2,1,43394,110,2012,33,0,0
45490,Historical,428596,0,0,S,3,1,437831,75.6,2011,20,78.48,602.98
45491,Historical,133427,0,0,S,16,1,44415,146,2011,44,132.93,116.24
45492,Historical,664170,0,0,S,10,1,1852312,88,2013,14,71.85,73.18
45493,Historical,540080,0,0,S,12,1,2149594,160.4,2012,19,120.39,120.57
45494,Historical,529194,0,0,S,5,1,237119,154,2012,42,25.99,104.67
45495,Historical,540089,0,0,S,6,1,1049811,128.27,2012,22,40.17,103.06
45496,Historical,529389,0,0,S,13,1,315550,176.07,2012,19,100.78,150.99
45498,Historical,647031,0,0,S,6,1,454030,112,2012,25,76.97,85.98
45499,Historical,637664,0,0,S,4,1,155825,153.95,2012,49,87.98,68.72
45500,Historical,633718,0,0,S,5,1,99250,180.6,2013,52,69.9,98.99
45501,Historical,645055,0,0,S,7,1,1705123,180.67,2012,17,79.87,3969.74
45502,Historical,639780,0,0,S,3,1,1279127,122,2012,18,87.05,123.95
45503,Historical,877247,0,0,S,11,1,958125,131.33,2013,25,73.99,110.23
45504,Historical,655055,0,0,S,7,1,808717,180.27,2013,25,63.99,145.36
45505,Historical,637549,0,0,S,1,0,342714,194,2013,46,179.99,126.89
45506,Historical,1483089,0,0,S,6,1,1477383,93.8,2014,5,0,78.34
45507,Historical,1483147,0,0,S,5,1,662952,140,2013,15,0,123.64
45508,Historical,878682,0,0,S,3,1,1504144,70,2012,12,92.11,64.78
45509,Historical,892748,0,0,S,10,1,1474231,104,2014,20,0,95.28
45510,Historical,878782,0,0,S,9,1,177049,138,2013,22,115.99,108.74
45512,Historical,867027,0,0,S,12,1,1574861,245.87,2013,15,88.99,127.18
45513,Historical,861359,0,0,S,7,1,692605,102.67,2013,18,66.86,123.94
45514,Historical,540189,0,0,S,11,1,864263,157.07,2013,22,76.18,123.11
45515,Historical,664842,0,0,S,6,1,928923,142.87,2013,19,57.28,110.78
45516,Historical,657907,0,0,S,9,1,1266859,248.67,2013,17,113.19,213.55
45517,Historical,1483253,0,0,S,9,1,601406,166.67,2013,20,0,149.6
45518,Historical,655058,0,0,S,13,1,580951,191.95,2013,27,181.6,86.18
45519,Historical,610121,0,0,S,14,1,1317372,186.67,2013,23,109.5,134.49
45520,Historical,652241,0,0,S,9,1,565319,215.87,2013,22,113.19,165.29
45521,Historical,861733,0,0,S,7,1,1070927,134.47,2013,25,65.56,113.23
45522,Historical,1483370,0,0,S,4,1,659328,77.8,2013,23,59.98,19.27
45523,Historical,610847,0,0,S,7,1,791095,118,2014,17,73.5,47.94
45524,Historical,878720,0,0,S,9,1,1007274,205.47,2013,13,115.99,181.3
45525,Historical,877791,0,0,S,15,1,21990,153.2,2014,69,60.62,120.67
45526,Historical,663913,0,0,S,6,1,608438,215.33,2013,20,147.82,186.56
45527,Historical,878908,0,0,S,11,1,825944,145.33,2013,26,108.19,117.78
45528,Historical,867054,0,0,S,6,1,845676,153.73,2014,12,74.81,218.22
45529,Historical,862128,0,0,S,10,1,40642,127.8,2014,44,68.99,97.18
45530,Historical,873968,0,0,S,3,1,919000,166.67,2014,35,147.63,123.88
45531,Historical,869943,0,0,S,8,1,372561,42.5,2013,21,11.35,37.94
45534,Historical,558087,0,0,S,2,1,122929,63,2010,53,30.96,28.99
45536,Historical,879271,0,0,S,9,1,1050459,66.84,2012,6,109.7,63.48
45538,Historical,641506,0,0,S,3,1,735962,57.95,2009,27,40.88,41.14
45539,Historical,631665,0,0,S,7,1,1440096,59.95,2008,20,27.84,104.29
45540,Historical,526426,0,0,S,3,1,80134,53.95,2011,28,37.71,32.99
45541,Historical,649698,0,0,S,5,1,400810,44.95,2012,39,29.69,32.99
45543,Historical,540282,0,0,S,2,1,467781,95,2013,21,47.98,65.62
45545,Historical,136870,0,0,S,2,1,49052,53,1996,31,36.96,47.25
45546,Historical,534204,0,0,S,4,1,555357,78.75,2009,18,0,0
45547,Historical,540308,0,0,S,4,1,284351,49.99,2009,61,29.39,36.51
45548,Historical,892331,0,0,S,6,1,1750621,100.44,2011,11,97.63,61.83
45549,Historical,890461,0,0,S,9,1,1706196,91.89,2011,8,142.5,94.96
45550,Historical,655302,0,0,S,6,1,275425,75.28,2012,15,0,0
45551,Historical,860685,0,0,S,9,1,1242257,88.09,2012,14,169.24,54.63
45552,Historical,1492282,0,0,S,4,1,906635,62.61,2013,5,0,63.82
45553,Historical,642136,0,0,S,3,1,734182,76.02,2012,13,166.89,92.29
45554,Historical,1492320,0,0,S,7,1,389516,170.75,2013,23,66.33,89.12
45555,Historical,873730,0,0,S,7,1,485414,91.25,2012,16,150.99,57.28
45557,Historical,635763,0,0,S,0,0,42349,100,2011,12,0,63.05
45558,Historical,893103,0,0,S,0,0,415814,80,2014,10,46.97,50.72
45561,Historical,431885,0,0,S,3,1,4579905,99,1998,14,35.19,52.29
45562,Historical,2443061,0,0,S,2,1,296682,119,2003,29,109.06,79.33
45565,Historical,644542,0,0,S,0,0,987134,99.99,2012,8,0,55.69
45567,Historical,1498367,0,0,S,0,0,1144881,59.99,2012,7,0,124.22
45571,Historical,2457986,0,0,S,0,0,202093,55,2003,7,0,15.79
45572,Historical,734844,0,0,S,8,1,901530,60.07,2011,11,77.87,101.58
45573,Historical,1503308,0,0,S,8,1,4759235,260.97,2009,15,0,197.23
45574,Historical,142108,0,0,S,10,1,379414,599,2010,51,122.94,95.02
45581,Historical,143284,0,0,S,2,1,576408,67,2009,26,43.99,41.99
45582,Historical,143329,0,0,S,3,1,1013549,215,2010,29,0,0
45583,Historical,143391,0,0,S,5,1,1095755,173,2011,25,4.75,142.93
45586,Historical,1506225,0,0,S,3,1,455480,80,2013,3,0,77.6
45587,Historical,860617,0,0,S,8,1,470422,43,2012,25,39.96,43
45588,Historical,560472,0,0,S,3,1,109883,43,2012,21,28.99,43
45589,Historical,670545,0,0,S,4,1,431348,43,2012,25,37.42,43
45590,Historical,860820,0,0,S,5,1,424614,43,2012,14,33.99,32.87
45592,Historical,738676,0,0,S,3,1,898331,115,2013,13,84.11,109.31
45594,Historical,1506707,0,0,S,5,1,635758,115,2015,13,4.58,108.84
45596,Historical,1506713,0,0,S,8,1,1427357,42,2013,3,0,42
45598,Historical,560532,0,0,S,3,1,575191,76,2010,23,0,64.6
45599,Historical,143631,0,0,S,3,1,1179511,197,2010,36,90.32,48.99
45600,Historical,2475526,0,0,S,9,1,422995,77.6,1997,39,10.86,54.97
45601,Historical,144328,0,0,S,2,1,912285,202,2001,32,5.64,90.56
45602,Historical,144752,0,0,S,8,1,812135,148.95,2006,52,132.97,88.26
45603,Historical,740489,0,0,S,2,1,393110,114,2005,25,56.98,247.38
45604,Historical,540521,0,0,S,2,1,76732,69.99,2011,61,44.19,39.77
45605,Historical,1509277,0,0,S,1,0,44274,257.6,2014,31,0,87.15
45606,Historical,877484,0,0,S,2,1,1079900,179,2008,16,84.9,53.99
45608,Historical,434895,0,0,S,3,1,3016130,219.8,2008,16,122.52,159.07
45609,Historical,1513975,0,0,S,4,1,1357016,72.99,2010,9,0,73.98
45610,Historical,55400,0,0,S,2,1,1019120,275.6,2009,29,117.05,133.98
45611,Historical,434957,0,0,S,1,0,332765,128.2,2010,26,61.4,102.13
45612,Historical,742405,0,0,S,5,1,931784,142.67,2010,16,101.92,134.24
45613,Historical,628156,0,0,S,4,1,528745,208.67,2009,39,103.96,75.97
45614,Historical,742500,0,0,S,4,1,1370548,93.4,2009,14,89.5,103.99
45615,Historical,742585,0,0,S,10,1,1169633,103.47,2010,21,84.84,122.45
45616,Historical,1515971,0,0,S,3,1,4209122,126.67,2009,14,92.97,52.99
45617,Historical,742659,0,0,S,10,1,1102567,103.53,2010,15,96.94,200.93
45618,Historical,742660,0,0,S,6,1,1163238,96.87,2010,15,74.98,181.59
45619,Historical,742669,0,0,S,4,1,767609,0,2010,14,83.08,93.71
45620,Historical,622950,0,0,S,1,0,504884,289.8,2013,43,0,172.85
45623,Historical,742770,0,0,S,7,1,1698618,184.33,2011,11,83.99,168.99
45625,Historical,743012,0,0,S,4,1,1059685,136.67,2011,14,156.82,103.99
45626,Historical,743017,0,0,S,7,1,1076317,159.33,2011,15,49.42,148.54
45627,Historical,146746,0,0,S,13,1,1166688,207.67,2011,14,203.94,25.99
45628,Historical,527495,0,0,S,8,1,977488,210.4,2012,27,139.58,97.99
45629,Historical,146774,0,0,S,2,1,137979,191.8,2011,49,95.57,112.01
45630,Historical,644548,0,0,S,5,1,119161,45.6,2012,25,0,0
45631,Historical,660713,0,0,S,7,1,959727,163.27,2013,14,101.23,133.42
45632,Historical,879024,0,0,S,7,1,1002024,143.27,2013,29,101.23,110.09
45633,Historical,632029,0,0,S,2,1,349818,202.67,2013,33,79.25,58.54
45634,Historical,878987,0,0,S,0,0,1233528,137.8,2012,23,86.18,120.06
45635,Historical,658168,0,0,S,1,0,119335,274.4,2012,26,0,118.99
45636,Historical,872977,0,0,S,5,1,1105711,180,2012,13,39.64,173.49
45637,Historical,875891,0,0,S,6,1,857336,180,2012,20,143.14,176.33
45638,Historical,877220,0,0,S,4,1,884659,149.33,2011,14,78.99,602.99
45639,Historical,919916,0,0,S,4,1,298102,128,2013,23,0,0
45640,Historical,743061,0,0,S,3,1,1065815,158.67,2012,25,84.15,52.38
45641,Historical,638241,0,0,S,11,1,672436,130.07,2013,31,84.84,102.8
45642,Historical,892619,0,0,S,10,1,1427663,177.4,2013,17,233.97,55.05
45644,Historical,870373,0,0,S,4,1,913490,161,2012,18,131.01,125.44
45645,Historical,561577,0,0,S,8,1,995098,117.33,2012,9,115.86,103.99
45647,Historical,902660,0,0,S,11,1,1079192,117.13,2013,22,67.98,71.23
45648,Historical,661634,0,0,S,11,1,1048921,135.87,2013,17,84.84,127.99
45650,Historical,1516960,0,0,S,7,1,1210416,108.89,2013,3,0,113.09
45651,Historical,872210,0,0,S,13,1,1370664,186.67,2013,35,126.6,42.87
45652,Historical,861571,0,0,S,8,1,3834440,96.67,2013,9,55.7,96.67
45653,Historical,1517014,0,0,S,7,1,963463,204.33,2013,17,104.39,159.55
45654,Historical,1517051,0,0,S,12,1,2126832,108.47,2012,20,100.81,108.47
45655,Historical,664415,0,0,S,6,1,699533,179.33,2013,17,111.99,135.98
45656,Historical,1517099,0,0,S,10,1,855914,304.27,2015,13,0,233.93
45657,Historical,858367,0,0,S,8,1,429383,184.33,2014,29,83.99,123.99
45658,Historical,867095,0,0,S,3,1,83103,75.2,2014,48,44.71,53.96
45659,Historical,877493,0,0,S,8,1,933300,127.87,2013,35,91.02,86.03
45660,Historical,1517142,0,0,S,8,1,350931,204.33,2014,17,83.99,149.09
45661,Historical,872862,0,0,S,3,1,1091417,204,2014,16,141.26,152.08
45662,Historical,903901,0,0,S,7,1,47454,91.33,2014,23,0,0
45663,Historical,611642,0,0,S,9,1,626062,168,2013,17,77.5,148.53
45664,Historical,872814,0,0,S,7,1,945252,160.67,2014,22,113.99,117.09
45665,Historical,890851,0,0,S,4,1,747568,186.67,2014,20,101.99,138.98
45666,Historical,875835,0,0,S,11,1,1233636,122,2014,17,94.21,115.34
45667,Historical,869431,0,0,S,6,1,951124,62.67,2013,15,54.45,66.11
45668,Historical,867110,0,0,S,4,1,17298,59.8,2014,44,28.46,42.07
45670,Historical,1517217,0,0,S,2,1,291784,121.15,2014,8,0,91.12
45671,Historical,876616,0,0,S,10,1,1744782,182,2013,15,33.99,166.08
45672,Historical,873136,0,0,S,9,1,1155946,244.2,2013,19,68.99,220.75
45673,Historical,892752,0,0,S,13,1,961541,166.67,2014,19,58.99,121.43
45674,Historical,877859,0,0,S,6,1,1095831,188.67,2014,15,102.96,169.09
45675,Historical,1517251,0,0,S,11,1,725678,182.67,2014,16,75.97,165.95
45676,Historical,611603,0,0,S,5,1,133219,151.53,2013,17,94.8,138.58
45677,Historical,876458,0,0,S,14,1,399241,164.73,2014,40,112.98,93.98
45678,Historical,1517267,0,0,S,7,1,386417,139.87,2014,23,73.65,118.98
45679,Historical,649496,0,0,S,7,1,818354,216.93,2013,21,138.89,137.09
45682,Historical,887026,0,0,S,12,1,920839,183.8,2014,21,113.99,127.29
45683,Historical,903819,0,0,S,13,1,100970,222.67,2014,22,179.12,151.5
45684,Historical,880405,0,0,S,12,1,402844,175.47,2014,20,116.85,161.23
45685,Historical,873198,0,0,S,2,1,701584,72.67,2014,19,60.96,71.08
45686,Historical,611717,0,0,S,4,1,1203317,148.2,2013,19,103.84,152.25
45687,Historical,1517340,0,0,S,11,1,862206,209.8,2014,18,119.98,153.97
45688,Historical,1517395,0,0,S,11,1,1106439,229.6,2014,23,0,183.19
45689,Historical,877487,0,0,S,13,1,910643,182.67,2014,28,110.99,165.96
45690,Historical,1517413,0,0,S,3,1,1199316,222.67,2013,11,102.81,173.62
45691,Historical,876218,0,0,S,14,1,986728,184.73,2014,17,112.98,141.2
45692,Historical,1517424,0,0,S,14,1,883945,146,2014,22,95.66,119.65
45693,Historical,867151,0,0,S,9,1,53788,59.4,2014,38,44.97,49.69
45694,Historical,878068,0,0,S,5,1,728146,72.67,2014,17,68.41,71.12
45695,Historical,879514,0,0,S,9,1,1031605,146.4,2014,22,104.8,110.08
45696,Historical,1517539,0,0,S,10,1,86253,221.47,2014,21,147.46,165.75
45697,Historical,905265,0,0,S,1,0,486364,88.4,2014,15,29.74,76.82
45698,Historical,879463,0,0,S,6,1,961437,156.33,2014,19,101.93,123.55
45699,Historical,881702,0,0,S,4,1,838447,138.07,2014,15,71.99,126.42
45700,Historical,2485463,0,0,S,5,1,345957,178.67,2015,15,110.48,162.34
45701,Historical,881584,0,0,S,2,1,706671,206.67,2014,21,143.72,158.95
45702,Historical,887031,0,0,S,3,1,1424072,178.67,2014,16,114.8,163.03
45703,Historical,1517654,0,0,S,2,1,669507,221.47,2014,19,133.99,202.26
45704,Historical,871799,0,0,S,13,1,902228,206.67,2014,22,126.6,143.99
45706,Historical,875531,0,0,S,15,1,747712,46.67,2014,15,39.24,46.66
45707,Historical,881106,0,0,S,4,1,1323056,86.67,2015,12,88.99,80.58
45708,Historical,877424,0,0,S,9,1,1243798,123.8,2014,19,135.94,109.98
45709,Historical,874538,0,0,S,14,1,553806,65.33,2014,21,89.82,55.16
45710,Historical,893144,0,0,S,6,1,641384,162.67,2014,27,53.94,125.42
45711,Historical,1517775,0,0,S,10,1,1180240,174,2015,26,152.48,88.99
45712,Historical,872943,0,0,S,6,1,839160,188.67,2014,18,97.47,152.76
45713,Historical,1517777,0,0,S,3,1,953268,214.6,2015,15,116.72,195.41
45714,Historical,2485564,0,0,S,3,1,808016,170,1999,1,0,92.99
45716,Historical,147183,0,0,S,2,1,1579561,131,2007,22,61.78,125.17
45717,Historical,743669,0,0,S,6,1,5666149,124,2004,8,183.94,28.99
45720,Historical,540920,0,0,S,4,1,364943,99.95,2007,27,6.24,85.01
45721,Historical,147539,0,0,S,7,1,1532049,155,2007,25,89.49,43.98
45723,Historical,653284,0,0,S,19,1,467081,103,2009,13,46.05,364.32
45726,Historical,435173,0,0,S,9,1,4749539,128.95,2008,15,37.32,112.65
45727,Historical,288840,0,0,S,2,1,64079,93.95,2011,43,47.8,72.49
45728,Historical,147621,0,0,S,3,1,196008,89.95,2010,66,20.02,67.51
45729,Historical,743899,0,0,S,6,1,3972764,172.5,2009,13,63.99,273.79
45730,Historical,531415,0,0,S,3,1,178498,53.95,2009,13,23.76,36.03
45732,Historical,540970,0,0,S,2,1,81889,75.95,2013,42,33.97,45.79
45733,Historical,536384,0,0,S,4,1,93579,48.95,2012,70,31.76,32.32
45734,Historical,860897,0,0,S,8,1,1271555,76.95,2012,9,86.95,63.43
45735,Historical,1518432,0,0,S,7,1,1459877,166.95,2011,12,69.83,675
45736,Historical,540997,0,0,S,6,1,89392,156,2013,29,64.99,98.89
45737,Historical,1518556,0,0,S,8,1,1266915,135,2012,2,0,135
45738,Historical,660736,0,0,S,2,1,27145,61.95,2013,22,39.77,38.55
45739,Historical,1518618,0,0,S,8,1,1325938,79.95,2013,1,3.97,75.6
45740,Historical,881494,0,0,S,8,1,812425,79.95,2013,2,126.07,63.15
45741,Historical,644554,0,0,S,4,1,42785,204,2012,81,68.31,113.28
45742,Historical,541015,0,0,S,8,1,1220277,160.15,2013,20,3.97,88.99
45743,Historical,895156,0,0,S,5,1,656855,127.71,2014,12,44.18,83.98
45744,Historical,861374,0,0,S,6,1,2081741,156.83,2013,6,58.99,149.85
45745,Historical,867205,0,0,S,9,1,1377754,203.11,2013,7,89.49,203.11
45746,Historical,867208,0,0,S,5,1,31389,99.95,2014,32,71.72,63.56
45747,Historical,611860,0,0,S,8,1,1649701,116,2013,12,41.94,86.96
45748,Historical,881555,0,0,S,3,1,415861,89.99,2015,11,56.39,60.83
45749,Historical,886733,0,0,S,13,1,1392229,177.79,2013,5,124.2,185.52
45750,Historical,1518899,0,0,S,11,1,467118,201.51,2014,16,69.52,133.94
45751,Historical,1518923,0,0,S,9,1,1088874,224.93,2013,14,89.49,298.09
45752,Historical,1518928,0,0,S,11,1,206475,215.24,2014,10,205.02,203.88
45754,Historical,1518939,0,0,S,9,1,967083,186.4,2013,12,0,148.99
45755,Historical,924412,0,0,S,5,1,76492,52.99,2015,20,43.28,38.98
45756,Historical,1519032,0,0,S,8,1,672615,178.37,2013,12,133.94,178.37
45757,Historical,1519069,0,0,S,7,1,349132,136.8,2014,8,0,116.33
45758,Historical,887042,0,0,S,9,1,770507,167.78,2014,7,0,93.94
45759,Historical,1519077,0,0,S,10,1,602185,105.56,2013,6,0,97.98
45760,Historical,1519083,0,0,S,8,1,1369551,141.6,2013,8,0,137.39
45761,Historical,3504380,0,0,S,2,1,103296,289.99,2016,0,0,277.08
45762,Historical,2486543,0,0,S,2,1,752646,99.95,2015,12,95.19,76.57
45763,Historical,1519185,0,0,S,9,1,81476,72.95,2014,43,41.97,41.99
45764,Historical,1519201,0,0,S,23,1,10193,46.95,2015,13,42.05,36.07
45765,Historical,907902,0,0,S,10,1,287322,43.95,2015,26,37.95,30.8
45766,Historical,878418,0,0,S,8,1,673734,124.82,2014,13,38.13,107.35
45767,Historical,1519303,0,0,S,7,1,776504,138.47,2014,11,48.99,132.3
45768,Historical,1519305,0,0,S,10,1,1520795,172.51,2014,9,82.45,171.02
45769,Historical,3504420,0,0,S,6,1,196408,139.99,2016,0,0,89.99
45770,Historical,1519332,0,0,S,8,1,1154623,143.2,2014,8,0,143.19
45771,Historical,3504461,0,0,S,5,1,447983,199.99,2016,0,0,176.46
45772,Historical,3504490,0,0,S,6,1,561626,159,2016,0,0,150.39
45773,Historical,3504499,0,0,S,7,1,313807,209.99,2016,0,0,209.99
45774,Historical,3504515,0,0,S,2,1,264115,249.99,2016,0,0,249.99
45776,Historical,3504697,0,0,S,9,1,658020,69,2016,1,0,68.76
45777,Historical,744248,0,0,S,2,1,1491355,141.95,2000,16,132.22,40.99
45778,Historical,744731,0,0,S,11,1,72803,0,2004,0,103.92,0
45779,Historical,148116,0,0,S,8,1,780341,335.95,2008,20,149.73,198.84
45780,Historical,148117,0,0,S,2,1,525840,176.95,2005,14,144.97,383.98
45781,Historical,625887,0,0,S,4,1,1225605,103.95,2004,12,0,0
45782,Historical,148398,0,0,S,10,1,491891,373.95,2006,18,185.51,85.64
45783,Historical,745052,0,0,S,3,1,1052516,109.43,2006,16,93.99,78.99
45784,Historical,562027,0,0,S,4,1,2223921,325.95,2007,13,180.71,163.31
45785,Historical,525847,0,0,S,10,1,1614028,70.95,2009,17,0,70.95
45786,Historical,745623,0,0,S,6,1,4670269,170.14,2008,10,67.18,78.48
45788,Historical,331934,0,0,S,3,1,2010840,69.99,1999,18,88.65,71.58
45791,Historical,333397,0,0,S,3,1,2821379,339,2004,16,203.11,48.4
45792,Historical,152051,0,0,S,2,1,2337957,99,2004,24,62,66
45793,Historical,2501675,0,0,S,2,1,2107642,169,2004,26,182.99,66.78
45794,Historical,906899,0,0,S,2,1,622860,149,2007,19,105,110.53
45795,Historical,640436,0,0,S,2,1,1370610,54.95,2005,20,0,31.87
45796,Historical,2501685,0,0,S,3,1,634101,89.95,2004,24,96.39,59.96
45797,Historical,2501688,0,0,S,3,1,1340464,99,2004,28,74.98,75.11
45798,Historical,2501744,0,0,S,3,1,2039359,179,2004,25,110.41,49
45799,Historical,152222,0,0,S,2,1,1720473,129,2005,19,135.47,52.13
45800,Historical,152284,0,0,S,2,1,1863854,149,2005,25,99.55,78.6
45801,Historical,621122,0,0,S,3,1,491165,109,2007,37,110.76,66.42
45802,Historical,152444,0,0,S,2,1,775802,109,2007,21,98.99,81.35
45805,Historical,563087,0,0,S,3,1,199373,219,2008,19,263.82,127.38
45807,Historical,289263,0,0,S,2,1,378532,59.95,2007,35,47.24,40.93
45809,Historical,152466,0,0,S,4,1,785564,74.95,2007,38,42.8,45.79
45810,Historical,622683,0,0,S,2,1,346385,97,2010,29,0,0
45813,Historical,333680,0,0,S,2,1,877242,129,2008,23,115.29,99.31
45814,Historical,2502135,0,0,S,2,1,1158625,89.99,1982,25,62.07,59.98
45816,Historical,2502195,0,0,S,2,1,2256142,134,1998,23,0,102.93
45817,Historical,2502240,0,0,S,3,1,720016,79.95,1996,21,87.12,49.04
45818,Historical,644240,0,0,S,2,1,1211442,144,1999,28,138.28,83.85
45819,Historical,630904,0,0,S,2,1,1646613,149,1996,23,132.15,95.31
45821,Historical,2502421,0,0,S,2,1,608440,99,2001,21,103.54,61.99
45824,Historical,637360,0,0,S,2,1,146558,119,2002,29,100.99,72.63
45825,Historical,541213,0,0,S,2,1,708252,149,2003,35,158.67,111.17
45826,Historical,152712,0,0,S,2,1,1362971,124,2003,25,137.06,82.67
45827,Historical,623611,0,0,S,2,1,171044,115,2005,43,73.99,86.19
45828,Historical,563225,0,0,S,3,1,570117,79.95,1996,50,43.88,61.31
45829,Historical,634230,0,0,S,2,1,985943,79.95,1994,28,53.99,55.97
45830,Historical,2502745,0,0,S,2,1,259493,74.95,1991,20,53.98,47.83
45831,Historical,563242,0,0,S,3,1,1433529,159,1997,23,0,114.99
45832,Historical,626966,0,0,S,3,1,885222,99,2000,30,77.72,65.99
45833,Historical,541242,0,0,S,4,1,107023,45,2012,33,22.26,28.08
45834,Historical,632107,0,0,S,8,1,124941,89,2012,31,61.16,69.74
45835,Historical,878815,0,0,S,3,1,890844,0,2012,29,48.49,117.95
45836,Historical,660739,0,0,S,9,1,74612,89,2013,21,0,0
45837,Historical,615566,0,0,S,1,0,19005,113.89,2013,66,65.94,83.98
45838,Historical,868282,0,0,S,2,1,5856,139,2014,82,93.97,77.32
45839,Historical,615914,0,0,S,0,0,64773,198.5,1994,59,0,119.02
45840,Historical,639500,0,0,S,2,1,868981,132,1999,22,15.85,100.99
45841,Historical,289476,0,0,S,0,0,112556,96.5,2005,28,0,71.99
45842,Historical,154418,0,0,S,5,1,14217,89,2004,86,34.34,46.23
45843,Historical,1536090,0,0,S,4,1,1033390,49.95,2008,19,78.97,52.99
45845,Historical,888687,0,0,S,4,1,1084435,49.95,2011,12,0,49.95
45847,Historical,2525171,0,0,S,2,1,890324,329,1997,29,107.96,185.38
45848,Historical,2525185,0,0,S,2,1,3300304,199,1998,19,206.17,144.59
45850,Historical,2531039,0,0,S,0,0,906374,79.95,2005,24,40.87,61.29
45851,Historical,2533693,0,0,S,2,1,2501006,48.95,1999,17,134.42,123.66
45852,Historical,2540887,0,0,S,0,0,621853,88.95,2002,17,33.99,68.19
45853,Historical,915705,0,0,S,3,1,31359,54.95,2014,51,34.52,43.31
45854,Historical,610275,0,0,S,6,1,109979,87.95,2013,27,55.09,56.36
45855,Historical,1543892,0,0,S,2,1,1024285,68.95,2014,10,69.77,108.88
45856,Historical,541428,0,0,S,2,1,759233,70.95,2014,22,46.43,39.95
45857,Historical,541447,0,0,S,5,1,453743,49.95,2011,27,35.59,36.19
45858,Historical,866568,0,0,S,3,1,500324,52.95,2014,19,33.99,33.31
45859,Historical,1552029,0,0,S,14,1,2772093,61.95,2013,19,55.42,73.09
45860,Historical,1552855,0,0,S,2,1,1175801,123.95,2014,13,106.2,88.99
45862,Historical,541513,0,0,S,4,1,143278,70.95,2012,27,15.84,46.21
45864,Historical,1554778,0,0,S,2,1,1310374,49.95,2015,9,0,40.45
45865,Historical,873424,0,0,S,9,1,83655,86.95,2014,33,63.99,64.78
45866,Historical,862405,0,0,S,4,1,367052,59.95,2014,26,35.48,48
45867,Historical,1554941,0,0,S,5,1,147760,83.95,2014,15,80.33,72.71
45868,Historical,867248,0,0,S,4,1,57509,47.95,2014,38,117.32,39.19
45870,Historical,869790,0,0,S,6,1,74867,64.95,2015,19,48.8,47.96
45871,Historical,868294,0,0,S,5,1,59704,59.95,2015,18,46.47,47.78
45874,Historical,1556745,0,0,S,3,1,155780,64.95,2014,26,33.12,30.12
45875,Historical,1557031,0,0,S,2,1,150817,134.95,2014,19,62.31,60.06
45878,Historical,913148,0,0,S,3,1,155361,44.95,2014,30,42.37,39.34
45879,Historical,660754,0,0,S,5,1,78169,54.95,2013,22,42.94,43.04
45880,Historical,867256,0,0,S,7,1,594605,70.95,2014,21,49.64,48.56
45881,Historical,658185,0,0,S,4,1,570425,78.95,2012,15,58.85,73.02
45882,Historical,639796,0,0,S,4,1,44677,88.95,2012,18,58.34,84.55
45883,Historical,649719,0,0,S,4,1,404610,56.95,2012,26,45.98,42.25
45884,Historical,532387,0,0,S,3,1,132991,62.95,2013,16,51.72,55.94
45885,Historical,862200,0,0,S,3,1,582638,52.95,2014,38,33.99,33.99
45886,Historical,1559092,0,0,S,3,1,564056,45.95,2012,20,41.69,37.69
45887,Historical,529299,0,0,S,2,1,197113,62.95,2012,36,38.92,47.4
45888,Historical,533187,0,0,S,2,1,371043,48.95,2012,87,34.15,36.02
45889,Historical,897211,0,0,S,2,1,1690615,123.95,2013,10,106.59,87.14
45891,Historical,565094,0,0,S,1,0,105379,76.95,2010,15,0,0
45894,Historical,2549489,0,0,S,2,1,1174688,249,1993,25,271.04,69.78
45895,Historical,2550806,0,0,S,8,1,841897,79.95,1997,16,6.63,181.48
45896,Historical,2551369,0,0,S,6,1,2045205,329,2004,18,228.99,103.98
45897,Historical,159580,0,0,S,4,1,1586900,74.95,2005,16,43.15,84.83
45898,Historical,610095,0,0,S,2,1,119450,86,2009,28,49.94,61.83
45899,Historical,161539,0,0,S,3,1,525993,76,2007,37,68.84,55.31
45900,Historical,161548,0,0,S,2,1,721003,114,2007,30,68.98,82.59
45901,Historical,161718,0,0,S,6,1,854354,217.06,2006,23,130.95,132.94
45902,Historical,2555877,0,0,S,3,1,1202002,165,2004,16,0,112.32
45903,Historical,749509,0,0,S,6,1,1557138,140,2005,18,42.96,83.05
45904,Historical,749626,0,0,S,4,1,824041,99.44,2007,15,73.94,88.98
45905,Historical,541660,0,0,S,5,1,220213,95,2015,37,57.99,56.92
45906,Historical,162103,0,0,S,2,1,107546,184.75,2010,12,0,0
45907,Historical,531575,0,0,S,5,1,167770,196,2009,30,21.68,84.94
45912,Historical,162372,0,0,S,4,1,15549,60,2010,50,37.4,38.83
45914,Historical,339573,0,0,S,2,1,1154115,149,2008,20,47.49,79.94
45916,Historical,541681,0,0,S,2,1,89876,283.5,2012,62,63.71,77.99
45918,Historical,525286,0,0,S,2,1,316950,68.5,2008,29,22.8,46.17
45919,Historical,526862,0,0,S,2,1,193495,95,2010,41,53.99,61.94
45920,Historical,525512,0,0,S,3,1,162585,70,2009,30,42.49,52.75
45922,Historical,655111,0,0,S,3,1,478419,133,2013,23,76.01,79.25
45925,Historical,1568560,0,0,S,5,1,654677,165,2010,4,0,74.86
45928,Historical,339855,0,0,S,4,1,527091,149,2009,39,83.05,76.99
45930,Historical,653500,0,0,S,1,0,420813,86.5,2009,26,48.66,68.02
45933,Historical,638418,0,0,S,3,1,184539,145,2011,29,52.18,83.98
45934,Historical,339910,0,0,S,8,1,2495516,70.71,2010,16,81.91,66.09
45935,Historical,163014,0,0,S,4,1,245656,84.38,2009,13,122.04,93.98
45937,Historical,753030,0,0,S,4,1,1120572,114.24,2010,20,0,602.99
45938,Historical,290235,0,0,S,2,1,373099,159.75,2010,31,66,142.09
45941,Historical,541753,0,0,S,3,1,1151372,158,2011,18,67.99,106.74
45943,Historical,623173,0,0,S,2,1,598531,75,2010,16,29.88,74.99
45945,Historical,753442,0,0,S,11,1,729649,189,2012,13,84.95,122.97
45946,Historical,616863,0,0,S,3,1,32974,251.5,2011,50,56.39,83.98
45948,Historical,163165,0,0,S,2,1,62513,52.95,2011,49,40.27,28.98
45949,Historical,861841,0,0,S,3,1,1368073,90.95,2013,17,61.25,40.27
45950,Historical,1570003,0,0,S,4,1,176671,399.95,2015,4,0,239.96
45951,Historical,524937,0,0,S,2,1,155777,114,2011,26,53.98,68.49
45952,Historical,566133,0,0,S,7,1,323015,70,2011,28,0,0
45953,Historical,753788,0,0,S,2,1,1538741,85.95,2012,16,53.58,62.65
45954,Historical,663956,0,0,S,2,1,486804,43.95,2013,12,21.98,35.43
45956,Historical,628272,0,0,S,3,1,558324,94.95,2011,32,52.07,47.59
45957,Historical,527893,0,0,S,5,1,905032,98.95,2010,20,37.89,62.55
45959,Historical,566166,0,0,S,2,1,1194268,195,2012,18,172.02,150.95
45960,Historical,652294,0,0,S,3,1,35383,46,2013,33,32.71,29.34
45962,Historical,755322,0,0,S,2,1,643832,156,2004,27,84.99,109.7
45963,Historical,290250,0,0,S,2,1,659431,165,2003,47,25.97,97.85
45964,Historical,566211,0,0,S,3,1,93687,150,2012,33,57.23,88.07
45965,Historical,530226,0,0,S,3,1,355562,75,2012,38,42.87,41.4
45967,Historical,447480,0,0,S,3,1,269794,125,2010,31,43.03,64.73
45968,Historical,541834,0,0,S,6,1,527957,226.5,2012,43,106.77,103.84
45970,Historical,531317,0,0,S,2,1,472408,147,2010,42,91.74,88.98
45971,Historical,526778,0,0,S,3,1,85495,55,2011,25,28.5,38.61
45972,Historical,658195,0,0,S,2,1,228981,76,2012,12,44.61,59.92
45973,Historical,756086,0,0,S,8,1,469443,80.75,2011,9,0,67.89
45975,Historical,1571008,0,0,S,4,1,887630,100,2011,22,36.98,48
45976,Historical,663225,0,0,S,5,1,641782,359.99,2013,13,250.66,238.72
45978,Historical,647984,0,0,S,2,1,971900,75,2011,17,44.99,53.37
45979,Historical,541874,0,0,S,5,1,684188,176,2012,15,45.69,123.19
45981,Historical,2560387,0,0,S,3,1,926179,357,1980,29,0,223.95
45983,Historical,2564049,0,0,S,1,0,1497065,999.11,1977,18,83.49,523.06
45984,Historical,621743,0,0,S,2,1,84124,170,1998,31,20.41,74.52
45986,Historical,757919,0,0,S,2,1,1309542,100,2002,21,0,0
45987,Historical,617852,0,0,S,1,0,370685,221,2001,33,0,0
45988,Historical,2565813,0,0,S,2,1,1140632,275,1981,9,60.66,261.07
45989,Historical,2566236,0,0,S,3,1,1445197,150,1997,14,137.41,112.41
45991,Historical,290432,0,0,S,2,1,579214,160,2003,27,39.47,103.98
45992,Historical,622805,0,0,S,4,1,33969,75,2002,39,91.3,39.35
45993,Historical,638452,0,0,S,2,1,497630,335,1982,25,0,183.99
45994,Historical,634363,0,0,S,3,1,1505347,171,2003,21,44.79,163.62
45995,Historical,648016,0,0,S,2,1,1384094,250,2002,34,97.96,171.47
45996,Historical,645427,0,0,S,2,1,905891,233,2005,19,155.09,154.73
45997,Historical,405808,0,0,S,8,1,49096,219.5,2004,50,63.99,81.43
45998,Historical,165480,0,0,S,5,1,954490,275,2003,17,0,394.55
45999,Historical,165509,0,0,S,2,1,1515292,163,2005,17,10.98,108.99
46000,Historical,760087,0,0,S,2,1,1306841,249,2003,14,115.12,77.53
46001,Historical,760100,0,0,S,2,1,1030087,198,2002,26,0,133.49
46003,Historical,1571226,0,0,S,3,1,1435624,214,2007,15,124.98,152.13
46005,Historical,636424,0,0,S,2,1,1552494,199,1996,24,128.64,139.3
46006,Historical,2572318,0,0,S,3,1,1635397,221,1994,21,0,53.6
46008,Historical,166531,0,0,S,2,1,82572,120,2005,51,40.62,65.22
46009,Historical,643006,0,0,S,2,1,1577579,169,2005,21,59.89,124.76
46010,Historical,891576,0,0,S,3,1,2771462,99,2004,12,98.99,73.79
46011,Historical,566762,0,0,S,3,1,510376,125,2006,49,46.61,99.12
46012,Historical,167024,0,0,S,3,1,31869,99,2006,90,34.24,42.77
46013,Historical,761882,0,0,S,3,1,1526603,182,2006,24,136.98,144.62
46014,Historical,659227,0,0,S,2,1,1716561,147,2005,22,85.44,98.51
46015,Historical,908003,0,0,S,2,1,476571,0,2005,18,122.17,96.07
46016,Historical,344558,0,0,S,2,1,1592196,127.95,2006,25,88.69,94.39
46017,Historical,2576574,0,0,S,1,0,373350,155,1989,19,63.93,113.4
46018,Historical,622410,0,0,S,2,1,233699,236.25,1985,53,63.98,128.13
46020,Historical,919500,0,0,S,6,1,54341,154.95,2003,36,28.21,71.43
46021,Historical,893536,0,0,S,6,1,1053000,89.95,2007,18,0,80.9
46023,Historical,1574684,0,0,S,8,1,563108,46.95,2008,4,0,203.94
46024,Historical,50608,0,0,S,16,1,253294,314.95,2008,32,163.15,63.99
46025,Historical,169955,0,0,S,2,1,1011761,117.95,2010,31,67.99,77.99
46026,Historical,170041,0,0,S,2,1,206904,160.95,2009,47,85.99,98.98
46027,Historical,1575013,0,0,S,3,1,1468923,107.95,2010,10,82.44,91.01
46028,Historical,55635,0,0,S,10,1,1275281,181.95,2009,23,92.89,33.99
46029,Historical,527568,0,0,S,9,1,283263,131.95,2011,36,190.79,79.94
46032,Historical,878606,0,0,S,6,1,1510191,220.95,2010,13,90.53,89.99
46034,Historical,51893,0,0,S,9,1,116649,276.95,2011,31,63.99,92.62
46035,Historical,170212,0,0,S,6,1,343862,183.95,2010,35,79.21,52.18
46040,Historical,2586521,0,0,S,2,1,853347,59.99,2005,18,0,52.59
46041,Historical,568283,0,0,S,2,1,1264478,84.99,2009,17,49.7,60.97
46042,Historical,346932,0,0,S,2,1,4183713,151,2010,14,47.99,126.95
46045,Historical,1583300,0,0,S,18,1,50426,47.75,2011,55,45.58,31.14
46046,Historical,528290,0,0,S,2,1,141683,105,2011,44,61.38,63.19
46047,Historical,1585161,0,0,S,1,0,91216,155,2010,24,49.98,92.56
46048,Historical,2590651,0,0,S,0,0,229417,64.95,1982,6,0,0
46049,Historical,1585870,0,0,S,3,1,786835,69.99,2014,25,26.35,38.99
46050,Historical,2594032,0,0,S,2,1,732495,69.99,1985,29,33.99,54.78
46052,Historical,2595736,0,0,S,2,1,1317677,64.99,1988,17,0,51.94
46053,Historical,2595815,0,0,S,4,1,822303,94.99,1989,26,40.12,66.49
46054,Historical,2597602,0,0,S,0,0,562210,174.99,1993,19,70.8,110.53
46055,Historical,2598089,0,0,S,1,0,841316,139.99,1992,19,51.13,54.93
46056,Historical,542137,0,0,S,2,1,171343,120,1995,33,0,97.33
46057,Historical,173640,0,0,S,2,1,56756,99.99,2010,56,51.44,68.66
46058,Historical,2603709,0,0,S,0,0,1089134,89.99,2005,17,0,81.19
46059,Historical,912423,0,0,S,2,1,692036,69.99,1996,30,22.46,54.62
46060,Historical,2607476,0,0,S,3,1,872795,158.13,2005,1,0,43.94
46061,Historical,2608248,0,0,S,2,1,1876683,140,2000,16,77.15,82.99
46062,Historical,1587534,0,0,S,2,1,1538269,84.99,2009,23,68.99,74.22
46063,Historical,2609725,0,0,S,1,0,1110146,59.99,1999,16,0,46.49
46064,Historical,347486,0,0,S,2,1,1198328,59.99,1999,18,0,45.97
46065,Historical,2610100,0,0,S,2,1,2129405,74.99,1999,25,48.52,60.39
46066,Historical,2610750,0,0,S,2,1,893085,49.99,2000,18,0,44.51
46067,Historical,569105,0,0,S,3,1,2190171,59.99,2008,58,33.64,45.53
46068,Historical,530116,0,0,S,2,1,288056,69.99,2010,35,43.97,52.06
46069,Historical,1589646,0,0,S,3,1,220381,64.99,2009,28,10.96,23.93
46071,Historical,1589789,0,0,S,10,1,535116,59.99,2008,21,0,47.35
46072,Historical,526058,0,0,S,2,1,327967,54.99,2009,36,46.36,45
46077,Historical,569207,0,0,S,2,1,83565,49.99,2001,87,33.99,34.98
46078,Historical,291395,0,0,S,2,1,539946,105,2002,52,13.98,64.85
46079,Historical,1591896,0,0,S,2,1,1328756,105,2007,27,55.03,79.38
46080,Historical,2615201,0,0,S,0,0,192066,144.99,2004,21,50.17,50.89
46081,Historical,454652,0,0,S,2,1,503907,170,2009,19,39.4,65.34
46082,Historical,1592387,0,0,S,3,1,388891,135,2008,20,22.24,135.34
46083,Historical,1592784,0,0,S,3,1,219018,115,2006,15,0,109.6
46084,Historical,291423,0,0,S,1,0,228508,135,2007,18,49.74,88.79
46085,Historical,897275,0,0,S,2,1,761589,89.99,2014,13,43.94,71.31
46087,Historical,175969,0,0,S,4,1,111264,99.99,2009,52,53.99,65.99
46088,Historical,542193,0,0,S,1,0,1152524,94.99,2008,23,55.65,69.15
46089,Historical,542194,0,0,S,3,1,303939,99.99,2007,55,48.98,76.95
46090,Historical,1594227,0,0,S,1,0,550283,195,2008,25,95.53,164.27
46091,Historical,1594456,0,0,S,1,0,298435,120,2009,30,65.45,83
46093,Historical,1595620,0,0,S,2,1,1155044,59.99,2014,12,33.23,35.14
46095,Historical,176896,0,0,S,2,1,162136,192.95,2000,17,26.03,101.55
46096,Historical,569590,0,0,S,2,1,901679,285.95,2002,18,43.98,171.03
46097,Historical,177647,0,0,S,3,1,55306,108.95,2004,43,42.99,48.81
46098,Historical,406421,0,0,S,2,1,266553,217.95,2003,44,55.98,52.99
46099,Historical,570146,0,0,S,3,1,1145997,115.8,2007,13,0,96.49
46101,Historical,766323,0,0,S,3,1,1272337,54.95,2009,4,34.09,57.95
46102,Historical,178628,0,0,S,4,1,145139,114.95,2010,28,58.96,53.99
46103,Historical,178644,0,0,S,4,1,22941,125.95,2011,56,82.99,98.99
46104,Historical,766417,0,0,S,10,1,1018373,121,2011,8,153.99,84.98
46105,Historical,878611,0,0,S,17,1,420425,169.95,2011,35,163.15,103.94
46106,Historical,178874,0,0,S,8,1,169272,94.95,2010,42,22.99,89.8
46107,Historical,893366,0,0,S,4,1,1035998,345.95,2013,15,117.03,284.94
46110,Historical,768138,0,0,S,1,0,1221395,113.7,2010,16,69.42,79.97
46111,Historical,1604579,0,0,S,1,0,670744,77.5,2012,20,130.17,65.84
46113,Historical,530098,0,0,S,11,1,498712,114.8,2009,26,20.09,78.99
46115,Historical,571123,0,0,S,3,1,1394908,112.6,2009,36,78.99,106.71
46116,Historical,180745,0,0,S,5,1,725572,50.67,2010,20,48.9,48.3
46119,Historical,769462,0,0,S,12,1,1511364,100.95,2001,18,93.84,150.89
46121,Historical,771663,0,0,S,4,1,637363,91.64,2004,4,0,96.75
46122,Historical,772014,0,0,S,8,1,547621,38.95,2007,17,143.23,83.99
46123,Historical,876322,0,0,S,7,1,3112555,159.96,2006,15,91.59,75.12
46126,Historical,859541,0,0,S,1,0,288438,111.1,2007,28,16.89,52.89
46128,Historical,1623286,0,0,S,5,1,1467101,100.53,2007,17,0,58.66
46129,Historical,2648906,0,0,S,2,1,1701770,83.95,2001,18,54.56,56.56
46130,Historical,2650079,0,0,S,5,1,1634201,132.99,2002,18,49.12,53.98
46131,Historical,2650089,0,0,S,5,1,10065279,67.95,2001,11,52.97,67.38
46132,Historical,184668,0,0,S,3,1,746063,113,2001,20,0,0
46133,Historical,184770,0,0,S,2,1,751641,109.8,2007,25,0,103.65
46136,Historical,608873,0,0,S,3,1,35334,49.99,2010,43,33.49,35.29
46137,Historical,860474,0,0,S,4,1,252096,39.99,2011,24,16.53,87.44
46138,Historical,1625271,0,0,S,7,1,183003,59.99,2015,17,48.03,39.27
46139,Historical,573163,0,0,S,2,1,84169,100,2010,14,0,80.5
46141,Historical,187951,0,0,S,2,1,2332655,99.95,1998,20,149.97,127.06
46146,Historical,663226,0,0,S,2,1,1054134,75,2013,16,68.1,52.89
46148,Historical,1629822,0,0,S,5,1,1556347,76.95,2009,48,40.24,60.82
46149,Historical,665552,0,0,S,3,1,144202,75.95,2010,22,55.08,48.66
46150,Historical,628649,0,0,S,2,1,807694,100,2011,20,63.74,66.43
46151,Historical,530677,0,0,S,4,1,984633,85.95,2011,31,31.99,36.29
46152,Historical,542513,0,0,S,5,1,416447,68.95,2012,20,48.99,45.74
46153,Historical,653623,0,0,S,6,1,396872,79.95,2013,23,45.04,41.37
46154,Historical,867283,0,0,S,3,1,13759,93.99,2014,59,53.97,60.88
46156,Historical,1629993,0,0,S,14,1,1171600,72.95,2012,20,66.96,58.4
46157,Historical,1630004,0,0,S,6,1,1302418,57.95,2012,16,48.77,23.99
46158,Historical,3557946,0,0,S,8,1,227111,259.99,2016,0,0,248.42
46159,Historical,649097,0,0,S,1,0,195633,200,2008,18,47.69,98.63
46160,Historical,1630864,0,0,S,0,0,137414,59.95,2013,14,28.98,43.97
46163,Historical,293035,0,0,S,3,1,650277,168.25,2006,20,0,0
46164,Historical,859003,0,0,S,3,1,65603,79.95,2003,64,27.54,81.99
46165,Historical,659268,0,0,S,1,0,602821,166.75,2013,22,0,91.61
46166,Historical,192118,0,0,S,4,1,2895479,138.92,2008,15,148.36,89.62
46167,Historical,774474,0,0,S,4,1,3106002,291,2005,17,8.98,60.68
46168,Historical,650876,0,0,S,2,1,1523701,235.95,2006,13,133.98,298.99
46169,Historical,774614,0,0,S,3,1,11038529,110,2000,7,10.97,65.49
46173,Historical,864088,0,0,S,2,1,1040420,87.95,2011,20,81.58,78.75
46174,Historical,858304,0,0,S,7,1,615418,123,2013,16,52.56,96.94
46175,Historical,893263,0,0,S,7,1,731896,87.95,2014,17,65.04,75.51
46176,Historical,633817,0,0,S,3,1,176239,215,2012,42,33.24,92.75
46179,Historical,615192,0,0,S,6,1,79478,221,2011,46,4.96,63.45
46181,Historical,193961,0,0,S,4,1,283952,112,2003,35,36.97,75.37
46182,Historical,293276,0,0,S,3,1,790087,54,2008,46,32.04,87.97
46183,Historical,914853,0,0,S,4,1,47609,89,2014,29,57.99,42.94
46185,Historical,542634,0,0,S,4,1,413014,51,2012,14,0,0
46188,Historical,667097,0,0,S,0,0,28935,70.99,2006,17,39.99,43.29
46189,Historical,1645612,0,0,S,2,1,9115380,100,2008,12,22.26,63.79
46190,Historical,1645741,0,0,S,2,1,5616927,85,2008,13,48.09,93.99
46191,Historical,195202,0,0,S,2,1,5125208,80,2010,8,39.09,80
46197,Historical,575542,0,0,S,6,1,412649,44.95,2009,13,82.07,198.97
46200,Historical,1649370,0,0,S,2,1,1093471,80,2012,14,65.53,76
46201,Historical,196341,0,0,S,2,1,363582,87.95,2003,42,0,70.4
46203,Historical,871837,0,0,S,3,1,8037867,41.95,2001,17,54.33,71.05
46204,Historical,2698064,0,0,S,4,1,1507549,225,2001,17,0,58.68
46205,Historical,2698108,0,0,S,2,1,680078,77.95,2002,17,74.89,124.69
46206,Historical,2698757,0,0,S,4,1,1721166,118,2005,18,42.92,103.15
46207,Historical,2698955,0,0,S,2,1,4171871,119,1999,12,122.19,102.56
46210,Historical,1651487,0,0,S,3,1,1265981,108,2008,21,74.89,75
46213,Historical,1655998,0,0,S,9,1,177638,70,2006,10,0,47.94
46214,Historical,901074,0,0,S,6,1,806546,98.27,2003,14,34.99,86.66
46215,Historical,575908,0,0,S,3,1,893464,68.74,2008,16,0,83.99
46217,Historical,630549,0,0,S,2,1,182111,106.79,2009,30,55.88,61.29
46220,Historical,1658828,0,0,S,2,1,1083289,41.99,2011,16,90.13,94.87
46223,Historical,2719064,0,0,S,2,1,1379785,89,1992,24,116.98,116.89
46224,Historical,2722088,0,0,S,2,1,4338914,109,2005,14,0,51.92
46225,Historical,899617,0,0,S,2,1,349703,222,2001,17,78.94,222
46226,Historical,2722240,0,0,S,1,0,1300837,60,2004,9,0,46.69
46228,Historical,2722636,0,0,S,2,1,1648992,129,2002,7,0,105.01
46229,Historical,199460,0,0,S,2,1,5458436,151,2002,11,94.84,69.51
46230,Historical,200054,0,0,S,2,1,586216,264.95,2005,24,3.91,109.97
46235,Historical,200394,0,0,S,3,1,82345,149.95,2008,54,75.48,67.81
46239,Historical,366549,0,0,S,2,1,194792,98.95,2009,70,31.99,58.61
46244,Historical,200547,0,0,S,3,1,190516,137.95,2010,27,29.93,48.98
46248,Historical,200587,0,0,S,5,1,438870,80.95,2010,23,33.99,36.85
46249,Historical,200594,0,0,S,5,1,1262066,79.95,2010,22,0,127.73
46251,Historical,649931,0,0,S,2,1,301386,139.95,2011,24,67.88,59.67
46253,Historical,778817,0,0,S,2,1,1720874,99.43,2011,18,0,203.85
46255,Historical,781239,0,0,S,5,1,908067,79.95,2004,11,43.88,62.99
46256,Historical,2737531,0,0,S,0,0,1113505,59.95,2005,16,0,45.96
46258,Historical,917869,0,0,S,2,1,132239,64.95,2014,35,0,0
46263,Historical,202375,0,0,S,1,0,595258,105.95,2001,13,0,62.7
46265,Historical,663238,0,0,S,4,1,53251,49,2013,19,36.61,50.99
46266,Historical,898968,0,0,S,4,1,111376,49,2013,7,45.27,49
46267,Historical,909083,0,0,S,4,1,134937,49,2013,27,29.99,45
46269,Historical,2748863,0,0,S,2,1,1488225,249,1995,16,2696.01,78.53
46270,Historical,2748898,0,0,S,2,1,511111,242,1999,29,28.99,88.83
46272,Historical,203388,0,0,S,2,1,590986,163.95,2002,16,18.31,73.49
46273,Historical,789355,0,0,S,2,1,977109,218.99,2005,15,48.42,29.37
46274,Historical,2751184,0,0,S,4,1,484631,569.99,2002,0,0,0
46275,Historical,2751192,0,0,S,4,1,510279,549.99,2004,0,0,0
46276,Historical,2751196,0,0,S,4,1,426168,549.99,2004,0,0,0
46277,Historical,203836,0,0,S,3,1,2780470,139.99,2007,17,98.99,287.28
46280,Historical,627518,0,0,S,3,1,1239716,288.99,2008,18,0,0
46281,Historical,627149,0,0,S,2,1,2011116,112.99,2007,49,66.99,70.09
46282,Historical,789723,0,0,S,3,1,1568593,249.99,2008,26,113.74,150.06
46289,Historical,577616,0,0,S,2,1,533624,88.7,1999,17,0,89.5
46293,Historical,1689781,0,0,S,3,1,404614,179,2007,37,128.99,180.72
46296,Historical,2765807,0,0,S,2,1,1822429,249,2000,24,260.9,93.48
46298,Historical,1690749,0,0,S,3,1,167048,90,2011,9,0,57.75
46299,Historical,870028,0,0,S,7,1,115224,60,2013,24,50.06,42.98
46302,Historical,294762,0,0,S,1,0,625959,85,1998,21,45.14,149.33
46304,Historical,210496,0,0,S,21,1,170367,50,2000,11,0,26.18
46307,Historical,578966,0,0,S,5,1,1145931,89,2011,17,0,88.98
46309,Historical,870548,0,0,S,5,1,155969,58.95,2014,45,38.59,27.49
46310,Historical,649752,0,0,S,4,1,220674,97.95,2012,26,0,0
46311,Historical,1696731,0,0,S,3,1,430012,54.95,2014,15,0,33.88
46313,Historical,869534,0,0,S,6,1,1142948,98.95,2013,5,0,98.95
46314,Historical,1696765,0,0,S,2,1,1362879,73.95,2015,5,0,66.47
46315,Historical,1696768,0,0,S,4,1,49916,47.95,2014,25,0,38.09
46318,Historical,635056,0,0,S,2,1,484724,209.2,2010,35,66.02,137.97
46319,Historical,212572,0,0,S,3,1,131829,177.8,2001,62,66.74,102.94
46320,Historical,212582,0,0,S,4,1,810317,187.4,2002,29,46.92,89.84
46321,Historical,212847,0,0,S,2,1,1617128,71.95,1996,23,0,52.74
46322,Historical,579544,0,0,S,0,0,196378,83.95,2000,20,0,74.93
46323,Historical,2802023,0,0,S,3,1,739379,115,1997,20,43.91,78.99
46324,Historical,653816,0,0,S,2,1,1044559,76.95,2000,21,73.94,58.99
46325,Historical,213108,0,0,S,0,0,908028,49.95,2005,17,0,45.32
46326,Historical,213168,0,0,S,4,1,2049613,110,2006,22,11.19,43.36
46333,Historical,642180,0,0,S,5,1,311419,52,2012,32,13.99,38.99
46334,Historical,612493,0,0,S,5,1,183927,42,2014,32,32.05,31.33
46335,Historical,634560,0,0,S,7,1,231067,116.2,1992,29,38.94,89.95
46336,Historical,2816425,0,0,S,0,0,181322,59,1989,15,0,59.05
46340,Historical,1710492,0,0,S,6,1,189816,119.95,2010,13,44.78,83.91
46345,Historical,2827781,0,0,S,2,1,2272295,99,1993,19,28.63,51.17
46348,Historical,658539,0,0,S,4,1,329554,48,2009,18,0,0
46350,Historical,220680,0,0,S,5,1,267138,66,2009,30,37.54,53.99
46351,Historical,1715074,0,0,S,2,1,781808,115,2009,14,0,68.99
46363,Historical,858345,0,0,S,3,1,12443,100,2014,28,63.99,73.41
46364,Historical,1719892,0,0,S,0,0,76430,75,2009,24,66.91,56.25
46365,Historical,1720991,0,0,S,29,1,536048,181.95,2012,8,0,179.49
46367,Historical,891389,0,0,S,2,1,6830104,99,2001,12,102.99,52.98
46368,Historical,2841478,0,0,S,4,1,283620,236.8,1988,9,0,180.2
46369,Historical,889071,0,0,S,9,1,101173,79.95,2014,21,60.9,53.97
46370,Historical,224350,0,0,S,7,1,634421,134.95,2002,14,8.08,75.63
46371,Historical,296038,0,0,S,6,1,836586,113.95,2003,51,18.99,51.62
46372,Historical,831458,0,0,S,5,1,1255036,104.24,2003,18,96.55,104.24
46373,Historical,658362,0,0,S,3,1,774424,57,2011,28,49.11,56.99
46377,Historical,543372,0,0,S,10,1,347024,38.95,2013,12,35.29,36.94
46378,Historical,861230,0,0,S,10,1,1531671,99.95,2013,18,69.99,99.94
46379,Historical,543374,0,0,S,10,1,1108215,54.95,2013,8,69.99,54.94
46380,Historical,582992,0,0,S,3,1,1452385,114.95,2011,20,94.14,83.99
46385,Historical,2851260,0,0,S,4,1,377985,297,2005,21,0,223.69
46386,Historical,225725,0,0,S,4,1,350768,297,2003,24,245.93,198.98
46387,Historical,2851507,0,0,S,2,1,229803,167.95,2005,30,0,95.15
46389,Historical,859444,0,0,S,2,1,1304495,231,2006,15,123.98,80.99
46390,Historical,528528,0,0,S,3,1,190681,79.95,2007,71,36.45,57.25
46391,Historical,226062,0,0,S,2,1,1632995,154.95,2006,20,93.99,91.99
46392,Historical,656782,0,0,S,3,1,344724,209.95,2000,19,0,159.73
46394,Historical,895763,0,0,S,2,1,358027,320,2006,21,153.48,198.08
46395,Historical,1726248,0,0,S,2,1,563797,185,2013,12,117.99,125.44
46398,Historical,1726921,0,0,S,0,0,1032018,79.95,2011,19,87.15,49.94
46399,Historical,526871,0,0,S,2,1,1424179,129,2011,23,113.77,167.12
46401,Historical,862542,0,0,S,2,1,908763,89.95,1990,24,0,133.19
46409,Historical,654701,0,0,S,2,1,292067,69.95,2009,17,0,0
46411,Historical,1731768,0,0,S,31,1,2549124,149.95,2007,13,76.19,33.67
46415,Historical,2869914,0,0,S,2,1,116269,59.95,2002,12,0,98.99
46416,Historical,526262,0,0,S,3,1,184437,58.25,2011,24,44.2,46.99
46418,Historical,648424,0,0,S,5,1,1144631,161.01,2011,11,171.47,288.99
46419,Historical,902347,0,0,S,3,1,397190,81.95,2010,15,126.49,68.48
46420,Historical,2875226,0,0,S,5,1,878045,210,2012,2,0,210
46422,Historical,898943,0,0,S,43,1,330094,49.95,2013,24,29.49,93.94
46423,Historical,892654,0,0,S,43,1,842697,49.95,2013,17,29.49,84.89
46425,Historical,2877183,0,0,S,5,1,162486,128,1999,23,114.97,74.69
46426,Historical,1733812,0,0,S,7,1,562621,100,2008,24,0,130.99
46428,Historical,861953,0,0,S,3,1,124666,94,2014,20,67.91,69.47
46430,Historical,626439,0,0,S,2,1,71111,70,2004,22,0,66.99
46438,Historical,622776,0,0,S,0,0,122981,100,2005,25,35.88,203.99
46444,Historical,1736824,0,0,S,0,0,205775,49.99,2009,18,36.97,45.83
46445,Historical,1737009,0,0,S,2,1,1313240,157.99,2007,13,0,109.65
46448,Historical,2896985,0,0,S,1,0,545559,49.95,2003,16,55.95,123.92
46451,Historical,875535,0,0,S,5,1,2525612,122.57,2008,11,74.81,118.9
46454,Historical,2901202,0,0,S,3,1,555064,49.95,2001,23,70.49,97.9
46455,Historical,651973,0,0,S,4,1,632980,49.95,2007,28,63.96,201.94
46457,Historical,1741238,0,0,S,2,1,724956,99.95,2009,15,0,56.83
46460,Historical,1741877,0,0,S,3,1,46651,0,2014,1,0,20
46462,Historical,1742244,0,0,S,5,1,674272,69,2010,14,0,68.99
46464,Historical,666437,0,0,S,5,1,1203340,69.95,2005,24,48.14,91.45
46468,Historical,1743158,0,0,S,22,1,203220,79.95,2014,18,38.94,47.09
46470,Historical,243036,0,0,S,3,1,182187,98.5,2004,42,32.08,49.92
46477,Historical,1753823,0,0,S,5,1,80249,199.95,2014,17,0,112.3
46478,Historical,379559,0,0,S,3,1,52018,49.95,2010,33,42.32,47.45
46484,Historical,1762412,0,0,S,2,1,454261,0,2014,0,55.95,58.95
46486,Historical,1765554,0,0,S,2,1,1239410,165,2014,12,0,120.94
46488,Historical,490977,0,0,S,1,0,1017455,145,2012,13,0,78.99
46490,Historical,535909,0,0,S,3,1,966829,110,2013,29,0,87.49
46492,Historical,869607,0,0,S,2,1,467424,99,2015,17,29.98,95.92
46496,Historical,2916542,0,0,S,2,1,230839,79.99,2015,12,0,67.81
46497,Historical,862360,0,0,S,3,1,102606,49.99,2014,25,43.38,46.9
46498,Historical,867331,0,0,S,7,1,110197,74.99,2014,36,63,56.89
46499,Historical,1768015,0,0,S,4,1,296932,49.75,2013,7,0,36.11
46500,Historical,1768323,0,0,S,0,0,109251,60.9,2014,13,56.67,44.43
46501,Historical,1768355,0,0,S,2,1,81851,60.9,2014,26,50.92,44.43
46504,Historical,1768751,0,0,S,2,1,998743,79.99,2013,16,60.84,63.55
46510,Historical,885332,0,0,S,2,1,1882484,283.5,2010,20,88.79,203.94
46513,Historical,243938,0,0,S,4,1,1269869,204.95,2010,16,132.9,221.95
46514,Historical,543763,0,0,S,6,1,700958,141.95,2011,25,41.88,98.99
46516,Historical,795231,0,0,S,10,1,1619865,144.95,2011,11,116.42,78.99
46520,Historical,795438,0,0,S,3,1,1166074,169.95,2011,22,98.77,104.85
46521,Historical,656911,0,0,S,7,1,931859,339.95,2013,15,185.24,303.89
46522,Historical,587657,0,0,S,5,1,1580994,216.95,2011,16,4.98,137.88
46523,Historical,244146,0,0,S,4,1,470729,105.95,2011,37,38.99,85.53
46525,Historical,587667,0,0,S,4,1,26308,73.95,2012,61,32.55,57.9
46527,Historical,795647,0,0,S,3,1,367214,154.95,2012,9,11.79,69.98
46528,Historical,1773003,0,0,S,7,1,914381,161.95,2012,11,0,119.59
46529,Historical,795743,0,0,S,8,1,3304199,52.98,2011,11,107.4,51.57
46530,Historical,543846,0,0,S,2,1,408495,158.95,2012,41,23.86,67.68
46531,Historical,880583,0,0,S,9,1,373083,386.95,2013,16,146.99,363.98
46532,Historical,587689,0,0,S,12,1,646486,66.95,2011,16,33.99,52.85
46533,Historical,1773264,0,0,S,5,1,1743685,224.95,2011,5,0,233.95
46534,Historical,587700,0,0,S,5,1,526826,91.95,2012,15,4,70.97
46537,Historical,860381,0,0,S,8,1,399211,240.5,2011,14,183.98,79.05
46538,Historical,587753,0,0,S,3,1,53848,44.99,2012,30,23.3,29.02
46540,Historical,244330,0,0,S,2,1,1299869,101.5,2010,16,31.92,68.98
46543,Historical,663259,0,0,S,1,0,359366,90,2013,12,0,67.6
46545,Historical,637731,0,0,S,2,1,574901,85,2012,27,15.75,58.91
46547,Historical,244350,0,0,S,4,1,380683,110,2011,28,33.79,61.11
46548,Historical,535847,0,0,S,4,1,3898,45,2012,53,24.32,24.87
46549,Historical,642191,0,0,S,2,1,323101,100,2012,22,38.99,53.69
46550,Historical,525267,0,0,S,5,1,68346,65,2012,14,0,39.43
46551,Historical,864866,0,0,S,3,1,918051,164,2012,17,45.99,39.64
46552,Historical,543924,0,0,S,6,1,103354,65,2013,18,45.42,45.61
46553,Historical,860743,0,0,S,10,1,478370,187.5,2012,32,113.95,125.87
46554,Historical,897116,0,0,S,10,1,782060,186.25,2012,14,174.49,128.98
46555,Historical,625619,0,0,S,3,1,945450,90,2013,59,4.5,53.39
46556,Historical,662309,0,0,S,10,1,992399,132,2012,19,116.13,93.3
46558,Historical,1778185,0,0,S,3,1,2871133,51.95,2014,15,42.63,36.61
46561,Historical,1778291,0,0,S,2,1,2186412,81,2013,6,65.89,57.59
46563,Historical,644428,0,0,S,5,1,487686,59,2013,20,37.8,40.9
46564,Historical,861532,0,0,S,3,1,1624808,150,2013,25,93.97,92.98
46565,Historical,655151,0,0,S,4,1,682475,43.95,2013,20,36.99,31.86
46566,Historical,535742,0,0,S,5,1,308462,133.5,2012,34,54.64,72
46567,Historical,878841,0,0,S,10,1,1028382,93.75,2012,12,34.46,50.99
46569,Historical,1778651,0,0,S,10,1,445665,200,2012,16,289.45,132.98
46570,Historical,669044,0,0,S,2,1,950894,60,2012,18,25.4,28.96
46572,Historical,649552,0,0,S,4,1,22132,41.5,2013,54,22.69,30.04
46575,Historical,644429,0,0,S,3,1,172919,75,2013,13,0,0
46576,Historical,2918888,0,0,S,5,1,1457327,148.59,2012,5,0,148.79
46577,Historical,864524,0,0,S,3,1,550875,60,2014,16,43.59,33.97
46578,Historical,861333,0,0,S,3,1,522562,182,2013,13,73.45,111.24
46579,Historical,2918915,0,0,S,2,1,526522,135,2015,15,113.63,103.78
46583,Historical,649556,0,0,S,4,1,86056,39.99,2013,21,15.59,25.71
46585,Historical,3633810,0,0,S,5,1,556007,285,2016,7,0,197.94
46586,Historical,644435,0,0,S,1,0,117358,59.99,2013,56,33.99,29.52
46589,Historical,875036,0,0,S,7,1,1115341,136.25,2012,16,71.51,115.69
46594,Historical,1779444,0,0,S,2,1,819078,72.99,2014,15,0,55.35
46595,Historical,2918999,0,0,S,15,1,216102,98.83,2013,2,0,113.85
46596,Historical,664260,0,0,S,11,1,22599,283.5,2013,48,11.34,46.75
46597,Historical,862099,0,0,S,3,1,973865,205.75,2014,14,147.03,156.89
46598,Historical,544124,0,0,S,40,1,858527,75,2013,25,0,85.36
46602,Historical,660815,0,0,S,1,0,42759,54.99,2013,18,30.65,26.98
46603,Historical,876987,0,0,S,11,1,1213103,150,2013,11,110.29,127.13
46607,Historical,861315,0,0,S,7,1,26642,65,2013,29,34.66,31.7
46608,Historical,612164,0,0,S,19,1,1397745,150,2013,3,0,135.17
46609,Historical,612600,0,0,S,19,1,1152024,150,2013,4,0,122.18
46610,Historical,612703,0,0,S,19,1,1274780,150,2013,7,0,73.04
46611,Historical,612652,0,0,S,8,1,43699,193.25,2013,70,182.64,158.59
46612,Historical,1780146,0,0,S,1,0,809785,90,2014,11,0,47.97
46613,Historical,1780173,0,0,S,5,1,159453,44.95,2015,14,0,28.31
46618,Historical,1780385,0,0,S,2,1,107871,110,2014,9,0,64.47
46619,Historical,3634176,0,0,S,2,1,366385,75,2015,11,0,59.19
46620,Historical,898748,0,0,S,1,0,115726,79.99,2014,29,49.98,48.03
46624,Historical,1780883,0,0,S,20,1,221917,575,2014,2,0,149.99
46625,Historical,1780884,0,0,S,20,1,1040101,150,2014,5,0,113.57
46626,Historical,1780885,0,0,S,20,1,412001,150,2014,8,0,99.41
46627,Historical,1780886,0,0,S,20,1,1125060,150,2014,5,0,99.4
46628,Historical,1780887,0,0,S,20,1,578063,150,2014,3,0,93.5
46630,Historical,893051,0,0,S,3,1,87069,55,2015,11,34.72,33.11
46631,Historical,3634467,0,0,S,2,1,105113,50,2016,0,0,43.81
46632,Historical,874945,0,0,S,10,1,957347,168.25,2014,13,151.99,137.21
46633,Historical,892918,0,0,S,9,1,16886,50,2015,21,31.58,31.48
46634,Historical,1781228,0,0,S,3,1,20768,49.99,2015,19,31.62,31.53
46635,Historical,1781283,0,0,S,4,1,272045,99.97,2014,11,56.75,56.64
46636,Historical,1781302,0,0,S,2,1,80102,65,2015,13,50.42,49.77
46637,Historical,3634632,0,0,S,3,1,146248,45,2016,0,0,45
46638,Historical,1781307,0,0,S,1,0,36883,80,2015,15,46.44,43.97
46639,Historical,1781326,0,0,S,6,1,1344979,75,2015,8,48,59.45
46640,Historical,1781345,0,0,S,4,1,422013,79.95,2015,7,0,57.13
46641,Historical,1781348,0,0,S,14,1,500581,65,2015,12,68.31,41.02
46642,Historical,2919581,0,0,S,21,1,333779,150,2015,3,0,109.98
46646,Historical,3634851,0,0,S,7,1,1848674,95,2016,0,0,78.31
46647,Historical,3634951,0,0,S,5,1,211140,60,2016,0,0,60
46650,Historical,654061,0,0,S,7,1,582306,101.95,2012,36,35.09,93.53
46653,Historical,610265,0,0,S,2,1,219088,204.95,2012,34,62.93,136.49
46654,Historical,654063,0,0,S,11,1,401979,157.95,2012,15,152.14,161.95
46656,Historical,535601,0,0,S,7,1,27605,117.95,2013,61,53.45,78.78
46657,Historical,1782909,0,0,S,8,1,1909152,191.95,2012,29,135.41,115.67
46659,Historical,876356,0,0,S,13,1,573446,129.95,2014,23,86.84,113.3
46660,Historical,526057,0,0,S,3,1,909049,71.95,2012,18,140.14,66.81
46661,Historical,587966,0,0,S,14,1,523336,59.95,2012,24,39.28,98.61
46663,Historical,651312,0,0,S,5,1,1306696,138.95,2012,13,141.56,130.55
46664,Historical,533846,0,0,S,4,1,921420,303.95,2012,17,115.45,269.77
46665,Historical,1783263,0,0,S,5,1,1711264,159.95,2012,9,0,141.07
46667,Historical,877012,0,0,S,2,1,200763,235.95,2012,18,166.69,158.41
46668,Historical,897086,0,0,S,4,1,365833,63.95,2015,22,49.3,52.12
46670,Historical,544404,0,0,S,7,1,21532,103.95,2013,37,61.18,92.34
46671,Historical,544409,0,0,S,5,1,919817,52.95,2013,30,12.79,41.99
46672,Historical,544412,0,0,S,9,1,164384,127.95,2013,32,53.09,96.72
46674,Historical,874931,0,0,S,7,1,1471971,240.25,2012,4,109.11,190.95
46675,Historical,544467,0,0,S,3,1,710920,104.95,2013,14,80.34,90.62
46676,Historical,877914,0,0,S,12,1,1256841,151.95,2013,11,127.92,148.99
46677,Historical,1783512,0,0,S,9,1,1200031,136.95,2013,12,0,140.49
46678,Historical,544482,0,0,S,7,1,607829,124.95,2013,25,29.97,104.11
46679,Historical,544484,0,0,S,3,1,327307,111.95,2013,24,71.23,93.87
46683,Historical,1783574,0,0,S,3,1,1515527,142.95,2013,19,0,97.45
46684,Historical,544594,0,0,S,12,1,342061,68.95,2013,25,42.19,17.04
46685,Historical,875241,0,0,S,8,1,622734,174.95,2013,23,67.55,185.95
46686,Historical,1783954,0,0,S,5,1,441926,44,2013,20,26.43,27.57
46689,Historical,1785714,0,0,S,2,1,1158165,52.95,2013,6,49.44,48.09
46691,Historical,913098,0,0,S,3,1,110260,39.95,2014,19,0,31.85
46692,Historical,1786140,0,0,S,3,1,186369,55.95,2015,13,49.96,45.44
46693,Historical,1786311,0,0,S,3,1,424620,38.95,2015,14,38.99,31.6
46695,Historical,898819,0,0,S,3,1,102261,36.95,2014,25,26.34,25.64
46701,Historical,878053,0,0,S,13,1,1373121,156,2013,14,131.61,178.15
46703,Historical,873078,0,0,S,10,1,759863,102.5,2013,11,194.54,53.42
46704,Historical,877645,0,0,S,10,1,574140,46.94,2010,4,73.98,45.5
46705,Historical,1822295,0,0,S,13,1,1430446,56.17,2012,2,0,79.99
46707,Historical,1822324,0,0,S,4,1,69490,40.53,2013,8,0,53.54
46708,Historical,1822345,0,0,S,5,1,479954,39.98,2013,5,0,45.77
46709,Historical,879004,0,0,S,9,1,909080,241.75,2014,25,123.73,162.65
46710,Historical,861496,0,0,S,8,1,937171,269.75,2013,20,151.91,153.98
46711,Historical,908002,0,0,S,2,1,142798,181.75,2014,14,0,103.99
46712,Historical,1822494,0,0,S,4,1,516977,341.5,2014,20,92.99,272.09
46713,Historical,909030,0,0,S,15,1,119991,344,2013,16,138.99,249.95
46714,Historical,890898,0,0,S,17,1,847533,384.5,2014,25,197.36,252.79
46715,Historical,879871,0,0,S,9,1,867846,251.5,2013,11,88.99,103.98
46717,Historical,1822702,0,0,S,4,1,1700799,306,2014,13,113.99,223.95
46718,Historical,2924354,0,0,S,17,1,493151,240.75,2015,19,0,177.48
46720,Historical,1822763,0,0,S,2,1,522717,191.61,2015,14,0,97.09
46721,Historical,2924535,0,0,S,16,1,154259,70.25,2015,18,0,51.88
46722,Historical,3694508,0,0,S,56,1,22803,85,2016,0,0,66.47
46723,Historical,3694644,0,0,S,19,1,118085,79,2016,0,0,47.4
46724,Historical,3694767,0,0,S,15,1,281828,166,2016,10,0,87.94
46725,Historical,870188,0,0,S,2,1,882405,174.8,2013,15,32.05,122.55
46727,Historical,868525,0,0,S,5,1,566488,76.95,2012,33,47.26,48.99
46728,Historical,660827,0,0,S,2,1,797019,73.95,2013,26,27.32,48.07
46730,Historical,1826344,0,0,S,2,1,307832,148.95,2014,27,54.95,55.99
46731,Historical,872472,0,0,S,2,1,123729,83.95,2015,28,29.49,43.7
46732,Historical,878169,0,0,S,8,1,489893,109.95,2014,7,76.04,104.4
46733,Historical,892809,0,0,S,3,1,1208308,126.95,2014,13,70.35,99.91
46737,Historical,868541,0,0,S,3,1,70869,177.95,2015,29,90.96,138.99
46738,Historical,903928,0,0,S,2,1,550699,111.95,2014,30,62.81,71.51
46739,Historical,1826565,0,0,S,7,1,793934,72.95,2014,9,61.77,72.94
46740,Historical,612717,0,0,S,18,1,13327,126.95,2014,64,58.89,73.98
46741,Historical,611864,0,0,S,5,1,1361882,110.95,2013,12,0,66.17
46742,Historical,877858,0,0,S,8,1,1295007,157,2013,9,133.93,99.87
46743,Historical,1826921,0,0,S,8,1,56481,82.95,2014,44,25.57,65.02
46744,Historical,1826979,0,0,S,8,1,1436506,150.95,2013,11,0,145.78
46746,Historical,862074,0,0,S,11,1,47121,161.95,2014,42,77.65,87.27
46747,Historical,1827025,0,0,S,1,0,617989,66.95,2014,18,48.22,47.99
46748,Historical,544829,0,0,S,3,1,36015,44.99,2013,22,27.98,22.01
46749,Historical,1827071,0,0,S,8,1,1524058,95.95,2014,10,4.38,89.21
46750,Historical,861887,0,0,S,10,1,15043,288.95,2014,73,129.71,153.99
46751,Historical,867496,0,0,S,12,1,322062,94.95,2014,18,60.3,74.95
46754,Historical,877898,0,0,S,7,1,777064,120.95,2014,20,141.93,94.51
46756,Historical,861699,0,0,S,3,1,1607139,155.95,2014,25,0,120.47
46757,Historical,1827258,0,0,S,2,1,274505,37.4,2014,10,0,35.82
46759,Historical,867526,0,0,S,7,1,85184,65.95,2014,22,47.98,46.98
46760,Historical,3711295,0,0,S,3,1,569316,100.95,2015,10,0,92.87
46761,Historical,876636,0,0,S,6,1,1277039,201.95,2014,21,105.94,143.63
46763,Historical,1829069,0,0,S,3,1,244533,85.12,2013,1,0,72.66
46764,Historical,1829094,0,0,S,9,1,677969,76.58,2013,1,0,74.37
46765,Historical,1829095,0,0,S,8,1,913150,65.96,2013,2,0,88.99
46766,Historical,1829185,0,0,S,8,1,302760,49.35,2014,6,0,47.7
46767,Historical,880336,0,0,S,14,1,506497,72.95,2014,11,48.85,65.95
46768,Historical,898989,0,0,S,14,1,1312716,157.95,2014,11,131.76,115.86
46769,Historical,877632,0,0,S,9,1,1125956,213.95,2014,17,88.99,161.2
46770,Historical,1829812,0,0,S,9,1,1101888,205.95,2015,29,0,186.81
46771,Historical,865241,0,0,S,4,1,26273,39.99,2014,15,25.54,20.84
46772,Historical,879998,0,0,S,8,1,910081,123.95,2014,9,116.4,128.95
46774,Historical,877441,0,0,S,7,1,1633719,168.95,2014,10,176.98,179.94
46775,Historical,880550,0,0,S,14,1,736301,189.95,2014,13,153.91,93.49
46776,Historical,878088,0,0,S,16,1,965898,196.95,2014,8,186.98,156.18
46777,Historical,1829923,0,0,S,17,1,1112399,169.95,2014,15,0,144.99
46778,Historical,3717582,0,0,S,9,1,617292,120.95,2016,8,0,109.56
46780,Historical,877884,0,0,S,8,1,590064,149.95,2014,15,109.94,103.39
46781,Historical,878690,0,0,S,14,1,1092862,156.95,2014,12,128.88,278.8
46783,Historical,876286,0,0,S,5,1,853503,269.95,2015,12,203.5,228.98
46788,Historical,903706,0,0,S,0,0,75535,49.99,2015,9,33.46,30.26
46791,Historical,245320,0,0,S,5,1,1477272,189,2001,24,0,92.99
46792,Historical,245520,0,0,S,2,1,1058775,109,2008,27,72.46,79.35
46793,Historical,245850,0,0,S,2,1,808542,49.5,2011,29,673.72,34.74
46794,Historical,2940385,0,0,S,1,0,1335355,75.95,2005,20,0,51.4
46795,Historical,246349,0,0,S,3,1,553245,95.95,2005,21,58.94,69.84
46796,Historical,634690,0,0,S,1,0,1650896,113.95,2005,25,0,79.76
46797,Historical,651977,0,0,S,4,1,1550294,318.99,2007,18,0,224.3
46798,Historical,246454,0,0,S,3,1,513431,86.95,2007,33,23.99,43.12
46800,Historical,532560,0,0,S,3,1,228037,141.75,2007,32,35.97,42.7
46801,Historical,1839916,0,0,S,3,1,538449,53.95,2014,23,18.34,36.98
46802,Historical,627387,0,0,S,2,1,175291,114.99,2011,22,37.81,65.5
46803,Historical,246612,0,0,S,2,1,658573,66.95,2010,22,45.94,47.62
46804,Historical,246618,0,0,S,4,1,18329,39.95,2009,29,22.6,25.79
46806,Historical,911794,0,0,S,2,1,824207,49.95,2008,27,26.93,33.21
46807,Historical,522399,0,0,S,3,1,1486710,121,2008,15,0,86.93
46808,Historical,246711,0,0,S,6,1,38205,59.75,2008,54,32.74,33.62
46809,Historical,900965,0,0,S,7,1,2168692,46.99,2008,12,45.21,87.53
46811,Historical,1840942,0,0,S,2,1,582265,67.5,2014,19,51.58,54.04
46812,Historical,1841068,0,0,S,1,0,1151501,95.95,2012,9,0,53.47
46813,Historical,246778,0,0,S,12,1,224991,81.95,2011,54,20.48,29.39
46814,Historical,649112,0,0,S,3,1,219341,54.93,2008,19,0,0
46821,Historical,906778,0,0,S,2,1,1235618,56,2005,14,0,35.96
46822,Historical,247940,0,0,S,2,1,54535,149,2009,49,4,103.99
46823,Historical,592096,0,0,S,2,1,1192964,114,2009,21,69.75,66.1
46824,Historical,386451,0,0,S,2,1,106409,59,2010,39,36.01,43.58
46825,Historical,544952,0,0,S,3,1,127490,61,2008,36,33.61,48.98
46831,Historical,248143,0,0,S,2,1,276980,87,2011,38,73.94,62.26
46832,Historical,248178,0,0,S,3,1,43729,127,2010,72,65.19,78.99
46833,Historical,386484,0,0,S,2,1,1806299,111,2010,14,58.99,109.91
46834,Historical,592164,0,0,S,2,1,263678,95,2012,40,51.45,61.2
46836,Historical,544990,0,0,S,3,1,129926,92,2012,22,35.06,68.62
46837,Historical,545021,0,0,S,4,1,38833,82,2014,29,50.04,66.6
46838,Historical,545023,0,0,S,3,1,91184,65,2012,45,50.48,51.61
46841,Historical,896882,0,0,S,7,1,86535,49.99,2013,20,30.5,33.42
46842,Historical,1855492,0,0,S,16,1,28976,44.99,2015,18,23.99,30.77
46843,Historical,1855495,0,0,S,3,1,34829,39.99,2015,12,0,27.43
46844,Historical,871194,0,0,S,7,1,284097,49.99,2015,18,33.79,33.42
46845,Historical,1855509,0,0,S,12,1,48332,49.99,2015,22,31.93,33.2
46848,Historical,2953725,0,0,S,8,1,6607320,105,2005,10,32.33,39.58
46849,Historical,631686,0,0,S,2,1,1496406,239,2008,28,100.24,138.99
46850,Historical,248964,0,0,S,1,0,1256031,96.95,2007,12,77.79,62.99
46851,Historical,298391,0,0,S,2,1,1000249,168.95,2007,16,104.98,208.43
46853,Historical,298402,0,0,S,18,1,1691295,286.95,2007,16,98.99,102.59
46854,Historical,625342,0,0,S,2,1,1085777,99.95,2008,18,94.56,83.95
46855,Historical,626127,0,0,S,3,1,1426106,400,2010,15,221.4,103.99
46861,Historical,807981,0,0,S,2,1,284933,64.99,2011,11,23.64,53.99
46862,Historical,808073,0,0,S,0,0,1483373,99.99,2012,14,14.52,48.93
46863,Historical,1865238,0,0,S,2,1,252764,69.99,2012,18,33.23,33.72
46864,Historical,880737,0,0,S,13,1,1476919,287.95,2013,8,172.09,293.95
46865,Historical,2959964,0,0,S,2,1,1414202,49,2005,19,0,296.53
46866,Historical,648597,0,0,S,3,1,1659087,159.95,2008,18,106.94,113.99
46868,Historical,496083,0,0,S,6,1,294182,68.95,2008,15,0,0
46872,Historical,592749,0,0,S,4,1,1208757,202,2009,28,0,165.31
46873,Historical,905816,0,0,S,7,1,2662101,97,2008,15,97.89,103.98
46874,Historical,592826,0,0,S,5,1,351710,206,2010,33,58.98,99.65
46875,Historical,665492,0,0,S,7,1,931162,69,2011,20,0,69
46876,Historical,655392,0,0,S,6,1,296428,49,2012,32,25.68,49
46877,Historical,592874,0,0,S,8,1,779935,216,2012,51,25.93,103.72
46878,Historical,3461305,0,0,S,13,1,2704882,88.95,2010,15,48.85,73.51
46879,Historical,251772,0,0,S,4,1,297055,154.95,2008,28,8.44,73.98
46881,Historical,1878788,0,0,S,12,1,356047,33.57,2013,9,0,46.03
46882,Historical,526478,0,0,S,2,1,114674,220.95,2010,45,63.08,66.58
46883,Historical,387473,0,0,S,2,1,1155379,94.95,2008,12,0,117.44
46885,Historical,252036,0,0,S,7,1,1151021,99.95,2008,30,39.44,43.07
46887,Historical,252063,0,0,S,2,1,541764,199.95,2012,24,103.81,91.99
46888,Historical,593538,0,0,S,2,1,330880,143.5,2009,30,0,0
46890,Historical,636793,0,0,S,7,1,1749568,0,2009,23,105.16,103.98
46892,Historical,809085,0,0,S,12,1,531662,0,2011,13,61.99,111.29
46893,Historical,629991,0,0,S,4,1,281374,144.5,2011,44,71.99,100.45
46894,Historical,809170,0,0,S,10,1,35296,225,2014,85,141.25,133.98
46895,Historical,877482,0,0,S,7,1,293423,167.5,2012,18,123.47,129.56
46897,Historical,657045,0,0,S,4,1,2815925,64.99,2011,13,78.39,49.29
46899,Historical,894942,0,0,S,3,1,257223,59.99,2014,18,48.13,42.94
46900,Historical,890907,0,0,S,4,1,653615,59.99,2014,14,0,0
46901,Historical,1890939,0,0,S,0,0,147429,79.99,2015,7,61.92,213.25
46902,Historical,1891047,0,0,S,0,0,134808,79.99,2013,21,76.1,53.08
46903,Historical,1891049,0,0,S,0,0,692751,89.99,2013,15,39.95,63.99
46904,Historical,916513,0,0,S,3,1,187021,89.95,2014,36,52.99,61.06
46905,Historical,527948,0,0,S,2,1,520862,49.95,2010,37,35.98,40.73
46909,Historical,626140,0,0,S,9,1,742265,99.95,2011,20,0,0
46910,Historical,253997,0,0,S,3,1,50704,96.95,2011,36,41.98,66.11
46911,Historical,618957,0,0,S,3,1,286172,99.95,2010,18,64.57,78.84
46912,Historical,629197,0,0,S,4,1,43528,66.95,2012,31,43.94,41.68
46913,Historical,610345,0,0,S,4,1,97820,79.95,2012,19,34.99,60.36
46914,Historical,545290,0,0,S,3,1,329420,94.95,2012,32,46.98,65.67
46916,Historical,1910384,0,0,S,6,1,9872469,215,2009,6,114.54,267.14
46917,Historical,594088,0,0,S,6,1,1246591,207.95,2009,17,180.09,127.71
46925,Historical,811726,0,0,S,2,1,574059,69.95,2013,21,60.89,53.41
46926,Historical,298923,0,0,S,1,0,284454,83.95,2010,24,0,0
46930,Historical,906837,0,0,S,4,1,335780,79.95,2011,28,110.45,57.08
46933,Historical,254318,0,0,S,2,1,483286,81.95,2011,19,44.18,71.25
46935,Historical,889101,0,0,S,3,1,1583328,95.95,2014,12,27.3,74.97
46936,Historical,658256,0,0,S,10,1,426260,114.95,2012,42,73.99,59.34
46937,Historical,610243,0,0,S,4,1,498092,75,2013,22,63.98,65.49
46938,Historical,908106,0,0,S,3,1,1062455,79.95,2009,19,67.99,44.49
46941,Historical,254357,0,0,S,3,1,1235184,229,2010,34,46.2,155.24
46942,Historical,527655,0,0,S,2,1,1417865,99,2010,24,110.51,99
46944,Historical,648659,0,0,S,2,1,2113190,99,2010,21,59.99,66
46945,Historical,254365,0,0,S,2,1,169940,74.95,2011,35,53.5,51.1
46946,Historical,897346,0,0,S,2,1,1589288,79.99,2010,14,83.44,53.32
46947,Historical,534784,0,0,S,2,1,263564,74.95,2010,24,75.2,57.57
46950,Historical,545443,0,0,S,4,1,383345,76,2012,21,52.76,54.54
46956,Historical,1925497,0,0,S,0,0,281667,99.99,2013,8,0,64.48
46957,Historical,639987,0,0,S,5,1,25831,42.95,2011,21,30.97,37.47
46959,Historical,254438,0,0,S,6,1,352895,68.95,2011,26,33.2,38.9
46960,Historical,545488,0,0,S,2,1,475212,57.95,2012,36,28.24,39.22
46961,Historical,545497,0,0,S,2,1,743249,63.95,2012,30,61.15,48.45
46964,Historical,862299,0,0,S,2,1,707587,45,2014,47,35.29,32.73
46965,Historical,545526,0,0,S,3,1,61192,54,2013,17,33.99,35.66
46966,Historical,867580,0,0,S,2,1,105275,45,2014,38,37.97,32.9
46970,Historical,864715,0,0,S,6,1,109572,69.99,2014,29,36.98,38.99
46971,Historical,860758,0,0,S,6,1,1291600,134.95,2012,18,41.76,1751.52
46972,Historical,625239,0,0,S,4,1,555008,76.95,2011,40,51.39,60.98
46973,Historical,594645,0,0,S,2,1,328018,77.95,2011,26,0,0
46975,Historical,254534,0,0,S,2,1,332864,105.95,2011,32,80.93,88.98
46977,Historical,545616,0,0,S,3,1,115726,77.95,2011,29,7781.01,51.49
46978,Historical,611767,0,0,S,10,1,1179804,230.95,2013,22,22.98,144.89
46980,Historical,594669,0,0,S,4,1,287359,154.95,2012,45,27.99,48.15
46981,Historical,1933352,0,0,S,4,1,367190,69.95,2013,12,0,48.95
46983,Historical,619969,0,0,S,5,1,108668,144.95,2013,72,50.37,62.17
46985,Historical,892253,0,0,S,5,1,2975087,56.84,2010,11,47.73,53.53
46988,Historical,528241,0,0,S,4,1,679660,143.99,2011,24,40.51,72.88
46990,Historical,501024,0,0,S,3,1,598787,56.99,2012,14,0,0
46991,Historical,1936185,0,0,S,3,1,368908,56.99,2014,14,0,26.85
46992,Historical,647155,0,0,S,2,1,156544,94.99,2012,18,76.98,59.55
46993,Historical,526141,0,0,S,4,1,30688,119.99,2012,59,56.74,71.49
46994,Historical,594801,0,0,S,7,1,251934,207.99,2011,14,73.09,242.13
46997,Historical,642231,0,0,S,3,1,1143378,179.99,2012,24,109.67,100.45
46999,Historical,532697,0,0,S,5,1,97833,52.99,2012,27,24.76,29.89
47000,Historical,1936255,0,0,S,5,1,1345508,94.99,2012,6,0,94.99
47001,Historical,1936257,0,0,S,4,1,675143,99.99,2012,10,0,93.61
47002,Historical,652398,0,0,S,2,1,98379,61.99,2013,14,0,34.1
47003,Historical,861761,0,0,S,2,1,1372886,137.99,2013,13,81.49,71.36
47005,Historical,3743862,0,0,S,3,1,656783,399.99,2015,7,0,283.68
47008,Historical,661041,0,0,S,2,1,763691,137.99,2012,12,76.66,105.89
47009,Historical,867606,0,0,S,7,1,47255,49.99,2014,21,33.98,30.23
47010,Historical,867611,0,0,S,5,1,121369,39.99,2014,17,27.67,23.12
47011,Historical,912579,0,0,S,3,1,331198,164.99,2014,26,73.99,77.94
47012,Historical,867630,0,0,S,7,1,10330,58.99,2014,19,42.98,50.97
47016,Historical,644466,0,0,S,6,1,117652,69,2013,26,43.99,51.76
47017,Historical,545819,0,0,S,6,1,555635,45,2012,38,20.59,25.18
47018,Historical,545826,0,0,S,6,1,293677,48,2013,48,17.99,33.99
47020,Historical,545849,0,0,S,4,1,183923,41.95,2013,28,35.12,31.58
47021,Historical,610278,0,0,S,4,1,102734,84,2013,36,51.73,66.19
47022,Historical,637620,0,0,S,2,1,348284,75,2013,17,51.62,53.62
47023,Historical,867650,0,0,S,4,1,16964,112,2014,90,67.88,69.93
47024,Historical,867651,0,0,S,4,1,70072,54,2014,25,36.92,38.91
47026,Historical,626712,0,0,S,5,1,153599,80,2012,37,35.99,70.12
47027,Historical,621858,0,0,S,3,1,637314,222,2012,31,7.14,177.16
47029,Historical,657129,0,0,S,2,1,1413870,211,2012,21,39.95,72.39
47031,Historical,646085,0,0,S,5,1,646940,83,2012,16,35.99,59.92
47032,Historical,635718,0,0,S,4,1,47024,84,2012,35,32.99,63.48
47033,Historical,1942376,0,0,S,9,1,13844,49.95,2014,51,42.73,32.93
47034,Historical,868785,0,0,S,8,1,59602,49.95,2015,38,48.99,33.8
47036,Historical,3745959,0,0,S,2,1,5857,75.95,2016,2,0,72.03
47037,Historical,890920,0,0,S,0,0,639591,65,2014,18,34.17,34.98
47038,Historical,534686,0,0,S,2,1,295964,82.95,2013,31,61.87,54.93
47040,Historical,545945,0,0,S,4,1,102798,96.95,2013,28,47.98,58.54
47041,Historical,1943424,0,0,S,8,1,1521908,115,2012,1,0,108.99
47042,Historical,862045,0,0,S,9,1,180005,54.95,2014,11,54.86,41.15
47043,Historical,660880,0,0,S,4,1,364761,47.95,2013,17,27.49,35.44
47044,Historical,862212,0,0,S,4,1,426767,134,2014,12,34.54,78.43
47045,Historical,890921,0,0,S,3,1,474605,59.99,2014,15,58.76,44.59
47046,Historical,1943555,0,0,S,4,1,81795,103,2014,32,73.52,64.99
47047,Historical,867745,0,0,S,3,1,74039,245,2014,8,130.69,150.8
47048,Historical,658073,0,0,S,3,1,263166,83.95,2013,28,38.71,53.98
47050,Historical,530812,0,0,S,4,1,55844,89.95,2011,27,73.14,61.16
47054,Historical,921806,0,0,S,2,1,58695,91,2014,47,68.5,37.11
47055,Historical,1946556,0,0,S,2,1,1423088,168.25,2013,8,0,129.99
47057,Historical,1946599,0,0,S,5,1,938738,68.75,2013,17,53.49,51.76
47058,Historical,1946635,0,0,S,8,1,1006055,176.5,2014,19,0,75.47
47060,Historical,649837,0,0,S,3,1,330920,99,2012,33,97.94,57.99
47062,Historical,661161,0,0,S,2,1,2016080,99,2011,18,57.99,41.95
47063,Historical,532911,0,0,S,2,1,633538,79.99,2011,19,57.07,53.32
47064,Historical,528284,0,0,S,3,1,896621,69.99,2012,20,41.63,54.38
47067,Historical,864282,0,0,S,2,1,479462,99,2012,13,72.98,70.47
47068,Historical,1952383,0,0,S,3,1,1054570,79.95,2013,20,59.85,53.3
47072,Historical,634971,0,0,S,2,1,248563,50,2011,23,29.78,34.15
47073,Historical,1954054,0,0,S,3,1,587293,42,2011,18,36.1,36.98
47074,Historical,529788,0,0,S,3,1,113459,62,2012,29,54.21,40.96
47075,Historical,644641,0,0,S,2,1,192322,49,2012,53,37.39,41.45
47077,Historical,906562,0,0,S,0,0,78996,40,2013,23,26.49,27.03
47078,Historical,903842,0,0,S,2,1,909908,90,2014,15,38.13,60.53
47080,Historical,3748942,0,0,S,3,1,516467,125,2016,0,0,106.71
47081,Historical,668484,0,0,S,2,1,1532053,106,2011,10,125.17,106
47083,Historical,880019,0,0,S,7,1,1520373,131,2012,21,114.75,96.46
47084,Historical,595627,0,0,S,1,0,690579,277.58,2013,19,0,229.82
47085,Historical,860849,0,0,S,10,1,145212,191,2012,34,133,132.94
47086,Historical,1956498,0,0,S,10,1,1101233,217.13,2013,15,184.54,225.66
47092,Historical,889011,0,0,S,4,1,1581497,43.68,2013,10,42.81,55.82
47093,Historical,595636,0,0,S,6,1,18605,95,2013,27,147.11,93.99
47095,Historical,868617,0,0,S,6,1,33668,79,2014,25,64.08,76.94
47098,Historical,2971295,0,0,S,2,1,1544413,91.73,2015,7,0,107.76
47106,Historical,670093,0,0,S,8,1,681694,114.79,2012,13,0,109.12
47109,Historical,1964851,0,0,S,13,1,1800803,224.98,2014,7,0,203.94
47110,Historical,2972574,0,0,S,5,1,1906764,99.99,2014,3,0,97.82
47114,Historical,611515,0,0,S,4,1,236059,349.95,2014,5,0,239.66
47116,Historical,889183,0,0,S,5,1,818182,83.95,2015,14,53.74,46.84
47117,Historical,1982472,0,0,S,5,1,10051,97,2014,54,76.68,76.67
47118,Historical,867784,0,0,S,0,0,136243,55,2014,20,0,0
47120,Historical,664119,0,0,S,7,1,13042,125,2014,68,85.77,96.48
47121,Historical,1982574,0,0,S,5,1,1036456,89,2013,14,106.98,56.6
47122,Historical,867898,0,0,S,3,1,82526,62,2014,27,47.9,42.98
47123,Historical,867790,0,0,S,2,1,121935,96,2014,37,43.98,71.53
47125,Historical,874214,0,0,S,8,1,82026,55,2014,49,34.3,38.35
47126,Historical,1982654,0,0,S,20,1,59012,67,2015,41,55.68,46.84
47128,Historical,896942,0,0,S,3,1,228572,49.99,2014,18,35.07,35.91
47135,Historical,1995732,0,0,S,2,1,848421,99.99,2015,14,82.76,62.42
47136,Historical,3763406,0,0,S,4,1,238583,99.99,2016,0,0,95.23
47137,Historical,3763514,0,0,S,5,1,82363,74.99,2016,0,0,66.17
47147,Historical,254696,0,0,S,2,1,257656,55.95,2002,19,59.98,72.06
47148,Historical,651980,0,0,S,6,1,982622,169,2007,11,114.55,120.03
47152,Historical,860718,0,0,S,5,1,333328,74.95,2012,28,61.46,74.64
47154,Historical,634972,0,0,S,1,0,277289,59.95,2011,16,54.81,60.79
47156,Historical,635371,0,0,S,2,1,244664,75,2002,17,52.96,67.47
47157,Historical,904683,0,0,S,1,0,1426356,234.95,2003,16,0,78.99
47160,Historical,2007012,0,0,S,0,0,56106,79.97,2013,7,0,54.07
47161,Historical,525539,0,0,S,3,1,765635,110,2002,21,95.26,134.99
47162,Historical,2007770,0,0,S,2,1,920660,57.95,2008,16,0,42.81
47167,Historical,258468,0,0,S,4,1,318799,110,2009,32,70.28,80.12
47168,Historical,596958,0,0,S,1,0,945652,63.5,2000,28,46.94,90.61
47170,Historical,869864,0,0,S,11,1,92588,79.95,2003,20,73.98,54.24
47172,Historical,259083,0,0,S,0,0,73465,119.95,2005,13,33.98,73.97
47176,Historical,3046444,0,0,S,7,1,1528553,96,2003,20,0,81.51
47179,Historical,3050005,0,0,S,2,1,336465,220,2005,18,0,158.88
47181,Historical,2013832,0,0,S,0,0,191622,80,2015,14,43.43,56.19
47182,Historical,2013833,0,0,S,0,0,371586,80,2015,15,43.43,56.52
47183,Historical,3057321,0,0,S,2,1,1400885,103.25,2005,31,6.05,58.82
47189,Historical,3060501,0,0,S,3,1,12589824,26.95,1997,15,0,77.26
47190,Historical,2015980,0,0,S,4,1,302870,68.25,2011,7,0,90.93
47191,Historical,2016519,0,0,S,38,1,450937,88.5,2014,6,0,88.5
47194,Historical,261543,0,0,S,1,0,1108814,120,2007,22,61.08,101.75
47195,Historical,261973,0,0,S,3,1,1951606,125.95,2005,20,27.64,77.36
47196,Historical,2018666,0,0,S,5,1,347686,54.73,2011,13,0,45.16
47197,Historical,597984,0,0,S,2,1,103387,54.95,2009,57,44.15,47.51
47198,Historical,391479,0,0,S,2,1,162680,103.95,2009,20,85.98,97.04
47199,Historical,546338,0,0,S,7,1,94532,75.95,2012,15,38.99,63.06
47200,Historical,669072,0,0,S,4,1,449481,51.95,2012,25,29.33,45.76
47201,Historical,263382,0,0,S,1,0,293522,82,2009,31,80.92,112.49
47202,Historical,263383,0,0,S,0,0,61957,78,2009,32,82.23,81.99
47207,Historical,2023113,0,0,S,11,1,50574,72.95,2014,19,0,41.98
47208,Historical,609734,0,0,S,6,1,723262,36.99,2006,20,0,0
47213,Historical,264917,0,0,S,3,1,2396467,149.95,2003,17,152.95,141.54
47214,Historical,2027273,0,0,S,2,1,863132,104.95,2007,12,0,72.57
47215,Historical,264983,0,0,S,3,1,577166,74.95,2008,36,47.96,49.97
47217,Historical,532717,0,0,S,4,1,1385975,53,2011,12,21.99,27.15
47220,Historical,665405,0,0,S,2,1,364190,85,2012,21,75.13,63.27
47222,Historical,861250,0,0,S,2,1,492742,78,2013,56,69.38,55.58
47223,Historical,869529,0,0,S,6,1,1632280,115,2014,15,54.48,89.84
47230,Historical,3079327,0,0,S,3,1,3004736,82.95,2001,12,0,110.49
47232,Historical,634838,0,0,S,3,1,1229429,139.99,2005,10,93.99,99.77
47233,Historical,2031295,0,0,S,2,1,2152577,159.99,2007,14,48.73,115.97
47238,Historical,266970,0,0,S,5,1,251101,56,2009,19,51.13,182.13
47239,Historical,266971,0,0,S,3,1,86271,80,2006,35,41.43,38.98
47241,Historical,3093746,0,0,S,3,1,776956,112,2003,24,0,63.99
47243,Historical,2039301,0,0,S,8,1,526359,104,2009,17,43.98,43.09
47244,Historical,2039307,0,0,S,4,1,2499560,192,2008,21,192.45,88.27
47246,Historical,881679,0,0,S,8,1,1141383,120,2013,12,99.92,78.99
47249,Historical,3794573,0,0,S,6,1,504776,136,2015,0,0,83.99
47250,Historical,3094953,0,0,S,1,0,655593,10.55,2003,12,32.89,16.96
47256,Historical,2042541,0,0,S,23,1,1085892,76.95,2014,7,80.88,56.21
47260,Historical,268302,0,0,S,3,1,420401,69,2009,20,34.99,59.71
47261,Historical,546559,0,0,S,2,1,41419,79,2010,18,0,0
47262,Historical,647293,0,0,S,2,1,656639,85,2011,57,58.53,68.99
47263,Historical,664768,0,0,S,0,0,98344,125,2013,22,56.34,80.1
47264,Historical,2046261,0,0,S,2,1,1636904,115,2008,24,118.68,94.33
47265,Historical,268504,0,0,S,2,1,59255,80,2010,75,49.24,45.5
47267,Historical,633058,0,0,S,2,1,1243289,82,2008,14,0,59.01
47269,Historical,268824,0,0,S,2,1,61601,65,2010,18,58.66,65
47273,Historical,2048983,0,0,S,6,1,112992,58.75,2012,38,27.99,42.87
47276,Historical,642246,0,0,S,3,1,791835,89.95,2012,14,0,79.97
47278,Historical,269433,0,0,S,2,1,222687,50,2009,34,0,42.96
47280,Historical,890942,0,0,S,2,1,270390,64.95,2014,21,57.94,60.69
47283,Historical,546630,0,0,S,8,1,196085,55,2012,32,19.64,52.05
47287,Historical,270124,0,0,S,8,1,204862,215,2011,38,47.88,204.37
47288,Historical,867801,0,0,S,15,1,354786,49.99,2014,47,13.99,23.28
47290,Historical,652020,0,0,S,3,1,140493,87.5,2006,19,0,80.9
47291,Historical,668596,0,0,S,2,1,651099,98.2,2006,15,68.99,76.98
47292,Historical,644125,0,0,S,3,1,200926,125.45,2007,23,86.95,108.57
47293,Historical,2059277,0,0,S,2,1,1242550,131.55,2006,30,68.99,123.95
47294,Historical,532906,0,0,S,2,1,620097,104.95,2009,27,90.75,104.81
47295,Historical,658105,0,0,S,0,0,32685,59.99,2013,1,49.85,41.85
47296,Historical,898666,0,0,S,4,1,222486,85,2012,15,46.48,67.96
47303,Historical,637147,0,0,S,2,1,268979,89.99,2009,17,0,67.9
47304,Historical,631534,0,0,S,2,1,816006,84.99,2011,16,58.99,71.53
47306,Historical,2066234,0,0,S,3,1,441002,199.99,2014,21,0,107.84
47310,Historical,270677,0,0,S,8,1,250842,48,2010,47,46.42,41.8
47317,Historical,2070538,0,0,S,6,1,208910,88,2010,12,0,69.52
47318,Historical,631426,0,0,S,4,1,627912,79.99,2011,24,0,0
47320,Historical,643700,0,0,S,2,1,232159,369.99,2011,12,224.14,255.25
47321,Historical,609802,0,0,S,4,1,73971,58.99,2010,24,18.75,27.77
47322,Historical,666662,0,0,S,2,1,1227182,135.95,2008,10,213.11,153.99
47323,Historical,2076223,0,0,S,2,1,405579,119.95,2010,11,0,434.07
47324,Historical,2077128,0,0,S,4,1,779924,0,2013,10,0,54.09
47329,Historical,531956,0,0,S,3,1,84787,61.99,2010,20,17.49,41.98
47330,Historical,877689,0,0,S,7,1,1503660,106.95,2009,10,81.24,58.98
47331,Historical,2081121,0,0,S,1,0,438408,138.5,2013,14,121.63,69.89
47332,Historical,546761,0,0,S,3,1,304673,67,2012,29,38.5,43.59
47333,Historical,530724,0,0,S,2,1,180860,115,2012,43,82.11,90.07
47334,Historical,633886,0,0,S,2,1,189822,99.99,2012,17,86.09,53.98
47336,Historical,663825,0,0,S,3,1,609538,324.99,2013,19,170.39,220.22
47337,Historical,529769,0,0,S,3,1,418729,85,2010,42,48.35,54.51
47338,Historical,661251,0,0,S,2,1,376264,62,2010,22,42.45,42.8
47341,Historical,2083146,0,0,S,2,1,605462,83,2013,14,43.14,83
47342,Historical,868681,0,0,S,8,1,1051595,210,2015,16,6.97,184.55
47351,Historical,663361,0,0,S,2,1,200331,52.99,2013,14,32.7,183.98
47352,Historical,2084554,0,0,S,5,1,806536,49.99,2014,14,22.67,25.87
47353,Historical,2084627,0,0,S,1,0,458400,141,2011,22,0,109.94
47354,Historical,2084654,0,0,S,1,0,403486,141,2014,11,0,121.94
47356,Historical,2085516,0,0,S,5,1,245952,50,2013,16,0,46.34
47357,Historical,881498,0,0,S,4,1,190209,55,2015,11,57.71,50.98
47361,Historical,917259,0,0,S,3,1,675843,50,2012,26,0,43.01
47362,Historical,546839,0,0,S,2,1,283823,35,2012,57,11.24,28.96
47363,Historical,899033,0,0,S,5,1,177053,67,2013,11,143.98,59.94
47364,Historical,612267,0,0,S,2,1,742177,72,2013,17,77.72,63.6
47365,Historical,881747,0,0,S,3,1,555339,62,2014,11,0,62
47366,Historical,868686,0,0,S,3,1,131073,90,2014,14,0,85.55
47367,Historical,649638,0,0,S,3,1,182990,59.95,2013,36,53.14,53.22
47369,Historical,611795,0,0,S,2,1,530595,139.95,2014,5,58.88,203.99
47371,Historical,526724,0,0,S,3,1,851961,49.95,2012,18,34.53,36.88
47373,Historical,867821,0,0,S,4,1,47622,49.99,2014,20,35.35,30.5
47374,Historical,644496,0,0,S,3,1,23004,49.99,2013,47,30.84,30.82
47375,Historical,612491,0,0,S,2,1,48704,49.12,2013,22,36.77,47.19
47376,Historical,2097528,0,0,S,0,0,685710,89.99,2014,9,0,60.88
47378,Historical,2098080,0,0,S,6,1,317459,0,2012,6,0,113.98
47379,Historical,2100375,0,0,S,0,0,231017,62.99,2013,9,43.98,43.98
47384,Historical,2104805,0,0,S,2,1,419276,89.95,2014,13,0,57.44
47389,Historical,896883,0,0,S,6,1,136901,43,2014,14,42.99,43
47390,Historical,2105373,0,0,S,5,1,463117,43,2014,1,0,40.54
47392,Historical,2105386,0,0,S,0,0,493609,50,2014,24,27.89,14.23
47393,Historical,2105418,0,0,S,2,1,798678,53,2014,14,0,52.99
47394,Historical,3805455,0,0,S,2,1,140218,120,2015,6,0,113.99
47396,Historical,2107300,0,0,S,0,0,122982,62.99,2015,8,43.98,43.98
47398,Historical,2107505,0,0,S,0,0,315454,49.99,2015,19,31.26,31.24
47401,Historical,3808641,0,0,S,5,1,443209,115,2015,5,0,103.98
47408,Historical,2115454,0,0,S,2,1,476649,49.99,2015,7,0,49.99
47410,Historical,2115711,0,0,S,2,1,154165,49.99,2015,13,52.88,49.45
47422,Historical,892445,0,0,S,8,1,4292715,85,2011,12,53.89,67.95
47424,Historical,3116455,0,0,S,0,0,592671,81.99,2014,2,0,41.99
47425,Historical,393664,0,0,S,2,1,18122,89.95,2008,23,52.18,45.03
47429,Historical,507716,0,0,S,2,1,4348020,152,2010,11,157.79,132.42
47431,Historical,2135644,0,0,S,0,0,407004,179,2011,12,187.94,58.36
47432,Historical,654504,0,0,S,0,0,879158,69.95,2010,19,70.53,95.74
47437,Historical,2142909,0,0,S,0,0,166926,180,2014,7,53.98,803.99
47440,Historical,276644,0,0,S,7,1,355774,91,2007,37,33.91,79.92
47441,Historical,2143707,0,0,S,3,1,972662,71.25,2013,19,59.89,83.99
47443,Historical,2144205,0,0,S,6,1,6845,30,2013,30,22.59,23.05
47453,Historical,278413,0,0,S,3,1,45221,57.95,2005,36,29.99,57.37
47455,Historical,639277,0,0,S,3,1,288522,111.25,2009,42,59.99,75.98
47456,Historical,655459,0,0,S,3,1,281150,38.99,2012,27,23.94,35.77
47459,Historical,630150,0,0,S,2,1,23375,49.95,2008,26,29.31,29.31
47462,Historical,863470,0,0,S,2,1,499528,51,2007,26,15.53,69.08
47465,Historical,651761,0,0,S,2,1,413902,90.95,2011,12,0,53.98
47469,Historical,871193,0,0,S,4,1,143542,54.95,2014,16,51.99,54.95
47470,Historical,867842,0,0,S,3,1,165665,59.95,2014,24,36.76,55.93
47472,Historical,510002,0,0,S,3,1,430320,89.95,2011,36,21.74,40.49
47476,Historical,2165773,0,0,S,6,1,33664,61.25,2014,9,0,49.5
47477,Historical,881677,0,0,S,0,0,1069064,58.75,2014,16,33.43,43.93
47479,Historical,3143203,0,0,S,2,1,744267,145,2014,1,0,145
47483,Historical,3829802,0,0,S,5,1,68883,119,2016,0,0,119
47484,Historical,881503,0,0,S,9,1,650094,47,2015,15,59.24,47
47486,Historical,3830136,0,0,S,0,0,378620,219.99,2016,1,0,169.22
47487,Historical,657591,0,0,S,0,0,110171,77.38,2008,15,79.89,43.74
47492,Historical,547259,0,0,S,2,1,1079193,79.99,2012,25,50.54,60.22
47495,Historical,887390,0,0,S,4,1,756457,69.99,2015,15,52.39,51.4
47502,Historical,523838,0,0,S,2,1,835018,130,2010,33,80.63,77.78
47503,Historical,639120,0,0,S,2,1,866392,89.99,2005,22,68.32,63.16
47505,Historical,639122,0,0,S,2,1,1119886,139,2006,18,23.88,52.88
47506,Historical,662821,0,0,S,2,1,799880,139,2006,25,88.99,92.67
47507,Historical,529352,0,0,S,3,1,1043482,79.99,2007,22,59.8,59.83
47508,Historical,641767,0,0,S,5,1,370036,129,2004,27,113.56,93.94
47510,Historical,646384,0,0,S,2,1,690356,99,2002,20,57.31,71.92
47511,Historical,641785,0,0,S,3,1,1502817,129,2003,25,127.19,86
47513,Historical,280868,0,0,S,3,1,1180674,89.95,2000,25,25.68,57.41
47514,Historical,281030,0,0,S,2,1,1430293,99,2002,18,49.99,52.95
47515,Historical,636988,0,0,S,2,1,1437721,109,2004,23,103.2,82.29
47516,Historical,398526,0,0,S,2,1,1661785,89.95,2008,21,58.99,59.96
47518,Historical,648973,0,0,S,2,1,1429129,109,2008,25,26.65,84.61
47519,Historical,2186009,0,0,S,2,1,880962,99,2009,13,58.27,77.19
47520,Historical,398708,0,0,S,2,1,922361,79.99,2009,21,84.22,63.94
47525,Historical,655267,0,0,S,3,1,1271058,69.99,2013,19,43.99,50.24
47528,Historical,2193280,0,0,S,4,1,243567,79.99,2014,25,64.59,61.28
47533,Historical,2204105,0,0,S,3,1,933636,300,2007,12,0,179.98
47541,Historical,532893,0,0,S,6,1,871506,157.66,2012,16,132.75,83.67
47542,Historical,663869,0,0,S,0,0,240739,100,2013,31,47.92,74.57
47544,Historical,611940,0,0,S,3,1,1005027,129.95,2013,12,101.14,88.66
47545,Historical,399538,0,0,S,2,1,1560507,205.9,2005,5,63.98,196.83
47548,Historical,649999,0,0,S,7,1,334270,49.95,2011,21,0,0
47552,Historical,2229451,0,0,S,8,1,1339300,160.95,2013,11,0,107.87
47558,Historical,2239203,0,0,S,3,1,1942018,99,2011,14,101.01,71.3
47559,Historical,907429,0,0,S,5,1,596565,99,1973,12,43.98,77.83
47563,Historical,513365,0,0,S,2,1,3545393,119,1999,20,83.42,73.19
47564,Historical,2244727,0,0,S,5,1,1074606,139,2007,13,164.99,73.92
47565,Historical,533403,0,0,S,7,1,2560754,77.27,2008,19,178.72,79.91
47566,Historical,2244735,0,0,S,6,1,56850,69.1,2013,3,156.99,73.14
47568,Historical,3232011,0,0,S,0,0,38100,21.27,2009,0,29.11,20.44
47569,Historical,3232012,0,0,S,0,0,119154,21.27,2009,0,29.11,20.44
47570,Historical,3232169,0,0,S,5,1,775458,67.8,2002,9,60.28,67.17
47571,Historical,2249095,0,0,S,11,1,2326567,197.22,2009,6,0,56.64
47572,Historical,2249246,0,0,S,10,1,1367651,75.8,2007,44,0,54.14
47573,Historical,3238109,0,0,S,5,1,533517,109.79,2004,14,0,78.05
47574,Historical,2249907,0,0,S,4,1,623282,83.17,2007,16,0,78.54
47576,Historical,3240701,0,0,S,3,1,729641,60.78,2003,28,0,53.7
47578,Historical,911019,0,0,S,6,1,218197,0,1983,17,19.97,23.99
47579,Historical,880629,0,0,S,8,1,798251,19.15,2008,39,84.17,19.15
47580,Historical,2252683,0,0,S,8,1,558381,102.46,2008,20,0,66.43
47581,Historical,2252891,0,0,S,7,1,705946,123.97,2008,13,0,0
47582,Historical,876457,0,0,S,2,1,2341256,51.2,2008,43,32.01,29.74
47583,Historical,2253079,0,0,S,10,1,2503297,117.23,2010,33,120.29,117.23
47584,Historical,874008,0,0,S,7,1,1269815,53.99,2009,21,76.35,53.29
47585,Historical,912822,0,0,S,8,1,3295746,117.97,2009,47,91.81,112.53
47586,Historical,2254909,0,0,S,6,1,2693290,154.52,2009,40,0,53.66
47588,Historical,2255891,0,0,S,7,1,1746715,56.45,2009,42,0,53.64
47589,Historical,2256458,0,0,S,3,1,1392518,188.51,2007,35,0,136.97
47590,Historical,2256630,0,0,S,11,1,2799793,58.82,2006,28,141.99,58.82
47591,Historical,870608,0,0,S,2,1,1494705,105,2011,32,0,83.12
47592,Historical,2257872,0,0,S,4,1,566632,85.3,2010,29,0,175.81
47593,Historical,880320,0,0,S,9,1,251993,116.79,2008,19,88.99,91.58
47594,Historical,2259297,0,0,S,5,1,716822,206.97,2010,2,0,133.85
47595,Historical,3264310,0,0,S,4,1,981455,47.91,2000,34,208.76,65.54
47596,Historical,2260456,0,0,S,9,1,226659,50.98,2010,10,0,63.63
47597,Historical,2260598,0,0,S,0,0,331997,175.15,2010,4,0,228.69
47598,Historical,2262946,0,0,S,12,1,914582,83.38,2010,11,0,84.42
47600,Historical,875244,0,0,S,8,1,1587930,47.49,2009,19,57.27,47.49
47601,Historical,3282329,0,0,S,5,1,579222,162,2005,0,0,166.49
47602,Historical,2264039,0,0,S,8,1,2156656,139.4,2010,17,0,82.74
47603,Historical,2264095,0,0,S,4,1,1706665,59.36,2008,17,0,74.76
47604,Historical,876796,0,0,S,8,1,2200970,66.85,2010,35,45.45,66.85
47605,Historical,2264969,0,0,S,2,1,112178,182.52,2008,18,0,104.36
47606,Historical,2265200,0,0,S,5,1,904213,170.93,2011,29,0,177.72
47607,Historical,2265312,0,0,S,5,1,807008,66.89,2009,9,0,68.25
47608,Historical,2265762,0,0,S,2,1,1290374,96.85,2012,21,0,90.66
47609,Historical,2265944,0,0,S,3,1,1335496,85.71,2007,40,66.12,39.65
47610,Historical,2266487,0,0,S,4,1,574632,36.63,2013,19,0,36.9
47611,Historical,2268684,0,0,S,3,1,767056,147.69,2008,18,0,153.75
47612,Historical,2270440,0,0,S,2,1,1903917,86.95,2012,46,82.88,87.56
47614,Historical,2271315,0,0,S,5,1,1568068,68.84,2009,34,63.62,72.64
47615,Historical,2271908,0,0,S,6,1,909126,73.63,2010,40,0,105.02
47617,Historical,2273552,0,0,S,2,1,1716485,81.85,2012,24,0,80.34
47618,Historical,2275382,0,0,S,7,1,1037383,50.05,2010,49,0,38.7
47620,Historical,2282310,0,0,S,11,1,240157,66.71,2009,10,0,43.98
47621,Historical,2282342,0,0,S,2,1,260911,113.86,2011,36,0,104.7
47622,Historical,2286696,0,0,S,0,0,20200,113.35,2014,0,26.87,134.44
47631,Historical,849679,0,0,S,20,1,99567,40,1999,41,32.3,23.51
47632,Historical,301547,1,1,S,0,0,147038,44.5,2006,30,32.3,10.51
47633,Historical,155301,0,0,S,0,0,1923,22,1998,92,32.3,15.47
47634,Historical,894928,0,0,S,1,0,71690,49.95,2009,20,32.3,38.95
47636,Historical,878573,0,0,S,0,0,351646,105.09,2014,27,78.61,73.99
47637,Historical,892681,0,0,S,2,1,3612332,124,2013,11,98.6,43.39
47638,Historical,756889,0,0,S,2,1,470640,53,2001,32,0,10.75
47639,Historical,3629381,0,0,S,3,1,438687,43.25,2015,17,0,30.98
47640,Historical,920426,1,1,S,2,1,153565,64.6,2014,32,27.83,46.24
47641,Historical,532736,0,0,S,6,1,637341,195.2,2009,41,40.38,167.66
47643,Historical,912523,0,0,S,10,1,1411962,63.31,2010,30,32.1,63.94
47644,Historical,635894,0,0,S,2,1,1007408,245,2011,24,117.68,153.32
47645,Historical,2572755,0,0,S,2,1,1253557,209,1988,30,0,32.99
47646,Historical,632471,0,0,S,2,1,2190224,74.95,2004,18,35,61.86
47647,Historical,877248,0,0,S,3,1,215765,89.67,2014,15,94.67,83.99
47648,Historical,2052018,0,0,S,2,1,2501290,55,2006,17,0,48.99
47649,Historical,220355,0,0,S,3,1,353196,153.89,2004,33,4.82,89.69
47650,Historical,905233,0,0,S,2,1,767838,50,2014,17,0,0
47651,Historical,578257,0,0,S,0,0,503321,37,2011,23,0,0
47652,Historical,623416,0,0,S,3,1,298175,86.05,2012,20,0,0
47653,Historical,147111,0,0,S,2,1,1636861,48.95,2004,17,16.85,72.81
47654,Historical,543523,0,0,S,3,1,15337,75,2009,62,40.98,49.25
47655,Historical,289362,0,0,S,2,1,1201356,68.98,2006,21,18.4,64.99
47656,Historical,1956592,1,1,S,2,1,16286,178,2014,39,0,167.42
47657,Historical,293520,0,0,S,1,0,1254740,65.95,2013,49,22.99,10.93
47658,Historical,248267,0,0,S,2,1,608347,60,2011,9,0,10003.97
47659,Historical,105386,0,0,S,3,1,62399,110,2004,29,90.17,39.03
47660,Historical,1771731,0,0,S,3,1,3575002,147.95,2012,15,53.99,138.43
47661,Historical,2899281,0,0,S,3,1,97383,13.95,1989,18,73.96,19.95
47662,Historical,636547,0,0,S,6,1,901554,0,2013,13,0,184.61
47663,Historical,527177,0,0,S,2,1,1159522,79.95,2009,37,62.44,60.14
47664,Historical,662988,0,0,S,2,1,733128,49.95,2006,4,26.87,43.94
47665,Historical,872794,0,0,S,2,1,564638,194,2013,14,29.42,149.99
47666,Historical,906682,0,0,S,6,1,1866550,215.5,2009,26,0,47.37
47667,Historical,3473380,0,0,S,8,1,587926,142.67,2015,20,0,56.83
47668,Historical,2549525,0,0,S,2,1,3641657,65.95,1996,18,38.89,86.38
47669,Historical,2226147,0,0,S,4,1,88289,20.98,2011,16,0,21.98
47670,Historical,2257940,0,0,S,9,1,1903042,78.97,2011,22,0,81.99
47671,Historical,544213,0,0,S,9,1,495557,66.95,2012,15,18.25,66.21
47672,Historical,1822306,0,0,S,7,1,768085,32.19,2013,7,32.39,22.23
47673,Historical,887084,0,0,S,2,1,1620408,89.53,2014,12,38.92,84.52
47674,Historical,657328,0,0,S,4,1,1788260,59.95,2012,12,39.07,38.98
47675,Historical,646948,0,0,S,2,1,1715614,99.95,2013,15,72.64,38.76
47676,Historical,797423,0,0,S,2,1,393012,59.99,2013,14,17.26,33.25
47677,Historical,886609,1,1,S,6,1,124629,55.02,2013,9,74.42,44.98
47678,Historical,893400,0,0,S,2,1,212535,41.75,2010,18,48.99,41.75
47679,Historical,617104,0,0,S,10,1,1218155,93.75,1998,30,46.98,18.98
47680,Historical,3141311,0,0,S,1,0,552687,24.95,2004,71,7.98,7.95
47681,Historical,546821,0,0,S,0,0,85030,82,2012,29,56.75,71.99
47682,Historical,1780727,1,1,S,1,0,56788,173.75,2014,25,0,93.5
47683,Historical,54094,0,0,S,9,1,2819654,102.95,2003,49,125.03,8.94
47684,Historical,2647809,1,1,S,1,0,442101,51.95,1996,23,53.97,51.96
47685,Historical,863596,0,0,S,4,1,1485102,54,2008,21,48.9,45.23
47686,Historical,1946661,0,0,S,10,1,265259,66,2014,10,0,65.41
47687,Historical,526851,0,0,S,3,1,702286,64.99,2008,34,15.53,43.54
47688,Historical,535677,1,1,S,8,1,7428,134.95,2013,81,43.99,48.99
47689,Historical,567692,0,0,S,6,1,552540,91.95,2009,14,0,88.99
47690,Historical,917887,0,0,S,5,1,726055,69.98,2009,28,0,66.87
47691,Historical,533172,0,0,S,3,1,1252890,70,2009,28,16.5,37.71
47692,Historical,762252,0,0,S,11,1,3325992,126.5,2007,17,108.98,53.41
47693,Historical,617508,0,0,S,9,1,2008773,107.75,2010,40,60.99,5.65
47694,Historical,146424,0,0,S,1,0,216069,54.99,2010,75,4.39,4.99
47696,Historical,534190,0,0,S,1,0,132525,107.95,2009,24,0,0
47697,Historical,262650,0,0,S,4,1,2464620,38.95,2004,23,31.32,11.49
47698,Historical,1533693,0,0,S,5,1,195723,119,2007,23,0,87.68
47699,Historical,194625,0,0,S,2,1,3100,60.99,2004,102,0,0
47700,Historical,877742,1,2,S,5,1,469274,174,2012,37,97.03,52.86
47701,Historical,60047,0,0,S,5,1,901617,117.95,1999,52,10.2,13.88
47702,Historical,153928,0,0,S,7,1,206247,54.02,2006,31,53.49,43.94
47703,Historical,563620,0,0,S,9,1,4887,66.75,2012,104,24.92,47.97
47704,Historical,3513264,0,0,S,10,1,98836,66.75,2016,44,0,38.99
47705,Historical,563619,1,1,S,9,1,7718,66.75,2012,94,34.48,32.98
47706,Historical,3513263,0,0,S,10,1,330727,48,2016,41,0,43.98
47707,Historical,613589,1,2,S,9,1,17525,87.5,2012,82,30.91,40.31
47708,Historical,563617,1,13,S,9,1,24782,87.5,2012,73,32.23,57.98
47709,Historical,655809,0,0,S,0,0,351416,86.97,2007,24,63.18,62.49
47710,Historical,635100,0,0,S,0,0,128593,123.75,2009,42,63.18,96.98
47711,Historical,613144,0,0,S,0,0,405423,61.41,2002,82,63.18,38.99
47712,Historical,133316,0,0,S,4,1,82636,106,2011,79,20.96,67.51
47713,Historical,270006,0,0,S,4,1,1357060,190,2010,26,181.98,17.44
47714,Historical,533871,0,0,S,9,1,613065,169.95,2008,54,135.41,12.54
47715,Historical,2627348,0,0,S,5,1,59817,60,2016,0,0,38.7
47716,Historical,183501,0,0,S,4,1,808784,60,2006,68,8.87,24.78
47717,Historical,265290,0,0,S,3,1,2481959,217,2004,29,188.6,23.99
47719,Historical,532901,0,0,S,14,1,787547,93.95,2011,16,27.57,79.96
47720,Historical,107578,0,0,S,4,1,3439815,111,2006,20,35.98,104.11
47721,Historical,540838,0,0,S,5,1,695855,69.8,2013,23,113.09,56.98
47722,Historical,917561,1,2,S,43,1,336907,36.87,2014,31,16.43,49.37
47723,Historical,286163,0,0,S,2,1,930789,72.8,2005,35,39.99,18.99
47724,Historical,712179,0,0,S,2,1,1090747,76,2002,23,61.74,53.99
47725,Historical,616655,0,0,S,7,1,191550,62.95,1989,43,59.01,48.43
47726,Historical,170445,1,3,S,0,0,316397,49.84,2005,75,47.03,78.96
47727,Historical,170484,0,0,S,2,1,20656,86.25,2011,44,47.03,66.56
47728,Historical,2815786,1,1,S,8,1,2774131,46,1993,15,0,133.66
47729,Historical,1964764,0,0,S,4,1,865419,168.98,2013,12,0,154.71
47730,Historical,249252,0,0,S,2,1,198919,79,2007,64,14.73,41.99
47731,Historical,913846,1,1,S,4,1,651660,122,2011,32,58.85,41.04
47732,Historical,54778,0,0,S,2,1,3410547,90.8,2004,42,58.85,8.98
47733,Historical,867044,1,1,S,4,1,672194,228.07,2013,23,58.85,211.66
47734,Historical,3788533,1,1,S,4,1,2418502,110,2003,19,0,56.55
47735,Historical,492143,0,0,S,7,1,318594,92.95,2012,10,41.09,28.19
47736,Historical,3143071,0,0,S,6,1,659398,50,2015,4,0,50
47737,Historical,566330,1,1,S,8,1,886738,78.96,2002,26,37.41,70.25
47738,Historical,2094392,0,0,S,1,0,24197,10.99,2013,86,26.45,6.17
47739,Historical,1908425,0,0,S,6,1,4635,16.99,2015,48,9.63,9.56
47740,Historical,3499435,0,0,S,6,1,6126509,0,2001,30,0,7.99
47741,Historical,561551,0,0,S,8,1,1110914,230.8,2012,27,17,184.67
47742,Historical,1457831,0,0,S,4,1,43594,0,2008,5,0,25.13
47743,Historical,536600,0,0,S,3,1,1007312,247.4,2012,25,46.14,228.99
47744,Historical,789392,0,0,S,4,1,2349644,164,2004,19,107.73,27.98
47746,Historical,2363562,0,0,S,2,1,626972,125,2015,12,0,85.64
47747,Historical,230569,1,1,S,0,0,640880,169.95,2011,26,151.93,52.99
47748,Historical,621966,0,0,S,0,0,884117,174.95,2011,36,151.93,171.99
47749,Historical,532334,0,0,S,0,0,723668,177.95,2013,35,151.93,43.38
47750,Historical,534487,1,1,S,0,0,655770,186.95,2013,42,151.93,114.65
47751,Historical,546508,0,0,S,2,1,212277,104,2010,19,40.99,52.99
47752,Historical,178843,0,0,S,2,1,1052192,102.95,2005,14,4,100.2
47753,Historical,270143,0,0,S,0,0,708429,34,2011,114,33.99,7.98
47754,Historical,569585,0,0,S,3,1,1493064,217.95,2004,31,185.24,41.92
47755,Historical,544631,0,0,S,4,1,1409453,184.8,2012,42,58.99,13.89
47756,Historical,183257,1,7,S,8,1,760203,101.95,2005,103,47.74,27.95
47757,Historical,802679,0,0,S,13,1,1352627,44.99,2009,58,23.99,31.98
47759,Historical,53017,1,3,S,9,1,64806,258.6,2010,50,135.9,64.98
47760,Historical,860648,0,0,S,9,1,259052,171.53,2012,38,135.9,73.98
47761,Historical,53019,1,1,S,7,1,40286,179.4,2004,541,135.9,31.84
47764,Historical,143241,0,0,S,3,1,1694075,183,2008,15,4.96,20.46
47765,Historical,107893,0,0,S,10,1,4315711,58.12,2002,18,84.71,66.45
47767,Historical,3793730,0,0,S,5,1,456043,59.99,2016,0,0,42.85
47768,Historical,663751,0,0,S,1,0,55774,99.99,2013,65,0,57.13
47769,Historical,532063,0,0,S,9,1,1206738,100.95,2008,23,0,21.28
47770,Historical,1477615,0,0,S,2,1,496473,80.95,2013,27,59.89,67.39
47771,Historical,626214,0,0,S,2,1,344752,81.6,2011,41,15.18,61.8
47772,Historical,629962,0,0,S,2,1,124010,81.6,2011,23,15.18,79.19
47773,Historical,531977,0,0,S,2,1,17745,56.95,2011,66,38.84,41.75
47775,Historical,163480,0,0,S,5,1,1354484,59.99,2011,30,30,7.1
47776,Historical,608250,0,0,S,4,1,1922491,69.99,2008,29,30,16.46
47777,Historical,543987,0,0,S,6,1,297404,69.99,2012,33,30,38.98
47778,Historical,620707,0,0,S,2,1,1517126,96,2008,29,11.92,18.99
47779,Historical,617612,0,0,S,4,1,788332,230,2012,44,8.8,84.94
47781,Historical,3485241,0,0,S,2,1,5074687,123.8,2001,19,0,35.99
47782,Historical,544410,0,0,S,5,1,343738,72.95,2013,31,30.69,61.79
47783,Historical,255785,0,0,S,2,1,366102,58.95,2006,25,44.57,65.73
47784,Historical,2022130,0,0,S,16,1,4064428,119.95,2010,12,29,34.22
47785,Historical,624687,1,5,S,11,1,422195,152,2012,44,83.99,28.09
47786,Historical,616300,0,0,S,5,1,534493,122.67,2009,29,88.98,16.99
47787,Historical,897033,0,0,S,2,1,139005,90,2012,22,44.73,59.75
47788,Historical,877548,1,1,S,13,1,432383,162.67,2014,40,110.99,39.16
47789,Historical,592845,0,0,S,6,1,396556,182,2011,13,153.99,175.14
47790,Historical,53160,0,0,S,6,1,490138,75.6,2004,56,76.37,13.65
47791,Historical,196617,0,0,S,3,1,1294569,72.95,2001,35,45.09,16.97
47792,Historical,1518914,0,0,S,8,1,1175821,166.79,2013,14,65.83,123.98
47793,Historical,222262,0,0,S,5,1,2898035,65,2006,21,34.01,12.86
47794,Historical,2350074,0,0,S,3,1,927942,16.95,2003,28,0,47.24
47795,Historical,868442,1,1,S,6,1,10641,54.95,2015,57,35.96,34.99
47796,Historical,860683,0,0,S,3,1,239923,49.99,2012,55,25.13,23.99
47797,Historical,106716,0,0,S,2,1,773494,21.55,2009,56,6.31,20.24
47798,Historical,253918,0,0,S,1,0,300539,97.95,2009,18,0,48.48
47799,Historical,627488,0,0,S,1,0,558874,97.95,2009,14,0,45.99
47800,Historical,253917,0,0,S,1,0,130308,97.95,2009,17,0,38.99
47801,Historical,54371,0,0,S,2,1,1832263,100,2002,52,98.99,14.9
47802,Historical,593970,0,0,S,2,1,3015245,140,2008,11,91.16,13.87
47803,Historical,573777,0,0,S,0,0,473624,45,1992,31,0,23.98
47804,Historical,546258,0,0,S,3,1,2870220,82.95,2004,39,83.56,12.88
47805,Historical,120042,0,0,S,1,0,234417,183.8,2009,25,0,0
47806,Historical,116112,1,2,S,5,1,179195,109.4,2007,19,0,0
47807,Historical,699303,1,1,S,2,1,6868595,98.75,2011,5,89.5,9.99
47808,Historical,315169,0,0,S,3,1,36474,53.32,2009,41,21.85,27.98
47809,Historical,885057,0,0,S,3,1,524831,133,2009,15,21.85,43.98
47810,Historical,2334871,0,0,S,5,1,2346475,142,1994,18,88.94,72.41
47811,Historical,2703791,0,0,S,2,1,323168,90,2005,21,61.23,86.62
47812,Historical,1658318,0,0,S,3,1,476077,95,2010,22,61.23,102.27
47813,Historical,115710,0,0,S,1,0,363774,100,2004,53,64.27,15.91
47814,Historical,895255,0,0,S,4,1,2220432,190.4,2002,35,53.98,39.71
47815,Historical,570456,0,0,S,13,1,1867852,65.95,2010,21,32.01,22.99
47816,Historical,270587,1,1,S,0,0,401111,102.55,2011,86,91.99,11.98
47817,Historical,613031,0,0,S,0,0,764403,80.7,2011,92,91.99,6.58
47818,Historical,649631,0,0,S,0,0,53085,114.95,2014,105,91.99,12.13
47820,Historical,905134,1,1,S,0,0,472610,24.99,2014,22,8.07,121.53
47821,Historical,922674,0,0,S,3,1,2172632,45.25,2000,72,49.49,4.26
47822,Historical,560327,0,0,S,7,1,428012,41,2006,35,10.22,32.95
47823,Historical,861284,0,0,S,2,1,156204,44.99,2013,28,36.65,33.99
47824,Historical,56413,0,0,S,1,0,514475,40.99,2002,71,36.65,9.24
47825,Historical,127579,0,0,S,4,1,683151,49.95,2010,18,17.4,20.24
47826,Historical,206116,0,0,S,1,0,536166,75,2008,34,48.43,16.74
47827,Historical,211032,1,1,S,4,1,114917,47.95,2011,125,35.96,14.54
47828,Historical,210956,0,0,S,2,1,1221850,44.95,2006,134,35.96,5.49
47829,Historical,210997,0,0,S,3,1,772631,44.95,2009,110,35.96,8.48
47830,Historical,531324,0,0,S,3,1,154533,32.95,2009,53,19.75,25.19
47831,Historical,1473579,0,0,S,1,0,2856020,140,2009,17,0,17.54
47832,Historical,2999053,0,0,S,2,1,176306,49.9,2014,2,0,49.9
47833,Historical,106667,0,0,S,2,1,923536,52,2008,60,0,23.37
47834,Historical,531308,0,0,S,3,1,45940,52,2012,52,0,27.32
47835,Historical,500521,0,0,S,0,0,86555,69.95,2012,19,0,41.71
47838,Historical,234603,0,0,S,15,1,148270,90,2011,22,0,0
47839,Historical,165751,0,0,S,2,1,1124957,29.98,2005,29,4.82,52.33
47840,Historical,1454943,0,0,S,2,1,1398599,98.87,2009,16,0,61.01
47841,Historical,2263516,0,0,S,8,1,2000141,210.87,2012,42,0,109.01
47842,Historical,194156,0,0,S,4,1,154339,85,2007,26,26.84,120.72
47843,Historical,277946,1,4,S,3,1,8428,64.71,2010,92,4,45.59
47844,Historical,534085,0,0,S,4,1,35716,64.95,1994,99,32.97,43.94
47845,Historical,1699672,0,0,S,0,0,37257,37.99,2014,16,18.71,26.43
47846,Historical,660483,0,0,S,2,1,486234,54,2005,14,0,0
47847,Historical,501023,0,0,S,12,1,91307,86.99,2012,45,38.96,51.99
47848,Historical,888325,0,0,S,2,1,2748135,99,2007,15,90.29,122.36
47850,Historical,626456,0,0,S,0,0,83344,49.95,2003,34,28.5,38.8
47851,Historical,60286,0,0,S,2,1,1568571,70,1995,77,43.98,33.99
47852,Historical,147140,0,0,S,8,1,2901547,100.95,2007,10,43.99,104.76
47853,Historical,1438250,0,0,S,8,1,336311,116.75,2008,0,0,0
47854,Historical,862006,1,2,S,4,1,24493,69.95,2014,85,26.01,43.97
47856,Historical,3043483,0,0,S,2,1,90032,58.44,2000,14,0,60.03
47857,Historical,276256,0,0,S,2,1,2063566,72,2002,15,0,78.5
47858,Historical,2486467,0,0,S,7,1,269017,69,2014,1,0,69
47859,Historical,860747,1,27,S,10,1,52665,119.95,2012,38,274.51,103.61
47860,Historical,254518,1,40,S,10,1,472673,104.95,2011,92,274.51,66.54
47861,Historical,200176,0,0,S,9,1,2965123,111.95,2005,43,274.51,49.48
47862,Historical,200248,0,0,S,9,1,1335788,124.95,2006,91,274.51,11.99
47863,Historical,290354,1,1,S,2,1,1284200,173,2004,22,93.99,101.98
47864,Historical,200047,0,0,S,9,1,1316140,41.95,2006,33,4.03,66.35
47868,Historical,3212060,0,0,S,0,0,7443,48.97,1999,0,55.06,46.44
47869,Historical,118596,0,0,S,6,1,50300,122.2,2007,57,72.82,48.99
47870,Historical,543726,0,0,S,4,1,12233,115,2013,120,63.39,74
47871,Historical,294174,0,0,S,3,1,430299,89.99,2007,86,25.71,31.81
47872,Historical,203527,0,0,S,2,1,2352991,65.95,2003,35,25.71,11.62
47873,Historical,1933304,1,2,S,3,1,428353,101.95,2012,25,0,105.59
47874,Historical,910535,0,0,S,2,1,2262731,64.95,1999,19,30,44.69
47875,Historical,123881,0,0,S,2,1,3259568,49.95,1997,34,63.66,9.94
47876,Historical,1438684,1,1,S,3,1,292675,22.5,2006,68,0,5.8
47877,Historical,613087,1,1,S,0,0,138465,47.75,2006,158,0,7.33
47878,Historical,1438622,0,0,S,3,1,781865,51.24,2007,32,0,37.98
47879,Historical,2471996,0,0,S,2,1,1449335,85,2004,15,11.84,15.94
47880,Historical,1633934,0,0,S,1,0,169943,39.99,2014,24,26.98,26.24
47882,Historical,897417,0,0,S,7,1,1098626,56.2,2006,24,31.31,3527.34
47883,Historical,648799,0,0,S,3,1,873444,43.99,2007,36,0,43.99
47884,Historical,530435,1,1,S,3,1,12033,100,2012,40,59.52,63.4
47885,Historical,859251,0,0,S,3,1,1918882,85,2005,23,39.83,63.99
47886,Historical,270056,0,0,S,4,1,603731,210,2011,40,43.99,83.97
47887,Historical,626654,0,0,S,0,0,1102646,47,2013,64,133.57,13.24
47888,Historical,117251,0,0,S,2,1,1613756,50.2,2005,31,5.77,23.95
47889,Historical,113833,0,0,S,6,1,745815,93.33,2000,34,6.61,43.98
47890,Historical,877733,0,0,S,13,1,187180,146.67,2014,43,103.98,22.23
47891,Historical,147682,0,0,S,2,1,922092,42.95,2010,12,35.98,33.05
47892,Historical,192721,0,0,S,3,1,1734909,93.95,1998,19,39.98,23.98
47895,Historical,530216,0,0,S,6,1,1214650,44.99,2009,32,6.69,15.71
47896,Historical,1946336,0,0,S,2,1,548030,38.5,2011,18,0,48.08
47897,Historical,545240,0,0,S,4,1,420649,106.95,2013,50,5.38,41.99
47898,Historical,170189,0,0,S,3,1,1115348,130.95,2010,134,5.38,6.99
47900,Historical,285753,0,0,S,3,1,1211182,46.6,2002,49,35.22,90
47901,Historical,1451739,0,0,S,8,1,59278,56.6,2013,12,0,53.17
47902,Historical,50773,0,0,S,9,1,2376871,122,2004,40,113.75,6.1
47903,Historical,147716,0,0,S,7,1,3556123,150,2010,15,49.92,52.82
47904,Historical,1519019,0,0,S,8,1,1232237,163.2,2014,9,0,163.2
47905,Historical,624697,0,0,S,14,1,225211,87.95,2012,27,0,0
47907,Historical,244062,0,0,S,24,1,1350689,57.95,2011,12,46,7.95
47908,Historical,915758,0,0,S,4,1,1441194,51.75,1999,28,53.99,48.48
47909,Historical,551354,1,2,S,1,0,1145908,116.5,2006,45,7.98,13.94
47910,Historical,58332,0,0,S,26,1,1369081,56.64,2010,54,47.04,30.73
47911,Historical,120180,0,0,S,1,0,861671,130,2010,50,0,0
47912,Historical,248861,0,0,S,23,1,1118530,179,2007,38,101.8,28.99
47913,Historical,761566,0,0,S,21,1,422175,61.93,2005,37,0,0
47914,Historical,54496,0,0,S,2,1,2654468,62.95,2002,50,44.98,17.84
47915,Historical,117962,0,0,S,6,1,2658759,100.8,2005,49,28.99,6.49
47916,Historical,145105,0,0,S,8,1,1132962,81.6,2005,49,7.77,12.66
47917,Historical,1679832,0,0,S,47,1,2855074,54.95,2012,24,24.08,10.97
47919,Historical,433453,0,0,S,2,1,10224890,95,2002,13,97.29,18.48
47920,Historical,164293,0,0,S,2,1,1859263,115,2004,16,356.48,50.42
47921,Historical,208569,0,0,S,2,1,1012007,140.2,1999,54,4,66.35
47922,Historical,261418,0,0,S,2,1,2359129,90,2003,16,0,78.99
47923,Historical,203901,0,0,S,11,1,876904,39.95,2007,46,50.63,10.48
47924,Historical,775127,0,0,S,4,1,3028825,59.95,2003,11,79.06,16.95
47925,Historical,435181,0,0,S,4,1,1547886,128.95,2008,16,70.24,32.52
47926,Historical,265318,0,0,S,3,1,409709,106,2006,20,22.6,66.33
47928,Historical,203941,0,0,S,3,1,889913,28.95,2007,67,27.67,18.88
47929,Historical,529658,0,0,S,4,1,455978,36.99,2010,28,27.67,27.67
47930,Historical,120095,0,0,S,2,1,1549337,221.33,2008,85,241.16,23.99
47931,Historical,1453231,0,0,S,4,1,490889,171,2013,14,0,159.12
47932,Historical,538888,0,0,S,42,1,123142,57.5,2013,46,16.43,31.99
47933,Historical,111968,0,0,S,39,1,1982776,54.25,2010,39,16.43,11.99
47934,Historical,112224,0,0,S,2,1,279291,110,2003,44,0,103.13
47935,Historical,878650,0,0,S,2,1,1499493,85.2,1996,26,108.92,16.16
47936,Historical,1483440,0,0,S,2,1,103710,137.33,2013,17,0,117.1
47938,Historical,1604594,1,1,S,1,0,292089,79.5,2012,43,0,49.99
47940,Historical,529359,0,0,S,7,1,341720,82.95,2012,40,75.94,89.79
47941,Historical,50949,0,0,S,4,1,1087017,136.95,2005,71,115.42,13.86
47942,Historical,639321,0,0,S,1,0,328448,35.95,2008,18,31.12,34.96
47943,Historical,107775,0,0,S,5,1,5332448,93.75,2001,20,54.84,43.83
47944,Historical,391310,0,0,S,2,1,3850162,89.95,2003,14,34.13,38.98
47945,Historical,259523,0,0,S,2,1,679790,210,2006,33,6.99,87.05
47946,Historical,624424,0,0,S,5,1,260940,56.75,2006,18,0,0
47947,Historical,717099,0,0,S,5,1,27282,0,2009,14,58.99,0
47948,Historical,1447874,0,0,S,3,1,25580,0,2006,8,0,0
47949,Historical,247899,0,0,S,1,0,254938,105,2008,25,141.99,74.93
47950,Historical,637673,0,0,S,11,1,490000,95,2012,26,0,72.78
47951,Historical,1732889,0,0,S,2,1,1338599,50,2009,14,0,167.73
47952,Historical,201756,0,0,S,2,1,1873653,61.95,2009,18,52.48,31.49
47953,Historical,477897,0,0,S,2,1,5332958,110.95,2009,10,52.48,63.32
47954,Historical,922186,0,0,S,2,1,69728,28.99,1991,86,51.44,21.96
47955,Historical,200484,0,0,S,2,1,838590,119.95,2009,40,31,75.09
47956,Historical,163088,0,0,S,10,1,622596,86.25,2011,38,118,23.94
47957,Historical,58411,0,0,S,5,1,890959,86.95,2011,35,52.89,48.15
47958,Historical,58413,0,0,S,2,1,6594337,55,2001,22,52.89,8.98
47959,Historical,254533,0,0,S,5,1,136911,123.95,2011,88,52.89,67.99
47960,Historical,610133,0,0,S,2,1,296103,116,2013,40,67.94,105
47961,Historical,420379,0,0,S,10,1,4146817,117.33,2001,28,77.99,22.49
47962,Historical,628857,0,0,S,2,1,72019,221.95,2006,33,97.44,156.33
47963,Historical,456511,0,0,S,10,1,1772732,192.95,2010,18,133.99,77.49
47964,Historical,165734,0,0,S,9,1,2155239,11.57,2003,32,146.39,17.99
47965,Historical,60544,0,0,S,10,1,237841,30.55,2006,28,146.39,30.54
47966,Historical,271041,0,0,S,5,1,1111733,46,2010,26,5.13,4.5
47968,Historical,526449,0,0,S,6,1,858008,34.99,2011,24,0,0
47969,Historical,145110,0,0,S,3,1,1239399,27.6,2005,50,0,0
47970,Historical,536972,0,0,S,9,1,54968,107.4,2012,106,78.14,75.03
47971,Historical,2103028,0,0,S,0,0,1281,44.99,2015,16,0,24.15
47972,Historical,224737,0,0,S,2,1,670025,75.95,2010,25,6.99,11.4
47973,Historical,1519104,0,0,S,8,1,831068,99.95,2013,22,0,58.99
47974,Historical,543808,0,0,S,4,1,131596,76.95,2011,57,3.83,13.18
47975,Historical,1826884,0,0,S,3,1,209906,91.95,2015,20,0,73.97
47976,Historical,249869,0,0,S,7,1,1833965,109.95,2006,19,0,18.99
47977,Historical,109923,0,0,S,12,1,678245,111.19,2009,28,128.49,81.84
47978,Historical,109700,0,0,S,7,1,2081102,0,2009,21,68.15,118.33
47979,Historical,114709,0,0,S,6,1,1648932,49.95,2003,52,29.35,4.92
47980,Historical,200018,0,0,S,8,1,1561154,105.95,2004,23,7.99,43.99
47981,Historical,567663,0,0,S,4,1,291835,114.95,2009,49,3.98,42.46
47982,Historical,3462247,0,0,S,2,1,1272438,225,1997,27,14.95,53
47983,Historical,203933,0,0,S,5,1,73828,109.99,2008,41,47.85,55.08
47984,Historical,203354,0,0,S,4,1,328450,82.95,2001,41,47.85,33
47985,Historical,772358,0,0,S,0,0,490393,108.15,2005,56,0,16.64
47986,Historical,144785,0,0,S,2,1,1297129,38.67,2004,93,39.05,11.64
47987,Historical,279765,0,0,S,0,0,258006,39.95,2006,66,38.99,21.99
47989,Historical,202294,0,0,S,2,1,375052,246.95,2003,83,3.99,12.99
47990,Historical,416665,1,1,S,1,0,70040,368.5,2011,38,0,95.77
47991,Historical,534372,0,0,S,2,1,145969,37.95,1993,56,131.92,34.99
47992,Historical,658491,0,0,S,17,1,1248778,64.95,2010,23,38.67,36.26
47994,Historical,909582,0,0,S,2,1,3657903,52,1993,22,4.97,28.94
47996,Historical,3072466,0,0,S,3,1,555805,49.95,2002,26,36.68,106.01
47997,Historical,120670,1,1,S,4,1,1179311,66.67,2008,85,31.43,28.96
47998,Historical,632276,0,0,S,0,0,64968,126.5,2011,40,0,84.99
47999,Historical,635749,1,1,S,0,0,213177,129.25,2011,38,0,105.57
48000,Historical,665215,0,0,S,2,1,432458,53.95,2012,26,0,0
48001,Historical,275280,0,0,S,6,1,27211,45,2010,12,0,0
48002,Historical,528496,0,0,S,5,1,167945,105.6,2011,28,43.49,78.99
48004,Historical,2924522,0,0,S,7,1,1095599,51.75,2015,18,0,50.99
48005,Historical,872278,0,0,S,3,1,5184292,66.95,1996,25,43.29,41.61
48006,Historical,918795,1,1,S,0,0,179309,44.99,2006,39,40.48,19.99
48007,Historical,1441733,0,0,S,8,1,1112113,301.5,2013,19,0,189.93
48008,Historical,248035,0,0,S,2,1,244131,125,2009,38,43.94,76.99
48010,Historical,874755,1,2,S,2,1,665822,77.33,2012,29,27.81,65.94
48011,Historical,529481,0,0,S,2,1,57056,77.33,2012,55,0,59.01
48012,Historical,390132,0,0,S,1,0,510688,57.95,2003,70,0,46.97
48013,Historical,349273,0,0,S,8,1,1288306,126.4,2007,25,4.49,47.29
48014,Historical,615892,0,0,S,3,1,1524169,64,2005,41,57.25,66.81
48015,Historical,2575532,0,0,S,20,1,2300029,121.88,1985,24,33.97,52.02
48016,Historical,586516,0,0,S,5,1,465845,55,2005,25,36.03,25.1
48017,Historical,591766,0,0,S,3,1,154028,57.32,2010,28,0,0
48018,Historical,711579,0,0,S,6,1,1586331,101,2002,89,58.99,11.37
48019,Historical,553322,1,1,S,11,1,462884,233.33,2012,37,58.99,483.04
48020,Historical,203790,0,0,S,3,1,2049289,118.5,2005,20,40.51,63.98
48021,Historical,622089,0,0,S,1,0,304337,56.95,2002,40,0,0
48022,Historical,1515988,0,0,S,7,1,723862,115.09,2011,10,0,23.99
48025,Historical,1516061,0,0,S,4,1,1499565,115.09,2010,4,0,21.31
48026,Historical,859907,0,0,S,5,1,793146,210,2009,26,63.99,33.98
48027,Historical,165275,0,0,S,8,1,544770,223.7,2001,16,38.84,76.78
48028,Historical,145567,0,0,S,3,1,1854151,145.33,2007,45,187.9,97.86
48029,Historical,1517246,0,0,S,11,1,418847,162.67,2014,22,75.97,128.94
48030,Historical,3775878,0,0,S,3,1,42064,44.99,2016,0,0,25.7
48031,Historical,917817,0,0,S,0,0,786953,112.3,2003,40,0,53.99
48032,Historical,1822449,1,1,S,3,1,593629,159.75,2013,13,0,122.18
48033,Historical,571221,0,0,S,2,1,225291,97.19,2011,43,96.94,86.03
48034,Historical,3557940,0,0,S,3,1,353650,67.99,2016,7,0,61.19
48035,Historical,164627,0,0,S,2,1,4224296,141.95,2003,19,86.2,12.87
48036,Historical,743134,0,0,S,3,1,1286346,74.95,2001,18,12.23,85.1
48037,Historical,886614,0,0,S,7,1,1062601,83.95,2013,11,104.42,70.67
48039,Historical,217764,0,0,S,2,1,329094,49.99,2009,66,15.99,39.4
48040,Historical,1907822,0,0,S,2,1,208556,108.95,2009,10,51.94,0
48041,Historical,1908222,0,0,S,2,1,2044664,119.95,2010,18,51.94,418.4
48042,Historical,1943453,0,0,S,2,1,592417,113.31,2012,12,0,108.99
48043,Historical,1518932,0,0,S,7,1,1323698,224.93,2013,16,121.18,43.99
48044,Historical,861528,0,0,S,7,1,1208306,182.65,2013,21,0,123.18
48045,Historical,171500,0,0,S,0,0,186371,47.95,1996,37,14.34,30.57
48046,Historical,126111,0,0,S,2,1,581270,59.5,2000,37,41.96,49.98
48047,Historical,106195,0,0,S,6,1,1128579,99,2005,30,0,13.95
48048,Historical,56187,0,0,S,4,1,355708,59.95,2011,197,46.33,8.48
48049,Historical,254145,0,0,S,1,0,950293,131.95,2010,51,4.1,41.95
48050,Historical,178945,1,3,S,1,0,145502,204.95,2010,35,0,53.99
48051,Historical,527946,1,1,S,11,1,76334,83.95,2012,33,74.95,74.54
48052,Historical,1772311,1,1,S,2,1,814169,65.95,2011,75,59.29,13.98
48053,Historical,2168118,0,0,S,16,1,202082,49.49,2013,15,0,16.48
48055,Historical,1878894,1,4,S,10,1,2046391,46.25,2008,18,0,24.88
48057,Historical,607980,0,0,S,17,1,1245367,38.95,2002,76,0,33.99
48058,Historical,147575,0,0,S,5,1,525290,59.95,2008,52,29.74,33.76
48059,Historical,630870,0,0,S,8,1,2140008,47.95,2007,30,6.93,17.89
48060,Historical,561697,0,0,S,8,1,3036559,39.95,2008,36,31.09,14.29
48061,Historical,860423,1,1,S,3,1,1001043,115.95,2011,19,46.37,14.08
48062,Historical,1518836,0,0,S,4,1,104483,41.95,2014,1,0,1379.35
48063,Historical,298873,0,0,S,3,1,1131469,128.61,2011,12,0,18.74
48064,Historical,1518059,0,0,S,7,1,1889562,364.95,2009,12,303.97,29.49
48065,Historical,2191685,0,0,S,2,1,1481859,79.99,2015,21,58.53,57.64
48066,Historical,143747,1,2,S,5,1,1775944,59.95,1995,29,147.22,48.83
48067,Historical,704370,0,0,S,5,1,1197136,28.98,2007,48,132.98,28.98
48069,Historical,398389,0,0,S,0,0,548307,69.95,2007,23,0,55.36
48070,Historical,527725,0,0,S,4,1,885387,95,2010,18,0,68.75
48071,Historical,612823,0,0,S,1,0,1166980,209.95,2009,132,0,16.98
48072,Historical,580856,0,0,S,2,1,443240,75.95,2006,28,6.79,54.09
48074,Historical,527673,0,0,S,2,1,132874,51.99,2009,19,33.54,38.97
48076,Historical,879251,0,0,S,8,1,1960716,152.95,1998,42,45.8,62.51
48078,Historical,1517923,0,0,S,4,1,5721127,61.95,2007,4,40.96,11.38
48079,Historical,499519,0,0,S,5,1,1111593,129,2010,11,64.98,381.87
48080,Historical,2918967,0,0,S,2,1,893095,59.99,2015,9,0,40.98
48081,Historical,655522,0,0,S,2,1,80066,123.9,2011,32,21.43,114.59
48082,Historical,744039,0,0,S,14,1,1111993,113.95,2012,15,36.47,92.99
48083,Historical,2014562,1,1,S,3,1,87049,136.25,2014,15,0,43.98
48084,Historical,57628,0,0,S,4,1,3795073,121.93,2001,28,59.5,17.76
48085,Historical,904496,0,0,S,43,1,2550652,297,2013,14,53.87,140.72
48086,Historical,527532,0,0,S,8,1,63007,59.99,2013,47,35.37,38.97
48087,Historical,145651,0,0,S,6,1,307803,69.99,2007,32,35.37,27.79
48088,Historical,176994,0,0,S,2,1,336106,238.95,2005,46,18.99,58.99
48089,Historical,3104290,0,0,S,0,0,84771,0,2005,4,23.47,33.99
48090,Historical,789381,0,0,S,4,1,1606221,275,2004,18,233.36,72.98
48091,Historical,1588151,0,0,S,2,1,616486,55.25,2008,18,0,32.42
48092,Historical,147174,0,0,S,4,1,764825,145,2006,28,91.79,35.99
48093,Historical,2022101,0,0,S,3,1,6902499,119.95,2006,14,146.61,49.91
48094,Historical,253934,0,0,S,6,1,501177,43.95,2010,19,4,16.47
48095,Historical,2022180,0,0,S,15,1,788232,149.95,2015,12,128.99,113.96
48096,Historical,435995,0,0,S,10,1,4059468,210.95,2005,21,86.72,8.98
48097,Historical,608977,0,0,S,3,1,3717703,57.95,2002,21,26.06,38.83
48098,Historical,235127,0,0,S,6,1,268485,36.95,2007,40,33.08,28.94
48099,Historical,617988,0,0,S,1,0,103108,133,2007,40,76.18,63.95
48100,Historical,252562,0,0,S,6,1,482163,40.5,2007,30,12.61,23.89
48101,Historical,1964730,0,0,S,6,1,4147460,173.98,2012,11,154.25,173.83
48102,Historical,578967,0,0,S,5,1,4239443,77.95,2010,13,27.37,61.75
48103,Historical,3462652,0,0,S,8,1,150697,60,2015,13,0,36.31
48104,Historical,609205,0,0,S,3,1,457878,59.95,2007,51,42.9,14.99
48105,Historical,1483414,1,1,S,2,1,426112,240.87,2013,17,0,217.93
48106,Historical,52617,0,0,S,11,1,464885,117.8,2009,54,78.94,18.99
48107,Historical,2551412,1,2,S,4,1,3023761,81.95,2002,18,32.76,59.53
48108,Historical,298476,0,0,S,3,1,129895,247.95,2006,62,21.11,78.98
48109,Historical,867334,0,0,S,2,1,1997093,59.99,2014,14,42.68,58.63
48110,Historical,254015,0,0,S,3,1,955730,143,2010,42,55.13,62.55
48111,Historical,664721,0,0,S,37,1,1827736,67.95,2013,15,45.42,45.24
48113,Historical,2085924,0,0,S,0,0,283821,62.99,2013,8,40.88,42.99
48114,Historical,764306,0,0,S,3,1,63451,0,2005,0,72.99,0
48115,Historical,613285,0,0,S,4,1,1475862,168,2006,51,121.99,53.49
48116,Historical,639289,0,0,S,0,0,162876,46,2008,26,0,34.51
48117,Historical,118285,0,0,S,0,0,900429,200,2012,30,46.97,52.67
48118,Historical,108983,0,0,S,10,1,633817,21.99,2004,15,0,17.89
48119,Historical,544593,0,0,S,12,1,513088,68.95,2013,15,0,92.73
48120,Historical,646517,1,2,S,2,1,417122,120.75,2008,20,168.83,112.98
48121,Historical,876070,1,18,S,2,1,583618,125.75,2013,30,118.97,80.44
48122,Historical,207577,0,0,S,2,1,3037587,139,2000,14,103.91,42.54
48123,Historical,526923,0,0,S,2,1,3946362,102,2011,25,54.98,35.58
48124,Historical,261965,0,0,S,2,1,4081810,249.95,2005,17,148.93,87.89
48125,Historical,2076808,0,0,S,2,1,660862,59.95,2014,12,0,57.33
48127,Historical,664439,0,0,S,2,1,392178,49.95,2013,21,27.28,14.72
48130,Historical,802685,0,0,S,0,0,5580,49.99,2008,1,32.62,41.98
48131,Historical,178483,0,0,S,2,1,3532923,84.2,2002,23,53.72,50.49
48132,Historical,561690,0,0,S,7,1,1243851,99.95,2009,18,0,53.98
48133,Historical,655605,0,0,S,3,1,906235,61.95,2010,22,28.71,33.99
48134,Historical,743676,0,0,S,2,1,2037604,49.95,2005,29,28.71,54.05
48135,Historical,1618619,0,0,S,0,0,120545,39.95,2012,16,40.27,33.81
48136,Historical,738283,0,0,S,2,1,3213722,63.34,2000,15,48.98,59.03
48137,Historical,609093,1,1,S,4,1,507248,194.95,1999,88,90.2,11.95
48138,Historical,619757,0,0,S,0,0,239805,217,2012,97,50.97,64.19
48139,Historical,630274,0,0,S,2,1,323366,49.75,2003,24,23.45,35.22
48140,Historical,905322,0,0,S,8,1,139292,106.3,2012,24,4.98,28.96
48141,Historical,386549,0,0,S,20,1,3110215,55,2004,14,21.99,23.99
48142,Historical,259714,0,0,S,7,1,37345,24.95,2007,52,0,0
48143,Historical,614170,0,0,S,3,1,1160664,110,1993,74,53.76,23.99
48144,Historical,704447,0,0,S,5,1,1125881,20.31,2002,25,37.26,13.92
48145,Historical,538495,0,0,S,9,1,33832,78,2012,74,37.26,41.22
48146,Historical,635571,0,0,S,2,1,612389,111.95,2013,22,0,75.97
48147,Historical,186006,0,0,S,5,1,429791,34.99,2011,27,16.32,25.51
48148,Historical,185977,0,0,S,5,1,302126,44.99,2006,64,8.73,15.87
48149,Historical,249225,0,0,S,2,1,457636,39.95,2009,124,33.08,8.98
48150,Historical,2373917,0,0,S,3,1,959907,32.75,2004,53,0,10.36
48152,Historical,2157678,0,0,S,2,1,1806568,0,2006,16,0,60.23
48154,Historical,540635,0,0,S,4,1,123958,100.8,2012,48,10.23,52.86
48155,Historical,533319,0,0,S,4,1,267539,68,2011,28,45,66.99
48156,Historical,107925,0,0,S,5,1,492339,173.13,2003,30,0,19.97
48159,Historical,648629,0,0,S,9,1,637859,99.95,2010,20,7.92,28.99
48160,Historical,1569337,0,0,S,2,1,1392394,125,2010,31,63.99,71.24
48161,Historical,1719638,0,0,S,4,1,148223,67.75,2012,9,0,57.83
48162,Historical,632103,0,0,S,8,1,608479,216.2,2012,23,86.46,48.99
48164,Historical,642059,0,0,S,0,0,182240,289.95,2013,49,66.74,144.77
48165,Historical,1910430,0,0,S,2,1,1881562,40.95,2012,5,0,52.55
48167,Historical,278426,0,0,S,0,0,226145,36.95,2004,41,0,19.95
48168,Historical,54935,0,0,S,6,1,293412,132.4,2007,35,106.88,43.99
48169,Historical,616040,0,0,S,2,1,369917,67,2009,59,49.55,10.92
48170,Historical,737650,0,0,S,10,1,1359183,40,2007,20,13.9,126.83
48171,Historical,56556,0,0,S,5,1,1232894,38.95,2004,110,0,5.94
48172,Historical,892409,0,0,S,19,1,1931484,99.95,2011,15,161.37,34.03
48173,Historical,1456139,1,1,S,2,1,450638,65,2014,19,0,33.99
48174,Historical,193670,0,0,S,2,1,198504,77.95,2010,25,0,0
48175,Historical,1454968,1,1,S,9,1,558638,76.4,2014,7,0,67.52
48176,Historical,1575170,0,0,S,2,1,1590769,68.95,2010,14,0,113.91
48177,Historical,540068,0,0,S,4,1,531538,110,2011,31,24.54,13.94
48178,Historical,644591,0,0,S,2,1,776530,104.95,2012,12,0,0
48179,Historical,1827195,0,0,S,6,1,474064,144.95,2014,30,91.98,123.98
48182,Historical,1879566,1,1,S,3,1,744121,165.95,2007,21,101.5,41.64
48183,Historical,290990,0,0,S,4,1,253962,153.95,2011,43,101.5,144.7
48184,Historical,1575133,0,0,S,7,1,1050790,122.95,2011,29,40,36.21
48185,Historical,611683,0,0,S,2,1,934487,64.43,2012,16,19.99,126.65
48187,Historical,525948,0,0,S,8,1,179377,90.95,2011,56,61.39,68.98
48188,Historical,2926230,0,0,S,6,1,1600181,55.95,2013,8,0,59.95
48189,Historical,1574916,0,0,S,5,1,536472,69.95,2009,12,0,602.99
48190,Historical,3717980,0,0,S,10,1,202374,102.95,2016,17,0,68.94
48191,Historical,533885,0,0,S,8,1,1915887,74.95,2009,41,46.9,18.09
48192,Historical,61048,0,0,S,7,1,2080203,48.95,2006,21,46.9,60.71
48193,Historical,607072,0,0,S,9,1,1643261,69.81,2009,33,12.98,64
48194,Historical,764381,0,0,S,6,1,1823509,59.95,2005,23,66.97,72.33
48195,Historical,111523,1,1,S,8,1,153232,108,2011,45,0,18.99
48196,Historical,550390,0,0,S,7,1,494683,108,2008,40,0,23.99
48197,Historical,530235,0,0,S,9,1,867705,93.95,2011,44,65.74,47.16
48198,Historical,764136,0,0,S,3,1,12550883,93.95,2005,12,24.99,46.78
48199,Historical,911132,1,1,S,8,1,1239552,100.95,2010,18,60.1,21.03
48200,Historical,861692,0,0,S,10,1,1207746,95.95,2013,17,4.71,49.63
48201,Historical,862308,1,5,S,11,1,40952,66.95,2014,20,50.99,41.99
48202,Historical,665376,0,0,S,7,1,503335,84.95,2012,32,0,65.12
48203,Historical,622652,1,1,S,12,1,442381,40,2010,46,38.06,13.36
48204,Historical,525105,0,0,S,4,1,1125127,98.95,2008,27,4,23.99
48205,Historical,764517,0,0,S,2,1,1189449,96.95,2004,17,59.82,62.72
48206,Historical,743080,0,0,S,3,1,1662635,44.2,2013,20,13.18,44.2
48207,Historical,540579,0,0,S,4,1,1457431,42,2010,16,0,134.07
48209,Historical,290905,0,0,S,5,1,2341371,108.95,2007,32,72.29,48.07
48210,Historical,530258,0,0,S,6,1,937012,102.95,2010,76,72.29,28.64
48211,Historical,570489,0,0,S,9,1,1315112,106.95,2010,31,0,43.99
48212,Historical,868352,0,0,S,9,1,1503840,92.95,2008,40,4.89,10.96
48213,Historical,169449,0,0,S,3,1,1620287,77.95,2006,34,32.14,44.99
48214,Historical,540587,1,1,S,5,1,284611,45.6,2011,25,42.94,39.9
48215,Historical,561478,0,0,S,7,1,1247343,44.2,2012,35,8.97,31.66
48216,Historical,530255,0,0,S,13,1,407123,45.6,2010,29,28.69,38.25
48217,Historical,656914,0,0,S,8,1,225295,123.95,2012,31,3.85,54.43
48218,Historical,530250,0,0,S,9,1,1353049,95.95,2010,28,9.69,73.51
48219,Historical,541102,0,0,S,8,1,1079767,88.95,2008,29,0,12.97
48220,Historical,1574418,0,0,S,4,1,693159,104.95,2007,17,0,73.27
48221,Historical,544725,0,0,S,10,1,327946,97.95,2013,24,47.74,75.74
48222,Historical,862311,0,0,S,6,1,606147,97.95,2014,21,73.43,63.99
48223,Historical,632906,0,0,S,6,1,897454,87.95,2011,25,84.02,51.55
48224,Historical,169445,0,0,S,7,1,4041325,54.95,2006,24,33.11,40.69
48225,Historical,346204,0,0,S,3,1,1350908,76.95,2007,35,29.51,46.53
48226,Historical,630030,0,0,S,2,1,1342114,40,2010,34,0,11.84
48227,Historical,540573,0,0,S,9,1,448445,45.6,2011,19,28.49,36.77
48228,Historical,795808,0,0,S,7,1,1487546,105.95,2011,20,0,88.97
48229,Historical,569587,0,0,S,3,1,646567,161.95,2005,101,57.13,11.87
48230,Historical,608526,0,0,S,11,1,1294159,109.95,2005,37,97.49,10.04
48231,Historical,169652,0,0,S,12,1,1391021,114.95,2007,26,97.49,26.75
48232,Historical,542217,0,0,S,11,1,1615847,73.95,2004,28,0,80.69
48233,Historical,567448,0,0,S,4,1,289963,99.95,2005,23,4.33,55.14
48234,Historical,1782590,0,0,S,4,1,556481,98.95,2012,45,0,186.17
48235,Historical,346371,0,0,S,5,1,635148,62.95,2009,14,0,25.95
48236,Historical,540651,0,0,S,10,1,88307,45.6,2012,26,0,0
48237,Historical,567549,0,0,S,4,1,298674,137.95,2008,29,24.99,46.99
48238,Historical,570751,0,0,S,5,1,1423622,79.95,2008,27,0,7.64
48239,Historical,533597,0,0,S,6,1,88955,79.95,2012,49,158.99,57.39
48240,Historical,623444,0,0,S,13,1,253185,47.8,2011,79,15.65,38.47
48241,Historical,795273,0,0,S,6,1,1290860,127.95,2010,27,43.38,73.89
48242,Historical,541711,1,1,S,10,1,35272,82,2013,89,38.84,58.98
48243,Historical,865250,0,0,S,3,1,751606,101.5,2013,16,0,88.36
48244,Historical,1671278,0,0,S,6,1,1588464,42.95,2007,15,39.89,40.39
48245,Historical,532212,0,0,S,5,1,219068,97.95,2010,53,73.43,46.96
48246,Historical,525898,0,0,S,9,1,285611,101.95,2008,83,47.74,17.99
48247,Historical,766968,0,0,S,2,1,756683,104.95,2010,26,4,68.93
48248,Historical,561325,0,0,S,5,1,788250,42,2010,54,4,20
48249,Historical,629131,0,0,S,2,1,191240,102.25,2012,58,7.52,56.63
48250,Historical,525925,0,0,S,12,1,335963,94.95,2011,16,4.77,90.29
48251,Historical,619743,0,0,S,2,1,394314,46.67,2012,41,7.98,33.43
48253,Historical,608461,0,0,S,14,1,1299678,96.95,2007,26,0,49.33
48254,Historical,778266,0,0,S,8,1,1788431,72.95,2002,77,0,9.59
48255,Historical,1455860,0,0,S,14,1,373076,52.8,2015,18,0,40.66
48256,Historical,892751,0,0,S,6,1,764757,45.6,2014,16,44.17,45.36
48257,Historical,3473256,0,0,S,10,1,378121,45,2016,2,0,45
48258,Historical,868243,0,0,S,13,1,341779,45.6,2014,20,33.82,45.6
48260,Historical,540659,0,0,S,5,1,33504,45.6,2013,44,32.96,32.98
48261,Historical,285974,0,0,S,1,0,373431,83.4,2007,39,0,61.21
48262,Historical,525893,0,0,S,7,1,228996,102.2,2012,32,36.84,76.79
48263,Historical,525894,0,0,S,7,1,284830,93.4,2012,33,7.04,28.61
48264,Historical,557607,0,0,S,5,1,174960,54.6,2010,42,30.06,40.36
48265,Historical,712309,0,0,S,4,1,1175664,52.2,2003,37,36.84,13.99
48266,Historical,561268,0,0,S,12,1,2101985,62.4,2009,30,48.84,57.35
48267,Historical,561267,0,0,S,6,1,819018,74.2,2009,42,7.04,6.49
48268,Historical,606993,0,0,S,12,1,4081768,48.67,2006,12,53.97,36.27
48269,Historical,525889,1,1,S,20,1,320633,104.95,2010,44,0,41.96
48270,Historical,562165,0,0,S,10,1,985103,72.95,2009,14,0,33.98
48271,Historical,538588,0,0,S,16,1,927762,65.91,2011,39,0,58.46
48272,Historical,861716,0,0,S,25,1,897219,65.95,2013,18,18.54,22.96
48273,Historical,544724,0,0,S,12,1,1766037,65.95,2013,13,0,63.99
48274,Historical,525885,0,0,S,10,1,1291515,62.8,2011,30,28.99,23.98
48275,Historical,570720,0,0,S,8,1,1562877,75.95,2007,34,12.99,44.53
48276,Historical,608085,0,0,S,10,1,770140,69.95,2009,19,9.79,41.97
48277,Historical,608098,0,0,S,6,1,1338747,72.95,2009,28,0,45.3
48278,Historical,148170,0,0,S,4,1,8355585,49.95,2003,17,44.99,48.48
48279,Historical,810241,0,0,S,5,1,1866051,80.95,2010,12,0,130.79
48280,Historical,608472,0,0,S,5,1,1160685,58.95,2009,26,0,103.23
48281,Historical,622715,0,0,S,3,1,1082405,78.95,2008,27,0,42.94
48282,Historical,914823,0,0,S,8,1,188620,112.95,2010,41,15.39,41.98
48283,Historical,795612,0,0,S,13,1,674241,83.95,2011,12,0,53.16
48284,Historical,525842,0,0,S,10,1,797508,66.95,2008,20,6.44,98.11
48285,Historical,627907,0,0,S,6,1,301041,111.95,2012,52,10.57,51.53
48286,Historical,861714,0,0,S,21,1,509862,41.95,2013,13,0,29.39
48287,Historical,417107,0,0,S,3,1,1048382,28.99,2009,28,50.75,28.99
48288,Historical,898964,0,0,S,9,1,1154859,53,2014,34,0,47.97
48289,Historical,203873,0,0,S,11,1,431056,26.95,2006,97,0,0
48291,Historical,525765,0,0,S,6,1,917637,64.75,2007,27,13.01,33.98
48292,Historical,544692,1,1,S,9,1,131234,120.95,2013,27,62.74,73.99
48293,Historical,525759,0,0,S,20,1,233190,110.95,2010,36,5.99,32.61
48294,Historical,543739,1,2,S,4,1,216443,91.95,2013,42,48.99,53.98
48295,Historical,525699,0,0,S,1,0,545148,60,2012,70,15.35,17.2
48296,Historical,51877,0,0,S,7,1,531135,181.95,2007,58,93.99,13.48
48297,Historical,111961,1,1,S,10,1,690419,48.99,2011,38,0,44.51
48298,Historical,111348,0,0,S,6,1,252051,0,2009,21,0,0
48299,Historical,1822613,0,0,S,5,1,661720,53.86,2015,22,0,54.82
48300,Historical,525668,0,0,S,4,1,33612,70.25,2012,27,0,55.35
48301,Historical,111943,0,0,S,3,1,645477,90.05,2010,45,0,63
48302,Historical,3547557,0,0,S,2,1,3376996,12.95,2002,22,0,43.83
48304,Historical,868112,0,0,S,3,1,24076,72,2014,18,67.25,56.84
48306,Historical,116339,0,0,S,5,1,996577,160.73,2010,27,85.7,135.1
48307,Historical,51247,0,0,S,3,1,1977695,82,2002,67,85.7,9.99
48308,Historical,118889,0,0,S,3,1,69765,172.8,2008,47,24.84,44.57
48309,Historical,346150,1,2,S,11,1,7454399,55.95,2008,10,111.57,137.17
48310,Historical,58286,0,0,S,5,1,1757918,135,2001,43,98.09,38.96
48311,Historical,2678120,0,0,S,7,1,1871637,325,2004,14,239.98,43.49
48312,Historical,862960,0,0,S,2,1,160714,49.95,2001,21,0,0
48313,Historical,248830,0,0,S,2,1,2025393,68.95,2006,41,8.42,4.13
48314,Historical,222278,0,0,S,7,1,170574,60,2010,24,15.49,38.98
48315,Historical,3043489,0,0,S,0,0,183325,254.95,1998,2,0,78.99
48316,Historical,205310,0,0,S,4,1,2464177,50.95,1998,28,5.64,48.79
48317,Historical,50052,0,0,S,5,1,1551604,60.62,1999,55,78.46,19.43
48318,Historical,2007026,0,0,S,3,1,97994,18.95,2007,155,0,7.52
48319,Historical,1855497,0,0,S,16,1,137345,44.99,2015,13,0,30.54
48321,Historical,409172,1,1,S,10,1,45426,60,2010,76,43.98,70.99
48322,Historical,865230,0,0,S,3,1,1485065,44.95,2014,24,41.58,34.73
48323,Historical,564806,0,0,S,2,1,534767,41.95,2010,24,41.58,35.1
48324,Historical,2205736,0,0,S,0,0,268624,14.99,2013,27,21.09,10.51
48325,Historical,439836,0,0,S,3,1,3462,89,2012,98,43,63.56
48326,Historical,439837,0,0,S,3,1,4035,89,2012,77,43,64.05
48327,Historical,3043479,0,0,S,0,0,559986,254.95,2001,12,0,46.49
48328,Historical,161154,0,0,S,3,1,85029,19.95,2009,71,11.62,17.99
48329,Historical,268502,0,0,S,4,1,162048,75,2008,38,51.26,46.54
48330,Historical,261373,0,0,S,3,1,1338082,65,2003,42,51.26,13.98
48331,Historical,292507,0,0,S,0,0,449643,38.5,2002,24,28.26,36.36
48332,Historical,287027,0,0,S,2,1,2381590,155,2003,16,122.89,144.76
48333,Historical,546385,0,0,S,3,1,1852724,56.95,2003,18,42.12,18.98
48334,Historical,862382,0,0,S,2,1,196713,80.95,2014,37,38.99,47.94
48335,Historical,1872617,0,0,S,0,0,143663,39.99,2010,11,26.57,25.23
48338,Historical,2205803,0,0,S,2,1,6170,39.99,2014,28,21.09,28.3
48339,Historical,2205734,0,0,S,0,0,52377,14.99,2013,25,21.09,10.37
48341,Historical,630141,0,0,S,4,1,950502,75.95,2008,24,39.89,55.93
48342,Historical,204140,0,0,S,2,1,1254667,49.99,2008,22,8.62,47.98
48344,Historical,61004,0,0,S,2,1,3479659,101.33,2006,37,58.56,8.99
48346,Historical,614956,0,0,S,2,1,738840,46.58,2003,58,0,20.51
48347,Historical,1900470,0,0,S,4,1,665603,162.95,2009,18,0,43.99
48348,Historical,833001,0,0,S,4,1,2686516,100,2001,13,43.49,1295.75
48349,Historical,61133,0,0,S,4,1,590401,124.2,2002,60,120.63,18.99
48350,Historical,1621669,0,0,S,7,1,388150,45.16,2006,0,0,0
48351,Historical,639944,0,0,S,1,0,73376,54.99,2011,13,0,0
48352,Historical,248422,0,0,S,4,1,248876,297.95,2006,88,9.32,45.96
48353,Historical,224384,0,0,S,3,1,128028,268.95,2002,28,9.32,77.77
48354,Historical,1565499,1,1,S,2,1,269394,25,2010,67,15.95,10.76
48355,Historical,572623,0,0,S,3,1,1862553,58.99,2002,17,23.42,74.77
48356,Historical,570455,0,0,S,2,1,229943,76.95,2009,32,27.99,17.84
48357,Historical,762076,0,0,S,2,1,3189595,170,2006,19,167.57,47.47
48358,Historical,649130,0,0,S,3,1,408376,66,2007,31,49.19,43.99
48359,Historical,625581,0,0,S,2,1,1291383,41.47,1992,39,49.19,44.05
48360,Historical,1623363,0,0,S,9,1,1480533,199.95,2008,27,0,102.33
48361,Historical,2154083,0,0,S,2,1,1509944,85.51,2009,20,0,119.23
48362,Historical,233817,0,0,S,3,1,1998854,75.3,2002,36,101.34,17.99
48363,Historical,553960,0,0,S,4,1,822689,48.73,2012,10,0,0
48364,Historical,2263026,0,0,S,12,1,660513,46.81,2010,36,72.02,37.83
48365,Historical,560825,0,0,S,2,1,369512,131.2,2004,64,17.96,43.53
48366,Historical,157567,0,0,S,3,1,608766,46.95,2009,40,78.99,77.34
48367,Historical,1855502,0,0,S,17,1,114500,44.99,2015,24,28.97,30.73
48368,Historical,533749,0,0,S,5,1,209790,199.2,2012,63,166.03,44.36
48370,Historical,1506517,0,0,S,5,1,1408026,50,2012,20,62.51,50
48372,Historical,300642,0,0,S,2,1,1234237,37,2009,20,23.6,45.13
48374,Historical,525258,0,0,S,8,1,1588478,69.95,2008,46,8.76,4
48375,Historical,803791,0,0,S,4,1,4682140,59.95,2005,16,38.88,4
48376,Historical,254609,0,0,S,5,1,975506,74.95,2011,45,71.93,14.09
48377,Historical,561717,0,0,S,8,1,974137,71.95,2010,67,0,4.9
48378,Historical,525253,0,0,S,5,1,1550853,74.95,2011,71,4.2,4.99
48379,Historical,540951,0,0,S,9,1,818560,74.95,2010,55,75.98,5.44
48380,Historical,593981,0,0,S,6,1,1378396,71.95,2009,53,4.19,5.11
48381,Historical,619711,0,0,S,5,1,1838649,71.95,2009,34,38.88,4.09
48382,Historical,154065,0,0,S,3,1,17995,30.75,2010,279,19.15,12.89
48383,Historical,666671,0,0,S,2,1,486025,56.99,2012,16,13.32,13.26
48384,Historical,627152,0,0,S,2,1,458566,46.5,2008,16,32.66,39.64
48385,Historical,1936184,0,0,S,2,1,492565,46.99,2016,0,0,48.99
48387,Historical,768750,0,0,S,4,1,2188940,53.16,2000,28,144.03,71.51
48388,Historical,170105,0,0,S,6,1,765091,105.95,2010,40,0,38.89
48389,Historical,851003,0,0,S,6,1,3736901,77.96,2000,34,144.03,31.94
48390,Historical,644375,0,0,S,2,1,17019,39.95,2013,71,8.49,24.42
48391,Historical,135661,0,0,S,1,0,345167,39.95,2010,69,8.49,15.27
48392,Historical,167368,0,0,S,4,1,3727474,55,2006,18,0,10.98
48393,Historical,751809,0,0,S,15,1,3849246,82.95,2010,9,0,134.29
48394,Historical,162994,0,0,S,8,1,1165526,55,2010,46,0,7.99
48395,Historical,163453,0,0,S,38,1,1945635,59.95,2011,25,0,25.95
48396,Historical,1780384,0,0,S,9,1,1286345,40,2013,37,0,11.11
48397,Historical,1780875,0,0,S,13,1,358445,65,2014,24,0,43.98
48400,Historical,612300,0,0,S,11,1,1037960,135,2014,24,229.48,28.99
48401,Historical,566855,0,0,S,4,1,2672714,87,2007,14,229.48,22.58
48402,Historical,525129,0,0,S,9,1,1514841,130,2012,20,78.99,58.85
48403,Historical,647948,0,0,S,2,1,1310838,99.95,2008,23,65.45,47.16
48404,Historical,1780601,0,0,S,3,1,1724155,115,2014,23,0,70.17
48405,Historical,1638647,0,0,S,2,1,100347,15.95,2010,51,0,9.98
48407,Historical,525090,0,0,S,6,1,182296,34.95,2010,93,29.73,24.52
48408,Historical,806987,0,0,S,4,1,4033517,83.95,2006,15,27.54,16.49
48409,Historical,795092,0,0,S,5,1,348293,80.95,2012,21,27.54,28.99
48410,Historical,386711,0,0,S,2,1,368572,58.95,2008,27,23.97,42.95
48411,Historical,2486392,0,0,S,6,1,407686,42.95,2015,14,45.69,39.97
48412,Historical,907204,0,0,S,2,1,604648,60.95,2008,13,56.6,49.99
48413,Historical,1771726,0,0,S,2,1,2122011,47.95,2011,17,0,47.95
48414,Historical,1910413,0,0,S,2,1,934433,65.95,2011,18,0,60.95
48415,Historical,1879588,0,0,S,6,1,1237017,130.95,2008,29,0,9.98
48416,Historical,608074,0,0,S,22,1,2504682,128.95,2006,35,0,8.98
48417,Historical,525044,0,0,S,24,1,1181804,65.95,2011,22,58.7,10.98
48418,Historical,1827301,0,0,S,13,1,522157,59.95,2015,14,0,52.98
48419,Historical,183540,0,0,S,10,1,2835367,67.95,2007,17,42.19,8.2
48420,Historical,179082,0,0,S,8,1,1502903,40.95,2005,24,35.29,18.98
48421,Historical,544721,0,0,S,12,1,599178,57.95,2013,31,0,38.99
48422,Historical,544722,0,0,S,12,1,1201463,65.95,2013,23,0,31.98
48424,Historical,567626,0,0,S,12,1,757800,195.95,2009,49,58.99,8.98
48425,Historical,2345702,0,0,S,0,0,661255,92.3,1994,56,113.98,46.67
48426,Historical,293641,0,0,S,2,1,1375406,71.1,2007,11,0,135.29
48427,Historical,660838,0,0,S,15,1,579269,44.99,2013,44,23.99,37.03
48428,Historical,61228,0,0,S,7,1,610480,23.23,2005,78,116.36,20.5
48429,Historical,131653,0,0,S,6,1,3359123,142,2003,50,50.8,5.47
48430,Historical,434749,0,0,S,4,1,1257072,136.4,2008,79,73.65,24.54
48431,Historical,120491,0,0,S,1,0,538445,52.4,2002,25,30.19,25.43
48432,Historical,108532,1,1,S,5,1,1010135,7.49,2005,102,156.94,10.99
48433,Historical,2415803,0,0,S,3,1,732389,49.95,2003,37,11.89,47.5
48434,Historical,612931,0,0,S,1,0,762185,65.95,2007,89,25.11,18.99
48435,Historical,170204,0,0,S,2,1,385165,61.95,2011,120,25.11,10.03
48436,Historical,920976,0,0,S,2,1,652869,49.95,2011,54,15.55,12.54
48437,Historical,204007,0,0,S,1,0,1014864,89,2007,23,47.99,31.28
48438,Historical,2877049,1,1,S,2,1,1264215,45.5,2003,24,64.41,37.69
48439,Historical,147479,1,3,S,2,1,919440,55.95,2006,29,55.99,53.99
48440,Historical,897463,0,0,S,2,1,2139050,39.95,2002,19,39.19,20.93
48441,Historical,2039356,0,0,S,2,1,1132064,152,2014,8,73.99,83.98
48442,Historical,263371,0,0,S,0,0,299885,79,2006,28,82.23,106.95
48443,Historical,545923,1,2,S,1,0,60601,99.95,2013,42,95.21,43.99
48444,Historical,868270,1,12,S,1,0,105721,99.95,2014,62,95.21,23.93
48445,Historical,115606,0,0,S,1,0,761340,100.6,2004,54,22.54,53.39
48446,Historical,703336,0,0,S,1,0,808444,45,2005,85,23.99,12.97
48447,Historical,2672236,0,0,S,3,1,2033320,75.95,2002,18,30.96,42.98
48448,Historical,905297,1,2,S,0,0,248140,49.98,2013,21,165.17,36.99
48449,Historical,244092,0,0,S,3,1,933876,145.95,2011,87,77.99,10.71
48450,Historical,918174,0,0,S,1,0,957321,94.95,2000,37,18.24,14.49
48451,Historical,269747,0,0,S,2,1,1264001,54.99,2006,30,5.83,11.54
48452,Historical,255664,0,0,S,1,0,167821,49.95,2002,29,58.9,28.99
48453,Historical,161488,0,0,S,2,1,2395514,130,2006,25,38.53,25.39
48454,Historical,626753,0,0,S,2,1,2028368,74.95,2006,20,53.27,13.64
48455,Historical,625252,1,1,S,2,1,340948,32.6,2010,60,28.72,8.98
48456,Historical,55622,0,0,S,3,1,489353,31.5,2008,37,32.15,45.86
48457,Historical,55624,0,0,S,2,1,424409,34.2,2003,53,32.15,8.49
48458,Historical,649967,0,0,S,20,1,1450882,199,2012,14,60.64,43.82
48459,Historical,633571,0,0,S,4,1,2557975,132,1998,21,113.12,45.07
48460,Historical,606976,0,0,S,8,1,797776,7.94,2006,61,31.09,18.99
48461,Historical,714528,0,0,S,1,0,841124,99.8,2001,43,102.99,33.99
48462,Historical,132328,0,0,S,1,0,21230,58.4,2007,81,60.73,25.98
48463,Historical,540604,1,1,S,9,1,1027075,51,2011,29,17.48,7.48
48464,Historical,532537,0,0,S,3,1,674782,66.95,2010,35,0,62.45
48465,Historical,212311,0,0,S,3,1,2205890,46.95,1995,35,16.27,41.55
48466,Historical,212420,0,0,S,0,0,512279,6.5,2003,197,9.78,6.11
48467,Historical,246463,0,0,S,0,0,1357703,104.95,2006,17,41.59,37.87
48468,Historical,135586,0,0,S,3,1,666686,44.95,2005,39,40.9,30.47
48469,Historical,291497,0,0,S,3,1,2556330,158.95,2000,37,29.76,8.99
48470,Historical,54095,0,0,S,10,1,2113551,5.87,2005,47,125.03,4.8
48471,Historical,755563,0,0,S,3,1,869077,102.95,2005,21,49.38,74.54
48472,Historical,661280,0,0,S,1,0,57063,44.95,2009,20,46.43,37.8
48473,Historical,1717975,0,0,S,0,0,113618,44.99,2013,12,26.13,31.36
48474,Historical,1717974,0,0,S,0,0,236187,44.99,2012,17,26.13,30.91
48475,Historical,2648817,0,0,S,1,0,326643,240,2002,17,23.68,73.28
48476,Historical,608831,0,0,S,5,1,2921829,38.95,2002,20,34.66,47.78
48477,Historical,184310,1,1,S,2,1,1594382,59.95,2000,24,28.95,49.06
48478,Historical,2410579,0,0,S,2,1,3125165,55,1989,29,8.15,10.83
48479,Historical,906072,0,0,S,2,1,1338159,80,2011,14,0,80
48480,Historical,174913,0,0,S,2,1,500959,29.99,2006,67,19.11,16.8
48481,Historical,217309,0,0,S,9,1,198765,52,2009,60,32.26,38.69
48482,Historical,494745,0,0,S,4,1,10366697,116.95,2006,10,16.93,64.83
48483,Historical,392017,0,0,S,3,1,1374788,49.95,2008,24,12.54,23.9
48484,Historical,152318,0,0,S,2,1,3753532,49.95,2006,12,53.99,26.56
48485,Historical,264941,0,0,S,2,1,2300810,53.95,2005,23,27.14,23.72
48486,Historical,558133,0,0,S,0,0,90369,51,2012,66,0,0
48487,Historical,259285,0,0,S,2,1,1682704,131.95,1998,22,93.92,13.98
48488,Historical,244995,0,0,S,3,1,387356,243.95,2003,10,93.92,91.22
48490,Historical,607696,0,0,S,7,1,3501306,63.6,2002,37,35.42,4
48491,Historical,891668,0,0,S,2,1,4375655,49.95,2005,11,31.28,22.73
48492,Historical,2427550,0,0,S,5,1,887651,94,1994,24,0,49.73
48493,Historical,2422109,0,0,S,4,1,3235660,182.98,1978,20,12.07,69.59
48494,Historical,897330,0,0,S,2,1,1479514,76,1977,23,78.98,75.54
48495,Historical,2851384,0,0,S,2,1,1851951,87.95,1999,15,57.71,45.4
48496,Historical,175628,0,0,S,1,0,852617,80,2004,45,54.25,33.93
48497,Historical,1540680,0,0,S,1,0,164098,41.95,2009,25,156.01,32.16
48498,Historical,1539624,1,1,S,1,0,627648,40.95,2007,14,56.99,38.1
48499,Historical,587974,0,0,S,13,1,518198,47.95,2012,14,35.69,28.85
48500,Historical,54292,0,0,S,2,1,495046,70,2002,72,53.99,11.24
48501,Historical,184008,1,1,S,3,1,2453519,207.95,2004,35,100.82,16.95
48502,Historical,199336,0,0,S,1,0,1582682,33.95,2004,43,27.05,5.98
48503,Historical,891527,0,0,S,3,1,3566482,84.95,2003,13,72.3,103.96
48504,Historical,249818,1,1,S,2,1,1044246,196.95,2006,38,11.28,10.98
48505,Historical,607626,0,0,S,3,1,1013865,44.99,1999,43,12.44,40.85
48506,Historical,163318,1,1,S,2,1,1333200,75,2004,22,48.49,65.89
48507,Historical,2571793,0,0,S,2,1,3229992,150,1992,21,114.23,63.94
48508,Historical,249245,0,0,S,4,1,162036,71,2006,20,71.39,62.33
48509,Historical,2614933,0,0,S,2,1,393212,90,2004,19,45.74,46.29
48510,Historical,917909,0,0,S,5,1,2535814,113.95,1995,40,33.99,35.98
48511,Historical,115512,0,0,S,9,1,588881,56,2002,79,53.6,4
48512,Historical,622145,0,0,S,0,0,193933,45,1994,52,26.41,43.86
48513,Historical,254416,0,0,S,3,1,657235,34.95,2008,50,23.82,3
48514,Historical,215805,0,0,S,0,0,574863,85,2000,34,65.83,101.61
48515,Historical,910337,0,0,S,3,1,2096587,37,2000,17,24.99,53.48
48516,Historical,120624,0,0,S,5,1,501852,98.8,2008,39,89.03,144.38
48517,Historical,2593019,0,0,S,0,0,794350,69.99,1979,26,49.98,62.21
48518,Historical,175214,0,0,S,2,1,124469,64.99,2002,82,80.59,28.49
48519,Historical,114783,0,0,S,5,1,447306,61.6,2001,42,73.62,43.41
48520,Historical,246385,1,1,S,0,0,116029,54.95,2009,19,0,0
48521,Historical,2586774,0,0,S,0,0,1423573,33.99,2004,26,28,21.42
48522,Historical,551626,0,0,S,0,0,2335268,78,2003,36,72.44,22.99
48523,Historical,2940711,0,0,S,1,0,1480148,57.95,2004,23,118,45.4
48524,Historical,902524,0,0,S,1,0,1101624,53.95,2004,26,63.99,44.26
48525,Historical,426361,0,0,S,3,1,221191,134.95,2010,35,126.39,84.35
48526,Historical,246426,0,0,S,2,1,2294168,114.95,2006,16,50.2,95.2
48527,Historical,126401,0,0,S,7,1,909878,49.95,2004,23,45.48,57.13
48528,Historical,1590793,0,0,S,2,1,1142076,39.99,2009,31,9.44,19.96
48529,Historical,539747,0,0,S,4,1,1264094,85,2011,30,19.84,52.66
48530,Historical,543233,0,0,S,5,1,9941,55,2012,60,30.94,35.41
48531,Historical,155259,0,0,S,6,1,983033,155.96,2006,78,66.97,37.99
48532,Historical,108716,1,1,S,12,1,737013,110.57,2007,19,53.98,103.99
48533,Historical,609255,0,0,S,3,1,3332163,90,1997,30,31.19,42.27
48534,Historical,126014,0,0,S,2,1,771970,49.95,2001,50,9.1,13.94
48535,Historical,2500915,0,0,S,1,0,94057,49.95,1991,82,38.94,17.49
48536,Historical,203926,1,1,S,4,1,112995,59.95,2008,243,53.08,28.49
48537,Historical,203754,1,2,S,3,1,1359023,50.95,2005,126,53.08,9.54
48538,Historical,183086,0,0,S,6,1,636091,120.95,2004,41,42,10.82
48539,Historical,189133,0,0,S,2,1,1141568,65,1999,35,54.67,44.63
48540,Historical,275618,0,0,S,0,0,211962,39.95,1995,27,31.64,35.96
48541,Historical,109090,0,0,S,3,1,581195,64.38,2005,29,12.76,53.43
48542,Historical,106142,0,0,S,4,1,219692,55,2004,34,39.2,20.97
48543,Historical,2805275,0,0,S,0,0,500494,26.95,2004,24,4.22,21.57
48544,Historical,51892,0,0,S,8,1,95489,232.95,2007,45,75.57,40.39
48545,Historical,870117,0,0,S,2,1,2689531,105,2006,20,97.02,23.99
48546,Historical,913210,0,0,S,5,1,493468,39.95,2008,28,36.81,44.55
48547,Historical,2596894,0,0,S,0,0,2555746,78.99,1991,24,54.99,55.57
48548,Historical,300473,0,0,S,1,0,255907,105,2011,20,76.53,65.06
48549,Historical,2552246,0,0,S,2,1,3564446,93.95,2005,22,73.56,55.73
48550,Historical,643055,0,0,S,3,1,1976187,90.95,2009,16,73.56,55.73
48551,Historical,718374,0,0,S,4,1,5024496,37.95,1997,26,28.99,31.78
48552,Historical,202322,0,0,S,5,1,889140,52.95,2002,43,26.64,14.96
48553,Historical,135649,0,0,S,2,1,185337,54.95,2009,32,37.13,52.21
48554,Historical,113214,0,0,S,2,1,773323,59.95,2011,23,43.99,90.47
48555,Historical,231589,0,0,S,4,1,224402,54.95,2008,42,51.49,28.94
48557,Historical,547313,0,0,S,3,1,1080662,79.95,2012,24,64.59,43.94
48558,Historical,630347,0,0,S,3,1,436993,69.95,1999,26,61.22,53.99
48559,Historical,162653,1,1,S,1,0,434340,80,2009,31,70.15,52.03
48560,Historical,244244,0,0,S,4,1,55483,195.95,2012,72,62.97,80.55
48561,Historical,2783626,0,0,S,1,0,566995,70,2003,22,46.59,55.71
48562,Historical,184426,0,0,S,1,0,185292,59.95,2001,27,26.49,26.56
48563,Historical,715410,0,0,S,1,0,465293,32.99,2007,25,23.74,13.97
48564,Historical,114069,0,0,S,5,1,6154658,74.35,2001,34,35.46,11.14
48565,Historical,533442,0,0,S,5,1,26325,81,2011,30,57.95,83.78
48566,Historical,152580,0,0,S,2,1,2375912,52.95,2001,25,19.98,27.94
48567,Historical,152695,0,0,S,0,0,1175526,89.99,2001,26,65.27,52.16
48568,Historical,871016,0,0,S,2,1,2325765,40.8,2004,40,41.18,6.28
48569,Historical,329812,0,0,S,10,1,696945,46,2005,72,32.78,7.19
48570,Historical,245895,0,0,S,2,1,1337111,41,2005,46,25.96,22.3
48572,Historical,121882,0,0,S,2,1,3489476,41,1998,49,38.77,22.94
48573,Historical,254421,0,0,S,3,1,871607,37.95,2009,28,27.09,18.98
48574,Historical,274917,0,0,S,2,1,928284,53.95,2001,22,48.39,52.73
48575,Historical,143638,0,0,S,3,1,435090,52,2010,21,0,46.8
48576,Historical,2586501,0,0,S,2,1,2064077,36.99,2003,20,31.43,25.98
48577,Historical,1472543,0,0,S,1,0,338428,10.95,2008,28,108.16,7.13
48578,Historical,641828,0,0,S,0,0,79056,125.6,2000,26,69.7,81.63
48579,Historical,158307,0,0,S,4,1,1473772,58.95,2010,20,58.84,98.23
48580,Historical,359264,0,0,S,0,0,486076,40,1999,35,21.71,24.98
48581,Historical,285719,0,0,S,2,1,563348,97.95,1999,13,66.13,64.62
48582,Historical,300297,0,0,S,2,1,432346,55,2010,30,0,10.05
48583,Historical,2600100,0,0,S,0,0,146722,52.99,1994,203,13.54,12.72
48584,Historical,1656750,0,0,S,4,1,3589377,86.95,2008,12,84.99,157.06
48585,Historical,55247,0,0,S,4,1,1662540,174.95,2006,86,33.78,7.98
48586,Historical,57263,0,0,S,4,1,2255558,174.95,2006,65,41.16,4.98
48587,Historical,106537,0,0,S,1,0,347511,64.95,2006,29,46.48,40.11
48588,Historical,193740,0,0,S,2,1,567917,119.95,2010,40,50.68,15.99
48589,Historical,574739,0,0,S,0,0,239422,79.95,2008,20,50.68,14.07
48590,Historical,897998,0,0,S,2,1,4654419,84.95,2004,16,62.94,61.89
48591,Historical,562482,0,0,S,2,1,3409527,69,2006,18,36.93,56.86
48592,Historical,60025,0,0,S,3,1,1720981,275.95,2006,43,182.15,18.94
48593,Historical,50073,0,0,S,6,1,56788,17.99,2006,203,145.98,12.84
48594,Historical,630069,0,0,S,6,1,1272993,23.99,2009,27,37.25,23.99
48595,Historical,50175,0,0,S,4,1,1907587,7.5,2005,61,108.99,6.5
48596,Historical,870646,0,0,S,6,1,1790122,22.43,2010,58,37.25,27.93
48597,Historical,54196,0,0,S,5,1,2586788,9.86,2006,34,107.54,9.86
48598,Historical,451796,0,0,S,5,1,1290095,266.95,2008,61,114.99,47.35
48599,Historical,1452362,0,0,S,0,0,1393674,72.25,2011,17,0,59.35
48600,Historical,770413,1,1,S,1,0,405443,36.07,2002,58,37.67,19.81
48601,Historical,637618,0,0,S,4,1,99757,73.99,2013,55,53.99,45.44
48602,Historical,2618673,0,0,S,5,1,1649097,90.95,1993,21,58.97,23.25
48603,Historical,534420,0,0,S,2,1,2217099,111.95,2008,34,13.91,72.79
48604,Historical,133213,0,0,S,7,1,2630542,99.33,2009,12,28.99,803.99
48605,Historical,133073,1,1,S,7,1,1392072,101.67,2009,56,28.99,28.99
48606,Historical,740754,0,0,S,6,1,2828283,82.2,2006,33,28.99,10.95
48607,Historical,918398,0,0,S,3,1,1507696,50,2004,37,32.13,7.84
48608,Historical,313191,0,0,S,1,0,1255918,41.6,2004,37,33.68,4.79
48609,Historical,130953,0,0,S,5,1,135026,35.6,2012,47,9.94,26.57
48610,Historical,132707,0,0,S,4,1,1329291,28.67,2009,42,9.94,5.76
48611,Historical,541446,0,0,S,3,1,1084455,45.95,2011,18,41.98,57.93
48612,Historical,618532,0,0,S,0,0,1229252,55.95,2001,69,22.39,16.24
48613,Historical,264240,0,0,S,2,1,124294,61.95,2005,32,22.39,17.54
48614,Historical,897030,0,0,S,2,1,3439034,50,2004,14,46.88,33.98
48615,Historical,197858,0,0,S,2,1,2552682,46.92,2007,17,6.2,73.99
48616,Historical,1657530,0,0,S,2,1,831443,52,2010,21,0,19.99
48617,Historical,449568,0,0,S,11,1,3474397,126.5,2007,18,109.02,67.79
48618,Historical,758328,0,0,S,10,1,9422187,95,2003,11,108.98,114.35
48619,Historical,288417,0,0,S,3,1,1104975,32,2006,15,35.99,56.19
48620,Historical,658911,0,0,S,4,1,616150,39,2009,20,35.99,39.95
48621,Historical,533168,0,0,S,6,1,1204129,99.95,2010,46,70.26,21.58
48622,Historical,161799,0,0,S,5,1,1175865,85,2007,29,70.26,13.98
48623,Historical,137463,0,0,S,7,1,2880304,130,2000,21,79.09,73.07
48624,Historical,2137569,0,0,S,2,1,2392246,55.95,2009,19,55.99,44.77
48625,Historical,269962,0,0,S,4,1,604173,203,2006,47,196.4,137.13
48626,Historical,163216,0,0,S,3,1,2104587,28.49,2009,31,66.07,18.99
48627,Historical,533162,0,0,S,4,1,747507,83.95,2012,35,66.07,22.49
48628,Historical,243817,0,0,S,3,1,188818,192.95,2010,25,5.2,95.99
48629,Historical,243818,0,0,S,3,1,203660,164.95,2010,40,5.2,118.31
48630,Historical,243873,1,1,S,7,1,1052334,178.95,2010,40,6.63,109.95
48631,Historical,50593,0,0,S,9,1,301425,23.71,2008,110,232.91,27.99
48632,Historical,276578,0,0,S,2,1,379608,49.95,2007,42,0,0
48633,Historical,162984,1,1,S,3,1,43671,67,2010,43,36.66,55.99
48634,Historical,661107,0,0,S,3,1,321755,38,2011,47,39.99,32.99
48635,Historical,560480,0,0,S,3,1,883706,38,2012,27,338,90.53
48636,Historical,899125,0,0,S,2,1,3012131,49.95,2000,20,50.93,57.85
48637,Historical,905598,0,0,S,3,1,1810695,63.95,2006,14,50.93,70.83
48638,Historical,489936,0,0,S,5,1,3362983,229,2006,19,243.01,36.74
48639,Historical,194057,0,0,S,3,1,870843,63,2006,31,50.41,6.33
48640,Historical,912554,0,0,S,0,0,125234,23.73,2003,36,34.99,23.28
48641,Historical,157648,0,0,S,1,0,162016,50.95,2008,17,0,0
48642,Historical,50404,0,0,S,9,1,904547,200.95,2006,40,126.6,65
48643,Historical,876842,1,7,S,3,1,602911,52.55,1997,51,77.06,23.32
48644,Historical,619948,0,0,S,1,0,339389,63.17,1978,50,46.54,46.89
48645,Historical,121142,0,0,S,4,1,210561,57.8,2010,84,35.15,48.43
48646,Historical,533137,0,0,S,2,1,4184706,48.95,2002,11,36.98,49.64
48647,Historical,277986,0,0,S,2,1,292667,55,2003,45,44.99,34.8
48648,Historical,608739,0,0,S,3,1,1165658,59.99,2008,24,24.76,44.73
48649,Historical,533129,0,0,S,2,1,157052,42.95,2007,39,55.05,8.98
48650,Historical,387169,0,0,S,2,1,1356820,42.95,2007,95,19.98,8.98
48651,Historical,533128,0,0,S,5,1,160588,38,2012,29,20.75,22.49
48652,Historical,132705,0,0,S,4,1,1639356,28.67,2009,41,20.75,13.98
48653,Historical,623503,1,3,S,1,0,398108,136.25,2009,19,0,0
48654,Historical,2363403,0,0,S,1,0,574321,50.95,2004,46,44.09,23.43
48655,Historical,533120,0,0,S,4,1,347762,84.95,2011,24,66.32,58.98
48656,Historical,533118,0,0,S,3,1,1244639,70.95,2007,25,57.45,38.51
48657,Historical,609668,0,0,S,4,1,2060072,69.95,2006,32,10.97,12.49
48658,Historical,285195,0,0,S,1,0,35751,77.57,2005,33,0,0
48659,Historical,510608,0,0,S,0,0,267680,69.99,2006,23,73.29,46.2
48660,Historical,2364338,0,0,S,2,1,3761756,75,1991,20,136.15,54.29
48661,Historical,911907,0,0,S,3,1,2409201,107,1995,26,136.15,54.99
48662,Historical,115250,0,0,S,4,1,1081223,209,2001,21,136.15,99.29
48663,Historical,638405,0,0,S,4,1,881014,60,2009,19,37.96,108.48
48664,Historical,858275,0,0,S,5,1,95053,60,2014,19,37.96,45
48665,Historical,2502326,0,0,S,0,0,1775973,119,1996,28,105.39,79.33
48666,Historical,616953,0,0,S,0,0,340089,132.06,2008,66,0,0
48667,Historical,257481,0,0,S,4,1,1549163,74.5,1998,22,22.9,56.63
48668,Historical,615101,0,0,S,4,1,1778067,58,2004,38,46.07,21.18
48669,Historical,1656727,1,1,S,2,1,425713,74.99,2010,34,144.67,37.89
48670,Historical,108412,0,0,S,5,1,530971,79.45,2003,18,57.99,243.13
48671,Historical,297981,0,0,S,6,1,2375829,80.95,2003,30,92.53,12.5
48672,Historical,229180,0,0,S,4,1,486345,89.95,2008,76,100.9,53.69
48673,Historical,270064,0,0,S,5,1,1134739,88,2008,27,73.93,32.49
48674,Historical,265891,0,0,S,4,1,5281761,46,2004,12,73.93,9.89
48675,Historical,775957,0,0,S,5,1,3359430,33.95,2006,16,29.48,72.33
48676,Historical,142887,0,0,S,5,1,3142932,138,2003,22,154.58,43.98
48677,Historical,193443,0,0,S,6,1,1733036,105,2006,15,71.04,13.56
48678,Historical,193695,0,0,S,7,1,1154079,200,2010,43,71.04,23.95
48679,Historical,146426,0,0,S,1,0,277273,59.99,2010,111,51.55,23.06
48680,Historical,625263,0,0,S,1,0,603951,59.99,2010,30,8.7,30.98
48681,Historical,146412,0,0,S,1,0,214862,54.99,2010,106,31.98,29.13
48682,Historical,146414,0,0,S,1,0,255993,54.99,2010,118,23.79,9.49
48684,Historical,877912,0,0,S,4,1,4224510,173.87,2009,20,151.43,128.99
48685,Historical,117367,0,0,S,1,0,101708,220.2,2007,48,145.92,123.97
48686,Historical,52784,0,0,S,5,1,578111,53.4,2004,44,48.98,8.98
48687,Historical,52785,0,0,S,6,1,834025,78,2007,41,48.98,32.89
48688,Historical,793942,0,0,S,2,1,3925614,32.5,2004,20,0,35
48689,Historical,2542798,0,0,S,3,1,361290,52.95,2004,14,46.73,53.98
48690,Historical,56420,0,0,S,2,1,2954415,10.44,2004,37,47.33,10.32
48691,Historical,634809,0,0,S,3,1,2575940,37.95,2002,21,0,14
48692,Historical,147612,0,0,S,6,1,492717,87.95,2010,88,32.91,10.91
48693,Historical,60036,0,0,S,5,1,1383691,59.95,2005,63,32.91,4.98
48694,Historical,3123755,0,0,S,4,1,1994298,153.95,2005,18,73.83,74.23
48695,Historical,58172,0,0,S,4,1,3493318,21.22,2003,29,62.95,18.99
48696,Historical,290502,0,0,S,2,1,1506193,49.95,2003,24,47.76,32.98
48697,Historical,53863,0,0,S,9,1,1201592,11.98,2008,76,140.99,10.77
48698,Historical,53861,0,0,S,8,1,2030499,17.94,2005,46,140.99,17.94
48699,Historical,243858,0,0,S,1,0,631382,95.95,2010,42,79.66,19.57
48700,Historical,2248691,0,0,S,4,1,321095,73.94,2009,10,0,78.94
48701,Historical,637333,0,0,S,3,1,666953,87.5,2004,31,88.72,74.24
48702,Historical,629154,0,0,S,3,1,730142,49.99,2012,22,33.73,30.89
48703,Historical,764015,0,0,S,2,1,632820,157.95,2005,31,68.99,67.34
48704,Historical,906921,0,0,S,1,0,1024517,68.95,2006,20,151.28,59.37
48705,Historical,626283,0,0,S,1,0,931973,99.95,2010,38,70.64,66.34
48706,Historical,749528,0,0,S,3,1,5390834,150,2006,13,119.48,104.47
48707,Historical,115878,0,0,S,3,1,1896806,103,2006,21,143.74,33.98
48708,Historical,223595,0,0,S,4,1,982654,69.5,2003,26,24.86,118.44
48709,Historical,899681,1,1,S,2,1,1448862,102.95,2003,14,78.98,162.63
48710,Historical,50863,0,0,S,7,1,2379232,12.33,2007,41,202.77,8.78
48711,Historical,752163,0,0,S,1,0,1079817,39.99,2010,46,25.47,6.87
48712,Historical,639830,0,0,S,2,1,280787,39.99,2012,21,25.47,5.88
48713,Historical,174398,0,0,S,2,1,679692,34,2005,71,10.31,134.18
48714,Historical,2364319,0,0,S,2,1,1747872,48.89,1972,29,0,48.89
48715,Historical,204143,0,0,S,1,0,305985,82.99,2010,36,72.76,13.56
48716,Historical,775928,0,0,S,2,1,1260526,68,2008,21,23.99,6.59
48717,Historical,895791,0,0,S,2,1,3796704,69.95,2005,17,59.19,57.98
48718,Historical,624581,0,0,S,0,0,682226,103.04,1992,37,17.47,73.14
48719,Historical,750936,0,0,S,2,1,534181,59.99,2008,39,44.32,53.13
48720,Historical,114520,0,0,S,3,1,2157985,162.67,2005,28,48.99,44.98
48721,Historical,909129,0,0,S,1,0,890611,85,1997,19,174.57,45.92
48722,Historical,249922,0,0,S,2,1,1953832,170.95,2007,58,25.9,17.94
48723,Historical,161706,0,0,S,8,1,1835680,43.99,2006,24,34.95,44.24
48724,Historical,3272245,0,0,S,2,1,5498794,123.99,1995,36,59.6,71.89
48725,Historical,911707,0,0,S,2,1,397196,76.95,1994,20,59.6,23.99
48726,Historical,294829,0,0,S,2,1,1213064,46.95,2004,53,24.53,7.98
48727,Historical,129781,0,0,S,2,1,614010,79.99,2005,65,44.19,35
48728,Historical,890187,0,0,S,2,1,2445185,74.95,2008,15,56.87,56.61
48729,Historical,3150638,0,0,S,3,1,2794535,89.95,2005,12,48.97,37.66
48730,Historical,118139,1,1,S,1,0,109172,50.65,2007,90,24.1,12
48731,Historical,592776,0,0,S,0,0,550262,174,2010,24,463.71,66.99
48732,Historical,561064,0,0,S,4,1,1847921,136,2007,21,28.98,5.03
48733,Historical,271043,0,0,S,2,1,799992,50,2011,62,47.9,23.98
48734,Historical,56620,0,0,S,4,1,883819,49.95,2008,114,53.04,11.48
48735,Historical,543136,0,0,S,5,1,22215,57.95,2012,82,53.04,12.62
48736,Historical,56619,0,0,S,3,1,3339542,46.95,2004,62,53.04,6.94
48738,Historical,1733870,1,1,S,3,1,269498,64.99,2007,21,0,71.96
48739,Historical,248190,0,0,S,7,1,178225,66,2010,64,58.99,18.99
48740,Historical,545781,0,0,S,8,1,241225,76,2012,78,58.99,57.25
48741,Historical,635462,0,0,S,0,0,539026,89.95,1992,31,70.85,48.72
48742,Historical,640779,0,0,S,1,0,1132939,42.95,2006,16,54.15,73.39
48743,Historical,644683,0,0,S,9,1,558693,193.93,2011,24,98.3,29.09
48744,Historical,870249,0,0,S,10,1,877486,207,2014,23,98.3,154.67
48745,Historical,53566,0,0,S,7,1,397601,9.75,2006,73,156.69,9.75
48746,Historical,109339,0,0,S,7,1,1837200,202.25,2007,36,156.69,13.99
48747,Historical,616312,0,0,S,1,0,1023206,50,2004,58,24.12,6.97
48748,Historical,225147,0,0,S,6,1,1049024,79.95,2002,65,27.98,14.98
48749,Historical,2022478,0,0,S,2,1,458904,39.63,2011,13,0,122.31
48750,Historical,2258996,0,0,S,5,1,3809144,0,2008,35,186.03,149.47
48751,Historical,118538,0,0,S,5,1,1246460,214,2008,29,186.03,73.61
48752,Historical,1489697,0,0,S,0,0,271935,28,2012,21,61.94,23.89
48753,Historical,149195,0,0,S,0,0,167914,39,2004,28,33.99,22.94
48754,Historical,556789,0,0,S,0,0,179457,126.4,2004,22,0,0
48755,Historical,117941,0,0,S,2,1,1643695,53.33,2005,20,55.68,6.94
48756,Historical,174847,0,0,S,0,0,1043204,30.99,2005,42,20.64,22.97
48757,Historical,1575381,0,0,S,0,0,414962,44.95,2009,25,31.85,49.7
48758,Historical,704288,0,0,S,5,1,785998,22.99,2005,59,32,11.98
48759,Historical,107111,0,0,S,4,1,265159,30.25,1999,43,32,12.08
48760,Historical,703512,0,0,S,4,1,2046266,47,1999,71,44.89,15.99
48761,Historical,775965,0,0,S,3,1,731911,43.95,2008,49,26.2,16.9
48762,Historical,2190849,0,0,S,0,0,1344851,69.95,2012,13,73.28,46.96
48763,Historical,329761,0,0,S,0,0,1099195,54.99,2004,39,23.83,11.49
48764,Historical,120519,0,0,S,1,0,54068,80,2002,41,123.21,52.98
48765,Historical,111981,0,0,S,24,1,1378953,13.62,2011,38,14.18,23.99
48766,Historical,532861,0,0,S,25,1,1236973,55.75,2012,39,14.18,31.98
48767,Historical,1533845,0,0,S,0,0,1569498,89.99,2007,30,68.99,48.72
48768,Historical,57091,0,0,S,2,1,200902,86.95,2009,57,34.86,18.62
48769,Historical,538892,1,2,S,26,1,380764,55.75,2013,80,14.18,40.61
48770,Historical,222191,0,0,S,6,1,1842927,50,2006,32,15.49,17.99
48771,Historical,609367,0,0,S,3,1,1869983,85,2006,37,20.99,44.45
48772,Historical,222285,0,0,S,4,1,234326,110,2011,56,20.99,18.15
48773,Historical,544855,1,1,S,5,1,920929,195.95,2005,39,118.99,49.09
48774,Historical,631165,0,0,S,4,1,728909,49.95,2003,28,43.53,56.27
48775,Historical,245134,0,0,S,4,1,1438803,212.95,2005,13,63.48,73.07
48776,Historical,904605,0,0,S,2,1,3023088,49,1987,12,30.14,75.77
48777,Historical,200469,0,0,S,5,1,680112,118.95,2009,48,18.5,22.98
48778,Historical,200135,0,0,S,4,1,960317,76.95,2006,47,18.5,28.98
48779,Historical,293815,0,0,S,4,1,395500,49.95,2004,37,40.52,7.57
48780,Historical,200522,0,0,S,6,1,1145004,109.95,2010,63,40.52,33.17
48781,Historical,533012,0,0,S,5,1,2821369,93.95,2007,36,40.52,6.47
48782,Historical,217257,0,0,S,2,1,598987,33,2004,117,28.78,10.72
48783,Historical,640053,0,0,S,1,0,371816,49.95,2006,45,16.29,39.27
48784,Historical,905668,0,0,S,0,0,558359,105,1980,36,86.03,85.09
48785,Historical,120111,1,1,S,3,1,582513,94,1997,22,101.96,58.41
48786,Historical,104408,0,0,S,2,1,798827,58.98,1999,28,62.29,58.99
48787,Historical,202523,0,0,S,3,1,788319,48.99,2001,46,45.15,44.87
48788,Historical,917549,0,0,S,7,1,1234496,50.74,1993,38,53.61,41.98
48789,Historical,2340142,0,0,S,2,1,891914,152.25,1982,28,0,70.29
48791,Historical,909424,0,0,S,3,1,3477081,235,1992,25,103.99,53.35
48792,Historical,105961,0,0,S,5,1,345510,20.96,2004,75,35.28,28.31
48793,Historical,277752,0,0,S,1,0,830845,34.99,2006,33,18.99,7.99
48794,Historical,608143,0,0,S,6,1,2338227,44.95,2002,38,16.54,19.86
48795,Historical,2609573,0,0,S,0,0,835522,59.99,1998,35,78.98,37.97
48796,Historical,58381,0,0,S,14,1,234710,129,2010,37,81.63,123.98
48797,Historical,56519,0,0,S,2,1,422698,44.95,2004,29,30.11,64.99
48798,Historical,182625,0,0,S,0,0,698064,149.7,2001,150,13.52,11.42
48799,Historical,2375711,0,0,S,0,0,972968,107.48,2004,20,30.98,89.8
48800,Historical,572045,0,0,S,6,1,2290396,161.56,2003,22,91.59,23.47
48801,Historical,144569,1,1,S,2,1,1308129,144,2004,24,125,28.98
48802,Historical,115639,0,0,S,2,1,1237273,128,2003,64,97.03,41.44
48803,Historical,183425,1,1,S,7,1,310232,327.95,2006,66,91.59,43.94
48804,Historical,116937,0,0,S,4,1,667637,153.33,2005,39,93.78,84.31
48805,Historical,845983,0,0,S,0,0,1171147,81.16,1992,47,21.01,73.92
48806,Historical,847489,0,0,S,0,0,388443,88.6,1996,40,21.01,87.56
48807,Historical,54143,0,0,S,11,1,458699,398.95,2004,33,183.98,43.99
48808,Historical,540551,1,1,S,4,1,754988,198.67,2009,22,120.99,175.95
48809,Historical,870052,0,0,S,3,1,3251378,126.6,2012,14,120.99,73.29
48810,Historical,560870,1,1,S,3,1,1165572,176,2005,27,120.99,123.31
48811,Historical,763803,0,0,S,5,1,673878,68.95,1999,18,83.95,51.79
48812,Historical,764474,0,0,S,6,1,10378378,119.95,2001,11,83.95,25.99
48813,Historical,691856,0,0,S,4,1,2176144,106.95,1998,21,78.85,73.05
48814,Historical,2604804,0,0,S,1,0,314031,125,2003,38,60.77,88.81
48815,Historical,2502796,0,0,S,0,0,824965,79.99,1995,27,43.16,54.98
48816,Historical,636863,0,0,S,3,1,912016,67.95,2001,12,0,0
48818,Historical,1615840,0,0,S,1,0,503805,49.99,2008,24,0,30.47
48819,Historical,2427190,0,0,S,2,1,1430034,64.99,1992,53,44.98,18.98
48820,Historical,918605,0,0,S,1,0,968236,169.95,2011,47,22.62,43.99
48821,Historical,617997,1,1,S,1,0,973531,55.95,2006,63,50.49,27.04
48823,Historical,645186,0,0,S,3,1,6187949,160,2006,18,114.17,54.69
48824,Historical,766620,0,0,S,1,0,632028,94.95,1997,18,97.74,70.99
48825,Historical,52042,1,1,S,4,1,1426225,89.4,2005,73,63.95,8.99
48826,Historical,55586,0,0,S,5,1,1328975,113.33,2009,38,109.02,137.33
48827,Historical,607818,0,0,S,3,1,1165662,39,2008,37,35.97,39.11
48828,Historical,369491,0,0,S,2,1,2269828,79.95,2006,28,38.83,38.35
48829,Historical,859347,0,0,S,0,0,678471,87.3,2006,25,75.98,63.96
48830,Historical,563618,1,3,S,9,1,41911,87.5,2012,82,32.6,66.31
48831,Historical,569819,0,0,S,4,1,212739,172.95,2006,45,70.49,65.41
48832,Historical,560102,0,0,S,9,1,66693,28.86,2011,33,14.64,73.61
48833,Historical,288290,0,0,S,7,1,2209125,5.97,2007,80,46.43,4.27
48834,Historical,184467,0,0,S,1,0,412716,39.95,2003,59,31.11,18.92
48835,Historical,108234,0,0,S,9,1,205456,56.22,2002,36,55.68,36.29
48836,Historical,532973,0,0,S,6,1,638754,120.2,2007,30,67.94,46.09
48837,Historical,576947,0,0,S,6,1,358988,49.95,2008,32,28.96,59.79
48838,Historical,699979,0,0,S,2,1,131967,62.95,2002,55,17.59,11.95
48839,Historical,2071579,0,0,S,0,0,870864,39.95,2013,18,28.33,29.16
48840,Historical,300398,0,0,S,4,1,1093707,169,2008,27,96.61,63.25
48841,Historical,3048575,0,0,S,3,1,1831630,70,2003,20,96.61,21.98
48842,Historical,268794,0,0,S,7,1,3369291,45,2007,19,72.99,44.49
48843,Historical,900832,0,0,S,4,1,1453351,37,2013,40,6.04,16.98
48844,Historical,423264,0,0,S,15,1,662225,157.2,2007,47,83.99,30.94
48845,Historical,116003,0,0,S,14,1,1746063,132.4,2004,39,83.99,15.94
48847,Historical,268832,0,0,S,9,1,1148462,57,2011,20,20.14,15.24
48848,Historical,639029,0,0,S,8,1,1732534,52,2009,20,20.14,33.94
48849,Historical,52799,0,0,S,7,1,1285506,157.95,2005,87,148.5,6.94
48850,Historical,52798,0,0,S,8,1,671619,310.95,2008,131,148.5,13.89
48852,Historical,433374,0,0,S,9,1,1801102,173,2010,28,102.49,33.99
48853,Historical,541451,0,0,S,3,1,412562,49.95,2011,36,35.8,40.75
48854,Historical,157264,0,0,S,2,1,729031,41.95,2006,21,35.8,35.98
48855,Historical,109357,0,0,S,8,1,1689248,25.15,2006,32,128.99,44.89
48856,Historical,53376,0,0,S,9,1,488185,33.96,2008,56,128.99,33.87
48857,Historical,279154,0,0,S,5,1,2824280,39.95,2006,33,22.95,4
48858,Historical,534713,0,0,S,7,1,49614,53,2012,66,22.95,28.97
48859,Historical,229189,1,1,S,6,1,455767,39.95,2009,68,22.95,8.49
48860,Historical,2257779,1,1,S,2,1,1524841,72.54,2011,42,133.44,27.69
48861,Historical,132459,0,0,S,3,1,2222575,65.33,2007,34,20.96,45.99
48863,Historical,129389,0,0,S,6,1,50890,72.95,2010,55,62.32,56.61
48864,Historical,108401,0,0,S,3,1,1270490,40.96,2003,29,56.98,37.08
48865,Historical,108060,0,0,S,3,1,1442595,33.99,2003,44,56.98,32.48
48866,Historical,158194,0,0,S,4,1,442133,79.95,2008,36,56.98,34.95
48867,Historical,232349,0,0,S,0,0,3929163,25.95,1996,23,13.14,9.74
48868,Historical,105773,1,2,S,14,1,1016659,94,2002,18,62,63.99
48869,Historical,246321,1,1,S,2,1,266658,53.95,2005,66,16.48,16.5
48870,Historical,107183,0,0,S,5,1,1447191,94.75,2000,42,67.48,5.01
48871,Historical,154423,0,0,S,2,1,1185961,67.75,2003,32,51.42,7.66
48872,Historical,633793,0,0,S,1,0,481583,96.8,2012,34,20.67,75.66
48873,Historical,279152,1,1,S,17,1,642351,49.95,2006,48,55.68,13.99
48874,Historical,229188,0,0,S,18,1,332338,49.95,2009,65,55.68,23.27
48875,Historical,534714,0,0,S,19,1,168334,65,2012,64,55.68,45.17
48876,Historical,457860,0,0,S,7,1,689930,135.95,2009,27,42.77,58.23
48877,Historical,608769,0,0,S,6,1,1754227,149.95,2004,29,42.77,18.36
48878,Historical,858283,0,0,S,44,1,753791,59.75,2014,38,47.03,28.38
48879,Historical,538897,0,0,S,43,1,1191574,54.25,2013,40,47.03,21.99
48880,Historical,911695,0,0,S,0,0,544936,174.95,2007,24,18.93,37.77
48881,Historical,169764,0,0,S,14,1,797888,272.95,2008,76,102.79,16.39
48882,Historical,51084,0,0,S,14,1,1377310,183.95,2008,68,117.98,67.64
48883,Historical,535467,1,1,S,11,1,71327,160.95,2013,46,103.99,98.99
48884,Historical,532953,0,0,S,8,1,1021119,139.95,2007,22,36.39,15.94
48885,Historical,183303,1,1,S,10,1,754763,269.95,2005,70,131.76,58.37
48886,Historical,56741,0,0,S,10,1,1344666,90,2007,41,57.99,27.79
48887,Historical,56105,0,0,S,9,1,715607,138.8,2007,37,133.24,24.9
48888,Historical,53095,1,1,S,10,1,1252131,195.95,2005,28,135.41,42.55
48889,Historical,633734,0,0,S,4,1,421530,80.95,2013,60,69.16,24.21
48890,Historical,536159,0,0,S,5,1,8906,7.99,2012,40,6.12,6.79
48891,Historical,209533,0,0,S,2,1,1305926,30,2005,68,22.81,5.69
48892,Historical,209653,1,1,S,3,1,55800,29.95,2011,41,22.81,21.92
48893,Historical,110015,0,0,S,12,1,2553319,9.99,2007,28,92.99,43.99
48894,Historical,556487,1,3,S,1,0,93153,49.95,2012,88,43.13,15.97
48895,Historical,555743,1,1,S,1,0,151157,99.95,2012,55,33.33,26.77
48896,Historical,206497,0,0,S,0,0,283991,80,1997,59,26.86,57.94
48897,Historical,143618,0,0,S,2,1,889358,207,2010,43,153.99,100.45
48898,Historical,288432,1,1,S,5,1,484277,43,2009,31,16.51,24.93
48899,Historical,142912,0,0,S,4,1,2209153,30,2004,29,16.51,7.08
48900,Historical,195105,0,0,S,2,1,1347713,49,2006,58,15.99,13.84
48901,Historical,607371,0,0,S,4,1,935109,77.8,2004,46,27.43,43.34
48902,Historical,287404,0,0,S,6,1,1035450,104,2010,23,8.49,44.6
48903,Historical,552580,0,0,S,4,1,1304714,86.67,2006,53,41.05,53.9
48904,Historical,707996,0,0,S,4,1,1086752,120.5,2004,46,54.98,23.99
48905,Historical,428497,0,0,S,6,1,5021228,106.47,2009,12,81.84,106.47
48906,Historical,2408393,0,0,S,1,0,362489,110,2001,26,29.95,64.67
48907,Historical,615679,0,0,S,1,0,104167,149.1,2001,55,10.21,24.97
48908,Historical,54193,0,0,S,12,1,892945,98.67,2005,18,83.99,268.91
48909,Historical,170131,0,0,S,14,1,913487,84.95,2010,42,53.99,67.33
48910,Historical,60056,0,0,S,3,1,1461360,101.95,2006,36,9.83,49.75
48911,Historical,169290,0,0,S,3,1,2468600,128.95,2006,35,9.83,46.05
48912,Historical,183694,0,0,S,3,1,2116529,81.95,2006,35,13.9,17.27
48913,Historical,183695,0,0,S,3,1,2936732,242.95,2006,15,16.67,60.16
48914,Historical,169300,0,0,S,3,1,3167369,102.95,2006,17,16.67,67.52
48915,Historical,772941,1,1,S,3,1,1628430,81.95,2006,39,38.12,28.25
48916,Historical,765748,0,0,S,7,1,2912113,73.95,2003,26,103.99,15.99
48917,Historical,289417,0,0,S,0,0,640241,13.94,2011,49,61.25,13.94
48918,Historical,625649,0,0,S,0,0,258729,18.99,2012,38,61.25,15.99
48919,Historical,154039,0,0,S,2,1,749465,23.07,2010,44,81.99,15.69
48920,Historical,127012,0,0,S,1,0,144626,65.95,2005,37,74.57,48.98
48921,Historical,286951,0,0,S,0,0,268057,71.95,2002,49,74.57,23.26
48922,Historical,141956,0,0,S,4,1,2838302,0,2008,16,65.99,19.54
48923,Historical,54034,0,0,S,3,1,1172215,8.44,2004,119,80.6,17.99
48924,Historical,610417,0,0,S,5,1,169433,256.46,2012,65,80.6,45.49
48925,Historical,560034,0,0,S,4,1,1228343,0,2008,23,36.49,50.11
48926,Historical,734471,0,0,S,3,1,4128917,15.99,2005,19,36.49,68.94
48927,Historical,144426,0,0,S,7,1,845484,62,2004,32,103.97,9.76
48928,Historical,169793,0,0,S,7,1,705824,316.95,2008,24,138.92,132.98
48929,Historical,167341,0,0,S,2,1,834861,84.75,2006,39,82.29,58.23
48930,Historical,166598,0,0,S,2,1,273140,23.94,2006,60,82.29,38.49
48931,Historical,707305,0,0,S,1,0,1205795,129,2002,39,10.26,45.39
48932,Historical,707998,1,1,S,2,1,549048,114,2004,46,11.94,33.94
48933,Historical,724220,0,0,S,1,0,981981,44.95,2009,11,0,36.95
48934,Historical,195167,0,0,S,4,1,418721,55,2008,27,27.99,30.98
48935,Historical,608841,0,0,S,8,1,2899463,119.95,1993,32,85.5,48.6
48937,Historical,144505,0,0,S,4,1,4919368,69.6,2005,23,36.1,7.98
48938,Historical,707948,0,0,S,0,0,622966,124.5,2004,38,63.59,43.98
48939,Historical,116896,1,2,S,3,1,216573,43.99,2005,87,28.99,15
48940,Historical,624184,0,0,S,2,1,2169387,55,2003,37,58.12,8.44
48941,Historical,55147,0,0,S,5,1,1818569,8.7,2003,56,39.83,7.27
48942,Historical,1556512,0,0,S,0,0,1563634,35.95,2013,20,115.06,32.28
48943,Historical,717996,0,0,S,1,0,1530103,120,1998,30,0,45.46
48944,Historical,256304,0,0,S,3,1,542655,39.95,2004,40,10.59,34.65
48945,Historical,405217,1,1,S,1,0,114042,45,2008,43,28.44,31.01
48946,Historical,899861,0,0,S,3,1,5388613,87.95,2003,19,34.64,32.13
48947,Historical,2940355,0,0,S,3,1,4120716,60.95,2003,18,49.25,28.01
48948,Historical,3021535,0,0,S,0,0,406270,45.95,1995,22,44.45,43.17
48949,Historical,113766,0,0,S,0,0,1289101,70.4,1999,52,21.99,4.03
48950,Historical,545777,0,0,S,0,0,161781,77,2012,23,0,0
48951,Historical,2679938,0,0,S,3,1,611056,250,1988,17,193.55,69.33
48952,Historical,1587030,0,0,S,1,0,1391050,34.99,2010,11,32.43,18.41
48953,Historical,543755,0,0,S,3,1,2864136,153.95,2008,14,99.88,86.58
48954,Historical,2621871,0,0,S,2,1,254640,112.95,1994,19,51.79,72.87
48955,Historical,908491,0,0,S,0,0,798282,225.16,1972,23,34.95,79.42
48956,Historical,225002,0,0,S,2,1,670835,22.99,1995,46,32.94,38.71
48957,Historical,262747,0,0,S,2,1,778653,66.95,2008,29,0,0
48958,Historical,58158,0,0,S,2,1,1325021,0,2005,16,93.49,38.99
48959,Historical,333087,0,0,S,4,1,1487083,47.95,2003,16,35.89,23.99
48960,Historical,368646,0,0,S,7,1,2739284,25.8,2001,44,11.24,7.73
48961,Historical,410076,0,0,S,2,1,992166,75,2009,25,41.99,65.11
48962,Historical,114314,0,0,S,4,1,742632,41.2,2001,35,53.99,25.93
48963,Historical,105261,0,0,S,2,1,3448948,153.56,2000,13,193.74,84.95
48964,Historical,152292,0,0,S,2,1,1021666,159,2007,23,112.33,118.94
48965,Historical,149393,0,0,S,3,1,3515256,79.95,2003,13,80.11,56.36
48966,Historical,248385,0,0,S,6,1,1039627,149.95,2006,42,52.27,18.98
48967,Historical,156967,0,0,S,2,1,1964937,48.95,2004,37,45.04,14.35
48968,Historical,157200,0,0,S,2,1,1653577,39.95,2005,22,117.32,57.15
48970,Historical,149593,0,0,S,7,1,1204678,37.95,2003,20,32.92,26.84
48971,Historical,872948,0,0,S,2,1,412227,0,2009,13,161.97,56.98
48972,Historical,134831,0,0,S,5,1,2807848,60,2007,22,46.04,8.94
48973,Historical,534770,1,1,S,9,1,35374,152.95,2012,85,18.41,43.99
48974,Historical,163226,0,0,S,2,1,3554297,65,2006,16,43.31,23.89
48975,Historical,404899,0,0,S,0,0,1229283,79.95,1997,35,87.08,49.05
48976,Historical,174385,1,2,S,1,0,385885,59.99,2006,50,39.66,23.98
48977,Historical,293186,0,0,S,3,1,263232,43,2003,37,27.99,78.6
48978,Historical,333675,0,0,S,0,0,421756,54.95,2008,21,50.14,98.45
48979,Historical,128758,0,0,S,4,1,777111,67.99,2009,36,40.98,32.66
48980,Historical,132312,0,0,S,4,1,735150,68.8,2007,60,29.99,14.95
48981,Historical,2577900,0,0,S,2,1,2231507,162,1984,23,78.03,63.53
48982,Historical,391970,0,0,S,2,1,2937910,96.95,2005,13,40.74,28.26
48983,Historical,319916,0,0,S,2,1,6386307,110,2001,14,53.26,43.18
48984,Historical,914863,0,0,S,3,1,631013,50,1993,25,30.64,50.49
48985,Historical,355482,0,0,S,2,1,4683195,54.95,1995,23,23.99,48.58
48986,Historical,246843,0,0,S,2,1,684687,57.95,2009,27,47.8,61.49
48987,Historical,393649,0,0,S,4,1,1216658,85,2009,16,42.03,53.98
48988,Historical,149641,0,0,S,5,1,4450211,51.95,2006,11,22.12,57.43
48989,Historical,172366,0,0,S,2,1,1597251,75,2002,17,51.99,66.79
48990,Historical,246731,1,1,S,6,1,344829,50.95,2009,81,39.48,38.03
48991,Historical,299715,0,0,S,2,1,588985,43.95,2009,35,39.09,15.99
48992,Historical,113496,0,0,S,3,1,532815,101,1998,23,36.11,152.36
48993,Historical,246307,0,0,S,1,0,73397,50.95,2007,46,36.93,63.83
48994,Historical,100331,1,1,S,2,1,3735286,102.2,1996,15,94.03,13.99
48995,Historical,328175,0,0,S,2,1,3866406,134,2008,18,90.32,36.59
48996,Historical,219645,0,0,S,1,0,219497,109,1996,24,64.97,38.99
48997,Historical,291385,0,0,S,0,0,508023,34.99,2003,22,23.94,52.85
48998,Historical,201793,0,0,S,3,1,112551,49.95,2010,49,38.24,53.81
48999,Historical,898676,0,0,S,2,1,527152,66.07,2006,40,38.24,45.53
49000,Historical,366650,0,0,S,2,1,725093,49.95,2005,63,38.24,28.99
49001,Historical,113332,1,1,S,5,1,1293087,64.95,2003,18,55.19,51.48
49002,Historical,181237,1,1,S,2,1,645092,178,1996,33,71.99,73.37
49003,Historical,50573,1,1,S,6,1,1886595,103.6,2000,33,56.83,6.95
49004,Historical,108083,0,0,S,9,1,1104937,156.95,2006,21,26.38,41.99
49005,Historical,204137,0,0,S,3,1,753126,67.99,2009,86,39.97,44.63
49006,Historical,161485,0,0,S,4,1,4003848,55,2006,14,43.98,61.19
49007,Historical,152949,0,0,S,1,0,582203,69.99,2004,25,31.13,43.99
49008,Historical,52415,0,0,S,13,1,836475,151.95,2008,83,95.98,16.38
49009,Historical,247675,0,0,S,2,1,720876,64,2009,50,41.2,126.77
49010,Historical,195864,0,0,S,1,0,311740,27.95,2008,21,18.99,22.63
49011,Historical,148931,0,0,S,2,1,245610,36.88,2006,65,24.79,21.97
49012,Historical,902762,0,0,S,8,1,207376,37.3,1994,22,13.04,49.73
49013,Historical,444576,0,0,S,4,1,2208133,129.95,2009,16,48.34,47.67
49014,Historical,163953,0,0,S,1,0,843410,57.55,1996,28,120.26,53.98
49015,Historical,650075,0,0,S,3,1,1049571,45.99,2010,25,10.51,34.73
49016,Historical,2337611,0,0,S,2,1,3696406,137.05,1988,30,133.99,29.87
49017,Historical,2502476,0,0,S,0,0,703602,89.95,2001,22,86.38,33.68
49018,Historical,108318,0,0,S,6,1,618204,31.99,2004,31,30.71,26.94
49019,Historical,696931,0,0,S,5,1,4451801,53.43,2001,24,30.71,39.99
49020,Historical,166857,0,0,S,2,1,1409248,80,2006,27,42.71,31.49
49021,Historical,2614091,0,0,S,2,1,4757157,139.99,2003,19,96.3,53.32
49022,Historical,542140,0,0,S,2,1,1442078,49.99,2003,46,96.3,38.49
49023,Historical,127033,0,0,S,2,1,1373746,69.95,2006,26,78.99,55.39
49024,Historical,2576100,0,0,S,3,1,4450490,53.37,1988,22,58.96,55.14
49025,Historical,534097,0,0,S,2,1,2226473,82.67,1990,28,116.28,13.99
49026,Historical,2326378,0,0,S,6,1,3786380,126.95,1994,30,8.24,14.49
49027,Historical,164309,0,0,S,6,1,225840,72.85,2003,66,11.49,54.75
49028,Historical,259639,0,0,S,3,1,468957,109.95,2002,28,57.12,74.76
49029,Historical,121163,0,0,S,9,1,777153,81.4,2010,29,72.84,36.99
49030,Historical,213174,0,0,S,2,1,1471761,59.95,2005,22,44.93,43
49031,Historical,613233,0,0,S,3,1,1528651,82.75,2004,49,80.59,8.98
49032,Historical,178048,0,0,S,3,1,1922158,133.95,2004,45,134.11,10.72
49033,Historical,204125,0,0,S,6,1,143380,78.95,2006,67,75.99,63.48
49034,Historical,612936,0,0,S,4,1,312250,34.06,2007,100,128.95,33.98
49035,Historical,50328,0,0,S,4,1,301118,56.03,2006,146,128.95,49.61
49036,Historical,594636,0,0,S,1,0,737164,85.95,2011,45,29.49,21.09
49037,Historical,243940,0,0,S,4,1,2532257,286.95,2009,21,178.99,76.34
49038,Historical,58337,0,0,S,3,1,765419,302.95,2005,85,178.99,33.89
49039,Historical,110604,1,1,S,5,1,332866,57.97,2009,110,128.95,35.49
49040,Historical,111078,0,0,S,5,1,2505133,62.67,2009,20,35.98,37.41
49041,Historical,110603,0,0,S,5,1,2875304,0,2009,18,35.98,43.89
49042,Historical,292900,1,4,S,5,1,185122,177.25,1999,41,141.16,81.58
49043,Historical,294192,0,0,S,1,0,512218,48.99,2008,60,21.94,21.2
49044,Historical,893755,0,0,S,13,1,2275718,83.95,2007,10,27.57,43.73
49045,Historical,60079,0,0,S,4,1,1065947,156.6,2006,100,128.95,25.33
49046,Historical,591643,0,0,S,2,1,4649518,42.95,2006,19,29.36,9.68
49047,Historical,2940356,0,0,S,8,1,2536401,215.95,2004,20,124.85,93.29
49048,Historical,903223,0,0,S,2,1,4447458,103.95,2004,18,55.73,27.98
49049,Historical,141661,0,0,S,5,1,1008651,29.53,2004,55,27.99,11.49
49050,Historical,603016,0,0,S,1,0,755824,44.95,2010,24,0,47.3
49051,Historical,541613,0,0,S,2,1,419917,66.95,2008,41,46.99,148.32
49052,Historical,156781,0,0,S,2,1,2385923,49.95,2000,22,35.04,27.02
49053,Historical,906250,0,0,S,0,0,4780495,40.95,2003,19,32.28,12.24
49054,Historical,115114,0,0,S,2,1,473282,81.4,1999,42,61.74,49.83
49055,Historical,118443,0,0,S,3,1,118100,120,2006,24,69.99,17.98
49056,Historical,428545,0,0,S,4,1,108152,141,2009,37,69.99,62.83
49057,Historical,914355,0,0,S,1,0,832500,42.95,2005,27,43.99,70.33
49058,Historical,170470,0,0,S,0,0,379783,26.97,2009,33,43.98,22
49059,Historical,532882,1,1,S,2,1,44159,225.4,2012,89,22.47,38.98
49060,Historical,623797,0,0,S,2,1,77944,110,2012,45,65.87,50.83
49061,Historical,192531,0,0,S,10,1,1280998,239,2006,16,147.98,92.29
49062,Historical,866850,0,0,S,2,1,336441,44.99,2014,27,18.76,20.99
49063,Historical,118260,0,0,S,1,0,233178,49.99,2011,43,18.76,12.61
49064,Historical,637560,1,1,S,1,0,116755,49.99,2013,99,33.49,14.93
49065,Historical,657928,0,0,S,1,0,809562,39.99,2013,22,0,25.94
49067,Historical,1589352,0,0,S,2,1,3244318,99.99,2009,21,59.75,6.71
49068,Historical,630898,0,0,S,0,0,3230963,109,2008,23,61.49,40.99
49069,Historical,532876,0,0,S,4,1,191486,59.95,2010,35,43.28,27.99
49070,Historical,701020,0,0,S,2,1,1691815,79,2005,22,25.76,56.37
49071,Historical,634052,0,0,S,3,1,953595,155,1971,31,11.82,47.99
49072,Historical,583215,0,0,S,2,1,3058960,189.95,2000,17,125.28,153.87
49073,Historical,1839586,0,0,S,2,1,2393350,49.99,2006,18,14.13,49.68
49074,Historical,3544539,0,0,S,6,1,2696390,120,2002,16,0,60.43
49075,Historical,52540,0,0,S,2,1,82359,124.95,2008,65,73.98,56.91
49076,Historical,115047,1,7,S,6,1,1314409,123.33,2000,22,44.3,60.29
49077,Historical,532860,1,2,S,41,1,1198663,53.25,2012,57,16.43,12.42
49078,Historical,203631,0,0,S,8,1,886300,67.95,2004,100,64.08,18.86
49079,Historical,204032,1,1,S,9,1,237303,72.99,2010,63,64.08,49.79
49080,Historical,2338291,0,0,S,2,1,1586085,0,1984,27,0,44.99
49081,Historical,660570,0,0,S,3,1,699336,125,1992,27,95.64,79.85
49082,Historical,115079,0,0,S,7,1,2069915,65,1999,38,55.48,6.99
49083,Historical,115080,0,0,S,7,1,1291244,75.6,2000,46,14.33,7.77
49084,Historical,125958,0,0,S,0,0,71691,82.95,2000,59,41.96,38.64
49085,Historical,428480,0,0,S,3,1,596247,80,2009,60,39.99,49.95
49086,Historical,52629,0,0,S,5,1,1374341,79.95,2005,46,43.89,9.47
49087,Historical,537526,1,1,S,36,1,101508,75.9,2012,56,55.49,40.99
49088,Historical,53647,0,0,S,11,1,2511878,128.25,2005,57,114.26,11.99
49089,Historical,184496,0,0,S,1,0,130543,80.95,2006,34,35.54,44.34
49090,Historical,184436,0,0,S,1,0,671561,40.95,2002,34,4.94,18.78
49091,Historical,643038,0,0,S,4,1,2595073,199,1996,13,144.24,46.99
49092,Historical,631522,0,0,S,2,1,587420,35.95,2011,23,28.54,31.98
49093,Historical,703380,0,0,S,3,1,1091381,69,2006,27,14.65,22.05
49094,Historical,2820023,0,0,S,3,1,4197022,99.99,2000,15,109.98,57.17
49095,Historical,775393,0,0,S,6,1,927058,40,2010,19,101.99,14.99
49096,Historical,193301,0,0,S,6,1,1197664,144,2004,34,101.99,28.99
49097,Historical,270080,0,0,S,4,1,2355172,195,2008,22,104.99,56.29
49098,Historical,636923,0,0,S,3,1,4814519,132,2005,18,104.99,33.99
49099,Historical,616378,0,0,S,6,1,745345,174,2009,31,101.69,21.74
49100,Historical,126529,0,0,S,4,1,1518699,62.95,2003,40,61.94,29.98
49101,Historical,914997,0,0,S,2,1,1345690,131,2001,31,20.85,42.98
49102,Historical,911566,0,0,S,6,1,116923,17.22,2013,27,0,0
49103,Historical,919609,0,0,S,5,1,378843,200.43,2011,13,0,79.98
49105,Historical,908319,0,0,S,3,1,2374812,69.95,2004,23,52.73,10.34
49106,Historical,778379,0,0,S,4,1,3016109,119.95,2005,27,71.36,31.99
49107,Historical,1671135,0,0,S,4,1,2138999,204.95,2006,32,0,28.83
49108,Historical,830923,0,0,S,4,1,1783925,66.1,2002,13,81.35,34
49109,Historical,616188,0,0,S,1,0,1180644,54.99,2009,65,24.18,9.69
49110,Historical,106556,0,0,S,9,1,1083913,55.95,2007,21,10.01,11.99
49111,Historical,622615,0,0,S,2,1,833179,47.4,2011,27,40.39,23.99
49112,Historical,107942,0,0,S,3,1,2254756,56.85,2002,21,11.12,56.75
49113,Historical,107275,1,3,S,3,1,1004732,104.59,2002,30,11.12,48
49114,Historical,199156,1,1,S,2,1,1699149,47.95,2002,28,48.27,9.48
49115,Historical,226099,0,0,S,2,1,2400460,119.95,2008,16,116.3,80.42
49116,Historical,2384872,0,0,S,4,1,1075265,101,1996,19,57.76,89.45
49117,Historical,877234,0,0,S,6,1,3652315,67.66,2002,38,133.75,42.53
49118,Historical,572409,0,0,S,1,0,65745,306.95,2008,51,44.91,86.39
49119,Historical,178739,1,1,S,9,1,20686,274.95,2011,116,129.71,42.76
49120,Historical,169676,1,1,S,8,1,487988,290.95,2008,104,129.71,30.4
49121,Historical,54882,0,0,S,7,1,1480284,325.95,2006,66,129.71,18.49
49122,Historical,114987,0,0,S,2,1,520316,125,2003,18,58.99,36.81
49123,Historical,134892,0,0,S,2,1,740878,78,2011,20,58.23,53.98
49124,Historical,667739,0,0,S,11,1,3249629,125,2007,16,33.99,72.95
49125,Historical,2438649,0,0,S,10,1,9218360,95,2004,19,33.99,106.13
49126,Historical,2367274,0,0,S,2,1,795334,76.07,1977,27,44.09,51.91
49127,Historical,167082,0,0,S,3,1,440634,159,2006,28,73.97,65.93
49128,Historical,259370,0,0,S,3,1,430553,62.64,2002,24,45.12,31.46
49129,Historical,629897,0,0,S,0,0,1378189,64.99,2007,22,53.61,43.32
49130,Historical,115366,0,0,S,7,1,943951,138.4,2003,12,51.85,68.98
49131,Historical,895876,1,2,S,3,1,3394165,76.95,2000,12,52.6,76.95
49132,Historical,2120071,0,0,S,2,1,770576,53.95,2006,21,48.94,42.94
49133,Historical,615780,1,1,S,1,0,991795,82,2002,39,48.04,8.07
49134,Historical,875484,0,0,S,9,1,4874721,299.02,2009,20,63.98,67.9
49136,Historical,2501626,0,0,S,2,1,4199460,109,2003,12,100.89,43.97
49137,Historical,641387,0,0,S,2,1,1183133,239,2010,19,0,163.12
49138,Historical,621362,0,0,S,2,1,731657,57.95,2009,19,66.09,41.86
49139,Historical,55682,0,0,S,4,1,1165581,116.26,2006,19,130.08,96.86
49140,Historical,109503,0,0,S,2,1,986424,187.19,2008,24,150.59,66.05
49141,Historical,115193,1,1,S,4,1,1472682,131.95,2001,22,117.69,43.98
49142,Historical,2366993,0,0,S,2,1,4910959,77,1992,20,17.24,35.41
49143,Historical,121458,0,0,S,2,1,784599,137.2,1998,29,75.37,65.53
49144,Historical,110061,1,2,S,2,1,766166,231.14,2010,25,33.33,46.99
49145,Historical,110406,0,0,S,8,1,15040,80.75,2008,59,40.1,48.87
49147,Historical,172386,1,1,S,2,1,112499,42,2001,57,33.96,13.98
49148,Historical,127510,0,0,S,2,1,193609,44.95,2009,46,29.89,54.56
49149,Historical,149429,0,0,S,5,1,147689,64,2008,23,38.97,43.97
49150,Historical,615959,0,0,S,3,1,1800155,74.95,1999,49,67.09,9.99
49151,Historical,2561896,1,2,S,2,1,1740342,67.95,1981,23,32.99,69.8
49152,Historical,2560359,0,0,S,2,1,4430631,85.95,1981,18,32.99,82.96
49153,Historical,909299,0,0,S,5,1,1432387,57,2006,15,38.49,23.55
49154,Historical,126736,0,0,S,1,0,589150,78,2007,33,11.44,21.98
49155,Historical,2648192,0,0,S,1,0,807617,51.95,1999,64,34.83,23.98
49156,Historical,627507,0,0,S,10,1,399864,85.67,2008,58,53.74,38.94
49157,Historical,2537978,0,0,S,4,1,5373493,41.95,2002,35,24.96,50.13
49158,Historical,532765,0,0,S,6,1,15881,76,2012,48,41.52,56.11
49159,Historical,2543906,0,0,S,2,1,3992243,34.95,2005,16,16.75,28.87
49160,Historical,184553,0,0,S,1,0,633041,58.95,2005,17,46.55,53.21
49161,Historical,612505,0,0,S,0,0,615318,75,2013,19,33.74,20.25
49162,Historical,165938,0,0,S,2,1,161052,85,2006,32,49.91,53.25
49163,Historical,911194,1,1,S,3,1,1993092,64.98,2007,51,46.96,38.83
49164,Historical,163645,0,0,S,2,1,2060041,70,2002,47,46.96,39.01
49165,Historical,607316,0,0,S,7,1,1498105,155,2004,57,38.92,15.99
49166,Historical,607148,0,0,S,6,1,2295508,103,2001,45,38.92,13.98
49167,Historical,167350,0,0,S,3,1,539198,80,2007,51,46.96,38.63
49168,Historical,56256,0,0,S,5,1,83827,49.95,2009,77,41.85,49.63
49169,Historical,637376,0,0,S,2,1,372063,97.67,2001,39,52.19,119.67
49170,Historical,60942,0,0,S,3,1,2348173,13.93,2003,40,46.23,13.87
49171,Historical,564783,0,0,S,1,0,1117207,57.95,2010,28,126.41,28.98
49172,Historical,144200,0,0,S,5,1,2103843,73.2,2000,26,50.39,9.52
49173,Historical,647084,0,0,S,1,0,782054,79.94,2012,23,47.32,118.64
49174,Historical,276729,0,0,S,3,1,910647,87.5,2007,25,70.93,80.83
49175,Historical,646474,0,0,S,1,0,312901,99.95,2009,51,83.79,67.48
49176,Historical,2876064,0,0,S,1,0,688404,49.95,2000,56,25.7,9.29
49177,Historical,1649201,0,0,S,11,1,3145935,70,2009,18,52.17,73.98
49178,Historical,3564423,1,1,S,4,1,2456557,44.95,2009,18,0,44.5
49179,Historical,608204,0,0,S,3,1,1318454,60.95,2007,28,50.7,102.42
49180,Historical,54452,0,0,S,4,1,728913,105.33,2004,54,16.98,23.99
49181,Historical,118672,0,0,S,5,1,3916773,96,2007,17,16.98,66.13
49182,Historical,54453,0,0,S,5,1,1222399,153.33,2007,92,16.98,13.99
49183,Historical,118438,0,0,S,5,1,1026863,116.67,2007,25,31.81,80.41
49184,Historical,874743,0,0,S,2,1,789797,66.75,2002,28,89.45,18.99
49185,Historical,201735,0,0,S,2,1,2290142,43.95,2006,21,134.25,42.47
49186,Historical,1630791,0,0,S,0,0,1269492,75,2009,40,30.29,66.74
49187,Historical,190451,0,0,S,8,1,754135,56.8,1997,98,21.87,23.08
49188,Historical,120684,0,0,S,3,1,1810709,76.2,2008,82,48.52,8.89
49189,Historical,532750,0,0,S,4,1,147641,90,2010,149,48.52,28.89
49190,Historical,536926,0,0,S,3,1,1048906,68,2008,24,23.99,110.45
49191,Historical,287643,1,1,S,4,1,825355,62.2,2010,88,4.01,10.14
49192,Historical,613269,0,0,S,3,1,1928791,9.24,2009,58,4.01,9.14
49193,Historical,657905,1,2,S,5,1,77143,131.33,2013,64,92.99,45.89
49194,Historical,869970,0,0,S,4,1,1684996,9.98,2000,23,14.98,48.69
49195,Historical,547827,1,2,S,4,1,177099,116.25,1999,68,14.98,18.98
49196,Historical,55976,0,0,S,1,0,81606,84.95,1998,68,23.9,40.63
49197,Historical,899412,0,0,S,2,1,2749524,0,2006,14,83.6,236.59
49198,Historical,258386,0,0,S,3,1,735654,101.5,2005,32,77.93,37.85
49199,Historical,113071,1,4,S,1,0,141836,68.95,2008,32,50.49,42.94
49200,Historical,204815,0,0,S,1,0,685209,59.95,2000,51,16.02,11.46
49201,Historical,254525,0,0,S,7,1,144967,55.95,2011,58,35.94,21.97
49202,Historical,2800872,0,0,S,2,1,2691187,47.95,1990,21,20.69,32.98
49203,Historical,919230,0,0,S,4,1,2783294,48.8,1996,34,11.61,18.45
49204,Historical,1575302,0,0,S,2,1,528367,100,2011,14,0,55.13
49205,Historical,273407,1,1,S,2,1,1464598,0,2000,27,58.99,69.48
49206,Historical,117523,1,1,S,2,1,745605,100,2003,34,58.99,56.23
49207,Historical,640750,0,0,S,2,1,4298791,57.6,2012,19,33.99,46.19
49208,Historical,132469,1,1,S,6,1,135491,148.2,2008,42,103.96,51.45
49209,Historical,58144,0,0,S,2,1,2842228,105.8,2003,62,150.37,8.17
49210,Historical,144764,0,0,S,2,1,908140,180.4,2004,28,73.43,52.21
49211,Historical,135618,0,0,S,1,0,436517,32.95,2007,25,29.95,92.68
49212,Historical,135671,0,0,S,2,1,505210,40.95,2011,44,29.95,47.76
49213,Historical,119140,0,0,S,4,1,47718,110,2011,63,57.95,71.59
49214,Historical,794675,0,0,S,1,0,456770,55.95,2007,22,144.72,42.81
49215,Historical,631316,0,0,S,5,1,1517496,350,2009,17,75.69,105.45
49216,Historical,178524,0,0,S,1,0,756400,118,2005,32,60.24,73.26
49217,Historical,2027770,0,0,S,3,1,1921379,66,2006,18,21.99,68.97
49218,Historical,2158839,0,0,S,3,1,1915828,98,2010,21,59.96,59.99
49219,Historical,54340,1,1,S,8,1,253437,48.2,2006,64,51.49,17.48
49220,Historical,670181,0,0,S,1,0,406154,49.95,2012,10,38.7,45.16
49221,Historical,608337,0,0,S,2,1,643822,55,2000,27,33.24,15.92
49222,Historical,542867,0,0,S,0,0,32243,40.95,2006,119,28.69,32.04
49223,Historical,830820,0,0,S,2,1,1957729,65,2010,29,51.04,12.01
49224,Historical,915872,0,0,S,3,1,2621977,108,2003,43,78.99,10.98
49225,Historical,623588,0,0,S,4,1,484055,161.4,2006,39,78.99,55.99
49226,Historical,56523,0,0,S,2,1,75316,40,2008,85,40.73,33.65
49227,Historical,870255,0,0,S,4,1,1531791,44.95,2008,35,24.76,23.4
49228,Historical,204028,0,0,S,4,1,233560,44.95,2008,36,24.76,18.94
49229,Historical,532696,0,0,S,4,1,1484691,112,2007,46,31.24,58.99
49230,Historical,294335,0,0,S,1,0,355938,58,2000,32,0,0
49231,Historical,106525,0,0,S,4,1,1052821,65,2007,33,42.28,11.6
49232,Historical,192886,0,0,S,4,1,1420789,129,2003,26,64.98,19.99
49233,Historical,202342,0,0,S,4,1,4554593,220.95,2001,26,88.08,14.94
49234,Historical,51597,1,1,S,6,1,539394,154.8,2009,26,64.75,50.97
49235,Historical,2254383,0,0,S,6,1,5479816,95.7,2006,42,91.02,84.28
49236,Historical,146064,0,0,S,6,1,1321736,152.47,2008,20,91.02,52.89
49237,Historical,2696078,0,0,S,4,1,1556780,64.95,2003,15,62.11,54.47
49238,Historical,632945,0,0,S,5,1,200356,79.95,2008,16,62.11,70.22
49239,Historical,3065745,0,0,S,3,1,3810016,96,2003,12,112.94,200.05
49240,Historical,183286,0,0,S,3,1,4636719,55.95,2005,29,22.12,8.25
49241,Historical,772082,0,0,S,2,1,1414689,52.95,2005,35,22.12,15.93
49242,Historical,183749,0,0,S,4,1,1770361,48.95,2008,66,31.99,5.52
49243,Historical,170142,1,3,S,5,1,340628,45.95,2011,61,31.99,12.94
49244,Historical,614661,1,1,S,2,1,89169,42.95,2003,49,0,0
49245,Historical,868182,0,0,S,3,1,750630,44.95,2014,16,27.94,41.94
49246,Historical,676366,0,0,S,1,0,51231,23.95,2003,59,0,13.38
49247,Historical,642263,0,0,S,3,1,908818,40,2012,26,16.74,22.99
49248,Historical,147336,1,1,S,1,0,395509,90.95,2005,31,49.99,48.99
49249,Historical,804318,1,1,S,1,0,763432,158,2009,17,78.66,50.92
49250,Historical,115269,0,0,S,6,1,1204597,81.6,2002,28,28.23,38.99
49251,Historical,789285,0,0,S,2,1,9316902,129,2002,17,61.72,12.49
49252,Historical,789087,0,0,S,3,1,1666951,249,2003,13,201,66.4
49253,Historical,56224,1,1,S,5,1,19665,82.95,2010,86,50.99,67.99
49254,Historical,879485,0,0,S,5,1,878008,63.99,2011,25,50.99,128.03
49255,Historical,2569662,0,0,S,2,1,3989485,0,1990,17,38.98,58.75
49256,Historical,2884268,1,1,S,4,1,3627911,175,1997,22,206.87,73.98
49257,Historical,700308,0,0,S,2,1,1038353,206,2002,18,31.84,8.3
49258,Historical,3551363,0,0,S,2,1,7156153,159,1992,14,0,65.33
49259,Historical,2823021,0,0,S,3,1,3111598,192,1996,18,93.49,194.33
49260,Historical,532662,0,0,S,2,1,400602,223.95,2007,12,66.98,74.3
49261,Historical,107755,0,0,S,5,1,1339940,12.56,2004,14,58.92,10.99
49262,Historical,917936,0,0,S,2,1,2896471,119,2003,34,47.94,12.99
49263,Historical,634507,0,0,S,2,1,510334,155,2008,14,109.67,10.3
49264,Historical,910519,0,0,S,7,1,3442694,59.95,1998,17,18.99,110.49
49265,Historical,177846,0,0,S,5,1,1045216,90.95,2004,25,91.41,35
49266,Historical,655641,0,0,S,5,1,525751,71.95,2010,25,70.71,23.97
49267,Historical,650000,0,0,S,6,1,563809,76.66,2010,33,61.99,88.99
49268,Historical,290948,0,0,S,9,1,250787,299.95,2010,43,152.88,140.97
49269,Historical,2121806,0,0,S,4,1,2931770,74.99,2007,19,71.35,31.76
49270,Historical,164190,0,0,S,4,1,3376973,0,1997,16,40.38,48.99
49271,Historical,626205,0,0,S,8,1,233528,288.3,2011,32,126.37,100.55
49272,Historical,119142,0,0,S,5,1,124199,78.6,2011,65,51.89,45.24
49273,Historical,118903,0,0,S,4,1,850966,63.8,2008,53,51.89,7.16
49274,Historical,116859,0,0,S,3,1,1953864,61.33,2005,31,51.89,38.38
49275,Historical,161447,1,1,S,1,0,495173,110.5,2007,17,39.49,48.99
49276,Historical,2142407,1,1,S,2,1,286322,103,2009,16,0,178.94
49277,Historical,609799,0,0,S,4,1,669896,60.99,2009,31,17.74,48.27
49278,Historical,609738,0,0,S,3,1,2063415,54.95,2005,24,17.74,20.45
49279,Historical,322614,1,1,S,2,1,3211238,58.4,2004,34,46.73,13.99
49280,Historical,3101525,0,0,S,0,0,1115929,12.95,2005,40,28.55,4.14
49281,Historical,156652,0,0,S,3,1,1541541,52.95,1998,32,30.24,14.04
49282,Historical,3130351,0,0,S,0,0,697989,39.95,2000,28,23.98,32.87
49283,Historical,2167073,0,0,S,1,0,119907,42.95,2012,27,39.75,13.98
49284,Historical,410765,1,1,S,3,1,319535,96,2008,21,53.06,76.59
49285,Historical,888306,0,0,S,3,1,2277997,24,2007,13,53.06,72.87
49287,Historical,2070428,1,1,S,3,1,1656992,34.56,2009,15,101.61,12.99
49288,Historical,2070429,1,1,S,3,1,1305240,96,2008,21,101.61,96
49289,Historical,2070501,0,0,S,3,1,906746,96,2009,18,0,91.2
49290,Historical,242905,0,0,S,2,1,944815,34.95,2007,49,23.44,21.99
49291,Historical,587620,0,0,S,1,0,1079845,140.95,2011,33,36.99,83.79
49292,Historical,110056,0,0,S,0,0,1221639,193.5,2010,19,48.93,83.63
49293,Historical,658088,0,0,S,0,0,358196,75,2013,42,0,29.98
49294,Historical,534152,0,0,S,1,0,779230,39.99,2011,72,32.53,11.22
49295,Historical,2165979,0,0,S,11,1,492912,52,2014,12,0,44.99
49296,Historical,532632,0,0,S,5,1,208091,159.2,2011,18,89.99,595.71
49297,Historical,116157,0,0,S,3,1,1516354,100,2005,16,89.99,39.52
49298,Historical,2262792,0,0,S,3,1,3051200,70.26,2007,33,181.52,44.45
49299,Historical,120163,0,0,S,5,1,352586,146.4,2009,34,79.24,63.05
49300,Historical,120173,1,1,S,5,1,246698,160.4,2009,33,105.89,76.73
49301,Historical,907541,0,0,S,2,1,928305,66.95,1992,19,103.81,51.33
49302,Historical,620677,0,0,S,8,1,3546122,39.6,1989,31,82.88,25.41
49303,Historical,900614,0,0,S,10,1,2211390,62.64,2000,27,82.88,23.74
49304,Historical,249741,1,4,S,5,1,1098531,218.95,2006,15,118.99,69.65
49305,Historical,624794,0,0,S,2,1,1585748,126.6,2008,21,125.48,68.57
49306,Historical,120107,1,1,S,5,1,1336141,126.6,2009,17,129.97,48.99
49307,Historical,532629,1,1,S,4,1,108542,141.95,2011,33,129.6,99.95
49308,Historical,249836,1,1,S,3,1,1010139,135.95,2007,28,129.6,28.98
49309,Historical,1900733,0,0,S,5,1,635818,147.95,2010,31,0,43.96
49310,Historical,60105,0,0,S,4,1,731501,139.95,2004,44,102.26,26.97
49311,Historical,626152,0,0,S,2,1,2198127,49.95,2005,27,28.14,50.33
49312,Historical,596757,0,0,S,3,1,256578,49.95,2008,27,28.14,23.28
49313,Historical,622140,1,1,S,2,1,396017,59.95,1995,40,0,21.95
49314,Historical,3746662,0,0,S,2,1,1543425,46.95,2011,37,0,46.95
49315,Historical,135599,0,0,S,3,1,2075168,49.95,2006,49,24.82,12.93
49316,Historical,135639,1,2,S,4,1,97442,49.95,2009,59,24.82,8.74
49317,Historical,184502,0,0,S,2,1,1223293,35.95,2002,25,20.45,8.99
49318,Historical,2250047,0,0,S,6,1,449815,152.62,2008,23,0,84.58
49319,Historical,55543,0,0,S,2,1,979896,62.6,2007,60,60.96,55.22
49320,Historical,918764,0,0,S,2,1,416886,49.95,2002,60,22.52,12.96
49321,Historical,299037,1,1,S,2,1,495899,0,2002,58,46.39,43.94
49322,Historical,119990,0,0,S,6,1,498107,66.6,2008,34,57.64,42.88
49323,Historical,2253553,0,0,S,6,1,2735230,152.34,2008,42,57.64,75.61
49324,Historical,641123,0,0,S,17,1,2656911,59.95,2008,16,61.2,44.78
49325,Historical,143626,0,0,S,3,1,645315,193,2010,41,11.79,65.89
49326,Historical,523258,0,0,S,2,1,3880475,145,2007,12,28.84,46.49
49327,Historical,757828,0,0,S,3,1,2052065,283.95,2005,13,138.94,90.47
49328,Historical,143120,0,0,S,2,1,3207983,136,2005,23,11.79,85.21
49329,Historical,3048497,0,0,S,3,1,6049365,68.2,2000,14,123.6,134.89
49330,Historical,482780,0,0,S,2,1,3071078,109,2006,10,4.99,104.57
49331,Historical,608335,0,0,S,3,1,2891741,63.51,2002,40,48.48,47.85
49332,Historical,115124,0,0,S,0,0,1061701,95.6,1999,37,0,38.99
49333,Historical,1839362,0,0,S,2,1,4642487,219.95,2006,17,0,77.75
49334,Historical,1908494,0,0,S,2,1,53448,59.99,2013,27,35.89,37.25
49336,Historical,897469,0,0,S,2,1,2602122,74.95,1996,16,43.99,81.01
49337,Historical,561724,0,0,S,3,1,50565,86.95,2012,24,35.32,48.99
49338,Historical,609411,0,0,S,3,1,2163612,49.95,2000,31,35.05,41.59
49339,Historical,621486,0,0,S,3,1,583830,76.95,2001,49,47.98,44.73
49340,Historical,477724,1,1,S,1,0,285539,145.95,2009,28,48.98,65.49
49341,Historical,2611835,0,0,S,2,1,1841378,60,2001,21,38.53,35.98
49342,Historical,51291,0,0,S,10,1,751453,185.33,2005,58,108.74,17.99
49343,Historical,270930,0,0,S,7,1,365315,49.95,2008,21,27.36,46.6
49344,Historical,230485,0,0,S,6,1,662901,45.95,2004,30,27.36,57.47
49345,Historical,571995,0,0,S,5,1,3000857,235.95,2003,35,107.16,27.16
49346,Historical,577373,0,0,S,2,1,138967,76.99,2008,52,13.97,43.98
49347,Historical,203726,0,0,S,2,1,233083,68.99,2007,60,36.94,27.12
49348,Historical,869865,0,0,S,4,1,1598049,60.99,2003,43,30.54,50.04
49349,Historical,203563,0,0,S,4,1,1452882,69.95,2003,45,30.54,18.82
49350,Historical,2491470,0,0,S,3,1,2979595,68.95,2002,21,0,82.82
49351,Historical,52403,0,0,S,7,1,1519017,172.95,2002,58,124.98,37.99
49352,Historical,567388,0,0,S,2,1,1746956,272.95,2006,37,31.44,13.98
49353,Historical,742167,0,0,S,2,1,3869234,220.53,2010,12,157.5,73.99
49354,Historical,146164,0,0,S,2,1,531338,207.2,2010,56,157.5,24.16
49355,Historical,2675537,0,0,S,2,1,1993538,124.9,1987,22,58.83,23.99
49356,Historical,106310,0,0,S,3,1,1669572,38.95,2005,28,27.58,19
49357,Historical,105635,0,0,S,2,1,1658602,29.95,2000,27,27.58,45.63
49358,Historical,204175,0,0,S,7,1,663242,69.95,2007,57,5.47,12.48
49359,Historical,549117,0,0,S,6,1,1724081,89.5,1988,31,28.67,51.98
49360,Historical,878507,0,0,S,3,1,1518248,62.87,2005,22,68.37,39.78
49361,Historical,1839669,0,0,S,5,1,3625263,67.99,2007,16,49.5,45.33
49362,Historical,574754,0,0,S,6,1,1219802,215,2009,41,159.38,13.89
49363,Historical,291527,0,0,S,1,0,1031349,62.95,2002,39,19.56,9.84
49364,Historical,561687,1,1,S,4,1,969254,40.95,2007,81,0,15.86
49365,Historical,540939,0,0,S,5,1,213917,48.95,2011,83,0,8.32
49366,Historical,174495,0,0,S,2,1,703242,27.25,2002,22,19.29,25.99
49367,Historical,174496,0,0,S,2,1,473241,31.5,2002,41,19.29,33.43
49369,Historical,868154,1,1,S,0,0,357363,80.93,2000,31,81.32,53.18
49370,Historical,56380,0,0,S,3,1,1802115,69,2005,114,3.88,4.87
49371,Historical,193666,0,0,S,3,1,400631,83.95,2009,34,33.28,16.1
49372,Historical,60111,0,0,S,16,1,1404084,208.5,2006,51,90.93,16.57
49373,Historical,52154,0,0,S,16,1,1285592,7.48,2006,55,90.93,15.98
49374,Historical,567661,0,0,S,7,1,186902,299.95,2009,37,4.53,22.4
49375,Historical,606684,1,2,S,7,1,3247146,88.3,1994,28,130.27,51.17
49376,Historical,635656,0,0,S,4,1,232128,54.95,2012,47,17.97,29.41
49377,Historical,608026,1,2,S,3,1,580302,51.95,2009,77,17.97,13.12
49378,Historical,765431,0,0,S,3,1,1803577,61.95,2002,32,10.75,51.53
49379,Historical,569662,0,0,S,2,1,5060078,47.95,1997,28,10.75,28.99
49380,Historical,607097,0,0,S,7,1,1187152,109,2005,20,49.85,157.89
49381,Historical,607778,0,0,S,2,1,936470,78.95,2000,37,37.09,17.1
49382,Historical,51707,0,0,S,4,1,486323,37.45,2006,170,123.6,24.94
49383,Historical,252638,1,1,S,5,1,291176,38.99,2009,104,123.6,38.78
49384,Historical,51705,0,0,S,4,1,333704,23.89,2006,113,123.6,23.63
49385,Historical,116413,0,0,S,7,1,799178,144,2003,33,58.99,66.53
49386,Historical,205359,0,0,S,0,0,387326,39.95,2001,54,61.6,19.91
49387,Historical,2374424,0,0,S,2,1,1560157,42.4,2004,42,0,22.99
49388,Historical,288884,1,2,S,6,1,2713314,54.95,2004,54,40.98,18.56
49389,Historical,148697,0,0,S,7,1,716103,78.95,2007,25,40.98,73.63
49390,Historical,170080,1,1,S,2,1,246518,217.95,2010,27,145.97,124.98
49391,Historical,547654,0,0,S,3,1,609454,89.7,1988,22,61.56,48.98
49392,Historical,225946,0,0,S,2,1,1238195,104.95,2006,19,54.44,28.2
49393,Historical,415207,0,0,S,0,0,359881,37.21,2005,16,79.01,57.74
49394,Historical,51848,0,0,S,5,1,626986,11.62,2005,42,79.01,23.99
49395,Historical,2665560,0,0,S,0,0,269101,36,1984,63,24.46,14.99
49396,Historical,246211,0,0,S,2,1,1945718,93.95,2003,31,35.97,21.86
49397,Historical,140396,0,0,S,0,0,273123,37.99,1999,53,27.28,21
49398,Historical,140474,0,0,S,2,1,245203,41.99,2003,44,27.28,19.99
49399,Historical,129242,0,0,S,3,1,712926,61,2009,19,20.49,52.93
49400,Historical,298229,0,0,S,3,1,327204,72,2007,22,50.04,51.98
49401,Historical,462482,0,0,S,2,1,870975,119.95,2005,19,78.55,96.11
49402,Historical,204053,1,2,S,1,0,25319,122.99,2011,65,0,0
49403,Historical,545709,0,0,S,7,1,5900,61.99,2012,37,40.93,47.79
49404,Historical,1753154,1,1,S,3,1,646429,567.58,2010,12,0,53.99
49405,Historical,264873,0,0,S,2,1,1274668,79.95,2000,16,73.71,81.42
49406,Historical,902507,0,0,S,3,1,2096474,55,2009,19,53.51,56.29
49407,Historical,613763,0,0,S,4,1,671278,64.95,2012,82,49.23,28.92
49408,Historical,608928,0,0,S,4,1,2494305,48.95,1997,36,46.67,40.08
49409,Historical,645290,0,0,S,1,0,1177600,36.95,2005,12,32.16,36.94
49410,Historical,610419,0,0,S,7,1,740273,84.95,2011,82,45.99,23.99
49411,Historical,608799,0,0,S,6,1,1697627,93.95,2008,53,45.99,4.19
49412,Historical,166803,0,0,S,3,1,966364,35,2005,66,16.86,6.98
49413,Historical,163054,0,0,S,4,1,106230,39.95,2010,30,16.86,39.82
49414,Historical,2258015,0,0,S,6,1,815976,115.91,2011,21,122.06,53.28
49415,Historical,170182,0,0,S,13,1,478425,106.95,2011,96,72,28.99
49416,Historical,534008,0,0,S,12,1,721305,118.95,2008,102,4,29.61
49417,Historical,1840786,0,0,S,3,1,1548675,51.99,2009,22,44.63,66.03
49418,Historical,1839196,0,0,S,2,1,1216275,52.99,2008,19,44.63,53.15
49419,Historical,205911,0,0,S,1,0,343895,32,2005,55,23.5,8.71
49420,Historical,632069,0,0,S,0,0,16769,59.95,2013,63,37.11,33.48
49421,Historical,162619,0,0,S,2,1,845361,39.95,2009,47,26.99,13.44
49422,Historical,761574,0,0,S,1,0,723823,35,2006,55,26.99,6.94
49423,Historical,177392,0,0,S,4,1,1007546,112.95,2003,49,92.68,8.49
49424,Historical,619057,1,2,S,3,1,588868,0,1998,25,55.96,45.15
49425,Historical,141903,1,2,S,8,1,308320,105.04,2008,73,58.99,11.21
49426,Historical,614652,0,0,S,3,1,993677,10.32,2009,42,58.95,10.97
49427,Historical,889340,0,0,S,4,1,2826927,75,1993,18,33.08,52.07
49428,Historical,901013,0,0,S,6,1,1052821,73.25,1987,24,29.17,72.73
49429,Historical,720770,0,0,S,2,1,2470630,35,2003,34,0,15.01
49430,Historical,248984,1,1,S,7,1,675234,59.95,2007,69,43.48,15.2
49431,Historical,532540,0,0,S,8,1,481151,65.95,2012,42,43.48,18.97
49432,Historical,871015,0,0,S,6,1,2645309,8.65,2006,35,17,10.99
49433,Historical,146001,0,0,S,7,1,490377,172,2009,122,17,8.99
49434,Historical,109904,0,0,S,2,1,3058481,18.57,2006,40,97.94,8.96
49435,Historical,532536,0,0,S,8,1,1558132,264.95,2007,26,6.99,39.94
49436,Historical,567538,0,0,S,8,1,3308828,311.95,2007,18,144.49,45.63
49437,Historical,608765,0,0,S,6,1,1048694,49.56,2003,18,199.97,27.99
49438,Historical,538476,1,1,S,8,1,1803312,141.25,2009,17,123.93,239.41
49439,Historical,561086,0,0,S,2,1,1414654,178.67,2008,73,61.67,8.64
49440,Historical,533628,1,3,S,5,1,5328,233.4,2012,131,229.55,41.99
49441,Historical,625644,0,0,S,4,1,576551,253.4,2012,37,16.64,210.78
49442,Historical,146695,1,2,S,5,1,1056524,253.4,2011,32,147.36,173.98
49443,Historical,532528,0,0,S,4,1,37254,233.4,2012,86,16.64,48.51
49444,Historical,169670,0,0,S,5,1,2248587,349.95,2007,28,154.07,59.83
49445,Historical,177179,0,0,S,4,1,1965937,180.95,2004,42,154.07,114.41
49446,Historical,266886,0,0,S,2,1,2178447,44.99,2006,36,32.4,18.98
49447,Historical,633826,0,0,S,0,0,497917,39.95,2012,16,39.93,28.36
49448,Historical,870917,0,0,S,5,1,1817947,125.2,2004,37,90.2,6.67
49449,Historical,532524,0,0,S,3,1,354990,34.99,2010,37,25.54,18.98
49450,Historical,2502461,0,0,S,0,0,642415,59.95,2001,21,54.88,41.99
49451,Historical,593656,0,0,S,5,1,876039,39.99,2009,134,33.99,4
49452,Historical,1983880,0,0,S,1,0,115746,44.99,2014,19,0,36.95
49453,Historical,749056,0,0,S,3,1,2005790,39.99,2007,32,28.43,18.74
49454,Historical,619639,0,0,S,4,1,161529,39.99,2009,33,28.43,18.97
49455,Historical,162146,0,0,S,2,1,1755608,122,2008,17,60.99,70.39
49456,Historical,910895,0,0,S,1,0,112235,39.99,2007,34,16.95,28.99
49457,Historical,665380,0,0,S,3,1,386653,49.99,2012,17,40.63,36.18
49458,Historical,609779,0,0,S,3,1,1387721,39.99,2008,30,4.73,12.72
49459,Historical,60121,0,0,S,9,1,364660,123.4,2003,64,53.94,22.49
49460,Historical,198997,0,0,S,4,1,371136,55.95,1999,15,20.09,46.87
49461,Historical,107662,0,0,S,8,1,2658230,19.49,2004,17,19.98,23.99
49462,Historical,663616,1,1,S,3,1,260900,82,2013,22,47.12,73.94
49463,Historical,348695,0,0,S,2,1,3289697,205.95,2003,14,55.98,675
49464,Historical,2262133,0,0,S,2,1,3695701,56.09,2010,14,47.12,169.79
49465,Historical,316535,1,1,S,2,1,377895,99,2009,32,47.12,75.63
49466,Historical,313862,1,1,S,4,1,2171548,86.67,2004,35,46.35,12.21
49467,Historical,262749,0,0,S,6,1,785634,63.95,2008,50,38.99,27.98
49468,Historical,552010,0,0,S,3,1,5666922,62,1997,19,138.21,51.73
49469,Historical,261377,0,0,S,2,1,1642595,80,2002,27,23.94,7.97
49470,Historical,344361,0,0,S,1,0,524468,65,2006,29,47.81,39.98
49471,Historical,105800,0,0,S,2,1,1682207,49.95,2003,47,36.69,10.99
49472,Historical,106124,0,0,S,3,1,383394,52,2007,129,36.69,16.18
49473,Historical,203503,0,0,S,1,0,1395010,44.5,2003,74,10.99,6.98
49474,Historical,202512,0,0,S,3,1,411839,104.05,2001,21,103.99,73.09
49475,Historical,108665,0,0,S,3,1,131257,71.37,2003,37,103.99,47.81
49476,Historical,758246,0,0,S,7,1,524405,23.49,2003,58,57.31,10.99
49477,Historical,123916,0,0,S,6,1,5877878,140.55,1998,27,57.31,31.26
49478,Historical,284735,0,0,S,4,1,508292,50,1996,125,29.35,23.93
49479,Historical,54771,0,0,S,10,1,820905,30.8,2006,35,63.99,11.65
49480,Historical,329960,0,0,S,2,1,477732,223.95,2007,17,103.99,71.52
49481,Historical,631629,0,0,S,5,1,1449336,187.99,2009,32,107.73,78.71
49482,Historical,147443,0,0,S,11,1,1002009,102,2007,35,80.03,53.99
49483,Historical,2040371,0,0,S,2,1,2647631,85,2009,21,39.54,20.71
49484,Historical,148904,0,0,S,3,1,133510,40,2005,204,23.07,6.99
49485,Historical,374677,0,0,S,0,0,306026,35.95,1998,63,20.94,33.99
49486,Historical,646586,1,1,S,2,1,873403,49.95,2004,18,0,0
49487,Historical,914854,0,0,S,3,1,520589,99.33,2013,30,109.72,83.77
49488,Historical,827217,1,3,S,3,1,1237772,41.25,2001,14,53.99,81.63
49489,Historical,613358,0,0,S,2,1,914336,40,2001,98,20,7.22
49490,Historical,613169,0,0,S,2,1,249028,44.99,2004,103,21.34,7.99
49491,Historical,1478792,0,0,S,1,0,1465490,78,2011,18,29.64,16.57
49492,Historical,910230,0,0,S,2,1,1235159,51.95,2007,17,42.98,57.91
49493,Historical,60125,0,0,S,3,1,2950866,126.95,2006,43,17.25,4.2
49495,Historical,560415,0,0,S,2,1,680117,85,2003,36,41.12,37.12
49496,Historical,914270,1,1,S,5,1,102268,39.99,1997,32,31.99,22.73
49497,Historical,148692,0,0,S,10,1,6370859,68.95,2008,9,67.95,68.95
49498,Historical,594521,0,0,S,1,0,1180340,43.95,2011,24,29.43,21
49499,Historical,2081114,0,0,S,1,0,330004,11.4,2011,33,121.63,6.99
49500,Historical,663800,0,0,S,0,0,328965,179,2013,19,49.55,60.98
49501,Historical,641905,0,0,S,2,1,1258718,146.25,1986,28,6.92,73.85
49502,Historical,128976,0,0,S,3,1,1634024,105,2005,22,39.98,45.64
49503,Historical,128726,0,0,S,4,1,1177701,142.95,2009,29,39.98,28.88
49504,Historical,904382,0,0,S,2,1,2361165,135,2001,18,44.38,59.97
49505,Historical,608306,0,0,S,3,1,298968,71.76,2004,60,71.98,23.96
49506,Historical,532348,0,0,S,5,1,161072,45.99,2009,63,34.25,18.98
49507,Historical,60128,0,0,S,4,1,1158732,38.95,2007,84,34.25,8.49
49508,Historical,621168,0,0,S,3,1,1474051,28.58,2004,34,62.59,29.24
49509,Historical,193641,1,2,S,2,1,884463,138,2009,33,51.31,54.9
49510,Historical,544869,1,1,S,2,1,16939,67.95,2006,53,22.24,42.54
49511,Historical,621900,0,0,S,2,1,10278,93.95,2012,81,75.72,75.74
49512,Historical,366524,0,0,S,2,1,1361076,92.95,2007,26,16.02,76.92
49513,Historical,625956,0,0,S,8,1,218509,89.94,2010,33,67.74,61.94
49514,Historical,591615,0,0,S,7,1,1716208,0,2005,22,67.74,99.05
49515,Historical,61248,1,1,S,2,1,424530,86.95,1998,24,7.17,37.89
49516,Historical,758236,0,0,S,1,0,165153,13.98,2003,37,13.28,101.42
49517,Historical,609132,0,0,S,3,1,7166646,37.5,2001,31,28.99,12.98
49518,Historical,56776,0,0,S,5,1,300853,10.98,2007,41,28.99,11.98
49519,Historical,184661,0,0,S,1,0,890630,104.95,2004,20,62.57,28.99
49520,Historical,607392,0,0,S,3,1,1736460,83.47,2007,55,122.52,8.99
49521,Historical,561147,0,0,S,3,1,2539670,93.73,2007,22,37.44,7.26
49522,Historical,174540,0,0,S,1,0,168419,59.99,1998,30,0,42.97
49523,Historical,221889,0,0,S,2,1,1892368,124.95,1998,19,120.99,67.03
49524,Historical,907102,0,0,S,9,1,1248208,0,2011,24,41.38,56.99
49525,Historical,50197,0,0,S,9,1,226385,0,2007,96,123.98,119.81
49526,Historical,515164,0,0,S,3,1,1672593,145.6,2005,31,62.31,74.69
49527,Historical,2664378,0,0,S,2,1,2503573,101.99,1998,23,124.78,104.32
49528,Historical,51818,0,0,S,8,1,728458,245.75,2008,95,92.49,52.47
49529,Historical,60131,0,0,S,9,1,1093183,136,2006,63,123.98,18.49
49530,Historical,51820,1,2,S,8,1,37245,51.6,2007,146,92.49,54.89
49531,Historical,346244,0,0,S,6,1,2649177,198.95,2005,53,107.98,14
49532,Historical,450481,0,0,S,7,1,1090358,313.95,2007,44,107.98,68.51
49533,Historical,285546,0,0,S,2,1,92329,259.25,2011,45,95.99,43.98
49534,Historical,613096,0,0,S,1,0,898811,180.75,2009,34,95.99,21.98
49535,Historical,119054,0,0,S,0,0,1118120,121.4,2006,27,57.13,63.72
49536,Historical,630484,1,1,S,1,0,119075,128.95,2013,56,51.16,71.69
49537,Historical,146334,0,0,S,9,1,740355,223.93,2010,38,76.99,153.99
49538,Historical,52842,1,2,S,2,1,1454161,29.2,2006,48,78.81,8.95
49539,Historical,51861,0,0,S,2,1,1501558,118.47,2006,85,92.97,13.94
49540,Historical,1816542,0,0,S,2,1,3168404,67.2,2012,37,116.75,45.97
49541,Historical,51863,0,0,S,2,1,1573462,128.4,2006,114,116.75,8.57
49542,Historical,60132,0,0,S,7,1,2738965,240.95,2006,60,130.81,21.94
49543,Historical,694580,0,0,S,0,0,1310865,110.65,2004,20,46.55,30.34
49544,Historical,455388,0,0,S,1,0,753584,282.95,2007,77,48.93,15.99
49546,Historical,50199,0,0,S,11,1,760756,205.95,2005,147,139.23,15.98
49547,Historical,346193,0,0,S,2,1,920761,188.95,2006,29,140.78,53.43
49549,Historical,648383,0,0,S,1,0,494951,132.95,2007,14,94.94,94.47
49550,Historical,556172,0,0,S,2,1,2516647,55,2009,20,30.46,71.86
49551,Historical,912081,1,1,S,2,1,1895888,195,1999,20,118.51,75.43
49552,Historical,60135,0,0,S,5,1,1043720,12.1,2000,44,91.73,36.72
49553,Historical,272861,0,0,S,0,0,916511,129,2004,26,128.73,25.43
49554,Historical,2675277,0,0,S,2,1,3208576,55.75,1994,45,0,38.06
49555,Historical,617215,0,0,S,3,1,508025,41.49,1994,45,68.98,39.39
49556,Historical,157340,0,0,S,3,1,1398806,40,2005,47,12.35,46.77
49557,Historical,832296,0,0,S,3,1,2873090,80.95,2000,31,4.94,30.76
49558,Historical,113120,0,0,S,1,0,143409,65.95,2007,35,0,0
49559,Historical,2495260,0,0,S,1,0,309234,40,2002,55,7.14,18.98
49560,Historical,741804,0,0,S,2,1,2123337,54.99,2008,22,13.3,46
49561,Historical,1483190,0,0,S,2,1,418067,69.8,2014,19,0,62.95
49562,Historical,2816311,0,0,S,1,0,409990,34.95,1987,93,52.94,31.14
49563,Historical,3577909,0,0,S,3,1,1593748,54.95,1996,30,0,11.13
49564,Historical,299570,0,0,S,2,1,198174,85,2003,22,23.99,38.98
49565,Historical,737267,0,0,S,4,1,1958693,35,2005,25,27.5,18.95
49566,Historical,738543,0,0,S,5,1,175343,39,2011,24,27.5,38.99
49567,Historical,626343,0,0,S,6,1,1330793,36,2008,22,37.49,19.79
49568,Historical,737334,0,0,S,7,1,4253439,30,2004,21,11.78,7.98
49569,Historical,737750,0,0,S,8,1,1705070,35,2008,24,11.78,15.49
49570,Historical,56858,0,0,S,8,1,828935,62,2005,42,22.99,19.99
49571,Historical,57554,0,0,S,8,1,537620,108,2004,23,41.99,48.99
49572,Historical,633427,0,0,S,1,0,775942,60.95,2006,28,149.09,38.16
49573,Historical,660392,0,0,S,4,1,1079271,99.99,2008,16,93.44,82.99
49574,Historical,2649980,0,0,S,3,1,3828483,22.95,2002,33,178.99,5.98
49575,Historical,2649981,0,0,S,3,1,3894121,22.95,2002,31,178.99,4.73
49576,Historical,682968,0,0,S,0,0,90296,29.95,2003,101,38.48,23.93
49577,Historical,225717,0,0,S,2,1,1569813,99.95,2001,15,62.94,51.72
49578,Historical,200286,0,0,S,1,0,884365,89.95,2007,15,74.01,45.57
49579,Historical,592498,0,0,S,2,1,597939,99.95,2008,29,23.9,64.34
49580,Historical,609624,1,2,S,3,1,717703,142.95,2008,24,88.81,104.98
49581,Historical,609469,0,0,S,2,1,345627,208.95,2003,19,88.81,35.99
49582,Historical,613607,0,0,S,2,1,775509,39.95,2005,51,19.99,13.26
49583,Historical,532414,0,0,S,3,1,497599,44.99,2009,50,33.99,16.99
49584,Historical,184612,0,0,S,2,1,8578134,29.95,2001,33,20.99,7.99
49585,Historical,532409,0,0,S,5,1,140315,48.99,2009,50,32.49,23.97
49586,Historical,613714,0,0,S,4,1,1422466,36.95,2006,58,31.99,36.9
49587,Historical,614019,0,0,S,5,1,162867,41.99,2008,91,31.99,20.64
49588,Historical,903056,0,0,S,2,1,3600509,105,2009,18,47.18,26.03
49589,Historical,870194,0,0,S,2,1,761597,17.07,1996,21,13.49,15.5
49590,Historical,205563,0,0,S,2,1,417593,38,1997,119,13.49,6.88
49591,Historical,2343422,0,0,S,4,1,1884295,37.95,1993,39,23.48,14.74
49592,Historical,532404,0,0,S,3,1,182641,49.95,2005,47,69,80.03
49593,Historical,553792,0,0,S,7,1,479146,233.33,2009,32,198.55,88.86
49594,Historical,900888,0,0,S,2,1,2575715,119,2003,21,163.69,23.94
49595,Historical,241451,0,0,S,4,1,280069,29.75,2002,18,26.94,128.99
49596,Historical,108697,0,0,S,2,1,1034840,42.99,2003,14,0,69.99
49597,Historical,868489,1,2,S,2,1,533518,89,2002,60,29.25,21.31
49598,Historical,747545,0,0,S,3,1,199158,49.95,2004,24,25.64,62.43
49600,Historical,556273,0,0,S,3,1,1682550,71.5,2005,18,50.53,111.63
49601,Historical,403716,0,0,S,4,1,252751,75,2010,40,0,60.59
49602,Historical,1575936,0,0,S,1,0,147259,42,2006,21,0,25.1
49603,Historical,50536,0,0,S,3,1,3438086,92,2001,40,125.39,23.99
49604,Historical,1473854,0,0,S,1,0,1110700,65,2014,25,34.68,28.74
49605,Historical,594681,0,0,S,5,1,41450,196.95,2012,53,40.44,48
49606,Historical,902620,0,0,S,5,1,1086167,120,2005,16,72.78,43.87
49607,Historical,606732,0,0,S,7,1,1060142,148.25,1979,33,113.23,74.77
49608,Historical,1533566,0,0,S,0,0,1156051,69.95,2006,17,71.75,54.61
49609,Historical,534199,0,0,S,0,0,64654,39.95,2009,22,33.99,65.75
49610,Historical,2699198,0,0,S,3,1,3869703,99.95,2002,15,69.72,85.47
49611,Historical,2582617,0,0,S,0,0,798323,17.95,2004,14,115.46,14.71
49612,Historical,628825,0,0,S,4,1,366064,61.95,2007,23,63.64,65.35
49613,Historical,293113,0,0,S,7,1,2464501,179,2004,16,139.04,39.92
49614,Historical,765678,0,0,S,1,0,799848,79.95,2003,51,19.49,13.99
49615,Historical,717946,0,0,S,2,1,2863660,39.95,1999,57,17.99,7.48
49616,Historical,637435,0,0,S,2,1,2361591,34.95,1997,21,57.59,50.51
49617,Historical,625639,1,1,S,10,1,222372,117.73,2012,23,52.99,117.73
49618,Historical,3514105,0,0,S,2,1,4837707,225,1997,18,0,72.52
49619,Historical,477665,0,0,S,3,1,818158,118.95,2005,22,128.73,67.31
49620,Historical,2820554,0,0,S,4,1,1333458,74.99,1999,14,72.32,36.65
49621,Historical,120495,0,0,S,3,1,785501,48.6,1999,20,32.33,28.94
49622,Historical,52068,1,1,S,9,1,603422,90.2,2007,166,49.71,23.98
49623,Historical,294972,0,0,S,0,0,4011,20.99,2006,632,9.78,7.98
49624,Historical,54672,0,0,S,9,1,2169448,17.75,2005,70,35.35,8.46
49625,Historical,52444,0,0,S,10,1,181186,113.35,2003,27,107.44,23.97
49626,Historical,3822506,0,0,S,3,1,3606224,55,2001,18,0,75.5
49627,Historical,717723,0,0,S,4,1,1442450,81.95,1999,29,28.98,43.97
49628,Historical,126834,1,1,S,0,0,88243,47.95,2006,177,31.43,16.88
49629,Historical,54380,0,0,S,2,1,2144387,74.4,2005,130,68.41,4.98
49630,Historical,917614,0,0,S,1,0,359513,120,1990,43,0,13.94
49631,Historical,909433,0,0,S,6,1,4072526,31.95,2006,20,23.6,7.93
49632,Historical,268230,0,0,S,7,1,697800,32.95,2008,22,23.6,59.19
49633,Historical,254042,0,0,S,8,1,423450,34.95,2011,23,23.6,34.95
49634,Historical,162582,0,0,S,7,1,420926,220,2009,25,9.54,72.49
49635,Historical,166559,0,0,S,6,1,2797346,200,2005,15,9.54,54.97
49636,Historical,919829,0,0,S,4,1,3516877,95.4,2000,41,57.91,10
49637,Historical,643595,0,0,S,3,1,169989,39.95,2003,30,133.15,92.67
49638,Historical,57726,1,1,S,2,1,314218,56.95,2010,56,37.47,26.68
49639,Historical,608010,0,0,S,4,1,954136,77.95,2004,37,30.84,28.76
49640,Historical,446371,0,0,S,6,1,117115,140,2009,41,39.99,79.97
49641,Historical,609223,0,0,S,5,1,537037,44.99,2008,65,16.97,13.99
49642,Historical,545688,0,0,S,6,1,61141,49.99,2013,46,16.97,23.32
49643,Historical,609206,0,0,S,4,1,493135,45.99,2007,80,26.32,12.99
49644,Historical,52523,0,0,S,10,1,815770,103.95,2003,138,96.99,13.59
49645,Historical,52524,0,0,S,11,1,155482,119.95,2006,104,96.99,28.99
49646,Historical,211078,0,0,S,5,1,1059798,53.95,1996,79,32.99,12.63
49647,Historical,766406,0,0,S,1,0,519269,64.95,2011,43,10.22,27.99
49648,Historical,373953,0,0,S,1,0,485844,39.95,2008,45,47.91,43.13
49649,Historical,158308,0,0,S,5,1,123934,59.95,2009,31,183.65,46.87
49650,Historical,166903,0,0,S,2,1,657692,100,2005,23,33.79,54.51
49651,Historical,532342,0,0,S,3,1,585865,110.95,2008,29,33.79,23.99
49652,Historical,112145,0,0,S,0,0,1371074,112.5,2001,91,9.92,23.98
49653,Historical,628835,0,0,S,1,0,1294350,69.99,2007,27,0,56.21
49654,Historical,893686,1,3,S,2,1,424506,98.8,2013,14,0,92.85
49655,Historical,288942,0,0,S,7,1,853222,224.95,2010,29,46.58,39.91
49656,Historical,148076,0,0,S,3,1,762305,212.95,2004,23,46.58,18.95
49657,Historical,897573,1,1,S,0,0,2431254,239.86,2002,18,26.96,58.09
49658,Historical,541842,0,0,S,4,1,9943,55,2012,35,38.28,37.72
49659,Historical,313934,0,0,S,1,0,341732,76,2007,16,45.3,135.11
49660,Historical,1444481,0,0,S,9,1,2647556,39.95,2012,13,46.5,42.56
49661,Historical,2137612,0,0,S,8,1,1775317,54.95,2010,19,46.5,155.2
49662,Historical,884743,0,0,S,4,1,6523127,164.99,2008,11,97.58,110.99
49663,Historical,261390,0,0,S,1,0,149584,37,2003,62,27.7,33.95
49664,Historical,565847,0,0,S,2,1,372974,105,2009,68,68.42,53.42
49665,Historical,201819,0,0,S,1,0,400488,61,1998,32,28.98,63.98
49666,Historical,627235,0,0,S,2,1,1389003,36.95,2002,25,16.97,14.07
49667,Historical,196509,0,0,S,1,0,1018162,51.95,2004,45,42.25,51.94
49668,Historical,621994,0,0,S,1,0,645860,39.95,2008,48,22.15,8.69
49669,Historical,637191,0,0,S,11,1,1802427,89.95,2008,21,41.21,67.36
49670,Historical,106472,0,0,S,4,1,180288,42.95,2006,29,18.99,19.64
49671,Historical,52290,0,0,S,6,1,806718,5.54,2007,108,124.99,5.54
49672,Historical,52291,0,0,S,7,1,229491,8.98,2008,118,124.99,8.98
49673,Historical,53346,0,0,S,8,1,2900791,217.95,2006,52,153.99,8.73
49674,Historical,494560,0,0,S,2,1,7780637,42.5,2006,18,0,9.44
49675,Historical,435729,0,0,S,4,1,512379,297.95,2007,23,63.99,36.89
49676,Historical,58117,0,0,S,7,1,1838652,9.98,2004,79,112.49,9.98
49677,Historical,105956,0,0,S,1,0,337145,59,2003,49,28.83,23.98
49678,Historical,178066,0,0,S,2,1,2350501,183.95,2005,32,17.99,8.98
49679,Historical,1658603,0,0,S,4,1,220855,58.2,2010,41,24.36,76.44
49680,Historical,575915,0,0,S,4,1,1684248,49.36,2009,29,24.36,29.72
49681,Historical,904126,0,0,S,2,1,478036,34.95,1998,25,22.72,14.27
49682,Historical,468576,0,0,S,3,1,2423466,41,2002,23,22.72,18.93
49683,Historical,52788,0,0,S,3,1,2474581,7.99,2007,39,108.59,7.99
49684,Historical,53371,0,0,S,3,1,2058648,4.66,2006,41,72.99,8.97
49685,Historical,436389,0,0,S,6,1,270535,209.95,2007,105,116.4,9.49
49686,Historical,52969,0,0,S,6,1,336951,243.95,2007,141,116.4,13.48
49687,Historical,532309,0,0,S,11,1,33160,240.6,2011,106,110.26,38.35
49688,Historical,110088,0,0,S,2,1,1841478,8.65,2008,63,112.62,9.95
49689,Historical,427113,0,0,S,2,1,196809,65,2007,28,18.99,24.79
49690,Historical,129301,0,0,S,3,1,306358,59.95,2010,29,18.99,32.48
49691,Historical,51096,0,0,S,7,1,344096,188.95,2006,202,83.99,13.1
49692,Historical,180680,0,0,S,2,1,1267354,110.2,2008,24,50.99,73.07
49693,Historical,58110,0,0,S,5,1,3037529,70.67,1999,32,77.55,18.94
49694,Historical,538558,1,2,S,25,1,91463,22.94,2013,39,53.05,50.39
49695,Historical,254091,0,0,S,7,1,579967,219.95,2009,92,83.99,17.98
49696,Historical,51145,0,0,S,5,1,2182265,71.33,2001,74,58.94,9.75
49697,Historical,532297,0,0,S,2,1,563730,54.95,2009,59,62.7,37.64
49698,Historical,120942,0,0,S,4,1,2086988,84,2007,68,68.87,6.99
49699,Historical,696689,0,0,S,14,1,875216,84.25,2009,22,216.37,92.99
49700,Historical,50668,1,1,S,6,1,2323910,182.95,2003,25,106.5,34.97
49701,Historical,879559,0,0,S,8,1,254573,149.67,2012,35,188.99,48.99
49702,Historical,562006,0,0,S,10,1,1658002,0,2007,52,153.99,21.98
49703,Historical,51115,0,0,S,10,1,132242,281.95,2005,75,153.99,29.4
49704,Historical,60148,0,0,S,5,1,722432,229.95,2006,60,82.93,19.52
49705,Historical,114507,0,0,S,2,1,1126188,187,2003,37,24.16,10.33
49706,Historical,108317,0,0,S,3,1,437580,18.98,2005,52,5.78,15.38
49707,Historical,55324,0,0,S,7,1,746595,108.67,2004,47,33.99,16.99
49708,Historical,456438,0,0,S,15,1,1539700,128.95,2002,32,83.92,30.43
49709,Historical,518632,0,0,S,16,1,718998,118.95,2005,34,83.92,32.95
49710,Historical,420876,0,0,S,8,1,2495234,99,2000,23,83.16,23.98
49711,Historical,483270,0,0,S,2,1,2238564,99,2004,24,73.94,31.95
49712,Historical,505031,0,0,S,10,1,1146980,42,2007,31,30.32,82.73
49713,Historical,468672,0,0,S,2,1,1210562,147,2008,36,104.11,24.41
49714,Historical,622428,0,0,S,2,1,1266782,58,2003,21,48.99,57.98
49715,Historical,420113,0,0,S,2,1,642077,58.95,2007,58,27.36,25.89
49716,Historical,477150,0,0,S,2,1,2903558,87.95,2006,19,40.99,41.99
49717,Historical,161713,0,0,S,2,1,753965,78.95,2006,32,44.37,63.99
49718,Historical,142903,0,0,S,3,1,2069691,180,2006,18,41.98,77.17
49719,Historical,129331,0,0,S,3,1,382866,89.95,2011,28,86.17,53.51
49720,Historical,416517,0,0,S,9,1,2228268,8.17,2005,53,104.49,9.39
49721,Historical,427112,0,0,S,2,1,2436998,69.95,2007,42,86.17,25.98
49722,Historical,435540,0,0,S,7,1,759119,402.95,2002,18,74.88,79.98
49723,Historical,1516765,0,0,S,2,1,610948,146.47,2012,47,109.57,116.83
49724,Historical,1517396,0,0,S,2,1,822129,141.2,2013,24,109.57,111.57
49725,Historical,637568,0,0,S,6,1,802661,272.6,2013,23,152.73,285.8
49726,Historical,910480,0,0,S,3,1,1858364,111.47,2008,17,67.5,48.59
49727,Historical,146723,0,0,S,2,1,2095170,205.33,2011,18,73.84,0
49728,Historical,55084,0,0,S,9,1,489518,44.95,2008,41,51.55,28.97
49729,Historical,633085,0,0,S,2,1,2352237,78,2010,18,44.94,67.47
49730,Historical,795599,0,0,S,5,1,3025355,0,2013,28,59.7,33.99
49731,Historical,609919,0,0,S,6,1,45171,69.95,2013,186,59.7,22.73
49732,Historical,2281437,1,1,S,10,1,527447,75.16,2011,29,0,51.87
49733,Historical,862827,0,0,S,1,0,1681914,130,1999,22,24.95,99.48
49734,Historical,608865,0,0,S,5,1,343171,54.99,2004,25,38.98,43.9
49735,Historical,572903,0,0,S,2,1,207527,39.99,1994,60,19.49,21.14
49736,Historical,917327,0,0,S,2,1,1702075,59.99,2005,34,28.32,29.95
49737,Historical,553108,0,0,S,4,1,896211,59.99,2010,37,28.32,36
49738,Historical,915352,0,0,S,2,1,780963,49.99,2010,22,30.84,17.99
49739,Historical,592901,0,0,S,2,1,267250,205.95,2007,34,167.14,16.48
49740,Historical,148755,0,0,S,3,1,644298,213.95,2009,24,38.99,91.23
49741,Historical,117730,0,0,S,0,0,1593722,59.99,2006,23,23.97,58.53
49742,Historical,607472,0,0,S,7,1,307081,135,2009,29,96.34,64.83
49743,Historical,607479,0,0,S,6,1,868704,123,2007,36,96.34,31.99
49744,Historical,2658976,0,0,S,4,1,1877705,49.99,2001,42,33.02,15.37
49745,Historical,357504,0,0,S,5,1,388524,59.99,2004,71,27.89,28.71
49746,Historical,608817,1,1,S,2,1,1860131,160.95,2004,37,166.36,37.99
49747,Historical,636739,0,0,S,7,1,765128,62.95,2012,32,33.99,43.48
49748,Historical,727390,0,0,S,1,0,291126,79.99,1999,96,38.09,9.99
49749,Historical,743771,0,0,S,11,1,2705241,449.95,2007,14,226.81,103.11
49750,Historical,743265,0,0,S,10,1,3345340,395,2003,14,226.81,84.13
49751,Historical,534365,0,0,S,7,1,3133163,44.95,2005,27,57.01,19.8
49752,Historical,766244,0,0,S,4,1,1380539,53.95,2005,17,23.93,18.99
49753,Historical,101444,1,1,S,5,1,2334795,81,2000,20,68.98,66.79
49754,Historical,594081,1,1,S,8,1,1891036,240.95,2009,24,76.59,87.11
49755,Historical,561310,0,0,S,12,1,238287,179.33,2009,28,93.99,93.32
49756,Historical,561562,1,1,S,1,0,531437,200,2013,30,129.49,83.89
49757,Historical,52374,0,0,S,10,1,1438447,124,2003,66,93.99,12.45
49758,Historical,52476,0,0,S,3,1,1293410,183.95,2004,31,128.94,43.95
49759,Historical,115372,0,0,S,6,1,2290246,116.6,2002,28,6.98,69.02
49760,Historical,912548,1,1,S,2,1,166358,186.67,2014,42,143.72,96.19
49761,Historical,752595,0,0,S,9,1,1069745,0,2010,26,119.05,150.33
49762,Historical,113578,0,0,S,6,1,2574108,154.67,2002,48,6.98,21.98
49763,Historical,117744,0,0,S,1,0,555277,191.8,2006,47,169.8,73.99
49764,Historical,109692,0,0,S,9,1,2832441,29.74,2005,31,93.28,29.74
49765,Historical,51071,0,0,S,10,1,1970869,126.67,2004,56,58.99,9.98
49766,Historical,629237,0,0,S,0,0,1380032,49.7,1992,19,5.95,59.04
49767,Historical,880827,0,0,S,3,1,656231,151.5,2015,13,123.94,88.54
49768,Historical,545165,0,0,S,2,1,2494399,0,2011,13,123.94,127.77
49769,Historical,606995,0,0,S,3,1,1608838,41.5,2006,23,78.83,42.02
49770,Historical,908314,0,0,S,3,1,2073777,80.23,2006,27,78.83,68.49
49771,Historical,179215,1,3,S,9,1,123323,321.95,2008,60,153.64,98.04
49772,Historical,769871,0,0,S,7,1,882312,137.56,2002,44,153.64,53.99
49773,Historical,165419,0,0,S,3,1,1513903,9.7,2001,57,148.93,14.98
49774,Historical,165228,0,0,S,7,1,1568604,32.17,2001,46,100.34,28.98
49775,Historical,165418,0,0,S,3,1,1838369,46.1,2001,80,106.77,30.96
49776,Historical,162337,0,0,S,9,1,1233724,38.99,2009,35,119.15,36.66
49777,Historical,536584,1,1,S,10,1,261311,219,2011,36,68.56,206.54
49778,Historical,2829200,0,0,S,2,1,2152110,113.92,2005,19,30.99,75.57
49779,Historical,2829173,0,0,S,2,1,2283739,90,2004,22,48.22,66.81
49780,Historical,775821,0,0,S,4,1,976373,101.95,2005,16,36.34,19.98
49781,Historical,908269,1,1,S,6,1,1062357,9.94,2007,16,0,9.94
49782,Historical,919404,0,0,S,5,1,3637640,93.94,2004,36,0,7.74
49783,Historical,298661,1,4,S,7,1,80960,41.07,2010,63,36.99,35.96
49784,Historical,207762,0,0,S,5,1,2531675,41.07,2003,48,36.99,6.49
49785,Historical,909278,0,0,S,11,1,1957406,82.61,2010,32,20.49,46.93
49786,Historical,1738456,0,0,S,10,1,1876684,18.51,2009,34,20.49,17.11
49787,Historical,902165,0,0,S,10,1,724840,39.99,2014,13,28.3,28.21
49788,Historical,608793,0,0,S,4,1,2780707,157.95,2007,39,60.37,4.83
49789,Historical,536181,0,0,S,3,1,3204318,32.5,2008,21,36.49,86.44
49790,Historical,1593031,0,0,S,17,1,1153980,43.75,2006,18,45.58,62.98
49791,Historical,532193,0,0,S,2,1,677700,41.25,2010,22,42.84,40.77
49792,Historical,860015,0,0,S,2,1,1324751,50,2010,37,35.68,27.9
49793,Historical,868329,0,0,S,3,1,1170257,45,1990,47,17.77,27.09
49794,Historical,2612010,1,1,S,4,1,165468,85,2003,39,0,59.05
49795,Historical,607549,0,0,S,4,1,5448367,56.95,2000,17,22.82,53.04
49796,Historical,616063,0,0,S,2,1,487153,0,1999,39,125.76,78.9
49797,Historical,369276,0,0,S,4,1,470187,40,2009,27,32.05,62.73
49798,Historical,532188,0,0,S,3,1,248498,37,2009,30,21.23,44.72
49799,Historical,646891,0,0,S,0,0,322714,51.99,2013,44,36.93,18.99
49800,Historical,545767,0,0,S,2,1,136402,47,2012,40,8.18,23.99
49801,Historical,552706,0,0,S,5,1,1019465,150.5,2005,113,103.87,11.49
49802,Historical,53021,0,0,S,5,1,429029,184,2007,139,103.87,17.57
49803,Historical,53469,1,1,S,3,1,366252,126.67,2006,146,122.99,16.94
49804,Historical,118800,1,1,S,2,1,967479,113.8,2007,46,125.49,24.73
49805,Historical,626451,0,0,S,8,1,1601479,69.5,2003,29,42.34,38.49
49806,Historical,532186,0,0,S,10,1,924813,94.95,2011,16,52.98,30.5
49807,Historical,587832,0,0,S,11,1,979594,36.25,2013,9,32.86,34.74
49808,Historical,751175,0,0,S,9,1,3384271,0,2009,14,32.86,51.33
49809,Historical,609648,0,0,S,3,1,1601805,46.95,2008,28,31.32,35.99
49810,Historical,724739,0,0,S,3,1,4420189,49.5,2001,18,48.93,24.55
49811,Historical,204079,0,0,S,2,1,3233613,55.95,2007,25,53.68,42.35
49812,Historical,638081,0,0,S,7,1,776756,95,2011,40,23.95,77.94
49813,Historical,367143,0,0,S,2,1,3411509,63.95,2006,29,11.56,45.47
49814,Historical,724844,0,0,S,2,1,6820743,52.95,2007,16,50.7,55.98
49815,Historical,912986,0,0,S,4,1,7541437,85.95,2003,17,55.28,66.19
49816,Historical,2407749,0,0,S,3,1,4325436,59.95,1995,23,36.98,38.98
49817,Historical,609659,0,0,S,2,1,881249,37.95,1995,53,23.67,10.93
49818,Historical,119616,0,0,S,2,1,173683,118,1995,24,129.49,23.98
49819,Historical,627367,1,1,S,5,1,499801,84.95,2011,25,64.93,63.88
49820,Historical,2552156,0,0,S,2,1,3294989,360,1993,12,210.66,73.88
49821,Historical,576677,0,0,S,1,0,151885,116.95,2009,45,59.75,71.33
49822,Historical,288782,0,0,S,2,1,4024757,197,2003,9,90.56,66.09
49823,Historical,264284,0,0,S,1,0,1001267,44.95,2006,33,12.07,11.43
49824,Historical,606751,0,0,S,5,1,813593,34.95,2002,35,27.76,13.99
49825,Historical,147283,0,0,S,9,1,680645,45.95,2006,27,30.7,38.98
49826,Historical,106791,0,0,S,7,1,189157,44,2010,37,27.76,12.27
49827,Historical,619181,0,0,S,8,1,1450238,38.95,2001,37,30.7,26.56
49828,Historical,549616,0,0,S,6,1,935527,40.95,2006,34,27.76,12.49
49829,Historical,804091,0,0,S,3,1,5257244,192.95,2006,14,119.59,10.29
49830,Historical,2491505,0,0,S,2,1,2138469,79.95,2003,13,68.25,88.76
49831,Historical,115975,0,0,S,4,1,539961,49.4,2005,37,35.92,27
49832,Historical,795327,0,0,S,8,1,516260,140.95,2011,19,146.74,127.01
49833,Historical,51374,0,0,S,8,1,172867,221.95,2011,37,146.74,132.96
49834,Historical,622770,0,0,S,1,0,726985,120,2005,24,33.37,32.99
49835,Historical,593976,0,0,S,3,1,753998,59.95,2010,56,0,18.97
49836,Historical,286458,0,0,S,3,1,1243552,147.4,2008,16,71.39,81.74
49837,Historical,121228,0,0,S,10,1,1382600,125.33,2011,28,114.15,53.8
49838,Historical,303463,0,0,S,3,1,822422,105.95,1999,36,58.99,23.41
49839,Historical,1658528,0,0,S,4,1,6233539,62.69,2010,11,73.88,113.85
49840,Historical,177999,0,0,S,5,1,1222201,63.95,2005,33,27.99,8.96
49841,Historical,109462,0,0,S,7,1,558162,13,2006,40,36.58,5.17
49842,Historical,655482,0,0,S,1,0,189635,61,2011,46,64.22,50.49
49843,Historical,298946,0,0,S,3,1,64198,108.95,2011,36,11.79,39.77
49844,Historical,2722681,0,0,S,2,1,3683998,59,2003,16,42.94,59
49845,Historical,538202,0,0,S,5,1,508729,57,2009,25,25.46,23.92
49846,Historical,53170,0,0,S,4,1,2779182,164.95,2003,37,187.73,9.85
49847,Historical,298369,0,0,S,10,1,1034829,145,2006,32,60.87,108.78
49848,Historical,1845268,0,0,S,6,1,4761621,119.5,2007,18,131.13,57.09
49849,Historical,2023961,0,0,S,6,1,616783,276.19,2006,16,0,83.16
49850,Historical,700728,0,0,S,1,0,1063147,29.95,2004,22,26.17,6.76
49851,Historical,701624,0,0,S,2,1,697588,36,2009,27,26.17,28.98
49852,Historical,701637,0,0,S,2,1,401735,36,2009,62,18.49,17.87
49853,Historical,632073,0,0,S,3,1,13393,35,2012,64,18.49,16.44
49854,Historical,701222,0,0,S,1,0,1034601,36,2007,66,21.28,11.4
49855,Historical,285027,0,0,S,2,1,1857951,29.95,2006,72,0,11.24
49856,Historical,701621,1,1,S,3,1,322172,36,2009,90,0,9.98
49857,Historical,532141,0,0,S,4,1,72306,34,2012,60,0,17.33
49858,Historical,3263192,0,0,S,2,1,3441906,54.37,1999,31,0,68.49
49859,Historical,408235,1,1,S,2,1,480096,52.95,1999,22,35.73,27.99
49860,Historical,366557,0,0,S,4,1,321021,99.95,2009,33,58.99,72.77
49861,Historical,2880486,0,0,S,2,1,1342014,55,2004,25,19.64,30.35
49862,Historical,131995,0,0,S,7,1,1638144,57.4,2005,44,41.77,23.7
49863,Historical,607738,0,0,S,8,1,731135,77.8,2008,52,41.77,52.64
49864,Historical,166934,0,0,S,7,1,586855,20.97,2006,61,54.26,20.94
49865,Historical,244347,1,2,S,9,1,205865,30.99,2011,69,54.26,38.55
49866,Historical,162703,0,0,S,8,1,469831,48.38,2008,91,54.26,16.98
49867,Historical,775077,0,0,S,2,1,1945770,37.95,2000,23,16.44,49.83
49868,Historical,314450,0,0,S,2,1,270810,84.4,2008,43,45.98,20.67
49869,Historical,58099,0,0,S,4,1,41981,160.95,2010,46,71.49,78.97
49870,Historical,60160,0,0,S,3,1,1503303,79.95,2005,35,66.28,30.22
49871,Historical,860656,0,0,S,11,1,846696,60,2012,19,64.76,59.82
49872,Historical,642591,0,0,S,10,1,1923511,75,2010,29,64.76,37.96
49873,Historical,1470351,0,0,S,9,1,7908633,55,2006,28,22.11,11.52
49874,Historical,1469130,0,0,S,10,1,5182904,79.95,2008,28,22.11,9.25
49875,Historical,309009,0,0,S,12,1,4198859,68.31,2006,15,35.59,65.07
49876,Historical,111149,1,1,S,14,1,1109645,24.25,2010,36,35.59,24.99
49877,Historical,532123,0,0,S,7,1,974707,65.95,2011,22,52.83,34.19
49878,Historical,2083134,0,0,S,5,1,2554026,37,2012,16,0,37
49879,Historical,540467,1,1,S,6,1,81203,210,2012,23,29.97,78.99
49880,Historical,560331,0,0,S,4,1,3445283,119,2007,15,29.97,22.49
49881,Historical,143625,1,3,S,5,1,2895940,171,2009,14,29.97,10.99
49882,Historical,293219,0,0,S,2,1,989640,209,2010,54,99.62,20.37
49883,Historical,193343,0,0,S,6,1,6176712,119,2004,13,39.74,26.94
49884,Historical,193618,0,0,S,7,1,1533108,148,2008,31,39.74,31.99
49885,Historical,600149,0,0,S,5,1,3230703,30,2010,19,11.59,56.95
49886,Historical,142962,0,0,S,2,1,6230303,127,2004,14,4.96,52.02
49887,Historical,142885,0,0,S,5,1,1335126,165,2004,14,170.19,505.22
49888,Historical,143093,0,0,S,5,1,2759613,138,2006,14,93.82,109.37
49889,Historical,328383,0,0,S,6,1,1349976,194,2010,33,93.82,142.81
49890,Historical,158397,1,3,S,6,1,4351458,179.46,2004,20,33.21,67.43
49891,Historical,433336,0,0,S,6,1,2754796,123,2006,17,181.87,91.13
49892,Historical,143235,0,0,S,7,1,1052646,209,2009,23,181.87,132.05
49893,Historical,143421,0,0,S,2,1,2438191,138,2003,23,183.99,78.59
49894,Historical,143249,0,0,S,3,1,579870,207,2009,51,183.99,34.04
49895,Historical,614408,0,0,S,10,1,536570,225,2009,108,8.38,10.47
49896,Historical,634155,0,0,S,2,1,4814479,109,2002,17,53.84,65.98
49897,Historical,143043,0,0,S,3,1,1867806,189,2006,19,53.84,20.28
49898,Historical,142990,0,0,S,2,1,1323701,143,2005,18,73.99,54.87
49899,Historical,288436,0,0,S,3,1,164925,215,2009,33,73.99,193.5
49900,Historical,505044,0,0,S,5,1,1133026,213,2010,42,179.76,20.65
49901,Historical,620220,0,0,S,5,1,416861,225,2012,51,73.98,134.41
49902,Historical,868659,0,0,S,4,1,3779569,153,2003,18,179.76,10.24
49903,Historical,614399,1,1,S,10,1,60563,229,2012,164,23.99,87
49904,Historical,193601,1,1,S,9,1,276159,154,2008,146,23.99,23.88
49905,Historical,592814,0,0,S,5,1,997552,174,2009,51,148.23,6.57
49906,Historical,592813,0,0,S,5,1,1063120,215.25,2010,53,148.23,52.49
49907,Historical,3461426,1,1,S,4,1,539460,134,2004,28,53.98,21.98
49908,Historical,143398,0,0,S,3,1,2744482,79,2000,18,53.98,103.79
49909,Historical,765720,0,0,S,4,1,5809991,56.95,2003,17,48.96,18.93
49910,Historical,608429,0,0,S,5,1,3478639,125.95,2006,24,48.96,6.34
49911,Historical,274627,1,1,S,4,1,1306297,51.95,2003,37,30,38.99
49912,Historical,872136,0,0,S,3,1,1192599,66,2005,15,48.24,4.73
49913,Historical,260017,0,0,S,4,1,293696,75,2009,60,48.24,19.42
49914,Historical,545824,0,0,S,3,1,279109,59,2012,66,7.94,31.07
49915,Historical,248151,0,0,S,2,1,1048219,52,2010,40,7.94,8.89
49916,Historical,265578,0,0,S,2,1,728654,50,2006,30,0,0
49917,Historical,58098,0,0,S,3,1,1358664,90,2007,24,10.39,39
49918,Historical,215683,0,0,S,3,1,390206,72,2007,82,10.39,26.47
49919,Historical,224653,0,0,S,4,1,2830106,45,2005,23,52.28,45
49920,Historical,1677727,0,0,S,0,0,553256,59.95,2010,18,115.77,51.5
49921,Historical,868309,0,0,S,2,1,531857,170,2002,22,93.96,41.7
49922,Historical,342839,1,1,S,3,1,616391,82,2006,37,23.99,5.75
49923,Historical,615085,0,0,S,1,0,1014612,33.5,2008,50,19.18,13.22
49924,Historical,57660,0,0,S,3,1,655426,64.95,2011,45,64.83,19.79
49925,Historical,2169962,0,0,S,0,0,544596,61.99,2013,27,64,49.99
49926,Historical,183996,0,0,S,3,1,2223569,217.95,2004,41,23.69,13.49
49927,Historical,631529,0,0,S,1,0,97532,49.99,2011,31,0,0
49928,Historical,2621272,0,0,S,2,1,857965,79.95,2005,13,39.27,16.67
49929,Historical,861930,0,0,S,1,0,40553,49.99,2014,23,0,0
49930,Historical,113141,0,0,S,3,1,896535,88.95,2008,15,93.3,68.99
49931,Historical,205861,0,0,S,2,1,552247,98,2003,45,60.99,13.97
49932,Historical,195203,0,0,S,2,1,552422,47,2010,41,39.09,11.95
49933,Historical,178766,0,0,S,7,1,590568,44.95,1998,30,25.39,43.59
49934,Historical,608642,0,0,S,6,1,1674436,105.95,2008,42,39.98,15.47
49935,Historical,532062,0,0,S,2,1,1837757,124.95,2009,32,82.23,38.98
49936,Historical,158028,0,0,S,2,1,2310945,43.95,2004,29,26,45.73
49937,Historical,158290,0,0,S,3,1,403227,44.95,2008,42,26,52.77
49938,Historical,904224,0,0,S,0,0,593304,124,2007,22,83.5,92.99
49939,Historical,904319,0,0,S,7,1,2444524,49.95,2005,24,36.54,45.27
49940,Historical,616927,0,0,S,3,1,236416,64.95,2012,121,14.74,8.45
49941,Historical,614710,0,0,S,2,1,1146385,59.95,2011,58,14.74,5.01
49942,Historical,861940,1,7,S,4,1,18011,69.95,2014,68,14.74,26.99
49943,Historical,53318,0,0,S,9,1,64846,227.95,2006,76,112.92,19.93
49944,Historical,545834,0,0,S,4,1,95397,116,2013,50,50.68,69.15
49945,Historical,557326,0,0,S,2,1,685432,42.99,2006,48,33.58,12.98
49946,Historical,118322,0,0,S,3,1,19059,53.8,2011,34,33.58,34.99
49947,Historical,2612678,0,0,S,2,1,220739,85.99,2001,17,65.17,121.51
49948,Historical,2697043,0,0,S,12,1,5540359,71.95,1997,19,40.02,46.55
49949,Historical,132161,0,0,S,2,1,709694,92.4,2006,30,48.99,15.49
49950,Historical,131519,1,2,S,1,0,837637,76.8,2001,34,48.99,47.87
49951,Historical,532046,0,0,S,2,1,1762674,80,2003,35,39.63,45.59
49952,Historical,609771,0,0,S,65,1,887013,60,2006,53,40.09,35.51
49953,Historical,1482583,0,0,S,2,1,1149065,46.6,2011,14,0,43.55
49954,Historical,623638,0,0,S,1,0,455071,39.99,2004,38,22.71,9.09
49955,Historical,121332,1,1,S,9,1,1012738,148,2008,10,79.98,414.52
49956,Historical,1724439,0,0,S,0,0,533119,60,2012,34,32.4,31.93
49957,Historical,609742,0,0,S,2,1,993913,45.95,2006,20,28.74,22.91
49958,Historical,699705,0,0,S,1,0,951449,49.95,1999,30,0,14.94
49959,Historical,532039,0,0,S,5,1,1767900,55,2009,45,51.44,51.94
49960,Historical,560466,0,0,S,3,1,800964,40,2012,20,0,40
49961,Historical,2564257,0,0,S,2,1,1592106,0,1971,29,78.95,54.29
49962,Historical,627217,0,0,S,3,1,1884111,115.95,2005,18,52.64,50.45
49963,Historical,254095,0,0,S,6,1,1341774,250.95,2009,38,95.99,83.94
49964,Historical,60164,1,1,S,8,1,941469,279.95,2004,31,203.18,49.6
49965,Historical,902646,0,0,S,3,1,1818141,0,1998,19,61.92,21.57
49966,Historical,606946,0,0,S,9,1,1006005,335.25,2007,90,103.99,36.85
49967,Historical,550287,0,0,S,9,1,534089,31.99,2006,107,103.99,25.49
49968,Historical,182781,0,0,S,6,1,358077,249.95,2003,120,119.41,16.96
49969,Historical,1772180,0,0,S,4,1,2270978,396.95,2010,11,86.47,413.95
49970,Historical,51955,0,0,S,4,1,590367,195,2004,148,158.81,21.76
49971,Historical,163436,0,0,S,6,1,1000999,33.98,2010,36,53.16,33.39
49972,Historical,742532,1,1,S,2,1,1040193,17.99,2008,39,102.81,43.99
49973,Historical,633726,0,0,S,3,1,119394,202.67,2013,86,102.81,59.81
49974,Historical,51810,0,0,S,6,1,153927,310.95,2005,97,143.86,18.99
49975,Historical,699239,0,0,S,1,0,556665,103.25,2011,19,128.98,96.55
49976,Historical,116236,0,0,S,3,1,269844,115,2005,18,113.59,82.61
49977,Historical,118150,0,0,S,5,1,193753,218.67,2007,157,146.05,14.49
49978,Historical,58088,0,0,S,4,1,1234658,57.59,2008,45,43.98,55.5
49979,Historical,58089,1,2,S,5,1,750097,69.01,2011,52,43.98,63.93
49980,Historical,50352,0,0,S,9,1,106599,158,2005,154,113.99,19.99
49981,Historical,52530,0,0,S,7,1,1312340,426.95,2003,88,111.55,22.47
49982,Historical,58307,0,0,S,11,1,127861,140.2,2006,112,141.99,33.99
49983,Historical,1827091,0,0,S,3,1,354683,120.95,2014,61,0,101.99
49984,Historical,556396,0,0,S,2,1,2917621,68.95,2010,11,42.39,263.74
49985,Historical,1467577,0,0,S,2,1,946676,42,2007,54,4.2,18.99
49986,Historical,109341,0,0,S,5,1,1408839,7.6,2005,96,93.99,4.96
49987,Historical,774041,0,0,S,4,1,1012110,62.59,2000,97,0,0
49988,Historical,51950,0,0,S,4,1,1178632,198.75,2004,87,158.81,23.94
49989,Historical,290356,0,0,S,4,1,2429064,12.67,2004,49,59.99,16.36
49990,Historical,162344,0,0,S,5,1,657887,42.5,2008,45,59.99,18.99
49991,Historical,51463,0,0,S,10,1,27555,198.2,2005,251,149.99,19.99
49992,Historical,552707,0,0,S,10,1,465461,187.2,2005,97,149.99,36.99
49993,Historical,54762,0,0,S,2,1,239381,344.95,2004,94,60.48,19.98
49994,Historical,586936,0,0,S,0,0,203650,39.95,2005,13,0,28.8
49995,Historical,2693278,0,0,S,5,1,110398,44.95,2014,0,0,47.16
49996,Historical,1470334,0,0,S,15,1,717496,85,2006,14,47.9,237.88
49997,Historical,2524827,0,0,S,14,1,3851263,55,2005,14,47.9,675
49998,Historical,743577,0,0,S,5,1,1685393,129,2003,16,58.94,39.73
49999,Historical,642615,0,0,S,4,1,118012,170,2013,38,18.58,102.32
50000,Historical,120062,1,2,S,4,1,45714,193.6,2009,113,18.58,49.47
50001,Historical,134359,0,0,S,0,0,590162,25,2005,28,43.7,24.97
50002,Historical,645627,0,0,S,2,1,2439228,68.2,2001,17,9.42,17.99
50003,Historical,542998,0,0,S,4,1,858383,91.99,2006,29,5.74,12.57
50004,Historical,1451780,0,0,S,1,0,246924,178.33,2012,18,0,144.09
50005,Historical,2750725,0,0,S,3,1,2611712,199,2002,19,127.55,57.7
50006,Historical,2663563,0,0,S,2,1,2090347,179,1996,19,127.55,15.99
50007,Historical,495350,0,0,S,2,1,415807,55,2010,32,33.99,45.23
50008,Historical,268366,0,0,S,3,1,1173234,65,2005,17,56,16.24
50009,Historical,870806,0,0,S,2,1,1943819,49,2000,31,56,7.98
50010,Historical,51956,0,0,S,6,1,2173473,111,2002,76,54.89,13.94
50011,Historical,607446,1,1,S,5,1,113723,88,2008,47,64.99,52.11
50012,Historical,903760,0,0,S,21,1,623522,64,2014,33,55.49,50.93
50013,Historical,538882,0,0,S,20,1,715232,24.97,2013,36,55.49,26.98
50014,Historical,615117,0,0,S,2,1,488334,72,2006,29,41.99,121.68
50015,Historical,788949,0,0,S,6,1,3704598,139,2000,15,109.88,75.33
50016,Historical,2663655,0,0,S,5,1,2125816,110,1995,12,109.88,12.5
50017,Historical,627975,0,0,S,1,0,328829,18.74,2007,33,33.22,4
50018,Historical,167296,1,1,S,4,1,407821,60,2006,55,29.95,62.78
50019,Historical,1549043,0,0,S,2,1,672970,35.95,2010,18,0,32.54
50020,Historical,1714153,0,0,S,2,1,1488146,38.99,2006,16,0,142.29
50021,Historical,143485,0,0,S,4,1,108678,43,2011,20,32.64,38.87
50022,Historical,143225,0,0,S,3,1,2555476,35,2008,22,32.64,44.99
50023,Historical,60174,0,0,S,7,1,1057174,134.95,2000,53,153.99,26.29
50024,Historical,55169,0,0,S,4,1,604674,145.2,2006,81,101.69,18.96
50025,Historical,638335,0,0,S,2,1,2646136,45.95,2004,18,49.33,45.57
50026,Historical,54449,0,0,S,9,1,1803948,30.1,2005,49,161,30.1
50027,Historical,2821442,0,0,S,1,0,123991,42.5,1996,21,27.59,37.94
50028,Historical,267390,0,0,S,1,0,313595,50,2008,48,39.99,49.97
50029,Historical,148797,0,0,S,1,0,64017,33.75,1999,113,27.86,18.87
50030,Historical,797649,0,0,S,1,0,1125564,79.95,2003,21,4.8,8.43
50031,Historical,651603,0,0,S,2,1,171212,169.95,2005,14,52.89,44
50032,Historical,652282,0,0,S,2,1,846639,53.95,2013,24,45.56,53.85
50033,Historical,532003,0,0,S,3,1,941518,44,2012,46,8.39,28.79
50034,Historical,364047,0,0,S,2,1,2023865,39.95,2009,28,8.39,19.29
50035,Historical,647072,0,0,S,3,1,847466,45,2013,25,48.99,68.84
50036,Historical,859367,0,0,S,1,0,237728,76.8,2006,24,39.78,56.88
50037,Historical,2826525,0,0,S,0,0,405177,40,2004,20,13.19,42.64
50038,Historical,201484,0,0,S,1,0,502130,65,2007,35,44.39,48.99
50039,Historical,141828,0,0,S,4,1,756741,11.98,2007,93,70.25,11.98
50040,Historical,619746,1,9,S,5,1,53768,64.75,2012,56,70.25,29.59
50041,Historical,553923,0,0,S,2,1,1231326,69.4,2010,40,44.71,45.62
50042,Historical,2647886,0,0,S,2,1,1862980,51.95,1996,26,30.79,14.98
50043,Historical,246198,0,0,S,2,1,2308652,49.95,2003,25,44.74,34.56
50044,Historical,115588,0,0,S,2,1,747844,80.6,2002,55,73.99,78.8
50045,Historical,57098,0,0,S,5,1,28366,54.95,2010,40,32.99,31.99
50046,Historical,602280,0,0,S,1,0,507719,19.95,1992,43,35.66,23.94
50047,Historical,720529,0,0,S,3,1,1905857,79.99,2003,20,73.99,58.9
50048,Historical,2552242,0,0,S,2,1,4634654,45.95,2005,19,27.92,22.99
50049,Historical,636485,0,0,S,3,1,180916,42.95,2009,15,27.92,23.98
50050,Historical,61251,0,0,S,6,1,283481,320.95,2006,44,96.55,79.72
50051,Historical,265094,0,0,S,2,1,596532,42.95,2003,25,43.63,16.93
50052,Historical,623490,1,1,S,3,1,171763,54.95,2010,40,68.11,69.25
50053,Historical,265115,0,0,S,2,1,339101,54.95,2006,50,68.11,44.09
50054,Historical,617906,0,0,S,3,1,297169,227.95,2003,27,38.98,38
50055,Historical,2562967,0,0,S,2,1,4611048,317.71,1995,19,59.33,100.95
50056,Historical,136767,0,0,S,0,0,499982,46,2004,24,33.97,35.42
50057,Historical,107089,0,0,S,4,1,1152611,49.99,2006,33,4.46,25.55
50058,Historical,3078724,1,1,S,0,0,1161471,55,2002,26,42.42,51.39
50059,Historical,533327,1,1,S,6,1,8035,80,2012,58,32.84,31.88
50060,Historical,860663,0,0,S,4,1,49629,39.99,2012,20,22.04,23.98
50061,Historical,752573,0,0,S,3,1,898010,39.99,2009,36,22.04,7.73
50062,Historical,253861,0,0,S,1,0,641460,111.95,2009,36,62.81,20.04
50063,Historical,701955,0,0,S,1,0,1283372,39.99,2010,45,23.43,8.95
50064,Historical,644651,0,0,S,2,1,120253,59.95,2012,38,33.99,34.28
50065,Historical,625268,1,1,S,3,1,276826,57.95,2010,22,22.98,46.66
50066,Historical,918436,1,2,S,2,1,3113177,63.95,1995,24,61.75,37.96
50067,Historical,247754,0,0,S,3,1,497668,50,2006,37,33.73,12.64
50068,Historical,254407,0,0,S,5,1,110914,121,2011,47,57.94,50.54
50069,Historical,184527,0,0,S,3,1,426412,59.95,2002,77,39.71,47.8
50070,Historical,712455,0,0,S,0,0,910842,78.97,2001,36,47.24,11.01
50071,Historical,551381,1,2,S,4,1,200771,116.48,2007,38,20.99,45.99
50072,Historical,538945,0,0,S,3,1,1110018,159.5,2006,34,20.99,67.79
50073,Historical,708229,0,0,S,2,1,1502236,12.04,2004,24,20.99,12.19
50074,Historical,607195,0,0,S,8,1,3444249,162.4,1999,17,53.93,31.99
50075,Historical,2257393,0,0,S,5,1,4697205,37.29,2007,41,0,35.17
50076,Historical,581707,0,0,S,5,1,1123080,175,2007,49,69.14,26.21
50077,Historical,912707,0,0,S,2,1,1832972,43,2008,18,30.68,19.99
50078,Historical,613007,0,0,S,2,1,1633952,173,2008,62,4,32.49
50079,Historical,737209,0,0,S,5,1,2784079,27,2003,25,28.99,10.73
50080,Historical,738092,0,0,S,3,1,3412214,104.5,2000,12,153.96,133.31
50081,Historical,143033,0,0,S,4,1,3322094,176,2006,18,153.96,78.49
50082,Historical,224431,0,0,S,8,1,579121,189.95,2003,41,86.55,9.9
50083,Historical,714665,0,0,S,4,1,2293048,86.8,1998,31,28.25,33.98
50084,Historical,910357,0,0,S,3,1,974660,51.9,1994,21,28.25,32.98
50085,Historical,60180,0,0,S,11,1,1199005,138.6,2006,24,29.61,29.95
50086,Historical,288526,0,0,S,10,1,1574011,116.8,2002,45,29.61,58.59
50087,Historical,145490,0,0,S,11,1,1086059,97.33,2005,26,36.98,25
50088,Historical,60183,0,0,S,11,1,1836919,102.8,2005,36,36.98,50.59
50089,Historical,616720,1,5,S,2,1,441356,54.95,2012,130,38,26.99
50090,Historical,612481,1,4,S,3,1,20177,69.95,2014,86,38,52.9
50091,Historical,119480,0,0,S,1,0,548943,71.4,2012,77,0,13.03
50092,Historical,705781,0,0,S,2,1,802490,191.75,2012,28,94.99,74.59
50093,Historical,575265,0,0,S,2,1,1279113,39.95,2006,35,101.62,21.99
50094,Historical,542682,0,0,S,3,1,220518,42.95,2010,59,101.62,28.99
50095,Historical,1926914,0,0,S,2,1,355047,39.95,2010,37,37.42,35.09
50096,Historical,108107,0,0,S,4,1,434852,22.33,2003,53,71.94,26.8
50097,Historical,2268510,0,0,S,4,1,476741,39.6,2006,32,40.24,38.22
50098,Historical,607197,0,0,S,10,1,495265,69,2000,48,70.5,18.98
50099,Historical,2326375,0,0,S,3,1,982446,219.95,1994,21,0,88.22
50100,Historical,549322,0,0,S,1,0,226209,85.72,2000,61,28.94,48.79
50101,Historical,2649561,0,0,S,1,0,782655,54.95,1991,24,28.86,36.82
50102,Historical,1537292,0,0,S,1,0,936076,38.95,2006,24,98.86,36.72
50103,Historical,53937,0,0,S,5,1,164228,97.4,2006,50,58.99,28.98
50104,Historical,607557,0,0,S,3,1,660930,31.95,1990,42,38.9,84.95
50105,Historical,552843,0,0,S,1,0,812994,58.2,2009,43,36.61,48.86
50106,Historical,2502844,0,0,S,0,0,174744,84.95,1997,21,91.76,29.99
50107,Historical,228905,0,0,S,3,1,766898,37,2001,45,26.92,59.11
50108,Historical,228941,0,0,S,4,1,539386,45,2006,58,26.92,45.13
50109,Historical,877301,0,0,S,6,1,162095,92.43,2005,46,144.98,56.28
50110,Historical,619042,0,0,S,3,1,860676,37.95,2001,45,37.95,21.8
50111,Historical,720509,0,0,S,2,1,592844,59.95,2002,52,29.94,23.99
50112,Historical,115484,0,0,S,0,0,1245323,65.07,2004,33,120.68,20.49
50113,Historical,107195,0,0,S,4,1,419438,13.21,2000,38,97,52.98
50114,Historical,891886,0,0,S,1,0,569792,30,2007,9,47.94,26.49
50115,Historical,157737,1,1,S,2,1,956340,56.95,2010,76,32.6,27.99
50116,Historical,132638,0,0,S,8,1,1099271,84.67,2008,16,60.84,76.69
50117,Historical,54759,0,0,S,6,1,756959,52.6,2002,67,60.84,7.34
50118,Historical,339245,0,0,S,6,1,575675,43.99,2007,21,88.99,69.17
50119,Historical,51258,0,0,S,7,1,3135984,130.95,2002,35,109.35,8.49
50120,Historical,639014,0,0,S,2,1,1159857,95,2004,15,68.98,89.02
50121,Historical,2604283,0,0,S,3,1,212134,32,2004,89,27.14,13.44
50122,Historical,218510,0,0,S,3,1,1528089,93.95,2001,40,75.89,23.99
50123,Historical,3272833,0,0,S,2,1,3494681,62.1,2005,36,17.49,64.77
50124,Historical,203847,0,0,S,2,1,1941084,49.95,2006,29,17.49,21.98
50125,Historical,531949,0,0,S,5,1,1601075,104.99,2009,27,11.19,5.31
50126,Historical,293885,0,0,S,1,0,360014,98.95,2010,94,45.46,11.89
50127,Historical,544887,0,0,S,12,1,649117,67.95,2010,16,52.07,45.98
50128,Historical,561678,0,0,S,2,1,979990,120.51,2008,25,107.52,103.83
50129,Historical,903144,0,0,S,11,1,4112363,72.95,2006,14,52.07,60.58
50130,Historical,203854,0,0,S,8,1,826905,75.95,2007,37,29.49,19.03
50131,Historical,578940,0,0,S,2,1,4807321,32.95,1993,23,6.32,18.11
50132,Historical,210874,0,0,S,4,1,1727675,42.95,2001,66,6.32,12.47
50133,Historical,565328,0,0,S,2,1,467700,63.95,2003,29,48.09,63.95
50134,Historical,531939,0,0,S,3,1,1429580,107,2008,29,46.54,46.38
50135,Historical,1562877,0,0,S,2,1,4336990,128,2008,12,85.49,80.89
50136,Historical,626038,0,0,S,1,0,1419372,159.99,2006,23,68.99,98.71
50137,Historical,58071,0,0,S,5,1,684237,221.95,2005,52,10.94,72.31
50138,Historical,645942,0,0,S,3,1,1463812,340,2007,19,181.44,123.99
50139,Historical,542584,0,0,S,7,1,172823,73.95,2012,23,39.17,52.8
50140,Historical,540926,0,0,S,7,1,871671,29.95,2008,81,17.85,7.99
50141,Historical,561723,0,0,S,8,1,50335,34.95,2012,33,17.85,28.99
50142,Historical,531931,0,0,S,4,1,1244145,124.95,2009,43,30.69,13.1
50143,Historical,245162,0,0,S,3,1,420443,131.95,2005,37,30.69,10.24
50144,Historical,663103,0,0,S,9,1,8616,51.95,2014,64,37.45,32.98
50145,Historical,906042,0,0,S,4,1,3186036,98.99,2008,18,57.94,66.44
50146,Historical,2257031,0,0,S,7,1,3425024,30.98,2010,37,44.62,57.09
50147,Historical,106167,0,0,S,6,1,1052428,38.95,2006,61,44.62,34.94
50148,Historical,106760,0,0,S,7,1,149489,55,2010,66,44.62,27.96
50149,Historical,531927,0,0,S,6,1,576929,131,2010,18,52.56,50.21
50150,Historical,1839602,0,0,S,2,1,5445989,44.99,2007,10,29.94,71.73
50151,Historical,2143446,0,0,S,2,1,2333255,108,2007,14,91.13,50.29
50152,Historical,622696,0,0,S,2,1,996669,78.99,2009,23,71.47,54.54
50153,Historical,200529,0,0,S,2,1,36091,118.95,2011,55,49.5,59.97
50154,Historical,778427,0,0,S,2,1,4014038,86.95,2005,18,73.99,54.97
50155,Historical,531925,0,0,S,4,1,95373,133.95,2012,68,73.99,63.99
50156,Historical,543008,0,0,S,12,1,82508,46.99,2009,55,36.13,13.99
50157,Historical,285841,0,0,S,1,0,1058211,52.95,2006,49,86.74,23.9
50158,Historical,531923,0,0,S,2,1,121614,63.8,2011,48,86.74,19.76
50159,Historical,531922,0,0,S,4,1,51918,99,2008,40,76.34,100.54
50160,Historical,904570,0,0,S,16,1,354384,59.95,2006,14,72.45,38.53
50161,Historical,58064,1,1,S,2,1,1512054,54.95,2004,21,48.23,63.38
50162,Historical,58066,0,0,S,3,1,371368,66.95,2009,27,48.23,48.64
50163,Historical,294837,0,0,S,3,1,50812,72.95,2009,45,26.26,39.37
50164,Historical,658012,1,4,S,5,1,125318,90,2013,42,67.73,49.69
50165,Historical,56754,0,0,S,3,1,2207997,41.95,2000,44,28.99,36.99
50166,Historical,367139,0,0,S,3,1,1163450,92.99,2008,19,82.21,125.2
50167,Historical,615638,0,0,S,1,0,563800,141.95,2008,56,0,0
50168,Historical,313574,0,0,S,1,0,1306431,139.4,2007,56,0,18.29
50169,Historical,60207,0,0,S,2,1,2212479,106.67,2003,37,102.06,13.98
50170,Historical,106698,0,0,S,26,1,908680,65,2009,50,28.99,35.04
50171,Historical,619286,0,0,S,5,1,1780715,69.95,2006,35,37.11,34.99
50172,Historical,190825,0,0,S,6,1,217792,67.95,2011,38,37.11,38.48
50173,Historical,415940,0,0,S,8,1,187852,69,2012,41,54.68,33.95
50174,Historical,700579,0,0,S,6,1,1490219,49.95,2005,51,54.68,20.98
50175,Historical,546516,0,0,S,2,1,783932,49.95,2005,23,43.18,49.66
50176,Historical,147112,0,0,S,3,1,4933973,199,2004,18,73.99,117.25
50177,Historical,834860,0,0,S,2,1,14651323,156,1999,15,73.99,38.54
50178,Historical,635681,0,0,S,1,0,93163,55,2012,42,0,0
50179,Historical,288785,0,0,S,5,1,838982,74.95,2003,55,43.83,27.94
50180,Historical,196596,1,1,S,4,1,2057601,130,2001,27,148.77,18.99
50181,Historical,565321,0,0,S,3,1,2268086,239,2004,14,158.64,53.98
50182,Historical,903175,0,0,S,5,1,1634662,77.95,2004,19,43.71,34.67
50183,Historical,192634,1,1,S,1,0,1162680,59.95,1997,17,49.29,56.79
50184,Historical,159515,0,0,S,2,1,3457040,81.95,2004,19,68.91,79.78
50185,Historical,2551545,0,0,S,2,1,4065036,69.95,2003,15,40.94,51.61
50186,Historical,550832,0,0,S,4,1,3997042,96.33,2010,18,22.66,13.84
50187,Historical,2698387,0,0,S,2,1,2274344,81.95,2003,10,39.72,60.57
50188,Historical,537969,0,0,S,6,1,1844577,118.95,2001,30,91.97,31.99
50189,Historical,899374,0,0,S,2,1,1991139,79.95,2000,16,63.99,73.18
50190,Historical,775200,0,0,S,5,1,6059982,223.95,2003,15,118.84,24.42
50191,Historical,585295,1,1,S,2,1,5052959,93,1995,19,35.98,20.33
50192,Historical,897606,0,0,S,3,1,3356533,45,2008,27,51.82,49.61
50193,Historical,626930,0,0,S,2,1,2170248,64.95,2003,24,46.49,40.89
50194,Historical,553834,0,0,S,4,1,722941,54.2,2007,49,6.8,10
50195,Historical,617679,0,0,S,4,1,504929,104.99,2006,37,0,26.98
50196,Historical,907026,0,0,S,3,1,2160901,64,2008,22,51.14,20.77
50197,Historical,299946,0,0,S,2,1,4184201,55,2005,28,51.14,33.77
50198,Historical,824346,1,2,S,0,0,624964,32,1998,20,50.91,40.44
50199,Historical,177585,0,0,S,1,0,881195,122.95,2002,19,0,0
50200,Historical,222201,1,1,S,2,1,2189163,55,2006,28,34.52,4.23
50201,Historical,222221,0,0,S,3,1,459039,75,2010,50,34.52,26.23
50202,Historical,393023,0,0,S,3,1,132523,55,2011,22,34.94,47.82
50203,Historical,300247,1,1,S,3,1,834000,110,2005,35,34.94,30.48
50204,Historical,631964,0,0,S,1,0,305983,104,1984,34,73.99,64.12
50205,Historical,631245,0,0,S,3,1,1435985,59,1990,16,45.99,28.92
50206,Historical,268417,0,0,S,2,1,356091,50,2005,36,43.97,13.12
50207,Historical,268348,0,0,S,2,1,295571,75,2004,29,43.97,32.27
50208,Historical,646243,1,1,S,3,1,418318,40.95,2004,28,0,42.99
50209,Historical,268334,0,0,S,1,0,1402717,30,2004,27,30.29,52.13
50210,Historical,609702,0,0,S,6,1,400997,46,2005,51,35.99,29.77
50211,Historical,911878,0,0,S,6,1,2022046,83.59,2005,31,35.99,83.59
50212,Historical,609704,0,0,S,5,1,878455,40,2000,106,35.99,9.95
50213,Historical,607089,0,0,S,4,1,1179534,87.5,2002,60,8.77,10.39
50214,Historical,608941,0,0,S,3,1,424860,59.99,2010,46,27.99,21.14
50215,Historical,608938,0,0,S,2,1,1383521,59.99,2006,49,27.99,6.67
50216,Historical,296510,0,0,S,2,1,1138044,48.95,2006,38,28.25,7.86
50217,Historical,270660,0,0,S,3,1,1028129,63,2009,74,28.25,12.99
50218,Historical,125886,0,0,S,2,1,735258,159,2002,24,30.8,77.33
50219,Historical,911960,0,0,S,2,1,546053,111.5,2004,26,73.99,73.98
50220,Historical,107560,0,0,S,3,1,418865,83.55,2002,35,133.14,62.77
50221,Historical,108583,0,0,S,2,1,657486,116.45,1998,33,133.14,9.49
50222,Historical,909016,0,0,S,2,1,231683,65,2005,21,20.33,19.89
50223,Historical,386472,0,0,S,2,1,136810,82,2010,30,51.73,53.97
50224,Historical,233989,0,0,S,2,1,244880,39.95,2007,20,19.51,68.99
50225,Historical,651599,0,0,S,2,1,1481010,119.99,2006,24,73.58,69.93
50226,Historical,544480,0,0,S,1,0,1485064,76.95,2013,28,63.23,16.96
50227,Historical,711333,0,0,S,3,1,4638650,110,2001,36,77.82,10.04
50228,Historical,616230,1,1,S,1,0,46800,50,1995,121,35.99,17.41
50229,Historical,131315,0,0,S,2,1,372466,92,2000,34,61.35,23.85
50230,Historical,613869,0,0,S,2,1,1181363,127.8,2002,63,80.98,21.99
50231,Historical,717728,0,0,S,3,1,2994407,86.95,2001,30,6.18,12.68
50232,Historical,619627,0,0,S,3,1,4752284,51.64,2000,25,6.18,51.74
50233,Historical,61224,0,0,S,6,1,1079495,25,2004,47,120.85,10.08
50234,Historical,53058,1,1,S,3,1,2530410,136.95,2003,47,49.6,5.99
50235,Historical,919128,0,0,S,0,0,596937,64,2010,45,44.26,31.03
50236,Historical,268387,1,1,S,1,0,80630,77,2005,46,0,31.94
50237,Historical,910952,0,0,S,2,1,159158,105,2003,36,5.29,27.84
50238,Historical,643701,0,0,S,1,0,402995,80,2008,18,40.07,51.46
50239,Historical,914903,0,0,S,1,0,937450,26,2003,39,29.33,24.62
50240,Historical,1544188,0,0,S,0,0,915621,54.95,2013,16,152.73,45.5
50241,Historical,1918223,0,0,S,14,1,775589,44.99,2013,19,29.97,10.74
50242,Historical,1622654,0,0,S,9,1,898671,193.95,2007,29,0,40.98
50243,Historical,111897,0,0,S,13,1,97745,124,2011,36,58.99,149.28
50244,Historical,109901,1,2,S,8,1,908616,173,2007,39,31.82,152.94
50245,Historical,742781,0,0,S,5,1,3394816,238.67,2010,16,94.72,238.67
50246,Historical,740792,0,0,S,4,1,3601577,186,2006,16,94.72,53.99
50247,Historical,540577,1,2,S,2,1,632085,225.33,2010,73,168.74,19.99
50248,Historical,600351,0,0,S,5,1,1297119,38.92,2008,27,64.55,38.87
50249,Historical,51812,0,0,S,5,1,1718443,0,2004,38,104.72,26
50250,Historical,107458,0,0,S,2,1,4056855,7.38,2004,26,31.82,7.38
50251,Historical,182851,1,1,S,6,1,1301670,219.95,2003,73,108.76,19.97
50252,Historical,624643,1,1,S,1,0,27321,243.75,2013,23,0,0
50253,Historical,169473,0,0,S,9,1,1312363,234.95,2006,22,59.98,63.34
50254,Historical,571968,0,0,S,1,0,992473,194.95,2008,37,38.69,19.94
50255,Historical,146618,1,1,S,3,1,1335611,157.33,2010,21,33.42,153.94
50256,Historical,531853,0,0,S,3,1,1012184,146.56,2008,23,31.82,73.21
50257,Historical,533693,1,1,S,4,1,47041,226.4,2012,110,40.17,58.85
50258,Historical,183006,0,0,S,4,1,2112596,340.95,2004,39,145.71,5.93
50259,Historical,457643,0,0,S,1,0,854933,298.95,2007,40,22.99,23.98
50260,Historical,285220,0,0,S,8,1,2787032,64.45,2007,18,121.03,93.79
50261,Historical,107302,0,0,S,7,1,396689,44.19,2000,65,121.03,31.56
50262,Historical,109902,0,0,S,8,1,1484700,217.75,2007,33,121.03,52.98
50263,Historical,120722,0,0,S,1,0,1624243,202,2008,36,68.99,138.35
50264,Historical,770496,0,0,S,0,0,138210,56.95,2004,34,4,19.48
50265,Historical,561565,0,0,S,2,1,902503,188.13,2012,12,117.05,194.87
50266,Historical,285490,0,0,S,3,1,1438374,52.59,2009,37,41.86,52.07
50267,Historical,109731,0,0,S,2,1,4596499,0,2005,21,41.86,42.43
50268,Historical,860308,0,0,S,9,1,420206,191.6,2011,22,141.83,88.99
50269,Historical,118055,0,0,S,6,1,922144,115.67,2006,19,75.98,79.47
50270,Historical,713838,0,0,S,4,1,5049080,71,1999,16,75.98,39.92
50271,Historical,299032,0,0,S,4,1,1296084,80,2007,35,35.54,6.48
50272,Historical,608621,0,0,S,5,1,1469039,140.95,2005,24,42.49,32.9
50273,Historical,592242,0,0,S,6,1,1636312,177.95,2008,24,42.49,68.69
50274,Historical,132739,0,0,S,3,1,1155363,42.6,2008,51,51.52,9.02
50275,Historical,607925,0,0,S,2,1,6111492,36,2005,36,51.52,6.28
50276,Historical,53002,0,0,S,2,1,101612,131.95,2006,117,64.48,15.22
50277,Historical,346423,0,0,S,3,1,177902,165.95,2009,68,64.48,6.99
50278,Historical,622721,0,0,S,8,1,431534,55,2007,33,37.37,28.98
50279,Historical,636293,0,0,S,2,1,1055738,35.95,2009,17,23.68,199.98
50280,Historical,2535757,0,0,S,2,1,373588,35.95,2002,20,46.94,59.63
50281,Historical,2533461,1,1,S,2,1,1414108,39.95,2001,16,148.07,53.99
50282,Historical,2533464,0,0,S,2,1,1246875,29.95,2001,19,34.73,63.63
50283,Historical,2542361,0,0,S,2,1,279493,44.95,2003,16,34.73,61.63
50284,Historical,2540487,0,0,S,2,1,6446643,42.95,2002,11,39.47,117.03
50286,Historical,789244,0,0,S,5,1,2715490,370,2004,9,53.71,153.74
50287,Historical,614743,0,0,S,5,1,334804,28.98,2000,38,61.46,32.99
50288,Historical,184428,0,0,S,3,1,866652,68.95,2002,27,39.75,56.05
50289,Historical,917677,0,0,S,2,1,553002,45.95,2001,41,39.75,33.31
50290,Historical,144206,0,0,S,1,0,439539,121.4,2003,30,0,0
50291,Historical,106688,0,0,S,6,1,444530,83,2009,36,60.99,63.99
50292,Historical,103866,0,0,S,1,0,318534,89.95,2001,21,49.14,45.09
50293,Historical,104201,0,0,S,2,1,1589892,79.95,2000,30,28.51,33.99
50294,Historical,531828,0,0,S,6,1,740871,49.99,2008,30,38.9,50.71
50295,Historical,907222,0,0,S,3,1,2794852,229,2000,15,279.99,88.62
50296,Historical,56734,0,0,S,4,1,151350,82.99,2009,69,23.29,20.98
50297,Historical,298383,0,0,S,2,1,2867618,215,2007,17,164.54,142.69
50298,Historical,648102,0,0,S,3,1,2739832,161,2011,12,103.79,162.58
50299,Historical,2823574,0,0,S,0,0,4498446,54.95,1985,13,37.72,67.55
50300,Historical,909536,0,0,S,3,1,2514018,40.99,2006,21,35.34,27.98
50301,Historical,60198,0,0,S,4,1,1523591,67.95,2005,62,47.73,23.99
50302,Historical,204184,0,0,S,4,1,1481159,67.95,2005,26,47.73,43.99
50303,Historical,204111,0,0,S,5,1,573266,80.99,2009,67,47.73,16.39
50304,Historical,622720,0,0,S,6,1,932249,49.99,2008,19,39.75,38
50305,Historical,193038,0,0,S,2,1,2615162,146,1996,17,973.47,97.38
50306,Historical,550186,0,0,S,1,0,322842,43.03,2004,50,23.97,30.26
50307,Historical,60199,0,0,S,2,1,198693,54.95,1999,139,34.24,16.82
50308,Historical,248885,1,1,S,3,1,397623,84.95,2006,66,23.65,57.95
50309,Historical,832980,0,0,S,2,1,1849529,99.95,1996,26,253.99,26.99
50310,Historical,147026,0,0,S,3,1,1065238,120,2002,17,253.99,64.91
50311,Historical,2672255,0,0,S,3,1,9648260,146,2005,12,79.99,89.79
50312,Historical,587962,0,0,S,8,1,439164,69.95,2012,15,98.78,42.78
50313,Historical,2681259,0,0,S,4,1,1784245,59,1995,20,0,117.67
50314,Historical,910034,0,0,S,1,0,439030,123,2002,17,138.97,28.98
50315,Historical,643349,0,0,S,3,1,3039291,52.46,1998,20,145.6,53.44
50316,Historical,193550,0,0,S,2,1,2608591,137,2007,22,69.99,5.88
50317,Historical,105985,0,0,S,4,1,1300984,9.61,2004,73,26.26,15.24
50318,Historical,699985,0,0,S,3,1,826468,59.95,2001,23,26.26,33.98
50319,Historical,2862096,1,1,S,8,1,1136632,96,2005,19,106.16,73.87
50320,Historical,901678,0,0,S,3,1,5146373,79.5,2005,17,60.79,56.88
50321,Historical,2394309,0,0,S,3,1,2912941,267.62,2004,15,105.47,74.48
50322,Historical,616920,0,0,S,0,0,1575502,43,2011,27,22.98,36.99
50323,Historical,612618,0,0,S,0,0,1157762,156.95,2014,38,133.65,35.93
50324,Historical,193646,0,0,S,4,1,1284304,146,2009,40,26.14,27.99
50325,Historical,751578,0,0,S,5,1,2017591,39.95,2009,14,400,49.79
50326,Historical,552849,0,0,S,5,1,1389372,85.8,2006,60,52.99,11.22
50327,Historical,147483,0,0,S,2,1,690298,65.95,2007,126,39.28,22.99
50328,Historical,774909,0,0,S,3,1,1619802,46.95,2000,19,73.62,89.87
50329,Historical,297243,0,0,S,2,1,471759,49.95,1996,29,34.99,14.59
50330,Historical,900918,0,0,S,2,1,1515225,62.95,2002,19,69.65,102.43
50331,Historical,541440,0,0,S,6,1,1584418,48.95,2010,15,42.06,19.1
50332,Historical,2940750,0,0,S,2,1,2519197,93.95,2005,16,76.74,91.15
50333,Historical,655053,0,0,S,4,1,12515,94.95,2013,66,45.47,71.74
50334,Historical,614657,0,0,S,1,0,946759,44.99,2006,73,26.99,17.74
50335,Historical,109529,0,0,S,8,1,227839,23.49,2007,32,130.25,23.49
50336,Historical,109704,0,0,S,8,1,2474400,103.25,2006,31,130.25,23.93
50337,Historical,608567,0,0,S,3,1,5111848,70.95,1999,29,28.24,7.98
50338,Historical,215686,0,0,S,1,0,705320,49.5,2008,33,50.96,45.38
50339,Historical,557304,0,0,S,2,1,2986677,102.8,2007,24,52.74,13.99
50340,Historical,620229,1,3,S,0,0,34944,95,2012,88,75.24,38.99
50341,Historical,131864,1,2,S,5,1,407557,141.4,2005,45,30.38,49.38
50342,Historical,557509,0,0,S,3,1,578610,104.2,2010,50,52.74,33.92
50343,Historical,778688,0,0,S,2,1,1100291,63.95,2009,34,44.11,38.98
50344,Historical,50249,0,0,S,5,1,6149186,73.95,1998,24,38.12,7.98
50345,Historical,132690,0,0,S,1,0,448883,166.4,2010,67,30.87,46.16
50346,Historical,254403,0,0,S,3,1,110493,79.95,2011,72,52.89,35.99
50347,Historical,195110,0,0,S,2,1,2750492,74.95,2007,37,52.89,13.94
50348,Historical,50558,0,0,S,4,1,1364822,138.95,2005,52,90.99,11.99
50349,Historical,1453055,0,0,S,3,1,959019,89.8,2013,5,84.66,95.39
50350,Historical,766238,0,0,S,5,1,1168966,57.95,2004,22,13.83,48.99
50351,Historical,203886,0,0,S,5,1,1267094,49.95,2007,44,18.58,6.99
50352,Historical,764635,0,0,S,3,1,1940734,106.95,2000,21,94.03,11.98
50353,Historical,577427,0,0,S,5,1,1097998,59.95,2006,71,47.89,17.05
50354,Historical,653618,0,0,S,2,1,3009866,69.95,2008,15,50.64,7.73
50355,Historical,626179,0,0,S,4,1,826753,57.95,2005,24,69.71,12.94
50356,Historical,613977,0,0,S,5,1,711484,167,2007,39,47.49,46.13
50357,Historical,199587,0,0,S,2,1,3710880,87.95,2002,29,43.99,15.94
50358,Historical,254026,0,0,S,5,1,2101702,162.64,2010,11,104.41,110.42
50359,Historical,531790,0,0,S,9,1,141949,228.95,2012,50,98.98,57.11
50360,Historical,858743,0,0,S,2,1,3902287,77,2000,19,34.39,43.11
50361,Historical,860679,0,0,S,2,1,1098264,54.95,2012,84,38.99,8.99
50362,Historical,53420,0,0,S,7,1,1201449,20,2005,134,43.99,20
50363,Historical,1856741,0,0,S,0,0,607685,39.99,2012,16,40.63,29.19
50364,Historical,901047,0,0,S,3,1,1191785,35.95,2002,22,66.11,28.95
50365,Historical,720941,0,0,S,2,1,1210071,110,2003,24,19.01,20.65
50366,Historical,619382,0,0,S,2,1,233538,61.95,2008,31,48.99,28.98
50367,Historical,245008,0,0,S,2,1,940219,66.95,2005,20,33.94,124.97
50368,Historical,627524,1,1,S,2,1,215434,81.9,2008,35,63.01,24.99
50370,Historical,196610,0,0,S,2,1,3896768,54.95,2000,15,92.99,21.97
50371,Historical,899583,1,2,S,2,1,2918917,42,2006,19,123.99,42
50372,Historical,631772,0,0,S,2,1,964797,213,2006,32,123.99,132.35
50373,Historical,601459,0,0,S,2,1,1369574,50.95,2010,17,45.2,41.2
50374,Historical,552189,0,0,S,4,1,3037768,78.6,2004,27,47.54,21.25
50375,Historical,200368,1,2,S,1,0,487036,126.95,2009,38,32.07,70.98
50376,Historical,607802,0,0,S,10,1,666277,148.4,2008,28,53.14,29.98
50377,Historical,137545,0,0,S,11,1,1968462,169,2010,29,53.14,45.43
50378,Historical,143220,0,0,S,3,1,725506,43,2008,25,27.99,36.73
50379,Historical,608490,0,0,S,2,1,1534661,76,2005,44,45.39,8.76
50380,Historical,623443,0,0,S,2,1,938404,68.95,2011,44,38.87,30.43
50381,Historical,629140,1,1,S,1,0,35926,89.95,2012,35,0,0
50382,Historical,54121,0,0,S,5,1,1612209,277.95,2005,48,151.48,13.69
50383,Historical,608491,0,0,S,3,1,539012,94.99,2008,55,45.39,9.28
50384,Historical,608609,0,0,S,3,1,9491564,51.95,2004,16,3.85,5.99
50385,Historical,291561,0,0,S,4,1,6341211,126.95,2003,15,59.87,88.99
50386,Historical,157769,0,0,S,1,0,380443,58.95,2011,25,49.44,40.95
50387,Historical,531781,0,0,S,3,1,818100,43,2009,61,28.43,7.73
50388,Historical,633261,0,0,S,3,1,1475171,67,2010,24,27.92,48.45
50389,Historical,2879260,1,1,S,2,1,1540956,49,1992,16,137.21,102.36
50390,Historical,700431,0,0,S,1,0,1373601,39.95,2003,45,15.38,8.43
50391,Historical,761178,0,0,S,2,1,7747865,100,2004,20,88.94,18.99
50392,Historical,116915,0,0,S,2,1,2188827,53.2,2004,46,41.31,17.99
50393,Historical,222307,1,1,S,6,1,1022174,84,2009,51,34.01,11.47
50394,Historical,1655850,0,0,S,2,1,348474,75,2012,18,0,42.65
50395,Historical,677499,0,0,S,0,0,487067,29.95,2002,68,26.49,21.74
50396,Historical,609756,0,0,S,4,1,814022,39.99,2007,65,21.99,7.69
50397,Historical,609758,0,0,S,5,1,965047,44.99,2009,48,21.99,7.86
50398,Historical,531767,0,0,S,2,1,1121500,129.95,2007,28,60.53,41.3
50399,Historical,622783,0,0,S,1,0,613441,39.95,2004,31,32.38,28.96
50400,Historical,621432,0,0,S,4,1,314933,78.95,2006,38,56.27,57.54
50401,Historical,618259,0,0,S,0,0,26914,50,2010,31,0,0
50402,Historical,245214,0,0,S,2,1,3479678,121.95,2004,19,73.98,48.83
50403,Historical,193975,0,0,S,0,0,1683587,49,2001,30,30.59,61.03
50404,Historical,627532,0,0,S,2,1,565127,45.95,2008,45,45.6,48.7
50405,Historical,628778,0,0,S,2,1,522982,97,2008,26,63.94,55.65
50406,Historical,801549,0,0,S,1,0,957587,49,2008,19,44.99,67.61
50407,Historical,576609,0,0,S,5,1,237075,153.95,2006,25,111.73,91.69
50408,Historical,620254,0,0,S,5,1,744999,213,2010,52,0,88.23
50409,Historical,643999,0,0,S,8,1,223073,77.1,2008,16,0,0
50410,Historical,549056,0,0,S,5,1,519696,74,1989,25,0,34.17
50411,Historical,606874,0,0,S,4,1,358222,0,2003,57,15.15,41.77
50412,Historical,705157,0,0,S,4,1,322935,91.5,2003,29,15.15,13.92
50413,Historical,608144,0,0,S,2,1,2164430,149,2001,24,85.88,48.94
50414,Historical,268498,0,0,S,2,1,679023,47,2008,36,31.9,43.07
50415,Historical,147182,1,1,S,5,1,1408298,184.95,2007,24,146,92.47
50416,Historical,116341,0,0,S,7,1,146494,152.13,2010,19,64.66,602.84
50417,Historical,116149,1,1,S,1,0,539567,49.95,2007,46,32.98,29.86
50418,Historical,531716,0,0,S,7,1,444245,57.99,2009,18,20.24,58.43
50419,Historical,115897,0,0,S,0,0,407644,72.6,2006,33,53.99,52.57
50420,Historical,704003,0,0,S,3,1,1422827,23.97,2002,44,142.46,23.98
50421,Historical,2664586,0,0,S,2,1,7516905,199,2000,18,5.95,57.29
50422,Historical,653744,0,0,S,3,1,2504329,231.95,2005,15,5.95,20.99
50423,Historical,206825,0,0,S,2,1,1186004,79.99,2011,67,25.13,11.69
50424,Historical,107070,1,9,S,6,1,895058,59.99,2006,87,27.35,10.88
50425,Historical,290218,1,2,S,1,0,805427,59.99,2009,75,25.94,15.99
50426,Historical,531707,0,0,S,2,1,30222,49.99,2012,57,25.94,14.98
50427,Historical,637594,0,0,S,2,1,126461,59.99,2013,37,35.82,23.91
50428,Historical,619313,0,0,S,3,1,39463,83.5,2012,80,6.31,24.3
50429,Historical,538287,0,0,S,3,1,309731,42.05,2012,46,53.04,16.69
50430,Historical,531704,1,1,S,2,1,653788,89.99,2012,50,31.62,20.61
50431,Historical,615168,0,0,S,1,0,261656,49.99,2009,78,31.62,12.9
50432,Historical,624703,0,0,S,2,1,388112,49.99,2012,54,31.62,8.85
50433,Historical,623526,1,1,S,0,0,951117,35.99,2009,43,30.46,11.64
50434,Historical,629949,0,0,S,1,0,1170006,50,2011,37,13.68,16.45
50435,Historical,630168,0,0,S,0,0,1154458,99,2007,43,53.99,33.37
50436,Historical,3152842,0,0,S,2,1,1096870,49.95,2000,22,48.31,30.66
50437,Historical,1867739,0,0,S,2,1,1182814,125.95,2009,13,0,105.28
50438,Historical,531699,0,0,S,4,1,3435072,103.25,2008,23,121.56,8.88
50439,Historical,2422653,1,1,S,2,1,761356,69,1988,38,0,22.98
50440,Historical,256776,0,0,S,3,1,544637,104,2002,52,43.84,21.97
50441,Historical,113083,0,0,S,4,1,435778,89.95,2006,47,43.84,18.99
50442,Historical,217269,0,0,S,2,1,1409853,45,2004,36,38.53,89.91
50443,Historical,250202,0,0,S,3,1,3072380,140.95,2006,21,4.48,17.3
50444,Historical,533671,0,0,S,15,1,444397,212.95,2012,78,163.11,44.59
50445,Historical,115256,0,0,S,0,0,186598,61.8,2003,25,47.65,46.07
50446,Historical,635630,1,2,S,2,1,809950,77.2,2012,32,5.94,13.42
50447,Historical,624114,1,1,S,1,0,1012213,108.95,2005,27,54.67,19
50448,Historical,116530,0,0,S,4,1,2083383,129,2003,48,109.99,18.98
50449,Historical,607120,0,0,S,2,1,3769527,103,2000,15,73.98,76.06
50450,Historical,2836633,0,0,S,3,1,3429041,83.95,1994,18,127.18,44.51
50451,Historical,117654,0,0,S,7,1,961424,139,2005,53,169.24,15.78
50452,Historical,663143,0,0,S,5,1,1068,89.95,2013,75,43.99,53.68
50453,Historical,163295,0,0,S,3,1,2808543,89.95,2004,21,44.84,13.99
50454,Historical,778127,0,0,S,2,1,232812,69.95,2004,54,57.88,10.06
50455,Historical,249873,0,0,S,1,0,1119735,117.95,2007,30,51.5,56.02
50456,Historical,566204,0,0,S,2,1,2500660,15.34,2006,29,32.99,15.29
50457,Historical,878614,0,0,S,2,1,1011356,53.98,2010,16,144.62,53.99
50458,Historical,141636,0,0,S,3,1,1270392,0,2003,35,42.06,34.49
50459,Historical,634001,0,0,S,3,1,1536391,163,1996,16,0,78.34
50460,Historical,252065,0,0,S,8,1,1502503,229.95,2008,22,106.49,81.2
50461,Historical,551527,0,0,S,2,1,930436,91.95,2008,24,57.4,22.94
50462,Historical,55306,0,0,S,6,1,1375702,174,2008,120,132.46,6.39
50463,Historical,405702,1,1,S,3,1,1707818,35.94,2002,64,4.55,35.94
50464,Historical,1780835,0,0,S,1,0,919359,90,2014,19,52.93,57.48
50465,Historical,299912,0,0,S,2,1,1600089,199.95,2004,25,430.02,102.3
50466,Historical,162966,0,0,S,2,1,1244732,96.71,2010,15,100.9,30.89
50467,Historical,531663,0,0,S,3,1,126352,50.95,2010,36,28.98,37.99
50468,Historical,634829,0,0,S,4,1,1586288,75,2005,21,81.98,58.83
50469,Historical,203617,0,0,S,1,0,554166,54.95,2004,36,27.98,16.58
50470,Historical,627130,0,0,S,5,1,4347430,28.95,2007,13,43.5,23.69
50471,Historical,52161,0,0,S,8,1,2892451,157.6,2005,22,146.55,91.28
50472,Historical,109511,0,0,S,13,1,3140139,12.65,2005,31,62.86,8.91
50473,Historical,876306,0,0,S,10,1,548656,85.59,2012,10,113.98,56.43
50474,Historical,54447,0,0,S,7,1,1079145,109.4,2005,34,113.98,15.99
50475,Historical,617051,1,1,S,0,0,412585,163.8,2007,33,86.18,31.99
50476,Historical,60900,1,2,S,10,1,21637,136,2006,107,116.85,52.99
50477,Historical,914951,0,0,S,2,1,999302,65.95,1997,34,40.88,38.47
50478,Historical,711257,0,0,S,5,1,1620637,73.67,2000,32,49.99,15.95
50479,Historical,912369,0,0,S,3,1,2548806,53,2003,20,47.75,17.19
50480,Historical,871024,0,0,S,4,1,4588010,63.4,2003,37,34.59,16.37
50481,Historical,631615,0,0,S,6,1,720312,126.8,2009,20,0,0
50482,Historical,291267,0,0,S,2,1,1307039,28.99,2005,40,23.49,15.63
50483,Historical,543232,0,0,S,10,1,174393,52,2012,41,32.26,28.98
50484,Historical,246549,0,0,S,4,1,1635838,49.95,2006,29,16.93,39.84
50485,Historical,60005,0,0,S,9,1,94108,147.95,2005,112,88.82,33.99
50486,Historical,254296,0,0,S,3,1,231210,65.95,2010,32,27.14,52.27
50487,Historical,860204,0,0,S,3,1,1089665,52.95,2010,80,30.94,19.97
50488,Historical,203753,1,2,S,3,1,315904,63.95,2006,51,35.85,45.43
50489,Historical,271070,0,0,S,4,1,57045,78.99,2011,46,35.85,43.81
50490,Historical,107277,1,1,S,3,1,2291709,92.43,2001,30,108.77,41.49
50492,Historical,717513,0,0,S,2,1,2406358,47.95,1999,28,42.71,27.98
50493,Historical,591972,0,0,S,2,1,1459753,51.95,2004,37,51.48,30.99
50494,Historical,544955,0,0,S,3,1,436708,59,2009,44,51.48,36.99
50495,Historical,771197,0,0,S,5,1,3540427,75.95,2003,30,31.63,10.1
50496,Historical,599562,0,0,S,1,0,350504,57,2006,21,40.54,53.61
50497,Historical,607870,0,0,S,2,1,638549,60.2,2001,36,54.99,15.66
50498,Historical,609441,0,0,S,5,1,1475729,63.9,1996,27,53.99,8.94
50499,Historical,546468,0,0,S,12,1,3812623,112,2004,16,85.99,17.48
50500,Historical,516401,0,0,S,5,1,1824241,120,2010,17,85.99,91.42
50501,Historical,665456,0,0,S,1,0,1557744,49.95,2011,22,26.06,4.36
50502,Historical,2264646,0,0,S,14,1,1271508,131.95,2011,35,35.12,68.83
50503,Historical,52613,0,0,S,11,1,2259019,59.95,2007,51,66.21,6.98
50504,Historical,613659,0,0,S,9,1,986872,59.95,2008,56,41.68,11.59
50505,Historical,270684,0,0,S,8,1,735046,66,2010,31,24.99,41.21
50506,Historical,545810,0,0,S,9,1,71059,66,2013,35,24.99,29.98
50507,Historical,229120,0,0,S,7,1,994940,49.95,2007,40,24.99,11.52
50508,Historical,592240,1,2,S,1,0,1302308,143.95,2009,61,16.99,20.99
50509,Historical,533585,1,1,S,11,1,525995,0,2009,45,73.86,23.49
50510,Historical,53417,1,1,S,10,1,42111,38.94,2007,125,73.86,22.94
50511,Historical,51740,0,0,S,10,1,410620,7.99,2005,43,68.38,52.97
50512,Historical,537011,0,0,S,2,1,1247459,113.47,2011,21,89.39,122.66
50513,Historical,537012,0,0,S,2,1,673025,113.47,2011,23,84.86,218.37
50514,Historical,607885,0,0,S,2,1,4383656,95,2003,29,13.98,4.36
50515,Historical,555489,1,1,S,1,0,154339,59.95,2003,63,54.49,24.88
50516,Historical,895392,1,1,S,0,0,1472467,0,2004,16,74.39,103.98
50517,Historical,614536,0,0,S,3,1,375569,46.8,2003,47,15.54,16.69
50518,Historical,169771,0,0,S,9,1,1568978,229.95,2008,20,107.34,72.25
50519,Historical,2252442,0,0,S,13,1,2905253,27.92,2009,41,53.9,31.1
50520,Historical,738388,0,0,S,6,1,3826131,28.5,2003,16,25.93,13.87
50521,Historical,581700,0,0,S,7,1,1309232,149,2006,36,25.93,13.99
50522,Historical,60222,0,0,S,3,1,1565268,177.95,2004,46,120.13,13.29
50523,Historical,120236,0,0,S,2,1,72307,156.4,2012,68,61.31,15.04
50524,Historical,142894,0,0,S,7,1,981582,90,2004,32,91.09,69.24
50525,Historical,505042,0,0,S,13,1,829125,196,2009,38,53.9,10.86
50526,Historical,641129,0,0,S,2,1,479205,10.08,2008,19,60.74,79.99
50527,Historical,1691853,0,0,S,0,0,1011617,54.99,2010,27,32.51,84.36
50528,Historical,617441,0,0,S,1,0,112906,83.2,2002,41,60.82,88.83
50529,Historical,2572614,0,0,S,2,1,2020292,185,1992,20,83.98,98.98
50530,Historical,608340,1,1,S,3,1,1106263,99,2001,48,83.86,38.94
50531,Historical,625701,1,1,S,6,1,1161278,133.75,2001,27,137.76,106.39
50532,Historical,52740,0,0,S,5,1,480437,113.95,2005,55,97.58,7.99
50533,Historical,907138,0,0,S,1,0,1622566,63,2010,21,35.03,54.43
50534,Historical,916269,0,0,S,1,0,1388304,80,2003,47,24.49,40.28
50535,Historical,294552,0,0,S,0,0,325306,49,2005,31,153.97,34.5
50536,Historical,774954,0,0,S,4,1,458582,110,2001,24,95.79,55.17
50537,Historical,606692,0,0,S,9,1,2864920,260.95,2000,42,9.93,29.92
50538,Historical,108306,0,0,S,7,1,1428176,13.98,2004,42,26.34,13.69
50539,Historical,697979,0,0,S,10,1,2257564,86.48,2008,19,115.99,46.3
50540,Historical,616735,0,0,S,11,1,73985,66.9,2009,42,115.99,58.71
50541,Historical,51502,0,0,S,9,1,52206,214.8,2010,98,89.51,33.49
50542,Historical,60223,1,1,S,8,1,810426,55.52,2007,52,26.34,46.55
50543,Historical,703736,0,0,S,7,1,4117909,12.99,2001,28,84,12.99
50544,Historical,289229,0,0,S,0,0,1289719,129,2005,26,39.99,40.82
50545,Historical,404411,0,0,S,3,1,429264,176,2007,24,129.21,72.99
50546,Historical,904838,0,0,S,4,1,5507373,129,2003,13,93.99,97.4
50547,Historical,625192,0,0,S,5,1,877421,198,2008,20,93.99,63.99
50548,Historical,767328,0,0,S,8,1,850937,255.95,2009,16,75.62,115.85
50549,Historical,571815,1,1,S,7,1,872155,16.84,2000,47,41.07,15.74
50550,Historical,847351,0,0,S,6,1,2493067,48.36,1996,40,41.07,8.29
50551,Historical,286127,0,0,S,0,0,683486,139,2004,29,0,34.93
50552,Historical,148701,0,0,S,12,1,1814812,117.95,2008,35,168.27,18.29
50553,Historical,148384,0,0,S,14,1,1455023,143.95,2005,19,165,75.89
50554,Historical,745499,0,0,S,15,1,3617685,326.95,2008,11,134.69,326.95
50555,Historical,436419,0,0,S,4,1,349682,245.95,2009,51,10.34,41.6
50556,Historical,61185,0,0,S,3,1,3386923,281.95,2006,29,10.34,9.03
50557,Historical,270693,0,0,S,4,1,646639,46,2010,80,31.21,5.94
50558,Historical,296512,0,0,S,3,1,2371190,36.95,2007,38,31.21,8.99
50559,Historical,664715,0,0,S,0,0,870176,37,2013,27,37,30.67
50560,Historical,723498,0,0,S,6,1,839654,77.95,2008,13,169.83,66.83
50561,Historical,566617,0,0,S,2,1,1195198,33.86,2004,28,67.97,28.1
50562,Historical,632642,0,0,S,7,1,1103217,136.61,2008,34,114.24,25.23
50563,Historical,617575,0,0,S,6,1,2949598,10.91,2005,35,114.24,20.08
50564,Historical,246275,0,0,S,1,0,1320371,48.95,2005,41,25.34,64.96
50565,Historical,658530,1,2,S,1,0,961536,61.15,2009,41,13.78,72.43
50566,Historical,112995,0,0,S,2,1,2086813,103,2007,20,33.54,58.43
50567,Historical,632099,0,0,S,2,1,235210,137.13,2012,31,91.34,83.93
50568,Historical,177730,0,0,S,6,1,1292965,272.95,2002,53,88.49,31.99
50569,Historical,567779,0,0,S,1,0,1161227,72.95,2009,31,13.93,57.99
50570,Historical,905675,0,0,S,1,0,1487075,36.95,2010,28,21.91,26.37
50571,Historical,52345,0,0,S,13,1,969593,250.95,2007,133,177.3,10.73
50572,Historical,244115,0,0,S,15,1,115449,242.95,2012,100,177.3,22.85
50573,Historical,148614,0,0,S,13,1,1094788,288.95,2008,62,177.3,7.12
50574,Historical,456677,1,1,S,6,1,206197,292.95,2011,48,41.14,78.68
50575,Historical,547949,1,2,S,3,1,1517745,186.95,1996,46,123.99,16.99
50576,Historical,147510,0,0,S,5,1,931865,147.95,2008,23,64.99,83.98
50577,Historical,743733,0,0,S,4,1,123744,149,2006,16,91.98,78.2
50578,Historical,262608,0,0,S,3,1,190445,39.95,2001,58,36.71,20.97
50579,Historical,3472537,0,0,S,2,1,2180670,106.67,1990,16,0,135.95
50580,Historical,560346,0,0,S,3,1,1336599,209,2008,51,76.33,13.94
50581,Historical,531580,0,0,S,3,1,58259,126.4,2012,96,11.93,30.77
50582,Historical,408049,0,0,S,2,1,2394297,79.95,2005,24,30.66,19.98
50583,Historical,539863,0,0,S,3,1,187584,57.95,2013,34,36.18,40.48
50584,Historical,129254,0,0,S,2,1,678445,59.95,2010,70,36.18,23.99
50585,Historical,248117,0,0,S,2,1,206327,90,2010,31,24.99,51.14
50586,Historical,52555,0,0,S,6,1,1093478,124.95,2007,112,27.99,11.89
50587,Historical,580087,0,0,S,2,1,667312,149,2010,40,6.47,33.98
50588,Historical,552094,0,0,S,2,1,790353,50.67,2002,31,16.14,26.49
50589,Historical,120544,0,0,S,3,1,440270,80.47,2009,16,16.14,24.98
50591,Historical,607459,0,0,S,8,1,513371,118.8,2008,45,67.98,44.99
50592,Historical,619355,0,0,S,9,1,482859,135.4,2010,42,67.98,45.25
50593,Historical,607374,0,0,S,7,1,890220,110.8,2005,46,67.98,14.75
50594,Historical,115565,0,0,S,3,1,3369533,96.6,2003,22,14.99,13.49
50595,Historical,117319,1,1,S,4,1,1610751,95.2,2006,37,14.99,41.94
50596,Historical,572213,1,2,S,2,1,1106793,127.95,2006,48,23.99,10.24
50597,Historical,531576,1,1,S,3,1,433791,120.95,2010,48,23.99,53.12
50598,Historical,914039,0,0,S,3,1,1324619,13.99,2000,27,21.68,13.99
50599,Historical,290321,0,0,S,4,1,2051207,12.41,2004,31,21.68,44.77
50600,Historical,608828,0,0,S,3,1,2603983,44.95,2007,34,33.49,38.99
50601,Historical,591686,0,0,S,4,1,380070,61.95,2008,36,33.49,18.99
50602,Historical,770393,0,0,S,7,1,2569554,130.95,2002,28,47.29,50.18
50603,Historical,902459,0,0,S,0,0,910598,59.95,2009,58,60.96,41.98
50604,Historical,903102,0,0,S,5,1,4175846,65.95,2008,18,43.99,48.39
50605,Historical,910737,0,0,S,4,1,9630696,63.95,2004,35,43.99,44.11
50606,Historical,560530,0,0,S,6,1,354533,220,2010,67,36.99,83.99
50607,Historical,1485435,0,0,S,8,1,2864076,19.66,2009,42,44.09,10.86
50608,Historical,556453,0,0,S,4,1,2877012,55,2012,14,38.57,75.31
50609,Historical,2105392,1,1,S,0,0,125635,46,2014,46,7.79,8.99
50610,Historical,618723,0,0,S,0,0,547103,44,2013,72,7.79,33.99
50611,Historical,581659,0,0,S,2,1,3544656,70,2002,19,79.99,19.98
50612,Historical,284827,0,0,S,6,1,682481,43.42,1999,49,88.94,28.97
50613,Historical,613636,0,0,S,3,1,644129,38.95,2004,104,33.94,28.89
50614,Historical,618827,0,0,S,3,1,2068457,43,1998,29,53.98,46.99
50615,Historical,899712,0,0,S,8,1,3928190,22,2003,16,74.05,72.39
50616,Historical,193552,0,0,S,4,1,200993,152,2008,86,46.99,94.54
50617,Historical,193279,1,1,S,3,1,3419653,117,2003,32,46.99,57.55
50618,Historical,531565,0,0,S,2,1,585149,160,2008,17,103.98,13.48
50619,Historical,1478919,0,0,S,1,0,783727,89,2011,30,23.12,13.94
50620,Historical,230259,0,0,S,18,1,699215,33,2004,90,39.59,8.74
50621,Historical,164705,0,0,S,7,1,3646956,225,2004,19,54.71,88.02
50622,Historical,212458,0,0,S,7,1,2468071,85.6,2004,22,68.99,83.27
50623,Historical,145843,0,0,S,8,1,728063,115.93,2009,32,68.99,31.16
50624,Historical,2384467,0,0,S,2,1,3185828,115,1996,14,10.93,13.99
50625,Historical,131483,0,0,S,2,1,2876015,41,2002,47,9.81,5.74
50626,Historical,648007,0,0,S,3,1,1086395,165,2004,19,69.03,106.49
50627,Historical,183223,0,0,S,3,1,1026662,140.95,2006,25,103.99,25.88
50628,Historical,591670,0,0,S,1,0,324284,43.95,2010,25,58.56,34.87
50629,Historical,628950,0,0,S,5,1,2076410,125,2001,16,55.68,104.99
50630,Historical,868024,0,0,S,4,1,574368,76.99,2008,48,46.29,35.14
50631,Historical,705306,0,0,S,3,1,7211019,58.36,2004,14,50.79,52.73
50632,Historical,1942197,0,0,S,3,1,189202,49.95,2012,22,55.37,11.99
50633,Historical,776173,0,0,S,2,1,1496084,44.95,2009,42,55.37,11.4
50634,Historical,860518,0,0,S,11,1,880843,49.99,2011,31,23.1,43.98
50635,Historical,802666,1,1,S,10,1,1793037,39.99,2008,33,23.1,22.94
50636,Historical,193719,0,0,S,3,1,494228,201,2010,95,7.33,11.91
50637,Historical,270111,0,0,S,6,1,1602331,172,2010,21,146.48,83.99
50638,Historical,868665,0,0,S,5,1,4270778,121,2004,23,146.48,6.98
50639,Historical,899958,0,0,S,10,1,5847873,33,2009,12,27.25,13.96
50640,Historical,54559,0,0,S,3,1,311161,14.83,2006,85,28.99,18.99
50641,Historical,120626,0,0,S,10,1,1687847,61.8,2009,28,61.09,30.75
50642,Historical,1745491,0,0,S,2,1,894583,130.88,2006,23,162.45,125.55
50643,Historical,203633,1,1,S,3,1,645775,55.99,2003,29,68.51,17.99
50644,Historical,2680801,1,1,S,2,1,3161042,59.95,2001,18,33.99,72.83
50645,Historical,624689,0,0,S,4,1,862489,44.99,2012,57,9.5,44.99
50646,Historical,539633,0,0,S,9,1,101076,59.99,2012,83,26.2,34.98
50647,Historical,607408,0,0,S,8,1,705753,59.99,2007,60,26.2,19.99
50648,Historical,2140862,0,0,S,6,1,328561,28,2007,10,29.99,103.99
50649,Historical,252865,0,0,S,2,1,5877211,0,2011,12,50.34,93.99
50650,Historical,615749,1,1,S,1,0,680193,61,2011,41,41.08,9.93
50651,Historical,876313,0,0,S,2,1,2908527,243.95,2011,16,193.98,153.52
50652,Historical,775917,0,0,S,4,1,969218,140,2006,23,4.86,88.23
50653,Historical,583357,0,0,S,3,1,340481,73,2011,30,36.65,62.29
50654,Historical,633083,0,0,S,2,1,2426739,53.95,2008,25,36.65,5.53
50655,Historical,55154,0,0,S,4,1,1836584,12.94,2005,33,64.28,12.94
50656,Historical,1781569,0,0,S,3,1,1177065,95,2011,13,58.24,38.82
50657,Historical,431067,0,0,S,4,1,2914076,117.5,2007,18,86.86,92
50658,Historical,750829,0,0,S,1,0,353099,39.95,2008,19,38.99,39.95
50659,Historical,750422,0,0,S,1,0,152630,103.95,2008,16,38.99,50.61
50660,Historical,909040,0,0,S,0,0,1017144,206.67,2008,22,69.99,125.83
50661,Historical,650497,1,1,S,2,1,3805289,162,2007,12,47.29,108.19
50662,Historical,531535,0,0,S,2,1,3493432,90,2009,10,58.24,40.99
50663,Historical,50727,0,0,S,8,1,216894,41.65,2006,118,64.62,27.61
50664,Historical,3048571,0,0,S,5,1,2446451,70,2002,13,33.08,72.67
50665,Historical,50726,0,0,S,8,1,1013354,35.99,2008,63,64.62,33.99
50666,Historical,566674,0,0,S,2,1,2524326,115,1993,23,53.97,47.09
50667,Historical,1651865,0,0,S,3,1,1143848,59.95,2008,19,69.57,59.93
50668,Historical,2698090,0,0,S,2,1,5068577,54.95,2002,16,69.57,22.76
50669,Historical,566113,0,0,S,3,1,1019397,78,2011,40,59.49,19.8
50670,Historical,621736,0,0,S,2,1,1731597,73.95,2007,56,59.49,25.55
50671,Historical,635632,0,0,S,2,1,853703,70,2012,15,53.36,190.5
50672,Historical,661485,0,0,S,4,1,1167855,65,2013,22,56.14,59.52
50673,Historical,2471057,0,0,S,4,1,7217549,47.95,1995,11,23.99,258.43
50674,Historical,802630,0,0,S,4,1,638884,69.99,2007,21,33.99,38.89
50675,Historical,287308,0,0,S,2,1,1451417,72.95,2011,27,57.99,24.99
50676,Historical,143240,0,0,S,3,1,960272,225,2009,56,53.99,76.82
50677,Historical,143239,1,1,S,3,1,684049,220,2009,57,53.99,68.14
50678,Historical,866321,0,0,S,3,1,905207,39,2014,28,27.14,45.13
50679,Historical,553582,0,0,S,2,1,170915,151,2011,43,38.92,81.25
50680,Historical,620709,0,0,S,6,1,1708414,49.95,2007,27,24.94,23.98
50681,Historical,250973,0,0,S,7,1,352453,49.95,2009,31,24.94,23.08
50682,Historical,545946,0,0,S,8,1,343433,65.95,2013,34,24.94,38.99
50683,Historical,55299,0,0,S,3,1,76074,145.4,2010,98,75.18,19.64
50684,Historical,2561325,0,0,S,3,1,1713517,190,1985,28,37.48,19.7
50685,Historical,2335596,0,0,S,2,1,1413890,97.26,1978,18,57.81,77.79
50686,Historical,741592,0,0,S,5,1,4004297,82.4,2008,48,39.98,10.98
50687,Historical,53694,0,0,S,5,1,1053509,130.47,2007,50,39.98,34.49
50688,Historical,623512,0,0,S,1,0,885291,107.4,2009,24,0,0
50689,Historical,51920,0,0,S,12,1,452078,184,2007,154,133.01,8.57
50690,Historical,561795,0,0,S,13,1,2590860,110.95,2002,12,161.92,109.17
50691,Historical,698923,0,0,S,5,1,399185,107.75,2010,17,85.99,42.99
50692,Historical,116564,0,0,S,3,1,584376,91,2005,27,93.75,80.07
50693,Historical,801551,0,0,S,2,1,1161986,128,2008,16,67.23,79.3
50694,Historical,391480,0,0,S,3,1,473775,41.95,2011,28,63.15,101.97
50695,Historical,869548,0,0,S,3,1,4016217,86.25,2009,12,66.74,61.37
50696,Historical,609442,0,0,S,4,1,878462,47.25,2001,28,53.98,22.46
50697,Historical,222281,1,1,S,1,0,163679,65,2010,37,0,32.99
50698,Historical,763791,0,0,S,5,1,1391107,64.95,1999,17,27.11,63.98
50699,Historical,623663,1,1,S,2,1,801383,291.95,2000,48,52.99,45.51
50700,Historical,535861,0,0,S,6,1,10244,130,2012,60,43.03,83.99
50701,Historical,200576,0,0,S,5,1,578157,140.95,2010,50,64.62,88.54
50702,Historical,799985,0,0,S,2,1,1744905,57.95,2004,15,47.24,25
50703,Historical,869837,0,0,S,2,1,6942451,49.95,2003,11,36.83,46.64
50704,Historical,592064,0,0,S,3,1,1323910,70,2008,20,36.83,31.98
50705,Historical,893642,0,0,S,3,1,1879952,19.6,1986,17,31.99,113.47
50706,Historical,54052,0,0,S,9,1,2554270,102.4,2006,40,120.39,9
50707,Historical,647331,0,0,S,2,1,181163,60,2010,13,50.11,105.29
50708,Historical,199606,0,0,S,1,0,104057,41.95,2005,93,31.63,17.98
50709,Historical,903406,0,0,S,5,1,6182087,56,1996,21,26.04,13.64
50710,Historical,868430,0,0,S,6,1,2227407,56,2000,22,26.04,8.81
50711,Historical,663189,0,0,S,0,0,621583,45,2013,29,12.84,15.99
50712,Historical,2545967,0,0,S,1,0,481094,50,2005,57,79.19,43.73
50713,Historical,623451,0,0,S,5,1,17196,39.95,2011,70,28.98,27.98
50714,Historical,111173,0,0,S,18,1,772733,41.99,2011,75,192.7,42.42
50715,Historical,531470,0,0,S,4,1,350549,64.95,2012,32,35.94,48.84
50716,Historical,631759,0,0,S,12,1,1052212,92.95,2006,18,28.96,23.99
50717,Historical,649237,0,0,S,7,1,788998,54.95,2004,18,23.61,43.97
50718,Historical,264887,0,0,S,31,1,397192,65.95,2002,26,33.99,44.95
50719,Historical,603035,0,0,S,1,0,847609,79,2004,29,40.79,45.93
50720,Historical,802693,0,0,S,4,1,2160922,49.99,2009,22,33.79,4.36
50721,Historical,858315,0,0,S,6,1,676120,49.99,2013,18,33.79,47.61
50722,Historical,637862,0,0,S,5,1,1179744,49.99,2011,43,33.79,13.88
50723,Historical,621342,0,0,S,2,1,98846,47.95,2010,49,25.69,95.05
50724,Historical,770075,0,0,S,0,0,523734,7.65,2001,25,56.74,5.14
50725,Historical,771442,0,0,S,0,0,652638,134.3,2005,43,21.33,33.99
50726,Historical,292127,0,0,S,0,0,1363832,160.3,2002,45,21.33,33.94
50727,Historical,531458,0,0,S,2,1,225737,30.95,2007,83,28.75,15.59
50728,Historical,248090,0,0,S,3,1,1166347,42,2009,28,31.46,30.54
50729,Historical,545789,0,0,S,4,1,238934,46,2012,63,31.46,31.99
50730,Historical,886685,0,0,S,2,1,1329216,64.87,2013,9,55.24,63.08
50731,Historical,120799,0,0,S,1,0,684869,78.07,2009,18,55.24,44.84
50732,Historical,285882,0,0,S,0,0,264508,48.6,2002,26,29.87,33.98
50733,Historical,876424,0,0,S,7,1,1951167,59.88,2009,32,102.12,39.69
50734,Historical,115496,0,0,S,2,1,483130,56,2002,89,63.69,8.92
50735,Historical,3031950,0,0,S,1,0,433211,64.95,2002,20,63.16,70.46
50736,Historical,135631,0,0,S,4,1,330027,64.95,2007,78,17,7.92
50737,Historical,205809,0,0,S,1,0,239242,40,2003,94,26.63,10.54
50738,Historical,228726,0,0,S,2,1,258995,41.75,2009,38,30.39,42.7
50739,Historical,759810,0,0,S,1,0,387836,85,2001,20,32.79,23.29
50740,Historical,922135,0,0,S,4,1,2212975,55.99,2004,45,49.49,7.97
50741,Historical,287597,0,0,S,5,1,946859,63.99,2008,48,49.49,23.51
50742,Historical,50733,0,0,S,8,1,347777,103.95,2003,37,70.53,54.87
50743,Historical,714253,0,0,S,3,1,1417286,61.35,2001,33,30.99,6.74
50744,Historical,2005944,0,0,S,4,1,179962,52.95,2010,14,0,45.38
50745,Historical,274790,0,0,S,2,1,160459,61.95,2006,40,60.44,177.22
50746,Historical,533957,1,1,S,4,1,54968,61.95,2002,96,123.89,39.61
50747,Historical,714127,0,0,S,3,1,1026193,68.4,2000,20,65.53,67.31
50748,Historical,230286,0,0,S,3,1,1657143,32.8,1996,10,48.92,2207.68
50749,Historical,531447,0,0,S,3,1,968688,76.95,2010,22,53.99,49.27
50750,Historical,336646,0,0,S,2,1,1975974,64.95,2005,19,53.99,44.26
50751,Historical,2675763,0,0,S,2,1,640102,17.95,1993,37,39.15,32.91
50752,Historical,3112473,0,0,S,1,0,1178253,80,2005,34,52.27,57.5
50753,Historical,158321,0,0,S,4,1,637358,69.95,2009,42,42.92,36.39
50754,Historical,793922,0,0,S,3,1,1005568,61.95,2004,32,42.92,7.45
50756,Historical,802303,1,1,S,2,1,597986,110.95,2006,33,118.99,95.24
50757,Historical,427374,0,0,S,13,1,142891,161.95,2011,52,76.99,46.47
50758,Historical,904437,0,0,S,2,1,1324583,35,2004,28,20.89,29.75
50759,Historical,616034,1,1,S,7,1,287020,53.95,2010,46,23.53,23.78
50760,Historical,629117,0,0,S,8,1,295201,69.95,2013,52,23.53,34.38
50761,Historical,293514,0,0,S,2,1,771317,84.95,2000,26,44.97,50.85
50762,Historical,3823081,1,2,S,2,1,5851574,39.95,2001,22,0,5.94
50763,Historical,534183,1,1,S,2,1,67535,116,2010,47,41.44,60.74
50764,Historical,269061,0,0,S,3,1,1299830,45,2007,39,25.99,11.5
50765,Historical,916636,0,0,S,1,0,1742612,82.95,1998,36,34.38,28.99
50766,Historical,879780,0,0,S,7,1,1319596,128.61,2011,31,100.74,127.13
50767,Historical,131948,0,0,S,1,0,572777,141,2007,59,0,0
50768,Historical,115820,0,0,S,6,1,3094380,85.8,2003,30,47.42,13.99
50769,Historical,537842,0,0,S,5,1,2824752,84,2000,24,47.42,38.71
50770,Historical,52965,1,1,S,9,1,32865,279.95,2009,82,83.98,67.28
50771,Historical,200387,0,0,S,3,1,1688767,102.95,2008,38,27.99,8.92
50772,Historical,200065,0,0,S,2,1,3758149,111.95,2004,26,27.99,7.88
50773,Historical,118092,0,0,S,7,1,145368,109,2006,35,47.42,23.98
50774,Historical,116088,0,0,S,10,1,2674827,104.2,2005,29,73.39,9.47
50775,Historical,50544,0,0,S,7,1,230944,108.4,2007,112,117.34,19.18
50776,Historical,132246,0,0,S,4,1,1289794,178.6,2007,40,23.1,32.02
50777,Historical,322645,0,0,S,3,1,3519681,101.33,2004,32,23.1,18.99
50778,Historical,539934,1,2,S,3,1,37841,44.95,2012,49,20.94,20.98
50779,Historical,53631,0,0,S,5,1,1709822,274.95,2008,55,111.92,9.07
50780,Historical,713779,0,0,S,2,1,5643756,60,1999,14,18.2,52.15
50781,Historical,178039,0,0,S,4,1,2699233,201.95,2004,42,79.69,49.99
50782,Historical,531432,0,0,S,4,1,30180,54.95,2012,29,33.93,25.97
50783,Historical,268224,0,0,S,3,1,341463,39.95,2008,31,33.93,12.18
50784,Historical,909361,0,0,S,2,1,2615729,35.95,2005,21,33.93,8.98
50785,Historical,556480,0,0,S,2,1,1004948,39.95,2010,69,20.94,1.32
50786,Historical,158140,0,0,S,1,0,112345,54.95,2007,36,62.31,42.17
50787,Historical,60243,0,0,S,4,1,2361112,236.95,2003,53,99.97,16.78
50788,Historical,598825,0,0,S,7,1,5214585,123,2003,13,88.33,22.49
50789,Historical,576684,0,0,S,2,1,1278475,160.95,2009,52,56.69,16.39
50790,Historical,592811,0,0,S,2,1,1250653,32.55,2010,27,87.1,23.68
50791,Historical,268807,0,0,S,2,1,1161169,85,2008,58,38.99,22.16
50792,Historical,193677,1,1,S,2,1,646942,139.95,2010,49,123.37,21.95
50793,Historical,868228,0,0,S,6,1,5131002,81.55,2000,13,18.31,93.97
50794,Historical,900802,0,0,S,2,1,1829298,44.99,2013,22,28.88,15.52
50795,Historical,468666,0,0,S,2,1,1714387,150,2008,39,25.01,8.99
50797,Historical,56622,0,0,S,6,1,1209335,213,2008,33,0,43.99
50798,Historical,592268,0,0,S,12,1,983136,39.99,2011,30,27.94,17.44
50799,Historical,738545,0,0,S,3,1,3206714,26,2011,19,174.87,15.99
50800,Historical,910482,0,0,S,4,1,2959921,137,2007,18,0,4.49
50801,Historical,143531,0,0,S,0,0,1235626,97,2011,34,69.29,115.33
50802,Historical,738266,0,0,S,3,1,1528712,52,2000,20,74.48,25.99
50804,Historical,53206,0,0,S,6,1,1264112,198.95,2004,43,143.99,17.89
50805,Historical,737293,1,1,S,4,1,1138032,75,2004,16,74.48,38.43
50806,Historical,555703,0,0,S,2,1,314768,49.95,2007,55,51.49,38.55
50807,Historical,618947,0,0,S,3,1,53459,65.95,2010,56,51.49,24.96
50808,Historical,539899,0,0,S,6,1,60731,69.95,2012,59,48.94,57.4
50809,Historical,628614,0,0,S,3,1,1297747,54.95,2006,34,61.94,44.39
50810,Historical,607274,1,1,S,4,1,499903,54.6,2003,48,44.72,40.48
50811,Historical,643089,0,0,S,2,1,1102525,54.95,2006,22,0,51.67
50812,Historical,607449,0,0,S,5,1,195993,66.4,2009,38,44.72,45.87
50813,Historical,200050,0,0,S,2,1,616958,157.95,2006,48,9.29,18.98
50814,Historical,51652,0,0,S,2,1,2529268,108.95,2005,58,101.1,8.07
50815,Historical,579669,0,0,S,3,1,1378783,49.95,2007,42,79.94,21.83
50816,Historical,212958,0,0,S,2,1,2709425,68.95,2001,15,59.98,71.51
50817,Historical,739173,0,0,S,11,1,5993818,60,2000,36,53.87,13.99
50818,Historical,155670,0,0,S,5,1,2103623,60,2007,12,44.9,35.48
50819,Historical,247903,0,0,S,0,0,699814,69,2009,37,48.3,9.96
50820,Historical,258552,0,0,S,0,0,15993,29.99,2001,69,110.48,18.13
50821,Historical,182656,0,0,S,2,1,513953,78.36,2003,17,0,0
50822,Historical,203833,0,0,S,4,1,3424758,59.95,2005,21,8.53,10.98
50823,Historical,203537,0,0,S,3,1,1220808,74.95,2005,40,33.74,12.48
50824,Historical,271073,0,0,S,3,1,41547,49.99,2011,43,32.92,26.4
50825,Historical,184628,0,0,S,4,1,4478376,226.95,2003,18,91.87,46.81
50826,Historical,637235,0,0,S,4,1,1224958,55.95,2007,16,28.99,27.98
50827,Historical,285392,0,0,S,7,1,346807,81.56,2009,24,89.07,347.16
50828,Historical,262664,0,0,S,5,1,1555689,36.95,2004,31,43.3,39.86
50829,Historical,872586,0,0,S,2,1,3328749,36.8,1999,39,41.7,4.99
50830,Historical,739479,0,0,S,2,1,4924277,90,2002,22,42.94,18.44
50831,Historical,792748,0,0,S,2,1,4601672,51.95,1998,22,52.62,22.91
50832,Historical,607554,0,0,S,2,1,392036,256.95,1992,54,55.81,45.73
50833,Historical,2253302,0,0,S,2,1,192034,58.16,2006,40,34.52,46.58
50834,Historical,53802,0,0,S,7,1,242421,21.84,2004,64,111.5,21.84
50835,Historical,56414,0,0,S,1,0,1455624,42.33,2000,37,53.5,12.64
50836,Historical,596042,0,0,S,5,1,249525,49.95,2008,36,48.77,39.98
50837,Historical,569741,0,0,S,1,0,1182143,117.95,2001,28,38.54,24.99
50838,Historical,914026,0,0,S,2,1,2195609,32.95,2005,26,39.23,17.94
50839,Historical,627468,1,1,S,3,1,358556,43.95,2009,27,39.23,58.94
50840,Historical,266243,0,0,S,6,1,620503,52.95,2009,47,48.77,47.93
50841,Historical,633764,0,0,S,8,1,15014,60.5,2013,72,23.72,43.97
50842,Historical,294047,0,0,S,2,1,465997,20.6,1999,92,45.93,9.2
50843,Historical,870454,1,1,S,2,1,343783,28.88,1998,49,45.93,17.62
50844,Historical,386430,0,0,S,2,1,283759,102,2008,35,53.73,35.55
50845,Historical,2609653,1,1,S,2,1,2702139,52,2002,31,48.37,4.79
50846,Historical,622607,1,3,S,0,0,497330,70,2012,61,0,0
50847,Historical,617687,1,1,S,1,0,98432,109.6,2004,60,26.23,43.41
50848,Historical,714718,0,0,S,1,0,748443,70.8,2002,34,41.97,44.89
50849,Historical,2869749,0,0,S,2,1,2386312,63.93,1991,19,8.81,56.97
50850,Historical,1739365,0,0,S,15,1,1012743,31.95,2010,14,0,60
50851,Historical,699869,0,0,S,3,1,1451749,39.95,2001,41,22.37,17.89
50852,Historical,248889,0,0,S,3,1,1114545,44.95,2007,84,14.99,7.94
50853,Historical,531400,0,0,S,3,1,916988,40.95,2008,74,26.74,7.98
50854,Historical,761680,0,0,S,0,0,449838,165,2000,17,44.89,78.82
50855,Historical,3152326,0,0,S,2,1,4668275,105,2004,19,46.66,52.83
50856,Historical,1683192,0,0,S,2,1,1956256,149.99,2006,28,34.64,73.13
50857,Historical,126763,0,0,S,3,1,1481004,34.95,2005,66,17.4,5.07
50858,Historical,2313476,0,0,S,0,0,4819729,25.95,1978,17,23.18,43.24
50859,Historical,617989,0,0,S,3,1,91686,39.1,2007,31,0,0
50860,Historical,492068,1,1,S,1,0,758682,59.95,2011,66,38.96,16.36
50861,Historical,878887,0,0,S,2,1,1947385,109.33,2009,14,53.99,99.99
50862,Historical,704688,0,0,S,4,1,1182081,14.01,2005,42,12.68,19.49
50863,Historical,607373,0,0,S,6,1,2137043,103.2,2005,28,122.8,7.59
50864,Historical,705351,0,0,S,4,1,758426,42.07,2004,24,12.68,68.44
50865,Historical,632037,1,1,S,0,0,2967,116.75,2013,133,86.5,69.97
50866,Historical,51828,0,0,S,12,1,1999167,6.99,2006,70,129.22,6.99
50867,Historical,53890,0,0,S,13,1,27829,270.95,2010,89,105.05,67.23
50868,Historical,132073,0,0,S,5,1,245811,149.6,2005,51,54.93,43.98
50869,Historical,116664,0,0,S,6,1,1761123,60.15,2003,45,41.34,11.27
50870,Historical,537812,0,0,S,3,1,2222007,45.33,2000,22,19.99,21.99
50871,Historical,724787,0,0,S,2,1,2509493,89.95,2005,28,19.78,44.83
50872,Historical,1447444,0,0,S,10,1,91918,128.5,2011,34,0,83.68
50873,Historical,372881,0,0,S,4,1,228636,59,2011,40,14.3,43.84
50874,Historical,295637,0,0,S,2,1,1268667,17.95,2003,51,17.58,9.34
50875,Historical,591748,0,0,S,5,1,293531,43.95,2009,67,49.85,12.98
50876,Historical,528897,0,0,S,6,1,33310,51.99,2012,70,49.85,16.97
50877,Historical,220153,0,0,S,4,1,1064870,23.95,2006,55,49.85,4.77
50878,Historical,247680,0,0,S,2,1,1569743,36.95,2005,50,15.98,4.9
50879,Historical,54326,1,2,S,5,1,105072,117.95,2002,28,87.99,32.99
50880,Historical,576605,0,0,S,2,1,484147,66.95,2005,35,48.99,49.03
50881,Historical,213011,0,0,S,2,1,557846,48.95,2013,31,17.02,42.49
50882,Historical,162942,0,0,S,6,1,259084,106.95,2010,32,32.39,49.65
50883,Historical,165715,0,0,S,5,1,643522,129.95,2005,31,32.39,49.19
50884,Historical,629139,0,0,S,1,0,14101,39.95,2012,36,0,0
50885,Historical,909362,0,0,S,2,1,737406,66.95,2002,31,29.03,11.53
50886,Historical,224501,0,0,S,2,1,1223798,66.95,2002,23,29.03,8.93
50887,Historical,531381,0,0,S,3,1,620415,87,2009,21,48.72,15.99
50888,Historical,224504,0,0,S,2,1,3230343,71.95,2002,29,48.72,13.94
50889,Historical,606785,0,0,S,19,1,1367747,74.95,2008,47,41.39,10.98
50890,Historical,106784,0,0,S,20,1,345764,78,2010,36,41.39,43.47
50891,Historical,531376,0,0,S,21,1,488017,82,2012,35,41.39,40.86
50892,Historical,106338,0,0,S,2,1,2367147,77,2006,25,15.94,49.55
50893,Historical,531369,0,0,S,52,1,317706,79,2012,67,67.63,28.89
50894,Historical,531365,1,1,S,10,1,670024,200,2011,27,113.98,103.94
50895,Historical,2663033,0,0,S,4,1,3111273,109.95,1998,22,103.92,107.24
50896,Historical,872085,0,0,S,2,1,5448529,78,1998,18,26.9,8.95
50897,Historical,716112,0,0,S,6,1,946545,133.36,2012,10,73.97,70.97
50898,Historical,132038,0,0,S,4,1,1623981,118,2004,15,73.97,403.99
50899,Historical,60251,0,0,S,3,1,2062140,103,2002,31,26.9,20.32
50900,Historical,531359,0,0,S,8,1,65604,172,2010,24,83.76,153.94
50901,Historical,248240,0,0,S,3,1,252727,115,2011,29,92.15,139.37
50902,Historical,248030,0,0,S,2,1,509748,113,2008,51,92.15,19.89
50903,Historical,616355,0,0,S,3,1,1503887,56.95,2005,34,9.99,4.45
50904,Historical,565092,0,0,S,3,1,98022,54.95,2009,20,32.72,48.71
50905,Historical,857345,0,0,S,10,1,754064,0,2009,10,5.67,68.99
50906,Historical,789272,0,0,S,3,1,3264802,51.5,2003,29,41.14,5.25
50907,Historical,2815771,0,0,S,3,1,227560,71.6,1993,17,68.91,26.97
50908,Historical,232042,0,0,S,1,0,120411,76,2006,36,0,61.04
50909,Historical,619381,0,0,S,2,1,365847,41.95,2008,66,32.33,136.33
50910,Historical,175870,0,0,S,2,1,1414512,89,2006,17,66.42,23.79
50911,Historical,161924,1,1,S,1,0,207921,45,2007,28,0,0
50912,Historical,131497,0,0,S,2,1,2031726,74.6,2002,26,38.98,6.14
50913,Historical,132160,0,0,S,3,1,1048173,72.6,2008,30,38.98,23.94
50914,Historical,872571,0,0,S,7,1,3074485,114,2003,34,115.04,10.53
50915,Historical,53395,0,0,S,5,1,295114,302.95,2008,37,147.94,11.98
50916,Historical,634215,0,0,S,0,0,437497,124,2007,26,131.03,73
50917,Historical,199299,0,0,S,1,0,220974,36.95,2004,64,37.96,10.81
50918,Historical,256812,0,0,S,2,1,138390,68.95,2006,29,32.98,36.86
50919,Historical,622766,0,0,S,2,1,576089,75.95,2005,36,34.38,22.92
50920,Historical,566615,0,0,S,2,1,524265,50,2004,38,23.44,23.94
50921,Historical,177217,0,0,S,3,1,508549,194.95,2004,38,133.94,90.57
50922,Historical,607644,0,0,S,2,1,864486,106.2,2001,46,88.68,8.89
50923,Historical,145129,1,1,S,3,1,291101,128.2,2005,44,88.68,27.37
50924,Historical,613886,0,0,S,0,0,1386675,70,1998,76,25.21,8.13
50925,Historical,615651,0,0,S,2,1,52517,65,2002,70,33.97,18.43
50926,Historical,106621,0,0,S,1,0,1119970,55,2007,22,10.51,31.58
50927,Historical,607381,0,0,S,3,1,2181627,78.67,2007,37,89.79,5.87
50928,Historical,614600,0,0,S,2,1,177336,74.99,2003,126,27.53,17.57
50929,Historical,118628,0,0,S,11,1,1028534,200,2009,41,123.98,43.96
50930,Historical,620495,0,0,S,0,0,540729,127.33,2001,38,28.97,56.83
50931,Historical,144837,0,0,S,2,1,236568,171.6,2004,34,65.78,76.06
50932,Historical,560886,0,0,S,4,1,2129462,131.2,2004,22,137.41,71.88
50933,Historical,159570,0,0,S,20,1,1550090,93.95,2006,18,56.27,53.99
50934,Historical,578978,1,1,S,5,1,27543,49.95,2013,125,35.96,11.97
50935,Historical,871110,0,0,S,2,1,1235935,45.95,2005,78,22.54,13.98
50936,Historical,761635,0,0,S,0,0,851985,70,2005,34,22.03,33.17
50937,Historical,859665,0,0,S,2,1,438526,70,2008,29,22.03,45.99
50938,Historical,2933988,0,0,S,0,0,67411,19.99,2004,9,33.46,71.54
50939,Historical,609597,0,0,S,2,1,1929114,111.95,2008,36,8.91,22.89
50940,Historical,58049,0,0,S,9,1,1028735,0,2003,16,121.66,120.01
50941,Historical,835720,0,0,S,2,1,9554314,183.95,2000,14,43.94,16.19
50942,Historical,836172,1,1,S,3,1,2071369,229.95,2004,31,43.94,10.41
50943,Historical,60253,0,0,S,4,1,1530463,91.95,2002,25,116.99,16.98
50944,Historical,737700,0,0,S,3,1,3876891,39,2008,16,0,32.48
50945,Historical,922396,0,0,S,0,0,119999,37.5,1993,94,45.22,13.17
50946,Historical,743101,0,0,S,2,1,2999960,92,1998,32,57.94,9.48
50947,Historical,200251,1,1,S,1,0,810739,87.95,2007,60,46.39,17.94
50948,Historical,694629,0,0,S,0,0,1401476,79.55,2004,25,28.93,10.74
50949,Historical,694632,0,0,S,0,0,1345699,79.55,2004,43,28.93,23.94
50950,Historical,197062,0,0,S,0,0,525600,22.95,2005,30,105.47,10.99
50951,Historical,247966,0,0,S,2,1,383741,90,2008,28,57.75,46.4
50952,Historical,2256840,0,0,S,5,1,2173208,503.96,2006,17,66.75,120.49
50953,Historical,55380,0,0,S,5,1,44094,141.27,2006,45,66.75,54.25
50954,Historical,1591968,0,0,S,0,0,557495,64.99,2007,27,32.59,29
50955,Historical,261301,0,0,S,1,0,738837,41,1999,69,32.64,13.96
50956,Historical,574667,1,1,S,0,0,600622,209,2011,51,69.74,105.13
50957,Historical,57050,0,0,S,3,1,1231282,68.95,2003,82,73.99,7.99
50958,Historical,245027,0,0,S,2,1,903385,124.95,2003,37,5.73,26.99
50959,Historical,253863,0,0,S,4,1,1410651,223.95,2010,15,43.33,179.95
50960,Historical,3058814,0,0,S,2,1,327737,117.95,1998,19,9.35,60.65
50961,Historical,202407,1,2,S,2,1,86589,124.95,2005,14,37.26,78.99
50962,Historical,126476,0,0,S,0,0,1231643,39.95,2005,78,30.28,5.44
50963,Historical,56748,0,0,S,2,1,1285258,72.95,2005,106,65.38,9.97
50964,Historical,56750,1,2,S,3,1,246277,86.95,2011,107,65.38,30.99
50965,Historical,613888,0,0,S,2,1,1080995,94.95,2003,40,83.99,18.99
50966,Historical,540949,0,0,S,10,1,444604,78.95,2012,67,17.09,32.97
50967,Historical,2261775,0,0,S,2,1,2696481,64.32,2011,54,60.45,22.03
50968,Historical,253981,0,0,S,2,1,271736,75.95,2010,131,60.45,17.95
50969,Historical,561683,0,0,S,9,1,1137681,68.95,2007,41,17.09,23.14
50970,Historical,2258607,0,0,S,2,1,224240,59.41,2011,39,0,22.8
50971,Historical,916302,0,0,S,3,1,2372748,37.55,2005,58,29.54,24.39
50972,Historical,874007,0,0,S,2,1,1885839,27.28,2005,30,26.03,27.28
50973,Historical,531295,0,0,S,9,1,478565,127,2010,27,127.91,70.9
50974,Historical,630012,0,0,S,1,0,598698,269.25,2010,48,149.24,53.98
50975,Historical,744274,0,0,S,1,0,945526,119.95,2001,24,8.67,61.87
50976,Historical,887872,0,0,S,3,1,6392448,57.95,2002,15,44.95,80.83
50977,Historical,257616,0,0,S,3,1,1650500,57.95,2006,17,0,73.53
50978,Historical,164548,0,0,S,2,1,2357356,199,2003,17,63.78,103.69
50979,Historical,156206,0,0,S,2,1,3051864,139.95,2003,14,92,100.59
50980,Historical,167182,0,0,S,3,1,641442,124.9,2008,34,21.82,47.51
50981,Historical,164781,0,0,S,2,1,1040602,23.99,2002,47,48.87,13.98
50982,Historical,879659,0,0,S,7,1,563973,174.95,2008,55,135.41,43.87
50983,Historical,539600,0,0,S,4,1,54761,77.6,2009,48,61.26,59.63
50984,Historical,607322,0,0,S,3,1,680164,49,2005,24,61.26,9.99
50985,Historical,865311,0,0,S,3,1,332557,40,2000,16,16.58,75.05
50986,Historical,250581,0,0,S,2,1,753373,135.95,2008,24,118.72,43.99
50987,Historical,534088,0,0,S,3,1,1645485,99,1993,22,85.19,7.41
50988,Historical,119619,0,0,S,2,1,1603854,204,1998,15,45.89,71.13
50989,Historical,2570499,0,0,S,2,1,1516653,110.17,1963,13,55.23,72.65
50990,Historical,56394,0,0,S,6,1,40522,115,2007,57,65.62,113.98
50991,Historical,2191325,0,0,S,0,0,1138987,59.99,2012,18,63.59,48.51
50992,Historical,135551,0,0,S,0,0,693600,75.95,2000,27,54.27,71.83
50993,Historical,617188,0,0,S,2,1,338527,154.4,2003,62,73.34,42.01
50994,Historical,858878,0,0,S,2,1,1624602,82.95,2001,33,41.02,33.97
50995,Historical,248107,0,0,S,2,1,818246,69,2010,57,43.99,18.8
50996,Historical,167084,0,0,S,2,1,502914,45,2006,63,24.32,12.38
50997,Historical,793365,1,1,S,2,1,2475045,95,1999,21,37.32,22.99
50998,Historical,145506,0,0,S,1,0,236528,45,2006,44,24.21,13.48
50999,Historical,868354,0,0,S,1,0,384988,49.95,2005,78,17.96,11.99
51000,Historical,918880,0,0,S,2,1,2454212,40.95,2003,36,96.92,5.98
51001,Historical,613015,0,0,S,2,1,73062,212.3,2001,122,26.95,20.93
51002,Historical,2904599,0,0,S,2,1,495522,49.95,1999,19,21.01,141
51003,Historical,531264,1,1,S,8,1,30166,201.95,2012,80,71.99,101.67
51004,Historical,255642,0,0,S,4,1,1018694,64.95,2006,33,61.46,58.75
51005,Historical,2562776,0,0,S,4,1,7611845,39.95,1994,25,19.11,20.58
51006,Historical,248072,0,0,S,0,0,965065,49,2010,18,43.2,40.26
51007,Historical,613936,1,3,S,3,1,566141,46.95,2004,88,33.99,13.89
51008,Historical,54284,0,0,S,6,1,605023,13.23,2004,240,108.96,7.29
51009,Historical,248299,0,0,S,9,1,4440320,190.95,2004,28,57.17,7.89
51010,Historical,592236,0,0,S,10,1,254873,169.95,2007,31,57.17,22.92
51011,Historical,51044,0,0,S,5,1,3287615,104.2,2000,34,82.21,10.99
51012,Historical,189181,0,0,S,0,0,51135,125,1998,31,0,50.97
51013,Historical,915825,0,0,S,9,1,1037072,73.59,2004,35,44.34,73.59
51014,Historical,53627,0,0,S,3,1,329532,115.33,2003,151,118.87,21.28
51015,Historical,629970,0,0,S,2,1,1085823,49.99,2011,33,30.88,15.93
51016,Historical,630029,1,1,S,2,1,1040522,253.4,2010,22,143.9,179.99
51017,Historical,698583,0,0,S,5,1,4979616,88,2005,18,80.65,118.71
51018,Historical,247869,0,0,S,3,1,362589,100,2007,40,46.66,27.07
51019,Historical,909236,0,0,S,3,1,206621,100,2007,36,46.66,2.44
51020,Historical,131333,0,0,S,4,1,1972087,111.4,2002,24,83,72.33
51021,Historical,712420,0,0,S,3,1,1578338,78.7,2003,42,107.23,13.97
51022,Historical,286008,1,1,S,5,1,1205064,151.93,2010,26,107.23,120.96
51023,Historical,522973,0,0,S,3,1,1079470,99.99,2012,36,65.27,33.29
51024,Historical,531240,0,0,S,3,1,182806,44.95,2011,29,32.51,44.94
51025,Historical,243354,0,0,S,1,0,2027943,44.95,2005,17,21.38,83.66
51026,Historical,2854954,0,0,S,6,1,8516784,267.95,1999,11,67.53,176.06
51027,Historical,2663252,0,0,S,8,1,2393714,43.95,1995,21,0,29.99
51028,Historical,873598,0,0,S,2,1,5350925,38.95,1994,41,25.56,27.9
51029,Historical,268428,0,0,S,1,0,368657,46,2006,149,27.99,5.49
51030,Historical,3084093,0,0,S,2,1,4639034,149.99,2000,7,88.98,123.33
51031,Historical,643459,0,0,S,6,1,2177066,94.95,2009,30,41.7,12.98
51032,Historical,904677,0,0,S,5,1,4114445,99.95,2004,17,41.7,50.85
51033,Historical,1562709,0,0,S,2,1,2473541,339,2006,15,221.4,74.5
51034,Historical,622070,0,0,S,3,1,893095,79.95,2003,37,111.35,40.78
51035,Historical,2663909,0,0,S,3,1,12724859,300,1996,11,45,87.69
51036,Historical,147678,1,1,S,4,1,48295,72.95,2011,41,32.11,46.42
51037,Historical,147066,0,0,S,3,1,1455753,355,2004,16,137.85,89.54
51038,Historical,135616,1,1,S,1,0,712295,46.95,2007,34,43.98,33.94
51039,Historical,1866807,0,0,S,0,0,334307,56,2013,25,23.72,63.98
51040,Historical,635816,0,0,S,9,1,1040022,43.99,2011,44,91.95,8.94
51041,Historical,105599,0,0,S,3,1,428744,69.95,2000,31,21.48,29.99
51042,Historical,127162,0,0,S,5,1,249355,35.95,2008,58,27.61,8.76
51043,Historical,223835,1,1,S,4,1,1125397,89.95,2001,19,44,17.89
51044,Historical,868459,0,0,S,3,1,527059,50,2005,20,23.68,48.97
51045,Historical,248057,0,0,S,4,1,370383,66,2011,72,42.79,23.98
51046,Historical,870601,0,0,S,3,1,318706,61.95,2005,47,42.79,41.16
51047,Historical,531211,0,0,S,3,1,1155943,59.95,2007,21,21.63,37.72
51048,Historical,2376965,0,0,S,3,1,3906625,75,1993,23,19.04,72.61
51049,Historical,56432,0,0,S,7,1,1855993,48.95,2005,28,39.96,7.66
51050,Historical,765525,0,0,S,7,1,2006182,47.95,2004,13,39.96,12.65
51051,Historical,531205,0,0,S,4,1,784882,188.95,2008,24,149.98,133.98
51052,Historical,248877,0,0,S,5,1,222450,49.95,2007,30,42.08,53.49
51053,Historical,878722,0,0,S,2,1,1294094,149.28,2002,13,96.78,99.46
51054,Historical,60270,0,0,S,3,1,1070839,138.2,2003,37,162.16,44.98
51055,Historical,166831,0,0,S,2,1,616512,52.98,2005,31,25.97,52.93
51056,Historical,199610,0,0,S,1,0,1436263,37.95,2004,42,26.34,7.73
51057,Historical,247747,0,0,S,2,1,635103,36.95,2006,124,22.3,6.85
51058,Historical,247908,0,0,S,2,1,507095,38.95,2007,36,27.13,10.98
51059,Historical,174047,0,0,S,2,1,338299,81,1997,22,50.11,54.54
51060,Historical,917885,0,0,S,0,0,698629,27,2007,33,23.24,12.49
51061,Historical,875497,0,0,S,4,1,669901,0,2008,19,109.96,25.5
51062,Historical,162690,0,0,S,1,0,110864,75,2010,36,53.42,34.99
51063,Historical,788034,0,0,S,4,1,2933613,256.95,1999,23,36.27,31.22
51064,Historical,109663,0,0,S,7,1,207218,69.98,2007,25,142.04,55.94
51065,Historical,607222,0,0,S,6,1,783328,118.6,2001,30,114.1,33.99
51066,Historical,112878,0,0,S,2,1,1010880,80.95,2004,48,45.9,9.99
51067,Historical,598521,0,0,S,3,1,1257028,49.95,2005,42,27.34,6.91
51068,Historical,177582,0,0,S,5,1,2591011,117.95,2003,35,103.98,10.26
51069,Historical,60273,0,0,S,6,1,1636098,259.95,2006,34,103.98,44.13
51070,Historical,639790,0,0,S,1,0,256040,49.99,2012,30,0,0
51071,Historical,628561,0,0,S,0,0,313464,64.95,2010,18,41.96,29.95
51072,Historical,147648,0,0,S,1,0,583794,71.95,2009,60,33.97,39.58
51073,Historical,106275,0,0,S,1,0,1189511,120,2005,27,44.61,96.14
51074,Historical,667557,0,0,S,3,1,1876174,168.13,2006,20,143.94,108.52
51075,Historical,703708,0,0,S,2,1,937012,0,2001,16,143.94,100.09
51076,Historical,281199,0,0,S,3,1,1777191,129,2007,15,90.29,111.59
51077,Historical,323666,0,0,S,2,1,1086214,43.95,2008,87,42.37,18.39
51078,Historical,174240,0,0,S,1,0,1104765,120,1998,27,55.98,63.62
51079,Historical,2179041,0,0,S,2,1,5635844,139,2008,11,131.06,123.35
51080,Historical,157615,0,0,S,2,1,1586720,68.95,2012,21,63.49,36.59
51081,Historical,55372,0,0,S,2,1,2772807,65.95,2003,52,78.93,24.24
51082,Historical,131490,0,0,S,5,1,3829084,62,2001,30,92.57,19.88
51083,Historical,291350,0,0,S,1,0,493826,82,2009,38,48.29,29.98
51084,Historical,287740,0,0,S,2,1,4119098,43.95,2001,21,20.3,10.98
51085,Historical,915044,0,0,S,3,1,1660085,56.95,2006,24,20.3,22.78
51086,Historical,625358,0,0,S,4,1,749324,51.95,2007,28,38.21,30
51087,Historical,558403,1,1,S,5,1,125018,52.95,2009,69,40.64,32.49
51088,Historical,558392,0,0,S,4,1,200137,59.95,2004,70,40.64,18.91
51089,Historical,560370,1,1,S,2,1,2293578,209,2009,16,154.45,29.46
51090,Historical,621133,0,0,S,3,1,676938,69.95,2010,20,54.58,29.99
51091,Historical,2722731,0,0,S,2,1,3197546,77,2004,20,36.65,53.03
51092,Historical,601955,0,0,S,1,0,680852,60.95,2008,16,20.56,128.99
51093,Historical,566849,0,0,S,1,0,245565,79.95,2006,42,43.41,32.75
51094,Historical,133481,0,0,S,1,0,460257,64.8,2011,26,56.9,37.61
51095,Historical,2043040,0,0,S,1,0,1346362,16.94,2007,15,42.52,19.99
51096,Historical,613063,0,0,S,1,0,1063573,65.95,2003,125,25.99,13.5
51097,Historical,117834,0,0,S,2,1,2198388,81,2005,44,21.99,6.94
51098,Historical,54750,0,0,S,1,0,344350,192.95,2005,77,199.31,24.79
51099,Historical,50708,0,0,S,0,0,1573921,200.95,2009,75,102.87,8.99
51100,Historical,1604604,1,3,S,1,0,2073921,15.45,2012,12,130.17,20.98
51101,Historical,756093,0,0,S,2,1,2550384,4.99,2011,14,62.99,16.89
51102,Historical,497849,0,0,S,5,1,492352,63.27,2009,37,81.2,63.98
51103,Historical,533997,0,0,S,2,1,205111,59.95,2009,36,43.86,52.3
51104,Historical,54870,0,0,S,3,1,1340886,107.95,2009,16,51.22,92.87
51105,Historical,272485,0,0,S,3,1,1064520,182,2009,38,51.22,101.26
51106,Historical,51945,0,0,S,6,1,697705,127.95,2006,129,38.38,8.23
51107,Historical,183237,0,0,S,6,1,949705,127.95,2006,108,11.36,12.15
51108,Historical,183247,0,0,S,3,1,732367,138.95,2006,49,17.97,17.96
51109,Historical,608746,0,0,S,2,1,2343615,116.95,2001,52,17.97,8.4
51110,Historical,536806,0,0,S,2,1,353820,177.93,2012,22,93.66,158.98
51111,Historical,655062,1,2,S,2,1,749802,178.27,2013,19,83.99,121.8
51112,Historical,741100,0,0,S,4,1,6719256,96.8,2006,41,133.74,65.55
51113,Historical,607934,0,0,S,4,1,3584741,93.8,2006,38,133.74,28.91
51114,Historical,103958,0,0,S,6,1,2419130,70.75,1998,42,39.87,4
51115,Historical,107787,0,0,S,7,1,666586,53.88,2004,45,39.87,44.03
51116,Historical,2427729,0,0,S,3,1,906172,104,1993,42,26.93,42.34
51117,Historical,607621,0,0,S,4,1,290395,116,1998,32,26.93,62.91
51118,Historical,52168,1,1,S,5,1,115682,23.95,2002,66,112.8,23.86
51119,Historical,108429,0,0,S,6,1,199692,188.25,2006,63,112.8,59.97
51120,Historical,183081,0,0,S,1,0,215462,28.91,2004,31,20.74,28.91
51121,Historical,658594,0,0,S,2,1,2842968,43.94,2001,17,66.21,43.94
51122,Historical,612885,0,0,S,4,1,432374,37.95,2003,218,15.88,5.84
51123,Historical,211026,0,0,S,4,1,174151,52.95,2010,65,38.59,18.53
51124,Historical,615032,0,0,S,3,1,180642,46.95,2006,63,38.59,13.98
51125,Historical,627476,0,0,S,4,1,1305971,329.99,2009,19,181.78,29.49
51126,Historical,210928,0,0,S,4,1,1657044,42.95,2005,69,25,6.82
51127,Historical,540461,0,0,S,4,1,1167720,190,2009,39,78.5,23.99
51128,Historical,143277,0,0,S,4,1,956225,141,2009,37,78.5,6.59
51129,Historical,776034,1,1,S,5,1,1033278,135,2007,30,36.61,28.99
51130,Historical,775789,0,0,S,0,0,1158518,135,2004,22,28.65,55.03
51131,Historical,864055,0,0,S,2,1,1348301,49.95,2011,40,6.41,13.24
51132,Historical,775602,0,0,S,4,1,2652054,117,2003,19,36.61,50.19
51133,Historical,1948065,0,0,S,3,1,1712170,49.95,2011,23,40.69,44.9
51134,Historical,582324,0,0,S,2,1,2987015,80,2005,23,33.92,38.98
51135,Historical,177540,0,0,S,3,1,356321,104.95,2001,63,20.91,48.99
51136,Historical,609587,1,1,S,7,1,488675,70.95,2008,46,25.54,63.61
51137,Historical,247813,0,0,S,2,1,2668366,57.95,2006,53,33.99,5.49
51138,Historical,607181,0,0,S,2,1,1512281,33.4,2003,43,28.46,9.99
51139,Historical,247923,0,0,S,3,1,189555,68,2008,41,42,21.98
51140,Historical,60280,0,0,S,7,1,2244181,127.6,2004,41,93.98,10.98
51141,Historical,301033,0,0,S,1,0,1275637,0,2007,21,25.01,44.58
51142,Historical,652032,0,0,S,4,1,1483156,109.95,2005,39,76.02,90.37
51143,Historical,608710,0,0,S,4,1,1514137,44.95,2001,67,17.55,11.99
51144,Historical,255771,0,0,S,2,1,839949,49.95,2005,28,44.5,23.99
51145,Historical,126044,0,0,S,2,1,2117004,38.95,2001,29,23.91,29.69
51146,Historical,279149,0,0,S,2,1,566140,63,2006,34,28.99,43.03
51147,Historical,149438,0,0,S,2,1,736928,40,2010,18,29.29,31.31
51148,Historical,621506,0,0,S,1,0,948867,71,1997,26,29.77,37.99
51149,Historical,870392,1,1,S,3,1,2260978,94.95,2005,18,7.59,23.98
51150,Historical,169822,0,0,S,4,1,1920094,89.95,2008,34,7.59,12.94
51151,Historical,631747,0,0,S,2,1,129695,37,2007,23,30.44,31.99
51152,Historical,2251804,0,0,S,4,1,3553640,48.42,2008,18,35.99,85.43
51153,Historical,607577,1,1,S,3,1,520360,49.95,2002,37,35.99,10.74
51154,Historical,607600,1,1,S,4,1,102527,66.95,2009,34,35.99,67.17
51155,Historical,615845,0,0,S,2,1,916052,11.94,2002,30,72.44,8.82
51156,Historical,763515,0,0,S,5,1,3970008,64.95,1999,27,43.98,17.99
51157,Historical,291621,0,0,S,6,1,633311,96.95,2003,51,43.98,33.79
51158,Historical,2722678,0,0,S,2,1,1067252,74,2003,18,30.92,87.43
51159,Historical,272478,0,0,S,2,1,1224841,95,2009,27,90.54,53.79
51160,Historical,621440,0,0,S,2,1,170178,95,2005,16,53.14,28.99
51161,Historical,904354,0,0,S,2,1,1358326,56,2011,34,40.41,53.73
51162,Historical,771481,1,1,S,1,0,644167,90.95,2007,32,0,52.98
51163,Historical,2852919,0,0,S,3,1,2636873,55,1996,20,43.57,72.39
51164,Historical,621112,0,0,S,3,1,1393395,120,2009,30,123.99,23.98
51165,Historical,1682705,0,0,S,3,1,2860993,95,2009,21,964.57,53.91
51166,Historical,132148,0,0,S,2,1,1253768,164.2,2006,53,4.51,23.98
51167,Historical,531214,0,0,S,6,1,982369,39.95,2008,22,36.85,13.94
51168,Historical,643410,0,0,S,3,1,1788956,162.95,2010,18,108.7,142.64
51169,Historical,270780,0,0,S,4,1,149282,49.99,2009,41,12.92,21.39
51170,Historical,622078,0,0,S,3,1,100237,59,2003,20,0,0
51171,Historical,633354,0,0,S,5,1,988400,88.95,2008,22,89.09,95.16
51172,Historical,870457,0,0,S,4,1,2015128,94.11,2007,50,33.81,48.61
51173,Historical,329796,0,0,S,3,1,698405,44.4,2005,70,33.81,15.54
51174,Historical,895242,0,0,S,2,1,1889161,44.95,2012,13,0,34.52
51175,Historical,557491,0,0,S,4,1,1273757,44.4,2008,45,33.81,37.98
51176,Historical,2397049,0,0,S,4,1,686619,85.95,1996,60,88.11,32.35
51177,Historical,165094,0,0,S,3,1,2336706,55,2000,27,17.23,44.99
51178,Historical,875689,0,0,S,2,1,1127694,157.29,2008,31,69.56,43.94
51179,Historical,269197,0,0,S,1,0,45772,35.99,2008,88,54.46,13.98
51180,Historical,1932500,0,0,S,1,0,696182,49.99,2013,34,21.97,8.85
51181,Historical,635691,1,4,S,1,0,170817,49.99,2012,100,21.94,24.41
51182,Historical,713424,0,0,S,10,1,1170632,71,2002,25,0,0
51183,Historical,225870,0,0,S,1,0,1114570,169.95,1997,14,167.99,44.96
51184,Historical,743579,0,0,S,4,1,4108532,59.95,2005,12,93.44,6.2
51185,Historical,628166,0,0,S,5,1,1493503,123.95,2009,13,93.44,18.99
51186,Historical,609715,0,0,S,14,1,3245718,79.95,2009,19,98.02,4.99
51187,Historical,267529,0,0,S,17,1,797730,59.95,2011,24,75.9,19.98
51188,Historical,666762,0,0,S,10,1,2153646,54.95,2012,19,61.43,31.99
51189,Historical,893855,0,0,S,4,1,1916430,46.95,2003,18,48,56.53
51190,Historical,177918,0,0,S,5,1,2156310,125.95,2003,30,102.06,4.58
51191,Historical,124081,0,0,S,4,1,2545158,114.95,2003,41,98.98,38.98
51192,Historical,2663298,0,0,S,4,1,4878078,45,1996,21,68.94,39.75
51193,Historical,620590,0,0,S,2,1,399656,113.95,2008,46,58.89,73.99
51194,Historical,3530571,0,0,S,4,1,4278467,83.95,2002,24,0,11.98
51195,Historical,428275,0,0,S,4,1,3416114,75.6,2001,22,66.79,7.98
51196,Historical,597951,0,0,S,2,1,1407187,36.95,2002,22,45.99,28.68
51197,Historical,159707,0,0,S,2,1,693958,73.95,2007,22,60.38,53.36
51198,Historical,192528,0,0,S,6,1,2739085,62.95,2004,36,53.98,19.49
51199,Historical,249223,0,0,S,7,1,502824,82.95,2008,22,9.65,18.39
51200,Historical,108382,0,0,S,6,1,2486340,17.92,2004,40,73.99,17.93
51201,Historical,268210,0,0,S,5,1,2322168,62.95,2007,47,31.82,10.79
51202,Historical,254045,0,0,S,6,1,636326,62.95,2010,42,31.82,19.14
51203,Historical,649262,0,0,S,1,0,904280,54.2,2003,32,16.24,39.99
51204,Historical,638631,0,0,S,7,1,2824955,245.99,2006,14,116.28,88.82
51205,Historical,217755,0,0,S,4,1,1163368,79.99,2003,26,71.52,69.93
51206,Historical,285599,0,0,S,11,1,2572934,46,2009,25,30.74,48.51
51207,Historical,183151,0,0,S,1,0,1008482,162.95,2006,59,23.86,43.98
51208,Historical,417279,0,0,S,2,1,2224376,323.44,2011,19,145.11,196.64
51209,Historical,626659,1,1,S,2,1,980021,198.07,2012,30,149.88,130.13
51210,Historical,914912,0,0,S,1,0,167122,72.28,1966,23,0,38.45
51211,Historical,536568,0,0,S,17,1,442762,197.2,2012,40,137.09,147.43
51212,Historical,3822080,1,1,S,3,1,2330584,79,2007,15,0,23.24
51213,Historical,2582473,0,0,S,0,0,490257,22.95,2003,20,18.08,17.12
51214,Historical,1492131,0,0,S,2,1,303816,59.99,2010,24,0,40.2
51215,Historical,2502713,0,0,S,0,0,223721,109,1996,38,114.16,28.91
51216,Historical,727807,0,0,S,1,0,744199,72,1997,28,163.88,71.58
51217,Historical,198462,0,0,S,5,1,1083978,137.95,2007,15,34.98,88
51219,Historical,60289,0,0,S,5,1,738131,165.95,2007,26,34.98,52.03
51220,Historical,2561809,0,0,S,2,1,3144269,96.95,1982,24,77.96,30.78
51221,Historical,1562796,0,0,S,3,1,3076308,49.95,2006,17,33.89,35.16
51222,Historical,58027,0,0,S,6,1,1736720,56.25,1999,29,95.99,48.93
51223,Historical,2435001,0,0,S,2,1,1286602,56.95,2004,28,47.48,72.41
51224,Historical,117208,0,0,S,4,1,2040684,100,2005,24,126.38,41.01
51225,Historical,58023,0,0,S,3,1,3069491,72,2002,43,96.93,18
51226,Historical,132018,0,0,S,3,1,610488,68.33,2005,20,35.54,4.99
51227,Historical,607739,0,0,S,4,1,198822,81.8,2008,36,35.54,10.95
51228,Historical,245093,0,0,S,3,1,2972503,158.95,2003,19,38.95,13.75
51229,Historical,610177,0,0,S,1,0,329797,67.95,2003,57,38.95,41.6
51230,Historical,60291,0,0,S,3,1,2048612,139.95,2004,48,141.36,9
51231,Historical,730471,0,0,S,2,1,1708870,45,1999,37,31.38,49.98
51232,Historical,568095,0,0,S,1,0,294534,49,2006,59,26.99,22.38
51233,Historical,602290,0,0,S,2,1,1557070,34.95,2000,58,27.54,6.55
51234,Historical,629456,0,0,S,10,1,2109892,53.99,2010,21,76.47,47.68
51235,Historical,183571,0,0,S,4,1,338983,194.95,2007,45,153.92,79.75
51236,Historical,183065,0,0,S,3,1,1669484,147.95,2004,21,144.87,93.9
51237,Historical,531073,0,0,S,2,1,1749632,79.95,2011,17,58.76,55.93
51238,Historical,61196,0,0,S,2,1,1434201,192.95,2005,40,31.94,13.99
51239,Historical,153918,0,0,S,2,1,1875531,15.95,2005,16,119.98,31.52
51240,Historical,613280,0,0,S,2,1,618660,107,2005,45,119.98,33.9
51241,Historical,1657579,0,0,S,2,1,10939444,66.77,2009,7,60.08,145.47
51242,Historical,552316,0,0,S,12,1,535547,53.98,2009,28,95.66,52.99
51244,Historical,272543,0,0,S,6,1,1425964,67,2010,42,17.86,41.58
51245,Historical,911185,0,0,S,4,1,2224735,0,2010,18,0,23.99
51246,Historical,627416,0,0,S,4,1,281804,42.75,2010,21,0,0
51247,Historical,636499,0,0,S,2,1,2051713,64,2007,25,21.94,70.2
51248,Historical,1539814,0,0,S,3,1,2439540,47.95,2007,18,12,47.95
51249,Historical,115986,1,2,S,3,1,191767,105.75,2004,39,0,0
51250,Historical,270994,0,0,S,5,1,33378,49.99,2010,35,0,26.45
51251,Historical,254564,0,0,S,6,1,10912,58.99,2011,84,29.59,43.84
51252,Historical,146968,0,0,S,2,1,1223673,46.95,2001,28,45.04,28.99
51253,Historical,625238,0,0,S,2,1,916004,119,2011,20,56.39,43.99
51254,Historical,569065,0,0,S,2,1,625891,110,2008,48,67.13,95.25
51255,Historical,164210,0,0,S,3,1,2390884,199.95,2000,20,45.6,63.31
51256,Historical,616823,0,0,S,5,1,1099772,85.25,2009,28,82.16,30.32
51257,Historical,830998,1,1,S,1,0,166047,67.95,2009,10,94.67,23.97
51260,Historical,862005,1,2,S,4,1,15759,69.95,2014,99,25.69,28.93
51261,Historical,647963,0,0,S,4,1,1473598,93.94,2008,18,59.48,60.55
51262,Historical,911129,0,0,S,3,1,896236,109.65,1984,32,29.39,75.71
51263,Historical,620966,0,0,S,3,1,709166,98.7,1990,44,27.38,45.73
51264,Historical,281252,0,0,S,4,1,3562174,59.95,2008,15,41.99,58.99
51265,Historical,1491977,0,0,S,4,1,1358327,93.33,2008,18,57.47,87.25
51266,Historical,602230,0,0,S,12,1,1893524,99.95,2009,12,101.99,234.85
51267,Historical,888230,0,0,S,11,1,1346997,95,2006,14,101.99,111.33
51268,Historical,281216,0,0,S,2,1,2107050,99,2007,22,71.47,53.11
51269,Historical,591638,0,0,S,0,0,347710,36.33,2007,45,38.75,34.56
51270,Historical,60294,0,0,S,4,1,846246,273.95,2007,21,189.59,206.72
51271,Historical,269344,0,0,S,3,1,1277509,49.95,2008,36,4.18,23.97
51273,Historical,868166,0,0,S,3,1,1263096,34.95,1993,32,58.76,27.9
51274,Historical,795781,0,0,S,12,1,1867221,68.95,2012,17,214.67,67.91
51275,Historical,861167,0,0,S,37,1,725162,23.99,2013,21,48.99,23.99
51276,Historical,576013,0,0,S,3,1,1824649,92.1,2011,23,15.51,53.97
51277,Historical,54282,0,0,S,4,1,2746126,0,2004,28,33.99,43.77
51278,Historical,53992,0,0,S,16,1,483181,201.25,2005,217,152.58,23.78
51279,Historical,1439144,0,0,S,9,1,1838330,68.99,2008,15,120.89,72.68
51280,Historical,110686,0,0,S,35,1,1772517,22.43,2009,30,48.99,20.43
51281,Historical,613663,0,0,S,1,0,429264,30.89,2005,47,133.81,9.95
51282,Historical,55357,0,0,S,9,1,704216,296.95,2008,48,162.86,47.49
51283,Historical,50630,0,0,S,9,1,4083708,392.95,2004,34,214.67,23.97
51284,Historical,109669,0,0,S,6,1,2042588,183.5,2005,38,71.98,15.94
51285,Historical,61187,0,0,S,3,1,508671,141.75,2002,35,13.99,43.24
51286,Historical,153948,0,0,S,6,1,899572,43.73,2006,13,82.4,47.35
51287,Historical,51346,0,0,S,5,1,1525354,136.25,2001,46,82.4,25.27
51288,Historical,110920,0,0,S,2,1,2865534,36.99,2006,26,69.34,28.99
51289,Historical,531021,0,0,S,9,1,345602,77.99,2013,29,38.96,53.99
51290,Historical,129300,0,0,S,8,1,2084754,74,2009,16,38.96,90.35
51291,Historical,434684,0,0,S,8,1,230919,173.33,2006,103,160.65,31.9
51292,Historical,50851,0,0,S,8,1,939150,180,2006,42,160.65,44.45
51293,Historical,57809,0,0,S,7,1,3171439,59,1997,23,30.77,28.99
51294,Historical,630248,0,0,S,4,1,3142505,99,2004,23,29.01,56.96
51295,Historical,54010,0,0,S,5,1,2459721,194,2006,58,27.22,7.42
51296,Historical,120780,0,0,S,2,1,2081062,257.6,2008,62,83.65,12.99
51297,Historical,537934,0,0,S,15,1,600751,233.33,2009,63,182.89,5.46
51298,Historical,551252,0,0,S,0,0,656356,152.5,2001,42,35.08,17.96
51299,Historical,531016,0,0,S,15,1,181128,170.67,2010,45,166.46,20.97
51300,Historical,145475,0,0,S,14,1,296104,180,2007,60,176.99,12
51301,Historical,531012,0,0,S,15,1,1123191,160,2009,46,176.99,79.68
51302,Historical,531003,0,0,S,3,1,1136359,67.95,2007,22,49.48,52.89
51303,Historical,157097,0,0,S,2,1,2200517,54.95,2003,13,49.48,47.01
51304,Historical,112078,0,0,S,20,1,1638564,52.61,2009,18,75.49,46.05
51306,Historical,638225,0,0,S,3,1,1135668,215,2012,32,82.99,150.81
51307,Historical,540459,0,0,S,2,1,2103451,176,2009,15,82.99,110.03
51308,Historical,363549,0,0,S,2,1,1217210,144,2009,22,41.76,46.24
51309,Historical,582933,0,0,S,1,0,431875,48.45,1994,117,33.89,33.94
51310,Historical,52746,0,0,S,8,1,1181668,113.2,2006,65,76.99,28.98
51311,Historical,116332,0,0,S,11,1,738623,187.13,2010,27,100.06,134.84
51312,Historical,451705,0,0,S,1,0,448973,208.95,2010,27,87.96,71.4
51313,Historical,285581,0,0,S,25,1,1960360,49.5,2010,30,44.66,28.99
51314,Historical,120802,0,0,S,8,1,1333173,175.27,2009,33,50.99,268.64
51315,Historical,51364,1,3,S,11,1,23594,173.8,2009,104,84.78,52.99
51316,Historical,52174,0,0,S,2,1,216080,106.67,2004,76,93.98,14.96
51317,Historical,51254,0,0,S,7,1,906058,5.66,2002,49,30.08,4.36
51318,Historical,633550,0,0,S,2,1,2826569,109,2000,25,56.24,44.43
51319,Historical,738209,0,0,S,2,1,1091320,44,1999,18,59.77,43.49
51320,Historical,142904,0,0,S,3,1,1759796,79,2003,18,59.77,43.94
51321,Historical,144894,0,0,S,1,0,780891,59.99,2004,51,23.96,10.91
51322,Historical,607650,0,0,S,2,1,440116,39.95,1997,100,34.21,18.89
51323,Historical,549559,0,0,S,1,0,1539683,54.95,2003,25,11.79,13.49
51324,Historical,130750,0,0,S,3,1,5256899,67,1995,19,58.98,32.1
51325,Historical,182916,0,0,S,9,1,1198020,184.95,2006,58,43.96,13.23
51326,Historical,651417,0,0,S,6,1,1076938,78.45,2009,21,22.91,99.13
51327,Historical,57016,0,0,S,4,1,1146265,229.95,2008,44,135.74,0
51328,Historical,198887,0,0,S,2,1,278381,77,1995,22,34.04,45.4
51329,Historical,1492031,0,0,S,3,1,2856171,120,2008,17,88.37,54.13
51330,Historical,254048,0,0,S,6,1,257643,66.95,2010,24,79.99,870.39
51331,Historical,2698987,0,0,S,2,1,1724186,88.95,1998,18,0,64.33
51332,Historical,3586012,0,0,S,3,1,1251550,65,2005,43,0,10.98
51333,Historical,114729,0,0,S,5,1,284550,102.67,2003,37,46.25,9.86
51334,Historical,115046,1,1,S,4,1,3504421,86,1999,35,46.25,19.45
51335,Historical,117293,0,0,S,3,1,1512552,42,2006,51,25.28,7.29
51336,Historical,2373023,0,0,S,2,1,1220378,49.35,2001,48,25.28,6.63
51337,Historical,613458,0,0,S,1,0,462765,192.95,2001,55,9.08,44.92
51338,Historical,665314,0,0,S,10,1,955581,164,2012,61,127.09,34.44
51339,Historical,616959,0,0,S,1,0,1317196,44.99,2007,47,32.71,13.58
51340,Historical,627992,1,1,S,1,0,165367,54.6,2001,33,63.98,34.94
51341,Historical,224361,0,0,S,6,1,877341,192.95,2000,26,59.87,49.41
51343,Historical,164896,0,0,S,2,1,1477495,160,1999,17,63.61,86.75
51344,Historical,665540,0,0,S,5,1,93712,41,2010,45,42.99,39.99
51345,Historical,142871,0,0,S,3,1,1640067,29,2003,21,42.99,25.67
51346,Historical,268804,0,0,S,4,1,275406,100,2008,26,58.98,6.53
51347,Historical,878076,0,0,S,9,1,347493,67.58,2010,26,147.75,62.04
51348,Historical,2408241,0,0,S,2,1,10530718,89.95,1994,12,48.98,76.74
51349,Historical,609586,0,0,S,8,1,1868862,225.95,2006,15,45.42,98.76
51350,Historical,2323907,1,1,S,2,1,1790382,0,1970,24,98.7,77.39
51351,Historical,196458,0,0,S,3,1,492031,46.95,2006,28,38.84,50.75
51352,Historical,226113,1,1,S,2,1,2542856,125.95,2007,20,120.76,122.61
51353,Historical,226026,0,0,S,2,1,2024162,125.95,2007,19,115.35,111.46
51354,Historical,895780,0,0,S,2,1,3682126,125.95,2007,13,137.49,68.99
51355,Historical,2316813,0,0,S,2,1,1707532,67.5,1993,15,0,31.99
51356,Historical,530947,1,2,S,7,1,73725,89.33,2011,25,84.56,66.99
51357,Historical,629294,0,0,S,5,1,738105,133,2002,18,124.44,124.87
51358,Historical,222822,0,0,S,3,1,650704,90,2005,20,88.24,53.99
51359,Historical,284971,0,0,S,2,1,1427506,99.95,2002,15,20.7,59.94
51360,Historical,129303,0,0,S,8,1,1085123,100,2009,15,45.09,86.28
51361,Historical,618876,0,0,S,5,1,3021921,105.95,2004,18,78.21,22.95
51362,Historical,788273,0,0,S,4,1,466221,57.95,2001,18,78.21,17.94
51363,Historical,778592,0,0,S,2,1,2183582,154.95,2009,40,8.49,33.98
51364,Historical,245257,0,0,S,3,1,1311341,217.95,2005,15,110.39,33.99
51365,Historical,253835,0,0,S,9,1,2484877,118.95,2008,13,62.79,19.98
51366,Historical,245249,1,1,S,8,1,1799344,141.95,2005,19,103.95,73.53
51367,Historical,202260,0,0,S,7,1,1423698,95.95,2001,21,11.2,33.72
51368,Historical,877281,0,0,S,8,1,804755,340.46,2010,29,103.61,114.1
51369,Historical,530936,1,7,S,8,1,246877,102.95,2010,25,26.98,49.52
51370,Historical,109860,0,0,S,2,1,665165,25.98,2007,13,10.75,24.83
51371,Historical,165985,0,0,S,2,1,1247543,107,2003,24,48.49,73.98
51372,Historical,659333,0,0,S,2,1,648626,204.95,2005,19,152.64,218.61
51373,Historical,2572899,0,0,S,1,0,1296077,102.95,1992,38,33.98,62.37
51374,Historical,2341889,0,0,S,2,1,3097797,0,1979,37,5.32,67.87
51375,Historical,193431,0,0,S,2,1,4307125,117,2004,14,153.99,27.97
51376,Historical,631674,0,0,S,3,1,3362601,136,2008,13,153.99,10.1
51377,Historical,2389140,0,0,S,3,1,1788793,110,1997,20,86.93,47.14
51378,Historical,116093,1,1,S,9,1,737635,138.8,2005,26,88.86,67.09
51379,Historical,104869,0,0,S,3,1,768448,89.95,1995,26,33.56,67.05
51380,Historical,119047,0,0,S,2,1,32443,120.6,2011,104,4.27,43.86
51381,Historical,56474,0,0,S,1,0,987552,96.8,2006,112,4.27,5.69
51382,Historical,705248,0,0,S,7,1,476929,0,2007,28,147.54,152.78
51383,Historical,530927,0,0,S,7,1,304202,125.75,2006,34,48.99,76.56
51384,Historical,539189,1,1,S,3,1,747309,89.33,2010,21,108.06,81.23
51385,Historical,552170,0,0,S,2,1,4987289,90.35,2004,16,108.06,90.79
51386,Historical,2389214,0,0,S,6,1,7568821,115,1998,14,62.59,115.05
51387,Historical,618390,0,0,S,3,1,726370,55,2003,34,48.24,23.99
51388,Historical,109926,0,0,S,7,1,695951,51.86,2007,25,68.99,52.21
51389,Historical,259360,1,1,S,3,1,1757016,35.96,2002,20,40.83,48.09
51390,Historical,1574417,0,0,S,8,1,2949822,242.95,2007,16,98.77,73.48
51391,Historical,145270,0,0,S,2,1,1159604,158,2006,65,34.36,9.98
51392,Historical,120894,1,1,S,3,1,62725,226.4,2007,50,43.62,43.94
51393,Historical,116379,0,0,S,6,1,1439079,118,2003,75,96.69,9.98
51395,Historical,53625,0,0,S,3,1,908022,185.95,2006,37,112.98,30.94
51396,Historical,183558,0,0,S,4,1,2332189,349.95,2007,30,14.93,22.68
51397,Historical,146256,0,0,S,5,1,811412,73.33,2009,21,111.99,86.76
51398,Historical,182998,0,0,S,4,1,1986894,384.95,2004,58,14.93,8.38
51399,Historical,262725,0,0,S,5,1,106606,59.95,2007,50,77.67,23.54
51400,Historical,108063,1,3,S,4,1,241628,116.5,2004,51,77.67,4.26
51401,Historical,262799,0,0,S,6,1,426778,74.95,2011,37,77.67,28.99
51402,Historical,131851,0,0,S,4,1,4218700,72.8,2004,22,33.28,7.94
51403,Historical,287567,0,0,S,5,1,780165,97.8,2007,27,33.28,17.99
51404,Historical,232998,0,0,S,2,1,898083,22,1998,37,22.93,59.31
51405,Historical,145391,0,0,S,2,1,257029,150.67,2005,38,65.43,99.04
51406,Historical,915853,0,0,S,0,0,1265725,124,2002,28,56.98,36.95
51407,Historical,739723,0,0,S,0,0,3123662,134.67,2003,21,65.43,20.99
51408,Historical,554750,0,0,S,4,1,205631,334.95,1992,32,28.98,70.77
51409,Historical,1533929,0,0,S,0,0,593673,59.95,2007,21,59.22,46.42
51410,Historical,543157,0,0,S,2,1,508885,69.95,2009,27,20.64,41.27
51411,Historical,254096,0,0,S,6,1,1123731,247,2009,20,86.93,63.74
51412,Historical,2255931,0,0,S,6,1,3170784,138.9,2009,33,86.93,234.55
51413,Historical,2398221,0,0,S,2,1,6859897,86.95,1991,19,62.98,49.25
51414,Historical,107209,0,0,S,2,1,317671,113.75,2001,24,44.99,43.95
51415,Historical,144302,0,0,S,5,1,5317340,70.8,2001,23,65.37,7.71
51416,Historical,183094,0,0,S,2,1,664305,152.95,2005,40,79.38,33.48
51417,Historical,53979,1,1,S,10,1,258848,150.67,2007,197,69.54,17.99
51418,Historical,50112,0,0,S,6,1,1208392,95.41,2005,32,125.63,65.43
51419,Historical,109790,0,0,S,6,1,110509,199.25,2007,46,125.63,57.29
51420,Historical,109275,0,0,S,6,1,88339,48.55,2005,95,125.63,29.74
51421,Historical,51453,0,0,S,3,1,5670,137.33,2005,113,128.99,18.36
51422,Historical,169242,0,0,S,1,0,500409,237.95,2010,57,87.26,82.47
51423,Historical,285405,0,0,S,1,0,29037,253,2012,25,0,153.99
51424,Historical,111705,0,0,S,1,0,487797,265,2012,24,0,109.16
51425,Historical,235712,0,0,S,2,1,1657782,55,1995,20,52.42,51.1
51426,Historical,130181,0,0,S,2,1,966694,124.67,2003,50,27.06,12.14
51427,Historical,665345,0,0,S,0,0,511568,39.95,2012,25,20.65,25.68
51428,Historical,2562154,0,0,S,5,1,944381,50.7,1984,31,22.48,33.98
51429,Historical,176793,0,0,S,4,1,2985067,27.95,2000,40,46.62,6.98
51430,Historical,176792,0,0,S,2,1,541165,89.95,2001,39,47.08,38.41
51431,Historical,3226367,0,0,S,6,1,2272898,46.64,2004,35,135.94,34.54
51432,Historical,607124,0,0,S,5,1,1904041,116,1999,26,80.49,16.43
51433,Historical,870322,0,0,S,4,1,3606890,92,1993,27,80.49,13.49
51434,Historical,1536916,0,0,S,4,1,1845426,80,2006,19,66.03,90.93
51435,Historical,291535,0,0,S,6,1,1096359,304.95,2004,42,156.17,48.8
51436,Historical,169836,0,0,S,7,1,463163,289.95,2008,55,156.17,42.99
51437,Historical,533515,0,0,S,6,1,1596009,66,2009,35,40.99,14.68
51438,Historical,125892,0,0,S,1,0,819730,188.4,1997,43,162.45,31.63
51439,Historical,2343398,0,0,S,3,1,1401082,115.22,1975,28,39.49,59.11
51440,Historical,290860,0,0,S,5,1,110562,112.95,2006,44,30.49,11.11
51442,Historical,254177,0,0,S,10,1,528259,88.95,2010,58,40.7,21.56
51443,Historical,169239,0,0,S,9,1,941581,85.95,2007,36,40.7,40.93
51444,Historical,255098,0,0,S,0,0,675213,75,2005,47,43.99,61.97
51445,Historical,113754,1,1,S,1,0,709631,113,1999,25,88.92,94.2
51446,Historical,232479,0,0,S,3,1,102536,29.95,2004,79,21.51,29.86
51447,Historical,464667,0,0,S,2,1,2514918,199,1997,20,140.37,91.49
51448,Historical,196777,0,0,S,3,1,2089755,61.95,2008,35,20.27,57.09
51449,Historical,117154,0,0,S,1,0,628856,49.99,2006,28,39.26,35.99
51450,Historical,2066249,0,0,S,0,0,925199,17.95,2011,73,39.72,6.32
51451,Historical,196466,0,0,S,3,1,1372308,68.95,2001,14,51.26,65.15
51452,Historical,119989,0,0,S,11,1,229780,118.67,2008,64,97.24,33.99
51453,Historical,1826382,1,1,S,10,1,9376,91.95,2013,23,0,59.32
51454,Historical,607478,1,2,S,8,1,258132,122.6,2008,64,84.72,57.33
51455,Historical,658260,1,1,S,5,1,107535,78.95,2012,23,64.2,51.49
51456,Historical,1927005,0,0,S,6,1,1646451,49.95,2011,12,39.99,47.44
51457,Historical,700198,0,0,S,1,0,1081986,57,2003,26,294.87,40
51458,Historical,530869,0,0,S,5,1,163065,51.95,2010,30,41.99,29.27
51459,Historical,147297,0,0,S,4,1,1029841,49.95,2006,34,41.99,70.71
51460,Historical,104602,0,0,S,1,0,1364768,226,1999,28,34.7,64.81
51461,Historical,402384,0,0,S,2,1,3027677,51.95,2000,19,20.94,15.99
51462,Historical,221890,0,0,S,2,1,4938971,229.95,2000,16,162.84,123.6
51463,Historical,103751,0,0,S,17,1,183680,39.99,2004,187,21.16,12.98
51464,Historical,206038,0,0,S,0,0,504440,55,2005,25,48.87,41
51465,Historical,250457,0,0,S,8,1,975967,94.31,2007,29,78.98,54.41
51466,Historical,248522,0,0,S,10,1,883114,49.99,2011,46,31.93,12.98
51467,Historical,270075,1,1,S,2,1,2431076,160,2009,20,28.99,15.87
51468,Historical,288460,0,0,S,8,1,260651,41,2010,13,0,0
51469,Historical,901133,0,0,S,2,1,2969728,39,2007,18,0,42.68
51470,Historical,120773,0,0,S,5,1,814218,132.6,2010,38,108.97,77.64
51471,Historical,621976,0,0,S,2,1,1503155,146,2009,25,109.94,20.75
51472,Historical,608784,0,0,S,8,1,497988,97.95,2006,24,21.8,92.39
51473,Historical,235108,0,0,S,6,1,1615643,41.95,2001,16,60.97,21.94
51474,Historical,666103,0,0,S,2,1,4133864,210,2003,15,101.03,111.78
51475,Historical,2834470,0,0,S,2,1,2833295,180,2005,15,39.42,72.93
51476,Historical,112815,0,0,S,2,1,950497,127,2006,17,124.93,86.89
51477,Historical,126139,1,1,S,0,0,637550,99,2000,33,6.86,19.63
51478,Historical,106341,0,0,S,2,1,2731057,38.95,2006,20,27.99,45.27
51479,Historical,106712,0,0,S,3,1,1011322,47,2009,28,27.99,11.49
51480,Historical,2832767,0,0,S,2,1,1663346,248,2003,19,107.25,107.79
51481,Historical,774999,0,0,S,3,1,8843766,220,2001,13,161.59,113.88
51482,Historical,179228,0,0,S,6,1,1095101,157.95,2009,62,25.57,24.83
51483,Historical,179226,0,0,S,6,1,747771,157.95,2009,53,65.99,39.95
51484,Historical,3242759,0,0,S,4,1,752362,46.81,2004,28,61.99,33.53
51485,Historical,159413,0,0,S,1,0,110858,66.95,2000,37,0,42.02
51486,Historical,129042,0,0,S,0,0,634700,84.95,2007,33,34.52,46.97
51487,Historical,298297,1,1,S,2,1,3213466,33.95,2008,40,30.66,6.74
51488,Historical,716999,0,0,S,2,1,7260872,59,1997,20,35.52,50.99
51489,Historical,623671,1,1,S,2,1,134606,38.95,2000,50,35.32,30.98
51490,Historical,205533,0,0,S,1,0,836865,40,1996,93,26.61,7.98
51491,Historical,868076,0,0,S,0,0,337580,46.47,2005,60,24.99,12.98
51492,Historical,778485,0,0,S,2,1,5605171,71.95,2006,14,81.7,57.21
51494,Historical,286027,0,0,S,0,0,829217,114,2004,35,103.56,61.88
51495,Historical,58402,0,0,S,2,1,880959,23.98,2003,50,48.99,23.97
51496,Historical,728774,0,0,S,9,1,2197171,92,1998,43,59.67,17.51
51497,Historical,566893,0,0,S,3,1,1984534,90,2000,24,35.47,20.99
51498,Historical,60326,0,0,S,6,1,665984,0,2001,34,42.89,48.77
51499,Historical,51938,0,0,S,9,1,84636,105,2004,32,94.45,29.98
51500,Historical,1533335,0,0,S,2,1,777982,179,2007,22,78.99,71.99
51502,Historical,565945,0,0,S,9,1,2576795,0,2009,19,163.98,53.99
51503,Historical,107479,0,0,S,4,1,2400966,173.75,2001,60,66.95,18.94
51504,Historical,539381,0,0,S,1,0,189866,125.53,2012,64,95.98,45.99
51505,Historical,889510,0,0,S,2,1,4340473,134.95,1999,15,114.34,39.94
51506,Historical,196553,0,0,S,3,1,1133406,45.95,2005,30,33.11,33.77
51507,Historical,196554,0,0,S,3,1,1242012,62.95,2005,29,13.82,20.9
51508,Historical,710138,0,0,S,4,1,697194,130.93,2000,26,183.44,70.91
51509,Historical,223600,0,0,S,6,1,426321,68.95,2007,22,53.99,85.16
51510,Historical,530794,0,0,S,6,1,1446894,84.41,2008,24,6.2,73.92
51511,Historical,640607,0,0,S,7,1,1609625,169.5,2011,27,6.2,55.95
51512,Historical,169636,0,0,S,3,1,978146,188.95,2009,29,46.79,173.55
51513,Historical,616778,0,0,S,3,1,3641257,115,2001,37,52.38,22.99
51514,Historical,537304,0,0,S,13,1,227388,237,2012,26,144.17,209.42
51515,Historical,716603,0,0,S,12,1,3536613,247.33,2009,21,219.97,247.18
51516,Historical,114227,0,0,S,3,1,2172255,118,2001,49,79.03,39
51518,Historical,54636,0,0,S,2,1,152607,126,2008,33,59.47,89
51519,Historical,1534009,0,0,S,0,0,373323,49.95,2008,29,42.47,42.34
51520,Historical,607396,0,0,S,3,1,191956,216,2007,25,128.98,95.49
51521,Historical,533948,0,0,S,5,1,2097712,69.95,2006,37,53.79,15.68
51522,Historical,116680,0,0,S,2,1,429284,103,2002,24,74.94,45.59
51523,Historical,3072485,0,0,S,3,1,299435,32.95,2003,23,101.66,30.49
51524,Historical,550448,0,0,S,2,1,1302971,14.98,2009,64,25.93,14.98
51525,Historical,863182,0,0,S,3,1,136737,45.5,2004,26,15.08,57.53
51526,Historical,173772,0,0,S,3,1,1100337,39.25,2004,37,11.64,58.9
51527,Historical,182840,0,0,S,0,0,839992,88.3,2002,50,10.99,11.67
51528,Historical,899384,0,0,S,3,1,2593433,45,2008,11,28,35
51529,Historical,618599,0,0,S,3,1,330866,49.38,2007,55,38.99,36.27
51530,Historical,544342,0,0,S,1,0,269266,187.95,2012,35,0,0
51531,Historical,1533657,0,0,S,0,0,261749,119,2006,17,78.85,52.49
51532,Historical,626146,0,0,S,2,1,763191,70,2008,33,63.98,9.91
51533,Historical,615627,0,0,S,11,1,106202,155.75,2011,58,91.23,33.98
51534,Historical,859121,0,0,S,3,1,769839,69.95,2004,31,49.07,32.99
51535,Historical,1886228,0,0,S,2,1,1576009,44.99,2010,21,9.98,30.86
51536,Historical,175952,1,1,S,7,1,1009342,60,2007,44,50.74,10.11
51537,Historical,243796,0,0,S,8,1,254527,69.99,2010,64,50.74,53.62
51538,Historical,2253218,0,0,S,2,1,3460584,31.66,2007,47,28.99,31.89
51539,Historical,143148,0,0,S,2,1,1028203,38,2007,22,28.99,26.39
51540,Historical,143616,0,0,S,4,1,558252,210,2011,44,118.92,136.66
51541,Historical,143114,1,1,S,3,1,1803191,153,2006,24,118.92,54.48
51542,Historical,560376,0,0,S,3,1,3971039,14,2009,15,118.92,112.81
51543,Historical,700350,0,0,S,4,1,1761797,59.95,2002,55,12.91,16.23
51544,Historical,183208,0,0,S,5,1,4177444,24.98,2006,20,49.15,24.98
51545,Historical,183224,0,0,S,5,1,1244562,182.95,2005,15,49.15,119.94
51546,Historical,117587,0,0,S,3,1,3262307,62.4,2003,35,77.77,4.59
51547,Historical,576963,0,0,S,3,1,308179,79.95,2012,36,58.33,49.41
51548,Historical,201763,0,0,S,2,1,692830,75.95,2009,22,58.33,8.68
51549,Historical,53059,0,0,S,2,1,2738825,53.8,2008,12,129.98,40.9
51550,Historical,349980,0,0,S,2,1,177073,43.95,2010,18,62.42,28.32
51551,Historical,112252,0,0,S,3,1,490530,109,2005,66,58.41,27.87
51552,Historical,537224,0,0,S,2,1,1149747,180.53,2009,21,142.27,11.69
51553,Historical,202194,0,0,S,2,1,3457241,140.95,2000,28,83.99,28.98
51554,Historical,60335,0,0,S,6,1,877533,67.53,2008,71,105.05,36.51
51555,Historical,592773,0,0,S,3,1,1160872,13.34,2008,10,63.59,52.93
51556,Historical,3086392,0,0,S,3,1,1320362,179.95,2005,18,88.99,58.99
51557,Historical,259659,0,0,S,8,1,907569,97.95,2004,21,47.08,69.98
51558,Historical,259636,0,0,S,7,1,827466,99.95,1999,19,47.08,28.99
51559,Historical,297753,0,0,S,2,1,200552,0,2006,16,65.56,15.88
51560,Historical,157672,0,0,S,3,1,286297,73.95,2010,24,65.56,84.9
51561,Historical,300120,0,0,S,2,1,2156743,104,2006,19,82.16,188.09
51562,Historical,569660,0,0,S,2,1,3307491,88.95,1997,29,24.94,29.98
51563,Historical,126198,1,1,S,0,0,678133,69.95,2001,46,57.88,20.67
51564,Historical,608325,0,0,S,2,1,2827143,10.49,2001,29,7.98,10.49
51565,Historical,53191,0,0,S,7,1,598941,29.74,2005,46,98.99,29.74
51566,Historical,157163,0,0,S,4,1,1285105,74.95,2004,31,51.48,45.39
51567,Historical,157479,0,0,S,5,1,876616,82.95,2009,49,51.48,66.37
51568,Historical,227542,0,0,S,8,1,2128834,127,2001,25,136.41,43.93
51569,Historical,870193,1,1,S,2,1,1745198,168.95,1996,21,57.2,104.07
51570,Historical,117002,0,0,S,3,1,523466,73.8,2007,49,4.03,18.99
51571,Historical,285887,0,0,S,2,1,1500391,42,2001,32,4.03,38.91
51572,Historical,1468254,0,0,S,7,1,612205,85,2008,17,54.95,96.01
51573,Historical,600145,0,0,S,2,1,1392183,214,2012,46,32.68,53.97
51574,Historical,193724,0,0,S,2,1,545616,215,2011,31,88.84,132.87
51575,Historical,2419254,0,0,S,6,1,5228070,70,2005,23,54.95,73.19
51576,Historical,911214,0,0,S,2,1,2345010,44,1994,24,33.98,23.05
51577,Historical,546729,0,0,S,21,1,306258,115,2011,27,66.88,73.97
51578,Historical,859122,0,0,S,2,1,1130062,52.95,2004,15,51.46,123.85
51579,Historical,113088,0,0,S,2,1,168074,79.95,2008,28,51.46,36.46
51580,Historical,292318,0,0,S,1,0,1017793,83.95,2000,28,48.06,73.18
51581,Historical,133132,0,0,S,5,1,636542,84.27,2010,47,50.49,43.98
51582,Historical,144884,0,0,S,4,1,3105914,58.8,2006,33,50.49,21.26
51583,Historical,293980,0,0,S,4,1,427858,69.95,2010,39,50.49,48.73
51584,Historical,169173,0,0,S,5,1,2314345,162.95,2006,40,20.99,28.99
51585,Historical,270678,0,0,S,8,1,228101,65,2010,85,51.94,31.99
51586,Historical,545828,0,0,S,9,1,59245,78,2013,61,51.94,53.99
51587,Historical,229143,0,0,S,7,1,2058238,49.95,2007,50,51.94,8.74
51588,Historical,608598,0,0,S,4,1,6788990,73.95,2003,17,20.99,27.73
51589,Historical,859391,0,0,S,0,0,1227993,51.95,2006,27,142.59,34.25
51590,Historical,615269,0,0,S,5,1,2802720,140,2007,25,9.21,38.98
51591,Historical,574799,0,0,S,6,1,823455,216,2011,67,9.21,10.47
51592,Historical,539172,0,0,S,10,1,1132147,169.85,2007,59,77.77,12.5
51593,Historical,169834,0,0,S,13,1,1024268,257.95,2010,36,132.25,117.61
51594,Historical,61128,0,0,S,10,1,785343,9.62,2007,85,108.85,19.97
51595,Historical,538436,0,0,S,9,1,1577791,187.5,2007,31,7.23,48.99
51596,Historical,252717,0,0,S,1,0,36805,151.99,2011,59,115.98,139.19
51597,Historical,290520,0,0,S,5,1,1266904,13.9,2004,65,38.52,13.94
51598,Historical,613996,0,0,S,9,1,1203248,33.98,2005,42,108.85,33.98
51599,Historical,2603606,0,0,S,3,1,1123422,39.99,2004,59,21.49,28.96
51600,Historical,54225,0,0,S,11,1,623993,247.95,2005,30,132.25,27.99
51601,Historical,195151,0,0,S,2,1,745692,59.95,2009,40,33.88,59.95
51602,Historical,145621,0,0,S,2,1,484410,51.8,2007,48,31.67,10.79
51603,Historical,914253,1,9,S,0,0,130307,98,2011,36,0,14.2
51604,Historical,861331,0,0,S,4,1,31458,66.8,2013,53,31.67,53.5
51605,Historical,638994,0,0,S,2,1,1432672,115.95,2004,21,69.98,88.99
51606,Historical,57404,0,0,S,3,1,1527570,82.95,2003,47,47.99,23.57
51607,Historical,564589,0,0,S,2,1,1681113,35.95,2002,27,33.11,26.43
51608,Historical,899733,0,0,S,2,1,4191901,79.99,2003,15,85.53,86.29
51609,Historical,248969,0,0,S,3,1,1289937,120,2007,19,78.95,98.98
51610,Historical,192938,0,0,S,2,1,2219969,201,2003,14,188.63,103.98
51611,Historical,2940339,0,0,S,3,1,3789847,89.99,2004,14,59.54,332.92
51612,Historical,226496,0,0,S,2,1,3450183,70,2003,20,47.85,72.45
51613,Historical,530709,0,0,S,4,1,1110744,183.95,2004,76,130.39,13.99
51614,Historical,1473148,0,0,S,11,1,4885015,85,2009,21,12.33,51.28
51615,Historical,114042,0,0,S,8,1,2814137,32,2001,36,28.93,19.95
51616,Historical,116168,0,0,S,9,1,867192,29.8,2005,47,28.93,19.97
51617,Historical,755967,0,0,S,2,1,26848,70,2011,30,41.88,39.98
51618,Historical,2577935,0,0,S,4,1,1043756,345,1990,30,134,94.25
51619,Historical,1559800,0,0,S,2,1,1458636,54.95,2008,19,53.98,54.95
51620,Historical,218687,0,0,S,2,1,1357131,121,2003,37,84.11,36.3
51621,Historical,329636,0,0,S,5,1,2640695,59,1999,22,21.52,48.41
51622,Historical,200413,0,0,S,5,1,674705,77.95,2008,73,100.61,8.7
51623,Historical,51286,0,0,S,4,1,608560,109.95,2005,84,100.61,6.98
51624,Historical,295397,0,0,S,2,1,2913814,48,2004,61,39.54,7.33
51625,Historical,217317,0,0,S,3,1,234192,54,2009,32,39.54,74.99
51626,Historical,385674,0,0,S,2,1,1361507,114.95,2005,29,70.51,71.39
51627,Historical,1609904,0,0,S,4,1,196433,85.93,2009,43,0,24.37
51628,Historical,1480934,0,0,S,4,1,1569013,122.27,2011,14,88.12,78.97
51629,Historical,246515,1,1,S,5,1,1331133,52.95,2007,25,33.2,31
51630,Historical,1517621,0,0,S,5,1,261979,104.07,2014,31,137.54,88.21
51631,Historical,146658,1,2,S,4,1,330851,152.93,2011,30,91.05,63.99
51632,Historical,1451834,1,2,S,6,1,2001815,152.93,2012,10,149.96,149.98
51633,Historical,530686,0,0,S,3,1,634284,42.75,2007,16,13.04,37.26
51634,Historical,347528,0,0,S,3,1,61233,35.75,2007,31,23.99,33.82
51635,Historical,170202,0,0,S,2,1,1036194,65.95,2011,47,18.94,8.53
51636,Historical,802733,0,0,S,3,1,640176,49.99,2012,31,4.66,29.93
51637,Historical,545032,0,0,S,2,1,292900,39.99,2012,40,28.56,36.4
51638,Historical,202363,0,0,S,2,1,930128,64.95,2002,29,0,56.7
51639,Historical,163268,0,0,S,2,1,332761,39.48,2002,21,63.92,39.48
51640,Historical,404560,0,0,S,3,1,1271412,135.33,2009,45,131.01,23.98
51641,Historical,113176,0,0,S,4,1,147752,52.95,2009,34,22.69,47.61
51642,Historical,196749,0,0,S,3,1,331117,41.95,2007,49,22.69,29.99
51643,Historical,539023,0,0,S,5,1,33641,49.95,2013,38,22.69,29.67
51644,Historical,204076,0,0,S,2,1,599634,75.99,2010,44,42.48,28.99
51645,Historical,415821,0,0,S,9,1,1583141,115,2008,16,67.46,45.14
51646,Historical,268394,0,0,S,2,1,327102,55,2005,37,43.43,40.99
51648,Historical,145495,0,0,S,3,1,2759389,80.6,2006,35,115.19,8.99
51649,Historical,153950,0,0,S,2,1,501253,9.99,2006,62,28.5,10.43
51650,Historical,154023,0,0,S,3,1,396438,15.49,2009,102,28.5,17.74
51651,Historical,56958,0,0,S,4,1,85035,15.99,2010,77,53.44,21.98
51652,Historical,56957,0,0,S,3,1,1184181,10.89,2007,98,53.44,7.73
51653,Historical,2261541,0,0,S,6,1,6075170,94.06,2008,34,11.39,73.13
51654,Historical,261283,1,1,S,1,0,451582,40,1998,76,30.96,8.9
51655,Historical,272544,0,0,S,2,1,768796,73,2010,21,157.79,42.08
51656,Historical,55079,0,0,S,3,1,2196594,222.95,2006,38,67.23,17.85
51657,Historical,169396,0,0,S,3,1,1418434,167.95,2006,25,62.78,49.95
51658,Historical,169905,0,0,S,5,1,969043,202.95,2009,80,154.6,7.49
51659,Historical,114407,0,0,S,8,1,1879307,49,2002,40,43.19,36.43
51660,Historical,53425,0,0,S,7,1,2157668,82.2,2005,47,20.82,24.93
51661,Historical,286098,1,1,S,4,1,644927,181.5,2006,41,58.28,52.45
51662,Historical,146019,0,0,S,5,1,1082050,168.4,2009,35,58.28,48.26
51663,Historical,212507,0,0,S,4,1,486893,0,2006,57,58.28,48.99
51664,Historical,57293,0,0,S,6,1,942246,74.69,2004,44,86.19,23.99
51665,Historical,654571,1,1,S,2,1,1341478,0,2001,24,49.99,70.01
51666,Historical,598957,0,0,S,2,1,2268131,69.95,2001,29,49.99,41.94
51667,Historical,416639,0,0,S,2,1,1775461,18.6,2007,59,94.02,18.6
51668,Historical,53541,0,0,S,7,1,514608,274.95,2006,152,148.99,28.49
51669,Historical,51181,0,0,S,8,1,1068122,329.95,2003,40,240.85,23.9
51670,Historical,51180,0,0,S,10,1,308675,432.95,2009,47,240.85,78.75
51671,Historical,56093,0,0,S,6,1,1589338,8.99,2005,44,93.65,8.99
51672,Historical,60343,0,0,S,2,1,3614573,145.95,2004,24,132.99,15.24
51673,Historical,201800,1,1,S,2,1,428596,59.95,2011,26,73.56,46.99
51674,Historical,109934,0,0,S,2,1,2218770,10.49,2006,58,82.8,10.49
51675,Historical,298872,0,0,S,3,1,39890,115,2011,70,39.94,70.99
51676,Historical,131541,0,0,S,0,0,1552868,113.2,2003,26,36.64,143.98
51677,Historical,307991,0,0,S,5,1,2228854,54.95,2003,38,47.06,6.67
51678,Historical,246439,0,0,S,5,1,2186542,95.95,2006,16,47.99,38.1
51679,Historical,330192,1,1,S,2,1,7509886,97.95,2000,26,10.94,33.99
51680,Historical,308094,0,0,S,2,1,490130,64,2008,41,56.4,14.85
51681,Historical,165923,1,1,S,1,0,3332997,65,2002,15,41.59,99.68
51682,Historical,176722,0,0,S,2,1,812130,75.95,1999,24,42.99,13.99
51683,Historical,223788,0,0,S,2,1,2016479,67,1999,34,25.69,28.85
51684,Historical,60346,0,0,S,6,1,1913989,209.95,2008,61,83.3,45.52
51685,Historical,167160,1,2,S,2,1,653031,48.95,2007,59,33.53,33.98
51686,Historical,696724,0,0,S,2,1,3020861,22.98,2009,9,64.23,23.22
51687,Historical,111287,0,0,S,7,1,590282,0,2009,25,88.99,7.94
51688,Historical,148088,1,1,S,2,1,818280,171.95,2005,25,8.98,55.29
51689,Historical,51976,0,0,S,6,1,1714057,8.98,2006,69,88.99,8.98
51690,Historical,120768,0,0,S,2,1,305126,186.67,2008,54,95.85,31.89
51691,Historical,200558,1,6,S,2,1,9783,119.95,2010,79,54.01,83.99
51692,Historical,294131,0,0,S,4,1,3691808,49.95,2002,28,35.93,37.99
51693,Historical,204061,0,0,S,5,1,1436035,56.95,2007,60,35.93,15.99
51694,Historical,582315,0,0,S,3,1,2234153,60,2006,13,43.89,60.99
51695,Historical,152456,0,0,S,3,1,302235,74.95,2007,20,58.98,106.26
51696,Historical,561529,0,0,S,8,1,869675,161.53,2012,24,115.86,57.01
51697,Historical,116557,0,0,S,5,1,2594756,125.4,2004,54,115.86,11.84
51698,Historical,54742,1,1,S,3,1,50011,158.95,2010,96,53.99,61.99
51699,Historical,118003,0,0,S,8,1,53247,165.9,2005,57,93.99,55.85
51700,Historical,50321,0,0,S,9,1,253310,147,2008,39,93.99,73.98
51701,Historical,58470,1,1,S,3,1,601781,56.95,2004,64,25.2,8.99
51702,Historical,129085,0,0,S,3,1,1396296,89.5,2007,14,54.01,39.95
51703,Historical,110399,0,0,S,7,1,639466,217.25,2007,53,342.3,47.67
51704,Historical,111220,0,0,S,8,1,147895,43.14,2009,59,342.3,37.37
51705,Historical,250549,0,0,S,2,1,3180968,51.95,2007,19,31.91,47.85
51706,Historical,629942,0,0,S,2,1,1308416,86.5,2011,29,95.33,31.29
51707,Historical,101283,0,0,S,12,1,3114056,242.95,2000,39,10.24,11.99
51708,Historical,52835,0,0,S,13,1,1118249,228.95,2005,67,10.24,22.94
51709,Historical,288939,0,0,S,14,1,1039692,229.95,2007,25,10.24,95.58
51710,Historical,60349,0,0,S,11,1,1754800,165.7,2007,41,97.74,30.73
51711,Historical,137507,0,0,S,0,0,1219331,89.5,2004,18,102.85,67.23
51712,Historical,108656,0,0,S,10,1,2255055,123.9,2005,62,97.74,8.08
51713,Historical,698623,0,0,S,2,1,1228637,45.98,2010,9,109.48,44.55
51714,Historical,110957,0,0,S,11,1,1430308,22.99,2007,66,97.74,8.48
51715,Historical,53911,0,0,S,4,1,213400,227.95,2004,48,107.99,32.27
51716,Historical,290357,0,0,S,2,1,1482653,34.95,2002,29,17.47,39.96
51717,Historical,165013,0,0,S,1,0,1064212,36.95,2001,42,28.99,18.89
51718,Historical,745370,0,0,S,4,1,1969536,190.95,2008,41,160.1,86.44
51719,Historical,55350,0,0,S,2,1,1126976,201.95,2004,74,160.1,59.5
51720,Historical,373612,0,0,S,3,1,9731141,78.95,1998,24,91.58,35.88
51722,Historical,56082,1,1,S,4,1,2455097,21.99,2006,15,109.34,11.99
51723,Historical,299941,0,0,S,3,1,3355445,94,2003,16,65.57,28.44
51724,Historical,246237,0,0,S,2,1,1617254,79.95,2006,19,64.55,72.21
51725,Historical,106166,0,0,S,4,1,1471110,65.95,2005,47,53.03,5.45
51726,Historical,106826,0,0,S,5,1,84132,76,2011,74,53.03,12.99
51727,Historical,147257,0,0,S,3,1,954198,80.95,2005,47,36.45,15.99
51728,Historical,147784,0,0,S,1,0,960895,158.95,2000,15,4.98,302.81
51729,Historical,52335,0,0,S,9,1,647740,120,2007,82,98.49,35.84
51730,Historical,1533505,0,0,S,3,1,1609485,74.95,2006,14,59.35,75.34
51731,Historical,203874,0,0,S,1,0,694657,69.99,2008,35,33.98,68.45
51732,Historical,638819,0,0,S,6,1,1058506,163.95,2010,23,44.04,59.89
51733,Historical,169466,0,0,S,8,1,2417004,183.95,2006,26,73.99,68.99
51734,Historical,764103,0,0,S,3,1,9260587,99.95,2001,16,94.86,6.99
51735,Historical,764987,0,0,S,2,1,5627818,85.95,1998,17,94.86,26.22
51736,Historical,164249,1,1,S,1,0,235962,154.25,2003,73,108.46,48
51737,Historical,136646,0,0,S,2,1,866028,62,2001,23,29.73,63.57
51738,Historical,862029,0,0,S,2,1,18741,70.95,2014,158,42.24,33.99
51739,Historical,2270835,0,0,S,2,1,858514,49.44,2012,16,0,50.23
51740,Historical,534695,1,3,S,2,1,242280,66.95,2012,59,42.24,39.98
51741,Historical,51376,0,0,S,3,1,1780311,18.29,2004,81,83.99,18.58
51742,Historical,576719,0,0,S,2,1,3948366,115.95,2009,13,43.94,24.49
51743,Historical,330280,0,0,S,4,1,9706106,49.95,2001,18,53.99,47.35
51744,Historical,147993,0,0,S,5,1,2409097,64.95,2005,39,53.99,7.98
51745,Historical,251795,0,0,S,8,1,1885851,49.74,2007,24,8.01,27.89
51746,Historical,537822,1,1,S,10,1,108580,104.67,2012,59,93.26,23.99
51747,Historical,51599,1,1,S,1,0,595952,65.65,2005,58,67.96,42.62
51748,Historical,248758,1,1,S,2,1,703418,60.95,2005,81,23.49,32.98
51749,Historical,404264,0,0,S,3,1,609314,88.95,2002,30,57.38,22.92
51750,Historical,516485,0,0,S,3,1,3234125,132,2007,20,75.28,84.19
51751,Historical,52272,0,0,S,2,1,740861,96,2004,90,75.28,32.6
51752,Historical,50129,0,0,S,4,1,822318,181.95,2005,75,160.24,28.84
51753,Historical,53041,0,0,S,5,1,37320,139.95,2004,113,113.98,40.88
51754,Historical,698642,0,0,S,2,1,3082359,31.99,2010,25,83.76,11.99
51755,Historical,165344,0,0,S,1,0,304643,36.95,2001,32,27.49,23.98
51756,Historical,54867,0,0,S,1,0,601880,73.95,2005,78,67.38,7.14
51757,Historical,50158,0,0,S,7,1,1298671,7.98,2006,117,104.99,6.98
51758,Historical,204089,0,0,S,2,1,2150472,124.99,2008,19,90.89,92.57
51759,Historical,163039,0,0,S,2,1,198342,44,2010,47,16.85,18.89
51760,Historical,619811,0,0,S,2,1,1343889,75,2008,22,4.93,8.04
51761,Historical,635924,0,0,S,3,1,827196,109,2011,27,4.93,53.44
51762,Historical,586856,0,0,S,4,1,1835965,115.24,2006,31,114.32,43.94
51763,Historical,644783,0,0,S,6,1,737873,93.49,2011,30,114.32,57.35
51764,Historical,868662,0,0,S,2,1,3983607,121,2002,18,37.86,33.87
51765,Historical,193649,1,3,S,3,1,258588,46,2009,47,32.39,48.89
51766,Historical,193583,0,0,S,5,1,1204223,42.95,2007,47,11.43,28.97
51768,Historical,914254,0,0,S,0,0,69281,44.99,2011,30,49.7,30.38
51769,Historical,669056,0,0,S,0,0,229364,59.99,2012,14,0,41.72
51770,Historical,60357,0,0,S,2,1,3471988,49.35,2002,20,29.68,11.86
51771,Historical,272557,0,0,S,4,1,1475647,64.95,2010,34,38.65,39.66
51772,Historical,875652,0,0,S,7,1,2433669,54.52,2009,17,132.89,118.22
51773,Historical,2252582,0,0,S,2,1,6776252,89.34,2007,40,27.5,108.65
51774,Historical,143075,0,0,S,2,1,1924110,172,2007,42,27.5,33.99
51775,Historical,530606,1,1,S,3,1,63972,39.95,2010,62,21.82,36.77
51776,Historical,60358,0,0,S,2,1,2168037,62.67,2004,46,113.99,42.93
51777,Historical,193645,0,0,S,4,1,1873763,204,2008,16,200.06,48.99
51778,Historical,614780,0,0,S,1,0,176712,77.95,2007,47,24.11,28.32
51779,Historical,878636,0,0,S,3,1,1009489,52.03,2006,47,40.99,20.24
51780,Historical,201770,0,0,S,0,0,1232459,47.95,2009,22,29.29,43.71
51781,Historical,56231,0,0,S,6,1,84873,108,2010,107,61.21,54.09
51782,Historical,879544,0,0,S,7,1,398438,78.95,2011,17,90.83,76.88
51783,Historical,289712,0,0,S,1,0,206911,42.95,2003,38,40.57,32.93
51784,Historical,52488,0,0,S,3,1,703713,77.95,2005,82,40.99,16
51785,Historical,54187,0,0,S,3,1,406364,8.98,2003,28,76.71,21.98
51786,Historical,660974,0,0,S,1,0,424655,59.95,2012,20,0,0
51787,Historical,246665,0,0,S,1,0,348721,51.95,2008,25,28.98,38.09
51788,Historical,178024,0,0,S,3,1,362013,104.95,2005,35,122.6,26.99
51789,Historical,254049,0,0,S,5,1,517271,59.95,2010,36,57.34,34.55
51790,Historical,268218,0,0,S,4,1,1716745,59.95,2007,35,57.34,13.98
51791,Historical,200016,0,0,S,1,0,926332,73.95,2005,42,46.29,25.68
51792,Historical,206146,1,2,S,3,1,704019,50,2007,44,31.99,27.95
51793,Historical,163133,0,0,S,4,1,82071,60,2010,34,31.99,27.98
51794,Historical,258432,0,0,S,1,0,365128,90,2009,23,0,0
51795,Historical,178613,0,0,S,2,1,1135782,94.95,2006,29,25.6,15.79
51796,Historical,60362,0,0,S,3,1,429007,70.95,2002,41,63.66,22.47
51797,Historical,177946,1,2,S,5,1,594336,142.95,2005,47,33.99,23.98
51798,Historical,275288,0,0,S,1,0,108463,39.99,2003,186,30.23,8.54
51799,Historical,120410,0,0,S,4,1,1108525,96.6,1997,49,101.01,7.94
51800,Historical,1475534,0,0,S,3,1,1647142,50,2012,14,44.67,3.52
51801,Historical,336985,0,0,S,2,1,1119016,49.95,2009,37,144.88,49.55
51802,Historical,908372,0,0,S,2,1,2277937,47.95,2006,19,18.16,49.81
51803,Historical,195121,0,0,S,3,1,3076072,49.95,2007,38,41.1,7.98
51804,Historical,575314,0,0,S,4,1,420461,82,2011,61,41.1,21.13
51805,Historical,607748,0,0,S,6,1,3416213,80.4,2008,24,39.37,15.7
51806,Historical,133266,0,0,S,7,1,484684,82.2,2010,44,39.37,32.99
51807,Historical,195955,0,0,S,2,1,888261,39.95,2008,18,76.23,40.03
51808,Historical,910723,0,0,S,5,1,8142035,55,2008,35,43.23,94.87
51809,Historical,530581,0,0,S,7,1,1869479,45,2012,42,43.23,33.99
51810,Historical,223231,0,0,S,1,0,1323899,58.95,1995,17,61.95,67.97
51811,Historical,199602,1,2,S,2,1,294083,76,2004,35,47.04,41.96
51812,Historical,194412,0,0,S,0,0,767457,72,2001,39,33.98,33.83
51813,Historical,474992,0,0,S,2,1,4645435,64.95,1995,24,66.81,20.99
51814,Historical,199231,0,0,S,1,0,1072587,79,2004,19,46.39,86.26
51815,Historical,639363,0,0,S,1,0,287004,95,2007,21,73.75,72.37
51816,Historical,1444473,0,0,S,2,1,933512,65.95,2012,17,36.99,41.04
51817,Historical,2698820,0,0,S,2,1,3808374,151.3,2005,14,42.84,75.62
51818,Historical,115973,0,0,S,0,0,181650,145.4,2004,67,74.82,36.73
51819,Historical,873434,1,1,S,8,1,774883,39.99,2012,20,24.85,26.35
51820,Historical,1657705,0,0,S,5,1,5564430,52.98,2008,14,8.98,63.71
51821,Historical,677933,0,0,S,0,0,4628,30,2013,43,34.17,14.83
51822,Historical,142031,0,0,S,4,1,463805,48.74,2009,72,60.44,7.01
51823,Historical,616322,0,0,S,4,1,1230945,75,2009,19,35.99,50.45
51824,Historical,1475132,0,0,S,3,1,2272286,55,2012,20,49.98,70.43
51825,Historical,860763,1,1,S,3,1,464302,38,2012,39,35.99,28.49
51826,Historical,293215,0,0,S,2,1,1060878,146,2008,43,36.98,26.94
51827,Historical,776210,0,0,S,4,1,3300518,65,2009,16,35.99,64.95
51828,Historical,193459,0,0,S,4,1,1410940,147,2006,35,21.54,48.35
51829,Historical,661284,0,0,S,2,1,261800,59.95,2009,38,21.99,37.99
51830,Historical,250949,0,0,S,3,1,2133494,58,2007,39,0,23.57
51831,Historical,530539,0,0,S,3,1,1376261,69.99,2010,24,0,18.26
51832,Historical,617593,0,0,S,2,1,2366453,56.95,2006,20,29.99,10.97
51833,Historical,582280,0,0,S,3,1,1343755,80,2007,37,34.5,7.67
51834,Historical,2551268,0,0,S,2,1,2618861,73.95,2001,38,25.15,51.87
51835,Historical,608201,0,0,S,2,1,902561,44.95,2000,39,25.52,19.24
51836,Historical,608203,0,0,S,3,1,1056106,59.95,2005,73,25.52,5.43
51837,Historical,530537,0,0,S,2,1,3100431,108.23,2010,17,33.99,107.96
51838,Historical,248875,0,0,S,2,1,1152140,99.95,2007,28,62.84,32.28
51839,Historical,649138,0,0,S,1,0,838960,80.95,2007,18,70.41,75.84
51840,Historical,642227,0,0,S,1,0,273889,102.95,2012,35,0,0
51841,Historical,177456,0,0,S,1,0,1304646,163.95,2002,40,0,33.99
51842,Historical,115467,0,0,S,1,0,350117,94.2,2008,45,63.99,58.09
51843,Historical,255787,1,1,S,2,1,773178,58.95,2007,93,41.77,8.93
51844,Historical,197303,1,1,S,2,1,953958,59.95,2008,27,30.99,44.14
51845,Historical,608464,0,0,S,12,1,1658989,64.95,2008,25,91.42,69.26
51846,Historical,128131,0,0,S,0,0,1207107,80,2002,11,31.54,42.94
51847,Historical,861350,0,0,S,5,1,640536,117.4,2013,23,89.5,103.96
51848,Historical,54294,0,0,S,3,1,191540,110,2003,115,89.5,20.98
51849,Historical,1639906,0,0,S,0,0,398298,34.95,2009,14,28.97,79.53
51850,Historical,231541,0,0,S,3,1,317295,96.95,1997,48,5.74,30.15
51851,Historical,2561944,0,0,S,0,0,1893845,141,1969,20,48.99,118.83
51852,Historical,131634,0,0,S,2,1,979468,116.6,2003,28,104.09,33.98
51853,Historical,500144,1,8,S,0,0,22282,36.95,2011,31,40.73,19.73
51854,Historical,574803,0,0,S,0,0,637504,49.95,2011,55,32.24,11.98
51855,Historical,254607,0,0,S,4,1,96657,49.95,2011,74,26.99,33.99
51856,Historical,870771,1,1,S,6,1,1148007,12.99,2009,51,48.99,13.98
51857,Historical,776008,0,0,S,4,1,332839,43.95,2007,98,23.92,13.09
51858,Historical,614711,0,0,S,5,1,288382,49.95,2010,85,23.92,23.99
51859,Historical,911706,0,0,S,0,0,240560,22.75,1996,23,39.92,53.42
51860,Historical,594436,0,0,S,0,0,1072476,49.95,2011,26,43.47,38.8
51861,Historical,162844,0,0,S,1,0,25224,49.99,2010,71,29.49,27.87
51862,Historical,907133,0,0,S,0,0,2375689,34.95,2007,18,25.04,10.89
51863,Historical,119040,0,0,S,4,1,311834,55,2011,23,35.99,48.99
51864,Historical,118223,0,0,S,3,1,2781679,29.94,2008,20,43.14,29.94
51865,Historical,119041,0,0,S,4,1,441328,55,2011,34,43.14,17.99
51866,Historical,290268,0,0,S,1,0,697562,39.99,2011,15,24.52,12.47
51867,Historical,117723,0,0,S,3,1,78120,153.33,2006,99,5.1,18.49
51868,Historical,51417,0,0,S,8,1,1269398,144.33,2007,102,78.99,11.99
51869,Historical,120015,0,0,S,1,0,990916,58,2009,68,11.74,5.97
51870,Historical,286207,0,0,S,8,1,1883318,122,2005,21,103.2,23.99
51871,Historical,907876,1,1,S,3,1,2495724,58,1996,20,49.94,33.94
51872,Historical,757733,0,0,S,1,0,223466,90,2002,16,46.98,9.99
51873,Historical,53794,0,0,S,5,1,1091078,162.67,2003,70,91.42,20.65
51874,Historical,894879,0,0,S,6,1,42092,39.99,2014,24,27.68,32.93
51875,Historical,530505,0,0,S,8,1,1034493,62.4,2008,27,35.41,94.21
51876,Historical,577367,0,0,S,5,1,1747786,81.95,2004,27,81.24,22.96
51877,Historical,142135,0,0,S,7,1,335821,53.97,2010,25,0,0
51878,Historical,162629,0,0,S,5,1,1005995,40,2008,35,26.49,13.98
51879,Historical,621621,0,0,S,2,1,3035043,53,2006,31,19.9,4.29
51880,Historical,629639,0,0,S,3,1,424717,55,1992,21,25.44,68.55
51881,Historical,192394,0,0,S,4,1,202290,77.95,2003,49,25.44,48.99
51882,Historical,921985,0,0,S,6,1,2772534,0,2005,66,23.49,103.11
51883,Historical,229125,0,0,S,2,1,2114590,36.95,2006,30,38,43.1
51885,Historical,895497,0,0,S,2,1,1414109,68,2002,17,94.84,44.95
51886,Historical,774465,0,0,S,3,1,1425461,64.95,2004,27,43.94,73.7
51887,Historical,192805,0,0,S,2,1,2930794,37.95,2001,18,43.94,38.24
51888,Historical,61006,0,0,S,5,1,2743283,7.13,2003,45,104.15,7.13
51889,Historical,537826,1,2,S,2,1,4151,200,2012,148,43.98,28.97
51890,Historical,245143,0,0,S,5,1,2089310,212.95,2004,42,36.59,9.31
51891,Historical,880025,0,0,S,2,1,1169668,55.69,2009,53,56.49,31.02
51892,Historical,169189,0,0,S,3,1,892709,115.95,2006,19,80.16,30.78
51893,Historical,251781,0,0,S,2,1,1173457,137.95,2008,15,84.71,169.48
51894,Historical,556289,0,0,S,2,1,1505248,29.95,2006,25,32.51,23.99
51895,Historical,105272,0,0,S,7,1,442906,86.75,2007,26,106.29,55.49
51896,Historical,560668,0,0,S,6,1,1337316,60,1997,32,29.83,28.97
51897,Historical,906165,0,0,S,2,1,3073984,20,1988,22,46.62,72.57
51898,Historical,164674,0,0,S,6,1,2845488,142.36,2003,17,11.26,77.81
51899,Historical,118039,0,0,S,9,1,293081,93.8,2005,21,4.66,33.99
51900,Historical,1449192,1,1,S,11,1,1690107,71,2006,13,58.66,18.98
51901,Historical,609471,0,0,S,3,1,513848,50.95,2003,15,48.68,48.87
51902,Historical,609595,1,2,S,4,1,2970640,98.95,2008,21,48.68,33.98
51903,Historical,2373744,0,0,S,6,1,582590,63.4,2003,19,31.31,11.98
51904,Historical,109935,0,0,S,7,1,1443151,0,2007,19,83.98,55.74
51905,Historical,907258,0,0,S,7,1,2644587,101.9,2007,22,83.98,51.96
51906,Historical,906774,0,0,S,3,1,1359852,184.95,1998,22,78.93,43.25
51907,Historical,538506,0,0,S,6,1,953253,134.25,2009,28,87.58,73.99
51908,Historical,248116,0,0,S,2,1,910740,92,2009,72,65.67,23
51909,Historical,212558,0,0,S,3,1,1061878,81.6,2006,22,59.21,23.88
51910,Historical,152335,0,0,S,0,0,1429288,89.95,2006,29,79.96,52.94
51911,Historical,2641157,0,0,S,3,1,3858577,95.95,2004,39,88.42,12.82
51912,Historical,544437,0,0,S,1,0,358480,67.95,2012,67,54.23,34.58
51913,Historical,243840,0,0,S,1,0,1087889,80.95,2010,62,54.23,7.36
51914,Historical,490113,1,2,S,0,0,270925,112.63,2009,35,38.87,119.49
51915,Historical,116402,0,0,S,1,0,763400,114.67,2007,42,38.87,21.99
51916,Historical,809190,1,12,S,5,1,724822,40,2012,11,142.99,43.99
51917,Historical,530479,0,0,S,5,1,445229,58.95,2010,30,48.8,47.99
51918,Historical,107388,0,0,S,4,1,330735,22.74,2004,56,48.8,18.98
51919,Historical,2905141,0,0,S,0,0,1182594,87.13,2002,36,78.94,56.69
51920,Historical,868707,1,1,S,0,0,327577,55,2001,174,36.01,16.98
51921,Historical,911891,1,1,S,1,0,1167808,119.77,2000,20,35.79,63.86
51922,Historical,530476,0,0,S,2,1,649248,107.95,2011,26,63.19,150.95
51923,Historical,254546,1,1,S,2,1,34705,165.95,2011,38,63.19,58.99
51924,Historical,132132,0,0,S,3,1,748590,129,2005,39,29.13,47.73
51925,Historical,609913,0,0,S,3,1,12769,49.95,2013,66,26.98,38.36
51926,Historical,2257677,0,0,S,2,1,257772,18.64,2010,31,0,24.42
51927,Historical,52824,0,0,S,1,0,403196,18.17,2007,82,113.48,10.74
51928,Historical,294369,1,1,S,2,1,35098,40,2006,128,35.34,26.55
51929,Historical,877904,0,0,S,4,1,2933535,101.33,2009,17,72.11,118.13
51930,Historical,54289,0,0,S,6,1,491842,60.95,2005,137,23.98,7.98
51931,Historical,320209,0,0,S,2,1,2289102,54.95,2004,33,54.99,10.59
51932,Historical,922205,0,0,S,7,1,1378670,29.79,2008,117,93.9,28.47
51933,Historical,50045,1,1,S,8,1,102272,146.5,2009,123,93.9,33.49
51934,Historical,467342,0,0,S,7,1,794384,22.99,2007,112,93.9,21.98
51935,Historical,252573,0,0,S,7,1,1172388,0,2007,55,46.47,48.59
51936,Historical,498151,0,0,S,8,1,706557,17.99,2010,28,46.47,24.96
51937,Historical,176598,0,0,S,2,1,2801696,335.95,1997,25,4,16.95
51938,Historical,914540,0,0,S,7,1,1933734,186.67,2005,19,36.98,69.09
51939,Historical,244991,1,3,S,1,0,544355,84.95,2004,53,39.47,12.78
51940,Historical,128183,0,0,S,1,0,365005,105,2006,29,48.96,73.91
51941,Historical,228667,0,0,S,3,1,546500,49.95,1999,45,55.94,13.42
51942,Historical,165069,1,3,S,2,1,646708,65,2001,86,27.85,10.4
51943,Historical,206417,0,0,S,2,1,1523379,73.95,2008,29,66.98,69.93
51944,Historical,547299,0,0,S,1,0,783194,89.95,2010,25,30.99,62.29
51945,Historical,192008,0,0,S,8,1,135761,15.09,2007,33,49.99,25
51946,Historical,410911,0,0,S,0,0,1069180,40,2010,19,60.65,57.9
51947,Historical,116961,1,2,S,5,1,836700,64.8,2006,35,4.83,15.57
51948,Historical,919326,0,0,S,0,0,1726336,52.95,1995,40,13.99,26.94
51949,Historical,606879,0,0,S,3,1,765420,209.79,2007,32,78.99,67.81
51950,Historical,698349,0,0,S,2,1,960096,0,2000,21,78.99,65.94
51951,Historical,248133,0,0,S,2,1,232214,38.95,2009,70,24.88,16.43
51952,Historical,2560456,0,0,S,2,1,3029113,71.78,1981,23,35.82,54.16
51953,Historical,596942,0,0,S,2,1,843501,60,2006,52,8.84,13.76
51954,Historical,248034,0,0,S,4,1,36920,106,2009,112,46.81,70.82
51955,Historical,613438,0,0,S,3,1,352905,61.95,2005,55,46.81,10.99
51956,Historical,613297,0,0,S,1,0,46570,60,1974,113,49.56,48.26
51957,Historical,860769,0,0,S,2,1,2854266,212.87,2012,18,143.39,198.99
51958,Historical,392604,0,0,S,2,1,1522439,89.95,2009,33,54.61,41
51959,Historical,268689,0,0,S,2,1,3902008,64.95,2006,16,54.61,18.99
51960,Historical,797597,0,0,S,2,1,4427921,109.95,2003,21,96.73,11.74
51961,Historical,2869260,0,0,S,1,0,1144815,85,1987,33,49.56,32.99
51962,Historical,52690,0,0,S,13,1,1260436,72.2,2004,46,77.04,8.97
51963,Historical,270107,1,1,S,5,1,828151,212,2011,45,83.85,57.35
51964,Historical,408367,0,0,S,2,1,177886,81,2001,26,0,0
51965,Historical,897699,0,0,S,2,1,1967600,85,2007,17,35.99,57.02
51966,Historical,875226,0,0,S,8,1,250842,52.99,2011,11,137.78,103.54
51967,Historical,910152,1,1,S,0,0,303975,104,1992,31,45.62,54.99
51968,Historical,162779,0,0,S,2,1,455341,60,2010,20,50.41,52.14
51969,Historical,870824,1,1,S,8,1,220815,115.2,2007,53,77.84,31.71
51970,Historical,907165,0,0,S,2,1,1152476,45.95,2006,14,18.19,24.48
51971,Historical,822852,0,0,S,2,1,1452546,31.95,1993,22,21.56,23.98
51972,Historical,307834,0,0,S,6,1,2780206,81.5,2007,11,193.84,675
51973,Historical,637241,0,0,S,10,1,972929,57.95,2007,26,0,23.09
51974,Historical,607161,0,0,S,7,1,2807492,106,2001,44,33.99,12.06
51975,Historical,60381,0,0,S,8,1,1426866,124.2,2004,56,33.99,10.51
51976,Historical,617615,0,0,S,2,1,2889514,51.5,2004,34,18.34,9.71
51977,Historical,2036952,0,0,S,3,1,259614,78.64,2008,40,0,18.59
51978,Historical,614321,1,2,S,1,0,739740,124.2,2005,35,83.76,50.19
51979,Historical,642846,0,0,S,0,0,259304,72.95,2007,40,10.27,46.61
51980,Historical,582989,0,0,S,7,1,3007584,41.95,2011,8,0,0
51982,Historical,231464,1,1,S,3,1,594240,49.95,1998,25,9.57,22.55
51983,Historical,1623943,0,0,S,1,0,651434,45,2008,35,20.99,12.49
51984,Historical,1445459,0,0,S,2,1,2221884,81.95,2008,15,38.99,56.1
51985,Historical,586526,0,0,S,6,1,2225370,80,2006,15,137.9,145.82
51986,Historical,505043,0,0,S,1,0,991843,212,2010,66,0,0
51987,Historical,1507080,0,0,S,6,1,9906438,14,2009,11,0,120.37
51988,Historical,193538,0,0,S,2,1,2514131,146,2007,21,200.41,34.14
51989,Historical,265876,0,0,S,5,1,3725449,134,2004,15,151.57,55.29
51990,Historical,193722,0,0,S,3,1,777906,221,2011,83,200.41,13.99
51991,Historical,610191,0,0,S,6,1,748916,35,2008,14,151.57,33.24
51992,Historical,143234,0,0,S,4,1,2019978,171,2008,32,8.99,105.99
51993,Historical,738369,0,0,S,2,1,7196055,88,2002,14,8.99,13.94
51994,Historical,649133,0,0,S,6,1,1120272,41,2007,28,39.49,23.98
51995,Historical,905180,0,0,S,0,0,302492,42,2014,41,38.99,9.64
51996,Historical,864957,0,0,S,2,1,1878172,305.73,2013,11,275.36,305.73
51997,Historical,630577,0,0,S,3,1,802929,204,2012,50,46.58,11.43
51998,Historical,193614,0,0,S,2,1,1916070,135,2008,27,46.58,44.94
51999,Historical,540483,0,0,S,4,1,878490,190,2009,30,139.76,53.99
52000,Historical,120597,1,1,S,6,1,293435,233.4,2009,45,172.33,162.15
52001,Historical,914969,0,0,S,4,1,629160,169,2000,29,113.99,70.29
52002,Historical,904265,0,0,S,2,1,2298288,79.99,2003,14,98.99,55.05
52003,Historical,592316,0,0,S,3,1,339787,85.95,2006,20,45.23,109.99
52004,Historical,2251906,0,0,S,3,1,10350425,56.15,2008,38,27.15,50.12
52005,Historical,618286,0,0,S,3,1,327996,47,2008,65,27.15,37.24
52006,Historical,147368,0,0,S,6,1,2622141,39.95,2005,20,54.86,26.56
52007,Historical,147098,0,0,S,6,1,876219,39.95,2004,29,54.86,29.99
52008,Historical,530415,0,0,S,2,1,949132,57.95,2006,16,37.8,21.32
52009,Historical,789157,0,0,S,3,1,1895648,118.5,2003,20,79.31,43.99
52010,Historical,2428827,0,0,S,1,0,272880,75,1995,22,31.49,83.78
52011,Historical,644618,0,0,S,7,1,403087,39.99,2012,22,27.02,39.99
52012,Historical,245245,0,0,S,3,1,944286,108.95,2005,23,53.12,32.87
52013,Historical,164323,0,0,S,3,1,1772004,147.95,2002,22,48.16,17.39
52014,Historical,616410,0,0,S,9,1,664698,58.67,2000,42,50.48,19.32
52015,Historical,557238,0,0,S,6,1,1048691,48,2004,28,66.16,28.93
52016,Historical,755174,0,0,S,3,1,3696064,49.95,2003,14,21.99,69.45
52017,Historical,788757,0,0,S,2,1,3212651,39.95,1999,21,35.09,9.99
52018,Historical,147039,0,0,S,2,1,2315739,47.95,2003,28,34.98,39.98
52019,Historical,530408,0,0,S,3,1,795912,54.95,2008,18,34.98,30.67
52020,Historical,322765,0,0,S,6,1,1303965,74,2009,20,47.48,24.49
52021,Historical,131976,0,0,S,5,1,1523235,63.6,2006,33,47.48,7.99
52022,Historical,869727,0,0,S,7,1,4307592,72.65,1997,14,46.94,54.63
52023,Historical,609663,0,0,S,7,1,1119789,0,1997,44,46.94,46.47
52024,Historical,630276,0,0,S,1,0,509167,113.33,2003,22,114.75,113.33
52025,Historical,2697966,0,0,S,3,1,1793185,59.95,2001,17,32.65,69.75
52026,Historical,607362,0,0,S,6,1,173494,110.4,2003,30,89.07,49.99
52027,Historical,50459,0,0,S,9,1,69921,105.97,2009,72,73.99,33.99
52028,Historical,156777,0,0,S,3,1,2428494,39.95,1999,44,20.76,15.98
52029,Historical,307501,0,0,S,2,1,539200,60.39,2002,10,129.22,93.97
52030,Historical,58486,1,4,S,5,1,946904,230.95,2008,34,107.95,59.33
52031,Historical,58490,0,0,S,4,1,1647096,243.95,2005,38,107.95,6.48
52032,Historical,530400,0,0,S,8,1,980161,39.99,2010,37,18.99,7.99
52033,Historical,50800,0,0,S,5,1,2066332,13.69,2004,68,76.48,10
52034,Historical,551140,0,0,S,1,0,428666,33.89,2012,32,102.99,51.85
52035,Historical,111608,1,1,S,2,1,357697,337,2010,43,102.99,1821.92
52036,Historical,1492185,0,0,S,14,1,4352662,117.5,2010,20,175.85,49.18
52037,Historical,530397,0,0,S,15,1,3981544,106,2011,23,175.85,72.47
52038,Historical,50795,0,0,S,8,1,233189,249.87,2009,176,83.78,15.48
52039,Historical,553935,0,0,S,8,1,1798840,162.47,2009,40,83.78,4
52040,Historical,2160354,1,1,S,2,1,1086366,43.99,2013,35,0,43.19
52041,Historical,616099,1,1,S,2,1,94619,53.99,2014,48,0,0
52042,Historical,543973,1,4,S,2,1,392821,46.03,2012,29,158.98,73.95
52043,Historical,50825,0,0,S,7,1,1381922,15.99,2008,73,74.02,7.95
52044,Historical,54734,0,0,S,4,1,612675,215.75,2006,87,103.98,9.98
52045,Historical,52474,0,0,S,6,1,303141,8.99,2008,210,151.91,8.98
52046,Historical,50858,0,0,S,7,1,1262860,219.95,2005,57,11.92,30.54
52047,Historical,111122,0,0,S,6,1,690661,11.98,2008,63,151.91,22.41
52048,Historical,162304,0,0,S,6,1,2547116,33.99,2007,15,50.58,33.99
52049,Historical,608276,0,0,S,7,1,2106088,33.91,2010,18,50.58,13.5
52050,Historical,53234,1,1,S,6,1,1311839,318.95,2007,62,29.83,45.64
52051,Historical,566036,0,0,S,5,1,291038,132.95,2009,40,63.02,18.99
52052,Historical,50859,0,0,S,10,1,1590252,222.95,2007,27,11.92,110.63
52053,Historical,148510,0,0,S,10,1,1416894,329.95,2006,72,181.91,21.48
52054,Historical,167364,0,0,S,7,1,7907667,70,2007,13,144.07,41.19
52055,Historical,166898,0,0,S,7,1,1792639,225,2005,20,144.07,33.86
52056,Historical,50844,0,0,S,5,1,1034914,8.91,2005,26,132.94,53.43
52057,Historical,2254539,0,0,S,11,1,4210664,117.48,2009,31,165.11,64.37
52058,Historical,120729,0,0,S,3,1,288833,249,2009,30,267.97,162.69
52059,Historical,201792,0,0,S,2,1,1366735,48.95,2010,32,38.56,50.07
52060,Historical,366664,0,0,S,2,1,3603232,99.95,2010,14,38.56,88.25
52061,Historical,50337,0,0,S,13,1,57454,391.95,2010,126,103.92,44.92
52062,Historical,50854,0,0,S,8,1,319201,266.95,2007,36,168.98,69.13
52063,Historical,762022,0,0,S,2,1,2871755,55,2006,18,24.3,29.98
52064,Historical,618639,0,0,S,2,1,129966,69,2004,66,42.99,18.99
52065,Historical,891117,0,0,S,9,1,1534012,165,1990,16,101.98,73.98
52066,Historical,540630,0,0,S,10,1,531706,223.2,2011,35,69.39,182.97
52067,Historical,169675,0,0,S,8,1,3781131,256.95,2007,35,121.16,13.76
52068,Historical,289296,0,0,S,0,0,629315,109,2003,15,53.99,35.99
52069,Historical,152748,0,0,S,0,0,628763,109,2003,14,53.99,47.95
52070,Historical,625224,0,0,S,0,0,126822,35.95,2011,38,32.57,109.79
52071,Historical,628830,0,0,S,2,1,413500,94.95,2007,22,66.21,258.06
52072,Historical,200325,1,3,S,1,0,508778,108.95,2011,35,114.35,109.79
52073,Historical,565494,0,0,S,0,0,494027,9.99,2006,195,71.09,6.56
52074,Historical,157152,0,0,S,2,1,2733718,107.95,2004,15,95.82,68.79
52075,Historical,249951,0,0,S,3,1,352009,129.95,2008,29,33.94,69.24
52076,Historical,117737,0,0,S,1,0,179009,43.99,2007,74,32.35,17.59
52077,Historical,285014,0,0,S,2,1,1796415,46.95,2006,23,22.19,21.57
52078,Historical,701158,0,0,S,1,0,931524,76,2007,28,50.98,18.99
52079,Historical,701409,0,0,S,2,1,2043857,85.95,2008,25,37.98,23.04
52080,Historical,606764,0,0,S,2,1,1567337,45.95,2005,57,27.87,9.99
52081,Historical,538187,0,0,S,1,0,214866,58,2008,28,40.27,36.81
52082,Historical,1435162,0,0,S,1,0,612240,59.95,2006,15,40.27,72.88
52083,Historical,700857,0,0,S,2,1,1482881,45.95,2007,26,26.98,33.99
52084,Historical,106243,0,0,S,2,1,884551,45.95,2005,49,30.98,13.99
52085,Historical,530343,0,0,S,2,1,52135,51,2009,59,15.97,27.96
52086,Historical,106179,0,0,S,5,1,2527370,44.95,2005,48,20.97,5.89
52087,Historical,270058,0,0,S,10,1,459798,175,2008,13,103.99,103.99
52088,Historical,264932,0,0,S,2,1,1696714,97.95,2005,12,72.83,76.46
52089,Historical,876278,0,0,S,7,1,809670,0,2007,16,123.99,238.44
52090,Historical,622742,1,3,S,3,1,305199,57,2007,72,29.59,24.34
52091,Historical,788924,0,0,S,5,1,4017436,149,2001,14,105.62,128.8
52092,Historical,637978,0,0,S,4,1,330617,92,1999,24,36.12,68.98
52093,Historical,665149,0,0,S,10,1,95161,178,2012,34,84.17,42.95
52094,Historical,530320,0,0,S,8,1,190420,12.12,2008,63,84.17,8.18
52095,Historical,862049,1,2,S,11,1,15300,105.95,2014,65,67.49,63.94
52096,Historical,632159,0,0,S,6,1,37923,94,2012,76,49.08,43.97
52097,Historical,1573949,0,0,S,4,1,1679676,76.95,2006,31,13.19,4.83
52098,Historical,106421,0,0,S,7,1,1149660,459,2007,18,189.74,86.48
52099,Historical,161763,0,0,S,2,1,525502,45,2007,11,32.59,65.38
52100,Historical,744146,0,0,S,2,1,4016820,150.95,2001,26,44.54,8.84
52101,Historical,204811,0,0,S,3,1,2308808,65,1996,25,30.47,19.19
52102,Historical,147406,0,0,S,1,0,643826,35.95,2006,14,35.98,21.94
52103,Historical,534367,0,0,S,9,1,83388,94.95,1994,70,0,33.87
52104,Historical,1651427,0,0,S,2,1,2007070,96.95,2007,14,29.05,26
52105,Historical,147594,0,0,S,3,1,200045,39.95,2009,22,23.97,40.98
52106,Historical,788166,0,0,S,2,1,2280093,240.95,2000,26,98.47,18.91
52107,Historical,864651,0,0,S,34,1,446078,42.17,2011,20,44.95,46.75
52108,Historical,1656862,0,0,S,3,1,795483,31.95,2009,22,57.7,15.57
52109,Historical,56069,0,0,S,2,1,3279359,96.6,2005,62,105.22,9.86
52110,Historical,203345,0,0,S,4,1,1482314,43.95,2000,42,33.99,8.98
52111,Historical,192581,1,1,S,3,1,1754443,117,2005,18,93.99,49.75
52112,Historical,166962,0,0,S,6,1,2490811,52.99,2005,27,183.98,55.75
52113,Historical,870507,0,0,S,1,0,653185,0,2004,23,182.02,73.98
52114,Historical,121426,0,0,S,1,0,1134231,144,1998,29,86.44,101.35
52115,Historical,104119,0,0,S,9,1,763857,74.75,1997,23,50.98,43.99
52116,Historical,114809,0,0,S,6,1,1059666,131.8,2002,29,105.35,71.23
52117,Historical,709905,1,1,S,5,1,465824,113.33,1999,21,105.35,52.54
52118,Historical,621313,1,4,S,3,1,134276,57.32,2011,55,19.99,28.99
52119,Historical,119096,1,1,S,4,1,10076,57.32,2011,79,38.99,22.96
52120,Historical,117875,0,0,S,3,1,456007,59.07,2005,47,22.74,13.4
52121,Historical,117876,0,0,S,3,1,1435420,34.07,2005,43,22.74,11.12
52122,Historical,60391,0,0,S,2,1,121473,51.82,2007,69,17.98,8.98
52123,Historical,681770,0,0,S,11,1,1259642,24.96,2006,14,0,132.99
52124,Historical,622338,0,0,S,3,1,1578210,89.95,2003,23,37.99,23.99
52125,Historical,1478282,0,0,S,1,0,1343249,135,2012,15,0,44.87
52126,Historical,365067,0,0,S,3,1,3586069,45.95,1998,13,46.05,26.07
52127,Historical,765034,0,0,S,3,1,1583194,77.95,2000,30,102.39,28.59
52128,Historical,607140,1,6,S,11,1,344918,103,2000,35,122.14,86.93
52129,Historical,501705,0,0,S,3,1,1386635,169.95,2007,14,63.97,113.41
52130,Historical,1559598,0,0,S,1,0,500736,35.95,2009,26,31.11,32.36
52131,Historical,114689,0,0,S,10,1,1967248,98,2004,59,123.1,7.99
52132,Historical,607443,0,0,S,7,1,86864,138.4,2009,56,123.54,13.44
52133,Historical,773952,0,0,S,4,1,1110325,87.8,1997,54,89,19.94
52134,Historical,56799,0,0,S,8,1,417800,109.09,2008,62,81.63,90.57
52135,Historical,616926,1,1,S,5,1,18535,46,2012,30,0,0
52136,Historical,217687,0,0,S,5,1,1167687,69.99,1995,20,130.65,68.59
52138,Historical,152648,0,0,S,0,0,1276031,189,2004,26,208.94,34.32
52140,Historical,633789,1,1,S,2,1,132941,50,2012,50,33.84,37.35
52141,Historical,737456,0,0,S,3,1,1877821,173,2007,12,114.97,23.99
52142,Historical,167295,0,0,S,2,1,1555715,55,2006,30,42.87,42.96
52143,Historical,909566,0,0,S,3,1,1714774,74.95,2004,15,78.48,43.94
52144,Historical,642610,0,0,S,2,1,398620,50.67,2007,21,78.48,45.87
52145,Historical,624254,0,0,S,2,1,1251986,89.95,2007,26,63.97,36.99
52146,Historical,907028,0,0,S,2,1,1342214,108.2,2008,16,91.6,123.49
52147,Historical,118169,0,0,S,2,1,1897566,191.2,2007,19,93.74,74.8
52148,Historical,178859,0,0,S,1,0,241611,131.95,2011,40,110.65,83.55
52149,Historical,618979,0,0,S,1,0,295530,92.25,2008,61,36.96,24.21
52150,Historical,665716,0,0,S,2,1,2006221,194.47,2012,15,152.79,0
52151,Historical,100464,1,1,S,2,1,2038599,100,1996,21,512.63,88.53
52152,Historical,668216,0,0,S,1,0,2181955,95,2002,20,145.53,65.07
52153,Historical,217753,0,0,S,5,1,1571010,104.99,2007,22,69.89,159.44
52154,Historical,868449,0,0,S,4,1,2243170,84.99,2003,20,69.89,53.65
52155,Historical,906617,0,0,S,8,1,226306,44.99,2013,19,31.75,27.82
52156,Historical,545031,1,1,S,7,1,502599,44.99,2011,30,31.75,33.59
52157,Historical,104579,0,0,S,3,1,3127239,68,1995,33,76.63,50.09
52158,Historical,108075,0,0,S,2,1,1054668,160.34,2003,27,41.98,103.84
52159,Historical,2332376,1,1,S,2,1,1261003,45,1992,15,92.2,22.78
52160,Historical,890701,1,1,S,2,1,1640588,0,2012,8,204.51,26.44
52161,Historical,2347472,0,0,S,2,1,3153357,128.58,1992,11,77.79,241.52
52162,Historical,203478,0,0,S,2,1,1189797,135,2002,31,33.64,19.65
52163,Historical,483615,0,0,S,1,0,1137534,45,2007,24,60.45,75.89
52164,Historical,50085,0,0,S,6,1,1002612,9.79,2006,94,123.22,27.99
52165,Historical,50084,0,0,S,5,1,2336086,21.99,2004,82,123.22,21.99
52166,Historical,2575558,0,0,S,4,1,824712,21.79,1986,22,43.03,66.69
52167,Historical,244134,0,0,S,1,0,517846,128.95,2011,38,93.87,102.89
52168,Historical,244394,0,0,S,12,1,183835,317.95,2012,38,188.42,151.77
52169,Historical,177115,0,0,S,8,1,1642433,147.95,2004,32,188.42,9.94
52170,Historical,534753,1,2,S,5,1,92031,124.99,2012,48,49.89,59.17
52171,Historical,879841,0,0,S,9,1,80587,163.33,2013,37,113.19,108.99
52172,Historical,879829,0,0,S,8,1,661000,190.2,2010,31,113.19,303.98
52173,Historical,118110,0,0,S,2,1,2630764,143.8,2005,18,33.99,66.05
52174,Historical,165704,0,0,S,11,1,1506853,59.13,2003,32,74.42,43.07
52175,Historical,159530,0,0,S,2,1,214359,169.99,2005,27,146.78,118.7
52176,Historical,597956,0,0,S,3,1,1141140,53.95,2003,21,38.98,26.16
52177,Historical,738981,0,0,S,3,1,1187244,101,1998,27,38.98,42.83
52178,Historical,50093,0,0,S,11,1,855455,67.96,2003,68,48.8,25.98
52179,Historical,176956,0,0,S,1,0,1341164,181.95,2002,29,87.51,15.83
52180,Historical,243978,0,0,S,1,0,310518,47.95,2012,17,0,0
52181,Historical,2502924,0,0,S,0,0,916879,149,2000,20,129.49,84.95
52182,Historical,145806,0,0,S,4,1,2109700,233.33,2008,36,108.06,5.46
52183,Historical,640272,0,0,S,2,1,898212,84.75,2012,20,55.96,33.99
52184,Historical,131743,0,0,S,4,1,1034052,96.67,2003,48,15.93,11.99
52185,Historical,877980,0,0,S,10,1,3088370,0,2008,28,127.92,48.42
52186,Historical,609124,0,0,S,4,1,1535696,317.95,2002,17,45.6,24.76
52187,Historical,50103,0,0,S,12,1,749636,8.16,2006,85,144.83,8.71
52188,Historical,110203,0,0,S,13,1,1292115,245,2008,65,144.83,28.92
52189,Historical,249768,0,0,S,4,1,1386044,191.95,2006,30,7.91,10.49
52190,Historical,52509,0,0,S,3,1,53139,125.07,2006,45,78.99,42.98
52191,Historical,537386,0,0,S,6,1,38809,244.8,2012,72,78.99,33.98
52192,Historical,245015,0,0,S,2,1,2596649,110.95,2004,29,23.38,9.46
52193,Historical,499535,0,0,S,5,1,3110656,138.95,2010,15,58.99,491.17
52194,Historical,288839,0,0,S,4,1,864974,49.95,2008,104,23.99,13.61
52195,Historical,561115,0,0,S,4,1,534565,170.67,2008,46,59.68,16.99
52196,Historical,551751,0,0,S,4,1,1188153,58.95,2001,41,26.79,9.46
52197,Historical,2070439,0,0,S,8,1,959775,88,2009,15,87.41,18.98
52198,Historical,623395,0,0,S,2,1,1414591,11.99,2005,26,0,15.99
52199,Historical,803829,0,0,S,5,1,6289510,115,2005,9,118.94,109.84
52200,Historical,300974,1,1,S,2,1,809995,67,2009,59,67.49,41.32
52201,Historical,201029,0,0,S,2,1,2520832,89.95,1998,29,23.98,77.79
52202,Historical,145653,0,0,S,4,1,2633059,95.4,2007,35,21.87,23.99
52203,Historical,907059,0,0,S,7,1,1994053,71.76,2006,23,98.99,61.71
52204,Historical,107208,0,0,S,6,1,805736,18.99,2000,23,98.99,58.51
52207,Historical,188001,0,0,S,5,1,479326,86.95,2002,69,60.03,15.76
52208,Historical,638429,0,0,S,2,1,1256043,70,2003,21,52.04,53.47
52209,Historical,120758,1,1,S,4,1,274751,170.6,2008,46,133.99,68.8
52210,Historical,137467,1,1,S,9,1,3188486,77.5,2002,27,63.99,55.77
52211,Historical,431034,0,0,S,10,1,2068926,97.5,2005,14,63.99,63.53
52212,Historical,608399,0,0,S,3,1,2465881,84.5,2006,20,27.05,23.94
52213,Historical,2614073,0,0,S,0,0,681825,110,2002,64,56.3,45
52214,Historical,287208,0,0,S,4,1,1385668,115,2007,38,103.3,78.69
52215,Historical,225453,0,0,S,0,0,728846,39.95,2000,31,116.99,43.19
52216,Historical,2320221,0,0,S,3,1,809050,70,1983,24,32.21,71.94
52217,Historical,2311360,0,0,S,4,1,3510347,0,1988,22,32.21,52.13
52218,Historical,112922,1,2,S,1,0,1161210,117,2002,29,50.92,51.14
52219,Historical,300407,0,0,S,8,1,1261840,201,2011,33,7.15,18.97
52220,Historical,660501,0,0,S,0,0,16757,35,2004,60,38.99,22.44
52221,Historical,142042,1,3,S,2,1,75089,31.05,2011,103,28.02,7.99
52222,Historical,551521,0,0,S,2,1,1040587,97.95,2009,27,45.11,83.37
52223,Historical,2595552,0,0,S,1,0,641041,164.99,1988,33,58.99,45.53
52224,Historical,624408,0,0,S,2,1,832113,38.99,2007,35,33.74,14.92
52225,Historical,2396966,0,0,S,5,1,2679983,36.95,1994,24,8.08,37.01
52226,Historical,144803,0,0,S,7,1,1882819,64,2004,38,75.52,41.74
52227,Historical,607828,0,0,S,6,1,3233811,50.4,1999,26,75.52,8.99
52228,Historical,738891,0,0,S,6,1,3225998,50.4,1999,23,43.71,8
52229,Historical,608776,0,0,S,3,1,912915,181.95,2004,35,63.5,77.21
52230,Historical,2602404,0,0,S,1,0,1459378,105,1995,36,50.24,50.35
52231,Historical,2777924,0,0,S,2,1,1260304,135,1989,23,68.92,73.99
52232,Historical,530143,0,0,S,2,1,264058,56.95,2010,37,40.04,33.92
52233,Historical,210833,0,0,S,2,1,827048,60.95,2000,30,26.72,8.99
52234,Historical,638740,0,0,S,2,1,1358087,129.95,1999,26,154.98,83.99
52235,Historical,183662,0,0,S,1,0,616043,327.95,2007,53,28.99,38.89
52236,Historical,57568,0,0,S,3,1,251133,33.94,2006,56,115.99,32.77
52237,Historical,53124,0,0,S,19,1,1186235,11.99,2008,35,185.99,15.28
52238,Historical,53123,0,0,S,18,1,801744,16.98,2007,75,185.99,26.99
52239,Historical,906989,0,0,S,3,1,3113146,99,2001,15,48.96,54.4
52240,Historical,280157,0,0,S,4,1,1308294,59.95,2003,15,48.96,39.63
52241,Historical,495638,0,0,S,3,1,2985126,120,2008,13,35.98,53.47
52242,Historical,488814,1,1,S,4,1,642073,77,2007,27,0,0
52243,Historical,904317,1,1,S,3,1,4071458,99.95,2003,22,70.85,63.43
52244,Historical,226038,0,0,S,4,1,1121378,85.95,2007,21,70.85,35.12
52245,Historical,1659952,0,0,S,3,1,724199,64.99,2007,28,89.99,201.49
52246,Historical,54024,0,0,S,4,1,2430577,7.98,2006,56,118.99,7.98
52247,Historical,246218,0,0,S,1,0,953406,30.17,2007,57,45.99,11.53
52248,Historical,530135,1,1,S,10,1,44984,87.99,2012,101,21.46,39.96
52249,Historical,147602,0,0,S,3,1,112624,63.95,2010,42,50.59,43.96
52250,Historical,288780,0,0,S,2,1,1472397,50.95,2004,44,50.59,7.65
52251,Historical,618882,0,0,S,1,0,1082741,108.95,2008,44,0,0
52252,Historical,651322,1,1,S,8,1,380968,175.95,2013,35,98.99,73.99
52253,Historical,639179,0,0,S,7,1,611768,199.95,2010,43,98.99,68.65
52254,Historical,143313,1,1,S,2,1,654681,145,2010,24,84.33,85.99
52255,Historical,919119,0,0,S,7,1,157773,156.25,2013,71,89.76,93.32
52256,Historical,50754,0,0,S,5,1,1441016,0,2007,16,89.76,190.81
52257,Historical,291693,0,0,S,9,1,2804512,116.95,2008,17,85.19,42.59
52258,Historical,178623,0,0,S,9,1,589386,116.95,2008,53,85.19,63.95
52259,Historical,61240,0,0,S,7,1,724502,19.99,2005,210,147.46,22.99
52260,Historical,54165,0,0,S,2,1,305905,122.95,2005,77,83.57,38.49
52261,Historical,245181,0,0,S,2,1,1361081,93.95,2004,35,78.99,10.99
52262,Historical,869897,0,0,S,2,1,1175381,109,2011,12,32.64,75.58
52263,Historical,152402,0,0,S,2,1,99681,109,2007,35,78.99,28.99
52264,Historical,877014,0,0,S,6,1,581399,148.71,2005,30,197.99,109.46
52265,Historical,55234,1,1,S,3,1,636915,152.95,2008,49,77.99,66.33
52266,Historical,132557,0,0,S,4,1,671525,130.6,2008,41,100.06,49
52267,Historical,530125,0,0,S,4,1,361449,69.95,2010,48,35.77,63.98
52268,Historical,603814,0,0,S,0,0,1291589,89.95,2004,26,86.3,57.99
52269,Historical,868473,0,0,S,2,1,4939889,93.95,2001,23,43.04,50.54
52270,Historical,109815,0,0,S,8,1,172540,23.94,2007,89,40.87,7.49
52271,Historical,50724,0,0,S,8,1,101283,60.48,2007,64,40.87,42.98
52272,Historical,270053,0,0,S,7,1,438651,180,2008,27,53.98,53.99
52273,Historical,289608,0,0,S,6,1,2427939,59.95,1996,34,42.7,38.98
52274,Historical,577379,0,0,S,3,1,1492238,225,2006,16,145.46,23.49
52275,Historical,145411,0,0,S,7,1,1216445,133.33,2007,36,92.6,50.81
52276,Historical,2680247,0,0,S,3,1,1691260,66.95,1971,24,33.98,53.37
52277,Historical,859679,0,0,S,4,1,99479,227,2008,31,102.98,87.39
52278,Historical,60412,1,1,S,3,1,74215,68.43,2006,30,102.98,62.7
52279,Historical,167314,1,1,S,6,1,1761754,62.67,2007,18,43.68,81.73
52280,Historical,642967,0,0,S,7,1,681772,77.39,2010,24,158.49,149.31
52281,Historical,285840,0,0,S,3,1,316822,62.8,2002,47,35.22,73.15
52282,Historical,2384874,0,0,S,4,1,1587536,105,1996,18,72.98,43.49
52283,Historical,279027,0,0,S,12,1,999409,32.79,2010,26,108.39,33.91
52284,Historical,906570,0,0,S,2,1,981576,389.54,2011,17,88.97,68.99
52285,Historical,530113,0,0,S,2,1,161192,109.95,2008,31,70.35,111.65
52286,Historical,227547,1,1,S,0,0,171134,79,2005,42,53.45,28.99
52287,Historical,909383,0,0,S,0,0,920648,290.18,1983,26,22.89,75.28
52288,Historical,290490,0,0,S,4,1,128688,53.99,2001,33,212.85,53.99
52289,Historical,61151,0,0,S,6,1,664752,26.13,2007,44,112.97,18.99
52290,Historical,716636,0,0,S,7,1,1009256,0,2010,14,112.97,53.99
52291,Historical,169638,0,0,S,3,1,1194170,391.95,2007,24,113.94,77.36
52292,Historical,206177,1,1,S,3,1,1180167,95,2008,46,48.19,13.6
52293,Historical,113080,0,0,S,5,1,79444,60,2006,54,38.91,39.95
52294,Historical,165274,0,0,S,5,1,330189,208.94,2001,55,103.99,71.63
52295,Historical,110987,1,1,S,1,0,465355,68.75,2008,52,0,114.59
52296,Historical,50769,1,1,S,2,1,1583393,18.73,2005,71,118.99,14.99
52297,Historical,56049,0,0,S,5,1,1164800,231.95,2008,60,129.31,8.98
52298,Historical,612433,0,0,S,2,1,55509,99.95,2013,41,69.75,60.22
52299,Historical,650003,0,0,S,11,1,328721,154.73,2010,18,113.75,28.64
52300,Historical,54302,0,0,S,4,1,689948,13.99,2006,45,140.49,12.23
52301,Historical,108895,1,1,S,3,1,1644453,14.17,2004,27,36.74,13.96
52302,Historical,184056,0,0,S,3,1,1627335,164.95,2006,27,98.94,20.45
52303,Historical,608809,0,0,S,2,1,1473779,171.95,2002,62,98.94,9.98
52304,Historical,60414,0,0,S,3,1,2679850,222.95,2003,37,74.94,40.95
52305,Historical,290377,1,1,S,1,0,1070644,145.95,2001,28,82.23,58.23
52306,Historical,193409,0,0,S,5,1,784577,112.95,2005,41,77.87,23.99
52307,Historical,56042,0,0,S,5,1,608055,325.95,2003,44,93.9,23.39
52308,Historical,183134,0,0,S,4,1,678793,241.95,2005,62,176.98,7.33
52309,Historical,199598,0,0,S,1,0,1117963,172,2004,38,190.51,68.97
52310,Historical,60415,0,0,S,2,1,521937,120.21,2004,33,111.99,68.49
52311,Historical,313045,0,0,S,4,1,1673300,59.4,2004,23,59.71,37.11
52312,Historical,165171,0,0,S,2,1,2639269,70,2001,24,53.36,8.69
52313,Historical,121632,0,0,S,5,1,2191134,109.67,2008,11,84.14,25.49
52314,Historical,505625,0,0,S,6,1,8254509,247.95,2008,19,22.19,73.43
52315,Historical,50701,0,0,S,5,1,3104104,89.95,2006,57,22.19,12.22
52316,Historical,264311,1,1,S,1,0,136874,49.99,2006,30,0,0
52317,Historical,163032,0,0,S,9,1,505843,53.97,2010,31,168.57,36.59
52318,Historical,54266,0,0,S,7,1,549035,67,2004,54,176.49,71.21
52319,Historical,165816,0,0,S,7,1,1307633,85.59,2004,27,61.49,16.75
52320,Historical,530075,0,0,S,9,1,765862,43.11,2010,41,61.49,26.93
52321,Historical,165537,0,0,S,7,1,894254,31.97,2005,43,88.35,31.97
52322,Historical,143287,0,0,S,7,1,154343,138,2008,24,152.89,8.14
52323,Historical,737596,0,0,S,6,1,1492707,105,2007,16,152.89,66.07
52324,Historical,907093,0,0,S,2,1,2044185,130,1998,18,196.64,46.87
52325,Historical,251816,0,0,S,10,1,634737,56.85,2008,24,45.81,48.99
52326,Historical,152307,0,0,S,3,1,515171,124,2006,11,68.99,26.82
52327,Historical,192480,0,0,S,3,1,1139071,93.95,2004,18,57.94,90.97
52328,Historical,845653,0,0,S,0,0,416434,80,1991,32,39.85,32.3
52329,Historical,908605,0,0,S,2,1,3290406,135,1993,17,103.99,73.57
52330,Historical,774836,1,1,S,4,1,1231082,59.95,1999,15,59.73,45.57
52331,Historical,203458,1,1,S,2,1,1764920,10.49,2002,35,34.54,10.49
52332,Historical,563117,0,0,S,0,0,772802,109,2008,21,113.17,59.53
52333,Historical,197862,0,0,S,2,1,991945,89.1,2010,34,9.48,73.41
52334,Historical,901037,0,0,S,3,1,3051077,78.8,1990,14,33.28,675
52335,Historical,192411,1,1,S,2,1,347032,65.95,2004,41,32.49,37.2
52336,Historical,530058,0,0,S,1,0,584322,0,2002,21,76.89,77.51
52337,Historical,530057,1,1,S,14,1,200057,127.5,2008,25,103.94,105.79
52338,Historical,113109,1,1,S,3,1,2186162,101,2007,25,22.68,59.81
52339,Historical,766027,1,1,S,3,1,1641907,88.95,1997,16,194.29,60.51
52340,Historical,643008,0,0,S,1,0,948245,75,2007,26,15.75,61.07
52341,Historical,2489509,0,0,S,2,1,2488530,79.99,1990,21,60.61,56.71
52342,Historical,616173,0,0,S,1,0,879364,113.95,2012,45,73.71,17.49
52343,Historical,262739,0,0,S,1,0,1093550,49.95,2007,15,0,33.99
52344,Historical,607324,0,0,S,3,1,905358,201.67,2006,41,47.64,18.16
52345,Historical,114168,0,0,S,2,1,700406,160,2001,47,47.64,13.49
52346,Historical,566470,0,0,S,2,1,3282729,119,1998,20,43.99,47.93
52347,Historical,2302980,0,0,S,0,0,1282844,111.75,1996,114,4.67,6.85
52348,Historical,245177,0,0,S,1,0,359651,103.95,2008,27,53.98,58.84
52349,Historical,620301,0,0,S,2,1,514746,97.95,2008,37,48.54,30.97
52350,Historical,284334,0,0,S,0,0,1283216,105,2010,30,80.33,84.86
52351,Historical,184331,0,0,S,3,1,1264560,77.95,2001,22,17.44,22.52
52352,Historical,911611,0,0,S,0,0,422834,34,1992,31,44.37,41.95
52353,Historical,569050,0,0,S,1,0,430741,39.99,2007,42,26.68,27.98
52355,Historical,106140,0,0,S,22,1,168696,59.95,2005,65,0,43.99
52356,Historical,1447210,0,0,S,1,0,531532,161.8,2011,33,108.01,67.09
52357,Historical,169774,0,0,S,2,1,421594,260.95,2008,28,74.91,167.59
52358,Historical,298610,0,0,S,2,1,794639,210.95,2010,33,75.74,114.1
52359,Historical,123907,1,1,S,12,1,215803,324.95,2004,98,148.97,73.99
52360,Historical,533564,1,3,S,14,1,184215,190.95,2012,69,102.98,64.21
52361,Historical,169746,0,0,S,13,1,1175023,220.95,2008,25,102.98,56.11
52362,Historical,533397,0,0,S,14,1,41124,181.95,2012,61,120.99,103.63
52363,Historical,371471,0,0,S,14,1,1493842,217.95,2012,9,214.33,215.5
52364,Historical,224698,0,0,S,14,1,484184,83.95,2012,36,43.99,38.99
52365,Historical,868325,1,1,S,1,0,656605,111.95,2009,51,41.53,21.98
52366,Historical,169888,1,2,S,13,1,256091,248.95,2009,57,99.98,56.69
52367,Historical,230621,0,0,S,1,0,1383327,45,1998,37,49.56,23.98
52368,Historical,802087,0,0,S,3,1,6804033,96.95,2010,11,147.82,58.32
52369,Historical,868175,0,0,S,2,1,3110902,65,1995,27,39.1,36.08
52370,Historical,320303,0,0,S,3,1,16581,45,2009,51,28.97,29.31
52371,Historical,126540,0,0,S,2,1,754180,39.95,2003,37,28.97,19.94
52372,Historical,3046356,0,0,S,3,1,3961443,34,2000,24,58.35,10.03
52373,Historical,913958,1,1,S,3,1,187553,120,2003,23,83.98,76.58
52374,Historical,743743,0,0,S,2,1,2061350,57.95,2007,30,35.58,9.98
52375,Historical,700576,0,0,S,1,0,627263,48,2005,47,18.15,10.98
52376,Historical,894019,0,0,S,4,1,4303811,76.95,2012,13,0,65.14
52377,Historical,196355,0,0,S,3,1,1719279,75.95,2002,29,60.27,54.79
52378,Historical,2568425,0,0,S,1,0,1031131,46.95,1979,24,75.49,100.15
52379,Historical,175109,0,0,S,2,1,931870,34.99,2009,49,21.33,10.98
52380,Historical,1560015,0,0,S,1,0,835312,39.95,2010,28,33.3,59.19
52381,Historical,278565,0,0,S,3,1,1675475,43.95,2005,26,43.97,36.75
52382,Historical,287106,0,0,S,3,1,2663449,47.95,2005,30,43.97,40.78
52383,Historical,287126,0,0,S,4,1,261556,52.95,2009,39,43.97,12.85
52384,Historical,193676,1,2,S,0,0,944221,116.95,2010,31,76.21,7.7
52385,Historical,607114,0,0,S,4,1,835056,91.8,2004,45,70.99,8.98
52386,Historical,539927,1,1,S,5,1,26233,76.95,2013,68,46.74,33.99
52387,Historical,530019,0,0,S,2,1,181391,74.95,2011,105,61.87,12.49
52388,Historical,494849,0,0,S,6,1,393783,115,2010,28,39.06,66.52
52389,Historical,246301,0,0,S,5,1,1322809,81.99,2006,29,39.06,33.98
52390,Historical,642464,0,0,S,2,1,6220733,275,2002,17,127.89,67.44
52391,Historical,598960,0,0,S,1,0,1172668,69.95,2005,35,42.64,100.21
52392,Historical,636333,0,0,S,5,1,2260317,95.95,2009,20,45.04,80.06
52393,Historical,909735,0,0,S,4,1,5786728,93.95,2004,16,45.04,89.25
52394,Historical,52396,0,0,S,8,1,1300221,294.95,2007,57,113.55,27.48
52395,Historical,52394,0,0,S,8,1,421262,28.63,2006,143,113.55,28.81
52396,Historical,859406,0,0,S,9,1,546122,76.4,2006,68,0,0
52397,Historical,1658856,0,0,S,4,1,4977578,52,2011,11,103.99,76.65
52398,Historical,286257,0,0,S,9,1,753588,218.67,2006,44,38.43,22.94
52399,Historical,537880,0,0,S,4,1,1361678,170.5,2005,59,118.99,15.63
52400,Historical,56036,0,0,S,9,1,1037025,218.67,2006,138,38.43,15.19
52401,Historical,169622,0,0,S,8,1,2112989,295.95,2006,29,5.13,14.9
52402,Historical,53284,0,0,S,5,1,1394711,27.47,2006,54,86.99,14.98
52403,Historical,183579,0,0,S,4,1,2348988,33.94,2007,38,211.71,33.94
52404,Historical,60425,0,0,S,2,1,1474374,172.47,2006,38,157.76,53.99
52405,Historical,3514197,0,0,S,3,1,4015931,92.75,1998,15,0,43.18
52406,Historical,3608057,0,0,S,2,1,9137174,53,1993,11,0,38.85
52407,Historical,765001,0,0,S,2,1,2811462,71.95,2002,24,91.98,8.13
52408,Historical,2051927,0,0,S,2,1,2740616,87.95,2007,16,54.15,48.98
52409,Historical,579156,0,0,S,0,0,111413,40,1986,69,14.57,17.5
52410,Historical,60428,0,0,S,2,1,1043677,28.72,2004,61,119.17,28.27
52411,Historical,2262219,0,0,S,3,1,3382773,93.87,2008,40,23.93,46.96
52412,Historical,778158,0,0,S,2,1,9360867,112.95,2000,20,58.14,40.48
52413,Historical,200305,0,0,S,3,1,1460948,158.95,2004,21,58.14,28.93
52414,Historical,640409,0,0,S,2,1,645217,109,2004,19,103.1,56.93
52415,Historical,909125,0,0,S,7,1,1605219,75,2013,17,0,72.69
52416,Historical,667454,0,0,S,4,1,249872,266.91,2010,12,0,63.98
52417,Historical,1593874,0,0,S,2,1,2269204,110,2008,25,50.75,31.53
52419,Historical,2381540,0,0,S,2,1,1030963,89,1988,23,80.38,57.19
52420,Historical,163339,0,0,S,2,1,3180345,163,2005,28,82.94,73.85
52421,Historical,114797,0,0,S,2,1,2793275,75.2,2005,23,20.19,51.69
52422,Historical,286810,0,0,S,3,1,2923211,119,2007,27,56.33,49.55
52423,Historical,114812,0,0,S,2,1,1688097,93.53,2002,27,31.37,11.76
52424,Historical,149657,0,0,S,5,1,394189,58.95,2008,47,34.97,10.69
52425,Historical,53076,0,0,S,12,1,382323,14.68,2005,111,78.5,14.67
52426,Historical,152145,0,0,S,0,0,473138,84.95,2004,18,57.98,53.99
52428,Historical,2502645,0,0,S,2,1,646426,179,1996,28,137.17,126.69
52429,Historical,2422357,0,0,S,0,0,680813,40,1982,26,28.2,108.25
52430,Historical,624600,0,0,S,2,1,493446,64.5,1986,39,27.54,155.48
52431,Historical,551348,0,0,S,1,0,1014340,115.5,2005,37,27.08,33.99
52432,Historical,112352,1,2,S,1,0,380350,154.75,2009,68,27.08,88.99
52433,Historical,120113,0,0,S,3,1,738581,99,1997,28,26.13,61.85
52434,Historical,623543,1,2,S,2,1,140326,57.95,2008,49,60.11,35.99
52435,Historical,608299,0,0,S,3,1,659685,0,2002,12,29.99,76.99
52436,Historical,2566686,0,0,S,1,0,2205314,92.32,1994,21,0,61.49
52437,Historical,475919,0,0,S,2,1,1901258,143,2008,25,68.99,68.03
52438,Historical,546524,0,0,S,18,1,1597622,61.95,2013,19,13.49,51.58
52439,Historical,576574,0,0,S,1,0,315649,92.95,2003,76,43.94,6.99
52440,Historical,2418951,0,0,S,3,1,4299321,99,2002,18,77.91,52.66
52441,Historical,147214,0,0,S,3,1,1701607,63.95,2005,50,37.89,20.92
52442,Historical,56992,0,0,S,6,1,1637594,56.95,2004,69,21,4.58
52443,Historical,56993,1,1,S,7,1,449549,64.99,2009,178,21,11.33
52444,Historical,561596,0,0,S,2,1,1075179,70.2,2013,12,23.67,602.99
52445,Historical,529985,1,3,S,6,1,240800,166.13,2011,56,53.2,40.91
52446,Historical,607006,0,0,S,5,1,1323484,13.49,2008,63,53.2,13.49
52447,Historical,645183,0,0,S,2,1,1849104,104.2,2013,10,54.61,98.99
52448,Historical,1778116,0,0,S,1,0,461517,39.95,2012,25,25.72,18.97
52449,Historical,161637,0,0,S,1,0,451421,45,2007,55,23.53,12.98
52450,Historical,592244,0,0,S,2,1,1721371,173.95,2009,32,30.57,8.98
52451,Historical,529978,0,0,S,4,1,206962,69.95,2008,31,25.08,11.99
52452,Historical,607134,0,0,S,3,1,3804853,77,2000,20,59.1,7.9
52453,Historical,627422,0,0,S,3,1,166231,69.99,2010,31,0,0
52454,Historical,627463,0,0,S,6,1,878510,42,2009,18,0,0
52455,Historical,617979,0,0,S,30,1,620655,39,2008,55,38.15,38.99
52456,Historical,616196,0,0,S,17,1,239105,42,2007,67,29.99,31.99
52457,Historical,737662,0,0,S,4,1,1680790,39,2007,34,73.23,12.97
52458,Historical,143150,1,1,S,17,1,88064,39,2006,75,39.86,47.4
52459,Historical,624378,0,0,S,14,1,1439572,40,2008,30,63.99,40
52460,Historical,177547,0,0,S,3,1,850361,96.95,2003,43,3.83,5.14
52461,Historical,1867642,0,0,S,0,0,767130,104.95,2009,16,89.94,66.95
52462,Historical,586773,0,0,S,4,1,9534,34.38,2012,60,33.98,31.46
52463,Historical,153920,1,1,S,1,0,428005,42.67,2005,100,43.29,9.89
52464,Historical,153921,0,0,S,1,0,448012,42.67,2005,112,36.53,9.82
52465,Historical,542609,0,0,S,2,1,1423035,33.95,2006,23,26.95,19.51
52466,Historical,658349,0,0,S,2,1,317380,43.95,2011,40,22.99,44.58
52467,Historical,574771,0,0,S,2,1,1072711,33.95,2009,57,29.75,12.98
52468,Historical,652672,0,0,S,2,1,681851,43.95,2011,25,41.42,25.77
52469,Historical,617180,0,0,S,6,1,1893106,112.99,2005,35,40.84,9.97
52470,Historical,613205,0,0,S,0,0,169584,166.5,2004,109,76.18,33.24
52471,Historical,285624,0,0,S,1,0,70342,91.4,2007,109,76.18,60.49
52472,Historical,112342,0,0,S,1,0,566685,171.25,2008,32,88.99,67.99
52473,Historical,551251,0,0,S,0,0,218855,164,2000,85,93.98,36.95
52474,Historical,100790,0,0,S,1,0,1638047,100.75,2000,39,0,19.58
52475,Historical,706853,0,0,S,1,0,1097020,119,2001,80,29.96,9.99
52476,Historical,621036,1,1,S,0,0,890969,148,2006,48,26.21,55.32
52477,Historical,285622,1,3,S,0,0,506285,168,2006,83,14.76,27.87
52478,Historical,112293,0,0,S,1,0,937713,114.24,2005,74,18.03,27.74
52479,Historical,707316,0,0,S,1,0,936386,107.5,2003,37,9.99,63.83
52480,Historical,632228,0,0,S,0,0,934310,159.75,2005,22,19.89,74.67
52481,Historical,126123,0,0,S,2,1,1475436,65.45,2003,25,50.98,23.94
52482,Historical,53534,0,0,S,5,1,627437,13.99,2007,82,152.02,6.03
52483,Historical,870780,0,0,S,2,1,1441433,55.95,2005,26,33.98,7.49
52484,Historical,621343,0,0,S,3,1,934924,59.95,2010,61,33.98,15.94
52485,Historical,563092,0,0,S,0,0,249094,149,2007,21,39.99,64.41
52486,Historical,385579,0,0,S,0,0,577809,51,2008,15,63.24,51
52487,Historical,217325,0,0,S,5,1,934361,45,2010,57,23.35,13.92
52488,Historical,557173,0,0,S,1,0,567628,104.4,2002,52,0,13.65
52489,Historical,612382,0,0,S,2,1,687570,43,2013,18,36.59,43
52490,Historical,591665,0,0,S,3,1,2326770,51.95,2007,44,29.69,8.76
52491,Historical,614397,0,0,S,4,1,20777,113,2012,51,32.99,39.32
52492,Historical,541779,1,1,S,4,1,193677,53.95,2012,35,29.69,31.05
52493,Historical,248049,0,0,S,3,1,428086,80,2009,48,43.98,47.23
52494,Historical,591992,0,0,S,2,1,2770210,59.95,2005,22,43.98,20.49
52495,Historical,533910,0,0,S,6,1,73754,223.2,2010,53,145.77,20.94
52496,Historical,320939,0,0,S,2,1,3457625,85,2009,14,23.99,63.71
52497,Historical,130542,0,0,S,6,1,76227,132.95,2011,72,76.94,54.11
52498,Historical,557557,0,0,S,5,1,258916,104.4,2009,31,76.94,63.99
52499,Historical,246047,0,0,S,0,0,829888,45,2011,22,28.04,38.74
52500,Historical,134833,0,0,S,2,1,2645789,78,2007,23,38.99,40.04
52501,Historical,110656,0,0,S,13,1,438801,89,2010,32,0,43.97
52502,Historical,309068,0,0,S,12,1,1304040,61,2008,35,30.94,8.99
52503,Historical,110657,0,0,S,13,1,1473910,1.71,2010,34,30.94,6.48
52504,Historical,638355,0,0,S,2,1,3191427,50.95,2008,26,18.33,27.99
52505,Historical,246525,1,2,S,1,0,618617,29.64,2006,20,43.99,42.43
52506,Historical,569102,1,1,S,4,1,428930,79.99,2009,53,31.49,38.33
52507,Historical,591640,1,2,S,1,0,633964,76.95,2009,64,40.44,12.84
52508,Historical,876506,0,0,S,3,1,845650,84.95,2004,69,50.22,26.66
52509,Historical,180839,0,0,S,2,1,681749,75,2005,21,24.72,27.77
52510,Historical,659425,0,0,S,1,0,1420352,62.95,2007,25,91.84,50.05
52511,Historical,248231,0,0,S,3,1,589352,48,2011,40,38.78,28.99
52512,Historical,247713,0,0,S,2,1,1405717,61,2006,47,38.78,10.15
52513,Historical,529935,1,1,S,3,1,55641,72.25,2011,40,23.98,21.68
52514,Historical,2390765,0,0,S,2,1,644123,78.67,1997,48,251.39,18.78
52515,Historical,552617,0,0,S,3,1,2131729,45.33,2003,14,126.98,43.99
52516,Historical,555428,1,2,S,1,0,434239,44.95,2004,90,36.61,25.71
52517,Historical,719999,0,0,S,1,0,416803,35,2003,31,36.61,56.58
52518,Historical,591203,0,0,S,0,0,5507,17,2008,225,29.98,9.37
52519,Historical,862905,0,0,S,5,1,2357831,160,2000,20,71.25,47.57
52520,Historical,60432,1,1,S,4,1,1632119,59.2,2008,56,48.99,4.28
52521,Historical,529927,0,0,S,5,1,204592,69.4,2011,112,48.99,16.68
52522,Historical,533934,0,0,S,4,1,2163617,60.8,2009,37,48.99,11.98
52523,Historical,55233,0,0,S,3,1,2601947,77.8,2006,70,43.58,5.98
52524,Historical,3262490,0,0,S,21,1,2401492,64.84,2005,40,58.56,42.06
52525,Historical,612854,0,0,S,21,1,88164,35.6,2006,99,58.56,30.13
52526,Historical,635347,0,0,S,2,1,479968,119,2003,16,0,79.95
52527,Historical,405475,0,0,S,1,0,65855,54.99,2009,25,0,0
52528,Historical,134894,0,0,S,3,1,434707,40,2010,36,6.91,42.2
52529,Historical,613705,0,0,S,3,1,1011850,33,2006,76,26.63,21.99
52530,Historical,895346,0,0,S,3,1,2640135,65,2006,16,26.63,33.99
52531,Historical,1581360,0,0,S,1,0,564097,69.99,2009,23,32.99,45.94
52532,Historical,118931,0,0,S,22,1,2147236,115.6,2007,41,43.94,4.75
52533,Historical,120715,0,0,S,23,1,58507,175.8,2009,30,43.94,63.35
52534,Historical,143519,0,0,S,5,1,418341,43,2011,40,33.76,43
52535,Historical,142985,0,0,S,4,1,1563664,35,2004,26,33.76,59.43
52536,Historical,145030,0,0,S,12,1,247203,132.9,2005,62,112.59,53.51
52537,Historical,862613,1,1,S,2,1,3002114,125,1995,22,113.64,9.95
52538,Historical,638626,0,0,S,6,1,1305078,249.99,2006,18,199.74,93.98
52539,Historical,615777,0,0,S,0,0,932180,39.95,2003,40,33.5,7.45
52540,Historical,634387,0,0,S,4,1,391688,135.95,1991,44,4,13.99
52542,Historical,1679854,0,0,S,49,1,418032,54.95,2014,34,16.51,21.97
52543,Historical,898787,0,0,S,49,1,1549915,54.95,2014,44,24.08,22.35
52544,Historical,612290,0,0,S,48,1,1648818,54.95,2013,30,24.08,18.38
52545,Historical,617663,0,0,S,1,0,380746,105.2,2007,41,100.03,70.48
52546,Historical,649089,0,0,S,0,0,150562,69.95,2008,22,76.36,16.24
52547,Historical,859875,0,0,S,5,1,378275,37.95,2009,23,0,0
52548,Historical,859876,1,1,S,5,1,709691,36.95,2009,20,0,0
52549,Historical,859877,0,0,S,5,1,205748,36.95,2009,16,0,0
52550,Historical,869954,0,0,S,4,1,1508326,0,2006,19,46.44,18.99
52551,Historical,802267,0,0,S,4,1,2015632,56.95,2005,12,46.44,48.39
52552,Historical,291282,0,0,S,2,1,137723,38,2000,32,13.57,27.99
52553,Historical,531822,0,0,S,12,1,4350961,72.94,2009,13,35.89,73.11
52554,Historical,2260587,0,0,S,0,0,1487511,25.29,2008,48,44.55,22.35
52555,Historical,3294392,0,0,S,13,1,2162399,101.93,2005,40,44.55,62.6
52556,Historical,609210,0,0,S,14,1,399573,54.5,2008,97,32.98,15.99
52557,Historical,609183,0,0,S,13,1,1196333,49.95,2005,59,32.98,23.7
52558,Historical,1471784,0,0,S,0,0,1908176,125,2009,16,52.09,33.94
52559,Historical,625512,0,0,S,1,0,1495918,158.8,1998,29,55.35,73.47
52560,Historical,2125296,0,0,S,3,1,382624,69.95,2008,32,46.15,56.39
52561,Historical,259368,1,1,S,4,1,1988231,66.64,2003,42,38.97,10.93
52562,Historical,868656,0,0,S,4,1,3201674,106.95,2004,14,49.61,22.99
52563,Historical,613515,0,0,S,2,1,119262,39.99,2005,106,20.92,16.36
52564,Historical,871046,0,0,S,1,0,680981,37.99,2001,66,20.92,23.94
52565,Historical,2680778,0,0,S,35,1,1406323,117.9,1975,26,13.78,105
52566,Historical,1724323,0,0,S,0,0,945236,55,2008,19,13.94,33.37
52567,Historical,54861,0,0,S,9,1,188534,63.95,1998,49,22.99,41.9
52568,Historical,2611547,0,0,S,0,0,176184,109.99,2000,23,21.97,86.04
52569,Historical,863184,1,2,S,2,1,946986,47.95,2004,47,35.94,17.24
52570,Historical,622690,0,0,S,3,1,175610,48.95,2010,64,35.94,31.97
52571,Historical,536090,0,0,S,2,1,143718,49.95,2006,8,82.94,28.99
52572,Historical,194845,0,0,S,3,1,1810493,39.95,2003,19,21.81,68.22
52573,Historical,280021,0,0,S,4,1,396301,51.99,2000,20,39.83,36.98
52574,Historical,280020,0,0,S,4,1,114689,43.99,2001,46,39.83,73.48
52575,Historical,761522,0,0,S,2,1,3325797,95,2006,31,34.08,9
52576,Historical,601641,0,0,S,2,1,765044,59.99,2010,61,13.97,27.04
52577,Historical,564437,0,0,S,2,1,3241672,53.95,2001,17,12.61,19.94
52578,Historical,2598015,0,0,S,0,0,1094184,154.99,1995,17,48.93,124.51
52579,Historical,166699,0,0,S,4,1,905016,137,2006,48,58.74,92.99
52580,Historical,520841,0,0,S,4,1,1972762,199,2006,22,153.99,59.26
52581,Historical,106139,0,0,S,8,1,269361,68.95,2007,37,42.84,23.98
52582,Historical,54363,0,0,S,10,1,823722,21.99,2005,56,10.19,21.99
52583,Historical,100768,0,0,S,9,1,326316,0,2001,69,63.18,20.94
52584,Historical,433343,0,0,S,3,1,2867969,111,2006,15,97.29,76.75
52585,Historical,260660,0,0,S,11,1,1394253,70,2003,18,63.97,121.83
52586,Historical,628240,0,0,S,3,1,1176237,179.99,2005,17,141.38,113.97
52587,Historical,913934,0,0,S,3,1,911546,49.95,2006,21,42.94,61.83
52588,Historical,2131457,0,0,S,0,0,1140206,60,2011,25,34.43,37.12
52589,Historical,749567,0,0,S,5,1,1035320,115.95,2007,43,81.98,84.29
52590,Historical,624612,0,0,S,1,0,220613,206.2,1979,52,796.02,153.32
52591,Historical,2393343,0,0,S,1,0,1566242,127,1999,21,93.99,190.35
52592,Historical,60437,0,0,S,5,1,850599,106.95,2005,41,129.94,11.98
52593,Historical,3130497,0,0,S,3,1,1863830,52,2005,22,19.74,96.37
52594,Historical,166530,0,0,S,2,1,272934,60,2005,25,50.43,50.99
52595,Historical,261333,0,0,S,1,0,48409,43,2001,25,0,0
52596,Historical,268349,0,0,S,2,1,1452903,82,2004,39,32.65,11.13
52597,Historical,268463,0,0,S,2,1,688568,37,2007,40,32.65,18.96
52598,Historical,2258525,0,0,S,8,1,1282594,148.16,2007,50,103.13,118.76
52599,Historical,609265,0,0,S,4,1,321938,63,2007,30,24.89,78.71
52600,Historical,863627,1,1,S,5,1,2409415,140.95,2008,34,41.88,8.67
52601,Historical,577059,0,0,S,4,1,2447710,116.95,2003,30,41.88,6.69
52602,Historical,156713,0,0,S,4,1,1135871,83.95,1999,35,65.09,43.69
52603,Historical,760924,0,0,S,2,1,3484476,150,2001,10,87.81,55.17
52604,Historical,56012,0,0,S,8,1,1188914,114.93,2010,23,52.79,125.55
52605,Historical,3619902,0,0,S,4,1,3190422,253.68,2001,20,0,97.65
52606,Historical,56756,0,0,S,2,1,2745574,155.95,2005,36,126.98,7.98
52607,Historical,1730477,0,0,S,6,1,2135585,445,2007,9,0,43.99
52608,Historical,386452,1,1,S,2,1,475234,38.95,2008,141,27.05,13.47
52609,Historical,874714,0,0,S,4,1,1656832,65.9,2011,24,51.6,81.2
52610,Historical,287890,0,0,S,5,1,358109,49,2003,37,32.74,46.95
52611,Historical,607800,0,0,S,4,1,788347,32.95,1998,31,32.74,41.34
52612,Historical,372132,0,0,S,5,1,1864048,134.95,2006,23,70.44,53.42
52613,Historical,668564,0,0,S,4,1,3075759,94.95,2006,15,72.3,61.63
52614,Historical,2070473,0,0,S,11,1,2156359,69.28,2009,27,54.99,43.99
52615,Historical,613958,0,0,S,2,1,335691,80,2007,94,35.02,9.9
52616,Historical,628501,0,0,S,2,1,295558,41.95,2006,27,30.73,22.38
52617,Historical,183757,0,0,S,8,1,707272,39.95,2009,57,21.07,6.96
52618,Historical,182898,0,0,S,6,1,1745070,35.95,2003,88,21.07,5.74
52619,Historical,355076,0,0,S,4,1,3155248,225.95,2004,37,189.9,11.99
52620,Historical,529851,0,0,S,3,1,448857,35.8,2010,38,14.15,6.99
52621,Historical,2670164,1,1,S,6,1,1521958,52.2,1993,12,79.22,99.49
52622,Historical,2698659,0,0,S,6,1,3489317,96.95,2003,11,63.52,38.98
52623,Historical,540278,0,0,S,3,1,560144,69,2001,21,24.06,30.99
52624,Historical,293072,0,0,S,6,1,464382,52.99,2007,50,42.4,38.92
52625,Historical,139631,0,0,S,0,0,1184067,269,2000,22,206.14,69.33
52626,Historical,222212,0,0,S,9,1,958626,65,2007,29,50.99,40.72
52627,Historical,621186,0,0,S,3,1,275951,50,2004,24,38.5,25.1
52628,Historical,290883,0,0,S,11,1,964882,279.95,2007,44,36.33,22.92
52629,Historical,177868,0,0,S,10,1,2455811,138.95,2003,36,36.33,9.99
52630,Historical,616464,1,1,S,8,1,1080432,90.8,2008,44,41.71,35.94
52631,Historical,870217,0,0,S,7,1,4155260,68,2004,18,41.71,6.98
52632,Historical,249216,0,0,S,5,1,295501,67.95,2009,59,0,33.49
52633,Historical,192412,0,0,S,4,1,1387240,58.95,2004,58,0,10.49
52634,Historical,268111,0,0,S,1,0,935347,39.95,2004,29,23.94,35.99
52635,Historical,1437713,0,0,S,1,0,1155606,55,2006,22,0,16.49
52636,Historical,703381,0,0,S,2,1,1804078,49.99,2006,31,22.44,5.97
52637,Historical,633205,0,0,S,2,1,975386,55,2010,31,32.98,25.83
52638,Historical,1615913,0,0,S,1,0,979573,44.99,2009,37,27.92,47.06
52639,Historical,630570,0,0,S,3,1,207141,49.99,2012,28,27.92,27.48
52640,Historical,2533956,0,0,S,0,0,1248411,130,1997,26,0,55.99
52641,Historical,911216,0,0,S,3,1,1989305,45.95,2009,18,38,31.32
52642,Historical,596863,1,1,S,4,1,2767410,114.95,2001,33,13.94,43.98
52645,Historical,3022375,0,0,S,2,1,1046448,37.95,2001,9,29.19,89.56
52647,Historical,3210076,0,0,S,3,1,2203031,103,1999,16,66.06,43.98
52648,Historical,159441,0,0,S,2,1,3024657,56.95,2002,33,34.99,11.85
52649,Historical,529827,0,0,S,3,1,1162181,67.95,2009,17,34.99,26.79
52650,Historical,261386,1,2,S,1,0,779529,60,2002,40,62.43,43.97
52651,Historical,410768,0,0,S,2,1,109965,75,2010,25,63.21,59.32
52652,Historical,264061,0,0,S,6,1,3656929,54.95,2004,16,70.98,45.34
52653,Historical,2672252,0,0,S,2,1,1424983,117,2003,25,92.83,63.98
52654,Historical,139536,0,0,S,2,1,1075444,159,1995,16,53.98,65.94
52655,Historical,203787,0,0,S,5,1,2183241,52.95,2005,39,31.98,17.21
52656,Historical,529818,0,0,S,6,1,556926,59.99,2009,33,31.98,18.88
52657,Historical,622835,0,0,S,2,1,1327915,60,2000,33,49.98,14.8
52658,Historical,299575,0,0,S,2,1,1028624,35,2002,29,49.98,21.99
52659,Historical,2832726,0,0,S,2,1,5140264,119.95,2003,14,22.87,47.61
52660,Historical,655666,0,0,S,2,1,1799684,52,2010,14,65.57,10.69
52661,Historical,268460,0,0,S,2,1,2971122,107,2008,22,65.57,31.51
52662,Historical,139620,0,0,S,2,1,1544745,179,2000,30,234.02,45.75
52663,Historical,213233,0,0,S,2,1,1300275,175,2007,29,72.23,37.98
52664,Historical,793481,0,0,S,2,1,3280140,175,2003,17,72.23,55.13
52665,Historical,529804,0,0,S,3,1,331682,75,2010,38,43.99,52.84
52666,Historical,254280,0,0,S,8,1,1622984,125,2009,19,118.96,69.64
52667,Historical,2565324,0,0,S,3,1,540851,67.5,1975,26,0,62.45
52668,Historical,3049327,0,0,S,3,1,3566962,129.95,1995,22,146.81,43.92
52669,Historical,2940843,0,0,S,2,1,6114496,88.95,2005,6,45.56,82.41
52670,Historical,244955,0,0,S,2,1,2216069,111.95,2003,31,71.86,13.02
52671,Historical,862662,0,0,S,2,1,887798,100,1996,31,53.98,18.94
52672,Historical,200404,0,0,S,5,1,1094883,264.95,2009,33,58.76,23.19
52673,Historical,200081,0,0,S,4,1,804230,120.95,2004,22,58.76,123.16
52674,Historical,863594,1,1,S,5,1,900013,49.95,2008,16,101.83,102
52675,Historical,863395,0,0,S,0,0,614756,129,2006,29,137.2,25.47
52676,Historical,165680,0,0,S,3,1,911520,285,2006,19,156.25,118.2
52677,Historical,364959,0,0,S,10,1,1822049,59.95,2006,15,25.24,73.25
52678,Historical,1588084,0,0,S,2,1,4527886,84.99,2006,18,52.14,35.47
52679,Historical,268380,0,0,S,2,1,2291266,42,2005,29,54.21,48.97
52680,Historical,891428,0,0,S,2,1,4838073,159.95,2002,15,90.99,63.55
52681,Historical,159447,0,0,S,2,1,4810061,110,2004,18,66.37,43.99
52682,Historical,315343,0,0,S,2,1,6717842,111.33,1997,18,37.71,39.47
52683,Historical,312386,0,0,S,3,1,1831435,117.6,2000,26,37.71,62.61
52684,Historical,196635,0,0,S,4,1,1587763,119,2003,35,34.72,28.99
52685,Historical,293744,0,0,S,2,1,1963308,116,1999,29,127.11,48.72
52686,Historical,901733,0,0,S,3,1,4733602,86.65,2004,12,37.99,69.6
52687,Historical,912090,0,0,S,3,1,2662353,93.75,2000,14,37.99,28.93
52688,Historical,246627,0,0,S,3,1,691309,87.99,2008,60,47.21,52.99
52689,Historical,248000,0,0,S,3,1,210371,109,2009,48,61.64,75.25
52690,Historical,1446084,0,0,S,2,1,1185076,135.95,2012,39,104.38,92.06
52691,Historical,789550,0,0,S,4,1,2119417,66.95,2006,25,28.98,13.99
52692,Historical,529775,0,0,S,4,1,1474620,70.95,2009,17,39.34,37.55
52693,Historical,2750662,0,0,S,8,1,3737400,24.95,1999,26,47.76,4.74
52694,Historical,625591,0,0,S,2,1,3223457,170.34,1987,19,47.76,45.45
52695,Historical,546945,0,0,S,4,1,2362404,99,2010,25,53.74,96.99
52696,Historical,2340069,0,0,S,2,1,2025500,131,1994,31,26.95,37.32
52697,Historical,2336952,0,0,S,2,1,6098709,87.5,1984,16,113.35,62.33
52698,Historical,597614,0,0,S,2,1,2185699,95,2001,29,68.62,67.63
52699,Historical,2940694,0,0,S,2,1,7458134,85.95,2005,15,52.04,31.45
52700,Historical,2802248,0,0,S,2,1,913654,130,2002,18,45.95,104.39
52701,Historical,294125,0,0,S,4,1,2894580,52.95,2001,23,32.63,26.94
52702,Historical,869324,0,0,S,2,1,2877110,94.95,2003,15,25.99,39.98
52703,Historical,2564382,0,0,S,2,1,1763722,150,1998,20,101.05,63.32
52704,Historical,126810,0,0,S,1,0,96908,57.95,2005,14,43.55,66.13
52705,Historical,104492,0,0,S,2,1,1005589,62.5,1995,32,155.97,46.27
52706,Historical,914473,0,0,S,1,0,1056090,87,2006,31,28.99,52.31
52707,Historical,203707,0,0,S,5,1,3085409,54.95,2005,23,50.99,8.89
52708,Historical,638645,0,0,S,1,0,1452182,68.95,2000,23,42.97,63.8
52709,Historical,205531,0,0,S,2,1,2251625,100,1996,22,88.76,36.12
52710,Historical,660131,0,0,S,1,0,1666050,90,2011,23,30.98,56.17
52711,Historical,638838,0,0,S,4,1,3300746,209,2002,27,80.02,83.75
52712,Historical,213068,0,0,S,2,1,1736860,114.95,2002,17,92.19,43.96
52713,Historical,152320,0,0,S,1,0,672277,84.95,2006,23,46.18,61.73
52714,Historical,663334,0,0,S,2,1,106209,60,2013,15,0,0
52715,Historical,774553,0,0,S,3,1,1505995,160,1997,19,69.62,94.5
52716,Historical,165215,0,0,S,2,1,2165289,120,2001,25,135.52,54.28
52717,Historical,205673,0,0,S,2,1,973372,75,2000,48,48.85,41.99
52718,Historical,329983,0,0,S,2,1,1608920,73.95,2008,23,34.89,38.78
52719,Historical,1724831,0,0,S,4,1,2976378,179.95,2007,12,154.51,151.19
52720,Historical,213067,0,0,S,3,1,3043396,170,2005,20,62.17,102.65
52721,Historical,905713,0,0,S,1,0,889197,158,2005,23,77.7,71.99
52722,Historical,113067,0,0,S,2,1,1500089,83.95,2006,24,47.83,33.25
52723,Historical,789010,0,0,S,2,1,2959651,36.95,2002,56,4.4,7.35
52724,Historical,789474,1,1,S,3,1,1392170,51.95,2005,89,4.4,10.99
52725,Historical,529741,1,1,S,3,1,453961,80.95,2010,35,53.73,13.99
52726,Historical,292275,0,0,S,2,1,2580306,89.95,2005,27,53.73,19.65
52727,Historical,539925,0,0,S,2,1,379622,34.95,2012,54,43.32,59.27
52728,Historical,170159,0,0,S,1,0,527363,41.95,2011,67,24.49,13.99
52729,Historical,2396293,0,0,S,0,0,225454,92.2,2002,50,0,17.25
52730,Historical,2396632,0,0,S,1,0,263382,10.45,2005,23,33.99,10.9
52731,Historical,2396625,0,0,S,1,0,781925,72.45,2005,34,32.94,43.94
52732,Historical,2396635,0,0,S,1,0,607196,10.45,2005,17,33.38,10.9
52733,Historical,2501750,0,0,S,2,1,1691226,124,2004,16,67.21,63.98
52734,Historical,789399,1,1,S,5,1,2457208,236.99,2005,16,87.19,11.64
52735,Historical,104203,1,2,S,8,1,160669,63.2,1995,23,97.99,75.46
52736,Historical,2507645,1,1,S,4,1,584133,142.69,1978,30,27.98,63.1
52737,Historical,2328211,0,0,S,1,0,715397,45,1985,73,26.52,29.52
52738,Historical,2328077,0,0,S,0,0,585652,47.95,1996,64,26.52,20.31
52739,Historical,106099,0,0,S,16,1,1584002,62.95,2004,37,28.94,12.48
52740,Historical,285050,0,0,S,17,1,540427,74,2008,29,28.94,23.4
52741,Historical,106514,0,0,S,17,1,854621,228,2008,47,145.58,52.98
52742,Historical,105849,0,0,S,16,1,1286257,160,2004,31,145.58,44.05
52743,Historical,702047,0,0,S,2,1,1138339,86,2010,25,14.68,20.49
52744,Historical,1434311,0,0,S,0,0,21072,45,2014,25,30.71,27.14
52745,Historical,1432263,0,0,S,1,0,189608,39.99,2010,60,24.24,49.49
52746,Historical,867804,0,0,S,2,1,96896,48.38,2013,21,27.69,48.38
52747,Historical,600443,0,0,S,2,1,129411,38.75,2009,56,27.69,30.45
52748,Historical,276204,1,1,S,2,1,288098,32.75,2006,59,24.99,24.1
52749,Historical,902671,0,0,S,6,1,87342,71.95,2003,18,27.84,66.99
52750,Historical,618261,0,0,S,2,1,697346,58,2010,56,23.99,22.37
52751,Historical,574640,0,0,S,8,1,2471703,68.95,2010,11,33.99,78.99
52752,Historical,760149,0,0,S,5,1,3672843,235,2002,17,163.07,23
52753,Historical,3264185,0,0,S,2,1,7321064,129.3,2002,24,103.94,84.55
52754,Historical,259649,0,0,S,2,1,3212864,146.95,2002,23,103.94,79.87
52755,Historical,2337211,0,0,S,4,1,4246712,155,1998,19,54.01,54.41
52756,Historical,700301,0,0,S,5,1,3078348,210,2003,20,54.01,61.4
52757,Historical,254629,0,0,S,0,0,1119113,81.95,2012,71,20.94,5.83
52758,Historical,624041,0,0,S,1,0,161634,39.99,2009,37,17.48,12.49
52759,Historical,743240,0,0,S,4,1,2811395,462,2002,10,237.74,223.31
52760,Historical,254467,0,0,S,2,1,463807,49.99,2010,63,22.91,54.31
52761,Historical,1615655,1,1,S,1,0,68377,44.99,2009,71,0,22.95
52762,Historical,1615719,0,0,S,1,0,165633,49.99,2007,38,0,28.25
52763,Historical,202258,1,2,S,3,1,746227,176.95,2002,46,34.99,21.96
52764,Historical,922766,0,0,S,0,0,109975,35,1993,107,17.5,28.22
52765,Historical,111996,0,0,S,33,1,1711592,52.25,2011,42,3.91,42.26
52766,Historical,289818,0,0,S,2,1,1743253,59.95,2005,28,83.98,59.95
52767,Historical,200313,0,0,S,8,1,2447950,73.95,2004,41,59.98,10.69
52768,Historical,561729,1,3,S,5,1,41417,99.95,2012,120,36.33,58.97
52769,Historical,630539,0,0,S,1,0,213108,134.4,2012,50,86.16,41.44
52770,Historical,873494,0,0,S,3,1,5429751,81.95,1999,25,36.4,10.97
52771,Historical,193281,0,0,S,6,1,3064724,116,2003,27,99,33.99
52772,Historical,200471,1,1,S,3,1,786394,139.95,2009,43,68.99,123.26
52773,Historical,200341,1,1,S,1,0,603154,128.95,2007,35,42.51,53.99
52774,Historical,200440,0,0,S,3,1,98048,125.95,2009,55,31.99,52.91
52775,Historical,637723,0,0,S,5,1,113857,64.95,2012,48,0,31.99
52776,Historical,264636,0,0,S,2,1,2303057,96.95,2006,27,16.33,15.99
52777,Historical,205709,0,0,S,2,1,2621409,80,2001,21,15.92,27.32
52778,Historical,143402,0,0,S,2,1,2057013,110,2000,21,103.99,33.98
52779,Historical,624376,0,0,S,4,1,604151,58,2008,33,50.38,53.99
52780,Historical,628601,0,0,S,2,1,1195521,85,2010,40,25.94,11.98
52781,Historical,878936,0,0,S,5,1,2303746,136.95,2003,53,137.99,17.99
52782,Historical,272519,0,0,S,3,1,540552,97,2011,82,46.98,28.99
52783,Historical,800026,0,0,S,2,1,2966652,66.95,2005,22,46.98,7.99
52784,Historical,60451,0,0,S,6,1,1253346,7.25,2005,87,143.5,16.54
52785,Historical,494129,0,0,S,1,0,1121992,170.95,2005,39,14.87,73.94
52786,Historical,117777,0,0,S,3,1,939559,141.33,2007,92,49.66,26.85
52787,Historical,261952,1,1,S,2,1,1276520,172.95,2005,25,0,42.08
52788,Historical,242322,0,0,S,10,1,2382466,50,2007,21,30.97,16.24
52789,Historical,221829,0,0,S,4,1,1210079,99.95,2004,19,143.99,82.99
52790,Historical,870718,0,0,S,3,1,1584574,75,1998,26,143.99,23.57
52791,Historical,623505,0,0,S,1,0,545870,76.95,2009,85,70.51,48.78
52792,Historical,652895,0,0,S,4,1,1155785,177.73,2010,27,127.47,170.4
52793,Historical,1651378,0,0,S,5,1,2670872,98.95,2006,12,92.99,71.25
52794,Historical,913425,0,0,S,2,1,3259640,86.67,1989,33,27.72,52.05
52795,Historical,572157,0,0,S,5,1,1546259,68.36,2005,17,9.24,16.31
52796,Historical,1602145,0,0,S,6,1,934940,201.95,2008,23,42.07,83.8
52797,Historical,286235,1,2,S,2,1,1805129,89.33,2005,16,64.98,84.86
52798,Historical,1449383,1,1,S,2,1,1624473,125.33,2006,24,116.42,23.8
52799,Historical,1736823,0,0,S,0,0,20245,49.99,2008,28,36.97,32.47
52800,Historical,790394,0,0,S,1,0,480144,45,1997,25,12.77,62.4
52801,Historical,3101919,0,0,S,2,1,1602640,32,2005,26,36.1,25
52802,Historical,3062697,0,0,S,2,1,1486848,55,2002,18,36.1,47.89
52803,Historical,872231,0,0,S,2,1,312036,29.06,2004,53,47.93,23.78
52804,Historical,631373,0,0,S,2,1,1673151,83,2003,26,33.49,73.67
52805,Historical,868398,0,0,S,2,1,1313208,54.95,1995,21,64.86,28.98
52806,Historical,270998,1,1,S,2,1,125496,49.99,2010,24,28.99,45.04
52807,Historical,613855,0,0,S,14,1,685941,41.6,2008,51,6.48,14.37
52808,Historical,612971,0,0,S,5,1,1530188,49.95,2005,75,0,14.69
52809,Historical,920299,0,0,S,1,0,375692,40,1996,36,0,22.28
52810,Historical,3822488,0,0,S,3,1,1340324,25.95,2001,36,0,18.97
52811,Historical,203387,0,0,S,0,0,686338,34.95,2001,29,45.15,16.99
52812,Historical,253611,1,1,S,3,1,891413,38.95,2010,34,0,0
52813,Historical,116291,0,0,S,2,1,200845,54.4,2006,30,30.19,29.99
52814,Historical,118375,0,0,S,3,1,3058392,80,2006,30,64.36,20.03
52815,Historical,118376,0,0,S,3,1,1585078,80,2006,33,64.36,48.14
52816,Historical,515010,0,0,S,3,1,708922,83.95,2008,29,18.36,73.73
52817,Historical,269961,0,0,S,4,1,786037,214,2006,26,196.4,114.97
52818,Historical,616179,1,2,S,3,1,351281,64.95,2011,41,36.14,23.99
52819,Historical,545936,0,0,S,4,1,4491,66.95,2013,138,39.99,46.72
52820,Historical,738530,0,0,S,11,1,1565196,42,2011,19,122.34,23.99
52821,Historical,647225,0,0,S,17,1,659018,41,2011,22,127.12,13.94
52822,Historical,907216,0,0,S,5,1,2528783,40,2009,19,4.79,27.99
52823,Historical,652755,0,0,S,3,1,851616,40,2010,33,281.25,58.81
52824,Historical,658326,0,0,S,7,1,702619,42,2011,19,0,29.93
52825,Historical,918975,0,0,S,2,1,562295,49.99,2008,42,8.05,25.89
52826,Historical,656751,0,0,S,3,1,1191875,84,2003,17,118.75,129.97
52828,Historical,901430,0,0,S,2,1,3583075,102,2003,14,131.69,35.53
52829,Historical,294167,0,0,S,2,1,1248017,29.95,2006,56,18.73,9.25
52830,Historical,2373911,0,0,S,3,1,1516603,49.2,2005,44,28.84,9.99
52831,Historical,536044,0,0,S,5,1,1285480,64.95,2005,72,61.29,35.99
52832,Historical,642658,1,1,S,1,0,708120,76.33,2009,22,101.88,41.48
52833,Historical,795833,0,0,S,7,1,552180,164.95,2012,21,150.91,96.49
52834,Historical,607517,0,0,S,5,1,1394251,55,1997,14,18.98,57.75
52835,Historical,114846,0,0,S,8,1,2414977,61.33,2002,34,33.99,13.89
52836,Historical,646496,0,0,S,0,0,588494,58.97,2008,24,41.8,53.05
52837,Historical,916532,0,0,S,5,1,659639,49.5,1997,33,39.92,83.93
52838,Historical,60455,0,0,S,1,0,415744,96.4,2004,20,65.83,66.19
52839,Historical,117528,0,0,S,0,0,667436,85,2003,27,65.83,92.27
52840,Historical,268221,0,0,S,4,1,1641990,48.95,2008,23,19.89,35.99
52841,Historical,871962,0,0,S,4,1,1503872,79.95,2004,19,52.81,43.94
52842,Historical,534075,1,1,S,3,1,1663324,105.16,1993,30,38.13,68.25
52843,Historical,156739,0,0,S,0,0,611427,109.95,2003,22,38.79,108.51
52845,Historical,291678,1,1,S,2,1,410543,108.5,1997,35,65.06,62.44
52846,Historical,157563,0,0,S,5,1,1059085,49.95,2010,30,26.78,38.22
52847,Historical,164745,0,0,S,0,0,89717,75,1997,64,51.53,23.98
52848,Historical,713000,0,0,S,5,1,1762304,104.6,2002,46,98.74,56.99
52849,Historical,566666,0,0,S,2,1,176511,39.95,1991,128,18.87,18.48
52850,Historical,868577,0,0,S,1,0,577438,39.95,2008,30,28.96,31.99
52851,Historical,286132,0,0,S,5,1,219189,110,2003,39,97.57,72.94
52852,Historical,246520,0,0,S,1,0,284168,56.95,2009,55,0,39.14
52853,Historical,873360,0,0,S,1,0,1008067,125,2003,20,93.98,42.99
52854,Historical,117988,0,0,S,3,1,560689,88.8,2005,31,34.28,43.79
52855,Historical,555837,0,0,S,2,1,2344219,92,2004,24,126.39,10.27
52856,Historical,125949,0,0,S,6,1,903020,61.95,1999,49,53.95,33.75
52857,Historical,910091,0,0,S,0,0,449376,51,2005,30,9.44,23.23
52858,Historical,148758,0,0,S,11,1,536846,343.95,2009,38,153.94,128.99
52859,Historical,246556,0,0,S,2,1,301166,52.95,2006,58,43.87,35.2
52860,Historical,127634,0,0,S,3,1,2728609,69.95,2007,36,19.84,28.83
52861,Historical,914519,0,0,S,2,1,1876773,83.92,1989,26,32.7,60.53
52862,Historical,157035,1,1,S,5,1,716254,41.95,2002,23,91.73,76.85
52863,Historical,132914,0,0,S,5,1,362833,96.4,2009,27,67.2,77.73
52864,Historical,181280,0,0,S,5,1,3265609,91.2,2000,23,36.99,33.76
52865,Historical,2556958,0,0,S,2,1,4815225,117.61,1988,20,28.35,48.13
52866,Historical,142215,0,0,S,10,1,246018,147.73,2010,29,66.97,79.39
52867,Historical,142110,1,1,S,10,1,261377,88.41,2010,89,90.08,48.93
52868,Historical,772006,0,0,S,8,1,2656137,18.99,2005,32,90.08,6.99
52869,Historical,183683,0,0,S,8,1,2830535,0,2007,26,123.77,19.97
52870,Historical,649344,1,2,S,2,1,818707,95,1997,20,108.98,64.27
52871,Historical,917638,0,0,S,1,0,1412314,39.99,1991,46,35.78,18.99
52872,Historical,671895,0,0,S,0,0,955,35.96,2012,73,25.29,19.88
52873,Historical,60459,0,0,S,6,1,2108099,269.95,2003,73,81.06,11.24
52874,Historical,53608,0,0,S,10,1,729776,165,2008,58,81.99,28.97
52875,Historical,416513,1,1,S,9,1,1108415,138.75,2006,61,81.99,17.94
52876,Historical,416670,0,0,S,12,1,491007,1.99,2009,91,160.99,21.99
52877,Historical,53606,1,1,S,12,1,610964,28.93,2009,137,160.99,19.98
52878,Historical,2252206,0,0,S,12,1,336906,393,2008,22,0,98.39
52879,Historical,60460,0,0,S,11,1,694988,157.14,2006,111,160.99,47.97
52880,Historical,192879,0,0,S,8,1,981020,67.95,2002,33,73.42,32.99
52881,Historical,544890,0,0,S,4,1,239583,48.95,2010,42,14.94,38.84
52882,Historical,572306,0,0,S,0,0,92433,113.7,2006,73,72.87,41.09
52883,Historical,572178,0,0,S,0,0,32855,108.25,2007,164,72.87,49.98
52884,Historical,548301,0,0,S,1,0,889094,108.35,2004,66,0,38.19
52886,Historical,131627,0,0,S,2,1,4285394,53.8,2002,36,5.67,4.23
52887,Historical,287564,0,0,S,3,1,1046927,82.33,2007,55,147,23.87
52888,Historical,245022,0,0,S,6,1,446854,209.95,2004,52,65.41,56.45
52889,Historical,608421,0,0,S,9,1,1201748,162.95,2005,47,86.84,9.24
52890,Historical,627988,1,1,S,2,1,2002212,210,1997,25,81.44,63.53
52891,Historical,60027,0,0,S,7,1,1409586,198.67,2006,94,245.24,7.89
52892,Historical,1452197,1,1,S,10,1,933190,149.2,2013,27,103.99,63.99
52893,Historical,355949,0,0,S,3,1,3594414,49.99,2001,21,39.24,49.58
52894,Historical,2137548,0,0,S,5,1,890053,92.95,2009,17,53.96,78.85
52895,Historical,789286,0,0,S,3,1,1664873,225,2004,20,128.49,42.93
52896,Historical,668605,0,0,S,2,1,857071,74.64,2009,20,47.31,41.76
52897,Historical,877258,0,0,S,4,1,417209,73.95,2001,26,39.74,68.1
52898,Historical,293834,0,0,S,3,1,1860248,114.95,2006,36,46.25,18.97
52899,Historical,2259017,0,0,S,3,1,2584380,35.55,2006,40,0,43.03
52900,Historical,2373126,0,0,S,3,1,947340,110,1994,20,8.47,38.01
52901,Historical,583571,0,0,S,5,1,2816349,76.95,2002,23,73.94,41.76
52902,Historical,1728886,0,0,S,2,1,895947,85.95,2008,14,74.42,81.7
52903,Historical,117246,1,1,S,2,1,232577,147.2,2006,62,17.99,84.23
52904,Historical,870827,0,0,S,2,1,712698,40,2007,36,22.77,43.98
52905,Historical,758309,0,0,S,1,0,317507,70.88,2003,30,22.77,38.99
52906,Historical,868176,0,0,S,2,1,2247498,45,1995,40,17.74,7.27
52907,Historical,248114,1,1,S,2,1,306804,58,2010,44,20.61,39.84
52908,Historical,596174,0,0,S,1,0,759993,82,1991,48,26.14,43.98
52909,Historical,877519,0,0,S,5,1,2353473,34.62,2007,50,93.67,30.7
52910,Historical,125145,0,0,S,3,1,80958,47.44,2006,118,19.12,18.94
52912,Historical,247895,0,0,S,0,0,95790,41.95,2007,36,35.72,16.98
52913,Historical,626441,0,0,S,1,0,133528,41.95,2004,39,29.86,28.98
52914,Historical,1556736,0,0,S,3,1,1298742,48.95,2013,22,36.17,34.2
52915,Historical,621431,0,0,S,2,1,81825,38.95,2006,42,18.74,29.93
52916,Historical,173947,0,0,S,0,0,989207,49.99,2005,23,115.14,44.8
52917,Historical,105531,0,0,S,7,1,781363,70.5,2008,16,133.95,49.55
52918,Historical,56938,0,0,S,4,1,926905,41.33,2006,100,22.73,4.06
52919,Historical,56937,0,0,S,3,1,2248283,33.6,2003,71,22.73,4
52920,Historical,56934,0,0,S,5,1,502570,48.2,2010,36,22.73,17.99
52921,Historical,541433,0,0,S,0,0,396440,32.95,2010,37,128.28,86.65
52923,Historical,296642,0,0,S,3,1,965140,70,2006,37,33.18,58.91
52924,Historical,1855469,1,1,S,14,1,1124775,49.99,2011,33,33.78,7.48
52925,Historical,262101,0,0,S,2,1,443862,35.95,2002,66,8.99,5.49
52926,Historical,127326,1,2,S,0,0,288667,34.95,2008,64,25.99,12.99
52927,Historical,529577,0,0,S,2,1,207533,34.95,2011,48,25.99,32.12
52928,Historical,116062,1,1,S,4,1,1905495,51.2,2004,26,27.91,19.99
52929,Historical,607129,0,0,S,3,1,3969642,42.4,2000,22,27.91,13.74
52930,Historical,147997,0,0,S,3,1,597971,42.95,2002,80,20.37,10.26
52931,Historical,1649168,0,0,S,4,1,3795826,50,2008,12,44.96,23.99
52932,Historical,562473,0,0,S,3,1,2460887,40,2006,27,8.28,29.99
52933,Historical,386404,0,0,S,1,0,837144,36.95,2005,55,18.78,10.99
52934,Historical,901050,0,0,S,4,1,2574489,46.95,2008,19,36.53,44.67
52935,Historical,3053577,0,0,S,5,1,976931,69,2003,13,39.3,73.98
52936,Historical,3053576,0,0,S,5,1,2921321,99,2003,13,39.3,76.84
52937,Historical,677173,0,0,S,6,1,346537,29.95,2006,58,28.98,30
52938,Historical,288312,0,0,S,1,0,713769,18.98,2009,71,61.19,10.57
52939,Historical,1470333,0,0,S,2,1,965360,41,2006,26,25.59,67.81
52940,Historical,677150,0,0,S,1,0,756,29.99,2011,133,19.99,16.99
52941,Historical,250164,0,0,S,4,1,1461104,185.95,2006,24,61.53,10.04
52942,Historical,54386,0,0,S,6,1,300863,39.99,2006,254,23.48,7.19
52943,Historical,621330,0,0,S,1,0,206243,39.99,2011,33,16.78,11.08
52944,Historical,628658,0,0,S,1,0,246768,39.95,2011,41,22.02,11.93
52945,Historical,297876,0,0,S,1,0,491541,72.95,2011,22,0,0
52946,Historical,635733,0,0,S,0,0,290528,49.95,2012,52,0,13.24
52947,Historical,3272052,0,0,S,2,1,1090905,119.51,2000,18,99.29,83.9
52948,Historical,108586,0,0,S,2,1,158815,89.98,1999,48,99.29,58.98
52949,Historical,561261,0,0,S,5,1,739328,203.4,2009,60,104.39,27.98
52950,Historical,878799,0,0,S,2,1,928502,191.56,2008,29,88.99,53.93
52951,Historical,60466,0,0,S,7,1,92613,181.33,2006,462,173.3,21
52952,Historical,50319,1,2,S,8,1,390959,239.2,2010,60,173.3,69.95
52953,Historical,146370,0,0,S,8,1,572519,245.87,2010,69,173.3,100.24
52954,Historical,434929,1,1,S,10,1,246605,128.2,2010,66,120.18,59.06
52955,Historical,212516,1,1,S,9,1,2009555,0,2007,44,120.18,23.99
52956,Historical,51872,0,0,S,5,1,174629,143,2005,42,83.99,35.98
52957,Historical,52384,0,0,S,2,1,875212,191.56,2007,76,92.99,48.08
52958,Historical,902976,0,0,S,0,0,277839,49.95,2007,17,29.52,33.98
52959,Historical,133196,0,0,S,2,1,321890,98,2009,48,36.76,49.69
52960,Historical,880304,1,1,S,11,1,606963,83.99,2010,87,100.99,62.97
52961,Historical,56264,0,0,S,4,1,163136,140.27,2007,40,73.99,71.83
52962,Historical,53238,0,0,S,7,1,843811,20.3,2006,54,148.96,19.99
52963,Historical,53136,0,0,S,10,1,2533681,106.67,2005,88,85.86,4.42
52964,Historical,60469,0,0,S,10,1,1087454,144.5,2005,121,143.23,7.74
52965,Historical,108044,0,0,S,5,1,2433712,107.95,2003,43,21.99,45.09
52966,Historical,308867,0,0,S,6,1,1795507,130.65,2005,45,21.99,10.5
52967,Historical,918822,0,0,S,1,0,636005,142,2011,52,126.77,28.99
52968,Historical,53390,0,0,S,10,1,1661149,17.05,2006,82,143.23,7.83
52969,Historical,60471,0,0,S,5,1,3274465,96.75,2006,36,128.94,6.97
52970,Historical,2104076,0,0,S,2,1,706420,83.95,2013,45,4.3,38.9
52971,Historical,55125,0,0,S,8,1,1124192,123,2005,53,73.96,30.74
52972,Historical,2345539,0,0,S,2,1,214478,172,1992,30,16.01,93.05
52973,Historical,196130,1,1,S,2,1,2428358,96.95,2003,15,70.18,83.45
52974,Historical,57073,0,0,S,7,1,1095988,136.42,2005,47,141.62,62.23
52975,Historical,51611,0,0,S,8,1,200631,102.43,2006,50,116.13,53.98
52977,Historical,298119,0,0,S,6,1,929485,84,2005,47,29.09,45.11
52978,Historical,426099,0,0,S,2,1,2715147,44.95,1995,34,15.14,28.99
52979,Historical,504043,0,0,S,6,1,2094371,89.95,2005,22,33.54,44.83
52980,Historical,113525,0,0,S,2,1,299895,99.95,1999,38,53.97,68.76
52981,Historical,419901,0,0,S,3,1,219633,84.95,2005,27,55.99,22.49
52982,Historical,561158,0,0,S,4,1,2156428,0,2009,49,140.99,93.64
52983,Historical,55228,0,0,S,5,1,589336,192.4,2009,38,140.99,48.99
52984,Historical,416603,0,0,S,12,1,194202,246.75,2010,63,173.86,94.28
52985,Historical,537670,0,0,S,11,1,217997,182.5,2008,74,173.86,28.97
52986,Historical,426770,0,0,S,3,1,1016307,79.99,2006,19,59.46,48.84
52987,Historical,51381,1,1,S,10,1,175804,47.69,2007,76,173.86,47.21
52988,Historical,456843,0,0,S,2,1,5955393,111.95,1999,26,33.97,6.72
52989,Historical,421837,0,0,S,1,0,84084,173.8,2007,82,0,128
52990,Historical,131215,0,0,S,6,1,729693,97.4,1998,39,6.62,45.17
52991,Historical,118757,0,0,S,8,1,4206881,162.07,2007,11,64.64,0
52992,Historical,871763,0,0,S,2,1,1659569,62.24,2002,8,18.96,63.98
52993,Historical,315419,0,0,S,13,1,24120,260,2012,95,114.99,57.56
52994,Historical,330428,0,0,S,3,1,3288537,75.95,2004,27,153.91,3.98
52995,Historical,449375,0,0,S,1,0,142336,73.92,2008,42,147.03,58.24
52996,Historical,247465,0,0,S,2,1,2371998,89.95,2005,47,87.33,9.24
52997,Historical,196570,0,0,S,8,1,4177695,61.95,2005,20,14.99,56.57
52998,Historical,308894,0,0,S,8,1,1983482,23.97,2004,35,189.54,23.97
52999,Historical,110693,0,0,S,20,1,1847703,8.96,2011,47,4.68,45.57
53000,Historical,131695,0,0,S,7,1,2212979,112.8,2003,34,88.96,8.99
53001,Historical,416678,0,0,S,19,1,2653778,13.95,2010,18,4.68,11.81
53002,Historical,529464,0,0,S,3,1,927628,54.95,2009,57,151.98,34.99
53003,Historical,177489,0,0,S,6,1,2365157,107.95,2003,38,141.2,9.94
53004,Historical,1596517,0,0,S,6,1,2976939,0,2006,20,4.86,22.88
53005,Historical,557251,1,1,S,6,1,1589365,64,2005,32,115.99,13.84
53006,Historical,114276,0,0,S,5,1,979909,69.8,2001,36,17.35,4
53007,Historical,128353,0,0,S,3,1,296494,64.95,2006,25,43.7,52.8
53008,Historical,129315,0,0,S,4,1,175429,69.95,2011,30,43.7,58.74
53009,Historical,118851,0,0,S,2,1,3660333,75,1998,41,28.97,18.99
53010,Historical,417178,1,2,S,6,1,26084,79,2010,95,60.97,32.34
53011,Historical,515088,0,0,S,1,0,722954,42.8,2007,65,4.95,13.99
53012,Historical,155155,0,0,S,0,0,940979,203.95,2002,85,5.3,8.94
53013,Historical,52875,1,1,S,6,1,134361,12.69,2003,94,108.33,12.52
53014,Historical,434563,0,0,S,8,1,2830155,91.8,1999,47,16.97,8.88
53015,Historical,917552,0,0,S,2,1,99344,41.95,1998,35,0,79.23
53016,Historical,882672,0,0,S,10,1,5055386,150,2000,12,93.98,31.19
53017,Historical,106041,0,0,S,11,1,3984645,55.95,2005,30,5.51,8.48
53018,Historical,192469,0,0,S,3,1,2074442,199,2005,15,74.98,86.98
53019,Historical,147500,0,0,S,3,1,1990369,56.95,2006,15,70.61,44.94
53020,Historical,146941,0,0,S,3,1,1275410,46.95,2001,22,70.61,30
53021,Historical,248220,0,0,S,4,1,1657103,141,2010,24,136.13,111.19
53022,Historical,106548,0,0,S,2,1,154579,75,2007,20,39.14,43.7
53023,Historical,1458949,1,1,S,3,1,390849,116.28,2007,46,74.95,71.27
53024,Historical,712284,0,0,S,2,1,2394929,194.24,2003,16,70.42,63.31
53025,Historical,717198,1,1,S,3,1,490684,125.33,2008,28,70.42,81.49
53026,Historical,902650,0,0,S,2,1,1736875,58.95,1999,16,44.66,54.99
53027,Historical,2542268,0,0,S,4,1,2416578,86.95,2004,13,70.86,73.94
53028,Historical,2576544,0,0,S,0,0,1666061,136.59,1973,19,47.75,88.4
53029,Historical,654001,0,0,S,6,1,806369,67.95,2002,22,51.01,66.98
53030,Historical,198895,1,1,S,0,0,407381,53,1996,33,21.92,28.59
53031,Historical,879706,0,0,S,9,1,1381616,149.34,2010,33,138.9,96.27
53032,Historical,652477,1,1,S,0,0,288254,38,2012,31,40.69,19.38
53033,Historical,106638,0,0,S,1,0,1237319,75,2008,45,33.74,21.99
53034,Historical,529432,0,0,S,0,0,914805,99.95,2013,21,58.91,77.22
53035,Historical,255867,1,1,S,0,0,598915,97.95,2012,19,58.91,61.99
53036,Historical,152616,0,0,S,2,1,1579654,59.95,2006,24,52.39,44.99
53037,Historical,711776,0,0,S,9,1,2838607,97,2005,31,73.97,42.51
53038,Historical,868136,0,0,S,10,1,1551353,97.33,2008,25,73.97,60.35
53039,Historical,615033,0,0,S,1,0,1008930,102.95,2006,69,55.06,22.5
53040,Historical,543916,0,0,S,1,0,149408,49.99,2012,47,28.99,21.23
53041,Historical,2125369,0,0,S,0,0,973233,16,2006,25,136.93,13.86
53042,Historical,608431,0,0,S,3,1,1946987,304.95,2007,22,108.1,106.2
53043,Historical,650663,0,0,S,1,0,1391528,59.95,2012,35,113.41,40.43
53044,Historical,278572,0,0,S,3,1,661103,44.95,2006,21,28.29,52.45
53045,Historical,918604,1,1,S,2,1,748460,74.84,1994,102,34.57,87.71
53046,Historical,844194,0,0,S,4,1,2936101,34.76,1986,28,6.26,49.37
53047,Historical,879290,0,0,S,2,1,604782,18.42,2006,36,45.86,18.01
53048,Historical,3235789,0,0,S,2,1,842497,59.04,2005,56,5.74,48.86
53049,Historical,193051,0,0,S,3,1,1212914,59.95,2003,41,22.25,72.27
53050,Historical,598843,0,0,S,1,0,906249,45,2005,17,30.68,45
53051,Historical,142998,0,0,S,5,1,1116352,35,2005,32,30.68,18.89
53052,Historical,640712,0,0,S,4,1,3165171,40.95,2004,24,25.94,7.47
53053,Historical,147422,0,0,S,4,1,381017,76.95,2008,36,42.51,53.96
53054,Historical,607992,0,0,S,3,1,1035313,64.95,2003,38,42.51,21.99
53055,Historical,631299,0,0,S,9,1,1059564,41.95,2009,18,23.87,36.62
53056,Historical,1932653,0,0,S,1,0,354645,39.99,2011,69,23.81,9.62
53057,Historical,918816,0,0,S,1,0,231516,39.95,1992,33,33.06,29.95
53058,Historical,175701,0,0,S,2,1,3498894,115,2004,18,21.84,70.96
53059,Historical,173935,0,0,S,2,1,658896,39.99,2004,37,21.84,25.58
53061,Historical,751372,0,0,S,1,0,395149,50,2008,19,0,0
53062,Historical,546454,0,0,S,2,1,1077220,72.99,2011,24,26.74,56.99
53063,Historical,280325,0,0,S,0,0,889412,89.99,2008,24,101.01,45.94
53064,Historical,811844,0,0,S,2,1,1622558,79.95,2009,14,69.64,21.99
53065,Historical,646514,0,0,S,2,1,905825,75,2009,20,33.18,63.77
53066,Historical,722564,0,0,S,0,0,1527030,58,2007,18,0,43.97
53067,Historical,613154,0,0,S,2,1,400658,63,1995,127,35.44,9.06
53068,Historical,639811,0,0,S,5,1,73812,67.65,2009,25,61.89,152.95
53069,Historical,529393,0,0,S,3,1,28160,68.4,2012,21,43.99,60.08
53070,Historical,2894755,0,0,S,0,0,520889,18.95,1991,9,118.94,19.94
53071,Historical,615756,1,1,S,2,1,24069,110,2011,62,85.67,67.57
53072,Historical,616245,0,0,S,1,0,129274,65,1988,64,50.06,33.83
53073,Historical,295160,0,0,S,0,0,658818,31.95,2005,25,45.32,43.91
53074,Historical,127513,0,0,S,5,1,936943,54.95,2009,48,25.59,13.36
53075,Historical,175212,0,0,S,2,1,5137598,95,2000,15,55.74,48.63
53076,Historical,120364,1,1,S,4,1,161112,134.67,2009,31,73.88,43.98
53077,Historical,248136,0,0,S,2,1,603176,39.95,2010,27,39.66,31.98
53078,Historical,120807,0,0,S,4,1,1044053,160.73,2009,30,89.97,186.39
53079,Historical,262724,0,0,S,2,1,1321141,37.95,2007,19,0,20.98
53080,Historical,802730,0,0,S,6,1,783018,49.99,2011,20,4.99,5.88
53081,Historical,895240,0,0,S,7,1,801123,49.99,2013,23,4.99,53.98
53082,Historical,204884,0,0,S,0,0,529323,39.95,2004,36,39.99,19.75
53083,Historical,145740,0,0,S,1,0,930792,29.99,2007,87,30.29,13.24
53084,Historical,2057718,0,0,S,0,0,890182,60,2008,19,34.07,58.89
53085,Historical,2311292,0,0,S,1,0,337151,62.95,1985,34,21.07,79.95
53086,Historical,860377,0,0,S,2,1,1479033,135,2011,16,107.36,100
53087,Historical,659398,0,0,S,2,1,2062294,144.95,2001,20,73.94,22.35
53088,Historical,113693,0,0,S,2,1,2812348,125,1999,19,9.39,39.98
53089,Historical,253875,0,0,S,6,1,1026063,266.95,2009,23,81.7,196.79
53090,Historical,797633,0,0,S,5,1,1822095,287.95,2004,23,81.7,73.11
53091,Historical,217295,0,0,S,3,1,1050787,40,2007,24,22.74,24.99
53092,Historical,119287,0,0,S,3,1,9950774,37,1998,17,33.39,11.94
53093,Historical,913276,0,0,S,4,1,1398145,44.25,2001,27,33.39,38.72
53094,Historical,537127,0,0,S,7,1,847492,183.2,2010,21,133.9,119.24
53095,Historical,645043,0,0,S,7,1,1205225,183.2,2010,24,133.9,97.44
53096,Historical,633215,0,0,S,3,1,808879,230.4,2010,36,134.64,212.99
53097,Historical,629848,0,0,S,4,1,631677,69.95,2009,24,12.9,43.98
53098,Historical,248967,0,0,S,3,1,1232666,182,2006,19,165.72,101.99
53099,Historical,529353,0,0,S,7,1,1668006,263,2010,23,180.94,76.81
53100,Historical,192476,0,0,S,6,1,3657311,280,2005,15,180.94,63.23
53101,Historical,2596447,0,0,S,3,1,6381321,99.99,1990,13,34.65,97.93
53102,Historical,175062,0,0,S,2,1,318348,34.99,2008,21,0,0
53103,Historical,182553,0,0,S,6,1,1188378,114.22,2001,14,56.86,88.94
53104,Historical,181987,0,0,S,3,1,134739,39.99,2006,85,44.66,23.98
53105,Historical,267349,0,0,S,2,1,1322918,47.25,2004,31,52.46,9.61
53106,Historical,905987,0,0,S,2,1,3153587,109,2002,20,59.43,49.25
53107,Historical,609423,0,0,S,4,1,6302368,59.95,2001,58,31.45,24.01
53108,Historical,225817,0,0,S,5,1,1864343,164.95,2003,17,31.45,79.62
53109,Historical,644839,0,0,S,2,1,1875090,0,2012,12,48.41,0
53110,Historical,630051,0,0,S,0,0,652575,128.99,2010,19,73.89,348.99
53111,Historical,110903,0,0,S,3,1,2430383,31.99,2002,14,39.44,35.59
53112,Historical,116016,0,0,S,2,1,3978166,48.4,2004,43,31.38,6.99
53113,Historical,515186,1,1,S,3,1,815082,81,2008,81,31.38,12.99
53114,Historical,754013,0,0,S,1,0,930170,87,2010,19,0,0
53115,Historical,163183,0,0,S,2,1,285502,51.99,2011,37,28.94,45.99
53116,Historical,137532,1,1,S,4,1,785662,113.33,2008,25,41.3,46.67
53117,Historical,230675,0,0,S,1,0,292149,39.95,2001,31,23.17,20.49
53118,Historical,646941,0,0,S,6,1,31388,119.95,2013,55,37.68,60.99
53119,Historical,120875,0,0,S,4,1,208511,202.6,2010,59,125.14,198.17
53120,Historical,107447,0,0,S,11,1,901979,116.25,2006,41,87.98,20.99
53121,Historical,533600,0,0,S,12,1,1278093,205,2008,39,87.98,28.98
53122,Historical,54215,1,1,S,1,0,180598,82.95,2010,46,70.09,32.5
53123,Historical,2561361,0,0,S,2,1,4807712,89.95,1984,17,76.76,73.7
53124,Historical,895942,0,0,S,2,1,4395098,99.95,2006,14,32.74,63.82
53125,Historical,1540249,0,0,S,4,1,1361575,46.95,2008,19,49.17,61.75
53126,Historical,182001,0,0,S,1,0,1323725,39.99,2009,31,21.76,44.45
53127,Historical,259706,0,0,S,5,1,4668753,68.95,2001,13,111.23,48.52
53128,Historical,244984,0,0,S,6,1,1328358,94.95,2002,18,111.23,48.98
53129,Historical,913938,0,0,S,1,0,1426895,49.99,2002,31,9.66,11.09
53130,Historical,148879,1,1,S,3,1,407210,37.5,2003,72,35.93,11.64
53131,Historical,751635,0,0,S,1,0,1042097,49.95,2009,25,31.32,39.98
53132,Historical,621689,0,0,S,1,0,1003375,115.6,2003,30,66.93,69.63
53133,Historical,802353,0,0,S,6,1,2566072,173.95,2006,23,62.99,28.39
53134,Historical,387468,0,0,S,6,1,1632604,161.95,2008,25,62.99,48.47
53135,Historical,169998,1,2,S,7,1,1015724,163.95,2010,51,62.99,43.99
53136,Historical,198164,0,0,S,4,1,253880,98.65,2010,23,0,28.65
53137,Historical,198107,0,0,S,4,1,855179,56.65,2010,11,0,51.39
53138,Historical,743183,0,0,S,1,0,530520,39.95,1999,13,51.14,173.31
53139,Historical,591630,0,0,S,3,1,4759684,37.95,2005,19,29.74,47.93
53140,Historical,544898,0,0,S,4,1,807329,42.95,2010,22,29.74,23.97
53141,Historical,200207,0,0,S,2,1,1847144,62.95,2006,22,45.98,18.99
53142,Historical,529302,0,0,S,3,1,531411,60,2007,33,62.6,40.32
53143,Historical,131213,0,0,S,3,1,976366,77,1998,38,89.46,9.44
53144,Historical,113738,0,0,S,5,1,3074428,90,1999,36,38.46,13.25
53145,Historical,276633,0,0,S,2,1,2273883,49.5,2006,28,0,26.94
53146,Historical,157736,0,0,S,1,0,109260,59.95,2011,30,0,0
53148,Historical,222845,0,0,S,4,1,1135693,146,2005,34,163.05,156.33
53149,Historical,529295,0,0,S,8,1,642482,78.95,2011,27,68.76,59.31
53150,Historical,670762,0,0,S,2,1,1223823,89.33,2002,23,83.62,91.49
53151,Historical,55988,0,0,S,10,1,1624562,89.95,2007,109,10.19,7.29
53152,Historical,55989,0,0,S,11,1,1066304,102,2009,124,10.19,4.8
53153,Historical,143491,0,0,S,4,1,778660,43,2003,27,9.23,37.99
53154,Historical,2027254,0,0,S,2,1,1754171,115.95,2006,15,107.22,34.23
53155,Historical,537940,0,0,S,4,1,7054491,158.95,2003,25,76.46,10.99
53156,Historical,51719,0,0,S,3,1,1655161,154,2006,65,163.49,8.95
53157,Historical,58537,0,0,S,4,1,2928628,183.33,2008,9,61.79,183.33
53158,Historical,617529,0,0,S,2,1,720910,83,2007,49,41.98,16.88
53159,Historical,233382,0,0,S,3,1,23861,37.5,2009,42,40.98,27.64
53160,Historical,920318,0,0,S,2,1,1300183,23.99,2005,47,43.99,17.62
53161,Historical,919955,0,0,S,2,1,1527560,28.95,2005,53,43.99,11.38
53162,Historical,178855,0,0,S,5,1,2190998,118.95,2008,23,65.55,23.89
53163,Historical,3151408,0,0,S,5,1,4899982,149,2002,15,109.17,65.98
53164,Historical,109661,0,0,S,3,1,2312931,72.91,2005,38,84.58,59.39
53165,Historical,147547,0,0,S,7,1,817741,58.95,2004,80,41.97,8.98
53166,Historical,147672,0,0,S,8,1,70984,72.95,2010,70,41.97,14.98
53167,Historical,55223,0,0,S,4,1,1264960,108,2005,107,90.84,5.52
53168,Historical,177396,0,0,S,6,1,1266077,128.95,2003,41,108.99,43.94
53169,Historical,255698,0,0,S,2,1,88576,35,2010,23,18.84,78.39
53170,Historical,560356,0,0,S,6,1,3025714,39,2009,17,9.83,21.99
53171,Historical,1845465,0,0,S,7,1,6861646,107.5,2009,15,57.84,107.5
53172,Historical,624714,0,0,S,4,1,375293,49.95,2012,34,42.74,100.99
53173,Historical,143024,0,0,S,3,1,4201700,166,2006,14,90.99,11.43
53174,Historical,723368,0,0,S,1,0,2968641,200,2009,13,2271.99,129.53
53175,Historical,626714,0,0,S,0,0,1461375,52,2012,31,22.73,4
53176,Historical,1767396,0,0,S,0,0,1515382,34.99,2014,18,69.73,25.59
53177,Historical,2625869,0,0,S,4,1,10479585,162.95,1997,4,0,50.21
53178,Historical,57335,0,0,S,6,1,738282,115.95,2006,44,93.51,76.79
53179,Historical,529286,0,0,S,7,1,277240,190.95,2012,62,109.11,53.17
53180,Historical,183260,0,0,S,6,1,275374,73.95,2005,28,86.67,61.99
53181,Historical,111425,0,0,S,5,1,1986373,38.67,2009,15,35.07,7.29
53182,Historical,615889,1,2,S,5,1,1112793,35,2006,85,35.07,18.99
53184,Historical,621045,0,0,S,2,1,3323073,114.67,2002,24,28.89,12.97
53185,Historical,60490,0,0,S,3,1,3298937,80.33,2000,24,13.93,25.19
53186,Historical,539998,0,0,S,5,1,540463,35.6,2012,27,23.99,17.18
53187,Historical,542155,0,0,S,3,1,2457541,56.25,2005,13,33.99,57.95
53188,Historical,536182,0,0,S,3,1,401927,35.5,2004,49,31.41,33.99
53189,Historical,2607947,0,0,S,3,1,1063644,56.25,2005,11,0,56.25
53190,Historical,174310,0,0,S,3,1,233097,33.75,2004,48,18.99,28.98
53191,Historical,635703,1,1,S,1,0,13836,86,2012,52,0,0
53192,Historical,144276,0,0,S,4,1,1780871,73.4,2002,36,68.12,9.98
53193,Historical,270687,0,0,S,8,1,971051,69,2011,52,61.07,28.16
53194,Historical,279157,0,0,S,7,1,1240369,53.95,2006,60,61.07,7.99
53195,Historical,215695,0,0,S,3,1,3939927,85,2002,26,118.44,10.98
53196,Historical,660341,0,0,S,0,0,637143,75,2011,46,42.54,57.23
53197,Historical,167020,0,0,S,3,1,297847,49.95,2007,116,27.44,16.94
53198,Historical,608313,0,0,S,2,1,486516,45,2003,122,27.44,10.74
53199,Historical,106130,0,0,S,2,1,391380,59.95,2004,57,31.62,28.94
53200,Historical,50285,0,0,S,6,1,925940,32.03,2010,114,218.97,23.97
53201,Historical,110629,0,0,S,5,1,727890,234.5,2008,113,218.97,8.98
53202,Historical,53986,0,0,S,12,1,1310248,5.95,2007,111,133.99,5.95
53203,Historical,244306,0,0,S,0,0,301790,57.49,2011,31,19.95,53.74
53204,Historical,3606589,0,0,S,4,1,6252760,67.9,1988,24,0,0
53205,Historical,182679,1,3,S,3,1,466930,311.95,2002,77,69.61,69.55
53206,Historical,146617,0,0,S,2,1,2200770,199.33,2010,20,83.98,0
53207,Historical,183720,0,0,S,4,1,2292269,301.95,2007,40,10.19,42.11
53208,Historical,145888,0,0,S,10,1,177375,162.67,2008,64,163.99,43.99
53209,Historical,57363,0,0,S,2,1,1448984,31.13,2006,44,89.94,22.49
53210,Historical,536547,0,0,S,7,1,770726,230.8,2012,22,4.23,186.64
53211,Historical,51445,0,0,S,6,1,2091229,122.67,2003,55,113.94,10.41
53212,Historical,117711,0,0,S,3,1,1089567,156.67,2006,79,58.99,13.99
53213,Historical,182995,0,0,S,4,1,1914345,201.95,2004,49,69.61,4
53215,Historical,627068,0,0,S,2,1,1701242,170,1993,32,3.85,49.24
53216,Historical,1615711,0,0,S,2,1,1461804,39.99,2006,40,20.93,8.03
53217,Historical,289246,0,0,S,4,1,451645,109,2007,18,121.23,54.99
53218,Historical,594296,0,0,S,4,1,1332618,109,2010,17,121.23,83.71
53219,Historical,295013,0,0,S,2,1,698163,34.5,1999,32,27.66,16.29
53220,Historical,661190,0,0,S,14,1,429975,684,2011,24,88.98,51.33
53221,Historical,2650101,0,0,S,2,1,4404836,65.95,2000,15,77.98,47.8
53222,Historical,224531,0,0,S,3,1,3177996,34.95,2002,30,10.49,20.98
53223,Historical,1702283,0,0,S,0,0,830933,138,2014,10,86.98,23.99
53224,Historical,147987,0,0,S,2,1,3292108,188.95,2003,27,65.09,11.99
53225,Historical,247445,0,0,S,4,1,3449322,69.95,2004,27,26.83,44.69
53226,Historical,263360,1,1,S,0,0,301294,129,2006,26,108.99,100.25
53227,Historical,537444,0,0,S,2,1,3074776,235.47,2011,16,86.99,153.99
53228,Historical,871867,0,0,S,7,1,3855813,110.95,2007,17,23.88,69.35
53229,Historical,435657,0,0,S,7,1,2905148,165.95,2004,33,23.88,5.87
53230,Historical,105535,0,0,S,7,1,1638375,29.02,2008,52,141.99,19.99
53231,Historical,108781,0,0,S,10,1,2851819,170,2006,43,109.91,7.99
53232,Historical,201740,0,0,S,2,1,2343446,132.95,2006,21,35.64,11.84
53233,Historical,120778,1,1,S,2,1,371640,228.8,2011,51,86.99,63.99
53234,Historical,556424,0,0,S,2,1,1102104,63.95,2012,23,63.76,28.99
53235,Historical,55983,0,0,S,13,1,158190,227.8,2010,52,120.01,55.98
53236,Historical,57620,0,0,S,6,1,1329427,471.95,2004,65,176.98,21.28
53237,Historical,560455,0,0,S,11,1,1395962,185,2012,19,0,82.23
53238,Historical,52176,1,1,S,4,1,714776,137.33,2007,92,162.4,13.44
53239,Historical,1541775,0,0,S,2,1,4165044,69.95,2010,15,55.8,60.14
53240,Historical,637268,0,0,S,4,1,388735,148,2006,15,103.94,64.77
53241,Historical,2047374,0,0,S,3,1,2887403,95,2006,13,60.64,43.99
53242,Historical,179033,0,0,S,3,1,2548724,98.95,1996,51,68.91,11.74
53243,Historical,633912,0,0,S,14,1,653911,112.25,2008,24,160.93,33.07
53244,Historical,129039,0,0,S,0,0,3409122,119.95,2007,20,4.8,66.87
53245,Historical,252661,0,0,S,2,1,281534,44.66,2011,31,69.93,29.22
53246,Historical,899657,0,0,S,2,1,3846919,78,2006,13,59.62,135.8
53247,Historical,53478,0,0,S,7,1,1011854,125.4,2005,89,142.5,33.99
53248,Historical,117205,0,0,S,2,1,941914,154,2005,77,8.22,6.97
53249,Historical,644776,0,0,S,1,0,74557,45,2011,19,42.28,39.88
53250,Historical,645884,0,0,S,3,1,2605368,78,2006,10,73.3,54.91
53251,Historical,50812,0,0,S,9,1,791672,239.95,2007,41,163.99,5.91
53252,Historical,263363,0,0,S,1,0,1116670,105,2006,25,93.98,64.95
53253,Historical,193447,0,0,S,4,1,1153571,140,2006,23,103.99,63.81
53254,Historical,482064,0,0,S,3,1,606035,37,2006,36,26.42,13.44
53255,Historical,671543,0,0,S,3,1,522431,210,2012,30,47.58,68.99
53256,Historical,270069,1,1,S,2,1,1559559,169,2008,18,47.58,78.17
53257,Historical,173755,0,0,S,5,1,2344209,71,2003,38,63,48.04
53258,Historical,859893,0,0,S,6,1,2014034,165,2009,12,63,194.25
53259,Historical,143345,0,0,S,3,1,6245913,101.5,1997,13,148.99,48.99
53260,Historical,175095,0,0,S,6,1,554749,74.99,2008,34,63,33.99
53261,Historical,268805,1,1,S,4,1,933500,52,2009,22,143.98,7.66
53262,Historical,600101,0,0,S,2,1,738052,43,2006,37,19.56,87.47
53263,Historical,270123,0,0,S,3,1,122514,44,2010,37,19.56,44
53264,Historical,723113,0,0,S,1,0,1475618,79,2013,17,38.2,30.99
53265,Historical,534601,0,0,S,2,1,1726996,49.95,2009,32,26.66,20.49
53266,Historical,634153,0,0,S,3,1,1145621,75,2005,20,41.58,53.87
53267,Historical,267891,0,0,S,0,0,537020,43.97,2004,16,75.96,105.69
53268,Historical,293697,0,0,S,2,1,970346,124.95,2006,27,75.96,36.49
53269,Historical,163187,0,0,S,6,1,478581,75,2009,21,38.79,165.64
53270,Historical,298118,0,0,S,5,1,3028644,77.5,2005,30,38.79,42.48
53271,Historical,330123,0,0,S,2,1,3046678,198.95,2000,23,15.79,19.95
53272,Historical,50982,0,0,S,5,1,1612403,173.33,2005,79,102.99,26.02
53273,Historical,184513,0,0,S,3,1,1539775,84.99,2004,21,10.18,38.99
53274,Historical,607767,0,0,S,4,1,1606654,73,2009,29,37.01,13.98
53275,Historical,607398,0,0,S,3,1,2506222,102.2,2007,22,37.01,21.47
53276,Historical,133030,0,0,S,4,1,451273,104.4,2009,48,60.88,50.49
53277,Historical,60499,0,0,S,3,1,1333259,105.4,2007,33,60.88,53.68
53278,Historical,141064,0,0,S,4,1,770385,181.95,1999,67,47.48,46.03
53279,Historical,533573,0,0,S,11,1,38823,103.2,2012,66,85.38,19.79
53280,Historical,109136,0,0,S,6,1,2201507,82.25,2005,27,23.74,8.99
53281,Historical,108470,0,0,S,5,1,4183117,67.1,2003,29,23.74,16.96
53282,Historical,637554,1,1,S,6,1,48124,118.2,2013,63,50,61.87
53283,Historical,52230,0,0,S,6,1,50945,98.8,2011,37,50,94.17
53284,Historical,533617,1,2,S,10,1,63972,152.6,2012,48,97.99,108.17
53285,Historical,132492,0,0,S,8,1,1188650,110,2007,50,97.99,23.65
53286,Historical,575292,0,0,S,2,1,1681794,34.95,2008,24,22.26,34.95
53287,Historical,117814,0,0,S,4,1,1098191,81.8,2009,28,71.57,23.98
53288,Historical,125988,0,0,S,0,0,628165,39.95,2001,31,26.49,29.28
53289,Historical,646220,0,0,S,2,1,1811792,39,2005,24,39.89,9.7
53290,Historical,1453164,0,0,S,10,1,1597339,144.47,2014,23,138.94,136.99
53291,Historical,529184,0,0,S,4,1,2532654,77.95,2009,18,155.99,111.25
53292,Historical,143619,0,0,S,3,1,1570304,188,2010,19,165.99,33.42
53293,Historical,114170,0,0,S,2,1,5074729,85,2001,35,84.31,8.8
53294,Historical,268343,0,0,S,2,1,1118933,78,2004,17,32.59,28.97
53295,Historical,253986,0,0,S,6,1,121604,70.95,2010,268,36.98,14.54
53296,Historical,248881,0,0,S,5,1,1224691,54.95,2006,133,36.98,9.73
53297,Historical,50243,0,0,S,10,1,314099,79.95,2006,193,51.03,11.98
53298,Historical,247673,0,0,S,3,1,1756007,54.95,2006,23,40.13,43.99
53299,Historical,245110,0,0,S,7,1,2700735,136.95,2004,22,80.99,113.09
53300,Historical,53848,1,3,S,9,1,492736,209.95,2011,53,67.99,150.02
53301,Historical,147080,0,0,S,2,1,1897586,80.95,2003,21,49.29,13.98
53302,Historical,169707,0,0,S,6,1,491577,252.95,2008,31,144.03,58.05
53303,Historical,659352,0,0,S,13,1,2509666,51.66,2010,18,42.99,63.06
53304,Historical,208291,0,0,S,2,1,98403,36.99,2001,91,14.92,7.98
53305,Historical,2491459,0,0,S,2,1,2554249,42.95,2004,26,46.46,18.99
53306,Historical,166539,0,0,S,3,1,3967686,0,2004,24,44.64,21.92
53307,Historical,1956575,0,0,S,2,1,190520,94.99,2014,24,0,87.23
53308,Historical,1956574,0,0,S,2,1,289770,93.49,2014,64,109.64,47.51
53309,Historical,635956,0,0,S,1,0,995672,69,2011,39,40.44,28.49
53310,Historical,157679,0,0,S,2,1,201941,73.95,2011,30,30.06,49.59
53311,Historical,621132,0,0,S,3,1,724363,46.95,2012,36,38.99,41.87
53312,Historical,199958,0,0,S,1,0,335847,110.95,2002,20,66.58,33.99
53313,Historical,268411,0,0,S,3,1,225941,50,2006,55,22.99,7.97
53314,Historical,300724,1,1,S,1,0,1323973,79.95,2010,33,30.93,46.74
53315,Historical,328174,1,1,S,1,0,1084678,191,2008,36,109.47,42.63
53316,Historical,312534,1,1,S,2,1,3516541,102.67,1999,24,100.96,33.84
53317,Historical,655088,0,0,S,4,1,524640,49.99,2013,20,0,0
53318,Historical,120308,1,1,S,4,1,1582879,115.6,2008,33,95.43,73.97
53319,Historical,152610,0,0,S,0,0,872655,99,1997,19,53.99,56.11
53320,Historical,60507,0,0,S,4,1,712414,93,2001,59,78.98,20.98
53321,Historical,137517,0,0,S,0,0,1032787,100,2006,23,83.82,93.8
53322,Historical,147538,1,2,S,4,1,967021,51.95,2008,17,60.07,80.83
53323,Historical,131389,0,0,S,3,1,5477460,102,2000,18,99.16,9.59
53324,Historical,164995,0,0,S,3,1,2121608,145,2001,21,76.76,73.49
53325,Historical,114852,0,0,S,0,0,548856,125,2003,35,56.54,48.51
53326,Historical,333674,0,0,S,0,0,1066478,89.95,2011,25,96.1,57.98
53327,Historical,408201,0,0,S,1,0,161106,153.95,2003,27,40.92,28.99
53328,Historical,239997,1,4,S,3,1,15022,34.95,2002,60,46.89,65.75
53329,Historical,109674,0,0,S,1,0,960862,128.75,2006,35,17.99,5.45
53330,Historical,108784,0,0,S,1,0,237510,370.54,2005,25,218.63,114.97
53331,Historical,333645,0,0,S,0,0,1940095,84.95,2007,24,53.98,33.02
53332,Historical,333033,0,0,S,3,1,3199534,35.95,2000,37,35.89,47.34
53333,Historical,541859,0,0,S,2,1,498938,61.95,2012,27,43.14,50.95
53334,Historical,177059,0,0,S,6,1,3667954,240.95,2004,21,128.59,16.98
53335,Historical,529104,0,0,S,4,1,787615,56,2010,20,35.44,45.1
53336,Historical,196650,0,0,S,3,1,2420712,69.95,2005,25,35.44,44.65
53337,Historical,370262,0,0,S,2,1,907418,115.95,2003,17,75.25,17.49
53338,Historical,529103,0,0,S,7,1,1601833,96.95,2012,20,48.82,63.97
53339,Historical,271494,0,0,S,2,1,2072841,59.95,2006,31,38.26,6.96
53340,Historical,262585,0,0,S,2,1,1454767,54.95,2000,62,44.03,33.94
53341,Historical,261096,1,4,S,5,1,1160445,59.95,2007,37,53.4,13.84
53342,Historical,261068,0,0,S,4,1,2823727,49.95,2001,23,53.4,42.98
53343,Historical,131587,0,0,S,2,1,3277746,81.6,2002,51,107.5,43.99
53344,Historical,386972,0,0,S,2,1,1726884,79.95,2008,24,18.15,103.26
53345,Historical,296921,1,2,S,3,1,1841712,102.25,2001,55,81.51,15.98
53346,Historical,2575470,0,0,S,1,0,535675,90.2,1986,29,51.61,64.95
53347,Historical,317882,0,0,S,6,1,1777658,105,1998,20,63.98,125.53
53348,Historical,315015,0,0,S,5,1,2119480,100.1,1996,22,63.98,23.97
53349,Historical,290252,0,0,S,3,1,3056275,98,2003,17,55.75,19.98
53350,Historical,322666,0,0,S,3,1,1642946,120,2005,51,4.73,8.99
53351,Historical,121168,0,0,S,4,1,265692,152.6,2010,68,4.73,45.4
53352,Historical,332659,0,0,S,4,1,2010028,65,2009,20,80.11,37.28
53353,Historical,272479,1,1,S,3,1,2483343,75,2008,21,48.18,9.66
53354,Historical,2947094,0,0,S,2,1,4229661,57.95,2004,17,48.18,158.33
53355,Historical,581718,0,0,S,7,1,703440,59.95,2011,26,35.31,52.45
53356,Historical,3073526,0,0,S,5,1,1780877,99.95,2005,14,43.89,23.98
53357,Historical,108788,0,0,S,4,1,593654,85.97,2004,59,118.57,15.53
53358,Historical,53097,0,0,S,11,1,1205434,294.95,2007,109,142.98,10.49
53359,Historical,561725,0,0,S,6,1,8952,112,2012,137,61.53,70.45
53360,Historical,386509,0,0,S,6,1,9452176,94.95,2007,15,52.27,16.49
53361,Historical,366064,0,0,S,2,1,4420441,90,2009,12,39.52,103.97
53362,Historical,198376,0,0,S,2,1,785727,58,2009,44,39.52,41.99
53363,Historical,362317,0,0,S,2,1,6349385,83.95,2002,12,59.1,70.89
53364,Historical,148665,0,0,S,8,1,91165,424.95,2009,37,191.79,22.24
53365,Historical,2700504,0,0,S,2,1,3675537,99,1996,13,39.74,87.96
53366,Historical,145509,0,0,S,1,0,558529,238.4,2007,27,196.46,83.96
53367,Historical,652696,0,0,S,3,1,497857,85.85,2011,25,196.46,55.46
53368,Historical,130080,0,0,S,0,0,176349,138.67,2002,18,196.46,58.07
53369,Historical,145433,0,0,S,7,1,597641,160,2007,36,36.29,59.53
53370,Historical,329769,0,0,S,6,1,731631,106.67,2004,38,36.29,42.91
53371,Historical,278215,0,0,S,1,0,2065335,38.95,2001,55,37.3,13.68
53372,Historical,60515,0,0,S,6,1,2415348,20,2003,29,81.91,19.9
53374,Historical,328390,0,0,S,3,1,878270,199,2010,26,155.18,140.83
53375,Historical,328171,0,0,S,2,1,3826286,103,2007,11,155.18,73.96
53376,Historical,2571871,0,0,S,2,1,6304035,23.98,1994,25,32.24,23.98
53377,Historical,115769,0,0,S,6,1,4104261,80,2004,20,92.05,44.91
53378,Historical,58392,0,0,S,1,0,2809313,19.99,2000,18,15.3,15.99
53379,Historical,104021,0,0,S,3,1,901550,0,1997,50,132.99,42.43
53380,Historical,113075,0,0,S,2,1,1948615,121,2007,18,93.94,78.46
53381,Historical,50508,0,0,S,2,1,787207,101.33,2001,50,67.97,8.99
53382,Historical,157238,0,0,S,3,1,3840010,63.95,2005,17,61.74,50.11
53383,Historical,164748,0,0,S,1,0,649918,135,1996,40,15.1,75.79
53384,Historical,259662,0,0,S,3,1,2432000,109.95,2003,23,68.99,31
53385,Historical,246335,0,0,S,2,1,2896027,75,2004,18,37.44,66.59
53386,Historical,157006,0,0,S,2,1,1096005,56.95,2003,17,43.23,44.98
53387,Historical,142982,0,0,S,5,1,1062957,41,2004,19,6.16,42.23
53388,Historical,793547,0,0,S,4,1,1870182,64.95,2002,25,27.69,4.96
53389,Historical,169920,1,1,S,3,1,529944,193.95,2009,29,88.99,112.63
53390,Historical,60062,0,0,S,10,1,1312044,88.6,2006,72,43.99,16.94
53391,Historical,144792,0,0,S,9,1,3061859,64.6,2004,36,43.99,12.92
53392,Historical,157436,0,0,S,4,1,1977121,55.95,2007,29,26.79,23.41
53393,Historical,202389,0,0,S,2,1,2151644,96.95,2002,49,59.47,13.07
53394,Historical,163048,0,0,S,2,1,832902,100,2010,21,67.85,55.56
53395,Historical,105454,0,0,S,6,1,1064399,105.5,2008,16,170.45,34.19
53396,Historical,385944,0,0,S,3,1,3514503,87.5,2009,18,74.72,29.99
53397,Historical,249831,0,0,S,2,1,2095185,246.95,2007,21,146.53,8.99
53398,Historical,305803,0,0,S,2,1,2145298,158.75,1996,23,32.08,50.98
53399,Historical,299220,0,0,S,0,0,1100517,79.95,2006,24,73.94,61.75
53400,Historical,623393,1,2,S,10,1,654132,211.95,2012,67,138.17,51.99
53401,Historical,162484,0,0,S,9,1,1612854,10.12,2008,28,118,12.86
53402,Historical,809138,0,0,S,10,1,675284,96.5,2011,20,0,0
53403,Historical,876501,1,1,S,3,1,15135,69.95,2014,39,44.92,65.44
53404,Historical,308506,0,0,S,2,1,5782526,52.5,2001,23,48.99,8.96
53405,Historical,108747,0,0,S,3,1,1938024,0,2005,26,48.99,15.99
53406,Historical,898886,0,0,S,6,1,884636,103.29,2008,28,72.95,77.35
53407,Historical,132185,0,0,S,5,1,2632506,127.6,2005,20,72.95,56.89
53408,Historical,203547,0,0,S,0,0,1032906,77.95,2003,28,0,0
53409,Historical,594693,0,0,S,5,1,761660,103.95,2012,43,38.84,77.99
53410,Historical,200549,1,2,S,5,1,688919,103.95,2011,66,38.84,23.94
53411,Historical,649945,0,0,S,7,1,1981149,177.95,2011,14,99.13,0
53412,Historical,529032,0,0,S,0,0,14858,17,2000,311,60.33,8.13
53413,Historical,910633,0,0,S,3,1,3962332,90.66,1989,21,114.98,57.77
53414,Historical,52549,0,0,S,2,1,598294,30.46,2008,63,78.23,29.99
53415,Historical,225943,0,0,S,2,1,1059940,119.95,2005,26,98.04,35.98
53418,Historical,368930,1,2,S,1,0,102678,44,2011,43,33.92,21.99
53419,Historical,346938,0,0,S,2,1,1212875,61,2010,31,47.99,40.46
53420,Historical,537159,0,0,S,5,1,117949,69.95,2013,56,28.98,15.99
53421,Historical,129056,1,2,S,3,1,1480905,57.95,2007,50,28.98,15.74
53422,Historical,129253,0,0,S,4,1,485541,69.95,2010,32,28.98,24.48
53423,Historical,196167,0,0,S,1,0,799962,39.95,2008,20,111.63,25.5
53424,Historical,537252,0,0,S,9,1,906849,149.33,2012,20,112.96,602.99
53425,Historical,237721,0,0,S,0,0,315311,119.95,2008,40,43.83,71.65
53426,Historical,50505,0,0,S,8,1,964340,254.95,2003,63,122.04,18.94
53427,Historical,2263350,0,0,S,2,1,109380,43.04,2011,33,0,45.22
53428,Historical,55109,1,1,S,3,1,331507,229.95,2008,53,105.84,64.06
53429,Historical,619187,0,0,S,2,1,514968,74.95,1997,33,27.84,53.97
53430,Historical,642780,0,0,S,2,1,2349987,129,1993,22,65.99,41.21
53431,Historical,246833,0,0,S,4,1,59784,40.99,2009,47,23.89,24.95
53432,Historical,318376,0,0,S,4,1,931028,97.95,2001,38,83.08,19.45
53433,Historical,873989,0,0,S,15,1,2305463,182.8,2011,22,93.5,45.86
53434,Historical,199942,0,0,S,3,1,2309726,56.95,2002,26,106.92,43.95
53435,Historical,317405,0,0,S,10,1,458040,154.07,2010,16,200.2,96.97
53436,Historical,50427,0,0,S,4,1,756221,14.55,2007,142,103.99,13.05
53437,Historical,2341882,0,0,S,2,1,655979,139.35,1987,32,33.38,46.69
53438,Historical,321029,0,0,S,2,1,2335589,75,2009,31,40.98,41.93
53439,Historical,499555,0,0,S,6,1,987613,135.89,2010,40,48.99,86.47
53440,Historical,389412,0,0,S,1,0,308353,54.95,2010,35,50.14,43.27
53441,Historical,391989,0,0,S,5,1,500144,99.95,2009,22,64.26,92.13
53442,Historical,2568176,0,0,S,4,1,3722068,0,1971,33,48.92,52.45
53443,Historical,116775,0,0,S,0,0,851523,53,2004,50,43.16,32.78
53444,Historical,254610,0,0,S,5,1,1179464,135.95,2011,17,44.84,22.39
53445,Historical,128995,0,0,S,3,1,2037667,65,2005,40,40.98,25.07
53446,Historical,279039,0,0,S,3,1,1056705,23.87,2007,37,49.38,23.87
53447,Historical,600347,0,0,S,4,1,784666,22.53,2010,61,49.38,18.76
53448,Historical,116344,0,0,S,2,1,1464827,117.93,2010,17,53.4,602.84
53449,Historical,313263,1,1,S,0,0,458702,84,2004,51,53.4,7.98
53450,Historical,172653,0,0,S,1,0,92966,54.99,2011,26,0,0
53451,Historical,339799,1,1,S,2,1,1011341,148,2010,34,0,19.52
53452,Historical,158157,1,2,S,2,1,354045,56.95,2007,74,55.62,43.81
53453,Historical,874660,0,0,S,9,1,1940852,45.45,1991,23,5.84,122.23
53454,Historical,158325,1,4,S,0,0,220452,54.95,2010,43,48.48,54.49
53455,Historical,196565,0,0,S,4,1,673273,76.95,2005,18,48.98,76.95
53456,Historical,272336,0,0,S,2,1,3246217,64.95,2006,14,43.97,53.46
53457,Historical,289294,0,0,S,3,1,1182021,99,2002,28,50.68,75.63
53458,Historical,246576,0,0,S,2,1,269027,54.95,2007,20,35.99,53.99
53459,Historical,877219,0,0,S,3,1,810402,175.07,2012,23,166.89,122.97
53460,Historical,165697,0,0,S,3,1,2338391,90,2004,20,110.98,61.02
53461,Historical,859702,0,0,S,7,1,4078217,235.95,2008,17,192.31,254.95
53462,Historical,219661,0,0,S,0,0,562966,69.95,2000,42,54.34,46.63
53463,Historical,178157,0,0,S,10,1,1435873,121.95,2005,52,102.32,66.67
53464,Historical,308694,0,0,S,4,1,9587034,73.75,2001,16,102.38,252.35
53465,Historical,2570307,0,0,S,2,1,4674635,89.95,1992,24,68.47,23.99
53466,Historical,54100,1,2,S,12,1,339049,239.95,2007,50,163.87,42.98
53467,Historical,545850,1,5,S,2,1,69343,113,2013,74,42.84,58.44
53468,Historical,272529,0,0,S,2,1,213188,55.95,2009,41,143.03,35.99
53469,Historical,393704,0,0,S,2,1,3496216,150,2009,16,143.03,41.78
53470,Historical,2577202,0,0,S,2,1,4343521,152.5,1983,16,128.98,69.85
53471,Historical,142828,0,0,S,4,1,3480318,312.95,1996,37,20.97,7.99
53472,Historical,57416,0,0,S,11,1,1269516,127.95,2002,37,111.58,13.98
53473,Historical,312046,0,0,S,10,1,63102,96.95,2009,36,58.95,53.98
53474,Historical,312167,0,0,S,9,1,498510,99.95,2006,39,58.95,23.99
53475,Historical,2569892,0,0,S,2,1,2155169,57.97,1974,18,32.75,49.86
53476,Historical,249819,0,0,S,2,1,2345929,157.95,2005,34,112.94,29.61
53477,Historical,1656890,1,2,S,2,1,380726,104.99,2012,23,87.59,84.48
53478,Historical,53290,0,0,S,9,1,501013,318.95,2010,57,120.17,58.99
53479,Historical,177760,1,1,S,7,1,675232,133.95,2004,57,83.64,34.74
53480,Historical,50493,0,0,S,2,1,429409,87.95,2005,125,45.28,13.88
53481,Historical,747030,0,0,S,0,0,478118,91.25,2010,41,0,85.34
53482,Historical,410077,0,0,S,3,1,3546511,59.95,2006,21,42.03,56.69
53483,Historical,308813,1,1,S,3,1,1252590,129.6,2000,22,100.45,158.93
53484,Historical,346397,1,1,S,8,1,431903,290.95,2009,29,146.04,99.19
53485,Historical,159524,0,0,S,5,1,637207,57.95,2007,46,4.98,35.93
53486,Historical,314726,0,0,S,1,0,218002,147.2,2008,42,73.52,69
53487,Historical,114246,0,0,S,7,1,4258373,140,2001,18,68.99,30.99
53488,Historical,61155,0,0,S,4,1,3024831,130,1999,21,118.58,46.52
53489,Historical,312254,0,0,S,2,1,1090762,121,2005,18,120.11,39.97
53490,Historical,399596,0,0,S,0,0,398541,39.99,2005,14,57.59,28.99
53491,Historical,203931,0,0,S,2,1,1509176,43.99,2007,27,24.28,17.99
53492,Historical,397186,0,0,S,2,1,2766309,79.95,2008,14,68.42,206.59
53493,Historical,385680,0,0,S,4,1,2500152,72.16,2007,11,41.04,52
53494,Historical,199372,0,0,S,2,1,611237,89,2005,48,107.83,50.75
53495,Historical,385776,0,0,S,1,0,316278,111.95,2009,38,71.98,32.14
53496,Historical,298128,0,0,S,5,1,643077,50.95,2005,51,39.48,20.98
53497,Historical,53465,0,0,S,6,1,912550,12.94,2007,119,36,11.99
53499,Historical,625963,0,0,S,7,1,888985,85.83,1995,29,63.99,53.18
53500,Historical,868643,0,0,S,2,1,564705,53.95,1996,18,20.7,153.96
53501,Historical,2261356,0,0,S,4,1,3635195,235.05,2009,48,158.98,202.38
53502,Historical,194136,1,1,S,0,0,32385,80,2009,12,0,0
53503,Historical,365747,0,0,S,1,0,285016,91.09,2010,52,78.65,50.99
53504,Historical,336625,0,0,S,2,1,1758881,70.95,2007,23,45.94,56.75
53505,Historical,603247,0,0,S,8,1,5328883,0,2007,11,3.85,100.57
53506,Historical,389328,0,0,S,1,0,741780,79.95,2010,34,63.99,62.52
53507,Historical,343985,0,0,S,5,1,1985467,0,2004,17,111.98,128.97
53508,Historical,697344,0,0,S,0,0,372230,94.8,1997,32,0,33.35
53509,Historical,50523,0,0,S,2,1,403504,323.95,2007,52,177.54,53
53510,Historical,180678,0,0,S,8,1,2441904,131.2,2008,26,88.98,91.36
53511,Historical,247844,0,0,S,0,0,696139,61,2008,12,44.52,128.6
53512,Historical,285418,0,0,S,1,0,916294,122.76,2006,23,0,53.99
53513,Historical,188557,0,0,S,0,0,726154,41,2001,40,23.82,26.47
53514,Historical,55923,0,0,S,5,1,3140007,57.33,2000,40,36.56,12.94
53515,Historical,2415580,0,0,S,3,1,4162863,57.5,1997,28,82.56,46.03
53516,Historical,132556,0,0,S,5,1,970034,138,2008,33,68.43,15.48
53517,Historical,131838,0,0,S,4,1,2342968,112,2004,40,68.43,7.15
53518,Historical,539849,0,0,S,8,1,3006336,50,2013,18,44.2,18.2
53519,Historical,259995,0,0,S,3,1,2207843,86,2004,30,105.99,43.35
53520,Historical,117163,0,0,S,1,0,558463,140.6,2006,15,0,99.55
53521,Historical,254481,1,2,S,6,1,125759,123.95,2011,104,86.77,79.99
53522,Historical,208098,0,0,S,0,0,728661,49,2006,47,69.02,52.49
53523,Historical,50550,0,0,S,7,1,522776,51.99,2006,30,90.53,58.37
53524,Historical,50549,1,2,S,6,1,936762,39.34,2004,83,90.53,39.31
53525,Historical,1506348,0,0,S,5,1,863267,53,2011,21,0,37.99
53526,Historical,608406,0,0,S,2,1,1262056,180,1987,22,129.97,29.03
53527,Historical,328180,0,0,S,5,1,187219,41,2008,17,39.59,51.08
53528,Historical,333781,0,0,S,2,1,51538,119,2010,34,63.99,78.96
53529,Historical,254295,0,0,S,1,0,560078,79.95,2011,33,0,69.34
53530,Historical,2669404,0,0,S,6,1,595021,41.65,1991,21,25.95,44.89
53531,Historical,190821,0,0,S,2,1,116215,67.95,2009,26,40.64,114.21
53532,Historical,385625,0,0,S,2,1,2695608,76.99,2003,18,68.44,68.51
53533,Historical,254137,0,0,S,3,1,1108595,168.95,2010,22,105,38.99
53534,Historical,348519,0,0,S,2,1,3265434,247.95,2005,24,105,16.82
53535,Historical,53262,0,0,S,4,1,1708371,138.67,2005,74,66.94,11.94
53536,Historical,165481,0,0,S,1,0,1387346,183,2003,26,0,0
53537,Historical,183609,0,0,S,6,1,960334,264.95,2007,60,141.82,15.99
53538,Historical,54730,0,0,S,2,1,1447773,98,2005,49,89.98,24.9
53539,Historical,51602,0,0,S,2,1,462831,107,2005,81,89.98,33.03
53540,Historical,711348,0,0,S,5,1,3580968,110,2001,26,55.87,31.22
53541,Historical,113177,0,0,S,3,1,244969,155,2009,42,43.64,67.13
53542,Historical,2326006,0,0,S,3,1,7806024,88.5,1994,16,23.99,59.77
53543,Historical,622231,0,0,S,4,1,2847336,117,1997,22,23.99,18.99
53544,Historical,917410,0,0,S,5,1,2058635,115,1999,26,42.12,15.99
53545,Historical,2559384,0,0,S,2,1,1211615,57.36,1962,27,65.72,61.45
53546,Historical,2427710,0,0,S,2,1,270629,104,1991,28,46.92,33.91
53547,Historical,607649,0,0,S,3,1,1731781,126,1997,32,46.92,59.97
53548,Historical,541843,1,3,S,8,1,22131,222.25,2012,87,82.86,39.98
53549,Historical,298764,0,0,S,1,0,426746,62.1,2010,60,61.62,50.4
53550,Historical,534070,0,0,S,3,1,2530359,103.95,1989,22,53.54,48.1
53551,Historical,152727,0,0,S,0,0,303756,59.95,2004,25,30.64,34.32
53552,Historical,806941,0,0,S,5,1,1196421,328.95,2006,29,111.34,61.75
53553,Historical,153882,0,0,S,2,1,249160,62,2005,39,8.32,47.86
53554,Historical,301416,0,0,S,2,1,2756231,129,1998,14,157.21,84.23
53555,Historical,119291,0,0,S,5,1,760871,57,1996,24,20.19,48.55
53556,Historical,606696,0,0,S,6,1,312880,133.95,1994,50,40.35,49.27
53557,Historical,57323,0,0,S,1,0,1174059,65.95,2004,55,17.06,20.41
53558,Historical,622206,1,4,S,1,0,10459,249,2013,26,0,47.52
53559,Historical,745483,0,0,S,9,1,1293729,223.95,2008,17,75.47,0
53560,Historical,165455,1,1,S,2,1,544452,95,2002,42,56.98,58.85
53561,Historical,50583,0,0,S,6,1,97100,17.28,2004,65,153.24,20.79
53562,Historical,50584,0,0,S,7,1,321166,42.49,2006,47,153.24,27.47
53563,Historical,198370,0,0,S,3,1,489154,48,2008,51,26.38,28.98
53564,Historical,56792,0,0,S,5,1,1378509,124.95,2007,49,99.18,103.87
53565,Historical,56793,0,0,S,6,1,1033569,164.95,2008,60,99.18,41.71
53566,Historical,539116,0,0,S,4,1,620505,98,2007,75,114.86,45.09
53567,Historical,50183,1,1,S,4,1,927306,100.6,2007,96,114.86,14.97
53568,Historical,742654,0,0,S,1,0,886742,49.99,2010,83,21.38,7.97
53569,Historical,617631,0,0,S,2,1,1003356,49.99,2011,72,21.38,7
53570,Historical,540700,0,0,S,3,1,495471,49.99,2012,109,21.38,11.49
53571,Historical,353658,0,0,S,2,1,768086,44.99,2006,24,19.58,25.99
53572,Historical,789794,0,0,S,6,1,514878,259,2007,32,29.47,77.99
53573,Historical,275423,0,0,S,7,1,737483,38.95,2006,70,12.99,13.96
53574,Historical,608957,0,0,S,5,1,1970725,60.95,2005,25,58.29,29.24
53575,Historical,880207,1,1,S,8,1,427627,80.75,2010,30,88.76,79.64
53576,Historical,1982506,1,1,S,15,1,426873,45,2014,42,44.04,33.68
53577,Historical,626123,0,0,S,1,0,1234145,48,2009,36,27.19,35.94
53578,Historical,528851,0,0,S,4,1,37546,50.95,2010,32,28.94,15.79
53579,Historical,670303,0,0,S,7,1,1250142,89.95,2012,17,152.91,38.44
53580,Historical,301285,0,0,S,6,1,2431362,154.95,2011,22,152.91,4
53581,Historical,647020,0,0,S,2,1,1008556,45,2012,19,21.99,62.63
53582,Historical,545820,0,0,S,6,1,1064207,46,2012,41,5.13,21.99
53583,Historical,546449,0,0,S,5,1,316262,60,2013,36,45.26,41.3
53584,Historical,546450,0,0,S,5,1,213225,50,2013,23,0,0
53585,Historical,402793,0,0,S,2,1,1580000,66.95,2006,25,28.58,33.95
53586,Historical,2155838,0,0,S,1,0,376524,49.99,2006,60,31.08,12.05
53587,Historical,118367,0,0,S,4,1,1516213,79.4,2006,26,3.99,42.99
53588,Historical,2608455,1,1,S,2,1,1357499,34.99,1998,24,54.7,27.94
53589,Historical,258469,1,1,S,9,1,537165,94.5,2009,70,109.78,18.61
53590,Historical,868641,1,1,S,9,1,826132,79.5,2009,22,109.1,267.2
53591,Historical,802212,0,0,S,5,1,1022321,168.95,2004,23,94.83,73.35
53592,Historical,663171,0,0,S,9,1,1203383,126,2013,31,64.99,97.34
53593,Historical,132920,1,1,S,7,1,955918,73,2007,33,33.44,31
53594,Historical,868212,0,0,S,7,1,664054,73,2009,26,4.7,24.98
53595,Historical,132922,0,0,S,7,1,174688,73,2009,21,38.66,156.69
53596,Historical,2217649,0,0,S,25,1,1040921,45,2007,24,31.94,67.69
53597,Historical,287273,0,0,S,2,1,1646174,60,2005,70,39.52,14.84
53598,Historical,426970,0,0,S,3,1,6380285,205,2009,15,56.67,66
53599,Historical,2418591,0,0,S,2,1,5901434,85,2001,14,56.67,70.49
53600,Historical,2616799,0,0,S,3,1,4339416,47.95,1982,57,0,32.98
53601,Historical,528816,0,0,S,4,1,1269628,49.99,2010,23,35.66,31.74
53602,Historical,609753,0,0,S,2,1,2824453,49.95,2002,17,22.94,33.98
53603,Historical,629956,0,0,S,2,1,352602,59.99,2011,26,39.6,59.23
53604,Historical,3139364,0,0,S,2,1,3019945,79,2002,23,28.79,77.77
53605,Historical,181884,0,0,S,5,1,523792,44.95,2005,74,21.65,16.47
53606,Historical,60545,0,0,S,4,1,1652524,115,2004,63,103.97,23.98
53607,Historical,181876,0,0,S,3,1,216342,39.99,2004,42,18.87,27.06
53608,Historical,726899,0,0,S,2,1,4121266,39.95,1997,36,26.98,11.3
53609,Historical,635735,0,0,S,8,1,331112,63,2011,34,28.03,43.78
53610,Historical,633405,0,0,S,7,1,247742,49.99,2006,26,28.03,44.21
53611,Historical,106757,0,0,S,3,1,440022,42,2009,83,13.3,15.92
53612,Historical,107003,0,0,S,2,1,2160569,49.99,2004,32,14.6,45.4
53613,Historical,607961,0,0,S,7,1,1493629,39.99,2008,64,25.53,19.94
53614,Historical,2097508,0,0,S,0,0,523962,79.99,2013,20,48.99,45.98
53615,Historical,126999,1,1,S,1,0,307934,45,2004,58,34.7,49.93
53617,Historical,637009,0,0,S,4,1,513513,64.95,2010,31,51.95,29.05
53618,Historical,528803,0,0,S,4,1,346250,66.99,2010,20,30.98,25.79
53619,Historical,57283,0,0,S,2,1,73075,78.95,2009,30,54.32,58.19
53620,Historical,58461,0,0,S,3,1,1970906,49.95,2000,45,34.49,12.84
53621,Historical,546983,0,0,S,2,1,1901664,58,2009,20,56.52,6.6
53622,Historical,395819,0,0,S,0,0,220582,39.95,2004,35,36.76,41.6
53623,Historical,528800,0,0,S,2,1,808593,44.99,2010,88,40.4,8.85
53624,Historical,2113753,0,0,S,2,1,657883,44.99,2013,9,0,43.66
53625,Historical,3117494,0,0,S,2,1,3961917,21.95,2001,18,0,14.19
53626,Historical,584021,0,0,S,3,1,1007818,36.95,2008,43,24.89,13.49
53627,Historical,202498,0,0,S,4,1,936699,26.87,2000,30,36.96,22.76
53628,Historical,56766,0,0,S,11,1,236056,64.95,2005,124,27.97,9.98
53629,Historical,534233,0,0,S,5,1,201108,266.03,2005,22,0,0
53630,Historical,2047524,0,0,S,5,1,300758,38,2009,32,27.99,37.21
53631,Historical,626404,0,0,S,2,1,798596,178,2006,19,0,122.19
53632,Historical,703581,0,0,S,3,1,9320598,58.25,1999,16,46.89,12.49
53633,Historical,193688,0,0,S,3,1,455858,76,2011,25,63.11,30.49
53634,Historical,193530,0,0,S,2,1,1568906,56,2006,33,63.11,18.99
53635,Historical,254605,1,2,S,3,1,764813,80,2011,61,33.99,16.99
53636,Historical,613486,0,0,S,2,1,2367484,60,2009,42,33.99,4.13
53637,Historical,539188,0,0,S,4,1,96022,76,2011,48,13.2,14.49
53638,Historical,552310,0,0,S,3,1,139371,80.2,2007,48,13.2,7.94
53639,Historical,2620442,0,0,S,3,1,1130632,48.95,1998,18,34.43,49.16
53640,Historical,632550,0,0,S,1,0,698786,55.95,1996,31,24.99,23.99
53641,Historical,200427,0,0,S,2,1,711722,140.95,2010,33,8.49,31.99
53642,Historical,55932,0,0,S,5,1,2514440,64.95,2005,30,80.4,15.99
53643,Historical,117037,0,0,S,3,1,545205,73.4,2007,67,58.11,12.94
53644,Historical,119139,0,0,S,4,1,57021,99,2011,45,58.11,29.98
53645,Historical,407016,0,0,S,7,1,1445894,156.95,2006,24,88.98,53.29
53646,Historical,867819,0,0,S,9,1,194856,79.99,2014,21,48.99,27.56
53647,Historical,612837,0,0,S,0,0,802372,34.99,2011,135,22.93,5.95
53648,Historical,2098009,0,0,S,0,0,517962,44.99,2014,18,0,23.99
53649,Historical,2097991,0,0,S,0,0,485697,44.99,2014,21,0,36.99
53650,Historical,620819,0,0,S,2,1,369420,49.95,2008,90,25.54,10.2
53651,Historical,3108191,0,0,S,2,1,375538,44.99,2015,10,0,26.05
53652,Historical,3108190,0,0,S,2,1,446530,44.99,2015,10,0,28.19
53653,Historical,609602,0,0,S,3,1,1520428,44.95,2006,27,33.97,38.94
53654,Historical,615284,0,0,S,4,1,1178583,44.95,2008,33,0,32.59
53655,Historical,789540,0,0,S,9,1,4419925,99,2005,25,60.14,12.64
53656,Historical,392959,0,0,S,10,1,1204934,99.99,2009,28,60.14,8.78
53657,Historical,667534,0,0,S,4,1,1884142,174.95,2008,22,0,124.97
53658,Historical,652379,0,0,S,1,0,28800,40,2013,38,33.54,28.05
53659,Historical,603274,0,0,S,3,1,3842580,77.95,2005,37,76.38,19.89
53660,Historical,558406,0,0,S,8,1,414354,59.95,2009,42,44.03,33.18
53661,Historical,774562,0,0,S,7,1,3096388,327.95,2006,16,127.94,92.24
53662,Historical,196544,0,0,S,2,1,2811477,59.95,2007,21,32.69,49.68
53663,Historical,153788,0,0,S,1,0,1426708,39.95,2004,31,23.95,52.22
53664,Historical,901446,0,0,S,3,1,1925337,52.95,2004,10,33.04,49.99
53665,Historical,272521,0,0,S,2,1,2880308,56,2009,15,33.4,321.04
53666,Historical,199351,0,0,S,1,0,745134,60,2005,14,0,0
53667,Historical,576480,0,0,S,2,1,2871407,48.95,2003,29,19.47,5.99
53668,Historical,161896,0,0,S,1,0,893206,45,2007,29,34.72,36.95
53669,Historical,528751,0,0,S,2,1,453357,49.95,2010,21,34.72,63.61
53670,Historical,609888,0,0,S,9,1,667519,56.8,2010,28,48.96,48.84
53671,Historical,911193,1,1,S,8,1,2368013,40.8,2003,30,48.96,57.86
53672,Historical,266272,0,0,S,9,1,497068,52.8,2009,21,48.96,47.51
53673,Historical,60554,0,0,S,15,1,1165525,134.95,2002,16,86.59,50.7
53674,Historical,766915,0,0,S,16,1,1664809,121.95,2004,38,16.98,23.95
53675,Historical,528749,0,0,S,0,0,145941,44.95,2004,14,4.99,12.99
53676,Historical,879040,0,0,S,5,1,463335,0,2008,35,46.83,9.77
53677,Historical,58458,0,0,S,5,1,1300738,59.8,2008,37,56.05,10.74
53678,Historical,2603757,0,0,S,0,0,1647516,44.99,2003,20,21.91,25
53679,Historical,147637,0,0,S,2,1,31658,78.95,2010,48,28.42,40.72
53680,Historical,592329,0,0,S,10,1,544690,40.95,2007,69,36.89,6.59
53681,Historical,617147,1,1,S,11,1,1037584,46.95,2010,70,36.89,9.95
53682,Historical,580703,0,0,S,4,1,1404881,35,2009,48,25.17,15.99
53683,Historical,192408,0,0,S,8,1,1742716,88.95,2006,21,7.07,45.99
53684,Historical,637815,0,0,S,1,0,498167,61.95,2011,31,54.35,18.94
53685,Historical,212908,0,0,S,1,0,217826,33.95,1999,79,24.93,12.29
53686,Historical,313780,0,0,S,0,0,207533,16.36,2004,24,72.28,12.77
53687,Historical,528735,0,0,S,3,1,755917,74,2009,17,47.56,72.69
53688,Historical,203422,1,1,S,6,1,109116,123.99,2005,87,70.22,63.99
53689,Historical,199891,0,0,S,7,1,1530318,142.95,2004,27,45.24,49.25
53690,Historical,192078,0,0,S,6,1,184526,87.98,2006,35,0,0
53691,Historical,2310920,0,0,S,4,1,1631835,39.95,1986,30,36.18,49.48
53692,Historical,177917,0,0,S,5,1,5108067,79.95,2003,28,58.98,13.98
53693,Historical,528730,0,0,S,6,1,1636314,102.95,2007,34,58.98,23.9
53694,Historical,716520,0,0,S,10,1,2252724,37,2008,20,36.32,59.53
53695,Historical,60467,1,1,S,10,1,563184,35.75,2007,31,63.26,32.04
53696,Historical,253948,1,1,S,17,1,1452816,50.95,2011,20,30.36,22.98
53697,Historical,627909,1,1,S,6,1,563148,80.95,2012,31,11.49,14.74
53698,Historical,57042,1,1,S,5,1,63293,49.96,2009,47,151.99,49.99
53699,Historical,639419,0,0,S,0,0,1233330,110,2004,23,77.77,88.99
53700,Historical,624795,0,0,S,3,1,3027826,98,1990,20,71.93,9.32
53701,Historical,637412,0,0,S,4,1,1475445,212,1999,30,71.93,13.49
53702,Historical,193222,1,1,S,7,1,1043921,216,2011,35,230.66,14.99
53703,Historical,193532,0,0,S,6,1,1975734,146,2007,29,230.66,74.31
53704,Historical,143108,1,1,S,1,0,687048,202,2009,43,139.34,50.97
53705,Historical,250587,1,1,S,4,1,322434,96.95,2008,24,63.33,203.06
53706,Historical,528713,0,0,S,9,1,2220804,42.95,2008,18,5.99,39.49
53707,Historical,200041,0,0,S,8,1,3381310,49.95,2004,15,5.99,30.39
53708,Historical,210951,0,0,S,2,1,1091284,79.95,2008,81,47.28,22.83
53709,Historical,165513,0,0,S,2,1,2487984,73.89,2004,16,22.35,44.55
53710,Historical,162147,1,1,S,3,1,1270787,149,2008,28,22.35,15.97
53711,Historical,56284,0,0,S,3,1,344425,1324,2003,21,78.99,204.98
53712,Historical,630039,0,0,S,11,1,199291,56.6,2010,24,47.93,56.6
53713,Historical,417115,0,0,S,7,1,1840603,119.5,2009,25,68.15,13.84
53714,Historical,637678,0,0,S,5,1,62163,130,2012,86,0,115.52
53715,Historical,528705,1,2,S,5,1,157736,134.8,2012,70,35.99,39.12
53716,Historical,212519,0,0,S,3,1,4478486,100.93,2005,14,35.99,9.09
53717,Historical,145994,0,0,S,4,1,1842815,118.2,2009,30,35.99,28.36
53718,Historical,639918,0,0,S,6,1,357787,101.8,2011,24,0,0
53719,Historical,540643,0,0,S,5,1,257295,93.2,2011,30,37.93,63.99
53720,Historical,911206,0,0,S,6,1,1152084,51.6,2007,19,37.29,43.89
53721,Historical,1657865,0,0,S,8,1,3838326,52.09,2009,11,23.89,136.26
53722,Historical,107500,0,0,S,4,1,4045514,0,2002,21,62.99,66.73
53723,Historical,109770,1,1,S,7,1,1214291,20.31,2007,26,62.15,48.89
53724,Historical,916537,0,0,S,6,1,296415,39.52,2004,32,62.15,23.96
53725,Historical,56205,0,0,S,7,1,1490619,42.42,2004,26,99.12,46.23
53726,Historical,56290,0,0,S,9,1,533856,113.99,2010,39,103.87,53.94
53727,Historical,106746,0,0,S,1,0,781642,73,2010,28,43.54,24.99
53728,Historical,607002,1,1,S,5,1,677002,113,2008,19,15.7,33.99
53729,Historical,107851,0,0,S,8,1,2561536,13.98,2003,18,86.31,13.99
53730,Historical,107509,0,0,S,12,1,785141,72.19,2003,33,101.58,43.81
53731,Historical,121703,0,0,S,8,1,307409,81.6,2000,28,50.04,18.3
53732,Historical,248983,1,1,S,5,1,345468,57.95,2007,99,28.99,10.98
53733,Historical,192454,0,0,S,4,1,3296235,41.95,2004,34,28.99,10.98
53734,Historical,117084,0,0,S,7,1,557461,65.95,2007,146,29.35,10.95
53735,Historical,889329,0,0,S,5,1,4782535,37.25,1992,12,88.43,21
53736,Historical,119270,0,0,S,0,0,1625674,65,1996,14,36.9,18.49
53737,Historical,285852,1,1,S,2,1,1612031,73,2001,23,36.9,13.98
53738,Historical,699923,0,0,S,3,1,5144125,55,2001,12,52,69.19
53739,Historical,697042,0,0,S,2,1,959633,50,1997,14,52,8.49
53740,Historical,105746,0,0,S,2,1,909495,157.5,2002,45,43.91,42.98
53741,Historical,904116,0,0,S,2,1,1064111,59.95,1989,16,39.96,98.18
53742,Historical,293210,0,0,S,5,1,1661212,143,2007,25,84.78,18.98
53743,Historical,3019310,0,0,S,2,1,3551050,80,2004,20,25.31,27.06
53744,Historical,257237,0,0,S,2,1,461923,70,2004,46,25.31,23.38
53745,Historical,407861,0,0,S,3,1,2114391,139,2008,28,36.37,34.05
53746,Historical,914642,0,0,S,2,1,785015,110,2004,19,36.37,55.02
53747,Historical,738368,0,0,S,4,1,2549857,35,2004,12,11.87,26.37
53748,Historical,57322,0,0,S,2,1,278064,129.99,2008,59,74.9,43.98
53749,Historical,625281,0,0,S,2,1,438140,41,2009,42,25.87,34.97
53750,Historical,106750,0,0,S,2,1,101516,41,2010,38,25.87,35.82
53751,Historical,627354,0,0,S,8,1,903438,55,2011,24,5.69,78.6
53752,Historical,624728,0,0,S,15,1,1477353,125,1998,21,31.52,57.12
53753,Historical,135523,0,0,S,9,1,168129,41.95,2010,31,17.88,62.63
53754,Historical,642642,0,0,S,8,1,1122564,39.95,2007,19,17.88,43.99
53755,Historical,533556,0,0,S,9,1,839459,56.95,2003,61,64.09,28.74
53756,Historical,213196,0,0,S,3,1,246796,64.95,2008,44,46.06,36.87
53757,Historical,848589,0,0,S,2,1,5685833,59,1998,22,23.19,8.99
53758,Historical,640994,0,0,S,2,1,497264,51.15,2000,20,95.15,63.37
53759,Historical,2776420,0,0,S,1,0,459255,37.95,1990,18,29.1,37.95
53760,Historical,181300,0,0,S,2,1,1080436,51.99,2001,29,41.36,67.84
53761,Historical,703725,0,0,S,3,1,6759417,69.37,2000,15,35.27,39.99
53762,Historical,616354,1,1,S,4,1,1366440,57.95,2004,33,35.27,13.28
53763,Historical,52699,0,0,S,7,1,563160,167.27,2008,27,52.33,28.98
53764,Historical,248436,0,0,S,5,1,405612,207.95,2007,62,110.53,41.84
53765,Historical,580698,0,0,S,4,1,1348925,46,2006,60,23.64,10.98
53766,Historical,217347,0,0,S,5,1,346527,50,2011,50,23.64,4.42
53767,Historical,2258882,0,0,S,4,1,2004695,48.3,2008,17,155.3,66.48
53768,Historical,50532,0,0,S,6,1,2121948,101,2004,49,162.76,13.79
53769,Historical,212866,0,0,S,2,1,2528849,52.95,1998,35,48.14,9.73
53770,Historical,613424,1,3,S,11,1,4464,59.95,2011,109,44.22,37.99
53771,Historical,637314,0,0,S,0,0,1045128,46,2004,21,0,33.47
53772,Historical,269565,0,0,S,1,0,807193,55,2010,27,57.94,48.43
53774,Historical,147170,0,0,S,1,0,263904,57.95,2005,57,73.43,10.24
53775,Historical,528683,0,0,S,4,1,1090912,240,2008,24,128.79,103.94
53776,Historical,444577,0,0,S,4,1,451181,84.95,2008,46,56.43,37.22
53777,Historical,868086,0,0,S,2,1,1363790,47,1995,22,86.01,44.58
53778,Historical,660602,0,0,S,2,1,1703221,308.13,1989,22,64.99,75.48
53779,Historical,2614865,0,0,S,2,1,2145426,109,2004,17,46.32,119.99
53780,Historical,792905,0,0,S,3,1,3209656,39.95,1998,19,54.33,11.48
53781,Historical,60574,0,0,S,5,1,1878314,78.67,2000,24,5.51,12.99
53782,Historical,704347,0,0,S,4,1,2161343,35.96,2005,38,145.69,35.96
53783,Historical,608370,0,0,S,5,1,2867880,11.37,2005,30,145.69,22.94
53784,Historical,117968,0,0,S,8,1,314401,74.4,2006,39,24.99,37.65
53785,Historical,580696,0,0,S,6,1,2992489,48,2006,30,28.99,11.99
53786,Historical,295405,0,0,S,7,1,299487,50,2010,39,28.99,35.88
53787,Historical,664309,0,0,S,2,1,407345,70,2013,13,21.55,30.94
53788,Historical,772588,0,0,S,4,1,1269544,150.76,2005,24,165.46,16.99
53789,Historical,52758,0,0,S,2,1,133727,51,2005,65,122.46,28.99
53790,Historical,177601,1,1,S,1,0,1108172,160.95,1999,19,0,69.21
53791,Historical,620553,0,0,S,2,1,2740922,188,2007,22,53.61,15.1
53792,Historical,629736,1,1,S,6,1,1626026,76,2003,27,97.89,51.94
53793,Historical,54333,0,0,S,4,1,1712169,5.99,2005,78,83.95,4.13
53794,Historical,251990,0,0,S,1,0,1187945,72.95,2009,40,29.44,11.74
53795,Historical,878116,0,0,S,6,1,735863,85.76,2007,47,101.32,50.91
53796,Historical,143192,1,2,S,1,0,1012725,203,2009,58,147.9,21.92
53797,Historical,265865,0,0,S,4,1,1083623,148,2004,39,93.98,23.99
53798,Historical,422139,0,0,S,6,1,355942,132.8,2007,58,4.33,39.38
53799,Historical,143429,0,0,S,8,1,1111916,39,2010,34,40.64,28.99
53800,Historical,116327,0,0,S,3,1,26170,130,2012,49,86.35,159.57
53801,Historical,1546386,0,0,S,8,1,4679087,64.95,2010,24,65.46,73.21
53802,Historical,53296,0,0,S,11,1,17909,126.47,2011,57,220.89,87.34
53803,Historical,223246,0,0,S,2,1,602027,182.95,1999,87,154.25,36.59
53804,Historical,269978,0,0,S,2,1,2837150,184,2006,14,164.34,86.84
53805,Historical,868647,0,0,S,7,1,3406138,96,2001,14,73.99,58.93
53806,Historical,921821,1,1,S,2,1,277957,33,2002,76,4.99,6.99
53807,Historical,143501,0,0,S,3,1,912318,55,2011,31,26.64,50.44
53808,Historical,617389,0,0,S,1,0,174338,44.99,2008,85,18.98,7.64
53809,Historical,528656,0,0,S,0,0,1016187,42.75,2011,26,38.99,27.47
53810,Historical,60578,0,0,S,4,1,2831571,13.75,2005,37,53.98,14.76
53811,Historical,533936,0,0,S,5,1,1341032,21.95,2007,87,53.98,15.95
53812,Historical,262640,0,0,S,4,1,1231228,35.95,2003,48,40.23,13.97
53813,Historical,788231,0,0,S,2,1,2027045,197.95,2001,33,56.51,50
53814,Historical,53408,0,0,S,5,1,1384320,8.17,2005,84,135.91,6.36
53815,Historical,645206,0,0,S,3,1,1501325,49.98,2005,15,35.64,52.31
53816,Historical,108987,0,0,S,3,1,1120633,18.93,2004,16,67.23,88.22
53817,Historical,635835,0,0,S,3,1,1963151,33.33,2005,23,67.23,22.98
53818,Historical,125879,0,0,S,7,1,2886211,59.95,2000,26,11.04,27.95
53819,Historical,639980,0,0,S,2,1,30574,58.95,2011,59,29.99,46.99
53820,Historical,1449871,0,0,S,1,0,1042004,64.99,2006,17,0,94.46
53821,Historical,655196,0,0,S,2,1,623395,44.99,2013,31,28.99,32.16
53822,Historical,252907,0,0,S,0,0,839775,39.99,2010,53,28.99,18.61
53823,Historical,139082,0,0,S,0,0,476541,56,2003,44,0,0
53824,Historical,132314,1,1,S,3,1,721953,124.2,2007,29,97.62,30.49
53825,Historical,620410,0,0,S,1,0,339699,49.95,1997,57,49.07,34.8
53826,Historical,132865,0,0,S,6,1,2144554,157.47,2009,20,93.99,78.3
53827,Historical,55099,1,1,S,5,1,573221,121.95,2002,60,131.73,47.77
53828,Historical,557211,0,0,S,5,1,2170629,111.8,2003,28,55.99,31.98
53829,Historical,247901,0,0,S,2,1,352941,111,2009,31,48.29,91.27
53830,Historical,57110,0,0,S,2,1,904610,42,1998,73,19.99,11.73
53831,Historical,617407,0,0,S,1,0,1531212,39.99,2007,41,24.09,8.97
53832,Historical,117152,0,0,S,4,1,773353,142.27,2005,24,91.99,19.98
53833,Historical,117179,1,1,S,4,1,982108,142.6,2005,62,91.99,16.3
53834,Historical,644063,0,0,S,1,0,206345,54.95,2007,31,47.36,43.97
53835,Historical,888138,1,1,S,2,1,526957,0,2005,19,0,190.47
53836,Historical,165889,0,0,S,2,1,1026064,60,2004,50,46.37,23.99
53837,Historical,564360,0,0,S,2,1,1694200,36.95,1993,20,40.05,29.87
53838,Historical,663698,0,0,S,2,1,232279,59.95,2013,20,28.93,29.91
53839,Historical,631111,0,0,S,1,0,971281,58.95,2011,39,28.93,36.07
53840,Historical,213209,0,0,S,1,0,653952,100,2009,16,28.64,39.92
53841,Historical,175420,0,0,S,1,0,542679,68.75,2001,57,37.96,24.99
53842,Historical,248426,0,0,S,9,1,1595817,102.95,2007,38,61.99,18.97
53843,Historical,248351,0,0,S,9,1,1259981,112.95,2005,62,61.99,13.98
53844,Historical,118832,0,0,S,2,1,170523,45.33,2007,116,24.99,44.84
53845,Historical,2604690,0,0,S,1,0,595074,99.99,2001,26,42,31.25
53846,Historical,51769,0,0,S,13,1,1428022,0,2005,23,198.24,138.94
53847,Historical,291551,0,0,S,7,1,1060824,296.95,2004,41,57.99,122.07
53848,Historical,620163,0,0,S,4,1,1384673,4.99,2009,27,107.46,13.17
53849,Historical,197591,0,0,S,7,1,755319,74.95,2004,19,53.99,79.1
53850,Historical,197924,0,0,S,8,1,1000533,85.42,2010,16,53.99,135.08
53851,Historical,330296,0,0,S,3,1,7132315,168.95,2003,15,86.43,22.99
53852,Historical,60585,0,0,S,4,1,1687631,277.95,2006,27,86.43,25.95
53854,Historical,1554108,0,0,S,3,1,2179115,48.95,2012,14,45.91,73.97
53855,Historical,147914,0,0,S,5,1,2288118,225.95,2003,66,85.32,14.99
53856,Historical,116882,0,0,S,4,1,2457373,177.33,2005,48,125.84,16.99
53857,Historical,270045,0,0,S,5,1,914796,197,2008,30,124.47,23.99
53858,Historical,904894,0,0,S,2,1,5357586,107,2004,21,133.99,13.99
53859,Historical,598835,0,0,S,2,1,5611453,68.5,2003,13,133.99,21.99
53860,Historical,859710,1,2,S,3,1,1154718,188,2008,44,133.99,187.85
53861,Historical,114725,0,0,S,6,1,6304557,67.6,2003,19,19.66,19.82
53862,Historical,637981,0,0,S,5,1,5370372,60,2000,13,19.66,17.24
53864,Historical,868401,1,1,S,2,1,1011701,70,2008,24,49.84,13.28
53865,Historical,574669,0,0,S,6,1,227115,61.95,2011,22,191.48,65.54
53866,Historical,593275,1,1,S,2,1,948656,130.95,2009,40,34.23,140.95
53867,Historical,1506332,0,0,S,11,1,2133538,48,2011,17,46.87,43.99
53868,Historical,867066,0,0,S,11,1,58398,43,2013,82,33.75,28.99
53869,Historical,143495,0,0,S,10,1,707962,39,2010,23,33.75,22.49
53870,Historical,1472788,0,0,S,2,1,4700059,69.95,2009,37,45.12,55.16
53871,Historical,1475039,0,0,S,3,1,3723213,69.95,2011,27,45.12,70.82
53872,Historical,422418,1,1,S,6,1,248065,158,2012,29,93.35,28.94
53873,Historical,610259,0,0,S,4,1,882247,85,2010,38,41.48,64.59
53874,Historical,556153,0,0,S,3,1,1587740,60,2007,21,41.48,49.4
53875,Historical,914484,0,0,S,4,1,1059578,57,2005,27,26.2,33.99
53876,Historical,616380,0,0,S,2,1,917501,117,2009,75,73.99,4.98
53877,Historical,560302,0,0,S,4,1,717066,98,2004,39,0,30.94
53879,Historical,499562,0,0,S,8,1,509796,136.76,2012,77,73.28,70.83
53880,Historical,261092,0,0,S,3,1,503983,55.95,2004,16,43.5,69.71
53881,Historical,261089,1,1,S,4,1,854450,59.95,2009,26,43.5,51.74
53882,Historical,745747,0,0,S,2,1,1192978,39.95,1997,91,6.83,10.24
53883,Historical,1939141,0,0,S,4,1,1929326,105,2013,13,69.93,75.27
53884,Historical,638367,0,0,S,0,0,1356485,51.95,2006,24,39.62,11.9
53885,Historical,621555,1,1,S,0,0,265016,51,1955,57,0,40.79
53886,Historical,1840448,0,0,S,10,1,4830141,46.99,2008,17,40.13,32.14
53887,Historical,200438,0,0,S,2,1,1376690,198.95,2009,45,92.51,14.19
53888,Historical,889894,0,0,S,2,1,4855908,39.95,2005,15,45.98,97.07
53889,Historical,528597,0,0,S,3,1,2701486,59.95,2008,12,32.97,33.19
53890,Historical,267516,0,0,S,2,1,3163150,44.95,2006,16,32.97,28.25
53891,Historical,117535,0,0,S,2,1,376344,40,2003,31,31.43,12.77
53892,Historical,142992,1,1,S,5,1,7238497,71,2004,15,83.33,39.49
53893,Historical,143227,0,0,S,6,1,1930170,116,2008,24,83.33,9.81
53894,Historical,170029,1,1,S,1,0,142116,200.95,2012,74,55.44,51.98
53895,Historical,911896,0,0,S,0,0,1020388,63.95,1996,28,28.99,58.15
53896,Historical,2047174,0,0,S,2,1,662359,55.95,2008,19,0,23.94
53897,Historical,60586,0,0,S,4,1,3007816,144.95,2004,22,48.66,5.31
53898,Historical,54362,0,0,S,4,1,3252320,141.95,2004,30,48.66,4.8
53899,Historical,608460,0,0,S,5,1,1745458,101.95,2007,55,109.07,7.99
53900,Historical,528591,0,0,S,3,1,541172,55,2012,38,57.71,38.98
53901,Historical,267398,0,0,S,2,1,940372,45,2009,46,57.71,4.44
53902,Historical,267383,0,0,S,2,1,625049,50,2009,30,32.74,42.47
53903,Historical,300146,0,0,S,7,1,931140,55,2007,97,19.64,8.97
53904,Historical,267381,0,0,S,7,1,3356774,82.75,2007,29,19.64,46.97
53905,Historical,1884868,0,0,S,9,1,674438,53.94,2009,22,184.54,48.99
53906,Historical,915348,0,0,S,2,1,729727,39.95,1999,32,36.18,8.1
53907,Historical,2849879,0,0,S,0,0,179030,32.97,1996,96,59.98,38.85
53908,Historical,623668,0,0,S,0,0,32477,49.99,2000,35,24.71,33.99
53909,Historical,2953493,0,0,S,2,1,2572858,29.97,2005,19,53.77,32.84
53910,Historical,2850037,1,1,S,2,1,1331521,69.99,2004,22,53.77,30.99
53911,Historical,225774,0,0,S,2,1,1724410,144.95,2004,20,145.17,62.94
53912,Historical,212385,0,0,S,2,1,112874,132.6,2006,41,83.99,57.72
53913,Historical,2888604,1,1,S,0,0,316861,60,1986,13,42.04,79.99
53914,Historical,548228,1,2,S,1,0,726985,106.25,2002,96,23.5,33.89
53915,Historical,855082,0,0,S,3,1,1654083,55,2004,55,62.85,11.07
53916,Historical,53883,1,1,S,7,1,525549,99.95,2003,183,133,11.47
53917,Historical,1496188,0,0,S,1,0,211578,50,2011,28,21.29,32.91
53918,Historical,723448,0,0,S,4,1,346426,44.95,2008,52,26.08,48.49
53919,Historical,60588,0,0,S,4,1,1109544,97.4,2004,20,60.9,6.94
53920,Historical,533937,0,0,S,5,1,922790,117.27,2007,28,60.9,42.7
53921,Historical,197687,0,0,S,2,1,2718006,68.2,2009,17,51.3,44
53922,Historical,52182,0,0,S,4,1,1144313,150,2005,94,83.99,13
53923,Historical,60589,0,0,S,11,1,534391,158.45,2007,85,144.94,12.98
53924,Historical,53670,0,0,S,11,1,1249668,5.15,2006,84,144.94,5.23
53925,Historical,54383,1,1,S,5,1,330569,8.54,2005,115,136.49,8.54
53926,Historical,1657936,1,1,S,3,1,3550031,75.41,2010,16,52.41,62.85
53927,Historical,1657019,0,0,S,2,1,5711591,63.28,2006,13,52.41,101.27
53928,Historical,56459,0,0,S,10,1,1298759,149.95,2008,64,68.94,18.92
53929,Historical,135656,1,2,S,4,1,258839,43.95,2011,51,35.52,28.97
53930,Historical,566546,0,0,S,1,0,446476,60,2004,70,42.99,13.98
53931,Historical,628770,0,0,S,3,1,442462,227.95,2009,28,30.03,43.86
53932,Historical,1445354,0,0,S,2,1,2036693,76.95,2007,17,76.99,73.98
53933,Historical,624976,0,0,S,1,0,1618811,198,1997,32,87.08,54.59
53934,Historical,200276,0,0,S,6,1,1280935,121.95,2007,25,22.14,56.55
53935,Historical,221789,0,0,S,5,1,2692451,132.95,2003,17,115.94,52.61
53936,Historical,2621609,0,0,S,2,1,783743,105.95,1990,16,32.1,57.71
53937,Historical,265116,1,1,S,0,0,837158,28,2006,20,35.66,63.69
53938,Historical,607709,1,1,S,4,1,390064,72,2004,41,53.66,47.59
53939,Historical,596765,0,0,S,2,1,1981126,48.95,2000,29,34.7,45.57
53940,Historical,637850,0,0,S,2,1,688481,49.99,2011,55,35.5,13.96
53941,Historical,608867,0,0,S,2,1,853811,54.99,2005,28,33.49,17.98
53942,Historical,55095,0,0,S,8,1,153830,82.95,2005,58,43.97,23.94
53943,Historical,203938,0,0,S,3,1,1852487,93.95,2008,56,0,5.79
53944,Historical,528558,1,1,S,4,1,316848,110.99,2012,77,0,78.97
53945,Historical,639882,0,0,S,1,0,1562433,65.99,2012,27,4.15,13.97
53946,Historical,392958,0,0,S,2,1,1140300,50.95,2008,95,14.97,14.78
53947,Historical,621195,0,0,S,6,1,198118,43.95,2002,22,24.98,32.98
53948,Historical,609199,0,0,S,8,1,298159,57.99,2008,38,24.98,14.1
53949,Historical,577359,0,0,S,7,1,854389,47.95,2004,39,24.98,13.99
53950,Historical,627153,0,0,S,1,0,750339,97.99,2010,19,60.44,18.77
53951,Historical,545706,0,0,S,11,1,20809,59.99,2013,85,33.99,48.99
53952,Historical,2023416,0,0,S,4,1,401015,56.95,2006,30,36.68,72.87
53953,Historical,577445,0,0,S,1,0,548854,70.99,2008,49,18.84,15.39
53954,Historical,618316,0,0,S,3,1,1036434,50.95,2004,101,36.09,12.18
53955,Historical,60595,0,0,S,4,1,889648,68.6,2003,32,19.99,20.85
53956,Historical,873492,0,0,S,3,1,2771349,58,1999,25,19.99,8.24
53957,Historical,58491,0,0,S,1,0,2063012,147.95,2007,43,36.99,39.96
53958,Historical,2832398,0,0,S,2,1,5945591,239.95,1999,14,168.41,90.08
53959,Historical,276640,0,0,S,2,1,1080313,52,2006,24,36.9,10.76
53960,Historical,54978,0,0,S,5,1,1530254,68.6,2004,54,63.99,16.76
53961,Historical,276649,1,1,S,2,1,544355,48,2008,36,39.12,46.43
53962,Historical,630745,0,0,S,1,0,352739,65.95,2006,43,133.35,44.75
53963,Historical,116947,0,0,S,4,1,161475,90.8,2006,43,88.99,71.69
53964,Historical,60598,0,0,S,6,1,875008,187.95,2005,54,67.55,11.67
53965,Historical,1509391,0,0,S,2,1,3107462,197.63,2008,19,43.69,205.65
53966,Historical,546011,0,0,S,3,1,2932,53.5,2012,74,33.99,30.84
53967,Historical,922100,0,0,S,5,1,2425571,68.4,2004,47,69.34,8.78
53968,Historical,118395,0,0,S,4,1,378649,56,1996,33,43.96,23.84
53969,Historical,434728,1,1,S,10,1,1266634,101.8,2006,33,106.89,23.19
53970,Historical,537931,0,0,S,9,1,1839834,91.2,2005,28,106.89,84.21
53971,Historical,858621,0,0,S,4,1,1094622,61.1,1997,54,16.48,21.77
53972,Historical,58404,0,0,S,9,1,722260,43.99,2005,67,58.31,29.21
53973,Historical,630524,0,0,S,2,1,13628,66,2013,61,33.94,46.51
53974,Historical,1568767,0,0,S,4,1,6047053,115.95,2010,10,98.99,81.96
53975,Historical,449514,0,0,S,4,1,2378768,246.95,2007,20,98.99,188.41
53976,Historical,778393,0,0,S,5,1,3275930,88.95,2006,13,24.93,20.46
53977,Historical,132758,0,0,S,7,1,430367,79.8,2009,57,63.97,42.83
53978,Historical,60976,0,0,S,6,1,679294,68,2006,125,5.97,17.83
53979,Historical,880209,1,1,S,11,1,1209202,43.99,2008,50,82.93,30.9
53980,Historical,54298,0,0,S,2,1,1394870,29.33,2008,36,27.97,9.95
53981,Historical,157624,0,0,S,12,1,6212479,250,2006,15,178.99,61.08
53982,Historical,113645,0,0,S,5,1,793699,121,2001,21,95.49,91.72
53983,Historical,50606,1,3,S,15,1,331449,317.95,2006,95,163.15,51.16
53984,Historical,2608035,0,0,S,0,0,519134,44.99,2005,30,58.06,25.99
53985,Historical,259651,0,0,S,2,1,1493477,64.95,2002,35,36.45,11.99
53986,Historical,560316,0,0,S,4,1,2805368,143,2005,20,16.78,40.83
53987,Historical,294205,0,0,S,5,1,2067441,189,2006,28,96.19,75.33
53988,Historical,765151,0,0,S,9,1,764487,112.95,2002,28,4,13.98
53989,Historical,1517573,0,0,S,1,0,207210,54.99,2013,14,0,58.98
53990,Historical,528521,0,0,S,3,1,801509,75,2009,37,0,105.36
53991,Historical,326319,0,0,S,2,1,3726945,110,2005,13,43.98,48.49
53992,Historical,1845089,1,6,S,2,1,1646343,73.2,2007,10,0,38.97
53993,Historical,145166,0,0,S,3,1,1737115,48.2,2006,76,7.3,7.53
53994,Historical,144092,1,1,S,0,0,375098,94.6,2000,32,65.81,100.08
53995,Historical,144755,0,0,S,0,0,590497,87.8,2003,18,38.95,90.87
53996,Historical,117950,0,0,S,3,1,219712,29.27,2004,35,18.89,50.94
53997,Historical,54469,1,1,S,6,1,828722,93.2,2005,60,64.08,11.72
53998,Historical,859149,0,0,S,2,1,1782916,95.95,2004,29,44.99,14.39
53999,Historical,802425,0,0,S,4,1,2802986,126.95,2007,23,55.99,48.94
54000,Historical,290984,0,0,S,5,1,993763,119.95,2011,28,55.99,160.61
54001,Historical,153942,0,0,S,2,1,147683,50,2006,97,56.77,33.96
54002,Historical,132067,0,0,S,9,1,1603407,97.6,2004,21,58.6,60.59
54003,Historical,131610,0,0,S,9,1,1094919,97.6,2002,49,58.6,22.14
54004,Historical,54853,0,0,S,8,1,1469086,0,2006,20,103.54,68.01
54005,Historical,627523,0,0,S,5,1,891779,36.95,2008,37,25.63,19.98
54006,Historical,912741,0,0,S,0,0,408256,44.99,2004,24,40.55,17.74
54007,Historical,203738,0,0,S,6,1,1948739,348.99,2005,14,320.01,99.29
54008,Historical,626379,0,0,S,2,1,283296,77,2007,18,0,0
54009,Historical,2577410,0,0,S,2,1,1080431,150,1984,32,0,73.97
54010,Historical,615521,0,0,S,2,1,534318,53.95,2009,55,33.69,11.97
54011,Historical,609158,0,0,S,2,1,4038083,38.95,2003,36,26.34,6.45
54012,Historical,609197,1,3,S,3,1,1101231,46.95,2008,48,26.34,15.1
54013,Historical,528452,0,0,S,3,1,223358,37.95,2011,24,104.69,33.91
54014,Historical,405177,0,0,S,2,1,871900,35.95,2003,34,104.69,33.94
54015,Historical,2832467,0,0,S,2,1,98735,209.95,2001,22,0,121.65
54017,Historical,1839805,0,0,S,3,1,5173038,224.95,2008,10,145.67,55.99
54018,Historical,387055,0,0,S,5,1,1159298,162,2009,23,43.29,58.59
54019,Historical,110456,0,0,S,2,1,1205477,18.99,2010,30,61.82,18.99
54020,Historical,551233,0,0,S,2,1,1186131,89.5,2010,57,81.03,23.94
54021,Historical,538493,0,0,S,2,1,1299747,76.5,2011,98,52.98,17.47
54022,Historical,543127,0,0,S,2,1,83677,31.95,2010,29,21.96,13.11
54024,Historical,797410,0,0,S,0,0,308328,74.99,2012,24,41.46,40.58
54025,Historical,2440908,0,0,S,2,1,2598821,46.95,2003,16,41.83,54.67
54026,Historical,3278019,0,0,S,2,1,2833866,174.95,2004,41,136.08,174.83
54027,Historical,632201,0,0,S,1,0,910052,88,1991,29,49.37,37.56
54028,Historical,223575,0,0,S,26,1,939002,85,2000,29,138.88,101.54
54029,Historical,635683,0,0,S,29,1,18372,94.95,2012,64,63.2,86.03
54030,Historical,633969,0,0,S,2,1,1937722,110,2001,22,69.98,48.99
54031,Historical,112193,0,0,S,1,0,1762138,93.53,2004,13,128.63,78.85
54032,Historical,528443,0,0,S,12,1,1095369,65.95,2009,15,35.84,161.43
54033,Historical,661052,1,1,S,8,1,617401,83.78,2012,31,105.16,73.99
54034,Historical,52300,0,0,S,3,1,49418,200,2009,140,100.52,42.93
54035,Historical,166397,0,0,S,2,1,1528236,12.97,2004,50,27.24,7.99
54036,Historical,50139,0,0,S,8,1,636926,222.95,2007,53,172.55,22.49
54037,Historical,60604,0,0,S,17,1,67744,33.6,2006,129,127.52,43.51
54038,Historical,623348,0,0,S,4,1,208558,165.8,2012,62,100.52,22.99
54039,Historical,632511,0,0,S,1,0,985407,117.56,1993,22,17.07,46.03
54040,Historical,252702,0,0,S,2,1,1532018,0,2009,9,114.26,309.29
54041,Historical,308780,0,0,S,18,1,82646,43.55,2004,34,33.55,43.91
54042,Historical,556133,0,0,S,0,0,136172,112.95,2006,59,63.92,33.45
54043,Historical,61153,0,0,S,2,1,1091919,186.67,2008,90,100.52,23.99
54044,Historical,717120,0,0,S,3,1,651583,126.93,2009,31,100.52,8.49
54045,Historical,528439,0,0,S,10,1,39204,225,2011,60,148.99,60.54
54046,Historical,53035,0,0,S,10,1,1039166,206.95,2005,64,43.98,16.48
54047,Historical,148584,0,0,S,10,1,530796,174.95,2007,26,43.98,38.42
54048,Historical,244150,1,1,S,10,1,940968,256.95,2010,36,172.55,176.39
54049,Historical,50291,0,0,S,8,1,2673450,27.99,2006,42,90.99,27.99
54050,Historical,183586,1,2,S,5,1,961926,0,2006,33,115.5,100.68
54051,Historical,416409,0,0,S,6,1,443799,121.25,2007,32,66.49,49.03
54052,Historical,722501,0,0,S,2,1,1082106,67.95,2006,67,46.85,26.94
54053,Historical,1474284,0,0,S,1,0,187343,11.95,2012,24,28.06,7.49
54054,Historical,3272263,0,0,S,3,1,1800531,105.91,2004,14,41.78,39.71
54055,Historical,561622,0,0,S,3,1,701809,98.95,2003,24,41.78,16.49
54056,Historical,3514155,0,0,S,2,1,3212247,329,1996,23,0,84.54
54057,Historical,552299,1,1,S,0,0,125632,95.85,2006,23,65.62,53.43
54058,Historical,612968,0,0,S,0,0,332853,135.5,2004,97,0,0
54059,Historical,153215,0,0,S,1,0,1148674,49.95,2005,18,21.93,47.98
54060,Historical,2844092,0,0,S,10,1,5170371,420,1996,11,32.49,151.23
54061,Historical,900483,0,0,S,1,0,1021048,49.95,2009,17,49.47,68.47
54062,Historical,155328,0,0,S,5,1,1637069,12.91,1999,53,59.01,12.91
54063,Historical,182552,0,0,S,3,1,2723800,61.56,2002,35,47.99,12.8
54064,Historical,289559,0,0,S,1,0,109285,58.95,2001,39,0,23.99
54065,Historical,572740,0,0,S,1,0,145021,143.95,1993,46,544.12,51.5
54066,Historical,155191,1,2,S,2,1,1187604,141.95,1999,39,25.89,11.97
54067,Historical,53720,0,0,S,6,1,157769,140,2009,37,65.99,50.32
54068,Historical,545042,0,0,S,11,1,130913,39.99,2013,30,27.67,69.15
54069,Historical,54971,0,0,S,6,1,193469,214.95,2011,38,33.87,115.87
54070,Historical,623625,0,0,S,1,0,339224,36,2005,30,29.43,9.98
54071,Historical,2699257,0,0,S,3,1,170667,60.95,2004,19,46.37,49.96
54072,Historical,904233,0,0,S,4,1,2248247,53.95,2006,25,43.62,45.25
54073,Historical,2604244,0,0,S,2,1,688843,35.5,2004,147,25.09,5.2
54074,Historical,271082,0,0,S,2,1,71515,52,2011,43,28.47,32.79
54075,Historical,117207,1,1,S,12,1,196285,96.2,2007,41,65.49,47.61
54076,Historical,246583,0,0,S,4,1,1221735,37.95,2007,23,31.47,28.99
54077,Historical,641627,1,1,S,0,0,47921,85,2007,20,42.99,44.33
54078,Historical,872574,0,0,S,3,1,307465,43.99,2008,52,42.83,41.51
54079,Historical,734441,0,0,S,2,1,1107922,8.98,2006,58,42.83,8.98
54080,Historical,61164,0,0,S,2,1,3130864,20.82,2004,48,52.95,16.5
54081,Historical,142183,1,1,S,4,1,25141,144.5,2012,45,39.51,58.89
54082,Historical,528408,0,0,S,3,1,571067,44.95,2012,21,44,38.99
54083,Historical,196270,0,0,S,2,1,1313058,45,2009,23,44,42.71
54084,Historical,127345,0,0,S,0,0,118315,44.95,2008,37,27.73,43.96
54085,Historical,547066,0,0,S,5,1,54723,64.75,2010,112,25.74,22.14
54086,Historical,275595,1,1,S,4,1,785094,45.25,2006,56,25.74,28.49
54087,Historical,1855138,0,0,S,4,1,472875,101,2012,15,33.52,76.66
54088,Historical,262369,0,0,S,0,0,335585,36.95,2008,69,5.76,10.92
54089,Historical,583410,0,0,S,0,0,453311,52.95,1987,23,0,17.49
54090,Historical,1455294,0,0,S,2,1,639814,222.53,2014,14,154.38,163.98
54091,Historical,1848189,0,0,S,4,1,2149278,62.95,2009,15,48.98,39.04
54092,Historical,543704,0,0,S,2,1,203238,59.99,2013,47,28.4,40.99
54093,Historical,914515,0,0,S,9,1,2113409,120,2010,17,85.87,203.98
54094,Historical,135565,0,0,S,3,1,1622367,54.95,2003,29,33.99,14.61
54095,Historical,287750,0,0,S,4,1,32210,49.95,2008,56,33.99,43.98
54096,Historical,390055,0,0,S,2,1,960219,72,2007,77,71.1,9.98
54097,Historical,407002,0,0,S,8,1,1685938,230.95,2006,77,111.48,5.26
54098,Historical,52221,0,0,S,11,1,46762,14.98,2012,87,36.67,38.08
54099,Historical,53970,0,0,S,10,1,357778,224,2008,76,177.09,18.65
54100,Historical,400873,0,0,S,4,1,2169371,85,2003,13,83.18,85.38
54101,Historical,308319,0,0,S,10,1,3447825,0,2000,17,28.99,40.45
54102,Historical,307776,0,0,S,11,1,4356645,52.53,2003,16,28.99,34.7
54103,Historical,108037,0,0,S,11,1,2372212,24.51,2003,24,28.99,14.74
54104,Historical,201767,0,0,S,3,1,4422056,210,2014,18,18.17,118.25
54105,Historical,608058,0,0,S,3,1,2807320,137.95,2005,36,91.44,18
54106,Historical,578933,0,0,S,1,0,666675,55.95,2009,71,36.88,14.91
54107,Historical,52641,0,0,S,4,1,2490153,179.95,2004,40,141.83,8.89
54108,Historical,309086,0,0,S,7,1,986835,203.75,2007,28,102.99,23.98
54109,Historical,2614652,0,0,S,1,0,1449182,175,2005,18,54.96,95.63
54110,Historical,227606,0,0,S,4,1,2010453,93.95,2005,38,29.99,12.99
54111,Historical,342122,0,0,S,2,1,4033055,199.95,2004,17,108.98,52.28
54112,Historical,385699,0,0,S,5,1,3582626,187.95,2007,18,124.98,30.78
54113,Historical,60611,0,0,S,3,1,575139,108.95,2000,41,67.39,7.31
54114,Historical,402506,0,0,S,1,0,1382465,85,1999,16,81.41,23.99
54115,Historical,543404,0,0,S,4,1,272377,70,2012,15,49.58,63.64
54116,Historical,54068,0,0,S,7,1,1995481,273.95,2004,57,183.86,5.25
54117,Historical,354947,0,0,S,9,1,733604,255.95,2006,99,111.48,14.86
54118,Historical,112088,1,1,S,2,1,220297,136.25,2009,28,41.56,83.3
54119,Historical,908324,0,0,S,2,1,2774353,36.95,2004,23,35.25,41.64
54120,Historical,921216,0,0,S,12,1,2554899,57.5,2008,48,138.99,23.99
54121,Historical,538785,1,1,S,2,1,25925,369.5,2013,51,28.98,22.61
54122,Historical,53596,0,0,S,12,1,256454,7.98,2007,242,138.99,12.9
54123,Historical,308451,0,0,S,5,1,3001556,60.93,2000,23,4.94,18.94
54124,Historical,549469,0,0,S,9,1,2596798,111,2010,28,103.99,29.93
54125,Historical,111429,0,0,S,2,1,1016395,147.6,2010,24,100.87,148.23
54126,Historical,549471,0,0,S,2,1,1916861,101.25,2010,20,100.87,35.55
54127,Historical,53594,0,0,S,11,1,507391,5.63,2004,262,138.99,7.58
54128,Historical,51837,0,0,S,7,1,1551542,8.77,2006,72,103.99,8.77
54129,Historical,162031,0,0,S,4,1,978965,8.99,2007,104,143.54,8.99
54130,Historical,528347,0,0,S,4,1,225217,79.95,2012,28,59.94,26.86
54131,Historical,153840,0,0,S,6,1,1134090,62.59,2005,47,0,0
54132,Historical,591674,0,0,S,3,1,1299988,88.38,2007,28,59.94,54.65
54133,Historical,254139,0,0,S,2,1,234370,250.95,2009,38,148.89,36.03
54134,Historical,544519,0,0,S,3,1,49452,233.95,2013,42,148.89,83.98
54135,Historical,147947,0,0,S,5,1,429399,170.95,2003,36,88.96,15.98
54136,Historical,114342,0,0,S,4,1,3087973,138.33,2002,27,63.99,40.89
54137,Historical,879084,0,0,S,7,1,2173665,0,2012,19,202.7,80.88
54138,Historical,201778,0,0,S,2,1,194283,59.95,2010,38,78.98,31.99
54139,Historical,203559,0,0,S,4,1,123394,51.95,2004,53,8.34,9.94
54140,Historical,247851,0,0,S,2,1,122102,82,2008,68,48.93,16.97
54141,Historical,543400,0,0,S,3,1,368355,80,2012,20,48.93,75.36
54142,Historical,308895,1,1,S,7,1,1217518,32.83,2005,52,198.99,17.19
54143,Historical,307892,0,0,S,8,1,2556129,44.76,2008,18,53.86,38.67
54144,Historical,53593,0,0,S,5,1,1280831,185.33,2006,59,203.99,9.99
54145,Historical,201738,0,0,S,0,0,190526,44.95,2007,27,91.67,36.12
54146,Historical,868425,0,0,S,2,1,3770418,69.95,1990,54,30.67,23.99
54147,Historical,284933,1,1,S,2,1,1785612,34.89,2008,10,64.98,35.99
54148,Historical,276654,0,0,S,3,1,324094,59,2009,53,37.88,13.99
54149,Historical,148204,0,0,S,1,0,892067,101.95,2004,18,43.99,82.62
54150,Historical,1651648,0,0,S,1,0,506877,55.95,2007,26,60.63,43.99
54151,Historical,314621,0,0,S,3,1,609092,193.33,2006,29,111.83,61.18
54152,Historical,1728892,0,0,S,4,1,337442,109.65,2012,19,0,59.76
54153,Historical,363610,0,0,S,1,0,629347,64,2005,52,58.76,17.5
54154,Historical,528308,0,0,S,2,1,521223,57.95,2005,12,55.59,249.26
54155,Historical,642264,1,1,S,3,1,72940,148,2012,20,90.95,118.99
54156,Historical,723198,0,0,S,2,1,803128,20,2007,34,41.11,58.05
54157,Historical,753789,0,0,S,8,1,741585,86.95,2012,82,4,8.92
54158,Historical,294138,0,0,S,5,1,1847229,52.95,2003,21,42.12,14.99
54159,Historical,789515,1,1,S,2,1,1454265,75,2004,29,52.93,7.98
54160,Historical,624121,0,0,S,3,1,1305214,94.99,2008,26,52.93,19.74
54161,Historical,596245,0,0,S,6,1,865044,149.95,2002,18,57.64,96.55
54162,Historical,577398,0,0,S,6,1,2066639,61.95,2008,22,16.98,8.98
54163,Historical,147145,0,0,S,5,1,1009246,55.95,2005,49,0,9.28
54164,Historical,147620,0,0,S,6,1,184364,66.95,2010,28,0,33.99
54165,Historical,203815,0,0,S,7,1,1944040,65.99,2006,15,40.39,9.89
54166,Historical,147010,0,0,S,2,1,1037494,69.95,2002,25,20.02,84.92
54167,Historical,203755,0,0,S,4,1,4079361,59.95,2005,23,33.99,11.43
54168,Historical,528287,0,0,S,5,1,1372233,64.99,2009,19,33.99,12.24
54169,Historical,203572,1,1,S,7,1,784551,46.95,2003,127,42.47,12.43
54170,Historical,147333,0,0,S,6,1,879390,50.95,2006,55,11.68,12.48
54171,Historical,147225,0,0,S,2,1,3531773,79.95,2006,21,41.63,41.39
54172,Historical,624900,0,0,S,7,1,507295,82.95,2007,28,46.14,29.89
54173,Historical,112810,0,0,S,4,1,3325965,230,2005,11,122.99,36.61
54174,Historical,246228,0,0,S,4,1,234179,65.95,2004,17,63.42,139.73
54175,Historical,135473,0,0,S,9,1,1788721,90.95,2000,20,63.11,82.27
54177,Historical,528280,0,0,S,4,1,256267,46.95,2010,200,26.59,9.93
54178,Historical,54509,0,0,S,15,1,734541,28.99,2003,48,110.49,28.99
54179,Historical,2252784,0,0,S,17,1,2674603,253.54,2007,22,110.49,115.61
54180,Historical,60620,1,1,S,2,1,280937,148.95,1999,22,228.95,30
54181,Historical,230290,1,1,S,5,1,519443,56.8,1998,39,60,126.21
54182,Historical,266968,0,0,S,2,1,1734386,73.28,2006,33,63.43,9.2
54183,Historical,662922,1,1,S,6,1,998075,146,2009,19,164.99,68.09
54184,Historical,2609869,0,0,S,1,0,400584,104.99,1999,50,0,11.05
54185,Historical,285809,0,0,S,7,1,3004788,61,2001,39,71.85,48.57
54187,Historical,266442,0,0,S,6,1,619550,99.95,2010,33,61.28,51.89
54188,Historical,876171,0,0,S,3,1,569783,38.75,2001,64,66.5,43.21
54189,Historical,166873,0,0,S,6,1,1181004,120,2007,21,84.2,71.26
54190,Historical,238397,1,1,S,0,0,717597,19.95,1998,36,20.83,77.56
54191,Historical,2441596,0,0,S,1,0,1470209,70,2003,27,24.83,73.98
54192,Historical,50224,0,0,S,6,1,319670,72.64,2005,52,65.98,81.77
54193,Historical,60622,0,0,S,5,1,1509442,114.4,2000,51,15.15,14.89
54194,Historical,50225,1,1,S,7,1,719089,217.26,2007,68,65.98,45.13
54195,Historical,623126,0,0,S,2,1,1206251,109,1995,39,115.64,44.44
54196,Historical,2940215,0,0,S,2,1,3866255,129.95,2003,14,44.09,71.03
54197,Historical,206309,0,0,S,1,0,1141974,50.95,2001,42,47.69,41.58
54198,Historical,2419085,0,0,S,5,1,10167888,86.5,2003,26,25,6.57
54199,Historical,1470099,0,0,S,6,1,4378537,99,2007,23,25,69.19
54200,Historical,196253,0,0,S,0,0,346812,37.5,2004,26,29.86,25.95
54201,Historical,2765515,0,0,S,2,1,2538987,339,2001,20,45.48,176.31
54202,Historical,650361,0,0,S,2,1,2384747,122.95,2011,20,28.44,41.98
54203,Historical,766302,0,0,S,3,1,669339,119.95,2008,37,61.93,11.64
54204,Historical,121645,1,1,S,9,1,1521643,194.67,2008,30,108.99,4.99
54205,Historical,766258,0,0,S,2,1,1061207,119.95,2005,42,61.93,6.97
54206,Historical,544192,0,0,S,3,1,1064148,115.95,2011,27,61.93,31.94
54207,Historical,538697,0,0,S,11,1,476789,0,2012,19,108.5,149.97
54208,Historical,561871,0,0,S,7,1,919553,436.95,2003,77,91.99,13.73
54209,Historical,611893,0,0,S,6,1,1274464,181,2013,16,78.59,73.47
54210,Historical,558998,0,0,S,5,1,1242331,137,2010,16,78.59,85.84
54211,Historical,1443250,0,0,S,0,0,2063517,147.68,2009,17,98.98,132.41
54212,Historical,709037,0,0,S,0,0,1645316,33.25,2008,14,98.98,16.53
54213,Historical,227629,0,0,S,5,1,634576,98.95,2011,23,63.27,86.91
54214,Historical,910585,0,0,S,3,1,3669525,52.95,2002,21,43.92,34.42
54215,Historical,288888,0,0,S,8,1,1264025,226.95,2005,68,69.21,16.99
54216,Historical,329605,0,0,S,0,0,165476,121,1999,21,64.88,48.53
54217,Historical,320974,0,0,S,2,1,7743058,85,2005,21,12.56,53.39
54218,Historical,561752,0,0,S,6,1,6689659,106.95,2000,22,6.5,14.23
54219,Historical,616672,0,0,S,7,1,4386021,150.95,2004,21,6.5,11.98
54220,Historical,477655,0,0,S,2,1,1132078,137.95,2006,25,53.99,44.19
54221,Historical,148454,0,0,S,10,1,1495055,210.95,2009,30,59.98,83.24
54222,Historical,866615,0,0,S,3,1,2540810,120,2008,16,142.65,49.15
54223,Historical,2438664,0,0,S,2,1,7338323,110,2005,16,142.65,92.38
54224,Historical,118570,0,0,S,5,1,1570674,203,2005,25,132.55,35.99
54225,Historical,166616,0,0,S,5,1,1031817,5.97,2005,56,41.97,4.36
54226,Historical,51664,0,0,S,2,1,1788968,5.75,2006,87,133.53,4.95
54227,Historical,3061215,0,0,S,0,0,252529,32.5,1999,51,42.07,33.99
54228,Historical,532073,0,0,S,11,1,1005715,115.95,2010,20,115.41,86.73
54229,Historical,104296,0,0,S,1,0,797265,55,1997,35,42.38,58.99
54230,Historical,539208,0,0,S,3,1,1527210,89.33,2005,22,64.99,19.85
54231,Historical,212884,0,0,S,2,1,979287,47.95,1999,20,25.46,18.97
54232,Historical,651070,0,0,S,2,1,7184029,85,1999,17,25.46,59.65
54233,Historical,55726,0,0,S,15,1,2523914,162.75,2006,31,120.99,23.99
54234,Historical,165924,0,0,S,2,1,2629993,80,2001,18,68.84,33.99
54235,Historical,147162,0,0,S,5,1,2444586,79.95,2004,20,84.94,31.74
54236,Historical,367087,0,0,S,2,1,3033341,45,2002,22,36.97,12.98
54237,Historical,105924,0,0,S,2,1,1121990,90.95,2003,32,51.98,50.07
54238,Historical,528240,0,0,S,5,1,40984,73.99,2012,33,53.08,62.82
54239,Historical,874160,0,0,S,2,1,1915824,61.95,2005,28,64.98,24.98
54240,Historical,249912,1,1,S,6,1,2294630,65.95,2008,14,15,26.98
54241,Historical,797744,0,0,S,5,1,3759607,65.95,2004,18,15,65.49
54242,Historical,106694,0,0,S,5,1,483304,44,2009,20,26.42,51.99
54243,Historical,1516673,0,0,S,3,1,1918309,62.07,2012,15,96.86,28.99
54244,Historical,1683107,0,0,S,2,1,1901218,245.99,2006,15,144.39,25.36
54245,Historical,203490,0,0,S,2,1,3003953,245.99,2003,16,140.74,69.36
54246,Historical,788946,0,0,S,2,1,7985102,229,2002,11,116.49,22.99
54247,Historical,621922,0,0,S,2,1,55590,44.99,2012,79,30.04,38.99
54248,Historical,621921,1,2,S,2,1,38425,44.99,2012,53,27.25,33.99
54249,Historical,620293,1,1,S,2,1,435946,35,2008,33,0,0
54250,Historical,627384,0,0,S,1,0,379983,79.99,2011,40,49.98,18.74
54251,Historical,630561,0,0,S,1,0,199777,79.99,2012,66,49.98,31.97
54252,Historical,163473,0,0,S,1,0,1069241,69.99,2011,75,31.96,13.11
54253,Historical,905803,0,0,S,3,1,2574580,79.99,2007,23,49.89,37.34
54254,Historical,898345,0,0,S,2,1,8720374,55.75,2004,14,49.89,49.63
54255,Historical,528225,0,0,S,3,1,599986,39.99,2011,58,24.25,10.69
54256,Historical,269766,0,0,S,2,1,1774929,39.99,2007,42,24.25,10.74
54257,Historical,624423,0,0,S,2,1,911215,34.99,2007,18,24.69,33.27
54258,Historical,608011,0,0,S,2,1,1358768,63.95,2006,44,53.98,21.99
54259,Historical,301247,0,0,S,2,1,190724,53,2008,31,53.98,23.98
54260,Historical,251812,0,0,S,5,1,565764,48.94,2009,19,42.11,38.96
54261,Historical,207775,1,1,S,4,1,3983378,48.01,2003,25,42.11,10.48
54262,Historical,181822,0,0,S,2,1,383995,39.95,2002,43,22.61,15.65
54263,Historical,893633,0,0,S,2,1,2226945,124.99,2004,14,146.05,124.99
54264,Historical,740956,0,0,S,2,1,762689,74.99,2006,30,50.4,41.81
54265,Historical,868013,0,0,S,1,0,147155,59.95,2005,53,31.67,11.46
54266,Historical,54545,0,0,S,2,1,1382518,106.67,2005,131,98.34,9.98
54267,Historical,161905,0,0,S,1,0,1248874,59.99,2007,33,23.9,18.98
54268,Historical,1544290,0,0,S,1,0,763313,49.95,2013,32,127.73,44.4
54270,Historical,789320,0,0,S,2,1,4063973,259,2004,19,127.62,34.32
54271,Historical,918836,0,0,S,1,0,1494169,49.99,2005,37,18.65,5.88
54272,Historical,114646,0,0,S,6,1,544345,79.4,2002,77,83.24,10.87
54273,Historical,592623,0,0,S,2,1,3192330,98.95,2007,15,43.93,32.19
54274,Historical,273354,0,0,S,1,0,1144955,69.95,2009,27,34.17,51.49
54275,Historical,537906,0,0,S,3,1,2148981,89,1994,21,14.13,38.99
54276,Historical,163017,1,1,S,8,1,196018,79.23,2010,36,167.99,126.69
54277,Historical,196540,0,0,S,3,1,737645,85.95,2005,32,35.99,69.68
54278,Historical,196439,0,0,S,2,1,4101709,66.95,1999,32,35.99,35.99
54279,Historical,200067,1,1,S,2,1,752758,118.95,2005,49,65.22,19.48
54280,Historical,877497,1,1,S,6,1,2178458,29.91,2011,21,76.48,46.61
54281,Historical,1858153,0,0,S,3,1,1260215,146.65,2008,20,36.98,43.94
54282,Historical,264285,0,0,S,2,1,334938,49.99,2007,39,29.14,18.99
54283,Historical,114142,0,0,S,0,0,375995,25.95,2001,39,25.98,49.19
54284,Historical,615316,0,0,S,2,1,65188,41.2,2006,76,25.98,26.38
54285,Historical,534519,1,2,S,2,1,30919,147.99,2012,59,60.98,83.27
54286,Historical,249889,0,0,S,5,1,2451520,84.95,2006,18,136.28,8.99
54287,Historical,618632,0,0,S,1,0,899249,137.95,2004,40,0,0
54288,Historical,53584,0,0,S,9,1,547596,171.95,2004,132,98.81,11.99
54289,Historical,710367,0,0,S,2,1,501137,57,2001,15,80.97,27.99
54290,Historical,898988,0,0,S,4,1,1381229,53.28,2006,20,60.18,105.41
54291,Historical,528208,0,0,S,4,1,568585,79.99,2007,47,14.41,53.99
54292,Historical,202223,0,0,S,4,1,1929246,131.95,2000,24,52.49,43.49
54293,Historical,638638,0,0,S,6,1,2909172,76.95,2003,17,163.36,171.59
54294,Historical,920095,0,0,S,3,1,2092405,70.95,2006,38,26.99,4.99
54295,Historical,801594,0,0,S,0,0,228642,41.95,2007,22,42.21,10.95
54296,Historical,1967437,1,1,S,2,1,874762,40,2012,27,28.98,30.94
54297,Historical,916613,0,0,S,2,1,458981,26.73,2007,24,71.43,17.23
54298,Historical,2601089,0,0,S,0,0,590914,88.99,1995,23,62.07,75.57
54299,Historical,622360,0,0,S,0,0,165558,79.99,2001,49,80.99,31.86
54300,Historical,561863,0,0,S,2,1,853151,215.95,2004,31,94.75,58.95
54301,Historical,2339191,0,0,S,2,1,465041,119.5,1967,18,0,116.72
54302,Historical,146676,0,0,S,12,1,99956,217,2011,39,117.99,85.97
54303,Historical,145271,0,0,S,11,1,112141,203,2007,149,117.99,26.1
54304,Historical,728823,0,0,S,1,0,1060398,105,1997,23,79.33,62.15
54305,Historical,645958,0,0,S,2,1,1498261,91.95,2008,23,62.96,31.2
54306,Historical,112185,0,0,S,1,0,1363560,102.75,2003,77,7.97,21.6
54307,Historical,909192,0,0,S,1,0,557021,49.95,2005,20,18.56,12.5
54308,Historical,622144,0,0,S,3,1,160878,96.83,1994,58,0,42.47
54309,Historical,117124,0,0,S,2,1,1485235,122.4,2001,10,79.2,92.87
54310,Historical,137544,0,0,S,6,1,1007134,110,2010,20,58.99,98.96
54311,Historical,57510,0,0,S,7,1,1162208,13.12,2005,104,62.9,10.7
54312,Historical,601847,0,0,S,0,0,556714,49.95,2003,34,32.9,28.99
54313,Historical,264703,0,0,S,2,1,1034732,49.95,2003,36,36.98,22.81
54314,Historical,128639,0,0,S,0,0,1174420,144.2,2005,26,32.02,73.97
54315,Historical,569574,0,0,S,3,1,2107234,290.95,2003,37,53.98,12.04
54316,Historical,904543,1,1,S,2,1,2348796,0,2003,15,125.71,92.76
54317,Historical,58005,0,0,S,7,1,1741131,106.8,2004,22,169.2,18.14
54318,Historical,2502575,0,0,S,0,0,673041,99,1985,19,91.98,153.19
54319,Historical,639494,1,1,S,3,1,2260837,50,2000,18,51.2,52
54320,Historical,909218,0,0,S,2,1,2474881,95,2009,17,35.29,63.48
54321,Historical,2429435,0,0,S,2,1,136300,45.6,2000,19,82.57,23.94
54322,Historical,113213,0,0,S,2,1,144087,49.95,2011,53,36.34,29.9
54323,Historical,281203,0,0,S,2,1,3685750,69.95,2007,12,69.59,43.98
54324,Historical,2622036,0,0,S,2,1,2702713,62.95,1982,15,64.88,153.09
54325,Historical,631047,0,0,S,1,0,335196,183,1982,25,59.89,63.99
54326,Historical,913820,0,0,S,2,1,652669,29.95,1989,32,43.98,33.31
54327,Historical,3470328,0,0,S,4,1,5429758,134,2001,22,0,93.23
54328,Historical,269377,0,0,S,3,1,1841104,87.95,2006,10,62.79,98.99
54329,Historical,625412,0,0,S,1,0,1198723,99.95,2005,24,29.39,103.87
54330,Historical,2550815,0,0,S,3,1,5874280,192,1998,21,195.39,54.11
54331,Historical,905197,1,1,S,2,1,225110,45,2014,45,13.85,17.87
54332,Historical,147137,0,0,S,11,1,1388578,115,2004,18,79.04,51.97
54333,Historical,846135,0,0,S,0,0,1713805,233.5,1992,24,10.6,55.63
54334,Historical,106065,0,0,S,5,1,1422488,185,2004,40,15.38,36.92
54335,Historical,54596,1,1,S,9,1,3055560,9.49,2005,43,65.98,7.95
54336,Historical,106848,1,1,S,2,1,991085,37,2011,37,30.42,21.99
54337,Historical,628626,0,0,S,2,1,1108413,41,2011,75,34.76,22.1
54338,Historical,622582,0,0,S,0,0,1417926,13.99,2012,33,253.05,13.99
54339,Historical,106782,0,0,S,2,1,135774,45,2010,21,48.96,71.88
54340,Historical,538693,0,0,S,5,1,151783,51.84,2014,47,203.99,40.98
54341,Historical,538751,0,0,S,5,1,90357,28.99,2014,71,51.58,24.06
54342,Historical,538692,0,0,S,5,1,306082,166.98,2014,59,39.98,42.67
54343,Historical,1623182,0,0,S,9,1,1623158,91.99,2008,37,0,132.67
54344,Historical,898965,0,0,S,3,1,1649955,74.95,2004,14,58.79,125.11
54345,Historical,115006,0,0,S,2,1,3722343,56,1999,26,31.56,11.98
54346,Historical,631351,0,0,S,4,1,646446,119,2006,21,864.24,148.25
54347,Historical,194074,0,0,S,3,1,773230,72,2005,59,88.99,13.37
54348,Historical,113900,0,0,S,7,1,1417576,124.4,2004,55,85.5,18.46
54349,Historical,534378,0,0,S,2,1,2292244,39.99,1993,53,40.23,17.76
54350,Historical,2407989,0,0,S,2,1,3165406,69,1996,26,13.84,33.02
54351,Historical,661482,0,0,S,3,1,4850915,115,2011,15,39.53,78.57
54352,Historical,2801130,0,0,S,0,0,1780352,85,1994,13,45.36,40.22
54353,Historical,165787,0,0,S,10,1,196082,135,2005,50,78.78,73.47
54354,Historical,222854,1,1,S,2,1,262916,96,2009,38,108.9,99.99
54355,Historical,528123,0,0,S,2,1,1028376,45.95,2012,37,49.96,110.58
54356,Historical,2563129,0,0,S,2,1,832749,295,1998,16,608.1,144.12
54358,Historical,908235,0,0,S,3,1,915399,107,1996,26,108.25,73.15
54359,Historical,909222,0,0,S,2,1,1390587,90,1990,19,108.25,73.68
54360,Historical,2333382,0,0,S,2,1,2189586,84.95,1996,23,42.23,58.99
54361,Historical,2078540,0,0,S,3,1,446664,49.95,2009,80,9.54,8.97
54362,Historical,247516,0,0,S,3,1,1320121,58.95,2004,54,53.94,8.04
54363,Historical,248207,0,0,S,4,1,357884,70,2011,31,53.94,46.64
54364,Historical,907084,0,0,S,1,0,512656,53.95,2004,21,34.61,92.95
54365,Historical,870648,0,0,S,2,1,512804,83.95,2002,28,69.32,65.73
54366,Historical,178035,0,0,S,2,1,1713465,133.95,2005,47,92.63,10.94
54367,Historical,130432,0,0,S,9,1,31153,136.95,2015,55,47.62,55.53
54368,Historical,622000,0,0,S,0,0,537384,47.95,2008,32,0,54.03
54369,Historical,602490,1,1,S,8,1,239817,47.95,2011,47,0,21.98
54370,Historical,137808,0,0,S,3,1,1398679,32,2007,41,44.54,31.99
54371,Historical,1980930,0,0,S,2,1,1261190,39.95,2013,27,25.84,39.95
54372,Historical,598795,0,0,S,0,0,1261305,47,2004,45,15.19,6.49
54373,Historical,110131,0,0,S,5,1,242709,38.94,2008,28,69.49,11.74
54374,Historical,60644,1,1,S,8,1,1828453,175.95,2006,61,120.85,20.81
54375,Historical,576477,0,0,S,3,1,851801,64,2002,107,45.66,9.96
54376,Historical,642717,0,0,S,2,1,1619547,43,2010,12,54.65,43
54378,Historical,1714159,0,0,S,2,1,915990,162,2006,21,44.36,7.52
54379,Historical,917718,0,0,S,2,1,3974714,70.95,2004,27,28.64,12.21
54380,Historical,213283,0,0,S,3,1,104303,66.95,2008,38,28.64,21.99
54381,Historical,127100,0,0,S,0,0,533520,49.95,2009,67,34.74,18.94
54382,Historical,111403,0,0,S,4,1,1689524,4.42,2010,39,26.08,4.46
54383,Historical,271069,1,2,S,3,1,29459,74.99,2011,41,53.66,43.64
54384,Historical,203871,1,1,S,2,1,279013,59.95,2008,40,53.66,87.63
54385,Historical,912646,0,0,S,2,1,1779884,44.95,2006,27,30.82,31.74
54386,Historical,616189,0,0,S,3,1,856243,81.95,2009,48,32.98,36.98
54387,Historical,613771,0,0,S,2,1,2426744,69.95,2004,44,32.98,32.49
54388,Historical,264977,0,0,S,2,1,3126433,104.95,2008,22,76.26,57.32
54389,Historical,2142941,0,0,S,2,1,645063,75,2006,24,176.2,60.79
54390,Historical,1839402,0,0,S,3,1,2965138,278,2006,17,132.68,128.59
54391,Historical,638848,0,0,S,2,1,1979269,44.95,2007,22,7.36,39.51
54392,Historical,870262,0,0,S,2,1,2336844,55,2005,25,48.9,18.94
54393,Historical,261315,0,0,S,2,1,1775054,75,2000,25,48.9,22.5
54394,Historical,114890,0,0,S,1,0,631554,186,2005,43,138.5,73.79
54395,Historical,538512,1,7,S,6,1,25685,178.25,2013,132,25.89,49.73
54396,Historical,110046,0,0,S,5,1,374036,8.02,2011,100,25.89,6.75
54397,Historical,1943238,0,0,S,4,1,2753294,161.57,2012,11,104.52,0
54398,Historical,1908043,0,0,S,3,1,6575280,148,2010,11,104.52,9
54399,Historical,110335,0,0,S,4,1,1474548,142.25,2009,62,25.89,10.46
54400,Historical,408358,0,0,S,1,0,711106,35.95,1996,22,252.99,101.37
54401,Historical,868436,0,0,S,3,1,298895,52.95,2006,34,38.98,41.94
54402,Historical,54272,0,0,S,0,0,281315,66.95,2006,117,48.99,13.68
54403,Historical,56318,0,0,S,2,1,2139844,50,2005,59,41.32,5.97
54404,Historical,175599,0,0,S,4,1,3448855,207.99,2006,17,100.82,54.69
54405,Historical,542111,0,0,S,4,1,4199274,112,2010,17,100.82,73.97
54407,Historical,106787,0,0,S,11,1,952650,55,2010,35,37.72,23.98
54408,Historical,606781,0,0,S,10,1,1324102,49.95,2008,49,37.72,28.98
54409,Historical,528085,0,0,S,12,1,287679,58,2012,42,37.72,18.98
54410,Historical,246575,0,0,S,3,1,2578939,44.95,2007,22,22.07,25.22
54411,Historical,105954,0,0,S,23,1,2928331,55.95,2004,41,0,8.49
54412,Historical,877262,0,0,S,6,1,1769534,77.12,2008,43,88.48,28.99
54413,Historical,246725,0,0,S,4,1,764648,63.99,2009,82,46.53,41.7
54414,Historical,904316,0,0,S,6,1,2174214,43.95,2009,20,32.89,27.2
54415,Historical,446937,0,0,S,7,1,309923,41.95,2012,21,32.89,31.59
54416,Historical,904586,0,0,S,5,1,3894491,38.95,2005,20,32.89,15.99
54417,Historical,873337,0,0,S,2,1,2436562,102.79,2008,20,70.94,116.14
54418,Historical,868576,0,0,S,2,1,3499226,38.95,2005,19,35.87,18.79
54419,Historical,528081,0,0,S,2,1,735796,26.99,2008,38,24.97,28.99
54420,Historical,576704,0,0,S,2,1,618466,50.95,2008,20,0,31.99
54421,Historical,658237,0,0,S,7,1,184013,129.95,2012,21,28.99,122.61
54422,Historical,264226,0,0,S,2,1,2694524,39.95,2004,33,9.4,11
54423,Historical,254635,0,0,S,8,1,1333945,116,2011,15,134.06,102.25
54424,Historical,545961,0,0,S,7,1,1209621,44.95,2013,7,104.42,38.98
54425,Historical,1907893,1,1,S,9,1,1639745,56.95,2010,13,44.61,8.99
54426,Historical,1943447,1,1,S,10,1,83193,59.95,2013,4,44.61,44.44
54427,Historical,210942,0,0,S,3,1,1718666,52.95,2007,60,33.42,10
54428,Historical,368427,0,0,S,1,0,523678,74.95,2002,54,0,32.21
54429,Historical,609307,0,0,S,5,1,1594493,38.95,2005,66,31.72,17.57
54430,Historical,2836608,0,0,S,1,0,768148,121.95,1996,23,48.98,53.99
54431,Historical,1592806,0,0,S,3,1,2566471,64.99,2006,13,44.06,20.17
54432,Historical,858927,0,0,S,4,1,1384984,79.95,2002,32,84.73,49.99
54433,Historical,56490,0,0,S,6,1,654506,138,2009,179,133.93,14.39
54434,Historical,880247,0,0,S,5,1,1133956,15.98,2006,120,133.93,18.23
54435,Historical,539260,0,0,S,2,1,99029,184.2,2013,49,66.93,94.67
54436,Historical,271072,0,0,S,3,1,4262,54.99,2011,56,32.14,34.64
54437,Historical,917882,0,0,S,13,1,1379351,35.95,2008,38,41.42,13.87
54438,Historical,629180,0,0,S,15,1,110776,39.95,2012,47,41.42,23.2
54439,Historical,217671,0,0,S,2,1,2457812,144.99,1998,20,149.66,79.49
54440,Historical,624112,0,0,S,2,1,2010059,60,2003,32,33.99,26.48
54441,Historical,908621,0,0,S,2,1,3729737,54.95,2006,25,49.08,46.19
54442,Historical,625141,0,0,S,3,1,599892,62.95,2010,20,49.08,18.99
54443,Historical,632075,0,0,S,13,1,63980,37,2012,27,0,0
54444,Historical,2513853,0,0,S,1,0,534168,164.95,1975,24,28.26,84.38
54445,Historical,696983,0,0,S,8,1,1387866,63.55,1997,63,147.88,32.79
54446,Historical,571485,0,0,S,3,1,367295,64.95,2000,19,56.22,39.68
54447,Historical,720054,1,1,S,2,1,1086423,39.95,2003,46,28.13,16.94
54448,Historical,542080,0,0,S,1,0,1446951,60,2012,15,20.94,33.63
54449,Historical,252060,1,3,S,3,1,438758,295.95,2008,38,143.54,73.07
54450,Historical,615876,1,2,S,2,1,1166,46.95,2010,97,33.98,29.75
54451,Historical,2256833,0,0,S,2,1,198409,45,2011,12,0,47.5
54452,Historical,248185,0,0,S,4,1,315103,85,2011,41,57.89,54.79
54453,Historical,203884,0,0,S,9,1,2106902,72.95,2008,15,64.59,9.95
54454,Historical,276960,1,1,S,4,1,516406,29.98,2007,37,23.92,33.99
54455,Historical,261444,0,0,S,2,1,916168,93,2006,33,31.06,46.88
54456,Historical,204019,0,0,S,4,1,83629,74.99,2008,156,39.87,34.69
54457,Historical,1682707,0,0,S,4,1,3462547,95,2009,17,48.94,41.99
54458,Historical,130492,1,1,S,2,1,513593,105.4,2011,39,81.42,46.87
54459,Historical,294409,1,1,S,1,0,1088647,81.95,2007,26,77.37,75.57
54461,Historical,552177,0,0,S,8,1,483063,106.67,2003,22,74.09,16.98
54462,Historical,258370,0,0,S,2,1,1125005,80,2002,22,58.84,26.78
54463,Historical,596940,0,0,S,2,1,1107338,83,2005,30,43.89,23.98
54464,Historical,574798,0,0,S,0,0,836274,190,2010,36,84.79,47.45
54465,Historical,1568336,0,0,S,1,0,1428411,70,2008,18,0,43.98
54466,Historical,147655,0,0,S,12,1,89707,47.95,2011,27,49.94,190
54467,Historical,652965,0,0,S,2,1,3709209,135,2001,13,107.77,123.61
54468,Historical,2040549,0,0,S,2,1,2094843,48,2006,13,41.99,119.83
54469,Historical,797567,1,1,S,1,0,985523,265.95,2003,23,42.24,48.41
54470,Historical,2387845,0,0,S,2,1,846153,81,1993,19,49.68,117.1
54471,Historical,916673,0,0,S,2,1,749435,34.95,2001,21,22.89,25.14
54472,Historical,292296,0,0,S,1,0,666419,64.95,1999,40,48.36,44.99
54473,Historical,290869,0,0,S,7,1,1850200,84.95,2004,22,170.48,129.59
54474,Historical,757860,0,0,S,2,1,1161134,192,2003,15,93.97,118.79
54475,Historical,57461,0,0,S,3,1,3166941,84.4,2002,25,97.91,4.84
54476,Historical,60648,0,0,S,7,1,849996,107.4,2005,40,47.93,15.4
54477,Historical,116045,0,0,S,9,1,1798882,75.2,2004,30,21.29,23.99
54478,Historical,128256,1,1,S,3,1,87486,70,2005,91,39.09,90.7
54479,Historical,248111,0,0,S,2,1,78155,85,2010,39,33.99,19.99
54480,Historical,152630,0,0,S,0,0,840580,149,2001,23,93.94,45.98
54481,Historical,2815778,0,0,S,2,1,2589072,123.4,1992,14,72.85,50.21
54482,Historical,1840453,0,0,S,5,1,932789,56.99,2008,21,46.54,189.07
54483,Historical,905883,0,0,S,4,1,2833090,71.95,2003,13,20.31,73.43
54484,Historical,610201,0,0,S,1,0,155159,29.95,2007,65,30.2,27.48
54485,Historical,51660,0,0,S,9,1,22177,192.47,2006,280,138.97,16.98
54486,Historical,640459,0,0,S,2,1,794403,78.9,2010,19,113.87,53.99
54487,Historical,51659,0,0,S,9,1,676136,184,2006,77,138.97,21.94
54488,Historical,614942,0,0,S,2,1,2173594,186.56,2008,57,120.98,63.19
54489,Historical,235129,0,0,S,2,1,526539,60.95,2006,28,84.57,72.85
54490,Historical,60649,0,0,S,5,1,1223678,102.25,2005,21,69.86,88.42
54491,Historical,867998,0,0,S,5,1,837113,33.44,1991,25,68.65,27.99
54492,Historical,51493,0,0,S,6,1,809075,31.9,2004,153,102.99,28.1
54493,Historical,538652,0,0,S,9,1,37812,137.5,2013,45,73.98,73.97
54494,Historical,606797,0,0,S,13,1,134519,35,2010,34,10.89,8.24
54495,Historical,614573,0,0,S,2,1,1927839,170.67,2005,36,103.85,29.39
54496,Historical,55879,1,1,S,2,1,317065,179,2006,41,84.9,13.95
54497,Historical,3462402,0,0,S,2,1,1149835,113,1998,33,43.63,41.45
54498,Historical,175769,0,0,S,0,0,311801,110,2005,54,58.98,65.98
54499,Historical,60652,0,0,S,8,1,723412,160,2007,32,148.7,73.33
54500,Historical,52020,0,0,S,2,1,543324,170.67,2007,119,86.98,14.99
54501,Historical,560991,0,0,S,8,1,737488,147.67,2007,61,148.7,43.93
54502,Historical,638024,1,2,S,11,1,566699,165.8,2013,38,148.7,16.44
54503,Historical,50046,0,0,S,16,1,1560356,144.85,2004,121,117.92,18.86
54504,Historical,50450,0,0,S,7,1,1144828,162.95,2005,55,56.68,26.08
54505,Historical,60654,0,0,S,6,1,526148,81.65,2005,61,138.38,10
54506,Historical,52229,0,0,S,2,1,483190,13.49,2004,70,106.49,13.86
54507,Historical,51636,0,0,S,6,1,2297926,165.95,2004,51,161.47,12.78
54508,Historical,528014,0,0,S,7,1,1277532,193.33,2009,25,63.64,45.4
54509,Historical,52709,0,0,S,7,1,508281,133.72,2007,43,65.29,53.99
54510,Historical,607578,1,3,S,4,1,1214732,129,2002,32,61.42,9.99
54511,Historical,550446,0,0,S,18,1,1309761,5.97,2008,35,117.92,13.47
54512,Historical,550076,0,0,S,18,1,357845,57.09,2004,33,63.93,39.58
54513,Historical,178633,1,1,S,10,1,62826,279.95,2010,53,111.32,46.93
54514,Historical,50047,0,0,S,17,1,39051,28.3,2006,148,117.92,33.88
54515,Historical,1585097,0,0,S,2,1,75171,110,2010,41,22.85,49.1
54516,Historical,1592875,0,0,S,1,0,180643,96,2006,33,22.85,13.37
54517,Historical,201766,0,0,S,2,1,420642,49.95,2008,70,46.83,12.48
54518,Historical,639975,0,0,S,2,1,277962,118.25,2011,19,89.98,58.15
54519,Historical,52995,0,0,S,1,0,172293,0.34,2004,160,84.99,20.99
54520,Historical,54695,0,0,S,4,1,1345013,158.95,2007,59,102.89,41.14
54521,Historical,50621,0,0,S,10,1,2104111,261.95,2005,44,57.61,38.99
54522,Historical,625216,0,0,S,7,1,1699472,146.27,2011,27,43.98,10.39
54523,Historical,50635,0,0,S,5,1,1050810,170.67,2006,50,43.98,10.99
54524,Historical,626819,0,0,S,2,1,443939,159.4,2010,27,143.99,131.15
54525,Historical,127360,1,1,S,5,1,549555,149,2007,22,194.31,47.98
54526,Historical,860119,0,0,S,2,1,1105656,225.95,2010,26,48.14,83.94
54527,Historical,875939,0,0,S,6,1,527539,43.91,2010,24,194.31,61.99
54528,Historical,101414,1,1,S,1,0,480664,166.95,2001,47,0,33.99
54529,Historical,916228,1,1,S,2,1,955081,502.33,2004,27,195.76,27.98
54530,Historical,2878623,0,0,S,2,1,1572886,189,1996,20,88.18,63.98
54531,Historical,2387579,0,0,S,0,0,634841,87,1984,33,82.53,93.15
54532,Historical,217313,0,0,S,5,1,1109288,54,2010,47,28,5.97
54533,Historical,613706,0,0,S,4,1,2942761,50,2005,36,28,12.94
54534,Historical,577426,0,0,S,2,1,557491,61.95,2008,126,20.49,8.43
54535,Historical,546752,0,0,S,3,1,45415,71.99,2012,102,20.49,16.63
54536,Historical,543225,0,0,S,3,1,173744,38,2011,40,16.44,23.91
54537,Historical,580701,1,2,S,2,1,832775,40,2007,69,16.44,19.84
54538,Historical,253905,0,0,S,3,1,486051,51.95,2009,45,23.57,41
54539,Historical,500149,1,5,S,0,0,157636,112.95,2012,42,90.47,123.95
54540,Historical,257991,0,0,S,9,1,383285,82.95,2003,32,74.95,17.96
54541,Historical,499083,1,4,S,6,1,108125,119.95,2010,58,41.13,75.54
54542,Historical,3026465,0,0,S,2,1,249388,41.95,2001,41,0,16.94
54543,Historical,1879700,0,0,S,1,0,1084875,142.95,2009,27,34.1,83.63
54544,Historical,2814494,0,0,S,5,1,2611106,30,2005,19,33.69,37.82
54545,Historical,2814637,0,0,S,4,1,3616491,33,1999,24,33.69,15.31
54546,Historical,649043,0,0,S,7,1,864849,499,2009,20,228.99,73.99
54548,Historical,640123,0,0,S,5,1,1377561,72.95,2000,20,32.98,29.01
54549,Historical,184290,0,0,S,2,1,2054884,52.95,1999,25,32.09,18.49
54550,Historical,131561,0,0,S,1,0,211317,143.4,2005,41,124.22,111.06
54551,Historical,620351,0,0,S,1,0,763670,46,2005,66,42.61,13.14
54552,Historical,545590,0,0,S,1,0,532632,39.99,2011,22,23.99,33.94
54553,Historical,764558,0,0,S,5,1,1424317,121.95,2005,29,91.44,19.96
54554,Historical,644065,0,0,S,2,1,1207398,99.95,2007,25,64.67,80.27
54555,Historical,880107,0,0,S,7,1,2041534,23.91,2009,51,63.87,18.26
54556,Historical,141778,0,0,S,3,1,2895486,10.5,2005,56,35.44,8.47
54557,Historical,141914,0,0,S,4,1,1008043,12.99,2009,76,35.44,12.98
54558,Historical,1715210,0,0,S,0,0,702893,103.93,2009,27,0,73.17
54559,Historical,615147,0,0,S,3,1,1603171,62.67,2006,30,17.3,11.99
54560,Historical,342589,0,0,S,2,1,2356337,47,2001,33,23.95,15.94
54561,Historical,619646,0,0,S,2,1,2611497,55,2002,29,21.98,6.98
54562,Historical,541898,0,0,S,2,1,2073553,36.95,2002,21,21.98,13.93
54563,Historical,217308,0,0,S,2,1,926128,34,2008,93,17.91,8.29
54564,Historical,51483,0,0,S,5,1,264315,64.95,2011,265,57.31,14.99
54565,Historical,167733,0,0,S,4,1,1030407,101.07,1999,15,41.48,23.99
54566,Historical,907510,0,0,S,2,1,4677678,65,2004,13,48.22,22.99
54567,Historical,510596,0,0,S,0,0,903032,89.99,2006,24,54.14,54.9
54568,Historical,165693,0,0,S,1,0,1368593,97.25,2006,56,0,29.98
54569,Historical,527923,0,0,S,3,1,258582,54.99,2011,32,27.99,24.01
54570,Historical,167482,0,0,S,3,1,1887577,105,2001,22,58.99,53.67
54571,Historical,1867783,0,0,S,3,1,5626185,179.95,2008,17,96.29,27.81
54572,Historical,165576,0,0,S,5,1,677159,23.99,2004,35,53.84,47.04
54573,Historical,2502991,0,0,S,3,1,1443680,64.95,2001,29,111.9,46.83
54574,Historical,148144,0,0,S,2,1,3000552,257.95,2005,38,144.47,9.97
54575,Historical,906934,0,0,S,2,1,1826707,99.95,1992,26,123.99,60.53
54576,Historical,906684,0,0,S,5,1,1252901,69.28,2011,18,55.78,60.67
54577,Historical,291246,0,0,S,0,0,431590,60,1997,20,7781,78.99
54578,Historical,540460,0,0,S,9,1,1253614,191,2009,35,0,44.21
54579,Historical,560458,0,0,S,10,1,479265,225,2012,61,7.39,38.49
54580,Historical,143184,0,0,S,8,1,399886,141,2007,45,7.39,58.49
54581,Historical,385724,0,0,S,6,1,4507826,69.99,2006,20,52.97,139.73
54582,Historical,607393,0,0,S,11,1,260661,169,2007,34,133.99,55.99
54583,Historical,658454,0,0,S,6,1,223045,0,2010,48,8.87,28.98
54584,Historical,907043,0,0,S,5,1,2221619,43.66,2007,14,8.87,42.92
54585,Historical,677984,0,0,S,0,0,1198603,52.95,2007,44,48.27,45.65
54586,Historical,847695,0,0,S,9,1,4209997,91,1996,31,183.98,9.09
54587,Historical,203766,0,0,S,3,1,442414,104.99,2008,58,63.92,78.61
54588,Historical,144301,0,0,S,1,0,197860,124.2,2002,74,40.87,48.61
54589,Historical,2795274,0,0,S,2,1,1854395,63,1993,32,0,55.58
54590,Historical,297989,0,0,S,1,0,941303,142.95,2006,55,81.27,15.99
54591,Historical,2540403,0,0,S,2,1,1495164,39.95,2003,24,35.09,117.53
54592,Historical,1738296,0,0,S,7,1,1811641,25.75,2006,25,59.27,39.99
54593,Historical,157621,0,0,S,3,1,230993,49.95,2005,61,31.88,49.95
54594,Historical,563195,0,0,S,0,0,1269366,159,2000,26,60.11,67.21
54595,Historical,617892,0,0,S,4,1,2205090,52,2008,18,13.99,11.23
54596,Historical,1477961,0,0,S,9,1,3080328,109.75,2012,28,44.54,34.57
54597,Historical,609621,0,0,S,8,1,244622,124.95,2009,34,96.99,28.98
54598,Historical,879364,1,1,S,7,1,718386,26.64,2009,9,127.72,26.64
54599,Historical,3472633,0,0,S,2,1,846513,105,1997,24,0,43.5
54600,Historical,54800,0,0,S,0,0,1395389,37.95,2004,57,51.31,10.9
54601,Historical,634300,0,0,S,2,1,2390947,78.95,2003,20,63.89,54.17
54602,Historical,2415606,0,0,S,2,1,1025929,112.95,1993,30,0,60.01
54603,Historical,105694,0,0,S,3,1,1274767,79.95,2000,19,62.44,42.99
54604,Historical,1651421,0,0,S,7,1,2123858,110,2007,22,58.96,59
54605,Historical,691742,0,0,S,2,1,3248606,114.95,1998,18,103.48,57.42
54606,Historical,318058,0,0,S,1,0,551828,156,2000,48,0,78.38
54607,Historical,56932,0,0,S,1,0,135197,42,1996,40,23.93,34.98
54608,Historical,162652,0,0,S,8,1,770545,150.3,2009,29,42.28,48.94
54609,Historical,2536200,1,1,S,2,1,687953,56.95,1999,19,42.43,34.95
54610,Historical,560325,0,0,S,3,1,893689,39,2006,25,48.83,23.1
54611,Historical,1878919,0,0,S,7,1,3930029,10.68,2009,19,0,12.85
54612,Historical,251810,0,0,S,7,1,1283220,49.57,2008,19,45.95,55.15
54613,Historical,207777,0,0,S,6,1,6615878,49.57,2004,17,45.95,48.88
54614,Historical,682333,0,0,S,18,1,1211170,29.28,2010,11,96.58,21.99
54615,Historical,704338,0,0,S,6,1,400832,0,2003,22,77.61,122.33
54616,Historical,620085,1,1,S,2,1,524494,37.95,2003,48,26.39,33.18
54617,Historical,113703,0,0,S,6,1,1901836,47.4,1999,32,41.05,24.99
54618,Historical,256004,0,0,S,3,1,314768,43.99,2004,41,28.38,22.88
54619,Historical,711337,0,0,S,5,1,698901,101,2002,19,88.99,133.49
54620,Historical,183491,1,2,S,0,0,26252,102.65,2007,96,26.64,60
54621,Historical,218724,0,0,S,5,1,1067670,240,2007,37,139.99,152.65
54622,Historical,218723,0,0,S,5,1,128941,49,2007,68,39.98,23.61
54623,Historical,609342,0,0,S,4,1,2819879,152,1987,49,122.94,64.19
54624,Historical,60665,0,0,S,5,1,366886,129,2003,32,122.94,27.35
54625,Historical,58565,0,0,S,6,1,1417386,53.98,2007,30,114.75,53.68
54626,Historical,862999,1,1,S,3,1,1023426,265,2001,25,318.99,653.99
54627,Historical,868437,0,0,S,1,0,768400,64.95,2007,24,44.43,35.92
54628,Historical,290254,0,0,S,4,1,3963002,54.95,2004,19,37.89,39.99
54629,Historical,910461,0,0,S,3,1,3275962,103,2005,22,65.26,36.27
54630,Historical,106540,0,0,S,2,1,465499,71,2008,29,28.81,53.98
54631,Historical,128994,0,0,S,4,1,2084002,89.95,2005,20,57.8,75.74
54632,Historical,868142,0,0,S,2,1,434687,98,1985,44,124.82,81.48
54633,Historical,162431,0,0,S,1,0,642296,54.95,2007,36,55.79,36.97
54634,Historical,136854,0,0,S,2,1,1397094,76,2003,32,43.96,32.49
54635,Historical,527885,0,0,S,3,1,2186772,106.75,2011,24,113.99,38.49
54636,Historical,902778,0,0,S,2,1,958197,99.95,2006,11,73.4,203.07
54637,Historical,152052,0,0,S,0,0,114022,74.95,2003,56,47.99,57.56
54638,Historical,608557,0,0,S,4,1,1640602,128.95,1998,28,70.26,97.32
54640,Historical,628102,0,0,S,2,1,2396863,66.2,2009,20,39.08,24.49
54641,Historical,647518,0,0,S,2,1,835958,160.95,1998,29,125.91,83.47
54642,Historical,591719,0,0,S,2,1,918774,57.95,2009,22,0,32.42
54643,Historical,764784,0,0,S,2,1,4453908,68.95,1997,24,25.48,63.21
54644,Historical,608551,1,1,S,3,1,1260904,87.95,2002,33,25.48,13.99
54645,Historical,868141,0,0,S,2,1,1658253,82,1997,46,17.97,31.45
54646,Historical,614149,0,0,S,1,0,102880,49.99,1996,66,34.21,21.05
54647,Historical,619005,0,0,S,5,1,1170477,0,2006,46,47.61,28.49
54648,Historical,287604,0,0,S,5,1,635842,85.8,2009,70,48.33,10.78
54649,Historical,607335,0,0,S,4,1,2490972,93.8,2007,39,47.98,4.92
54650,Historical,641584,0,0,S,2,1,1615683,99.95,2008,23,38.02,52.41
54651,Historical,147476,0,0,S,15,1,635071,39.95,2007,33,14.45,23.98
54652,Historical,527866,0,0,S,6,1,16437,69.95,2012,22,29.74,50.26
54653,Historical,607996,0,0,S,2,1,1832842,47.95,2003,40,36.09,6.9
54654,Historical,608025,1,1,S,2,1,704053,63.95,2007,68,36.09,7.77
54655,Historical,147688,0,0,S,10,1,913481,61.95,2011,20,39.92,18.67
54656,Historical,905495,0,0,S,9,1,873016,55.95,2009,23,6.93,27.97
54657,Historical,608015,0,0,S,6,1,2072954,38.95,2005,59,13.34,5.55
54658,Historical,561705,0,0,S,9,1,1341180,39.95,2010,50,31.09,7.92
54659,Historical,527863,0,0,S,4,1,76846,73.95,2012,38,43.74,48.99
54660,Historical,533985,0,0,S,3,1,742317,68.95,2008,36,43.74,52.31
54661,Historical,146915,0,0,S,1,0,677749,43.95,2000,54,23.27,8.93
54662,Historical,147328,0,0,S,3,1,1403542,39.95,2005,30,35.45,9.92
54663,Historical,608016,0,0,S,2,1,2906850,41.95,2006,37,31.84,16.49
54664,Historical,608028,0,0,S,3,1,498720,51.95,2009,32,31.84,16.31
54665,Historical,632104,0,0,S,9,1,36846,43.95,2012,26,20.87,23.3
54666,Historical,627578,0,0,S,1,0,850760,37.95,2006,46,22.86,49.99
54667,Historical,533329,0,0,S,26,1,271846,42.95,2012,78,37.29,12.98
54668,Historical,652273,0,0,S,27,1,87033,42.95,2013,98,37.29,28.85
54669,Historical,561674,0,0,S,1,0,198095,76.95,2008,49,0,0
54670,Historical,536380,0,0,S,7,1,67441,41.95,2013,70,15.36,18.99
54671,Historical,55867,1,2,S,6,1,362545,39.95,2009,69,15.36,5.99
54672,Historical,743857,0,0,S,6,1,557690,37.95,2008,34,33.66,17.05
54673,Historical,891928,0,0,S,2,1,1145479,57.95,2008,5,188.79,52.62
54674,Historical,57969,0,0,S,7,1,2160431,86.95,2003,51,51.59,8.98
54675,Historical,218564,0,0,S,2,1,764531,49.95,1997,22,35.98,64.95
54676,Historical,631206,0,0,S,2,1,747690,49.95,1997,27,35.98,57.97
54677,Historical,624558,0,0,S,2,1,723360,47.95,1997,22,35.98,60.07
54678,Historical,147522,0,0,S,7,1,873123,75.95,2007,29,38.13,65.98
54679,Historical,147001,0,0,S,2,1,1501330,62.95,2003,17,11.15,23.99
54680,Historical,204098,0,0,S,7,1,1586740,359.95,2007,17,193.41,79.28
54681,Historical,743301,0,0,S,8,1,3169331,213,2002,22,123.46,71.08
54682,Historical,3475401,0,0,S,2,1,1153494,85,1998,24,0,60.13
54683,Historical,916181,0,0,S,2,1,1165999,49.95,2008,34,32.71,13.44
54684,Historical,908716,0,0,S,1,0,4772915,0,1992,23,24.76,73.49
54685,Historical,868217,0,0,S,2,1,1281486,48.95,1995,55,24.76,21.97
54686,Historical,632544,0,0,S,3,1,1063977,69.95,2010,32,55.2,58.59
54687,Historical,793913,1,1,S,2,1,836600,70.95,2004,23,55.2,28.92
54688,Historical,617513,0,0,S,7,1,621884,32.44,2003,22,101.49,24.93
54689,Historical,781028,0,0,S,0,0,868046,69.95,2003,21,57,55.61
54690,Historical,610094,0,0,S,1,0,515693,26.95,2007,37,24.24,22.98
54691,Historical,2528671,0,0,S,2,1,3427841,48.95,1992,24,51,49.64
54692,Historical,296902,0,0,S,3,1,490290,49,2009,47,38.94,27.98
54693,Historical,233587,0,0,S,2,1,755927,44,2005,26,38.94,40.93
54694,Historical,132904,0,0,S,4,1,428348,89.8,2009,37,60.39,15.14
54695,Historical,117846,1,2,S,3,1,909511,74.4,2004,38,60.39,33.98
54697,Historical,2353823,0,0,S,8,1,1086270,136.25,2004,24,0,44.42
54698,Historical,756462,0,0,S,2,1,1635613,80,2008,12,43.88,13.94
54699,Historical,623452,0,0,S,1,0,126473,69.95,2011,27,59.26,47.94
54700,Historical,527833,0,0,S,4,1,2101794,87.95,2010,16,56.38,60.21
54701,Historical,656980,0,0,S,2,1,504431,48.95,2009,9,0,0
54702,Historical,203757,0,0,S,5,1,1760798,236,2005,15,18.99,20.99
54703,Historical,2563215,0,0,S,2,1,170683,50,1992,29,0,18.99
54704,Historical,132101,0,0,S,4,1,2315221,95,2005,20,36.46,18.9
54705,Historical,131786,0,0,S,4,1,3450879,70,2003,34,36.46,16.87
54706,Historical,576674,1,2,S,1,0,68861,110.95,2009,24,0,0
54707,Historical,3039950,0,0,S,2,1,2597350,76,1984,28,179.4,74.23
54708,Historical,649851,0,0,S,3,1,677335,89.95,2012,9,0,0
54709,Historical,621288,0,0,S,1,0,69835,69.95,2012,20,0,0
54710,Historical,616194,0,0,S,4,1,1273260,69.95,2008,33,27.74,8.99
54711,Historical,632141,1,1,S,5,1,44453,95,2012,68,27.74,50.97
54712,Historical,793230,0,0,S,1,0,487789,95,2001,12,55,51.35
54713,Historical,165914,0,0,S,4,1,252034,48.99,2004,38,58.99,48.99
54714,Historical,587538,0,0,S,7,1,758539,136,2011,27,190.89,133.34
54715,Historical,713302,0,0,S,6,1,6789335,36.67,2002,13,0,60.38
54716,Historical,858563,0,0,S,3,1,324146,100,1995,22,33.89,42.45
54718,Historical,301030,1,11,S,0,0,618738,44.5,2010,46,47.48,17.99
54719,Historical,276614,0,0,S,1,0,157791,54.5,2011,66,47.48,34.98
54720,Historical,276610,1,1,S,0,0,466250,54.5,2009,34,0,0
54721,Historical,658305,0,0,S,1,0,213344,54.5,2012,30,0,0
54722,Historical,642258,1,2,S,0,0,205509,54.5,2012,62,30.45,26.87
54723,Historical,2662975,0,0,S,4,1,3058918,211.72,1979,15,26.69,77.11
54724,Historical,608890,0,0,S,4,1,176946,66.95,1993,57,57.96,49.93
54725,Historical,157334,0,0,S,2,1,982170,49.95,2006,25,46.17,70.81
54726,Historical,910168,0,0,S,1,0,866578,72.95,2003,54,39.58,54.51
54727,Historical,120579,1,1,S,6,1,394858,60.6,2008,31,47.07,50.46
54728,Historical,545839,0,0,S,10,1,56575,114,2012,62,78.85,63.98
54729,Historical,860425,0,0,S,1,0,126338,69.95,2011,74,42.83,27.72
54730,Historical,906588,0,0,S,0,0,33386,5.95,2001,19,39.99,6.93
54731,Historical,2876522,0,0,S,0,0,8218,8.99,1998,45,39.99,6.47
54732,Historical,534456,1,1,S,6,1,237324,94,2004,50,85.36,67.11
54733,Historical,56395,1,1,S,5,1,381721,0,2002,34,85.36,49.75
54734,Historical,177788,0,0,S,3,1,668425,199.95,2005,43,133.72,102.79
54735,Historical,120740,0,0,S,3,1,1721432,42,1987,45,78.83,23.73
54736,Historical,724119,0,0,S,1,0,500132,39.95,2009,40,53.98,25.92
54737,Historical,724117,0,0,S,1,0,370743,39.95,2009,29,79.21,31.3
54738,Historical,2670175,0,0,S,5,1,3203155,66.6,1993,24,33.94,48.81
54739,Historical,639434,0,0,S,7,1,1621380,81.7,2003,24,106.97,48.99
54740,Historical,111037,0,0,S,8,1,460620,278.99,2008,31,106.97,32.49
54741,Historical,489921,0,0,S,3,1,2517900,39.95,2007,20,38.02,33.17
54742,Historical,802699,0,0,S,6,1,515271,39.99,2009,32,23.92,10.94
54743,Historical,802601,0,0,S,5,1,2438643,39.99,2006,36,23.92,9.95
54744,Historical,169847,0,0,S,3,1,592275,91.95,2008,69,87.1,13.51
54745,Historical,56955,0,0,S,3,1,1453973,177.95,2006,60,87.1,43.59
54746,Historical,705103,0,0,S,7,1,2610089,0,2003,11,30.17,103.98
54747,Historical,100670,0,0,S,2,1,1052090,92,1999,45,19.6,18.93
54748,Historical,114192,0,0,S,3,1,605407,42.8,2001,57,33.04,16.94
54749,Historical,2648810,0,0,S,1,0,2403441,135,2003,21,37.94,86.23
54750,Historical,159497,0,0,S,14,1,1501759,76.95,2003,23,43.9,103.95
54751,Historical,1615952,0,0,S,2,1,674185,49.99,2007,39,34.72,31.99
54752,Historical,1616068,0,0,S,1,0,1387545,49.99,2010,17,22.74,12.87
54753,Historical,1575538,0,0,S,1,0,433778,40,2012,25,0,17.99
54754,Historical,3150861,0,0,S,2,1,1499868,99,2003,13,78.14,44.49
54755,Historical,200480,0,0,S,6,1,560074,211.95,2008,24,147.22,56.5
54756,Historical,527799,1,5,S,7,1,285444,228.95,2011,36,147.22,153.99
54757,Historical,619062,0,0,S,1,0,36820,48,1997,69,140.78,24.88
54758,Historical,300465,0,0,S,4,1,49480,72.99,2011,64,39.98,62.88
54759,Historical,652373,0,0,S,4,1,7851,72.95,2013,38,0,0
54760,Historical,640184,0,0,S,6,1,2833271,48.8,2008,22,3.85,218.65
54761,Historical,650005,1,1,S,7,1,322853,48.8,2010,20,3.85,45.73
54762,Historical,636800,0,0,S,3,1,2302863,55.95,2009,19,49.53,10.2
54763,Historical,192888,0,0,S,6,1,3068921,380,2003,10,211.58,73.97
54764,Historical,527791,0,0,S,7,1,1191559,427,2008,28,211.58,125.23
54765,Historical,2016497,1,1,S,61,1,1073586,72.5,2012,40,64.53,75.47
54766,Historical,230954,1,1,S,0,0,42377,95,2008,70,93,33.85
54767,Historical,230951,0,0,S,10,1,708883,165.5,2005,51,180.98,72.49
54768,Historical,2763593,0,0,S,0,0,504600,35,2005,65,12.78,15.86
54769,Historical,126324,0,0,S,4,1,652782,39.95,2003,32,51.1,22.32
54770,Historical,632148,0,0,S,0,0,420486,50,2012,34,21.97,29.96
54771,Historical,2910601,0,0,S,8,1,4627890,92,2005,10,0,225.51
54772,Historical,597979,0,0,S,2,1,160464,62.95,2008,91,38.16,35.98
54773,Historical,793724,0,0,S,1,0,614263,90,2003,15,50.98,71.33
54774,Historical,217341,0,0,S,2,1,332613,54,2011,44,35.2,16.34
54775,Historical,920073,0,0,S,18,1,318322,100,2005,46,11.14,13.99
54776,Historical,2039338,0,0,S,0,0,1241976,0,2010,21,0,53.98
54777,Historical,264300,0,0,S,2,1,387916,37.95,2005,29,18.83,27.98
54778,Historical,615412,0,0,S,2,1,1017317,49.99,2010,56,23.89,17.99
54779,Historical,1865923,1,1,S,2,1,730814,15,2006,21,0,37.99
54780,Historical,545739,1,2,S,6,1,37332,55.99,2013,51,26.22,28.97
54781,Historical,807880,0,0,S,0,0,63361,19.99,2009,44,63.96,13.74
54782,Historical,557488,0,0,S,3,1,198152,94.2,2008,47,54.05,56.27
54783,Historical,139653,0,0,S,0,0,1005101,139,2001,39,100.9,59.35
54784,Historical,536034,0,0,S,2,1,944023,58,2007,30,48.26,20.88
54785,Historical,258351,0,0,S,20,1,2334909,39,2007,53,174.93,145.71
54786,Historical,249014,0,0,S,2,1,368772,36.95,2006,97,34.98,23.99
54787,Historical,147601,1,1,S,1,0,126718,95.95,2008,62,66.35,63.62
54788,Historical,263198,0,0,S,1,0,494742,85.45,2005,30,35.99,72.05
54789,Historical,249158,0,0,S,2,1,331157,72.95,2009,38,25.44,53.91
54790,Historical,249218,0,0,S,2,1,16709,62.95,2009,19,8.37,58.82
54791,Historical,277981,0,0,S,1,0,495470,79.95,2007,46,36.5,23.49
54792,Historical,249037,0,0,S,1,0,684709,72.95,2008,39,0,98.72
54793,Historical,628829,0,0,S,1,0,1332320,39.95,2007,29,40.65,30.98
54794,Historical,863469,0,0,S,2,1,923681,49.99,2007,34,5.72,30.62
54795,Historical,626748,0,0,S,5,1,1107845,39.99,2009,41,17.93,9.88
54796,Historical,631595,0,0,S,2,1,124016,106.64,2010,35,28.48,42.99
54797,Historical,60682,1,3,S,6,1,789807,301.95,2002,70,173.97,49
54798,Historical,527748,0,0,S,4,1,486511,56.95,2010,33,32.98,54.95
54799,Historical,159567,0,0,S,3,1,741405,59.95,2006,31,32.98,34.83
54800,Historical,623480,0,0,S,2,1,651612,78.95,2010,35,69.99,112.03
54801,Historical,636064,0,0,S,3,1,1771925,145,2011,16,73.08,74.97
54802,Historical,127206,0,0,S,3,1,1961116,225,2008,18,73.08,62.36
54803,Historical,912775,0,0,S,2,1,2793007,110,2005,21,73.08,53.25
54804,Historical,105892,0,0,S,2,1,2002737,70.95,2003,20,28.48,58.93
54805,Historical,527746,0,0,S,4,1,1161767,39.95,2008,26,30.9,43
54806,Historical,159522,0,0,S,3,1,919658,39.95,2004,25,30.9,50.82
54807,Historical,60684,0,0,S,4,1,1530726,92,2001,40,68.99,34.61
54808,Historical,159461,0,0,S,4,1,3172847,265,2007,17,179.34,288.03
54809,Historical,159479,1,2,S,4,1,2323298,97.95,2004,20,50.77,28.24
54810,Historical,2664534,0,0,S,6,1,3582482,29.95,1999,23,35.08,12.46
54811,Historical,788774,0,0,S,4,1,4473073,59.95,1999,26,35.99,7.95
54812,Historical,540927,0,0,S,5,1,541969,59.95,2010,27,39.43,50.54
54813,Historical,620257,0,0,S,3,1,175388,99.95,2010,24,82.56,63
54814,Historical,877529,0,0,S,3,1,725919,25.56,2006,41,81.79,25.68
54815,Historical,1839791,0,0,S,3,1,2391867,47.95,2008,17,18.54,18.52
54816,Historical,203364,0,0,S,2,1,1862978,80.5,2001,56,52.87,11.7
54817,Historical,145496,0,0,S,5,1,2915978,88.8,2006,42,65.91,9.69
54818,Historical,431072,0,0,S,2,1,1074608,29.99,2008,42,26.3,10.75
54819,Historical,516161,0,0,S,3,1,511141,39.99,2010,45,26.3,8.61
54820,Historical,2435247,0,0,S,3,1,859119,51.95,2000,15,53.84,75.61
54821,Historical,916403,0,0,S,6,1,2129191,130.5,1997,24,112.68,31.19
54822,Historical,858240,0,0,S,0,0,51319,49.99,2013,24,30.13,31.26
54823,Historical,126986,1,2,S,3,1,193019,32.99,2007,81,20.61,55.81
54824,Historical,126967,0,0,S,3,1,392430,32.99,2001,134,20.61,21.89
54825,Historical,904094,0,0,S,2,1,1215016,53.32,2009,22,0,20
54826,Historical,531806,0,0,S,1,0,770309,123.95,2009,32,47.69,65.99
54828,Historical,178650,0,0,S,1,0,909271,182.95,2010,49,25.99,22.03
54829,Historical,250193,0,0,S,2,1,562621,188.95,2006,69,126.97,43.98
54830,Historical,262784,0,0,S,3,1,315333,76.95,2010,68,12.76,54.71
54831,Historical,113102,0,0,S,2,1,1772426,79.95,2008,21,76.56,32.67
54832,Historical,149597,0,0,S,4,1,975127,39.95,2004,34,39.2,47.51
54833,Historical,177468,0,0,S,3,1,963565,108.95,2001,33,35.71,16.97
54834,Historical,618636,0,0,S,0,0,68481,45,2003,42,23.97,31.64
54835,Historical,609458,0,0,S,24,1,2116350,39.95,2008,31,24.49,25.35
54836,Historical,665433,0,0,S,2,1,632513,39.95,2012,33,27.38,28.7
54837,Historical,126566,0,0,S,2,1,120269,49.95,2006,97,48.08,23.94
54838,Historical,909302,0,0,S,0,0,808966,39.99,2006,21,28.15,14.95
54839,Historical,909234,0,0,S,0,0,688912,74.99,2011,21,12.27,38.53
54840,Historical,1631739,0,0,S,2,1,2628423,39.99,2009,24,33.23,55.25
54841,Historical,613930,0,0,S,2,1,1890207,42.95,2007,40,4.98,13.53
54842,Historical,542994,0,0,S,1,0,200710,49.99,2002,74,36.17,15.1
54843,Historical,147229,0,0,S,2,1,829032,53.95,2005,42,17.17,17.94
54844,Historical,1533911,0,0,S,0,0,578968,69.95,2007,28,44.79,44.64
54845,Historical,642212,1,2,S,6,1,514567,39.99,2012,52,24.05,8.24
54846,Historical,802653,0,0,S,4,1,1674734,29.99,2008,68,24.05,10.39
54847,Historical,802708,1,1,S,5,1,832792,39.99,2010,50,24.05,17.99
54848,Historical,871897,0,0,S,6,1,1100641,102.46,2008,40,66.1,64.6
54849,Historical,558079,0,0,S,2,1,900301,41,2009,16,0,36.58
54851,Historical,112858,0,0,S,2,1,3698994,117,2003,14,51.74,58.29
54852,Historical,219707,0,0,S,2,1,537962,89.95,2004,13,107.14,115.87
54853,Historical,620108,0,0,S,2,1,1211143,192,1999,28,76.01,60.67
54854,Historical,166613,0,0,S,1,0,775201,63.5,2004,28,0,18.82
54855,Historical,296697,0,0,S,2,1,260132,79,2001,48,58.99,40.8
54856,Historical,132528,0,0,S,3,1,436112,101,2008,26,17.63,153.75
54857,Historical,117957,0,0,S,3,1,266719,132,2005,33,67.68,59.93
54858,Historical,527671,0,0,S,3,1,99068,51.99,2008,53,53.2,24.48
54859,Historical,118200,0,0,S,3,1,293189,59.99,2009,20,0,0
54860,Historical,614187,0,0,S,3,1,40492,51.99,2008,39,0,0
54861,Historical,153957,0,0,S,7,1,70055,36.98,2007,28,63.99,77.87
54862,Historical,153818,1,3,S,8,1,6474,90.5,2011,119,63.99,66.3
54863,Historical,637572,0,0,S,9,1,34724,89,2013,51,30.46,65.38
54864,Historical,153932,0,0,S,8,1,153973,8.68,2006,130,14.72,8.98
54865,Historical,153898,1,1,S,8,1,357314,13.18,2005,267,16.09,9.58
54866,Historical,154000,0,0,S,6,1,30600,16.77,2009,49,41.89,48.31
54867,Historical,153985,1,1,S,6,1,45980,31.96,2009,84,41.89,25.24
54868,Historical,537829,0,0,S,2,1,117242,23.99,2009,166,53.29,6.78
54869,Historical,609915,1,2,S,11,1,2377,69.5,2013,99,42.29,47.99
54870,Historical,628754,0,0,S,6,1,1163614,723.84,2009,48,45.79,103.57
54871,Historical,153333,0,0,S,5,1,1885216,0,2005,18,45.79,80.51
54872,Historical,617154,1,1,S,6,1,439468,38.55,2009,22,65.66,34.28
54873,Historical,154432,0,0,S,5,1,477254,29.02,2005,159,65.66,12.36
54874,Historical,637105,0,0,S,6,1,79190,91.55,2009,13,0,0
54875,Historical,625290,0,0,S,6,1,429446,0,2009,19,0,0
54876,Historical,165714,0,0,S,3,1,9806380,75,2003,14,33.99,18.68
54877,Historical,665485,0,0,S,1,0,337806,48.95,2011,24,36.88,28.97
54878,Historical,1696635,0,0,S,1,0,197707,37.95,2009,26,37.93,18.59
54879,Historical,266333,0,0,S,2,1,2119143,47.99,2007,11,34.37,120.89
54880,Historical,147180,0,0,S,3,1,1366941,105,2006,15,61.06,53.99
54881,Historical,280415,0,0,S,2,1,4343641,39.95,2005,18,32.44,27.52
54882,Historical,527658,0,0,S,3,1,1409070,39.95,2008,19,32.44,33.54
54883,Historical,2420734,0,0,S,2,1,603911,64.95,1996,19,42.52,68.53
54884,Historical,2612342,0,0,S,2,1,2408704,74.99,2000,19,57.64,49.97
54885,Historical,152472,0,0,S,0,0,1480702,59.99,2008,21,50.11,30.63
54886,Historical,1533587,0,0,S,0,0,192168,59.95,2007,18,68.97,36.76
54887,Historical,608517,0,0,S,5,1,958957,169.95,2003,35,128.98,48.69
54888,Historical,169509,0,0,S,6,1,654232,353.95,2007,41,128.98,23.98
54889,Historical,167658,0,0,S,2,1,3842894,205,2003,18,82.77,60.62
54890,Historical,152867,0,0,S,1,0,1188113,89.95,1998,19,56.9,62.49
54891,Historical,868278,0,0,S,2,1,1077148,84.95,2000,17,40.09,53.99
54892,Historical,608486,0,0,S,2,1,567201,78.99,1992,48,48.98,41.77
54893,Historical,50646,0,0,S,2,1,852065,69.95,2003,84,43.09,9.78
54894,Historical,669035,0,0,S,2,1,1118691,89.95,2012,10,40.53,262.41
54895,Historical,913285,0,0,S,1,0,1388091,54.95,2002,29,17.02,19.03
54896,Historical,609181,0,0,S,5,1,1712426,41.95,2005,36,14.98,15
54897,Historical,211037,0,0,S,12,1,962379,42.95,2010,22,7.99,8.14
54898,Historical,56275,0,0,S,10,1,273087,31.95,2006,72,27.14,18.58
54899,Historical,249936,1,1,S,10,1,227401,167.95,2007,83,45.8,77.75
54900,Historical,249937,0,0,S,10,1,528056,127.95,2007,39,45.8,55.64
54901,Historical,200196,0,0,S,2,1,1854599,192.95,2006,19,33.9,69.65
54902,Historical,264271,1,1,S,0,0,163191,46.99,2007,28,21.98,18.84
54903,Historical,147553,0,0,S,1,0,84126,66.95,2010,59,0,0
54904,Historical,210915,0,0,S,6,1,1894812,34.95,2004,47,9.41,13.99
54905,Historical,54845,0,0,S,7,1,543411,39.95,2005,146,41.15,8.99
54906,Historical,870016,0,0,S,5,1,1973401,15.05,2007,36,40.99,10.95
54907,Historical,222231,0,0,S,6,1,77097,110,2011,27,64.87,81.99
54908,Historical,586891,0,0,S,5,1,124543,35,2008,18,38.78,58.51
54909,Historical,501057,0,0,S,3,1,5420,49.99,2012,58,27.38,26.4
54910,Historical,778169,0,0,S,3,1,2305196,48.95,2001,18,56.66,20.94
54911,Historical,200166,1,1,S,4,1,395217,108.95,2006,29,56.66,13.91
54912,Historical,294827,0,0,S,2,1,1268925,51.95,2005,65,36.39,9.73
54913,Historical,594641,0,0,S,1,0,696849,102.95,2011,74,56.99,18.99
54914,Historical,147600,1,1,S,4,1,401541,63.95,2009,56,31.99,23.99
54915,Historical,60690,0,0,S,3,1,2152835,50.95,2005,48,31.99,8.99
54916,Historical,54614,0,0,S,5,1,1906863,49.95,2006,68,40.3,6.08
54917,Historical,56636,0,0,S,8,1,2504992,183.95,2002,65,47.72,8.97
54918,Historical,3083727,0,0,S,2,1,4063916,145,2004,15,109.88,13.98
54919,Historical,2070561,0,0,S,4,1,3181397,120,2011,21,0,13.98
54920,Historical,879499,0,0,S,3,1,427469,118.07,2014,25,59.12,40.98
54921,Historical,627830,0,0,S,2,1,276652,188,2013,26,154.7,273.62
54922,Historical,634456,0,0,S,3,1,2741209,140.95,2011,21,6.54,53.89
54923,Historical,609865,1,4,S,5,1,67750,222.95,2013,45,38.58,66.94
54924,Historical,52251,0,0,S,10,1,1027351,159.95,2006,130,119.47,15.97
54925,Historical,868470,0,0,S,3,1,3770408,61.95,1997,25,53.95,7.98
54926,Historical,248842,0,0,S,10,1,2461899,59.95,2006,39,15.31,6.99
54927,Historical,290558,0,0,S,6,1,1051927,32,2007,85,25.89,17.67
54928,Historical,161685,0,0,S,7,1,416484,9.66,2009,160,25.89,28.71
54929,Historical,647206,0,0,S,3,1,366243,220.25,2011,19,89.69,103.98
54930,Historical,264301,0,0,S,2,1,590776,77.99,2008,29,46.74,90.7
54931,Historical,2261909,0,0,S,2,1,5388572,98.89,2009,38,46.74,116.58
54932,Historical,200598,0,0,S,2,1,1319300,147.95,2005,25,50.29,18.22
54933,Historical,113139,0,0,S,2,1,263732,95.95,2008,20,29.3,33.99
54934,Historical,52892,0,0,S,5,1,1149336,206.95,2007,77,81.38,17.45
54935,Historical,594685,0,0,S,4,1,557534,211.95,2012,35,38.58,48.99
54936,Historical,608581,1,1,S,2,1,578382,147.95,2004,56,118.99,18.94
54937,Historical,125965,0,0,S,2,1,1266210,75,1998,29,71.28,25.97
54938,Historical,1749694,0,0,S,1,0,51145,0,2009,15,43.61,18.95
54939,Historical,147279,0,0,S,3,1,594846,41.95,2004,24,22.21,89.9
54940,Historical,1584395,0,0,S,3,1,1529148,42.75,2012,3,34.87,12.81
54941,Historical,625220,0,0,S,1,0,313968,39.99,2011,101,19.92,7.48
54942,Historical,2355073,0,0,S,3,1,945386,65.68,2005,8,28.23,78.99
54943,Historical,896236,0,0,S,1,0,4714336,35,1996,18,5.64,72.33
54944,Historical,904422,0,0,S,2,1,2243513,129,2002,15,67.98,73.33
54945,Historical,147360,0,0,S,2,1,1198602,56.95,2006,25,31.69,70.38
54946,Historical,895853,0,0,S,2,1,4174335,143,2008,11,78.99,55.49
54947,Historical,653298,0,0,S,19,1,1290378,35.95,2011,15,0,29.77
54948,Historical,1839451,0,0,S,2,1,4346376,40.95,2006,18,36.99,18.62
54949,Historical,643463,0,0,S,3,1,1642266,43.95,2010,17,36.99,27.04
54950,Historical,527602,0,0,S,3,1,1537445,75,2008,25,49.1,41.47
54951,Historical,106398,0,0,S,2,1,4854075,69.95,2005,20,49.1,51.93
54952,Historical,606794,0,0,S,12,1,949969,32,2009,46,13.82,7.98
54953,Historical,415944,0,0,S,13,1,137006,37,2012,32,13.82,12.38
54954,Historical,647924,0,0,S,6,1,5036355,82.95,2003,17,64.18,48.03
54955,Historical,106676,0,0,S,1,0,556611,62,2008,43,31.14,34.88
54956,Historical,106683,0,0,S,1,0,159911,62,2008,28,12.52,32.97
54957,Historical,298331,0,0,S,1,0,524515,111.95,2007,95,9.72,37.97
54958,Historical,164532,1,1,S,3,1,1908188,125,1999,16,76.99,57.75
54959,Historical,250559,0,0,S,2,1,818688,125.95,2008,22,121.4,86.75
54960,Historical,203315,0,0,S,2,1,12025982,79.95,1999,15,46.48,33.99
54961,Historical,57629,0,0,S,5,1,2494074,125,2004,41,59.5,19.93
54962,Historical,255738,0,0,S,3,1,970253,84.95,2004,46,75.35,23.49
54963,Historical,57421,0,0,S,5,1,444902,89.95,2004,56,80.98,22.84
54964,Historical,3122239,0,0,S,4,1,5056737,58.99,2005,9,51.91,51.4
54965,Historical,255775,0,0,S,1,0,179195,64.95,2007,25,0,63.48
54966,Historical,147105,0,0,S,2,1,316023,62.95,2004,51,27.27,15.89
54967,Historical,60695,0,0,S,6,1,455058,72,2006,32,94.64,136.28
54968,Historical,690299,0,0,S,0,0,403099,27.95,2008,81,27.48,34.73
54969,Historical,197418,0,0,S,0,0,549947,50,2006,54,27.48,33.99
54970,Historical,638116,0,0,S,2,1,181879,99.95,2013,18,52.95,49.89
54971,Historical,652123,0,0,S,2,1,613940,56.95,1998,33,119.97,55.71
54972,Historical,245065,0,0,S,1,0,117845,195.95,2004,26,0,13.86
54973,Historical,1780421,0,0,S,0,0,338103,74.9,2013,48,40.99,38.99
54974,Historical,1781265,1,1,S,15,1,2062,45.95,2015,44,23.99,22.68
54975,Historical,343016,0,0,S,2,1,289301,81.95,2005,61,37.84,6.97
54976,Historical,183504,0,0,S,8,1,937044,164.95,2006,26,190.79,79.84
54977,Historical,1657303,0,0,S,3,1,1020281,40.83,2007,13,31.84,91.77
54978,Historical,654676,0,0,S,5,1,650806,41,2009,29,35.93,33.99
54979,Historical,235350,0,0,S,7,1,1773897,34.99,2006,24,169.84,230.25
54980,Historical,140422,0,0,S,0,0,325416,49.99,2004,103,26.98,4.97
54981,Historical,290459,0,0,S,5,1,995422,80,2000,28,11.5,42.49
54982,Historical,636297,0,0,S,2,1,111084,53.95,2010,17,0,0
54983,Historical,117035,0,0,S,2,1,258592,153.33,2008,30,67.05,100.25
54984,Historical,1487506,0,0,S,0,0,234418,56,2008,55,37.16,12.54
54985,Historical,774574,0,0,S,4,1,2238843,49.95,2004,25,23.99,17.62
54986,Historical,775126,0,0,S,2,1,4017492,34.95,2001,19,16.2,36.4
54987,Historical,120122,0,0,S,1,0,1023308,124.6,2009,23,80.36,73.99
54988,Historical,198310,0,0,S,2,1,948453,29.95,2003,37,24.57,23.99
54989,Historical,188292,0,0,S,0,0,140008,22,1997,71,18.48,43.71
54990,Historical,578795,0,0,S,2,1,1007092,55,1998,54,43.97,41.98
54991,Historical,2407794,0,0,S,1,0,592775,63,1996,25,0,24.93
54992,Historical,758356,0,0,S,3,1,2119768,143,2003,19,81.76,72.16
54993,Historical,146937,0,0,S,4,1,950821,69.95,2001,29,41.77,53.94
54994,Historical,196675,0,0,S,2,1,1789048,92.95,2003,11,46.99,67.99
54995,Historical,895714,0,0,S,2,1,4003612,95,2004,19,123.79,47.45
54996,Historical,146460,0,0,S,5,1,455029,59.99,2010,26,48.03,50.17
54997,Historical,607955,0,0,S,4,1,897398,64.99,2007,27,48.03,43.48
54998,Historical,610324,1,1,S,6,1,610246,59.99,2013,30,48.03,39.99
54999,Historical,2113751,0,0,S,2,1,1325680,49.99,2013,29,18.29,31.93
55000,Historical,244363,0,0,S,8,1,256838,33.99,2011,31,92.87,58.89
55001,Historical,727904,0,0,S,2,1,5869067,80,1999,26,18.99,11.94
55002,Historical,587297,0,0,S,0,0,131324,75,2012,32,64.99,73.91
55003,Historical,121018,0,0,S,2,1,743253,103,1997,41,23.97,54.25
55004,Historical,116791,0,0,S,5,1,676174,132,2004,55,128.17,23.79
55006,Historical,539179,0,0,S,5,1,4228154,105,1997,27,53.99,21.99
55007,Historical,527526,0,0,S,2,1,959277,129,2011,18,138.88,82.34
55008,Historical,917659,0,0,S,3,1,1700007,130,1993,30,28.39,40.77
55009,Historical,52079,0,0,S,11,1,239805,17.59,2005,89,88.99,11.99
55010,Historical,52078,0,0,S,11,1,1365556,205,2006,49,88.99,52.64
55011,Historical,55732,0,0,S,2,1,621382,34.56,2009,17,83.98,73.41
55012,Historical,55733,0,0,S,1,0,256044,7.16,2006,59,83.98,32.03
55013,Historical,315185,0,0,S,8,1,1226683,160,2006,46,156.99,17.46
55014,Historical,118327,0,0,S,10,1,16269,245,2011,61,156.99,53.42
55015,Historical,50997,0,0,S,3,1,2991050,10.79,2005,25,101.02,29.87
55016,Historical,167055,0,0,S,2,1,510210,18.09,2005,33,122.04,52.49
55017,Historical,51040,0,0,S,9,1,580157,24.45,2006,89,143.39,8.64
55018,Historical,308937,0,0,S,9,1,220704,38.79,2007,67,143.39,38.79
55019,Historical,109849,0,0,S,3,1,321221,81.66,2006,42,13.97,23.94
55020,Historical,117796,0,0,S,8,1,884190,170,2006,29,114.64,68.25
55021,Historical,915361,1,1,S,3,1,579141,95.95,1994,30,103.98,69.48
55022,Historical,2347087,0,0,S,2,1,1817734,187.5,2000,17,81.72,52.44
55023,Historical,527514,0,0,S,3,1,989388,350,2008,13,237.74,441.19
55024,Historical,146994,0,0,S,2,1,2264385,290,2003,14,237.74,239.24
55025,Historical,1910233,0,0,S,2,1,1788084,24.95,2009,15,32,26.46
55026,Historical,2316918,0,0,S,4,1,5180021,68.75,1995,16,5.13,32.97
55027,Historical,3474967,0,0,S,2,1,3079086,129.99,1992,21,0,13.77
55028,Historical,105587,0,0,S,1,0,829509,105,2000,13,41.49,32.98
55029,Historical,642314,0,0,S,2,1,110988,129,2011,24,93.42,88.12
55030,Historical,636400,0,0,S,2,1,782715,100,1996,34,259.97,50
55031,Historical,193188,1,1,S,4,1,472737,85,2001,30,57.99,43.98
55032,Historical,119417,0,0,S,8,1,89880,302,2011,37,179.94,137.16
55033,Historical,51338,1,1,S,6,1,460160,206.67,2005,66,179.94,92.37
55034,Historical,129941,0,0,S,1,0,535637,188,2001,23,103.99,63.77
55035,Historical,623562,0,0,S,1,0,285216,65,2007,18,36.15,31.03
55036,Historical,631658,0,0,S,1,0,864920,55,2008,66,24.39,37.43
55037,Historical,106636,1,1,S,1,0,200827,59,2007,36,22.98,19.2
55038,Historical,106684,0,0,S,1,0,137766,85,2009,20,18.34,41.8
55039,Historical,107068,0,0,S,1,0,1314716,65,2007,47,23.92,19.86
55040,Historical,106606,0,0,S,1,0,320631,65,2008,32,20.86,27.49
55041,Historical,106906,0,0,S,2,1,1696360,64.99,2001,36,9.92,7.92
55042,Historical,353650,0,0,S,3,1,2748560,39.95,2004,34,28.86,8.63
55043,Historical,121328,0,0,S,4,1,1195994,69.99,2008,24,38.71,42.86
55044,Historical,116654,1,1,S,3,1,1343427,69.99,2004,23,28.31,32.87
55045,Historical,248948,0,0,S,3,1,393571,169,2008,23,140.13,51.99
55046,Historical,190439,0,0,S,10,1,208721,148.13,1997,28,8.55,53.83
55047,Historical,55852,0,0,S,11,1,1298665,93.6,2004,19,48.85,124.2
55048,Historical,659281,0,0,S,5,1,398558,72.95,2004,24,72.1,52.59
55049,Historical,527499,0,0,S,6,1,399517,146,2011,26,55.28,103.99
55050,Historical,249068,0,0,S,5,1,468757,129,2007,31,55.28,84.57
55051,Historical,57308,0,0,S,4,1,560362,82.95,2003,50,60.36,24.98
55052,Historical,743467,0,0,S,5,1,423063,113,2003,24,84.74,31.87
55053,Historical,654410,1,1,S,4,1,1466482,69.95,2008,15,65.4,67.16
55054,Historical,666759,1,1,S,2,1,1191228,49.95,2002,14,65.4,61.39
55055,Historical,267525,0,0,S,5,1,808121,74.95,2010,19,65.4,153.27
55056,Historical,900703,0,0,S,3,1,557284,70,1988,13,67.19,61.14
55057,Historical,268438,0,0,S,3,1,674886,90,2007,21,22.61,57.73
55058,Historical,872361,0,0,S,2,1,2744084,27,1999,20,22.61,23.99
55059,Historical,179176,0,0,S,5,1,772159,79.15,2009,29,167.55,45.16
55060,Historical,51697,0,0,S,4,1,303027,331.95,2004,75,111.31,13.98
55061,Historical,244377,0,0,S,3,1,5344,45.22,2011,74,41.24,60.46
55062,Historical,880085,0,0,S,7,1,352012,69.02,2008,82,173.99,38.09
55063,Historical,611967,0,0,S,2,1,114219,226.5,2013,58,83.99,84.9
55064,Historical,616310,0,0,S,1,0,192332,167.32,2011,47,83.99,67.36
55065,Historical,877035,0,0,S,6,1,2195780,246.82,2011,29,128.99,97.92
55067,Historical,564084,0,0,S,4,1,2046204,80.36,1998,32,56.29,66.82
55069,Historical,632659,0,0,S,7,1,6854902,76.36,1992,18,63.62,21.97
55070,Historical,119305,0,0,S,5,1,1192304,49.6,1996,40,28.95,32.42
55071,Historical,755184,0,0,S,3,1,1863079,70,2002,23,37.8,69.56
55072,Historical,750976,0,0,S,4,1,909141,65,2008,18,37.8,45.49
55073,Historical,3492239,0,0,S,3,1,2687115,66.6,2005,16,0,49.83
55074,Historical,3492227,0,0,S,2,1,12687037,62.5,2003,7,0,55.65
55075,Historical,162505,0,0,S,1,0,188910,60,2008,22,51.73,51.61
55076,Historical,54092,0,0,S,8,1,423689,334.95,2004,99,136.49,16.85
55077,Historical,248206,0,0,S,2,1,330809,92,2011,25,56.1,94.28
55078,Historical,556672,0,0,S,2,1,75310,73.33,1993,65,68.26,25.99
55079,Historical,527479,0,0,S,12,1,238226,144.3,2010,55,66.6,65.38
55080,Historical,109673,0,0,S,7,1,2215668,5.99,2005,55,103.99,5.99
55081,Historical,50385,0,0,S,13,1,1358544,92.18,2008,50,112.41,9.99
55082,Historical,57952,0,0,S,3,1,637983,197.75,2004,49,148.53,9.98
55083,Historical,527482,0,0,S,9,1,1600036,5.25,2011,10,93.99,74.98
55084,Historical,112050,1,1,S,1,0,83721,212,2009,81,118.87,51.63
55085,Historical,110391,0,0,S,11,1,1367270,0,2006,33,66.6,38.99
55086,Historical,148412,0,0,S,3,1,3028733,144.95,2005,22,7.09,7.13
55087,Historical,163446,0,0,S,3,1,802463,179.25,2010,14,92.99,94.4
55088,Historical,533837,0,0,S,10,1,121798,360.95,2011,34,88.98,83.99
55089,Historical,1492006,0,0,S,6,1,1161924,639.47,2006,32,82.89,53.29
55090,Historical,129131,0,0,S,3,1,2193707,76.95,2010,19,52.85,55.94
55091,Historical,137486,0,0,S,5,1,3343829,97.5,2003,26,51.81,23.99
55092,Historical,527476,0,0,S,7,1,860404,189.33,2007,33,46.97,45.84
55093,Historical,116222,0,0,S,6,1,678092,164.8,2004,39,46.97,64.54
55094,Historical,868219,0,0,S,3,1,2662567,92,2006,26,43.28,43.44
55095,Historical,157395,0,0,S,2,1,1708623,68.95,2007,25,15.29,35.99
55096,Historical,141629,0,0,S,4,1,1590983,54.89,2003,40,72.01,43.98
55097,Historical,287646,1,1,S,3,1,92624,149.6,2011,74,28.01,83.68
55098,Historical,397135,0,0,S,2,1,426413,95.95,2008,18,54.9,142.63
55099,Historical,715619,0,0,S,4,1,143058,64,1997,24,28.97,26.22
55100,Historical,169342,1,1,S,8,1,561143,184.95,2006,57,75.77,27.32
55101,Historical,635105,0,0,S,2,1,407216,138.95,2009,35,120.05,33.99
55102,Historical,3462560,0,0,S,2,1,5506818,241,2001,12,91.09,211.73
55103,Historical,118579,0,0,S,1,0,432568,126,2009,23,111.16,203.57
55104,Historical,2593111,0,0,S,0,0,1513775,69.99,1980,29,37.57,52.87
55105,Historical,202234,1,1,S,3,1,839594,262.95,2000,46,73.93,17.99
55106,Historical,2039077,0,0,S,1,0,54730,20.95,2008,50,36.99,14.28
55107,Historical,2884315,0,0,S,3,1,2857775,139,2003,11,99.99,118.99
55108,Historical,912253,0,0,S,4,1,4361567,229,2003,19,123.24,99.86
55109,Historical,159546,0,0,S,3,1,1284288,96.95,2001,18,91.89,61.87
55110,Historical,55849,0,0,S,4,1,109244,86,2005,36,88.98,42.38
55111,Historical,257604,1,1,S,3,1,1116467,56.95,2003,39,36.98,51.21
55112,Historical,1456037,0,0,S,1,0,244935,69.99,2015,18,0,51.68
55113,Historical,155476,0,0,S,2,1,1130426,79.95,1997,25,81.88,53.99
55114,Historical,1445418,1,1,S,3,1,3080922,485,2007,16,298.89,102.55
55115,Historical,902496,0,0,S,1,0,1186598,43.95,2007,22,36.43,29.53
55116,Historical,863291,0,0,S,2,1,1474171,89.95,2005,18,102.98,91.03
55117,Historical,597941,0,0,S,5,1,4129018,36.5,2000,44,43.97,46.43
55118,Historical,1471867,0,0,S,0,0,94909,11.95,2009,40,22.54,9.97
55119,Historical,622791,0,0,S,0,0,392410,99.92,2003,70,24.19,58.68
55120,Historical,2691753,0,0,S,2,1,6842881,94,2005,12,68.89,45.71
55121,Historical,1924206,0,0,S,3,1,376963,32.95,2011,21,0,41.19
55122,Historical,52645,0,0,S,5,1,1438216,107.2,2008,29,52.65,52.99
55123,Historical,60706,1,2,S,5,1,309671,113.8,2005,45,89.25,36.79
55124,Historical,1718445,0,0,S,2,1,1033208,65,2009,47,48.85,11.1
55125,Historical,203903,0,0,S,2,1,853491,62.99,2008,33,44.58,39.97
55126,Historical,133403,0,0,S,1,0,243250,70.4,2011,35,64.29,58.97
55127,Historical,261074,0,0,S,2,1,261887,64.95,2002,35,22.11,27.99
55128,Historical,629766,0,0,S,5,1,3914247,42,1995,16,29.77,13.67
55129,Historical,2401424,0,0,S,7,1,1171164,125.54,2005,20,61.09,79.28
55130,Historical,527440,0,0,S,18,1,795860,89.95,2011,17,2646.73,53.41
55131,Historical,128421,0,0,S,3,1,1142271,125,2003,23,101.98,63.49
55132,Historical,922435,0,0,S,6,1,2425615,75,2000,88,23.43,11.99
55133,Historical,2415924,0,0,S,0,0,348426,65,1995,199,13.95,10.49
55134,Historical,612849,0,0,S,1,0,50435,79.99,1993,286,0,15.88
55135,Historical,2415934,0,0,S,1,0,318459,65,1995,99,7.93,16.98
55136,Historical,128250,0,0,S,1,0,387990,65,2004,22,50.34,43.06
55137,Historical,1465988,0,0,S,2,1,3893982,65,2006,16,33.48,9.4
55138,Historical,1474349,0,0,S,3,1,1129275,61,2011,18,33.48,48.5
55139,Historical,607609,0,0,S,6,1,3398841,45,2004,20,28.95,19.98
55140,Historical,128374,0,0,S,7,1,1133180,42.5,2007,21,28.95,22.69
55141,Historical,527417,0,0,S,8,1,720173,49.95,2010,19,28.95,25
55142,Historical,911508,0,0,S,6,1,7419547,39.5,2003,19,45.99,33.98
55143,Historical,899227,0,0,S,7,1,2208902,49.95,2006,19,45.99,21.75
55144,Historical,907125,1,1,S,3,1,2322660,67.5,2008,16,41.84,16.67
55145,Historical,883758,0,0,S,2,1,7403229,57.5,2005,15,36.31,54.8
55146,Historical,661201,0,0,S,3,1,2334293,64.95,2010,20,36.31,58.4
55147,Historical,902943,0,0,S,2,1,2851837,69.95,2009,15,49.04,55.07
55148,Historical,128369,0,0,S,2,1,7523200,79.5,2006,14,47.83,30.39
55149,Historical,527414,0,0,S,3,1,618099,70,2010,18,47.83,24.27
55150,Historical,904486,0,0,S,2,1,3041254,79.5,2009,14,36.92,43.01
55151,Historical,868181,1,2,S,3,1,2687755,60,2000,33,26.96,18.6
55152,Historical,128356,0,0,S,3,1,2776266,129.5,2005,18,103.97,36.09
55153,Historical,2415349,0,0,S,1,0,1512097,150,2005,17,58.99,123.94
55154,Historical,2415229,0,0,S,1,0,1697455,85,2004,13,57.05,158.05
55155,Historical,128450,0,0,S,3,1,546086,55,2005,26,26.43,28.99
55156,Historical,2415781,1,2,S,2,1,260219,55,1999,29,26.43,43.59
55157,Historical,128405,0,0,S,3,1,2617603,49.95,2001,41,19.89,15.95
55158,Historical,580699,0,0,S,3,1,436880,60,2007,65,25.54,24.2
55159,Historical,541777,0,0,S,3,1,2163131,41.95,2012,18,37.08,31.59
55160,Historical,390463,0,0,S,2,1,1597703,47.95,2007,22,71.98,57.73
55161,Historical,902393,0,0,S,2,1,777580,52.6,2003,18,19.92,53.93
55163,Historical,615317,0,0,S,6,1,141413,49.95,2006,43,41.08,26.23
55164,Historical,619369,0,0,S,7,1,198471,38.92,2009,50,41.08,38.91
55165,Historical,540971,0,0,S,3,1,1815139,35.95,2011,19,27.61,27.96
55166,Historical,868373,0,0,S,1,0,591458,174.95,1997,34,50.71,8.98
55167,Historical,901122,0,0,S,17,1,199387,42.5,2004,23,35.18,43.99
55168,Historical,228635,0,0,S,18,1,1867386,42.5,2006,19,35.18,29.92
55169,Historical,570750,0,0,S,1,0,1051998,174.95,2010,29,27.54,57.35
55170,Historical,556545,0,0,S,1,0,487695,39.95,2010,22,98.99,30.43
55171,Historical,631331,0,0,S,2,1,715333,66.95,2010,20,0,0
55172,Historical,629007,0,0,S,3,1,787805,40,1994,85,20.28,11.98
55173,Historical,914454,1,2,S,1,0,882180,129.95,1993,47,86.58,66.65
55174,Historical,108054,0,0,S,1,0,1285427,203.37,2003,27,51.12,103.06
55175,Historical,527372,1,5,S,0,0,843111,148.95,2011,27,93.99,49.46
55176,Historical,909574,0,0,S,3,1,2703596,99,1994,20,48.14,72.93
55177,Historical,3251900,0,0,S,7,1,3789638,25.31,2004,29,99.44,25.31
55178,Historical,751604,0,0,S,3,1,1277349,23.98,2006,23,31.58,21.98
55179,Historical,198292,0,0,S,0,0,2420778,45,2001,42,13.01,32.95
55180,Historical,3149942,0,0,S,4,1,3595458,59.95,2004,13,71.73,75.97
55181,Historical,268699,0,0,S,2,1,3446075,72.95,2008,21,13.14,61.13
55182,Historical,3082459,0,0,S,4,1,1448998,43,2005,16,7.53,77.81
55183,Historical,606967,0,0,S,6,1,1160795,16.25,2005,39,21.25,28.99
55184,Historical,627647,0,0,S,0,0,525941,40.95,2003,46,43.01,45.89
55185,Historical,574759,0,0,S,3,1,244946,59,2009,45,32.99,20.95
55186,Historical,802697,0,0,S,5,1,1507933,39.99,2009,49,24.36,5.88
55187,Historical,2419855,0,0,S,4,1,4826013,175,2005,12,75.96,72.2
55188,Historical,901697,0,0,S,3,1,1843290,140,1999,15,75.96,58.49
55189,Historical,661245,0,0,S,0,0,13777,39.99,2010,36,22.49,32.98
55190,Historical,789260,0,0,S,2,1,1323020,51.95,2002,47,8.98,10.96
55191,Historical,203810,0,0,S,3,1,1172270,38.95,2005,145,12.73,8.49
55192,Historical,499534,0,0,S,4,1,46945,99.95,2011,52,43.84,67.78
55193,Historical,625897,0,0,S,2,1,2989856,339,2004,18,127.99,119.25
55194,Historical,439626,0,0,S,4,1,4137788,249,2000,13,158.78,103.45
55195,Historical,2550625,0,0,S,3,1,8668917,395,1994,16,203.49,73.67
55196,Historical,270784,0,0,S,2,1,50616,86.99,2010,74,28.93,35.17
55197,Historical,117427,0,0,S,2,1,349670,42.95,2007,39,28.64,68.97
55198,Historical,264209,1,1,S,2,1,994639,35.95,2002,70,22.84,8.72
55199,Historical,264249,0,0,S,3,1,739298,39.95,2005,57,22.84,16.99
55200,Historical,285009,0,0,S,5,1,354107,64.95,2005,61,48.95,16.52
55201,Historical,106723,0,0,S,6,1,101650,81,2009,47,48.95,48.47
55202,Historical,743605,0,0,S,5,1,2957497,136,2006,11,128.98,33.98
55203,Historical,55197,0,0,S,2,1,625148,49.74,2009,33,103.69,43.99
55204,Historical,913194,0,0,S,2,1,1276806,55,2005,25,24.66,15.1
55205,Historical,367128,0,0,S,2,1,1521167,57.95,2007,44,14.77,13.98
55206,Historical,1535881,0,0,S,1,0,798113,38.5,2013,26,33.28,34.75
55207,Historical,152337,0,0,S,0,0,9120,94.95,2007,43,28.65,62.26
55208,Historical,2601110,0,0,S,0,0,381057,100.99,1996,23,47.66,31.51
55209,Historical,118049,0,0,S,4,1,725314,116.67,2005,22,83.89,145.35
55210,Historical,560045,0,0,S,11,1,534321,64.39,2009,45,56.66,22.79
55211,Historical,560018,0,0,S,10,1,929334,64.95,2007,65,56.66,26.01
55212,Historical,125605,0,0,S,4,1,1859430,67.95,1999,66,15.99,19.98
55213,Historical,535752,0,0,S,4,1,18088,225,2012,71,28.85,63.79
55214,Historical,632743,0,0,S,6,1,4160385,129,2002,22,91.13,13.43
55215,Historical,2523799,0,0,S,6,1,4466732,160,1993,23,43.81,48.25
55216,Historical,3041678,0,0,S,0,0,497505,39.95,2003,16,49.46,73.39
55217,Historical,634151,0,0,S,2,1,6028848,101.5,2003,11,46.42,19.99
55218,Historical,468695,0,0,S,4,1,2423651,135,2008,27,21.82,22.48
55219,Historical,193223,1,1,S,5,1,671089,208,2011,57,21.82,19
55220,Historical,859565,0,0,S,3,1,3121721,171,2007,18,46.42,92.83
55221,Historical,2551257,0,0,S,2,1,3690370,54.95,2000,20,29.99,37.21
55222,Historical,533351,0,0,S,22,1,966660,259.95,2011,91,239.87,8.85
55223,Historical,618527,0,0,S,34,1,1235358,59.95,2013,43,14.38,63.07
55224,Historical,921271,0,0,S,1,0,2003088,59.95,2001,50,31.48,16.65
55225,Historical,2009973,0,0,S,1,0,1543950,43.95,2011,32,4.87,35.98
55226,Historical,912545,0,0,S,1,0,1097369,89.95,2002,35,30.34,34.19
55227,Historical,499503,0,0,S,2,1,605303,155,2010,15,105.49,78.6
55228,Historical,789328,0,0,S,5,1,1697503,119,2004,25,28.29,15.29
55229,Historical,902665,0,0,S,5,1,2650073,129.27,2005,36,28.29,51.54
55230,Historical,528595,0,0,S,18,1,778448,64.95,2011,30,57.4,33.98
55231,Historical,2551354,0,0,S,4,1,3718765,195,2001,17,187.35,36.15
55232,Historical,833794,0,0,S,2,1,4771278,125,1993,20,129.14,28.88
55233,Historical,834656,0,0,S,3,1,6237880,150,1997,15,129.14,73.99
55234,Historical,630102,0,0,S,4,1,1164904,61.95,2009,21,41.98,50.27
55235,Historical,574601,0,0,S,3,1,2438750,85.95,2002,19,29.29,46.17
55236,Historical,743423,0,0,S,3,1,2939709,274,2006,22,83.97,73.21
55237,Historical,743315,0,0,S,4,1,1943657,127,2003,28,50.99,43.99
55238,Historical,743538,0,0,S,3,1,1769751,135,2005,22,50.54,53.87
55239,Historical,642739,0,0,S,3,1,5024586,399,2003,13,107.98,93.13
55240,Historical,627497,0,0,S,1,0,583616,106,2008,29,0,0
55241,Historical,192578,1,1,S,3,1,2694867,265,2005,13,218.39,43.94
55242,Historical,778377,0,0,S,2,1,9058783,78.95,2003,18,6.97,52.08
55243,Historical,648210,0,0,S,4,1,4290892,169,2004,18,40.28,12.15
55244,Historical,909417,0,0,S,4,1,2624380,39.95,2005,21,43.87,15.99
55245,Historical,147618,0,0,S,3,1,170132,84.95,2011,71,86.57,28.69
55246,Historical,620075,0,0,S,2,1,1262699,69.95,2005,50,86.57,44.81
55247,Historical,912547,0,0,S,2,1,2266209,49.95,1998,24,33.6,39.81
55248,Historical,660648,0,0,S,13,1,269020,37,2013,59,16.5,16.99
55249,Historical,606788,0,0,S,12,1,304415,33,2009,106,16.5,11.99
55250,Historical,789656,0,0,S,3,1,2877999,43.95,2007,50,8.98,4.2
55251,Historical,2723080,0,0,S,4,1,253505,81,2005,20,0,43.6
55252,Historical,2052355,0,0,S,3,1,275436,49.95,2011,19,18.57,18.3
55253,Historical,652808,0,0,S,1,0,822690,88.95,2010,19,42.69,52.6
55254,Historical,740408,0,0,S,2,1,2335300,63.33,2006,48,24.11,22.85
55255,Historical,179134,0,0,S,8,1,1961194,81.95,2008,43,46.79,8.99
55256,Historical,182999,1,1,S,7,1,553122,149.95,2006,78,46.79,36.5
55257,Historical,118546,1,1,S,12,1,107527,104.4,2006,35,109.5,56.5
55258,Historical,285942,0,0,S,11,1,290150,91,2003,48,109.5,33.74
55259,Historical,1491994,0,0,S,3,1,7164114,99.5,2006,20,81.68,53.98
55260,Historical,603326,0,0,S,3,1,908773,49.95,2008,51,49.45,50.26
55261,Historical,135619,0,0,S,3,1,172912,39.95,2007,40,20.05,31.72
55262,Historical,520844,0,0,S,5,1,1305617,324.99,2007,13,126.08,19.64
55263,Historical,624396,0,0,S,2,1,486712,32.95,2008,44,25.08,22.8
55264,Historical,166897,0,0,S,1,0,1150785,49.95,2005,48,18.05,10.7
55265,Historical,678070,1,1,S,2,1,628074,23.95,2005,55,27.1,11.61
55266,Historical,527303,0,0,S,3,1,1331291,84.95,2006,68,27.98,13.99
55267,Historical,2664022,0,0,S,2,1,4208396,194.99,1997,23,103.58,49.47
55268,Historical,899491,0,0,S,2,1,2233015,60,1991,11,65.47,82.1
55269,Historical,609208,0,0,S,4,1,2774600,99.95,2007,20,51.99,12.99
55270,Historical,55836,0,0,S,3,1,2007337,154,2006,25,68.99,47.99
55271,Historical,875764,0,0,S,3,1,873612,13.99,2006,49,68.99,13.99
55272,Historical,60553,0,0,S,8,1,343754,136.25,2005,50,119.98,24.99
55273,Historical,633785,0,0,S,6,1,542018,169.67,2012,28,160.99,34.75
55274,Historical,60716,0,0,S,4,1,1860082,166.67,2006,26,160.99,8.77
55275,Historical,877731,0,0,S,6,1,1514443,13.99,2003,38,162.62,41.2
55276,Historical,908485,0,0,S,2,1,1722131,95,2009,15,65.91,160.62
55277,Historical,182662,0,0,S,6,1,773800,62.91,2002,44,124.99,24.95
55278,Historical,290955,0,0,S,8,1,683984,267.95,2008,21,124.99,112.34
55279,Historical,2618833,0,0,S,6,1,1930581,109.95,1996,21,53.75,64.13
55280,Historical,565963,0,0,S,3,1,2234209,35.33,2002,14,104.68,52.99
55281,Historical,638433,0,0,S,5,1,400460,59.95,2009,18,39.31,58.25
55282,Historical,121002,1,1,S,2,1,1650444,51.6,1997,15,44.56,72.25
55283,Historical,541248,0,0,S,5,1,50778,46,2011,90,13.14,12.34
55284,Historical,154013,0,0,S,4,1,224069,13.99,2009,104,13.14,22.43
55285,Historical,563651,0,0,S,3,1,1388565,38.44,2005,61,13.14,33.97
55286,Historical,870916,0,0,S,5,1,1325435,130.95,2007,22,29.51,65.89
55287,Historical,182844,0,0,S,4,1,1659162,75.95,2003,32,29.51,13.49
55288,Historical,864722,1,2,S,4,1,50636,105,2014,143,53.58,22.47
55289,Historical,193309,0,0,S,3,1,1063484,47,2002,61,50.32,46.51
55290,Historical,198091,0,0,S,2,1,720401,85.84,2010,34,79.37,82.35
55291,Historical,876774,0,0,S,3,1,580223,84.2,2006,43,77.19,52.64
55292,Historical,199051,0,0,S,1,0,2426701,69.95,2001,28,35.49,44.74
55293,Historical,617445,1,1,S,2,1,102033,53,2002,33,0,0
55294,Historical,3604079,1,2,S,11,1,456546,47.95,2001,14,0,33.47
55295,Historical,832154,0,0,S,3,1,1907302,79,2001,21,51.49,47.98
55296,Historical,3151363,0,0,S,7,1,9267324,115,2002,13,60.78,83.27
55297,Historical,56243,1,2,S,3,1,3868061,69.5,1994,20,52.54,45.94
55298,Historical,54028,0,0,S,10,1,360071,139,2001,71,68.59,22.98
55299,Historical,1456113,0,0,S,2,1,966774,204.53,2014,10,145.87,155.31
55300,Historical,146988,0,0,S,5,1,1805928,99.95,2004,26,52.99,21.99
55301,Historical,118941,0,0,S,2,1,117295,42.95,2007,47,28.95,40.99
55302,Historical,617975,1,1,S,2,1,489251,39.95,2009,34,16.99,22.99
55303,Historical,527278,0,0,S,3,1,2097449,85,2008,20,58.77,49.5
55304,Historical,778894,0,0,S,2,1,4195418,53.25,2001,26,76.97,8.97
55305,Historical,61181,0,0,S,2,1,1907046,94.95,2004,49,0,22.09
55306,Historical,147525,0,0,S,3,1,258941,120,2008,44,0,33.99
55307,Historical,527274,0,0,S,3,1,165827,69.95,2011,68,28.99,34.94
55308,Historical,249159,0,0,S,2,1,941605,62.95,2007,48,28.99,12.99
55309,Historical,609561,0,0,S,2,1,2506537,43.95,2005,19,28.99,16.99
55310,Historical,54681,0,0,S,5,1,1380083,76.95,2005,116,53.99,8.99
55311,Historical,297801,0,0,S,3,1,437782,35,2009,26,29.44,48.99
55312,Historical,294831,1,1,S,2,1,698089,124,2007,26,48.99,39.74
55313,Historical,200678,0,0,S,2,1,2593735,45.26,2003,23,33.06,29.88
55314,Historical,389615,0,0,S,1,0,1382995,92.95,2010,35,43.49,43.98
55315,Historical,591341,0,0,S,3,1,2569410,200.95,2004,32,55.99,17.97
55316,Historical,2414594,0,0,S,1,0,15815,19.95,1977,78,64.78,12.73
55317,Historical,192897,0,0,S,11,1,1176826,106.95,2003,38,37.28,23.98
55318,Historical,118786,0,0,S,2,1,1699472,37,1996,27,51.97,33.99
55319,Historical,905657,0,0,S,2,1,815018,41,1999,24,19.73,79.01
55320,Historical,200189,0,0,S,4,1,1013079,102.95,2006,63,26.06,5.49
55321,Historical,2648300,0,0,S,4,1,1259591,26.95,1998,23,22.6,74.21
55322,Historical,2667111,0,0,S,0,0,161272,49.95,1969,71,0,23.99
55323,Historical,52652,0,0,S,11,1,525625,252.95,2010,35,105.99,73.97
55324,Historical,53198,0,0,S,6,1,3016834,15.99,2004,17,88.99,47.99
55325,Historical,625361,0,0,S,2,1,810386,43.95,2007,27,40.81,34.35
55326,Historical,217345,0,0,S,3,1,523000,36,2011,37,27.15,53.57
55327,Historical,177733,0,0,S,7,1,714289,128.95,2003,29,99.99,114.29
55328,Historical,868146,0,0,S,2,1,1206794,45,1988,23,93.99,70.19
55329,Historical,157014,0,0,S,0,0,363829,39.95,2005,18,0,33.65
55330,Historical,127582,0,0,S,4,1,43171,63.95,2009,76,40.12,21.99
55331,Historical,555584,0,0,S,3,1,343849,55.95,2006,55,40.12,23.99
55332,Historical,289743,0,0,S,2,1,6529158,138,2005,12,31.58,48.47
55333,Historical,157251,0,0,S,2,1,1413257,35.95,2005,32,31.58,30.74
55334,Historical,665549,0,0,S,2,1,119887,46.95,2010,53,33.99,16.79
55335,Historical,117269,0,0,S,8,1,939833,28.2,2005,25,25.74,13.99
55336,Historical,621315,0,0,S,9,1,35279,38.6,2011,32,25.74,31.2
55337,Historical,108228,0,0,S,2,1,1385302,88.75,2006,48,14.49,15.64
55338,Historical,235137,1,2,S,7,1,15439,58.5,2011,59,33.08,28.68
55339,Historical,644586,1,1,S,6,1,77443,47.22,2012,44,36.81,37.49
55340,Historical,203489,0,0,S,4,1,744038,95,2002,16,73.02,70.77
55341,Historical,591363,0,0,S,1,0,1032360,124.95,2002,74,19.94,8.49
55342,Historical,917291,0,0,S,4,1,321788,61.95,2000,56,25.99,23.99
55343,Historical,607783,0,0,S,5,1,1150418,59.95,2004,75,25.99,16.78
55344,Historical,911222,0,0,S,0,0,1375370,60,1996,24,43.99,73.69
55345,Historical,616364,0,0,S,1,0,98672,39.99,2012,91,27.18,22.99
55346,Historical,632133,1,2,S,1,0,358216,44.99,2012,56,30.65,13.88
55347,Historical,623388,0,0,S,1,0,204114,49.99,2012,48,218.19,28.97
55348,Historical,614359,0,0,S,1,0,636165,59.99,2004,83,24.96,20.91
55349,Historical,3012278,0,0,S,1,0,1028728,42.45,1993,23,27.23,71.07
55350,Historical,863261,0,0,S,2,1,573012,39.99,2005,69,21.95,8.99
55351,Historical,185981,0,0,S,4,1,47943,54.99,2008,58,13.19,26.88
55352,Historical,185945,0,0,S,3,1,1530622,49.99,2005,74,13.19,9.99
55353,Historical,641539,0,0,S,1,0,730927,34.99,2009,27,30.39,17.75
55354,Historical,741059,0,0,S,3,1,1320723,34.99,2008,41,19.94,18.98
55355,Historical,621931,0,0,S,4,1,109331,44.99,2011,52,19.94,27.46
55356,Historical,527244,0,0,S,3,1,909947,44.99,2010,31,44.99,23.98
55357,Historical,2036573,0,0,S,2,1,1153351,44.99,2007,22,44.99,12.79
55358,Historical,599112,0,0,S,3,1,1400584,34.99,2007,57,35.07,6.39
55359,Historical,545206,1,2,S,2,1,289565,44.99,2010,46,35.07,20.56
55360,Historical,174603,0,0,S,3,1,4342619,75,1999,24,56.01,46.21
55361,Historical,200569,0,0,S,3,1,1286716,115.95,2010,36,10.07,33.99
55362,Historical,294826,0,0,S,2,1,863792,52.95,2005,90,38.14,12.98
55363,Historical,295828,0,0,S,5,1,133952,70,2009,58,62.98,23.98
55364,Historical,3264139,0,0,S,5,1,3578686,93.8,2001,48,119.85,85.7
55365,Historical,569474,0,0,S,1,0,798153,374.95,2002,47,183.98,34.82
55366,Historical,703677,0,0,S,5,1,2048611,123.2,2001,33,119.85,68.02
55367,Historical,549980,0,0,S,5,1,852819,97.11,2001,32,119.85,60
55368,Historical,2561354,0,0,S,4,1,6085657,367.46,1982,16,85.94,57.69
55369,Historical,200583,1,2,S,7,1,821899,132.95,2011,67,52.69,5.85
55370,Historical,2866347,0,0,S,2,1,901017,62,2000,41,23.37,83.63
55371,Historical,761287,0,0,S,3,1,3660438,0,2004,20,10.29,45.1
55372,Historical,620770,1,7,S,10,1,707618,66.4,2010,44,32.98,50.86
55373,Historical,608574,0,0,S,4,1,2928545,104.95,2000,23,42.14,21.08
55374,Historical,51434,0,0,S,11,1,203588,23.98,2006,46,122.28,23.49
55375,Historical,362320,0,0,S,2,1,2712302,59.95,2004,12,21.09,64.01
55376,Historical,174822,0,0,S,2,1,1195754,90,2001,22,62.6,47.26
55377,Historical,551309,0,0,S,0,0,175902,117.25,2004,62,66.93,35.98
55378,Historical,60732,1,3,S,2,1,1626275,239.95,1998,32,38.14,29.89
55379,Historical,608931,0,0,S,2,1,2686211,80,2000,36,73.38,23.89
55380,Historical,645974,0,0,S,2,1,295980,103,2010,25,60.7,49.8
55381,Historical,192392,0,0,S,3,1,2425484,89,2003,39,27.75,22.08
55382,Historical,527215,0,0,S,4,1,224146,56,2010,34,35.98,23.99
55383,Historical,285030,0,0,S,3,1,2258768,46.95,2005,23,35.98,15.84
55384,Historical,2009982,1,3,S,0,0,122434,97.95,2015,71,0,36.98
55385,Historical,646195,0,0,S,11,1,1589005,49.95,2005,18,58.74,31.49
55388,Historical,870855,0,0,S,2,1,1414304,95.15,1989,13,188.51,98.22
55389,Historical,152328,0,0,S,3,1,1179531,89.95,2006,21,73.37,81.53
55390,Historical,608141,0,0,S,2,1,2520089,69.95,2003,24,73.37,39.89
55391,Historical,52122,0,0,S,6,1,806250,48.99,2003,146,184.08,28.9
55392,Historical,607475,0,0,S,3,1,642240,187.4,2007,28,80.26,103.48
55393,Historical,612999,1,3,S,0,0,103228,24.84,2004,232,61.7,13.98
55394,Historical,153875,1,1,S,3,1,679560,250,2007,34,49.44,63.99
55395,Historical,101242,0,0,S,5,1,3023056,141.96,2000,53,174.77,63.74
55396,Historical,527201,0,0,S,3,1,83819,298.6,2012,54,106.34,124.59
55397,Historical,177068,0,0,S,6,1,1050409,115.95,2003,24,142.58,25.94
55398,Historical,60733,0,0,S,6,1,203501,249.95,2003,51,142.58,39.94
55399,Historical,1512449,0,0,S,2,1,701814,50.2,2007,24,31.81,22.06
55400,Historical,145781,0,0,S,2,1,1446510,124.6,2007,16,48.29,169
55401,Historical,616924,1,1,S,3,1,15504,141,2012,96,48.29,55.55
55402,Historical,192070,0,0,S,5,1,1601971,19.9,2003,22,31.38,19.9
55403,Historical,613130,0,0,S,2,1,1681417,41.2,2007,49,15.84,12.63
55404,Historical,113053,0,0,S,3,1,712156,51.95,2007,22,54.13,49.96
55405,Historical,622997,0,0,S,1,0,123810,40.95,2008,27,27.32,56.89
55406,Historical,2698019,0,0,S,3,1,1777863,88.95,2000,19,88.26,82.77
55407,Historical,120736,0,0,S,6,1,208074,135.95,2009,55,138.89,88.74
55408,Historical,3270606,1,1,S,6,1,1456800,130.08,2004,34,0,120.92
55409,Historical,617789,0,0,S,2,1,1340125,113.98,2009,46,0,66.79
55410,Historical,608403,0,0,S,4,1,510479,18.97,1991,70,54.17,100.87
55411,Historical,434830,0,0,S,6,1,1150890,167.73,2008,43,96.63,99.59
55412,Historical,527196,0,0,S,2,1,1364249,77.99,2009,30,49.74,48.94
55413,Historical,608308,0,0,S,6,1,2732496,10.94,2003,44,115.44,11.99
55414,Historical,225715,0,0,S,3,1,1949447,190,2002,21,30.23,73.25
55415,Historical,893736,0,0,S,2,1,3092788,41.95,2008,12,35.12,24.98
55416,Historical,534742,0,0,S,4,1,50555,51.99,2012,35,38.99,26.88
55417,Historical,52594,0,0,S,2,1,2016928,64,2004,57,81.7,17.99
55418,Historical,52595,0,0,S,3,1,440037,77,2004,85,81.7,44.25
55419,Historical,788724,0,0,S,3,1,2901029,99,2000,15,55.43,8.88
55420,Historical,789448,0,0,S,4,1,3191704,99,2005,25,55.43,19.97
55421,Historical,633326,0,0,S,4,1,922203,66.95,2008,26,0,47.86
55422,Historical,208537,1,1,S,5,1,2146364,59.4,1995,37,34.67,16.94
55423,Historical,61213,0,0,S,5,1,2066252,140.95,2003,17,134.72,83.9
55424,Historical,661457,0,0,S,8,1,1278205,98.5,2003,16,41.98,74.84
55426,Historical,153968,1,2,S,4,1,953919,9.95,2007,28,0,9.69
55427,Historical,748123,0,0,S,2,1,5784904,42.6,2001,34,0,13.43
55429,Historical,915403,0,0,S,2,1,1454176,41.95,1999,43,29.97,34.15
55430,Historical,909277,0,0,S,3,1,2339599,47.95,2004,32,29.97,69.87
55431,Historical,606728,0,0,S,6,1,2481647,110,1992,42,37.93,22.63
55432,Historical,617691,0,0,S,1,0,374257,35.95,2004,41,27.26,31.26
55433,Historical,342342,0,0,S,2,1,7341402,195,1999,12,167.44,8.99
55434,Historical,916295,0,0,S,4,1,994391,100,1993,30,30.98,13.94
55435,Historical,288656,1,1,S,5,1,418715,140.07,2008,38,103.99,18.94
55436,Historical,919542,0,0,S,2,1,2069420,69.95,2003,35,153.99,48.29
55437,Historical,907089,0,0,S,3,1,2387001,96.95,2004,13,86.1,94.53
55438,Historical,868051,0,0,S,1,0,419442,108.2,2002,30,12.7,47.85
55439,Historical,105384,0,0,S,0,0,1114720,87,2003,18,48.89,52.99
55440,Historical,1867151,0,0,S,9,1,7120438,104.95,2008,10,44.17,53.49
55441,Historical,3794861,0,0,S,2,1,844113,0,2010,10,0,53.99
55442,Historical,633639,0,0,S,5,1,1387074,87,1989,32,32.5,14.94
55443,Historical,901145,0,0,S,2,1,2710910,86.95,2000,13,55.31,62.89
55444,Historical,53176,1,1,S,5,1,237561,134.69,2007,31,92.99,54.29
55445,Historical,53175,0,0,S,4,1,85075,54.54,2005,19,92.99,51.98
55446,Historical,868011,0,0,S,2,1,2510474,86.3,1994,28,94.43,48.29
55448,Historical,1587811,0,0,S,0,0,965177,17.99,2010,46,45.97,16.96
55449,Historical,867763,1,1,S,2,1,179792,70,2014,39,15.77,25.44
55450,Historical,868655,0,0,S,2,1,266868,49.95,2002,47,44.7,24.99
55451,Historical,912692,0,0,S,0,0,516068,61,2005,21,31.31,43.98
55452,Historical,268473,0,0,S,3,1,569507,59,2007,24,31.1,62.87
55453,Historical,57666,0,0,S,8,1,1910133,133.95,2003,65,41.99,7.99
55454,Historical,2940341,0,0,S,3,1,5590385,69.99,2003,20,43.02,15.86
55455,Historical,866041,1,1,S,1,0,909262,174.25,2005,24,10.48,40.92
55456,Historical,2273630,0,0,S,6,1,9513362,321.38,2008,29,95.83,183.87
55457,Historical,1708989,0,0,S,6,1,1589605,79.99,2008,17,72.73,58.03
55458,Historical,295438,1,1,S,5,1,1613746,69.99,2005,18,42.15,113.8
55459,Historical,203801,0,0,S,8,1,1327363,62.99,2006,30,46.08,17.48
55460,Historical,242485,0,0,S,4,1,1603636,89,2002,50,58.98,18.64
55461,Historical,860448,0,0,S,2,1,2344564,129.97,2011,13,0,89.96
55462,Historical,210996,0,0,S,0,0,100155,28.95,2008,62,21.01,27.94
55463,Historical,633298,0,0,S,1,0,596797,55.99,2009,26,48.4,94.8
55464,Historical,266335,0,0,S,3,1,1721866,49.99,2007,15,29.64,28.99
55465,Historical,527155,0,0,S,8,1,18375,40.95,2011,25,21.37,23.99
55466,Historical,192424,0,0,S,7,1,1029291,44.95,2006,37,21.37,11.99
55467,Historical,391815,1,1,S,1,0,343215,45.99,2010,48,42.99,6.9
55468,Historical,778589,0,0,S,4,1,3945404,39.95,2007,12,52.94,31.11
55469,Historical,778690,0,0,S,5,1,3344124,58.95,2008,13,52.94,77.77
55470,Historical,164144,0,0,S,2,1,200581,29.95,1997,17,158.99,73.98
55471,Historical,297889,0,0,S,4,1,99228,52.95,2012,48,40.59,18.99
55472,Historical,54495,0,0,S,2,1,771694,52.95,2004,49,40.59,8.64
55473,Historical,54494,0,0,S,3,1,57011,63.95,2009,44,40.59,8.99
55474,Historical,609930,0,0,S,5,1,1157,64.99,2013,14,42.9,40.93
55475,Historical,653709,0,0,S,1,0,1238389,37.95,2006,15,25.79,37.95
55476,Historical,534668,1,1,S,8,1,64747,89.95,2013,29,41.39,71.26
55477,Historical,61260,0,0,S,3,1,3092196,74.95,2004,33,57.19,18.81
55478,Historical,396057,0,0,S,3,1,2437878,72.95,2002,24,4.97,23.75
55479,Historical,200307,0,0,S,1,0,1181225,77.95,2004,27,22.37,80.44
55480,Historical,177507,0,0,S,3,1,611689,106.95,2002,33,46.99,12.98
55481,Historical,129239,0,0,S,6,1,598473,45,2010,37,43.98,24.47
55482,Historical,129004,0,0,S,5,1,3515591,60,2005,32,43.98,9.99
55483,Historical,739578,0,0,S,7,1,1942091,77.2,2002,20,132.97,45.34
55484,Historical,608191,0,0,S,4,1,5282287,39.95,2007,23,35.59,43.52
55485,Historical,336555,0,0,S,3,1,5650698,35.95,2003,25,35.59,20.79
55486,Historical,738216,0,0,S,3,1,4773435,37.5,2000,21,23.24,14.99
55487,Historical,142973,0,0,S,4,1,4391440,70,2005,20,23.24,72.41
55488,Historical,246201,0,0,S,1,0,540208,51.95,2004,27,30.51,43.17
55489,Historical,2262252,0,0,S,10,1,1816738,40.99,2009,38,36.46,39.89
55490,Historical,149277,0,0,S,3,1,1629521,35.95,2003,34,27.71,29.68
55491,Historical,918340,0,0,S,9,1,1509773,76.4,2005,34,36.46,36.79
55492,Historical,134920,0,0,S,4,1,482248,43,2007,36,27.71,20.68
55493,Historical,721651,1,2,S,0,0,270324,44.95,2004,47,46.71,45.01
55494,Historical,619352,0,0,S,2,1,66068,49.95,2010,80,46.71,94.88
55495,Historical,637094,0,0,S,2,1,1263595,55,2009,30,46.71,41.23
55496,Historical,652368,0,0,S,7,1,91457,65,2013,39,26.69,55.47
55497,Historical,134839,1,1,S,6,1,405951,55,2010,93,26.69,16.94
55498,Historical,287675,0,0,S,5,1,2123806,55,2007,35,26.69,8
55499,Historical,288982,0,0,S,2,1,2867768,46,2005,51,8.99,18.6
55500,Historical,149278,0,0,S,3,1,552430,36,2004,28,110.36,19.52
55501,Historical,689096,0,0,S,1,0,395796,49.95,2012,24,63.98,35.39
55502,Historical,117376,0,0,S,8,1,3835697,81.8,2006,29,21.77,13.99
55503,Historical,120630,0,0,S,9,1,1978333,79,2008,57,21.77,10.2
55504,Historical,542681,0,0,S,2,1,493807,52,2010,41,14.65,45.5
55505,Historical,717522,0,0,S,4,1,2262491,91.95,1999,23,18.99,19.89
55506,Historical,134922,0,0,S,3,1,985585,51,2007,58,26.03,39.97
55507,Historical,120620,0,0,S,8,1,2167758,133,2008,29,40.4,25.71
55508,Historical,116946,0,0,S,6,1,2563293,122.6,2005,48,5.87,45.97
55509,Historical,127329,0,0,S,0,0,592672,39.95,2010,55,28.47,10.5
55510,Historical,131061,0,0,S,14,1,1687462,151.47,2011,20,60.62,602.99
55511,Historical,527117,0,0,S,8,1,308993,96.8,2012,63,40.94,26.25
55512,Historical,132502,1,1,S,7,1,844446,76.6,2008,64,40.94,25.82
55513,Historical,919483,0,0,S,0,0,399652,41,2008,18,27.4,21.61
55514,Historical,123949,0,0,S,3,1,2203432,97.95,2003,27,74.86,10.95
55515,Historical,914099,0,0,S,6,1,3868263,88.2,2007,25,38.99,48.83
55516,Historical,714822,0,0,S,5,1,9786481,48.2,2004,27,38.99,49.35
55517,Historical,546257,0,0,S,6,1,3915873,32.95,2004,26,46.42,7.11
55518,Historical,229131,0,0,S,7,1,818459,35.95,2007,63,46.42,33.58
55519,Historical,2575714,0,0,S,3,1,2135779,295,1989,19,248.97,83.97
55522,Historical,179203,1,1,S,2,1,730697,225.95,2009,28,84.96,73.94
55523,Historical,613904,0,0,S,1,0,690937,119.95,2008,68,30.88,21.89
55524,Historical,918440,0,0,S,4,1,3339976,46.4,2009,30,63.2,40.59
55525,Historical,918158,0,0,S,6,1,1549700,56.6,2010,46,63.2,6.72
55526,Historical,57921,0,0,S,3,1,147459,161.95,2008,30,75.13,86.36
55527,Historical,60745,0,0,S,9,1,1524705,157.95,2004,56,177.24,5.82
55528,Historical,165783,1,2,S,2,1,973248,75,2004,45,41.32,23.99
55529,Historical,563596,0,0,S,3,1,382512,39.95,2004,79,22.26,8.98
55530,Historical,536045,0,0,S,6,1,2631399,78.95,2002,53,93.96,19.88
55531,Historical,646623,0,0,S,2,1,756236,49.95,2005,21,26.87,17.34
55532,Historical,2647505,0,0,S,1,0,1067164,54.95,1993,32,0,34.75
55533,Historical,640440,0,0,S,0,0,1939216,149,2007,21,125.66,100.58
55534,Historical,144169,0,0,S,3,1,753623,113.4,2000,30,40.09,28.99
55535,Historical,905980,1,1,S,2,1,1597036,70.2,2001,16,156.48,66.16
55536,Historical,640389,0,0,S,1,0,654915,92,2007,29,61.99,68.99
55537,Historical,646808,0,0,S,2,1,453213,213.04,1995,19,17.29,57.99
55538,Historical,115638,0,0,S,3,1,1252116,204,2003,20,164.39,73.16
55539,Historical,246269,1,1,S,2,1,2437533,35.95,2004,34,28.93,12.99
55540,Historical,177494,0,0,S,4,1,886246,380.95,2007,38,110.5,131.39
55541,Historical,893889,0,0,S,2,1,3817789,125.95,2007,14,61.64,48.93
55542,Historical,638039,0,0,S,0,0,656489,95,1986,25,143.99,48.21
55543,Historical,649302,0,0,S,4,1,1512202,54.95,2001,21,25.41,45
55544,Historical,597570,0,0,S,5,1,1244189,59.95,2003,28,403.93,70.09
55545,Historical,877429,0,0,S,2,1,149923,55,2013,12,24.99,52.74
55546,Historical,617028,1,3,S,2,1,8260,86.25,2013,135,24.99,45.99
55547,Historical,225661,0,0,S,3,1,1388865,99.95,2001,27,112.95,76.05
55548,Historical,257458,0,0,S,5,1,259759,39.95,2011,69,18.96,39.41
55549,Historical,257453,0,0,S,4,1,1710217,39.95,2005,49,18.96,8.29
55550,Historical,420502,0,0,S,8,1,1536351,180.6,2000,39,78.99,23.93
55551,Historical,53360,0,0,S,8,1,901515,182.5,2006,90,33.95,26.75
55552,Historical,53361,0,0,S,9,1,182607,175.5,2007,38,33.95,42.99
55553,Historical,317406,0,0,S,1,0,633605,40,2010,39,81.14,33.99
55554,Historical,545088,0,0,S,1,0,1290795,114.95,2009,16,69.73,77.38
55555,Historical,225711,0,0,S,2,1,5082752,109.95,2001,12,49.21,67.23
55556,Historical,242633,0,0,S,20,1,1788335,69.95,2008,25,30.82,97.75
55557,Historical,308049,0,0,S,2,1,447605,39.95,2006,66,18.83,27.7
55558,Historical,537736,0,0,S,3,1,2039,40,2013,50,18.83,27.88
55559,Historical,909618,0,0,S,5,1,3181103,48.95,2000,16,7.32,49.64
55560,Historical,920507,1,1,S,2,1,294627,22.95,1995,40,16.04,33.01
55561,Historical,887961,0,0,S,4,1,14669963,91,2003,12,61.56,125.8
55562,Historical,896943,0,0,S,2,1,344794,80,2004,23,46.48,35.92
55563,Historical,2405976,0,0,S,3,1,8063326,19.95,1991,24,28.99,11.98
55564,Historical,577014,0,0,S,4,1,4932430,52.95,1998,29,26.64,13.99
55565,Historical,631504,0,0,S,8,1,860953,138,2011,15,93.74,63.98
55566,Historical,607241,0,0,S,5,1,2079500,106.2,2002,29,119.99,52.81
55567,Historical,258145,0,0,S,0,0,464137,59.95,2003,20,62.57,59.65
55568,Historical,260309,0,0,S,0,0,924980,85.95,2004,20,83.95,35.65
55569,Historical,375121,1,1,S,3,1,1243025,165,1997,26,73.36,68.63
55570,Historical,562163,0,0,S,3,1,3552451,202.95,2008,14,203.5,81.38
55571,Historical,348455,0,0,S,2,1,2625515,217.95,2004,17,203.5,77.86
55572,Historical,244078,1,1,S,4,1,43281,372.95,2011,46,203.5,203.98
55573,Historical,178840,0,0,S,2,1,1291649,144.95,2004,19,21.98,29.99
55574,Historical,3022415,0,0,S,4,1,2397938,161.38,2005,20,64.74,133.2
55575,Historical,146886,0,0,S,5,1,2524757,89,2000,35,43.81,29.94
55576,Historical,245079,0,0,S,3,1,1975127,97.95,2004,17,56.28,24.8
55577,Historical,245061,0,0,S,2,1,945817,91.95,2004,59,23.26,7.55
55578,Historical,876727,0,0,S,6,1,3219824,124.16,2010,37,88.37,78.77
55579,Historical,916268,0,0,S,4,1,258863,46.95,2005,35,23.99,19.99
55580,Historical,618586,0,0,S,5,1,468187,46.95,2008,31,23.99,9.78
55581,Historical,537368,0,0,S,10,1,727088,116.4,2012,34,89.22,429.36
55582,Historical,55552,0,0,S,4,1,156921,70.25,2007,95,72.03,16.99
55583,Historical,285821,0,0,S,3,1,5956135,78.4,2003,32,22.36,46.45
55584,Historical,117380,0,0,S,4,1,3332283,122.25,2007,29,22.36,45.83
55585,Historical,621125,0,0,S,0,0,1089036,124,2003,38,51.99,53.65
55586,Historical,626652,0,0,S,1,0,18778,88.25,2013,114,0,43.94
55587,Historical,893866,0,0,S,3,1,3706910,179.95,2009,14,99.35,37.99
55588,Historical,894283,0,0,S,2,1,6248253,144.95,2005,14,99.35,52.49
55589,Historical,224444,0,0,S,8,1,3264103,114.95,2002,28,42.44,62.95
55590,Historical,652274,0,0,S,3,1,801259,76.95,2013,51,73.41,68.87
55591,Historical,60746,0,0,S,6,1,1476465,69.95,2005,36,66.83,18.54
55592,Historical,527043,0,0,S,4,1,891334,198,2008,26,108.58,65.99
55593,Historical,246825,0,0,S,4,1,82595,77.53,2007,43,38.97,69.98
55594,Historical,51866,1,1,S,10,1,1140169,128,2006,88,123.99,10.05
55595,Historical,252722,1,1,S,3,1,25832,242.5,2010,86,56.02,68.42
55596,Historical,616044,0,0,S,11,1,910353,104,2008,44,78.99,27.99
55597,Historical,267158,0,0,S,7,1,2836890,90,2006,23,43.98,42.93
55598,Historical,276264,0,0,S,2,1,986505,112,2003,26,113,63.93
55599,Historical,183421,0,0,S,13,1,1123174,221.95,2006,75,125.36,11.87
55600,Historical,527034,0,0,S,4,1,61551,64.6,2012,31,45.99,48.98
55601,Historical,158288,0,0,S,4,1,583030,52.95,2008,54,49.21,35.91
55602,Historical,622887,1,2,S,2,1,1105092,55.95,1992,49,62.3,19.94
55603,Historical,162177,0,0,S,1,0,807474,37.89,2007,41,60.5,13.99
55604,Historical,2105076,0,0,S,0,0,186522,62.99,2013,9,42.78,42.61
55605,Historical,2085922,0,0,S,0,0,190077,77.99,2013,9,40.88,53.98
55606,Historical,2085921,0,0,S,0,0,112109,62.99,2013,17,40.88,42.37
55607,Historical,2085937,0,0,S,0,0,96560,62.99,2013,29,0,40.43
55608,Historical,2104970,0,0,S,0,0,89019,62.99,2013,9,43.98,42.44
55610,Historical,625553,0,0,S,1,0,375595,60,1992,51,20.83,9.74
55611,Historical,859571,0,0,S,5,1,1224018,152.67,2007,29,108.42,62.29
55612,Historical,715235,0,0,S,5,1,3372058,153.33,2007,32,108.42,103.83
55613,Historical,111260,1,4,S,1,0,179993,132.19,2010,39,145.37,53.53
55614,Historical,60748,0,0,S,3,1,1928774,152.67,2005,41,43.98,16.23
55615,Historical,52545,1,1,S,8,1,138958,119.33,2005,138,112.22,13.98
55616,Historical,626266,0,0,S,1,0,618639,200.23,2010,30,138.94,83.84
55617,Historical,108332,0,0,S,6,1,1445399,0,2007,25,51.33,90.32
55618,Historical,146614,0,0,S,4,1,1252037,220,2010,24,93.97,815.99
55619,Historical,561385,0,0,S,2,1,2302880,238.67,2010,11,145.55,203.94
55620,Historical,561386,0,0,S,2,1,1424761,238.67,2010,16,153.99,143.92
55621,Historical,620804,1,5,S,5,1,356085,144,2008,51,143.14,63.38
55622,Historical,533857,0,0,S,4,1,158576,247.6,2012,58,78.04,103.98
55623,Historical,50060,0,0,S,5,1,98118,157,2008,101,34.93,19.98
55624,Historical,52973,0,0,S,7,1,97457,144,2004,41,137.39,41.29
55625,Historical,669042,1,1,S,6,1,1606348,41.99,2012,14,105.94,21.95
55626,Historical,872078,0,0,S,5,1,1600640,174,2013,22,82.1,118.51
55627,Historical,905400,0,0,S,1,0,1626009,41.95,2003,19,1353.99,36.94
55628,Historical,616049,1,2,S,2,1,598914,75.95,2006,92,1353.99,27.97
55629,Historical,3140931,0,0,S,3,1,2870858,59,2004,18,74.99,52.57
55630,Historical,1655556,0,0,S,1,0,337406,40,2009,88,18.98,30.97
55631,Historical,704773,0,0,S,6,1,2921569,99,2004,23,70.45,26.53
55632,Historical,877749,0,0,S,7,1,873558,193.51,2006,24,113.94,61.92
55633,Historical,615439,0,0,S,0,0,819789,49,1990,72,31.11,42.9
55634,Historical,56197,0,0,S,6,1,5114419,67.4,2002,48,72.35,4.36
55635,Historical,616461,0,0,S,7,1,1522787,56.85,2004,36,53.85,12.9
55636,Historical,60989,0,0,S,8,1,1218168,67.4,2006,63,53.85,21.82
55637,Historical,117423,0,0,S,1,0,317181,102.6,2007,48,3.83,13.94
55638,Historical,646540,0,0,S,1,0,537834,39.95,2007,31,33.96,17.89
55639,Historical,655263,0,0,S,4,1,135839,78,2013,60,55.12,42.93
55640,Historical,205981,0,0,S,1,0,632216,52,2005,35,13.95,21.94
55641,Historical,1936201,1,1,S,7,1,844944,94.99,2011,5,93.98,27.7
55642,Historical,912034,0,0,S,2,1,2567908,55.4,2000,16,44.99,74.89
55643,Historical,57598,0,0,S,7,1,972058,220.5,2007,63,112.94,117.77
55644,Historical,416595,1,2,S,8,1,483614,213,2010,42,112.94,33.98
55645,Historical,847355,0,0,S,2,1,883728,55.96,1996,30,22.93,24.99
55646,Historical,132423,0,0,S,2,1,432512,158.4,2004,41,38.93,32.94
55647,Historical,873586,0,0,S,7,1,3713439,50.95,2002,37,53.94,6.13
55648,Historical,553988,0,0,S,4,1,770187,74.4,1992,73,41.05,28.43
55649,Historical,113575,1,1,S,4,1,2949715,126,2002,10,131.71,58.98
55650,Historical,193559,0,0,S,2,1,2696721,90,2007,21,22.38,8.99
55651,Historical,915297,0,0,S,3,1,1097925,99,2010,30,22.38,13.53
55652,Historical,775853,0,0,S,6,1,882592,69,2004,29,108.75,9.93
55653,Historical,737658,0,0,S,4,1,2287959,38,2008,15,31.41,21.99
55654,Historical,546377,0,0,S,2,1,949222,61.99,2010,109,51.07,39.23
55656,Historical,147093,0,0,S,4,1,1502906,77.95,2003,37,55.25,15.8
55657,Historical,743227,0,0,S,3,1,10974495,74.95,2000,13,5.24,7.49
55658,Historical,534041,0,0,S,2,1,2451643,104,2003,24,78.45,14.15
55659,Historical,650301,0,0,S,2,1,3620173,145,2006,17,217.8,48.12
55660,Historical,115308,0,0,S,6,1,779909,78.6,2003,35,47.76,64.65
55661,Historical,607096,0,0,S,2,1,1959856,76.95,1999,20,12.98,27.34
55662,Historical,131969,0,0,S,3,1,587772,78.4,2006,47,65.39,40.65
55663,Historical,133311,0,0,S,4,1,42573,109.95,2010,49,65.39,79.92
55664,Historical,629245,0,0,S,5,1,2136882,39.95,2001,29,25.98,13.54
55665,Historical,231594,0,0,S,3,1,2193318,44.95,2004,30,51.49,7.97
55666,Historical,913456,0,0,S,3,1,2920857,105,2002,25,37.85,51.19
55667,Historical,170014,0,0,S,3,1,497148,117.95,2010,48,73.22,25.99
55668,Historical,164435,0,0,S,6,1,1662143,18.99,2004,31,18.99,18.97
55669,Historical,907278,1,1,S,2,1,2884195,111,2004,15,85.49,43.89
55670,Historical,3620060,0,0,S,2,1,3781183,286.95,2001,18,0,9.92
55671,Historical,546587,0,0,S,2,1,403091,39.95,2007,19,31.74,39.95
55672,Historical,607734,0,0,S,6,1,304175,184,2009,39,137.5,263.03
55673,Historical,793472,0,0,S,2,1,5372190,145,2001,14,68.53,44.09
55674,Historical,212989,0,0,S,2,1,1324956,76.95,2001,33,68.53,38.98
55675,Historical,296173,0,0,S,5,1,626561,167.95,2007,17,132.22,103.2
55676,Historical,534716,1,1,S,5,1,64479,46,2012,57,43.69,23.9
55677,Historical,270649,0,0,S,4,1,498629,48.95,2009,96,43.69,6.93
55678,Historical,904918,0,0,S,5,1,1874337,0,2006,21,67.99,42.99
55679,Historical,705383,0,0,S,4,1,6666562,51.02,2003,45,67.99,43.85
55680,Historical,106220,0,0,S,2,1,1653909,255,2006,21,24.73,43.99
55681,Historical,2350449,0,0,S,2,1,1137385,187,2004,51,0,76.99
55682,Historical,159432,0,0,S,2,1,3930497,210,2002,14,154.04,8.75
55683,Historical,270891,0,0,S,1,0,166423,60,2009,23,0,0
55684,Historical,889589,0,0,S,3,1,4257944,149,2001,22,36.74,40.49
55685,Historical,478817,0,0,S,4,1,3048782,169,2006,23,36.74,26.71
55686,Historical,159411,0,0,S,3,1,5163872,122,2002,13,74.01,28.98
55687,Historical,270915,0,0,S,3,1,349614,57,2010,56,58,49.92
55688,Historical,147659,0,0,S,3,1,83456,97.95,2011,94,33.99,40.96
55689,Historical,2343286,0,0,S,2,1,3342915,65.7,1980,27,67.83,53.63
55690,Historical,173810,0,0,S,6,1,1745960,91,2005,27,21.9,43.99
55691,Historical,60760,0,0,S,3,1,1135491,65.95,2002,64,64.99,27.85
55692,Historical,108367,0,0,S,1,0,450974,179.75,2006,16,79.82,22.98
55693,Historical,632039,0,0,S,0,0,283540,79.95,2013,24,0,62.53
55694,Historical,619110,1,2,S,1,0,67280,54.95,2013,18,0,0
55695,Historical,880762,0,0,S,11,1,1632647,0,2006,23,188.99,144.43
55696,Historical,564271,0,0,S,4,1,3264602,99,1986,11,112.77,272.96
55697,Historical,50670,0,0,S,12,1,331596,36.62,2005,54,127.85,21.4
55698,Historical,50669,0,0,S,11,1,1319274,19.78,2002,62,127.85,15.47
55699,Historical,50303,0,0,S,16,1,1248510,14.39,2007,50,148.45,14.39
55700,Historical,137491,0,0,S,2,1,1698261,113.33,2004,23,79.29,42.84
55701,Historical,196117,0,0,S,3,1,2721526,100,1999,30,23.98,38.75
55702,Historical,137453,0,0,S,1,0,2169196,96.2,2002,29,7.77,43.94
55703,Historical,169691,0,0,S,1,0,1065006,314.95,2009,74,86.47,14.85
55704,Historical,738566,0,0,S,3,1,927552,49,2011,24,143.72,19.98
55705,Historical,162496,0,0,S,6,1,888066,148.99,2008,29,44.99,103.69
55706,Historical,751279,0,0,S,6,1,3714028,41.98,2009,16,44.99,23.87
55707,Historical,555324,0,0,S,2,1,6295549,80,1996,23,69.99,62.83
55708,Historical,221819,0,0,S,2,1,402370,115.95,2007,11,77.78,98.06
55710,Historical,143208,1,1,S,3,1,579326,44,2007,29,23.75,16.87
55711,Historical,143627,0,0,S,2,1,115129,48,2009,41,46.55,45.83
55712,Historical,142878,0,0,S,0,0,1034403,42,2004,37,46.55,23.99
55713,Historical,433339,0,0,S,3,1,1817780,178,2006,47,75.4,23.98
55714,Historical,877761,0,0,S,9,1,486260,224,2007,34,73.98,95.8
55715,Historical,57915,0,0,S,10,1,116444,73.3,2010,46,73.98,71.85
55716,Historical,54122,0,0,S,13,1,2304736,212.95,2004,40,149.36,8.49
55717,Historical,546684,0,0,S,7,1,264951,37.95,2012,19,51.79,37.95
55718,Historical,270585,1,1,S,6,1,1475667,69.95,2009,24,51.79,17.99
55719,Historical,1470053,0,0,S,5,1,3545953,60,2006,23,49.95,68.15
55720,Historical,60764,0,0,S,3,1,1864485,83.2,2005,33,73.34,12.99
55721,Historical,1472153,0,0,S,6,1,3088024,71.5,2009,20,49.95,170.71
55722,Historical,560459,0,0,S,4,1,670117,49,2012,16,19.96,28.49
55723,Historical,700767,0,0,S,5,1,143737,59.95,2005,34,23.97,32.44
55724,Historical,903946,0,0,S,0,0,512260,49.95,2009,21,45,34.81
55725,Historical,911959,0,0,S,2,1,1952178,139.2,1999,24,0,21.49
55726,Historical,879700,0,0,S,5,1,703899,20.99,2009,30,105.48,23.99
55727,Historical,110453,0,0,S,2,1,385503,97.4,2010,83,8.48,59.95
55728,Historical,57625,0,0,S,4,1,377643,455.95,2006,123,105.48,23.89
55729,Historical,296172,0,0,S,3,1,1046756,89.95,2005,20,28.99,29.33
55730,Historical,869618,0,0,S,2,1,3058083,49.95,2001,23,28.99,28.75
55731,Historical,904174,0,0,S,0,0,1575028,112,1995,17,84.11,100.08
55732,Historical,113330,0,0,S,3,1,2173195,84.95,2007,16,48.97,54
55733,Historical,110212,0,0,S,5,1,839123,146,2008,47,95.12,18.98
55734,Historical,52055,0,0,S,4,1,1063440,9.5,2006,98,95.12,10.99
55735,Historical,288410,0,0,S,4,1,1531680,41,2006,26,39.48,9.95
55736,Historical,143252,0,0,S,5,1,1148150,46,2009,36,39.48,33.94
55737,Historical,3073531,0,0,S,4,1,3327974,90,2000,19,183.31,77.27
55738,Historical,560467,0,0,S,6,1,167968,49,2012,24,39.48,35.98
55739,Historical,203666,0,0,S,4,1,1757888,129,2004,20,88.22,58.99
55740,Historical,901311,0,0,S,3,1,2578402,26.48,2008,17,56.32,100.56
55741,Historical,755150,0,0,S,2,1,3564904,75,2003,25,56.32,48.39
55742,Historical,113119,0,0,S,2,1,1039180,103,2008,23,61.55,43.48
55743,Historical,618517,0,0,S,1,0,374680,86.95,2004,36,65.11,8.27
55744,Historical,57909,1,1,S,8,1,424360,21.99,2005,57,25.78,17
55745,Historical,504224,1,2,S,2,1,1934949,72,2007,19,68.91,11.99
55746,Historical,127969,1,1,S,2,1,137876,99.95,1998,40,48.77,42.89
55747,Historical,450996,0,0,S,7,1,1743835,355.95,2009,21,109.65,45.98
55748,Historical,594548,0,0,S,2,1,375472,79.95,2012,43,53.38,58.98
55749,Historical,56657,1,1,S,3,1,1295141,180.8,2008,36,70.7,8.67
55750,Historical,901668,0,0,S,2,1,1720889,94.95,1999,17,97.01,23.73
55751,Historical,50659,0,0,S,2,1,1906451,142.95,2004,57,107.49,14.74
55752,Historical,173660,1,1,S,2,1,1505804,103,2003,14,52.49,122.44
55753,Historical,143088,0,0,S,1,0,776928,46,2006,43,23.53,72.33
55754,Historical,111002,0,0,S,1,0,1776302,34.5,2008,60,6.81,41.54
55755,Historical,50653,0,0,S,3,1,1616548,17.74,2006,60,170.48,36.49
55756,Historical,541266,0,0,S,3,1,1381793,101.5,2002,29,11.39,25.98
55757,Historical,50135,0,0,S,4,1,343884,341.95,2006,177,103.98,28.48
55758,Historical,50144,0,0,S,8,1,804873,147.67,2006,72,83.99,22.06
55759,Historical,561847,0,0,S,3,1,5011652,52.95,2003,39,44.49,4
55760,Historical,533854,0,0,S,6,1,226061,61.95,2011,35,44.49,44.77
55761,Historical,329789,0,0,S,4,1,2121460,102,2005,70,102.72,4.96
55762,Historical,53007,0,0,S,11,1,1213274,127,2005,89,143.89,10.99
55763,Historical,270899,0,0,S,1,0,763571,92,2010,29,27.89,43.99
55764,Historical,53998,0,0,S,13,1,217984,217.33,2009,72,176.24,28.98
55765,Historical,53450,1,1,S,8,1,276103,147.67,2006,111,97.34,23.99
55766,Historical,744822,0,0,S,4,1,6557054,103.95,2004,27,127.19,4.49
55767,Historical,298607,0,0,S,6,1,500225,302.95,2009,33,127.19,62.59
55768,Historical,876020,1,1,S,3,1,2776126,85.56,2000,23,54.8,15.04
55769,Historical,198463,1,1,S,5,1,1493739,274.95,2007,40,127.19,21.17
55770,Historical,53446,0,0,S,4,1,42336,341.95,2006,234,98.99,77.05
55771,Historical,876555,0,0,S,7,1,1048615,482,2011,15,219.58,219.98
55772,Historical,112828,0,0,S,4,1,2052337,62.95,2005,33,53.48,15.94
55773,Historical,285713,0,0,S,5,1,206017,69.95,2011,30,53.48,42.31
55774,Historical,50359,0,0,S,10,1,2709220,123,1999,38,48.98,20.99
55775,Historical,50360,0,0,S,11,1,174771,200,2003,18,48.98,353.99
55776,Historical,2609240,0,0,S,6,1,3196720,54.95,1997,13,58.99,110
55777,Historical,2674680,0,0,S,2,1,479530,57.06,1978,33,0,63.23
55778,Historical,255803,0,0,S,2,1,323520,56.95,2010,39,39.37,26.75
55779,Historical,243852,0,0,S,5,1,145177,227.95,2010,70,8.07,55.18
55780,Historical,587884,0,0,S,5,1,553573,188,2012,38,97.82,96.99
55781,Historical,752479,0,0,S,9,1,3187711,114.91,2010,13,45,116.36
55782,Historical,177214,0,0,S,4,1,523145,290.95,2005,41,36.86,29.99
55783,Historical,639348,0,0,S,2,1,1647747,83.95,2007,38,75.28,70.55
55784,Historical,246513,0,0,S,1,0,522575,104.95,2006,23,57.4,53.99
55785,Historical,257507,0,0,S,5,1,1208143,159.95,2003,32,60.3,58.27
55786,Historical,832416,0,0,S,3,1,1243090,84.95,1997,31,95.18,21.45
55787,Historical,281047,0,0,S,0,0,1018545,79.99,2004,22,48.94,54.9
55788,Historical,2311109,0,0,S,2,1,3433297,61.25,1995,23,83.99,51.41
55789,Historical,2408042,0,0,S,2,1,3482590,76,1995,16,83.99,50.94
55790,Historical,113538,0,0,S,1,0,834902,110,2002,21,73.95,37.36
55791,Historical,541199,0,0,S,3,1,2162799,99,2006,19,83.3,79.49
55792,Historical,192916,0,0,S,4,1,2828855,64.95,2003,34,39.9,11.98
55793,Historical,526917,0,0,S,5,1,979527,85.95,2008,31,39.9,21.62
55794,Historical,885319,0,0,S,0,0,836084,47.5,2010,9,71.98,28.98
55795,Historical,213025,0,0,S,2,1,455316,100,2003,35,52.63,84.58
55796,Historical,2261701,0,0,S,4,1,148863,121.99,2006,13,0,194.1
55797,Historical,903477,0,0,S,3,1,2332199,289,1995,22,111.99,74.73
55798,Historical,724886,0,0,S,2,1,1772400,74,2009,38,52.47,40.99
55799,Historical,522338,0,0,S,0,0,647857,339,2008,32,33.91,72.8
55800,Historical,545421,0,0,S,2,1,623309,119,2011,11,104.47,91.34
55801,Historical,112039,0,0,S,0,0,1288691,8.98,2012,45,52.83,8.98
55802,Historical,255420,0,0,S,3,1,631998,99.95,2008,28,0,0
55803,Historical,566623,0,0,S,2,1,237400,29.98,2004,30,99.96,81.33
55804,Historical,106575,0,0,S,3,1,252571,49.95,2007,23,19.69,17.17
55805,Historical,749282,0,0,S,1,0,1781119,70,2007,17,32.09,23.97
55806,Historical,622059,0,0,S,3,1,1150110,80.95,2004,30,59.82,12.99
55807,Historical,642217,0,0,S,4,1,1212024,49.99,2012,35,41.19,16.41
55808,Historical,661029,0,0,S,2,1,2024383,39.99,2012,44,39.42,26.85
55809,Historical,252895,0,0,S,1,0,287745,49.99,2009,52,39.8,20.67
55810,Historical,1886289,0,0,S,3,1,781305,54.99,2011,69,39.8,7.9
55811,Historical,526908,0,0,S,4,1,150731,54.99,2012,38,39.8,33.99
55812,Historical,613588,0,0,S,2,1,1774309,59.99,2007,37,39.09,21.99
55813,Historical,639186,0,0,S,6,1,891900,59.99,2010,47,39.09,25.48
55814,Historical,620797,0,0,S,1,0,185797,44.99,2009,44,31.67,10.1
55815,Historical,3089107,0,0,S,2,1,2835630,59.99,2005,21,48.26,13.74
55816,Historical,266932,0,0,S,2,1,1212469,99.99,2007,18,80.53,59.04
55817,Historical,624297,0,0,S,1,0,152768,49.99,2011,35,28.92,9.33
55818,Historical,658248,0,0,S,3,1,664998,49.99,2012,17,42.45,40.79
55819,Historical,2575510,0,0,S,2,1,1789401,94.95,1986,22,73.99,83.95
55820,Historical,908981,0,0,S,2,1,179557,123,2004,22,50.55,73.25
55821,Historical,912445,0,0,S,8,1,266295,16.98,2011,25,168.44,22.14
55822,Historical,526896,1,1,S,3,1,2070589,139.95,2004,11,68.99,76.98
55823,Historical,1923838,0,0,S,0,0,538573,99,2011,23,110.52,58.98
55824,Historical,2502802,0,0,S,3,1,4537105,89.95,1992,21,26.64,60.05
55825,Historical,116092,0,0,S,9,1,2535024,110,2005,70,83.99,9.94
55826,Historical,144710,1,1,S,4,1,820219,103,2003,35,45.5,13.75
55827,Historical,145591,0,0,S,5,1,958218,119,2006,23,45.5,33.82
55828,Historical,212930,0,0,S,6,1,689826,45.95,1999,109,36.34,16.98
55829,Historical,60774,0,0,S,7,1,3190991,107,2005,31,88.83,7.98
55830,Historical,120703,0,0,S,8,1,1349649,124,2008,45,88.83,13.99
55831,Historical,55056,0,0,S,9,1,501347,160,2006,137,118.99,23.99
55832,Historical,244304,0,0,S,0,0,754958,38.99,2011,41,39.99,48.79
55833,Historical,565893,0,0,S,13,1,1169597,129.82,2009,31,39.99,48.87
55834,Historical,537397,0,0,S,8,1,1096657,164.2,2011,26,83.24,128.94
55835,Historical,616884,0,0,S,7,1,2873396,146,2008,21,77.85,11.99
55836,Historical,193660,0,0,S,4,1,1904258,144,2009,18,41.98,9.24
55837,Historical,632697,0,0,S,3,1,4597390,99,2005,15,41.98,15.04
55838,Historical,193473,0,0,S,7,1,4952964,101,2005,18,38.94,43.94
55839,Historical,288400,0,0,S,4,1,2039921,68,2004,28,33.64,29.89
55840,Historical,195138,0,0,S,3,1,1953149,85,2009,17,20.26,71.95
55841,Historical,293363,0,0,S,3,1,533012,54,2009,37,20.26,23.75
55842,Historical,285485,1,2,S,11,1,882650,145,2010,32,76.48,24.49
55843,Historical,109017,1,3,S,10,1,1953189,23.1,2006,23,76.48,28.99
55844,Historical,789298,0,0,S,3,1,4645061,59.95,2003,19,33.59,18.98
55845,Historical,526881,0,0,S,2,1,1702428,179,2008,16,94.44,50.56
55846,Historical,869877,0,0,S,3,1,1761581,35.72,2005,33,49.79,38.49
55847,Historical,192483,0,0,S,3,1,1733810,52.95,2004,25,49.79,24.63
55848,Historical,911798,0,0,S,4,1,708777,69.95,2006,30,59.35,90.59
55849,Historical,618546,1,2,S,2,1,405247,73.49,2012,18,0,78.81
55850,Historical,637270,0,0,S,3,1,844680,81.95,2006,30,63.49,62.95
55851,Historical,3573036,1,2,S,2,1,5727750,80,2004,15,0,52.23
55852,Historical,249827,0,0,S,2,1,1207920,175.95,2006,22,113.73,85.71
55853,Historical,2333623,0,0,S,4,1,3292070,99.5,1991,20,30.78,22.76
55854,Historical,913931,1,1,S,0,0,522353,48,1999,26,40.98,88.28
55855,Historical,2566184,0,0,S,4,1,2543789,175,1996,15,56.98,54.61
55856,Historical,607794,0,0,S,4,1,66435,55.95,2010,52,46.47,29.89
55857,Historical,607787,0,0,S,3,1,1449369,57.95,2006,53,46.47,33.97
55858,Historical,135642,1,1,S,2,1,334033,44.95,2008,28,39.54,18.25
55859,Historical,607793,0,0,S,3,1,422486,46.95,2008,47,36.68,42.98
55860,Historical,105446,0,0,S,4,1,667735,96.75,2007,29,150.69,75.08
55861,Historical,526872,0,0,S,3,1,3009326,79.99,2008,25,43.99,53.74
55862,Historical,607375,0,0,S,4,1,3095382,95.2,2005,22,132.74,42.71
55863,Historical,621417,0,0,S,5,1,594865,168,2007,21,9.66,28.49
55864,Historical,623228,0,0,S,6,1,919779,138,2008,23,43.98,49.93
55865,Historical,619226,0,0,S,7,1,629384,219,2011,43,43.98,83
55866,Historical,682131,0,0,S,7,1,2133621,29,2005,16,39.35,108.88
55867,Historical,654735,0,0,S,8,1,1384686,42,2008,18,39.35,11.41
55868,Historical,203727,0,0,S,3,1,2710541,50.95,2005,40,42.99,5.99
55869,Historical,265847,0,0,S,2,1,3827840,156,2001,38,137.97,35.33
55870,Historical,57201,0,0,S,4,1,738076,65,2004,33,57.74,52.95
55871,Historical,161681,0,0,S,3,1,627196,65,2007,46,27.69,18.41
55872,Historical,608378,0,0,S,6,1,839145,70,2006,28,85.53,93.65
55873,Historical,117181,0,0,S,1,0,687793,141,2006,34,76.29,62.14
55874,Historical,868653,0,0,S,2,1,812601,54.95,2006,26,18.13,12.54
55875,Historical,264222,0,0,S,4,1,2713291,44.95,2003,33,25.72,8.2
55876,Historical,270788,0,0,S,2,1,666888,63.99,2009,98,17.08,8.99
55877,Historical,545684,0,0,S,3,1,15735,68.99,2013,160,17.08,9.66
55878,Historical,545898,1,1,S,7,1,10172,77.95,2013,121,40.81,34.99
55879,Historical,868307,0,0,S,3,1,1067285,59.95,1995,36,91.3,74.25
55880,Historical,776009,0,0,S,2,1,1195883,43.95,2007,83,23.97,11.48
55881,Historical,615411,0,0,S,3,1,188552,49.95,2010,61,23.97,13.49
55882,Historical,861352,0,0,S,4,1,76563,49.95,2013,38,23.97,26.97
55883,Historical,143533,0,0,S,0,0,312776,50,2011,29,22.24,13.81
55884,Historical,665570,0,0,S,2,1,1305584,110.8,2010,18,138.44,88.99
55885,Historical,804696,0,0,S,1,0,2411565,112.2,2004,18,138.44,25.1
55886,Historical,53236,0,0,S,3,1,1621042,168.95,2005,35,9.09,28.87
55887,Historical,860161,0,0,S,4,1,1040314,49.99,2010,33,15.18,14.85
55888,Historical,752777,1,1,S,1,0,636414,44.99,2010,46,30.82,13.98
55889,Historical,642041,0,0,S,2,1,320547,44.99,2013,45,30.82,13.39
55890,Historical,558154,0,0,S,2,1,920040,39,2007,15,0,44.95
55891,Historical,117260,0,0,S,1,0,459001,64.4,2007,63,58.4,6.93
55892,Historical,56997,0,0,S,3,1,1458270,44.95,2002,51,32.98,7.48
55893,Historical,2256395,0,0,S,5,1,2295405,172.04,2009,40,149.89,84.31
55894,Historical,608976,1,1,S,2,1,1588689,93.95,2000,38,82.98,17.05
55895,Historical,618307,0,0,S,2,1,232068,39.95,2006,39,27.41,18.99
55896,Historical,146456,0,0,S,3,1,926649,49.99,2011,80,27.35,8.73
55897,Historical,613327,0,0,S,2,1,768855,44.99,2009,124,27.35,7.32
55898,Historical,912659,1,1,S,1,0,1248959,44.99,2008,28,23.99,22.98
55899,Historical,1989622,0,0,S,1,0,446421,54.99,2014,19,0,4.21
55900,Historical,569899,0,0,S,2,1,1066023,266.95,2002,50,117.69,19.99
55901,Historical,918982,0,0,S,2,1,483853,154.2,1996,51,168.83,44.48
55902,Historical,56344,0,0,S,4,1,44881,208.95,2006,59,111.11,12.99
55903,Historical,181801,0,0,S,3,1,521981,49.99,2000,131,28.45,12.38
55904,Historical,1615658,0,0,S,2,1,930037,39.99,2006,54,17.13,19.54
55905,Historical,1616054,0,0,S,3,1,558250,54.99,2010,111,44.99,19.94
55906,Historical,1615901,0,0,S,2,1,780413,49.99,2008,38,10.12,42.48
55907,Historical,622116,0,0,S,5,1,283760,59.99,1998,50,13.35,42.54
55908,Historical,607756,0,0,S,8,1,657899,90.67,2009,49,92.46,22.81
55909,Historical,615165,0,0,S,1,0,1597279,80.2,2012,59,16.91,33.73
55910,Historical,2249736,0,0,S,2,1,1647220,68.31,2007,17,53.92,81
55911,Historical,697384,0,0,S,3,1,1104909,74.91,2006,16,106.54,57.4
55912,Historical,326362,0,0,S,3,1,4271681,120,2005,17,87.77,73.99
55913,Historical,106388,0,0,S,5,1,1189862,89.95,2006,28,52.86,25.79
55914,Historical,105855,0,0,S,4,1,3042847,79.95,2002,26,52.86,41.91
55915,Historical,408047,1,1,S,5,1,3591470,98.95,2006,12,30.54,38.01
55916,Historical,60778,0,0,S,3,1,547514,5.18,2005,52,132.59,13.99
55917,Historical,167169,0,0,S,9,1,1755862,60,2006,33,37.99,12.4
55918,Historical,699803,0,0,S,3,1,1472301,50,2000,43,16.97,9.4
55919,Historical,106337,0,0,S,4,1,1412192,55,2005,45,16.97,7.98
55920,Historical,340183,0,0,S,2,1,1186349,79.95,2003,32,56.26,40.07
55922,Historical,526828,0,0,S,2,1,1558658,75,2009,16,111.8,7.28
55923,Historical,149645,0,0,S,2,1,2648099,35.95,2006,26,39.95,43.96
55924,Historical,564067,0,0,S,2,1,1948179,60.36,1998,48,34.73,13.97
55925,Historical,224451,0,0,S,2,1,390703,57.95,1997,66,32.01,34.37
55926,Historical,766273,0,0,S,5,1,2873680,76.95,2005,19,4.78,37.97
55928,Historical,633324,0,0,S,4,1,1058437,49.95,2009,18,37.89,133.9
55929,Historical,633177,0,0,S,5,1,564500,78,2011,25,53.48,33.91
55930,Historical,800209,0,0,S,4,1,377547,63.95,2005,43,53.48,21.66
55931,Historical,2556681,0,0,S,4,1,358822,215,1996,18,93.99,161.38
55932,Historical,737518,0,0,S,2,1,1637597,172,2006,39,20.74,51.07
55933,Historical,654688,0,0,S,3,1,87343,63,2009,37,44.99,69.49
55934,Historical,613652,0,0,S,2,1,1095556,146,2008,55,52.99,8.99
55935,Historical,142702,0,0,S,4,1,741316,39.95,2008,26,32,43.46
55936,Historical,261758,0,0,S,3,1,3009225,49.95,2003,23,32,5.51
55937,Historical,544982,0,0,S,4,1,33657,54,2013,40,35.29,40.08
55938,Historical,800705,0,0,S,5,1,358652,71,2007,35,43.99,19.49
55939,Historical,602440,0,0,S,3,1,207400,36.95,2005,50,17.13,17.33
55940,Historical,3128235,1,1,S,2,1,2817131,35.25,2002,21,17.13,4.04
55941,Historical,2535801,0,0,S,18,1,1118676,36.95,1999,32,111.3,36.65
55942,Historical,184680,0,0,S,4,1,9129513,94.99,2002,10,18.22,66.23
55943,Historical,904614,0,0,S,2,1,3145455,155,1997,16,76.97,59.21
55944,Historical,670391,0,0,S,7,1,3852380,123.95,2006,19,78.87,63.99
55945,Historical,526813,0,0,S,3,1,54324,61.99,2011,33,42.29,34.14
55946,Historical,192713,0,0,S,2,1,40670,79.95,1998,56,57.66,46.98
55947,Historical,610350,1,3,S,6,1,12910,81.99,2013,83,39.99,57.81
55948,Historical,614590,0,0,S,1,0,280602,33.95,2008,95,27.93,17.97
55949,Historical,577361,0,0,S,3,1,2888169,72.95,2004,51,34.06,13.98
55950,Historical,264218,0,0,S,1,0,170226,49.99,2003,32,0,0
55951,Historical,505929,0,0,S,7,1,2195077,103.99,2009,14,37.29,102.64
55952,Historical,799978,0,0,S,3,1,3382357,51.95,2004,14,16.93,55.94
55953,Historical,609787,0,0,S,4,1,863290,57,2007,27,54.41,48.99
55954,Historical,635153,0,0,S,1,0,1066294,75,2009,18,0,66.53
55955,Historical,907096,0,0,S,2,1,1941713,42.5,2003,18,32.61,49.75
55956,Historical,275822,0,0,S,2,1,3685843,39,2007,21,38.48,36.15
55957,Historical,639211,0,0,S,1,0,827466,59.95,2010,39,131.19,43.06
55958,Historical,867984,0,0,S,2,1,2373151,80,1994,35,4.74,45.15
55959,Historical,155631,0,0,S,4,1,1093040,73.25,2003,33,52.99,45.56
55960,Historical,563698,0,0,S,3,1,398216,23.99,2009,136,132.14,18.99
55961,Historical,51515,0,0,S,2,1,610265,18.98,2005,107,132.14,18.94
55962,Historical,613259,0,0,S,6,1,575397,71,1987,54,4,10.99
55963,Historical,60781,0,0,S,11,1,849467,121.2,2002,27,13.35,20.49
55964,Historical,428316,0,0,S,4,1,2182576,124,2003,29,105.63,10.48
55965,Historical,622182,0,0,S,0,0,71308,35,1976,60,34.63,20.67
55966,Historical,721150,0,0,S,2,1,1157542,79.95,2004,38,68.92,14.47
55967,Historical,748051,0,0,S,5,1,1528136,24.85,1999,39,114.89,10.92
55968,Historical,456501,0,0,S,1,0,546109,133.95,2010,33,110.79,23.5
55969,Historical,569096,0,0,S,3,1,2293632,94,2010,33,36.6,66.24
55970,Historical,50163,0,0,S,17,1,1488387,110,2004,102,91.67,30.94
55971,Historical,132122,0,0,S,7,1,2325390,94.6,2005,27,18.49,18.15
55972,Historical,118088,0,0,S,0,0,665353,101.29,2006,54,59.99,62.97
55973,Historical,51422,0,0,S,11,1,1177185,177.95,2004,81,128.88,52.99
55974,Historical,177863,0,0,S,8,1,1118688,160.95,2005,67,6.93,10.41
55975,Historical,452836,0,0,S,8,1,532326,272.95,2010,45,67.74,48.99
55976,Historical,60792,0,0,S,7,1,2065158,261.95,2007,46,67.74,5.99
55977,Historical,2352760,0,0,S,8,1,3112701,115.75,2003,80,132.93,8.53
55978,Historical,53225,1,1,S,2,1,83263,169.33,2008,228,63.67,10.57
55979,Historical,467274,1,1,S,8,1,668176,118,2006,64,145.1,29.99
55980,Historical,53955,1,1,S,5,1,121277,0,2010,22,99.79,602.99
55981,Historical,864749,0,0,S,45,1,575051,41.46,2014,34,6.59,38.96
55982,Historical,1440415,0,0,S,5,1,2668843,0,2011,24,6.41,54.95
55983,Historical,569614,1,2,S,9,1,7381195,33.95,2004,41,78.9,7.83
55984,Historical,1877708,0,0,S,4,1,1215002,122.96,2009,11,110.79,147.26
55985,Historical,423256,0,0,S,9,1,2159405,157.33,2008,79,123.99,13.94
55986,Historical,532076,0,0,S,4,1,673482,0,2010,16,72.28,63.99
55987,Historical,132134,0,0,S,5,1,1663133,107.8,2005,57,25.93,31.87
55988,Historical,52238,0,0,S,4,1,298248,12.99,2005,170,127.89,12.97
55989,Historical,428454,0,0,S,1,0,679208,129.8,2008,67,128.74,75.35
55990,Historical,51356,0,0,S,8,1,624245,18.35,2005,189,143.91,14.33
55991,Historical,2270249,0,0,S,2,1,374824,55.88,2011,53,0,54.99
55992,Historical,61229,0,0,S,8,1,589009,30,2006,242,122.42,12.47
55994,Historical,607382,0,0,S,3,1,670484,28.4,2006,44,28.45,33.69
55995,Historical,298586,0,0,S,5,1,450860,72.95,2010,47,42.12,48.53
55996,Historical,272524,0,0,S,3,1,480274,60.95,2010,21,0,0
55997,Historical,116526,0,0,S,2,1,1660915,44,2004,32,34.51,10.12
55998,Historical,118626,0,0,S,3,1,544705,46.67,2007,20,34.51,26.19
55999,Historical,60787,0,0,S,4,1,486916,144.95,2003,46,20.59,18.93
56000,Historical,290935,0,0,S,6,1,2710253,231.95,2007,20,81.01,97.05
56001,Historical,416627,0,0,S,4,1,277751,46.58,2007,76,53.96,45.73
56002,Historical,452837,0,0,S,8,1,1084954,156.95,2010,26,111.95,53.99
56003,Historical,52314,0,0,S,8,1,550041,127.6,2005,123,123.99,18.98
56004,Historical,255755,0,0,S,3,1,1776939,48.95,2003,39,4.03,15.99
56005,Historical,213270,0,0,S,2,1,1206570,59.95,2007,60,52.99,5.41
56006,Historical,903996,0,0,S,1,0,573428,65,1998,28,26.01,48.42
56007,Historical,609343,0,0,S,4,1,2927045,80,2000,15,59.38,50.53
56008,Historical,131521,0,0,S,1,0,770912,147.4,2003,26,103.99,111.11
56009,Historical,117278,1,1,S,2,1,745609,64.4,2006,59,20.97,21.36
56010,Historical,2143654,0,0,S,2,1,397770,45,2012,9,0,88.47
56011,Historical,396026,1,1,S,0,0,226439,75,2011,22,44.2,43.24
56012,Historical,2170469,0,0,S,2,1,32554,56.95,2014,19,0,49.8
56013,Historical,51309,0,0,S,7,1,1648753,7.81,1999,34,88.07,14
56014,Historical,554686,1,1,S,4,1,3937182,103.95,2002,27,165.92,6.69
56015,Historical,262651,0,0,S,3,1,2231557,39.95,2004,23,23.99,59.87
56016,Historical,526775,0,0,S,2,1,561377,38,2011,18,68.13,48.42
56017,Historical,287592,0,0,S,6,1,1216590,87.6,2008,21,63.32,35.67
56018,Historical,606910,0,0,S,7,1,590672,18.47,2004,55,108.99,18.47
56019,Historical,550457,0,0,S,1,0,692252,108.94,2008,44,85.72,56.35
56020,Historical,2339880,0,0,S,4,1,1325967,151.98,1984,16,45.34,72.97
56021,Historical,1533883,0,0,S,0,0,592215,119,2007,34,16.11,79.83
56022,Historical,172225,0,0,S,2,1,284499,54.95,2008,39,34.29,48.99
56023,Historical,374228,0,0,S,1,0,2945594,37.95,2001,21,47.99,37.72
56024,Historical,564839,0,0,S,4,1,964948,67.95,2010,27,47.76,3.55
56025,Historical,893972,1,1,S,3,1,3848428,54.95,2008,15,47.76,102.32
56026,Historical,737982,0,0,S,3,1,2322429,29,2002,33,33.92,4.89
56027,Historical,288422,0,0,S,4,1,225356,41,2006,40,33.92,24.41
56028,Historical,149280,0,0,S,3,1,979021,49,2003,24,44.52,37.49
56029,Historical,320970,0,0,S,2,1,477045,60,2004,16,14.19,43.98
56030,Historical,2419596,0,0,S,2,1,8785072,139.95,2004,14,14.19,56.03
56031,Historical,229136,0,0,S,0,0,127585,91,2008,25,0,0
56032,Historical,217254,0,0,S,2,1,274158,53,2004,42,5.97,28.74
56033,Historical,635731,0,0,S,2,1,284653,80,2012,74,47.39,43.13
56034,Historical,560936,0,0,S,4,1,1360192,84.4,2005,26,33.24,54.65
56035,Historical,551663,0,0,S,2,1,290730,62,1999,14,57.83,53.39
56036,Historical,607606,0,0,S,5,1,4521890,75,2008,14,54.34,41.7
56037,Historical,120903,0,0,S,6,1,2372941,108.6,2002,30,86.08,10.98
56038,Historical,557613,0,0,S,6,1,2595951,148.67,2010,16,66.73,64.19
56039,Historical,183267,0,0,S,7,1,1284175,49.17,2005,69,80.97,14.95
56040,Historical,55667,0,0,S,0,0,171658,129.6,2007,33,0,0
56041,Historical,536816,1,1,S,4,1,823243,119.33,2012,29,63.35,63.98
56042,Historical,619668,0,0,S,2,1,1192584,92,2006,17,61.99,30.19
56043,Historical,1767787,0,0,S,0,0,771118,27.99,2012,40,5.1,16.94
56044,Historical,53810,1,1,S,5,1,627788,202.95,2010,97,5.1,23.99
56045,Historical,53811,0,0,S,4,1,1684541,202.95,2006,61,5.1,62.99
56046,Historical,577344,0,0,S,6,1,523330,37.95,2003,32,24.38,9.76
56047,Historical,609195,0,0,S,7,1,1021185,46.5,2007,39,24.38,13.99
56048,Historical,549587,0,0,S,7,1,813333,36.95,2007,29,23.79,28.98
56049,Historical,700182,0,0,S,6,1,1832750,36.95,2002,32,23.79,8.74
56050,Historical,668281,0,0,S,2,1,1881369,89,2009,12,88.99,92.99
56051,Historical,902712,0,0,S,3,1,2494847,235,2006,16,132.22,63.94
56052,Historical,608388,0,0,S,7,1,131104,10.99,2007,56,38.94,13.98
56053,Historical,643973,0,0,S,5,1,321774,62.95,2009,42,82.68,51.04
56054,Historical,897334,0,0,S,7,1,1398376,125,2006,25,70.39,91.98
56055,Historical,54061,1,1,S,3,1,2191660,257.95,2004,48,180.38,18.87
56057,Historical,166922,0,0,S,1,0,719362,55.19,2006,27,46.55,49.45
56058,Historical,326406,0,0,S,10,1,770136,120.4,2010,27,100.68,102.99
56059,Historical,196658,0,0,S,5,1,1772388,140,2003,12,133.23,113.99
56060,Historical,641582,0,0,S,8,1,1134087,80.75,2008,39,28.94,23.74
56061,Historical,644575,1,6,S,9,1,206717,83.99,2012,39,30.29,81.31
56062,Historical,2703737,1,1,S,7,1,1021423,61.48,2005,20,30.29,53.97
56064,Historical,609496,0,0,S,4,1,775001,69.2,2006,67,34.38,23.1
56065,Historical,635706,0,0,S,5,1,628151,50,2012,22,0,0
56066,Historical,175092,0,0,S,1,0,700262,49.99,2009,67,18.89,30.34
56067,Historical,891727,0,0,S,2,1,3511975,74.95,2005,20,29.01,38.75
56068,Historical,576312,0,0,S,2,1,756027,68.95,2002,45,45.76,17.57
56069,Historical,193989,0,0,S,2,1,536285,63,2002,47,53.98,16.85
56070,Historical,247616,0,0,S,2,1,1377630,147,2006,20,51.91,153.09
56071,Historical,648883,0,0,S,2,1,1316733,72,2009,49,119.94,43.99
56072,Historical,55664,0,0,S,5,1,4163,80.8,2010,48,48.98,223.37
56073,Historical,635085,0,0,S,1,0,461366,55,2010,27,56.4,35.95
56074,Historical,788755,0,0,S,2,1,4997973,39.95,1999,30,37.12,15.92
56075,Historical,203841,0,0,S,4,1,1978348,54.95,2006,55,37.12,10.49
56076,Historical,526740,0,0,S,3,1,2834924,69.95,2009,17,39.01,93.53
56077,Historical,557209,0,0,S,5,1,1795404,70.4,2003,46,45,8.99
56078,Historical,2428955,0,0,S,1,0,499358,64.99,1995,34,60.35,26.99
56079,Historical,112390,0,0,S,2,1,1375841,83,1998,29,23.99,40.35
56080,Historical,633971,0,0,S,5,1,549848,167.2,2002,22,106.07,43.99
56081,Historical,649665,0,0,S,1,0,96048,49.95,2012,19,0,0
56082,Historical,252711,1,1,S,8,1,288769,113.79,2010,32,129.58,43.99
56083,Historical,290100,0,0,S,2,1,221467,45,2007,15,0,0
56084,Historical,51193,0,0,S,10,1,564134,283.95,2005,76,201.97,22.99
56085,Historical,516148,0,0,S,3,1,9278162,129.77,2001,19,39.52,118.18
56086,Historical,859932,0,0,S,2,1,2699830,219,2008,21,112.43,47.91
56088,Historical,607106,0,0,S,2,1,1422940,101.95,1993,17,49.32,15.87
56089,Historical,883507,0,0,S,2,1,6945193,104,2004,13,70.47,75.99
56090,Historical,2245420,0,0,S,3,1,3808149,73,2008,12,75.94,60.33
56091,Historical,1593502,0,0,S,1,0,197207,105,2009,24,57.57,82.69
56092,Historical,608408,1,1,S,2,1,591280,38.98,1995,27,89.95,33.99
56093,Historical,919662,0,0,S,2,1,867588,39.95,2000,39,33.43,8.74
56094,Historical,602446,0,0,S,3,1,493000,58.75,2001,48,33.43,50.38
56095,Historical,2766497,0,0,S,4,1,861276,41.99,2004,21,4.03,28.39
56096,Historical,108938,0,0,S,5,1,1749881,0,2003,17,98.94,63.99
56097,Historical,868008,0,0,S,2,1,161630,0,1997,38,98.94,44.35
56098,Historical,108884,0,0,S,3,1,308429,164.25,2005,34,98.94,70
56099,Historical,132893,1,1,S,2,1,357704,58.8,2009,120,47.59,9.44
56100,Historical,57106,1,1,S,5,1,983417,52.95,2006,66,35.48,15.98
56101,Historical,621940,0,0,S,1,0,722498,34.99,2011,88,22.93,7.94
56102,Historical,2039552,0,0,S,1,0,639151,114.87,2013,18,116.98,138.81
56103,Historical,910892,0,0,S,1,0,376507,49.99,2010,46,23.96,51.07
56104,Historical,244438,0,0,S,9,1,243186,252.95,2011,34,110.94,73.98
56105,Historical,130514,0,0,S,2,1,241065,133.2,2011,63,96.88,59.37
56106,Historical,874120,0,0,S,3,1,1917233,128.28,2011,32,112.86,105.4
56107,Historical,142938,0,0,S,2,1,466887,210,2007,25,133.99,126.73
56108,Historical,265583,0,0,S,0,0,1700513,45,2006,13,27.64,131.03
56109,Historical,54827,0,0,S,5,1,1774857,85.95,2008,58,62.71,5.95
56110,Historical,775403,0,0,S,4,1,2633285,89,2000,14,183.95,68.49
56111,Historical,775724,0,0,S,5,1,2094968,114,2004,18,183.95,82.2
56112,Historical,51915,0,0,S,11,1,454793,128.2,2007,124,129.72,7.89
56113,Historical,51918,0,0,S,10,1,579202,127.8,2005,82,129.72,20.48
56114,Historical,526710,0,0,S,2,1,539495,35.95,2010,33,29.94,21.68
56115,Historical,2698786,0,0,S,2,1,2166500,110,2005,20,63.89,46.39
56117,Historical,2342784,0,0,S,2,1,2090520,0,1970,20,91.42,73.77
56118,Historical,203449,0,0,S,2,1,419161,115,2001,34,56.38,21.62
56119,Historical,2779217,0,0,S,2,1,2320785,76.95,1996,13,52.94,82.22
56120,Historical,165348,0,0,S,3,1,585846,219.95,2004,32,52.94,43.98
56121,Historical,608926,0,0,S,2,1,972504,81.95,2005,46,43.19,22.99
56122,Historical,616881,1,1,S,3,1,1843091,65.95,1999,32,38.63,71.84
56123,Historical,702027,0,0,S,6,1,1139240,55,2011,19,48.63,25.94
56124,Historical,606783,0,0,S,5,1,622016,51.95,2008,38,48.63,99.95
56125,Historical,57886,0,0,S,7,1,2905704,73.95,2001,57,64.09,13.99
56126,Historical,2551999,0,0,S,2,1,4191670,460,1992,12,72.99,48.55
56127,Historical,203342,0,0,S,2,1,908336,179,2000,13,22.19,104.71
56128,Historical,789603,0,0,S,6,1,1628254,119,2007,20,55.93,37.41
56129,Historical,789372,0,0,S,5,1,4501607,110,2003,15,55.93,92.85
56130,Historical,789003,0,0,S,2,1,6370364,129,2002,15,75.99,49.91
56131,Historical,789528,0,0,S,3,1,2727062,164.95,2005,18,75.99,43.69
56132,Historical,1694156,0,0,S,1,0,558735,70,2008,16,46.59,55.72
56133,Historical,2906845,0,0,S,1,0,706824,44.98,2002,20,16.63,39.94
56134,Historical,152048,0,0,S,2,1,1765644,115,2004,29,126.99,48.27
56136,Historical,3514004,0,0,S,2,1,2898028,99,1983,12,0,60.17
56137,Historical,236838,0,0,S,5,1,273760,32.5,1998,51,24.05,73.18
56138,Historical,578068,0,0,S,2,1,2124315,139,2004,35,42.8,15.99
56139,Historical,152272,0,0,S,3,1,1201319,89.95,2005,34,42.8,18.32
56140,Historical,147432,0,0,S,2,1,1802647,39.95,2006,38,23.3,12.98
56141,Historical,300160,0,0,S,2,1,433655,44.95,2003,54,38.71,6.99
56142,Historical,609347,0,0,S,3,1,581477,69.95,2005,29,52.75,35.03
56143,Historical,152264,0,0,S,0,0,661809,109,2005,21,98.39,73.93
56145,Historical,131626,0,0,S,8,1,1050846,65.4,2002,38,92.54,10.49
56146,Historical,125878,0,0,S,2,1,4037050,120.95,1998,16,109.89,58.44
56147,Historical,607947,0,0,S,3,1,3281788,89.2,2006,49,42.93,6.99
56148,Historical,247605,0,0,S,1,0,1095999,36.95,2005,66,37.33,8.01
56149,Historical,575858,0,0,S,3,1,2118516,50.25,2010,38,33.73,10.99
56150,Historical,114515,0,0,S,2,1,6348871,59,2002,24,20.45,6.94
56151,Historical,117979,0,0,S,3,1,3153193,81.6,2005,39,20.45,9.98
56152,Historical,130143,0,0,S,2,1,2237344,42.4,2003,38,10.79,43.51
56153,Historical,626388,0,0,S,2,1,955728,37,2007,33,26.87,23.96
56154,Historical,3077303,0,0,S,0,0,987985,39.95,2005,14,95.95,47.2
56155,Historical,739406,0,0,S,4,1,4258933,55,2000,33,70.86,5.46
56156,Historical,920348,0,0,S,4,1,2048301,79.6,2001,34,83.79,4
56157,Historical,52074,0,0,S,10,1,710573,82.95,2007,48,11.31,11.97
56158,Historical,183259,0,0,S,5,1,3233770,118.95,2005,26,43.04,23.98
56159,Historical,170146,0,0,S,7,1,866282,78.95,2011,85,43.04,15.68
56160,Historical,918135,0,0,S,6,1,1042796,82.95,2008,44,43.04,23.99
56161,Historical,543736,0,0,S,3,1,314854,49.95,2010,43,0,0
56162,Historical,131734,0,0,S,5,1,321428,111,2009,20,104.02,249.73
56163,Historical,542126,0,0,S,0,0,478771,39.99,1998,45,0,25.68
56164,Historical,254890,0,0,S,2,1,609347,55.95,2006,68,28.38,39.94
56165,Historical,596030,0,0,S,1,0,1390249,35.95,2007,24,47.24,33.93
56166,Historical,578910,0,0,S,2,1,2085129,37.95,2004,58,28.33,6.48
56167,Historical,54399,0,0,S,5,1,239686,108.27,2008,29,88.99,83.99
56168,Historical,157408,0,0,S,4,1,1594862,74.95,2006,43,89.99,41.93
56169,Historical,55662,0,0,S,12,1,541850,130.95,2006,74,78.67,13.94
56170,Historical,642023,0,0,S,8,1,248402,64.04,2009,27,10.77,53.02
56171,Historical,617417,0,0,S,7,1,516813,56.56,2004,21,10.77,45.47
56172,Historical,153814,0,0,S,2,1,597005,6.94,2011,101,26.96,7.78
56173,Historical,56478,0,0,S,4,1,49267,54,2011,68,43.97,44.99
56174,Historical,3015111,0,0,S,3,1,211545,74.95,1998,18,0,43.94
56175,Historical,254413,0,0,S,3,1,2434293,34.95,2008,22,0,34.7
56176,Historical,254419,1,2,S,4,1,722689,49.95,2010,41,8.45,32.89
56177,Historical,57683,0,0,S,3,1,94107,64.95,2011,63,38.47,38.26
56178,Historical,907115,1,2,S,2,1,1131841,60,2000,19,31.99,43.99
56179,Historical,120989,0,0,S,2,1,631046,126.8,1997,64,43.29,56.23
56180,Historical,131298,0,0,S,1,0,479611,100.4,2002,42,33.79,24.43
56181,Historical,184445,0,0,S,2,1,2501685,68.95,2002,35,24.52,23.98
56182,Historical,773889,0,0,S,4,1,1309740,13.94,2004,41,37.64,9.41
56183,Historical,613811,0,0,S,2,1,1383796,35.73,2003,48,28.98,33.99
56184,Historical,654370,0,0,S,2,1,2293439,115.95,2004,21,89.52,76.46
56185,Historical,2613569,0,0,S,2,1,5175033,239.99,2002,14,39.77,126.83
56186,Historical,866377,0,0,S,2,1,1613451,39.99,2012,14,26.39,126.83
56187,Historical,193604,0,0,S,2,1,1136201,110.95,2008,31,44.83,33.07
56188,Historical,2364886,0,0,S,8,1,6634308,29.4,2001,13,41.65,37.94
56189,Historical,704615,0,0,S,12,1,1774030,43.31,2005,25,191.85,28.19
56190,Historical,912668,1,3,S,6,1,1221452,0,2007,24,36.86,67.93
56191,Historical,621368,0,0,S,7,1,132417,91.67,2009,25,79.92,134.61
56192,Historical,224738,1,1,S,8,1,399647,328.95,2011,27,159.21,217.1
56193,Historical,207720,0,0,S,5,1,886100,36.18,1996,39,51.04,46.15
56194,Historical,618258,0,0,S,5,1,464702,49.95,2010,28,41.81,30.98
56195,Historical,912715,1,1,S,3,1,2170324,37.95,2003,29,41.81,13.94
56196,Historical,321881,0,0,S,1,0,638707,49.99,2003,49,26.37,17.19
56197,Historical,878593,1,1,S,0,0,1123274,51.99,2011,18,78.61,23.94
56198,Historical,57300,0,0,S,0,0,93098,109.3,2009,56,78.61,77.99
56199,Historical,1454563,1,1,S,0,0,616550,85.5,2011,24,50.89,49.03
56200,Historical,628389,0,0,S,3,1,2572053,79.99,2009,32,52.04,23.99
56201,Historical,789532,0,0,S,2,1,8180521,63.95,2005,23,52.04,5.99
56202,Historical,748377,0,0,S,2,1,2912380,170,2006,23,88.98,73.61
56203,Historical,145550,0,0,S,7,1,734881,59.4,2006,26,44.77,45.77
56204,Historical,2759499,0,0,S,1,0,1634908,61.95,2004,30,49.58,61.95
56205,Historical,608916,0,0,S,2,1,1411365,17.99,1992,74,23.46,16.91
56206,Historical,213184,0,0,S,2,1,1962571,66.95,2006,21,44.25,52.41
56207,Historical,300382,0,0,S,2,1,394510,39.99,2009,48,27.98,39.99
56208,Historical,625449,0,0,S,4,1,1052550,69.95,2003,23,52.91,49.33
56209,Historical,766305,0,0,S,9,1,3184506,36.95,2008,12,35.09,18.98
56210,Historical,286165,0,0,S,5,1,1048363,68.73,2005,31,52.03,675
56211,Historical,132903,0,0,S,6,1,532138,102.6,2009,59,52.03,47.59
56212,Historical,508487,0,0,S,0,0,529442,39.95,2004,32,36.87,26.94
56213,Historical,258071,0,0,S,3,1,646295,50,2000,97,39.31,10.99
56214,Historical,265577,0,0,S,2,1,1865315,44.95,2005,31,0,7.98
56215,Historical,57876,0,0,S,5,1,1062304,54.95,2000,135,28.99,7.42
56216,Historical,153142,0,0,S,1,0,69630,50,2000,21,15.6,78.89
56217,Historical,386459,1,1,S,2,1,128074,38.95,2009,73,26.74,15.42
56218,Historical,247645,0,0,S,2,1,328147,43.95,2005,98,8.96,16.65
56219,Historical,2802448,0,0,S,0,0,602666,27.95,1996,46,29.55,12.74
56220,Historical,910040,0,0,S,0,0,213918,34,2002,34,25.95,33.85
56221,Historical,2013831,0,0,S,0,0,49174,60,2015,15,43.43,43.62
56222,Historical,607422,0,0,S,3,1,1074809,98,1998,25,11.97,73.42
56223,Historical,115646,0,0,S,0,0,88685,168.6,2004,88,66.49,57.19
56224,Historical,416604,0,0,S,4,1,370912,83.5,2010,14,50.84,68.99
56225,Historical,163993,0,0,S,6,1,508147,11.99,2004,45,33.09,22.39
56226,Historical,134822,0,0,S,1,0,1179195,41,2007,23,23.24,27.02
56227,Historical,167086,0,0,S,4,1,858519,152,2006,26,53.99,38.31
56228,Historical,152687,0,0,S,2,1,1145974,119,2001,26,122.45,88.5
56229,Historical,3227811,0,0,S,7,1,10138797,52.3,2005,22,0,61.74
56230,Historical,867689,0,0,S,0,0,797034,59,2013,44,50.97,18.77
56231,Historical,526628,1,1,S,4,1,1244195,83.8,2004,24,72.99,43.1
56232,Historical,2131836,0,0,S,2,1,5675079,140,2009,14,46.17,63.62
56233,Historical,192395,0,0,S,3,1,872364,62.95,2004,68,63.99,16.44
56234,Historical,526626,1,1,S,4,1,354225,76.95,2010,54,63.99,41.45
56235,Historical,526623,0,0,S,6,1,65450,238.8,2011,47,219.56,132.72
56236,Historical,60816,0,0,S,4,1,996031,160,2004,27,219.56,78.45
56237,Historical,759191,0,0,S,6,1,1677727,0,1998,20,138.9,54.94
56238,Historical,607230,0,0,S,5,1,1285354,114.4,2002,24,123.99,43.99
56239,Historical,565042,0,0,S,0,0,963321,39.95,2004,21,27.99,24.74
56240,Historical,620875,1,1,S,0,0,501461,55,2004,52,46.12,28.98
56241,Historical,905485,0,0,S,2,1,1335271,90,2005,23,27.64,27.88
56242,Historical,256801,0,0,S,2,1,1319793,62.95,2002,24,23.99,43.74
56243,Historical,910922,0,0,S,1,0,1220536,81,2007,23,24.63,44.82
56244,Historical,2551599,0,0,S,3,1,3811404,88.95,2005,18,29.99,49.64
56245,Historical,217335,0,0,S,3,1,318223,45,2010,32,14.64,13.78
56246,Historical,55768,0,0,S,6,1,85346,100.5,2009,36,32.13,43.99
56247,Historical,55766,1,1,S,5,1,1732265,70.2,2005,59,32.13,15.44
56248,Historical,115761,0,0,S,7,1,1875505,74.6,2003,31,35.79,16.97
56249,Historical,116144,0,0,S,9,1,1536305,75.8,2004,52,73.74,6.98
56250,Historical,270044,0,0,S,4,1,646489,187,2007,25,103.98,63.99
56251,Historical,2664588,0,0,S,20,1,928701,115,2000,25,40.64,73.83
56252,Historical,902932,0,0,S,20,1,2967332,115,2003,10,40.64,77.53
56253,Historical,560040,0,0,S,2,1,38854,69.22,2009,87,31.86,55.94
56254,Historical,913378,0,0,S,3,1,751304,69.92,1996,36,13.86,61.07
56255,Historical,510566,0,0,S,4,1,962510,129,2005,16,64.45,58.03
56257,Historical,609232,0,0,S,2,1,1385043,40.95,2006,42,31.79,10.88
56258,Historical,609239,0,0,S,3,1,223201,50.99,2009,45,31.79,23.9
56259,Historical,147284,0,0,S,4,1,713778,45.95,2006,36,47.6,18.99
56260,Historical,2363357,0,0,S,3,1,4024800,112,2004,23,58.99,36.82
56261,Historical,618010,1,1,S,2,1,563158,87.95,2004,58,54.62,35.17
56262,Historical,1477205,0,0,S,3,1,238693,21.25,2012,4,0,26.65
56263,Historical,626362,0,0,S,1,0,1005061,39.99,2008,19,27.98,43.96
56264,Historical,626997,0,0,S,2,1,1201356,83.95,2005,25,193.64,32.57
56265,Historical,911829,0,0,S,0,0,687345,25.99,1990,25,38,51.49
56266,Historical,920790,0,0,S,3,1,169723,39.95,2005,65,31.98,11.97
56267,Historical,60819,0,0,S,4,1,1087147,51.51,2002,60,83.98,33.98
56268,Historical,860170,0,0,S,7,1,765072,39.99,2010,17,24.96,75.98
56269,Historical,871737,0,0,S,8,1,270675,39.99,2013,25,24.96,27.88
56270,Historical,625366,1,1,S,6,1,1336075,39.99,2007,37,24.96,22.44
56271,Historical,272888,0,0,S,2,1,2702213,79.95,2004,19,51.96,12.57
56272,Historical,275926,0,0,S,2,1,425672,48,1996,23,38.72,46.94
56273,Historical,199211,0,0,S,2,1,1494744,73.95,2004,63,43.98,13.94
56274,Historical,60828,0,0,S,2,1,370562,65,2003,25,33.21,20.99
56275,Historical,704805,0,0,S,6,1,2615423,0,2006,44,110.92,23.99
56276,Historical,222297,1,1,S,1,0,787008,79,2009,61,36.68,11.99
56277,Historical,213090,0,0,S,0,0,1357698,42.95,2005,23,32.91,36.81
56278,Historical,131547,0,0,S,9,1,2297097,100,2002,43,19.19,35.43
56279,Historical,913835,0,0,S,2,1,1026822,58.95,2005,31,33.98,41.99
56280,Historical,507715,1,1,S,3,1,240105,82,2010,47,33.98,53.99
56281,Historical,149662,0,0,S,5,1,1209408,58.95,2009,44,48.19,45.76
56282,Historical,908415,0,0,S,4,1,2873413,42.95,2004,40,48.19,48.33
56283,Historical,60822,0,0,S,2,1,2237101,154.95,2005,48,180.74,6.69
56284,Historical,131597,0,0,S,5,1,3082126,120,2003,43,93.99,10.27
56285,Historical,53946,0,0,S,4,1,1975753,146.95,2004,48,165.99,8.19
56286,Historical,200127,0,0,S,2,1,2287829,100.95,2005,41,29.93,24.86
56287,Historical,50380,0,0,S,5,1,629268,16.07,2005,47,133.93,52.08
56288,Historical,322763,1,1,S,2,1,800854,105.6,2009,20,112.66,78.97
56289,Historical,771143,0,0,S,2,1,3303037,88.76,2003,31,97.76,29.98
56290,Historical,60823,0,0,S,2,1,1930692,156.95,2005,52,131.47,13.98
56291,Historical,272549,0,0,S,2,1,992957,72,2011,17,48.92,8.72
56292,Historical,198302,0,0,S,3,1,1411332,49.95,2001,41,41.57,33.99
56293,Historical,198352,0,0,S,4,1,267386,64.95,2005,33,41.57,42.8
56294,Historical,293258,0,0,S,1,0,849364,82,2004,31,39.33,18.05
56295,Historical,290522,0,0,S,2,1,336144,73.95,2002,75,0,51.86
56296,Historical,272481,0,0,S,0,0,1097214,63,2009,20,39.75,53.99
56297,Historical,156703,0,0,S,5,1,2841112,49.95,2000,18,43.99,61.9
56298,Historical,526590,0,0,S,3,1,823094,59.98,2009,16,44.85,37.93
56299,Historical,109005,0,0,S,7,1,1761036,28.94,2005,72,125.11,23.94
56300,Historical,247556,0,0,S,3,1,1533034,74,2006,31,29.74,25.98
56301,Historical,774197,0,0,S,7,1,1239091,598.59,2007,16,87.74,153.96
56302,Historical,267924,1,1,S,3,1,93091,63.95,2006,49,49.76,62.95
56303,Historical,278227,0,0,S,4,1,214741,44.95,2005,14,0,0
56304,Historical,876366,0,0,S,12,1,5407908,43.4,2001,19,30.57,13.99
56305,Historical,386425,1,1,S,4,1,206216,60,2009,21,0,0
56306,Historical,801281,0,0,S,3,1,1369929,98,2008,36,49.22,47.23
56307,Historical,2722708,0,0,S,2,1,2094077,69,2004,26,39.19,45.91
56308,Historical,1771729,0,0,S,3,1,1322302,46.95,2011,21,103.98,37.94
56309,Historical,120278,0,0,S,5,1,945707,80,2009,17,81.85,48.99
56310,Historical,163061,1,1,S,2,1,54365,65,2011,79,38.47,39.02
56311,Historical,166615,0,0,S,1,0,389079,55,2007,56,38.47,38.99
56312,Historical,638635,0,0,S,2,1,1309525,54,2001,11,42.22,63.52
56313,Historical,635896,0,0,S,3,1,697472,113.33,2001,23,81.07,50.85
56314,Historical,115933,0,0,S,4,1,829403,120,2004,24,81.07,79.69
56315,Historical,619208,0,0,S,1,0,559869,80,2003,55,28.75,18.75
56317,Historical,204154,0,0,S,4,1,542155,66.99,2009,36,30.58,12.73
56318,Historical,203737,0,0,S,3,1,1921688,69.95,2005,43,30.58,13.89
56319,Historical,285988,0,0,S,6,1,1696071,101.4,2005,37,35.46,14.4
56320,Historical,210788,0,0,S,2,1,843911,52.95,1998,43,25.99,15.49
56321,Historical,546784,0,0,S,9,1,90697,52.99,2011,39,19.99,27.99
56322,Historical,247925,1,1,S,4,1,92048,69,2011,91,45.38,43.92
56323,Historical,641414,0,0,S,1,0,1269858,52.6,2010,23,42.67,10.99
56324,Historical,624201,0,0,S,3,1,1209498,139,2008,24,96.19,35.45
56325,Historical,287120,0,0,S,2,1,468396,26.99,2009,39,33.11,32.42
56326,Historical,758469,0,0,S,2,1,448705,90,1999,22,92.84,62.92
56327,Historical,52840,0,0,S,6,1,592227,14.16,2006,92,127.99,13.63
56329,Historical,261274,1,1,S,1,0,773036,81,2006,54,15.43,29.95
56330,Historical,2539376,0,0,S,2,1,540592,52.95,2001,28,121.2,17.06
56331,Historical,739597,0,0,S,5,1,2578194,50.33,2002,26,37.33,13.23
56332,Historical,903888,0,0,S,2,1,1974712,100.85,2003,21,73.02,48.13
56333,Historical,2019051,0,0,S,1,0,805988,79.95,2006,21,32.97,12.91
56334,Historical,299854,0,0,S,2,1,577011,39.95,2006,40,16.81,29.94
56335,Historical,526548,0,0,S,5,1,329427,69.99,2009,18,38.54,33.06
56336,Historical,204072,0,0,S,4,1,3310969,64.95,2005,28,38.54,13.98
56337,Historical,147175,0,0,S,7,1,1092039,58.95,2005,25,61.92,28.99
56338,Historical,238314,0,0,S,2,1,2758209,42,1996,18,559.63,87.4
56339,Historical,577352,0,0,S,4,1,851448,49.95,2003,60,21.8,17.4
56340,Historical,526546,0,0,S,6,1,279041,99.95,2012,21,48.98,63.8
56341,Historical,873784,1,1,S,4,1,35488,67.95,2014,12,43.99,65.63
56342,Historical,428263,0,0,S,4,1,557101,81.2,1999,34,40.39,73.97
56343,Historical,1474474,0,0,S,1,0,1200764,56,2011,19,26.3,44.66
56344,Historical,905462,0,0,S,0,0,1121053,43.95,1997,23,43.26,73.96
56345,Historical,624400,0,0,S,5,1,1259899,59.99,2007,44,4,18.94
56346,Historical,546331,0,0,S,2,1,3881341,41.95,2002,23,29.33,7.98
56347,Historical,262750,0,0,S,3,1,1350021,44.95,2009,37,29.33,53.52
56348,Historical,125625,0,0,S,3,1,3447870,29.95,1995,34,25.49,8.98
56349,Historical,597959,1,2,S,3,1,290041,40.95,2004,42,19.99,68.46
56350,Historical,178112,0,0,S,1,0,1810497,112.95,2005,33,63.11,64.38
56351,Historical,1517805,0,0,S,4,1,4583587,449,2008,14,288.99,70.99
56352,Historical,743542,0,0,S,3,1,4945465,449,2003,6,133.33,78.99
56353,Historical,666866,0,0,S,0,0,550125,59.99,2010,14,41.68,40.15
56354,Historical,671855,0,0,S,2,1,1811897,59.95,2002,26,41.93,39.98
56355,Historical,722471,0,0,S,1,0,463744,72.95,2006,25,42.77,88.04
56356,Historical,204812,0,0,S,2,1,606783,39.95,1997,115,16.18,10.97
56359,Historical,2407250,0,0,S,5,1,2249177,49.95,1995,28,10.24,68.23
56360,Historical,572560,0,0,S,2,1,363944,35.95,2000,52,30,19.89
56361,Historical,863098,0,0,S,2,1,663599,51.95,2003,30,38.98,18.96
56362,Historical,299436,0,0,S,3,1,824736,104,2003,13,66.98,66.95
56363,Historical,196712,0,0,S,3,1,680459,76.95,2006,28,33.24,27.99
56364,Historical,164540,0,0,S,1,0,720563,120,1999,24,0,60
56365,Historical,120821,0,0,S,2,1,309414,206.67,2009,24,74.95,63.99
56366,Historical,261090,0,0,S,4,1,1592238,28.95,2003,19,38.13,29.94
56367,Historical,367615,0,0,S,0,0,1755548,160,2003,25,32.64,50.36
56368,Historical,524930,0,0,S,3,1,1179229,70,2010,24,39.45,64.95
56369,Historical,868022,0,0,S,2,1,233103,98.13,2001,35,13.99,68.37
56370,Historical,284881,0,0,S,7,1,1106727,99,2001,27,85.33,69.72
56371,Historical,253978,0,0,S,8,1,295810,195,2009,42,81.97,72.99
56372,Historical,2885221,0,0,S,1,0,352812,16.95,2005,32,233.99,13.02
56373,Historical,913142,0,0,S,0,0,446062,16.95,2005,38,233.99,12.97
56374,Historical,128907,0,0,S,5,1,1499053,75,2003,16,38.93,17.04
56375,Historical,629473,0,0,S,0,0,1788802,39.95,2008,20,34.58,28.98
56376,Historical,2576786,0,0,S,1,0,330155,180,1987,18,63.99,94.46
56377,Historical,607261,0,0,S,4,1,1475598,67,2002,38,65.79,27.97
56379,Historical,550923,0,0,S,6,1,1198980,85.37,2010,18,87.99,602.99
56380,Historical,1741876,0,0,S,2,1,210791,126.69,2006,14,0,23.99
56381,Historical,294155,0,0,S,6,1,2506844,259,2005,17,204.79,11.09
56382,Historical,592321,0,0,S,3,1,885622,99,2007,39,93.94,21.99
56383,Historical,618285,0,0,S,0,0,83754,44.99,2008,43,0,0
56384,Historical,184672,0,0,S,10,1,3275318,57.95,2001,28,20.48,51.99
56385,Historical,385734,0,0,S,11,1,502132,82.95,2006,29,20.48,27.79
56386,Historical,875632,0,0,S,3,1,3811911,0,2003,19,74.81,90.77
56387,Historical,661643,0,0,S,9,1,1385477,515,2004,14,213.99,182.99
56388,Historical,628920,1,1,S,2,1,1158810,79.95,2003,20,111.64,33.91
56389,Historical,526499,0,0,S,11,1,949314,59.95,2010,25,38.31,104.16
56390,Historical,789075,0,0,S,3,1,5328050,169,2002,13,252.99,59.47
56391,Historical,546446,0,0,S,2,1,408414,90,2005,50,47.12,53.99
56392,Historical,2165430,0,0,S,0,0,274213,152.95,2013,25,133.65,48.94
56393,Historical,907929,0,0,S,0,0,867241,69.99,2003,13,59.51,84.92
56394,Historical,1615934,0,0,S,1,0,814203,49.99,2006,69,35.82,13.98
56395,Historical,629156,0,0,S,2,1,372176,44.99,2012,50,31.85,11.87
56396,Historical,185976,0,0,S,2,1,820574,49.99,2006,43,31.03,10.08
56397,Historical,53788,1,1,S,6,1,519574,5.06,2009,62,26.88,6.63
56398,Historical,53786,1,1,S,6,1,46085,18.41,2007,112,26.88,13.63
56399,Historical,718049,0,0,S,1,0,707997,99,1999,52,0,15.49
56401,Historical,582250,1,1,S,3,1,1697589,70,2009,34,26.87,9.87
56402,Historical,870959,0,0,S,5,1,2720470,40,2003,35,32.73,6.94
56403,Historical,295404,1,2,S,6,1,403433,48,2008,69,32.73,16.7
56404,Historical,774451,0,0,S,7,1,3740378,338,2004,14,353.91,80.87
56405,Historical,298384,0,0,S,18,1,953372,221.95,2007,25,98.99,186.73
56406,Historical,337068,1,1,S,2,1,822036,46.95,2008,19,45.92,41.49
56407,Historical,55452,0,0,S,4,1,900492,52.6,2005,41,19.99,4.73
56408,Historical,55453,0,0,S,5,1,113042,43.8,2009,55,19.99,19.79
56409,Historical,197299,0,0,S,0,0,747650,129.95,2008,36,39.98,125.97
56410,Historical,633283,0,0,S,1,0,717431,203,2009,29,194,191.85
56411,Historical,662997,0,0,S,0,0,721709,0,2006,17,121.85,130.19
56412,Historical,143281,0,0,S,3,1,1423681,180,2009,36,121.47,9.49
56413,Historical,51011,0,0,S,7,1,912246,134.95,2008,20,82.59,78.58
56414,Historical,802341,0,0,S,1,0,1020993,250.95,2008,37,58.98,47.46
56415,Historical,758460,0,0,S,2,1,1998409,164,2002,21,63.99,70.15
56416,Historical,625593,0,0,S,2,1,1236094,0,1963,21,44.46,129.41
56417,Historical,185999,0,0,S,5,1,1153909,39.99,2009,45,24.67,9.94
56418,Historical,627889,0,0,S,6,1,165184,44.99,2012,37,24.67,31.46
56419,Historical,1625100,0,0,S,5,1,1081571,49.99,2007,79,24.67,8.93
56420,Historical,185969,0,0,S,2,1,1795452,39.99,2005,42,16.53,4.94
56421,Historical,608876,0,0,S,4,1,1840436,39.99,2008,31,16.32,18.62
56422,Historical,526443,0,0,S,6,1,222390,44.99,2010,36,8.73,28.67
56423,Historical,864266,0,0,S,2,1,1567227,84.39,2012,8,65.12,43.99
56424,Historical,2043059,0,0,S,3,1,1299141,69.95,2008,11,69.22,64.33
56425,Historical,2043118,0,0,S,6,1,1759094,53.18,2010,18,43.11,35.39
56426,Historical,643979,0,0,S,1,0,760324,83.95,2009,17,35.54,53.99
56427,Historical,757771,1,2,S,4,1,2350655,101.95,2002,18,0,69.99
56428,Historical,646566,0,0,S,2,1,1399979,69.95,2007,15,47.99,170.47
56429,Historical,633913,0,0,S,3,1,3076432,99.95,2001,16,44.48,11.98
56430,Historical,921067,0,0,S,2,1,1431990,0,1997,54,25,47.04
56431,Historical,758496,0,0,S,2,1,243696,44.95,1998,155,25,13.94
56432,Historical,788756,0,0,S,8,1,2804951,79.95,2000,23,74.62,11.57
56433,Historical,789059,1,1,S,9,1,3764483,95,2006,25,74.62,12.49
56434,Historical,1624760,0,0,S,0,0,473230,35,2010,60,27.58,9.99
56435,Historical,657670,0,0,S,1,0,35769,45,2006,51,56.67,91.47
56436,Historical,609934,0,0,S,6,1,230,64.95,2013,160,30.85,51.94
56437,Historical,608914,1,1,S,3,1,548367,54.95,2006,91,22.24,23.99
56438,Historical,248873,0,0,S,2,1,2482556,72.95,2006,17,80.42,63.65
56439,Historical,774791,0,0,S,2,1,1747673,139,2000,21,129.66,149.75
56440,Historical,630521,0,0,S,0,0,225983,42.95,2014,26,36.64,11.9
56441,Historical,248768,0,0,S,1,0,1127935,54.95,2005,60,12.06,4.56
56442,Historical,192919,0,0,S,2,1,2841850,74.95,2003,25,9.48,6.65
56444,Historical,3042351,0,0,S,1,0,406922,79.8,2002,53,32.89,38.99
56445,Historical,2059254,0,0,S,1,0,763956,32,2007,20,123.97,21.49
56446,Historical,875255,0,0,S,8,1,891971,30.08,2003,48,141.82,53.13
56447,Historical,135556,0,0,S,2,1,111818,50.95,2004,23,37.71,78.63
56448,Historical,2664611,0,0,S,5,1,2668072,319.99,2000,14,202.99,87.49
56449,Historical,546028,0,0,S,4,1,113366,84.95,2012,17,51.99,65.04
56450,Historical,2678146,0,0,S,5,1,3746841,679.95,2005,16,332.04,132.19
56451,Historical,1489700,0,0,S,0,0,1542296,32,2012,18,95.87,26.22
56452,Historical,656967,0,0,S,11,1,2225200,67.95,2007,21,49.71,38.58
56453,Historical,132285,0,0,S,9,1,169124,146.8,2007,40,168.01,38.99
56454,Historical,114718,0,0,S,4,1,1765082,93.33,2003,42,83.93,29.95
56455,Historical,118460,0,0,S,2,1,1143784,34.67,2006,27,33.44,13.93
56456,Historical,121280,0,0,S,5,1,85251,145.2,2012,40,98.13,132.37
56457,Historical,60837,0,0,S,3,1,1095402,71.4,2004,48,98.13,38.93
56459,Historical,655561,0,0,S,3,1,77899,44.95,2011,42,34.83,41.58
56460,Historical,2898757,0,0,S,2,1,1820730,99.26,2000,36,0,47.77
56461,Historical,627539,0,0,S,7,1,444286,80.95,2008,27,0,0
56462,Historical,592071,0,0,S,3,1,1463768,72.95,2007,96,44.55,23.94
56463,Historical,248134,0,0,S,4,1,228401,72,2011,60,44.55,38.3
56464,Historical,868429,0,0,S,2,1,2874023,33.99,2001,51,17.04,4.98
56465,Historical,1591789,0,0,S,0,0,1268349,54.99,2010,26,32.11,35.48
56466,Historical,105938,0,0,S,8,1,1504760,160,2004,12,103.98,33.96
56467,Historical,129095,0,0,S,1,0,66061,11.95,2008,70,43.19,7.23
56468,Historical,824555,0,0,S,3,1,1046316,32.95,2000,12,32.96,23.98
56469,Historical,743030,0,0,S,2,1,1610079,176.33,2011,13,101.89,0
56470,Historical,616106,0,0,S,1,0,286351,111.15,2006,66,43.96,38.98
56471,Historical,720355,0,0,S,0,0,1115804,48,2001,18,0,18.97
56472,Historical,566392,0,0,S,4,1,697989,7.73,2003,71,43.67,16.87
56473,Historical,281304,0,0,S,3,1,907514,69.95,2010,25,20.63,65.98
56474,Historical,269992,1,1,S,5,1,747021,186,2007,18,136.34,58.99
56475,Historical,255409,0,0,S,3,1,56956,49.95,2005,59,42.57,34.65
56476,Historical,112800,0,0,S,2,1,569665,42.95,2004,38,24.48,20.93
56477,Historical,297833,0,0,S,7,1,143474,115.25,2006,15,0,0
56478,Historical,210364,0,0,S,1,0,445339,50,2002,23,55.67,27.78
56479,Historical,722319,0,0,S,0,0,176003,49.99,2004,19,41.43,34.43
56480,Historical,722297,0,0,S,0,0,833773,59.99,2002,13,34.99,41.02
56481,Historical,287744,0,0,S,3,1,323032,42.95,2004,37,29.87,45.69
56482,Historical,287751,0,0,S,4,1,532643,37.95,2009,58,29.87,43.94
56483,Historical,108310,0,0,S,2,1,1646391,11.43,2003,38,85.09,10.76
56484,Historical,120726,0,0,S,2,1,954008,54.99,2008,46,30.76,8.29
56485,Historical,295759,0,0,S,19,1,1158594,145,2007,25,44.99,78.99
56486,Historical,908153,0,0,S,1,0,1377415,45,2005,14,19.99,51.99
56487,Historical,526372,0,0,S,4,1,298692,41.95,2008,42,34.98,34.01
56488,Historical,725294,0,0,S,4,1,4394179,60,2009,11,66.94,97.77
56489,Historical,725174,0,0,S,3,1,5258536,55,2005,15,66.94,116.59
56490,Historical,613795,0,0,S,4,1,607523,47.95,2008,54,39.93,10.99
56491,Historical,248213,1,2,S,5,1,733531,54,2011,76,39.93,9
56492,Historical,920844,0,0,S,3,1,4852973,39.95,2004,39,39.93,6.99
56493,Historical,918578,0,0,S,0,0,543452,36,1999,33,28.98,42.95
56494,Historical,624329,0,0,S,5,1,489589,49.95,2010,44,23.96,18.94
56495,Historical,620064,0,0,S,3,1,2293624,177,2005,20,108.9,49.53
56496,Historical,270101,0,0,S,7,1,1376964,199,2010,33,103.26,53.99
56497,Historical,636789,0,0,S,5,1,1262762,200.25,2009,19,67.5,10.03
56498,Historical,104166,0,0,S,1,0,184827,65,1996,46,9.26,36.54
56499,Historical,1452034,0,0,S,2,1,2472754,97.33,2012,18,65.46,85.6
56500,Historical,648143,0,0,S,3,1,2122478,53.95,2004,29,37.57,51.48
56501,Historical,868645,0,0,S,3,1,3984181,126,2002,12,39.57,23.94
56502,Historical,117704,1,1,S,0,0,672639,145.6,2005,46,33.81,29.99
56503,Historical,53800,0,0,S,2,1,1296312,139.95,2004,84,128.97,6.74
56504,Historical,163303,0,0,S,3,1,1657348,59.95,2003,13,42.34,46.1
56505,Historical,3015101,0,0,S,1,0,975942,68.95,1999,21,83.01,33.94
56508,Historical,874006,0,0,S,3,1,1123318,159.5,2003,14,93.96,83.99
56509,Historical,285531,0,0,S,9,1,376302,427,2010,44,95.85,117.49
56510,Historical,615683,1,2,S,9,1,385716,258.75,2010,60,95.85,87.89
56511,Historical,109682,1,2,S,6,1,579344,58.99,2006,75,120.21,49.57
56512,Historical,661063,0,0,S,6,1,1334487,104,2012,16,0,51.99
56513,Historical,295825,0,0,S,3,1,1216978,80,2006,10,48.78,26.99
56514,Historical,2624271,0,0,S,2,1,4111223,30.95,1986,17,4.42,83.4
56515,Historical,870404,1,2,S,3,1,2578729,100.95,1999,20,72.9,66.87
56516,Historical,609470,0,0,S,4,1,1208034,255.95,2003,42,72.9,22.94
56517,Historical,650644,0,0,S,5,1,3651339,69.95,2006,21,70.28,25.99
56518,Historical,860178,0,0,S,6,1,3420514,69.95,2010,17,70.28,50.38
56520,Historical,1475560,0,0,S,17,1,788942,70,2012,25,63.78,52.96
56521,Historical,2178139,0,0,S,3,1,6492884,139,2006,7,110.92,107.02
56522,Historical,170012,0,0,S,8,1,698671,250.95,2009,39,139.95,112.33
56523,Historical,607658,1,2,S,4,1,1653019,191.4,1996,37,35.45,13.98
56524,Historical,627840,1,4,S,1,0,18983,48.84,2013,47,0,36.81
56525,Historical,907470,0,0,S,6,1,4271177,74,2004,30,92.48,15.29
56526,Historical,739207,0,0,S,5,1,5767802,70.8,2001,16,92.48,18.49
56527,Historical,738894,0,0,S,4,1,5307849,56,1998,19,92.48,38.22
56528,Historical,544797,1,2,S,4,1,594321,84.95,2013,30,67.99,63.45
56529,Historical,1590674,1,1,S,5,1,4138691,54.99,2010,26,46.41,48.38
56530,Historical,2231758,0,0,S,0,0,399089,35,2011,15,27,21.94
56531,Historical,233889,0,0,S,2,1,2546514,90,2005,14,53.99,6.67
56532,Historical,713876,0,0,S,2,1,628138,144,2006,45,23.99,61.99
56533,Historical,877060,0,0,S,5,1,796403,103.25,2011,22,57.95,106.58
56534,Historical,3566645,0,0,S,2,1,3124442,59.95,1998,23,0,26.19
56535,Historical,607007,0,0,S,6,1,985864,211.5,2007,31,140.85,18.49
56536,Historical,307840,0,0,S,6,1,1269145,99,2007,17,140.85,35.98
56537,Historical,254079,0,0,S,4,1,285783,377.95,2010,35,63.94,69.68
56538,Historical,148402,0,0,S,3,1,1949496,329.95,2005,51,63.94,22.49
56539,Historical,182846,0,0,S,2,1,4667351,192.95,2003,14,8.48,65.61
56540,Historical,529272,0,0,S,3,1,840961,266.95,2007,37,8.48,17.99
56541,Historical,119101,0,0,S,1,0,384057,39.99,2009,43,38.77,29.69
56542,Historical,2136370,0,0,S,0,0,541264,65,2011,11,41.83,33.99
56543,Historical,614414,0,0,S,2,1,914072,98.95,2005,30,32.35,58.23
56544,Historical,716644,0,0,S,1,0,913514,62.4,2009,21,0,48.99
56545,Historical,2802038,0,0,S,0,0,5519134,59.95,1998,19,13.44,31.94
56546,Historical,212896,0,0,S,3,1,994660,64.95,2000,17,64.05,29.35
56547,Historical,641681,0,0,S,0,0,282212,44,2006,51,42.34,107.61
56548,Historical,57861,1,1,S,10,1,31868,52.97,2010,68,63.99,59.67
56549,Historical,635426,0,0,S,1,0,381956,99,1997,23,0,30.24
56550,Historical,653681,0,0,S,8,1,1446383,89.95,2011,22,49.58,94.67
56551,Historical,789231,0,0,S,5,1,2320180,189,2004,21,124.68,12.5
56552,Historical,908965,0,0,S,9,1,518264,61.75,2011,15,200.23,28.89
56554,Historical,564882,0,0,S,5,1,2311901,77.95,2012,18,60.07,72.69
56555,Historical,130941,0,0,S,2,1,1017535,80.47,2011,19,48.26,63.98
56556,Historical,132286,0,0,S,3,1,412187,53.6,2007,66,41.18,9.74
56557,Historical,561038,0,0,S,3,1,1788239,34.4,2007,43,40.81,13.99
56558,Historical,132977,0,0,S,4,1,445021,40.2,2009,43,40.81,28.43
56559,Historical,526306,0,0,S,5,1,80535,46.2,2012,108,40.81,41.22
56560,Historical,878522,0,0,S,8,1,184506,12.98,2005,58,33.33,12.99
56561,Historical,132597,0,0,S,11,1,558199,49,2008,55,32.78,80.32
56562,Historical,132335,0,0,S,2,1,2218281,39.8,2007,46,25.78,10.06
56563,Historical,117519,1,1,S,6,1,1605162,70,2003,29,39.92,23.98
56564,Historical,115494,0,0,S,3,1,539419,66,2002,50,38.77,28.94
56565,Historical,254878,0,0,S,2,1,1939355,44.95,2004,64,51.41,19.98
56566,Historical,254414,1,1,S,3,1,342094,49.95,2009,133,51.41,11.44
56567,Historical,109606,0,0,S,11,1,2340867,11.97,2005,31,50.22,11.97
56568,Historical,613151,1,1,S,12,1,556919,18.98,2008,87,50.22,16.94
56570,Historical,128414,0,0,S,5,1,1203011,175,2002,42,38.82,39.81
56571,Historical,128419,0,0,S,5,1,1792109,150,2004,18,38.82,72.71
56572,Historical,1466006,0,0,S,5,1,3728709,110,2006,10,26.99,155.09
56573,Historical,268427,0,0,S,2,1,1130787,83,2006,17,37.04,32.78
56574,Historical,541566,0,0,S,2,1,228632,76.95,2010,41,46.43,56.59
56575,Historical,719393,0,0,S,3,1,2977711,119.99,1999,27,36.98,15.13
56576,Historical,746665,0,0,S,0,0,253303,39.95,2010,16,0,30.27
56577,Historical,620903,0,0,S,3,1,16559,33.32,2001,46,18.98,27.64
56578,Historical,715052,0,0,S,4,1,558315,0,2008,14,127.85,179.87
56579,Historical,2896318,0,0,S,0,0,717472,39.95,1988,25,153.88,50.89
56580,Historical,322741,0,0,S,8,1,2839444,79.33,2008,24,56.5,603.99
56581,Historical,183907,0,0,S,4,1,1205382,237.95,2003,43,15.97,20.63
56582,Historical,920215,0,0,S,3,1,2540280,54.95,2000,34,15.97,4.17
56583,Historical,2563434,0,0,S,7,1,4428536,99,1996,28,38.73,33.99
56584,Historical,2573910,0,0,S,4,1,455909,66,1976,28,18.99,62.07
56585,Historical,2573953,0,0,S,3,1,3593267,61.84,1977,31,61.99,54.39
56586,Historical,647463,0,0,S,4,1,683020,109,2006,16,62.53,64.91
56587,Historical,902431,0,0,S,3,1,1559928,84.95,2002,16,62.53,49.27
56588,Historical,630188,0,0,S,4,1,895937,99.58,2006,35,88.52,69.05
56589,Historical,747072,1,1,S,2,1,533698,101.37,2007,16,104.89,98
56590,Historical,619720,0,0,S,1,0,344736,176.95,1998,31,93.98,43.99
56591,Historical,51261,0,0,S,2,1,779961,153.95,2000,80,74.48,16.98
56592,Historical,107110,0,0,S,2,1,197044,59.75,2002,33,0,0
56593,Historical,308447,0,0,S,2,1,112660,59.75,2003,18,0,0
56594,Historical,700400,0,0,S,2,1,286178,89.95,2003,39,41.49,36.98
56595,Historical,285047,1,3,S,1,0,334016,52,2007,24,0,0
56596,Historical,2039317,0,0,S,3,1,2172361,96,2008,23,49.49,28.99
56597,Historical,2039345,0,0,S,3,1,2182038,108,2012,9,0,95.76
56598,Historical,203429,0,0,S,2,1,882053,64.95,2002,20,43.96,65.79
56599,Historical,2663132,0,0,S,2,1,3355758,99,1997,21,6.72,66.77
56600,Historical,662398,0,0,S,4,1,1011260,569,2008,15,304.59,169.9
56601,Historical,112189,0,0,S,3,1,1124187,32.99,2002,40,30.99,32.94
56602,Historical,617191,0,0,S,2,1,219943,40,2002,49,0,0
56603,Historical,526268,0,0,S,3,1,1143811,55.4,2010,72,37.99,7.99
56604,Historical,3120348,0,0,S,2,1,1086120,45.95,2005,33,51.94,47.95
56605,Historical,902741,1,1,S,2,1,2377854,63.95,2005,19,55.08,110
56606,Historical,607336,0,0,S,8,1,915829,66.4,2007,29,23.88,54.28
56607,Historical,889262,0,0,S,2,1,7535910,49.95,1986,16,52.92,65.21
56608,Historical,904756,0,0,S,3,1,4854514,51.95,2001,20,52.92,51.95
56609,Historical,873905,0,0,S,5,1,1058256,120.67,2006,14,162.12,122.01
56610,Historical,169792,0,0,S,6,1,555039,210.95,2008,36,162.12,73.39
56611,Historical,616858,0,0,S,1,0,460258,39.99,2006,76,20.25,14.17
56612,Historical,870958,0,0,S,2,1,2006537,128.95,2001,25,72.28,19.96
56613,Historical,645342,0,0,S,2,1,2561725,504,2002,15,115.59,80.61
56615,Historical,1772871,0,0,S,14,1,455638,55.95,2012,26,50.81,21.95
56616,Historical,3246531,0,0,S,4,1,2212908,25.36,2001,38,33.34,54.89
56617,Historical,293133,0,0,S,4,1,1412035,50.95,2001,70,33.34,18.44
56618,Historical,574594,0,0,S,4,1,1309781,83.95,2007,15,62.24,61.46
56619,Historical,2901989,0,0,S,4,1,108578,120,2000,53,18.61,13.96
56620,Historical,386588,0,0,S,1,0,560015,75.95,2009,41,75.3,33.99
56621,Historical,192527,0,0,S,2,1,1369623,129,2006,17,102.99,73.99
56622,Historical,248860,0,0,S,2,1,674019,62.95,2007,42,55.95,35.99
56623,Historical,155464,0,0,S,2,1,2668826,79.99,1995,20,67.92,73.97
56624,Historical,907570,0,0,S,2,1,3141806,23.97,1987,19,67.92,54.47
56625,Historical,147201,1,2,S,1,0,834314,57.95,2005,90,42.97,11.96
56626,Historical,412980,0,0,S,6,1,3815664,154.95,2002,38,84.69,14.19
56627,Historical,148776,0,0,S,15,1,424125,310.95,2009,37,125.35,41.98
56628,Historical,50987,0,0,S,15,1,214517,315.95,2009,99,125.35,43.56
56629,Historical,644193,0,0,S,2,1,456761,68,2003,21,52.75,141.96
56630,Historical,266990,0,0,S,9,1,1018945,78,2008,22,68.17,64.19
56631,Historical,195881,0,0,S,3,1,157744,33,2010,29,0,25.66
56632,Historical,763240,0,0,S,2,1,1983076,155,2000,16,92.93,10.97
56633,Historical,755553,0,0,S,3,1,3646599,190,2004,16,92.93,72.87
56634,Historical,869422,0,0,S,3,1,729474,44.99,2012,22,48.35,44.98
56635,Historical,105857,0,0,S,16,1,2129057,68.95,2003,28,33.99,13.99
56636,Historical,106293,0,0,S,17,1,702660,92,2007,22,33.99,35.11
56637,Historical,467740,0,0,S,3,1,2309225,122,2007,15,97.87,49.98
56638,Historical,178077,1,1,S,2,1,1137567,76.95,2004,56,12.29,4.15
56639,Historical,2143528,0,0,S,11,1,477782,65,2011,15,0,43.99
56640,Historical,2302464,1,1,S,1,0,251951,51.2,1998,23,23.63,33.14
56641,Historical,880510,0,0,S,10,1,1850340,114.97,2008,41,43.99,102.12
56642,Historical,564717,0,0,S,2,1,1703252,54.95,2008,18,15.44,14.1
56643,Historical,568754,0,0,S,0,0,563230,34.99,2002,28,56.49,29.74
56644,Historical,915820,0,0,S,2,1,198797,123.05,1991,40,44.74,126.3
56645,Historical,606731,0,0,S,2,1,2172225,22.09,1994,32,51.88,21.93
56646,Historical,2789284,0,0,S,0,0,1426381,84,1995,41,39.23,40.64
56647,Historical,393024,0,0,S,1,0,243812,90,2011,16,31.19,30.99
56648,Historical,125586,0,0,S,1,0,124878,74,2000,44,59.89,19.64
56649,Historical,130516,1,2,S,8,1,43374,113.6,2015,47,72.49,64.4
56650,Historical,545778,0,0,S,4,1,297410,91,2013,46,41.84,51.87
56651,Historical,248112,0,0,S,3,1,822739,77,2010,52,41.84,33.99
56652,Historical,157476,0,0,S,3,1,1727778,48.95,2007,18,33.98,23.94
56653,Historical,650089,0,0,S,1,0,1570575,65.5,2010,25,45.99,23.47
56654,Historical,177520,0,0,S,2,1,805716,117.95,2001,28,89.74,18.84
56655,Historical,247463,0,0,S,1,0,475637,58.95,2005,42,64.03,26.73
56656,Historical,403041,0,0,S,9,1,2274100,101.2,2005,41,13.38,19.89
56657,Historical,51063,1,1,S,2,1,1598118,99.8,2004,67,118.84,16.88
56658,Historical,552703,0,0,S,7,1,2516605,100.2,2005,48,73.99,11.99
56659,Historical,51064,0,0,S,3,1,1060489,112.8,2007,90,118.84,12.88
56660,Historical,308614,0,0,S,3,1,1670512,107.25,2002,43,101.21,15.76
56661,Historical,177720,0,0,S,5,1,2402249,119.95,2003,41,59.72,7.94
56662,Historical,793263,0,0,S,2,1,897408,88.95,2001,59,48.98,68.21
56663,Historical,428344,0,0,S,3,1,2643606,133,2004,60,120.95,11.18
56664,Historical,52045,0,0,S,8,1,693538,115.05,2005,111,83.94,9.44
56665,Historical,52043,0,0,S,9,1,387250,215.5,2006,46,83.94,22.79
56666,Historical,60854,0,0,S,12,1,707052,88.8,2004,38,72.36,31.29
56667,Historical,873499,0,0,S,4,1,3128379,34.95,2004,19,38.19,5.01
56668,Historical,526221,0,0,S,3,1,783540,85,2008,42,50.21,61.85
56669,Historical,295028,0,0,S,2,1,2774030,57.95,2003,29,65.18,23.99
56670,Historical,213291,0,0,S,3,1,273045,71.95,2008,33,65.18,61.57
56671,Historical,2488537,0,0,S,0,0,107374,42.3,2003,41,0,43.89
56672,Historical,57471,0,0,S,13,1,1074564,136,2008,30,93.52,69.85
56673,Historical,543226,0,0,S,5,1,15140,63,2013,52,35.1,48.51
56674,Historical,526220,0,0,S,4,1,480531,72.95,2010,31,35.47,72.37
56675,Historical,127306,0,0,S,3,1,399578,59.95,2007,37,35.47,13.99
56676,Historical,287535,0,0,S,1,0,99657,115.95,2004,25,65.71,38.99
56677,Historical,526217,0,0,S,2,1,3744311,74.95,2007,21,52.96,35.89
56678,Historical,135255,0,0,S,1,0,595711,40,2003,38,24.67,32.24
56679,Historical,57617,1,1,S,5,1,2249680,127.95,2004,44,51.99,14.43
56680,Historical,1928626,0,0,S,2,1,343664,53,2012,14,33.99,38.3
56681,Historical,237856,1,1,S,0,0,823601,46.95,2009,18,147.83,19.98
56682,Historical,157671,0,0,S,3,1,391921,58.95,2010,18,0,0
56683,Historical,222194,0,0,S,2,1,221736,75,2009,39,52.31,49.98
56684,Historical,320205,0,0,S,2,1,2008231,82.95,2006,35,58.01,28.89
56685,Historical,261421,0,0,S,2,1,372122,55,2003,57,38.83,9.3
56686,Historical,126770,0,0,S,7,1,1744705,69.5,2004,26,78.95,13.76
56687,Historical,131809,1,1,S,2,1,246879,98.2,2005,47,63.38,19.93
56688,Historical,254194,1,1,S,2,1,266662,203.95,2010,31,63.96,101.83
56689,Historical,60860,0,0,S,3,1,1722555,151.95,2005,56,68.5,11.92
56690,Historical,53491,0,0,S,10,1,65987,114.6,2008,365,67.24,21.74
56691,Historical,572564,0,0,S,2,1,598400,49.95,2002,18,29.74,40.41
56692,Historical,2604308,0,0,S,0,0,682008,46,2005,30,35.95,31.97
56693,Historical,2619274,0,0,S,6,1,13556464,73.95,1995,23,30.99,12.49
56694,Historical,50446,1,1,S,7,1,1561857,32.38,2006,44,88.99,30.9
56695,Historical,50449,1,5,S,9,1,71279,167.75,2010,148,88.99,19.66
56696,Historical,1447398,0,0,S,9,1,1362510,31.99,2008,36,118.98,30.96
56697,Historical,51933,0,0,S,2,1,2046359,93.33,2006,79,58.99,13.21
56698,Historical,428578,0,0,S,10,1,333037,151.8,2009,43,118.98,43.96
56699,Historical,495346,0,0,S,2,1,256357,58,2010,93,57.22,13.7
56700,Historical,592177,0,0,S,3,1,384847,62,2012,103,57.22,5.22
56701,Historical,538886,0,0,S,41,1,919790,55.75,2013,76,44.78,32.98
56702,Historical,428592,0,0,S,13,1,558707,151.8,2009,63,103.49,45.29
56703,Historical,765384,0,0,S,8,1,11469592,44.95,2001,26,57.73,9.28
56704,Historical,303798,0,0,S,1,0,478272,102,2005,87,4,12.98
56705,Historical,53220,1,1,S,13,1,94091,165.6,2009,196,103.49,19.73
56706,Historical,157700,0,0,S,2,1,441715,57.95,2010,78,20.4,37.46
56707,Historical,114007,0,0,S,5,1,1238250,107.2,2001,30,38.95,12.15
56708,Historical,248137,0,0,S,8,1,1149737,56,2009,104,57.22,5.19
56709,Historical,544977,0,0,S,9,1,279208,62,2012,92,57.22,23.99
56710,Historical,247992,0,0,S,7,1,1968364,49.95,2008,53,57.22,7.99
56711,Historical,53010,0,0,S,8,1,70777,38.98,2006,24,63.38,38.94
56712,Historical,284423,0,0,S,6,1,2077593,121.78,2004,17,63.75,121.67
56713,Historical,564635,0,0,S,4,1,2039111,53.95,2003,29,37.29,17.69
56714,Historical,911967,0,0,S,0,0,2286483,121.5,1990,17,0,224.89
56715,Historical,193503,0,0,S,3,1,2720135,102,2006,19,33.94,42.99
56716,Historical,167681,0,0,S,2,1,980531,100,2000,31,39.76,46.29
56717,Historical,193803,0,0,S,2,1,182485,39.99,2003,90,33,8.11
56718,Historical,225864,0,0,S,2,1,2922406,83.95,2004,17,62.13,16.9
56719,Historical,915941,0,0,S,2,1,3411339,79.95,2000,23,62.13,7.49
56720,Historical,526194,0,0,S,5,1,1593940,99.95,2003,21,69.26,93.23
56721,Historical,897722,0,0,S,2,1,3483676,75.95,2004,16,60.84,94.73
56722,Historical,526193,0,0,S,7,1,648215,69.95,2008,31,78.99,106.35
56723,Historical,631046,0,0,S,5,1,1826192,130,1991,18,68.35,50.81
56724,Historical,899675,0,0,S,3,1,4244683,39.95,1997,17,55.22,44.44
56725,Historical,865363,0,0,S,4,1,311680,105,1995,24,48.32,62.13
56726,Historical,2835336,0,0,S,3,1,1128192,54,2001,25,0,35.75
56727,Historical,615803,0,0,S,1,0,92429,398.95,1976,48,0,54.26
56728,Historical,281035,0,0,S,5,1,3008046,119,1999,16,185.92,73.99
56729,Historical,901466,0,0,S,2,1,3778186,74.95,2002,20,45.76,49.46
56730,Historical,891551,0,0,S,3,1,1153071,74.95,2003,11,45.76,46.21
56731,Historical,652749,0,0,S,4,1,415435,56,2010,24,125.14,72.15
56732,Historical,660307,0,0,S,2,1,3819325,59.95,2009,12,65.99,62.71
56733,Historical,2369575,1,1,S,5,1,807857,78.53,2002,78,86.46,23.9
56734,Historical,561216,0,0,S,1,0,1131202,82.8,2009,18,62.22,46.19
56735,Historical,120934,0,0,S,1,0,655160,34.08,2008,24,62.22,26.19
56736,Historical,908240,0,0,S,2,1,1491704,4.99,2008,16,43.99,73.01
56737,Historical,128508,0,0,S,0,0,501592,62.95,2001,25,27.68,38.99
56738,Historical,608377,0,0,S,7,1,818752,0,2006,37,49.58,23.96
56739,Historical,553705,1,1,S,11,1,1184603,29.29,2008,37,29.76,33.98
56740,Historical,132149,0,0,S,4,1,1772955,36.2,2006,38,24.47,8.74
56741,Historical,915556,0,0,S,3,1,3638364,28.8,2003,30,24.47,39.45
56742,Historical,405941,0,0,S,6,1,379747,0,2004,45,49.49,33.96
56743,Historical,617995,0,0,S,1,0,967008,71.99,2006,34,42.79,10.48
56744,Historical,836028,0,0,S,6,1,2323485,195,2001,19,23.99,76.7
56745,Historical,135632,0,0,S,3,1,197192,36.95,2009,21,0,0
56746,Historical,135495,0,0,S,5,1,1730705,51.95,2005,31,49.64,44.45
56747,Historical,323639,0,0,S,6,1,870721,57.95,2009,24,49.64,35.47
56748,Historical,135553,0,0,S,2,1,443024,59.95,2001,61,26.39,33.85
56749,Historical,109459,0,0,S,3,1,1102993,13.99,2006,29,68.97,13.97
56750,Historical,904322,0,0,S,2,1,2455577,57.95,2004,19,39.84,55.43
56751,Historical,135603,0,0,S,3,1,1713763,105,2006,20,83.6,76.42
56752,Historical,746981,0,0,S,2,1,424894,10.8,2006,26,123.93,21.1
56753,Historical,655547,0,0,S,1,0,1243025,51.95,2011,33,52.99,30.33
56754,Historical,155403,0,0,S,1,0,274256,153.95,2003,53,19.94,11.17
56755,Historical,155303,0,0,S,1,0,660187,106.95,1999,43,24.75,46.89
56756,Historical,572151,0,0,S,1,0,344116,71.95,2005,42,86.5,43.26
56757,Historical,57702,0,0,S,5,1,831890,142.95,2002,65,42.99,38.99
56758,Historical,181298,0,0,S,1,0,929425,30,2004,50,119.91,39.66
56759,Historical,543231,0,0,S,6,1,548925,45,2013,40,26.89,31.99
56760,Historical,562250,0,0,S,33,1,1725960,226.95,2009,39,9.49,6.39
56761,Historical,3015064,0,0,S,1,0,1118365,75,1992,59,17.08,42.69
56762,Historical,576932,0,0,S,6,1,2468935,41.95,2006,24,20.34,38.43
56763,Historical,203769,0,0,S,1,0,381338,60.99,2006,109,27.74,8.31
56764,Historical,3469934,0,0,S,2,1,2224071,72.95,1990,20,0,78.33
56765,Historical,608242,0,0,S,3,1,66586,65,2009,60,34.6,41.6
56766,Historical,166329,0,0,S,3,1,1978238,65,2003,19,67.99,58.99
56767,Historical,858868,0,0,S,1,0,1133321,62.95,2001,21,53.99,47.21
56768,Historical,3235788,0,0,S,5,1,1020824,56.71,2004,42,194.16,38
56769,Historical,3472591,0,0,S,2,1,424850,52.67,1994,13,0,18.47
56770,Historical,1900797,1,1,S,6,1,1304198,74.95,2010,32,65.21,63.69
56771,Historical,1879694,0,0,S,10,1,3236102,89.95,2009,12,75.69,27.99
56772,Historical,203683,0,0,S,3,1,738678,39.95,2005,39,28.98,55.13
56773,Historical,913303,0,0,S,2,1,198899,63,2009,32,18.43,23.99
56774,Historical,270985,0,0,S,8,1,47678,54.99,2010,112,33.99,11.12
56775,Historical,203963,1,1,S,7,1,399607,49.95,2007,103,33.99,11.59
56776,Historical,908377,0,0,S,2,1,290365,76.2,2010,20,18.43,43.43
56777,Historical,2336929,0,0,S,5,1,3044108,81.65,1996,21,48.88,49.72
56778,Historical,557388,1,2,S,2,1,2982501,140,2007,25,79.66,12.87
56779,Historical,900860,0,0,S,3,1,1125178,223.75,2010,22,88.06,52.09
56780,Historical,57688,0,0,S,0,0,624992,51.95,2008,31,50.22,106.22
56781,Historical,197658,0,0,S,8,1,2255913,101.7,2005,21,17.27,128.84
56782,Historical,542796,0,0,S,9,1,713198,121.28,2009,29,17.27,82.9
56783,Historical,870600,0,0,S,1,0,321255,30,2001,22,15.89,38.17
56784,Historical,633446,0,0,S,2,1,561867,105,2005,31,35.83,76.1
56785,Historical,1957188,0,0,S,2,1,443032,100,2013,18,0,8.72
56786,Historical,291975,0,0,S,2,1,915169,62.4,2001,31,32.87,55.07
56787,Historical,206789,0,0,S,2,1,1083303,59.99,2007,31,73.68,73.71
56788,Historical,147209,0,0,S,2,1,1189548,59.95,2007,18,36.44,71.77
56789,Historical,642763,0,0,S,0,0,1173034,69.99,2006,20,76.37,32.05
56790,Historical,1589109,0,0,S,3,1,521954,89.99,2007,18,69.26,67.16
56791,Historical,261073,0,0,S,2,1,2212867,49.95,2002,26,61.63,33.45
56792,Historical,223250,1,3,S,3,1,1103461,100.95,2001,34,50.35,42.47
56793,Historical,194065,1,2,S,1,0,487104,69,2006,37,37.5,28.9
56794,Historical,743610,0,0,S,1,0,848916,57.95,2005,25,36.98,18.99
56796,Historical,636298,0,0,S,2,1,600170,59.95,2010,59,38.92,49.99
56797,Historical,760225,0,0,S,1,0,1108880,95,2003,21,86.93,63.66
56798,Historical,246260,0,0,S,1,0,680589,65.95,2006,26,33.03,47.03
56799,Historical,107967,0,0,S,8,1,482065,18.48,2004,64,97.99,9.97
56800,Historical,53319,0,0,S,9,1,1384628,130.25,2007,18,97.99,68.17
56801,Historical,60871,0,0,S,3,1,818877,164,2004,71,63.74,22.13
56802,Historical,618309,1,1,S,2,1,158222,51.95,2005,43,0,0
56803,Historical,526135,0,0,S,5,1,1843302,39.95,2007,18,43.48,36.14
56804,Historical,609348,0,0,S,3,1,321055,44.95,2006,17,35.67,34.97
56805,Historical,618092,0,0,S,2,1,272239,62.99,2002,36,18.4,23.99
56806,Historical,713342,0,0,S,2,1,1813993,59.99,2002,39,23.79,14.99
56807,Historical,181839,0,0,S,2,1,2714007,44.95,2004,35,18.64,6.19
56808,Historical,631723,0,0,S,2,1,381721,74.99,2007,59,28.98,21.03
56809,Historical,652578,0,0,S,3,1,908367,59.99,2012,26,68.14,47.88
56810,Historical,141814,1,2,S,8,1,237247,23.96,2007,191,65.07,13.6
56812,Historical,617813,1,1,S,7,1,461200,67.2,2001,47,70.04,42.59
56813,Historical,778708,0,0,S,3,1,1961938,166.95,2009,14,249.1,131.99
56814,Historical,632156,0,0,S,8,1,807850,37.99,2012,10,0,0
56815,Historical,906671,0,0,S,5,1,733071,44.99,2009,35,23.55,10.44
56816,Historical,526116,0,0,S,6,1,639662,32.99,2011,22,23.55,13.24
56817,Historical,2866587,0,0,S,3,1,2821701,49.95,1999,19,54.94,53.94
56818,Historical,229404,0,0,S,4,1,2478031,60,2004,13,65.46,33.94
56819,Historical,895004,0,0,S,6,1,372541,85,2013,15,35.39,47.22
56820,Historical,631588,0,0,S,5,1,1009371,85,2010,20,35.39,35.65
56821,Historical,1736237,0,0,S,4,1,1399548,80,2008,15,36.47,20.86
56822,Historical,1918219,0,0,S,19,1,1045180,70,2013,37,16.47,10.86
56823,Historical,1918266,1,1,S,20,1,875730,70,2014,31,16.47,20.14
56824,Historical,609645,0,0,S,9,1,1288865,32.99,2009,21,0,50.24
56825,Historical,104436,0,0,S,4,1,2784509,150,1996,32,66.17,64.65
56826,Historical,2340099,0,0,S,2,1,1845791,79.5,1989,25,128.94,18.99
56827,Historical,697624,0,0,S,3,1,577338,125,2000,27,75.24,43.98
56828,Historical,3026484,0,0,S,9,1,2525707,82.95,2003,10,69.12,6.49
56829,Historical,666713,0,0,S,7,1,2155333,264.75,2011,10,126.74,72.79
56830,Historical,843231,0,0,S,2,1,1124858,116.81,1982,27,20.84,66.17
56831,Historical,145449,0,0,S,0,0,785434,140,2006,49,154.32,49.15
56832,Historical,537317,0,0,S,5,1,393416,157.53,2012,25,117.4,162.8
56833,Historical,741500,1,1,S,0,0,524127,123,2008,36,86.39,64.99
56835,Historical,635282,0,0,S,4,1,1536968,193,2006,25,0,0
56836,Historical,795173,0,0,S,2,1,1025070,148.95,2011,21,101.56,53.99
56837,Historical,2407772,0,0,S,2,1,3944201,59.5,1996,25,9.02,9.95
56838,Historical,643944,0,0,S,0,0,381910,149,2009,27,122.99,113.94
56839,Historical,165181,0,0,S,3,1,809281,105,2000,14,63.75,64.93
56840,Historical,620492,0,0,S,2,1,1586662,107,2003,31,56.75,43.87
56841,Historical,60876,0,0,S,2,1,657728,352.95,2005,38,28.99,10.98
56842,Historical,2577218,0,0,S,1,0,1048251,162,1983,24,62.47,26.84
56843,Historical,247520,0,0,S,2,1,729318,58.95,2006,25,57.5,48.61
56844,Historical,272513,1,1,S,3,1,622689,84,2010,31,57.5,45.99
56845,Historical,60877,0,0,S,5,1,1628412,147.95,2001,65,101.76,12.99
56846,Historical,608832,0,0,S,3,1,5156437,74.95,1994,22,131.64,68.39
56847,Historical,755251,0,0,S,2,1,272425,80,2002,17,54.48,28.98
56848,Historical,710962,0,0,S,4,1,2793058,93,2000,20,52.16,23.99
56849,Historical,132741,0,0,S,3,1,1912905,138.2,2008,22,57.48,74.88
56851,Historical,51111,0,0,S,13,1,139280,31.91,2006,117,130.99,35.99
56852,Historical,2254324,0,0,S,9,1,2643942,77.61,2009,28,63.56,82.3
56853,Historical,2372129,0,0,S,6,1,697298,77.85,1995,38,59.94,7.49
56854,Historical,121883,0,0,S,7,1,3408321,101.33,1998,38,59.94,9.09
56855,Historical,879137,0,0,S,8,1,2709163,94.36,2007,19,151.04,109.06
56856,Historical,113985,0,0,S,4,1,1856542,93.8,2001,14,83.78,68.59
56857,Historical,53433,0,0,S,10,1,821853,289.95,2007,102,52.03,39.49
56858,Historical,146447,0,0,S,11,1,1381952,212.67,2010,21,88.97,183.99
56859,Historical,114125,0,0,S,5,1,1711449,166.67,2002,29,81.98,11.68
56860,Historical,878262,0,0,S,2,1,581560,173.75,2007,20,143.99,52.56
56861,Historical,620311,1,1,S,1,0,33666,57.95,2007,53,0,0
56862,Historical,53174,0,0,S,7,1,1446731,217.95,2004,68,128.99,13.98
56863,Historical,315941,0,0,S,7,1,1300545,162.8,1997,46,30.74,49.99
56864,Historical,663793,1,4,S,5,1,5198,89,2013,69,49.55,70.73
56865,Historical,56565,0,0,S,3,1,849730,112.6,2002,45,97.51,20.99
56866,Historical,534033,0,0,S,3,1,1074120,70,1994,25,68.96,20.19
56867,Historical,871854,0,0,S,4,1,657057,87.98,2002,29,122.89,39.57
56868,Historical,912925,0,0,S,2,1,4105000,72.95,1999,24,25.98,12.99
56869,Historical,907056,0,0,S,2,1,1141445,82.99,2006,18,23.86,66.55
56870,Historical,613471,0,0,S,3,1,1024862,39,2004,83,25.54,10.35
56871,Historical,112825,0,0,S,2,1,2352292,74.95,2005,18,44.49,28.65
56872,Historical,289790,0,0,S,3,1,14428,42.95,2010,57,28.24,34.27
56873,Historical,567690,0,0,S,3,1,246450,101.95,2009,33,46.93,43.94
56874,Historical,1587791,0,0,S,2,1,306035,74.99,2008,37,0,43.97
56875,Historical,906113,0,0,S,3,1,3137149,86.4,2005,25,112.18,44.26
56876,Historical,552781,0,0,S,4,1,1266283,74.75,2008,18,112.18,49.4
56877,Historical,145975,0,0,S,3,1,296001,196,2009,45,143.8,124.68
56878,Historical,145335,0,0,S,2,1,819364,150.67,2006,43,143.8,106.07
56879,Historical,233859,0,0,S,1,0,2207289,39.95,1995,86,23.21,12.96
56880,Historical,203748,0,0,S,4,1,1288348,38.95,2004,32,9.92,10.39
56881,Historical,503602,1,1,S,1,0,54206,83.99,2010,35,0,0
56882,Historical,609191,0,0,S,5,1,1393213,39.95,2005,52,12.19,8
56883,Historical,2940877,0,0,S,6,1,6792994,114.99,2005,17,132.99,73.91
56884,Historical,860977,0,0,S,11,1,2404738,56,2012,21,46.01,52.81
56885,Historical,142107,0,0,S,4,1,766598,11.54,2010,84,36.23,6.99
56886,Historical,560122,0,0,S,3,1,1905777,7.27,2009,62,36.23,7.27
56887,Historical,556936,0,0,S,2,1,607914,58.2,2012,30,36.63,60.4
56888,Historical,55636,1,2,S,9,1,790923,83.95,2005,39,92.89,28.95
56889,Historical,632176,0,0,S,3,1,15627,57.99,2012,76,36.92,23.99
56890,Historical,613165,0,0,S,2,1,137561,46.5,2008,161,36.92,17.99
56891,Historical,2252760,0,0,S,2,1,3784822,27.42,2008,54,36.92,23.17
56892,Historical,108604,0,0,S,9,1,445150,17.66,2003,41,93.27,52.14
56893,Historical,917255,0,0,S,1,0,306175,65,2007,28,28.94,36.11
56894,Historical,3602207,0,0,S,3,1,2898088,89,2003,15,0,58.81
56895,Historical,294871,0,0,S,2,1,1692324,36.95,2000,41,15.75,10.24
56896,Historical,563073,0,0,S,0,0,180431,54.95,2004,31,30.94,40.76
56897,Historical,563074,0,0,S,1,0,59403,74.95,2010,31,0,53.4
56898,Historical,280163,0,0,S,2,1,1693201,109,2005,24,79,53.98
56899,Historical,563052,0,0,S,0,0,1149460,64.95,2007,26,71.75,47.01
56900,Historical,535728,0,0,S,4,1,3158,24.99,2013,13,14.13,23.98
56901,Historical,203786,0,0,S,2,1,1107316,73.99,2005,42,46.84,13.99
56902,Historical,1587743,0,0,S,2,1,7410910,116,2006,11,62.72,63.98
56903,Historical,912642,0,0,S,1,0,526695,42.95,2003,24,26.78,53.43
56904,Historical,167328,0,0,S,2,1,880061,49.99,2007,38,23.98,10
56905,Historical,130048,0,0,S,2,1,68177,45,2002,75,25.49,7.16
56906,Historical,172206,0,0,S,1,0,145140,42,2007,21,0,16.49
56907,Historical,114165,0,0,S,1,0,1177352,219.4,2007,64,31.99,13.99
56908,Historical,422256,0,0,S,1,0,1317968,199.4,2007,43,0,0
56909,Historical,264220,0,0,S,0,0,1014967,35.95,2003,41,20.69,17.79
56910,Historical,299849,0,0,S,0,0,507067,35.95,2003,25,7.99,13.49
56911,Historical,627075,0,0,S,1,0,1286925,55,2006,31,30.58,8.28
56913,Historical,51886,0,0,S,8,1,736247,130.2,2005,74,108.19,6.48
56914,Historical,715042,0,0,S,7,1,1073601,73.2,2009,21,106.56,45.4
56915,Historical,51025,0,0,S,2,1,1795480,155.4,2002,48,103.95,8.73
56916,Historical,622647,0,0,S,6,1,52938,223.2,2010,48,131.63,35.48
56917,Historical,911166,0,0,S,2,1,1893026,68.95,2001,20,30.29,25.98
56918,Historical,196259,0,0,S,3,1,3949325,45,2006,19,31.56,31.73
56919,Historical,1649222,0,0,S,4,1,3385693,49.95,2008,13,31.56,247.84
56920,Historical,1839516,0,0,S,2,1,4070685,139.99,2007,10,92.65,53.99
56921,Historical,308309,0,0,S,12,1,2310917,104.05,2000,59,91.98,8.99
56922,Historical,354887,0,0,S,6,1,6130996,256.95,2004,33,90.04,8.95
56923,Historical,50892,0,0,S,7,1,1744681,290.95,2006,54,103.99,8.98
56924,Historical,51120,0,0,S,10,1,183369,164.8,2005,53,124.72,13.98
56925,Historical,51333,0,0,S,2,1,478657,201.67,2007,41,122.42,24.99
56926,Historical,326373,0,0,S,5,1,2433613,130.67,2007,27,18.3,21.97
56927,Historical,53520,0,0,S,7,1,578346,245.95,2006,47,103.1,47.59
56928,Historical,52660,0,0,S,4,1,1011030,152.62,2007,53,115.68,56.09
56929,Historical,341986,0,0,S,2,1,3246337,59.49,1998,21,20.38,45.11
56930,Historical,105368,0,0,S,4,1,1957373,43.98,2003,18,44.43,43.99
56931,Historical,107891,0,0,S,4,1,1255851,4.92,2003,44,44.43,14.92
56932,Historical,52661,0,0,S,4,1,1304971,8.18,2007,52,151.63,7.99
56933,Historical,2259562,0,0,S,2,1,3927353,146.58,2010,36,70.89,113.47
56934,Historical,129289,0,0,S,2,1,1518214,34.75,2012,30,70.89,58.21
56935,Historical,2698256,0,0,S,2,1,7082212,41.95,2001,28,44.84,44.77
56936,Historical,621926,0,0,S,1,0,619105,165.4,2011,29,12.24,50.14
56937,Historical,526000,0,0,S,2,1,3575224,76.95,2005,17,55.02,32.76
56938,Historical,624436,0,0,S,2,1,1021064,39.95,2006,36,33.95,23.98
56939,Historical,163249,0,0,S,3,1,1002520,129.95,2002,31,0,52.81
56940,Historical,164122,0,0,S,1,0,239399,39.95,1997,55,41.11,8.63
56941,Historical,165655,0,0,S,2,1,35932,45,2003,37,41.11,38.99
56942,Historical,213183,0,0,S,2,1,243591,74.95,2006,36,223.61,57.58
56943,Historical,394236,0,0,S,2,1,457375,62.95,2009,58,27.56,73.45
56944,Historical,369447,0,0,S,2,1,1051044,49.95,2008,26,0,35.05
56945,Historical,622052,0,0,S,1,0,650368,49.95,2004,37,16.01,6.71
56946,Historical,60887,0,0,S,4,1,1871710,90.4,2000,40,44.15,6.52
56947,Historical,890787,0,0,S,3,1,47315,84.95,2013,32,39.97,73.06
56948,Historical,193504,0,0,S,4,1,877819,65.95,2005,31,32.97,54.15
56949,Historical,193620,0,0,S,4,1,661563,77.95,2009,22,32.97,45.99
56950,Historical,54136,0,0,S,8,1,685019,100.8,2007,194,26.54,10.34
56951,Historical,641566,0,0,S,2,1,535848,67.95,2008,28,83.57,22.69
56952,Historical,720504,0,0,S,0,0,874711,54.95,2003,30,83.57,41.35
56953,Historical,132621,0,0,S,7,1,355759,129.2,2008,71,91.98,27.23
56954,Historical,132725,0,0,S,7,1,1528514,131.47,2008,31,91.98,15.94
56955,Historical,131815,0,0,S,6,1,999837,100,2005,56,91.98,35.5
56956,Historical,536506,1,1,S,2,1,1541082,102.27,2012,20,77.4,69.95
56957,Historical,876920,0,0,S,2,1,562617,106.67,2014,12,77.4,208.98
56958,Historical,114306,0,0,S,2,1,2457131,37.8,2001,15,46.94,18.96
56959,Historical,632384,0,0,S,3,1,1333698,72,2011,19,33.94,47.7
56960,Historical,116517,0,0,S,2,1,1085710,71.33,2005,33,53.99,42.11
56961,Historical,537156,0,0,S,4,1,207321,69.95,2013,30,43.97,43.98
56962,Historical,744896,0,0,S,2,1,3093351,101.95,2005,22,90.53,22.83
56963,Historical,916987,1,1,S,1,0,557661,89.95,1995,32,51.96,45.83
56964,Historical,339804,0,0,S,3,1,66322,45,2009,42,22.75,30.4
56965,Historical,913082,1,1,S,2,1,921303,83,2006,45,21.94,9.55
56966,Historical,2334530,1,2,S,1,0,1019706,137.5,1997,21,121.99,79.99
56967,Historical,247476,0,0,S,2,1,770656,77,2004,44,50.63,44.79
56968,Historical,348750,0,0,S,1,0,934849,215.95,2006,19,122.12,79.44
56969,Historical,3462948,0,0,S,4,1,3354131,69.95,1996,18,76.38,68.41
56970,Historical,778069,0,0,S,4,1,54795,178.95,2007,37,11.1,35.17
56971,Historical,2608975,0,0,S,1,0,359057,165,1998,25,67.92,93.97
56972,Historical,121322,0,0,S,7,1,2488548,149.94,2008,20,178.72,149.79
56973,Historical,55631,0,0,S,6,1,516380,154,2005,33,178.72,80.43
56974,Historical,1574363,0,0,S,4,1,1015638,293.95,2010,21,36.3,38.99
56975,Historical,890186,0,0,S,2,1,570357,176,2008,16,0,170.59
56976,Historical,626731,0,0,S,3,1,2071733,99.5,1989,21,44.24,65.2
56977,Historical,542139,1,2,S,1,0,44377,99.99,2010,30,0,0
56978,Historical,915401,0,0,S,1,0,869795,64.91,1992,36,89.91,59.49
56979,Historical,118706,1,1,S,1,0,730812,167.4,2008,29,148.79,39
56980,Historical,700665,0,0,S,4,1,2880713,150,2005,14,111.28,97.14
56981,Historical,58542,0,0,S,13,1,901050,58.95,2007,42,20.98,22.91
56983,Historical,116527,0,0,S,11,1,660773,85.33,2004,24,33.98,93.6
56984,Historical,118625,0,0,S,12,1,1346979,146.67,2008,20,33.98,70.99
56985,Historical,131657,0,0,S,4,1,3085050,73.4,2004,29,22.88,12.28
56986,Historical,764639,0,0,S,6,1,2665576,102.95,1997,24,8.94,10.99
56987,Historical,271013,0,0,S,0,0,358333,66,2010,47,56.34,102.51
56988,Historical,133026,0,0,S,7,1,2335724,110,2008,17,92.2,200.52
56989,Historical,712181,0,0,S,6,1,4567616,79.67,2002,24,92.2,23.15
56990,Historical,859756,0,0,S,7,1,1838638,100.2,2008,41,92.2,23.46
56991,Historical,51513,0,0,S,7,1,2671991,76.6,2004,54,21.62,7.85
56992,Historical,770237,0,0,S,5,1,3844441,146.95,2006,24,82.38,62.53
56993,Historical,183608,1,1,S,6,1,1875490,115.95,2007,33,82.38,42.08
56994,Historical,290895,0,0,S,12,1,2427207,116.95,2007,23,69.82,13.82
56995,Historical,1482193,0,0,S,2,1,971106,64.8,2010,18,0,39.99
56996,Historical,540051,1,1,S,4,1,930580,110,2009,41,78.13,19.95
56997,Historical,117994,0,0,S,3,1,1409314,106.8,2005,37,78.13,22.93
56998,Historical,533973,0,0,S,4,1,1373276,134.95,2008,21,93.93,93.65
56999,Historical,536197,0,0,S,5,1,566477,122.95,2011,34,93.93,96.36
57000,Historical,534038,0,0,S,3,1,2269070,122.95,2005,24,93.93,47.71
57001,Historical,183736,0,0,S,4,1,1781714,115.95,2008,27,66.09,12.59
57002,Historical,767647,0,0,S,2,1,627286,130.95,2008,20,81.92,32.11
57003,Historical,619010,0,0,S,2,1,105152,126,2005,42,62.99,99.98
57004,Historical,2368276,0,0,S,3,1,1682865,43.4,2002,20,85.37,63.98
57005,Historical,349807,0,0,S,5,1,2177919,44.95,2005,27,6.54,32.96
57006,Historical,626285,0,0,S,9,1,864018,122.95,2010,27,102.71,86.29
57007,Historical,118482,0,0,S,6,1,3376296,58.4,2006,15,54.59,27.33
57008,Historical,525957,0,0,S,7,1,830415,66.67,2009,29,54.59,66.67
57009,Historical,116838,0,0,S,8,1,1554144,64.67,2005,30,62.64,9.97
57010,Historical,540625,0,0,S,10,1,218664,76,2012,37,62.64,43.99
57011,Historical,531659,1,1,S,9,1,1159545,61.8,2008,65,62.64,9.89
57012,Historical,176678,0,0,S,6,1,1824660,37.95,2001,52,48.39,28.96
57013,Historical,109911,0,0,S,6,1,758914,532.62,2007,15,0,69.65
57014,Historical,561198,0,0,S,7,1,1540312,45.6,2009,38,33.23,22.69
57015,Historical,614027,1,4,S,4,1,688988,75,2003,90,47.99,9.99
57016,Historical,623364,0,0,S,9,1,73540,45.6,2012,37,0,0
57017,Historical,910326,0,0,S,2,1,664148,94.95,2006,26,93.75,62.53
57018,Historical,742984,0,0,S,7,1,1144021,44.2,2011,35,25.91,39.61
57019,Historical,111125,0,0,S,3,1,2766214,62.05,2010,26,66.19,26.49
57020,Historical,1458860,0,0,S,8,1,435291,38.67,2010,33,0,10.49
57021,Historical,613021,0,0,S,12,1,776340,38.67,2009,39,0,0
57022,Historical,1574431,0,0,S,6,1,325726,134.95,2008,27,113.43,67.36
57023,Historical,551062,1,1,S,3,1,232150,105.25,2013,33,0,0
57024,Historical,587596,0,0,S,7,1,356364,122.95,2011,32,113.43,97.75
57025,Historical,741454,0,0,S,4,1,1082820,45.6,2008,33,0,0
57026,Historical,624402,0,0,S,4,1,241145,44.2,2007,34,38.39,23.99
57027,Historical,346315,0,0,S,9,1,633414,163.95,2009,26,134.93,46.33
57029,Historical,561476,0,0,S,6,1,553143,44.2,2012,48,5.99,22.44
57030,Historical,741274,0,0,S,3,1,430558,38.67,2008,55,4,13.99
57031,Historical,561474,1,2,S,6,1,486242,44.2,2012,66,14.03,28.98
57032,Historical,561468,0,0,S,1,0,583154,44.2,2012,20,43.14,63.18
57033,Historical,617628,0,0,S,9,1,139175,44.2,2011,58,38.71,25.49
57034,Historical,179219,0,0,S,9,1,544341,101.95,2009,30,0,0
57035,Historical,542376,0,0,S,6,1,728793,103.95,2008,26,35.09,44.89
57036,Historical,608767,0,0,S,5,1,743025,98.95,2003,23,35.09,61.41
57037,Historical,868360,0,0,S,5,1,1123709,95.95,2007,23,84.02,107.31
57038,Historical,627897,0,0,S,7,1,106869,114.95,2012,66,24.99,98.76
57039,Historical,567531,0,0,S,8,1,2654924,63.95,2007,26,33.11,10.84
57040,Historical,178286,0,0,S,2,1,568566,109.95,2005,17,26.04,70.61
57041,Historical,622623,0,0,S,4,1,127722,44.2,2011,29,42.78,28.74
57042,Historical,169218,0,0,S,2,1,865763,109.95,2005,42,92.82,23.99
57043,Historical,868346,0,0,S,5,1,450376,109.95,2005,131,65.94,17.54
57044,Historical,543377,0,0,S,6,1,85363,109.95,2011,60,65.94,32.98
57045,Historical,582985,0,0,S,7,1,35195,102.95,2011,75,66.72,28.99
57046,Historical,1574402,0,0,S,7,1,882289,120.95,2008,19,0,42.09
57047,Historical,1623235,0,0,S,6,1,356800,105.95,2007,81,0,27.48
57048,Historical,633846,1,1,S,7,1,203111,132.95,2012,68,43.38,59.76
57049,Historical,536609,0,0,S,8,1,917038,45.6,2008,114,4,9.99
57050,Historical,576743,0,0,S,7,1,3022784,73.95,2010,21,39.89,27.36
57051,Historical,641435,1,1,S,1,0,138512,50.45,2010,23,88.99,44.95
57052,Historical,1441007,0,0,S,3,1,1107581,99,2013,21,0,71.38
57053,Historical,560874,0,0,S,3,1,1033294,36.67,2005,59,35.85,12.99
57054,Historical,540525,0,0,S,4,1,69937,45.6,2011,82,35.85,33.98
57055,Historical,525324,1,1,S,12,1,639720,56,2007,54,4.97,13.57
57056,Historical,108246,0,0,S,9,1,1818985,75.57,2005,20,52.94,77.11
57057,Historical,308864,0,0,S,10,1,1367246,33.45,2008,30,52.94,28.98
57058,Historical,525929,0,0,S,9,1,583532,80.75,2012,30,54.06,36.99
57059,Historical,566749,0,0,S,7,1,380242,30.52,2006,37,54.06,8.48
57060,Historical,565912,0,0,S,8,1,1317717,14.24,2009,53,54.06,14.03
57061,Historical,905605,0,0,S,4,1,1657751,120.95,2006,31,69.1,43.18
57062,Historical,632008,1,1,S,8,1,253720,125,2013,47,24.65,33.99
57063,Historical,243970,1,7,S,1,0,205585,80.95,2012,58,73.52,10.98
57064,Historical,567547,0,0,S,9,1,4254744,87.95,2008,19,67.42,18.72
57065,Historical,116167,0,0,S,6,1,2254279,48,2005,38,6.35,11.5
57066,Historical,615300,0,0,S,9,1,276129,35.8,2011,70,33.42,18.99
57067,Historical,169556,0,0,S,8,1,1123349,67.95,2006,24,61.69,52.49
57068,Historical,553211,0,0,S,2,1,221098,44.8,2012,56,0,0
57069,Historical,525920,0,0,S,8,1,886316,72.95,2011,25,66.75,58.99
57070,Historical,290882,0,0,S,7,1,1682313,76.95,2007,19,66.75,45.06
57071,Historical,525913,0,0,S,7,1,416387,41.95,2010,65,71.43,46.97
57072,Historical,621329,0,0,S,3,1,292942,34.95,2011,47,5.35,12.98
57073,Historical,1574067,0,0,S,7,1,1461359,128.95,2007,20,83.62,47.3
57074,Historical,50028,0,0,S,4,1,1448858,64.95,2004,60,62.84,9.81
57075,Historical,827213,0,0,S,3,1,2392312,41.17,2000,21,28.37,13.98
57076,Historical,641995,0,0,S,0,0,842425,61,2013,21,53.71,15.99
57077,Historical,107629,1,4,S,5,1,487941,69.25,2002,46,48.83,14.7
57078,Historical,614529,0,0,S,6,1,149711,16.89,2006,43,48.83,23.98
57079,Historical,540594,0,0,S,5,1,1270177,44.2,2011,54,5.57,23.99
57080,Historical,896861,0,0,S,9,1,181584,44.2,2013,30,15.93,40.32
57081,Historical,1517278,0,0,S,3,1,767959,45.6,2014,12,36.51,32.99
57082,Historical,868025,1,1,S,2,1,303634,239.64,2009,40,34.71,39.38
57083,Historical,561466,0,0,S,12,1,34356,45.6,2012,29,0,0
57084,Historical,540585,0,0,S,3,1,259922,44.2,2011,46,14.41,39.99
57085,Historical,286045,0,0,S,3,1,2082914,36.67,2004,27,32.96,36.94
57086,Historical,525900,0,0,S,4,1,587975,38.67,2009,37,32.96,62.95
57087,Historical,51776,0,0,S,6,1,1106692,76,2000,55,98.14,6.52
57088,Historical,868069,0,0,S,6,1,922692,117.33,2004,13,98.14,72.22
57089,Historical,182855,0,0,S,6,1,408176,54.36,2004,39,16.64,23.92
57090,Historical,561347,0,0,S,3,1,658827,73.6,2010,46,32.64,21.74
57091,Historical,540637,1,1,S,13,1,793318,73.6,2012,79,48.84,44.97
57092,Historical,608423,0,0,S,5,1,2872096,148.95,2005,19,113.1,32.99
57093,Historical,244100,0,0,S,7,1,892775,122.95,2011,37,113.1,83.3
57094,Historical,608458,0,0,S,6,1,1542009,134.95,2008,24,113.1,68.55
57095,Historical,147521,0,0,S,4,1,434341,29.95,2007,122,4,11.29
57096,Historical,550427,0,0,S,13,1,1462570,970.04,2008,23,53.97,59.15
57097,Historical,148137,0,0,S,10,1,3946968,53.95,2005,19,54.65,50.03
57098,Historical,561166,0,0,S,4,1,330906,70,2010,66,46.99,18.98
57099,Historical,613191,0,0,S,3,1,2546629,57.2,2008,37,46.99,8.99
57100,Historical,533841,0,0,S,13,1,753377,73.95,2010,35,35.94,41.98
57101,Historical,608087,0,0,S,12,1,1502859,77.95,2007,22,35.94,11.05
57102,Historical,148304,0,0,S,5,1,3303531,52.95,2006,31,44.99,13.64
57103,Historical,1448206,0,0,S,5,1,2281600,70.4,2007,28,80.49,7.99
57104,Historical,561420,0,0,S,6,1,610065,95.4,2011,43,80.49,53.99
57105,Historical,899331,0,0,S,9,1,2494322,91.95,2010,28,53.99,32.42
57106,Historical,212508,1,1,S,7,1,684594,56,2006,38,32.22,33.99
57107,Historical,623482,0,0,S,1,0,224825,16.88,2010,32,46.6,18.98
57108,Historical,608083,0,0,S,5,1,2252507,65.95,2008,27,33.93,65.95
57109,Historical,147664,0,0,S,10,1,190904,37.95,2011,88,31.94,16.99
57110,Historical,2264421,1,1,S,8,1,1419815,91.49,2011,36,0,58.21
57111,Historical,741444,0,0,S,2,1,417946,58.4,2008,19,5.94,55.55
57112,Historical,434978,0,0,S,3,1,1342553,64.8,2010,17,41.64,92.13
57113,Historical,561068,1,1,S,8,1,3253321,46.67,2007,34,33.96,16.48
57114,Historical,539121,0,0,S,10,1,926427,49,2011,52,33.96,43.63
57115,Historical,148427,0,0,S,7,1,6549427,46.95,2006,15,50.29,44.98
57116,Historical,110938,1,1,S,6,1,1443882,73,2007,21,11.84,8.98
57117,Historical,617125,1,1,S,10,1,25043,41,2012,28,0,0
57118,Historical,252646,1,1,S,9,1,421209,52.34,2009,141,0,0
57119,Historical,665185,0,0,S,5,1,413172,40,2012,15,0,0
57120,Historical,640422,0,0,S,7,1,2308329,68.95,2007,23,51.94,50.87
57121,Historical,569822,0,0,S,7,1,2839057,0,2006,12,57.97,41.16
57122,Historical,178726,0,0,S,12,1,139392,59.95,2010,18,39.69,47.99
57123,Historical,870774,0,0,S,11,1,1189592,62.95,2007,32,39.69,12.48
57124,Historical,456864,0,0,S,9,1,945157,112.95,2010,27,65.14,23.47
57125,Historical,543786,0,0,S,3,1,1237574,91.95,2011,32,68.21,84.48
57126,Historical,567387,0,0,S,2,1,2240725,98.95,2006,20,68.21,8.99
57127,Historical,543362,0,0,S,7,1,607989,102.95,2011,50,55.99,71.94
57128,Historical,567385,0,0,S,6,1,239592,112.95,2007,58,55.99,20.78
57129,Historical,169205,0,0,S,6,1,1062087,107.95,2007,86,88.99,20.44
57130,Historical,1573942,0,0,S,6,1,240085,112.95,2007,64,88.99,11.95
57131,Historical,2703802,1,1,S,2,1,334995,60,2005,22,44.8,123.85
57132,Historical,545895,1,1,S,2,1,118330,46.95,2012,30,21.68,49.94
57133,Historical,545272,0,0,S,5,1,595372,35.95,2010,86,30.95,27.99
57134,Historical,109794,0,0,S,17,1,895192,84.25,2006,64,67.35,28.49
57135,Historical,525841,1,1,S,10,1,58025,34.99,2012,33,0,0
57136,Historical,538576,0,0,S,8,1,1094350,53.07,2009,29,53.99,96.45
57137,Historical,525770,1,1,S,6,1,52278,53,2012,26,29.05,38.04
57138,Historical,608351,0,0,S,4,1,1511185,7.24,2003,22,56.74,6.94
57139,Historical,169258,0,0,S,6,1,1146090,154.95,2006,38,53.44,21.98
57140,Historical,173884,0,0,S,3,1,728238,32.99,2005,104,28.92,14.89
57141,Historical,255765,0,0,S,1,0,1123276,48.95,2005,23,28.92,48.79
57142,Historical,622586,0,0,S,13,1,724822,48.2,2012,41,47.31,37.99
57143,Historical,628024,0,0,S,13,1,531574,48.2,2012,33,47.31,22.87
57144,Historical,316642,0,0,S,2,1,2227191,51.4,2008,29,11.44,19.89
57145,Historical,131458,0,0,S,3,1,539797,38,2001,43,10.05,33.99
57146,Historical,203624,0,0,S,5,1,667053,70,2004,61,33.76,7.94
57147,Historical,555834,0,0,S,2,1,3023280,65,2003,27,34.54,20.54
57148,Historical,613648,0,0,S,2,1,1125657,44.99,2007,85,29.43,7.96
57149,Historical,870885,1,1,S,13,1,37587,60.5,2014,77,43.94,45.99
57150,Historical,541115,0,0,S,1,0,34976,35.63,2004,154,31.9,12.43
57151,Historical,2664316,0,0,S,3,1,2518417,179,1997,30,76.66,8.94
57152,Historical,534635,0,0,S,2,1,296562,75,2013,52,28.98,38.53
57153,Historical,268361,0,0,S,1,0,413737,30,2004,72,28.98,10.87
57154,Historical,607615,0,0,S,2,1,8291173,85,2007,16,38.99,48.46
57155,Historical,875372,0,0,S,3,1,2134205,191.95,2008,73,7.18,17.99
57156,Historical,534703,0,0,S,7,1,54649,55.95,2012,64,27.79,33.98
57157,Historical,106637,0,0,S,1,0,497566,39.95,2007,32,15.99,9.73
57158,Historical,54425,0,0,S,3,1,1514671,12,2005,80,518.65,12
57159,Historical,738458,0,0,S,2,1,4637544,28,2003,22,0,94.03
57160,Historical,745261,0,0,S,3,1,2330245,11.36,2006,21,160.26,4.36
57161,Historical,541109,0,0,S,4,1,1326189,191.95,2008,10,160.26,65.39
57162,Historical,503495,0,0,S,4,1,2858240,75,2005,21,127.31,51.27
57163,Historical,608330,0,0,S,2,1,801697,85,2001,43,48.25,13.39
57164,Historical,868638,1,1,S,5,1,2137123,86.95,2001,20,32.43,38.99
57165,Historical,608495,0,0,S,2,1,1423641,36.99,2005,35,35.81,23.93
57166,Historical,347566,0,0,S,3,1,874460,44.99,2007,61,35.81,13.99
57167,Historical,392340,0,0,S,6,1,1246811,52,2007,16,58.14,13.98
57168,Historical,632832,0,0,S,0,0,490755,199,2001,27,93.94,79.99
57170,Historical,131693,0,0,S,6,1,201072,107,2003,71,93.99,13.99
57171,Historical,618604,0,0,S,4,1,998052,98.95,2007,49,4.02,73.01
57172,Historical,115876,0,0,S,7,1,487958,163.6,2008,28,123.97,140.43
57173,Historical,631639,0,0,S,3,1,871498,38.95,2009,20,35.12,29.42
57174,Historical,61145,0,0,S,5,1,1536507,32.88,2006,60,8.69,31.98
57175,Historical,51050,0,0,S,6,1,2037286,238.95,2004,55,126.45,43.85
57176,Historical,143256,0,0,S,5,1,622590,107,2009,32,81.79,26.98
57177,Historical,698988,0,0,S,3,1,353785,103.25,2009,19,128.48,37.34
57178,Historical,281100,0,0,S,0,0,2366816,99,2002,39,87.15,39.87
57179,Historical,379311,0,0,S,2,1,594639,75,2005,20,139.74,33.97
57180,Historical,545805,0,0,S,11,1,365745,49,2012,66,32.41,28.94
57181,Historical,534534,0,0,S,10,1,505772,39.95,2009,64,32.41,13.99
57182,Historical,159478,0,0,S,3,1,2867462,45.95,2002,13,0,70.91
57183,Historical,760507,0,0,S,3,1,3805756,156,2004,18,49.5,84.19
57184,Historical,478794,1,1,S,2,1,2061503,469,2005,14,208.84,73.64
57185,Historical,152916,0,0,S,2,1,2532690,64.95,2002,20,51.24,19.97
57186,Historical,55487,0,0,S,4,1,1309624,412.95,2008,55,103.99,18.49
57187,Historical,877223,0,0,S,6,1,3236854,55.96,2007,37,133.99,50.04
57188,Historical,390654,0,0,S,4,1,663475,115,2005,113,104.95,5.49
57189,Historical,107037,0,0,S,2,1,685690,7.99,2005,35,76.93,7.99
57190,Historical,140421,1,3,S,4,1,43541,49.99,2003,107,23.99,16.2
57191,Historical,2569231,0,0,S,0,0,814606,140,1965,20,48.24,139
57192,Historical,421343,0,0,S,7,1,518746,117,2005,22,105.65,70.77
57193,Historical,696650,0,0,S,6,1,1658344,104,1981,27,32.39,59.98
57194,Historical,2938462,0,0,S,4,1,5812385,68.93,2005,11,57.91,128.01
57195,Historical,117234,1,1,S,6,1,611652,121.2,2006,20,109.25,34.02
57196,Historical,1533336,0,0,S,0,0,1580068,169,2008,23,176.83,59.16
57197,Historical,525705,0,0,S,2,1,469107,59.95,2007,167,4,8.87
57198,Historical,298245,0,0,S,3,1,2275852,125,2007,28,36.92,61.81
57199,Historical,247634,0,0,S,3,1,248174,64,2007,54,36.92,23.98
57200,Historical,626318,0,0,S,1,0,116819,50,2009,54,29.54,33.9
57201,Historical,571676,0,0,S,1,0,252060,34.95,2002,30,28.43,31.1
57202,Historical,2540759,0,0,S,2,1,2070234,63.95,2003,16,67.21,63.95
57203,Historical,265678,0,0,S,1,0,157370,45,2008,91,29.98,13.07
57204,Historical,265682,0,0,S,1,0,885469,60,2008,72,15.35,4.9
57205,Historical,104613,1,1,S,2,1,1522651,85,1997,24,62.92,48.98
57206,Historical,2579941,0,0,S,2,1,3964727,110,1995,17,22,84.06
57207,Historical,525695,0,0,S,6,1,3692985,66.95,2008,11,51.84,46.12
57208,Historical,395540,0,0,S,3,1,1515247,57.95,2003,29,23.66,60.33
57209,Historical,246481,0,0,S,2,1,710209,62.95,2006,62,33.82,23.98
57210,Historical,869411,0,0,S,4,1,534381,0,2003,12,103.73,25.19
57211,Historical,229126,0,0,S,2,1,514209,32.95,2007,78,23.78,20.3
57212,Historical,665147,0,0,S,1,0,608249,51,2012,13,0,0
57213,Historical,131852,0,0,S,6,1,684811,114,2004,44,50.45,25.76
57214,Historical,915725,0,0,S,0,0,133258,54,1996,35,0,25.94
57215,Historical,51874,0,0,S,8,1,260798,201.95,2009,54,93.99,53.11
57216,Historical,178675,0,0,S,8,1,108891,323.95,2010,58,93.99,38.99
57217,Historical,183993,0,0,S,3,1,2932739,252.95,2004,45,193.98,11.21
57218,Historical,290953,1,1,S,7,1,157478,244.95,2009,37,138.97,60.68
57219,Historical,211015,0,0,S,21,1,988922,88.95,2009,56,24.33,14.98
57220,Historical,866636,0,0,S,2,1,677002,201.95,2003,42,128.63,82.12
57221,Historical,911976,0,0,S,5,1,620165,39,2008,22,22.94,17.96
57222,Historical,1513059,0,0,S,5,1,3449900,271.26,2009,14,74.56,228.75
57223,Historical,740871,0,0,S,4,1,1619497,68.95,2006,19,74.56,110.5
57224,Historical,112063,0,0,S,6,1,90535,66.19,2009,30,0,116.94
57225,Historical,146415,1,1,S,2,1,249298,44.99,2010,41,29.67,27.28
57226,Historical,115448,0,0,S,2,1,4483432,88,1998,21,122.79,43.42
57227,Historical,228027,0,0,S,4,1,1075374,50,2001,15,23.3,26.96
57228,Historical,189518,0,0,S,0,0,579756,58,2000,33,33.99,28.97
57229,Historical,250945,0,0,S,2,1,808435,178,2008,18,11.28,44.89
57230,Historical,545039,0,0,S,16,1,182559,39.99,2012,28,26.29,34.23
57231,Historical,864779,0,0,S,17,1,415808,39.99,2013,31,26.29,81.45
57232,Historical,143027,0,0,S,23,1,1616712,181,2006,27,200.63,46.99
57233,Historical,270092,0,0,S,3,1,1180136,203,2010,18,5.94,159.82
57234,Historical,269958,0,0,S,2,1,3899325,133,2006,16,5.94,9.99
57235,Historical,294605,0,0,S,1,0,113842,86.2,2000,48,69.7,62.67
57236,Historical,391814,0,0,S,1,0,340965,45.99,2010,53,26.58,9.39
57237,Historical,410774,0,0,S,0,0,133902,83.99,2010,66,68.54,22.22
57238,Historical,868422,0,0,S,0,0,397208,11.99,2006,42,68.54,15.29
57239,Historical,900858,0,0,S,2,1,1839141,82.95,2003,16,53.99,51.98
57241,Historical,108830,0,0,S,3,1,2628400,28.98,2005,26,69.98,28.9
57242,Historical,789666,0,0,S,10,1,1549786,194.95,2008,29,175.6,57.39
57243,Historical,185988,0,0,S,6,1,999367,49.99,2008,50,21.28,18.98
57244,Historical,60911,0,0,S,4,1,1961005,129.95,2005,79,94.03,8.28
57245,Historical,213085,0,0,S,3,1,4169222,51.95,2004,21,58.84,14.93
57246,Historical,120193,0,0,S,2,1,552902,42.8,2010,28,33.98,39.49
57247,Historical,111099,1,1,S,2,1,939870,69.18,2008,35,115.12,35
57248,Historical,108991,0,0,S,7,1,1017944,110.5,2004,43,153.89,52.04
57249,Historical,120328,0,0,S,4,1,1481851,74,2008,46,35.27,10.69
57250,Historical,116152,0,0,S,3,1,3292744,64.4,2005,19,35.27,4.24
57252,Historical,275303,0,0,S,2,1,618563,38,2003,37,18.63,9.24
57253,Historical,904168,0,0,S,3,1,2478459,169.99,2001,15,122.5,48.99
57254,Historical,193979,1,1,S,2,1,1663885,34,2000,30,27.36,10.23
57255,Historical,906009,0,0,S,2,1,1107373,39,2001,16,27.36,19.99
57256,Historical,607714,0,0,S,6,1,347160,122,2004,24,94.94,14.99
57257,Historical,607680,0,0,S,3,1,1560377,94.8,2001,30,18.83,16.04
57258,Historical,525612,1,1,S,2,1,849438,89,2010,24,11.41,48.81
57259,Historical,292143,1,1,S,2,1,1767772,144.95,2003,19,68.04,39.15
57260,Historical,710602,0,0,S,3,1,1033644,65,2000,36,74.54,17.71
57261,Historical,213060,0,0,S,2,1,469992,69.95,2004,30,47.52,19.95
57262,Historical,268500,0,0,S,2,1,592178,46,2008,30,27.7,33.66
57263,Historical,557322,0,0,S,1,0,809651,42.8,2007,19,28.1,48.77
57264,Historical,337041,0,0,S,2,1,452986,51.95,2010,46,37.52,37.93
57265,Historical,142994,0,0,S,3,1,1237787,202,2004,19,93.99,82.71
57266,Historical,551859,0,0,S,2,1,286884,104,2003,28,4.47,45.94
57267,Historical,1559460,0,0,S,1,0,1118350,39.95,2008,16,117.99,27.79
57268,Historical,908641,0,0,S,2,1,4156949,37,2003,19,32.04,43.71
57269,Historical,915538,0,0,S,2,1,3180813,66.75,1995,25,54.94,42.05
57270,Historical,653434,0,0,S,1,0,1012116,53.95,2008,23,0,0
57271,Historical,642886,0,0,S,2,1,975704,46.95,2008,22,23.63,4.36
57272,Historical,565118,0,0,S,3,1,82422,49.95,2010,33,23.63,26.01
57273,Historical,183216,0,0,S,9,1,398731,67.12,2004,20,144.96,52.79
57274,Historical,55138,0,0,S,8,1,729761,7.11,2001,53,144.96,10.94
57275,Historical,870942,0,0,S,4,1,276266,119.6,2005,30,4.75,9.95
57276,Historical,131919,0,0,S,3,1,4433616,60.32,2004,21,4.75,16.47
57277,Historical,131411,0,0,S,3,1,1154165,95.8,2000,29,4.75,14.28
57278,Historical,119975,0,0,S,8,1,310063,183.4,2009,34,68.36,43.59
57279,Historical,116072,0,0,S,7,1,2104895,119.8,2005,17,68.36,5.33
57280,Historical,794266,0,0,S,3,1,1544258,71.95,2006,37,22.11,8.38
57281,Historical,525601,0,0,S,2,1,791863,49,2005,49,34.62,30.89
57282,Historical,131866,0,0,S,1,0,261010,43.99,2005,55,35.51,17.48
57283,Historical,539402,0,0,S,6,1,890453,188.13,2012,25,40,264.86
57284,Historical,1434815,0,0,S,3,1,3615356,62.75,2006,14,50.15,105.9
57285,Historical,60917,0,0,S,2,1,2227079,12.94,2002,44,50.15,7.32
57286,Historical,121342,0,0,S,8,1,1114233,175.33,2008,31,20.57,18.99
57287,Historical,60918,0,0,S,7,1,1497781,132.6,2004,49,20.57,4.13
57288,Historical,117081,0,0,S,8,1,652206,162,2008,87,20.57,38.83
57289,Historical,119986,0,0,S,4,1,1406460,48.8,2009,35,33.26,16.99
57290,Historical,109360,0,0,S,3,1,159358,33.98,2005,19,37.15,66.19
57291,Historical,908341,0,0,S,0,0,635626,72,2005,18,40.51,43.79
57292,Historical,637254,0,0,S,1,0,874624,89.99,2006,42,0,31.84
57293,Historical,2090634,0,0,S,0,0,159928,19.95,2011,19,73.99,19.95
57294,Historical,218037,0,0,S,8,1,488256,109.95,2001,32,73.99,94.63
57295,Historical,918194,0,0,S,3,1,2618955,125,1986,30,42.46,53.99
57296,Historical,51941,0,0,S,7,1,747424,8.97,2003,108,76.19,8.97
57297,Historical,118788,0,0,S,1,0,120903,99,2011,43,95.03,48.99
57298,Historical,133296,0,0,S,5,1,55210,141.6,2010,71,118.92,107.29
57299,Historical,3035735,0,0,S,15,1,627587,194,2005,23,165.99,72.87
57300,Historical,739653,0,0,S,5,1,2321552,80,2002,26,42.85,14.98
57301,Historical,607194,0,0,S,5,1,4099238,81,1998,21,45.49,7.31
57302,Historical,711838,1,1,S,6,1,442967,66.2,2001,8,114.3,45.81
57303,Historical,567492,1,1,S,7,1,124906,270.95,2007,48,154.58,68.95
57304,Historical,169750,0,0,S,7,1,819417,270.95,2007,35,154.58,114.11
57305,Historical,2502022,0,0,S,2,1,513110,99,1994,12,0,85.26
57306,Historical,685775,0,0,S,0,0,138448,21.95,2008,22,28.87,15.31
57307,Historical,868060,0,0,S,2,1,1943483,114.4,2002,21,21.2,25.47
57308,Historical,515261,0,0,S,9,1,626929,151.2,2012,146,132.85,13.74
57309,Historical,117769,0,0,S,1,0,694733,149,2008,46,0,0
57310,Historical,2090179,0,0,S,0,0,30143,49.99,2012,40,0,32.49
57311,Historical,911088,0,0,S,2,1,1657559,100,2006,24,83.98,38.99
57312,Historical,1657109,0,0,S,6,1,5174693,61.95,2006,10,74.79,38.52
57313,Historical,909501,1,1,S,4,1,3420170,73.95,2005,19,59.29,13.98
57314,Historical,346428,0,0,S,12,1,5246197,86.95,2009,10,111.57,110.45
57315,Historical,621331,0,0,S,4,1,342134,70.99,2011,22,70.24,96.22
57316,Historical,789579,0,0,S,3,1,654842,59.95,2006,27,70.24,69.68
57318,Historical,292149,0,0,S,10,1,1442088,110.76,2003,25,53.99,24.95
57319,Historical,649156,0,0,S,0,0,716677,52,2007,20,43.97,53.98
57320,Historical,642210,0,0,S,2,1,148449,71,2012,28,43.97,13.1
57321,Historical,607847,1,2,S,3,1,4717396,85.2,1999,38,77.99,5.14
57322,Historical,131872,0,0,S,4,1,1767385,133.6,2004,24,77.99,5.97
57323,Historical,910323,0,0,S,2,1,671432,206.37,2005,23,20.99,13
57324,Historical,135515,0,0,S,14,1,596639,67.95,2009,33,48.71,21.98
57325,Historical,525574,1,1,S,15,1,84117,71.95,2012,47,48.71,53.55
57326,Historical,644102,0,0,S,4,1,275647,62.95,2006,35,58.23,39.99
57327,Historical,258019,0,0,S,1,0,104119,38.95,2002,98,23.02,7.98
57328,Historical,146987,0,0,S,6,1,1637362,91,2003,48,19.93,33.99
57329,Historical,288824,0,0,S,7,1,790353,115,2007,32,19.93,33.99
57330,Historical,292633,0,0,S,4,1,977134,44,1996,58,24.38,5.94
57331,Historical,130358,0,0,S,4,1,134932,85.95,2011,48,68.98,68.33
57333,Historical,133109,0,0,S,3,1,424801,64.2,2009,22,68.98,28.54
57334,Historical,110151,0,0,S,3,1,473264,34.25,2008,43,46.79,29.52
57335,Historical,296185,0,0,S,2,1,2616052,99.95,2006,17,15.74,73.95
57336,Historical,120616,0,0,S,5,1,3098910,57,2008,31,23.93,8.99
57337,Historical,616181,1,2,S,6,1,64503,63.4,2010,42,23.93,22.88
57338,Historical,914521,0,0,S,2,1,5479853,38.95,2003,21,19.21,21.02
57339,Historical,1762618,0,0,S,1,0,694419,39.99,2013,26,51.54,35.26
57340,Historical,152380,0,0,S,2,1,2000664,129,2004,17,154.44,84.99
57341,Historical,1574907,1,5,S,11,1,664990,215.95,2010,43,134.86,19.29
57342,Historical,55482,0,0,S,13,1,1476810,160.95,2007,42,143.09,15.08
57343,Historical,250413,1,2,S,6,1,2814990,37.97,2006,29,0,6.92
57344,Historical,634730,0,0,S,6,1,2193920,37.97,2008,23,0,91.53
57345,Historical,148633,0,0,S,10,1,790196,95.95,2008,41,76.58,32.2
57346,Historical,870750,0,0,S,9,1,1930293,95.95,2004,30,76.58,4.8
57347,Historical,1562740,0,0,S,3,1,2017744,122,2009,22,85.34,46.79
57348,Historical,910511,0,0,S,2,1,2944609,110,2003,19,67.57,77.61
57349,Historical,203356,0,0,S,3,1,2696679,62.95,2000,18,7.89,7.99
57350,Historical,126090,0,0,S,2,1,1447116,75,1999,27,6.56,15.99
57351,Historical,249096,0,0,S,5,1,2209010,295,2007,24,47.48,41.94
57352,Historical,635806,0,0,S,2,1,2770904,218,2009,19,72.07,54.88
57353,Historical,203902,0,0,S,4,1,1783633,179.95,2007,22,10.81,8.95
57354,Historical,192853,1,1,S,3,1,829925,115,2002,31,68.98,66.13
57355,Historical,187950,0,0,S,5,1,2692943,66.99,1998,32,46.86,22.89
57356,Historical,549013,0,0,S,3,1,3407347,104.55,1986,20,36.97,63.99
57357,Historical,57832,0,0,S,6,1,39854,89.4,2010,50,33.96,72.46
57358,Historical,629523,0,0,S,0,0,851083,42.95,1992,42,36.98,33.89
57359,Historical,607490,1,1,S,2,1,890860,124.2,1997,15,94.01,63.99
57360,Historical,868299,0,0,S,0,0,215856,50.95,2004,39,36.8,33.98
57361,Historical,557554,0,0,S,5,1,789105,81.33,2009,45,65.56,23.85
57362,Historical,538944,1,1,S,0,0,304861,185,2007,52,63.59,76.99
57363,Historical,607653,0,0,S,3,1,1879322,115.6,1992,37,62.98,25.9
57364,Historical,577409,0,0,S,2,1,994085,57.99,2009,12,43.49,18.99
57365,Historical,545528,0,0,S,2,1,25216,53,2012,21,39.94,48.99
57366,Historical,553204,0,0,S,1,0,565455,97.6,2012,28,92.03,49.35
57367,Historical,596316,0,0,S,6,1,678833,57.95,2012,30,34.08,61.95
57368,Historical,583224,0,0,S,3,1,248506,102.95,2005,21,20.14,13.26
57369,Historical,594423,0,0,S,0,0,654994,79.95,2010,28,88.35,62.67
57370,Historical,539926,0,0,S,5,1,14765,75.95,2012,72,41.4,49.37
57371,Historical,608112,0,0,S,4,1,572889,61.95,2008,59,36.47,32.99
57372,Historical,544991,0,0,S,3,1,560532,66,2011,53,47.84,48.73
57373,Historical,546881,0,0,S,5,1,28776,46.09,2013,40,15.99,31.99
57374,Historical,595085,0,0,S,7,1,10267,102,2012,59,53.95,65.59
57375,Historical,607720,0,0,S,2,1,2072204,41.2,2007,34,27.71,22.82
57376,Historical,565814,0,0,S,1,0,813228,50,2007,26,30.92,31.98
57377,Historical,557479,0,0,S,10,1,982845,91.6,2008,53,30.84,42.75
57378,Historical,607930,0,0,S,9,1,2282921,80.2,2006,32,30.84,14.94
57379,Historical,204567,0,0,S,1,0,41460,22.99,1998,395,14.13,7.53
57380,Historical,533203,0,0,S,21,1,185631,99.99,2013,21,87.67,83.3
57381,Historical,270991,0,0,S,19,1,1088158,99.95,2011,41,87.67,35.99
57382,Historical,203996,0,0,S,5,1,1018262,99,2008,22,60.24,28.99
57384,Historical,616003,0,0,S,2,1,703040,38.5,1997,56,26.99,8.48
57385,Historical,60934,0,0,S,2,1,1016456,40.95,2002,37,45.02,11.34
57386,Historical,169296,0,0,S,3,1,417377,100.95,2006,47,45.02,52.8
57387,Historical,162688,0,0,S,3,1,133677,55,2009,24,37.98,40.36
57388,Historical,166904,0,0,S,3,1,1006453,55,2005,21,43.28,30.99
57389,Historical,167188,0,0,S,3,1,199191,60,2006,27,47.76,58.99
57390,Historical,270872,0,0,S,4,1,606954,47,2009,45,35.68,37.57
57391,Historical,55751,0,0,S,4,1,216333,92,2005,77,83.99,33.98
57392,Historical,162297,0,0,S,5,1,755773,69,2008,47,53.99,13.98
57393,Historical,127308,0,0,S,5,1,1415974,56.95,2007,83,62.32,8.78
57394,Historical,301205,0,0,S,4,1,3381000,52.95,2004,33,62.32,15.97
57395,Historical,60937,0,0,S,2,1,2330425,153,2004,32,12.65,12.48
57396,Historical,53558,0,0,S,4,1,1201640,100,2006,49,65.56,45.49
57397,Historical,133082,0,0,S,5,1,988098,120,2009,46,33.99,28.99
57398,Historical,145087,0,0,S,12,1,901478,109.2,2005,30,94.22,37.58
57399,Historical,461691,0,0,S,13,1,786779,235.95,2006,74,93.84,48.99
57400,Historical,2781696,0,0,S,0,0,1585410,127,1993,32,49.98,75.74
57401,Historical,144657,0,0,S,2,1,2044490,40,2004,46,32.17,4.4
57402,Historical,248836,0,0,S,3,1,1154464,44.95,2006,63,10.19,23.94
57403,Historical,192780,1,2,S,2,1,289011,39.95,2000,82,10.19,9.97
57404,Historical,175072,0,0,S,1,0,85763,44,2008,46,29.98,85.92
57405,Historical,910120,0,0,S,9,1,1111950,66.95,2012,33,23.93,32.84
57406,Historical,671096,0,0,S,1,0,203097,52.21,2005,15,4.46,69.9
57407,Historical,165323,0,0,S,3,1,459673,90,2001,31,76.49,35.18
57408,Historical,2052075,0,0,S,1,0,961822,50,2009,17,36.48,39.94
57409,Historical,922312,0,0,S,2,1,1496059,8.9,2007,67,28.78,7.54
57410,Historical,288314,0,0,S,3,1,699438,6.93,2011,109,28.78,4.13
57411,Historical,1660567,0,0,S,1,0,283746,40,2008,25,25.38,62.09
57412,Historical,198050,0,0,S,7,1,569936,95.56,2009,19,0,0
57413,Historical,121463,0,0,S,2,1,5290930,103.6,1998,24,52.14,15.97
57414,Historical,613658,0,0,S,6,1,584771,64.95,2008,61,35.94,4.09
57415,Historical,181886,0,0,S,1,0,388517,39.95,2005,87,12.86,16.09
57416,Historical,1984700,0,0,S,0,0,1149110,49.99,2013,12,38.99,44.78
57417,Historical,2535511,0,0,S,2,1,2403736,135,1998,19,18.94,99.99
57418,Historical,650017,0,0,S,2,1,290560,41.95,2010,47,29.15,32.4
57419,Historical,178815,0,0,S,4,1,1385272,81,2002,20,4.45,254.41
57420,Historical,2098021,0,0,S,0,0,780469,40,2014,55,18.98,18.99
57421,Historical,633975,1,4,S,3,1,839845,67,2000,19,48.83,29.89
57422,Historical,141253,0,0,S,2,1,411843,11.01,2003,86,13.08,10.25
57423,Historical,55478,1,1,S,8,1,607049,13.88,2007,89,55.2,13.88
57425,Historical,2344576,0,0,S,3,1,3235258,54.95,1994,22,38.98,56.24
57426,Historical,2407557,0,0,S,3,1,2728077,23.95,1996,30,0,13.87
57427,Historical,60946,0,0,S,4,1,241017,44.95,2000,31,24.18,33.97
57428,Historical,788551,0,0,S,0,0,137056,44.99,2001,46,23.99,19.99
57430,Historical,3069602,0,0,S,5,1,52922,21.99,2005,101,0,15.11
57431,Historical,218720,0,0,S,1,0,709132,198,2006,46,57.9,71.99
57432,Historical,128377,0,0,S,2,1,1457670,65,2007,16,0,65
57433,Historical,915053,0,0,S,3,1,2057998,156.41,1985,27,17.61,54.89
57434,Historical,3092644,0,0,S,1,0,1312549,48.95,2005,23,21.32,59.95
57435,Historical,3206732,1,1,S,18,1,309802,36.28,2005,47,0,47.98
57436,Historical,2786826,0,0,S,0,0,177613,50,1990,28,33.11,37.05
57437,Historical,875628,0,0,S,5,1,2631698,22.74,2000,24,32,21.98
57438,Historical,290500,0,0,S,6,1,904585,0,2004,34,32,23.99
57439,Historical,213116,0,0,S,2,1,2510134,61.95,2004,23,51.72,18.98
57440,Historical,2604560,0,0,S,2,1,4066293,88.99,2005,18,48.51,61.91
57441,Historical,236750,0,0,S,0,0,162213,55,2003,22,96.37,136.18
57442,Historical,917652,0,0,S,4,1,2214692,79.8,2007,36,10.08,13.87
57443,Historical,652476,0,0,S,1,0,1293483,120,2012,22,70.98,55.94
57444,Historical,181345,1,2,S,1,0,236461,70.6,2007,40,34.69,30.86
57445,Historical,135572,0,0,S,4,1,2618262,58.95,2004,32,23.59,11.59
57446,Historical,57725,0,0,S,1,0,324998,58.95,2006,67,37.47,40.86
57447,Historical,57731,0,0,S,0,0,32636,56.95,2006,38,19.28,38.99
57448,Historical,1439150,0,0,S,6,1,6849670,94.5,2010,12,77.34,59.71
57449,Historical,454182,0,0,S,1,0,740888,59,2005,40,32.99,13.97
57450,Historical,167007,0,0,S,2,1,1380643,150,2005,28,33.76,23.98
57451,Historical,431060,0,0,S,7,1,2852748,95,2006,18,91.22,49.64
57452,Historical,614362,0,0,S,3,1,422997,89.99,2000,125,53.99,13.94
57453,Historical,664279,0,0,S,15,1,951509,44.99,2013,31,5.44,28.84
57454,Historical,802539,0,0,S,11,1,5601303,44.99,2005,16,5.44,34.05
57455,Historical,173779,0,0,S,1,0,934463,89.99,2005,26,113.99,33.98
57456,Historical,532190,0,0,S,5,1,852709,55.95,2009,17,49.03,36.89
57457,Historical,135569,0,0,S,4,1,280084,55.95,2005,32,49.03,50.42
57458,Historical,369274,0,0,S,3,1,1280939,36,2004,55,32.05,9.71
57459,Historical,607603,0,0,S,2,1,9202206,60,2003,20,53.75,27.23
57460,Historical,607607,0,0,S,3,1,3916437,49.95,2009,21,53.75,45.69
57461,Historical,609476,0,0,S,3,1,1136265,190.95,2004,22,83.9,74.71
57462,Historical,629268,1,1,S,8,1,1545876,36.2,2008,38,36.58,27.88
57463,Historical,2405111,0,0,S,2,1,1063795,39.95,1990,66,49.24,9.88
57464,Historical,126963,0,0,S,0,0,554200,39.99,1995,100,17.03,43.95
57465,Historical,320302,0,0,S,4,1,618841,115,2010,27,23.95,42.89
57466,Historical,1474087,0,0,S,7,1,3418446,80,2011,23,57.12,62.9
57467,Historical,2419415,0,0,S,5,1,13447639,77,2004,26,57.12,70.95
57468,Historical,204525,0,0,S,0,0,668733,44.99,2005,57,20.22,16.14
57469,Historical,323390,0,0,S,1,0,376891,20,2002,40,34.95,19.98
57470,Historical,134356,0,0,S,1,0,167757,17,2004,29,61.24,19.99
57471,Historical,167297,0,0,S,3,1,376648,60,2007,29,48.04,94.55
57472,Historical,877243,0,0,S,3,1,660628,74.86,2006,33,31.98,53.98
57473,Historical,57166,0,0,S,4,1,39934,54.95,2011,53,31.98,34.36
57474,Historical,895315,0,0,S,0,0,1323454,45,2008,15,21.98,33.99
57475,Historical,616952,0,0,S,0,0,16536,44.99,2008,66,34.07,25.71
57476,Historical,2814534,0,0,S,3,1,2220510,125,2003,37,0,7.57
57477,Historical,758298,0,0,S,2,1,1317703,80,2002,41,5.88,13.98
57478,Historical,2653436,0,0,S,1,0,1340753,115.95,1991,59,22.49,23.98
57479,Historical,652161,0,0,S,0,0,326014,55,1985,30,0,51.49
57480,Historical,633143,0,0,S,1,0,20860,44.99,2011,32,40.06,28.71
57481,Historical,203777,0,0,S,4,1,6695417,119,2005,17,11.19,8.99
57482,Historical,858723,0,0,S,2,1,1529912,49.95,1999,24,59.32,61.81
57483,Historical,393653,0,0,S,1,0,685787,55,2009,21,39.94,55.41
57484,Historical,627461,0,0,S,4,1,1296052,200,2009,30,134.34,103.99
57485,Historical,625613,0,0,S,1,0,725800,73.2,2013,38,69.53,16.67
57486,Historical,554677,0,0,S,3,1,1176884,156.95,1997,37,34.1,63.05
57487,Historical,915310,0,0,S,2,1,1345702,316.95,1996,34,52.99,16.99
57488,Historical,691304,0,0,S,0,0,820805,29.99,2006,24,59.29,16
57489,Historical,617033,0,0,S,5,1,1001127,34.95,2002,30,34.44,25.03
57490,Historical,636351,0,0,S,3,1,1756141,121.95,2007,41,88.94,32.59
57491,Historical,164665,1,2,S,3,1,1258700,49.95,2003,52,30.95,6.99
57492,Historical,167189,0,0,S,4,1,64322,60,2006,83,30.95,33.97
57493,Historical,622075,0,0,S,1,0,46031,175,2003,55,67.48,103.99
57494,Historical,2760394,0,0,S,1,0,314145,40,2003,28,21.6,31.98
57495,Historical,902328,0,0,S,4,1,732489,34.95,2010,36,31.29,50.04
57496,Historical,241432,0,0,S,3,1,1708904,34.95,2004,49,31.29,37.41
57497,Historical,624346,0,0,S,2,1,950277,44.95,2009,15,32.38,23.87
57498,Historical,252034,1,2,S,3,1,733534,115.95,2008,19,73.98,18.94
57499,Historical,271286,0,0,S,0,0,129860,14.99,2005,69,26.28,12.2
57500,Historical,531737,0,0,S,2,1,588691,98.95,2007,14,78.83,21.43
57501,Historical,894003,0,0,S,2,1,3944345,129.95,2005,15,69.12,120.88
57502,Historical,904628,0,0,S,4,1,2950854,124.6,2005,18,88.86,99.05
57503,Historical,3012934,1,2,S,2,1,1641728,74,2003,18,57.14,83.47
57504,Historical,722841,0,0,S,1,0,1078106,41.95,2012,12,29.35,30.88
57505,Historical,739904,0,0,S,9,1,1507662,65.2,2003,47,76.35,4.58
57506,Historical,169105,0,0,S,5,1,435538,95.95,2005,41,4,12.74
57507,Historical,330992,0,0,S,0,0,472199,37.5,2007,50,23.24,18.93
57508,Historical,630166,1,3,S,1,0,160360,49.38,2007,39,31.02,73.31
57509,Historical,802712,0,0,S,5,1,1172356,69.99,2010,30,33.99,33.99
57510,Historical,893513,0,0,S,2,1,2732135,90,2010,18,32.3,59.67
57511,Historical,911061,0,0,S,1,0,1792757,110,2006,33,19.08,71.88
57512,Historical,2500694,0,0,S,1,0,159343,74.01,1973,52,19.25,54.67
57513,Historical,533559,0,0,S,5,1,512347,138.8,2009,87,39.98,18.98
57514,Historical,913123,0,0,S,5,1,1005656,49.95,2008,30,34.08,16.74
57515,Historical,609422,0,0,S,2,1,220178,94.95,2001,39,20.14,11.49
57516,Historical,152744,0,0,S,0,0,682478,39.95,2007,47,21.02,12.99
57517,Historical,635232,0,0,S,1,0,371248,69.99,2007,14,0,0
57518,Historical,117176,0,0,S,4,1,1271323,70.67,2005,35,30.99,46.97
57519,Historical,531418,0,0,S,2,1,4641445,195,2011,12,48.1,136.19
57520,Historical,2098831,0,0,S,2,1,652030,98,2013,13,47.99,79.61
57521,Historical,50468,1,1,S,9,1,35755,135,2007,90,84.84,36.58
57522,Historical,2801390,0,0,S,0,0,113949,110,1994,18,53.49,72.98
57523,Historical,614310,0,0,S,0,0,64563,37.5,1993,93,45.22,13.9
57524,Historical,1446000,0,0,S,1,0,708237,55.95,2011,30,60.18,43.36
57525,Historical,655643,0,0,S,2,1,453213,54.99,2010,21,0,0
57526,Historical,531298,0,0,S,3,1,799715,72.95,2009,110,23.99,21.76
57527,Historical,192450,0,0,S,2,1,3029729,57.95,2005,42,23.99,11.9
57528,Historical,2613173,0,0,S,0,0,413638,110,2001,64,31.42,13.99
57529,Historical,61227,1,1,S,4,1,2012942,17.54,2005,48,116.37,17.54
57530,Historical,54285,1,1,S,7,1,159319,18.47,2007,224,108.96,15.99
57531,Historical,646495,0,0,S,1,0,1502168,70.95,2008,20,196.29,46
57532,Historical,184292,0,0,S,4,1,1620636,52.95,2000,49,42.53,23.98
57533,Historical,388330,0,0,S,4,1,537835,49.99,2011,31,27.34,26.09
57534,Historical,178244,0,0,S,1,0,1362977,80.95,1998,30,53.93,63.05
57535,Historical,178620,0,0,S,2,1,2930637,102.95,2007,24,48.99,13.24
57537,Historical,650637,0,0,S,2,1,623263,60.95,2006,23,43.19,77.17
57538,Historical,625923,0,0,S,1,0,733494,43.95,2010,27,18.31,65.57
57539,Historical,645538,0,0,S,2,1,1091976,36.95,2005,26,36.52,23.98
57540,Historical,222641,0,0,S,1,0,1214485,55,2006,39,21.56,14.24
57541,Historical,568943,0,0,S,2,1,1313231,46,2000,22,38.8,48.99
57542,Historical,294334,1,3,S,1,0,510467,48,2000,45,29.27,41.6
57543,Historical,531081,0,0,S,3,1,1590417,71.95,2010,18,4.03,32.72
57544,Historical,56701,0,0,S,9,1,79056,15.03,2006,46,86.84,15.03
57545,Historical,183126,0,0,S,3,1,2438162,93.95,2005,37,98.25,15.86
57546,Historical,183776,1,1,S,4,1,1976709,150.95,2008,24,98.25,84.87
57547,Historical,533414,0,0,S,5,1,118813,142.95,2011,42,98.25,39.99
57548,Historical,179157,0,0,S,4,1,2853140,81.95,2008,17,90.51,33.65
57549,Historical,254188,0,0,S,5,1,1844958,177.95,2010,38,53.89,43.81
57550,Historical,254190,0,0,S,5,1,1691490,177.95,2010,40,73.93,32.99
57551,Historical,183574,0,0,S,4,1,304414,187.95,2007,22,73.93,45.61
57552,Historical,173768,0,0,S,2,1,698091,48,2003,33,43.38,24
57553,Historical,50080,1,1,S,10,1,1105021,99,2002,49,98.92,45.93
57554,Historical,531023,0,0,S,3,1,1839803,99,2009,17,69.34,73.94
57555,Historical,260015,0,0,S,3,1,858676,137.25,2009,40,13.19,38.99
57556,Historical,270802,0,0,S,3,1,286966,57.99,2010,64,16.17,28.98
57557,Historical,203668,1,1,S,2,1,110231,37.95,2005,98,16.17,10.77
57558,Historical,680619,0,0,S,7,1,166956,26.95,2010,42,32.61,27.99
57559,Historical,2699057,0,0,S,2,1,10411770,59.95,2001,9,46.58,109.33
57560,Historical,270409,0,0,S,3,1,494042,26.52,2007,34,46.48,57.55
57561,Historical,911413,0,0,S,2,1,2160303,32,1993,21,103,48.45
57562,Historical,339709,0,0,S,4,1,454757,65,2008,59,42.99,33.89
57563,Historical,774916,0,0,S,3,1,3632844,289,2000,15,183.94,73.79
57564,Historical,54638,0,0,S,8,1,603730,14.82,2006,99,58.24,16.91
57565,Historical,911202,0,0,S,4,1,766859,39,2005,23,37.98,11.17
57566,Historical,650098,0,0,S,5,1,887703,43,2010,21,37.98,68.42
57567,Historical,135623,0,0,S,1,0,1263089,39.95,2008,37,24.64,41.92
57568,Historical,170025,0,0,S,6,1,46353,106.95,2011,61,30.49,43.48
57569,Historical,177912,0,0,S,8,1,1155906,58.95,2003,43,40.7,16.98
57570,Historical,832223,0,0,S,3,1,904567,79.95,2000,18,53.97,77.13
57571,Historical,764695,0,0,S,5,1,1338835,136.95,2001,29,50.5,16.46
57572,Historical,248492,0,0,S,8,1,1781993,39.99,2007,43,31.93,9.82
57573,Historical,660839,0,0,S,11,1,124455,49.99,2013,56,31.93,40.24
57574,Historical,688288,0,0,S,1,0,904403,23,2009,15,25.61,21.63
57575,Historical,3122112,0,0,S,1,0,1903414,69.95,2002,26,11.87,52.15
57576,Historical,138670,0,0,S,1,0,470929,75,1995,106,21.54,9.49
57577,Historical,299507,0,0,S,0,0,122491,75,1999,27,208.99,43.41
57579,Historical,153807,0,0,S,6,1,217751,16.24,2011,113,57.77,9.43
57580,Historical,248140,1,1,S,3,1,1018474,39,2010,104,30.66,10.99
57581,Historical,156942,0,0,S,2,1,2398679,42.95,2002,42,26.16,38.99
57582,Historical,615936,1,1,S,2,1,4943,121,2013,119,50.94,81.16
57583,Historical,2615068,0,0,S,2,1,3447653,86,2005,16,36.73,59.68
57584,Historical,2265940,0,0,S,3,1,785754,76.04,2011,27,67.3,53.52
57585,Historical,2491485,0,0,S,2,1,5853326,109.95,2003,13,52.28,44.54
57586,Historical,393688,0,0,S,2,1,326722,59,2009,42,21.86,15.74
57587,Historical,802694,0,0,S,2,1,1752526,49.99,2009,32,4.66,19
57588,Historical,346161,0,0,S,3,1,1511431,174.95,2006,56,71.71,23.93
57589,Historical,120172,0,0,S,2,1,75322,85,2010,25,53.65,68.75
57590,Historical,106068,0,0,S,1,0,389217,39.95,2005,38,23.64,12.94
57591,Historical,119991,1,2,S,2,1,654210,65.8,2008,86,45.49,6.58
57592,Historical,205901,0,0,S,2,1,1278461,60,2005,31,40.36,15.13
57594,Historical,891917,0,0,S,2,1,4348104,57.75,2008,17,59.94,36.86
57595,Historical,259655,0,0,S,2,1,1265368,56.95,2004,22,20.4,12.94
57596,Historical,919873,1,1,S,0,0,12197,40,2006,87,34.17,21.07
57597,Historical,619748,0,0,S,5,1,1015138,186,2012,33,5.43,138.33
57598,Historical,60959,0,0,S,5,1,1573921,131.95,2004,64,109.94,8.98
57599,Historical,2323624,0,0,S,3,1,1687389,89.95,1993,24,45.23,4.59
57601,Historical,292939,0,0,S,3,1,1948884,137,2008,27,100.99,82.58
57602,Historical,1710229,0,0,S,2,1,2240768,39.95,2006,24,12.61,8.93
57603,Historical,162651,0,0,S,1,0,188542,49.95,2009,57,88.17,22.98
57604,Historical,642826,0,0,S,0,0,776326,46.95,2002,19,148.39,46.95
57605,Historical,2673634,0,0,S,1,0,177230,45,1998,30,28.98,100.09
57607,Historical,435701,0,0,S,4,1,2160123,178.95,2005,28,34.96,42.74
57608,Historical,2346338,0,0,S,3,1,566655,49.48,1977,25,36.3,42.94
57609,Historical,530363,0,0,S,6,1,2576995,132,2005,17,49.49,83.21
57610,Historical,165594,0,0,S,2,1,1839324,168,2002,17,75.12,127.99
57611,Historical,2699259,0,0,S,4,1,4188171,113,2004,15,62.97,34.46
57612,Historical,2473537,0,0,S,1,0,756008,28,1982,39,29.78,13.98
57613,Historical,2261621,0,0,S,4,1,3909862,62.63,2010,35,24.48,54.49
57614,Historical,201715,0,0,S,3,1,3275050,37.95,2005,29,24.48,15.98
57615,Historical,184179,0,0,S,1,0,216803,45.95,2001,27,21.97,12.99
57617,Historical,270000,1,2,S,3,1,905245,47,2007,59,24.98,14.98
57618,Historical,3140247,0,0,S,4,1,1636169,34.95,2004,63,27.99,8.44
57619,Historical,2048958,1,2,S,5,1,86858,55.5,2007,46,27.99,6.37
57620,Historical,860210,0,0,S,7,1,3566844,79.95,2010,25,60.06,51.41
57621,Historical,624186,0,0,S,4,1,1721057,57.75,1991,28,56.35,29.99
57622,Historical,279845,1,1,S,0,0,1015864,38.5,2007,32,31.84,30.98
57623,Historical,279842,0,0,S,0,0,993844,36.95,2006,53,33.91,33.75
57624,Historical,909241,0,0,S,1,0,1447851,36.95,2006,30,25.34,13.96
57625,Historical,127347,0,0,S,3,1,1542754,49.95,2007,70,46.74,10.01
57626,Historical,530020,0,0,S,4,1,183312,69.95,2010,94,46.74,28.99
57627,Historical,862749,0,0,S,1,0,3210003,61.95,1998,28,51.96,21.93
57628,Historical,2031795,0,0,S,0,0,335915,39.95,2010,46,20.75,15.78
57629,Historical,595056,0,0,S,3,1,542190,43.95,2012,63,29.75,43.88
57630,Historical,113881,0,0,S,4,1,2133911,38.33,2001,31,10.99,9.95
57631,Historical,608188,0,0,S,2,1,4474705,93.95,2002,17,103.23,8.79
57633,Historical,2646688,0,0,S,1,0,369646,150.95,1991,27,0,37.37
57634,Historical,217328,0,0,S,6,1,1201948,52,2010,44,36.91,17.57
57635,Historical,217296,0,0,S,5,1,2584885,51,2007,41,36.91,13.99
57636,Historical,1702073,0,0,S,3,1,885980,60,2007,19,74.29,74.3
57637,Historical,908114,0,0,S,5,1,381034,21.95,1988,20,29.34,23.67
57638,Historical,128724,0,0,S,2,1,2514876,45,2007,20,25.44,31.99
57639,Historical,195062,1,1,S,4,1,71402,39.95,2007,47,21.81,35.95
57641,Historical,2533245,0,0,S,3,1,1899240,42.95,2002,28,18.04,42.07
57642,Historical,564756,0,0,S,2,1,791045,39.95,2009,45,40.47,23.99
57643,Historical,789463,0,0,S,4,1,1845469,149,2005,21,153.99,101.61
57644,Historical,56703,0,0,S,9,1,1411869,9.74,2000,72,63.18,5.08
57645,Historical,540261,0,0,S,4,1,957243,48.95,2009,34,42.94,57.44
57646,Historical,2528936,0,0,S,3,1,6959893,31.95,1992,21,65.09,43.83
57647,Historical,275788,0,0,S,6,1,349983,26.95,2009,39,21.91,75.98
57648,Historical,2552015,0,0,S,2,1,876770,38,1990,19,0,61.93
57649,Historical,184295,0,0,S,0,0,1106414,82.95,2003,32,309.76,58.65
57650,Historical,2940236,0,0,S,0,0,1440415,71.95,2003,22,43.52,57.3
57651,Historical,196275,1,1,S,4,1,1165357,85,2010,17,54.99,83.49
57652,Historical,196185,0,0,S,3,1,3927632,78,1996,16,0,86
57653,Historical,308097,0,0,S,1,0,628513,55,2007,33,29.95,24.94
57654,Historical,113638,0,0,S,3,1,2836505,77.32,1998,22,15.76,66.31
57655,Historical,765781,0,0,S,1,0,170387,131.95,2005,27,78.78,77.93
57656,Historical,869587,1,1,S,6,1,560270,121.95,2009,24,9.24,83.99
57657,Historical,182530,0,0,S,4,1,1169475,41.97,2001,59,17.98,17.99
57658,Historical,60962,0,0,S,7,1,802528,51,1998,31,39.88,33.93
57659,Historical,58252,0,0,S,7,1,1332393,113.8,2005,62,41.96,55.51
57660,Historical,132802,0,0,S,4,1,2036388,96,2008,34,64.36,28.99
57661,Historical,117896,0,0,S,2,1,8403915,20.8,2004,33,41.96,4.99
57662,Historical,58256,0,0,S,7,1,801986,113.8,2005,25,140.65,69.91
57663,Historical,720627,0,0,S,1,0,799921,74,2004,16,8.94,33.76
57664,Historical,289838,0,0,S,2,1,74715,39.95,2004,83,31.47,22.94
57665,Historical,647616,0,0,S,1,0,343203,37.95,2011,25,62.98,29.49
57666,Historical,2647482,0,0,S,2,1,407358,87.95,1998,44,18.34,13.92
57667,Historical,909627,0,0,S,2,1,2273222,39.95,2003,19,26.51,5.72
57668,Historical,898124,0,0,S,2,1,5224707,109.95,2001,11,120.59,144.45
57669,Historical,2897336,0,0,S,10,1,4202749,75.95,2003,17,62.92,53.75
57670,Historical,644751,0,0,S,7,1,339784,45,2011,21,0,0
57671,Historical,476680,0,0,S,0,0,183667,40,2009,93,17.98,19.48
57672,Historical,420060,0,0,S,2,1,1880315,73.95,2004,33,23.52,26.05
57673,Historical,53683,0,0,S,5,1,838093,41.99,2005,74,156.94,38.49
57674,Historical,870651,0,0,S,6,1,1187643,83.78,2000,33,21.3,51.04
57675,Historical,646596,0,0,S,2,1,1636816,93.95,2006,18,84.98,53.62
57676,Historical,699629,0,0,S,5,1,2988998,39.95,1999,23,11.68,8.82
57677,Historical,748514,0,0,S,2,1,3116515,130,2006,22,84.75,23.99
57678,Historical,2137447,0,0,S,5,1,3690223,89.95,2008,18,55,95.57
57679,Historical,174152,0,0,S,4,1,1392474,113,1998,24,69.2,62.59
57681,Historical,186150,0,0,S,3,1,4082263,59.4,1997,36,14.15,13.99
57682,Historical,60966,0,0,S,4,1,1653472,61.6,2006,28,14.15,10.96
57683,Historical,165432,0,0,S,3,1,2885647,70,2001,40,59.36,7.94
57684,Historical,755350,0,0,S,2,1,3774657,136.1,2003,20,179.92,38.33
57685,Historical,906225,0,0,S,2,1,5047540,73.99,2004,16,28.49,88.48
57686,Historical,551723,0,0,S,3,1,4840882,42,2000,33,25.99,11.48
57687,Historical,56409,0,0,S,11,1,427531,106.4,2005,80,116.93,18.2
57688,Historical,108010,0,0,S,3,1,1048025,43.43,2003,27,26.29,13.99
57689,Historical,105624,0,0,S,4,1,2525511,95,2000,37,4.95,40.43
57690,Historical,789553,0,0,S,3,1,2603461,64.95,2006,27,30.98,9.99
57691,Historical,558396,1,1,S,7,1,1432050,53.95,2006,42,44.03,27.82
57692,Historical,199185,0,0,S,2,1,581544,49.95,2003,31,29.19,43.82
57693,Historical,247949,0,0,S,3,1,1318719,68,2007,27,29.19,23.99
57694,Historical,789543,0,0,S,2,1,2713848,104.99,2006,27,81.49,63.98
57695,Historical,745656,0,0,S,0,0,1254868,39.95,2001,33,16.29,27.12
57696,Historical,52722,0,0,S,8,1,59421,19.99,2008,60,98.99,66.57
57698,Historical,269994,0,0,S,3,1,1099281,162,2007,28,77.01,79.99
57699,Historical,861763,0,0,S,9,1,848399,216,2013,39,7.15,80.45
57700,Historical,757591,0,0,S,3,1,6105070,250,2002,15,16.28,50.64
57701,Historical,751262,0,0,S,4,1,4226247,252.5,2009,10,16.28,178.41
57702,Historical,206121,0,0,S,4,1,1952874,270,2006,14,253.99,111.7
57703,Historical,2047390,0,0,S,2,1,2301561,100,2006,14,71.14,87.91
57704,Historical,615588,0,0,S,3,1,1390234,178,2005,27,152.08,129.07
57705,Historical,265960,0,0,S,8,1,1347124,160,2007,23,73.99,92.37
57706,Historical,2083119,0,0,S,8,1,380841,217,2012,28,150.19,182.23
57707,Historical,738154,0,0,S,4,1,4636420,52,2002,14,46.84,28.99
57708,Historical,161559,0,0,S,9,1,556465,283.95,2007,20,0,87.42
57709,Historical,2596690,0,0,S,1,0,180162,94.99,1989,41,0,61.98
57710,Historical,2647105,0,0,S,1,0,625299,150.95,2001,21,48.98,102.94
57711,Historical,878730,0,0,S,3,1,5870156,174.93,2009,14,130.94,229.08
57712,Historical,153484,0,0,S,1,0,372864,146.54,1997,47,23.33,59.32
57713,Historical,629663,0,0,S,2,1,2071043,71.95,2005,25,63.98,8.08
57714,Historical,1567799,0,0,S,1,0,669248,22.95,2008,61,52.87,5.94
57715,Historical,53752,0,0,S,10,1,167169,81.8,2006,234,82.93,7.57
57716,Historical,875550,0,0,S,0,0,486723,0,2011,17,21.5,38.98
57717,Historical,53551,1,1,S,5,1,826084,16.61,2007,76,97,26.99
57718,Historical,897882,0,0,S,3,1,4338428,149.95,2005,12,39.07,76.15
57719,Historical,1452115,1,1,S,7,1,1196537,100,2012,16,88.59,129.16
57720,Historical,152147,0,0,S,2,1,1591781,79.95,2004,14,53.69,48.65
57721,Historical,143381,0,0,S,2,1,1919156,36.5,2000,13,65.79,73.79
57722,Historical,3471931,0,0,S,2,1,3986217,49.6,1999,18,0,39.37
57723,Historical,145167,0,0,S,3,1,986645,48.2,2006,89,21.02,30.86
57724,Historical,145168,0,0,S,3,1,579340,48.2,2006,88,4.98,7.89
57725,Historical,144422,1,1,S,2,1,331389,53,2002,105,4.98,4
57726,Historical,132779,0,0,S,4,1,152978,51.2,2009,59,21.02,23.98
57727,Historical,606945,0,0,S,10,1,2108101,99.8,2005,29,146.91,11.99
57728,Historical,115275,0,0,S,11,1,280446,71.33,2001,61,65.49,28.99
57729,Historical,195068,0,0,S,1,0,710590,48,2009,31,28.33,33.79
57730,Historical,905595,0,0,S,1,0,353932,35,2005,20,42.99,58.7
57731,Historical,734526,0,0,S,3,1,1043690,113.6,2008,40,42.83,46.93
57732,Historical,293685,0,0,S,2,1,1982511,57.95,2001,21,34.28,43.53
57733,Historical,2691143,0,0,S,2,1,446231,77,2000,27,65.89,52.09
57734,Historical,247563,0,0,S,2,1,1226030,55.95,2005,86,47.84,10.18
57735,Historical,2052163,0,0,S,4,1,616074,77.95,2009,21,0,86.3
57736,Historical,152228,0,0,S,0,0,1169022,109,2007,20,115.64,85.11
57737,Historical,919131,0,0,S,1,0,75831,25,1971,46,39.23,22.22
57738,Historical,152721,0,0,S,2,1,4770025,69.95,2002,14,53.84,43.99
57739,Historical,3066749,0,0,S,2,1,3491070,34.95,1997,13,0,262.69
57742,Historical,117628,0,0,S,8,1,480368,38.2,2004,28,53.34,8.49
57743,Historical,3033885,0,0,S,2,1,524955,73.5,2005,57,53.62,45.16
57744,Historical,2593513,1,1,S,0,0,790669,52.95,1986,21,57.97,85.14
57745,Historical,217287,0,0,S,4,1,1407278,52,2007,33,21.94,20.99
57746,Historical,217344,0,0,S,5,1,1552371,54,2011,38,21.94,13.96
57747,Historical,622136,0,0,S,0,0,296648,49,1995,34,0,26.99
57748,Historical,2681709,0,0,S,2,1,5563958,85,2004,12,29.53,98.83
57749,Historical,527940,0,0,S,3,1,1325172,80,2009,14,29.53,53.44
57750,Historical,1823111,0,0,S,4,1,492235,59.4,2013,10,0,54.98
57751,Historical,920201,0,0,S,0,0,1371717,110,2004,59,0,4
57753,Historical,355493,0,0,S,2,1,1361807,49.95,1997,47,37.54,23.18
57754,Historical,3013065,0,0,S,3,1,1337403,99,1989,31,71.37,28.94
57755,Historical,2612430,0,0,S,0,0,442755,89.99,2001,40,29.95,44.51
57756,Historical,210054,0,0,S,0,0,235030,39.99,2008,42,28.71,28.98
57759,Historical,626015,0,0,S,2,1,1732719,142.8,2012,30,5.98,68.99
57760,Historical,614036,0,0,S,1,0,138052,80,1981,122,49.58,24.37
57761,Historical,2847552,0,0,S,0,0,1012358,39.99,1997,16,26.48,53.94
57762,Historical,916245,0,0,S,4,1,1288094,86.95,2001,25,29.62,22.98
57763,Historical,439806,0,0,S,1,0,318262,35,2006,37,37.97,25.57
57764,Historical,1594824,0,0,S,1,0,371478,109.99,2009,33,38.23,86.73
57765,Historical,153195,0,0,S,0,0,46008,95,2004,30,17.96,58.79
57766,Historical,206528,0,0,S,0,0,97580,40,2001,55,11.39,33.68
57767,Historical,114733,0,0,S,3,1,1644593,60,2003,31,39.98,10.19
57768,Historical,618744,0,0,S,2,1,2018626,39.2,1999,33,39.98,17.74
57769,Historical,914888,0,0,S,0,0,846126,65.99,1997,40,43.97,31.3
57770,Historical,3022737,0,0,S,2,1,935565,95,1989,11,100,240.21
57771,Historical,126642,0,0,S,2,1,544224,60,2005,37,25,35.99
57772,Historical,126983,0,0,S,3,1,294860,45,2007,52,23.56,32.99
57773,Historical,287082,1,1,S,3,1,327998,45,2001,75,23.56,52.44
57774,Historical,608881,0,0,S,3,1,2301144,61,1996,25,51.79,43.73
57775,Historical,630065,0,0,S,10,1,130109,34.95,2010,30,0,43.94
57776,Historical,129395,0,0,S,4,1,207561,64.95,2007,23,64.99,31.99
57777,Historical,54898,0,0,S,5,1,1736787,18.99,2004,51,51.52,14.99
57778,Historical,1631700,0,0,S,2,1,3329642,74.99,2008,18,33.23,35.48
57779,Historical,154378,0,0,S,6,1,367606,66.75,2002,44,63.99,14.87
57780,Historical,154008,1,5,S,1,0,375888,33.98,2009,75,60.01,21.95
57781,Historical,153894,1,3,S,8,1,313534,48.3,2005,256,14.72,23.85
57782,Historical,153273,0,0,S,0,0,80144,59.95,2010,47,20.99,38.45
57783,Historical,2278826,0,0,S,3,1,461475,101.02,2013,25,0,60.4
57784,Historical,2274698,0,0,S,7,1,353038,54.46,2010,33,0,28.25
57785,Historical,1757648,0,0,S,2,1,2374331,89.95,2012,13,110.87,168.87
57786,Historical,115378,0,0,S,3,1,2139209,42.8,2001,32,39.98,11.22
57787,Historical,152395,0,0,S,0,0,324317,129,2004,32,93.95,69.83
57788,Historical,904453,1,1,S,2,1,2687897,54.95,2005,20,59.33,44.37
57789,Historical,212349,0,0,S,1,0,241821,55.2,2005,36,17,44.99
57791,Historical,112807,0,0,S,3,1,1501056,54.95,2005,20,38.98,20.94
57792,Historical,185938,0,0,S,2,1,1493568,39.99,2003,34,28.37,18.98
57793,Historical,680379,0,0,S,0,0,244294,27,1993,54,148.9,24.37
57794,Historical,877513,0,0,S,5,1,865751,36.25,2006,36,38.48,45.99
57795,Historical,57127,1,2,S,6,1,597997,61.95,2009,39,38.48,43.99
57796,Historical,1549933,0,0,S,1,0,337762,34.95,2011,27,27.32,24.58
57797,Historical,157250,0,0,S,2,1,476346,48.95,2006,24,35.97,41.99
57798,Historical,880077,0,0,S,6,1,1008953,10.61,2004,54,49.81,20.82
57799,Historical,162499,0,0,S,5,1,652148,120,2009,24,55.59,142.71
57800,Historical,625337,0,0,S,3,1,180534,39.95,2008,18,0,0
57801,Historical,615214,1,1,S,1,0,105961,35,1999,114,21.36,6.49
57802,Historical,916173,0,0,S,1,0,135912,79.95,2001,42,35.88,143.79
57803,Historical,911714,0,0,S,3,1,961968,71,2011,23,13.41,28.74
57804,Historical,913945,0,0,S,6,1,1108179,65,2006,39,23.43,29.95
57805,Historical,128428,0,0,S,6,1,2288552,50,2004,64,30.99,9.89
57806,Historical,527422,0,0,S,7,1,781823,50,2009,29,30.99,16.98
57807,Historical,3480032,0,0,S,2,1,412706,65,1974,58,0,53.43
57808,Historical,719229,0,0,S,1,0,1005811,90,2000,16,7.63,22.99
57809,Historical,125848,0,0,S,1,0,1169223,55,2000,78,18.04,14.11
57810,Historical,166932,0,0,S,3,1,663280,90,2005,27,71.97,33.98
57811,Historical,538976,0,0,S,2,1,6767838,305,2001,17,192.14,103.53
57812,Historical,630196,0,0,S,5,1,1611618,195.99,2006,18,145.29,24.97
57813,Historical,749431,0,0,S,1,0,239719,110,2007,22,67.35,78.75
57814,Historical,905693,0,0,S,2,1,2474991,49.95,1999,19,67.01,68.49
57815,Historical,895513,0,0,S,3,1,1345180,77.95,2004,16,67.01,63.96
57816,Historical,800876,0,0,S,4,1,3576035,58,2007,19,42.08,25.99
57817,Historical,603327,0,0,S,3,1,968339,49.95,2008,44,49.45,26.79
57818,Historical,337027,0,0,S,2,1,344677,59.95,2007,27,55.18,43.49
57819,Historical,788943,0,0,S,3,1,6056756,179,2001,20,51.99,62.23
57820,Historical,2592648,0,0,S,0,0,76061,54.99,1985,37,25.73,28.91
57821,Historical,126857,0,0,S,5,1,493506,77.95,2006,30,48.57,41.98
57822,Historical,285923,0,0,S,2,1,2261113,60.8,2002,27,9.53,10.93
57823,Historical,2178335,0,0,S,5,1,1279112,59.95,2007,12,52.63,28.39
57824,Historical,52001,0,0,S,13,1,31004,53.99,2009,47,65.45,96.79
57825,Historical,1757647,0,0,S,2,1,2874948,82.95,2012,13,110.88,83.73
57826,Historical,2672179,0,0,S,4,1,1935488,170,1993,21,103.04,63.61
57827,Historical,225822,0,0,S,3,1,1794167,146.95,2005,13,101.53,36.87
57828,Historical,608198,0,0,S,5,1,386755,79.95,1983,19,444.98,30.99
57829,Historical,650716,0,0,S,5,1,407670,89.95,1988,13,50.52,25.68
57830,Historical,902680,0,0,S,2,1,1228517,0,1970,17,50.52,78.63
57831,Historical,2008180,0,0,S,4,1,218170,59.95,2009,33,21.68,37.96
57832,Historical,1595436,0,0,S,1,0,389617,27.95,2013,38,9.03,5.78
57833,Historical,287184,0,0,S,2,1,3419403,55,2001,26,40.47,7.74
57834,Historical,174215,0,0,S,2,1,2210119,48,1997,42,38.96,15.82
57835,Historical,268735,0,0,S,5,1,407658,59.95,2011,46,40.81,50.38
57836,Historical,229142,0,0,S,4,1,1914027,41,2007,24,40.81,26.99
57837,Historical,619429,0,0,S,5,1,926515,45.95,2005,46,26.95,39.83
57838,Historical,129013,0,0,S,2,1,695984,55,2005,37,21.39,12.54
57839,Historical,126358,0,0,S,2,1,545200,39.95,2002,46,23.05,10.33
57840,Historical,212983,0,0,S,2,1,2787323,42.5,2000,25,22.25,8.87
57841,Historical,920311,0,0,S,1,0,537108,36.95,1995,64,21.97,19.98
57842,Historical,2545945,0,0,S,1,0,1736963,51.95,2005,20,133.43,48.16
57843,Historical,202503,0,0,S,2,1,2843060,80,2001,37,75.81,18.98
57844,Historical,879692,0,0,S,0,0,3087030,58.07,2008,41,38.54,40.94
57845,Historical,616190,1,1,S,0,0,580081,39.99,2009,39,28.99,30.98
57846,Historical,622659,0,0,S,0,0,42495,39.99,2014,28,0,0
57847,Historical,2087297,0,0,S,0,0,512333,32,2013,13,49.55,2.68
57848,Historical,474530,0,0,S,2,1,2006980,59.95,2007,24,58.08,28.94
57849,Historical,628502,0,0,S,2,1,404286,13.99,2009,25,70.07,26.71
57850,Historical,2251230,0,0,S,4,1,149271,50.55,2007,22,0,52.33
57851,Historical,248440,0,0,S,9,1,972420,142.95,2007,43,42.44,23.99
57852,Historical,123918,0,0,S,6,1,3984683,82.95,2002,11,52.95,4
57853,Historical,270113,0,0,S,2,1,988077,203,2010,29,120.85,23.45
57854,Historical,775100,0,0,S,2,1,3880249,229,2002,19,143.63,117.49
57855,Historical,248039,0,0,S,2,1,1027258,104,2008,19,40.99,76.48
57856,Historical,625573,0,0,S,8,1,1227500,50.21,1986,34,58,46.73
57857,Historical,298766,1,1,S,4,1,61912,175.75,2010,74,94.01,122.75
57858,Historical,293077,1,1,S,2,1,844500,0,2008,36,56.02,51.99
57859,Historical,910433,1,1,S,2,1,3256133,89.95,2010,18,43.99,70.67
57860,Historical,56192,0,0,S,8,1,1149239,99.4,2007,87,51.2,7.36
57861,Historical,863755,0,0,S,3,1,190329,69,2009,66,74.99,36.88
57862,Historical,635177,0,0,S,0,0,1485150,99,2008,23,53.99,74.17
57863,Historical,2131901,0,0,S,0,0,1099474,52.95,2013,12,147.07,52.2
57864,Historical,278218,0,0,S,0,0,2087701,29.95,2003,20,31.74,4.45
57865,Historical,623601,0,0,S,0,0,241098,36.95,2006,96,27.39,22.78
57866,Historical,900897,0,0,S,1,0,1132756,35,2008,22,32.99,56.43
57867,Historical,243143,0,0,S,1,0,83936,39.95,2007,108,23.25,4.98
57868,Historical,297849,0,0,S,2,1,73978,39.95,2010,85,23.25,16.76
57869,Historical,266149,0,0,S,2,1,2495591,209,2004,21,202.11,119.65
57870,Historical,164795,0,0,S,2,1,1333282,187,2000,32,101.66,51.63
57871,Historical,156928,0,0,S,2,1,306212,75,2004,30,58.85,45.41
57872,Historical,623530,0,0,S,1,0,599924,85,2008,64,34.58,46.49
57873,Historical,200620,0,0,S,4,1,843643,90.95,2010,66,42.99,7.09
57874,Historical,402385,1,1,S,2,1,1835973,75,1999,41,19.74,4.93
57875,Historical,132881,1,2,S,4,1,86763,38,2009,70,28.45,33.99
57876,Historical,158089,1,1,S,3,1,1366445,43.95,2004,30,47.1,29.84
57877,Historical,897316,0,0,S,2,1,1407434,60,2004,17,10.29,131.94
57878,Historical,2262216,0,0,S,2,1,168601,31.09,2006,33,0,25.9
57879,Historical,166925,0,0,S,2,1,258703,18.94,2005,24,28.5,18.92
57880,Historical,144946,0,0,S,5,1,2085676,80,2006,20,63.32,45.65
57881,Historical,584348,0,0,S,2,1,2955482,35,1990,20,37.21,100.57
57882,Historical,892110,0,0,S,5,1,5311504,87.5,2009,14,36.19,78.86
57883,Historical,181427,0,0,S,5,1,279337,36.99,2009,42,34.38,27.95
57884,Historical,633426,1,1,S,2,1,450211,129.25,2006,18,0,0
57885,Historical,778077,0,0,S,1,0,1728772,81.95,1997,17,47.07,79.87
57886,Historical,173954,0,0,S,1,0,480151,107,1995,18,123.94,125.86
57887,Historical,618257,0,0,S,2,1,735732,49.99,2010,46,31.04,9.99
57888,Historical,157617,0,0,S,3,1,2571851,84.95,2005,21,70.2,41.81
57889,Historical,53680,0,0,S,5,1,1755602,132.95,2004,81,101.64,19.3
57890,Historical,246768,0,0,S,3,1,366116,45.95,2010,18,30.61,13.95
57891,Historical,827736,0,0,S,6,1,1761682,44.95,2003,26,23.98,53.67
57892,Historical,556371,0,0,S,0,0,473973,95,2009,16,24.01,94.95
57893,Historical,894353,0,0,S,4,1,7068292,79.95,2005,14,4.4,32.56
57894,Historical,897280,0,0,S,5,1,3636797,84.95,2008,13,4.4,11.94
57895,Historical,575859,0,0,S,9,1,1147600,86.05,2009,35,61.99,118.35
57896,Historical,717936,0,0,S,1,0,261051,55,1999,49,0,17.79
57897,Historical,627378,0,0,S,1,0,405471,45.95,2011,32,0,0
57898,Historical,320282,0,0,S,1,0,534561,24.95,2007,43,29.75,15.94
57899,Historical,2543352,0,0,S,2,1,1756712,46.95,2005,17,35.26,64.98
57900,Historical,1537485,0,0,S,1,0,275768,36.95,2007,24,96.15,27.32
57901,Historical,710968,0,0,S,3,1,623226,74,2000,28,62.25,45.4
57902,Historical,710564,0,0,S,3,1,3203020,33.67,2001,38,19.99,8.45
57903,Historical,199198,0,0,S,3,1,394437,156,2005,35,111.62,147.03
57904,Historical,800144,0,0,S,0,0,2030937,176,2007,13,341.39,166.51
57905,Historical,2437391,0,0,S,3,1,2194852,40,2003,27,34.94,27.95
57906,Historical,630201,1,1,S,2,1,1109431,132,2006,18,102.48,74.96
57907,Historical,2899732,0,0,S,2,1,1360539,39,1997,23,0,39
57908,Historical,169953,0,0,S,6,1,367780,223.95,2011,31,85.59,63.55
57909,Historical,609109,0,0,S,2,1,2705068,270.95,2000,24,68.97,25.99
57910,Historical,245258,0,0,S,3,1,2153149,212.95,2006,18,68.97,43.99
57911,Historical,545086,1,4,S,2,1,1653777,132.95,2007,17,95.89,65.49
57912,Historical,722320,0,0,S,0,0,949678,49.99,2004,18,41.43,34.44
57913,Historical,899103,0,0,S,1,0,374912,65,2004,16,41.4,41.92
57914,Historical,2656395,0,0,S,0,0,29447,45,2003,48,0,28.07
57915,Historical,797745,0,0,S,1,0,966792,156.95,2004,21,77.43,149.71
57916,Historical,2441067,0,0,S,2,1,1547249,50,1986,44,0,20.99
57917,Historical,596011,0,0,S,0,0,1344582,39.95,2008,43,19.44,30.02
57918,Historical,872643,0,0,S,10,1,2737152,41.56,2002,61,50.22,5.98
57919,Historical,135620,0,0,S,0,0,368032,36.95,2007,89,29.09,9.07
57920,Historical,187372,0,0,S,1,0,592685,45,2001,68,24.32,28.68
57921,Historical,187371,0,0,S,1,0,73794,39.95,2000,112,25.94,31.81
57922,Historical,1479416,0,0,S,1,0,1520671,73,2012,29,28.64,62.36
57923,Historical,758780,0,0,S,1,0,143485,55,1999,21,42.42,80.48
57924,Historical,3059530,0,0,S,0,0,607526,99.95,2003,22,253.92,99.76
57925,Historical,60995,0,0,S,2,1,3145198,50.2,2007,67,37.99,5.49
57926,Historical,367628,0,0,S,2,1,470082,40,2006,78,25.78,8.23
57927,Historical,154024,0,0,S,2,1,126883,35.98,2009,37,16.49,19.27
57928,Historical,625390,0,0,S,3,1,660669,31.95,2006,28,40.26,31.95
57929,Historical,448547,0,0,S,1,0,532316,65,2001,23,0,0
57930,Historical,131511,0,0,S,4,1,3091349,73.4,2002,30,105.83,8.99
57931,Historical,2612699,0,0,S,0,0,313702,49.99,2001,24,43.12,44.85
57933,Historical,127466,0,0,S,2,1,698873,89.95,2009,28,43.49,51.72
57934,Historical,107387,0,0,S,1,0,736138,0,2003,28,43.49,38.56
57935,Historical,248138,0,0,S,3,1,370433,51,2010,104,40.96,28.88
57936,Historical,629424,0,0,S,0,0,603484,59.99,2005,55,245.47,48.09
57937,Historical,217412,0,0,S,2,1,1954305,57,2001,21,22.13,42.99
57938,Historical,287136,0,0,S,3,1,577968,49.95,2010,45,23.96,20.95
57939,Historical,2449316,0,0,S,0,0,2239312,66.2,1996,23,18.69,46.85
57940,Historical,722701,0,0,S,1,0,1024846,67,2009,15,30.45,51.48
57941,Historical,3820781,0,0,S,10,1,2127104,89.95,2009,19,0,74.49
57942,Historical,56886,0,0,S,2,1,301450,40.95,2008,49,9.51,10.78
57943,Historical,178110,0,0,S,7,1,2180724,133.95,2004,34,69.03,13.99
57944,Historical,1469902,0,0,S,1,0,573713,96,2007,29,35.56,85.74
57945,Historical,242086,0,0,S,2,1,1407775,47.95,2004,20,42.32,73.39
57946,Historical,141800,0,0,S,6,1,744582,8.77,2007,94,78.29,5.98
57947,Historical,910056,0,0,S,2,1,1585741,146.96,2002,25,140.14,111.9
57949,Historical,205803,0,0,S,2,1,3278434,80,2002,31,38.99,11.99
57950,Historical,906858,0,0,S,2,1,859566,100,1990,25,63.37,57.83
57954,Historical,133466,0,0,S,2,1,367893,48.2,2010,25,44,72.73
57955,Historical,619625,0,0,S,2,1,572982,38.95,1994,37,26.64,38.92
57956,Historical,607617,0,0,S,3,1,1933034,59.95,2010,21,38.99,41.99
57957,Historical,57790,1,1,S,5,1,147207,44.95,2010,35,26.32,43.99
57958,Historical,549556,0,0,S,3,1,2242503,39.95,2003,46,13.93,4.58
57959,Historical,3784386,0,0,S,2,1,1963797,39.95,2002,19,0,49.49
57960,Historical,53029,0,0,S,4,1,856154,203.95,2008,28,33.46,49.89
57961,Historical,910920,0,0,S,2,1,671309,50,1994,31,10.98,45.01
57962,Historical,2542585,0,0,S,1,0,1385218,74.95,2004,36,58.55,23.98
57963,Historical,719021,0,0,S,4,1,5238913,49.5,1997,30,34.64,20.59
57964,Historical,2606115,0,0,S,1,0,528935,54.99,2001,22,109.94,38.97
57965,Historical,873313,0,0,S,7,1,784882,180,2008,28,50.45,62.28
57966,Historical,602389,0,0,S,3,1,1544643,40,2003,26,13.89,6.88
57967,Historical,2434776,0,0,S,2,1,1942770,111,1989,33,5.76,22.99
57968,Historical,913937,0,0,S,3,1,2549404,44.95,2007,29,19.21,26.97
57969,Historical,3787791,0,0,S,3,1,1015867,109.75,2009,59,0,11.99
57970,Historical,614855,1,4,S,2,1,43823,81.97,2007,62,0,0
57971,Historical,385575,0,0,S,2,1,2706436,60,2007,13,55.99,95.99
57972,Historical,341660,0,0,S,1,0,797336,105,2002,17,41.15,31.99
57973,Historical,899403,0,0,S,2,1,3632521,215,2002,19,9.49,93.29
57975,Historical,2759437,0,0,S,1,0,264883,49.95,2002,14,0,49.47
57976,Historical,826960,0,0,S,1,0,1135090,40,1999,27,37.03,48.99
57977,Historical,279611,0,0,S,12,1,695807,155,2011,36,83.28,59.99
57978,Historical,198029,0,0,S,6,1,1276583,85.42,2009,31,5.41,31.34
57979,Historical,197725,0,0,S,5,1,3109249,76.95,2006,19,5.41,57.06
57980,Historical,573294,0,0,S,0,0,185529,46,1979,43,12.69,28.94
57981,Historical,915907,0,0,S,2,1,618816,49.95,2002,30,21.98,9.99
57982,Historical,870024,0,0,S,2,1,757992,65,1993,28,35.94,12.48
57983,Historical,865680,0,0,S,2,1,237581,39.99,2012,25,22.98,58.5
57984,Historical,924358,1,1,S,2,1,349005,42.99,2001,20,26.66,43.94
57985,Historical,871017,0,0,S,5,1,2592332,57,1997,30,51.99,20.08
57986,Historical,909217,0,0,S,0,0,614411,39.99,2007,21,25.84,35.76
57987,Historical,767577,0,0,S,5,1,1212603,0,2008,17,27.11,8.99
57988,Historical,872200,0,0,S,5,1,478926,120.95,2007,25,27.11,33.98
57989,Historical,904651,0,0,S,2,1,2667540,45.95,1999,20,24.84,16.98
57990,Historical,914856,0,0,S,1,0,1472791,165,1993,36,21.97,58.74
57991,Historical,60999,0,0,S,5,1,109763,75.68,2006,86,75.94,65.27
57992,Historical,217322,0,0,S,6,1,579502,49,2009,38,31.45,9.49
57993,Historical,126177,0,0,S,3,1,230548,49.95,2002,20,0,15.93
57994,Historical,2391998,0,0,S,6,1,1433726,47.33,1987,16,4.68,17.98
57995,Historical,654964,0,0,S,1,0,49903,87,1983,64,27.79,50.85
57996,Historical,55446,0,0,S,7,1,1565335,11.68,2004,41,76.04,6
57997,Historical,643357,1,1,S,2,1,1672311,51.1,1967,16,98.4,73.79
58000,Historical,757010,0,0,S,3,1,449734,185,1998,19,124.46,107.73
58001,Historical,238797,0,0,S,2,1,1060078,39.95,2000,15,48.94,100.95
58002,Historical,2529312,0,0,S,2,1,2891720,35.95,1992,21,27.9,16.99
58003,Historical,919664,0,0,S,2,1,1493925,45.95,2002,50,31.86,26.78
58004,Historical,135557,0,0,S,1,0,180401,42.95,2001,40,21.46,13.43
58006,Historical,808070,0,0,S,0,0,271370,69.99,2012,17,14.52,18.95
58007,Historical,525209,0,0,S,6,1,449678,69.99,2011,43,43.98,38.99
58008,Historical,203982,0,0,S,5,1,1204581,61.95,2007,26,43.98,43.99
58009,Historical,657786,0,0,S,0,0,65131,45,1993,120,0,13.99
58010,Historical,243847,0,0,S,1,0,1233071,101.95,2010,47,58.17,30.94
58011,Historical,643992,0,0,S,1,0,519139,44.99,2009,34,27.99,67.41
58012,Historical,908129,1,2,S,0,0,550198,40.95,1990,31,68.02,66.67
58013,Historical,705232,0,0,S,2,1,4730371,0,2006,27,125.74,50.01
58014,Historical,145345,0,0,S,2,1,3780904,90.2,2006,24,64.84,7.98
58015,Historical,54666,1,1,S,8,1,349072,124.87,2003,33,87.97,105.76
58016,Historical,117495,0,0,S,8,1,1651187,97.6,2003,39,66.58,29.98
58017,Historical,133047,0,0,S,6,1,146407,147.2,2009,49,56.34,62.69
58018,Historical,118095,0,0,S,9,1,1560639,102.6,2007,37,16.71,52.99
58019,Historical,607707,0,0,S,2,1,1047735,34.4,2004,21,45.24,5.99
58020,Historical,2287894,0,0,S,6,1,310781,0,2012,11,0,31.91
58021,Historical,1864986,0,0,S,0,0,597740,19.99,2008,32,63.98,8.95
58022,Historical,201677,1,1,S,2,1,1914240,29.95,2004,44,29.5,13.94
58023,Historical,254456,0,0,S,8,1,468634,44.95,2011,47,0,30.6
58024,Historical,111231,0,0,S,7,1,135989,228.25,2010,36,43.98,132.49
58025,Historical,51444,0,0,S,7,1,19973,62,2009,79,43.98,111.31
58026,Historical,2538234,0,0,S,0,0,774459,39.95,2001,24,23.95,33.61
58027,Historical,61009,0,0,S,1,0,1069864,107.2,2006,33,26.83,46.48
58028,Historical,866764,0,0,S,2,1,2056627,88,2000,31,67.31,9.74
58029,Historical,619320,0,0,S,5,1,80597,42.8,2012,37,12.14,31.93
58030,Historical,248438,0,0,S,3,1,2518154,106.95,2007,36,22.32,10.94
58031,Historical,288515,0,0,S,7,1,1105340,55,2002,33,40.99,24.74
58032,Historical,534047,0,0,S,4,1,4867834,115.95,2005,28,31.99,13.99
58033,Historical,873615,0,0,S,6,1,3232868,119.95,2004,50,81.88,8.98
58034,Historical,739805,0,0,S,8,1,3389732,67.4,2003,40,30.84,13.99
58035,Historical,183038,0,0,S,14,1,2364475,140.95,2003,26,142.89,44.65
58036,Historical,57224,0,0,S,9,1,717649,89.95,2004,54,35.09,23.98
58037,Historical,922955,0,0,S,1,0,198997,17,2009,159,67.21,7.91
58038,Historical,53114,0,0,S,7,1,81282,44.47,2005,53,119.49,40.89
58039,Historical,239408,0,0,S,5,1,3135381,49.95,2003,32,27.37,49.95
58040,Historical,287119,0,0,S,2,1,518721,39.95,2009,39,34.33,38.68
58041,Historical,897996,0,0,S,2,1,5314621,89.95,2007,15,67.99,40.48
58042,Historical,789477,0,0,S,3,1,4857376,57.95,2004,30,45.74,12.49
58043,Historical,577341,0,0,S,4,1,1363688,65.95,2006,54,45.74,9.43
58044,Historical,525529,1,1,S,2,1,152040,90,2007,38,48.23,59.6
58045,Historical,171496,0,0,S,0,0,252216,39.95,1996,139,20.89,9.21
58046,Historical,874187,1,1,S,1,0,953310,96.95,2005,27,59.54,48.94
58047,Historical,131500,0,0,S,5,1,2603401,95,2001,27,81.65,13.94
58048,Historical,245922,0,0,S,3,1,1292315,38.95,2005,28,28.99,9.98
58049,Historical,134867,0,0,S,4,1,402959,43,2009,23,28.99,39.82
58050,Historical,169796,0,0,S,9,1,183682,329.95,2008,74,58.33,50.4
58051,Historical,108838,0,0,S,6,1,1374957,132,2005,35,90.99,48.85
58052,Historical,177894,0,0,S,4,1,2421817,90.95,2003,32,86.45,4
58053,Historical,217294,0,0,S,2,1,244423,46,2007,45,32.33,27.1
58054,Historical,134862,0,0,S,3,1,580310,67,2010,22,55.99,39.66
58055,Historical,52116,0,0,S,8,1,26685,194.95,2011,71,107.24,137.79
58056,Historical,245194,0,0,S,4,1,671033,123.95,2005,31,62.42,33.93
58057,Historical,253924,0,0,S,5,1,245562,106.95,2010,24,62.42,79.48
58058,Historical,647096,0,0,S,1,0,316091,127.95,2012,22,91.64,126.98
58059,Historical,184487,0,0,S,1,0,818963,54.95,2004,78,36.24,34.55
58060,Historical,2125204,0,0,S,0,0,1487229,109,2006,25,98.41,68.99
58061,Historical,654965,0,0,S,3,1,1076382,101.25,1970,36,78.79,46.09
58062,Historical,500146,1,2,S,1,0,42774,50.95,2011,81,45.32,23.87
58063,Historical,525516,0,0,S,2,1,92867,45.95,2002,26,17.68,29.78
58064,Historical,271083,0,0,S,2,1,770616,80,2011,24,20.57,27.96
58065,Historical,203937,0,0,S,2,1,270840,75.99,2009,71,62.04,10.75
58066,Historical,2551085,0,0,S,1,0,587808,46.95,1998,19,58.41,65.97
58067,Historical,108001,0,0,S,5,1,105029,71.14,2002,28,218.99,46.45
58068,Historical,194184,0,0,S,3,1,119951,85,2009,74,22.18,15.78
58069,Historical,194078,0,0,S,2,1,1967523,59,2005,26,22.18,33.73
58070,Historical,262614,0,0,S,3,1,1461482,61.95,2003,32,37.59,23.99
58071,Historical,261078,0,0,S,5,1,1590197,64.95,2003,26,108.5,17.99
58073,Historical,2737616,0,0,S,1,0,2210842,61,2000,23,33.6,57.39
58074,Historical,525511,0,0,S,5,1,1209259,159.95,2010,22,110.98,153.99
58075,Historical,614744,0,0,S,6,1,277776,193.44,2007,49,132.99,67.34
58076,Historical,420100,0,0,S,3,1,2334104,155,2007,34,128.98,75.85
58077,Historical,115732,0,0,S,7,1,561422,151.6,2003,24,78.02,141.53
58078,Historical,1594467,0,0,S,1,0,175212,79.99,2011,18,45.96,71.99
58079,Historical,568862,0,0,S,1,0,612906,175,2005,26,84.79,43.47
58080,Historical,639028,0,0,S,6,1,863192,59.95,2005,18,46.72,59.95
58081,Historical,428510,0,0,S,1,0,1045837,71.33,2009,72,16.72,12.94
58082,Historical,830654,0,0,S,1,0,1473217,64,1995,24,58.65,53.71
58083,Historical,54085,0,0,S,8,1,1959462,144.95,2004,74,107.99,4.99
58084,Historical,55067,0,0,S,6,1,438652,93.95,2003,46,91.27,8.93
58085,Historical,114058,0,0,S,2,1,2416568,44.99,2000,56,18.98,12.76
58086,Historical,620375,0,0,S,3,1,209038,54.99,2002,47,18.98,12.94
58087,Historical,640168,0,0,S,2,1,1079405,209,2012,17,120.16,186.55
58088,Historical,1447360,0,0,S,4,1,1219502,152.67,2007,33,53.94,98.99
58089,Historical,53665,0,0,S,3,1,1304478,113.33,2004,140,53.94,15
58090,Historical,905557,0,0,S,0,0,1170565,29.25,2005,22,28.94,61.23
58091,Historical,614813,0,0,S,2,1,505485,90.4,2000,58,32,22.36
58092,Historical,54587,0,0,S,3,1,1717980,119.95,2004,55,48,11.52
58093,Historical,247553,0,0,S,3,1,1613001,42.95,2004,61,32.92,8.24
58094,Historical,248158,0,0,S,4,1,1135820,73,2010,67,32.92,11.94
58095,Historical,635665,0,0,S,1,0,86555,34.95,2012,31,55.14,21.74
58096,Historical,608568,0,0,S,8,1,2646112,77.95,2003,36,45.72,37.54
58097,Historical,888449,0,0,S,2,1,2810495,127.07,2009,12,82.98,22.69
58098,Historical,145363,0,0,S,2,1,582161,126.6,2007,47,82.98,57.59
58099,Historical,113499,0,0,S,2,1,1435691,113,2001,19,86.49,81.25
58100,Historical,592931,0,0,S,2,1,2328287,40.95,2005,22,22.99,43.98
58101,Historical,800270,0,0,S,3,1,5201813,31.95,2006,16,31.76,42.52
58102,Historical,157816,0,0,S,1,0,695361,37.95,1996,58,28.64,12.7
58103,Historical,861796,1,1,S,3,1,471398,59.95,2013,54,33.99,33.47
58104,Historical,183677,0,0,S,2,1,317852,76.95,2007,39,39.12,55.43
58105,Historical,717291,0,0,S,2,1,3113779,44.33,1997,28,68.84,10.24
58106,Historical,2697418,0,0,S,13,1,4573707,94.95,2003,11,49.34,203.98
58107,Historical,2679460,0,0,S,2,1,2967208,155,1997,21,61.65,71.49
58108,Historical,697608,0,0,S,7,1,1426348,150,1997,25,18.33,72.93
58109,Historical,699732,0,0,S,1,0,1301416,150,2000,20,0,118.99
58110,Historical,909110,0,0,S,3,1,728226,150,1990,22,121.86,63.99
58111,Historical,761874,0,0,S,5,1,4322335,88.95,2005,11,66.35,69.44
58112,Historical,636405,0,0,S,6,1,5138167,47.99,2002,19,49.65,36
58113,Historical,1900530,0,0,S,5,1,1224129,121.95,2009,25,0,43.65
58114,Historical,253931,1,1,S,5,1,946159,197.95,2010,27,136.99,81.84
58115,Historical,625275,1,1,S,5,1,562627,138.95,2010,57,36.7,58.99
58116,Historical,1900762,1,2,S,5,1,1265002,121.95,2010,70,43.6,38.54
58117,Historical,253884,0,0,S,4,1,1070938,197.95,2010,27,127.03,63.97
58118,Historical,619120,0,0,S,5,1,1048536,64.65,1997,17,42.11,9.15
58119,Historical,228787,0,0,S,10,1,2777202,94.95,2007,34,83.28,13.72
58120,Historical,50878,0,0,S,7,1,2497505,92.6,2005,30,5.1,10.35
58121,Historical,50880,0,0,S,9,1,200268,145,2009,29,5.1,50.08
58122,Historical,1730031,0,0,S,3,1,1405904,165,2009,27,201.07,68.06
58123,Historical,296477,0,0,S,2,1,1438843,155,2006,21,219.71,420.83
58124,Historical,2177640,0,0,S,3,1,3047572,59.95,2006,14,47.99,42.82
58125,Historical,114721,0,0,S,6,1,397928,102,2002,33,116.38,45
58126,Historical,262652,0,0,S,0,0,837790,31.95,2003,28,40.5,26.29
58127,Historical,100477,0,0,S,1,0,498714,36,1995,29,23.91,15.35
58128,Historical,663596,0,0,S,2,1,730537,62,2013,18,56.38,53.66
58129,Historical,265619,0,0,S,2,1,1938321,75,2004,35,37.43,22.98
58130,Historical,646035,0,0,S,2,1,2762313,79.95,2011,20,83.44,62.03
58131,Historical,203442,0,0,S,6,1,2098261,60.95,2003,93,22.07,9.48
58132,Historical,203964,1,2,S,7,1,715228,63.95,2009,106,22.07,17.97
58133,Historical,670827,0,0,S,2,1,2820604,65,2011,24,51.18,59.14
58134,Historical,2256189,0,0,S,4,1,1045137,102.17,2009,39,139.36,79.86
58135,Historical,615615,0,0,S,3,1,1069245,181,2009,43,150.72,181
58136,Historical,142972,0,0,S,4,1,1384825,35,2005,34,27.96,22.3
58137,Historical,143270,0,0,S,5,1,217366,43,2010,26,27.96,33.99
58138,Historical,202215,0,0,S,4,1,1112532,182.95,2000,62,50.19,22.89
58139,Historical,804067,0,0,S,3,1,2485279,307.95,2007,17,137.34,195.69
58140,Historical,540751,0,0,S,6,1,42712,110.8,2013,93,37.77,22.86
58141,Historical,607174,0,0,S,6,1,1337756,83.67,2002,28,25.98,4.67
58142,Historical,164964,0,0,S,1,0,1924726,150,1999,31,83.55,28.99
58143,Historical,616449,0,0,S,3,1,546598,84.95,1991,38,0,54.06
58144,Historical,3012994,1,1,S,0,0,501355,44.95,1997,23,53.98,27.17
58145,Historical,901495,0,0,S,4,1,3226653,136.57,2008,23,52.44,47.07
58146,Historical,287930,0,0,S,3,1,3241967,74.67,2006,25,52.44,57.17
58147,Historical,365323,0,0,S,2,1,194477,58.95,2008,24,0,0
58148,Historical,654514,0,0,S,3,1,3811696,45.95,2009,17,47.89,37
58149,Historical,405515,0,0,S,3,1,2048200,80.75,2007,33,42.99,13.09
58150,Historical,525443,0,0,S,4,1,2532430,59.95,2011,23,47.89,26.58
58151,Historical,536244,0,0,S,4,1,687706,78.5,2009,27,42.99,13.9
58153,Historical,235559,0,0,S,3,1,987016,75,1998,33,110.45,8.94
58154,Historical,2698469,0,0,S,3,1,1708920,70.95,2003,18,43.99,46.04
58155,Historical,269965,1,3,S,4,1,889927,189,2007,48,67.51,53.99
58156,Historical,802635,0,0,S,8,1,2134498,39.99,2007,35,24.93,7.99
58157,Historical,2570505,0,0,S,1,0,537025,60,1994,44,7.96,14.04
58160,Historical,52780,0,0,S,2,1,1192945,168.25,2009,41,37.65,43.99
58161,Historical,620802,0,0,S,4,1,379733,128.44,2008,34,172.63,103.05
58162,Historical,108778,0,0,S,3,1,547049,178.85,2005,62,172.63,79.53
58163,Historical,880624,0,0,S,5,1,826228,142.29,2010,19,119.74,94.52
58164,Historical,2255834,0,0,S,4,1,3883895,66.72,2008,39,151.06,92.35
58165,Historical,1574521,0,0,S,4,1,1220592,287.95,2009,17,61.97,38.99
58166,Historical,912003,0,0,S,2,1,1006238,55,2006,21,21.31,13.43
58167,Historical,131441,1,1,S,1,0,492512,79.8,2003,23,39.45,109.19
58168,Historical,525431,0,0,S,3,1,362402,52.95,2008,120,26.95,13.49
58169,Historical,578906,0,0,S,2,1,1150643,45.95,2003,53,26.95,7.13
58170,Historical,3067597,0,0,S,1,0,373581,42.95,2005,33,48.67,23.98
58171,Historical,914704,0,0,S,2,1,4218627,74,1988,23,61.99,44.47
58172,Historical,1489595,0,0,S,1,0,480249,32,2012,16,87.46,25.86
58173,Historical,127289,0,0,S,1,0,370398,112.95,2006,26,0,13.99
58174,Historical,525428,1,2,S,2,1,697188,165.95,2011,40,139.34,53.98
58175,Historical,634277,0,0,S,1,0,724307,39.95,2011,28,27.49,14.7
58176,Historical,623153,0,0,S,2,1,2842048,91.95,2004,32,40.5,29.39
58177,Historical,276760,0,0,S,2,1,982872,64,1999,23,53.98,44.01
58178,Historical,647212,1,1,S,1,0,201975,82.67,2011,33,41.99,52.05
58179,Historical,1632871,0,0,S,3,1,3990061,82.95,2012,7,60.2,33.97
58180,Historical,405183,0,0,S,2,1,886389,52.95,2004,23,47.42,70.43
58181,Historical,789228,0,0,S,2,1,5748690,182,2003,18,28.57,13.49
58183,Historical,2576425,0,0,S,3,1,707894,64.29,1989,23,53.96,67.72
58184,Historical,657610,0,0,S,3,1,1528285,64.99,2007,29,21.98,33.98
58185,Historical,246296,0,0,S,2,1,2324072,73.99,2003,13,38.97,45.15
58186,Historical,261256,0,0,S,1,0,305684,113,1996,53,24.69,43.43
58187,Historical,609375,0,0,S,2,1,4778590,65.95,1995,14,33.88,17
58188,Historical,874572,0,0,S,2,1,2427255,34.14,2008,44,48.98,222.94
58189,Historical,193609,0,0,S,2,1,942329,145,2008,16,48.98,172.37
58190,Historical,652599,0,0,S,2,1,854385,75,2012,37,20.99,38.98
58191,Historical,863277,0,0,S,1,0,1183265,60,2005,30,30.37,7.05
58192,Historical,254669,0,0,S,3,1,1019535,85,2011,29,25.52,39.65
58193,Historical,2575857,0,0,S,0,0,459610,75,1985,51,0,11.26
58194,Historical,902561,0,0,S,3,1,1653886,249,2009,19,109.24,63.42
58196,Historical,193406,1,1,S,0,0,788462,79,2004,30,24.03,27.99
58197,Historical,3820271,1,1,S,4,1,846946,30.15,2006,65,0,11.97
58198,Historical,637033,0,0,S,3,1,764213,216.33,2010,20,101.99,177.63
58199,Historical,908713,0,0,S,4,1,1187063,166.67,2014,27,101.99,63.99
58200,Historical,878993,0,0,S,6,1,264967,77.76,2008,23,78.64,43.86
58201,Historical,130171,0,0,S,1,0,79949,116.6,2003,41,84.57,78.98
58202,Historical,701203,1,1,S,2,1,803933,59.95,2007,32,30.06,41.49
58203,Historical,222833,0,0,S,2,1,1296346,72,2002,13,87.86,67.76
58204,Historical,281228,0,0,S,2,1,4684974,269,2007,13,97.99,121.81
58205,Historical,2843734,0,0,S,2,1,8752352,66.95,1998,15,16.7,21.47
58206,Historical,700736,0,0,S,5,1,3453319,116,2005,39,106.94,48.99
58207,Historical,633352,0,0,S,5,1,927642,39.95,2008,30,37.42,30.48
58208,Historical,314998,0,0,S,8,1,1163758,108.6,2007,28,83.69,64.96
58209,Historical,58269,1,1,S,4,1,1011327,34.95,2004,75,39.39,5.99
58210,Historical,58270,0,0,S,5,1,567196,39.95,2008,48,39.39,9.99
58211,Historical,60998,1,1,S,6,1,172947,33.99,2001,71,51.99,34.97
58212,Historical,61035,0,0,S,5,1,1380233,77.56,2001,40,33.75,44.63
58213,Historical,765799,0,0,S,3,1,2625174,186.95,2004,37,81.24,5
58214,Historical,717712,0,0,S,4,1,2202053,84.95,1999,45,83.26,32.08
58215,Historical,114438,1,1,S,1,0,405921,89.8,2002,88,47.9,36.25
58216,Historical,1750893,0,0,S,2,1,131488,44.95,2014,24,37.3,23.98
58217,Historical,3057290,0,0,S,3,1,1169337,67,2002,20,47.68,13
58218,Historical,2759278,0,0,S,2,1,2353804,124.95,1999,25,73.94,8.19
58219,Historical,761687,0,0,S,2,1,1795060,50,2006,51,43.87,7.98
58220,Historical,752624,0,0,S,3,1,735995,55,2010,39,43.87,40.33
58221,Historical,186152,0,0,S,7,1,1853046,68,1997,38,26.77,48.94
58222,Historical,3575639,1,1,S,3,1,2944767,69,2000,22,0,48.72
58223,Historical,608935,0,0,S,5,1,934841,48.95,2001,34,19.94,104.95
58224,Historical,795376,1,1,S,6,1,753612,110.95,2011,44,27.11,43.4
58225,Historical,609365,0,0,S,3,1,3059632,57.95,1994,18,15.33,13.49
58226,Historical,723283,0,0,S,1,0,777999,78,2008,24,15.31,61.47
58227,Historical,51495,0,0,S,8,1,93085,308.95,2006,117,125.21,24.49
58228,Historical,61037,0,0,S,8,1,3740717,365.95,2007,38,125.21,8.99
58229,Historical,626793,0,0,S,2,1,1271518,86.8,2005,20,58.22,59.83
58230,Historical,878757,0,0,S,9,1,285231,40.16,2008,51,158.02,15.87
58231,Historical,53295,0,0,S,8,1,1208636,254.95,2005,102,158.02,8.98
58232,Historical,166896,0,0,S,2,1,559852,23.29,2007,46,184.92,23.29
58233,Historical,298584,0,0,S,5,1,1101570,49,2008,45,25.68,15.98
58235,Historical,54581,0,0,S,11,1,2216369,311.95,2007,45,83.95,13.19
58236,Historical,578655,0,0,S,2,1,2855562,57.95,2009,26,0,10.43
58237,Historical,594332,0,0,S,0,0,775587,54.95,2010,47,45.35,57.06
58238,Historical,480966,1,4,S,1,0,270141,45.95,2012,69,47.89,23.42
58239,Historical,135589,1,2,S,2,1,1373740,36.95,2006,29,33.44,11.99
58240,Historical,114047,0,0,S,2,1,3184295,42.4,2001,29,48.99,13.99
58241,Historical,117298,0,0,S,3,1,2474963,39.6,2005,30,48.99,13.63
58242,Historical,53260,0,0,S,9,1,30310,259.95,2009,76,88.99,42.87
58243,Historical,116352,0,0,S,6,1,255743,189.53,2010,25,93.91,104.7
58245,Historical,909497,0,0,S,2,1,3055942,37,2007,20,48.97,51.09
58246,Historical,608766,0,0,S,3,1,1467552,31.98,2003,46,16.98,11.88
58247,Historical,53381,0,0,S,8,1,45894,17.18,2006,414,150.43,16.31
58248,Historical,2859762,0,0,S,2,1,1557995,123.75,2002,20,50.85,111.17
58249,Historical,525356,0,0,S,5,1,155995,39,2009,24,30.42,23.05
58250,Historical,217259,0,0,S,4,1,3253529,34,2005,81,30.42,15.54
58251,Historical,55430,0,0,S,6,1,1633656,61.6,2004,40,78.31,9.46
58252,Historical,591695,0,0,S,5,1,33377,62.6,2011,49,63.98,59.2
58253,Historical,627006,0,0,S,2,1,1064795,54.95,2006,26,6.45,70.47
58254,Historical,57378,0,0,S,13,1,255940,199.95,2010,36,76.38,84.85
58255,Historical,534007,0,0,S,13,1,787350,152.95,2010,29,82.1,23.99
58256,Historical,655530,0,0,S,3,1,813829,56,2011,21,41.53,53.2
58257,Historical,800847,0,0,S,2,1,3216212,62,2007,21,41.53,40.99
58258,Historical,859971,0,0,S,5,1,596447,240.95,2009,32,41.99,72.61
58259,Historical,797703,0,0,S,4,1,2359769,254.95,2004,46,41.99,23.69
58260,Historical,592839,0,0,S,5,1,261117,55.75,2010,31,48.99,65.8
58261,Historical,542977,0,0,S,6,1,18232,49,2012,51,39.18,42.98
58262,Historical,525351,0,0,S,2,1,926262,129.4,2011,40,88.04,78.05
58263,Historical,556276,0,0,S,5,1,4719576,60,2007,22,4.35,10.01
58264,Historical,556392,0,0,S,6,1,706195,45,2011,17,4.35,40.59
58265,Historical,826478,0,0,S,7,1,3389160,39.95,1995,28,23.97,19.99
58266,Historical,870459,0,0,S,6,1,1805991,33.95,1992,19,23.97,28.99
58267,Historical,1871203,0,0,S,2,1,699745,43,2007,23,48.98,10.37
58268,Historical,568762,0,0,S,2,1,3019002,72,2004,28,37.6,20.91
58269,Historical,592809,0,0,S,3,1,432105,22.62,2009,31,36.61,14.98
58270,Historical,55425,0,0,S,2,1,780665,149.95,2003,49,149.13,46.19
58271,Historical,51557,0,0,S,7,1,204329,70.2,2008,56,54.98,34.61
58272,Historical,51560,1,1,S,6,1,1375666,60.2,2006,68,54.98,19.99
58273,Historical,364042,0,0,S,4,1,461341,44,2009,29,8.79,91.11
58274,Historical,243872,0,0,S,10,1,2063467,139.95,2010,38,50.99,150.79
58276,Historical,1939137,1,1,S,1,0,87125,86,2014,17,0,62.4
58277,Historical,583576,0,0,S,5,1,421411,97.95,2010,32,48.33,87.99
58278,Historical,245005,0,0,S,7,1,644749,225.95,2004,56,21.88,7.21
58279,Historical,126918,0,0,S,8,1,2133705,82,2002,91,65.99,15.51
58280,Historical,51996,0,0,S,9,1,2146177,79.95,2005,23,65.99,52.17
58281,Historical,53940,0,0,S,8,1,2553722,92.2,2002,37,108.99,6.45
58282,Historical,765417,0,0,S,8,1,1939376,115.95,2001,44,65.49,38.31
58283,Historical,647476,0,0,S,2,1,1053719,90.4,2006,18,82.35,13.94
58284,Historical,626077,0,0,S,3,1,577420,30,2002,25,0,46.17
58285,Historical,245914,0,0,S,3,1,1942939,45,2005,45,38.82,23.82
58286,Historical,564571,1,1,S,3,1,658593,44.95,2003,50,34.28,14
58287,Historical,592786,0,0,S,3,1,565593,41,2009,28,306.53,53.55
58288,Historical,1534246,0,0,S,0,0,1104389,139,2008,32,111.46,20.12
58289,Historical,1871191,0,0,S,2,1,1366383,13.98,2007,19,43.93,13.98
58290,Historical,50024,0,0,S,10,1,198853,92.8,2004,57,86.41,19.61
58291,Historical,56688,0,0,S,5,1,1663629,91.4,2007,62,56.56,7.69
58292,Historical,169526,0,0,S,11,1,259650,330.95,2007,281,172.09,12.99
58293,Historical,52002,0,0,S,11,1,850791,193.95,2007,107,172.09,10.97
58294,Historical,907155,0,0,S,2,1,1023517,98.5,2000,26,52.34,53.99
58295,Historical,495593,0,0,S,1,0,58364,67.95,2010,94,67.57,27.7
58296,Historical,2311490,0,0,S,3,1,747391,297.55,1960,18,10.84,104.26
58297,Historical,537958,0,0,S,8,1,1301298,174.95,2008,52,97.74,3.95
58298,Historical,640506,0,0,S,4,1,603053,48.95,2012,20,26.49,36.13
58299,Historical,912086,0,0,S,3,1,2035237,39.95,2007,27,26.49,40.8
58300,Historical,591943,0,0,S,2,1,1508744,39.95,2004,25,21.04,18.18
58301,Historical,139616,0,0,S,0,0,993943,189,2001,39,105.59,56.31
58302,Historical,52933,0,0,S,8,1,944090,14.96,2006,100,101.99,5
58303,Historical,515229,0,0,S,8,1,1238881,135.2,2007,73,105.47,23.24
58304,Historical,53710,1,1,S,8,1,1363036,98.47,2007,65,105.47,602.99
58305,Historical,260060,0,0,S,2,1,1816857,53.95,2001,19,57.09,8.94
58306,Historical,543176,0,0,S,6,1,443858,57.95,2004,27,35.54,53.09
58307,Historical,131716,0,0,S,6,1,2782059,129.6,2003,55,81.43,4.99
58308,Historical,647610,0,0,S,2,1,3485520,135,2012,19,37.02,99.43
58309,Historical,600541,1,1,S,3,1,60820,74.99,2010,83,41.79,11.97
58310,Historical,880430,0,0,S,3,1,3960538,32.5,2002,27,53.99,11.94
58311,Historical,2562119,0,0,S,1,0,918747,120,1982,16,102.48,97.27
58312,Historical,534030,1,2,S,4,1,2516434,65.95,1996,28,97.09,46.15
58313,Historical,629162,0,0,S,1,0,93928,79.95,2012,28,0,61.06
58314,Historical,914452,0,0,S,6,1,1586628,27.98,2009,27,92.39,27.98
58315,Historical,872572,0,0,S,6,1,4556508,89.2,2002,29,78.99,15.99
58316,Historical,2901856,0,0,S,2,1,176970,89,1992,65,0,19.98
58317,Historical,555775,0,0,S,2,1,536396,39.95,2009,33,35,26.98
58318,Historical,3504026,0,0,S,4,1,4684227,43.8,2004,24,0,5.47
58319,Historical,607944,0,0,S,5,1,2070070,53.33,2006,13,47.74,10.07
58320,Historical,848948,0,0,S,2,1,2957033,94,1998,14,143.82,43.74
58321,Historical,561011,0,0,S,4,1,4264505,83.2,2006,31,37.99,43.95
58323,Historical,1871270,0,0,S,4,1,1107844,24.24,2009,20,41.97,18.98
58324,Historical,541587,0,0,S,2,1,243580,54.95,2012,34,141.61,33.98
58325,Historical,120368,0,0,S,5,1,919432,81,2013,59,39.24,21.96
58326,Historical,594665,0,0,S,2,1,62679,200.95,2011,103,47.44,58.98
58327,Historical,920058,0,0,S,1,0,539287,142.95,2008,45,47.44,19.99
58328,Historical,53662,0,0,S,3,1,1224548,100,2003,42,144.78,28.74
58329,Historical,912598,0,0,S,0,0,617426,39.95,2005,19,30.44,38.97
58330,Historical,912742,0,0,S,3,1,2084439,49.95,2006,29,24.84,18.98
58331,Historical,157911,0,0,S,3,1,688418,41.95,1999,68,46.99,18.89
58332,Historical,613556,0,0,S,1,0,527758,66.56,2004,36,75.94,53.98
58333,Historical,109474,0,0,S,1,0,528382,58.57,2004,47,62.83,34.09
58334,Historical,726897,0,0,S,1,0,823592,59.99,1999,38,23.97,7.75
58335,Historical,142951,0,0,S,6,1,1369978,29,2005,12,38.41,30.65
58336,Historical,1871271,1,2,S,4,1,988529,180.5,2009,30,117.45,7.42
58337,Historical,295402,0,0,S,5,1,2412667,45,2007,34,31.45,12.49
58338,Historical,532867,0,0,S,22,1,79220,54.25,2012,31,36.47,22.49
58339,Historical,111965,0,0,S,21,1,536783,0,2010,33,36.47,34.94
58340,Historical,110310,0,0,S,20,1,2444683,44.5,2008,42,55.47,5.4
58341,Historical,285582,0,0,S,21,1,90557,54.25,2010,34,55.47,59.57
58342,Historical,601613,0,0,S,1,0,989012,49.99,2009,43,21.68,34.9
58343,Historical,2570915,0,0,S,2,1,4008721,170,1993,13,278.9,58.79
58344,Historical,3485210,0,0,S,3,1,4057221,80.8,1999,32,0,13.98
58345,Historical,146375,1,1,S,2,1,709274,134.8,2011,27,86.54,88.61
58346,Historical,621514,0,0,S,0,0,611737,110.43,1996,23,10.61,70.73
58347,Historical,525322,1,1,S,13,1,27590,195.2,2011,123,41.44,106.75
58348,Historical,146324,0,0,S,13,1,307953,306,2011,46,203.94,90.88
58349,Historical,615106,0,0,S,1,0,565255,18.99,2010,45,73.59,21
58350,Historical,860544,0,0,S,13,1,132436,193.67,2011,36,203.94,83.98
58351,Historical,727906,0,0,S,1,0,3149963,74.4,2000,25,17.96,54.6
58352,Historical,3475067,0,0,S,2,1,2418074,63,1998,29,0,18.99
58353,Historical,615187,0,0,S,2,1,633902,59.95,1997,61,24.38,13.99
58355,Historical,1927273,0,0,S,4,1,3138090,54.95,2013,10,20.19,48.09
58356,Historical,1926965,0,0,S,3,1,5413284,45.95,2010,15,0,68.05
58357,Historical,1926966,0,0,S,3,1,4033740,45.95,2010,11,45.98,60.38
58358,Historical,1522803,0,0,S,2,1,7459306,37.95,2008,17,45.98,117.31
58359,Historical,1591742,0,0,S,1,0,839568,44.99,2007,31,31,27.99
58360,Historical,271014,1,2,S,4,1,82751,48,2011,54,30.66,39.12
58361,Historical,149397,0,0,S,1,0,2857759,57,2004,17,30.87,48.06
58362,Historical,206664,0,0,S,4,1,1966343,59.99,2003,18,23.85,102.94
58363,Historical,536031,0,0,S,18,1,1258388,64.99,2007,43,31.1,9.08
58364,Historical,2601191,0,0,S,1,0,1008744,130,2001,34,0,84.24
58365,Historical,2263970,1,1,S,7,1,2106661,122.18,2011,44,106.9,139.27
58366,Historical,119523,0,0,S,1,0,526017,139.4,1999,32,96.47,83.49
58367,Historical,653012,0,0,S,2,1,981753,80.4,1996,28,25.63,43.55
58368,Historical,907075,0,0,S,2,1,1166685,74.95,2005,32,28.44,38.74
58369,Historical,608189,0,0,S,3,1,2064473,57.95,2006,23,20.49,40.01
58370,Historical,229174,0,0,S,4,1,2806629,36.95,2008,28,20.59,14.97
58371,Historical,389297,0,0,S,2,1,802629,102.95,2009,24,70.66,102.61
58372,Historical,111144,0,0,S,5,1,945383,13.22,2008,26,10.13,13.2
58373,Historical,720190,0,0,S,5,1,1806848,39.95,2001,43,28.88,11.7
58374,Historical,620808,0,0,S,0,0,901913,64.95,2008,28,28.99,30.98
58375,Historical,525306,0,0,S,4,1,601475,54.95,2009,14,35.15,34.04
58376,Historical,278462,0,0,S,3,1,1721925,49.95,2005,35,35.15,16.81
58377,Historical,195140,1,1,S,7,1,262186,66,2009,40,18.05,50.99
58378,Historical,3549220,0,0,S,2,1,1229083,39.25,1997,38,0,44.04
58379,Historical,2264087,1,1,S,5,1,313300,56.6,2010,22,80.78,38.37
58380,Historical,742539,0,0,S,5,1,1594898,0,2010,22,83.92,54.97
58381,Historical,244949,0,0,S,4,1,3716228,178.95,2003,33,83.97,7.31
58382,Historical,545591,0,0,S,2,1,331238,44.99,2012,38,0,10.17
58383,Historical,50868,0,0,S,5,1,2525742,285.95,2007,54,109.64,7.99
58384,Historical,137018,0,0,S,2,1,951837,55,1999,33,37.5,26.95
58385,Historical,178674,0,0,S,4,1,1971799,237.95,2010,26,4.98,6.59
58386,Historical,162354,0,0,S,3,1,1139503,0,2008,31,60.22,46.56
58387,Historical,919339,0,0,S,2,1,538945,39.95,2008,81,28.99,13.98
58388,Historical,917880,0,0,S,3,1,2366778,44.95,2006,31,24.99,12.73
58389,Historical,620633,0,0,S,2,1,4019310,44.95,2005,21,23.94,12.99
58390,Historical,915501,0,0,S,3,1,2588254,44.95,2006,32,23.94,23.99
58391,Historical,743519,0,0,S,3,1,7270632,175,2003,12,131.22,43.98
58392,Historical,2259246,0,0,S,2,1,1084235,121.89,2011,32,121.87,35.78
58393,Historical,616861,0,0,S,5,1,70125,95,2010,50,69.99,103.98
58394,Historical,520883,0,0,S,3,1,1195797,95,1998,26,0,0
58395,Historical,196508,0,0,S,3,1,1607807,77.95,2003,16,69.55,33.98
58396,Historical,2260609,0,0,S,11,1,1251448,135.33,2008,38,63.27,87.75
58397,Historical,109401,1,1,S,10,1,123341,21.99,2005,78,103.5,18.99
58398,Historical,52099,0,0,S,10,1,516853,130,2006,50,103.5,18.98
58399,Historical,105638,0,0,S,6,1,714797,36.95,2002,41,29.52,15.82
58400,Historical,525281,0,0,S,7,1,372460,44,2009,59,29.52,12.89
58402,Historical,525280,0,0,S,2,1,1132850,69.95,2009,15,0,53.98
58403,Historical,2703529,0,0,S,5,1,275172,91.2,2005,17,0,74.53
58404,Historical,606748,0,0,S,16,1,1991269,66.95,2003,22,28.94,23.95
58405,Historical,631901,0,0,S,0,0,836995,59.98,1998,34,33.68,93.79
58406,Historical,162422,0,0,S,4,1,237073,145.53,2008,20,88.08,144.28
58407,Historical,54176,0,0,S,6,1,243436,110,2001,40,109.98,30.69
58408,Historical,742000,0,0,S,8,1,1128045,3986.31,2009,14,109.98,675
58409,Historical,525271,1,1,S,3,1,675895,119.95,2004,30,41.04,30.8
58411,Historical,640227,0,0,S,2,1,3733251,89.5,2002,16,55.8,184.8
58412,Historical,644078,0,0,S,3,1,806388,123,2007,18,60.89,43.99
58413,Historical,893684,0,0,S,2,1,2907329,99.95,1995,17,121.61,44.79
58414,Historical,192793,0,0,S,1,0,980379,64.95,1999,49,31.3,14.89
58416,Historical,624216,0,0,S,8,1,1079488,87.95,2008,33,44.3,42.78
58417,Historical,147230,1,1,S,1,0,1281451,40.95,2005,16,48.75,204.87
58418,Historical,650865,0,0,S,9,1,2413906,175,2000,18,86.83,103.99
58419,Historical,763058,0,0,S,2,1,1171772,135,1998,18,61.71,47.25
58420,Historical,614933,0,0,S,1,0,181551,193.95,2010,50,10.6,69.18
58421,Historical,615406,0,0,S,6,1,477058,54.95,2011,71,48.54,18.64
58422,Historical,248203,0,0,S,0,0,357167,89,2011,51,52.88,48.99
58423,Historical,920720,0,0,S,5,1,1319390,54.95,2008,55,48.54,7.44
58424,Historical,889897,0,0,S,2,1,5920862,100,2005,10,0,11.53
58425,Historical,616200,0,0,S,2,1,1100619,78,2007,46,37.44,11.95
58426,Historical,917375,0,0,S,3,1,3371205,52.95,2001,30,25.36,6.98
58427,Historical,558380,0,0,S,4,1,585065,44.95,2008,48,25.36,39.55
58429,Historical,772575,0,0,S,6,1,3410288,119.95,2006,27,9.49,9.98
58430,Historical,2262108,0,0,S,7,1,3027402,104.53,2010,42,9.49,66.74
58431,Historical,112002,0,0,S,13,1,877373,54.25,2011,41,31.34,6.89
58432,Historical,607080,0,0,S,12,1,2007971,36.15,2009,32,31.34,19.77
58433,Historical,132994,0,0,S,3,1,396897,64.2,2010,43,5.67,27.98
58434,Historical,3095444,0,0,S,2,1,2000076,69.95,2005,17,49.82,63.75
58435,Historical,561680,0,0,S,8,1,3150068,61.95,2006,26,75.98,4
58436,Historical,147590,0,0,S,7,1,1556873,64.95,2008,77,4,5.19
58437,Historical,540979,0,0,S,8,1,579653,74.95,2012,119,4,4.94
58438,Historical,698803,0,0,S,3,1,723746,86.25,2005,28,26.96,50
58439,Historical,2172017,0,0,S,2,1,92529,52.5,2010,10,0,40.24
58440,Historical,915710,1,1,S,3,1,807160,37.95,1996,20,42.34,68.38
58441,Historical,164756,0,0,S,0,0,220695,35.01,1996,38,29.03,62.56
58442,Historical,613208,0,0,S,1,0,82715,40,1992,131,19.97,21.13
58443,Historical,561505,1,1,S,1,0,55132,194.8,2012,62,68.14,88.99
58444,Historical,592009,1,1,S,2,1,143283,58,2006,30,38.04,36.99
58445,Historical,492306,0,0,S,3,1,62294,153,2012,59,42.97,65.85
58446,Historical,612043,0,0,S,2,1,780078,109.75,2014,16,88.39,99.94
58447,Historical,755869,0,0,S,2,1,1342772,76.5,2010,20,72.49,72.93
58448,Historical,789577,0,0,S,4,1,4370468,189,2006,16,118.44,66.81
58449,Historical,2073420,1,1,S,2,1,220172,101.01,2011,45,0,58.1
58450,Historical,617297,0,0,S,1,0,858966,246,2010,49,0,210.5
58451,Historical,627491,0,0,S,3,1,1109481,102.95,2009,21,68.46,73.61
58452,Historical,497172,1,1,S,6,1,95275,290.95,2009,69,101.46,183.93
58453,Historical,859793,0,0,S,12,1,4721386,114.95,2008,13,18.74,38.99
58454,Historical,461813,0,0,S,2,1,1282115,128.36,2007,22,82.99,86.23
58455,Historical,543100,0,0,S,2,1,405574,21,2011,18,0,0
58456,Historical,587526,0,0,S,1,0,325920,119.95,2012,65,37.97,47.43
58457,Historical,764227,0,0,S,3,1,1000960,141.95,2003,15,0,115.81
58458,Historical,648847,0,0,S,2,1,2710288,105,2009,14,36.99,43.99
58459,Historical,2414379,0,0,S,0,0,693676,93,2003,29,0,28.98
58460,Historical,124064,0,0,S,3,1,836391,105.95,1999,52,102.76,53.23
58461,Historical,2405924,0,0,S,1,0,1403168,39.95,1993,86,40.45,10.94
58462,Historical,159407,0,0,S,6,1,2055329,183,2002,14,114.76,80.12
58463,Historical,911245,0,0,S,4,1,2890345,71,2005,21,31.76,38.69
58464,Historical,109861,0,0,S,6,1,1580218,134.99,2007,43,143.63,59.69
58465,Historical,606927,0,0,S,7,1,1866138,128.9,2007,34,143.63,54.31
58466,Historical,623561,0,0,S,0,0,128831,36.99,2007,52,27.77,20.98
58467,Historical,911723,0,0,S,0,0,860829,15.99,2006,26,27.77,11.96
58468,Historical,203948,0,0,S,1,0,1037161,51.5,2007,34,51.16,22.87
58469,Historical,104443,0,0,S,4,1,276720,184.06,2002,39,132.17,231.61
58470,Historical,761208,0,0,S,3,1,3641457,139.95,2005,14,39.38,161.39
58471,Historical,627433,0,0,S,2,1,333662,45,2010,33,33.14,33.19
58472,Historical,699159,0,0,S,0,0,801456,53.77,2010,15,0,55.99
58473,Historical,868061,0,0,S,5,1,1087372,129.4,2003,20,74.93,35.48
58474,Historical,868083,0,0,S,6,1,901770,153,2007,14,74.93,53.99
58475,Historical,265710,0,0,S,1,0,1963364,94.95,2000,21,98.91,122.42
58476,Historical,268305,0,0,S,5,1,483711,69.95,2005,18,0,0
58477,Historical,644007,0,0,S,4,1,89892,43,2008,25,38.93,43
58478,Historical,265848,0,0,S,5,1,4207928,75,2002,17,153.99,18.99
58479,Historical,270068,0,0,S,6,1,853897,191,2009,23,153.99,122.37
58480,Historical,916291,0,0,S,3,1,1445145,123.89,1979,30,30.28,67.41
58481,Historical,211400,0,0,S,0,0,855252,78,1996,37,31.99,29.48
58482,Historical,858521,0,0,S,1,0,31593,65,1989,195,0,57.99
58483,Historical,53828,0,0,S,7,1,1066902,13.95,2004,127,39.14,11.82
58484,Historical,125904,0,0,S,3,1,131650,77.95,1999,57,63.99,41.98
58485,Historical,734966,0,0,S,1,0,209835,78.99,2009,38,61.97,49.98
58486,Historical,141935,0,0,S,1,0,452216,0,2010,44,61.97,63.94
58487,Historical,177349,0,0,S,6,1,796725,130.95,2005,50,29.97,19.98
58488,Historical,547686,0,0,S,0,0,670693,76,1966,55,26.22,30
58489,Historical,755746,0,0,S,3,1,1653187,130,2004,19,66.97,45.4
58491,Historical,624695,1,7,S,9,1,39263,51.49,2012,72,103.99,18.99
58492,Historical,50513,0,0,S,6,1,1532327,85,2007,76,103.99,5.2
58493,Historical,624391,0,0,S,3,1,1190621,32,2008,32,33.96,45.48
58494,Historical,545120,0,0,S,3,1,96687,52.95,2009,28,33.24,28.28
58495,Historical,885048,1,1,S,3,1,803301,46.95,2009,12,48.94,5.86
58496,Historical,545121,1,1,S,3,1,80687,52.95,2009,45,48.94,35.65
58497,Historical,609615,0,0,S,3,1,276420,50.95,2009,41,49.55,20
58498,Historical,739778,0,0,S,2,1,4456022,89.4,2002,24,20.14,10
58499,Historical,2034914,0,0,S,2,1,5987058,51.95,2006,11,0,58.98
58500,Historical,773220,0,0,S,1,0,1717875,167.95,2003,23,18.49,5.5
58501,Historical,2473701,0,0,S,2,1,7084708,89.95,1983,22,90.13,47.73
58502,Historical,391281,0,0,S,5,1,3382919,198,1998,13,27.76,104.91
58503,Historical,609098,0,0,S,2,1,4303029,210.95,1999,33,39.93,7.86
58504,Historical,599184,0,0,S,2,1,1893240,7.95,2008,19,0,7.94
58505,Historical,2036865,1,1,S,5,1,941405,72,2006,14,61.98,88.37
58506,Historical,868581,1,1,S,6,1,504923,102.95,2007,35,63.72,23.26
58507,Historical,620335,0,0,S,1,0,59965,62.95,2006,18,0,0
58508,Historical,1494351,0,0,S,1,0,710662,38,2013,24,24.91,50.67
58509,Historical,615913,0,0,S,0,0,194381,46.99,1995,51,63.45,12.95
58510,Historical,606893,0,0,S,6,1,1713705,48.43,2004,40,84.89,4
58511,Historical,2262137,0,0,S,7,1,2215288,114.05,2007,34,87.96,107.93
58512,Historical,61066,0,0,S,6,1,773933,229.95,2007,32,136.41,195.53
58513,Historical,572026,0,0,S,5,1,1029206,137.95,2004,43,42.98,28.99
58514,Historical,916667,0,0,S,6,1,772238,76.28,2007,43,42.98,58.88
58515,Historical,910146,0,0,S,8,1,2855706,43.54,2005,39,144.03,27.36
58516,Historical,567769,0,0,S,7,1,1969871,156.95,2010,43,132.54,36.65
58517,Historical,607050,0,0,S,14,1,3756633,12.94,2006,23,12.84,12.95
58518,Historical,53502,0,0,S,7,1,2245460,76.36,2004,47,83.99,15.91
58519,Historical,170196,0,0,S,8,1,592384,139.95,2011,28,46.42,126.57
58520,Historical,154351,0,0,S,14,1,1576019,100.75,2002,39,64.72,27.97
58521,Historical,54268,0,0,S,15,1,362975,118.25,2005,25,64.72,23.99
58522,Historical,606875,0,0,S,4,1,1507835,85.93,2003,27,87.96,73.61
58523,Historical,875104,0,0,S,8,1,1666365,52.84,2003,23,70.49,45.79
58524,Historical,863423,0,0,S,9,1,1224302,82.92,2006,35,43.94,53.98
58525,Historical,148936,0,0,S,2,1,295419,37.5,2007,88,24.96,27.99
58526,Historical,872809,0,0,S,3,1,165882,108.5,2014,28,111.97,76.89
58527,Historical,880658,0,0,S,0,0,928986,143,2012,21,105.73,91.5
58528,Historical,1545624,0,0,S,2,1,683159,44.95,2009,45,35.82,44.95
58529,Historical,868484,1,1,S,4,1,808957,95.95,1998,17,55.72,27.99
58530,Historical,106260,0,0,S,3,1,759591,36.95,2005,41,17.24,19.98
58531,Historical,159474,0,0,S,4,1,1397333,77.95,2002,26,20.14,65.42
58532,Historical,1559286,0,0,S,1,0,353332,44.95,2006,22,0,41.72
58533,Historical,220232,0,0,S,4,1,3604065,31.95,2001,17,7.94,25.95
58534,Historical,143084,0,0,S,2,1,2553251,43,2006,15,19.67,53.12
58535,Historical,143288,0,0,S,3,1,1215570,69,2008,26,19.67,32.49
58536,Historical,143232,0,0,S,3,1,572034,213,2009,37,8.74,98.49
58537,Historical,1871262,0,0,S,2,1,657494,182,2009,13,0,93.99
58538,Historical,628663,0,0,S,4,1,120799,78.97,2011,33,43.2,33.99
58539,Historical,633867,0,0,S,0,0,257564,73,2012,29,36.49,54.51
58540,Historical,608955,0,0,S,3,1,2708243,54.95,2002,10,48.99,54.42
58541,Historical,61072,0,0,S,7,1,390429,88,2005,87,127.6,7.41
58542,Historical,115485,0,0,S,7,1,610497,110.2,2002,42,0,0
58543,Historical,912638,0,0,S,9,1,1202489,44.99,2005,59,45.9,40.73
58544,Historical,763586,1,1,S,9,1,702377,85.95,2004,44,45.9,9.85
58545,Historical,724144,0,0,S,1,0,1050406,99,2009,24,0,36.13
58546,Historical,388328,0,0,S,3,1,1538947,234.95,2010,22,93.35,103.99
58547,Historical,858491,0,0,S,5,1,635800,75,2014,19,48,52.42
58548,Historical,535800,0,0,S,10,1,521778,65,2012,77,68.31,26.89
58549,Historical,660817,0,0,S,11,1,131992,65,2013,63,68.31,34.61
58550,Historical,867411,0,0,S,12,1,997826,65,2014,19,57.23,43.44
58551,Historical,163456,0,0,S,9,1,737887,65,2011,46,57.23,10.5
58552,Historical,525145,0,0,S,39,1,1553428,75,2012,29,0,4.5
58553,Historical,752709,0,0,S,37,1,2025348,59.95,2010,27,0,20.99
58554,Historical,1780877,0,0,S,13,1,71062,65,2014,17,0,152.35
58555,Historical,660819,0,0,S,11,1,378104,65,2013,19,0,0
58556,Historical,203403,0,0,S,10,1,1392751,79.95,2003,74,83.07,19.88
58557,Historical,540956,1,1,S,14,1,20170,76.95,2012,124,28.77,41.99
58558,Historical,106722,1,1,S,8,1,570098,343,2010,23,22.35,73.98
58559,Historical,106101,0,0,S,7,1,2401042,234,2005,14,22.35,28.99
58560,Historical,1839703,0,0,S,12,1,4089420,69.99,2007,14,54.71,49.77
58561,Historical,630831,0,0,S,3,1,1118838,38,2007,24,37.42,26.76
58562,Historical,609202,0,0,S,5,1,289031,87.95,2008,24,43.99,38.98
58563,Historical,879900,1,1,S,8,1,1207074,154.11,2008,12,90.99,277.05
58564,Historical,634965,0,0,S,6,1,512577,49.95,2011,22,46.24,33.89
58565,Historical,280392,0,0,S,2,1,2799309,369,2005,16,152.99,95.98
58566,Historical,193893,1,1,S,1,0,121454,59.99,2008,62,30.21,21.58
58567,Historical,3086346,0,0,S,2,1,3522043,149.95,2002,19,56.89,50.84
58568,Historical,630131,0,0,S,12,1,1522431,379.99,2008,16,132.81,103.99
58569,Historical,577340,0,0,S,11,1,3255773,239,2003,29,132.81,18.54
58570,Historical,181311,1,2,S,3,1,319742,53.95,2006,65,22.72,41.76
58571,Historical,192478,0,0,S,4,1,1311013,133,2006,15,76.62,95.63
58572,Historical,710990,0,0,S,3,1,326070,51,2000,29,51.19,6.54
58573,Historical,717287,0,0,S,2,1,14513954,35.2,1997,21,51.19,7.49
58574,Historical,199105,0,0,S,3,1,1865486,69.95,2002,45,48.99,19.99
58575,Historical,182941,0,0,S,2,1,1153362,136.95,2005,26,70.71,8.5
58576,Historical,133442,0,0,S,2,1,66978,78.2,2010,29,49.03,98.35
58577,Historical,127654,0,0,S,2,1,67128,59.95,2010,35,35.52,47.91
58578,Historical,871022,0,0,S,2,1,384734,35,1990,49,19.99,14.62
58579,Historical,119814,1,2,S,3,1,208043,34.2,1996,29,19.99,12.99
58580,Historical,626985,0,0,S,0,0,81418,68.95,2010,16,0,0
58581,Historical,443508,0,0,S,2,1,6588918,160,2008,17,53.82,119.37
58582,Historical,158173,0,0,S,2,1,1589718,69.95,2008,47,53.82,24.82
58583,Historical,115546,0,0,S,1,0,1336573,81,2002,30,58.98,28.93
58584,Historical,615194,0,0,S,7,1,26715,72.95,2010,127,55.21,25.19
58585,Historical,555792,0,0,S,7,1,790134,49.95,2010,48,51.6,13.98
58586,Historical,555793,0,0,S,7,1,187546,49.95,2010,42,40.98,50.75
58587,Historical,298947,0,0,S,1,0,1268583,137.95,2011,23,49.9,85.83
58588,Historical,200412,1,1,S,2,1,28855,97.95,2011,42,49.9,63.99
58589,Historical,132575,0,0,S,2,1,480621,108.2,2009,41,75.98,38.91
58590,Historical,743633,0,0,S,7,1,2218156,119,2005,29,38.98,18.72
58591,Historical,147401,0,0,S,8,1,1109414,27.95,2006,56,30.65,24.96
58592,Historical,525097,0,0,S,9,1,235446,38.95,2010,63,30.65,12.12
58593,Historical,797705,0,0,S,1,0,1073729,134.95,2008,23,54.03,44.75
58594,Historical,623475,0,0,S,3,1,644957,39.99,2010,22,0,0
58595,Historical,920362,0,0,S,3,1,508135,27,2003,30,37.96,8.74
58596,Historical,868080,0,0,S,4,1,676635,30.4,2007,46,37.96,18.9
58597,Historical,615548,0,0,S,1,0,371985,40,2000,110,27.89,34.99
58598,Historical,120353,0,0,S,2,1,16458,32.4,2008,33,19.24,21.55
58599,Historical,118050,0,0,S,3,1,1846905,18.98,2006,41,78.75,18.98
58601,Historical,147498,0,0,S,9,1,186947,48.95,2008,59,33.97,18.98
58602,Historical,313737,0,0,S,0,0,3847340,69.33,2002,23,4.5,40.78
58603,Historical,2745162,0,0,S,4,1,2670885,105.95,1999,21,20.13,33.98
58604,Historical,540952,0,0,S,5,1,930949,42.95,2011,39,8.19,16.83
58605,Historical,123835,0,0,S,2,1,1124968,127.95,1996,23,79.29,67.12
58606,Historical,635124,0,0,S,8,1,1310469,45.95,2009,28,33.99,9.4
58607,Historical,624325,0,0,S,6,1,521497,38.95,2010,39,30.63,47.62
58608,Historical,743769,0,0,S,5,1,2642303,29.95,2006,23,30.63,8.99
58609,Historical,248824,0,0,S,2,1,1423182,57.95,2005,18,60.91,22.19
58610,Historical,525077,0,0,S,3,1,295817,72.95,2010,47,60.91,31.99
58611,Historical,567463,0,0,S,7,1,3010957,133.95,2007,21,38.15,11.98
58612,Historical,484073,0,0,S,8,1,889702,120.95,2010,30,38.15,62.03
58613,Historical,609634,0,0,S,5,1,1313988,72.95,2009,21,32.68,55.54
58614,Historical,248847,0,0,S,4,1,1292760,99.95,2007,21,68.33,51.36
58615,Historical,2935029,0,0,S,3,1,704787,122.95,2005,23,71.46,23.46
58616,Historical,103990,0,0,S,3,1,2021965,34.89,1999,15,77.2,203.98
58617,Historical,527638,0,0,S,10,1,412736,121.95,2007,40,11.06,123.88
58618,Historical,123971,0,0,S,3,1,1158006,122.95,2002,20,46.43,257.39
58619,Historical,182894,0,0,S,6,1,2961230,136.95,2003,27,84.64,9.45
58620,Historical,248401,0,0,S,6,1,550121,138.95,2006,22,55.49,36.92
58621,Historical,109620,0,0,S,3,1,1343357,74.67,2005,38,42.3,39.99
58622,Historical,182690,0,0,S,7,1,773742,130.95,2002,9,62.87,78.99
58623,Historical,288407,0,0,S,4,1,390293,38,2004,17,42.99,47.21
58624,Historical,629989,0,0,S,8,1,912253,39.99,2011,36,24.14,5.88
58625,Historical,111190,0,0,S,6,1,3353859,20.42,2010,19,24.64,20.4
58626,Historical,870178,0,0,S,2,1,1427832,45,2002,21,36.18,43.85
58627,Historical,607256,0,0,S,2,1,711609,80.8,2002,26,36.18,61.53
58628,Historical,903919,0,0,S,1,0,1113864,72,1997,29,27.28,49.95
58629,Historical,247660,0,0,S,2,1,843479,69,2006,45,42.93,36.71
58630,Historical,2859208,0,0,S,3,1,148696,52.95,1994,20,29.99,14.24
58631,Historical,614486,0,0,S,8,1,141627,123.27,2005,16,28.25,65.91
58632,Historical,871955,1,3,S,7,1,1823832,41.71,2009,47,34.49,30.99
58633,Historical,617151,0,0,S,7,1,75837,25.93,2009,45,34.49,22.49
58634,Historical,614658,1,1,S,6,1,374508,1653.67,2005,32,34.49,5.98
58635,Historical,153943,0,0,S,7,1,1110827,54.77,2006,33,8.25,46.35
58636,Historical,626280,0,0,S,2,1,73637,33.95,2010,39,12.04,19.98
58637,Historical,120566,0,0,S,1,0,799462,121.6,2007,72,10.35,18.94
58638,Historical,322705,0,0,S,5,1,643403,123.4,2007,28,73.5,47.74
58639,Historical,599511,0,0,S,7,1,1334967,75.95,2009,40,33.99,12.19
58640,Historical,599502,0,0,S,6,1,3875529,73.95,2007,21,33.99,22.98
58641,Historical,545931,1,1,S,8,1,611859,94.95,2012,48,33.99,70.39
58642,Historical,157540,0,0,S,2,1,1201083,47.95,2009,16,33.99,127.28
58643,Historical,613170,1,1,S,0,0,184758,102.95,2000,93,10.37,14.23
58644,Historical,611881,0,0,S,0,0,982372,77.4,2013,10,0,93.99
58645,Historical,292129,1,1,S,0,0,344167,112.4,2005,63,53.02,66.93
58646,Historical,169563,0,0,S,4,1,1932099,81.95,2004,44,31.99,20.98
58647,Historical,713065,0,0,S,0,0,1179190,141.75,2002,29,30.58,48.79
58648,Historical,54725,0,0,S,5,1,580608,266.95,2006,48,137.4,45.47
58649,Historical,2040793,1,2,S,3,1,108072,52,2009,51,0,40.5
58650,Historical,898811,1,2,S,2,1,152238,47.95,2011,15,16.98,25.99
58651,Historical,545118,0,0,S,2,1,787364,40.95,2010,14,0,31.88
58652,Historical,545119,0,0,S,2,1,586256,40.95,2010,20,13.96,32.06
58653,Historical,897170,0,0,S,2,1,85781,47.95,2010,17,13.96,33.27
58654,Historical,246568,0,0,S,7,1,2071812,39.95,2006,44,0,28.82
58655,Historical,258368,0,0,S,3,1,3486801,104,2002,37,81.35,13.5
58656,Historical,118040,0,0,S,2,1,438632,45.33,2005,57,44.5,11.99
58657,Historical,631710,1,1,S,6,1,478766,69.44,2007,28,43.98,44.23
58658,Historical,538884,1,1,S,34,1,1123372,54.25,2013,44,44.65,40.75
58659,Historical,111986,0,0,S,32,1,1564205,26.21,2011,24,44.65,26.21
58660,Historical,551205,0,0,S,33,1,1481279,15.48,2012,35,44.65,14.96
58661,Historical,127346,0,0,S,4,1,1380218,89.95,2008,64,56.94,12.73
58662,Historical,129447,0,0,S,5,1,455106,79.95,2011,67,56.94,8.79
58663,Historical,53279,0,0,S,12,1,281596,245.95,2010,49,58.99,31.99
58664,Historical,540175,1,1,S,3,1,21660,163.95,2013,51,71.99,85.24
58665,Historical,2392985,0,0,S,6,1,1633348,0,1990,21,12.22,49.11
58667,Historical,739081,0,0,S,8,1,576025,102,1999,24,9.92,50.6
58668,Historical,144329,0,0,S,9,1,448841,145.33,2001,27,9.92,54
58669,Historical,61146,0,0,S,3,1,389331,107.2,2005,19,126.21,73.99
58670,Historical,56603,0,0,S,2,1,2364889,4.18,2003,49,37.94,5.98
58671,Historical,127328,1,1,S,2,1,264026,57.95,2008,67,38.92,43.77
58672,Historical,153993,0,0,S,2,1,829187,17.98,2008,22,38.73,17.98
58673,Historical,591610,0,0,S,1,0,1351427,38.95,2004,31,20.93,33.99
58674,Historical,875618,0,0,S,2,1,5972620,287.29,2008,36,69.68,103.73
58675,Historical,625398,0,0,S,2,1,709685,49.99,2006,16,40.93,29.91
58676,Historical,663705,0,0,S,1,0,68233,59.99,2013,24,37.49,33.98
58677,Historical,780335,0,0,S,4,1,3488485,79.95,1999,14,43.88,73.98
58678,Historical,859490,0,0,S,1,0,1057878,8.75,2006,33,17.12,7.42
58679,Historical,613329,0,0,S,3,1,1606002,30.67,2006,60,12.14,6.48
58680,Historical,618564,0,0,S,4,1,644622,35.67,2010,45,12.14,23.94
58681,Historical,592218,0,0,S,3,1,1256543,168.95,2006,61,15.22,10.98
58682,Historical,525006,1,2,S,4,1,607940,143.95,2010,66,22.32,6.47
58683,Historical,111312,0,0,S,3,1,495955,0,2009,62,71.34,20.49
58684,Historical,613279,0,0,S,2,1,1017234,156.95,2006,57,72.96,24.45
58685,Historical,287608,0,0,S,2,1,1341828,97.33,2009,88,20.4,12.09
58686,Historical,525004,0,0,S,3,1,86859,134,2011,63,20.4,27.49
58687,Historical,622435,0,0,S,8,1,2223623,51.95,2005,21,18.27,18.39
58688,Historical,114402,0,0,S,3,1,478298,56.6,2001,32,46.76,16.98
58689,Historical,265893,0,0,S,4,1,1583608,63,2003,84,75.99,15.28
58690,Historical,560974,0,0,S,2,1,2524974,53.33,2006,55,81.92,28.98
58691,Historical,53549,1,1,S,7,1,751796,82.8,2006,116,75.85,7
58692,Historical,561569,0,0,S,9,1,328337,102.27,2012,18,62.91,89.54
58693,Historical,1623064,1,1,S,1,0,34841,101.95,2014,53,0,44.48
58694,Historical,891403,0,0,S,2,1,1041307,80,2001,26,59.99,83.13
58695,Historical,538000,0,0,S,2,1,994515,54.95,1999,79,37.99,9.98
58696,Historical,393911,0,0,S,2,1,756004,32.95,2004,65,35.59,89.27
58697,Historical,1456065,0,0,S,3,1,1204795,152.33,2014,23,68.57,132.99
58698,Historical,621581,0,0,S,2,1,903638,134.6,2013,38,19.94,23.32
58699,Historical,295834,0,0,S,2,1,529641,65,2010,31,50.72,29.98
58700,Historical,61091,0,0,S,8,1,1458918,139.95,2003,45,98.35,35.99
58701,Historical,61092,0,0,S,3,1,3129548,91.8,2004,24,26.71,10.99
58702,Historical,327716,0,0,S,7,1,1371394,21.98,2006,82,44.27,18.72
58703,Historical,778348,0,0,S,3,1,1815742,70.95,2005,26,51.39,18.98
58704,Historical,141600,0,0,S,1,0,236132,38.51,2011,70,20.99,12.03
58705,Historical,111096,0,0,S,2,1,1870332,6.22,2008,22,37.84,4.98
58706,Historical,561060,0,0,S,7,1,585510,61.8,2007,45,41.87,42.94
58707,Historical,61169,0,0,S,9,1,263784,15.33,2006,80,52.16,7.51
58708,Historical,592061,0,0,S,2,1,1296112,60,2008,19,36.53,51.36
58709,Historical,2134644,0,0,S,0,0,586185,44.99,2010,33,0,22.95
58710,Historical,524964,0,0,S,6,1,1899405,276,2009,15,164.49,113.82
58711,Historical,192915,0,0,S,5,1,3604060,219,2004,11,164.49,79.35
58713,Historical,61096,0,0,S,4,1,2587530,99.33,2003,28,92.99,4.99
58714,Historical,2112875,0,0,S,3,1,189145,59.99,2012,16,0,42.48
58715,Historical,533485,1,1,S,8,1,50382,114.95,2012,111,11.89,38.48
58716,Historical,132218,0,0,S,1,0,362805,159.4,2011,46,40.11,78.94
58717,Historical,715681,0,0,S,2,1,1202086,122.87,2011,23,66.82,136.52
58718,Historical,1855462,0,0,S,6,1,745026,49.99,2010,35,30.5,28.71
58719,Historical,802628,0,0,S,5,1,791217,49.99,2007,25,30.5,11.52
58720,Historical,863273,0,0,S,2,1,88875,51.95,2005,30,36.19,48.98
58721,Historical,177852,0,0,S,1,0,125058,152.95,2003,22,0,0
58722,Historical,555915,0,0,S,2,1,2845244,67.95,2008,19,3.85,44.45
58723,Historical,3133556,0,0,S,1,0,307472,18.99,2002,35,38.88,13.97
58724,Historical,672573,0,0,S,1,0,5936,14.99,2003,575,67.21,7.49
58725,Historical,327487,0,0,S,0,0,1013475,24.99,2008,45,18.98,31.97
58726,Historical,1499056,0,0,S,0,0,3330623,69.99,2006,13,62.86,103.82
58727,Historical,2703464,0,0,S,3,1,4770354,123.45,2004,15,13.97,33.98
58728,Historical,659343,0,0,S,3,1,3817858,97.95,2003,13,13.97,81.58
58729,Historical,217202,1,1,S,2,1,108608,82,2003,56,58.99,56.98
58730,Historical,147120,0,0,S,10,1,275807,73.95,2005,28,0,0
58731,Historical,594677,0,0,S,0,0,152333,186.95,2012,42,39.21,75.63
58732,Historical,248033,0,0,S,0,0,1339127,93.95,2008,56,64.24,30.98
58733,Historical,603424,1,1,S,2,1,1312108,54.95,2008,36,37.99,23.99
58734,Historical,547192,0,0,S,3,1,456413,54.95,2011,27,37.99,113.99
58735,Historical,294185,0,0,S,4,1,183743,68.99,2008,44,0,44.02
58736,Historical,112251,0,0,S,4,1,803564,126.5,2005,82,53.7,42.76
58737,Historical,924459,1,1,S,15,1,156172,49.99,2014,19,28.29,32.86
58738,Historical,2899610,0,0,S,40,1,1019003,32.5,1990,21,0,86.66
58739,Historical,525385,0,0,S,7,1,1199848,49.99,2012,29,36.82,22.34
58740,Historical,649923,0,0,S,10,1,1166073,125,2012,23,9.81,51.84
58741,Historical,673191,0,0,S,3,1,120700,19.99,2013,91,0,0
58742,Historical,609795,0,0,S,18,1,1324564,99.95,2010,28,87.67,30.44
58743,Historical,609672,0,0,S,5,1,520227,69.95,2009,30,10.97,37.94
58744,Historical,144076,0,0,S,4,1,650797,95,1997,31,73.06,283.93
58745,Historical,551306,0,0,S,0,0,738639,169.75,2006,47,19.44,53.99
58746,Historical,50577,0,0,S,5,1,1375304,85.95,2004,79,74.54,24.76
58747,Historical,540250,0,0,S,10,1,938832,69.95,2010,23,63.11,43.06
58748,Historical,163761,0,0,S,0,0,25306,80,2001,45,37.97,43.12
58749,Historical,154042,0,0,S,8,1,16524,58.5,2011,182,21.54,18.26
58750,Historical,2415889,0,0,S,0,0,474812,150,1993,54,38.82,50.99
58751,Historical,52418,0,0,S,9,1,1299543,12.41,2003,74,102.55,11.18
58752,Historical,907793,0,0,S,0,0,279540,24.99,2014,61,17.66,10.45
58753,Historical,536645,0,0,S,0,0,710642,24.99,2012,92,17.66,10.25
58754,Historical,679732,1,1,S,0,0,347093,24.99,2013,117,17.66,13.06
58755,Historical,533245,0,0,S,0,0,896053,22.99,2011,92,17.66,10.96
58756,Historical,2167502,0,0,S,4,1,693440,50,2014,34,0,31.52
58757,Historical,2867819,0,0,S,3,1,439420,19.95,2003,76,4.43,18.5
58758,Historical,294161,0,0,S,1,0,12857,62.99,2010,81,0,0
58760,Historical,533262,0,0,S,2,1,566924,19.95,2012,27,0,0
58761,Historical,635288,0,0,S,3,1,1135714,67,2006,25,25.21,25.33
58762,Historical,861846,0,0,S,3,1,118571,65.95,2014,77,25.11,21.68
58763,Historical,611658,0,0,S,3,1,112531,51.95,2014,49,15.55,40.21
58764,Historical,252041,0,0,S,1,0,964174,55.95,2008,34,0,0
58765,Historical,861847,1,1,S,3,1,410576,51.95,2014,34,15.42,31.99
58766,Historical,170203,0,0,S,2,1,1341778,49.95,2011,75,15.42,8.69
58767,Historical,533259,0,0,S,2,1,101424,99.99,2012,147,47.99,46.73
58768,Historical,779412,0,0,S,4,1,702442,35,2011,52,26.54,22.25
58769,Historical,779374,0,0,S,5,1,553781,35,2008,94,26.54,19.74
58771,Historical,106576,0,0,S,2,1,103325,16,2007,26,0,0
58772,Historical,533255,0,0,S,2,1,923536,29.95,2011,35,0,0
58773,Historical,222341,1,1,S,1,0,794105,30,2008,41,27.43,12.93
58774,Historical,587769,0,0,S,1,0,16190,34.95,2012,20,0,0
58775,Historical,300381,0,0,S,6,1,102413,12.99,2009,34,0,0
58776,Historical,609811,0,0,S,3,1,6341395,29.95,2008,18,4,47.59
58777,Historical,533250,0,0,S,2,1,20138,35,2010,13,0,0
58778,Historical,247712,0,0,S,2,1,891376,39.95,2006,21,0,0
58779,Historical,533246,0,0,S,2,1,75636,51,2011,45,36,33.98
58780,Historical,779178,0,0,S,5,1,306182,13.99,2008,77,7.99,6.45
58781,Historical,247988,0,0,S,2,1,782886,44.95,2008,21,0,0
58782,Historical,178615,0,0,S,7,1,747756,85.95,2006,30,23.98,52.59
58784,Historical,664217,0,0,S,4,1,453718,42.95,2013,20,22.98,19.74
58786,Historical,805236,0,0,S,0,0,179852,65,2007,98,0,24.93
58787,Historical,645924,0,0,S,2,1,85910,39.95,2006,27,21.63,27.99
58788,Historical,864969,0,0,S,2,1,52582,41,2013,42,25.97,37.02
58789,Historical,866443,0,0,S,2,1,742349,44.95,2008,14,0,14.17
58790,Historical,622643,0,0,S,2,1,796417,81,2011,25,0,0
58791,Historical,641368,0,0,S,3,1,700978,133,2004,25,54.71,97.05
58792,Historical,545263,0,0,S,1,0,1069837,91.95,2009,37,4.99,18.97
58794,Historical,2023800,0,0,S,11,1,1467732,49.99,2010,96,13.99,4.49
58796,Historical,2165418,0,0,S,0,0,2674533,144.95,2011,24,133.65,50.58
58797,Historical,1918217,0,0,S,8,1,139591,44.99,2013,27,6.11,8.97
58798,Historical,655230,0,0,S,1,0,315537,99.95,2013,31,0,0
58799,Historical,389216,0,0,S,1,0,1827542,90.95,2010,20,11.64,46.61
58800,Historical,2022179,0,0,S,21,1,457027,39.95,2015,12,32.68,39.93
58801,Historical,2105406,0,0,S,0,0,510811,41,2014,48,0,18.99
58803,Historical,867218,0,0,S,0,0,694046,83.95,2015,48,20.94,8.33
58804,Historical,1519322,0,0,S,1,0,277363,99.95,2015,58,24.44,10.57
58805,Historical,1918274,0,0,S,25,1,220453,42.99,2014,17,29,15.16
58806,Historical,3635010,0,0,S,1,0,283489,29.99,2016,0,0,19.87
58809,Historical,296045,0,0,S,2,1,63321,57.95,1995,21,0,0
58811,Historical,865164,0,0,S,2,1,1560686,102.4,2003,69,4.31,11.7
58812,Historical,1989604,0,0,S,2,1,77544,49.99,2014,28,35.25,32.51
58813,Historical,126064,0,0,S,1,0,1232567,57.95,2000,55,35.99,8.93
58814,Historical,106747,0,0,S,1,0,111646,52,2009,62,23.99,31.72
58815,Historical,801081,0,0,S,2,1,1705397,37.95,2008,52,5.59,24.49
58816,Historical,541538,0,0,S,1,0,38799,42.95,2009,27,0,0
58817,Historical,734277,0,0,S,0,0,2340740,18.47,2002,51,23.46,18.47
58818,Historical,432399,0,0,S,2,1,683679,30.97,2008,71,23.46,20.34
58819,Historical,630523,0,0,S,3,1,29533,38.25,2013,34,23.46,30.13
58820,Historical,574216,0,0,S,4,1,722359,54.95,2012,24,30.96,39.98
58821,Historical,898698,0,0,S,0,0,256972,49.98,2014,10,165.17,48.99
58822,Historical,765601,0,0,S,4,1,44722,0,2003,12,0,0
58824,Historical,549716,0,0,S,1,0,92390,30,2011,27,0,0
58826,Historical,702045,0,0,S,1,0,192722,25,2010,54,8.43,12.05
58827,Historical,533226,0,0,S,2,1,1476546,27.95,2008,19,0,0
58828,Historical,253882,0,0,S,2,1,1357249,153.95,2009,47,77.99,9.94
58829,Historical,313727,0,0,S,1,0,1014487,57.2,2006,23,0,0
58830,Historical,650160,0,0,S,6,1,301920,0,2006,27,68.59,24.53
58831,Historical,633268,0,0,S,7,1,321269,0,2009,30,68.59,68.99
58832,Historical,129749,0,0,S,3,1,946694,76,1999,34,20.39,51.6
58833,Historical,112937,0,0,S,2,1,466403,94.95,2006,40,18.24,53.25
58834,Historical,533221,0,0,S,3,1,1196063,55,2009,27,9.31,38.13
58835,Historical,514616,0,0,S,1,0,814807,130,2011,34,0,0
58836,Historical,533220,0,0,S,2,1,216544,76.95,2011,65,58.9,58.91
58837,Historical,627460,0,0,S,2,1,1253157,57.95,2009,27,4.03,34.3
58838,Historical,639911,1,1,S,2,1,621691,53.95,2011,34,24.66,31.07
58839,Historical,702500,0,0,S,3,1,651015,135,2014,24,53.27,29.89
58840,Historical,859800,0,0,S,4,1,1267167,150.95,2009,18,5.98,38.98
58841,Historical,618549,0,0,S,2,1,19279,38.25,2012,60,22.38,17.99
58842,Historical,627922,0,0,S,4,1,26443,38.25,2012,75,21.99,28.64
58843,Historical,873634,0,0,S,2,1,822566,8.27,2004,95,21.99,8.28
58844,Historical,734745,0,0,S,3,1,1378915,153.79,2009,22,21.99,46.53
58845,Historical,432413,1,1,S,3,1,135020,58.54,2008,74,21.99,15.63
58846,Historical,866320,0,0,S,2,1,16320,37.2,2014,25,34.43,28.42
58847,Historical,658044,0,0,S,7,1,518909,74.95,2013,20,57.86,47.34
58848,Historical,672780,0,0,S,6,1,307723,18.95,2013,77,0,8.94
58849,Historical,908919,0,0,S,7,1,129911,18.95,2014,52,0,10.96
58850,Historical,865391,0,0,S,6,1,277276,18.95,2014,38,14.15,8.69
58851,Historical,1436748,0,0,S,4,1,573956,18.95,2011,85,0,12.99
58852,Historical,866676,0,0,S,6,1,262377,18.95,2014,70,19.69,10.98
58853,Historical,285074,0,0,S,4,1,440875,18.95,2011,74,0,33.5
58854,Historical,902079,0,0,S,6,1,295478,18.95,2014,43,19.74,14.61
58855,Historical,702131,0,0,S,4,1,480483,27.95,2011,31,19.7,10.99
58856,Historical,865392,0,0,S,6,1,79421,18.95,2014,56,19.7,9
58857,Historical,672936,0,0,S,5,1,86669,18.95,2013,60,19.7,13.77
58858,Historical,1437317,0,0,S,6,1,78126,18.95,2014,77,8.82,13.99
58859,Historical,660882,1,4,S,4,1,1825,38.25,2013,118,23.99,28.57
58860,Historical,560016,1,2,S,0,0,529945,35.5,2005,55,23.99,26.93
58861,Historical,634693,0,0,S,1,0,997991,115.95,2009,22,0,0
58862,Historical,915685,0,0,S,3,1,27028,35.6,2014,44,28.72,30.49
58863,Historical,533405,0,0,S,4,1,21064,42,2012,37,32.15,27.99
58864,Historical,644895,0,0,S,3,1,466418,45.4,2011,24,24.49,34
58865,Historical,644363,0,0,S,3,1,75370,40.4,2013,44,28.93,31.25
58866,Historical,655346,0,0,S,2,1,340388,39.95,2012,13,0,0
58867,Historical,631310,0,0,S,3,1,718335,41.95,2008,23,326.29,37.51
58868,Historical,266198,0,0,S,0,0,1255901,32.5,2004,26,27.57,10.99
58869,Historical,1673245,0,0,S,6,1,70923,16.99,2007,248,0,6.95
58870,Historical,859494,0,0,S,4,1,77777,18.99,2007,43,0,0
58871,Historical,1673244,0,0,S,3,1,134193,18.99,2007,40,0,9.37
58872,Historical,2731422,0,0,S,2,1,91079,18.99,2005,57,0,10.59
58873,Historical,58322,0,0,S,6,1,192464,16.99,2007,240,4.89,7.88
58874,Historical,58321,0,0,S,5,1,24502,16.99,2003,378,4.89,11.88
58875,Historical,366583,0,0,S,5,1,902373,12.99,2005,31,0,0
58876,Historical,1439936,1,1,S,7,1,83750,164.98,2010,11,0,23.99
58877,Historical,878603,1,1,S,20,1,988911,99.99,2012,16,87.67,43.29
58878,Historical,747596,0,0,S,3,1,611889,45,2003,30,17.52,45.67
58879,Historical,1908319,0,0,S,5,1,176923,13.99,2013,60,6.99,7.98
58880,Historical,195490,1,1,S,2,1,7347,15.95,2004,629,0,9.94
58881,Historical,184035,0,0,S,1,0,3126689,174.95,2005,20,4.94,6.49
58882,Historical,1780730,0,0,S,1,0,390839,173.75,2014,22,0,128.98
58883,Historical,1780729,1,1,S,1,0,170543,173.75,2014,19,0,53.93
58884,Historical,549926,0,0,S,1,0,43882,74,2006,21,0,0
58885,Historical,107306,0,0,S,8,1,3508919,9.99,2000,36,30.83,9.99
58886,Historical,416644,0,0,S,12,1,28019,74,2012,65,30.83,55.16
58887,Historical,561015,0,0,S,2,1,76436,74.4,2005,96,9.16,23.69
58888,Historical,542340,0,0,S,2,1,99516,44.95,2005,66,6.57,27.08
58889,Historical,859985,0,0,S,10,1,370029,216.75,2010,27,0,18.89
58891,Historical,617674,0,0,S,0,0,1001927,48.95,2007,46,0,9.99
58892,Historical,126397,0,0,S,3,1,240901,49.5,2002,25,0,43.73
58893,Historical,291489,0,0,S,6,1,346489,214.95,1995,42,32.64,64.04
58894,Historical,637842,0,0,S,2,1,262878,74.95,2011,33,0,48.99
58895,Historical,132830,0,0,S,3,1,108293,55.6,2009,55,24.49,37.43
58896,Historical,2670792,0,0,S,3,1,932979,87,1997,22,9.31,99.48
58897,Historical,168926,0,0,S,2,1,23661,18.95,2010,38,0,11.48
58898,Historical,911101,0,0,S,2,1,481105,102.6,1989,8,0,90.99
58899,Historical,246362,0,0,S,3,1,477226,54.95,2004,23,0,0
58900,Historical,2062984,0,0,S,0,0,702960,29.99,2013,27,55.82,29.21
58901,Historical,532388,0,0,S,4,1,128602,79.99,1998,52,16.27,27.24
58902,Historical,54648,1,3,S,2,1,39617,73.6,2010,57,9.78,25.99
58903,Historical,117672,0,0,S,1,0,1175482,148.53,2006,80,6.26,26.19
58904,Historical,2397610,0,0,S,2,1,619432,69.95,1988,82,69.81,10.89
58905,Historical,532360,0,0,S,2,1,949457,46.95,2009,23,0,31.01
58906,Historical,124040,0,0,S,8,1,1723226,75.95,2001,26,4.44,45.87
58907,Historical,178140,0,0,S,9,1,513784,196.95,2004,51,4.44,46.86
58908,Historical,178141,0,0,S,9,1,653845,134.95,2004,35,6.8,67.53
58909,Historical,178142,0,0,S,9,1,1555081,134.95,2004,27,3.98,68.69
58910,Historical,145589,0,0,S,5,1,1583684,83.8,2006,65,6.82,33.8
58911,Historical,145588,0,0,S,5,1,466422,83.8,2006,53,0,19.49
58912,Historical,532357,0,0,S,5,1,873708,51.5,2011,39,0,23.99
58913,Historical,161921,0,0,S,4,1,2035191,0,2007,17,0,151.87
58914,Historical,247967,0,0,S,1,0,724236,67,2007,19,0,59.56
58915,Historical,735040,1,1,S,5,1,1486679,132.18,2011,16,30.98,23.98
58916,Historical,618838,0,0,S,8,1,718755,97.95,2004,38,0,0
58917,Historical,120871,0,0,S,3,1,494821,50.4,2008,16,0,0
58918,Historical,114621,0,0,S,10,1,994943,149.8,2003,32,10.38,16.98
58919,Historical,717389,0,0,S,4,1,2067192,35.95,1998,17,4.5,23.05
58920,Historical,123978,0,0,S,5,1,1486192,110.95,2001,32,4.5,23.97
58921,Historical,669113,0,0,S,0,0,117414,60,2011,18,0,32.9
58922,Historical,563236,0,0,S,2,1,386070,94.95,1998,40,62.46,57.52
58923,Historical,188189,0,0,S,2,1,409854,63,1999,111,0,23.54
58925,Historical,872469,1,4,S,7,1,34596,60.5,2014,40,40.34,47.49
58926,Historical,285305,0,0,S,3,1,283826,52.57,1999,18,0,43.98
58927,Historical,290866,1,1,S,2,1,1013371,161.95,2005,58,7.38,33.94
58928,Historical,531786,0,0,S,2,1,1018425,56.95,2012,31,38.42,38.15
58929,Historical,572514,1,1,S,1,0,263046,54.95,1993,47,0,23.99
58930,Historical,659751,0,0,S,0,0,106236,61.95,2003,26,0,47.13
58931,Historical,254448,0,0,S,1,0,614561,55.95,2010,20,0,28.59
58933,Historical,912721,0,0,S,1,0,1658071,56.95,2010,12,14.96,44.2
58934,Historical,2146757,0,0,S,0,0,1072813,20,2009,14,0,18.29
58935,Historical,1692416,0,0,S,31,1,37600,200.26,2009,6,0,148.26
58936,Historical,262742,0,0,S,3,1,453617,61.95,2008,16,0,0
58937,Historical,607570,0,0,S,3,1,768252,39.95,1997,33,34.53,19.49
58938,Historical,2103077,0,0,S,2,1,38001,35,2014,27,21.47,15.99
58939,Historical,608565,0,0,S,2,1,2023296,73.95,1998,32,14.61,49.05
58940,Historical,2596016,0,0,S,0,0,420880,57.99,1991,18,14.15,142.08
58941,Historical,864931,0,0,S,2,1,193174,27.99,2014,22,19.53,23.8
58942,Historical,195198,0,0,S,2,1,748892,27.95,2010,31,23.6,45.49
58943,Historical,299924,0,0,S,4,1,300944,59.95,2010,22,12.54,43.99
58944,Historical,1506864,0,0,S,3,1,128076,36,2013,34,0,36
58945,Historical,2562548,0,0,S,1,0,523333,151.95,1995,19,51.77,19.89
58946,Historical,618294,0,0,S,0,0,94332,34.95,2007,42,37.3,23.74
58948,Historical,657100,0,0,S,2,1,1942107,79.95,2010,19,53.99,55.97
58949,Historical,1921831,0,0,S,2,1,1474795,69.95,2009,26,67.85,30.44
58950,Historical,275397,0,0,S,3,1,6156,35,2007,36,17.84,23.33
58951,Historical,259438,0,0,S,0,0,101778,23,2006,17,17.84,43.94
58952,Historical,578620,0,0,S,2,1,618475,40.95,2004,21,0,23.83
58953,Historical,275603,1,1,S,5,1,91040,86,2011,44,0,53.19
58954,Historical,275597,0,0,S,4,1,1089614,47.5,2008,51,0,33.99
58955,Historical,275594,0,0,S,2,1,361327,59.5,2006,60,32.21,54.17
58957,Historical,198124,0,0,S,2,1,1535922,72.18,2009,18,127.03,73.52
58958,Historical,115519,0,0,S,3,1,2242803,64,2002,28,20.97,7.33
58960,Historical,124677,0,0,S,2,1,1280023,50,2006,50,11.97,46.99
58961,Historical,531224,0,0,S,2,1,1243644,21.95,2012,14,10.7,14.7
58962,Historical,913764,0,0,S,6,1,142967,36.95,2014,15,27.61,27.61
58963,Historical,2647266,0,0,S,2,1,873188,74.95,1998,21,0,33.99
58964,Historical,1473105,0,0,S,6,1,504872,45,2009,15,0,14.73
58965,Historical,917303,0,0,S,2,1,1849716,50,2006,32,0,33.68
58966,Historical,235139,1,1,S,3,1,16245,41.59,2011,24,29.18,39.11
58968,Historical,2052020,0,0,S,2,1,648730,45,2007,22,0,35.57
58969,Historical,646427,0,0,S,1,0,289495,39.95,2009,16,0,35.31
58970,Historical,60007,0,0,S,2,1,1640327,118.95,1999,32,7.97,28.99
58971,Historical,906731,0,0,S,2,1,329237,130.6,2008,36,10.24,93.15
58972,Historical,113850,0,0,S,8,1,455608,122,2000,29,10.24,49.63
58973,Historical,176840,0,0,S,5,1,8329,353.95,2000,75,16.96,60.7
58974,Historical,232351,0,0,S,0,0,702758,97.95,1997,34,60.66,88.5
58976,Historical,763488,0,0,S,2,1,2165125,130.95,1997,22,153.98,18.99
58977,Historical,1466535,0,0,S,1,0,283746,49.99,2015,12,0,23.99
58978,Historical,907000,0,0,S,2,1,545773,64.95,2001,22,109.05,41.45
58979,Historical,114293,0,0,S,6,1,484219,106.67,2001,45,123.99,72.75
58980,Historical,620934,0,0,S,2,1,632209,74.95,1997,69,78.25,48.97
58981,Historical,174984,0,0,S,1,0,955222,54.99,2008,27,0,0
58982,Historical,213212,0,0,S,2,1,858641,49.95,2006,23,48.13,41.05
58983,Historical,51503,1,5,S,6,1,109261,114,2005,90,122.9,31.67
58984,Historical,108071,1,1,S,5,1,856313,16.96,2002,31,122.9,16.96
58985,Historical,617716,0,0,S,2,1,87248,133.77,2000,43,13.02,69.87
58986,Historical,1537568,0,0,S,1,0,510796,43.95,2006,34,37.45,37.46
58987,Historical,1549929,0,0,S,0,0,629045,57.95,2013,15,0,45.54
58988,Historical,113704,1,1,S,1,0,318376,116.6,2005,63,105.83,93.33
58989,Historical,125546,0,0,S,1,0,235732,37.95,1998,85,28.97,17.96
58990,Historical,2594903,0,0,S,0,0,198216,44.99,1986,18,0,39.3
58991,Historical,628904,0,0,S,3,1,694106,40,2004,20,23.43,35.16
58992,Historical,1768649,0,0,S,1,0,543766,44.99,2014,15,0,34.97
58993,Historical,58427,0,0,S,2,1,639068,83.95,2008,28,53.38,15.94
58994,Historical,1833779,0,0,S,0,0,1425748,19.99,2008,17,59.16,20.38
58995,Historical,912135,1,1,S,6,1,944954,174,2014,31,132.94,88.77
58996,Historical,877922,1,1,S,6,1,502907,168.67,2014,31,102.96,77.05
58997,Historical,246174,0,0,S,3,1,219421,47.95,2002,26,14.9,32.99
58998,Historical,644260,0,0,S,2,1,624662,68.95,1997,14,0,41.11
58999,Historical,912401,0,0,S,2,1,33590,49.95,2013,37,45.56,43.35
59000,Historical,545855,0,0,S,3,1,328165,38.95,2013,13,27.05,29.38
59001,Historical,247853,0,0,S,0,0,318044,44.95,2007,25,0,9.78
59002,Historical,184024,0,0,S,2,1,2652909,162.95,2004,37,53.99,6.81
59003,Historical,2311453,0,0,S,4,1,2903155,23.86,1988,36,75.18,33.99
59004,Historical,592035,0,0,S,2,1,368716,71,2006,20,0,0
59005,Historical,253944,0,0,S,3,1,1479293,196.95,2010,46,11.28,12.37
59006,Historical,611732,0,0,S,3,1,381102,37.95,2014,12,30.73,29.78
59007,Historical,2021126,0,0,S,2,1,340355,71.95,2007,16,35.2,93.55
59008,Historical,2776327,0,0,S,1,0,251106,39.95,1989,73,0,21.94
59009,Historical,1693219,0,0,S,3,1,533001,39.95,2012,18,33.48,23.05
59010,Historical,153816,1,1,S,2,1,348093,11.75,2011,23,0,0
59011,Historical,915006,0,0,S,3,1,1999147,61.1,2000,26,71.39,46.99
59012,Historical,148663,1,1,S,1,0,102250,68.95,2008,72,0,10.99
59013,Historical,261578,0,0,S,5,1,771074,10.49,2001,66,42.4,10.49
59015,Historical,543819,0,0,S,3,1,1654065,51.95,2011,9,0,23.89
59016,Historical,175098,0,0,S,2,1,92886,54.99,2009,45,4,34.97
59017,Historical,233346,0,0,S,7,1,22220,27.79,2007,25,0,40.93
59018,Historical,863459,0,0,S,1,0,324350,39.95,2007,28,31.81,40.52
59019,Historical,298486,0,0,S,6,1,756155,188.95,2007,30,33.99,69.32
59020,Historical,212277,0,0,S,0,0,235920,50,2003,39,26.41,125.07
59021,Historical,2675764,0,0,S,3,1,501487,49.85,1993,39,53.73,72.35
59022,Historical,2383408,0,0,S,2,1,834920,121.4,1989,35,68.98,45.98
59023,Historical,544892,0,0,S,2,1,731708,55.95,2011,21,37.54,43.7
59024,Historical,299747,0,0,S,3,1,270471,55,2007,28,22.98,50.04
59025,Historical,639728,0,0,S,2,1,235169,79.95,2013,71,33.5,44.99
59028,Historical,917223,0,0,S,2,1,294882,44.99,2006,112,28.99,37.99
59029,Historical,173617,0,0,S,2,1,383283,49.99,1996,73,8,29.96
59031,Historical,118210,0,0,S,4,1,1477826,79.6,2001,38,39.01,66.4
59032,Historical,1486759,0,0,S,3,1,1149914,39,2013,22,28.99,29.87
59033,Historical,1840642,0,0,S,2,1,547637,42.95,2008,31,17.41,22.84
59034,Historical,1780199,0,0,S,4,1,62118,46.95,2014,28,27.84,27.87
59035,Historical,889937,0,0,S,1,0,905477,59.99,2006,18,0,43.68
59036,Historical,246774,0,0,S,2,1,878195,48.95,2010,31,32.15,32.32
59037,Historical,917104,0,0,S,3,1,698680,36.95,1998,22,26.78,22.99
59038,Historical,901570,0,0,S,3,1,3489247,110,2004,9,0,75.82
59039,Historical,591623,0,0,S,2,1,587122,66.95,2005,28,28.98,43.05
59040,Historical,184512,0,0,S,2,1,1210306,55.95,2003,49,16.54,94.17
59041,Historical,162935,0,0,S,3,1,35360,39.95,2011,37,18.87,22.66
59042,Historical,529636,0,0,S,4,1,359275,91.4,2012,38,34.28,74.63
59043,Historical,114174,0,0,S,2,1,1910352,49.67,2000,22,34.28,48.95
59045,Historical,747066,0,0,S,4,1,1151058,61.1,2008,20,67.17,89.7
59046,Historical,555589,0,0,S,3,1,418277,94.95,2006,18,0,0
59048,Historical,607572,0,0,S,5,1,3675164,29.95,1999,51,24.83,11.74
59049,Historical,618665,0,0,S,1,0,311657,43.95,1997,52,8.66,19.09
59050,Historical,915379,0,0,S,0,0,1568012,140,1995,29,8.66,30.04
59051,Historical,893054,0,0,S,0,0,399138,35,2015,16,29.93,26.74
59052,Historical,246717,0,0,S,4,1,119859,65.95,2009,27,0,0
59053,Historical,127383,0,0,S,8,1,79501,62.95,2010,25,25.28,50.47
59054,Historical,271738,0,0,S,2,1,127674,39.95,2003,60,33.97,32.73
59055,Historical,246555,0,0,S,2,1,1054088,133.95,2006,19,0,118.14
59056,Historical,918571,0,0,S,4,1,694347,98.95,1991,46,8.92,41.96
59057,Historical,917536,0,0,S,4,1,310378,65,1985,43,35.89,32.82
59058,Historical,637700,0,0,S,2,1,183046,49.95,2012,44,27.23,39.73
59059,Historical,721836,0,0,S,1,0,169025,44.95,2009,26,0,41.26
59061,Historical,874323,0,0,S,2,1,1960908,51,1999,100,30.94,11.58
59062,Historical,109723,1,1,S,10,1,670422,142.18,2006,39,49.91,152.25
59063,Historical,703859,1,1,S,9,1,2206271,28.99,2001,24,120.52,18.99
59064,Historical,174918,1,1,S,2,1,155557,34.99,2006,59,14.56,25.97
59065,Historical,172427,0,0,S,2,1,721942,69.99,2002,43,35.34,39.98
59066,Historical,618677,0,0,S,2,1,261807,46.95,1994,60,12.7,39.53
59067,Historical,157063,0,0,S,2,1,1093907,51.95,2005,26,37.21,41.46
59068,Historical,185195,0,0,S,1,0,59507,45,2011,63,0,34.98
59069,Historical,156501,0,0,S,0,0,447257,63.95,1998,28,0,53.94
59070,Historical,553423,0,0,S,2,1,155913,175.4,1992,41,10.48,52.9
59071,Historical,182785,0,0,S,7,1,344353,124.75,2002,47,122.94,51.29
59072,Historical,633763,1,1,S,11,1,165326,67.5,2013,22,0,0
59073,Historical,1946540,1,2,S,11,1,32673,53.5,2013,10,0,55.97
59074,Historical,878617,0,0,S,11,1,398379,93.75,2013,18,67.5,75.32
59075,Historical,1946541,1,3,S,11,1,102449,53.5,2013,8,0,86.21
59077,Historical,206464,0,0,S,3,1,254403,75,2010,21,5.39,45.06
59078,Historical,735074,0,0,S,9,1,1106489,108.5,2011,28,123.77,74.62
59079,Historical,183730,0,0,S,9,1,521705,130.99,2007,24,123.77,48.72
59080,Historical,142165,0,0,S,9,1,487303,263.01,2011,31,24.83,94.2
59081,Historical,246588,0,0,S,2,1,59413,51.95,2009,33,35.78,35.47
59082,Historical,109655,0,0,S,1,0,268591,173.75,2006,45,123.22,46.21
59083,Historical,599737,0,0,S,0,0,1142821,19.99,2004,35,0,13.03
59084,Historical,528712,0,0,S,2,1,2004109,65.95,2008,24,8.11,20.13
59085,Historical,528711,0,0,S,5,1,219208,100.95,2009,31,5.69,76.79
59086,Historical,650119,0,0,S,7,1,673274,224.95,1991,25,45.29,157.74
59087,Historical,546571,1,1,S,0,0,203356,35,2008,84,28.99,18
59088,Historical,720933,0,0,S,0,0,547015,99,2003,86,7.92,13.84
59089,Historical,642245,0,0,S,3,1,296245,47.95,2012,22,34.91,28.91
59090,Historical,2155214,0,0,S,0,0,398710,9.95,2006,66,37.47,8.6
59091,Historical,916600,0,0,S,0,0,234152,53.15,1976,25,0,55.98
59092,Historical,134715,0,0,S,6,1,217060,14,1996,721,11.35,4
59093,Historical,2091010,0,0,S,3,1,28193,99.95,2013,30,63.19,63.13
59095,Historical,112944,0,0,S,2,1,105451,113,2001,72,0,74.24
59096,Historical,113157,0,0,S,2,1,885583,89.95,2008,27,4,58.4
59097,Historical,169193,1,1,S,1,0,68420,306.95,2006,56,0,87.98
59098,Historical,194799,0,0,S,5,1,479687,92,2001,38,20.28,76.78
59099,Historical,753218,0,0,S,3,1,980234,30.13,2009,18,107.94,43.95
59100,Historical,652233,0,0,S,5,1,211020,95,2013,19,0,0
59101,Historical,145401,0,0,S,2,1,523682,111,2006,36,9.98,53.93
59102,Historical,56348,0,0,S,3,1,290941,75,1998,153,60.01,16.94
59104,Historical,554816,0,0,S,0,0,188751,13.95,2003,53,40.82,11.01
59105,Historical,2906443,0,0,S,5,1,113536,43.73,2000,31,0,44.23
59106,Historical,527874,1,1,S,7,1,703970,121.95,2008,33,62.84,121.95
59107,Historical,1554385,1,1,S,3,1,333707,58.95,2014,13,0,49.14
59108,Historical,555431,0,0,S,0,0,731544,49.95,2000,35,0,20.48
59109,Historical,154266,1,4,S,2,1,164641,111.25,1999,52,15.85,59.13
59110,Historical,127405,0,0,S,30,1,882546,29.95,2008,41,5.45,8.48
59111,Historical,126996,1,1,S,1,0,310704,39.99,2007,25,27.99,29.98
59113,Historical,246609,0,0,S,2,1,37481,51.95,2009,39,30.83,32.13
59114,Historical,147941,0,0,S,2,1,610473,208.95,2003,30,4.71,66.58
59116,Historical,861854,1,1,S,10,1,35091,144.95,2014,58,62.33,93.99
59117,Historical,462001,0,0,S,8,1,78345,232.95,2007,51,46.79,39.36
59118,Historical,1490213,0,0,S,2,1,508343,49.95,2012,12,0,36.67
59120,Historical,235105,0,0,S,0,0,263237,66.35,2005,16,0,63.99
59121,Historical,165510,0,0,S,2,1,376957,43.99,2003,22,12,48.99
59123,Historical,2120397,0,0,S,6,1,1326605,29.95,2010,22,74.38,92.72
59124,Historical,141582,0,0,S,1,0,492674,7.99,2003,61,25.98,9.48
59125,Historical,527147,0,0,S,5,1,212131,61.6,2010,45,27.13,39.98
59126,Historical,288286,0,0,S,5,1,126480,7.07,2006,164,27.53,6.63
59127,Historical,652493,1,1,S,6,1,62400,73.67,2012,42,0,0
59128,Historical,54244,1,1,S,4,1,58557,11.07,2003,255,29.76,6.94
59129,Historical,1730355,0,0,S,0,0,142615,17.95,2006,80,33.94,10.06
59131,Historical,2099858,0,0,S,2,1,1594203,65,2014,16,41.86,44.75
59132,Historical,631148,0,0,S,4,1,859705,102.99,2008,26,35.14,64.23
59133,Historical,660637,0,0,S,7,1,66571,59.99,2014,32,28.05,34.37
59134,Historical,2242566,0,0,S,2,1,717591,54.99,2015,11,0,46.19
59135,Historical,116785,0,0,S,1,0,369117,49.99,2005,20,0,0
59136,Historical,613550,0,0,S,3,1,425825,158.6,1994,96,3.99,41.05
59138,Historical,128811,0,0,S,2,1,137728,68.95,2002,18,0,0
59140,Historical,612641,0,0,S,1,0,59363,64.99,2012,21,0,50.08
59141,Historical,765533,0,0,S,7,1,3531213,48.95,2002,24,31.54,23.89
59143,Historical,644653,0,0,S,2,1,129559,85.25,2012,31,66.04,52.91
59144,Historical,526984,0,0,S,2,1,648933,78.95,2001,21,10.94,12.35
59145,Historical,231553,0,0,S,3,1,152975,56.95,2000,24,48.4,57.51
59147,Historical,664898,0,0,S,5,1,180839,44.99,2013,25,20.28,33.05
59148,Historical,887359,0,0,S,4,1,346587,42,2015,20,73.22,30.95
59149,Historical,161844,1,1,S,7,1,177683,150,2007,41,18.99,53.14
59150,Historical,526982,0,0,S,2,1,1241926,57.95,2008,16,33.92,56.74
59151,Historical,655326,0,0,S,1,0,824966,64,2012,18,0,54.35
59152,Historical,110742,1,2,S,7,1,65953,148,2007,62,4.39,43.84
59153,Historical,246716,0,0,S,1,0,483239,75.95,2010,15,0,42.8
59154,Historical,608704,0,0,S,5,1,611983,49.95,2005,34,4.99,39.44
59156,Historical,642907,0,0,S,2,1,3144461,75,2006,13,0,107.78
59158,Historical,622736,0,0,S,2,1,345673,64.95,2007,24,0,56.64
59159,Historical,232784,0,0,S,2,1,272232,22.95,2005,14,0,0
59160,Historical,108671,0,0,S,3,1,412974,25.98,2003,37,5.23,23.97
59161,Historical,108670,0,0,S,3,1,158298,60.11,2003,32,11.47,43.33
59162,Historical,126304,0,0,S,0,0,277824,45,2001,34,0,37.37
59164,Historical,652399,0,0,S,3,1,22011,62.99,2013,55,26.74,36.21
59165,Historical,285939,0,0,S,5,1,566071,51.6,2002,66,56.81,7.98
59166,Historical,145510,0,0,S,4,1,560483,104.6,2006,32,77.59,83.53
59168,Historical,54988,0,0,S,6,1,1257469,44.4,2006,67,0,13.69
59169,Historical,288518,0,0,S,4,1,472786,82.2,2001,45,4,26.49
59170,Historical,683580,0,0,S,2,1,43446,29.95,2013,42,27.14,28.99
59171,Historical,908279,0,0,S,4,1,586394,42.95,2014,37,27.09,31.84
59172,Historical,132837,0,0,S,10,1,729169,77.8,2008,27,60.98,93.93
59173,Historical,655368,0,0,S,1,0,406208,70.95,2012,31,0,13.99
59174,Historical,1495068,0,0,S,1,0,1534224,7.99,2007,85,42.55,8.84
59175,Historical,125348,0,0,S,0,0,58414,69.95,1997,40,0,41.99
59176,Historical,121098,0,0,S,2,1,205264,83.4,1997,26,10.89,45.36
59177,Historical,599089,0,0,S,2,1,655449,89.95,2005,33,132.27,71.96
59178,Historical,760442,0,0,S,2,1,1394989,122,2005,24,132.27,47.69
59179,Historical,666705,0,0,S,2,1,451980,49.95,2012,38,0,43.94
59180,Historical,525965,0,0,S,3,1,1169176,142.95,2010,31,33.39,55.93
59181,Historical,54926,0,0,S,10,1,1026497,27.95,2006,131,23.36,5.23
59182,Historical,1658604,0,0,S,6,1,1131660,45,2010,19,0,108.23
59183,Historical,657803,0,0,S,1,0,315527,129.95,1973,37,17.99,69.04
59184,Historical,561561,1,1,S,9,1,566685,229.2,2012,35,36.99,180.33
59185,Historical,540543,0,0,S,8,1,1770903,174,2008,20,4.99,120.19
59186,Historical,210108,0,0,S,0,0,112352,39.99,2007,35,28.99,29.45
59187,Historical,58176,0,0,S,3,1,13681,54.99,2009,105,24.83,13.99
59188,Historical,861858,0,0,S,2,1,674628,95.95,2014,33,14.28,23.99
59189,Historical,256318,0,0,S,3,1,579527,49.95,2006,17,0,0
59190,Historical,866791,0,0,S,3,1,31384,50.4,2014,15,33.98,44.06
59192,Historical,633256,0,0,S,8,1,669999,85,2010,27,0,16.38
59193,Historical,51927,0,0,S,3,1,1888017,28.93,2005,60,101.99,21.62
59194,Historical,2459497,0,0,S,1,0,494190,15.99,2005,143,0,5.99
59196,Historical,539520,0,0,S,2,1,716490,39.99,2012,43,33.37,52.72
59197,Historical,61208,0,0,S,5,1,1307467,128.95,2001,34,181.77,30.99
59199,Historical,555983,0,0,S,2,1,103925,49.95,1978,70,0,30.99
59200,Historical,1573615,0,0,S,4,1,157107,24.95,2011,28,62.48,17.12
59201,Historical,110743,0,0,S,5,1,1020755,7.99,2007,48,13.03,7.04
59202,Historical,634873,0,0,S,2,1,88080,88.4,2011,34,51.21,63.27
59203,Historical,166692,0,0,S,2,1,85049,40,2005,67,4,26
59204,Historical,861137,0,0,S,2,1,839261,80,2013,56,45.75,60.62
59205,Historical,393722,0,0,S,2,1,326434,31,2011,26,20.65,21.83
59207,Historical,663839,0,0,S,2,1,53685,76.75,2013,52,50.13,46.99
59208,Historical,649038,0,0,S,2,1,214308,35.95,2009,15,0,22.49
59209,Historical,165438,0,0,S,2,1,859548,85,2001,45,39.8,47.07
59210,Historical,656904,0,0,S,3,1,1368775,39.99,2012,21,29.7,28.64
59211,Historical,129371,0,0,S,1,0,294483,34.95,2010,34,31.43,17.1
59212,Historical,534826,0,0,S,2,1,361556,38.75,2007,25,0,0
59213,Historical,525032,0,0,S,2,1,49908,85,2008,81,20.02,28.98
59214,Historical,55047,0,0,S,4,1,12366,45,2008,64,30.06,33.98
59215,Historical,114597,0,0,S,4,1,2088990,74,2002,80,82.24,9.26
59216,Historical,1451920,1,1,S,3,1,272161,45.32,2014,38,44.5,30.22
59217,Historical,144309,0,0,S,9,1,140119,120.4,2001,34,0,0
59218,Historical,61163,0,0,S,5,1,120918,4,2003,414,71.64,5.63
59220,Historical,2268468,0,0,S,4,1,618432,97.65,2011,24,0,66.86
59221,Historical,173898,0,0,S,4,1,365846,45,2005,82,9.31,28.46
59222,Historical,110264,0,0,S,3,1,49812,132,2009,57,44.87,66.77
59223,Historical,212494,0,0,S,3,1,400183,109.8,2004,17,15.5,72.39
59224,Historical,531711,1,1,S,3,1,13797,39.99,2012,93,23.67,21.68
59225,Historical,3635053,0,0,S,4,1,155849,49.95,2016,0,0,28.4
59226,Historical,533196,0,0,S,8,1,68082,50,2012,27,24.33,25.46
59227,Historical,386899,0,0,S,3,1,3855778,189.95,2005,34,41.16,3.99
59228,Historical,1481069,0,0,S,2,1,564114,153.33,2012,52,0,38.99
59229,Historical,1483024,0,0,S,2,1,223017,203.8,2012,34,42.91,9.14
59230,Historical,626385,0,0,S,6,1,25622,63.95,2007,15,0,0
59231,Historical,866665,0,0,S,3,1,84092,79,2014,22,46.48,45.52
59232,Historical,866664,0,0,S,3,1,13975,79,2014,26,48.96,41.98
59233,Historical,106781,0,0,S,2,1,1101727,43,2010,26,234.53,28.98
59234,Historical,533191,0,0,S,2,1,920010,80,2010,29,46.48,63.03
59235,Historical,573718,0,0,S,2,1,731175,43.95,1979,50,0,0
59236,Historical,642898,0,0,S,2,1,507251,36.95,2006,29,14.16,25.69
59237,Historical,639235,0,0,S,6,1,354015,44.95,2009,23,19.98,36.23
59238,Historical,145568,1,1,S,3,1,179325,31.8,2006,54,12.97,26.42
59239,Historical,752955,0,0,S,1,0,282540,60,2010,23,0,35.68
59240,Historical,131390,0,0,S,1,0,643951,208.8,2002,43,0,0
59241,Historical,55302,0,0,S,3,1,1892469,178.95,2004,56,182.15,11.04
59242,Historical,537568,1,2,S,7,1,6788,107.95,2012,76,107.54,74.99
59243,Historical,876168,0,0,S,3,1,100084,166.67,2013,42,113.9,103.51
59244,Historical,50072,0,0,S,5,1,1081966,13.82,2003,107,145.98,9.68
59245,Historical,697965,0,0,S,5,1,2997550,60.75,2007,19,37.25,73.98
59246,Historical,875961,0,0,S,2,1,682418,126,2011,19,113.9,21.99
59247,Historical,877269,0,0,S,8,1,9745768,74.5,1995,27,4.77,11.51
59248,Historical,285134,0,0,S,9,1,217787,112.55,2004,100,15.69,40.89
59249,Historical,290938,0,0,S,5,1,1991420,171.95,2008,16,114.99,51.98
59250,Historical,608324,0,0,S,8,1,2882271,28.98,2001,52,43.43,28.98
59251,Historical,54758,0,0,S,9,1,2270160,16.95,2003,61,43.43,15.85
59252,Historical,54012,0,0,S,11,1,301605,188.67,2004,136,4.77,33.99
59253,Historical,539109,0,0,S,11,1,1421517,51.4,2004,34,4.77,28.94
59254,Historical,446495,0,0,S,2,1,350283,130.75,2008,15,5.98,95.79
59255,Historical,111056,0,0,S,9,1,927917,303.5,2008,44,15.69,69.98
59256,Historical,289442,0,0,S,4,1,913166,59.29,2001,97,0,36.99
59257,Historical,616407,0,0,S,4,1,1305827,106.5,2001,50,0,23.98
59259,Historical,625833,0,0,S,2,1,460775,126,2010,19,10.18,38.99
59260,Historical,51289,0,0,S,2,1,40350,179,2010,112,10.18,23.92
59261,Historical,117903,0,0,S,6,1,3973883,35.2,2005,23,123.47,28.39
59262,Historical,155199,0,0,S,1,0,437120,62.95,1998,43,0,0
59263,Historical,117743,0,0,S,5,1,1638742,139.93,2006,68,125.94,8.99
59264,Historical,1658010,0,0,S,1,0,929847,123.9,2009,16,4.33,120.79
59265,Historical,248268,0,0,S,2,1,749541,64,2011,17,38.82,51.47
59266,Historical,867393,0,0,S,4,1,14045,50,2014,50,25.24,26.48
59267,Historical,57120,0,0,S,8,1,2956846,79.2,1999,55,47.61,12.49
59268,Historical,797662,0,0,S,1,0,254640,211.95,2005,33,18.11,61.63
59269,Historical,148861,0,0,S,1,0,25368,36.88,2004,36,0,0
59270,Historical,126371,1,1,S,1,0,193229,37.95,2002,46,0,0
59271,Historical,141985,0,0,S,2,1,97200,23,2010,28,0,0
59272,Historical,546790,1,1,S,10,1,22503,107.99,2013,69,37.86,63.99
59273,Historical,863415,1,2,S,2,1,1269578,72.25,2006,64,0,13.98
59274,Historical,577863,0,0,S,5,1,42334,21.99,2009,41,0,0
59275,Historical,2045158,0,0,S,2,1,234915,59.95,2007,49,0,14.36
59276,Historical,143682,0,0,S,0,0,560,15.99,2009,298,0,7.78
59277,Historical,644039,0,0,S,2,1,267573,63.95,2008,41,62.45,60.78
59278,Historical,165165,0,0,S,3,1,324889,125.95,1996,38,0,0
59279,Historical,262704,0,0,S,3,1,186958,74.95,2006,42,62.77,64.62
59280,Historical,1533876,0,0,S,2,1,2043402,69.95,2007,23,54.25,48.97
59281,Historical,253943,0,0,S,3,1,882199,106.95,2010,34,13.91,21.99
59282,Historical,867895,0,0,S,7,1,39759,72.95,2014,27,49.9,63.98
59283,Historical,565887,0,0,S,2,1,356570,76,2008,25,49.32,46.73
59285,Historical,642032,0,0,S,2,1,389233,43.5,2013,50,20.83,32
59288,Historical,637725,0,0,S,2,1,251120,50,2012,60,0,24.62
59289,Historical,535908,0,0,S,2,1,54358,43.5,2012,32,0,26.98
59290,Historical,631776,0,0,S,2,1,542324,55,2006,18,0,0
59291,Historical,144346,0,0,S,1,0,234643,63.2,2009,25,0,0
59292,Historical,117850,1,1,S,0,0,297440,109.27,2004,47,0,0
59293,Historical,619971,0,0,S,3,1,118804,42.5,2013,74,16.99,33.63
59294,Historical,133013,0,0,S,3,1,474696,106.2,2011,38,8.48,27.55
59295,Historical,909089,0,0,S,4,1,393833,44.95,2014,20,41.98,34.64
59296,Historical,144639,0,0,S,0,0,547366,111.8,2004,34,0,0
59297,Historical,679474,0,0,S,3,1,9665,27,2012,49,20.52,24.37
59298,Historical,533179,1,2,S,3,1,63865,74.99,2009,47,22.39,32.85
59300,Historical,546801,0,0,S,2,1,34794,55,2011,61,31.46,34.65
59301,Historical,145789,0,0,S,6,1,1719416,125.4,2007,31,5.39,44.62
59302,Historical,565729,0,0,S,1,0,833355,49.99,2007,68,0,0
59303,Historical,534176,0,0,S,1,0,245893,49.99,2010,18,0,0
59306,Historical,635567,0,0,S,1,0,51240,39.99,2013,75,25.9,25.79
59307,Historical,613715,0,0,S,0,0,596222,49.99,2003,65,0,7.66
59308,Historical,129459,1,1,S,0,0,278290,44.99,2011,42,14.7,30.85
59309,Historical,921369,0,0,S,1,0,116966,34.99,2007,87,13.73,12.93
59310,Historical,2635590,0,0,S,2,1,472533,49.95,2004,38,7.97,49.29
59311,Historical,608714,0,0,S,3,1,541126,39.99,2002,71,4,13
59312,Historical,286535,0,0,S,1,0,34879,55.8,2010,27,0,0
59313,Historical,663676,0,0,S,13,1,1240907,102,2013,26,97.6,69.33
59314,Historical,52574,0,0,S,8,1,3866329,82.67,2003,50,97.6,11.39
59315,Historical,763658,0,0,S,3,1,868259,109.95,1998,34,5.97,56.01
59316,Historical,247627,0,0,S,2,1,686589,31.95,2005,27,0,0
59317,Historical,542512,0,0,S,3,1,101218,56.95,2014,16,34.24,41.87
59318,Historical,231680,0,0,S,12,1,910747,165.09,2000,16,16.63,91.35
59319,Historical,231679,0,0,S,12,1,920962,157.24,2000,34,0,0
59320,Historical,613204,0,0,S,1,0,492086,49.95,2006,74,0,0
59321,Historical,890746,0,0,S,3,1,509695,54.6,2011,7,6.2,48.78
59322,Historical,2043126,0,0,S,2,1,331942,84.95,2011,20,0,38.89
59323,Historical,147792,0,0,S,20,1,1198704,226.95,2001,146,222,15.94
59324,Historical,51324,1,1,S,11,1,490850,225.95,2010,67,6.49,54.49
59326,Historical,658163,0,0,S,5,1,260784,43,2012,29,35.99,43
59327,Historical,373596,0,0,S,5,1,390763,29.95,2008,18,0,0
59328,Historical,760181,0,0,S,3,1,1158043,69,2003,29,70.26,11.47
59329,Historical,860570,0,0,S,5,1,243715,243.25,2012,34,64.59,117.79
59330,Historical,2271627,0,0,S,9,1,2485581,35.05,2010,44,13.86,20.07
59331,Historical,178693,0,0,S,11,1,856928,244.95,2010,30,6.49,133.9
59332,Historical,51323,0,0,S,10,1,1334025,225.95,2007,56,6.49,67.89
59333,Historical,51322,0,0,S,9,1,3463260,177.95,2004,51,6.49,11.74
59334,Historical,52322,0,0,S,22,1,1010833,433.95,2006,109,222,23.75
59335,Historical,570477,0,0,S,24,1,207110,247.95,2011,28,0,30.97
59336,Historical,120735,0,0,S,8,1,762262,173.33,2008,35,0,48.62
59337,Historical,106869,0,0,S,2,1,77286,22,2011,62,0,0
59338,Historical,533164,0,0,S,2,1,47800,41.95,2011,49,24.49,27.24
59339,Historical,108889,0,0,S,5,1,1557862,24.99,2005,35,66.16,24.99
59340,Historical,544077,0,0,S,5,1,13422,24.99,2013,48,13.24,12.95
59341,Historical,201392,0,0,S,3,1,1041492,21.99,2004,80,13.24,7.97
59342,Historical,533163,0,0,S,4,1,282616,21.99,2008,86,13.24,9.39
59343,Historical,756673,0,0,S,2,1,1471811,135,2002,35,30.59,49.41
59344,Historical,549869,0,0,S,12,1,719771,123.12,2000,36,141.99,30.11
59345,Historical,106070,0,0,S,1,0,148665,69,2004,23,0,0
59346,Historical,339040,0,0,S,2,1,4446550,23.98,2006,31,66.07,23.98
59347,Historical,535817,0,0,S,2,1,8088,284.75,2013,79,48.41,61.85
59349,Historical,54765,0,0,S,5,1,2293901,323.95,2006,39,176.41,13.69
59350,Historical,544001,0,0,S,11,1,175240,75,2013,32,0,54.8
59351,Historical,544002,0,0,S,11,1,956294,75,2013,18,25.18,54.66
59352,Historical,244293,0,0,S,10,1,953516,212.5,2011,34,0,43.99
59353,Historical,162594,0,0,S,9,1,1407733,22.98,2008,55,0,17.94
59354,Historical,161805,0,0,S,0,0,614758,4.68,2007,50,0,8.99
59355,Historical,60028,0,0,S,8,1,2577506,13.28,2007,39,27.06,22.75
59356,Historical,544003,0,0,S,11,1,1110081,89,2013,17,0,34.99
59357,Historical,244359,0,0,S,4,1,568190,122.25,2011,26,4.77,73.99
59358,Historical,54110,0,0,S,7,1,1636735,6.99,2005,85,60.99,6.99
59359,Historical,108161,0,0,S,6,1,1674686,4.89,2003,61,60.99,4.96
59360,Historical,166379,0,0,S,2,1,1657258,215,2004,38,20.45,106.44
59361,Historical,2363919,0,0,S,0,0,254346,52.2,1992,23,0,41.61
59362,Historical,2143540,0,0,S,3,1,249405,91,2011,24,0,240.21
59363,Historical,533149,0,0,S,2,1,197266,30,2012,33,13.73,19.64
59364,Historical,602642,0,0,S,4,1,46916,63.33,2010,35,0,0
59366,Historical,2066877,0,0,S,4,1,475392,79.95,2009,22,0,42.63
59367,Historical,293978,0,0,S,2,1,343778,47.95,2009,20,0,0
59368,Historical,3012248,0,0,S,1,0,1211964,50,1991,55,36.66,16.15
59369,Historical,260014,0,0,S,2,1,763659,118.75,2009,39,5.83,33.97
59370,Historical,533147,0,0,S,2,1,13113,22.95,2010,69,14.2,15.87
59371,Historical,2105379,0,0,S,4,1,73475,38,2014,30,39.99,35.37
59372,Historical,737738,0,0,S,2,1,247553,32,2008,44,39.99,38.84
59373,Historical,560486,0,0,S,2,1,448898,38,2013,17,47.37,41.98
59374,Historical,560399,0,0,S,2,1,987578,35,2009,19,0,13.95
59376,Historical,737819,0,0,S,1,0,928180,35,2009,27,25.39,31.99
59377,Historical,647045,0,0,S,2,1,81935,36,2012,32,21.99,35.76
59378,Historical,737820,0,0,S,1,0,805941,35,2009,26,30.4,58.84
59380,Historical,533145,1,1,S,4,1,81772,34.95,2012,83,11.36,24.68
59381,Historical,533144,0,0,S,2,1,43695,50.99,2012,23,31.5,29.44
59382,Historical,135524,0,0,S,4,1,383799,70.95,2009,31,50.93,41.64
59383,Historical,642908,0,0,S,2,1,2940754,94.99,2009,21,50.24,54.99
59384,Historical,870526,1,1,S,4,1,2519183,41,1998,33,77.04,28.99
59385,Historical,133270,1,1,S,8,1,39999,103.8,2010,39,77.04,68.99
59386,Historical,1866763,0,0,S,9,1,84208,65,2013,18,0,39.81
59387,Historical,294584,0,0,S,2,1,16583,24.99,2009,38,0,0
59388,Historical,224887,0,0,S,3,1,64317,63,2006,51,26.99,43.4
59390,Historical,546794,0,0,S,4,1,16662,49.99,2013,94,25.59,33.54
59391,Historical,204068,0,0,S,1,0,223557,96.99,2011,15,0,0
59392,Historical,546795,0,0,S,9,1,3787,46.99,2013,91,28.94,34.5
59393,Historical,2866372,0,0,S,2,1,3216701,45,1992,32,50.41,4.37
59394,Historical,533143,0,0,S,4,1,50979,75,2012,46,50.41,36.41
59395,Historical,633758,0,0,S,2,1,52267,89.99,2013,79,44.79,38.99
59396,Historical,545674,0,0,S,4,1,23012,51.99,2013,124,30.98,24
59397,Historical,546796,0,0,S,7,1,24789,77.99,2013,80,38.02,41.05
59398,Historical,203919,0,0,S,2,1,160570,67.99,2009,36,33.79,40.82
59399,Historical,270989,1,1,S,1,0,59699,75.99,2011,44,53.99,38.56
59401,Historical,533142,0,0,S,2,1,252082,65,2009,46,5.46,43.97
59402,Historical,893062,0,0,S,6,1,81220,29.99,2015,15,0,0
59403,Historical,546295,0,0,S,1,0,8191,39.95,2009,22,0,0
59404,Historical,112026,0,0,S,6,1,31555,158.61,2011,67,42.95,103.13
59405,Historical,533139,0,0,S,2,1,415376,47.95,2012,9,37.92,37.78
59406,Historical,2322924,0,0,S,2,1,2703585,63.95,1992,52,37.33,14.99
59407,Historical,608616,0,0,S,4,1,665610,136.95,2005,52,37.33,19.88
59408,Historical,2019626,0,0,S,5,1,1019174,53.95,2010,27,57.57,54.68
59409,Historical,876700,0,0,S,0,0,1037402,16.95,2011,44,126.6,16.85
59410,Historical,658514,0,0,S,7,1,122544,34,2009,50,30.03,32
59411,Historical,652404,0,0,S,4,1,80220,68,2013,35,59.05,46.21
59412,Historical,612601,0,0,S,4,1,82986,65,2013,64,53.98,48.57
59413,Historical,199031,0,0,S,2,1,1841986,44.95,1999,56,59.05,7.98
59414,Historical,865903,0,0,S,2,1,1234142,62,2009,21,0,33.61
59415,Historical,552328,0,0,S,1,0,214177,73,2012,24,0,0
59416,Historical,116071,0,0,S,2,1,2925325,51.8,2004,33,19.68,5.74
59417,Historical,120373,0,0,S,3,1,207722,78.4,2008,29,19.68,93.64
59418,Historical,118517,0,0,S,2,1,265531,75.6,2007,45,12.87,30.13
59419,Historical,652419,0,0,S,1,0,105173,49,2013,14,0,28.94
59420,Historical,115482,1,1,S,1,0,793189,49.8,2004,26,0,0
59421,Historical,115110,0,0,S,0,0,1110097,84,2001,25,0,0
59422,Historical,159397,0,0,S,6,1,286355,79.95,1998,19,11.51,53.99
59423,Historical,533136,0,0,S,2,1,1174642,49.99,2010,49,5.37,25
59424,Historical,619340,0,0,S,2,1,116613,44.99,2011,55,7.39,19.86
59425,Historical,592239,0,0,S,1,0,1454641,126.95,2011,37,0,0
59427,Historical,655208,0,0,S,5,1,49552,59.99,2013,29,35.4,36.34
59428,Historical,660859,0,0,S,4,1,317951,59.99,2013,55,24.76,35.44
59429,Historical,533135,0,0,S,2,1,157027,31.99,2008,54,10.42,20.23
59430,Historical,322435,0,0,S,1,0,61653,70,1996,91,0,0
59431,Historical,212611,0,0,S,0,0,927408,57.6,2005,22,0,0
59433,Historical,148699,0,0,S,4,1,1076229,52.95,2007,11,27.14,80.34
59434,Historical,194207,0,0,S,2,1,443415,39.95,2010,18,19.87,19.27
59435,Historical,104172,0,0,S,2,1,55749,90,1999,34,36.94,52.09
59436,Historical,872314,0,0,S,3,1,1460914,59.11,2012,26,18.95,20.08
59437,Historical,130430,1,3,S,3,1,44647,129,2011,76,18.95,15.49
59438,Historical,642203,0,0,S,3,1,116722,54.95,2012,38,55.05,23
59439,Historical,535619,1,3,S,3,1,46741,54.95,2012,48,55.05,30
59440,Historical,544242,1,1,S,3,1,113697,54.95,2013,31,19.98,33.99
59441,Historical,544244,0,0,S,3,1,162393,54.95,2012,33,9.95,17
59442,Historical,145552,0,0,S,3,1,2949438,26.67,2006,35,20.75,54.47
59443,Historical,1952438,0,0,S,2,1,1262591,69.95,2013,40,48.84,48.99
59444,Historical,664293,0,0,S,4,1,731718,59.95,2013,15,0,0
59445,Historical,262778,0,0,S,3,1,203098,36.95,2010,20,33.99,37.95
59446,Historical,607295,0,0,S,6,1,2694853,46.2,2004,23,21.32,12.23
59447,Historical,120959,0,0,S,7,1,213166,112,2008,46,21.32,16.98
59448,Historical,635404,0,0,S,6,1,485896,214.95,1999,18,0,67.35
59450,Historical,609510,0,0,S,4,1,888876,149.95,2006,25,16.7,60.93
59451,Historical,534162,1,1,S,4,1,111138,126.5,2010,33,18.19,77.01
59453,Historical,614580,0,0,S,5,1,181447,67.95,2005,39,0,0
59454,Historical,615304,0,0,S,3,1,484334,38.67,2010,105,67.62,18.88
59455,Historical,290491,0,0,S,1,0,675150,50,2001,45,0,0
59456,Historical,533124,0,0,S,7,1,502926,69.6,2007,17,46.79,7.49
59457,Historical,2363838,0,0,S,5,1,7554171,25.97,1990,23,103.99,25.97
59458,Historical,617001,1,1,S,0,0,8469,31.95,1989,83,0,17.79
59459,Historical,534182,0,0,S,2,1,365741,45.95,2010,16,0,0
59460,Historical,544246,0,0,S,4,1,414228,50.95,2013,35,45.02,43.39
59462,Historical,127112,0,0,S,2,1,158180,19.95,2006,22,0,0
59463,Historical,239277,0,0,S,2,1,672878,95,1997,26,0,0
59464,Historical,248757,0,0,S,1,0,809444,89.95,2007,17,0,0
59466,Historical,2333487,0,0,S,2,1,592902,256.05,1995,21,9.75,85.45
59467,Historical,545681,0,0,S,4,1,656007,62.99,2013,25,11.99,20.98
59468,Historical,212634,0,0,S,3,1,1057656,110.33,2006,14,11.99,88.99
59469,Historical,175049,0,0,S,2,1,424969,94.99,2008,35,27.89,57.75
59470,Historical,533114,0,0,S,4,1,488167,77.95,2012,26,14.69,24.65
59471,Historical,721230,0,0,S,1,0,966712,74,2004,127,3.95,7.69
59472,Historical,641633,0,0,S,2,1,458229,64,2007,43,30.96,36.81
59473,Historical,190435,0,0,S,6,1,150080,74.09,2003,42,77.17,71.81
59474,Historical,1633928,0,0,S,1,0,58037,49.99,2014,14,0,32.34
59476,Historical,200417,0,0,S,3,1,446512,157.95,2009,93,24.99,38.97
59477,Historical,199220,0,0,S,0,0,228123,55,2008,41,0,0
59478,Historical,626410,0,0,S,1,0,286363,45,2006,49,27.29,28.99
59479,Historical,556792,0,0,S,0,0,1114207,73.98,1993,85,0,0
59480,Historical,2430454,0,0,S,4,1,864449,88.75,1995,64,5.87,33.98
59481,Historical,2430455,0,0,S,4,1,873835,134.9,1995,22,0,55.01
59482,Historical,533108,0,0,S,12,1,892965,36,2010,60,0,0
59483,Historical,2097844,1,1,S,2,1,169494,0,2014,17,0,173.97
59484,Historical,248302,0,0,S,3,1,1049244,142.95,2005,31,13.37,63.49
59485,Historical,1921825,0,0,S,2,1,5255904,199,2009,19,40.98,137.03
59487,Historical,701596,0,0,S,6,1,160844,39.95,2008,12,0,0
59488,Historical,112220,0,0,S,5,1,805446,18.99,2004,42,53.91,18.49
59489,Historical,115086,0,0,S,1,0,867426,167.8,2002,50,0,0
59490,Historical,633167,0,0,S,4,1,481470,34.95,2011,36,18.17,13.68
59491,Historical,893014,0,0,S,5,1,34061,34.95,2014,22,18.17,24.95
59492,Historical,921575,0,0,S,3,1,994856,34.95,2008,61,18.17,13.74
59493,Historical,144134,0,0,S,3,1,2586153,288.4,1999,27,100.9,97.59
59494,Historical,142890,0,0,S,5,1,64165,43,2006,36,24.98,33.99
59495,Historical,775523,0,0,S,5,1,5735269,97,2002,16,63.68,99.87
59496,Historical,143446,0,0,S,2,1,516451,200,2010,41,30.39,83.99
59497,Historical,868457,0,0,S,5,1,3902878,4,2006,15,82.68,4
59498,Historical,737804,0,0,S,3,1,1048600,59,2008,8,33.98,58.93
59499,Historical,667321,0,0,S,2,1,619891,44,2012,25,50,14.37
59500,Historical,2268089,0,0,S,3,1,1435043,50.97,2009,49,0,45.77
59501,Historical,217332,0,0,S,5,1,744403,82,2010,30,28.58,56.99
59502,Historical,533102,1,3,S,7,1,103506,110.95,2012,82,8.48,61.48
59503,Historical,178597,0,0,S,13,1,80498,226.95,2004,58,5.67,54.07
59504,Historical,533101,0,0,S,12,1,1134272,107.95,1999,31,5.67,4.55
59505,Historical,116205,0,0,S,8,1,315352,171.6,2004,54,29.83,56.21
59506,Historical,349960,0,0,S,13,1,883066,171.95,2004,57,11.78,87.82
59507,Historical,2470948,0,0,S,2,1,4221582,53.25,1994,18,73.97,112.59
59508,Historical,643854,0,0,S,6,1,380760,43,2010,22,28.41,42.6
59509,Historical,737398,0,0,S,5,1,2727507,35,2005,16,28.41,11.17
59512,Historical,649711,0,0,S,1,0,381370,69.99,2012,16,0,38.97
59513,Historical,2485383,0,0,S,1,0,86702,79.99,2014,0,0,0
59514,Historical,533098,0,0,S,2,1,603027,39.99,2008,36,6.99,10.46
59515,Historical,649566,0,0,S,1,0,45380,39.99,2013,52,26.31,23.98
59516,Historical,646932,0,0,S,1,0,215019,59.99,2013,19,40.34,33.97
59517,Historical,163101,0,0,S,1,0,875561,59.99,2010,56,0,0
59518,Historical,146003,0,0,S,1,0,879297,54.99,2008,132,31.98,9.97
59519,Historical,1455611,0,0,S,1,0,54243,59.99,2014,37,31.98,36.13
59521,Historical,533095,0,0,S,1,0,303830,75.95,2012,45,27.18,40.05
59522,Historical,288742,0,0,S,1,0,643466,39.99,2011,28,0,0
59523,Historical,654065,0,0,S,1,0,626564,130.95,2012,39,0,29.98
59524,Historical,626701,0,0,S,1,0,201254,83.95,2012,37,3.99,42.45
59525,Historical,536550,1,1,S,1,0,121481,54.99,2012,103,23.79,28.98
59526,Historical,288678,0,0,S,1,0,850751,54.99,2008,140,23.79,8.92
59528,Historical,540709,0,0,S,1,0,15548,59.99,2012,69,8.94,29.99
59529,Historical,145120,0,0,S,0,0,451881,55,2005,95,8.94,15.99
59530,Historical,145683,0,0,S,1,0,648283,54.99,2007,118,0,0
59531,Historical,146002,0,0,S,1,0,413392,54.99,2008,117,8.94,9.97
59532,Historical,621913,1,1,S,1,0,709408,83.95,2012,61,65.81,43.94
59533,Historical,243844,0,0,S,1,0,895858,95.95,2010,66,65.81,11.53
59534,Historical,536551,0,0,S,1,0,30009,54.99,2012,92,25.9,23.99
59535,Historical,613568,0,0,S,1,0,649626,54.99,2008,131,25.9,16.99
59536,Historical,146413,1,1,S,1,0,217461,54.99,2010,157,25.9,14.97
59537,Historical,1829930,0,0,S,1,0,226422,91.95,2014,22,59.13,53.94
59538,Historical,243845,0,0,S,1,0,1009630,95.95,2010,62,0,28.98
59539,Historical,144449,0,0,S,0,0,458837,54.99,2002,127,0,0
59540,Historical,536545,1,2,S,1,0,13377,54.99,2012,86,37.98,32.63
59541,Historical,1786730,0,0,S,2,1,207211,59.95,2014,22,39.3,28.99
59543,Historical,298683,0,0,S,1,0,1413449,125.95,2007,60,3.92,8.42
59544,Historical,145761,0,0,S,6,1,1313151,55,2007,73,3.98,34.2
59545,Historical,534167,0,0,S,1,0,822786,95.95,2010,80,0,13.92
59546,Historical,540713,0,0,S,1,0,62877,54.99,2012,103,10.71,33.74
59547,Historical,621914,0,0,S,1,0,441832,83.95,2012,53,0,35.37
59548,Historical,533082,0,0,S,2,1,1064300,59.95,2009,23,4,44.31
59550,Historical,146407,0,0,S,1,0,959590,54.99,2010,59,4.48,27.73
59553,Historical,533080,0,0,S,2,1,408138,55,2003,33,9.28,48.97
59554,Historical,145086,0,0,S,3,1,299695,54.99,2006,79,9.94,24.75
59556,Historical,533079,0,0,S,4,1,320474,44.99,2011,53,30.5,77.89
59557,Historical,52597,0,0,S,6,1,2401276,0,2001,46,93.5,113.69
59558,Historical,860577,0,0,S,5,1,389464,150,2012,65,151.43,84.89
59559,Historical,109477,0,0,S,11,1,1656754,139.2,2007,61,113.98,38.74
59560,Historical,534362,0,0,S,7,1,1674701,90.31,2004,74,93.5,6.99
59561,Historical,616183,0,0,S,7,1,163970,134.95,2010,47,71.31,48.99
59562,Historical,542850,0,0,S,4,1,965447,165.95,2006,28,7.78,103.07
59563,Historical,162306,0,0,S,1,0,183189,100,2009,36,0,0
59564,Historical,148951,0,0,S,0,0,171878,48.13,2007,55,0,0
59565,Historical,52783,0,0,S,7,1,81039,113,2011,40,48.98,82.98
59566,Historical,110532,0,0,S,5,1,2132012,32.75,2006,24,33.84,13.99
59567,Historical,861860,1,1,S,5,1,67125,60,2014,16,52.81,150.7
59568,Historical,625000,0,0,S,3,1,817553,60,2006,29,35,94.59
59569,Historical,862340,0,0,S,5,1,6102,65,2014,23,46.03,38.09
59570,Historical,641319,0,0,S,3,1,1224103,49.95,2011,11,0,43.59
59571,Historical,863357,0,0,S,2,1,676416,19.95,2006,25,0,0
59572,Historical,276843,0,0,S,1,0,579604,19.95,2003,80,23.97,17.87
59573,Historical,156446,0,0,S,2,1,4542339,51.95,1995,25,46.73,70.23
59574,Historical,644412,0,0,S,4,1,33333,86.95,2013,46,40.99,63.99
59575,Historical,3108188,0,0,S,5,1,49278,59.99,2015,5,0,33.13
59576,Historical,115223,0,0,S,5,1,214855,230,2001,35,7.7,85.16
59577,Historical,867361,1,2,S,5,1,8656,229.25,2014,59,47.33,55.99
59578,Historical,108666,0,0,S,3,1,71246,47.44,2006,42,0,0
59579,Historical,533074,1,1,S,6,1,38587,39.43,2008,96,5.87,13.97
59580,Historical,873960,0,0,S,8,1,44478,67.95,2015,37,46.85,49.14
59581,Historical,609439,0,0,S,5,1,1274495,47.95,1998,66,46.85,11.86
59583,Historical,299648,0,0,S,3,1,143081,87.73,2015,28,35.25,71.41
59584,Historical,860267,0,0,S,2,1,662697,135,2011,25,30.99,20.96
59585,Historical,3123748,1,1,S,3,1,1716388,57,1999,22,73.83,20.76
59586,Historical,867349,0,0,S,5,1,26183,60,2014,14,47.76,51.13
59587,Historical,664695,0,0,S,2,1,14389,60,2013,26,0,0
59588,Historical,698644,0,0,S,10,1,2704279,30,2010,24,140.99,47.35
59589,Historical,766408,0,0,S,11,1,1705232,101.75,2011,9,232.85,79.78
59590,Historical,561773,0,0,S,8,1,9565729,89.95,2001,31,232.85,5.94
59591,Historical,633850,0,0,S,1,0,914359,83.95,2012,29,79.66,61.86
59592,Historical,631545,0,0,S,3,1,795414,138.75,2010,48,65.84,98.87
59594,Historical,1455494,0,0,S,4,1,102880,59.99,2014,19,33.73,46.67
59595,Historical,872224,0,0,S,3,1,15203,71.95,2014,33,49.74,52.44
59596,Historical,163231,0,0,S,2,1,395078,46,2010,32,0,0
59597,Historical,618810,0,0,S,3,1,636221,224.95,1983,29,38.61,108.99
59598,Historical,551601,0,0,S,2,1,166300,116.6,1976,47,8.98,65.73
59599,Historical,271157,1,1,S,1,0,3451,53.75,2011,111,38.29,33.47
59600,Historical,212517,0,0,S,1,0,1128147,111.2,2001,49,0,0
59602,Historical,143022,0,0,S,2,1,1227618,43,2006,20,33.97,43
59603,Historical,2899420,0,0,S,1,0,208295,84.72,1979,50,43.18,93.97
59605,Historical,608624,0,0,S,4,1,3162592,153.95,1997,26,129,23.99
59606,Historical,2345668,0,0,S,6,1,802027,183.25,1995,36,27.49,67.89
59607,Historical,199911,0,0,S,2,1,1243321,197.95,2000,32,124.19,28.94
59608,Historical,909445,0,0,S,2,1,2144105,94.95,1997,19,78.98,21.98
59609,Historical,176827,0,0,S,2,1,189414,172.95,1999,35,0,0
59610,Historical,222308,0,0,S,1,0,277755,60,2009,17,0,0
59611,Historical,636363,0,0,S,1,0,253018,125,2008,23,0,0
59612,Historical,538658,0,0,S,10,1,916810,79.67,2013,17,202.77,173.98
59613,Historical,629951,0,0,S,1,0,189358,70.95,2011,15,0,0
59614,Historical,873593,0,0,S,7,1,34122,102,2014,61,42.95,46.48
59615,Historical,2602506,0,0,S,0,0,1098596,69.99,1999,21,0,56.01
59616,Historical,898661,0,0,S,3,1,19539,35.75,2013,40,29.94,23.47
59617,Historical,250057,0,0,S,1,0,931767,173.95,2005,21,0,0
59618,Historical,607111,0,0,S,5,1,996425,89,1992,25,0,51.69
59619,Historical,115068,0,0,S,5,1,452527,199.6,2000,41,0,107.45
59620,Historical,619970,0,0,S,2,1,111703,102.95,2013,59,33.99,58
59621,Historical,868460,0,0,S,3,1,94542,85,2014,22,71.13,70.83
59622,Historical,2257067,0,0,S,2,1,1664693,36.7,2009,36,43.14,38.42
59623,Historical,152467,0,0,S,3,1,477653,74.95,2007,26,59.19,51.39
59624,Historical,533066,0,0,S,4,1,47822,90.75,2011,45,55.87,67.52
59625,Historical,707972,0,0,S,6,1,555057,138.77,2004,30,68.91,43.78
59626,Historical,613578,0,0,S,0,0,1176178,89.95,1994,58,0,18.99
59627,Historical,708459,0,0,S,0,0,843897,113.32,2004,14,68.91,73.99
59628,Historical,551351,1,1,S,1,0,300723,190.5,2005,90,0,0
59629,Historical,100817,0,0,S,0,0,816545,137.5,2000,112,9.95,27.96
59630,Historical,112246,0,0,S,6,1,483118,124.04,2003,96,9.95,23.94
59631,Historical,152938,0,0,S,0,0,379234,99,1999,47,50.74,53.98
59632,Historical,3042300,0,0,S,2,1,1320498,78.9,1997,21,39.98,45.99
59633,Historical,259093,0,0,S,2,1,56349,86.45,2003,88,15.34,49.87
59634,Historical,919737,1,3,S,2,1,379928,25.9,1998,29,15.34,12.65
59635,Historical,564025,0,0,S,0,0,998837,105,1996,83,0,0
59636,Historical,182750,0,0,S,0,0,82086,100.85,2002,102,17.47,43.99
59637,Historical,626534,0,0,S,2,1,110577,48,1997,58,15.34,49.74
59638,Historical,3042299,0,0,S,1,0,1113269,87.8,1996,22,39.98,53.96
59639,Historical,117306,0,0,S,3,1,486446,105.33,2006,38,4.76,28.99
59640,Historical,166003,0,0,S,0,0,562337,143,2001,34,0,0
59641,Historical,455580,0,0,S,3,1,741609,131.95,1999,58,6.36,22.99
59642,Historical,433239,0,0,S,2,1,3089708,97.95,1995,29,6.36,45.69
59643,Historical,2577856,0,0,S,3,1,2153441,54.95,1985,34,8.19,49.58
59644,Historical,114896,0,0,S,2,1,190721,175,2003,55,174.57,99.71
59645,Historical,2572610,0,0,S,4,1,1821428,79.95,1992,41,8.19,44.98
59646,Historical,152448,0,0,S,5,1,181974,59.95,2008,87,31.32,38.46
59647,Historical,607803,0,0,S,3,1,3982965,99,1990,45,31.32,19.99
59648,Historical,2635474,0,0,S,2,1,1009369,44.99,2005,39,7.33,28.65
59649,Historical,1444545,0,0,S,2,1,589017,64.95,2014,11,0,36.61
59651,Historical,176675,1,1,S,1,0,511935,180.95,1998,39,0,0
59652,Historical,646968,0,0,S,5,1,16387,84.95,2013,73,47.93,48.93
59653,Historical,533059,0,0,S,3,1,55600,75.95,2013,57,26.98,53.99
59655,Historical,582273,0,0,S,1,0,314478,95,2012,19,0,0
59656,Historical,655152,0,0,S,2,1,654626,70,2013,42,41.37,52.56
59657,Historical,534100,0,0,S,1,0,290005,69.99,1992,117,44.19,7.44
59658,Historical,540571,0,0,S,3,1,25237,69.99,2013,32,44.19,44.19
59659,Historical,110550,0,0,S,4,1,521552,37.47,2009,47,23.84,51.99
59660,Historical,540570,0,0,S,1,0,452944,54.99,2010,18,0,0
59662,Historical,211084,0,0,S,1,0,488140,64.95,1995,47,0,62.05
59663,Historical,1451925,0,0,S,2,1,97793,53.32,2014,50,24.1,33.96
59664,Historical,288789,0,0,S,3,1,1142666,69.95,2006,31,90.61,22.88
59665,Historical,249725,0,0,S,2,1,246915,134.95,2006,44,23.99,53.99
59666,Historical,533053,0,0,S,2,1,58830,24.95,2011,47,0,0
59667,Historical,208493,0,0,S,2,1,138583,20.99,2005,25,0,0
59669,Historical,116444,0,0,S,2,1,652750,64.99,2004,29,26.04,15.99
59670,Historical,163030,0,0,S,2,1,211306,39.99,2010,51,14.88,12.82
59671,Historical,624412,0,0,S,1,0,316065,64.99,2007,26,0,38.98
59672,Historical,888775,1,1,S,2,1,842125,159.03,2011,13,14.35,15.87
59673,Historical,903697,0,0,S,0,0,113341,34.95,2010,19,19.71,34.95
59674,Historical,1558932,0,0,S,1,0,247321,52.95,2012,8,0,40.76
59675,Historical,194087,0,0,S,3,1,528440,92,2008,73,30,65.74
59677,Historical,674803,1,2,S,4,1,20521,20,2009,69,13.06,16.75
59678,Historical,533045,1,1,S,6,1,465628,121.95,2006,39,6.59,53.61
59679,Historical,1498802,0,0,S,0,0,67017,39.99,2011,14,0,22.94
59680,Historical,101687,1,1,S,1,0,597646,132.8,1996,78,0,0
59681,Historical,58169,1,1,S,1,0,324343,266.95,2006,57,0,0
59682,Historical,247996,0,0,S,4,1,371976,89,2008,25,6.46,95.24
59683,Historical,101688,1,3,S,1,0,385628,132.8,1996,92,0,0
59684,Historical,1733869,0,0,S,3,1,316882,49.99,2007,26,0,44.48
59685,Historical,233376,0,0,S,3,1,931446,65.99,2006,20,0,0
59686,Historical,131805,0,0,S,0,0,239443,153.6,2004,27,0,0
59687,Historical,58167,0,0,S,4,1,17351,148,2006,71,77.96,51.72
59688,Historical,58166,0,0,S,3,1,744636,44.68,2003,20,77.96,110.55
59689,Historical,247814,0,0,S,6,1,2426708,103,2007,28,58.99,19.94
59690,Historical,247815,0,0,S,6,1,2494108,72,2007,35,58.99,5.38
59691,Historical,141579,0,0,S,2,1,62145,8.71,2003,15,0,16.98
59692,Historical,757242,0,0,S,0,0,381039,46,1997,74,0,7.35
59693,Historical,53565,0,0,S,6,1,2225929,120.31,2003,55,156.69,10.89
59694,Historical,909004,0,0,S,3,1,285138,65,2014,16,48.98,41.81
59695,Historical,158197,0,0,S,2,1,288771,94.95,2010,41,56.73,71.73
59696,Historical,162613,0,0,S,2,1,105288,60,2010,70,24.12,38.56
59697,Historical,2251089,0,0,S,8,1,524431,44.34,2009,38,0,29.18
59698,Historical,862151,0,0,S,2,1,3717,113.25,2014,67,55.28,57.04
59699,Historical,276044,0,0,S,4,1,713451,34,2010,26,19.69,23.98
59700,Historical,284513,0,0,S,2,1,1409854,164.95,1999,27,140.83,8.96
59701,Historical,533040,0,0,S,2,1,21755,31.95,2012,38,11.56,21.01
59702,Historical,541244,0,0,S,3,1,20884,65,2013,72,31.41,39.66
59703,Historical,106799,0,0,S,7,1,14453,90,2010,67,27.98,38.99
59704,Historical,50594,0,0,S,6,1,2248269,149.35,2002,58,168.12,43.94
59705,Historical,201797,0,0,S,2,1,604719,59.95,2014,12,0,0
59707,Historical,131250,0,0,S,4,1,2345792,63,1999,21,63.99,18.95
59708,Historical,133275,0,0,S,7,1,9574,134.2,2011,77,63.99,99.53
59709,Historical,737655,1,1,S,3,1,1431786,77,2008,36,10.93,8.97
59710,Historical,863764,0,0,S,2,1,106222,100,2009,15,0,0
59711,Historical,172416,0,0,S,0,0,773388,14.2,2004,39,209.09,12.24
59712,Historical,246252,0,0,S,1,0,453486,66.95,2003,26,0,0
59713,Historical,125036,0,0,S,0,0,337453,65.95,1998,28,0,0
59714,Historical,287061,0,0,S,1,0,170647,55,2004,64,53.91,52.08
59715,Historical,232333,0,0,S,4,1,165497,34.95,1995,41,0,0
59716,Historical,174514,0,0,S,2,1,51821,39.99,1998,24,0,0
59717,Historical,130487,0,0,S,3,1,30306,96,2011,52,48.98,62.64
59718,Historical,911698,0,0,S,2,1,655291,164.19,2008,43,12.25,131.76
59719,Historical,543236,0,0,S,5,1,249233,48,2013,39,14.54,31.26
59720,Historical,173893,0,0,S,5,1,307335,34.99,2005,97,8.49,25.99
59721,Historical,905608,0,0,S,2,1,1194805,43,2012,50,33.99,36.84
59722,Historical,346790,0,0,S,0,0,124628,42.95,2003,25,0,0
59723,Historical,217035,0,0,S,0,0,1221039,39.95,2005,26,22.12,25.74
59724,Historical,573015,0,0,S,1,0,154842,81.2,1997,23,0,0
59725,Historical,144446,0,0,S,1,0,521100,57.2,2004,64,0,43.98
59726,Historical,867257,0,0,S,2,1,86509,72.95,2014,33,58.92,43.98
59727,Historical,2703533,0,0,S,2,1,697302,53.37,2004,13,0,82.18
59728,Historical,246712,0,0,S,4,1,201349,41.95,2009,31,28.1,29.99
59729,Historical,641986,1,1,S,5,1,10672,107.8,2013,67,58.99,82.53
59730,Historical,121511,0,0,S,4,1,259216,152.6,1998,46,6.99,47.57
59731,Historical,539989,1,1,S,4,1,1547999,98.87,2011,20,58.99,126.68
59732,Historical,117942,0,0,S,2,1,3260362,53.33,2005,26,79.93,49.81
59733,Historical,133395,0,0,S,4,1,545493,67.2,2011,15,79.93,43.99
59734,Historical,633485,0,0,S,1,0,582019,60.95,2004,21,0,0
59735,Historical,916134,0,0,S,0,0,486709,85,2002,34,22.74,41.82
59736,Historical,571442,1,1,S,2,1,545582,100.6,1995,37,0,0
59737,Historical,291604,0,0,S,2,1,70894,143.95,2003,38,11.85,52.99
59738,Historical,627696,0,0,S,2,1,131705,87,1999,33,13.99,72.4
59739,Historical,626424,1,3,S,3,1,78134,50,2005,48,26.99,43.94
59740,Historical,2376362,0,0,S,0,0,1017169,86.63,2005,33,5.89,18.98
59741,Historical,583123,0,0,S,2,1,909519,135.65,1997,45,0,0
59742,Historical,100833,0,0,S,1,0,190215,139.95,1998,29,0,0
59743,Historical,60935,1,4,S,3,1,912274,69.33,2005,27,85.6,26.94
59744,Historical,117932,0,0,S,3,1,2561617,69.33,2005,24,57.28,30.87
59745,Historical,127369,0,0,S,2,1,102604,34.95,2008,29,30.93,16.5
59746,Historical,204323,0,0,S,2,1,1020645,49.99,2006,22,4.36,65.85
59747,Historical,669433,0,0,S,2,1,588915,53.95,2012,29,31.98,37.22
59748,Historical,58164,0,0,S,6,1,12339,157.75,2009,74,42.98,72.4
59749,Historical,534329,0,0,S,3,1,2808094,33.75,1992,88,42.98,16.98
59750,Historical,111095,0,0,S,6,1,23303,114.75,2009,73,44.89,73.97
59751,Historical,1685501,0,0,S,2,1,487229,45,2007,42,0,11.85
59752,Historical,866971,0,0,S,2,1,88525,60.95,2014,33,41.99,44.96
59753,Historical,2041433,0,0,S,3,1,52112,55,2006,40,18.2,23.23
59754,Historical,533029,0,0,S,2,1,157690,27.95,2011,568,19.25,3.93
59755,Historical,681452,0,0,S,4,1,144161,24.95,2010,113,80.84,17.28
59756,Historical,922678,0,0,S,0,0,394631,70,1996,151,0,16.61
59757,Historical,612522,0,0,S,5,1,68590,52,2013,30,35.68,44.23
59758,Historical,144317,0,0,S,9,1,174984,123,2001,49,4,48.43
59759,Historical,661108,0,0,S,5,1,1023297,43,2011,21,27.74,43
59760,Historical,864952,0,0,S,2,1,96919,44,2014,13,0,44
59761,Historical,287400,0,0,S,0,0,13651,100.6,2010,67,58.89,78.99
59762,Historical,679919,0,0,S,2,1,332483,25,2009,60,0,0
59763,Historical,3138127,1,1,S,1,0,240801,49.95,2004,39,29.97,31.04
59764,Historical,539129,0,0,S,1,0,36678,56.99,2005,43,0,0
59765,Historical,116489,0,0,S,0,0,705012,69.99,2003,21,0,0
59766,Historical,117663,0,0,S,1,0,202846,74.99,2006,15,0,0
59768,Historical,533026,0,0,S,2,1,75682,54.99,2009,58,23.83,33.64
59769,Historical,145662,0,0,S,2,1,890013,59.99,2006,18,27.81,35.67
59770,Historical,114936,0,0,S,1,0,49950,49.99,2001,38,0,0
59771,Historical,146232,0,0,S,1,0,172070,56.99,2011,31,0,0
59772,Historical,621357,0,0,S,1,0,102689,59.99,2009,23,0,36.45
59773,Historical,534491,0,0,S,4,1,300816,43.95,2011,68,4.02,8.32
59774,Historical,249277,0,0,S,2,1,228448,44,2011,27,0,0
59775,Historical,289829,0,0,S,2,1,152602,51.95,2008,21,0,0
59776,Historical,298122,0,0,S,2,1,113612,47.95,2010,16,0,0
59777,Historical,541803,0,0,S,3,1,105220,83.95,2013,31,34.86,41.26
59778,Historical,111967,0,0,S,23,1,2112649,11.49,2010,31,14.18,11.49
59779,Historical,867658,0,0,S,8,1,34605,118,2014,78,58.99,97.54
59780,Historical,1482336,0,0,S,1,0,27496,116.8,2014,49,75.5,87.69
59781,Historical,247794,0,0,S,1,0,743824,92,2010,18,0,0
59782,Historical,199579,0,0,S,2,1,2475731,103,2001,31,20.99,23.99
59783,Historical,177519,0,0,S,7,1,2240048,137.95,1998,29,122.98,14.03
59784,Historical,607812,0,0,S,6,1,3536716,75.95,1995,34,122.98,28.98
59785,Historical,252015,0,0,S,2,1,996140,210.95,2008,36,97.98,29.98
59786,Historical,276636,1,2,S,6,1,115457,56,2006,36,43.29,49.1
59787,Historical,577027,0,0,S,4,1,237265,290.95,2000,46,118.99,46.43
59788,Historical,609378,0,0,S,3,1,2553559,307.95,1995,26,118.99,22.04
59789,Historical,577032,0,0,S,3,1,1021934,312.95,2000,36,63.48,14.2
59790,Historical,789586,0,0,S,2,1,910998,89.95,2006,29,13.34,13.67
59791,Historical,924209,0,0,S,0,0,282418,360,2013,27,351.5,64.79
59792,Historical,139266,0,0,S,2,1,243095,78,2009,63,34.25,48.99
59793,Historical,127517,0,0,S,5,1,112397,39.95,2010,29,19.41,27.15
59794,Historical,246057,0,0,S,2,1,1448109,38,2006,57,0,0
59795,Historical,533013,0,0,S,5,1,74500,37.95,2010,28,29.99,30.83
59796,Historical,2014127,0,0,S,1,0,258785,35,2013,13,21.4,25.38
59797,Historical,2018076,0,0,S,5,1,3468918,109,2007,16,112.94,56.95
59798,Historical,271030,0,0,S,2,1,135299,45,2011,56,21.02,36.68
59799,Historical,110219,0,0,S,7,1,128405,47.98,2010,56,23.99,50.27
59800,Historical,550514,0,0,S,6,1,207242,6.66,2008,69,23.99,15.47
59801,Historical,109571,0,0,S,5,1,142311,0,2005,19,67.41,13.98
59802,Historical,612895,0,0,S,2,1,944487,36,1995,142,28.78,7.98
59803,Historical,217293,0,0,S,3,1,32572,47,2008,107,28.78,20.41
59804,Historical,152947,0,0,S,3,1,1189381,129,2003,45,0,0
59805,Historical,633925,0,0,S,2,1,789321,55,2011,17,16.29,27.38
59806,Historical,2364676,0,0,S,2,1,2981005,80,1989,13,101.96,51.77
59807,Historical,543728,0,0,S,2,1,359987,99.99,2012,55,62.78,59.76
59808,Historical,2098778,0,0,S,3,1,402041,49.95,2014,13,28.97,31.6
59810,Historical,702396,0,0,S,8,1,265837,90,2013,30,53.61,35.88
59812,Historical,2331468,0,0,S,4,1,4258890,71.96,1989,20,50.13,81.27
59813,Historical,1437407,0,0,S,6,1,598388,65,2014,20,50.13,32.85
59814,Historical,100738,1,1,S,3,1,556828,180.75,1995,30,14.82,44.24
59815,Historical,1437211,0,0,S,7,1,103964,90,2013,39,29.61,45.99
59816,Historical,2303617,0,0,S,6,1,562668,87.48,1993,27,29.61,73.94
59817,Historical,657849,0,0,S,8,1,35458,80,2013,32,26.43,54.55
59818,Historical,1732676,0,0,S,5,1,292123,58,2008,22,0,61.01
59819,Historical,105922,0,0,S,2,1,204294,42,2003,39,8.62,15.89
59820,Historical,104387,0,0,S,2,1,711601,42,1998,38,9.79,23.62
59821,Historical,365508,0,0,S,6,1,2399612,34.95,2007,21,50.21,41.53
59822,Historical,299232,0,0,S,2,1,319914,19.95,2004,84,0,0
59823,Historical,700980,0,0,S,2,1,192147,35,2005,19,15.06,27.94
59824,Historical,538275,0,0,S,3,1,613194,70,2012,29,43.78,57.83
59825,Historical,285073,0,0,S,6,1,28633,70,2011,66,35.28,37.2
59827,Historical,608140,0,0,S,7,1,419933,44.95,2011,32,16.54,29.17
59828,Historical,622627,0,0,S,7,1,258407,64.95,2011,31,45.99,41.01
59829,Historical,289678,0,0,S,7,1,342625,82.95,1997,93,37.35,76.87
59830,Historical,849334,0,0,S,4,1,427064,163.95,1998,43,22.57,61.69
59831,Historical,2653182,0,0,S,2,1,272171,79.95,1993,80,4.66,31.79
59832,Historical,477740,1,1,S,9,1,833258,107.95,2010,26,58.9,103.98
59833,Historical,642587,0,0,S,2,1,762100,60,2010,23,11.79,45.69
59834,Historical,178128,0,0,S,1,0,536708,122.95,2005,24,0,0
59837,Historical,653399,0,0,S,2,1,918773,49.95,2012,24,0,42.04
59838,Historical,58380,1,5,S,13,1,289166,105,2006,51,81.63,28.57
59839,Historical,58378,0,0,S,11,1,652868,79.95,1998,40,81.63,32.49
59840,Historical,289290,0,0,S,3,1,144473,79.95,2005,67,47.99,55.44
59841,Historical,114929,0,0,S,2,1,5660961,126,2002,32,170.79,65.25
59842,Historical,877268,0,0,S,0,0,3228851,134.75,1997,23,62.73,22.94
59843,Historical,259094,1,1,S,3,1,23142,82.9,2003,146,0,27.89
59844,Historical,597074,0,0,S,3,1,207654,15.95,2005,38,0,14.99
59845,Historical,259095,1,1,S,3,1,140491,81.05,2003,30,0,26.07
59846,Historical,644154,0,0,S,0,0,1082132,82.23,2004,29,0,69.25
59847,Historical,629941,0,0,S,0,0,85756,93.8,2011,65,65.49,68.99
59848,Historical,2317604,1,1,S,0,0,65628,110.35,2001,78,11.59,17.59
59849,Historical,2900419,0,0,S,2,1,90486,46.75,1991,153,0,37.87
59850,Historical,182437,0,0,S,0,0,1054108,65.75,2000,36,0,11.83
59851,Historical,616989,0,0,S,0,0,382880,80.9,1999,38,9.3,72.95
59852,Historical,866283,1,2,S,0,0,525501,85.5,2004,47,8.89,65.95
59853,Historical,112123,0,0,S,1,0,1203883,123.25,2000,78,0,0
59854,Historical,868091,1,2,S,0,0,324409,107,2008,108,0,21.98
59855,Historical,613059,1,2,S,0,0,142482,94.4,2001,134,0,16.49
59857,Historical,56177,0,0,S,0,0,57512,103.55,2004,143,0,22.99
59858,Historical,613047,0,0,S,3,1,52188,78,2003,142,26.42,35.98
59859,Historical,3271830,0,0,S,3,1,1024627,92.01,2004,42,0,42.95
59860,Historical,586322,0,0,S,1,0,200176,96.67,1990,305,65.97,21.56
59861,Historical,767295,0,0,S,1,0,839431,94.15,2009,45,52.98,15.99
59862,Historical,693366,1,1,S,0,0,632759,64.89,2001,23,15.74,35.04
59863,Historical,259096,0,0,S,3,1,75490,83.1,2003,100,26.42,33.99
59864,Historical,580495,0,0,S,0,0,681601,92.8,1995,35,0,0
59865,Historical,101560,1,1,S,1,0,601400,111.3,2003,55,15.74,51.66
59866,Historical,912402,0,0,S,0,0,481732,113.7,2006,47,6.98,10.48
59867,Historical,613168,0,0,S,1,0,250972,101.05,2004,107,0,28.2
59868,Historical,155326,0,0,S,0,0,378078,141.2,1999,221,0,30.42
59869,Historical,772113,0,0,S,0,0,354118,94.15,2007,70,0,23.82
59870,Historical,167246,0,0,S,1,0,133235,19.99,2006,132,0,0
59872,Historical,101430,0,0,S,1,0,173343,108.25,2007,113,0,0
59874,Historical,539077,1,1,S,2,1,1316267,82.35,1993,47,5.09,44.81
59875,Historical,742729,0,0,S,4,1,1337010,166,2011,35,125,13.61
59876,Historical,879771,0,0,S,8,1,428698,40.54,2008,26,152.48,35.99
59877,Historical,772598,0,0,S,7,1,1457171,193.79,2007,16,91.59,90.72
59878,Historical,146739,0,0,S,4,1,586672,180,2011,17,125,581.91
59879,Historical,634884,1,1,S,9,1,479277,166,2011,44,152.48,27.99
59880,Historical,290211,1,2,S,1,0,159660,216.75,2011,63,0,28.94
59881,Historical,146598,0,0,S,2,1,1474128,238.67,2010,13,0,0
59882,Historical,532997,1,1,S,2,1,844872,225.33,2009,117,0,12.98
59883,Historical,200378,0,0,S,3,1,2005672,257.95,2010,33,19.05,20.99
59884,Historical,169244,1,1,S,2,1,1186734,348.95,2006,33,214.8,82.95
59885,Historical,111073,0,0,S,2,1,104065,272.25,2009,34,71.74,56.69
59886,Historical,607226,1,1,S,6,1,938638,114,2001,67,152.48,13.99
59887,Historical,556628,0,0,S,0,0,97955,56.8,1998,54,0,20.2
59888,Historical,870951,0,0,S,2,1,217660,82.35,1994,51,138.91,49.13
59891,Historical,877701,1,2,S,5,1,376118,194,2013,19,97.03,175.8
59892,Historical,60046,1,1,S,4,1,1158867,338.95,1997,68,91.59,19.14
59893,Historical,55735,0,0,S,3,1,1867072,114,2002,34,93.78,38.94
59894,Historical,552373,0,0,S,7,1,696281,79.95,2011,57,0,8.99
59895,Historical,53759,0,0,S,0,0,33528,112.25,1999,191,21.01,65.79
59896,Historical,169655,1,1,S,12,1,1978792,347.95,2007,27,183.98,23.98
59897,Historical,115186,0,0,S,1,0,94908,116.6,2001,25,0,0
59898,Historical,114739,0,0,S,0,0,1350894,73.47,2001,88,4.74,23.37
59899,Historical,114926,0,0,S,2,1,1122549,111,2002,19,4.34,58.99
59900,Historical,768751,1,1,S,0,0,216532,92.1,1999,121,0,20.23
59901,Historical,112287,0,0,S,1,0,1176055,116.25,2004,40,0,0
59902,Historical,112337,0,0,S,1,0,588781,118.75,2007,39,0,0
59903,Historical,116636,0,0,S,1,0,594366,116.6,2005,30,0,0
59904,Historical,532995,0,0,S,2,1,49674,20,2010,84,4,9.99
59905,Historical,705051,0,0,S,4,1,2035468,155.94,2004,45,24.07,46.67
59906,Historical,54654,0,0,S,4,1,2318352,73.98,2005,18,24.07,98.89
59907,Historical,705528,0,0,S,6,1,1310269,0,2012,46,24.07,35.96
59908,Historical,878143,0,0,S,4,1,2819883,23.94,2006,33,24.07,23.41
59909,Historical,120878,1,2,S,3,1,106534,226.4,2007,56,86.56,83.99
59910,Historical,110231,1,1,S,6,1,56108,269.25,2011,92,24.07,17.17
59911,Historical,183636,0,0,S,2,1,1194892,291.95,2007,17,5.41,46.13
59912,Historical,116848,0,0,S,5,1,2216919,138.67,2005,24,28.77,27.01
59913,Historical,162429,0,0,S,1,0,1463684,58.98,2008,40,117.04,45.37
59914,Historical,532992,0,0,S,2,1,231845,18.99,2010,57,0,0
59915,Historical,532991,0,0,S,2,1,75649,9.99,2011,67,0,0
59916,Historical,532990,0,0,S,2,1,88112,18.99,2010,47,0,0
59917,Historical,2365018,0,0,S,3,1,1780363,39.45,1987,22,6.62,47.35
59918,Historical,2365017,0,0,S,3,1,573959,42.2,1987,23,6.62,61.13
59919,Historical,846806,1,2,S,0,0,1101734,73.16,1994,49,4.93,36.43
59920,Historical,845724,0,0,S,0,0,1105472,73.16,1991,47,4.93,50.79
59921,Historical,155399,1,5,S,0,0,36429,112.25,2000,163,0,57.45
59922,Historical,532989,0,0,S,5,1,358326,16.99,2009,77,0,0
59923,Historical,563142,0,0,S,8,1,318189,74.95,1997,49,114.49,57.9
59924,Historical,2502221,0,0,S,2,1,1127783,79.99,2000,22,58.92,51.03
59925,Historical,175348,1,1,S,1,0,44294,49.99,2001,30,0,0
59926,Historical,623704,0,0,S,3,1,1241849,89.99,1994,20,33.99,54.95
59928,Historical,145044,0,0,S,1,0,67043,174.4,2005,67,0,126.76
59929,Historical,739713,0,0,S,3,1,1098749,77.4,2004,20,60.31,98.78
59931,Historical,556622,0,0,S,3,1,363866,89.99,1997,25,0,0
59932,Historical,129721,0,0,S,3,1,661822,59.99,2003,25,0,0
59933,Historical,250161,0,0,S,1,0,597327,67.95,2006,54,0,0
59934,Historical,861869,0,0,S,1,0,365688,73.95,2014,25,50.49,51.48
59936,Historical,266389,0,0,S,3,1,7766,50.95,2010,103,26.99,37.96
59937,Historical,2031405,0,0,S,2,1,742051,40.95,2009,43,16.98,33.65
59939,Historical,231302,0,0,S,0,0,1439490,39.95,1995,63,43.98,19.52
59940,Historical,266394,0,0,S,3,1,8056,70.95,2011,96,43.98,50.98
59941,Historical,266364,0,0,S,2,1,83557,60.95,2007,38,24.13,44.92
59944,Historical,532982,0,0,S,2,1,37570,22,2010,27,0,0
59945,Historical,538230,0,0,S,2,1,94602,22,2010,30,0,0
59946,Historical,532980,0,0,S,2,1,585611,22,2010,32,0,0
59948,Historical,106559,0,0,S,2,1,127858,25,2006,24,0,0
59949,Historical,116350,1,1,S,3,1,1521412,166.93,2010,20,112.95,230.61
59950,Historical,618297,0,0,S,3,1,296360,55.95,2007,27,0,0
59951,Historical,248392,0,0,S,2,1,79257,55.95,2006,26,0,0
59952,Historical,1727363,0,0,S,0,0,980268,14.99,2013,17,17.97,11.93
59956,Historical,552307,0,0,S,1,0,337647,131.2,2008,40,0,0
59957,Historical,658085,0,0,S,0,0,21896,50,2013,53,29.46,29.23
59958,Historical,583363,0,0,S,2,1,237970,62,2011,25,35.94,37.16
59959,Historical,545763,0,0,S,8,1,54598,32,2012,59,19.03,28.88
59960,Historical,1690094,0,0,S,0,0,144928,39.95,2011,19,21.05,23.39
59961,Historical,308069,0,0,S,1,0,421048,75,2007,16,0,0
59962,Historical,771902,0,0,S,2,1,741617,138.95,2004,35,8.62,26.52
59963,Historical,117480,0,0,S,2,1,288080,158,2003,26,0,0
59965,Historical,1518971,0,0,S,4,1,9488,55.95,2015,40,44.73,35.89
59967,Historical,616507,0,0,S,6,1,693487,145.95,2003,41,7.25,71.18
59968,Historical,248288,0,0,S,6,1,96359,291.95,2003,86,10.2,73.96
59969,Historical,905855,0,0,S,40,1,2375703,201,2008,19,53.94,73.47
59970,Historical,131060,1,1,S,6,1,1875724,123,2011,20,109.02,18.94
59972,Historical,113417,0,0,S,2,1,346581,47.95,2005,27,0,0
59973,Historical,607822,0,0,S,2,1,835981,28,2001,22,35.97,13.82
59974,Historical,610013,0,0,S,4,1,292302,43,2013,27,35.97,42.6
59975,Historical,549668,0,0,S,1,0,600802,114,2009,22,0,0
59976,Historical,202275,0,0,S,1,0,471662,185.95,2002,47,0,0
59977,Historical,135607,0,0,S,4,1,1287671,35.95,2006,45,26.94,22.86
59978,Historical,867693,0,0,S,5,1,30980,48,2014,50,32.49,26.94
59979,Historical,53821,0,0,S,1,0,1466754,43.1,2008,53,66.35,23.99
59980,Historical,173708,0,0,S,2,1,261887,34.99,2003,77,17.03,23.99
59981,Historical,210900,0,0,S,2,1,161210,73.95,2003,27,11.51,51.99
59982,Historical,551883,0,0,S,4,1,468811,107.2,2001,45,15.94,12.97
59983,Historical,116269,1,2,S,5,1,516845,141.75,2007,41,15.94,73.89
59984,Historical,734459,0,0,S,3,1,1412318,66,2005,23,43.14,17.97
59985,Historical,1946542,0,0,S,6,1,8555,79.25,2014,84,46.61,43.94
59986,Historical,141243,0,0,S,2,1,853531,43.1,2001,63,0,39.12
59987,Historical,154383,0,0,S,6,1,1534723,78.1,2003,36,0,26.98
59988,Historical,748063,0,0,S,5,1,1009102,51.5,1999,54,0,20.05
59989,Historical,3513260,0,0,S,10,1,372293,87.5,2016,35,0,53.98
59990,Historical,3513261,0,0,S,10,1,374594,87.5,2016,48,0,53.98
59991,Historical,169752,0,0,S,6,1,898140,172.95,2008,58,8.39,78.14
59992,Historical,764574,0,0,S,3,1,1615574,90.95,1998,39,70.49,16.27
59993,Historical,630665,1,1,S,0,0,1115460,134,2005,33,63.18,51.8
59994,Historical,182867,0,0,S,2,1,222316,103.95,2006,20,0,0
59995,Historical,182868,0,0,S,2,1,400325,103.95,2005,26,10.99,42.85
59996,Historical,555510,0,0,S,2,1,3210253,45.25,2003,50,34.32,5.93
59997,Historical,555217,0,0,S,0,0,470698,50,1994,45,0,22.94
59998,Historical,124051,1,1,S,5,1,482885,193.95,1999,35,0,14.26
59999,Historical,246663,0,0,S,2,1,30574,52.95,2009,53,31.11,34.89
60000,Historical,145456,0,0,S,7,1,908988,88,2006,44,5.1,26.9
60001,Historical,133184,0,0,S,8,1,257082,120.33,2010,64,5.1,17.86
60002,Historical,144653,0,0,S,7,1,473812,95.2,2004,44,83.98,13
60003,Historical,144284,1,3,S,6,1,1690635,87.6,2001,52,83.98,19.58
60004,Historical,607872,0,0,S,6,1,782099,80,2001,34,89,27.99
60005,Historical,288557,0,0,S,7,1,922747,95.2,2004,59,89,9.35
60006,Historical,871128,0,0,S,0,0,656413,117.85,1999,74,0,43.23
60007,Historical,110756,0,0,S,10,1,31979,126.25,2006,100,55.68,63.4
60008,Historical,1535891,1,1,S,1,0,50731,86.25,2015,46,0,67.56
60009,Historical,1535892,1,1,S,1,0,30585,86.25,2015,35,0,53.99
60011,Historical,186162,0,0,S,2,1,1070669,42,1997,92,0,0
60012,Historical,145378,0,0,S,3,1,326399,64.6,2005,35,0,0
60013,Historical,612869,0,0,S,3,1,702166,23.99,2005,98,86.58,14.33
60014,Historical,856245,0,0,S,0,0,357214,86.77,2006,61,0,17.6
60015,Historical,145288,0,0,S,2,1,3330710,27.4,2005,43,9.98,8.99
60016,Historical,671892,0,0,S,3,1,6765,39.99,2012,41,0,0
60017,Historical,616589,0,0,S,2,1,302639,58.75,1994,54,11.5,38.81
60018,Historical,1427124,0,0,S,0,0,355253,101.45,2007,17,0,53.99
60019,Historical,286456,1,1,S,6,1,144925,131.4,2009,60,24.53,73.85
60020,Historical,2331403,0,0,S,1,0,287165,79.55,1993,110,79.96,10.72
60021,Historical,206560,0,0,S,0,0,165832,50,2003,69,4,43.41
60022,Historical,195183,0,0,S,3,1,45610,107,2009,32,70,76.96
60023,Historical,468700,0,0,S,3,1,837710,156,2009,62,6.04,25.94
60024,Historical,130601,0,0,S,16,1,106552,151.95,2011,62,83.99,60.69
60025,Historical,195182,0,0,S,3,1,961002,99,2009,27,81.45,71.97
60026,Historical,636939,1,1,S,10,1,388250,55,2013,29,43.5,55
60027,Historical,57759,0,0,S,6,1,5258521,72.95,2002,23,61.91,33.98
60028,Historical,268831,0,0,S,9,1,1042391,50,2011,32,43.5,22.45
60030,Historical,624304,0,0,S,2,1,214330,199.95,2011,32,16.37,53.99
60031,Historical,505040,0,0,S,2,1,1010550,225,2008,30,37.99,200.99
60032,Historical,578590,1,1,S,8,1,181265,43,2005,24,0,18.99
60033,Historical,416672,0,0,S,1,0,876845,141.57,2008,73,163.63,6.87
60034,Historical,133314,1,2,S,4,1,69202,79.2,2011,63,33.17,59.77
60035,Historical,537007,0,0,S,4,1,1143915,87.87,2011,24,12.95,84.5
60036,Historical,2018334,0,0,S,9,1,975369,109.95,2014,22,29.25,9.62
60037,Historical,664524,0,0,S,8,1,1843640,99.95,2013,12,29.25,41.19
60038,Historical,541416,1,1,S,5,1,154354,79.95,2013,33,56.98,56.36
60039,Historical,51411,0,0,S,12,1,1933271,8.84,2005,74,73.11,8.41
60040,Historical,51413,0,0,S,13,1,1471296,8.89,2007,53,73.11,4.99
60041,Historical,2333884,0,0,S,12,1,1400569,77.5,1991,47,62,22.94
60042,Historical,2333883,0,0,S,11,1,4145057,37.97,1987,25,62,36.98
60047,Historical,55014,0,0,S,7,1,17350,178,2010,80,67.48,95.69
60048,Historical,288652,0,0,S,7,1,98327,106.8,2007,44,28.69,49.41
60049,Historical,61174,0,0,S,6,1,1798932,60.8,2004,22,28.69,12.94
60050,Historical,532961,1,1,S,2,1,137563,54.95,2008,71,22.78,38.99
60051,Historical,612052,0,0,S,2,1,414557,80,2013,31,78.49,66.15
60052,Historical,177815,0,0,S,6,1,174026,213.95,2002,35,32.92,4.99
60053,Historical,866984,0,0,S,7,1,120870,54.95,2014,32,40.56,43.07
60054,Historical,177837,0,0,S,7,1,882702,202.95,2007,45,32.92,52.3
60056,Historical,652515,0,0,S,2,1,194093,54.95,2012,27,46.85,42.53
60057,Historical,288519,0,0,S,14,1,978442,40,2001,59,48.49,13.97
60058,Historical,243965,0,0,S,10,1,317583,103.95,2011,39,36.39,111.02
60059,Historical,539557,1,2,S,0,0,204949,135.5,2008,138,4.92,23.91
60060,Historical,130611,0,0,S,19,1,32928,102.8,2011,66,48.49,73.49
60061,Historical,630952,0,0,S,3,1,621574,66.95,2011,40,73.95,10.07
60062,Historical,158313,0,0,S,5,1,1028443,69.95,2009,56,73.95,20.8
60063,Historical,290981,0,0,S,2,1,910426,220.95,2011,33,5.18,96.77
60064,Historical,1556667,0,0,S,3,1,295699,54.95,2013,28,34.51,33.68
60065,Historical,452927,0,0,S,1,0,1256246,194.95,2010,34,93.99,27.11
60066,Historical,1827038,1,10,S,8,1,55138,82.95,2014,62,52.1,67.78
60067,Historical,170166,0,0,S,15,1,1520686,260.95,2011,39,39.66,9.32
60068,Historical,51087,0,0,S,13,1,2122649,183.95,2007,70,117.98,4.58
60070,Historical,183070,0,0,S,7,1,398328,161.95,2004,60,103.99,11.94
60071,Historical,290976,0,0,S,2,1,756054,171.95,2011,50,5.71,46.78
60072,Historical,177826,0,0,S,9,1,223655,100.95,2005,37,0,0
60073,Historical,145096,0,0,S,3,1,2608299,121.8,2005,29,18.93,6.82
60074,Historical,567778,0,0,S,2,1,1053908,225.95,2011,43,5.18,64.15
60075,Historical,551765,0,0,S,0,0,356207,123,2003,108,4.92,16.59
60076,Historical,873463,0,0,S,2,1,670658,75.95,2014,28,29.77,21.99
60077,Historical,541252,0,0,S,12,1,176970,66,2013,53,33.99,27.98
60078,Historical,625615,1,1,S,13,1,9768,48.99,2013,54,33.99,47.44
60079,Historical,153983,0,0,S,10,1,2680707,70,2007,40,45.73,21.75
60080,Historical,652281,0,0,S,13,1,47943,60.19,2013,43,45.73,68.33
60081,Historical,540096,1,2,S,12,1,13985,219.2,2012,84,133.24,33.99
60082,Historical,532951,0,0,S,4,1,17523,17,2010,47,0,0
60083,Historical,540374,0,0,S,4,1,6308,16,2013,32,9.48,9.94
60084,Historical,864066,0,0,S,5,1,44879,60,2011,43,25.98,33.98
60085,Historical,613305,0,0,S,3,1,218538,50,1992,151,8.87,21.93
60086,Historical,108662,0,0,S,11,1,1309466,0.5,2003,49,187.07,17.2
60087,Historical,287580,0,0,S,2,1,506788,64.6,2007,14,0,0
60089,Historical,285350,0,0,S,12,1,795793,11.26,2005,52,92.99,9.77
60090,Historical,416569,1,1,S,12,1,1697706,10.48,2006,21,88.41,9.76
60091,Historical,1471578,0,0,S,2,1,26853,62.95,2014,38,43.13,50.62
60092,Historical,556486,0,0,S,1,0,49546,49.95,2012,86,0,0
60093,Historical,1471577,0,0,S,2,1,43719,69.95,2014,48,51.83,43.98
60094,Historical,1471579,1,1,S,2,1,42651,69.95,2014,57,33.33,48.93
60095,Historical,922604,1,1,S,0,0,204233,60,1993,146,0,48.05
60096,Historical,903660,0,0,S,0,0,65845,65,2011,12,36.48,39.78
60097,Historical,254382,0,0,S,3,1,312170,48,2010,23,15.99,40.45
60098,Historical,545812,0,0,S,5,1,96086,86,2012,21,43.27,68.24
60099,Historical,133373,0,0,S,5,1,349950,64.6,2010,29,27.43,39.94
60100,Historical,532946,0,0,S,5,1,435027,105.2,2010,41,29.04,53.21
60101,Historical,614473,1,1,S,7,1,66673,158.4,2013,45,41.05,58.99
60102,Historical,557049,0,0,S,6,1,698994,125.2,2011,48,8.49,63.98
60103,Historical,708787,0,0,S,5,1,778195,115.92,2006,51,18.96,39.61
60104,Historical,130971,0,0,S,2,1,241020,67.6,2011,55,4.76,34.88
60105,Historical,120358,0,0,S,1,0,1236094,53.4,2007,37,4.76,16.98
60106,Historical,131050,0,0,S,6,1,468164,99.6,2011,40,6.22,54.43
60107,Historical,286177,0,0,S,4,1,616204,69.33,2006,51,33.99,22.94
60108,Historical,154270,0,0,S,2,1,938084,48.25,1998,34,0,18.97
60109,Historical,127586,0,0,S,4,1,91879,76.95,2010,46,59.17,64.79
60110,Historical,592762,0,0,S,1,0,475392,52,2008,21,18.99,72.95
60111,Historical,577503,0,0,S,0,0,212529,55.97,2006,53,0,9.93
60112,Historical,861154,0,0,S,2,1,528745,57.8,2013,40,27.83,57.8
60113,Historical,130910,1,1,S,3,1,89086,74,2011,25,43.59,71.94
60114,Historical,297871,0,0,S,3,1,61107,223.95,2012,45,33.91,74.2
60115,Historical,164650,1,1,S,4,1,58216,45,2004,156,4,17.23
60116,Historical,540119,0,0,S,2,1,98356,75,2012,25,32.97,61.52
60117,Historical,712861,0,0,S,0,0,1350053,85.9,2002,39,0,43.89
60118,Historical,876491,0,0,S,12,1,1122458,140.35,2005,40,69.85,15.48
60119,Historical,101437,0,0,S,0,0,789335,118.7,2005,48,12.17,37.98
60121,Historical,692752,0,0,S,1,0,687388,132,2005,24,10.21,42.53
60122,Historical,54192,0,0,S,14,1,39464,178.2,2011,27,83.99,83.83
60123,Historical,112232,0,0,S,2,1,942904,117.96,2003,58,5.48,61.35
60124,Historical,2304441,0,0,S,2,1,802948,102.79,1994,43,5.48,13.97
60125,Historical,461690,1,1,S,13,1,346115,198.95,2005,40,117.78,53.99
60126,Historical,613150,0,0,S,10,1,1406223,259.95,1993,88,4,9.56
60127,Historical,182525,0,0,S,12,1,915980,118.95,2001,122,33.86,7.99
60128,Historical,532941,0,0,S,14,1,1514386,41.95,2009,40,9.45,19.62
60129,Historical,177859,0,0,S,2,1,3041370,108.95,2003,32,9.83,10.92
60130,Historical,291750,1,1,S,4,1,208747,103.95,2009,79,9.83,41.33
60131,Historical,179169,0,0,S,4,1,305443,229.95,2008,35,13.9,124.07
60132,Historical,179168,0,0,S,4,1,71570,82.95,2009,45,13.9,32.99
60133,Historical,179170,0,0,S,4,1,724974,229.95,2008,38,16.67,81.28
60134,Historical,179167,0,0,S,4,1,130659,82.95,2009,38,16.67,50.69
60135,Historical,713090,0,0,S,0,0,487584,137.5,2001,82,63.18,16.78
60136,Historical,607889,0,0,S,6,1,1573968,123,2003,33,91.35,86.72
60137,Historical,560764,0,0,S,6,1,2893303,99,2003,56,4.98,18.99
60138,Historical,288611,0,0,S,7,1,1392575,99,2005,61,4.98,18.99
60139,Historical,560765,0,0,S,6,1,2791388,99,2003,49,13.13,5.29
60140,Historical,861734,0,0,S,2,1,430401,54.95,2013,14,43.77,39.58
60141,Historical,594456,0,0,S,6,1,541461,34,2010,46,21.6,28.75
60142,Historical,183607,0,0,S,7,1,600068,126.95,2007,72,4.53,56.35
60143,Historical,747027,0,0,S,2,1,602461,30.98,2010,31,81.99,30.98
60144,Historical,609924,0,0,S,4,1,7387,99.95,2013,94,74.57,75.37
60145,Historical,2402281,0,0,S,0,0,667702,75,1990,42,35.95,41.32
60146,Historical,110755,0,0,S,3,1,198034,73.69,2006,64,19.64,45.37
60147,Historical,109605,0,0,S,3,1,272042,76.75,2006,63,4,36.62
60148,Historical,201721,0,0,S,2,1,442655,47.95,2006,17,0,31.29
60149,Historical,144368,0,0,S,0,0,88298,172.95,2007,41,108.91,68.17
60150,Historical,2474242,0,0,S,2,1,7496391,51,1985,21,31.52,47.07
60151,Historical,607896,0,0,S,6,1,2687485,56,2003,26,11.46,32.46
60152,Historical,607948,1,3,S,7,1,1522100,70.8,2006,49,11.46,11.38
60153,Historical,607769,0,0,S,8,1,609174,106.8,2010,65,11.46,18.83
60154,Historical,145513,0,0,S,7,1,564052,68.6,2006,43,4.21,37.82
60155,Historical,133200,0,0,S,8,1,92374,93,2010,44,4.21,52.55
60157,Historical,707946,0,0,S,2,1,665148,102.62,2005,18,10.26,53.93
60159,Historical,707999,0,0,S,2,1,1738778,58.94,2004,12,11.94,57.94
60160,Historical,101219,0,0,S,2,1,962700,57.95,2000,30,22.66,35.84
60161,Historical,532928,0,0,S,8,1,281616,124.4,2007,46,28.64,92.99
60162,Historical,200868,0,0,S,2,1,280365,16.99,2006,39,8.79,41.24
60163,Historical,103419,0,0,S,0,0,102550,26.99,2012,180,0,11.99
60165,Historical,622588,0,0,S,1,0,335529,131.4,2012,48,63.99,63.23
60166,Historical,903734,0,0,S,2,1,29997,57,2015,43,39.5,38.98
60167,Historical,169985,1,1,S,12,1,105796,150.95,2009,75,19.28,38.86
60168,Historical,713561,0,0,S,4,1,6149591,58,1998,26,88.44,47.59
60169,Historical,861875,0,0,S,3,1,41323,158.4,2014,83,41.86,49.84
60170,Historical,874338,1,1,S,3,1,1195425,92,2014,18,53.98,66.55
60171,Historical,872573,1,1,S,3,1,56750,125.8,2014,49,51.31,84.99
60172,Historical,53359,0,0,S,10,1,2713474,183.95,2003,59,113.99,8.18
60174,Historical,532921,1,1,S,6,1,1190196,0,2005,69,4.35,23.98
60175,Historical,243783,0,0,S,3,1,91166,29.95,2011,30,19.95,22.29
60176,Historical,918049,0,0,S,4,1,7577,45.32,2014,69,28.99,32.19
60177,Historical,721728,0,0,S,1,0,571580,74,2008,54,7.19,23.82
60178,Historical,859768,0,0,S,1,0,340611,94,2008,42,30.43,78.94
60179,Historical,628870,0,0,S,2,1,1125464,112.95,2005,32,6.45,79.99
60180,Historical,278566,0,0,S,2,1,512985,76.95,2005,22,6.45,32.29
60181,Historical,772127,1,2,S,0,0,403992,107.3,2005,70,0,23.85
60182,Historical,182638,1,2,S,0,0,740163,144.75,2001,31,25.09,53.86
60183,Historical,553315,0,0,S,2,1,746671,167.2,1995,34,0,63.97
60184,Historical,560003,0,0,S,2,1,242369,35.07,2005,44,10.86,37.77
60185,Historical,177586,0,0,S,7,1,3676079,98.95,2001,34,93.98,19
60186,Historical,2087346,0,0,S,3,1,997353,75,2014,12,58.12,38.98
60188,Historical,2604197,0,0,S,2,1,349125,34.99,2003,48,10.97,19.49
60189,Historical,540417,0,0,S,5,1,1455432,118.25,2004,48,39.83,41.43
60190,Historical,141630,0,0,S,5,1,2768741,5.37,2003,50,71.99,4.9
60191,Historical,141631,0,0,S,5,1,2025504,6.38,2003,58,61.91,6.34
60192,Historical,2337403,0,0,S,3,1,2458501,33.5,1995,92,33.99,17.88
60193,Historical,132488,0,0,S,4,1,3108936,46.67,2007,42,5.97,33.98
60194,Historical,133385,0,0,S,7,1,200854,73.8,2010,64,5.97,59.28
60195,Historical,145469,0,0,S,3,1,3362789,46.67,2007,26,5.97,40.19
60196,Historical,132820,1,1,S,5,1,425105,50.6,2008,58,5.97,34.92
60197,Historical,848029,0,0,S,0,0,1082932,89.68,1997,46,0,43.9
60201,Historical,132087,0,0,S,5,1,361942,157.8,2005,105,23.84,70.21
60202,Historical,721558,0,0,S,1,0,345221,65.95,2006,18,0,52.37
60203,Historical,532918,0,0,S,2,1,559438,37,2012,12,23.93,34.62
60204,Historical,608619,1,1,S,2,1,29902,182.95,2004,59,58.99,53.99
60205,Historical,132001,0,0,S,2,1,106885,145.6,2005,37,31.1,110.57
60206,Historical,176935,0,0,S,2,1,141555,127.95,2002,27,27.99,72.41
60207,Historical,542159,1,1,S,2,1,75708,34.99,2012,103,27.99,26.24
60208,Historical,538856,0,0,S,5,1,24057,140.75,2013,67,78.99,86.67
60209,Historical,541452,0,0,S,2,1,1509486,54.95,2012,40,8.44,38.98
60210,Historical,543686,0,0,S,2,1,849417,34.99,2013,15,0,31.2
60211,Historical,541445,1,2,S,4,1,317057,54.95,2012,22,9.48,39.69
60212,Historical,533122,0,0,S,2,1,683361,91.95,2005,39,42.91,71.76
60214,Historical,123982,0,0,S,3,1,844969,152.95,2001,30,0,0
60215,Historical,915798,0,0,S,1,0,1505231,65,2000,37,38.97,36.6
60216,Historical,576711,0,0,S,5,1,1185613,77.95,2009,28,4.73,44.71
60217,Historical,663944,0,0,S,2,1,1322990,51.95,2013,21,27.52,40.81
60218,Historical,157391,0,0,S,11,1,455390,49.95,2007,23,6.93,20.98
60219,Historical,248230,0,0,S,1,0,345114,27,2011,23,25.46,23.41
60220,Historical,555524,0,0,S,1,0,665930,49.95,2003,19,0,29.75
60221,Historical,652499,0,0,S,2,1,129385,54.99,2012,40,25.69,33.21
60222,Historical,1671351,0,0,S,2,1,145446,149.95,2008,14,21.83,53.66
60223,Historical,172666,0,0,S,3,1,507905,74.99,2011,34,53.87,35.29
60226,Historical,157555,0,0,S,2,1,668165,39.95,2009,38,21.37,39.95
60227,Historical,2584274,0,0,S,0,0,843420,100,1981,40,0,31.81
60228,Historical,914442,0,0,S,1,0,670084,260.95,2000,31,0,161.79
60229,Historical,410751,0,0,S,5,1,4514389,143,2006,13,15.98,73.98
60230,Historical,631946,0,0,S,1,0,255712,99.95,1990,54,31.03,94.37
60231,Historical,333172,0,0,S,2,1,340645,47.95,2010,28,38.99,39.67
60232,Historical,347561,0,0,S,2,1,769569,84.99,2007,29,75.04,67.92
60233,Historical,922122,0,0,S,3,1,756916,119.95,1993,98,46.89,13.93
60234,Historical,109301,0,0,S,2,1,36523,92.62,2007,52,15.54,73.97
60235,Historical,529113,0,0,S,2,1,578905,46.95,2012,24,14.47,33.3
60236,Historical,217243,0,0,S,2,1,669901,58,2003,33,30.99,53.51
60237,Historical,246613,0,0,S,1,0,104485,72.95,2009,27,0,33.99
60238,Historical,60061,0,0,S,4,1,2913880,83.95,2002,39,74.54,18.98
60239,Historical,908021,0,0,S,2,1,197675,69.95,2014,22,27.89,48.99
60240,Historical,632051,0,0,S,0,0,47929,121.95,2013,46,0,35.64
60241,Historical,128055,0,0,S,3,1,630977,105,1998,19,0,63.13
60242,Historical,347185,0,0,S,2,1,618365,94.99,1996,24,50.95,63.97
60243,Historical,1589963,0,0,S,1,0,1181362,64.99,2014,13,0,53.02
60244,Historical,1930051,0,0,S,2,1,1614821,59.95,2013,18,45.15,46.74
60245,Historical,174650,0,0,S,0,0,335602,49.99,2000,38,0,31.77
60246,Historical,144715,0,0,S,8,1,752927,229,2003,37,42.96,97.18
60247,Historical,184673,0,0,S,2,1,803852,106.95,2003,40,18.12,55.71
60248,Historical,297465,0,0,S,2,1,26680,49.5,1996,82,28.34,34.77
60250,Historical,156646,0,0,S,2,1,3813014,39.95,1999,43,26.79,8.78
60251,Historical,201761,0,0,S,2,1,298643,52.95,2010,30,13.85,48.08
60252,Historical,174797,0,0,S,0,0,566545,64.99,2000,25,0,43
60253,Historical,385876,0,0,S,2,1,673967,43.99,2008,23,10.22,34.95
60254,Historical,225671,0,0,S,2,1,522731,125.95,2001,45,11.78,62.01
60255,Historical,163182,0,0,S,2,1,1252580,78.95,2010,29,38.87,43.4
60256,Historical,385719,0,0,S,2,1,774060,46.95,2005,30,37,36.17
60257,Historical,196776,0,0,S,4,1,1869626,81.95,2007,16,0,55.23
60258,Historical,126048,1,1,S,1,0,142767,133.95,2003,77,33.98,63.99
60259,Historical,137111,0,0,S,0,0,478097,43,1998,24,0,21.62
60260,Historical,54169,0,0,S,8,1,284968,22.94,2004,183,129.99,13.74
60262,Historical,544602,0,0,S,7,1,117196,53,2013,20,46.04,114.13
60263,Historical,664664,0,0,S,1,0,660531,51.95,2013,15,0,36.19
60264,Historical,900778,0,0,S,3,1,856939,54.99,2004,15,0,36.85
60265,Historical,320801,0,0,S,3,1,687330,78,2007,17,23.89,48.99
60266,Historical,355665,0,0,S,2,1,371523,48.95,2005,18,0,35.94
60267,Historical,152202,0,0,S,2,1,285206,49.95,2008,17,0,0
60268,Historical,199888,0,0,S,6,1,4312269,84.95,2004,43,18.41,7.49
60269,Historical,52603,0,0,S,4,1,3494906,74.95,2001,42,99.13,13.94
60270,Historical,280502,0,0,S,0,0,731961,59.95,2006,14,59.43,19.93
60271,Historical,867336,0,0,S,3,1,470054,64.99,2014,25,47.99,48.97
60272,Historical,899069,0,0,S,3,1,566233,53.95,2013,40,34.98,33.31
60273,Historical,175026,0,0,S,3,1,865485,34.99,2010,50,31.87,22.94
60274,Historical,899204,0,0,S,2,1,553222,49.99,2014,18,0,30.22
60275,Historical,1556589,0,0,S,3,1,1007340,34.95,2013,27,25.51,15.48
60276,Historical,3641536,0,0,S,5,1,84540,35.95,2016,11,0,31.11
60277,Historical,181418,0,0,S,3,1,2283968,52.5,2004,41,23.89,38.38
60278,Historical,622932,0,0,S,3,1,1697156,203.95,1989,33,5.97,43.99
60279,Historical,861159,0,0,S,2,1,81466,84.99,2013,38,59.56,54.66
60280,Historical,391678,0,0,S,2,1,1446249,99,2004,22,72.84,72.98
60281,Historical,129094,0,0,S,2,1,1053281,76.95,2008,31,22.44,35.32
60282,Historical,2131760,0,0,S,3,1,492663,59.95,2015,13,60.39,52.55
60283,Historical,190407,0,0,S,10,1,174139,172,1996,94,5.84,38.99
60284,Historical,867251,0,0,S,2,1,42696,62.99,2014,57,48.48,43.44
60286,Historical,905471,0,0,S,2,1,1374197,99.99,2014,22,47.99,78.02
60287,Historical,287281,0,0,S,0,0,34655,34.99,2006,29,0,0
60288,Historical,908420,0,0,S,2,1,1592104,125,2014,27,68.99,38.29
60289,Historical,121834,0,0,S,4,1,2741679,72,1998,55,4.92,8.98
60291,Historical,332636,0,0,S,2,1,344723,46,2007,14,0,30.8
60292,Historical,403688,0,0,S,1,0,621360,65,2007,19,0,44.42
60293,Historical,339047,0,0,S,3,1,980557,65,2006,18,0,0
60294,Historical,246736,0,0,S,2,1,153958,43.95,2009,52,23.25,29.62
60295,Historical,563164,0,0,S,2,1,615499,109,1998,25,83.99,79.97
60296,Historical,1554126,0,0,S,2,1,1059004,59.95,2013,20,0,44.72
60298,Historical,190386,0,0,S,2,1,162436,82.42,1999,79,39.09,58.99
60299,Historical,163281,0,0,S,2,1,1390066,109,2003,17,0,71.16
60300,Historical,545131,0,0,S,0,0,211287,42.99,2011,31,23.82,28.28
60301,Historical,385772,0,0,S,1,0,529665,66.95,2010,38,0,33.86
60302,Historical,128790,0,0,S,2,1,709631,55,2001,43,44.37,40.04
60303,Historical,896815,0,0,S,2,1,212179,49,2014,21,30.99,34.18
60304,Historical,139318,0,0,S,1,0,93542,45,2003,37,0,23.98
60305,Historical,301635,0,0,S,2,1,741528,49.95,2010,13,0,49.95
60306,Historical,528930,0,0,S,4,1,548479,59.99,2011,45,10.81,34.97
60307,Historical,612177,0,0,S,2,1,199468,47,2013,22,31.74,26.5
60309,Historical,223493,0,0,S,0,0,32227,50,2004,19,0,32.99
60311,Historical,184852,0,0,S,0,0,325305,30,2003,43,19.99,13.94
60312,Historical,184457,0,0,S,1,0,904377,56.95,2002,15,0,38.75
60313,Historical,128923,0,0,S,3,1,212534,40,2004,17,0,0
60314,Historical,312126,0,0,S,4,1,3500524,52.95,1997,25,55.19,52.67
60315,Historical,247659,0,0,S,2,1,1255482,67,2009,19,0,33.47
60316,Historical,905356,0,0,S,5,1,1014536,85,1980,28,29.99,61.15
60317,Historical,300536,0,0,S,7,1,571635,85,2009,32,56.85,66.99
60318,Historical,121741,0,0,S,5,1,874827,130.75,1998,40,82.01,21.99
60319,Historical,156855,0,0,S,2,1,295646,44.95,2004,61,8.99,31.71
60320,Historical,203660,0,0,S,2,1,1501217,55.95,2004,49,39.97,10.99
60321,Historical,897187,0,0,S,2,1,1924479,69.99,2014,15,43.27,48.97
60322,Historical,108478,0,0,S,2,1,15921,170.25,2005,97,45.97,68.98
60323,Historical,101179,0,0,S,5,1,640860,272.95,1999,59,6.89,46.44
60324,Historical,290873,0,0,S,1,0,992274,130.95,2006,31,0,0
60325,Historical,527454,0,0,S,3,1,148266,121.99,2004,60,81.88,43.89
60326,Historical,190452,0,0,S,9,1,480301,65.56,1997,41,13.04,76.93
60327,Historical,196411,0,0,S,2,1,9317547,93,2000,15,48.34,114.15
60328,Historical,542517,0,0,S,5,1,1615109,134,2013,15,48.34,51.98
60329,Historical,906975,0,0,S,2,1,966501,140,2014,32,14.39,34.04
60330,Historical,50789,0,0,S,6,1,524814,0.01,2000,60,118.74,8.86
60331,Historical,416622,0,0,S,9,1,549497,53.9,2008,44,118.74,38.98
60332,Historical,104927,0,0,S,2,1,714520,119.69,2000,30,19.45,11.99
60334,Historical,446642,0,0,S,3,1,101678,150,2010,43,49.86,72.87
60335,Historical,125746,0,0,S,0,0,1073712,61.95,1998,27,78.99,63.85
60336,Historical,655291,0,0,S,2,1,636565,36.99,2012,59,26.24,33.99
60337,Historical,649373,0,0,S,2,1,771731,167.63,1992,48,24,60.23
60339,Historical,541830,0,0,S,7,1,313621,289,2013,49,11.49,72.57
60340,Historical,568974,0,0,S,0,0,1292096,64.99,2007,19,0,55.83
60341,Historical,625616,1,1,S,0,0,35603,88.95,2013,55,86.73,58.99
60342,Historical,1480584,0,0,S,1,0,359742,85,2013,15,0,67.63
60343,Historical,119441,0,0,S,1,0,315440,115,2011,36,0,82.29
60344,Historical,289439,0,0,S,2,1,245749,50.75,2011,37,37.01,43.47
60345,Historical,154342,0,0,S,0,0,1589104,7.72,2001,41,37.01,4.13
60346,Historical,534214,0,0,S,2,1,65771,32.95,2008,63,22.73,29.17
60347,Historical,57326,0,0,S,3,1,330464,15.64,2004,24,80.59,15.64
60348,Historical,177744,0,0,S,2,1,1999495,66.95,2001,42,134.11,38.94
60351,Historical,2703749,0,0,S,6,1,86455,52.97,2005,26,11.38,28.88
60353,Historical,177399,0,0,S,4,1,78333,126.95,2005,56,32.74,40.85
60354,Historical,613483,0,0,S,1,0,173119,60.75,2007,58,106.49,12.99
60355,Historical,187977,1,1,S,4,1,937587,67.95,1998,45,75.99,52.49
60356,Historical,878801,0,0,S,3,1,669466,62.5,1993,36,75.99,66
60359,Historical,2582579,0,0,S,0,0,245040,14.95,2004,30,31.61,13.13
60360,Historical,864831,0,0,S,3,1,713157,212.5,2012,20,15.96,83.97
60361,Historical,551162,0,0,S,5,1,817507,226.5,2011,18,115.28,101.48
60362,Historical,861166,1,3,S,5,1,82274,175.07,2013,38,113.09,103.94
60363,Historical,617086,1,2,S,7,1,107926,173.75,1998,40,51.93,67.81
60364,Historical,631472,0,0,S,6,1,770171,150,2011,34,128.95,41.76
60365,Historical,212451,0,0,S,2,1,2819084,8.13,2004,81,113.09,14.98
60366,Historical,146108,0,0,S,2,1,224838,254.6,2010,97,29.15,53.99
60367,Historical,533522,0,0,S,3,1,86546,303,2012,104,15.96,46.04
60368,Historical,146991,0,0,S,5,1,842057,115,2002,48,152.94,12.99
60369,Historical,203796,0,0,S,3,1,327689,92.99,2011,48,69.32,58.09
60371,Historical,532898,0,0,S,2,1,11147,9.99,2011,54,8.74,8.07
60372,Historical,56109,0,0,S,6,1,374027,61.6,1999,48,41.79,18.89
60373,Historical,56110,1,3,S,7,1,841520,79,2002,62,41.79,17.96
60374,Historical,864570,0,0,S,11,1,11292,82.4,2014,50,41.79,62.94
60375,Historical,118715,0,0,S,2,1,55670,140.67,2007,61,17.9,72.75
60376,Historical,1456746,0,0,S,2,1,411688,42,2010,35,0,68.47
60377,Historical,552801,0,0,S,2,1,762245,110.93,2010,22,46.98,83.99
60378,Historical,542534,0,0,S,3,1,587644,56.95,2012,25,40.46,42.46
60379,Historical,190811,0,0,S,12,1,5339962,35.95,2005,16,23.42,55.07
60380,Historical,146102,1,1,S,2,1,85227,254.6,2009,29,29.15,156.53
60381,Historical,743940,0,0,S,7,1,979054,94.95,2009,21,92.54,73.41
60382,Historical,743854,1,1,S,7,1,1147904,104,2009,21,92.54,61.05
60383,Historical,2485556,0,0,S,4,1,6136587,52.95,1999,14,92.54,9.95
60384,Historical,253969,0,0,S,4,1,203637,62.95,2010,130,10.19,47.48
60385,Historical,867621,0,0,S,2,1,246451,50.99,2013,19,21.94,26.54
60386,Historical,661650,0,0,S,5,1,2683481,95.95,2009,11,50.46,4.73
60387,Historical,2663142,0,0,S,4,1,559060,69.95,1997,44,36.75,18.98
60388,Historical,2098002,0,0,S,5,1,14014,24.99,2014,37,16.47,15.38
60389,Historical,151001,0,0,S,2,1,821578,19.99,2003,149,15.64,11.21
60390,Historical,532896,0,0,S,4,1,219129,39,2010,41,8.27,16.98
60391,Historical,573846,0,0,S,0,0,88707,41.95,2000,44,0,18.49
60392,Historical,674479,0,0,S,1,0,162298,28.5,1993,129,24.99,18.99
60393,Historical,58155,0,0,S,6,1,3835084,54.95,1997,22,63.42,9.2
60394,Historical,50332,0,0,S,6,1,20410,124.8,2008,55,65.99,92.67
60395,Historical,2168543,0,0,S,2,1,189393,44.95,2014,25,0,35
60396,Historical,550503,0,0,S,1,0,520567,119.25,2013,27,0,58.99
60397,Historical,294204,0,0,S,2,1,1063731,53.99,2005,26,16.62,33.98
60398,Historical,861883,1,1,S,3,1,4764,72.95,2014,52,46.99,43.88
60399,Historical,117958,0,0,S,3,1,74767,157.95,2007,46,46.69,92.46
60401,Historical,156858,0,0,S,2,1,338456,48.95,2005,53,130.47,39.75
60402,Historical,2713722,1,1,S,4,1,245885,69.87,2005,24,0,76.42
60403,Historical,565056,0,0,S,0,0,725941,43.95,2008,22,117.05,37.39
60404,Historical,532888,0,0,S,3,1,521603,51.95,2010,29,35.04,37.85
60405,Historical,129500,0,0,S,3,1,36547,59.95,2011,86,40.38,50.82
60406,Historical,620148,0,0,S,2,1,1030489,72,1997,23,35.94,33.98
60407,Historical,246648,0,0,S,2,1,356852,52.95,2009,69,32.28,33.91
60408,Historical,637127,0,0,S,2,1,318150,49.95,2009,51,28.92,32.06
60409,Historical,607275,0,0,S,2,1,514923,91,2003,31,69.99,6.49
60410,Historical,866989,0,0,S,2,1,36754,59.95,2014,50,45.94,48.98
60411,Historical,1623628,0,0,S,1,0,560512,64.95,2006,23,0,43.2
60412,Historical,170443,0,0,S,4,1,112992,82,2005,50,33.47,33.99
60413,Historical,631496,0,0,S,2,1,324514,44.95,2011,22,0,33.71
60415,Historical,143671,0,0,S,0,0,220300,7,2005,98,32.02,5.97
60416,Historical,532884,0,0,S,7,1,136447,65.5,2012,25,36.12,50.46
60417,Historical,1483407,0,0,S,2,1,969582,202,2013,14,22.47,189.74
60418,Historical,663914,0,0,S,2,1,243440,137.33,2013,18,65.87,111.78
60419,Historical,664400,0,0,S,2,1,422341,128.13,2013,12,18.99,98.84
60420,Historical,132847,0,0,S,1,0,1026476,78.2,2009,47,18.99,12
60421,Historical,532881,0,0,S,2,1,80096,100.8,2012,45,18.99,55.96
60422,Historical,557025,0,0,S,2,1,170200,100.8,2012,19,0,89.3
60423,Historical,53411,0,0,S,18,1,653945,253.95,2001,49,166,12.54
60424,Historical,53412,0,0,S,19,1,576274,226.95,2004,89,166,21.87
60425,Historical,51132,0,0,S,19,1,376645,225.95,2004,27,110.28,42.74
60427,Historical,192410,0,0,S,6,1,1734971,67.95,2003,54,54.04,13.99
60428,Historical,898601,0,0,S,2,1,95412,24.99,2014,21,0,0
60429,Historical,146594,0,0,S,2,1,1459338,49.99,2010,31,13.89,22.21
60431,Historical,616755,0,0,S,2,1,1812516,76.99,2006,31,4.03,19
60432,Historical,257579,0,0,S,2,1,1514018,37.95,2000,37,43.28,32.88
60433,Historical,623851,0,0,S,2,1,353164,121,2012,31,30.94,30.44
60434,Historical,860604,0,0,S,2,1,915112,112.99,2012,22,10.48,10.48
60435,Historical,543502,0,0,S,10,1,14701,117.5,2013,122,64.17,66.19
60436,Historical,612454,0,0,S,1,0,43565,105.95,2013,35,66.2,88.99
60437,Historical,631501,0,0,S,0,0,130763,50,2011,53,22.78,31.31
60438,Historical,3121324,0,0,S,2,1,1870050,79,2004,25,28.94,22.99
60439,Historical,908948,0,0,S,2,1,68530,54,2013,39,0,37.76
60440,Historical,917499,0,0,S,0,0,110908,19.99,2008,35,39.62,31.5
60441,Historical,645025,0,0,S,3,1,533478,71,2012,17,0,57.68
60443,Historical,635631,0,0,S,2,1,373862,63,2012,15,0,0
60444,Historical,626328,0,0,S,4,1,620569,85,2009,33,31.99,73.99
60445,Historical,595037,0,0,S,2,1,614475,87,2011,20,24.39,72.09
60446,Historical,3544363,0,0,S,5,1,5389595,54.38,1995,19,0,54.01
60447,Historical,832239,0,0,S,2,1,634686,79.95,2009,16,73.98,68.91
60448,Historical,665194,0,0,S,3,1,74784,100.72,2012,41,73.98,82.54
60449,Historical,174088,1,2,S,5,1,470647,105,1997,113,5.04,31.98
60450,Historical,614531,0,0,S,1,0,212121,64.95,2006,48,0,0
60451,Historical,465709,0,0,S,1,0,212654,24.95,2009,97,6.99,7.97
60452,Historical,1558877,0,0,S,2,1,954713,48.95,2011,14,0,41.32
60453,Historical,352056,0,0,S,3,1,75899,35,2009,35,21.49,35.8
60454,Historical,123398,0,0,S,0,0,4006,19,2004,520,15.99,7.99
60455,Historical,1471859,0,0,S,0,0,55285,9.95,2008,55,15.99,8.99
60456,Historical,233757,0,0,S,0,0,147811,69.99,2003,49,22.28,34.86
60459,Historical,2495928,0,0,S,1,0,194070,75,2003,53,0,41.37
60460,Historical,177584,0,0,S,5,1,109940,258.95,2003,51,8.33,16.44
60461,Historical,706309,0,0,S,22,1,58045,33.48,2013,16,0,0
60462,Historical,1470100,0,0,S,9,1,1845904,75,2010,13,43.23,40.19
60464,Historical,163574,0,0,S,2,1,823650,127.1,1997,19,72.29,97.87
60465,Historical,608368,0,0,S,2,1,1031977,41.6,1996,27,47.9,73.53
60466,Historical,615218,0,0,S,5,1,1722276,89.95,1994,63,141.93,23.98
60468,Historical,133264,0,0,S,10,1,73573,137.4,2010,54,14.33,55.34
60470,Historical,110478,0,0,S,3,1,70707,140.75,2006,66,40.04,60.65
60471,Historical,169589,0,0,S,1,0,349152,114.95,2006,39,43.89,82.83
60472,Historical,169588,0,0,S,1,0,366016,114.95,2006,61,43.89,75.32
60473,Historical,202463,0,0,S,2,1,3369126,68.75,1999,52,82.69,21.7
60474,Historical,51622,0,0,S,11,1,746018,286.95,2004,52,107.01,17.49
60475,Historical,633820,0,0,S,2,1,402311,42,2012,47,92.18,32.89
60476,Historical,132534,0,0,S,2,1,580902,176.4,2007,30,5.28,43.94
60477,Historical,56716,0,0,S,32,1,487054,20.99,2008,92,55.49,17.97
60478,Historical,2260602,0,0,S,12,1,775051,68.99,2006,10,0,68.99
60479,Historical,616477,0,0,S,8,1,923815,138.8,2000,36,17.49,47.45
60480,Historical,869584,0,0,S,2,1,33764,34.99,2015,33,29.98,32.5
60481,Historical,1477887,0,0,S,1,0,1489565,40.95,2013,14,0,31.56
60482,Historical,55087,0,0,S,3,1,11662,87.95,2010,49,52.57,62.99
60483,Historical,632160,0,0,S,2,1,138038,54.99,2012,20,26.19,41.15
60484,Historical,668097,0,0,S,5,1,2711817,232.99,2005,15,144.24,127.01
60485,Historical,690436,0,0,S,3,1,12377,34.95,2013,37,28.54,28.12
60486,Historical,612348,0,0,S,4,1,433804,50,2014,37,14.65,25.53
60487,Historical,620110,0,0,S,1,0,556459,65,1998,41,0,14.03
60488,Historical,176591,0,0,S,2,1,755491,232.95,2003,42,5.54,41.98
60489,Historical,658453,0,0,S,6,1,366788,39.95,2010,15,13.98,33.98
60490,Historical,867700,0,0,S,2,1,62620,49.95,2014,34,46.97,32.99
60491,Historical,126143,0,0,S,2,1,902150,99.95,2008,34,13.97,82.72
60492,Historical,143450,0,0,S,5,1,509033,43,2004,22,27.59,29.98
60493,Historical,547329,0,0,S,0,0,1199701,69.95,2005,15,15.58,297.65
60494,Historical,261227,1,4,S,4,1,26868,24.95,2005,254,18.91,11.94
60495,Historical,532830,0,0,S,2,1,922714,55,2004,27,11.19,33.92
60496,Historical,423323,0,0,S,1,0,246719,148.2,2009,43,16.94,56.87
60499,Historical,1439376,0,0,S,4,1,206276,37.5,2008,17,0,80
60500,Historical,1744035,1,5,S,2,1,1093876,238.58,2009,28,0,29.94
60502,Historical,1639684,1,1,S,2,1,64528,14.95,2010,216,11.94,18.18
60503,Historical,1754572,1,3,S,2,1,32843,24.95,2011,21,0,18.22
60504,Historical,532820,0,0,S,2,1,3575,18.99,2011,40,0,0
60505,Historical,1447407,0,0,S,6,1,704898,0,2011,3,0,42.99
60507,Historical,1891612,0,0,S,2,1,108412,49.95,2015,13,0,43.89
60508,Historical,1616011,0,0,S,2,1,584633,34.99,2008,37,0,20.74
60509,Historical,1456115,0,0,S,1,0,391434,39.99,2015,10,25.97,25.55
60510,Historical,608711,0,0,S,3,1,521239,49.99,2002,73,0,9.97
60511,Historical,132144,0,0,S,2,1,212013,171,2006,44,141.19,63.58
60513,Historical,905484,0,0,S,0,0,921634,50,2012,16,36.09,37.19
60514,Historical,633383,0,0,S,3,1,129950,44.99,2007,45,24.16,22.1
60516,Historical,113992,0,0,S,2,1,550060,133,2000,47,73.71,18.98
60517,Historical,647055,0,0,S,2,1,938655,54.99,2012,42,6.7,28.98
60518,Historical,616376,0,0,S,1,0,972181,54.99,2010,90,6.7,6.98
60519,Historical,561494,0,0,S,1,0,1176999,64.99,2011,55,6.84,9.84
60520,Historical,145736,0,0,S,1,0,1004764,59.99,2007,110,30.01,9.61
60521,Historical,146228,0,0,S,1,0,470954,54.99,2009,144,30.01,20.54
60522,Historical,540879,0,0,S,2,1,208569,54.99,2013,31,30.01,53.48
60523,Historical,146745,0,0,S,1,0,402777,54.99,2011,99,30.01,53.77
60524,Historical,532815,0,0,S,2,1,2036817,59.99,2008,30,3.99,13.49
60525,Historical,741301,0,0,S,2,1,2932846,59.99,2008,17,4.15,18.7
60526,Historical,1615714,0,0,S,2,1,473881,39.99,2006,38,4.67,18.57
60527,Historical,618633,0,0,S,2,1,317185,77,2003,43,0,0
60528,Historical,532814,0,0,S,4,1,100674,98,2012,30,30.89,62.11
60529,Historical,532812,0,0,S,10,1,422219,71,2011,29,10.01,49.95
60530,Historical,869221,0,0,S,4,1,2875876,39.95,2002,41,4,18.64
60531,Historical,532810,0,0,S,5,1,331774,55,2007,64,4,28.05
60532,Historical,532809,0,0,S,6,1,114746,42.95,2012,84,14.74,23.49
60533,Historical,642723,0,0,S,3,1,139059,45.6,2009,16,21.99,45.53
60534,Historical,626234,0,0,S,3,1,230528,71,2011,25,48.27,53.99
60535,Historical,544730,0,0,S,2,1,354414,94.95,2013,28,43.67,44.57
60536,Historical,538038,0,0,S,3,1,543549,200.4,1996,61,4.95,50.51
60537,Historical,194126,0,0,S,2,1,467303,77,2008,26,0,0
60539,Historical,2367176,0,0,S,3,1,12731814,81,1991,14,57.76,43.98
60540,Historical,131856,0,0,S,2,1,74132,102.2,2004,44,87.89,57.41
60541,Historical,600378,0,0,S,2,1,3182737,85.75,2010,25,6.49,29.89
60542,Historical,146395,0,0,S,2,1,294477,148,2011,23,42.73,123.21
60543,Historical,532805,0,0,S,2,1,146872,216.8,2011,43,42.73,148.98
60544,Historical,52633,0,0,S,5,1,1573265,64,1998,46,133.75,21.98
60545,Historical,609410,0,0,S,4,1,2340643,55,1999,27,65.68,25.98
60546,Historical,532803,0,0,S,15,1,1019290,37.95,2003,11,19.99,37.29
60547,Historical,915302,0,0,S,2,1,528055,69.95,2014,33,51.07,14.14
60548,Historical,532798,0,0,S,4,1,627575,37.12,2010,51,53.97,38.1
60549,Historical,608531,1,1,S,3,1,6773350,307.95,2003,22,56.03,13.84
60550,Historical,699333,0,0,S,11,1,273837,82.5,2012,11,53.34,65.21
60551,Historical,651321,0,0,S,6,1,780369,178.95,2013,35,0,0
60552,Historical,645261,0,0,S,1,0,840701,79.95,1997,21,0,63.99
60554,Historical,532796,0,0,S,2,1,668722,77,2008,44,38.93,25.17
60555,Historical,250651,0,0,S,2,1,410356,121.95,2008,20,58.99,43.27
60556,Historical,165021,0,0,S,4,1,1456336,229.25,2004,56,8.84,13.45
60557,Historical,2367149,0,0,S,3,1,1242800,116.6,1980,34,8.96,69.55
60559,Historical,714377,0,0,S,3,1,3194107,70,2001,24,35.66,9.12
60560,Historical,117843,0,0,S,4,1,1234553,101.33,2005,35,35.66,60.57
60561,Historical,630008,1,2,S,3,1,654740,69,2011,20,0,0
60562,Historical,917791,1,2,S,0,0,211441,65.13,2008,17,0,78.99
60563,Historical,386447,0,0,S,1,0,475066,81,2009,16,0,54.4
60564,Historical,2367263,0,0,S,3,1,1148684,116.6,1987,38,44.09,88.71
60565,Historical,165315,1,1,S,2,1,41161,228,2002,32,0,0
60566,Historical,121681,0,0,S,1,0,165181,60.2,1997,39,0,36.53
60567,Historical,2564075,0,0,S,2,1,1472206,130,1996,15,73.97,37.43
60568,Historical,1573724,0,0,S,3,1,1038910,49.95,2014,11,29.01,31.01
60569,Historical,115628,0,0,S,3,1,174084,60.4,2003,50,87.39,81.63
60570,Historical,177099,0,0,S,3,1,1414426,181.95,2003,36,175.63,50.37
60571,Historical,617857,0,0,S,1,0,28356,100,2004,22,0,57.95
60572,Historical,906893,0,0,S,2,1,1140182,64,2010,20,36.41,45.72
60573,Historical,894953,0,0,S,0,0,138866,23.97,2012,20,82.88,22.19
60574,Historical,2175591,0,0,S,3,1,444440,59.99,2014,37,41.99,46.45
60576,Historical,861890,0,0,S,5,1,51824,74.95,2014,38,48.95,51.7
60577,Historical,58326,0,0,S,3,1,72669,240.95,2002,95,60.28,48.99
60578,Historical,202834,0,0,S,3,1,123142,145.95,2003,52,9.05,53.09
60581,Historical,165829,0,0,S,2,1,175559,115,2004,63,20.05,28.99
60582,Historical,426983,0,0,S,2,1,999234,44.95,2012,39,32.99,39.66
60583,Historical,872527,0,0,S,2,1,1481950,85.95,1987,39,123.69,46.61
60584,Historical,291553,1,1,S,4,1,14647,356.95,2004,74,21.98,39.5
60585,Historical,495341,0,0,S,2,1,518371,106,2011,34,53.99,64.06
60586,Historical,174961,0,0,S,1,0,734415,74.99,2008,17,0,40.99
60587,Historical,58151,0,0,S,4,1,4157243,90.95,1997,33,123.89,19.85
60588,Historical,123944,0,0,S,5,1,1078874,98.95,2001,35,123.89,9.15
60589,Historical,567380,0,0,S,2,1,857708,41.95,2007,26,9.96,13.96
60590,Historical,640056,0,0,S,3,1,795923,85,2008,22,18.98,24.59
60591,Historical,652415,0,0,S,2,1,178287,69.99,2013,33,51.76,51.48
60592,Historical,607509,0,0,S,3,1,3579849,118.33,1998,30,140.99,8.37
60593,Historical,55684,1,1,S,3,1,557274,23.98,2002,34,130.08,23.98
60594,Historical,619891,1,2,S,1,0,93560,115.4,2000,44,127.22,100.63
60595,Historical,908474,0,0,S,3,1,3399062,96,1996,24,17.24,47.99
60598,Historical,659346,0,0,S,3,1,1450656,119.95,2008,48,59.99,78.03
60599,Historical,112312,0,0,S,13,1,598930,87.5,2005,27,33.33,28.99
60600,Historical,417356,0,0,S,9,1,19296,118.5,2012,47,40.1,44.37
60601,Historical,871083,0,0,S,4,1,3227691,91.8,1998,33,82.49,9.9
60602,Historical,169146,0,0,S,5,1,505575,154.95,2006,23,16.95,139.8
60603,Historical,546788,0,0,S,8,1,119522,59.99,2013,84,28.24,17.89
60604,Historical,115474,0,0,S,6,1,1184786,184.2,2003,59,4,12.98
60606,Historical,116834,0,0,S,3,1,22276,89.99,2004,60,37.1,37.97
60607,Historical,614324,0,0,S,2,1,1124829,49.99,2001,50,4,15.57
60608,Historical,876493,0,0,S,10,1,1113624,57,1992,31,203.99,89.17
60609,Historical,228457,0,0,S,3,1,997115,24.95,2002,51,16.85,18.98
60610,Historical,532775,0,0,S,2,1,85995,49.95,2008,46,44.13,35.95
60611,Historical,619928,0,0,S,0,0,112655,49.95,1991,38,0,33.99
60612,Historical,867333,0,0,S,3,1,48482,46.25,2014,28,33.96,29.85
60614,Historical,201760,0,0,S,2,1,742099,47.95,2014,31,8.45,35.2
60615,Historical,610315,0,0,S,3,1,50074,44.95,2013,63,29.89,31.99
60616,Historical,149398,0,0,S,4,1,3834632,79.95,2004,28,38.97,17.99
60617,Historical,770505,0,0,S,2,1,772040,196.95,2002,27,40.78,102.78
60618,Historical,103969,0,0,S,4,1,897956,59.06,1998,66,63.99,10.72
60620,Historical,633230,0,0,S,6,1,198732,64,2010,24,38.49,36.46
60621,Historical,2572163,0,0,S,2,1,710751,99,1993,25,46.96,23.98
60622,Historical,1586837,0,0,S,0,0,1155549,54.99,2006,16,0,42.98
60623,Historical,624577,0,0,S,4,1,15943,45,1993,35,0,25.94
60624,Historical,665307,0,0,S,3,1,1017628,43,2012,11,0,40.85
60626,Historical,198008,0,0,S,5,1,526015,80.33,2009,33,23.94,144.59
60627,Historical,2533985,0,0,S,3,1,8628578,39.95,1996,27,24.96,66.29
60628,Historical,170421,0,0,S,3,1,2720806,55.75,2000,80,41.52,8.05
60629,Historical,615954,0,0,S,3,1,2459706,98.95,1997,43,98.99,34.71
60630,Historical,577074,0,0,S,3,1,305057,48.99,2002,38,0,37.99
60631,Historical,870071,0,0,S,3,1,585465,134.76,2002,38,0,49.99
60632,Historical,614819,0,0,S,2,1,4256488,67.95,1998,26,78.99,71.47
60633,Historical,50522,0,0,S,5,1,158582,96.95,2003,59,125.59,7.99
60635,Historical,532762,0,0,S,2,1,763779,50,2009,31,25.74,34.98
60636,Historical,290287,0,0,S,2,1,1243545,85,1995,42,76.49,32.99
60637,Historical,530201,0,0,S,5,1,23152,105,2011,49,76.49,63.02
60638,Historical,609376,0,0,S,3,1,3083447,212.95,1995,54,140.44,20.3
60639,Historical,120299,0,0,S,8,1,80839,208,2008,55,38.92,68.94
60640,Historical,535862,1,1,S,4,1,216301,80,2012,60,46.96,46.96
60641,Historical,608326,0,0,S,9,1,443655,99,2000,35,59.01,51.03
60642,Historical,2558979,0,0,S,8,1,320282,85,1994,34,59.01,104.76
60643,Historical,56258,0,0,S,3,1,1349768,34.95,1996,77,41.85,9.97
60644,Historical,56257,1,1,S,4,1,99153,45,2002,156,41.85,17.23
60645,Historical,104090,0,0,S,2,1,1118723,59.25,2001,32,10.82,38.99
60646,Historical,649875,0,0,S,2,1,686452,44.95,2012,20,0,30.25
60647,Historical,629537,0,0,S,0,0,419869,54.95,1985,27,0,53.94
60648,Historical,870930,0,0,S,0,0,338046,85,1986,32,52.19,28.74
60651,Historical,873608,0,0,S,0,0,583599,57,1999,37,73.93,15.89
60652,Historical,117513,0,0,S,2,1,106151,220.8,2003,54,52.19,123.98
60653,Historical,867391,1,1,S,4,1,12149,55,2014,62,38.23,35.93
60654,Historical,675316,0,0,S,6,1,693074,22,2005,28,0,0
60655,Historical,2747397,0,0,S,6,1,902250,18.95,2004,21,0,78.89
60656,Historical,545579,1,1,S,2,1,55702,44.99,2011,37,0,0
60657,Historical,157472,0,0,S,3,1,283941,49.95,2007,43,33.67,43.33
60658,Historical,569692,0,0,S,2,1,561288,152.95,2000,36,6.45,63.1
60659,Historical,861894,0,0,S,2,1,187542,69.95,2014,48,48.63,38.99
60660,Historical,617412,0,0,S,1,0,228960,112,2006,44,0,55.27
60661,Historical,532756,0,0,S,2,1,86141,139,2012,62,28.88,57.69
60664,Historical,2543367,0,0,S,6,1,372683,42.95,2004,19,29.64,37.8
60665,Historical,900709,0,0,S,1,0,652019,44.99,2007,21,45.13,33.98
60666,Historical,569897,0,0,S,4,1,717937,290.95,1995,22,23.93,95.78
60667,Historical,909934,0,0,S,2,1,68292,45,2013,34,25.59,40.29
60668,Historical,130027,0,0,S,2,1,356164,73.99,2000,28,0,0
60669,Historical,2067914,0,0,S,2,1,581474,49.95,2011,22,25.7,28.28
60670,Historical,190824,0,0,S,4,1,374375,63.95,2011,26,50.7,44.84
60671,Historical,608199,0,0,S,2,1,988834,44.95,1999,35,50.7,36.31
60674,Historical,616772,1,1,S,1,0,306707,148.95,2003,35,0,0
60676,Historical,115119,0,0,S,3,1,1598295,105.33,2000,46,31.81,13.3
60677,Historical,54455,0,0,S,6,1,6665,237.8,2011,127,31.81,54.13
60678,Historical,197444,0,0,S,0,0,37505,50,2008,53,0,32.44
60679,Historical,285869,1,1,S,0,0,861739,52.67,1999,50,98.45,19.19
60680,Historical,1455077,1,1,S,6,1,806979,126,2015,22,98.45,88.99
60681,Historical,876807,1,7,S,2,1,2320671,14.99,2001,28,98.04,14.85
60682,Historical,167325,0,0,S,2,1,270196,96,2006,36,52.68,70.45
60683,Historical,294032,0,0,S,4,1,1274646,91.95,2001,60,91.99,31.98
60684,Historical,532752,0,0,S,2,1,87553,72.95,2008,41,24.04,30.05
60685,Historical,647036,0,0,S,2,1,459439,59.95,2012,68,18.57,51.15
60686,Historical,870489,0,0,S,1,0,143035,9.95,2010,34,4,7.82
60687,Historical,263307,0,0,S,0,0,816726,17.95,2005,43,4,21.38
60689,Historical,125537,0,0,S,0,0,102039,76.95,1995,22,0,43.34
60690,Historical,50740,1,1,S,9,1,1266812,58.75,2001,67,88.96,43.74
60691,Historical,610403,0,0,S,5,1,20926,104.2,2013,78,33,53.99
60692,Historical,621580,0,0,S,5,1,25531,105.4,2013,66,48.91,41.3
60693,Historical,630486,0,0,S,5,1,29259,105.4,2013,71,23.99,77.99
60694,Historical,130353,0,0,S,4,1,1555094,134.4,2010,27,0,78.91
60695,Historical,624647,0,0,S,5,1,256995,88.8,2013,78,4,18.99
60696,Historical,61135,0,0,S,2,1,370750,82,2001,85,95.24,13.55
60697,Historical,646865,0,0,S,5,1,85189,141.33,2013,67,95.24,43.99
60698,Historical,53769,0,0,S,2,1,179480,90.15,2001,71,92.99,11.49
60699,Historical,552017,0,0,S,2,1,196473,78.6,2000,29,0,0
60700,Historical,871060,0,0,S,3,1,1714011,161.5,1994,69,14.98,20.99
60701,Historical,714329,0,0,S,2,1,1209130,89.4,2001,29,61.3,28.25
60702,Historical,617003,0,0,S,2,1,862229,135.2,1988,54,16.46,29.01
60703,Historical,55977,0,0,S,2,1,13497,64.95,2002,89,23.9,36.83
60704,Historical,1630911,0,0,S,4,1,774619,59.95,2015,16,0,40.75
60705,Historical,143019,0,0,S,4,1,539705,43,2006,33,35.58,43
60706,Historical,738144,0,0,S,3,1,3472890,25.5,2000,17,35.58,13.41
60707,Historical,910840,0,0,S,2,1,67305,44.95,2012,35,24.58,26.93
60708,Historical,288528,0,0,S,7,1,1514007,158.8,2002,41,90.11,15.97
60709,Historical,161831,0,0,S,4,1,211759,70,2009,68,31.93,31.4
60710,Historical,130274,0,0,S,3,1,51987,79.99,1997,38,35.68,50.97
60711,Historical,130275,0,0,S,3,1,584962,79.99,1997,45,9.32,38.58
60712,Historical,536228,0,0,S,1,0,536301,45,2002,74,0,11.89
60713,Historical,610172,0,0,S,0,0,3745,16,2005,169,39.17,11.29
60714,Historical,548276,0,0,S,3,1,84068,231.95,1983,47,17.4,55.62
60715,Historical,224687,0,0,S,3,1,289967,73.95,2012,49,37.99,53.87
60716,Historical,698993,0,0,S,3,1,2961371,90.25,2010,14,81.5,28.99
60717,Historical,532743,0,0,S,1,0,38351,74.95,2012,25,48.99,48.15
60718,Historical,794017,0,0,S,3,1,965742,47.95,2004,28,20.69,35.67
60719,Historical,3130552,0,0,S,6,1,782436,34.95,2004,24,29.17,29.95
60720,Historical,285557,1,3,S,11,1,14461,223.5,2011,57,83.99,119.97
60721,Historical,285341,0,0,S,9,1,1032235,56.8,2007,102,83.99,3.99
60722,Historical,53210,0,0,S,9,1,124960,8.2,2005,197,83.99,13.98
60723,Historical,877285,0,0,S,2,1,1792168,18.5,1994,32,48.99,19.99
60724,Historical,166746,0,0,S,2,1,338914,120,2006,19,0,0
60725,Historical,2170160,0,0,S,40,1,26796,39.95,2014,20,30.11,30.72
60726,Historical,532741,0,0,S,3,1,1172841,34.95,2011,16,30.11,17.26
60728,Historical,158193,0,0,S,2,1,958671,82.95,2008,31,4.99,45.66
60729,Historical,897220,0,0,S,0,0,228093,39.95,2015,16,29.11,25.71
60731,Historical,152725,0,0,S,2,1,186409,64.95,2007,49,45.99,49.99
60732,Historical,537856,1,4,S,6,1,39654,207.4,2008,87,40.38,122.64
60733,Historical,865436,0,0,S,8,1,1333985,69.95,2006,16,4.98,47.25
60734,Historical,162729,0,0,S,2,1,190350,60,2010,31,35.41,41.09
60735,Historical,162333,0,0,S,2,1,42320,34.95,2008,42,23.93,23.15
60736,Historical,649041,0,0,S,2,1,398203,46.95,2009,39,34.85,34.32
60737,Historical,863183,0,0,S,2,1,383384,45.95,2004,33,42.23,38.3
60738,Historical,552623,0,0,S,4,1,199365,112.8,2003,31,4.82,43.95
60739,Historical,1576170,0,0,S,25,1,186290,34.95,2008,33,24.28,28.77
60740,Historical,200525,0,0,S,1,0,1060234,168.95,2008,38,29.48,36.76
60741,Historical,607631,0,0,S,3,1,402982,162.6,1992,52,15.75,47.22
60742,Historical,902147,0,0,S,3,1,80866,39.95,2014,28,29.95,34.22
60744,Historical,616590,0,0,S,5,1,53365,50,1991,62,12.26,28.69
60745,Historical,57750,0,0,S,4,1,16113,175.6,2011,75,88.98,126.56
60746,Historical,336848,0,0,S,2,1,1404696,68.95,2010,56,49.99,51.37
60747,Historical,606681,0,0,S,3,1,506768,108.75,2000,59,20.05,21.76
60748,Historical,112202,0,0,S,4,1,84963,74.45,2005,95,20.05,27.54
60749,Historical,107389,0,0,S,9,1,58528,148.25,2002,50,9.96,73.08
60750,Historical,539709,0,0,S,2,1,15685,69.95,1998,94,22.44,48.93
60751,Historical,175108,0,0,S,2,1,130826,13.95,2009,15,0,0
60752,Historical,249847,0,0,S,4,1,1519090,25.95,2006,29,16.28,10
60753,Historical,532718,0,0,S,2,1,691701,99,2011,23,60.24,63.58
60754,Historical,178470,0,0,S,2,1,707002,71,2001,24,33.94,114.03
60755,Historical,608628,0,0,S,2,1,3553362,93.25,1993,16,33.94,67.57
60756,Historical,224433,0,0,S,4,1,1443240,183.95,2003,50,8.22,38.72
60757,Historical,101285,0,0,S,3,1,2741485,86.95,1999,52,8.22,14.14
60758,Historical,619349,0,0,S,1,0,163339,181.25,2010,49,63.22,63.96
60759,Historical,708990,0,0,S,1,0,1462687,151.5,2009,48,0,25.95
60760,Historical,619801,0,0,S,1,0,464170,157.75,2008,99,0,30.9
60761,Historical,708989,0,0,S,0,0,618593,162.5,2008,45,0,43.47
60765,Historical,286519,0,0,S,3,1,1463159,90.8,2000,45,37.74,47.89
60766,Historical,247488,0,0,S,2,1,91794,80,2005,25,0,0
60767,Historical,615902,0,0,S,2,1,843857,167.2,2000,38,15.06,84.29
60768,Historical,286962,0,0,S,1,0,1321256,62.95,1998,45,0,13.31
60769,Historical,287571,0,0,S,2,1,1260113,66.2,2007,67,4.02,18.99
60770,Historical,291538,0,0,S,3,1,1263048,348.95,2004,33,4,28.98
60771,Historical,276339,0,0,S,0,0,102934,24.95,2002,49,0,27.15
60772,Historical,137553,0,0,S,4,1,504010,65,2011,23,0,0
60773,Historical,628160,0,0,S,11,1,2854,77,2014,66,51.49,52.69
60774,Historical,646516,0,0,S,3,1,207557,41.95,2008,18,0,33.15
60775,Historical,263792,1,1,S,7,1,96424,35,2008,96,7.98,19.38
60776,Historical,532713,0,0,S,2,1,276561,39.99,2000,101,3.99,4.26
60777,Historical,858286,0,0,S,2,1,664767,65,2014,15,54.53,33.99
60778,Historical,2339363,1,2,S,2,1,3181403,30.55,1992,38,33.44,5.68
60779,Historical,532711,0,0,S,4,1,327522,83.56,2005,45,33.44,67.45
60780,Historical,2729599,0,0,S,2,1,829949,191.95,1996,25,26.98,95.56
60781,Historical,121075,0,0,S,3,1,2136196,80,1998,54,121.1,13.99
60782,Historical,162874,0,0,S,3,1,106641,65,2009,40,33.24,37.83
60783,Historical,279435,0,0,S,4,1,32600,29.95,2009,22,34.14,19.98
60784,Historical,166960,0,0,S,3,1,858790,129.5,2005,47,0,0
60785,Historical,131479,0,0,S,3,1,1542272,65.4,2001,43,78.38,8.99
60786,Historical,222211,0,0,S,2,1,681658,65,2007,19,0,66.52
60787,Historical,115551,0,0,S,3,1,41667,202.8,2003,76,20.56,26.99
60788,Historical,268339,0,0,S,2,1,244435,92,2004,19,43.46,72.49
60789,Historical,664208,0,0,S,2,1,338889,59.95,2013,25,39.65,44.98
60790,Historical,635215,1,1,S,2,1,15859,45,2008,20,0,39.9
60791,Historical,532707,0,0,S,2,1,69578,46,2009,72,22.19,28.08
60792,Historical,861896,0,0,S,4,1,976595,49.99,2012,14,30.55,42.54
60794,Historical,532701,0,0,S,2,1,54630,82.95,2010,153,32.57,70
60795,Historical,296920,0,0,S,1,0,1700827,83.8,2000,46,14.73,16.49
60796,Historical,261363,0,0,S,2,1,502391,80,2002,24,0,0
60797,Historical,659138,0,0,S,1,0,980862,92.95,2009,22,0,47.11
60798,Historical,532693,0,0,S,2,1,169290,34.99,2009,35,5.83,22.96
60799,Historical,635707,0,0,S,2,1,566128,61,2012,31,33.89,57.62
60800,Historical,655591,0,0,S,3,1,753654,45.6,2010,19,37.04,225.89
60801,Historical,299051,1,1,S,4,1,207594,69.95,2007,78,9.32,38.99
60802,Historical,255631,0,0,S,3,1,1285961,73.46,1997,39,9.32,6.89
60803,Historical,116389,0,0,S,4,1,1665611,42.67,2004,42,94.47,11.24
60804,Historical,264245,0,0,S,3,1,1674585,39.95,2004,31,24.76,13.41
60805,Historical,639025,0,0,S,2,1,622428,48,2007,35,23.84,42.85
60806,Historical,270906,0,0,S,4,1,321921,65,2009,52,31.24,39.98
60807,Historical,58139,0,0,S,2,1,864922,84.6,2002,38,84.99,13.5
60808,Historical,119281,0,0,S,10,1,50317,97.6,2012,104,55.01,71.36
60809,Historical,607182,0,0,S,5,1,1928682,90,2003,49,116.68,9.99
60810,Historical,613780,0,0,S,3,1,2109814,67,1995,43,116.68,13.97
60811,Historical,105636,0,0,S,3,1,769941,55,2000,56,42.28,11.33
60813,Historical,192652,0,0,S,3,1,5831145,99,1996,22,64.98,9.98
60814,Historical,616051,1,1,S,2,1,424732,71.95,2004,47,0,25.98
60815,Historical,865227,0,0,S,3,1,67372,41.33,2014,16,26.19,37.3
60816,Historical,121239,0,0,S,2,1,153192,56.4,2010,33,26.19,43.38
60817,Historical,161179,0,0,S,0,0,178158,19.99,2011,214,3.99,5.93
60818,Historical,660857,0,0,S,4,1,277574,54.99,2013,69,10.43,35.45
60819,Historical,2700930,0,0,S,0,0,131814,12.99,2004,24,35.4,8.54
60820,Historical,637599,0,0,S,2,1,23449,89.95,2013,51,35.45,49.94
60821,Historical,647050,1,8,S,7,1,507916,119.87,2012,23,64.75,41.3
60822,Historical,764244,0,0,S,6,1,1806641,59.95,2001,33,18.29,49.41
60823,Historical,162448,0,0,S,7,1,318512,19.95,2009,85,17.02,8.99
60824,Historical,101389,0,0,S,6,1,1866193,97.95,2001,32,0,47.4
60825,Historical,177124,0,0,S,6,1,1092494,190.95,2002,24,0,70
60826,Historical,619452,0,0,S,3,1,1534344,22.95,2002,24,63.5,37.99
60827,Historical,175388,0,0,S,9,1,705923,100,2002,82,7.98,39.91
60828,Historical,51596,0,0,S,4,1,999028,104,2003,54,64.75,29.13
60829,Historical,116020,1,1,S,5,1,2220438,70,2004,32,56.6,13.98
60830,Historical,146488,0,0,S,7,1,533612,105.2,2010,19,55.72,602.99
60831,Historical,542157,0,0,S,2,1,246080,69.99,1999,64,4.16,13.99
60832,Historical,541198,0,0,S,4,1,833651,99,2006,27,107.86,66
60833,Historical,2175495,0,0,S,2,1,724209,39.99,2014,15,33.94,29.13
60834,Historical,1781255,0,0,S,0,0,4762,29.99,2015,13,0,17.61
60836,Historical,861897,0,0,S,6,1,57224,44.95,2014,23,31.99,29.71
60837,Historical,608780,0,0,S,3,1,2788395,51.95,2005,28,3.99,19.61
60838,Historical,170145,0,0,S,5,1,240323,45.95,2011,57,4.92,16.99
60839,Historical,183751,0,0,S,4,1,319441,48.95,2008,56,4.92,9.93
60840,Historical,893200,0,0,S,0,0,282921,45,2010,23,0,25.7
60841,Historical,802401,0,0,S,2,1,629119,48.95,2006,14,16.61,43.46
60842,Historical,536308,0,0,S,2,1,433961,75.95,2003,33,38.94,50.5
60843,Historical,231859,0,0,S,2,1,135968,61,2004,46,33.6,51.43
60844,Historical,231873,0,0,S,2,1,252642,61,2010,37,47.74,51.91
60845,Historical,3480018,0,0,S,3,1,405404,29.95,2015,9,0,28.99
60846,Historical,126356,0,0,S,2,1,580179,44.95,2003,34,27.94,66.59
60847,Historical,126355,0,0,S,2,1,939788,19.95,2003,33,34.02,96.76
60848,Historical,623827,0,0,S,3,1,192289,65,2012,69,33.49,29.62
60850,Historical,612742,0,0,S,5,1,36475,65.95,2013,99,52.54,54.61
60851,Historical,532681,0,0,S,2,1,587833,62.95,2009,55,35.42,52.47
60852,Historical,663814,1,1,S,16,1,30843,150,2013,27,0,0
60854,Historical,191818,0,0,S,6,1,1902596,112.75,1997,50,141.25,16.99
60855,Historical,533272,1,1,S,9,1,310274,0,2009,31,120.75,0
60856,Historical,2396821,0,0,S,11,1,4159863,79.95,1993,34,113.34,18.99
60857,Historical,532680,0,0,S,2,1,1020389,69.99,2006,23,6.99,39.81
60858,Historical,860279,0,0,S,2,1,1338424,138.99,2011,20,13.52,14.37
60859,Historical,646762,0,0,S,4,1,1244730,58.95,1994,22,6.52,49.63
60860,Historical,117044,0,0,S,7,1,654863,118,2007,49,28.23,48.98
60861,Historical,648843,1,1,S,2,1,1184795,219.99,2009,21,23.92,73.97
60862,Historical,532672,0,0,S,2,1,409930,50,2008,28,32.35,54.17
60863,Historical,532671,0,0,S,2,1,735357,145,2010,43,91.7,86.04
60864,Historical,56222,1,3,S,2,1,359058,64.95,1997,84,50.99,48.99
60865,Historical,56221,1,2,S,0,0,239244,64.95,1989,63,50.99,58.31
60868,Historical,837162,0,0,S,6,1,3478651,279,1996,20,162.98,144.15
60869,Historical,701609,0,0,S,1,0,733160,198,2011,21,26.48,38.99
60870,Historical,538225,0,0,S,2,1,605246,234,2012,29,9.95,42.17
60871,Historical,634401,0,0,S,3,1,198916,159,1997,30,14.96,73.47
60872,Historical,909460,0,0,S,2,1,3048020,139,1988,18,14.96,60.13
60873,Historical,224477,0,0,S,2,1,1561745,138,1997,25,73.96,107.87
60874,Historical,663026,0,0,S,7,1,1576126,81.95,2004,18,17.99,56.62
60875,Historical,908090,0,0,S,4,1,2143971,139,2005,21,30.81,21.94
60877,Historical,913802,0,0,S,3,1,514069,85,2009,20,0,62.95
60878,Historical,532657,0,0,S,2,1,1879659,199,2011,13,22.23,56.71
60879,Historical,532656,0,0,S,2,1,901602,269.99,2006,20,5.3,28.97
60880,Historical,129409,0,0,S,2,1,61534,49.95,2010,33,25.02,28.79
60881,Historical,2140823,1,4,S,9,1,28819,199.25,2012,30,0,73.99
60882,Historical,619386,0,0,S,8,1,195966,100,2008,93,0,0
60883,Historical,115649,0,0,S,9,1,181147,100.05,2003,59,138.62,8.49
60884,Historical,285733,0,0,S,2,1,27822,72.95,2006,43,30.01,53.46
60886,Historical,268419,0,0,S,1,0,425539,46,2005,49,36.93,31.19
60887,Historical,652832,0,0,S,1,0,792777,52,2010,19,55.66,40.91
60889,Historical,865882,0,0,S,2,1,642683,19.95,2009,19,0,88.56
60890,Historical,649203,0,0,S,3,1,520871,51.95,2006,37,25.22,51.95
60891,Historical,870365,0,0,S,2,1,1943900,33,1998,33,77.86,20.23
60892,Historical,201205,0,0,S,5,1,45118,59.95,2004,36,0,0
60898,Historical,859812,0,0,S,10,1,951448,101.95,2009,18,11.49,27.96
60899,Historical,655294,0,0,S,4,1,118981,72.4,2012,14,0,0
60900,Historical,631689,0,0,S,6,1,564779,111.95,2008,18,41.09,28.98
60901,Historical,860003,0,0,S,4,1,1122281,231.95,2010,22,5.89,11.99
60903,Historical,2250699,0,0,S,8,1,995792,83.95,2006,11,0,81.84
60904,Historical,622785,0,0,S,3,1,754102,51.95,2004,49,5.74,31.71
60905,Historical,203891,0,0,S,4,1,405742,86.99,2008,32,5.93,41.75
60906,Historical,625371,0,0,S,2,1,1774512,104.99,2007,19,57.34,68.98
60907,Historical,907962,0,0,S,2,1,454724,55,2013,29,46.03,41.99
60908,Historical,290449,0,0,S,5,1,718535,152.95,2001,43,40.38,46.17
60909,Historical,538788,0,0,S,4,1,75705,109.75,2013,34,52.43,72.99
60910,Historical,111701,0,0,S,5,1,443907,78.67,2012,16,153.36,76.59
60911,Historical,148129,0,0,S,8,1,298654,236.95,2005,40,5.87,32.95
60912,Historical,50311,0,0,S,5,1,3047426,238.95,2004,26,195.14,22.99
60913,Historical,148343,0,0,S,3,1,756863,386.95,2006,50,4,35.88
60914,Historical,482177,0,0,S,2,1,97539,79.95,2011,23,39.19,46.8
60915,Historical,532643,0,0,S,2,1,733049,100,2012,43,39.49,54.99
60916,Historical,647038,0,0,S,0,0,578896,37,2012,18,28.99,23.61
60917,Historical,2601594,0,0,S,0,0,277390,39.99,1998,16,0,33.5
60919,Historical,861176,0,0,S,5,1,93189,65.99,2013,32,17.74,40.2
60920,Historical,2109299,0,0,S,5,1,1176315,45.95,2013,8,23.99,23.99
60923,Historical,1468136,0,0,S,1,0,1258716,11.95,2008,30,8.01,8.34
60924,Historical,2649459,0,0,S,2,1,31665,44.95,2003,54,8.01,8.99
60925,Historical,627636,0,0,S,3,1,876504,98.95,2004,37,52.68,65.98
60927,Historical,532638,0,0,S,2,1,38837,58.8,2012,57,41.39,45
60928,Historical,546696,0,0,S,3,1,179928,96,2008,24,51.77,66.03
60930,Historical,3046145,0,0,S,6,1,851115,59,1996,36,7.35,44.77
60934,Historical,162057,0,0,S,1,0,1214779,49.99,2007,43,23.19,46.92
60935,Historical,244324,0,0,S,1,0,323870,49.99,2011,29,23.19,16.46
60936,Historical,632144,0,0,S,1,0,412472,49.99,2012,24,0,13.98
60937,Historical,629188,0,0,S,1,0,708942,49.99,2012,41,0,16.97
60938,Historical,270763,0,0,S,19,1,2413817,62,2011,26,20.96,7.89
60939,Historical,2098884,0,0,S,0,0,130520,82,2015,22,0,65.99
60940,Historical,110060,0,0,S,0,0,322805,80.59,2012,19,48.93,129.02
60941,Historical,1780310,0,0,S,1,0,254942,69.99,2015,14,41.96,41.88
60942,Historical,661060,0,0,S,0,0,398943,75,2012,24,31.36,40.31
60943,Historical,298900,0,0,S,1,0,136729,119.95,2009,22,36.99,25.58
60944,Historical,298487,0,0,S,6,1,634481,107.95,2006,28,4.96,46.28
60945,Historical,908910,0,0,S,1,0,77139,49.99,2014,58,32.53,23.98
60946,Historical,915259,0,0,S,1,0,329239,49.99,2013,63,32.53,27.37
60947,Historical,917325,0,0,S,7,1,620281,91,1994,28,37.41,33.96
60948,Historical,114636,0,0,S,4,1,1194397,173.27,2004,20,73.98,132.94
60949,Historical,645605,0,0,S,8,1,989669,218.95,2001,30,13.78,58.29
60950,Historical,2259457,0,0,S,2,1,9399294,0,2006,26,103.83,90.61
60951,Historical,553398,0,0,S,2,1,534880,204,2003,22,29.99,74.09
60952,Historical,635906,0,0,S,4,1,1187402,201.8,2004,18,14.81,259.88
60953,Historical,630655,0,0,S,4,1,673168,128.2,2006,27,14.81,12.84
60954,Historical,877681,0,0,S,3,1,2914985,193.95,1996,19,118.99,43.94
60955,Historical,640099,0,0,S,3,1,304211,99,2006,42,8.48,54.26
60956,Historical,538942,0,0,S,3,1,402370,74.25,2006,21,4.98,28.99
60957,Historical,903296,0,0,S,2,1,3688001,85,1999,14,36.94,73.23
60958,Historical,788369,0,0,S,3,1,2009101,199.95,2002,36,5.42,10.93
60959,Historical,917295,0,0,S,4,1,3020149,33.98,2007,42,117.43,33.98
60960,Historical,635887,0,0,S,5,1,557293,147.95,2011,38,117.43,50.34
60961,Historical,609094,0,0,S,3,1,823829,175.95,1999,47,102.26,16.28
60962,Historical,827190,0,0,S,4,1,1996797,40.95,1998,28,89.46,21.98
60963,Historical,538480,0,0,S,3,1,19163,181.25,2013,41,53.99,83.98
60965,Historical,772331,0,0,S,0,0,47153,98.7,2006,98,0,45.4
60967,Historical,772811,1,5,S,0,0,71246,102.65,2006,116,0,36.6
60968,Historical,772812,1,2,S,0,0,465421,98.7,2006,104,0,33.99
60969,Historical,2094423,0,0,S,0,0,38261,10.99,2014,59,26.45,8.79
60971,Historical,919311,0,0,S,0,0,491129,117.45,2009,55,0,50.89
60972,Historical,920175,0,0,S,0,0,1214330,138.19,2009,39,0,49.89
60973,Historical,1533728,0,0,S,2,1,2694478,149,2007,49,155.86,21.83
60974,Historical,1657533,0,0,S,2,1,1429824,96.5,2012,31,0,90.83
60975,Historical,538322,0,0,S,2,1,111322,65,2012,69,25.75,41.31
60976,Historical,624395,0,0,S,3,1,99573,59.95,2008,45,28.14,29.82
60977,Historical,618591,0,0,S,3,1,294052,49.95,2008,30,40.03,31.45
60978,Historical,532627,0,0,S,5,1,33646,49.95,2012,45,24.82,28.95
60979,Historical,532626,0,0,S,5,1,1164559,49.95,2008,35,4.72,16.59
60980,Historical,291248,0,0,S,1,0,1058252,49.99,1998,35,0,32.09
60981,Historical,659096,0,0,S,0,0,97401,45.95,2006,15,0,39.69
60982,Historical,532624,0,0,S,3,1,212238,38.95,2009,39,39.49,29.3
60983,Historical,718095,0,0,S,1,0,479179,99,2005,33,0,13.02
60984,Historical,532623,0,0,S,3,1,681427,49.99,2007,23,10.69,23.95
60985,Historical,546783,0,0,S,4,1,14876,84.99,2013,30,70.66,60.35
60986,Historical,178012,0,0,S,2,1,366141,76.95,2004,56,5.6,33.95
60988,Historical,2249737,0,0,S,12,1,1153558,49.44,2009,39,0,40.95
60989,Historical,2249713,0,0,S,12,1,348956,122.57,2009,29,0,96.39
60990,Historical,2143169,0,0,S,5,1,128896,14.95,2011,107,0,6.46
60991,Historical,653444,0,0,S,2,1,957838,64.97,2012,22,0,0
60992,Historical,677304,0,0,S,3,1,44279,24.95,2008,55,19.44,13.23
60993,Historical,920876,0,0,S,0,0,243833,18.95,2004,65,20.64,15.67
60995,Historical,874246,1,2,S,3,1,12046,73.75,2015,64,65.52,53.99
60996,Historical,55545,1,3,S,1,0,732378,62.4,2005,56,60.96,43.65
60997,Historical,2141682,0,0,S,5,1,416120,40,2013,13,9.69,28.85
60999,Historical,596248,0,0,S,3,1,147569,89.95,2010,44,46.39,68.99
61000,Historical,115236,1,1,S,4,1,3203152,78.42,2002,21,57.64,46.87
61001,Historical,1630002,1,1,S,26,1,197925,48.95,2014,13,13.8,13.37
61003,Historical,240272,0,0,S,4,1,271344,35,2002,40,33.99,68.99
61004,Historical,756170,0,0,S,3,1,23626,75,2015,27,44.63,43.98
61005,Historical,1720928,0,0,S,0,0,883103,8,2013,11,10.92,7.99
61006,Historical,619631,0,0,S,2,1,624091,65,2008,42,23.92,31.62
61007,Historical,762161,0,0,S,2,1,234180,49.95,2006,30,10.88,23.36
61008,Historical,544098,0,0,S,2,1,270470,49.99,2013,40,29.29,29.12
61009,Historical,162645,0,0,S,1,0,445496,49.99,2008,57,29.29,8.86
61010,Historical,647301,0,0,S,18,1,252602,54.95,2011,22,0,0
61011,Historical,634986,0,0,S,18,1,79413,73.95,2011,17,0,0
61012,Historical,616974,0,0,S,5,1,58653,93.75,2003,88,33.95,45.04
61013,Historical,513522,0,0,S,0,0,336831,39.99,2010,56,23.47,24.82
61014,Historical,861351,0,0,S,6,1,45055,49.95,2013,28,35.99,40.93
61015,Historical,618930,0,0,S,9,1,650927,202,2012,43,5.19,103.47
61016,Historical,620315,0,0,S,4,1,475570,201,2007,51,123.6,83.99
61017,Historical,2105413,0,0,S,0,0,662243,52,2014,33,0,43.98
61018,Historical,633248,0,0,S,3,1,855189,215.25,2010,27,4.99,87.73
61019,Historical,162488,0,0,S,5,1,55925,121,2012,36,48.48,78
61021,Historical,1754511,0,0,S,0,0,245232,39.99,2012,23,33.53,29.44
61023,Historical,860618,0,0,S,17,1,91043,18.99,2012,92,10.98,11.98
61024,Historical,673169,0,0,S,2,1,57774,16.99,2012,89,0,0
61025,Historical,675030,0,0,S,2,1,3784,26.99,2008,42,17.98,17.6
61026,Historical,672881,0,0,S,2,1,350882,18.99,2012,118,0,0
61027,Historical,542930,0,0,S,4,1,80107,18.99,2013,159,12.3,13.69
61028,Historical,477800,0,0,S,2,1,18372,18.99,2011,41,0,0
61029,Historical,534805,0,0,S,12,1,56719,18.99,2013,89,7.58,9.84
61030,Historical,861900,0,0,S,7,1,4252,18.99,2014,91,8.96,6.54
61031,Historical,1908500,0,0,S,2,1,18893,29.99,2014,13,0,23.08
61032,Historical,906499,0,0,S,7,1,1839,18.99,2015,36,11.96,10.68
61033,Historical,545300,1,1,S,6,1,254290,18.99,2013,88,11.96,7.68
61034,Historical,609008,0,0,S,5,1,827962,29.99,2010,63,11.96,6.82
61035,Historical,861179,1,1,S,5,1,1053509,29.99,2013,64,9.63,5.54
61036,Historical,532608,0,0,S,4,1,702827,16.99,2012,80,9.63,5.97
61037,Historical,1908354,0,0,S,5,1,108776,16.99,2014,66,9.61,9.96
61038,Historical,532607,0,0,S,4,1,547325,16.99,2012,73,9.61,9.46
61039,Historical,576833,0,0,S,3,1,958424,16.99,2010,85,9.61,8.85
61040,Historical,906517,0,0,S,6,1,6973,18.99,2015,33,13.1,10.19
61041,Historical,545313,0,0,S,5,1,879882,29.99,2013,39,0,6.36
61042,Historical,867564,0,0,S,7,1,57253,18.99,2014,44,6.8,9.16
61043,Historical,616198,0,0,S,3,1,1129526,34.99,2007,29,10.11,11.97
61044,Historical,910769,0,0,S,5,1,17586,16.99,2014,46,11.89,10.92
61045,Historical,906514,0,0,S,5,1,8705,16.99,2015,31,12.48,11.49
61046,Historical,627431,0,0,S,0,0,180893,34.99,2010,43,24.29,59.45
61047,Historical,1672647,0,0,S,3,1,304492,18.99,2012,53,0,15.79
61048,Historical,861901,0,0,S,8,1,91186,34.99,2014,35,8.95,13.95
61049,Historical,617134,0,0,S,7,1,721088,34.99,2011,52,8.95,14.99
61050,Historical,690790,0,0,S,8,1,21427,26.99,2014,17,0,0
61051,Historical,534807,0,0,S,7,1,181461,18.99,2013,120,0,12.84
61052,Historical,1908355,0,0,S,8,1,11730,16.99,2014,43,0,12.89
61053,Historical,532601,0,0,S,5,1,162481,18.99,2012,87,11.21,13.98
61054,Historical,532600,0,0,S,6,1,172021,18.99,2010,38,9.6,12.79
61055,Historical,672836,0,0,S,20,1,252416,18.99,2013,68,0,0
61056,Historical,921060,0,0,S,19,1,332752,34.99,2011,77,11.42,7.61
61057,Historical,609005,0,0,S,18,1,957806,34.99,2009,92,21.64,5.99
61058,Historical,477786,0,0,S,5,1,197254,16.99,2012,111,9.98,6.98
61059,Historical,532594,0,0,S,0,0,696733,21.99,2010,37,34.98,12.98
61060,Historical,911588,1,1,S,2,1,74070,24.99,2013,36,8.87,12.96
61061,Historical,660849,0,0,S,0,0,16987,45,2013,23,34.98,32.74
61062,Historical,366592,0,0,S,13,1,1407701,36.99,2009,44,4,6.37
61063,Historical,861183,0,0,S,11,1,75312,16.99,2013,29,0,0
61064,Historical,200912,0,0,S,2,1,73311,18.99,2009,44,12.66,29.98
61065,Historical,1908488,0,0,S,2,1,223599,18.99,2011,44,0,7.5
61066,Historical,1908511,0,0,S,2,1,42154,49.99,2014,28,21.91,33.63
61067,Historical,525397,0,0,S,8,1,810757,16.99,2009,73,0,7.07
61068,Historical,1908332,0,0,S,9,1,21193,18.99,2013,20,0,10.18
61069,Historical,860622,0,0,S,26,1,1074452,29.99,2012,96,7.96,4.98
61070,Historical,673246,0,0,S,6,1,264697,18.99,2012,116,0,0
61071,Historical,864945,0,0,S,27,1,44307,18.99,2014,73,14.49,6.94
61072,Historical,672890,0,0,S,4,1,217159,18.99,2012,84,14.49,9.4
61073,Historical,779542,0,0,S,24,1,1394307,29.99,2008,53,7.96,25.11
61074,Historical,860620,0,0,S,14,1,137680,14.99,2012,65,0,0
61075,Historical,1908290,0,0,S,5,1,36708,14.99,2012,75,0,7.49
61076,Historical,545305,0,0,S,4,1,44848,16.99,2013,50,0,0
61077,Historical,865494,0,0,S,12,1,3760,16.99,2014,33,7.99,9.55
61078,Historical,1908363,0,0,S,2,1,30483,16.99,2014,49,0,12.4
61079,Historical,910772,0,0,S,6,1,41376,16.99,2014,29,0,0
61080,Historical,902103,0,0,S,5,1,39189,16.99,2014,25,0,0
61081,Historical,673123,0,0,S,10,1,81440,16.99,2012,62,8.98,10.63
61082,Historical,1908476,0,0,S,3,1,241266,19.99,2011,47,0,6.98
61083,Historical,1908361,0,0,S,5,1,158489,16.99,2013,38,0,10.29
61084,Historical,534811,0,0,S,3,1,293558,14.99,2012,83,4,6.99
61085,Historical,861184,0,0,S,3,1,128053,16.99,2013,48,8.48,14.42
61086,Historical,534802,0,0,S,14,1,40627,39.99,2013,79,20.64,28.18
61087,Historical,1672486,0,0,S,13,1,888574,21.99,2010,48,20.64,13.99
61088,Historical,200956,0,0,S,12,1,1242164,34.99,2006,71,20.64,22.96
61089,Historical,1908513,0,0,S,2,1,365787,59.99,2014,15,0,42.17
61090,Historical,646951,0,0,S,6,1,163164,34.99,2013,16,0,0
61091,Historical,612865,0,0,S,16,1,142383,50,1992,254,19.98,9.99
61092,Historical,622591,0,0,S,18,1,36269,50,2012,46,19.98,23.96
61093,Historical,2601458,0,0,S,2,1,665240,84.99,1994,21,0,61.97
61094,Historical,2106853,0,0,S,3,1,976696,70.5,2014,19,45.58,48.32
61095,Historical,193659,1,1,S,4,1,423842,139.95,2009,50,56.73,60.5
61096,Historical,563958,0,0,S,0,0,1128503,83.52,1992,26,4.98,45.93
61097,Historical,574314,0,0,S,3,1,26416,112.5,1986,64,21.99,73.19
61098,Historical,538169,0,0,S,4,1,146205,87,2004,57,35.05,45.58
61099,Historical,864860,1,1,S,13,1,8785,71,2014,38,39.97,43.99
61100,Historical,2678621,0,0,S,2,1,218352,99,1990,13,251.99,63.47
61101,Historical,107938,0,0,S,4,1,3136062,23.84,2002,22,106.45,23.84
61102,Historical,872598,0,0,S,2,1,1472309,49.95,1989,51,47.98,23.79
61103,Historical,1587036,0,0,S,3,1,488021,84.99,2006,31,38.53,56.99
61104,Historical,532589,0,0,S,8,1,393711,49.95,2012,23,27.36,49.95
61105,Historical,2535703,0,0,S,1,0,684652,43.95,1999,22,0,32.99
61106,Historical,738958,1,1,S,1,0,926194,127.8,2004,53,103.84,7.98
61107,Historical,354953,0,0,S,6,1,1990585,234.95,2007,40,107.16,18.99
61108,Historical,1541234,0,0,S,2,1,768093,44.95,2009,20,47.3,41.27
61109,Historical,867597,0,0,S,3,1,311078,71.99,2015,22,36.94,38.52
61110,Historical,532585,0,0,S,5,1,455516,84.99,2009,58,30.54,39.99
61111,Historical,878877,0,0,S,3,1,1554651,55.58,2004,21,152.89,18.94
61112,Historical,742872,0,0,S,7,1,451527,145.33,2011,24,49.42,13.13
61113,Historical,52070,0,0,S,4,1,1995266,111.35,2001,58,49.42,9.95
61114,Historical,550477,1,1,S,4,1,389819,247,2011,65,6.16,18.99
61115,Historical,52287,0,0,S,2,1,1478799,118,2002,34,152.89,18.99
61116,Historical,543360,0,0,S,3,1,842728,288.95,2010,42,31.44,96.63
61117,Historical,742750,1,1,S,5,1,1622063,236.8,2012,27,47.54,103.99
61118,Historical,742926,1,1,S,5,1,642177,148,2012,22,47.54,53.99
61119,Historical,625075,0,0,S,2,1,204721,83.95,2000,32,5.13,51.89
61120,Historical,532584,0,0,S,4,1,48670,58,2011,32,27.58,30.66
61121,Historical,594674,0,0,S,1,0,150025,110.95,2012,45,59.31,56.2
61122,Historical,203622,0,0,S,6,1,5241040,49.95,2004,34,5.47,12.47
61123,Historical,270809,0,0,S,8,1,76691,81.99,2011,115,5.47,33.97
61124,Historical,872089,0,0,S,3,1,7426440,65.33,1994,19,103.97,51.21
61125,Historical,910127,0,0,S,5,1,278164,44.95,2008,21,23.88,34.74
61126,Historical,614610,1,1,S,2,1,8016,38.95,1994,98,12.91,35.8
61127,Historical,117322,0,0,S,3,1,156074,104.2,2006,42,28.29,67.93
61128,Historical,112306,0,0,S,5,1,101751,89.25,2005,20,19.67,51.84
61129,Historical,128711,0,0,S,6,1,947261,75,2009,21,19.3,23.55
61130,Historical,2702737,1,1,S,8,1,492961,59.95,2003,52,4.91,18.99
61131,Historical,532583,0,0,S,5,1,286341,93.25,2010,30,38.89,36.39
61132,Historical,532581,1,2,S,16,1,472923,290.95,2012,53,30.99,63.99
61133,Historical,3644938,0,0,S,8,1,390637,43.95,2015,11,0,18.16
61134,Historical,617740,0,0,S,0,0,137776,123.95,1992,25,0,66.35
61135,Historical,532579,0,0,S,2,1,184372,63,2006,32,10.28,39.43
61136,Historical,538923,0,0,S,9,1,672169,122,2003,25,28.67,58.91
61137,Historical,2357192,0,0,S,9,1,1746060,120,2002,9,28.67,400.53
61138,Historical,61191,1,1,S,8,1,922652,23.99,2004,30,231.51,23.99
61139,Historical,1552956,0,0,S,6,1,155048,48.95,2014,9,0,44.45
61140,Historical,117615,0,0,S,3,1,67053,69.4,2005,34,68.37,53.99
61141,Historical,117616,0,0,S,3,1,565603,36.67,2005,31,0,0
61142,Historical,117617,0,0,S,3,1,834896,36.67,2005,66,6.78,27.99
61143,Historical,1451563,1,2,S,4,1,14867,59.99,2014,25,0,46.86
61145,Historical,570555,0,0,S,9,1,416767,123.95,2009,42,30.55,82.83
61146,Historical,713738,0,0,S,3,1,4531868,93,1999,26,89.07,39.38
61147,Historical,115794,1,1,S,2,1,614632,204.6,2003,34,28.34,68.94
61148,Historical,120551,0,0,S,2,1,604043,86,2008,26,8.1,38.41
61149,Historical,2409700,0,0,S,3,1,9442958,32.95,1992,16,49.5,96.27
61150,Historical,2369823,0,0,S,2,1,4049398,84,1991,15,113.99,28.88
61151,Historical,50539,0,0,S,8,1,388467,205.95,2003,38,156.54,49.64
61152,Historical,514603,0,0,S,3,1,292218,69,2007,77,16.2,28.99
61153,Historical,751708,0,0,S,2,1,747576,80.95,2009,20,44.98,57.61
61154,Historical,541813,0,0,S,5,1,149098,49.95,2011,15,0,0
61155,Historical,290964,1,1,S,2,1,87982,67.95,2009,58,19.56,45.35
61156,Historical,536186,0,0,S,3,1,32993,43.25,2010,21,19.29,23.91
61159,Historical,663991,0,0,S,2,1,1915411,41.99,2013,37,33.98,27.23
61160,Historical,259607,0,0,S,2,1,6478577,88.95,1995,19,11.59,21.24
61161,Historical,259643,0,0,S,3,1,583883,172.95,2001,37,11.59,42.99
61162,Historical,2025408,0,0,S,1,0,246799,78.5,2012,21,0,47.99
61163,Historical,2025434,1,2,S,2,1,225652,123.75,2012,13,0,123.98
61164,Historical,298475,0,0,S,2,1,150729,56.95,2006,25,0,0
61165,Historical,616869,0,0,S,3,1,298455,269.5,1994,55,9.39,73.3
61166,Historical,254895,0,0,S,2,1,605181,49.95,2006,23,0,0
61167,Historical,2325322,0,0,S,3,1,1247694,64.12,1972,13,4.8,88.84
61168,Historical,548344,0,0,S,7,1,456049,302.95,1993,58,4.8,63.94
61169,Historical,244961,1,2,S,3,1,543362,169.95,2003,91,11.45,33.42
61170,Historical,185117,0,0,S,10,1,922598,195.95,1997,47,73.86,133.96
61171,Historical,56379,0,0,S,2,1,3207670,52,2003,84,3.88,8.64
61172,Historical,621321,0,0,S,4,1,510703,49,2011,55,6.59,13.02
61173,Historical,293214,0,0,S,3,1,2710627,38.5,2007,46,6.59,5
61174,Historical,550509,0,0,S,2,1,827379,92.75,2006,29,0,55.98
61175,Historical,349963,0,0,S,5,1,887007,105.95,2004,24,7.24,45.99
61176,Historical,148327,0,0,S,6,1,345939,213.95,2006,50,171.21,58.75
61177,Historical,178281,1,1,S,6,1,3437063,198.95,2004,26,4.53,23.94
61178,Historical,532573,0,0,S,8,1,124070,287.95,2012,37,4.53,53.99
61179,Historical,616796,0,0,S,7,1,559575,68.4,1991,34,4.95,53.05
61180,Historical,623729,0,0,S,1,0,107234,118.4,1988,43,0,103.99
61182,Historical,177761,0,0,S,1,0,334296,211.95,2001,70,0,35.98
61183,Historical,280116,0,0,S,4,1,1428486,80,2005,14,31.99,65.99
61185,Historical,271143,0,0,S,9,1,241622,54,2010,15,0,0
61186,Historical,258464,0,0,S,2,1,589944,80,2009,16,0,0
61187,Historical,1550432,0,0,S,0,0,238849,48.95,2012,21,0,36.99
61189,Historical,623387,0,0,S,1,0,557700,99.95,2006,40,78.49,42.99
61190,Historical,743536,0,0,S,13,1,3440489,54.95,2003,46,37.02,20.07
61191,Historical,287749,0,0,S,3,1,692834,75.95,2008,54,37.09,51.48
61192,Historical,880215,0,0,S,6,1,447218,89,2011,80,123.6,53.99
61193,Historical,119608,0,0,S,6,1,2294257,110,1996,29,58.99,63.37
61194,Historical,259943,0,0,S,0,0,109350,63.98,2009,22,8.76,37.24
61195,Historical,532570,0,0,S,2,1,174278,98,2010,44,46.23,61.59
61196,Historical,877181,1,5,S,11,1,204238,0,2012,23,61.6,123.98
61197,Historical,622675,0,0,S,3,1,222456,53.32,2009,51,0,0
61198,Historical,744454,0,0,S,5,1,1785933,44.95,2000,25,40.98,15.96
61199,Historical,599233,0,0,S,5,1,313375,55,2010,23,0,0
61200,Historical,629539,0,0,S,4,1,868954,89.95,2010,25,0,40.35
61201,Historical,538235,0,0,S,5,1,436857,99,2013,37,41.68,43.91
61202,Historical,658089,0,0,S,5,1,46620,99,2013,55,75.47,84.03
61203,Historical,291587,0,0,S,1,0,678047,133.95,2000,41,0,64.29
61204,Historical,170116,0,0,S,2,1,612016,131.95,2010,21,0,115.61
61205,Historical,850559,0,0,S,6,1,268250,198.95,1999,54,74.79,72.12
61206,Historical,176866,0,0,S,2,1,400279,359.95,2004,68,4.01,9.9
61207,Historical,162489,0,0,S,4,1,1214489,137,2009,23,13.59,74.97
61209,Historical,110331,0,0,S,7,1,324808,73.99,2010,28,79.01,78.99
61210,Historical,532562,0,0,S,7,1,553701,129.95,2010,28,36.65,64.77
61211,Historical,634413,0,0,S,6,1,492895,71.95,2010,20,42.2,37.61
61213,Historical,139546,0,0,S,0,0,264831,69.95,1995,31,0,47.65
61214,Historical,652478,0,0,S,2,1,174417,112.95,2012,35,40.37,48.57
61215,Historical,538763,0,0,S,8,1,216817,90.75,2012,37,34.97,67.62
61216,Historical,623437,0,0,S,0,0,880351,34.5,2008,27,29.64,51.76
61217,Historical,642378,0,0,S,0,0,486643,34.5,2011,26,40.11,34.5
61218,Historical,532557,0,0,S,6,1,35477,93.95,2011,36,31.64,59.98
61219,Historical,614521,0,0,S,3,1,19286,54.99,2009,58,27.28,27.84
61220,Historical,536630,0,0,S,3,1,17150,24.99,2009,47,11,8.73
61221,Historical,871736,0,0,S,2,1,69297,54.99,2014,16,33.99,32.23
61222,Historical,616195,0,0,S,2,1,428689,49.99,2007,35,33.99,49.63
61223,Historical,133202,0,0,S,3,1,195938,78,2011,44,51.78,33.94
61224,Historical,132074,0,0,S,0,0,234905,231.6,2006,82,61.41,29.98
61225,Historical,132596,0,0,S,1,0,690309,198.6,2007,32,61.41,90.34
61226,Historical,130860,0,0,S,2,1,55835,68.2,2011,35,27.2,61.02
61227,Historical,245186,0,0,S,2,1,286945,117.95,2005,59,25.53,37.44
61228,Historical,169828,0,0,S,2,1,503799,219.95,2009,23,28.99,81.81
61229,Historical,222975,0,0,S,10,1,217324,327.95,1996,51,0,30.37
61230,Historical,547950,0,0,S,2,1,1484383,161.95,1993,40,6.38,50.78
61231,Historical,115813,0,0,S,4,1,416874,180.8,2003,29,48.83,43.99
61232,Historical,169517,0,0,S,6,1,205683,152.95,2007,44,44.39,62.88
61233,Historical,1826380,1,1,S,2,1,16724,89.95,2014,57,0,64.38
61234,Historical,195264,0,0,S,4,1,177862,125,2008,44,50.23,54.05
61235,Historical,57613,0,0,S,8,1,1378534,78.95,2004,60,60.86,19.7
61237,Historical,203531,0,0,S,4,1,1055740,32.95,2002,36,40.93,44.39
61238,Historical,649551,0,0,S,2,1,321644,99,2013,24,0,0
61240,Historical,2933846,0,0,S,0,0,417257,12.99,2004,38,41.48,12.89
61242,Historical,796276,0,0,S,0,0,195844,99.99,2011,30,41.18,60.23
61243,Historical,612902,0,0,S,1,0,33898,50,1988,196,0,31.74
61244,Historical,621361,0,0,S,2,1,455570,59.95,2009,20,0,0
61245,Historical,649585,0,0,S,3,1,14852,74.95,2013,31,53.99,58.76
61246,Historical,1952969,0,0,S,2,1,715293,69.99,2013,19,0,48.55
61247,Historical,618007,1,1,S,2,1,532233,39,2004,24,15.12,23.94
61248,Historical,361949,0,0,S,5,1,352192,71.95,2007,24,46.67,53.99
61249,Historical,631001,0,0,S,1,0,123539,65,2008,17,0,44.05
61251,Historical,1732650,0,0,S,3,1,359647,40,2010,18,24.38,29.26
61252,Historical,614719,0,0,S,1,0,43628,52,2006,85,0,23.98
61254,Historical,1740288,0,0,S,3,1,560606,39.95,2012,19,26.87,28.18
61255,Historical,609804,0,0,S,3,1,137621,58.95,2008,21,22.98,28.65
61256,Historical,615167,0,0,S,2,1,71304,208.5,2009,35,56.09,80.75
61257,Historical,592139,0,0,S,2,1,374776,39.95,2010,35,23.99,29.3
61259,Historical,1455708,0,0,S,8,1,1255559,226.33,2014,13,0,166.98
61260,Historical,652560,1,1,S,2,1,536080,43.5,2012,70,23.38,29.67
61261,Historical,532549,1,1,S,6,1,22553,115.6,2011,49,51.98,68.99
61262,Historical,1597608,0,0,S,2,1,738566,64,2012,16,0,48.87
61263,Historical,757199,0,0,S,2,1,1621205,35,2002,62,16.86,7.99
61264,Historical,626616,1,1,S,1,0,380925,78.8,2013,31,0,0
61265,Historical,176720,0,0,S,4,1,635913,70.95,2002,52,122.06,33.94
61266,Historical,532547,0,0,S,2,1,62284,106.6,2012,78,78.57,81.6
61267,Historical,652202,1,3,S,15,1,6788,112.95,2014,110,48.85,72.46
61268,Historical,53644,0,0,S,11,1,1002539,118.95,2004,155,48.85,11.51
61269,Historical,53642,1,2,S,12,1,200272,56.76,2007,142,0,23.88
61270,Historical,612628,1,1,S,14,1,137600,99.95,2014,45,72,65.13
61271,Historical,1535762,0,0,S,2,1,27985,42.5,2015,7,0,35.93
61272,Historical,132104,0,0,S,3,1,1210941,129,2005,14,5.25,103.79
61273,Historical,869779,0,0,S,2,1,258110,40,2014,40,23.5,27.3
61274,Historical,537377,0,0,S,9,1,1617331,191.6,2012,36,90.79,668.94
61275,Historical,176619,1,2,S,3,1,451504,163.95,2004,43,41.92,63.11
61276,Historical,541458,0,0,S,3,1,575452,51.95,2012,20,33.89,35.19
61277,Historical,676909,0,0,S,5,1,1441860,29.99,2010,53,4,15.63
61279,Historical,177355,0,0,S,1,0,351602,300.95,2000,24,0,101.98
61280,Historical,714435,0,0,S,4,1,2551873,113.6,2001,17,9.08,32.99
61282,Historical,162015,0,0,S,2,1,183928,45,2008,39,16.7,24.48
61283,Historical,658081,0,0,S,12,1,88781,87.1,2013,35,167.49,73.99
61284,Historical,532542,1,1,S,2,1,49655,47.8,2012,53,24.84,32.3
61285,Historical,197720,1,1,S,2,1,206529,68.5,2006,40,0,0
61286,Historical,872548,0,0,S,2,1,411736,62,1998,56,111.33,26.65
61287,Historical,155122,0,0,S,3,1,162281,133.95,1998,50,23.9,53.85
61288,Historical,618059,0,0,S,0,0,209742,49.95,1989,73,27.69,33.22
61289,Historical,904014,0,0,S,3,1,291566,60.5,2012,23,55.96,30.99
61290,Historical,613870,0,0,S,2,1,31920,41,2001,48,0,0
61291,Historical,141875,0,0,S,3,1,16267,46,2008,74,13.08,19.98
61292,Historical,560063,0,0,S,5,1,157154,21,2009,61,0,0
61293,Historical,540421,1,3,S,8,1,354240,63.45,2009,61,48.81,48.06
61294,Historical,57823,0,0,S,5,1,1255061,122.25,2004,36,70.43,16.93
61295,Historical,51899,1,1,S,7,1,1082918,10.42,2004,111,58.99,10.23
61296,Historical,877541,0,0,S,5,1,32807,60.5,2014,52,58.95,53.44
61297,Historical,722542,0,0,S,3,1,50655,31.95,2009,17,0,21.46
61299,Historical,1706625,0,0,S,1,0,460263,50,2010,25,0,33.96
61301,Historical,617745,0,0,S,1,0,274201,49.95,1988,27,0,45.74
61302,Historical,869202,0,0,S,9,1,71606,65.99,2015,20,43.48,46.98
61306,Historical,655195,0,0,S,2,1,263458,49.99,2013,36,23.99,39.59
61307,Historical,642143,1,1,S,8,1,760036,145.33,2012,32,17,64.45
61308,Historical,532535,0,0,S,8,1,201865,175.88,2009,23,123.93,602.84
61309,Historical,873950,0,0,S,7,1,3364122,112.95,2006,18,97.98,73.49
61310,Historical,536598,0,0,S,6,1,891372,240.4,2012,37,15.28,193.78
61311,Historical,244390,0,0,S,9,1,1062339,271.95,2012,39,97.98,135.65
61312,Historical,534448,0,0,S,6,1,1901789,152.67,2005,64,17,8.73
61313,Historical,52500,0,0,S,4,1,1274355,138.67,2004,134,15.28,17.64
61314,Historical,602583,0,0,S,6,1,264555,72.37,2007,37,0,87.49
61315,Historical,144130,0,0,S,8,1,2764617,85.33,1999,59,128.69,12.93
61316,Historical,177095,0,0,S,1,0,605221,254.95,2011,55,0,80.84
61317,Historical,1447387,0,0,S,0,0,1672015,136.3,2008,21,36.8,48.99
61318,Historical,717098,0,0,S,5,1,35086,0,2009,18,15.28,8.95
61319,Historical,533996,0,0,S,2,1,283919,172,2009,41,107.83,82.61
61320,Historical,144493,1,1,S,9,1,439764,130.67,2003,131,128.69,18.85
61321,Historical,627881,0,0,S,5,1,70728,159.33,2012,39,229.55,48.99
61322,Historical,550479,0,0,S,4,1,431637,278.25,2013,72,53.05,77.25
61323,Historical,742836,0,0,S,3,1,2994699,198,2010,8,16.64,0
61324,Historical,550480,0,0,S,1,0,635647,278.25,2012,23,37.77,58.98
61325,Historical,742688,0,0,S,5,1,822524,159.33,2011,34,147.36,11.11
61326,Historical,742742,1,6,S,5,1,773225,179.33,2012,23,229.55,133.99
61327,Historical,130201,0,0,S,1,0,1065956,233.4,2009,74,0,40.99
61328,Historical,52993,1,4,S,3,1,771029,149.33,2004,99,229.55,23.96
61329,Historical,532533,1,1,S,3,1,10384,233.4,2012,63,46.14,83.99
61330,Historical,626235,0,0,S,0,0,575616,39.99,2011,90,15.47,10.34
61332,Historical,532527,0,0,S,2,1,1483560,49.99,2007,45,3.99,9.53
61333,Historical,639855,0,0,S,5,1,319463,44.99,2012,31,29.32,33.49
61334,Historical,652385,0,0,S,5,1,1096342,59.99,2013,21,78.39,45.8
61335,Historical,663308,0,0,S,2,1,530795,49.99,2013,34,35.09,35.68
61336,Historical,1886427,0,0,S,2,1,1234010,49.99,2013,20,38.21,33.99
61337,Historical,864578,0,0,S,4,1,215639,39.99,2014,18,26.39,22.1
61338,Historical,619816,0,0,S,2,1,93523,49.99,2008,36,0,17.98
61339,Historical,1886574,0,0,S,3,1,1490482,49.99,2014,18,39.25,31.93
61340,Historical,783775,0,0,S,2,1,2566834,39.99,2004,36,28.43,8.98
61341,Historical,529657,0,0,S,7,1,68034,217.95,2010,125,8.69,61.97
61342,Historical,245066,0,0,S,6,1,1465309,211.95,2004,84,8.69,19.98
61343,Historical,861191,0,0,S,2,1,356455,49.99,2013,41,37.02,34.98
61344,Historical,609778,0,0,S,3,1,1513368,46.99,2008,49,13.84,14.94
61345,Historical,532521,0,0,S,4,1,295177,49.99,2010,39,13.84,29.94
61346,Historical,618290,0,0,S,2,1,82272,44.99,2009,40,0,0
61347,Historical,895002,0,0,S,2,1,1061962,49.99,2014,15,30.58,34.61
61348,Historical,621370,0,0,S,2,1,33766,39.99,2009,45,16.95,24.8
61350,Historical,603202,1,3,S,2,1,48956,54.98,2014,81,18.64,38.85
61351,Historical,56877,0,0,S,3,1,35328,21,2009,99,12.31,11.89
61352,Historical,532519,0,0,S,5,1,296510,39.99,2012,47,19.17,21.79
61353,Historical,115064,0,0,S,8,1,2930924,88,1999,42,53.94,11.13
61354,Historical,547003,0,0,S,5,1,96384,124.95,2013,59,61.95,60.88
61355,Historical,541392,0,0,S,2,1,151998,88.95,2013,31,21.7,53.85
61356,Historical,532517,0,0,S,5,1,565834,59,2010,57,24.14,23.98
61357,Historical,537810,0,0,S,2,1,1735720,91.95,2000,31,197.17,38.94
61358,Historical,176688,0,0,S,6,1,1095144,107.95,2000,48,38.99,14.9
61359,Historical,2618992,0,0,S,5,1,3884364,50.95,1994,32,38.99,11.79
61360,Historical,644124,0,0,S,2,1,1146211,33,2006,18,23.94,26.06
61362,Historical,532516,0,0,S,2,1,276720,80,2012,20,47.81,45.84
61363,Historical,619755,0,0,S,6,1,141520,196.75,2012,37,43.94,54.95
61364,Historical,866652,0,0,S,4,1,19479,46,2014,35,36.69,26.77
61365,Historical,532515,0,0,S,2,1,316911,58.99,2012,55,10.99,24.61
61367,Historical,117184,0,0,S,6,1,318943,97.2,2005,17,4.89,62.31
61368,Historical,117497,1,1,S,9,1,1052868,109.2,2004,74,4.99,19.99
61370,Historical,627376,0,0,S,1,0,468081,173.5,2011,53,0,28.94
61371,Historical,532508,0,0,S,2,1,1735989,49.95,2010,8,49.46,41.44
61372,Historical,206181,0,0,S,2,1,281605,68.5,2008,13,0,0
61373,Historical,861192,0,0,S,6,1,1509083,269.99,2013,28,5.3,38.89
61374,Historical,108064,0,0,S,9,1,1223793,0,2004,49,63.99,39.99
61376,Historical,152060,0,0,S,3,1,220232,79.99,2004,24,0,0
61377,Historical,631492,0,0,S,5,1,379704,99.95,2011,28,50.99,71.78
61379,Historical,1460709,0,0,S,0,0,512551,7.99,2006,93,0,5.1
61380,Historical,629161,0,0,S,4,1,28448,38.13,2012,42,23.07,26.08
61381,Historical,403071,0,0,S,3,1,366593,79.6,2007,28,0,0
61382,Historical,391028,0,0,S,3,1,641833,99.25,2006,19,0,0
61383,Historical,196491,0,0,S,2,1,1123633,72.95,2002,25,31.69,57.33
61384,Historical,299853,0,0,S,2,1,901888,61.99,2006,54,4,16.02
61385,Historical,628680,0,0,S,1,0,59349,85,2011,74,48.91,57.2
61386,Historical,906593,0,0,S,2,1,354371,36,2014,20,27.99,24.37
61387,Historical,131710,0,0,S,2,1,469438,120.2,2003,57,202.95,53.99
61388,Historical,1954135,0,0,S,5,1,55646,46,2014,23,34.84,29.91
61389,Historical,532490,0,0,S,3,1,450982,65,2010,38,5.56,14.48
61390,Historical,339007,0,0,S,2,1,2518510,45,2007,25,5.56,10.37
61391,Historical,646975,0,0,S,2,1,132786,43,2013,32,17.28,30.87
61392,Historical,542653,0,0,S,2,1,46547,35.95,2013,29,20.94,25.66
61393,Historical,865930,0,0,S,2,1,75016,17.95,2008,16,0,0
61394,Historical,545733,0,0,S,3,1,114947,64.99,2013,26,43.49,30.19
61395,Historical,865502,0,0,S,4,1,63252,74.99,2014,21,30.46,47.46
61396,Historical,752741,0,0,S,15,1,486889,29.95,2010,64,0,0
61398,Historical,262981,0,0,S,5,1,61720,59,2006,26,0,0
61399,Historical,242689,0,0,S,2,1,566314,45,2007,26,0,29.88
61400,Historical,2664672,0,0,S,0,0,259746,68.97,1971,20,16.36,68.99
61401,Historical,615458,0,0,S,4,1,5071087,37.5,2002,17,41.56,7.98
61402,Historical,2596829,0,0,S,0,0,132016,44.99,1989,21,0,30.97
61403,Historical,533551,0,0,S,7,1,35952,134,2011,43,89.2,71.12
61404,Historical,288960,0,0,S,3,1,30185,37.5,2011,30,20,32.56
61405,Historical,1552015,0,0,S,2,1,279767,44.95,2014,15,0,36.26
61406,Historical,411134,0,0,S,0,0,794909,24.95,2004,38,22.71,4.99
61407,Historical,906128,0,0,S,2,1,4323847,68.77,2006,20,33.84,48.63
61408,Historical,571951,0,0,S,2,1,58134,99.95,2002,21,0,65.45
61409,Historical,552913,0,0,S,2,1,543434,64.6,2007,16,0,0
61410,Historical,851639,0,0,S,6,1,1429666,34.37,2000,34,47.49,16.94
61411,Historical,532481,1,1,S,9,1,12060,126.25,2011,98,47.49,72.9
61412,Historical,344179,0,0,S,2,1,651255,34.95,2005,28,0,56.09
61413,Historical,721022,0,0,S,2,1,1396682,82,2002,35,7.98,27.19
61414,Historical,1910281,0,0,S,2,1,690830,52,2012,27,0,48.34
61415,Historical,618237,0,0,S,3,1,47409,44.99,2012,59,21.34,23.99
61416,Historical,552092,0,0,S,2,1,340202,62.53,1992,57,4.15,28.49
61417,Historical,532480,0,0,S,4,1,224444,128.95,2010,41,17.25,60.48
61418,Historical,625333,0,0,S,2,1,285024,56.99,2008,37,41.16,53.61
61419,Historical,1937237,0,0,S,1,0,1831883,26,2010,104,32,4.82
61420,Historical,2435202,0,0,S,4,1,1283237,57.95,1998,29,33.74,41.99
61422,Historical,627757,0,0,S,2,1,195131,89.99,1984,46,83.98,50.92
61423,Historical,1688055,0,0,S,2,1,3232923,52.95,2007,11,0,45.19
61424,Historical,532473,0,0,S,5,1,8734,24.95,2010,59,16.18,16.96
61425,Historical,695558,0,0,S,1,0,1328277,110.15,2008,25,0,10.49
61426,Historical,693006,0,0,S,1,0,244312,90.15,2008,65,0,64.93
61428,Historical,1604581,0,0,S,1,0,671234,79.5,2012,25,0,68.99
61430,Historical,108496,0,0,S,1,0,480724,186,2007,41,0,79.79
61431,Historical,284466,0,0,S,2,1,1096919,136.5,1997,100,4.98,22.98
61433,Historical,2766442,0,0,S,3,1,363816,42.8,2003,23,25.86,29.89
61438,Historical,2081112,0,0,S,1,0,736049,78.65,2011,28,121.63,46.94
61441,Historical,634757,0,0,S,2,1,872169,42,2012,20,20.99,39.99
61443,Historical,2647877,0,0,S,2,1,1546879,72.95,1995,30,23.77,40.42
61444,Historical,1587010,0,0,S,2,1,234629,64.99,2015,9,58.79,63.04
61445,Historical,293124,0,0,S,1,0,1409433,92.95,2000,35,103.99,20.99
61446,Historical,607567,0,0,S,7,1,3063028,36.75,1996,51,18.17,10.04
61448,Historical,642359,1,1,S,2,1,686088,118.94,2011,35,94.85,77.93
61449,Historical,532462,0,0,S,4,1,1314208,35,2010,23,8.69,9.45
61450,Historical,212359,0,0,S,2,1,5001761,127,1995,34,95.46,28.99
61451,Historical,532459,0,0,S,4,1,19862,250.6,2012,39,95.46,110.81
61452,Historical,2080959,0,0,S,4,1,196318,77.3,2009,12,43.11,73.11
61453,Historical,608366,1,1,S,2,1,646469,26.99,1995,96,71.98,26.99
61454,Historical,61225,0,0,S,5,1,919297,17.22,2002,107,109.94,7.21
61455,Historical,614265,0,0,S,4,1,2752639,112.95,2002,46,146.09,23.99
61456,Historical,613095,0,0,S,4,1,1072072,155.25,1995,107,4.26,28.98
61457,Historical,545718,0,0,S,6,1,22175,51.99,2013,41,34.25,25.74
61458,Historical,616934,0,0,S,7,1,92893,67.8,2011,41,41.17,40.49
61459,Historical,613400,0,0,S,3,1,1098599,21.99,2002,57,132.58,20.98
61460,Historical,635335,0,0,S,2,1,603203,90,2004,46,39.44,41.85
61463,Historical,624832,0,0,S,2,1,766908,76.95,2008,31,21.67,34.58
61464,Historical,620849,0,0,S,2,1,295364,53,2006,19,16.41,45.62
61465,Historical,120936,0,0,S,1,0,85944,119,2009,27,4,98.42
61467,Historical,911258,0,0,S,2,1,3595912,42,1998,23,20.99,54.93
61468,Historical,622208,1,1,S,3,1,47949,99.95,2013,46,36.58,38.67
61469,Historical,609426,0,0,S,6,1,2678430,72.95,1999,17,67.74,13.99
61470,Historical,534286,0,0,S,0,0,700835,63,1988,33,36.55,31.92
61471,Historical,165882,0,0,S,3,1,660851,136.95,2004,67,17.49,43.66
61472,Historical,543505,0,0,S,2,1,123080,95,2004,34,19.99,62.9
61473,Historical,1446540,0,0,S,1,0,296625,59.95,2014,14,0,39.68
61474,Historical,448799,0,0,S,3,1,250370,207,2005,69,11.82,43.81
61475,Historical,130706,0,0,S,3,1,424534,125.33,2011,49,41.99,90.59
61476,Historical,56777,1,1,S,6,1,55364,61.02,2009,71,28.99,76.59
61477,Historical,132315,0,0,S,2,1,961935,172.95,2007,37,7.97,50.89
61478,Historical,202519,0,0,S,3,1,3141508,73.12,2001,31,92.61,7.98
61479,Historical,55360,0,0,S,0,0,778386,118.4,2005,75,41.99,11.99
61480,Historical,116990,0,0,S,6,1,886377,128.8,2008,108,7.23,15.34
61482,Historical,288711,0,0,S,3,1,1287109,33.2,2010,29,31.49,7
61484,Historical,50166,1,4,S,7,1,1892207,119.95,2000,75,181.17,19.99
61485,Historical,486258,0,0,S,6,1,416615,92.92,2010,19,112.46,30.99
61486,Historical,169359,0,0,S,9,1,2441523,0,2006,27,181.17,103.69
61487,Historical,56511,0,0,S,3,1,554063,97.95,2001,42,112.46,33.92
61488,Historical,52682,0,0,S,2,1,747642,10.73,2005,166,122.52,9.53
61489,Historical,540754,1,1,S,5,1,11272,100.2,2013,80,49.94,43.99
61490,Historical,607331,0,0,S,2,1,1537625,53,2004,49,49.94,19.74
61491,Historical,644381,1,2,S,5,1,212468,84.4,2013,42,45.76,54.07
61492,Historical,1589397,0,0,S,2,1,1045476,69.99,2008,31,19.61,48.97
61493,Historical,871114,0,0,S,0,0,439180,88.75,1998,84,0,15.3
61494,Historical,846979,0,0,S,3,1,1683113,93,1995,63,0,23.93
61495,Historical,552762,0,0,S,0,0,57704,106.5,2007,73,31.52,62.73
61496,Historical,118078,0,0,S,8,1,1297395,32,2007,38,233.97,25.94
61497,Historical,2259621,0,0,S,12,1,1937777,99.49,2008,27,0,68.2
61498,Historical,50213,0,0,S,5,1,26920,206.2,2010,95,62.31,146.5
61499,Historical,607325,0,0,S,3,1,391656,92.2,2004,34,62.31,73.91
61500,Historical,112279,1,5,S,9,1,166336,123.28,2004,81,7.14,61.84
61501,Historical,178782,0,0,S,8,1,948013,80.34,2000,87,7.14,37.98
61502,Historical,2795797,1,1,S,7,1,104963,158.67,2004,219,0,22.84
61503,Historical,653685,0,0,S,3,1,1802962,141.95,2011,13,4.98,7.52
61505,Historical,917226,1,3,S,8,1,1805841,75.58,2009,61,41.38,48.41
61506,Historical,727140,0,0,S,2,1,1262538,88.75,1999,65,0,12.19
61507,Historical,613553,0,0,S,1,0,389389,114.6,2004,73,0,59.31
61508,Historical,2373429,0,0,S,0,0,1634746,85.2,1993,49,0,28.99
61509,Historical,421673,1,1,S,0,0,49809,129.25,2006,152,31.52,45.96
61510,Historical,909225,0,0,S,2,1,1439024,59.27,2010,53,5.1,101.66
61511,Historical,551299,0,0,S,4,1,393087,131,2003,41,0,18.98
61512,Historical,112186,0,0,S,1,0,1031099,131,2002,66,0,28.94
61513,Historical,658605,1,1,S,10,1,288016,220.25,2013,35,92.49,95.47
61514,Historical,613852,0,0,S,0,0,887131,93,1999,58,4.08,23.85
61515,Historical,914988,0,0,S,7,1,2914188,28.2,2004,28,233.97,14.88
61516,Historical,846980,1,1,S,6,1,1966277,93,1995,34,4.08,46.07
61517,Historical,515289,1,1,S,0,0,284842,119.5,2009,85,57.13,52.43
61519,Historical,629840,0,0,S,1,0,432271,146,2012,30,0,103.46
61520,Historical,593536,1,1,S,1,0,37180,117.59,2013,48,0,128.99
61521,Historical,191833,0,0,S,3,1,61582,80,1997,57,21.91,38.43
61522,Historical,880295,1,2,S,5,1,2152173,82.4,1998,20,68.99,23.99
61523,Historical,53789,1,3,S,7,1,1328302,20.5,2004,52,68.99,21.58
61524,Historical,714210,0,0,S,6,1,1148152,110,2001,79,78.99,8.99
61525,Historical,58525,0,0,S,7,1,876913,141.33,2004,116,78.99,14.44
61526,Historical,117916,0,0,S,7,1,2016437,200.7,2004,45,78.99,11.98
61527,Historical,861201,1,7,S,10,1,455137,145.13,2013,40,76.99,60.91
61528,Historical,126588,0,0,S,3,1,305396,89.99,2006,43,64.93,74.42
61530,Historical,552397,0,0,S,2,1,135517,115,1994,23,28.01,158.33
61531,Historical,162920,0,0,S,2,1,782427,126.95,2009,31,20.79,76.24
61532,Historical,129373,0,0,S,3,1,280492,56,2010,18,34.86,41.17
61533,Historical,103967,0,0,S,4,1,2301358,105,1999,37,115.99,8.23
61534,Historical,1478416,0,0,S,2,1,345385,160,2013,17,0,123.6
61535,Historical,612996,1,1,S,1,0,57876,109.8,2002,75,0,56.05
61536,Historical,860629,0,0,S,4,1,672622,115.4,2012,34,92.97,41.61
61537,Historical,561440,0,0,S,3,1,2404935,10.29,2010,30,116.75,8.98
61538,Historical,1516375,1,1,S,4,1,1189146,120.8,2012,40,116.75,45.92
61539,Historical,286345,1,5,S,0,0,62719,19.95,2009,37,83.74,11
61540,Historical,112280,0,0,S,0,0,520402,141.25,2005,28,47.21,92.84
61541,Historical,112194,0,0,S,0,0,326382,161,2005,170,47.21,15.98
61542,Historical,706981,0,0,S,1,0,603071,150.5,2002,117,6.99,26.35
61543,Historical,50202,0,0,S,10,1,1107354,223.95,2004,145,139.23,18.97
61544,Historical,218665,0,0,S,2,1,1364571,106,2000,36,6.25,47.58
61545,Historical,53405,0,0,S,3,1,1150946,317.95,2009,30,115.45,89.9
61546,Historical,218729,0,0,S,3,1,599377,118,2003,71,6.25,34.7
61547,Historical,633941,1,2,S,10,1,38897,131.25,2013,57,73.65,71.96
61548,Historical,58125,0,0,S,2,1,1142055,80.95,2003,47,76.57,28.97
61549,Historical,130836,0,0,S,4,1,97007,149.2,1995,39,5.57,64.77
61550,Historical,626645,0,0,S,0,0,66622,108.95,2013,49,58.73,57.06
61551,Historical,635455,0,0,S,2,1,476548,139,1993,51,195.06,88.77
61552,Historical,542630,0,0,S,3,1,11173,105,2013,95,49.49,46.9
61553,Historical,621150,0,0,S,2,1,613730,131.95,2003,27,5.87,46.73
61554,Historical,630979,0,0,S,1,0,858616,90,2008,21,0,66.98
61555,Historical,629115,0,0,S,3,1,232542,88,2013,44,33.06,30.68
61556,Historical,53385,0,0,S,5,1,2792824,113,2002,52,98.99,30.41
61557,Historical,541522,0,0,S,4,1,1533535,41,2012,18,20.61,20.97
61558,Historical,663268,0,0,S,10,1,920896,62.95,2013,35,114.49,59.32
61559,Historical,617247,0,0,S,1,0,629689,116.6,2003,36,167.36,93.99
61561,Historical,200704,0,0,S,0,0,234861,93.24,2007,23,26.92,61.99
61562,Historical,640774,0,0,S,1,0,289470,62.58,2007,15,26.92,12.87
61563,Historical,865673,0,0,S,2,1,483166,22.99,2012,50,0,9.99
61566,Historical,568730,0,0,S,0,0,490648,49.99,1997,30,0,33.93
61567,Historical,895199,0,0,S,43,1,498547,49.95,2013,29,29.49,48.76
61568,Historical,624237,0,0,S,40,1,636036,49.95,2010,22,29.49,29.97
61569,Historical,906814,0,0,S,43,1,480312,49.95,2013,26,29.49,71.56
61570,Historical,148573,0,0,S,3,1,257584,108.95,2006,40,10.03,30.88
61571,Historical,295035,0,0,S,0,0,346920,56.95,2003,27,0,23.99
61572,Historical,115044,0,0,S,5,1,235970,96.8,1999,41,10.82,75.16
61573,Historical,2031638,0,0,S,5,1,98218,24.99,2012,22,0,18.35
61574,Historical,2031642,1,1,S,5,1,64599,24.99,2012,38,16.74,17.25
61576,Historical,641685,0,0,S,4,1,445963,87,2006,34,0,0
61577,Historical,268433,0,0,S,2,1,126752,40,2006,37,23.99,33.66
61578,Historical,1558685,0,0,S,2,1,510406,49.95,2011,18,37.43,41.08
61579,Historical,737385,0,0,S,1,0,1762925,37,2006,17,26.54,26.49
61582,Historical,612228,0,0,S,12,1,677131,39,2013,16,0,0
61585,Historical,622839,0,0,S,1,0,472935,79.5,1999,16,0,112.63
61586,Historical,915405,0,0,S,0,0,250175,39.95,2011,23,12.26,15.98
61587,Historical,630194,0,0,S,2,1,317796,49.95,2006,24,0,0
61588,Historical,126457,0,0,S,2,1,1010236,614,2005,25,44.99,202.84
61589,Historical,745704,0,0,S,1,0,759487,50,2001,140,0,7.94
61590,Historical,534388,0,0,S,5,1,942859,39.98,1983,86,22.99,30.99
61591,Historical,2837806,1,6,S,5,1,51676,76.97,1979,98,53.26,53.93
61592,Historical,534290,1,3,S,6,1,318015,44.25,1991,111,34.64,53.52
61593,Historical,57558,1,3,S,7,1,1441794,96.95,1999,28,41.99,74.86
61594,Historical,143545,0,0,S,4,1,19830,39.95,2011,54,23.97,25.84
61595,Historical,58264,0,0,S,5,1,2226312,64,2004,50,56.49,11.98
61596,Historical,2115617,0,0,S,2,1,987791,53.99,2014,19,68.78,53.99
61597,Historical,1781259,0,0,S,3,1,103227,39.99,2015,15,25.22,25.25
61598,Historical,865372,0,0,S,5,1,52160,24.99,2013,27,14.53,12.47
61599,Historical,864181,0,0,S,4,1,202310,24.99,2012,52,14.53,7.93
61600,Historical,248106,0,0,S,3,1,59238,36.95,2010,96,7.34,14.81
61602,Historical,615762,0,0,S,2,1,548569,8.99,2009,38,15.22,7.89
61604,Historical,858459,0,0,S,11,1,1338,16.95,2014,54,10.81,12.99
61605,Historical,57816,0,0,S,10,1,106969,14.95,2007,91,10.81,12.1
61606,Historical,912371,1,1,S,33,1,515140,49.95,2012,32,35.81,42.14
61607,Historical,277798,0,0,S,10,1,196370,29.95,2010,23,13.63,20.73
61608,Historical,252035,1,1,S,2,1,423875,174.95,2008,25,72.24,63.98
61610,Historical,298869,1,1,S,3,1,89806,99.95,2009,79,23.9,68.54
61611,Historical,532418,0,0,S,7,1,56727,113.4,2011,53,65,53.99
61612,Historical,876062,0,0,S,5,1,3096066,101.95,1993,27,73.72,53.67
61613,Historical,202199,1,3,S,6,1,446755,117.95,1998,19,73.72,72.03
61615,Historical,591596,0,0,S,2,1,241692,43.99,2006,50,4.93,11.83
61616,Historical,625394,0,0,S,2,1,1630499,43.99,2006,30,4,14.9
61617,Historical,246231,0,0,S,2,1,149808,52.99,2005,23,0,0
61618,Historical,532416,0,0,S,2,1,1032100,42.99,2005,28,97.14,171.75
61619,Historical,532415,0,0,S,3,1,52164,49.99,2010,39,19.99,31.01
61620,Historical,534751,0,0,S,4,1,37191,53.99,2013,31,33.99,40.48
61621,Historical,532412,0,0,S,5,1,157142,52.99,2008,34,20.99,27.88
61622,Historical,246243,0,0,S,4,1,797806,36.95,2006,46,32.49,10.98
61623,Historical,639729,0,0,S,6,1,21492,50.99,2013,50,31.99,24.87
61624,Historical,613253,0,0,S,3,1,2020624,35.95,2003,54,31.99,22.89
61625,Historical,534755,0,0,S,6,1,55094,51.99,2013,39,35.88,25.54
61626,Historical,536042,0,0,S,5,1,146956,52.99,2009,56,18.95,25.21
61627,Historical,2596725,0,0,S,2,1,811415,54.99,1990,31,0,46.35
61630,Historical,637173,0,0,S,3,1,59733,93.95,2008,36,42.99,54.43
61631,Historical,642078,0,0,S,2,1,320539,84.95,2013,23,41.89,58.72
61632,Historical,532406,0,0,S,5,1,41302,55.99,2012,66,30.96,25.64
61633,Historical,701812,0,0,S,5,1,116971,40,2010,40,23.48,20
61634,Historical,702515,0,0,S,14,1,140777,28,2013,30,11.5,18.4
61635,Historical,755465,0,0,S,1,0,1317675,84.95,2010,15,0,43.99
61636,Historical,336668,0,0,S,2,1,342990,49.95,2007,25,25.68,31.68
61637,Historical,251984,1,1,S,11,1,848777,142.95,2008,30,19.6,27.71
61638,Historical,244951,0,0,S,10,1,135340,127.95,2003,48,19.6,28.99
61639,Historical,1719673,0,0,S,4,1,208007,86.5,2008,17,0,80.99
61641,Historical,706425,0,0,S,0,0,1196875,116.25,2001,134,0,25.94
61642,Historical,112335,0,0,S,1,0,292530,116.5,2007,72,19.91,63.93
61643,Historical,615319,1,1,S,2,1,602277,115.5,2005,81,0,58.97
61644,Historical,709282,0,0,S,3,1,890242,92,2007,24,20.51,24.86
61645,Historical,708231,0,0,S,2,1,1946520,93.75,2004,32,20.51,38.99
61646,Historical,708233,0,0,S,2,1,1942108,80.76,2004,40,4.77,47.72
61647,Historical,619126,0,0,S,3,1,3444688,87.75,2001,31,4.77,9.89
61648,Historical,618596,0,0,S,1,0,426360,118.25,2007,48,0,49.98
61649,Historical,532399,0,0,S,3,1,32155,35,2010,34,14.83,19.17
61650,Historical,619392,0,0,S,2,1,183610,110,2007,33,104.36,55.05
61651,Historical,536394,0,0,S,8,1,49253,47.95,2013,28,26.94,29.39
61652,Historical,2597286,0,0,S,1,0,516722,49.99,1990,31,0,38.41
61653,Historical,532395,0,0,S,5,1,450916,36.95,2010,20,28.04,37.95
61654,Historical,270888,0,0,S,2,1,114097,37,2009,30,26.1,31.39
61655,Historical,532394,0,0,S,2,1,472447,58.95,2006,33,23.17,44.25
61656,Historical,900366,0,0,S,9,1,252609,28.99,2014,27,11.09,35.99
61657,Historical,238827,1,3,S,3,1,68422,92,2008,38,29.25,123.87
61658,Historical,536256,0,0,S,8,1,29885,57,2010,39,32,40.56
61659,Historical,678399,0,0,S,2,1,11850,18.95,2010,47,10.2,10.64
61661,Historical,918678,0,0,S,2,1,2138245,49.95,1979,40,25.64,47.85
61662,Historical,560858,0,0,S,3,1,524423,77.2,2005,83,4,27.9
61663,Historical,1455106,0,0,S,11,1,58082,128,2014,48,0,47.88
61664,Historical,2692036,0,0,S,4,1,153666,60,2003,22,0,96.7
61665,Historical,2140722,0,0,S,3,1,85796,16.95,2007,30,0,41.99
61666,Historical,534346,1,2,S,5,1,4667721,234.15,1981,19,135.32,72.69
61667,Historical,624590,1,1,S,6,1,66710,128.95,1989,38,135.32,73.05
61670,Historical,639374,0,0,S,2,1,105072,54.95,2006,38,25.99,43.91
61671,Historical,277033,0,0,S,5,1,623773,30,2004,28,22.59,20.24
61672,Historical,199967,1,1,S,3,1,209987,96.95,2003,27,40.44,56.07
61675,Historical,623731,0,0,S,2,1,470532,84.95,1988,16,0,59.25
61676,Historical,628738,0,0,S,6,1,182929,106.25,2009,35,72.78,48.57
61677,Historical,294348,0,0,S,2,1,724955,40,2002,53,4.02,15.28
61678,Historical,1484417,0,0,S,1,0,270621,45,2010,17,0,34.99
61679,Historical,864053,0,0,S,2,1,259238,39.95,2011,42,33.99,39.95
61680,Historical,248261,0,0,S,3,1,1484843,110,2010,24,67.88,80
61681,Historical,176786,0,0,S,1,0,2023199,209.95,2003,17,67.88,63.33
61682,Historical,539736,0,0,S,2,1,705938,44.95,2011,25,32.67,38.16
61683,Historical,532379,0,0,S,2,1,348707,69.95,2008,30,38.97,55.16
61684,Historical,2675557,0,0,S,2,1,4508334,65.65,1988,40,32.95,17.77
61685,Historical,1661547,0,0,S,4,1,7134,11.95,2012,26,0,7.05
61686,Historical,247993,0,0,S,2,1,54151,39.95,2008,45,27.95,26.32
61687,Historical,677632,0,0,S,1,0,633218,29,2010,45,20.77,16.36
61688,Historical,633135,0,0,S,7,1,181487,56.8,2011,15,0,0
61689,Historical,534370,0,0,S,3,1,379681,79.95,1992,65,61.46,23.95
61690,Historical,1623207,0,0,S,9,1,1270006,84.08,2008,20,0,84.98
61691,Historical,720321,0,0,S,1,0,320499,82,2001,45,0,22.99
61692,Historical,630555,1,1,S,2,1,277954,76.95,2012,49,19.49,58.53
61693,Historical,647118,0,0,S,2,1,9331,45,2012,29,30.51,28.98
61694,Historical,618340,1,1,S,0,0,53927,39.13,1999,109,13.99,25.02
61695,Historical,1957248,0,0,S,1,0,494116,50,2014,19,0,2346.73
61696,Historical,863636,0,0,S,2,1,2029088,109,2007,24,4.76,49.84
61697,Historical,632105,0,0,S,2,1,543619,69.95,2012,21,36.19,49.71
61698,Historical,620851,0,0,S,3,1,484790,313.99,2006,23,0,0
61699,Historical,532371,0,0,S,3,1,1360157,249.99,2010,37,40.24,69.99
61700,Historical,561628,0,0,S,2,1,229899,54.95,2002,27,6.62,55.86
61702,Historical,1651376,0,0,S,5,1,239563,42.95,2006,18,0,40.77
61703,Historical,532365,0,0,S,3,1,11465,22.99,2012,23,0,0
61704,Historical,874319,0,0,S,9,1,1560751,6.98,2006,60,43.99,7.99
61705,Historical,110752,0,0,S,11,1,53803,140.75,2011,62,43.99,83.98
61706,Historical,587674,1,2,S,2,1,373990,151.95,2012,41,21.46,48.6
61707,Historical,769295,0,0,S,0,0,760072,91.35,2001,52,0,7.98
61708,Historical,769296,0,0,S,0,0,932967,91.35,2001,55,0,5.2
61709,Historical,616744,0,0,S,2,1,49039,91.2,2008,48,34.15,53.96
61710,Historical,2009402,0,0,S,2,1,2524,42.52,2008,14,0,70.99
61711,Historical,557415,0,0,S,9,1,2360208,87.6,2007,26,49.71,33.97
61712,Historical,879037,0,0,S,11,1,850249,82,2013,34,49.71,66.38
61713,Historical,864580,1,2,S,12,1,6299,60.5,2014,76,35.35,45.55
61714,Historical,165705,0,0,S,8,1,1119512,109.95,2004,26,0,49.99
61715,Historical,914358,0,0,S,7,1,1591048,70.74,2005,36,13.14,39.26
61716,Historical,876455,0,0,S,13,1,417442,144,2013,47,107.44,39.32
61717,Historical,344181,0,0,S,8,1,897766,264,2004,31,0,47.83
61718,Historical,591959,0,0,S,2,1,546994,31.95,2004,52,27.99,43.94
61721,Historical,2628518,0,0,S,10,1,28750,30,1998,39,6.57,17.85
61722,Historical,145501,0,0,S,5,1,1254489,103,2006,26,6.48,125.88
61723,Historical,111378,0,0,S,1,0,641737,7.88,2010,60,17.69,7.88
61725,Historical,145608,0,0,S,4,1,1420018,70.67,2007,47,4,31.87
61726,Historical,54381,1,1,S,4,1,139568,91,2011,85,19.07,30.88
61727,Historical,860634,0,0,S,4,1,1243005,97.67,2012,19,19.07,98.98
61728,Historical,613535,0,0,S,3,1,626151,79.8,2009,59,19.07,53.33
61729,Historical,54379,0,0,S,3,1,3098392,86.47,2008,16,19.07,7.98
61730,Historical,199557,0,0,S,1,0,1422896,33.95,2002,29,31.98,23.49
61731,Historical,644531,0,0,S,7,1,454234,50,2012,15,0,37.19
61732,Historical,3801175,0,0,S,4,1,1855626,69.95,2017,0,0,69.95
61733,Historical,618298,0,0,S,3,1,37367,69.95,2007,60,0,0
61735,Historical,760963,0,0,S,5,1,6529827,175,1999,16,9.54,60
61736,Historical,768360,0,0,S,8,1,265369,110.95,2000,72,8.21,24.9
61737,Historical,591616,0,0,S,3,1,598328,63.95,2008,34,18.4,50.11
61738,Historical,620491,0,0,S,0,0,298127,171.25,2009,50,44.33,63.66
61739,Historical,658323,0,0,S,2,1,1001681,55,2011,32,25.97,30.94
61740,Historical,540267,0,0,S,4,1,142903,75.95,2013,46,32.13,51.2
61741,Historical,135658,0,0,S,5,1,246105,59.95,2010,58,23.59,45.99
61742,Historical,1555229,0,0,S,4,1,332437,49.95,2014,25,40.9,41.51
61743,Historical,630793,0,0,S,6,1,603864,57.95,2008,53,18.87,23.97
61744,Historical,177792,0,0,S,4,1,102325,193.95,2004,51,28.38,40.38
61745,Historical,108249,0,0,S,2,1,607065,0,2003,31,67.18,18.16
61746,Historical,606708,0,0,S,3,1,4792963,76.95,1993,22,28.38,33.98
61747,Historical,2081819,0,0,S,2,1,394244,39,2011,19,11.9,29.1
61748,Historical,110462,0,0,S,7,1,21691,212.5,2011,62,73.88,82.27
61749,Historical,204006,0,0,S,7,1,716556,67.99,2007,93,4.49,38.38
61750,Historical,254918,1,19,S,0,0,620724,58.95,2007,22,0,0
61751,Historical,534145,1,1,S,2,1,363747,56.95,2012,30,32.93,46.9
61752,Historical,255130,0,0,S,2,1,283413,56.95,2012,36,19.28,44.98
61753,Historical,52087,0,0,S,9,1,2164935,120,2000,64,112.98,8.49
61754,Historical,52088,0,0,S,11,1,1143871,170.67,2005,30,112.98,58.98
61755,Historical,2551437,0,0,S,6,1,3519698,259,2003,17,143.99,188.02
61756,Historical,435161,0,0,S,5,1,315747,84.95,2009,39,30.84,43.74
61757,Historical,917619,0,0,S,0,0,1442258,63,2005,29,0,7.98
61758,Historical,890466,0,0,S,2,1,266150,43,2011,14,42.59,43
61759,Historical,1536914,0,0,S,10,1,3091977,85,2006,12,60.47,85
61760,Historical,217193,0,0,S,2,1,588531,42,1999,26,0,19.86
61761,Historical,537154,0,0,S,8,1,266017,76.5,2013,21,58.36,54.31
61762,Historical,577374,0,0,S,4,1,1593332,37.95,2004,76,16.97,11.98
61763,Historical,867612,0,0,S,6,1,81956,51.99,2014,18,33.23,32.18
61764,Historical,1936399,0,0,S,8,1,45354,51.99,2014,39,37.69,25.39
61765,Historical,660869,0,0,S,5,1,17645,51.99,2013,37,26.32,26.36
61766,Historical,624468,0,0,S,1,0,24679,49.99,2004,31,0,0
61767,Historical,610047,0,0,S,6,1,57937,51.99,2013,23,31.39,23.73
61768,Historical,864583,0,0,S,6,1,3064,53.99,2014,51,38.13,40.49
61769,Historical,652402,0,0,S,2,1,227952,53.99,2013,37,22.98,30.16
61770,Historical,204192,0,0,S,2,1,1001867,118.33,2009,24,0,16.45
61771,Historical,2252720,0,0,S,12,1,524444,74.03,2010,16,12.34,31.48
61772,Historical,578957,0,0,S,6,1,54503,94.95,2011,62,32.99,54.89
61773,Historical,542771,0,0,S,10,1,884893,73.99,2005,26,10.47,43.42
61774,Historical,476799,0,0,S,3,1,672644,169.99,2007,19,0,0
61775,Historical,1656719,0,0,S,1,0,804093,113.22,2006,28,0,27.99
61776,Historical,861205,1,3,S,2,1,112943,64.95,2013,100,10.22,10.52
61777,Historical,861206,0,0,S,3,1,42989,49.95,2013,26,31.62,37.46
61778,Historical,569704,0,0,S,5,1,467795,138.95,2004,25,12.61,53.99
61779,Historical,532343,0,0,S,2,1,490242,40.95,2013,27,19.94,28.99
61780,Historical,1982486,0,0,S,0,0,173570,66,2014,26,47.91,45.1
61781,Historical,158116,0,0,S,4,1,4369859,48.95,2005,25,183.65,49.45
61782,Historical,649691,0,0,S,2,1,274083,54.95,2012,23,0,0
61783,Historical,366658,0,0,S,0,0,314883,59.95,2010,20,0,51.94
61785,Historical,707995,1,1,S,3,1,1964993,100,2004,22,0,28.99
61786,Historical,617985,0,0,S,0,0,173446,161.75,2007,73,9.92,41.98
61787,Historical,2302793,1,1,S,0,0,1647543,82.64,1999,75,9.92,10.3
61789,Historical,676184,1,1,S,0,0,141806,44.95,2004,55,0,12.94
61790,Historical,610155,1,4,S,3,1,132306,115.5,2005,194,7.03,28.99
61791,Historical,612952,0,0,S,3,1,1359363,114.25,2001,101,7.03,23.99
61792,Historical,612958,0,0,S,2,1,805927,115.5,2002,135,7.03,9.98
61794,Historical,538949,0,0,S,0,0,440874,123,2007,71,5.88,21.98
61795,Historical,708160,0,0,S,0,0,826671,82.6,2004,20,5.88,25.74
61796,Historical,612916,0,0,S,3,1,1420127,112.5,1999,108,0,7.22
61797,Historical,112265,1,3,S,0,0,916358,113.75,2004,92,5.88,31.43
61799,Historical,609460,0,0,S,3,1,884390,44.95,2008,38,24.99,13.94
61800,Historical,701444,0,0,S,2,1,664935,29.95,2008,61,9.33,8.73
61801,Historical,1437389,0,0,S,1,0,162168,50,2014,18,0,26.43
61802,Historical,613654,0,0,S,1,0,693941,102.95,2005,83,6.94,12.15
61803,Historical,593928,0,0,S,2,1,711558,102.95,2010,85,6.94,13.15
61805,Historical,663148,0,0,S,2,1,900588,44.99,2013,17,0,0
61806,Historical,876423,0,0,S,7,1,1673842,59.22,2008,32,39.99,59.22
61807,Historical,244008,0,0,S,8,1,99704,77.95,2012,103,39.99,58.97
61809,Historical,904003,0,0,S,2,1,1029592,55,2014,21,33.73,36.47
61810,Historical,256341,0,0,S,2,1,31183,42.95,2008,71,20.93,33.97
61811,Historical,256270,0,0,S,1,0,2372949,29.95,2002,43,20.93,7.74
61812,Historical,539117,0,0,S,10,1,1115020,105.53,2010,28,48.98,125.99
61813,Historical,51243,0,0,S,7,1,1272041,52.6,2001,65,48.98,8.99
61814,Historical,532335,0,0,S,3,1,48314,42.95,2012,16,0,0
61815,Historical,534324,0,0,S,2,1,565288,39.95,1991,50,37.49,48.79
61816,Historical,612736,0,0,S,5,1,5254,49.95,2014,40,37.49,25.18
61818,Historical,650943,0,0,S,2,1,3653176,58.95,2006,16,0,40.69
61819,Historical,532332,0,0,S,2,1,481903,49.99,2008,40,15.99,32.31
61820,Historical,1613704,0,0,S,0,0,127861,39.99,2011,21,8.27,31.5
61822,Historical,549663,0,0,S,2,1,129992,85,2009,19,47.96,44.79
61823,Historical,166500,1,1,S,0,0,941814,55,2004,43,65.24,13.54
61824,Historical,118616,0,0,S,6,1,1283709,71.4,2007,41,4,31.87
61826,Historical,532330,0,0,S,16,1,723582,78.95,2010,29,0,0
61827,Historical,132686,0,0,S,2,1,135755,55,2008,36,9.04,23.99
61828,Historical,259251,0,0,S,2,1,118088,59.99,2000,81,4.27,9.99
61829,Historical,2115726,0,0,S,2,1,299882,49.99,2015,8,0,49.98
61832,Historical,1576966,0,0,S,1,0,176296,60,2006,30,58.58,55.36
61833,Historical,247756,0,0,S,0,0,407409,57,2006,51,66.66,52.9
61834,Historical,206142,0,0,S,2,1,146469,44,2007,57,1135.02,21.53
61835,Historical,910296,0,0,S,2,1,1651109,60,1989,18,53.99,114.03
61836,Historical,728406,0,0,S,1,0,938960,59.99,2001,49,4.99,13.94
61838,Historical,646924,0,0,S,2,1,44868,55,2013,44,40.78,36.92
61839,Historical,652821,0,0,S,2,1,111363,120,2010,23,49.08,68.99
61841,Historical,201838,0,0,S,2,1,67153,48.99,2006,95,28.98,44.11
61842,Historical,608290,0,0,S,3,1,1656806,70,2002,27,23.94,11.05
61843,Historical,201530,0,0,S,4,1,164761,55,2005,35,23.94,13.48
61844,Historical,290430,0,0,S,2,1,1517606,70,1999,21,23.97,93.19
61845,Historical,339387,1,1,S,2,1,473319,90,2008,24,60.68,64.12
61846,Historical,859649,0,0,S,2,1,1358935,90,2008,24,52.32,63.18
61847,Historical,572145,0,0,S,6,1,3117728,140.95,2005,27,29.93,42.19
61848,Historical,544735,0,0,S,8,1,1189728,141.95,2012,30,29.93,33.99
61849,Historical,874667,0,0,S,8,1,857218,120.95,2011,22,29.93,53.99
61850,Historical,354969,0,0,S,7,1,1401934,137.95,2008,28,29.93,51.79
61851,Historical,532943,0,0,S,8,1,844530,120.95,2012,18,29.93,254.97
61852,Historical,2659157,0,0,S,2,1,1112529,64.99,2004,45,5.09,22.98
61853,Historical,626696,0,0,S,3,1,86173,34.99,2012,56,20.34,21.13
61855,Historical,628684,0,0,S,4,1,900092,61.6,2010,36,31.94,11.56
61856,Historical,714423,0,0,S,3,1,2805890,44.8,2001,24,31.94,24.95
61857,Historical,619467,0,0,S,1,0,339395,32,2000,94,29.98,16.04
61858,Historical,2104179,0,0,S,0,0,38837,24.99,2014,20,27.82,17
61859,Historical,504452,0,0,S,0,0,1363994,13.95,2006,50,27.82,10.71
61860,Historical,644701,0,0,S,3,1,280557,44.99,2011,38,12.01,22.94
61861,Historical,922199,0,0,S,2,1,592660,39.99,2007,68,12.01,11.49
61862,Historical,1472713,0,0,S,2,1,1436276,63,2009,18,56.31,48.88
61864,Historical,576120,0,0,S,3,1,330263,76.95,2005,27,58.99,148.94
61865,Historical,606745,0,0,S,3,1,3211138,34.95,2001,30,18.99,23.99
61866,Historical,861208,0,0,S,5,1,108460,50,2013,45,18.99,24.05
61867,Historical,2324936,0,0,S,0,0,277092,48.94,1970,168,0,48.94
61868,Historical,650168,0,0,S,9,1,1716345,166.5,2013,31,124.99,69.09
61869,Historical,705419,0,0,S,2,1,744903,209.75,2013,25,73.34,49.38
61870,Historical,532317,0,0,S,1,0,146669,39.99,2010,43,17.29,22.65
61871,Historical,538312,0,0,S,2,1,198607,60,2013,32,28.83,46.97
61872,Historical,417560,0,0,S,2,1,1560554,150,2004,34,10.93,13.38
61873,Historical,428538,0,0,S,5,1,47185,147,2011,66,41.86,110.91
61874,Historical,169856,0,0,S,3,1,207272,222.95,2009,56,17.99,103.93
61875,Historical,51142,0,0,S,11,1,167691,193.75,2004,48,129.99,9
61876,Historical,624666,0,0,S,0,0,608856,36,2013,126,33.99,29.94
61877,Historical,867828,0,0,S,0,0,276865,38,2014,108,33.99,17.98
61878,Historical,468634,1,1,S,4,1,111443,78,2006,101,22.72,33.35
61879,Historical,445738,0,0,S,2,1,621246,59.95,2006,33,0,0
61880,Historical,116865,0,0,S,8,1,1285368,156,2005,51,4.97,23.78
61881,Historical,539474,0,0,S,2,1,906746,167.07,2013,26,124.87,97.12
61882,Historical,109920,0,0,S,3,1,1096499,247,2006,29,8.54,21.44
61883,Historical,52453,0,0,S,14,1,3674895,171.95,2004,28,10.09,12.2
61884,Historical,148741,0,0,S,16,1,146855,331.95,2010,59,5.09,64.11
61885,Historical,108316,0,0,S,2,1,3781435,0,2003,35,72.99,11.87
61886,Historical,456506,0,0,S,2,1,775045,123.95,2009,50,29.8,43.98
61887,Historical,1441546,0,0,S,1,0,245986,174.5,2013,18,164.32,62.83
61888,Historical,716336,0,0,S,6,1,481867,121.87,2013,29,108.59,73.99
61889,Historical,330413,0,0,S,5,1,806971,133.95,2003,36,0,53.43
61890,Historical,404604,0,0,S,5,1,855640,89.95,2003,18,0,182.31
61891,Historical,893319,1,1,S,13,1,544890,128.8,2015,16,110.26,118.35
61892,Historical,420951,0,0,S,2,1,1020434,45.4,2002,27,9.47,13.98
61893,Historical,206622,0,0,S,4,1,1035380,192.95,2003,34,13.99,38.99
61894,Historical,420929,0,0,S,4,1,6676179,100,2001,46,103.65,7.68
61895,Historical,421596,0,0,S,1,0,554738,167.8,2012,18,20.56,72.98
61896,Historical,2273810,0,0,S,4,1,497917,54.67,2013,32,31.59,65.76
61897,Historical,109940,0,0,S,2,1,2014666,6.54,2006,32,142.99,6.54
61898,Historical,553601,1,1,S,4,1,138335,136.4,2007,15,0,48.49
61899,Historical,54041,0,0,S,8,1,2469866,271.95,2004,58,40.33,13.49
61900,Historical,109919,0,0,S,3,1,485889,216,2006,38,15.99,109.56
61901,Historical,421597,0,0,S,4,1,161676,136.4,2007,18,0,43.99
61902,Historical,422077,0,0,S,4,1,292201,153.2,2006,33,23.68,56.33
61903,Historical,536688,0,0,S,6,1,1813283,115,2009,14,73.88,56.29
61904,Historical,51157,0,0,S,6,1,1114651,86.67,2006,89,76.47,7.99
61905,Historical,2384300,0,0,S,10,1,915039,161.47,2015,13,0,152.31
61906,Historical,51158,1,3,S,7,1,92311,114.4,2008,64,76.47,44.91
61907,Historical,867939,0,0,S,6,1,378937,69.95,2014,46,30.89,44.16
61908,Historical,183016,0,0,S,6,1,1145734,127.95,2004,87,83.99,6.19
61909,Historical,291632,0,0,S,5,1,1475006,111.95,2004,38,89.49,14.5
61910,Historical,137538,1,1,S,3,1,1068699,89,2008,38,73.98,61.89
61914,Historical,532848,0,0,S,35,1,1039397,54.25,2012,16,4.98,30.56
61915,Historical,2259124,0,0,S,2,1,961420,61.53,2010,33,26.99,51.46
61916,Historical,664905,0,0,S,2,1,1153752,51.95,2013,17,20.69,25
61917,Historical,564984,0,0,S,0,0,251010,98.95,2012,22,0,38.98
61918,Historical,285446,0,0,S,23,1,1264415,28.99,2011,41,4.98,28.99
61919,Historical,110685,0,0,S,21,1,2346932,15.71,2009,27,53.05,19.65
61920,Historical,118618,0,0,S,9,1,36341,162.8,2008,51,35.98,76.98
61921,Historical,116849,0,0,S,3,1,1960345,117.33,2004,48,68.87,26.08
61923,Historical,55170,0,0,S,5,1,367235,166.67,2003,77,188.99,9.03
61924,Historical,60147,0,0,S,3,1,953446,237.95,2003,47,222.48,22.69
61925,Historical,851577,1,1,S,5,1,3395221,90.36,2000,28,106.5,15.71
61926,Historical,435391,0,0,S,7,1,2537333,253.95,2000,28,74.52,28.59
61927,Historical,468734,0,0,S,9,1,208723,97.95,2010,37,74.52,22.69
61928,Historical,532321,0,0,S,2,1,1456519,43.95,2010,17,18.57,13.99
61929,Historical,51114,1,1,S,9,1,1566583,247.95,2003,87,153.99,13.98
61930,Historical,200913,1,1,S,5,1,75092,18.99,2009,36,0,0
61931,Historical,457554,0,0,S,7,1,1413801,261.95,1998,51,153.99,28.92
61932,Historical,606923,0,0,S,13,1,775001,349.53,2006,24,216.37,73.22
61933,Historical,51186,1,1,S,6,1,647765,178.95,2002,57,100.95,8.49
61934,Historical,51187,1,2,S,7,1,508240,160.95,2005,88,100.95,11.97
61935,Historical,878304,0,0,S,12,1,131748,57.67,2008,24,33.98,23.18
61937,Historical,112267,0,0,S,1,0,1147430,115.25,2004,46,4,21.98
61938,Historical,416680,0,0,S,4,1,66045,66.59,2008,52,5.78,30.83
61939,Historical,489397,0,0,S,4,1,23745,39.99,2008,199,15.92,18.72
61940,Historical,489396,0,0,S,3,1,754673,29.95,1997,176,15.92,6.93
61941,Historical,456502,0,0,S,17,1,513867,112.95,2009,32,83.92,74.79
61942,Historical,476828,0,0,S,2,1,1473610,91.5,2011,20,163.99,103.09
61943,Historical,285814,0,0,S,2,1,204546,169.2,1999,26,25,73.39
61945,Historical,489860,0,0,S,2,1,2998052,100,2005,23,74.98,45.73
61946,Historical,300403,0,0,S,11,1,93682,48,2010,77,30.32,36.99
61947,Historical,667441,0,0,S,6,1,1357267,42.95,2010,43,23.68,18.98
61948,Historical,615298,0,0,S,3,1,335500,231,2012,71,104.11,105.73
61949,Historical,532274,0,0,S,3,1,644779,34.99,2010,50,17.1,8.08
61950,Historical,861216,0,0,S,3,1,754025,57.95,2013,17,139.11,50
61951,Historical,547309,0,0,S,2,1,1005501,79.95,2012,21,42.92,45.98
61952,Historical,532272,0,0,S,2,1,1051836,70,2009,29,29.13,38.99
61953,Historical,532271,0,0,S,2,1,1061268,210,2007,20,81.19,68.83
61954,Historical,147745,0,0,S,1,0,242785,185.95,2003,26,42.4,50.01
61956,Historical,386435,0,0,S,0,0,598069,104,2008,24,0,45.19
61957,Historical,412784,0,0,S,5,1,8817900,111.95,1996,24,74.88,9.98
61958,Historical,404929,0,0,S,3,1,490900,35,2006,56,20.03,23.68
61959,Historical,381477,0,0,S,7,1,299008,28.99,2011,24,114.99,90.72
61960,Historical,51130,0,0,S,4,1,1435316,11.97,2005,36,114.99,11.26
61961,Historical,564005,0,0,S,7,1,271533,367.95,1994,47,7.3,55.9
61962,Historical,416223,0,0,S,3,1,675319,22.11,2002,42,106.99,13.46
61963,Historical,532244,0,0,S,2,1,533143,37.25,2010,82,26.86,25.29
61964,Historical,569164,0,0,S,2,1,171884,43,2010,12,0,29.78
61965,Historical,542100,0,0,S,2,1,938955,32.25,2010,13,20.56,21.52
61966,Historical,642081,0,0,S,7,1,37937,52.25,2013,63,31.26,29.99
61967,Historical,1982632,0,0,S,2,1,266873,45,2015,25,36.55,28.99
61968,Historical,1827327,0,0,S,6,1,321345,0,2014,25,0,91.99
61969,Historical,56713,0,0,S,3,1,1110710,59.95,2010,116,59.7,11.76
61970,Historical,618159,0,0,S,0,0,727870,99,1973,61,0,33.59
61971,Historical,811087,0,0,S,0,0,197350,45,2008,26,31.13,42.86
61972,Historical,1535078,0,0,S,3,1,148813,18.95,2008,70,0,14.06
61976,Historical,890988,0,0,S,0,0,1205936,41.99,2015,13,44.59,41.98
61977,Historical,532233,0,0,S,5,1,120606,54.99,2012,43,26.99,28.99
61978,Historical,130077,0,0,S,4,1,388149,168.2,2000,62,4,37.52
61979,Historical,606805,0,0,S,4,1,726305,44,2000,54,5.6,20.52
61981,Historical,610036,0,0,S,6,1,37606,59.99,2013,40,38.98,40.79
61982,Historical,608851,0,0,S,4,1,321732,39.99,2001,26,38.98,17.99
61983,Historical,556755,0,0,S,2,1,262436,150,2000,29,29.57,89.94
61984,Historical,685301,0,0,S,3,1,7905,29.99,2013,51,19.49,20.36
61985,Historical,532234,0,0,S,2,1,10531,148.75,2008,82,53.99,66.9
61986,Historical,112386,0,0,S,1,0,924791,142.75,1998,21,0,110.14
61987,Historical,613520,0,0,S,2,1,1681,67,1988,123,13.9,19.97
61988,Historical,617486,1,1,S,0,0,560316,72.85,1978,84,13.9,183.87
61991,Historical,608737,0,0,S,3,1,1206242,54.99,2008,40,0,0
61992,Historical,3758245,0,0,S,6,1,22362,59.99,2015,20,0,40.12
61993,Historical,655046,0,0,S,5,1,56299,59.99,2013,25,28.32,33.87
61994,Historical,527974,0,0,S,3,1,301654,209.95,2010,33,167.14,43.99
61995,Historical,644131,0,0,S,0,0,84108,59.99,2005,14,31.15,34.99
61996,Historical,607423,0,0,S,4,1,242820,44.99,1994,36,0,0
61997,Historical,607220,0,0,S,5,1,79702,86,2002,31,31.42,49.97
61998,Historical,865487,0,0,S,3,1,64272,39.99,2014,16,0,25.81
61999,Historical,619050,0,0,S,2,1,336150,54.99,1999,23,5.74,38.99
62001,Historical,420650,0,0,S,2,1,517075,179,2005,21,16.99,51.18
62002,Historical,1459024,0,0,S,1,0,1263645,59.99,2009,29,0,32.55
62003,Historical,106963,1,1,S,3,1,588907,47,2003,39,0,31.6
62004,Historical,532229,0,0,S,2,1,151709,69.99,2008,26,23.97,44.25
62005,Historical,2375958,0,0,S,5,1,501838,118,2005,44,96.34,43.99
62006,Historical,716840,0,0,S,2,1,2085228,68,1998,102,0,55.69
62007,Historical,778219,0,0,S,2,1,2721073,79.95,2000,40,48.99,9.97
62008,Historical,532227,0,0,S,5,1,12629,69.99,2012,63,39.96,39.91
62009,Historical,2427716,0,0,S,2,1,554867,42.95,1991,90,39.96,5.11
62010,Historical,329922,0,0,S,6,1,18185,59.99,2011,50,27.89,34.78
62011,Historical,533301,0,0,S,6,1,64879,212.95,2012,41,129.99,57.94
62012,Historical,867521,0,0,S,7,1,10465,231.95,2014,49,129.99,111.6
62013,Historical,533932,0,0,S,5,1,584692,234.95,2010,69,129.99,38.99
62014,Historical,592530,0,0,S,3,1,1405557,165.95,2006,38,129.99,56.35
62015,Historical,60150,0,0,S,4,1,248302,257.95,2008,48,129.99,37.58
62016,Historical,532225,0,0,S,4,1,12075,79.99,2013,41,53.99,43.98
62017,Historical,533302,0,0,S,6,1,352281,255.95,2012,49,166.36,128.28
62018,Historical,57516,0,0,S,3,1,215018,174.95,2006,29,166.36,62.79
62019,Historical,57513,0,0,S,5,1,489604,275.95,2010,38,166.36,52.57
62020,Historical,629152,0,0,S,2,1,104003,79.99,2012,35,38.09,50.67
62021,Historical,625463,0,0,S,1,0,111517,79.99,2002,26,0,43.98
62022,Historical,702044,0,0,S,1,0,580164,52,2010,30,10.84,25.91
62023,Historical,106955,0,0,S,4,1,165324,55,2002,59,10.84,20.99
62024,Historical,709452,0,0,S,3,1,2720287,39.99,1998,37,10.84,19.99
62025,Historical,119262,0,0,S,2,1,427578,39.99,2011,26,21.98,23.98
62026,Historical,1453195,0,0,S,2,1,814198,59.99,2013,14,0,32.34
62027,Historical,898773,0,0,S,5,1,328620,89.99,2014,40,49.99,53.24
62028,Historical,139256,0,0,S,1,0,354157,35,2006,53,0,59.79
62029,Historical,541998,0,0,S,6,1,1304157,99.95,2007,30,6.52,33.94
62030,Historical,1574149,0,0,S,6,1,242400,82.95,2007,23,4.84,13.99
62031,Historical,543364,1,1,S,5,1,877583,72.95,2011,52,4.84,53.15
62032,Historical,608453,1,1,S,6,1,241625,95.95,2007,32,3.85,38.98
62033,Historical,543365,0,0,S,5,1,484575,109.95,2011,43,7.79,38.94
62034,Historical,743890,0,0,S,5,1,1285632,106.43,2009,17,23.95,79.18
62035,Historical,610328,0,0,S,6,1,2199,93.95,2013,99,47.19,54.99
62036,Historical,914250,0,0,S,1,0,42127,59.95,2014,45,48.89,42.76
62037,Historical,627891,1,1,S,3,1,64436,59.95,2012,48,15.07,41.92
62038,Historical,57341,0,0,S,7,1,1921288,42.95,2003,41,57.01,14.67
62040,Historical,915762,0,0,S,5,1,143239,50.95,2011,31,23.93,38.66
62041,Historical,916191,1,2,S,7,1,977311,0,2011,34,185.24,110.58
62042,Historical,621607,0,0,S,3,1,2156731,232.75,2007,30,118.96,13.83
62043,Historical,572781,1,1,S,5,1,1494519,107.16,1994,79,143.23,21.89
62044,Historical,908147,0,0,S,3,1,1422662,73.99,2003,20,4.89,63.96
62045,Historical,911672,0,0,S,6,1,892303,195,2013,37,118.96,138.21
62046,Historical,772250,0,0,S,8,1,1109031,179.95,2005,22,98.77,100.09
62047,Historical,183380,0,0,S,4,1,1032279,179.95,2006,26,98.77,21.44
62048,Historical,129856,0,0,S,9,1,262485,128,1995,73,9.38,178.47
62049,Historical,556606,0,0,S,7,1,1075255,146.6,1988,83,9.38,77.84
62050,Historical,921565,0,0,S,8,1,1548423,217.4,1991,73,9.38,45.79
62051,Historical,146576,0,0,S,10,1,51487,138,2011,45,89.98,27.92
62052,Historical,2642444,1,2,S,8,1,190158,43.97,2005,81,0,33.94
62053,Historical,879342,0,0,S,9,1,639265,209.95,2009,32,143.23,53.49
62054,Historical,182600,0,0,S,8,1,1136117,40.95,2001,22,3.85,17.99
62055,Historical,163094,0,0,S,2,1,117720,261.25,2011,52,0,30.15
62056,Historical,3292447,0,0,S,3,1,474486,110.72,2004,39,35.63,74.69
62057,Historical,115314,0,0,S,6,1,165568,116.6,2002,107,73.43,83.55
62059,Historical,177153,1,1,S,0,0,25727,181.95,2000,84,35.68,73.98
62060,Historical,691827,0,0,S,2,1,767825,112.95,1998,39,4.89,45.29
62061,Historical,618768,0,0,S,2,1,466271,210.67,1999,47,0,66.23
62062,Historical,546217,0,0,S,2,1,262630,87.45,2005,87,38.98,43.99
62063,Historical,582988,0,0,S,7,1,955968,158.95,2011,32,185.24,78.47
62064,Historical,908130,0,0,S,6,1,341361,69.99,2013,12,118.96,71.29
62066,Historical,538475,1,2,S,4,1,57604,271.75,2011,63,118.96,30.92
62067,Historical,628090,0,0,S,2,1,1163654,155,1993,61,0,43.92
62068,Historical,2619214,0,0,S,3,1,1108368,160.95,1995,58,185.24,13.9
62069,Historical,567417,0,0,S,7,1,5624166,7,2006,12,95.99,4.36
62070,Historical,200448,0,0,S,4,1,116355,259.95,2009,45,26.99,48.11
62071,Historical,570557,1,3,S,4,1,129729,271.95,2009,41,117.03,67.93
62072,Historical,532205,1,1,S,9,1,82053,191.8,2006,93,28.76,44.64
62073,Historical,2250331,0,0,S,4,1,1268739,83.99,2006,43,0,83.84
62074,Historical,850187,0,0,S,2,1,3026284,95.16,1999,28,141.92,11.73
62075,Historical,879322,0,0,S,5,1,241277,80.54,2011,23,143.23,35.47
62076,Historical,110737,1,1,S,4,1,63848,271.75,2011,70,56.47,71.48
62077,Historical,371479,0,0,S,7,1,232996,178.95,2011,61,180.09,38.95
62078,Historical,630987,0,0,S,9,1,200929,178,2008,14,119.05,33.98
62079,Historical,592993,0,0,S,6,1,1389896,282.95,2009,56,180.09,31.99
62080,Historical,615887,0,0,S,1,0,1555664,0,2007,43,104.57,43.9
62081,Historical,532219,0,0,S,10,1,48505,243.25,2012,97,96.49,133.98
62083,Historical,764206,0,0,S,5,1,553449,85.95,2003,174,0,17.87
62084,Historical,537965,1,1,S,3,1,499636,145.95,1998,31,0,62.81
62085,Historical,542218,0,0,S,1,0,86591,264.95,2003,82,0,82.82
62086,Historical,652761,0,0,S,3,1,1219055,162.67,2010,30,78.59,129
62087,Historical,1517233,0,0,S,13,1,423904,146.67,2014,28,0,113.35
62088,Historical,576865,0,0,S,1,0,25728,19.99,2003,245,13.97,8.45
62089,Historical,561511,0,0,S,1,0,37873,274.4,2012,30,0,183.94
62090,Historical,641049,0,0,S,2,1,1165995,53.99,2013,38,0,41.99
62091,Historical,561513,0,0,S,1,0,142048,139,2012,27,0,81.67
62092,Historical,561512,1,1,S,1,0,174887,139,2012,63,0,76.01
62093,Historical,560871,1,14,S,1,0,24709,215.6,2005,112,4,61.22
62094,Historical,177100,0,0,S,7,1,1849580,322.95,2005,49,5.31,13.31
62096,Historical,654769,0,0,S,3,1,919430,0,2007,26,120.45,99.6
62097,Historical,2427823,0,0,S,0,0,1196303,116,1994,100,120.45,42.9
62098,Historical,244420,0,0,S,7,1,353512,184,2011,45,0,63.98
62099,Historical,244033,0,0,S,7,1,279288,184,2011,31,0,21.89
62100,Historical,544749,1,5,S,10,1,109962,184,2013,37,73.5,154.49
62101,Historical,619632,0,0,S,9,1,642433,91.98,2009,43,0,70.1
62102,Historical,182597,0,0,S,7,1,210277,320.95,2001,61,153.64,56.21
62103,Historical,155221,0,0,S,6,1,272438,320.95,1997,70,153.64,20.99
62104,Historical,182700,0,0,S,3,1,1291113,321.95,2002,61,119.28,72.87
62105,Historical,166705,0,0,S,10,1,257669,347.25,2006,60,36.18,68.99
62106,Historical,545164,0,0,S,2,1,992679,159.25,2011,49,10.98,46.52
62107,Historical,613868,0,0,S,1,0,1467967,74.49,2007,49,10.98,48.15
62108,Historical,165915,0,0,S,4,1,906093,55.89,2004,71,106.77,8.14
62109,Historical,593553,1,1,S,2,1,990906,151.5,2011,50,10.98,97.77
62110,Historical,628517,0,0,S,1,0,1266328,209,2007,29,10.98,14.95
62111,Historical,252667,0,0,S,2,1,302394,159.25,2011,81,0,61.36
62112,Historical,544201,0,0,S,9,1,349706,93.95,2012,20,36.99,69.18
62113,Historical,532206,0,0,S,10,1,585625,64,2007,54,187.73,13.85
62114,Historical,665375,0,0,S,7,1,1194200,153.95,2012,28,46.49,128.33
62115,Historical,183258,1,1,S,8,1,1449195,80.95,2005,68,0,0
62116,Historical,163770,0,0,S,5,1,540127,49.85,1995,34,4.47,48.93
62117,Historical,286415,0,0,S,7,1,2076071,114.67,1996,49,73.54,10.63
62118,Historical,2572384,0,0,S,5,1,811303,80.15,1995,46,4.47,60.23
62119,Historical,2653105,0,0,S,4,1,1116681,139.16,1993,68,8.28,38.94
62120,Historical,2654376,0,0,S,5,1,673268,165.96,1994,76,8.28,39.59
62121,Historical,533382,0,0,S,7,1,947439,41.38,2001,57,9.19,28.96
62122,Historical,164002,0,0,S,6,1,1717759,43.98,1998,46,9.19,42.91
62123,Historical,630858,0,0,S,10,1,528050,138,2011,37,43.99,18.99
62124,Historical,144835,0,0,S,8,1,2291084,150.67,2004,54,43.99,13.98
62125,Historical,628961,0,0,S,2,1,496302,90.2,2001,35,75.74,73.99
62126,Historical,1589010,0,0,S,3,1,1322488,44.99,2007,20,39.47,42.75
62128,Historical,488246,1,2,S,0,0,1945981,23.99,2007,27,41.48,91.23
62129,Historical,912605,0,0,S,8,1,117842,51.95,2014,16,44.7,42.65
62130,Historical,764951,1,1,S,1,0,594808,80.95,2003,37,95.33,97.51
62131,Historical,2331309,0,0,S,2,1,165719,74.45,1973,24,0,56.16
62132,Historical,60154,0,0,S,4,1,1230196,227.95,2004,27,98.99,93.64
62134,Historical,2586183,0,0,S,6,1,402482,31.95,2003,44,25.31,22.9
62135,Historical,910171,0,0,S,0,0,398440,51,2013,21,134.93,48.97
62136,Historical,2571226,0,0,S,15,1,2412255,90,1992,13,226.74,79.56
62137,Historical,569981,0,0,S,0,0,2461917,55.2,2006,23,47.64,60.09
62138,Historical,867441,1,1,S,14,1,18319,83.4,2014,26,47.64,67.61
62139,Historical,141647,0,0,S,3,1,341329,74.82,2004,29,0,75.29
62140,Historical,532203,0,0,S,14,1,6970,36.6,2012,41,19,27.94
62141,Historical,532202,0,0,S,3,1,154830,35,2010,19,22.55,24.2
62143,Historical,639199,0,0,S,3,1,95362,35,2010,24,19.94,24.8
62144,Historical,60156,0,0,S,9,1,2005136,72.95,2007,36,58.94,44.69
62147,Historical,890658,0,0,S,8,1,97987,33.36,2013,18,36.99,43.99
62148,Historical,868775,1,2,S,14,1,10153,79.95,2015,9,93.99,49.98
62149,Historical,1878895,0,0,S,7,1,488194,49.18,2008,15,0,34.37
62152,Historical,1702235,0,0,S,0,0,213438,93.95,2012,25,76.74,104.05
62153,Historical,802681,0,0,S,18,1,1564626,29.99,2010,36,19.03,19.99
62155,Historical,887066,0,0,S,2,1,1273889,45,2014,3,0,44.97
62157,Historical,616567,0,0,S,1,0,199836,160.3,2003,50,0,43.94
62158,Historical,693581,0,0,S,0,0,159562,135.13,2000,56,0,9.61
62159,Historical,639970,1,1,S,2,1,762592,64,2011,33,28.98,31.99
62160,Historical,541473,0,0,S,2,1,357932,75.95,2013,32,44.69,50.95
62161,Historical,552077,0,0,S,2,1,220345,111.8,2004,48,65.68,88.39
62162,Historical,261233,0,0,S,2,1,17691,16.95,2007,126,5.22,8.94
62163,Historical,861222,0,0,S,4,1,467617,46.25,2013,14,0,0
62164,Historical,291289,0,0,S,2,1,2567513,94.99,1999,25,50.98,32.83
62165,Historical,174016,1,1,S,2,1,615626,40.99,1997,80,23.28,13.99
62166,Historical,1768597,0,0,S,0,0,724129,63,2014,20,35.61,41.43
62167,Historical,174865,0,0,S,0,0,893058,62,2006,15,0,52.84
62168,Historical,175631,0,0,S,3,1,1767891,79.99,2006,23,6.67,43.89
62169,Historical,569131,0,0,S,1,0,300559,74.99,2010,26,0,60.99
62170,Historical,174298,0,0,S,1,0,125020,89.99,2006,28,0,62.4
62171,Historical,1590521,0,0,S,3,1,1238215,39,2010,19,0,57.72
62173,Historical,543727,0,0,S,1,0,1550656,37.8,2012,18,0,0
62174,Historical,1769279,0,0,S,2,1,148476,60.9,2014,10,0,43.42
62175,Historical,175068,0,0,S,2,1,51479,34.99,2008,74,13.18,25.73
62177,Historical,172356,0,0,S,4,1,41258,31.25,2001,62,0,23.86
62178,Historical,175246,0,0,S,4,1,317479,43.75,2001,65,8.64,21.07
62179,Historical,175247,0,0,S,4,1,320336,85,2002,40,17.77,43.99
62181,Historical,2603860,0,0,S,4,1,184045,60,2003,35,0,52.63
62182,Historical,174985,0,0,S,1,0,961089,115,2008,29,0,60.97
62183,Historical,859513,1,10,S,3,1,759783,288.95,2007,68,6.82,33.97
62184,Historical,2019634,0,0,S,8,1,581143,47.95,2011,12,0,31.99
62185,Historical,369282,0,0,S,2,1,1562316,29,1999,35,32.05,9.37
62186,Historical,148423,1,1,S,3,1,572823,90.95,2004,24,0,57.85
62187,Historical,638691,0,0,S,4,1,136116,42,2013,45,21.23,30.36
62189,Historical,662336,0,0,S,9,1,1870100,106.1,2011,32,4.99,50.39
62190,Historical,116303,1,2,S,8,1,185736,164,2007,122,0,38.17
62191,Historical,53023,1,2,S,5,1,654507,145.6,2005,234,103.87,16.86
62192,Historical,663677,1,2,S,1,0,254217,126.47,2013,17,79.98,136.29
62193,Historical,635548,1,1,S,1,0,91279,112.47,2013,59,79.98,53.45
62194,Historical,1516471,1,4,S,5,1,692346,129.4,2012,18,118.9,43.34
62195,Historical,435043,0,0,S,5,1,57694,179.53,2012,37,122.99,114.47
62196,Historical,1455968,1,6,S,6,1,148230,123.13,2015,41,122.99,52.17
62197,Historical,212523,1,2,S,2,1,394333,105.6,2006,51,122.99,18.67
62198,Historical,860651,1,2,S,5,1,298001,115.4,2012,60,122.99,24.98
62199,Historical,879795,1,1,S,4,1,83102,120.8,2012,40,125.49,20.01
62200,Historical,2265164,1,4,S,4,1,263574,95.96,2012,26,0,61.39
62201,Historical,2405003,0,0,S,6,1,3942620,59.95,1989,46,42.34,19.98
62202,Historical,2053807,0,0,S,0,0,1461715,59.95,2009,26,4,8.78
62203,Historical,609358,0,0,S,5,1,309667,38,2009,51,18.69,8.98
62204,Historical,610421,0,0,S,6,1,82813,42,2013,27,18.69,24.94
62205,Historical,724878,0,0,S,4,1,1518741,65,2009,19,48.93,58.94
62206,Historical,724905,0,0,S,6,1,2839540,65,2009,29,23.95,5.94
62207,Historical,724829,0,0,S,5,1,358248,65,2007,30,23.95,17.39
62208,Historical,532183,0,0,S,4,1,1139321,139,2009,17,112.37,147.93
62211,Historical,623031,0,0,S,1,0,1447785,115,2002,17,0,63.99
62212,Historical,571776,0,0,S,13,1,627548,59.95,2011,24,38.67,117.38
62214,Historical,606770,0,0,S,3,1,176572,55,2006,48,23.67,34.89
62215,Historical,702051,0,0,S,1,0,85955,32,2011,9,58.41,20.81
62217,Historical,616729,0,0,S,3,1,56901,88.95,2010,34,45.16,38.97
62219,Historical,872662,0,0,S,0,0,4054,11,2003,458,25.32,6.66
62221,Historical,917634,0,0,S,2,1,577670,106.67,1996,35,4.62,49.99
62222,Historical,254494,0,0,S,2,1,342643,95.95,2011,25,0,69.37
62223,Historical,864947,0,0,S,2,1,962315,49.95,2014,14,0,40.05
62225,Historical,103312,0,0,S,3,1,16773,15.99,2008,34,0,8.98
62226,Historical,575693,0,0,S,3,1,5047214,135,2000,14,77.97,101.85
62227,Historical,2156521,0,0,S,3,1,12096,89,2013,23,335.88,56.99
62228,Historical,532175,0,0,S,3,1,22723,50,2013,62,23.98,29.39
62229,Historical,1696729,0,0,S,2,1,194765,48.95,2014,16,0,33.41
62235,Historical,701075,0,0,S,3,1,921972,299,2007,20,43.99,57.97
62236,Historical,2664526,0,0,S,2,1,1938236,199,2000,10,209.98,53.85
62237,Historical,389616,0,0,S,1,0,906499,118.95,2010,20,0,78.63
62238,Historical,540915,0,0,S,4,1,1413255,98.95,2004,34,4,18.98
62239,Historical,285054,0,0,S,2,1,66324,124,2010,47,27.99,63.69
62240,Historical,574485,1,1,S,2,1,194708,74.95,2009,32,24.98,55.32
62241,Historical,861925,0,0,S,3,1,32102,50.99,2014,26,23.74,27.66
62242,Historical,532166,0,0,S,2,1,51705,50.99,2010,47,12.07,19.97
62243,Historical,610288,0,0,S,8,1,83999,45,2013,73,27.76,26.52
62244,Historical,540973,0,0,S,10,1,191746,47.95,2012,93,30.7,34.98
62245,Historical,254563,0,0,S,2,1,43716,52.99,2011,51,23.45,30.95
62246,Historical,775037,0,0,S,2,1,10261610,145,2002,8,119.59,23.92
62248,Historical,539229,0,0,S,5,1,140492,59.6,2013,34,35.92,38.98
62249,Historical,607290,0,0,S,3,1,3258360,42.67,2004,49,8.55,30.09
62250,Historical,607407,0,0,S,4,1,79311,80.8,2008,46,8.55,36.85
62251,Historical,205777,0,0,S,4,1,650870,65,2002,29,11.74,48.94
62252,Historical,337044,0,0,S,2,1,327238,70,2011,75,33.37,60.85
62253,Historical,114654,0,0,S,4,1,586910,182.6,2003,25,0,0
62254,Historical,917541,0,0,S,0,0,666588,26.95,2008,57,16.24,14.01
62255,Historical,877004,0,0,S,10,1,555704,72.67,2013,20,91.56,30.89
62256,Historical,615425,0,0,S,3,1,345144,62.8,2005,36,0,0
62257,Historical,144273,0,0,S,6,1,1142073,184.8,2003,36,5.73,56.13
62258,Historical,386426,0,0,S,1,0,847372,73,2007,30,0,42.92
62259,Historical,248118,0,0,S,4,1,236297,119,2009,28,58.99,85.58
62261,Historical,386738,0,0,S,2,1,680863,129.95,2007,27,11.56,45.35
62262,Historical,867647,0,0,S,3,1,63993,86,2014,31,62.98,58.99
62263,Historical,247999,0,0,S,0,0,753292,78,2008,27,0,56.39
62264,Historical,169907,0,0,S,6,1,263235,98.95,2009,73,27.99,53.59
62265,Historical,169684,0,0,S,2,1,1100302,71.95,2008,56,22.59,27.11
62266,Historical,492446,0,0,S,4,1,22529,57.95,2012,65,33.81,46.95
62268,Historical,627614,0,0,S,2,1,285416,90,2005,36,65.15,47.87
62269,Historical,111631,0,0,S,9,1,612996,85.25,2011,42,36.58,46.22
62270,Historical,631479,0,0,S,3,1,201808,49.95,2011,27,49.24,44.86
62271,Historical,613339,0,0,S,4,1,1872190,36.95,2007,76,23.19,5.74
62273,Historical,922309,0,0,S,3,1,781025,18.99,1989,67,10.11,20.8
62274,Historical,284474,0,0,S,5,1,483913,91.52,1997,51,10.11,26.87
62275,Historical,106138,0,0,S,4,1,1668349,49.95,2004,37,25.46,21.47
62276,Historical,2835314,0,0,S,3,1,1844166,59,1997,34,98.48,21.94
62277,Historical,1449433,0,0,S,4,1,431333,76.31,2007,21,0,64.44
62278,Historical,1437466,0,0,S,3,1,612222,83,2013,22,0,23.48
62279,Historical,631923,0,0,S,0,0,206645,50.95,1995,40,28.73,81.65
62280,Historical,532148,0,0,S,13,1,233111,34.99,2012,42,28.17,23.98
62281,Historical,104961,0,0,S,5,1,256330,79.95,1996,32,39.68,22.54
62282,Historical,537737,1,1,S,8,1,39588,160,2013,60,39.68,75.33
62283,Historical,181986,0,0,S,3,1,145934,44.99,2006,120,4,13.72
62284,Historical,740040,0,0,S,3,1,1263085,54.99,2005,29,4,49.63
62285,Historical,560247,0,0,S,4,1,233341,392.95,1994,65,18.12,73.23
62286,Historical,244261,1,1,S,8,1,187461,166.95,2012,39,66.99,59.94
62287,Historical,906573,0,0,S,3,1,77042,75,2014,31,58.99,53.23
62288,Historical,623529,0,0,S,2,1,758410,37,2008,22,29.76,11.92
62289,Historical,702375,0,0,S,3,1,1485603,35,2014,20,0,0
62290,Historical,624669,0,0,S,3,1,36436,39,2012,29,26.17,29.98
62291,Historical,606796,0,0,S,3,1,407271,36,2009,89,29.98,16.64
62292,Historical,532143,0,0,S,2,1,1254375,34.95,2008,32,30.3,12.93
62293,Historical,106205,0,0,S,1,0,413455,29.95,2005,24,30.3,10.84
62294,Historical,629128,0,0,S,2,1,43257,39,2012,68,21.28,21.96
62295,Historical,415948,0,0,S,4,1,14202,34,2012,50,17.34,22.19
62296,Historical,532142,0,0,S,2,1,328571,38,2008,22,8.67,18.69
62297,Historical,532140,0,0,S,2,1,356257,37,2008,26,10.58,17.16
62298,Historical,701620,0,0,S,3,1,735760,36,2009,55,33.99,20.49
62299,Historical,538256,0,0,S,4,1,195429,35,2012,42,33.99,18.99
62300,Historical,106377,0,0,S,2,1,1116982,29.95,2006,54,12.97,8.99
62301,Historical,538267,0,0,S,4,1,42020,35,2012,90,12.97,21.93
62302,Historical,606792,0,0,S,3,1,411109,36,2009,41,12.97,22
62303,Historical,597295,0,0,S,4,1,134047,51,2003,70,4,16.64
62304,Historical,1742740,0,0,S,8,1,2562,30,2013,35,24.43,19.99
62305,Historical,249240,0,0,S,4,1,57277,50,2006,26,46.5,53.99
62306,Historical,367149,0,0,S,3,1,26952,69.99,2009,52,35.73,37.11
62307,Historical,870161,0,0,S,3,1,1796327,56.73,2008,16,35.73,43.99
62308,Historical,192918,0,0,S,2,1,778209,61.95,2003,18,0,33.88
62309,Historical,370983,0,0,S,2,1,1067137,87.95,1998,42,58.99,8.95
62310,Historical,865609,0,0,S,2,1,171637,60.75,2013,16,39.91,48.99
62311,Historical,629669,0,0,S,2,1,1570255,131.95,1999,14,4.86,76.38
62312,Historical,118123,0,0,S,2,1,146325,62.2,2006,47,22.98,40.94
62313,Historical,637598,0,0,S,2,1,157886,95.95,2013,63,42.71,57.86
62314,Historical,127538,0,0,S,3,1,200394,65.95,2009,42,21.04,50.15
62315,Historical,254493,0,0,S,2,1,446787,54.95,2011,20,36.84,28.22
62316,Historical,191874,0,0,S,1,0,188204,64.75,2001,85,46.09,13.97
62317,Historical,774260,1,1,S,2,1,34047,60.5,2014,45,46.09,33.73
62318,Historical,868188,0,0,S,2,1,135183,64.95,2014,31,53.99,59.21
62319,Historical,115850,0,0,S,5,1,2957718,76,2004,35,23.38,7.74
62320,Historical,118905,1,1,S,6,1,226720,130.4,2008,61,23.38,44.79
62321,Historical,115604,0,0,S,5,1,74726,112,2003,57,72.47,62.69
62322,Historical,869692,0,0,S,2,1,771498,55,2014,27,19.88,35.09
62323,Historical,177371,0,0,S,1,0,735079,130.95,2004,23,19.88,85.6
62324,Historical,607500,0,0,S,2,1,5130756,34,1997,21,16.3,6.21
62325,Historical,115150,1,1,S,3,1,253981,54.4,2001,104,16.3,41.13
62326,Historical,620219,0,0,S,1,0,53131,126.4,2012,41,0,48.48
62327,Historical,192442,0,0,S,3,1,585984,61.95,2004,22,16.44,73.64
62328,Historical,532129,0,0,S,3,1,30947,81,2012,48,45.98,51.97
62329,Historical,1767479,0,0,S,2,1,507567,56.7,2015,24,43.99,39.19
62330,Historical,152462,0,0,S,2,1,608906,49.99,2007,21,25.15,26.03
62332,Historical,177351,0,0,S,3,1,252819,177.95,2003,66,20.98,54.04
62334,Historical,200493,0,0,S,2,1,1447182,67.95,2009,29,15.28,47.9
62335,Historical,115585,0,0,S,2,1,357685,129.2,2002,24,0,0
62337,Historical,544975,0,0,S,2,1,390617,76,2012,34,43.11,55.88
62338,Historical,127090,0,0,S,2,1,297435,31.95,2008,45,11.99,31.32
62339,Historical,132220,0,0,S,3,1,176754,21,2006,33,15.13,5.88
62340,Historical,1777789,0,0,S,3,1,625633,55,2014,18,34.74,42.98
62342,Historical,121273,0,0,S,6,1,51634,50.4,2011,53,28.59,38.2
62343,Historical,288767,1,1,S,2,1,281105,55.95,2001,25,0,0
62344,Historical,2095464,0,0,S,2,1,233941,62.95,2015,17,57.35,57.33
62345,Historical,204147,0,0,S,9,1,122073,43.99,2005,49,0,32.17
62346,Historical,918574,0,0,S,2,1,992535,32.95,1994,44,43.99,15.83
62347,Historical,545843,0,0,S,5,1,17410,69,2013,68,43.99,47.23
62348,Historical,1667929,0,0,S,0,0,987416,61,2009,21,8.29,31.92
62349,Historical,557218,0,0,S,1,0,1223282,32,2004,30,127.23,23.93
62350,Historical,58101,1,1,S,2,1,1673261,65.95,2000,51,71.49,14.42
62351,Historical,912125,0,0,S,9,1,3626777,85,2008,16,64.76,50.43
62352,Historical,538447,0,0,S,13,1,2600270,0,2008,26,35.59,18.94
62353,Historical,532124,0,0,S,2,1,1438426,40.95,2007,68,0,4
62356,Historical,619372,0,0,S,3,1,198206,36.95,2009,60,20.35,21.75
62357,Historical,867681,0,0,S,4,1,17600,41.95,2013,31,20.35,23.72
62359,Historical,865333,0,0,S,4,1,1065275,39.95,2012,19,0,0
62361,Historical,865595,0,0,S,5,1,227194,41.95,2013,19,0,30.46
62362,Historical,633339,0,0,S,4,1,65760,43.95,2008,20,0,40.38
62364,Historical,865589,0,0,S,3,1,424418,40.95,2013,12,19.83,22.62
62365,Historical,626271,0,0,S,7,1,270561,40.95,2010,36,31.06,32
62366,Historical,612595,0,0,S,9,1,170854,41.95,2013,52,16.2,28.96
62367,Historical,647163,0,0,S,8,1,144291,39.95,2012,28,0,0
62368,Historical,624330,0,0,S,17,1,824973,42.95,2010,23,0,22.74
62371,Historical,647164,0,0,S,3,1,678196,40.95,2012,22,0,0
62373,Historical,595060,0,0,S,7,1,506581,40.95,2012,17,0,29.97
62374,Historical,1942211,0,0,S,7,1,956276,41.95,2011,17,0,38.3
62375,Historical,1942257,0,0,S,6,1,261362,40.95,2012,30,0,39.93
62376,Historical,1942258,0,0,S,7,1,155888,41.95,2012,17,0,37.42
62377,Historical,545889,0,0,S,15,1,169861,38.95,2011,15,0,28.99
62378,Historical,658452,0,0,S,5,1,954882,42.95,2010,30,37.58,36.98
62379,Historical,658451,0,0,S,4,1,210640,42.95,2010,23,0,0
62381,Historical,643870,0,0,S,12,1,206554,41.95,2010,32,32.94,29.73
62383,Historical,867504,0,0,S,8,1,349105,69.95,2014,25,52.83,53.83
62384,Historical,143187,0,0,S,9,1,873672,162,2008,20,78.99,47.99
62385,Historical,270144,0,0,S,5,1,246273,49,2011,16,11.59,48.53
62386,Historical,56612,0,0,S,3,1,3808141,115,2003,53,63.48,16.04
62387,Historical,143449,0,0,S,4,1,947757,193,2005,35,83.94,188.11
62388,Historical,433364,0,0,S,3,1,1279411,172,2008,29,18.73,58.49
62389,Historical,623471,0,0,S,2,1,1446488,201,2010,43,4,6.87
62390,Historical,143096,0,0,S,3,1,1143663,160,2006,16,6.99,80.99
62391,Historical,1473238,0,0,S,5,1,1463611,69.95,2011,25,48.06,51.21
62392,Historical,143140,0,0,S,6,1,489167,215,2007,39,21.92,100.07
62393,Historical,270130,0,0,S,6,1,624910,210,2010,61,19.39,11.63
62394,Historical,618227,0,0,S,5,1,1811608,161,2006,24,19.39,71.14
62395,Historical,142971,0,0,S,6,1,3411631,130,2004,19,48.05,52.83
62396,Historical,738197,0,0,S,7,1,5219606,90,2001,18,6.47,47.22
62397,Historical,426899,0,0,S,2,1,4718196,85,2007,20,60.34,65.79
62398,Historical,592872,0,0,S,4,1,963171,209,2012,35,18.13,32.99
62399,Historical,657723,0,0,S,2,1,315578,202,2006,32,0,0
62400,Historical,738460,0,0,S,2,1,7343130,84,2002,15,23.95,22.99
62401,Historical,615624,0,0,S,6,1,351483,198,2012,54,20.99,192.26
62402,Historical,193342,1,1,S,5,1,777808,234,2004,61,5.54,12.99
62403,Historical,668557,0,0,S,3,1,1223511,110,2004,8,0,146.93
62404,Historical,265921,0,0,S,3,1,1289874,110,2004,15,0,104.55
62405,Historical,140970,0,0,S,3,1,147907,45.99,1998,39,16.18,29.89
62406,Historical,109012,0,0,S,11,1,160033,127.98,2006,39,84.71,83.71
62407,Historical,924417,1,1,S,5,1,7543,86.25,2015,68,53.86,56.99
62408,Historical,911905,0,0,S,2,1,951740,49.95,2011,31,0,37.29
62410,Historical,108969,0,0,S,2,1,194925,76.58,2005,36,4,54.72
62411,Historical,288910,0,0,S,1,0,1250182,76.95,2004,28,43.99,48.99
62412,Historical,341081,0,0,S,2,1,549714,106.95,1996,60,5.24,79.25
62413,Historical,278900,0,0,S,5,1,132866,69.99,2010,36,30,50.94
62414,Historical,630525,0,0,S,5,1,58395,79,2013,47,48.24,51.99
62415,Historical,1982567,0,0,S,0,0,66169,60,2014,27,39.99,48.87
62416,Historical,247866,0,0,S,0,0,169644,48.95,2007,28,7.94,13.14
62417,Historical,132241,0,0,S,3,1,292825,116,2007,48,34.5,76.48
62418,Historical,552187,0,0,S,2,1,673473,56.8,2003,24,4.6,43.7
62419,Historical,177829,0,0,S,2,1,57160,129.95,2005,46,29.94,46.87
62420,Historical,107194,0,0,S,2,1,127868,41.99,2000,27,7.84,19.88
62421,Historical,911121,0,0,S,2,1,1360604,75.95,2012,27,72.12,33.94
62422,Historical,193302,0,0,S,4,1,2176158,124,2004,26,63.89,23.98
62423,Historical,163177,0,0,S,7,1,601136,76.5,2010,54,4.93,27.94
62424,Historical,533943,0,0,S,5,1,135941,71.73,1999,45,20.97,56.99
62427,Historical,1989651,0,0,S,2,1,339676,39.99,2015,0,25,22.85
62428,Historical,609497,0,0,S,3,1,684943,42.95,2008,29,16.95,37.7
62429,Historical,566773,0,0,S,2,1,372323,17.7,2005,34,21.94,18.99
62431,Historical,672093,0,0,S,2,1,10319,16,2003,79,0,10.49
62432,Historical,164387,0,0,S,2,1,79987,212.5,2007,62,93.96,96.09
62434,Historical,635032,0,0,S,2,1,544473,62,2010,20,0,0
62435,Historical,532106,0,0,S,2,1,96263,39.99,2011,36,17.03,26.5
62436,Historical,233211,0,0,S,0,0,576103,29.95,2008,19,9.66,18.67
62438,Historical,618938,0,0,S,0,0,7487,39.99,2011,53,18.93,28.13
62439,Historical,2058138,0,0,S,3,1,141664,35.95,2012,30,11.11,29.99
62440,Historical,546656,0,0,S,3,1,31196,27.95,2012,55,15.17,16.25
62441,Historical,783760,0,0,S,1,0,127200,21.99,2003,227,15.38,11.71
62443,Historical,859825,0,0,S,2,1,68423,59.99,2009,28,0,0
62444,Historical,592200,1,1,S,4,1,583231,50.95,2005,43,15.94,35.78
62445,Historical,156974,0,0,S,2,1,614269,41.95,2001,47,10.6,37.16
62446,Historical,246678,0,0,S,1,0,258871,49.95,2010,55,0,31.6
62447,Historical,57661,1,1,S,2,1,672116,54.95,2010,44,64.83,16.41
62448,Historical,864263,0,0,S,2,1,52284,79.95,2012,20,0,0
62449,Historical,625183,0,0,S,3,1,1881454,59.99,2007,28,46.51,12.3
62450,Historical,265694,0,0,S,4,1,164727,59.99,2011,29,46.51,23.98
62451,Historical,265722,0,0,S,2,1,4804165,54.95,2003,20,46.51,48.15
62452,Historical,1780252,0,0,S,2,1,996681,99.99,2013,8,0,53.47
62453,Historical,642049,1,1,S,1,0,21510,39.99,2013,47,23.95,23.97
62454,Historical,532097,0,0,S,3,1,629486,39.99,2011,108,0,15.85
62455,Historical,265741,0,0,S,2,1,561157,39.99,2007,106,0,7.25
62456,Historical,2170304,0,0,S,0,0,60175,49.99,2015,17,64,46.47
62457,Historical,655434,0,0,S,4,1,937160,199.99,2012,20,0,120.25
62458,Historical,651586,0,0,S,1,0,1341058,149.99,2009,11,23.99,128.06
62459,Historical,299993,0,0,S,3,1,668454,59.99,2011,41,0,14.79
62460,Historical,1437530,0,0,S,5,1,589814,60,2014,17,0,35.17
62461,Historical,163406,0,0,S,7,1,158672,49.99,2011,64,0,32.75
62462,Historical,749659,0,0,S,5,1,1368299,99.99,2007,38,0,25
62463,Historical,405532,0,0,S,6,1,723279,99.99,2011,24,0,21.98
62465,Historical,663576,0,0,S,4,1,121077,44.99,2014,36,28,28.56
62466,Historical,265742,0,0,S,3,1,540347,39.99,2007,42,4,7.48
62467,Historical,250080,0,0,S,4,1,332864,225.95,2008,46,23.69,77.98
62468,Historical,860299,0,0,S,3,1,773242,39.99,2011,82,4,10.8
62469,Historical,299991,0,0,S,2,1,596210,39.99,2007,86,4,5.96
62470,Historical,609766,0,0,S,3,1,349076,59.99,2007,55,0,24.72
62471,Historical,265737,1,1,S,0,0,959535,29.99,2005,21,17.76,47.63
62472,Historical,649626,0,0,S,3,1,5108,34.99,2013,60,17.76,20.57
62473,Historical,392188,0,0,S,2,1,390135,34.99,2007,64,17.76,28.43
62474,Historical,639746,0,0,S,1,0,3648,59.99,2013,32,0,39.92
62475,Historical,629123,1,1,S,1,0,15968,39.99,2013,47,4,24.83
62476,Historical,866645,0,0,S,1,0,5624,59.99,2013,45,0,34.07
62477,Historical,642244,0,0,S,1,0,328750,49.99,2012,54,28.03,18.99
62478,Historical,621262,0,0,S,1,0,1263723,49.99,2008,51,28.03,11.93
62479,Historical,2029122,0,0,S,3,1,764761,50,2014,23,0,46.36
62480,Historical,609761,0,0,S,7,1,774081,95,2008,16,16.48,29.95
62481,Historical,608221,0,0,S,6,1,529301,49.99,2007,91,0,30
62483,Historical,2029124,0,0,S,2,1,236891,50,2015,15,44.92,44.62
62484,Historical,658112,0,0,S,4,1,150326,49.99,2013,22,0,0
62485,Historical,365288,0,0,S,2,1,923611,91.95,2006,29,13.28,48.06
62486,Historical,111208,0,0,S,2,1,435538,126.5,2011,17,0,77.74
62487,Historical,556511,0,0,S,1,0,1228652,45,2011,38,4.95,14.99
62490,Historical,866299,0,0,S,2,1,186003,28.95,2006,27,7.47,28.95
62491,Historical,859365,0,0,S,1,0,814000,114.95,2006,20,24.49,83.82
62492,Historical,810230,0,0,S,3,1,701392,79.95,2011,9,39.27,14.04
62493,Historical,803782,0,0,S,8,1,1051299,69.95,2004,11,208.15,73.94
62494,Historical,2602487,0,0,S,2,1,632985,59.99,1996,19,0,51.27
62495,Historical,1437589,1,2,S,2,1,73855,50,2014,29,21.18,25.35
62496,Historical,867900,0,0,S,0,0,59482,24.5,2008,12,0,7.25
62497,Historical,903670,0,0,S,1,0,204923,53.47,1988,15,0,29.75
62498,Historical,2331830,0,0,S,2,1,55313,12.95,1994,41,0,10.28
62500,Historical,525791,0,0,S,5,1,1292237,53.37,2007,21,9.12,45.39
62501,Historical,169825,0,0,S,12,1,1330369,166.95,2008,54,111.73,12.95
62502,Historical,2664400,0,0,S,3,1,6085567,32.95,1998,35,33.98,10.98
62503,Historical,446745,0,0,S,6,1,1902925,123,2010,23,38.99,23.23
62504,Historical,495590,0,0,S,2,1,342770,124,2007,48,23.93,15.99
62505,Historical,614177,0,0,S,1,0,1179375,276.95,2006,64,0,8.98
62506,Historical,774437,0,0,S,5,1,2475840,59.95,2003,31,58.15,7.99
62507,Historical,867206,1,3,S,8,1,22937,92.95,2014,60,58.15,55.96
62508,Historical,246208,1,1,S,4,1,475982,100.95,2002,53,45.18,36.21
62511,Historical,1783269,0,0,S,3,1,1682081,181.95,2013,20,0,84.37
62512,Historical,125588,0,0,S,3,1,369995,49.95,1999,30,5.43,38.98
62513,Historical,910031,0,0,S,3,1,141521,55,2014,25,39.09,37.28
62514,Historical,2610564,0,0,S,0,0,858268,54.99,1999,25,0,37.93
62515,Historical,177361,0,0,S,2,1,143391,222.95,1998,55,16.98,71.19
62516,Historical,244226,0,0,S,2,1,468322,161.95,2011,60,3.97,9.69
62517,Historical,570453,0,0,S,9,1,558865,115.95,2008,23,42.26,13.99
62518,Historical,767254,0,0,S,21,1,580210,41.95,2006,15,36.94,23.16
62519,Historical,179080,0,0,S,8,1,549772,127.95,2005,51,69.99,27.99
62520,Historical,608663,0,0,S,7,1,1780928,122.95,1998,50,69.99,10.99
62521,Historical,608631,0,0,S,7,1,1861629,137.95,2002,37,69.99,22.98
62522,Historical,608666,0,0,S,7,1,2347591,83.95,1998,16,69.99,19.05
62523,Historical,178765,0,0,S,7,1,168322,125.95,1998,61,68.96,26.92
62524,Historical,179084,0,0,S,8,1,2099538,109.95,2005,26,68.96,56.99
62525,Historical,870738,0,0,S,7,1,676253,83.95,1998,26,68.96,52.8
62526,Historical,178784,0,0,S,7,1,556876,111.95,2001,76,81.43,9.99
62527,Historical,178625,0,0,S,9,1,1387219,101.95,2009,37,39.98,13.99
62528,Historical,608637,0,0,S,8,1,931343,109.95,2005,50,81.43,8.99
62529,Historical,608662,0,0,S,6,1,675618,82.95,1996,28,0,62.33
62530,Historical,2624322,0,0,S,4,1,1931040,73.95,1987,42,6.79,40.99
62531,Historical,178785,0,0,S,6,1,1149878,107.95,1999,56,6.79,13.98
62532,Historical,349979,0,0,S,2,1,862550,43.95,2010,11,0,0
62533,Historical,2018592,0,0,S,2,1,244855,44.95,2008,17,54.48,44.94
62534,Historical,548133,1,1,S,6,1,280353,201.95,2001,56,40.95,129.79
62535,Historical,859312,0,0,S,2,1,454960,73.95,2005,20,3.38,44.8
62536,Historical,595087,0,0,S,3,1,40158,64.95,2012,91,47.29,38.14
62537,Historical,664238,0,0,S,2,1,146404,69,2013,24,49.51,53.99
62539,Historical,532057,0,0,S,3,1,47166,53.95,2012,66,44.98,42.8
62542,Historical,115959,0,0,S,5,1,849187,131,2004,37,9.01,34.41
62543,Historical,115958,0,0,S,5,1,677167,131,2004,19,30.97,79.14
62545,Historical,621818,0,0,S,0,0,100187,77.25,2006,50,0,23.77
62546,Historical,1715226,0,0,S,0,0,944667,78.58,2006,52,0,11.37
62548,Historical,1623385,0,0,S,9,1,2363056,159.95,2007,29,112.92,15.78
62549,Historical,244200,0,0,S,3,1,158415,76.95,2012,50,24.97,25.94
62550,Historical,117971,0,0,S,4,1,2430272,73.6,2005,36,61.22,8.86
62551,Historical,619779,0,0,S,2,1,225797,65,2010,27,84.21,51.48
62552,Historical,763572,1,1,S,2,1,305374,67.95,2001,41,29.71,57.61
62553,Historical,898697,0,0,S,2,1,288715,129.98,2009,19,73.99,93.98
62554,Historical,227425,1,1,S,1,0,147350,65,2005,45,29.94,38.07
62557,Historical,597885,0,0,S,2,1,208699,65.95,2007,34,0,42.26
62558,Historical,532048,0,0,S,2,1,46467,19.95,2009,36,0,0
62560,Historical,2415222,0,0,S,2,1,449115,110,2001,28,30.27,74.71
62561,Historical,2570786,0,0,S,0,0,1127188,155,1992,25,49.11,50.99
62562,Historical,921306,1,1,S,4,1,120010,49.95,2003,58,0,24.84
62563,Historical,642089,0,0,S,7,1,17203,60,2013,29,40.09,33.98
62564,Historical,609772,1,1,S,66,1,608513,59.95,2009,27,40.09,43.94
62565,Historical,802703,0,0,S,10,1,1804709,39.99,2010,37,4,9.74
62566,Historical,624710,0,0,S,11,1,427427,39.99,2012,21,0,0
62567,Historical,543947,0,0,S,10,1,896539,43.25,2011,20,33.64,35.37
62568,Historical,1482579,0,0,S,2,1,918469,46.6,2011,16,0,42.95
62569,Historical,641423,0,0,S,2,1,142598,46.95,2010,72,28.98,35.27
62570,Historical,593912,0,0,S,2,1,101284,44.99,2013,19,22.71,26.99
62571,Historical,746297,0,0,S,1,0,143528,35,2005,59,24.98,42.54
62573,Historical,58094,0,0,S,10,1,28210,178.33,2009,98,12.76,45.83
62574,Historical,285320,0,0,S,9,1,1545225,140,2007,40,12.76,28.5
62575,Historical,1724572,0,0,S,0,0,22290,50,2015,19,32.4,32.4
62576,Historical,609801,0,0,S,3,1,22744,58.99,2009,34,28.74,37.83
62577,Historical,2271043,0,0,S,3,1,1410300,44.22,2009,30,0,44.9
62578,Historical,657854,0,0,S,2,1,443516,64,2013,22,0,22.1
62579,Historical,526131,0,0,S,4,1,400148,50.99,2009,33,10.81,28.38
62580,Historical,1437573,0,0,S,58,1,722907,80,2014,57,0,22.45
62581,Historical,702516,0,0,S,57,1,599225,80,2013,49,5.44,5.48
62582,Historical,702412,0,0,S,6,1,1409996,78,2012,31,5.44,4.19
62583,Historical,371440,0,0,S,4,1,1745411,38,2003,22,51.44,37.94
62584,Historical,2115902,0,0,S,2,1,356069,44.99,2015,10,0,44.99
62585,Historical,757819,0,0,S,3,1,827849,96.95,2003,42,39.91,73.6
62586,Historical,612263,0,0,S,2,1,75445,89.95,2014,68,8.99,35.94
62587,Historical,621151,0,0,S,2,1,614977,76,2007,43,37.38,39.82
62588,Historical,439581,0,0,S,3,1,4311919,99,1994,17,239.27,119.85
62589,Historical,267155,0,0,S,2,1,243771,120,2006,22,0,0
62590,Historical,532034,0,0,S,2,1,30956,129.95,2012,58,55.47,62.41
62591,Historical,874157,1,4,S,6,1,383125,211.25,2012,36,148.36,66.96
62592,Historical,252581,0,0,S,4,1,474973,76.74,2007,42,148.36,96.61
62593,Historical,649619,0,0,S,6,1,415227,68.75,2013,33,0,0
62594,Historical,52807,0,0,S,5,1,1154683,414.95,2004,137,95.99,14.99
62595,Historical,290378,0,0,S,3,1,249912,278,1998,42,61.92,70.9
62596,Historical,1475264,0,0,S,2,1,945845,112.95,2013,32,28.68,45.79
62597,Historical,608846,0,0,S,4,1,1376690,242.95,1996,125,119.41,28.47
62598,Historical,705621,0,0,S,3,1,284920,253,2013,23,63.01,134.91
62599,Historical,613222,0,0,S,2,1,393135,84.97,2000,97,32.71,23.82
62600,Historical,608691,0,0,S,7,1,430552,406.95,2007,29,119.41,48.01
62601,Historical,691805,0,0,S,6,1,842939,226.95,1999,65,111.55,50.43
62602,Historical,717175,0,0,S,10,1,589927,0,2009,23,113.99,43.98
62603,Historical,50353,0,0,S,8,1,1058222,129,2002,92,113.99,19.72
62604,Historical,52310,1,2,S,1,0,52392,218.67,2006,217,102.81,25.34
62606,Historical,60165,0,0,S,6,1,290648,221.95,2005,54,82.83,17.99
62607,Historical,115040,0,0,S,6,1,1135467,172.87,1999,47,4.38,55.95
62608,Historical,556659,1,1,S,0,0,929208,88.75,1998,84,69.5,32.29
62610,Historical,481210,0,0,S,1,0,1053406,218.67,2006,30,0,78.24
62611,Historical,212353,0,0,S,1,0,1647623,228.67,2007,15,0,0
62612,Historical,708307,0,0,S,2,1,321036,0,2004,22,8.95,58.99
62613,Historical,548230,0,0,S,0,0,500163,91.7,1999,81,0,28.99
62614,Historical,164160,0,0,S,3,1,1545821,18.48,2000,69,53.16,10.54
62615,Historical,1574135,0,0,S,3,1,3581633,129.95,2007,23,86.47,22.99
62616,Historical,165873,0,0,S,4,1,73341,46.98,2004,67,6.96,42.77
62617,Historical,191863,0,0,S,4,1,1440864,40.94,2000,80,0,40.94
62618,Historical,705603,1,7,S,6,1,1744438,13.89,2011,43,158.81,13.99
62619,Historical,551332,0,0,S,1,0,840527,155.5,2005,58,0,31.49
62620,Historical,108598,0,0,S,8,1,1047255,136.25,2004,91,103.99,42.88
62621,Historical,861944,0,0,S,6,1,55207,79.25,2014,49,43.98,38.91
62623,Historical,2583256,0,0,S,5,1,1894274,148.95,2005,29,186.78,23.94
62624,Historical,612979,0,0,S,0,0,432375,82.47,2001,78,69.5,43.99
62625,Historical,58306,1,1,S,10,1,388116,113.35,2003,65,141.99,42.95
62626,Historical,665296,0,0,S,2,1,469964,38,2012,42,4.2,36.74
62627,Historical,898802,0,0,S,2,1,864969,61.95,2014,17,48.75,42.99
62628,Historical,56384,0,0,S,6,1,1374511,326.95,2007,37,110.97,87.66
62629,Historical,918344,0,0,S,2,1,1265583,103.95,2002,37,10.7,116.09
62631,Historical,574390,0,0,S,2,1,136061,52.54,2006,27,0,0
62632,Historical,552676,0,0,S,0,0,106402,21,2004,58,5.49,6.49
62634,Historical,301045,0,0,S,3,1,280086,94.5,2011,34,53.31,67.99
62635,Historical,339938,1,1,S,5,1,1142212,72.25,2011,21,0,62.84
62636,Historical,163058,0,0,S,6,1,877811,23.99,2011,29,0,18.99
62637,Historical,292137,0,0,S,6,1,527454,60.76,2002,52,0,11.99
62638,Historical,532027,0,0,S,8,1,350186,133.95,2009,39,0,104.39
62639,Historical,1447501,0,0,S,10,1,957844,37.71,2006,32,0,36.99
62640,Historical,146790,1,3,S,12,1,470176,200.27,2011,25,149.99,23.49
62641,Historical,717070,0,0,S,11,1,568751,54.9,2009,25,0,0
62642,Historical,571798,0,0,S,1,0,475991,269.95,2007,43,0,70.28
62643,Historical,212555,0,0,S,0,0,2128821,109.47,2006,13,0,43.87
62644,Historical,159475,0,0,S,2,1,617079,34.95,2002,31,25.92,45.4
62645,Historical,714338,0,0,S,2,1,2971545,109.35,2001,28,18.58,17.25
62647,Historical,532016,0,0,S,3,1,963625,58.95,2010,18,46.66,46.32
62648,Historical,575868,0,0,S,3,1,485038,95.54,2010,28,9.42,28.78
62649,Historical,788965,0,0,S,3,1,5802752,49.95,2001,25,5.74,7.01
62650,Historical,503002,0,0,S,2,1,182811,19.95,2010,28,18.13,13.94
62651,Historical,867928,0,0,S,2,1,338283,76.4,2014,6,80.42,73.99
62652,Historical,643915,0,0,S,2,1,382479,105.99,2010,21,9.64,31.46
62653,Historical,1556802,0,0,S,4,1,425310,56.95,2014,8,0,43.11
62654,Historical,867644,0,0,S,3,1,50099,58,2014,57,33.99,47.18
62655,Historical,632637,0,0,S,25,1,57830,55,2005,16,0,0
62656,Historical,617122,1,2,S,9,1,174325,162,2012,56,54.89,73.99
62657,Historical,542371,0,0,S,6,1,868426,89.95,2011,18,102.97,63.44
62658,Historical,549920,0,0,S,5,1,25176,152.25,2004,73,19,41.48
62659,Historical,108501,0,0,S,5,1,73264,68.11,2003,65,19,61.17
62660,Historical,428394,0,0,S,2,1,22594,244.6,2008,63,62.34,150.15
62661,Historical,697398,0,0,S,4,1,2650356,87,1999,63,19,27.98
62662,Historical,545797,0,0,S,2,1,116984,39,2012,38,22.6,16.98
62663,Historical,630519,0,0,S,2,1,88282,106,2013,61,55.52,56.42
62664,Historical,51957,1,1,S,7,1,2436437,136.4,2006,21,54.89,47.49
62665,Historical,51429,0,0,S,5,1,4185368,85.95,2000,37,92.98,16.23
62666,Historical,51432,0,0,S,6,1,1763265,103.95,2003,53,92.98,10.6
62667,Historical,532012,0,0,S,3,1,28538,56.2,2012,57,27,30.99
62668,Historical,591945,0,0,S,0,0,364224,70,2010,19,0,35.37
62669,Historical,632163,0,0,S,3,1,321845,93,2012,33,41.99,61.52
62670,Historical,696956,0,0,S,5,1,1833672,93.13,1998,37,70.97,23.94
62671,Historical,50189,0,0,S,5,1,203438,233.5,2008,82,26.68,58.4
62672,Historical,285401,1,2,S,7,1,25506,81.34,2008,77,70.97,57.59
62673,Historical,867761,1,1,S,3,1,18845,99,2014,42,58.53,59.74
62674,Historical,893023,1,1,S,5,1,57605,65,2014,28,48.04,44.12
62675,Historical,862346,0,0,S,5,1,7353,65,2014,31,29.95,33.84
62676,Historical,192778,0,0,S,2,1,697753,78.95,2000,31,12.24,53.56
62677,Historical,186227,0,0,S,9,1,680261,233,1997,63,0,63.64
62678,Historical,181409,0,0,S,2,1,190090,39.95,2005,41,20.18,34.05
62679,Historical,876705,1,2,S,7,1,336224,166.67,2014,49,101.69,41.34
62680,Historical,55167,0,0,S,3,1,3468607,119.4,2003,42,101.69,12.84
62681,Historical,182959,0,0,S,8,1,595926,240.95,2004,51,10.7,24.34
62682,Historical,631409,0,0,S,6,1,1313196,61.28,2006,42,4.73,15.99
62683,Historical,550228,0,0,S,9,1,309007,0,2007,32,161,38.99
62684,Historical,55320,0,0,S,8,1,318000,92.29,2009,45,168.55,109.19
62685,Historical,205833,0,0,S,2,1,707627,58,2003,39,9.29,28.54
62686,Historical,248027,0,0,S,4,1,665554,86,2009,34,53.98,35.08
62687,Historical,546616,0,0,S,7,1,30288,79.95,2012,66,48.41,61.43
62688,Historical,131356,0,0,S,2,1,1847245,77,2001,57,45.87,13.84
62689,Historical,55314,0,0,S,3,1,869275,71,2003,105,61.77,7.97
62690,Historical,121379,0,0,S,4,1,797215,112,2008,19,28.14,83.94
62691,Historical,907794,0,0,S,2,1,12018,35.63,2014,33,27.86,32.33
62692,Historical,60003,0,0,S,10,1,2287352,100.63,2005,48,125.03,18.69
62693,Historical,1840216,0,0,S,2,1,2060775,50,2007,22,0,28.34
62697,Historical,547344,0,0,S,15,1,158531,120,2010,20,38.98,35.9
62698,Historical,2593159,0,0,S,0,0,622310,69.99,1988,35,0,50.44
62699,Historical,186254,0,0,S,2,1,1745553,26.5,2000,22,48.99,60.26
62700,Historical,625254,0,0,S,2,1,57361,81.6,2010,54,44.6,60.86
62701,Historical,1447446,0,0,S,2,1,1426054,123.78,2011,10,0,38.99
62702,Historical,633218,0,0,S,2,1,300504,81.6,2010,32,61.93,57.45
62703,Historical,1482710,0,0,S,2,1,1382422,56,2010,19,61.93,34.98
62704,Historical,403881,0,0,S,2,1,28491,81.6,2010,39,39.78,63
62705,Historical,233375,0,0,S,0,0,104316,47.99,2007,31,58.65,45.45
62706,Historical,532001,0,0,S,3,1,148309,54.95,2010,36,24.51,12.99
62707,Historical,2086538,0,0,S,0,0,635684,14.95,2013,34,43.79,8.67
62708,Historical,649728,0,0,S,2,1,18188,65,2012,23,44.39,41.65
62709,Historical,117808,1,1,S,7,1,935042,194,2004,40,16.52,42.75
62710,Historical,676178,0,0,S,3,1,57575,32.4,2006,86,11.98,25.57
62711,Historical,540419,0,0,S,4,1,3018191,0,2007,24,70.25,18.82
62712,Historical,640248,0,0,S,2,1,3159529,39.95,2010,25,37.76,15.01
62713,Historical,626409,0,0,S,3,1,585155,176.95,2006,32,7.38,141.99
62714,Historical,2608616,0,0,S,1,0,203042,79.99,2000,25,0,65.99
62715,Historical,908152,0,0,S,3,1,877076,61.95,2007,23,30.79,38.53
62716,Historical,385796,0,0,S,3,1,612809,55.95,2011,36,44.74,31.47
62717,Historical,870307,0,0,S,2,1,395234,87.87,2014,25,43.62,78.99
62719,Historical,619760,0,0,S,1,0,905805,62.5,2011,51,0,13.8
62721,Historical,647054,0,0,S,2,1,1276672,49.99,2012,29,40.33,42.13
62722,Historical,2894411,0,0,S,0,0,631111,16.99,2004,17,63.68,48.6
62723,Historical,674538,1,1,S,0,0,277642,29.99,1988,161,18,9.24
62724,Historical,246655,1,1,S,1,0,292044,54.95,2010,17,0,33.32
62726,Historical,545661,0,0,S,2,1,120914,49,2013,59,22.72,22.83
62727,Historical,184341,0,0,S,1,0,234761,59.95,1999,24,29.97,34.15
62728,Historical,649533,0,0,S,3,1,31984,49.99,2013,45,28.98,31.49
62729,Historical,126416,0,0,S,1,0,435984,60.95,2003,14,0,43.99
62730,Historical,2066096,0,0,S,0,0,659252,4.97,2013,10,34.19,7.92
62731,Historical,539797,0,0,S,2,1,234002,34.95,2009,41,15.49,24.26
62732,Historical,2408049,0,0,S,2,1,8037941,65,1996,19,6.62,58.53
62733,Historical,296605,0,0,S,3,1,168435,90,2010,31,50.95,63.33
62734,Historical,632962,0,0,S,3,1,607022,211,2010,15,31.16,38.97
62735,Historical,918758,1,1,S,0,0,57695,59.99,2000,41,21.98,36.58
62736,Historical,635016,0,0,S,0,0,2206,45,2010,100,21.98,23.98
62740,Historical,192173,0,0,S,3,1,118174,29.99,2008,90,18.96,20.17
62741,Historical,872166,0,0,S,4,1,15286,34.99,2012,37,18.96,19.04
62742,Historical,903691,0,0,S,2,1,222617,46.99,2013,26,26.45,27.05
62743,Historical,1562780,0,0,S,3,1,2068314,45.95,2010,11,39.51,39.97
62744,Historical,224421,0,0,S,5,1,327716,172.95,2002,68,96.55,38.98
62745,Historical,531978,0,0,S,3,1,173386,58.95,2011,35,17.07,17.25
62746,Historical,617284,0,0,S,3,1,213935,31.95,2006,63,28.08,7.99
62747,Historical,633255,0,0,S,2,1,390419,79.95,2010,46,36.87,58.44
62748,Historical,869178,0,0,S,5,1,665032,94.08,2012,9,38.98,39.18
62749,Historical,566325,0,0,S,2,1,294572,243.25,1995,30,59.33,163.02
62750,Historical,2345430,0,0,S,2,1,3133322,455.16,1987,19,4.48,53.59
62751,Historical,566869,0,0,S,5,1,130519,58.87,1991,50,7.97,62.83
62752,Historical,624273,0,0,S,2,1,126771,60,2011,34,23.98,31.49
62753,Historical,162449,0,0,S,2,1,1482663,59.99,2008,26,34.59,55.64
62754,Historical,538344,0,0,S,5,1,958691,50,2013,15,4.46,29.46
62755,Historical,2029070,0,0,S,2,1,1237758,68,2007,36,5.49,23.98
62756,Historical,546456,0,0,S,3,1,56722,82.99,2014,18,55.97,65.24
62758,Historical,598764,0,0,S,2,1,257573,75,2005,22,5.31,54.48
62759,Historical,1740866,1,1,S,2,1,221754,67,2014,46,58.22,57.29
62760,Historical,1615957,0,0,S,2,1,570556,59.99,2007,26,16.1,37.4
62761,Historical,181901,0,0,S,2,1,1025172,39.95,2005,52,4.4,13.26
62762,Historical,265670,0,0,S,3,1,913847,78.35,2004,78,4.52,25.99
62763,Historical,625344,0,0,S,2,1,451259,54.99,2008,39,0,0
62764,Historical,637072,0,0,S,2,1,530099,61.99,2010,25,16.51,39.18
62765,Historical,265747,0,0,S,4,1,870687,66.99,2011,26,13.02,51.26
62766,Historical,910176,0,0,S,3,1,1516737,68,2008,34,13.02,33.98
62767,Historical,2109590,0,0,S,2,1,125336,29.95,2011,14,0,37.72
62768,Historical,57025,0,0,S,3,1,1575772,79.99,2005,56,32.84,11.98
62769,Historical,660653,1,1,S,2,1,92389,105,2013,23,50.86,39.98
62770,Historical,902097,0,0,S,3,1,66814,40,2015,16,23.43,23.55
62771,Historical,633777,0,0,S,2,1,483534,40,2012,39,23.43,8.93
62772,Historical,759887,0,0,S,1,0,1403850,89.5,2001,47,5.88,15.99
62773,Historical,633733,0,0,S,2,1,249376,61.95,2013,33,121,37.42
62774,Historical,2225563,0,0,S,5,1,407805,19.57,2011,13,0,32.99
62775,Historical,248211,0,0,S,4,1,231385,39,2011,63,33.73,32.72
62776,Historical,229162,0,0,S,5,1,937788,42.95,2008,41,34.37,4
62777,Historical,127204,0,0,S,3,1,256296,94.95,2009,65,45.49,94.65
62778,Historical,57197,0,0,S,3,1,646283,71.95,2003,62,84.45,6.15
62779,Historical,639343,0,0,S,0,0,175697,101.5,2007,39,37.69,51.68
62780,Historical,112152,1,1,S,1,0,1584964,121.5,2002,63,6.28,14.37
62781,Historical,707993,0,0,S,2,1,982278,95.32,2004,12,6.28,45.99
62782,Historical,112248,0,0,S,2,1,341589,117,2004,53,6.28,22.91
62783,Historical,641271,0,0,S,2,1,1138346,66,2006,24,0,33.99
62784,Historical,714020,0,0,S,4,1,379074,64,2001,16,45.49,13.99
62785,Historical,658134,0,0,S,2,1,108696,103,2012,26,48.99,19.45
62787,Historical,276254,0,0,S,8,1,1619684,162,2001,24,254.42,117.4
62788,Historical,2039355,0,0,S,5,1,324755,152,2014,17,0,99.98
62789,Historical,617126,0,0,S,0,0,1214804,43,2012,48,0,11.94
62790,Historical,616612,0,0,S,7,1,5191,49.95,2013,170,28.98,26.49
62791,Historical,614785,0,0,S,4,1,102454,115,2007,54,4.58,43.99
62792,Historical,612818,0,0,S,5,1,800586,41.95,2006,159,0,14.99
62793,Historical,2083164,0,0,S,0,0,1541070,32,2013,26,4.86,32
62794,Historical,875035,0,0,S,3,1,407499,69,2009,17,48.31,53.99
62795,Historical,775472,0,0,S,4,1,239936,52.75,2001,173,0,15.99
62796,Historical,875205,1,1,S,2,1,1010997,23.99,2009,39,48.31,23.99
62797,Historical,600796,0,0,S,3,1,207835,44,2011,28,30.68,27.99
62798,Historical,574734,0,0,S,3,1,1351994,154,2008,78,44.19,10.93
62799,Historical,545888,1,2,S,4,1,384659,230,2012,81,44.19,65.54
62800,Historical,1476292,0,0,S,9,1,686626,110,2012,10,34.08,110
62801,Historical,663188,0,0,S,7,1,484589,43,2013,17,28.99,34.99
62802,Historical,776134,0,0,S,23,1,1295567,37.95,2008,53,0,0
62803,Historical,623419,0,0,S,2,1,825778,45,2008,44,28.15,18.99
62804,Historical,574761,0,0,S,7,1,396629,38.95,2009,69,0,0
62805,Historical,145534,1,1,S,3,1,139976,123.95,2009,37,93.09,77.76
62806,Historical,118041,0,0,S,5,1,125276,131.2,2005,69,28.25,68.9
62807,Historical,132426,0,0,S,7,1,430283,223.6,2007,66,17.29,42.74
62808,Historical,631714,0,0,S,7,1,1368967,130,2007,31,0,68.99
62809,Historical,144854,1,2,S,6,1,1799998,117.33,2005,29,17.29,38.99
62810,Historical,616853,0,0,S,6,1,2084121,124.8,2006,23,17.29,51.41
62812,Historical,740500,1,2,S,6,1,1245483,80.63,2005,31,0,75.19
62813,Historical,608883,0,0,S,3,1,1415692,80,1997,16,38.52,36.37
62814,Historical,144400,0,0,S,5,1,3708053,89.6,2002,25,38.52,46.55
62815,Historical,287579,0,0,S,7,1,67636,170.73,2007,38,38.52,54.73
62816,Historical,145438,0,0,S,6,1,4118871,97.33,2006,25,4.79,20.99
62817,Historical,144858,0,0,S,6,1,2601373,97.33,2005,24,4.79,23.64
62818,Historical,132427,0,0,S,7,1,271285,170.73,2007,44,4.79,54.09
62819,Historical,132428,0,0,S,7,1,1380720,115.2,2007,39,5.73,38.99
62820,Historical,739622,0,0,S,5,1,2313763,73.33,2002,18,0,51.89
62821,Historical,132429,0,0,S,7,1,1380000,115.2,2007,29,0,23.99
62822,Historical,132430,0,0,S,7,1,500907,115.2,2007,28,4.39,53.57
62823,Historical,144340,0,0,S,10,1,2815805,94.4,2002,39,37.37,19.27
62824,Historical,132493,0,0,S,12,1,42284,171.4,2007,49,37.37,88.99
62825,Historical,739506,0,0,S,10,1,2083723,90.67,2002,30,36.98,12.82
62826,Historical,552336,0,0,S,1,0,1037805,70.8,2011,56,0,11.99
62827,Historical,286403,0,0,S,1,0,327100,68.4,2010,34,0,20.62
62828,Historical,664722,1,1,S,5,1,98970,71.95,2013,31,53.95,53.93
62829,Historical,531965,1,1,S,7,1,74326,269.95,2012,39,50.97,60.62
62830,Historical,115164,0,0,S,3,1,589003,125.8,2000,40,0,0
62831,Historical,103923,0,0,S,1,0,398300,23.66,1996,67,64.44,23.82
62832,Historical,722027,0,0,S,2,1,428048,29.99,2006,54,20,23.06
62834,Historical,637671,0,0,S,0,0,51063,54.99,2012,41,30.87,25.98
62835,Historical,2265610,0,0,S,3,1,1477694,83.4,2007,23,40.24,71.78
62836,Historical,538797,0,0,S,3,1,343081,45.6,2011,39,23.48,75
62837,Historical,556930,0,0,S,14,1,41478,140.8,2011,68,70.5,104.85
62838,Historical,169361,0,0,S,4,1,280706,232.95,2007,74,45.64,88.98
62839,Historical,178061,0,0,S,3,1,145450,184.95,2005,47,35.29,53.56
62840,Historical,647637,0,0,S,1,0,523704,92.95,2013,39,0,76.28
62841,Historical,248242,1,3,S,2,1,30088,108,2011,52,65.9,62.34
62842,Historical,545494,0,0,S,2,1,1036061,50.95,2012,23,21.01,35.11
62843,Historical,2566367,0,0,S,3,1,708463,65,1999,25,11.97,23.86
62844,Historical,290415,0,0,S,3,1,36953,137.5,1998,92,77.98,63.99
62845,Historical,1586878,1,1,S,1,0,902517,74.99,2006,32,0,53.97
62846,Historical,675438,1,1,S,1,0,146635,24.99,1997,62,0,0
62847,Historical,53936,0,0,S,4,1,1110344,77.4,2003,59,58.99,51.04
62848,Historical,617591,0,0,S,3,1,2868713,66.56,2000,48,93.99,49.28
62849,Historical,877573,0,0,S,5,1,2556962,41.25,1994,46,58.91,26.97
62850,Historical,56515,0,0,S,7,1,415638,71.95,2002,45,58.91,43.91
62851,Historical,555370,0,0,S,4,1,43829,112.95,1998,60,38.9,63.89
62852,Historical,531961,0,0,S,3,1,50458,55.95,2012,65,36.61,34.48
62853,Historical,177833,0,0,S,3,1,86627,121.95,2005,30,38.25,65.99
62854,Historical,607550,0,0,S,2,1,3207911,64.95,1999,51,38.25,48.88
62855,Historical,115042,0,0,S,3,1,489159,240.2,2000,27,7.09,57.25
62856,Historical,262800,1,1,S,4,1,29607,51.95,2011,45,37.3,47.78
62857,Historical,116730,0,0,S,3,1,78726,191,1995,68,33.92,71.09
62858,Historical,2396796,0,0,S,5,1,732616,211.95,1993,19,0,114.41
62859,Historical,262788,1,1,S,4,1,192197,54.95,2011,56,37.95,49.04
62860,Historical,129384,0,0,S,3,1,27077,49.95,2010,62,29.94,39.9
62861,Historical,129469,0,0,S,2,1,56241,49.95,2011,56,36.33,34.47
62862,Historical,101187,0,0,S,4,1,1666304,61.95,1996,50,109.59,48.99
62863,Historical,546686,0,0,S,8,1,46108,54,2012,62,36.28,53.98
62865,Historical,119278,0,0,S,2,1,19433,79.2,2011,45,50.82,56.69
62866,Historical,256336,0,0,S,0,0,95366,54.95,2007,31,47.94,50.61
62867,Historical,194911,0,0,S,3,1,1217112,59.95,2003,33,0,26.69
62868,Historical,279552,0,0,S,2,1,201450,42.95,2009,39,0,0
62869,Historical,664789,1,1,S,3,1,96709,73.95,2013,18,0,0
62870,Historical,249480,1,1,S,2,1,13679,29.95,2012,55,0,0
62871,Historical,539540,0,0,S,2,1,597060,36,2013,105,19.67,24.11
62872,Historical,58345,1,1,S,1,0,160713,28.4,2004,82,19.67,9.85
62873,Historical,531958,0,0,S,2,1,214448,74.4,2009,26,41.83,56.8
62874,Historical,1465112,0,0,S,2,1,737642,45,2013,10,43.62,42.21
62875,Historical,373767,1,1,S,0,0,17957,25.95,2003,192,7.07,8.97
62876,Historical,649572,1,2,S,5,1,384098,133.95,2013,15,0,0
62877,Historical,287536,0,0,S,1,0,525170,72.2,2005,24,11.89,58.45
62878,Historical,658685,0,0,S,2,1,165123,61.8,2013,21,37.98,57.59
62879,Historical,228750,0,0,S,3,1,242087,28.95,2008,55,21.42,94.61
62882,Historical,2598922,0,0,S,2,1,1966435,24,1993,59,27.14,7.98
62883,Historical,649763,0,0,S,4,1,8781,35.75,2012,65,27.14,25.86
62884,Historical,859237,0,0,S,2,1,35713,110.95,2005,53,25.14,70.42
62885,Historical,896823,0,0,S,4,1,43389,45,2014,25,37.09,32.43
62886,Historical,231481,0,0,S,0,0,692092,34.95,2004,30,15.78,33.99
62887,Historical,822643,0,0,S,0,0,368434,27.95,2003,60,15.78,10.1
62888,Historical,194524,0,0,S,0,0,120215,34.95,2004,34,21.27,28.69
62889,Historical,231505,1,1,S,0,0,218210,34.95,2004,24,24.41,34.91
62891,Historical,652523,0,0,S,2,1,66075,34.95,2012,29,18.97,23.99
62892,Historical,900431,0,0,S,0,0,503075,34.95,2008,30,18.97,59.9
62893,Historical,469455,0,0,S,8,1,213829,34.95,2008,37,24.96,48.81
62894,Historical,469454,0,0,S,8,1,839327,27.95,2008,19,24.96,89.93
62895,Historical,469465,0,0,S,2,1,24518,34.95,2012,42,18,22.31
62896,Historical,231476,1,1,S,0,0,641722,34.95,2008,31,18.51,51.68
62897,Historical,542654,0,0,S,2,1,117286,34.95,2012,23,0,23.45
62898,Historical,868540,0,0,S,2,1,193530,81.95,2015,29,45.46,34.8
62899,Historical,164897,1,2,S,3,1,873710,75,1999,70,0,0
62901,Historical,161906,0,0,S,3,1,35800,16.99,2007,25,9.37,125.42
62902,Historical,531947,0,0,S,4,1,9698,18.99,2012,65,7.96,9.9
62903,Historical,1568752,0,0,S,7,1,37502,19.99,2010,31,0,13.98
62904,Historical,675534,0,0,S,2,1,597723,26.99,2009,52,0,62.15
62905,Historical,637851,0,0,S,2,1,168061,32.99,2011,23,0,0
62906,Historical,1777647,0,0,S,2,1,110237,23.99,2013,27,0,8.78
62907,Historical,637587,0,0,S,1,0,276833,100,2013,34,0,0
62908,Historical,569059,0,0,S,2,1,763590,79.99,2007,64,5.49,54.86
62909,Historical,269435,0,0,S,2,1,671659,52.5,2009,20,0,28.21
62911,Historical,294141,0,0,S,7,1,931468,64.95,2003,33,9.48,23.99
62912,Historical,868265,0,0,S,3,1,46962,52.95,2015,19,55.66,37.69
62913,Historical,531944,0,0,S,4,1,63288,29.95,2012,22,18.96,26.74
62915,Historical,531943,0,0,S,5,1,181939,69.95,2012,24,43.15,48.65
62916,Historical,203514,0,0,S,6,1,1562858,46.95,2002,24,29.34,48.25
62917,Historical,648612,0,0,S,2,1,1340259,47,2011,19,0,37.99
62918,Historical,904140,0,0,S,5,1,1102634,74.95,1994,16,8.11,86.96
62919,Historical,210982,0,0,S,5,1,52606,54.95,2007,82,6.32,25.98
62920,Historical,147449,0,0,S,3,1,201091,45.95,2006,84,29.98,38.3
62921,Historical,2030874,0,0,S,2,1,3081926,179,2006,26,103.99,18.78
62922,Historical,896902,0,0,S,3,1,61111,66.95,2014,19,48.09,56.85
62923,Historical,2275440,0,0,S,3,1,852561,47.15,2008,48,0,43.88
62924,Historical,531940,0,0,S,4,1,120144,78.99,2012,66,21.49,41.21
62925,Historical,127599,0,0,S,2,1,227972,67,2010,34,37.18,55.79
62926,Historical,152518,0,0,S,3,1,326237,99,2009,40,0,0
62927,Historical,261264,0,0,S,2,1,553548,65,1997,31,46.54,19.58
62928,Historical,595505,0,0,S,3,1,390653,52,2012,17,46.54,30
62929,Historical,61230,0,0,S,4,1,751949,57.95,1998,51,22.75,23.88
62930,Historical,661941,0,0,S,5,1,526325,52.95,2013,19,42.34,32.84
62931,Historical,192425,0,0,S,5,1,1482122,42.95,2004,62,10.94,18.99
62932,Historical,609569,0,0,S,5,1,1972763,52.95,2004,88,10.94,9.75
62933,Historical,54877,0,0,S,3,1,1389949,45.95,2004,52,77.78,8.99
62934,Historical,774896,0,0,S,2,1,3918827,289,2000,20,181.44,62.65
62935,Historical,3483275,0,0,S,2,1,581617,149.95,2016,0,0,137.3
62936,Historical,531936,0,0,S,3,1,995209,35.95,2010,28,29.96,33.99
62937,Historical,603483,0,0,S,4,1,10329,36.95,2014,22,29.96,26.99
62938,Historical,661050,0,0,S,1,0,697561,40,2012,18,21.39,35.9
62939,Historical,531934,0,0,S,2,1,1281851,50.95,2010,13,12.53,33.97
62940,Historical,2699145,0,0,S,2,1,1219560,46.95,2003,31,24.19,39.22
62941,Historical,147223,0,0,S,1,0,1533630,29.95,2007,38,10.74,10
62942,Historical,871192,0,0,S,8,1,13663,49.95,2015,29,42.35,31.74
62943,Historical,608013,0,0,S,7,1,166133,39.95,2007,68,0,0
62944,Historical,243863,0,0,S,2,1,891792,88.95,2011,25,51.24,72.27
62945,Historical,674137,0,0,S,6,1,121992,29.95,2009,165,40.94,4
62946,Historical,924442,1,1,S,8,1,12021,51.95,2015,28,40.94,32.97
62947,Historical,200402,0,0,S,4,1,797415,125.95,2008,44,26.21,12.13
62948,Historical,576603,0,0,S,3,1,1266576,65.95,2004,27,26.21,12.78
62950,Historical,192665,0,0,S,19,1,2753934,99,1996,44,79.39,63.47
62951,Historical,656386,0,0,S,3,1,420787,99.95,2013,15,48.29,52.66
62952,Historical,106040,0,0,S,2,1,773501,80,2004,26,45.71,64
62953,Historical,540975,0,0,S,8,1,324709,79.95,2012,32,27.96,50.14
62954,Historical,203616,0,0,S,3,1,20155,82.99,2007,17,19.34,53.59
62955,Historical,218478,0,0,S,2,1,769672,49.95,1998,51,0,48.43
62956,Historical,577355,0,0,S,3,1,483918,92.99,2005,24,21.09,47.61
62957,Historical,534733,0,0,S,5,1,257351,59.99,2012,23,28.99,37.02
62958,Historical,287090,0,0,S,3,1,1898947,47.95,2006,17,41.98,43.72
62959,Historical,105824,0,0,S,5,1,586207,29.95,2002,49,44.62,19.89
62960,Historical,569714,0,0,S,2,1,746178,106.95,2002,47,20.99,49.53
62961,Historical,908447,0,0,S,4,1,1716636,50.95,2001,15,52.56,51.67
62962,Historical,626646,0,0,S,3,1,40595,102,2013,38,47.31,51.78
62963,Historical,657845,0,0,S,7,1,27915,61.99,2012,54,36.61,30.48
62964,Historical,241539,0,0,S,3,1,1548936,60,1999,26,93.85,63.97
62965,Historical,867595,1,4,S,13,1,21987,51.99,2013,50,36.13,28.99
62966,Historical,553544,0,0,S,7,1,1204769,39.6,2009,26,5.09,16.57
62967,Historical,531924,0,0,S,9,1,645686,38.2,2011,37,4.76,13.99
62968,Historical,57709,0,0,S,9,1,72787,38,2011,39,13.04,27.99
62969,Historical,534347,0,0,S,2,1,2541757,60,1993,53,55.99,8.98
62970,Historical,864596,0,0,S,5,1,19094,90,2014,32,55.99,53.96
62971,Historical,663253,0,0,S,20,1,731916,94,2013,32,72.45,120.99
62972,Historical,58065,0,0,S,1,0,410875,46.95,1999,29,48.23,27.9
62973,Historical,505930,1,1,S,5,1,199047,116.99,2011,58,40.85,75.26
62974,Historical,534279,1,1,S,2,1,1671239,59.95,2003,44,26.26,21.38
62975,Historical,542903,0,0,S,3,1,178841,102.95,2014,31,45.53,41.63
62976,Historical,1755163,0,0,S,2,1,326037,79.99,2011,27,0,59.54
62977,Historical,652561,1,1,S,4,1,206432,78.99,2012,18,67.73,73.7
62978,Historical,663333,0,0,S,2,1,24949,45,2013,33,37.9,26
62979,Historical,56752,1,1,S,5,1,20296,54.95,2011,132,28.99,40.58
62980,Historical,658016,0,0,S,4,1,355783,63.99,2013,40,46.82,51.61
62981,Historical,203419,0,0,S,3,1,872598,105.99,2006,33,18.77,44.89
62982,Historical,664341,0,0,S,6,1,3233,36.95,2014,53,22.98,25.28
62983,Historical,577439,1,1,S,7,1,170324,85.99,2009,95,23.98,42.48
62984,Historical,586346,0,0,S,3,1,224393,22.95,2005,49,23.73,13.76
62985,Historical,700014,0,0,S,5,1,1856996,39.95,2002,36,54.68,50.73
62986,Historical,701480,0,0,S,7,1,1041121,62,2009,34,6.24,23.94
62987,Historical,864529,0,0,S,3,1,92390,59.95,2014,31,43.18,41.35
62988,Historical,2406913,0,0,S,3,1,3874955,79.95,1993,28,78.46,10.97
62989,Historical,898990,0,0,S,3,1,433720,40.95,2013,33,21.96,27.53
62991,Historical,58349,0,0,S,6,1,1363554,80.95,2003,74,22.92,17.49
62992,Historical,2696996,0,0,S,3,1,3679819,150,1994,18,74.89,61.15
62993,Historical,901852,0,0,S,4,1,4465249,49.95,1998,17,43.71,64.25
62994,Historical,561695,0,0,S,3,1,61950,99.95,2011,20,65.53,67.98
62995,Historical,126257,0,0,S,2,1,808436,163.95,2002,27,16.65,62.01
62996,Historical,203682,0,0,S,4,1,86615,95.99,2010,45,72.46,51.42
62997,Historical,868452,0,0,S,2,1,2943792,39.95,1997,25,31.93,18.99
62998,Historical,540914,0,0,S,3,1,138671,69.95,2006,54,31.93,31.77
62999,Historical,264224,0,0,S,2,1,3046244,39.95,2004,37,12.98,9.95
63000,Historical,264194,0,0,S,1,0,2467984,35.95,2000,33,12.98,7.82
63001,Historical,204117,1,1,S,3,1,337593,50.99,2008,45,12.98,23.85
63002,Historical,105576,0,0,S,5,1,218588,87,2001,31,28.8,61.11
63003,Historical,881430,0,0,S,2,1,75614,55,2015,38,36.62,37.02
63004,Historical,56795,0,0,S,9,1,2487111,84.95,2004,61,62.49,5.93
63005,Historical,643558,0,0,S,2,1,271756,52.99,2012,19,11.6,30.85
63006,Historical,610204,1,1,S,9,1,220037,108,2014,44,60.48,66.86
63007,Historical,254014,0,0,S,8,1,1472465,138.55,2011,19,60.48,20.49
63008,Historical,867282,0,0,S,3,1,1393686,71.95,2014,15,35.58,38.99
63009,Historical,1767896,0,0,S,2,1,738721,70,2015,17,22.68,56.87
63010,Historical,547204,0,0,S,7,1,539843,15.95,2011,18,20.94,99.95
63011,Historical,610347,0,0,S,4,1,223411,87.99,2013,17,51.99,45.3
63012,Historical,573532,0,0,S,2,1,4849462,49.95,1999,23,51.99,29.7
63014,Historical,2679820,0,0,S,4,1,4299816,159,1994,16,118.84,50.12
63015,Historical,586275,0,0,S,4,1,89502,39.95,2009,29,24.99,29.59
63016,Historical,620753,0,0,S,1,0,79509,53.95,2011,38,0,36.82
63017,Historical,909005,0,0,S,1,0,555940,399.95,2011,35,0,12.68
63018,Historical,553115,0,0,S,5,1,173529,73.4,2011,37,6.8,39.45
63019,Historical,788727,0,0,S,3,1,1163622,79.95,1997,32,0,25.99
63020,Historical,287059,0,0,S,3,1,898794,49.99,2006,29,31.99,30.08
63022,Historical,205970,0,0,S,0,0,108627,60,2004,32,50.91,51.2
63023,Historical,2779044,0,0,S,2,1,2195635,81.95,1994,17,20.06,112.77
63024,Historical,913754,0,0,S,4,1,161964,75,2014,36,34.52,41.57
63025,Historical,872432,0,0,S,2,1,2789221,75,1998,28,34.94,10.49
63026,Historical,555791,0,0,S,2,1,1424825,145,2012,60,38.97,85.16
63027,Historical,701941,0,0,S,5,1,1004902,41,2010,37,12.84,19.94
63028,Historical,266336,0,0,S,4,1,971862,89.99,2009,28,45.99,67.61
63029,Historical,610189,0,0,S,3,1,97331,56,2013,22,43.97,32.68
63030,Historical,53747,0,0,S,4,1,1123813,68.95,1999,102,54.98,22.48
63031,Historical,647283,0,0,S,2,1,292466,39.99,2011,24,21.63,27.18
63033,Historical,531892,0,0,S,2,1,629826,79,2012,21,30.29,66.92
63034,Historical,106276,0,0,S,11,1,40026,58,2006,43,29.92,33.48
63035,Historical,600582,0,0,S,7,1,15161,62,2010,80,35.99,36.66
63037,Historical,607093,0,0,S,5,1,540219,83.5,2006,30,8.77,10.52
63038,Historical,923068,0,0,S,1,0,314290,10.08,2004,107,0,9.71
63041,Historical,649632,0,0,S,4,1,357546,61,2013,48,28.25,24.99
63042,Historical,754610,0,0,S,5,1,432995,95,2011,28,65.79,60.48
63043,Historical,625221,0,0,S,3,1,112734,79.99,2011,25,17.78,48.34
63044,Historical,635578,0,0,S,2,1,23625,99.95,2013,122,33.88,23.97
63046,Historical,531888,0,0,S,2,1,73887,69.99,2007,46,29.19,34.93
63047,Historical,1981732,0,0,S,0,0,312970,20.39,2013,11,21.83,19
63048,Historical,620839,0,0,S,3,1,56241,79.95,2007,49,45.13,55.23
63049,Historical,2429089,0,0,S,0,0,397981,63,1995,23,33.98,48.12
63051,Historical,637887,0,0,S,3,1,240216,43.95,2011,26,26.75,35.8
63053,Historical,639801,0,0,S,3,1,248711,69,2012,18,20.33,46.28
63054,Historical,677023,0,0,S,4,1,25604,24.95,2009,52,0,0
63055,Historical,652503,0,0,S,3,1,257539,52,2012,69,42.13,38.28
63058,Historical,1634361,0,0,S,4,1,279459,17.95,2007,41,0,41.97
63059,Historical,273569,0,0,S,3,1,8648,39.95,2011,77,19.51,22.33
63060,Historical,143013,0,0,S,3,1,1701351,199,2006,28,0,72.93
63061,Historical,173921,0,0,S,2,1,987709,74.99,2004,19,26.98,27.8
63062,Historical,478878,0,0,S,2,1,873957,184.99,2009,29,56.84,71.58
63063,Historical,1456187,0,0,S,5,1,71602,49.99,2015,17,0,29.94
63064,Historical,665414,0,0,S,2,1,45776,45,2012,26,0,0
63065,Historical,657300,1,1,S,1,0,414855,132.95,2012,21,21.38,94.61
63066,Historical,1724501,0,0,S,0,0,21521,125,2013,14,0,79.98
63067,Historical,593256,0,0,S,1,0,542279,107.95,2009,24,0,48.1
63068,Historical,542009,0,0,S,4,1,65159,56.95,2006,101,5.19,38.6
63069,Historical,169323,0,0,S,4,1,81402,84.95,2007,68,5.19,77.23
63070,Historical,113182,0,0,S,2,1,255922,89.95,2010,31,8.93,43.98
63071,Historical,613470,0,0,S,3,1,1114917,74,2005,61,100.73,7.8
63072,Historical,531879,0,0,S,2,1,131399,67,2009,63,44.94,54.78
63073,Historical,622748,0,0,S,3,1,217124,193,2006,79,16.87,23.98
63075,Historical,619775,0,0,S,2,1,4233,56,2011,111,35.99,34.89
63076,Historical,162433,0,0,S,2,1,174061,95,2008,28,48.18,74.81
63077,Historical,628788,0,0,S,2,1,53478,69.99,2008,24,43.66,53.62
63078,Historical,1539689,0,0,S,1,0,1076215,52.95,2008,14,0,39.69
63079,Historical,2128945,0,0,S,2,1,2247973,57,2010,41,48.16,35.96
63080,Historical,121534,0,0,S,4,1,630963,171.2,2001,29,0,0
63081,Historical,601375,0,0,S,1,0,683015,69.95,2008,20,0,53.42
63082,Historical,2131777,0,0,S,1,0,389548,79.95,2014,18,282.73,62.45
63083,Historical,531877,0,0,S,2,1,138264,61,2011,23,44.98,51.56
63084,Historical,51425,0,0,S,3,1,3003419,109.95,2002,51,64.99,4
63085,Historical,2264678,0,0,S,3,1,556952,126.25,2010,27,49.95,74.17
63086,Historical,541406,0,0,S,6,1,158902,78.95,2013,54,44.99,55.99
63087,Historical,261329,0,0,S,2,1,115573,87,2001,45,48.38,58.9
63088,Historical,748626,0,0,S,2,1,2636421,78.95,2007,17,103.99,51.1
63089,Historical,261343,0,0,S,1,0,354889,45,2001,63,13.64,32.67
63091,Historical,268444,0,0,S,2,1,513374,50,2006,37,5.29,38.89
63092,Historical,908167,0,0,S,2,1,1682610,107,2006,27,18.02,18.84
63093,Historical,890863,0,0,S,2,1,812406,39.95,2014,12,0,29.73
63094,Historical,912672,0,0,S,2,1,629686,85,2005,25,10.44,23.99
63095,Historical,133050,0,0,S,2,1,430530,96.8,2010,36,72.99,602.99
63096,Historical,796886,0,0,S,0,0,214238,35,2007,254,0,8.74
63097,Historical,2573092,0,0,S,2,1,6507846,125,1991,14,88.98,62.1
63098,Historical,1544575,0,0,S,2,1,990819,53.95,2013,29,40.69,35.71
63099,Historical,867392,0,0,S,2,1,254202,45,2014,14,33.7,37.28
63100,Historical,660457,0,0,S,1,0,348454,49.95,2006,18,0,41.25
63101,Historical,624422,0,0,S,2,1,329151,46,2007,37,29.33,24.8
63102,Historical,107243,0,0,S,5,1,58610,67.16,2001,44,6.52,43.47
63103,Historical,268303,0,0,S,2,1,132819,69,2010,70,59,68.31
63104,Historical,859369,0,0,S,2,1,1149643,80,2006,25,8.33,24.98
63107,Historical,3066124,0,0,S,0,0,928279,24.95,2004,53,43.69,72.4
63108,Historical,1918304,0,0,S,15,1,209499,47.99,2015,19,29.97,30.22
63109,Historical,652611,0,0,S,6,1,428305,48,2012,14,0,47.54
63110,Historical,342980,0,0,S,3,1,596345,165,2003,26,15,78.13
63111,Historical,655449,0,0,S,5,1,326847,55,2012,30,44.42,54.47
63112,Historical,609709,0,0,S,6,1,813084,24.95,2004,24,48.93,24.94
63113,Historical,254074,0,0,S,10,1,388615,300.95,2010,25,7.98,19.27
63114,Historical,112082,0,0,S,2,1,1360204,249.67,2011,28,0,73.41
63115,Historical,866711,0,0,S,14,1,644378,139.68,2014,25,63.98,71.99
63116,Historical,576776,1,3,S,5,1,27028,71.94,2010,23,0,73.99
63117,Historical,715842,0,0,S,12,1,1357708,108.4,2012,35,0,0
63118,Historical,561884,0,0,S,18,1,2788822,179.95,2004,46,53.15,8.99
63119,Historical,60190,0,0,S,19,1,1376867,194.95,2007,60,53.15,9.95
63120,Historical,544652,1,4,S,21,1,96564,217.95,2013,98,8.47,15.95
63121,Historical,178910,1,1,S,20,1,882826,231.95,2010,58,8.47,36.49
63122,Historical,60191,0,0,S,19,1,1179472,222.95,2007,26,8.47,12.99
63123,Historical,1455588,0,0,S,13,1,1075921,108.8,2015,21,0,53.99
63124,Historical,625214,1,1,S,13,1,1339231,261.51,2011,27,0,401.14
63125,Historical,111496,0,0,S,13,1,207112,240,2011,46,63.98,49.99
63126,Historical,531863,0,0,S,12,1,871917,18.99,2008,51,63.98,53.99
63127,Historical,875830,0,0,S,21,1,1345989,291.95,2013,7,6.94,286.12
63128,Historical,54256,0,0,S,18,1,3415562,172.95,2004,47,6.94,9.47
63129,Historical,54257,0,0,S,19,1,1112131,223.95,2007,83,6.94,13.99
63130,Historical,904303,0,0,S,2,1,1097818,213,2010,22,0,105.4
63131,Historical,111241,0,0,S,2,1,311832,282.75,2010,56,0,68.56
63132,Historical,767026,1,1,S,10,1,1349291,106.95,2010,55,63.98,48.39
63133,Historical,619766,0,0,S,9,1,747954,152,2011,46,121.67,16.94
63134,Historical,116521,0,0,S,7,1,1195920,130.67,2004,98,121.67,10.94
63135,Historical,873422,0,0,S,6,1,1120950,168.67,2014,29,97.47,40.73
63136,Historical,612322,1,10,S,6,1,285867,178.67,2013,23,88.98,134.99
63137,Historical,860307,0,0,S,4,1,503957,152,2011,39,110.48,11.88
63138,Historical,111266,1,2,S,9,1,145445,135.8,2010,53,31.82,59.99
63139,Historical,51751,1,1,S,4,1,1229373,369.95,2003,98,143.83,13.94
63140,Historical,915714,0,0,S,8,1,613272,6.67,2008,38,121.67,8.99
63141,Historical,146423,0,0,S,2,1,1774035,219.33,2010,23,217.04,93.99
63143,Historical,626928,0,0,S,6,1,343371,158.67,2012,44,88.98,29.77
63144,Historical,895133,0,0,S,11,1,601899,178.67,2012,38,83.99,156
63145,Historical,587880,0,0,S,2,1,12756,299.95,2012,72,81.82,72.99
63146,Historical,600342,0,0,S,6,1,83488,140.25,2011,36,64.55,90.48
63147,Historical,51811,0,0,S,4,1,3026641,32.41,2001,33,104.72,26.76
63148,Historical,176732,0,0,S,5,1,559221,334.95,2002,44,0,129.89
63149,Historical,183729,0,0,S,1,0,38450,231.95,2012,33,26.94,68.94
63150,Historical,177148,0,0,S,5,1,3591083,122.95,2001,20,93.99,9.49
63151,Historical,879726,0,0,S,5,1,182207,158.67,2015,36,110.48,83.52
63152,Historical,626221,0,0,S,2,1,1093870,36.4,2011,33,0,5.59
63153,Historical,603200,1,7,S,2,1,305850,14.78,2008,127,79.9,8.84
63154,Historical,2264345,0,0,S,4,1,1799646,76.97,2011,51,159.25,42.55
63155,Historical,169681,0,0,S,1,0,231097,254.95,2010,78,0,21.5
63156,Historical,51326,0,0,S,5,1,141392,316.95,2005,91,19.01,15.68
63157,Historical,51325,0,0,S,4,1,1573675,301.95,2002,68,19.01,17.97
63158,Historical,106131,0,0,S,1,0,572648,20,2004,136,13.97,8.92
63159,Historical,540732,0,0,S,4,1,25073,179.8,2012,172,33.42,32.78
63160,Historical,879148,0,0,S,4,1,847217,122.67,2012,26,33.42,16.93
63161,Historical,120944,0,0,S,8,1,1079937,128,2007,56,4.77,27.04
63162,Historical,629085,0,0,S,1,0,86100,197.75,2013,25,0,103.97
63163,Historical,129962,0,0,S,2,1,4033122,86,2001,66,43.99,9.39
63164,Historical,110972,0,0,S,3,1,434109,243.75,2008,57,31.82,50.9
63165,Historical,291534,0,0,S,8,1,2715905,295.95,2003,36,59.98,6.74
63166,Historical,616854,0,0,S,4,1,556503,152,2012,45,40.17,28.99
63167,Historical,633804,0,0,S,4,1,792921,178.67,2012,48,40.17,141.19
63168,Historical,531847,0,0,S,3,1,577598,57,2012,35,39.69,45.55
63169,Historical,877704,1,1,S,5,1,204099,158.67,2012,41,98.99,38.99
63170,Historical,675508,0,0,S,0,0,395610,24.95,2012,85,13.2,8.98
63171,Historical,917725,0,0,S,7,1,4328885,106.08,1997,23,4,20.95
63172,Historical,552652,0,0,S,2,1,12324,168.2,2007,69,49.98,86.95
63173,Historical,625490,0,0,S,2,1,242188,116.6,2000,47,24.55,93.32
63174,Historical,434994,0,0,S,12,1,1174867,137.33,2010,34,110.99,42.33
63175,Historical,169238,0,0,S,7,1,626755,268.95,2007,47,15.4,53.99
63176,Historical,182717,0,0,S,1,0,538687,56.95,2004,39,0,24
63177,Historical,880587,1,1,S,10,1,682827,199.95,2014,54,146.99,76.77
63178,Historical,60194,0,0,S,6,1,1159470,283.95,2003,79,146.99,15.39
63179,Historical,917903,1,2,S,3,1,458376,196.93,2014,51,178.97,53.94
63180,Historical,435109,0,0,S,2,1,456999,289.6,2012,22,138.97,124.82
63181,Historical,716526,0,0,S,3,1,433944,40,1997,40,0,47.94
63183,Historical,579481,0,0,S,8,1,1161854,242.4,2006,58,174.23,69.68
63184,Historical,764022,0,0,S,2,1,498993,261.95,2000,57,6.95,58.36
63186,Historical,651295,1,1,S,2,1,852388,168,2012,28,0,0
63187,Historical,1574711,0,0,S,8,1,274577,105.95,2008,61,19.99,16.43
63188,Historical,543376,0,0,S,9,1,490568,95.95,2011,33,19.99,38.84
63189,Historical,579403,0,0,S,0,0,809661,136,2006,50,117.05,16.38
63190,Historical,109291,0,0,S,2,1,4122542,17.99,2007,11,53.82,83.87
63192,Historical,878893,0,0,S,12,1,242741,82,2012,28,43.83,85.34
63193,Historical,739618,0,0,S,9,1,5791389,76,2003,22,43.83,23.97
63195,Historical,543842,0,0,S,3,1,958764,78.95,2012,30,62.26,39.69
63196,Historical,543843,0,0,S,3,1,1037312,78.95,2012,24,0,52.99
63197,Historical,300461,1,1,S,3,1,450076,14.99,2011,95,0,0
63198,Historical,644627,0,0,S,2,1,315534,48,2012,16,35.97,37.94
63199,Historical,1559054,0,0,S,1,0,89543,47.95,2012,10,0,37.88
63200,Historical,531840,0,0,S,3,1,59144,47.8,2012,42,9.19,36.67
63201,Historical,133175,0,0,S,3,1,543702,55.6,2010,29,34.1,44.23
63202,Historical,557674,0,0,S,3,1,530347,56,2013,29,4.6,22.97
63203,Historical,848219,0,0,S,3,1,2443296,101.16,1997,30,51.94,15.99
63204,Historical,766821,0,0,S,10,1,631882,136.95,1998,17,13.05,73.98
63205,Historical,909498,0,0,S,5,1,3119495,54.67,2007,18,5.98,78.33
63206,Historical,609840,1,1,S,9,1,7470,150,2013,152,68.99,63.94
63207,Historical,550174,0,0,S,6,1,1731615,54.38,2004,18,122.86,56.98
63208,Historical,1433804,0,0,S,8,1,223070,55,2013,7,0,41.66
63209,Historical,630528,0,0,S,9,1,77543,55,2012,32,37.37,28.62
63210,Historical,1542101,0,0,S,3,1,1327847,41.95,2010,25,134.42,180.77
63212,Historical,1545711,0,0,S,3,1,2114125,78.95,2011,17,148.07,78.95
63213,Historical,1541178,0,0,S,3,1,1094120,35.95,2009,14,22.97,101.32
63214,Historical,1542100,0,0,S,2,1,946326,43.95,2011,14,26.54,43.95
63215,Historical,2538270,0,0,S,2,1,1202404,35.95,2001,44,21.89,50.17
63216,Historical,157745,0,0,S,6,1,221154,59.95,2010,47,61.46,47.89
63217,Historical,2338767,0,0,S,4,1,2049805,48.8,1992,33,61.46,23.54
63218,Historical,866980,0,0,S,9,1,99985,54.95,2014,41,55.42,45.12
63220,Historical,126462,0,0,S,5,1,1765656,46.95,2003,66,55.42,6.98
63221,Historical,555397,0,0,S,1,0,251327,39.95,1999,57,21.24,42.44
63222,Historical,684813,0,0,S,2,1,29595,35,2012,53,23.97,24.29
63223,Historical,637070,0,0,S,1,0,203814,90,2010,17,0,0
63225,Historical,538297,0,0,S,7,1,8505,99,2013,41,60.99,50.18
63226,Historical,531829,0,0,S,3,1,261487,93,2011,43,28.51,56.39
63227,Historical,531827,0,0,S,2,1,500621,49.99,2008,19,31.64,34.99
63228,Historical,224499,0,0,S,2,1,2430652,59.95,1997,27,11.71,37
63229,Historical,105891,0,0,S,3,1,1185318,67.95,2003,33,11.71,85.41
63230,Historical,659975,0,0,S,2,1,2306273,200,1994,16,279.99,63.63
63231,Historical,56733,0,0,S,3,1,1588994,64.95,2002,34,23.29,17.99
63232,Historical,701867,0,0,S,2,1,1086325,175,2011,19,22.43,33.85
63233,Historical,2681255,0,0,S,2,1,1488053,44.95,1996,18,37.72,66.59
63234,Historical,534758,0,0,S,6,1,130415,85.99,2013,50,47.73,52.99
63235,Historical,297717,0,0,S,8,1,108230,0,2009,15,47.98,48.99
63236,Historical,2351093,0,0,S,5,1,3144573,160,2016,0,67.19,152.15
63237,Historical,531818,0,0,S,3,1,465768,106.99,2012,41,65.98,67.98
63238,Historical,621459,0,0,S,2,1,1054355,129.6,2003,51,3.85,45.35
63239,Historical,655087,0,0,S,2,1,95996,79.99,2013,24,48.18,48.78
63240,Historical,872647,0,0,S,1,0,116886,49.95,1983,125,34.24,14.7
63241,Historical,164744,0,0,S,1,0,342444,85,1996,55,0,38.94
63242,Historical,192846,0,0,S,2,1,1256818,63.95,2001,75,23.65,10.29
63243,Historical,900649,0,0,S,1,0,766364,24.95,2006,15,18.94,70.46
63244,Historical,888471,0,0,S,7,1,4848138,75.95,2009,9,98.78,32.15
63245,Historical,163205,0,0,S,2,1,1113258,86,2011,14,0,58.23
63246,Historical,833697,0,0,S,6,1,668144,125,2000,29,8.99,36.28
63247,Historical,654634,0,0,S,5,1,1352287,89.95,2012,21,92.61,54.26
63248,Historical,152503,0,0,S,2,1,209802,54.95,2008,38,18.41,28
63250,Historical,603747,0,0,S,4,1,2093236,109,2006,24,77.82,74.79
63252,Historical,598405,0,0,S,2,1,43331,18.99,2005,59,0,0
63253,Historical,550038,0,0,S,7,1,86321,68.89,2003,31,0,68.94
63255,Historical,564326,0,0,S,0,0,564611,51.95,1994,80,20.57,37.46
63257,Historical,2105391,0,0,S,0,0,439692,56,2014,39,15.82,303.17
63258,Historical,106865,0,0,S,5,1,59508,59,2011,51,26.26,33.85
63259,Historical,1460160,0,0,S,4,1,759210,132,2010,19,105.47,53.32
63260,Historical,657032,0,0,S,2,1,1256292,48,2010,11,0,48
63261,Historical,637132,0,0,S,2,1,708713,151,2009,33,0,96.98
63262,Historical,2169579,0,0,S,0,0,1021903,166.95,2015,20,0,117.59
63263,Historical,620900,0,0,S,3,1,883078,164,2002,43,30.59,83.95
63264,Historical,907272,0,0,S,1,0,1371828,94.99,2006,11,0,141.88
63265,Historical,644206,0,0,S,1,0,981105,75,2003,23,0,32.18
63266,Historical,752746,0,0,S,6,1,1707093,39.95,2010,9,400,53.71
63267,Historical,2326887,0,0,S,0,0,265103,9.99,2003,60,23.99,6.72
63269,Historical,607355,0,0,S,4,1,3637621,55.8,2003,57,52.99,6.58
63270,Historical,610332,0,0,S,3,1,82241,67.95,2013,66,39.28,44.78
63271,Historical,2679779,0,0,S,2,1,956306,48,1994,20,73.62,48.33
63272,Historical,918325,0,0,S,1,0,1142656,12,2012,32,0,5.82
63273,Historical,680276,0,0,S,0,0,31131,34.95,2009,43,14.13,18.28
63274,Historical,613082,0,0,S,1,0,313388,70,1999,145,14.13,10.79
63275,Historical,2344821,0,0,S,4,1,9853235,29.95,1996,23,0,39.75
63276,Historical,106740,0,0,S,6,1,270388,64,2009,76,34.44,56.64
63277,Historical,141900,0,0,S,5,1,1245824,22.49,2008,29,40.34,38.98
63279,Historical,120387,0,0,S,2,1,158042,66.27,1997,88,53.98,53.99
63280,Historical,178114,0,0,S,11,1,1984308,165.95,2004,106,109.44,4.21
63281,Historical,619744,0,0,S,12,1,112036,110.67,2012,39,65.37,102.07
63282,Historical,51822,1,1,S,7,1,3492262,70.31,2001,40,73.99,21.76
63283,Historical,561397,0,0,S,2,1,221779,54.99,2010,40,26.99,31.86
63284,Historical,2618515,1,3,S,2,1,170775,74.95,1992,50,11.24,29.57
63285,Historical,259355,0,0,S,0,0,693965,66.64,2001,35,10.33,48.42
63286,Historical,647565,0,0,S,2,1,2152706,80,2010,36,4.98,4.99
63287,Historical,618255,1,1,S,1,0,46286,164.4,2010,28,0,133.99
63288,Historical,178845,1,1,S,3,1,2045540,144.95,2005,47,5.97,32.92
63289,Historical,861255,0,0,S,2,1,1278797,51,2013,26,38.84,32
63290,Historical,173949,0,0,S,2,1,421527,35.75,2004,65,21.98,33.71
63291,Historical,126822,1,4,S,3,1,198744,114.95,2005,47,62.93,72.21
63292,Historical,875263,0,0,S,10,1,1391004,115.91,2010,36,80.32,72.68
63293,Historical,131578,1,1,S,7,1,1327355,73.4,2002,42,80.32,18.94
63294,Historical,725254,0,0,S,2,1,5587375,59.95,2009,21,64.03,59.94
63295,Historical,656228,0,0,S,1,0,1208344,39.95,2009,7,0,32.78
63296,Historical,641105,0,0,S,2,1,176668,59,2009,19,57.06,45.51
63297,Historical,893162,0,0,S,2,1,498489,64,2014,40,50.96,48.97
63298,Historical,620223,0,0,S,2,1,696411,40.5,2011,41,4,28.94
63299,Historical,630538,0,0,S,5,1,378851,107.33,2012,35,125.24,58.96
63300,Historical,920969,1,1,S,2,1,88514,95,2014,45,46.37,62.43
63301,Historical,212936,0,0,S,2,1,584863,57.95,2000,24,0,47.35
63302,Historical,542807,0,0,S,2,1,885401,62.23,2010,22,99.99,113.15
63303,Historical,248153,0,0,S,2,1,100114,72,2010,51,19.48,49.03
63304,Historical,919768,0,0,S,0,0,188660,0,2014,23,67.63,43.99
63307,Historical,629534,0,0,S,2,1,560532,43.95,2008,26,14.97,39.72
63308,Historical,659940,0,0,S,2,1,352336,72,2013,33,55.98,75.6
63309,Historical,877480,0,0,S,3,1,623740,38,2008,31,125.24,87.42
63310,Historical,661202,1,1,S,1,0,72379,117.4,2010,41,0,67.77
63311,Historical,557610,0,0,S,1,0,377333,112.07,2010,22,0,148.46
63312,Historical,867973,0,0,S,3,1,893315,59.95,2013,29,11.38,50.64
63313,Historical,133459,0,0,S,2,1,991064,119.6,2011,32,31.49,69.99
63316,Historical,262674,1,1,S,8,1,318965,67.95,2005,51,8.88,33.99
63318,Historical,182627,0,0,S,8,1,715261,246.95,2001,65,4.55,31.09
63319,Historical,147099,0,0,S,5,1,3630071,44.95,2003,39,19.06,11.89
63321,Historical,144315,0,0,S,3,1,377377,200.4,2002,69,4,51.4
63322,Historical,169379,1,1,S,7,1,55972,140.95,2009,38,28.51,53.93
63323,Historical,593921,0,0,S,2,1,1094580,72.95,2009,37,39.21,45.85
63324,Historical,118679,0,0,S,3,1,1049410,91.2,2006,37,9.1,23.8
63325,Historical,200398,1,1,S,2,1,211537,99.95,2008,47,59.9,44.77
63327,Historical,766237,0,0,S,5,1,742182,88.95,2004,29,13.83,54.4
63328,Historical,661933,0,0,S,3,1,1007660,58.95,2009,14,3.85,44.04
63329,Historical,531800,0,0,S,6,1,488923,59.99,2011,42,18.58,38.87
63331,Historical,3634061,0,0,S,2,1,1490050,42,2016,10,0,27.69
63332,Historical,105315,0,0,S,4,1,5566450,55.61,2001,10,105.47,47.44
63333,Historical,551922,0,0,S,2,1,192931,245.2,2001,33,39.36,63.99
63334,Historical,108667,0,0,S,2,1,453531,422.63,2004,25,152.37,134.6
63335,Historical,618337,0,0,S,5,1,472360,178.6,2000,61,85.48,73.99
63336,Historical,177604,0,0,S,3,1,35653,220.95,2003,63,53.89,45.7
63337,Historical,534344,0,0,S,8,1,4720683,68.75,2004,35,61.51,8.74
63339,Historical,174791,0,0,S,1,0,121142,49.99,1999,50,24.99,39.7
63340,Historical,924277,0,0,S,6,1,6870,110,2014,70,78.98,65.76
63341,Historical,534684,1,1,S,5,1,28643,116,2012,77,45.99,71.98
63342,Historical,546785,0,0,S,8,1,13225,116,2013,102,28.94,63.89
63343,Historical,543477,1,1,S,3,1,694641,158.95,2000,52,4.02,38.39
63344,Historical,867617,0,0,S,7,1,23810,76.99,2014,49,47.89,45.19
63345,Historical,660874,0,0,S,2,1,459685,99,2013,43,46.11,58.31
63347,Historical,217735,0,0,S,2,1,570016,126.95,2004,45,39.04,92.8
63348,Historical,531795,0,0,S,4,1,2935109,81.95,2011,17,61.34,60.57
63349,Historical,131518,0,0,S,2,1,513365,134,2002,53,0,19.31
63350,Historical,649822,0,0,S,2,1,112656,115.95,2012,29,14.93,47.94
63351,Historical,620637,0,0,S,2,1,1167488,100.95,2003,43,31.66,48.19
63352,Historical,661114,0,0,S,2,1,177083,57.95,2011,36,49.59,36.57
63353,Historical,541580,0,0,S,2,1,60494,54.95,2012,35,29.02,40.34
63354,Historical,200057,0,0,S,2,1,1502167,126.95,2007,29,27.42,19.99
63355,Historical,534774,0,0,S,2,1,45133,174.95,2012,56,62.87,49.97
63356,Historical,60211,1,1,S,3,1,3782176,122.95,2002,39,132.99,22.98
63357,Historical,183718,1,1,S,4,1,3777569,151.95,2006,28,113.99,14.77
63358,Historical,580836,1,1,S,3,1,19644,32.95,2012,37,27.4,26.95
63359,Historical,287482,0,0,S,3,1,421131,141.2,1998,32,4.31,73.48
63360,Historical,127600,0,0,S,3,1,82181,75,2011,48,22.99,59.96
63361,Historical,1506518,0,0,S,3,1,1140437,43,2013,9,11.99,43
63362,Historical,775553,0,0,S,4,1,1865505,100,2003,16,47.49,53.99
63364,Historical,547123,0,0,S,4,1,1260547,183.95,2002,30,4.94,53.45
63365,Historical,545765,0,0,S,4,1,342498,112,2013,40,43.99,75.77
63366,Historical,177319,0,0,S,4,1,222403,250.95,2000,57,0,58.63
63367,Historical,545061,0,0,S,3,1,393952,73.95,2008,66,6.8,30.65
63368,Historical,639297,0,0,S,2,1,89410,80,2008,40,23.93,50.72
63369,Historical,183129,0,0,S,8,1,1516016,125.95,2004,44,0,11.1
63370,Historical,618098,0,0,S,2,1,1630955,64,2006,28,4.99,26.36
63371,Historical,640154,0,0,S,5,1,198177,127.4,2006,14,0,0
63372,Historical,717678,0,0,S,4,1,3820044,68.95,1999,36,123.43,5.94
63373,Historical,683026,0,0,S,0,0,106096,21.95,2013,26,0,16.49
63374,Historical,157048,0,0,S,2,1,1992260,88.95,2002,21,47.07,78.07
63375,Historical,253856,1,1,S,3,1,260793,107.95,2009,43,33.94,49.99
63376,Historical,1900781,0,0,S,3,1,374025,65.95,2009,13,43.06,46.19
63377,Historical,539225,0,0,S,6,1,57997,129.6,2012,43,47.54,84.99
63379,Historical,147730,0,0,S,8,1,274265,247.95,1999,27,94.03,196.85
63380,Historical,101378,0,0,S,2,1,199735,235.95,1997,21,8.88,57.99
63381,Historical,136780,0,0,S,2,1,115348,120,2003,35,0,75.15
63382,Historical,245058,0,0,S,2,1,1298864,256.95,2004,53,59.26,12.99
63383,Historical,254511,0,0,S,1,0,184656,130.95,2011,53,32.07,53.38
63384,Historical,574791,0,0,S,3,1,330582,87,2010,19,0,39.6
63385,Historical,142882,0,0,S,3,1,1068750,213,2006,33,4.5,70.77
63386,Historical,917247,0,0,S,4,1,48284,89.99,2014,49,45.39,44.97
63387,Historical,110616,1,1,S,3,1,138312,43.99,2007,76,5.94,43.99
63388,Historical,621908,0,0,S,2,1,452457,160.95,2012,50,40.67,56.19
63389,Historical,177817,1,3,S,10,1,994465,195.95,2005,39,4.98,19.92
63390,Historical,864599,0,0,S,32,1,1011305,59.75,2014,30,37.89,46.24
63391,Historical,561027,0,0,S,1,0,54330,126.4,2012,63,0,74.85
63392,Historical,538885,0,0,S,31,1,935059,13.45,2013,44,37.89,16.98
63393,Historical,608419,0,0,S,4,1,90156,107.95,2006,19,3.85,73.98
63394,Historical,175058,0,0,S,2,1,264103,39.99,2009,25,24.69,28.97
63395,Historical,704666,0,0,S,2,1,1392183,78.43,2004,51,5.94,12.9
63396,Historical,3479926,1,1,S,2,1,182939,89.95,2015,47,0,56.93
63397,Historical,607929,0,0,S,8,1,1626754,112.6,2005,55,112.85,13.99
63398,Historical,606920,1,1,S,3,1,1670015,72.19,2001,24,103.85,43.99
63399,Historical,911870,0,0,S,4,1,202039,44,2014,28,28.43,25.17
63400,Historical,182779,0,0,S,7,1,459660,230.95,2003,60,13.98,61.3
63401,Historical,279158,0,0,S,2,1,180341,69,2010,23,0,56.55
63403,Historical,177858,0,0,S,6,1,137366,307.95,2004,52,10.04,58.51
63405,Historical,698858,0,0,S,9,1,1136556,44.18,2007,23,124.19,51.94
63406,Historical,622437,0,0,S,1,0,1831849,73,2003,26,32.1,59.93
63407,Historical,317056,0,0,S,7,1,3366219,100,1996,28,35.56,9.44
63408,Historical,113560,0,0,S,9,1,2316588,136.67,2002,26,35.56,14
63409,Historical,116856,0,0,S,10,1,223025,291,2005,93,35.56,43.92
63410,Historical,618975,0,0,S,2,1,306084,39.95,2009,17,0,37.19
63411,Historical,245223,0,0,S,4,1,1689838,167.95,2006,32,15.25,56.17
63412,Historical,2124131,0,0,S,3,1,124628,65,2015,12,0,39.94
63413,Historical,125880,0,0,S,1,0,822755,57.95,1998,39,0,49.8
63415,Historical,2156176,0,0,S,2,1,115699,24.95,2006,45,33.95,9.58
63416,Historical,866301,0,0,S,4,1,110542,77.6,2014,51,41.31,48.99
63417,Historical,664240,0,0,S,7,1,286263,80,2013,23,34.01,67.3
63418,Historical,255799,0,0,S,3,1,971425,71.95,2008,17,50.59,55.65
63419,Historical,862350,1,2,S,5,1,1962,65,2014,43,30.95,31.95
63420,Historical,230556,0,0,S,0,0,846396,29.95,2008,40,21.7,23.49
63421,Historical,416281,0,0,S,5,1,3298837,121.1,2001,25,15.97,9.99
63422,Historical,702240,0,0,S,3,1,1236341,40,2011,9,0,0
63423,Historical,702174,0,0,S,5,1,1083148,40,2011,23,18.71,77.95
63424,Historical,609755,0,0,S,3,1,2322324,39.95,2004,38,21.99,6.23
63425,Historical,609933,0,0,S,7,1,160053,44.99,2012,32,21.99,28.99
63426,Historical,619425,1,1,S,0,0,58089,35,2005,110,18.98,10.01
63427,Historical,702202,0,0,S,3,1,92076,40,2011,17,0,0
63428,Historical,162573,0,0,S,3,1,563180,34.99,2008,37,21.51,116.11
63429,Historical,702232,0,0,S,4,1,500121,46,2011,17,25.39,19.88
63430,Historical,3508635,0,0,S,3,1,437483,130.11,2003,10,0,67.13
63431,Historical,702095,0,0,S,2,1,571581,46,2011,10,0,0
63432,Historical,701809,0,0,S,3,1,1063189,35,2011,8,36.93,23.34
63433,Historical,166607,0,0,S,2,1,49365,32.95,2004,44,21.98,21.27
63434,Historical,916543,0,0,S,2,1,929386,58.99,2007,58,12.84,38.5
63435,Historical,212921,0,0,S,2,1,895880,45.95,2000,40,8.74,25.74
63436,Historical,892909,0,0,S,5,1,204817,44.95,2015,14,31.29,29.08
63437,Historical,298343,0,0,S,3,1,2109496,34.99,2007,27,8.98,7.92
63438,Historical,258463,0,0,S,2,1,90142,120,2009,28,24.22,76.92
63439,Historical,194213,0,0,S,2,1,107077,44,2011,30,23.99,30.68
63440,Historical,270379,0,0,S,2,1,50921,39.95,2011,41,21.98,22.58
63442,Historical,702176,0,0,S,2,1,566147,40,2011,13,0,0
63443,Historical,267833,0,0,S,3,1,107269,19.95,2005,82,4.05,12.85
63444,Historical,866313,0,0,S,2,1,978280,54.95,2014,21,44.46,36.41
63445,Historical,1489237,0,0,S,0,0,148227,16.43,2013,8,18.49,15.71
63446,Historical,860030,0,0,S,1,0,467106,49.99,2010,14,0,90.94
63447,Historical,702187,0,0,S,5,1,1540895,40,2011,21,0,20.77
63448,Historical,865397,0,0,S,3,1,459540,49.99,2010,20,0,33.8
63449,Historical,615327,0,0,S,2,1,21202,75,2002,48,23.97,40.75
63450,Historical,702008,0,0,S,2,1,796687,46,2010,14,0,80.69
63451,Historical,194158,0,0,S,2,1,434849,69,2009,26,30.59,43.97
63452,Historical,1467447,0,0,S,2,1,953739,39,2014,14,0,33.99
63453,Historical,782189,0,0,S,3,1,361412,59.99,2011,26,27.78,45.68
63454,Historical,538451,0,0,S,2,1,503800,34.01,2011,62,11.44,23.51
63455,Historical,772015,0,0,S,8,1,91591,34.76,2007,24,53.98,93.51
63456,Historical,861258,0,0,S,1,0,64016,39.99,2010,32,0,19.48
63457,Historical,1436822,0,0,S,4,1,374455,40,2011,14,21.11,35.72
63458,Historical,702119,0,0,S,2,1,602727,40,2011,10,0,0
63459,Historical,861964,0,0,S,5,1,174931,59.99,2010,13,44.11,39.18
63460,Historical,699927,0,0,S,1,0,1675331,72,2001,17,63.94,59.45
63461,Historical,894016,0,0,S,0,0,4462110,31.89,2009,16,25.96,31.49
63462,Historical,615115,1,1,S,0,0,16409,165,2006,43,0,92.28
63463,Historical,702194,0,0,S,2,1,1557436,46,2011,2,0,0
63464,Historical,254366,0,0,S,3,1,99932,74.95,2010,35,53.99,47.17
63465,Historical,2330436,0,0,S,2,1,3221245,0,1966,15,46.34,132.01
63466,Historical,630282,0,0,S,4,1,476716,89.95,2003,44,43.98,65.51
63467,Historical,648327,0,0,S,2,1,455246,79.95,2001,24,87.11,62.9
63469,Historical,628093,0,0,S,3,1,632141,116.6,2004,39,33.93,92.83
63470,Historical,719320,0,0,S,1,0,298380,35,2009,48,0,18.31
63471,Historical,2044937,0,0,S,0,0,471130,45.99,2007,17,0,45.99
63472,Historical,641171,0,0,S,2,1,1137814,164.99,2012,19,87.49,12.49
63473,Historical,774899,0,0,S,3,1,3567006,249,2001,12,103.98,110.3
63474,Historical,540054,0,0,S,2,1,149679,111.4,2012,61,42.99,72.99
63475,Historical,145424,0,0,S,2,1,706965,111.6,2006,50,6.99,37.77
63476,Historical,800102,0,0,S,2,1,412768,66,2006,22,34.24,44.57
63477,Historical,764670,0,0,S,1,0,696149,82.95,2005,24,0,65.6
63478,Historical,144960,0,0,S,7,1,1309447,79.2,2005,32,40.65,51.69
63479,Historical,670466,0,0,S,7,1,115780,47.48,2005,15,68.61,47.48
63480,Historical,582843,0,0,S,3,1,613114,56.95,2001,31,11.39,18.99
63481,Historical,265160,0,0,S,3,1,623078,121,2009,32,21.57,28.16
63482,Historical,620341,1,1,S,1,0,245524,62.4,2005,33,0,37.87
63483,Historical,569776,0,0,S,3,1,1142216,111.95,2002,29,133.2,9.91
63484,Historical,555838,0,0,S,2,1,121800,65.95,2006,28,16.02,20.81
63485,Historical,2970241,0,0,S,3,1,182698,45,2015,22,31.9,29.88
63486,Historical,1729879,0,0,S,0,0,541922,29.95,2007,55,42.93,6.71
63487,Historical,1942281,0,0,S,3,1,1187154,38,2013,46,8.09,12.49
63488,Historical,2084817,0,0,S,2,1,94768,19.95,2011,37,0,14.31
63489,Historical,245087,0,0,S,2,1,729931,108.95,2003,25,64.48,102.11
63491,Historical,609495,0,0,S,6,1,908536,46.95,2007,33,34.66,32.78
63492,Historical,545602,1,1,S,2,1,80115,84.95,2012,94,57.58,31.52
63493,Historical,1752689,0,0,S,2,1,14529,52.75,2012,9,0,28.95
63494,Historical,531720,0,0,S,2,1,68182,123.6,2012,83,5.75,38.72
63495,Historical,254487,0,0,S,3,1,80896,103.95,2010,28,0,63.96
63496,Historical,634678,0,0,S,4,1,487465,105.95,2010,32,48.98,73.97
63497,Historical,52865,0,0,S,2,1,1686459,138.95,2002,80,73.62,13.99
63498,Historical,527008,0,0,S,2,1,12883,69.2,2011,70,32.98,44.94
63499,Historical,2011349,1,4,S,17,1,16247,63.99,2013,19,0,98.98
63500,Historical,534752,0,0,S,8,1,247220,75.99,2012,39,20.24,36.23
63501,Historical,545679,0,0,S,8,1,448458,52.99,2012,32,27.09,9.64
63502,Historical,534037,0,0,S,3,1,2327627,72.95,2003,55,39.59,7.76
63503,Historical,639640,0,0,S,2,1,27796,68.8,2013,31,53.99,48.91
63504,Historical,865505,0,0,S,5,1,1889,67.99,2014,47,51.99,50.69
63505,Historical,3763443,0,0,S,2,1,354535,99.99,2016,0,0,94.99
63506,Historical,246511,0,0,S,3,1,453362,57.95,2010,64,28.95,34.44
63507,Historical,630005,0,0,S,4,1,679366,293.99,2011,22,5.95,28.99
63508,Historical,531712,0,0,S,3,1,170678,69.99,2012,48,28.49,26.35
63509,Historical,1688591,0,0,S,4,1,1146444,44.99,2009,37,4,10.75
63511,Historical,106980,0,0,S,5,1,665373,59.99,2003,81,27.35,6
63512,Historical,665166,0,0,S,2,1,944846,70,2013,13,0,34.58
63513,Historical,637643,0,0,S,2,1,547842,30,2012,30,8.98,16.98
63514,Historical,619123,0,0,S,7,1,1381768,49.99,2010,31,0,0
63515,Historical,531708,1,1,S,2,1,83865,69.99,2012,41,0,27.97
63516,Historical,206767,0,0,S,3,1,2817286,44.99,2007,27,25.88,13.98
63517,Historical,531706,0,0,S,6,1,15651,44.99,2012,92,25.88,19.99
63518,Historical,660654,0,0,S,1,0,332398,50,2013,54,29.29,25.54
63520,Historical,1781227,0,0,S,3,1,16527,59.99,2015,14,35.82,35.61
63522,Historical,868020,0,0,S,6,1,1982,60,2015,29,34.33,34.05
63523,Historical,881681,0,0,S,4,1,62483,99.97,2015,7,57.71,55.98
63524,Historical,871195,0,0,S,3,1,232984,90,2015,14,39.97,46.12
63525,Historical,294453,1,1,S,4,1,471727,44.99,2012,85,5.07,12.74
63526,Historical,206800,0,0,S,3,1,1505826,49.99,2009,44,5.07,8.73
63527,Historical,106875,1,1,S,3,1,179701,60,2011,24,29.67,25.58
63528,Historical,868018,0,0,S,4,1,8805,60,2014,24,29.67,34.17
63529,Historical,617841,0,0,S,0,0,2459056,69.99,2006,24,17.3,7.99
63530,Historical,1437552,0,0,S,2,1,126000,70,2014,13,38.99,35.69
63531,Historical,1437646,1,1,S,2,1,552598,50,2014,18,13.68,28.23
63532,Historical,1781103,0,0,S,3,1,319803,79.99,2014,14,39.05,43.84
63533,Historical,867405,0,0,S,6,1,15179,49.99,2014,34,28.21,30.54
63534,Historical,1688812,0,0,S,1,0,427049,80,2014,21,58.52,72.98
63535,Historical,625655,1,1,S,2,1,835375,79.99,2012,36,58.52,6.99
63537,Historical,2168830,0,0,S,3,1,2389,39.99,2014,104,30.46,27.06
63539,Historical,655514,0,0,S,1,0,284037,52.95,2011,20,0,29.62
63540,Historical,547291,0,0,S,3,1,513748,49.95,2008,44,37.71,35.96
63541,Historical,174680,0,0,S,2,1,354489,59.99,1998,43,24.96,30.98
63542,Historical,347316,0,0,S,2,1,1151264,79.99,2009,34,59.09,55.98
63546,Historical,110636,0,0,S,12,1,1494947,123.44,2010,29,0,88.99
63547,Historical,531696,0,0,S,16,1,822851,36.98,2012,28,151.59,42.98
63548,Historical,285712,0,0,S,5,1,16859,89.95,2011,82,43.84,40.57
63549,Historical,649537,0,0,S,3,1,628022,44,2013,33,38.53,30.57
63551,Historical,635700,0,0,S,1,0,235818,200.95,2012,31,61.99,150.33
63552,Historical,635577,1,3,S,1,0,36519,186.95,2013,70,61.99,70.3
63553,Historical,531690,0,0,S,4,1,1046431,129.95,2008,59,4,12.76
63554,Historical,531689,0,0,S,4,1,645845,143.95,2009,20,4.48,8.79
63555,Historical,57680,0,0,S,12,1,2721788,106.95,2009,27,111.68,15.73
63556,Historical,53839,0,0,S,13,1,2607551,143.95,2010,33,111.68,8.99
63558,Historical,52430,0,0,S,12,1,1151289,154.95,2008,65,163.11,31.19
63559,Historical,178950,0,0,S,8,1,1694356,64.95,2010,41,4.22,8.87
63560,Historical,531688,0,0,S,9,1,491178,62.95,2012,36,4.22,52.15
63561,Historical,551405,0,0,S,2,1,1413490,90.25,2009,33,9.99,16.99
63562,Historical,162206,0,0,S,6,1,1295949,169.5,2008,52,0,13.58
63563,Historical,264742,0,0,S,2,1,813867,49.99,2009,33,23.98,23.75
63564,Historical,114459,0,0,S,2,1,453630,52.8,2001,35,29.99,35.49
63565,Historical,539257,0,0,S,3,1,51214,110,2013,44,47.65,71.98
63566,Historical,633725,0,0,S,3,1,284200,99.99,2013,35,62.99,73.1
63567,Historical,647937,0,0,S,2,1,901691,65,2007,33,42.82,55.24
63568,Historical,116868,0,0,S,3,1,405462,204.4,2006,77,89.42,87.61
63569,Historical,618106,0,0,S,2,1,3064873,73,1994,22,5.74,20.63
63570,Historical,876753,0,0,S,5,1,753534,189.95,2014,30,57.98,113.99
63571,Historical,533291,0,0,S,4,1,477579,148.95,2012,26,57.98,90
63572,Historical,629310,0,0,S,2,1,1231588,80.4,2012,56,4,16.49
63573,Historical,860684,0,0,S,2,1,1263739,80.4,2012,45,6.98,16.2
63574,Historical,115285,0,0,S,3,1,706846,100,2001,46,109.99,7.98
63575,Historical,2226377,0,0,S,5,1,438968,15.53,2012,8,26.29,32.34
63576,Historical,873558,0,0,S,3,1,3635363,0,1996,28,91.99,65.71
63577,Historical,539000,0,0,S,5,1,20244,99.95,2011,40,55.79,43.99
63578,Historical,114329,0,0,S,6,1,2958870,108,2002,41,169.24,33.48
63580,Historical,177212,0,0,S,3,1,55864,238.95,2006,45,23.39,75.96
63581,Historical,636819,1,3,S,5,1,445860,149.95,2012,30,57.88,64.19
63582,Historical,2271165,0,0,S,5,1,1614952,132,2012,21,46.44,67.46
63583,Historical,340000,0,0,S,3,1,83762,62.95,2011,38,32.99,33.91
63584,Historical,321588,0,0,S,1,0,161221,99.99,2002,38,0,78.89
63586,Historical,285808,0,0,S,0,0,208042,149,2002,57,144.62,26.86
63587,Historical,313187,0,0,S,2,1,154514,180,2003,47,9.2,43.94
63588,Historical,129946,0,0,S,1,0,83435,179.4,2000,38,49.42,85.5
63590,Historical,115890,1,2,S,3,1,39699,213,2004,25,0,0
63591,Historical,788363,0,0,S,6,1,4207971,123.95,2003,18,106.49,8.89
63592,Historical,861261,0,0,S,4,1,686790,143,2013,22,83.43,58.99
63593,Historical,870947,0,0,S,11,1,2505984,77.33,2003,28,4.42,16.41
63594,Historical,119088,0,0,S,12,1,82816,183.6,2011,145,12.79,48.97
63595,Historical,118914,0,0,S,9,1,3014820,104.67,2007,54,4,4.58
63596,Historical,120190,0,0,S,11,1,1745380,122,2010,70,4,10.34
63597,Historical,119090,0,0,S,12,1,477882,159,2011,114,4,8.98
63598,Historical,607496,0,0,S,10,1,1773859,108.67,2008,54,4,13.52
63599,Historical,687259,0,0,S,2,1,780010,29.99,2013,24,25.74,24.43
63600,Historical,665252,0,0,S,4,1,723751,77.69,2011,31,0,0
63601,Historical,531669,0,0,S,12,1,1668926,101.33,2004,25,4.42,21.81
63602,Historical,126262,0,0,S,3,1,460141,49.95,2002,28,20.92,46.99
63603,Historical,55304,0,0,S,5,1,1421172,0,2006,69,132.46,7.52
63604,Historical,622657,0,0,S,4,1,77985,97.24,2010,67,9.36,14.98
63605,Historical,778938,0,0,S,3,1,1719090,65.99,2008,37,9.36,14.99
63606,Historical,531667,0,0,S,5,1,1207234,53.24,2007,29,4.55,47.95
63607,Historical,56853,0,0,S,21,1,2075363,6.74,2011,66,98.22,6.74
63608,Historical,254502,0,0,S,2,1,465990,207.95,2011,42,52.43,27.27
63609,Historical,865259,0,0,S,3,1,1012188,105.75,2013,18,0,90.64
63610,Historical,1569044,0,0,S,2,1,260791,243.27,2009,17,0,71.87
63611,Historical,293137,0,0,S,2,1,176996,72.95,2000,44,52.3,56.76
63612,Historical,56720,0,0,S,2,1,711018,30.95,2007,134,31.23,8.76
63613,Historical,533343,0,0,S,3,1,106662,35.95,2011,90,31.23,9.25
63614,Historical,128577,0,0,S,2,1,191131,65,1997,48,39.67,28.74
63615,Historical,298246,0,0,S,0,0,119966,36.95,2006,66,356.79,24.74
63616,Historical,610195,0,0,S,7,1,15745,45,2013,58,33.66,23.58
63617,Historical,874820,0,0,S,3,1,4081174,17.95,1998,26,33.66,31.67
63618,Historical,258438,0,0,S,2,1,353060,85,2008,29,33.99,33
63619,Historical,802219,0,0,S,3,1,273573,50.95,2005,27,5.43,20.48
63620,Historical,115418,0,0,S,2,1,583964,152.6,2001,41,4,47.01
63621,Historical,2573409,0,0,S,3,1,384848,272.25,1994,49,26.41,59.33
63622,Historical,286056,0,0,S,2,1,292546,139.87,2006,29,0,0
63623,Historical,592210,0,0,S,2,1,1809705,38.95,2003,65,28.98,11.99
63624,Historical,51317,0,0,S,3,1,339974,166.11,2005,81,13.92,63.99
63625,Historical,764064,0,0,S,2,1,2730746,107.95,2001,25,13.92,29.87
63626,Historical,264303,0,0,S,2,1,563872,74.99,2010,101,27.98,35.43
63627,Historical,129298,0,0,S,2,1,297045,55,2009,23,33.2,36.98
63628,Historical,146054,0,0,S,1,0,782056,199.67,2008,19,0,134.99
63629,Historical,145112,0,0,S,1,0,580276,150.67,2007,25,0,23.99
63630,Historical,146032,0,0,S,1,0,282681,211.2,2008,41,0,63.99
63631,Historical,57412,1,1,S,5,1,606713,81.95,2001,55,103.4,4.95
63632,Historical,60221,0,0,S,5,1,2259050,156.95,2004,49,71.99,10.38
63633,Historical,878081,0,0,S,11,1,996634,151,2014,41,146.55,93.97
63634,Historical,647249,0,0,S,0,0,476028,45,2011,24,25.38,31.51
63635,Historical,616740,0,0,S,4,1,70931,84.95,2009,76,48.98,59.2
63636,Historical,1589729,0,0,S,2,1,392275,69.99,2009,34,57.48,52.91
63637,Historical,114618,0,0,S,4,1,1214021,90.6,2004,46,7.97,15.61
63638,Historical,649907,0,0,S,5,1,152016,150.87,2011,23,42.93,57.15
63639,Historical,607852,0,0,S,2,1,1730786,104,2002,34,42.93,9.64
63640,Historical,917220,1,1,S,2,1,166278,155,2009,55,29.44,63.98
63641,Historical,531654,0,0,S,5,1,255126,77.6,2011,37,28.88,58
63642,Historical,614965,0,0,S,7,1,703940,109,1993,60,0,34.19
63643,Historical,53974,0,0,S,9,1,59269,117,2001,112,116.85,46.14
63644,Historical,613125,1,4,S,3,1,173654,25.94,2002,152,0,0
63645,Historical,613570,1,1,S,0,0,76278,127.25,2004,130,0,53.99
63646,Historical,614520,0,0,S,0,0,24923,123,2009,141,43.48,73.73
63647,Historical,613231,0,0,S,0,0,595309,95.85,1997,100,43.48,12.89
63648,Historical,117199,0,0,S,2,1,180600,46.8,2005,27,0,0
63649,Historical,651891,0,0,S,2,1,667407,46.95,2009,33,10.2,48.37
63650,Historical,133194,1,1,S,7,1,40030,146,2010,72,49.99,111.09
63651,Historical,255850,0,0,S,2,1,88805,29.95,2008,22,0,0
63652,Historical,828514,1,2,S,2,1,2305355,47.95,1984,19,39.89,45.63
63653,Historical,658402,0,0,S,4,1,166949,56,2011,30,47.75,39.9
63654,Historical,714108,0,0,S,3,1,3380754,51,2000,37,34.59,11.98
63655,Historical,1482700,0,0,S,6,1,1716782,59.33,2010,17,0,160.07
63656,Historical,641983,1,1,S,7,1,37929,97,2013,53,34.59,73.41
63657,Historical,145366,1,1,S,3,1,247886,106.2,2006,97,13.98,18.99
63658,Historical,1740374,0,0,S,1,0,674552,39.99,2014,7,0,35.91
63659,Historical,169571,0,0,S,3,1,262833,169.95,2006,53,14.61,52.35
63660,Historical,910137,1,1,S,3,1,72833,32,2015,18,0,26.49
63661,Historical,543716,0,0,S,3,1,53407,34.99,2012,43,19.11,24.97
63662,Historical,171940,0,0,S,0,0,1066106,52.95,2006,16,0,34.99
63663,Historical,184648,0,0,S,5,1,1347643,88,1999,31,27.14,39.98
63664,Historical,177735,1,3,S,8,1,274577,106.95,2002,109,88.82,33.97
63665,Historical,169778,0,0,S,10,1,323312,93.95,2007,36,18.71,39.48
63666,Historical,128437,0,0,S,11,1,1663332,32.95,2004,48,19.98,8.98
63667,Historical,531644,0,0,S,12,1,33020,40,2011,76,19.98,25.81
63668,Historical,129247,0,0,S,11,1,142880,35,2008,30,19.98,10.98
63669,Historical,531643,0,0,S,4,1,996085,34.95,2009,23,11.3,24.48
63670,Historical,864603,0,0,S,4,1,11677,52.4,2014,71,32.01,39.68
63671,Historical,1946293,0,0,S,2,1,195662,45.99,2014,23,47.28,44.19
63672,Historical,531641,0,0,S,2,1,126717,68.99,2009,72,39.89,43.38
63673,Historical,56106,0,0,S,0,0,896071,27.95,2005,196,11.95,5.29
63674,Historical,56107,0,0,S,6,1,7337,29.95,2009,196,11.95,16.88
63675,Historical,594460,0,0,S,0,0,997242,29.95,2011,33,36.33,19.53
63676,Historical,632670,0,0,S,2,1,1524759,45,1999,25,4.48,69.89
63678,Historical,539956,0,0,S,2,1,33365,89.99,1994,45,43.94,58.99
63679,Historical,129670,0,0,S,2,1,594802,74.99,1999,35,0,29.39
63680,Historical,627917,0,0,S,2,1,310591,94.99,2012,47,38.67,49.28
63681,Historical,187969,0,0,S,2,1,2956558,49.95,1999,33,35.85,10.05
63682,Historical,651735,0,0,S,4,1,719435,59.95,2006,18,11.69,65.95
63683,Historical,830564,0,0,S,2,1,288090,62,1999,37,0,57.19
63684,Historical,647982,0,0,S,2,1,730075,83,1999,16,0,50.92
63686,Historical,661018,0,0,S,2,1,260910,51,2012,21,28.96,42.53
63687,Historical,261406,0,0,S,1,0,1141173,32,2003,62,32.41,8.43
63688,Historical,270868,0,0,S,2,1,37634,45,2009,78,32.41,26.74
63689,Historical,299034,0,0,S,2,1,719180,80,2009,40,46.44,53.99
63691,Historical,115365,0,0,S,2,1,2261918,81.6,2001,66,69.9,16.98
63692,Historical,1543848,0,0,S,3,1,1981908,73.95,2013,21,14.3,23.74
63693,Historical,1730066,0,0,S,2,1,16721,13,2006,62,0,12.35
63694,Historical,177515,1,1,S,2,1,821648,182.95,2004,42,0,77.99
63695,Historical,531631,0,0,S,2,1,356148,69.99,2011,24,52.85,55.38
63696,Historical,177271,1,1,S,2,1,106647,206.95,2003,47,13.99,76.49
63697,Historical,724910,0,0,S,2,1,841622,85,2010,45,4.37,19.95
63698,Historical,644069,0,0,S,2,1,468801,105.95,2007,38,44.37,48.97
63699,Historical,637233,0,0,S,0,0,108459,86,2007,20,0,60.54
63701,Historical,104739,0,0,S,3,1,778052,52.5,1997,23,57.91,7.18
63702,Historical,285226,0,0,S,5,1,378519,104.99,2004,49,57.91,42.43
63703,Historical,595070,0,0,S,2,1,134126,49.95,2012,33,15.98,31.02
63704,Historical,873057,0,0,S,2,1,805112,69,2014,37,51.92,63.97
63705,Historical,900809,0,0,S,2,1,354384,54.95,2014,23,26.06,31.98
63706,Historical,621897,0,0,S,2,1,85767,92.4,2012,37,38.94,58.99
63707,Historical,51487,0,0,S,11,1,366932,46.2,2002,101,92.76,6.99
63708,Historical,531628,0,0,S,3,1,646346,195.99,2006,15,6.49,53.34
63709,Historical,229129,0,0,S,5,1,1058564,54,2007,47,23.58,4
63710,Historical,260086,0,0,S,6,1,1678156,46.95,2004,47,24.99,12.39
63711,Historical,906668,0,0,S,2,1,551094,59.95,2010,75,47.24,46.98
63712,Historical,1440428,0,0,S,10,1,74101,173.75,2012,7,151.37,25
63713,Historical,544358,0,0,S,2,1,83565,137.95,2013,43,16.99,38.99
63714,Historical,1440005,1,1,S,12,1,95618,105.09,2011,29,68.38,49.82
63715,Historical,111465,0,0,S,11,1,537551,117.84,2009,44,73.86,81.79
63716,Historical,51741,1,2,S,10,1,737154,16.53,2005,84,73.86,16.5
63717,Historical,53419,0,0,S,10,1,66450,18.97,2007,46,68.38,43.99
63719,Historical,638690,1,1,S,2,1,145962,40,2013,25,0,31.91
63720,Historical,607742,1,6,S,3,1,602530,145.6,2008,49,13.98,33.94
63721,Historical,649610,0,0,S,0,0,1079640,99.95,2014,23,64.98,34.95
63722,Historical,170062,0,0,S,3,1,1232852,110.95,2009,23,4.99,20.3
63724,Historical,616030,0,0,S,12,1,18459,108.2,2011,58,76.35,85.42
63726,Historical,2235138,0,0,S,2,1,432245,79.95,2010,18,26.73,62.36
63727,Historical,618878,0,0,S,2,1,210826,79.95,2008,29,26.73,52.71
63728,Historical,910923,0,0,S,2,1,113768,90,2014,26,57.96,74.5
63729,Historical,573823,0,0,S,0,0,217795,52,1997,27,0,36.99
63730,Historical,617141,1,1,S,1,0,100895,116.6,2010,22,0,99.98
63731,Historical,649670,0,0,S,4,1,85161,53.32,2012,29,15.54,39.98
63732,Historical,637024,0,0,S,2,1,238191,37,2010,28,21.44,28.87
63733,Historical,2078704,0,0,S,0,0,764085,47.05,2008,17,4.65,28.98
63734,Historical,542827,1,1,S,8,1,801090,99.74,2011,31,300,48.33
63735,Historical,764795,0,0,S,7,1,8201973,83.95,1999,12,107.34,12.99
63736,Historical,1506516,0,0,S,11,1,1964808,12,2012,28,525.13,10.24
63737,Historical,265918,0,0,S,15,1,1688475,134,2004,52,81.46,46.44
63738,Historical,861970,0,0,S,9,1,14718,109.75,2014,50,43.61,66.48
63739,Historical,193700,0,0,S,5,1,226249,45.95,2009,59,23.97,27.94
63740,Historical,592752,0,0,S,5,1,921706,200,2008,33,20.54,133.98
63741,Historical,636825,1,1,S,2,1,838584,234,2013,69,39.83,38.49
63743,Historical,776300,0,0,S,3,1,1789606,26.5,2010,54,4.55,7.99
63744,Historical,613301,0,0,S,3,1,1033792,35,2012,95,4.55,3.3
63745,Historical,600111,0,0,S,6,1,336564,220,2006,45,3.98,58.45
63746,Historical,661046,0,0,S,6,1,14142,49.95,2012,51,23.97,38.99
63747,Historical,657919,0,0,S,8,1,154683,43,2013,34,27.67,41.68
63748,Historical,599717,0,0,S,3,1,332371,105,2010,29,0,0
63749,Historical,50411,0,0,S,2,1,389637,50,2002,69,68.55,27.99
63750,Historical,635076,0,0,S,9,1,419571,89.95,2010,26,31.81,66.99
63751,Historical,298588,0,0,S,3,1,743010,185,2009,34,33.57,23.98
63752,Historical,612653,0,0,S,2,1,46959,47,2014,59,36.62,36.2
63753,Historical,133236,0,0,S,7,1,261103,60,2010,86,4.75,25.74
63754,Historical,145666,0,0,S,6,1,1744237,74.2,2007,62,4.75,19.15
63755,Historical,287637,0,0,S,7,1,132137,60.6,2010,62,8.31,20
63756,Historical,145658,0,0,S,6,1,232052,70.6,2007,54,8.31,33.74
63757,Historical,144804,0,0,S,5,1,3078762,58.2,2004,36,8.31,7.98
63758,Historical,621483,0,0,S,2,1,41417,209.4,2001,37,47.58,53.98
63759,Historical,625477,0,0,S,3,1,813174,209.4,2001,36,83.91,135.51
63760,Historical,162186,0,0,S,2,1,83701,125,2008,40,61.38,66.98
63761,Historical,104578,1,1,S,5,1,2783539,139.78,1995,25,137.76,16.41
63762,Historical,645912,0,0,S,3,1,1371943,66.99,2009,44,39.73,49.11
63763,Historical,875167,0,0,S,7,1,509497,302.53,2011,27,97.58,61.39
63764,Historical,626237,0,0,S,4,1,279342,58,2011,22,39.08,32.83
63765,Historical,645333,0,0,S,1,0,541380,63.95,2009,16,0,51.1
63766,Historical,802737,0,0,S,7,1,1296814,34.99,2011,16,22.22,39.93
63767,Historical,802639,0,0,S,6,1,817130,34.99,2008,21,22.22,7.69
63768,Historical,896956,0,0,S,8,1,638930,34.99,2014,15,22.22,24.77
63769,Historical,192460,0,0,S,5,1,2171410,134,2005,13,95.79,49.94
63770,Historical,50001,0,0,S,8,1,2167227,149.35,2003,32,176.23,65.27
63771,Historical,248147,0,0,S,2,1,70686,83,2010,20,27.93,46.52
63772,Historical,550223,0,0,S,10,1,2140765,196,2006,29,115.99,8.98
63773,Historical,531603,0,0,S,9,1,67063,56.46,2009,50,26.34,72.55
63774,Historical,107404,0,0,S,6,1,1365955,122.5,2001,35,26.34,33.99
63775,Historical,148226,0,0,S,10,1,415379,248.95,2005,51,9.93,52.89
63776,Historical,572301,0,0,S,4,1,2135883,226.95,2006,16,158.74,91.18
63777,Historical,301035,0,0,S,15,1,196836,55,2009,39,41.93,54.53
63778,Historical,607088,0,0,S,5,1,1043130,78.76,2002,42,14.09,8.49
63779,Historical,547817,1,1,S,4,1,1966651,109,1997,47,14.09,12.98
63780,Historical,551389,0,0,S,6,1,463181,84.5,2006,57,14.09,16
63781,Historical,298948,0,0,S,1,0,55626,133.95,2011,32,0,59.23
63783,Historical,654806,0,0,S,2,1,865812,35.95,2006,24,27.98,32.17
63784,Historical,665970,0,0,S,2,1,2709582,48.95,2007,15,125.59,42.68
63785,Historical,768434,0,0,S,7,1,507291,280.95,2001,96,75.62,19.24
63786,Historical,626460,0,0,S,2,1,1145178,52,2003,29,11.19,29.49
63788,Historical,848862,0,0,S,4,1,1323956,113.56,1998,30,103.99,20.99
63789,Historical,608750,0,0,S,5,1,575842,0,2001,40,103.99,38.98
63790,Historical,293661,0,0,S,4,1,204487,71.53,2009,26,32.03,72.86
63791,Historical,538412,0,0,S,9,1,3004644,120.31,2003,44,89.57,19.98
63792,Historical,183256,0,0,S,8,1,96315,164.95,2005,48,41.07,74.83
63793,Historical,916890,0,0,S,2,1,78664,38.25,2013,36,21.24,10.25
63794,Historical,541593,0,0,S,2,1,644561,61.95,2010,36,59.35,47.17
63795,Historical,133307,0,0,S,1,0,101545,98.2,2011,16,0,86.23
63796,Historical,643119,0,0,S,2,1,869489,60.06,2009,7,0,0
63797,Historical,148306,0,0,S,6,1,876486,150.95,2006,33,93.93,40.91
63798,Historical,873929,0,0,S,4,1,3047297,107.49,2003,10,213.98,95.49
63799,Historical,617377,0,0,S,1,0,102733,95.95,2009,30,0,82.99
63800,Historical,1778370,0,0,S,14,1,1588181,0,2012,24,5.28,53.81
63801,Historical,878930,1,1,S,15,1,340544,54.93,2012,23,168.27,28.47
63802,Historical,148385,0,0,S,14,1,3809535,194.95,2005,28,134.69,22.73
63804,Historical,911781,0,0,S,1,0,1504139,39.95,2004,36,30.96,13.98
63805,Historical,552047,0,0,S,7,1,538126,157,2001,57,4,49.43
63806,Historical,2398036,0,0,S,4,1,3838684,37.95,1991,14,169.83,22.96
63807,Historical,551065,0,0,S,7,1,1242427,93.75,2011,15,0,81.79
63808,Historical,727789,0,0,S,2,1,1199765,91,1999,32,0,17.49
63809,Historical,107365,0,0,S,3,1,576020,67.52,2000,31,0,73.98
63810,Historical,644543,0,0,S,0,0,47489,54.99,2012,20,0,31.12
63813,Historical,906683,0,0,S,2,1,147797,41.95,2013,19,25.34,35.35
63814,Historical,564863,0,0,S,1,0,899099,54.95,2012,22,0,0
63815,Historical,115216,0,0,S,3,1,1526848,131,2001,40,187.06,38.99
63816,Historical,649620,0,0,S,3,1,880027,45.85,2012,24,4,13.99
63817,Historical,117585,0,0,S,10,1,100625,143.8,2003,32,5.94,58.98
63818,Historical,902674,0,0,S,3,1,2031551,52.5,2012,21,0,15.93
63819,Historical,877058,0,0,S,12,1,1079628,289.4,2012,25,153.75,157.65
63820,Historical,244004,0,0,S,3,1,726361,82.95,2011,23,34.72,43.97
63822,Historical,60224,0,0,S,1,0,1001748,91.8,1997,63,93.01,21.66
63823,Historical,532383,0,0,S,2,1,419140,87,2012,24,91.34,82.98
63824,Historical,115839,0,0,S,3,1,386001,109,2003,35,34.75,94.36
63825,Historical,177254,0,0,S,5,1,1425437,98.95,1999,39,88.49,20.98
63826,Historical,872291,0,0,S,5,1,2016717,50.37,2005,35,116.89,29.24
63827,Historical,244137,0,0,S,2,1,1011272,69.95,2011,30,13.93,8.74
63828,Historical,131630,0,0,S,3,1,3281465,109.8,2002,35,96.46,6.98
63829,Historical,295407,0,0,S,7,1,816733,40,2012,26,23.14,26.33
63830,Historical,633844,0,0,S,2,1,759110,36.95,2012,40,21.91,24.9
63831,Historical,606831,0,0,S,6,1,4992687,120.5,2002,21,104.58,16.94
63832,Historical,247909,0,0,S,0,0,373495,89,2008,31,0,65.25
63833,Historical,141981,0,0,S,6,1,19089,121.75,2009,97,68.89,78.99
63834,Historical,556620,0,0,S,2,1,130496,241,2004,36,63.5,99.97
63835,Historical,2585115,1,1,S,1,0,660442,75,1987,161,4,16.2
63836,Historical,705504,0,0,S,8,1,491061,168.99,2013,24,153.98,179.26
63837,Historical,908184,0,0,S,6,1,969163,47.17,2008,47,6.98,18.57
63838,Historical,308770,0,0,S,4,1,3255471,188.75,2004,46,153.98,18.99
63839,Historical,52344,0,0,S,12,1,1843452,265.95,2005,92,177.3,5.58
63840,Historical,539572,0,0,S,7,1,2939508,138.47,2009,17,53.98,144.07
63841,Historical,745322,0,0,S,5,1,3271927,292.95,2008,30,41.14,56.81
63844,Historical,539921,0,0,S,2,1,37619,88.95,2012,52,65.71,68.47
63845,Historical,169810,0,0,S,3,1,1615846,46.95,2008,17,74.26,21.99
63846,Historical,51649,0,0,S,3,1,1414646,47.95,2004,70,27.99,4.98
63847,Historical,578972,0,0,S,3,1,464427,103.95,2012,37,61.78,66.89
63848,Historical,147013,0,0,S,2,1,1253095,119,2003,26,8.45,90.79
63849,Historical,660219,0,0,S,4,1,830354,97.99,2009,44,30.1,25.69
63850,Historical,619886,0,0,S,2,1,100123,65.95,2001,122,37.72,46.78
63851,Historical,246452,0,0,S,2,1,870239,76.95,2005,25,45.16,39.32
63852,Historical,545483,0,0,S,2,1,1197609,60.95,2010,20,47.05,34.1
63853,Historical,788992,0,0,S,4,1,8266774,30.95,2001,32,16.4,10.99
63854,Historical,629163,0,0,S,0,0,422044,71.95,2012,38,41.04,55.42
63855,Historical,624653,0,0,S,4,1,107403,104.95,2013,31,0,0
63856,Historical,544999,1,1,S,3,1,585371,106,2012,43,24.99,61.53
63857,Historical,428345,0,0,S,6,1,265921,173,2004,39,8.45,44.05
63858,Historical,177713,0,0,S,3,1,764316,229.95,2002,21,11.49,98.96
63859,Historical,131557,0,0,S,10,1,3513152,91.2,2002,30,79.99,10.71
63860,Historical,163164,0,0,S,3,1,60068,55.95,2012,39,18.98,31.97
63861,Historical,619422,0,0,S,6,1,76705,123,2005,72,38.79,87.92
63862,Historical,540229,0,0,S,2,1,985687,41,2009,32,0,0
63863,Historical,626889,0,0,S,2,1,956254,48,2008,26,0,0
63864,Historical,866593,1,1,S,5,1,32333,108,2014,93,48.43,39.37
63865,Historical,52554,0,0,S,5,1,723147,69.95,2005,77,27.99,8.68
63866,Historical,552093,0,0,S,2,1,920797,39,2002,37,4.47,7.07
63867,Historical,914329,0,0,S,3,1,1344291,59.99,2010,28,4.47,53.36
63868,Historical,118720,1,5,S,3,1,87572,53.32,2009,56,4.47,20.9
63869,Historical,859831,0,0,S,3,1,262863,59.99,2009,24,16.14,47.91
63870,Historical,665700,0,0,S,3,1,924320,129.13,2009,9,16.14,63.99
63871,Historical,539215,1,2,S,3,1,37143,53.32,2009,62,16.14,20
63872,Historical,715071,0,0,S,1,0,623052,53.32,2009,40,0,23.99
63873,Historical,140854,0,0,S,4,1,1011414,56.25,1995,29,10.94,21.93
63874,Historical,550021,0,0,S,2,1,2142365,154,2005,47,83.52,8.93
63875,Historical,197847,0,0,S,9,1,125029,84.9,2007,29,0,0
63876,Historical,57440,0,0,S,7,1,1867129,90,2002,66,102.47,4.58
63877,Historical,213159,1,1,S,3,1,255420,81.95,2008,22,4.98,70.32
63878,Historical,131830,0,0,S,8,1,1641134,107.6,2004,73,102.47,5.98
63879,Historical,118589,0,0,S,5,1,126481,180,2006,36,18.89,58.96
63880,Historical,366608,0,0,S,2,1,386323,49.99,2004,32,5.23,25.51
63881,Historical,753474,0,0,S,1,0,193189,24.95,2010,61,9.71,7.97
63882,Historical,677020,0,0,S,1,0,669441,29.99,2009,43,21.38,11.26
63884,Historical,543956,0,0,S,5,1,93909,55.95,2012,42,33.49,33.16
63886,Historical,157557,0,0,S,2,1,696552,61.95,2011,27,62.06,52.03
63887,Historical,118710,0,0,S,3,1,294350,82.2,2008,27,39.09,63
63891,Historical,859663,0,0,S,2,1,1348784,125.95,2008,15,24.77,26.7
63892,Historical,562335,0,0,S,2,1,124989,41.88,2010,27,23.24,16.23
63893,Historical,541117,0,0,S,2,1,13304,55,2010,52,31.02,46.98
63894,Historical,245239,0,0,S,3,1,300923,257.95,2005,47,11.64,65.79
63895,Historical,613650,0,0,S,1,0,826320,70,1990,46,0,17.99
63896,Historical,613263,0,0,S,0,0,809714,43,2012,118,7.79,31.99
63897,Historical,1680088,0,0,S,5,1,190002,48,2013,5,0,48
63898,Historical,193623,0,0,S,2,1,1130102,150,2008,81,33.94,12.99
63899,Historical,624661,0,0,S,6,1,11068,49.95,2013,118,33.94,27.98
63900,Historical,617866,0,0,S,0,0,262591,38.95,2005,22,4,27.99
63901,Historical,613738,1,3,S,5,1,64064,228,2012,143,46.99,67.05
63902,Historical,655461,0,0,S,3,1,108381,45,2012,35,30.07,32.51
63903,Historical,143639,0,0,S,7,1,155249,43,2010,32,33.99,42.98
63904,Historical,1633519,0,0,S,0,0,939758,38.95,2009,28,25.99,24.99
63905,Historical,635716,0,0,S,0,0,160120,44.95,2012,35,25.99,31.49
63906,Historical,602592,0,0,S,4,1,121386,91.15,2008,30,0,0
63907,Historical,592848,0,0,S,3,1,514382,183,2010,70,5.5,97.19
63908,Historical,620789,0,0,S,2,1,41596,79.4,2009,55,73.94,60.1
63909,Historical,871847,0,0,S,20,1,18793,60,2014,53,39.59,44.13
63910,Historical,625894,0,0,S,0,0,1518895,99,2006,22,108.03,77.17
63911,Historical,859517,0,0,S,3,1,1616304,57.95,2007,15,31.15,65.13
63912,Historical,2562758,0,0,S,5,1,5238119,165,1995,17,54.71,51.93
63914,Historical,557409,0,0,S,2,1,262961,90,2007,45,10.22,44.48
63915,Historical,633981,0,0,S,3,1,1717064,123.4,2002,28,10.93,56.49
63916,Historical,132350,0,0,S,3,1,380240,87,2006,46,9.81,58.03
63917,Historical,663325,0,0,S,2,1,325789,76,2013,72,43.5,55.72
63918,Historical,546763,1,1,S,2,1,235396,57,2012,14,0,0
63919,Historical,289836,0,0,S,3,1,342086,76.95,2011,16,0,68.43
63920,Historical,158180,0,0,S,1,0,500000,44.95,2009,38,0,34.52
63921,Historical,2571885,0,0,S,2,1,3714623,130,1994,17,69.03,81.16
63922,Historical,629984,0,0,S,8,1,229160,100.95,2011,33,59.96,95.15
63923,Historical,614300,0,0,S,0,0,142121,50,2006,53,0,13.72
63924,Historical,531558,0,0,S,4,1,147676,87.6,2012,34,60.89,197.99
63925,Historical,2254588,0,0,S,3,1,1462571,111.89,2009,22,0,94.91
63926,Historical,3643555,0,0,S,2,1,502146,53.95,2014,26,0,44.39
63927,Historical,132919,0,0,S,6,1,61341,113,2010,52,10.56,68.47
63928,Historical,163137,0,0,S,1,0,124981,173.75,2010,24,0,0
63930,Historical,370623,0,0,S,3,1,242850,164.95,1998,46,32.89,75.34
63931,Historical,133474,1,1,S,8,1,205251,108.2,2011,35,32.16,83.52
63933,Historical,1956903,0,0,S,2,1,602004,109.2,2012,6,0,102.32
63934,Historical,608758,0,0,S,3,1,515468,121.95,2002,15,0,84.83
63935,Historical,619014,0,0,S,2,1,327560,175.95,2005,49,45.9,73.1
63936,Historical,1781315,0,0,S,1,0,190365,65,2015,12,0,47.72
63937,Historical,531556,0,0,S,4,1,524491,21.99,2011,43,11,9.98
63938,Historical,1616059,0,0,S,1,0,37229,34.99,2010,70,0,26.58
63939,Historical,2165715,0,0,S,0,0,412448,35,2012,17,5.88,17.98
63943,Historical,618246,0,0,S,5,1,259361,129.75,2011,48,46.29,75.96
63944,Historical,531554,0,0,S,22,1,38012,44.95,2010,24,33.31,32.59
63945,Historical,2404487,0,0,S,17,1,3064424,19.95,1987,22,33.31,49.91
63949,Historical,172152,0,0,S,2,1,67084,24.95,2005,65,26.34,12.1
63950,Historical,887388,0,0,S,4,1,150569,50.95,2015,21,55.37,23.99
63951,Historical,868668,0,0,S,7,1,1619596,174,2006,30,123.98,91.03
63952,Historical,546445,0,0,S,5,1,480217,60,2010,32,37.65,52.66
63953,Historical,901359,0,0,S,10,1,3098645,39,2011,13,27.25,38.82
63954,Historical,553757,0,0,S,1,0,330153,74.8,2011,36,37.91,38.99
63955,Historical,864606,1,1,S,4,1,34048,84.2,2014,36,46.47,72.94
63956,Historical,162882,0,0,S,2,1,611034,133.5,2009,32,43.92,48.99
63957,Historical,531552,0,0,S,11,1,396467,79.4,2012,28,61.09,61.8
63958,Historical,164368,0,0,S,1,0,236184,92.23,2003,55,23.34,64.27
63959,Historical,608927,0,0,S,5,1,2215797,59.95,1998,44,39.67,5.84
63960,Historical,203353,0,0,S,2,1,5159566,40.95,1999,22,68.51,23.98
63961,Historical,531550,1,1,S,3,1,91013,121.95,2012,93,60.27,64.74
63962,Historical,1516685,0,0,S,3,1,1244227,44.99,2012,49,9.5,10.28
63963,Historical,2374648,0,0,S,2,1,729668,64.99,2003,66,0,12.39
63965,Historical,115786,0,0,S,7,1,1709321,59.99,2004,38,24.77,12.22
63966,Historical,537219,0,0,S,9,1,77960,59.99,2013,38,24.77,26.98
63967,Historical,627412,0,0,S,3,1,158211,59.99,2010,38,18.31,30.58
63968,Historical,644518,0,0,S,3,1,99475,54.99,2012,22,0,0
63969,Historical,865129,0,0,S,2,1,275181,59.99,2006,16,0,0
63970,Historical,115075,0,0,S,3,1,1806612,62,2000,29,40.17,11.18
63971,Historical,609841,1,1,S,6,1,44398,129.2,2012,52,40.17,72.41
63972,Historical,531542,0,0,S,2,1,635526,69.99,2003,73,0,17.98
63973,Historical,624587,0,0,S,4,1,531702,44.95,1991,26,8.74,67.89
63974,Historical,619098,0,0,S,3,1,5250604,0,1985,18,8.74,74.75
63975,Historical,809143,1,6,S,3,1,146505,252.25,2013,37,41.75,24.48
63976,Historical,866672,0,0,S,0,0,55539,55,2014,36,16.22,31.59
63977,Historical,1956555,0,0,S,3,1,304936,118.75,2013,21,0,125
63978,Historical,551390,0,0,S,1,0,1040522,102.75,2007,51,10.04,11.93
63979,Historical,644636,0,0,S,6,1,668944,394.99,2012,29,53.71,121.09
63980,Historical,531539,0,0,S,2,1,196653,89.99,2011,23,53.99,45
63981,Historical,668845,0,0,S,2,1,1861971,108,2012,6,38.76,33.16
63983,Historical,553175,0,0,S,3,1,203367,71.4,2012,50,0,20.03
63984,Historical,1823280,1,11,S,0,0,1223877,0,2014,12,54.82,53.74
63985,Historical,618725,1,2,S,7,1,59772,103.8,2013,44,54.82,51.55
63986,Historical,561579,0,0,S,1,0,1164342,71.8,2012,25,0,28.99
63987,Historical,627831,1,3,S,2,1,36173,86.2,2013,56,41.08,68.61
63988,Historical,908049,0,0,S,2,1,373331,58.67,2013,24,41.08,44.99
63989,Historical,178655,0,0,S,1,0,1558010,231.95,2010,17,166.69,210.59
63990,Historical,52038,1,2,S,6,1,448409,294.95,2007,53,6.24,15.33
63991,Historical,178664,1,1,S,2,1,376197,399.95,2011,80,16.8,31.97
63992,Historical,126140,0,0,S,6,1,278181,76.95,2001,56,21.97,53.49
63993,Historical,916222,0,0,S,5,1,800039,44,2011,30,4.86,24.26
63994,Historical,117640,0,0,S,2,1,570824,131.2,2009,48,4.98,22.71
63995,Historical,268236,0,0,S,2,1,577873,49.95,2006,25,22.71,45.41
63996,Historical,632180,0,0,S,6,1,513066,64.95,2012,29,0,0
63997,Historical,178700,0,0,S,3,1,152715,267.95,2010,34,29.71,52.79
63998,Historical,431115,0,0,S,5,1,3077524,120,2010,14,86.86,24.54
63999,Historical,50725,0,0,S,7,1,584771,8.99,2004,63,64.62,8.99
64000,Historical,533810,0,0,S,2,1,966330,29.68,2008,31,103.98,39.99
64001,Historical,148267,0,0,S,2,1,2564639,200.95,2005,17,141.48,58.91
64002,Historical,60231,0,0,S,9,1,744057,301.95,2006,42,145.58,13.8
64003,Historical,166653,0,0,S,3,1,227008,110,2005,16,53.97,61.11
64004,Historical,531533,0,0,S,3,1,470720,52.2,2009,29,103.99,144.67
64005,Historical,914393,0,0,S,1,0,289716,69.99,2011,26,0,53.27
64006,Historical,163493,0,0,S,5,1,74369,76,2011,43,25.95,36.74
64007,Historical,165379,0,0,S,2,1,908190,65,2001,35,5.72,38.14
64008,Historical,107546,1,1,S,6,1,1764629,28.99,2002,43,27.03,43.51
64009,Historical,2177857,0,0,S,0,0,170796,99,2006,15,97.93,34.95
64010,Historical,642012,0,0,S,2,1,548791,79.95,2013,29,54.97,49.88
64011,Historical,1491990,0,0,S,4,1,497249,180,2006,28,4.97,56.55
64012,Historical,531528,0,0,S,2,1,276808,154.28,2004,34,28.1,72.47
64013,Historical,542617,0,0,S,4,1,32513,50.95,2009,61,23.49,39.98
64014,Historical,614013,0,0,S,0,0,1154705,57,2012,71,103.44,16.99
64015,Historical,293204,0,0,S,5,1,1364496,145,2006,35,103.44,10.97
64016,Historical,2535746,0,0,S,1,0,530822,49.95,1999,26,0,30.98
64017,Historical,572776,1,2,S,6,1,169715,152.95,1994,66,15.27,60.33
64018,Historical,886674,0,0,S,6,1,833154,41.5,2013,16,43.5,29.43
64019,Historical,120889,0,0,S,1,0,353331,116.6,2007,33,37.39,83.66
64020,Historical,646893,0,0,S,0,0,1125026,44.95,2013,8,0,35.87
64021,Historical,597953,0,0,S,2,1,568647,46.95,2003,21,0,46.95
64022,Historical,552366,0,0,S,0,0,969059,82.67,2004,38,75.18,18.99
64023,Historical,545020,0,0,S,2,1,35561,104,2012,38,37.21,49.99
64024,Historical,50530,0,0,S,10,1,899083,91,2003,75,131.61,10.59
64025,Historical,110565,0,0,S,3,1,2204306,194,2006,57,120.23,11.49
64026,Historical,576308,0,0,S,2,1,977374,136,2001,48,78.94,88.24
64027,Historical,697403,0,0,S,3,1,741477,25.75,2005,4,57.81,22.97
64028,Historical,613910,1,4,S,4,1,474782,89.75,2004,60,4.11,23.63
64029,Historical,1660783,0,0,S,0,0,327803,50,2015,16,35.07,13.73
64030,Historical,541994,0,0,S,17,1,416028,153.95,2007,36,26.96,58.99
64031,Historical,1592724,0,0,S,2,1,131836,54.99,2007,43,18.94,30.55
64032,Historical,540748,1,4,S,7,1,33505,196,2013,44,39.98,151.74
64033,Historical,212619,0,0,S,4,1,561532,0,2006,31,31.52,20.98
64035,Historical,291318,0,0,S,2,1,438912,135,2000,53,28.92,59.41
64036,Historical,898975,0,0,S,2,1,480420,75,2011,20,37.57,39.97
64037,Historical,119144,0,0,S,14,1,686258,204.93,2011,42,133.01,94.71
64038,Historical,531525,0,0,S,13,1,1489822,46.67,2008,27,4,37.98
64039,Historical,2264065,0,0,S,14,1,1087120,76.58,2011,26,0,75.91
64040,Historical,166997,0,0,S,2,1,1554500,115,2013,36,9.92,37.75
64041,Historical,3071855,0,0,S,7,1,2025468,19.95,2003,22,4,22.61
64042,Historical,199056,0,0,S,2,1,212221,68,2000,22,0,0
64043,Historical,124077,0,0,S,2,1,754044,239.95,1998,32,0,76.47
64044,Historical,210866,0,0,S,2,1,17157,51.95,2002,65,0,37.73
64045,Historical,635274,0,0,S,1,0,238823,65,2006,25,62.29,52.36
64046,Historical,637844,0,0,S,4,1,248328,75,2011,29,84.98,51.02
64047,Historical,177776,0,0,S,2,1,581378,242.95,2002,75,8.46,22.93
64048,Historical,169128,0,0,S,2,1,28837,129.95,2006,25,41.46,67.23
64049,Historical,262575,1,1,S,2,1,1768703,30.95,1999,47,63.15,5.98
64050,Historical,199245,0,0,S,2,1,125670,92,2003,56,25.56,58.98
64051,Historical,612658,0,0,S,2,1,384971,74.95,2013,16,55.95,70.34
64052,Historical,1718560,0,0,S,2,1,299543,65,2013,14,0,52.01
64053,Historical,264585,0,0,S,4,1,925503,70,2003,27,0,0
64054,Historical,249261,0,0,S,5,1,105990,50,2008,43,53.98,53.99
64055,Historical,298277,0,0,S,2,1,394847,31.95,2006,41,20.04,26.35
64056,Historical,608297,0,0,S,3,1,1244415,16.31,1999,80,43.03,10.99
64057,Historical,778145,1,1,S,3,1,3409400,61.95,2000,21,64.62,43.48
64058,Historical,763895,0,0,S,4,1,403460,220.95,2001,54,20.44,28.7
64059,Historical,626351,0,0,S,2,1,96949,32.95,2008,66,11.62,21.32
64060,Historical,291574,0,0,S,3,1,84256,124.95,2003,97,27.14,13.99
64061,Historical,116802,0,0,S,2,1,52301,79.99,2006,53,34.99,45.99
64062,Historical,2649264,0,0,S,2,1,412676,49.95,2001,18,0,38.62
64063,Historical,644297,0,0,S,0,0,47407,50,1989,70,29.62,38.04
64064,Historical,226148,0,0,S,2,1,604680,121.95,2006,46,4.39,26.44
64066,Historical,543723,0,0,S,2,1,191034,47.5,2012,41,27.32,29.98
64067,Historical,613992,0,0,S,2,1,31227,30,1992,99,17.48,128.98
64068,Historical,802379,0,0,S,5,1,3646076,0,2005,13,138.98,64.12
64069,Historical,2396798,0,0,S,3,1,2037812,57.5,1993,41,138.98,44.85
64070,Historical,861745,0,0,S,10,1,48253,80.95,2013,40,53.98,61.42
64071,Historical,646171,0,0,S,2,1,3037082,104.95,1998,13,47.28,55.77
64072,Historical,531507,0,0,S,1,0,645720,70.95,2010,33,0,36.94
64073,Historical,108906,0,0,S,6,1,167045,189,2005,47,28.94,136.19
64075,Historical,667124,0,0,S,0,0,967661,40,2005,12,0,39.2
64076,Historical,164670,0,0,S,1,0,654281,80,2003,43,37.55,58.78
64078,Historical,2169577,0,0,S,0,0,374177,39.95,2014,58,48.99,25.99
64080,Historical,263210,0,0,S,0,0,831561,71.95,2008,43,12.03,6.94
64081,Historical,540390,0,0,S,0,0,285798,19.99,2013,99,13.49,9.95
64082,Historical,531491,0,0,S,0,0,345212,19.99,2011,91,4,12.57
64083,Historical,363621,0,0,S,2,1,254266,76,2004,63,0,15.25
64084,Historical,672797,0,0,S,1,0,130514,18,2013,69,0,9.74
64085,Historical,531486,0,0,S,1,0,147116,102,2012,47,0,37.99
64086,Historical,150640,0,0,S,0,0,1033640,18,2008,52,7.54,41.59
64088,Historical,150645,0,0,S,0,0,1958192,23,2009,27,0,26.33
64089,Historical,865464,0,0,S,0,0,266521,23,2014,28,0,0
64090,Historical,1696950,0,0,S,0,0,128382,37.99,2014,52,28.06,18.99
64091,Historical,531483,0,0,S,6,1,38303,18.99,2010,37,8.35,11.94
64092,Historical,1527627,0,0,S,4,1,23209,19.99,2010,36,0,13.99
64093,Historical,923525,0,0,S,1,0,215917,22,2012,151,3.79,4.98
64094,Historical,918031,1,1,S,0,0,159966,35.99,2014,85,25.32,18.98
64095,Historical,626626,1,1,S,10,1,871429,34.99,2013,32,8.99,20.82
64096,Historical,531477,0,0,S,0,0,479518,19.99,2011,101,5.97,14.99
64097,Historical,1696956,0,0,S,0,0,211868,19.99,2014,27,15.71,22.98
64098,Historical,2137791,0,0,S,5,1,119460,45,2012,22,0,31.48
64099,Historical,144347,0,0,S,0,0,112434,89.4,2002,45,37.75,52.96
64100,Historical,657957,0,0,S,1,0,243503,43.95,2013,26,0,33.48
64101,Historical,285394,0,0,S,10,1,108506,44.99,2008,43,14.23,23.94
64102,Historical,133700,0,0,S,3,1,550,17,2008,354,9.9,8.96
64103,Historical,531471,0,0,S,0,0,74962,34.95,2013,39,21.02,29.34
64104,Historical,52126,0,0,S,16,1,548262,209,2007,112,192.7,13.89
64105,Historical,111031,0,0,S,17,1,688298,22.94,2009,58,192.7,19.98
64106,Historical,607784,0,0,S,2,1,1192695,39.95,2005,30,27.94,13.45
64107,Historical,905441,0,0,S,4,1,93421,36.95,2014,24,27.94,32.85
64108,Historical,607795,0,0,S,3,1,345325,32.95,2009,96,27.94,31.99
64109,Historical,531468,0,0,S,3,1,144079,59.95,2010,35,59.98,50.95
64110,Historical,255849,0,0,S,1,0,337441,14.95,2008,38,12.61,11.39
64111,Historical,615922,0,0,S,1,0,44486,59.95,1983,44,12.61,43.07
64112,Historical,161646,0,0,S,2,1,826410,32.5,2007,26,14.72,15.1
64113,Historical,1743986,0,0,S,4,1,1550383,34.95,2010,22,22.49,33.94
64114,Historical,887441,0,0,S,4,1,1879435,44.99,2015,10,33.98,29.82
64115,Historical,517591,0,0,S,2,1,219168,27.95,2009,144,6.37,6.97
64116,Historical,583199,0,0,S,82,1,538894,129.95,2001,31,90.03,58.13
64117,Historical,902351,0,0,S,7,1,1158536,79.95,1996,30,90.03,70.53
64118,Historical,531462,0,0,S,32,1,265170,85.95,2011,27,33.99,67.84
64119,Historical,2851199,0,0,S,26,1,1310110,32.95,1981,41,4.77,45.49
64121,Historical,866937,0,0,S,4,1,514478,65.33,2014,17,44.31,53.71
64122,Historical,145106,0,0,S,2,1,2032384,113.8,2005,40,44.31,48.94
64123,Historical,874484,1,4,S,4,1,283816,94.67,2013,18,44.31,58.36
64124,Historical,879098,1,3,S,4,1,1635350,94.67,2013,22,38.99,34.69
64125,Historical,521082,0,0,S,2,1,330178,49.99,2010,20,15.95,28.97
64126,Historical,158122,0,0,S,2,1,689736,60.95,2006,26,12.88,46.72
64127,Historical,894882,0,0,S,3,1,16041,49.95,2014,28,25.69,39.96
64128,Historical,1777416,1,1,S,2,1,385687,60,2011,16,0,39.68
64130,Historical,184039,0,0,S,2,1,84678,144.95,2005,65,4,23.88
64131,Historical,519184,0,0,S,0,0,531409,120.25,2007,51,21.33,36.99
64132,Historical,116603,0,0,S,4,1,314107,120.4,2004,100,18.08,83.9
64133,Historical,772841,0,0,S,0,0,167508,103.3,2005,48,56.74,17.32
64134,Historical,290198,0,0,S,3,1,52052,50,2011,31,27.94,33.98
64135,Historical,801082,0,0,S,2,1,279071,41.95,2007,23,0,28.59
64136,Historical,126176,1,1,S,1,0,53559,49.95,2006,67,31.25,45.66
64137,Historical,126175,0,0,S,0,0,216881,35,2005,39,31.25,73.99
64139,Historical,663311,0,0,S,3,1,122518,41,2013,75,28.75,31.95
64140,Historical,1657514,0,0,S,5,1,1637227,111.52,2008,28,4.4,42.98
64142,Historical,286209,0,0,S,2,1,815921,73,2007,38,29.87,50.84
64143,Historical,285772,0,0,S,4,1,298059,75,2000,81,50.65,16.97
64144,Historical,861278,0,0,S,2,1,1658911,49.99,2013,40,5.08,13.74
64145,Historical,531457,0,0,S,2,1,275371,177.4,2012,59,34.52,35.33
64146,Historical,2381544,0,0,S,1,0,328440,137.2,1997,37,0,48.99
64147,Historical,116348,0,0,S,4,1,944548,123.73,2010,28,63.69,87.17
64148,Historical,135666,0,0,S,5,1,90392,69.95,2010,70,17,47.24
64149,Historical,637432,0,0,S,2,1,1171758,98,1997,26,54.69,76.61
64150,Historical,624280,0,0,S,2,1,373052,52.95,2011,80,24.98,39.8
64151,Historical,573187,0,0,S,0,0,48004,42,1995,61,23,31.49
64152,Historical,762493,0,0,S,1,0,906446,55,2006,27,0,36.9
64153,Historical,655107,0,0,S,2,1,415620,49.95,2013,21,0,0
64154,Historical,649545,0,0,S,2,1,96717,42,2013,71,26.63,25.93
64155,Historical,643871,0,0,S,3,1,1002456,125.34,2010,30,0,74.63
64156,Historical,620234,0,0,S,3,1,515111,36.95,2012,63,30.05,28.32
64157,Historical,157643,0,0,S,2,1,851725,58.95,2008,26,35.07,51.3
64158,Historical,624381,0,0,S,1,0,431733,175.95,2008,28,0,37.99
64159,Historical,645381,0,0,S,2,1,367712,100,2010,28,32.79,53.99
64160,Historical,626207,0,0,S,3,1,120726,54.2,2011,26,0,0
64161,Historical,55027,0,0,S,7,1,2738501,148.95,2001,52,116.42,13.08
64162,Historical,1575373,0,0,S,2,1,189687,39.95,2008,35,18.34,24.39
64163,Historical,639181,0,0,S,3,1,335733,84,2010,41,46.51,61.4
64164,Historical,652148,0,0,S,0,0,158319,35,1992,43,36.99,34.32
64165,Historical,1924129,0,0,S,3,1,1446432,46,2011,16,0,31.49
64166,Historical,616773,0,0,S,2,1,255798,162.71,2002,55,23.97,64.03
64167,Historical,765152,0,0,S,3,1,8472770,98.95,1999,31,45.95,32.94
64168,Historical,890504,0,0,S,0,0,545788,13.99,2011,9,44.85,11.08
64169,Historical,423282,0,0,S,8,1,16853,202.6,2008,71,58.34,99.25
64170,Historical,131079,0,0,S,3,1,391150,132.2,1996,76,37.21,73.44
64171,Historical,903108,0,0,S,2,1,3973205,51,1994,21,65.53,51.97
64172,Historical,628712,0,0,S,2,1,562197,82,2010,26,33.9,61.14
64173,Historical,531449,0,0,S,2,1,735397,40,2010,48,12.94,24.21
64175,Historical,275183,0,0,S,2,1,60041,37.99,2005,16,48.99,37.78
64176,Historical,202323,0,0,S,2,1,617184,134.95,2001,48,23.94,48.72
64177,Historical,202183,1,1,S,3,1,931969,107.95,1999,39,72.3,33.98
64178,Historical,120679,0,0,S,5,1,53301,102.6,2009,51,18.99,66.84
64179,Historical,623831,0,0,S,2,1,62139,75.75,2012,64,35.9,56.33
64180,Historical,866761,0,0,S,2,1,387110,69.95,2014,16,49.45,38.19
64182,Historical,818972,0,0,S,2,1,757899,19.95,2003,100,9.18,7.57
64183,Historical,1982475,0,0,S,2,1,819475,63,2014,14,38.99,50.67
64184,Historical,541917,0,0,S,2,1,213208,85,2001,35,15.76,32.99
64185,Historical,860034,0,0,S,3,1,1494632,95,2010,20,13.22,43.96
64186,Historical,1629955,0,0,S,5,1,1595320,76.95,2014,13,43.99,50.01
64188,Historical,638409,0,0,S,2,1,142791,102.64,2006,40,118.99,96.34
64190,Historical,623406,0,0,S,3,1,35032,98,2012,39,36.99,69.89
64191,Historical,671547,0,0,S,2,1,871713,48,2012,9,11.8,28.88
64192,Historical,127434,0,0,S,2,1,209491,65.95,2008,55,28.99,33.49
64193,Historical,199584,0,0,S,3,1,1156387,56,2002,55,92.95,8.68
64194,Historical,649591,0,0,S,2,1,185165,76,2013,31,40.89,27.9
64195,Historical,254043,1,6,S,2,1,209782,49.95,2011,43,25.89,27.84
64196,Historical,115521,0,0,S,6,1,1108933,203,2003,71,34.74,44.14
64197,Historical,115277,0,0,S,2,1,478781,118.4,2001,35,8.64,11.99
64198,Historical,555819,1,1,S,0,0,67804,44.95,2011,47,23.98,35.3
64201,Historical,564535,0,0,S,3,1,949752,57.95,2000,29,5.2,49.54
64202,Historical,910334,0,0,S,2,1,938416,63.95,2014,19,3.85,47.9
64203,Historical,132624,0,0,S,2,1,426637,164.8,2008,30,10.99,71.05
64205,Historical,919068,0,0,S,5,1,4003139,48.95,2004,27,23.53,23.64
64206,Historical,625405,0,0,S,3,1,499819,65.95,2005,32,0,0
64207,Historical,668583,0,0,S,2,1,708767,40,2009,20,35.38,39.97
64208,Historical,60237,0,0,S,7,1,923507,98,2004,50,69.79,18.94
64209,Historical,118978,1,1,S,3,1,59948,168.4,2011,50,51.74,77.99
64210,Historical,293897,0,0,S,5,1,143673,138.95,2011,45,39.48,67.59
64211,Historical,531436,0,0,S,4,1,104605,94.35,2007,41,20.25,114.89
64212,Historical,119992,1,1,S,8,1,91411,166,2009,58,47.42,73.99
64213,Historical,545948,0,0,S,7,1,31262,109.95,2013,54,56.96,79
64214,Historical,111904,1,1,S,6,1,38164,217.25,2011,50,102.24,56.99
64215,Historical,110665,0,0,S,9,1,70406,39.99,2009,87,7.63,24.86
64216,Historical,50543,0,0,S,6,1,2362699,88,2005,66,117.34,12.48
64217,Historical,286407,1,1,S,2,1,258436,200.2,2011,34,74.63,51.99
64218,Historical,914844,0,0,S,4,1,268341,55.95,2003,27,5.97,23.99
64219,Historical,127302,0,0,S,4,1,393039,80.95,2004,24,5.97,40.54
64220,Historical,287556,1,3,S,2,1,319913,225.4,2006,46,33.98,46.87
64221,Historical,109438,0,0,S,8,1,1062104,152,2007,27,7.63,108.32
64222,Historical,550303,0,0,S,8,1,1241128,132.95,2006,46,7.63,15.93
64223,Historical,178164,0,0,S,7,1,448008,289.95,2005,68,58.68,17.44
64224,Historical,593144,0,0,S,8,1,1711922,104.95,2007,22,4.76,28.99
64225,Historical,115106,1,1,S,1,0,396853,134.4,2000,43,33.57,59.99
64226,Historical,53337,0,0,S,4,1,1669370,124.95,2007,76,111.92,21.89
64227,Historical,53336,0,0,S,3,1,3092091,92.95,2005,21,123.71,20.98
64228,Historical,115538,0,0,S,3,1,372119,102.6,2003,26,18.2,63.94
64230,Historical,254040,0,0,S,7,1,123233,39.95,2011,90,11.69,23.02
64231,Historical,285583,0,0,S,35,1,2026923,8.89,2011,33,55.91,6.49
64232,Historical,1544647,0,0,S,2,1,522348,70.95,2013,16,0,53.27
64233,Historical,58388,0,0,S,3,1,3064647,135.95,2002,44,119.78,14.86
64235,Historical,630579,0,0,S,8,1,255176,65.95,2013,22,0,0
64236,Historical,52360,0,0,S,9,1,377979,131.2,2006,110,78.99,7
64237,Historical,875984,0,0,S,11,1,1167050,152.95,2011,17,136.91,124.96
64238,Historical,2250721,0,0,S,9,1,1886024,39.81,2006,36,124.33,39.81
64239,Historical,595074,1,1,S,9,1,50273,230,2012,139,53.99,107.98
64240,Historical,177633,0,0,S,4,1,2941643,119.95,2001,32,144.98,72.13
64241,Historical,667442,0,0,S,0,0,220608,44.95,2010,22,0,33.99
64243,Historical,1474037,0,0,S,4,1,4914048,79.95,2010,11,44.48,73.98
64244,Historical,577185,0,0,S,7,1,907791,200,2012,41,21.99,33.79
64245,Historical,602960,0,0,S,2,1,540690,183.95,2001,32,0,0
64246,Historical,630290,0,0,S,7,1,1040070,215,2003,43,0,0
64247,Historical,560422,0,0,S,7,1,506667,210,2007,58,18.31,96.81
64248,Historical,545947,1,1,S,10,1,280676,94.95,2012,44,31.73,44.95
64249,Historical,552330,0,0,S,1,0,68102,166.2,2012,40,5.83,82.99
64250,Historical,370004,0,0,S,3,1,489329,200,2008,59,21.99,147.03
64251,Historical,143269,0,0,S,5,1,67327,43,2009,28,30.63,41.28
64252,Historical,142901,0,0,S,4,1,1082332,28,2003,19,30.63,28.49
64253,Historical,669062,0,0,S,9,1,210393,40.95,2012,27,0,29.74
64254,Historical,574722,0,0,S,0,0,1286638,35.95,2007,37,0,9.98
64255,Historical,60244,0,0,S,3,1,1131582,126.2,2005,72,72.74,14.45
64256,Historical,633229,0,0,S,9,1,248424,40.95,2010,19,10.65,28.49
64257,Historical,608560,0,0,S,5,1,3711697,101.95,2001,27,143.99,14.99
64258,Historical,600109,0,0,S,5,1,880384,113,2007,29,15.74,68.51
64259,Historical,924331,0,0,S,0,0,462581,118,2014,42,69.29,112.17
64260,Historical,592807,0,0,S,3,1,681946,202,2010,33,0,8.79
64261,Historical,775727,0,0,S,4,1,1360981,38.95,2004,46,32.97,10.99
64262,Historical,627372,0,0,S,11,1,248323,207,2011,29,11.73,86
64263,Historical,143624,0,0,S,4,1,1208006,201,2009,33,174.87,62.87
64264,Historical,646964,0,0,S,2,1,1313910,40,2013,48,28.49,18.99
64265,Historical,867069,0,0,S,8,1,136783,44,2014,24,0,0
64266,Historical,656933,0,0,S,11,1,913454,180.95,2012,14,209.26,83.94
64267,Historical,765122,0,0,S,8,1,4280270,113.95,2001,40,209.26,10.87
64268,Historical,635830,0,0,S,3,1,86569,49.95,2011,27,0,0
64269,Historical,50392,0,0,S,6,1,2128523,132.95,2003,36,108.99,4.58
64270,Historical,574663,0,0,S,4,1,922531,224,2011,36,15.99,18.99
64271,Historical,574721,0,0,S,3,1,1607443,152,2007,23,15.99,13.89
64272,Historical,617868,1,1,S,3,1,2726161,92,2007,25,15.27,10.9
64273,Historical,574664,0,0,S,4,1,698829,156,2011,51,11.62,28.94
64274,Historical,616498,0,0,S,3,1,2627456,92,2007,25,11.62,10.67
64275,Historical,613812,0,0,S,8,1,320288,83.29,2003,43,126.9,28.98
64276,Historical,658041,0,0,S,3,1,68987,176.95,2013,79,53.97,74.08
64277,Historical,2131436,0,0,S,0,0,483284,61,2013,14,0,46.73
64278,Historical,545518,0,0,S,3,1,738400,57,2013,20,35.66,42.99
64279,Historical,904066,0,0,S,2,1,306362,88.95,2014,13,49.83,28.64
64280,Historical,914341,0,0,S,2,1,97127,80,2014,34,49.75,65.16
64281,Historical,615403,0,0,S,2,1,2339743,53.95,2002,53,61.94,31.99
64282,Historical,612691,0,0,S,5,1,7530,74.95,2013,87,61.94,43.99
64283,Historical,870793,0,0,S,3,1,5781509,51.95,2001,32,68.81,10.64
64284,Historical,545637,0,0,S,2,1,154683,108.95,2012,44,8.14,48.25
64285,Historical,866978,1,1,S,6,1,66217,92.95,2014,33,43.76,62.92
64286,Historical,177387,0,0,S,8,1,4920667,119.95,2002,45,56.94,14.43
64287,Historical,268219,0,0,S,6,1,1742001,79.95,2007,43,14.98,10.63
64288,Historical,115240,0,0,S,2,1,2637336,88.4,2000,36,104.82,27.99
64289,Historical,703711,0,0,S,4,1,4482251,95.62,2000,13,46.88,18.98
64290,Historical,109416,0,0,S,6,1,281948,64.99,2006,30,46.88,186.55
64291,Historical,861984,0,0,S,3,1,653688,72.95,2014,28,60.04,46.8
64292,Historical,613743,1,1,S,2,1,70299,177.8,2007,75,28.95,59.41
64293,Historical,607701,0,0,S,8,1,2132994,84,2003,31,38.44,21.94
64294,Historical,298587,0,0,S,7,1,1011779,79.95,2010,57,14.98,10.98
64295,Historical,2258781,0,0,S,5,1,1585831,53.73,2011,47,15.46,56.16
64296,Historical,652284,0,0,S,2,1,1334816,79.95,2013,23,27.08,36.33
64298,Historical,867905,1,1,S,2,1,95980,75,2014,46,52.47,43.99
64299,Historical,879331,0,0,S,9,1,1094350,78.24,2006,50,152.14,28.34
64300,Historical,50469,0,0,S,4,1,1647699,119.6,2005,105,114.41,8.84
64301,Historical,666702,0,0,S,3,1,1225447,52.95,2005,37,42.84,25.67
64302,Historical,617744,0,0,S,1,0,746249,50,1987,38,0,26.2
64303,Historical,541570,0,0,S,4,1,95217,74.95,2010,66,79.94,43.63
64304,Historical,147785,0,0,S,2,1,331409,140.95,2000,15,0,0
64305,Historical,564209,0,0,S,4,1,962287,49.95,2010,24,0,39.49
64306,Historical,126776,0,0,S,3,1,198698,61,2005,43,34.17,33.44
64308,Historical,176794,0,0,S,4,1,1667239,97.95,2000,65,109.8,5.46
64309,Historical,646970,0,0,S,5,1,170716,76.95,2013,22,18.61,53.31
64310,Historical,115078,0,0,S,1,0,240537,86.2,1999,53,4,40.62
64311,Historical,531414,0,0,S,4,1,163257,89.99,2009,56,33.74,56.62
64312,Historical,680646,0,0,S,1,0,114790,29.95,2009,25,22.07,8.87
64313,Historical,285062,0,0,S,6,1,139939,85,2010,62,23.99,52.54
64314,Historical,146977,0,0,S,4,1,2592104,84.95,2001,61,49.2,5.93
64315,Historical,622214,1,4,S,7,1,46080,122,2013,39,49.2,70.71
64316,Historical,192860,0,0,S,2,1,878658,89.95,2001,21,8.79,72.16
64317,Historical,701024,0,0,S,2,1,1153634,43,2005,30,0,12.94
64318,Historical,635655,0,0,S,5,1,392574,48.95,2012,23,28.99,35.41
64319,Historical,800430,0,0,S,1,0,536476,60,2006,20,0,43.81
64320,Historical,641454,0,0,S,2,1,247556,51.95,2010,16,0,0
64321,Historical,214367,0,0,S,2,1,473535,25.95,2009,23,0,63.27
64322,Historical,248154,0,0,S,2,1,100975,71,2011,50,51.99,52
64323,Historical,763766,0,0,S,2,1,676593,149.95,1998,57,6.68,43.48
64325,Historical,633211,0,0,S,4,1,106595,77,2010,66,41.7,58.38
64326,Historical,158189,0,0,S,2,1,406755,45.95,2008,26,15.46,31.99
64327,Historical,1917416,0,0,S,3,1,501467,55.95,2013,12,0,45.33
64328,Historical,620747,0,0,S,4,1,308467,129,2011,54,42.94,80.18
64329,Historical,564730,0,0,S,3,1,597229,43.95,2008,37,16.82,28.57
64330,Historical,2170108,0,0,S,6,1,153780,26,2014,13,0,15.98
64331,Historical,865251,0,0,S,3,1,891719,62.95,2013,19,15.14,20.87
64333,Historical,705277,0,0,S,2,1,2030364,13.99,2004,23,70.48,13.99
64334,Historical,111669,1,1,S,10,1,564385,220.59,2012,22,111.5,602.99
64335,Historical,910998,0,0,S,4,1,46990,54.95,2014,44,39.23,35.56
64336,Historical,871582,0,0,S,3,1,341993,29.95,1993,10,0,33.94
64337,Historical,286206,1,5,S,3,1,36080,103.4,2011,57,53.5,79.39
64338,Historical,628639,0,0,S,1,0,319252,55.6,2011,22,22.23,44.83
64340,Historical,606913,0,0,S,2,1,2082040,87.35,2004,31,70.48,7.96
64341,Historical,641521,0,0,S,2,1,806756,76,2006,36,38.54,82.71
64342,Historical,629142,0,0,S,2,1,117018,65.95,2012,45,65.1,57.98
64343,Historical,127291,0,0,S,3,1,309825,53,2009,45,19.69,48.98
64344,Historical,120618,0,0,S,2,1,123851,88.2,2009,35,43.97,71.08
64345,Historical,911581,0,0,S,3,1,80885,88.95,2014,96,43.51,56.22
64346,Historical,610246,1,1,S,6,1,330644,174.95,2014,32,61.92,63.99
64347,Historical,1658141,0,0,S,3,1,359614,35.11,2009,7,0,75.51
64348,Historical,872385,0,0,S,3,1,3716957,161.95,2004,27,61.92,12.04
64349,Historical,868221,0,0,S,2,1,257480,49.43,1997,39,139.99,73.97
64351,Historical,110137,0,0,S,3,1,99451,104,2011,39,45.93,47.88
64352,Historical,617949,0,0,S,5,1,25625,111.25,2011,44,59,74.97
64353,Historical,134835,0,0,S,2,1,57605,41,2007,55,16.07,29.98
64354,Historical,173010,0,0,S,1,0,90554,49.99,2001,35,26.99,39.97
64356,Historical,542174,0,0,S,2,1,626844,74.99,2011,23,63.37,59.97
64357,Historical,275605,0,0,S,5,1,277002,86.5,2011,27,50.33,73.94
64358,Historical,531405,0,0,S,5,1,877144,50,2012,20,41.86,35.05
64359,Historical,132167,0,0,S,2,1,403634,80.95,2007,22,4.53,48.11
64360,Historical,177485,1,1,S,4,1,277590,66.95,2001,42,16.36,27.53
64361,Historical,131712,0,0,S,2,1,4523139,69.2,2003,30,53.86,38.99
64363,Historical,559998,1,1,S,1,0,27156,151.5,2012,43,0,96.99
64364,Historical,141792,0,0,S,1,0,49591,151.5,2012,14,0,106.98
64365,Historical,117972,0,0,S,2,1,55762,108,2006,63,41.97,64.1
64366,Historical,177316,0,0,S,1,0,558527,141.95,2002,23,11.64,96.57
64367,Historical,580877,0,0,S,3,1,198767,46.95,2011,22,0,0
64369,Historical,664327,0,0,S,1,0,117667,77.99,2013,19,0,44.4
64370,Historical,531403,0,0,S,2,1,200,20,2011,301,7.75,8.48
64371,Historical,702290,0,0,S,2,1,10384,32,2011,24,0,0
64372,Historical,619813,0,0,S,2,1,452531,72,2008,38,19.14,38.99
64374,Historical,150571,0,0,S,1,0,363894,45,2000,40,0,40.98
64375,Historical,890614,0,0,S,2,1,1250395,56.95,2012,32,39.76,47.05
64376,Historical,628493,0,0,S,2,1,862471,227.95,2003,52,16.43,56.98
64377,Historical,702299,0,0,S,4,1,513784,45,2012,26,22.37,28.51
64378,Historical,630048,0,0,S,2,1,155271,34.95,2010,35,13.97,32.73
64379,Historical,622605,0,0,S,4,1,438984,36.95,2012,48,21.84,26.01
64380,Historical,621320,0,0,S,5,1,140528,34.95,2011,59,41.2,18.99
64381,Historical,614518,0,0,S,4,1,212502,36.95,2010,42,18.92,33.99
64382,Historical,193633,0,0,S,4,1,565539,29.95,2009,64,21.92,16.98
64383,Historical,776337,0,0,S,3,1,1083252,32.95,2010,34,22.92,10.99
64384,Historical,620276,0,0,S,3,1,603018,36.95,2009,29,16.88,23.99
64385,Historical,2600966,0,0,S,2,1,1307918,39.99,1995,29,4.23,19.68
64387,Historical,531401,0,0,S,4,1,213247,41.95,2012,18,14.99,30.49
64388,Historical,534705,0,0,S,4,1,173088,42.95,2012,24,26.74,27.52
64389,Historical,55024,0,0,S,3,1,1728071,84,2002,31,82.73,22.98
64390,Historical,391964,0,0,S,3,1,245554,76.95,2005,43,36.57,35.56
64392,Historical,162842,0,0,S,1,0,31109,55,2010,42,0,29.74
64393,Historical,528560,1,1,S,1,0,303235,68,2005,51,6.25,35.5
64394,Historical,703248,0,0,S,1,0,930578,55,2004,36,0,0
64395,Historical,701577,0,0,S,1,0,217613,63,2008,43,6.25,18.5
64396,Historical,2160581,0,0,S,0,0,215679,3.6,2007,5,23.2,3.6
64397,Historical,1446798,0,0,S,3,1,622856,63.95,2006,15,0,42.06
64402,Historical,2079856,0,0,S,3,1,440623,64.95,2011,16,0,46.35
64403,Historical,1616028,0,0,S,2,1,570421,34.99,2009,113,26.9,5.88
64404,Historical,608734,0,0,S,3,1,135006,49.99,2010,57,5.47,21.99
64405,Historical,252902,0,0,S,2,1,509276,39.99,2009,67,0,13.99
64406,Historical,678484,0,0,S,5,1,1145252,29.99,2010,49,18.05,8.98
64407,Historical,621589,0,0,S,3,1,75913,39.99,2013,84,0,23.97
64409,Historical,2079834,0,0,S,3,1,775758,64.95,2010,26,33.99,44.34
64410,Historical,2778990,0,0,S,3,1,5511520,354,1994,14,146.98,77.09
64411,Historical,743271,0,0,S,4,1,4264155,350,2002,13,146.98,102.58
64412,Historical,415908,0,0,S,2,1,59384,61,2012,30,32.46,45.17
64413,Historical,1629992,0,0,S,4,1,564813,50.95,2012,18,32.88,29.09
64414,Historical,664604,0,0,S,2,1,34842,70,2013,21,42.67,42.67
64416,Historical,643997,0,0,S,5,1,104467,84.42,2007,38,52.85,63.99
64417,Historical,644593,0,0,S,4,1,59241,118.95,2012,31,31.41,85.02
64418,Historical,802215,0,0,S,3,1,1273236,130.95,2004,54,31.41,53.98
64423,Historical,1479748,0,0,S,2,1,13150,16.95,2013,30,0,13.42
64424,Historical,607564,0,0,S,2,1,1217038,31.95,1995,52,40.99,13.94
64425,Historical,167023,0,0,S,2,1,173414,26.99,2007,39,11.54,30.99
64426,Historical,628790,0,0,S,2,1,242388,62.5,2008,30,0,47.72
64427,Historical,1719667,0,0,S,2,1,815885,48,2014,4,51.94,48
64429,Historical,892757,0,0,S,0,0,754287,0,2014,11,86.5,113.91
64430,Historical,53888,0,0,S,10,1,1390602,89.95,2001,76,105.05,17.9
64431,Historical,875051,0,0,S,14,1,137261,144,2014,27,93.99,131.89
64432,Historical,52485,0,0,S,11,1,2253304,109.2,2003,73,93.99,21.66
64434,Historical,609952,1,1,S,9,1,13010,89.95,2013,106,55.24,68.97
64435,Historical,477075,0,0,S,5,1,96545,78,2011,38,12.68,62.95
64436,Historical,230362,0,0,S,3,1,3838799,50.95,2001,58,34.2,7.99
64437,Historical,108147,0,0,S,10,1,1403434,82.5,2003,68,129.22,11.29
64438,Historical,57604,0,0,S,7,1,341808,174.95,2007,36,99.03,38.35
64439,Historical,874050,0,0,S,3,1,298465,96,2011,25,54.5,82.3
64440,Historical,651128,0,0,S,2,1,441652,50,1998,39,6.6,43.63
64441,Historical,867356,0,0,S,2,1,462103,80,2013,47,48.43,47.83
64442,Historical,132253,0,0,S,1,0,282416,110.6,2007,50,0,73.95
64443,Historical,618378,0,0,S,2,1,227418,86.95,2013,28,38.99,49.11
64445,Historical,537383,0,0,S,8,1,13068,78.4,2012,55,41.34,63.03
64446,Historical,177379,0,0,S,2,1,86338,182.95,2003,57,17.79,52.67
64447,Historical,117197,0,0,S,4,1,375026,65.4,2005,44,19.99,86.17
64448,Historical,858318,0,0,S,3,1,1197376,45,2013,22,19.78,40.18
64451,Historical,614305,0,0,S,7,1,907483,95,2002,43,84.84,35.31
64452,Historical,2723098,0,0,S,1,0,1559323,83,2002,26,0,47.34
64453,Historical,625299,0,0,S,3,1,45214,43.95,2009,44,25.96,35.04
64454,Historical,542846,0,0,S,4,1,80291,45,2012,79,25.82,32.17
64455,Historical,198378,0,0,S,2,1,265015,37.95,2010,33,23.15,28.98
64456,Historical,298153,0,0,S,4,1,68388,73.95,2008,70,49.85,60.8
64460,Historical,919348,0,0,S,3,1,434122,58.95,2010,25,28.65,41.99
64462,Historical,169885,0,0,S,7,1,679195,183.95,2009,33,78.5,123.35
64463,Historical,124082,0,0,S,5,1,3156373,116.95,2002,33,77.1,10.74
64464,Historical,123991,0,0,S,5,1,2626793,83.95,2001,19,77.1,9.25
64465,Historical,609969,0,0,S,3,1,13912,99.95,2014,92,53.73,53.98
64466,Historical,608111,0,0,S,5,1,108585,57.95,2007,56,23.21,32.98
64467,Historical,546875,0,0,S,2,1,579855,65.95,2013,42,49.75,58.98
64468,Historical,165044,0,0,S,4,1,1014652,105,2000,37,32.39,24.89
64469,Historical,913286,0,0,S,0,0,1548922,15.95,2005,24,43,33.74
64470,Historical,58359,0,0,S,6,1,9529,104,2011,76,42.74,49.12
64471,Historical,2594135,0,0,S,1,0,530126,49.99,1984,32,0,39.98
64472,Historical,133267,0,0,S,3,1,52106,33.8,2010,120,25.18,25.89
64473,Historical,56730,0,0,S,2,1,158822,29.95,2004,60,11.99,7.98
64474,Historical,544984,0,0,S,4,1,155138,43,2012,82,30.32,28.98
64475,Historical,199268,0,0,S,2,1,3267417,41.95,2003,30,30.32,13.53
64476,Historical,909055,0,0,S,2,1,1590823,187,2001,29,54.07,127.91
64477,Historical,3479827,0,0,S,2,1,197213,49.95,2015,81,0,28.99
64478,Historical,616396,0,0,S,2,1,443583,105,2005,52,4,23.64
64479,Historical,867172,0,0,S,8,1,3919,69.8,2014,60,44.11,48.98
64481,Historical,106468,0,0,S,3,1,506174,64.95,2006,24,6.08,49.44
64482,Historical,199091,0,0,S,2,1,428174,93,2004,51,20.19,48.15
64483,Historical,531382,0,0,S,7,1,239601,106,2011,100,38.94,41.73
64484,Historical,657853,0,0,S,4,1,580566,88,2013,38,48.72,55.99
64485,Historical,531378,0,0,S,2,1,553214,99,2011,23,13.97,46.2
64486,Historical,610293,0,0,S,5,1,136579,93,2013,60,28.89,36.99
64487,Historical,610620,0,0,S,22,1,30233,82,2014,45,41.39,36.27
64488,Historical,531375,0,0,S,2,1,220042,99,2008,90,0,40.78
64489,Historical,531374,0,0,S,11,1,24915,91,2012,36,20.96,57.98
64490,Historical,132588,0,0,S,2,1,603074,61.4,2008,32,0,0
64491,Historical,120716,0,0,S,2,1,682860,56.8,2008,36,5.43,40.52
64492,Historical,531372,0,0,S,4,1,1078633,50,2010,22,4.06,22.98
64493,Historical,1437134,0,0,S,2,1,65726,79,2014,22,50.32,55.23
64494,Historical,141546,0,0,S,6,1,2118030,7.49,2001,100,48.93,7.96
64495,Historical,627858,0,0,S,10,1,1524,93.75,2013,89,48.93,58.99
64496,Historical,132176,0,0,S,2,1,124310,72,2006,36,13.86,33.99
64497,Historical,147625,0,0,S,8,1,291967,68.95,2010,69,25,43.99
64498,Historical,140969,0,0,S,6,1,811143,110.95,1999,28,4,80.77
64499,Historical,106677,0,0,S,48,1,1224863,71.95,2008,63,67.63,11.49
64502,Historical,907845,0,0,S,5,1,59939,90,2014,34,53.46,61.09
64503,Historical,537716,0,0,S,11,1,941384,20,2012,46,21.86,5.99
64504,Historical,871679,0,0,S,13,1,113843,24,2015,24,21.86,27.89
64505,Historical,614388,0,0,S,6,1,1080504,81.95,2000,45,143.83,40.03
64506,Historical,131159,0,0,S,3,1,375376,108.8,1998,53,0,44.79
64507,Historical,531362,0,0,S,3,1,754273,71.95,2009,32,7.92,50.8
64508,Historical,50631,0,0,S,3,1,1937537,102,1997,55,73.97,42.08
64509,Historical,214295,0,0,S,4,1,1615684,17.95,2004,34,23.69,12.08
64510,Historical,313867,0,0,S,3,1,1103373,181.8,2004,43,4,13.99
64511,Historical,1718476,0,0,S,3,1,140544,85,2014,14,0,58.43
64512,Historical,913936,0,0,S,2,1,1524723,75.3,1995,27,29.44,48.5
64513,Historical,175417,0,0,S,0,0,142300,43.5,2001,70,17.01,29.98
64514,Historical,871933,0,0,S,3,1,57954,106.95,2014,38,52.99,68.99
64515,Historical,531360,0,0,S,3,1,168290,61.95,2012,24,39.86,45.99
64516,Historical,531358,0,0,S,2,1,618741,115.95,2012,34,32.31,81.15
64517,Historical,541382,0,0,S,4,1,57942,62.95,2012,28,32.72,50.86
64518,Historical,617523,0,0,S,3,1,238125,86.8,2002,21,0,146.49
64519,Historical,544981,0,0,S,2,1,106334,63,2012,31,34.85,50.95
64520,Historical,176653,0,0,S,3,1,663260,252.95,2000,23,0,0
64521,Historical,126130,0,0,S,0,0,750057,44.95,1999,25,0,35.48
64522,Historical,120899,0,0,S,1,0,104832,136.2,2006,37,40.31,76.32
64523,Historical,117935,0,0,S,0,0,499940,75.2,2005,25,40.31,90.24
64524,Historical,531354,0,0,S,2,1,50633,73.95,2012,51,46.89,51.51
64525,Historical,290975,0,0,S,2,1,373476,57.95,2011,29,4.27,27.99
64526,Historical,179126,0,0,S,5,1,310058,94.95,2008,22,0,0
64527,Historical,1723749,0,0,S,11,1,304156,128.95,2011,13,5.97,18.99
64528,Historical,652626,0,0,S,2,1,267746,49.95,2012,46,20.69,37.8
64529,Historical,531352,0,0,S,6,1,86556,112,2012,38,26.93,58.99
64530,Historical,539435,1,1,S,6,1,55819,116.4,2013,71,19.61,31.92
64531,Historical,645600,0,0,S,3,1,1218704,59.95,2014,21,54.21,45.96
64532,Historical,549680,0,0,S,2,1,141864,32.95,2010,32,9.04,17.74
64533,Historical,307949,0,0,S,2,1,1335695,62,2001,63,4.08,6.99
64535,Historical,863090,0,0,S,2,1,1201689,42.99,2003,18,5.82,108.79
64536,Historical,860713,0,0,S,2,1,132875,49.99,2012,47,20.23,30.35
64537,Historical,1446656,0,0,S,2,1,163762,39.95,2013,30,33.86,23.65
64538,Historical,664290,0,0,S,2,1,387573,50,2013,17,18.95,32.2
64539,Historical,593994,0,0,S,2,1,571157,59.95,2010,24,0,0
64540,Historical,200144,0,0,S,3,1,1375909,92.95,2006,36,38.13,6.34
64541,Historical,673131,0,0,S,1,0,10140,16.95,2014,26,0,11.98
64542,Historical,628665,0,0,S,1,0,582262,122.95,2011,27,30.4,72.63
64543,Historical,1742863,0,0,S,9,1,784951,0,2008,15,73.99,79.25
64544,Historical,407863,0,0,S,3,1,583458,221,2010,56,6.99,68.13
64545,Historical,1609054,0,0,S,2,1,369032,47.95,2009,12,0,47.95
64547,Historical,2255599,0,0,S,0,0,1059411,57.25,2014,39,14.61,22.97
64548,Historical,858238,0,0,S,0,0,684294,44.99,2013,15,88.29,44.98
64549,Historical,859835,0,0,S,2,1,1245412,55,2009,22,4,45.94
64552,Historical,2007016,0,0,S,0,0,325340,79.97,2014,11,0,58.08
64553,Historical,2163290,0,0,S,1,0,414992,74.95,2010,34,28.99,66.17
64554,Historical,617859,0,0,S,2,1,89164,100,2006,29,40.82,54.46
64556,Historical,145842,0,0,S,10,1,813734,141.33,2008,37,18.85,76.47
64558,Historical,619491,0,0,S,1,0,535817,30.95,1996,71,19.27,15.39
64559,Historical,652288,0,0,S,3,1,39775,45.95,2013,41,32.33,32.34
64561,Historical,618489,0,0,S,10,1,412498,187.99,2008,32,12.49,58.22
64563,Historical,745847,0,0,S,1,0,705587,50,1997,45,0,23.74
64564,Historical,2683710,0,0,S,2,1,69030,19.95,2005,127,12.5,8.49
64565,Historical,1542122,0,0,S,2,1,1358866,49.95,2011,26,37.07,41.15
64566,Historical,1758095,0,0,S,5,1,183199,0,2013,8,0,45.49
64567,Historical,295047,0,0,S,2,1,214308,69.95,2007,19,0,0
64568,Historical,623603,0,0,S,2,1,1239080,59.99,2006,27,15.62,18.7
64569,Historical,2435242,0,0,S,2,1,1618438,45.95,2000,26,26.95,44.89
64570,Historical,1927543,0,0,S,1,0,644684,42.95,2011,20,0,21.6
64571,Historical,1590523,0,0,S,3,1,361486,44.99,2009,18,0,31.56
64572,Historical,128373,1,1,S,2,1,131498,50,2006,30,38.99,40.27
64573,Historical,898624,0,0,S,3,1,150728,49.95,2013,33,40.67,44.96
64574,Historical,291336,0,0,S,1,0,38716,69.99,2006,39,0,52.68
64575,Historical,655419,0,0,S,1,0,239936,48,2012,15,0,29.39
64576,Historical,570487,0,0,S,3,1,1480779,131.95,2009,13,5.68,94.78
64577,Historical,169697,0,0,S,3,1,828779,131.95,2009,38,5.68,28.98
64578,Historical,130406,0,0,S,4,1,57589,99.8,2011,44,38.98,78.54
64579,Historical,714664,0,0,S,3,1,3731993,66,1999,29,6.67,7.49
64580,Historical,745386,0,0,S,5,1,4605977,57.29,2008,17,147.94,52.97
64581,Historical,874277,0,0,S,3,1,2593003,18.99,2003,48,105,16.95
64582,Historical,908806,0,0,S,2,1,7121086,55,1995,20,6.67,8.52
64584,Historical,178587,0,0,S,1,0,1362712,121.95,2004,20,4.27,71.88
64586,Historical,344215,0,0,S,5,1,444189,67.04,2005,55,13.46,52.87
64587,Historical,113198,0,0,S,3,1,14151,74.95,2011,41,32.98,41.17
64588,Historical,446828,1,1,S,2,1,33925,134,2010,68,58.99,81.04
64589,Historical,541774,0,0,S,3,1,210595,50,2011,34,23.44,18.72
64590,Historical,615191,0,0,S,3,1,27962,69.95,2011,45,34.38,43.2
64592,Historical,531339,0,0,S,0,0,559089,75,2001,18,18.09,33.98
64593,Historical,639252,0,0,S,2,1,105599,44.95,2009,34,25.99,32.01
64594,Historical,910979,0,0,S,0,0,1657582,18.95,2007,25,25.99,22.48
64599,Historical,1779831,0,0,S,1,0,375234,59.99,2014,15,0,33.29
64600,Historical,129814,0,0,S,2,1,497163,174.2,1996,51,4.37,75.27
64601,Historical,176848,0,0,S,2,1,941907,155.95,2000,44,133.94,33.97
64602,Historical,751281,0,0,S,5,1,1612132,85.49,2010,17,123.47,89.19
64603,Historical,185912,0,0,S,2,1,23922,64.99,2002,69,29.43,37.04
64605,Historical,287362,0,0,S,2,1,723169,174.2,1999,52,0,38.99
64606,Historical,531334,0,0,S,3,1,657049,138.95,2008,54,53.98,45.28
64607,Historical,618589,0,0,S,2,1,214702,50,2008,31,25.21,23.98
64608,Historical,633747,0,0,S,3,1,16268,60,2013,28,33.97,32.65
64609,Historical,531333,0,0,S,2,1,692772,34.99,2009,25,12.24,9.08
64610,Historical,540710,0,0,S,2,1,142593,64.99,2012,43,30.42,49.39
64611,Historical,120769,0,0,S,4,1,352544,84.67,2009,36,89.79,19.59
64612,Historical,637562,0,0,S,3,1,18306,54.99,2013,35,27.53,30.15
64613,Historical,254313,0,0,S,2,1,1045508,87.95,2011,30,82,74.73
64614,Historical,402369,0,0,S,3,1,40505,32.41,2002,20,49.93,24.54
64615,Historical,594280,0,0,S,0,0,676433,89.95,2009,22,48.04,48.13
64616,Historical,1782916,0,0,S,10,1,2165626,86.35,2012,20,98.35,183.69
64617,Historical,713226,0,0,S,8,1,2136767,130,2002,42,123.98,10.65
64618,Historical,531332,0,0,S,2,1,596622,49.99,2000,48,4,15.1
64619,Historical,54643,0,0,S,6,1,2998447,282.95,2004,54,168.46,7.99
64620,Historical,612452,0,0,S,1,0,395856,49.95,2013,20,0,34.5
64622,Historical,881480,0,0,S,0,0,72725,0,2007,17,4,38.4
64624,Historical,2551410,0,0,S,19,1,2271817,75.95,2002,14,7.89,62.69
64625,Historical,54524,1,1,S,11,1,432689,41.95,2008,166,29.55,7.99
64626,Historical,54523,0,0,S,10,1,827557,40.95,2006,128,29.55,11.49
64627,Historical,864613,0,0,S,14,1,813,46.95,2014,77,29.55,37.47
64629,Historical,368430,0,0,S,3,1,850368,47.95,2006,53,0,24.49
64630,Historical,637584,0,0,S,2,1,15356,53.95,2013,27,32.22,35.09
64633,Historical,628868,0,0,S,2,1,351852,49.95,2005,37,15.87,29.45
64636,Historical,1954131,1,2,S,2,1,2039,50,2014,40,17.23,23.97
64637,Historical,1958207,0,0,S,0,0,71965,50,2014,17,0,30
64638,Historical,593931,0,0,S,3,1,932285,100.95,2009,55,8.91,25.51
64640,Historical,58052,0,0,S,8,1,2308877,29.98,1997,26,121.66,66.3
64641,Historical,582839,0,0,S,2,1,164956,188.95,2001,36,13.9,95.09
64642,Historical,609620,0,0,S,4,1,197850,223.95,2009,40,43.94,119.84
64644,Historical,576954,0,0,S,2,1,771102,47.95,2011,20,63.86,39.29
64645,Historical,531326,0,0,S,3,1,9985,18,2012,52,7.6,10.29
64646,Historical,2866493,0,0,S,2,1,7739820,44.99,2003,22,34.99,8.98
64647,Historical,802574,0,0,S,3,1,1987553,44.99,2005,28,34.99,5.43
64648,Historical,618635,0,0,S,2,1,144333,59.99,2003,32,6.57,16.48
64649,Historical,1943675,0,0,S,3,1,597379,54.95,2014,20,17.25,44.65
64650,Historical,627407,0,0,S,3,1,419133,44.95,2010,9,23.13,44.9
64651,Historical,545291,0,0,S,4,1,161131,54.95,2011,39,13.98,35.62
64652,Historical,143920,0,0,S,0,0,1659590,0,2004,22,0,71.4
64653,Historical,567784,1,1,S,7,1,41943,125.95,2011,53,43.89,62.94
64654,Historical,545829,0,0,S,2,1,166311,50,2013,66,37.75,38.39
64655,Historical,545816,0,0,S,2,1,289535,60,2013,27,33.78,48.39
64656,Historical,126625,0,0,S,1,0,494413,74,2004,46,7.8,33.78
64657,Historical,129006,0,0,S,2,1,263185,98.95,2005,54,13.13,28.37
64658,Historical,285406,1,2,S,3,1,12049,222.25,2009,95,23.94,56.74
64659,Historical,629902,0,0,S,2,1,334486,99,2010,20,0,0
64660,Historical,247974,0,0,S,3,1,239957,27.95,2010,42,17.71,22.55
64661,Historical,903893,0,0,S,2,1,1304224,84.99,2012,20,33.54,46.49
64662,Historical,531316,0,0,S,2,1,1515756,213.33,2002,28,4.44,42.99
64663,Historical,1826304,0,0,S,2,1,127841,82.95,2014,57,46.39,49.93
64664,Historical,666225,0,0,S,2,1,584426,47.95,2005,20,0,42.79
64665,Historical,273026,0,0,S,0,0,541877,8.99,1999,63,105.47,6.74
64666,Historical,150954,0,0,S,0,0,152734,17,2003,98,105.47,8.49
64669,Historical,2648839,0,0,S,2,1,890010,63.95,1999,22,4,25.98
64670,Historical,644663,0,0,S,2,1,31509,34.95,2012,33,28.53,25.34
64671,Historical,1538912,0,0,S,2,1,663494,60.95,2007,29,52.02,22.15
64673,Historical,909077,0,0,S,10,1,757619,34.99,2013,40,22.3,25.8
64674,Historical,802717,0,0,S,7,1,1397104,34.99,2010,30,22.3,8.19
64675,Historical,2649402,0,0,S,2,1,638690,72.95,2002,38,0,43.36
64678,Historical,801449,0,0,S,0,0,419897,42.95,2008,19,0,29.2
64679,Historical,640664,0,0,S,0,0,463127,41,2008,18,0,26.17
64680,Historical,534634,0,0,S,3,1,69148,42,2013,46,34.82,18.99
64681,Historical,861992,0,0,S,2,1,57813,38,2014,25,32.64,25.93
64682,Historical,542146,0,0,S,2,1,521125,49.99,2005,17,0,0
64683,Historical,2036622,0,0,S,2,1,1689011,46.99,2009,43,20.48,13.78
64684,Historical,634843,0,0,S,3,1,448390,59.99,2005,28,0,0
64685,Historical,861748,0,0,S,3,1,59808,64.95,2013,20,40.73,36.24
64686,Historical,2334444,0,0,S,6,1,572428,39,1994,27,0,72.49
64687,Historical,866658,0,0,S,10,1,128922,61,2014,19,37.28,41.13
64689,Historical,108047,0,0,S,5,1,3547872,93.75,2003,36,35.97,39.96
64690,Historical,200550,0,0,S,1,0,625182,141.95,2010,32,35.97,46.99
64691,Historical,368135,0,0,S,4,1,1050932,227.8,1997,35,8.22,65.09
64692,Historical,203564,0,0,S,6,1,681871,108.99,2007,54,46.86,53.99
64693,Historical,531306,0,0,S,3,1,964215,62.95,2012,57,5.73,19.23
64694,Historical,243922,0,0,S,21,1,216819,45.95,2011,48,11.63,12.99
64695,Historical,531305,0,0,S,22,1,65515,41.95,2012,56,11.63,23.99
64696,Historical,610338,0,0,S,5,1,357303,139.95,2013,67,9.9,13.49
64697,Historical,647266,0,0,S,2,1,546045,60.95,2011,15,39.34,53.1
64698,Historical,627633,0,0,S,2,1,235526,76.95,2004,23,0,0
64699,Historical,531304,0,0,S,4,1,125503,217.95,2012,74,93.02,76.75
64700,Historical,577057,0,0,S,3,1,1177015,120.95,2004,26,9.35,41.72
64702,Historical,249810,0,0,S,2,1,730687,148.95,2009,43,10.79,72.94
64703,Historical,366763,0,0,S,2,1,248289,189.95,2004,32,0,68.99
64704,Historical,366764,0,0,S,1,0,276085,137.95,2007,27,0,87.4
64705,Historical,623481,0,0,S,2,1,231655,120.95,2010,20,0,0
64706,Historical,577058,0,0,S,3,1,255334,147.95,2004,32,0,48.99
64707,Historical,545147,0,0,S,2,1,1235846,117.95,2010,18,44.09,72.61
64708,Historical,58043,0,0,S,3,1,691594,221.95,2003,64,148.98,28.84
64709,Historical,58041,0,0,S,2,1,549478,259.95,1998,65,148.98,47.86
64710,Historical,673767,0,0,S,0,0,168050,26.95,2013,27,21.56,29.98
64711,Historical,861292,0,0,S,2,1,843852,75,2013,19,43.96,54.9
64712,Historical,189975,0,0,S,0,0,452237,41.95,2004,25,0,23.96
64713,Historical,542058,0,0,S,9,1,25823,149.95,2010,69,40.23,56.92
64714,Historical,127542,0,0,S,2,1,127175,44.95,2011,43,30.28,36.99
64715,Historical,55378,0,0,S,10,1,1090489,252.95,2006,23,8.74,49.52
64716,Historical,55376,0,0,S,10,1,767323,240.95,2006,35,8.74,50.61
64717,Historical,768838,0,0,S,3,1,417546,58.71,2001,33,53.73,43.47
64718,Historical,126526,0,0,S,0,0,220335,35,2003,31,21.88,27.56
64719,Historical,544629,0,0,S,2,1,596449,42.4,2012,20,0,42.39
64720,Historical,224505,0,0,S,10,1,373943,168.4,1997,44,57.54,61.95
64721,Historical,632060,1,2,S,2,1,102995,38.95,2013,50,14.97,27.99
64722,Historical,117281,0,0,S,2,1,256324,58.8,2006,25,3.98,55.94
64723,Historical,864615,0,0,S,5,1,47702,49.95,2014,56,31.74,33.68
64724,Historical,531297,0,0,S,8,1,51839,96.95,2012,74,47.72,50.49
64725,Historical,531296,0,0,S,4,1,435260,68,2009,18,0,27.99
64726,Historical,56967,0,0,S,2,1,1869521,65.6,2004,43,42.51,8.88
64727,Historical,608932,0,0,S,2,1,3157563,59.95,2000,34,29.54,18.49
64728,Historical,1518970,0,0,S,4,1,928153,62.95,2014,17,59.21,47.09
64729,Historical,492444,0,0,S,3,1,75925,103.95,2012,50,26.03,62.89
64730,Historical,293114,0,0,S,6,1,656872,79.95,2005,43,53.22,28.48
64731,Historical,2557473,0,0,S,3,1,1316425,186.25,1986,25,0,48.99
64732,Historical,2398118,0,0,S,3,1,510984,84.95,1986,46,0,42.99
64733,Historical,767163,0,0,S,2,1,461953,148.95,1999,18,6.09,72.93
64734,Historical,626934,0,0,S,2,1,391539,172.95,2004,26,8.67,51.78
64735,Historical,3743869,0,0,S,3,1,481051,89.99,2016,11,0,48.96
64736,Historical,2679798,0,0,S,2,1,2511993,129,1994,11,91.05,69.75
64737,Historical,658174,0,0,S,2,1,43840,64.95,2012,22,59.92,46.97
64739,Historical,531293,0,0,S,4,1,812725,60.95,2010,20,0,40.39
64740,Historical,701726,0,0,S,1,0,1137850,99,2010,21,0,106.16
64741,Historical,284452,0,0,S,9,1,268244,161.4,1996,44,11.19,72.63
64743,Historical,164024,0,0,S,4,1,1902827,18.36,1996,46,132.94,25.98
64744,Historical,544027,0,0,S,8,1,475522,71,2012,17,0,49.89
64745,Historical,585453,0,0,S,14,1,270945,50,2002,38,23.98,62.99
64746,Historical,861295,1,1,S,4,1,498826,123.75,2013,20,21.82,53.58
64747,Historical,129887,0,0,S,1,0,506052,74.99,1996,27,0,19.75
64748,Historical,615665,1,1,S,2,1,219306,279.4,1993,57,3.99,43.58
64749,Historical,225942,0,0,S,2,1,566505,265,2007,28,31.24,29.19
64750,Historical,52570,0,0,S,6,1,162659,113.95,2004,100,135.41,15.98
64751,Historical,2376550,1,1,S,2,1,422132,73.85,1987,27,33.97,58.45
64752,Historical,552076,0,0,S,2,1,5286028,36,2001,25,61.26,4.95
64753,Historical,162952,0,0,S,2,1,14601,60,2010,65,29.94,34.97
64754,Historical,120038,0,0,S,2,1,245831,90.8,1999,39,13.88,38.99
64755,Historical,549729,0,0,S,2,1,1285620,42,2011,17,10.89,15.62
64756,Historical,286504,0,0,S,3,1,417338,91.6,2011,30,26.93,59.79
64757,Historical,658285,0,0,S,0,0,757901,75,2013,41,49.74,17.45
64758,Historical,117983,0,0,S,4,1,644445,113,2005,40,20.97,24.81
64759,Historical,2566072,0,0,S,2,1,1475110,120,1992,19,15.4,92.65
64760,Historical,699198,0,0,S,14,1,1302130,47.97,2011,12,218.41,64.06
64761,Historical,284842,0,0,S,12,1,1397288,140.6,1997,26,218.41,53.99
64762,Historical,541839,0,0,S,3,1,139443,180,2013,31,66.57,94.99
64763,Historical,55020,1,1,S,4,1,246815,178.69,2007,50,194.39,101.25
64764,Historical,165932,0,0,S,6,1,3455151,44.51,2004,29,18.98,41.64
64765,Historical,106501,1,1,S,2,1,104326,130,2010,29,58.99,85.21
64766,Historical,249851,0,0,S,2,1,931144,246.95,2007,34,11.18,72.39
64767,Historical,2336026,0,0,S,3,1,1533992,99.8,1991,32,22.99,29.99
64768,Historical,534400,0,0,S,3,1,2377770,63,1993,42,65.62,16.41
64769,Historical,56392,0,0,S,4,1,703228,69.95,1999,27,65.62,18.94
64770,Historical,568703,0,0,S,0,0,551251,49.99,1994,60,0,25.98
64771,Historical,539962,0,0,S,1,0,4388,59.99,1994,123,0,27.99
64772,Historical,531280,0,0,S,2,1,225300,59.99,2004,45,15.99,31.47
64773,Historical,123833,1,1,S,2,1,296924,252.95,1995,87,0,42.98
64774,Historical,554634,0,0,S,2,1,715607,191.95,1993,71,6.03,62.61
64775,Historical,548352,0,0,S,6,1,138190,248.95,1993,95,6.03,38.63
64776,Historical,637569,0,0,S,1,0,182319,59.99,2013,38,26.92,34.97
64777,Historical,629566,0,0,S,25,1,189083,65,1995,51,28.2,39.21
64778,Historical,644798,0,0,S,2,1,2740667,147.7,1997,20,158.99,45.79
64779,Historical,146241,0,0,S,2,1,71003,49.99,2009,29,0,43.88
64781,Historical,290183,0,0,S,3,1,311425,46,2008,58,23.97,35.99
64782,Historical,205992,0,0,S,3,1,409625,85,2006,70,52.98,64.01
64783,Historical,544960,0,0,S,2,1,38861,77,2010,25,40.38,53.63
64784,Historical,2029148,0,0,S,2,1,610890,60,2015,10,0,38.33
64785,Historical,199017,0,0,S,2,1,1375181,68.95,1998,45,70.38,5.58
64786,Historical,2312026,0,0,S,0,0,931132,66.95,1975,29,0,71.13
64789,Historical,801054,0,0,S,3,1,480867,44.95,2006,14,0,18.99
64791,Historical,162683,0,0,S,3,1,172893,45,2009,58,24.32,17.98
64792,Historical,546455,0,0,S,3,1,386410,72.99,2011,54,43.42,45.65
64793,Historical,546753,0,0,S,4,1,41114,94.99,2013,47,60.6,47.17
64794,Historical,2172809,0,0,S,4,1,90241,55,2015,16,43.95,36.83
64795,Historical,903957,0,0,S,0,0,531905,35,2003,39,53.92,78.83
64796,Historical,905272,0,0,S,2,1,921270,30,2014,68,25.75,17.22
64797,Historical,1589702,0,0,S,1,0,749366,74.99,2008,29,0,33.63
64798,Historical,531275,0,0,S,2,1,386787,45.95,2009,23,28.34,37.58
64799,Historical,212968,0,0,S,2,1,213465,120,2003,34,37.32,79.8
64800,Historical,299992,0,0,S,3,1,993665,69.99,2011,35,43.1,50.15
64802,Historical,531272,0,0,S,2,1,1096775,59.99,2011,20,0,42.17
64804,Historical,254466,0,0,S,2,1,85486,49.99,2011,45,17.96,28.99
64805,Historical,631640,0,0,S,3,1,577434,43.95,2009,23,96.92,35.45
64806,Historical,871572,0,0,S,6,1,87196,73,2015,29,67.34,52.91
64807,Historical,139556,0,0,S,0,0,350243,299,1996,23,0,113.25
64808,Historical,664185,0,0,S,2,1,554000,44.95,2013,26,22.75,25.33
64809,Historical,144524,0,0,S,2,1,337986,64.99,2003,55,3.99,42.75
64810,Historical,652378,0,0,S,3,1,708047,60,2013,40,33.38,45.36
64811,Historical,607636,0,0,S,3,1,1587706,76,1997,59,43.99,7.87
64813,Historical,257030,0,0,S,3,1,797105,25.74,1997,26,89.28,20.32
64814,Historical,861996,1,1,S,2,1,32406,49.95,2014,29,33.95,31.01
64815,Historical,613363,0,0,S,2,1,575862,49.99,2006,75,12.27,7.14
64816,Historical,146181,0,0,S,3,1,454037,49.99,2009,38,12.27,33.99
64817,Historical,867806,0,0,S,2,1,31654,44.95,2014,42,28.79,28.32
64818,Historical,615567,1,1,S,0,0,585,72,2013,97,4,17.97
64819,Historical,56928,0,0,S,1,0,143406,63,2000,243,4,7.63
64820,Historical,664247,0,0,S,0,0,4826,72,2013,45,4,10.99
64822,Historical,741114,0,0,S,3,1,1294102,64.99,2007,23,24.83,50.98
64823,Historical,127051,0,0,S,1,0,702585,28,2008,71,7.4,20.73
64824,Historical,616765,0,0,S,1,0,634768,56.95,2005,67,4,35.99
64825,Historical,613320,0,0,S,2,1,51571,271.75,2001,80,26.95,75.42
64826,Historical,616978,0,0,S,2,1,53769,100,2002,38,52.98,70.68
64827,Historical,647962,0,0,S,2,1,161449,89.95,2008,32,17.25,41.69
64829,Historical,2830251,1,1,S,5,1,565885,71.95,2003,64,0,14.8
64830,Historical,705482,0,0,S,6,1,223635,181.25,2011,26,207.07,93.99
64831,Historical,58036,0,0,S,4,1,903989,155,2003,58,207.07,23.99
64832,Historical,895176,0,0,S,3,1,771362,55,1999,20,63.2,55
64833,Historical,603313,0,0,S,3,1,489081,55,2006,27,17.7,34.02
64834,Historical,120313,0,0,S,3,1,561716,46.6,2009,28,9.93,36.38
64835,Historical,117215,0,0,S,2,1,282330,88,2006,21,33.14,193.07
64836,Historical,202369,1,1,S,5,1,1057399,122.95,2002,66,71.99,28.96
64837,Historical,652649,0,0,S,2,1,478302,43.95,2011,25,37.99,31.11
64839,Historical,793853,0,0,S,3,1,1093547,120,2004,56,65.24,96.01
64840,Historical,163680,0,0,S,6,1,500163,65,2001,40,19.11,34.54
64842,Historical,380508,0,0,S,3,1,36710,64.95,2011,47,16.83,34.99
64843,Historical,533709,0,0,S,9,1,27365,140,2012,58,33.76,58.48
64844,Historical,616077,0,0,S,0,0,395495,42,1991,53,0,19.98
64845,Historical,300376,0,0,S,4,1,37620,49.95,2011,54,33.99,37.95
64847,Historical,121371,0,0,S,2,1,244100,44.6,2009,25,7.67,20.99
64848,Historical,392422,0,0,S,5,1,569194,45,2005,128,4,15.97
64849,Historical,655293,0,0,S,1,0,380754,81,2012,13,0,61.4
64850,Historical,50914,0,0,S,5,1,3082353,97.33,2001,51,181.35,17.91
64851,Historical,635722,0,0,S,2,1,73693,85,2012,42,31.46,39.5
64852,Historical,583829,0,0,S,3,1,130320,39.95,2001,39,10.47,28.66
64854,Historical,117227,0,0,S,2,1,542316,71.2,2007,34,24.74,83.7
64856,Historical,1718594,0,0,S,3,1,535394,65,2013,22,0,45.9
64857,Historical,545178,1,12,S,9,1,11317,197.46,2011,73,116.36,136.27
64858,Historical,55756,0,0,S,6,1,171200,23.99,2002,112,116.36,14.16
64859,Historical,633182,0,0,S,8,1,418902,91.84,2011,45,108.96,61.61
64860,Historical,809193,0,0,S,8,1,1224227,94.75,2011,19,225.28,60.64
64861,Historical,248069,1,1,S,2,1,692045,65,2009,40,40.05,50.45
64863,Historical,285253,1,1,S,5,1,298440,72.06,2004,26,0,79.29
64864,Historical,108899,1,1,S,5,1,103447,123.75,2004,39,0,68.47
64865,Historical,1452199,0,0,S,3,1,136052,49.99,2014,26,33.97,33.07
64866,Historical,582870,0,0,S,2,1,1214973,44.95,1998,37,4,22.35
64867,Historical,1543767,0,0,S,2,1,687315,59.95,2013,14,54.98,46.54
64868,Historical,107936,0,0,S,4,1,1026014,473.26,2001,24,45.78,101.17
64869,Historical,577744,0,0,S,3,1,567131,40,2007,91,20.89,24.85
64870,Historical,1555089,0,0,S,1,0,877880,55.95,2014,10,0,41.35
64871,Historical,532856,0,0,S,23,1,454915,43.74,2012,22,15.21,63.4
64873,Historical,866829,0,0,S,3,1,34418,55.8,2014,33,42.93,48.22
64874,Historical,645056,0,0,S,7,1,608008,150,2013,41,68.62,103.98
64875,Historical,52204,0,0,S,3,1,1221562,97.33,2002,80,68.62,4
64876,Historical,52205,0,0,S,4,1,228706,122.2,2005,102,68.62,5.45
64877,Historical,196471,0,0,S,2,1,1787463,62.95,2001,25,11.98,43.09
64878,Historical,576479,1,1,S,3,1,2276209,53.95,2003,52,52.87,9.18
64881,Historical,2419796,0,0,S,3,1,1205971,74,2005,26,7.87,30.99
64882,Historical,131945,0,0,S,4,1,170814,191,2005,124,5.76,19.93
64883,Historical,592057,0,0,S,2,1,1200396,57,2009,30,37.29,32.77
64884,Historical,53865,1,1,S,8,1,2271190,119.95,2002,51,179.97,6.24
64885,Historical,2272729,0,0,S,11,1,293863,198.55,2011,18,0,102.84
64886,Historical,53626,0,0,S,2,1,1320439,101,2000,79,118.87,14.99
64887,Historical,194052,0,0,S,1,0,163565,58,2006,29,42.54,44.99
64888,Historical,486259,0,0,S,9,1,1103583,87.07,2010,21,91.76,79.61
64889,Historical,50204,0,0,S,7,1,697207,109.95,2003,84,91.76,16.96
64890,Historical,634877,0,0,S,7,1,81340,0,2011,50,0,0
64891,Historical,900456,1,11,S,9,1,78721,10.75,2013,14,0,16.16
64892,Historical,628688,0,0,S,8,1,679454,216.07,2010,41,0,0
64893,Historical,288295,0,0,S,6,1,932092,9.05,2007,53,4,40.85
64894,Historical,144531,0,0,S,6,1,2145955,140,2003,70,162.5,21.36
64896,Historical,3231757,0,0,S,5,1,2776364,35.45,2005,44,6.91,23.44
64897,Historical,915416,0,0,S,6,1,1681036,111.65,2010,41,6.91,33.99
64898,Historical,765288,0,0,S,4,1,3504884,129.95,2001,58,102.05,10.55
64899,Historical,638621,0,0,S,2,1,226212,138.95,2003,31,5.65,53.31
64900,Historical,545016,0,0,S,4,1,120395,111,2012,35,46.66,59.47
64901,Historical,623494,1,1,S,6,1,573614,105,2010,33,53.99,84.35
64902,Historical,252050,0,0,S,4,1,1561037,207.95,2010,15,115.33,41.94
64903,Historical,134873,0,0,S,9,1,1399470,49.5,2011,29,0,39.35
64904,Historical,592120,0,0,S,1,0,117012,95,2012,43,0,0
64905,Historical,576749,0,0,S,2,1,94845,131.95,2011,40,55.18,46.04
64906,Historical,53270,0,0,S,8,1,116447,111.95,2015,28,7.99,58.12
64907,Historical,252570,0,0,S,7,1,691103,100,2007,31,0,0
64908,Historical,55295,0,0,S,7,1,2359320,95,2004,39,85.2,17.99
64909,Historical,621571,0,0,S,2,1,1966806,46.59,1986,36,48.98,54.55
64910,Historical,1829996,0,0,S,4,1,24599,44.95,2014,18,32.51,32.34
64911,Historical,531239,0,0,S,2,1,71319,39.95,2008,42,21.38,26.43
64912,Historical,756071,0,0,S,0,0,973670,6.54,2010,105,11.62,4.98
64913,Historical,545694,0,0,S,2,1,554721,80.99,2012,19,37.55,41.31
64914,Historical,163161,0,0,S,3,1,41220,57,2011,54,38.99,37.5
64915,Historical,631702,0,0,S,2,1,29606,50,2008,24,0,0
64916,Historical,199158,0,0,S,3,1,111144,59,2004,27,25.56,51.51
64917,Historical,546060,0,0,S,2,1,578871,36,2013,29,32.94,27.65
64918,Historical,60264,0,0,S,6,1,2995333,114,2003,40,158.8,7.87
64919,Historical,139743,0,0,S,3,1,176075,129,2004,46,38.87,70.44
64920,Historical,1982597,0,0,S,2,1,396995,67,2014,20,46.48,55.08
64921,Historical,202817,0,0,S,2,1,663190,222.95,1999,56,9.62,44.99
64922,Historical,543533,1,4,S,5,1,113,155,2013,57,32.97,32.94
64923,Historical,543532,0,0,S,5,1,3902,205,2013,51,32.97,32.98
64924,Historical,534358,0,0,S,3,1,526267,32.95,1987,115,0,35
64925,Historical,531229,0,0,S,2,1,316494,50.99,2008,35,8.87,9.8
64926,Historical,213036,0,0,S,2,1,186557,45.95,2007,25,0,39.33
64927,Historical,877117,0,0,S,4,1,4074705,56.6,2003,120,55.89,4.24
64928,Historical,1866870,0,0,S,0,0,5559,56,2014,38,23.72,33.14
64929,Historical,1866646,0,0,S,0,0,282086,70,2011,24,18.51,65.19
64930,Historical,1908352,1,1,S,6,1,35289,14.99,2014,29,7.43,10.14
64931,Historical,2337106,1,1,S,2,1,2930557,69.95,1993,46,21.48,26.49
64932,Historical,297487,0,0,S,6,1,39502,36.95,2011,18,31.41,36.95
64933,Historical,898600,0,0,S,9,1,16272,14.99,2014,49,7.99,10.01
64934,Historical,2840945,0,0,S,3,1,3692028,99,1995,23,44,76.27
64935,Historical,545422,0,0,S,5,1,823975,59.99,2011,22,44,46.87
64936,Historical,903930,0,0,S,0,0,1192699,53.84,2010,22,0,52.49
64937,Historical,664241,0,0,S,2,1,38462,60,2013,13,0,0
64938,Historical,582263,0,0,S,4,1,727097,65,2010,44,23.68,44.08
64939,Historical,2665767,0,0,S,3,1,678772,75,1990,10,0,199.94
64941,Historical,157368,0,0,S,2,1,351196,86.95,2005,27,60.91,59.64
64943,Historical,531210,0,0,S,4,1,126538,135,1999,17,38.79,95.72
64944,Historical,56433,0,0,S,9,1,514752,75.95,2008,19,39.96,40.99
64948,Historical,881705,0,0,S,4,1,907550,47.95,2014,13,53.72,50.32
64949,Historical,2679738,1,1,S,2,1,2495055,52,1994,30,68.98,24.98
64950,Historical,254566,0,0,S,5,1,182874,80.99,2011,48,45.95,55.64
64951,Historical,634970,0,0,S,6,1,35415,54.95,2011,27,42.08,43.98
64952,Historical,622451,0,0,S,2,1,1593957,314.99,2006,25,5.76,32.66
64953,Historical,55290,1,1,S,5,1,2902076,150.95,2000,51,94.09,32.99
64954,Historical,116573,1,1,S,2,1,83030,202.2,2005,75,40.26,119.98
64955,Historical,165574,0,0,S,2,1,561463,268.25,2004,40,19.91,58.29
64957,Historical,60269,0,0,S,2,1,154960,112.8,1999,36,65.52,29.28
64958,Historical,620425,0,0,S,4,1,302487,74.95,1992,27,0,61.29
64959,Historical,627748,0,0,S,3,1,281122,101.5,1992,22,0,69.88
64960,Historical,531201,0,0,S,3,1,103370,99.95,2012,38,39.97,47.8
64961,Historical,152668,0,0,S,3,1,579682,95,2006,96,39.97,67.86
64962,Historical,565780,0,0,S,1,0,1135410,2.16,2007,37,7.94,17.98
64963,Historical,162819,0,0,S,2,1,670747,72.25,2011,33,7.94,48.99
64964,Historical,117684,0,0,S,2,1,109958,211.2,2005,45,48.32,137.49
64965,Historical,176698,0,0,S,2,1,797835,227.95,1998,31,0,68.12
64966,Historical,531200,0,0,S,3,1,960721,79.25,2009,23,0,36.99
64967,Historical,544023,0,0,S,3,1,260058,58.5,2012,45,25.97,33.98
64968,Historical,624566,0,0,S,3,1,773998,74.95,1995,38,48.94,59.76
64969,Historical,545868,0,0,S,3,1,58823,32.95,2012,43,22.3,27.5
64970,Historical,248066,0,0,S,2,1,235981,34.95,2009,45,12.31,23.48
64971,Historical,647134,0,0,S,3,1,307090,38.95,2012,78,27.13,28.47
64972,Historical,131501,0,0,S,1,0,919135,166.6,2004,81,0,14.53
64973,Historical,531196,0,0,S,2,1,38806,74.95,2011,80,43.99,53.99
64975,Historical,101051,0,0,S,4,1,813748,32.95,1995,81,17.02,11.15
64976,Historical,536700,0,0,S,0,0,921184,45,2009,22,0,37.22
64978,Historical,640334,0,0,S,2,1,632832,54.95,2010,36,26.89,30.99
64979,Historical,552016,0,0,S,2,1,149569,130,2001,47,20.9,86.19
64980,Historical,547844,1,1,S,3,1,944021,233.49,1992,21,29.56,120.05
64981,Historical,539025,0,0,S,2,1,17011,89.95,2012,39,43.61,44.65
64982,Historical,1658191,0,0,S,2,1,992413,69.2,2009,14,0,65.75
64983,Historical,121492,0,0,S,5,1,5784887,105,1998,29,114.1,11.99
64984,Historical,908776,0,0,S,3,1,6494665,130.95,1993,14,36.27,22.68
64985,Historical,867543,0,0,S,5,1,28904,49.99,2014,20,27.34,27.78
64986,Historical,713623,0,0,S,7,1,1623581,110,1999,49,153.99,16.24
64988,Historical,115271,0,0,S,2,1,83663,246.4,2003,83,53.99,75.99
64989,Historical,657936,0,0,S,3,1,75004,59.99,2013,26,44.55,42.7
64990,Historical,543977,1,1,S,2,1,104855,78.95,2012,32,28.44,37.36
64991,Historical,859841,0,0,S,3,1,799514,60.95,2009,39,13.24,39.99
64992,Historical,1719631,0,0,S,4,1,764728,45,2009,11,37.21,44.98
64993,Historical,663764,0,0,S,1,0,319127,39.99,2013,54,25.95,21.99
64995,Historical,531182,0,0,S,4,1,1059696,39.99,2008,74,4.44,12.98
64996,Historical,540900,0,0,S,2,1,38892,24.99,2013,88,16.22,16.7
64997,Historical,531181,0,0,S,7,1,171168,24.99,2012,53,10.37,12.97
64998,Historical,51508,0,0,S,10,1,18811,183.6,2011,96,43.5,58.97
64999,Historical,61023,0,0,S,8,1,3608326,108,2007,47,43.5,14.47
65000,Historical,286063,0,0,S,7,1,1519967,109.33,2005,37,43.5,10.99
65001,Historical,107930,0,0,S,1,0,342616,106.03,2002,31,66.75,155.54
65003,Historical,639149,0,0,S,2,1,283015,39.95,2010,18,35.64,26.58
65004,Historical,129928,0,0,S,2,1,465005,202.8,2001,29,20.74,53.41
65005,Historical,629054,0,0,S,1,0,212213,227.4,1975,32,0,52.99
65006,Historical,1594694,0,0,S,2,1,1116710,110,2010,27,47.96,80.97
65007,Historical,531179,0,0,S,2,1,1156908,109.95,2010,10,20.82,44.49
65008,Historical,754679,0,0,S,1,0,237917,39.99,2010,35,25.99,18.45
65009,Historical,644559,0,0,S,4,1,58529,43.95,2012,28,0,38.43
65010,Historical,545871,0,0,S,2,1,522345,41.95,2013,20,22.31,31.25
65011,Historical,552020,0,0,S,8,1,250949,110,2000,44,77.99,16.89
65012,Historical,764108,0,0,S,2,1,536195,198.95,2007,25,0,0
65013,Historical,2573119,0,0,S,2,1,2829698,89.95,1991,48,6.59,22.6
65014,Historical,758935,0,0,S,3,1,1007867,182,2000,34,6.59,51.06
65015,Historical,858748,0,0,S,2,1,223003,99,2000,24,11.91,48.99
65016,Historical,642255,0,0,S,2,1,225776,40,2012,46,21.1,23.85
65017,Historical,632084,0,0,S,2,1,838085,79.95,2012,20,44.98,42.09
65018,Historical,766978,0,0,S,3,1,1320461,113.95,2011,37,48.99,45.75
65020,Historical,251944,0,0,S,6,1,49348,282.95,2008,84,11.83,53.99
65021,Historical,54873,0,0,S,4,1,21104,186.95,2009,133,36.44,104.44
65022,Historical,254282,0,0,S,7,1,950698,83.95,2010,26,22.18,73.98
65023,Historical,867252,0,0,S,4,1,632297,65.95,2014,28,41.42,45.47
65026,Historical,2671106,0,0,S,2,1,3533284,91.5,1996,20,15.01,47.51
65027,Historical,542124,0,0,S,2,1,31953,89.99,2012,71,48.29,51.14
65028,Historical,606857,1,1,S,4,1,2438449,92.5,2003,17,15.01,72.49
65031,Historical,889873,0,0,S,3,1,9330379,140,2005,14,9.94,53.49
65032,Historical,612850,0,0,S,0,0,744941,6.87,2009,287,22.3,4
65033,Historical,634488,0,0,S,6,1,2017351,246.95,1999,18,25.29,72.67
65034,Historical,60275,0,0,S,6,1,1530422,98.95,2002,80,128.99,9.39
65035,Historical,641988,0,0,S,5,1,36040,54.95,2013,37,38.21,38.93
65036,Historical,872582,0,0,S,3,1,904618,49.99,1997,61,40.64,10.49
65037,Historical,867247,0,0,S,6,1,33026,56.95,2014,33,40.64,39.24
65039,Historical,531168,0,0,S,0,0,40194,79.95,2011,34,39.96,46.53
65040,Historical,743244,0,0,S,2,1,1700259,129,2002,23,32.96,52.32
65041,Historical,663689,0,0,S,2,1,1582261,53.95,2013,24,44.88,42.11
65042,Historical,1445653,0,0,S,3,1,857244,69.95,2008,23,41.93,58.71
65043,Historical,906605,0,0,S,2,1,64357,69.95,2014,50,43.41,48.97
65044,Historical,162740,0,0,S,2,1,407959,32.95,2008,74,27.34,9.47
65045,Historical,206030,0,0,S,2,1,1016052,29.95,2006,69,27.34,8.84
65046,Historical,639701,0,0,S,3,1,274463,39.95,2013,32,27.34,25.71
65047,Historical,246535,0,0,S,2,1,469386,61.95,2007,48,25.6,37.55
65048,Historical,545403,0,0,S,2,1,684818,42.95,2012,27,19.75,28.39
65049,Historical,628230,0,0,S,1,0,677863,39.95,2012,13,0,30.03
65050,Historical,905508,0,0,S,3,1,169667,65.95,2014,21,43.19,53.44
65052,Historical,918306,0,0,S,2,1,32302,103,2015,128,74.5,62.98
65053,Historical,2406081,0,0,S,2,1,692366,65.95,1992,32,13.96,32.48
65054,Historical,628718,0,0,S,2,1,752839,74.95,2010,34,25.99,73.92
65055,Historical,531166,0,0,S,4,1,155752,124.8,2011,53,21.99,44.76
65056,Historical,630199,0,0,S,4,1,311957,67.95,2006,39,9.14,37.99
65057,Historical,228661,0,0,S,3,1,868161,54.95,1996,85,9.14,23.98
65058,Historical,618305,0,0,S,5,1,1439833,65.52,2006,29,4.75,67.7
65059,Historical,630536,0,0,S,1,0,415204,116.73,2012,73,73.38,52.2
65060,Historical,439820,0,0,S,2,1,126197,111.75,2012,14,0,0
65061,Historical,54158,0,0,S,2,1,33051,255.95,2008,70,38.69,71.97
65062,Historical,313111,0,0,S,3,1,1328505,105.2,2002,63,4,22.24
65063,Historical,50706,0,0,S,0,0,947704,143.95,2010,109,102.87,16.06
65064,Historical,178670,0,0,S,1,0,1477052,222.95,2010,38,20.72,33.98
65065,Historical,178671,1,1,S,1,0,93173,222.95,2011,150,20.72,24.79
65066,Historical,669140,0,0,S,1,0,241893,200.95,2011,14,20.72,144.77
65068,Historical,610395,1,1,S,0,0,22340,187.95,2014,154,102.87,24.94
65069,Historical,244075,0,0,S,1,0,379820,180.95,2011,82,0,21.59
65070,Historical,610429,0,0,S,1,0,597700,167.95,2012,26,0,19.94
65071,Historical,531164,0,0,S,1,0,1168680,202.95,2010,54,0,11.62
65072,Historical,607661,0,0,S,2,1,1201517,86,1998,22,190.48,33.85
65073,Historical,607689,0,0,S,3,1,268763,207.6,2001,53,190.48,89.41
65074,Historical,647107,0,0,S,2,1,69238,38,2012,28,26.97,31.98
65075,Historical,635686,0,0,S,2,1,186135,38,2012,40,22.99,25.94
65076,Historical,853946,0,0,S,0,0,839259,120.65,2003,23,0,38.99
65078,Historical,772654,0,0,S,0,0,1092995,69.15,2006,35,0,31.49
65079,Historical,772657,1,1,S,0,0,334631,87.95,2006,125,11.99,15.19
65080,Historical,772658,0,0,S,0,0,351925,91.5,2006,101,10.94,22.74
65081,Historical,853625,0,0,S,0,0,212635,96.35,2002,103,10.94,17.99
65082,Historical,1604600,0,0,S,1,0,291372,77.5,2012,19,0,88.31
65083,Historical,212554,0,0,S,2,1,258221,148.4,2006,38,16.54,55.98
65084,Historical,3018335,0,0,S,3,1,561047,86.95,2003,21,0,18.71
65085,Historical,537793,0,0,S,4,1,72510,63.95,2007,92,27,20.99
65086,Historical,860723,0,0,S,2,1,1040357,76.67,2012,18,112.41,37.64
65087,Historical,756042,0,0,S,2,1,73281,60.5,2014,42,31.49,46.97
65088,Historical,708797,0,0,S,2,1,1702445,74.5,2006,28,39.35,12.99
65089,Historical,707520,0,0,S,9,1,1775095,77.25,2004,33,39.35,10.74
65090,Historical,638581,0,0,S,2,1,1042224,64,2011,24,132.4,110.7
65091,Historical,553631,0,0,S,2,1,1894786,65,1996,39,4.52,22.83
65092,Historical,607372,0,0,S,3,1,704890,91,2004,52,4.52,39.94
65093,Historical,52469,0,0,S,2,1,867777,129.95,2005,50,96.54,19.98
65094,Historical,294048,0,0,S,3,1,1596909,13.67,1999,48,58.99,13.59
65095,Historical,112296,0,0,S,0,0,102517,99.83,2005,26,0,138.96
65096,Historical,1438999,0,0,S,1,0,447473,102,2013,22,31.49,45.98
65097,Historical,873739,0,0,S,2,1,807377,90,2013,13,0,55.94
65098,Historical,118623,0,0,S,2,1,90867,107.2,2007,56,58.69,75.99
65099,Historical,774203,0,0,S,3,1,1848628,16.9,2003,64,81.2,15.95
65101,Historical,1956573,1,1,S,6,1,26577,175,2014,21,0,128.14
65102,Historical,866983,0,0,S,3,1,72353,62.95,2014,31,43.86,53.01
65103,Historical,177931,0,0,S,3,1,267458,114.95,2005,61,4,25.93
65104,Historical,809186,0,0,S,2,1,751010,0,2011,17,63.99,92.98
65105,Historical,625274,1,1,S,1,0,712590,159.75,2010,59,63.99,30
65106,Historical,613003,0,0,S,2,1,306161,58,2004,116,4.91,32.99
65107,Historical,545535,0,0,S,4,1,4802,88,2013,72,51.22,63.85
65108,Historical,594530,1,1,S,1,0,22586,96,2012,25,0,67.19
65109,Historical,534107,0,0,S,5,1,2033980,48.75,2001,70,38.38,9.05
65112,Historical,655423,0,0,S,2,1,618810,159.75,2012,21,0,96.35
65113,Historical,531162,0,0,S,4,1,189281,135.95,2011,73,17.97,21.67
65114,Historical,243957,0,0,S,4,1,67052,126.95,2011,33,37.79,61.37
65115,Historical,250179,0,0,S,2,1,4568868,70.95,2007,19,13.57,45.29
65116,Historical,250180,0,0,S,2,1,2391733,125.95,2007,27,95.26,8.13
65117,Historical,880034,0,0,S,3,1,531679,130,2014,41,83.99,63.98
65118,Historical,130511,1,1,S,2,1,887175,112,2011,21,83.99,58.99
65119,Historical,623554,0,0,S,1,0,58344,113.5,2008,32,63.99,128.4
65121,Historical,609962,0,0,S,5,1,932617,146,2010,28,133.74,83.99
65123,Historical,2424117,0,0,S,2,1,1039896,58.66,1989,25,26.93,48.66
65124,Historical,130095,0,0,S,5,1,119708,204.6,2003,52,26.93,114.06
65125,Historical,620885,1,1,S,2,1,270367,85,2002,32,63.87,59.36
65126,Historical,165846,1,2,S,1,0,68972,251.5,2005,60,64.77,123.99
65127,Historical,145069,0,0,S,5,1,520166,45.6,2006,29,28.98,29.95
65128,Historical,623644,0,0,S,5,1,71153,116.6,2002,31,29.46,89.02
65129,Historical,170057,0,0,S,1,0,45897,228.95,2011,25,0,172.14
65130,Historical,569628,0,0,S,1,0,473520,327.95,2005,13,0,32.2
65131,Historical,552809,0,0,S,1,0,443242,164.4,2010,29,0,52.16
65132,Historical,530259,0,0,S,4,1,84667,95.95,2011,39,111.99,79.98
65133,Historical,206033,0,0,S,2,1,167277,40,2005,37,18.28,24.73
65134,Historical,655138,0,0,S,5,1,44279,69.95,2013,66,15.88,18.49
65135,Historical,531155,0,0,S,3,1,648484,42.95,2008,20,0,15.99
65136,Historical,790201,0,0,S,2,1,916047,42.95,2002,81,38.59,5.99
65137,Historical,210975,0,0,S,1,0,866094,71.95,2011,32,0,11.94
65138,Historical,2819901,0,0,S,10,1,6466190,139.99,1997,7,192.78,56.75
65139,Historical,788810,0,0,S,2,1,5986323,199,2000,26,181.78,8.98
65140,Historical,480933,0,0,S,3,1,2665074,36.95,2000,42,25,8.99
65141,Historical,2166619,0,0,S,4,1,164385,10.95,2013,21,0,37.37
65142,Historical,1683110,0,0,S,2,1,1396990,399.99,2006,9,120.08,22.99
65143,Historical,616182,0,0,S,2,1,419281,210,2010,54,28.65,63.58
65144,Historical,664169,0,0,S,3,1,22797,87.95,2013,71,46.42,63.98
65145,Historical,613174,0,0,S,1,0,95077,32.95,2008,145,9.53,7.41
65146,Historical,132671,0,0,S,1,0,295012,64.6,2008,30,0,50.01
65147,Historical,531150,0,0,S,3,1,697227,46.95,2012,41,22.5,35.98
65148,Historical,2395347,0,0,S,0,0,23406,16,2004,182,38.41,9.79
65151,Historical,2610932,0,0,S,2,1,483208,165,2005,23,49.71,78.99
65152,Historical,664667,0,0,S,1,0,717821,39.95,2013,10,0,39.1
65153,Historical,153843,0,0,S,4,1,24802,53.25,2004,39,30.63,38.69
65154,Historical,905223,0,0,S,2,1,83903,49.95,2010,31,28.94,33.91
65156,Historical,652204,0,0,S,0,0,8788,55.97,2013,64,0,24.99
65159,Historical,202256,0,0,S,5,1,2724847,231.95,2000,44,90.27,12.7
65160,Historical,639501,0,0,S,2,1,60213,181.95,1999,60,73.99,87.5
65161,Historical,866847,0,0,S,6,1,1073746,136.33,2014,31,101.93,47.12
65164,Historical,201801,0,0,S,2,1,828538,52.95,2010,36,76.98,34.59
65165,Historical,110607,0,0,S,5,1,25152,85.25,2007,36,0,0
65166,Historical,279515,0,0,S,2,1,526319,52,2010,36,25.01,38.99
65167,Historical,2164292,1,1,S,2,1,24781,54.95,2014,26,39.77,53.75
65168,Historical,802754,0,0,S,2,1,183943,29.99,2013,21,0,0
65169,Historical,545027,0,0,S,10,1,671794,34.99,2011,70,21.94,5.88
65170,Historical,802746,0,0,S,3,1,702669,34.99,2012,43,22.34,23.84
65171,Historical,1655922,0,0,S,0,0,193166,25,2013,27,18.79,10.33
65172,Historical,657903,0,0,S,2,1,26517,110.6,2013,61,48.99,71.98
65173,Historical,637663,0,0,S,1,0,33271,86,2012,19,0,58.99
65174,Historical,608728,0,0,S,5,1,363377,49.99,2006,86,17.55,30.79
65175,Historical,143778,0,0,S,4,1,52655,19,2007,254,4,6.64
65177,Historical,155359,0,0,S,4,1,581154,57.95,1999,57,0,11.99
65178,Historical,289578,1,1,S,4,1,123076,57.95,1999,73,0,11.99
65179,Historical,628818,0,0,S,2,1,263664,32.95,2007,55,15.98,18.99
65180,Historical,268821,0,0,S,4,1,1224409,50,2009,7,0,50
65181,Historical,543132,0,0,S,4,1,155775,45.95,2013,58,25.12,29.05
65182,Historical,390134,0,0,S,3,1,33257,62.95,2011,42,44.5,48.37
65183,Historical,896840,0,0,S,3,1,33573,64.6,2014,34,50.26,55.05
65184,Historical,579061,0,0,S,1,0,1259554,99,1997,77,0,8.79
65185,Historical,145879,0,0,S,2,1,75448,79.99,2010,25,3.84,53.62
65186,Historical,130049,0,0,S,1,0,676441,74.99,2002,46,3.84,13.99
65187,Historical,531138,0,0,S,10,1,1113146,88.95,2011,46,3.84,45.03
65189,Historical,130477,0,0,S,6,1,164057,64.6,2011,44,26.58,45.49
65190,Historical,129307,0,0,S,4,1,19695,30.95,2011,60,18.64,23.2
65191,Historical,169265,0,0,S,6,1,192623,42.95,2005,66,6.13,12.71
65192,Historical,169266,0,0,S,6,1,542878,39.95,2005,56,4,18.99
65193,Historical,538861,0,0,S,6,1,18313,109.75,2013,73,52.6,57.81
65194,Historical,60282,1,1,S,3,1,148882,57.2,2001,96,52.6,8.98
65195,Historical,161745,0,0,S,4,1,26563,34.99,2007,46,13.88,24.59
65196,Historical,259426,0,0,S,2,1,2829454,45.95,1998,30,28.99,48.71
65198,Historical,902226,0,0,S,0,0,612635,0,2009,19,0,0
65199,Historical,576409,0,0,S,1,0,116400,72,1999,42,0,27.47
65200,Historical,896995,0,0,S,4,1,658728,47,2014,25,32.51,33.51
65201,Historical,591984,0,0,S,2,1,1052822,72,2007,39,7.86,32.89
65202,Historical,289765,0,0,S,3,1,109018,43.95,2008,24,9.43,33.34
65203,Historical,142723,0,0,S,2,1,725336,49,2010,20,0,40.59
65204,Historical,903897,0,0,S,1,0,1365206,21.95,2006,28,33,5.99
65205,Historical,1777751,0,0,S,1,0,777964,60,2013,19,0,47.63
65207,Historical,664786,0,0,S,2,1,261860,46,2013,15,29.77,31.86
65208,Historical,764504,0,0,S,2,1,9820538,41.95,2004,25,7.59,10.71
65211,Historical,543230,0,0,S,2,1,958774,42,2012,19,19.36,27.96
65212,Historical,1954190,1,1,S,3,1,93096,40,2015,24,30.44,27.96
65214,Historical,718226,0,0,S,2,1,122872,29.95,1997,36,35.99,10.47
65215,Historical,544314,0,0,S,2,1,209339,78.95,2012,34,35.45,58.16
65216,Historical,386410,0,0,S,2,1,628820,75,2006,21,0,42.68
65217,Historical,1928868,0,0,S,2,1,961977,51,2013,24,49.52,36.3
65218,Historical,539715,0,0,S,2,1,110520,24.99,2003,77,25,6.6
65219,Historical,657755,0,0,S,2,1,756111,76,1999,20,0,56.4
65220,Historical,545556,0,0,S,4,1,386101,58,2013,25,45.79,37.29
65221,Historical,801293,0,0,S,11,1,817275,70,2008,14,0,23.67
65222,Historical,601743,0,0,S,2,1,142901,62,2010,43,39.79,38
65224,Historical,543415,0,0,S,3,1,1250639,51,2012,15,37.29,34.41
65225,Historical,619156,0,0,S,2,1,395476,34.95,2009,55,18.89,22.79
65226,Historical,557587,0,0,S,5,1,1776105,88.6,2009,36,17.99,45.85
65227,Historical,1757710,0,0,S,0,0,164553,39.99,2014,21,39.71,39.99
65228,Historical,770372,0,0,S,6,1,204141,145.95,2002,47,16.76,62.83
65229,Historical,771482,1,1,S,1,0,422588,90.95,2007,28,0,40.99
65231,Historical,893341,0,0,S,3,1,185857,49.99,2014,35,38.8,37.73
65232,Historical,545435,0,0,S,6,1,101709,58,2012,18,0,0
65233,Historical,861306,0,0,S,2,1,97787,59,2013,32,45.26,51.65
65234,Historical,199144,0,0,S,3,1,1919976,68.95,2002,34,45.38,12.82
65235,Historical,581703,0,0,S,3,1,788294,161,2007,22,0,112.99
65237,Historical,2329881,0,0,S,1,0,137431,4.99,1998,70,47.37,4.99
65239,Historical,610233,0,0,S,3,1,1927,45,2014,95,23.17,27.66
65240,Historical,909908,0,0,S,0,0,276488,15.48,2008,30,0,14.97
65241,Historical,531119,0,0,S,32,1,35775,50.95,2011,56,25.81,33.98
65242,Historical,614294,0,0,S,29,1,38116,39.95,2012,58,8.15,13.98
65243,Historical,637007,1,1,S,7,1,529934,331,2010,14,58.72,205.94
65244,Historical,531397,0,0,S,6,1,939114,48.61,2005,48,58.72,18.89
65245,Historical,110249,1,1,S,4,1,23617,207.5,2009,196,5.48,67.99
65246,Historical,52247,1,2,S,7,1,14545,208.5,2009,163,58.72,28.31
65247,Historical,533695,1,1,S,9,1,13867,112.95,2012,138,28.93,40.04
65249,Historical,52216,0,0,S,6,1,1217792,120.95,1999,61,28.93,14.54
65250,Historical,264246,0,0,S,3,1,1617739,42.95,2004,49,12.92,11.98
65251,Historical,641583,0,0,S,2,1,728531,76.95,2008,23,4,5.49
65253,Historical,537151,0,0,S,3,1,37316,49.95,2012,65,31.11,42.82
65254,Historical,249330,0,0,S,14,1,7774,23,2007,132,0,11.98
65255,Historical,1980858,0,0,S,2,1,28738,23.95,2013,18,0,21.15
65256,Historical,811164,0,0,S,9,1,665963,27.99,2009,57,20,24
65258,Historical,871065,0,0,S,9,1,16858,8.99,2011,121,4,6.07
65259,Historical,195696,0,0,S,8,1,451104,19.99,2004,146,4,7.99
65260,Historical,672821,0,0,S,9,1,36914,19.99,2012,90,4,12.87
65261,Historical,599133,0,0,S,7,1,174556,98.64,2008,45,47.68,68.94
65262,Historical,858329,0,0,S,2,1,33524,89,2013,56,52.97,69.99
65263,Historical,2470293,0,0,S,2,1,719482,106,2001,30,0,63.99
65265,Historical,290264,0,0,S,3,1,140911,186.25,2011,38,28.99,61.98
65266,Historical,2679501,0,0,S,3,1,944249,64.95,1994,18,89.09,39.99
65268,Historical,713745,0,0,S,3,1,1174530,69,1999,21,60.76,88.15
65269,Historical,290094,0,0,S,4,1,952651,75,2007,33,17.23,57.93
65270,Historical,118024,0,0,S,2,1,290132,105,2006,36,26.17,49.43
65271,Historical,169134,0,0,S,2,1,412151,59.95,2006,13,0,0
65272,Historical,55016,0,0,S,2,1,23170,118.5,2009,77,69.56,64.72
65273,Historical,100198,0,0,S,3,1,730697,20.25,2009,16,11.32,15.64
65274,Historical,534581,0,0,S,4,1,1241,19.95,2012,83,11.32,11.47
65275,Historical,339841,0,0,S,2,1,116377,65,2009,43,27.97,39.22
65276,Historical,1779894,0,0,S,2,1,638967,45,2014,11,35.02,31.05
65278,Historical,2407743,0,0,S,1,0,1166768,60,1996,90,0,5.4
65279,Historical,2230305,0,0,S,0,0,76290,0,2014,7,0,48.67
65280,Historical,2528340,0,0,S,0,0,270867,45.95,1992,20,7.57,39.06
65281,Historical,1989667,0,0,S,2,1,130561,49.99,2014,43,21.97,31.35
65282,Historical,646881,0,0,S,1,0,160781,39.99,2013,37,8.96,25.95
65283,Historical,288715,0,0,S,1,0,917643,29.99,2010,113,8.96,7.15
65284,Historical,145738,0,0,S,1,0,1264097,34.99,2007,78,8.96,4.49
65285,Historical,644440,0,0,S,1,0,85852,54.99,2013,62,21.94,22.99
65288,Historical,646682,0,0,S,10,1,472835,37.5,2002,12,0,27.62
65289,Historical,657553,0,0,S,11,1,198872,54.25,2008,20,0,0
65291,Historical,2947131,0,0,S,0,0,166617,18,2004,20,38.39,17.99
65292,Historical,1638633,0,0,S,5,1,83790,22,2010,169,13.99,10.29
65293,Historical,607999,0,0,S,7,1,3297670,48.95,2003,38,45.26,13.97
65294,Historical,531108,0,0,S,2,1,1007001,75.95,2012,30,64.25,49.91
65295,Historical,115284,0,0,S,2,1,274685,75.33,2002,37,17.94,51.97
65296,Historical,286166,0,0,S,2,1,83755,52.67,2006,20,20.73,33.97
65297,Historical,267524,0,0,S,19,1,1170376,64.95,2010,47,71.11,18.99
65298,Historical,610357,0,0,S,14,1,658367,59.95,2013,57,48.99,79.31
65299,Historical,907880,0,0,S,15,1,676028,64.95,2014,28,48.99,29.59
65300,Historical,610356,0,0,S,19,1,355199,64.95,2013,26,75.9,48.04
65301,Historical,908449,0,0,S,11,1,3187535,42.95,2009,59,10.99,41.13
65302,Historical,2042532,0,0,S,19,1,3489509,69.95,2010,11,80.88,38.99
65303,Historical,545746,0,0,S,4,1,66908,113.99,2012,96,21.25,43.24
65304,Historical,270983,0,0,S,4,1,267308,99.99,2011,45,21.25,84.37
65305,Historical,877977,1,1,S,5,1,992002,65.01,2001,49,103.74,17.67
65306,Historical,591108,0,0,S,0,0,434026,163.95,2013,74,8.48,14.03
65307,Historical,534665,0,0,S,8,1,112562,74.95,2013,27,53.98,48.59
65308,Historical,128238,0,0,S,3,1,997180,69.95,2003,16,50.39,65.6
65309,Historical,107657,0,0,S,5,1,1317753,334.22,2001,12,0,296.04
65310,Historical,659915,0,0,S,7,1,81184,76.95,2013,47,31.82,44.95
65311,Historical,131947,0,0,S,1,0,864911,91,2005,23,39.29,12.98
65312,Historical,52953,0,0,S,11,1,1830874,14.74,2005,53,137.62,19.95
65313,Historical,642134,0,0,S,2,1,269877,43.95,2012,38,13.98,23.91
65314,Historical,546440,1,1,S,1,0,7355,92,2013,89,36.89,19
65315,Historical,664948,1,1,S,1,0,296277,73,2014,21,46.2,55.97
65316,Historical,862001,1,4,S,1,0,3144,75,2014,33,52.79,28.97
65319,Historical,265289,0,0,S,4,1,387649,89,2003,108,36.89,7.99
65320,Historical,265288,0,0,S,4,1,999475,91,2002,46,36.89,38.99
65321,Historical,1777852,0,0,S,3,1,32891,85,2014,22,44.57,48.64
65322,Historical,118918,1,1,S,1,0,117193,221.8,1998,60,0,60.19
65325,Historical,788963,0,0,S,6,1,5535394,199,2002,18,116.28,68.14
65327,Historical,172219,0,0,S,0,0,69865,24.95,2007,72,17.99,21.99
65328,Historical,2774013,0,0,S,11,1,3789288,85,1993,17,0,65.33
65329,Historical,1646399,0,0,S,0,0,385350,49.95,2008,58,0,13.48
65330,Historical,217368,0,0,S,3,1,305333,42,2000,22,0,33.52
65331,Historical,1686650,0,0,S,0,0,227,49.95,2014,36,33.43,27.24
65333,Historical,863633,1,1,S,4,1,307002,104.95,2008,25,0,0
65335,Historical,294126,0,0,S,3,1,3699298,159,2002,20,0,147.56
65336,Historical,721551,0,0,S,25,1,295095,65,2004,16,10.99,51.61
65337,Historical,510201,0,0,S,5,1,617377,59.99,2012,26,34.11,36.97
65338,Historical,859384,0,0,S,3,1,783338,60,2006,26,4,49.99
65340,Historical,1879563,0,0,S,9,1,227091,41.95,2007,5,0,43.95
65341,Historical,1440598,0,0,S,9,1,419121,112,2011,0,0,0
65342,Historical,607960,0,0,S,3,1,1467545,54.99,2009,35,4,31.99
65343,Historical,531085,0,0,S,2,1,53340,36.95,2012,53,19.24,24.51
65344,Historical,587681,0,0,S,2,1,593782,100.95,2012,30,0,0
65345,Historical,292810,0,0,S,3,1,582178,125,2001,31,19.11,61.87
65346,Historical,566707,0,0,S,3,1,2952501,23.68,1995,33,23.99,67.49
65348,Historical,1767378,0,0,S,0,0,1513433,39.99,2015,13,0,34.14
65349,Historical,643993,0,0,S,2,1,301423,79.95,2009,26,122.99,56.83
65350,Historical,859526,0,0,S,3,1,1142104,59.99,2007,41,5.73,27.73
65352,Historical,914744,0,0,S,3,1,1936946,41.79,2004,22,34.98,41.79
65353,Historical,132302,0,0,S,6,1,1233941,158.8,2007,29,9.39,49.7
65354,Historical,824126,0,0,S,8,1,3510952,30.4,2000,19,49.74,72.65
65355,Historical,190443,0,0,S,5,1,452471,53.11,1997,31,7.59,86.33
65356,Historical,872229,0,0,S,4,1,44974,90,2014,55,73.78,73.93
65357,Historical,292898,0,0,S,3,1,818321,61.9,2000,55,4.01,23.99
65358,Historical,118414,0,0,S,11,1,1062520,40,2006,87,0,0
65359,Historical,131909,0,0,S,2,1,573090,57.4,2005,21,0,0
65360,Historical,293528,0,0,S,0,0,1361567,81.95,1997,14,94.04,71.43
65362,Historical,2551144,0,0,S,2,1,4879759,51.95,1999,24,33.89,43.83
65363,Historical,117243,0,0,S,4,1,475296,153.6,2007,27,126.38,53.11
65364,Historical,532851,0,0,S,33,1,1413815,54.25,2012,32,20.79,42.43
65365,Historical,132375,0,0,S,4,1,759508,170.6,2007,50,7.7,58.91
65366,Historical,870606,0,0,S,35,1,678989,64,2014,33,20.79,27.27
65368,Historical,538889,0,0,S,34,1,1012860,51.99,2013,32,20.79,41.1
65369,Historical,541568,0,0,S,2,1,877855,34.95,2010,21,20.94,18.13
65371,Historical,716424,0,0,S,11,1,680595,13.28,2009,21,107.77,22.94
65372,Historical,715851,0,0,S,12,1,1062017,110.67,2011,16,107.77,66.31
65373,Historical,298488,1,2,S,8,1,1311182,1,2007,21,147.82,9.86
65374,Historical,635619,0,0,S,2,1,178106,61.8,2012,15,0,0
65375,Historical,270912,0,0,S,1,0,320936,44,2010,27,0,0
65376,Historical,208401,0,0,S,0,0,710542,44,2006,23,41.21,38.47
65377,Historical,635448,0,0,S,0,0,618103,53.95,1994,41,13.93,42.88
65378,Historical,246636,0,0,S,2,1,105256,59.95,2008,55,37.14,34.82
65379,Historical,127924,0,0,S,1,0,329215,49.95,2001,34,0,44.17
65380,Historical,543703,0,0,S,2,1,37343,39.99,2013,63,26.99,32.99
65381,Historical,800244,0,0,S,2,1,698223,48,2006,18,31.45,32.12
65382,Historical,656572,0,0,S,0,0,96203,57,2009,17,0,53.66
65383,Historical,635154,0,0,S,1,0,28929,57,2009,34,0,41.98
65384,Historical,279588,0,0,S,4,1,159605,49.95,2010,40,27.54,31.96
65386,Historical,664408,0,0,S,11,1,1107808,140.93,2013,17,76.47,129.04
65387,Historical,652254,1,1,S,11,1,151842,120.93,2013,45,76.47,63.74
65388,Historical,500164,0,0,S,5,1,689659,162.95,2010,35,0,87.99
65389,Historical,182734,1,1,S,2,1,897922,205.95,2001,41,0,43.84
65390,Historical,55576,0,0,S,3,1,1382582,219.95,2006,45,90.51,33.98
65393,Historical,868546,0,0,S,2,1,13406,84.95,2014,43,31.91,63.94
65394,Historical,616095,0,0,S,4,1,496428,50.33,1985,45,0,35.39
65395,Historical,285758,0,0,S,2,1,478985,110,1999,21,3.99,111.74
65396,Historical,295272,0,0,S,0,0,97354,60,2005,58,11.97,33.98
65397,Historical,637050,0,0,S,0,0,181018,60,2010,18,0,0
65398,Historical,291727,0,0,S,3,1,626164,185.95,2010,65,31.94,60.12
65399,Historical,1583031,0,0,S,0,0,128439,110,2012,19,0,58.99
65400,Historical,254450,0,0,S,1,0,481279,106.95,2010,24,0,56.45
65401,Historical,2258154,0,0,S,3,1,1544237,163.1,2008,29,119.98,65.71
65402,Historical,154299,0,0,S,0,0,1033271,93.75,2001,73,119.98,15.99
65403,Historical,51211,1,2,S,4,1,273383,283.95,2009,37,21.93,68.29
65404,Historical,51209,0,0,S,4,1,52016,293.95,2006,55,21.93,203.98
65405,Historical,708310,0,0,S,2,1,1170374,0,2004,28,23.99,26.98
65406,Historical,101565,1,1,S,1,0,477140,103.35,2003,44,32.58,53.98
65407,Historical,769551,1,2,S,0,0,598840,113.6,2002,79,0,28.99
65409,Historical,116215,1,1,S,0,0,303160,124.5,2006,89,95.66,18.64
65410,Historical,531067,0,0,S,0,0,199387,166.75,2008,69,29.65,26.49
65411,Historical,662421,0,0,S,3,1,181363,97.5,2008,13,8.82,58
65412,Historical,191848,0,0,S,3,1,1651342,0,1998,30,8.82,21.97
65413,Historical,320183,0,0,S,2,1,823876,89.95,2002,32,8.23,44.49
65414,Historical,2039158,0,0,S,2,1,10321,19.95,2014,80,9.99,11.49
65415,Historical,2675714,0,0,S,3,1,1255731,29.3,1992,55,37.94,14.95
65416,Historical,617684,0,0,S,5,1,433272,81.99,2005,50,37.94,53.99
65417,Historical,146159,0,0,S,2,1,184498,104,2009,37,26.8,84.88
65418,Historical,594663,0,0,S,1,0,251189,196.95,2012,23,0,0
65420,Historical,865499,0,0,S,7,1,1077988,48,2014,20,17.86,27.98
65421,Historical,636152,0,0,S,2,1,436893,105,1991,23,0,76.26
65422,Historical,156625,1,1,S,2,1,393813,46.95,1997,48,4.78,39.95
65423,Historical,108389,0,0,S,4,1,957545,71,2005,17,7.47,17.94
65424,Historical,881568,0,0,S,2,1,46897,69.99,2015,7,59.91,56.75
65425,Historical,2350136,0,0,S,2,1,35086,13,2003,69,0,32.97
65426,Historical,106695,0,0,S,2,1,532202,20,2008,37,12.39,10.2
65427,Historical,106059,0,0,S,2,1,70198,13,2003,91,0,13.99
65428,Historical,3057088,0,0,S,1,0,607137,35,2001,37,36.68,47.89
65429,Historical,919906,0,0,S,4,1,477614,16.99,2010,56,26.91,13.24
65430,Historical,646972,1,2,S,5,1,5673,35.5,2013,121,26.91,18.99
65431,Historical,920505,0,0,S,1,0,143275,9.04,2008,82,10.97,6.74
65432,Historical,908179,0,0,S,4,1,685430,9.95,2008,16,8.36,26.82
65433,Historical,268398,0,0,S,2,1,92742,70,2005,22,0,0
65434,Historical,117572,1,1,S,0,0,403563,122.4,2004,42,6.83,49.3
65435,Historical,902527,0,0,S,0,0,1552773,37.5,2006,25,6.83,28.98
65436,Historical,531056,0,0,S,2,1,52370,34,2009,51,11.23,10.86
65437,Historical,531050,0,0,S,2,1,1018124,29.99,2009,67,0,0
65438,Historical,535724,0,0,S,3,1,27345,34.99,2013,22,0,0
65439,Historical,326317,0,0,S,2,1,4137954,87.5,2004,33,8.59,54.73
65440,Historical,119704,0,0,S,4,1,206628,105.75,2008,34,0,73.98
65441,Historical,119705,0,0,S,4,1,282085,22.25,2008,26,0,20.68
65442,Historical,635916,1,3,S,3,1,487969,105.75,2004,31,0,55.89
65443,Historical,666571,0,0,S,4,1,175416,105.75,2008,24,58.06,83.98
65444,Historical,531044,0,0,S,2,1,113279,34.99,2009,22,15.99,17.16
65445,Historical,264203,0,0,S,2,1,635236,35.95,2002,62,0,12.98
65446,Historical,368432,0,0,S,2,1,55999,28.95,2009,52,15.14,21.79
65447,Historical,155531,0,0,S,3,1,1540289,28.95,1997,50,29.59,19.99
65448,Historical,3751695,0,0,S,7,1,206424,59.99,2016,0,0,56.99
65449,Historical,531042,0,0,S,2,1,91786,44.95,2009,21,31.27,25.54
65450,Historical,900477,0,0,S,2,1,139110,77.95,2014,17,59.59,55.64
65451,Historical,191875,0,0,S,5,1,105452,230.75,2001,97,37.99,76.99
65452,Historical,531041,0,0,S,2,1,854916,54.99,2008,23,4.39,25
65453,Historical,741558,0,0,S,3,1,1479419,59.99,2008,36,0,13.96
65454,Historical,531040,0,0,S,2,1,290950,54.99,2010,19,4.95,15.98
65455,Historical,909069,0,0,S,2,1,751418,61.95,2014,25,40.66,51.02
65456,Historical,269436,0,0,S,2,1,333086,85,2010,60,70.79,61
65457,Historical,173911,0,0,S,2,1,80803,34.99,2004,60,9.99,24.96
65459,Historical,486262,1,1,S,2,1,702591,84.47,2011,30,94.67,27.49
65460,Historical,144223,1,1,S,6,1,697305,176.4,2001,18,0,26.99
65461,Historical,103726,0,0,S,5,1,2330887,111,1997,44,0,14.49
65462,Historical,144146,0,0,S,6,1,198334,176.4,2000,56,0,36.23
65463,Historical,617204,0,0,S,4,1,334070,112.16,1999,45,35.78,49.48
65464,Historical,108749,0,0,S,3,1,1929819,8.99,2004,62,82.16,8.99
65465,Historical,616155,0,0,S,2,1,2180272,49.95,1990,27,38.77,45.86
65466,Historical,246299,0,0,S,4,1,390658,150,2006,45,38.77,42.39
65468,Historical,246457,0,0,S,2,1,356233,134.75,2008,31,58.24,70.02
65469,Historical,285885,0,0,S,4,1,433864,107.2,2001,29,98.99,18.99
65470,Historical,120795,0,0,S,6,1,332077,197.33,2009,64,145.91,10.86
65471,Historical,254082,0,0,S,2,1,947372,59.95,2009,128,4,13.76
65472,Historical,613002,1,1,S,1,0,1385201,73.95,2008,33,4,43.97
65473,Historical,136857,0,0,S,2,1,77009,100,2010,32,63.97,71.73
65474,Historical,760935,0,0,S,2,1,5309211,72.45,2001,13,59.48,56.61
65475,Historical,625584,0,0,S,4,1,1186733,131.02,1996,35,29.39,73.61
65476,Historical,112383,0,0,S,4,1,93593,87.73,1997,66,27.38,73.71
65477,Historical,2047622,0,0,S,3,1,608317,85,2014,20,48.49,28.87
65478,Historical,211821,0,0,S,2,1,108175,82.5,2008,35,25.83,57.45
65479,Historical,386156,0,0,S,11,1,68661,129.5,2011,40,128.79,0
65480,Historical,518406,0,0,S,5,1,897623,74.99,2012,38,10.68,42.81
65481,Historical,648196,0,0,S,2,1,1161658,47.95,2012,17,67.6,41.36
65482,Historical,647876,0,0,S,2,1,1749277,46.95,2010,22,123.53,30.84
65483,Historical,429124,0,0,S,2,1,1432741,58,2011,15,0,26.29
65484,Historical,650673,0,0,S,2,1,1202514,93.95,2010,23,222.32,71.14
65485,Historical,617698,0,0,S,2,1,362121,105,2003,38,39.97,61.09
65486,Historical,608062,0,0,S,3,1,3338573,152.95,2004,27,189.59,12.98
65487,Historical,178026,0,0,S,10,1,110474,188.95,2003,62,17.78,84.37
65488,Historical,201709,0,0,S,8,1,294646,52.95,2014,54,11.98,36.21
65490,Historical,291088,0,0,S,3,1,359002,49.99,2009,21,10.64,40.97
65491,Historical,459155,0,0,S,3,1,1135527,68.6,2011,16,336.42,50.91
65492,Historical,868168,0,0,S,2,1,1032051,18.98,1984,38,58.76,33.99
65493,Historical,113712,0,0,S,9,1,942653,99,1999,35,98.92,19.96
65494,Historical,528479,1,1,S,19,1,596214,95.38,2011,18,152.58,88.99
65495,Historical,111474,0,0,S,2,1,706507,207.5,2011,16,33.69,145.37
65496,Historical,876095,0,0,S,3,1,1417719,21.59,2012,30,133.81,43.99
65498,Historical,55359,0,0,S,7,1,805863,358.95,2004,49,162.86,69.9
65499,Historical,531008,0,0,S,6,1,94312,403.95,2012,44,101.43,95
65500,Historical,692051,0,0,S,8,1,4050666,215.95,1999,33,214.67,10.43
65501,Historical,1611066,0,0,S,6,1,1354924,182.86,2011,18,0,218.67
65502,Historical,903816,1,1,S,0,0,223447,129.9,2005,29,4.99,83.85
65504,Historical,643694,0,0,S,4,1,1239630,65.31,2010,21,0,65.47
65505,Historical,593623,0,0,S,1,0,1046759,8.87,2007,49,4,8.65
65506,Historical,710810,0,0,S,3,1,187314,77.75,2000,38,0,30.97
65507,Historical,286430,0,0,S,2,1,1160859,194,2007,71,83.65,15.99
65508,Historical,201730,0,0,S,7,1,234190,49.95,2008,34,0,0
65509,Historical,603251,0,0,S,8,1,1104946,46.42,2006,18,13,48.74
65510,Historical,110573,0,0,S,2,1,25789,276.25,2011,56,33.69,38.99
65511,Historical,2341686,0,0,S,10,1,3454274,0,1976,46,73.4,53.84
65512,Historical,607927,0,0,S,0,0,1820315,182,2007,20,0,43.99
65513,Historical,713163,0,0,S,2,1,1200891,134.15,2003,55,4.99,12.33
65514,Historical,108254,0,0,S,7,1,3659145,106,2004,30,102.48,25.98
65515,Historical,550560,0,0,S,6,1,1793626,28.51,2011,36,48.99,28.5
65517,Historical,1584809,1,1,S,2,1,607675,61.45,2011,27,32.32,42.86
65518,Historical,148068,0,0,S,4,1,1308034,292.95,2004,38,68.06,38.57
65519,Historical,603343,1,1,S,1,0,421082,75.58,2008,34,24.26,66.43
65520,Historical,238052,1,1,S,0,0,249788,14.95,2008,52,24.26,20.69
65521,Historical,766718,0,0,S,2,1,69525,130,2000,19,0,0
65522,Historical,534828,0,0,S,4,1,645245,47.3,2011,70,28.26,7.98
65523,Historical,867242,0,0,S,3,1,372916,79.95,2014,30,67.94,57.44
65524,Historical,913251,0,0,S,6,1,1173314,99.4,2006,26,105.18,66.75
65525,Historical,259987,0,0,S,2,1,2286011,74,2002,21,13.19,52.23
65526,Historical,2419985,0,0,S,6,1,8635942,65,2005,24,38.96,59.99
65527,Historical,57807,0,0,S,10,1,74787,123,2007,52,30.77,92.98
65528,Historical,287862,0,0,S,4,1,28741,100,2005,45,35.43,68.97
65529,Historical,635774,0,0,S,2,1,1234829,62.49,2001,21,51.98,55.34
65530,Historical,262760,0,0,S,2,1,704141,79.95,2009,15,0,63.99
65531,Historical,531017,0,0,S,6,1,46625,76.75,2012,56,33.98,37.09
65532,Historical,2511740,0,0,S,2,1,3951885,95.85,1988,28,127.62,29.73
65533,Historical,662960,0,0,S,2,1,1074989,73.95,2007,19,0,57.19
65534,Historical,888965,0,0,S,2,1,4602070,158,2013,11,38.35,107.87
65535,Historical,112241,1,4,S,1,0,99905,130.75,2004,208,0,23.99
65536,Historical,116792,0,0,S,4,1,3524739,173.33,2005,47,27.22,9.74
65538,Historical,716253,0,0,S,17,1,78581,220.47,2013,56,182.89,43.99
65539,Historical,2264954,0,0,S,16,1,1345229,83.7,2011,47,71.08,40.77
65540,Historical,145451,1,2,S,14,1,1855241,154.33,2007,23,166.46,13.95
65541,Historical,60299,0,0,S,14,1,329650,10.91,2007,60,166.46,15.99
65542,Historical,748010,0,0,S,5,1,5277490,76,1998,28,29.61,12.49
65543,Historical,217298,0,0,S,2,1,618383,39,2007,47,22.49,25
65544,Historical,623187,0,0,S,1,0,461241,65,2005,28,4.02,12.94
65545,Historical,52802,0,0,S,5,1,901518,8.04,2000,76,91.04,35.97
65546,Historical,545008,0,0,S,2,1,893982,43,2012,30,21.11,33.18
65547,Historical,2078837,0,0,S,0,0,1119319,18.95,2010,8,43.03,16.92
65548,Historical,2078838,0,0,S,0,0,445995,16.95,2010,16,43.03,12.81
65549,Historical,869717,0,0,S,2,1,1289167,55,2013,13,0,46.6
65550,Historical,906334,0,0,S,2,1,6268904,47.95,1999,18,49.48,41.18
65551,Historical,531002,0,0,S,2,1,492806,68.95,2008,31,35.49,54.64
65555,Historical,760976,0,0,S,1,0,1382567,58,1998,42,0,28.73
65556,Historical,865748,0,0,S,2,1,836601,49.95,2011,10,0,42.18
65557,Historical,217719,0,0,S,2,1,850743,80.95,2007,57,5.48,33.69
65558,Historical,911813,0,0,S,21,1,1040873,43.8,2011,19,75.49,30.99
65560,Historical,667316,0,0,S,2,1,471110,64.95,2012,50,69.01,59.94
65561,Historical,247817,0,0,S,2,1,982571,41.95,2008,14,0,39.65
65563,Historical,292112,0,0,S,5,1,323172,312.95,2000,39,14.87,73.33
65564,Historical,619080,0,0,S,1,0,142364,44,1990,38,0,12.49
65565,Historical,626996,0,0,S,2,1,441930,45.95,2006,27,21.55,41.13
65566,Historical,131620,0,0,S,1,0,617663,170.8,2004,42,6.52,56.72
65567,Historical,111974,0,0,S,38,1,2052098,46,2010,27,8.03,12.39
65568,Historical,111999,0,0,S,39,1,1274436,49.5,2011,28,8.03,36.98
65569,Historical,661550,0,0,S,0,0,345310,38,2011,17,27.73,28.51
65570,Historical,564950,0,0,S,2,1,911020,50.95,2010,25,28.99,30.92
65571,Historical,612599,0,0,S,41,1,642011,58.5,2013,37,8.03,39.52
65572,Historical,132615,0,0,S,1,0,279853,118.6,2008,50,24.39,41.64
65573,Historical,578325,0,0,S,8,1,273859,161.32,1996,37,4,56.33
65574,Historical,132174,0,0,S,5,1,1047533,114.67,2006,66,24.39,16.84
65575,Historical,2619289,0,0,S,2,1,2038186,84.95,1995,32,217.05,23.94
65577,Historical,545787,0,0,S,3,1,55560,68,2012,35,44.16,47.13
65578,Historical,115557,0,0,S,2,1,1181994,74,2003,69,4,16.42
65579,Historical,131624,0,0,S,9,1,2083466,98.4,2003,103,84.78,22.14
65580,Historical,244431,0,0,S,1,0,337251,207.95,2012,24,87.96,128.99
65581,Historical,110298,0,0,S,22,1,3928375,153.48,2007,25,44.66,44.68
65582,Historical,131571,0,0,S,1,0,963459,131.8,2005,35,14.93,57.03
65583,Historical,116331,0,0,S,7,1,368445,187.13,2010,28,126.89,143.76
65584,Historical,449567,0,0,S,1,0,83568,219.5,2009,46,27.97,98.98
65585,Historical,247574,0,0,S,1,0,225797,84,2005,18,0,53.94
65586,Historical,869386,0,0,S,10,1,75930,102.67,2015,55,50.99,53.95
65587,Historical,50179,0,0,S,7,1,1596273,124.67,2006,16,50.99,43.98
65588,Historical,52173,0,0,S,1,0,234788,82,2001,38,93.98,50.98
65589,Historical,212931,0,0,S,2,1,1074350,97.95,2000,31,66.79,67.95
65590,Historical,248119,0,0,S,4,1,165423,125,2010,85,73.95,83.99
65591,Historical,295049,0,0,S,2,1,336143,41.95,2007,26,33.66,41.95
65592,Historical,530987,0,0,S,2,1,1677010,45,2012,13,26.68,38.47
65593,Historical,2203836,0,0,S,0,0,69738,65,2015,19,39.47,44.26
65595,Historical,649685,1,1,S,2,1,27071,48.69,2012,57,0,0
65598,Historical,900571,0,0,S,4,1,125287,44.99,2015,23,26.59,30.29
65599,Historical,530986,1,1,S,2,1,383447,49.99,2010,26,23.96,23.48
65600,Historical,145179,0,0,S,3,1,27515,54.99,2005,38,34.21,38.68
65601,Historical,403358,0,0,S,3,1,127165,107.2,2011,54,45.52,80.12
65602,Historical,133156,0,0,S,2,1,200851,102.6,2010,35,31.23,45.51
65603,Historical,614526,0,0,S,11,1,160284,223.95,2007,60,5.59,31.93
65604,Historical,916107,0,0,S,3,1,316078,70,2014,40,55.38,44.99
65605,Historical,538220,0,0,S,2,1,449860,67,2011,61,11.79,42.26
65606,Historical,681014,0,0,S,3,1,387499,29.99,2010,39,18.98,9.94
65607,Historical,248471,0,0,S,0,0,1014895,24.99,2005,47,18.98,13.44
65608,Historical,675462,0,0,S,2,1,147719,24.99,2008,109,18.98,10.62
65609,Historical,530982,0,0,S,2,1,206635,42,2009,26,12.77,26.11
65610,Historical,636382,0,0,S,1,0,306078,65,2009,29,83.16,38.51
65611,Historical,131238,0,0,S,4,1,116119,256.2,2000,47,58.98,45.15
65612,Historical,145252,0,0,S,2,1,6703,54.99,2008,110,21.74,31.65
65614,Historical,539276,0,0,S,8,1,7214,83.2,2012,58,42.5,61.99
65615,Historical,293269,0,0,S,2,1,66706,66,2005,41,32.62,36.88
65616,Historical,201519,0,0,S,3,1,1237625,80,2006,64,5.69,13.95
65618,Historical,106985,0,0,S,1,0,335138,66,2003,25,0,23.99
65619,Historical,530977,0,0,S,2,1,285201,49.99,2010,23,11.79,29.99
65620,Historical,539057,0,0,S,4,1,405351,64.95,2012,25,50.82,45.8
65621,Historical,876522,0,0,S,2,1,1255430,98.8,2013,9,92.91,90.08
65623,Historical,342853,0,0,S,3,1,459839,50,2003,37,34.66,12.49
65625,Historical,922837,0,0,S,2,1,2228439,50.2,2007,99,51,9.49
65626,Historical,133273,0,0,S,3,1,522943,55.4,2010,121,51,7.94
65627,Historical,113672,0,0,S,3,1,126592,138.4,1999,41,4,28.98
65628,Historical,148098,0,0,S,3,1,315549,52.95,2006,13,0,0
65629,Historical,101367,0,0,S,7,1,1145890,108.95,2000,22,32.06,50.3
65630,Historical,640144,0,0,S,2,1,2151828,69.4,2003,22,39.42,40.98
65632,Historical,635057,0,0,S,4,1,824553,65,2010,18,0,0
65633,Historical,1929067,0,0,S,2,1,1075579,47,2014,14,0,32.5
65634,Historical,1554089,0,0,S,2,1,3750738,41.95,2012,14,34.17,31.3
65635,Historical,116342,0,0,S,7,1,1282161,160.93,2010,25,103.36,250.08
65636,Historical,552986,0,0,S,6,1,1612182,118,2006,25,103.36,122.93
65637,Historical,530972,0,0,S,4,1,68005,53.4,2010,27,25.28,40.4
65638,Historical,530971,0,0,S,3,1,612839,49.95,2012,17,35.94,34.44
65639,Historical,446964,0,0,S,2,1,118562,46.95,2012,47,37.94,28.92
65640,Historical,664726,0,0,S,4,1,47807,108,2013,39,63.41,79.85
65641,Historical,530967,0,0,S,2,1,94258,49.99,2007,41,17.52,25.38
65642,Historical,2450606,0,0,S,6,1,334140,36.11,1994,80,5.16,23.54
65643,Historical,127047,0,0,S,2,1,1244140,95.95,2006,19,0,82.84
65644,Historical,637698,0,0,S,2,1,290562,43.25,2012,25,18.25,29.54
65645,Historical,1780423,0,0,S,3,1,232491,47.95,2014,12,0,41.3
65646,Historical,118794,0,0,S,3,1,33279,114.4,2011,32,63.98,87.32
65647,Historical,606873,0,0,S,6,1,648620,67.25,2003,39,0,11.98
65648,Historical,707151,0,0,S,1,0,258399,110.75,2004,34,0,77.76
65649,Historical,117582,0,0,S,3,1,727251,121.4,2003,39,47.53,45.01
65650,Historical,614958,0,0,S,2,1,105149,174.95,2001,58,11.83,56.95
65652,Historical,775715,1,1,S,2,1,2678516,209,2003,24,36.94,75.65
65653,Historical,293725,0,0,S,0,0,112704,19.99,2006,70,24.33,49.64
65654,Historical,920174,0,0,S,0,0,430128,55,2005,58,0,31
65655,Historical,596828,0,0,S,1,0,744547,9.95,2003,34,68.69,7.98
65656,Historical,541578,0,0,S,2,1,137424,47.95,2011,19,0,38.95
65657,Historical,1988003,0,0,S,1,0,56723,34.95,2013,24,23.18,16.94
65658,Historical,268759,0,0,S,3,1,5303962,100,2004,14,58.98,85.62
65660,Historical,165158,0,0,S,3,1,636885,108.32,1997,34,24.94,76.98
65661,Historical,286396,1,2,S,8,1,92957,173,2009,55,54.55,24.93
65662,Historical,202400,0,0,S,7,1,350359,169.95,2002,19,45.42,46.49
65663,Historical,642268,0,0,S,2,1,128006,50,2011,27,0,22.97
65664,Historical,908042,0,0,S,2,1,1863059,34.95,1993,26,38.84,45.06
65666,Historical,621512,0,0,S,1,0,492204,189.2,1996,29,0,141.93
65667,Historical,267154,0,0,S,2,1,745707,120,2006,19,0,0
65668,Historical,617261,0,0,S,2,1,489164,199.95,1993,25,0,73.98
65669,Historical,639897,0,0,S,3,1,49877,34.95,2011,26,20.78,21.13
65670,Historical,607186,0,0,S,2,1,116899,117,2001,49,113.98,6.49
65671,Historical,115286,0,0,S,2,1,577424,134.2,2001,51,7.73,55.03
65672,Historical,105990,0,0,S,2,1,1205330,78,2003,21,27.16,49.2
65673,Historical,1780150,0,0,S,0,0,659371,80,2015,12,55.34,58.99
65674,Historical,2263434,1,1,S,7,1,2672874,0,2011,7,0,118.57
65675,Historical,2377881,0,0,S,2,1,3347441,79.67,1990,24,124.44,33.92
65676,Historical,222831,0,0,S,2,1,583868,74,2001,42,5.24,53.91
65677,Historical,222830,0,0,S,0,0,1896630,55,1996,33,5.24,24.05
65678,Historical,530943,0,0,S,4,1,461692,80,2012,23,43.98,63.08
65679,Historical,861318,0,0,S,3,1,506751,149.95,2013,19,8.49,10.24
65681,Historical,612199,1,6,S,15,1,35355,133.95,2014,32,63.69,78.99
65682,Historical,530941,0,0,S,17,1,51039,115.95,2011,33,58.89,78.61
65683,Historical,609122,0,0,S,14,1,1123481,112.95,2001,40,58.89,15.59
65686,Historical,652721,0,0,S,8,1,83897,54.5,2011,15,0,0
65688,Historical,615671,0,0,S,4,1,1214127,11.71,1993,31,113.98,8.29
65689,Historical,530938,0,0,S,9,1,1534675,147.95,2008,18,11.2,84.28
65690,Historical,2070638,0,0,S,8,1,722387,24,2012,14,56.17,22.08
65691,Historical,788184,1,2,S,4,1,1743438,301.95,2000,19,75.99,43.47
65692,Historical,546501,1,1,S,10,1,182437,98,2008,47,45.15,63.95
65693,Historical,543656,0,0,S,3,1,29870,89.99,2013,36,52.42,57.51
65694,Historical,622172,0,0,S,2,1,650553,85.74,1984,43,0,0
65695,Historical,646480,0,0,S,10,1,611755,53.28,2009,36,21.13,42.99
65696,Historical,877251,0,0,S,5,1,3015889,111.95,1997,24,103.61,12
65697,Historical,1826892,0,0,S,9,1,309116,58.95,2014,17,26.98,53.86
65698,Historical,610753,0,0,S,2,1,94506,46.95,2014,74,42.76,37.5
65699,Historical,550538,0,0,S,2,1,495618,60,2008,35,10.75,33.37
65700,Historical,896501,0,0,S,3,1,9147548,145,1992,17,132.95,83.25
65701,Historical,894477,0,0,S,4,1,4711556,173,1999,12,132.95,93.99
65702,Historical,2663750,0,0,S,3,1,1116279,189,1993,18,153.98,121.66
65703,Historical,2675542,0,0,S,3,1,1121471,106.25,1987,25,35.19,73.99
65704,Historical,2339202,0,0,S,2,1,1778115,0,1973,29,37.57,68.13
65705,Historical,105254,0,0,S,5,1,1484546,103.25,2005,23,37.57,30.13
65706,Historical,1569879,0,0,S,2,1,133001,53.95,2013,22,33.98,39.55
65707,Historical,556490,0,0,S,4,1,1020632,41.95,2013,27,29.27,35.39
65708,Historical,766626,0,0,S,3,1,2841611,42.95,1998,12,6.48,15.2
65709,Historical,2562972,0,0,S,2,1,1980843,213.95,1984,21,0,56.87
65710,Historical,1651424,0,0,S,3,1,2532474,39.95,2006,17,0,19.62
65711,Historical,51710,0,0,S,7,1,1743929,191.95,2006,70,88.99,9.85
65712,Historical,2342493,0,0,S,5,1,1439303,0,1985,31,49.98,72.95
65713,Historical,202308,1,2,S,2,1,253053,365.95,2001,34,0,0
65714,Historical,114720,0,0,S,5,1,638252,218.4,2003,38,86.93,89.17
65715,Historical,891204,0,0,S,2,1,9042602,101.15,1996,12,33.99,44.63
65717,Historical,873452,0,0,S,4,1,489811,109.5,1995,22,107.97,53.99
65718,Historical,714365,1,1,S,4,1,6176219,21.29,2001,16,107.97,21.29
65719,Historical,648838,0,0,S,2,1,592598,99.95,2009,26,0,36.99
65720,Historical,644685,0,0,S,2,1,309623,128.2,2011,25,4.27,119.11
65721,Historical,616712,0,0,S,3,1,29165,138.25,2012,68,23.94,75.76
65722,Historical,109891,0,0,S,1,0,419642,125.75,2008,58,0,13.93
65723,Historical,627974,0,0,S,1,0,1236530,0,2008,27,0,43.99
65724,Historical,56475,1,1,S,2,1,181229,128.2,2011,29,4.27,70.24
65725,Historical,249963,0,0,S,2,1,183244,165.95,2008,36,15.19,53.98
65726,Historical,617640,0,0,S,2,1,88980,57.95,2010,57,25.38,28.99
65727,Historical,624302,0,0,S,4,1,140421,99,2013,38,54.99,54.82
65728,Historical,894425,0,0,S,5,1,7775846,93.85,1996,15,62.59,51.93
65729,Historical,530921,0,0,S,7,1,1947373,123.9,2007,11,68.99,91.02
65731,Historical,115746,0,0,S,2,1,520791,135,2003,32,23.88,73.43
65732,Historical,201380,0,0,S,1,0,456090,21.99,2005,57,10.95,23.99
65733,Historical,848081,0,0,S,4,1,867740,96,1997,42,106.26,12.99
65734,Historical,634018,0,0,S,3,1,1458361,44.99,1998,36,28.98,25.52
65735,Historical,530924,0,0,S,3,1,325016,205,2008,43,78.99,118.87
65736,Historical,541808,0,0,S,5,1,193789,66,2012,19,52.97,48.54
65737,Historical,2649955,1,1,S,3,1,1783161,60.95,1999,22,52.97,42.02
65738,Historical,51547,0,0,S,4,1,906592,93.35,2003,54,119.94,33.97
65739,Historical,860742,0,0,S,7,1,288150,107.8,2012,33,119.94,24.6
65740,Historical,530915,0,0,S,9,1,16135,294.95,2011,51,98.77,82
65741,Historical,764130,0,0,S,2,1,4863870,109.95,2001,20,107.41,58.57
65742,Historical,144602,1,1,S,1,0,446817,226.4,2008,38,0,103.98
65743,Historical,169463,0,0,S,8,1,2733955,289.95,2006,18,96.73,51.39
65744,Historical,871860,0,0,S,6,1,1954279,151.88,2008,31,74.77,64.99
65745,Historical,51306,0,0,S,6,1,1565641,130.67,2001,77,121.58,38.95
65746,Historical,561446,0,0,S,2,1,3682335,199.33,2010,8,83.98,0
65747,Historical,2669846,0,0,S,3,1,440867,37.32,1992,12,13.52,83.97
65748,Historical,629119,0,0,S,2,1,97569,59.95,2013,49,36.99,22.61
65749,Historical,594327,0,0,S,0,0,991107,54.95,2010,27,36.99,93.56
65750,Historical,626925,0,0,S,3,1,2418722,145.33,2010,33,180.18,13.97
65751,Historical,544699,0,0,S,6,1,383523,334.95,2013,44,14.93,93.43
65752,Historical,110232,0,0,S,4,1,133974,278.25,2011,50,10.23,72.98
65753,Historical,146309,0,0,S,3,1,52028,233.4,2011,116,24.99,24.95
65754,Historical,55355,0,0,S,3,1,624449,285.95,2001,58,4.85,26.94
65755,Historical,540803,1,2,S,3,1,47856,233.4,2013,78,62.62,87.94
65756,Historical,130083,0,0,S,3,1,1296845,130.67,2001,85,111.99,13.98
65757,Historical,144491,0,0,S,2,1,2008830,140,2003,45,66.12,43.98
65758,Historical,146520,0,0,S,4,1,54235,233.4,2011,56,66.12,78.47
65759,Historical,118987,1,1,S,7,1,1703077,175.27,2009,33,78.94,121.71
65760,Historical,2772288,0,0,S,2,1,2119339,54,1994,39,97.9,27.72
65762,Historical,900496,0,0,S,5,1,2454859,45.93,2007,28,77.67,28.5
65763,Historical,574320,1,1,S,2,1,266820,237,1993,38,0,83.89
65764,Historical,107192,0,0,S,3,1,2148741,10.29,2002,52,98.94,10.29
65766,Historical,758635,0,0,S,7,1,66073,11.99,2003,26,113.95,15.99
65767,Historical,120165,0,0,S,8,1,189169,116.6,1996,48,20.98,79.98
65768,Historical,633152,0,0,S,2,1,649352,116.6,2011,79,65.43,108.92
65769,Historical,870394,0,0,S,3,1,1483371,93.95,1982,27,28.98,67.05
65770,Historical,530910,0,0,S,2,1,50215,49.95,2010,71,27.98,30.59
65771,Historical,163537,1,1,S,7,1,857897,250,1995,39,32.99,78.98
65772,Historical,650081,0,0,S,5,1,131119,98.95,2010,27,0,0
65773,Historical,862318,1,1,S,6,1,553671,104.95,2014,29,131.48,48.99
65774,Historical,294910,0,0,S,0,0,117271,59.95,2009,35,16.3,28.99
65775,Historical,232332,0,0,S,3,1,717919,71.95,1995,24,20,65.68
65776,Historical,116574,0,0,S,8,1,368875,144,2004,54,53.98,143.27
65777,Historical,752765,0,0,S,10,1,1171005,52.78,2010,15,110.29,18.95
65778,Historical,164080,0,0,S,8,1,1702906,33.99,2000,56,110.29,33.55
65779,Historical,118609,0,0,S,9,1,39206,207.6,2007,76,53.98,132.67
65780,Historical,178239,0,0,S,4,1,999906,261.95,1995,48,4.97,38.67
65781,Historical,120943,0,0,S,2,1,270315,209.2,2007,58,64.34,77.32
65783,Historical,914448,0,0,S,4,1,446676,119.6,2000,18,10.94,41.49
65784,Historical,597972,0,0,S,2,1,823386,67.95,2006,26,44.99,66.44
65785,Historical,113105,0,0,S,2,1,1616163,110,2007,21,113.99,155.14
65786,Historical,860744,0,0,S,0,0,767902,37.95,2012,19,39.21,25.97
65787,Historical,194029,0,0,S,2,1,94866,49,2005,18,0,0
65788,Historical,913390,0,0,S,3,1,439396,76,1996,32,4.75,32.99
65789,Historical,2378127,0,0,S,2,1,2351595,49.88,1992,20,4.75,44.67
65790,Historical,166107,1,2,S,3,1,191419,79.25,1999,53,84.99,85.09
65791,Historical,289295,0,0,S,4,1,721232,99,2006,29,83.99,67.47
65792,Historical,247753,0,0,S,2,1,130779,41.95,2006,30,41.94,30.35
65793,Historical,132720,0,0,S,7,1,1630770,127.67,2008,14,65.37,127.67
65794,Historical,3277138,0,0,S,2,1,2931327,0,2005,36,0,87.96
65795,Historical,649360,0,0,S,4,1,1022309,243.8,1994,36,57.95,115.63
65796,Historical,1455495,1,2,S,5,1,454891,140,2014,19,0,92.9
65797,Historical,51452,0,0,S,2,1,991266,107,2002,83,128.99,27.22
65798,Historical,871800,0,0,S,7,1,507017,0,2008,14,125.63,43.49
65799,Historical,111295,0,0,S,5,1,265875,44.99,2009,42,141.57,49.48
65800,Historical,402500,1,1,S,6,1,1186951,122.46,2006,30,125.63,53.85
65801,Historical,110001,0,0,S,5,1,551262,78.3,2010,11,141.57,73.98
65802,Historical,50111,0,0,S,5,1,705549,175.5,2003,89,118.61,47.75
65803,Historical,577626,0,0,S,2,1,3058781,92.94,2009,11,103.98,81.99
65804,Historical,879042,0,0,S,6,1,122454,151.33,2014,62,128.99,83.81
65805,Historical,261304,0,0,S,3,1,468260,100,2009,44,52.42,69.33
65806,Historical,131453,1,1,S,2,1,528198,126,2001,20,72.98,65.65
65807,Historical,132714,0,0,S,3,1,22739,169.4,2010,65,63.49,89.79
65808,Historical,540773,1,3,S,5,1,39557,221.8,2013,81,27.06,73.99
65809,Historical,876076,0,0,S,4,1,720455,151.33,2014,39,74.76,61.99
65810,Historical,2377966,0,0,S,2,1,1516917,46,1992,21,128.44,11.23
65811,Historical,60318,0,0,S,5,1,666030,144.95,1995,22,53.99,61.71
65812,Historical,606710,0,0,S,9,1,2913931,100,1997,45,172.15,42.92
65813,Historical,608516,0,0,S,8,1,1009872,217.95,2002,23,120.98,18.87
65814,Historical,612583,0,0,S,3,1,87764,44.95,2013,16,0,0
65815,Historical,232613,0,0,S,2,1,898298,39.95,1998,40,7.95,28.99
65816,Historical,530902,0,0,S,3,1,733426,100.95,2012,25,19.6,30.84
65817,Historical,2577563,0,0,S,2,1,5210053,199.95,1984,18,79.94,43.99
65818,Historical,269710,0,0,S,2,1,696455,19.95,2009,41,13.34,51.65
65819,Historical,166153,0,0,S,6,1,329140,63.99,1995,53,22.48,72.11
65820,Historical,621632,1,2,S,3,1,227547,115,1998,47,89.3,55.15
65821,Historical,244186,0,0,S,1,0,145412,107.95,2012,37,0,78.93
65822,Historical,52191,0,0,S,5,1,2341901,86,2002,50,135.94,32.35
65823,Historical,127168,0,0,S,8,1,2409448,103.2,2007,14,128.76,105.09
65824,Historical,543880,0,0,S,2,1,771706,51,2012,27,40.94,35.58
65825,Historical,530898,0,0,S,2,1,271074,69.95,2011,22,40.69,43.14
65826,Historical,288919,1,1,S,4,1,346839,328.95,2006,32,24.79,59.06
65827,Historical,1468758,0,0,S,5,1,977952,99,2009,35,66.03,62.85
65828,Historical,614080,0,0,S,1,0,923140,78,2007,54,31.94,14.87
65829,Historical,101481,0,0,S,1,0,1223154,94.7,2001,93,0,5.98
65834,Historical,695830,0,0,S,1,0,898491,79,2009,67,0,57.77
65835,Historical,695567,0,0,S,1,0,1023687,86.5,2006,37,0,28.97
65836,Historical,101650,0,0,S,1,0,381300,76.95,2009,47,0,25.84
65837,Historical,693344,0,0,S,0,0,1606461,104.05,2000,69,0,6.98
65838,Historical,101575,0,0,S,1,0,963247,89.2,2002,59,0,31.95
65839,Historical,592827,0,0,S,2,1,375059,149,2010,38,0,23.97
65840,Historical,548397,0,0,S,97,1,760842,149.3,1997,106,5.47,21.99
65842,Historical,548197,0,0,S,1,0,11720,103.4,2007,52,0,16.94
65843,Historical,922869,0,0,S,3,1,492940,102.2,1993,86,5.47,15.89
65844,Historical,555233,0,0,S,4,1,488492,98.95,1991,62,26.57,38.36
65845,Historical,548233,0,0,S,1,0,448542,149.05,1999,134,0,25.88
65848,Historical,548184,0,0,S,1,0,231618,98.7,2009,53,0,30.99
65849,Historical,694861,0,0,S,1,0,1069890,118.05,2005,88,0,7.29
65852,Historical,922774,0,0,S,3,1,1022816,100.75,1997,88,5.45,13.89
65854,Historical,2697066,0,0,S,4,1,2609802,61.95,1998,27,13.93,43.21
65855,Historical,2256855,0,0,S,7,1,3308958,68.55,2008,17,156.17,96.48
65856,Historical,107635,0,0,S,4,1,60953,31.25,2002,62,40.99,28.99
65857,Historical,130364,0,0,S,3,1,30766,146.8,2011,69,98.76,84.23
65858,Historical,133274,0,0,S,3,1,269252,90.2,2011,46,27.95,29.99
65860,Historical,107366,0,0,S,4,1,848648,0,2001,20,0,290.67
65862,Historical,164199,0,0,S,2,1,117951,248.86,1998,41,0,70.15
65863,Historical,667326,0,0,S,4,1,138041,85,2012,19,43.99,54.52
65865,Historical,132535,0,0,S,3,1,131007,50.2,2009,37,51.14,38.33
65866,Historical,206300,0,0,S,2,1,1382453,51.95,2001,41,51.95,51.95
65867,Historical,119220,0,0,S,2,1,92065,183.4,1997,45,18.98,73.15
65868,Historical,101468,0,0,S,1,0,890899,98.4,1998,70,0,23.88
65870,Historical,544857,0,0,S,2,1,26236,113.95,2007,37,61.61,66.99
65871,Historical,905120,0,0,S,2,1,6518,39.95,2014,24,25.52,25.55
65872,Historical,530889,0,0,S,2,1,1085318,42.95,2011,14,37.23,28.7
65873,Historical,530888,0,0,S,2,1,518173,42.95,2011,27,23.46,12
65874,Historical,530887,0,0,S,2,1,678546,42.95,2011,24,27.99,24.02
65876,Historical,628651,0,0,S,7,1,234601,34.95,2011,41,9.24,17.49
65877,Historical,574806,0,0,S,4,1,226945,44.95,2011,50,21.42,28.98
65878,Historical,193493,0,0,S,2,1,356466,35.95,2006,27,18.99,10.96
65879,Historical,619338,0,0,S,24,1,516276,43.95,2011,62,40.99,24.99
65880,Historical,865262,0,0,S,31,1,370708,43.95,2013,24,49.34,99.51
65881,Historical,874029,1,1,S,32,1,520923,43.95,2014,18,49.34,39.98
65882,Historical,610156,0,0,S,30,1,277054,43.95,2012,25,49.34,43.55
65883,Historical,776014,0,0,S,0,0,518298,35.95,2007,40,49.34,23.49
65884,Historical,193236,0,0,S,29,1,995710,43.95,2011,37,49.34,13.89
65885,Historical,621918,0,0,S,10,1,120520,43.95,2012,73,22.79,21.69
65886,Historical,193712,1,1,S,9,1,250188,41.95,2010,83,22.79,11.94
65887,Historical,776187,1,1,S,28,1,1119863,38.95,2009,34,21.55,16.86
65888,Historical,634899,0,0,S,29,1,293126,43.95,2011,43,21.55,30.99
65889,Historical,193543,0,0,S,2,1,1762570,35.95,2007,25,55.88,16.94
65890,Historical,776291,0,0,S,2,1,1040238,43.95,2010,27,55.88,14.98
65891,Historical,193546,0,0,S,6,1,1144911,35.95,2007,41,21.99,16.88
65892,Historical,614063,0,0,S,7,1,819926,43.95,2010,45,21.99,48.97
65893,Historical,895022,0,0,S,4,1,218169,44.95,2014,27,45.98,28.98
65894,Historical,623449,0,0,S,3,1,642442,43.95,2011,32,45.98,11.39
65895,Historical,193545,0,0,S,2,1,1388215,35.95,2008,42,28.99,8.79
65896,Historical,647077,0,0,S,3,1,154320,44.95,2012,47,28.99,26.37
65897,Historical,776290,0,0,S,3,1,1022475,43.95,2009,41,20.99,12.93
65898,Historical,1942263,0,0,S,4,1,106736,44.95,2013,38,20.99,34.95
65899,Historical,641439,0,0,S,7,1,36635,44.95,2010,60,19.97,33.96
65900,Historical,775736,0,0,S,6,1,270882,35.95,2004,45,19.97,13.98
65901,Historical,613052,0,0,S,6,1,1089894,36.95,2006,69,19.97,13.1
65902,Historical,635715,0,0,S,8,1,24946,44.95,2012,46,19.97,23.98
65903,Historical,865811,0,0,S,2,1,851666,43.95,2010,27,0,0
65904,Historical,627427,0,0,S,2,1,98819,44.95,2010,40,21.57,45.31
65905,Historical,613364,0,0,S,8,1,1206574,36.95,2008,70,4.66,9.99
65907,Historical,193389,0,0,S,0,0,533305,29.95,2004,29,34.86,50.39
65908,Historical,867694,0,0,S,9,1,49853,44.95,2014,51,34.86,36.69
65909,Historical,617959,0,0,S,8,1,153140,36.95,2010,79,34.86,23.64
65910,Historical,867674,0,0,S,8,1,48205,44.95,2012,47,21.54,23.97
65911,Historical,867683,0,0,S,8,1,44662,44.95,2013,35,0,30.72
65912,Historical,595047,0,0,S,9,1,293695,43.95,2011,45,0,33.99
65913,Historical,106819,0,0,S,5,1,125499,138,2011,42,53.97,69.15
65914,Historical,249853,0,0,S,2,1,311046,268.95,2006,25,63.19,63.62
65915,Historical,641413,0,0,S,2,1,233837,54.99,2010,25,39.26,34.28
65916,Historical,1745178,0,0,S,0,0,426461,49,2008,32,28.8,27.22
65918,Historical,595556,0,0,S,2,1,88123,49.95,2011,24,0,0
65919,Historical,595893,0,0,S,5,1,35299,43.95,2012,26,0,36.96
65920,Historical,745926,0,0,S,1,0,487226,59,1999,119,0,19.24
65921,Historical,530883,0,0,S,4,1,815964,73.95,2007,34,51.26,44.92
65923,Historical,1477866,0,0,S,2,1,3082976,49.95,2013,8,35.06,25.15
65924,Historical,743982,0,0,S,2,1,1343447,75.95,2011,21,0,113
65925,Historical,147598,0,0,S,2,1,918220,67.95,2009,19,0,23.24
65926,Historical,644643,0,0,S,2,1,107938,46.95,2012,35,29.39,41.99
65928,Historical,631476,0,0,S,1,0,1017047,118.67,2011,20,0,53.99
65929,Historical,110555,0,0,S,2,1,152065,142.75,2010,37,46.99,106.73
65930,Historical,619235,0,0,S,4,1,1500142,92.95,2007,21,95.98,24.33
65931,Historical,254497,0,0,S,5,1,106358,105.95,2010,20,62.97,92.98
65932,Historical,545650,0,0,S,5,1,37158,127.95,2012,39,62.97,58.99
65933,Historical,111146,0,0,S,2,1,835667,96.25,2010,37,5.3,58.39
65935,Historical,3463257,0,0,S,8,1,22062,249,2015,14,217.3,161.22
65936,Historical,105831,0,0,S,6,1,383528,199,2003,38,217.3,49.94
65937,Historical,530868,0,0,S,7,1,95989,248,2010,42,217.3,122.54
65939,Historical,867631,0,0,S,2,1,97996,50.99,2014,13,0,0
65940,Historical,1517838,0,0,S,2,1,593263,61.95,2006,19,12.98,34.26
65941,Historical,203395,0,0,S,4,1,1467062,118.99,2001,22,9.91,67.69
65943,Historical,113086,0,0,S,2,1,999553,83.95,2006,34,10.21,13.76
65944,Historical,530865,0,0,S,3,1,1013994,76,2011,14,20.94,18.99
65945,Historical,910866,0,0,S,2,1,46649,31.95,2014,34,28.86,27.33
65946,Historical,1596599,0,0,S,2,1,32252,0,2006,29,0,116.01
65947,Historical,530864,0,0,S,2,1,734666,95,2007,26,16.66,40.97
65948,Historical,190827,0,0,S,14,1,78383,69.95,2011,36,16.48,31.9
65949,Historical,542096,0,0,S,0,0,96353,44.99,1972,43,221.35,31.49
65950,Historical,530862,0,0,S,18,1,8802,39.99,2011,40,21.16,22.04
65951,Historical,102439,0,0,S,5,1,436661,27.95,2006,184,16.73,8.07
65952,Historical,530861,0,0,S,3,1,605464,48.95,2011,19,48.06,34.6
65953,Historical,2431233,0,0,S,3,1,6606441,83,1995,26,53.37,10
65954,Historical,654672,0,0,S,1,0,1056112,39.95,2009,46,22.63,22.99
65956,Historical,120032,0,0,S,2,1,426700,42.6,2010,35,4.76,31.08
65959,Historical,162532,0,0,S,1,0,378147,25,2008,33,26.15,19.02
65960,Historical,1781166,0,0,S,2,1,821906,51,2015,12,0,43.46
65961,Historical,1780412,0,0,S,2,1,233613,45,2015,11,0,37.11
65962,Historical,191612,0,0,S,2,1,249162,54.95,1992,15,0,38.98
65963,Historical,2610569,0,0,S,0,0,996120,49.99,2000,34,38.99,30.79
65964,Historical,2101193,0,0,S,0,0,392434,44.99,2014,5,0,30.18
65965,Historical,753527,0,0,S,2,1,256875,43.95,2012,20,0,29
65967,Historical,142955,0,0,S,3,1,474433,43,2008,23,33.73,36.99
65968,Historical,52812,0,0,S,2,1,2396798,70,2001,53,103.99,18.98
65969,Historical,248509,1,1,S,9,1,457990,49.99,2009,36,31.93,8.56
65970,Historical,148190,0,0,S,5,1,2043176,251.95,2004,41,141.82,17.5
65971,Historical,867679,0,0,S,2,1,63074,49.95,2013,32,23.49,38.85
65972,Historical,634967,0,0,S,0,0,1174986,45,2011,42,25.82,23.98
65973,Historical,148221,0,0,S,6,1,806652,123.95,2004,20,4,54.93
65974,Historical,246485,0,0,S,2,1,1238004,70,2007,34,4.43,39.41
65975,Historical,867713,0,0,S,2,1,283968,142.95,2013,30,35.24,105.95
65976,Historical,51151,0,0,S,5,1,1240192,0,2005,53,193.74,23.94
65977,Historical,912466,0,0,S,2,1,145378,49.95,2014,21,37.04,44.35
65978,Historical,117570,0,0,S,1,0,31141,133.4,2007,37,10.2,18.99
65979,Historical,222332,0,0,S,1,0,267019,99,2006,29,0,52.7
65980,Historical,860748,0,0,S,1,0,1625270,353,2012,14,152.8,24.19
65982,Historical,199954,0,0,S,0,0,2231645,29.95,2003,22,16.12,6.55
65983,Historical,530852,0,0,S,4,1,30298,52.67,2007,28,24.48,48.68
65984,Historical,182401,0,0,S,7,1,2559625,69.56,2001,12,21.8,18.84
65985,Historical,101380,0,0,S,5,1,572992,195.95,2001,48,11.9,38.25
65986,Historical,1783395,1,1,S,9,1,389562,0,2012,1,0,0
65988,Historical,182755,0,0,S,0,0,618263,93.8,2003,60,0,18.97
65989,Historical,182753,1,1,S,4,1,53351,90.15,2004,109,8.97,102.15
65991,Historical,770618,0,0,S,0,0,334797,110.15,2003,23,0,22.95
65992,Historical,849899,1,1,S,0,0,94107,98.2,1999,142,4.99,22.74
65993,Historical,771034,0,0,S,4,1,387193,82.55,2002,43,0,48.99
65994,Historical,771050,0,0,S,4,1,1022385,94.65,2003,44,0,45.97
65995,Historical,155276,0,0,S,0,0,920939,94.4,1999,127,0,21.55
65996,Historical,248099,0,0,S,3,1,322740,70,2009,21,23.89,55.4
65997,Historical,119590,1,1,S,2,1,356747,139.2,1995,53,4.39,16.04
65998,Historical,689666,0,0,S,0,0,591739,25,2012,23,30.34,15.97
65999,Historical,3292818,0,0,S,2,1,2034300,42.17,2005,33,31.89,88.97
66000,Historical,660777,0,0,S,3,1,19287,49.99,2013,81,26.55,24.48
66001,Historical,718407,0,0,S,0,0,1481161,49.95,2000,21,0,49.93
66003,Historical,660502,0,0,S,0,0,114753,55.95,2004,33,47.96,73.58
66004,Historical,543277,1,1,S,15,1,418185,249.95,2010,32,5.93,28
66005,Historical,904529,0,0,S,14,1,2716561,249.95,2007,14,5.93,39
66006,Historical,642024,0,0,S,2,1,383068,35,2013,28,10.47,16.01
66007,Historical,158172,1,3,S,3,1,2433,59.95,2007,88,33.99,33.97
66008,Historical,200930,0,0,S,2,1,193988,29.99,2005,74,0,0
66009,Historical,634613,0,0,S,1,0,1153679,60,1992,27,0,35.76
66010,Historical,2363175,0,0,S,2,1,290359,41.95,1998,20,8.96,73.74
66011,Historical,1655984,0,0,S,3,1,399389,60,2012,23,0,31.99
66012,Historical,2309627,0,0,S,0,0,375847,90,1992,15,173.98,190.2
66013,Historical,916617,0,0,S,3,1,1045192,75,2006,20,0,33.99
66014,Historical,2110293,0,0,S,2,1,671719,49.95,2014,21,12.71,22.47
66015,Historical,907942,0,0,S,2,1,106164,65,2010,24,21.54,38.15
66016,Historical,747898,0,0,S,40,1,426498,38.25,2009,8,13.31,41.01
66017,Historical,530837,0,0,S,2,1,616635,45.95,2010,11,38.54,34.94
66018,Historical,530834,0,0,S,2,1,116544,60,2012,28,23.81,43.67
66019,Historical,106366,0,0,S,3,1,25218,22,2005,98,0,0
66020,Historical,537718,0,0,S,4,1,250981,50,2013,38,27.99,19.74
66021,Historical,530832,0,0,S,3,1,273811,42.95,2011,20,24.48,27.31
66022,Historical,546457,0,0,S,2,1,318218,79.99,2013,19,60.7,52.84
66023,Historical,612950,0,0,S,5,1,1184534,5.76,2008,89,57.77,7.48
66024,Historical,861864,0,0,S,8,1,310248,103.95,2014,29,60.8,77.55
66025,Historical,167008,0,0,S,2,1,35223,180.75,2005,69,19.39,89.28
66026,Historical,290334,0,0,S,2,1,419769,185,2002,51,37.73,68.05
66027,Historical,115358,0,0,S,3,1,190981,179.8,2005,30,29.58,102.61
66028,Historical,642290,0,0,S,2,1,201795,43,2011,29,24.89,42.99
66029,Historical,370267,0,0,S,5,1,3965151,179.95,2004,14,150.99,51.99
66030,Historical,655567,0,0,S,2,1,235355,90,2011,29,43.89,77.94
66031,Historical,625636,0,0,S,2,1,161373,95.95,2012,43,53.09,50.33
66032,Historical,2096712,0,0,S,3,1,772908,222.95,2012,11,13.31,253.99
66033,Historical,530823,0,0,S,4,1,305888,74.4,2012,34,15.41,38.99
66034,Historical,545004,0,0,S,4,1,548004,37,2013,44,30.66,14.98
66035,Historical,117045,0,0,S,2,1,445845,71.4,2008,36,31.55,41.56
66036,Historical,114408,0,0,S,3,1,193993,128.4,2001,39,35.52,73.59
66037,Historical,869319,0,0,S,2,1,2144451,131.95,2000,7,35.32,33.94
66038,Historical,530822,0,0,S,2,1,37705,45,2011,37,26.61,25.98
66040,Historical,655242,0,0,S,3,1,948074,63,2012,31,4.94,8.65
66042,Historical,553054,0,0,S,2,1,28114,53.32,2011,44,24.99,28.8
66043,Historical,131799,1,1,S,2,1,605407,161.95,2004,37,28.85,19.25
66044,Historical,285671,0,0,S,2,1,108984,89.95,2011,29,58.04,48.46
66045,Historical,555913,0,0,S,2,1,713583,65.95,2013,51,31.86,51.06
66046,Historical,530816,0,0,S,2,1,313123,115.5,2012,43,58.99,69.99
66047,Historical,60324,0,0,S,11,1,372273,146.2,2003,34,59.67,44.52
66048,Historical,2579577,0,0,S,2,1,6804611,75,1994,18,35.47,6.25
66049,Historical,546399,0,0,S,13,1,580366,75,2012,52,6.94,30.82
66050,Historical,706735,0,0,S,6,1,2917182,370,2001,17,42.89,73.63
66051,Historical,609108,0,0,S,3,1,1323755,333.95,2001,52,119.3,25.9
66052,Historical,121068,0,0,S,10,1,288344,43,1999,35,0,36.45
66053,Historical,2337200,0,0,S,5,1,1715272,114.7,1988,40,104.61,43.94
66054,Historical,107842,0,0,S,7,1,1254689,176.1,2004,18,104.61,61.99
66055,Historical,165933,0,0,S,8,1,1373583,133.5,2004,21,163.98,44.39
66056,Historical,530808,0,0,S,8,1,351825,40,2006,38,21.13,15.01
66057,Historical,395914,1,2,S,2,1,186447,59.95,1999,40,20.08,50.83
66058,Historical,873548,0,0,S,2,1,690907,0,1975,36,43.94,45.69
66059,Historical,2027459,0,0,S,3,1,398219,59.95,2008,13,0,43.06
66060,Historical,392033,0,0,S,4,1,33407,69.95,2010,28,90.19,63.99
66061,Historical,106828,0,0,S,2,1,437252,109,2010,29,14.57,33.32
66062,Historical,530805,0,0,S,4,1,141254,69.95,2011,27,33.11,41.52
66063,Historical,530804,0,0,S,4,1,340948,69.95,2012,31,13.82,40.69
66064,Historical,2383810,0,0,S,3,1,4518916,90,1996,39,183.44,17.74
66065,Historical,646911,0,0,S,7,1,250802,74.95,2013,36,53.99,52.94
66066,Historical,2344284,0,0,S,2,1,1980846,132.34,1979,31,49.69,50.47
66067,Historical,634379,0,0,S,6,1,2068801,43.94,2008,18,6.2,43.94
66068,Historical,654636,0,0,S,2,1,1136402,49.95,2012,22,31.2,30.96
66069,Historical,2381784,0,0,S,4,1,632603,120,1996,17,17.69,58.73
66070,Historical,287049,0,0,S,1,0,1147926,194.95,1995,16,0,73.98
66071,Historical,614443,0,0,S,6,1,216348,43.98,2010,34,0,0
66072,Historical,870889,0,0,S,8,1,1228805,110,1997,31,144.17,44.99
66073,Historical,178262,0,0,S,2,1,4560612,257.95,1998,28,46.79,9.98
66074,Historical,116456,0,0,S,10,1,325934,118,2003,30,144.17,14.98
66075,Historical,121401,1,2,S,2,1,837097,217,1998,37,5.44,63.35
66076,Historical,116445,0,0,S,10,1,199113,118,2003,65,144.61,37.71
66077,Historical,607139,0,0,S,9,1,254905,118,2001,36,144.61,29.99
66078,Historical,113902,0,0,S,9,1,310835,150,2001,23,219.97,29.99
66079,Historical,60330,0,0,S,11,1,862189,170,2006,47,144.61,15.94
66080,Historical,114346,0,0,S,1,0,532662,134.2,2003,42,0,40.9
66081,Historical,119789,0,0,S,2,1,168385,174.4,1996,53,0,31.54
66082,Historical,756003,0,0,S,5,1,588182,72.25,2011,42,42.48,49.3
66083,Historical,530787,0,0,S,3,1,431514,54,2007,33,8.38,39.94
66084,Historical,300121,0,0,S,4,1,51230,64,1998,14,0,32.99
66085,Historical,119439,0,0,S,4,1,29375,107,2012,51,68.98,87.49
66086,Historical,862016,0,0,S,8,1,10552,84.95,2014,74,53.79,68.99
66087,Historical,129477,0,0,S,4,1,501398,29.95,2011,34,25.6,42.26
66088,Historical,629167,0,0,S,3,1,350935,60,2012,35,38.58,48.32
66089,Historical,863094,0,0,S,2,1,568930,48,2003,35,0,13.89
66090,Historical,615220,0,0,S,8,1,178884,168,1992,67,99.92,38.99
66091,Historical,2398253,0,0,S,5,1,155145,78.59,1981,33,42.93,46.18
66093,Historical,554632,1,1,S,4,1,324221,159.95,1994,41,0,69.94
66095,Historical,766865,0,0,S,3,1,735415,129.95,1999,35,5.38,11.3
66096,Historical,178854,0,0,S,4,1,311281,213.95,2006,39,0,80.87
66097,Historical,2023422,0,0,S,4,1,1639321,36.99,2007,19,101.66,102.58
66098,Historical,866690,0,0,S,6,1,38440,75.75,2014,41,36.24,41.31
66099,Historical,530763,0,0,S,2,1,852306,43.95,2010,23,0,32.98
66100,Historical,183397,1,1,S,0,0,388923,72.65,2005,36,8.97,23.14
66102,Historical,530782,0,0,S,3,1,102525,64,2012,54,25.93,33.92
66103,Historical,530781,0,0,S,3,1,95920,39.5,2010,56,23.43,14.45
66104,Historical,285897,0,0,S,8,1,3391130,88,2001,24,38.99,15.99
66105,Historical,238652,1,2,S,6,1,227695,19.95,2009,56,23.97,18.98
66106,Historical,238653,0,0,S,3,1,94101,19.95,2011,74,13.98,16.99
66108,Historical,238651,0,0,S,6,1,228131,19.95,2007,94,0,11.48
66109,Historical,182760,0,0,S,1,0,290344,122.95,2004,32,0,64.49
66110,Historical,542117,1,1,S,4,1,28880,43.25,2012,15,15.08,39.99
66111,Historical,530778,0,0,S,4,1,57129,35.75,2012,25,11.64,18.67
66112,Historical,866335,0,0,S,4,1,96034,19.33,2009,17,0,0
66113,Historical,771093,0,0,S,0,0,672069,84.9,2002,53,8.97,33.87
66114,Historical,530775,0,0,S,2,1,29158,29.95,2010,24,21.04,14.98
66115,Historical,898871,0,0,S,3,1,236563,52.95,2014,18,38.4,48.16
66116,Historical,865139,0,0,S,2,1,351427,45.95,2006,42,38.4,9.99
66117,Historical,1541541,0,0,S,10,1,6017848,59.95,2009,22,55.42,73.01
66119,Historical,530770,0,0,S,3,1,27509,16.99,2010,49,4.98,9.88
66120,Historical,606926,0,0,S,5,1,603946,108,2004,18,43.99,53.94
66122,Historical,530769,0,0,S,4,1,540224,62.5,2009,43,46.17,28.99
66123,Historical,544871,0,0,S,2,1,807246,50.95,2012,36,26.83,37.77
66125,Historical,616421,1,1,S,2,1,308383,319.95,1994,101,14.73,32.45
66126,Historical,145413,0,0,S,11,1,510013,24,2006,44,26.4,13.33
66127,Historical,144391,0,0,S,10,1,910616,18,2003,26,26.4,19.69
66128,Historical,633792,0,0,S,13,1,41688,38,2012,34,26.4,30.73
66129,Historical,609844,0,0,S,10,1,55987,61.63,2011,69,16.99,82.37
66130,Historical,108798,0,0,S,6,1,4343147,23.1,2005,24,63.99,13.92
66131,Historical,632106,0,0,S,4,1,18707,47.5,2012,82,38.99,34.63
66132,Historical,182450,0,0,S,2,1,1109110,185.95,2000,34,18.38,57.31
66133,Historical,862017,0,0,S,2,1,85812,42,2014,14,34.85,30.52
66134,Historical,530765,0,0,S,3,1,828202,38.25,2011,14,26.27,27.36
66135,Historical,530764,0,0,S,3,1,271322,38.25,2011,34,25.09,26.8
66136,Historical,157589,0,0,S,2,1,113755,47.95,2011,59,72.46,33.98
66137,Historical,175047,0,0,S,2,1,715252,49.99,2009,25,0,33.96
66138,Historical,864255,0,0,S,8,1,82232,70,2012,15,0,0
66139,Historical,619074,0,0,S,2,1,34073,39.95,1994,56,18.89,21.75
66140,Historical,616960,1,1,S,3,1,331789,37,2006,29,12.06,22.84
66141,Historical,1830010,0,0,S,1,0,200472,189.95,2015,19,0,91.49
66142,Historical,2930904,0,0,S,1,0,220370,192.95,2015,25,0,162.28
66143,Historical,2930906,0,0,S,1,0,309327,146.95,2015,16,0,139.43
66144,Historical,1830008,1,3,S,1,0,9445,229.95,2015,57,0,93.8
66147,Historical,530762,0,0,S,3,1,178810,55,2008,38,15.1,41.35
66148,Historical,530761,0,0,S,2,1,866549,49.99,2010,40,12.39,12.49
66149,Historical,722859,0,0,S,2,1,1012508,41.95,2009,21,26.69,37.44
66150,Historical,633586,0,0,S,2,1,732472,55.6,1997,44,7.89,90.85
66151,Historical,1721988,0,0,S,0,0,480037,18.95,2007,29,33.95,73.65
66152,Historical,606827,0,0,S,4,1,237236,158.93,2002,58,5.78,81.74
66154,Historical,621526,0,0,S,2,1,251752,105,1993,45,0,42.98
66156,Historical,144745,0,0,S,1,0,30249,69.99,2003,35,0,0
66157,Historical,536156,0,0,S,6,1,598026,54.99,2010,48,8.97,23.77
66158,Historical,292052,0,0,S,5,1,1495652,49.99,2006,40,8.97,27.91
66159,Historical,314185,0,0,S,1,0,1141743,115.6,2004,44,0,43.66
66160,Historical,147877,0,0,S,1,0,540192,311.95,2009,21,0,46.06
66161,Historical,158329,0,0,S,2,1,995093,63.95,2010,52,13.95,56.92
66162,Historical,651297,0,0,S,6,1,241533,111.95,2012,25,68.98,72.98
66163,Historical,170163,1,1,S,5,1,695681,135.95,2010,20,0,0
66164,Historical,183255,0,0,S,2,1,854533,153.95,2006,27,4.99,122.51
66165,Historical,862020,0,0,S,3,1,74010,70,2014,34,32.33,47.51
66166,Historical,211848,0,0,S,0,0,118333,90,2011,63,45.94,75.68
66167,Historical,530751,0,0,S,3,1,1384111,99.38,2010,19,113.99,56.73
66168,Historical,655301,0,0,S,4,1,479006,81.12,2012,28,197.58,70.99
66169,Historical,766260,0,0,S,3,1,6628762,0,2005,15,62.42,103.17
66170,Historical,617514,0,0,S,6,1,3051134,190.75,2004,30,93.99,7
66171,Historical,607397,0,0,S,4,1,80040,179.2,2006,45,25.63,29.89
66172,Historical,867373,0,0,S,3,1,25267,258.5,2014,43,24,22.98
66174,Historical,148464,0,0,S,2,1,272819,269.95,2007,35,5.69,41.18
66175,Historical,101324,0,0,S,2,1,1231462,209.95,2000,29,9.96,8.99
66176,Historical,1767659,0,0,S,2,1,619887,54.99,2011,15,0,50.65
66177,Historical,157364,0,0,S,2,1,2063172,59.95,2006,29,43.99,42.81
66178,Historical,871066,0,0,S,2,1,19290,51.95,2014,48,30.76,32.7
66179,Historical,910975,0,0,S,31,1,894033,78,2012,30,5.23,46.47
66180,Historical,177692,0,0,S,1,0,1903754,185.95,2001,36,0,63.96
66181,Historical,630163,0,0,S,0,0,148513,45,2007,27,0,34.18
66182,Historical,51204,0,0,S,2,1,1628050,134.2,2006,35,94.8,48.13
66184,Historical,657986,0,0,S,3,1,24900,175,2014,54,60.53,52.66
66185,Historical,1829173,0,0,S,10,1,491890,52.39,2014,4,0,58.05
66186,Historical,246306,0,0,S,1,0,149983,72.95,2007,31,0,28.25
66187,Historical,872475,0,0,S,6,1,2993697,83.95,1994,32,47.08,57.63
66188,Historical,861329,0,0,S,2,1,548090,85.95,2013,25,41.64,63.47
66189,Historical,200644,0,0,S,2,1,673056,116.95,2011,29,82.74,44.4
66190,Historical,660750,0,0,S,4,1,154942,78.95,2013,28,65.56,58.99
66191,Historical,146121,0,0,S,6,1,170466,195.8,2009,45,42.7,105.81
66192,Historical,196614,0,0,S,4,1,2720551,116,2003,21,24.32,54.49
66193,Historical,129471,0,0,S,2,1,57930,90.95,2011,52,57.88,59.24
66194,Historical,177476,0,0,S,3,1,625932,80.95,2000,34,33.99,23.99
66195,Historical,177574,0,0,S,3,1,57688,268.95,2002,48,24.94,45.43
66196,Historical,572562,0,0,S,1,0,438041,82.95,2002,32,0,37.22
66197,Historical,246681,0,0,S,1,0,134424,78.95,2010,29,0,37.66
66198,Historical,663987,0,0,S,2,1,85469,51.95,2013,24,34.32,35.8
66199,Historical,608617,0,0,S,4,1,1022450,108.95,2004,48,33.99,33.99
66200,Historical,108187,0,0,S,3,1,104575,126.8,2003,33,37.13,63.48
66201,Historical,146265,0,0,S,9,1,108949,196,2010,43,49.09,96.44
66202,Historical,107854,0,0,S,7,1,2676686,55.04,2005,31,98.99,33.98
66204,Historical,1548368,0,0,S,0,0,1049802,50.95,2012,18,0,35.6
66205,Historical,186588,0,0,S,4,1,91698,88,2011,54,33.99,78.99
66206,Historical,268811,0,0,S,2,1,687884,60,2009,27,20.98,48.99
66207,Historical,916538,0,0,S,4,1,35339,44,2013,33,41.8,40.99
66208,Historical,642020,0,0,S,2,1,132669,125.95,2013,14,15.74,88.98
66209,Historical,866758,0,0,S,3,1,36530,99.95,2014,41,51.46,45.02
66210,Historical,115849,0,0,S,4,1,222959,118.2,2004,47,29.95,61.21
66211,Historical,279133,0,0,S,6,1,595512,49.95,2005,48,54.96,6.98
66212,Historical,609845,0,0,S,6,1,81112,74.95,2012,36,49.96,47.22
66213,Historical,640535,0,0,S,2,1,643724,47.95,2008,23,11.94,31.99
66214,Historical,456164,0,0,S,1,0,985407,109.8,2002,21,49.98,69.93
66215,Historical,193300,0,0,S,4,1,7379824,120,2003,13,9.21,209.97
66216,Historical,629271,0,0,S,12,1,1638843,210.5,2009,21,113.99,49.13
66217,Historical,876248,0,0,S,13,1,551625,41.9,2014,11,108.85,45.73
66218,Historical,108840,0,0,S,10,1,1264375,5.54,2004,41,113.99,43.94
66219,Historical,54226,1,1,S,10,1,1142958,237.95,2003,65,132.25,13.97
66220,Historical,699243,0,0,S,12,1,296586,43.98,2011,32,7.23,43.98
66221,Historical,530722,1,1,S,2,1,66077,65.5,2009,62,12.99,33.03
66222,Historical,750593,0,0,S,2,1,392898,32.95,2008,26,13.98,22.36
66223,Historical,862024,1,1,S,9,1,21871,237.5,2014,60,38.52,53.99
66224,Historical,614940,0,0,S,1,0,80728,90.15,2008,60,28.98,49.99
66225,Historical,545627,1,1,S,5,1,185542,199.95,2012,55,14.98,48.77
66226,Historical,861330,0,0,S,12,1,147340,131.53,2013,45,77.77,83.99
66227,Historical,55268,0,0,S,9,1,299972,116,2004,122,77.77,14.81
66228,Historical,1553509,0,0,S,1,0,249057,56.95,2012,12,0,42.76
66229,Historical,915304,0,0,S,3,1,285259,69,2013,39,33.88,48.22
66230,Historical,113475,0,0,S,2,1,406783,78.95,2002,50,0,8.89
66231,Historical,659171,0,0,S,2,1,1242592,127,2012,37,17.4,36.88
66232,Historical,875133,0,0,S,3,1,127225,70.67,2013,26,60.2,67.59
66233,Historical,669117,0,0,S,0,0,115925,13.22,2012,20,0,13.25
66236,Historical,1520792,0,0,S,0,0,908710,57,2009,23,39.86,51.67
66238,Historical,1520793,0,0,S,0,0,201296,103.5,2009,51,0,20.92
66239,Historical,1520499,0,0,S,0,0,169890,67.97,2007,45,0,58.98
66241,Historical,293139,0,0,S,2,1,1689876,41.95,2000,54,39.98,10.98
66242,Historical,636672,0,0,S,1,0,1044350,58,1999,29,46.92,27.92
66244,Historical,555780,0,0,S,1,0,1238817,44.95,2011,14,0,39.04
66245,Historical,545953,0,0,S,5,1,2850,52.95,2013,87,39.98,33.87
66246,Historical,427360,0,0,S,2,1,36157,44.95,2012,56,31.4,27.12
66248,Historical,616102,0,0,S,5,1,19057,121.95,2013,71,47.99,69.45
66249,Historical,530717,0,0,S,2,1,72793,82.95,2008,46,26.95,37.21
66250,Historical,195185,0,0,S,2,1,165889,44,2009,19,0,33.98
66254,Historical,202252,0,0,S,2,1,820727,248.95,1999,30,15.34,95
66255,Historical,2020238,0,0,S,7,1,187601,0,2012,7,0,68.11
66256,Historical,202172,0,0,S,3,1,7581815,226.95,1998,15,130.39,7.99
66257,Historical,626497,0,0,S,2,1,541659,239.4,2000,52,20.23,59.44
66258,Historical,165317,0,0,S,3,1,1439742,136.5,2001,45,0,0
66259,Historical,888163,0,0,S,0,0,1190664,0,2005,14,0,0
66260,Historical,162894,0,0,S,2,1,218638,90,2011,27,55.18,65.26
66261,Historical,555183,0,0,S,0,0,243632,49.95,1979,47,7.74,42.58
66262,Historical,623908,0,0,S,0,0,627821,60,1992,20,0,34.12
66263,Historical,902543,0,0,S,0,0,778011,62.95,1985,19,41.88,3568.87
66267,Historical,132745,0,0,S,2,1,58485,129,2009,87,53.99,73.46
66268,Historical,296077,0,0,S,10,1,56499,143.95,2012,33,31.54,78.58
66270,Historical,612794,0,0,S,3,1,75729,29.95,2013,24,24.52,24.74
66271,Historical,241939,0,0,S,2,1,232218,32.5,2008,60,24.52,15.13
66272,Historical,128810,0,0,S,2,1,748998,50,2001,17,0,28.8
66273,Historical,2621878,0,0,S,7,1,494467,79.95,1994,43,4,63.94
66274,Historical,203462,0,0,S,2,1,582081,47.99,2002,23,4.21,65.87
66275,Historical,530701,0,0,S,2,1,582474,64.99,2011,21,28.48,40.97
66276,Historical,2621877,0,0,S,7,1,803898,90.95,1994,50,13.71,63.98
66277,Historical,540800,0,0,S,4,1,911419,64.99,2012,30,50.8,18.49
66278,Historical,146376,0,0,S,3,1,1322212,59.99,2010,32,50.8,12.99
66279,Historical,130114,0,0,S,2,1,606001,150,2001,30,8.99,56.98
66280,Historical,190820,0,0,S,2,1,55778,48.95,2008,23,0,0
66283,Historical,2270821,0,0,S,3,1,452504,59.94,2009,30,0,0
66284,Historical,530697,0,0,S,3,1,1344353,48.95,2008,25,6.73,27.24
66286,Historical,57181,0,0,S,2,1,874738,59.95,2002,66,42.99,17.24
66287,Historical,862025,0,0,S,5,1,37511,77.99,2014,59,42.99,42.99
66288,Historical,545913,0,0,S,3,1,208068,74.95,2013,25,40.96,48.93
66289,Historical,530696,0,0,S,7,1,290161,124.6,2007,34,21.52,110.63
66290,Historical,146154,0,0,S,1,0,55028,104.8,2009,19,0,71.77
66292,Historical,530695,0,0,S,2,1,281921,48.95,2010,18,0,30.73
66293,Historical,247711,0,0,S,0,0,629305,44.95,2007,19,0,37.75
66296,Historical,867932,0,0,S,4,1,65129,52,2014,32,39.54,33.36
66297,Historical,1615950,0,0,S,2,1,1380444,44.99,2006,28,4,25.48
66298,Historical,541855,0,0,S,3,1,421960,110.95,2012,37,70.51,52.22
66299,Historical,1816352,0,0,S,5,1,315910,0,2014,27,0,70.2
66300,Historical,539307,0,0,S,3,1,221643,48.2,2013,18,19.66,38.89
66301,Historical,633154,1,1,S,4,1,537607,97.6,2011,60,91.05,69.14
66302,Historical,166735,0,0,S,1,0,266058,121.35,2007,58,0,0
66303,Historical,172655,0,0,S,2,1,329376,69.99,2011,95,32.78,47.82
66304,Historical,320236,0,0,S,0,0,259851,49.95,2007,20,32.59,34.99
66305,Historical,530692,0,0,S,2,1,871751,74.99,2009,37,19.19,55.54
66306,Historical,241439,0,0,S,4,1,115149,19.95,2003,43,11.69,73.61
66307,Historical,56801,0,0,S,3,1,3863992,105.95,2002,52,62.22,4.95
66308,Historical,174013,1,1,S,2,1,391858,32.5,1997,26,23.99,23.99
66309,Historical,610434,0,0,S,6,1,224797,45.4,2012,38,0,43.66
66310,Historical,313016,0,0,S,2,1,506545,49.99,2002,26,4.26,25.52
66311,Historical,894924,0,0,S,3,1,98774,44.99,2013,33,29.92,31.6
66313,Historical,314204,0,0,S,5,1,39061,45.33,2003,47,25.98,38.09
66314,Historical,58495,0,0,S,5,1,4561015,64.95,1997,34,61.99,21.29
66315,Historical,58496,0,0,S,6,1,1811092,88.95,2003,47,61.99,16.26
66316,Historical,184275,0,0,S,1,0,648814,81.95,1999,21,0,40.82
66318,Historical,867230,0,0,S,2,1,13779,38.75,2014,31,27.49,34.12
66319,Historical,403626,0,0,S,1,0,290549,107.95,1995,19,0,74
66320,Historical,402796,0,0,S,2,1,697240,55.95,2009,23,0,0
66321,Historical,530680,0,0,S,2,1,676938,57.95,2009,28,37.84,42.73
66322,Historical,536675,0,0,S,4,1,30486,166,2012,46,79.16,72.38
66323,Historical,373609,1,1,S,2,1,3223259,49.95,1996,34,13.98,13.95
66324,Historical,660829,0,0,S,4,1,115989,85.95,2013,44,13.98,45.93
66325,Historical,246372,0,0,S,4,1,1585076,64.99,2005,18,21.5,42.37
66326,Historical,867608,0,0,S,3,1,33537,79.99,2014,19,42.48,45.04
66328,Historical,667388,1,1,S,5,1,3100,27.77,2011,27,31.53,23.84
66329,Historical,530673,0,0,S,3,1,1020432,69.99,2008,43,6.76,44.97
66330,Historical,271086,0,0,S,3,1,519679,93,2011,41,43.43,63.99
66331,Historical,610188,0,0,S,3,1,30129,48,2013,45,43.43,28.85
66332,Historical,864635,0,0,S,3,1,1436369,69.99,2014,24,41.26,50.99
66333,Historical,621697,0,0,S,4,1,616688,122.67,2012,20,115.19,49.5
66334,Historical,557546,0,0,S,3,1,3298029,87.27,2008,15,115.19,68.2
66335,Historical,536324,0,0,S,4,1,21324,62.5,2012,72,28.5,38.96
66337,Historical,660741,0,0,S,5,1,11704,65.5,2013,87,53.44,33.49
66338,Historical,392429,0,0,S,2,1,1216564,50,2009,17,0,49.11
66339,Historical,530668,0,0,S,2,1,2774508,59.95,2007,28,4.73,18.92
66340,Historical,184597,0,0,S,5,1,3305715,69.95,2000,40,11.39,25.98
66342,Historical,353661,0,0,S,2,1,1302428,39.99,2007,51,4,11.93
66343,Historical,536439,0,0,S,3,1,315313,49.99,2013,20,31.85,32.82
66344,Historical,530667,0,0,S,1,0,751324,49.99,2010,49,31.85,9.86
66345,Historical,300459,0,0,S,2,1,55802,46,2009,41,30.96,28.95
66346,Historical,353653,0,0,S,2,1,663502,49.95,2005,39,10.74,21.16
66347,Historical,530666,0,0,S,2,1,1020482,89.99,2011,29,87.15,58.07
66348,Historical,1516724,0,0,S,1,0,498566,114.67,2012,36,0,32.98
66349,Historical,809088,0,0,S,2,1,437860,136.58,2013,23,0,143.99
66350,Historical,534832,0,0,S,2,1,130067,55.87,2012,79,5.96,30.7
66351,Historical,115602,0,0,S,1,0,460209,185.4,2004,34,0,36.29
66352,Historical,264862,0,0,S,4,1,727933,79.95,2000,26,45.47,58.53
66353,Historical,387953,0,0,S,0,0,1161473,0,2010,24,5.96,93.91
66354,Historical,111142,0,0,S,2,1,517400,59.99,2009,44,6.46,79.1
66355,Historical,611836,1,2,S,8,1,40141,131.95,2014,46,52.91,73.98
66356,Historical,2550748,0,0,S,2,1,13314329,62,1996,21,22.25,77.26
66357,Historical,181829,0,0,S,3,1,149566,59.99,2002,62,5.14,28.55
66358,Historical,318407,1,1,S,7,1,917659,67.95,1999,26,79.99,20.99
66360,Historical,3474676,0,0,S,2,1,273252,49.99,2016,0,0,44.94
66361,Historical,545307,0,0,S,3,1,39044,14.99,2013,76,8.4,9.07
66362,Historical,905125,0,0,S,6,1,13261,11.99,2014,29,7.39,7.61
66363,Historical,861340,0,0,S,8,1,25999,16,2013,33,9.07,11.16
66364,Historical,533634,0,0,S,6,1,182299,249.95,2012,44,154.6,42.78
66365,Historical,244239,0,0,S,6,1,240461,225.95,2012,73,154.6,62
66366,Historical,198453,0,0,S,10,1,646355,172.95,2007,26,83.54,52.25
66367,Historical,109455,0,0,S,8,1,1834282,23.94,2005,34,95.99,34.94
66368,Historical,132817,0,0,S,3,1,942637,127.8,2009,34,22.2,5.39
66369,Historical,287652,0,0,S,4,1,340225,152.6,2011,31,22.2,52.53
66370,Historical,609847,0,0,S,11,1,9122,160.8,2012,126,20.82,28.98
66371,Historical,637665,0,0,S,11,1,117182,110,2012,42,20.82,43.99
66372,Historical,873534,1,1,S,7,1,46843,55.95,2014,57,37.73,33.68
66373,Historical,114827,0,0,S,3,1,1078755,99,2002,58,58.28,55.15
66374,Historical,51947,0,0,S,4,1,787585,39.95,2003,93,37.73,16.99
66375,Historical,133440,0,0,S,3,1,23000,86.2,2010,54,30.85,66.66
66376,Historical,329891,0,0,S,2,1,1441319,146.67,2008,44,5.77,49.14
66377,Historical,705712,0,0,S,3,1,385789,0,2012,20,0,0
66378,Historical,254507,0,0,S,2,1,34807,129.95,2011,64,0,63.99
66379,Historical,200137,0,0,S,1,0,888491,115.95,2007,20,0,67.55
66381,Historical,116589,0,0,S,1,0,998423,60.6,2005,25,110.18,18.49
66382,Historical,147754,0,0,S,5,1,3661791,149.95,2000,50,148.99,19.14
66383,Historical,53540,0,0,S,6,1,2655174,137.95,2004,41,148.99,4.8
66384,Historical,162446,0,0,S,1,0,35515,71,2009,37,0,53.97
66385,Historical,862026,0,0,S,2,1,449829,56,2014,19,31.28,39.51
66386,Historical,1780509,0,0,S,2,1,102100,49,2014,17,36.25,38.3
66387,Historical,121285,0,0,S,7,1,722530,93,2010,23,68.93,6.64
66388,Historical,132055,0,0,S,5,1,2664626,66.2,2005,39,68.93,7.49
66389,Historical,538295,1,1,S,7,1,46394,72,2013,44,47.06,35.98
66390,Historical,355898,0,0,S,4,1,6676534,69.95,1999,23,47.99,10.92
66391,Historical,145680,0,0,S,3,1,3819806,138,2007,9,15.7,602.99
66392,Historical,51802,0,0,S,3,1,1923617,128,2007,73,15.7,8.63
66393,Historical,169475,0,0,S,1,0,843570,279.95,2006,35,0,129.38
66394,Historical,169440,0,0,S,1,0,236579,279.95,2006,51,0,101.56
66396,Historical,876676,0,0,S,3,1,773615,233.95,2010,15,62.5,58.99
66397,Historical,834675,0,0,S,4,1,4143463,271.09,2009,13,48.97,121.84
66398,Historical,110187,0,0,S,2,1,62701,55.67,2008,88,4.37,18.98
66399,Historical,52139,0,0,S,3,1,806560,14.99,2008,58,112.56,10.01
66400,Historical,880098,0,0,S,6,1,813109,158.5,2008,14,97.69,18.99
66401,Historical,641962,1,5,S,8,1,118349,206.25,2013,37,97.69,56.6
66402,Historical,2263057,1,1,S,7,1,424466,134.95,2010,18,0,67.21
66403,Historical,50098,0,0,S,5,1,918305,4.33,2005,98,97.69,16.89
66404,Historical,60344,0,0,S,3,1,961848,110.95,2004,34,48.62,10.98
66405,Historical,200154,0,0,S,3,1,502214,156.95,2007,109,25.69,33.52
66406,Historical,169129,0,0,S,5,1,612697,124.95,2006,78,83.3,6.47
66407,Historical,177928,0,0,S,4,1,4383463,100.95,2003,50,83.3,5.96
66409,Historical,541763,0,0,S,3,1,33671,55,2013,41,33.53,36.57
66410,Historical,610339,0,0,S,3,1,147946,109.95,2013,37,46.66,88.99
66412,Historical,656382,0,0,S,5,1,690507,81.95,2013,20,58.84,60.78
66413,Historical,121591,0,0,S,9,1,61904,112.2,2011,62,37.27,69.69
66414,Historical,254489,0,0,S,2,1,107185,193.95,2010,111,88.98,42.61
66416,Historical,157249,0,0,S,2,1,586061,47.95,2005,38,22.89,37.94
66417,Historical,246207,0,0,S,2,1,2854745,104.95,2002,32,56.13,44.77
66418,Historical,110068,0,0,S,4,1,77247,270.5,2009,55,242.89,107.05
66419,Historical,879883,1,4,S,9,1,1374304,207.5,2013,25,88.99,28.36
66420,Historical,147948,0,0,S,3,1,943527,331.95,2003,57,97.32,15.9
66421,Historical,630681,0,0,S,3,1,1345947,159.93,2012,28,49.12,120.54
66422,Historical,878785,0,0,S,6,1,119882,43.68,2010,21,173.97,57.33
66423,Historical,51017,0,0,S,4,1,1863392,133.33,2004,51,173.97,6.18
66424,Historical,118571,0,0,S,3,1,1107623,111,2006,33,4.66,79.41
66425,Historical,610435,0,0,S,3,1,20929,111.95,2013,62,65.72,57.23
66427,Historical,530646,0,0,S,6,1,141839,69.99,2011,46,35.93,37.56
66428,Historical,116154,0,0,S,4,1,511616,61.8,2004,30,12.29,51.32
66429,Historical,867759,0,0,S,4,1,87131,79.99,2013,34,58.98,52.8
66430,Historical,183160,0,0,S,2,1,378222,336.95,2005,77,7.57,43.76
66431,Historical,548027,0,0,S,1,0,125026,294.95,2000,49,8.24,55.59
66432,Historical,182648,0,0,S,1,0,463258,167.95,2002,42,0,58.46
66433,Historical,530644,0,0,S,5,1,38267,74.99,2012,57,31.99,34.98
66434,Historical,614379,1,2,S,4,1,282844,0,2013,20,66.54,42.94
66435,Historical,915797,0,0,S,12,1,101311,97.67,2014,37,103.48,33.99
66436,Historical,52427,0,0,S,9,1,533894,110.4,2005,52,103.48,17.6
66437,Historical,53618,0,0,S,1,0,1171737,87.5,2003,55,66.54,28.97
66438,Historical,130128,1,1,S,2,1,85158,163.4,2003,95,21.44,25.48
66439,Historical,530643,0,0,S,2,1,14419,98.95,2011,243,30.19,43.46
66440,Historical,2263394,0,0,S,2,1,317167,69.18,2011,40,0,50.17
66442,Historical,200083,0,0,S,1,0,1952779,76.95,2003,25,53.99,43.58
66445,Historical,245262,0,0,S,3,1,427984,187.95,2005,44,5.47,61.81
66446,Historical,910020,0,0,S,0,0,348212,60,2003,27,41.97,111.81
66447,Historical,50324,0,0,S,7,1,352368,99.99,2003,71,93.99,43.64
66448,Historical,574060,0,0,S,5,1,1906222,49,1995,43,4.02,41.9
66449,Historical,867140,1,1,S,6,1,23639,64.8,2014,24,43.76,51.49
66450,Historical,592189,0,0,S,1,0,38558,113,2012,63,0,0
66451,Historical,50261,0,0,S,5,1,2143468,69.8,2004,62,61.35,13.68
66452,Historical,658811,0,0,S,8,1,500178,96.67,2013,31,61.35,43.34
66453,Historical,545645,1,2,S,2,1,99180,129.95,2012,123,24.99,62.12
66454,Historical,893301,0,0,S,2,1,505239,44.95,2014,18,40.47,33.84
66455,Historical,224724,1,1,S,2,1,91826,140.95,2011,57,11.86,82.21
66456,Historical,630036,0,0,S,10,1,1114281,64.6,2010,58,4.98,5.16
66457,Historical,153829,0,0,S,3,1,2365388,50,2004,83,48.5,5.89
66458,Historical,530637,0,0,S,2,1,155358,39.95,2011,36,15.43,26.59
66459,Historical,108256,0,0,S,5,1,811026,7.8,2003,50,342.3,5.64
66460,Historical,644389,0,0,S,2,1,53214,67.95,2013,25,51.99,48.15
66461,Historical,880278,0,0,S,2,1,964983,53.17,2011,29,95.33,42.91
66462,Historical,286256,0,0,S,2,1,550172,153.8,2006,43,41.39,81.8
66463,Historical,370975,0,0,S,2,1,3721847,55,1997,30,41.76,6.78
66464,Historical,594675,0,0,S,6,1,40784,153.95,2012,91,41.76,78.94
66465,Historical,52836,0,0,S,14,1,306311,259.95,2007,58,10.24,97.96
66466,Historical,147853,0,0,S,3,1,1343284,173.95,2002,41,49.86,11.97
66467,Historical,905830,0,0,S,2,1,2533874,223.95,2007,18,102.85,79.16
66468,Historical,51591,0,0,S,4,1,3727785,182.95,2004,36,49.86,7.99
66469,Historical,111908,0,0,S,1,0,186094,81.21,2010,60,0,67.99
66470,Historical,877082,0,0,S,5,1,805082,285.95,2013,19,183.87,292.71
66472,Historical,290475,0,0,S,2,1,474687,41.73,2001,35,3.99,47.26
66473,Historical,52405,0,0,S,2,1,1628779,163.95,2007,33,183.87,5.57
66474,Historical,534523,1,1,S,3,1,40316,112.99,2012,82,32.44,68.99
66475,Historical,109001,0,0,S,7,1,209082,107.46,2006,24,5.48,52.92
66476,Historical,290922,1,2,S,2,1,44786,97.95,2008,55,55.39,81.68
66477,Historical,908907,0,0,S,3,1,97492,67,2014,42,29.9,43.99
66479,Historical,550978,0,0,S,2,1,763733,126.5,2011,20,0,88.99
66480,Historical,53910,0,0,S,3,1,220753,87.95,2000,41,107.99,43.94
66481,Historical,162263,0,0,S,3,1,271816,44,2008,63,17.47,29.4
66482,Historical,51136,0,0,S,7,1,2255222,170.67,2006,78,101.51,12.99
66483,Historical,163449,0,0,S,2,1,48606,44,2011,44,28.99,23.49
66484,Historical,55352,0,0,S,4,1,99190,327.95,2008,75,160.1,74
66485,Historical,2859185,0,0,S,2,1,2201604,54.95,1992,27,0,59.3
66486,Historical,530633,0,0,S,2,1,196211,40,2009,53,28.97,28.6
66487,Historical,162771,0,0,S,2,1,453884,40,2009,49,34.51,26.22
66488,Historical,1437490,0,0,S,6,1,70318,76,2015,38,53.03,49.21
66489,Historical,646940,0,0,S,2,1,40903,114.95,2013,40,37.15,63.74
66490,Historical,544458,0,0,S,3,1,40144,94.95,2013,61,70.78,62.98
66491,Historical,1696713,1,1,S,6,1,22186,44.95,2014,33,0,27.96
66492,Historical,545728,0,0,S,8,1,4468,89.99,2013,121,27.99,63.98
66493,Historical,367106,0,0,S,5,1,3584973,50.95,2002,53,27.99,19.95
66494,Historical,2265460,0,0,S,6,1,1936114,182.09,2011,29,52.22,128.63
66495,Historical,56785,0,0,S,4,1,1835181,104.95,2005,28,103.92,42.19
66496,Historical,116628,0,0,S,8,1,224836,104.6,2004,46,82.93,43.98
66497,Historical,146871,0,0,S,2,1,3583329,57.95,2000,25,36.45,17.91
66498,Historical,536401,0,0,S,4,1,468025,86.95,2013,47,36.45,42.61
66499,Historical,52334,0,0,S,8,1,1212564,103,2005,81,98.49,7.88
66500,Historical,293131,0,0,S,2,1,4364802,62,1997,21,59.35,34.42
66501,Historical,253859,0,0,S,5,1,1023024,189.95,2009,42,38.97,68.94
66502,Historical,286202,0,0,S,2,1,373894,246.6,2010,37,39.27,163.99
66503,Historical,51057,0,0,S,1,0,2182103,72.95,2003,47,62.98,15.37
66504,Historical,245226,0,0,S,5,1,1861556,72.95,2006,43,44.04,6.74
66505,Historical,177914,1,2,S,5,1,2445603,95.95,2003,63,72.93,21.74
66507,Historical,166794,1,1,S,1,0,860029,53.58,2005,69,0,28.97
66508,Historical,894938,0,0,S,2,1,202582,55,2013,10,41.19,38.53
66509,Historical,136651,0,0,S,3,1,369148,83,2008,22,29.73,49.8
66510,Historical,649618,0,0,S,2,1,49406,36,2013,35,25.82,25.85
66511,Historical,609953,0,0,S,6,1,8882,74.95,2013,115,29.98,41.94
66512,Historical,484060,0,0,S,5,1,2515944,159.95,2010,20,83.99,43.99
66514,Historical,875250,0,0,S,3,1,27214,83.95,2014,37,45.81,46.69
66516,Historical,864641,1,1,S,6,1,77905,62.95,2014,46,23.94,39.99
66518,Historical,298680,0,0,S,2,1,455392,143.95,2008,53,52.98,79.42
66519,Historical,294179,0,0,S,0,0,22581,118.99,2011,55,0,30.99
66520,Historical,610355,0,0,S,3,1,127368,79.95,2013,23,54.99,51.88
66521,Historical,593204,0,0,S,9,1,715954,49.74,2010,12,8.01,47.18
66522,Historical,120265,0,0,S,3,1,117916,119.2,2011,45,41.63,47.9
66523,Historical,107335,0,0,S,1,0,318547,33.92,2000,69,4,28.99
66524,Historical,329966,0,0,S,4,1,572893,116,2005,49,24.92,52.99
66525,Historical,664126,0,0,S,2,1,49861,50,2014,37,23.64,28.97
66526,Historical,545670,0,0,S,6,1,437183,98.99,2013,29,49.89,46.98
66527,Historical,543942,0,0,S,2,1,234877,55,2013,25,32.88,42
66528,Historical,130383,0,0,S,1,0,100770,129.2,2011,29,0,101.98
66529,Historical,51473,0,0,S,7,1,609807,95.6,2006,286,93.26,8.23
66530,Historical,537821,1,1,S,10,1,384412,167.67,2012,37,93.26,92.78
66531,Historical,545649,0,0,S,3,1,49393,147.95,2013,23,52.49,54.98
66532,Historical,534814,0,0,S,3,1,117404,73.95,2012,43,23.49,43.38
66534,Historical,142703,0,0,S,4,1,245215,134,2010,38,57.38,108.21
66535,Historical,892177,0,0,S,1,0,707569,39.99,2010,21,30.19,32.5
66536,Historical,878644,0,0,S,5,1,100454,120,2014,54,75.28,51.19
66537,Historical,562156,0,0,S,5,1,42839,191.95,2008,28,160.24,103.89
66538,Historical,2252246,0,0,S,7,1,355466,122.38,2009,31,54.63,63.92
66539,Historical,537924,0,0,S,2,1,1924342,71.95,1994,27,113.98,55.89
66540,Historical,546031,0,0,S,2,1,544162,69.95,2012,34,64.33,48.9
66541,Historical,167251,0,0,S,2,1,1108168,34.95,2006,47,20.91,15.65
66542,Historical,163477,0,0,S,3,1,30832,41.95,2011,41,20.91,23.8
66544,Historical,187949,0,0,S,2,1,1599977,44.95,2000,51,4.32,13.99
66545,Historical,203680,0,0,S,3,1,244880,65.99,2006,68,4.32,23.98
66546,Historical,915373,1,1,S,3,1,297936,44.95,2008,32,40.2,40.99
66547,Historical,115650,0,0,S,2,1,2501917,125.65,2003,31,164.45,18.99
66548,Historical,162546,0,0,S,2,1,387678,40,2010,29,27.49,29.52
66550,Historical,530623,1,1,S,3,1,102273,86,2012,38,45.49,63.35
66551,Historical,866987,0,0,S,3,1,4539,56.96,2014,49,51.8,51.38
66552,Historical,177599,0,0,S,9,1,2610402,161.95,2003,44,32.12,5.71
66553,Historical,867588,0,0,S,2,1,102843,97.95,2013,48,36.98,59.02
66554,Historical,2265144,0,0,S,3,1,672948,96.64,2012,69,0,86.96
66555,Historical,245187,0,0,S,3,1,631017,202.95,2011,38,81.45,64.03
66556,Historical,177233,0,0,S,4,1,901469,195.95,2005,99,4.33,79
66557,Historical,2263430,0,0,S,9,1,1036376,36.58,2010,12,0,43.46
66558,Historical,50155,0,0,S,6,1,2338431,76.7,2004,74,104.99,6.76
66559,Historical,587826,0,0,S,2,1,38380,55,2012,52,40.99,29.35
66560,Historical,162366,0,0,S,2,1,125439,55,2009,118,13.81,14.93
66561,Historical,165858,0,0,S,2,1,684737,36.95,2004,58,13.81,15.99
66563,Historical,105568,0,0,S,2,1,378928,87,1999,48,32.15,38.81
66564,Historical,865579,0,0,S,7,1,100643,24.99,2013,48,22.03,19.31
66565,Historical,1617399,0,0,S,1,0,1292418,19.95,2009,29,8.98,15.29
66566,Historical,637622,0,0,S,4,1,76494,73,2013,57,32.39,39.3
66567,Historical,193399,0,0,S,2,1,455227,43,2005,26,0,43
66570,Historical,874174,0,0,S,5,1,1805349,94,1998,34,142.03,32.89
66571,Historical,701223,0,0,S,2,1,1046470,79,2007,23,0,0
66574,Historical,1890879,0,0,S,0,0,396794,54.99,2013,14,36.98,37.7
66575,Historical,1890620,0,0,S,0,0,440057,44.99,2010,36,58.36,21.79
66577,Historical,613378,0,0,S,2,1,931543,36.4,2011,77,4.9,12.98
66578,Historical,867583,0,0,S,2,1,449224,49.99,2014,35,26.99,32.78
66579,Historical,117237,0,0,S,3,1,106027,141.6,2006,60,29.68,76.54
66580,Historical,870401,0,0,S,3,1,2005365,64.95,2007,30,38.65,6.24
66581,Historical,545573,1,1,S,5,1,614136,59.95,2013,44,38.65,36.15
66582,Historical,126679,0,0,S,2,1,215728,44.95,2004,28,14.46,24.35
66583,Historical,200294,0,0,S,2,1,153265,141.95,2006,42,9.73,49.5
66584,Historical,546204,0,0,S,2,1,9445395,39.95,1999,25,15.94,26.99
66585,Historical,530609,0,0,S,4,1,1641414,59.95,2008,22,15.94,54.84
66586,Historical,291601,0,0,S,4,1,974583,79.95,2003,67,0,0
66587,Historical,878628,0,0,S,6,1,2450174,18.35,2008,62,82.98,17.26
66588,Historical,54323,0,0,S,5,1,150437,90.95,2006,91,82.98,13.97
66589,Historical,115347,0,0,S,5,1,39320,92.2,2009,45,18.23,26.86
66590,Historical,530608,0,0,S,2,1,342572,47.95,2013,64,42.37,38.65
66591,Historical,202499,0,0,S,6,1,1859945,78.1,2002,43,132.89,19.49
66592,Historical,204134,0,0,S,3,1,554712,109.99,2008,19,10.69,17.13
66593,Historical,614877,0,0,S,1,0,510092,91.95,1988,53,0,45.99
66594,Historical,169125,0,0,S,2,1,581361,42.95,2005,31,32.49,33.95
66595,Historical,867886,0,0,S,3,1,13633,49.95,2014,94,30.36,33.99
66596,Historical,267310,1,1,S,2,1,366736,39.95,2006,39,23.92,29.12
66597,Historical,595079,0,0,S,3,1,110478,168,2013,47,0,69.74
66598,Historical,115566,0,0,S,3,1,299083,63.2,2002,29,9.76,32.71
66599,Historical,199285,0,0,S,1,0,702002,100,2006,57,4.26,16.98
66600,Historical,373746,0,0,S,2,1,87777,40.99,2006,20,0,34.45
66601,Historical,2379043,0,0,S,2,1,1457102,136.6,1967,34,13.94,58.37
66602,Historical,286744,0,0,S,2,1,30765,199.95,1995,37,4.27,44.91
66603,Historical,255127,0,0,S,2,1,339834,49.95,2010,50,66.65,42.83
66604,Historical,566136,0,0,S,2,1,75704,72.95,2012,53,24.11,37.08
66605,Historical,530599,0,0,S,5,1,183699,156.95,2012,92,63.66,115.65
66606,Historical,130965,0,0,S,11,1,511020,74.67,2011,19,62.86,137.63
66607,Historical,569716,0,0,S,4,1,1531000,57.95,2001,47,33.99,16.98
66608,Historical,616594,0,0,S,2,1,181985,81.6,1988,41,11.98,45.94
66609,Historical,202516,1,1,S,1,0,167654,55.99,2004,13,0,51.94
66611,Historical,118717,0,0,S,3,1,109570,62.4,2007,37,12.87,43.87
66612,Historical,1486751,0,0,S,0,0,146239,49,2013,21,0,43
66613,Historical,246620,0,0,S,2,1,730903,41.95,2008,21,6.98,31.86
66614,Historical,60359,0,0,S,2,1,1422355,174.95,2001,80,86.96,7.98
66615,Historical,279575,0,0,S,3,1,290594,65,2010,33,30.87,73.9
66616,Historical,569816,0,0,S,4,1,36578,156.95,2005,23,0,0
66617,Historical,535790,0,0,S,4,1,32424,89.75,2012,64,53.15,57.84
66618,Historical,602957,0,0,S,2,1,64002,35.58,2012,16,33.26,26.6
66620,Historical,57029,0,0,S,11,1,21690,114.6,2011,57,62.86,50.21
66623,Historical,530598,0,0,S,2,1,244482,61.95,2009,19,22.97,40.37
66624,Historical,126245,0,0,S,2,1,2250202,68,2001,62,40.99,8.99
66625,Historical,120140,0,0,S,2,1,52836,105.6,2011,44,48.48,75.61
66627,Historical,289845,0,0,S,2,1,832810,76.95,2010,36,11.79,58.67
66628,Historical,140993,0,0,S,6,1,248878,70.25,2002,25,0,42.24
66629,Historical,145332,0,0,S,2,1,3590797,67.8,2005,31,73.94,11.95
66631,Historical,858341,0,0,S,3,1,255954,53.95,2014,10,21.99,45.13
66632,Historical,117485,0,0,S,2,1,63538,108.8,2003,41,17.93,73.47
66633,Historical,537967,0,0,S,2,1,3342309,70.95,2001,34,122.6,23.94
66634,Historical,246619,0,0,S,6,1,123345,72.95,2008,30,0,0
66635,Historical,178103,0,0,S,5,1,28388,199.95,2005,51,22.74,74.48
66636,Historical,127493,0,0,S,4,1,352356,37.5,2010,55,27.99,36.61
66637,Historical,627257,0,0,S,3,1,365582,61.95,2008,20,3.85,37.22
66638,Historical,205639,0,0,S,2,1,1675794,50,1998,33,31.99,10.99
66639,Historical,530600,0,0,S,2,1,493213,65.95,2012,27,40.91,67.46
66640,Historical,194131,0,0,S,2,1,129910,75,2007,35,0,0
66641,Historical,178752,0,0,S,1,0,3918479,53.95,1995,19,25.6,18.97
66642,Historical,177486,0,0,S,2,1,421343,217.95,2001,29,64.37,119.67
66643,Historical,116375,0,0,S,3,1,34071,90,2011,45,33.44,71.98
66644,Historical,245123,0,0,S,1,0,620224,98.95,2006,21,0,0
66645,Historical,652526,0,0,S,2,1,471023,52.95,2012,28,145.78,48.87
66646,Historical,245137,0,0,S,3,1,66195,227.95,2005,54,7.86,48.98
66647,Historical,214313,0,0,S,3,1,188547,39.95,2005,44,9.85,32.89
66649,Historical,544454,0,0,S,4,1,53024,139.95,2013,24,28.18,54.35
66651,Historical,893259,0,0,S,3,1,254207,40,2014,16,52.48,40
66652,Historical,246710,0,0,S,4,1,316341,49.95,2010,35,27.79,32.93
66653,Historical,115305,0,0,S,5,1,101718,143.4,2011,52,101.01,69.18
66654,Historical,530595,0,0,S,2,1,96437,55.95,2012,32,36.03,36.13
66655,Historical,564685,0,0,S,3,1,591977,75.95,2007,36,35.59,38.99
66656,Historical,530593,0,0,S,2,1,1452173,43.95,2013,19,35.24,29.81
66657,Historical,633532,0,0,S,1,0,161862,72.5,2001,36,72.9,88.93
66658,Historical,1474229,0,0,S,2,1,4908295,55,2010,19,44.67,49.64
66659,Historical,674980,0,0,S,0,0,54046,20.95,2002,66,36.96,13.98
66660,Historical,530591,0,0,S,1,0,217407,49.95,2003,20,0,51.5
66661,Historical,620883,0,0,S,1,0,563790,49.95,2003,32,0,35.19
66662,Historical,126447,0,0,S,0,0,46786,49.95,2005,33,0,43.89
66663,Historical,868068,0,0,S,3,1,3400076,63,1996,32,41.91,12.99
66665,Historical,922454,0,0,S,1,0,590671,150,1996,86,55.66,15.99
66666,Historical,185220,0,0,S,1,0,846787,39.95,2005,61,45.11,9.98
66667,Historical,120471,0,0,S,4,1,33430,211.2,1996,45,4,103.98
66668,Historical,872461,0,0,S,5,1,332310,81,2014,43,41.1,53.65
66669,Historical,2648713,0,0,S,2,1,414177,81.95,1999,25,0,33.47
66671,Historical,530584,0,0,S,8,1,365424,93.6,2012,31,39.37,69.6
66672,Historical,912681,0,0,S,3,1,2164849,44.95,2008,20,6.92,33.49
66673,Historical,515767,0,0,S,3,1,1617197,95,2008,19,18.73,48.99
66674,Historical,628076,0,0,S,2,1,1363580,49.95,2009,27,7.54,37.32
66675,Historical,618680,0,0,S,6,1,112699,177,1993,37,5.1,53.83
66676,Historical,183667,0,0,S,6,1,291058,220.95,2008,36,5.19,177.9
66677,Historical,2654916,0,0,S,3,1,8805885,67.96,1996,16,5.19,50.81
66678,Historical,129312,0,0,S,3,1,204778,49.95,2012,46,19.91,37.53
66679,Historical,129323,0,0,S,6,1,2746472,55,2010,30,43.23,33.99
66680,Historical,862361,0,0,S,2,1,353758,43.95,2014,22,29.42,28.99
66681,Historical,530576,0,0,S,2,1,706013,49.95,2012,32,29.24,32.46
66682,Historical,276952,0,0,S,3,1,309129,59.95,2010,46,48.35,48.9
66683,Historical,199531,0,0,S,1,0,319876,41.95,1999,49,0,13.8
66684,Historical,298252,0,0,S,3,1,265071,27.95,2005,26,18.99,22.08
66685,Historical,555281,0,0,S,2,1,594564,76.95,1996,28,3.99,10.9
66686,Historical,259994,0,0,S,3,1,644416,89,2004,17,12.36,17.57
66687,Historical,262359,0,0,S,3,1,96380,47.95,2006,42,18.54,37.98
66688,Historical,647946,0,0,S,2,1,219574,105,2008,28,34.39,70.56
66689,Historical,55347,0,0,S,7,1,24676,114,2003,73,57.61,68.99
66690,Historical,619060,0,0,S,2,1,21178,114.2,1997,109,21.63,28.95
66691,Historical,867667,0,0,S,3,1,99718,60,2014,31,47.04,44.9
66692,Historical,161153,0,0,S,2,1,67405,45,2009,40,33.98,39.64
66693,Historical,276349,0,0,S,2,1,912850,119,2002,35,21.84,40.42
66694,Historical,208254,0,0,S,2,1,34634,59.99,2001,80,22.78,30.7
66697,Historical,166393,0,0,S,1,0,132056,34.95,2000,114,17.96,8.98
66698,Historical,162243,0,0,S,2,1,54000,45,2008,56,17.96,26.59
66699,Historical,755998,0,0,S,1,0,105810,50,2012,13,0,32.95
66700,Historical,254257,0,0,S,3,1,279174,71.95,2010,61,20.4,35.88
66701,Historical,53763,1,2,S,7,1,914292,177.95,2004,102,51.99,19.98
66702,Historical,544506,1,1,S,10,1,8562,131.95,2013,108,51.99,30
66703,Historical,873483,0,0,S,2,1,2034461,34.99,2005,27,24.85,44.87
66704,Historical,1856821,0,0,S,0,0,24321,49.99,2014,11,0,34.59
66705,Historical,881394,0,0,S,0,0,11133,49.99,2014,17,40.53,34.26
66706,Historical,54087,0,0,S,3,1,908396,152.95,2008,67,12.19,7.59
66707,Historical,632713,0,0,S,2,1,961925,43,2011,23,0,32.22
66708,Historical,916094,1,1,S,0,0,930820,54.99,2006,21,34.17,39.98
66709,Historical,674706,1,1,S,0,0,359925,22.5,2006,42,6.61,5.09
66710,Historical,2354709,0,0,S,2,1,800227,37.88,2004,74,4.83,5.97
66711,Historical,898804,0,0,S,1,0,397401,28.98,2007,30,0,28.9
66712,Historical,1538479,0,0,S,2,1,936948,42.99,2010,10,0,38.5
66714,Historical,639737,0,0,S,2,1,45413,43,2013,21,25.94,31.71
66715,Historical,739546,0,0,S,0,0,553050,55.4,2005,84,24.37,8.57
66716,Historical,540440,1,1,S,4,1,976296,12.99,2010,45,60.44,32.89
66717,Historical,131066,0,0,S,1,0,710901,101.67,2011,20,0,80.89
66718,Historical,557553,0,0,S,1,0,393897,128.6,2011,37,0,32.98
66719,Historical,1743977,0,0,S,10,1,8807,50.98,2014,7,0,52.61
66720,Historical,141621,0,0,S,3,1,587724,13.98,2003,110,27.76,6.62
66721,Historical,2271238,1,3,S,6,1,345271,92.35,2012,13,0,87.9
66722,Historical,52997,0,0,S,3,1,1128417,30.1,2003,104,52.94,8.43
66723,Historical,658331,0,0,S,2,1,688273,54.95,2011,25,148.39,39.87
66726,Historical,622223,0,0,S,1,0,237318,93.95,2013,52,0,29.39
66727,Historical,193728,0,0,S,5,1,396921,228,2011,69,21.54,69
66728,Historical,1633731,0,0,S,4,1,318168,36.95,2010,30,18.91,97.65
66729,Historical,301320,0,0,S,2,1,839584,69.99,2011,42,34.13,49.49
66730,Historical,543316,0,0,S,4,1,322570,95,2011,29,34.5,53.45
66731,Historical,616730,0,0,S,4,1,130718,55.95,2010,28,25.52,25.93
66733,Historical,594695,0,0,S,3,1,31518,110.95,2013,53,33.99,53.1
66734,Historical,530536,0,0,S,3,1,107560,74.95,2012,32,62.84,44.14
66735,Historical,55001,0,0,S,1,0,826438,65.95,2004,157,61.49,8.99
66736,Historical,867618,0,0,S,3,1,5839,91.99,2014,69,61.49,58.99
66737,Historical,646033,0,0,S,0,0,428217,59.99,2011,37,36.16,39.94
66738,Historical,546873,0,0,S,3,1,92118,63.95,2013,35,41.77,48.64
66740,Historical,227328,0,0,S,2,1,1825189,81.95,1996,39,0,37.39
66741,Historical,612381,0,0,S,3,1,374227,86.42,2013,13,78.48,86.4
66742,Historical,246210,0,0,S,3,1,812971,59.21,2003,36,0,59.21
66743,Historical,136967,0,0,S,2,1,143108,44,2008,30,0,29.89
66744,Historical,200453,0,0,S,1,0,463533,165.95,2010,29,0,20
66745,Historical,128952,0,0,S,2,1,1176812,62.95,2004,36,0,49.39
66746,Historical,128880,1,1,S,2,1,194574,110.95,2005,63,35.87,58.3
66747,Historical,610029,0,0,S,13,1,346938,57.95,2012,16,91.42,42.82
66748,Historical,3461513,0,0,S,5,1,539531,149.48,2001,13,10.63,72.47
66749,Historical,172280,0,0,S,2,1,225494,29.95,2009,12,0,19.82
66750,Historical,54296,0,0,S,2,1,1291099,92,2000,50,89.5,8.99
66751,Historical,231540,0,0,S,3,1,1734499,91.95,2006,15,5.74,257.87
66752,Historical,829566,0,0,S,2,1,1797116,52.95,1986,51,5.74,35.62
66753,Historical,1466001,0,0,S,1,0,1159536,49.95,2014,15,0,39.52
66755,Historical,144144,0,0,S,6,1,1299810,161,1999,35,67.92,76.94
66756,Historical,862033,0,0,S,3,1,317900,59.99,2014,58,33.24,43.96
66757,Historical,530532,1,2,S,3,1,790,44,2012,46,29.99,41.71
66758,Historical,260096,0,0,S,2,1,545960,32.95,2004,31,7.03,21.28
66759,Historical,289016,0,0,S,2,1,866052,38.95,2009,29,41.6,32.64
66760,Historical,633746,0,0,S,1,0,296648,173.75,2013,35,0,0
66761,Historical,637593,0,0,S,1,0,307891,173.75,2013,59,0,0
66765,Historical,865067,0,0,S,2,1,510394,69.95,2010,12,67.3,50.94
66766,Historical,200431,0,0,S,2,1,302693,60.95,2009,31,40.06,48.72
66767,Historical,530528,0,0,S,2,1,178337,60.95,2010,19,0,40.5
66768,Historical,658531,0,0,S,2,1,139144,54.95,2009,26,0,43.99
66769,Historical,1633939,0,0,S,1,0,126746,39.99,2014,31,20.71,25.96
66770,Historical,1879729,0,0,S,5,1,2933644,42.95,2008,11,13.94,18.83
66771,Historical,865414,0,0,S,7,1,216796,45.95,2014,13,28.66,40.6
66772,Historical,647362,0,0,S,5,1,34506,45.95,2010,17,34.62,35.99
66773,Historical,797726,0,0,S,4,1,285158,50.95,2005,26,34.62,49.95
66774,Historical,2552210,0,0,S,2,1,1494456,59.95,1995,21,0,54.93
66775,Historical,194177,0,0,S,3,1,629609,98,2009,33,76.3,60
66777,Historical,2103685,0,0,S,2,1,531635,64.99,2015,16,47.69,54.98
66778,Historical,630004,0,0,S,1,0,193070,72.99,2011,29,45.44,39.37
66779,Historical,534179,0,0,S,1,0,31635,85.99,2010,39,45.44,54.97
66780,Historical,1814377,0,0,S,0,0,373064,20,2012,58,5.99,9.84
66781,Historical,277183,0,0,S,7,1,741401,41.99,2007,143,0,0
66782,Historical,277173,0,0,S,0,0,47413,39.95,2006,70,5.19,23.99
66783,Historical,530526,1,2,S,2,1,15714,39.95,2008,109,9.15,28.99
66784,Historical,277175,1,1,S,1,0,875961,39.95,2002,61,9.15,48.35
66785,Historical,2144453,0,0,S,9,1,97215,52.99,2014,35,33.99,34.28
66787,Historical,613907,0,0,S,7,1,188761,174.95,2007,154,4.49,25.74
66788,Historical,615751,0,0,S,6,1,121353,49.95,2011,60,68.99,49.95
66790,Historical,1942302,0,0,S,6,1,12292,49.95,2014,71,0,40.92
66791,Historical,1942301,0,0,S,7,1,30394,49.95,2014,87,0,25.86
66792,Historical,1942303,0,0,S,2,1,194660,49.95,2014,47,32.24,27.87
66793,Historical,647161,0,0,S,6,1,49656,49.95,2012,38,18.99,43.98
66794,Historical,646962,0,0,S,6,1,18085,49.95,2013,111,23.92,27.53
66795,Historical,621298,0,0,S,4,1,28177,49.95,2012,62,13.63,43.99
66796,Historical,658267,0,0,S,3,1,61482,49.95,2012,35,22.69,26.74
66797,Historical,631525,0,0,S,4,1,50630,49.95,2011,42,26.2,29.05
66800,Historical,541715,0,0,S,1,0,128251,49.99,2010,55,20.73,26.09
66801,Historical,1688616,0,0,S,1,0,238157,39.99,2010,28,27.12,26.53
66804,Historical,161523,0,0,S,2,1,870097,136,2007,25,4.32,77.76
66805,Historical,244122,0,0,S,4,1,43240,154.95,2011,34,22.39,75.12
66806,Historical,1768108,0,0,S,2,1,567673,64.99,2013,25,26.41,38.99
66807,Historical,162843,0,0,S,1,0,11316,44.99,2010,79,25.03,25.1
66808,Historical,649558,0,0,S,1,0,4324,49.99,2013,84,25.03,26.46
66809,Historical,652352,0,0,S,2,1,92352,39.99,2013,21,25.42,25.8
66810,Historical,290192,0,0,S,3,1,554206,68.95,2011,23,22.11,48.98
66811,Historical,544084,0,0,S,1,0,4997,49.99,2013,35,29.49,28.98
66812,Historical,201202,0,0,S,1,0,845484,49.99,2004,28,0,0
66813,Historical,545857,0,0,S,2,1,285550,25,2012,38,0,0
66814,Historical,898810,0,0,S,2,1,460839,45,2015,17,24.52,27.96
66815,Historical,622243,0,0,S,2,1,101351,42,2009,26,6.99,28.98
66816,Historical,676808,0,0,S,1,0,671258,24.99,2004,59,22.29,12.74
66817,Historical,161640,0,0,S,1,0,582304,29.99,2007,46,22.29,12.49
66818,Historical,51415,0,0,S,7,1,1479906,116.67,2006,76,78.99,6
66819,Historical,593226,0,0,S,1,0,847943,99.95,2011,26,0,74.01
66820,Historical,912378,0,0,S,2,1,302630,61.6,2013,37,11.74,48.49
66821,Historical,202160,0,0,S,4,1,3477722,130.95,2000,47,109.94,12.85
66822,Historical,715686,1,1,S,9,1,1088849,94.8,2011,18,103.2,281.59
66825,Historical,2877888,0,0,S,2,1,366058,35.95,1986,36,23.97,35.95
66826,Historical,640346,0,0,S,5,1,2999292,101,2008,22,95.52,50.75
66827,Historical,157854,0,0,S,0,0,391798,48.95,1997,24,0,37.93
66828,Historical,647049,1,1,S,8,1,237746,142.67,2012,40,91.42,36.08
66829,Historical,287406,0,0,S,6,1,8592,140.95,2011,71,82.96,56.35
66830,Historical,647113,0,0,S,2,1,167096,45,2012,23,22.11,28.07
66831,Historical,270902,0,0,S,2,1,11175,42,2010,76,23.33,25.23
66832,Historical,161891,0,0,S,2,1,692715,120,2007,46,9.74,37.86
66833,Historical,530512,0,0,S,5,1,152378,39.99,2012,66,27.68,50.57
66834,Historical,131474,0,0,S,3,1,3442106,45.8,2001,26,35.41,45.4
66835,Historical,546013,1,1,S,8,1,51844,25,2012,23,0,11.58
66837,Historical,194008,0,0,S,2,1,501880,85,2005,20,0,0
66838,Historical,537874,0,0,S,5,1,1447712,13.83,2003,76,142.33,13.83
66839,Historical,530509,0,0,S,7,1,1540162,101.25,2008,24,8.35,28.99
66840,Historical,204010,0,0,S,0,0,504693,94.95,2006,31,33.99,56.81
66841,Historical,545723,0,0,S,4,1,66348,110,2013,48,47.24,49.38
66842,Historical,57354,0,0,S,5,1,1004570,74.95,2001,65,81.24,42.99
66843,Historical,622446,0,0,S,3,1,1140317,96.99,2005,51,11.79,45.32
66844,Historical,194201,0,0,S,2,1,149655,51,2011,58,23.24,24.01
66845,Historical,530507,0,0,S,9,1,1237807,104.95,2010,20,0,102.47
66846,Historical,530506,1,5,S,2,1,471912,106,2007,54,45.24,72.14
66848,Historical,635843,0,0,S,4,1,245237,42.71,2011,29,28.98,27.69
66849,Historical,652359,0,0,S,6,1,180635,40,2013,31,26.49,27.16
66850,Historical,623900,0,0,S,3,1,939978,62.8,2011,49,19.9,38.68
66851,Historical,547703,0,0,S,7,1,271955,104.34,1989,25,52.13,62.78
66852,Historical,286040,1,1,S,12,1,38827,129.4,2004,51,52.13,52.15
66853,Historical,538442,0,0,S,7,1,475222,42.99,2009,19,23.49,43.94
66854,Historical,132627,0,0,S,2,1,301337,95,2008,30,0,0
66855,Historical,393017,0,0,S,3,1,226612,59,2011,27,38,39.65
66856,Historical,1489081,0,0,S,2,1,131820,44.95,2013,18,0,31.36
66857,Historical,2051817,0,0,S,3,1,266776,65,2014,12,0,44.73
66859,Historical,649271,0,0,S,0,0,213022,74,2003,22,0,33.48
66860,Historical,2648692,0,0,S,2,1,513063,44.95,1999,31,12.22,34.72
66862,Historical,592204,0,0,S,4,1,2687820,167.31,2006,18,88.49,93.82
66865,Historical,288542,1,1,S,2,1,385705,91.2,2005,40,103.98,63.38
66868,Historical,537879,0,0,S,5,1,3727549,112.55,2004,28,105.94,27.97
66869,Historical,53143,0,0,S,5,1,1115379,135.94,2004,38,105.94,22.97
66870,Historical,880155,0,0,S,7,1,966301,166.28,2010,13,122.74,166.28
66871,Historical,111675,1,1,S,3,1,537173,154.25,2011,9,0,118.07
66872,Historical,613902,0,0,S,2,1,474214,94.75,2008,28,12.82,18.92
66873,Historical,169362,1,1,S,3,1,63965,142.95,2007,43,47.06,61.94
66874,Historical,705778,0,0,S,2,1,142431,0,2013,15,43.98,68.6
66876,Historical,110426,0,0,S,1,0,691341,128.25,2011,46,0,48.99
66877,Historical,788014,0,0,S,4,1,9741544,110.95,1999,21,36.59,8.98
66878,Historical,178127,0,0,S,2,1,931049,225.95,2005,46,4.98,10.47
66879,Historical,614659,0,0,S,0,0,48314,18.25,2005,33,0,17.34
66880,Historical,614410,0,0,S,0,0,12541,22.25,2007,74,0,19.74
66881,Historical,201795,0,0,S,2,1,1354241,59.95,2014,24,33.99,41.46
66882,Historical,530497,0,0,S,3,1,1933054,233.4,2006,73,36.34,4.9
66883,Historical,176460,0,0,S,3,1,1066290,87.95,2006,45,6.71,88.73
66884,Historical,169845,1,1,S,3,1,365759,180.95,2008,52,6.71,69.2
66885,Historical,132406,0,0,S,2,1,165580,60.2,2008,32,36.1,34.4
66886,Historical,533641,0,0,S,6,1,57028,163,2012,61,35.99,93.88
66887,Historical,628415,0,0,S,0,0,859241,44.95,2002,27,0,40.7
66888,Historical,880030,0,0,S,3,1,106561,125,2012,29,56.49,63.99
66890,Historical,542736,0,0,S,3,1,367921,49.95,2013,26,47.94,37.26
66891,Historical,530495,0,0,S,6,1,311265,198.95,2002,37,4.99,5.57
66892,Historical,647533,0,0,S,2,1,391424,205,2000,16,122.02,97.94
66893,Historical,172402,0,0,S,1,0,230185,110,2002,30,0,67.88
66894,Historical,867272,0,0,S,3,1,583624,293.95,1994,22,35.74,88.97
66895,Historical,627067,0,0,S,2,1,1343920,185.95,1992,25,53.99,93.25
66896,Historical,530494,0,0,S,10,1,401146,152.4,2006,39,5.49,82.49
66897,Historical,131312,0,0,S,8,1,476759,102,2000,22,5.49,23.99
66898,Historical,872359,0,0,S,5,1,2730379,102.95,1988,35,106.29,39.95
66899,Historical,2610019,0,0,S,2,1,350892,49.99,1999,29,30.74,43.47
66900,Historical,692346,0,0,S,3,1,385653,94.95,2001,40,102.99,9.82
66901,Historical,184634,0,0,S,2,1,375578,83,1998,28,0,67.07
66902,Historical,55342,0,0,S,3,1,3222480,147.95,2001,33,102.99,43.88
66903,Historical,191753,0,0,S,3,1,652601,233.23,2006,27,30.32,63.99
66904,Historical,176640,0,0,S,4,1,4291778,104.95,1996,29,147.32,19.1
66905,Historical,560230,0,0,S,5,1,7129362,61,1994,18,68.02,12.22
66906,Historical,620949,0,0,S,3,1,183447,67.4,1994,23,46.62,53.14
66907,Historical,626334,0,0,S,10,1,162764,86.2,2008,47,4.66,43.31
66908,Historical,2836543,0,0,S,4,1,152321,189.95,1993,21,0,47.07
66909,Historical,114668,0,0,S,10,1,946884,59.6,2002,16,58.66,38.51
66910,Historical,631612,1,2,S,9,1,93745,92.8,2009,23,0,0
66911,Historical,539638,0,0,S,4,1,4822057,41,1999,18,31.31,43.99
66912,Historical,116853,1,1,S,9,1,144983,130.2,2006,61,21.68,51.48
66913,Historical,169838,0,0,S,2,1,553918,217.95,2009,41,32.12,58.99
66914,Historical,534082,0,0,S,8,1,3915215,82.4,2001,25,21.68,34.75
66915,Historical,638834,0,0,S,2,1,1670754,157.95,2013,16,4.27,28.63
66916,Historical,113314,0,0,S,2,1,148870,112,2003,27,0,62.53
66917,Historical,872175,0,0,S,7,1,650039,106.75,2003,19,84.86,101.84
66918,Historical,285095,0,0,S,2,1,334967,116.73,1999,31,176.17,43.67
66919,Historical,2570018,0,0,S,2,1,2793976,183,1990,16,132.99,52.99
66920,Historical,266897,0,0,S,2,1,2800438,59.99,2006,25,5.25,4.58
66921,Historical,905292,0,0,S,0,0,896925,27,2005,34,11.94,13.99
66922,Historical,912467,0,0,S,4,1,1620901,52,2005,20,0,72.72
66923,Historical,222310,1,1,S,2,1,217146,80,2009,30,43.98,59.15
66924,Historical,321064,0,0,S,2,1,80192,67,2012,71,34,36.89
66925,Historical,127250,0,0,S,1,0,307834,80.95,2000,69,12.49,64.34
66926,Historical,566504,0,0,S,2,1,3186702,49,2001,33,68.99,49.65
66927,Historical,658021,0,0,S,4,1,50059,160,2013,91,68.99,59.99
66928,Historical,530486,0,0,S,2,1,697302,31,2009,56,26.62,16.98
66929,Historical,173849,0,0,S,2,1,935004,34.99,2004,19,12.23,28.97
66931,Historical,608298,0,0,S,4,1,157985,203.95,2003,29,0,45.85
66932,Historical,612163,0,0,S,1,0,55054,151.95,2013,38,0,120.08
66933,Historical,208402,1,1,S,0,0,653115,34.99,2007,45,0,32.88
66934,Historical,259045,1,1,S,0,0,959536,34.95,2008,28,0,83.3
66935,Historical,606854,0,0,S,4,1,1291884,123.55,2005,28,87.58,12.99
66936,Historical,416578,0,0,S,5,1,2195730,83.48,2007,26,87.58,79.24
66937,Historical,107584,0,0,S,3,1,1428716,105.44,2003,42,87.58,24.98
66938,Historical,2258989,0,0,S,2,1,4110927,0,2009,34,0,42.58
66939,Historical,56123,0,0,S,5,1,52307,233.5,2011,84,29.65,40.1
66940,Historical,2265599,1,1,S,5,1,1480369,70.42,2011,28,0,59.4
66941,Historical,200159,0,0,S,2,1,802207,105.95,2005,46,4,36.47
66943,Historical,224704,0,0,S,2,1,152780,151.95,2010,45,53.99,62.04
66944,Historical,111362,0,0,S,6,1,783114,111.5,2009,26,4.77,62.91
66946,Historical,172654,0,0,S,2,1,880516,54.99,2011,30,50,46.84
66947,Historical,1659033,0,0,S,3,1,1600916,71.4,2012,29,23.89,60.62
66948,Historical,867514,0,0,S,1,0,1369354,67.95,2013,10,0,0
66949,Historical,243841,0,0,S,1,0,1288678,84.95,2010,40,47.08,36.5
66950,Historical,544340,0,0,S,1,0,617403,80.95,2012,28,0,18.99
66953,Historical,559929,0,0,S,1,0,19326,114,2012,74,17.09,73.98
66954,Historical,231598,0,0,S,4,1,1459656,27.95,2005,53,27.91,15.99
66955,Historical,296726,0,0,S,5,1,393908,32.95,2010,45,27.91,18.58
66956,Historical,633770,0,0,S,6,1,366069,43.25,2013,46,27.91,27.57
66957,Historical,169419,0,0,S,3,1,787269,238.95,2007,37,134.47,63.99
66958,Historical,52279,0,0,S,1,0,1082417,122.95,2002,35,134.47,14.06
66959,Historical,708689,0,0,S,4,1,79996,117.25,2007,31,29.11,60.44
66960,Historical,875251,0,0,S,3,1,465826,124.67,2012,27,87.05,108.92
66961,Historical,530480,0,0,S,3,1,491762,54.95,2012,23,13.94,32.99
66962,Historical,869502,0,0,S,2,1,449132,0,2013,28,38.87,1803.99
66963,Historical,637543,0,0,S,1,0,111225,150,2013,31,98.95,44.31
66964,Historical,114605,0,0,S,2,1,54988,111.6,2003,38,14.36,54.53
66965,Historical,190428,0,0,S,3,1,978818,0,1996,58,48.8,13.51
66966,Historical,509650,1,1,S,2,1,23588,65,2005,49,29.99,41.65
66968,Historical,620824,0,0,S,2,1,41993,65,2008,67,36.01,39.84
66969,Historical,620318,0,0,S,2,1,41947,85,2007,80,31.94,51.98
66970,Historical,918531,0,0,S,2,1,58916,59.99,2004,37,35.79,48.79
66971,Historical,641116,0,0,S,1,0,1288613,122.95,2007,22,0,43.02
66972,Historical,249866,0,0,S,2,1,1430872,119.95,2005,34,3.85,34.55
66973,Historical,2364703,0,0,S,2,1,1090903,125.27,2001,37,0,43.68
66974,Historical,530473,0,0,S,6,1,345576,366.95,2012,31,180.71,112.52
66975,Historical,607665,0,0,S,2,1,3737682,79.8,2000,32,29.13,9.31
66976,Historical,115367,0,0,S,2,1,1294628,65.8,2002,28,50.89,58.46
66977,Historical,110583,0,0,S,1,0,112137,192.25,2009,64,150.07,82
66978,Historical,530471,0,0,S,3,1,27970,65.95,2012,49,31.65,50.48
66979,Historical,164888,0,0,S,2,1,335357,187.5,2001,42,41.79,43.98
66980,Historical,1440582,1,1,S,3,1,538533,161.25,2012,16,0,118.16
66981,Historical,249908,0,0,S,1,0,1500817,95.95,2007,42,4.22,7.96
66982,Historical,621888,0,0,S,1,0,1636590,61.95,2012,28,36.24,41.21
66983,Historical,57057,0,0,S,10,1,1763826,64.33,2003,65,89.82,10.25
66984,Historical,544034,0,0,S,3,1,7762,65,2013,81,35.34,34.95
66985,Historical,880080,1,1,S,3,1,74255,137.33,2013,54,102.84,94.29
66986,Historical,619780,0,0,S,2,1,335447,112.67,2010,47,102.84,22
66987,Historical,52940,0,0,S,5,1,36042,139,2011,54,72.11,103.78
66988,Historical,144579,0,0,S,2,1,3291450,78.2,2003,42,72.11,4.41
66989,Historical,1684593,0,0,S,0,0,383279,77.97,2006,26,0,33.99
66990,Historical,2258968,0,0,S,10,1,1990256,127.78,2009,22,31.91,94.54
66991,Historical,876780,1,8,S,2,1,225352,116.8,2014,25,89.6,85.19
66992,Historical,610385,0,0,S,9,1,6290,90.95,2013,62,23.98,61.4
66993,Historical,146938,0,0,S,5,1,2330572,54.95,2002,115,23.98,4.76
66994,Historical,624646,1,2,S,1,0,28257,150,2013,84,28.12,53.97
66995,Historical,118838,0,0,S,1,0,1416968,154.33,2007,42,0,41.96
66996,Historical,53517,0,0,S,0,0,1428922,118,2007,106,0,6.23
66998,Historical,537835,0,0,S,0,0,77243,193.8,2012,150,31.72,14.99
66999,Historical,537834,0,0,S,0,0,207793,157.33,2010,74,31.72,18.5
67000,Historical,120123,0,0,S,3,1,1064420,154.2,2009,121,0,13.99
67001,Historical,610410,1,21,S,0,0,5221,193.8,2013,191,31.72,31.34
67003,Historical,120204,0,0,S,1,0,289524,145.6,2010,76,4,12.85
67005,Historical,120260,0,0,S,2,1,1406816,122,2009,51,0,23.99
67006,Historical,538951,0,0,S,3,1,419136,107.25,2008,44,13.99,40.99
67007,Historical,708809,0,0,S,2,1,603010,99.25,2007,14,18.93,17.98
67008,Historical,873582,0,0,S,5,1,8170,64.95,2014,73,54.99,50.43
67009,Historical,487305,0,0,S,2,1,12932,71.98,2010,47,59.88,63.94
67010,Historical,553455,0,0,S,3,1,596497,90.85,1999,50,5.07,18.92
67011,Historical,50043,1,1,S,6,1,915394,11.64,2004,200,93.9,11.64
67012,Historical,860767,1,1,S,9,1,335413,73.99,2012,31,46.47,153.35
67014,Historical,1956567,1,16,S,9,1,49046,114,2014,35,0,81.99
67015,Historical,530463,0,0,S,2,1,3001328,125,2009,18,74.58,48.05
67016,Historical,403107,0,0,S,3,1,283242,40.8,2007,33,19.99,26.17
67017,Historical,2617633,0,0,S,2,1,107279,222.95,1988,44,0,86.69
67018,Historical,2379538,0,0,S,4,1,10693003,41,1996,20,25.26,15.99
67019,Historical,127189,0,0,S,1,0,527796,59.95,2007,48,49.27,51.44
67021,Historical,245142,0,0,S,4,1,411034,186.95,2004,28,15.06,89.35
67022,Historical,530461,0,0,S,3,1,711077,84,2009,64,5.74,15.75
67023,Historical,132706,1,1,S,4,1,135166,59.2,2008,45,129.94,41.98
67024,Historical,533436,0,0,S,4,1,2604381,66.52,2006,48,103.46,57.07
67025,Historical,2271276,0,0,S,6,1,804616,104.84,2011,35,0,72.46
67026,Historical,1891544,0,0,S,3,1,646179,49.95,2013,30,40.6,36.44
67027,Historical,622062,0,0,S,1,0,385982,92.95,2004,25,0,0
67028,Historical,865291,0,0,S,3,1,83701,84,2008,23,34.51,53.15
67029,Historical,713608,0,0,S,5,1,8172941,99,1999,44,36.98,50.79
67030,Historical,619961,1,1,S,2,1,47418,125,2013,41,49.68,50.55
67031,Historical,200263,0,0,S,3,1,3358493,105.95,2006,23,8.17,22.86
67032,Historical,293822,0,0,S,2,1,5178353,81.95,2004,20,8.17,5.3
67033,Historical,530460,0,0,S,3,1,107553,111.95,2012,59,54,61.51
67034,Historical,1588601,0,0,S,2,1,1271281,49.99,2008,23,0,34.96
67035,Historical,132733,1,2,S,7,1,696822,88.2,2009,39,33.01,71.38
67036,Historical,575953,0,0,S,2,1,251083,89.73,2010,30,55.88,30.52
67037,Historical,647340,1,2,S,2,1,454627,89.73,2010,18,55.88,33.99
67038,Historical,627618,0,0,S,2,1,864490,99.75,2004,27,11.01,38.49
67039,Historical,2091752,0,0,S,4,1,364119,59.95,2010,25,55.94,69.94
67040,Historical,249777,0,0,S,1,0,1095510,122.95,2007,27,0,42.08
67041,Historical,167215,0,0,S,3,1,49292,70,2010,43,27.85,41.01
67042,Historical,537650,0,0,S,3,1,24177,146,2012,80,49.02,52.86
67043,Historical,655806,0,0,S,1,0,92634,106.8,2013,36,0,34.99
67044,Historical,635533,1,7,S,1,0,13027,150,2013,87,0,76.97
67045,Historical,635964,0,0,S,1,0,119786,106.8,2013,26,0,11.64
67046,Historical,103387,0,0,S,0,0,153976,15.99,2010,163,8.73,8.32
67050,Historical,693004,0,0,S,0,0,286327,88.25,2007,55,0,15.94
67054,Historical,2593932,0,0,S,0,0,566995,59.99,1985,31,0,33
67055,Historical,2383135,0,0,S,2,1,72716,31.33,1995,37,13.89,20.93
67056,Historical,621696,1,1,S,3,1,2236433,141.07,2012,18,22.49,141.07
67057,Historical,778597,0,0,S,2,1,1633754,112.95,2008,28,44.08,79.9
67059,Historical,144977,0,0,S,2,1,57486,44.99,2004,18,20.94,36.91
67060,Historical,1780651,0,0,S,3,1,180327,24.95,2014,29,0,19.4
67061,Historical,886192,0,0,S,1,0,211120,60,2012,10,53.99,39.6
67062,Historical,261345,0,0,S,2,1,5949,70,2001,46,46.91,45.96
67063,Historical,887361,0,0,S,1,0,272758,59.95,2015,9,0,53.28
67064,Historical,629192,0,0,S,3,1,146403,45,2012,46,31.37,28.65
67065,Historical,173751,0,0,S,1,0,345161,44.99,2003,20,0,36.99
67067,Historical,477783,0,0,S,3,1,23454,16.99,2010,73,8.29,13.98
67069,Historical,1672234,0,0,S,4,1,97162,16.99,2009,83,0,9.12
67070,Historical,1672367,0,0,S,5,1,120549,14.99,2009,38,0,10.34
67071,Historical,1692041,0,0,S,0,0,446384,20,2008,17,47.33,18.05
67072,Historical,1468536,0,0,S,0,0,450623,35,2014,24,27.77,25.4
67073,Historical,2664782,0,0,S,1,0,225323,30.99,1995,32,42.57,24.53
67074,Historical,3125777,0,0,S,0,0,368899,35,2000,36,42.57,15.94
67076,Historical,1456386,0,0,S,4,1,997017,120.8,2008,23,5.31,73.94
67077,Historical,2373355,0,0,S,3,1,2438666,68.8,2003,20,5.31,9.79
67078,Historical,614889,0,0,S,3,1,2518146,72.6,2003,34,10.34,4
67079,Historical,620286,0,0,S,4,1,937955,120.4,2008,38,10.34,53.47
67080,Historical,639806,0,0,S,2,1,77107,59.95,2012,28,38.44,44.51
67081,Historical,857274,0,0,S,3,1,1056153,59.99,2008,11,57.95,57.32
67082,Historical,672788,0,0,S,5,1,25169,21.99,2013,19,0,0
67083,Historical,633845,0,0,S,2,1,243178,34.99,2012,29,13.97,8.47
67084,Historical,2407817,0,0,S,1,0,752503,60,1995,17,0,29.28
67085,Historical,2096713,0,0,S,3,1,337569,0,2012,17,0,154.59
67086,Historical,608947,0,0,S,3,1,327897,29.95,2007,43,26.97,53.87
67087,Historical,530445,0,0,S,3,1,36249,78,2012,46,43.42,57.55
67088,Historical,862039,0,0,S,3,1,66386,41.5,2014,20,27.84,25.12
67089,Historical,2015987,0,0,S,13,1,248620,99.95,2013,12,0,79.04
67090,Historical,1710121,0,0,S,4,1,59039,79.95,2014,11,0,50.54
67091,Historical,625692,1,1,S,3,1,348666,161,2009,27,35.16,93.08
67092,Historical,666654,0,0,S,5,1,826331,55.95,2012,22,38.7,30.95
67094,Historical,157951,0,0,S,2,1,922683,43.95,2002,58,13.99,38.33
67095,Historical,865355,0,0,S,4,1,621101,50.95,2004,41,9.07,20.03
67096,Historical,1795220,0,0,S,0,0,1696777,30.36,2010,9,27.35,30.35
67097,Historical,545438,0,0,S,5,1,296095,33,2012,28,22.04,30.79
67098,Historical,580724,0,0,S,2,1,2597965,35,2003,35,23.43,39.5
67099,Historical,198141,0,0,S,1,0,274996,55,2011,20,10.42,44.98
67100,Historical,651733,0,0,S,2,1,926235,64.99,2009,23,45.91,64.49
67101,Historical,521030,0,0,S,2,1,65941,28,2004,99,17.49,18.98
67102,Historical,158115,0,0,S,2,1,607736,39.95,2005,37,22.88,29.78
67103,Historical,141092,1,1,S,2,1,82070,60.01,1999,36,0,64.12
67105,Historical,860056,0,0,S,2,1,171736,77,2010,31,0,0
67106,Historical,877470,0,0,S,2,1,974365,149.33,2011,15,143.39,136.18
67107,Historical,916863,0,0,S,2,1,21839,59.75,2015,63,43.8,33.99
67108,Historical,555688,0,0,S,1,0,330693,98.95,2004,18,0,33.93
67109,Historical,199215,1,2,S,2,1,186361,131,2005,16,0,0
67110,Historical,113781,0,0,S,4,1,740237,67,2000,61,46.85,25
67111,Historical,647237,0,0,S,2,1,99477,45.95,2011,19,0,0
67112,Historical,50057,0,0,S,12,1,37238,145,2009,62,68.98,61.99
67113,Historical,112079,0,0,S,36,1,2615120,7.98,2009,28,7.5,22.79
67114,Historical,52825,0,0,S,6,1,2671784,183.2,2003,44,84.99,4.57
67115,Historical,131739,0,0,S,4,1,355168,147.6,2003,37,8.21,20.65
67117,Historical,530438,0,0,S,8,1,1487162,57.95,2009,19,43.94,46.23
67118,Historical,200344,0,0,S,2,1,269443,60.95,2007,15,0,0
67119,Historical,867305,0,0,S,5,1,33901,63.95,2014,91,31.21,40.75
67120,Historical,132993,0,0,S,5,1,57493,150.2,2010,53,64.98,107.89
67121,Historical,607813,0,0,S,4,1,4526163,147.95,1996,33,118.05,23.98
67122,Historical,259511,0,0,S,4,1,1536529,102.5,1999,24,43.99,18.99
67123,Historical,143212,0,0,S,5,1,384084,43,2007,29,19.48,30
67124,Historical,2083117,0,0,S,3,1,1037431,46,2012,24,30.3,42.97
67125,Historical,1976356,0,0,S,3,1,176681,47.95,2014,12,0,49.36
67126,Historical,866662,0,0,S,6,1,481757,69,2014,28,44.54,38.47
67127,Historical,634688,0,0,S,2,1,1381250,82.99,2007,22,8.99,31.99
67128,Historical,615630,0,0,S,2,1,951867,32,2009,49,12.24,17.13
67129,Historical,646683,1,1,S,2,1,1234154,69.95,2002,27,16.93,52.49
67130,Historical,660789,0,0,S,2,1,1874,60,2013,62,0,0
67131,Historical,114806,0,0,S,5,1,55073,123.4,2002,39,15.97,98.99
67132,Historical,530436,0,0,S,4,1,287016,81,2010,32,14.97,11.28
67133,Historical,147355,0,0,S,5,1,947422,72.95,2006,20,62.49,59.63
67134,Historical,544986,0,0,S,2,1,50269,119,2012,64,50.18,89.05
67135,Historical,536176,0,0,S,3,1,297910,125.95,2002,49,22.72,49.87
67136,Historical,875364,0,0,S,5,1,1739351,87.95,1999,61,137.78,9.87
67137,Historical,566013,0,0,S,2,1,514917,60,2010,13,0,0
67138,Historical,391206,0,0,S,2,1,361788,55,1996,25,0,51.38
67139,Historical,615346,0,0,S,1,0,73756,62.5,1981,58,0,41.67
67140,Historical,1781299,0,0,S,2,1,105427,65,2014,16,50.41,43.29
67141,Historical,557125,0,0,S,5,1,947137,90.6,2000,66,77.84,9.88
67142,Historical,765869,0,0,S,4,1,187984,186.95,2005,34,0,0
67143,Historical,250971,0,0,S,3,1,593718,59.95,2009,23,18.19,39.96
67144,Historical,543311,0,0,S,2,1,738123,85,2010,21,0,0
67145,Historical,542499,0,0,S,2,1,437150,115,2007,23,63.27,56.6
67146,Historical,156958,0,0,S,2,1,844902,39.95,2002,60,8.68,32.44
67149,Historical,530429,0,0,S,9,1,87081,153.6,2007,64,33.99,48.99
67150,Historical,669139,0,0,S,2,1,720157,50,2011,37,36.66,33.34
67151,Historical,271061,0,0,S,2,1,164713,95,2011,34,41.17,55.75
67152,Historical,2036953,0,0,S,3,1,419700,18.64,2008,12,0,13.92
67153,Historical,258366,0,0,S,3,1,574685,50,1998,26,71.98,62.85
67154,Historical,530430,0,0,S,6,1,38314,110,2012,43,71.98,55.09
67155,Historical,627864,0,0,S,2,1,73517,126.5,2012,50,45.99,63.89
67156,Historical,751897,0,0,S,2,1,618219,85,2009,42,47.21,44.94
67158,Historical,663250,0,0,S,2,1,22411,35,2013,14,31.21,21.79
67159,Historical,244344,0,0,S,4,1,84097,24.95,2011,48,15.08,25.84
67161,Historical,1597940,0,0,S,6,1,1615608,57.95,2012,17,0,23.99
67162,Historical,1783312,0,0,S,9,1,184036,49.95,2013,37,28.54,40.97
67164,Historical,651851,0,0,S,1,0,204262,115,2009,22,0,57.5
67166,Historical,536325,1,1,S,3,1,388918,9.57,2011,78,15.62,7.97
67167,Historical,499521,0,0,S,4,1,22702,99.95,2014,29,53.99,56.44
67168,Historical,723631,0,0,S,1,0,879899,115,2010,44,11.94,18.27
67169,Historical,655613,0,0,S,2,1,779601,48.95,2010,15,27.83,36.81
67170,Historical,862042,1,5,S,0,0,2340,256,2014,46,83.99,133.99
67172,Historical,622761,0,0,S,2,1,157497,64,2006,14,0,0
67173,Historical,1624125,0,0,S,0,0,277186,35,2013,14,24.99,26.19
67174,Historical,543986,0,0,S,3,1,87984,60.95,2013,42,20.98,33.51
67175,Historical,607814,0,0,S,3,1,4978287,116.5,2004,19,133.96,13.99
67176,Historical,738087,0,0,S,2,1,5924234,44,1999,12,39.83,102.05
67177,Historical,867677,0,0,S,3,1,254086,49.95,2013,32,23.77,35.98
67178,Historical,616981,0,0,S,8,1,1030531,96,2002,32,63.99,41.97
67179,Historical,644699,0,0,S,7,1,672226,43,2011,29,49.46,38.98
67180,Historical,1702281,0,0,S,0,0,713067,118,2014,34,28.01,77.62
67181,Historical,776043,0,0,S,5,1,764473,43.95,2008,64,4,51.49
67182,Historical,867912,0,0,S,0,0,234274,75.5,2015,80,14.79,33.48
67183,Historical,666781,0,0,S,6,1,735368,77,2011,18,11.98,75.91
67184,Historical,193398,0,0,S,4,1,1524609,41.95,2005,41,4,17.08
67185,Historical,265944,0,0,S,10,1,1440247,39,2005,62,0,37.97
67186,Historical,614349,0,0,S,16,1,113175,226,2012,82,68.99,94.11
67187,Historical,738668,0,0,S,7,1,145853,43,2014,16,39.49,42.6
67188,Historical,143157,0,0,S,2,1,454045,171,2007,37,5.27,18.44
67189,Historical,661109,0,0,S,8,1,491340,43,2011,18,38.99,42.6
67190,Historical,612216,0,0,S,4,1,69411,43,2013,19,36.98,42.99
67191,Historical,633360,0,0,S,3,1,397855,73,2008,22,0,0
67192,Historical,628978,0,0,S,4,1,745916,43,1999,26,7.87,18.16
67193,Historical,612283,0,0,S,7,1,593568,43,2013,13,15.49,32
67194,Historical,613454,0,0,S,0,0,948960,52,2012,107,0,7.96
67195,Historical,626651,0,0,S,0,0,752765,54,2013,86,6.32,4.79
67196,Historical,1942347,1,1,S,0,0,144424,55,2014,97,6.32,24.83
67197,Historical,625611,0,0,S,0,0,604621,41,2013,51,0,23.86
67198,Historical,887411,0,0,S,9,1,316506,43,2015,12,54.65,42.6
67199,Historical,55341,0,0,S,7,1,1324895,319.95,2005,24,193.84,13.88
67200,Historical,644414,0,0,S,0,0,298820,199,2013,56,45.94,20.98
67201,Historical,614400,0,0,S,0,0,215686,227.95,2012,49,6.94,12.99
67202,Historical,612428,0,0,S,0,0,993523,46,2013,22,31.34,107.89
67203,Historical,607630,0,0,S,3,1,1212606,107,1993,50,172.33,23.69
67204,Historical,916777,0,0,S,3,1,3249474,100,1995,29,113.99,15.76
67205,Historical,637414,0,0,S,2,1,132946,49.95,1999,26,45.23,42.51
67206,Historical,867751,0,0,S,4,1,66687,79.99,2014,25,45.23,59.78
67207,Historical,545018,0,0,S,3,1,212383,73,2012,26,44.59,43.14
67208,Historical,753963,0,0,S,1,0,1357065,61.95,2010,16,0,38.74
67209,Historical,246191,0,0,S,0,0,421976,68.95,2006,21,0,28.99
67211,Historical,246715,0,0,S,3,1,721244,52.95,2010,22,31.08,35.48
67212,Historical,555264,0,0,S,1,0,444124,76.95,1992,58,0,21.98
67213,Historical,759299,0,0,S,2,1,975673,90,2002,49,3.85,33.39
67214,Historical,572527,0,0,S,2,1,278119,59.95,1996,49,11.92,37.23
67215,Historical,649580,0,0,S,2,1,250471,64,2013,34,28.88,48.11
67216,Historical,246353,0,0,S,1,0,479720,64.95,2005,34,0,35.8
67217,Historical,1786846,0,0,S,3,1,86586,26.95,2014,40,21.56,26.95
67218,Historical,613103,0,0,S,2,1,1800124,45,1998,86,27.15,6.48
67219,Historical,660785,0,0,S,4,1,76544,49,2013,36,27.15,38.91
67220,Historical,2804408,0,0,S,0,0,184127,24.95,2003,114,9.14,7.44
67222,Historical,530418,0,0,S,3,1,182246,87.95,2011,30,53.94,60.62
67223,Historical,862044,0,0,S,3,1,11795,45.95,2014,23,37.99,29.49
67224,Historical,147596,0,0,S,1,0,1009029,99.95,2011,22,62.24,33.5
67225,Historical,342801,0,0,S,2,1,4569783,73.16,2002,19,42.99,70.85
67226,Historical,896124,0,0,S,2,1,5260866,198.5,1997,16,156.97,40.71
67227,Historical,657940,0,0,S,3,1,100261,49.95,2013,25,37.8,32.46
67228,Historical,2407425,1,1,S,0,0,1180480,99,1996,52,8.35,25.27
67229,Historical,802664,0,0,S,5,1,1117012,34.99,2008,30,27.02,7.98
67230,Historical,113582,0,0,S,0,0,717956,170.6,2004,32,83.98,93.99
67231,Historical,2435265,0,0,S,3,1,717147,76.95,2002,19,5.95,58.34
67232,Historical,625111,0,0,S,3,1,928373,132.95,2007,27,28.99,28.98
67234,Historical,428146,0,0,S,13,1,29205,132,2011,66,50.48,81.13
67235,Historical,427953,0,0,S,7,1,118470,57.2,2011,53,17.74,83.03
67236,Historical,132775,0,0,S,6,1,1043759,48,2008,41,17.74,13.57
67237,Historical,717446,0,0,S,4,1,794549,70.95,1997,43,4.86,55.11
67238,Historical,190395,1,1,S,4,1,481366,157.5,1997,27,0,108.99
67239,Historical,614800,0,0,S,2,1,100181,241.6,1989,56,24.98,115.99
67240,Historical,1545498,0,0,S,2,1,1209327,42.95,2011,15,0,38.39
67241,Historical,644264,0,0,S,1,0,149505,111,1996,19,0,79.77
67242,Historical,127152,0,0,S,3,1,393590,59.5,2008,27,15.35,53.98
67243,Historical,554139,0,0,S,0,0,387530,59,1997,45,0,14.51
67244,Historical,121172,0,0,S,7,1,195551,77.2,2009,33,66.16,60.6
67245,Historical,539278,0,0,S,8,1,60039,40,2012,47,7.04,23.61
67247,Historical,2580295,0,0,S,2,1,7440156,50,1996,11,21.99,13.98
67248,Historical,647242,0,0,S,4,1,439252,47.5,2011,20,21.99,32.04
67249,Historical,631765,0,0,S,2,1,489050,59.99,2006,16,35.09,48.85
67250,Historical,647215,0,0,S,3,1,602969,39.95,2011,14,0,0
67251,Historical,343007,0,0,S,2,1,1681919,120,2004,24,22.9,60.29
67252,Historical,203652,0,0,S,2,1,1032685,52.99,2004,62,7.33,26.34
67253,Historical,541006,0,0,S,4,1,52114,52.95,2013,22,34.98,38.57
67254,Historical,542516,0,0,S,5,1,898748,84.95,2012,18,32.65,53.52
67255,Historical,627070,0,0,S,3,1,73017,239.95,1994,51,38.17,73.97
67256,Historical,1607168,0,0,S,0,0,1214784,55,2014,4,0,31.98
67257,Historical,546015,1,1,S,10,1,12437,75,2012,69,42.97,48.28
67258,Historical,142087,0,0,S,4,1,31018,64,2011,64,32.43,42.24
67259,Historical,866001,0,0,S,0,0,940971,39.95,2006,23,33.93,182.91
67260,Historical,536505,1,5,S,5,1,279466,43.8,2012,71,33.93,32.48
67261,Historical,285455,0,0,S,4,1,10073,133,2011,41,43.62,63.09
67263,Historical,1794701,0,0,S,0,0,1667548,39.16,2010,9,68.92,39.15
67264,Historical,802734,0,0,S,14,1,1562934,29.99,2011,20,16.7,59.25
67265,Historical,129061,0,0,S,0,0,318649,41.95,2006,27,14.52,29.04
67266,Historical,630697,0,0,S,5,1,424742,67,1998,35,89.07,60.13
67267,Historical,915818,0,0,S,2,1,996108,152,1991,41,15.02,43.11
67268,Historical,556813,0,0,S,3,1,323180,119.6,1997,55,15.02,58.95
67270,Historical,647152,0,0,S,1,0,338889,44.99,2012,45,5.47,13.79
67271,Historical,54211,0,0,S,3,1,26222,143.2,2011,68,58.99,80.99
67272,Historical,154431,1,1,S,1,0,806727,14.75,2005,67,45.55,9.89
67273,Historical,655098,0,0,S,2,1,124277,47.25,2013,45,45.55,38.85
67275,Historical,613172,0,0,S,5,1,221392,48.7,1997,80,73.99,15.64
67276,Historical,157363,0,0,S,4,1,399349,43.95,2006,83,20.76,28.63
67277,Historical,655578,0,0,S,3,1,287397,37.25,2011,23,58.99,31.68
67278,Historical,627998,0,0,S,2,1,1330134,94.8,2001,42,6.45,25.99
67279,Historical,141929,0,0,S,4,1,20139,82,2009,86,48.55,38.43
67280,Historical,626339,0,0,S,3,1,51712,42.95,2008,103,19.94,23.93
67281,Historical,55565,0,0,S,0,0,319197,36.99,2004,70,80.74,36.97
67282,Historical,626756,0,0,S,3,1,148303,78.13,2005,22,0,74.84
67284,Historical,603239,0,0,S,2,1,74287,39.95,2010,35,20.99,27.6
67285,Historical,559933,0,0,S,3,1,1084694,11.99,2005,68,48.55,11.99
67286,Historical,658839,0,0,S,2,1,1613959,48.95,2011,38,23.98,39.2
67287,Historical,135602,0,0,S,5,1,328500,29.95,2006,33,27.41,21.99
67288,Historical,530402,0,0,S,7,1,89326,33.95,2013,25,27.41,22.98
67289,Historical,912602,0,0,S,6,1,320535,29.95,2009,30,27.41,42.13
67292,Historical,368935,0,0,S,4,1,79543,50,2011,25,32.24,35.99
67293,Historical,1672676,0,0,S,6,1,56229,18.99,2012,30,0,15.2
67294,Historical,161432,0,0,S,1,0,1230789,83.95,2006,33,0,0
67295,Historical,623061,0,0,S,2,1,1165722,123,2001,27,5.12,43.64
67296,Historical,608039,0,0,S,2,1,3254286,174.95,2001,39,14.03,7.93
67297,Historical,341203,0,0,S,4,1,586672,45,1996,48,4.02,18.11
67298,Historical,309785,1,2,S,16,1,2089819,154.63,2011,18,197.36,73.31
67299,Historical,875176,0,0,S,13,1,5308141,24.94,2006,11,145.94,24.94
67300,Historical,1440170,0,0,S,6,1,998749,150.13,2012,27,164.59,73.23
67301,Historical,705446,1,3,S,8,1,49204,277.25,2013,48,151.91,27.86
67302,Historical,861501,1,2,S,3,1,43240,277.25,2013,44,102.99,27.01
67303,Historical,431075,0,0,S,11,1,9534281,115,2006,26,175.85,46.49
67304,Historical,1657250,0,0,S,4,1,787037,233.56,2007,11,0,379.71
67305,Historical,108619,0,0,S,5,1,1811130,23.98,2005,72,151.91,23.98
67306,Historical,148345,1,2,S,6,1,1641434,295.95,2006,34,0,51.95
67307,Historical,50408,0,0,S,11,1,2941081,316.95,2005,50,178.99,9.84
67308,Historical,178928,0,0,S,11,1,286258,227.95,2010,51,11.92,78.26
67309,Historical,288879,0,0,S,9,1,1852312,222.95,2004,46,181.91,17.94
67310,Historical,538674,0,0,S,4,1,279074,201.25,2012,25,135.63,110.79
67311,Historical,50823,0,0,S,5,1,553324,185.65,2002,35,74.02,59.53
67312,Historical,50788,0,0,S,6,1,1132102,391.95,2007,91,0,10.99
67313,Historical,587833,0,0,S,7,1,457451,71,2012,29,43.98,19.76
67314,Historical,530393,0,0,S,8,1,421065,58.45,2012,15,50.58,55.83
67315,Historical,53233,0,0,S,5,1,2716787,318.95,2006,60,29.83,11.41
67316,Historical,421414,0,0,S,4,1,3267885,160,2006,47,153.97,13.93
67317,Historical,120257,0,0,S,6,1,109320,259,2011,90,153.97,34.99
67318,Historical,118216,0,0,S,5,1,1475773,201.2,2009,75,153.97,37.97
67319,Historical,50784,0,0,S,3,1,1807245,9.98,2003,130,63.02,9.48
67320,Historical,912796,0,0,S,6,1,2992280,109.75,2007,26,6.17,55.89
67321,Historical,543778,0,0,S,2,1,8336,99.95,2012,128,4.72,65.96
67322,Historical,445954,0,0,S,2,1,1418399,130,2006,24,4.1,39.95
67323,Historical,290364,0,0,S,2,1,1550359,165,2004,38,4.88,11.99
67324,Historical,2265082,0,0,S,16,1,2753643,69.67,2011,37,122.84,199.97
67325,Historical,54517,0,0,S,8,1,950972,223.95,2004,98,184.53,8.29
67326,Historical,876993,0,0,S,7,1,5660608,150.36,2004,14,163.94,63.04
67327,Historical,308847,0,0,S,13,1,2516064,0,2004,52,122.84,45.44
67328,Historical,60386,0,0,S,2,1,974140,18.95,2007,61,162.87,18.98
67329,Historical,380521,1,1,S,1,0,299810,296.95,2011,24,0,76.99
67330,Historical,416583,0,0,S,3,1,1990793,0,2008,11,6.26,103.24
67331,Historical,309756,0,0,S,4,1,1071520,123.99,2010,22,6.26,86.84
67333,Historical,50842,0,0,S,4,1,6338860,128.2,2002,26,132.94,19.01
67334,Historical,162332,0,0,S,1,0,495212,115,2009,14,0,81.09
67335,Historical,431107,0,0,S,5,1,2371525,125,2009,20,98.77,5.63
67336,Historical,530379,0,0,S,4,1,62254,105,2012,50,54.85,67.33
67337,Historical,202349,1,1,S,2,1,473653,285.95,2002,39,5.99,47.43
67338,Historical,896985,0,0,S,3,1,250333,49.95,2014,26,38.56,45.06
67339,Historical,50333,0,0,S,10,1,2500479,234.95,2001,59,103.92,5.76
67340,Historical,698175,0,0,S,2,1,762665,48.94,2001,16,6.37,69.2
67341,Historical,107112,0,0,S,2,1,580395,66.11,2001,96,6.37,46.53
67342,Historical,706058,1,1,S,5,1,1445604,310.5,2012,26,127.47,226.78
67343,Historical,148636,0,0,S,8,1,1650155,283.95,2008,34,33.98,31.64
67344,Historical,144179,0,0,S,3,1,3359766,123,1999,31,123.99,25.39
67345,Historical,50853,0,0,S,6,1,1764621,216.95,2002,45,168.98,11.53
67347,Historical,1490656,0,0,S,4,1,12815,115,2014,47,68.96,71.71
67348,Historical,530376,0,0,S,2,1,776179,90,2012,13,23.34,33.97
67349,Historical,61139,0,0,S,3,1,1864481,186.67,2004,48,148.99,9
67350,Historical,561869,0,0,S,9,1,3132209,243.95,2003,38,109.94,7.9
67352,Historical,554007,0,0,S,3,1,1314538,145.2,1997,28,4.94,75.58
67353,Historical,608051,0,0,S,5,1,1689968,243.95,2003,46,193.13,13.7
67354,Historical,548096,0,0,S,4,1,2649976,235.95,1998,34,193.13,12.87
67355,Historical,339365,0,0,S,4,1,2380723,170,2007,14,64,69.13
67356,Historical,541389,0,0,S,2,1,742762,74.95,2013,16,20.98,34.77
67357,Historical,549550,0,0,S,2,1,583920,34.95,2002,95,15.47,7.13
67358,Historical,541708,0,0,S,2,1,953473,75,2009,27,14.91,33.35
67359,Historical,559009,0,0,S,2,1,2903896,59.99,2010,18,56.9,46.99
67360,Historical,530371,1,1,S,3,1,269958,150,2011,27,50.52,85.09
67361,Historical,541727,0,0,S,3,1,340767,65,2011,16,24.3,39.22
67362,Historical,542956,0,0,S,2,1,59764,54.95,2012,23,48,51.82
67363,Historical,131440,0,0,S,8,1,2488004,106.4,2001,32,48.87,18.97
67364,Historical,131876,0,0,S,9,1,258630,120.2,2004,57,48.87,15.87
67365,Historical,2163035,0,0,S,3,1,139407,89,2013,34,42.99,58.94
67367,Historical,530368,0,0,S,5,1,1073634,44.95,2007,21,68.97,34.4
67368,Historical,663322,0,0,S,2,1,88961,81,2013,46,38.98,55.4
67369,Historical,143372,0,0,S,11,1,5496335,34,1999,29,6.44,15.96
67370,Historical,560299,0,0,S,12,1,218129,86,2008,45,6.44,36.49
67371,Historical,530365,0,0,S,5,1,30353,71,2007,27,0,0
67373,Historical,2090664,0,0,S,0,0,367615,13.95,2012,24,0,13.95
67374,Historical,2698164,0,0,S,5,1,4973915,94.95,2000,13,49.49,45.98
67375,Historical,2380163,0,0,S,0,0,651811,65,1981,22,33.58,97.33
67376,Historical,658930,0,0,S,10,1,824865,140.67,2011,28,69.39,51.99
67377,Historical,177098,0,0,S,3,1,1807855,170.95,2003,33,98.98,48.13
67378,Historical,635766,1,1,S,9,1,599325,155.33,2011,43,53.79,55.48
67379,Historical,114573,0,0,S,8,1,2720540,120,2003,67,58.32,11.54
67380,Historical,420482,0,0,S,1,0,697141,120,2002,22,0,13.98
67381,Historical,618000,0,0,S,5,1,62473,222,2005,86,68.98,134.5
67382,Historical,182944,0,0,S,2,1,1096630,291.95,2004,49,21.39,41.35
67383,Historical,560785,0,0,S,3,1,241858,215.6,2003,41,4.49,133.94
67384,Historical,611928,1,1,S,6,1,342520,166.95,2013,28,0,0
67385,Historical,607914,0,0,S,8,1,1093464,134.67,2004,79,69.39,16.95
67386,Historical,635586,0,0,S,2,1,85836,110.95,2013,13,0,0
67387,Historical,631739,1,2,S,4,1,189078,47,2007,19,0,0
67389,Historical,863366,0,0,S,2,1,122988,59,2006,30,0,0
67390,Historical,584780,0,0,S,4,1,27984,69.45,2011,15,0,0
67391,Historical,778823,0,0,S,0,0,472010,73.95,2012,6,114.35,53.99
67392,Historical,653714,0,0,S,2,1,250666,73.95,2011,15,0,0
67393,Historical,530354,0,0,S,3,1,283822,144.95,2006,61,18.55,53.88
67394,Historical,868528,1,1,S,2,1,95257,94.95,2013,39,55.51,53.97
67395,Historical,663782,0,0,S,2,1,22523,95.95,2013,28,64.99,53.98
67396,Historical,1933351,0,0,S,2,1,973177,68.95,2013,7,0,48.99
67398,Historical,120281,0,0,S,3,1,37469,108.67,2009,26,64.14,82.1
67399,Historical,576615,1,1,S,1,0,285747,103.95,2009,23,36.85,53.93
67401,Historical,245040,0,0,S,2,1,1084258,180.95,2004,34,6.61,17.49
67402,Historical,2745183,0,0,S,1,0,1504996,102.95,2000,46,6.61,21.27
67403,Historical,610178,0,0,S,3,1,62778,110.95,2013,18,63.46,63.61
67404,Historical,202228,0,0,S,1,0,480778,85.95,2000,30,63.46,13.99
67405,Historical,631701,0,0,S,2,1,103811,89,2008,27,23.79,58.04
67406,Historical,747156,0,0,S,0,0,758835,42,1998,35,0,21.47
67407,Historical,617696,0,0,S,2,1,465679,59.99,2003,36,4.87,28.9
67408,Historical,612650,0,0,S,2,1,71110,39.99,2014,67,32.35,29.99
67409,Historical,865077,0,0,S,2,1,297968,45,2009,32,0,0
67410,Historical,530351,0,0,S,3,1,56064,50,2012,57,27.13,28.5
67411,Historical,530350,1,1,S,6,1,1081939,51.95,2011,18,0,38.99
67412,Historical,200216,0,0,S,5,1,1313937,42.95,2006,70,5.51,13.74
67413,Historical,200596,0,0,S,5,1,128365,57.75,2009,49,5.51,10.99
67414,Historical,530349,0,0,S,10,1,26631,136,2011,46,35.75,68
67415,Historical,629945,0,0,S,2,1,59626,93,2011,60,25.73,49.17
67416,Historical,621310,0,0,S,2,1,128264,72,2011,55,24.44,41.49
67417,Historical,530348,0,0,S,2,1,139809,50,2009,21,16.99,28.99
67418,Historical,530347,0,0,S,3,1,79165,50,2011,39,22.19,27.82
67419,Historical,106192,0,0,S,1,0,708260,104,2010,30,0,0
67420,Historical,635610,1,1,S,2,1,108664,85,2012,29,50.98,59.95
67421,Historical,106477,0,0,S,4,1,2205261,39.95,2006,41,17.98,4
67422,Historical,533015,0,0,S,5,1,63235,43,2010,61,17.98,12.94
67423,Historical,606801,0,0,S,3,1,252865,50,2010,80,27.87,29.93
67424,Historical,530346,0,0,S,3,1,34255,70,2012,49,40.27,60.55
67426,Historical,621943,0,0,S,3,1,93704,50,2010,55,33.54,33.87
67427,Historical,530345,0,0,S,2,1,183152,50,2009,30,15.85,41.62
67428,Historical,626244,0,0,S,2,1,253725,93,2010,32,28.93,65.23
67429,Historical,530344,0,0,S,3,1,86807,50,2010,38,26.98,30.96
67430,Historical,866603,1,1,S,25,1,26134,50,2014,74,32.67,42.98
67431,Historical,606787,0,0,S,19,1,1165860,44.95,2008,84,32.67,12.93
67432,Historical,864648,0,0,S,5,1,3367,50,2014,57,33.99,30.98
67433,Historical,106017,0,0,S,1,0,957113,44.95,2004,55,13.95,14.99
67434,Historical,530337,0,0,S,5,1,99830,50,2012,31,28.99,37.4
67435,Historical,530336,0,0,S,3,1,30708,46,2012,70,26.91,28.96
67436,Historical,530335,0,0,S,2,1,232325,52,2009,39,17.99,32.63
67437,Historical,270125,0,0,S,4,1,858817,194,2011,28,155.2,58.03
67438,Historical,530333,0,0,S,3,1,1596289,156,2008,21,155.2,22.45
67439,Historical,592805,0,0,S,2,1,1632792,190.5,2010,31,4.72,42.49
67440,Historical,142908,0,0,S,3,1,357800,30,2004,18,20.08,22.64
67441,Historical,143164,0,0,S,4,1,644675,43,2008,42,20.08,33.94
67443,Historical,117685,0,0,S,3,1,236956,116.6,2005,36,53.95,87.45
67444,Historical,622113,1,1,S,5,1,775261,74.95,1998,39,12.07,59.55
67445,Historical,649599,0,0,S,3,1,60912,209.95,2013,37,13.33,71.48
67446,Historical,551920,0,0,S,3,1,1178835,244.2,1993,39,78.98,195.98
67447,Historical,2238276,0,0,S,3,1,167199,21.95,2014,7,21.98,20.54
67448,Historical,178258,0,0,S,6,1,1174987,118.95,1996,53,95.95,15.98
67449,Historical,545417,0,0,S,2,1,749625,74.95,2010,24,242.31,16.68
67450,Historical,54999,0,0,S,7,1,866731,137.95,2000,74,95.95,17.76
67452,Historical,530328,0,0,S,2,1,141108,105,2009,37,54.25,68.3
67453,Historical,721700,0,0,S,0,0,317594,99,2004,46,0,28.84
67454,Historical,2156056,0,0,S,0,0,385970,0,2008,13,0,29.97
67456,Historical,760030,0,0,S,1,0,832186,46,2003,33,0,20.87
67457,Historical,923708,0,0,S,1,0,1315486,9.99,2008,168,71.09,4.23
67458,Historical,613434,0,0,S,2,1,749641,47.49,2003,56,42.79,15.31
67460,Historical,635750,1,1,S,9,1,421562,72.2,2011,30,39.49,58.99
67461,Historical,539148,0,0,S,7,1,536141,120,2006,53,5.96,10.98
67462,Historical,233824,0,0,S,2,1,704018,67,2003,23,26.9,94.56
67463,Historical,530324,0,0,S,2,1,115857,52.2,2007,75,6.21,36.99
67464,Historical,534200,0,0,S,2,1,1507544,61,2009,41,8.34,26.34
67465,Historical,620506,0,0,S,1,0,716554,65.2,1997,26,0,0
67466,Historical,607536,0,0,S,5,1,3156501,101.95,1999,31,175.7,18.98
67467,Historical,498728,0,0,S,3,1,1491654,242.95,2009,30,42.84,64.77
67468,Historical,189836,0,0,S,0,0,1210243,80,2004,18,0,56.34
67469,Historical,872347,0,0,S,3,1,4971433,85,1996,18,36.12,11.26
67470,Historical,552136,0,0,S,5,1,189444,205.8,2003,52,36.12,119.56
67471,Historical,902065,0,0,S,31,1,84519,23.99,2014,28,0,0
67472,Historical,109706,0,0,S,7,1,2892265,7.82,2006,48,84.17,7.83
67473,Historical,867889,1,2,S,11,1,12253,114.25,2014,35,75.03,71.96
67474,Historical,610440,0,0,S,10,1,102776,63.99,2012,43,84.17,43.62
67475,Historical,2258431,0,0,S,9,1,853337,39.61,2011,43,33.19,35.96
67476,Historical,194083,0,0,S,6,1,1003354,30.95,2006,81,22.41,21.69
67477,Historical,56464,1,1,S,7,1,2682194,55.95,2006,42,67.49,6.49
67480,Historical,613122,0,0,S,4,1,772868,45.95,2011,63,0,23.98
67483,Historical,639817,0,0,S,5,1,314461,76.95,2012,41,13.19,21.91
67485,Historical,648665,0,0,S,2,1,968115,46,2011,15,32.64,41.35
67486,Historical,2360519,0,0,S,5,1,6106439,395,1999,11,189.74,59.61
67487,Historical,641646,0,0,S,0,0,66430,14.99,2007,23,0,0
67488,Historical,623159,0,0,S,8,1,499006,39.99,2007,26,4.33,9.96
67489,Historical,1781169,0,0,S,3,1,82844,45,2015,22,32.59,31.66
67490,Historical,534205,0,0,S,3,1,182532,103,2009,25,44.54,58.94
67491,Historical,530306,0,0,S,3,1,42393,95,2011,74,48.54,54.79
67492,Historical,161982,0,0,S,1,0,120928,221.95,2010,29,0,95.98
67493,Historical,163305,0,0,S,1,0,495470,90,2003,30,23.15,48.7
67494,Historical,723496,0,0,S,1,0,573794,74,2008,63,0,9.25
67496,Historical,553283,0,0,S,3,1,2459180,76,1995,38,68.45,22.68
67499,Historical,915371,0,0,S,1,0,1022088,8.95,2008,48,45.97,7.44
67500,Historical,719702,0,0,S,0,0,719039,35,1999,25,0,22.59
67501,Historical,717934,0,0,S,1,0,812545,99,1998,101,0,11.49
67502,Historical,617292,0,0,S,3,1,8022,69,2011,60,32.98,42.99
67504,Historical,177906,0,0,S,10,1,58959,291.95,2004,57,0,103.48
67506,Historical,920152,0,0,S,0,0,35784,29.95,2007,77,22.91,13.08
67508,Historical,2904407,0,0,S,8,1,14316,31.39,2014,6,38.82,31.28
67509,Historical,599685,0,0,S,3,1,1261528,25,2007,24,17.54,13.94
67510,Historical,873144,0,0,S,33,1,1602795,43.17,2009,19,44.95,37.1
67511,Historical,867555,0,0,S,31,1,1508415,43.17,2008,21,44.95,92.78
67512,Historical,873369,0,0,S,28,1,2496412,42.96,2004,23,44.95,60.45
67513,Historical,1671511,0,0,S,2,1,1778477,89.95,2009,27,4.56,75.54
67514,Historical,651666,0,0,S,2,1,1195912,261.99,2011,21,12.09,37.95
67516,Historical,917966,0,0,S,3,1,3484394,28.95,1995,31,33.99,4.58
67517,Historical,647818,0,0,S,2,1,1609792,129,2009,30,82.94,54.23
67518,Historical,57586,0,0,S,7,1,24506,316.75,2010,51,199.97,145.57
67519,Historical,902718,0,0,S,5,1,1210224,72.95,2005,14,20.98,60.27
67520,Historical,57584,0,0,S,5,1,363887,50.97,2002,20,199.97,50.94
67521,Historical,627760,0,0,S,2,1,187980,62.95,1987,26,38.94,43.98
67522,Historical,104768,0,0,S,9,1,1445282,130.51,1997,21,0,81.43
67523,Historical,530293,0,0,S,2,1,375143,34.99,2009,33,14.68,14.1
67524,Historical,203370,0,0,S,5,1,290003,62,2000,31,30,54.01
67525,Historical,627706,0,0,S,2,1,591676,52.95,1998,38,8.25,30.44
67526,Historical,653958,0,0,S,2,1,859103,61,2004,29,50.32,43.27
67527,Historical,3086456,0,0,S,4,1,264253,99.95,2005,10,0,78.99
67529,Historical,659375,0,0,S,2,1,2217512,108,2006,12,41.9,53.94
67530,Historical,198911,0,0,S,2,1,151008,35,1996,74,33.02,23.82
67531,Historical,908165,0,0,S,3,1,496157,57,2014,17,41.9,45.18
67532,Historical,199079,0,0,S,3,1,861321,57.95,2000,34,41.14,52.02
67533,Historical,869583,0,0,S,5,1,71748,65,2014,18,41.14,55.31
67535,Historical,569832,0,0,S,1,0,1327701,125.95,2008,43,66.17,28.94
67536,Historical,170147,0,0,S,2,1,1291848,99.95,2011,45,4,36.98
67538,Historical,908481,0,0,S,2,1,2597656,25.13,1999,23,34.39,32.98
67539,Historical,1447512,0,0,S,2,1,1012223,34.07,2006,35,0,8.86
67540,Historical,644517,1,1,S,3,1,115043,74.64,2012,20,0,0
67541,Historical,618937,1,3,S,4,1,26032,57.32,2011,43,29.28,41.96
67543,Historical,556634,1,1,S,2,1,1344264,41.66,1999,75,38.99,14.24
67545,Historical,904512,0,0,S,4,1,947914,44.8,2012,13,0,32.9
67546,Historical,619762,1,1,S,4,1,8348,57.32,2011,84,33.27,38.99
67548,Historical,660939,1,1,S,4,1,56510,74.64,2012,39,33.99,48.96
67550,Historical,119097,0,0,S,4,1,19967,57.32,2011,54,22.74,38.97
67551,Historical,117874,1,1,S,3,1,831120,52,2005,68,22.74,10.98
67553,Historical,117861,0,0,S,3,1,184589,58.53,2005,62,33.27,48.77
67554,Historical,117862,0,0,S,3,1,514114,16.99,2005,74,33.27,16
67555,Historical,877987,0,0,S,6,1,712288,82.75,2002,37,99.45,8.99
67556,Historical,52921,0,0,S,7,1,3313183,66.25,2004,42,99.45,7.88
67559,Historical,120891,0,0,S,2,1,92762,52.2,2009,20,0,33.71
67560,Historical,534740,1,4,S,6,1,22487,107.99,2012,99,46.08,45.23
67561,Historical,60392,0,0,S,1,0,380424,17.99,2004,38,17.98,33.91
67562,Historical,422322,1,1,S,2,1,97620,119.4,2012,79,4.49,59.89
67563,Historical,655283,1,4,S,3,1,130078,53.32,2012,45,26.94,27.6
67564,Historical,647006,0,0,S,3,1,46938,53.32,2012,36,28.44,31
67565,Historical,637656,1,2,S,3,1,63405,53.32,2012,58,13.98,34
67566,Historical,622613,0,0,S,2,1,87914,53.32,2011,50,0,0
67567,Historical,314167,0,0,S,2,1,43050,53.32,2011,27,0,0
67568,Historical,875130,0,0,S,3,1,798511,69.5,2013,23,82.99,56.35
67570,Historical,660881,1,3,S,3,1,43928,106.25,2013,54,82.99,53.98
67571,Historical,917528,0,0,S,2,1,121165,69.95,2013,48,37.5,42.36
67574,Historical,2553998,0,0,S,0,0,51211,6.99,1985,60,38.21,6.96
67575,Historical,225212,0,0,S,0,0,914625,65,2001,35,0,18.15
67576,Historical,254355,0,0,S,4,1,204553,89.95,2014,41,37.99,38.99
67577,Historical,869758,0,0,S,2,1,6028460,103,1998,21,37.99,52.41
67578,Historical,530278,0,0,S,2,1,949204,59.95,2015,27,35.97,39.96
67579,Historical,541680,0,0,S,5,1,586635,58.5,2010,37,32.78,42.94
67580,Historical,365230,0,0,S,4,1,1309104,58.95,2008,9,46.05,33.74
67581,Historical,157861,0,0,S,0,0,423950,59.95,1997,68,42.76,11.46
67582,Historical,2302608,0,0,S,9,1,311118,77,1992,31,0,80.41
67583,Historical,618396,0,0,S,8,1,1266565,84.5,2004,53,20.7,12.33
67584,Historical,112256,1,1,S,9,1,566174,85,2005,57,20.7,21.94
67585,Historical,609652,0,0,S,2,1,2174597,129.95,2001,17,63.97,33.98
67586,Historical,606676,0,0,S,4,1,2727795,66,1993,24,20.74,50.45
67587,Historical,285915,0,0,S,5,1,226989,98,2003,35,20.74,64.85
67589,Historical,922088,0,0,S,1,0,142637,45,2002,64,0,9.73
67591,Historical,530270,0,0,S,2,1,118795,54.99,2008,39,26.18,27.64
67594,Historical,547779,0,0,S,3,1,561977,73,1994,28,4.51,17.65
67595,Historical,115458,0,0,S,4,1,718086,215.2,1999,29,0,23.99
67596,Historical,860780,0,0,S,2,1,1039787,139.99,2012,34,14.44,36.88
67597,Historical,644197,0,0,S,0,0,48319,39,2003,24,48.98,33.27
67598,Historical,56553,0,0,S,6,1,935234,23.71,2002,30,81.63,22.23
67599,Historical,183711,0,0,S,5,1,80992,129.95,2004,40,23.34,73.48
67600,Historical,111110,0,0,S,3,1,724833,72.89,2011,33,22.99,79.21
67601,Historical,718106,0,0,S,1,0,650701,60,1997,96,0,10.08
67602,Historical,241253,1,4,S,3,1,16108,42.95,2003,104,31.42,43.19
67603,Historical,1822443,0,0,S,3,1,1026260,104.25,2014,2,0,46.93
67604,Historical,674353,0,0,S,0,0,88389,28,1994,162,11.24,6.18
67605,Historical,579795,0,0,S,2,1,251867,41,1994,66,0,22.49
67606,Historical,625648,0,0,S,5,1,22870,46,2012,73,22.5,23.94
67607,Historical,118940,0,0,S,2,1,61949,45.32,2007,46,40.99,36.55
67608,Historical,607563,0,0,S,3,1,1009669,43.95,1995,59,42.54,10.99
67609,Historical,135606,0,0,S,2,1,80316,29.95,2006,36,0,23.99
67611,Historical,177081,0,0,S,4,1,8730,286.95,2004,38,40.99,70.99
67612,Historical,642015,0,0,S,1,0,626902,100,2013,34,0,57.26
67613,Historical,290206,0,0,S,1,0,79262,73.98,2010,40,0,96.26
67615,Historical,664265,0,0,S,1,0,844981,56.95,2013,14,0,38.43
67616,Historical,625824,0,0,S,1,0,477169,49.99,2005,27,0,17.25
67617,Historical,761430,0,0,S,2,1,1211081,147,2004,37,53.99,53.99
67618,Historical,204149,0,0,S,2,1,177333,164.99,2006,34,5.74,56.27
67619,Historical,476895,0,0,S,2,1,340240,97.55,2009,24,30.99,97.37
67620,Historical,658156,0,0,S,0,0,367933,164.95,2012,34,40.88,69.52
67621,Historical,545358,0,0,S,4,1,23119,89.95,2014,65,53.96,54.86
67622,Historical,423010,1,1,S,2,1,127552,105.29,2010,33,36.96,69.39
67623,Historical,552850,0,0,S,2,1,1745670,275.2,2009,25,35.98,49.99
67624,Historical,250636,0,0,S,3,1,575310,47.95,2009,30,0,43.44
67625,Historical,649000,0,0,S,2,1,508456,135,2009,34,53.94,98.76
67626,Historical,2334137,0,0,S,2,1,1310543,102.25,1980,22,18.09,60.55
67627,Historical,209632,0,0,S,2,1,204026,90,2008,32,76.23,53.99
67628,Historical,861370,0,0,S,2,1,2179526,85,2013,15,53.76,56.83
67629,Historical,552110,1,3,S,4,1,979332,64.6,2002,58,7.31,38.38
67630,Historical,552111,0,0,S,4,1,282825,64.6,2002,23,4.96,28.96
67631,Historical,802731,0,0,S,9,1,338977,39.99,2012,24,19.48,27.43
67632,Historical,156887,0,0,S,10,1,520113,56.95,2001,20,0,47.29
67633,Historical,183306,0,0,S,13,1,751350,78.95,2007,23,44.01,117.77
67634,Historical,635962,0,0,S,2,1,897800,157.8,1985,30,0,83.91
67635,Historical,802571,0,0,S,4,1,1564959,44.99,2005,32,31.75,9.94
67636,Historical,806133,0,0,S,2,1,747954,69,2010,19,41.39,53.14
67637,Historical,623423,0,0,S,4,1,75337,45,2012,43,24.98,23.88
67639,Historical,2179077,0,0,S,2,1,264620,339,2008,24,0,72.39
67640,Historical,2859655,0,0,S,6,1,579793,0,1995,4,303.99,0
67641,Historical,530213,0,0,S,3,1,63116,251.25,2007,81,41.98,83.97
67642,Historical,663400,0,0,S,2,1,67708,83.6,2013,52,44.93,66.17
67643,Historical,607428,1,1,S,2,1,1781007,24.2,1995,37,35.91,45.77
67644,Historical,536736,0,0,S,7,1,10215,76,2012,91,35.91,36.96
67645,Historical,866605,0,0,S,3,1,958649,27,1998,67,35.91,15.53
67646,Historical,2048988,0,0,S,22,1,1858228,136,2013,24,0,21.95
67647,Historical,2048970,0,0,S,18,1,3810257,104.25,2009,16,9.58,85.74
67648,Historical,2048981,0,0,S,20,1,2749976,75,2011,17,9.58,108.48
67649,Historical,249865,1,1,S,5,1,155610,137.95,2006,30,39.33,54.97
67650,Historical,613680,0,0,S,3,1,141986,56.8,2011,44,17.98,29.94
67651,Historical,1629996,1,1,S,5,1,630981,95.95,2012,15,27.61,37.04
67652,Historical,109065,0,0,S,6,1,1482921,14.12,2006,45,123.22,14.12
67654,Historical,2166485,1,1,S,0,0,134547,0,2011,14,28.92,38.99
67655,Historical,285337,1,1,S,8,1,26169,150,2005,39,93.98,113.07
67656,Historical,252005,0,0,S,3,1,1473040,177.95,2010,40,10.24,28.98
67658,Historical,243201,0,0,S,2,1,677068,0,2007,17,103.99,17.99
67660,Historical,608973,0,0,S,2,1,3315835,67.95,1998,36,43.99,33.99
67661,Historical,56532,0,0,S,4,1,3594799,80,2002,47,58.99,12.84
67663,Historical,169420,0,0,S,1,0,97745,144.95,2007,39,93.87,101.41
67664,Historical,608425,0,0,S,9,1,582520,306.95,2006,18,188.42,28.95
67665,Historical,252004,0,0,S,3,1,1252583,208.95,2010,28,5.06,49.18
67666,Historical,53928,0,0,S,5,1,2649373,104.4,2001,62,113.19,13.94
67667,Historical,124057,0,0,S,4,1,543165,358.95,1999,50,0,82.98
67668,Historical,272473,0,0,S,5,1,33001,39.95,2011,32,22.98,32.98
67669,Historical,118197,0,0,S,3,1,539768,110,2009,37,33.99,77.01
67670,Historical,767317,0,0,S,1,0,2281626,5.57,2009,12,41.79,18.99
67671,Historical,868351,0,0,S,7,1,1798897,57.2,2007,45,26.12,10.96
67672,Historical,262688,0,0,S,4,1,122989,64.95,2005,56,38.98,59.27
67673,Historical,132997,0,0,S,2,1,870905,164.6,2010,37,63.84,34.84
67674,Historical,543976,0,0,S,14,1,818312,96,2013,27,48.97,70.7
67675,Historical,272099,0,0,S,2,1,866033,161.95,2007,38,87.51,10.65
67676,Historical,868183,0,0,S,2,1,57109,98.95,2014,43,53.25,63.94
67677,Historical,172541,0,0,S,1,0,494572,59.99,2007,22,41.35,47.71
67679,Historical,208597,0,0,S,3,1,6374054,51.2,1999,34,66.48,7.98
67680,Historical,114289,0,0,S,3,1,1020036,74.67,2001,36,74.98,29.6
67681,Historical,56782,0,0,S,4,1,625520,107.2,2004,66,74.98,19.97
67682,Historical,115335,0,0,S,2,1,1149734,208.6,1995,38,12.8,44.89
67683,Historical,107644,0,0,S,2,1,46548,236.25,2002,61,39.66,127.85
67684,Historical,530204,0,0,S,3,1,477363,35.95,2009,25,35.51,29.97
67685,Historical,246445,0,0,S,1,0,534714,66.95,2007,29,22.73,38.47
67686,Historical,2098830,0,0,S,2,1,208751,79.96,2014,15,0,60
67687,Historical,117650,0,0,S,5,1,1582767,146.67,2005,51,118.49,7.79
67688,Historical,861499,1,5,S,15,1,1180187,265.75,2013,31,144.83,84.35
67689,Historical,1781337,0,0,S,2,1,1520746,95,2015,13,68.04,48.84
67690,Historical,291656,1,2,S,3,1,192762,407.95,1995,41,34.68,57.39
67691,Historical,262370,0,0,S,2,1,380393,62.95,2009,53,37.21,40.95
67692,Historical,152353,0,0,S,2,1,1000795,74.95,2006,26,80.99,36
67693,Historical,248023,0,0,S,3,1,259004,97,2010,27,0,41.32
67694,Historical,618956,0,0,S,5,1,848534,191.95,2010,24,0,89.12
67695,Historical,202327,0,0,S,2,1,3630497,151.95,2001,34,62.28,83.07
67696,Historical,255373,0,0,S,3,1,52822,80,2010,66,33.99,66.08
67698,Historical,52508,0,0,S,2,1,4555790,87,2003,49,78.99,28.49
67699,Historical,183690,0,0,S,2,1,648131,94.95,2007,54,4.35,54.59
67700,Historical,53089,0,0,S,2,1,3238520,203.95,2006,41,93.49,4.36
67701,Historical,499527,0,0,S,5,1,2475262,141.95,2009,16,58.99,141.95
67703,Historical,147134,0,0,S,3,1,2652044,39.95,2004,47,23.99,43.75
67704,Historical,661111,0,0,S,4,1,107070,80.5,2011,25,90.83,61.94
67705,Historical,556158,0,0,S,2,1,1021180,73,2009,39,33.74,55.34
67706,Historical,166171,0,0,S,5,1,908318,11.98,2004,56,5.36,15.31
67707,Historical,530197,0,0,S,6,1,1656978,58.4,2008,47,0,58.33
67708,Historical,569768,0,0,S,3,1,572183,189.95,2005,38,124.55,173.09
67709,Historical,252003,0,0,S,3,1,109914,245.95,2010,44,7.24,47.44
67710,Historical,530195,0,0,S,6,1,22721,103.4,2011,50,26.79,73.98
67711,Historical,698820,0,0,S,7,1,1875463,165.42,2004,11,123.75,67.54
67712,Historical,112218,0,0,S,0,0,512330,108.5,2005,42,12.94,21.98
67713,Historical,2265932,0,0,S,0,0,496110,92.52,2011,29,0,46.33
67714,Historical,247684,0,0,S,2,1,1464469,104,2006,46,4.47,6.83
67715,Historical,576968,0,0,S,2,1,660430,47.95,2013,20,17.37,46.03
67716,Historical,199452,1,1,S,0,0,106472,54,1998,27,0,35.93
67717,Historical,895113,1,1,S,2,1,933421,75,2014,11,0,27.36
67718,Historical,60404,0,0,S,5,1,1610650,75.3,2000,38,72.98,33.45
67720,Historical,133056,0,0,S,5,1,302682,139.4,2010,51,21.87,31.25
67724,Historical,614667,0,0,S,0,0,93412,49.95,1994,32,0,42.84
67725,Historical,616422,0,0,S,0,0,174192,49.95,1994,9,0,51.51
67727,Historical,622619,0,0,S,6,1,153872,113,2011,35,84.25,70.57
67729,Historical,1476382,0,0,S,4,1,257665,39.95,2015,18,0,26.02
67730,Historical,530186,0,0,S,7,1,76128,107.99,2012,68,60.03,68.12
67731,Historical,663581,0,0,S,3,1,422885,62,2014,28,52.04,48.77
67733,Historical,2380656,0,0,S,0,0,1407643,89,1986,21,181.98,99.37
67734,Historical,126651,0,0,S,2,1,57381,51,2005,109,31.48,33.72
67735,Historical,530183,0,0,S,2,1,1195701,156.95,2009,23,29.46,118.98
67736,Historical,530182,0,0,S,3,1,142720,95.99,2009,133,62.28,45.24
67737,Historical,121640,0,0,S,4,1,645911,193.53,2008,25,133.99,134.14
67738,Historical,552810,0,0,S,1,0,301466,165.4,2012,40,19.5,64.67
67739,Historical,1480597,0,0,S,1,0,103751,49.95,2013,35,0,41.96
67740,Historical,530180,0,0,S,3,1,18487,104.25,2012,60,66.98,65.97
67741,Historical,170427,1,1,S,0,0,1242056,63.9,2002,70,66.98,37.16
67742,Historical,553534,1,3,S,1,0,45695,244.2,2010,59,135.16,66.49
67743,Historical,154213,0,0,S,5,1,426302,50,1995,62,0,23.99
67744,Historical,2605451,0,0,S,1,0,295331,39.99,2000,31,0,38.38
67746,Historical,2170586,0,0,S,13,1,3754309,92.95,2009,19,58.79,28.44
67749,Historical,558973,0,0,S,5,1,7215426,87.5,1989,52,63.99,69.94
67750,Historical,3303961,0,0,S,0,0,1099364,23.74,2003,11,0,78.53
67751,Historical,615295,0,0,S,2,1,4547,12.98,2012,49,0,0
67752,Historical,922480,0,0,S,0,0,528946,45,1987,90,27.58,18.9
67753,Historical,646442,0,0,S,3,1,889555,70,2009,22,0,0
67754,Historical,608291,0,0,S,2,1,3238446,140,1995,34,27.05,25.97
67755,Historical,148671,0,0,S,2,1,2553057,141.95,2006,24,212.66,81.86
67756,Historical,288906,0,0,S,2,1,3017474,287.95,2005,24,212.66,8.23
67757,Historical,56525,0,0,S,2,1,36902,29.95,2007,67,70.44,38.99
67758,Historical,914321,0,0,S,0,0,153775,75,2005,42,17.11,48.06
67761,Historical,128130,0,0,S,3,1,5901617,85,1999,19,103.3,67.45
67763,Historical,875307,0,0,S,4,1,3616242,62.5,2001,23,86.92,53.82
67764,Historical,612336,0,0,S,7,1,273406,0,2013,26,86.92,82.28
67769,Historical,622644,0,0,S,3,1,117867,40,2011,25,14.55,26.21
67770,Historical,700754,0,0,S,2,1,3891897,30.95,2004,20,30.99,16.98
67772,Historical,3055956,1,1,S,2,1,464660,30.7,2005,35,6.66,37.99
67773,Historical,530174,0,0,S,2,1,453327,60,2009,22,0,27.87
67774,Historical,633757,0,0,S,2,1,242539,81.95,2013,34,42.43,34.68
67776,Historical,2082185,0,0,S,0,0,167254,50,2013,26,0,17.81
67777,Historical,117509,0,0,S,7,1,88669,61.4,2003,65,13.96,24.09
67778,Historical,61210,0,0,S,4,1,1704497,76.95,2000,25,12.01,10.86
67779,Historical,177380,0,0,S,5,1,695980,203.95,2005,33,12.01,33.09
67780,Historical,1657788,0,0,S,2,1,110911,93.28,2009,31,11.12,64.65
67781,Historical,290134,0,0,S,2,1,132443,75,2007,15,0,0
67782,Historical,663799,1,1,S,4,1,15269,25.75,2013,56,16.49,22.34
67783,Historical,612913,0,0,S,2,1,1504597,8.49,2007,96,16.49,8.49
67784,Historical,141774,0,0,S,1,0,2027980,10.15,2004,60,16.49,9.94
67785,Historical,142048,0,0,S,3,1,200537,12.46,2010,103,16.49,26.88
67786,Historical,2140848,0,0,S,4,1,930824,0,2010,12,37.21,13.94
67787,Historical,385668,0,0,S,2,1,564546,112.95,2004,27,0,0
67788,Historical,893049,0,0,S,7,1,207888,0,2012,15,39.81,0
67789,Historical,288614,0,0,S,11,1,771554,80.6,2006,41,4,23.98
67790,Historical,262801,0,0,S,3,1,41744,37.95,2011,53,30.76,33.94
67791,Historical,878932,1,2,S,3,1,4634,93.75,2014,77,84.12,73.99
67792,Historical,867853,1,1,S,3,1,15130,43.25,2014,58,28.02,30.14
67793,Historical,127623,0,0,S,2,1,2154917,45,2003,26,8.38,30.93
67794,Historical,201784,0,0,S,3,1,791002,44.95,2009,14,0,0
67796,Historical,555170,0,0,S,0,0,39763,49.95,1958,44,0,35.96
67797,Historical,1840028,0,0,S,3,1,761599,41.95,2012,28,34.86,31.65
67798,Historical,184517,0,0,S,2,1,118982,66.95,2003,13,0,57.18
67799,Historical,551740,0,0,S,1,0,23444,95,2000,50,27.99,63.98
67800,Historical,635626,0,0,S,3,1,43508,46,2012,37,33.74,33.69
67802,Historical,591432,0,0,S,2,1,714029,49.99,2009,29,23.05,31.83
67803,Historical,123951,0,0,S,7,1,590497,74.95,2002,31,8.08,46.28
67804,Historical,285138,0,0,S,8,1,517359,19.99,2000,33,85.99,31.36
67805,Historical,107345,0,0,S,8,1,1512010,299.63,1999,19,0,78.99
67806,Historical,860355,0,0,S,2,1,120782,112.95,2011,49,60.85,23.99
67807,Historical,537184,0,0,S,2,1,326397,49.95,1996,62,23.99,46.85
67808,Historical,248198,0,0,S,3,1,550570,39.95,2010,17,25.68,29.95
67810,Historical,530164,0,0,S,2,1,718569,39.95,2009,23,27.86,33.75
67812,Historical,626402,0,0,S,2,1,168494,30,2006,41,26.98,22.31
67813,Historical,530163,0,0,S,8,1,737349,114.8,2007,41,75.52,90.65
67814,Historical,557347,0,0,S,8,1,381578,114.8,2007,39,43.71,101.84
67815,Historical,530160,0,0,S,6,1,1160318,25.99,2012,27,4,23.99
67816,Historical,1567298,0,0,S,1,0,1818920,21.99,2009,24,10.8,33.05
67817,Historical,756284,0,0,S,24,1,671620,24.99,2011,19,4.58,60.82
67818,Historical,1569192,0,0,S,1,0,1765321,12.99,2008,28,14.42,48.05
67819,Historical,532092,0,0,S,0,0,112043,61.95,2009,28,43.83,39.06
67821,Historical,609730,0,0,S,5,1,938730,25.95,2003,31,0,0
67824,Historical,628204,0,0,S,8,1,208798,86.5,2007,12,0,0
67825,Historical,1827178,0,0,S,5,1,59693,121.95,2014,43,63.94,111.05
67826,Historical,61077,0,0,S,3,1,2697923,152.95,2004,27,63.5,19.85
67827,Historical,801960,0,0,S,2,1,132792,83,2010,16,0,0
67828,Historical,785732,0,0,S,0,0,2271633,21.26,2007,7,10.84,21.26
67829,Historical,639555,0,0,S,2,1,1141248,220.91,1991,36,0,165.04
67830,Historical,101234,0,0,S,3,1,45269,347.95,2000,118,27.26,24.61
67831,Historical,866848,0,0,S,4,1,35564,65,2014,19,61.52,52.42
67832,Historical,222224,0,0,S,2,1,24010,90,2010,34,49.99,64.07
67833,Historical,233828,1,1,S,2,1,923395,69,2003,29,53.49,96.78
67834,Historical,105913,0,0,S,2,1,628553,95,2005,31,26.13,59.7
67835,Historical,210986,0,0,S,3,1,31178,77.95,2008,70,26.72,50.97
67837,Historical,129739,0,0,S,2,1,87341,116.6,2003,43,31.97,59.25
67838,Historical,645402,0,0,S,4,1,760688,183.5,2010,28,115.99,89.44
67840,Historical,538727,1,2,S,21,1,655452,254.52,2012,38,185.99,141.09
67841,Historical,109786,0,0,S,18,1,1273925,28.99,2006,83,185.99,19.63
67842,Historical,913948,0,0,S,17,1,370894,65.33,2004,30,0,61.62
67843,Historical,1440682,0,0,S,21,1,742102,0,2013,6,0,27.95
67844,Historical,417130,0,0,S,19,1,2439023,33.98,2008,23,14.96,33.99
67845,Historical,538663,0,0,S,21,1,105100,56.49,2012,75,14.96,37.92
67846,Historical,60408,0,0,S,18,1,2793928,5.91,2007,54,14.96,5.46
67847,Historical,416588,0,0,S,19,1,1273965,16.62,2008,68,14.96,16.32
67848,Historical,538662,0,0,S,21,1,97897,62.99,2012,91,30.27,56.75
67849,Historical,111211,0,0,S,20,1,1092900,51.09,2010,52,30.27,45.07
67850,Historical,280562,0,0,S,5,1,697695,69.95,2007,31,48.96,57.47
67851,Historical,530138,1,1,S,5,1,745166,161,2009,35,13.99,54.47
67852,Historical,534817,1,1,S,4,1,95247,84.95,2013,57,35.98,60.23
67853,Historical,579429,0,0,S,1,0,525839,159.8,2002,42,0,59.14
67855,Historical,110626,0,0,S,6,1,2559045,207.75,2008,52,165.76,14.98
67856,Historical,528476,0,0,S,8,1,1120991,185.37,2012,24,165.76,138.05
67857,Historical,546136,0,0,S,5,1,386777,91.95,2013,27,70.85,59.8
67858,Historical,161858,0,0,S,2,1,85432,122.25,2009,61,50.58,68.13
67859,Historical,2334046,0,0,S,2,1,3586375,129.95,1993,27,34.11,24.98
67860,Historical,530137,1,2,S,4,1,277847,125.95,2012,31,34.11,28.97
67861,Historical,912784,0,0,S,2,1,1749460,94.05,1974,28,132.35,73.79
67862,Historical,580439,0,0,S,3,1,802414,289.22,1983,11,0,77.61
67863,Historical,545257,0,0,S,4,1,79064,96.95,2012,44,35.18,65.97
67864,Historical,614297,1,1,S,2,1,514043,106.8,2007,68,7.64,13.49
67865,Historical,530134,0,0,S,2,1,59209,92,2004,34,0,54.26
67866,Historical,633756,0,0,S,1,0,307456,88.95,2013,26,0,48.74
67867,Historical,50781,0,0,S,7,1,3010781,94.95,1997,33,14.51,26.29
67868,Historical,50782,0,0,S,8,1,37290,335.95,2000,109,14.51,27.28
67869,Historical,914506,0,0,S,5,1,1147961,11.8,2004,52,98.99,11.88
67870,Historical,918085,1,1,S,1,0,270310,162.95,2002,21,0,88.78
67871,Historical,50753,0,0,S,4,1,1254287,5.2,2004,101,89.76,14.99
67872,Historical,537639,0,0,S,5,1,776776,170.64,2012,16,118.99,61.99
67873,Historical,148496,0,0,S,1,0,1148205,348.95,2007,30,0,73.93
67874,Historical,2361981,0,0,S,3,1,1930205,93.95,1994,34,23.11,43.35
67875,Historical,569450,0,0,S,2,1,1013649,68.95,1993,30,125.31,45.37
67876,Historical,178250,0,0,S,9,1,749301,345.95,1997,43,6.89,53.65
67877,Historical,114798,0,0,S,2,1,299084,229.6,2001,35,6.46,69.13
67878,Historical,742864,0,0,S,9,1,100534,186.93,2011,51,147.46,49.86
67880,Historical,118782,0,0,S,5,1,850799,128,2006,14,163.98,102.99
67881,Historical,194196,0,0,S,3,1,117630,71,2011,47,29.99,62.81
67882,Historical,173946,0,0,S,2,1,1308961,110,2005,22,54.21,73.99
67883,Historical,612513,0,0,S,0,0,62923,117.95,2013,24,0,62.65
67884,Historical,107102,0,0,S,9,1,563209,62.45,1999,41,7.88,69.31
67885,Historical,152851,1,2,S,2,1,711108,109,1999,54,32.64,20.71
67886,Historical,534110,0,0,S,4,1,3170415,126.95,1995,23,197.99,49.82
67887,Historical,879020,1,1,S,3,1,1689075,35.39,2000,47,79.92,28.99
67888,Historical,881603,0,0,S,0,0,581646,49.95,1992,30,20.85,35.24
67889,Historical,285343,1,2,S,5,1,118650,236.26,2006,44,55.93,101.21
67890,Historical,114284,0,0,S,4,1,514929,173.6,2002,90,4,35.96
67892,Historical,607655,0,0,S,2,1,1884191,72.8,1997,31,100.06,8.77
67893,Historical,601705,0,0,S,2,1,134506,62.95,2012,76,38.96,40.88
67894,Historical,765986,0,0,S,9,1,1231170,121.95,1997,28,8.92,8.99
67895,Historical,177111,0,0,S,11,1,756565,290.95,2004,43,8.92,108.27
67896,Historical,871993,0,0,S,5,1,139263,86.95,2015,28,59.42,60.11
67897,Historical,530123,0,0,S,2,1,802134,70,2010,46,56.46,51.89
67898,Historical,197915,0,0,S,3,1,1704092,85,2007,37,4.47,43.92
67899,Historical,298127,0,0,S,3,1,106509,115.25,2006,41,43.04,55.05
67900,Historical,183430,0,0,S,2,1,328730,188.95,2006,48,72.92,79.92
67901,Historical,50091,0,0,S,2,1,976911,124.95,2006,34,4.97,12
67902,Historical,50714,1,2,S,5,1,86915,61.24,2007,28,148.28,43.99
67903,Historical,50715,1,5,S,5,1,65314,11.99,2005,56,148.28,11.99
67904,Historical,636396,1,1,S,2,1,613099,32.19,2011,22,135.49,95.63
67905,Historical,50721,0,0,S,7,1,1365561,18.99,2005,58,40.87,18.99
67906,Historical,107975,0,0,S,4,1,1697154,14.98,2003,72,148.28,13.78
67907,Historical,705448,0,0,S,4,1,1055204,255.75,2013,35,56.06,175.93
67908,Historical,699367,0,0,S,4,1,308692,55.23,2013,20,56.06,33.9
67909,Historical,1826310,0,0,S,2,1,56892,111.95,2013,23,59.4,62.46
67910,Historical,237933,0,0,S,2,1,1203240,89.95,2006,20,0,57.91
67911,Historical,530121,0,0,S,2,1,205117,169.5,2011,45,68.84,66.97
67912,Historical,507642,0,0,S,2,1,1214258,69.95,2012,35,43.94,30.04
67913,Historical,639934,0,0,S,1,0,236206,100.95,2011,26,0,57.84
67914,Historical,202268,0,0,S,4,1,1376927,262.95,2002,18,141.98,58.99
67915,Historical,2836000,0,0,S,2,1,1454880,95.95,1988,22,5.65,66.69
67916,Historical,544626,0,0,S,2,1,303828,108.2,2012,33,85.5,45
67917,Historical,177106,0,0,S,5,1,78128,287.95,2004,37,33.98,48.67
67918,Historical,544554,1,1,S,6,1,92277,272.95,2012,33,33.98,183.71
67919,Historical,555341,0,0,S,2,1,248172,199.95,1996,21,13.76,82.32
67921,Historical,276721,0,0,S,2,1,1065597,119,2007,21,13.99,73.47
67922,Historical,51576,0,0,S,4,1,788381,13.89,2000,60,158.49,13.89
67923,Historical,607425,1,2,S,2,1,72576,42.6,1992,104,35.22,46.22
67924,Historical,113718,1,1,S,3,1,651417,39.8,2002,47,35.22,37.61
67925,Historical,118989,1,7,S,4,1,35530,57.32,2011,101,35.22,33.98
67926,Historical,121277,0,0,S,4,1,6107,59.99,2011,74,35.22,38.98
67927,Historical,681410,0,0,S,4,1,45580,34.65,2011,48,21.44,27.34
67928,Historical,681827,0,0,S,4,1,62310,34.65,2011,59,29.49,29.72
67929,Historical,914381,0,0,S,2,1,486769,30.33,1993,34,22.99,17.96
67930,Historical,594682,1,1,S,0,0,571905,100.95,2012,63,48.99,38.98
67931,Historical,864655,1,1,S,3,1,4945,34.95,2014,107,22.26,31.14
67932,Historical,917198,0,0,S,3,1,671581,90,2013,54,43.99,59.94
67933,Historical,2924052,0,0,S,5,1,158415,266,2015,40,0,73.99
67934,Historical,109496,0,0,S,2,1,2518953,215.75,2008,48,143.03,17.99
67935,Historical,50338,0,0,S,10,1,419468,218.95,2003,90,193.94,11.98
67936,Historical,148168,0,0,S,4,1,1509971,178.95,2003,76,133.19,8.88
67937,Historical,766392,1,2,S,7,1,201068,0,2011,84,133.19,104.45
67938,Historical,924458,0,0,S,14,1,1804857,66.95,2015,9,60.12,65.94
67939,Historical,530115,0,0,S,13,1,823257,68.95,2012,49,60.12,63.98
67940,Historical,864656,1,1,S,3,1,182215,68.95,2013,17,44.56,45.89
67941,Historical,657793,0,0,S,2,1,447599,165.8,1988,32,22.89,99.98
67942,Historical,116614,0,0,S,5,1,753609,165.33,2004,41,112.97,12.71
67943,Historical,660724,1,1,S,3,1,37724,69.99,2013,32,47.13,43.03
67944,Historical,917238,0,0,S,7,1,617636,172.87,2012,42,73.06,70.8
67945,Historical,294958,1,1,S,1,0,995432,172.8,2002,62,4.46,33.93
67946,Historical,162114,0,0,S,4,1,272536,167.95,2008,58,36.49,34.25
67947,Historical,174871,0,0,S,2,1,646339,94.99,2007,42,33.98,55.96
67948,Historical,110991,1,1,S,5,1,821878,39.63,2007,20,132.16,35.45
67949,Historical,660735,0,0,S,2,1,45879,101,2013,68,63.04,67.97
67951,Historical,2154119,0,0,S,3,1,1238186,66,2009,18,0,48.08
67952,Historical,870851,0,0,S,5,1,233059,60,2013,36,38.91,49.98
67953,Historical,2100467,0,0,S,3,1,103062,52.95,2013,13,0,52.95
67954,Historical,534080,0,0,S,2,1,1274439,148.95,1994,43,103.98,5.03
67955,Historical,899325,0,0,S,3,1,1096232,161.73,2014,15,147.17,143.98
67956,Historical,640095,0,0,S,5,1,561218,192.75,2013,24,118.99,13.12
67957,Historical,705408,0,0,S,4,1,712867,0,2011,20,118.99,20.86
67958,Historical,50363,1,1,S,8,1,1085294,4.55,2004,42,103.98,11.98
67959,Historical,111604,0,0,S,4,1,1320582,0,2011,27,118.99,78.99
67960,Historical,530106,0,0,S,2,1,666334,65.95,2008,23,30,43.46
67962,Historical,232353,0,0,S,2,1,539165,99.95,1997,23,18.79,102.94
67963,Historical,255367,0,0,S,2,1,287062,70,2007,64,14.16,43.49
67964,Historical,877289,0,0,S,4,1,4947423,10.51,2008,47,129.31,11.53
67965,Historical,530105,0,0,S,2,1,494380,115.95,2008,43,192.48,42.08
67966,Historical,178626,0,0,S,2,1,449964,87.95,2009,28,21.89,54.98
67967,Historical,148181,0,0,S,1,0,1793483,244.95,2003,39,8.64,10.37
67968,Historical,60413,0,0,S,8,1,2563014,18.96,2004,26,127.01,18.96
67969,Historical,111655,0,0,S,6,1,960094,170.07,2011,24,140.49,115.32
67970,Historical,119550,0,0,S,3,1,366251,297.2,2000,39,22.48,46.04
67971,Historical,608810,0,0,S,2,1,870841,161.95,2002,39,98.94,44.4
67972,Historical,887470,0,0,S,2,1,984526,44.95,2015,18,40.91,32.48
67973,Historical,270003,0,0,S,9,1,683245,114,2009,30,94.51,52.99
67974,Historical,600747,1,1,S,2,1,125258,85,2011,41,52.98,49.99
67975,Historical,202321,0,0,S,2,1,910563,434.95,2001,31,78.97,179.35
67977,Historical,56043,0,0,S,4,1,1395662,115.95,1995,61,93.9,20.96
67978,Historical,2281325,0,0,S,5,1,338767,0,2011,3,0,33.35
67979,Historical,2573196,0,0,S,2,1,1589445,48.67,1991,35,154,44.66
67980,Historical,50744,0,0,S,5,1,1491224,133.33,2004,76,118.88,12.99
67981,Historical,607185,0,0,S,9,1,3600712,101.33,2001,50,20.09,23.98
67982,Historical,178737,1,3,S,10,1,276906,296.95,2011,67,35,48.93
67983,Historical,285958,0,0,S,10,1,1075116,126.67,2004,81,20.09,10.68
67984,Historical,597992,0,0,S,2,1,269238,57.95,2012,55,28.47,48.79
67985,Historical,778773,0,0,S,9,1,1135754,238.95,2010,22,0,51.98
67986,Historical,225701,0,0,S,2,1,1254712,139.95,2002,26,34.61,32.68
67987,Historical,166474,1,1,S,2,1,4832163,133.95,2003,23,137.41,52.56
67988,Historical,1923446,0,0,S,2,1,435268,69.95,2010,19,77.44,58.2
67989,Historical,545956,0,0,S,2,1,40359,94.95,2012,25,77.79,61.47
67990,Historical,540972,0,0,S,8,1,283356,154.76,2014,62,25.49,37.89
67991,Historical,50751,0,0,S,3,1,1368608,132,2007,100,24.34,12.87
67992,Historical,57519,0,0,S,5,1,1727618,83.95,2004,100,73.09,7.12
67993,Historical,249083,0,0,S,3,1,2327568,153.85,2007,16,24.34,153.84
67995,Historical,50229,0,0,S,4,1,641646,271.95,2010,90,4.96,36.48
67996,Historical,868440,0,0,S,2,1,88417,84.95,2014,58,32.99,48.98
67997,Historical,1936415,0,0,S,2,1,86556,50.99,2015,15,0,33.22
67998,Historical,1569989,0,0,S,2,1,1726285,47,2014,20,39.99,36.57
67999,Historical,1696745,1,6,S,3,1,201958,79.5,2015,61,10.98,32.87
68000,Historical,1696587,0,0,S,20,1,8690795,219.5,2007,11,10.98,304.45
68001,Historical,1696746,0,0,S,3,1,245173,69,2015,45,16.98,37.61
68002,Historical,2259181,0,0,S,4,1,3740609,91.27,2006,40,53.3,88.83
68003,Historical,534081,0,0,S,4,1,2084269,66.81,2001,32,26.3,44.99
68004,Historical,109227,0,0,S,5,1,465150,69.47,2005,43,26.3,68.29
68005,Historical,622053,0,0,S,5,1,910859,126.4,2004,44,26.3,79.6
68006,Historical,906800,0,0,S,4,1,811649,137.4,1976,24,48.99,109.92
68007,Historical,575992,1,1,S,2,1,150114,124.8,2010,62,4.75,34.62
68008,Historical,176702,0,0,S,4,1,4053426,126.95,1997,32,48.97,39.98
68009,Historical,870609,0,0,S,4,1,1529657,96.26,2006,24,23.96,83.93
68010,Historical,148575,0,0,S,4,1,90895,187.95,2006,84,23.96,65.95
68011,Historical,577348,0,0,S,3,1,4238437,99,2003,13,129.98,41.94
68012,Historical,530081,0,0,S,3,1,113496,105.95,2012,42,61.48,58.46
68013,Historical,56470,0,0,S,4,1,3785685,52,2000,28,47.21,4.43
68014,Historical,530080,0,0,S,2,1,220574,57.95,2012,40,42.69,41.5
68015,Historical,253853,0,0,S,2,1,150881,112.95,2010,34,39.87,78.35
68016,Historical,530079,0,0,S,8,1,81466,132,2012,57,64.62,63.99
68017,Historical,2575952,1,5,S,3,1,2733174,67.01,1988,41,176.49,40.5
68018,Historical,164328,0,0,S,7,1,347828,76.34,2004,36,176.49,72.52
68019,Historical,162976,1,2,S,9,1,504666,11.58,2010,69,0,32.78
68020,Historical,162977,0,0,S,9,1,1182260,51.89,2010,42,0,30.75
68021,Historical,877991,0,0,S,5,1,256063,0,1996,49,168.57,55.36
68022,Historical,566587,0,0,S,7,1,1658904,0,2003,35,13.98,20.35
68023,Historical,54067,0,0,S,9,1,885270,18.84,2010,67,4.13,18.92
68024,Historical,161617,0,0,S,8,1,615302,12.98,2007,39,4,12.98
68025,Historical,655149,0,0,S,10,1,86203,93.25,2013,25,65.37,71.39
68026,Historical,167261,0,0,S,8,1,1360545,71.09,2007,34,0,42.85
68027,Historical,1778145,0,0,S,10,1,328029,84.75,2013,32,61.49,68.43
68028,Historical,548051,0,0,S,5,1,134433,132.95,1989,36,6.64,55.05
68029,Historical,543693,0,0,S,2,1,53626,84.99,2013,67,48.5,48.98
68030,Historical,530072,0,0,S,2,1,27440,202.2,2008,72,76.96,40.5
68031,Historical,288673,0,0,S,2,1,1503257,222.2,2008,17,0,164.93
68032,Historical,144479,0,0,S,1,0,800932,133.33,2003,48,76.96,38.99
68033,Historical,2252540,0,0,S,7,1,5248369,76.46,2008,39,0,35.24
68034,Historical,530071,1,1,S,9,1,342445,110,2010,23,25.86,68.99
68035,Historical,116671,0,0,S,3,1,80687,113.2,2004,50,53.99,69.18
68036,Historical,218057,0,0,S,3,1,238467,14.95,2006,80,7.78,12.48
68037,Historical,592834,0,0,S,3,1,708065,182,2010,32,0,0
68038,Historical,251091,0,0,S,1,0,700239,138.95,2009,21,20.34,93.84
68039,Historical,162498,0,0,S,3,1,710682,35.95,2008,17,85.66,28.99
68040,Historical,121043,0,0,S,2,1,936221,143,1998,21,85.66,49.29
68041,Historical,561810,0,0,S,3,1,396317,163.95,1994,31,77.18,112.36
68042,Historical,867786,0,0,S,3,1,24173,95,2014,71,64.24,77.99
68043,Historical,542729,0,0,S,2,1,683811,70,2012,73,48.09,114.45
68044,Historical,666152,0,0,S,5,1,243350,305,2003,18,73.98,117.01
68045,Historical,108596,0,0,S,8,1,2281735,119.68,2003,26,133.73,12.94
68047,Historical,109886,0,0,S,1,0,382162,217.25,2007,22,0,56.22
68048,Historical,643560,0,0,S,4,1,339150,89.95,2013,22,57.94,59.89
68049,Historical,119607,0,0,S,2,1,505281,196.6,2002,50,39.85,18.89
68050,Historical,626603,0,0,S,8,1,1464940,212.95,1990,41,5.97,45.77
68051,Historical,287526,0,0,S,1,0,449230,99.6,2003,25,0,104.04
68052,Historical,117265,0,0,S,3,1,1096563,107.8,2006,49,0,0
68053,Historical,916916,0,0,S,4,1,223481,79,2013,34,52.07,75.41
68054,Historical,254558,0,0,S,3,1,329065,99.99,2011,60,34.54,64.31
68055,Historical,540746,1,2,S,4,1,3371,176,2012,140,44.44,74.99
68056,Historical,116714,0,0,S,0,0,310063,93.33,2004,44,44.44,85.73
68057,Historical,649491,1,3,S,4,1,50562,122,2013,24,44.44,112.84
68058,Historical,165084,0,0,S,2,1,1163279,226.95,2002,27,0,111.8
68059,Historical,542809,0,0,S,3,1,355988,93.56,2010,49,9.48,48.99
68060,Historical,503650,0,0,S,2,1,797488,69.95,2012,27,33.94,44.99
68062,Historical,530062,0,0,S,3,1,736491,234,2008,27,153.99,113.23
68063,Historical,60421,0,0,S,6,1,604552,71.65,2002,42,118.99,71.07
68064,Historical,530060,0,0,S,3,1,108540,69.95,2012,32,32.49,48.96
68067,Historical,874336,0,0,S,4,1,5491,46.95,2015,28,39.93,31.39
68068,Historical,2566898,0,0,S,2,1,864973,114,1999,36,28.98,70.73
68069,Historical,162799,0,0,S,1,0,150638,77.95,2010,33,0,0
68070,Historical,1697315,0,0,S,0,0,95324,50,2015,3,0,30.74
68071,Historical,516561,0,0,S,4,1,7245516,85.95,2001,41,9.34,5.96
68072,Historical,54723,0,0,S,3,1,2219021,103.95,2007,46,5.12,23.78
68073,Historical,890874,0,0,S,0,0,896912,50,2014,9,0,27.99
68074,Historical,1544204,0,0,S,1,0,178285,39.95,2012,16,0,33.1
68075,Historical,246566,0,0,S,5,1,554600,105.95,2007,61,22.91,49.13
68076,Historical,2648771,0,0,S,3,1,891268,40.5,1999,39,22.91,10.55
68077,Historical,243004,1,1,S,4,1,12078,70,2004,91,33.38,101.45
68078,Historical,2090233,0,0,S,0,0,462008,49.99,2013,32,31.26,30.98
68079,Historical,749379,0,0,S,2,1,1317300,115.95,2007,42,66.62,89.36
68080,Historical,2079819,0,0,S,3,1,166152,31.99,2010,21,0,23.81
68081,Historical,685144,0,0,S,2,1,4926,29.95,2009,42,18.22,18.14
68082,Historical,530047,0,0,S,4,1,791817,287.6,2010,38,47.64,39.99
68083,Historical,607747,0,0,S,8,1,1113895,113,2008,29,4,8.98
68084,Historical,174846,0,0,S,2,1,557210,99.99,2007,42,58.39,59.38
68085,Historical,614721,0,0,S,6,1,1125855,113.75,2004,54,4.67,13.95
68087,Historical,755046,0,0,S,20,1,233597,26.95,2005,52,0,25.86
68088,Historical,642205,0,0,S,4,1,86693,59.99,2012,55,30.98,34.03
68089,Historical,867779,0,0,S,3,1,43442,59.95,2014,40,44.99,36.24
68090,Historical,530042,0,0,S,3,1,78384,148.95,2011,59,53.98,77.84
68091,Historical,902262,0,0,S,2,1,931894,49.99,2014,24,23.49,23.98
68092,Historical,610631,0,0,S,2,1,34885,72.95,2014,30,51.99,51.02
68094,Historical,530038,0,0,S,2,1,264267,60.95,2010,41,30.34,52.33
68095,Historical,759170,0,0,S,2,1,771660,90,2001,37,11.65,57.07
68096,Historical,626644,0,0,S,3,1,425554,108.95,2013,57,48.54,43.71
68097,Historical,269753,0,0,S,3,1,1020275,49.99,2006,33,5.87,25.52
68098,Historical,169479,0,0,S,7,1,243122,71.95,2007,23,15.59,13.45
68099,Historical,631543,0,0,S,2,1,682870,49.95,2011,25,0,0
68100,Historical,889910,0,0,S,0,0,327543,26.55,2005,13,0,22.81
68101,Historical,644402,0,0,S,1,0,33722,55,2013,36,0,43.1
68102,Historical,626312,0,0,S,2,1,496032,55,2009,22,0,36.97
68103,Historical,130245,0,0,S,2,1,586704,123,1997,36,5.28,58.99
68104,Historical,630720,0,0,S,2,1,1209520,112.95,2010,25,16.28,53.25
68105,Historical,621728,0,0,S,2,1,144595,55.95,2002,73,44.37,43.78
68106,Historical,164439,0,0,S,2,1,509259,159.95,2003,60,102.98,74.88
68107,Historical,1587466,0,0,S,3,1,712161,40.5,2006,79,28.28,29.22
68108,Historical,920046,0,0,S,0,0,834516,32.95,2012,50,62.65,20.4
68109,Historical,2047210,0,0,S,2,1,555538,44.95,2009,21,0,41.84
68110,Historical,530036,0,0,S,2,1,163399,34.99,2009,51,19.84,27.97
68111,Historical,258138,0,0,S,5,1,558411,44.99,2009,33,28.94,58.99
68112,Historical,277950,0,0,S,2,1,1560432,66.95,2000,60,12.49,53.92
68113,Historical,889185,0,0,S,2,1,50896,56,2015,23,48.98,42.02
68114,Historical,606752,0,0,S,21,1,359299,49.95,2003,38,0,15.99
68115,Historical,594799,0,0,S,6,1,731585,80.99,2012,17,6.54,10.94
68116,Historical,530035,0,0,S,4,1,21096,75,2012,38,33.88,42.55
68117,Historical,2150589,0,0,S,0,0,1091340,44.95,2011,21,13.67,31.41
68118,Historical,3136655,0,0,S,0,0,1551757,50,2005,45,13.67,31.84
68119,Historical,53611,0,0,S,10,1,225839,90.5,1995,95,148.97,39.96
68120,Historical,53616,1,2,S,12,1,161057,267.95,2004,138,102.98,22.98
68121,Historical,55748,0,0,S,11,1,374414,84.95,2000,71,120.99,78.87
68122,Historical,169966,0,0,S,1,0,240327,111.95,2009,63,43.99,32.06
68123,Historical,895158,0,0,S,13,1,1801984,111.95,2009,20,76.42,33.94
68124,Historical,916901,0,0,S,15,1,70388,93.95,2015,28,55.93,73.97
68125,Historical,169963,0,0,S,13,1,119617,194.95,2008,44,24.91,149.94
68126,Historical,169891,0,0,S,13,1,28015,198.95,2009,82,24.91,78.99
68127,Historical,873560,0,0,S,13,1,740678,80,2010,27,92.99,80
68128,Historical,633146,0,0,S,3,1,228623,65,2011,61,39.1,51.91
68129,Historical,3046165,0,0,S,2,1,4851243,25.28,1995,28,58.35,34.99
68130,Historical,910009,0,0,S,6,1,71687,66.64,2012,28,51.13,50.64
68131,Historical,901069,0,0,S,4,1,2005707,33.6,2000,29,51.13,105.93
68132,Historical,257489,0,0,S,2,1,2768584,173.95,1998,12,26.64,95.99
68133,Historical,637177,0,0,S,2,1,474545,65.95,2008,24,82.07,43.94
68134,Historical,415947,1,1,S,3,1,742932,94,2012,28,36.43,18.91
68135,Historical,581103,0,0,S,2,1,659542,59.95,1998,23,83.98,52.94
68136,Historical,649446,0,0,S,2,1,268163,44,2013,32,18.15,18.55
68137,Historical,663681,0,0,S,8,1,707928,46.95,2013,27,31.98,30.47
68138,Historical,291910,0,0,S,0,0,10094,16,2005,153,8.49,10
68139,Historical,180611,0,0,S,1,0,82002,7.99,1999,210,8.49,5.16
68140,Historical,151809,0,0,S,1,0,63616,35,1998,48,8.49,14.73
68141,Historical,911108,0,0,S,0,0,82852,49.95,2007,24,0,13.99
68142,Historical,622737,0,0,S,1,0,879136,61.95,2007,25,0,11.79
68144,Historical,285424,0,0,S,2,1,158892,31.99,2009,63,37.01,25.99
68145,Historical,530028,0,0,S,3,1,30560,89,2012,71,37.01,23.74
68146,Historical,892656,0,0,S,5,1,147638,38.99,2013,15,0,0
68147,Historical,104276,0,0,S,1,0,275322,29.95,1997,107,20.89,6.99
68148,Historical,2570143,0,0,S,2,1,1520967,200,1991,16,75.49,253.98
68149,Historical,859682,0,0,S,2,1,540658,49.99,2008,22,0,0
68150,Historical,1780794,0,0,S,2,1,1155868,35,2014,9,16.41,20.99
68151,Historical,157663,0,0,S,2,1,661510,52.95,2013,43,33.4,40.68
68152,Historical,2620449,0,0,S,2,1,478831,241.95,2000,31,6.98,33.98
68153,Historical,530021,0,0,S,6,1,26184,156.95,2010,49,59.64,70.3
68154,Historical,763747,0,0,S,1,0,540519,157.95,2002,25,0,18.94
68156,Historical,861385,0,0,S,2,1,261881,95,2013,54,73.98,76.9
68157,Historical,530023,1,1,S,6,1,33246,101.95,2012,45,53.2,78.76
68158,Historical,246748,0,0,S,2,1,127115,39.95,2010,21,27.61,31.51
68159,Historical,247727,0,0,S,2,1,260727,68,2007,49,20.84,46.61
68160,Historical,157402,0,0,S,2,1,1455963,35.95,2006,16,10.9,35.94
68161,Historical,530022,0,0,S,5,1,58392,65.95,2011,42,43.97,44.42
68162,Historical,862065,0,0,S,4,1,15348,105,2014,69,68.86,66.9
68163,Historical,129403,0,0,S,4,1,61072,76.95,2010,69,47.97,23.64
68164,Historical,126592,0,0,S,3,1,1299917,55.95,2005,93,47.97,19.48
68165,Historical,630020,0,0,S,2,1,404628,62.95,2010,33,13.19,47.91
68166,Historical,765415,0,0,S,5,1,4150147,60.95,2002,40,88.83,8.37
68167,Historical,52803,0,0,S,7,1,623940,154.95,2006,70,88.83,19.95
68168,Historical,867913,0,0,S,3,1,30299,79.95,2014,64,61.87,68.99
68169,Historical,870259,0,0,S,4,1,2088911,68.95,2001,25,39.06,22.37
68170,Historical,1586797,0,0,S,2,1,407266,64.99,2007,19,0,44.96
68171,Historical,901537,0,0,S,2,1,4827614,65,1996,24,45.04,47.31
68173,Historical,530016,0,0,S,3,1,927558,42,2011,55,8.82,12.69
68176,Historical,51525,0,0,S,4,1,1903452,222,2004,22,0,328.26
68177,Historical,606828,0,0,S,3,1,3333061,101.5,2002,62,118.99,11.89
68178,Historical,51524,0,0,S,4,1,362583,218.67,2004,131,5.99,44.98
68179,Historical,2674742,0,0,S,3,1,578333,150.45,1970,14,0,197.09
68180,Historical,602671,0,0,S,4,1,21576,98.5,2010,117,50.13,30.99
68181,Historical,56035,0,0,S,8,1,1753759,166,2001,86,38.43,13.71
68182,Historical,111027,0,0,S,6,1,1603879,104.57,2007,19,0,72.87
68183,Historical,111386,0,0,S,7,1,493237,150,2010,31,0,43.98
68185,Historical,530015,0,0,S,9,1,770487,97.57,2009,46,5.13,73.33
68186,Historical,248061,0,0,S,3,1,431606,41.95,2009,30,0,31.26
68187,Historical,252584,0,0,S,2,1,698638,43.31,2008,39,8.47,48.93
68188,Historical,876147,0,0,S,2,1,588794,90.3,2013,41,162.43,67.25
68189,Historical,544009,0,0,S,4,1,27825,209.75,2013,95,9.24,26.74
68190,Historical,861387,0,0,S,2,1,1272858,139.4,2013,37,93.81,91.99
68191,Historical,633798,0,0,S,4,1,65154,167,2012,43,157.76,53.99
68192,Historical,862067,1,1,S,2,1,484178,82,2014,70,38.99,59.59
68193,Historical,54129,0,0,S,3,1,2207914,12.97,2003,60,211.71,11.99
68194,Historical,618077,0,0,S,2,1,553936,284.75,1991,43,27.89,53.99
68195,Historical,476864,0,0,S,3,1,515140,116.63,2008,28,208.58,103.06
68196,Historical,619478,0,0,S,4,1,217750,236.25,1999,54,0,68.55
68197,Historical,606786,0,0,S,4,1,1160945,87,2008,19,0,54.99
68198,Historical,660871,0,0,S,3,1,649228,89.99,2013,36,7.29,21.09
68199,Historical,2663970,0,0,S,4,1,8320008,225,1994,15,191.89,92.87
68200,Historical,537701,0,0,S,16,1,54185,180,2012,52,44.86,111.81
68201,Historical,237859,0,0,S,2,1,647216,41.95,2004,19,0,41.88
68203,Historical,618584,0,0,S,1,0,135684,109.4,2008,32,0,33.94
68204,Historical,613080,0,0,S,1,0,104740,79,1985,166,21.94,17.19
68205,Historical,661072,0,0,S,0,0,39565,100,2012,32,60.09,53.6
68206,Historical,1498549,0,0,S,0,0,47460,44.99,2014,17,31.45,30.29
68207,Historical,1498552,0,0,S,0,0,234427,52.99,2015,14,33.99,30.49
68208,Historical,621012,0,0,S,0,0,18280,69.99,2013,30,35.88,43.7
68209,Historical,51476,0,0,S,2,1,1262378,33.99,2004,86,100,26.99
68211,Historical,433597,0,0,S,3,1,836849,202,2010,31,4.92,136.33
68212,Historical,545196,1,2,S,2,1,48577,111.98,2012,45,112.42,72.4
68213,Historical,105007,0,0,S,3,1,785503,12.5,2006,27,150.8,23.99
68214,Historical,51672,0,0,S,2,1,1172806,149.82,2003,60,150.8,12.52
68215,Historical,533735,0,0,S,4,1,68260,59.59,2011,63,5.53,54.59
68216,Historical,109070,1,1,S,3,1,1236292,38.98,2006,58,5.53,43.97
68217,Historical,252565,1,1,S,3,1,595215,23.99,2007,58,0,0
68218,Historical,281975,1,1,S,2,1,1406,85,2011,73,47.98,51.15
68219,Historical,530006,1,4,S,2,1,1998,45,2011,57,19.36,24.49
68220,Historical,289770,0,0,S,2,1,52195,54.95,2010,55,34.36,32.76
68221,Historical,541238,0,0,S,3,1,6643,34,2008,78,20.22,21.89
68222,Historical,635657,0,0,S,0,0,81720,56.25,2012,46,0,46.98
68223,Historical,869034,0,0,S,3,1,623972,176,2013,7,37.95,183.99
68225,Historical,287462,1,2,S,3,1,93681,192.8,2011,61,44.98,60.94
68226,Historical,1751395,0,0,S,5,1,1552,16.94,2014,12,0,16.94
68227,Historical,119793,0,0,S,2,1,836173,202.4,1995,26,34.32,63.17
68228,Historical,639675,0,0,S,1,0,428421,95.95,2013,19,0,55.82
68230,Historical,287143,0,0,S,2,1,94250,85,2008,45,0,0
68231,Historical,118447,0,0,S,3,1,513135,70.95,2008,34,20.19,60.87
68232,Historical,110517,0,0,S,23,1,139717,64,2009,27,12.7,44.04
68233,Historical,247846,0,0,S,4,1,960745,66,2009,24,43.49,41.29
68234,Historical,547878,0,0,S,3,1,1307243,160,2000,57,0,12.97
68235,Historical,112108,0,0,S,1,0,240398,117,2001,58,0,23.75
68236,Historical,100798,0,0,S,2,1,1357303,129.5,1998,69,0,18.97
68237,Historical,614250,0,0,S,3,1,10609,31.05,2002,44,8.76,18.55
68238,Historical,2648120,0,0,S,1,0,1308055,54.95,2000,18,0,41.35
68239,Historical,120693,0,0,S,3,1,57835,145.4,2009,40,31.37,97.09
68240,Historical,541548,0,0,S,3,1,489543,71.95,2013,38,42.99,47.77
68241,Historical,268346,0,0,S,3,1,178103,89,2004,47,30.84,64.51
68242,Historical,244409,0,0,S,2,1,43132,84.95,2012,41,35.48,43.98
68243,Historical,421541,0,0,S,4,1,209517,161.6,2006,65,11.49,49.67
68244,Historical,615372,0,0,S,2,1,1647843,82.76,1998,32,11.49,37.55
68245,Historical,2261071,0,0,S,4,1,1069420,98.27,2007,22,11.49,106.77
68246,Historical,905664,0,0,S,4,1,1349253,39.95,1990,27,83.39,53.93
68247,Historical,2501686,0,0,S,2,1,1663786,99,2004,22,63.99,30.73
68248,Historical,919752,0,0,S,1,0,931321,94.15,2010,51,0,12.63
68249,Historical,613142,0,0,S,0,0,520344,131.55,1997,82,0,16.91
68250,Historical,644688,0,0,S,0,0,67556,112,2011,42,62.97,81.98
68251,Historical,115156,0,0,S,1,0,1143908,116.6,2000,27,21.09,28.92
68252,Historical,613100,0,0,S,0,0,625302,86.6,1998,82,0,18.95
68253,Historical,633831,0,0,S,2,1,350329,69.99,2012,24,48.9,51.96
68254,Historical,635744,0,0,S,0,0,1072653,98.64,2011,37,0,33.98
68255,Historical,529996,0,0,S,2,1,440058,18.99,2010,51,4,7.84
68256,Historical,845725,0,0,S,0,0,443032,80.6,1991,44,13.7,60.73
68257,Historical,843671,0,0,S,0,0,1048804,43.61,1984,28,13.7,56.41
68258,Historical,859537,1,2,S,0,0,88281,105.8,2007,172,13.7,48.98
68259,Historical,616592,1,11,S,0,0,1016853,89.44,1989,52,0,63.89
68260,Historical,572122,0,0,S,0,0,319488,105.8,2004,97,0,58.93
68261,Historical,620079,0,0,S,2,1,423073,59.95,2000,27,45.76,27.19
68262,Historical,612977,1,1,S,3,1,261860,77.47,2002,188,7.38,33.99
68264,Historical,100818,0,0,S,0,0,475555,150.5,2001,83,0,11.53
68265,Historical,770609,1,4,S,10,1,268119,119.55,2004,313,0,33.99
68266,Historical,618991,0,0,S,1,0,811244,111.1,2007,50,21.89,17.37
68267,Historical,597961,0,0,S,3,1,918343,88.95,2004,38,26.13,62.91
68269,Historical,640493,0,0,S,2,1,629580,62.95,2003,10,0,42.72
68270,Historical,564650,0,0,S,2,1,864758,75.95,2006,39,51.96,47.4
68271,Historical,902064,0,0,S,0,0,28210,90,2013,16,0,43.98
68272,Historical,665016,1,2,S,0,0,450,49.95,2013,19,0,25.73
68273,Historical,529993,0,0,S,2,1,307013,36.6,2012,38,24.85,27.74
68274,Historical,542832,0,0,S,6,1,603677,66,2011,34,43.18,63.94
68275,Historical,867153,0,0,S,9,1,358496,126.4,2014,24,104.8,77.99
68276,Historical,50481,0,0,S,8,1,1170707,181.47,2011,26,104.8,53.09
68277,Historical,529990,0,0,S,2,1,127762,70,2012,15,33.1,45.99
68278,Historical,622023,0,0,S,1,0,256326,30,2007,20,28.89,30
68279,Historical,904073,0,0,S,19,1,1336504,64.95,2013,16,13.49,63.23
68280,Historical,702076,0,0,S,3,1,218181,39,2011,17,0,0
68281,Historical,864990,0,0,S,2,1,1108668,42.95,2013,44,34.55,33.28
68282,Historical,336836,0,0,S,2,1,607666,39.95,2007,53,9.64,35.28
68284,Historical,1927393,0,0,S,2,1,1785525,41.95,2014,14,0,34.93
68285,Historical,173528,0,0,S,0,0,1150034,120,1995,81,0,12.64
68286,Historical,867217,1,1,S,5,1,221159,80.95,2014,49,37.89,47.99
68287,Historical,541000,0,0,S,4,1,34837,72.95,2013,76,27.87,46.97
68288,Historical,545708,0,0,S,8,1,16929,72.99,2013,93,21,35.56
68289,Historical,626641,0,0,S,3,1,35130,103.95,2013,63,36.94,61.99
68290,Historical,615039,0,0,S,3,1,364247,57.95,2004,67,4.75,21.98
68291,Historical,641972,0,0,S,3,1,18394,86.6,2013,66,40.59,63.61
68292,Historical,569749,0,0,S,2,1,741757,228.95,2000,31,0,0
68293,Historical,657994,0,0,S,4,1,555936,85,2013,20,19.85,66.98
68295,Historical,895427,0,0,S,2,1,1737987,39.95,2004,12,32.96,39.95
68297,Historical,285311,0,0,S,4,1,3827016,11.98,2006,35,53.2,11.98
68298,Historical,867125,0,0,S,3,1,18893,107.2,2014,68,54.61,63.98
68299,Historical,864532,1,1,S,3,1,141727,74.8,2014,67,23.67,56.2
68300,Historical,1865783,0,0,S,4,1,149829,19.99,2011,21,0,43.89
68301,Historical,1711343,0,0,S,2,1,104443,19.95,2008,18,0,19.15
68302,Historical,1781149,0,0,S,2,1,24390,40,2015,17,25.72,24.12
68303,Historical,631623,1,1,S,2,1,143664,50,2009,117,23.53,22.4
68304,Historical,587665,0,0,S,3,1,716166,161.95,2012,37,25.08,22.98
68305,Historical,543818,0,0,S,3,1,549798,165.95,2013,29,30.57,87.6
68306,Historical,766337,0,0,S,6,1,375287,48.95,2010,14,0,0
68307,Historical,856658,0,0,S,5,1,1192644,131.95,2006,29,31.5,79.25
68308,Historical,277994,0,0,S,2,1,688777,58.95,2005,19,0,107.99
68309,Historical,1756554,0,0,S,5,1,83889,50.86,2011,11,0,51.86
68310,Historical,902134,0,0,S,2,1,1078882,45.6,2014,14,40.16,41.3
68311,Historical,802715,0,0,S,4,1,1067504,34.99,2010,25,19.94,28.99
68313,Historical,706231,0,0,S,4,1,1024574,163.45,2010,36,0,28.95
68314,Historical,253865,1,1,S,2,1,225032,198.95,2011,80,0,22.38
68316,Historical,2134570,0,0,S,2,1,378140,59.99,2012,18,0,59.54
68317,Historical,116860,0,0,S,5,1,50688,149.2,2010,33,59.1,83.47
68318,Historical,529975,1,1,S,3,1,683508,73.75,2009,44,40.97,66.74
68319,Historical,859128,0,0,S,3,1,882776,118.6,2004,44,72,100.75
68322,Historical,269990,0,0,S,4,1,876011,208,2008,42,6.97,13.98
68323,Historical,1518945,0,0,S,5,1,234057,56.99,2014,13,45.98,38.15
68325,Historical,635942,0,0,S,1,0,1493231,121.6,2011,23,71.83,67.45
68327,Historical,665201,0,0,S,18,1,297082,42,2011,12,29.99,42
68329,Historical,738639,0,0,S,18,1,12710,42,2013,37,39.86,38.99
68331,Historical,1559618,0,0,S,1,0,1091466,45.95,2007,14,0,41.18
68332,Historical,1856399,0,0,S,2,1,41830,26.99,2006,42,18.7,17.98
68333,Historical,1856398,0,0,S,2,1,466723,22.99,2006,15,18.7,20.15
68334,Historical,644217,1,1,S,2,1,330807,165.95,2001,37,7.77,56.63
68335,Historical,541313,0,0,S,2,1,186658,115.95,2004,42,43.75,97.54
68336,Historical,613247,0,0,S,3,1,1210160,79.95,2008,65,4,13.98
68337,Historical,631531,0,0,S,0,0,129308,79.95,2011,14,0,46.68
68339,Historical,890362,0,0,S,0,0,885954,13.56,2010,4,13.92,13.56
68340,Historical,747764,1,2,S,4,1,18941,94.5,2014,66,20.99,43.98
68341,Historical,621003,1,8,S,4,1,53263,125,2013,55,43.29,67.35
68342,Historical,747765,1,30,S,4,1,21944,79.25,2014,92,20.99,39
68343,Historical,610444,1,1,S,4,1,649,66.75,2013,122,43.29,38.49
68344,Historical,154402,1,1,S,1,0,624317,81.25,2004,66,36.53,26.02
68345,Historical,747766,1,13,S,4,1,30914,79.25,2014,93,40.2,43.99
68346,Historical,747763,1,9,S,4,1,23115,125,2013,60,36.53,63.98
68347,Historical,630994,0,0,S,2,1,506626,70,2009,29,38.04,42.65
68348,Historical,649253,0,0,S,1,0,1145080,50.95,2004,29,0,16.92
68350,Historical,866340,0,0,S,3,1,287887,44.95,2011,22,26.95,32.72
68351,Historical,867687,0,0,S,3,1,45077,44.95,2013,66,28.39,30.88
68352,Historical,873227,0,0,S,2,1,1133711,73.96,2009,83,28.39,33.78
68353,Historical,613203,1,1,S,2,1,145092,33.95,2009,94,28.39,23.88
68354,Historical,897270,0,0,S,3,1,873734,43.95,2015,11,29.98,41.43
68355,Historical,866341,0,0,S,2,1,626182,43.95,2011,18,29.98,147.83
68356,Historical,2256588,0,0,S,2,1,1420655,44.43,2009,47,29.75,29.08
68357,Historical,775392,0,0,S,2,1,131768,44.95,2012,72,21.55,41.42
68358,Historical,614497,0,0,S,0,0,446208,33.95,2007,45,28.94,10.99
68359,Historical,633188,0,0,S,2,1,157565,43.95,2011,43,21.43,21.91
68360,Historical,2664426,0,0,S,5,1,5450324,99,1999,19,40.84,31.73
68361,Historical,615325,0,0,S,0,0,731611,114.5,2003,56,0,20.16
68362,Historical,547875,0,0,S,0,0,817099,113.75,2000,76,9.81,23.89
68363,Historical,112295,1,1,S,0,0,554253,121,2006,78,9.81,23.98
68364,Historical,112135,0,0,S,1,0,698587,113.75,2002,157,7.84,13.42
68365,Historical,112270,0,0,S,1,0,95783,112.75,2005,158,7.84,23.78
68368,Historical,708945,0,0,S,1,0,326703,121,2006,28,0,78.9
68370,Historical,614302,0,0,S,0,0,452031,115.5,2005,90,0,22.98
68371,Historical,613382,1,2,S,0,0,124883,112,2005,99,89.99,43.99
68372,Historical,551386,1,2,S,0,0,137942,158,2007,69,52.99,63.94
68373,Historical,112353,0,0,S,1,0,54319,152.25,2010,97,52.99,69.9
68374,Historical,551265,0,0,S,0,0,679300,114.5,2002,73,52.99,9.89
68376,Historical,551326,0,0,S,0,0,108469,152,2004,53,0,0
68377,Historical,706675,1,1,S,0,0,686239,107.5,2001,89,54.98,33.99
68378,Historical,285628,0,0,S,1,0,338530,170,2007,54,54.98,82.48
68379,Historical,630631,0,0,S,0,0,146010,171.25,2008,33,19.44,38.9
68380,Historical,709020,0,0,S,1,0,930001,109.32,2009,36,29.96,22.98
68381,Historical,627979,0,0,S,0,0,267363,168.25,2009,29,22.99,43.98
68382,Historical,551276,0,0,S,1,0,271820,124,2001,106,10.84,14.99
68383,Historical,616963,1,1,S,0,0,223172,160,2006,49,10.84,43.48
68384,Historical,112253,0,0,S,1,0,562342,60.25,2004,42,0,26.06
68386,Historical,529966,0,0,S,1,0,129416,127.5,2008,41,18.03,112.12
68387,Historical,112332,0,0,S,0,0,81403,127.5,2007,110,42.98,110.1
68388,Historical,100816,0,0,S,0,0,568293,147.5,1999,109,0,9.9
68389,Historical,635846,0,0,S,2,1,295974,159.25,2010,42,0,70.99
68390,Historical,613139,0,0,S,0,0,169342,122.25,2004,59,10.27,70.33
68391,Historical,708994,1,1,S,0,0,292520,124,2007,30,0,107.98
68392,Historical,616983,0,0,S,0,0,1211432,139.25,2001,38,0,18.26
68393,Historical,627977,1,1,S,0,0,303753,145.75,2005,47,0,21.99
68394,Historical,529965,1,1,S,2,1,424454,122.75,2004,51,10.55,69.51
68395,Historical,635864,0,0,S,1,0,554741,127.5,2007,22,0,85.25
68396,Historical,112174,0,0,S,1,0,1044714,100.2,2001,20,10.55,43.93
68397,Historical,551308,0,0,S,2,1,765000,114.24,2004,35,9.99,45.13
68399,Historical,631660,1,1,S,4,1,96913,105.75,2008,40,60.23,74.96
68400,Historical,112243,0,0,S,8,1,91398,46.95,2004,108,7.95,28.99
68401,Historical,626466,0,0,S,0,0,280259,111.25,2002,40,6.26,22.98
68402,Historical,514761,1,2,S,0,0,610851,179.75,2007,54,19.89,127.05
68403,Historical,551318,1,2,S,0,0,129390,133.5,2004,102,19.89,84.6
68404,Historical,112127,0,0,S,0,0,836506,175.75,2002,157,19.89,41.99
68406,Historical,613773,0,0,S,3,1,544828,104,2000,78,21.94,24.06
68407,Historical,789257,0,0,S,6,1,3400437,255,2004,18,243.17,90.39
68408,Historical,902691,0,0,S,2,1,655929,50.95,2013,16,115.17,40.99
68409,Historical,53533,0,0,S,4,1,3116610,13.44,2005,45,152.02,13.44
68410,Historical,615622,0,0,S,2,1,9811,79.95,2012,92,15.83,41.98
68412,Historical,110711,0,0,S,2,1,445166,72.58,2010,35,35.2,67.33
68413,Historical,626628,0,0,S,1,0,182282,138.6,2013,14,0,103.94
68414,Historical,567410,0,0,S,2,1,601855,234.95,2006,61,4.26,40.41
68415,Historical,865410,0,0,S,6,1,2081763,128.99,2006,22,86.68,48.29
68416,Historical,1590466,0,0,S,2,1,314393,49.99,2009,37,5.47,12.86
68417,Historical,642857,0,0,S,1,0,846427,54.95,2012,21,0,40.57
68418,Historical,539868,0,0,S,2,1,436289,59.95,2013,21,17.78,47.59
68419,Historical,116030,0,0,S,5,1,80248,107.2,2005,46,10.99,19.29
68420,Historical,868731,0,0,S,2,1,1774054,61.78,2006,37,80,37.22
68422,Historical,3056033,0,0,S,0,0,703920,20,2003,24,498.58,23.98
68423,Historical,162687,0,0,S,2,1,29197,95,2010,99,53.3,41.46
68424,Historical,145819,0,0,S,6,1,151454,162.8,2008,38,129.23,81.99
68425,Historical,664172,0,0,S,3,1,59607,105.6,2013,49,26.24,85.97
68426,Historical,1540577,0,0,S,1,0,1300969,52.95,2008,23,0,43.57
68427,Historical,132613,0,0,S,5,1,309904,170.8,2008,33,33.98,54.68
68428,Historical,385697,0,0,S,2,1,1159243,65,2006,50,33.88,41.83
68429,Historical,916020,0,0,S,3,1,4431004,86.6,2004,34,65.44,38.98
68430,Historical,663323,0,0,S,4,1,429193,80,2013,35,43.98,59.52
68431,Historical,110189,0,0,S,5,1,426679,59.03,2008,50,6.58,36.99
68432,Historical,552408,0,0,S,4,1,2381636,133.33,2004,42,145.77,4.8
68433,Historical,529952,1,7,S,4,1,56271,104,2010,53,35.96,59.5
68434,Historical,916516,0,0,S,4,1,51439,64.95,2014,32,37.98,41.55
68435,Historical,607730,1,1,S,4,1,718918,105.4,2007,36,76.94,30.56
68436,Historical,917842,0,0,S,2,1,69406,55,2014,40,28.04,40.99
68437,Historical,848853,0,0,S,7,1,1146084,66.76,1998,18,3.99,11.69
68438,Historical,621892,1,1,S,1,0,70706,252,2012,47,78.6,83.94
68439,Historical,183760,0,0,S,4,1,31859,160.95,2008,72,4,59.49
68440,Historical,106340,0,0,S,2,1,1077170,103,2006,27,6.24,67.76
68441,Historical,830613,0,0,S,5,1,383014,62.99,2003,39,13.93,22.49
68442,Historical,829753,0,0,S,5,1,166185,54.99,2000,30,13.93,52.7
68443,Historical,609788,0,0,S,5,1,1584528,65,2007,46,51.59,31.98
68444,Historical,869688,0,0,S,7,1,29293,65,2015,56,51.59,58.09
68445,Historical,572281,0,0,S,2,1,1747614,169.95,2007,37,21.65,23.99
68446,Historical,285398,0,0,S,10,1,346678,64.6,2008,42,0,47.12
68447,Historical,537617,0,0,S,15,1,101542,71.25,2012,51,43.24,55.99
68449,Historical,607010,0,0,S,12,1,599193,61,2008,42,0,14.98
68450,Historical,529947,0,0,S,14,1,384461,71.25,2011,35,18.87,53.88
68451,Historical,246277,0,0,S,3,1,451281,117.95,2009,45,46.49,38.98
68452,Historical,638564,0,0,S,3,1,1125640,78.95,2011,39,4,40.05
68453,Historical,608488,0,0,S,3,1,1840966,66,2004,66,31.49,11.99
68454,Historical,650011,0,0,S,1,0,71181,44.95,2010,39,40.36,34.13
68455,Historical,905408,1,1,S,2,1,198485,59.95,2015,29,40.44,37.68
68456,Historical,663313,0,0,S,2,1,596064,50,2013,29,30.77,28.74
68457,Historical,663437,1,3,S,4,1,920432,128.8,2013,18,61.98,118.5
68458,Historical,591684,0,0,S,1,0,79999,52.95,2009,35,0,34.24
68459,Historical,619354,0,0,S,2,1,353999,57.2,2010,43,4,18.98
68460,Historical,620862,0,0,S,2,1,74092,49.5,2005,19,0,39.54
68461,Historical,539841,0,0,S,3,1,5344,11.95,2013,85,8.6,7.49
68462,Historical,912879,0,0,S,0,0,1278484,115,2012,19,0,93.33
68463,Historical,609985,1,1,S,6,1,20640,112.95,2014,65,50.22,43.99
68464,Historical,529941,0,0,S,2,1,31107,39.95,2008,14,0,27.97
68465,Historical,722873,0,0,S,2,1,30036,24.95,2007,67,0,0
68466,Historical,609940,0,0,S,11,1,52462,89.95,2014,60,38.17,58.31
68467,Historical,2170119,0,0,S,6,1,476018,73,2014,9,0,45.34
68468,Historical,546391,0,0,S,2,1,641571,54.99,2008,16,12.37,57.99
68469,Historical,121566,0,0,S,1,0,700412,144,2010,39,0,19.19
68478,Historical,646859,1,6,S,1,0,417653,130,2013,29,0,0
68479,Historical,53887,0,0,S,3,1,706667,195.2,2009,167,0,6.77
68480,Historical,53885,0,0,S,3,1,276856,132.67,2007,127,0,6.49
68481,Historical,120184,0,0,S,1,0,818182,101.2,2010,57,0,9.95
68484,Historical,539300,1,3,S,2,1,258534,195.8,2012,170,0,17.43
68485,Historical,118973,0,0,S,1,0,498199,187.4,2010,238,0,8.98
68487,Historical,616444,1,13,S,1,0,3164,193.8,2013,113,0,0
68488,Historical,632016,0,0,S,1,0,489351,106.8,2013,33,0,27.71
68489,Historical,529938,0,0,S,1,0,959436,151.6,2010,93,4,25.99
68490,Historical,895598,0,0,S,3,1,1950037,41.12,2004,16,31.19,42.74
68491,Historical,2504081,0,0,S,1,0,170415,47.94,1978,29,18.53,48.94
68492,Historical,541346,0,0,S,2,1,525317,39.95,2010,37,9.8,34.58
68493,Historical,2154812,0,0,S,2,1,543569,63,2009,32,0,29.1
68494,Historical,613045,0,0,S,2,1,925173,16.72,2007,81,42.1,6.06
68495,Historical,560100,0,0,S,3,1,26822,72.25,2011,87,42.1,23.99
68496,Historical,544096,0,0,S,5,1,87227,20.95,2013,29,18.99,15.44
68497,Historical,617643,0,0,S,16,1,1080186,100,2010,44,0,12.97
68498,Historical,211767,0,0,S,2,1,220683,24.95,2006,40,0,17.99
68499,Historical,631911,0,0,S,0,0,250552,38.95,1996,20,17.96,31.25
68500,Historical,293156,0,0,S,22,1,1857164,135,2003,34,95.15,32.99
68501,Historical,532091,0,0,S,24,1,141860,189,2011,31,101.8,65.99
68502,Historical,640709,0,0,S,21,1,3808941,129,1999,21,95.15,30.58
68503,Historical,529930,0,0,S,0,0,420280,0,2005,19,4.77,17.61
68505,Historical,762048,0,0,S,3,1,870711,21.99,2006,112,8.32,9.1
68506,Historical,617933,0,0,S,2,1,67010,49.95,2012,52,36.61,45.35
68509,Historical,864659,0,0,S,6,1,144345,86.2,2014,37,48.99,79.63
68510,Historical,612301,1,1,S,6,1,20383,120.8,2014,48,43.58,86.43
68511,Historical,652257,0,0,S,1,0,212391,121.2,2013,22,0,95.86
68512,Historical,1741440,0,0,S,3,1,324141,74.25,2011,14,0,151.45
68513,Historical,1595528,0,0,S,22,1,78465,45,2010,18,0,102.74
68514,Historical,863088,1,1,S,20,1,640573,35.95,2003,33,33.7,62.09
68515,Historical,146291,1,2,S,22,1,6417,62.6,2009,159,58.56,24.37
68516,Historical,529925,0,0,S,3,1,117649,34.99,2009,47,8.25,7.98
68518,Historical,614368,1,1,S,5,1,11135,39.99,1992,93,8.73,12.61
68519,Historical,125883,0,0,S,1,0,416525,99,1998,129,0,25.99
68520,Historical,552616,0,0,S,1,0,107183,56,2003,18,0,43.98
68521,Historical,2648479,0,0,S,1,0,1337339,51.95,1998,22,0,35.16
68522,Historical,724506,0,0,S,1,0,1010776,29.95,2009,43,18.04,22.99
68525,Historical,617400,1,1,S,2,1,105746,95.5,2007,53,17.85,39.98
68526,Historical,154014,0,0,S,2,1,803014,10.99,2009,57,35.18,9.15
68527,Historical,536320,0,0,S,4,1,15425,15.97,2013,49,35.18,10.99
68528,Historical,153806,0,0,S,3,1,208861,8.49,2011,94,35.18,5.99
68529,Historical,903709,1,1,S,5,1,9969,41.75,2015,29,35.18,28.87
68530,Historical,619444,0,0,S,2,1,263567,49,2003,49,21.99,33.97
68531,Historical,246582,0,0,S,4,1,1368375,52.95,2008,39,11.93,35.48
68534,Historical,534522,0,0,S,3,1,138172,73,2012,34,48.99,52.99
68535,Historical,52443,0,0,S,3,1,2397317,33.99,2004,42,23.99,32.29
68536,Historical,644417,0,0,S,7,1,366997,50,2013,29,0,33.85
68537,Historical,120951,0,0,S,6,1,569108,94.6,2007,18,124.97,33.99
68538,Historical,285395,0,0,S,8,1,1302410,81.83,2010,33,4.73,47.95
68540,Historical,117588,0,0,S,5,1,1334705,69.33,2003,45,28.99,9.97
68541,Historical,133453,1,1,S,24,1,355047,171.8,2010,37,43.94,94.61
68542,Historical,861755,0,0,S,4,1,224739,65,2013,22,74.29,48.98
68543,Historical,649695,0,0,S,16,1,920746,168.73,2012,26,0,602.99
68544,Historical,133431,0,0,S,11,1,624588,139.2,2010,43,7.77,602.84
68545,Historical,56023,0,0,S,10,1,241444,117.6,2008,57,7.77,32.32
68546,Historical,133383,1,1,S,11,1,143068,139.2,2011,98,7.77,26.94
68547,Historical,56027,0,0,S,9,1,1049706,97.2,2007,44,7.77,22.22
68548,Historical,540095,1,1,S,16,1,31556,161.4,2012,67,112.59,73.89
68549,Historical,1455577,1,1,S,16,1,60740,126.33,2015,18,0,98.26
68550,Historical,116294,0,0,S,13,1,413774,106.63,2007,49,13.7,43.48
68551,Historical,550464,0,0,S,1,0,61274,249.5,2012,73,41.77,13.99
68552,Historical,529919,0,0,S,2,1,320017,39.95,2009,74,26.05,24.83
68553,Historical,607187,0,0,S,7,1,4525025,138.4,2002,25,156.04,19.77
68554,Historical,254175,0,0,S,2,1,602780,69.95,2010,54,53.99,73.99
68555,Historical,351913,0,0,S,4,1,2786655,180,2008,15,113.99,108.19
68556,Historical,2460490,0,0,S,1,0,142184,17,2005,117,45.55,8.26
68557,Historical,3557848,0,0,S,10,1,3988252,208,1999,13,0,135.15
68558,Historical,2653358,0,0,S,3,1,587992,156.95,1991,36,35.19,80.44
68559,Historical,772013,0,0,S,4,1,92723,141.95,2005,39,10.97,55.95
68560,Historical,862609,1,2,S,3,1,1317980,138.95,1995,39,10.97,18.99
68561,Historical,608843,1,1,S,5,1,488943,139.95,1995,40,13.92,82.31
68562,Historical,608838,0,0,S,4,1,2706999,33.56,1991,23,13.92,33.94
68563,Historical,630673,0,0,S,2,1,517493,46.2,2008,19,4.42,43.15
68564,Historical,546744,0,0,S,4,1,32041,21.99,2012,51,12.76,14.87
68565,Historical,899105,0,0,S,49,1,1826680,54.95,2014,27,30.71,34.57
68566,Historical,861394,0,0,S,48,1,2222599,54.95,2013,27,30.71,7.98
68567,Historical,905469,0,0,S,49,1,1578308,54.95,2014,26,17.27,34.81
68568,Historical,1679856,0,0,S,49,1,1945245,54.95,2014,25,5.46,29.74
68570,Historical,863884,0,0,S,2,1,356341,39.95,2010,67,33.99,7.49
68571,Historical,297851,0,0,S,1,0,628271,28.99,2008,55,33.99,12.52
68574,Historical,2095776,0,0,S,2,1,572661,49.99,2014,20,0,29.45
68575,Historical,863065,0,0,S,2,1,60991,152.95,2002,44,0,0
68576,Historical,863064,0,0,S,2,1,478928,168.95,2006,17,0,95.77
68577,Historical,619829,1,3,S,2,1,120893,65.95,2007,42,53.73,51.96
68578,Historical,301297,0,0,S,0,0,155294,43.95,2005,25,0,31.39
68579,Historical,2170905,1,1,S,3,1,68115,52.95,2013,19,0,24.6
68580,Historical,616711,1,1,S,0,0,903211,49.95,2004,31,0,35.17
68581,Historical,603566,1,1,S,0,0,190235,51.95,2003,29,0,35.18
68586,Historical,297996,0,0,S,2,1,297238,145.95,2005,52,15.07,73.11
68588,Historical,802402,0,0,S,4,1,113209,74.95,2007,39,19.99,23.98
68589,Historical,614950,1,4,S,4,1,354224,74.95,2006,38,0,28.3
68590,Historical,637236,0,0,S,4,1,887133,59.95,2007,39,0,16.47
68591,Historical,613660,0,0,S,4,1,346950,74.95,2007,69,5.89,23.98
68592,Historical,615451,0,0,S,3,1,1716577,47.95,2000,35,5.89,9.96
68594,Historical,1589421,0,0,S,2,1,52515,36.25,2010,45,24.53,22.22
68595,Historical,552796,0,0,S,2,1,265027,45.32,2012,27,0,25
68596,Historical,552797,0,0,S,2,1,20202,45.32,2012,16,0,26
68597,Historical,552798,0,0,S,2,1,86384,45.32,2012,17,0,37.8
68598,Historical,865079,0,0,S,2,1,153866,55.13,2009,39,12.99,38.98
68600,Historical,224369,0,0,S,3,1,1181155,37.95,2000,48,46.44,28.94
68601,Historical,666563,0,0,S,5,1,1293415,73.95,2009,4,0,48.89
68602,Historical,859878,0,0,S,5,1,816797,37.95,2009,20,29.43,37.94
68604,Historical,529904,0,0,S,3,1,48821,43.25,2009,29,13.57,26.37
68605,Historical,770858,0,0,S,2,1,625640,61.95,2004,22,0,29.98
68606,Historical,863197,0,0,S,2,1,488651,61.95,2004,46,0,32.82
68607,Historical,287737,0,0,S,2,1,281032,22.95,2009,35,24.39,18.88
68608,Historical,1590116,0,0,S,2,1,297840,47.75,2009,45,25.46,24.78
68609,Historical,647018,1,4,S,2,1,86698,61.88,2012,31,0,0
68610,Historical,617932,0,0,S,2,1,80252,61.88,2012,64,18.33,22.52
68611,Historical,625634,0,0,S,2,1,24264,61.88,2012,63,0,0
68612,Historical,619316,1,1,S,2,1,26057,61.88,2012,32,0,0
68614,Historical,529902,0,0,S,4,1,237504,49.95,2008,25,23.73,31.47
68615,Historical,2397548,0,0,S,3,1,814643,76.95,1996,47,12.61,27.39
68616,Historical,647029,0,0,S,1,0,363423,78.4,2012,19,0,49.98
68617,Historical,546781,1,1,S,15,1,15262,63.99,2012,83,32.98,69.62
68618,Historical,641486,0,0,S,4,1,513790,69.95,2010,25,0,0
68619,Historical,238336,0,0,S,13,1,68886,39.99,2010,78,19.74,9.97
68620,Historical,652325,0,0,S,14,1,3403,39.99,2013,30,19.74,19.8
68621,Historical,238335,0,0,S,12,1,851996,35,2007,110,19.74,6.24
68622,Historical,202269,0,0,S,4,1,87182,215.95,2003,91,5.17,60.03
68623,Historical,691722,0,0,S,3,1,2051510,74.95,1997,31,112.43,10.94
68624,Historical,260401,0,0,S,1,0,313054,55,2008,25,0,0
68625,Historical,625638,0,0,S,2,1,17874,65,2012,48,43.99,43.99
68626,Historical,120681,0,0,S,1,0,177344,79,2009,38,0,83.98
68627,Historical,1575418,1,1,S,1,0,119860,61.25,2012,19,0,54.68
68628,Historical,165067,0,0,S,3,1,651240,75,2000,49,19.46,40.11
68629,Historical,710214,0,0,S,5,1,3221152,83,1999,32,18.98,24.46
68630,Historical,113561,0,0,S,6,1,95189,147,2002,27,18.98,45.07
68631,Historical,621148,0,0,S,2,1,658736,89,2010,37,43.61,64.55
68632,Historical,116779,0,0,S,2,1,514178,114.2,2004,25,16.98,73.03
68633,Historical,529898,0,0,S,4,1,974339,25.6,2008,62,3.99,4.95
68634,Historical,547316,0,0,S,4,1,1665011,89.95,2012,21,65.33,53.21
68635,Historical,616024,1,1,S,3,1,8748,42.99,2012,93,20.92,11.93
68636,Historical,205870,0,0,S,2,1,322316,38,2004,36,17.99,30.1
68637,Historical,863735,0,0,S,2,1,648815,49.99,2009,37,28.33,29.99
68638,Historical,864530,0,0,S,4,1,80684,60,2015,24,35.99,33.97
68639,Historical,863723,0,0,S,2,1,971423,39.95,2009,48,0,24.98
68640,Historical,864918,0,0,S,2,1,52849,44.99,2015,15,0,32.48
68641,Historical,621142,0,0,S,1,0,109436,42.95,2009,47,0,21.98
68644,Historical,159472,0,0,S,2,1,624564,55.95,2006,32,0,0
68645,Historical,546819,0,0,S,8,1,280612,19.99,2013,62,0,0
68646,Historical,550017,0,0,S,3,1,174627,29.05,2004,48,17.61,27.05
68650,Historical,3212489,0,0,S,0,0,657,47.93,2004,0,0,33.44
68652,Historical,124055,0,0,S,6,1,258819,279.95,1999,73,29.22,24.69
68653,Historical,2323679,0,0,S,4,1,1902083,129.06,1969,39,29.22,58.04
68654,Historical,2316825,0,0,S,5,1,673403,68.5,1991,40,29.22,39.43
68655,Historical,619530,0,0,S,1,0,536898,76.04,1991,31,4.98,50.63
68656,Historical,722965,0,0,S,1,0,436971,50,2011,28,0,30
68658,Historical,2655132,0,0,S,3,1,540390,83.2,1998,28,0,49.11
68659,Historical,619070,0,0,S,0,0,284817,48.95,1995,43,0,27.89
68660,Historical,697637,0,0,S,2,1,773454,49.75,1997,24,6.64,65.71
68661,Historical,612614,0,0,S,4,1,19382,52.95,2013,33,35.94,31.87
68662,Historical,612334,0,0,S,4,1,17873,52.95,2013,50,28.99,31.94
68663,Historical,858358,0,0,S,3,1,22610,52.95,2014,34,45.2,33.97
68664,Historical,612753,0,0,S,4,1,8453,52.95,2013,50,33.19,36.93
68665,Historical,863093,0,0,S,2,1,767516,47.95,2003,56,4,7.98
68666,Historical,867468,1,1,S,3,1,74722,52.95,2014,25,39.67,44.99
68667,Historical,549817,0,0,S,3,1,509822,64.97,2001,55,6.64,43.94
68668,Historical,529885,0,0,S,2,1,611847,48.95,2009,27,39.78,41.35
68669,Historical,848185,0,0,S,2,1,2640368,66,1997,44,81.28,23.98
68670,Historical,616999,0,0,S,2,1,55696,55,1992,43,0,39.72
68673,Historical,550068,0,0,S,4,1,659702,67.4,2004,14,0,90.97
68674,Historical,175122,0,0,S,1,0,743178,39.99,2008,22,35.89,29.97
68675,Historical,622860,0,0,S,5,1,863164,131.95,1996,46,12.32,52.21
68676,Historical,639539,0,0,S,27,1,393396,59.99,1994,18,98.94,102.63
68677,Historical,897277,0,0,S,3,1,432319,39.95,2014,32,40.47,27.98
68678,Historical,541324,0,0,S,3,1,1705034,64.95,2008,54,12.61,44.98
68679,Historical,114848,0,0,S,1,0,1107492,90,2001,40,0,67.24
68680,Historical,721046,0,0,S,0,0,909686,50,2003,17,0,26.36
68681,Historical,157426,0,0,S,4,1,422884,47.95,2007,42,3.4,30.88
68682,Historical,874086,0,0,S,4,1,602127,85,1991,28,112.66,39.98
68683,Historical,315734,0,0,S,5,1,585759,128.33,1998,28,112.66,88.31
68684,Historical,166309,0,0,S,2,1,2893612,153,1997,24,67.99,49.69
68685,Historical,106728,0,0,S,9,1,79027,92,2011,55,42.84,48.99
68686,Historical,637537,1,4,S,11,1,496695,309.75,2013,43,32.98,183.98
68687,Historical,613969,1,2,S,11,1,577633,323.75,2010,48,32.98,46.85
68688,Historical,110028,1,18,S,11,1,200061,234.75,2010,101,4.99,13.49
68689,Historical,111042,0,0,S,10,1,1244895,9.95,2007,44,4.99,16.72
68690,Historical,108802,0,0,S,10,1,754128,156,2006,25,4.99,23.98
68691,Historical,111236,1,1,S,11,1,64908,131.25,2010,55,0,0
68692,Historical,111305,1,1,S,11,1,481134,205.75,2010,21,10.19,38.99
68693,Historical,615512,1,3,S,11,1,467221,219.25,2010,35,27.5,77.59
68694,Historical,56705,0,0,S,11,1,21399,140.75,2010,130,63.18,68.98
68695,Historical,108644,1,1,S,9,1,599769,60.25,2003,27,63.18,29.95
68696,Historical,2336567,1,1,S,2,1,170510,74,1971,21,0,93.02
68699,Historical,609366,0,0,S,4,1,23830,55,2008,52,28.97,40.99
68700,Historical,2528714,0,0,S,2,1,2776409,29.95,1991,22,39,46.03
68701,Historical,656226,0,0,S,2,1,741436,42.95,2010,14,0,37.09
68702,Historical,529875,0,0,S,8,1,530496,95.95,2010,24,52.94,55.98
68703,Historical,617473,0,0,S,7,1,744372,133.33,1992,60,0,19.98
68704,Historical,615908,0,0,S,8,1,355449,113.33,1997,33,0,73.24
68705,Historical,2162423,0,0,S,2,1,57122,59.99,2015,15,0,22.94
68707,Historical,644302,0,0,S,3,1,1120487,79.95,1986,27,81.98,68.77
68708,Historical,647132,0,0,S,1,0,56263,59.95,2012,13,0,35.94
68709,Historical,763552,0,0,S,3,1,2057479,117.95,1998,56,104.8,10.73
68710,Historical,271169,0,0,S,4,1,39243,75.95,2011,83,47.75,58.36
68711,Historical,2163031,0,0,S,4,1,1100664,58,2011,21,19.74,57.01
68712,Historical,1718262,0,0,S,5,1,804166,70,2008,23,0,71.39
68713,Historical,652338,0,0,S,2,1,45298,49.99,2013,37,25.05,23.99
68714,Historical,620972,0,0,S,3,1,557485,201.95,1990,45,37.91,48.66
68715,Historical,2647432,0,0,S,2,1,309954,100.95,2001,18,0,38.99
68716,Historical,765671,0,0,S,4,1,188680,73.95,2014,31,32.3,58.88
68717,Historical,3748919,0,0,S,2,1,35485,40,2015,13,0,20
68718,Historical,120066,0,0,S,1,0,376397,103,2009,34,65.48,98.54
68719,Historical,127598,0,0,S,3,1,239176,46.5,2010,47,35.32,31.32
68720,Historical,770831,0,0,S,7,1,567907,69.95,2004,32,38.9,98.99
68721,Historical,848967,0,0,S,3,1,2863271,111,1998,35,3.99,18
68722,Historical,626527,0,0,S,2,1,223409,64.95,1997,39,17.41,50.43
68724,Historical,660833,0,0,S,2,1,68996,114.95,2013,23,21.99,91.39
68725,Historical,633754,0,0,S,2,1,352753,115.95,2014,36,0,68.98
68726,Historical,131427,0,0,S,6,1,491477,161.6,2000,41,8.18,86.37
68727,Historical,56019,0,0,S,5,1,1558359,66.95,1997,72,126.81,17.99
68728,Historical,616599,0,0,S,2,1,169040,122.95,1982,47,28.93,61.19
68729,Historical,183506,0,0,S,2,1,586526,356.95,2006,26,0,0
68730,Historical,788107,0,0,S,2,1,1582466,129.95,2000,22,93.14,7.98
68732,Historical,3070005,0,0,S,3,1,16429,45,2000,30,27.14,27.69
68735,Historical,568768,0,0,S,2,1,646661,54.99,2004,30,0,25.81
68736,Historical,534650,0,0,S,2,1,81377,41.95,2012,62,35.02,28.48
68737,Historical,232065,0,0,S,2,1,391862,99,2003,75,34.54,45.37
68738,Historical,1836029,1,1,S,18,1,312810,19.99,2014,19,0,35.25
68739,Historical,1438114,1,1,S,3,1,685232,27,2006,28,0,89.1
68740,Historical,834963,0,0,S,2,1,2028696,203,2003,18,0,84.2
68742,Historical,125728,0,0,S,2,1,983597,148.95,1997,27,130.62,91.61
68744,Historical,2137797,0,0,S,0,0,446894,40,2011,24,10.89,23.97
68745,Historical,863583,0,0,S,2,1,256250,41,2008,14,0,0
68746,Historical,899222,0,0,S,2,1,248871,49.95,2013,19,5.24,49.95
68747,Historical,620827,0,0,S,2,1,1057607,56.95,2007,39,7.98,20.76
68748,Historical,2105451,0,0,S,5,1,85391,65.95,2013,11,0,43.28
68749,Historical,577044,0,0,S,3,1,3512093,89.95,2002,31,88.71,8.99
68750,Historical,56011,0,0,S,6,1,2133816,58,2002,49,52.79,11.96
68751,Historical,552927,0,0,S,2,1,181678,52.6,2011,25,10.09,48.96
68752,Historical,117379,0,0,S,4,1,559677,73.6,2006,22,9.98,102.37
68753,Historical,617802,0,0,S,3,1,890805,103.77,2013,31,0,0
68755,Historical,121289,0,0,S,2,1,321100,48,2010,30,25.87,40.99
68757,Historical,637613,0,0,S,2,1,1757657,69.95,2013,15,50.9,73.49
68758,Historical,764989,0,0,S,2,1,1988888,42.95,2002,40,51.6,15.69
68759,Historical,663762,0,0,S,5,1,17953,104.95,2014,82,51.6,65.98
68760,Historical,2318378,0,0,S,5,1,507000,81.95,1993,69,75.18,14.79
68761,Historical,286824,0,0,S,3,1,201741,70,2000,54,6.92,44.66
68762,Historical,529862,0,0,S,2,1,305191,39.99,2012,20,24.99,27.57
68763,Historical,110574,0,0,S,7,1,447029,58.5,2009,34,27.39,37.02
68764,Historical,890754,0,0,S,8,1,17715,49.95,2013,72,42.55,47.45
68765,Historical,660672,0,0,S,1,0,70503,114.2,2013,28,0,93.99
68766,Historical,529858,0,0,S,3,1,112962,90,2011,37,35.02,59.95
68767,Historical,544808,0,0,S,4,1,817974,193.95,2013,44,11.28,43.77
68768,Historical,157039,0,0,S,2,1,82227,104.95,2005,36,18.38,47.74
68769,Historical,607899,0,0,S,4,1,321332,64.99,2003,31,12.44,44.99
68770,Historical,574733,0,0,S,4,1,1364558,32.5,2007,35,15.99,8.99
68771,Historical,574812,0,0,S,5,1,677422,51,2011,27,15.99,33.99
68772,Historical,539378,0,0,S,10,1,13007,49.4,2013,81,26.74,28.98
68773,Historical,56448,0,0,S,6,1,1855980,40,2002,38,26.74,4.01
68774,Historical,529856,0,0,S,3,1,383587,95.93,2012,34,35.99,34.97
68775,Historical,244232,0,0,S,9,1,79315,38.95,2012,61,21.07,26.83
68776,Historical,572205,0,0,S,7,1,164804,19.95,2005,101,21.07,6.75
68777,Historical,544169,0,0,S,4,1,216939,89.95,2012,56,48.49,55.23
68779,Historical,544441,0,0,S,3,1,94620,141.95,2013,29,65.26,67.99
68780,Historical,404565,0,0,S,8,1,283226,77.95,2008,44,0,0
68781,Historical,529853,1,1,S,8,1,434821,57.95,2011,39,44.35,34.97
68782,Historical,243911,0,0,S,4,1,86890,212.95,2011,53,53.9,27.74
68783,Historical,184023,0,0,S,5,1,447759,157.95,2005,44,10.63,53.94
68785,Historical,276124,1,1,S,2,1,235053,99,2003,69,0,25.94
68786,Historical,276125,0,0,S,2,1,1229777,99,2003,39,0,33.91
68787,Historical,622804,0,0,S,2,1,532288,58.95,2002,28,23.92,49.24
68788,Historical,1786353,0,0,S,2,1,183666,49.95,2015,9,52.27,37.94
68789,Historical,539437,0,0,S,4,1,98951,35.4,2013,42,14.15,28.27
68790,Historical,658297,1,1,S,3,1,317491,95,2013,38,26.79,60.08
68791,Historical,861232,0,0,S,6,1,1209124,55.95,2013,20,36.97,26.07
68792,Historical,529848,0,0,S,8,1,365685,48.8,2002,33,17.74,37.28
68793,Historical,2697268,0,0,S,5,1,9278663,69.95,1996,11,63.52,56.52
68794,Historical,862880,0,0,S,5,1,2718620,45.95,2000,28,61.34,50.73
68795,Historical,1780673,0,0,S,2,1,84150,70,2014,12,43.99,52.66
68796,Historical,547203,0,0,S,5,1,228,65.95,2013,164,27.13,32.43
68797,Historical,529841,0,0,S,2,1,321822,38.95,2009,30,19.87,57.56
68798,Historical,216974,0,0,S,3,1,552078,44.95,2011,21,39.93,42.87
68799,Historical,529839,0,0,S,4,1,126911,217.95,2007,56,31.24,71.96
68800,Historical,868120,0,0,S,3,1,38156,56.4,2015,17,52.37,51.99
68801,Historical,243808,1,1,S,2,1,184664,89.95,2011,33,39.03,61.99
68802,Historical,181334,0,0,S,6,1,931319,150.2,1996,37,5.83,66.76
68803,Historical,542033,0,0,S,12,1,395216,80.95,2009,24,8.76,296.19
68806,Historical,1587315,0,0,S,3,1,43232,45,2006,71,23.88,31.99
68807,Historical,663320,0,0,S,5,1,113728,70,2013,15,0,0
68808,Historical,779002,0,0,S,0,0,926264,7.15,2011,79,0,0
68809,Historical,617027,1,8,S,2,1,34403,146.99,2013,29,0,0
68810,Historical,637047,1,1,S,4,1,307459,73,2010,31,38.5,46.94
68811,Historical,1736846,0,0,S,0,0,122019,199.75,2015,42,144.99,175.45
68812,Historical,862977,0,0,S,4,1,3089583,118.95,2001,34,91.24,40.21
68814,Historical,108437,0,0,S,4,1,764538,63.61,2006,29,7.01,45.07
68815,Historical,851648,0,0,S,3,1,2408076,55.05,2000,44,7.01,42.9
68817,Historical,618167,0,0,S,1,0,476637,34.99,2009,60,0,38.98
68818,Historical,784303,0,0,S,2,1,129885,24.99,2005,107,12.98,21.18
68820,Historical,153227,0,0,S,1,0,24034,29.95,2005,128,4.92,17.94
68822,Historical,914268,0,0,S,1,0,71167,20.99,2004,30,22.91,24.64
68823,Historical,871190,0,0,S,3,1,45665,39.99,2015,20,39.6,28.76
68824,Historical,2254549,1,1,S,12,1,3016636,105.98,2009,17,72.48,96.85
68825,Historical,663853,0,0,S,2,1,229736,49.99,2013,64,28.98,29.49
68826,Historical,864518,1,1,S,7,1,54811,45,2014,63,34.31,29.48
68827,Historical,617711,0,0,S,3,1,478865,124.4,2000,35,0,0
68828,Historical,175268,0,0,S,2,1,663621,34.99,2000,35,7.51,33.94
68829,Historical,628858,0,0,S,1,0,108315,149.95,2006,29,0,63.53
68830,Historical,614910,0,0,S,3,1,1508053,52.95,1998,40,0,18.49
68831,Historical,622245,0,0,S,3,1,289843,55,2006,35,16.94,30.99
68832,Historical,652500,0,0,S,2,1,42759,59.99,2012,32,43.29,40.99
68833,Historical,268121,0,0,S,2,1,6954,49.95,2008,116,23.94,26.79
68834,Historical,623499,0,0,S,1,0,431198,57,2009,23,0,0
68835,Historical,538206,0,0,S,2,1,780211,55,2009,28,18.88,25.91
68836,Historical,663595,0,0,S,2,1,436772,50,2013,17,0,0
68837,Historical,860073,0,0,S,3,1,530761,53,2010,23,22.44,21.2
68838,Historical,1437463,0,0,S,3,1,309473,60,2015,19,32.98,35.39
68839,Historical,683757,0,0,S,3,1,395128,29.99,2010,45,0,0
68840,Historical,896738,0,0,S,4,1,6201,49.99,2015,28,27.92,28.99
68841,Historical,914904,0,0,S,2,1,932725,49.99,2010,29,27.92,28.49
68842,Historical,2095817,0,0,S,2,1,221113,49.99,2014,21,37.77,31.8
68844,Historical,630569,0,0,S,2,1,215310,35.95,2012,49,16.73,37.26
68847,Historical,545471,0,0,S,4,1,887381,65.95,2013,16,67.19,53.45
68848,Historical,347456,0,0,S,2,1,622436,11,2005,91,0,30.54
68849,Historical,871139,0,0,S,2,1,321987,39.38,1992,119,0,17.64
68850,Historical,2552088,0,0,S,3,1,959785,40,1990,19,0,68.99
68851,Historical,159535,0,0,S,2,1,2111353,69.95,1996,18,65.67,26.71
68852,Historical,132090,0,0,S,1,0,83448,66.2,2006,21,0,50.68
68855,Historical,893141,0,0,S,2,1,183587,69.99,2015,11,62.32,44.47
68856,Historical,621001,1,4,S,1,0,181767,98.6,2013,51,61.29,66.99
68857,Historical,600586,0,0,S,1,0,731190,53,2010,33,35.4,41
68859,Historical,638114,0,0,S,2,1,468541,170,2011,17,24.05,35.39
68860,Historical,697595,0,0,S,2,1,1400966,140,2000,30,28.93,33.95
68861,Historical,131596,1,1,S,3,1,201349,95,2002,48,51.44,39.74
68862,Historical,290708,0,0,S,2,1,505023,90,2006,51,10.2,43.99
68863,Historical,541203,0,0,S,2,1,1273663,119,2008,30,0,0
68864,Historical,612715,0,0,S,0,0,63976,50,2013,26,45.13,34.89
68865,Historical,271096,0,0,S,2,1,47172,72,2011,31,62.43,47.19
68866,Historical,107168,0,0,S,10,1,187335,155.75,2000,35,0,41.99
68867,Historical,247682,0,0,S,2,1,356491,96,2006,24,39.56,46.28
68868,Historical,166100,0,0,S,2,1,2709884,183.95,1997,20,8.98,41.99
68869,Historical,789178,0,0,S,6,1,5297490,54.95,2003,22,6.83,4
68870,Historical,789591,0,0,S,7,1,2653300,64.95,2007,21,6.83,11.51
68871,Historical,863362,0,0,S,2,1,371480,54.99,2006,30,47.47,44.78
68872,Historical,538268,0,0,S,4,1,637263,161,2012,30,35.8,43.21
68873,Historical,640029,0,0,S,2,1,640867,99.95,1994,12,35.8,30.94
68874,Historical,248189,0,0,S,2,1,715570,185,2011,23,7.12,91.15
68875,Historical,545724,0,0,S,7,1,300525,70.99,2013,21,31.98,33.1
68876,Historical,188005,0,0,S,5,1,1084721,85.95,2001,23,94.46,48.8
68877,Historical,573512,0,0,S,4,1,4250023,70,1994,22,94.46,38.99
68878,Historical,860027,0,0,S,11,1,1388091,66,2010,24,22.93,12.99
68879,Historical,147356,1,1,S,4,1,955395,60.95,2006,21,24.8,47.79
68880,Historical,546772,0,0,S,7,1,6893,59.95,2013,55,34.13,32.15
68881,Historical,294392,0,0,S,3,1,309164,63.95,2001,77,37.98,43.95
68882,Historical,865234,0,0,S,3,1,61069,100,2014,22,55.04,62.13
68884,Historical,870168,0,0,S,2,1,592345,57.45,2006,31,4.42,35.82
68885,Historical,529816,0,0,S,2,1,799929,161,2012,24,30.94,42.98
68886,Historical,267321,0,0,S,2,1,117156,49.95,2006,28,0,0
68887,Historical,566646,0,0,S,2,1,5527994,165,1992,15,65.99,39.95
68888,Historical,2128831,0,0,S,3,1,2455912,68,2009,9,156.65,47.96
68889,Historical,127585,0,0,S,6,1,51455,69.95,2010,53,22.97,55.18
68890,Historical,1590732,0,0,S,4,1,4105969,55,2010,14,47.05,55
68891,Historical,213252,0,0,S,2,1,1034600,130.95,2006,26,83.92,113.19
68894,Historical,268338,0,0,S,2,1,209781,49,2004,26,43.99,11.04
68895,Historical,2390413,0,0,S,4,1,9573726,74,1997,13,93.49,91.25
68896,Historical,166877,0,0,S,2,1,2354616,177,2004,23,11.65,56.67
68897,Historical,789676,0,0,S,4,1,1656598,69.99,2008,48,4,13.07
68898,Historical,627421,0,0,S,2,1,290310,69.99,2010,32,50.08,53.94
68899,Historical,534514,0,0,S,0,0,645608,54.95,2011,11,0,33.3
68900,Historical,296196,0,0,S,2,1,483237,68.95,2006,24,0,0
68901,Historical,867632,1,1,S,5,1,28835,87.99,2014,19,37.76,57.47
68902,Historical,649308,0,0,S,4,1,702590,94.95,2001,49,20.99,43.92
68903,Historical,162778,0,0,S,1,0,1374103,85,2010,13,0,127.67
68904,Historical,1718598,0,0,S,4,1,257980,95,2013,24,0,59.94
68906,Historical,192434,0,0,S,2,1,864393,53.95,2003,18,35.97,68.43
68907,Historical,904262,0,0,S,2,1,3286711,95,1997,21,58.76,11.56
68908,Historical,862574,1,1,S,2,1,245351,29.95,1994,26,5.35,28.98
68909,Historical,163824,0,0,S,2,1,1316942,350,1997,24,156.25,93.1
68910,Historical,162861,0,0,S,3,1,806625,112,2010,36,42.84,68.49
68911,Historical,196249,0,0,S,9,1,3148877,55,2003,20,25.24,62.61
68912,Historical,919364,0,0,S,2,1,1198357,75,1999,37,54.21,12.21
68913,Historical,199127,0,0,S,3,1,669263,92,2003,44,25.99,60.27
68914,Historical,206001,0,0,S,2,1,331777,69,2006,20,0,0
68915,Historical,635137,0,0,S,5,1,102414,72.99,2009,20,0,30.98
68917,Historical,536513,0,0,S,3,1,71901,44.6,2012,42,9.49,30.53
68918,Historical,132599,0,0,S,2,1,333647,32.67,2008,64,9.49,13.99
68919,Historical,529782,0,0,S,5,1,542496,94.95,2012,20,34.72,73.99
68920,Historical,529779,0,0,S,4,1,276724,46.95,2005,29,10.05,50.11
68922,Historical,165823,0,0,S,7,1,196033,22.95,2004,38,0,0
68923,Historical,899225,0,0,S,3,1,976212,109,2003,12,109.49,207.99
68925,Historical,199065,0,0,S,2,1,2186905,81.95,2001,35,61.64,27.46
68926,Historical,146978,0,0,S,5,1,2060303,56.95,2002,36,73.34,24.99
68927,Historical,828882,0,0,S,4,1,2535765,49.95,1998,38,73.34,6.94
68928,Historical,2475143,0,0,S,2,1,12154898,79,1991,30,28.98,52.57
68929,Historical,563050,0,0,S,3,1,2977994,249,2007,21,110.56,38.49
68930,Historical,247658,0,0,S,2,1,993440,66,2006,27,4.98,36.2
68931,Historical,862081,0,0,S,4,1,44177,66.95,2014,25,28.99,47.49
68932,Historical,534681,0,0,S,5,1,269653,70.95,2013,16,39.34,52.68
68933,Historical,56236,1,1,S,10,1,1957899,32.95,2003,32,27.83,22.6
68934,Historical,56237,0,0,S,11,1,1681553,34.95,2005,61,27.83,6.99
68935,Historical,546719,0,0,S,4,1,1033187,79.99,2010,33,4.97,26.92
68936,Historical,247987,0,0,S,2,1,1221393,86,2009,33,6,48.93
68937,Historical,2340052,0,0,S,2,1,1945407,125,1994,24,75.23,43.32
68938,Historical,635795,0,0,S,3,1,1249223,216,2009,25,34.85,29.45
68939,Historical,164050,0,0,S,2,1,1327588,115,1998,33,6.99,10.99
68940,Historical,529772,0,0,S,3,1,703341,105,2007,38,6.99,17.82
68941,Historical,203839,0,0,S,3,1,1062107,46.95,2006,28,4.02,23.99
68942,Historical,270803,0,0,S,4,1,51878,56.99,2010,20,0,0
68943,Historical,264228,0,0,S,2,1,1620583,46.95,2004,39,4.87,13.98
68944,Historical,529771,0,0,S,7,1,715446,72.99,2009,24,4.58,29.61
68945,Historical,529770,0,0,S,5,1,823439,72.99,2008,33,32.63,46.69
68946,Historical,660768,1,1,S,4,1,113058,87.95,2013,10,25.99,25.48
68947,Historical,635189,0,0,S,3,1,217460,102,2008,14,25.99,94.69
68948,Historical,577329,0,0,S,2,1,252839,56.99,2001,51,22.49,42.51
68949,Historical,271084,0,0,S,4,1,429353,70,2010,40,48.98,52.27
68950,Historical,659408,0,0,S,2,1,800963,69.99,2005,20,0,0
68951,Historical,890931,0,0,S,2,1,408879,43.89,2014,15,0,40.49
68952,Historical,245095,0,0,S,6,1,442127,127.95,2005,48,8.01,15.99
68953,Historical,794418,0,0,S,1,0,744533,77.95,2006,17,0,60.48
68954,Historical,367133,0,0,S,2,1,719129,69.99,2008,38,43.29,35.39
68955,Historical,900413,0,0,S,2,1,116062,60,2014,24,29.95,43.09
68956,Historical,529766,0,0,S,6,1,296448,74.99,2009,35,50.99,47.85
68957,Historical,1533872,0,0,S,4,1,1140433,99,2007,25,89.99,70.02
68958,Historical,57347,0,0,S,3,1,2599922,23.94,1996,51,70.98,23.94
68959,Historical,647382,0,0,S,2,1,135279,45,2010,44,31.43,35.81
68961,Historical,103976,0,0,S,2,1,1129264,156,1995,26,14.34,63.62
68962,Historical,205795,0,0,S,2,1,900646,180,2003,45,19.32,67.92
68963,Historical,663335,0,0,S,1,0,1345687,87,2013,22,33.16,63.56
68964,Historical,3462028,0,0,S,3,1,1377858,85,2016,0,78.99,63.33
68965,Historical,1936416,0,0,S,5,1,75406,56.99,2015,11,0,42.83
68966,Historical,641303,0,0,S,2,1,183576,70.99,2011,25,0,0
68967,Historical,162185,0,0,S,5,1,626199,110,2010,17,0,0
68968,Historical,906798,0,0,S,3,1,306776,95,2014,12,62.78,91.2
68969,Historical,1981187,0,0,S,3,1,198264,67.95,2014,25,60.43,52.38
68970,Historical,264970,0,0,S,4,1,840864,79.95,2006,29,9.32,55.28
68972,Historical,106872,0,0,S,2,1,206683,75,2012,37,18.99,29.54
68973,Historical,529753,0,0,S,3,1,608246,69.95,2012,25,33.9,48.45
68974,Historical,141773,0,0,S,8,1,2232658,8.99,2005,35,49.33,8.99
68975,Historical,142007,0,0,S,9,1,236358,44.95,2008,23,49.33,17.81
68976,Historical,702148,0,0,S,3,1,71159,134,2012,43,25.95,23.35
68977,Historical,113194,0,0,S,7,1,566347,99.95,2010,31,29.59,70.76
68978,Historical,2851174,0,0,S,2,1,4111334,199.95,2001,13,150.11,90.4
68979,Historical,233109,0,0,S,3,1,733794,135,1997,64,10.58,18.94
68980,Historical,162355,0,0,S,2,1,39873,60,2008,61,18.98,30.8
68981,Historical,867187,0,0,S,3,1,193517,76.95,2014,17,34.89,33.36
68982,Historical,212815,0,0,S,2,1,3758801,99.95,1995,27,62.17,23.38
68983,Historical,201785,0,0,S,3,1,338484,59.95,2010,20,45.6,59.26
68984,Historical,249856,0,0,S,6,1,417191,163.95,2007,28,67.52,71.53
68985,Historical,1691870,0,0,S,0,0,302777,38,2008,35,25.82,25.49
68987,Historical,130418,0,0,S,12,1,50725,81.2,2011,57,53.6,53.98
68988,Historical,863997,0,0,S,2,1,351889,24.95,2011,40,22.48,21.94
68989,Historical,665152,0,0,S,2,1,49941,49.95,2009,30,42.87,39.78
68990,Historical,367118,0,0,S,0,0,313577,54.99,2005,40,36.99,8.94
68991,Historical,236572,0,0,S,0,0,1092833,30,2006,21,32.89,71.19
68992,Historical,225060,0,0,S,0,0,393917,19.99,2004,64,12.92,19.96
68993,Historical,539957,0,0,S,1,0,336023,49.99,1991,59,4,26.51
68994,Historical,287339,0,0,S,2,1,625113,49.99,1998,23,4,41.48
68995,Historical,637923,0,0,S,2,1,1127503,62,2010,22,17.66,32.99
68996,Historical,251094,0,0,S,1,0,269315,152.95,2008,93,0,50.77
68998,Historical,247900,0,0,S,2,1,276107,95,2010,37,53.08,65.91
68999,Historical,613258,0,0,S,13,1,406033,44.5,1998,64,0,13.07
69000,Historical,862087,1,1,S,2,1,67990,44.95,2014,46,24.49,28.99
69001,Historical,864941,0,0,S,2,1,312270,44.95,2014,34,25.34,20.99
69002,Historical,529736,0,0,S,2,1,268533,160.95,2012,94,8.1,27.97
69003,Historical,1462464,0,0,S,1,0,368778,62.45,2006,34,5.25,25.94
69004,Historical,123763,0,0,S,1,0,562003,73.45,2002,112,0,23.99
69005,Historical,554609,0,0,S,5,1,1008244,66.2,2005,28,0,41.96
69006,Historical,2396177,0,0,S,1,0,108590,112.95,2001,156,0,23.9
69007,Historical,2396533,0,0,S,1,0,273318,82.5,2003,89,0,23.99
69008,Historical,921659,1,2,S,1,0,450061,89.8,2002,93,0,25.94
69009,Historical,2396621,0,0,S,1,0,75962,56.1,2005,35,33.65,18.74
69010,Historical,2396464,0,0,S,1,0,473999,42.55,2002,22,33.38,28.71
69012,Historical,534212,1,1,S,2,1,53805,82.95,2008,51,39.78,63.93
69013,Historical,623531,0,0,S,1,0,65503,185.75,2008,27,0,78.99
69014,Historical,774751,0,0,S,4,1,5602664,239,1998,20,87.19,79.25
69016,Historical,154350,0,0,S,2,1,310953,132,2004,46,94.11,101.21
69017,Historical,646775,0,0,S,6,1,198856,180,1990,58,99.16,135.74
69018,Historical,917545,0,0,S,3,1,857405,0,1962,37,27.98,61.94
69019,Historical,870317,0,0,S,2,1,674110,33.95,1988,24,142.71,73.55
69020,Historical,639180,0,0,S,1,0,1373233,153.95,2010,19,57.86,73.1
69021,Historical,144078,0,0,S,3,1,63793,146,1998,53,33.98,111.64
69022,Historical,2328403,0,0,S,7,1,832550,55,2005,17,0,62.97
69023,Historical,1437430,0,0,S,30,1,53501,77,2015,25,0,49.34
69024,Historical,614684,0,0,S,0,0,159375,44.99,1995,75,0,9.99
69025,Historical,862367,0,0,S,20,1,4794,59.95,2014,44,29.98,38.68
69026,Historical,641959,0,0,S,2,1,635357,93,2013,25,18.89,22.13
69027,Historical,701962,0,0,S,1,0,1985172,86,2010,22,18.89,13.99
69028,Historical,633691,0,0,S,3,1,956488,88,2013,47,28.93,53.74
69029,Historical,702479,0,0,S,2,1,580217,98,2013,36,7.89,22.34
69030,Historical,649450,0,0,S,2,1,758680,90,2013,27,42.48,39.87
69031,Historical,637533,0,0,S,2,1,301514,99,2013,21,31.01,48.77
69032,Historical,664351,0,0,S,2,1,666918,87,2013,26,13.08,19.3
69033,Historical,861407,0,0,S,2,1,203985,90,2013,49,51.9,35.21
69034,Historical,529725,0,0,S,18,1,98909,89,2012,37,28.94,37.92
69035,Historical,104082,0,0,S,14,1,3431889,125,1998,50,16.05,13.94
69036,Historical,106418,0,0,S,17,1,389730,207,2008,69,16.05,28.32
69037,Historical,652453,1,2,S,18,1,352573,99,2012,26,0,0
69038,Historical,549712,1,2,S,18,1,638762,99,2012,31,0,0
69039,Historical,861408,0,0,S,2,1,440886,90,2013,24,16.72,21.76
69040,Historical,702478,0,0,S,3,1,929391,90,2013,26,14.68,28.99
69041,Historical,906504,0,0,S,0,0,28573,49.95,1999,27,0,28.36
69042,Historical,921750,0,0,S,0,0,37489,75,2005,93,0,42.49
69043,Historical,543186,0,0,S,0,0,16776,54.95,2000,35,0,9.49
69044,Historical,870298,0,0,S,0,0,11681,50,1999,25,0,28.39
69045,Historical,1599298,1,10,S,0,0,175,86.93,2009,56,46.71,49.96
69046,Historical,1433311,0,0,S,0,0,25429,45,2012,27,24.24,29.59
69047,Historical,612564,0,0,S,3,1,17943,52.75,2013,22,27.69,40.53
69048,Historical,913953,0,0,S,4,1,918249,61.91,1992,30,27.84,59.97
69049,Historical,655224,0,0,S,3,1,271609,63,2013,29,23.99,41.42
69050,Historical,640633,0,0,S,14,1,1810659,185,2001,23,104.66,73.81
69051,Historical,625136,0,0,S,2,1,682459,103.95,2005,22,0,94.66
69052,Historical,252007,0,0,S,3,1,323574,109.95,2007,23,9.99,82.99
69053,Historical,1519016,0,0,S,1,0,117041,102,2015,64,20.94,10.99
69056,Historical,892755,0,0,S,2,1,577845,44.99,2014,18,23.81,28.05
69057,Historical,240284,0,0,S,1,0,778448,77,2000,13,35.81,56.03
69058,Historical,866344,0,0,S,4,1,568494,69.95,2014,20,37.29,38.46
69059,Historical,529716,0,0,S,3,1,1335655,69.95,2010,16,0,0
69060,Historical,545587,0,0,S,3,1,59425,54.99,2013,53,22.91,33.99
69062,Historical,2635613,0,0,S,1,0,6709,59.99,2004,88,16.51,36.53
69063,Historical,529713,1,1,S,2,1,17887,39.99,2012,54,18.77,23.49
69064,Historical,292055,1,1,S,1,0,181593,39.99,2005,216,18.77,9.99
69066,Historical,627392,0,0,S,2,1,1178039,49.99,2011,41,4,9.94
69067,Historical,859265,0,0,S,2,1,5161,44.95,2005,202,7.96,27.91
69068,Historical,1932495,0,0,S,1,0,40761,49.99,2014,37,21.92,31.12
69069,Historical,545589,0,0,S,3,1,8352,69.99,2013,57,34.54,38.74
69070,Historical,181999,0,0,S,2,1,156242,69.99,2009,33,34.54,33.94
69071,Historical,633253,1,1,S,1,0,230286,49.99,2010,55,0,32.25
69072,Historical,529712,0,0,S,2,1,78979,49.99,2008,51,9.62,22.49
69074,Historical,872280,0,0,S,2,1,6988844,146.95,1994,21,34.99,28.95
69075,Historical,132614,0,0,S,10,1,46244,154.95,2009,75,47.38,56.69
69076,Historical,2002962,0,0,S,1,0,617875,49.95,2015,5,0,47.09
69077,Historical,1718306,0,0,S,2,1,826929,55,2011,38,11.99,58.99
69078,Historical,890359,0,0,S,0,0,483482,19.96,2010,5,0,19.96
69079,Historical,619888,0,0,S,2,1,902425,59.95,2001,27,8.77,44.68
69080,Historical,747498,0,0,S,2,1,590916,49.95,2010,28,46.95,44.06
69081,Historical,2745337,0,0,S,2,1,509497,53.95,2001,66,6.24,32.99
69084,Historical,629212,1,2,S,5,1,50659,49.99,2012,49,13.46,30.99
69085,Historical,198031,0,0,S,4,1,288768,46.47,2010,79,13.46,7.79
69086,Historical,197710,0,0,S,3,1,1079936,39.79,2006,42,13.46,4.58
69087,Historical,162357,0,0,S,3,1,1033505,115.95,2009,42,3.93,69.29
69088,Historical,1452111,0,0,S,2,1,952850,191.73,2012,15,0,174.11
69089,Historical,613921,1,1,S,0,0,842419,40.98,2005,86,22.99,40.98
69090,Historical,551300,0,0,S,0,0,1534227,96.16,2003,30,22.99,54.99
69091,Historical,112324,0,0,S,0,0,522288,151.5,2007,62,22.99,51.47
69093,Historical,789388,0,0,S,2,1,6372987,74.95,2003,23,48.34,8.99
69094,Historical,610348,0,0,S,5,1,20244,119.99,2013,99,48.34,48.74
69095,Historical,529711,0,0,S,2,1,160410,50.99,2010,39,28.95,24.37
69096,Historical,577673,0,0,S,2,1,2861906,48,1997,35,28.8,6.89
69097,Historical,618160,0,0,S,11,1,692982,51.95,1999,47,0,0
69098,Historical,574215,0,0,S,2,1,237958,40.95,2010,30,88.94,37.94
69099,Historical,576748,0,0,S,1,0,51372,96.95,2011,18,0,62.99
69100,Historical,184784,0,0,S,2,1,1003422,112.75,2001,53,98.99,18.99
69101,Historical,200425,0,0,S,5,1,208588,131.95,2010,94,36.4,53.99
69103,Historical,632058,1,1,S,3,1,109443,124.95,2013,41,42.17,76.97
69104,Historical,536939,0,0,S,6,1,96811,103.8,2012,75,54.3,79.94
69105,Historical,632043,0,0,S,3,1,17472,95,2013,72,48.99,53.94
69108,Historical,529708,0,0,S,4,1,168554,123.95,2012,40,63.03,83.98
69109,Historical,869508,0,0,S,2,1,299789,90.95,2015,24,42.51,43.94
69110,Historical,665351,0,0,S,2,1,160947,85,2012,25,0,38.98
69111,Historical,639710,0,0,S,8,1,23322,102.95,2013,53,41.43,56.98
69112,Historical,582902,0,0,S,3,1,1317265,125.4,1997,80,4,33.79
69113,Historical,867352,0,0,S,2,1,115979,90,2013,57,42.42,52.35
69114,Historical,186216,0,0,S,2,1,4766532,115,1997,19,123.98,8.96
69115,Historical,917824,0,0,S,4,1,108057,64.95,2014,41,31.99,40.94
69117,Historical,1708707,0,0,S,0,0,441171,65,2014,16,0,52.7
69118,Historical,285914,0,0,S,4,1,398412,115,2002,49,4,38.94
69119,Historical,652272,1,1,S,1,0,28212,78.95,2013,57,0,0
69120,Historical,914255,0,0,S,6,1,35623,69.95,2014,29,0,61.69
69121,Historical,529701,0,0,S,3,1,156468,130.5,2009,47,16.33,25.97
69122,Historical,56007,0,0,S,0,0,2269117,86,2002,50,65.68,37
69124,Historical,1826379,0,0,S,4,1,31006,85.95,2015,19,0,71.99
69125,Historical,162766,0,0,S,3,1,563113,90,2009,26,15.92,37.59
69126,Historical,254480,1,1,S,2,1,115631,48.95,2011,43,26.61,27.7
69127,Historical,615152,0,0,S,2,1,5815230,42.5,1995,23,50.38,38.93
69128,Historical,906646,0,0,S,5,1,342347,57.5,2015,22,50.38,46.11
69129,Historical,262463,0,0,S,0,0,1259246,24.95,2007,33,4.8,45.91
69130,Historical,591359,0,0,S,2,1,377006,100.95,2005,54,8.53,53.75
69131,Historical,594661,0,0,S,2,1,539858,77.95,2012,19,50.95,38.95
69132,Historical,600757,0,0,S,4,1,155390,229.99,2011,44,36.98,121.69
69134,Historical,867444,0,0,S,2,1,240820,99.95,2014,32,77.99,71.98
69135,Historical,61236,0,0,S,2,1,1237104,66.95,2004,43,41.99,15.98
69136,Historical,529697,0,0,S,6,1,60497,118.95,2012,58,39.99,68.94
69138,Historical,609694,0,0,S,3,1,2350945,83,2003,36,86.99,34.23
69139,Historical,534672,0,0,S,8,1,66535,65.95,2013,51,27.89,36.84
69140,Historical,294180,0,0,S,2,1,181902,79.99,2007,82,8.52,33.74
69141,Historical,637765,0,0,S,1,0,48087,102.95,2012,35,34.35,58.97
69142,Historical,867663,0,0,S,3,1,80587,96,2014,21,61.24,63.37
69143,Historical,114197,0,0,S,4,1,2505731,52.67,2001,57,64.01,5.98
69144,Historical,162475,0,0,S,1,0,55679,85,2010,41,0,0
69145,Historical,607448,0,0,S,8,1,96321,130.4,2008,155,7.89,37.24
69146,Historical,346401,0,0,S,7,1,1167336,93.95,2009,25,137.99,67.11
69147,Historical,109648,0,0,S,6,1,3022873,17.87,2005,35,143.5,19.98
69148,Historical,116039,0,0,S,7,1,514329,121.6,2005,35,6.89,73.99
69149,Historical,52021,0,0,S,5,1,693709,167.95,2000,64,105.82,4.99
69151,Historical,635574,1,1,S,4,1,29006,88.95,2013,40,53.98,53.98
69152,Historical,391016,0,0,S,6,1,5454680,51,2000,18,4.75,14.61
69153,Historical,497315,0,0,S,2,1,265021,197.95,2007,92,35,58.99
69154,Historical,579414,0,0,S,6,1,1616653,68,2004,72,70.19,12.94
69155,Historical,1551956,0,0,S,2,1,1057559,70.95,2014,13,0,60.18
69156,Historical,902532,0,0,S,8,1,1476600,91.95,2007,25,14.87,66.41
69157,Historical,634568,0,0,S,2,1,1352586,67.95,2004,29,12.98,31.1
69158,Historical,598496,0,0,S,2,1,598641,117.5,2009,36,23.96,55.81
69159,Historical,661036,0,0,S,2,1,1386658,57.95,2012,16,23.49,49.97
69160,Historical,658040,0,0,S,4,1,57053,114.95,2013,58,43.88,67.39
69161,Historical,632137,0,0,S,2,1,198307,75,2012,30,33.39,39.89
69162,Historical,330650,0,0,S,2,1,449884,164.95,2006,63,90.96,13.99
69164,Historical,546252,0,0,S,2,1,73978,146,2012,72,59.74,98.99
69165,Historical,1677877,0,0,S,4,1,409671,47.95,2014,15,0,44.45
69166,Historical,647136,0,0,S,2,1,530257,39.99,2012,37,13.46,24.65
69167,Historical,3127272,0,0,S,12,1,857277,35.95,2004,27,20.94,46.19
69168,Historical,3127271,0,0,S,12,1,183834,32.95,2004,94,20.94,20.81
69169,Historical,2583400,0,0,S,1,0,1018133,202.95,2005,38,11.53,54.56
69170,Historical,790021,0,0,S,0,0,267721,35,2008,19,23.65,26.37
69172,Historical,890881,0,0,S,15,1,57497,50,2014,52,30.97,36.03
69174,Historical,253660,0,0,S,2,1,69201,59.95,2009,43,39.92,39.06
69176,Historical,2227926,0,0,S,0,0,739291,10.62,2010,3,36.71,9.97
69177,Historical,285347,1,1,S,3,1,919305,88.45,2006,25,6,88.99
69178,Historical,870553,0,0,S,3,1,738776,212,2007,27,6,65.99
69179,Historical,633510,0,0,S,2,1,78322,134.66,2002,34,19.48,103.61
69180,Historical,654859,0,0,S,2,1,228012,49.95,2005,12,0,0
69181,Historical,185155,0,0,S,0,0,394386,118.05,1996,170,4.97,10.99
69182,Historical,571870,0,0,S,4,1,1039547,0,2001,42,9.24,18.24
69183,Historical,848937,0,0,S,3,1,1172586,59.96,1998,36,9.24,38.21
69184,Historical,544251,1,2,S,7,1,59918,111.95,2013,73,9.15,23.76
69185,Historical,1624399,0,0,S,2,1,2116585,110.2,2006,45,4.94,7.97
69186,Historical,155352,0,0,S,6,1,335388,132.95,1999,59,93.94,41.72
69187,Historical,647861,0,0,S,2,1,670483,37.95,2003,29,4.98,25.99
69188,Historical,359379,0,0,S,0,0,350168,49.95,2001,37,0,19.54
69189,Historical,2836611,0,0,S,2,1,3158077,119.95,1995,23,203.84,68.45
69190,Historical,202227,0,0,S,3,1,1868487,317.95,2000,29,203.84,33.94
69193,Historical,2894443,0,0,S,0,0,616056,49.99,1993,46,36.97,48.99
69194,Historical,1498551,0,0,S,0,0,219362,44.99,2015,14,28.13,27.3
69197,Historical,827295,0,0,S,2,1,250199,43.95,2003,50,0,10.98
69198,Historical,279502,0,0,S,3,1,688552,34.95,2010,82,17.57,6.84
69199,Historical,546880,0,0,S,2,1,65087,39.99,2013,45,25.54,25.57
69200,Historical,529681,0,0,S,2,1,309036,40,2009,28,43.29,28.38
69201,Historical,55134,0,0,S,7,1,2000565,103.7,2003,65,74.76,9.99
69202,Historical,1556999,0,0,S,2,1,865565,55.95,2014,15,43.54,41.52
69203,Historical,157735,0,0,S,2,1,467819,48.95,2011,38,34.05,42.91
69204,Historical,896183,0,0,S,2,1,5687833,62,2002,15,22.6,45.99
69205,Historical,867914,0,0,S,4,1,13994,69.95,2014,79,47.93,38.99
69206,Historical,653452,0,0,S,3,1,4695052,215,1999,19,159.54,93.92
69207,Historical,538207,0,0,S,5,1,453097,88,2010,32,16.17,39.47
69208,Historical,211049,0,0,S,2,1,150866,89.95,2011,47,52.13,58.74
69209,Historical,217727,0,0,S,2,1,462125,66.99,2011,33,30.89,46.19
69210,Historical,2031018,0,0,S,2,1,3880430,169,2008,18,24.1,56.95
69211,Historical,192885,1,1,S,3,1,583675,89.95,2002,30,64.86,81.91
69212,Historical,247180,0,0,S,15,1,1198646,79.8,2011,39,6.48,28.87
69213,Historical,2829392,0,0,S,0,0,311667,40,1998,28,0,18.98
69214,Historical,1729375,0,0,S,0,0,195656,75,2010,20,0,53.43
69217,Historical,922790,0,0,S,0,0,294829,50,1984,89,0,24.95
69218,Historical,628952,0,0,S,1,0,231276,115,2001,74,0,84.41
69220,Historical,919648,0,0,S,0,0,802257,49.99,2003,34,0,26.99
69221,Historical,631846,0,0,S,2,1,453592,109,2002,42,33.28,50.27
69222,Historical,661759,0,0,S,0,0,1227199,49.95,2012,11,0,40.39
69223,Historical,867825,1,1,S,2,1,29507,49.99,2014,5,27.68,31.47
69224,Historical,114309,0,0,S,9,1,139067,64.6,2003,40,23.93,55.32
69225,Historical,632249,0,0,S,9,1,287491,64.6,2003,35,0,0
69226,Historical,116901,0,0,S,2,1,345482,72,2004,34,50.88,8.84
69227,Historical,58251,0,0,S,6,1,2850328,92.4,2002,34,41.96,38.43
69228,Historical,133477,0,0,S,5,1,98014,147.6,2011,42,33.4,78.57
69229,Historical,58255,0,0,S,6,1,957583,92.4,2002,48,140.65,25.58
69230,Historical,2900607,0,0,S,1,0,527238,45,1982,110,0,13.99
69231,Historical,859266,0,0,S,0,0,1312087,38,2005,19,21.88,35.61
69232,Historical,539014,0,0,S,4,1,57174,89.95,2013,79,18.36,39.19
69233,Historical,862092,0,0,S,4,1,24517,65.95,2014,32,36.14,38.74
69234,Historical,644864,0,0,S,2,1,724373,69.95,2012,37,37.99,37.11
69235,Historical,681229,0,0,S,4,1,13820,19.95,2012,39,7.99,13.99
69236,Historical,2166620,0,0,S,6,1,112798,13.95,2013,20,0,26.19
69239,Historical,610310,0,0,S,6,1,20616,124.8,2013,76,78.02,100.49
69240,Historical,865519,0,0,S,8,1,1381576,42,2014,18,161.73,42
69241,Historical,869964,0,0,S,8,1,2132536,40,2007,20,161.73,109.09
69242,Historical,627464,0,0,S,7,1,635855,40,2009,24,161.73,33.99
69245,Historical,649818,0,0,S,3,1,188439,54.99,2012,39,8.05,29.99
69247,Historical,766443,0,0,S,16,1,376291,173.95,2010,36,0,0
69251,Historical,617361,1,3,S,0,0,44221,114,2011,77,49.1,80.8
69255,Historical,529667,0,0,S,2,1,3184653,59.95,2006,17,19.98,41.52
69256,Historical,529665,0,0,S,8,1,762568,64.99,2008,46,40.1,40.96
69257,Historical,336986,0,0,S,2,1,669338,62.95,2010,24,28.99,53.3
69258,Historical,300722,0,0,S,6,1,2135843,49.95,2010,14,39.73,186.04
69259,Historical,1475079,0,0,S,1,0,1245239,70,2011,12,33.79,58.59
69260,Historical,861414,0,0,S,2,1,348180,80,2013,12,39.93,45.99
69261,Historical,824938,0,0,S,2,1,411108,38,2002,45,4.02,9.75
69263,Historical,2750522,0,0,S,2,1,7859130,159,1996,18,142.99,48.51
69265,Historical,290383,0,0,S,7,1,137073,79.05,2003,25,18.72,67.64
69266,Historical,529661,0,0,S,3,1,1170401,135,2009,25,22.82,67.92
69267,Historical,577420,0,0,S,3,1,1066180,30.95,2008,63,19.75,8.95
69268,Historical,609237,0,0,S,3,1,413426,41.99,2009,28,13.24,20.99
69269,Historical,652397,0,0,S,4,1,29863,42.99,2013,65,29.73,23.99
69270,Historical,294203,0,0,S,3,1,511266,33.99,2004,40,29.73,11.18
69271,Historical,529660,0,0,S,3,1,1000532,33.99,2006,33,5.81,20.81
69272,Historical,529659,0,0,S,3,1,132323,37.99,2010,26,18.73,22.1
69273,Historical,609200,0,0,S,3,1,1180805,28.95,2006,56,18.99,8.99
69274,Historical,609968,0,0,S,5,1,104299,39.99,2013,29,18.99,24.34
69275,Historical,609797,0,0,S,4,1,708518,35.99,2009,57,18.99,17.93
69276,Historical,534239,1,1,S,2,1,402480,36.99,2005,58,4,12.98
69277,Historical,564482,0,0,S,2,1,574255,40.95,1998,41,5.18,15.83
69278,Historical,2383693,0,0,S,0,0,713010,106.8,1993,63,0,37.28
69279,Historical,1449104,0,0,S,2,1,955723,56,2010,21,4.87,9.25
69280,Historical,749826,0,0,S,3,1,65909,32,2007,70,5.24,9.58
69281,Historical,623466,1,1,S,4,1,84052,79.4,2010,82,28.84,23.57
69282,Historical,2549083,0,0,S,0,0,54778,23.97,2003,78,19.97,16.97
69283,Historical,1523127,0,0,S,0,0,30036,7.99,2006,159,66.49,7.19
69284,Historical,2511904,0,0,S,2,1,883152,59.5,1993,24,3.99,41.97
69285,Historical,871104,0,0,S,2,1,655664,49.95,2011,74,104.75,11.55
69286,Historical,544532,1,1,S,3,1,57035,59.95,2013,60,23.18,23.75
69287,Historical,871012,0,0,S,2,1,269821,49.95,2011,74,104.75,15.98
69288,Historical,544531,0,0,S,3,1,18509,59.95,2013,46,14.28,45.87
69289,Historical,2930900,0,0,S,4,1,434035,60,2015,9,0,57.97
69290,Historical,106510,0,0,S,5,1,601188,55,2010,37,23.99,13.99
69291,Historical,529649,0,0,S,2,1,495404,51.95,2008,51,25.49,34.64
69292,Historical,902149,0,0,S,0,0,153071,35,2014,9,23.33,23.63
69293,Historical,541243,0,0,S,2,1,138170,35,2009,45,16.14,19.5
69294,Historical,660469,0,0,S,1,0,470746,60.95,2006,21,0,38.11
69295,Historical,747671,0,0,S,2,1,641264,59.95,2010,17,32.72,35.18
69296,Historical,906797,0,0,S,4,1,1682615,46,1991,21,18.98,310.49
69297,Historical,619018,0,0,S,6,1,85729,117.6,2004,47,18.98,94.37
69298,Historical,117859,0,0,S,5,1,378045,165.6,2005,37,58.37,83.99
69299,Historical,446966,0,0,S,2,1,25985,55.95,2012,31,28.99,34.18
69302,Historical,144387,0,0,S,9,1,225030,64.6,2002,48,24.99,41.33
69303,Historical,626473,0,0,S,9,1,106888,64.6,2002,60,10.98,60.09
69305,Historical,868776,0,0,S,4,1,187992,49.95,2014,17,49.91,50.62
69306,Historical,55999,0,0,S,7,1,70017,49.6,2009,70,18.84,36.6
69308,Historical,1584970,0,0,S,6,1,760125,40.95,2011,37,34.44,25.12
69309,Historical,614261,0,0,S,4,1,402409,245.76,1998,39,20.23,118.25
69310,Historical,140911,0,0,S,0,0,454549,32.95,1995,67,30.86,18.99
69311,Historical,558135,0,0,S,3,1,15106,41.95,2012,73,30.86,33.02
69312,Historical,149162,0,0,S,2,1,165286,39,2005,85,30.86,13.88
69313,Historical,545452,0,0,S,4,1,160503,44.95,2013,55,23.82,31.16
69314,Historical,877034,0,0,S,2,1,1391974,102.55,1995,25,70.99,104.66
69315,Historical,848149,0,0,S,5,1,832765,51.5,1997,29,0,43.99
69316,Historical,869699,1,1,S,6,1,268294,95,2001,21,0,72.99
69317,Historical,117483,0,0,S,6,1,964393,105.8,2003,48,5.86,26.99
69318,Historical,132860,0,0,S,6,1,1754938,136.47,2008,25,78.91,125.08
69319,Historical,875996,0,0,S,5,1,1536242,88.82,2005,16,78.91,99.53
69320,Historical,298146,0,0,S,2,1,297790,57.95,2010,54,29.94,34.03
69321,Historical,217297,0,0,S,4,1,230040,45,2007,31,24.99,42.12
69322,Historical,195540,0,0,S,0,0,239691,20,2005,71,41.46,17.59
69323,Historical,529643,0,0,S,5,1,1298020,55.95,2011,36,19.89,39.26
69325,Historical,541429,0,0,S,2,1,163865,88.95,2013,36,38.79,61.03
69326,Historical,201799,0,0,S,3,1,104283,52.95,2011,19,0,0
69327,Historical,182587,0,0,S,4,1,214393,185.95,2001,40,38.13,111.76
69328,Historical,120625,0,0,S,5,1,532375,101.6,2008,39,4.16,33.94
69329,Historical,118209,0,0,S,4,1,1264487,80.6,2001,36,89.03,30.98
69330,Historical,126148,0,0,S,1,0,270848,65.95,2004,31,0,46.95
69331,Historical,117511,0,0,S,5,1,103344,218.6,1994,57,40,109.56
69332,Historical,292312,1,1,S,2,1,162615,59.95,2002,24,0,0
69333,Historical,634270,0,0,S,4,1,2400757,39.95,2004,24,26.78,23.68
69335,Historical,254344,0,0,S,0,0,198407,34.95,2009,57,18.84,29.42
69336,Historical,917955,0,0,S,4,1,1413482,0,1994,52,98.74,75.32
69337,Historical,915817,1,2,S,3,1,669120,76.51,1987,40,98.74,78.43
69339,Historical,608175,0,0,S,6,1,2669311,0,1999,32,43.46,28.98
69340,Historical,246718,0,0,S,3,1,425840,59.95,2009,32,16.54,21.94
69341,Historical,541796,0,0,S,5,1,89638,106.95,2013,36,43.99,60.69
69342,Historical,529638,0,0,S,4,1,773887,115,1991,37,43.99,27.07
69343,Historical,566127,0,0,S,2,1,135767,46.95,2012,32,28.96,27.85
69344,Historical,54703,1,1,S,4,1,313032,85,1997,45,97.57,29.24
69345,Historical,878341,1,1,S,3,1,3408278,74.5,1986,57,97.57,19.48
69346,Historical,154036,0,0,S,3,1,25795,119.5,2009,40,63.3,69.98
69347,Historical,290239,0,0,S,2,1,163554,60.95,2011,45,19.75,35.46
69348,Historical,51970,0,0,S,7,1,1119428,112.95,1999,66,203.34,23.99
69349,Historical,582450,0,0,S,0,0,445045,55,2005,24,42.29,40.64
69351,Historical,132812,0,0,S,3,1,624337,70.2,2009,24,7.74,64
69352,Historical,2511663,0,0,S,2,1,1906386,51.15,1990,43,67.17,78.98
69353,Historical,667218,0,0,S,2,1,1075865,44.95,2012,34,32.01,34.89
69354,Historical,550048,0,0,S,4,1,39078,244.25,2003,43,0,62.69
69355,Historical,246686,0,0,S,3,1,142452,68.95,2008,79,50.2,41.57
69356,Historical,529632,0,0,S,2,1,149543,54.95,2012,46,33.06,33.23
69357,Historical,2403621,0,0,S,3,1,1557428,35,1983,35,8.92,47.23
69358,Historical,119246,0,0,S,5,1,1274536,209,1996,43,0,53.81
69359,Historical,119223,0,0,S,5,1,1773374,282.8,1996,40,0,21.72
69360,Historical,902354,0,0,S,2,1,308851,46.95,2014,22,34.55,40.48
69361,Historical,109725,0,0,S,10,1,114968,122.82,2006,23,0,0
69362,Historical,130756,0,0,S,7,1,3021363,78.85,1995,40,83.84,23.89
69363,Historical,117456,0,0,S,0,0,546280,91.75,2004,40,41.19,65.47
69364,Historical,539936,1,1,S,6,1,75039,45,2013,43,19.95,24.84
69366,Historical,113641,0,0,S,10,1,350883,77,1999,44,44.12,18.32
69367,Historical,181239,0,0,S,3,1,463684,101.95,1994,53,28.35,55.85
69368,Historical,155067,0,0,S,5,1,1569460,136.76,1995,47,66.97,64.65
69369,Historical,183712,0,0,S,7,1,2884518,18.64,2007,30,67.5,4.99
69370,Historical,639847,0,0,S,2,1,624022,43.95,2012,18,0,0
69371,Historical,913170,0,0,S,0,0,861911,75,2004,24,6.65,32.36
69372,Historical,874269,0,0,S,2,1,4915520,29.4,1992,33,58.88,21.45
69373,Historical,529620,0,0,S,2,1,716880,38.95,2012,23,33.63,28.93
69374,Historical,745920,0,0,S,0,0,526998,35,1999,88,23.87,18.89
69377,Historical,628387,0,0,S,2,1,1320611,249.99,2007,15,4.33,66.98
69378,Historical,633891,0,0,S,6,1,501346,95,2012,25,0,0
69379,Historical,166687,0,0,S,2,1,1040917,85,2005,48,18.74,23.98
69380,Historical,768465,0,0,S,5,1,3106347,83.96,2000,41,81.06,9.95
69382,Historical,53607,1,1,S,8,1,589973,43.99,2002,59,81.99,42.9
69383,Historical,3269674,1,1,S,9,1,973348,93.99,2005,16,0,90.27
69384,Historical,111215,0,0,S,11,1,420358,91,2011,29,7.69,12.27
69385,Historical,642106,1,3,S,13,1,266871,259.5,2012,35,160.99,57.32
69386,Historical,1691770,0,0,S,0,0,488418,42,2006,18,34.49,38.43
69387,Historical,299201,0,0,S,2,1,87161,60,1998,30,46.13,44.67
69388,Historical,2648846,0,0,S,2,1,354116,78.95,2003,30,41.77,43.36
69389,Historical,602332,0,0,S,3,1,1811274,39.95,2001,38,14.94,8.46
69390,Historical,620428,0,0,S,3,1,290812,68.2,1992,38,36.84,43.24
69391,Historical,2317606,0,0,S,1,0,264978,98.05,2001,78,0,47
69392,Historical,538054,0,0,S,0,0,484927,98.35,2005,58,9.34,35.85
69393,Historical,101553,1,3,S,1,0,243864,125.45,2001,79,0,45.43
69394,Historical,548056,0,0,S,1,0,642070,116.95,1998,79,6.39,14.63
69395,Historical,548334,0,0,S,0,0,293832,105,2006,93,6.39,39.98
69396,Historical,548305,0,0,S,0,0,42508,104.3,2008,62,6.39,32.94
69397,Historical,918557,1,1,S,0,0,64617,94.05,2011,42,9.78,18.99
69398,Historical,1426613,0,0,S,1,0,1593109,18.65,2006,21,9.78,14.93
69399,Historical,101573,0,0,S,1,0,1307227,81.75,2002,71,0,10.99
69400,Historical,538057,0,0,S,1,0,909249,78,2007,87,0,13.46
69402,Historical,1428138,0,0,S,1,0,733831,71.75,2009,49,0,33.63
69404,Historical,101561,0,0,S,1,0,779121,107.65,2004,72,10.6,47.11
69405,Historical,548231,0,0,S,0,0,148937,144.4,2000,83,10.6,24.62
69406,Historical,615886,1,3,S,1,0,236722,105.8,2007,84,21.89,83.98
69407,Historical,548261,1,2,S,1,0,365926,115.25,2002,46,0,33.98
69408,Historical,1428432,1,2,S,1,0,1105861,106.05,2009,49,17.21,31.89
69410,Historical,1603711,0,0,S,1,0,79784,97.85,2011,39,0,63.98
69416,Historical,101566,0,0,S,1,0,531138,103.35,2003,40,0,66.85
69417,Historical,548208,0,0,S,0,0,124492,72.6,2007,60,0,24.91
69418,Historical,101434,0,0,S,1,0,69619,102.45,2009,86,33.27,62.55
69420,Historical,101564,0,0,S,1,0,567576,103.35,2003,29,0,102.32
69421,Historical,696023,0,0,S,1,0,2616891,93.4,2008,20,0,103.47
69422,Historical,1428536,0,0,S,1,0,198486,20.65,2008,13,26.55,65.78
69423,Historical,3041639,0,0,S,0,0,39037,79.95,2002,11,52.39,51.16
69424,Historical,3041386,0,0,S,0,0,775702,69.95,2004,9,0,35.98
69425,Historical,649211,0,0,S,0,0,46167,49.99,2005,15,0,33.99
69426,Historical,864661,0,0,S,10,1,819941,34.99,2013,27,22.77,8.08
69427,Historical,802749,0,0,S,9,1,1543326,34.99,2012,33,22.77,5.88
69428,Historical,608268,0,0,S,4,1,96485,21.99,2009,74,9.93,13.33
69429,Historical,609963,0,0,S,5,1,12815,29.99,2012,59,9.93,11.94
69430,Historical,543338,0,0,S,2,1,1054711,42,1994,19,31.69,45.84
69431,Historical,895400,0,0,S,3,1,782724,143.95,1998,20,31.69,93.4
69432,Historical,561648,0,0,S,4,1,439480,66.95,2005,51,39.79,117.98
69433,Historical,147035,0,0,S,4,1,225882,53.95,2002,25,0,0
69434,Historical,612864,0,0,S,2,1,26723,34.95,2003,252,4.24,10.94
69435,Historical,745317,0,0,S,2,1,240882,49.95,2007,19,42.99,49.95
69436,Historical,652806,0,0,S,2,1,173454,39.99,2010,52,25.41,27.38
69437,Historical,860658,0,0,S,8,1,1122972,109.95,2012,12,115.97,93.98
69438,Historical,560758,0,0,S,0,0,82665,100.6,2002,44,14.81,58.99
69439,Historical,617870,0,0,S,2,1,311706,110,2000,35,0,68.45
69440,Historical,637192,0,0,S,3,1,464092,52.95,2008,23,26.51,40.98
69441,Historical,1623616,0,0,S,1,0,86401,48.95,2008,23,0,37.88
69443,Historical,639504,1,1,S,1,0,199148,54.99,1999,30,0,0
69444,Historical,665561,0,0,S,2,1,147253,63.99,2010,27,0,0
69445,Historical,1839855,0,0,S,2,1,1439938,46.95,2007,22,31.64,27.46
69446,Historical,538943,0,0,S,7,1,522294,83.5,2006,52,5.87,17.38
69447,Historical,3225101,0,0,S,1,0,243160,42.99,1968,21,0,70.99
69449,Historical,760490,1,1,S,5,1,888604,89,2004,24,0,49.32
69450,Historical,2263657,0,0,S,0,0,3536,40,2012,1,25.49,27.32
69451,Historical,1450242,0,0,S,3,1,5377768,131.73,2011,14,0,82.69
69452,Historical,1453229,1,2,S,4,1,188870,252.6,2013,26,0,188.26
69453,Historical,2538118,0,0,S,1,0,144513,47.95,2001,24,0,37.99
69454,Historical,355868,0,0,S,3,1,2672544,36.99,2000,35,18.88,17.23
69455,Historical,355848,0,0,S,2,1,1986666,32.95,1995,21,39.24,10.72
69456,Historical,339371,0,0,S,3,1,59692,49.99,2008,25,0,0
69457,Historical,1559909,1,1,S,2,1,803405,42.95,2009,35,40.13,35.7
69458,Historical,825824,0,0,S,3,1,365203,36.95,1999,19,16.85,28.97
69459,Historical,2699662,1,1,S,4,1,2245556,82.95,2001,22,53.96,46.92
69461,Historical,616399,0,0,S,2,1,938066,133.99,2005,39,6.98,50.45
69463,Historical,553301,0,0,S,3,1,195681,97.33,2012,43,33.97,93.47
69464,Historical,161816,0,0,S,2,1,67380,153,2008,46,42.9,103.92
69467,Historical,227597,0,0,S,2,1,3953799,76.95,2000,31,26.76,29.99
69468,Historical,553310,0,0,S,7,1,69264,97.33,2012,37,73,78.99
69469,Historical,476923,0,0,S,6,1,657498,110.15,2013,39,4.98,55.49
69470,Historical,166632,0,0,S,9,1,163080,57.56,2006,85,33.96,33.86
69471,Historical,339255,1,1,S,5,1,282273,179.25,2009,57,29.99,47.52
69472,Historical,117065,0,0,S,2,1,82361,162.2,2007,61,18.27,30.47
69473,Historical,583575,0,0,S,5,1,407628,99.95,2008,62,5.08,17.52
69474,Historical,290108,0,0,S,2,1,94582,144.5,2009,35,0,0
69475,Historical,907539,0,0,S,2,1,4379244,78.95,1992,21,8.82,14.18
69476,Historical,865375,1,1,S,5,1,68621,9.99,2013,34,0,0
69477,Historical,165836,0,0,S,2,1,104782,151.5,2005,50,11.44,34.6
69478,Historical,162309,0,0,S,5,1,164411,130.75,2010,69,38.83,93.91
69479,Historical,249903,1,1,S,7,1,31732,250.95,2007,107,52.36,67.99
69480,Historical,1603152,0,0,S,1,0,636903,56.6,2010,11,0,42.97
69481,Historical,571853,0,0,S,0,0,1064938,92.2,2000,58,0,11.95
69482,Historical,1622678,0,0,S,0,0,784608,72.5,2008,58,5.19,9.63
69483,Historical,1623262,0,0,S,1,0,1309066,12.15,2008,34,5.19,12.43
69484,Historical,721607,0,0,S,1,0,978618,49.95,2004,43,0,15.98
69485,Historical,2383689,0,0,S,1,0,826528,69.6,1969,28,0,48.43
69486,Historical,2495172,0,0,S,2,1,275721,50,2000,27,0,28.79
69488,Historical,622383,0,0,S,3,1,18863,45,2010,64,22.77,22.79
69490,Historical,616968,0,0,S,3,1,113586,45,2005,75,17.74,21.24
69491,Historical,1768180,0,0,S,2,1,844729,39.99,2012,25,31.33,39.98
69492,Historical,878645,0,0,S,4,1,215520,165.5,2014,25,102.48,79.89
69493,Historical,809112,0,0,S,3,1,515676,100.26,2010,22,102.48,66.98
69494,Historical,205595,0,0,S,1,0,284310,90,2005,38,26.14,63.99
69495,Historical,206775,0,0,S,9,1,145712,34.99,2007,108,26.57,14.14
69496,Historical,649216,0,0,S,4,1,889160,59.95,2005,25,33.04,47.14
69497,Historical,120540,0,0,S,2,1,21811,194.4,2009,79,43.98,96.91
69498,Historical,573551,0,0,S,0,0,96164,17,1997,46,13.95,35.02
69499,Historical,50017,0,0,S,3,1,3325865,90.5,2003,62,93.67,27.82
69500,Historical,539697,0,0,S,4,1,6617,37.44,2013,60,19.12,13.34
69503,Historical,892968,0,0,S,2,1,6262,39.95,2014,26,31.59,26.47
69505,Historical,908077,0,0,S,2,1,446134,44,2013,12,0,38.93
69506,Historical,102403,0,0,S,0,0,950961,13.95,2005,236,4.49,4.28
69507,Historical,248262,0,0,S,4,1,17583,34,2011,56,20.78,27.75
69508,Historical,903703,0,0,S,2,1,83996,39.95,2014,21,35.72,29.3
69509,Historical,865512,0,0,S,2,1,264522,39.95,2014,16,29.86,29.96
69510,Historical,801922,0,0,S,2,1,233614,41.95,2009,24,27.09,29.97
69511,Historical,916237,0,0,S,2,1,800545,31.75,2002,46,0,28.89
69512,Historical,206644,0,0,S,5,1,3062458,29.99,2002,53,7.11,4.88
69513,Historical,543962,1,1,S,5,1,24989,73.99,2013,80,31.07,58.48
69514,Historical,864841,0,0,S,5,1,753460,159.75,2013,23,31.07,47.96
69515,Historical,298291,0,0,S,5,1,377934,43.95,2009,36,21.74,32.59
69516,Historical,1741142,0,0,S,2,1,1753831,134.34,2006,22,0,57.83
69517,Historical,635344,0,0,S,0,0,598833,92,2003,30,0,71.69
69518,Historical,802676,0,0,S,12,1,2486028,34.99,2009,26,22.34,11.25
69519,Historical,545040,0,0,S,14,1,616667,34.99,2013,20,22.34,27.94
69520,Historical,761224,0,0,S,2,1,371046,34.95,2004,55,5.91,14.48
69521,Historical,529592,1,1,S,0,0,10273,15.95,2007,171,4.02,10.02
69522,Historical,529591,0,0,S,13,1,1203140,34.99,2011,15,23.11,24.99
69524,Historical,135528,0,0,S,1,0,1018751,39.95,2010,88,28.98,8.96
69525,Historical,657955,0,0,S,2,1,182880,48.95,2013,23,28.33,28.95
69527,Historical,859696,0,0,S,3,1,1508829,110,2008,32,45.13,53.99
69528,Historical,542948,1,1,S,2,1,2341,35,2008,84,14.94,13.75
69529,Historical,536252,0,0,S,1,0,3721,35,2012,80,0,0
69530,Historical,923519,0,0,S,1,0,79853,35,1998,208,14.94,13.13
69532,Historical,557206,0,0,S,8,1,74112,155.8,2003,63,6.39,48.99
69533,Historical,108954,0,0,S,6,1,1311360,42.87,2006,28,133.95,43.71
69534,Historical,199518,0,0,S,1,0,465454,93,2003,11,0,39.63
69535,Historical,529586,0,0,S,3,1,748571,25,2012,36,17.59,8.08
69536,Historical,1582981,0,0,S,5,1,171248,54.99,2010,16,46.07,40.82
69537,Historical,1739386,0,0,S,37,1,697728,29.95,2014,43,21.74,3.98
69538,Historical,658058,0,0,S,2,1,647751,45,2013,33,31.98,28.76
69540,Historical,864662,1,2,S,18,1,440620,39.99,2013,76,24.53,23.49
69541,Historical,610059,0,0,S,17,1,760538,39.99,2011,49,24.53,26.98
69542,Historical,609534,0,0,S,15,1,2166896,29.99,2008,47,24.53,8.38
69543,Historical,609547,1,1,S,16,1,1109765,39.99,2009,62,24.53,10.99
69544,Historical,619404,0,0,S,8,1,902241,49.99,2007,38,17.87,20.98
69545,Historical,1855506,0,0,S,16,1,51224,49.99,2015,16,33.78,33.42
69546,Historical,896972,0,0,S,15,1,664577,49.99,2013,29,7.19,133.75
69547,Historical,655185,0,0,S,15,1,1004458,39.99,2013,17,0,36.08
69548,Historical,609555,0,0,S,9,1,2188780,39.99,2010,39,26.98,5.88
69549,Historical,529580,0,0,S,5,1,66156,32,2011,49,14.8,20.51
69550,Historical,674463,0,0,S,3,1,1807186,27.5,2006,53,14.8,4.83
69551,Historical,193202,0,0,S,4,1,1445050,27.5,2008,69,14.8,7.98
69552,Historical,193201,0,0,S,4,1,1417021,30,2007,72,7.72,8.94
69554,Historical,244388,0,0,S,7,1,599437,68.95,2012,21,36.91,38
69555,Historical,620278,0,0,S,3,1,50904,45.95,2009,51,8.99,27.94
69556,Historical,881668,0,0,S,2,1,77994,60,2015,15,42.1,38.2
69557,Historical,529576,0,0,S,10,1,70949,14.99,2009,39,7.49,9.8
69558,Historical,647543,0,0,S,0,0,895869,40,2001,22,29.82,37.28
69559,Historical,262782,0,0,S,3,1,188349,54.95,2010,15,40.99,50.65
69560,Historical,118214,0,0,S,5,1,73822,78,2008,40,27.91,43.99
69561,Historical,56857,0,0,S,4,1,1967,22,2009,276,8,9.95
69563,Historical,802629,0,0,S,5,1,349684,29.99,2007,14,0,0
69564,Historical,610143,0,0,S,3,1,12078,50,2014,44,31.24,30.39
69565,Historical,307950,0,0,S,3,1,162981,55,2002,59,4,21.95
69566,Historical,2834946,0,0,S,2,1,1198870,55.36,2001,22,0,55.36
69567,Historical,529567,0,0,S,5,1,618204,45,2010,34,10.92,19.46
69568,Historical,867566,0,0,S,6,1,1248230,29.99,2014,34,0,7.69
69569,Historical,529558,0,0,S,2,1,213600,24.99,2008,52,4.19,10.37
69570,Historical,248472,0,0,S,16,1,1128989,49.99,2005,19,26.81,18.98
69571,Historical,911607,1,1,S,4,1,988231,47,2010,24,59.24,15.25
69572,Historical,569032,0,0,S,2,1,45636,39.99,2006,84,22.98,33.05
69573,Historical,747678,0,0,S,2,1,612799,32.95,2010,28,13.52,24.53
69575,Historical,529549,0,0,S,4,1,38076,29.95,2009,65,13.99,20.79
69576,Historical,529548,0,0,S,7,1,170912,21.95,2009,47,14.98,38.95
69578,Historical,862097,0,0,S,5,1,57620,51.95,2014,48,38.99,30.87
69579,Historical,861417,0,0,S,6,1,114689,79.25,2013,50,47.43,66.81
69580,Historical,55992,0,0,S,3,1,32472,16.99,2003,247,5.99,9.72
69581,Historical,278195,0,0,S,2,1,373141,64.95,2006,20,0,0
69582,Historical,863019,0,0,S,2,1,761938,34,2002,56,4,10.87
69584,Historical,900839,0,0,S,2,1,1619542,59.95,2010,18,23.36,58.57
69585,Historical,626448,0,0,S,2,1,817573,59.95,2004,33,23.36,34.2
69587,Historical,3086378,0,0,S,5,1,96071,69.95,2004,61,31.95,46.55
69588,Historical,622081,0,0,S,4,1,593699,68.25,2002,33,0,23.99
69589,Historical,247766,0,0,S,2,1,139228,41.95,2006,18,0,23.59
69590,Historical,246824,1,1,S,1,0,37655,77.53,2007,46,0,12.98
69592,Historical,545856,0,0,S,2,1,96422,38.95,2012,34,18.78,30.94
69593,Historical,538860,0,0,S,7,1,25526,118.5,2013,53,53.99,70.27
69594,Historical,852681,0,0,S,3,1,1457926,33.12,2001,49,53.99,9.98
69596,Historical,619039,0,0,S,2,1,428587,45.6,2001,35,0,0
69597,Historical,540130,0,0,S,10,1,8524,77.6,2012,148,27.39,15.49
69598,Historical,2165772,0,0,S,8,1,80694,74.25,2014,66,52.27,41.99
69600,Historical,858762,0,0,S,1,0,833407,125,2000,32,0,32.98
69601,Historical,609541,0,0,S,7,1,805510,34.99,2009,28,8.88,19.37
69602,Historical,906636,0,0,S,12,1,336297,34.99,2014,34,22.97,24.3
69603,Historical,534850,1,1,S,11,1,456488,34.99,2012,38,22.97,50.04
69604,Historical,529539,0,0,S,10,1,747374,34.99,2010,52,22.97,5.99
69605,Historical,658064,0,0,S,2,1,64685,44,2013,48,29.04,29.34
69606,Historical,635765,0,0,S,7,1,1266627,61,2011,20,28.98,55
69607,Historical,872629,0,0,S,5,1,513567,30.95,1998,69,28.98,7.8
69608,Historical,248290,0,0,S,7,1,92536,107.95,2004,57,23.72,38.98
69609,Historical,909142,0,0,S,2,1,1036202,36.95,2008,38,35.13,18.23
69610,Historical,865260,0,0,S,3,1,382593,45,2013,29,35.13,33.64
69613,Historical,525418,1,2,S,1,0,59704,95.8,2010,46,0,43.96
69614,Historical,2102740,0,0,S,2,1,70005,54.95,2014,27,43.7,36.73
69615,Historical,529532,0,0,S,2,1,643042,46.95,2009,18,46.42,39.45
69616,Historical,415850,1,2,S,2,1,597035,75,2009,31,11.94,30.83
69617,Historical,903674,0,0,S,1,0,83754,42,2014,35,19.99,24.61
69618,Historical,184083,0,0,S,3,1,2715374,122.95,2005,24,29.85,27.48
69619,Historical,529531,0,0,S,4,1,574210,121.95,2010,39,29.85,53.96
69620,Historical,181985,0,0,S,6,1,541227,49.99,2006,113,4,10.74
69621,Historical,1625262,0,0,S,2,1,252683,39.99,2014,24,15.05,26.96
69622,Historical,529529,0,0,S,3,1,1184583,79.95,2006,33,4.98,22.49
69623,Historical,529528,0,0,S,3,1,738500,144.95,2006,49,4,17.88
69624,Historical,639663,0,0,S,8,1,40781,39.99,2013,38,23.48,27.04
69625,Historical,529527,0,0,S,3,1,55845,39.99,2014,31,19.97,24.83
69626,Historical,162929,0,0,S,5,1,180678,39.99,2010,35,6.94,5.97
69627,Historical,163426,1,1,S,7,1,564418,37.99,2011,67,0,5.87
69628,Historical,1759395,0,0,S,2,1,434134,39.95,2015,24,22.02,25.26
69629,Historical,913672,0,0,S,2,1,59718,39.99,2014,45,16.78,25.54
69630,Historical,644460,0,0,S,2,1,280780,44.99,2013,46,10.72,28.03
69631,Historical,893196,0,0,S,2,1,719941,39.99,2014,17,25.59,26.45
69633,Historical,114838,0,0,S,2,1,93614,152.6,2001,60,44.03,100.61
69634,Historical,1448779,0,0,S,10,1,3189711,139.2,2008,13,96.99,178.64
69635,Historical,1927484,0,0,S,8,1,163426,87.95,2011,19,74.46,38.87
69636,Historical,217300,0,0,S,3,1,192527,49,2007,42,32.03,34.61
69637,Historical,873139,0,0,S,2,1,637418,116.94,2006,19,0,211.34
69638,Historical,416453,0,0,S,1,0,403197,112.5,2004,86,0,21.98
69639,Historical,288100,0,0,S,2,1,972852,179,2004,18,0,30.89
69640,Historical,132396,0,0,S,2,1,62827,180.95,2007,62,50.51,68.97
69641,Historical,145977,0,0,S,6,1,736704,223.4,2010,33,104.39,321.06
69642,Historical,639919,0,0,S,7,1,695831,171,2011,27,83.99,151.47
69643,Historical,638240,0,0,S,7,1,271863,172.73,2013,63,104.39,82.87
69644,Historical,549496,0,0,S,3,1,465995,112.5,2011,26,92.99,35.98
69645,Historical,579508,0,0,S,6,1,1636393,126.63,2003,47,173.3,11.02
69646,Historical,477600,0,0,S,3,1,1015627,55.95,2008,26,9.47,38.62
69647,Historical,146563,1,2,S,9,1,845582,138.87,2011,21,118.76,108.89
69648,Historical,534417,1,2,S,9,1,225550,114.8,2008,114,111.93,47.25
69649,Historical,146565,0,0,S,10,1,546641,138.87,2011,46,111.93,113.99
69650,Historical,534416,1,8,S,9,1,784480,114.8,2008,60,111.93,23.88
69651,Historical,623445,0,0,S,1,0,423906,145.4,2011,46,61.4,69.28
69652,Historical,635614,1,2,S,2,1,480027,159.75,2012,35,0,20.51
69653,Historical,51868,0,0,S,3,1,610935,114.67,1999,38,83.99,27.99
69654,Historical,467991,0,0,S,5,1,351699,93.95,2008,28,38.18,98.34
69655,Historical,537995,1,1,S,4,1,410747,90.8,2004,24,70.89,103.78
69656,Historical,1957066,0,0,S,2,1,1378580,64.3,2012,16,35.94,67.52
69657,Historical,416479,0,0,S,5,1,976201,22.99,2006,66,4.11,21.98
69658,Historical,287644,0,0,S,2,1,34198,148.2,2010,53,127.54,101.97
69659,Historical,57332,0,0,S,3,1,1650535,79.2,2000,37,101.27,30.43
69660,Historical,57333,0,0,S,4,1,783612,118.8,2003,62,101.27,13.69
69661,Historical,129392,0,0,S,2,1,419725,49.95,2010,59,33.33,27.99
69662,Historical,603491,1,1,S,2,1,597465,59.95,2012,37,43.37,44.49
69663,Historical,120081,1,1,S,2,1,72786,183.6,2009,55,29.94,27.51
69664,Historical,223248,0,0,S,1,0,1203985,83.95,2000,41,72.95,11.59
69665,Historical,230358,0,0,S,3,1,1028016,229.95,2000,79,4.95,12.96
69666,Historical,58453,0,0,S,2,1,2372041,93.95,2000,47,127.74,7.97
69667,Historical,426310,0,0,S,2,1,271513,92.95,2010,54,48.73,78.21
69668,Historical,53241,0,0,S,6,1,1110747,247.95,2005,49,148.96,19.94
69669,Historical,56263,0,0,S,3,1,1492480,124.4,2005,35,73.99,47.27
69670,Historical,515176,0,0,S,1,0,544793,191,2008,52,55.89,61.61
69671,Historical,663759,0,0,S,8,1,47067,217.95,2013,44,17.98,23.05
69672,Historical,446360,0,0,S,2,1,206561,142.95,2012,43,25.99,65.76
69673,Historical,656057,0,0,S,7,1,347659,135.93,2013,41,73.99,102.67
69674,Historical,416490,0,0,S,9,1,1303624,152.25,2005,83,100.99,15.72
69676,Historical,600755,0,0,S,3,1,139926,85.99,2013,48,10.45,14.23
69677,Historical,468829,0,0,S,2,1,497008,105,2005,20,18.91,85.51
69678,Historical,467827,0,0,S,2,1,415787,43.95,2002,64,47.68,10.93
69679,Historical,529512,0,0,S,2,1,309724,33.95,2012,22,19.34,22.93
69680,Historical,426189,0,0,S,2,1,235477,145,2005,20,18.85,21.95
69681,Historical,439582,0,0,S,2,1,622025,99,1994,33,4.58,48.99
69682,Historical,914793,0,0,S,2,1,23844,40,2014,31,17.98,21
69683,Historical,878311,0,0,S,13,1,26181,102.4,2014,33,85.86,55.22
69684,Historical,428315,0,0,S,9,1,4458422,75.6,2002,42,85.86,8.98
69685,Historical,629657,0,0,S,4,1,1516484,57,2012,26,33.05,49.45
69686,Historical,579566,0,0,S,2,1,147601,84.95,2000,33,42.23,64.98
69687,Historical,1455958,1,1,S,2,1,542721,152.67,2015,51,126.77,51.98
69688,Historical,52320,0,0,S,3,1,1875981,7.95,2003,89,164.4,7.33
69689,Historical,416625,1,1,S,7,1,65899,63.48,2008,83,21.99,50.99
69691,Historical,420554,0,0,S,9,1,384277,114,2001,81,5.49,18.98
69692,Historical,52318,0,0,S,4,1,2483990,19.99,2007,27,164.4,21.09
69693,Historical,415714,0,0,S,7,1,949607,64,2008,17,11.31,52.87
69694,Historical,109430,0,0,S,5,1,2469780,8.89,2005,32,128.94,10.94
69695,Historical,508711,0,0,S,1,0,391285,42.95,1997,48,0,33.64
69696,Historical,634075,0,0,S,0,0,320812,39.95,2011,30,24.99,29.17
69697,Historical,246217,0,0,S,5,1,620967,90,2004,39,12.54,30.04
69698,Historical,55124,0,0,S,8,1,2067208,93,2004,46,73.96,37.62
69699,Historical,213013,0,0,S,2,1,145238,125.95,2008,39,81.85,76.99
69700,Historical,416412,0,0,S,6,1,2320980,38.95,2004,47,141.62,38.95
69701,Historical,541776,0,0,S,4,1,183627,67.95,2013,60,34.06,30.23
69702,Historical,420058,0,0,S,3,1,546922,89.95,2010,39,23.52,52.99
69703,Historical,529498,0,0,S,2,1,1620611,78,2010,24,21.48,48.21
69704,Historical,109172,0,0,S,8,1,2730327,96.88,2004,40,119.54,10.94
69705,Historical,426353,0,0,S,5,1,3641853,72,2004,23,21.54,33.94
69706,Historical,426360,0,0,S,6,1,1424073,87.95,2007,27,21.54,53.56
69707,Historical,550236,0,0,S,1,0,165144,229.75,2012,59,0,148.87
69708,Historical,51684,0,0,S,3,1,2162756,109.35,2003,74,121.79,20.65
69709,Historical,535715,0,0,S,6,1,59127,122.25,2013,51,63.71,63.47
69710,Historical,165549,0,0,S,3,1,1950423,0,2003,49,63.71,33.25
69711,Historical,529495,0,0,S,3,1,1045526,112.75,2005,33,0,73.95
69712,Historical,454224,0,0,S,2,1,2969345,84.99,2007,33,5.84,18.23
69713,Historical,61212,0,0,S,9,1,2024880,101.95,2001,42,79.02,19.9
69714,Historical,426171,0,0,S,3,1,449949,72.95,2002,46,15.14,43.99
69715,Historical,569082,0,0,S,1,0,395059,64.99,2012,23,0,50.97
69716,Historical,218728,0,0,S,4,1,49651,155,2010,80,53.87,56.81
69717,Historical,569455,0,0,S,1,0,597576,269.95,1994,27,11.95,52.09
69718,Historical,621037,0,0,S,2,1,294843,79.95,2009,25,0,0
69719,Historical,416282,0,0,S,5,1,8828638,79.69,2001,14,90.98,68.99
69720,Historical,416447,0,0,S,6,1,2870749,111,2004,23,90.98,14.47
69721,Historical,421868,0,0,S,2,1,1477890,182.6,2006,30,11.59,49.23
69722,Historical,2550518,0,0,S,9,1,3643227,77,1993,18,202.99,114.95
69723,Historical,643392,0,0,S,5,1,203665,45.43,2008,21,0,0
69724,Historical,113144,0,0,S,3,1,19139,99.95,2011,48,53.97,38.99
69725,Historical,240001,1,1,S,5,1,109199,38,2005,54,38.63,38
69726,Historical,419914,0,0,S,2,1,1752159,73.95,1999,20,55.99,52.43
69727,Historical,575673,0,0,S,2,1,729054,57.95,2011,22,58.7,46.54
69728,Historical,544197,0,0,S,8,1,378193,322.95,2012,65,152.74,163.83
69729,Historical,434801,1,1,S,4,1,1100102,175.53,2008,28,140.99,9.99
69730,Historical,426795,0,0,S,2,1,6374149,69.95,2004,16,59.46,53.99
69731,Historical,101371,0,0,S,4,1,1521664,228.95,2002,30,6.36,47.71
69732,Historical,192549,0,0,S,6,1,788576,79.95,1996,49,10.45,45.46
69733,Historical,879550,1,3,S,5,1,576806,69.88,2011,64,140.99,56.78
69734,Historical,177172,0,0,S,4,1,550989,386.95,2003,41,6.36,83.98
69735,Historical,533863,0,0,S,10,1,487622,161.9,2007,23,173.86,26.26
69736,Historical,54804,0,0,S,7,1,35751,131.95,2011,111,28.18,32.47
69737,Historical,114659,0,0,S,8,1,2567016,76.67,2003,41,83.99,18.76
69738,Historical,456863,0,0,S,4,1,106145,169.95,2010,50,33.97,85.96
69739,Historical,456678,1,1,S,7,1,398946,250.95,2011,45,35.67,139.62
69740,Historical,872503,0,0,S,5,1,1863129,51.9,1995,31,6.62,38.99
69741,Historical,116104,0,0,S,7,1,3444901,119.2,2004,29,64.64,7.99
69742,Historical,176713,0,0,S,1,0,709059,294.95,2000,36,0,183.99
69743,Historical,703804,0,0,S,5,1,7645855,118.25,2001,37,68.99,21.54
69744,Historical,386415,0,0,S,4,1,1508998,70,2007,40,7.77,34.08
69745,Historical,416342,0,0,S,3,1,189833,0,2004,26,18.96,96.71
69746,Historical,412956,0,0,S,3,1,4301198,193.95,2001,24,128.99,17.99
69748,Historical,867783,0,0,S,3,1,71181,83,2014,35,47.43,63.84
69749,Historical,119524,0,0,S,13,1,249833,172.47,2012,19,114.99,79.72
69750,Historical,402452,0,0,S,7,1,2906501,110.93,2003,26,189.54,11.52
69751,Historical,354806,0,0,S,2,1,1258300,219.95,2006,39,11.58,16
69752,Historical,183599,0,0,S,3,1,138482,323.95,2007,45,11.58,39.78
69753,Historical,60478,0,0,S,5,1,1924109,134.75,2002,44,7.12,17.98
69754,Historical,354896,1,2,S,6,1,56346,385.95,2005,59,7.12,27.98
69755,Historical,55118,0,0,S,10,1,444698,166.67,2004,83,114.99,6.23
69756,Historical,339895,0,0,S,2,1,329272,58.53,2010,78,147.03,25.35
69757,Historical,340240,0,0,S,2,1,1522259,0,2010,11,147.03,113.98
69758,Historical,308499,0,0,S,3,1,1860770,139,2002,25,81.76,28.99
69759,Historical,308896,0,0,S,5,1,2402097,173.75,2005,37,123.73,29.81
69760,Historical,251209,0,0,S,6,1,429651,323.95,2009,36,14.2,68.83
69761,Historical,660866,0,0,S,2,1,108024,102.95,2013,39,27.33,39.34
69762,Historical,194079,0,0,S,2,1,226266,78,2006,45,23.74,49.09
69763,Historical,52200,0,0,S,10,1,1273084,222.95,2002,115,153.91,4.95
69764,Historical,52201,0,0,S,11,1,501631,363.95,2004,110,153.91,4.68
69765,Historical,612189,0,0,S,14,1,461647,56.95,2013,11,0,0
69766,Historical,533696,0,0,S,13,1,197673,55.95,2010,25,153.91,59.95
69767,Historical,60479,0,0,S,5,1,1229350,241.95,2000,46,174.21,21.81
69768,Historical,368781,0,0,S,1,0,423686,49.95,2004,32,0,0
69769,Historical,537479,0,0,S,2,1,223447,77.33,2012,60,0,0
69770,Historical,354891,0,0,S,6,1,704703,335.95,2006,56,4.37,12.12
69771,Historical,610399,0,0,S,4,1,23961,100,2013,60,55.86,63.76
69772,Historical,907978,0,0,S,2,1,216935,53,2014,28,41.93,43.19
69773,Historical,529471,0,0,S,3,1,111709,34.99,2012,52,19.24,29.97
69774,Historical,149582,0,0,S,2,1,2843976,44.95,2001,18,151.98,44.22
69775,Historical,442410,0,0,S,0,0,80962,53.95,2007,18,0,46.48
69776,Historical,247938,0,0,S,2,1,471642,106,2009,55,24,52.39
69777,Historical,428274,0,0,S,8,1,1170320,85.4,2000,21,68.59,9.79
69778,Historical,538868,1,1,S,34,1,82835,46.93,2012,27,8.99,43.71
69779,Historical,486261,0,0,S,4,1,133367,132.95,2011,62,45.24,53.65
69780,Historical,486263,0,0,S,4,1,265689,86.42,2011,29,45.24,58.99
69781,Historical,206389,0,0,S,1,0,579616,113.95,2009,34,0,96.02
69783,Historical,1657122,0,0,S,4,1,401753,29.9,2011,12,64.02,19.98
69784,Historical,428484,1,1,S,2,1,432968,136.6,2009,59,85.49,83.79
69785,Historical,529462,0,0,S,2,1,1244338,94,2004,19,5.99,55.44
69786,Historical,60481,1,1,S,5,1,324127,88.8,2004,16,59.78,53.98
69787,Historical,126141,0,0,S,2,1,217804,112.95,2003,67,10.31,26.87
69788,Historical,3102256,0,0,S,9,1,2757690,65.95,2003,34,8.67,11.98
69789,Historical,866988,0,0,S,12,1,191547,98.95,2014,39,52.34,51.5
69790,Historical,529460,0,0,S,11,1,766615,85.95,2008,35,8.67,28.89
69791,Historical,421831,0,0,S,6,1,95973,132.95,2005,56,17.35,57.07
69792,Historical,117542,0,0,S,5,1,238364,128.8,2003,38,13.99,49.65
69793,Historical,425796,0,0,S,2,1,490439,45,2000,27,43.7,14.99
69794,Historical,111243,0,0,S,6,1,50200,79,2010,105,58.92,23.61
69795,Historical,416379,0,0,S,5,1,374880,6.2,2005,76,7.87,12.99
69796,Historical,108533,0,0,S,5,1,1318643,8.82,2005,92,6.86,4.5
69797,Historical,416035,0,0,S,4,1,3222704,24.38,2001,61,6.86,6.65
69798,Historical,111246,1,1,S,6,1,41890,79,2010,129,6.86,21.99
69799,Historical,2924517,0,0,S,7,1,420806,69,2015,18,60.97,36.94
69800,Historical,427939,0,0,S,2,1,89600,57.8,2011,44,7.53,40.88
69801,Historical,427943,1,1,S,2,1,191044,60.8,2011,41,8.58,39.98
69802,Historical,108176,1,3,S,4,1,97935,65.25,2003,74,0,33.43
69803,Historical,190405,0,0,S,10,1,172405,45.13,1995,60,5.41,67.61
69804,Historical,52874,0,0,S,5,1,2444518,73.12,1996,49,108.33,30.32
69805,Historical,519174,0,0,S,7,1,133831,190.95,2004,43,21.3,53.98
69806,Historical,131895,0,0,S,9,1,721931,204.4,2005,77,16.97,67.89
69807,Historical,518398,0,0,S,2,1,963572,39.99,2006,15,0,0
69808,Historical,263471,0,0,S,1,0,94170,40,2005,80,15.97,23.72
69812,Historical,529441,0,0,S,5,1,6276,17,2008,82,6.69,8.08
69813,Historical,288813,0,0,S,4,1,174445,70.95,2011,23,70.61,57.97
69814,Historical,864224,0,0,S,2,1,107323,42,2012,21,24.52,24.64
69815,Historical,700957,0,0,S,2,1,672036,135,2006,24,59.9,62.48
69816,Historical,696861,0,0,S,2,1,1072235,125,1997,15,19.59,23.73
69817,Historical,529440,0,0,S,3,1,419628,182.4,2012,23,136.53,102.09
69818,Historical,2858920,0,0,S,6,1,1076998,43.95,1999,19,122.57,104.34
69819,Historical,807101,0,0,S,2,1,559759,149.95,2007,32,19.79,73.83
69820,Historical,905189,0,0,S,2,1,798415,92.95,2001,22,93.96,122.94
69821,Historical,541871,0,0,S,4,1,93530,109,2012,30,60.14,53.41
69822,Historical,642220,0,0,S,7,1,115185,68.95,2012,21,51.01,55.33
69823,Historical,613293,0,0,S,0,0,555132,60,1994,115,0,6.5
69824,Historical,529437,0,0,S,4,1,939072,59.95,2007,27,4.87,40.69
69825,Historical,672389,0,0,S,3,1,24359,19.95,2005,211,0,0
69828,Historical,643075,0,0,S,2,1,348067,44.99,2011,17,0,31.68
69830,Historical,613800,1,2,S,2,1,1842,58.5,2011,107,0,0
69831,Historical,649686,0,0,S,2,1,607189,38,2012,40,10.8,18.99
69832,Historical,1467578,0,0,S,2,1,227463,42,2007,50,10.8,29.99
69833,Historical,1465864,0,0,S,1,0,68733,62,2014,43,0,46.39
69834,Historical,539764,0,0,S,2,1,1385912,48,2012,29,3.99,30.64
69836,Historical,1465870,0,0,S,1,0,765753,54,2014,23,54.57,53.82
69837,Historical,1465865,0,0,S,1,0,104027,62,2014,30,50.05,55.99
69839,Historical,1465850,0,0,S,2,1,489920,50,2012,50,50.86,49.5
69840,Historical,864396,0,0,S,2,1,317137,38,2013,35,36.26,35.21
69841,Historical,539765,0,0,S,2,1,504273,51,2012,23,33.94,47.76
69843,Historical,1465847,0,0,S,2,1,631438,42,2012,21,0,20.1
69844,Historical,1465855,0,0,S,0,0,843451,48,2012,56,21.21,13.54
69846,Historical,627874,0,0,S,0,0,28607,52,2012,51,33.99,46.11
69848,Historical,881504,0,0,S,0,0,73715,38,2014,19,40.69,37
69849,Historical,860807,0,0,S,2,1,574964,50,2012,21,0,48.99
69850,Historical,663156,0,0,S,2,1,336337,52,2013,38,45.89,36.98
69851,Historical,529433,0,0,S,1,0,244501,70,2012,25,33.74,45.75
69852,Historical,285794,0,0,S,5,1,135637,108,2001,26,0,0
69853,Historical,54937,0,0,S,8,1,1038561,72.8,2007,35,54.89,10.96
69854,Historical,202231,1,1,S,2,1,1012719,323.95,2000,61,0,53.94
69856,Historical,874588,1,1,S,0,0,565113,94.95,2011,19,78.99,20.79
69857,Historical,867792,0,0,S,0,0,365813,104.95,2014,35,58.91,46.53
69858,Historical,2006350,0,0,S,0,0,401791,99.95,2013,30,92.38,13.97
69859,Historical,639767,0,0,S,1,0,528536,94.76,2012,39,0,22.58
69861,Historical,646010,0,0,S,1,0,1175805,59.95,2012,13,0,35.09
69864,Historical,534692,0,0,S,1,0,363763,86.95,2012,62,9.08,7.49
69865,Historical,255865,0,0,S,0,0,1144405,97.95,2011,38,73.99,12.81
69866,Historical,255866,0,0,S,0,0,1621937,86.95,2011,32,73.99,29.74
69867,Historical,298878,0,0,S,1,0,947795,95.95,2011,65,24.44,31.9
69868,Historical,254626,0,0,S,1,0,858705,95.95,2012,80,24.44,17.57
69869,Historical,867224,1,3,S,1,0,241509,112,2014,65,242.69,9.77
69870,Historical,253961,0,0,S,1,0,894060,108,2010,48,242.69,10.68
69871,Historical,253962,0,0,S,1,0,1158524,99.95,2010,30,80.97,35
69872,Historical,600283,0,0,S,0,0,1689007,90.2,2010,36,12.94,32.98
69874,Historical,609214,0,0,S,3,1,1135769,46.99,2008,19,16.84,48.79
69875,Historical,539533,0,0,S,4,1,198894,72.4,2013,24,50.23,58.48
69876,Historical,546552,0,0,S,2,1,119268,69.95,2011,60,15.8,37.59
69877,Historical,224693,0,0,S,8,1,131901,139.95,2012,63,83.91,66.98
69878,Historical,127490,1,1,S,4,1,473174,91.95,2009,49,52.18,70.99
69879,Historical,442630,0,0,S,1,0,197112,35.95,2012,23,27.61,26.07
69880,Historical,462406,0,0,S,2,1,547340,46.95,1999,46,15.25,31.42
69882,Historical,110167,0,0,S,2,1,16897,111.25,2011,61,35.93,24.49
69883,Historical,638331,0,0,S,3,1,1037239,50.95,2005,43,14.41,42.66
69884,Historical,158079,0,0,S,3,1,312964,45.95,2004,21,41.89,45.74
69885,Historical,871957,0,0,S,6,1,2234931,63,1996,14,99.99,40
69886,Historical,658537,0,0,S,3,1,506594,44.95,2009,18,40.91,39.95
69887,Historical,2405247,0,0,S,0,0,76926,39.95,1988,65,0,21.49
69888,Historical,1826595,0,0,S,7,1,1361556,69.95,2013,28,11.86,11.79
69893,Historical,801592,0,0,S,0,0,1441163,41.95,2008,14,0,30.49
69894,Historical,616526,1,1,S,2,1,53389,215.75,2012,39,98.42,96.51
69896,Historical,58476,0,0,S,2,1,1469856,57.95,2002,41,42.77,12.1
69897,Historical,781555,0,0,S,3,1,349476,39.95,2007,12,9.58,36.86
69898,Historical,700925,0,0,S,6,1,962215,55,2005,27,11.68,29.44
69899,Historical,860809,0,0,S,3,1,1189343,60,2012,23,19.14,18.97
69900,Historical,1425803,1,3,S,0,0,229714,12.49,2009,31,0,18.47
69901,Historical,661137,0,0,S,3,1,105591,50,2011,11,0,0
69902,Historical,614461,0,0,S,2,1,635281,65,2011,51,21.74,48.55
69903,Historical,887465,0,0,S,2,1,1189432,89.95,2015,22,55.06,21.94
69904,Historical,294042,1,1,S,2,1,2515246,120.95,2001,42,60.33,15.93
69905,Historical,612767,0,0,S,2,1,341655,43.95,2013,14,47.89,43.94
69906,Historical,529405,1,1,S,7,1,348109,49.95,2009,62,28.92,28.38
69907,Historical,529404,0,0,S,4,1,650741,60.95,2011,20,33.98,34.49
69908,Historical,870306,0,0,S,3,1,24094,49.95,2014,28,43.7,35
69909,Historical,870093,0,0,S,1,0,21374,39.99,2014,32,26.11,26.22
69911,Historical,635769,0,0,S,2,1,185397,37.5,2011,37,21.95,30.51
69912,Historical,2694835,0,0,S,3,1,1670472,130,2004,21,0,55.79
69913,Historical,544525,1,1,S,3,1,229315,261.95,2013,43,73.97,80.46
69914,Historical,55225,1,1,S,0,0,1028595,55.95,1996,61,57.36,33.24
69915,Historical,55226,0,0,S,0,0,28856,111,2006,75,57.36,58.99
69916,Historical,51694,0,0,S,4,1,3534065,54.52,2004,21,111.96,22.99
69917,Historical,142717,0,0,S,3,1,953745,71,2011,20,0,41.49
69918,Historical,268169,0,0,S,0,0,502743,43,2005,31,4.01,62.77
69919,Historical,2073447,1,1,S,2,1,1012039,199.95,2011,50,0,193.96
69920,Historical,2058667,0,0,S,0,0,1035047,76.64,2007,52,0,40.29
69921,Historical,835661,0,0,S,3,1,836269,209.95,2003,23,0,75.92
69922,Historical,879349,0,0,S,4,1,3794,64.6,2014,68,45.86,51.99
69923,Historical,54629,1,1,S,1,0,643386,40,2002,52,45.86,13.99
69924,Historical,922359,0,0,S,0,0,124729,120.03,2012,69,0,134
69926,Historical,2096715,0,0,S,2,1,413349,129.95,2012,19,0,181.85
69927,Historical,193071,0,0,S,4,1,66900,71.95,2010,51,22.25,28.98
69928,Historical,632096,0,0,S,0,0,386899,47,2012,72,38.79,43.49
69929,Historical,143293,0,0,S,6,1,248969,43,2010,37,30.68,38.98
69930,Historical,869387,0,0,S,7,1,86022,64.95,2015,34,52.91,38.98
69931,Historical,536390,0,0,S,5,1,255961,82.95,2013,33,42.51,51.99
69932,Historical,647066,0,0,S,10,1,707510,43.95,2012,28,23.87,28.14
69933,Historical,435262,0,0,S,8,1,299619,82.95,2012,24,13.67,41.02
69934,Historical,618459,0,0,S,2,1,1082081,102.95,2009,16,9.19,19.98
69935,Historical,617413,0,0,S,2,1,789220,64.95,2006,39,17.98,26.99
69936,Historical,566400,0,0,S,5,1,798774,69.95,2003,57,52.91,18.97
69937,Historical,1989670,0,0,S,1,0,60663,39.99,2014,36,23.81,25.49
69938,Historical,661220,0,0,S,0,0,285458,35,2010,23,33.97,36.35
69939,Historical,551321,0,0,S,2,1,1864486,110.75,2004,46,5.43,18.98
69940,Historical,564722,0,0,S,2,1,440389,41.95,2007,48,33.06,34.69
69941,Historical,1467993,0,0,S,1,0,868516,40.95,2008,12,0,30.97
69942,Historical,887355,0,0,S,1,0,430676,75,2015,19,58.57,45.82
69943,Historical,529398,0,0,S,2,1,944961,71.99,2011,33,30.97,50.79
69945,Historical,2619290,0,0,S,2,1,1226779,211.95,1996,38,11.12,38.98
69946,Historical,665318,0,0,S,2,1,887239,46.95,2012,17,39.19,34.33
69949,Historical,162510,0,0,S,1,0,310567,19.99,2008,44,8.98,25.98
69950,Historical,106549,0,0,S,4,1,148542,25,2009,35,0,0
69951,Historical,620094,0,0,S,2,1,20385,70,2009,106,27.97,48.69
69952,Historical,421336,0,0,S,4,1,186593,119.4,2005,44,13.7,24.77
69953,Historical,2102083,0,0,S,0,0,762377,45.99,2013,13,0,45.99
69954,Historical,625660,0,0,S,3,1,425483,75.95,2012,28,35.44,46.73
69955,Historical,826223,0,0,S,2,1,1114689,38.95,1997,57,68.94,8.91
69956,Historical,651025,1,1,S,2,1,1086392,49.99,2007,30,21.44,31.23
69957,Historical,529390,0,0,S,2,1,235882,49.99,2008,31,30.98,26.59
69958,Historical,131669,0,0,S,10,1,2572714,88,2003,55,100.78,33.99
69959,Historical,2396797,0,0,S,2,1,1283996,55.95,1993,37,4,88.24
69960,Historical,109535,0,0,S,2,1,723257,50.81,2005,42,4.98,53.8
69961,Historical,705349,0,0,S,2,1,1630547,101.47,2005,21,4.98,73.26
69962,Historical,177856,0,0,S,5,1,2178310,92.95,2003,44,107.4,10.61
69963,Historical,115613,0,0,S,7,1,410766,117.6,2002,52,4,43.94
69964,Historical,194147,0,0,S,4,1,41550,19.95,2007,69,0,0
69965,Historical,199915,0,0,S,3,1,5426827,72.95,2001,33,38.98,30
69967,Historical,542093,0,0,S,2,1,12534,29.99,2003,95,0,19.97
69968,Historical,110265,1,1,S,1,0,351872,96.18,2007,31,0,38.94
69969,Historical,618279,0,0,S,12,1,626721,165.6,2008,37,181.6,47.36
69970,Historical,539975,0,0,S,2,1,520641,58.4,2011,30,35.68,43.97
69971,Historical,868274,0,0,S,3,1,44681,61.88,2014,44,45.81,50.55
69972,Historical,267947,0,0,S,1,0,1470639,13.95,2004,33,5.26,9.72
69974,Historical,872605,0,0,S,0,0,2948051,28,1987,41,23.98,18.88
69975,Historical,127274,0,0,S,4,1,1901540,47.95,2005,34,25.59,13.99
69976,Historical,1862009,0,0,S,0,0,1532209,12.99,2007,78,69.6,5.99
69977,Historical,612436,0,0,S,3,1,745906,96,2013,11,48.56,63.99
69978,Historical,912344,0,0,S,2,1,10638,20,2014,31,13.25,14.18
69979,Historical,173842,0,0,S,2,1,681951,59.99,2006,23,0,47.97
69980,Historical,268300,0,0,S,2,1,251143,59,2008,31,30.99,42.89
69981,Historical,610481,0,0,S,3,1,39348,60,2014,28,29.98,34.53
69982,Historical,877486,1,1,S,7,1,469791,60.81,2014,28,78.05,90.99
69983,Historical,53857,0,0,S,3,1,2485829,82,2002,105,78.05,8.99
69984,Historical,53858,0,0,S,4,1,730997,110,2005,18,78.05,13.99
69985,Historical,529379,0,0,S,2,1,290384,54,2010,34,21.53,40.97
69986,Historical,917333,0,0,S,5,1,2450783,18.66,2004,31,68.67,18.66
69987,Historical,911765,0,0,S,3,1,350809,49.95,2012,21,47.91,27.14
69988,Historical,545654,0,0,S,2,1,169567,59,2013,27,35.48,34.92
69989,Historical,865854,0,0,S,2,1,1535439,43,2010,16,40.52,36.16
69990,Historical,2511500,0,0,S,5,1,2529649,77.02,1984,16,53.63,121.02
69991,Historical,154230,0,0,S,8,1,472909,173.75,1996,46,53.63,70.71
69992,Historical,58468,0,0,S,29,1,918850,208.95,2010,67,131.1,7.99
69993,Historical,150009,0,0,S,3,1,146731,35,2006,208,4,7.99
69994,Historical,529378,0,0,S,5,1,1859140,49.99,2009,30,4.81,46.65
69996,Historical,860810,0,0,S,2,1,270687,64.95,2012,14,49.76,61.88
69997,Historical,529376,0,0,S,3,1,80352,60,2013,39,35.1,42.99
69998,Historical,2336360,0,0,S,2,1,879716,28.12,1994,11,0,73.98
69999,Historical,529373,0,0,S,2,1,335825,39.99,2008,30,30.46,32.42
70000,Historical,146430,0,0,S,1,0,424756,34.99,2010,131,30.29,4.97
70001,Historical,656924,0,0,S,1,0,263884,49.99,2013,22,0,0
70002,Historical,655622,0,0,S,1,0,1167833,49.99,2010,16,0,73.02
70006,Historical,529370,0,0,S,2,1,542617,39.99,2009,8,13.54,14
70007,Historical,726336,0,0,S,2,1,573736,35,2009,16,15.95,15.44
70008,Historical,557159,0,0,S,2,1,249869,51,2001,16,0,0
70010,Historical,2004779,0,0,S,0,0,427896,39.95,2011,23,24.98,29.27
70011,Historical,1747568,0,0,S,0,0,148871,39,2007,17,28.13,28.69
70012,Historical,1742699,0,0,S,1,0,185694,15.95,2006,17,28.13,12.97
70013,Historical,1470895,0,0,S,1,0,295961,56,2013,17,54.37,53
70014,Historical,630644,0,0,S,2,1,189769,69.95,2013,29,25.22,39.26
70015,Historical,293497,0,0,S,2,1,800531,74.95,1995,21,0,59.86
70016,Historical,662416,0,0,S,3,1,1200373,174,2009,24,4,101.21
70018,Historical,617913,0,0,S,4,1,3793223,183.95,2009,16,24.9,62.37
70019,Historical,297861,0,0,S,5,1,2570559,204.95,2010,24,24.9,22.94
70020,Historical,246744,0,0,S,2,1,91351,68.95,2009,31,50.8,44.24
70021,Historical,161716,0,0,S,2,1,483322,80,2007,28,63.99,59.9
70022,Historical,657859,0,0,S,2,1,287592,59,2013,38,17.72,47.26
70023,Historical,617471,0,0,S,4,1,681889,242.95,1993,68,4.61,42.98
70024,Historical,114789,0,0,S,3,1,481970,155,2002,24,9.39,125.57
70025,Historical,660417,0,0,S,2,1,476651,89.33,2007,26,0,69.12
70026,Historical,845348,0,0,S,3,1,435062,87.56,1990,24,14.9,90.67
70027,Historical,266985,1,1,S,2,1,577273,88,2007,38,46.62,56.98
70029,Historical,607863,0,0,S,2,1,533245,137.33,2000,33,139.56,31.55
70030,Historical,624712,1,2,S,4,1,13508,60.37,2012,59,54.92,69.62
70031,Historical,125038,0,0,S,2,1,944094,44.95,1998,38,0,41.85
70032,Historical,269453,0,0,S,5,1,165601,94.95,2007,19,0,0
70033,Historical,110000,0,0,S,1,0,245649,77.3,2008,58,0,62.28
70034,Historical,903743,0,0,S,2,1,363635,52,2011,15,0,28.98
70035,Historical,876398,0,0,S,7,1,668649,123.33,2011,31,133.9,45
70036,Historical,53855,0,0,S,5,1,1685332,117.33,2004,80,133.9,40.98
70037,Historical,202383,0,0,S,5,1,2560012,126.95,2002,41,116.76,9.92
70038,Historical,130379,0,0,S,7,1,315014,154.67,2011,32,134.64,88.69
70039,Historical,1456045,0,0,S,8,1,648834,158.67,2015,27,0,103.77
70040,Historical,614049,0,0,S,3,1,3034165,86,1998,49,134.64,8.98
70041,Historical,879834,0,0,S,8,1,1909353,73.39,2007,46,119.98,22.07
70042,Historical,536399,0,0,S,5,1,154790,67.95,2013,61,33.8,48.96
70043,Historical,529357,0,0,S,8,1,1413660,65,2012,21,56.07,45.14
70044,Historical,636568,0,0,S,5,1,786447,169.99,2009,14,19.31,34.81
70045,Historical,2538547,0,0,S,2,1,1239571,43.95,2004,18,0,38.56
70046,Historical,1684284,0,0,S,1,0,325047,49.99,2014,20,0,29.84
70047,Historical,1684283,0,0,S,0,0,39438,75,2014,24,0,41.93
70048,Historical,863252,0,0,S,2,1,13760,34.95,2005,100,6.69,18.65
70049,Historical,846277,0,0,S,4,1,498621,45.96,1993,21,56.86,45.4
70050,Historical,203548,0,0,S,2,1,2649727,45.95,2003,55,71.48,9.82
70051,Historical,146131,0,0,S,2,1,918027,45,2009,57,7.94,26.15
70052,Historical,652448,0,0,S,2,1,21862,40,2013,40,26.97,25.98
70053,Historical,555790,0,0,S,1,0,1583335,38.95,2009,11,23.96,38.95
70056,Historical,162805,0,0,S,2,1,1555289,50,2009,29,6.88,12.69
70057,Historical,163126,1,1,S,2,1,40408,127,2011,41,22.05,71.95
70058,Historical,372205,0,0,S,4,1,3149598,99.95,1999,42,31.45,12.98
70060,Historical,587776,1,1,S,2,1,28958,70,2012,44,36.49,41.38
70061,Historical,867918,1,4,S,3,1,22689,108.67,2014,45,48.41,78.94
70062,Historical,3462111,0,0,S,3,1,3435400,109.33,1999,47,4.94,22.49
70063,Historical,114834,0,0,S,4,1,1099293,155.2,2002,43,4.94,47.99
70064,Historical,110089,0,0,S,3,1,355539,204,2008,87,5.11,48.33
70066,Historical,244333,0,0,S,2,1,63550,187.5,2012,73,48.99,53.98
70067,Historical,553817,0,0,S,1,0,47361,221.2,2012,41,0,72.48
70068,Historical,118944,0,0,S,8,1,57351,261.8,2008,43,6.32,77.62
70069,Historical,52214,0,0,S,3,1,540655,185.33,2007,61,153.47,10.9
70070,Historical,199259,0,0,S,1,0,477623,86,2004,46,0,38.87
70071,Historical,164426,0,0,S,4,1,4374747,22.89,2004,27,151.99,22.53
70072,Historical,529341,1,1,S,4,1,77135,86.2,2012,43,31.38,58.99
70073,Historical,50950,0,0,S,5,1,150545,127.95,2007,68,115.42,34.97
70074,Historical,298676,0,0,S,8,1,338885,171.95,2011,49,36.15,103.96
70075,Historical,646834,0,0,S,2,1,372464,99,2013,35,53.88,84.38
70076,Historical,542929,1,1,S,3,1,14317,10.99,2011,12,0,0
70078,Historical,126223,0,0,S,0,0,521094,99,2006,85,11.15,13.97
70079,Historical,649522,0,0,S,4,1,34859,60.95,2013,17,39.98,43.19
70081,Historical,3216967,0,0,S,0,0,8086,41.95,2005,0,0,28.49
70082,Historical,648981,0,0,S,2,1,299754,59.99,2012,26,0,0
70084,Historical,3492236,0,0,S,3,1,3787510,110,2005,21,0,48.78
70085,Historical,126250,0,0,S,2,1,1067660,134.95,2002,38,3.83,40.96
70086,Historical,529329,0,0,S,2,1,673714,65,2010,27,16.09,29.99
70087,Historical,636701,0,0,S,1,0,555313,39.95,2001,35,23.17,23.97
70088,Historical,774059,0,0,S,3,1,1234975,0,1999,40,109.94,30.49
70089,Historical,607514,1,2,S,2,1,610514,126,1998,44,125.14,46.39
70090,Historical,874169,0,0,S,3,1,325218,42.2,2003,27,125.14,60.89
70091,Historical,284590,0,0,S,4,1,147805,217.6,1997,49,19.17,69.98
70093,Historical,624028,0,0,S,1,0,134907,54,1983,51,0,45.51
70095,Historical,247771,0,0,S,2,1,1030590,44.95,2007,103,0,8.99
70096,Historical,625817,0,0,S,2,1,1128506,50,2001,21,0,28.8
70097,Historical,184289,0,0,S,1,0,157833,66.95,2000,27,0,51.63
70099,Historical,561356,0,0,S,2,1,707063,23.2,2010,38,6.62,8.99
70100,Historical,564985,0,0,S,1,0,506718,64.95,2012,11,0,56.53
70101,Historical,625603,1,1,S,14,1,38470,178.25,2013,47,87.98,107.41
70102,Historical,53254,0,0,S,10,1,893967,96.9,2002,93,87.98,7.35
70103,Historical,245032,1,2,S,1,0,164907,138.95,2004,40,25.92,67.04
70104,Historical,54213,0,0,S,4,1,1915403,110.95,1999,27,70.09,33.99
70105,Historical,184649,0,0,S,2,1,1767469,77.95,2000,33,73.34,44.89
70106,Historical,865042,0,0,S,2,1,1356119,42.95,2011,23,0,13.77
70107,Historical,2537746,0,0,S,3,1,10409572,39.95,2001,25,49.17,32.44
70108,Historical,642236,0,0,S,2,1,292631,42.95,2012,69,20.75,28.81
70109,Historical,899168,1,1,S,2,1,926611,41.95,2014,13,0,37.54
70110,Historical,865278,0,0,S,3,1,1354448,42.95,2011,31,0,23.09
70111,Historical,529322,0,0,S,2,1,480879,44.99,2011,30,21.76,27.77
70112,Historical,114519,0,0,S,5,1,618357,176.4,2003,65,4.34,42.1
70113,Historical,665240,0,0,S,0,0,90016,150,2012,15,0,57.98
70114,Historical,1633886,0,0,S,1,0,257810,49.99,2013,24,16.04,32.61
70115,Historical,542410,0,0,S,2,1,724238,49.99,2005,34,9.66,34.84
70116,Historical,2858973,0,0,S,2,1,1774258,26,1988,69,35.93,7.49
70117,Historical,659912,0,0,S,2,1,1210893,42.95,2012,22,6.12,18.49
70118,Historical,647017,1,1,S,2,1,79054,47.44,2012,24,0,0
70120,Historical,539946,0,0,S,7,1,61110,79.95,2013,52,53.58,54.01
70121,Historical,609466,0,0,S,3,1,2884404,86.95,2002,25,5.78,29.94
70122,Historical,609585,1,1,S,4,1,1055187,158.95,2005,45,5.78,20.46
70123,Historical,649550,0,0,S,2,1,112877,49.95,2013,17,31.32,31.03
70124,Historical,622628,0,0,S,2,1,331566,59.99,2011,22,0,30.97
70125,Historical,448086,0,0,S,3,1,731991,120,1997,35,5.46,49.19
70126,Historical,613121,0,0,S,6,1,807165,274.95,1994,95,0,53.93
70127,Historical,248297,0,0,S,5,1,3525945,171.95,2004,21,62.99,48.14
70131,Historical,2790132,0,0,S,2,1,24502,6.95,2003,49,0,6.56
70132,Historical,540830,0,0,S,2,1,1281591,49.99,2013,24,30.1,32.99
70134,Historical,173866,0,0,S,0,0,313130,39.99,2005,21,0,31.25
70135,Historical,199072,0,0,S,2,1,2400231,57.95,2000,22,62.6,33.96
70136,Historical,174842,0,0,S,0,0,931505,44.99,2006,20,0,42.91
70137,Historical,270918,0,0,S,1,0,378141,42,2010,21,29.27,28.34
70139,Historical,569670,0,0,S,2,1,141175,279.95,2001,36,0,0
70140,Historical,669165,0,0,S,3,1,481930,58,2011,21,0,58
70141,Historical,1437740,0,0,S,6,1,175515,293.25,2007,23,0,74.37
70142,Historical,651534,0,0,S,3,1,1506653,60,2010,21,43.98,33.93
70143,Historical,1687475,0,0,S,2,1,423779,66.95,2007,19,0,40.98
70144,Historical,873479,0,0,S,3,1,320603,31,1974,31,163.05,103.13
70145,Historical,619679,0,0,S,3,1,1050127,49.95,2004,39,21.8,33.99
70146,Historical,566671,0,0,S,2,1,752454,72.9,1993,27,0,67.49
70147,Historical,254022,0,0,S,12,1,590754,132,2011,22,10.19,16.29
70148,Historical,538452,1,3,S,7,1,70334,166.5,2013,64,35.81,90
70149,Historical,630262,0,0,S,2,1,565354,127.05,2004,35,0,93.96
70150,Historical,573972,0,0,S,0,0,180897,35,2009,24,13.48,17.52
70151,Historical,652221,0,0,S,6,1,294610,163.4,2013,24,163.49,112.88
70152,Historical,539501,0,0,S,6,1,1087772,237.47,2013,16,163.49,54.69
70153,Historical,1452745,0,0,S,5,1,1306851,216.67,2012,17,129.72,203.68
70155,Historical,213288,0,0,S,2,1,419931,109.95,2008,45,57.38,83.96
70157,Historical,162849,1,2,S,1,0,26580,183.5,2011,97,53,60.76
70158,Historical,178857,0,0,S,3,1,483819,96.95,2010,32,9.24,30.27
70159,Historical,233379,0,0,S,3,1,7369,56.99,2008,50,40.98,44.73
70160,Historical,233377,1,1,S,3,1,4805,49.99,2008,100,40.98,37.83
70161,Historical,644028,0,0,S,3,1,367530,59.99,2008,25,0,0
70162,Historical,233378,0,0,S,3,1,34826,49.99,2008,38,0,0
70163,Historical,233371,0,0,S,2,1,754661,58.99,2005,35,0,24.16
70164,Historical,244274,0,0,S,6,1,295253,118.95,2011,33,65.55,73.98
70165,Historical,913202,1,4,S,2,1,698875,0,2015,45,0,43.99
70166,Historical,582203,0,0,S,2,1,76824,35,2012,34,19.82,32.98
70167,Historical,682326,0,0,S,2,1,12353,28,2010,45,19.82,23.48
70168,Historical,1435328,0,0,S,3,1,630275,115,2006,30,15.36,88.13
70169,Historical,148489,0,0,S,2,1,1107050,187.95,2006,46,4,8.21
70170,Historical,622189,0,0,S,2,1,762145,101.35,1993,47,37.79,73.94
70171,Historical,592700,0,0,S,1,0,476596,45,2011,27,0,8.97
70172,Historical,60487,0,0,S,6,1,2998474,49.95,2003,61,41.97,5.98
70174,Historical,423074,0,0,S,4,1,304686,157,2009,50,10.19,20.98
70175,Historical,716107,0,0,S,6,1,366854,122.6,2012,31,90.84,88.29
70176,Historical,2619088,1,1,S,3,1,694827,72.95,1995,21,108.99,51.99
70177,Historical,292212,0,0,S,5,1,1150240,174.95,2006,75,4,8.78
70178,Historical,182939,0,0,S,1,0,783431,176.95,2007,36,0,31.71
70179,Historical,276648,0,0,S,4,1,365137,57,2007,65,5.47,45.99
70180,Historical,648178,0,0,S,1,0,997316,87,2005,24,0,49.95
70181,Historical,123957,0,0,S,1,0,297269,163.95,2002,34,0,86.15
70182,Historical,546055,0,0,S,3,1,558927,47,2012,33,27.1,29.96
70183,Historical,271093,0,0,S,3,1,898341,90,2011,22,27.1,69.2
70184,Historical,754044,0,0,S,1,0,133661,110.95,2012,21,0,52.91
70185,Historical,284977,0,0,S,1,0,378170,94,2004,30,0,22.2
70186,Historical,889044,0,0,S,2,1,335742,69,2014,13,51.88,53.3
70187,Historical,891005,0,0,S,5,1,127046,49.95,2015,18,42.74,33.98
70188,Historical,658916,0,0,S,7,1,854902,43,2012,15,9.83,31.69
70189,Historical,56184,0,0,S,3,1,4528375,96,2003,21,47.99,25.56
70190,Historical,637623,0,0,S,0,0,1133200,54,2013,34,22.73,9.63
70191,Historical,670543,0,0,S,5,1,178799,44,2012,21,0,0
70192,Historical,636061,0,0,S,4,1,1005203,35,2010,19,0,36.14
70193,Historical,545784,0,0,S,4,1,86749,78,2012,31,47.47,58.99
70194,Historical,918954,0,0,S,4,1,127843,88.95,2014,42,44.65,75.68
70195,Historical,924468,0,0,S,6,1,24746,82,2014,44,48.54,59.81
70196,Historical,57339,1,1,S,5,1,2109873,70.95,2003,49,93.51,31.1
70197,Historical,177334,1,2,S,5,1,934517,80.95,2002,77,93.51,9.93
70199,Historical,277944,1,1,S,0,0,87881,20,2007,44,36.87,37.86
70200,Historical,692336,0,0,S,4,1,5870492,117.95,2001,26,109.11,24.99
70201,Historical,51314,0,0,S,10,1,2712293,71,2003,47,56.97,8.99
70202,Historical,538677,1,2,S,6,1,43678,55.25,2012,87,3.99,29.99
70203,Historical,613166,0,0,S,5,1,1087461,48.75,2007,128,0,0
70204,Historical,550388,0,0,S,5,1,1209501,48.75,2006,31,4,15.87
70205,Historical,1438459,0,0,S,6,1,212722,55.25,2013,25,0,25.49
70206,Historical,538756,1,1,S,6,1,343964,55.25,2012,40,63.67,28.44
70207,Historical,529283,0,0,S,3,1,1138324,96,2008,17,0,13.34
70208,Historical,56805,0,0,S,4,1,2216871,92,2002,50,83.85,6.79
70210,Historical,529273,0,0,S,2,1,1389810,147.99,2007,11,0,0
70212,Historical,1574785,0,0,S,7,1,593006,114.95,2009,12,4.98,26.31
70213,Historical,116877,1,1,S,3,1,173836,176,2005,59,28.89,65.37
70214,Historical,115841,0,0,S,4,1,164384,161.8,2004,39,13.93,72.97
70215,Historical,248408,0,0,S,5,1,381792,250.95,2007,38,4.03,61.74
70216,Historical,1768994,0,0,S,4,1,163620,55.25,2012,20,33.99,47.28
70217,Historical,1768096,0,0,S,4,1,79891,55.25,2012,25,33.99,45.98
70218,Historical,1767919,0,0,S,4,1,129992,55.25,2012,21,48.99,49.29
70219,Historical,655366,0,0,S,4,1,257916,35.75,2012,29,22.82,31.98
70220,Historical,860815,0,0,S,4,1,39436,35.75,2012,20,21.99,30.69
70221,Historical,658225,0,0,S,4,1,41128,35.75,2012,31,31.41,30
70222,Historical,860816,0,0,S,4,1,397651,55.25,2012,17,31.41,46.97
70223,Historical,1768784,0,0,S,4,1,330319,55.25,2012,17,0,51.97
70224,Historical,660903,0,0,S,4,1,158966,59.99,2013,18,34.98,42.74
70225,Historical,2029071,0,0,S,3,1,1161703,60,2008,33,0,13.94
70226,Historical,129995,0,0,S,2,1,97008,79.99,1999,52,30.82,40.45
70227,Historical,539376,0,0,S,6,1,88479,136.2,2013,36,48.23,108.71
70228,Historical,529266,0,0,S,2,1,823832,46.95,2010,26,16.14,36.18
70229,Historical,867646,0,0,S,6,1,47440,103,2014,46,47.24,73.87
70231,Historical,132518,0,0,S,1,0,260873,125.8,2007,44,49.09,78.68
70232,Historical,163166,0,0,S,3,1,942302,50.95,2012,29,33.96,27.47
70233,Historical,618144,0,0,S,3,1,4001833,57,1998,34,68.12,23.01
70235,Historical,121321,0,0,S,4,1,1354803,60.4,2009,36,0,0
70236,Historical,533929,0,0,S,5,1,152832,95.95,2008,54,14.15,47.52
70237,Historical,3462135,0,0,S,2,1,1056812,55,2011,21,34.39,45.81
70238,Historical,873525,0,0,S,2,1,1547651,88,2002,87,245.85,8.99
70239,Historical,215806,0,0,S,2,1,532845,75,1995,62,118.44,9.86
70240,Historical,642796,0,0,S,4,1,735958,49.95,1974,36,79.14,61.88
70241,Historical,118029,0,0,S,6,1,72763,236.8,2006,72,79.14,102.99
70242,Historical,529259,0,0,S,2,1,35890,100,2012,53,72.69,62.48
70243,Historical,2082637,0,0,S,2,1,195838,115,2014,27,76.06,90.45
70244,Historical,529261,0,0,S,3,1,46128,55,2012,32,35.35,31.66
70245,Historical,529260,0,0,S,4,1,26304,50,2012,48,27.44,32.01
70246,Historical,529257,0,0,S,3,1,113526,68,2012,40,31.62,42.13
70247,Historical,163378,0,0,S,2,1,100262,115,2011,52,57.74,53.95
70248,Historical,111430,0,0,S,6,1,798473,33.99,2010,32,218.97,36.95
70249,Historical,53927,0,0,S,11,1,370562,409.95,2010,54,12.65,42.96
70250,Historical,148315,0,0,S,15,1,2426865,260.95,2004,40,143.29,20.04
70251,Historical,178649,0,0,S,11,1,1164588,0,2009,13,12.65,76.02
70252,Historical,166979,0,0,S,2,1,292045,307,2007,50,34.82,71.58
70253,Historical,904080,0,0,S,2,1,836948,311.25,2014,17,133.99,89.94
70254,Historical,163119,0,0,S,1,0,246473,48.49,2010,20,133.99,19.85
70255,Historical,244307,0,0,S,0,0,781000,44,2011,26,20.74,40.11
70256,Historical,165527,0,0,S,11,1,877864,7.98,2003,39,134.4,7.79
70257,Historical,111377,0,0,S,6,1,2224146,5.04,2010,27,29.09,12.69
70258,Historical,290237,1,1,S,1,0,252445,34.99,2010,39,134.4,27.49
70259,Historical,162745,0,0,S,13,1,1137846,4.99,2009,110,102.21,7.68
70260,Historical,878314,1,1,S,10,1,863036,148,2013,31,163.99,66
70261,Historical,742350,0,0,S,11,1,1610422,135.33,2010,22,68.5,47.52
70262,Historical,543858,0,0,S,5,1,1041707,289.95,2012,36,10.19,15.74
70263,Historical,569631,1,2,S,1,0,32299,228.95,2011,99,13.16,49.42
70264,Historical,874071,0,0,S,3,1,566970,111.25,2008,24,23.93,58.94
70265,Historical,115633,0,0,S,2,1,1206291,36.8,2003,26,101.49,11.99
70266,Historical,621289,0,0,S,6,1,432425,152,2012,42,58.99,22.14
70267,Historical,660967,1,1,S,6,1,577689,174,2012,22,58.99,142.84
70268,Historical,603201,0,0,S,6,1,48935,78.09,2011,83,10.84,35.99
70269,Historical,144601,1,1,S,0,0,549607,226.4,2008,46,12.07,27.86
70270,Historical,110982,0,0,S,3,1,1530950,146.22,2008,16,23.93,120.77
70271,Historical,570491,0,0,S,1,0,1867215,122.95,2010,46,13.16,79.46
70272,Historical,285304,0,0,S,2,1,367542,151.88,2007,36,0,19.98
70273,Historical,197671,0,0,S,6,1,916422,123.95,2005,12,0,0
70274,Historical,177177,0,0,S,7,1,2532465,176.95,2004,43,200.92,11.84
70275,Historical,130054,0,0,S,6,1,1241947,122.67,2001,71,94.66,5.15
70276,Historical,638243,0,0,S,9,1,251048,154,2013,36,94.66,76.81
70277,Historical,603514,1,1,S,5,1,367676,60.62,2010,38,5.39,48.89
70279,Historical,742960,0,0,S,6,1,95630,152,2012,30,52.97,83.21
70280,Historical,600343,1,1,S,6,1,463341,104.99,2011,28,0,68.6
70281,Historical,114200,0,0,S,3,1,428538,106.67,2001,29,52.97,39.99
70282,Historical,742928,0,0,S,3,1,1350727,148,2012,22,59.2,102.97
70283,Historical,54079,1,1,S,3,1,3494589,157.95,2005,22,93.99,28.97
70284,Historical,742746,1,1,S,4,1,677972,174,2012,14,49.89,148.99
70285,Historical,529247,1,1,S,4,1,113266,226.4,2012,95,49.89,70.48
70286,Historical,622943,0,0,S,1,0,393437,247,2013,36,0,57.33
70287,Historical,200649,0,0,S,1,0,2118364,149.95,2010,21,3.99,72.95
70288,Historical,1541746,0,0,S,2,1,1252122,46.95,2009,21,42.21,38.2
70289,Historical,120912,0,0,S,3,1,829382,162,2007,32,4,39.99
70290,Historical,115902,0,0,S,1,0,120711,137.33,2003,33,4,55.62
70291,Historical,1656844,0,0,S,4,1,598700,110,2006,21,4.02,100.75
70292,Historical,648155,1,1,S,5,1,321955,162,2010,32,4.02,67.7
70293,Historical,50106,0,0,S,7,1,3487667,238.95,2001,27,223.77,33.69
70294,Historical,556147,0,0,S,7,1,70309,71,1945,47,26.95,48.47
70295,Historical,684591,0,0,S,2,1,949328,20,2006,66,25.96,7.24
70296,Historical,51543,0,0,S,6,1,449472,137.5,2002,69,101.28,12.99
70297,Historical,899482,0,0,S,0,0,556802,28.99,2008,13,75.58,28.98
70298,Historical,594613,0,0,S,2,1,163437,44.99,2012,39,20.93,29.26
70299,Historical,538017,0,0,S,3,1,3350565,114,2001,27,121.23,23.94
70300,Historical,541526,0,0,S,2,1,1653516,50.95,2013,20,42.89,29.27
70301,Historical,213190,0,0,S,3,1,334132,81.95,2007,41,27.66,66.89
70302,Historical,539020,0,0,S,3,1,268127,109.95,2011,50,73.99,52.69
70303,Historical,881492,0,0,S,0,0,95250,55.99,2011,27,25.12,20.76
70304,Historical,261281,0,0,S,1,0,23804,36,1997,26,0,26.72
70305,Historical,147457,0,0,S,3,1,416241,59.95,2007,36,10.25,42.31
70306,Historical,106128,0,0,S,4,1,308405,57,2005,60,10.49,32.83
70307,Historical,1702300,0,0,S,0,0,1230097,140,2014,18,86.98,53.98
70308,Historical,864668,0,0,S,6,1,230678,0,2006,9,82.83,76.83
70309,Historical,416491,0,0,S,6,1,877010,158.35,2007,40,141.99,13.24
70310,Historical,52878,0,0,S,5,1,1227341,6.47,2004,53,141.99,6.47
70311,Historical,157498,0,0,S,2,1,683580,76.95,2010,38,42.98,23.99
70312,Historical,664142,0,0,S,7,1,390344,143.13,2013,35,162.4,63.99
70313,Historical,537661,1,1,S,17,1,603079,64,2012,20,14.09,46.21
70314,Historical,715637,0,0,S,14,1,1109599,158.73,2012,27,120.01,117.53
70315,Historical,57624,0,0,S,5,1,3434169,234.95,2001,35,176.98,11.95
70316,Historical,52179,0,0,S,4,1,1038624,164.8,2005,55,125.17,5.09
70317,Historical,142927,0,0,S,6,1,10016408,87,2003,8,6.97,22.83
70318,Historical,143275,1,1,S,4,1,1629747,176,2009,20,43.99,112.61
70319,Historical,289013,0,0,S,2,1,74828,45,2006,44,0,19.66
70321,Historical,1871313,0,0,S,3,1,1372143,182,2010,34,0,52.64
70322,Historical,249880,0,0,S,1,0,707971,154.95,2008,39,0,77.99
70323,Historical,161684,0,0,S,1,0,204439,65,2008,11,0,109.4
70324,Historical,148458,0,0,S,5,1,46912,201.95,2007,34,68.91,126.82
70325,Historical,1583360,0,0,S,5,1,1660756,74.99,2011,24,64.73,55.17
70326,Historical,543943,0,0,S,11,1,218679,265.5,2013,39,25.46,80.73
70327,Historical,876026,0,0,S,8,1,4817748,173.04,2009,41,91,118.96
70328,Historical,148182,0,0,S,10,1,417152,121.95,2005,22,5.51,23.94
70329,Historical,110067,0,0,S,5,1,600588,120.82,2008,22,0,0
70330,Historical,263384,0,0,S,1,0,522511,42,2009,35,42.28,78.99
70331,Historical,143185,0,0,S,3,1,1546724,37,2007,14,16.49,19.92
70332,Historical,670901,0,0,S,4,1,533306,43,2011,13,16.49,42.94
70333,Historical,627854,0,0,S,4,1,331713,46,2013,40,25.72,30.69
70334,Historical,157654,0,0,S,5,1,221372,78.95,2009,22,13.03,26.98
70335,Historical,600164,0,0,S,18,1,2493441,180,2011,15,148.25,42.99
70336,Historical,178713,0,0,S,10,1,877459,264.95,2010,39,163.99,56.29
70337,Historical,118326,0,0,S,2,1,44275,297.2,2011,66,53.98,79.94
70338,Historical,50811,1,1,S,8,1,2404273,203.95,2005,27,163.99,78.75
70339,Historical,861440,0,0,S,4,1,870648,40.75,2014,15,30.41,44.22
70340,Historical,529219,0,0,S,3,1,410951,43.95,2012,30,26.39,32.64
70341,Historical,612129,0,0,S,6,1,114293,74.99,2013,44,48.99,73.33
70342,Historical,543224,0,0,S,4,1,46998,40,2012,53,26.42,22.62
70343,Historical,663209,0,0,S,2,1,387568,54.95,2013,51,28.98,37.67
70344,Historical,143229,0,0,S,4,1,239104,43,2009,22,27.99,25.71
70345,Historical,287275,0,0,S,3,1,271540,97.95,2007,49,30.13,42.99
70346,Historical,581697,0,0,S,2,1,933997,206,2008,28,5.24,43.85
70347,Historical,130196,0,0,S,5,1,241757,66.67,2003,65,4.77,13.98
70348,Historical,287307,0,0,S,3,1,1026622,85,2010,27,53.24,72.85
70349,Historical,128584,0,0,S,3,1,671214,89.95,2009,29,40.42,57.55
70350,Historical,2473822,0,0,S,2,1,6903376,70.85,1990,13,148.99,46.99
70351,Historical,288446,0,0,S,4,1,1667173,142,2001,26,162.97,57.03
70352,Historical,529207,0,0,S,2,1,1174823,47.75,2011,19,40.1,40.97
70353,Historical,218036,1,1,S,2,1,569997,79.95,2002,16,96.38,58.23
70354,Historical,184396,0,0,S,4,1,5880044,61.95,2000,25,38.79,20.03
70355,Historical,109610,0,0,S,2,1,149952,40.97,2008,52,63.93,50.21
70356,Historical,107663,0,0,S,5,1,740682,49.95,2002,27,0,52.9
70357,Historical,697386,0,0,S,6,1,1027571,38.98,2005,18,115.1,38.98
70358,Historical,697901,0,0,S,13,1,766375,70.94,2007,31,95.32,51.85
70359,Historical,538049,1,2,S,8,1,4549345,153.95,1999,30,78.99,81.84
70360,Historical,53365,0,0,S,12,1,2749875,96.74,2004,32,95.32,31.99
70361,Historical,669033,0,0,S,10,1,94100,0,2012,28,78.99,113.53
70362,Historical,53366,0,0,S,12,1,1503708,207.5,2004,44,95.32,5.99
70363,Historical,184282,0,0,S,3,1,1535434,89.95,2000,29,0,42.98
70364,Historical,145223,0,0,S,2,1,127799,122.6,2005,31,77.47,110.99
70365,Historical,637804,0,0,S,2,1,655809,48,2011,24,0,14
70366,Historical,285931,0,0,S,2,1,733965,173.33,2004,38,4.48,38.99
70367,Historical,564982,0,0,S,1,0,96418,104.95,2012,30,0,23.99
70368,Historical,114210,0,0,S,7,1,677229,201.6,2001,48,4,23.99
70369,Historical,660798,0,0,S,2,1,412730,49.99,2013,34,27.94,37.1
70370,Historical,130543,0,0,S,5,1,205867,95.95,2011,35,37.01,53.99
70371,Historical,266108,0,0,S,2,1,99525,35,2009,55,10.21,28.32
70372,Historical,635801,0,0,S,1,0,617154,68,2009,14,0,0
70373,Historical,123869,0,0,S,2,1,4862581,63.95,1996,31,3.99,45.95
70374,Historical,124039,0,0,S,3,1,503924,109.95,2002,22,3.99,66.35
70375,Historical,561012,0,0,S,8,1,1370557,83.4,2006,70,85.38,39.93
70377,Historical,157550,0,0,S,3,1,84987,53.95,2011,23,15.43,43.56
70378,Historical,108881,0,0,S,10,1,3236674,83.5,2004,19,13.93,24.09
70379,Historical,110135,0,0,S,8,1,28825,150.75,2009,65,23.74,38.99
70380,Historical,55114,0,0,S,12,1,51941,206.25,2007,76,13.93,41.07
70381,Historical,129237,0,0,S,2,1,625371,45,2011,29,19.99,38.2
70382,Historical,52233,0,0,S,5,1,822292,93.2,2009,34,50,19.97
70384,Historical,1928926,0,0,S,2,1,2348932,46,2013,19,30.84,30.74
70385,Historical,557107,1,1,S,3,1,1873325,129,1998,49,71.57,43.77
70386,Historical,127031,0,0,S,2,1,194760,47.95,2008,52,26.49,31.64
70388,Historical,637626,0,0,S,27,1,1173751,31.99,2013,24,8.05,4.4
70389,Historical,867317,0,0,S,3,1,34429,54,2014,46,34.13,23.98
70391,Historical,893628,0,0,S,3,1,1199259,75,2007,8,0,193.99
70392,Historical,118695,0,0,S,4,1,329807,114.4,2006,31,25.99,50.47
70393,Historical,529182,0,0,S,2,1,414946,90,2006,21,23.36,16.97
70394,Historical,178955,0,0,S,6,1,537256,125.95,2009,52,12.93,71.59
70395,Historical,544416,0,0,S,3,1,36130,123.95,2012,81,45.9,66.54
70396,Historical,861444,1,1,S,7,1,31063,70.95,2013,80,15.96,20.15
70397,Historical,800277,0,0,S,2,1,2714467,50,2007,26,99.33,50
70398,Historical,299740,0,0,S,2,1,365682,74,2000,50,12.61,57.72
70400,Historical,118339,1,1,S,3,1,1612595,65,1995,81,102.43,8.94
70401,Historical,121897,0,0,S,3,1,563455,189.8,1998,40,30.73,46.08
70402,Historical,879136,0,0,S,6,1,1327009,141.87,2010,23,59.92,65.9
70404,Historical,132823,0,0,S,2,1,178643,164,2009,43,25.01,99.08
70405,Historical,564943,0,0,S,1,0,124330,89.95,2013,29,0,52.99
70406,Historical,129484,0,0,S,7,1,20852,103.95,2011,61,50.38,69.94
70407,Historical,261410,0,0,S,2,1,589127,49,2002,19,16.41,40.86
70408,Historical,612461,0,0,S,3,1,421516,64,2013,21,45.34,22.09
70409,Historical,176764,0,0,S,4,1,103322,91.95,1999,54,18.98,36.87
70410,Historical,170008,0,0,S,6,1,73040,95.95,2010,24,138.99,73.99
70411,Historical,649817,0,0,S,2,1,241259,54.95,2012,47,45.9,47.18
70412,Historical,285971,0,0,S,2,1,256586,141.8,2004,51,43.92,116.98
70413,Historical,50242,0,0,S,9,1,1438848,71.95,2003,84,51.03,11.99
70414,Historical,276936,0,0,S,2,1,325968,52.95,2003,56,26.09,29.01
70415,Historical,268049,0,0,S,0,0,1280372,9.95,2005,68,31.88,4.66
70416,Historical,923705,0,0,S,1,0,1042210,7.99,2006,150,31.88,8.43
70417,Historical,141920,1,2,S,8,1,177951,42.74,2008,24,20.68,47.88
70418,Historical,529175,0,0,S,3,1,553904,49.95,2004,21,14,49.95
70419,Historical,667506,0,0,S,0,0,79796,63,2009,28,0,35.88
70420,Historical,529174,0,0,S,6,1,47285,54.8,2012,41,35.81,47.92
70421,Historical,924428,0,0,S,7,1,95377,57.5,2014,27,49.98,57.44
70422,Historical,724800,0,0,S,3,1,4422153,45,2011,35,22.44,12.93
70423,Historical,202319,0,0,S,6,1,543452,189.95,2001,37,123.12,52.45
70424,Historical,877085,0,0,S,5,1,3104805,100.95,1994,31,123.12,23.5
70425,Historical,199497,0,0,S,2,1,2286649,46.95,2001,34,40.13,21.73
70426,Historical,594534,0,0,S,2,1,1452241,58,2012,23,21.29,33.99
70427,Historical,2577816,0,0,S,2,1,1691193,197.25,1991,51,0,25.99
70428,Historical,106119,0,0,S,5,1,155034,54,2006,54,8.17,21.2
70429,Historical,2721932,0,0,S,2,1,1572252,72,2001,23,0,55.58
70430,Historical,633411,0,0,S,1,0,610486,95.95,2006,17,0,48.14
70431,Historical,529170,0,0,S,3,1,24794,48,2012,41,29.78,29.98
70433,Historical,118982,0,0,S,1,0,92135,39.6,2011,45,23.53,26.04
70434,Historical,655698,0,0,S,12,1,2202055,72.5,2008,17,81.53,91.1
70435,Historical,606849,0,0,S,10,1,3096530,55.93,2002,41,81.53,7.74
70436,Historical,637277,0,0,S,3,1,363216,46,2005,26,28.01,43.99
70437,Historical,214326,0,0,S,3,1,301117,22.95,2005,30,48.51,25.99
70438,Historical,261307,0,0,S,1,0,1159472,75,1999,47,0,6.08
70439,Historical,763686,0,0,S,4,1,1610544,98.95,1997,47,4,28.99
70440,Historical,763373,0,0,S,3,1,2874110,83.95,1997,39,4,10.65
70441,Historical,867656,0,0,S,3,1,153093,65,2014,31,51.98,51.98
70442,Historical,198928,0,0,S,0,0,604597,113,1997,26,0,78.3
70443,Historical,51075,1,1,S,4,1,301055,4.92,2006,52,118.98,15.24
70444,Historical,1437240,1,1,S,6,1,263963,75,2012,18,36.94,45.42
70445,Historical,147615,0,0,S,27,1,883977,46.95,2010,79,41.41,4.93
70446,Historical,655080,1,5,S,4,1,250320,151.33,2013,59,78.16,20.92
70447,Historical,1516912,1,3,S,4,1,229426,166,2013,20,0,130.7
70448,Historical,146406,1,1,S,3,1,1675955,114,2011,27,78.16,32
70449,Historical,2258132,0,0,S,3,1,1167371,40.77,2009,49,72.99,35.26
70450,Historical,1453223,0,0,S,9,1,921532,164.4,2013,16,0,138.97
70452,Historical,2063235,0,0,S,4,1,181847,63.95,2010,14,0,178.41
70453,Historical,893260,0,0,S,2,1,887585,52.95,2014,36,45.94,42.87
70454,Historical,914400,0,0,S,0,0,535638,117.5,2007,21,0,21.99
70455,Historical,112226,0,0,S,2,1,1610016,107.25,2004,39,6.09,13.72
70456,Historical,1780634,0,0,S,1,0,96601,49.99,2014,26,0,28.01
70457,Historical,628261,0,0,S,2,1,748436,39.99,2011,41,15.99,57.99
70458,Historical,246577,0,0,S,1,0,229103,51.95,2010,16,0,33.01
70459,Historical,2746253,0,0,S,2,1,734129,17.26,2003,37,119.98,16.48
70460,Historical,2258118,0,0,S,4,1,1415521,67.74,2010,26,12.11,58.12
70461,Historical,533614,0,0,S,5,1,8002,163,2011,77,66.94,66.99
70462,Historical,1845444,0,0,S,2,1,754731,51.95,2008,27,28.99,38.34
70463,Historical,864412,0,0,S,1,0,153397,48.95,2013,26,0,33.24
70464,Historical,621426,0,0,S,0,0,111869,44.95,2006,43,0,33.36
70465,Historical,918352,0,0,S,2,1,281208,54.95,2014,28,33.97,34.42
70466,Historical,126663,0,0,S,5,1,305301,99.95,2003,19,125.44,102.71
70467,Historical,54074,0,0,S,7,1,4832872,67.95,2001,34,125.44,31.94
70468,Historical,126429,0,0,S,7,1,3427386,69.95,2001,24,125.44,59.49
70469,Historical,246666,0,0,S,1,0,586310,66.95,2009,28,0,28.15
70470,Historical,172363,0,0,S,0,0,813668,44.99,2005,24,0,32.97
70471,Historical,298938,0,0,S,3,1,320487,39.95,2010,33,23.94,34.46
70472,Historical,862114,0,0,S,2,1,257045,49.99,2014,33,28.88,40
70473,Historical,751537,0,0,S,5,1,860970,84.5,2010,18,44.64,64.38
70474,Historical,633877,0,0,S,2,1,552961,131.25,2012,36,109.64,43.99
70476,Historical,902581,0,0,S,2,1,793114,52,2013,35,9.8,37.28
70477,Historical,126795,0,0,S,1,0,62758,49.95,2008,30,0,42.85
70478,Historical,887371,0,0,S,2,1,896737,48,2015,26,40.44,33.34
70479,Historical,294575,0,0,S,1,0,8947,44.99,2009,45,0,23.67
70480,Historical,200208,0,0,S,1,0,171049,243.95,2008,43,0,100.04
70481,Historical,1692097,0,0,S,2,1,81158,39.99,2015,16,0,27.13
70482,Historical,627902,0,0,S,3,1,447117,49.99,2012,22,0,28.98
70483,Historical,342243,0,0,S,2,1,2574093,125,1999,17,78.99,78.99
70484,Historical,58406,1,1,S,3,1,54505,50.65,2006,79,17.97,49.78
70485,Historical,307763,0,0,S,6,1,357735,78.75,2010,18,65.74,79.45
70486,Historical,50300,0,0,S,6,1,67488,345.25,2010,114,65.74,45.48
70487,Historical,114244,0,0,S,2,1,938465,151.73,2003,58,6.23,41.06
70488,Historical,285801,1,1,S,3,1,315402,243.8,2003,23,0,0
70489,Historical,261296,0,0,S,2,1,1191145,45,1999,33,22.99,15.3
70490,Historical,2083152,0,0,S,8,1,441693,54,2013,9,0,54
70492,Historical,914057,0,0,S,2,1,2051628,99,1992,30,46.91,74.8
70494,Historical,426772,0,0,S,2,1,897297,175,2008,29,7.92,44.99
70495,Historical,136614,1,1,S,3,1,2095,94,2009,82,45.62,52.68
70497,Historical,2098091,0,0,S,7,1,360935,1095.99,2013,15,87.44,33.44
70498,Historical,600338,0,0,S,8,1,388400,96.59,2011,26,0,0
70499,Historical,599705,0,0,S,2,1,987402,65,2010,24,63.99,51.99
70500,Historical,200319,0,0,S,1,0,161479,182.95,2008,43,0,0
70501,Historical,342854,0,0,S,2,1,466514,255.75,2006,33,53.99,59.99
70502,Historical,115024,1,1,S,1,0,1009585,95.33,1998,38,0,73.99
70503,Historical,563141,0,0,S,5,1,668661,69.95,1998,54,39.98,53.42
70504,Historical,380507,0,0,S,1,0,771748,152.95,2011,31,0,18.28
70505,Historical,315459,1,1,S,2,1,4018010,123.33,1999,29,95.43,23.99
70507,Historical,180747,0,0,S,10,1,579848,63,2010,46,15.93,22.45
70508,Historical,158177,0,0,S,2,1,191464,65,2009,85,49.99,47.86
70509,Historical,152129,0,0,S,2,1,90468,109,2004,45,115.64,63.95
70510,Historical,243804,0,0,S,2,1,601754,74.99,2011,38,56.57,52.1
70511,Historical,136559,0,0,S,2,1,109014,69,2011,24,0,43.12
70512,Historical,369566,0,0,S,2,1,3883671,29.95,1996,27,60.07,22.02
70513,Historical,610136,0,0,S,4,1,36449,81.95,2013,31,60.07,54.04
70514,Historical,644535,0,0,S,2,1,354547,78,2012,50,54.57,52.73
70515,Historical,231581,0,0,S,4,1,42108,109.95,2011,56,77.44,86.8
70516,Historical,385640,0,0,S,4,1,44788,85.95,2012,49,46.89,48.48
70517,Historical,204523,0,0,S,0,0,17669,39.99,2004,48,19.08,22.23
70518,Historical,866992,0,0,S,4,1,166953,80.95,2014,36,48.19,47.11
70520,Historical,312044,0,0,S,3,1,113094,129.95,2011,49,56.79,64.08
70522,Historical,308471,0,0,S,1,0,903223,87.5,2001,33,0,38.55
70524,Historical,147735,0,0,S,2,1,2523202,72.95,2001,39,7.46,11.99
70525,Historical,330788,1,1,S,4,1,348599,221.95,2006,83,7.46,14.94
70526,Historical,110585,0,0,S,2,1,1049938,136.25,2007,35,17.99,74.15
70527,Historical,112322,0,0,S,1,0,122069,107.84,2007,45,30.92,33.98
70528,Historical,366575,1,2,S,5,1,122628,103.91,2010,87,7.46,37.96
70529,Historical,182834,0,0,S,1,0,711250,275.95,2006,33,51.9,52.52
70530,Historical,456874,0,0,S,2,1,261965,43.95,2010,23,13.18,31.37
70531,Historical,340008,0,0,S,2,1,577363,100,2009,18,31.27,55.94
70532,Historical,529107,0,0,S,2,1,961432,315,1976,38,71.09,149.98
70533,Historical,163370,0,0,S,5,1,156038,72.25,2010,36,0,0
70536,Historical,243489,0,0,S,2,1,497867,72.72,2008,24,24.89,76.94
70537,Historical,55180,0,0,S,8,1,858847,31,2004,84,11.24,19.4
70538,Historical,55181,0,0,S,9,1,30346,54.8,2007,138,11.24,31.99
70539,Historical,560278,1,1,S,6,1,629551,130.95,1996,45,4.66,54.99
70540,Historical,169390,0,0,S,4,1,127973,192.95,2008,38,24.99,97.48
70542,Historical,595032,0,0,S,3,1,31962,87,2012,70,38.99,37.94
70544,Historical,862116,0,0,S,3,1,23948,54.95,2014,46,41.79,42.22
70545,Historical,1518788,0,0,S,8,1,327343,72.95,2015,58,48.82,51.2
70546,Historical,55963,0,0,S,5,1,3264192,52.95,2005,41,48.82,11.94
70547,Historical,285911,0,0,S,6,1,100015,140,2002,23,4.75,24.92
70548,Historical,315433,0,0,S,5,1,1178031,105,1998,24,4.75,35.99
70549,Historical,401573,0,0,S,2,1,933026,58,2010,43,89.84,47.79
70550,Historical,529102,0,0,S,2,1,995185,70,2011,27,45.85,53.07
70551,Historical,109499,0,0,S,4,1,118135,149.22,2007,31,25.66,94.01
70552,Historical,597560,0,0,S,6,1,285484,74.95,2011,47,53.4,63.74
70553,Historical,108292,0,0,S,4,1,400485,73.12,2007,38,27.71,43.94
70554,Historical,2424937,0,0,S,3,1,242864,246.4,1990,41,27.34,73.31
70556,Historical,529099,0,0,S,5,1,84344,77.99,2012,96,18.62,16.47
70557,Historical,575894,0,0,S,1,0,1090325,117.61,2008,94,0,13.5
70558,Historical,391710,0,0,S,1,0,894852,134,1999,36,8.88,103.13
70559,Historical,183810,0,0,S,3,1,866858,172.95,2001,28,6.7,29.74
70560,Historical,349883,0,0,S,2,1,1315248,167.95,1998,38,6.7,6.96
70562,Historical,635575,1,1,S,6,1,218985,97.95,2013,48,53.99,64.73
70564,Historical,347570,0,0,S,2,1,294382,94.99,2010,22,40.47,53.97
70565,Historical,561530,1,2,S,1,0,13238,152.6,2012,52,31.11,98.08
70566,Historical,716227,1,2,S,0,0,593490,0,2013,20,0,60.99
70567,Historical,365330,0,0,S,4,1,204432,104,2009,38,50.47,55.39
70568,Historical,2580458,0,0,S,2,1,10810383,77.5,1997,6,55.75,53.05
70569,Historical,314566,0,0,S,7,1,712084,158.6,2007,39,7.88,37.46
70570,Historical,397155,0,0,S,2,1,484233,38,2007,18,18.49,48.99
70571,Historical,859415,0,0,S,6,1,1500794,57,2006,18,35.31,58.09
70572,Historical,309032,0,0,S,4,1,39911,44.88,2005,47,118.57,43.8
70573,Historical,389220,0,0,S,7,1,552895,74.95,2011,58,0,31.68
70574,Historical,195176,0,0,S,9,1,1479296,76,2009,35,25.97,32.99
70575,Historical,58435,0,0,S,5,1,1731129,97.95,2001,33,47.99,7.99
70577,Historical,1450888,1,1,S,2,1,137545,105.2,2014,16,0,76.95
70578,Historical,630623,0,0,S,2,1,889904,138,2012,40,38.97,68.98
70579,Historical,378674,0,0,S,3,1,259139,49.95,2009,27,31.99,43.47
70580,Historical,626804,0,0,S,2,1,517927,64.99,2011,28,0,0
70581,Historical,642066,0,0,S,2,1,278260,138.95,2013,22,47.34,54.56
70582,Historical,116009,0,0,S,2,1,159125,82,2005,39,4.1,16.83
70583,Historical,136182,0,0,S,2,1,17726,24,2010,39,0,16.22
70584,Historical,202338,0,0,S,4,1,2886433,231.95,2002,47,105.98,6.98
70585,Historical,132201,0,0,S,6,1,86421,194.6,2006,67,59.94,97.47
70586,Historical,115920,0,0,S,1,0,1044207,128.4,2009,28,0,78.81
70587,Historical,132188,0,0,S,1,0,353088,165.8,2008,43,16.13,72.76
70588,Historical,635553,0,0,S,3,1,258392,107,2013,29,63.98,74.06
70589,Historical,116322,0,0,S,8,1,288733,198.2,2010,56,36.29,70
70591,Historical,410740,0,0,S,2,1,984957,79.95,2009,42,66.48,35.99
70592,Historical,53921,1,1,S,7,1,199088,118.2,2010,56,35.85,69.31
70593,Historical,320316,0,0,S,8,1,2813599,149.95,2008,19,54.09,31.13
70594,Historical,120831,0,0,S,3,1,72041,167.8,2010,52,19.5,27.89
70595,Historical,222973,0,0,S,3,1,3137167,73.95,1997,23,52.99,15.99
70597,Historical,610303,0,0,S,5,1,9034,59.95,2013,80,32.37,48.98
70598,Historical,290291,0,0,S,3,1,244934,83.5,2002,58,32.24,33.98
70599,Historical,308594,0,0,S,2,1,310205,110.25,2009,40,70.49,63.67
70600,Historical,58393,0,0,S,2,1,884529,133.07,2006,45,15.3,56.87
70601,Historical,335258,0,0,S,4,1,400266,77,2005,29,0,0
70602,Historical,2251608,0,0,S,3,1,96468,28.73,2013,2,0,38.49
70603,Historical,146590,0,0,S,5,1,122961,150.2,2011,24,67.97,129.99
70604,Historical,394332,0,0,S,2,1,4799545,53.95,1999,30,61.74,66.03
70606,Historical,390862,0,0,S,2,1,8387974,89.95,1998,21,68.99,44.51
70607,Historical,377450,0,0,S,2,1,204818,59.5,1997,37,28.34,53.35
70608,Historical,915049,0,0,S,4,1,1407382,24,1992,25,6.16,6.25
70610,Historical,539460,0,0,S,5,1,209754,80.8,2012,36,105.11,61.04
70611,Historical,547190,0,0,S,4,1,213597,55,2012,40,31.67,45.53
70612,Historical,321913,0,0,S,3,1,328008,42.19,1998,20,7.64,59.22
70613,Historical,393262,0,0,S,5,1,147860,75,2009,62,27.69,45.79
70614,Historical,196582,0,0,S,3,1,1376549,42.95,2005,27,17.95,42.04
70615,Historical,132894,0,0,S,11,1,59055,122.8,2009,63,43.99,90.1
70616,Historical,336461,0,0,S,3,1,3025383,48.95,2003,36,26.79,22.96
70617,Historical,539038,0,0,S,5,1,89409,99.95,2013,48,43.95,54.69
70618,Historical,113149,0,0,S,2,1,161541,97.95,2009,29,69.94,39.17
70619,Historical,385770,0,0,S,1,0,1135468,75,2012,18,0,54.37
70621,Historical,110819,0,0,S,7,1,85195,56.99,2002,28,22.99,51.71
70622,Historical,223029,0,0,S,2,1,2367445,260.95,1998,27,146.53,25
70623,Historical,658282,0,0,S,8,1,635210,73.95,2012,22,0,0
70624,Historical,113710,0,0,S,2,1,1081906,65.8,1999,35,25.95,61.21
70625,Historical,869603,0,0,S,2,1,134771,74.99,2015,20,48.94,53.96
70627,Historical,264741,0,0,S,2,1,771605,69.99,2009,28,25.23,53.58
70628,Historical,192010,1,1,S,2,1,562348,160.84,2006,20,0,0
70629,Historical,161405,0,0,S,7,1,3730885,13.99,2000,26,34.46,13.99
70630,Historical,612242,1,3,S,11,1,31961,283.5,2013,57,34.46,57.89
70631,Historical,52888,0,0,S,7,1,905169,169.95,2003,82,195.59,8.99
70632,Historical,163087,0,0,S,10,1,263270,182,2011,27,0,127.99
70633,Historical,2330397,0,0,S,2,1,200524,54.95,1975,19,30.49,142.66
70634,Historical,252556,0,0,S,9,1,319097,15.75,2007,124,4.46,10.1
70635,Historical,174411,0,0,S,3,1,430042,59.99,2008,41,22.24,46.97
70636,Historical,705315,0,0,S,1,0,1975580,193.25,2008,31,0,42.99
70637,Historical,109676,0,0,S,1,0,486860,86.4,2008,64,0,63.99
70639,Historical,109149,0,0,S,10,1,2231133,18.99,2004,42,78.8,18.99
70640,Historical,53402,0,0,S,9,1,3277800,101.25,2003,47,78.8,10.22
70641,Historical,529047,0,0,S,2,1,92614,64.96,2012,37,28.44,46.24
70642,Historical,206380,0,0,S,1,0,339586,55.95,2006,14,0,55.41
70643,Historical,646956,1,1,S,2,1,35057,113.95,2013,75,46.71,58.99
70644,Historical,564874,0,0,S,2,1,212400,49.95,2012,31,40.28,37.5
70645,Historical,157681,0,0,S,2,1,570985,69.95,2011,38,29.24,22.85
70646,Historical,246733,0,0,S,1,0,39398,56.95,2010,31,0,32.15
70647,Historical,320984,0,0,S,2,1,3498302,60,2006,19,37.46,61.09
70648,Historical,623383,0,0,S,2,1,413490,90.5,2012,39,67.49,71.25
70649,Historical,269310,0,0,S,2,1,490281,87,2006,21,0,0
70650,Historical,333773,0,0,S,2,1,1351439,134,2000,20,42.97,44.72
70651,Historical,655211,0,0,S,2,1,89974,99.95,2013,37,43.99,53.26
70653,Historical,639686,1,1,S,2,1,336553,90,2013,32,0,0
70654,Historical,114533,0,0,S,6,1,1472572,92.8,2003,42,6.55,21.76
70655,Historical,106042,0,0,S,4,1,84270,90,2008,50,38.99,62.78
70656,Historical,249816,1,2,S,2,1,305639,186.95,2008,67,33.54,40.36
70657,Historical,249762,1,2,S,7,1,216232,288.95,2007,64,15.3,23.99
70658,Historical,587990,0,0,S,1,0,474828,91.95,2012,23,0,35.99
70659,Historical,161717,0,0,S,5,1,2357554,0,2006,14,169.71,127.39
70660,Historical,174467,0,0,S,4,1,540376,105,2000,29,35.77,64.02
70662,Historical,315183,0,0,S,2,1,1497456,97.6,2006,37,85.6,39.48
70663,Historical,862120,0,0,S,6,1,49592,87.95,2014,42,38.84,44.97
70664,Historical,1956954,0,0,S,4,1,382321,55.69,2012,19,15.83,63.14
70665,Historical,246652,0,0,S,2,1,814781,83.99,2009,33,49.94,59.96
70666,Historical,529033,0,0,S,2,1,757552,44.95,2012,47,38.84,36.95
70667,Historical,169172,0,0,S,2,1,151241,162.95,2006,71,0,79.27
70668,Historical,873147,0,0,S,2,1,1268175,137.95,2001,14,103.96,69.61
70669,Historical,890806,0,0,S,4,1,634586,55,2013,16,36.39,49
70671,Historical,52551,0,0,S,1,0,497090,18.16,2006,59,78.23,7.99
70672,Historical,264896,0,0,S,2,1,1435810,132.95,2003,18,19.4,30.19
70673,Historical,202665,0,0,S,3,1,843719,59.95,1999,18,88.65,126.15
70674,Historical,128901,0,0,S,2,1,3435890,51.5,2003,52,28.98,16.99
70675,Historical,291608,0,0,S,2,1,772925,243.95,2002,22,0,0
70676,Historical,403393,0,0,S,4,1,99952,105.95,2011,51,59.95,64.33
70677,Historical,174895,0,0,S,1,0,78179,39.99,2009,22,0,33.99
70678,Historical,56810,0,0,S,5,1,1547164,102,2004,37,112.09,43.68
70679,Historical,553290,0,0,S,9,1,1066839,164.6,2012,23,97.35,123.99
70680,Historical,56760,0,0,S,6,1,1916913,109,2006,39,112.09,15.98
70681,Historical,545662,0,0,S,4,1,7178,109,2013,79,59.3,38.98
70682,Historical,284509,0,0,S,6,1,1681186,104.95,1997,90,89.5,40.07
70683,Historical,366848,0,0,S,2,1,334261,196.95,2006,78,26.32,19.08
70684,Historical,312508,0,0,S,2,1,1414378,77.4,2001,28,93.89,41.75
70685,Historical,363541,0,0,S,3,1,781998,40.95,2007,36,24.2,20.73
70687,Historical,775463,0,0,S,2,1,4483323,99.95,2000,34,187.28,18.81
70688,Historical,867648,0,0,S,3,1,7881,72,2014,84,48.04,48.69
70689,Historical,893109,0,0,S,3,1,598175,50,2014,7,38.95,25.06
70690,Historical,267393,0,0,S,7,1,795336,55,2008,35,0,53.32
70691,Historical,625519,0,0,S,7,1,220990,69.95,1994,37,43.37,53.99
70693,Historical,2051323,0,0,S,2,1,2093792,26.99,2007,23,35.99,25.64
70694,Historical,132593,0,0,S,15,1,776433,86.67,2007,24,29.64,29.99
70695,Historical,113631,0,0,S,10,1,498400,77,1998,33,58.23,21.33
70696,Historical,2398588,0,0,S,2,1,3477293,46.88,1989,23,83.08,39.99
70697,Historical,2398589,0,0,S,3,1,627052,85.95,1994,39,83.08,41.33
70698,Historical,158316,0,0,S,2,1,28914,49.95,2010,55,27.8,41.41
70700,Historical,1481339,0,0,S,14,1,1234674,152.8,2011,14,56.29,223.05
70701,Historical,314489,0,0,S,2,1,149320,58.4,2002,41,20.87,46.8
70702,Historical,1781402,0,0,S,2,1,218488,78,2013,37,19.98,37.76
70703,Historical,279040,0,0,S,3,1,725819,12.98,2007,24,53.93,13.99
70704,Historical,917269,0,0,S,4,1,959821,0,2010,35,53.93,17.99
70705,Historical,315451,1,1,S,11,1,597536,106.67,1999,53,93.5,13.98
70706,Historical,120820,0,0,S,15,1,884010,261.4,2010,55,0,46.61
70707,Historical,120914,0,0,S,14,1,2005889,213.33,2007,37,0,11.51
70708,Historical,244079,1,1,S,13,1,50225,341.95,2011,52,196.98,141.71
70709,Historical,112811,0,0,S,2,1,444776,82.95,2009,43,61.91,60.64
70710,Historical,54858,0,0,S,5,1,343781,48.68,2008,50,65.75,37.99
70711,Historical,655217,0,0,S,3,1,75689,86.99,2013,32,58.99,46.25
70712,Historical,2271150,0,0,S,6,1,991296,118.21,2010,20,0,42.5
70713,Historical,120610,0,0,S,3,1,283563,80.8,2010,41,34,61.74
70714,Historical,2617395,0,0,S,3,1,1786127,99,1987,22,64.26,77.27
70715,Historical,156220,0,0,S,4,1,2283775,88.95,1997,16,64.26,66.26
70716,Historical,2282549,0,0,S,7,1,419949,30.14,2012,4,0,26.69
70717,Historical,546038,0,0,S,2,1,642505,59.95,2012,32,39.84,45.77
70718,Historical,312475,0,0,S,2,1,4094471,23,1999,16,43.16,19.01
70719,Historical,309124,0,0,S,3,1,20789,137.5,2010,53,83.95,68.92
70720,Historical,135640,0,0,S,4,1,90776,57.95,2009,45,38.61,36.79
70722,Historical,109746,0,0,S,3,1,787038,147.75,2005,20,16.94,99.02
70723,Historical,109160,0,0,S,1,0,460234,150,2005,14,0,108.4
70724,Historical,539869,0,0,S,5,1,35005,69.95,2013,89,40.98,40.64
70725,Historical,1553429,0,0,S,2,1,908627,49.95,2014,19,0,38.98
70726,Historical,339160,0,0,S,1,0,51370,73,2009,35,0,40.71
70727,Historical,403711,0,0,S,2,1,400750,40.95,2009,15,0,31.41
70728,Historical,176984,0,0,S,3,1,414150,399.95,2003,95,3.99,63.99
70729,Historical,528999,0,0,S,3,1,202384,41.95,2011,12,10.99,30.53
70730,Historical,120791,0,0,S,2,1,744524,85,2009,29,0,0
70731,Historical,403712,0,0,S,0,0,334324,65,2009,16,37.86,45.13
70732,Historical,121215,0,0,S,2,1,138425,113.2,2010,40,53.4,55.24
70733,Historical,385656,0,0,S,1,0,453062,62.95,2004,15,0,42.41
70735,Historical,162922,0,0,S,2,1,1131535,62.95,2009,32,23.99,53.85
70736,Historical,862122,0,0,S,3,1,498289,69.95,2014,23,55.62,47.53
70737,Historical,270942,0,0,S,0,0,717983,54,2010,19,0,47.95
70738,Historical,199612,0,0,S,3,1,348715,43,1997,51,8.46,26.44
70740,Historical,538967,0,0,S,5,1,438874,79.95,2013,33,48.98,45.35
70742,Historical,658092,0,0,S,1,0,13356,66.67,2013,68,46.98,41.97
70743,Historical,1518361,0,0,S,8,1,16757,99.95,2014,53,65.22,68.98
70744,Historical,392576,0,0,S,2,1,361004,62,2008,35,0,0
70745,Historical,404898,0,0,S,2,1,1098817,74.95,1996,24,50.68,25.87
70746,Historical,861161,1,1,S,2,1,618174,133,2013,24,73.97,56.98
70747,Historical,118170,0,0,S,2,1,198702,81.6,2009,47,25,53.98
70748,Historical,147695,0,0,S,4,1,15590,69.95,2011,46,40.64,37.62
70749,Historical,618171,0,0,S,4,1,360407,195.95,1989,48,8.99,139.95
70750,Historical,52889,0,0,S,3,1,743171,160.95,1999,74,139.95,33.29
70752,Historical,246528,0,0,S,1,0,59940,102.95,2009,32,0,49.94
70753,Historical,143308,0,0,S,5,1,3119581,222.95,1997,49,192.31,18.04
70754,Historical,193466,0,0,S,2,1,316979,57,2006,29,4.98,28.23
70755,Historical,843030,0,0,S,2,1,316065,351.95,1981,52,10,61.66
70756,Historical,131470,1,2,S,2,1,756858,195.2,2002,41,4,43.99
70757,Historical,254003,0,0,S,12,1,35207,59.95,2011,50,23.32,41.22
70758,Historical,156675,0,0,S,1,0,238036,50.95,2000,46,86.27,31.57
70759,Historical,119248,0,0,S,4,1,954191,133.8,1996,35,12.52,68.62
70760,Historical,127127,1,2,S,4,1,46513,96.95,2007,67,73.98,55.99
70761,Historical,126654,0,0,S,3,1,1379814,77.95,2004,35,73.98,33.97
70762,Historical,2330918,0,0,S,2,1,710304,71.5,1974,19,0,63.74
70763,Historical,597970,0,0,S,2,1,597596,61.95,2005,30,57.71,50.65
70764,Historical,112258,1,1,S,2,1,867637,122.25,2004,30,38.63,55.6
70765,Historical,461689,1,1,S,11,1,1947248,13.98,2005,34,163.87,13.98
70766,Historical,628490,0,0,S,13,1,826786,184,2012,27,167.28,98.48
70767,Historical,60527,0,0,S,2,1,1819485,44.95,2001,40,0,27.89
70768,Historical,264981,1,1,S,2,1,299868,68.95,2009,66,17.49,55.99
70769,Historical,222995,1,1,S,1,0,1742775,246.95,1998,20,0,65.91
70770,Historical,132892,1,1,S,13,1,33440,122.8,2009,65,53.91,94.99
70771,Historical,56508,0,0,S,3,1,3215803,183.95,2004,46,148.49,13.69
70772,Historical,914827,0,0,S,7,1,570532,36.95,2013,28,0,0
70773,Historical,127441,0,0,S,5,1,333868,65.95,2008,63,4,31.44
70774,Historical,123997,0,0,S,2,1,84371,176.95,2001,49,6.15,72.41
70775,Historical,225953,0,0,S,3,1,154185,65.95,2011,42,41.32,45.95
70776,Historical,178064,1,2,S,5,1,99827,313.95,2008,52,20.97,23.98
70777,Historical,888854,0,0,S,2,1,361636,63,2012,29,44.69,58.99
70778,Historical,608503,0,0,S,2,1,1463683,355.95,1994,39,139.07,13.34
70779,Historical,307809,0,0,S,4,1,53296,85.97,2002,14,46.01,45.95
70781,Historical,113423,0,0,S,8,1,604752,93.95,2003,38,58.95,18.98
70782,Historical,864671,0,0,S,11,1,45061,99.95,2014,43,58.95,53.22
70783,Historical,566432,1,1,S,3,1,108220,217.95,1968,38,0,139.01
70784,Historical,245213,0,0,S,3,1,374607,273.95,2005,41,77.37,80.22
70785,Historical,145708,0,0,S,1,0,29547,103.6,2007,64,20.43,80.84
70786,Historical,178697,1,1,S,2,1,344666,81.95,2010,73,3.85,24.69
70787,Historical,616713,0,0,S,1,0,63201,132,2012,55,53.99,93.99
70788,Historical,183806,0,0,S,2,1,2965076,103.95,2000,39,148.83,7.17
70789,Historical,193396,0,0,S,2,1,681206,60,2005,28,5.47,33.7
70790,Historical,864974,0,0,S,2,1,834334,40.95,2013,12,30.68,32.27
70792,Historical,532085,1,2,S,13,1,228915,183.95,2012,26,162.99,102.96
70793,Historical,291635,0,0,S,7,1,621235,109.95,2005,69,120.17,33.65
70794,Historical,177671,0,0,S,9,1,1896156,108.95,2000,80,162.99,5.63
70795,Historical,3251541,0,0,S,2,1,945309,70.6,2000,40,0,51.98
70796,Historical,658463,0,0,S,2,1,476155,40,2010,32,23.91,25.98
70797,Historical,52163,1,1,S,7,1,713025,337.95,2005,53,83.64,96.85
70798,Historical,420195,0,0,S,2,1,163890,89.95,2012,38,54.14,44.61
70799,Historical,131233,0,0,S,2,1,318968,204.6,1998,57,33.99,54.63
70800,Historical,1718576,0,0,S,2,1,393736,70,2014,14,0,49.03
70801,Historical,153879,0,0,S,1,0,156620,101.5,2010,16,0,90.02
70803,Historical,881429,0,0,S,2,1,85690,26.07,2014,9,27.28,23.9
70805,Historical,335864,0,0,S,4,1,11998140,99,1998,13,22.12,43.95
70806,Historical,147657,0,0,S,7,1,29410,71.95,2010,58,18.94,45.15
70807,Historical,165573,0,0,S,4,1,46784,209.75,2011,56,63.94,68.34
70808,Historical,545660,0,0,S,2,1,86469,76,2012,51,47.98,37.51
70809,Historical,261097,0,0,S,3,1,410312,74.95,2010,32,49.93,84.24
70810,Historical,163554,0,0,S,2,1,876482,209.95,1995,42,19.84,71.89
70811,Historical,391210,0,0,S,3,1,1643267,95,2002,21,75.76,46.95
70812,Historical,391203,0,0,S,2,1,1705356,70,1996,25,75.76,33.99
70813,Historical,1826334,0,0,S,4,1,16336,75.95,2015,15,0,45.99
70814,Historical,318299,0,0,S,5,1,3573627,97.95,1996,38,146.04,6.48
70815,Historical,657973,1,1,S,6,1,83556,62.95,2013,38,20.99,39.99
70816,Historical,320245,0,0,S,3,1,1146356,45,2006,32,42.93,42.62
70817,Historical,315201,0,0,S,3,1,6248882,91,1996,20,118.58,16.72
70818,Historical,282092,0,0,S,2,1,56968,39.99,2011,13,57.59,27.23
70819,Historical,2225704,0,0,S,5,1,1019476,40,2014,3,0,28.93
70820,Historical,318048,0,0,S,2,1,583888,108.2,1999,37,11.02,38.98
70821,Historical,546142,0,0,S,2,1,280238,83.95,2014,36,59.65,63.84
70822,Historical,545504,0,0,S,2,1,110028,52,2012,37,40.98,33.56
70823,Historical,528961,0,0,S,3,1,149481,109.99,2012,69,37.98,76.24
70824,Historical,528962,0,0,S,3,1,383695,51.99,2012,33,24.28,39.93
70825,Historical,537493,1,1,S,9,1,42805,69.95,2012,42,24.99,32.62
70826,Historical,119275,0,0,S,4,1,67460,124.2,2012,55,28.21,75.73
70827,Historical,528959,0,0,S,2,1,134793,99,2012,75,68.32,59.39
70828,Historical,528956,0,0,S,3,1,3836930,53.98,2007,20,51.78,61.63
70829,Historical,865585,0,0,S,3,1,150516,52,2013,30,107.83,35.31
70830,Historical,348693,0,0,S,8,1,3137744,134.95,2003,55,115,6.45
70831,Historical,279289,0,0,S,3,1,101261,72.95,2009,50,29.69,24.75
70833,Historical,870238,1,1,S,7,1,52682,46.95,2014,22,39.48,28.01
70834,Historical,608827,0,0,S,4,1,2871443,45.95,2001,40,39.48,15.99
70835,Historical,544917,0,0,S,4,1,77116,42.95,2013,31,23.9,37.39
70836,Historical,544316,1,1,S,11,1,20203,117.95,2013,90,52.73,78.98
70837,Historical,600336,0,0,S,5,1,334408,52.98,2013,15,105.41,40.11
70838,Historical,286290,0,0,S,3,1,1021254,214.6,1999,22,5.89,61.61
70839,Historical,110059,0,0,S,7,1,1233780,38.98,2011,34,121.46,33.29
70840,Historical,528953,0,0,S,8,1,772595,38.4,2012,40,121.46,39.49
70841,Historical,198878,0,0,S,2,1,105748,36,2009,41,26.81,33.28
70842,Historical,600375,1,1,S,9,1,1509630,62.8,2009,20,3.85,46.88
70843,Historical,145073,0,0,S,4,1,893148,54.99,2006,24,6.86,46.03
70844,Historical,528951,0,0,S,3,1,744059,79.95,2010,12,74.95,73.97
70845,Historical,1781020,0,0,S,0,0,309057,66.75,2014,24,0,48.34
70846,Historical,368814,0,0,S,1,0,814719,52.95,2008,14,0,47.35
70847,Historical,387032,0,0,S,2,1,1233806,74.95,2009,22,35.99,28.71
70848,Historical,162458,0,0,S,6,1,845584,94.86,2008,18,111.98,72.97
70849,Historical,528947,0,0,S,3,1,609130,58,2012,23,43.97,43.99
70850,Historical,312050,0,0,S,4,1,124445,71.95,2010,38,36.11,55.02
70851,Historical,528945,0,0,S,2,1,1086367,74.95,2011,21,51.25,47.59
70852,Historical,869408,0,0,S,2,1,259140,59.99,2014,18,40.68,58.31
70853,Historical,579118,0,0,S,3,1,389602,103,1996,23,0,72.98
70854,Historical,408559,0,0,S,2,1,639088,60,2005,33,17.97,41.97
70855,Historical,309992,0,0,S,3,1,1443495,107.25,2005,31,11.96,9.89
70856,Historical,313890,0,0,S,2,1,398925,210,2006,35,67.44,53.97
70857,Historical,116169,0,0,S,8,1,234072,99.8,2005,27,0,0
70858,Historical,642001,0,0,S,2,1,697043,79.99,2013,24,50.24,65.17
70859,Historical,157531,0,0,S,2,1,143100,49.95,2008,41,25.23,18
70860,Historical,1505781,0,0,S,4,1,824272,61,2007,32,4.65,55.92
70861,Historical,866974,0,0,S,9,1,1998012,49.95,2014,15,44.2,36.79
70862,Historical,351234,0,0,S,2,1,1058009,62.8,2012,31,4.98,55.99
70863,Historical,911637,0,0,S,2,1,101532,55,2013,39,69.02,41.25
70864,Historical,548137,0,0,S,6,1,43834,334.95,1990,45,36.53,65.31
70865,Historical,162678,0,0,S,8,1,258307,128,2011,31,27.49,66.68
70866,Historical,528931,0,0,S,8,1,636950,57,2011,21,19.99,22.09
70867,Historical,321061,0,0,S,4,1,181314,41.95,2010,37,28.99,35.31
70868,Historical,1690803,0,0,S,0,0,709110,39,2011,17,25.99,29.32
70869,Historical,393022,0,0,S,2,1,93503,79.99,2011,37,57.76,38.68
70870,Historical,619570,0,0,S,2,1,2713774,82.95,1988,24,52.59,47.75
70871,Historical,243803,0,0,S,2,1,101448,84.99,2011,37,24.47,53.97
70872,Historical,647187,0,0,S,14,1,185967,69.01,2012,24,0,43.74
70873,Historical,246486,0,0,S,2,1,481553,97.95,2006,20,27.98,69.6
70874,Historical,902552,0,0,S,2,1,113551,74.99,2015,19,54.28,54.77
70875,Historical,320923,0,0,S,6,1,82409,66,2008,26,29.99,29.81
70876,Historical,549207,0,0,S,3,1,742201,136.7,1974,26,0,94.23
70877,Historical,2346619,0,0,S,3,1,1040946,90,1974,18,0,66.6
70878,Historical,129732,0,0,S,1,0,9701,73.2,1999,37,0,59.43
70879,Historical,117611,0,0,S,1,0,208673,207.6,2007,20,0,89.98
70880,Historical,156891,0,0,S,3,1,589630,59.95,2001,38,23.26,25.31
70881,Historical,162249,0,0,S,2,1,235376,50,2008,37,28.99,21.87
70882,Historical,408362,0,0,S,0,0,539422,115,1996,21,0,68.95
70883,Historical,106960,1,1,S,1,0,374175,76.75,2002,40,17.78,22.51
70884,Historical,114815,0,0,S,2,1,765827,65.8,2005,29,10.89,37.99
70885,Historical,286260,0,0,S,2,1,50211,65,2009,43,66.59,38.99
70886,Historical,190368,0,0,S,7,1,98979,63.13,1995,59,25.95,55.51
70888,Historical,217672,0,0,S,2,1,481310,83.99,2006,43,53.92,61.02
70889,Historical,157191,0,0,S,2,1,108214,51.95,2009,36,41.04,39.5
70892,Historical,872547,0,0,S,2,1,100583,65,2013,77,53.8,47.72
70893,Historical,143632,0,0,S,5,1,1052670,97,2009,32,67.94,69.13
70894,Historical,176922,0,0,S,3,1,4597701,119.95,2003,28,33.94,8.99
70895,Historical,176730,0,0,S,2,1,11835638,82.95,1999,20,33.94,23.94
70896,Historical,877267,0,0,S,12,1,761517,148,2014,23,92.99,44.97
70897,Historical,118823,0,0,S,3,1,3155931,160,2006,14,155.38,53.98
70898,Historical,183719,0,0,S,4,1,2077926,289.95,2007,47,33.94,18.98
70899,Historical,110980,0,0,S,3,1,400424,125.95,2008,45,26.87,10.83
70900,Historical,110234,1,1,S,4,1,551117,247,2011,66,26.87,25.33
70901,Historical,53524,0,0,S,7,1,2536467,118,2001,68,131.5,24.6
70902,Historical,655314,1,1,S,6,1,520050,174,2012,19,66.94,145.18
70904,Historical,644668,0,0,S,2,1,888680,0,2012,25,4.51,133.39
70905,Historical,278943,1,1,S,2,1,478563,48.78,2012,88,4.51,16.15
70906,Historical,536602,0,0,S,4,1,659559,253.4,2012,29,61.5,159
70907,Historical,665884,1,2,S,4,1,101692,179.33,2012,21,61.5,138.1
70908,Historical,291546,0,0,S,1,0,108598,287.95,2005,58,75.99,62.03
70909,Historical,101110,0,0,S,4,1,249441,412.95,1997,27,0,0
70910,Historical,291518,1,1,S,2,1,513662,136.95,2001,32,17.07,63.21
70911,Historical,612466,0,0,S,3,1,200927,51.95,2013,45,31.08,42.94
70912,Historical,175713,0,0,S,1,0,304362,105,2007,38,0,77.94
70913,Historical,533328,0,0,S,9,1,214417,110.95,2012,29,16.57,40.88
70914,Historical,539599,0,0,S,2,1,52119,140,2012,38,78.7,107.91
70915,Historical,875613,0,0,S,5,1,218962,143.27,2014,30,103.43,73.99
70916,Historical,178875,0,0,S,7,1,455608,249.95,2010,75,141.82,75.99
70917,Historical,2259063,0,0,S,4,1,1934982,104.89,2009,35,68.98,98.95
70918,Historical,878802,0,0,S,5,1,756308,133.07,2014,41,63.94,48.99
70919,Historical,615689,0,0,S,8,1,2362403,89,1996,36,145.29,12.95
70920,Historical,60540,0,0,S,10,1,711084,135.2,2002,40,145.29,46.34
70921,Historical,203999,0,0,S,8,1,1049477,66.9,2006,92,0,8.5
70922,Historical,117454,0,0,S,3,1,710699,101.33,1998,22,77.08,48.79
70923,Historical,607385,1,1,S,2,1,278917,100,1995,20,168.11,55.91
70924,Historical,54406,0,0,S,4,1,261090,352.95,2008,60,93.99,52.5
70925,Historical,54405,0,0,S,2,1,455308,209.95,2002,33,93.99,53.2
70926,Historical,867332,0,0,S,3,1,95914,89.99,2014,37,49.67,68.18
70927,Historical,2377587,0,0,S,4,1,1739738,91.67,1996,28,42.12,48.48
70928,Historical,100501,0,0,S,6,1,259458,127.4,1995,30,32.84,87.21
70929,Historical,528898,0,0,S,2,1,312442,72.99,2010,34,35.74,53.53
70930,Historical,609105,0,0,S,6,1,1068526,289.95,2000,39,81.29,16.73
70931,Historical,245227,0,0,S,7,1,793388,196.95,2006,32,40.82,81.51
70932,Historical,126114,0,0,S,2,1,676593,154.95,2003,39,18.99,85.19
70933,Historical,551828,0,0,S,4,1,2071736,93,2003,22,12.29,73.98
70934,Historical,543927,0,0,S,1,0,101629,83.5,2014,58,55.19,62.96
70935,Historical,577338,0,0,S,8,1,3824287,56.95,2002,33,28.99,61.67
70936,Historical,649604,0,0,S,11,1,237263,92.99,2013,54,28.99,47.68
70937,Historical,892932,0,0,S,3,1,108032,55.99,2015,15,29.78,41.76
70938,Historical,2397053,1,2,S,5,1,3958824,77.95,1996,30,101.88,42.73
70939,Historical,116579,0,0,S,10,1,80968,206.8,2003,77,19.93,60.53
70940,Historical,544885,0,0,S,1,0,93704,52.95,2008,37,0,33.03
70941,Historical,1957174,0,0,S,1,0,1675758,97.5,2013,17,0,23.99
70943,Historical,556717,0,0,S,5,1,3463365,108,1999,37,134.98,11.72
70944,Historical,113155,0,0,S,3,1,384127,109.95,2010,63,45.79,56
70945,Historical,130168,0,0,S,7,1,1077171,150.67,2004,91,134.98,18.88
70946,Historical,617743,0,0,S,5,1,530919,228,1990,44,0,46.57
70947,Historical,163417,0,0,S,7,1,299538,140,2011,41,56.9,67.79
70948,Historical,566064,0,0,S,7,1,952979,37.33,2010,26,0,33.99
70949,Historical,544089,0,0,S,8,1,129754,66.75,2013,21,0,0
70951,Historical,333682,0,0,S,2,1,181562,64.95,2008,74,30.64,35.79
70952,Historical,867796,0,0,S,6,1,48273,89,2014,35,54.48,63.99
70953,Historical,299942,0,0,S,3,1,2812407,63,2001,35,54.48,4.58
70955,Historical,612766,0,0,S,3,1,27150,69.95,2013,56,53.52,60.51
70956,Historical,153881,0,0,S,2,1,645703,77.5,2005,32,18.4,71.14
70957,Historical,334076,0,0,S,2,1,189953,62,2006,34,18.92,34.99
70958,Historical,153361,0,0,S,2,1,141749,80.78,2006,38,8.32,62.33
70959,Historical,613785,0,0,S,2,1,317473,94.95,1992,49,3.99,38.75
70961,Historical,2070513,0,0,S,3,1,528781,69.28,2009,17,0,30.55
70962,Historical,902309,0,0,S,2,1,584383,75,2011,19,33.87,36.74
70963,Historical,748266,0,0,S,2,1,1374366,106,2007,20,63.97,71.09
70965,Historical,101288,1,2,S,7,1,263737,350.95,2003,63,40.35,59.24
70966,Historical,528885,0,0,S,6,1,37379,120,2002,48,20.19,76.35
70967,Historical,920691,0,0,S,2,1,36911,159.75,2014,64,76.89,61.88
70968,Historical,582977,0,0,S,3,1,572298,128.95,2011,38,18.98,12.64
70969,Historical,57324,1,1,S,2,1,43805,43.95,2011,60,17.06,26.09
70970,Historical,132630,0,0,S,2,1,114540,107.2,2008,46,52.45,74.01
70972,Historical,52490,0,0,S,4,1,2997376,85.95,2003,51,74.96,10.02
70973,Historical,2255142,0,0,S,6,1,321759,46.96,2009,43,0,34.98
70974,Historical,286019,0,0,S,3,1,60082,112.2,2008,51,20.33,57.31
70975,Historical,670165,0,0,S,2,1,1253402,40,2012,14,35.98,40
70976,Historical,290085,0,0,S,1,0,182482,60.95,2009,23,0,44.65
70978,Historical,528882,0,0,S,6,1,221174,21.99,2011,54,6.27,5.87
70979,Historical,867406,0,0,S,7,1,3084,22.99,2014,15,0,0
70980,Historical,608253,0,0,S,5,1,382890,21.99,2008,72,6.27,5.97
70981,Historical,2051621,0,0,S,1,0,100072,26.95,2007,29,58.08,9.97
70982,Historical,1569019,0,0,S,6,1,201884,19.95,2009,34,0,29.95
70983,Historical,290424,0,0,S,4,1,1098314,19.95,2003,98,9.74,5.91
70984,Historical,528880,0,0,S,4,1,184605,45.95,2011,27,28.31,28.4
70985,Historical,542253,0,0,S,2,1,1249231,67.95,2007,26,8.87,26.48
70986,Historical,661022,0,0,S,8,1,118549,93.76,2012,15,83.95,94.95
70987,Historical,1779101,0,0,S,2,1,61910,54.37,2013,21,0,63.82
70988,Historical,544145,0,0,S,2,1,6512,95,2013,32,53.99,46.99
70991,Historical,163892,0,0,S,1,0,515541,50,1995,28,0,22.33
70992,Historical,111137,0,0,S,2,1,718880,162.25,2009,33,88.98,92.33
70994,Historical,622259,0,0,S,5,1,1716223,98,1994,44,38.99,29.84
70995,Historical,113627,0,0,S,6,1,506149,130,1998,20,38.99,66.79
70996,Historical,1441337,0,0,S,10,1,44942,50.5,2013,37,153.24,35.99
70997,Historical,663429,0,0,S,2,1,2011743,80,2013,17,21.75,34.98
70998,Historical,213249,0,0,S,3,1,604861,45.95,2006,40,38.34,39.08
70999,Historical,1677918,0,0,S,2,1,1640191,49.95,2014,14,0,32.99
71001,Historical,248281,0,0,S,2,1,83451,159.95,2004,34,18.98,38.53
71002,Historical,615543,0,0,S,2,1,45629,297.95,2004,97,18.98,44.63
71003,Historical,870638,0,0,S,4,1,419965,42,2014,34,26.38,33.46
71004,Historical,584753,0,0,S,5,1,270703,209.08,1994,51,38.99,71.29
71005,Historical,125796,0,0,S,1,0,238929,72.95,1999,51,18.43,65.48
71006,Historical,298596,0,0,S,4,1,2839099,184.95,2006,28,133.98,31.64
71007,Historical,169425,0,0,S,6,1,225335,210.95,2007,67,6.94,39.38
71008,Historical,123948,0,0,S,5,1,2448534,103.95,2003,29,6.94,20.98
71009,Historical,199588,0,0,S,2,1,3846198,58.95,2004,39,58.95,39.44
71010,Historical,52417,0,0,S,11,1,2827888,121.95,2004,67,95.98,9.9
71011,Historical,642067,1,3,S,3,1,178548,100.95,2013,76,53.25,48.5
71012,Historical,707929,0,0,S,2,1,835738,65,2003,23,0,0
71013,Historical,130939,1,3,S,5,1,796538,184.47,2011,51,114.86,33.94
71014,Historical,50182,0,0,S,3,1,1227073,84.8,2004,110,114.86,13.98
71015,Historical,169581,0,0,S,2,1,2544808,43.89,2006,14,60.24,43.89
71016,Historical,642083,1,7,S,2,1,396990,125.69,2013,28,84.57,32.75
71017,Historical,556975,0,0,S,2,1,423682,129.2,1996,33,0,58.99
71018,Historical,177249,0,0,S,3,1,1002185,51.95,1996,31,0,44.45
71019,Historical,1625266,0,0,S,6,1,132722,44.99,2015,9,0,28.95
71020,Historical,1455786,0,0,S,3,1,69593,39.99,2014,25,0,24.6
71021,Historical,1989623,0,0,S,1,0,923183,49.99,2015,19,0,39.73
71022,Historical,1989621,0,0,S,1,0,468330,59.99,2014,14,0,22.97
71023,Historical,3549056,0,0,S,7,1,62781,44.99,2016,14,0,28.66
71024,Historical,1989647,0,0,S,2,1,1091239,49.99,2015,20,32.97,32.23
71025,Historical,665007,0,0,S,4,1,80942,49.99,2014,43,21.38,21.98
71026,Historical,683684,0,0,S,3,1,268532,31.99,2011,32,0,0
71027,Historical,915493,0,0,S,4,1,2418847,34.99,2012,24,0,5.88
71028,Historical,920287,0,0,S,4,1,230008,24.99,2012,51,0,0
71029,Historical,686603,0,0,S,6,1,268646,24.99,2013,19,0,0
71030,Historical,684788,0,0,S,5,1,276104,24.99,2012,69,0,0
71031,Historical,898592,0,0,S,7,1,90976,24.99,2014,17,0,0
71032,Historical,687985,0,0,S,5,1,462963,24.99,2012,44,0,0
71033,Historical,687922,0,0,S,6,1,362477,24.99,2013,32,0,0
71035,Historical,1826558,0,0,S,2,1,96513,69.95,2015,37,30.98,42.95
71036,Historical,1778801,0,0,S,2,1,716187,34.99,2013,68,22.89,13.97
71037,Historical,682586,0,0,S,4,1,410197,29.99,2012,16,0,0
71038,Historical,1932560,0,0,S,7,1,173452,24.99,2013,41,18.97,7.49
71039,Historical,683636,0,0,S,6,1,180928,24.99,2012,38,0,0
71040,Historical,687303,0,0,S,3,1,222896,24.99,2013,18,0,0
71042,Historical,129333,0,0,S,2,1,372736,69.95,2011,27,42.44,30.48
71043,Historical,869159,0,0,S,8,1,702173,186.55,2010,29,68.99,87.34
71044,Historical,802732,0,0,S,10,1,1281125,34.99,2011,36,24.47,5.88
71045,Historical,656979,0,0,S,2,1,440786,54.95,2010,17,0,0
71046,Historical,1894894,0,0,S,2,1,615433,78.55,2009,16,0,19.29
71047,Historical,631872,0,0,S,0,0,168158,54.95,2000,75,15.4,49.89
71048,Historical,817585,0,0,S,2,1,38072,16,2006,46,23.97,15.41
71050,Historical,789165,0,0,S,5,1,5844832,199,2003,16,29.47,15.99
71051,Historical,106259,0,0,S,5,1,1368349,150,2005,33,4.95,33.97
71052,Historical,2141310,0,0,S,8,1,184378,38.95,2013,21,0,38.95
71053,Historical,862129,0,0,S,2,1,131184,48.95,2014,18,0,0
71054,Historical,126696,0,0,S,2,1,117568,49.95,2006,41,16.88,45.54
71055,Historical,127589,0,0,S,4,1,42969,57.95,2010,59,29.35,56.97
71056,Historical,138960,0,0,S,2,1,427624,46.5,2003,82,22.23,59.08
71057,Historical,559273,0,0,S,0,0,1074837,35,1992,42,22.23,17.99
71059,Historical,136820,0,0,S,0,0,213029,43,2007,12,0,30.81
71060,Historical,566553,0,0,S,3,1,753644,186.95,2004,31,36.97,106.24
71061,Historical,620464,0,0,S,5,1,19422,118.5,2013,81,38.12,37.54
71063,Historical,648486,1,1,S,8,1,934530,188.95,2010,12,88.76,183.99
71064,Historical,157443,0,0,S,3,1,755852,52.95,2013,30,35.72,43.02
71065,Historical,914538,0,0,S,2,1,2080587,54.95,2003,26,35.72,39.64
71066,Historical,615297,0,0,S,13,1,1103570,44,2012,90,4.22,8.99
71067,Historical,271047,0,0,S,12,1,1323775,42,2011,69,4.22,7.99
71068,Historical,639732,0,0,S,14,1,60528,46,2013,69,5.98,36.83
71069,Historical,1982723,0,0,S,16,1,78340,45,2015,36,44.04,35.99
71070,Historical,870368,0,0,S,2,1,999818,53,2014,39,27.19,33.99
71071,Historical,802265,1,2,S,3,1,587938,38.95,2003,54,28.94,9.93
71072,Historical,2164486,0,0,S,9,1,968301,112.95,2014,22,152.91,107.01
71073,Historical,2157312,0,0,S,3,1,4286839,35.95,2006,25,40.62,7.98
71074,Historical,860090,0,0,S,2,1,894069,68.95,2010,17,0,0
71075,Historical,106822,0,0,S,2,1,134875,72,2011,57,35.35,44.53
71077,Historical,106788,0,0,S,3,1,71774,57,2010,43,16.23,32.78
71078,Historical,317392,0,0,S,2,1,146774,64.99,2010,43,37.02,41.25
71080,Historical,702075,0,0,S,3,1,624102,39,2010,10,16.18,11.63
71081,Historical,663728,0,0,S,2,1,34553,95,2013,34,45.01,61.98
71082,Historical,2143329,0,0,S,0,0,595662,35,2015,11,23.93,28.43
71083,Historical,212900,0,0,S,1,0,182431,59.95,2000,26,0,53.33
71084,Historical,628725,0,0,S,2,1,773083,59.99,2010,37,31.08,37.77
71085,Historical,1760998,0,0,S,5,1,421514,49.95,2013,51,42.43,38.99
71087,Historical,120263,0,0,S,5,1,261353,109.6,2011,53,3.99,60.63
71088,Historical,643422,0,0,S,2,1,408643,37.95,2013,21,15.35,20.57
71089,Historical,528842,0,0,S,3,1,102498,12.99,2009,61,11.77,25.14
71090,Historical,2603847,0,0,S,3,1,688643,59.99,2005,21,54.7,44.99
71091,Historical,270781,0,0,S,4,1,53836,50.99,2009,51,9.05,22.04
71092,Historical,910814,0,0,S,1,0,517075,41.95,2014,27,13.6,28.6
71093,Historical,1761170,0,0,S,12,1,312714,85,2014,32,0,48.5
71095,Historical,2250767,0,0,S,3,1,1574420,141.9,2008,13,0,25.98
71096,Historical,2250030,0,0,S,6,1,1546200,166.89,2009,19,0,140.18
71097,Historical,914786,0,0,S,5,1,39208,24.95,2015,86,19.26,14.98
71103,Historical,658378,0,0,S,0,0,172238,0,2011,14,0,9.75
71105,Historical,656557,0,0,S,2,1,811275,85.95,2001,26,34.12,73.82
71106,Historical,2603862,0,0,S,2,1,1927916,49.99,2003,22,15.22,38.57
71107,Historical,54338,1,1,S,5,1,125526,89,2001,66,98.9,49.95
71108,Historical,130737,0,0,S,8,1,214553,99.6,2011,40,33.44,86.13
71109,Historical,130738,0,0,S,8,1,322454,99.6,2011,31,12.98,33.84
71110,Historical,627359,0,0,S,8,1,654116,106.27,2011,26,64.99,296.64
71111,Historical,130740,0,0,S,8,1,103989,99.6,2011,34,4.7,84.49
71112,Historical,904149,0,0,S,4,1,1514401,41,2012,23,4.22,30.84
71113,Historical,529950,0,0,S,11,1,1050104,71.25,2012,26,49.89,51.62
71114,Historical,201638,0,0,S,0,0,617771,49.95,1996,29,0,37.66
71115,Historical,625165,0,0,S,2,1,1061584,175,1996,14,0,66.19
71116,Historical,845049,0,0,S,2,1,685929,196.95,1989,29,0,69.35
71117,Historical,575257,0,0,S,4,1,2644375,39.95,2009,22,4.22,39.31
71119,Historical,624514,0,0,S,2,1,33431,100,2001,49,39.47,53.19
71120,Historical,2014092,0,0,S,25,1,96047,45,2012,43,31.94,32.02
71121,Historical,534615,0,0,S,3,1,15889,27,2011,41,13.71,15.07
71122,Historical,528833,0,0,S,3,1,41765,27,2011,32,17.97,14.99
71123,Historical,547336,0,0,S,3,1,378561,27,2006,47,17.97,34.98
71125,Historical,1733324,0,0,S,4,1,94013,49.95,2010,14,0,32.38
71127,Historical,233348,0,0,S,0,0,113958,39.99,2005,24,0,43.98
71128,Historical,138627,0,0,S,0,0,327177,42,2005,21,0,20.57
71129,Historical,645307,0,0,S,3,1,795768,58.95,2011,25,35.99,43.64
71130,Historical,1555813,0,0,S,2,1,1108210,49.95,2008,24,154.47,35.41
71131,Historical,661499,0,0,S,4,1,1281370,255,2012,21,0,0
71132,Historical,251086,0,0,S,1,0,870814,200.95,2008,27,0,66.97
71133,Historical,107090,0,0,S,4,1,1177957,39.99,2006,39,35.7,15.19
71134,Historical,106704,0,0,S,5,1,151851,40,2011,41,15.67,18.94
71135,Historical,610482,0,0,S,6,1,5279,40,2014,68,15.67,22.31
71136,Historical,664586,0,0,S,4,1,57527,39.99,2014,41,24.7,25.82
71137,Historical,1615698,0,0,S,3,1,1302484,49.99,2006,32,4.3,11.99
71138,Historical,565827,0,0,S,5,1,893067,234.69,2007,40,82.94,73.98
71140,Historical,1932480,0,0,S,3,1,552246,59.99,2014,51,28.48,35.23
71141,Historical,181860,0,0,S,3,1,744071,39.95,2004,51,5.74,18.74
71142,Historical,679881,0,0,S,5,1,425077,29.99,2011,31,0,0
71143,Historical,610041,0,0,S,6,1,303364,29.99,2014,21,0,0
71144,Historical,2154724,0,0,S,3,1,1258706,79.95,2006,18,28.79,71.06
71145,Historical,542348,0,0,S,2,1,1349901,59.99,2006,24,22.24,20.52
71146,Historical,867584,0,0,S,6,1,116921,59.99,2014,36,21.65,35.63
71147,Historical,181821,0,0,S,4,1,2863354,39.95,2002,63,21.65,8.24
71148,Historical,144895,1,3,S,0,0,185091,144,2005,26,103.97,79.97
71149,Historical,528828,0,0,S,3,1,1301653,130,2006,28,9.23,61.11
71150,Historical,664734,0,0,S,4,1,507472,49.99,2013,47,18.87,29.27
71152,Historical,183991,0,0,S,3,1,1217050,123.95,2005,31,115.46,46.15
71153,Historical,592538,0,0,S,3,1,89938,204.95,2005,30,78.42,50.94
71154,Historical,898883,0,0,S,2,1,367535,45,2015,19,28.08,13.97
71155,Historical,592900,0,0,S,3,1,2106323,239.95,2007,46,117.44,8.79
71156,Historical,145225,0,0,S,4,1,325189,69.99,2005,42,26.98,49.86
71157,Historical,867532,0,0,S,8,1,473099,71.95,2014,11,44.56,65.63
71158,Historical,866170,0,0,S,2,1,1142270,54.99,2001,26,0,10.55
71159,Historical,571679,0,0,S,2,1,645009,59.99,2002,56,4.4,31.55
71160,Historical,702841,0,0,S,4,1,3556037,39.99,2000,33,28.03,9.43
71161,Historical,538335,0,0,S,4,1,172125,40,2013,44,13.3,23.99
71162,Historical,181960,0,0,S,2,1,1842881,44.99,2007,45,4.19,26.99
71163,Historical,893030,0,0,S,1,0,103782,52,2014,15,0,28.97
71164,Historical,865247,0,0,S,3,1,29174,49.99,2014,31,24.98,31.09
71165,Historical,545594,0,0,S,2,1,89057,39.99,2011,68,24.98,17.16
71166,Historical,161762,0,0,S,6,1,2150703,49.99,2007,40,9.43,10.92
71167,Historical,121233,0,0,S,2,1,389028,49.99,2010,43,20.57,29.34
71168,Historical,528818,0,0,S,3,1,947231,50,2012,22,14.6,26.11
71169,Historical,1989599,0,0,S,2,1,423548,49.99,2015,23,0,28.48
71171,Historical,536155,0,0,S,6,1,14677,49.99,2011,52,20.41,25.99
71172,Historical,329921,0,0,S,8,1,370255,34.99,2011,57,25.53,22.8
71173,Historical,639542,0,0,S,2,1,315950,63,1993,28,18.37,47.66
71174,Historical,650961,1,1,S,3,1,997152,96.1,2011,21,0,173.84
71175,Historical,624301,1,2,S,3,1,259182,179.95,2011,56,59.43,79.97
71176,Historical,551628,0,0,S,3,1,1008773,97.2,1999,33,26.74,58.55
71177,Historical,630405,0,0,S,0,0,197054,180.6,1992,70,53.99,53.44
71179,Historical,723993,0,0,S,1,0,744839,39.95,2012,15,0,30.73
71181,Historical,195169,0,0,S,3,1,844931,54,2009,23,28.05,38.94
71182,Historical,545908,0,0,S,4,1,56413,59.95,2013,86,38.45,36.96
71183,Historical,619084,1,9,S,0,0,394651,105,1985,80,23.98,78.26
71184,Historical,613943,0,0,S,7,1,369426,105,1990,92,23.98,63.93
71185,Historical,2600954,0,0,S,0,0,129616,39.99,1994,18,0,35.01
71186,Historical,2769035,0,0,S,0,0,288168,40,1990,25,42.99,23.74
71187,Historical,212718,0,0,S,2,1,55316,39.99,2009,33,11.7,24.96
71188,Historical,2665982,0,0,S,1,0,52924,35,1991,237,15.93,12.75
71189,Historical,612227,0,0,S,2,1,102702,87.4,2013,37,58.44,72.13
71190,Historical,905818,0,0,S,2,1,1241849,0,1985,16,53.46,78.25
71192,Historical,612771,0,0,S,0,0,1190523,90,2014,21,48.97,22.94
71193,Historical,600943,0,0,S,5,1,586351,89.95,2012,30,63.99,71.83
71194,Historical,898839,0,0,S,5,1,406719,64.95,2014,19,51.95,34.03
71197,Historical,337018,0,0,S,3,1,141256,39.95,2010,47,105.45,34.03
71198,Historical,1462182,0,0,S,0,0,21338,42.96,2014,39,23.49,18.99
71199,Historical,1595275,0,0,S,0,0,271391,74.96,2012,22,23.49,25.99
71200,Historical,2095431,0,0,S,3,1,72781,54.95,2013,9,0,50.61
71201,Historical,905396,0,0,S,0,0,321111,80,2010,44,46.97,54.11
71202,Historical,784286,0,0,S,1,0,989890,44.99,2005,64,22.39,11.92
71203,Historical,867604,0,0,S,5,1,103436,71.99,2015,21,30.98,45.82
71205,Historical,861466,0,0,S,6,1,103860,137.95,2013,27,113.99,139.45
71206,Historical,902305,0,0,S,2,1,118118,55,2010,17,5.08,25.33
71207,Historical,607697,0,0,S,8,1,1972617,80.6,2002,46,75.24,9.57
71208,Historical,670238,0,0,S,5,1,628324,48.95,2011,18,51.33,42.17
71209,Historical,2080953,0,0,S,4,1,1223132,285.99,2011,21,5.34,46.71
71210,Historical,58463,0,0,S,5,1,71127,95.95,2011,52,34.49,52.93
71211,Historical,1661660,0,0,S,3,1,7210,11.95,2013,50,0,9.1
71212,Historical,919733,0,0,S,3,1,18799,21.93,2010,52,0,15.65
71213,Historical,2054245,0,0,S,0,0,456815,40,2013,22,18.99,24.19
71214,Historical,642042,0,0,S,2,1,985927,44.99,2013,62,11.45,8.96
71215,Historical,647367,0,0,S,2,1,168176,74.99,2010,21,32.15,50.73
71216,Historical,279226,0,0,S,4,1,327311,49.95,2011,15,0,39.95
71217,Historical,545822,0,0,S,2,1,234094,35,2012,71,15.55,8.99
71218,Historical,572668,0,0,S,6,1,474724,111,2001,74,23.99,17.32
71219,Historical,112254,0,0,S,7,1,443825,103.12,2004,80,23.99,13.83
71220,Historical,210980,0,0,S,3,1,1250336,31.95,2007,82,28.29,8.98
71221,Historical,294843,0,0,S,4,1,211097,35.95,2010,111,28.29,9.98
71222,Historical,900489,0,0,S,5,1,143456,37.95,2015,25,28.29,24.96
71223,Historical,615421,1,4,S,2,1,288502,127.5,2006,75,23.97,73.99
71224,Historical,708487,1,1,S,0,0,467475,110.68,2005,41,23.97,67.06
71225,Historical,1698124,0,0,S,0,0,884268,16.95,2008,17,30.95,26.94
71226,Historical,897283,0,0,S,0,0,242339,6.95,2013,10,30.95,6.94
71227,Historical,889028,0,0,S,2,1,371150,39.95,2013,23,36.76,39.4
71228,Historical,528801,0,0,S,7,1,1413102,61.95,2011,16,44.54,39.9
71232,Historical,767778,1,1,S,1,0,408319,67.3,2009,39,19.94,30.98
71233,Historical,767779,0,0,S,1,0,679796,67.3,2009,31,32.98,56.62
71234,Historical,767800,0,0,S,1,0,1945226,9.45,2010,19,32.98,9.19
71237,Historical,881453,1,2,S,1,0,723853,47.1,2012,14,0,36.98
71238,Historical,767776,0,0,S,1,0,66816,47.3,2009,36,0,14.95
71239,Historical,195382,0,0,S,0,0,1510,35,2006,114,0,0
71240,Historical,1719842,0,0,S,0,0,99347,55,2015,18,42.87,37.44
71241,Historical,223069,0,0,S,0,0,20277,46.95,2001,38,0,26.14
71242,Historical,2837372,0,0,S,0,0,268807,65,1999,28,0,44.93
71243,Historical,223073,0,0,S,2,1,46874,24,2003,40,0,14.19
71245,Historical,545821,0,0,S,6,1,309611,50,2012,44,24.89,33.94
71246,Historical,717537,0,0,S,3,1,3376523,103.95,2003,24,78.49,18.99
71247,Historical,765451,0,0,S,3,1,4474179,82.95,2002,17,43.57,31.49
71248,Historical,873474,0,0,S,6,1,4316429,59.95,2004,27,52.01,6.99
71250,Historical,1453155,0,0,S,2,1,1328488,169.6,2014,40,6.34,11.06
71251,Historical,1451700,0,0,S,1,0,1607233,169.6,2012,51,6.34,13.98
71252,Historical,644224,0,0,S,2,1,125180,30,2000,20,8.87,13.71
71253,Historical,528795,0,0,S,2,1,245070,49.99,2010,32,14.01,30.98
71254,Historical,629997,0,0,S,2,1,378044,69.99,2011,85,39.97,52.2
71255,Historical,56765,0,0,S,10,1,2042697,54.95,2002,62,27.97,14.08
71256,Historical,284814,0,0,S,5,1,500473,157.5,1998,35,61.29,63.98
71257,Historical,106755,0,0,S,6,1,260811,173,2010,94,61.29,49.95
71258,Historical,528794,0,0,S,4,1,74026,19.95,2006,130,5.58,7.33
71259,Historical,108756,0,0,S,5,1,429623,102.68,2005,41,46.89,29.88
71260,Historical,617527,0,0,S,6,1,102833,64.99,2004,38,4.38,35.25
71261,Historical,2088179,0,0,S,2,1,852959,64.95,2013,21,42.69,61.64
71262,Historical,628563,0,0,S,2,1,819075,64.95,2007,27,32.29,202.9
71263,Historical,60549,0,0,S,9,1,1280399,131.95,2004,40,8.46,15.21
71264,Historical,169644,0,0,S,10,1,734129,134.21,2006,38,8.46,138.81
71265,Historical,622955,0,0,S,4,1,86510,97,2013,43,33.24,33.98
71266,Historical,916752,0,0,S,2,1,1222596,66,2005,37,4.87,56.59
71267,Historical,120355,0,0,S,3,1,389874,105.6,2008,46,4.87,61.93
71268,Historical,2621047,0,0,S,4,1,536888,153.95,2002,20,34.43,111.49
71269,Historical,555713,0,0,S,1,0,26756,36.95,2007,36,0,28.99
71270,Historical,796420,0,0,S,1,0,1277629,24.99,2008,16,49.95,43.98
71271,Historical,915441,0,0,S,0,0,1531083,77.92,2011,32,123.2,49.07
71272,Historical,885857,0,0,S,4,1,1172328,201.95,2011,15,123.2,216.11
71273,Historical,618581,1,1,S,3,1,579124,109.8,2008,42,0,0
71274,Historical,649589,0,0,S,2,1,483908,61,2013,37,28.42,41.91
71275,Historical,618330,0,0,S,2,1,177298,116,2001,46,24.94,66.59
71276,Historical,618401,0,0,S,5,1,1271031,172.8,2003,43,4,23.87
71277,Historical,2264624,0,0,S,4,1,1393035,54.94,2010,17,29.57,75.74
71278,Historical,52371,0,0,S,2,1,1487268,105.95,2004,61,82.99,30.04
71279,Historical,1574691,0,0,S,10,1,2174707,146.95,2008,13,117.43,43.24
71280,Historical,143205,0,0,S,2,1,737251,41,2008,37,4,28.59
71281,Historical,653638,1,2,S,3,1,477751,124.95,2011,38,11.94,42.69
71282,Historical,576313,0,0,S,1,0,841942,76,2004,33,0,16.98
71283,Historical,248047,0,0,S,0,0,125788,79,2009,74,42.52,49.01
71284,Historical,55217,0,0,S,4,1,3140135,103.6,2004,26,76.31,5.79
71285,Historical,1470942,0,0,S,2,1,391468,95,2014,15,0,32.99
71286,Historical,113679,0,0,S,4,1,1114600,185,2003,40,43.49,19.62
71287,Historical,622617,1,1,S,1,0,95314,168.4,2011,39,43.49,75.99
71289,Historical,1527621,0,0,S,10,1,612620,29.99,2010,31,0,39.99
71290,Historical,114728,0,0,S,2,1,3302038,48,2003,33,58.11,6.69
71292,Historical,2003326,0,0,S,2,1,56521,44.95,2014,11,0,40.41
71293,Historical,58399,0,0,S,9,1,50852,77.95,2003,62,15.98,29.04
71295,Historical,545779,0,0,S,4,1,92682,92,2013,57,53.99,27.99
71296,Historical,812841,0,0,S,2,1,2003284,62.95,2013,12,52.87,53.23
71297,Historical,528780,0,0,S,2,1,6866,20.99,2012,37,0,15.96
71298,Historical,1537337,0,0,S,1,0,1180176,33.95,2006,29,101.48,33.95
71299,Historical,887404,0,0,S,1,0,829511,51.95,2015,14,42.64,41.23
71300,Historical,2078536,0,0,S,2,1,187585,19.99,2009,48,0,8.99
71301,Historical,618553,0,0,S,0,0,1061838,31.99,2012,60,9.64,6.4
71302,Historical,250424,1,3,S,4,1,362919,21.99,2011,35,16.47,33.99
71303,Historical,187948,0,0,S,7,1,1334631,279,2000,19,243.99,124.99
71304,Historical,204103,0,0,S,3,1,439217,87.99,2008,63,6.42,22.64
71305,Historical,270783,0,0,S,5,1,191032,71.99,2010,24,23.18,28.17
71306,Historical,528776,0,0,S,9,1,274042,91.99,2011,41,57.43,48.02
71307,Historical,187963,1,1,S,8,1,2186444,75,1998,71,73.99,18.97
71308,Historical,270950,0,0,S,0,0,455358,19.99,2012,98,8.75,7.49
71309,Historical,250448,1,2,S,6,1,90950,18.95,2010,130,8.75,8.99
71310,Historical,250421,0,0,S,4,1,655220,19.99,2010,27,0,0
71311,Historical,1865900,0,0,S,2,1,89084,14.95,2008,47,5.24,10.47
71312,Historical,630061,0,0,S,7,1,759641,80,2010,56,48.99,28.97
71313,Historical,528773,0,0,S,4,1,67154,19.99,2011,49,5.99,12.9
71314,Historical,1865858,0,0,S,6,1,951213,20,2008,65,0,9.05
71315,Historical,1865860,0,0,S,7,1,785261,20,2008,122,0,7.09
71316,Historical,528772,0,0,S,6,1,1103012,20,2008,81,3.91,7.91
71317,Historical,866279,0,0,S,0,0,15238,39.99,2015,87,22.93,18.99
71318,Historical,2103025,1,2,S,0,0,232,39.99,2016,51,22.93,13
71319,Historical,386945,0,0,S,5,1,92232,19,2010,27,0,153.99
71320,Historical,639058,0,0,S,2,1,188256,36.99,2013,15,0,16.98
71322,Historical,528771,0,0,S,0,0,825991,38.99,2010,59,8.91,7.99
71323,Historical,637637,0,0,S,0,0,251628,59.99,2013,52,8.91,23.49
71324,Historical,3108195,0,0,S,2,1,86235,44.99,2015,8,0,24.35
71325,Historical,3775880,0,0,S,3,1,238937,44.99,2016,0,0,28.76
71326,Historical,3108189,0,0,S,2,1,156387,44.99,2015,14,0,22.91
71328,Historical,3108193,0,0,S,2,1,559987,44.99,2015,12,0,22.09
71329,Historical,652616,0,0,S,0,0,732883,44.99,2012,68,0,9.48
71330,Historical,2098016,0,0,S,0,0,72825,44.99,2014,24,0,21.74
71331,Historical,3108192,0,0,S,2,1,978261,44.99,2015,17,0,25.65
71332,Historical,2098015,0,0,S,3,1,175446,44.99,2014,25,17.83,15.99
71333,Historical,629216,0,0,S,3,1,1308015,44.99,2012,70,17.83,6.94
71334,Historical,642095,0,0,S,8,1,246806,49.99,2013,44,6.72,27.98
71335,Historical,644494,0,0,S,1,0,745234,120,2013,59,4.33,8.57
71336,Historical,632178,1,1,S,0,0,106853,174.99,2013,80,11.51,36.77
71337,Historical,649060,0,0,S,2,1,957238,59.95,2009,21,16.12,61.54
71338,Historical,652437,0,0,S,2,1,151722,54.99,2013,20,30.99,33.54
71339,Historical,658300,0,0,S,3,1,216814,44.99,2012,21,25.59,199.73
71340,Historical,658411,0,0,S,2,1,91336,44.99,2011,10,26.99,311.7
71341,Historical,633199,0,0,S,2,1,242372,44.99,2011,24,27.99,53.99
71342,Historical,655187,0,0,S,6,1,141465,44.99,2013,30,33.97,35.63
71343,Historical,902383,1,1,S,5,1,858044,44.99,2011,20,0,23.99
71344,Historical,621393,1,1,S,4,1,1275352,44.95,2008,20,0,0
71345,Historical,2084517,0,0,S,5,1,1008457,44.99,2011,24,0,37.98
71346,Historical,615614,0,0,S,4,1,1037697,44.95,2008,45,0,18.99
71347,Historical,2098031,0,0,S,0,0,428920,64.99,2015,16,33.99,39.37
71348,Historical,867823,1,1,S,0,0,28753,44.99,2015,65,33.78,48.98
71349,Historical,924426,1,1,S,6,1,3161,22.99,2014,51,16.78,13.51
71350,Historical,250447,0,0,S,3,1,246493,20,2008,33,16.78,73.31
71352,Historical,613801,0,0,S,1,0,620161,44.99,2011,117,5.5,4
71353,Historical,2078511,0,0,S,2,1,868472,49.95,2009,20,0,79.96
71354,Historical,908274,0,0,S,0,0,2103370,29.95,2007,27,30.23,47.89
71355,Historical,1878955,0,0,S,0,0,1982522,27.95,2007,21,38.99,50
71356,Historical,916953,0,0,S,0,0,294701,35,2007,33,20.9,22.94
71357,Historical,614242,0,0,S,4,1,149082,35,2009,45,20.9,23.99
71359,Historical,862134,0,0,S,5,1,178053,39.99,2014,29,20.9,18.24
71360,Historical,1865777,0,0,S,0,0,588140,16.99,2011,70,12.4,11.49
71361,Historical,2098001,0,0,S,0,0,411980,18.99,2014,30,12.4,18.99
71362,Historical,166275,0,0,S,2,1,581588,62.95,1995,48,14.85,33.98
71364,Historical,620392,0,0,S,2,1,51111,65.95,2000,40,32.48,47.53
71366,Historical,755405,0,0,S,0,0,1227788,85.95,2007,14,0,57
71367,Historical,217316,0,0,S,9,1,239511,55,2008,27,25.96,26.25
71368,Historical,456469,0,0,S,10,1,1240560,107.95,2005,33,0,18.64
71369,Historical,898840,0,0,S,1,0,372019,49.95,2004,17,0,43.94
71370,Historical,878807,0,0,S,3,1,1163115,84.95,2005,51,73.25,5.99
71371,Historical,878805,0,0,S,6,1,14600,73,2014,80,51.99,50
71372,Historical,878810,1,1,S,7,1,20079,101,2014,47,76.38,73.13
71373,Historical,620117,0,0,S,3,1,320555,60,2005,37,29.73,48.67
71374,Historical,865463,0,0,S,2,1,115593,54.95,2014,17,35.21,44.52
71375,Historical,788838,0,0,S,2,1,3061242,75.99,2001,30,5.81,48.21
71376,Historical,106817,0,0,S,10,1,88398,64,2011,39,11.64,12.99
71377,Historical,2216172,0,0,S,1,0,267657,40,2015,7,0,29.69
71379,Historical,2165287,1,1,S,5,1,60197,29.95,2011,39,0,19.99
71380,Historical,245804,0,0,S,25,1,363717,27.95,2009,56,0,0
71381,Historical,528756,0,0,S,2,1,300811,45,2010,35,23.95,27.15
71382,Historical,545508,0,0,S,2,1,567397,46,2012,28,35.2,26.49
71383,Historical,528754,0,0,S,2,1,170219,80,2009,30,38.55,33.88
71384,Historical,611531,0,0,S,2,1,857819,46,2013,17,20.07,27.99
71385,Historical,892837,0,0,S,3,1,1387561,44,2014,23,33.4,29.95
71386,Historical,616736,0,0,S,2,1,795086,114.8,2009,54,4.71,23.99
71387,Historical,248115,0,0,S,3,1,425944,61,2010,35,19.47,30.97
71388,Historical,1828967,0,0,S,3,1,906864,49.99,2015,9,0,36.14
71389,Historical,2688905,0,0,S,0,0,385892,49.21,2004,46,0,33.83
71390,Historical,272542,0,0,S,2,1,340987,83,2010,31,49.02,44.35
71391,Historical,2082655,0,0,S,6,1,880632,45.8,2012,11,0,45.8
71392,Historical,2082665,1,2,S,10,1,87978,54.8,2014,28,48.96,54.8
71393,Historical,178853,0,0,S,2,1,505511,193.95,2007,28,4.04,23.74
71394,Historical,178851,0,0,S,2,1,430189,120.95,2007,54,4.99,28.73
71395,Historical,528750,0,0,S,17,1,1154418,193.95,2008,29,86.59,41.63
71396,Historical,608679,0,0,S,15,1,3439410,116.95,2001,36,16.98,28.99
71397,Historical,766934,0,0,S,17,1,1947946,87.95,2007,44,25.24,11.43
71398,Historical,224736,1,1,S,6,1,328019,42.95,2011,19,14.44,23.34
71399,Historical,766191,0,0,S,2,1,881788,118.95,2003,24,18.99,71.15
71400,Historical,53743,0,0,S,4,1,179990,128.95,2004,113,46.83,5.98
71401,Historical,543850,1,3,S,7,1,19427,82.95,2013,53,46.83,63.99
71402,Historical,423341,0,0,S,1,0,597179,176.4,2011,35,0,66.96
71403,Historical,859418,0,0,S,2,1,1065390,95,2006,42,33.44,52.29
71406,Historical,132536,0,0,S,4,1,2487898,113,2007,21,6.49,53.71
71407,Historical,132316,0,0,S,4,1,1383896,143.8,2007,43,6.49,45.47
71408,Historical,635950,0,0,S,0,0,373366,91.99,2011,28,0,10.19
71409,Historical,746172,0,0,S,1,0,725809,67,2003,71,0,14.38
71411,Historical,54745,0,0,S,10,1,694062,53.31,2001,31,108.94,50.91
71412,Historical,203978,0,0,S,0,0,88127,103.99,2008,61,62.49,19.82
71413,Historical,631168,0,0,S,2,1,1439695,31.95,2006,11,22.43,26.94
71414,Historical,620760,0,0,S,2,1,309659,88.95,2011,29,40.55,66.98
71415,Historical,534761,0,0,S,3,1,87688,88,2012,73,66.77,44.64
71416,Historical,2847413,1,1,S,0,0,126637,69.99,1993,13,40.6,98.32
71417,Historical,528743,0,0,S,2,1,108432,39.99,2008,76,20.11,24.03
71418,Historical,58501,0,0,S,9,1,2101175,67.95,2003,67,44.99,13.42
71419,Historical,655135,0,0,S,5,1,367584,40,2013,52,25.17,21.99
71421,Historical,652344,0,0,S,2,1,74013,99,2013,54,0,0
71422,Historical,626412,0,0,S,3,1,518536,45,2005,20,0,0
71425,Historical,3216837,0,0,S,0,0,734,55.93,2005,0,16.99,46.44
71426,Historical,644106,0,0,S,5,1,137493,110.95,2006,23,55.88,63.95
71427,Historical,910124,0,0,S,2,1,819501,54.99,2004,24,18.26,33.93
71429,Historical,118584,0,0,S,3,1,143846,122.6,2007,56,16.99,46
71430,Historical,157727,0,0,S,2,1,162274,46.95,2010,53,24.93,34.2
71431,Historical,575271,0,0,S,2,1,460968,44.95,2006,33,5.99,36.36
71432,Historical,1658418,0,0,S,2,1,1433259,71.64,2010,27,4.93,54.49
71433,Historical,136558,0,0,S,2,1,335500,62,2011,39,22.99,41.41
71435,Historical,1778830,0,0,S,2,1,508563,75.95,2013,15,39.11,58.5
71436,Historical,203416,0,0,S,4,1,1825934,49.95,2002,18,11.52,28.99
71437,Historical,528734,0,0,S,5,1,354995,68.99,2008,39,11.52,38.99
71438,Historical,693944,0,0,S,0,0,254397,81.8,2003,46,0,94.91
71439,Historical,693945,0,0,S,0,0,1426500,87.65,2002,63,0,7.99
71440,Historical,692639,0,0,S,0,0,232253,74.6,2006,47,0,0
71441,Historical,155472,0,0,S,5,1,1396722,85,1997,40,70.22,48.99
71442,Historical,157629,0,0,S,2,1,1812748,49.95,2006,25,22.77,46.12
71443,Historical,2243826,0,0,S,0,0,814272,49.95,2015,11,0,37.73
71444,Historical,54855,0,0,S,7,1,464736,92.95,2003,154,107.94,23.24
71445,Historical,864682,0,0,S,10,1,41030,113.95,2014,73,45.24,41.76
71446,Historical,192775,0,0,S,10,1,1559500,84.95,2000,45,83.99,11.99
71447,Historical,593535,0,0,S,2,1,81368,227.25,2011,43,135.82,106.93
71448,Historical,635174,0,0,S,2,1,105990,49,2008,23,0,36.53
71449,Historical,1532186,0,0,S,1,0,423135,35,2012,40,28.11,8.19
71450,Historical,2018078,1,2,S,11,1,1823976,379,2008,26,2244.75,141.58
71452,Historical,627466,0,0,S,2,1,45838,40.63,2009,12,0,0
71453,Historical,1910466,0,0,S,9,1,1548986,68.95,2010,14,62.99,71.53
71454,Historical,802351,0,0,S,6,1,1309545,113.95,2006,12,105.07,84.96
71455,Historical,634901,0,0,S,2,1,856827,65.99,2012,26,3.85,30.15
71456,Historical,452829,0,0,S,7,1,22288,153.95,2010,47,58.98,52.94
71457,Historical,1451354,0,0,S,2,1,226299,72.4,2014,19,0,56.61
71458,Historical,624294,0,0,S,5,1,145823,90.95,2011,30,48.68,51.89
71459,Historical,544207,0,0,S,6,1,142050,117.95,2013,23,35.08,47.99
71460,Historical,535674,0,0,S,8,1,36010,120.95,2013,49,75.96,52.23
71461,Historical,535669,0,0,S,6,1,164627,117.95,2012,29,28.99,40.84
71462,Historical,1783299,0,0,S,5,1,255900,72.95,2014,23,53.98,57.58
71463,Historical,543167,0,0,S,9,1,26596,110,2005,71,63.88,69.39
71464,Historical,593270,0,0,S,3,1,1812889,84.95,2009,40,3.83,6.84
71465,Historical,528718,0,0,S,10,1,665492,112.6,2010,51,12.68,33.87
71466,Historical,60372,0,0,S,8,1,697124,193.95,2006,38,139.33,23.93
71469,Historical,1574746,0,0,S,9,1,884100,62.95,2008,14,3.85,675
71470,Historical,245222,0,0,S,5,1,1109561,90.95,2006,15,0,28.99
71471,Historical,634915,1,2,S,4,1,259426,86.95,2011,32,35.69,68.81
71472,Historical,528721,0,0,S,2,1,627980,91.95,2010,90,0,8.88
71473,Historical,866292,0,0,S,5,1,40719,43.99,2014,32,27.19,23.99
71474,Historical,525953,0,0,S,4,1,171436,38.99,2009,101,27.19,8.48
71475,Historical,635588,1,1,S,5,1,200494,42.99,2013,33,27.19,12.24
71476,Historical,807125,0,0,S,2,1,1303641,139.95,2008,27,24.08,21.99
71477,Historical,528717,0,0,S,5,1,1105317,62.95,2010,17,11.34,43.94
71479,Historical,862136,1,6,S,18,1,450965,55.95,2014,21,30.36,41.69
71480,Historical,615287,0,0,S,5,1,1359786,88.95,2010,38,11.49,26.12
71482,Historical,587599,0,0,S,10,1,314342,79.95,2011,12,0,0
71483,Historical,111271,0,0,S,2,1,142489,194.5,2011,41,76.24,101.49
71484,Historical,3775934,0,0,S,3,1,252268,41,2015,24,0,27.96
71485,Historical,592191,0,0,S,3,1,209257,43,2012,34,26.94,21.49
71486,Historical,183727,0,0,S,12,1,232238,118.95,2007,24,0,0
71487,Historical,664268,0,0,S,7,1,499055,71.95,2013,17,37.99,43.99
71488,Historical,528720,0,0,S,5,1,1198340,56.5,2010,16,17.35,66.39
71489,Historical,865352,0,0,S,4,1,691319,49.95,2005,19,0,45.22
71490,Historical,57040,0,0,S,3,1,906786,165,2004,21,151.99,18.99
71491,Historical,269970,0,0,S,14,1,333279,168,2006,32,4.98,79
71492,Historical,545495,0,0,S,3,1,28332,49.99,2011,30,39.98,30.11
71493,Historical,254011,0,0,S,2,1,1404700,89.91,2010,16,83.98,89.65
71494,Historical,539502,0,0,S,9,1,28405,80.2,2013,61,41.8,63.97
71495,Historical,110602,0,0,S,6,1,180861,102.25,2008,89,14.39,45.99
71496,Historical,543133,0,0,S,3,1,384086,89.95,2013,93,47.28,66.01
71497,Historical,244376,0,0,S,4,1,223089,146,2011,34,22.35,28.99
71498,Historical,191870,0,0,S,3,1,39141,105.75,2000,69,0,37.99
71499,Historical,119752,0,0,S,7,1,463153,111.8,1996,26,0,79.98
71500,Historical,56212,1,1,S,7,1,3573135,86.6,2003,34,88.98,18.99
71501,Historical,114599,0,0,S,4,1,512726,140.2,2002,61,25.2,43.98
71502,Historical,528707,0,0,S,3,1,240794,135.95,2008,67,12.68,27.43
71503,Historical,146015,1,1,S,2,1,246137,82.2,2009,48,44.88,77.19
71504,Historical,146020,0,0,S,2,1,260422,82.2,2009,53,42.92,56.49
71505,Historical,146021,0,0,S,2,1,71368,82.2,2009,36,0,0
71506,Historical,164243,0,0,S,4,1,131275,90.5,2001,41,33.26,78.47
71508,Historical,739225,0,0,S,9,1,1098365,35,2002,24,47.93,18.98
71509,Historical,108264,0,0,S,11,1,745958,100.5,2006,43,0,67.13
71510,Historical,866693,0,0,S,8,1,55366,106.75,2014,42,53.98,66.79
71511,Historical,111100,0,0,S,14,1,274977,114.75,2011,35,22.54,77.48
71512,Historical,626630,0,0,S,5,1,214125,137.33,2013,35,0,108.99
71513,Historical,552663,0,0,S,2,1,18498,48.6,2006,12,0,0
71514,Historical,294832,0,0,S,2,1,1393906,34.95,2006,34,13.52,12.86
71515,Historical,211042,0,0,S,3,1,19974,43.95,2011,55,13.52,30.38
71516,Historical,612408,0,0,S,5,1,40503,47.8,2013,17,0,40.88
71518,Historical,607965,0,0,S,11,1,280101,56.2,2010,29,9.54,45.88
71519,Historical,609341,0,0,S,10,1,1460922,44,2005,26,9.54,23.99
71520,Historical,868071,0,0,S,2,1,828325,96.2,2004,19,26.45,38.94
71521,Historical,553546,0,0,S,3,1,955847,97.8,2008,33,26.45,74.4
71522,Historical,639898,0,0,S,8,1,59199,62.6,2011,37,37.29,47.12
71523,Historical,455468,0,0,S,5,1,46076,219.95,2006,49,0,0
71524,Historical,416187,1,2,S,10,1,1704385,23.99,2003,36,128.49,32.94
71525,Historical,528701,0,0,S,2,1,128242,192.25,2012,31,63.62,113.26
71526,Historical,644508,0,0,S,2,1,174861,141.65,2012,23,0,0
71527,Historical,111300,0,0,S,1,0,1905940,50.83,2010,24,63.62,40.96
71528,Historical,434734,0,0,S,4,1,3142842,40.4,2007,29,8.99,12.95
71529,Historical,528700,0,0,S,5,1,1122309,46.8,2009,34,8.99,13.98
71530,Historical,615022,0,0,S,13,1,102707,143.99,2010,43,0,70.64
71532,Historical,1449841,1,1,S,9,1,615548,60.2,2007,26,32.98,47.97
71533,Historical,163489,0,0,S,2,1,857514,83.5,2010,26,42.68,33.57
71534,Historical,657924,1,1,S,11,1,6426,77,2013,45,32.98,55.99
71535,Historical,285520,0,0,S,8,1,43701,96,2011,32,62.15,27.98
71536,Historical,56289,0,0,S,7,1,3027321,115.5,2005,18,103.87,18.98
71537,Historical,788169,0,0,S,6,1,1842794,117.95,2000,24,42.98,41.49
71538,Historical,709998,0,0,S,5,1,2431126,50,1999,43,4.97,21.49
71539,Historical,617379,0,0,S,5,1,934756,81.95,2009,40,4,13.99
71540,Historical,104389,1,2,S,2,1,1060706,77.5,2000,18,26.94,53.17
71541,Historical,615791,0,0,S,5,1,134080,53.95,1997,49,8.04,23.99
71542,Historical,866657,0,0,S,2,1,342861,71,2014,28,43.54,57.96
71543,Historical,744061,0,0,S,6,1,409873,29.95,2014,14,53.12,26.29
71544,Historical,607973,1,1,S,4,1,1131303,49.95,2002,59,0,13.79
71545,Historical,868256,0,0,S,6,1,21360,79.95,2014,46,53.12,54.96
71547,Historical,111240,1,1,S,6,1,71005,105.87,2011,39,15.7,75.99
71548,Historical,547772,0,0,S,7,1,1690871,52,1994,20,50.04,14.93
71549,Historical,534694,0,0,S,6,1,63147,59.95,2012,36,28.99,33.99
71550,Historical,528697,0,0,S,8,1,31744,80.2,2012,68,29.35,48.99
71551,Historical,608530,0,0,S,3,1,1230464,126.95,2004,26,3.98,8.98
71552,Historical,556522,0,0,S,5,1,650570,54,2013,30,30,24.67
71553,Historical,613988,0,0,S,4,1,946276,31.5,1996,89,30,10.37
71554,Historical,1693800,0,0,S,2,1,187738,40,2006,40,0,21.31
71555,Historical,534685,1,1,S,7,1,57186,83.95,2013,24,49.86,64.9
71556,Historical,1533544,0,0,S,0,0,754106,129,2006,27,134.83,24.19
71557,Historical,1744872,0,0,S,2,1,386040,49.95,2008,18,0,49.95
71558,Historical,646598,0,0,S,10,1,637702,55,2006,15,0,0
71559,Historical,2682056,0,0,S,4,1,5762302,99,1993,19,84.78,130.57
71560,Historical,897610,0,0,S,8,1,825333,34.95,2007,15,26.9,91.03
71561,Historical,143155,0,0,S,2,1,499978,73,2007,24,119.41,257.61
71562,Historical,560488,0,0,S,3,1,739054,80,2013,25,119.41,77.6
71563,Historical,161747,0,0,S,0,0,69907,110,2007,38,67.17,81.98
71564,Historical,538303,0,0,S,5,1,139110,103,2013,44,54.5,62.77
71565,Historical,697268,1,1,S,3,1,302889,79.95,1997,46,54.5,27.44
71566,Historical,638015,0,0,S,3,1,1236988,95,1998,41,16.06,50.2
71568,Historical,617765,0,0,S,3,1,635335,10.45,1997,39,93.95,22.54
71569,Historical,871862,0,0,S,4,1,2006395,0,1979,14,15.68,61.31
71570,Historical,623311,0,0,S,5,1,348499,60,1989,42,15.68,51.25
71571,Historical,295903,0,0,S,5,1,2781496,319.95,1997,32,27.94,9.07
71572,Historical,538266,0,0,S,2,1,68825,40,2013,45,22.69,23.86
71573,Historical,665009,0,0,S,3,1,2798,41,2013,55,25.87,27.61
71574,Historical,528692,0,0,S,9,1,1182474,50,2011,25,8.08,28.99
71575,Historical,702438,0,0,S,7,1,687143,96,2012,30,0,95.9
71576,Historical,859709,0,0,S,6,1,1025262,57,2008,23,0,0
71577,Historical,646421,0,0,S,7,1,294390,58,2009,30,0,0
71578,Historical,532811,0,0,S,10,1,79746,56,2011,35,28.97,42.83
71579,Historical,701334,0,0,S,6,1,1685960,56,2008,17,4.98,43.99
71580,Historical,528690,0,0,S,6,1,39416,69,2010,89,46.55,40.17
71581,Historical,528691,0,0,S,5,1,1449856,53,2011,20,12.98,21.94
71582,Historical,415926,0,0,S,6,1,78728,71,2012,31,25.98,49.55
71583,Historical,549581,0,0,S,16,1,1068812,193,2005,27,31.52,79.24
71584,Historical,558382,0,0,S,8,1,820623,51.95,2011,25,34.8,41.76
71585,Historical,135518,1,1,S,6,1,262827,26.95,2008,67,0,30.23
71586,Historical,613924,0,0,S,3,1,1613516,82.95,1998,49,110.53,22.99
71587,Historical,141837,0,0,S,7,1,111157,78,2007,57,13.69,62.75
71588,Historical,528689,0,0,S,4,1,79342,64.95,2013,80,46.06,45.39
71589,Historical,543713,0,0,S,2,1,362098,49.99,2013,41,18.95,36.97
71590,Historical,656186,0,0,S,1,0,512937,43.95,2011,13,0,38.09
71591,Historical,131338,1,1,S,2,1,1074972,171.4,2000,33,0,0
71592,Historical,898745,0,0,S,3,1,759415,52.95,2014,23,41.36,40.55
71594,Historical,113853,0,0,S,1,0,151671,179,2006,41,0,13.14
71596,Historical,52697,0,0,S,5,1,1092228,13.15,2002,76,52.33,9.21
71597,Historical,121638,0,0,S,2,1,16077,75.53,2010,68,35.88,44.66
71598,Historical,141619,0,0,S,9,1,1092036,13.98,2004,104,48.73,42.97
71599,Historical,251202,0,0,S,4,1,618840,78.95,2007,61,43.85,56.7
71600,Historical,543717,0,0,S,4,1,953770,39.99,2013,31,26.69,30.69
71601,Historical,615815,0,0,S,3,1,5422755,46.67,1999,28,65.59,13.94
71602,Historical,913122,0,0,S,6,1,116094,52,2014,46,23.64,43.13
71603,Historical,289846,0,0,S,2,1,135290,58.95,2009,33,38.97,37.98
71604,Historical,100520,0,0,S,4,1,1718197,66,1995,47,160.75,33.99
71605,Historical,765368,0,0,S,2,1,1488993,96.95,2000,51,155.3,16.98
71606,Historical,644450,0,0,S,0,0,115607,158.95,2013,39,35.99,67.73
71607,Historical,539330,0,0,S,4,1,44859,105,2013,84,73.51,82.87
71609,Historical,851403,0,0,S,0,0,266272,128.05,2000,26,0,25.99
71610,Historical,851402,0,0,S,0,0,590629,125.5,2000,20,0,45.21
71611,Historical,612986,0,0,S,0,0,769820,93.45,1999,119,0,8.97
71612,Historical,613539,0,0,S,0,0,496254,83.8,2001,83,0,11.85
71613,Historical,183365,0,0,S,0,0,588607,112.5,2005,60,0,24.49
71614,Historical,183367,0,0,S,0,0,697292,113.1,2005,71,0,15.99
71615,Historical,542370,1,1,S,0,0,247220,108.15,2005,53,0,33.97
71617,Historical,847481,1,1,S,0,0,1724200,112.75,1996,78,5.24,23.86
71618,Historical,847482,0,0,S,8,1,1423388,112.75,1996,78,0,8.83
71620,Historical,688487,0,0,S,3,1,310409,24.99,2013,34,0,0
71622,Historical,444571,0,0,S,3,1,1006074,69.95,2001,36,56.43,44.13
71624,Historical,617706,0,0,S,3,1,113637,88,2001,35,86.01,43.83
71625,Historical,2385497,0,0,S,3,1,821286,23.53,1981,37,64.99,92.55
71626,Historical,1523541,0,0,S,1,0,537276,27,2012,203,0,4.59
71627,Historical,2006166,0,0,S,2,1,67150,53.95,2010,22,0,44.38
71628,Historical,885876,0,0,S,12,1,1750247,76.99,2011,12,64.44,37.77
71629,Historical,638523,0,0,S,12,1,900759,90.95,2011,21,64.44,45.33
71630,Historical,2131802,0,0,S,1,0,719373,48.95,2014,16,0,43.49
71631,Historical,298418,0,0,S,3,1,85197,47,2007,33,19.74,71.7
71632,Historical,528677,0,0,S,6,1,297632,129.95,2005,43,5.51,25.28
71633,Historical,620872,0,0,S,2,1,261521,74.99,2004,24,0,0
71634,Historical,528674,0,0,S,5,1,538190,57,2010,36,18.99,20.99
71635,Historical,130490,0,0,S,2,1,293819,102.6,2011,35,57.74,88.99
71636,Historical,145279,0,0,S,2,1,1047184,56.67,2005,23,15.99,13.94
71637,Historical,528675,0,0,S,5,1,80928,105.95,2011,53,58.54,83.28
71638,Historical,553629,0,0,S,1,0,248817,131.4,1992,51,24.99,59.99
71639,Historical,542243,0,0,S,2,1,573572,135.95,2004,47,27.97,13.98
71640,Historical,612648,0,0,S,8,1,89973,55,2013,29,28.99,33.43
71642,Historical,916594,0,0,S,5,1,882066,8.99,2008,42,9.93,37.53
71643,Historical,285613,0,0,S,0,0,160526,148,2002,62,0,79.99
71644,Historical,914413,0,0,S,9,1,1208609,111,2003,36,0,58.99
71645,Historical,615429,0,0,S,0,0,528783,146.75,2002,55,0,26.47
71646,Historical,61099,0,0,S,0,0,250901,0,1996,57,0,93.33
71648,Historical,545431,0,0,S,2,1,724854,47,2011,33,39.89,28.99
71650,Historical,56530,0,0,S,3,1,1713530,130.76,2002,32,165.46,8.98
71651,Historical,52757,1,1,S,2,1,1000827,100.15,2005,28,122.46,29.97
71652,Historical,2970883,0,0,S,9,1,439384,75,2014,4,0,58.61
71653,Historical,528670,0,0,S,10,1,429028,105.95,2012,42,43.51,73.93
71654,Historical,650500,0,0,S,5,1,389503,43,2011,21,53.4,43
71655,Historical,544713,0,0,S,2,1,817632,75.95,2013,33,29.44,47.98
71656,Historical,878092,0,0,S,7,1,5480034,150.52,2011,32,101.32,98.8
71657,Historical,270057,0,0,S,5,1,258230,220,2010,59,93.98,123.63
71659,Historical,654745,0,0,S,2,1,491464,90.41,2000,30,67.27,72.79
71660,Historical,612575,0,0,S,2,1,384049,42.95,2013,34,33.38,35.11
71661,Historical,220257,0,0,S,0,0,1068602,32.95,2004,36,33.38,15.99
71662,Historical,556078,0,0,S,1,0,1313581,83,2006,21,0,73.92
71663,Historical,1472358,0,0,S,1,0,552543,60,2008,15,47.36,45.21
71664,Historical,1976359,0,0,S,7,1,203620,64.95,2014,10,0,56.86
71666,Historical,899320,0,0,S,5,1,2664646,0,2008,13,48.93,107.54
71667,Historical,528667,0,0,S,4,1,180405,162.94,2008,18,0,162.94
71668,Historical,226057,0,0,S,2,1,4670230,109.95,1999,16,89.04,15.38
71669,Historical,776191,0,0,S,0,0,1062365,38.95,2009,40,25.48,13.94
71670,Historical,909989,0,0,S,0,0,91534,74.95,2010,28,25.48,63.69
71671,Historical,865415,0,0,S,7,1,129546,44.95,2011,41,43.78,37.98
71672,Historical,655623,0,0,S,2,1,1381626,43.95,2010,18,0,17.95
71673,Historical,865271,0,0,S,3,1,245357,44.95,2012,30,0,30.49
71674,Historical,528664,0,0,S,3,1,93084,69.95,2011,45,42.71,55.89
71675,Historical,287086,0,0,S,2,1,289254,67,2006,48,26.35,60.87
71676,Historical,115941,0,0,S,6,1,684775,191.4,2004,37,105.17,118.33
71677,Historical,915482,0,0,S,5,1,1109544,90,2000,24,105.17,23.98
71678,Historical,252048,0,0,S,5,1,165316,200.95,2010,66,15.68,51.49
71679,Historical,222951,0,0,S,1,0,2514349,244.95,1995,43,100.13,23.97
71680,Historical,148060,0,0,S,2,1,340111,381.95,2005,40,0,72.53
71681,Historical,270013,0,0,S,9,1,370621,220,2007,77,13.99,99.85
71682,Historical,1468261,0,0,S,2,1,4384622,110,2008,14,156.21,118.08
71683,Historical,881412,0,0,S,5,1,16383,49.95,2015,49,51.98,34.96
71685,Historical,534543,0,0,S,3,1,522772,48,2009,38,4.99,28.99
71686,Historical,622957,1,2,S,2,1,83850,45,2013,98,28.99,28.99
71687,Historical,220356,0,0,S,4,1,607644,168,2001,44,53.99,78.04
71688,Historical,737724,0,0,S,2,1,842469,65,2008,12,16.65,75.96
71689,Historical,624324,0,0,S,2,1,33999,44.99,2010,58,18.98,29.08
71690,Historical,1517030,0,0,S,5,1,1458643,71.47,2013,15,0,70.02
71691,Historical,644041,0,0,S,4,1,1330923,60,2008,22,0,46.09
71692,Historical,576314,0,0,S,3,1,257138,50.95,2003,136,26.97,16.76
71693,Historical,314953,1,1,S,2,1,43186,89.4,2011,56,7.45,51.89
71694,Historical,611352,0,0,S,2,1,635296,48,2013,15,36.79,31.78
71695,Historical,120334,0,0,S,4,1,116933,72.6,2010,53,24.41,58.4
71697,Historical,545958,0,0,S,5,1,11457,78.95,2013,125,44.07,48.96
71698,Historical,106759,1,1,S,1,0,45864,40,2010,44,15.92,17.98
71699,Historical,113623,0,0,S,3,1,591073,50.4,1999,17,27.93,43.12
71700,Historical,644479,0,0,S,6,1,25907,51.95,2013,48,40.23,43.74
71701,Historical,1432086,0,0,S,1,0,48502,17.99,2010,62,0,13.41
71702,Historical,262576,0,0,S,3,1,2989967,26.95,2000,28,40.23,38.97
71703,Historical,697402,0,0,S,5,1,2388437,0,2005,24,135.91,74.05
71704,Historical,609262,0,0,S,3,1,600161,22.95,2003,283,16.44,5.89
71705,Historical,536035,0,0,S,4,1,20124,24.95,2008,168,16.44,25.48
71706,Historical,120365,0,0,S,2,1,74785,107.2,2009,39,29.72,77.53
71708,Historical,116308,0,0,S,2,1,104329,107.4,2009,44,62.98,63.49
71709,Historical,2805106,0,0,S,2,1,932188,21.95,1998,33,35.64,23.26
71711,Historical,260021,0,0,S,2,1,127195,109.75,2010,33,55.14,68.99
71712,Historical,623584,0,0,S,3,1,116912,59.95,2007,52,28.66,52.99
71713,Historical,875425,0,0,S,8,1,910276,48.63,2012,18,102.49,45.71
71715,Historical,676498,0,0,S,2,1,16798,29.95,2011,55,13.73,16.37
71716,Historical,862140,0,0,S,8,1,5453,79.99,2014,106,34.99,55.98
71717,Historical,54553,0,0,S,5,1,1959682,49.95,2005,108,34.99,7.96
71719,Historical,247872,0,0,S,0,0,623500,44.95,2009,20,0,27.43
71720,Historical,867916,0,0,S,6,1,3055,76.95,2014,69,48.98,48
71721,Historical,671606,0,0,S,2,1,867227,56,2011,13,0,34.79
71722,Historical,915802,0,0,S,0,0,897554,131,2014,31,12.65,68.99
71723,Historical,247709,0,0,S,1,0,402785,76,2009,20,0,55.21
71724,Historical,546808,0,0,S,0,0,244208,107,2012,33,6.03,54.59
71725,Historical,126772,0,0,S,8,1,526991,99.95,2005,50,11.04,57.97
71726,Historical,205841,0,0,S,2,1,271624,29.95,2003,75,15.72,9.99
71727,Historical,248236,0,0,S,2,1,411055,58,2011,40,28.4,38.66
71728,Historical,655403,0,0,S,2,1,172407,54.95,2012,43,40.98,43.85
71729,Historical,685270,0,0,S,1,0,114358,25,2013,46,39.51,7.99
71730,Historical,300204,0,0,S,0,0,1440510,146.17,2006,16,21.63,114.53
71731,Historical,679335,0,0,S,1,0,330506,27.95,2005,60,20.67,9.43
71732,Historical,1739764,0,0,S,4,1,33079,69.99,2014,13,49.57,47.12
71733,Historical,896763,0,0,S,2,1,467976,26.99,2012,14,0,0
71734,Historical,866654,0,0,S,2,1,330535,45,2014,13,17.24,12.54
71738,Historical,603569,0,0,S,2,1,557050,53.32,2012,21,13.84,37.89
71740,Historical,650021,0,0,S,1,0,6677,59.99,2010,15,0,0
71741,Historical,742707,0,0,S,1,0,8353,0,2010,7,0,0
71742,Historical,742617,0,0,S,1,0,3816,0,2010,11,0,0
71744,Historical,862142,0,0,S,4,1,77408,29.99,2014,17,17.04,20.62
71745,Historical,779498,0,0,S,3,1,1252497,49.95,2004,6,0,31.44
71746,Historical,779493,0,0,S,3,1,1131230,49.95,2004,23,30,269.85
71748,Historical,652258,0,0,S,3,1,17873,39.99,2013,37,25.78,22.68
71749,Historical,743085,0,0,S,3,1,63241,39.99,2014,18,0,0
71750,Historical,200830,0,0,S,3,1,113403,18.99,2004,91,20.84,13.99
71751,Historical,317673,1,2,S,3,1,102356,53.32,2010,34,0,0
71753,Historical,655454,0,0,S,2,1,4948,44.99,2012,33,27.92,28.4
71755,Historical,175216,0,0,S,2,1,111670,40.5,2001,66,20.53,24.37
71756,Historical,639691,0,0,S,2,1,278214,40,2013,57,24.78,26.27
71757,Historical,825799,1,1,S,3,1,752058,36.95,2002,27,34.58,99.48
71758,Historical,57656,1,1,S,2,1,136576,29.95,1999,26,34.58,23.99
71759,Historical,298941,0,0,S,2,1,435352,49.99,2010,52,4,10.96
71761,Historical,53844,0,0,S,2,1,11385,117.6,2004,115,59.95,84.17
71762,Historical,633474,1,1,S,2,1,163271,98,2004,25,59.95,21.16
71763,Historical,197822,0,0,S,5,1,603728,66.5,2007,50,18.96,46.66
71764,Historical,55100,1,1,S,4,1,3353326,86.95,1998,44,131.73,13.66
71766,Historical,286087,0,0,S,2,1,292327,168.2,2007,44,124.98,76.03
71767,Historical,910909,0,0,S,2,1,625596,174.95,2000,25,0,69.99
71768,Historical,176439,0,0,S,2,1,818782,220.95,2000,53,0,3.88
71769,Historical,566426,0,0,S,2,1,833649,64.73,2000,28,0,82.99
71770,Historical,620828,0,0,S,2,1,223326,72.6,2007,79,4,28.98
71771,Historical,893199,0,0,S,2,1,39582,57.95,2014,57,49.35,43.43
71774,Historical,118734,1,2,S,4,1,1068212,92.4,1997,21,113.94,66.73
71775,Historical,2385640,0,0,S,2,1,2054266,46.21,1983,12,113.94,44.99
71776,Historical,176638,0,0,S,3,1,673816,131.95,1999,40,4.76,48.96
71777,Historical,278742,0,0,S,1,0,260602,34.95,2006,151,10.69,13.98
71778,Historical,560703,0,0,S,7,1,898096,160.4,2001,32,0,31.99
71779,Historical,1493893,0,0,S,0,0,1026776,65,2010,25,29.99,14.07
71780,Historical,789827,0,0,S,2,1,150564,52.99,2009,36,37.62,38.42
71783,Historical,131736,0,0,S,3,1,373196,182.6,2004,39,19.14,42.92
71784,Historical,557129,0,0,S,5,1,658469,182.6,2003,45,8.92,42.66
71785,Historical,917352,0,0,S,3,1,2968071,46.64,1999,31,29.19,15.38
71786,Historical,213127,0,0,S,3,1,792211,135,2007,35,37.74,69.98
71788,Historical,181864,0,0,S,3,1,339136,44.99,2004,36,12.91,22.86
71789,Historical,120073,0,0,S,4,1,138805,104.4,2008,30,29.53,82
71790,Historical,57111,0,0,S,3,1,24919,67,2006,63,19.99,37.99
71791,Historical,864971,0,0,S,2,1,1407431,44.99,2013,19,0,31.87
71792,Historical,663316,0,0,S,4,1,178550,49.99,2013,58,17.7,28.48
71793,Historical,1615910,0,0,S,2,1,388687,34.99,2008,35,0,13.79
71795,Historical,1539153,0,0,S,2,1,1798730,57.95,2006,17,0,41.78
71796,Historical,2134219,0,0,S,3,1,821543,39.99,2011,28,24.09,29.34
71797,Historical,1476182,0,0,S,8,1,923418,55,2013,17,46.05,35.41
71798,Historical,243892,0,0,S,11,1,147349,48.95,2011,18,4.99,43.14
71799,Historical,169790,0,0,S,10,1,298703,49.95,2007,8,4.99,15.99
71800,Historical,116346,0,0,S,5,1,971805,200.33,2010,24,91.99,78.98
71801,Historical,118899,0,0,S,5,1,124094,187,2010,86,91.99,38.29
71804,Historical,1516686,0,0,S,2,1,337805,39.99,2012,18,10.23,35.48
71805,Historical,181970,0,0,S,1,0,233836,49.99,2008,24,43.28,31.38
71806,Historical,545578,0,0,S,6,1,19217,39.99,2011,81,10.59,25.29
71807,Historical,608738,0,0,S,5,1,730266,39.99,2008,53,10.59,19.98
71808,Historical,571691,0,0,S,4,1,1361255,39.95,2005,67,10.59,7.59
71809,Historical,1989643,0,0,S,4,1,21771,49.99,2014,27,23.2,32.66
71810,Historical,747477,0,0,S,2,1,1538581,40,2004,21,14.74,26.66
71811,Historical,181820,0,0,S,2,1,548038,39.99,2004,34,35.64,23.99
71812,Historical,545588,0,0,S,5,1,9537,64.99,2013,59,35.64,33.99
71813,Historical,528633,0,0,S,6,1,283524,208,2012,60,4.78,73.49
71814,Historical,890979,0,0,S,3,1,18252,54.99,2015,22,47.36,34.82
71816,Historical,2115734,0,0,S,3,1,393356,44.99,2015,14,0,40.49
71818,Historical,528632,0,0,S,2,1,42281,39.99,2009,43,17.94,26.25
71819,Historical,569738,1,2,S,3,1,1592484,126.95,2001,35,8.42,48.91
71821,Historical,647222,0,0,S,3,1,57349,52,2011,12,0,45.99
71822,Historical,539513,1,1,S,5,1,862581,119.8,2012,20,60.5,602.99
71823,Historical,2635334,0,0,S,2,1,238025,39.99,2002,45,5.03,24.99
71824,Historical,867387,0,0,S,4,1,25812,71,2014,46,46.37,52.26
71825,Historical,292060,0,0,S,7,1,134341,34.99,2008,30,18.53,22.79
71826,Historical,539631,0,0,S,6,1,68569,191,2011,33,101.94,72.99
71827,Historical,2115721,0,0,S,2,1,637790,49.99,2015,9,55.97,45.94
71828,Historical,1544263,0,0,S,2,1,398527,46.95,2014,33,36.62,37.25
71830,Historical,619390,0,0,S,2,1,1146448,72.8,2007,43,5.94,30.4
71831,Historical,620384,0,0,S,0,0,115281,42,2002,39,0,21.85
71832,Historical,2397287,0,0,S,3,1,954303,43.95,1995,26,68.17,153.32
71833,Historical,550242,0,0,S,7,1,3438844,113.6,2006,23,125.87,15.98
71834,Historical,699228,0,0,S,9,1,5641518,33.59,2011,9,125.87,45.98
71835,Historical,213191,0,0,S,2,1,719456,43.95,2005,17,22.84,39.92
71836,Historical,561620,1,2,S,2,1,299338,74.95,2001,53,28.92,33.67
71837,Historical,534777,0,0,S,4,1,6413,49.99,2012,65,16.99,30.74
71838,Historical,571680,0,0,S,2,1,498893,39.95,2003,72,4,13.99
71839,Historical,612669,0,0,S,12,1,19533,103.95,2014,43,61.99,60.96
71841,Historical,1449138,0,0,S,10,1,408445,109,2011,70,4.24,19.22
71842,Historical,244025,0,0,S,7,1,1254325,50.95,2011,17,9.66,44.27
71843,Historical,1841180,0,0,S,10,1,1144481,42.95,2011,13,36.8,25.24
71844,Historical,753565,0,0,S,9,1,2815374,47.95,2014,22,0,35.34
71845,Historical,649473,0,0,S,2,1,188589,52.44,2013,26,0,0
71846,Historical,637545,1,9,S,2,1,43194,52.44,2013,51,22.48,28.95
71847,Historical,639644,1,3,S,2,1,49862,52.44,2013,33,0,0
71848,Historical,546064,0,0,S,2,1,273475,41,2011,22,0,39.38
71849,Historical,175285,0,0,S,0,0,259652,64.99,2001,20,32.14,52.07
71850,Historical,3628638,0,0,S,2,1,414298,49.99,2015,18,0,44.15
71851,Historical,904559,1,1,S,0,0,1110115,0,2008,17,24.99,31.48
71852,Historical,536554,0,0,S,3,1,5042,44.2,2012,68,24.99,33.99
71853,Historical,610390,0,0,S,8,1,25237,77.99,2013,56,48.11,34.98
71854,Historical,864238,0,0,S,0,0,1181363,32.99,2012,21,28,32.68
71855,Historical,2089413,0,0,S,4,1,37742,49.98,2014,18,0,49.98
71856,Historical,2849820,0,0,S,0,0,34767,32.94,2001,58,36.94,21.98
71857,Historical,528623,0,0,S,4,1,242006,169.95,2012,61,53.18,84.98
71858,Historical,545952,0,0,S,3,1,63462,70.95,2014,44,17.5,51.98
71859,Historical,652224,1,1,S,6,1,34251,91.8,2013,42,49.48,74.55
71860,Historical,108438,0,0,S,13,1,3492464,185.31,2004,26,198.24,17.49
71861,Historical,330103,0,0,S,2,1,3622969,162.95,2000,17,86.43,7.98
71862,Historical,651954,0,0,S,3,1,865372,43,2007,17,16.13,43
71863,Historical,51219,0,0,S,2,1,2887082,231.95,2004,35,72.37,10.99
71864,Historical,51212,0,0,S,4,1,214492,160,2004,21,17.78,41.23
71865,Historical,570641,0,0,S,4,1,2559261,109.95,1995,23,72.35,46.55
71866,Historical,210838,0,0,S,2,1,88247,51.95,2003,80,4.38,20.99
71867,Historical,905198,0,0,S,0,0,129501,66,2013,24,37.44,570.79
71868,Historical,650504,0,0,S,4,1,499435,43,2012,58,36.87,35.97
71869,Historical,248512,0,0,S,11,1,686232,39.99,2009,46,0,15.33
71870,Historical,861489,0,0,S,13,1,358910,39.99,2013,51,0,30.98
71871,Historical,1855507,0,0,S,14,1,67822,39.99,2015,17,0,27.19
71872,Historical,162762,0,0,S,4,1,101447,98,2009,34,31.19,64.27
71873,Historical,670449,0,0,S,5,1,394951,44.99,2007,19,0,0
71874,Historical,298554,0,0,S,3,1,261069,109.95,2010,18,0,79.39
71875,Historical,528613,1,1,S,7,1,132453,146.4,2006,45,19.66,93.35
71876,Historical,766928,0,0,S,2,1,719397,118.95,2006,34,4.24,58.53
71877,Historical,775479,0,0,S,4,1,2392488,49,2001,51,36.93,18.34
71878,Historical,595044,1,1,S,3,1,254880,107,2012,44,49.84,53.98
71879,Historical,116091,0,0,S,2,1,2178984,96.4,2005,44,108.37,18.94
71880,Historical,795117,0,0,S,2,1,2847071,156.95,2009,15,78.13,169.95
71881,Historical,592861,0,0,S,6,1,1200355,55,2011,30,5.71,23.99
71882,Historical,270039,0,0,S,9,1,200148,96,2009,23,0,0
71883,Historical,1476504,0,0,S,4,1,2671222,55,2013,15,45.12,55
71884,Historical,249926,0,0,S,1,0,546987,175.95,2008,17,0,117.98
71885,Historical,2419270,0,0,S,2,1,4002066,54.95,2004,29,41.48,39.99
71886,Historical,779000,0,0,S,3,1,482021,89.99,2012,13,0,86.94
71887,Historical,868676,0,0,S,2,1,1226318,117,2015,20,73.99,79.03
71888,Historical,867717,0,0,S,6,1,351064,109,2014,50,27.95,65.98
71889,Historical,560429,0,0,S,5,1,462701,81,2010,31,26.2,47.99
71890,Historical,143614,1,1,S,4,1,804707,43,2009,12,27.91,43
71891,Historical,540211,0,0,S,2,1,16201,20,2013,31,15.93,16.49
71892,Historical,198752,0,0,S,0,0,1258039,29.99,2007,26,34.98,47.94
71893,Historical,922568,0,0,S,0,0,267131,19.99,2007,71,34.98,11.94
71895,Historical,269973,0,0,S,2,1,112092,44,2007,23,0,0
71898,Historical,2938657,0,0,S,4,1,1759805,0,2005,16,71.23,60.98
71899,Historical,1826308,0,0,S,3,1,508493,90.95,2014,36,48.99,44.98
71900,Historical,108466,1,1,S,4,1,836891,52.87,2005,43,5.2,45.38
71901,Historical,301057,0,0,S,3,1,809750,49.95,2008,28,21.69,52.97
71902,Historical,2351848,0,0,S,4,1,1037506,96.08,2003,28,8.57,71.53
71903,Historical,153198,0,0,S,0,0,73881,45,2004,61,6.83,28.08
71904,Historical,528608,0,0,S,2,1,46423,36,2012,54,30.44,25.77
71905,Historical,717510,0,0,S,3,1,3675408,60.95,1998,21,21.99,45.71
71906,Historical,169340,0,0,S,4,1,665864,140.95,2006,21,21.99,60.75
71908,Historical,627688,0,0,S,3,1,80412,91.8,2000,48,0,68.58
71909,Historical,615349,0,0,S,1,0,374606,45.4,1952,34,0,35.07
71911,Historical,615664,0,0,S,3,1,208996,112.6,1994,58,16.24,67.41
71912,Historical,212448,0,0,S,14,1,1317149,45,2003,44,0,28.99
71913,Historical,195164,0,0,S,2,1,20061,53,2009,46,32.4,41.82
71914,Historical,1691887,0,0,S,3,1,35967,18.99,2010,67,0,12.51
71915,Historical,3218991,0,0,S,0,0,84856,48.97,2006,0,0,46.44
71916,Historical,528604,0,0,S,6,1,702751,113.2,2007,26,92.24,62.19
71919,Historical,539010,0,0,S,2,1,18042,49.95,2012,41,22.51,28.95
71920,Historical,1780707,0,0,S,2,1,108436,44.99,2014,35,22.39,25.02
71921,Historical,477712,0,0,S,2,1,8060136,131.95,2009,17,92.51,40.98
71922,Historical,254531,0,0,S,3,1,239184,210.95,2012,39,92.51,61.04
71923,Historical,665629,0,0,S,2,1,1535464,74.95,2009,33,80.72,50.37
71924,Historical,267504,0,0,S,3,1,785950,44.95,2002,13,64.62,33.86
71925,Historical,132918,0,0,S,3,1,270058,66.4,2009,28,31.43,23.99
71926,Historical,615916,0,0,S,2,1,302227,65.95,1992,120,4,8.86
71927,Historical,2605587,0,0,S,2,1,452829,54.99,1998,39,8.97,41.66
71928,Historical,630937,0,0,S,2,1,874872,75.95,2004,38,28.99,50.15
71929,Historical,169336,0,0,S,4,1,1481790,340.95,2004,28,109.07,43.88
71930,Historical,176600,0,0,S,3,1,2170468,66.95,2003,25,109.07,4
71931,Historical,169852,0,0,S,4,1,1899974,148.95,2008,29,53.98,27.88
71932,Historical,178014,0,0,S,4,1,2827209,156.95,2004,43,73.42,15.24
71933,Historical,267358,0,0,S,4,1,1822622,60,2005,16,0,49.73
71936,Historical,249247,0,0,S,7,1,834420,50,2006,46,23.98,51.63
71937,Historical,177279,0,0,S,2,1,856779,217.95,1999,28,0,65.83
71938,Historical,177278,0,0,S,2,1,1082251,136.95,1999,43,0,50.84
71940,Historical,629042,0,0,S,7,1,38715,55.95,1986,19,0,40.06
71941,Historical,667278,0,0,S,2,1,8374,79.99,2012,17,59.98,49.67
71942,Historical,889099,0,0,S,0,0,132195,79.99,2014,14,61.91,52.43
71943,Historical,225025,1,2,S,0,0,791489,59.99,1997,21,0,43.94
71944,Historical,225024,1,3,S,0,0,425544,39.99,1997,165,16.1,12.9
71945,Historical,1856801,0,0,S,0,0,470558,79.99,2013,5,0,52.58
71946,Historical,1856798,0,0,S,0,0,60182,59.99,2013,8,0,41.44
71947,Historical,1856800,0,0,S,0,0,238977,89.99,2013,6,0,60.49
71948,Historical,1856401,0,0,S,2,1,352079,49.99,2006,32,18.37,33.86
71949,Historical,1856902,0,0,S,0,0,46164,59.99,2014,12,0,40.79
71950,Historical,892998,0,0,S,2,1,28696,69.99,2012,14,54.82,46.64
71951,Historical,650310,0,0,S,2,1,1537364,39.95,2011,25,20.27,38.99
71952,Historical,2687998,0,0,S,1,0,168773,15.95,2004,64,25.88,9.91
71953,Historical,546619,0,0,S,5,1,104246,79.95,2012,47,64.59,65.35
71955,Historical,1703559,0,0,S,0,0,354890,45,2006,24,0,103.09
71956,Historical,705027,0,0,S,6,1,44590,63.01,2007,26,61.92,63.43
71957,Historical,1658869,0,0,S,2,1,506591,46.7,2011,11,0,49.04
71958,Historical,581721,0,0,S,0,0,145922,60,2001,68,0,34.94
71959,Historical,907932,0,0,S,0,0,1463022,160.95,2010,35,54.95,60.03
71960,Historical,719008,0,0,S,2,1,1143106,49.99,1997,48,9.77,19.04
71961,Historical,189303,0,0,S,2,1,455166,90,1996,39,41.6,66.39
71962,Historical,133271,0,0,S,4,1,169069,57.2,2010,50,0,27.02
71963,Historical,2179075,0,0,S,2,1,2927488,69.99,2008,19,67.13,56.65
71965,Historical,2888625,0,0,S,4,1,178688,100,2003,31,42.04,59.98
71967,Historical,52365,0,0,S,5,1,206265,140,2008,59,6.34,13.91
71968,Historical,52364,0,0,S,4,1,2947141,95,2005,56,6.34,8.55
71970,Historical,528583,0,0,S,2,1,25741,32.95,2009,33,15.78,17.91
71972,Historical,866614,0,0,S,6,1,38216,112,2014,104,62.85,44.07
71973,Historical,616058,0,0,S,7,1,486695,68.91,2001,37,0,81.97
71974,Historical,497943,0,0,S,9,1,438182,32.98,2009,63,133,33.99
71975,Historical,595628,1,1,S,10,1,90403,101.5,2012,32,72.38,53.15
71976,Historical,623469,0,0,S,5,1,83808,44.95,2010,42,26.08,32.48
71977,Historical,865280,0,0,S,3,1,497814,29.99,2011,47,0,0
71978,Historical,528580,1,1,S,6,1,113206,160,2011,60,60.9,50.1
71979,Historical,3246823,0,0,S,0,0,104301,86.55,1999,14,0,32.59
71980,Historical,904473,0,0,S,4,1,2301555,70.37,2010,20,0,78.66
71982,Historical,537563,0,0,S,14,1,15656,250,2012,82,144.94,76.59
71983,Historical,614559,0,0,S,2,1,501163,76,1997,38,4,38.99
71984,Historical,699386,0,0,S,14,1,512077,42.99,2013,23,31.99,48.99
71985,Historical,1935393,0,0,S,2,1,290544,75,2013,24,50.96,43.64
71986,Historical,922538,0,0,S,0,0,718955,141.7,2004,100,0,22.98
71987,Historical,60590,0,0,S,9,1,834521,82.95,2006,67,68.94,37.87
71988,Historical,195170,0,0,S,3,1,445158,44,2010,11,0,32.52
71991,Historical,802437,0,0,S,2,1,2928516,126.95,2007,32,26.79,18.17
71992,Historical,254196,0,0,S,3,1,662250,125.95,2010,52,26.79,39.74
71993,Historical,622119,0,0,S,2,1,779851,53.95,1997,70,35.52,8
71994,Historical,868293,1,2,S,5,1,17280,46.95,2015,23,35.52,36.95
71995,Historical,528579,0,0,S,3,1,150026,49.95,2010,41,36.49,29.92
71997,Historical,106864,0,0,S,1,0,124947,22,2011,162,15.35,8.1
71998,Historical,1733297,0,0,S,2,1,583070,49.95,2008,19,0,11.1
71999,Historical,164603,0,0,S,1,0,261291,52,2003,39,0,9.4
72000,Historical,750147,0,0,S,1,0,792502,24.99,2007,56,18.09,8.98
72001,Historical,916662,0,0,S,2,1,1304115,85,2007,52,26.28,60.35
72002,Historical,528574,0,0,S,6,1,1961997,79.84,2009,22,43.94,62.7
72003,Historical,129706,0,0,S,2,1,852140,114,1999,83,78.99,14.43
72004,Historical,167118,0,0,S,2,1,373015,100,2007,31,158.19,51.18
72005,Historical,553637,0,0,S,2,1,126390,192.6,1971,52,555.59,116.98
72006,Historical,630254,0,0,S,3,1,434705,64.95,2004,41,26.95,48.52
72007,Historical,2175423,0,0,S,3,1,38373,59.99,2014,30,33.83,37
72009,Historical,116528,0,0,S,3,1,288476,50.6,2003,31,12.76,48.94
72010,Historical,52167,0,0,S,5,1,1323590,96,1997,54,111.12,14.23
72011,Historical,113898,0,0,S,2,1,475848,111.33,2001,47,125.85,10.98
72012,Historical,620731,0,0,S,1,0,45910,72.94,2012,27,0,72.46
72013,Historical,608139,0,0,S,3,1,1624050,109,2007,22,45.24,69.39
72014,Historical,60593,0,0,S,2,1,478526,69.95,1995,28,144,67.51
72015,Historical,642506,0,0,S,2,1,841067,180,1995,32,93.08,127.4
72016,Historical,549667,0,0,S,2,1,1303903,68,2009,18,0,27.62
72017,Historical,106823,0,0,S,12,1,55235,94,2011,42,50.8,58.33
72018,Historical,528570,0,0,S,2,1,173106,40,2011,17,35.66,36.69
72019,Historical,246431,0,0,S,2,1,84334,63.95,2009,38,16.65,38.29
72021,Historical,913886,0,0,S,2,1,207834,59.99,2009,33,39.4,23.39
72022,Historical,607497,0,0,S,5,1,68502,115,2009,33,53.66,78.99
72023,Historical,628669,0,0,S,5,1,39755,80,2011,63,53.98,53.07
72024,Historical,679882,0,0,S,2,1,298556,24.99,2011,55,0,0
72025,Historical,865236,0,0,S,3,1,32044,24.99,2014,36,0,0
72026,Historical,269714,0,0,S,2,1,163924,49.95,2010,23,0,37.99
72027,Historical,157693,0,0,S,5,1,539806,52.95,2009,27,18.94,38.1
72028,Historical,620304,1,1,S,2,1,71547,76.95,2007,67,8.99,52.67
72029,Historical,608249,0,0,S,3,1,1997907,39.99,2008,23,9.86,48.29
72030,Historical,639451,0,0,S,2,1,431496,54.95,2003,22,20.58,52.67
72031,Historical,619819,0,0,S,6,1,1122331,55,2007,24,7.96,27.24
72032,Historical,890996,0,0,S,3,1,13052,50,2015,17,35.5,27.92
72033,Historical,608705,0,0,S,2,1,2325540,39.95,2001,38,13.24,21.99
72034,Historical,903979,0,0,S,4,1,749117,49.99,2015,20,33.43,35.12
72035,Historical,181910,0,0,S,5,1,1333299,44.95,2005,45,0,13.98
72036,Historical,528561,1,1,S,6,1,46621,49.99,2009,75,0,25.99
72037,Historical,181850,0,0,S,3,1,790491,34.95,2005,41,5.17,17.99
72039,Historical,610349,0,0,S,10,1,19050,99.99,2013,52,43.97,47.99
72040,Historical,652401,0,0,S,1,0,208130,44.99,2013,70,18.61,23.62
72041,Historical,1964799,0,0,S,0,0,101806,44.99,2014,42,18.61,23.53
72042,Historical,867625,0,0,S,6,1,14508,71.99,2014,46,46.08,58.1
72043,Historical,620739,0,0,S,3,1,737790,93.99,2012,37,10.54,13.98
72044,Historical,613548,0,0,S,2,1,1655125,79.95,2008,47,10.54,6.99
72045,Historical,204084,0,0,S,1,0,432988,87.99,2008,31,0,24.49
72046,Historical,634823,0,0,S,1,0,366470,112.99,2011,29,0,66.96
72047,Historical,203523,0,0,S,2,1,5629681,74.95,2004,33,0,7.81
72048,Historical,528557,0,0,S,4,1,351257,42.99,2012,22,19.24,32.9
72050,Historical,545720,0,0,S,6,1,20551,75.99,2013,63,47.88,48.98
72051,Historical,639057,0,0,S,3,1,1323226,65.99,2013,33,4.15,29.29
72052,Historical,546793,0,0,S,3,1,173540,57.99,2012,55,14.97,50.13
72054,Historical,658061,0,0,S,0,0,456235,59.99,2013,24,0,23.94
72055,Historical,546787,1,3,S,9,1,126017,61.99,2012,52,24.98,31.47
72056,Historical,622697,0,0,S,4,1,269291,46.99,2009,26,25.69,30.64
72057,Historical,254560,0,0,S,4,1,185473,21.99,2010,272,16.09,4.49
72058,Historical,528553,0,0,S,3,1,97595,53.99,2005,54,13.99,30.85
72059,Historical,609732,1,1,S,8,1,275731,39.95,2004,56,33.99,21.99
72060,Historical,545705,0,0,S,2,1,50151,71.99,2012,29,16.98,23.39
72061,Historical,594798,0,0,S,5,1,7502,69.99,2011,41,42.05,44.64
72062,Historical,862147,1,1,S,10,1,34188,51.99,2014,32,25.15,29.7
72063,Historical,528552,0,0,S,2,1,284157,59.99,2010,38,37.99,48.94
72064,Historical,598377,0,0,S,4,1,183296,36.95,2004,51,4,11.8
72065,Historical,264262,0,0,S,4,1,249699,35.95,2005,16,0,0
72066,Historical,264236,0,0,S,4,1,107982,43.99,2004,88,43.2,30.99
72067,Historical,2423248,0,0,S,3,1,639960,56.2,1989,45,4.75,30.45
72068,Historical,735274,0,0,S,7,1,135048,67.33,2011,54,80.79,65.99
72069,Historical,559914,0,0,S,5,1,1247001,13.9,2004,137,80.79,10.91
72070,Historical,626322,1,2,S,3,1,64670,48.95,2009,21,10.25,24.47
72071,Historical,869787,0,0,S,3,1,74550,101.33,2014,19,0,83.47
72072,Historical,867050,0,0,S,3,1,61416,139.07,2014,24,0,99
72073,Historical,864685,1,2,S,3,1,24008,118.4,2014,82,43.93,25.99
72074,Historical,248308,0,0,S,3,1,1132577,50.95,2005,55,0,0
72076,Historical,1783541,0,0,S,4,1,106390,50,2013,18,36.09,36.34
72077,Historical,619912,0,0,S,5,1,751095,151.65,1995,46,4.63,63.87
72078,Historical,763558,0,0,S,1,0,191349,168.95,2000,21,0,100.93
72079,Historical,618260,0,0,S,6,1,1312223,193.95,2010,18,35.99,78.99
72080,Historical,765599,0,0,S,4,1,1824598,121.95,2003,85,35.99,28.99
72081,Historical,533925,0,0,S,5,1,35256,129.8,2006,96,19.99,23.99
72083,Historical,563823,0,0,S,2,1,444770,70,2000,65,14.13,43.75
72084,Historical,213199,0,0,S,2,1,615377,40.95,2006,22,6.62,37.81
72085,Historical,545506,0,0,S,2,1,589371,52,2012,23,41.21,35.18
72087,Historical,621415,0,0,S,2,1,310623,56.95,2007,17,0,0
72090,Historical,557170,0,0,S,2,1,917279,207.6,2002,50,0,0
72091,Historical,1449408,0,0,S,2,1,434851,118.2,2006,57,4,12.55
72092,Historical,131933,0,0,S,2,1,1066004,49,2005,21,9.64,23.54
72093,Historical,129357,0,0,S,2,1,10827,11.95,2011,129,9.4,5.73
72094,Historical,528547,0,0,S,2,1,618442,34.95,2007,40,9.24,13.13
72095,Historical,591600,0,0,S,2,1,29366,72.95,2004,56,0,0
72096,Historical,224432,0,0,S,8,1,415257,189.95,2003,38,84,16.14
72097,Historical,874307,0,0,S,11,1,25962,57.75,2014,22,0,0
72098,Historical,709715,0,0,S,0,0,527910,105.68,2011,21,0,38.99
72099,Historical,864899,0,0,S,6,1,39223,67.2,2014,53,40.26,37.87
72100,Historical,875274,0,0,S,3,1,2382325,77.2,2000,34,93.91,59.59
72101,Historical,51793,1,2,S,10,1,27461,134.8,2011,94,31.43,61.41
72102,Historical,917292,0,0,S,7,1,1725209,67.96,2003,40,31.43,15.58
72103,Historical,51790,0,0,S,7,1,1203990,91,2003,97,31.43,23.01
72104,Historical,552569,0,0,S,8,1,828482,133.5,2007,18,0,0
72105,Historical,327646,0,0,S,1,0,205072,104.25,2010,68,23.79,41.09
72106,Historical,546010,0,0,S,6,1,20001,98.75,2012,61,32.98,69.73
72107,Historical,141114,0,0,S,2,1,1122500,9.52,2001,62,32.98,8.98
72109,Historical,132608,0,0,S,6,1,422224,109.4,2008,29,13.69,92.37
72110,Historical,557042,0,0,S,2,1,160903,112,2012,31,0,83.97
72111,Historical,551742,0,0,S,6,1,3251308,0,2001,75,33.46,110.43
72112,Historical,117805,0,0,S,7,1,1303424,80.4,2004,97,33.46,9.95
72113,Historical,109415,0,0,S,2,1,11849,140.75,2006,79,33.98,68.99
72114,Historical,110236,0,0,S,2,1,13029,140.75,2012,66,39.3,100.85
72115,Historical,709670,0,0,S,0,0,367301,101.8,2010,15,0,14.49
72116,Historical,114740,0,0,S,0,0,202494,112.15,2000,95,6.52,17.99
72117,Historical,2384370,0,0,S,5,1,699897,107.2,2000,109,0,12.72
72118,Historical,709711,0,0,S,0,0,1089869,101.8,2010,25,0,10.61
72119,Historical,921373,0,0,S,0,0,742716,128.5,2002,76,0,53.23
72120,Historical,552473,0,0,S,3,1,665058,44.2,2006,44,4,15.01
72121,Historical,551874,0,0,S,0,0,190202,106.5,2000,46,0,72.87
72122,Historical,528543,0,0,S,7,1,62885,114.6,2012,152,13.05,19.5
72123,Historical,288529,0,0,S,6,1,3275915,61.67,2002,65,50.62,4.74
72124,Historical,537929,0,0,S,7,1,1664405,74,2004,77,50.62,29.94
72125,Historical,618234,0,0,S,7,1,198147,102,2012,28,63.72,73.99
72126,Historical,768197,1,3,S,1,0,104259,105.95,2011,57,0,118.11
72128,Historical,658143,0,0,S,0,0,489309,119.5,2012,28,28.97,58.88
72130,Historical,918146,0,0,S,10,1,375589,90.9,2007,37,36.12,10.98
72131,Historical,624678,1,1,S,12,1,106807,134.8,2012,83,36.12,62.97
72132,Historical,739573,0,0,S,8,1,942497,148.6,2001,48,36.12,10
72133,Historical,434720,0,0,S,10,1,1129925,12.74,2007,76,36.12,39.18
72134,Historical,613131,0,0,S,11,1,244166,116.33,2009,84,36.12,22.4
72135,Historical,285769,0,0,S,5,1,77602,126.6,2000,53,43.96,67.79
72136,Historical,109414,0,0,S,6,1,53979,170.4,2007,69,52.59,73.99
72137,Historical,1437962,0,0,S,6,1,81986,99.4,2007,15,0,121.98
72140,Historical,618562,0,0,S,0,0,124822,127.75,2010,54,0,53.3
72141,Historical,734466,0,0,S,9,1,3881702,330.49,2005,11,58.31,74.86
72143,Historical,613229,0,0,S,0,0,636807,84.47,2002,132,5.85,38.98
72145,Historical,109363,0,0,S,1,0,39506,16.63,2009,122,39.3,8.93
72148,Historical,528542,0,0,S,2,1,426699,59.99,2006,41,47.87,53.46
72149,Historical,249794,0,0,S,6,1,202510,276.95,2006,59,30.73,37.67
72150,Historical,680426,0,0,S,2,1,71029,34.8,2012,76,18.04,28.17
72151,Historical,145342,0,0,S,6,1,1217618,73.2,2006,74,63.97,4.97
72152,Historical,864686,0,0,S,8,1,6479,45.6,2014,76,24.01,32.48
72153,Historical,528539,0,0,S,12,1,107972,108.2,2011,44,42.25,72.88
72154,Historical,622312,0,0,S,12,1,460244,99.2,2012,30,15.72,14.71
72155,Historical,1456209,1,1,S,2,1,704485,46.67,2015,17,42.02,46.55
72156,Historical,630132,0,0,S,1,0,25918,61.99,2008,18,0,36.92
72158,Historical,546847,0,0,S,5,1,11138,54.95,2012,65,46.07,47.13
72160,Historical,656193,0,0,S,2,1,219469,47.95,2008,20,24.28,34.55
72161,Historical,55092,0,0,S,5,1,20312,120,2010,55,44.89,99.91
72163,Historical,551638,1,1,S,3,1,470412,106.6,2000,26,0,0
72164,Historical,2386021,0,0,S,3,1,1044581,93,1991,19,95.49,52.61
72165,Historical,1437071,0,0,S,4,1,237923,19,2012,28,0,12.54
72166,Historical,540106,0,0,S,4,1,33888,161.4,2012,59,116.8,86.17
72167,Historical,133444,0,0,S,3,1,755365,152.6,2010,44,0,41.94
72168,Historical,317102,0,0,S,2,1,2589184,127.8,2009,24,0,50.68
72169,Historical,322781,0,0,S,3,1,897401,139.2,2010,61,4,49.95
72170,Historical,133445,0,0,S,3,1,1702059,152.6,2010,51,116.8,45.7
72171,Historical,870695,0,0,S,2,1,3100060,159.2,2009,21,4.15,5.93
72172,Historical,584189,0,0,S,1,0,392617,28.95,2005,50,16.98,23.88
72174,Historical,878574,1,1,S,18,1,1301854,217.95,2014,15,163.15,196.15
72175,Historical,169679,0,0,S,15,1,1538105,225.95,2007,16,0,82.22
72176,Historical,178073,0,0,S,2,1,141845,129.95,2004,67,5.78,8.34
72177,Historical,614872,1,1,S,9,1,537179,99.95,1994,32,15.61,72.69
72178,Historical,233215,0,0,S,2,1,20201,26.25,2008,27,0,23.69
72180,Historical,246411,0,0,S,1,0,41926,44.95,2011,53,0,0
72189,Historical,52590,0,0,S,5,1,258945,73.8,2002,86,92.11,13.94
72190,Historical,52591,0,0,S,6,1,86748,86.6,2005,91,92.11,23.99
72191,Historical,2345312,0,0,S,2,1,605132,70.5,1994,37,1135.02,20.96
72192,Historical,284824,0,0,S,3,1,372875,91.83,1999,54,1135.02,45.4
72193,Historical,287546,0,0,S,2,1,493740,79.95,2005,33,0,0
72194,Historical,615734,0,0,S,14,1,1481331,34.99,2008,45,18.1,5.88
72195,Historical,51913,1,3,S,7,1,1052910,36.99,2004,26,97.68,44.99
72196,Historical,107167,0,0,S,6,1,2902157,22.97,2001,69,97.68,22.99
72198,Historical,574613,0,0,S,8,1,7170377,75.95,2004,16,50.1,42.01
72199,Historical,618745,0,0,S,6,1,1126824,196,2000,21,4.74,77.33
72200,Historical,147658,0,0,S,1,0,92099,84.95,2011,20,0,0
72201,Historical,288472,0,0,S,5,1,696282,202,2009,25,16.78,102.87
72202,Historical,143502,0,0,S,5,1,588418,43,2007,18,32.18,43
72203,Historical,622757,0,0,S,2,1,346710,47.95,2006,63,49.9,37.66
72206,Historical,701757,0,0,S,2,1,747236,42,2010,25,8.31,21.57
72207,Historical,177374,0,0,S,8,1,2971170,63.95,1997,42,82.51,13.09
72208,Historical,545570,0,0,S,5,1,937717,69.95,2012,17,39.04,38.05
72209,Historical,698877,0,0,S,5,1,1009924,99,2008,6,108.99,70.95
72210,Historical,169140,1,1,S,5,1,141806,220.95,2006,38,39.34,93.47
72211,Historical,622176,0,0,S,2,1,246608,99.95,1980,50,53.98,80.8
72212,Historical,658787,0,0,S,2,1,787765,69.95,2013,22,0,59.66
72213,Historical,255991,0,0,S,3,1,204075,60,2001,46,46.98,53.99
72215,Historical,2604254,0,0,S,2,1,558829,89.99,2004,73,30.81,36.24
72216,Historical,661043,0,0,S,2,1,275550,59,2012,30,41.87,49.18
72217,Historical,870566,0,0,S,0,0,1186795,69.95,2013,20,0,46.42
72218,Historical,620955,0,0,S,3,1,282085,84.95,1993,42,69.88,42.59
72219,Historical,286049,0,0,S,0,0,403495,171.8,2003,64,16.96,133.7
72220,Historical,913350,0,0,S,2,1,1456166,109,2006,28,17.24,64.94
72221,Historical,699494,0,0,S,2,1,854124,65,1998,27,17.24,72.15
72222,Historical,618944,1,2,S,4,1,18415,133,2010,35,33.98,68.99
72223,Historical,867167,0,0,S,2,1,10349,39.99,2014,31,25.8,25.56
72225,Historical,1786199,0,0,S,2,1,343408,54.95,2014,36,51.93,45.45
72226,Historical,2109170,0,0,S,9,1,88523,21.99,2014,25,0,15.66
72227,Historical,2109096,0,0,S,17,1,432715,31.99,2013,36,0,28.04
72228,Historical,2108863,0,0,S,8,1,105349,26.99,2013,29,0,18.77
72229,Historical,534508,0,0,S,8,1,304851,27.99,2011,61,17.05,8.81
72230,Historical,2108856,0,0,S,8,1,13844,25.99,2013,32,0,17.78
72231,Historical,2109062,0,0,S,13,1,401879,31.99,2013,31,0,16.49
72232,Historical,2108825,0,0,S,6,1,353113,26.99,2012,22,0,23.37
72233,Historical,2109087,0,0,S,7,1,312019,25.99,2013,53,16.8,20.29
72234,Historical,2109057,0,0,S,2,1,509969,27.99,2013,22,0,17.16
72235,Historical,2109032,0,0,S,7,1,453879,21.99,2012,38,0,15.98
72236,Historical,2108831,0,0,S,9,1,145514,24.99,2012,32,0,10.91
72237,Historical,2109038,0,0,S,10,1,439453,26.99,2013,36,23.95,11.98
72238,Historical,2109092,0,0,S,11,1,307070,22.99,2013,38,0,18.99
72239,Historical,2108865,0,0,S,8,1,170860,25.99,2013,26,0,23.39
72240,Historical,861493,0,0,S,15,1,298385,34.99,2013,37,29.03,25.97
72241,Historical,528509,0,0,S,14,1,688344,31.99,2011,46,29.03,18.75
72242,Historical,2109151,0,0,S,11,1,21105,24.99,2014,21,0,19.42
72243,Historical,528507,0,0,S,10,1,590765,25.99,2012,51,18.81,18.91
72244,Historical,528506,0,0,S,12,1,865509,28.99,2011,34,14.94,10
72245,Historical,2109030,0,0,S,13,1,422000,26.99,2012,24,19.93,15.88
72246,Historical,2109099,0,0,S,11,1,22524,27.99,2014,20,0,18.68
72247,Historical,2108820,0,0,S,6,1,313069,19.99,2012,17,0,21.32
72248,Historical,2109177,0,0,S,9,1,19395,21.99,2014,25,0,15.86
72249,Historical,2109706,0,0,S,10,1,27162,21.99,2015,35,0,13.98
72250,Historical,2109103,0,0,S,6,1,13067,22.99,2014,25,0,15.78
72251,Historical,2108846,0,0,S,12,1,46463,39.99,2013,29,27.53,25.26
72252,Historical,528500,0,0,S,16,1,524486,26.99,2012,21,19.66,42.12
72253,Historical,2109710,0,0,S,10,1,21689,27.99,2014,31,0,19.66
72254,Historical,2109066,0,0,S,4,1,41030,24.99,2014,22,0,17.01
72255,Historical,534507,0,0,S,14,1,108995,27.99,2012,38,22.32,23.99
72256,Historical,2109119,0,0,S,12,1,38415,27.99,2014,24,0,17.48
72257,Historical,2108867,0,0,S,5,1,423001,19.99,2012,33,0,14.47
72258,Historical,2108759,0,0,S,3,1,9880,19.99,2012,29,0,15.26
72259,Historical,2108758,0,0,S,3,1,33018,19.99,2012,26,0,13.8
72260,Historical,1972801,0,0,S,2,1,673742,70,2012,13,0,65.6
72265,Historical,649462,1,1,S,5,1,3984,53.32,2013,32,0,0
72266,Historical,612729,0,0,S,2,1,42591,53.32,2013,39,0,0
72268,Historical,664140,0,0,S,1,0,36616,53.32,2013,26,0,31.99
72269,Historical,657874,0,0,S,4,1,5735,53.32,2013,29,0,0
72271,Historical,132780,0,0,S,4,1,159599,77.2,2009,85,11.61,37.98
72272,Historical,132778,1,1,S,4,1,73478,77.2,2009,79,7.3,33.72
72273,Historical,132781,0,0,S,4,1,24971,77.2,2009,56,4,15
72274,Historical,132909,0,0,S,4,1,90705,105.6,2009,65,53.99,63.49
72275,Historical,132910,0,0,S,4,1,318704,79.4,2009,31,43.49,73.4
72276,Historical,145025,0,0,S,0,0,127075,162,2004,48,65.81,197.14
72278,Historical,53732,0,0,S,2,1,150299,120.8,2008,55,46.78,64.97
72279,Historical,132672,0,0,S,2,1,55020,120.8,2008,48,38.95,80.74
72280,Historical,557456,0,0,S,2,1,64509,77.2,2008,64,9.98,45.77
72281,Historical,557458,0,0,S,2,1,591306,77.2,2008,69,6.84,18.86
72282,Historical,613512,0,0,S,2,1,137213,77.2,2008,69,3.79,18.99
72283,Historical,528488,0,0,S,2,1,1250412,65.93,2007,25,15.88,20.49
72284,Historical,287616,0,0,S,2,1,170487,68.8,2009,34,25.7,66.03
72285,Historical,873388,1,1,S,2,1,687333,24,2002,25,18.89,16.91
72286,Historical,1930795,0,0,S,5,1,17413,43.99,2014,16,0,33.35
72287,Historical,678659,1,1,S,0,0,430222,22,2000,20,18.89,65.03
72288,Historical,117201,1,5,S,3,1,83606,34.6,2004,22,0,0
72289,Historical,247175,0,0,S,4,1,628288,47.95,2010,20,119.9,40.11
72290,Historical,557411,0,0,S,2,1,214370,71,2007,35,21.17,45.49
72291,Historical,133102,0,0,S,6,1,178431,122.6,2010,92,14.08,18.95
72292,Historical,133101,0,0,S,6,1,1169580,129,2010,56,14.08,12.81
72293,Historical,607729,0,0,S,5,1,2495617,86,2007,37,14.08,5.05
72294,Historical,631662,0,0,S,2,1,134598,69.33,2008,20,17.37,37
72295,Historical,286133,0,0,S,0,0,663749,53.47,2004,31,0,40.99
72296,Historical,905507,0,0,S,0,0,415554,37.6,2007,33,0,15
72297,Historical,905610,0,0,S,4,1,1877849,50.93,2007,17,11.17,28.99
72298,Historical,181181,0,0,S,1,0,132396,39.15,2002,33,0,20.99
72299,Historical,740596,0,0,S,3,1,10940357,60,2004,9,5.95,33.98
72300,Historical,144847,0,0,S,3,1,1626371,52,2004,33,5.95,47.85
72301,Historical,133097,1,1,S,4,1,900955,79.8,2009,32,16.97,57.99
72302,Historical,860855,0,0,S,9,1,630783,29.99,2012,25,4,30.98
72304,Historical,265324,0,0,S,2,1,222023,74,2010,30,51.94,54.97
72305,Historical,560880,0,0,S,6,1,600864,112,2005,81,9.68,28.78
72306,Historical,224358,0,0,S,3,1,3810989,62.95,2003,29,55.99,21.49
72307,Historical,905259,0,0,S,2,1,456193,37.53,2006,21,56.77,31.72
72308,Historical,56314,1,1,S,3,1,107507,30.31,2000,51,55.93,28.47
72309,Historical,160726,0,0,S,0,0,950197,5.95,2009,53,32.74,5.95
72311,Historical,52277,0,0,S,11,1,1010593,162.95,2004,161,64.03,7.99
72312,Historical,1701335,0,0,S,2,1,967963,17.95,2007,30,18.96,8.15
72313,Historical,545943,0,0,S,5,1,164198,94.95,2013,17,49.98,66.99
72314,Historical,1441488,0,0,S,4,1,944744,254.75,2014,33,112.61,141.52
72315,Historical,705705,0,0,S,8,1,2162911,88.99,2011,13,0,47.39
72316,Historical,877999,0,0,S,8,1,789216,42.98,2005,54,103.54,24.94
72318,Historical,629190,0,0,S,4,1,96243,39.95,2012,26,80.51,24.23
72319,Historical,162641,0,0,S,3,1,1345663,39.95,2008,30,23.07,68.61
72323,Historical,1779626,0,0,S,6,1,463030,39.95,2014,21,25.63,30.28
72325,Historical,286941,0,0,S,0,0,560796,35,1995,43,0,23.98
72326,Historical,292483,0,0,S,2,1,128009,46,1998,39,14.52,39.61
72327,Historical,862149,0,0,S,5,1,12235,24.95,2014,33,10.52,17.92
72328,Historical,2030070,0,0,S,3,1,11249,11.99,2010,43,8.51,10.1
72329,Historical,177464,0,0,S,2,1,114682,199.95,2000,28,0,0
72330,Historical,897060,0,0,S,1,0,442325,42,2006,21,20.59,33.23
72331,Historical,625242,1,1,S,7,1,441768,153.99,2011,24,33.99,42.35
72332,Historical,702428,0,0,S,5,1,423970,22,2013,123,15,10.95
72333,Historical,528456,0,0,S,3,1,771436,49.99,2010,37,9.57,28.98
72334,Historical,1781226,0,0,S,4,1,131542,59.99,2015,18,31.49,35.6
72335,Historical,528455,0,0,S,2,1,400094,31.99,2009,37,10.49,19.98
72336,Historical,528454,1,1,S,3,1,43930,28.95,2012,39,17.4,10.6
72337,Historical,664199,0,0,S,3,1,200284,54.95,2013,35,33.69,38.43
72338,Historical,610044,0,0,S,4,1,71358,56.99,2012,42,26.34,42.52
72340,Historical,630070,0,0,S,2,1,129696,45.5,2009,34,0,31.18
72341,Historical,1826388,0,0,S,9,1,39146,118.95,2014,41,66.99,52.84
72342,Historical,528451,0,0,S,2,1,350875,49.99,2010,37,16.03,18.94
72343,Historical,528450,0,0,S,2,1,558551,71,2012,38,45.39,34.27
72344,Historical,867464,0,0,S,3,1,24451,79.95,2014,58,41.99,65.87
72345,Historical,865226,1,1,S,3,1,4989,116.5,2014,75,56.05,62.33
72346,Historical,111916,0,0,S,1,0,59837,113.25,2011,67,0,62.99
72347,Historical,1437135,0,0,S,3,1,665348,175,2013,28,0,32.11
72348,Historical,2028233,0,0,S,0,0,317078,40,2008,17,27.91,26.42
72349,Historical,807850,0,0,S,0,0,427407,89.99,2010,13,0,56.5
72350,Historical,896979,0,0,S,0,0,51770,84.99,2014,13,48.69,45.44
72351,Historical,797464,0,0,S,0,0,144450,74.99,2013,21,48.69,43.42
72352,Historical,614066,0,0,S,1,0,495949,25.36,2003,68,15.94,13.98
72353,Historical,537907,0,0,S,2,1,1096958,105,1997,22,184.98,46.99
72354,Historical,658223,0,0,S,1,0,50218,74.99,2012,24,0,57.63
72355,Historical,905161,0,0,S,2,1,65862,79.95,2014,26,58.62,59.64
72357,Historical,888973,0,0,S,2,1,175398,49.95,2013,32,44.63,41.98
72358,Historical,55916,0,0,S,6,1,837164,97,1998,31,135.92,38.98
72359,Historical,55913,1,1,S,7,1,707890,163.2,2001,35,135.92,33.94
72360,Historical,55915,0,0,S,5,1,1134439,85,1995,37,135.92,18.99
72361,Historical,295959,0,0,S,23,1,1511374,75,1988,25,63.2,91.21
72363,Historical,599120,0,0,S,8,1,795051,24,2004,29,28.98,23.99
72364,Historical,655122,0,0,S,13,1,146192,68.95,2013,16,35.84,55.8
72365,Historical,638627,0,0,S,4,1,1073158,179.99,2006,28,20.66,11.04
72366,Historical,622672,0,0,S,11,1,1500127,84.95,2009,12,146.91,68.57
72367,Historical,658067,0,0,S,2,1,101505,102,2013,34,73.03,59.62
72368,Historical,177300,0,0,S,2,1,720452,179.95,2000,42,43.91,90.67
72369,Historical,169166,0,0,S,2,1,114143,110.95,2006,20,9.95,97.07
72370,Historical,287869,0,0,S,3,1,134733,58,2010,51,6.94,49.16
72371,Historical,576934,0,0,S,8,1,220555,49.95,2005,58,29.83,45.72
72373,Historical,612639,1,1,S,11,1,1074293,173.13,2013,17,148.99,166.89
72374,Historical,552946,0,0,S,5,1,913473,83.4,1995,24,111.98,49.24
72375,Historical,50147,0,0,S,4,1,165880,168,2005,87,128.99,19.99
72376,Historical,747005,0,0,S,2,1,1364792,102.5,2011,12,109.78,73.82
72377,Historical,626204,0,0,S,19,1,642140,24.99,2011,30,127.52,44.16
72378,Historical,50638,0,0,S,4,1,3207687,139.4,2005,38,49.97,12.99
72379,Historical,561978,0,0,S,6,1,5916072,71.91,2006,15,34.78,58.99
72380,Historical,53266,0,0,S,5,1,782236,13.79,2003,156,105.16,10.53
72381,Historical,649678,0,0,S,4,1,550595,173.13,2012,17,100.52,14.98
72382,Historical,716306,0,0,S,7,1,858096,251.87,2011,28,0,0
72383,Historical,252759,0,0,S,1,0,94851,128.31,2010,58,0,95.36
72384,Historical,144580,0,0,S,5,1,1445735,119,2003,55,60.97,7.98
72385,Historical,617817,0,0,S,2,1,1438826,85,1998,31,0,0
72386,Historical,637535,0,0,S,1,0,53593,276.25,2013,42,0,23.98
72387,Historical,52520,0,0,S,11,1,2714843,172.95,2005,53,76.52,13.99
72388,Historical,879131,0,0,S,13,1,1867298,57.43,2009,27,76.52,57.62
72389,Historical,148259,0,0,S,7,1,2057104,162.95,2005,43,34.78,4.78
72390,Historical,535691,0,0,S,3,1,460607,74.43,2012,39,27.24,75.63
72391,Historical,664374,0,0,S,8,1,172855,188.53,2013,21,49.97,142.96
72392,Historical,539393,0,0,S,2,1,40413,280.6,2012,41,22.6,86.44
72393,Historical,540283,0,0,S,5,1,281086,105,1997,40,8.01,48.3
72394,Historical,561783,1,1,S,2,1,897729,228.95,2001,31,0,88.38
72395,Historical,147924,0,0,S,3,1,883154,174.95,2003,30,14.77,42.26
72396,Historical,670659,0,0,S,2,1,588556,96.73,2011,22,63.58,0
72397,Historical,879323,0,0,S,5,1,808519,60.49,2006,43,101.61,31.27
72398,Historical,916564,0,0,S,2,1,47817,65.95,2013,34,34.26,43.11
72399,Historical,298777,0,0,S,2,1,1074620,40.5,2011,15,31.74,75.71
72400,Historical,1455205,1,2,S,5,1,17903,188.53,2014,17,0,128.99
72401,Historical,879328,0,0,S,11,1,1309328,59.14,2007,23,43.98,114.82
72402,Historical,692433,0,0,S,9,1,3373096,161.95,2002,27,43.98,16.93
72403,Historical,538577,0,0,S,8,1,1640911,58.44,2009,24,4.96,58.69
72404,Historical,50036,0,0,S,10,1,2292293,10.95,2005,45,58.98,10.95
72405,Historical,620228,0,0,S,1,0,83179,83.95,2012,49,52.47,28.27
72406,Historical,910963,0,0,S,5,1,869177,102.65,2006,11,115.5,79.66
72407,Historical,850323,0,0,S,3,1,3317453,104.36,1999,68,115.5,24.93
72408,Historical,647117,0,0,S,3,1,758275,34.99,2012,24,0,0
72409,Historical,535693,0,0,S,12,1,83303,24.99,2013,44,9.31,8.48
72410,Historical,163362,0,0,S,11,1,936733,24.99,2011,66,9.31,5.4
72411,Historical,108645,0,0,S,5,1,1185916,0,2004,38,66.49,49.63
72412,Historical,541453,0,0,S,3,1,490511,41.95,2011,17,13.89,22.98
72415,Historical,539708,0,0,S,2,1,194951,56.95,2008,49,20.99,51.89
72416,Historical,2596644,0,0,S,1,0,201177,44.99,1990,31,0,33.24
72418,Historical,257047,0,0,S,4,1,457387,56.75,1996,28,109.8,28.05
72419,Historical,2592228,0,0,S,2,1,1005854,64.99,1992,33,23.99,43.99
72420,Historical,830289,0,0,S,2,1,1519671,59.95,1996,23,41.78,67.41
72421,Historical,2750556,0,0,S,2,1,6409595,299,1996,12,219.47,56.48
72422,Historical,203343,0,0,S,3,1,360636,299,2002,10,219.47,78.75
72425,Historical,421769,0,0,S,0,0,53048,135.5,2006,120,0,27.99
72427,Historical,875766,1,1,S,0,0,1194458,101.5,2001,91,65.62,6.19
72428,Historical,1538013,0,0,S,2,1,484092,46.95,2008,32,33.77,37.49
72429,Historical,164944,0,0,S,2,1,1550992,95,1999,57,70.48,16.33
72430,Historical,153631,0,0,S,1,0,71072,39.95,2008,19,21.93,22.63
72431,Historical,700771,0,0,S,11,1,816739,307,2006,17,32.49,74.75
72432,Historical,614890,0,0,S,5,1,885957,150.4,2006,31,0,14.97
72433,Historical,543337,0,0,S,2,1,57420,54.95,2012,46,49.47,43.05
72434,Historical,662001,0,0,S,2,1,1468010,105,2004,22,81.09,85.35
72435,Historical,315265,0,0,S,2,1,1765887,96,1997,11,159.49,63.98
72436,Historical,528422,0,0,S,5,1,36143,278.95,2012,52,63.99,49.43
72437,Historical,555278,0,0,S,3,1,328005,98.95,1994,38,0,42.47
72438,Historical,553504,0,0,S,2,1,208614,120.4,1994,71,4.28,34.99
72441,Historical,179224,1,1,S,7,1,454236,143.95,2009,47,38.99,34.97
72442,Historical,544495,1,1,S,4,1,70937,143.95,2013,49,55.76,52.16
72443,Historical,179154,0,0,S,2,1,32310,143.95,2011,41,76.98,68.97
72446,Historical,2641988,0,0,S,2,1,344256,143.95,2004,20,0,53.6
72447,Historical,613675,0,0,S,2,1,405023,40.76,1996,57,47.99,28.44
72450,Historical,183236,0,0,S,2,1,60067,143.95,2007,32,40.98,73.65
72453,Historical,289569,0,0,S,1,0,73338,143.95,2001,40,0,52.46
72454,Historical,185133,0,0,S,2,1,198153,110.95,1997,39,20.34,46.81
72455,Historical,874272,0,0,S,2,1,1977952,41.96,1995,40,38.64,33.98
72456,Historical,183549,0,0,S,4,1,18232,143.95,2007,45,38.64,43.96
72457,Historical,182461,1,1,S,1,0,183217,133.95,2002,35,0,54.97
72458,Historical,3101908,0,0,S,2,1,1439006,79,2004,26,23.99,35.99
72459,Historical,540071,0,0,S,5,1,111812,48.6,2013,12,0,0
72460,Historical,286552,0,0,S,4,1,3275768,86.67,1999,35,65.99,8.98
72461,Historical,202492,0,0,S,2,1,312648,148,2001,52,12.38,70.32
72463,Historical,924454,0,0,S,12,1,14684,39.99,2015,16,27.67,11.85
72464,Historical,802537,0,0,S,7,1,2590743,39.99,2005,28,27.67,6.79
72465,Historical,528416,0,0,S,2,1,65107,49.95,2012,32,35.2,36.23
72466,Historical,639322,0,0,S,2,1,1057576,41,2008,29,43.15,46.99
72468,Historical,661691,0,0,S,1,0,843913,41.95,2007,25,0,33.74
72469,Historical,183229,0,0,S,4,1,887532,142.95,2004,35,69.69,38.15
72471,Historical,544489,0,0,S,6,1,157004,140.95,2013,36,33.87,84.44
72472,Historical,615757,0,0,S,1,0,39678,178,2010,75,0,113.16
72473,Historical,477363,0,0,S,1,0,285622,100,2001,25,0,48.7
72474,Historical,258449,0,0,S,3,1,248957,90,2008,32,0,40.99
72475,Historical,619379,0,0,S,3,1,226099,56.2,2008,43,33.4,42.94
72476,Historical,617369,0,0,S,5,1,159176,76.95,2010,49,43.62,68.28
72478,Historical,528413,0,0,S,3,1,1164935,168.95,2004,34,4.54,153.15
72481,Historical,649543,0,0,S,3,1,32381,41.75,2013,44,25.09,33.55
72482,Historical,58018,0,0,S,2,1,317165,43.4,2003,179,41.17,6.46
72483,Historical,539539,0,0,S,2,1,82035,67.8,2013,35,46.67,49.03
72484,Historical,2648172,1,1,S,2,1,942916,75.95,1998,35,6.4,44.93
72485,Historical,543849,1,1,S,2,1,118104,152.95,2013,40,23.98,91.96
72486,Historical,1990878,0,0,S,0,0,630208,12.99,2013,16,21.12,10.53
72487,Historical,348471,0,0,S,1,0,666912,125.95,2003,21,0,79.99
72488,Historical,169232,0,0,S,1,0,498437,303.95,2004,19,0,103.91
72489,Historical,1522237,0,0,S,2,1,540048,50,2012,28,16.88,25.74
72490,Historical,647012,0,0,S,1,0,230558,44.99,2012,38,19.93,25.65
72491,Historical,907836,0,0,S,0,0,1056042,35,2007,48,25.14,31.41
72492,Historical,913941,0,0,S,4,1,712519,51.6,2010,27,0,41.31
72493,Historical,120751,0,0,S,13,1,79936,123,2011,46,65.49,58.94
72494,Historical,571800,0,0,S,8,1,315013,110.95,2000,60,20.84,72.26
72495,Historical,184382,0,0,S,3,1,2023428,37.95,2000,33,31.47,10.92
72496,Historical,650024,1,1,S,0,0,87231,85,2010,26,42.99,46.04
72497,Historical,626627,0,0,S,4,1,152323,0,2013,47,42.83,57.48
72499,Historical,873888,0,0,S,4,1,557005,0,2013,11,52.95,123.52
72500,Historical,560112,1,1,S,4,1,21236,144.5,2012,69,52.95,78.48
72501,Historical,632025,0,0,S,4,1,15257,41,2013,89,37.06,55.06
72502,Historical,141886,0,0,S,3,1,362751,43.11,2008,50,25.13,41.39
72503,Historical,619745,0,0,S,4,1,264844,121.75,2012,34,62.13,78.22
72504,Historical,644626,0,0,S,2,1,857760,53,2012,16,0,40
72505,Historical,756824,0,0,S,2,1,353129,82.76,1997,15,13.07,103.64
72506,Historical,315241,1,1,S,1,0,280309,52.2,2011,35,0,40.34
72507,Historical,629102,0,0,S,3,1,250851,52.2,2013,53,53.32,38.78
72508,Historical,895251,0,0,S,2,1,636941,42.95,2014,8,23.98,42.58
72509,Historical,615409,0,0,S,3,1,455830,51.99,2010,97,9.98,18.48
72510,Historical,1464842,0,0,S,1,0,309568,22.95,2011,33,29.73,22.16
72511,Historical,867294,0,0,S,4,1,190286,49.95,2015,21,44,38.99
72512,Historical,916520,0,0,S,2,1,139755,49.95,2014,35,24.48,42.83
72513,Historical,385747,0,0,S,2,1,45480,39.95,2007,17,0,29.67
72514,Historical,681617,0,0,S,2,1,78908,30,2013,35,29.06,24.82
72515,Historical,254374,0,0,S,2,1,1259399,41,2010,19,0,30.66
72516,Historical,661212,0,0,S,5,1,1214921,65.95,2010,24,36.97,43.18
72517,Historical,918171,0,0,S,3,1,1439699,29.95,2002,29,25.74,17.99
72518,Historical,2122400,0,0,S,2,1,1410558,19.95,2008,29,60.87,9.95
72519,Historical,630182,0,0,S,1,0,278794,55.95,2007,23,0,41.34
72521,Historical,657376,0,0,S,2,1,1521002,74,2011,21,23.55,42.65
72522,Historical,660677,0,0,S,2,1,251854,49.99,2013,22,29.8,33.89
72523,Historical,162383,0,0,S,2,1,1072438,49.95,2011,14,31.46,31.03
72524,Historical,619339,1,1,S,2,1,27258,72.05,2011,42,0,0
72525,Historical,620328,0,0,S,3,1,347271,40.63,2006,12,0,29.59
72528,Historical,648707,0,0,S,2,1,555903,64.95,2006,32,19.89,67
72532,Historical,676355,0,0,S,1,0,7196,29.95,2008,38,24.34,28.45
72535,Historical,235123,0,0,S,2,1,15773,61.75,2005,44,37.69,29.94
72536,Historical,612581,0,0,S,6,1,95025,99.95,2013,52,41.33,47
72537,Historical,270775,0,0,S,3,1,89407,102.99,2010,26,78.16,60.85
72538,Historical,623790,0,0,S,1,0,61494,68,2012,74,43.88,33.11
72539,Historical,2592957,0,0,S,0,0,517689,44.99,1978,52,0,18.98
72540,Historical,721093,0,0,S,0,0,941451,99,2005,35,0,44.75
72541,Historical,2404633,0,0,S,1,0,778672,55,1995,59,0,32.24
72542,Historical,623794,0,0,S,2,1,181257,77.33,2012,28,27.81,51.5
72543,Historical,539200,0,0,S,2,1,66700,77.33,2012,36,19.35,62.32
72544,Historical,626803,1,1,S,2,1,762194,77.33,2012,27,19.35,63.99
72545,Historical,874609,0,0,S,2,1,926486,77.33,2012,30,22.78,13.15
72546,Historical,638009,0,0,S,2,1,534274,77.33,2012,29,22.78,46.75
72547,Historical,539201,0,0,S,2,1,72451,77.33,2012,45,19.15,48.11
72548,Historical,629137,0,0,S,2,1,337696,77.33,2012,35,19.15,51.83
72549,Historical,626663,0,0,S,2,1,244461,77.33,2012,34,0,63.55
72550,Historical,642115,0,0,S,2,1,424690,77.33,2012,36,9.54,36.26
72551,Historical,527620,0,0,S,2,1,185265,77.33,2012,32,9.54,46.08
72553,Historical,1452036,0,0,S,2,1,260515,209.2,2013,23,154.38,88.99
72554,Historical,308756,0,0,S,6,1,1533384,120.31,2003,59,136.99,22
72555,Historical,330607,1,1,S,5,1,70145,247.95,2006,66,22.97,61.67
72556,Historical,919761,1,1,S,12,1,557939,64.39,2012,22,36.67,87.94
72557,Historical,874658,0,0,S,11,1,3810693,151.56,2004,20,83.99,113.65
72558,Historical,350351,0,0,S,2,1,15318509,79.95,1997,15,22.97,12.49
72560,Historical,537636,1,8,S,6,1,169399,249.5,2012,43,153.95,52.94
72561,Historical,538717,0,0,S,6,1,308028,272,2012,43,153.95,103.99
72562,Historical,667570,0,0,S,6,1,925414,207.5,2012,13,153.95,199.25
72563,Historical,528395,0,0,S,6,1,2455265,110,2009,13,55.8,83.47
72564,Historical,325947,0,0,S,5,1,401867,65,1999,52,85.87,68.64
72565,Historical,610321,0,0,S,10,1,546787,117.5,2013,10,85.87,82.19
72566,Historical,60609,0,0,S,4,1,2398572,181.95,2003,34,95.39,13.99
72567,Historical,898648,0,0,S,3,1,106315,75,2013,38,71.1,75.94
72568,Historical,50978,0,0,S,7,1,743858,16.97,2005,65,136.99,16.97
72569,Historical,354959,0,0,S,1,0,854324,260.95,2008,25,0,202.95
72570,Historical,313771,0,0,S,3,1,769517,153.33,2003,47,4,11.89
72571,Historical,402487,0,0,S,3,1,2173487,83.97,2006,27,83.54,46.23
72572,Historical,110691,0,0,S,16,1,1165413,53.25,2011,26,7.78,19.98
72573,Historical,303787,1,1,S,6,1,2625713,253.95,2002,59,183.86,9.47
72574,Historical,326392,0,0,S,5,1,1071702,195.75,2009,18,90.37,86.92
72575,Historical,330104,0,0,S,7,1,9196649,214.95,2001,26,98.97,7.99
72576,Historical,716352,0,0,S,5,1,729598,64.62,2012,5,55.69,47.98
72577,Historical,1475759,0,0,S,2,1,904977,66,2013,14,61.86,54.02
72578,Historical,342914,0,0,S,2,1,908592,70,2001,33,0,22.58
72579,Historical,326415,0,0,S,3,1,113478,167.2,2011,47,44.48,62.78
72580,Historical,330865,0,0,S,4,1,1310645,192.95,2008,31,91.44,16.94
72581,Historical,53737,1,1,S,10,1,27929,325,2010,57,45.19,89.93
72582,Historical,117795,0,0,S,10,1,150168,226.4,2006,48,24.14,32.59
72583,Historical,50887,0,0,S,10,1,1386058,9.82,2007,100,158.68,8.89
72584,Historical,312711,0,0,S,8,1,5719183,128.93,2001,25,24.14,10.99
72585,Historical,52025,0,0,S,5,1,3794921,164.75,2004,38,102.99,11.94
72586,Historical,698658,0,0,S,10,1,392207,84.75,2010,12,0,0
72587,Historical,50886,0,0,S,9,1,1829402,135.33,2005,90,158.68,5.19
72588,Historical,309050,0,0,S,3,1,382698,12.86,2006,39,83.54,16.68
72589,Historical,57669,0,0,S,10,1,143701,73.79,2010,58,33.98,54.71
72590,Historical,57668,0,0,S,9,1,839876,24.82,2007,46,33.98,5.88
72592,Historical,54018,0,0,S,12,1,253909,141.47,2007,40,32.2,89.13
72593,Historical,203497,0,0,S,4,1,437286,106.99,2005,62,34.79,55.69
72594,Historical,355882,0,0,S,4,1,8972250,122.95,1999,17,124.98,36.49
72595,Historical,2618066,1,1,S,2,1,3951367,74.95,1991,35,67.39,8.98
72596,Historical,183808,0,0,S,4,1,1237105,207.95,2003,60,12.27,13.73
72597,Historical,118953,0,0,S,7,1,1543958,73.33,1996,79,40.49,9.37
72599,Historical,108862,0,0,S,13,1,163944,346.93,2006,42,10.19,77.82
72600,Historical,108215,0,0,S,4,1,141770,47.16,2005,42,7.19,38.74
72601,Historical,528370,0,0,S,2,1,1073061,193,2011,22,12.54,34.45
72602,Historical,640636,0,0,S,3,1,1779954,140,2004,19,83.94,92.06
72603,Historical,339897,0,0,S,3,1,181966,122.95,2010,52,37.04,48.99
72604,Historical,109317,0,0,S,1,0,2739912,91.75,2004,17,41.56,12.88
72605,Historical,528355,0,0,S,5,1,38196,305.75,2012,130,14.07,10
72606,Historical,109559,0,0,S,6,1,77162,49.4,2005,37,4.94,37.99
72607,Historical,550890,0,0,S,13,1,631326,76.65,2009,61,138.99,51.94
72608,Historical,52975,0,0,S,5,1,464422,368.95,2008,46,8.04,63.48
72609,Historical,147998,0,0,S,8,1,2760028,272.95,2004,32,176.49,11.03
72610,Historical,603409,1,1,S,6,1,403158,49.99,2012,41,10.98,53.99
72611,Historical,876845,1,3,S,4,1,92948,218.73,2014,44,103.73,78.99
72612,Historical,533726,0,0,S,6,1,3053975,172.75,2004,50,103.99,12.26
72613,Historical,871807,0,0,S,2,1,1570243,209.98,2013,21,28.98,11.98
72614,Historical,54617,0,0,S,8,1,990011,264.95,2006,40,0,47.97
72615,Historical,120851,0,0,S,1,0,819059,321.6,2009,52,0,13.52
72616,Historical,166508,0,0,S,3,1,416091,9.49,2004,99,143.54,11.94
72618,Historical,1455282,1,3,S,4,1,28472,232.07,2014,19,0,120.33
72619,Historical,587659,0,0,S,2,1,26397,99.95,2012,77,7.27,47.99
72620,Historical,367141,1,1,S,3,1,92198,82.99,2009,81,19.33,39.57
72621,Historical,873154,0,0,S,4,1,3630744,0,2007,11,83.81,45.98
72622,Historical,148627,0,0,S,12,1,211524,288.95,2008,74,38.65,73.98
72623,Historical,50269,0,0,S,8,1,485378,28.11,2004,33,76.27,10.62
72624,Historical,165642,0,0,S,8,1,1945900,18.96,2003,28,5.24,68.91
72625,Historical,56582,1,1,S,4,1,3213442,116.25,2002,39,119.98,13.94
72626,Historical,528351,0,0,S,7,1,1096347,75.77,2009,28,4.56,74.91
72627,Historical,877048,0,0,S,4,1,1807458,90.16,2007,41,188.99,56.22
72629,Historical,50271,0,0,S,9,1,1194680,53.33,2007,31,76.27,48.85
72630,Historical,339016,0,0,S,8,1,741481,136.95,2006,54,5.24,49.51
72631,Historical,147771,0,0,S,7,1,2808705,102.95,2000,19,5.24,17.78
72633,Historical,152499,0,0,S,2,1,1345209,189,2008,26,53.32,108.97
72634,Historical,539429,0,0,S,10,1,109450,140.2,2013,44,41.99,48.94
72635,Historical,242030,0,0,S,0,0,205894,41.26,2000,27,0,50.99
72636,Historical,206397,0,0,S,2,1,808291,67.95,2006,18,0,54
72637,Historical,404214,0,0,S,2,1,574020,138.2,2002,63,84.68,51.94
72638,Historical,528343,0,0,S,2,1,1251769,79.95,2010,21,55.21,61.56
72639,Historical,203977,0,0,S,5,1,125452,77.99,2008,81,8.34,32.99
72640,Historical,1778917,0,0,S,2,1,326608,70.5,2014,26,52.89,52.06
72641,Historical,535788,0,0,S,5,1,15688,96,2012,41,52.17,72.62
72642,Historical,1456032,0,0,S,2,1,366348,64.99,2015,13,0,40.26
72643,Historical,245260,0,0,S,1,0,695920,145.95,2005,19,0,73.99
72644,Historical,227628,0,0,S,2,1,131802,102.95,2010,18,0,0
72645,Historical,861510,0,0,S,6,1,10899,168.25,2013,53,40.98,100.2
72646,Historical,317991,0,0,S,2,1,1140425,83.6,1999,28,8.38,49.66
72647,Historical,326314,0,0,S,4,1,2073323,98.67,2004,11,80.1,23.94
72648,Historical,320283,0,0,S,1,0,93341,44.95,2007,20,0,36
72649,Historical,317402,0,0,S,5,1,111338,106.8,2010,32,38.61,61.99
72650,Historical,254039,0,0,S,2,1,78851,39.95,2011,56,15.91,35.68
72651,Historical,545841,1,1,S,3,1,139777,103,2013,44,53.94,77.99
72652,Historical,148208,0,0,S,5,1,801001,185.95,2004,21,4.33,86.83
72653,Historical,147807,0,0,S,3,1,33242,267.95,2004,57,30.51,54.38
72654,Historical,227599,0,0,S,6,1,1625075,66.95,2001,33,35.09,47.57
72655,Historical,663625,0,0,S,9,1,98279,106.67,2013,37,73.99,51.96
72656,Historical,366513,1,2,S,1,0,98913,149.95,2008,35,0,0
72657,Historical,200226,0,0,S,2,1,381175,155.95,2006,70,29.98,72.84
72658,Historical,602234,0,0,S,4,1,1391451,90,2000,52,99.96,87.95
72659,Historical,534141,0,0,S,3,1,3578260,76.95,2000,34,68.82,28.99
72660,Historical,227622,0,0,S,3,1,129760,102.95,2008,22,0,0
72661,Historical,649681,0,0,S,3,1,316579,104,2012,24,0,82.48
72662,Historical,908185,0,0,S,6,1,1395319,55.74,2009,28,203.99,26.46
72663,Historical,53505,0,0,S,13,1,1645875,235.95,2003,100,186.98,3.98
72664,Historical,549505,0,0,S,9,1,973537,53.99,2012,26,53.86,52.99
72665,Historical,120656,0,0,S,1,0,118723,70.95,2010,33,0,0
72666,Historical,2022160,0,0,S,3,1,80704,62.95,2013,20,0,45.88
72667,Historical,627844,0,0,S,5,1,67087,107.75,2013,37,35.99,65.55
72668,Historical,162909,0,0,S,2,1,756227,79.95,2008,62,50.49,49.14
72670,Historical,645657,0,0,S,2,1,1066924,103,2001,13,0,79.8
72671,Historical,161792,0,0,S,3,1,104926,100,2007,54,30.67,48.94
72672,Historical,163398,0,0,S,2,1,1433153,65.95,2007,31,0,52.97
72673,Historical,148356,0,0,S,7,1,403502,308.95,2005,30,0,0
72674,Historical,410720,0,0,S,2,1,1080402,230.95,2005,33,32.28,73.05
72675,Historical,370622,0,0,S,3,1,3521271,81.95,1995,25,65.97,41.83
72676,Historical,366720,0,0,S,4,1,1399915,242.95,2000,12,65.97,13.99
72677,Historical,679311,0,0,S,3,1,39237,23.95,2008,63,0,0
72680,Historical,205905,0,0,S,3,1,1066980,65,2003,14,15.96,47.07
72681,Historical,355683,0,0,S,4,1,9527351,64.95,2003,14,49.98,47.76
72683,Historical,261082,0,0,S,3,1,320318,59.95,2008,25,0,53.24
72684,Historical,528314,0,0,S,2,1,67296,33.95,2010,37,31.48,25.13
72685,Historical,404541,0,0,S,2,1,903189,74.99,2003,56,16.15,43.63
72686,Historical,200622,0,0,S,4,1,141157,52.95,2010,42,27.59,39.99
72687,Historical,366517,0,0,S,5,1,714396,74.95,2005,41,76.04,19.29
72688,Historical,197964,0,0,S,3,1,1246980,62.69,2008,16,0,33.98
72689,Historical,288047,0,0,S,2,1,546130,55,2006,15,0,38.23
72690,Historical,118604,0,0,S,2,1,728928,49.2,2009,25,9.94,42.95
72691,Historical,528307,0,0,S,3,1,725649,45,2009,27,12.16,19.32
72692,Historical,206170,0,0,S,2,1,86397,27.95,2007,58,9.9,30.99
72694,Historical,312425,0,0,S,2,1,508281,186.67,1999,53,4.87,19.95
72695,Historical,633329,0,0,S,1,0,467440,41.95,2008,15,0,33.32
72696,Historical,271028,0,0,S,7,1,120247,96,2011,33,47.98,70.1
72697,Historical,528305,0,0,S,2,1,1064721,54.99,2007,27,28.98,37.2
72698,Historical,349898,0,0,S,4,1,961073,128.95,2001,37,49.81,12.87
72699,Historical,528301,0,0,S,6,1,482952,35,2010,33,35.21,40.45
72700,Historical,2167499,0,0,S,4,1,85815,44.99,2014,23,16.74,29.9
72701,Historical,165797,0,0,S,5,1,168599,21.95,2005,45,0,0
72702,Historical,285535,0,0,S,9,1,254731,38.99,2011,12,0,0
72704,Historical,632455,0,0,S,7,1,3317136,365,1999,16,245.35,143.27
72705,Historical,210849,0,0,S,10,1,201371,48.95,2002,42,13.25,16.99
72706,Historical,661315,0,0,S,3,1,58351,81.95,2009,18,0,0
72707,Historical,58015,0,0,S,3,1,1694627,128.95,2002,32,78.09,58.57
72708,Historical,58016,0,0,S,2,1,426328,97.95,1998,18,78.09,35.52
72710,Historical,528297,0,0,S,2,1,45502,114,2012,37,101.81,73.98
72712,Historical,641475,0,0,S,4,1,146961,81,2010,25,57.25,63.94
72713,Historical,134724,0,0,S,7,1,18654,17,2007,510,11.35,7.58
72714,Historical,501042,0,0,S,5,1,655999,69.99,2012,15,32.97,32.15
72715,Historical,528294,0,0,S,2,1,888505,89.99,2011,19,43.99,69.91
72716,Historical,630574,0,0,S,4,1,95333,99.99,2012,38,52.93,46.85
72718,Historical,915140,0,0,S,5,1,1914639,54.95,2004,21,16.98,9.49
72719,Historical,1936190,0,0,S,7,1,206892,69.99,2014,18,35.84,42.75
72720,Historical,217718,0,0,S,3,1,383850,72.99,2009,70,29.53,18.99
72721,Historical,905288,0,0,S,8,1,556124,71.99,2014,12,40.39,39.73
72722,Historical,860406,0,0,S,6,1,825962,79.99,2011,20,4.37,10.79
72723,Historical,629679,0,0,S,4,1,759711,74.99,2009,43,7.19,6.95
72724,Historical,789645,0,0,S,4,1,1482265,79.99,2008,18,6.84,10.37
72725,Historical,528288,0,0,S,5,1,455572,69.95,2010,41,39.01,36.33
72726,Historical,610227,0,0,S,6,1,876623,73.99,2013,20,33.99,39.72
72727,Historical,867304,0,0,S,6,1,28756,53.95,2014,75,26.99,31.98
72728,Historical,867616,0,0,S,9,1,14780,66.99,2014,50,42.47,43.58
72729,Historical,875118,0,0,S,8,1,2845714,106.95,2008,17,42.47,83.64
72730,Historical,190238,0,0,S,3,1,1010265,104.43,2000,22,31.25,69.17
72731,Historical,147649,1,1,S,7,1,176579,59.95,2010,33,11.68,38.99
72732,Historical,895031,0,0,S,8,1,119340,76.99,2014,12,59.26,38.93
72734,Historical,865425,0,0,S,8,1,1198852,69.95,2014,11,46.14,50.72
72735,Historical,294154,0,0,S,6,1,1569220,68.99,2005,36,5.45,36.45
72736,Historical,545676,0,0,S,7,1,853471,76.99,2012,35,5.45,13.64
72738,Historical,203957,0,0,S,7,1,383994,71.99,2007,25,0,0
72739,Historical,528281,0,0,S,5,1,45448,79.95,2011,66,63.42,48.23
72740,Historical,1943422,0,0,S,5,1,25742,46.95,2014,148,26.59,28.99
72741,Historical,654465,0,0,S,2,1,1036447,89.99,2012,14,22.65,42.16
72742,Historical,618869,1,1,S,4,1,1985517,39.8,1990,45,60,19.98
72744,Historical,1900477,1,4,S,0,0,723219,161.95,2011,37,8.28,23.94
72745,Historical,2427604,0,0,S,3,1,1534201,96,1995,40,164.99,24.19
72746,Historical,129723,1,1,S,4,1,437573,122,2000,40,164.99,28.48
72747,Historical,621065,0,0,S,6,1,1255841,195.8,1992,51,22.82,45.23
72748,Historical,2386731,0,0,S,4,1,5815271,0,1982,11,22.82,96.34
72751,Historical,2427134,0,0,S,2,1,5025941,82.75,1991,27,162.35,45.26
72752,Historical,630235,0,0,S,2,1,1477701,89.95,2005,17,28.47,20.49
72753,Historical,1496156,0,0,S,1,0,194205,14.99,2010,36,43.2,9.29
72754,Historical,919917,0,0,S,1,0,376651,37.99,1998,53,0,12.23
72755,Historical,619540,0,0,S,1,0,67937,162,2013,33,63.99,45.84
72756,Historical,646836,0,0,S,1,0,361974,162,2013,23,0,68.99
72757,Historical,126426,0,0,S,2,1,290141,112.95,1999,62,4.92,43.49
72758,Historical,2670834,0,0,S,3,1,2036550,70.3,1997,22,4,45.82
72759,Historical,550194,0,0,S,4,1,87238,83.61,2000,61,4,28.99
72760,Historical,599020,0,0,S,7,1,71483,99.95,2011,56,61.28,58.8
72761,Historical,260559,0,0,S,2,1,256011,33.95,2001,53,15.33,10
72762,Historical,538805,0,0,S,7,1,2454,144.5,2012,88,66.5,53.99
72763,Historical,616226,0,0,S,2,1,554814,43.99,1998,94,9.12,12.53
72764,Historical,782083,0,0,S,2,1,927194,34.99,2011,18,22.95,27.48
72765,Historical,862985,0,0,S,5,1,362194,110,2001,40,84.2,61.41
72767,Historical,50226,0,0,S,8,1,875983,168.76,2009,31,65.98,98.67
72768,Historical,481224,0,0,S,6,1,594980,144.33,2004,45,15.15,86.97
72769,Historical,606775,0,0,S,3,1,27767,27.95,2006,43,15.98,18.8
72770,Historical,650339,0,0,S,1,0,1305216,63,2010,17,0,52.67
72771,Historical,657737,0,0,S,5,1,339103,65,2001,33,4,45.67
72772,Historical,529420,1,1,S,3,1,92366,96.99,2006,44,73.98,50.49
72773,Historical,1692391,0,0,S,0,0,471264,39.99,2014,22,26.99,26.35
72774,Historical,1724445,0,0,S,0,0,288691,50,2012,44,23.05,31.19
72775,Historical,628848,0,0,S,9,1,674244,84.95,2006,54,20.55,36.91
72776,Historical,1848781,0,0,S,3,1,299697,57.32,2011,19,0,32.15
72777,Historical,715982,0,0,S,6,1,901469,93,2011,12,101.98,78.45
72778,Historical,402816,0,0,S,3,1,3064720,93.33,2002,39,101.98,8.46
72779,Historical,646841,1,1,S,4,1,221617,249.5,2013,26,161.37,25.78
72780,Historical,528472,0,0,S,11,1,432125,194.5,2012,30,108.5,114
72781,Historical,649456,0,0,S,4,1,271627,137.86,2013,31,161.37,199.16
72782,Historical,2334976,0,0,S,11,1,4304315,76.35,1996,25,39.89,23.94
72783,Historical,872642,1,4,S,12,1,36268,153.47,2014,49,58.99,91.93
72786,Historical,864431,1,1,S,1,0,254225,75.95,2013,17,0,29.83
72787,Historical,223007,0,0,S,2,1,800957,274.95,1999,40,46.42,78.81
72788,Historical,538556,0,0,S,36,1,504096,29.99,2013,41,6.13,47.41
72789,Historical,615029,0,0,S,14,1,209888,154.69,2007,37,39.89,77.49
72790,Historical,52916,0,0,S,9,1,322212,14.93,2008,153,108.5,7.7
72791,Historical,552839,0,0,S,2,1,40831,119.4,2011,69,49.58,77.99
72792,Historical,108100,0,0,S,8,1,2468474,129.95,2005,75,108.5,10.99
72794,Historical,631473,0,0,S,7,1,164340,153.47,2011,23,145.06,13.68
72795,Historical,51578,0,0,S,15,1,1128593,266.95,2008,16,146.61,20.99
72796,Historical,534342,0,0,S,0,0,197024,51.56,2006,20,5.51,48.94
72797,Historical,114347,0,0,S,2,1,579224,124,2002,21,12.07,68.13
72798,Historical,247385,0,0,S,2,1,362787,70,2004,19,12.07,42.93
72799,Historical,302735,0,0,S,3,1,1144186,112.5,2002,85,98.98,9.9
72800,Historical,547818,0,0,S,2,1,3253472,114,1995,39,53.7,8.43
72801,Historical,178647,0,0,S,2,1,792066,91.95,2010,61,4.98,13.99
72802,Historical,877096,0,0,S,3,1,740535,105.33,2002,37,73.99,17.92
72804,Historical,552224,0,0,S,4,1,331745,189.8,2006,56,0,0
72805,Historical,336930,0,0,S,1,0,1033661,59.95,2012,20,0,42.09
72806,Historical,50922,0,0,S,5,1,3520879,8.99,2004,31,71.5,8.99
72807,Historical,545075,0,0,S,2,1,881307,54.95,2006,43,5.98,16.93
72808,Historical,663739,0,0,S,12,1,25100,118.25,2013,43,36.98,54.1
72809,Historical,113646,0,0,S,9,1,181135,183.2,2001,30,0,147.9
72810,Historical,51581,0,0,S,13,1,2163824,281.95,2006,47,146.61,5.41
72811,Historical,879686,0,0,S,4,1,5407313,153.33,2004,12,132.55,53.99
72812,Historical,53303,0,0,S,6,1,1295806,20.19,2004,43,118.94,17.78
72813,Historical,183449,0,0,S,2,1,918487,290.95,2006,76,5.79,21.46
72814,Historical,290367,0,0,S,8,1,2087580,11.85,2003,29,51.5,12.74
72815,Historical,528255,0,0,S,3,1,538600,144.95,2006,22,47.98,94.95
72816,Historical,162137,0,0,S,6,1,509526,8.21,2007,49,41.97,10.25
72817,Historical,110386,0,0,S,4,1,249173,57.85,2008,41,10.24,28.99
72818,Historical,539128,0,0,S,5,1,2553345,175,2005,15,4,72.63
72819,Historical,692263,1,1,S,2,1,4282603,162.95,2001,24,110.97,5.99
72820,Historical,107955,0,0,S,4,1,432557,87.18,2002,33,78.99,25.99
72821,Historical,558990,0,0,S,4,1,1625424,226,2008,18,19.14,63.68
72822,Historical,2924410,0,0,S,6,1,385126,144.33,2015,37,133.53,41.34
72823,Historical,580255,0,0,S,2,1,542959,34.95,2009,24,24.67,97.29
72824,Historical,766336,0,0,S,2,1,744216,107.95,2010,21,27.7,33.98
72826,Historical,1590092,0,0,S,2,1,981061,84.99,2009,32,110.48,59.49
72827,Historical,910017,0,0,S,2,1,354016,75,2013,16,0,35.5
72828,Historical,3218272,0,0,S,7,1,1193773,202.65,1967,14,0,210.58
72830,Historical,541236,0,0,S,1,0,24156,49,1999,25,0,38.61
72831,Historical,61113,0,0,S,5,1,1582302,124.69,2005,21,112.19,6
72832,Historical,58524,0,0,S,4,1,3015699,90.67,2002,37,53.99,8.71
72833,Historical,660963,0,0,S,3,1,1318465,124.67,2012,23,67.1,96.4
72834,Historical,663786,0,0,S,12,1,63694,102.99,2013,27,44.54,47.65
72835,Historical,168724,0,0,S,0,0,67438,6.95,2003,54,41.55,4
72837,Historical,528248,0,0,S,3,1,73953,49,2012,31,43.99,36.75
72838,Historical,3091281,0,0,S,0,0,788928,19.95,2004,18,71.76,19.95
72839,Historical,434747,0,0,S,8,1,1252981,86.95,2009,186,18.99,7.73
72841,Historical,1684157,1,1,S,1,0,164343,24.99,2012,10,32.58,22.98
72844,Historical,576440,0,0,S,2,1,615980,72,2006,66,38.08,37.19
72846,Historical,654793,0,0,S,4,1,1124986,48,2007,21,34.98,35.48
72848,Historical,633695,0,0,S,2,1,57790,181.25,2013,47,72.88,138.96
72849,Historical,702236,1,1,S,6,1,810559,100,2012,23,13.03,34.99
72850,Historical,869898,0,0,S,4,1,2018272,60.95,1997,22,86.99,22.98
72851,Historical,788366,1,3,S,5,1,1175418,252.95,2002,23,86.99,119.98
72853,Historical,528244,0,0,S,4,1,503998,110.95,2011,31,25.46,71.98
72854,Historical,270646,0,0,S,8,1,530378,59.95,2009,83,45.84,37.63
72855,Historical,921182,0,0,S,0,0,79322,78,2014,47,45.84,47.76
72856,Historical,58013,1,1,S,4,1,10971,109.43,2011,100,66.98,43.5
72857,Historical,58010,0,0,S,2,1,1470557,10.99,2007,33,66.98,23.23
72858,Historical,643441,0,0,S,2,1,406403,48,2011,19,0,28.99
72859,Historical,652237,0,0,S,2,1,99799,107,2013,24,57.19,59.19
72860,Historical,254012,0,0,S,6,1,565279,79.95,2010,21,84.94,63.97
72861,Historical,203696,0,0,S,2,1,114237,58.99,2007,20,25.9,38.49
72863,Historical,626041,0,0,S,2,1,390346,76.99,2009,26,0,0
72864,Historical,774442,0,0,S,2,1,2239412,56.95,2003,40,64.98,20.51
72865,Historical,249743,0,0,S,2,1,1187460,53.95,2006,75,4.74,25.24
72867,Historical,627403,0,0,S,2,1,254307,65,2010,50,13.83,33
72868,Historical,788344,0,0,S,4,1,6748757,94.95,2002,13,15,53.96
72869,Historical,866677,0,0,S,6,1,63552,45,2014,26,26.42,29.31
72870,Historical,105661,0,0,S,4,1,947947,39.95,2001,42,26.42,23.56
72871,Historical,921584,0,0,S,2,1,2179738,57.2,2008,53,47.19,8.92
72872,Historical,613899,0,0,S,3,1,336614,55.4,2010,86,47.19,7.9
72873,Historical,678054,0,0,S,4,1,509244,26.95,2008,73,9.07,5.94
72875,Historical,891015,0,0,S,3,1,2404,54.99,2015,32,30.04,23.98
72876,Historical,905105,0,0,S,3,1,2742,54.99,2014,40,27.25,31.47
72877,Historical,1679845,0,0,S,0,0,150525,19.95,2014,60,16.73,13.6
72878,Historical,2098003,0,0,S,2,1,74393,39.99,2014,18,20.46,23.69
72879,Historical,634319,0,0,S,3,1,202477,50,2008,34,30.42,32.41
72880,Historical,298844,0,0,S,6,1,9384,25.95,2009,80,18.64,19.98
72881,Historical,2115724,0,0,S,2,1,398360,49.99,2015,14,0,33.49
72882,Historical,898663,0,0,S,3,1,35033,44.95,2013,15,0,0
72883,Historical,135605,0,0,S,2,1,205229,39.95,2007,47,15.16,33.74
72884,Historical,633749,0,0,S,1,0,289081,59.99,2014,58,40.33,18.97
72885,Historical,905144,0,0,S,1,0,78185,59.99,2015,67,40.33,28.85
72886,Historical,655160,0,0,S,1,0,397750,79.99,2013,43,49.98,40.07
72888,Historical,905165,0,0,S,1,0,309786,69.99,2014,53,38.94,33.97
72889,Historical,624706,0,0,S,1,0,1190039,69.99,2012,34,31.98,40.32
72890,Historical,655166,0,0,S,1,0,875047,79.99,2013,32,31.98,39.51
72891,Historical,632143,0,0,S,2,1,265481,59.99,2012,23,36.16,43.49
72892,Historical,2154596,0,0,S,31,1,56612,59,2015,10,0,50.85
72893,Historical,2115439,0,0,S,2,1,721054,54.99,2015,11,52.49,54.73
72894,Historical,566829,0,0,S,2,1,1126413,60,2006,48,23.48,48.39
72895,Historical,634129,0,0,S,2,1,126095,56.99,2007,44,62.52,17.16
72896,Historical,655303,0,0,S,3,1,948067,79.99,2012,30,62.52,58.56
72897,Historical,763689,0,0,S,3,1,359214,45.95,1999,72,6.43,8.92
72898,Historical,609576,0,0,S,4,1,177240,87.95,2009,45,4.98,21.89
72900,Historical,3634996,0,0,S,2,1,60841,60,2016,0,0,34.28
72901,Historical,1779442,0,0,S,1,0,84635,59.99,2013,22,0,33.92
72902,Historical,664251,0,0,S,1,0,11979,59.99,2013,42,30.94,31.75
72903,Historical,181862,0,0,S,2,1,82033,39.95,2004,24,12.39,26.54
72904,Historical,3129220,0,0,S,7,1,374086,59,2002,32,0,58.52
72905,Historical,1516198,0,0,S,13,1,445398,25.89,2010,6,0,18.99
72906,Historical,308063,0,0,S,2,1,231054,62,2007,50,8.79,26.4
72907,Historical,2383920,0,0,S,9,1,1513533,110,2015,30,94.87,74.98
72908,Historical,878315,0,0,S,1,0,642330,90,2007,28,94.87,13.98
72909,Historical,621335,0,0,S,2,1,206472,109.6,2010,46,57.25,81.6
72910,Historical,881487,0,0,S,6,1,476253,0,2013,7,42.11,49.85
72911,Historical,181993,0,0,S,3,1,43642,49.99,2006,48,22.61,30.56
72913,Historical,557028,0,0,S,1,0,47981,135.2,2014,57,69.73,74.93
72914,Historical,200821,0,0,S,2,1,585340,14.99,2003,92,11.72,12.88
72917,Historical,665234,0,0,S,0,0,960621,31.25,2011,18,36.57,107.62
72918,Historical,200548,0,0,S,2,1,460221,85.95,2010,31,17.08,64.37
72919,Historical,1551793,0,0,S,2,1,1052071,59.95,2013,12,0,41.53
72920,Historical,106177,0,0,S,3,1,438322,60,2004,27,21.93,28.94
72921,Historical,642145,0,0,S,3,1,40141,69.99,2012,41,50.4,45.07
72922,Historical,913161,0,0,S,0,0,653551,584.56,2002,35,0,42.99
72923,Historical,201505,0,0,S,2,1,1626663,65,2006,39,4.99,23.87
72924,Historical,632079,0,0,S,2,1,21176,65,2012,23,31.67,35.64
72925,Historical,916139,1,3,S,5,1,103199,134.67,2013,34,98.34,94.88
72926,Historical,659150,0,0,S,2,1,872261,75,2008,25,28.97,28.96
72927,Historical,1779888,0,0,S,1,0,68945,49.99,2013,23,0,27.29
72928,Historical,630045,0,0,S,1,0,32684,49.99,2010,27,0,0
72929,Historical,609263,0,0,S,3,1,66973,69,2006,50,4,16.93
72932,Historical,528222,0,0,S,2,1,53719,59.99,2012,21,23.9,23.42
72933,Historical,126852,0,0,S,1,0,189999,37.95,2005,18,0,33.47
72935,Historical,665114,0,0,S,9,1,850370,138.12,2010,8,0,18.99
72939,Historical,262649,0,0,S,2,1,554790,49.95,2003,22,0,33.99
72940,Historical,191446,0,0,S,3,1,292377,59.95,2000,43,0,0
72942,Historical,641658,0,0,S,4,1,78660,54,2006,20,0,0
72943,Historical,626398,0,0,S,4,1,14648,36.95,2006,39,25.95,30
72944,Historical,635268,0,0,S,2,1,21939,36.95,2006,27,24.91,28.23
72946,Historical,659709,0,0,S,2,1,898856,49.99,2012,33,18.65,17.35
72947,Historical,1436811,0,0,S,3,1,140781,90,2011,18,0,50.44
72949,Historical,2386965,0,0,S,0,0,922799,61.9,1989,32,0,42.94
72950,Historical,528218,0,0,S,2,1,94195,69.95,2012,26,34.17,31.7
72951,Historical,542108,0,0,S,2,1,83224,60,2011,22,35.55,35.99
72952,Historical,658013,0,0,S,2,1,78944,99,2013,26,63.98,71.41
72953,Historical,635788,0,0,S,15,1,824742,124,2002,39,60.67,74.53
72954,Historical,50435,0,0,S,5,1,499851,90.84,1999,69,0,43.51
72955,Historical,50434,1,5,S,6,1,339815,27.99,2002,60,167.99,33.97
72956,Historical,639682,0,0,S,2,1,5958,44.95,2013,52,23.74,30.94
72957,Historical,615024,0,0,S,1,0,83100,36.95,2009,83,23.74,21.98
72958,Historical,499533,0,0,S,4,1,237886,138,2012,41,99.88,73.84
72959,Historical,868529,0,0,S,3,1,48762,81.95,2014,45,42.58,37.87
72960,Historical,210806,0,0,S,3,1,672594,57.95,1999,42,4.09,23.99
72961,Historical,545286,0,0,S,4,1,22180,146,2012,118,36.98,68.18
72962,Historical,1449000,0,0,S,3,1,1311691,210.47,2010,13,36.98,108.25
72963,Historical,528215,1,1,S,2,1,247151,31.99,2007,22,14.46,18.99
72964,Historical,924399,0,0,S,3,1,41909,50.99,2014,19,29.14,28.24
72965,Historical,870498,0,0,S,2,1,722582,131.95,2013,24,0,119.78
72966,Historical,528213,0,0,S,3,1,28223,56.2,2012,63,25.98,33.98
72967,Historical,664688,0,0,S,2,1,15398,91.95,2013,134,31.99,48.94
72968,Historical,147704,0,0,S,10,1,721684,144.59,2011,19,77.5,77.74
72969,Historical,52703,0,0,S,8,1,1992231,77.95,2004,78,77.5,5.98
72970,Historical,612499,1,1,S,8,1,55882,113,2013,89,39.43,65.67
72971,Historical,612856,0,0,S,2,1,94282,78.35,2000,212,0,0
72973,Historical,245034,0,0,S,2,1,577631,132.95,2004,33,5.34,24.48
72974,Historical,788264,0,0,S,4,1,2358916,142.95,2002,67,136.28,17.89
72975,Historical,619107,1,7,S,4,1,85710,89,2013,61,0,17.98
72976,Historical,607444,0,0,S,3,1,296168,74.67,2008,69,0,8.49
72977,Historical,621412,0,0,S,0,0,325355,103.5,2007,91,0,17.99
72978,Historical,1867215,0,0,S,2,1,360973,43.95,2008,18,35.9,42.35
72979,Historical,614654,0,0,S,1,0,284008,102.75,2008,92,50.31,15.99
72980,Historical,708728,0,0,S,1,0,195188,104.5,2008,74,50.66,28.54
72981,Historical,709760,0,0,S,1,0,410490,91.52,2011,39,50.66,42.92
72982,Historical,2037125,0,0,S,0,0,454467,19.95,2006,67,8.66,7.99
72984,Historical,528209,1,1,S,2,1,202518,79.95,2010,72,19.49,22.99
72985,Historical,617609,0,0,S,1,0,597051,72.95,2004,43,0,0
72986,Historical,254106,1,1,S,1,0,649230,82.95,2010,32,0,60.69
72987,Historical,609180,0,0,S,6,1,1623328,24.95,2005,49,17.61,8.97
72988,Historical,2836663,0,0,S,3,1,9194106,108.95,1995,21,123.97,49.65
72989,Historical,639877,0,0,S,5,1,137681,66.64,2012,31,60.18,58.49
72994,Historical,107538,0,0,S,1,0,311863,72.78,2004,38,135.86,37.77
72995,Historical,635616,0,0,S,2,1,232363,44.46,2012,72,103.98,43.49
72997,Historical,219680,0,0,S,3,1,874125,99,2000,35,14.41,38.99
72999,Historical,528207,0,0,S,2,1,109901,46.95,2006,105,17.47,20.96
73001,Historical,762002,0,0,S,3,1,371470,78.99,2006,30,38.63,55.26
73002,Historical,629692,0,0,S,2,1,538724,32.95,2008,34,11.91,21.78
73003,Historical,540852,1,1,S,2,1,79099,29.4,2012,56,8.16,12.94
73004,Historical,625228,0,0,S,4,1,827330,65.95,2011,44,26.99,11.51
73005,Historical,164660,0,0,S,2,1,899976,44.95,2003,43,0,21.94
73006,Historical,233010,0,0,S,2,1,75226,49.95,2003,46,32,39.89
73008,Historical,3838158,0,0,S,2,1,206145,49.99,2016,12,0,28.25
73009,Historical,634204,0,0,S,2,1,574065,79.95,2005,21,0,41.92
73010,Historical,551522,0,0,S,3,1,194040,81.95,2009,22,0,0
73011,Historical,627364,0,0,S,6,1,1319846,40,2011,35,0,0
73012,Historical,556552,1,1,S,2,1,309574,116.6,1974,45,0,95.98
73013,Historical,2179457,0,0,S,2,1,1749134,59.95,2008,20,42.56,39.58
73014,Historical,905655,0,0,S,2,1,1447495,59.95,2008,15,43.64,38.26
73015,Historical,541211,0,0,S,3,1,163668,99,2007,24,0,0
73016,Historical,564026,0,0,S,0,0,1230551,129.07,2006,63,4,48.41
73017,Historical,2341299,0,0,S,2,1,904524,72.45,1989,16,0,79.01
73018,Historical,168585,0,0,S,2,1,168578,40.95,2000,27,0,26.97
73019,Historical,60633,0,0,S,10,1,212383,126.67,2003,72,117.99,14.73
73020,Historical,3504257,1,1,S,13,1,522286,142.67,2015,24,0,93.72
73021,Historical,2275376,0,0,S,12,1,1059345,70.86,2011,23,0,53.31
73023,Historical,233017,0,0,S,2,1,45807,89.95,2008,54,73.98,73.9
73025,Historical,631914,0,0,S,2,1,613039,79.95,1996,37,0,53.3
73027,Historical,528201,0,0,S,7,1,115810,124.95,2012,37,46.17,63.53
73028,Historical,174898,0,0,S,3,1,80234,110,2006,42,47.39,55.39
73029,Historical,164230,0,0,S,3,1,17886,228,2005,72,45.29,58.98
73030,Historical,623747,0,0,S,2,1,561093,188.2,1970,42,0,74.66
73031,Historical,624645,0,0,S,4,1,197204,109.95,2013,46,43.29,67.48
73032,Historical,528200,0,0,S,2,1,465465,89.99,2011,27,94.09,53.94
73033,Historical,177032,0,0,S,3,1,26989,318.95,2004,102,8.68,65.14
73034,Historical,712986,0,0,S,1,0,1379325,103,2002,22,8.48,42.49
73035,Historical,117755,0,0,S,2,1,391078,93.33,2006,33,8.48,55.63
73036,Historical,665452,0,0,S,6,1,1288894,198,2011,26,0,0
73037,Historical,2061179,0,0,S,0,0,995937,0,2013,3,0,36.49
73038,Historical,1572277,0,0,S,13,1,540605,17.95,2010,26,40.92,13.95
73039,Historical,2226239,0,0,S,3,1,205059,22.2,2009,12,0,18.84
73040,Historical,113747,0,0,S,2,1,357282,173.2,1999,55,78.99,73.89
73041,Historical,528182,0,0,S,8,1,302040,264,2004,75,5.79,50.82
73042,Historical,551335,0,0,S,1,0,651732,104.5,2006,134,0,28.93
73044,Historical,528194,0,0,S,11,1,93935,45.6,2012,73,18.64,23.99
73045,Historical,146022,0,0,S,10,1,1267931,40,2009,55,18.64,4
73047,Historical,57032,0,0,S,2,1,1862803,153.33,2003,36,46.9,10.99
73048,Historical,298929,0,0,S,3,1,662737,69.95,2010,29,53.99,52.81
73049,Historical,593908,0,0,S,2,1,651343,49.99,2011,14,18.56,24.82
73050,Historical,628697,0,0,S,2,1,390596,54.95,2009,34,19.02,43.91
73051,Historical,708183,0,0,S,0,0,1606056,105.32,2004,16,0,35.97
73052,Historical,846062,1,1,S,0,0,473139,130.95,1992,96,7.98,38.24
73053,Historical,528183,0,0,S,1,0,216622,102.75,2006,85,7.97,29.99
73055,Historical,617662,0,0,S,1,0,719995,86.15,2007,72,8.24,39.99
73056,Historical,694415,0,0,S,1,0,590384,97.3,2002,63,8.24,26.19
73058,Historical,614946,0,0,S,1,0,392939,86.15,2007,95,0,0
73059,Historical,614971,0,0,S,1,0,141116,97.3,2002,51,13.85,16.89
73060,Historical,748693,0,0,S,3,1,972829,68.95,2006,22,32.31,46.2
73061,Historical,1490348,0,0,S,3,1,189878,105,2011,29,38.97,70.97
73062,Historical,747002,0,0,S,0,0,833779,70.39,2010,16,0,80.51
73063,Historical,909047,0,0,S,0,0,539219,0,2012,18,0,0
73064,Historical,145582,0,0,S,4,1,203928,206,2007,95,43.43,51.84
73065,Historical,60636,0,0,S,3,1,1850519,254.95,2004,50,180.72,18.49
73066,Historical,867384,0,0,S,10,1,426508,64,2013,14,62.9,31.48
73067,Historical,533581,0,0,S,8,1,1033597,39.92,2009,16,162.56,39.92
73068,Historical,111503,0,0,S,9,1,304145,175,2011,60,8.83,28.9
73069,Historical,543424,0,0,S,2,1,28780,49.95,2010,44,32.9,31.41
73070,Historical,545235,0,0,S,3,1,69609,69.99,2011,33,36.98,39.68
73072,Historical,528189,0,0,S,3,1,413572,38,2014,19,32.02,34.58
73073,Historical,907198,0,0,S,4,1,647457,181.95,1998,19,149.99,61.91
73074,Historical,2193187,0,0,S,2,1,2056945,69.99,2014,18,0,41.58
73075,Historical,113637,1,1,S,10,1,740627,253.4,1999,39,0,98.91
73076,Historical,58004,0,0,S,6,1,3121777,89.8,2001,29,169.2,43.95
73079,Historical,547280,0,0,S,5,1,294468,89.99,2004,22,77.06,26.56
73080,Historical,538934,0,0,S,1,0,990274,104.5,2004,70,0,33.9
73081,Historical,162172,0,0,S,6,1,246028,218.25,2007,37,15.5,63.45
73082,Historical,163973,1,1,S,5,1,1236522,43.16,2004,36,15.5,23.95
73083,Historical,845403,0,0,S,8,1,947715,74.36,1990,23,17.93,65.51
73084,Historical,2430450,0,0,S,0,0,321279,79.92,1995,38,0,35.48
73085,Historical,1929060,0,0,S,3,1,609368,43,2014,10,0,30.77
73086,Historical,51395,0,0,S,8,1,2734074,170.67,2002,55,163.09,5.26
73087,Historical,417512,0,0,S,5,1,1438866,35.75,2003,20,16.34,26.99
73088,Historical,859695,0,0,S,0,0,890646,72.5,2008,53,0,12.95
73090,Historical,709310,0,0,S,1,0,271875,158,2008,31,0,19.88
73092,Historical,54691,0,0,S,2,1,689001,8.86,2004,63,52,10.64
73093,Historical,664587,0,0,S,5,1,14644,119.5,2014,85,52,56.59
73094,Historical,895228,0,0,S,2,1,637673,54.95,2014,31,49.37,42.28
73096,Historical,542147,0,0,S,2,1,285852,59.99,2012,30,39.72,49.33
73097,Historical,637749,0,0,S,4,1,91350,70,2012,75,43.98,49.55
73099,Historical,631017,1,1,S,2,1,324209,308.06,1999,30,32.87,66.52
73100,Historical,872631,0,0,S,0,0,3856,31.9,1993,81,16.69,17.99
73101,Historical,528173,0,0,S,5,1,145727,54.99,2011,21,34.99,31.91
73102,Historical,2592913,0,0,S,0,0,667953,49.99,1978,42,0,18.99
73103,Historical,890868,0,0,S,2,1,145857,39.99,2014,17,23.64,23.48
73104,Historical,544054,0,0,S,2,1,142395,49.99,2013,23,0,0
73105,Historical,2339747,0,0,S,5,1,422373,270,2001,21,0,74.99
73106,Historical,871121,0,0,S,3,1,832325,49.95,2003,83,12.13,18.53
73107,Historical,600399,0,0,S,4,1,180151,49.95,2009,49,12.13,129.77
73108,Historical,664165,0,0,S,2,1,831652,135,2013,24,29.39,33.98
73109,Historical,2144449,0,0,S,9,1,249201,41.99,2014,24,32.5,30.47
73110,Historical,2002795,0,0,S,0,0,70288,39.97,2015,13,0,36.75
73111,Historical,1696954,0,0,S,1,0,248496,50,2014,49,0,27.99
73112,Historical,3624922,0,0,S,2,1,235282,50,2016,20,0,31.98
73114,Historical,3775890,0,0,S,3,1,10656,259.99,2016,0,0,212.41
73116,Historical,889069,1,1,S,1,0,564990,45,2014,39,11.68,15.94
73117,Historical,867838,0,0,S,8,1,718610,41.99,2013,43,3.99,18.86
73121,Historical,3624926,1,1,S,2,1,18185,45,2016,19,0,24.98
73122,Historical,1696941,0,0,S,1,0,78696,45,2014,35,0,22.89
73123,Historical,2262664,1,4,S,19,1,470742,48.99,2012,20,0,53.42
73124,Historical,743198,0,0,S,10,1,3854504,95,1999,19,79.04,14.99
73125,Historical,544961,0,0,S,3,1,395176,80,2009,32,13.49,35.99
73126,Historical,542866,0,0,S,4,1,1769069,40.95,2004,86,34.3,10.39
73129,Historical,906700,1,1,S,1,0,1478684,111.1,2007,24,0,106.83
73130,Historical,772908,0,0,S,1,0,180258,111.1,2006,83,16.89,15.52
73133,Historical,853622,1,2,S,0,0,243438,100.25,2002,84,13.11,54.65
73134,Historical,772656,1,2,S,0,0,124930,87.95,2006,112,13.11,43.58
73135,Historical,3225712,0,0,S,0,0,507551,0,2004,17,63.79,37.9
73136,Historical,770607,1,2,S,0,0,1081220,180.2,2003,25,0,94.01
73137,Historical,768799,0,0,S,0,0,1210167,142.55,2000,103,0,18.99
73138,Historical,183360,1,4,S,0,0,22806,93,2006,194,0,38.94
73139,Historical,354765,1,3,S,0,0,99690,122.4,2004,223,99.5,36.98
73140,Historical,900481,0,0,S,0,0,212685,65.75,2000,17,4.13,78.06
73143,Historical,771444,0,0,S,0,0,457198,111.95,2003,38,0,48.43
73144,Historical,771449,1,1,S,0,0,1369008,111.95,2003,25,56.74,58.64
73145,Historical,768663,0,0,S,0,0,81681,108.85,2000,57,0,53.93
73146,Historical,571813,0,0,S,0,0,422255,108.85,1999,87,6.97,43.67
73147,Historical,571814,0,0,S,0,0,954630,108.85,2000,80,6.97,17.78
73148,Historical,848784,0,0,S,10,1,947228,130.85,1998,70,5.52,43.66
73151,Historical,617836,0,0,S,3,1,605019,138.8,1991,47,9.49,71.38
73152,Historical,921196,0,0,S,0,0,270116,130.4,2003,46,0,17.99
73153,Historical,771409,0,0,S,0,0,2437762,128.5,2003,43,0,10.99
73154,Historical,851175,0,0,S,0,0,270700,83.8,2000,115,4.6,9.86
73155,Historical,613081,0,0,S,0,0,183496,83.8,2000,136,4.6,11.65
73156,Historical,155316,0,0,S,0,0,336341,125.05,1999,88,0,11.49
73157,Historical,772855,0,0,S,0,0,1448191,118.8,2005,44,0,66.59
73158,Historical,769554,0,0,S,0,0,172300,118.4,2010,45,0,20.57
73159,Historical,769555,0,0,S,0,0,1109541,118.4,2010,47,0,15.89
73161,Historical,772972,0,0,S,1,0,1351147,94.35,2008,28,0,43.85
73164,Historical,772565,1,4,S,0,0,1185569,129.95,2006,20,0,42.9
73165,Historical,772393,0,0,S,0,0,119127,80.3,2006,81,0,26.52
73167,Historical,859431,1,1,S,0,0,83128,80.3,2006,121,0,37.23
73168,Historical,771927,0,0,S,0,0,944306,85.8,2004,63,0,40.85
73170,Historical,771929,1,1,S,0,0,750225,139.55,2004,16,13.47,37.98
73171,Historical,771928,1,1,S,0,0,1472831,142.35,2004,17,0,38.75
73173,Historical,771428,0,0,S,0,0,1343701,137.95,2003,59,4.96,18.97
73174,Historical,923122,1,1,S,0,0,34493,99.2,2005,143,10.39,40.98
73175,Historical,770648,0,0,S,0,0,962456,12.7,2005,47,10.49,5.14
73176,Historical,772904,1,5,S,0,0,164068,90.5,2007,68,10.49,41.48
73177,Historical,917799,0,0,S,0,0,271162,5.1,2004,51,10.39,5.09
73178,Historical,614151,0,0,S,2,1,85948,130.95,1991,72,4.71,66.99
73179,Historical,864561,0,0,S,0,0,114317,95.85,2006,93,16.98,43.09
73180,Historical,182964,0,0,S,0,0,282233,116.1,2003,69,16.98,57.41
73181,Historical,771463,1,2,S,0,0,170191,83.8,2003,35,7.44,10.99
73182,Historical,771460,0,0,S,0,0,941264,92.15,2003,53,7.44,14.99
73183,Historical,771467,0,0,S,0,0,567396,116.1,2003,72,23.11,9.8
73184,Historical,772850,0,0,S,0,0,657728,95.85,2006,49,23.11,22.99
73185,Historical,564047,0,0,S,0,0,556151,159.65,1998,102,0,28.98
73186,Historical,772045,0,0,S,0,0,817080,68.9,2004,29,0,63.98
73187,Historical,2638900,0,0,S,0,0,942574,141,2000,43,18.49,100.78
73188,Historical,770882,0,0,S,0,0,447565,88.15,2005,49,44.24,33.94
73191,Historical,624460,0,0,S,4,1,323896,64.95,2005,43,32.34,50.96
73192,Historical,547642,0,0,S,0,0,405551,63.8,2000,54,0,13.74
73193,Historical,108753,0,0,S,5,1,535782,23.89,2003,55,11.57,45.4
73194,Historical,2339807,0,0,S,6,1,1090122,150,2002,17,0,217.11
73195,Historical,106671,0,0,S,2,1,619252,21,2008,104,6.51,8.05
73196,Historical,1437425,1,1,S,2,1,254342,22,2014,42,17.04,12.49
73197,Historical,1437669,1,2,S,2,1,294164,32,2014,18,14.62,48.23
73198,Historical,1441186,0,0,S,2,1,686086,72.34,2011,31,0,58.99
73199,Historical,613010,1,1,S,1,0,390611,112.75,2000,150,66.81,20.68
73200,Historical,112309,1,2,S,1,0,431900,115,2007,75,66.81,32.94
73201,Historical,111382,1,1,S,3,1,109673,139,2011,48,51.03,73.72
73202,Historical,538309,0,0,S,2,1,7383,18,2012,81,10.99,10.89
73204,Historical,632195,0,0,S,2,1,551100,135,2000,22,0,0
73205,Historical,547645,0,0,S,0,0,194377,84.95,2002,54,14.48,34.49
73207,Historical,549588,0,0,S,1,0,1604859,88,2005,24,7.04,19.5
73208,Historical,650152,0,0,S,2,1,1698950,100,2013,26,7.04,34.65
73209,Historical,701514,0,0,S,2,1,1047111,99,2010,53,34.94,46.38
73210,Historical,672100,0,0,S,3,1,152406,22.95,2010,133,9.31,13.57
73211,Historical,106783,0,0,S,2,1,68776,20,2010,29,15.22,42.4
73212,Historical,913760,0,0,S,0,0,510105,382.75,2014,38,253.05,55.97
73213,Historical,1437634,0,0,S,8,1,1264737,37,2014,75,5.98,7.53
73214,Historical,1437671,0,0,S,2,1,523734,40,2015,21,0,23.86
73215,Historical,865457,0,0,S,0,0,1101535,35,2014,17,4,5.88
73216,Historical,861521,0,0,S,5,1,1341192,35,2013,31,4.22,16.41
73217,Historical,865440,0,0,S,9,1,1193849,40,2014,17,7.85,15.79
73219,Historical,617607,0,0,S,3,1,1261400,165.5,1999,33,49.36,49.56
73220,Historical,528157,1,1,S,2,1,432957,114,2012,20,18.41,37.21
73221,Historical,528156,0,0,S,8,1,925670,20,2012,58,0,9.98
73222,Historical,537738,0,0,S,3,1,164645,17,2012,47,4.39,13.98
73223,Historical,1436921,0,0,S,3,1,523500,18,2012,43,0,8.93
73224,Historical,1437054,0,0,S,3,1,456600,19,2012,27,0,8.1
73225,Historical,1873345,0,0,S,1,0,293115,189.95,2010,25,0,42.6
73226,Historical,920493,0,0,S,1,0,153484,189.95,2010,46,0,27.98
73227,Historical,552133,0,0,S,7,1,567550,100,2003,50,96.94,7.36
73228,Historical,54840,0,0,S,8,1,344085,114,2004,108,96.94,32.01
73229,Historical,644164,0,0,S,0,0,920534,19.97,2004,22,6.55,19.11
73231,Historical,1780617,0,0,S,2,1,11125,99.99,2015,17,0,53.38
73232,Historical,528148,0,0,S,2,1,1473317,59.99,2006,127,4,5.46
73233,Historical,776791,0,0,S,2,1,1481226,199.99,2006,25,4.59,46.99
73234,Historical,621391,0,0,S,1,0,1560617,49.99,2008,28,5.85,4.47
73235,Historical,298598,0,0,S,1,0,273050,190.95,2009,62,47.89,10.5
73236,Historical,621153,1,1,S,2,1,228678,59.99,2011,34,8.33,17.18
73237,Historical,193913,0,0,S,2,1,316858,69.99,2011,75,4.56,11.98
73238,Historical,193895,0,0,S,1,0,670142,69.99,2008,51,4.56,33.59
73239,Historical,614017,1,1,S,1,0,114893,69.99,2009,99,0,22.98
73240,Historical,629250,0,0,S,1,0,487375,85,2010,17,0,48.94
73241,Historical,528135,0,0,S,5,1,657345,75.99,2011,26,33.64,32.87
73242,Historical,911718,0,0,S,2,1,1351211,70,2006,31,22.49,21.98
73243,Historical,544030,0,0,S,2,1,619560,54.95,2012,26,15.98,33.45
73245,Historical,528134,0,0,S,3,1,755747,48.95,2011,66,26.02,36.11
73246,Historical,120375,0,0,S,9,1,176963,71.4,2008,47,53.34,33.99
73247,Historical,118469,0,0,S,3,1,114742,120.2,2007,31,31.56,75.41
73248,Historical,422346,0,0,S,4,1,332820,105,2011,59,50.98,61.49
73249,Historical,627537,0,0,S,2,1,297681,49.95,2008,24,0,34.55
73250,Historical,623994,0,0,S,2,1,1669395,54.95,2007,29,28.99,34.12
73251,Historical,608952,0,0,S,2,1,576345,59.95,2002,16,33.98,95.78
73253,Historical,194134,0,0,S,3,1,928799,84,2006,39,88.99,23.98
73254,Historical,118867,0,0,S,8,1,384755,207,2009,103,85.5,71.92
73255,Historical,222314,0,0,S,3,1,701914,95,2004,27,67.83,25.99
73256,Historical,55208,1,1,S,4,1,18347,54.95,2009,67,27.99,30.99
73257,Historical,2665185,0,0,S,3,1,934409,44.95,2000,58,41.83,7.98
73258,Historical,55888,0,0,S,3,1,74024,69.99,2007,60,40.23,38.1
73259,Historical,620325,0,0,S,3,1,657571,86,2006,49,13.84,65.74
73260,Historical,543934,0,0,S,2,1,857153,49,2013,33,21.05,30.18
73261,Historical,255768,0,0,S,2,1,309538,69.95,2005,24,0,0
73262,Historical,298298,0,0,S,2,1,365314,65,2009,22,0,0
73263,Historical,655032,0,0,S,2,1,32616,49.95,2013,67,40.01,32.85
73264,Historical,761914,0,0,S,0,0,352523,70,2006,18,33.33,108.52
73265,Historical,698937,0,0,S,4,1,590255,60.26,2009,27,148.99,65.51
73266,Historical,267153,0,0,S,2,1,133370,96,2006,15,177.98,43.99
73267,Historical,612244,0,0,S,3,1,418830,152,2013,23,87.99,83.99
73268,Historical,633353,0,0,S,2,1,1011893,102,2008,26,7.59,48.5
73269,Historical,1867620,0,0,S,3,1,326786,159.95,2009,39,22.58,43.42
73270,Historical,668862,0,0,S,5,1,710655,93.85,2011,20,143.99,51.14
73271,Historical,166716,0,0,S,2,1,312568,150,2006,85,78.99,69.99
73272,Historical,225755,0,0,S,2,1,880835,132.95,2005,19,0,0
73273,Historical,176877,0,0,S,3,1,582199,337.95,2001,29,58.99,40.98
73274,Historical,715073,0,0,S,2,1,6863106,96,1997,22,58.99,42.82
73275,Historical,111498,0,0,S,6,1,1141395,132.37,2011,15,147.57,55.9
73276,Historical,56118,0,0,S,4,1,500407,112,1999,37,120.98,13.98
73277,Historical,56122,0,0,S,6,1,121815,139,2004,42,120.98,59.2
73278,Historical,654663,0,0,S,8,1,706834,51.25,2010,28,11.73,47.12
73279,Historical,627942,0,0,S,2,1,223365,109,1973,18,31.17,174.43
73280,Historical,105674,0,0,S,3,1,1876430,89.95,2001,30,42.23,86.78
73281,Historical,528115,0,0,S,5,1,283398,95,2011,25,42.23,47.49
73282,Historical,528114,0,0,S,5,1,200748,88.99,2012,64,57.24,33.99
73283,Historical,1878963,0,0,S,2,1,1559892,49.95,2007,59,9.54,5.96
73284,Historical,637781,0,0,S,4,1,274500,54.99,2012,39,9.54,19.99
73285,Historical,867652,0,0,S,5,1,194545,81,2013,37,53.94,55.79
73286,Historical,541781,0,0,S,2,1,39788,61.95,2012,44,28.99,33.37
73287,Historical,644473,1,5,S,9,1,285798,60.3,2013,58,77.87,58.93
73289,Historical,649614,0,0,S,9,1,203417,11.75,2013,44,13.88,15.99
73291,Historical,169089,0,0,S,4,1,441643,145.95,2005,29,12.77,38.98
73292,Historical,213293,0,0,S,3,1,152885,99.95,2008,41,69.32,66.84
73294,Historical,612025,0,0,S,2,1,74505,81,2013,55,61.17,54.18
73295,Historical,1620745,0,0,S,7,1,93044,94.97,2014,7,0,79.51
73296,Historical,157407,0,0,S,2,1,666562,42.95,2008,84,33.89,32.19
73297,Historical,541557,0,0,S,5,1,22969,60.95,2013,62,44.08,35.74
73298,Historical,246642,0,0,S,1,0,923591,49.95,2009,21,0,20.24
73299,Historical,622069,0,0,S,4,1,197605,55.95,2003,38,8.48,30.68
73300,Historical,801617,0,0,S,4,1,1974497,67.95,2008,50,46.98,9.62
73301,Historical,368806,0,0,S,4,1,686829,79.95,2007,33,18.86,25.97
73302,Historical,57491,0,0,S,5,1,2318459,195.95,2007,54,128.59,32.45
73303,Historical,57492,0,0,S,6,1,1913555,195.95,2008,43,128.59,9.99
73304,Historical,130433,0,0,S,10,1,803803,134.6,2011,40,8.99,52.73
73305,Historical,270681,0,0,S,6,1,241002,81,2010,50,33.14,60.85
73306,Historical,635190,0,0,S,2,1,1068382,42,2008,29,0,34.97
73307,Historical,2163043,0,0,S,4,1,550315,69,2013,12,0,126.96
73308,Historical,199015,0,0,S,2,1,938032,85,1998,44,4.63,43.29
73309,Historical,591668,0,0,S,4,1,134888,77.95,2009,28,0,32.99
73310,Historical,610019,0,0,S,5,1,83074,44.95,2010,43,8.49,25.38
73311,Historical,289683,0,0,S,0,0,222546,43.95,1998,29,0,28.94
73312,Historical,541374,0,0,S,2,1,766820,76.95,2013,21,71.13,70.23
73313,Historical,663690,1,1,S,5,1,22248,99.95,2013,35,53.73,44.67
73314,Historical,528106,0,0,S,6,1,34804,142.25,2012,43,69.49,81.96
73315,Historical,451789,1,2,S,9,1,456582,224.95,2009,45,120.85,43.49
73316,Historical,610250,0,0,S,5,1,10527,81,2013,76,45.66,48.66
73317,Historical,199154,1,1,S,2,1,50662,91,2005,49,10.09,52.95
73318,Historical,647915,0,0,S,3,1,539505,54.95,2013,13,0,0
73319,Historical,560304,1,1,S,3,1,538990,78,2008,39,16.48,53.61
73320,Historical,1822888,0,0,S,6,1,1534642,51.2,2013,10,23.37,99.31
73321,Historical,238238,0,0,S,15,1,64377,28.95,2011,39,16.84,27.21
73322,Historical,238237,0,0,S,13,1,1893946,27,2006,35,16.84,18.99
73323,Historical,609453,0,0,S,14,1,492033,28.95,2008,43,16.84,26.99
73324,Historical,113108,0,0,S,2,1,81500,99.95,2009,46,38.97,55.25
73325,Historical,539889,0,0,S,2,1,32266,54.95,2012,46,34.74,41.69
73326,Historical,663362,0,0,S,4,1,105972,34.99,2013,28,23.3,59.11
73328,Historical,614969,0,0,S,5,1,45522,187.25,2013,90,26.08,46.88
73329,Historical,528103,0,0,S,3,1,2173948,129.75,2009,40,5.36,13.99
73330,Historical,628795,0,0,S,1,0,929558,72.99,2008,15,0,62.16
73332,Historical,862169,0,0,S,4,1,290593,75.95,2014,62,32.98,43.64
73333,Historical,624401,0,0,S,3,1,452206,41.95,2007,21,32.99,21.99
73334,Historical,553074,0,0,S,1,0,661897,96.13,2012,39,0,21.9
73335,Historical,245050,0,0,S,1,0,1229076,135.95,2005,19,0,16.23
73336,Historical,639756,1,3,S,0,0,147756,105.75,2012,27,13.58,55.46
73337,Historical,56324,0,0,S,8,1,996065,49.95,2003,43,76.34,13.92
73338,Historical,539442,0,0,S,2,1,268978,76.2,2013,53,35.52,62.11
73339,Historical,867196,0,0,S,7,1,208989,99.95,2014,43,45.31,63.94
73340,Historical,2610709,0,0,S,2,1,746537,41.99,2000,19,36.79,69.47
73342,Historical,231325,0,0,S,3,1,2164682,39.95,1999,18,23.99,28.99
73343,Historical,645394,0,0,S,3,1,1000507,41.95,2013,24,7.36,21.96
73344,Historical,624490,0,0,S,0,0,19917,60,2003,48,41.25,37.12
73345,Historical,180690,0,0,S,3,1,2016124,49.95,2009,18,45.07,68.88
73346,Historical,253957,0,0,S,2,1,3826215,44.95,2008,13,45.07,59.07
73347,Historical,166554,0,0,S,4,1,42174,244.5,2009,72,39.69,67.34
73348,Historical,109735,0,0,S,3,1,2684866,11.61,2007,36,25.89,7
73350,Historical,192477,0,0,S,2,1,1048511,92.95,2005,46,4.66,28.99
73351,Historical,543138,0,0,S,4,1,26623,62.95,2012,39,38.98,37.81
73352,Historical,1827266,0,0,S,3,1,524933,103.95,2015,12,0,69.99
73353,Historical,538513,1,5,S,3,1,19092,135.25,2013,103,23.98,47.45
73354,Historical,528093,0,0,S,7,1,84395,48.95,2012,45,22.99,26.92
73355,Historical,661106,0,0,S,3,1,146390,43,2011,20,18.97,30.65
73356,Historical,245112,0,0,S,1,0,370960,112.95,2005,22,0,98.81
73357,Historical,297855,0,0,S,15,1,2219138,19.5,2009,20,12.97,20.47
73358,Historical,334689,0,0,S,3,1,6449779,82,1995,16,100.82,30.49
73359,Historical,877261,0,0,S,2,1,1587165,52.57,1990,19,88.48,51.15
73360,Historical,609990,0,0,S,13,1,35946,55,2014,39,37.72,23.69
73361,Historical,106335,0,0,S,9,1,2070268,44.95,2006,32,37.72,8.96
73362,Historical,867379,0,0,S,5,1,213075,67,2014,28,46.53,50.23
73363,Historical,872495,0,0,S,2,1,1346644,154.95,2003,43,101.28,11.99
73365,Historical,618263,0,0,S,8,1,747403,241.95,2010,45,25,59.97
73366,Historical,1437843,0,0,S,6,1,208307,27.93,2006,28,64.12,21.51
73367,Historical,795500,0,0,S,5,1,1846063,301.95,2012,56,4.7,23.24
73368,Historical,521056,0,0,S,6,1,43275,69.95,2012,33,42.99,45.94
73370,Historical,506053,0,0,S,4,1,126244,98.99,2012,56,26.35,62.99
73371,Historical,57084,1,1,S,1,0,686324,86.95,2002,36,70.94,17.94
73372,Historical,408178,0,0,S,2,1,399189,99.95,2009,26,0,0
73373,Historical,200104,0,0,S,4,1,283303,160.95,2006,88,18.4,35.65
73374,Historical,775991,0,0,S,4,1,1342380,217,2006,22,15.66,66.3
73375,Historical,528082,0,0,S,5,1,71264,42.95,2011,25,33.99,29.57
73376,Historical,106168,0,0,S,4,1,121126,23.95,2005,48,5.61,12.68
73377,Historical,624532,0,0,S,2,1,305576,203.95,1999,41,37.45,91.76
73378,Historical,101307,0,0,S,2,1,1050173,168.95,2000,24,0,75.95
73379,Historical,541641,0,0,S,4,1,105072,48.95,2007,69,23.99,13.99
73380,Historical,906888,0,0,S,3,1,216194,55.95,2014,21,49.02,39.23
73381,Historical,553075,0,0,S,5,1,735677,94.2,2011,87,4.87,16.95
73382,Historical,613557,0,0,S,4,1,2864155,77.95,2007,46,4.87,12.98
73383,Historical,2257045,1,1,S,2,1,2706962,69.53,2008,24,65.99,62.74
73384,Historical,416634,0,0,S,2,1,425555,135.25,2012,41,16.07,37.54
73386,Historical,543014,0,0,S,0,0,32358,80.99,2007,202,10.97,38.94
73387,Historical,2271116,0,0,S,6,1,645463,49.24,2011,42,0,31.42
73388,Historical,868260,0,0,S,2,1,46648,82.95,2014,37,55.93,52.94
73389,Historical,609193,0,0,S,4,1,3521628,54.95,2004,40,28.86,12.48
73390,Historical,867743,1,1,S,7,1,13270,48.95,2014,46,30.68,31.74
73391,Historical,61242,0,0,S,4,1,1143240,115.4,1996,39,4,43.66
73392,Historical,54507,0,0,S,3,1,1086017,83.8,2004,83,70.84,13.98
73393,Historical,245251,0,0,S,2,1,117674,153.95,2007,44,15.99,110.35
73394,Historical,2257134,0,0,S,7,1,581296,50.68,2011,34,57.47,23.68
73395,Historical,111131,0,0,S,3,1,104961,150,2009,44,14.98,119.28
73396,Historical,650169,0,0,S,2,1,929653,158.5,2012,16,0,135.37
73397,Historical,620266,0,0,S,3,1,246412,118.05,2009,39,14.98,38.98
73398,Historical,919459,0,0,S,2,1,110782,52.95,2014,36,25.17,47.57
73399,Historical,864695,1,1,S,8,1,23716,98.2,2014,79,48.99,53.27
73400,Historical,253864,0,0,S,6,1,1153806,114.95,2008,19,28.99,78.99
73401,Historical,56650,0,0,S,4,1,124048,174.95,2006,101,79.7,53.99
73402,Historical,204109,0,0,S,3,1,139522,50.99,2008,49,9.4,25.41
73403,Historical,248954,0,0,S,8,1,2185636,104.95,2007,8,82.18,102.99
73405,Historical,211036,0,0,S,4,1,983701,91.5,2009,14,0,289.11
73406,Historical,864696,1,2,S,5,1,55163,68.95,2014,53,33.42,42.13
73407,Historical,543142,0,0,S,7,1,14272,75.95,2012,74,31.72,43.61
73408,Historical,533567,0,0,S,7,1,21926,64.95,2012,68,31.72,39.27
73409,Historical,545727,0,0,S,2,1,57496,77.99,2011,26,18.93,43.11
73410,Historical,788239,0,0,S,2,1,1266647,140.95,2002,25,48.98,58.29
73411,Historical,778959,0,0,S,3,1,307534,108.75,2009,91,8.49,14.34
73412,Historical,253971,0,0,S,7,1,173759,92.95,2011,42,15.35,15.28
73413,Historical,618551,0,0,S,2,1,375377,96.99,2012,54,6.93,60.78
73414,Historical,2602827,0,0,S,2,1,3760100,49.99,1997,22,44.06,18.48
73415,Historical,636833,0,0,S,3,1,1947197,59.95,1995,19,84.73,69.78
73417,Historical,495599,0,0,S,8,1,392658,164,2008,160,4,19.94
73418,Historical,117426,0,0,S,2,1,61917,42.95,2007,60,28.79,38.99
73419,Historical,57987,0,0,S,3,1,2063438,106.95,2003,54,136.79,13.99
73420,Historical,60646,0,0,S,7,1,966702,115,2004,64,4,17.95
73421,Historical,539459,0,0,S,3,1,12014,56.2,2013,53,28.79,35.02
73422,Historical,52531,0,0,S,6,1,1296169,103,2003,113,89.49,9.57
73424,Historical,538271,0,0,S,2,1,27775,30,2013,63,17.59,15.32
73425,Historical,495606,0,0,S,8,1,94225,164,2008,97,4,20.34
73426,Historical,1455916,0,0,S,6,1,1250792,105.2,2014,11,0,77.28
73427,Historical,1779355,0,0,S,1,0,159529,19.99,2013,52,14.72,4
73428,Historical,598352,0,0,S,2,1,401479,116.95,2006,24,0,0
73429,Historical,919923,0,0,S,11,1,860438,29.95,2004,54,41.42,40.75
73430,Historical,566160,0,0,S,3,1,128780,76,2009,36,48.73,53.85
73431,Historical,645032,0,0,S,2,1,1198721,75,2012,35,36.53,67.23
73432,Historical,175106,0,0,S,2,1,949609,34.99,2010,24,21.26,24.16
73433,Historical,657115,0,0,S,3,1,283673,55,2012,30,33.99,28.81
73434,Historical,203380,0,0,S,5,1,1080505,57.99,2002,22,42.6,115.42
73435,Historical,2120444,0,0,S,3,1,74101,39.95,2014,17,26.15,27.81
73436,Historical,126466,0,0,S,1,0,263824,49.95,2005,40,21.25,23.94
73437,Historical,107426,0,0,S,4,1,85878,79.91,2001,42,63.99,93.54
73438,Historical,1587790,0,0,S,2,1,1022982,44.99,2008,25,28.59,31.39
73439,Historical,620442,0,0,S,0,0,289997,49.95,1986,48,0,27.94
73440,Historical,1936395,0,0,S,19,1,11963,57.99,2014,12,47.97,34.82
73441,Historical,617367,0,0,S,2,1,411904,144.6,2010,46,3.99,36.98
73442,Historical,454318,0,0,S,3,1,1718186,64.99,2008,25,19.89,28.99
73444,Historical,203584,0,0,S,8,1,2062127,44.95,2005,106,22.28,7.4
73445,Historical,919894,1,1,S,13,1,81826,61.99,2014,68,28.74,31.24
73446,Historical,203583,0,0,S,10,1,1740639,46.95,2005,67,28.74,21.98
73447,Historical,2027033,1,1,S,0,0,469605,45,2012,17,24.35,24.9
73448,Historical,861529,0,0,S,2,1,183933,104,2013,28,56.24,80.46
73449,Historical,271497,0,0,S,3,1,1576551,66.95,2008,22,28.04,61.57
73450,Historical,633890,0,0,S,3,1,53240,34.98,2012,47,24.87,32
73451,Historical,658420,1,1,S,5,1,34055,34.98,2011,35,23.92,33.21
73452,Historical,602716,0,0,S,4,1,75176,34.98,2010,36,25.6,31.2
73453,Historical,191843,0,0,S,2,1,689099,220.03,1999,26,6.99,46.65
73454,Historical,2314741,0,0,S,5,1,304033,75.95,1991,41,0,12.69
73455,Historical,1814830,0,0,S,0,0,61910,15.99,2012,51,19.2,8.4
73456,Historical,721566,0,0,S,1,0,1287766,85,2006,18,24.29,69.1
73457,Historical,633721,0,0,S,18,1,406475,37.5,2013,22,0,54.99
73458,Historical,533387,0,0,S,9,1,76283,128.8,2012,47,40.21,86.97
73459,Historical,640009,0,0,S,2,1,183435,48,2011,33,31.06,26.3
73460,Historical,577049,0,0,S,5,1,1770462,228.95,2001,41,5.98,40.52
73461,Historical,1476386,0,0,S,4,1,2594934,85,2014,14,61.81,55.86
73462,Historical,553610,0,0,S,6,1,118473,121.6,2008,129,33.98,41.99
73463,Historical,539373,0,0,S,3,1,30596,56.2,2012,40,25.09,33.99
73464,Historical,552877,0,0,S,2,1,227298,42.95,2007,65,25.09,38.78
73465,Historical,528050,1,1,S,2,1,383755,62.8,2008,61,15.45,30.81
73466,Historical,555794,0,0,S,3,1,320423,83,2010,29,70.4,68.94
73467,Historical,117221,0,0,S,9,1,120752,200.4,2006,51,74.09,74.04
73468,Historical,865016,0,0,S,2,1,215033,42,2012,27,27.56,28.3
73469,Historical,655249,0,0,S,4,1,139680,115,2013,32,58.84,76.17
73470,Historical,502374,0,0,S,3,1,193021,120,2009,35,43.89,68.28
73471,Historical,236642,0,0,S,13,1,390160,65,2001,32,119.33,45.62
73472,Historical,236646,0,0,S,2,1,252389,37.5,2003,135,9.33,13.42
73473,Historical,1735349,0,0,S,1,0,606075,38.95,2006,14,23.44,18.93
73474,Historical,665423,0,0,S,3,1,225514,44,2012,22,35.99,44
73475,Historical,860118,0,0,S,3,1,292019,35,2010,86,20.72,24.28
73476,Historical,143034,0,0,S,2,1,141804,43,2008,25,24.86,42.99
73477,Historical,864279,0,0,S,1,0,306749,95,2012,34,0,0
73479,Historical,866128,1,1,S,11,1,77131,27.95,2003,233,4.85,8.91
73480,Historical,528042,0,0,S,0,0,12397,13.95,2010,29,10.97,10.32
73481,Historical,543484,0,0,S,2,1,71967,39.95,2012,40,17.95,29.4
73482,Historical,613476,0,0,S,4,1,1048321,181.25,1997,74,0,30.99
73483,Historical,547886,0,0,S,0,0,182967,156,1995,107,4.67,23.71
73484,Historical,547891,0,0,S,7,1,984952,75.92,1998,90,5.99,9.22
73485,Historical,57715,0,0,S,10,1,2058862,89,2003,37,91.48,6.97
73486,Historical,534254,0,0,S,10,1,2891431,89,2003,27,84.14,13.99
73487,Historical,1519174,0,0,S,13,1,65684,47.95,2015,20,49.94,42.42
73488,Historical,789557,0,0,S,2,1,427224,82.99,2006,27,9.94,7.03
73489,Historical,184505,0,0,S,1,0,678065,61.95,2003,27,0,40.17
73490,Historical,846454,0,0,S,0,0,2455215,76.28,1993,29,4.19,52.87
73491,Historical,848947,0,0,S,0,0,829261,89.59,1998,117,4.19,10.85
73493,Historical,2016652,0,0,S,3,1,27614,21.95,2009,54,0,11.96
73494,Historical,634701,0,0,S,3,1,416281,67.99,2010,35,51.68,48.76
73495,Historical,246270,0,0,S,3,1,92667,47.95,2004,44,0,0
73497,Historical,105881,0,0,S,2,1,1395718,100,2003,30,86.22,103.14
73499,Historical,565089,0,0,S,2,1,492073,48.95,2008,47,22.89,45.25
73500,Historical,1707782,0,0,S,4,1,563207,45,2014,22,31.54,34.46
73501,Historical,528035,0,0,S,2,1,231340,74.95,2008,44,12,40.24
73502,Historical,616240,0,0,S,4,1,241845,80.8,1991,45,14.25,32.39
73504,Historical,2113733,0,0,S,2,1,720452,49.99,2013,14,11.49,49.7
73505,Historical,2378258,0,0,S,5,1,2160089,79,1996,29,4.39,19.45
73506,Historical,176831,0,0,S,2,1,94031,101.95,1999,28,0,77.9
73507,Historical,560233,0,0,S,5,1,1460935,103.95,1994,50,170.48,8.58
73509,Historical,891006,0,0,S,2,1,59250,45,2015,17,49.53,33.39
73510,Historical,2387458,1,1,S,5,1,849909,176.23,1965,18,141.98,83.72
73511,Historical,911668,0,0,S,4,1,71661,29.95,2015,30,30.6,21.27
73512,Historical,649582,0,0,S,2,1,168268,37,2013,18,30.18,29.68
73513,Historical,120349,0,0,S,8,1,265213,171.6,2008,64,47.93,63.82
73515,Historical,117272,1,1,S,5,1,81695,116.2,2005,23,0,0
73516,Historical,118737,0,0,S,10,1,471554,135.2,2008,58,21.29,19.2
73517,Historical,705702,0,0,S,11,1,229861,73.36,2011,18,93.99,75.33
73518,Historical,53967,0,0,S,8,1,848727,12.99,2003,98,93.99,6.97
73519,Historical,647114,0,0,S,2,1,531805,80,2012,34,20.68,56.41
73520,Historical,162767,0,0,S,2,1,542812,95,2010,41,26.31,43.99
73521,Historical,266393,0,0,S,2,1,961692,39.95,2010,28,36.76,39.95
73522,Historical,663324,0,0,S,3,1,133054,99,2013,42,33.99,56.5
73523,Historical,208589,0,0,S,2,1,729787,103,1997,18,66.56,33.99
73524,Historical,1935405,0,0,S,3,1,52353,84,2014,34,0,46.4
73525,Historical,606843,0,0,S,11,1,618087,65.72,2002,25,26.23,40.8
73526,Historical,2258775,0,0,S,9,1,316676,116.33,2009,25,37.67,122.86
73527,Historical,3225981,0,0,S,7,1,1135823,24.54,2003,49,37.67,19.91
73528,Historical,1840688,0,0,S,4,1,111641,52.99,2009,34,41.87,23.98
73529,Historical,1840689,0,0,S,5,1,97444,49.99,2011,51,36.79,29.93
73530,Historical,1927595,0,0,S,6,1,126917,55,2015,12,46.54,45.81
73531,Historical,130098,0,0,S,2,1,273646,79.99,2002,50,33.23,33.94
73532,Historical,634700,0,0,S,2,1,145020,41.95,2009,14,0,39.06
73533,Historical,2613048,0,0,S,0,0,1042125,115,2001,33,0,59.98
73536,Historical,660649,0,0,S,7,1,644571,100,2013,48,16.14,21.58
73537,Historical,56188,0,0,S,2,1,1109070,54.95,2009,112,46.33,8.33
73539,Historical,2170638,0,0,S,5,1,39530,11.95,2007,23,0,8.54
73540,Historical,906585,0,0,S,5,1,143545,36.95,2014,16,38.46,32.45
73541,Historical,896899,0,0,S,2,1,760177,73.99,2014,19,33.54,49.63
73544,Historical,212305,0,0,S,4,1,837591,182.4,1997,29,5.14,47.81
73545,Historical,617896,0,0,S,2,1,1543782,103.95,1994,38,0,45.6
73546,Historical,616199,0,0,S,2,1,411330,144.95,2007,38,44.54,48.62
73547,Historical,51661,0,0,S,8,1,129846,155.6,2003,49,138.97,18.99
73548,Historical,904629,0,0,S,4,1,3675982,111.51,2004,6,57.33,60.79
73549,Historical,609334,0,0,S,6,1,2263398,60,2001,33,49.86,18.98
73550,Historical,55205,0,0,S,9,1,257549,100,2010,47,49.86,22.98
73551,Historical,615519,0,0,S,10,1,397883,66.91,2009,29,24.2,58.99
73552,Historical,545717,0,0,S,6,1,67011,51.99,2013,27,27.97,28.75
73553,Historical,566767,1,5,S,1,0,23262,251.5,2013,51,0,0
73554,Historical,505964,0,0,S,3,1,280957,67.99,2012,37,23.41,41.94
73555,Historical,51492,0,0,S,5,1,2107642,8.93,2001,75,102.99,5.92
73556,Historical,879177,0,0,S,0,0,577533,199.55,2008,51,120.98,9.95
73558,Historical,415942,0,0,S,2,1,134225,22,2012,85,6.99,9.47
73559,Historical,294022,1,1,S,6,1,497768,190.95,1998,66,4.02,29.49
73560,Historical,617437,1,1,S,1,0,333786,175.95,2003,71,0,35.61
73561,Historical,113626,0,0,S,2,1,217658,117.6,2002,32,0,0
73562,Historical,552996,0,0,S,2,1,482186,66.8,2006,35,0,0
73563,Historical,609996,0,0,S,14,1,226637,38,2013,35,10.89,15.53
73564,Historical,540785,1,7,S,4,1,120583,158.2,2013,36,84.9,98.99
73565,Historical,434979,0,0,S,3,1,942826,129,2010,33,84.9,48.94
73566,Historical,634662,0,0,S,2,1,435080,64,2008,16,0,127.53
73567,Historical,262874,0,0,S,2,1,1002054,109.95,2002,35,0,0
73568,Historical,621460,0,0,S,3,1,327216,170.8,2003,31,43.63,85.99
73569,Historical,859161,0,0,S,5,1,1593860,220.6,2004,34,4.76,42.3
73570,Historical,563749,0,0,S,3,1,227286,140,1992,58,0,38.24
73571,Historical,626732,0,0,S,3,1,1245275,122.5,1980,25,4.39,53.01
73572,Historical,548161,0,0,S,8,1,799972,224.95,2001,52,128.99,9.52
73573,Historical,617942,0,0,S,3,1,486569,50,2012,62,84.99,19.19
73574,Historical,561968,0,0,S,1,0,1125626,300.95,2008,25,0,0
73576,Historical,918078,0,0,S,20,1,89381,207.5,2014,28,117.92,72
73577,Historical,537938,0,0,S,6,1,3709636,169.95,2002,45,56.68,13.94
73578,Historical,107652,0,0,S,5,1,651453,117.81,2002,42,138.38,38.89
73579,Historical,640091,0,0,S,2,1,1593689,164,2012,16,103.99,95.43
73580,Historical,574370,0,0,S,1,0,49668,266.75,2012,31,0,138.99
73581,Historical,603394,0,0,S,2,1,2318017,99.95,2008,13,5.52,62.95
73582,Historical,625602,0,0,S,1,0,87996,276.25,2013,30,0,48.99
73583,Historical,154417,0,0,S,11,1,77079,197.75,2003,53,4.99,28.36
73584,Historical,558667,0,0,S,3,1,374906,57.87,1997,41,0,50.46
73585,Historical,252653,0,0,S,2,1,1172362,125.15,2008,30,84.99,167.61
73586,Historical,329824,0,0,S,13,1,821270,153.33,2007,37,12.79,72.93
73587,Historical,620345,0,0,S,7,1,936331,170.67,2005,27,14.74,85.91
73588,Historical,50151,0,0,S,5,1,256974,140,2000,128,73.96,8.11
73589,Historical,101303,0,0,S,2,1,452345,226.95,2004,27,0,0
73590,Historical,608066,0,0,S,4,1,1974175,263.95,2004,35,144.01,53.85
73591,Historical,528018,0,0,S,2,1,682664,75,2008,26,38.97,58.99
73592,Historical,528013,0,0,S,6,1,10426,302.95,2012,39,102.89,123.99
73593,Historical,148583,0,0,S,10,1,695977,229.95,2007,27,57.61,19.49
73594,Historical,638021,0,0,S,8,1,113286,165.8,2013,18,0,0
73595,Historical,528016,0,0,S,19,1,1051798,38.99,2011,23,0,29.79
73596,Historical,57591,0,0,S,0,0,1277849,111.25,1996,29,123.99,47.16
73597,Historical,908439,0,0,S,4,1,1882273,136,1998,26,14.78,30.5
73598,Historical,178222,0,0,S,3,1,763811,173.95,1997,40,5.98,21.99
73599,Historical,608623,0,0,S,2,1,622569,184.95,1992,36,5.98,40.91
73600,Historical,108696,1,2,S,2,1,355633,500.74,2003,40,195.76,49.3
73601,Historical,566383,0,0,S,2,1,137647,143.25,2002,28,46.52,88.9
73602,Historical,164541,0,0,S,2,1,175398,0,2001,39,139.9,48.99
73604,Historical,251129,0,0,S,1,0,1266685,74.95,2007,37,0,19.96
73605,Historical,526160,0,0,S,1,0,475788,39.99,2011,46,0,23.41
73606,Historical,291733,0,0,S,1,0,946948,146.95,2010,41,0,24.36
73607,Historical,178937,0,0,S,1,0,718864,74.95,2010,51,0,20.94
73608,Historical,1625254,0,0,S,1,0,482166,59.99,2014,28,40.48,41.85
73609,Historical,54504,0,0,S,1,0,926565,134.95,2007,88,0,7.17
73610,Historical,612982,0,0,S,1,0,644413,179.95,2007,97,0,13.9
73611,Historical,56652,0,0,S,1,0,911832,146.95,2007,83,0,16.91
73612,Historical,178952,1,1,S,1,0,287580,134.95,2010,87,0,19.86
73613,Historical,254153,1,1,S,1,0,39474,179.95,2011,82,0,34.97
73614,Historical,1633872,0,0,S,1,0,418076,49.99,2013,45,16.69,33.92
73615,Historical,527997,0,0,S,1,0,745334,82.95,2010,88,0,11.97
73616,Historical,642058,0,0,S,1,0,58868,79.95,2013,36,0,64.47
73618,Historical,624658,1,5,S,1,0,16938,134.95,2013,74,0,36.98
73619,Historical,663295,1,1,S,1,0,16481,179.95,2013,43,0,73.94
73620,Historical,544782,1,2,S,1,0,160064,82.95,2013,50,0,41.93
73621,Historical,113586,0,0,S,1,0,1244304,57.6,2002,29,0,41.9
73622,Historical,1633901,0,0,S,1,0,520584,49.99,2013,19,6.38,31.32
73623,Historical,631572,0,0,S,1,0,466868,59.99,2010,44,6.38,23.89
73624,Historical,178676,0,0,S,1,0,541628,179.95,2010,26,0,61.26
73625,Historical,178677,0,0,S,1,0,1027743,134.95,2010,24,0,89.92
73626,Historical,178951,0,0,S,1,0,536306,146.95,2010,33,0,52.99
73627,Historical,178953,0,0,S,1,0,710876,77.95,2010,53,5.65,27.51
73628,Historical,193881,0,0,S,2,1,784959,69.99,2007,32,0,22.95
73629,Historical,298518,0,0,S,3,1,283467,156.95,2007,40,4,22.69
73630,Historical,250130,0,0,S,1,0,1127371,222.95,2007,63,75.29,35.99
73631,Historical,291735,0,0,S,1,0,73028,115.95,2010,76,0,38.93
73632,Historical,529589,0,0,S,0,0,1271176,115.95,2009,82,0,7.76
73633,Historical,148775,0,0,S,1,0,938356,118.95,2009,127,0,8.86
73634,Historical,120150,0,0,S,2,1,1382287,147,2009,30,4,6.22
73635,Historical,251194,0,0,S,1,0,1187373,238.95,2007,61,0,23.89
73636,Historical,251175,0,0,S,1,0,1175248,234.95,2007,68,0,8.98
73637,Historical,254151,1,1,S,1,0,172509,222.95,2010,52,75.29,38.89
73638,Historical,615752,0,0,S,0,0,421929,10.99,2011,79,5.75,9.99
73639,Historical,178941,0,0,S,1,0,126082,123.95,2010,83,78.98,12.99
73640,Historical,244141,0,0,S,1,0,200818,119.95,2011,59,0,0
73641,Historical,178936,0,0,S,1,0,837976,174.95,2010,70,0,64.8
73642,Historical,612945,0,0,S,1,0,1156033,219.95,2009,78,0,13.78
73643,Historical,254144,0,0,S,1,0,401640,219.95,2010,66,0,12.21
73644,Historical,291702,0,0,S,0,0,503387,161.95,2010,20,4,131.17
73645,Historical,527983,0,0,S,1,0,432563,191.95,2010,38,4,102.99
73647,Historical,254146,0,0,S,1,0,807441,180.95,2010,82,0,26.49
73648,Historical,767008,1,1,S,1,0,780719,69.95,2011,84,10.47,38.97
73649,Historical,655178,1,3,S,1,0,35887,222.95,2013,55,75.29,128.9
73651,Historical,632003,0,0,S,0,0,55871,135.9,2014,28,81.43,87.76
73652,Historical,660772,1,1,S,0,0,45988,66.99,2013,25,0,53.98
73653,Historical,866691,1,1,S,1,0,90414,49.94,2013,49,50.05,20.59
73654,Historical,632053,0,0,S,1,0,184252,123.95,2013,49,78.98,73.53
73655,Historical,637605,0,0,S,1,0,52471,115.95,2013,71,0,69.08
73656,Historical,544731,1,8,S,1,0,7958,183.95,2013,89,0,96.21
73657,Historical,544768,0,0,S,1,0,35042,180.95,2013,45,0,76.98
73658,Historical,861538,1,1,S,1,0,14528,74.95,2013,42,10.47,45.14
73659,Historical,544767,1,14,S,1,0,1602,213.95,2013,146,0,53.99
73660,Historical,250158,0,0,S,1,0,1240755,123.95,2007,51,78.98,5.22
73661,Historical,110553,0,0,S,1,0,369505,67.21,2010,107,6.56,36.93
73664,Historical,250131,0,0,S,1,0,1159105,177.95,2007,53,12.84,12.74
73665,Historical,545331,0,0,S,1,0,353211,160.95,2010,30,12.84,53.78
73666,Historical,658043,0,0,S,1,0,70333,146.95,2013,51,0,65.94
73667,Historical,250140,0,0,S,1,0,1148379,82.95,2007,68,0,0
73669,Historical,250132,0,0,S,1,0,1424189,222.95,2007,30,4.13,8.99
73670,Historical,250143,0,0,S,1,0,1164707,179.95,2007,50,0,10.06
73671,Historical,250141,0,0,S,1,0,1277052,82.95,2007,32,0,15.92
73672,Historical,663231,0,0,S,1,0,130948,44.99,2013,45,23.76,30.98
73673,Historical,193905,0,0,S,1,0,418047,44.99,2010,86,23.76,29.09
73674,Historical,544771,0,0,S,1,0,331878,90.95,2013,20,0,50.34
73675,Historical,542286,0,0,S,1,0,405831,146.95,2010,65,4.17,23.79
73676,Historical,250136,0,0,S,1,0,959889,179.95,2007,92,0,19.96
73677,Historical,250134,0,0,S,1,0,1196912,82.95,2007,84,0,5.49
73678,Historical,250135,0,0,S,1,0,1059145,134.95,2007,45,0,21.4
73680,Historical,178682,0,0,S,1,0,799326,134.95,2010,50,56.4,20.99
73681,Historical,776891,0,0,S,1,0,694770,54.99,2010,50,27.32,9.94
73682,Historical,776990,0,0,S,1,0,327186,49.99,2013,20,27.32,26.31
73683,Historical,544783,0,0,S,1,0,1272461,87.95,2013,31,7.34,10.98
73684,Historical,544717,0,0,S,1,0,276084,45.95,2013,16,0,30.77
73685,Historical,646943,1,1,S,1,0,205245,81.95,2013,35,0,28.99
73686,Historical,544778,1,2,S,1,0,253419,82.95,2013,30,0,57.74
73687,Historical,613684,0,0,S,1,0,651191,179.95,2007,69,57.96,11.48
73688,Historical,610179,0,0,S,1,0,304077,79.95,2013,38,0,48.99
73689,Historical,622244,0,0,S,3,1,1044270,62,2006,49,0,0
73690,Historical,106660,0,0,S,4,1,684480,42,2008,43,0,20.34
73691,Historical,630529,0,0,S,4,1,66699,53,2012,41,0,27.66
73692,Historical,637711,0,0,S,1,0,20025,49.99,2012,58,34.97,30.86
73694,Historical,184088,0,0,S,3,1,1331194,152.95,2006,19,0,27.99
73695,Historical,614846,0,0,S,1,0,229283,172.95,2008,49,0,11.47
73696,Historical,178653,0,0,S,1,0,923661,160.95,2010,37,0,34.93
73697,Historical,612761,0,0,S,1,0,88893,44.99,2013,35,28.37,29.98
73698,Historical,867290,0,0,S,1,0,232325,44.99,2010,47,28.37,15.21
73699,Historical,254170,0,0,S,1,0,909138,91.95,2010,40,0,0
73700,Historical,254169,0,0,S,1,0,233525,185.95,2010,31,0,40.18
73701,Historical,527968,0,0,S,1,0,555186,81.95,2010,50,46.73,39.89
73702,Historical,613397,0,0,S,1,0,513128,41.95,2010,90,5.98,6.84
73703,Historical,644572,0,0,S,6,1,37946,39.99,2012,82,0,27.64
73704,Historical,527973,0,0,S,5,1,792415,69.99,2009,41,23.48,13.94
73705,Historical,193808,0,0,S,4,1,977286,59.99,2005,67,23.48,28.79
73706,Historical,622246,0,0,S,1,0,179274,39.99,2008,25,9.71,30.79
73708,Historical,608939,0,0,S,3,1,1445754,59.99,2005,30,4,59.71
73709,Historical,1873355,0,0,S,1,0,679919,146.95,2007,65,37.58,8.98
73710,Historical,527986,0,0,S,1,0,1131728,47.95,2010,30,0,0
73711,Historical,527988,0,0,S,1,0,876458,74.95,2010,51,37.58,23.99
73712,Historical,178904,0,0,S,1,0,297643,134.95,2010,65,0,44.17
73713,Historical,527985,0,0,S,1,0,1005665,82.95,2010,91,0,7.69
73714,Historical,544739,0,0,S,1,0,237415,79.95,2013,36,37.58,35.58
73716,Historical,632054,1,1,S,1,0,170709,134.95,2013,39,0,76.94
73717,Historical,623319,1,2,S,1,0,457830,82.95,2013,32,0,38.99
73718,Historical,779013,0,0,S,0,0,89726,0,2013,21,0,98.43
73721,Historical,664683,1,1,S,0,0,481657,0,2014,25,29.16,58.98
73722,Historical,2387632,0,0,S,3,1,3017146,104.6,1996,20,4.76,36.83
73723,Historical,527967,0,0,S,4,1,79017,261.25,2011,56,62.99,59.87
73724,Historical,109206,0,0,S,6,1,134044,67.29,1998,90,24.74,24.44
73725,Historical,308335,0,0,S,2,1,1123078,8.56,2002,44,94.63,45.75
73726,Historical,914396,0,0,S,5,1,610631,58,2013,52,21.94,26.85
73727,Historical,545835,0,0,S,13,1,68633,94,2013,38,42.22,64.27
73728,Historical,285404,0,0,S,7,1,75589,155.75,2010,35,53.99,105.28
73729,Historical,869407,0,0,S,3,1,164558,64.99,2014,33,44.07,48.55
73733,Historical,635560,0,0,S,3,1,180138,80,2013,62,49.18,49.99
73736,Historical,529967,0,0,S,2,1,724325,124.25,2006,64,18.97,24.95
73737,Historical,112158,0,0,S,1,0,34198,89.5,2003,46,18.97,23.99
73738,Historical,609163,0,0,S,8,1,460025,54.95,2003,41,20.49,29.56
73739,Historical,435170,0,0,S,7,1,2063541,361,2008,8,197.48,101.17
73740,Historical,624047,0,0,S,1,0,392996,99.95,2006,20,0,57.84
73741,Historical,527956,0,0,S,5,1,32645,30,2012,61,10.71,17.71
73742,Historical,106965,0,0,S,2,1,3959417,29.99,2003,43,10.71,6.69
73743,Historical,107069,0,0,S,3,1,2345274,29.99,2007,31,10.71,10.74
73744,Historical,527955,1,1,S,4,1,274202,30.2,2012,42,13.58,26.42
73745,Historical,633775,0,0,S,4,1,250980,30,2012,21,0,15.99
73746,Historical,609666,0,0,S,2,1,301714,47.95,2000,58,33.48,12.74
73747,Historical,862288,1,1,S,4,1,33955,54.95,2014,86,33.48,33.38
73748,Historical,609667,1,4,S,4,1,813452,128.95,2002,30,41.13,54.42
73750,Historical,860197,1,2,S,5,1,47956,66.95,2010,36,43.83,57.99
73751,Historical,257989,1,1,S,1,0,324498,143.95,2002,59,0,46.89
73752,Historical,527945,0,0,S,11,1,61166,52.95,2012,37,38.92,45.98
73753,Historical,208564,1,1,S,3,1,322339,205.8,1995,47,43.99,70.96
73754,Historical,670002,0,0,S,7,1,2366987,201,2008,12,146.22,183.81
73755,Historical,2747398,0,0,S,6,1,446043,24.95,2004,33,0,47.9
73757,Historical,1707755,0,0,S,6,1,428352,45,2008,37,33.69,29.09
73758,Historical,586753,0,0,S,2,1,183449,59,2007,40,0,0
73759,Historical,717086,0,0,S,5,1,57765,115.6,2008,43,17.84,53.95
73760,Historical,868089,0,0,S,4,1,1764423,85.6,2005,35,17.84,9
73761,Historical,248840,0,0,S,7,1,463587,49.95,2005,121,4.63,23.99
73762,Historical,626708,1,1,S,2,1,630853,99.95,2012,22,46.27,67.81
73763,Historical,106726,0,0,S,4,1,38259,24,2009,105,7.09,13.33
73764,Historical,167010,0,0,S,1,0,98706,37.95,2005,30,0,21.13
73765,Historical,1845124,0,0,S,2,1,314936,49.95,2006,11,0,41.76
73766,Historical,715932,0,0,S,5,1,1705073,102.88,2011,10,103.98,45.55
73767,Historical,1779354,0,0,S,2,1,167534,70,2013,12,0,41.93
73768,Historical,801839,0,0,S,2,1,1951553,38.95,2008,17,33.99,35.17
73769,Historical,649997,0,0,S,2,1,525333,39.95,2011,18,32.59,25.49
73770,Historical,899022,0,0,S,0,0,557050,46.95,2013,33,43.6,39.8
73771,Historical,644476,0,0,S,2,1,92578,48,2013,44,42.61,34.81
73772,Historical,227086,0,0,S,20,1,2464,16.95,2011,46,7.49,9.74
73773,Historical,630581,0,0,S,2,1,36472,60,2012,43,53.96,40.65
73775,Historical,644016,0,0,S,1,0,1386450,49.95,2008,29,65.45,40.59
73776,Historical,718057,0,0,S,1,0,680869,35,1999,21,22.54,53.75
73777,Historical,861543,0,0,S,2,1,67654,49.95,2014,55,23.8,42.82
73779,Historical,620611,0,0,S,3,1,1284734,97.25,2007,44,85.3,63.99
73780,Historical,628681,0,0,S,3,1,548001,34,2010,29,10.27,25.13
73781,Historical,1766760,0,0,S,2,1,134411,70,2014,17,0,58.97
73782,Historical,660862,0,0,S,2,1,76797,44.99,2013,32,23.99,25.99
73783,Historical,560948,0,0,S,10,1,3645506,36.67,2006,31,5.19,19.94
73784,Historical,540555,0,0,S,11,1,1041310,42,2009,43,5.19,28.98
73785,Historical,113787,0,0,S,3,1,428231,150.6,2001,56,6.88,60.94
73789,Historical,622005,0,0,S,1,0,104451,113.8,2007,47,0,69.78
73790,Historical,1623468,0,0,S,0,0,43326,26,2012,22,22.98,17.25
73791,Historical,705235,0,0,S,4,1,359036,7.98,2005,71,63.87,6.59
73792,Historical,51715,0,0,S,5,1,1486425,13.99,2005,71,63.87,13.99
73793,Historical,339838,0,0,S,3,1,233820,49.95,2009,41,23.95,32.49
73794,Historical,642026,0,0,S,3,1,202316,38,2013,39,17.91,26.67
73795,Historical,669005,0,0,S,0,0,494738,43.95,2012,18,0,0
73796,Historical,619403,0,0,S,4,1,413755,207.95,2007,52,15.99,79.41
73798,Historical,627479,0,0,S,2,1,101093,54.95,2009,56,29.89,45.36
73799,Historical,801436,0,0,S,0,0,137889,89,2007,23,0,52.45
73800,Historical,640977,0,0,S,2,1,272351,112.95,2003,33,70.27,86.92
73801,Historical,642287,0,0,S,2,1,89193,61.95,2011,65,39.94,38.02
73802,Historical,544822,0,0,S,3,1,10406,39.99,2013,47,25.54,24.75
73804,Historical,582766,0,0,S,0,0,306857,39.95,2006,47,19.16,23.68
73805,Historical,661316,0,0,S,0,0,1459594,23.69,2009,27,0,17.48
73806,Historical,2168119,1,1,S,16,1,1522140,0,2013,15,28.95,16.49
73807,Historical,547193,0,0,S,5,1,174929,54.95,2011,31,91.99,83.99
73808,Historical,51482,1,1,S,4,1,500179,59.95,2010,238,57.31,10.47
73809,Historical,229460,0,0,S,2,1,1024080,25,1998,130,12.64,5.99
73810,Historical,544426,1,2,S,4,1,55543,89.95,2013,59,33.98,58.19
73811,Historical,607558,0,0,S,2,1,561391,54.95,1993,60,95.14,8.04
73812,Historical,1522733,0,0,S,2,1,602210,20.95,2008,26,0,11.27
73813,Historical,3070575,0,0,S,2,1,2095387,223,2001,15,93.99,83.9
73814,Historical,624888,0,0,S,2,1,753428,146,2003,37,20.98,47.17
73815,Historical,1932572,0,0,S,2,1,278495,49.99,2014,16,0,30.6
73817,Historical,144471,0,0,S,1,0,268217,100.6,2002,24,0,77.81
73818,Historical,1678720,0,0,S,0,0,1913889,2.99,2008,94,16.21,5.48
73819,Historical,1471846,0,0,S,1,0,755864,12.95,2008,54,16.21,9.81
73820,Historical,1518897,0,0,S,2,1,939297,73.95,2015,19,48.96,50.58
73821,Historical,544055,0,0,S,5,1,851323,66,2013,28,41.48,47.38
73822,Historical,859723,0,0,S,4,1,1725011,109,2008,25,18.08,81.14
73823,Historical,152662,0,0,S,2,1,895337,79.95,2004,45,63.99,30.39
73824,Historical,621121,0,0,S,2,1,1108829,99,2005,36,107.17,68.99
73825,Historical,175297,0,0,S,2,1,624507,39.99,2001,30,27.99,22.93
73826,Historical,527922,0,0,S,2,1,218562,44.95,2010,47,23.88,29.46
73827,Historical,269430,0,0,S,2,1,259427,45,2009,38,34.48,33.99
73828,Historical,264946,0,0,S,2,1,735299,95.95,2011,24,63.46,54.17
73829,Historical,653573,0,0,S,2,1,8673162,105,1994,12,58.99,53.99
73830,Historical,133207,0,0,S,2,1,140403,113.8,2011,42,106.82,52.36
73831,Historical,211807,0,0,S,3,1,89479,27.95,2006,77,80.55,20.15
73832,Historical,108575,0,0,S,10,1,200248,58.99,2005,31,19.98,72.16
73833,Historical,291977,0,0,S,3,1,669473,73.95,1994,111,5.78,59.94
73834,Historical,655332,0,0,S,1,0,393046,65.95,2012,16,0,54.1
73835,Historical,162638,1,2,S,6,1,358227,236.25,2008,42,53.84,70.94
73836,Historical,549853,0,0,S,2,1,163845,34.99,2001,66,4,50.99
73838,Historical,152723,0,0,S,4,1,884902,179,2003,40,111.9,43.98
73839,Historical,142831,0,0,S,3,1,2340354,172,2000,41,4.23,33.57
73840,Historical,860124,0,0,S,0,0,564364,59.99,2010,20,44.41,40.95
73841,Historical,118671,0,0,S,3,1,298370,72,1996,49,0,69.63
73842,Historical,191487,1,1,S,3,1,9854,45,1996,70,0,23.62
73844,Historical,581128,0,0,S,1,0,1369003,52.95,1992,30,0,39.81
73845,Historical,448198,0,0,S,8,1,103737,291.75,2005,43,25.99,60.63
73846,Historical,58507,1,1,S,0,0,1061259,78,2003,44,83.19,35.59
73847,Historical,58506,1,1,S,0,0,932279,65,1999,46,83.19,24.99
73848,Historical,673831,1,2,S,8,1,67571,32,2013,22,14.18,32
73849,Historical,266989,1,1,S,7,1,1208326,26.64,2008,29,14.18,19.93
73850,Historical,565756,0,0,S,1,0,679646,85,2005,39,20.62,52.13
73851,Historical,548181,0,0,S,1,0,119866,91.8,2009,58,46.47,70.47
73853,Historical,548180,1,3,S,1,0,2718682,18.1,2006,18,46.47,10.14
73854,Historical,543134,0,0,S,6,1,97945,108,2012,45,38.89,66.63
73856,Historical,101599,1,5,S,1,0,78183,106.8,2006,203,10.99,22.88
73857,Historical,613934,1,4,S,1,0,356160,97.45,2009,109,21.07,23.67
73860,Historical,548182,0,0,S,1,0,624213,23.35,2006,21,21.07,5.79
73861,Historical,692564,0,0,S,0,0,896144,26.89,2006,18,21.07,13.7
73863,Historical,292003,0,0,S,3,1,150434,57.95,2008,36,21.22,44.33
73864,Historical,208097,0,0,S,2,1,240896,49,2006,15,0,51.88
73865,Historical,578212,0,0,S,2,1,159694,49,2006,16,0,40.01
73866,Historical,906024,0,0,S,4,1,3398447,64,2008,19,55.78,43.98
73867,Historical,286968,0,0,S,3,1,562915,112.95,1999,25,4.4,87.97
73868,Historical,174356,0,0,S,0,0,300352,79.99,2004,25,7781,60.96
73869,Historical,2387884,1,1,S,3,1,2836175,0,1981,40,63.98,47.35
73870,Historical,142930,0,0,S,5,1,641774,130,2004,42,52.06,54.79
73871,Historical,541797,0,0,S,7,1,1738461,60,2013,28,52.97,51.67
73872,Historical,615817,0,0,S,9,1,1953081,117,2000,47,133.99,19.98
73873,Historical,101516,0,0,S,0,0,436605,106.1,2000,57,0,13.98
73874,Historical,124004,0,0,S,1,0,1390550,79.95,2003,41,43.16,23.76
73875,Historical,144850,0,0,S,1,0,178412,129.2,2011,26,0,73.94
73876,Historical,710033,0,0,S,6,1,10439360,84,1999,12,43.5,38.49
73877,Historical,552988,0,0,S,4,1,1410496,169.8,2007,17,48.92,59.05
73878,Historical,545752,0,0,S,3,1,85390,109.99,2012,39,63.92,57.22
73879,Historical,2167485,0,0,S,5,1,31744,47.94,2013,21,27.01,43.94
73880,Historical,181402,0,0,S,2,1,34241,58.95,2003,49,5.47,43.65
73881,Historical,634262,0,0,S,2,1,156124,46.95,1999,23,0,37.9
73882,Historical,212348,0,0,S,3,1,282406,158.2,2000,38,18.37,73.99
73883,Historical,193455,0,0,S,3,1,2333351,142,2006,38,46.42,6
73884,Historical,307884,0,0,S,8,1,2979094,38.6,2007,9,79.71,53.99
73885,Historical,1590035,0,0,S,1,0,426166,49.99,2011,32,0,44.12
73886,Historical,644689,0,0,S,4,1,618881,66,2011,22,53,45.07
73887,Historical,632538,0,0,S,2,1,496067,45.95,2004,71,8.91,38.24
73888,Historical,191898,0,0,S,2,1,1342963,84.55,2002,26,0,79.84
73889,Historical,574354,0,0,S,2,1,752547,221.75,2002,135,0,33.98
73890,Historical,1546686,0,0,S,3,1,1262959,49.95,2011,43,35.09,40.78
73891,Historical,504069,0,0,S,2,1,395703,289,2007,34,303.44,4.02
73892,Historical,527909,0,0,S,3,1,337181,49,2011,38,34.27,40.93
73893,Historical,539928,0,0,S,3,1,17653,49.95,2013,52,39.93,33.49
73894,Historical,622094,1,1,S,2,1,771579,57.95,2001,61,53.26,50.18
73895,Historical,866031,0,0,S,2,1,194353,56.95,2006,23,18.24,45.12
73896,Historical,1553280,0,0,S,3,1,1085933,52.95,2012,31,30.96,50.82
73897,Historical,2543426,0,0,S,2,1,1205401,30.95,2005,20,15.36,30.95
73899,Historical,555807,0,0,S,2,1,156134,34.95,2010,66,20.98,25.32
73900,Historical,871086,0,0,S,2,1,1484219,35,1992,57,13.99,18.34
73901,Historical,130197,0,0,S,8,1,879519,134.4,2002,42,130.87,20.5
73902,Historical,797476,0,0,S,0,0,1257368,79.99,2014,13,24.99,44.26
73903,Historical,872336,0,0,S,5,1,1695094,111.95,1995,38,96.99,51.25
73904,Historical,609107,0,0,S,6,1,1119567,240.95,2000,25,96.99,19.09
73905,Historical,1557362,0,0,S,2,1,1155700,49.95,2014,17,35.03,41.28
73906,Historical,906822,0,0,S,3,1,457209,0,2004,13,0,72.39
73907,Historical,177341,0,0,S,1,0,412909,206.95,2002,40,0,47.99
73908,Historical,912038,1,2,S,0,0,1870111,57,2000,15,73.99,63.94
73909,Historical,616653,0,0,S,2,1,1550652,201.95,2001,39,6.46,42.88
73910,Historical,175209,0,0,S,4,1,938883,120,2004,23,0,83.96
73911,Historical,876228,0,0,S,4,1,38883,49.95,2015,43,51.31,42.99
73912,Historical,564924,0,0,S,1,0,1098308,50.95,2012,18,0,31.74
73913,Historical,106513,0,0,S,4,1,265924,115,2007,29,62.44,73.98
73914,Historical,203522,0,0,S,6,1,1281356,76.99,2003,27,4,23.98
73915,Historical,228991,0,0,S,2,1,18573,53,2009,87,26.61,26.99
73916,Historical,629228,1,1,S,2,1,549988,285.95,1996,35,43.98,73.31
73917,Historical,543882,0,0,S,3,1,33445,225,2012,38,75.1,72.27
73918,Historical,2374215,0,0,S,2,1,782378,173.6,1995,29,8.48,70.97
73919,Historical,2070505,0,0,S,7,1,808928,26.64,2009,16,37.49,17.8
73920,Historical,551868,0,0,S,6,1,548547,145.8,2002,30,38.47,79.95
73921,Historical,56933,0,0,S,2,1,215582,53,2008,72,23.93,48.11
73922,Historical,626134,0,0,S,2,1,1034391,20.69,2011,24,11.88,62.69
73923,Historical,809179,0,0,S,2,1,128133,236.25,2011,37,63.14,102.21
73924,Historical,545195,0,0,S,2,1,193389,49,2012,29,97.75,37.82
73925,Historical,918579,1,1,S,2,1,69488,77,2010,54,63.6,45.16
73926,Historical,191881,0,0,S,2,1,99454,138.25,2002,62,63.98,51.88
73927,Historical,738564,0,0,S,4,1,1026675,43,2012,18,48.83,42
73928,Historical,617009,1,1,S,5,1,403105,79.79,1994,16,0,104.99
73929,Historical,873887,0,0,S,19,1,30062,38.91,2014,16,45.95,51.33
73930,Historical,207726,0,0,S,15,1,1511178,40.95,1999,43,45.95,8.88
73931,Historical,207756,0,0,S,9,1,751351,48.38,2006,13,0,73.98
73932,Historical,1878782,1,1,S,11,1,99995,32.38,2011,22,0,49.29
73933,Historical,1967824,0,0,S,8,1,244792,0,2014,11,0,49.49
73934,Historical,873659,0,0,S,16,1,71984,37.61,2014,11,46.95,52.64
73935,Historical,609944,0,0,S,8,1,8365,56.95,2013,58,43.74,37.18
73936,Historical,880401,1,2,S,6,1,1365678,46.6,1992,75,96.58,30.94
73937,Historical,616418,1,1,S,7,1,804322,55.96,1996,49,96.58,33.91
73938,Historical,880400,1,1,S,5,1,952075,16.85,1988,39,96.58,16.83
73939,Historical,57977,1,7,S,8,1,406234,61,2000,56,96.58,52.98
73940,Historical,640568,0,0,S,2,1,1404721,165,2008,18,153.34,69.65
73941,Historical,689498,0,0,S,8,1,1219122,22.64,2008,9,74.77,19.54
73942,Historical,131857,0,0,S,8,1,873464,132.2,2004,31,71.11,34.91
73943,Historical,527902,0,0,S,2,1,1264214,200.95,2007,33,6.98,54.47
73944,Historical,289779,0,0,S,3,1,117877,44.95,2011,41,26.39,33.64
73945,Historical,2540406,0,0,S,2,1,908829,45.95,2003,44,10.87,38.61
73946,Historical,527901,0,0,S,7,1,458482,75.6,2006,34,41.05,34.63
73947,Historical,649238,0,0,S,4,1,522278,70,2004,34,32.99,44.03
73948,Historical,620399,0,0,S,1,0,457353,76.95,1999,40,28.47,33.99
73949,Historical,876337,0,0,S,4,1,4893329,81.76,2005,11,129.78,46.41
73950,Historical,527899,0,0,S,3,1,987565,66.95,2005,37,37.54,38.96
73951,Historical,1769084,0,0,S,3,1,573661,64.99,2014,25,42.93,44.94
73952,Historical,539810,0,0,S,2,1,195559,65.95,2013,18,17.07,24.81
73953,Historical,597127,1,2,S,10,1,1102576,29.28,2004,28,83.59,36.6
73954,Historical,2070630,0,0,S,11,1,45367,32,2012,23,0,29.44
73955,Historical,266967,0,0,S,11,1,765037,80,2006,42,22.99,32.98
73956,Historical,918768,0,0,S,7,1,457631,92.65,2006,71,31.78,54.64
73957,Historical,853634,1,1,S,0,0,433799,145.87,2002,63,0,23.99
73958,Historical,183305,0,0,S,0,0,317483,105.9,2005,51,0,62.66
73959,Historical,182639,0,0,S,0,0,330919,132.15,2002,41,0,67.48
73960,Historical,684328,0,0,S,2,1,1089910,26.95,2007,24,95.89,19.34
73961,Historical,2648729,0,0,S,2,1,512949,51.95,1999,20,29.98,40.84
73962,Historical,572539,0,0,S,1,0,209753,65.95,2005,22,0,47.17
73964,Historical,330879,0,0,S,2,1,141480,69.95,2008,25,7.49,70.78
73965,Historical,148621,1,1,S,2,1,880115,69.95,2008,14,19.19,65.47
73966,Historical,148619,0,0,S,2,1,931114,69.95,2008,25,4,66.17
73967,Historical,436399,0,0,S,2,1,1199048,66.95,2008,22,4,50.19
73969,Historical,903817,0,0,S,2,1,368446,84.95,2014,20,64.43,65.68
73970,Historical,840051,0,0,S,4,1,1115463,0,2002,39,139.99,64.45
73971,Historical,909905,0,0,S,6,1,23678,49,2014,50,39.98,37.96
73972,Historical,58561,0,0,S,4,1,808353,53,2002,53,39.98,20.29
73973,Historical,875162,0,0,S,7,1,820028,145.53,2013,30,122.94,146.8
73974,Historical,642240,0,0,S,7,1,328751,159.25,2012,45,114.75,78.98
73975,Historical,58570,0,0,S,4,1,1188788,104.08,1999,104,114.75,13.44
73976,Historical,881979,0,0,S,2,1,1660327,165.5,1989,17,318.99,675
73977,Historical,578965,0,0,S,2,1,35258,77.95,2011,42,44.43,42.98
73978,Historical,163208,0,0,S,2,1,514383,109,2011,27,45.98,52.9
73980,Historical,647068,0,0,S,1,0,310446,102.95,2012,27,0,62.01
73982,Historical,636373,0,0,S,2,1,604529,70,2008,22,51.47,51.85
73983,Historical,2261634,0,0,S,4,1,2562328,52.67,2006,44,57.8,94.46
73984,Historical,165946,0,0,S,2,1,273491,47,2001,52,25.76,34.94
73985,Historical,832989,0,0,S,2,1,318739,99.95,1996,27,5.93,60.55
73987,Historical,2231137,0,0,S,0,0,184464,40,2009,12,30.96,35.74
73988,Historical,617656,0,0,S,1,0,62616,59.99,2008,63,0,36.2
73989,Historical,534000,0,0,S,2,1,98686,204.95,2006,52,47.38,62.74
73991,Historical,527887,0,0,S,3,1,152101,97,2010,41,43.96,65.28
73992,Historical,784664,0,0,S,20,1,669842,35,2010,35,13.34,23.99
73994,Historical,111012,0,0,S,10,1,1585257,53.94,2007,21,6.61,34.99
73995,Historical,269245,0,0,S,4,1,677125,74.95,2008,18,79.83,64.15
73996,Historical,111541,0,0,S,3,1,1407132,148.71,2010,18,113.99,111.81
73997,Historical,147956,0,0,S,1,0,238492,297.95,2005,21,0,42.99
73998,Historical,148403,0,0,S,3,1,1177638,134.95,2006,39,4.39,56.25
73999,Historical,105522,0,0,S,2,1,2838884,43.99,2007,18,113.99,33.99
74000,Historical,130246,0,0,S,2,1,2187919,103,1996,29,41.99,44.29
74001,Historical,288587,0,0,S,5,1,2328640,148.67,2004,13,41.99,210.57
74002,Historical,54205,0,0,S,6,1,583726,206.67,2007,34,41.99,78.01
74003,Historical,563486,0,0,S,1,0,3241,15.95,2004,440,0,8.49
74004,Historical,663777,0,0,S,2,1,36726,39.99,2013,16,0,0
74005,Historical,3803224,0,0,S,2,1,85841,44.99,2016,13,0,28.12
74006,Historical,920177,0,0,S,0,0,367146,40.95,2001,29,0,15.5
74008,Historical,1686649,0,0,S,5,1,291,49.95,2014,16,0,31.16
74009,Historical,631687,0,0,S,6,1,427157,66.95,2008,44,26.69,43.98
74010,Historical,721276,0,0,S,3,1,258889,35,2005,32,9.53,16.98
74011,Historical,632615,0,0,S,12,1,2382843,341.5,1998,21,0,28.69
74012,Historical,2613271,0,0,S,2,1,204195,54.99,2001,19,27.02,39.49
74014,Historical,527877,0,0,S,3,1,23700,36.99,2009,96,14.69,16.71
74015,Historical,551753,0,0,S,2,1,456363,139.8,2001,31,15.98,59.73
74016,Historical,576247,0,0,S,1,0,285867,92,1997,24,0,65.97
74017,Historical,177441,1,1,S,9,1,155721,103.95,2003,42,140.97,9.76
74018,Historical,2592599,0,0,S,0,0,259787,54.99,1982,26,0,43.99
74019,Historical,880351,0,0,S,6,1,1679355,42.25,2007,19,78.47,63.18
74020,Historical,675661,0,0,S,3,1,962611,26.95,2008,49,19.97,39.97
74021,Historical,116201,1,1,S,2,1,901835,131.2,2004,39,17.97,46.64
74022,Historical,670463,0,0,S,2,1,76778,43.5,2005,18,4.98,35.56
74023,Historical,137198,0,0,S,0,0,907876,38,2007,23,21.99,25.33
74024,Historical,575309,0,0,S,2,1,331351,38,2012,59,21.97,26.69
74025,Historical,2343112,0,0,S,2,1,3220987,42.6,1992,28,34.69,17.94
74026,Historical,110433,0,0,S,5,1,80515,100.83,2008,42,34.69,89.46
74027,Historical,527876,0,0,S,8,1,166866,231.95,2012,57,5.64,43.37
74028,Historical,177789,0,0,S,7,1,1069717,227.95,2003,48,5.64,33.98
74029,Historical,179158,0,0,S,7,1,118919,121.95,2008,26,42,97.95
74030,Historical,314927,0,0,S,3,1,41019,53.32,2011,26,0,0
74031,Historical,1657768,0,0,S,3,1,1347364,65.19,2008,17,13.99,54.99
74032,Historical,626512,1,1,S,0,0,237555,40,1999,40,43.99,86.03
74034,Historical,2599012,0,0,S,2,1,912260,49.99,1991,33,0,35.97
74035,Historical,543867,0,0,S,2,1,342794,95,2011,25,49.05,48.99
74037,Historical,626391,0,0,S,5,1,147097,48.5,2006,17,0,0
74038,Historical,1441122,1,1,S,6,1,102951,55.25,2012,48,0,29.93
74039,Historical,642107,0,0,S,6,1,40283,55.25,2012,86,47.61,22.49
74040,Historical,538678,0,0,S,6,1,241221,55.25,2012,73,55.39,23.14
74041,Historical,538676,0,0,S,6,1,52624,55.25,2012,38,64.34,30.83
74042,Historical,148944,0,0,S,2,1,59969,38.75,2007,113,7.45,13.99
74043,Historical,922795,0,0,S,2,1,2394144,84.33,1997,73,151.92,10.97
74045,Historical,557631,1,1,S,4,1,770756,88.2,2011,39,41.07,27.66
74046,Historical,540924,1,1,S,3,1,396206,84.95,2008,40,12.53,46.89
74047,Historical,867197,1,2,S,4,1,44149,69.95,2014,39,46.83,44.24
74048,Historical,218490,0,0,S,4,1,2776680,49.95,1998,30,36.96,25.97
74049,Historical,146952,0,0,S,5,1,2196109,54.95,2002,30,36.96,18
74050,Historical,147685,0,0,S,20,1,38528,66.95,2011,49,29.97,48.72
74051,Historical,147636,0,0,S,16,1,736671,47.95,2010,49,14.45,25.92
74052,Historical,607987,0,0,S,14,1,232051,37.95,2004,59,0,23.99
74053,Historical,649502,0,0,S,17,1,263997,48.95,2013,26,0,0
74054,Historical,540916,0,0,S,4,1,420958,53.95,2006,29,6.98,23.99
74055,Historical,541033,0,0,S,11,1,129062,62.95,2013,41,39.92,40.99
74056,Historical,618996,0,0,S,2,1,594727,119,2007,57,17.74,13.98
74057,Historical,608020,0,0,S,8,1,342771,44.95,2006,95,31.88,5.93
74058,Historical,867207,0,0,S,12,1,8336,54.95,2014,46,31.88,32.95
74059,Historical,147215,0,0,S,3,1,222545,61.95,2005,17,0,0
74060,Historical,743601,0,0,S,2,1,876940,56.95,2005,18,17.38,47.74
74061,Historical,147699,0,0,S,2,1,1380929,70.95,2011,21,20.99,52.38
74062,Historical,146950,0,0,S,2,1,1224860,64.95,2002,27,46.37,43.98
74063,Historical,147363,1,1,S,3,1,469415,76.95,2007,30,46.37,33.98
74064,Historical,609928,0,0,S,5,1,100652,57.95,2013,31,36.18,42.03
74065,Historical,540931,0,0,S,2,1,11572,67.95,2010,28,0,0
74066,Historical,527861,0,0,S,3,1,93329,56.95,2008,24,35.89,35.62
74067,Historical,147067,0,0,S,3,1,2228858,56.95,2003,41,63.99,48.07
74068,Historical,874032,0,0,S,3,1,471550,0,2004,40,63.99,75.17
74069,Historical,536378,0,0,S,4,1,23646,46.95,2013,38,26.84,33.99
74070,Historical,2258457,1,1,S,7,1,899751,63.99,2011,30,18.11,51.41
74071,Historical,147232,1,1,S,3,1,718768,54.95,2005,37,30.24,47.05
74072,Historical,55873,0,0,S,2,1,1486689,40.95,2002,96,0,7.45
74073,Historical,629103,0,0,S,5,1,5850,66.95,2013,145,38.71,33.99
74074,Historical,862181,0,0,S,4,1,723773,51.95,2014,25,31.84,36.59
74075,Historical,743323,1,1,S,6,1,2987036,34.95,2001,37,20.87,5.93
74076,Historical,612633,0,0,S,3,1,52819,40.95,2013,17,22.86,31.76
74077,Historical,1517999,0,0,S,19,1,1656111,39.95,2008,10,42.05,33.98
74078,Historical,1519382,1,1,S,29,1,4379,44.95,2015,19,37.29,38.47
74079,Historical,56985,0,0,S,24,1,630845,39.95,2010,102,37.29,6.94
74081,Historical,651997,0,0,S,2,1,359451,39.95,2006,15,4.99,154.28
74082,Historical,2274008,0,0,S,3,1,907140,66.55,2013,44,60.74,60.53
74083,Historical,689091,0,0,S,3,1,63841,27.95,2012,34,13.09,21.79
74084,Historical,684769,0,0,S,3,1,101476,27.95,2012,21,0,0
74085,Historical,147445,0,0,S,6,1,560057,49.95,2007,34,14.61,22.43
74086,Historical,147189,0,0,S,22,1,632169,104.95,2005,107,5.62,28.99
74087,Historical,865320,0,0,S,4,1,3224,26.95,2014,29,18.42,18.49
74088,Historical,743644,0,0,S,1,0,523691,22.95,2005,41,18.42,14.84
74089,Historical,329991,0,0,S,2,1,396067,24.95,2007,43,18.42,13.99
74090,Historical,435253,0,0,S,3,1,171165,25.95,2011,56,18.42,23.99
74091,Historical,876086,0,0,S,0,0,1711518,59.95,2003,34,76.75,27.55
74092,Historical,642295,0,0,S,1,0,1044123,55.95,2011,30,4,12.96
74093,Historical,527855,0,0,S,6,1,1196199,47.95,2006,30,30.73,61.49
74094,Historical,637692,0,0,S,7,1,42927,46.95,2012,80,33.66,29.23
74095,Historical,867200,1,1,S,8,1,33134,47.95,2014,30,31.98,25.2
74096,Historical,2153068,0,0,S,2,1,1954784,78.95,2011,27,4.39,42.91
74097,Historical,743889,0,0,S,5,1,4321332,116.95,2008,6,188.79,23.78
74098,Historical,1518000,0,0,S,2,1,1780288,57.95,2008,9,0,16.99
74099,Historical,540928,0,0,S,3,1,122080,45.95,2010,45,21.99,37.9
74100,Historical,894897,0,0,S,2,1,109285,83.95,2014,23,62.86,59.97
74101,Historical,660737,0,0,S,3,1,6181,62.95,2013,69,43.99,40.92
74102,Historical,147481,0,0,S,6,1,1080008,46.95,2007,46,0,0
74103,Historical,743303,0,0,S,4,1,1307493,35.95,2001,30,16.67,23.98
74104,Historical,288845,1,1,S,7,1,278036,54.95,2010,62,16.67,39.02
74105,Historical,625383,0,0,S,2,1,283052,60.95,2006,27,12.82,41.58
74106,Historical,867931,1,1,S,7,1,147015,69.95,2014,31,85.16,56.39
74107,Historical,631669,0,0,S,1,0,486232,75.95,2008,15,0,61.03
74108,Historical,661652,0,0,S,3,1,550873,35.95,2012,14,11.15,30.58
74109,Historical,540960,0,0,S,3,1,374853,66.95,2012,20,11.15,46.94
74110,Historical,561707,0,0,S,6,1,323336,37.95,2010,80,16.53,26.75
74112,Historical,908900,0,0,S,20,1,10103,16.99,2014,38,9.56,11.68
74113,Historical,2560854,0,0,S,7,1,468250,235.95,1980,40,0,62.37
74114,Historical,135591,0,0,S,2,1,29030,52.95,2007,91,24.76,23.99
74115,Historical,194163,0,0,S,2,1,489948,48,2008,50,25.51,26.01
74116,Historical,1592490,0,0,S,2,1,1728013,245,2008,20,11.73,108.84
74117,Historical,869296,0,0,S,2,1,678840,0,1970,21,39.29,83.98
74118,Historical,213241,0,0,S,1,0,1223333,58.95,2007,21,0,49.2
74119,Historical,644831,0,0,S,7,1,582224,114.06,2002,15,0,0
74120,Historical,213256,0,0,S,3,1,1095413,55.95,2007,28,15.51,53.64
74121,Historical,557168,0,0,S,4,1,504464,141.6,2001,44,8.72,61.99
74122,Historical,546797,0,0,S,3,1,2343,65,2012,90,33.99,34.99
74123,Historical,268487,1,1,S,1,0,10363,35,2007,60,0,23.97
74125,Historical,109659,0,0,S,5,1,829724,69.08,2005,45,0,53.65
74128,Historical,232038,0,0,S,2,1,1014971,52,2000,46,0,11.87
74129,Historical,624691,0,0,S,3,1,13080,96.95,2012,53,57.96,60.11
74131,Historical,1886715,0,0,S,2,1,533335,49.8,2006,25,0,42.29
74132,Historical,259349,0,0,S,2,1,469672,26.64,1999,21,24.24,26.64
74133,Historical,259348,1,2,S,2,1,209375,115.2,1999,32,24.24,58.99
74134,Historical,643318,1,2,S,2,1,623725,90,2010,26,15.78,53.99
74135,Historical,2893910,0,0,S,7,1,578172,29.95,2003,91,21.96,36.82
74136,Historical,157661,0,0,S,1,0,377912,58.95,2011,12,0,43.68
74137,Historical,249828,0,0,S,2,1,427849,52.95,2006,22,12.29,57.44
74138,Historical,232862,0,0,S,2,1,247916,78.25,2004,55,0,12.19
74139,Historical,870561,0,0,S,4,1,672861,115,1998,22,40.08,129.75
74140,Historical,1822483,1,1,S,8,1,851296,164.98,2014,15,0,82.99
74141,Historical,165566,0,0,S,3,1,3806131,76.95,2003,16,56.38,55.95
74142,Historical,651475,0,0,S,3,1,1248289,239.99,2013,26,10.06,45.88
74143,Historical,630062,0,0,S,3,1,482487,76.99,2010,35,58.67,41.29
74144,Historical,758861,0,0,S,2,1,6314496,62.95,1999,15,56.38,48.26
74145,Historical,661323,0,0,S,2,1,1262095,76,2000,14,0,194.2
74146,Historical,254455,0,0,S,4,1,10792,60.99,2011,36,44.66,39.54
74148,Historical,527834,0,0,S,2,1,388078,47.99,2010,19,31.99,34.7
74149,Historical,527832,0,0,S,19,1,143426,24.95,2012,26,0,0
74153,Historical,611907,0,0,S,2,1,190278,59.99,2014,25,39.5,35.62
74154,Historical,155669,0,0,S,2,1,1017267,54.95,2007,33,0,68.29
74155,Historical,624148,0,0,S,0,0,913690,60.95,2005,28,13.3,47.13
74156,Historical,527831,0,0,S,4,1,197234,77.6,2012,25,38.34,59.2
74157,Historical,871743,0,0,S,8,1,532448,103.37,2012,14,69.99,91.11
74158,Historical,909091,0,0,S,16,1,700895,58.5,2011,24,15.99,12.58
74159,Historical,108092,0,0,S,2,1,482142,55.99,2004,33,0,75.73
74160,Historical,108989,0,0,S,2,1,1095335,18.34,2004,18,0,62.67
74161,Historical,51985,0,0,S,6,1,1588625,77.67,2001,73,68.45,8.98
74162,Historical,132560,0,0,S,5,1,183379,146.4,2008,34,36.46,53.98
74163,Historical,612508,0,0,S,4,1,105414,74.95,2013,27,40.61,70.52
74164,Historical,57217,0,0,S,3,1,3133637,68.2,2004,43,71.52,43.69
74165,Historical,665349,0,0,S,3,1,678249,80,2012,17,0,0
74166,Historical,428468,0,0,S,2,1,226022,105.95,2009,41,23.99,73.74
74168,Historical,626071,0,0,S,2,1,637539,49,2005,25,0,37.95
74169,Historical,547015,1,1,S,2,1,149677,60,2011,21,43.91,40.35
74170,Historical,294966,0,0,S,2,1,148056,169.6,2005,33,72.49,117.09
74172,Historical,808160,0,0,S,2,1,1173286,160.95,2006,22,19.92,23.89
74173,Historical,866671,0,0,S,9,1,34836,72.25,2014,41,35.87,35.48
74175,Historical,1541438,0,0,S,1,0,1358000,59.95,2010,18,0,59.95
74176,Historical,744566,0,0,S,3,1,3782654,274.95,2003,39,27.74,7.74
74177,Historical,50829,0,0,S,7,1,3390693,5.66,2002,44,102.19,9.54
74179,Historical,527824,0,0,S,3,1,1730577,35.95,2008,17,19.18,31.54
74180,Historical,711336,0,0,S,5,1,956821,75,2001,29,109.84,43.95
74181,Historical,1458788,0,0,S,7,1,1389850,132.93,2009,16,109.84,394.5
74183,Historical,3014138,0,0,S,0,0,241086,59.95,1999,23,44,14.97
74184,Historical,617522,0,0,S,6,1,438853,45.6,2002,21,0,33.68
74185,Historical,114295,0,0,S,6,1,73740,116.6,2002,39,98.07,105.56
74186,Historical,628662,0,0,S,2,1,103769,137.26,2011,30,63.23,153.99
74187,Historical,527821,0,0,S,6,1,361711,262.95,2007,77,6.48,38.48
74188,Historical,60677,1,1,S,5,1,1084996,238.95,2002,75,6.48,13.99
74189,Historical,630973,0,0,S,2,1,146697,80,2005,42,46.19,53.6
74190,Historical,607159,0,0,S,6,1,905173,223.2,2005,26,118.73,73.6
74192,Historical,2606832,0,0,S,2,1,551248,59.99,1998,31,29.93,55.19
74193,Historical,594812,0,0,S,6,1,56332,85.99,2012,29,35.46,50.89
74194,Historical,640013,0,0,S,4,1,412974,54.5,2011,24,0,0
74195,Historical,861555,0,0,S,5,1,38579,57.5,2013,57,24.81,35.75
74196,Historical,2143574,1,1,S,3,1,24179,54.5,2015,24,47.48,39.99
74197,Historical,527816,1,1,S,4,1,235477,57.5,2011,71,27.51,35.99
74198,Historical,862183,0,0,S,3,1,37495,57.5,2014,41,38.88,39.9
74199,Historical,2143573,0,0,S,2,1,58464,54.5,2015,27,30.45,43.92
74200,Historical,2143572,0,0,S,2,1,166317,54.5,2014,28,37.98,38.48
74201,Historical,2143571,0,0,S,2,1,53607,54.5,2014,37,36.79,38.58
74202,Historical,861556,0,0,S,5,1,92901,54.5,2013,45,26.35,37.43
74203,Historical,199087,0,0,S,2,1,1034876,83,2000,30,0,46.9
74204,Historical,722835,0,0,S,0,0,578473,99,2008,58,0,8.99
74205,Historical,1474896,0,0,S,12,1,3093634,75,2011,22,9.03,66.88
74206,Historical,1473157,0,0,S,11,1,4129098,89.95,2009,13,9.03,89.95
74207,Historical,617131,0,0,S,5,1,1100925,200,2011,32,53.99,174
74208,Historical,281917,0,0,S,0,0,427038,35,1995,60,20.98,21.98
74209,Historical,774669,0,0,S,1,0,3198094,58.95,1999,21,41.98,16.56
74210,Historical,901389,0,0,S,2,1,3625648,51.95,1996,16,54.73,54.51
74212,Historical,667486,0,0,S,2,1,109731,41.95,2009,31,43.99,32.25
74213,Historical,743686,0,0,S,0,0,1444483,33.95,2005,21,43.99,30.6
74215,Historical,626720,0,0,S,3,1,1030223,169.99,2012,31,72.88,85.67
74216,Historical,642005,0,0,S,4,1,513961,110,2013,15,62.69,77.45
74217,Historical,652003,0,0,S,2,1,2107534,99.99,2006,23,6.16,53.99
74218,Historical,618873,1,1,S,1,0,1447014,99.95,1994,44,78.99,28.98
74219,Historical,527811,0,0,S,2,1,645790,78,2008,25,28.99,56.72
74220,Historical,657945,0,0,S,3,1,571963,49.95,2013,16,25.6,40.76
74221,Historical,293687,0,0,S,2,1,34227,36.95,2007,79,21.25,37.98
74222,Historical,2029376,0,0,S,2,1,1691517,39.95,2008,20,28.44,36.52
74223,Historical,914023,0,0,S,2,1,863283,86.4,2010,13,0,82.13
74224,Historical,550434,0,0,S,6,1,697584,191.08,2007,41,98.26,48.69
74225,Historical,285536,1,1,S,7,1,58022,76.98,2010,63,73.5,54.5
74226,Historical,55738,0,0,S,5,1,1347832,84.06,2005,158,73.5,6.98
74227,Historical,620239,0,0,S,7,1,94369,90,2014,51,73.5,19.98
74228,Historical,749271,0,0,S,1,0,453470,58.95,2008,24,0,28.71
74229,Historical,119240,0,0,S,7,1,112785,81.8,2012,38,47.07,61.84
74230,Historical,619378,0,0,S,6,1,1227238,101.75,2008,25,0,13.48
74231,Historical,2338820,0,0,S,6,1,741260,85.2,1996,43,122.45,11.99
74232,Historical,157688,0,0,S,0,0,326413,56.95,2009,52,53.96,49.99
74233,Historical,543354,0,0,S,4,1,80110,176.95,2012,64,91.27,74.99
74234,Historical,899013,0,0,S,0,0,300517,10.87,1999,21,39.99,10.87
74235,Historical,56398,1,3,S,5,1,733020,51,1996,39,85.36,43.79
74236,Historical,876150,1,1,S,1,0,830836,53.95,1995,60,133.72,19.98
74237,Historical,104214,0,0,S,1,0,336564,88.25,2001,20,0,254.15
74238,Historical,643921,0,0,S,2,1,241078,99,2010,38,36.16,55
74239,Historical,113668,0,0,S,4,1,777570,130.6,1999,29,78.83,118.83
74240,Historical,157753,0,0,S,0,0,100210,69.95,2010,14,0,68.66
74241,Historical,569759,0,0,S,2,1,43745,139.95,2007,52,58.47,74.93
74242,Historical,623661,0,0,S,4,1,182334,129.25,2001,53,81.75,86.79
74243,Historical,2511516,1,1,S,2,1,5942847,45.45,1984,40,81.75,9.99
74244,Historical,574046,0,0,S,2,1,48862,365.8,1993,44,18.98,67.3
74245,Historical,644619,1,1,S,7,1,135678,39.99,2012,50,23.92,30.93
74246,Historical,527808,0,0,S,7,1,33172,29.95,2011,45,21.81,22.63
74247,Historical,100945,1,1,S,2,1,190026,189.95,1996,33,6.94,57.53
74248,Historical,647025,0,0,S,2,1,80593,49.95,2012,35,51.53,46.54
74250,Historical,680998,0,0,S,2,1,187807,24.99,2011,23,0,0
74252,Historical,624373,1,1,S,8,1,623907,83.44,2008,40,30.17,36.98
74253,Historical,112187,0,0,S,3,1,422011,95.5,2005,43,19.6,32.99
74254,Historical,176860,0,0,S,3,1,36151,421.95,2001,53,40.95,75.83
74255,Historical,607307,0,0,S,7,1,344148,101.6,2006,25,160.63,103.94
74257,Historical,422086,0,0,S,4,1,67877,44.95,2007,60,33.04,41.93
74258,Historical,153978,1,3,S,2,1,38353,103,2011,46,43.9,62.96
74259,Historical,549640,0,0,S,2,1,944271,42,2007,29,7.6,40.88
74260,Historical,56694,0,0,S,0,0,242706,0,2004,85,67.91,35.03
74262,Historical,135306,0,0,S,3,1,614499,95,2005,23,0,0
74263,Historical,541764,0,0,S,6,1,23588,19.99,2010,40,0,0
74265,Historical,1688759,0,0,S,2,1,336290,24.99,2013,69,18.64,13.38
74266,Historical,798153,0,0,S,0,0,921345,59.77,2012,3,0,10.96
74267,Historical,900403,0,0,S,7,1,210993,24.99,2014,35,0,0
74268,Historical,2070674,0,0,S,0,0,350297,39.99,2011,70,0,5.97
74269,Historical,924168,0,0,S,1,0,30155,35,2004,816,4,6.48
74270,Historical,636294,0,0,S,1,0,374174,45,2008,27,31.77,30.54
74272,Historical,632038,0,0,S,2,1,26721,42.95,2013,32,29.04,31.18
74273,Historical,617727,0,0,S,1,0,607191,41.95,1997,44,29.04,59.55
74279,Historical,860887,0,0,S,2,1,1019600,155,2012,21,35.04,60.97
74280,Historical,2031029,0,0,S,2,1,3059371,169,2008,14,179.25,66.87
74281,Historical,1629982,0,0,S,16,1,157443,79.95,2014,14,43.9,42.68
74282,Historical,2551023,0,0,S,13,1,3682715,64.95,1999,20,43.9,108.52
74283,Historical,610102,1,2,S,4,1,336,121.15,2003,37,0,76.49
74284,Historical,3292338,0,0,S,25,1,987045,58.97,2004,25,0,47.24
74285,Historical,126714,0,0,S,25,1,43291,37.95,2004,133,18.83,30.99
74286,Historical,609965,0,0,S,5,1,233850,54.99,2013,26,17.99,34.76
74287,Historical,1932624,0,0,S,3,1,114832,79.99,2014,45,34.72,44.74
74289,Historical,2677372,0,0,S,2,1,1011643,62.45,2001,34,5.25,36.19
74291,Historical,539970,0,0,S,2,1,9977,42.99,1995,94,17.41,23.49
74293,Historical,1516712,1,4,S,9,1,530586,35.2,2012,25,121.99,33.79
74294,Historical,615896,1,2,S,2,1,149270,210.25,2002,35,0,113.25
74295,Historical,618325,1,1,S,2,1,122313,210.25,2002,23,0,77.89
74297,Historical,2045161,0,0,S,2,1,1220935,59.95,2008,41,0,40.42
74298,Historical,797711,0,0,S,2,1,711044,62.95,2005,16,0,0
74299,Historical,563138,0,0,S,4,1,132131,89.99,1974,39,0,38.74
74300,Historical,542382,0,0,S,2,1,35279,145.95,2008,59,153.79,62.72
74301,Historical,179213,1,1,S,2,1,66998,145.95,2008,22,0,0
74302,Historical,153681,0,0,S,2,1,2529,16.95,2010,167,6.61,10.27
74304,Historical,1835949,0,0,S,5,1,214909,14.99,2013,106,0,10.83
74305,Historical,527798,1,1,S,7,1,295403,145.95,2012,38,51.99,91.87
74306,Historical,1671089,0,0,S,6,1,1347326,173.95,2007,20,0,68.92
74307,Historical,594658,1,6,S,7,1,442581,8.15,2012,28,0,35.98
74308,Historical,865586,0,0,S,5,1,14826,19.95,2013,37,13.94,13.56
74309,Historical,1634397,0,0,S,4,1,136441,19.95,2008,179,0,6.48
74311,Historical,867410,1,1,S,10,1,28196,43.99,2014,36,34.56,28.84
74312,Historical,284337,0,0,S,2,1,329424,99,2011,29,45.89,48.64
74313,Historical,614382,0,0,S,1,0,667298,85,1992,61,0,10.93
74314,Historical,649864,0,0,S,3,1,898687,54.99,2012,32,0,0
74316,Historical,923008,1,1,S,6,1,16517,23.25,2008,157,8.4,13.96
74318,Historical,635372,0,0,S,1,0,578151,45,2002,36,37.46,36.13
74319,Historical,477372,0,0,S,0,0,71314,60,2007,44,0,45.82
74320,Historical,1854279,0,0,S,2,1,1644825,73,2006,22,32.3,38.37
74326,Historical,806972,0,0,S,2,1,10497811,55.95,2005,14,38.52,21.49
74327,Historical,109569,0,0,S,4,1,545570,100,2005,42,4.68,38.07
74328,Historical,2016496,0,0,S,37,1,2211280,63,2012,28,60.51,73.53
74329,Historical,2016515,0,0,S,3,1,200586,87.5,2014,19,64.53,34.82
74330,Historical,2048965,0,0,S,14,1,1828724,271,2008,11,0,130.84
74331,Historical,230938,0,0,S,0,0,345164,85,1999,56,93,21.99
74332,Historical,527788,0,0,S,3,1,213963,98,2011,26,79.53,69.08
74333,Historical,617940,0,0,S,0,0,106568,50,2012,55,0,17.99
74334,Historical,906518,0,0,S,3,1,33645,40,2014,37,15.39,20.17
74335,Historical,545125,0,0,S,2,1,257465,24.95,2011,42,15.39,19.75
74336,Historical,917849,0,0,S,0,0,1089032,24,2006,58,15.39,7.09
74337,Historical,525127,0,0,S,2,1,53875,41.68,2010,85,13.46,7.49
74338,Historical,1876904,1,1,S,2,1,38448,40,2014,27,12.78,22.74
74340,Historical,527785,0,0,S,3,1,907515,65,2009,31,25.94,43.04
74341,Historical,251718,0,0,S,6,1,4808,27.95,2011,28,15.43,19
74342,Historical,1876723,0,0,S,6,1,139611,26,2009,30,0,13.94
74343,Historical,685941,0,0,S,4,1,25283,26.95,2013,23,0,0
74344,Historical,646942,0,0,S,1,0,314572,64.95,2013,21,0,0
74346,Historical,251723,0,0,S,3,1,74440,12.95,2009,37,7.99,8.79
74348,Historical,1876745,0,0,S,0,0,1529178,27.95,2010,65,15.15,4.74
74350,Historical,616544,0,0,S,1,0,29449,60,2009,84,0,34.01
74351,Historical,633583,0,0,S,2,1,934619,73,1997,26,13.69,38.93
74352,Historical,616806,0,0,S,3,1,414207,0,1992,34,9.35,42.15
74353,Historical,637551,0,0,S,5,1,378154,98.95,2013,45,67.9,53.99
74354,Historical,555106,0,0,S,1,0,280516,62.95,1995,19,0,21.6
74355,Historical,200602,0,0,S,8,1,276694,145.95,2010,49,41.19,72.99
74356,Historical,616467,0,0,S,0,0,416250,59.95,1990,59,0,33.99
74357,Historical,569815,0,0,S,2,1,355987,139.95,2004,43,27.94,86.04
74358,Historical,428471,0,0,S,3,1,60548,101.95,2009,50,70.26,52.08
74359,Historical,912433,0,0,S,2,1,28604,49.95,2014,27,44.34,43.39
74360,Historical,892982,0,0,S,1,0,115077,0,2005,26,0,18.94
74362,Historical,915294,0,0,S,0,0,516055,35,2007,30,23.39,30.42
74364,Historical,635754,0,0,S,1,0,1050273,71,2011,23,0,52.84
74365,Historical,877564,0,0,S,5,1,1731354,123.75,2005,45,106.87,15.6
74366,Historical,2585895,0,0,S,0,0,236528,36.95,1999,23,29.78,36.95
74367,Historical,639438,0,0,S,1,0,228181,55,2003,26,24.34,25.4
74368,Historical,858404,0,0,S,4,1,367903,80.73,2014,20,67.69,63.98
74369,Historical,2265353,0,0,S,3,1,716672,75.32,2011,42,0,32.85
74370,Historical,52763,0,0,S,1,0,1083304,149.95,2006,19,127.49,48.89
74371,Historical,2255606,0,0,S,2,1,302555,53.65,2008,42,0,46.99
74372,Historical,898733,0,0,S,0,0,1031704,19.95,2014,20,21.97,13.98
74374,Historical,647217,0,0,S,2,1,263458,50,2011,25,0,0
74375,Historical,623256,0,0,S,2,1,651461,70.99,2008,35,11.69,31.99
74376,Historical,2910598,0,0,S,6,1,2871324,92,2004,18,27.08,81.48
74378,Historical,675241,0,0,S,1,0,1216693,27.95,2007,55,39.41,19.49
74379,Historical,3219765,0,0,S,4,1,634880,0,2004,8,0,102.99
74380,Historical,552074,0,0,S,2,1,817979,123.4,2002,42,39.29,50.35
74381,Historical,126067,0,0,S,0,0,150014,50,2002,22,0,38.68
74382,Historical,1476368,0,0,S,0,0,244007,39.95,2012,14,33.75,26.06
74383,Historical,864708,0,0,S,8,1,6423,66.6,2014,41,48.99,57.69
74384,Historical,1543853,0,0,S,2,1,874736,49.95,2012,28,0,30.13
74385,Historical,176811,0,0,S,9,1,2495101,107.95,2001,34,93.9,38.99
74386,Historical,242760,0,0,S,0,0,1117662,80,2003,44,46.79,64.56
74387,Historical,1582975,0,0,S,0,0,327716,49.99,2013,16,0,40.03
74388,Historical,909998,0,0,S,19,1,609483,140,2013,29,11.14,86.42
74390,Historical,527778,0,0,S,3,1,569051,74.95,2011,52,39.99,43.38
74391,Historical,618280,0,0,S,1,0,122669,49.95,2008,25,0,33.21
74392,Historical,623687,0,0,S,4,1,628821,76.95,1997,58,4,19.91
74396,Historical,911076,0,0,S,0,0,1097540,19.95,2003,39,22.39,28.49
74397,Historical,1964810,0,0,S,3,1,91993,40.99,2014,36,22.39,21.52
74398,Historical,628891,1,1,S,2,1,560019,33.99,2005,44,22.39,47.7
74399,Historical,867301,0,0,S,4,1,41538,39.99,2014,46,25.57,23.99
74400,Historical,896893,0,0,S,3,1,1059692,49.99,2014,18,16.85,29.96
74403,Historical,527776,0,0,S,3,1,229759,40.95,2008,22,18.83,34.67
74404,Historical,264213,0,0,S,0,0,2528900,34.95,2003,28,0,28.55
74405,Historical,204188,0,0,S,3,1,383900,49.99,2008,25,0,53.48
74406,Historical,665505,0,0,S,12,1,11287,109.99,2011,15,0,97.72
74407,Historical,673120,0,0,S,5,1,59182,16.99,2013,45,13.7,16.48
74408,Historical,1688469,1,1,S,2,1,1033851,34.99,2007,55,4.22,13.88
74409,Historical,649532,0,0,S,4,1,31097,39.99,2013,118,18.3,20.42
74410,Historical,660776,0,0,S,3,1,224807,49.99,2013,61,23.89,23.49
74411,Historical,626637,0,0,S,4,1,15535,34.99,2013,68,17.08,20.16
74413,Historical,862188,0,0,S,0,0,91354,54.99,2014,70,0,0
74414,Historical,264212,0,0,S,2,1,1985949,35.95,2003,44,26.22,18.99
74415,Historical,3232835,0,0,S,2,1,426328,41.95,2005,35,0,21.96
74416,Historical,859914,0,0,S,6,1,506166,168.95,2009,29,26.83,78.99
74417,Historical,527773,0,0,S,5,1,46123,59.99,2010,97,14.17,23.87
74420,Historical,194803,0,0,S,2,1,755170,34.95,2000,62,18.98,10.31
74421,Historical,1696701,0,0,S,4,1,80860,49.95,2014,39,0,29.66
74422,Historical,577071,0,0,S,1,0,288162,207.5,2004,49,0,73.43
74423,Historical,544962,0,0,S,0,0,211371,59,2009,18,0,42.44
74424,Historical,830394,0,0,S,2,1,642426,65,2002,25,17.49,33.99
74425,Historical,904083,0,0,S,2,1,142934,40.95,2014,31,23.99,36.61
74426,Historical,541372,0,0,S,2,1,413767,47.95,2013,24,38.01,42.34
74427,Historical,606832,0,0,S,4,1,414956,17.4,2002,55,127.99,29.95
74428,Historical,657295,0,0,S,3,1,1361693,108,2006,29,33.99,75.89
74429,Historical,592122,0,0,S,1,0,419356,118,2011,52,40.15,32.25
74430,Historical,285449,1,2,S,6,1,52051,177.25,2009,63,127.99,93.46
74431,Historical,366217,0,0,S,0,0,674287,119,2002,30,0,54.69
74432,Historical,639851,0,0,S,0,0,61185,18.25,2012,29,0,17.75
74433,Historical,652539,0,0,S,2,1,74058,45,2012,56,24.87,29.99
74435,Historical,584555,0,0,S,2,1,31286,39.95,1991,275,4.88,10.86
74436,Historical,764616,0,0,S,2,1,107176,86.95,1998,58,9.2,36.09
74437,Historical,791007,0,0,S,2,1,316979,45,2013,32,0,13.97
74438,Historical,192900,0,0,S,4,1,3018364,56.95,2002,44,48.09,17.55
74439,Historical,864709,1,1,S,7,1,45944,79.95,2014,30,48.09,51.94
74440,Historical,2752566,1,1,S,0,0,246181,39.99,1995,23,0,33.26
74441,Historical,527766,0,0,S,2,1,47109,59.99,2008,47,48.99,38.96
74442,Historical,662375,0,0,S,6,1,3792245,85.95,2011,17,66.6,32.13
74443,Historical,637860,0,0,S,2,1,596487,43.95,2011,21,18.96,33.08
74444,Historical,644351,0,0,S,7,1,34623,66,2013,29,52.19,52.93
74445,Historical,915345,0,0,S,2,1,979767,80,1997,42,11.72,45.33
74447,Historical,642341,0,0,S,3,1,80853,46.95,2011,21,24.34,35.47
74449,Historical,635219,0,0,S,2,1,599698,62.95,2008,23,0,0
74450,Historical,864246,0,0,S,28,1,52703,59.95,2012,42,46.23,40.87
74451,Historical,625760,0,0,S,2,1,71294,59.99,2006,24,0,0
74452,Historical,912535,0,0,S,3,1,3369594,63.99,2010,46,34.98,58.97
74453,Historical,867198,0,0,S,4,1,1611,39.95,2014,38,34.98,28.6
74454,Historical,527760,0,0,S,2,1,247096,94.95,2009,27,35.99,40.96
74455,Historical,862190,0,0,S,3,1,48128,62.95,2014,18,36.98,39.8
74456,Historical,862191,0,0,S,2,1,437006,65.95,2014,24,44.39,45.41
74457,Historical,612405,0,0,S,2,1,661424,62.95,2013,23,30.03,54.45
74458,Historical,619822,0,0,S,3,1,538249,89.95,2007,43,38.54,54.72
74460,Historical,527755,1,1,S,1,0,196260,60,2012,79,10.23,17.97
74461,Historical,265683,0,0,S,1,0,451955,60,2007,134,10.23,8.54
74462,Historical,193939,1,1,S,3,1,142505,54.99,2002,31,20.94,34.41
74463,Historical,537719,0,0,S,3,1,155429,40,2012,15,0,0
74464,Historical,627470,0,0,S,2,1,195839,59.99,2009,50,35.68,23.97
74465,Historical,527754,0,0,S,2,1,466720,70,2013,37,31.92,34.99
74466,Historical,313012,0,0,S,2,1,2514441,50,2002,25,45.02,11.99
74467,Historical,612127,0,0,S,2,1,519975,99.95,2013,23,45.67,65.17
74468,Historical,1615972,0,0,S,2,1,1237523,39.99,2006,35,5.66,23.35
74469,Historical,534776,0,0,S,2,1,102978,49.99,2011,76,18.27,29.68
74470,Historical,608819,0,0,S,3,1,4779121,112.95,2004,47,102.86,15.99
74471,Historical,649449,0,0,S,6,1,65189,45,2013,34,17.93,22.5
74472,Historical,162318,0,0,S,3,1,871755,39.99,2008,39,4.87,20.46
74473,Historical,201529,0,0,S,2,1,2219717,34.99,2005,49,4.87,8.71
74474,Historical,535726,0,0,S,5,1,41698,39.99,2012,97,0,27.98
74475,Historical,183829,1,1,S,2,1,868232,136.95,2003,26,4.39,35.88
74478,Historical,641887,0,0,S,0,0,333750,47,1993,20,27.58,37.41
74479,Historical,859088,0,0,S,6,1,1001621,126.95,2003,28,173.97,63.52
74480,Historical,830240,0,0,S,3,1,2630494,59,1994,36,29.62,37.79
74481,Historical,636377,0,0,S,4,1,714976,42.95,2012,46,18.54,27.2
74482,Historical,864710,0,0,S,9,1,27717,81.99,2014,46,48.39,59.35
74483,Historical,527747,0,0,S,2,1,94106,56,2012,78,31.48,43.99
74484,Historical,606795,0,0,S,4,1,97666,80,2012,54,48.64,44.47
74485,Historical,616468,1,1,S,3,1,517997,143.95,1994,47,7.73,27.77
74486,Historical,917820,0,0,S,2,1,72074,117.5,2013,27,56.74,68.77
74487,Historical,663614,1,1,S,2,1,633577,89.95,2013,24,34.98,63.75
74489,Historical,632564,0,0,S,2,1,4116638,31.95,1999,24,30.9,26.98
74490,Historical,872246,0,0,S,3,1,4921599,56.95,1997,25,50.77,28.99
74491,Historical,203645,0,0,S,7,1,1574504,39.95,2004,15,35.08,43.7
74492,Historical,629681,0,0,S,3,1,295858,90.99,2006,25,12.64,15.88
74493,Historical,606789,0,0,S,7,1,982989,32,2009,38,19.94,31.01
74494,Historical,257618,0,0,S,4,1,2223933,49.95,2004,19,39.43,10.57
74495,Historical,609430,0,0,S,2,1,1923506,55,1994,19,9.61,34.26
74496,Historical,620905,0,0,S,3,1,748412,95,2001,40,33.99,52.43
74497,Historical,527739,0,0,S,2,1,162964,41.19,2007,45,10.75,18.99
74498,Historical,527737,0,0,S,2,1,463160,90.99,2012,22,41.24,55.02
74499,Historical,546878,0,0,S,7,1,835095,60.95,2012,14,53.97,49.43
74500,Historical,194128,0,0,S,2,1,254710,92,2007,34,4,59.72
74502,Historical,3746111,0,0,S,4,1,384401,109.99,2016,0,0,97.18
74503,Historical,2095436,0,0,S,2,1,794715,72.95,2013,21,55.76,60.18
74504,Historical,832190,0,0,S,5,1,254836,81.87,2011,22,67.28,66.99
74506,Historical,533285,0,0,S,4,1,40763,92.95,2012,78,61.99,55.31
74507,Historical,57639,1,1,S,2,1,1545116,84.95,2001,67,67.28,14.99
74508,Historical,527734,0,0,S,4,1,38633,89.99,2012,161,52.87,56.81
74509,Historical,57967,0,0,S,2,1,1109564,61.95,2002,49,61.99,15.84
74510,Historical,616225,0,0,S,2,1,778553,197.95,1998,53,16.86,60.23
74511,Historical,867235,0,0,S,2,1,36955,47.5,2014,28,37.97,36.85
74512,Historical,153744,0,0,S,1,0,440636,32,2002,41,22.05,46.99
74513,Historical,153775,0,0,S,2,1,24009,44.95,2010,44,22.05,24.49
74514,Historical,623461,0,0,S,7,1,1025333,34,2010,24,19.99,16.99
74515,Historical,639624,0,0,S,8,1,300871,39,2013,24,19.99,27.99
74517,Historical,633196,0,0,S,2,1,379631,52.99,2011,18,33.49,38.99
74518,Historical,2592096,0,0,S,17,1,263643,49.99,1983,44,17.98,27.76
74519,Historical,654724,0,0,S,2,1,123611,47.5,2009,42,51.48,47.5
74521,Historical,116146,0,0,S,4,1,495839,147.8,2006,34,9.14,71.97
74522,Historical,620084,0,0,S,3,1,80017,46.95,1996,54,22.94,34.36
74523,Historical,110392,0,0,S,6,1,1013310,49.93,2006,28,7.47,49.88
74524,Historical,57797,0,0,S,4,1,245947,83,2007,76,4.47,29.28
74525,Historical,57800,0,0,S,3,1,2953006,69.33,2004,72,4.47,4.74
74526,Historical,132804,0,0,S,3,1,1198453,42.8,2009,36,4.79,23.65
74527,Historical,1633031,0,0,S,0,0,172804,50,2014,11,0,36.07
74528,Historical,1843077,0,0,S,0,0,279267,27.99,2009,11,0,26.49
74529,Historical,2668584,0,0,S,0,0,566317,19.95,2005,91,4.35,10.25
74530,Historical,610379,1,2,S,6,1,19359,152.95,2013,63,44.99,63.9
74531,Historical,568799,0,0,S,2,1,45571,45,2005,74,27.73,27.72
74532,Historical,3068155,0,0,S,7,1,718010,53.95,2000,42,23.89,20.31
74533,Historical,649720,0,0,S,2,1,282687,52.95,2012,28,0,0
74534,Historical,645293,0,0,S,2,1,341994,43.95,2006,24,33.49,30.44
74535,Historical,189903,0,0,S,0,0,800496,39.95,2004,38,0,17.58
74536,Historical,2084509,0,0,S,11,1,42444,22.99,2013,24,0,33.74
74537,Historical,2098046,1,1,S,12,1,3158,22.99,2015,20,0,18.73
74538,Historical,213180,0,0,S,2,1,262910,59.95,2005,15,0,0
74539,Historical,1463948,0,0,S,4,1,6150528,26.97,2012,12,0,25.24
74540,Historical,174743,0,0,S,1,0,569553,44.99,2000,44,0,14.57
74541,Historical,858244,0,0,S,0,0,30423,74.99,2013,17,30.13,48.83
74542,Historical,851626,1,5,S,0,0,138148,42.99,2000,75,7.41,26.94
74543,Historical,292699,0,0,S,0,0,670911,65.99,1995,40,43.97,132.58
74544,Historical,751393,0,0,S,2,1,847888,25.95,2009,42,11.18,8.56
74546,Historical,105695,0,0,S,2,1,333834,45,2001,56,0,0
74547,Historical,623518,0,0,S,2,1,352844,60.95,2009,44,12.99,13.1
74548,Historical,258371,0,0,S,2,1,346732,88,2001,22,43.56,101.35
74549,Historical,246247,0,0,S,1,0,833152,55.95,2005,25,0,38.77
74550,Historical,557500,0,0,S,1,0,246841,76.6,2009,44,25.49,38.94
74552,Historical,527726,0,0,S,3,1,11526,60,2010,28,25,34.04
74553,Historical,126990,0,0,S,4,1,109464,42.99,2010,30,23.56,32.24
74554,Historical,2410191,0,0,S,0,0,103986,42.99,1991,126,20.61,13.16
74555,Historical,1476162,0,0,S,2,1,1131949,39.95,2012,21,27.48,255.23
74556,Historical,1450160,0,0,S,2,1,114307,46.65,2009,28,0,33.96
74557,Historical,619794,0,0,S,2,1,104119,46.65,2009,14,0,36.54
74558,Historical,637849,0,0,S,1,0,550427,121.95,2011,21,0,0
74560,Historical,178636,0,0,S,1,0,1111281,209.95,2010,44,4,48.77
74561,Historical,148778,0,0,S,1,0,1905985,231.95,2009,28,4,41.07
74562,Historical,904408,0,0,S,17,1,1745867,117.95,2014,30,0,63.99
74563,Historical,570570,0,0,S,13,1,1449658,178.95,2010,60,109.97,23.95
74564,Historical,244056,1,4,S,6,1,1117351,68.95,2011,33,24.99,32.93
74565,Historical,178982,0,0,S,1,0,317860,86.95,2010,89,0,13.89
74566,Historical,178980,0,0,S,1,0,102703,171.95,2010,130,0,21.82
74568,Historical,178897,0,0,S,1,0,31529,180.95,2010,213,0,8.18
74569,Historical,544788,0,0,S,1,0,72731,95.95,2013,38,53.74,67.17
74570,Historical,544787,1,3,S,1,0,14624,136.95,2013,96,85.89,48.99
74572,Historical,183928,0,0,S,2,1,690827,163.95,2002,45,0,37.99
74573,Historical,251155,0,0,S,1,0,980050,212.95,2007,69,0,9.95
74574,Historical,178901,0,0,S,1,0,514788,191.95,2010,53,0,29.68
74575,Historical,291732,0,0,S,1,0,144301,209.95,2010,236,0,13.73
74577,Historical,1830009,0,0,S,1,0,883858,221.95,2015,53,0,126.99
74578,Historical,1826858,0,0,S,1,0,449349,191.95,2013,21,0,108.99
74579,Historical,544773,1,7,S,1,0,6671,209.95,2013,146,0,63.99
74580,Historical,527718,0,0,S,1,0,1526384,185.95,2010,40,0,18.65
74581,Historical,544762,0,0,S,1,0,16504,124.95,2013,72,30.49,53.46
74582,Historical,54543,0,0,S,1,0,884918,180.95,2007,142,0,11.42
74583,Historical,54541,0,0,S,1,0,1316232,206.95,2010,77,0,14
74584,Historical,544765,0,0,S,1,0,587584,91.95,2013,42,4.64,62.12
74585,Historical,544734,1,1,S,1,0,348826,95.95,2013,39,4.85,16.12
74586,Historical,621233,0,0,S,1,0,454318,136.95,2013,40,34.59,54.76
74588,Historical,178918,1,1,S,1,0,60661,150.95,2010,40,84.52,63.98
74589,Historical,178919,0,0,S,1,0,227285,40.95,2009,53,0,7.48
74590,Historical,291734,0,0,S,1,0,208504,136.95,2010,34,34.59,15.99
74591,Historical,2225248,0,0,S,2,1,71015,42.95,2011,21,0,17.48
74593,Historical,881600,0,0,S,2,1,303689,43.95,2013,18,22.57,22.37
74594,Historical,105395,0,0,S,8,1,4108603,29.47,2005,12,133.99,29.44
74595,Historical,254433,0,0,S,5,1,193119,42.95,2011,47,39.2,33.17
74596,Historical,722394,0,0,S,0,0,95490,44.99,2006,12,0,30.95
74597,Historical,162971,0,0,S,2,1,453487,9.99,2010,201,18.22,4.47
74598,Historical,126419,0,0,S,2,1,165694,60.95,2003,57,64.99,28.98
74600,Historical,208398,0,0,S,0,0,294776,40,2009,17,30.72,26.81
74601,Historical,621462,0,0,S,2,1,674727,125,2003,37,78.32,91.99
74602,Historical,1707786,0,0,S,5,1,57681,52,2014,35,42.66,28.19
74603,Historical,563780,0,0,S,2,1,329404,71.75,1994,52,25.25,54.92
74604,Historical,2205703,0,0,S,0,0,1279974,9.99,2013,26,34.36,9.12
74606,Historical,599679,0,0,S,2,1,149658,48,2010,20,58.72,47.99
74607,Historical,2033364,0,0,S,1,0,205088,35,2011,20,24.05,23.88
74608,Historical,293977,0,0,S,2,1,58292,47.95,2014,23,0,0
74609,Historical,745488,0,0,S,4,1,1741185,67.95,2008,22,0,79.08
74610,Historical,544267,0,0,S,5,1,481594,52.95,2013,26,19.22,39.22
74611,Historical,527697,1,1,S,3,1,575316,40.95,2011,26,34.56,28.53
74613,Historical,108952,0,0,S,7,1,603238,43.94,2006,38,23.34,35.11
74615,Historical,913323,0,0,S,22,1,2139578,36.95,2007,28,24.49,10.95
74616,Historical,609459,0,0,S,25,1,578352,39.95,2009,31,24.49,13.48
74617,Historical,862194,0,0,S,3,1,359485,147.95,2014,21,0,0
74618,Historical,119329,0,0,S,1,0,138655,103.2,2011,23,58.99,43.99
74620,Historical,632250,0,0,S,2,1,1466919,65.2,2004,27,0,0
74621,Historical,867090,0,0,S,2,1,157920,91.8,2014,65,41.75,56.71
74622,Historical,914926,0,0,S,4,1,1275629,32,2003,32,19.48,12.87
74624,Historical,128571,1,1,S,1,0,208833,49.95,2002,30,0,38.99
74625,Historical,527695,0,0,S,2,1,551697,54.99,2001,22,0,39.9
74626,Historical,1557970,0,0,S,2,1,490146,41.95,2014,18,0,37.56
74627,Historical,1758017,0,0,S,2,1,295334,49.99,2015,6,0,43.98
74628,Historical,546177,0,0,S,4,1,1372,35,2006,71,20.82,20.98
74629,Historical,881625,0,0,S,3,1,41378,39.95,2015,20,27.38,25.74
74630,Historical,1479558,0,0,S,3,1,20692,49.95,2014,56,48.08,37.11
74631,Historical,527694,0,0,S,0,0,121981,39.95,2009,17,28.28,27.46
74632,Historical,174347,0,0,S,2,1,338643,43,2006,33,24.59,57.38
74633,Historical,1498307,0,0,S,0,0,90715,59.99,2013,14,0,39.99
74634,Historical,1498306,0,0,S,0,0,35589,59.99,2013,14,0,35.33
74638,Historical,1499077,0,0,S,0,0,242473,49.99,2014,17,0,23.97
74641,Historical,1499103,0,0,S,0,0,61202,64.99,2011,19,0,37.82
74643,Historical,527690,0,0,S,0,0,11170,39.99,2011,31,18.71,18.98
74645,Historical,2444784,0,0,S,0,0,479083,49.99,1995,24,8.52,132.25
74646,Historical,905324,0,0,S,0,0,627142,49.99,2011,19,12.27,29.99
74647,Historical,1498310,0,0,S,0,0,280200,79.99,2012,11,49.04,43.17
74648,Historical,1498809,0,0,S,0,0,88548,39.99,2011,22,20.98,23.66
74651,Historical,1498345,0,0,S,0,0,101759,54.99,2014,14,0,29.99
74652,Historical,917942,0,0,S,0,0,724180,19.99,2006,18,26.64,12.88
74653,Historical,807825,0,0,S,2,1,353021,28.99,2009,33,0,30.98
74654,Historical,1595613,0,0,S,0,0,50369,39.99,2014,17,23.24,23.35
74655,Historical,618602,0,0,S,2,1,164730,39.99,2007,110,14.93,20.97
74656,Historical,807908,0,0,S,2,1,327151,74.99,2010,18,0,0
74657,Historical,1833885,0,0,S,0,0,221620,16.99,2013,16,44.72,12.49
74658,Historical,807956,0,0,S,2,1,84595,59.99,2011,18,0,0
74660,Historical,870552,0,0,S,2,1,244052,69.99,2008,18,23.11,47.91
74661,Historical,625331,1,3,S,0,0,88860,39.99,2008,35,23.11,25.98
74663,Historical,617680,0,0,S,2,1,249557,60.99,2006,25,10.49,12.65
74664,Historical,860431,0,0,S,7,1,342882,59.99,2011,25,26.44,23.99
74665,Historical,624387,0,0,S,5,1,304948,54.99,2008,48,7.99,9.98
74666,Historical,631538,0,0,S,6,1,653005,58.99,2011,31,9.29,28.52
74667,Historical,642373,0,0,S,3,1,191513,55.99,2011,23,4.98,13.01
74668,Historical,789762,0,0,S,4,1,1158284,53.99,2011,21,0,0
74669,Historical,859287,0,0,S,7,1,864083,61.99,2005,37,0,0
74670,Historical,527687,0,0,S,3,1,1185056,52.99,2009,19,0,13.99
74671,Historical,527686,0,0,S,5,1,190745,51.99,2007,115,48.48,8.99
74672,Historical,3106226,0,0,S,6,1,113548,56.99,2015,12,0,33.31
74673,Historical,338657,1,1,S,1,0,34877,22.99,2007,182,6.29,10.18
74675,Historical,902372,0,0,S,2,1,123548,44.95,2014,17,0,31.89
74676,Historical,288847,0,0,S,3,1,588427,65.95,2011,41,17.17,42.97
74677,Historical,2576727,0,0,S,2,1,651181,157.5,1988,18,33.56,121.1
74678,Historical,248518,0,0,S,3,1,769030,24.99,2011,102,8.27,5.88
74679,Historical,903756,0,0,S,5,1,49072,24.99,2014,31,17.89,18.79
74680,Historical,802747,0,0,S,4,1,807727,24.99,2012,106,17.89,5.88
74681,Historical,1855477,1,1,S,7,1,71217,39.99,2014,43,24.05,33.98
74682,Historical,802722,0,0,S,5,1,1619604,34.99,2011,28,21.87,8.08
74683,Historical,802723,0,0,S,6,1,1416842,29.99,2011,24,9.08,22.97
74684,Historical,624215,0,0,S,7,1,829979,36.99,2007,36,0,0
74686,Historical,55556,0,0,S,3,1,246863,44.99,2005,118,28.3,11.39
74687,Historical,635136,0,0,S,2,1,544604,239.99,2009,18,0,0
74688,Historical,652025,0,0,S,2,1,155596,49.95,2006,25,0,0
74689,Historical,867314,0,0,S,2,1,23533,65,2014,41,39.21,45.88
74690,Historical,624498,0,0,S,6,1,369162,149,2002,33,48.98,86.99
74691,Historical,718877,0,0,S,0,0,2120846,58,1997,15,0,51.48
74692,Historical,527682,0,0,S,2,1,1133811,13.95,2006,63,11.74,5
74693,Historical,649798,0,0,S,2,1,1095045,39.99,2012,25,22,20.43
74694,Historical,649555,0,0,S,2,1,1010574,64.95,2013,18,44.81,49.44
74695,Historical,657958,0,0,S,0,0,445101,64.95,2013,16,0,50.58
74696,Historical,602976,0,0,S,5,1,1467632,29.95,2008,30,22.54,13.34
74697,Historical,759786,0,0,S,3,1,978003,228,2001,28,51.18,133.89
74698,Historical,609089,1,1,S,2,1,725139,29.99,2005,61,0,0
74699,Historical,608278,1,1,S,3,1,120723,34.99,2009,78,0,8.28
74701,Historical,652699,0,0,S,2,1,72236,39.99,2011,46,21.99,26.99
74702,Historical,635045,0,0,S,2,1,904175,54,2010,23,27,42.91
74703,Historical,527678,0,0,S,2,1,86624,65.95,2014,45,21.63,46.28
74704,Historical,143144,0,0,S,2,1,4062628,141,2007,16,126.54,119.71
74705,Historical,540352,0,0,S,2,1,214414,75,2006,42,42.52,53.49
74706,Historical,504516,0,0,S,3,1,115033,99,2012,94,58.99,60
74707,Historical,557112,1,1,S,4,1,4432050,55.2,1999,35,72.81,24.49
74708,Historical,867004,0,0,S,6,1,162536,91.95,2013,43,39.22,64.24
74709,Historical,132451,0,0,S,2,1,3110877,94.6,2003,21,17.63,68.44
74710,Historical,770720,0,0,S,2,1,3654899,71.96,2003,17,17.63,33.94
74711,Historical,597990,0,0,S,3,1,294256,41.95,2011,14,0,35.46
74712,Historical,55861,0,0,S,2,1,9439,19.95,2003,124,0,0
74713,Historical,900409,0,0,S,2,1,99768,42.01,2003,21,0,35.34
74714,Historical,554146,0,0,S,2,1,126212,87.8,2000,37,46.17,63.96
74715,Historical,620362,0,0,S,3,1,557185,59.95,2004,43,18.99,46.45
74716,Historical,793226,0,0,S,2,1,2540707,29.95,2000,26,18.99,8.62
74718,Historical,535857,0,0,S,2,1,24489,19.95,2012,78,0,11.4
74719,Historical,527676,0,0,S,4,1,106007,90,2011,53,53.23,52.88
74720,Historical,369252,0,0,S,0,0,425759,52,1997,41,37.68,43.99
74721,Historical,2649592,0,0,S,1,0,769335,58.95,2004,29,0,42.94
74722,Historical,628922,0,0,S,5,1,1608374,88.95,2003,21,54.74,69.78
74723,Historical,541101,0,0,S,6,1,1209118,69.95,2007,21,4.92,72.25
74724,Historical,268823,0,0,S,2,1,545522,44,2009,19,60.32,44
74725,Historical,865195,0,0,S,2,1,570290,54.99,2001,29,7.19,53.97
74726,Historical,1453005,0,0,S,3,1,27998,67.99,2014,12,0,28.98
74727,Historical,868100,1,3,S,4,1,14091,67.99,2014,31,53.2,35.49
74728,Historical,2376416,0,0,S,0,0,121083,47.27,2005,24,0,30.55
74729,Historical,717263,0,0,S,2,1,954115,59.99,2009,11,0,42.99
74730,Historical,1452999,1,2,S,4,1,31538,67.99,2014,13,0,33.98
74731,Historical,1451558,1,2,S,4,1,9416,67.99,2014,21,0,32.99
74732,Historical,1453000,0,0,S,4,1,35319,67.99,2014,30,0,31.98
74733,Historical,1453001,1,1,S,3,1,226858,67.99,2014,12,0,28.98
74734,Historical,1453002,0,0,S,4,1,67558,67.99,2014,10,0,33.34
74735,Historical,1451557,0,0,S,4,1,28738,67.99,2014,12,0,35.81
74736,Historical,1453003,0,0,S,4,1,28796,67.99,2014,20,0,34
74737,Historical,862376,0,0,S,3,1,11681,92.5,2014,49,76.37,68.41
74738,Historical,154277,1,1,S,5,1,1124668,60,1999,93,61.16,44
74739,Historical,154041,1,2,S,8,1,22904,58.5,2011,151,0,13.97
74740,Historical,747933,0,0,S,5,1,935873,59.25,1998,111,40.24,38.74
74741,Historical,613965,1,1,S,8,1,8885,72.25,2012,108,40.24,50.98
74742,Historical,635659,0,0,S,8,1,5845,72.25,2012,111,28.44,50.62
74743,Historical,153908,1,2,S,7,1,444836,13.39,2007,229,0,12.89
74744,Historical,154044,0,0,S,8,1,32202,58.5,2011,151,4.67,20.94
74745,Historical,153910,0,0,S,7,1,141321,9.54,2007,250,4.67,10.79
74746,Historical,153911,0,0,S,7,1,228226,10.48,2007,241,6.04,10.24
74747,Historical,153817,1,1,S,8,1,6051,90.5,2011,94,41.99,47.59
74748,Historical,622215,0,0,S,9,1,45667,71,2013,36,0,0
74749,Historical,563775,0,0,S,6,1,1019648,51.15,1993,99,39.66,11.98
74750,Historical,563610,0,0,S,9,1,7222,82,2012,135,53.96,53.99
74751,Historical,563611,0,0,S,9,1,14678,82,2012,112,37.33,37.99
74752,Historical,563612,0,0,S,9,1,29794,57,2012,122,14.97,26.97
74753,Historical,563613,0,0,S,9,1,23733,57,2012,108,14.72,33.73
74754,Historical,153895,0,0,S,8,1,188515,48.3,2005,328,6.81,6.69
74755,Historical,563615,0,0,S,9,1,33472,57,2012,42,0,0
74756,Historical,541245,0,0,S,9,1,51095,57,2012,101,7.42,25.37
74757,Historical,563616,0,0,S,9,1,35003,64,2012,95,16.09,16.99
74758,Historical,289380,0,0,S,3,1,72288,75,2003,19,0,40.92
74760,Historical,154419,0,0,S,5,1,9228,78,2005,84,30.93,35.99
74761,Historical,874747,0,0,S,8,1,33905,89,2015,62,55.92,72.85
74762,Historical,921437,0,0,S,7,1,7318,57,2014,74,41.89,30.19
74763,Historical,563640,1,2,S,3,1,8689,75,2012,128,37.11,56.44
74764,Historical,563641,0,0,S,3,1,9866,75,2012,111,28.99,54.55
74765,Historical,563631,1,1,S,3,1,45213,62.5,2012,106,37.11,38.46
74766,Historical,439815,0,0,S,3,1,38914,58.5,2012,182,37.11,13.47
74767,Historical,439817,1,1,S,3,1,43694,58.5,2012,110,37.11,14.92
74768,Historical,439818,1,1,S,3,1,68317,58.5,2012,124,37.11,13.98
74769,Historical,439819,0,0,S,3,1,65755,64,2012,82,37.11,28.99
74770,Historical,2512024,0,0,S,0,0,859778,56.8,1995,63,6.84,18.35
74771,Historical,2511934,0,0,S,0,0,1932014,52.55,1992,65,6.84,21.96
74774,Historical,880367,0,0,S,2,1,1278531,41.89,2010,49,53.29,33.86
74776,Historical,153939,0,0,S,9,1,35290,79.25,2006,110,18.31,49.93
74777,Historical,746975,0,0,S,4,1,358374,90.9,2001,16,11.96,38.99
74778,Historical,121377,0,0,S,2,1,63229,50.2,2009,49,14.19,31.89
74779,Historical,667784,0,0,S,1,0,478727,48.6,2011,22,26.12,9.34
74780,Historical,1561934,0,0,S,0,0,220179,9.99,2007,129,0,7.06
74781,Historical,802464,0,0,S,0,0,1434538,55.95,2005,24,4,84.42
74783,Historical,2098966,0,0,S,28,1,80852,69.95,2012,11,0,48.98
74784,Historical,1873468,0,0,S,3,1,78321,46.95,2010,22,0,38.99
74786,Historical,1696730,0,0,S,2,1,24470,45.95,2013,17,37.93,30.24
74788,Historical,527662,0,0,S,2,1,946637,59.95,2013,26,26.55,43.8
74789,Historical,635017,0,0,S,2,1,526214,99,2010,29,46.57,36.96
74790,Historical,608958,0,0,S,5,1,1896770,101,2000,16,62.29,51.99
74791,Historical,527659,0,0,S,2,1,796592,59.95,2010,22,27.22,44.13
74792,Historical,629998,0,0,S,7,1,287932,76.99,2011,36,45.14,43.54
74793,Historical,527657,0,0,S,2,1,498634,99,2008,32,94.43,41.81
74794,Historical,623576,0,0,S,2,1,84499,46.95,2007,47,21.98,40.98
74796,Historical,695127,0,0,S,1,0,724433,72.55,2006,51,0,18.48
74797,Historical,165845,0,0,S,5,1,633234,66.61,2004,53,11.7,46.95
74799,Historical,906623,0,0,S,2,1,485149,64.99,2014,19,42.54,44.47
74800,Historical,858409,0,0,S,0,0,6511,75.95,2014,58,49.28,51.79
74801,Historical,870495,0,0,S,7,1,986845,53.96,2001,42,182.39,29.62
74802,Historical,220681,0,0,S,3,1,293230,94,2002,30,60.23,60.03
74803,Historical,660396,0,0,S,2,1,871587,57,2008,27,10.98,47.93
74805,Historical,110885,0,0,S,3,1,504503,90.37,1998,39,129.13,33.88
74806,Historical,551943,0,0,S,4,1,350237,116.6,2004,44,33.16,79.47
74807,Historical,163035,1,1,S,2,1,472768,116.65,2010,34,41.63,53.87
74808,Historical,129664,0,0,S,2,1,94132,116.6,2000,40,0,65
74809,Historical,152319,0,0,S,2,1,183710,79.95,2006,60,40.09,56.7
74810,Historical,152839,0,0,S,0,0,171666,79.95,1998,30,59.19,52.72
74811,Historical,629363,0,0,S,3,1,358664,85,1986,31,29.35,59.58
74812,Historical,658532,0,0,S,2,1,459828,71.95,2009,14,43.12,44.37
74814,Historical,329962,0,0,S,3,1,519616,48.95,2004,24,13.7,62.9
74815,Historical,222279,0,0,S,5,1,470861,80,2010,22,0,0
74816,Historical,924395,0,0,S,3,1,72892,74.95,2014,45,49.53,45.87
74817,Historical,317776,0,0,S,4,1,147752,119.8,1999,40,56.37,93.13
74818,Historical,620314,0,0,S,2,1,551636,66.99,2007,50,17.02,43.09
74819,Historical,527643,0,0,S,5,1,565297,34.95,2009,73,16.2,6.07
74820,Historical,1826404,0,0,S,14,1,173954,42.95,2014,34,17.99,8.98
74821,Historical,861123,0,0,S,13,1,1434710,54.95,2013,28,0,0
74822,Historical,545693,0,0,S,8,1,153869,57.99,2013,46,42.14,32.11
74823,Historical,210809,0,0,S,3,1,2405626,37.95,1999,39,4.71,7.91
74824,Historical,2787886,0,0,S,6,1,530056,23.95,1998,27,0,27.99
74825,Historical,621991,0,0,S,2,1,58692,54.99,2008,36,13.94,17.04
74828,Historical,546207,1,2,S,0,0,14227,37.95,2010,134,17.12,14.99
74829,Historical,293826,0,0,S,0,0,669196,54.95,2000,47,12.54,38.99
74830,Historical,244943,0,0,S,9,1,1230302,222.95,2003,38,45.8,13.72
74831,Historical,2019335,0,0,S,5,1,42553,19.95,2012,28,0,14.05
74832,Historical,593255,0,0,S,1,0,451901,108.95,2009,18,0,51.99
74833,Historical,527637,0,0,S,5,1,68992,74.2,2011,36,39.98,63.59
74834,Historical,527635,0,0,S,4,1,80190,96.95,2012,43,42.74,73.99
74835,Historical,546779,0,0,S,2,1,70456,50.99,2012,32,21.98,23.9
74836,Historical,609989,1,1,S,6,1,544217,61.99,2013,34,38.04,21.74
74837,Historical,542986,0,0,S,3,1,4406189,44.95,1999,33,38.04,11.99
74838,Historical,864711,0,0,S,9,1,17711,54.95,2014,74,34.64,35.65
74839,Historical,540994,1,1,S,8,1,3088,61.95,2013,115,39.8,35.95
74840,Historical,581092,0,0,S,4,1,1208672,42.95,1997,63,39.8,13.95
74841,Historical,329967,0,0,S,4,1,232088,76.95,2004,47,9.07,28.95
74842,Historical,298865,0,0,S,2,1,575828,77.95,2010,93,24.99,33.69
74843,Historical,577351,0,0,S,10,1,3798692,49.95,2003,67,31.73,23.68
74844,Historical,546750,0,0,S,14,1,31556,66.99,2012,114,31.73,31.43
74846,Historical,561636,0,0,S,6,1,1215569,38.95,2003,152,41.15,9.15
74847,Historical,545740,0,0,S,0,0,122604,44.99,2014,67,26.48,13.98
74848,Historical,609798,0,0,S,0,0,995703,42.95,2010,84,26.48,7.05
74849,Historical,627855,0,0,S,2,1,39990,97.95,2013,31,33.94,51.76
74850,Historical,867615,0,0,S,7,1,19158,84.99,2014,63,40.99,43.95
74851,Historical,539458,0,0,S,3,1,24928,56.2,2013,35,26.9,35.81
74852,Historical,616047,0,0,S,2,1,408559,45.95,2006,78,5.39,11.75
74854,Historical,533721,0,0,S,10,1,28606,77.99,2011,111,44.79,43.99
74855,Historical,867446,0,0,S,3,1,4423,114.95,2014,87,56.66,76.97
74856,Historical,547033,0,0,S,4,1,568303,129,2010,45,26.09,27.99
74857,Historical,147072,0,0,S,3,1,885437,71.95,2003,73,62.27,5.46
74858,Historical,147686,0,0,S,5,1,1532223,115.95,2010,15,16.91,41.29
74859,Historical,211008,0,0,S,4,1,951693,37.95,2008,104,3.99,7.74
74860,Historical,874311,0,0,S,7,1,10959,62.95,2015,84,44.17,41.51
74861,Historical,582305,0,0,S,3,1,885690,50,2011,15,0,43.03
74862,Historical,118351,0,0,S,5,1,125271,66.2,2011,63,16.44,33.99
74863,Historical,743941,0,0,S,7,1,5537586,114.43,2009,17,41.94,126.83
74864,Historical,663760,0,0,S,3,1,37256,115.95,2013,58,44.72,54.68
74865,Historical,610330,1,1,S,8,1,4110,91.95,2013,84,41.94,58.99
74866,Historical,200595,0,0,S,2,1,911131,121.95,2010,52,57.56,91.27
74867,Historical,561726,0,0,S,8,1,1193946,171.95,2012,28,86.95,602.99
74868,Historical,611935,0,0,S,8,1,822466,182.71,2013,11,86.95,148.99
74869,Historical,288832,0,0,S,3,1,243160,64.95,2010,53,26.2,31.99
74870,Historical,218501,0,0,S,2,1,2432247,58.95,1996,39,26.2,7.98
74871,Historical,1696711,1,1,S,4,1,87196,68.95,2015,40,36.39,41.48
74872,Historical,610329,0,0,S,8,1,20727,80.95,2013,72,39.28,31.18
74873,Historical,644390,0,0,S,5,1,186382,70.95,2013,74,31.99,34.99
74874,Historical,864712,0,0,S,8,1,16191,74.95,2014,106,40.3,38.99
74875,Historical,2252872,0,0,S,3,1,1114834,48.71,2010,45,9.33,20.98
74876,Historical,613933,1,3,S,3,1,92530,38.95,2010,140,9.33,11.97
74878,Historical,52254,0,0,S,10,1,442352,141.95,2005,106,119.47,9.95
74879,Historical,607043,0,0,S,19,1,3217955,0,2007,19,27.3,29.98
74880,Historical,538526,0,0,S,25,1,1021715,103.9,2013,33,27.3,42.72
74881,Historical,262753,0,0,S,2,1,650440,72.95,2008,33,46.96,64.13
74882,Historical,640710,0,0,S,2,1,1457394,82.95,2002,42,46.96,52.78
74883,Historical,106102,0,0,S,6,1,58541,21.95,2007,59,5.3,13.3
74884,Historical,867144,0,0,S,4,1,104445,118.07,2014,37,71.99,87.72
74885,Historical,561533,0,0,S,3,1,560996,132.47,2011,52,71.99,106.37
74886,Historical,624162,0,0,S,2,1,369776,139.95,1994,23,6.76,73.98
74887,Historical,169537,0,0,S,7,1,1371366,220.95,2007,64,4,23.67
74888,Historical,867303,0,0,S,6,1,34610,69.95,2014,53,38.23,45.93
74889,Historical,200461,0,0,S,5,1,125076,134.95,2009,56,10.95,48.05
74891,Historical,622225,0,0,S,4,1,306318,108.95,2013,47,41.57,40
74892,Historical,689982,0,0,S,8,1,10155,27.95,2009,36,28.98,28.84
74893,Historical,614112,0,0,S,7,1,521621,80.5,2003,43,11.15,16.96
74894,Historical,709320,0,0,S,1,0,947881,78,2008,36,11.15,33.07
74895,Historical,567544,0,0,S,3,1,1225127,42.95,2008,27,4.99,23.98
74896,Historical,1456079,1,3,S,3,1,1054438,140.2,2015,24,0,103.7
74897,Historical,618233,0,0,S,24,1,1414032,53.25,2012,39,0,18.99
74898,Historical,872335,0,0,S,2,1,652817,126,2013,29,154.7,17.94
74899,Historical,545680,0,0,S,6,1,42124,83.99,2012,92,53.49,42.84
74900,Historical,621989,0,0,S,4,1,425862,136.95,2008,60,53.95,51.74
74902,Historical,253967,0,0,S,11,1,566317,76.95,2009,47,15.31,42.98
74904,Historical,610476,1,1,S,7,1,18501,75.99,2013,77,35.69,43.99
74905,Historical,2036814,0,0,S,3,1,1976401,62.64,2006,39,7.4,36.47
74906,Historical,163471,0,0,S,5,1,21521,21.99,2011,36,12.76,12.98
74907,Historical,608401,0,0,S,4,1,1398267,21.99,2006,97,12.76,5.97
74908,Historical,619388,0,0,S,8,1,313518,120.25,2007,19,73.73,73.67
74909,Historical,877717,1,1,S,3,1,1655401,102.4,2012,24,97.13,42.71
74910,Historical,52255,1,1,S,12,1,12686,226.95,2010,129,119.47,43.89
74911,Historical,905201,0,0,S,3,1,58711,82.99,2014,12,46.74,42.31
74912,Historical,200551,1,1,S,3,1,287763,179.95,2010,45,50.29,65.57
74913,Historical,620854,0,0,S,2,1,852996,49.99,2006,52,11.46,28.98
74914,Historical,52891,0,0,S,4,1,3857883,125.95,2005,41,81.38,6.69
74915,Historical,164643,0,0,S,4,1,1130919,33.99,2003,51,31.92,41.79
74916,Historical,620309,1,1,S,3,1,95671,76.99,2007,38,13.27,38.98
74917,Historical,1435116,0,0,S,6,1,693656,54.08,2013,7,0,49.61
74918,Historical,830777,0,0,S,2,1,428779,65,1991,24,0,200.65
74919,Historical,650191,0,0,S,2,1,548347,131,1998,27,129.59,43.99
74920,Historical,539880,0,0,S,3,1,63708,83,2012,26,71.28,48.48
74921,Historical,52694,0,0,S,3,1,2629675,62.95,2003,85,57.3,15.89
74922,Historical,551108,0,0,S,9,1,783568,55.25,2012,10,0,49.34
74923,Historical,146742,0,0,S,2,1,254217,65.8,2011,51,17,28.97
74924,Historical,646979,0,0,S,2,1,140450,69.99,2013,30,46.58,51.76
74928,Historical,623544,0,0,S,0,0,46490,425.53,2008,31,0,45.61
74930,Historical,625306,1,1,S,20,1,115047,59.95,2009,36,31.87,41.9
74931,Historical,619908,0,0,S,2,1,154101,90,1996,35,4,36.99
74932,Historical,177415,0,0,S,4,1,321412,157.95,2003,63,7.07,71.97
74933,Historical,615802,0,0,S,0,0,373122,73.95,1977,54,0,38.99
74934,Historical,1768632,0,0,S,4,1,1036842,41,2014,16,38.83,37.64
74935,Historical,1768478,0,0,S,2,1,713286,44,2013,16,36.18,36.84
74936,Historical,655089,0,0,S,2,1,34496,39.99,2013,67,19.92,24.28
74937,Historical,287394,0,0,S,3,1,340048,79.99,2007,23,26.99,67.99
74938,Historical,108313,0,0,S,6,1,3911068,10.2,2004,23,81.84,10.2
74939,Historical,113773,0,0,S,2,1,351060,129.8,2004,35,42.59,68.63
74940,Historical,184036,0,0,S,2,1,99857,129.95,2005,23,15.57,58.97
74941,Historical,527609,0,0,S,4,1,224544,217.95,2008,34,26.57,73
74942,Historical,608803,0,0,S,2,1,4012567,108.95,2001,22,26.57,13.99
74943,Historical,120994,0,0,S,2,1,923126,139.32,1997,37,27.69,70.11
74944,Historical,130109,0,0,S,2,1,167222,171.6,2002,48,43.99,24.48
74945,Historical,118563,0,0,S,2,1,403290,157.33,2006,32,13.99,23.23
74946,Historical,131655,1,2,S,2,1,306882,85,2002,45,5.64,44.14
74947,Historical,114847,0,0,S,4,1,2801455,46.67,2002,27,46.5,7.99
74948,Historical,610456,0,0,S,3,1,15109,37.5,2013,48,24.79,31.98
74949,Historical,175818,0,0,S,2,1,581130,84.99,2006,36,46.41,59.93
74951,Historical,527606,0,0,S,2,1,90387,59.95,2012,53,40.33,33.19
74952,Historical,545962,0,0,S,3,1,300083,69.95,2013,27,31.69,48.22
74953,Historical,527604,0,0,S,5,1,480003,69.99,2010,25,43.97,46.26
74954,Historical,667917,0,0,S,3,1,1199592,79.95,2004,13,72.47,69.97
74955,Historical,538307,0,0,S,4,1,310128,86,2014,46,49.1,69.39
74956,Historical,610457,0,0,S,7,1,23951,75.99,2013,42,38.7,36.97
74957,Historical,203373,0,0,S,4,1,3677721,49.95,2002,40,38.7,5.24
74958,Historical,627146,0,0,S,3,1,782528,53.99,2007,28,16.99,24.44
74959,Historical,621485,0,0,S,4,1,2130068,155,2001,27,94.88,29.83
74962,Historical,610485,0,0,S,2,1,112687,60,2014,16,31.14,36.71
74963,Historical,611890,0,0,S,2,1,190998,60,2014,32,12.52,20.98
74965,Historical,628734,0,0,S,1,0,104828,99,2009,26,0,0
74966,Historical,170101,1,1,S,1,0,927094,136.95,2009,35,9.72,39.97
74967,Historical,2572600,0,0,S,2,1,3899256,73.95,1991,32,76.99,7.98
74968,Historical,192820,0,0,S,2,1,1518989,78.95,2003,19,112.39,177.38
74969,Historical,2095441,0,0,S,3,1,836950,69.95,2015,23,58.74,60.12
74970,Historical,715400,0,0,S,7,1,1701440,48.91,2010,16,59.5,47.95
74971,Historical,227545,0,0,S,2,1,1072787,93,2007,47,33.18,38.99
74972,Historical,889410,0,0,S,2,1,7178005,65,1996,13,43.99,58.79
74973,Historical,187972,0,0,S,3,1,1085454,75.99,2000,32,0,38.99
74974,Historical,660870,0,0,S,2,1,360089,67.99,2013,12,0,50.26
74975,Historical,644464,0,0,S,2,1,92727,68.99,2013,20,40.29,40.97
74976,Historical,881675,0,0,S,4,1,88123,64.95,2015,21,56.86,48.36
74977,Historical,2014543,0,0,S,2,1,307579,72,2011,17,0,49
74978,Historical,60694,0,0,S,5,1,1320982,77.95,2001,37,63.06,49.98
74979,Historical,664230,0,0,S,2,1,61010,69.95,2013,33,36.48,56.87
74980,Historical,147622,0,0,S,3,1,201250,79.95,2011,39,27.27,51.94
74981,Historical,2698280,0,0,S,2,1,509108,55.95,2001,33,0,167.96
74982,Historical,274488,0,0,S,3,1,96873,53.98,2011,45,43.89,76.73
74983,Historical,300844,0,0,S,2,1,492831,110,2008,28,43.89,69.51
74985,Historical,633623,0,0,S,2,1,133198,44.95,2009,28,0,0
74986,Historical,53966,0,0,S,4,1,1534003,167.95,2001,70,183.46,12.98
74987,Historical,118656,0,0,S,7,1,1326497,110,1995,47,4,40.98
74988,Historical,1739908,0,0,S,3,1,819015,49.99,2012,28,0,41.99
74990,Historical,658100,0,0,S,0,0,1378944,112.05,2013,29,16.48,48.99
74991,Historical,2663894,0,0,S,6,1,8784095,85,1997,23,41.72,44.25
74992,Historical,881751,0,0,S,0,0,1235015,8.76,2012,17,0,7.98
74993,Historical,133085,0,0,S,6,1,428857,146,2010,69,28.75,36.74
74995,Historical,127565,0,0,S,0,0,878322,69.95,2010,59,13.53,13.89
74996,Historical,158084,0,0,S,2,1,972486,56.95,2004,27,33.99,18.93
74998,Historical,163077,0,0,S,3,1,251653,44.99,2010,46,6.98,11.81
74999,Historical,766556,0,0,S,3,1,3312041,101.95,1997,25,41.11,13.99
75000,Historical,248785,0,0,S,1,0,608135,89.95,2005,15,119.97,67.93
75001,Historical,145064,0,0,S,2,1,277204,55,2005,62,0,27.62
75002,Historical,544227,0,0,S,1,0,622984,49.95,2012,17,0,24.9
75003,Historical,2027594,0,0,S,0,0,418517,59.95,2014,10,47.98,56
75004,Historical,244097,1,1,S,1,0,1288293,118.95,2010,27,68.99,115.2
75005,Historical,1781338,1,1,S,1,0,348,79.95,2015,44,40.99,39.1
75006,Historical,1780850,0,0,S,3,1,607675,19.95,2014,77,12.37,7.44
75007,Historical,867409,1,1,S,14,1,43935,45.95,2014,128,23.99,14.94
75008,Historical,527577,1,1,S,2,1,1370,38,2012,342,10.89,18.99
75009,Historical,527576,0,0,S,4,1,2011,40,2012,48,20.38,22.68
75010,Historical,655079,0,0,S,2,1,439468,44.99,2013,19,11.1,21.48
75011,Historical,904070,0,0,S,11,1,1174262,31.99,2009,29,23.99,59.45
75012,Historical,1732018,0,0,S,5,1,24905,25.95,2014,33,0,18.32
75013,Historical,632078,0,0,S,1,0,83889,38,2012,13,0,0
75014,Historical,867264,0,0,S,3,1,119407,70,2012,45,37.84,56.7
75015,Historical,2070434,0,0,S,4,1,1249730,93.28,2009,27,38.24,50.94
75016,Historical,877254,0,0,S,8,1,1910938,148.02,2006,28,190.79,90.39
75017,Historical,900750,0,0,S,7,1,957793,68.93,2002,42,13.99,57.89
75018,Historical,2255079,0,0,S,8,1,573675,156.89,2007,19,0,132.79
75019,Historical,1575116,0,0,S,9,1,70507,106.95,2011,27,0,82.85
75020,Historical,567773,0,0,S,9,1,234913,106.95,2011,22,0,0
75021,Historical,1658890,0,0,S,4,1,1508796,48.05,2011,16,31.84,58.82
75022,Historical,148141,0,0,S,8,1,528431,67.95,2004,33,40.49,72.91
75023,Historical,1629966,0,0,S,7,1,843405,105,2013,22,43.98,33.5
75025,Historical,142895,0,0,S,4,1,1746260,29,2002,33,35.93,41.2
75026,Historical,890849,0,0,S,6,1,130520,43,2014,16,35.93,42.6
75028,Historical,566570,0,0,S,2,1,742200,85,2002,35,5.51,18.54
75029,Historical,591704,0,0,S,3,1,935202,56.95,2009,29,34.74,43.22
75030,Historical,701916,0,0,S,2,1,1057180,42,2010,22,22,22.49
75031,Historical,212707,0,0,S,2,1,41122,39.99,2007,103,15.55,27.67
75032,Historical,916071,0,0,S,2,1,161665,49.99,2014,32,26.98,8.75
75033,Historical,555273,0,0,S,1,0,267862,44.95,1993,38,0,34.74
75034,Historical,924246,0,0,S,3,1,319576,65,2014,28,50.44,45.94
75035,Historical,57959,0,0,S,7,1,1310576,84.95,2003,133,115.57,22.35
75036,Historical,1593305,0,0,S,1,0,812141,99.99,2006,19,55.41,63.04
75037,Historical,290633,0,0,S,6,1,288381,84.5,2005,50,11.5,46.01
75038,Historical,867484,0,0,S,5,1,18858,79.95,2014,52,54.28,57.59
75039,Historical,896832,0,0,S,2,1,236977,59.95,2014,19,43.18,41.41
75040,Historical,1784340,0,0,S,2,1,267842,44,2013,24,37.16,34.37
75041,Historical,205915,0,0,S,3,1,453572,25,2003,86,15.01,7.44
75042,Historical,112057,1,1,S,4,1,24658,118.5,2011,58,29.97,53.99
75043,Historical,248804,0,0,S,3,1,434122,59.95,2007,18,31.94,42.35
75044,Historical,803849,0,0,S,3,1,1304159,49.95,2006,20,8.57,382.03
75045,Historical,593987,0,0,S,5,1,75764,41.95,2011,40,23.99,33.97
75046,Historical,644398,0,0,S,2,1,922194,52.95,2013,44,35.86,39.42
75047,Historical,50697,1,1,S,5,1,27442,153.8,2010,86,80.36,103.9
75048,Historical,50696,0,0,S,2,1,943074,92,1998,46,80.36,21.99
75049,Historical,53777,0,0,S,4,1,1381366,19.93,2004,77,45.39,17.79
75051,Historical,640733,0,0,S,4,1,1506956,44,2008,30,0,18.89
75052,Historical,188099,1,1,S,0,0,4012,40,2004,136,18.48,20.93
75053,Historical,2583081,0,0,S,0,0,487214,49.95,1992,21,0,22.95
75056,Historical,639813,0,0,S,3,1,487323,70,2012,40,43.97,52.5
75057,Historical,184343,0,0,S,2,1,680730,72.95,1999,14,0,43.46
75058,Historical,127056,0,0,S,2,1,50023,44.95,2006,52,23.99,37.99
75059,Historical,2038865,0,0,S,0,0,1227586,24.95,2014,15,28.99,16.49
75060,Historical,758103,0,0,S,1,0,472392,50,2003,46,0,9.22
75061,Historical,177630,0,0,S,3,1,720882,193.95,2004,26,15.8,69.5
75062,Historical,527547,0,0,S,2,1,765226,49.95,2007,24,3.99,8.99
75063,Historical,111036,0,0,S,8,1,274785,58.85,2009,24,4.78,92.55
75064,Historical,852123,0,0,S,5,1,1848479,39.06,2000,22,4.92,17.99
75065,Historical,644111,0,0,S,0,0,38992,40,2006,38,25.9,29.49
75066,Historical,171936,0,0,S,0,0,701359,42.95,2002,21,0,34.04
75067,Historical,622905,0,0,S,0,0,558919,44.95,1987,23,0,31.82
75068,Historical,527544,0,0,S,0,0,471788,12.95,2008,42,65.28,10.55
75069,Historical,127587,0,0,S,2,1,199552,62.95,2010,34,46.16,46.7
75070,Historical,102683,0,0,S,30,1,492,15.99,2006,253,7.31,11.12
75071,Historical,910847,0,0,S,2,1,436500,48.54,1985,38,0,43.36
75072,Historical,534763,0,0,S,17,1,1629599,99.95,2012,22,9.68,34.65
75073,Historical,653717,0,0,S,13,1,3836430,137.95,2008,14,63.13,73.29
75075,Historical,144962,0,0,S,2,1,1479021,40,2004,32,18.76,45.96
75076,Historical,536460,0,0,S,5,1,267433,50.8,2012,82,18.76,45.64
75077,Historical,2612734,0,0,S,2,1,221261,39.99,2001,27,25.59,29.97
75079,Historical,2164087,0,0,S,0,0,192411,49.99,2013,3,106.87,39.12
75080,Historical,145549,0,0,S,5,1,920682,111,2006,38,4,51.94
75081,Historical,867134,1,3,S,9,1,16221,100.2,2014,47,55.7,68.21
75082,Historical,862201,0,0,S,4,1,99636,81,2014,40,33.44,41.65
75083,Historical,603421,0,0,S,3,1,466735,62,2011,35,14.74,33.87
75084,Historical,1648783,0,0,S,1,0,1217384,39.95,2014,15,0,29.82
75085,Historical,115776,0,0,S,3,1,174370,130.2,2003,17,0,0
75086,Historical,115777,0,0,S,3,1,540486,124.4,2003,28,4,55.99
75087,Historical,126425,0,0,S,3,1,365596,97.95,2000,11,0,82.51
75088,Historical,3006730,0,0,S,4,1,14774,44.95,2015,3,150.66,39.62
75089,Historical,2113740,0,0,S,2,1,111554,54.99,2013,10,0,49.49
75091,Historical,612473,0,0,S,2,1,670542,49.99,2014,38,36.93,32.05
75092,Historical,185936,0,0,S,3,1,3214537,59.99,2004,29,48.03,21.98
75093,Historical,108361,0,0,S,4,1,6253077,52.5,2005,36,12.95,11.81
75094,Historical,673975,0,0,S,2,1,165190,9.94,2012,33,0,0
75095,Historical,165145,0,0,S,5,1,1973330,96.6,1998,50,92.87,17.98
75096,Historical,290223,0,0,S,8,1,304659,221,2009,45,67.59,87.99
75097,Historical,902126,0,0,S,2,1,17800,72,2014,40,64.99,63.94
75098,Historical,348476,0,0,S,4,1,455219,182.95,2006,13,0,19.46
75099,Historical,314654,0,0,S,3,1,58384,238.4,2003,32,0,0
75100,Historical,144929,0,0,S,6,1,383573,213.6,2004,57,7.82,103.96
75101,Historical,1560014,0,0,S,2,1,461013,35.95,2010,31,12.74,33.08
75102,Historical,183548,1,1,S,1,0,293682,250.95,2009,51,0,93.43
75103,Historical,538681,0,0,S,3,1,837854,215,2012,24,83.98,129.69
75104,Historical,1440028,0,0,S,2,1,852675,84.9,2009,21,0,68.94
75105,Historical,137455,0,0,S,3,1,3791253,87,2000,46,66.33,42.99
75106,Historical,163500,0,0,S,2,1,1465923,98.99,2009,22,19.98,89.91
75107,Historical,147967,0,0,S,2,1,796640,236.95,2006,40,4.37,9.87
75108,Historical,51032,0,0,S,8,1,488774,267.4,2006,24,192.32,97.98
75109,Historical,326376,1,1,S,5,1,473957,125,2007,14,66.33,120.93
75110,Historical,51039,0,0,S,8,1,1321984,13.48,2006,73,143.39,13.94
75111,Historical,308633,0,0,S,2,1,3925884,0,2003,24,101.02,110.47
75112,Historical,109417,0,0,S,3,1,333850,43.79,2007,28,13.97,42.44
75113,Historical,537865,0,0,S,5,1,3669756,94,1992,19,114.64,47.77
75114,Historical,527520,0,0,S,4,1,998740,409.99,2012,33,24.62,21.34
75115,Historical,1936150,0,0,S,0,0,486186,205.99,2010,17,0,22.44
75116,Historical,2018333,0,0,S,4,1,1569238,91.25,2012,12,4,9.18
75117,Historical,527515,0,0,S,2,1,1044945,99.95,2005,26,91.43,131.17
75118,Historical,1519225,0,0,S,4,1,733913,56.99,2015,12,52.21,41.97
75119,Historical,2338737,0,0,S,2,1,9635592,109.35,1991,18,147.99,45.4
75120,Historical,2338860,0,0,S,4,1,483815,133.5,1977,24,56.98,69.94
75121,Historical,1586284,0,0,S,4,1,755746,94.99,2010,31,22.11,60.81
75122,Historical,637020,0,0,S,2,1,414214,55,2010,12,0,0
75123,Historical,868190,0,0,S,2,1,416506,97,1987,45,63.99,32.7
75124,Historical,162088,0,0,S,1,0,357188,105,2007,26,0,50.07
75125,Historical,866660,0,0,S,2,1,34368,85,2014,22,62.99,57.18
75126,Historical,193190,0,0,S,4,1,750354,39.95,2002,30,57.99,8.84
75127,Historical,627073,0,0,S,2,1,596478,95,2005,72,29.97,46.08
75128,Historical,679644,0,0,S,1,0,396138,29.99,2006,87,18.58,6.23
75129,Historical,627595,0,0,S,2,1,590432,46,2005,39,7.92,11.16
75130,Historical,617357,0,0,S,8,1,350577,93.02,2011,41,179.94,138.99
75131,Historical,117724,0,0,S,2,1,638955,29.99,2005,126,24.99,7.83
75133,Historical,250074,0,0,S,2,1,1486725,104.95,2006,30,0,43.97
75134,Historical,298509,0,0,S,1,0,751491,172.95,2006,28,57.43,78.98
75136,Historical,527505,0,0,S,2,1,557910,63,2011,18,22.03,39.71
75137,Historical,631465,0,0,S,2,1,1074966,63,2011,25,12.14,18.86
75138,Historical,660655,0,0,S,1,0,131210,80,2013,31,18.34,41.01
75139,Historical,664102,0,0,S,1,0,84530,72,2014,14,20.86,44.48
75140,Historical,620320,0,0,S,1,0,434705,80,2006,33,0,0
75141,Historical,646060,0,0,S,5,1,319263,49.99,2013,50,28.86,32.02
75142,Historical,538193,0,0,S,1,0,1069606,64.99,2009,29,13.99,13.98
75143,Historical,115991,0,0,S,3,1,2053271,64.99,2003,25,38.71,38.26
75144,Historical,630010,0,0,S,1,0,558849,62,2010,29,18.75,14.26
75145,Historical,121325,0,0,S,4,1,40282,69.99,2009,24,28.31,62.46
75146,Historical,1752767,0,0,S,3,1,1214193,69.95,2014,11,0,60.9
75147,Historical,1437431,0,0,S,1,0,860578,60,2014,29,13.08,38.32
75148,Historical,527501,0,0,S,1,0,450213,75,2004,79,4.38,15.96
75149,Historical,250075,0,0,S,2,1,841703,172.95,2006,49,5.25,16.95
75150,Historical,661939,0,0,S,3,1,1209445,115,2013,16,42.98,31.99
75151,Historical,192859,0,0,S,2,1,1400427,125,2001,20,140.13,82.16
75152,Historical,276793,0,0,S,11,1,1713657,47.95,2000,25,8.55,19.99
75153,Historical,262738,0,0,S,2,1,151272,23.95,2007,73,11.6,9.45
75154,Historical,664946,0,0,S,2,1,319513,110,2013,22,9.36,43.99
75155,Historical,628244,0,0,S,5,1,505734,92.95,2009,23,70.79,53.84
75156,Historical,57457,0,0,S,8,1,212719,199,2010,24,6.84,127.83
75157,Historical,545901,0,0,S,6,1,160929,103,2013,115,60.36,45.98
75158,Historical,533389,0,0,S,3,1,82141,36.95,2012,30,20.32,28.45
75159,Historical,386755,0,0,S,4,1,205588,55.95,2007,47,21.17,28.99
75160,Historical,660668,0,0,S,3,1,40287,99.95,2013,40,61.19,48.93
75161,Historical,465682,0,0,S,0,0,464320,41.95,2004,20,0,30.97
75162,Historical,246685,0,0,S,3,1,294740,26.95,2008,29,17.88,13.49
75163,Historical,116689,0,0,S,3,1,554567,60.4,2003,53,0,46.25
75164,Historical,563053,0,0,S,2,1,1341446,74.95,2006,23,77.97,44.9
75165,Historical,2538158,0,0,S,3,1,386069,43.95,2001,20,0,43.94
75166,Historical,192009,0,0,S,2,1,614438,102.93,2006,37,12.78,62.38
75167,Historical,111385,0,0,S,7,1,625413,178.5,2010,54,0,30.34
75168,Historical,53731,1,1,S,6,1,465899,13.49,2003,94,49.81,15.53
75170,Historical,52148,0,0,S,7,1,328618,379.95,2007,60,173.99,68.83
75171,Historical,861575,1,1,S,7,1,628268,197.13,2013,36,141.99,193.77
75172,Historical,620218,0,0,S,2,1,28031,179.95,2012,40,66.91,71.33
75173,Historical,212468,0,0,S,3,1,3007772,139,1995,44,13.94,39.59
75174,Historical,552358,0,0,S,4,1,2489630,88,2005,74,141.99,8.99
75175,Historical,849750,0,0,S,10,1,2671414,117.96,1999,29,119.94,32.27
75176,Historical,623320,1,4,S,7,1,155300,214.95,2013,35,111.31,40.99
75177,Historical,56340,1,1,S,2,1,39016,145.95,2008,53,49.56,112.37
75178,Historical,879427,0,0,S,5,1,1388788,0,2002,101,153.43,176.09
75179,Historical,125929,1,1,S,4,1,1126394,89.95,2001,78,13.94,33.94
75180,Historical,770360,0,0,S,11,1,3318458,166.76,2002,20,119.94,98.68
75182,Historical,176941,1,1,S,2,1,206997,424.95,2005,112,18.99,130.4
75183,Historical,199969,1,1,S,3,1,918913,119.95,2004,33,22.54,61.75
75184,Historical,102655,0,0,S,2,1,965151,15.95,2006,38,114.99,88.59
75185,Historical,569422,0,0,S,5,1,3952392,165.95,1994,29,12.04,69.47
75186,Historical,121668,0,0,S,2,1,481808,193.07,1997,45,217.38,45.4
75187,Historical,553881,0,0,S,6,1,304017,201.6,1992,65,13.17,78.58
75188,Historical,52794,0,0,S,8,1,429730,10.78,2003,178,144.96,8.75
75189,Historical,177078,0,0,S,6,1,458066,134.95,2003,111,173.99,13.98
75190,Historical,276772,0,0,S,2,1,674440,144.5,2005,67,41.56,53.98
75191,Historical,57535,0,0,S,6,1,1411408,197.13,2005,28,139.58,113.92
75192,Historical,50356,0,0,S,6,1,1057706,186.75,2006,50,153.43,46.94
75193,Historical,51725,0,0,S,4,1,1393688,25.99,2002,113,128.99,32.99
75194,Historical,2311997,0,0,S,2,1,993510,88.95,1996,19,18.38,21.99
75195,Historical,101333,0,0,S,3,1,251949,257.95,2000,69,18.38,46.41
75196,Historical,537086,0,0,S,2,1,23824,85.4,1983,75,41.84,39.96
75197,Historical,866757,0,0,S,3,1,65809,99.95,2014,39,35.69,54.15
75199,Historical,628519,0,0,S,6,1,1066411,112.37,2010,33,28.99,45.67
75200,Historical,1517322,0,0,S,7,1,118431,105.8,2013,47,73.91,67.99
75201,Historical,182864,0,0,S,5,1,381702,210.95,2003,54,56.29,49.44
75202,Historical,890291,0,0,S,0,0,588391,160.51,2009,12,0,91.67
75203,Historical,176876,1,1,S,3,1,119811,160.95,2001,113,27.8,38.98
75205,Historical,625958,0,0,S,2,1,178116,53,2008,29,37.97,38.37
75206,Historical,669013,0,0,S,1,0,475148,54.95,2012,21,0,41.48
75208,Historical,629923,0,0,S,2,1,5425617,59,1994,29,41.27,45.54
75209,Historical,54091,0,0,S,7,1,3364951,193.95,2000,35,136.49,4.77
75210,Historical,2436670,0,0,S,5,1,2988874,85.31,1999,21,9.28,38.49
75212,Historical,616273,0,0,S,5,1,4194128,36.15,1994,25,5.29,5.49
75213,Historical,2095894,0,0,S,1,0,1197567,45.99,2011,13,0,45.99
75214,Historical,53734,0,0,S,3,1,719028,294.95,2006,29,48.99,100.67
75215,Historical,533687,0,0,S,11,1,21029,375.95,2012,79,203.99,122.97
75217,Historical,537164,0,0,S,3,1,92733,65.95,2013,41,32.1,53.24
75218,Historical,919301,0,0,S,1,0,19138,137,2014,41,58.31,63.77
75219,Historical,57481,0,0,S,12,1,5536729,25.21,2006,11,149.89,25.2
75220,Historical,755769,0,0,S,3,1,830798,41.98,2011,10,92.99,56.99
75221,Historical,878142,0,0,S,2,1,1141949,602.99,2010,24,118.87,140.57
75222,Historical,120139,1,2,S,3,1,129882,150.4,2011,40,41.99,107.44
75223,Historical,50373,0,0,S,7,1,3359139,12.99,2003,40,88.98,12.98
75224,Historical,158332,0,0,S,1,0,935382,87.95,2009,21,62.31,74.3
75225,Historical,157707,0,0,S,4,1,664547,87.95,2010,30,7.09,48.99
75226,Historical,2375007,0,0,S,6,1,3831962,80,1994,31,113.99,18.99
75227,Historical,2264215,0,0,S,3,1,1175838,69.83,2012,20,41.02,56.05
75228,Historical,110191,0,0,S,2,1,60698,212,2008,61,48.96,60.98
75229,Historical,1747370,0,0,S,1,0,1166489,33.97,2009,25,0,26.37
75231,Historical,716549,0,0,S,8,1,3295005,120.27,2011,23,46.97,47.76
75232,Historical,896377,0,0,S,11,1,6868074,164.8,2004,12,33.7,113.85
75233,Historical,555771,0,0,S,3,1,184481,99.95,2009,46,72.57,86.7
75234,Historical,612076,0,0,S,2,1,409769,89.2,2012,26,151.29,98.67
75237,Historical,248170,0,0,S,2,1,832925,89,2010,40,50.34,75.67
75238,Historical,1584477,0,0,S,2,1,640499,54.99,2011,23,45.47,48.55
75239,Historical,615347,1,1,S,3,1,120173,180.2,1979,95,0,19.96
75240,Historical,658184,0,0,S,1,0,117088,49.95,2012,19,0,34.49
75241,Historical,2647479,0,0,S,2,1,106932,39.95,1993,27,15.21,26.41
75242,Historical,118968,0,0,S,10,1,116612,103.95,2008,46,32.99,65.95
75243,Historical,285759,0,0,S,5,1,408630,77.4,2002,46,28.97,92.19
75244,Historical,247555,0,0,S,2,1,471791,89,2006,29,46.96,37.17
75245,Historical,177511,1,1,S,7,1,2586086,103.95,2002,51,75.77,15.96
75246,Historical,254046,0,0,S,6,1,258836,49.95,2010,30,7.92,38.15
75247,Historical,527472,0,0,S,4,1,1045334,77,2009,24,19.18,43.89
75248,Historical,243784,0,0,S,4,1,43972,39.95,2010,15,0,37.95
75249,Historical,121023,0,0,S,1,0,934036,117.33,1996,18,120.05,76.97
75250,Historical,177809,1,1,S,2,1,415429,148.95,2003,58,18.72,28.39
75251,Historical,244210,0,0,S,7,1,264701,147.95,2012,44,38.99,63.47
75252,Historical,621499,0,0,S,4,1,130118,160.4,1998,58,30.06,43.67
75253,Historical,527469,0,0,S,2,1,144611,68.95,2011,43,44.26,48.72
75254,Historical,544573,0,0,S,7,1,829734,106.95,2013,24,123.99,83.98
75255,Historical,1473641,0,0,S,2,1,888163,49.95,2014,19,40.37,38.08
75256,Historical,174508,0,0,S,2,1,624881,34.99,1999,44,7.66,24.56
75257,Historical,246837,0,0,S,3,1,226494,39.95,2008,37,26.99,29.2
75258,Historical,2533819,0,0,S,2,1,173853,45.95,1999,35,25.48,39.66
75259,Historical,872449,0,0,S,2,1,3484717,164.95,1994,24,73.93,10.84
75260,Historical,2675781,0,0,S,2,1,106178,58.09,1994,18,0,64.96
75261,Historical,1925974,0,0,S,0,0,437467,39.99,2012,22,36.99,38.86
75262,Historical,210944,0,0,S,1,0,840083,26.95,2005,17,14.52,95.16
75263,Historical,298880,0,0,S,2,1,332541,81.95,2010,43,66.23,24.47
75264,Historical,901776,0,0,S,2,1,6716899,105,1994,18,91.89,72.79
75265,Historical,257621,0,0,S,2,1,98604,59.95,2006,17,41.98,50.65
75266,Historical,893129,0,0,S,3,1,158646,58.95,2015,26,4,42.3
75267,Historical,210990,0,0,S,2,1,205097,52.95,2009,43,4,38.88
75268,Historical,527458,0,0,S,2,1,92881,62.95,2009,37,38.55,44.01
75269,Historical,55847,0,0,S,3,1,663481,69.95,1997,75,88.98,12.84
75270,Historical,294120,0,0,S,3,1,3152799,225,2000,20,70.19,163.23
75271,Historical,1518320,0,0,S,4,1,498819,46.99,2014,20,36.98,35.71
75273,Historical,211048,0,0,S,2,1,35400,90.95,2011,63,42.44,54.3
75274,Historical,478789,0,0,S,4,1,302623,190.99,2006,39,5.92,55.48
75275,Historical,2663784,0,0,S,3,1,9961524,98,1991,17,71.98,41.6
75276,Historical,664331,0,0,S,3,1,89521,60.95,2013,65,37.45,46.24
75277,Historical,174446,0,0,S,2,1,141798,11,2005,76,0,38.89
75278,Historical,133261,0,0,S,9,1,182351,119.95,2010,38,41.91,66.68
75279,Historical,702261,0,0,S,3,1,602746,104,2012,26,22.49,69.49
75280,Historical,173937,0,0,S,2,1,78920,39.99,2005,56,18.47,29.03
75281,Historical,195429,0,0,S,4,1,30961,26,2005,186,0,40.87
75282,Historical,146314,0,0,S,4,1,170537,160.4,2010,45,28.55,99.86
75283,Historical,2301924,1,1,S,0,0,427102,66.92,2004,30,6.05,19.99
75284,Historical,2301880,1,1,S,0,0,1055099,65.88,2003,77,6.05,25.77
75286,Historical,576783,0,0,S,2,1,61287,34.79,2013,87,5.46,22.5
75287,Historical,262783,0,0,S,7,1,16776,57.95,2011,106,43.97,33.99
75289,Historical,868735,0,0,S,0,0,277166,79.28,2005,46,24.19,42.98
75291,Historical,60705,0,0,S,9,1,617003,131.95,2004,48,114.19,42.02
75292,Historical,177696,1,5,S,8,1,215207,105.95,2001,63,114.19,21.89
75293,Historical,276797,0,0,S,3,1,4086115,39.95,2000,25,43.69,17.98
75294,Historical,127263,0,0,S,4,1,1266079,49.95,2003,36,43.69,45.4
75295,Historical,198153,0,0,S,1,0,384296,98.95,2013,16,79.99,602.99
75296,Historical,285612,0,0,S,1,0,1383977,116,2002,45,0,27.99
75297,Historical,118128,0,0,S,5,1,1652437,101.29,2006,29,52.65,18.99
75298,Historical,130377,1,1,S,6,1,186207,158.4,2011,43,46.69,93.99
75299,Historical,872074,0,0,S,6,1,2197189,86,2011,17,46.69,53.49
75300,Historical,130376,1,1,S,6,1,17535,125.8,2011,52,38.49,101.11
75301,Historical,130375,0,0,S,6,1,9922,125.8,2011,79,11.72,41.98
75302,Historical,130387,0,0,S,7,1,1661938,120,2011,24,89.77,45.95
75304,Historical,633744,0,0,S,3,1,386448,69,2013,38,48.85,40.03
75306,Historical,545686,0,0,S,3,1,340206,74.99,2013,22,44.58,34.95
75309,Historical,261084,0,0,S,3,1,693449,69.95,2008,55,22.11,66.19
75310,Historical,293259,0,0,S,6,1,54856,72,2005,42,29.77,50.42
75313,Historical,1617813,0,0,S,2,1,346000,39.99,2010,13,22.98,21.96
75314,Historical,624065,0,0,S,4,1,628629,154.25,2005,36,55.87,72.52
75316,Historical,641499,0,0,S,2,1,244160,36.5,2009,26,27.39,34
75318,Historical,1471168,0,0,S,2,1,118961,41.95,2014,20,24.19,31.87
75319,Historical,199064,0,0,S,2,1,724594,84,2005,36,0,0
75320,Historical,527443,0,0,S,8,1,941897,30.75,2010,23,0,45.66
75321,Historical,664166,0,0,S,2,1,933859,53,2013,19,10.2,11.36
75322,Historical,537146,0,0,S,3,1,19610,40,2012,28,20.57,25.89
75323,Historical,2689125,1,1,S,0,0,215206,22.89,2004,38,20.57,8.98
75324,Historical,723810,0,0,S,15,1,1802234,80,2008,23,2646.73,44.93
75325,Historical,129295,0,0,S,4,1,108729,24.95,2009,35,14.33,14.86
75326,Historical,2416570,0,0,S,5,1,1284303,60,2003,20,0,126.86
75328,Historical,527425,0,0,S,2,1,75716,41.38,2009,29,27.37,19.55
75330,Historical,128502,0,0,S,5,1,964269,60,1995,96,23.43,51.67
75331,Historical,1475559,0,0,S,2,1,1349697,71,2013,18,0,24.74
75332,Historical,126724,0,0,S,2,1,577089,65,2005,74,5.41,23.92
75333,Historical,527723,0,0,S,3,1,131664,65,2010,15,38.37,45.07
75335,Historical,128398,0,0,S,4,1,9803194,45,1996,61,30.99,9.47
75336,Historical,1475571,0,0,S,7,1,24947,12.95,2013,52,11.93,10.98
75337,Historical,664833,0,0,S,2,1,2542966,70,2013,18,33.78,18.41
75338,Historical,900718,0,0,S,0,0,757809,56,2012,12,0,18.22
75339,Historical,527419,0,0,S,2,1,1880764,60,2010,20,63.32,61.69
75340,Historical,1476342,0,0,S,0,0,912140,50,2012,17,25.99,46.57
75341,Historical,1475659,0,0,S,0,0,1003809,56,2012,14,53.73,46.57
75342,Historical,895056,0,0,S,6,1,717473,55,2014,15,41.68,31.5
75343,Historical,1477293,0,0,S,4,1,845483,59.95,2015,15,29.72,16.62
75344,Historical,652232,0,0,S,9,1,686733,53,2013,17,45.99,33
75345,Historical,647620,0,0,S,4,1,157442,53,2013,15,41.84,30.31
75346,Historical,403714,0,0,S,1,0,180919,55,2009,37,33.75,42.99
75347,Historical,898031,0,0,S,3,1,5656660,49.95,2004,15,28.64,69.11
75348,Historical,1474628,0,0,S,4,1,1348728,61,2012,21,0,37.98
75349,Historical,645984,0,0,S,1,0,447942,55,2010,22,53.31,43.5
75350,Historical,1477516,0,0,S,2,1,1320701,59.95,2015,10,36.21,32.09
75351,Historical,1475895,0,0,S,2,1,1805122,61,2013,18,41.79,36.5
75352,Historical,1469240,0,0,S,2,1,1860599,58,2009,14,21.76,28.54
75353,Historical,864242,0,0,S,2,1,1778445,58,2012,12,28.76,19.2
75354,Historical,637546,0,0,S,3,1,645844,61,2013,22,35.06,19.53
75355,Historical,1474481,0,0,S,3,1,611887,61,2011,13,6.02,23.6
75356,Historical,862208,0,0,S,4,1,181295,59.95,2014,14,0,0
75357,Historical,718075,0,0,S,1,0,87667,85,1999,127,0,15.09
75358,Historical,126894,0,0,S,2,1,187079,44.95,1996,65,0,20.67
75359,Historical,2416688,0,0,S,2,1,888189,52.5,1996,21,0,39.61
75360,Historical,869863,0,0,S,2,1,1109710,42.35,1996,15,0,45.01
75361,Historical,126895,1,1,S,2,1,92547,44.95,1996,41,28.39,39.28
75362,Historical,537180,0,0,S,2,1,188314,44.95,1997,41,0,36.5
75363,Historical,527403,0,0,S,2,1,5930,27.44,2008,35,0,19.89
75366,Historical,651908,0,0,S,2,1,89037,37.5,2008,28,0,0
75367,Historical,527395,0,0,S,4,1,152346,49.95,2008,67,11.89,69.69
75368,Historical,129451,0,0,S,0,0,380631,69.99,2011,22,0,71.11
75369,Historical,128471,0,0,S,4,1,366520,55,2007,46,19.89,34.99
75370,Historical,504327,0,0,S,0,0,33360,27.95,2004,365,14.04,6.96
75373,Historical,615575,1,1,S,2,1,615956,80.75,2001,46,0,11.98
75374,Historical,870970,0,0,S,2,1,3454265,56,1998,27,25.54,7.8
75375,Historical,914314,0,0,S,2,1,108472,60,2013,41,42.07,38.98
75376,Historical,165263,0,0,S,2,1,166431,65,2000,34,71.97,28.99
75377,Historical,1562968,0,0,S,5,1,2794702,40.95,2007,16,0,26.36
75378,Historical,616420,0,0,S,0,0,1473867,91.55,1994,47,4.89,18.99
75379,Historical,2401840,0,0,S,2,1,989311,50,1986,36,0,43.38
75381,Historical,622840,0,0,S,2,1,693656,71.95,1999,48,4.78,34.99
75383,Historical,527385,0,0,S,3,1,17004,9.99,2011,104,4,6.98
75384,Historical,200921,0,0,S,3,1,12326,9.99,2011,90,7.53,8.38
75385,Historical,553030,0,0,S,3,1,501268,88.2,2008,34,19.92,53.98
75386,Historical,1729405,0,0,S,0,0,383703,55,2015,10,0,39.56
75389,Historical,2596985,0,0,S,2,1,385393,99.99,1993,26,31.98,76.21
75390,Historical,632165,0,0,S,8,1,57508,70.25,2012,41,41.08,41.11
75391,Historical,1707747,0,0,S,2,1,992716,50,2006,28,14.49,44.4
75392,Historical,619776,1,1,S,3,1,404134,163.25,2010,25,0,0
75393,Historical,248899,0,0,S,2,1,300621,63.95,2006,38,16.99,43.99
75394,Historical,253998,0,0,S,2,1,589817,84.95,2011,21,52.99,59.95
75395,Historical,840411,0,0,S,3,1,959065,225.95,1994,48,0,61.79
75396,Historical,630322,0,0,S,2,1,762034,50,2001,17,0,44.38
75400,Historical,916614,1,1,S,3,1,922788,0,2009,33,42.86,13.98
75401,Historical,2096739,1,7,S,4,1,8394,231.91,2013,152,42.86,64.44
75402,Historical,2096745,0,0,S,4,1,40339,0,2012,38,87.44,103.99
75403,Historical,3104874,0,0,S,2,1,1745823,146.3,2005,13,149.71,675
75405,Historical,576759,0,0,S,4,1,1388144,106.63,2003,36,14.97,48.58
75406,Historical,663479,1,2,S,6,1,1655478,0,2013,21,18.64,5.04
75407,Historical,613980,0,0,S,3,1,11456,26.5,2004,79,0,16.05
75409,Historical,651856,0,0,S,4,1,182999,50,2009,15,20.28,23.98
75410,Historical,633787,0,0,S,1,0,540739,108,2012,14,0,97.27
75411,Historical,55414,0,0,S,3,1,2629782,216.95,2003,32,73.75,30.98
75412,Historical,591318,0,0,S,3,1,3281116,169.95,2003,28,73.75,7.33
75413,Historical,627528,0,0,S,2,1,274783,44.95,2008,49,322.35,31.99
75414,Historical,624481,0,0,S,3,1,1038061,170.8,2003,53,4,22.24
75415,Historical,637338,0,0,S,3,1,771095,94,2003,25,4.73,48.99
75416,Historical,200141,0,0,S,1,0,204764,124.95,2006,30,50.15,43.99
75417,Historical,620291,0,0,S,1,0,286041,124.95,2008,23,0,43.49
75418,Historical,638599,0,0,S,2,1,1473229,61.95,2005,29,26.04,48.98
75419,Historical,638007,0,0,S,4,1,343719,54.67,2012,32,0,37.2
75420,Historical,639763,0,0,S,4,1,140157,56.67,2012,37,0,39.99
75421,Historical,527375,0,0,S,4,1,410614,97.33,2012,42,0,63.57
75422,Historical,265042,0,0,S,0,0,1499230,59.95,2009,14,4.83,58.3
75423,Historical,527369,0,0,S,2,1,262854,52.4,2012,25,28.8,42.07
75424,Historical,1581613,0,0,S,2,1,772678,79.99,2013,25,33.54,52.97
75425,Historical,639983,0,0,S,2,1,120979,69.99,2011,22,35.22,44.24
75426,Historical,912674,0,0,S,2,1,2409616,46.95,2005,26,34.98,46.5
75427,Historical,607092,0,0,S,8,1,310026,71.25,2006,25,18.82,22.92
75428,Historical,1781314,0,0,S,1,0,105504,65,2015,12,0,47.77
75431,Historical,789156,0,0,S,4,1,5581167,129,2002,18,145.29,17.97
75432,Historical,1518964,0,0,S,5,1,319350,49.99,2015,13,41.98,36.74
75433,Historical,162938,1,1,S,4,1,181445,239,2010,76,44.83,118.95
75434,Historical,566610,1,1,S,3,1,865960,83.02,2005,80,5.62,9.31
75435,Historical,116799,0,0,S,2,1,517611,93.33,2004,61,21.05,81.29
75436,Historical,161705,0,0,S,2,1,59559,264,2007,71,67.73,69.99
75437,Historical,162507,0,0,S,2,1,133391,82,2008,22,67.73,58.62
75438,Historical,198381,0,0,S,2,1,98948,42.95,2010,50,13.01,37.43
75440,Historical,656369,0,0,S,2,1,357460,55,2009,19,0,0
75441,Historical,748819,0,0,S,3,1,1162031,73,2008,26,33.94,46.87
75442,Historical,3152907,0,0,S,2,1,2229598,44.95,1999,13,71.73,56.17
75443,Historical,270644,0,0,S,11,1,355840,80,2009,24,4.77,36.49
75444,Historical,624307,0,0,S,5,1,777995,44,2011,26,0,0
75445,Historical,145427,0,0,S,12,1,347394,81.6,2006,26,71.31,67.54
75446,Historical,607073,0,0,S,7,1,202032,135.25,2009,48,27.62,21.78
75447,Historical,110246,0,0,S,7,1,38318,181.25,2009,66,33.77,40.99
75449,Historical,536407,0,0,S,4,1,3767,79.95,2013,78,66.49,50.93
75451,Historical,3623114,0,0,S,2,1,87943,65,2016,10,0,61.01
75452,Historical,1737327,0,0,S,0,0,477001,89.95,2007,31,73.99,73.97
75453,Historical,3008650,0,0,S,2,1,122734,69.95,2015,11,63.83,60.22
75454,Historical,631924,0,0,S,3,1,351439,0,1995,44,4.77,45.4
75456,Historical,1768138,0,0,S,3,1,212414,35.75,2014,17,28.68,23.13
75458,Historical,582871,0,0,S,4,1,132316,69.95,1996,26,4,11.99
75459,Historical,651808,0,0,S,3,1,1056466,79.99,2012,20,47.1,59.43
75460,Historical,1855486,1,1,S,17,1,28672,49.99,2014,13,0,33.86
75461,Historical,802552,0,0,S,11,1,2657822,49.99,2005,44,35.89,16.79
75462,Historical,670544,0,0,S,2,1,715634,43,2012,16,29.05,42.98
75463,Historical,749154,0,0,S,3,1,1149892,49,2013,30,38.51,35.75
75464,Historical,881420,0,0,S,0,0,141783,59.99,2015,5,49.85,33.74
75465,Historical,881451,0,0,S,0,0,144829,59.99,2014,7,49.85,40.41
75466,Historical,906534,0,0,S,0,0,59543,39.99,2011,36,22.49,28.66
75467,Historical,906530,0,0,S,0,0,72625,39.99,2011,25,22.49,27.42
75468,Historical,2599901,0,0,S,0,0,567590,54.99,1998,24,0,39.93
75469,Historical,171949,0,0,S,1,0,489896,45,2003,54,0,22.38
75470,Historical,643958,0,0,S,3,1,84900,68.99,2009,39,8.98,47.99
75472,Historical,627486,1,1,S,2,1,550312,155.95,2009,51,63.99,78.98
75473,Historical,609219,0,0,S,4,1,313609,44.99,2008,112,12.73,21.99
75474,Historical,627401,0,0,S,13,1,366530,39,2010,29,17.29,15.4
75476,Historical,532346,0,0,S,5,1,82139,51.99,2013,44,12.73,17.9
75479,Historical,789654,0,0,S,2,1,1617025,285.99,2008,21,8.74,13.83
75480,Historical,646492,0,0,S,3,1,1375887,44.95,2008,20,38.99,47.99
75481,Historical,299850,0,0,S,0,0,207884,30.95,2005,31,14.32,8.21
75482,Historical,539521,0,0,S,3,1,47854,56.2,2013,34,28.64,35.62
75483,Historical,527346,0,0,S,2,1,70801,34.99,2009,28,14.32,17.22
75484,Historical,620713,0,0,S,0,0,376773,39.99,2009,23,21.32,16.35
75485,Historical,619016,0,0,S,3,1,1011260,41,2004,65,8.43,5.88
75486,Historical,538116,0,0,S,3,1,746053,48.99,2003,49,0,44.99
75487,Historical,146973,0,0,S,6,1,717637,91.95,2002,45,5.23,73.61
75488,Historical,615183,0,0,S,5,1,3521681,69.95,1996,25,5.23,8.93
75489,Historical,609493,0,0,S,5,1,797232,53.99,2006,32,0,26.87
75490,Historical,294183,0,0,S,4,1,314942,44.95,2008,57,22.84,28.97
75491,Historical,522976,0,0,S,5,1,5780,49.99,2012,42,22.84,25.78
75492,Historical,864718,0,0,S,7,1,115761,80,2014,41,48.95,43.98
75493,Historical,105825,1,1,S,4,1,1468739,54.95,2002,40,48.95,8.48
75494,Historical,203550,0,0,S,3,1,1594881,39.95,2002,71,41.98,9.49
75495,Historical,633833,0,0,S,1,0,61245,53.95,2012,38,0,42.77
75496,Historical,616931,1,6,S,1,0,18286,53.95,2011,28,0,31.94
75500,Historical,557452,0,0,S,2,1,504359,96.8,2009,51,0,23.98
75501,Historical,610260,0,0,S,3,1,1074625,134.4,2011,82,0,28.94
75502,Historical,651941,0,0,S,2,1,928010,36,2008,30,24.66,31.83
75503,Historical,633310,0,0,S,2,1,329978,64.95,2009,20,0,0
75504,Historical,247505,0,0,S,0,0,1359593,25.95,2004,16,19.28,49.99
75507,Historical,534738,0,0,S,3,1,409602,85.99,2013,61,43.59,36.55
75508,Historical,788785,0,0,S,5,1,233870,46.95,1999,22,5.19,73.83
75509,Historical,57147,0,0,S,6,1,2377780,56.95,2004,47,28.59,7.14
75510,Historical,527344,0,0,S,3,1,171817,77.99,2012,30,14.77,52.36
75511,Historical,203662,0,0,S,5,1,346971,61.99,2004,32,0,33.98
75513,Historical,255723,0,0,S,3,1,1518367,36.95,1998,56,28.98,41.48
75514,Historical,566290,0,0,S,2,1,97094,182,2000,98,0,53.99
75515,Historical,881419,0,0,S,1,0,235557,0,2013,4,28.65,83.98
75516,Historical,633361,0,0,S,4,1,222023,109,2008,27,62.05,66.97
75518,Historical,624656,0,0,S,2,1,74295,133.95,2013,34,74.28,59.47
75519,Historical,56678,0,0,S,6,1,13138,139,2010,100,60.44,68.93
75520,Historical,880454,1,3,S,13,1,1901,96,2014,95,56.66,43.99
75521,Historical,735593,1,5,S,12,1,272948,97.25,2011,30,56.66,46.39
75522,Historical,559922,1,1,S,9,1,1039393,7.14,2003,147,56.66,12.91
75523,Historical,1946655,0,0,S,13,1,57852,60.5,2015,35,0,52.97
75524,Historical,2405161,0,0,S,3,1,4625764,36.95,1990,68,15.99,15.99
75525,Historical,287043,0,0,S,5,1,39709,99.95,2006,94,15.99,69.61
75526,Historical,1597649,0,0,S,4,1,931702,104.23,2007,22,4.98,88.8
75528,Historical,144536,0,0,S,17,1,1717264,70.8,2003,50,45.17,42.58
75529,Historical,145238,0,0,S,6,1,489436,63.2,2006,20,37.08,7.96
75530,Historical,527341,0,0,S,7,1,410633,96.8,2008,35,37.08,63.6
75531,Historical,764587,0,0,S,2,1,918181,143.95,2001,40,35.93,78.77
75532,Historical,620727,0,0,S,0,0,155736,49.95,2012,41,0,0
75533,Historical,868184,0,0,S,2,1,31398,83.95,2014,30,66.19,53.98
75534,Historical,127315,0,0,S,0,0,713648,85.95,2011,98,58.99,12.99
75535,Historical,1471643,1,1,S,2,1,59228,89.95,2014,18,0,63.99
75536,Historical,860145,1,1,S,10,1,77774,106.95,2010,84,32.98,68.99
75537,Historical,1779938,0,0,S,1,0,87519,59.99,2015,13,0,33.97
75539,Historical,908938,0,0,S,0,0,396531,45.95,1998,28,0,32.99
75540,Historical,2407322,0,0,S,1,0,154035,50,1994,61,0,28.19
75541,Historical,162600,0,0,S,2,1,200574,95,2007,64,45.44,53.98
75544,Historical,658071,0,0,S,5,1,161535,49.95,2013,32,12.89,34.98
75545,Historical,1753878,0,0,S,2,1,85399,49.95,2013,21,0,49.95
75546,Historical,619009,1,1,S,5,1,487634,215.5,2005,41,0,45.48
75547,Historical,899112,1,1,S,7,1,1125409,43.95,2013,16,28.92,40.38
75549,Historical,655433,0,0,S,2,1,443450,66.95,2012,15,0,0
75550,Historical,1447005,0,0,S,4,1,199882,69.95,2014,17,52.24,40.14
75551,Historical,595957,0,0,S,3,1,237402,41.95,2003,19,0,33.91
75552,Historical,3033694,0,0,S,2,1,1568368,0,2004,48,34.66,12.49
75553,Historical,630183,0,0,S,4,1,49060,59.95,2007,15,0,0
75554,Historical,612509,1,1,S,35,1,309630,59.95,2014,36,14.38,48.06
75555,Historical,55844,0,0,S,29,1,292929,59.95,2007,68,3.99,6.27
75556,Historical,635214,0,0,S,2,1,388590,59.95,2008,32,31.48,39.96
75557,Historical,642072,0,0,S,3,1,53241,117,2013,50,30.34,62.09
75558,Historical,634275,0,0,S,1,0,193993,55.95,2011,22,0,47.55
75559,Historical,527331,0,0,S,8,1,343829,59.95,2012,83,49.84,40.92
75560,Historical,550247,0,0,S,5,1,3037852,57.75,2005,41,79.21,6.86
75561,Historical,2609281,0,0,S,0,0,1639329,59.99,1998,52,0,26.49
75563,Historical,120335,0,0,S,2,1,483177,64.2,2010,33,4.94,19
75564,Historical,55715,0,0,S,0,0,1108001,54.6,2010,49,40.33,13.99
75566,Historical,616539,0,0,S,3,1,518382,63.4,2010,71,0,0
75567,Historical,613534,0,0,S,2,1,144948,134.2,2010,69,0,31.87
75568,Historical,872617,1,9,S,3,1,55061,142.6,2014,58,29.77,45.57
75571,Historical,609782,0,0,S,15,1,1365757,52.95,2008,36,57.4,39.93
75572,Historical,743438,0,0,S,3,1,3480259,49.95,2002,17,41.98,48.75
75574,Historical,632458,0,0,S,2,1,1969816,57.95,2008,27,4.83,72.67
75575,Historical,3504561,0,0,S,5,1,196811,274.99,2016,0,0,274.99
75578,Historical,545629,0,0,S,3,1,84074,78.95,2013,29,38.98,47.79
75579,Historical,538233,0,0,S,2,1,497571,105,2011,31,30.92,61.96
75580,Historical,889052,0,0,S,3,1,186915,52.99,2014,20,47.04,35.98
75581,Historical,2159177,0,0,S,3,1,227178,219,2007,15,0,85.56
75582,Historical,592359,0,0,S,1,0,531372,59.95,2008,28,0,0
75583,Historical,3504676,0,0,S,2,1,315992,54.99,2016,0,0,54.99
75584,Historical,838377,0,0,S,3,1,3672630,387,1999,13,251.81,78.99
75585,Historical,646058,0,0,S,3,1,131978,64.95,2010,24,41.48,44.65
75588,Historical,1936387,0,0,S,2,1,47834,50.99,2014,25,23.54,26.16
75589,Historical,196803,0,0,S,2,1,2510006,62.95,1997,16,42.28,29.99
75591,Historical,656803,0,0,S,1,0,6483713,179.95,2000,3,86.98,93.49
75592,Historical,200530,1,1,S,1,0,127645,122.95,2011,36,0,55.95
75593,Historical,881497,0,0,S,6,1,91957,46.99,2015,10,43.87,39.92
75594,Historical,920148,0,0,S,2,1,5551,44.95,2014,69,26.33,29.94
75596,Historical,639520,0,0,S,1,0,647990,67.8,1996,29,80.55,51.08
75598,Historical,552399,0,0,S,2,1,96179,52,2005,46,26.29,37.98
75599,Historical,870861,0,0,S,2,1,1579448,55,2005,23,24.11,23.84
75600,Historical,527313,0,0,S,9,1,55298,22,2012,58,12.79,13.99
75601,Historical,137404,0,0,S,0,0,382955,47.95,2002,52,13.59,40.55
75602,Historical,182667,0,0,S,6,1,2750254,13.34,2002,33,62.33,13.34
75603,Historical,560380,0,0,S,5,1,419569,289.95,1999,43,10.28,52.37
75604,Historical,638371,0,0,S,6,1,86435,64.95,2009,25,20.98,50.58
75605,Historical,125672,0,0,S,4,1,260983,97.95,1996,23,0,73.61
75607,Historical,121065,0,0,S,2,1,43855,114.8,2000,44,37.2,43.22
75608,Historical,660726,0,0,S,3,1,14091,42.99,2013,21,17.96,31.61
75609,Historical,878605,0,0,S,11,1,543498,64,2014,24,55.71,55.8
75610,Historical,878662,0,0,S,11,1,15238,93.4,2014,73,55.71,68.94
75611,Historical,536691,0,0,S,4,1,618182,43.95,2013,35,20.05,27.23
75612,Historical,533942,0,0,S,5,1,490132,125.87,2005,54,13.13,34.18
75614,Historical,157613,0,0,S,0,0,489084,59.95,2011,39,43.57,46.74
75615,Historical,622669,0,0,S,2,1,141257,43,2009,55,9.52,20.99
75616,Historical,527308,0,0,S,2,1,6688,12,2010,32,7.95,7.22
75618,Historical,201724,0,0,S,2,1,343708,59.95,2006,14,0,47.49
75619,Historical,157079,0,0,S,2,1,240906,51.95,2003,39,40.74,36.98
75620,Historical,163069,0,0,S,2,1,126071,49.95,2010,87,18.05,24.97
75621,Historical,315338,0,0,S,3,1,56418,167.8,2012,56,86.4,83.96
75622,Historical,542955,0,0,S,2,1,1690833,59.95,2011,23,177.1,47.83
75624,Historical,620397,0,0,S,1,0,387068,142,1999,30,0,92.81
75625,Historical,622951,0,0,S,3,1,41425,73.95,2013,42,34.25,52.07
75626,Historical,251118,0,0,S,1,0,1679186,154.95,2007,24,4.69,57.67
75627,Historical,293282,0,0,S,5,1,133202,64,2009,49,27.1,36.98
75628,Historical,916813,0,0,S,2,1,6384068,52.95,2001,14,27.98,21.99
75629,Historical,545900,0,0,S,4,1,455141,82.95,2013,36,27.98,57.29
75630,Historical,651022,0,0,S,2,1,1314302,131.99,2004,29,65.69,50.93
75631,Historical,628756,0,0,S,3,1,656533,80.95,2009,31,41.98,59.51
75632,Historical,898689,0,0,S,5,1,188993,49.99,2014,24,36.23,37.11
75633,Historical,2635392,0,0,S,2,1,404735,49.95,2003,83,5.15,15.17
75634,Historical,527298,0,0,S,2,1,719565,39.99,2009,29,12,26.18
75635,Historical,2635356,0,0,S,2,1,891584,44.99,2002,65,4,14.69
75636,Historical,657795,1,3,S,0,0,37313,50,1988,29,63.72,103.93
75637,Historical,187990,0,0,S,10,1,469911,69.99,2000,28,0,0
75638,Historical,123890,0,0,S,7,1,283154,97.95,1997,60,0,57.96
75639,Historical,54317,0,0,S,8,1,75402,85.95,2001,103,102.39,34.44
75640,Historical,802294,0,0,S,11,1,226151,55.95,2004,32,0,43.09
75641,Historical,717682,0,0,S,10,1,921120,72.95,2000,83,0,0
75642,Historical,60715,0,0,S,11,1,967662,155.95,2005,34,49.23,49.52
75644,Historical,446282,0,0,S,5,1,41336,194.5,2008,66,42.99,80.1
75645,Historical,607400,0,0,S,5,1,232714,192.2,2007,49,0,152.11
75646,Historical,155676,0,0,S,1,0,907216,49.95,2008,17,56.49,51.65
75647,Historical,178627,0,0,S,10,1,375066,126.95,2010,47,23.99,56.04
75648,Historical,880485,0,0,S,11,1,980672,231,2014,30,119.98,79.39
75649,Historical,53156,0,0,S,7,1,1614256,125,2003,71,119.98,8.11
75650,Historical,875738,0,0,S,3,1,3308462,11.98,2004,29,160.99,11.2
75651,Historical,708578,0,0,S,1,0,388603,116.75,2006,57,0,11.14
75652,Historical,772442,0,0,S,8,1,4127512,116.37,2005,22,149.03,12.49
75653,Historical,448796,0,0,S,1,0,302672,28.24,2005,77,4.47,31.99
75654,Historical,608275,0,0,S,6,1,457584,21.99,2009,80,8.48,6.97
75655,Historical,55833,0,0,S,4,1,1024887,178.47,2010,24,68.99,117.14
75656,Historical,251814,0,0,S,5,1,800463,93,2008,30,5.26,36.85
75657,Historical,911457,0,0,S,3,1,2823123,39.99,1995,24,4.92,8.99
75658,Historical,618312,1,1,S,5,1,615894,51.99,2005,46,4.92,21.98
75660,Historical,630098,0,0,S,2,1,1248808,44.49,2009,16,0,51.31
75661,Historical,778438,0,0,S,2,1,1398115,74.95,2005,18,22.12,40.99
75662,Historical,738429,0,0,S,3,1,276291,43,2007,27,8.46,16.28
75663,Historical,100773,1,1,S,5,1,929443,178,1998,47,0,13.99
75664,Historical,183433,0,0,S,2,1,519225,339.95,2006,59,5.55,10.7
75665,Historical,621267,0,0,S,7,1,737618,212.95,2005,13,0,82.78
75666,Historical,697665,0,0,S,2,1,1445595,44.75,1998,27,9.99,11.98
75667,Historical,51409,0,0,S,5,1,765985,105.95,1999,33,162.62,10.89
75668,Historical,738948,0,0,S,4,1,1962021,92,1997,40,107.34,18.98
75669,Historical,54352,0,0,S,2,1,1742260,99,2002,53,120.49,18.99
75670,Historical,557212,0,0,S,1,0,584086,188.8,2006,38,4,48.56
75671,Historical,166484,0,0,S,9,1,4186868,166.39,2004,20,121.8,27.32
75672,Historical,569473,0,0,S,8,1,914963,276.95,1997,75,4.51,51.67
75673,Historical,626372,0,0,S,2,1,75115,141,2007,48,0,0
75674,Historical,131937,0,0,S,5,1,161319,196.95,2005,51,76.4,164.68
75675,Historical,849743,0,0,S,5,1,2838711,99.16,1999,37,124.99,39.98
75676,Historical,248053,0,0,S,1,0,222351,121,2008,34,0,63.96
75677,Historical,664489,0,0,S,6,1,27130,77.95,2014,39,46.86,57.81
75678,Historical,2522853,0,0,S,2,1,4009614,70.76,1998,13,104.68,17.99
75679,Historical,55826,0,0,S,5,1,78769,107.95,2008,41,37.31,83.99
75680,Historical,248451,0,0,S,8,1,244971,201.95,2009,43,8.21,79.77
75681,Historical,101402,0,0,S,7,1,2129942,198.95,2001,49,8.21,7.94
75682,Historical,2850532,0,0,S,2,1,775069,63.33,1989,30,0,124.25
75683,Historical,117887,0,0,S,3,1,950637,70.4,2004,39,44.56,51.8
75684,Historical,541247,0,0,S,5,1,25913,46,2011,75,20.49,5.29
75685,Historical,563650,0,0,S,3,1,1006872,22.41,2005,58,20.49,9.84
75686,Historical,563690,1,1,S,4,1,222369,14.99,2009,76,20.49,8.75
75687,Historical,299712,0,0,S,4,1,220128,49.95,2007,70,36.71,43.49
75688,Historical,256427,0,0,S,1,0,978119,57.95,1997,35,16,48.09
75689,Historical,246755,0,0,S,2,1,399490,72.95,2010,54,16,31.99
75690,Historical,290969,0,0,S,6,1,80437,126.95,2011,35,29.51,65.46
75691,Historical,117468,0,0,S,4,1,3305442,68,2003,63,57.06,4.24
75692,Historical,169501,0,0,S,1,0,777182,136.95,2007,48,0,50.59
75693,Historical,877748,0,0,S,4,1,5178756,39.95,2006,23,54.09,8.44
75694,Historical,574779,0,0,S,4,1,746302,67,2009,35,13.93,18.98
75695,Historical,118752,0,0,S,3,1,603436,125.8,1998,39,27.62,46.29
75697,Historical,202501,0,0,S,2,1,689898,126.12,2002,41,15.09,49.68
75699,Historical,127150,0,0,S,3,1,98880,61.95,2006,33,28.99,53.27
75700,Historical,231173,0,0,S,3,1,731618,32.99,1999,95,11.5,28.49
75702,Historical,546337,0,0,S,6,1,392195,41.95,2012,33,25.98,41.92
75703,Historical,764733,0,0,S,9,1,7635927,71.95,2001,31,81.55,7.98
75704,Historical,158191,0,0,S,2,1,390678,89.95,2011,56,35.49,62.34
75707,Historical,162432,0,0,S,0,0,46951,14.95,2008,90,12.46,8.77
75708,Historical,108937,0,0,S,6,1,137170,173.75,2004,60,4,28.99
75709,Historical,112219,0,0,S,5,1,2158125,76.52,2002,18,4,10.99
75710,Historical,112103,0,0,S,4,1,2573533,62.19,2000,37,4,4
75711,Historical,292192,0,0,S,3,1,77438,19.95,2005,17,0,0
75712,Historical,294074,0,0,S,18,1,132679,16.95,2008,85,14.86,7.04
75713,Historical,546558,0,0,S,4,1,45824,89,2010,64,51.49,56.8
75714,Historical,2675349,0,0,S,2,1,1328065,53.4,1982,25,4.39,55.63
75715,Historical,830722,0,0,S,2,1,30257,64.95,1985,38,38.98,98.99
75716,Historical,527283,0,0,S,4,1,21869,79,2008,56,48.36,54.99
75718,Historical,609192,0,0,S,12,1,1029537,72.95,2005,68,66.56,12.77
75719,Historical,203439,0,0,S,11,1,1092137,57.95,2001,64,66.56,17.38
75720,Historical,56244,0,0,S,4,1,321898,79.95,2005,68,52.54,41.47
75721,Historical,636738,0,0,S,2,1,570561,120.95,2012,25,23.99,27.99
75722,Historical,1725052,0,0,S,3,1,797457,159.95,2008,14,0,51.67
75723,Historical,2550997,0,0,S,2,1,1732713,91.95,2001,24,27.98,90.56
75724,Historical,621427,0,0,S,2,1,886412,70.99,2006,37,8.33,12.49
75725,Historical,2579495,0,0,S,2,1,4846824,280,1994,16,234.46,82.39
75726,Historical,723459,0,0,S,2,1,649149,89,2008,17,4.61,55.89
75727,Historical,625096,0,0,S,2,1,852268,99.95,1982,22,0,63.98
75728,Historical,593253,0,0,S,7,1,4316994,388.95,2008,15,32.98,78.49
75729,Historical,527280,0,0,S,8,1,268595,260.95,2012,99,32.98,52.99
75730,Historical,54030,0,0,S,12,1,29919,228,2011,67,68.59,63.92
75731,Historical,630345,1,2,S,3,1,858147,113.95,1999,15,15.1,75.88
75732,Historical,329969,0,0,S,2,1,149520,62.95,2005,34,13.63,43.31
75733,Historical,146946,0,0,S,3,1,3215684,59.95,2001,88,34.99,5.46
75734,Historical,52576,0,0,S,4,1,2147142,67.95,2004,112,34.99,6.98
75735,Historical,3462962,0,0,S,8,1,1175027,38.95,2016,6,34.99,37.46
75736,Historical,527279,0,0,S,6,1,570434,124,2010,27,52.99,58.99
75738,Historical,545899,0,0,S,4,1,62017,69.95,2012,55,30.88,49.99
75739,Historical,638874,0,0,S,2,1,2711327,109.71,2008,12,27.92,15.78
75740,Historical,254023,0,0,S,3,1,197884,91.95,2011,36,27.92,52.71
75741,Historical,192891,0,0,S,4,1,3028692,64.95,2002,83,53.99,6.49
75742,Historical,868391,0,0,S,8,1,303130,77.99,2015,27,57.95,57.87
75743,Historical,639681,1,2,S,2,1,79252,63.95,2013,40,0,0
75744,Historical,635959,0,0,S,2,1,1911549,204.53,2012,17,96.89,162.64
75746,Historical,118943,0,0,S,2,1,346933,56.2,2006,60,45.95,9.98
75747,Historical,55708,0,0,S,2,1,1048657,91.95,2005,121,45.95,8.74
75748,Historical,617996,0,0,S,2,1,1181048,44.99,2006,24,4,9.58
75749,Historical,2003110,0,0,S,2,1,548768,42.5,2015,6,40.3,38.88
75750,Historical,633851,1,1,S,1,0,180977,92.95,2012,21,44.98,55.98
75751,Historical,241488,0,0,S,1,0,1393545,30,2001,18,29.44,25.95
75752,Historical,660796,0,0,S,4,1,8705,39.99,2013,43,29.44,28.77
75753,Historical,539430,0,0,S,3,1,36238,56.2,2012,57,28.95,35.48
75754,Historical,106731,0,0,S,13,1,983450,35,2010,37,0,14.29
75755,Historical,633960,0,0,S,3,1,1025718,109,2009,12,97.02,68.98
75756,Historical,294152,0,0,S,2,1,1533829,34.95,2006,20,0,56.94
75757,Historical,664584,0,0,S,2,1,6732,44.95,2014,45,23.93,26.42
75758,Historical,864723,0,0,S,9,1,36486,57,2014,68,23.97,31.47
75759,Historical,866663,0,0,S,9,1,12294,67,2014,62,40.61,42.48
75760,Historical,549536,0,0,S,5,1,2712263,155,2002,30,112.93,15.41
75761,Historical,621029,1,2,S,1,0,538909,61,2010,33,28.82,9.99
75762,Historical,644353,0,0,S,3,1,62988,88,2013,54,28.82,23.11
75763,Historical,625127,0,0,S,2,1,2571358,36.95,2005,25,41.8,12.49
75764,Historical,611958,1,2,S,5,1,77667,109,2014,22,33.06,57.45
75765,Historical,649529,1,3,S,2,1,194043,176.25,2013,48,28.8,70.2
75766,Historical,330010,0,0,S,2,1,259449,111,2011,73,5.29,18.42
75767,Historical,200332,0,0,S,5,1,1096695,113.95,2007,48,71.15,6.07
75768,Historical,629081,1,3,S,5,1,71541,207.75,2014,38,46.79,68.98
75771,Historical,527270,0,0,S,4,1,13705,49.99,2009,41,27.69,29.81
75773,Historical,1592535,0,0,S,2,1,1468974,110,2007,53,78.54,83.37
75774,Historical,250582,0,0,S,3,1,67444,87.95,2009,54,28.97,23.98
75775,Historical,442752,0,0,S,0,0,833405,85,2012,25,41.26,54.51
75776,Historical,2679906,0,0,S,10,1,5769570,72.95,1996,18,37.28,33.31
75777,Historical,545278,0,0,S,12,1,381479,115,2012,55,37.28,54.98
75778,Historical,123939,0,0,S,2,1,775738,239.95,1999,29,34.41,61.88
75779,Historical,632092,0,0,S,4,1,133294,182.73,2012,23,93.94,139.04
75780,Historical,57402,0,0,S,0,0,1252489,100.8,2004,47,93.94,32.45
75781,Historical,55706,0,0,S,6,1,34399,140.4,2010,59,70.48,73.99
75782,Historical,133282,1,1,S,6,1,316321,107.2,2010,32,24.8,63.98
75783,Historical,114660,0,0,S,4,1,961903,65,2002,39,53.98,37.85
75784,Historical,527265,0,0,S,3,1,340612,109.2,2002,38,51.97,108.95
75785,Historical,200486,0,0,S,5,1,97767,96.95,2011,50,26.06,38.99
75787,Historical,615155,0,0,S,2,1,2863017,54.95,2000,27,37,12.23
75788,Historical,243870,0,0,S,2,1,91226,165.95,2011,32,50.6,128.99
75789,Historical,621554,0,0,S,3,1,403017,74.2,1973,62,22.6,44.43
75790,Historical,527263,0,0,S,2,1,118825,158,2007,68,60.99,65.26
75791,Historical,108499,0,0,S,2,1,386503,50.29,1999,31,61.81,91.93
75792,Historical,527262,0,0,S,2,1,224945,249.95,2005,37,45.98,81.62
75793,Historical,610105,0,0,S,9,1,6298,89.95,2013,70,46.57,63.99
75794,Historical,257019,0,0,S,2,1,1212474,0,1995,21,88.99,93.45
75795,Historical,60727,0,0,S,6,1,1514452,43.9,2002,33,94.37,42.31
75796,Historical,765040,0,0,S,7,1,3627850,85.95,1998,37,128.99,10.91
75797,Historical,52653,0,0,S,8,1,1155496,93.95,2001,46,105.99,13.89
75798,Historical,552178,1,1,S,9,1,111370,168,2003,61,11.42,79.83
75799,Historical,617756,0,0,S,4,1,617638,61.99,1993,34,18.84,44.54
75800,Historical,57243,0,0,S,5,1,2229832,71.95,2002,60,46.57,7.42
75802,Historical,2251149,0,0,S,7,1,821951,151.85,2006,14,0,135.88
75803,Historical,246348,1,1,S,2,1,996916,66.95,2003,37,17.38,38.02
75804,Historical,156614,0,0,S,1,0,228759,40.95,1999,35,0,30.51
75805,Historical,217409,0,0,S,2,1,451393,47,2000,24,0,22.99
75806,Historical,539887,0,0,S,6,1,166474,89.95,2012,36,48.57,73.28
75807,Historical,158161,0,0,S,2,1,201815,45.95,2008,35,30.04,34.77
75808,Historical,527261,0,0,S,1,0,181445,108.95,1995,49,55,96.89
75809,Historical,650635,0,0,S,2,1,642164,41.95,2005,39,22.98,33.49
75810,Historical,2593155,0,0,S,2,1,829867,84.99,1984,30,0,58.97
75811,Historical,246477,0,0,S,2,1,587430,49.95,2006,49,12.49,32.97
75812,Historical,527260,0,0,S,1,0,38785,71.95,2002,55,24.98,64.98
75813,Historical,527259,0,0,S,3,1,105925,44,2010,47,34.98,27.94
75814,Historical,287227,0,0,S,1,0,158392,97.95,2000,34,34.58,40.22
75815,Historical,126430,0,0,S,3,1,275745,77.95,1998,47,43.98,63.94
75816,Historical,717421,0,0,S,3,1,1007337,64.95,1997,33,43.98,29.99
75817,Historical,569667,0,0,S,2,1,702377,128.95,1998,39,19.32,38.99
75818,Historical,169151,0,0,S,4,1,102406,114.95,2006,49,43.98,87.83
75819,Historical,626681,0,0,S,2,1,47430,86.25,2012,36,49.44,67.39
75820,Historical,195065,0,0,S,5,1,914338,59.95,2007,44,6.43,28.99
75822,Historical,53242,0,0,S,7,1,3758940,99,2002,63,5,9.11
75823,Historical,53243,0,0,S,8,1,915631,164,2006,95,5,30.09
75824,Historical,594671,0,0,S,0,0,240357,100.95,2012,16,0,51.49
75825,Historical,876966,0,0,S,4,1,2331208,39.88,2007,5,51.54,27.83
75826,Historical,60728,0,0,S,3,1,289547,51.95,2002,63,51.54,23.98
75827,Historical,203467,0,0,S,2,1,453804,43.95,2003,35,58.94,602.7
75828,Historical,627892,0,0,S,2,1,1250442,72.95,2012,15,0,0
75829,Historical,619768,0,0,S,3,1,68889,64.95,2011,54,24.69,39.49
75830,Historical,594686,0,0,S,1,0,802594,136.95,2012,24,0,64.66
75831,Historical,539296,0,0,S,11,1,23240,42.6,2013,49,27.38,33.53
75832,Historical,626450,0,0,S,2,1,297110,69.2,2003,27,11.4,33.99
75833,Historical,619846,0,0,S,10,1,93623,40.8,2005,33,19.16,24.73
75834,Historical,676095,0,0,S,9,1,226204,29.95,2005,71,22.07,15.48
75835,Historical,865754,0,0,S,10,1,22613,32.95,2011,32,22.07,20.98
75836,Historical,56270,0,0,S,3,1,2153544,32,1999,95,34.54,4
75837,Historical,56268,0,0,S,4,1,904806,36.99,2004,99,34.54,5.98
75838,Historical,416669,0,0,S,3,1,170050,36.95,2011,34,14.49,32.98
75839,Historical,663507,0,0,S,4,1,1723173,44.99,2013,20,25.91,22.5
75840,Historical,655466,0,0,S,2,1,108635,49.95,2012,19,33.66,32.46
75841,Historical,527253,0,0,S,2,1,314555,19.95,2009,30,17.73,48.49
75843,Historical,235136,1,1,S,4,1,19406,60.75,2011,56,21.93,39.76
75844,Historical,2663136,0,0,S,2,1,3822288,55,1991,17,73.02,37.57
75845,Historical,627512,0,0,S,3,1,962572,41.95,2008,26,22.98,32.99
75846,Historical,649709,0,0,S,1,0,273113,54.99,2012,45,35.37,32.95
75847,Historical,57022,0,0,S,6,1,372416,81,1997,126,76.18,14.49
75848,Historical,57018,1,1,S,7,1,202638,116.4,2001,117,76.18,11.99
75849,Historical,336295,0,0,S,2,1,2346901,39.95,2000,38,53.03,18.99
75850,Historical,655670,0,0,S,3,1,516560,51.42,2010,12,0,73.39
75851,Historical,625043,1,1,S,5,1,480282,79.95,2002,54,4.93,50.19
75852,Historical,615776,0,0,S,1,0,313716,137,2003,57,0,57.47
75853,Historical,906606,0,0,S,0,0,83053,50,2014,36,22.88,23.23
75854,Historical,621131,0,0,S,1,0,101485,49.95,2002,26,0,0
75855,Historical,860443,0,0,S,2,1,784225,125.95,2011,36,19.94,63.99
75856,Historical,615045,0,0,S,2,1,1021566,219.95,2001,28,4.36,46.97
75857,Historical,608964,0,0,S,6,1,11577,59.95,2008,109,25.99,32.85
75858,Historical,649497,0,0,S,1,0,68363,39.99,2013,42,27.18,23.94
75859,Historical,1989666,0,0,S,2,1,45221,49.99,2014,26,25.48,31.79
75860,Historical,646931,0,0,S,1,0,420712,49.99,2013,28,218.19,79.01
75861,Historical,860151,0,0,S,1,0,1015451,49.99,2010,26,23.41,27.62
75862,Historical,547224,0,0,S,1,0,379130,44.95,2012,53,0,16.68
75865,Historical,181964,0,0,S,1,0,1090559,39.99,2007,94,3.99,12.52
75866,Historical,527248,0,0,S,4,1,509962,54.99,2010,38,31.94,34.9
75867,Historical,635645,0,0,S,2,1,95941,59.99,2012,54,24.96,41.06
75868,Historical,193942,0,0,S,2,1,389680,49.99,2003,54,9.94,6.99
75870,Historical,665313,0,0,S,3,1,235989,54.99,2012,18,0,0
75872,Historical,146775,0,0,S,4,1,72984,44.99,2011,43,21.95,29.49
75873,Historical,608858,0,0,S,2,1,2101664,49.99,2003,42,13.19,9.7
75874,Historical,610224,0,0,S,3,1,208484,59.99,2014,26,31.2,34.24
75876,Historical,527241,0,0,S,4,1,12004,59.99,2012,50,28,28.97
75878,Historical,620838,1,1,S,2,1,236691,59.99,2007,42,21.45,41.08
75881,Historical,2257157,1,1,S,7,1,303420,60.22,2010,41,13.71,23.51
75882,Historical,827494,0,0,S,4,1,4995950,42.95,1999,31,61.21,4.36
75883,Historical,157467,0,0,S,2,1,187677,67.95,2009,36,48.06,53.52
75884,Historical,527236,0,0,S,2,1,139439,76.95,2008,34,45.19,59.12
75885,Historical,868439,0,0,S,3,1,164871,69.95,2014,40,38.14,45.81
75886,Historical,534675,0,0,S,4,1,48328,86.95,2012,55,54.18,49.26
75887,Historical,56500,0,0,S,17,1,2677642,8.94,2007,52,55.49,13
75888,Historical,2273386,0,0,S,22,1,838402,100.95,2012,29,73.87,124.52
75890,Historical,566202,0,0,S,2,1,644647,112.95,2009,35,23.23,63.99
75891,Historical,527231,0,0,S,2,1,50788,149,2012,49,56.67,74.1
75892,Historical,222276,0,0,S,4,1,2978425,55,2002,16,62.98,18.99
75893,Historical,632030,0,0,S,1,0,648297,112,2013,55,32.27,35.99
75894,Historical,2423752,0,0,S,3,1,855706,109,1983,30,28.99,135.27
75895,Historical,571876,0,0,S,4,1,102442,378.95,2002,74,203.98,47.44
75896,Historical,907226,0,0,S,3,1,377669,120,2008,18,9.71,74.59
75898,Historical,875185,0,0,S,2,1,159089,59.95,2010,19,89.98,50.47
75900,Historical,527229,0,0,S,7,1,331887,39,2010,38,7.49,13.47
75901,Historical,1517807,0,0,S,2,1,224716,42.95,2007,28,20.94,29.96
75902,Historical,193976,0,0,S,2,1,52739,99,2004,64,24.82,27.48
75903,Historical,527228,1,1,S,3,1,52949,95.95,2012,57,53.94,52.35
75904,Historical,293285,0,0,S,3,1,80040,42,2010,57,19.96,22.48
75905,Historical,194143,0,0,S,3,1,74110,69,2008,51,23.37,35.59
75906,Historical,53981,1,1,S,4,1,848944,88.95,2003,248,73.99,10.77
75907,Historical,595632,0,0,S,5,1,1267517,63.34,2012,24,32.19,66.51
75908,Historical,194039,0,0,S,3,1,344665,64,2004,15,0,56.48
75909,Historical,564736,0,0,S,1,0,482568,33.95,2009,31,117.99,24.87
75910,Historical,657982,0,0,S,7,1,1103817,69.84,2010,11,63.99,73.32
75911,Historical,606826,0,0,S,9,1,1740283,94.06,2002,80,122.28,18.98
75912,Historical,60730,0,0,S,7,1,522071,0,2006,30,75.99,33.27
75913,Historical,575916,0,0,S,3,1,48660,126.95,2011,51,31.77,71.69
75914,Historical,617787,0,0,S,6,1,1244015,121.25,2004,29,0,131.39
75915,Historical,533915,1,1,S,6,1,245615,275.95,2006,33,42.14,169.12
75916,Historical,534109,1,1,S,12,1,838912,162.5,2007,33,122.28,27.99
75917,Historical,1657851,0,0,S,4,1,4888509,55.42,2009,9,18.97,91.83
75918,Historical,714848,0,0,S,2,1,606828,120.2,2002,28,43.98,90.63
75919,Historical,527221,0,0,S,2,1,223466,58.99,2012,25,27.97,31.31
75920,Historical,248912,0,0,S,3,1,294037,55.95,2007,29,0,0
75921,Historical,527220,0,0,S,3,1,665156,89.99,2013,29,62.6,59.4
75922,Historical,578984,0,0,S,3,1,2748029,59,1994,43,47.79,6.32
75923,Historical,625355,0,0,S,0,0,159593,119.5,2007,51,90.98,66.99
75924,Historical,118178,0,0,S,0,0,508853,118.25,2006,38,90.98,61.99
75925,Historical,51840,0,0,S,6,1,529369,14.95,2004,33,76.72,14.95
75927,Historical,615747,1,1,S,4,1,363778,135.13,2012,24,0,0
75928,Historical,611832,0,0,S,5,1,976548,59.28,2012,5,43.95,58.99
75929,Historical,543128,0,0,S,2,1,283211,55.95,2011,41,18.99,30.48
75930,Historical,2551641,0,0,S,3,1,2169278,79.95,1996,23,84.58,46.97
75931,Historical,626711,0,0,S,4,1,240790,66.99,2012,27,24.99,41.98
75932,Historical,254000,0,0,S,1,0,1161387,79.95,2010,39,41.04,6.33
75933,Historical,613740,0,0,S,0,0,700524,97.95,2011,78,10.53,13.93
75934,Historical,632631,0,0,S,2,1,1383174,115.95,2003,28,26.59,80.63
75935,Historical,527213,0,0,S,5,1,893107,65,2011,30,25.51,25.52
75936,Historical,763549,0,0,S,2,1,3703406,231.95,1998,39,41.98,16.47
75938,Historical,527212,0,0,S,2,1,123810,39.95,2008,43,26.48,38.41
75939,Historical,176762,0,0,S,2,1,1272413,123.95,2000,30,41.98,52.99
75940,Historical,612911,1,1,S,0,0,57125,107.85,2006,203,12.26,29.8
75941,Historical,691754,0,0,S,3,1,5024304,109.95,1998,27,65.67,19.99
75942,Historical,922947,0,0,S,7,1,859943,84.36,1998,113,4,5.98
75943,Historical,2040768,0,0,S,3,1,411078,57.76,2010,18,0,42.25
75944,Historical,613175,0,0,S,0,0,217206,99.35,1999,71,0,42.92
75946,Historical,153958,0,0,S,3,1,154071,146,2006,44,0,0
75948,Historical,657122,0,0,S,2,1,586742,49.99,2013,43,26.1,29.95
75949,Historical,629153,0,0,S,3,1,328719,208.53,2012,43,100.86,53.29
75950,Historical,607404,0,0,S,2,1,1750547,138,1995,54,5.57,16.55
75951,Historical,116465,0,0,S,3,1,904400,208.2,2005,54,5.57,59.94
75952,Historical,774077,0,0,S,4,1,1228951,165.33,1999,24,0,62.99
75953,Historical,144128,0,0,S,3,1,505297,189.2,1999,37,0,66.97
75954,Historical,870929,1,4,S,9,1,300080,186,2013,26,0,69.98
75955,Historical,527200,0,0,S,3,1,261281,53.8,2012,30,31.81,43.98
75956,Historical,192069,0,0,S,5,1,2026347,18.99,2003,32,12.61,18.99
75957,Historical,118541,1,1,S,4,1,14130,205.2,2007,68,97.19,103.99
75958,Historical,631724,0,0,S,2,1,728441,53.8,2007,34,48.29,21.54
75959,Historical,252553,0,0,S,6,1,80423,175,2007,94,59.6,77.8
75960,Historical,606689,0,0,S,5,1,2667892,103.95,1999,45,153.22,14.49
75961,Historical,527203,0,0,S,4,1,899962,98.47,2008,23,0,43.87
75962,Historical,540624,0,0,S,3,1,21092,117.8,2012,120,36.99,78.99
75963,Historical,561108,1,1,S,2,1,839705,94.4,2007,103,36.99,9.98
75964,Historical,867073,0,0,S,3,1,440891,96.2,2012,27,100.86,73.99
75965,Historical,608528,0,0,S,6,1,711360,218.95,2003,66,95.98,68.97
75968,Historical,644003,0,0,S,2,1,952512,42,2008,38,4.03,45.08
75969,Historical,1768181,0,0,S,6,1,327461,61.95,2014,25,48.75,43.42
75971,Historical,527198,0,0,S,4,1,374280,69.95,2012,29,54.13,45.6
75972,Historical,862227,0,0,S,8,1,9990,229.95,2014,38,52.16,118.99
75973,Historical,608164,0,0,S,5,1,316609,79.16,1998,36,52.16,16.99
75974,Historical,614282,1,1,S,1,0,417423,172.25,2004,68,58.99,83.94
75975,Historical,704357,0,0,S,5,1,1480505,152.7,2006,26,99.49,48.99
75976,Historical,108836,0,0,S,4,1,476758,21.99,2003,37,99.49,20.99
75977,Historical,2663475,0,0,S,2,1,1846595,135,1994,22,135.71,23.43
75978,Historical,278198,0,0,S,2,1,599922,143.75,2005,22,35.74,89.95
75979,Historical,510594,0,0,S,2,1,711437,149,2008,19,0,0
75980,Historical,667174,0,0,S,0,0,1141784,144,1993,99,69.34,31.49
75981,Historical,874830,0,0,S,0,0,1551790,146,1992,65,69.34,47.29
75982,Historical,657926,0,0,S,7,1,324421,196.93,2013,57,138.89,86.98
75983,Historical,537813,0,0,S,5,1,2248731,84,1997,33,96.63,54.65
75984,Historical,566494,0,0,S,5,1,254876,219.5,2001,56,54.17,99.28
75985,Historical,52979,0,0,S,7,1,970868,26.91,2006,92,118.59,8.98
75986,Historical,56580,0,0,S,4,1,294999,178.13,2009,45,64.91,137.63
75987,Historical,2575499,0,0,S,4,1,1447579,22.89,1992,39,0,22.89
75988,Historical,608342,0,0,S,5,1,128570,222.25,2001,57,37.49,53.94
75989,Historical,434829,0,0,S,6,1,713981,171.6,2008,25,72.5,217.85
75990,Historical,613911,0,0,S,2,1,163730,64.8,2004,61,0,0
75991,Historical,707660,0,0,S,0,0,253068,108.64,2004,25,0,78.99
75992,Historical,663679,1,1,S,0,0,10748,48,2013,48,16.99,29.34
75993,Historical,293264,0,0,S,2,1,368931,84,2005,45,21.99,54.98
75994,Historical,280766,0,0,S,4,1,800820,89.99,2003,33,0,59.98
75995,Historical,655228,0,0,S,5,1,5536,62.95,2013,78,38.99,39.34
75996,Historical,652485,0,0,S,11,1,450180,157.33,2012,33,113.99,122.99
75997,Historical,51403,0,0,S,7,1,1400560,103,2000,49,113.99,17.99
75998,Historical,194116,0,0,S,3,1,2700635,85,2004,45,81.7,30.23
75999,Historical,633259,0,0,S,5,1,394308,102.99,2010,18,55.43,49.44
76000,Historical,538201,0,0,S,13,1,719441,35,2010,35,17.93,10
76001,Historical,553909,0,0,S,3,1,1241636,182.6,1987,52,7.84,30.04
76002,Historical,678184,0,0,S,2,1,154850,24.99,2009,23,0,0
76003,Historical,764694,0,0,S,4,1,997534,190.95,2001,35,4.99,70.57
76005,Historical,1651392,0,0,S,2,1,134451,40.95,2006,30,0,32.65
76006,Historical,620363,0,0,S,1,0,782829,268.95,2004,44,0,49.98
76007,Historical,2030885,0,0,S,2,1,2898345,179,2007,16,187.94,48.27
76011,Historical,542936,0,0,S,2,1,374590,14.99,2010,20,0,0
76012,Historical,279554,0,0,S,2,1,119825,41.95,2010,44,28.97,35.96
76013,Historical,229513,0,0,S,0,0,905700,29.95,2004,45,28.97,22.88
76014,Historical,813008,0,0,S,0,0,436683,28.95,2011,8,68.39,23.94
76015,Historical,624319,0,0,S,0,0,1059500,40,2010,29,18.12,26.58
76016,Historical,154037,0,0,S,5,1,112580,66.75,2010,31,0,42.99
76017,Historical,609362,0,0,S,3,1,3417553,56.95,1998,36,0,13.99
76018,Historical,635293,0,0,S,3,1,26556,59.95,2006,30,0,0
76019,Historical,658135,0,0,S,6,1,292663,35,2012,20,12.81,14.08
76023,Historical,644142,0,0,S,2,1,51472,49.95,2005,12,0,0
76031,Historical,719090,0,0,S,7,1,672320,65,2000,53,47.31,46.85
76032,Historical,745440,1,1,S,1,0,809866,31.95,2008,18,0,18.99
76033,Historical,907941,0,0,S,2,1,181300,34.95,2014,21,27.26,26.41
76034,Historical,1554362,0,0,S,3,1,2099978,35.95,2014,16,34.42,32.17
76035,Historical,629199,0,0,S,2,1,96506,44,2012,22,0,32.11
76036,Historical,268769,1,1,S,5,1,7970,22,2005,77,8.25,12.99
76038,Historical,620322,0,0,S,2,1,76994,72,2006,15,0,0
76039,Historical,194152,0,0,S,2,1,1160149,66,2007,47,35.76,52.89
76041,Historical,637866,0,0,S,8,1,481701,182,2011,32,83.99,153.99
76042,Historical,106210,0,0,S,5,1,288446,135,2010,50,30.98,62.98
76044,Historical,541365,0,0,S,4,1,213639,81.95,2013,42,153.99,43.68
76045,Historical,620001,0,0,S,3,1,785781,137.8,2002,36,6.08,19.99
76046,Historical,199864,0,0,S,2,1,352154,128.95,2002,36,42.59,88.2
76047,Historical,218712,0,0,S,1,0,711137,156,2009,49,25.71,51.99
76048,Historical,116752,0,0,S,2,1,46827,192.6,2005,59,12.7,43.98
76049,Historical,176889,0,0,S,2,1,34583,320.95,2005,52,9.13,39.88
76050,Historical,637161,0,0,S,2,1,509023,55,2008,21,36.53,45.81
76051,Historical,313394,0,0,S,8,1,13447162,100,2001,10,44.17,233.99
76052,Historical,296804,0,0,S,2,1,73053,49.95,2008,22,0,0
76053,Historical,619810,0,0,S,2,1,574343,79.95,2008,54,48.99,44.58
76054,Historical,231601,0,0,S,3,1,458180,107.95,2002,52,47.88,64.98
76055,Historical,569373,0,0,S,4,1,707253,450.95,1991,63,4.96,60.41
76056,Historical,118206,0,0,S,6,1,632948,128.33,1996,29,32.5,67.51
76057,Historical,896850,0,0,S,0,0,553245,49.6,2007,9,0,49.62
76058,Historical,622646,0,0,S,2,1,135436,89.95,2010,33,41.99,53.8
76059,Historical,2031001,0,0,S,2,1,2107775,189,2008,15,68.93,26.51
76060,Historical,668043,0,0,S,2,1,349332,59.95,2011,20,0,0
76061,Historical,629203,0,0,S,1,0,362666,205.95,2012,22,53.99,83.99
76062,Historical,879783,0,0,S,5,1,1998531,81.85,2007,31,92.99,86.56
76063,Historical,527169,0,0,S,2,1,896289,99,2011,38,30.93,60.79
76064,Historical,615130,0,0,S,0,0,17320,58,1997,35,0,48.79
76065,Historical,164578,0,0,S,2,1,771427,205,2000,40,9.56,47.04
76066,Historical,288791,0,0,S,2,1,546935,93.95,2007,33,47.44,61.54
76067,Historical,547012,0,0,S,3,1,1313334,50,2013,16,29.29,31.85
76068,Historical,637701,0,0,S,3,1,41741,57.95,2012,45,44.7,45.72
76069,Historical,2737643,0,0,S,2,1,2608078,54.95,2005,25,6.66,21.76
76070,Historical,162064,0,0,S,2,1,237344,75,2009,25,49.99,53.21
76071,Historical,261305,0,0,S,2,1,931857,56,1999,26,31.1,25.98
76072,Historical,916635,0,0,S,2,1,1814311,29.95,2006,42,12.23,9.65
76073,Historical,256411,0,0,S,3,1,1081367,35,2007,25,12.23,61.39
76075,Historical,1550926,0,0,S,2,1,2364578,35.95,2013,18,144.07,27.26
76076,Historical,1675350,0,0,S,0,0,300893,59.99,2009,11,64.07,45
76077,Historical,544255,0,0,S,11,1,270880,163.95,2013,36,41.99,68.98
76078,Historical,57664,0,0,S,7,1,3203700,66.95,2000,49,41.99,12.86
76079,Historical,131806,0,0,S,1,0,578524,169.8,2005,18,0,152.86
76080,Historical,918319,0,0,S,2,1,2112711,57,1995,27,12.37,8.99
76081,Historical,2016424,0,0,S,0,0,331238,41.5,2006,12,27.67,26.01
76082,Historical,702384,0,0,S,3,1,581790,40,2012,17,0,0
76083,Historical,701646,0,0,S,2,1,1511827,55,2008,52,9.07,23.23
76085,Historical,2169574,0,0,S,0,0,1185241,194.95,2014,35,116.76,61.7
76086,Historical,867605,0,0,S,9,1,935186,74.99,2014,12,46.08,31.83
76087,Historical,912711,0,0,S,0,0,483429,39.99,2011,26,0,5.88
76088,Historical,634306,0,0,S,1,0,369964,39.99,2011,25,28.62,13.46
76089,Historical,1779378,0,0,S,2,1,258748,44.99,2013,18,28.62,26.98
76090,Historical,864725,0,0,S,5,1,12377,99.95,2013,31,50.99,63.47
76091,Historical,1960012,0,0,S,6,1,820822,49.95,2013,12,0,44.54
76092,Historical,1981172,0,0,S,9,1,789549,69.95,2013,27,49.67,61.94
76095,Historical,627492,0,0,S,2,1,1104569,54.99,2009,41,6.44,22.98
76097,Historical,646928,0,0,S,7,1,50980,59.99,2013,32,25.21,19.65
76098,Historical,162812,0,0,S,5,1,874270,59.99,2009,43,25.21,13.9
76099,Historical,244346,0,0,S,6,1,918552,59.99,2011,50,25.21,9.47
76100,Historical,527158,0,0,S,4,1,496320,50,2013,22,22.99,30.4
76101,Historical,701799,1,1,S,3,1,1333691,49.99,2009,51,22.99,11.94
76102,Historical,621292,0,0,S,2,1,43760,35.95,2012,86,21.01,23.69
76103,Historical,667290,0,0,S,2,1,18395,61.99,2012,28,48.4,39.96
76104,Historical,911150,0,0,S,5,1,585778,49.99,2006,20,23.86,37.19
76105,Historical,627322,0,0,S,2,1,1451293,47.13,2005,19,0,44.45
76106,Historical,279947,0,0,S,3,1,650395,49.99,2010,22,31.99,35.99
76107,Historical,527157,0,0,S,4,1,919579,28.95,2008,24,16.83,172.89
76108,Historical,875871,0,0,S,7,1,6879,56.95,2015,31,38.86,33.45
76109,Historical,1943598,0,0,S,13,1,20203,39.99,2015,12,39.19,31.18
76110,Historical,898609,0,0,S,3,1,33694,65.99,2014,27,37.98,42.39
76111,Historical,789672,0,0,S,1,0,1691903,86.99,2007,17,0,54.88
76112,Historical,664735,0,0,S,2,1,18157,54.95,2013,53,29.59,32.2
76113,Historical,543751,0,0,S,2,1,98855,81.95,2012,25,23.19,68.27
76114,Historical,635094,0,0,S,2,1,393425,53,2009,18,29.23,36.35
76115,Historical,170176,0,0,S,3,1,531835,53.95,2009,33,35.34,10.52
76116,Historical,862230,0,0,S,5,1,38553,52.95,2014,37,35.34,33.71
76117,Historical,527151,0,0,S,4,1,96462,46.95,2007,27,11.48,33.98
76118,Historical,527150,0,0,S,6,1,88820,53,2012,61,27.18,30.13
76119,Historical,3462461,0,0,S,8,1,124916,48.95,2016,6,33.66,46.49
76120,Historical,147132,0,0,S,5,1,176686,40.95,2004,28,5.23,43.63
76123,Historical,57087,1,1,S,3,1,31785,61.95,2007,117,30.43,32.57
76124,Historical,141948,0,0,S,6,1,93198,13.98,2009,154,27.53,7.41
76125,Historical,142065,0,0,S,7,1,12802,26.75,2012,152,27.53,8.99
76127,Historical,652587,0,0,S,2,1,162625,46.95,2012,27,25.79,21.54
76132,Historical,534499,0,0,S,4,1,4699,12.95,2010,52,0,0
76133,Historical,536373,0,0,S,5,1,104282,29.95,2012,60,13.53,23.97
76134,Historical,625771,0,0,S,3,1,966851,46.6,2007,23,10.01,24.99
76135,Historical,879560,1,1,S,7,1,1140,37,2014,118,29.76,25.48
76136,Historical,54245,0,0,S,5,1,157444,13.99,2009,108,29.76,10.68
76138,Historical,170185,0,0,S,5,1,203888,40.95,2011,84,23.37,14.39
76139,Historical,541612,0,0,S,2,1,678160,42.95,2006,16,18.98,84.49
76140,Historical,432382,1,1,S,3,1,39783,91,2009,66,43.96,67.16
76141,Historical,327749,0,0,S,5,1,418387,0,2007,15,43.94,54.71
76142,Historical,560726,0,0,S,3,1,3106452,28.2,2001,56,28.6,11.4
76143,Historical,595223,0,0,S,7,1,46690,91,2012,61,43.94,68.94
76144,Historical,871119,0,0,S,1,0,548456,59.95,1995,67,54.91,10.28
76145,Historical,609975,0,0,S,4,1,138822,75,2013,15,54.91,51.47
76146,Historical,765685,1,1,S,7,1,615684,110.95,2003,60,4,19.65
76147,Historical,642141,0,0,S,2,1,821709,131.33,2012,24,0,73.45
76148,Historical,634850,1,1,S,6,1,276001,87,2011,29,28.93,57.95
76150,Historical,114098,0,0,S,5,1,1773990,91.8,2000,36,81.54,10.98
76151,Historical,615044,0,0,S,7,1,622213,198.8,2001,32,0,0
76152,Historical,623390,1,2,S,2,1,31881,57.95,2012,55,17.99,28.79
76153,Historical,553508,0,0,S,4,1,132099,134.4,2009,36,19.24,101.93
76154,Historical,118977,0,0,S,8,1,21469,156.8,2010,52,31.49,62.98
76155,Historical,268232,0,0,S,3,1,762744,49.95,2010,13,38.99,71.96
76156,Historical,715620,0,0,S,4,1,4045271,88,1997,33,58.98,17.75
76157,Historical,2256518,1,3,S,7,1,1614848,121.41,2010,28,0,85.33
76158,Historical,291634,0,0,S,1,0,69573,147.95,2003,39,0,50.32
76159,Historical,553131,0,0,S,2,1,102807,77,2012,30,19.98,60.16
76160,Historical,320288,0,0,S,3,1,991171,99.95,2002,24,4.97,70.49
76161,Historical,277952,1,1,S,2,1,930291,183.95,2000,35,49.87,123
76162,Historical,527136,0,0,S,5,1,59866,21.99,2010,21,5.42,15.26
76163,Historical,614952,0,0,S,1,0,294528,91.4,2004,55,0,62.96
76164,Historical,553084,0,0,S,1,0,338442,156.4,2012,44,0,18.07
76166,Historical,872474,0,0,S,3,1,958195,78,1998,31,52.37,25.96
76167,Historical,133277,0,0,S,5,1,38613,98.95,2010,64,52.37,65.99
76168,Historical,222323,0,0,S,1,0,426700,90,2007,18,0,0
76169,Historical,1869363,0,0,S,11,1,331947,49.95,2014,10,0,40.4
76170,Historical,334071,0,0,S,3,1,10788,73.25,2011,66,38.99,49.17
76171,Historical,556892,0,0,S,1,0,64360,133.4,2011,60,58.82,127.03
76172,Historical,537919,0,0,S,3,1,809430,80.2,2003,35,138.19,7.84
76173,Historical,1477570,0,0,S,7,1,409244,49.99,2015,15,43.98,40.11
76174,Historical,720700,0,0,S,1,0,352755,35,2005,97,83.99,6.84
76175,Historical,870015,0,0,S,5,1,242518,48.95,2013,49,31.9,32.3
76177,Historical,270662,0,0,S,12,1,399008,49,2009,80,4,9.08
76178,Historical,639482,0,0,S,3,1,694383,55.95,2001,20,10.99,31.09
76179,Historical,560374,0,0,S,5,1,1029859,110,2010,26,23.24,94.62
76180,Historical,1707784,0,0,S,4,1,129147,57,2015,28,39.33,39.99
76181,Historical,527131,0,0,S,3,1,1119164,53,2010,32,40.47,12.99
76182,Historical,158141,0,0,S,1,0,265776,58.95,2007,22,0,53.44
76183,Historical,175712,0,0,S,1,0,1038105,84.99,2007,53,44.37,53.01
76184,Historical,566512,0,0,S,3,1,138758,103.93,2003,75,76.4,54.68
76185,Historical,3245978,0,0,S,2,1,3739862,79.98,1995,24,76.4,54.98
76186,Historical,247448,0,0,S,2,1,356639,61,2009,15,0,37.35
76187,Historical,619334,1,2,S,11,1,39497,95,2011,45,36.46,73.58
76188,Historical,540241,0,0,S,5,1,70218,49,2012,44,27.71,36.89
76189,Historical,714740,0,0,S,8,1,2366193,59.2,2002,33,36.46,35.33
76190,Historical,1550555,0,0,S,4,1,465834,54.95,2014,18,148.39,45.49
76191,Historical,624011,0,0,S,3,1,1541480,52.95,2008,25,17.94,41.46
76192,Historical,903794,0,0,S,2,1,767962,80,2005,17,0,78.15
76193,Historical,655331,0,0,S,1,0,220807,58.95,2012,14,0,49.78
76194,Historical,621928,0,0,S,7,1,126931,58.8,2011,49,37.38,38.98
76195,Historical,189113,0,0,S,0,0,66638,41.95,1999,15,0,26.97
76196,Historical,624484,0,0,S,6,1,161786,104.4,2003,45,58.72,66.12
76198,Historical,632023,0,0,S,4,1,202375,55,2013,35,26.03,45.58
76200,Historical,130561,0,0,S,10,1,335374,90.95,2011,34,21.77,57.72
76201,Historical,132412,0,0,S,3,1,3830833,87.6,2007,29,4,7.68
76202,Historical,132965,0,0,S,4,1,1068902,90.4,2009,24,4,15.99
76203,Historical,155361,0,0,S,2,1,1391234,127.95,1999,29,4.47,48.98
76204,Historical,145535,0,0,S,17,1,1432428,115.95,2006,37,12.42,68.23
76205,Historical,527129,0,0,S,8,1,91338,202,2012,41,13.93,72.26
76206,Historical,527128,0,0,S,11,1,392576,160.2,2012,39,14.44,99.72
76207,Historical,545804,0,0,S,4,1,425647,73,2013,21,64.31,61.29
76208,Historical,201657,0,0,S,2,1,2307820,47.95,2014,19,4.48,42.73
76209,Historical,266114,0,0,S,0,0,796634,32.5,2010,21,24.92,21.93
76210,Historical,246812,0,0,S,3,1,1103571,62.99,2007,25,0,0
76211,Historical,1483205,0,0,S,10,1,284700,226.53,2012,22,0,32.88
76213,Historical,667221,0,0,S,10,1,243726,147.33,2012,27,40.4,48.46
76214,Historical,60744,0,0,S,7,1,3041967,140.2,2006,31,0,15.97
76215,Historical,133494,0,0,S,9,1,765266,205.6,2010,54,4.48,28.99
76216,Historical,120621,0,0,S,8,1,1545563,159.4,2008,51,4.48,5.75
76217,Historical,866979,0,0,S,2,1,210815,44.95,2014,53,28.47,42.99
76218,Historical,183606,0,0,S,2,1,640739,153.95,2007,31,25.59,39.94
76219,Historical,127148,0,0,S,5,1,990472,47.95,2006,50,24.99,12.49
76220,Historical,914927,0,0,S,4,1,95124,64.95,2014,45,34.26,42.98
76221,Historical,144049,0,0,S,5,1,582046,144.6,1999,44,0,37.89
76222,Historical,247179,0,0,S,2,1,256583,68.95,2010,32,12.49,61.79
76223,Historical,177834,0,0,S,7,1,272991,199.95,2009,43,13.1,60.42
76224,Historical,867956,0,0,S,5,1,90176,59.95,2014,55,46.89,49.36
76225,Historical,612765,0,0,S,7,1,24359,76.5,2013,54,64.8,55.99
76226,Historical,663792,0,0,S,7,1,120467,61,2013,30,26.95,45.23
76227,Historical,174950,0,0,S,2,1,640628,49.99,2007,41,18.99,39.73
76228,Historical,117076,0,0,S,2,1,262355,125.8,2007,26,22.54,22.98
76229,Historical,626648,0,0,S,8,1,60137,82,2013,57,35.27,50.35
76230,Historical,654119,0,0,S,7,1,1521701,54.99,2010,21,38.99,110.35
76231,Historical,2082231,0,0,S,0,0,473102,35,2014,8,0,21.92
76232,Historical,859168,0,0,S,3,1,5420873,275,2004,16,61.74,89.19
76234,Historical,2589188,0,0,S,0,0,1202309,79.99,1974,45,25.31,58.08
76235,Historical,261984,0,0,S,2,1,81061,115.95,2007,30,0,64.58
76236,Historical,2649408,0,0,S,2,1,891040,49.95,2002,20,0,23.97
76237,Historical,543836,0,0,S,3,1,63253,218.95,2012,38,84.96,82.07
76238,Historical,3068970,0,0,S,3,1,6137,62.98,2005,19,0,62.98
76239,Historical,610078,0,0,S,3,1,20526,49.95,2013,88,31.74,33.97
76240,Historical,541805,1,1,S,2,1,56739,44.95,2013,40,28.74,31.99
76241,Historical,555267,0,0,S,2,1,296499,49.95,1997,40,26.84,38.19
76242,Historical,616236,1,1,S,5,1,220481,98.95,1993,43,4.04,39.84
76244,Historical,864526,0,0,S,2,1,225112,54.95,2014,25,39.74,50.65
76245,Historical,630261,0,0,S,2,1,544638,35,2004,28,24.21,25.4
76246,Historical,631807,0,0,S,2,1,1068904,49.99,2004,35,13.48,45.1
76247,Historical,619366,0,0,S,2,1,415743,120.4,2009,54,164.82,79.2
76249,Historical,527105,1,1,S,2,1,613862,65,2008,62,41.98,47.83
76250,Historical,543999,0,0,S,3,1,290325,70,2013,50,41.32,43.33
76251,Historical,615312,1,1,S,1,0,119460,120.95,2008,67,0,46.35
76252,Historical,860927,1,1,S,2,1,53165,114.95,2012,47,0,33.92
76253,Historical,2071506,0,0,S,2,1,1228427,47.99,2009,47,15.59,43.98
76254,Historical,527103,0,0,S,6,1,359989,57.95,2012,30,32.67,40.1
76257,Historical,1658025,0,0,S,3,1,879029,116.78,2009,10,30.98,114.18
76258,Historical,615655,0,0,S,2,1,1691630,34.95,2000,53,22.26,11.63
76259,Historical,363683,0,0,S,2,1,276431,44,2002,19,0,33.31
76260,Historical,626287,0,0,S,3,1,199599,105,2010,22,0,60.14
76262,Historical,658529,0,0,S,0,0,583053,49.95,2009,20,22.88,30.52
76263,Historical,2600951,0,0,S,2,1,1095329,54.99,1993,40,0,28.97
76264,Historical,2542393,0,0,S,2,1,529024,46.95,2003,26,28.56,36
76265,Historical,538185,0,0,S,2,1,238339,14,2008,33,0,0
76266,Historical,797555,0,0,S,4,1,652344,127.95,2003,39,84.39,7.83
76267,Historical,543528,0,0,S,2,1,716411,59,2013,15,33.99,43.13
76268,Historical,661113,0,0,S,2,1,930235,47.95,2011,28,37.25,39.12
76269,Historical,629499,1,1,S,1,0,179939,51.95,2001,24,0,52.38
76270,Historical,913155,0,0,S,1,0,239645,46.95,2001,24,0,31.46
76271,Historical,2095792,0,0,S,2,1,163579,49.99,2015,15,41.8,31.59
76272,Historical,563432,0,0,S,1,0,52115,39.95,1994,102,18,23.49
76273,Historical,563565,0,0,S,2,1,39018,39.95,2013,65,18,28.1
76274,Historical,1552285,0,0,S,1,0,984415,41.95,2012,6,0,33.13
76275,Historical,920697,0,0,S,1,0,301475,39.95,2005,75,145.59,31.2
76276,Historical,658003,0,0,S,2,1,717434,39.99,2013,23,34.71,39.44
76278,Historical,637041,0,0,S,0,0,173309,35.95,2010,30,0,22.99
76279,Historical,914806,1,1,S,3,1,21691,27.95,2013,31,0,0
76280,Historical,527092,0,0,S,4,1,207423,62.6,2011,41,40.09,40.72
76281,Historical,620792,0,0,S,0,0,592270,49.95,2009,30,20.99,31.36
76282,Historical,178050,0,0,S,10,1,418947,139.95,2004,24,120.95,17.99
76283,Historical,164398,0,0,S,3,1,64140,275,2002,60,17.29,78.72
76285,Historical,527090,0,0,S,3,1,95787,29.99,2011,21,0,27.45
76286,Historical,1834475,0,0,S,0,0,549182,19.99,2010,56,51.98,9.23
76287,Historical,591369,0,0,S,1,0,7653,14.95,2005,322,51.98,7.33
76289,Historical,527082,0,0,S,2,1,38990,38.95,2007,31,0,0
76290,Historical,667881,0,0,S,1,0,626988,44.95,2011,14,0,40.59
76291,Historical,527078,0,0,S,2,1,503276,42,2011,45,6.99,16.87
76293,Historical,867328,0,0,S,0,0,32248,39.99,2014,46,28.99,28.99
76296,Historical,2095816,0,0,S,2,1,259223,59.99,2014,11,41.5,44.19
76297,Historical,790807,0,0,S,0,0,122278,35,2001,22,0,48.79
76298,Historical,1441773,0,0,S,10,1,151511,252.5,2012,16,0,207.04
76299,Historical,142806,0,0,S,1,0,251735,236.95,1996,56,0,68.48
76300,Historical,142818,0,0,S,1,0,749238,411.95,1996,31,0,71.89
76301,Historical,635738,0,0,S,5,1,138988,52,2011,34,25.41,27.15
76302,Historical,2333304,0,0,S,2,1,2028294,29.95,1994,34,25.41,50.35
76303,Historical,203504,0,0,S,3,1,1398588,89.95,2003,18,0,0
76304,Historical,877533,0,0,S,2,1,62103,62.5,2015,39,24.99,28.98
76305,Historical,225664,0,0,S,2,1,152746,104.95,2001,36,0,65.96
76306,Historical,226058,0,0,S,2,1,2498194,84.95,1995,21,112.95,26.89
76307,Historical,2216222,0,0,S,4,1,206906,51.75,2015,7,0,44.82
76308,Historical,217684,0,0,S,4,1,1239913,39.99,2005,40,18.96,23.93
76309,Historical,635525,0,0,S,2,1,171547,79.95,2013,38,34.71,43.01
76310,Historical,619448,0,0,S,3,1,276009,335.95,2003,35,0,0
76311,Historical,190457,1,1,S,8,1,184438,99.76,1999,63,48.49,52.54
76312,Historical,878830,0,0,S,11,1,228167,176.83,2012,11,36.91,160.67
76313,Historical,111469,0,0,S,10,1,448322,68.45,2010,15,36.91,54.05
76314,Historical,417249,0,0,S,10,1,1402543,61.16,2010,16,36.91,38.93
76315,Historical,909993,0,0,S,9,1,874260,7.99,2008,16,22.81,16.54
76316,Historical,108048,0,0,S,5,1,2200955,11.56,2002,29,12.92,11.36
76317,Historical,259213,0,0,S,3,1,114057,34.95,1997,102,5.92,18.77
76318,Historical,181835,0,0,S,2,1,627430,49.99,2003,67,5.19,32.25
76319,Historical,632751,0,0,S,2,1,1616020,91.99,2008,30,9.39,42.55
76320,Historical,1455230,0,0,S,2,1,204304,41.33,2014,15,81.14,39.27
76321,Historical,287312,0,0,S,4,1,21674,19.95,2010,121,14.69,14.98
76323,Historical,277953,0,0,S,5,1,1072984,183.95,2000,51,38.99,41.67
76324,Historical,620888,0,0,S,1,0,199015,50,2003,36,0,28.64
76325,Historical,2089588,0,0,S,2,1,269067,54.95,2014,34,53.98,45.93
76326,Historical,630716,0,0,S,2,1,1303185,52.95,2006,44,43.41,34.37
76327,Historical,527071,0,0,S,2,1,1475888,44.95,2008,13,21.79,44.95
76328,Historical,599720,0,0,S,2,1,576035,54,2010,17,13.93,28.99
76329,Historical,2341019,0,0,S,14,1,2760969,17.13,1987,49,0,15.42
76330,Historical,2341021,0,0,S,16,1,2871618,35,1993,24,6.99,33.98
76331,Historical,2663612,0,0,S,7,1,2977413,67.11,1986,14,59.98,79.96
76332,Historical,620912,0,0,S,0,0,241466,39.95,2000,44,18.83,20.54
76333,Historical,196386,0,0,S,4,1,2401798,36.95,1995,22,7.32,10.68
76334,Historical,2836215,0,0,S,2,1,1282344,288.95,1992,36,4.46,147.21
76335,Historical,847573,0,0,S,10,1,2425571,29.56,1996,29,77.37,21.13
76336,Historical,542050,0,0,S,11,1,836323,132.95,2009,33,77.37,76.68
76337,Historical,555150,0,0,S,3,1,14529,41.19,2005,49,16.04,12.88
76338,Historical,291171,0,0,S,2,1,439264,33.99,1999,133,16.73,7.25
76339,Historical,259851,0,0,S,3,1,221747,42,2010,37,22.59,41.99
76340,Historical,561786,0,0,S,3,1,968631,167.95,2002,36,65.68,14.9
76341,Historical,252038,0,0,S,2,1,194927,205.95,2009,39,25.29,63.91
76342,Historical,647921,0,0,S,5,1,807796,90.95,2008,65,32.76,60.97
76344,Historical,882579,0,0,S,3,1,7978785,70,1999,14,61.56,93.57
76345,Historical,1522953,0,0,S,7,1,663180,65.95,2010,34,52.86,48.98
76346,Historical,57010,0,0,S,2,1,244348,22.95,2004,110,20.89,9.42
76347,Historical,204077,0,0,S,3,1,90905,91.99,2009,61,54.38,36.35
76348,Historical,60018,0,0,S,7,1,1719054,93.33,2002,31,121.94,28.11
76349,Historical,642076,0,0,S,5,1,31335,113,2013,70,43.99,48.99
76350,Historical,539462,0,0,S,3,1,10440,49.99,2012,72,23.49,28.69
76351,Historical,116317,0,0,S,2,1,711701,49.99,2009,30,23.49,18.99
76352,Historical,866890,0,0,S,4,1,620369,65,2014,15,79.05,76.32
76353,Historical,743472,0,0,S,2,1,545159,57.95,2005,32,0,0
76354,Historical,861857,0,0,S,3,1,278867,89,2014,44,64.2,66.6
76355,Historical,1702069,0,0,S,5,1,134561,126,2008,16,0,51.7
76356,Historical,663215,0,0,S,3,1,175668,54.95,2013,98,37.13,35.25
76357,Historical,905243,0,0,S,3,1,151515,59.95,2014,25,43.99,31.99
76358,Historical,147322,0,0,S,2,1,2252958,59.95,2007,14,17.77,59.94
76359,Historical,656254,0,0,S,2,1,1114615,75.99,2010,24,62.18,53.98
76360,Historical,2550782,0,0,S,8,1,5819864,105,1994,11,47.97,675
76361,Historical,1725112,0,0,S,2,1,2449705,209.95,2008,19,81.99,76.5
76362,Historical,2238683,0,0,S,2,1,278221,87,2015,5,0,33.53
76363,Historical,628803,0,0,S,2,1,613235,250.95,2008,38,24.08,109.46
76364,Historical,2579528,1,1,S,2,1,10581707,100,1994,15,50.8,128.08
76365,Historical,609425,0,0,S,3,1,1050659,92.95,1996,35,34.6,53.54
76366,Historical,633983,0,0,S,6,1,742800,133.8,2005,19,119.99,97.27
76367,Historical,607141,0,0,S,4,1,664015,98,1999,24,119.99,22.89
76368,Historical,621197,0,0,S,3,1,967470,61.99,2009,29,4.84,26.99
76369,Historical,148450,0,0,S,4,1,1222218,229.95,2006,50,5.31,19.43
76370,Historical,254274,0,0,S,2,1,145233,68.95,2011,25,62.57,59.5
76371,Historical,665259,0,0,S,2,1,94691,49.95,2012,27,0,0
76372,Historical,626824,0,0,S,5,1,970202,254.95,1997,25,0,153.12
76373,Historical,291721,1,2,S,3,1,565683,141.95,2010,36,21.98,71.24
76375,Historical,178916,0,0,S,1,0,942983,129.95,2010,55,52.88,43.89
76376,Historical,633865,0,0,S,4,1,484662,108.99,2012,16,50.24,63.58
76377,Historical,2559590,0,0,S,2,1,524199,62.41,1980,19,0,71.21
76379,Historical,295518,0,0,S,4,1,3269071,79,1995,36,43.81,49.31
76380,Historical,630001,0,0,S,2,1,29616,49.95,2011,52,28.76,30.47
76381,Historical,174714,0,0,S,0,0,40752,54.99,1999,41,26.74,39.97
76382,Historical,2710227,0,0,S,0,0,472959,49.95,2004,46,25.98,31.21
76383,Historical,527055,1,1,S,4,1,743429,99.95,2012,27,56.28,23.97
76384,Historical,243928,0,0,S,9,1,88161,99.95,2011,27,47.64,47.37
76385,Historical,245001,0,0,S,6,1,1224565,117.95,2003,21,14.74,82.43
76386,Historical,543783,0,0,S,6,1,160661,99.95,2012,25,43.06,41.99
76387,Historical,860450,0,0,S,6,1,41050,98.95,2011,36,53.96,54.97
76389,Historical,913831,0,0,S,0,0,1104374,21.95,2006,34,15.63,57.14
76390,Historical,114372,0,0,S,4,1,736170,69.99,2003,34,15.52,44.67
76391,Historical,192751,0,0,S,2,1,966013,117,1999,39,0,111.85
76392,Historical,57918,0,0,S,4,1,2074533,214.95,2003,41,88.37,13.96
76393,Historical,632093,0,0,S,6,1,37149,59.95,2012,51,23.99,38.46
76394,Historical,2579054,0,0,S,3,1,3721212,82.95,1991,28,45.69,48.94
76395,Historical,54435,0,0,S,7,1,734500,60,2000,64,89.22,9.87
76397,Historical,121837,0,0,S,3,1,623212,112.6,1999,43,53.99,29.66
76398,Historical,538810,0,0,S,6,1,16549,126.25,2013,89,72.03,70.07
76399,Historical,617707,1,1,S,4,1,382575,69.99,2001,50,6.79,38.27
76400,Historical,527046,0,0,S,2,1,753802,59.95,2008,37,38.99,43.51
76401,Historical,114435,0,0,S,2,1,671137,115.4,2001,40,53.99,28.74
76402,Historical,569138,0,0,S,2,1,786539,54.99,2012,30,59.86,44.81
76403,Historical,1924713,1,1,S,5,1,470331,53,2014,14,0,44.8
76404,Historical,620615,0,0,S,2,1,581324,61,1998,34,22.83,31.16
76405,Historical,564270,0,0,S,1,0,297957,121.95,1990,42,0,83.99
76406,Historical,322553,0,0,S,2,1,5771727,46,1999,17,73.37,92.27
76407,Historical,181827,0,0,S,3,1,283778,54.95,2003,57,5.47,21.89
76409,Historical,170099,0,0,S,7,1,500960,152.95,2009,30,24.62,56.48
76415,Historical,774493,0,0,S,3,1,1037857,74.95,2003,19,73.41,127.55
76416,Historical,804565,0,0,S,2,1,2066765,93.95,2009,15,55.13,22.98
76417,Historical,864997,0,0,S,2,1,9221,14,2012,33,11.09,10.15
76418,Historical,1437094,0,0,S,2,1,22478,14,2012,26,0,10.69
76420,Historical,106779,0,0,S,2,1,67268,13,2010,55,13.03,46.87
76421,Historical,111626,0,0,S,1,0,650095,209.25,2011,24,0,194.41
76422,Historical,110047,0,0,S,1,0,110855,212.5,2011,96,0,11.39
76423,Historical,647772,0,0,S,7,1,1477986,106,2010,17,66.83,10.34
76424,Historical,540444,0,0,S,2,1,31747,75.75,2012,87,44.49,43.99
76425,Historical,859476,1,1,S,4,1,118579,202.95,2006,49,43.13,47.96
76426,Historical,537970,0,0,S,2,1,4426294,98.95,2000,29,118.99,23.72
76427,Historical,147344,0,0,S,10,1,311729,50.95,2006,96,15.94,43.98
76428,Historical,145691,0,0,S,2,1,74770,59.99,2007,74,31.29,46.63
76429,Historical,527037,0,0,S,0,0,599462,112,2010,27,43.98,48.99
76430,Historical,646615,0,0,S,5,1,299058,53.25,2005,22,0,42.63
76431,Historical,2163643,0,0,S,2,1,502872,55.95,2011,25,40,36.39
76433,Historical,2163641,0,0,S,2,1,428448,55.95,2011,22,44.83,36.39
76434,Historical,2159242,0,0,S,2,1,1773813,44.95,2006,5,0,38.5
76435,Historical,2166998,0,0,S,0,0,96528,0,2011,8,0,39.95
76436,Historical,2166999,1,1,S,0,0,83117,0,2011,9,0,38.99
76437,Historical,127160,0,0,S,2,1,8922,103.95,2009,106,42.98,62.49
76438,Historical,865371,0,0,S,5,1,209753,24.6,2013,28,17.31,18.67
76439,Historical,434983,0,0,S,4,1,309520,24.6,2010,53,17.31,18.65
76440,Historical,667398,0,0,S,2,1,338469,50,2011,25,35.99,45.09
76441,Historical,179233,0,0,S,13,1,1410780,201.95,2009,60,125.36,6.11
76442,Historical,867429,0,0,S,5,1,44384,56.95,2014,35,49.21,48.69
76443,Historical,264573,0,0,S,3,1,985956,49.95,2001,39,49.21,13.99
76444,Historical,1927007,0,0,S,3,1,135973,34.95,2011,12,0,28.85
76445,Historical,624461,0,0,S,0,0,434873,35,2005,48,24.55,15.74
76446,Historical,587797,0,0,S,2,1,74752,74.75,2012,54,60.5,43.82
76447,Historical,2061857,0,0,S,0,0,413115,14.95,2009,49,20.7,9.31
76449,Historical,1474012,0,0,S,2,1,877088,39.95,2015,15,32.19,34.2
76450,Historical,624820,0,0,S,2,1,108529,76.95,1999,21,0,71.14
76451,Historical,918129,0,0,S,2,1,485364,48.34,2011,42,20.15,28.36
76452,Historical,913840,0,0,S,2,1,588553,55.92,2012,32,20.15,25.99
76453,Historical,658412,0,0,S,4,1,499784,38.45,2011,68,25.45,27.14
76454,Historical,2107157,0,0,S,0,0,287136,62.99,2014,11,42.78,40.94
76457,Historical,2107304,0,0,S,0,0,31918,62.99,2015,8,43.98,43.98
76460,Historical,2107319,0,0,S,0,0,332133,62.99,2015,12,43.98,42.57
76461,Historical,2083970,0,0,S,0,0,106712,62.99,2013,19,40.88,37.2
76464,Historical,2085938,0,0,S,0,0,237297,62.99,2013,8,0,43.98
76466,Historical,106744,0,0,S,2,1,936621,21.95,2009,58,4.19,11.73
76467,Historical,538498,0,0,S,1,0,443261,123.69,2012,32,145.37,113.99
76468,Historical,649707,1,1,S,4,1,713952,148,2012,30,78.99,103.99
76469,Historical,544275,0,0,S,3,1,595189,303.95,2013,65,10.07,28.29
76470,Historical,1516851,0,0,S,4,1,193737,233.4,2013,43,0,167.21
76471,Historical,741858,0,0,S,2,1,4616580,141.2,2008,8,187.22,45.79
76472,Historical,624323,1,1,S,3,1,1084247,253.4,2010,33,102.97,182.99
76473,Historical,144515,0,0,S,4,1,2772267,126.67,2003,52,153.93,23.99
76474,Historical,2621896,0,0,S,3,1,1407127,97.95,1995,32,58.23,33.95
76475,Historical,613314,1,3,S,7,1,212844,78.8,2011,94,0,0
76476,Historical,708617,0,0,S,0,0,1271835,102,2005,45,0,0
76478,Historical,616191,0,0,S,0,0,480828,90.5,2008,105,10.16,12.02
76479,Historical,551416,1,2,S,1,0,339741,151,2008,61,85.99,48.94
76480,Historical,112141,0,0,S,1,0,620394,109.25,2002,115,85.99,23.94
76481,Historical,553459,0,0,S,0,0,575743,105,2012,86,0,16.57
76482,Historical,552301,0,0,S,0,0,606567,144,2007,113,0,43.67
76483,Historical,613221,0,0,S,0,0,131448,112,2003,121,0,43.99
76484,Historical,639234,0,0,S,1,0,512686,139.2,2009,36,0,108.61
76486,Historical,770606,1,1,S,0,0,1042462,142.35,2004,22,119.22,62.98
76487,Historical,627815,1,2,S,1,0,65098,247,2013,35,0,68.99
76488,Historical,52544,1,1,S,7,1,212009,81,2001,84,112.22,14.48
76489,Historical,1483278,1,10,S,11,1,17572,139.33,2013,50,0,38.99
76490,Historical,146484,0,0,S,9,1,354005,166,2011,41,137.39,53.99
76491,Historical,1826776,0,0,S,6,1,1119690,0,2012,19,151.82,90.73
76492,Historical,54835,0,0,S,5,1,1418012,97.29,2000,82,0,13.98
76493,Historical,876843,0,0,S,5,1,284450,174,2013,49,93.97,57.42
76494,Historical,771151,0,0,S,6,1,486008,77.27,2003,54,0,28.99
76495,Historical,658945,0,0,S,5,1,727097,194,2013,28,0,133.98
76496,Historical,538593,1,1,S,7,1,28940,272.25,2010,60,51.33,98.03
76497,Historical,54837,0,0,S,7,1,221681,181.33,2006,30,56.72,123.98
76498,Historical,656049,0,0,S,5,1,1358323,166,2012,35,39.64,31.93
76499,Historical,52262,0,0,S,5,1,362276,269.95,2000,98,118.96,38.99
76500,Historical,527019,0,0,S,5,1,56470,242.95,2011,44,105.96,103.99
76501,Historical,183659,1,1,S,5,1,292754,367.95,2007,86,6.84,57.69
76502,Historical,183012,0,0,S,4,1,1398471,269.95,2004,57,6.84,28.99
76503,Historical,612853,1,2,S,2,1,66454,255.2,2012,141,29.42,48.33
76504,Historical,1621670,1,1,S,7,1,349324,206.95,2006,47,0,43.97
76505,Historical,647422,0,0,S,3,1,1295259,96,2009,17,65.87,82.08
76506,Historical,572954,0,0,S,2,1,898901,90.15,1998,45,65.87,28.74
76507,Historical,176925,0,0,S,2,1,155387,318.95,2003,34,28.99,66.77
76509,Historical,618612,0,0,S,0,0,374183,153.35,2006,44,93.97,48.99
76510,Historical,619772,0,0,S,6,1,877132,173.95,2011,41,0,0
76511,Historical,614125,0,0,S,3,1,1707924,119.96,1993,60,0,19.98
76512,Historical,1516773,1,1,S,5,1,1071002,175,2012,24,150,163.4
76513,Historical,101515,0,0,S,1,0,666876,145,2002,59,0,33.94
76514,Historical,656939,0,0,S,6,1,461787,99.8,2012,32,23.33,46.25
76515,Historical,616400,0,0,S,4,1,842609,153.35,2004,58,143.14,93.99
76516,Historical,116842,0,0,S,4,1,158743,153.33,2005,55,143.14,69.99
76517,Historical,314702,0,0,S,4,1,1149575,145.33,2005,45,4,46.75
76518,Historical,561547,0,0,S,1,0,123292,164.2,2013,51,0,97.09
76519,Historical,183014,1,1,S,4,1,1060979,112.95,2004,45,8.2,11.19
76520,Historical,182477,0,0,S,3,1,349958,54.36,2000,53,8.2,13.99
76521,Historical,145034,0,0,S,3,1,2567508,164,2005,19,50.6,34.49
76522,Historical,614626,0,0,S,3,1,1357592,99,1993,43,12.97,29.26
76523,Historical,50062,0,0,S,5,1,199027,294.95,2005,140,34.93,33.74
76524,Historical,2654953,0,0,S,2,1,5465297,98.76,1996,40,123.88,10.46
76525,Historical,2638160,0,0,S,3,1,2430541,125.55,2000,41,123.88,19.98
76527,Historical,2523521,0,0,S,0,0,1388198,134.94,1999,35,5.87,54.45
76528,Historical,863003,0,0,S,3,1,335526,371.95,2001,95,105.94,40.98
76529,Historical,769094,0,0,S,3,1,1507263,137.16,2000,25,105.94,53.92
76530,Historical,2641572,0,0,S,4,1,469500,138.76,2004,20,4806.18,122.5
76531,Historical,185150,0,0,S,2,1,263309,214.95,1997,85,105.94,23.61
76532,Historical,183013,1,1,S,4,1,547555,355.95,2004,50,105.94,149.09
76534,Historical,183102,0,0,S,1,0,658256,288.95,2005,38,5.87,45.25
76535,Historical,906793,0,0,S,3,1,404682,119.95,2012,19,103.98,0
76536,Historical,533046,0,0,S,4,1,99897,225.95,2005,62,23.04,66.99
76537,Historical,541866,0,0,S,4,1,259517,70,2012,29,48.94,45.65
76539,Historical,2155764,0,0,S,3,1,737489,90.25,2007,12,29.44,217.63
76540,Historical,1437386,0,0,S,1,0,1100983,85,2014,16,0,48.48
76541,Historical,2079556,0,0,S,2,1,250591,69.95,2013,14,0,58.3
76542,Historical,169149,1,1,S,8,1,1119705,94.95,2006,93,31.54,7.55
76543,Historical,751183,0,0,S,3,1,370832,19.99,2009,88,6.98,8.24
76544,Historical,120049,1,1,S,9,1,696318,145.33,2009,47,65.08,73.61
76545,Historical,618566,0,0,S,2,1,1039227,58.95,2010,42,9.39,36.56
76547,Historical,862237,0,0,S,1,0,787173,49.99,2014,17,18.26,12.97
76550,Historical,864418,0,0,S,2,1,224336,49.95,2013,26,0,0
76551,Historical,912459,0,0,S,2,1,326516,52,2014,29,31.11,33.15
76553,Historical,120661,0,0,S,2,1,126353,43.2,2008,12,0,0
76554,Historical,421894,1,1,S,0,0,56252,129.25,2007,93,10.8,53.99
76555,Historical,859361,1,1,S,0,0,40713,99.4,2006,118,0,28.8
76557,Historical,119056,1,3,S,0,0,32960,80.96,2008,101,22.98,43.99
76558,Historical,551889,1,1,S,5,1,282388,134.75,2001,153,22.98,17.48
76559,Historical,553338,0,0,S,0,0,281898,122.25,2011,49,33.8,68.26
76560,Historical,50619,0,0,S,0,0,81100,121.4,2005,106,33.8,36
76561,Historical,613006,0,0,S,2,1,1465079,35.2,2005,72,8.3,46.99
76562,Historical,421822,0,0,S,0,0,1583,113.25,2007,66,16.98,52.99
76563,Historical,113871,0,0,S,2,1,163318,101,2000,24,0,0
76564,Historical,117448,0,0,S,1,0,188839,60.26,2004,76,10.25,65.88
76566,Historical,614533,1,1,S,0,0,563837,125.75,2005,79,10.45,122.5
76567,Historical,53773,0,0,S,5,1,72575,125.75,2005,77,9.41,51.99
76568,Historical,625250,0,0,S,0,0,118797,126.7,2010,58,13.78,62.99
76570,Historical,2388959,0,0,S,0,0,1216117,97.25,1989,60,0,31.23
76571,Historical,554119,0,0,S,4,1,759601,106.5,1996,64,0,49.09
76572,Historical,627410,0,0,S,1,0,187603,130.6,2010,45,17.98,73.98
76573,Historical,712739,0,0,S,7,1,136293,105.75,2001,69,6.89,15.44
76574,Historical,613090,0,0,S,0,0,475141,125.75,2003,119,0,63.99
76575,Historical,551877,0,0,S,0,0,1113892,79.5,2001,64,6.89,14.13
76577,Historical,539558,0,0,S,0,0,488347,112.85,2008,58,49.1,45.16
76578,Historical,613330,1,1,S,0,0,79428,87.38,2007,92,5.3,77.22
76579,Historical,614715,1,1,S,0,0,210177,83.67,2008,91,5.3,60.98
76580,Historical,114866,0,0,S,0,0,113712,111.25,2003,116,7.06,24.94
76581,Historical,114944,0,0,S,0,0,643118,100,2004,110,0,17.84
76582,Historical,613554,0,0,S,5,1,948324,100,2003,83,0,0
76586,Historical,616207,1,2,S,2,1,176723,122.25,2004,80,6.78,24.99
76587,Historical,867112,0,0,S,9,1,24189,106.2,2014,53,49.97,48.56
76588,Historical,553064,0,0,S,0,0,1736498,0,2006,14,45.31,88.19
76589,Historical,622056,0,0,S,0,0,295185,148.86,2004,56,45.31,51.97
76591,Historical,613215,0,0,S,4,1,683846,112.15,2001,101,0,10.92
76592,Historical,114357,1,1,S,5,1,361033,85.05,2002,113,0,32.88
76593,Historical,116253,1,12,S,0,0,176980,132.55,2005,92,0,79.49
76594,Historical,422640,1,2,S,0,0,104582,128.99,2007,45,0,91.89
76595,Historical,114862,1,1,S,0,0,535382,139,2003,167,6.57,63.85
76596,Historical,117465,0,0,S,0,0,249769,141.75,2003,49,6.57,19.98
76597,Historical,2393017,0,0,S,0,0,1085633,88,1993,61,4.37,45.22
76598,Historical,553457,0,0,S,0,0,1134846,75.95,2001,74,0,6.98
76599,Historical,866900,0,0,S,0,0,241094,298.4,2015,48,209.89,128.09
76600,Historical,119379,0,0,S,0,0,1131999,243.8,2012,22,209.89,48.41
76601,Historical,864735,0,0,S,0,0,58135,315.4,2015,58,285.32,85.31
76604,Historical,649797,0,0,S,4,1,181690,34.99,2012,34,17.95,23.46
76605,Historical,618627,1,1,S,1,0,38138,55.67,2004,73,0,41
76606,Historical,861596,0,0,S,3,1,139715,58,2013,25,45.38,41.75
76607,Historical,621167,0,0,S,2,1,1277876,107,2001,27,0,0
76608,Historical,1823211,0,0,S,2,1,90135,69.4,2014,11,500,62.06
76609,Historical,2070610,0,0,S,7,1,499626,82.64,2012,10,0,53.9
76610,Historical,767584,0,0,S,14,1,1113987,51.95,2009,87,4.73,12.01
76611,Historical,1516836,0,0,S,4,1,36889,19.96,2014,50,16.93,18.38
76612,Historical,212490,0,0,S,7,1,908827,21.25,2005,64,0,7.76
76614,Historical,875261,0,0,S,4,1,178396,66.94,2013,25,55.12,57.62
76615,Historical,622735,1,1,S,1,0,92560,37,2007,47,13.95,21.92
76616,Historical,121207,0,0,S,2,1,37778,73.2,2010,34,28.8,50.48
76617,Historical,423023,0,0,S,2,1,372911,112.8,2009,61,11.38,37.98
76618,Historical,1964813,0,0,S,13,1,8568,59.99,2013,2,0,56.99
76619,Historical,2397233,0,0,S,2,1,8702708,106.95,1996,18,36.47,8.96
76620,Historical,527004,0,0,S,2,1,229468,165.8,2002,57,11.24,50.24
76621,Historical,110950,0,0,S,1,0,169110,43.02,2008,62,0,44.51
76622,Historical,872127,0,0,S,1,0,942055,163.75,2008,39,0,73.98
76624,Historical,676905,1,1,S,2,1,40382,24.95,2011,41,0,0
76625,Historical,527002,0,0,S,5,1,3060,30,2010,130,7.62,13.52
76626,Historical,264457,0,0,S,4,1,56442,29.95,2006,222,7.62,12.49
76627,Historical,871021,0,0,S,0,0,1601617,12.95,2008,42,7.62,8.93
76628,Historical,617219,0,0,S,0,0,102411,37.95,1987,52,10.49,22.46
76629,Historical,571905,0,0,S,3,1,379865,143.95,2003,42,22.93,74.57
76631,Historical,287596,0,0,S,3,1,81934,165.8,2008,52,38.93,42.22
76632,Historical,664298,0,0,S,1,0,144153,49,2013,19,0,36.81
76633,Historical,527000,1,1,S,2,1,96242,111.25,2006,41,33.91,39.45
76634,Historical,2066854,0,0,S,10,1,357197,25.95,2009,17,0,24.26
76635,Historical,765591,0,0,S,6,1,5357141,68.95,2002,23,108.98,15.44
76636,Historical,657315,0,0,S,0,0,1211469,41,2009,16,25.94,24.88
76637,Historical,639797,0,0,S,2,1,309354,63.95,2012,21,0,0
76638,Historical,116878,0,0,S,5,1,1170799,155,2005,19,131.71,178.18
76639,Historical,626650,0,0,S,4,1,481854,134,2013,44,22.38,61.9
76640,Historical,905646,0,0,S,5,1,147746,43,2011,18,31.41,41.99
76641,Historical,247924,0,0,S,2,1,1015980,85,2008,68,43.97,12.53
76642,Historical,868594,0,0,S,3,1,421074,66.99,2014,32,51.07,35.79
76643,Historical,199214,0,0,S,2,1,395753,85,2006,43,62.86,58.99
76644,Historical,615979,0,0,S,2,1,85058,85,2010,45,51.2,44.96
76645,Historical,347453,0,0,S,2,1,1334921,160,2006,24,32.05,47.94
76646,Historical,894999,0,0,S,2,1,439268,59.95,2012,19,27.19,42.81
76647,Historical,526996,0,0,S,2,1,399006,80,2010,42,37.52,38.95
76648,Historical,60756,0,0,S,6,1,590649,220.95,2004,49,128.07,38.73
76650,Historical,147332,0,0,S,4,1,1795485,64.95,2006,13,58.19,50.6
76651,Historical,200044,0,0,S,2,1,559827,181.95,2005,37,167.04,17.76
76653,Historical,553021,0,0,S,2,1,602399,38.2,2007,17,0,37
76654,Historical,638012,0,0,S,2,1,1520950,37.6,2007,18,18.68,37.6
76655,Historical,113115,0,0,S,3,1,713381,80.95,2007,27,12.98,68.86
76656,Historical,127562,0,0,S,2,1,101233,99.95,2010,42,63.99,78.96
76657,Historical,278065,0,0,S,2,1,182824,44.95,2007,31,19.58,23.11
76659,Historical,148577,0,0,S,2,1,184576,165.95,2007,29,74.99,135.71
76660,Historical,1749394,0,0,S,2,1,78080,62,2011,29,41.98,49.09
76661,Historical,132256,0,0,S,1,0,79485,55.67,2006,41,29.12,42.95
76662,Historical,231558,0,0,S,4,1,107561,56.95,2008,52,34.52,48.02
76663,Historical,621542,0,0,S,2,1,748513,66.95,1989,57,35.93,8.99
76664,Historical,268483,0,0,S,2,1,95589,60,2010,61,22.98,29
76665,Historical,177466,0,0,S,2,1,2232552,134.95,2000,43,73.22,7.99
76666,Historical,619808,0,0,S,13,1,403082,89.95,2008,35,0,0
76667,Historical,1680157,0,0,S,5,1,96459,42,2013,9,107.88,45
76668,Historical,1778720,0,0,S,2,1,910853,61,2013,35,48.32,47.2
76671,Historical,526979,0,0,S,3,1,89292,36.95,2008,78,21.3,30.3
76672,Historical,649828,0,0,S,2,1,30867,36.95,2012,29,27.39,30.68
76673,Historical,1982553,0,0,S,3,1,184305,45.95,2014,16,30.88,37.76
76674,Historical,171439,0,0,S,0,0,248889,52.95,1999,34,0,40.01
76675,Historical,2600399,0,0,S,2,1,642384,59.99,1993,24,0,34.99
76676,Historical,50650,0,0,S,1,0,2138656,99.95,1999,40,105.64,11.98
76677,Historical,60759,0,0,S,4,1,2381142,0,2003,30,186.98,19.98
76678,Historical,867122,0,0,S,6,1,9834,99,2014,65,58.73,71.99
76679,Historical,55688,1,1,S,11,1,71376,208,2009,86,35.22,84.18
76680,Historical,907976,1,3,S,6,1,61324,46,2015,48,43.69,38.99
76681,Historical,526972,0,0,S,2,1,1251626,219.99,2011,25,12.47,18.71
76682,Historical,3467973,0,0,S,2,1,147716,250,2016,0,0,225
76683,Historical,618922,0,0,S,2,1,323812,39.99,2012,57,32.99,29.48
76684,Historical,543900,0,0,S,4,1,670095,108,2012,32,65.98,79.37
76685,Historical,209070,1,1,S,2,1,1254984,152,1995,22,0,62.79
76686,Historical,789007,0,0,S,4,1,4237666,239,2001,20,121.44,73.99
76687,Historical,867728,0,0,S,2,1,310706,99.95,2014,13,49.29,69.71
76688,Historical,1517416,0,0,S,1,0,316369,98.98,2014,40,78.98,58.76
76689,Historical,561728,0,0,S,10,1,31580,102,2012,72,37.32,62.52
76690,Historical,916042,0,0,S,2,1,12642303,105,1997,34,36.74,43.86
76691,Historical,127450,0,0,S,3,1,348071,67,2010,46,42.99,55.98
76692,Historical,862238,0,0,S,5,1,68157,78,2014,23,42.93,48.97
76693,Historical,2840855,0,0,S,0,0,2240727,112.95,1998,38,67.48,13.47
76694,Historical,918644,0,0,S,2,1,4077039,75,1993,31,23.6,9.48
76695,Historical,546732,0,0,S,3,1,607978,72,2008,42,23.6,52.99
76696,Historical,830597,0,0,S,1,0,1200610,62.95,1997,53,33.99,53.71
76697,Historical,147042,1,1,S,2,1,1362292,82.95,2003,59,33.99,32.34
76698,Historical,50677,0,0,S,9,1,3472824,75,1997,29,6.65,6.26
76699,Historical,50676,1,1,S,10,1,329821,198.8,2001,70,6.65,12.88
76700,Historical,3485251,0,0,S,15,1,4968693,83.6,2002,27,0,8.99
76701,Historical,917821,0,0,S,5,1,161965,61.95,2013,32,41.32,52.17
76702,Historical,869916,0,0,S,4,1,5829624,96.95,1987,13,33.98,21.99
76703,Historical,203829,0,0,S,7,1,620953,139.99,2006,44,28.24,83.83
76704,Historical,609157,0,0,S,6,1,1748272,99.95,2002,39,28.24,12.7
76705,Historical,761648,1,2,S,11,1,1988112,0,2005,18,188.99,248.27
76706,Historical,163439,1,1,S,13,1,339889,0,2011,55,188.99,88.85
76707,Historical,231531,0,0,S,2,1,405753,115.95,2011,24,98.7,76.55
76708,Historical,890884,0,0,S,1,0,1441000,44.99,2014,10,47.22,43
76709,Historical,50302,0,0,S,15,1,3058860,12.99,2005,50,148.45,12.68
76710,Historical,538737,1,2,S,19,1,34020,345.5,2013,93,148.45,144.31
76711,Historical,870427,0,0,S,3,1,72706,39.95,2014,32,23.25,24.97
76712,Historical,226020,0,0,S,4,1,672807,62.95,2008,26,23.98,42.44
76713,Historical,119829,0,0,S,2,1,4199952,103,1996,29,58.78,27.63
76714,Historical,101674,0,0,S,1,0,160652,422.95,2001,75,0,81.27
76716,Historical,537139,0,0,S,7,1,27392,67.95,2012,96,47.75,50.49
76717,Historical,607560,0,0,S,4,1,1954752,32.5,1994,68,47.75,18.36
76718,Historical,176523,0,0,S,2,1,62527,323.95,2000,149,41.98,53.84
76719,Historical,529109,0,0,S,8,1,409480,112.95,2011,25,65.37,73.99
76720,Historical,178588,0,0,S,4,1,2543010,106.95,2002,38,65.37,18.49
76721,Historical,178591,0,0,S,5,1,1842644,120.95,2002,33,65.37,9.18
76723,Historical,541928,0,0,S,2,1,716311,212,1995,33,133.96,89.99
76724,Historical,742889,0,0,S,2,1,987913,145.67,2012,40,132.02,48.99
76726,Historical,322615,0,0,S,4,1,2815613,57.2,2003,39,26.1,8.98
76727,Historical,584727,0,0,S,2,1,35969,158.25,2012,56,46.96,63.74
76728,Historical,2566187,0,0,S,2,1,203888,55,1996,43,0,23.49
76729,Historical,549297,0,0,S,2,1,1078010,134.55,1986,21,20.94,48.99
76730,Historical,546758,0,0,S,2,1,78811,122,2012,91,52.01,53.99
76731,Historical,2621732,0,0,S,2,1,2903855,105.95,1992,22,47.26,45.07
76732,Historical,1437591,0,0,S,4,1,375325,58,2014,27,33.11,23.98
76734,Historical,231573,0,0,S,3,1,316324,97.95,2005,54,48.75,76.98
76735,Historical,231575,0,0,S,3,1,629192,99.95,2005,55,0,80.19
76736,Historical,143510,0,0,S,4,1,220757,49,2010,30,23.75,48.99
76737,Historical,539894,0,0,S,2,1,404228,44.95,2012,29,11.23,38.98
76738,Historical,110721,0,0,S,2,1,226554,282.75,2010,46,62.26,83.89
76739,Historical,110720,0,0,S,10,1,30448,80.99,2010,61,73.98,80.24
76740,Historical,2100980,0,0,S,8,1,258264,74.95,2014,21,51.79,56.12
76741,Historical,299761,0,0,S,3,1,4197883,59.95,2003,16,51.79,33.87
76742,Historical,560540,0,0,S,2,1,966960,49,2010,18,16.66,30.81
76743,Historical,737461,0,0,S,2,1,5727486,40,2007,12,19.96,90.94
76744,Historical,143291,0,0,S,2,1,833372,49,2009,20,7.17,44.17
76745,Historical,203420,0,0,S,2,1,671027,80.99,2002,55,0,49.54
76746,Historical,875591,0,0,S,3,1,1572264,38.99,2007,28,115.7,118.43
76747,Historical,128832,0,0,S,2,1,1963211,111.95,2001,44,115.7,11.98
76748,Historical,526947,1,1,S,6,1,78137,60,2010,23,23.97,32.88
76749,Historical,571826,0,0,S,3,1,2306306,123.56,2000,25,123.99,8.36
76750,Historical,53452,0,0,S,7,1,1724229,173.33,2004,46,97.5,6.99
76752,Historical,53453,0,0,S,8,1,917540,182,2006,63,97.5,12.94
76753,Historical,147935,0,0,S,3,1,502105,142.95,2003,105,105.48,21.92
76754,Historical,500312,0,0,S,4,1,435339,100.95,2012,39,28.99,52.91
76755,Historical,566720,0,0,S,3,1,3408882,101.47,1989,33,91.04,54.78
76756,Historical,756097,0,0,S,7,1,1450982,246,2011,16,17.98,127.32
76757,Historical,629114,0,0,S,3,1,303776,169.95,2013,46,28.99,28.99
76758,Historical,108561,0,0,S,1,0,1572010,43.82,2003,28,96.43,43.71
76759,Historical,109145,0,0,S,3,1,652762,10.56,2005,51,95.12,5.38
76760,Historical,581696,0,0,S,5,1,1517894,99,2007,27,0,53.99
76761,Historical,2664587,0,0,S,3,1,3802893,85,1999,14,88.22,57.81
76762,Historical,560434,0,0,S,2,1,1446837,48,2011,15,23.99,26.12
76763,Historical,129422,1,2,S,2,1,20632,141.95,2010,82,47.27,93.99
76764,Historical,60672,0,0,S,18,1,4472940,180,2006,33,6.24,23.98
76765,Historical,526942,0,0,S,19,1,2607138,11.99,2009,33,6.24,12.99
76766,Historical,60767,0,0,S,8,1,3608457,16,2007,31,20.91,16
76767,Historical,244297,0,0,S,10,1,922585,13.99,2011,28,20.91,43.08
76768,Historical,539015,0,0,S,3,1,575577,99.95,2014,35,61.55,55.98
76769,Historical,526941,0,0,S,9,1,688647,58.5,2008,24,0,42.43
76770,Historical,2302375,1,1,S,2,1,899130,202.8,1987,36,0,142.75
76771,Historical,152214,0,0,S,5,1,823070,84.95,2006,66,68.84,64.26
76772,Historical,651650,0,0,S,3,1,851645,82.64,2012,20,68.91,77.97
76773,Historical,178248,0,0,S,4,1,1484144,172.95,1998,24,148.99,78.07
76774,Historical,664261,0,0,S,4,1,70969,34.86,2013,60,20,64.96
76775,Historical,385731,0,0,S,7,1,270771,130,2006,33,42.94,49.92
76776,Historical,416656,0,0,S,2,1,1235310,58.99,2010,43,72.15,52.41
76777,Historical,52929,0,0,S,3,1,2808170,16.98,2002,69,103.83,15.4
76778,Historical,566476,0,0,S,2,1,843472,13.99,1999,53,103.83,13.98
76779,Historical,200503,0,0,S,2,1,573224,165.95,2009,51,62.48,40.86
76780,Historical,895432,0,0,S,0,0,1575853,75.95,2003,18,168.83,53.96
76782,Historical,448574,1,1,S,9,1,1904193,79.06,2001,43,58.99,10.53
76784,Historical,184631,0,0,S,2,1,400105,145,2003,39,4.97,61.85
76785,Historical,655319,1,4,S,5,1,424655,156.6,2012,53,70.7,47.04
76786,Historical,56658,1,1,S,4,1,407903,196.4,2010,35,70.7,77.15
76787,Historical,194435,0,0,S,2,1,758099,60,2002,47,28.27,25.99
76788,Historical,175974,0,0,S,2,1,274536,99.99,2009,19,0,0
76789,Historical,657687,1,1,S,3,1,1261847,215.9,2005,21,0,83.84
76790,Historical,738572,0,0,S,2,1,1183521,49,2012,12,53.27,39.51
76791,Historical,611829,0,0,S,3,1,209505,49,2013,18,33.99,49
76792,Historical,860933,0,0,S,2,1,721146,77,2012,15,85.04,52.11
76793,Historical,637672,0,0,S,2,1,66324,49,2012,37,23.53,38.99
76794,Historical,545768,0,0,S,5,1,76965,99,2013,67,33.98,67.63
76795,Historical,147840,0,0,S,1,0,784135,324.95,2006,48,4.75,9.98
76796,Historical,225724,0,0,S,2,1,765373,115.95,2002,55,0,79.33
76797,Historical,534327,0,0,S,3,1,498521,36.33,1993,43,56.61,13.99
76798,Historical,254606,0,0,S,2,1,420023,135.95,2011,18,33.99,69.73
76799,Historical,623338,0,0,S,1,0,524574,93.75,2010,37,0,56.91
76801,Historical,534861,0,0,S,0,0,2038787,52.95,2010,15,0,35.46
76802,Historical,528474,0,0,S,5,1,822973,191,2012,23,170.48,51.87
76803,Historical,880432,1,12,S,7,1,29269,172.95,2014,53,103.98,49.83
76804,Historical,50134,0,0,S,3,1,1722642,272.95,2003,108,103.98,5.5
76805,Historical,298904,0,0,S,6,1,985270,171.95,2009,32,54.08,52.99
76806,Historical,50143,1,1,S,7,1,1699128,121.33,2003,63,83.99,23.98
76807,Historical,365749,1,1,S,2,1,663137,69.95,2011,24,10.77,62.25
76808,Historical,111280,0,0,S,4,1,1635780,16.98,2009,16,170.48,18.49
76809,Historical,109532,0,0,S,3,1,3428743,8.99,2007,34,170.48,8.99
76810,Historical,866311,0,0,S,7,1,69781,65.95,2014,31,44.49,59.72
76811,Historical,130194,0,0,S,3,1,2579853,109.4,2002,37,67.44,5.99
76812,Historical,145175,0,0,S,4,1,3563846,118.67,2005,24,102.72,42.54
76813,Historical,431054,0,0,S,4,1,2408736,110,2006,18,84.37,79.3
76814,Historical,53996,0,0,S,11,1,663621,198.67,2005,132,176.24,11.93
76816,Historical,705755,1,1,S,5,1,1323441,265,2012,45,165.82,136.91
76817,Historical,538623,0,0,S,5,1,864168,194.5,2012,17,165.82,48.27
76818,Historical,612243,1,9,S,11,1,69117,165.8,2013,51,97.34,42.49
76819,Historical,571206,0,0,S,6,1,716206,132.6,2012,31,4,50
76820,Historical,53958,0,0,S,5,1,1233868,195.95,2002,77,219.58,22.56
76821,Historical,293824,0,0,S,1,0,429389,257.95,2007,50,0,72.98
76822,Historical,145212,0,0,S,12,1,58285,280.6,2008,38,48.98,83.98
76823,Historical,539384,0,0,S,12,1,1038548,289.27,2011,14,48.98,223.81
76825,Historical,105179,0,0,S,4,1,1381087,113.25,2000,24,84.2,55.98
76826,Historical,875732,0,0,S,3,1,1360190,0,1991,37,84.2,132.83
76827,Historical,224562,0,0,S,3,1,305032,85,1996,61,84.2,24.99
76828,Historical,126658,0,0,S,2,1,196347,115,2005,59,72.98,37.64
76829,Historical,114045,0,0,S,4,1,3032582,126.67,2000,34,109.59,13.99
76830,Historical,117692,0,0,S,6,1,793677,10.6,2005,28,109.59,13.92
76831,Historical,649303,1,1,S,1,0,291050,208.6,2001,13,0,140.49
76832,Historical,101203,0,0,S,2,1,2848087,107.75,1997,42,97.82,18.24
76833,Historical,50614,0,0,S,4,1,853097,103,2005,55,5.87,32.34
76834,Historical,566131,0,0,S,2,1,477900,110.95,2012,33,57.4,57.56
76836,Historical,3022096,0,0,S,4,1,2600021,105,1996,21,60.3,52.95
76837,Historical,2057123,0,0,S,2,1,711877,44,2011,11,39.38,38.49
76839,Historical,526918,0,0,S,2,1,94140,89.95,2013,24,73.95,47.97
76840,Historical,565779,0,0,S,3,1,571737,85,2009,32,58.5,47.8
76842,Historical,564961,1,1,S,3,1,500232,110,2012,33,40.66,43.13
76843,Historical,144255,0,0,S,1,0,345582,132.2,2001,27,0,73.99
76844,Historical,50663,0,0,S,8,1,942928,126.8,2002,44,142.99,29.99
76845,Historical,50664,0,0,S,9,1,546107,155.2,2004,19,142.99,37.44
76846,Historical,869285,0,0,S,2,1,400197,60.95,2014,11,52.63,54.76
76847,Historical,606675,0,0,S,2,1,723319,100,1994,26,98.94,46.85
76848,Historical,526911,0,0,S,2,1,175692,69.95,2011,46,44.58,41.34
76849,Historical,636517,0,0,S,9,1,701211,69.95,2000,18,29.53,60.4
76850,Historical,870713,1,1,S,2,1,15398,71,2014,54,42.88,46.22
76851,Historical,255397,0,0,S,2,1,349116,0,2003,28,83.99,73.89
76852,Historical,560446,0,0,S,2,1,687240,49,2011,19,38.81,40.94
76853,Historical,516483,0,0,S,2,1,402539,26.67,2006,34,4.04,13.98
76854,Historical,866667,0,0,S,4,1,367434,60,2014,54,19.69,18.98
76855,Historical,914042,0,0,S,3,1,2892691,66.95,1991,18,88.99,26.56
76856,Historical,222956,0,0,S,4,1,1505146,167.95,1996,29,88.99,43.98
76857,Historical,294030,0,0,S,5,1,86865,152.95,2001,46,17.95,48.98
76858,Historical,1719607,1,5,S,3,1,168633,74,2010,32,0,63.98
76859,Historical,222815,1,1,S,5,1,170479,73,2009,33,70.52,70.33
76860,Historical,663682,0,0,S,3,1,759,41.95,2013,92,28.83,32.01
76862,Historical,655619,0,0,S,2,1,39265,48,2010,38,20.85,29.17
76863,Historical,641416,0,0,S,4,1,21456,41.95,2010,21,0,0
76864,Historical,912631,0,0,S,0,0,1274194,33.15,2010,39,0,36.8
76865,Historical,631288,0,0,S,3,1,305319,115.95,2012,22,63.69,45.19
76866,Historical,193671,0,0,S,2,1,2217363,46,2008,30,34.24,28.98
76868,Historical,637044,0,0,S,2,1,231689,65,2010,37,32.09,25.99
76869,Historical,760186,0,0,S,2,1,7016175,210,2003,13,248.65,54.9
76871,Historical,1625047,0,0,S,0,0,388933,40.95,2008,25,0,32.02
76873,Historical,649539,0,0,S,3,1,75650,42,2013,48,29.99,27
76874,Historical,217320,0,0,S,2,1,258916,39,2009,28,29.99,82.73
76875,Historical,55814,0,0,S,2,1,4830,81.75,2005,101,39.95,39.98
76876,Historical,862245,0,0,S,5,1,1006887,49.99,2015,16,41.19,31.13
76877,Historical,924262,0,0,S,5,1,68587,59.99,2013,54,39.8,39.1
76878,Historical,658052,0,0,S,7,1,588876,59.99,2013,25,39.09,41.37
76879,Historical,266859,0,0,S,3,1,2072604,59.99,2005,40,48.21,6.88
76880,Historical,652386,0,0,S,2,1,1243717,49.99,2013,16,31.67,37.16
76881,Historical,593653,0,0,S,2,1,1211709,49.99,2008,61,0,0
76882,Historical,545202,0,0,S,3,1,163417,49.99,2010,34,0,0
76883,Historical,110055,0,0,S,5,1,1097377,173.5,2010,45,4.08,31.77
76884,Historical,894903,0,0,S,2,1,53871,59.99,2014,20,46.38,36.67
76885,Historical,864943,0,0,S,2,1,486288,44.99,2014,20,0,32.46
76886,Historical,860456,0,0,S,2,1,760296,44.99,2011,21,23.99,33.98
76887,Historical,664727,0,0,S,2,1,523108,54.99,2013,19,49.92,36.03
76888,Historical,864988,0,0,S,2,1,647813,59.99,2013,59,43.45,40.76
76889,Historical,648624,0,0,S,2,1,485913,59.99,2013,31,43.99,43.14
76890,Historical,612777,0,0,S,2,1,846570,59.99,2013,29,24.99,38.99
76891,Historical,1886252,0,0,S,3,1,1406624,49.99,2010,52,5.45,5.03
76892,Historical,1886523,0,0,S,4,1,810676,54.99,2014,16,0,40.13
76893,Historical,663299,0,0,S,1,0,12026,49.99,2013,63,28.92,28.25
76894,Historical,614653,0,0,S,1,0,904440,49.99,2009,90,28.92,21.32
76895,Historical,1983852,0,0,S,4,1,879627,59.99,2015,18,42.45,45.8
76896,Historical,860457,0,0,S,2,1,1005358,49.99,2011,19,0,30.34
76897,Historical,623485,0,0,S,3,1,869774,54.99,2010,42,40.95,14.06
76898,Historical,639856,0,0,S,4,1,254954,59.99,2012,23,40.95,47.93
76899,Historical,617532,0,0,S,2,1,339807,98,2010,29,32.57,38.96
76900,Historical,125977,0,0,S,3,1,100096,199.95,1998,43,4.37,58.83
76902,Historical,176547,1,1,S,2,1,3279973,124.95,1995,15,68.99,50.95
76903,Historical,128386,1,1,S,3,1,246885,85,2001,27,0,0
76904,Historical,254288,0,0,S,2,1,594920,92.95,2011,25,54.09,83.99
76905,Historical,2502568,0,0,S,2,1,2689012,129,1985,23,4.02,54.87
76906,Historical,58512,0,0,S,6,1,1153612,101.33,1997,59,90.42,13.98
76907,Historical,177029,0,0,S,5,1,313412,388.95,2010,34,82.93,71.94
76908,Historical,619535,0,0,S,1,0,799904,57.69,1998,41,110.81,44.71
76909,Historical,152603,0,0,S,2,1,115844,94.95,1995,37,0,58.99
76912,Historical,542182,0,0,S,4,1,81621,84.99,2010,51,68.99,68.22
76913,Historical,526897,0,0,S,2,1,189630,20,2012,26,7.93,8.45
76914,Historical,1534176,0,0,S,2,1,315862,169,2008,23,179.87,49.82
76915,Historical,875268,0,0,S,9,1,2313393,24.99,2006,22,83.99,29.97
76916,Historical,286121,0,0,S,5,1,2608654,108,2004,29,9.1,13.5
76917,Historical,120885,0,0,S,6,1,118157,205.8,2007,99,9.1,26.94
76919,Historical,129233,0,0,S,1,0,871330,35.95,2008,27,21.97,33.2
76920,Historical,652552,0,0,S,5,1,76372,65,2012,30,43.99,42.36
76921,Historical,1630858,0,0,S,2,1,711336,55,2012,23,0,38.24
76922,Historical,526892,0,0,S,7,1,137610,48.95,2013,26,36.34,30.34
76923,Historical,627880,1,1,S,11,1,468642,134,2012,41,118.99,10.98
76924,Historical,867130,0,0,S,12,1,290901,62.4,2014,13,57.25,49.19
76925,Historical,116809,1,1,S,2,1,478608,70,2007,26,0,0
76926,Historical,617206,0,0,S,3,1,863940,50.99,1998,37,10.92,32.68
76927,Historical,257165,0,0,S,2,1,395470,36.95,2001,55,6.24,11.24
76928,Historical,161781,0,0,S,8,1,3378723,123.16,2008,18,4.35,42.99
76929,Historical,54678,0,0,S,5,1,1682456,109,2004,47,83.24,16.87
76930,Historical,610671,0,0,S,0,0,1356797,49.95,2013,12,0,34.76
76931,Historical,1871360,0,0,S,4,1,890847,59,2010,25,0,36.99
76932,Historical,276778,0,0,S,2,1,129509,64,2007,20,0,0
76933,Historical,721317,0,0,S,0,0,653500,50,2003,20,20.05,32.66
76934,Historical,621311,1,1,S,3,1,33907,109.75,2011,56,52.59,52.61
76935,Historical,1922042,0,0,S,2,1,3692039,79.99,2010,18,55.98,64.06
76936,Historical,1533924,0,0,S,2,1,1762309,69.95,2007,15,79.61,59.28
76937,Historical,57906,0,0,S,5,1,2157536,105,2003,53,63.99,18.49
76938,Historical,288434,0,0,S,5,1,640669,79,2010,29,54.31,79.68
76939,Historical,919110,0,0,S,4,1,66665,49,2013,35,20.26,40.94
76941,Historical,611975,0,0,S,14,1,699910,65,2013,20,0,55.86
76942,Historical,630563,0,0,S,2,1,212868,63.95,2012,28,0,38.34
76943,Historical,246578,0,0,S,2,1,700982,78,2008,45,46.25,48.28
76944,Historical,753207,0,0,S,2,1,661283,24.99,2010,104,12.77,6.98
76945,Historical,543126,0,0,S,2,1,547576,28.95,2010,58,16.73,7.93
76946,Historical,788874,0,0,S,2,1,6277800,59.95,1999,19,33.59,28.99
76947,Historical,254030,0,0,S,4,1,133591,62.95,2011,73,49.79,53.54
76948,Historical,115824,0,0,S,7,1,3882645,88.2,2003,19,27.19,12.58
76949,Historical,607526,1,1,S,6,1,3175910,125,1999,34,49.65,50.09
76950,Historical,503345,1,1,S,5,1,292965,87.5,2011,51,59.35,56.98
76951,Historical,262754,0,0,S,2,1,95012,51.95,2009,79,37.72,47.42
76952,Historical,629898,0,0,S,3,1,330910,80,2003,31,50.49,62.28
76953,Historical,649687,0,0,S,1,0,405357,62.95,2012,14,0,38.17
76954,Historical,894889,0,0,S,2,1,28811,55,2014,31,33.99,31.75
76955,Historical,655191,0,0,S,2,1,777533,44.99,2013,34,28.97,36.16
76956,Historical,135668,0,0,S,3,1,105859,41.95,2010,20,20.99,25.16
76957,Historical,920355,0,0,S,2,1,2064074,49.95,2000,38,46.47,7.99
76958,Historical,540269,0,0,S,3,1,240837,48.95,2013,22,39.54,38.38
76959,Historical,549308,0,0,S,1,0,1388690,89.5,1995,39,150.69,10.76
76960,Historical,250641,0,0,S,3,1,296497,159.95,2010,36,102.24,31.12
76961,Historical,308775,1,1,S,4,1,642265,23.99,2004,43,18.99,44.08
76962,Historical,305851,0,0,S,3,1,2421996,115.93,2001,28,18.99,24.48
76963,Historical,307795,0,0,S,4,1,1372156,111.75,2006,28,0,0
76964,Historical,908944,0,0,S,1,0,47101,95,2014,38,34.58,51.08
76965,Historical,526870,1,1,S,4,1,154539,65,2011,39,22.77,37.47
76966,Historical,109140,0,0,S,5,1,880343,40.44,2004,26,93.99,11.25
76967,Historical,251773,0,0,S,2,1,1306755,180.95,2008,28,4.96,60.39
76968,Historical,147823,0,0,S,9,1,717912,214.95,2001,66,43.24,52.99
76969,Historical,629166,0,0,S,3,1,559977,75,2012,29,43,48.95
76970,Historical,117891,0,0,S,6,1,201289,163.4,2004,68,17,44.63
76971,Historical,114427,0,0,S,5,1,1470653,89.2,2001,37,17,44.21
76972,Historical,2434912,0,0,S,3,1,1289081,50.95,2001,19,0,28.98
76973,Historical,196512,0,0,S,2,1,435135,80.95,2003,35,3.85,64.09
76975,Historical,758947,0,0,S,3,1,599605,0,2000,33,57.74,66.97
76976,Historical,890889,0,0,S,3,1,89388,49.99,2014,19,28.13,28.94
76977,Historical,630548,0,0,S,2,1,51642,65,2012,29,31.98,39.83
76978,Historical,619637,1,2,S,9,1,3644,75,2011,51,41.46,41.15
76979,Historical,164993,0,0,S,2,1,1782234,65,2000,70,27.69,9.7
76980,Historical,526868,0,0,S,4,1,53677,75,2013,28,27.69,42.09
76982,Historical,862247,0,0,S,8,1,24850,161.25,2014,64,85.53,83.98
76983,Historical,860160,0,0,S,7,1,807673,83.24,2010,14,19.1,112.5
76984,Historical,592080,0,0,S,2,1,304510,44.95,2008,32,0,38.94
76985,Historical,1474756,0,0,S,15,1,4718894,69.95,2010,12,39.05,51.33
76986,Historical,541743,1,1,S,2,1,30005,70,2012,56,29.1,37.08
76987,Historical,526865,0,0,S,2,1,52310,69.99,2009,28,28.24,39.65
76988,Historical,608196,0,0,S,5,1,369364,78.95,2009,32,10.22,63.01
76989,Historical,865323,1,1,S,4,1,260097,48.75,2014,24,0,33.98
76990,Historical,587836,0,0,S,3,1,1415919,14.84,2012,41,0,13.22
76991,Historical,617844,0,0,S,1,0,133581,119.95,2010,33,77.98,81.05
76993,Historical,545698,0,0,S,10,1,141153,67.99,2012,31,25.61,36.92
76994,Historical,505642,0,0,S,3,1,75087,64.99,2010,51,18.13,37.65
76995,Historical,264267,0,0,S,5,1,2018451,54.95,2006,31,25.72,7.59
76996,Historical,2273681,0,0,S,3,1,292696,29.22,2013,38,0,32.24
76997,Historical,202808,0,0,S,2,1,3899122,104.95,2000,37,109.27,7.06
76998,Historical,908109,0,0,S,2,1,1119341,49.99,2009,32,23.3,23.74
76999,Historical,197958,0,0,S,5,1,102960,89.2,2008,71,41.71,25.21
77002,Historical,874712,0,0,S,3,1,15143,100.95,2014,61,61.93,62.98
77003,Historical,924290,1,1,S,7,1,15237,79.2,2015,29,62.55,64.38
77004,Historical,120371,0,0,S,5,1,361060,163.4,2008,39,43.7,130.91
77005,Historical,257501,0,0,S,3,1,1062790,80,2000,30,13.43,53.89
77006,Historical,649178,0,0,S,5,1,234683,59.99,2006,33,10.95,79.95
77008,Historical,2566125,0,0,S,2,1,10168832,70,1994,34,58.27,9.98
77009,Historical,610069,0,0,S,5,1,19493,95,2013,54,58.27,54.99
77010,Historical,875323,0,0,S,2,1,1905385,85,1994,31,43.96,46.08
77011,Historical,541758,1,1,S,4,1,89776,125,2011,63,43.96,63.48
77012,Historical,863894,0,0,S,10,1,676143,59,2010,11,52.27,53.98
77013,Historical,193352,0,0,S,0,0,1285230,52.95,2005,13,67.99,74.64
77014,Historical,2105384,0,0,S,0,0,569829,47,2014,60,30.19,38.99
77015,Historical,794984,0,0,S,1,0,1805852,148.95,2010,28,4.31,33.36
77016,Historical,655333,0,0,S,3,1,129853,59,2012,27,50.08,43.67
77017,Historical,53237,0,0,S,4,1,536903,268.95,2007,47,9.09,45.83
77018,Historical,565976,0,0,S,1,0,847872,29.95,2009,43,20.72,10.81
77020,Historical,633838,0,0,S,2,1,429053,49.99,2012,34,0,8.98
77021,Historical,896773,0,0,S,1,0,253996,59.99,2014,52,36.34,25.97
77022,Historical,904238,0,0,S,5,1,1050378,49.99,2014,14,15.18,23.49
77023,Historical,896759,0,0,S,3,1,21753,50,2015,24,30.82,29.89
77024,Historical,910997,0,0,S,1,0,417526,57.95,2010,31,10.55,33.45
77025,Historical,802652,0,0,S,6,1,1137606,34.99,2008,14,0,22.92
77026,Historical,610273,0,0,S,6,1,44012,110,2013,50,57.95,78.72
77027,Historical,3756308,0,0,S,4,1,439758,44.99,2015,11,0,35.62
77028,Historical,184029,0,0,S,3,1,2542172,169.95,2005,24,4.98,33.98
77029,Historical,629210,0,0,S,1,0,312964,80,2012,15,0,0
77030,Historical,875678,0,0,S,3,1,1471333,82.92,2004,48,78.94,64.75
77031,Historical,539561,1,1,S,2,1,213888,193.6,2008,48,58.32,78.89
77032,Historical,526852,0,0,S,5,1,1061640,245,2002,14,7.27,28.99
77034,Historical,619847,0,0,S,0,0,88869,131.6,2005,42,4,55.48
77035,Historical,2635811,0,0,S,2,1,934130,49.99,2005,39,4.63,17.99
77036,Historical,702081,0,0,S,2,1,258548,55,2010,18,0,22.03
77037,Historical,366512,1,1,S,2,1,85370,228.95,2007,47,18.54,47.55
77038,Historical,526850,0,0,S,2,1,100694,49.99,2012,59,5.74,21.89
77039,Historical,254471,0,0,S,1,0,738286,44.99,2011,41,5.74,9.72
77041,Historical,867171,0,0,S,2,1,13159,74.99,2014,41,46.98,54.51
77042,Historical,608742,0,0,S,0,0,1755731,49.99,2008,40,0,29.36
77043,Historical,181955,0,0,S,0,0,1042767,54.99,2010,27,0,15.37
77044,Historical,545584,0,0,S,0,0,451866,54.99,2012,28,0,32.08
77046,Historical,917185,0,0,S,2,1,94987,59.99,2010,37,14.02,27.82
77047,Historical,610162,0,0,S,3,1,187034,59.95,2010,49,38.43,55.99
77048,Historical,621671,1,1,S,2,1,731369,77.95,2005,57,10.99,52.74
77050,Historical,649819,0,0,S,2,1,1145500,49.99,2012,48,6.31,30.93
77051,Historical,536567,0,0,S,4,1,23403,49.99,2014,43,34.99,31.55
77052,Historical,663870,0,0,S,3,1,29382,39.95,2013,31,27.41,27.45
77053,Historical,861609,0,0,S,6,1,29754,49.99,2013,32,27.35,31.75
77054,Historical,146836,0,0,S,4,1,350666,49.99,2011,47,27.35,7.98
77055,Historical,280179,0,0,S,5,1,351690,42.95,2003,43,25.24,26.74
77056,Historical,624357,0,0,S,2,1,61765,49.99,2009,31,23.99,28.98
77057,Historical,243731,0,0,S,2,1,15721,54.95,2011,36,33.96,37.49
77058,Historical,110549,0,0,S,3,1,864880,118.8,2009,33,0,0
77059,Historical,632158,0,0,S,2,1,703529,49.99,2012,22,20.76,25.99
77060,Historical,290138,0,0,S,2,1,167097,29.99,2007,37,13.99,16.3
77061,Historical,1932410,0,0,S,2,1,1316753,49.99,2012,40,5.52,5.88
77062,Historical,873580,0,0,S,1,0,1134280,79.95,1999,37,33.95,11.02
77063,Historical,551704,0,0,S,4,1,135628,205.8,2000,37,0,0
77064,Historical,773456,0,0,S,3,1,4120885,120.95,2004,31,111.11,7.41
77065,Historical,539060,0,0,S,2,1,137920,74.99,2012,41,33.89,42.36
77066,Historical,617719,0,0,S,2,1,15494,44.99,1999,38,23.66,27.17
77067,Historical,526845,0,0,S,4,1,264321,59.99,2012,85,28.45,35.58
77068,Historical,658059,0,0,S,3,1,113560,39.99,2013,38,17.13,26.72
77069,Historical,610090,0,0,S,4,1,56060,64.99,2011,33,20.94,33.99
77070,Historical,612757,0,0,S,4,1,119290,50,2013,41,27.99,31.26
77071,Historical,1989682,0,0,S,2,1,84010,49.99,2014,20,35.5,33.44
77072,Historical,762641,0,0,S,3,1,3667481,100,1997,12,122.03,63.98
77073,Historical,627662,0,0,S,2,1,1109442,59.99,2002,31,0,87.27
77074,Historical,644459,0,0,S,2,1,857860,49.99,2013,35,18.4,21.93
77075,Historical,741234,0,0,S,4,1,2742893,104,2007,29,101.38,5.73
77076,Historical,635555,0,0,S,6,1,89585,59.99,2013,34,13.35,15.48
77077,Historical,1714815,0,0,S,0,0,855163,43.99,2009,10,24.38,52.98
77079,Historical,623354,1,1,S,9,1,188745,118,2012,42,92.46,56.55
77081,Historical,624607,0,0,S,2,1,66777,45.99,1984,18,0,27.83
77082,Historical,911972,0,0,S,2,1,725398,168.93,1984,12,0,136.14
77083,Historical,663208,0,0,S,2,1,263348,69.95,2013,23,22.94,45.32
77084,Historical,1688748,0,0,S,1,0,398367,39.99,2013,39,18.65,25.99
77085,Historical,651876,0,0,S,1,0,101715,202.45,2009,21,0,39.94
77086,Historical,526839,0,0,S,2,1,50121,44.99,2012,48,27.21,27.01
77087,Historical,526832,0,0,S,7,1,2642582,49.99,2009,19,81.51,42.92
77088,Historical,536028,0,0,S,3,1,79355,29.99,2012,31,20,19.87
77089,Historical,405498,0,0,S,2,1,1069839,99,2010,24,37.85,33.88
77090,Historical,114428,1,1,S,2,1,176855,201.2,2004,25,0,0
77091,Historical,402395,0,0,S,5,1,210415,99,2006,57,18.99,28.8
77092,Historical,1822299,0,0,S,6,1,642235,33.57,2014,13,17.97,47.21
77093,Historical,543871,0,0,S,11,1,11674,99,2013,69,39.82,70.09
77094,Historical,543872,0,0,S,4,1,41350,65,2013,47,38.98,35.99
77095,Historical,418024,0,0,S,4,1,82528,104.95,2011,32,22.2,28.87
77097,Historical,246611,0,0,S,5,1,4007900,72.99,2007,17,50.44,91.14
77098,Historical,106851,0,0,S,6,1,97048,99,2011,34,52.86,58.99
77099,Historical,2649926,0,0,S,3,1,8861520,57.95,1996,14,50.44,98.79
77100,Historical,864742,1,2,S,5,1,11505,187.5,2013,47,60.6,53.99
77101,Historical,642045,0,0,S,2,1,239013,75,2013,19,59.86,51.68
77102,Historical,526833,0,0,S,10,1,765737,80,2009,22,13.37,20.96
77103,Historical,544048,0,0,S,2,1,270336,85,2013,34,70.15,54.57
77104,Historical,526830,0,0,S,3,1,392672,54,2010,53,12.98,33.35
77105,Historical,106834,0,0,S,5,1,99280,60,2010,32,16.97,32.35
77107,Historical,526829,0,0,S,3,1,1012387,82,2011,15,56.26,47.32
77109,Historical,1677914,0,0,S,2,1,401594,49.95,2015,16,0,45.6
77110,Historical,526827,0,0,S,3,1,757365,43.95,2012,25,39.95,37.39
77111,Historical,645830,0,0,S,5,1,2698985,155,2003,22,4.61,43.99
77113,Historical,2097810,0,0,S,2,1,23470,203.94,2014,64,65.81,139.99
77114,Historical,637743,0,0,S,2,1,45907,74.95,2012,88,34.94,41.98
77115,Historical,765619,0,0,S,3,1,554157,109.95,2003,51,156.08,33.83
77117,Historical,574477,0,0,S,3,1,730516,67.95,2004,50,0,0
77118,Historical,620809,0,0,S,1,0,117407,63.95,2008,28,0,49.98
77119,Historical,561231,0,0,S,1,0,182495,109,2009,87,45.74,48.49
77120,Historical,145865,0,0,S,1,0,711621,129,2008,40,45.74,47.89
77121,Historical,194114,0,0,S,2,1,758473,54,2010,35,15.23,42.71
77122,Historical,631637,0,0,S,3,1,896416,41.95,2009,10,0,30.65
77123,Historical,902120,0,0,S,3,1,313101,24.99,2013,21,0,0
77124,Historical,1587875,0,0,S,2,1,1415701,115.5,2007,7,0,51.97
77125,Historical,1597861,0,0,S,6,1,1310535,89.99,2011,16,4.78,293.11
77126,Historical,893131,0,0,S,5,1,256144,59.99,2014,22,37.89,37.43
77127,Historical,870634,0,0,S,6,1,104372,82,2014,47,53.48,50.3
77128,Historical,193258,0,0,S,5,1,1352293,101,2002,86,58.99,44.74
77130,Historical,2270370,0,0,S,2,1,1425113,151.99,2012,29,72.3,253.62
77131,Historical,670900,0,0,S,2,1,1211232,77,2002,8,23.98,32.94
77132,Historical,619330,0,0,S,2,1,88808,225,2012,57,66.97,213.88
77133,Historical,1557069,0,0,S,6,1,1786519,57.95,2014,17,40.04,49.03
77134,Historical,2265467,0,0,S,3,1,390823,35.9,2008,51,0,0
77135,Historical,615277,0,0,S,2,1,854802,189,2010,31,38.7,97.83
77136,Historical,55677,0,0,S,3,1,1481044,100,2002,30,68.99,77.29
77137,Historical,612082,0,0,S,9,1,78053,43.29,2013,10,45.94,48.45
77138,Historical,339738,0,0,S,2,1,178312,34.99,2008,57,21.99,12.88
77139,Historical,2057034,0,0,S,2,1,567393,45,2009,39,4.21,17.98
77142,Historical,553893,0,0,S,1,0,766298,109.6,1999,27,0,55.93
77144,Historical,920718,0,0,S,4,1,839930,49.95,1999,59,43.99,7.24
77145,Historical,639571,0,0,S,3,1,102399,50.95,1985,33,0,56.81
77146,Historical,617258,1,1,S,11,1,512737,159.95,2001,52,48.33,43.91
77147,Historical,57155,0,0,S,7,1,1673654,64,2004,45,58.98,9.43
77148,Historical,621373,0,0,S,1,0,499755,105,2009,22,0,29.94
77149,Historical,628448,0,0,S,2,1,667527,129,2001,26,13.28,103.08
77150,Historical,644167,0,0,S,1,0,778533,67.95,2004,25,0,53.74
77151,Historical,893297,0,0,S,4,1,731692,116,2012,24,36.98,78.98
77152,Historical,629611,0,0,S,1,0,571813,123.95,2001,20,45.25,48.21
77153,Historical,609494,0,0,S,2,1,1724158,114,2007,18,25.76,45.37
77154,Historical,563158,0,0,S,3,1,380160,144,1993,46,114.99,49.44
77155,Historical,629028,0,0,S,2,1,694899,206.25,1992,64,18.84,55.91
77156,Historical,127312,0,0,S,4,1,256359,44.95,2008,56,0,14.85
77157,Historical,749533,0,0,S,1,0,490864,145,2005,26,22.72,39.9
77161,Historical,2789614,0,0,S,0,0,73684,40,1994,39,20.83,23.49
77162,Historical,1587126,0,0,S,0,0,186572,39.99,2014,18,0,29.58
77163,Historical,246704,0,0,S,5,1,1359650,121.95,2009,16,0,66.3
77164,Historical,246703,0,0,S,1,0,248042,49.95,2009,28,0,33.65
77165,Historical,109759,0,0,S,2,1,852248,68.25,2005,42,4.49,38.97
77166,Historical,2846687,0,0,S,7,1,1271120,42.95,1991,23,0,146.9
77167,Historical,349288,1,1,S,3,1,1016798,88.67,2008,66,0,0
77169,Historical,626251,0,0,S,6,1,238219,47.95,2010,17,0,0
77170,Historical,526814,0,0,S,5,1,216380,39.95,2008,19,19.12,31.8
77171,Historical,867309,0,0,S,8,1,5461,96.95,2014,71,39.88,62.99
77172,Historical,587501,0,0,S,4,1,1999178,190.95,2010,25,7.24,124.41
77173,Historical,526812,0,0,S,9,1,1148302,42.5,2015,30,0,38.25
77174,Historical,533969,0,0,S,4,1,779737,82.95,2007,96,12.35,8.98
77175,Historical,288846,0,0,S,5,1,155227,98.95,2011,60,12.35,42.99
77176,Historical,51273,0,0,S,4,1,4041268,64.95,2003,75,39.88,8.99
77177,Historical,253838,0,0,S,4,1,130417,190.95,2010,91,7.24,16.39
77178,Historical,526811,0,0,S,2,1,358813,126.95,2012,60,32.29,31.94
77179,Historical,60779,0,0,S,3,1,3494550,67.95,2003,62,12.35,8.99
77180,Historical,578974,0,0,S,2,1,5016,44.95,2013,68,27.93,26.09
77181,Historical,249845,0,0,S,2,1,1263150,285.95,2007,52,4.59,68.99
77182,Historical,866647,0,0,S,5,1,26738,106.99,2014,64,34.06,67.99
77183,Historical,1696751,0,0,S,9,1,11684,44.95,2014,42,0,30.98
77184,Historical,147361,0,0,S,5,1,294072,61.95,2006,104,13.08,22.9
77185,Historical,607976,0,0,S,4,1,1470069,42.95,2003,34,13.08,6.49
77186,Historical,610223,1,1,S,3,1,72403,69.95,2013,52,43.99,37.63
77188,Historical,526808,0,0,S,3,1,160610,85,2009,42,20.86,66.28
77189,Historical,577406,0,0,S,7,1,853966,55.99,2007,29,7.64,18.33
77190,Historical,625805,0,0,S,2,1,1557331,53,2010,63,12,27.13
77191,Historical,804045,0,0,S,2,1,1402126,57.95,2007,19,32.09,83.01
77192,Historical,636566,0,0,S,2,1,262442,79.99,2007,29,0,0
77193,Historical,606791,0,0,S,12,1,273486,32,2009,46,0,0
77194,Historical,526807,0,0,S,13,1,199933,37,2012,20,0,0
77195,Historical,789333,0,0,S,2,1,1852732,46.99,2003,19,4.02,36.38
77197,Historical,685919,0,0,S,4,1,16908,33.95,2013,27,30,23.41
77199,Historical,633200,0,0,S,2,1,12228,66,2011,57,48.99,35.87
77201,Historical,860162,0,0,S,4,1,1150893,54,2010,18,16.93,23.72
77203,Historical,864745,0,0,S,5,1,744339,55,2014,15,54.41,31.93
77204,Historical,609703,0,0,S,3,1,1501819,49,2001,24,54.41,10.42
77206,Historical,637820,0,0,S,3,1,547006,49.95,2011,21,32.61,49.95
77207,Historical,640489,0,0,S,1,0,1072843,43.95,2003,41,64.56,28.04
77208,Historical,582262,0,0,S,6,1,95577,105,2012,34,0,0
77209,Historical,628709,0,0,S,1,0,724831,49.95,2010,24,0,33.6
77210,Historical,176715,0,0,S,3,1,2390555,85.95,1999,36,142.72,6.98
77211,Historical,616212,0,0,S,3,1,674186,161.8,2003,45,4.74,84.59
77214,Historical,775840,1,2,S,4,1,4715090,245,2005,19,228.99,64.19
77215,Historical,564194,0,0,S,3,1,5066727,46.95,1997,23,52.99,45.21
77216,Historical,616964,0,0,S,2,1,845655,176.4,2006,41,0,0
77217,Historical,852965,0,0,S,5,1,2167013,101.25,2001,53,143.5,8.99
77218,Historical,526805,0,0,S,12,1,76762,247.8,2005,70,13.35,67.23
77219,Historical,100327,1,1,S,7,1,61676,243.6,1997,127,4,41.99
77220,Historical,663274,0,0,S,3,1,32032,236.25,2013,33,38.44,86.14
77221,Historical,117809,0,0,S,6,1,267987,243.6,2004,59,38.57,74.8
77222,Historical,50604,0,0,S,5,1,1897724,122.95,2000,49,94,7.5
77223,Historical,224712,0,0,S,5,1,707276,42.49,2010,18,99.79,42.49
77224,Historical,1455850,1,5,S,4,1,15122,230.4,2014,20,0,93.29
77225,Historical,921567,1,1,S,3,1,40265,169.33,2013,83,73.99,54.14
77226,Historical,224711,1,4,S,5,1,401237,55.28,2010,27,99.79,55.27
77227,Historical,52313,0,0,S,7,1,487383,103.6,2002,116,123.99,7.49
77228,Historical,53914,0,0,S,6,1,89722,234.75,2010,96,41.91,28.43
77229,Historical,2264805,0,0,S,7,1,970178,120.83,2011,28,37.1,115.65
77230,Historical,428425,0,0,S,7,1,193486,253.4,2009,84,21.68,56.17
77231,Historical,902483,1,1,S,3,1,119573,134.67,2014,51,105.98,61.67
77232,Historical,914897,1,1,S,2,1,1227615,116,2013,35,105.98,4.96
77233,Historical,308386,0,0,S,7,1,4366403,0,2000,63,76.79,18.97
77234,Historical,705707,0,0,S,11,1,1037868,200,2011,27,76.79,120.44
77235,Historical,526802,0,0,S,3,1,1513742,54.95,2005,33,14.5,41.77
77236,Historical,1542128,0,0,S,2,1,2000959,69.95,2013,13,31.04,40.49
77237,Historical,163300,0,0,S,2,1,2622697,69.95,2003,26,26.32,35.99
77238,Historical,132675,0,0,S,8,1,172025,146.8,2008,75,18.49,92.94
77239,Historical,544022,0,0,S,12,1,27269,234.75,2012,49,40.28,28.99
77240,Historical,142868,0,0,S,3,1,200463,101.56,2001,63,9.71,46.98
77241,Historical,428593,1,1,S,2,1,992981,157,2011,28,63.67,63.98
77242,Historical,286271,0,0,S,0,0,110895,98.63,2009,40,59.99,73.86
77243,Historical,774224,1,4,S,8,1,647099,36.25,2006,48,0,26.51
77244,Historical,763741,0,0,S,6,1,5224502,102.95,1999,43,120.93,11.23
77245,Historical,52619,0,0,S,7,1,1243136,119.95,2002,71,120.93,8.99
77246,Historical,51421,0,0,S,10,1,2398199,64.65,2002,61,128.88,61.45
77247,Historical,536202,0,0,S,8,1,1405022,160.95,2005,34,6.93,32.99
77248,Historical,765537,0,0,S,7,1,2098699,113.95,2002,42,6.93,4.36
77249,Historical,860940,0,0,S,2,1,285102,153,2012,18,17.24,11.99
77250,Historical,244300,1,2,S,2,1,28537,219.5,2012,88,17.24,36.32
77251,Historical,154372,0,0,S,6,1,556326,167.5,2003,124,4.43,17.93
77252,Historical,544577,1,1,S,5,1,11108,210.95,2013,116,39.1,23.94
77254,Historical,871034,1,1,S,3,1,341860,177.25,2014,44,114.98,78.48
77255,Historical,625236,1,1,S,10,1,341619,215.47,2011,77,145.1,38.99
77256,Historical,848032,0,0,S,4,1,1828445,98.36,1997,44,102.41,18.92
77257,Historical,522696,0,0,S,6,1,43901,0,2010,28,85.91,138.45
77258,Historical,2254769,0,0,S,6,1,1368002,88.1,2009,56,37.1,47.02
77259,Historical,576047,0,0,S,2,1,1275162,125,2013,28,59.96,48.57
77260,Historical,549924,0,0,S,7,1,699110,99.4,2003,43,5.19,8.59
77261,Historical,428340,1,1,S,9,1,362214,132,2005,64,4.24,20.97
77262,Historical,504436,0,0,S,6,1,853275,131.95,2005,18,0,63.97
77263,Historical,913777,1,1,S,3,1,896372,178,2013,24,73.99,143.16
77264,Historical,428380,0,0,S,6,1,915111,153.33,2006,57,21.68,13.99
77265,Historical,619962,0,0,S,1,0,23993,99,2013,71,0,66.98
77266,Historical,538890,0,0,S,44,1,307123,54.25,2013,38,6.59,45.8
77267,Historical,809198,0,0,S,4,1,6489,54.25,2014,106,20.99,33.99
77268,Historical,132305,0,0,S,2,1,1055865,166,2007,90,23.81,39.03
77269,Historical,53913,1,4,S,5,1,782700,12.74,2008,67,41.91,35
77270,Historical,550128,0,0,S,7,1,551769,97.81,2004,70,5.19,9.18
77271,Historical,922228,1,15,S,4,1,46124,163.33,2014,132,63.67,23.79
77272,Historical,570872,1,1,S,1,0,453595,63.95,2010,50,78.9,42.41
77273,Historical,607163,0,0,S,3,1,5631011,70.67,2001,47,65.8,7.88
77274,Historical,795714,0,0,S,9,1,1314005,96.5,2012,9,50.84,67.92
77275,Historical,567484,0,0,S,7,1,741527,119.95,2006,53,50.84,23.41
77276,Historical,2970894,1,3,S,11,1,183469,173,2015,33,0,78.44
77277,Historical,52315,1,5,S,9,1,493905,132,2007,77,123.99,28.94
77278,Historical,422251,0,0,S,1,0,356072,144.8,2006,73,6.29,5.49
77279,Historical,536942,0,0,S,7,1,1026113,172.67,2011,30,25.93,480.45
77280,Historical,705075,0,0,S,2,1,1563192,107.5,2004,44,5.29,45.6
77282,Historical,569743,0,0,S,10,1,1152866,110.95,1999,30,4.77,72.85
77283,Historical,879763,1,2,S,2,1,1771278,21.91,2011,15,128.74,63.95
77284,Historical,526798,0,0,S,10,1,747860,48.75,2012,66,14.86,36.99
77285,Historical,564102,1,1,S,2,1,281403,62.95,1999,55,0,23.99
77286,Historical,51898,0,0,S,3,1,1077986,169.33,2006,104,0,13.68
77287,Historical,877964,0,0,S,0,0,1141670,43.99,2010,48,122.42,19.7
77288,Historical,252682,0,0,S,9,1,993442,28.99,2009,39,8.03,14.75
77290,Historical,536910,0,0,S,5,1,16049,48.6,2013,49,28.45,42.07
77291,Historical,224710,1,1,S,5,1,785628,0,2010,30,99.79,52.71
77292,Historical,2617938,0,0,S,2,1,2550366,80.95,1990,25,42.62,27.64
77293,Historical,117493,0,0,S,4,1,249437,98.95,2010,31,45.21,81.6
77294,Historical,222329,1,1,S,2,1,163588,80,2003,31,33.04,41.99
77295,Historical,526797,0,0,S,2,1,245471,42.95,2010,58,24.77,31.49
77296,Historical,539398,0,0,S,5,1,149368,58.6,2013,32,34.51,44.35
77298,Historical,169406,0,0,S,5,1,110467,272.95,2007,43,20.59,73.67
77299,Historical,763699,0,0,S,1,0,168676,49,1997,27,65.08,83.41
77300,Historical,261260,0,0,S,2,1,3136107,65,1996,23,19,15.23
77301,Historical,526790,0,0,S,4,1,127966,105,2009,56,19,40.78
77302,Historical,112198,0,0,S,4,1,2294556,6.1,2003,47,83.98,8.24
77303,Historical,101552,0,0,S,1,0,108402,125.5,2002,82,6.81,23.95
77304,Historical,101161,0,0,S,0,0,154390,97.95,1998,99,6.81,16.94
77306,Historical,191812,1,5,S,8,1,327504,104.68,2006,90,4.99,23.99
77307,Historical,600329,1,1,S,3,1,1352457,43.78,2009,46,0,43.96
77308,Historical,110733,0,0,S,5,1,29513,296,2010,104,53.96,41.51
77309,Historical,416527,0,0,S,3,1,1609995,9.11,2005,48,53.96,10.98
77310,Historical,569823,0,0,S,6,1,1751920,112.95,2004,128,111.95,10.5
77311,Historical,450439,0,0,S,7,1,371590,313.95,2006,45,111.95,48.99
77312,Historical,2095465,0,0,S,5,1,316801,72.95,2014,10,0,55.84
77313,Historical,895194,0,0,S,3,1,140548,52.95,2014,17,47.16,45.73
77314,Historical,644423,0,0,S,2,1,33020,100,2013,45,60.49,58.99
77315,Historical,526782,0,0,S,3,1,108986,71.95,2012,36,52.99,37.16
77317,Historical,618646,0,0,S,2,1,790605,32.95,2000,29,18.33,31.58
77318,Historical,526781,0,0,S,3,1,46712,86.2,2011,55,20.97,55.99
77319,Historical,255733,0,0,S,3,1,455204,78.95,2001,103,6.99,51.29
77321,Historical,620292,0,0,S,2,1,1609365,56.99,2008,15,16.91,35.37
77322,Historical,789521,0,0,S,1,0,1853093,236.99,2006,19,16.91,43.93
77323,Historical,176726,0,0,S,2,1,1122484,180.95,1999,53,0,44.23
77324,Historical,652766,0,0,S,0,0,300769,51.95,2010,16,0,38.13
77325,Historical,612550,0,0,S,2,1,105486,100,2013,30,64.41,69.99
77326,Historical,634858,0,0,S,2,1,1219274,57,2006,15,10.23,50
77327,Historical,629959,0,0,S,2,1,126019,75,2011,28,64.6,50.74
77328,Historical,271088,0,0,S,0,0,82827,38,2011,71,25.06,24.18
77329,Historical,293753,0,0,S,3,1,164759,87,2004,49,39.85,71.49
77330,Historical,607966,0,0,S,3,1,3990548,39.95,2001,31,6.99,16.04
77331,Historical,608004,0,0,S,4,1,419805,65.95,2005,48,6.99,25.9
77332,Historical,654736,0,0,S,4,1,641322,46.5,2008,17,0,0
77333,Historical,615621,1,2,S,2,1,10631,134.75,2012,78,48.74,74.5
77335,Historical,872939,0,0,S,1,0,28061,75,2014,43,44.2,71.25
77336,Historical,896868,0,0,S,3,1,205187,54.95,2013,30,56.85,34.42
77337,Historical,200605,1,1,S,1,0,430480,118.95,2011,30,0,47.19
77338,Historical,221713,0,0,S,6,1,916432,104.95,2001,18,30.89,76.98
77339,Historical,859295,0,0,S,2,1,869801,106.95,2005,25,33,85.22
77340,Historical,201755,0,0,S,0,0,23068,104.95,2011,27,0,83.94
77342,Historical,51311,0,0,S,9,1,12902,181.95,2009,60,88.07,116.49
77343,Historical,287639,0,0,S,2,1,1016371,79.95,2015,33,18.6,43.98
77344,Historical,567413,0,0,S,1,0,256557,129.95,2001,25,0,50.23
77345,Historical,1677773,1,1,S,0,0,480615,59.95,2014,19,4.33,43.5
77346,Historical,115511,0,0,S,5,1,685036,159.4,2003,36,0,0
77347,Historical,199107,0,0,S,3,1,309047,76,2000,29,58.98,26.48
77348,Historical,544978,0,0,S,4,1,116465,99,2012,26,58.98,62.43
77349,Historical,869068,0,0,S,10,1,894016,41.47,2014,9,108.99,43.97
77350,Historical,55797,0,0,S,2,1,302097,93.21,2007,47,95.83,34.23
77351,Historical,875760,0,0,S,2,1,14978,93.95,2014,61,59.66,43.99
77352,Historical,222296,0,0,S,2,1,880859,85,2009,28,11.49,30.99
77353,Historical,556211,0,0,S,2,1,505660,70,2010,33,15.98,18.98
77354,Historical,60797,0,0,S,3,1,1414911,80.95,2004,53,33.55,5.49
77355,Historical,575512,0,0,S,1,0,1290527,24.95,2007,76,22.95,5.88
77356,Historical,152726,0,0,S,0,0,1053817,169,2002,36,0,61.37
77357,Historical,1929916,0,0,S,2,1,546272,89.99,2013,47,0,63.99
77358,Historical,172281,0,0,S,2,1,143867,54.95,2010,42,36.92,42.99
77359,Historical,591109,0,0,S,3,1,336468,131.95,2013,21,40.48,63.99
77360,Historical,52622,0,0,S,6,1,1655593,87.95,2003,96,63.85,11.61
77361,Historical,526768,0,0,S,0,0,152574,67.65,2004,42,25.84,36.14
77362,Historical,423284,0,0,S,5,1,384571,106,2008,66,34.89,51.59
77363,Historical,200107,0,0,S,1,0,934411,109.95,2006,76,0,45.01
77364,Historical,321053,0,0,S,3,1,774492,58,2011,46,14.19,43.06
77365,Historical,765659,0,0,S,2,1,3190645,59.95,2002,14,49.33,11.44
77366,Historical,765726,0,0,S,4,1,481004,126.95,2003,24,41.21,170.51
77367,Historical,180738,0,0,S,2,1,660878,56,2012,19,38.57,49.35
77368,Historical,266106,0,0,S,4,1,815028,35,2009,43,15.44,23.99
77369,Historical,133120,0,0,S,2,1,759993,134.95,2009,59,49.98,16.85
77370,Historical,569745,0,0,S,3,1,559098,233.95,2007,33,8.98,83.17
77371,Historical,540086,0,0,S,2,1,49147,87.2,2012,39,61.98,70.73
77372,Historical,115537,1,1,S,3,1,473164,108.8,2003,23,57.83,86.37
77373,Historical,912629,0,0,S,5,1,51123,54.95,2013,22,39.43,45.73
77374,Historical,182674,0,0,S,5,1,2569342,70.76,2002,32,83.99,65.13
77375,Historical,201758,0,0,S,2,1,147743,49.95,2008,23,0,0
77376,Historical,670562,0,0,S,2,1,733515,54.95,2012,22,49.71,51.47
77377,Historical,60800,0,0,S,8,1,781017,109,2006,48,152.66,8.99
77378,Historical,55673,0,0,S,8,1,1496802,117.2,2005,69,152.66,7.39
77379,Historical,52658,1,2,S,5,1,53406,130.2,2011,54,53.04,95.76
77380,Historical,905912,0,0,S,1,0,623944,72.95,2006,17,26.74,65.83
77381,Historical,247735,0,0,S,0,0,146334,66,2007,24,26.74,38.14
77382,Historical,909194,0,0,S,2,1,1030683,58.95,2010,21,58.68,51.21
77383,Historical,158327,0,0,S,3,1,117415,74.95,2009,24,0,0
77384,Historical,538548,0,0,S,8,1,85749,142.25,2013,46,79.99,81.31
77385,Historical,739331,0,0,S,4,1,2254181,79.8,2000,39,40.39,14.47
77386,Historical,623620,0,0,S,2,1,423040,120,2005,37,27.9,62.6
77387,Historical,608595,0,0,S,7,1,1925460,117.95,2004,33,118.23,10.3
77390,Historical,52437,0,0,S,4,1,2425810,75.6,2004,40,66.73,20.94
77391,Historical,552712,0,0,S,1,0,560149,134,2009,32,33.53,62
77392,Historical,638790,0,0,S,6,1,1396825,46.95,2009,19,44.94,18.99
77393,Historical,182950,0,0,S,2,1,45910,73.96,2003,20,6.03,59.29
77394,Historical,132401,0,0,S,2,1,362008,108.4,2003,35,6.03,55.41
77395,Historical,663111,1,2,S,3,1,24578,128.95,2014,88,46.99,53.99
77396,Historical,133446,0,0,S,8,1,333045,105,2011,19,97.5,32.99
77397,Historical,56980,0,0,S,4,1,4325713,112.95,2003,47,32.87,8.9
77398,Historical,55668,0,0,S,7,1,2024503,68.96,2004,42,81.64,49.71
77399,Historical,108286,0,0,S,7,1,2979949,66.05,2004,76,81.64,4.56
77400,Historical,202431,0,0,S,2,1,1034331,40.96,1999,39,88.48,40.42
77401,Historical,253657,1,3,S,6,1,4182,39.95,2009,63,0,21.97
77402,Historical,256507,1,4,S,5,1,559331,39.95,2001,174,13.99,5.6
77403,Historical,2820589,0,0,S,3,1,802824,64.95,2003,23,4.48,51.73
77404,Historical,2820590,0,0,S,2,1,1051545,78.95,2003,32,6.78,56.83
77405,Historical,624242,0,0,S,0,0,411167,289,2008,22,304.83,35.83
77406,Historical,501008,0,0,S,8,1,115617,52.99,2012,33,24.38,25.4
77407,Historical,549666,0,0,S,3,1,612357,60,2009,33,15.97,31.89
77408,Historical,203900,0,0,S,2,1,437504,53.99,2007,33,24.71,26.49
77409,Historical,538298,0,0,S,8,1,81876,50,2013,85,23.79,32.98
77410,Historical,765027,0,0,S,2,1,454018,182.95,1999,33,32.89,63.49
77411,Historical,231786,0,0,S,2,1,82554,52,2006,34,73.99,53.99
77412,Historical,108772,0,0,S,7,1,1030374,82.97,2004,64,80.58,63.92
77413,Historical,870953,0,0,S,2,1,596635,138.25,2005,52,4,52.47
77414,Historical,330096,0,0,S,2,1,2880806,220.95,2001,29,180.38,9.89
77415,Historical,162576,0,0,S,8,1,34554,115.5,2011,81,38.94,73.98
77416,Historical,616943,0,0,S,1,0,141584,151.6,2009,21,0,106.28
77418,Historical,162580,0,0,S,2,1,155430,71,2009,34,46.55,53.68
77419,Historical,549598,0,0,S,7,1,329092,135,2006,40,8.44,83.47
77420,Historical,2610562,0,0,S,0,0,30980,49.99,1999,23,38.98,34.98
77421,Historical,57795,0,0,S,3,1,84176,34,2006,51,0,14
77422,Historical,117470,0,0,S,5,1,938796,112,2003,70,4,23.97
77423,Historical,827735,0,0,S,6,1,1482273,44.95,2002,33,28.94,50.99
77424,Historical,911614,1,1,S,9,1,750624,87.35,2014,33,28.94,0
77425,Historical,610181,1,8,S,2,1,435607,123.95,2014,31,38.99,33.99
77426,Historical,868264,0,0,S,2,1,139094,39.99,2014,33,42.34,38.38
77427,Historical,57642,0,0,S,2,1,1348408,26.95,1992,26,42.61,24.79
77428,Historical,535152,0,0,S,4,1,95669,59.95,2013,49,42.61,49.97
77429,Historical,865110,0,0,S,2,1,313843,70,2008,29,0,25.98
77430,Historical,665006,0,0,S,2,1,573088,31.42,2013,43,25.99,13.98
77431,Historical,655086,0,0,S,3,1,414544,34.99,2013,29,23.12,22.36
77432,Historical,663776,0,0,S,3,1,26916,49.99,2013,27,30.37,31.03
77433,Historical,608870,0,0,S,3,1,322471,44.99,2006,31,23.74,19.46
77434,Historical,185993,0,0,S,4,1,27813,49.99,2009,52,23.74,27.15
77437,Historical,1769093,0,0,S,1,0,916476,44.99,2014,15,0,38
77438,Historical,610151,0,0,S,2,1,5117,45,2010,109,18.89,19.99
77439,Historical,526747,0,0,S,2,1,309296,39.99,2006,55,8.88,19.89
77440,Historical,593905,0,0,S,3,1,14282,34.99,2010,57,17.75,19.85
77441,Historical,1930368,0,0,S,2,1,457647,49.99,2015,17,0,33.72
77442,Historical,894943,0,0,S,0,0,578023,79.99,2015,18,51.69,51.69
77443,Historical,2178825,0,0,S,3,1,1004482,69.95,2009,36,29.01,53.76
77446,Historical,125151,0,0,S,0,0,314288,60.25,2010,68,0,11.77
77450,Historical,617637,0,0,S,0,0,103765,60.25,2010,72,0,9.95
77451,Historical,615513,0,0,S,0,0,72573,60.25,2010,58,0,10.51
77458,Historical,2644763,0,0,S,2,1,268718,63.95,2000,29,6.72,47.03
77459,Historical,2133709,0,0,S,2,1,1103548,175,2011,15,0,43.97
77460,Historical,544959,0,0,S,3,1,266961,92,2010,43,45.76,61.42
77461,Historical,545511,0,0,S,2,1,332459,56,2012,25,44.73,36.5
77462,Historical,637619,0,0,S,3,1,20783,93,2013,84,56,66.28
77463,Historical,663848,0,0,S,1,0,254368,54,2013,24,0,35.57
77464,Historical,890914,0,0,S,2,1,202330,50,2014,31,44.45,33.48
77465,Historical,612695,0,0,S,2,1,44384,56,2013,31,40.76,36.16
77466,Historical,545659,1,1,S,3,1,451142,84,2013,45,53.98,47.65
77467,Historical,635954,0,0,S,1,0,128321,70,2011,16,0,50.93
77468,Historical,248120,0,0,S,3,1,68952,79,2011,57,51.98,65.27
77469,Historical,576439,0,0,S,1,0,329967,105,2001,16,0,0
77470,Historical,495246,0,0,S,0,0,774642,84,2007,13,0,74.92
77471,Historical,612430,0,0,S,3,1,853381,51,2013,16,119.94,33.3
77472,Historical,202475,0,0,S,1,0,177575,79.99,2001,22,0,67.99
77473,Historical,55666,0,0,S,3,1,399795,49.99,2000,62,48.98,34.98
77474,Historical,627599,0,0,S,2,1,819115,57.2,2005,27,6.99,28.99
77475,Historical,872506,0,0,S,0,0,508593,38.95,1996,42,46.44,18.65
77476,Historical,544972,0,0,S,3,1,38582,67,2012,35,46.44,51.37
77477,Historical,132155,0,0,S,5,1,134744,173.2,2006,55,47.68,77.94
77478,Historical,660193,0,0,S,2,1,1061631,62,2011,40,28.98,32.51
77479,Historical,545013,0,0,S,3,1,298967,68,2012,22,31.99,52.04
77481,Historical,867575,0,0,S,2,1,381184,55,2013,23,36.78,38.47
77482,Historical,662044,0,0,S,3,1,990261,56.95,2007,31,24.04,44.82
77483,Historical,641798,0,0,S,2,1,666951,81,2002,20,0,34.86
77484,Historical,148296,0,0,S,4,1,1761292,124.95,2004,34,4.15,45.99
77488,Historical,526738,0,0,S,2,1,392797,134.95,2009,31,31.99,70.87
77489,Historical,221805,1,1,S,2,1,1279845,209.95,2003,25,126.49,97.65
77490,Historical,526737,0,0,S,3,1,352634,129,2012,50,23.99,78.17
77491,Historical,293262,0,0,S,2,1,566572,66,2003,27,0,0
77492,Historical,312422,0,0,S,3,1,4833369,118.33,1999,27,143.26,11.96
77493,Historical,867214,0,0,S,5,1,39043,75.95,2014,37,25.12,47.04
77494,Historical,630232,1,1,S,2,1,122831,88,2005,30,0,0
77495,Historical,244018,0,0,S,5,1,47911,222.95,2012,38,51.31,149.79
77496,Historical,1759300,0,0,S,2,1,45185,39.99,2013,23,0,35.98
77497,Historical,50123,0,0,S,9,1,1520209,171.8,2005,47,151.66,40.07
77498,Historical,903131,0,0,S,7,1,3700627,115,2008,18,119.85,49.64
77499,Historical,877794,0,0,S,5,1,1239251,123.25,1998,63,129.58,15.99
77500,Historical,252662,1,2,S,8,1,22404,38.99,2010,67,28.99,34.99
77501,Historical,2167507,0,0,S,4,1,113798,20,2014,19,0,11.49
77502,Historical,640536,0,0,S,1,0,955083,58.95,2009,19,0,0
77503,Historical,308058,1,1,S,1,0,66664,75,2006,18,0,43.38
77504,Historical,867427,0,0,S,4,1,510491,83,2014,17,34.99,64.96
77505,Historical,51191,0,0,S,8,1,3398789,212.95,2000,47,201.97,11.75
77506,Historical,632408,0,0,S,5,1,1158478,171.6,2010,25,158.1,77.31
77507,Historical,162764,0,0,S,2,1,231056,90,2009,88,19.96,52.46
77508,Historical,662363,0,0,S,1,0,1209957,61.95,2008,16,0,37.85
77509,Historical,2117116,0,0,S,3,1,2709620,62.95,2009,28,21.4,48.99
77510,Historical,286055,1,1,S,1,0,795054,116.6,2006,55,0,56.8
77512,Historical,896922,0,0,S,1,0,568387,59.99,2010,28,70.88,44.99
77515,Historical,627059,0,0,S,3,1,967637,92.88,2000,35,0,0
77516,Historical,714644,0,0,S,5,1,251829,177.8,1998,43,11.72,27.74
77518,Historical,561483,0,0,S,3,1,90527,137.2,2012,43,63.99,85.97
77519,Historical,619407,0,0,S,2,1,99104,98.75,2007,49,76.27,72.76
77520,Historical,526734,0,0,S,10,1,30172,99.99,2011,33,72.02,76.6
77521,Historical,634078,0,0,S,0,0,371495,65,1998,23,28.99,59.29
77522,Historical,1477999,0,0,S,1,0,33265,49.95,2014,21,0,38.44
77523,Historical,526733,0,0,S,2,1,290305,95,2010,33,52.91,55.97
77524,Historical,152372,0,0,S,0,0,407171,59.95,2006,19,67.13,49.5
77525,Historical,200483,0,0,S,2,1,743964,112.95,2008,37,22.09,37.03
77526,Historical,167525,0,0,S,3,1,1005690,230.95,1997,36,52.76,109.99
77527,Historical,665925,0,0,S,2,1,1525973,124,2003,26,27.93,86.98
77529,Historical,890883,0,0,S,0,0,1123585,54.99,2014,23,43.17,51.19
77530,Historical,526731,0,0,S,3,1,222278,44.95,2011,27,26.2,32.53
77531,Historical,608288,0,0,S,3,1,675933,243.25,2003,52,89.95,43.99
77532,Historical,1573250,0,0,S,0,0,869354,24.95,2011,26,0,12.07
77534,Historical,754707,0,0,S,3,1,1502212,72.95,2010,19,52.98,48.75
77535,Historical,55077,0,0,S,2,1,3663708,84.95,1998,37,62.97,14.78
77537,Historical,526730,0,0,S,2,1,588530,48.5,2006,45,0,27.5
77538,Historical,109440,0,0,S,2,1,799375,48.5,2005,30,0,44.16
77539,Historical,2474801,0,0,S,0,0,1113842,6.99,2005,44,0,10.93
77540,Historical,868595,0,0,S,2,1,94648,90,2014,61,48.79,58.67
77541,Historical,2485662,0,0,S,2,1,1596246,79.95,2000,23,138.95,163.62
77542,Historical,614906,0,0,S,1,0,565703,166.99,1975,51,16.59,63.35
77543,Historical,1533742,0,0,S,2,1,3061885,79.95,2008,16,38.98,19.9
77544,Historical,864755,0,0,S,3,1,149371,68.8,2014,49,47.59,49.98
77545,Historical,1516781,0,0,S,7,1,1168247,98.33,2012,13,0,78.97
77546,Historical,264243,0,0,S,4,1,1405863,44.95,2004,31,24.02,57.66
77547,Historical,57105,0,0,S,4,1,1491059,43.95,2003,40,35.48,7.5
77548,Historical,576671,0,0,S,2,1,173062,94.95,2008,24,14.17,52.98
77549,Historical,668078,0,0,S,2,1,953899,100.95,2007,36,0,32.69
77550,Historical,680893,0,0,S,5,1,87615,21.95,2011,71,13,13.96
77551,Historical,2095461,0,0,S,6,1,88824,49.95,2014,48,44.73,39.47
77552,Historical,905239,0,0,S,8,1,147533,128,2014,31,71.99,53.94
77553,Historical,2167491,0,0,S,0,0,3097,18.73,2014,10,0,14.4
77554,Historical,255794,0,0,S,2,1,65842,62.95,2007,43,27.1,47.86
77555,Historical,610046,0,0,S,4,1,58655,49.99,2011,62,27.23,72.37
77556,Historical,609172,0,0,S,2,1,897810,34.95,2003,36,27.23,9.49
77557,Historical,296924,0,0,S,2,1,1122258,71,2003,25,36.37,76.12
77558,Historical,789239,0,0,S,2,1,395501,40.95,2003,16,14.35,70.47
77559,Historical,862255,0,0,S,2,1,19181,57.95,2014,22,43.99,34.62
77560,Historical,679273,0,0,S,1,0,281505,29.99,2010,85,22.93,13.61
77561,Historical,642225,0,0,S,1,0,89098,39.99,2012,45,22.93,25.39
77562,Historical,903661,0,0,S,1,0,48446,39.99,2013,40,22.93,24.97
77563,Historical,617138,0,0,S,11,1,875958,192.8,2010,42,4.7,35.92
77564,Historical,663597,0,0,S,0,0,144437,30,2013,84,0,18.45
77565,Historical,802750,1,3,S,0,0,743297,49.99,2012,21,28.29,35.58
77566,Historical,1437702,1,1,S,3,1,59428,25,2014,25,17.56,17.33
77567,Historical,802606,1,1,S,3,1,2115140,49.99,2006,22,28.29,11.99
77568,Historical,205303,0,0,S,0,0,130220,49.56,1995,37,0,35.83
77569,Historical,635667,0,0,S,2,1,169188,104,2012,43,60.71,74.63
77571,Historical,1781500,0,0,S,1,0,333421,29.99,2012,22,19.94,37.98
77574,Historical,642224,0,0,S,2,1,161006,49.99,2012,56,23.96,33.27
77575,Historical,2095791,0,0,S,2,1,13807,59.99,2015,24,46.08,37.3
77578,Historical,764644,0,0,S,5,1,2694723,85.95,1999,32,110.94,7.99
77579,Historical,904537,0,0,S,2,1,543378,61.95,2014,21,16.74,45.96
77580,Historical,860945,0,0,S,7,1,1050363,110.07,2012,16,76.31,103.99
77582,Historical,184269,0,0,S,0,0,329655,52.95,1997,42,18.99,40.09
77583,Historical,688467,0,0,S,2,1,380414,24.95,2013,33,73.28,21.72
77584,Historical,539711,0,0,S,2,1,177623,35,1997,53,10.36,25.19
77585,Historical,51528,0,0,S,5,1,2484818,74.95,2003,69,31.99,11.11
77586,Historical,2619177,0,0,S,2,1,617026,37.95,1994,43,108.46,13.61
77587,Historical,247819,0,0,S,2,1,559143,102,2007,57,4.93,44.48
77588,Historical,587758,0,0,S,2,1,45638,90,2012,45,44.53,43.58
77589,Historical,893149,0,0,S,2,1,559917,42,2011,26,27.64,35.24
77591,Historical,555765,0,0,S,0,0,828521,34.95,2010,36,36.65,15.7
77592,Historical,2047490,0,0,S,3,1,393980,97,2010,32,11.49,17.58
77593,Historical,625523,0,0,S,5,1,814904,101,1996,31,9.53,85.29
77594,Historical,867672,0,0,S,2,1,114536,115,2013,22,49.19,63.99
77595,Historical,526713,0,0,S,3,1,138825,118.8,2012,47,0,0
77597,Historical,526712,0,0,S,3,1,668866,96,2010,19,53.72,63.84
77598,Historical,51914,0,0,S,9,1,2903516,97.8,2003,62,129.72,8.5
77599,Historical,877778,0,0,S,6,1,1453478,74,1998,41,53.74,25.87
77600,Historical,50349,0,0,S,7,1,62774,217.4,2004,57,18.82,72.63
77602,Historical,541380,0,0,S,3,1,28295,42.95,2014,35,35.51,38.95
77603,Historical,144377,0,0,S,3,1,907759,146.6,2002,49,4,28.99
77605,Historical,623408,0,0,S,4,1,236850,81,2012,58,6.49,19.49
77606,Historical,867244,0,0,S,3,1,41654,44.95,2014,63,29.94,33.28
77607,Historical,157913,0,0,S,1,0,535070,37.95,2001,46,29.94,12.98
77608,Historical,863745,0,0,S,2,1,785898,55,2009,27,38,29.63
77609,Historical,1936380,0,0,S,2,1,296800,89.99,2014,18,46.01,46.61
77610,Historical,2778963,0,0,S,7,1,6084011,186,1994,17,123.46,73.98
77611,Historical,620943,1,1,S,2,1,218451,126,1995,43,33.88,69.36
77612,Historical,157977,0,0,S,2,1,476440,41.95,2005,18,0,36.67
77613,Historical,640481,0,0,S,1,0,471870,49.95,1998,24,0,38.91
77614,Historical,859578,0,0,S,3,1,755929,221,2007,19,49.9,145.56
77615,Historical,270988,0,0,S,7,1,254787,144.99,2011,42,62.5,72.01
77616,Historical,249219,0,0,S,4,1,137770,86.95,2008,36,38.63,67.98
77617,Historical,862258,0,0,S,2,1,870453,79.99,2014,21,41.98,49.25
77618,Historical,663199,0,0,S,6,1,47076,82.95,2013,45,29.98,52.35
77619,Historical,526706,0,0,S,7,1,452652,57.95,2009,43,13.93,28.64
77620,Historical,495653,0,0,S,3,1,1487115,102.51,2009,25,28.77,73.97
77621,Historical,105828,0,0,S,3,1,2416353,49.95,2003,28,48.63,18.99
77622,Historical,526705,0,0,S,7,1,33790,60,2012,36,12.76,60.61
77624,Historical,649602,0,0,S,4,1,223084,84.99,2013,32,46.59,58.69
77625,Historical,330008,0,0,S,9,1,278811,86.95,2010,34,29.08,54.48
77626,Historical,630171,0,0,S,2,1,1037829,57.99,2007,26,17.21,15.23
77627,Historical,1737283,0,0,S,5,1,114500,42.95,2008,16,0,48.88
77628,Historical,1517383,0,0,S,3,1,217432,49.99,2014,26,31.04,32.85
77629,Historical,653182,0,0,S,2,1,372320,44.95,2013,35,35.58,29.09
77630,Historical,616944,1,1,S,3,1,249588,53.32,2009,70,11.81,35.91
77633,Historical,176217,0,0,S,21,1,706420,49.95,2006,40,33.7,60.05
77634,Historical,1527530,0,0,S,2,1,144157,55,2008,25,0,32.13
77635,Historical,625466,1,2,S,2,1,105637,69.95,2002,25,0,136.31
77636,Historical,2661828,0,0,S,2,1,929567,100,1994,24,0,78.96
77637,Historical,153579,0,0,S,8,1,60522,17.95,2003,156,18.97,8.63
77638,Historical,317234,0,0,S,3,1,805426,126.67,1997,15,105.59,46.74
77639,Historical,621461,0,0,S,0,0,72262,57.4,2003,43,70.36,46.23
77640,Historical,542795,0,0,S,2,1,672819,70.44,2009,32,0,25.49
77641,Historical,623570,0,0,S,1,0,844987,59.99,2007,19,0,74.67
77642,Historical,906561,0,0,S,3,1,39830,20.46,1988,33,24.05,68.99
77643,Historical,236839,1,1,S,6,1,614,48,2000,213,24.05,40.99
77644,Historical,641665,0,0,S,2,1,1846280,42.95,2006,21,3.85,40.99
77645,Historical,618955,0,0,S,3,1,25098,42.95,2010,36,14.98,25.91
77646,Historical,526690,0,0,S,3,1,282264,42.95,2010,25,23.99,31.07
77647,Historical,526689,0,0,S,3,1,81880,42.95,2010,26,23.3,25.92
77648,Historical,540976,0,0,S,4,1,5452,55.95,2013,60,31.73,31.63
77649,Historical,622654,0,0,S,3,1,311148,42.95,2010,35,25.99,31.31
77650,Historical,770549,0,0,S,5,1,1623122,250.95,2002,53,79.36,28.43
77652,Historical,1780910,0,0,S,3,1,7608,19.99,2014,23,0,12.45
77653,Historical,621579,0,0,S,2,1,287225,91.2,2013,82,28.88,59.28
77654,Historical,247964,0,0,S,2,1,311776,93,2009,60,53.87,68.98
77655,Historical,290204,0,0,S,3,1,1544977,75,2009,49,29.01,21.06
77656,Historical,534373,1,1,S,5,1,414641,86.95,1992,46,97.31,26.28
77657,Historical,628832,0,0,S,0,0,279747,104.95,2007,29,85.94,77.98
77658,Historical,1590314,1,1,S,2,1,1502496,49.99,2011,28,37.19,30.64
77659,Historical,624829,0,0,S,4,1,754829,59.95,2003,31,0,53.09
77660,Historical,121248,0,0,S,3,1,420656,49.99,2009,32,10.41,30.47
77661,Historical,872073,0,0,S,2,1,1684850,82,2012,20,43.43,81.95
77663,Historical,673072,1,1,S,7,1,8988,18,2013,85,6.77,7.95
77664,Historical,540013,0,0,S,2,1,427422,73.6,2012,32,72.55,56.67
77665,Historical,618598,0,0,S,2,1,71299,34.99,2007,34,0,0
77670,Historical,877830,1,1,S,6,1,1262020,97.33,2014,12,42.93,91.13
77671,Historical,144526,0,0,S,2,1,7282975,67.6,2004,34,42.93,12.99
77672,Historical,542820,0,0,S,4,1,812192,38.8,2011,28,33.73,49.93
77673,Historical,56401,1,1,S,8,1,33906,173.6,2011,56,83.35,72.13
77674,Historical,248096,0,0,S,3,1,82878,83,2009,50,55.24,61.48
77675,Historical,297914,0,0,S,4,1,874701,82,2011,30,10.23,68.33
77676,Historical,526683,0,0,S,4,1,1517968,87.2,2011,28,3.85,27.99
77677,Historical,183108,0,0,S,3,1,1432837,86.36,2004,49,8.98,10.36
77678,Historical,292182,0,0,S,3,1,755950,194.95,2004,65,8.98,35.92
77679,Historical,770378,0,0,S,2,1,2457918,117.95,2001,39,8.98,8.99
77680,Historical,132898,0,0,S,4,1,486229,127,2009,41,20.45,57.98
77681,Historical,55771,0,0,S,4,1,3018419,44.06,2002,37,13.79,8.99
77682,Historical,55772,0,0,S,5,1,352946,88.25,2005,29,13.79,66.96
77683,Historical,114404,0,0,S,5,1,225217,141.4,2001,40,0,48.48
77684,Historical,862260,0,0,S,3,1,274568,36,2014,24,26.87,24.79
77685,Historical,919142,0,0,S,0,0,146813,46.6,2001,49,0,11.98
77686,Historical,614947,0,0,S,0,0,22923,61.97,2007,137,0,28.74
77688,Historical,526679,1,1,S,2,1,1363028,38,2008,22,26.79,36.21
77690,Historical,560110,0,0,S,8,1,1904971,0,2010,44,39.97,41.19
77691,Historical,623784,1,1,S,10,1,12298,75,2013,98,39.97,42.99
77693,Historical,288509,1,1,S,5,1,660973,169.8,2000,22,0,0
77694,Historical,543735,0,0,S,4,1,96211,50.95,2010,62,37.99,23.99
77695,Historical,154911,0,0,S,4,1,683573,68.76,2005,27,0,0
77697,Historical,569077,0,0,S,2,1,210865,39.99,2007,35,0,27.93
77698,Historical,542163,0,0,S,2,1,285018,44.99,2007,36,30.04,36.33
77699,Historical,541316,0,0,S,2,1,189879,51.95,2006,26,28.88,40.18
77700,Historical,859744,0,0,S,1,0,457294,50.75,2008,19,0,35.35
77701,Historical,867762,0,0,S,4,1,335894,46,2014,21,29.24,24.21
77702,Historical,115809,0,0,S,5,1,182178,75.6,2007,61,13.9,33.98
77704,Historical,198471,0,0,S,1,0,692604,156.95,2004,47,0,33.99
77705,Historical,268753,0,0,S,0,0,876193,30,2005,49,11.24,9.89
77706,Historical,572105,0,0,S,2,1,1109709,47.95,2006,39,4.99,32.98
77707,Historical,2405948,0,0,S,0,0,282784,47.95,1990,46,0,16.99
77709,Historical,132718,1,1,S,1,0,1469544,129,2010,48,80.99,18.79
77710,Historical,560761,0,0,S,2,1,392512,120.4,2002,38,4.38,58.49
77711,Historical,251955,0,0,S,2,1,119007,145.95,2009,37,0,0
77713,Historical,618962,0,0,S,4,1,36700,53.32,2009,34,0,0
77714,Historical,131430,0,0,S,4,1,911430,96.4,2001,33,116.88,7.24
77715,Historical,148847,0,0,S,3,1,52620,50,2002,53,8.95,35.13
77716,Historical,534061,0,0,S,2,1,2826487,39.5,1994,42,8.95,10.15
77717,Historical,118393,0,0,S,7,1,1098302,126.2,2006,41,18.12,43.48
77718,Historical,910193,1,1,S,9,1,1452133,80.2,2005,30,4.89,45.65
77719,Historical,919161,0,0,S,6,1,1022902,196.8,2004,39,9.74,39.98
77720,Historical,544946,0,0,S,2,1,242071,41.95,2009,19,49.2,37.51
77721,Historical,2488745,0,0,S,0,0,1077505,43.97,2005,59,0,16.46
77722,Historical,917188,0,0,S,0,0,536005,6.98,2005,32,0,5.64
77723,Historical,1520671,0,0,S,0,0,834618,45.25,2009,28,0,14.03
77724,Historical,2488746,0,0,S,0,0,634683,63.97,2005,60,0,18.99
77725,Historical,770470,0,0,S,0,0,357089,62.25,2004,64,4,15.85
77726,Historical,922194,0,0,S,0,0,268622,87.5,2004,75,0,15.43
77727,Historical,919922,1,2,S,0,0,961769,57.5,2006,61,0,13.98
77728,Historical,920306,1,1,S,0,0,794935,57.5,2008,55,0,13.89
77729,Historical,768474,1,1,S,0,0,1555516,79.6,2000,96,0,9.14
77730,Historical,206083,0,0,S,5,1,95528,29.95,2006,81,0,18.99
77731,Historical,56826,0,0,S,4,1,170103,23.76,2008,216,20.31,8.52
77732,Historical,560061,0,0,S,5,1,10542,38.25,2012,121,20.31,18.99
77733,Historical,56825,0,0,S,3,1,1971904,4.2,2004,86,20.31,4.24
77734,Historical,141991,1,1,S,5,1,11113,38.25,2012,75,11.93,28.65
77735,Historical,56840,0,0,S,4,1,134681,10.4,2008,166,11.93,9.01
77736,Historical,906994,1,1,S,2,1,144926,48.95,2013,21,3.85,40.26
77737,Historical,578970,0,0,S,4,1,181225,47.95,2013,47,28.33,43.99
77738,Historical,1539494,0,0,S,1,0,809568,47.95,2011,14,0,34.86
77739,Historical,687321,0,0,S,2,1,15603,25,2012,41,23.98,23.75
77740,Historical,539158,0,0,S,6,1,442763,151.6,2004,27,4,98.15
77743,Historical,594431,0,0,S,2,1,285144,74.95,2011,28,41.97,55.56
77744,Historical,252680,0,0,S,11,1,180003,68.25,2011,48,19.99,28.99
77745,Historical,639723,0,0,S,4,1,73505,74.95,2013,44,47.4,49.68
77746,Historical,1574761,1,1,S,7,1,467874,70.95,2009,28,42.64,53.09
77747,Historical,610389,0,0,S,3,1,6593,62.95,2013,67,48.98,51.78
77748,Historical,55661,0,0,S,11,1,681890,107.95,2003,73,78.67,26.65
77749,Historical,157272,0,0,S,2,1,861056,57.95,2004,33,29.36,35.49
77750,Historical,291597,1,1,S,3,1,511074,121.95,2001,27,0,0
77751,Historical,177364,0,0,S,3,1,727790,163.95,2000,35,9.97,5.01
77752,Historical,919000,0,0,S,9,1,214157,63.43,2013,29,91.28,64.6
77753,Historical,197848,1,3,S,1,0,941875,94.8,2012,34,0,65.81
77754,Historical,875330,0,0,S,0,0,2921457,29.95,1995,40,43.97,22.49
77755,Historical,197676,0,0,S,2,1,991000,84.32,2007,25,26.94,78.78
77756,Historical,724944,0,0,S,2,1,3122850,75,2011,25,18.98,59.82
77757,Historical,526669,0,0,S,2,1,690867,101.95,2009,57,19.92,47.99
77758,Historical,137189,0,0,S,4,1,622606,71,2005,13,0,0
77759,Historical,132272,0,0,S,5,1,1291042,70.4,2007,38,28.68,86.82
77760,Historical,132013,0,0,S,4,1,884498,76.4,2005,33,28.68,68.98
77761,Historical,132916,0,0,S,6,1,93725,112,2009,98,28.68,56.38
77762,Historical,202524,0,0,S,2,1,308949,68.6,2001,33,0,0
77763,Historical,157549,0,0,S,2,1,416555,49.95,2010,25,23.96,36.21
77764,Historical,312831,0,0,S,2,1,273569,121,2000,35,7.46,49.89
77765,Historical,526666,0,0,S,3,1,455325,132.95,2007,50,25.76,29.44
77766,Historical,610261,1,1,S,6,1,214178,203.8,2002,46,43.29,61.49
77767,Historical,246550,0,0,S,1,0,646117,66.95,2008,15,0,42.94
77768,Historical,195184,0,0,S,2,1,288068,76,2009,34,21.96,50.98
77769,Historical,526665,0,0,S,4,1,369646,230,2002,59,5.22,57.85
77770,Historical,606867,0,0,S,5,1,701544,42.25,2003,41,0,13.85
77772,Historical,254441,0,0,S,3,1,137414,64.95,2011,38,24.52,36.37
77774,Historical,593532,0,0,S,5,1,487833,602.99,2008,46,37.64,57.83
77775,Historical,133059,1,4,S,3,1,94399,76.2,2009,64,27.68,37.19
77776,Historical,538634,0,0,S,8,1,27628,96,2013,37,57.78,72.12
77778,Historical,539626,0,0,S,3,1,16462,32.4,2010,21,0,0
77779,Historical,109431,1,2,S,2,1,404645,104,2006,58,23.26,45.09
77780,Historical,623465,1,4,S,4,1,45870,51.99,2010,28,0,0
77781,Historical,635025,1,2,S,3,1,16564,51.99,2010,42,28.98,26
77782,Historical,619350,0,0,S,3,1,28994,51.99,2010,57,21.12,28.94
77783,Historical,1679811,0,0,S,0,0,829877,30.95,2010,70,0,13.98
77784,Historical,632360,0,0,S,2,1,841986,116.6,2001,43,31.9,110.27
77785,Historical,53817,1,1,S,2,1,2136538,13.97,2005,59,63.91,12.22
77787,Historical,1737666,0,0,S,4,1,1214952,69.5,2012,42,0,5.05
77788,Historical,109548,0,0,S,12,1,2113501,96.7,2004,18,191.85,78.99
77789,Historical,744463,0,0,S,8,1,2141094,64.95,2000,37,41.65,13.94
77790,Historical,639291,0,0,S,6,1,113518,43,2008,21,42.94,36.6
77791,Historical,608993,0,0,S,6,1,1652241,39.99,2005,25,0,5.72
77792,Historical,148749,1,2,S,7,1,100187,88.95,2010,41,20.04,43.98
77793,Historical,250393,0,0,S,6,1,1924870,87.3,2005,29,9.32,39.8
77794,Historical,917016,0,0,S,5,1,328266,87.3,2003,19,9.32,27.99
77795,Historical,148211,0,0,S,7,1,2736664,233.95,2004,28,148.5,43.77
77796,Historical,193474,0,0,S,4,1,1649902,43.95,2006,26,41.81,12.64
77797,Historical,288413,0,0,S,7,1,646212,170.25,2006,23,13.93,28.98
77798,Historical,143265,0,0,S,8,1,407428,225,2009,75,13.93,105.97
77799,Historical,1728746,0,0,S,14,1,485856,39.95,2014,25,24.23,20.99
77800,Historical,1459045,0,0,S,2,1,2105524,83.2,2011,8,5.09,53.99
77801,Historical,737430,0,0,S,0,0,560555,65,2006,16,43.99,53.98
77802,Historical,143474,0,0,S,6,1,420122,43,2010,33,33.84,18.64
77806,Historical,557237,0,0,S,1,0,629219,112.6,2006,36,0,94.4
77809,Historical,130409,0,0,S,2,1,398846,86.2,2011,38,57.92,53.99
77810,Historical,618965,0,0,S,1,0,1186666,59.99,2009,52,0,22.97
77811,Historical,146461,0,0,S,1,0,994954,59.99,2010,52,0,14.98
77812,Historical,329788,0,0,S,2,1,341773,64.99,2004,33,26.37,89.47
77813,Historical,146408,0,0,S,3,1,43149,59.99,2010,40,35.94,41.06
77814,Historical,626305,0,0,S,2,1,455129,49.99,2009,21,0,0
77816,Historical,142034,0,0,S,5,1,751268,23.98,2009,48,49.57,23.98
77817,Historical,141612,0,0,S,3,1,1680459,9.98,2003,68,46.56,9.98
77818,Historical,711627,0,0,S,0,0,566460,43.99,2004,28,46.93,31.98
77819,Historical,616177,0,0,S,0,0,288632,112.85,2011,50,46.93,69.28
77822,Historical,615537,1,3,S,0,0,113907,117.5,2006,116,8.99,25.98
77823,Historical,859174,0,0,S,0,0,1026585,80.2,2004,41,8.99,46.32
77824,Historical,613383,1,1,S,0,0,39892,105.75,2004,148,8.99,77.99
77825,Historical,863152,1,1,S,0,0,143413,20.25,2003,43,8.99,8.01
77826,Historical,865175,0,0,S,2,1,3221563,49,2003,17,46.71,82.79
77827,Historical,553578,0,0,S,3,1,925800,141,2010,45,23.64,21.3
77828,Historical,113980,0,0,S,4,1,2407584,10.49,2001,29,65.05,9.99
77830,Historical,541820,0,0,S,3,1,87180,37.5,2012,14,23.99,30.18
77831,Historical,542220,0,0,S,2,1,186908,241.95,2002,59,84.4,73.98
77832,Historical,533649,0,0,S,11,1,726649,93.95,2001,54,74.46,23.98
77833,Historical,52771,0,0,S,12,1,269545,90.95,2004,59,74.46,45.31
77834,Historical,201727,0,0,S,0,0,487680,47.95,2014,21,4,41.69
77835,Historical,110222,1,1,S,5,1,245081,117.24,2008,107,30.5,56.59
77836,Historical,2255695,0,0,S,5,1,1673029,303.28,2008,12,0,119.31
77837,Historical,554707,0,0,S,5,1,334027,135.95,2000,54,23.17,73.48
77838,Historical,630162,0,0,S,1,0,74355,33.95,2007,23,23.98,24.34
77839,Historical,637827,0,0,S,2,1,460152,60,2011,27,36.66,49.56
77840,Historical,559098,0,0,S,0,0,949157,55,2004,33,11.07,32.62
77841,Historical,619897,0,0,S,2,1,714826,30,2000,32,23.15,60.51
77842,Historical,228730,1,1,S,0,0,850681,26.95,2003,68,29.98,13.89
77844,Historical,660767,0,0,S,2,1,66471,71.95,2013,18,55.99,52.47
77845,Historical,608917,0,0,S,3,1,488398,207,2007,40,23.46,68.35
77846,Historical,110166,0,0,S,5,1,31863,170.25,2008,53,50.31,93.3
77847,Historical,229130,0,0,S,3,1,689620,58,2007,46,44.53,43.98
77848,Historical,541582,0,0,S,2,1,338209,52.95,2012,42,39.1,37.65
77849,Historical,909154,0,0,S,2,1,765739,41.95,2014,30,27.07,26.44
77850,Historical,652280,1,2,S,2,1,774007,62.5,2013,7,0,37.4
77851,Historical,349971,1,1,S,9,1,393064,122.95,2010,39,0,0
77852,Historical,363619,0,0,S,4,1,256789,54,2005,35,0,0
77853,Historical,543251,1,1,S,5,1,341324,49.95,2012,26,22.63,37.31
77854,Historical,632094,0,0,S,3,1,76218,105,2012,30,59.23,75.06
77855,Historical,655425,0,0,S,2,1,336071,64.99,2012,36,0,34.82
77856,Historical,166941,0,0,S,2,1,294689,164.97,2005,28,0,675
77857,Historical,2140502,0,0,S,3,1,192271,44.95,2013,10,36.94,32.74
77858,Historical,917819,1,1,S,2,1,195772,39.95,1994,63,36.87,18.98
77859,Historical,919307,0,0,S,3,1,603704,39.95,2002,60,36.87,13.86
77860,Historical,2140504,0,0,S,4,1,53994,44.95,2014,40,36.87,33.19
77861,Historical,618310,0,0,S,0,0,27735,73.75,2005,22,0,0
77864,Historical,267377,1,1,S,4,1,303218,55,2011,36,39.31,55.78
77866,Historical,56941,0,0,S,2,1,32955,49.95,2006,21,23.07,32.14
77867,Historical,57879,0,0,S,6,1,24508,64.95,2011,73,28.99,22.99
77868,Historical,649835,0,0,S,3,1,138304,89,2012,18,64.88,16.93
77869,Historical,144728,0,0,S,1,0,1025828,89.8,2009,50,0,28.89
77870,Historical,647024,0,0,S,2,1,72533,61.95,2012,31,45.49,44.49
77871,Historical,619543,0,0,S,1,0,31963,79.25,2013,72,0,0
77872,Historical,153553,0,0,S,0,0,586440,35,2002,42,15.6,25.23
77873,Historical,2582667,0,0,S,0,0,296633,14.95,2004,19,24.53,12.71
77874,Historical,1473884,0,0,S,1,0,1393511,35,2010,20,26.97,35.14
77875,Historical,564030,0,0,S,1,0,680409,184.95,2003,40,0,53.13
77876,Historical,564031,0,0,S,1,0,678602,138.95,2003,27,0,57.8
77877,Historical,2062511,0,0,S,0,0,140760,40,2014,18,0,26.94
77879,Historical,625620,0,0,S,5,1,3633,82,2013,86,43.87,39.99
77881,Historical,630195,0,0,S,2,1,539316,138.95,2006,29,27.35,43.89
77882,Historical,115331,0,0,S,4,1,1576883,186.4,2004,38,11.97,20.97
77883,Historical,202189,1,1,S,4,1,2458152,76.95,2000,28,50.98,23.98
77884,Historical,670386,0,0,S,2,1,3328071,129.5,2004,11,25.94,25.65
77886,Historical,598504,0,0,S,2,1,2147405,68.95,2011,12,0,47.01
77887,Historical,646917,0,0,S,2,1,928225,64.99,2013,17,60.65,53.69
77888,Historical,636776,0,0,S,2,1,859597,90,2007,24,28.25,70.34
77889,Historical,652586,0,0,S,2,1,328728,49.99,2012,89,22.98,32.25
77890,Historical,654920,0,0,S,4,1,1299928,41,1999,18,39.71,81.66
77891,Historical,627919,0,0,S,0,0,813837,52,2012,45,50.97,15.99
77892,Historical,867690,0,0,S,0,0,565876,52,2013,52,50.97,38.71
77893,Historical,193238,0,0,S,0,0,1059289,49,2011,46,50.97,15.98
77894,Historical,60815,1,3,S,3,1,3254557,61.1,1998,26,72.99,43.98
77895,Historical,912394,0,0,S,4,1,2673774,84.44,2011,44,63.99,83.34
77897,Historical,621624,0,0,S,3,1,1914656,118,1996,32,219.56,43.85
77898,Historical,615437,0,0,S,1,0,78465,49.95,1994,26,0,46.24
77899,Historical,625321,0,0,S,1,0,448847,44,2008,19,0,19.62
77900,Historical,890940,0,0,S,2,1,241146,39.95,2014,17,32.52,33.49
77901,Historical,633819,0,0,S,2,1,59979,58,2012,30,46.12,37.69
77902,Historical,637246,1,1,S,2,1,682774,45,2007,18,27.64,24.07
77904,Historical,2035160,0,0,S,0,0,250825,37,2010,29,23.53,24.1
77905,Historical,765148,0,0,S,2,1,1288191,234.95,1999,37,0,14.99
77906,Historical,526622,0,0,S,3,1,1178604,55.95,2009,16,23.99,42.48
77907,Historical,1787014,0,0,S,2,1,670478,49.95,2015,17,45.88,37.06
77908,Historical,621479,0,0,S,2,1,227642,57,2002,24,0,35.36
77909,Historical,906566,0,0,S,2,1,135908,49.95,2010,23,36.99,40.68
77911,Historical,2696693,0,0,S,4,1,2270490,72.95,1993,14,65.12,72.95
77912,Historical,630369,0,0,S,2,1,42940,69.95,1997,29,16.42,48.37
77913,Historical,123935,1,1,S,2,1,562581,106.95,2000,55,20.99,63.69
77914,Historical,289815,0,0,S,2,1,184538,51.95,2003,75,8.08,46.6
77915,Historical,664693,0,0,S,5,1,128847,45,2013,30,20.93,33.99
77916,Historical,659502,0,0,S,2,1,910694,44,2013,52,33.9,26.94
77917,Historical,157253,0,0,S,2,1,1022822,45.95,2005,39,11.43,32.99
77918,Historical,597983,0,0,S,5,1,601621,41.95,2008,20,0,31.99
77919,Historical,286477,0,0,S,8,1,197071,100.95,2010,54,45.45,57.58
77920,Historical,2618574,0,0,S,4,1,817365,138.95,2003,29,0,58.64
77923,Historical,540135,0,0,S,6,1,286392,57.95,2013,35,33.2,38.28
77924,Historical,623713,0,0,S,3,1,456909,34.5,1993,33,4,25.99
77925,Historical,189255,0,0,S,0,0,311278,55,1996,37,0,35.13
77926,Historical,173426,0,0,S,0,0,236681,44.99,1998,25,0,33.97
77928,Historical,623712,0,0,S,3,1,368774,91,1993,54,5.09,37.39
77929,Historical,764783,0,0,S,2,1,110865,157.95,2003,31,6.34,45.69
77930,Historical,565839,0,0,S,2,1,197511,29.95,2009,48,17.82,19.87
77931,Historical,746045,0,0,S,1,0,444596,49.95,2002,31,0,188.93
77933,Historical,876441,0,0,S,3,1,4830549,38.12,1999,21,68.08,9.99
77935,Historical,667231,0,0,S,2,1,506872,43,2012,17,18.94,42.97
77936,Historical,2602463,0,0,S,2,1,702984,44.99,1995,30,20.89,40.63
77937,Historical,637843,0,0,S,6,1,18970,34,2011,68,0,0
77938,Historical,203634,0,0,S,21,1,809530,165.95,2005,23,40.64,52.99
77939,Historical,761381,0,0,S,0,0,66828,29.95,2004,54,22.99,20.9
77940,Historical,867969,0,0,S,2,1,92178,76.5,2013,35,31.86,15.89
77941,Historical,660445,0,0,S,3,1,554765,74.95,2007,18,13.86,49.74
77942,Historical,637963,0,0,S,3,1,724379,132,2006,31,82.05,64.78
77944,Historical,246379,0,0,S,2,1,964010,66.95,2005,28,18.94,43.98
77945,Historical,552306,0,0,S,0,0,723236,54.8,1997,22,4,39.9
77946,Historical,627337,0,0,S,7,1,1440418,99.99,2010,29,36.98,24.99
77947,Historical,610048,0,0,S,4,1,189080,54.99,2013,18,31.79,36.62
77948,Historical,536386,0,0,S,5,1,59991,46.95,2012,27,47.6,32.11
77949,Historical,291571,0,0,S,2,1,504693,116.95,2000,44,8.89,49.99
77950,Historical,665218,0,0,S,3,1,60425,80.95,2012,70,54.62,56.22
77951,Historical,921005,0,0,S,2,1,550712,45,1990,47,31.98,44.91
77952,Historical,665413,0,0,S,4,1,20914,50,2012,28,31.98,34.19
77953,Historical,858861,0,0,S,2,1,933074,65,2001,37,4.97,41.99
77954,Historical,633160,0,0,S,4,1,404337,90.25,2011,29,0,0
77955,Historical,627409,0,0,S,2,1,41342,41.8,2010,39,23.74,31.98
77956,Historical,624434,0,0,S,5,1,876094,12.55,2006,26,83.98,23.89
77957,Historical,163419,0,0,S,6,1,575348,52.98,2010,50,83.98,31.83
77960,Historical,56908,0,0,S,8,1,2403581,79.95,2004,78,74.55,8.07
77961,Historical,126762,0,0,S,11,1,145368,112.95,2005,110,18.58,58.42
77962,Historical,802573,0,0,S,5,1,792173,39.99,2005,43,24.96,33.75
77963,Historical,296528,0,0,S,4,1,1467903,34.99,2003,38,24.96,96.61
77964,Historical,652446,0,0,S,2,1,85218,54,2013,34,38.23,35.31
77965,Historical,110929,0,0,S,5,1,20125,71.99,2011,64,23.94,38.98
77966,Historical,110764,0,0,S,2,1,94715,138.75,2006,48,76.57,67.08
77967,Historical,2862529,0,0,S,3,1,9766,13,2004,120,7.18,10.94
77968,Historical,55760,0,0,S,2,1,60592,99.8,2003,34,4.28,80.74
77969,Historical,879413,1,4,S,7,1,384267,49.28,2007,46,43.93,35.47
77970,Historical,54945,1,1,S,6,1,1481713,11.99,2004,130,43.93,11.99
77971,Historical,244989,0,0,S,1,0,377278,260.95,2005,28,0,113.39
77972,Historical,109424,0,0,S,6,1,3834675,28.99,2004,25,110.92,28.97
77973,Historical,877630,0,0,S,3,1,740423,16.38,2012,13,26.97,16.52
77974,Historical,621009,0,0,S,4,1,1965,80,2013,50,26.97,40.56
77975,Historical,1928697,0,0,S,2,1,940591,50,2014,35,29.98,35.11
77976,Historical,663731,0,0,S,2,1,54613,80,2013,33,36.68,57.46
77977,Historical,2112484,0,0,S,0,0,390413,60,2014,5,62.47,54.32
77978,Historical,541577,0,0,S,2,1,178566,47.95,2011,57,32.91,35.13
77979,Historical,132052,0,0,S,10,1,242583,206,2005,37,19.19,68.96
77981,Historical,58546,0,0,S,3,1,2302967,58.97,2003,31,108.85,45.23
77982,Historical,155682,0,0,S,2,1,646930,49.95,2009,17,0,49.95
77983,Historical,645249,0,0,S,2,1,742219,42.95,2011,14,0,0
77984,Historical,622581,0,0,S,2,1,64473,89,2012,47,22.79,50.99
77985,Historical,867577,0,0,S,4,1,41375,52,2014,34,33.98,38.24
77987,Historical,862264,1,1,S,2,1,126589,146.8,2014,24,14.91,73.98
77988,Historical,287598,0,0,S,1,0,241554,174.6,2011,25,0,27.98
77989,Historical,177426,0,0,S,3,1,735674,111.95,2001,42,0,0
77990,Historical,290974,0,0,S,8,1,1099139,319.95,2009,26,116.7,72.98
77991,Historical,646935,0,0,S,6,1,37513,88.95,2013,47,45.12,60.15
77992,Historical,431007,0,0,S,3,1,3150991,85,2004,44,120.55,35.73
77993,Historical,545005,0,0,S,2,1,283724,73,2012,54,37.41,57.44
77994,Historical,285979,0,0,S,3,1,793325,156.2,2005,33,0,23.94
77995,Historical,177318,0,0,S,3,1,2629144,114.95,2000,31,165.99,7.49
77996,Historical,120022,0,0,S,1,0,751108,70,2009,25,0,49.01
77997,Historical,1492315,0,0,S,2,1,686056,60.95,2014,17,5.05,28.59
77998,Historical,526597,0,0,S,4,1,1196367,70,2010,29,39.03,38.95
77999,Historical,213096,0,0,S,2,1,707636,100,2004,31,45.01,32.67
78000,Historical,900405,0,0,S,3,1,178957,54.95,2014,28,39.01,46.18
78001,Historical,544037,0,0,S,2,1,153049,121,2012,42,43.57,82.98
78002,Historical,176756,0,0,S,4,1,4712258,98.95,2000,44,133.93,8.43
78003,Historical,556336,0,0,S,2,1,1463170,50,2010,22,20.68,36.75
78004,Historical,198375,0,0,S,5,1,73123,75,2011,52,41.57,43.66
78005,Historical,663713,0,0,S,2,1,56346,97,2013,29,39.33,49.87
78007,Historical,545502,0,0,S,3,1,1032987,56,2012,17,49.72,37.76
78008,Historical,149377,0,0,S,2,1,3901153,79.95,2002,30,44.85,19.49
78009,Historical,526586,0,0,S,1,0,580926,48,2008,29,70.98,38.26
78010,Historical,867659,0,0,S,2,1,18962,94,2014,38,56.19,65.76
78011,Historical,870862,0,0,S,2,1,2969020,47.95,2000,35,29.74,37.04
78012,Historical,543406,0,0,S,4,1,530221,57,2012,23,29.74,30.98
78013,Historical,763780,0,0,S,6,1,6319369,98.95,1998,30,38.9,7.98
78014,Historical,867788,0,0,S,2,1,117389,101,2014,47,43.99,70.1
78016,Historical,1552666,0,0,S,1,0,224728,63.95,2014,17,0,50.58
78018,Historical,57045,1,1,S,7,1,204446,269.95,2001,71,21.74,48.99
78019,Historical,870691,0,0,S,5,1,1487698,84.65,1996,35,87.74,27.99
78020,Historical,54950,1,1,S,3,1,51879,219.95,2006,65,49.76,63.97
78021,Historical,170039,0,0,S,3,1,416452,93.95,2010,49,24.94,29.93
78023,Historical,610034,0,0,S,16,1,275278,117.95,2012,43,30.57,96.65
78024,Historical,772099,0,0,S,2,1,1707797,90.95,2005,27,49.51,42.95
78025,Historical,113362,0,0,S,3,1,521853,67.95,2002,34,16.84,34.99
78026,Historical,132324,0,0,S,3,1,260297,87,2007,51,49.19,64.95
78028,Historical,914235,0,0,S,5,1,9334,19.95,2014,38,21.73,18.2
78029,Historical,686757,0,0,S,4,1,180313,20.95,2011,82,21.73,13.97
78030,Historical,922235,0,0,S,3,1,1292940,18.95,2008,74,21.73,6
78031,Historical,60827,0,0,S,3,1,2134864,122.4,2001,36,108.88,8.89
78032,Historical,55656,0,0,S,6,1,1070552,24.8,2009,40,22.28,12.65
78033,Historical,2253395,0,0,S,6,1,1691939,53.39,2008,40,22.28,43.74
78034,Historical,131029,0,0,S,7,1,184806,33.2,2011,40,22.28,41.25
78036,Historical,145208,0,0,S,3,1,605770,75.6,2005,32,13.88,36.78
78038,Historical,1928712,0,0,S,2,1,1411661,51,2013,19,17.08,38.1
78039,Historical,526580,0,0,S,0,0,131184,127.95,2012,24,143.79,119.04
78040,Historical,619015,0,0,S,4,1,481061,90,2005,45,0,19.85
78042,Historical,662343,0,0,S,2,1,1900233,181.95,2004,20,4.77,47.95
78043,Historical,2143299,0,0,S,7,1,36692,48,2015,11,45.54,47.99
78044,Historical,623356,0,0,S,2,1,284235,76,2012,33,39.12,47.37
78045,Historical,1537689,0,0,S,2,1,262419,41.95,2006,25,35.31,31.78
78046,Historical,194130,0,0,S,2,1,932474,39,2006,36,11.04,31.96
78047,Historical,1464992,0,0,S,3,1,1794024,55,2006,11,74.48,345.07
78048,Historical,534728,0,0,S,5,1,176915,71.99,2013,37,30.58,33.36
78049,Historical,227626,0,0,S,3,1,510826,99.95,2010,12,0,0
78050,Historical,526576,0,0,S,2,1,227386,39.99,2010,27,0,34.48
78051,Historical,539977,0,0,S,4,1,139578,142.8,2011,46,102.56,69.15
78052,Historical,264850,0,0,S,4,1,1154934,31.95,2005,79,4,9.89
78053,Historical,264847,0,0,S,3,1,1854190,44.04,2001,59,4,17.63
78055,Historical,622765,0,0,S,5,1,327445,132,2005,22,0,0
78056,Historical,848945,0,0,S,3,1,10036597,76.35,1998,24,21.15,45.61
78057,Historical,109623,0,0,S,5,1,716295,28.96,2005,35,21.15,28.98
78058,Historical,526567,0,0,S,2,1,171649,45,2010,39,26.97,33.78
78060,Historical,759863,0,0,S,2,1,1671098,150,2002,24,109.99,62.72
78061,Historical,907835,0,0,S,2,1,133805,57.4,2014,19,42.67,42.89
78062,Historical,268393,0,0,S,0,0,1404005,35,2005,56,27.97,7.43
78064,Historical,708419,0,0,S,3,1,66170,56.75,2005,17,0,0
78067,Historical,610337,0,0,S,7,1,55116,123.75,2013,57,59.11,46.99
78068,Historical,620290,0,0,S,2,1,63815,39.95,2008,33,13.97,27.17
78069,Historical,663778,0,0,S,2,1,173793,39.99,2013,60,26.96,25.53
78071,Historical,555386,0,0,S,1,0,433102,45,2005,45,0,15.99
78073,Historical,1943326,0,0,S,5,1,137331,49.95,2014,41,31.74,35.95
78075,Historical,257182,0,0,S,2,1,447266,60,1998,30,0,51.06
78076,Historical,2007805,0,0,S,2,1,1921064,70,2006,17,0,69.05
78077,Historical,629850,0,0,S,2,1,918266,49.95,1999,21,0,86.4
78078,Historical,526562,0,0,S,4,1,172509,162.95,2012,59,4,25
78079,Historical,117348,0,0,S,8,1,440737,44.6,2006,24,12.29,31.21
78080,Historical,520746,0,0,S,1,0,1218522,29.99,2001,80,4.71,7.59
78081,Historical,610463,0,0,S,9,1,53143,125,2012,19,35.11,46.98
78082,Historical,587845,0,0,S,2,1,623696,65,2013,20,32.01,38.33
78083,Historical,628109,0,0,S,2,1,1061497,130,2007,56,7.19,15.48
78085,Historical,258450,0,0,S,2,1,238511,130,2009,35,52.81,76.09
78086,Historical,309787,0,0,S,8,1,602290,188.75,2011,16,127.99,76.66
78088,Historical,156525,0,0,S,0,0,418578,58.95,1997,46,187.91,42.67
78089,Historical,724834,0,0,S,5,1,5660989,75,2006,15,76.5,39.69
78091,Historical,801007,0,0,S,2,1,2815303,56,2008,22,33.97,34.35
78092,Historical,1587772,0,0,S,2,1,2346293,84.99,2006,20,0,34.2
78093,Historical,649192,0,0,S,2,1,295904,34.95,2006,36,21.19,28.44
78095,Historical,641468,0,0,S,2,1,200782,46,2010,26,0,28.03
78096,Historical,2272564,0,0,S,1,0,1072255,31.49,2006,26,51.68,46.63
78097,Historical,641479,0,0,S,1,0,241822,36,2010,33,15.43,25.5
78098,Historical,652342,0,0,S,2,1,33061,32.95,2013,32,22.35,21.33
78099,Historical,652660,0,0,S,1,0,383315,54.95,2011,21,0,51.94
78100,Historical,546777,1,1,S,2,1,858160,89.99,2012,15,0,0
78101,Historical,629792,0,0,S,6,1,1054591,25.67,2010,21,4.98,15.11
78102,Historical,617276,0,0,S,6,1,331447,64.6,2005,30,5.42,52.16
78103,Historical,630843,0,0,S,6,1,320558,64.6,2005,29,37.33,60.6
78104,Historical,642316,0,0,S,1,0,107523,49.95,2011,36,31.32,32.56
78105,Historical,629979,0,0,S,2,1,668693,80,2011,31,0,0
78106,Historical,628817,0,0,S,4,1,455146,49.95,2007,50,31.23,16.84
78107,Historical,2768599,0,0,S,0,0,74586,54.99,2002,33,32.73,35.48
78109,Historical,270801,1,1,S,3,1,140803,53.99,2010,96,16.81,20.98
78110,Historical,526550,1,1,S,3,1,28861,67.95,2008,47,38.39,41.92
78111,Historical,526549,0,0,S,3,1,6287,67.95,2008,67,40.26,42.91
78112,Historical,499557,0,0,S,2,1,205608,84.95,2012,14,71.84,68.78
78113,Historical,270975,0,0,S,5,1,340625,61.99,2011,68,21.8,32.87
78115,Historical,655206,0,0,S,2,1,75182,60.99,2013,73,50.82,36.46
78116,Historical,740878,0,0,S,7,1,3275231,70.6,2006,24,128.49,9.99
78117,Historical,657679,0,0,S,3,1,293043,44.95,2005,31,18.25,37.07
78118,Historical,617993,1,1,S,5,1,147722,61.6,2006,76,40.39,52.88
78119,Historical,268455,0,0,S,2,1,12803,65,2008,42,37.46,41.3
78121,Historical,2097819,0,0,S,4,1,36566,196.48,2014,41,0,64.99
78122,Historical,1429679,0,0,S,1,0,411336,7.99,2008,78,0,10.75
78125,Historical,184251,1,1,S,0,0,332538,66.95,1995,35,0,31.98
78126,Historical,1559400,0,0,S,1,0,583418,44.95,2008,18,0,39.71
78127,Historical,641476,0,0,S,2,1,637122,44.95,2010,19,0,35.99
78128,Historical,254340,0,0,S,0,0,88041,34.95,2011,46,0,25.99
78129,Historical,637222,0,0,S,2,1,57083,55.95,2007,34,43.26,27.21
78130,Historical,279127,0,0,S,2,1,857132,53.95,2006,21,0,46.41
78131,Historical,703100,0,0,S,3,1,3235176,49.99,2002,22,4,48.79
78133,Historical,617947,0,0,S,6,1,113453,60,2011,67,0,33.99
78134,Historical,109217,0,0,S,3,1,395991,63.83,2003,49,5.23,40.19
78135,Historical,542808,0,0,S,10,1,599722,86.05,2010,37,61.99,88.67
78136,Historical,526538,0,0,S,2,1,539136,46.2,2006,45,5.97,80.89
78137,Historical,546334,0,0,S,4,1,26349,51.95,2008,62,19.99,43.99
78138,Historical,607937,1,1,S,5,1,538598,49.6,2006,38,42.96,17.69
78139,Historical,649477,0,0,S,2,1,190968,61.95,2013,55,26.29,16.93
78140,Historical,552596,0,0,S,1,0,69379,110.4,2006,34,0,123.18
78141,Historical,743715,0,0,S,3,1,53972,52.99,2014,23,41.93,38.95
78143,Historical,919109,0,0,S,0,0,15492,0,2007,45,19.63,23.94
78144,Historical,132815,0,0,S,1,0,856438,51.33,2009,36,35.99,33.99
78145,Historical,609872,0,0,S,10,1,24760,53.93,2012,56,35.99,41.98
78146,Historical,526533,0,0,S,6,1,83161,8.95,2008,57,0,0
78147,Historical,2089017,0,0,S,10,1,80722,19.99,2013,20,0,21.13
78148,Historical,2088933,0,0,S,13,1,316565,21.99,2012,36,0,7.16
78150,Historical,526532,0,0,S,3,1,43849,47,2012,30,16.18,23.99
78152,Historical,1619460,0,0,S,0,0,798845,19.95,2013,11,26.54,16.77
78153,Historical,555707,0,0,S,5,1,192359,34.95,2007,58,29.14,20.13
78154,Historical,224726,0,0,S,7,1,178413,69.95,2011,39,17.97,24.37
78155,Historical,613371,0,0,S,3,1,756512,160.95,1998,83,34.9,50.41
78156,Historical,1869345,0,0,S,2,1,1168183,59.95,2015,15,35.99,45.59
78157,Historical,544895,0,0,S,2,1,509013,45.95,2009,39,30,30.06
78158,Historical,123287,0,0,S,9,1,18981,18,2010,61,10.59,12.8
78159,Historical,196601,0,0,S,2,1,1850298,64.95,1999,26,33.24,28.48
78160,Historical,336995,0,0,S,1,0,1282771,41.95,2009,15,0,33.82
78161,Historical,661767,0,0,S,2,1,841656,52.95,2013,21,40.63,34.12
78162,Historical,350259,0,0,S,1,0,461699,318.95,2002,28,0,55.87
78163,Historical,1981598,0,0,S,5,1,515279,62.95,2014,16,55.13,55.69
78164,Historical,367599,0,0,S,0,0,2800782,140,2001,16,32.64,86.32
78165,Historical,641305,0,0,S,3,1,721109,55,2012,23,22.63,43.89
78167,Historical,634946,0,0,S,2,1,491528,99,2004,29,83.98,54.37
78168,Historical,477073,0,0,S,3,1,45157,68,2010,42,13.99,43.25
78169,Historical,637612,0,0,S,5,1,104323,46,2013,17,0,39.37
78170,Historical,913720,1,1,S,8,1,818822,65.16,2004,48,5.98,22.61
78171,Historical,56922,0,0,S,3,1,89994,27.95,2010,42,15.38,23.99
78173,Historical,545741,0,0,S,10,1,47136,77.99,2013,62,47.89,56.48
78176,Historical,868556,0,0,S,10,1,717900,116.95,2016,30,4,53.94
78177,Historical,622066,0,0,S,3,1,122947,113.2,2003,33,27.93,96.51
78178,Historical,117253,0,0,S,4,1,2142457,63.6,2006,45,12.77,4
78180,Historical,881562,0,0,S,2,1,80627,39.99,2015,9,38.98,31.86
78181,Historical,867738,0,0,S,4,1,27982,54.99,2014,30,28.8,34.02
78182,Historical,499540,0,0,S,9,1,13910,99.95,2012,67,43.99,58.9
78183,Historical,57868,0,0,S,7,1,1117507,66.95,2002,70,43.99,10.8
78184,Historical,913208,0,0,S,1,0,399966,18.74,2011,37,0,12.8
78186,Historical,288118,0,0,S,11,1,1949,18.95,2011,54,10.99,14.24
78187,Historical,615642,0,0,S,2,1,349883,54.99,2006,67,7.3,39.99
78188,Historical,606771,0,0,S,3,1,1130379,29.95,2006,47,9.05,47.78
78189,Historical,627440,0,0,S,2,1,152615,34.99,2010,28,15.71,25.93
78190,Historical,622359,0,0,S,0,0,551702,39.95,2007,38,34.58,23.27
78191,Historical,115234,1,1,S,1,0,533818,168.4,2000,61,0,32.45
78192,Historical,600521,0,0,S,2,1,65186,110,2010,22,0,75.48
78193,Historical,455650,0,0,S,2,1,228183,154.95,2007,46,44.33,58.33
78195,Historical,874811,0,0,S,4,1,1254431,15.88,2002,41,87.99,14.22
78196,Historical,873112,0,0,S,4,1,2102735,112.21,1976,14,74.09,70.27
78198,Historical,540145,0,0,S,8,1,58025,98,2013,55,54.39,69.85
78199,Historical,644371,1,2,S,6,1,55195,121.6,2013,45,55.52,96.75
78200,Historical,626349,0,0,S,4,1,487859,92.99,2008,27,40.35,40.95
78203,Historical,545648,0,0,S,3,1,23263,94.95,2013,113,42.19,53.99
78204,Historical,623655,0,0,S,5,1,336420,203.18,2001,40,0,0
78205,Historical,910907,0,0,S,0,0,858204,149.86,1978,36,0,79.98
78206,Historical,637390,0,0,S,3,1,253991,64,2000,42,74.81,28.98
78207,Historical,1541223,0,0,S,3,1,2204003,44.95,2009,19,40.04,33.21
78208,Historical,640074,0,0,S,4,1,470647,78.85,2004,29,21.43,90.21
78209,Historical,661708,0,0,S,2,1,406762,42.95,2007,24,15.71,40.58
78210,Historical,643323,0,0,S,2,1,914347,55,2005,21,12.93,28.98
78211,Historical,184439,0,0,S,2,1,1130304,47.95,2000,30,32.92,34.93
78212,Historical,494870,0,0,S,4,1,307269,56.95,2012,47,32.92,28.99
78213,Historical,129243,0,0,S,2,1,71444,34.95,2010,42,14.8,22.97
78214,Historical,623142,0,0,S,3,1,594515,53.95,1993,28,0,38.92
78215,Historical,494807,0,0,S,0,0,536540,127.95,2008,22,0,43.99
78216,Historical,625391,0,0,S,2,1,537880,74,2006,22,0,0
78218,Historical,642228,0,0,S,2,1,519830,94.95,2012,36,34.59,44.07
78219,Historical,680325,0,0,S,1,0,165842,51.8,2005,22,0,33.99
78220,Historical,268100,0,0,S,30,1,18945,18.99,2007,102,0,0
78221,Historical,526501,1,1,S,8,1,52010,105.25,2007,81,31.97,18.24
78222,Historical,177525,0,0,S,3,1,5858798,84.95,2001,17,91.26,13.94
78224,Historical,892772,0,0,S,4,1,529431,43.95,2014,11,28.59,29.19
78225,Historical,874051,0,0,S,9,1,1806600,54.95,2001,16,38.31,137.01
78226,Historical,265691,0,0,S,1,0,455449,60,2012,71,4.41,16.16
78227,Historical,265681,0,0,S,0,0,919019,60,2007,119,4.41,7.86
78228,Historical,265680,0,0,S,0,0,343167,45,2007,108,14.14,13.96
78229,Historical,546341,0,0,S,0,0,169746,89.99,2001,59,0,53.99
78230,Historical,650666,0,0,S,0,0,1136292,66.95,2013,19,38.11,42.94
78231,Historical,650668,0,0,S,1,0,1300598,66.95,2013,18,0,52.47
78232,Historical,114368,0,0,S,3,1,102696,87,2008,43,48.06,65.69
78233,Historical,1731794,0,0,S,33,1,634591,169.95,2009,24,76.19,64.97
78234,Historical,2165424,0,0,S,0,0,1500261,174.95,2012,11,0,85.79
78235,Historical,279609,0,0,S,0,0,375738,187.95,2012,22,150.99,103.99
78236,Historical,546053,0,0,S,0,0,319649,38,2013,24,38.01,25.98
78237,Historical,2524008,0,0,S,3,1,2390706,85,1998,28,61.75,42.97
78238,Historical,1932623,0,0,S,2,1,446771,49.99,2015,22,35.82,34.64
78240,Historical,881414,0,0,S,3,1,20690,49.99,2015,10,31.85,29.84
78241,Historical,650642,0,0,S,0,0,662232,35.95,2008,18,0,29.41
78242,Historical,623439,0,0,S,22,1,248687,209,2011,36,21.99,31.09
78244,Historical,526480,0,0,S,4,1,279334,69,2010,45,22.81,51.91
78245,Historical,2258455,0,0,S,7,1,80498,49.53,2011,14,0,59.2
78247,Historical,608724,0,0,S,5,1,792943,49.99,2006,73,5.13,15.7
78248,Historical,621334,0,0,S,1,0,122423,63.98,2010,22,0,62.99
78249,Historical,633203,0,0,S,2,1,22589,36.95,2011,28,21.98,27.4
78250,Historical,536391,0,0,S,10,1,148172,80.95,2012,47,35.34,50.33
78251,Historical,915508,0,0,S,2,1,2902905,40,2001,22,38.04,13.64
78253,Historical,526476,0,0,S,5,1,509087,79.95,2011,26,42.7,60.38
78254,Historical,626238,0,0,S,2,1,512310,46,2011,35,23.69,39.75
78255,Historical,157453,0,0,S,4,1,368113,56.95,2008,59,4.16,41.82
78256,Historical,174315,0,0,S,2,1,853846,39.99,2005,29,8.98,33.75
78258,Historical,255779,0,0,S,4,1,528521,79.95,2005,80,4.44,10.69
78260,Historical,622122,0,0,S,2,1,51707,85,1997,20,48.94,63.99
78261,Historical,526471,0,0,S,5,1,676192,50.5,2007,109,4.26,38.29
78262,Historical,517243,0,0,S,3,1,516941,59.95,2012,44,45.92,45.29
78263,Historical,116959,0,0,S,4,1,76802,163.4,2005,84,62.25,93.99
78264,Historical,621439,0,0,S,3,1,594644,142.8,2005,47,26.16,66.89
78265,Historical,619420,0,0,S,3,1,69684,106.95,2005,42,39.81,85.75
78266,Historical,555732,0,0,S,2,1,140685,74.95,2008,37,24.69,55.79
78267,Historical,632220,0,0,S,1,0,848142,43.13,2006,22,0,42.33
78269,Historical,583531,0,0,S,2,1,2943241,100,2007,10,6.44,554.3
78271,Historical,1981513,0,0,S,2,1,73220,41.95,2014,10,0,36.46
78277,Historical,1710490,0,0,S,1,0,254711,64.95,2007,44,44.78,37.5
78278,Historical,1710491,0,0,S,1,0,121718,69.95,2006,37,44.78,49.67
78279,Historical,526461,0,0,S,3,1,763018,47.99,2009,24,7.79,38.27
78280,Historical,899393,0,0,S,0,0,1918521,9.95,2006,17,39.39,9.95
78281,Historical,142937,0,0,S,2,1,1097092,196,2008,36,4.99,7.7
78282,Historical,250402,0,0,S,0,0,429922,27,2006,36,23.99,14.88
78283,Historical,633363,0,0,S,3,1,92448,51.95,2008,19,35.45,34.75
78284,Historical,315135,0,0,S,1,0,108577,209.2,2008,43,0,72.18
78285,Historical,183528,0,0,S,1,0,73025,354.95,2008,35,0,65.98
78286,Historical,636515,0,0,S,5,1,1609995,49.95,2010,15,21.21,19.23
78287,Historical,2115739,0,0,S,3,1,59596,54.99,2015,11,0,49.48
78288,Historical,864406,0,0,S,2,1,115125,44.99,2013,18,23.66,29.68
78289,Historical,2161066,0,0,S,2,1,431979,130.86,2010,19,0,78.92
78292,Historical,1601920,0,0,S,2,1,289575,119.95,2010,41,82.08,77.15
78293,Historical,767611,0,0,S,9,1,1137935,115.95,2009,24,93.98,93.21
78294,Historical,251311,0,0,S,2,1,247541,49.95,2007,26,0,33.34
78295,Historical,2832567,0,0,S,2,1,2142374,89.95,2003,9,70.32,70.86
78296,Historical,185926,0,0,S,2,1,849952,44.99,2003,35,17.59,31.73
78297,Historical,526452,0,0,S,5,1,650839,34.99,2011,56,8.99,21.82
78298,Historical,185973,0,0,S,7,1,1176101,29.99,2005,52,18.57,7.78
78299,Historical,542417,0,0,S,4,1,1025519,44.99,2013,42,0,11.97
78300,Historical,921324,0,0,S,1,0,1386137,34.99,2009,56,4.65,7.94
78302,Historical,292467,0,0,S,4,1,897120,39.99,2008,81,9.39,18.5
78303,Historical,121326,0,0,S,3,1,1700438,44.99,2008,40,16.53,8.26
78304,Historical,623649,0,0,S,2,1,493704,39.99,2002,34,7.71,18.94
78305,Historical,185931,1,2,S,3,1,231173,24.99,2004,69,20.43,20.54
78306,Historical,536140,0,0,S,4,1,4216,29.99,2012,30,20.43,21.42
78307,Historical,185995,0,0,S,5,1,546428,54.99,2009,23,0,0
78308,Historical,608875,0,0,S,4,1,1144989,34.99,2008,24,17.13,9.99
78309,Historical,185918,0,0,S,4,1,635719,39.99,2003,33,0,5.9
78310,Historical,620265,1,1,S,8,1,267150,79.99,2010,32,13.09,18.97
78311,Historical,608987,0,0,S,9,1,1294376,95.95,2009,22,0,47.17
78312,Historical,1826425,0,0,S,13,1,977526,65.95,2015,17,0,44.48
78314,Historical,2154535,0,0,S,1,0,48786,39.99,2015,3,17,43.98
78315,Historical,1445216,0,0,S,0,0,95538,11.71,2015,9,0,12.21
78316,Historical,1765904,0,0,S,0,0,431546,99.99,2014,30,36.92,41.55
78317,Historical,167198,0,0,S,0,0,2211641,21.99,2006,50,4.92,4
78318,Historical,167301,0,0,S,2,1,921136,70,2006,24,0,0
78319,Historical,632586,0,0,S,2,1,37346,31.99,2010,70,17.94,20.42
78320,Historical,2773092,0,0,S,1,0,127904,42.5,1981,24,0,22.35
78321,Historical,701010,0,0,S,4,1,386460,109,2006,35,44.48,67.13
78322,Historical,617287,0,0,S,3,1,5195,49.95,2008,49,25,28.68
78323,Historical,2054256,0,0,S,0,0,332247,40,2015,19,27.58,26.98
78324,Historical,592338,0,0,S,1,0,1291451,77.95,2008,49,4.99,13.86
78325,Historical,1519101,0,0,S,6,1,3158,53.95,2015,29,40.98,39.93
78326,Historical,877762,0,0,S,5,1,473506,53.98,2011,39,30.85,68.24
78327,Historical,608913,0,0,S,2,1,1370089,59.95,1998,61,22.24,43.19
78328,Historical,610037,0,0,S,4,1,124269,62.95,2012,62,22.24,42.99
78329,Historical,249199,0,0,S,2,1,96748,107,2009,31,35.55,64.39
78330,Historical,526438,0,0,S,3,1,504100,83.95,2010,19,80.42,68.83
78331,Historical,624096,0,0,S,2,1,963259,142,2006,27,10.79,52.62
78332,Historical,775109,0,0,S,2,1,3230958,125,2002,20,14.69,31.99
78333,Historical,545963,0,0,S,4,1,142838,79.95,2013,37,23.97,38.99
78334,Historical,924393,0,0,S,0,0,10023,39.95,2015,18,36.64,36.8
78335,Historical,616517,0,0,S,0,0,1390653,39.95,2011,61,36.64,5.99
78336,Historical,254031,0,0,S,2,1,69928,64.95,2011,56,12.06,43.99
78337,Historical,298373,0,0,S,2,1,389378,49.95,2005,35,21.13,36.5
78338,Historical,386568,0,0,S,2,1,987222,44.95,2006,21,4.39,53.98
78339,Historical,298413,0,0,S,2,1,82537,49.95,2009,33,23.24,40.53
78340,Historical,192878,0,0,S,2,1,1272820,35.95,2002,38,0,23.99
78341,Historical,867739,0,0,S,6,1,5122,54.95,2014,52,37.98,33.97
78342,Historical,1519114,0,0,S,2,1,83306,39.95,2015,3,38.52,29.89
78343,Historical,526432,0,0,S,2,1,143534,73.95,2008,47,5.54,61.08
78344,Historical,249197,1,1,S,3,1,412359,97.95,2008,61,9.48,73.98
78346,Historical,626606,0,0,S,1,0,446379,37.89,1990,44,38.94,37.89
78347,Historical,771920,0,0,S,2,1,71816,156.95,2006,50,38.94,72.49
78348,Historical,2064266,1,3,S,1,0,163198,85.5,2008,48,0,17.99
78350,Historical,918788,0,0,S,2,1,451180,70.99,1992,46,0,62.19
78351,Historical,586323,1,2,S,2,1,290160,73.55,1991,127,26.42,28.98
78352,Historical,918956,0,0,S,1,0,430977,92.65,2008,49,0,11.99
78354,Historical,3042284,0,0,S,1,0,67940,78,1994,82,0,25.99
78356,Historical,3042294,0,0,S,2,1,69968,66.9,2001,160,6.8,33.02
78357,Historical,3094968,0,0,S,3,1,62783,52.65,2004,38,23.82,35.99
78359,Historical,3042424,1,1,S,1,0,62427,75.3,2003,86,0,41.56
78360,Historical,612918,0,0,S,3,1,190751,79.95,2001,159,0,0
78361,Historical,3094969,0,0,S,4,1,42640,52.65,2005,32,0,31.49
78362,Historical,3094970,0,0,S,3,1,120069,50.6,2004,48,32.89,43.99
78364,Historical,915392,1,1,S,2,1,741228,121.5,1999,22,34.65,58.98
78366,Historical,239426,0,0,S,0,0,133730,58.5,1997,117,34.65,15.31
78368,Historical,2039715,1,2,S,1,0,2085251,44.8,2006,10,44.99,7.93
78369,Historical,2039723,1,2,S,0,0,271107,79,2007,46,0,37.98
78371,Historical,919453,1,1,S,1,0,107684,74.3,2007,61,22.94,63.73
78373,Historical,609252,0,0,S,3,1,2801972,45,1996,43,5.54,9.84
78374,Historical,284961,0,0,S,4,1,55216,45,2001,78,5.54,12.34
78375,Historical,106476,0,0,S,2,1,50800,45,2006,48,8.34,12.17
78378,Historical,870165,0,0,S,2,1,300924,47.95,2003,41,42.99,7.22
78380,Historical,2029110,0,0,S,1,0,314961,50,2014,53,23.66,42.88
78381,Historical,914546,0,0,S,2,1,2201051,99,1992,24,61.47,51.61
78382,Historical,621410,0,0,S,3,1,247961,99,2007,36,61.47,61.95
78384,Historical,626421,0,0,S,2,1,202365,60,2005,35,0,8.99
78385,Historical,875367,0,0,S,7,1,1564733,78.95,1996,84,141.82,23.63
78387,Historical,106859,0,0,S,2,1,35557,22,2011,25,0,0
78388,Historical,538342,0,0,S,4,1,342028,23,2013,45,12.98,15.1
78389,Historical,538341,0,0,S,4,1,276823,22,2013,22,9.86,15.09
78390,Historical,537721,0,0,S,6,1,18369,22,2012,34,0,0
78391,Historical,106646,0,0,S,5,1,376456,20,2008,77,0,0
78392,Historical,106770,0,0,S,3,1,193049,20,2009,52,11.98,11.49
78393,Historical,538339,0,0,S,10,1,51483,22,2013,32,13.28,13.85
78394,Historical,106854,0,0,S,11,1,11197,22,2011,87,10.45,11.14
78395,Historical,862275,0,0,S,4,1,6623,21,2014,37,13.95,12.05
78396,Historical,106290,0,0,S,3,1,1152608,18.95,2006,35,13.95,36.89
78397,Historical,106709,0,0,S,3,1,218084,20,2009,76,13.95,18.73
78398,Historical,526413,0,0,S,3,1,49019,22,2009,60,6.33,11.97
78399,Historical,861646,0,0,S,6,1,33837,22,2013,21,13.66,15.44
78400,Historical,861647,0,0,S,6,1,42545,20,2013,36,9.68,15.08
78401,Historical,537722,0,0,S,5,1,27907,22,2012,32,0,0
78402,Historical,106652,0,0,S,4,1,132215,20,2008,40,0,0
78403,Historical,862276,0,0,S,5,1,118359,20,2014,35,9.43,15.19
78404,Historical,549720,0,0,S,3,1,30638,22,2011,42,10.96,13.48
78405,Historical,285051,0,0,S,4,1,284376,20,2008,86,8.4,38.03
78406,Historical,538302,0,0,S,4,1,14461,20,2012,52,9.27,6.99
78407,Historical,915269,0,0,S,4,1,48239,29,2011,32,9.98,12.49
78408,Historical,1435889,0,0,S,2,1,863877,20,2008,61,0,9.81
78410,Historical,526399,0,0,S,3,1,682863,20,2008,36,10.09,12.99
78411,Historical,526403,0,0,S,2,1,607950,22,2010,35,8.99,28.24
78413,Historical,106651,0,0,S,5,1,284762,19,2008,83,7.74,18.15
78415,Historical,106711,0,0,S,2,1,662732,21.95,2009,39,9.92,7.94
78416,Historical,537724,0,0,S,5,1,28118,21,2012,38,11.48,12.23
78418,Historical,797716,0,0,S,2,1,226102,79.95,2005,39,22.26,37.26
78419,Historical,268441,0,0,S,1,0,130069,50,2006,55,34.09,43.57
78420,Historical,537481,0,0,S,2,1,1108415,114,2002,51,17.85,48.75
78421,Historical,546798,0,0,S,1,0,468951,44,2011,53,38.49,31.5
78422,Historical,526394,0,0,S,13,1,493227,32.5,2008,49,4.98,10.97
78423,Historical,622076,0,0,S,2,1,205110,44.95,2003,28,12.43,25.87
78424,Historical,697516,0,0,S,3,1,4951871,74.55,1997,24,113.45,51.95
78425,Historical,655155,0,0,S,2,1,142323,65,2013,29,48.96,49.51
78426,Historical,1781301,0,0,S,3,1,86962,65,2015,10,50.43,49.4
78427,Historical,121214,0,0,S,3,1,386143,51.6,2010,40,33.44,37.71
78428,Historical,217327,0,0,S,2,1,235112,59,2010,50,28.99,42.99
78429,Historical,526390,0,0,S,3,1,32365,45.95,2008,31,20.91,38.09
78430,Historical,408085,0,0,S,8,1,964598,107.18,2010,11,17.64,160.99
78431,Historical,287524,0,0,S,3,1,231181,191.4,2002,45,0,0
78432,Historical,557167,0,0,S,7,1,943677,110.6,2001,29,101.72,18.89
78434,Historical,578951,1,1,S,2,1,27408,104.95,2012,67,75.94,73.65
78435,Historical,2703743,0,0,S,5,1,1228439,81.75,2005,11,3.85,213.09
78436,Historical,657285,0,0,S,5,1,621194,65.95,2011,21,43.98,55
78437,Historical,271094,0,0,S,2,1,273792,60,2011,43,48,32.25
78438,Historical,630200,0,0,S,6,1,1787845,73.95,2006,31,0,45.45
78439,Historical,162615,0,0,S,2,1,352006,70,2010,25,42.04,35.98
78440,Historical,864758,0,0,S,5,1,21864,79,2014,26,44.55,63.88
78441,Historical,526387,0,0,S,2,1,694012,39.95,2008,19,29.98,29.96
78442,Historical,132036,0,0,S,3,1,269316,57.4,2006,50,17.04,32.44
78443,Historical,106216,0,0,S,8,1,1996571,60.95,2006,19,39.92,59.91
78444,Historical,700835,1,1,S,8,1,261848,60.95,2006,15,0,58.99
78449,Historical,2488765,0,0,S,0,0,542559,9.64,2005,25,0,9.45
78450,Historical,562371,0,0,S,0,0,544616,98.75,2006,32,48.71,47.65
78452,Historical,363623,0,0,S,2,1,78003,81,2006,25,0,0
78453,Historical,900615,1,1,S,2,1,134759,48,2014,36,33.84,32.58
78454,Historical,246739,0,0,S,2,1,101579,51.95,2009,38,33.58,31.5
78455,Historical,182862,0,0,S,2,1,567373,180.95,2003,61,8.62,22.79
78456,Historical,209582,0,0,S,2,1,80008,27,2006,38,0,26.74
78457,Historical,613319,0,0,S,1,0,371266,106.25,2002,67,0,51.4
78458,Historical,695096,0,0,S,1,0,1317033,96.45,2004,31,0,21.77
78460,Historical,286255,0,0,S,10,1,329150,100.8,2011,47,35.75,74.79
78461,Historical,197699,0,0,S,4,1,1698118,65.47,2005,16,32.96,61.71
78462,Historical,712497,0,0,S,0,0,857966,95.1,2001,55,0,39.98
78463,Historical,616555,0,0,S,0,0,916929,31.25,2006,54,4.98,10.1
78464,Historical,2373918,1,1,S,3,1,1213720,24.84,2004,69,8.99,14.3
78465,Historical,552211,1,1,S,3,1,286865,28.4,2005,73,8.99,10.33
78466,Historical,552215,0,0,S,3,1,1522237,32.75,2003,37,6.87,10.94
78467,Historical,618303,1,1,S,0,0,97669,9.02,2006,56,9.96,17.5
78468,Historical,623573,0,0,S,0,0,76166,119.5,2007,75,43.93,63.99
78469,Historical,625379,0,0,S,0,0,577272,111.25,2006,55,43.93,63.94
78471,Historical,1520676,1,1,S,0,0,1076367,82,2009,39,21.65,32
78473,Historical,1520677,0,0,S,0,0,1005412,91,2009,38,0,23.99
78475,Historical,286509,0,0,S,7,1,127810,132,2009,49,119.21,43.47
78476,Historical,298483,0,0,S,2,1,1463051,252.95,2007,29,16.48,37.51
78477,Historical,115170,1,1,S,1,0,172797,180.2,2004,44,37.95,72.11
78478,Historical,194046,0,0,S,3,1,675979,70,2004,24,0,60.79
78479,Historical,526380,0,0,S,2,1,835244,32.95,2007,31,24.28,26.91
78480,Historical,126508,0,0,S,2,1,371652,112.95,2002,37,10.97,14.01
78482,Historical,621375,0,0,S,0,0,522133,75.7,2008,47,43.96,63.99
78483,Historical,157536,0,0,S,1,0,480884,54.95,2006,23,0,39.07
78486,Historical,252889,0,0,S,1,0,822952,148.75,2011,70,81.32,44.3
78488,Historical,593537,1,1,S,1,0,17798,108.98,2012,79,0,83.99
78489,Historical,809150,0,0,S,1,0,252497,73.99,2012,22,0,63.74
78490,Historical,2337228,0,0,S,0,0,1299067,111.85,1996,29,52.94,37.13
78491,Historical,125571,0,0,S,0,0,1214360,49.95,1997,31,0,42.21
78492,Historical,259486,0,0,S,4,1,1090546,119,1995,15,136.34,35.99
78493,Historical,659213,0,0,S,2,1,626926,75,1994,22,56.04,60.93
78494,Historical,610606,0,0,S,4,1,56718,65,2014,36,42.57,46.17
78495,Historical,538995,0,0,S,3,1,656251,44.95,2012,27,24.48,33.97
78497,Historical,1483836,0,0,S,8,1,287422,70,2014,19,0,53.98
78498,Historical,2601777,0,0,S,6,1,1262857,60,1994,50,0,42.14
78499,Historical,612743,1,1,S,2,1,23522,44.95,2013,31,36.27,38.3
78500,Historical,308134,0,0,S,1,0,83346,50,2008,54,0,0
78501,Historical,722310,0,0,S,0,0,187005,49.99,2004,14,34.53,34.38
78502,Historical,722329,0,0,S,0,0,397724,79.99,2008,15,55.13,52.65
78504,Historical,242420,0,0,S,3,1,95198,50.95,2005,41,0,36.99
78505,Historical,755900,0,0,S,6,1,198412,22.99,2011,26,0,0
78506,Historical,1735506,0,0,S,17,1,377083,119.99,2013,36,0,36
78507,Historical,922361,1,1,S,0,0,169529,65.97,2006,52,0,21.75
78509,Historical,133162,1,1,S,9,1,91867,129,2010,76,11.09,43.48
78512,Historical,133161,0,0,S,5,1,57325,106.2,2010,58,30.05,78.99
78513,Historical,206748,0,0,S,2,1,127378,54.99,2005,29,0,0
78516,Historical,870775,0,0,S,2,1,200873,43.95,1998,34,29.87,15.01
78517,Historical,663212,0,0,S,5,1,24134,39.95,2013,46,29.87,29.58
78518,Historical,2435181,0,0,S,3,1,199522,48.95,1998,28,33.59,30.54
78519,Historical,865163,0,0,S,2,1,188301,316.44,2003,37,0,65.98
78520,Historical,2158941,0,0,S,0,0,118240,50,2006,16,0,30.96
78521,Historical,663836,0,0,S,2,1,234112,65,2013,19,41.4,37.25
78522,Historical,751123,0,0,S,1,0,1420874,39.99,2009,59,10.57,9.98
78523,Historical,632131,0,0,S,2,1,600482,39.99,2012,52,10.57,11.98
78524,Historical,541257,0,0,S,3,1,34975,71,2012,51,46.39,53.54
78525,Historical,101173,0,0,S,2,1,334479,159.95,1997,24,0,123.5
78526,Historical,614954,0,0,S,11,1,135105,136.95,2004,116,240.86,63.75
78528,Historical,902168,0,0,S,0,0,39862,69.99,2007,26,19.99,43.98
78529,Historical,1590514,0,0,S,3,1,1697520,47.25,2010,6,30.49,38.32
78530,Historical,2692811,0,0,S,0,0,708347,60,2003,61,0,31.79
78531,Historical,921205,0,0,S,2,1,526581,67.5,2000,52,127.73,26.97
78532,Historical,289006,0,0,S,3,1,3932252,24.95,2001,31,34.98,48.18
78533,Historical,629113,0,0,S,3,1,377503,54.95,2013,22,0,0
78534,Historical,569057,0,0,S,1,0,415063,49.99,2007,20,0,35.21
78535,Historical,618616,0,0,S,0,0,345004,12.96,2006,22,0,12.05
78536,Historical,422485,0,0,S,3,1,33838,34.99,2012,53,19.94,24
78537,Historical,2053409,0,0,S,0,0,66065,199.95,2011,20,18.27,21.88
78538,Historical,661226,0,0,S,2,1,276586,69,2010,27,61.82,65.57
78541,Historical,143089,0,0,S,3,1,1987495,35,2005,14,35.01,28.5
78542,Historical,288476,0,0,S,4,1,614177,43,2010,24,35.01,43
78543,Historical,660714,0,0,S,2,1,82171,59.99,2013,32,41.73,40.74
78544,Historical,595041,0,0,S,7,1,141098,220,2011,95,42.84,18.99
78545,Historical,775695,0,0,S,4,1,9214929,85,2002,18,42.84,13.94
78546,Historical,612534,0,0,S,6,1,34544,49.95,2013,44,23.96,32.71
78547,Historical,737565,0,0,S,5,1,294737,44,2007,22,0,0
78548,Historical,862281,0,0,S,5,1,691282,44,2014,10,37.89,43.98
78549,Historical,546644,0,0,S,2,1,1115843,44,2007,14,0,168.75
78550,Historical,656422,0,0,S,11,1,1403032,39.95,2009,14,0,45.66
78551,Historical,634900,0,0,S,5,1,470224,49.95,2011,52,6.25,15.99
78552,Historical,649016,0,0,S,6,1,421526,40.95,2009,19,0,37.33
78553,Historical,2268459,0,0,S,3,1,1380345,239.71,2011,28,36.65,248.22
78554,Historical,618535,0,0,S,10,1,3674371,134,2006,19,14.03,60.97
78556,Historical,2108212,0,0,S,0,0,258523,36,2015,14,34.21,36
78557,Historical,618278,0,0,S,6,1,7186,80,2008,43,34.98,36.29
78558,Historical,162533,0,0,S,2,1,166433,95,2010,24,50.64,55.56
78559,Historical,106235,0,0,S,3,1,153069,65,2004,31,9.26,32.17
78560,Historical,905528,0,0,S,2,1,729587,48,2014,17,0,36.11
78561,Historical,537492,0,0,S,6,1,74916,74.95,2013,37,25.89,43.65
78562,Historical,250054,0,0,S,2,1,2599724,109.95,2006,35,46.98,10.75
78563,Historical,903993,0,0,S,2,1,4203050,44.95,1995,19,37.57,36.23
78564,Historical,665903,0,0,S,1,0,732419,51,2007,13,0,43.27
78565,Historical,365295,0,0,S,2,1,452856,72.95,2006,36,31.34,50.97
78566,Historical,541536,0,0,S,2,1,83656,59.95,2012,36,38.24,37.34
78567,Historical,365319,0,0,S,3,1,248545,62.95,2007,42,10.52,61.63
78568,Historical,608029,0,0,S,5,1,111332,99.95,2009,49,81.63,59.98
78569,Historical,163179,0,0,S,4,1,218375,67,2011,44,42.34,36.19
78570,Historical,1445326,0,0,S,2,1,316692,84.95,2006,18,83.01,66.79
78571,Historical,57143,1,1,S,4,1,24990,61.81,2010,71,27.91,48.93
78572,Historical,132298,0,0,S,4,1,212848,181.6,2006,34,29.85,79.89
78573,Historical,558760,0,0,S,2,1,665888,65,2010,25,34.96,45.98
78574,Historical,110461,0,0,S,4,1,54349,142.25,2011,40,50.54,92.9
78575,Historical,2014113,0,0,S,1,0,405414,35,2012,18,16.54,25.56
78576,Historical,52409,0,0,S,8,1,25170,111,2009,74,42.07,47.44
78577,Historical,545081,0,0,S,6,1,59031,155.95,2008,76,69.38,64.05
78578,Historical,539914,0,0,S,2,1,86520,89.95,2013,81,61.99,71.4
78579,Historical,622819,0,0,S,1,0,3893,60,2001,30,41.81,35.08
78581,Historical,52423,0,0,S,7,1,1176982,94.13,2004,63,95.85,46.37
78582,Historical,108714,1,1,S,5,1,60786,56.31,2004,25,120.21,56.17
78583,Historical,56160,0,0,S,5,1,1914683,76.95,2002,74,69.83,12.98
78584,Historical,862284,0,0,S,8,1,40833,59.95,2014,29,35.63,41.52
78585,Historical,873526,0,0,S,2,1,2794887,27.95,1999,24,35.63,6.06
78586,Historical,2105389,0,0,S,0,0,544864,41,2014,22,8.99,25.98
78587,Historical,561279,0,0,S,3,1,938286,85,2009,38,10.23,25.99
78588,Historical,625251,1,1,S,10,1,381735,80.8,2010,28,0,0
78589,Historical,1516580,0,0,S,2,1,255197,89.4,2013,24,64.95,70.64
78590,Historical,2374576,0,0,S,4,1,887300,95.2,2004,92,0,27.59
78591,Historical,121372,0,0,S,6,1,205459,50.8,2009,44,27.2,39
78592,Historical,526351,0,0,S,75,1,1213896,39,2008,88,4.38,25.56
78593,Historical,905260,0,0,S,2,1,900387,39,2014,17,10.73,48.99
78595,Historical,428472,0,0,S,11,1,74404,131.6,2010,99,46.1,53.99
78596,Historical,539609,1,1,S,1,0,31731,45.8,2008,63,0,35.11
78597,Historical,569482,0,0,S,7,1,1854037,47.95,1996,40,98.99,43.97
78598,Historical,1472681,0,0,S,1,0,793801,15.95,2008,17,8.97,10.63
78599,Historical,1470529,0,0,S,3,1,469747,24.95,2006,15,0,17.86
78600,Historical,189844,0,0,S,0,0,651459,72.5,2003,22,0,43.22
78601,Historical,677471,0,0,S,4,1,233415,28.4,2006,58,17.99,21.97
78602,Historical,1633827,0,0,S,1,0,395772,69.99,2009,50,4.98,36.98
78603,Historical,1633843,0,0,S,2,1,740986,69.99,2011,43,0,27.89
78604,Historical,625501,0,0,S,1,0,116991,43.95,2000,80,23.97,29.99
78605,Historical,891373,0,0,S,4,1,5883926,115,2001,10,70.28,75.95
78606,Historical,163838,0,0,S,1,0,925236,50,1996,38,4.81,11.53
78607,Historical,614493,0,0,S,1,0,627340,50,1993,63,0,9.43
78608,Historical,637795,0,0,S,2,1,160144,57.95,2011,16,0,0
78609,Historical,569019,0,0,S,2,1,516032,44.99,2007,44,28.95,28.99
78612,Historical,2140372,0,0,S,9,1,730655,126.34,2010,17,0,73.92
78613,Historical,667288,0,0,S,2,1,260343,65,2012,31,31.05,40.15
78614,Historical,875529,0,0,S,4,1,138634,90.97,2014,27,83.99,85.55
78615,Historical,717726,0,0,S,5,1,4989808,95.95,1999,33,7.69,57.65
78616,Historical,832400,0,0,S,3,1,653149,84.47,2011,36,83.99,9.54
78617,Historical,164678,0,0,S,6,1,443208,251.5,2003,61,7.69,47.63
78618,Historical,178119,0,0,S,6,1,684621,148.95,2003,70,139.95,18.99
78619,Historical,655493,0,0,S,2,1,252103,40.95,2011,25,35,28.85
78620,Historical,671130,0,0,S,2,1,1042180,52.95,2014,31,12.03,41.99
78621,Historical,545414,0,0,S,2,1,521766,79.95,2010,28,50.48,56.32
78623,Historical,682411,1,1,S,1,0,17896,52.75,2005,29,0,20.16
78624,Historical,210834,0,0,S,2,1,69675,66.95,2002,43,0,53.92
78625,Historical,679243,0,0,S,5,1,194834,26,2012,112,0,0
78626,Historical,571797,0,0,S,1,0,693230,152.95,2001,18,0,92.09
78627,Historical,623532,0,0,S,8,1,706119,139,2008,45,25.48,56.87
78628,Historical,704310,0,0,S,7,1,906391,18.99,2003,27,25.48,28.99
78629,Historical,110027,0,0,S,9,1,69922,23.49,2010,57,0,54.37
78630,Historical,183062,0,0,S,4,1,4086869,127.95,2004,27,93.46,35.21
78633,Historical,526340,0,0,S,2,1,1758153,39.99,2009,40,4,7.98
78634,Historical,446716,1,2,S,3,1,20995,268.25,2010,72,44.98,71.49
78635,Historical,2338984,0,0,S,2,1,1713091,135.3,1980,25,25.54,83.2
78637,Historical,543553,0,0,S,0,0,15364,49.95,1986,46,29.95,35.63
78638,Historical,833798,0,0,S,4,1,1706102,129,2009,26,0,75.01
78639,Historical,623861,0,0,S,2,1,832954,72.95,2009,19,25.97,38.1
78640,Historical,639262,0,0,S,3,1,307108,72,2009,13,0,0
78641,Historical,177482,0,0,S,3,1,2508148,45.95,2001,28,97.77,16
78642,Historical,2154957,0,0,S,2,1,203665,39.95,2007,12,18.74,22.19
78643,Historical,689109,0,0,S,2,1,55921,26.99,2012,31,0,0
78644,Historical,797049,0,0,S,1,0,108007,35,2009,30,16.9,68.57
78645,Historical,526336,0,0,S,2,1,478527,50,2009,24,23.97,34.6
78647,Historical,344239,0,0,S,2,1,3335558,75,2000,19,35.27,33.32
78648,Historical,664167,0,0,S,2,1,706143,49.95,2013,25,15.49,14.53
78649,Historical,117670,0,0,S,0,0,192693,64.99,2005,93,0,36.27
78650,Historical,698806,0,0,S,4,1,2296133,30.76,2005,22,133.87,25.96
78651,Historical,51644,0,0,S,3,1,1782850,117.81,2002,30,133.87,25.99
78652,Historical,3644780,0,0,S,2,1,556017,49.95,2015,27,0,44.89
78653,Historical,118240,0,0,S,2,1,84932,30.01,2010,100,0,25.67
78654,Historical,1456479,1,1,S,5,1,1308223,98.47,2008,14,41.16,44.95
78655,Historical,2263694,1,2,S,6,1,127865,0,2012,45,0,53.99
78656,Historical,120222,1,1,S,5,1,906637,102.31,2010,25,0,72.75
78658,Historical,2266153,0,0,S,6,1,4336156,197.92,2011,37,53.98,144.01
78660,Historical,637026,0,0,S,4,1,22103,52.95,2010,38,42.99,38.82
78664,Historical,622217,0,0,S,4,1,30791,137.54,2012,36,32.35,106.85
78665,Historical,526327,0,0,S,2,1,305805,65,2008,58,49.6,48.44
78666,Historical,636352,0,0,S,2,1,606893,60,2008,35,50.43,131.25
78667,Historical,125845,0,0,S,0,0,431689,40,2000,36,7.78,26.08
78669,Historical,616384,0,0,S,3,1,247114,73,2008,27,18.24,58.85
78670,Historical,526325,0,0,S,2,1,961232,61.95,2006,24,13.44,54.62
78671,Historical,260752,0,0,S,2,1,84837,39.95,2001,57,13.52,25.33
78672,Historical,633288,0,0,S,2,1,292593,49.95,2009,30,14.32,38
78673,Historical,2814442,0,0,S,2,1,617582,46,2004,18,0,29.49
78674,Historical,655099,0,0,S,4,1,46895,104.25,2013,67,76.99,77.86
78675,Historical,131581,0,0,S,1,0,3081357,68.8,2003,28,76.99,12.52
78676,Historical,647475,0,0,S,2,1,815849,58,2006,42,7.55,21.49
78677,Historical,564964,0,0,S,1,0,19123,35.95,2012,25,0,31.73
78678,Historical,2611805,0,0,S,2,1,270997,34.99,2000,69,24.49,27.97
78679,Historical,649056,0,0,S,2,1,413357,42,2009,25,17.01,42
78680,Historical,585313,0,0,S,0,0,160326,32,2004,15,17.01,21.49
78681,Historical,526323,1,1,S,2,1,48520,104.95,2012,44,45.99,81.99
78682,Historical,629508,0,0,S,2,1,518053,31.95,2002,24,12.37,27.05
78684,Historical,1933299,0,0,S,6,1,398249,94.95,2013,51,48.4,49.92
78685,Historical,157257,0,0,S,2,1,1404751,56.95,2006,32,32.96,45.32
78686,Historical,867574,0,0,S,2,1,496793,48.95,2013,18,19.99,40.93
78687,Historical,526322,0,0,S,2,1,284958,49.95,2012,30,31.99,27.28
78688,Historical,866750,0,0,S,11,1,32195,150,2013,32,63.99,83.97
78689,Historical,117027,0,0,S,2,1,346644,42,2007,26,0,43.86
78690,Historical,863720,0,0,S,2,1,568809,45.6,2009,38,0,23.99
78691,Historical,630257,0,0,S,1,0,450316,45.95,2004,61,0,39.99
78692,Historical,910157,0,0,S,0,0,402087,69,2004,21,0,24.24
78693,Historical,544318,0,0,S,3,1,472034,76.95,2012,43,30.05,46.84
78694,Historical,2166392,0,0,S,5,1,29708,59.99,2013,12,0,47.54
78695,Historical,721007,0,0,S,1,0,450201,99,2003,53,0,27.98
78696,Historical,719256,0,0,S,2,1,633553,74,2000,29,6.24,14.62
78697,Historical,639452,0,0,S,1,0,167607,35,2003,21,29.07,31.06
78698,Historical,825656,0,0,S,1,0,817715,36,1998,57,17.68,8.54
78699,Historical,874795,1,1,S,1,0,630896,48,1986,38,63.99,49.55
78700,Historical,643962,0,0,S,2,1,133062,55,2009,22,0,0
78701,Historical,553895,0,0,S,2,1,452477,51.4,1998,25,4,13.99
78702,Historical,1932347,0,0,S,2,1,655438,44.99,2012,34,15.58,26.06
78703,Historical,861658,0,0,S,1,0,847931,49.99,2013,19,31.94,31.47
78704,Historical,1628325,0,0,S,0,0,543108,44.13,2014,8,0,29.5
78705,Historical,526314,0,0,S,7,1,16022,78.95,2012,25,55.06,54.95
78706,Historical,648430,0,0,S,3,1,493736,129,2005,33,42.52,64.59
78707,Historical,290106,0,0,S,2,1,23930,49.99,2007,27,28.94,30.15
78708,Historical,864763,0,0,S,5,1,20773,60.4,2014,42,37.11,39.19
78709,Historical,867952,0,0,S,6,1,117067,98,2014,38,53.95,66.23
78710,Historical,913842,0,0,S,2,1,373452,117,2003,23,87.9,22.98
78711,Historical,538492,1,1,S,4,1,11136,148,2010,74,33.98,65.89
78712,Historical,637485,1,2,S,4,1,91970,72.68,1983,31,200.23,43.99
78713,Historical,2342385,0,0,S,3,1,2313849,49.07,1977,36,200.23,49.55
78714,Historical,538962,0,0,S,7,1,468223,79.95,2012,43,53.99,40.06
78715,Historical,1444488,0,0,S,7,1,1212007,79.95,2012,19,51.11,44.28
78716,Historical,629204,0,0,S,5,1,707419,239.99,2012,52,14.05,83.98
78718,Historical,867053,0,0,S,3,1,4715,82,2014,61,48.26,53.99
78719,Historical,864764,0,0,S,9,1,15850,90.8,2014,50,56.81,69.36
78720,Historical,552320,0,0,S,2,1,135793,67.33,2011,16,0,0
78721,Historical,526307,0,0,S,6,1,87425,107.33,2005,102,4.96,28.92
78723,Historical,60847,0,0,S,5,1,1346348,66.4,2001,49,4.96,44.49
78724,Historical,119277,0,0,S,4,1,97263,76,2011,44,41.18,55.57
78725,Historical,144382,0,0,S,7,1,462580,39.8,2002,95,33.33,9.99
78726,Historical,864765,1,1,S,11,1,8440,49.4,2014,52,33.33,37.98
78727,Historical,876838,0,0,S,9,1,4641,60.6,2014,52,45.45,44.5
78728,Historical,674577,0,0,S,3,1,865923,25,1997,77,45.45,4.96
78729,Historical,133166,0,0,S,3,1,52289,58.4,2010,50,25.78,33.98
78730,Historical,125744,0,0,S,1,0,109585,49.95,1996,82,4.6,28.76
78731,Historical,120692,0,0,S,4,1,111829,109.6,2008,48,38.77,63.98
78732,Historical,309077,0,0,S,13,1,28464,111.25,2012,54,50.22,55.95
78733,Historical,50941,0,0,S,4,1,2768617,233.95,1999,33,120.09,16.66
78734,Historical,1469104,0,0,S,6,1,1504154,99.95,2007,12,69.52,40.05
78736,Historical,330436,0,0,S,3,1,412534,180.95,2004,50,6.99,49.67
78737,Historical,606700,0,0,S,2,1,2726633,199.95,2001,22,6.99,8.85
78738,Historical,1954181,0,0,S,3,1,588350,75,2015,11,37.04,25.72
78739,Historical,765327,0,0,S,2,1,380929,105.95,2000,26,14.39,82.43
78740,Historical,1463236,0,0,S,0,0,1146694,24.95,2015,13,31.26,21.85
78741,Historical,543601,0,0,S,2,1,8829,45,2012,42,29.99,25.98
78742,Historical,722825,0,0,S,4,1,1369115,67,2010,23,36.98,57.66
78743,Historical,637817,0,0,S,0,0,97512,47.75,2011,19,0,30.45
78745,Historical,864519,0,0,S,2,1,11377,40,2014,21,25.94,24.29
78746,Historical,1542701,0,0,S,2,1,1493978,62.95,2013,14,0,40.69
78747,Historical,860182,0,0,S,2,1,589489,87.95,2010,11,0,0
78748,Historical,711831,0,0,S,3,1,1202237,0,2003,13,36.36,82.85
78749,Historical,844827,1,1,S,2,1,1121821,16.33,1988,42,18.98,16.72
78750,Historical,621481,0,0,S,3,1,26746,33.32,2001,40,31.19,26.05
78751,Historical,619875,0,0,S,3,1,111664,33.32,2002,44,30.58,28.95
78757,Historical,865689,0,0,S,5,1,115180,34.95,2012,32,34.9,33.74
78761,Historical,631983,0,0,S,2,1,1020686,63.75,1997,41,13.98,40.18
78763,Historical,239720,0,0,S,1,0,550779,101,2000,21,0,109.23
78764,Historical,700185,0,0,S,4,1,2319041,69.95,2002,16,85.96,28.53
78765,Historical,285034,0,0,S,5,1,729742,99,2006,19,28.89,59.96
78766,Historical,632650,0,0,S,3,1,316419,254.25,1986,25,28.65,48.35
78767,Historical,2621605,0,0,S,2,1,3613215,63.95,1990,18,121.95,69.41
78769,Historical,866759,1,2,S,2,1,167096,120,2014,42,34.26,38.78
78770,Historical,526285,0,0,S,1,0,1211481,62.95,2010,26,8.99,12.58
78771,Historical,621998,1,1,S,0,0,2454,84.95,2008,118,61.29,78.99
78773,Historical,622891,1,1,S,0,0,18608,69.95,1992,72,40.42,43.99
78774,Historical,628927,0,0,S,0,0,92352,84.95,2003,42,42.28,72.99
78775,Historical,263813,0,0,S,0,0,605702,59.98,2001,44,42.28,146.76
78777,Historical,147311,0,0,S,2,1,1966946,59.95,2006,22,27.99,49.98
78778,Historical,877308,0,0,S,8,1,6144,75,2015,53,67.74,40.99
78779,Historical,141568,0,0,S,4,1,2640341,25,2002,88,67.74,10.99
78781,Historical,182693,1,1,S,1,0,805604,24,2002,46,9.26,11.97
78782,Historical,617955,0,0,S,4,1,70190,100,2011,62,27.68,69.55
78783,Historical,907961,0,0,S,2,1,698888,82.95,2007,29,58.98,75.57
78784,Historical,1989722,0,0,S,3,1,577308,79.95,2013,28,39.22,68.38
78785,Historical,56646,0,0,S,8,1,1824645,19.8,2006,29,56.5,13.99
78786,Historical,114706,0,0,S,6,1,2211425,63.6,2002,85,56.5,4.43
78787,Historical,133428,0,0,S,6,1,68988,101.2,2011,52,33.94,62.38
78789,Historical,832838,0,0,S,3,1,1004411,95,1996,18,137.51,49.98
78790,Historical,621075,0,0,S,1,0,536433,37.5,2000,52,16.53,39.99
78791,Historical,555705,0,0,S,0,0,204147,54.95,2008,43,20.03,47.15
78792,Historical,2905968,1,1,S,2,1,63510,25,2004,27,0,76.89
78793,Historical,2570009,0,0,S,6,1,3869889,64.95,1991,17,38.73,60.13
78794,Historical,56481,0,0,S,9,1,616115,85,2000,41,62.92,31.99
78796,Historical,627056,0,0,S,2,1,172162,95,1995,27,0,71.76
78797,Historical,2570661,0,0,S,5,1,1721551,90,1992,10,61.99,69.16
78798,Historical,566366,0,0,S,2,1,1230803,75,1991,33,0,67.83
78799,Historical,906997,0,0,S,2,1,2698618,82.95,1996,25,62.53,28.97
78800,Historical,665434,0,0,S,2,1,506289,49.95,2012,20,0,37.66
78801,Historical,665542,0,0,S,8,1,1335073,99.95,2010,13,6.28,6.15
78802,Historical,658175,0,0,S,8,1,1367593,64.95,2012,15,37.43,27.11
78803,Historical,606725,0,0,S,2,1,1401276,113.25,1991,38,88.52,22.04
78804,Historical,665353,0,0,S,2,1,287971,85,2012,19,64.08,57.74
78805,Historical,871365,0,0,S,6,1,772006,42.76,2014,11,145.82,33.59
78806,Historical,60848,0,0,S,4,1,966766,0,2007,19,145.82,69.03
78807,Historical,919127,0,0,S,2,1,344120,139,2014,57,131.22,64.27
78808,Historical,903085,0,0,S,6,1,3867248,0,2007,18,165.03,53.95
78809,Historical,1723673,0,0,S,7,1,967151,178.55,2012,21,0,75.76
78810,Historical,60849,0,0,S,5,1,1119985,232.95,2002,106,165.03,19.99
78811,Historical,569618,0,0,S,1,0,559392,202.95,2010,33,53.99,103.99
78812,Historical,569600,0,0,S,2,1,1506763,356.95,2000,42,74.48,26.13
78813,Historical,917362,0,0,S,6,1,1450914,27.99,2007,36,102.37,33.99
78815,Historical,252766,0,0,S,2,1,194845,57.75,2011,60,12.51,30.48
78816,Historical,542273,1,1,S,7,1,220440,178.95,2010,35,55.99,79.21
78817,Historical,169499,0,0,S,6,1,1242480,155.95,2006,31,0,98.95
78818,Historical,346198,0,0,S,1,0,582053,155.95,2006,22,0,51.54
78820,Historical,639692,0,0,S,3,1,59420,90,2013,17,59.01,62.58
78821,Historical,543899,0,0,S,6,1,49712,99,2013,48,58.98,54.78
78822,Historical,631963,0,0,S,3,1,153126,92,1984,41,35.17,62.71
78823,Historical,2654342,0,0,S,2,1,811668,39.32,1994,39,12.99,61.57
78824,Historical,2722358,0,0,S,1,0,770931,59,2005,22,0,52.8
78825,Historical,604914,0,0,S,2,1,965809,37.07,1992,42,28.49,40.56
78826,Historical,555482,0,0,S,0,0,332288,50,2002,108,0,10.11
78827,Historical,107355,0,0,S,2,1,58847,59.75,2002,38,0,0
78828,Historical,866651,0,0,S,2,1,399282,50,2014,13,8.98,33.44
78830,Historical,662605,0,0,S,2,1,264760,136,2008,12,0,0
78831,Historical,526270,0,0,S,2,1,150719,136,2008,17,0,0
78832,Historical,619586,0,0,S,3,1,1140519,32.95,2006,66,23.87,28.62
78833,Historical,625408,0,0,S,2,1,159650,88,2005,30,0,64.99
78834,Historical,627338,0,0,S,3,1,1396156,146.99,2010,28,6.72,67.68
78838,Historical,1549763,0,0,S,2,1,906015,67.95,2012,16,0,47.97
78839,Historical,204156,0,0,S,7,1,152313,31.99,2010,98,29.96,8.84
78840,Historical,536041,1,1,S,3,1,193329,30.99,2010,75,25.89,7.92
78841,Historical,3124418,0,0,S,3,1,541689,34.95,2004,14,0,30.99
78842,Historical,2258019,0,0,S,9,1,5823608,80.12,2009,36,88.24,72.73
78843,Historical,275972,0,0,S,6,1,33319,75.5,2008,54,35.98,58.98
78844,Historical,129401,0,0,S,3,1,369271,69.95,2011,33,71.72,50.13
78845,Historical,583150,0,0,S,8,1,347959,42.95,2010,16,0,45.9
78846,Historical,1680105,0,0,S,2,1,1777835,59,2013,5,0,84.6
78847,Historical,526267,0,0,S,4,1,1341420,60.95,2010,34,3,11.62
78848,Historical,2036874,0,0,S,9,1,831375,72,2008,19,0,23.99
78849,Historical,899360,0,0,S,3,1,384686,57.58,2011,22,55.08,196.63
78850,Historical,120037,0,0,S,0,0,568595,133.4,2008,118,0,7.29
78852,Historical,121192,0,0,S,1,0,597213,165.4,2010,139,4.48,8.48
78853,Historical,119504,0,0,S,2,1,497854,165.4,2012,149,4.48,13.49
78854,Historical,629092,1,4,S,1,0,200058,169.4,2013,11,0,171.79
78855,Historical,619108,1,1,S,1,0,13879,163.6,2013,66,0,38.99
78856,Historical,860183,0,0,S,1,0,814800,54,2010,10,0,0
78857,Historical,867579,0,0,S,3,1,711550,45,2014,16,36.25,31.89
78858,Historical,526264,0,0,S,7,1,558892,31.95,2009,82,14.99,5.25
78859,Historical,288827,0,0,S,4,1,2151279,31.95,2007,41,4,11.44
78860,Historical,626275,1,2,S,2,1,100520,99,2010,5,0,443.07
78861,Historical,296699,1,1,S,0,0,556373,22.95,1997,63,48.99,11.75
78862,Historical,526260,0,0,S,3,1,78969,46.99,2011,18,46.99,46.99
78863,Historical,650038,0,0,S,2,1,692463,39.99,2010,20,20.25,28.98
78864,Historical,1900768,0,0,S,4,1,470626,53.5,2011,15,0,59.95
78865,Historical,147668,0,0,S,3,1,66865,79.95,2011,34,51.14,50.74
78866,Historical,1559247,0,0,S,0,0,949812,59.95,2013,14,0,53.62
78867,Historical,526258,0,0,S,2,1,375021,73.95,2012,23,16.07,56.34
78868,Historical,409255,1,1,S,1,0,338527,19.95,1998,32,0,45.89
78869,Historical,2490042,0,0,S,3,1,133557,55,2002,15,17.39,42.07
78870,Historical,200275,0,0,S,5,1,77208,93.95,2007,18,0,0
78871,Historical,543817,0,0,S,14,1,515580,46.95,2012,27,9.48,29.99
78872,Historical,646969,0,0,S,2,1,42820,61.95,2013,22,58.14,39.23
78873,Historical,147676,0,0,S,2,1,59923,74.95,2011,49,42.97,47.98
78874,Historical,387439,0,0,S,3,1,611308,182.95,2008,41,53.71,61.95
78875,Historical,50988,0,0,S,12,1,1836645,285.95,2002,89,125.35,6.65
78876,Historical,334569,0,0,S,6,1,524614,188.95,1996,39,5.09,37.98
78877,Historical,51965,0,0,S,2,1,3963552,118.36,2003,30,193.99,7.78
78878,Historical,495422,0,0,S,7,1,2664511,29.99,2008,27,16.98,10.35
78879,Historical,2836840,0,0,S,2,1,1661489,257.95,1998,28,4.68,53.94
78881,Historical,875061,0,0,S,9,1,745200,22.64,2008,14,68.17,19.21
78882,Historical,132905,1,1,S,5,1,46897,161,2010,60,59.93,79.14
78883,Historical,131442,1,1,S,4,1,895027,230.8,2001,69,154.69,93.66
78884,Historical,575464,0,0,S,2,1,384664,31,2001,39,0,53.56
78885,Historical,101262,0,0,S,1,0,281670,141.95,1997,58,205.01,10.99
78886,Historical,228742,0,0,S,0,0,543503,32.95,2005,59,21.38,9.49
78887,Historical,683426,0,0,S,2,1,106659,29.95,2009,15,0,22.22
78888,Historical,544127,0,0,S,2,1,7117,22.95,2013,29,16.53,14.7
78889,Historical,881667,0,0,S,0,0,201115,59.99,2014,9,0,35.99
78891,Historical,147722,1,1,S,11,1,1129096,253.95,1999,44,58.69,13.55
78892,Historical,51182,0,0,S,12,1,951663,249.95,2002,41,165.85,43.97
78893,Historical,538203,0,0,S,18,1,305307,99,2012,71,33.99,59.34
78896,Historical,610354,0,0,S,7,1,65532,110,2013,19,86.96,75.09
78898,Historical,244131,0,0,S,3,1,67397,73.95,2011,57,12.29,40.74
78899,Historical,614351,0,0,S,3,1,17310,84.95,2011,129,10.08,60.73
78900,Historical,868348,0,0,S,2,1,558596,87.95,2004,84,10.08,11.86
78901,Historical,161863,1,1,S,2,1,700716,46.95,2008,29,15.99,17.97
78902,Historical,1622751,0,0,S,1,0,143612,189.95,2007,38,0,28.99
78903,Historical,911791,0,0,S,0,0,1754557,24.95,2008,19,21.45,27.99
78904,Historical,241413,0,0,S,3,1,502738,49.95,2001,34,17.94,81.85
78905,Historical,241411,0,0,S,2,1,889550,49.95,1995,37,17.94,64.43
78906,Historical,539621,0,0,S,1,0,323021,74.99,2009,25,0,47.86
78908,Historical,200476,0,0,S,2,1,738498,115.95,2009,48,22.43,42.98
78909,Historical,911228,0,0,S,1,0,151527,84,2006,28,13.98,34.98
78910,Historical,131792,0,0,S,1,0,136610,117.8,2005,47,56.14,107.45
78911,Historical,177573,0,0,S,4,1,4855816,84.95,2001,22,61.19,17.88
78912,Historical,876472,0,0,S,3,1,8736984,89.95,1994,28,84.92,21.99
78913,Historical,291620,0,0,S,3,1,427164,236.95,2002,30,36.91,83.97
78914,Historical,633409,0,0,S,2,1,1187796,93.95,2006,35,23.63,46.53
78915,Historical,880517,1,14,S,6,1,3037809,22.95,1994,33,43.99,36.57
78916,Historical,621960,0,0,S,3,1,827194,66,2010,34,0,0
78917,Historical,421300,0,0,S,5,1,576981,173.4,2003,26,14.4,87.43
78918,Historical,649593,0,0,S,2,1,342402,67,2013,56,44.74,43.67
78919,Historical,158207,0,0,S,3,1,482647,56.95,2005,18,0,0
78920,Historical,606897,0,0,S,3,1,45322,192.5,2003,43,51.88,114.86
78921,Historical,114086,0,0,S,2,1,252859,140.8,2000,27,0,0
78922,Historical,917217,0,0,S,3,1,49445,25,2014,29,16.49,21.39
78923,Historical,114430,0,0,S,2,1,743077,98.2,2001,30,0,38.94
78924,Historical,128348,0,0,S,2,1,81481,70,2005,28,45.04,56.99
78925,Historical,611973,0,0,S,2,1,91615,243.25,2014,33,35,66.8
78926,Historical,910816,0,0,S,2,1,145194,74,2014,25,59.89,57.13
78927,Historical,132643,0,0,S,11,1,174965,95.2,2008,40,17.99,56.83
78928,Historical,177444,0,0,S,10,1,61227,261.95,2003,52,4.76,15.84
78929,Historical,51667,0,0,S,6,1,1681078,93.4,2001,53,92,40.35
78931,Historical,862279,0,0,S,5,1,65073,22,2014,33,0,14.88
78932,Historical,114793,0,0,S,4,1,624725,198.8,2002,39,8.15,24.84
78933,Historical,247982,0,0,S,0,0,27061,70,2009,42,0,48.88
78934,Historical,1786056,0,0,S,1,0,262811,54.95,2014,14,0,51.22
78935,Historical,612051,0,0,S,2,1,1412596,50,2013,11,45.99,47.99
78936,Historical,543949,0,0,S,2,1,233029,29.99,2012,40,0,0
78937,Historical,898641,0,0,S,2,1,29345,79,2014,12,0,55.1
78939,Historical,644737,0,0,S,0,0,106456,60,2011,14,0,35.89
78940,Historical,899500,0,0,S,2,1,3035849,163,2000,15,31.75,41.61
78942,Historical,2389694,0,0,S,1,0,288752,40.4,1973,48,0,31.92
78943,Historical,111980,1,1,S,38,1,1450124,13.99,2011,54,14.97,13.9
78944,Historical,551706,0,0,S,2,1,580024,157.8,2002,27,13.38,27.99
78945,Historical,879933,1,1,S,6,1,741119,120,2014,29,118.84,105
78946,Historical,711021,0,0,S,10,1,575883,81.33,2000,20,30.87,13.34
78947,Historical,653141,0,0,S,13,1,354600,131.33,2013,31,107.39,75.99
78948,Historical,1482944,0,0,S,5,1,1452108,112,2012,15,0,63.49
78949,Historical,563635,1,1,S,2,1,22169,59.25,2012,77,27.07,35.98
78950,Historical,587929,0,0,S,4,1,149795,107.95,2011,52,18.74,53.99
78951,Historical,620774,0,0,S,1,0,88689,89,2010,37,0,38.98
78952,Historical,552131,0,0,S,6,1,115050,167.4,2005,43,18.66,70.98
78954,Historical,526226,1,1,S,10,1,74223,119.6,2008,45,13.38,54.49
78955,Historical,115774,0,0,S,11,1,2870305,89.8,2003,43,30.87,23.76
78956,Historical,896476,0,0,S,2,1,6085411,95,2007,17,8.38,42.38
78957,Historical,2270959,0,0,S,3,1,3284230,49.52,2010,39,35,55.89
78958,Historical,131480,0,0,S,3,1,1121646,91.4,2003,47,76.97,41.27
78959,Historical,557666,0,0,S,8,1,66194,234.93,2012,61,162.98,201.87
78960,Historical,906694,0,0,S,4,1,426410,139.55,2014,14,48.98,107.26
78961,Historical,52911,0,0,S,4,1,2083572,97.33,2001,53,162.98,18.98
78962,Historical,697758,0,0,S,10,1,679437,0,2010,16,83.94,24.47
78963,Historical,876093,0,0,S,13,1,930446,172,2011,35,75.39,128.98
78964,Historical,53717,0,0,S,1,0,73155,327.95,2005,70,0,40.97
78965,Historical,544575,0,0,S,3,1,1260482,173.95,2013,24,103.94,86.57
78966,Historical,52912,0,0,S,5,1,376691,126.6,2004,112,162.98,8.99
78967,Historical,647030,0,0,S,8,1,222169,152.67,2012,30,162.98,84.69
78968,Historical,131812,0,0,S,10,1,3717408,113.4,2003,46,75.39,6.98
78969,Historical,420818,0,0,S,1,0,353832,168.2,2005,46,0,96.59
78970,Historical,874947,1,2,S,6,1,991707,172,2014,24,120.95,108.98
78971,Historical,271483,1,1,S,3,1,335875,79.95,2007,50,52.19,48.98
78972,Historical,506754,0,0,S,3,1,1573701,120,2007,13,52.19,114.24
78973,Historical,872443,0,0,S,8,1,85804,95,2014,44,59.72,43.99
78974,Historical,795271,0,0,S,8,1,929508,312.95,2010,28,123.99,102.15
78975,Historical,51056,0,0,S,6,1,640548,13.4,2004,87,123.99,13.4
78976,Historical,117987,0,0,S,12,1,199276,252.8,2005,93,12.64,20.44
78977,Historical,714804,0,0,S,11,1,2322264,104,2002,49,12.64,13.96
78978,Historical,2144017,0,0,S,2,1,218860,59.95,2011,17,0,59.95
78979,Historical,622803,0,0,S,1,0,334063,100.4,2002,49,13.71,59.85
78980,Historical,632130,0,0,S,1,0,114660,120.95,2012,24,0,97.63
78981,Historical,554188,0,0,S,4,1,618892,251,2000,47,5.94,53.27
78982,Historical,552270,0,0,S,3,1,2731030,79,1994,29,5.94,23.79
78983,Historical,568313,0,0,S,2,1,123697,39.99,2012,35,28.35,29.97
78984,Historical,861667,0,0,S,18,1,835495,29.99,2013,59,4,5.88
78985,Historical,802744,0,0,S,17,1,1006666,29.99,2012,54,4,15.88
78989,Historical,428332,0,0,S,2,1,183554,157.8,2004,34,8.98,47.74
78990,Historical,918974,0,0,S,2,1,136649,104.95,2014,40,55.78,62.18
78991,Historical,569666,0,0,S,4,1,592504,238.95,2002,118,0,20.94
78992,Historical,217360,0,0,S,2,1,1294778,55,2000,34,50.21,13.14
78994,Historical,598472,0,0,S,0,0,176663,45.95,2003,35,0,7.98
78996,Historical,121159,0,0,S,2,1,84150,72.2,2009,70,25.66,54.8
78997,Historical,610005,0,0,S,9,1,81576,100.8,2013,55,46.53,53.99
78998,Historical,579550,0,0,S,2,1,3690378,69.95,2000,19,65.55,45.45
79000,Historical,1787069,0,0,S,2,1,425747,44.95,2015,12,0,44.9
79002,Historical,287401,1,1,S,8,1,233195,96,2011,20,98.33,89.46
79003,Historical,626881,0,0,S,7,1,1703874,160.2,2010,22,134.39,101.98
79004,Historical,55503,0,0,S,5,1,4812889,71,1999,32,134.39,4.63
79005,Historical,291562,0,0,S,3,1,866800,173.95,2002,62,5.77,9.49
79006,Historical,55502,0,0,S,1,0,181772,163.95,1997,63,131.62,32.97
79007,Historical,634091,0,0,S,7,1,773757,152.67,2010,19,92.82,91.23
79008,Historical,132261,0,0,S,1,0,193084,150.6,2010,36,0,49.49
79009,Historical,560275,0,0,S,3,1,4094968,90.95,1997,19,51.99,13.66
79010,Historical,863270,0,0,S,2,1,427413,49.99,2005,14,0,0
79011,Historical,206430,0,0,S,2,1,5068734,80,1997,21,0,51.81
79012,Historical,229195,0,0,S,4,1,1494065,24.75,2005,26,20.65,40.74
79013,Historical,248098,0,0,S,2,1,879175,127,2010,46,26.67,68.98
79014,Historical,663664,0,0,S,5,1,144527,50,2013,30,39.25,34.71
79015,Historical,557634,0,0,S,1,0,227487,81.6,2012,53,0,73.74
79016,Historical,177290,0,0,S,5,1,566473,164.95,2003,39,14.23,20.7
79017,Historical,626079,0,0,S,1,0,346123,60,2001,27,52.31,20.26
79018,Historical,526214,0,0,S,3,1,47593,60,2011,47,38.83,42.07
79019,Historical,206415,0,0,S,2,1,707900,68.95,2008,17,0,59.97
79020,Historical,57267,0,0,S,4,1,3384524,88.95,2004,33,83.5,23
79021,Historical,555810,0,0,S,5,1,186346,67,2011,67,58.52,35.39
79022,Historical,135188,0,0,S,2,1,1759911,34,1999,41,33.14,7.43
79023,Historical,558281,0,0,S,3,1,72241,70,2001,36,13.9,48.47
79024,Historical,599904,0,0,S,0,0,740092,25,2005,27,10.89,9.46
79025,Historical,522893,0,0,S,2,1,581448,276.95,2010,25,109.77,74.05
79026,Historical,594106,0,0,S,2,1,547581,177.95,2010,15,45.05,177.95
79027,Historical,2264225,1,1,S,12,1,313531,43.29,2012,15,21.38,32.11
79028,Historical,1483001,1,1,S,12,1,846293,11.99,2013,29,88.41,13.88
79029,Historical,622222,1,1,S,7,1,69897,90.5,2013,65,38.12,53.98
79031,Historical,2275395,0,0,S,12,1,939625,49.33,2012,42,21.38,30.98
79032,Historical,57067,0,0,S,5,1,3300705,57.4,2004,62,54.2,7.99
79033,Historical,557420,0,0,S,2,1,512668,47.4,2008,63,4,12.94
79034,Historical,553511,0,0,S,9,1,1533335,95.6,2008,47,67.24,19.99
79035,Historical,921124,1,6,S,13,1,23231,118.67,2014,74,88.41,24.19
79036,Historical,186252,0,0,S,25,1,117660,58,2000,31,31.57,46.94
79037,Historical,544873,0,0,S,3,1,704673,60.95,2008,23,29.74,38.89
79038,Historical,659691,0,0,S,2,1,551969,44.99,2013,28,35.95,32.68
79039,Historical,567689,0,0,S,11,1,127490,148.95,2009,38,31.09,70.99
79040,Historical,2618801,0,0,S,2,1,901411,73.95,1993,45,10.34,31.99
79041,Historical,606871,0,0,S,6,1,721698,23.91,2003,25,124.28,128.17
79042,Historical,131701,0,0,S,6,1,273831,152.2,2004,33,23.38,95.3
79043,Historical,110168,1,2,S,4,1,17834,85.25,2007,86,37.18,50.58
79044,Historical,545771,0,0,S,2,1,708886,43,2013,26,22.99,28.99
79045,Historical,919824,0,0,S,10,1,3434285,109.1,2007,46,6.39,11.99
79046,Historical,526203,0,0,S,3,1,40922,210.95,2012,74,29.32,77.03
79047,Historical,53216,0,0,S,10,1,479468,113.8,2005,136,103.49,9.47
79048,Historical,704799,0,0,S,9,1,2262819,139.69,2004,51,6.39,6.99
79049,Historical,50345,0,0,S,10,1,1246566,13.99,2005,44,6.39,13.99
79050,Historical,2620731,0,0,S,8,1,8342331,87.95,2000,11,30.99,73.29
79051,Historical,417333,0,0,S,13,1,13551,218.16,2011,99,6.39,32.98
79052,Historical,867435,1,1,S,2,1,256666,64,2014,23,44.78,51.25
79053,Historical,132404,0,0,S,7,1,189671,150.2,2008,58,22.4,69.03
79054,Historical,921509,0,0,S,12,1,73296,164.67,2013,72,118.98,71.55
79055,Historical,900668,0,0,S,12,1,1298804,173.33,2013,21,118.98,124.24
79056,Historical,864771,0,0,S,6,1,12867,125.4,2014,78,58.99,73.85
79057,Historical,53054,1,1,S,6,1,1063367,114.95,2005,67,73.99,16.92
79058,Historical,112318,0,0,S,1,0,391744,124.25,2006,72,9.93,21.56
79059,Historical,112179,0,0,S,1,0,51078,121.5,2002,133,9.93,25.97
79060,Historical,766163,0,0,S,0,0,1342203,154.5,2001,66,9.93,31.97
79061,Historical,290952,0,0,S,1,0,911247,57.95,2008,32,0,32.99
79062,Historical,876167,0,0,S,4,1,32999,69,2014,73,47.36,38.94
79063,Historical,279601,0,0,S,0,0,938953,56.29,2011,18,42.98,48.89
79064,Historical,197950,0,0,S,6,1,360022,108.3,2010,27,0,0
79065,Historical,879179,1,4,S,15,1,55878,164.67,2013,48,103.49,63.98
79066,Historical,552193,0,0,S,0,0,117239,123.2,2005,39,23.49,50.54
79067,Historical,542231,0,0,S,11,1,71331,155.95,2000,46,21.07,70.71
79068,Historical,2264216,0,0,S,5,1,1014137,180.52,2011,20,0,68.33
79069,Historical,539099,0,0,S,11,1,145874,187.2,1999,74,6.38,46.4
79070,Historical,765802,0,0,S,2,1,5054092,103.95,2004,16,29.32,16.87
79071,Historical,922013,0,0,S,5,1,752256,135.93,1995,68,4,12.99
79072,Historical,912100,0,0,S,3,1,2996537,50.45,1982,23,82.07,45.69
79073,Historical,428465,0,0,S,8,1,155407,85.4,2009,61,29.99,89.69
79074,Historical,554735,0,0,S,2,1,1016746,191.95,2002,46,4.46,43.99
79075,Historical,52895,0,0,S,6,1,903281,267.95,2006,68,101.91,9.99
79076,Historical,52901,0,0,S,5,1,3123908,92.95,2005,75,101.91,8.49
79077,Historical,879220,0,0,S,7,1,2317601,58.27,2008,52,129.4,52.56
79078,Historical,613925,0,0,S,2,1,603489,151.2,2005,33,5.98,133.02
79079,Historical,538814,0,0,S,6,1,13500,113.25,2013,57,63.65,57.85
79080,Historical,55653,0,0,S,2,1,2931261,5.02,2005,39,63.65,5.02
79081,Historical,428176,0,0,S,2,1,1253683,119.33,2011,25,58.45,114
79082,Historical,52462,0,0,S,2,1,47451,175.4,2011,55,58.45,98.99
79083,Historical,133365,0,0,S,7,1,39493,139.33,2011,56,38.95,38.13
79084,Historical,576349,0,0,S,1,0,951248,78,2004,14,0,38.76
79085,Historical,545188,0,0,S,9,1,51768,105.75,2012,43,49.67,73.49
79086,Historical,117953,0,0,S,5,1,2717480,84.8,2005,30,78.99,12.98
79087,Historical,763511,0,0,S,2,1,3064577,88.95,2000,29,74.67,13.33
79088,Historical,177694,0,0,S,5,1,176426,237.95,2000,47,4.88,42.24
79089,Historical,655563,1,1,S,5,1,434734,81.95,2011,24,51.96,53.82
79090,Historical,107279,0,0,S,7,1,1683212,117.19,2002,27,77.67,23.58
79091,Historical,298322,0,0,S,0,0,575712,111,2011,15,0,77.48
79092,Historical,132992,0,0,S,2,1,118109,106.95,2010,46,57.99,72.35
79093,Historical,195168,0,0,S,2,1,409995,66,2008,45,34.84,42.47
79095,Historical,198291,0,0,S,0,0,2031108,57.95,2001,26,34.84,38.97
79096,Historical,1939092,1,1,S,10,1,56672,69,2014,47,57.22,38.99
79097,Historical,450433,0,0,S,10,1,36901,196.95,2006,41,30.99,62.42
79098,Historical,537610,1,3,S,11,1,9020,140.75,2012,94,63.38,69.74
79099,Historical,52459,0,0,S,4,1,2188353,110.95,2006,107,71.96,8.97
79100,Historical,693758,0,0,S,1,0,365571,127,2002,78,0,10.33
79101,Historical,538059,0,0,S,0,0,92330,93.15,2008,51,4,33.99
79102,Historical,247939,1,1,S,2,1,948228,69,2008,29,36.94,46.16
79103,Historical,169117,0,0,S,4,1,265229,167.95,2005,45,4.58,48.99
79105,Historical,2343649,0,0,S,3,1,1125856,113.67,1982,35,7.13,58.03
79106,Historical,623492,0,0,S,3,1,78012,40,2010,31,29.99,35.76
79107,Historical,618908,0,0,S,1,0,1388391,126.95,2008,30,0,0
79108,Historical,127091,0,0,S,2,1,408147,148.95,2007,35,42.25,78.98
79109,Historical,526200,0,0,S,3,1,58239,76.99,2012,95,50.99,52.88
79110,Historical,114033,0,0,S,0,0,1192489,105,2000,25,0,48.99
79112,Historical,873980,0,0,S,0,0,6800341,0,1987,23,64.45,47.55
79113,Historical,161533,0,0,S,3,1,244117,70.95,2008,36,39.76,58.46
79114,Historical,872141,0,0,S,6,1,741248,48.67,2007,22,153.09,47.54
79115,Historical,657980,0,0,S,3,1,76062,44.99,2013,63,33,30.74
79116,Historical,846406,0,0,S,2,1,1984251,83.99,1993,40,4.77,11.85
79117,Historical,526197,0,0,S,2,1,258374,74.99,2011,25,39.99,46.5
79118,Historical,619424,0,0,S,2,1,173655,49.99,2005,36,21.83,30.64
79119,Historical,2167232,0,0,S,4,1,549875,44.95,2014,22,47.68,29.57
79120,Historical,2559677,0,0,S,3,1,7290181,222.83,1981,14,103.93,98.33
79121,Historical,115466,0,0,S,4,1,530939,116.2,2003,31,110.2,122.73
79122,Historical,163018,0,0,S,3,1,148003,286.25,2010,45,10.09,49.87
79123,Historical,874162,0,0,S,2,1,2454409,135.95,1991,36,168.98,28.77
79124,Historical,845722,0,0,S,3,1,1940307,70,1991,14,48.32,51.67
79125,Historical,541827,0,0,S,4,1,59260,160,2013,37,60.85,91.98
79126,Historical,206758,0,0,S,0,0,1554367,64.99,2006,23,7.63,28.98
79127,Historical,622747,0,0,S,2,1,223888,84.99,2006,35,22.98,65.98
79128,Historical,219576,0,0,S,3,1,460130,49.95,2005,21,0,0
79129,Historical,1781399,0,0,S,2,1,114669,60,2014,26,38.99,49.93
79130,Historical,2594822,0,0,S,2,1,750547,74.99,1989,31,14.04,57.59
79131,Historical,618618,0,0,S,1,0,328708,42,2005,35,0,20.58
79133,Historical,637232,0,0,S,2,1,708423,64,2007,12,0,33.92
79138,Historical,635767,0,0,S,6,1,50508,45.6,2011,39,30.99,35.99
79139,Historical,667426,1,2,S,10,1,94786,103.6,2010,29,0,0
79140,Historical,1956535,0,0,S,5,1,94847,71.75,2013,20,0,75.02
79141,Historical,551701,0,0,S,4,1,712204,57.4,2001,26,0,100.81
79142,Historical,297239,0,0,S,8,1,389356,72,2002,45,4.49,13.99
79143,Historical,526182,0,0,S,8,1,78472,73.6,2011,43,40.44,56.99
79144,Historical,212383,0,0,S,6,1,3378013,45,2005,14,40.44,50.27
79145,Historical,868239,0,0,S,13,1,90930,45.6,2013,27,23.84,36.72
79146,Historical,616938,0,0,S,12,1,89612,45.6,2010,115,23.84,12.92
79147,Historical,111223,0,0,S,6,1,95203,122.25,2011,108,43.6,23.99
79149,Historical,913407,0,0,S,6,1,497952,35.15,2006,19,24.14,27.89
79150,Historical,109874,0,0,S,7,1,708726,27.92,2007,22,24.14,27.94
79151,Historical,538641,0,0,S,9,1,51821,41.99,2012,39,24.14,50.32
79152,Historical,663159,0,0,S,2,1,320634,49.95,2013,35,27.68,25.4
79153,Historical,626219,0,0,S,12,1,206823,94.8,2011,58,29.76,30.39
79155,Historical,867146,0,0,S,13,1,17276,84.2,2014,109,0,48.89
79156,Historical,146429,0,0,S,12,1,77335,83.1,2012,89,0,25.03
79157,Historical,526179,0,0,S,12,1,211398,94.8,2011,103,5.54,15.98
79158,Historical,553703,0,0,S,11,1,904214,99.8,2008,101,5.54,36.83
79159,Historical,116718,0,0,S,10,1,890382,80,2005,85,5.54,8.99
79160,Historical,709888,0,0,S,9,1,2158735,60,2002,49,0,23.5
79161,Historical,2889271,0,0,S,2,1,4482421,185,1988,12,159.49,88.68
79162,Historical,112199,1,1,S,6,1,122517,98.5,2002,80,48.89,64.81
79163,Historical,864256,0,0,S,2,1,204656,87.4,2012,33,16.44,30.95
79164,Historical,867591,1,1,S,2,1,605908,84.99,2014,21,42.79,52.97
79166,Historical,1829827,0,0,S,1,0,344533,49.99,2014,27,24.57,43.05
79167,Historical,646063,0,0,S,2,1,715715,58,2010,14,0,0
79168,Historical,127719,0,0,S,2,1,663830,42,2004,17,0,79.98
79170,Historical,634845,0,0,S,7,1,1009401,174,2011,22,23.99,32.71
79172,Historical,174432,0,0,S,2,1,768178,39.99,2006,16,0,33.8
79173,Historical,613272,0,0,S,1,0,68579,45,1995,67,0,18.99
79174,Historical,621593,0,0,S,3,1,533900,159.95,2001,37,28.14,83.53
79176,Historical,914117,0,0,S,4,1,4100056,44.95,2002,27,49.64,48.03
79177,Historical,135663,0,0,S,3,1,180800,49.95,2010,55,26.39,26.74
79178,Historical,627510,0,0,S,3,1,565494,57.95,2008,42,39.84,37.77
79179,Historical,895205,0,0,S,2,1,2477925,113,1997,24,83.6,19.67
79180,Historical,153792,0,0,S,3,1,102143,89.95,2005,23,36.87,51.74
79181,Historical,246637,0,0,S,2,1,137591,52.95,2009,37,34.3,32.38
79182,Historical,107412,0,0,S,3,1,993269,56,2001,39,0,59.97
79183,Historical,110652,0,0,S,4,1,98220,77.58,2011,37,4.92,46.07
79188,Historical,183752,1,2,S,2,1,57669,149.95,2010,46,19.94,39.95
79190,Historical,298609,1,1,S,2,1,92298,107.95,2010,56,24.75,57.64
79191,Historical,144584,0,0,S,2,1,157898,63.4,2003,40,70.89,45.86
79192,Historical,560070,1,1,S,4,1,39283,38.25,2012,42,0,0
79193,Historical,141889,0,0,S,3,1,505447,13.07,2008,73,0,0
79194,Historical,144407,0,0,S,5,1,1032202,52.67,2002,39,24.83,23.99
79195,Historical,132463,0,0,S,7,1,205335,70.6,2007,26,33.98,67.86
79196,Historical,57698,1,1,S,5,1,2363326,142.95,2003,63,86.5,22.49
79197,Historical,560074,0,0,S,1,0,944542,5.54,2009,39,4,5.85
79198,Historical,286126,0,0,S,3,1,347539,118.4,2003,40,43.32,12.05
79199,Historical,765124,0,0,S,2,1,2491751,54.95,1998,30,92.43,9.97
79200,Historical,177563,0,0,S,2,1,3811379,171.95,1998,34,30.68,6.56
79203,Historical,380513,0,0,S,2,1,19335,60.95,2011,59,32.2,34.87
79204,Historical,620367,0,0,S,3,1,450343,110,2003,47,21.14,71.77
79205,Historical,543237,0,0,S,2,1,1267203,45,2013,21,23,23.44
79206,Historical,2829397,0,0,S,0,0,585035,45,1999,47,0,23.89
79207,Historical,178895,0,0,S,34,1,1483212,226.95,2010,48,4.57,16.98
79208,Historical,867415,0,0,S,0,0,1174920,391.95,2012,39,58.99,103.97
79209,Historical,616172,0,0,S,16,1,1484752,363.95,2012,33,10.32,55.98
79210,Historical,544803,0,0,S,0,0,1118841,323.95,2013,24,10.32,130.15
79211,Historical,916203,0,0,S,17,1,996590,318.95,2013,39,10.32,61.44
79212,Historical,178702,0,0,S,0,0,1052359,384.95,2011,40,10.32,45.42
79213,Historical,127370,0,0,S,2,1,41527,76.95,2010,81,38.55,59.19
79214,Historical,2528697,0,0,S,2,1,739389,63.95,1998,29,29.94,49.56
79215,Historical,867598,0,0,S,2,1,269183,69.99,2014,47,27.74,45.99
79217,Historical,608349,0,0,S,2,1,693698,55,2003,67,34.6,22.94
79218,Historical,639241,0,0,S,5,1,195860,50.5,2009,22,0,0
79219,Historical,860494,0,0,S,4,1,134667,85.95,2011,31,67.99,61.63
79220,Historical,1940099,0,0,S,3,1,115781,39.95,2010,31,27.77,37.01
79221,Historical,170118,1,1,S,2,1,272419,142.95,2010,24,81.99,103.99
79222,Historical,544644,0,0,S,2,1,1181251,140.95,2013,34,81.99,63.99
79223,Historical,702074,0,0,S,3,1,415175,40,2011,20,18.23,5.95
79224,Historical,609002,1,1,S,3,1,179829,24.99,2008,54,18.75,17.58
79225,Historical,1672240,0,0,S,3,1,15312,14.99,2008,46,0,8.77
79226,Historical,2652460,0,0,S,3,1,733814,79.36,1988,36,0,65.97
79228,Historical,616231,0,0,S,5,1,725749,208.95,1994,54,0,63.2
79229,Historical,170117,0,0,S,2,1,746362,131.95,2010,33,92.54,67.36
79230,Historical,850661,0,0,S,6,1,1791190,131.95,1999,25,92.54,15.98
79231,Historical,170115,0,0,S,2,1,674208,131.95,2010,23,25.84,60.34
79232,Historical,526166,0,0,S,2,1,523749,44.99,2008,24,43.58,31.49
79233,Historical,149660,0,0,S,2,1,1366600,34.95,2008,24,36.3,153.84
79234,Historical,911050,0,0,S,3,1,397030,38.95,2014,40,36.3,32.27
79235,Historical,701670,0,0,S,2,1,310126,24.95,2008,22,36.3,18.98
79236,Historical,114088,0,0,S,3,1,447768,132,2000,47,0,0
79237,Historical,870681,0,0,S,2,1,324564,31,2005,21,42.94,33.99
79238,Historical,200847,1,1,S,7,1,48452,18.99,2005,60,0,0
79239,Historical,200951,1,1,S,7,1,53317,29.99,2005,68,0,0
79242,Historical,665541,0,0,S,2,1,267740,44.95,2010,21,34.1,44.93
79243,Historical,860495,0,0,S,3,1,83823,46.95,2011,24,0,0
79244,Historical,2266361,1,1,S,2,1,7424015,78.47,2007,36,89.45,77.04
79245,Historical,864235,0,0,S,2,1,420879,49.95,2012,23,23.99,46.88
79246,Historical,526164,0,0,S,4,1,51755,47.99,2010,37,23.39,13.99
79247,Historical,143877,0,0,S,2,1,1238354,35.95,1996,40,23.39,19.87
79248,Historical,545744,0,0,S,2,1,62511,41.99,2013,112,30.43,32.3
79249,Historical,534726,0,0,S,9,1,34886,63.99,2013,108,33.99,30.99
79250,Historical,660855,0,0,S,1,0,768259,53,2013,15,0,31.59
79251,Historical,656942,0,0,S,2,1,93078,69.95,2013,53,43.48,27.82
79252,Historical,614401,1,1,S,1,0,435376,56.95,2011,66,43.48,32.93
79253,Historical,1946424,1,1,S,3,1,9638,91,2014,97,40.66,53.99
79254,Historical,2603263,0,0,S,2,1,276531,64.99,2004,20,0,50.01
79255,Historical,141603,0,0,S,2,1,1030853,6.85,2004,90,73.75,11.99
79256,Historical,54003,0,0,S,3,1,1110045,7.98,2006,126,73.75,7.92
79257,Historical,2268696,0,0,S,5,1,1402814,86.49,2011,24,0,81.05
79258,Historical,642393,0,0,S,4,1,440332,39.4,1993,19,48.88,53.65
79259,Historical,766281,0,0,S,2,1,249826,75.95,2007,35,37.69,27.51
79260,Historical,3043875,0,0,S,0,0,489574,44.5,2002,20,67.98,61.05
79261,Historical,169292,1,1,S,2,1,884666,108.95,2006,44,8.04,55.17
79262,Historical,567409,0,0,S,2,1,269952,108.95,2006,41,0,63.53
79263,Historical,127558,0,0,S,3,1,280314,105.95,2009,52,30.06,68.42
79264,Historical,115988,0,0,S,2,1,107661,56.47,2003,29,26.99,43.99
79266,Historical,552112,0,0,S,2,1,1255968,51.6,2003,31,26.99,16.24
79267,Historical,668051,0,0,S,2,1,1284339,82.98,2009,23,16.49,48.93
79268,Historical,867781,0,0,S,3,1,134920,41.95,2014,16,31.72,36.07
79270,Historical,715448,1,2,S,3,1,166292,106.73,2010,17,79.66,188.46
79271,Historical,2703301,0,0,S,3,1,2867872,54.95,2003,25,147.11,41.94
79272,Historical,55648,0,0,S,2,1,95475,203.8,2010,40,37.69,112.47
79273,Historical,55644,0,0,S,2,1,2179726,145.95,2005,36,105.99,6.95
79274,Historical,169628,0,0,S,2,1,3025680,146.95,2006,32,105.99,5.99
79275,Historical,904107,0,0,S,2,1,2016298,126,2007,11,88.06,9.98
79276,Historical,116014,0,0,S,2,1,909015,57.4,2006,50,6.56,63.77
79278,Historical,165691,0,0,S,4,1,1509566,39.57,2004,38,48.99,23.66
79279,Historical,165363,0,0,S,3,1,2013616,25.17,2002,45,48.99,22.28
79280,Historical,642339,0,0,S,4,1,750462,34.99,2011,25,16.48,33.94
79281,Historical,609542,0,0,S,3,1,1867683,34.99,2009,24,16.48,34.81
79282,Historical,870139,0,0,S,7,1,4383307,77.75,1996,18,17.27,78.38
79283,Historical,337058,0,0,S,1,0,123181,59.95,2002,57,15.89,41.99
79284,Historical,255749,0,0,S,2,1,1283285,37.95,2002,21,35.99,56.71
79285,Historical,60868,0,0,S,6,1,1362300,52.48,1997,27,123.99,40.98
79286,Historical,2056697,0,0,S,0,0,775497,45,2011,10,0,72.98
79287,Historical,2159207,0,0,S,1,0,257718,45,2014,10,0,32.56
79288,Historical,554116,0,0,S,4,1,28124,214.6,1997,139,22.98,57.77
79291,Historical,655034,0,0,S,4,1,19961,53.32,2013,32,0,0
79292,Historical,552719,0,0,S,3,1,42670,50.07,2006,67,5.91,22.99
79293,Historical,2389971,0,0,S,6,1,2076095,0,1978,19,4.76,58.53
79294,Historical,616419,1,1,S,9,1,719852,170.2,1995,41,4.76,48.45
79295,Historical,55489,0,0,S,6,1,43897,112.99,2011,71,41.88,57.76
79296,Historical,686084,0,0,S,2,1,130093,26.95,2011,36,20.92,25.6
79297,Historical,646873,0,0,S,2,1,982629,38.95,2013,17,21.11,22.35
79298,Historical,1455948,0,0,S,2,1,128478,54.99,2015,18,33.86,33.59
79299,Historical,2143006,0,0,S,4,1,154177,64.95,2006,25,0,58.54
79300,Historical,902643,0,0,S,3,1,2271936,48,1995,19,4,78.13
79301,Historical,657775,0,0,S,3,1,2211824,47,1995,20,4,99.35
79303,Historical,640591,0,0,S,2,1,173452,88,2008,57,54.87,61.96
79304,Historical,642079,0,0,S,3,1,610833,69.95,2013,36,36.44,47.11
79305,Historical,637814,0,0,S,2,1,411612,64.95,2011,16,48.99,52.88
79306,Historical,1477950,0,0,S,1,0,931920,61,2012,15,18.2,55.35
79307,Historical,620868,0,0,S,0,0,117128,50,2005,40,22.84,24.99
79308,Historical,322695,0,0,S,2,1,2325879,40.8,2007,60,10.97,4.02
79309,Historical,133193,0,0,S,3,1,389089,59.4,2010,69,10.97,45.53
79311,Historical,127448,0,0,S,2,1,75283,56,2009,27,21.99,45.48
79312,Historical,670688,0,0,S,2,1,278201,46,2010,19,31.22,39.06
79313,Historical,2076251,0,0,S,2,1,680441,90,2008,26,31.22,48.99
79314,Historical,200566,0,0,S,2,1,139969,92.95,2009,30,0,0
79315,Historical,594694,0,0,S,5,1,126329,114.95,2013,50,34.95,61.79
79316,Historical,2535494,0,0,S,1,0,858199,68.95,2001,27,0,52.32
79317,Historical,661292,0,0,S,0,0,87477,49.99,2009,72,29.11,40.85
79318,Historical,903881,0,0,S,2,1,315552,46.95,2014,27,46.52,38.19
79319,Historical,194001,0,0,S,3,1,1527539,39.95,2004,64,4.23,8.97
79320,Historical,867826,0,0,S,3,1,88615,73,2014,33,55.89,60.89
79322,Historical,1935420,0,0,S,4,1,21699,104,2014,40,0,49.6
79323,Historical,293274,0,0,S,2,1,123931,86,2008,38,22.47,43.32
79324,Historical,2671216,0,0,S,4,1,2868083,54.7,1997,46,80.94,36.51
79325,Historical,547006,0,0,S,2,1,445256,82.95,2013,25,44.19,67.39
79326,Historical,526142,0,0,S,2,1,154542,88,2012,39,37.5,52.23
79327,Historical,178600,0,0,S,2,1,2962255,66.95,2004,28,49.3,13.69
79328,Historical,631580,0,0,S,2,1,1071547,39.95,2010,27,27.09,25.99
79329,Historical,1540276,0,0,S,2,1,691594,61.95,2013,22,0,51.01
79330,Historical,175963,0,0,S,0,0,320395,145,2011,44,0,101.39
79331,Historical,526139,0,0,S,2,1,472277,60.95,2013,55,46.21,57.55
79333,Historical,1542720,0,0,S,1,0,268128,42.95,2012,19,0,34.31
79334,Historical,2064813,1,1,S,0,0,429921,29.95,2008,42,18.87,103.91
79335,Historical,574672,0,0,S,0,0,337184,119.95,2012,41,127.17,82.12
79336,Historical,581701,1,1,S,6,1,1800551,0,2006,17,59.99,28.99
79337,Historical,564866,0,0,S,4,1,1089058,78.95,2012,22,0,0
79338,Historical,874793,0,0,S,2,1,1175423,105,2001,30,63.74,65.18
79339,Historical,665047,0,0,S,0,0,674517,78.95,2012,22,0,45.59
79340,Historical,1551729,0,0,S,2,1,570766,59.95,2012,49,52.58,43.19
79341,Historical,642153,0,0,S,3,1,74464,29.25,2012,56,25.11,23.99
79342,Historical,2619736,0,0,S,1,0,377990,385.95,2004,54,8.87,49.26
79343,Historical,178921,0,0,S,6,1,681660,198.95,2010,27,128.99,0
79344,Historical,1658725,0,0,S,3,1,873857,152.25,2011,24,103.71,73.01
79345,Historical,108849,0,0,S,3,1,681376,51.63,2005,50,10.84,47.65
79346,Historical,615631,1,1,S,0,0,52080,122.75,2009,91,59.62,66.87
79347,Historical,1886208,0,0,S,2,1,665462,49.99,2010,37,5.47,11.49
79348,Historical,317129,1,1,S,2,1,660357,88,2008,37,4.69,51.42
79349,Historical,252810,0,0,S,0,0,631507,37,2010,39,24.59,33.17
79350,Historical,617142,1,1,S,2,1,98536,67.4,2010,41,44.12,63.2
79351,Historical,904109,0,0,S,2,1,1317876,49.95,2014,17,46.74,40.34
79352,Historical,289792,0,0,S,4,1,512141,44.95,2010,32,36.24,25.29
79353,Historical,526128,0,0,S,5,1,177027,49.95,2012,30,36.24,37.99
79354,Historical,661074,0,0,S,5,1,474584,44.95,2012,31,35.67,40.13
79355,Historical,146354,0,0,S,1,0,221250,97.33,2010,44,4.69,49.51
79356,Historical,867232,0,0,S,5,1,9744,64,2013,28,47.41,34.28
79358,Historical,106680,0,0,S,3,1,190564,63,2009,43,18.4,31.5
79359,Historical,642922,1,1,S,2,1,279292,60,2008,24,28.84,18.23
79360,Historical,618283,0,0,S,3,1,209777,49.99,2008,33,0,25.74
79361,Historical,290092,0,0,S,6,1,2102674,24.99,2006,29,19.99,7.79
79362,Historical,526127,0,0,S,2,1,840360,39.99,2008,29,31.14,27.41
79363,Historical,553966,0,0,S,3,1,116226,69.99,2008,50,23.79,43.98
79364,Historical,526126,0,0,S,3,1,513547,44.99,2008,35,18.64,21.99
79365,Historical,621489,0,0,S,1,0,682469,59.99,2000,52,28.98,14.84
79366,Historical,867170,0,0,S,3,1,15657,49.99,2014,56,28.98,29.54
79367,Historical,526124,0,0,S,2,1,1004059,49.99,2012,16,27.75,32.22
79368,Historical,711180,0,0,S,0,0,890414,98.8,2001,18,0,32.49
79369,Historical,186391,0,0,S,6,1,266666,127,2004,44,33.99,71.52
79370,Historical,181906,0,0,S,2,1,212891,44.99,2005,31,21.23,29.7
79372,Historical,142030,0,0,S,6,1,838618,8.72,2009,78,78.29,6.63
79373,Historical,583720,0,0,S,4,1,618318,50,2005,32,0,0
79374,Historical,901182,0,0,S,3,1,2649419,51.95,2000,18,67.97,67.04
79375,Historical,107117,0,0,S,3,1,4978449,138.1,1999,26,110.57,46.43
79376,Historical,215402,0,0,S,3,1,32120,35,2007,19,0,0
79377,Historical,558410,0,0,S,2,1,72908,54.95,2012,94,29.22,37.62
79378,Historical,540410,1,2,S,5,1,222641,53.98,2002,58,28.94,53.1
79379,Historical,116213,0,0,S,5,1,276943,104.4,1995,32,11.71,53.67
79380,Historical,542105,0,0,S,2,1,211396,49.99,2010,26,35.51,33.49
79382,Historical,1582627,0,0,S,0,0,446551,49.99,2010,19,0,37.73
79383,Historical,630138,0,0,S,3,1,160572,39.95,2008,43,26.74,31.64
79385,Historical,576659,0,0,S,3,1,1106252,166.95,2008,18,82.85,16.94
79386,Historical,1671658,0,0,S,2,1,702700,138.95,2010,31,55.14,70.49
79387,Historical,251200,0,0,S,2,1,35201,26.95,2008,27,0,0
79388,Historical,526118,0,0,S,2,1,92333,26.95,2008,19,0,0
79389,Historical,802724,0,0,S,11,1,437496,34.99,2012,28,24.7,32.53
79390,Historical,177145,0,0,S,5,1,505472,221.95,2003,43,8.42,58.39
79392,Historical,629023,0,0,S,1,0,64848,84.67,1992,20,8.68,69.84
79394,Historical,1918286,0,0,S,6,1,555556,90,2014,18,36.47,15.95
79395,Historical,2965693,0,0,S,8,1,393835,85,2015,9,0,53.65
79396,Historical,534790,0,0,S,41,1,188233,70,2013,16,11.23,33.99
79397,Historical,867570,0,0,S,42,1,743588,70,2014,19,11.23,47.95
79398,Historical,526114,0,0,S,40,1,947268,70,2012,26,11.23,19.98
79399,Historical,526113,0,0,S,7,1,614399,85,2012,20,65.46,61.27
79400,Historical,526112,0,0,S,14,1,154999,85,2012,19,23.97,71.43
79401,Historical,1918287,0,0,S,15,1,652520,90,2014,13,0,30.95
79402,Historical,1918301,1,1,S,21,1,314062,75,2015,10,0,38.98
79403,Historical,397133,0,0,S,2,1,874738,60.95,2008,35,4.92,31.95
79404,Historical,2335747,0,0,S,14,1,2483337,150,1999,19,73.98,73.57
79405,Historical,699828,0,0,S,3,1,2535461,177,2002,25,6.39,63.99
79407,Historical,526109,0,0,S,3,1,3476039,52,2009,17,46.59,20.99
79408,Historical,2010366,0,0,S,28,1,1745651,268.25,2012,15,126.74,76.27
79409,Historical,874198,0,0,S,0,0,1418011,23.95,1986,31,4.99,38.93
79410,Historical,1784078,0,0,S,2,1,312278,55,2014,14,0,54.47
79411,Historical,1555897,0,0,S,2,1,633350,32.95,2008,11,0,28.37
79417,Historical,609792,0,0,S,4,1,818391,24.95,2007,82,19.03,5.57
79418,Historical,526076,0,0,S,6,1,860183,24.99,2010,99,13.99,5.99
79419,Historical,248519,0,0,S,4,1,942136,34.99,2011,35,21.98,14.98
79420,Historical,646947,1,1,S,5,1,100558,34.99,2013,27,21.98,24.97
79421,Historical,844337,0,0,S,2,1,581202,39.95,1987,22,20.84,72.43
79422,Historical,740924,0,0,S,5,1,547711,118,2006,24,5.47,33.98
79423,Historical,120608,0,0,S,6,1,781292,123,2009,27,33.99,26.82
79424,Historical,892731,1,1,S,8,1,776698,131.13,2014,8,0,118.67
79425,Historical,623795,0,0,S,2,1,218242,161.6,2012,37,23.95,76.45
79426,Historical,145372,0,0,S,3,1,1708224,100.6,2006,28,48.99,51.73
79427,Historical,691498,0,0,S,3,1,1821,29.95,2011,18,19.52,20.73
79428,Historical,869876,0,0,S,1,0,968365,29.99,2005,32,19.52,83.93
79429,Historical,624418,0,0,S,2,1,65592,20.79,2007,45,19.52,19.94
79430,Historical,867488,0,0,S,2,1,25634,79.95,2014,45,33.94,58.15
79431,Historical,57114,0,0,S,2,1,33735,64.95,2011,66,15.13,44.64
79432,Historical,664745,0,0,S,0,0,1460857,40,2013,42,27.04,6.99
79433,Historical,55641,0,0,S,6,1,1398516,150.95,2004,44,83.43,7.64
79434,Historical,55640,0,0,S,5,1,3910631,10.91,2001,36,83.43,10.91
79435,Historical,621852,0,0,S,7,1,894331,178,2010,37,181.89,8.91
79436,Historical,114010,0,0,S,6,1,384502,168.4,2000,32,3.85,51.79
79437,Historical,660423,0,0,S,3,1,543789,43,2007,20,41.98,43
79438,Historical,526067,0,0,S,2,1,147626,36.95,2012,56,23.86,26.49
79439,Historical,157072,0,0,S,3,1,62762,51.95,2004,80,7.95,39.54
79440,Historical,173904,0,0,S,0,0,116422,39.99,2004,20,0,31.28
79441,Historical,628967,0,0,S,1,0,683191,35,2000,38,25.19,26.84
79442,Historical,618132,0,0,S,3,1,293403,51,2009,38,31.75,42.49
79443,Historical,917890,0,0,S,0,0,1507447,355,2013,48,38.75,13.53
79444,Historical,625569,0,0,S,4,1,576914,117.75,1987,23,4.3,40.98
79445,Historical,711100,0,0,S,4,1,5529480,98,2000,23,101.4,33.98
79446,Historical,1456148,0,0,S,14,1,434902,50.4,2015,12,0,25.9
79447,Historical,617052,0,0,S,5,1,235427,56,2007,49,0,0
79449,Historical,625053,0,0,S,2,1,1189595,135.95,2007,33,4.98,45.34
79450,Historical,132674,0,0,S,4,1,124203,201.6,2009,70,65.34,89.81
79451,Historical,2571239,0,0,S,2,1,1726760,64.95,1993,18,63.75,10.41
79452,Historical,900559,0,0,S,0,0,76256,22.74,2008,18,0,0
79454,Historical,623442,0,0,S,3,1,79527,94.95,2011,47,49.89,50.95
79455,Historical,631891,0,0,S,2,1,573262,60,1998,23,17.24,53.58
79456,Historical,895260,0,0,S,4,1,81159,56,2015,23,57.5,40.12
79457,Historical,764697,0,0,S,4,1,3667344,121.95,1997,39,101.76,48.98
79458,Historical,152379,0,0,S,2,1,1089174,119,2005,31,19.06,76.05
79459,Historical,843711,0,0,S,2,1,3114539,59.19,1984,29,21.94,25.17
79460,Historical,623732,0,0,S,2,1,509643,67,1988,28,14.03,47.77
79461,Historical,859753,0,0,S,3,1,1559065,41.95,2008,9,41.51,16.99
79462,Historical,900449,0,0,S,4,1,1702457,49.95,2014,22,41.51,41.32
79463,Historical,2345366,0,0,S,3,1,971103,0,1991,26,47.41,115.16
79464,Historical,882273,0,0,S,3,1,5480736,56.95,1996,15,54.09,81.96
79465,Historical,2336404,0,0,S,6,1,909452,75.95,1988,44,33.98,23.99
79466,Historical,112217,0,0,S,7,1,863418,234.05,1996,33,33.98,50.57
79467,Historical,540690,0,0,S,4,1,18091,149.4,2013,69,57.48,88.99
79468,Historical,533977,0,0,S,3,1,446489,316.8,1996,56,10.99,43.94
79469,Historical,290238,0,0,S,6,1,79203,255.75,2010,48,35.91,89.65
79470,Historical,2263081,1,1,S,15,1,285829,33.63,2011,20,0,71.77
79471,Historical,1583417,0,0,S,1,0,635425,84.99,2010,28,63.19,69.97
79472,Historical,348236,0,0,S,4,1,1240934,370.95,1998,51,0,49.03
79473,Historical,921459,0,0,S,6,1,256082,53.99,1999,60,4.53,48.89
79474,Historical,50071,0,0,S,7,1,2107095,16.98,2003,35,63.56,16.98
79475,Historical,742923,0,0,S,12,1,687042,144.67,2012,36,55.34,48.99
79476,Historical,51265,0,0,S,6,1,951547,114.95,2001,45,151.04,13.48
79477,Historical,248141,0,0,S,2,1,114931,135,2010,51,43.99,88.99
79478,Historical,2366267,0,0,S,3,1,2281339,90,1993,15,83.78,28.99
79479,Historical,895229,0,0,S,6,1,1246374,123.29,2006,14,13.74,73.35
79480,Historical,549257,0,0,S,5,1,237758,97.3,1994,40,4.53,5.63
79481,Historical,50119,0,0,S,4,1,4838,155.75,2007,142,58.6,62.9
79482,Historical,114578,0,0,S,8,1,102359,116.6,2003,55,59.94,96.97
79483,Historical,620103,1,1,S,1,0,19598,211.25,2012,37,0,74.95
79484,Historical,548337,0,0,S,5,1,219097,329.95,1994,46,39.96,110.82
79485,Historical,595620,1,2,S,8,1,24624,151.5,2012,111,53.97,99.99
79486,Historical,713374,0,0,S,2,1,4034043,77.33,2002,27,70.77,13.99
79487,Historical,542104,0,0,S,2,1,885452,59.99,2012,34,26.29,41.97
79488,Historical,545413,0,0,S,2,1,277931,69.99,2010,37,52.09,55.41
79489,Historical,53432,0,0,S,8,1,1676108,112.95,2001,74,52.03,15.67
79490,Historical,111866,0,0,S,3,1,2085551,0,2011,16,143.99,195.8
79492,Historical,611804,0,0,S,2,1,176076,49,2013,19,35.72,28.31
79493,Historical,764535,0,0,S,7,1,1114115,83.95,2004,24,128.99,14.63
79494,Historical,2621773,0,0,S,7,1,763454,211.95,1993,33,7.72,72.07
79495,Historical,148484,1,1,S,7,1,508979,205.95,2006,28,128.99,22.99
79496,Historical,118606,1,1,S,5,1,356681,78.04,2007,39,68.42,106.42
79497,Historical,2364878,0,0,S,2,1,891102,110,1999,52,96.97,21.79
79498,Historical,867450,0,0,S,2,1,43339,84.95,2014,53,38.97,44.28
79499,Historical,914830,1,1,S,6,1,821741,166,2012,30,97.51,105.5
79500,Historical,645421,0,0,S,3,1,1083081,182,2004,40,133.32,133.4
79501,Historical,566881,0,0,S,2,1,2208090,125,1991,25,133.32,30.99
79502,Historical,526042,0,0,S,2,1,154026,27,2012,33,11.27,13.48
79503,Historical,2525260,0,0,S,3,1,999028,92.95,1983,39,0,66.18
79504,Historical,51068,0,0,S,3,1,2569864,105.4,2004,35,91.07,13.92
79505,Historical,658303,0,0,S,0,0,319709,68,2012,18,0,53.55
79506,Historical,539972,0,0,S,5,1,140110,83.8,2010,38,38.31,53.99
79507,Historical,545582,1,1,S,2,1,123388,39.99,2012,127,17.99,26.49
79508,Historical,872285,0,0,S,2,1,942936,79.95,2007,45,0,30.85
79509,Historical,594761,0,0,S,4,1,82427,57,2012,53,25.54,25.98
79510,Historical,101186,0,0,S,2,1,554394,94.95,1997,33,18.97,21.94
79511,Historical,536430,1,1,S,4,1,66667,241.8,2012,43,46.69,216.01
79512,Historical,917847,0,0,S,1,0,149876,166.95,2014,48,0,49.98
79513,Historical,51585,0,0,S,9,1,1794643,110,2002,57,55.34,5.59
79514,Historical,623800,0,0,S,3,1,277166,151.33,2012,49,26.24,48.98
79515,Historical,712205,0,0,S,0,0,3451126,5.85,2007,29,26.24,12.31
79516,Historical,51484,1,1,S,0,0,896909,137.33,2006,106,26.24,10.98
79517,Historical,543352,0,0,S,4,1,85447,98.95,2012,48,46.93,72.49
79519,Historical,120667,0,0,S,4,1,879859,26.67,2008,25,26.23,36.6
79520,Historical,547766,0,0,S,1,0,722354,50,1981,92,14.1,13.93
79521,Historical,322624,0,0,S,0,0,194703,69.2,2003,62,14.1,28.12
79522,Historical,569526,0,0,S,4,1,1157009,152.95,2005,26,0,72.51
79523,Historical,144742,0,0,S,1,0,718003,129.33,2004,41,143.21,8.99
79524,Historical,117321,0,0,S,2,1,3252716,169.4,2007,13,143.8,43.92
79525,Historical,867070,0,0,S,2,1,188435,43,2014,19,30.53,38.87
79526,Historical,620909,0,0,S,3,1,1155318,115,2001,24,0,79.23
79527,Historical,265816,0,0,S,2,1,14950,39.99,2006,51,23.21,22.08
79528,Historical,644538,0,0,S,2,1,276918,54.95,2012,20,50.19,39.92
79529,Historical,648720,0,0,S,2,1,172375,50,1991,17,0,37.23
79531,Historical,881413,0,0,S,1,0,33421,27,2013,18,33.32,22.8
79532,Historical,526036,0,0,S,5,1,165033,48.99,2012,41,18.19,21.13
79533,Historical,622733,0,0,S,5,1,940492,47.99,2007,45,4.49,12.99
79534,Historical,865777,0,0,S,2,1,1187919,56.99,2011,46,0,5.87
79535,Historical,526035,0,0,S,5,1,818315,47.99,2007,31,9.92,79.37
79536,Historical,203623,0,0,S,27,1,2977232,52.95,2003,20,10.64,41.49
79537,Historical,526034,0,0,S,28,1,103427,53.99,2005,88,10.64,18.94
79538,Historical,608906,0,0,S,27,1,883214,49.95,2000,104,7.14,20.36
79539,Historical,533353,0,0,S,7,1,14617,45.99,2011,142,10.64,22.49
79540,Historical,204153,0,0,S,6,1,1590549,39.95,2007,26,7.66,17
79541,Historical,630113,0,0,S,2,1,44879,46.99,2009,13,0,0
79542,Historical,789839,1,1,S,4,1,1074461,43.99,2006,22,0,43.93
79543,Historical,631764,1,1,S,5,1,298193,49.99,2006,29,0,15.75
79544,Historical,789734,0,0,S,4,1,1528718,47.99,2006,32,0,24.49
79545,Historical,609235,0,0,S,6,1,772925,49.99,2009,29,12.19,15.89
79546,Historical,609227,0,0,S,5,1,371768,47.99,2008,35,7.63,13.6
79547,Historical,609236,0,0,S,6,1,935987,49.99,2009,41,0,16.89
79548,Historical,566871,0,0,S,4,1,607195,155,1993,22,21.78,94.47
79549,Historical,655233,0,0,S,0,0,122462,93.95,2013,111,39.96,9.99
79550,Historical,56333,0,0,S,0,0,737601,76.95,2009,100,39.96,5.29
79551,Historical,795081,0,0,S,11,1,760573,40.95,2012,22,35.32,36.94
79552,Historical,57690,1,1,S,8,1,98269,143,2003,53,28.99,86.77
79553,Historical,627695,0,0,S,2,1,519389,89.99,2004,30,0,0
79554,Historical,55634,0,0,S,8,1,2619512,92.95,2001,32,92.89,12.05
79555,Historical,248278,1,1,S,6,1,1397007,114.95,2004,100,60.98,7.44
79556,Historical,865503,0,0,S,2,1,308134,56.99,2014,20,32.64,35.39
79557,Historical,789726,0,0,S,2,1,2736297,47.99,2006,23,5.9,5.98
79558,Historical,1964887,0,0,S,7,1,120996,54.99,2014,17,27.39,35.96
79559,Historical,534727,0,0,S,5,1,988411,49.99,2013,70,0,8.99
79560,Historical,633759,0,0,S,3,1,124319,53.99,2013,46,21.49,20.95
79561,Historical,627411,0,0,S,2,1,62797,67.6,2010,33,28.71,51.5
79562,Historical,649478,0,0,S,2,1,388055,53.8,2013,16,28.35,29
79563,Historical,108525,0,0,S,9,1,602667,100.15,2002,49,93.27,29.99
79564,Historical,867286,0,0,S,4,1,1258123,74.99,2014,16,53.09,24.84
79565,Historical,247689,0,0,S,3,1,228643,39.95,2007,41,15.75,32.37
79566,Historical,129728,0,0,S,2,1,1670047,59.99,2001,33,16.97,33.49
79567,Historical,619539,0,0,S,6,1,310532,49.95,2014,30,0,0
79568,Historical,526024,0,0,S,3,1,92889,21.99,2009,82,14.13,9.17
79569,Historical,752745,0,0,S,7,1,1143967,39.95,2010,22,23.09,15.39
79570,Historical,3634748,0,0,S,12,1,46821,50,2015,16,0,28.58
79572,Historical,865757,0,0,S,8,1,984657,45,2011,25,23.09,11.92
79573,Historical,614604,0,0,S,2,1,124054,30,2001,83,4,9.89
79574,Historical,106609,0,0,S,4,1,284615,34.95,2007,69,11.94,9.99
79575,Historical,143361,0,0,S,3,1,276342,115,2007,40,21.98,68.25
79576,Historical,747669,0,0,S,2,1,1430319,55,2008,25,26.05,29.53
79577,Historical,861682,0,0,S,3,1,106132,39.99,2013,30,25.49,24.56
79578,Historical,526022,0,0,S,2,1,1077,18.95,2010,291,10.49,10.22
79579,Historical,672034,0,0,S,3,1,7803,19.95,2010,38,0,0
79580,Historical,2065208,0,0,S,2,1,26269,19.95,2011,18,0,11.49
79582,Historical,526020,0,0,S,9,1,798619,39.34,2011,34,29.99,30
79583,Historical,696732,0,0,S,2,1,2338741,114,1998,34,28.93,44.71
79584,Historical,867946,0,0,S,9,1,59024,80.75,2014,65,48.98,54.58
79585,Historical,613942,0,0,S,16,1,6602,39.95,1995,99,12.97,18.93
79588,Historical,558395,0,0,S,3,1,324669,48.95,2006,58,23.35,29.49
79589,Historical,640514,0,0,S,1,0,231617,41.95,2010,35,0,36.37
79590,Historical,2396581,0,0,S,0,0,335876,51.6,2004,291,0,12.98
79591,Historical,918056,0,0,S,0,0,1314621,35.95,2003,28,9.47,16.79
79592,Historical,264294,0,0,S,2,1,99858,49.99,2007,78,9.47,27.98
79593,Historical,526017,0,0,S,2,1,57310,49.99,2007,134,20.69,27.97
79594,Historical,264295,0,0,S,2,1,101436,49.99,2007,76,7.99,30.99
79595,Historical,264296,0,0,S,2,1,77966,50.99,2007,38,21.49,25.59
79596,Historical,861683,0,0,S,2,1,1248594,49.95,2013,25,30.58,27.99
79597,Historical,913396,0,0,S,1,0,1318829,110,2004,20,0,50.99
79598,Historical,723762,0,0,S,1,0,1066486,51,2009,12,0,24.97
79599,Historical,51885,0,0,S,7,1,2592340,83,2002,53,108.19,33.99
79600,Historical,132908,0,0,S,7,1,26429,159.4,2010,50,63.71,79.92
79601,Historical,644468,1,3,S,3,1,59266,90,2013,35,52.99,56.2
79602,Historical,290077,0,0,S,2,1,946537,130,2006,25,6.26,38.99
79603,Historical,308172,0,0,S,4,1,597845,60,2012,29,25.97,14.81
79604,Historical,617034,0,0,S,3,1,1586330,49.95,2005,39,25.97,13.05
79605,Historical,632227,0,0,S,6,1,1817661,67,2005,23,34.28,42.98
79606,Historical,744815,1,1,S,2,1,2233079,105.95,2003,24,9.21,13.67
79607,Historical,658340,0,0,S,3,1,670248,49.95,2011,26,30.29,45.68
79608,Historical,312838,0,0,S,2,1,519899,161.8,2000,42,0,0
79609,Historical,202347,0,0,S,3,1,778124,171.95,2009,56,28.04,28.77
79610,Historical,526007,0,0,S,4,1,603858,76.95,2009,31,9.59,47.71
79611,Historical,324571,0,0,S,4,1,674569,102.07,2000,53,5.49,41.93
79612,Historical,402455,0,0,S,13,1,1992827,119.68,2002,50,91.98,7.48
79613,Historical,315152,0,0,S,2,1,95244,162.03,2008,71,106.69,42.47
79614,Historical,53519,0,0,S,7,1,915875,212.95,2006,66,153.83,13.22
79615,Historical,315153,0,0,S,2,1,65138,192,2008,56,106.69,64.97
79616,Historical,116967,0,0,S,0,0,931996,164.8,2005,47,122.42,14.85
79617,Historical,137475,0,0,S,4,1,6155433,75,2003,19,18.3,55.23
79618,Historical,339014,0,0,S,1,0,237026,207,2001,40,0,48.94
79619,Historical,594898,0,0,S,4,1,284197,144,2013,40,49.98,100.98
79620,Historical,317150,0,0,S,2,1,1933327,143,2008,25,106.69,74.26
79621,Historical,911145,0,0,S,2,1,1254330,83.95,2012,17,0,34.99
79622,Historical,2258528,0,0,S,9,1,2033985,91.04,2010,40,15.11,57.25
79623,Historical,533574,0,0,S,10,1,392251,190.95,2012,36,27.02,62.94
79624,Historical,532114,0,0,S,10,1,135214,242.95,2012,29,39.78,43.94
79625,Historical,301527,0,0,S,12,1,896333,48.08,2008,25,84.23,9.99
79626,Historical,314401,0,0,S,10,1,332328,173.33,2004,51,84.23,5.24
79627,Historical,314709,0,0,S,11,1,1176634,239.4,2006,91,84.23,13.13
79628,Historical,52664,0,0,S,3,1,1711905,0,2006,24,115.68,78.3
79629,Historical,109418,0,0,S,3,1,273550,122.85,2006,19,115.68,52.38
79630,Historical,317178,0,0,S,13,1,69925,223.2,2010,69,84.23,35.99
79631,Historical,800017,0,0,S,0,0,884231,73,2008,25,0,9.99
79632,Historical,544069,0,0,S,7,1,24404,109,2013,86,34.72,53.76
79633,Historical,107149,0,0,S,3,1,663146,162.5,2000,25,44.43,21.94
79634,Historical,109771,0,0,S,3,1,2972388,17.6,2006,34,151.63,16.85
79635,Historical,354915,0,0,S,7,1,2022330,110.76,2006,30,103.99,7.98
79636,Historical,50991,0,0,S,6,1,1904705,11.84,2001,38,47.2,11.84
79637,Historical,121094,0,0,S,2,1,1202500,168,1995,32,4.38,46.53
79639,Historical,276040,0,0,S,2,1,854897,67.5,2008,46,19.71,54.04
79640,Historical,161554,0,0,S,1,0,143896,21.99,2006,54,15.16,19.84
79641,Historical,893013,0,0,S,3,1,212378,48,2015,17,41.11,34.36
79642,Historical,162665,0,0,S,4,1,24273,73,2011,48,34.46,51.39
79643,Historical,541363,0,0,S,4,1,40763,84.95,2012,58,26.99,53.98
79644,Historical,661166,0,0,S,3,1,22061,39,2011,19,41.51,38.99
79645,Historical,862305,0,0,S,2,1,540447,62.95,2014,14,31.89,46.71
79646,Historical,660658,0,0,S,2,1,105217,60,2013,27,16.01,37.94
79647,Historical,652593,0,0,S,2,1,60423,45.95,2012,21,0,0
79648,Historical,213239,0,0,S,3,1,215203,95,2008,27,70.99,76.82
79649,Historical,133099,0,0,S,7,1,192379,83.6,2010,33,23.99,51.89
79650,Historical,618103,0,0,S,2,1,859349,121.2,2002,47,0,0
79651,Historical,633703,1,1,S,3,1,84604,59,2013,43,43.94,43.99
79652,Historical,631627,0,0,S,2,1,469947,41,2009,28,23.99,32.98
79653,Historical,625633,0,0,S,3,1,239352,90.6,2012,43,33.59,23.43
79654,Historical,54428,1,1,S,8,1,1603983,95.2,2007,39,26.54,33.99
79655,Historical,670539,0,0,S,3,1,62459,76.95,2012,55,83.57,66.93
79656,Historical,121198,0,0,S,8,1,33941,160.4,2011,28,91.98,187.18
79657,Historical,876903,0,0,S,3,1,1537763,72.67,2015,15,77.4,72.67
79658,Historical,118317,0,0,S,5,1,28205,109.8,2010,60,51.88,78.98
79659,Historical,534662,0,0,S,5,1,54408,54.95,2013,35,17.49,24.97
79660,Historical,260969,0,0,S,0,0,71452,24,2000,450,18.96,7.73
79661,Historical,544530,0,0,S,4,1,190880,115.95,2013,25,31.94,72.21
79662,Historical,616247,0,0,S,0,0,117331,47,1969,56,0,23.46
79663,Historical,132454,0,0,S,4,1,817795,106.2,2007,30,8.98,67.53
79664,Historical,118297,0,0,S,4,1,66757,102.2,2011,48,41.5,71.34
79665,Historical,119863,0,0,S,2,1,545509,198.6,1995,43,4.38,14.98
79666,Historical,858448,0,0,S,2,1,1340827,60,2014,18,39.13,35.71
79667,Historical,663802,0,0,S,2,1,98013,38,2013,21,24.68,27.77
79668,Historical,364072,0,0,S,0,0,88540,18,2005,106,33.13,8.13
79669,Historical,707741,0,0,S,7,1,535314,226.79,2005,22,53.4,58.97
79670,Historical,2358189,0,0,S,7,1,346023,10.84,2004,19,0,13.97
79671,Historical,653097,0,0,S,13,1,1995501,70,2012,20,6.75,60.12
79672,Historical,629470,0,0,S,0,0,837082,109,2009,27,101.01,28.3
79673,Historical,56219,0,0,S,3,1,1011,19.95,2010,179,9.97,11.18
79674,Historical,56216,0,0,S,0,0,588077,18.95,2001,181,9.97,9.98
79675,Historical,56217,1,1,S,2,1,118076,21.95,2005,212,9.97,8.28
79676,Historical,860980,0,0,S,5,1,395455,50.44,2009,24,0,0
79678,Historical,919963,0,0,S,0,0,747493,42,1998,34,21.94,6.98
79679,Historical,612860,1,1,S,2,1,13876,40,2006,154,0,0
79680,Historical,905651,0,0,S,3,1,105837,59,2015,24,50.63,44.24
79681,Historical,318417,1,2,S,4,1,863150,150.95,1999,35,4.72,44.08
79682,Historical,908213,0,0,S,3,1,524898,65,2013,16,8.71,15
79683,Historical,248160,1,1,S,3,1,168499,75,2010,44,40.55,54.99
79684,Historical,917216,0,0,S,5,1,261219,162.95,2013,34,11.1,20.06
79685,Historical,892844,0,0,S,8,1,295215,37.5,2014,21,36.96,35.73
79686,Historical,617701,0,0,S,1,0,126560,88.95,2003,32,78.79,50.53
79687,Historical,161551,0,0,S,4,1,1029783,244.5,2006,47,95.99,71.27
79688,Historical,55630,0,0,S,4,1,740784,100,1998,28,178.72,18.99
79689,Historical,893090,0,0,S,2,1,287478,74.95,2015,14,68.17,59.16
79690,Historical,618355,0,0,S,2,1,521113,273.95,1994,45,49.95,122.89
79691,Historical,663121,0,0,S,2,1,562486,44,2013,37,30.35,24.79
79692,Historical,911249,0,0,S,2,1,1470199,43.68,1979,26,44.24,42.63
79693,Historical,647248,0,0,S,2,1,639867,69,2011,17,43.95,46.19
79694,Historical,910527,0,0,S,2,1,1554584,99.95,1992,16,111.28,27.98
79696,Historical,2698045,0,0,S,2,1,988269,51.95,2001,27,10.95,38.97
79697,Historical,625441,1,1,S,12,1,1546846,49.95,2003,32,20.98,40.12
79698,Historical,58541,0,0,S,11,1,1105046,38.95,2000,49,20.98,9.99
79699,Historical,54931,0,0,S,12,1,1426812,53.95,2003,98,20.98,14.94
79701,Historical,194183,0,0,S,2,1,654981,102,2009,30,25.22,43.77
79702,Historical,281260,0,0,S,4,1,324081,69.95,2009,25,48.99,43.62
79703,Historical,635989,0,0,S,3,1,966840,79,1986,26,20.93,83.03
79704,Historical,619502,0,0,S,1,0,1193210,181.6,1992,54,0,102.58
79705,Historical,867945,0,0,S,8,1,13388,51.75,2014,46,43.99,43.99
79707,Historical,132353,1,1,S,5,1,171983,136.73,2007,38,22.88,35.99
79708,Historical,615556,0,0,S,3,1,48210,56,1989,13,0,52.04
79709,Historical,281455,0,0,S,3,1,581971,60,2007,22,0,0
79710,Historical,867642,0,0,S,0,0,14900,76,2014,28,56.34,55.97
79711,Historical,118521,0,0,S,2,1,155535,114.8,2007,51,3.85,43.27
79712,Historical,711157,0,0,S,4,1,1702115,104,2000,24,32.07,43.98
79713,Historical,1554692,0,0,S,2,1,1112964,46.95,2014,14,0,39.05
79714,Historical,2612292,0,0,S,2,1,252260,33.6,2000,28,0,27.32
79715,Historical,141080,0,0,S,5,1,788761,46.94,2000,31,30.28,52.99
79716,Historical,540127,0,0,S,11,1,5399,157.6,2012,99,21.62,59.65
79717,Historical,133465,0,0,S,2,1,111454,68.4,2010,39,39,96.5
79718,Historical,158075,0,0,S,3,1,178343,55.95,2004,44,0,45.14
79719,Historical,153090,0,0,S,0,0,275550,100,1998,33,38.21,62.41
79721,Historical,859461,0,0,S,2,1,1344906,54,2006,28,4.59,11.42
79723,Historical,525969,0,0,S,3,1,595659,110,2011,36,39.61,101.03
79724,Historical,625403,0,0,S,2,1,208383,79.4,2005,39,62.99,57.99
79725,Historical,178095,0,0,S,11,1,5400538,85.95,2004,25,69.82,4.99
79726,Historical,633791,0,0,S,2,1,300868,110,2012,33,17.24,33.99
79727,Historical,868088,0,0,S,1,0,924658,86.8,2008,58,17.24,19.39
79728,Historical,644533,0,0,S,2,1,631747,110,2012,55,9.78,23.18
79729,Historical,1482080,0,0,S,0,0,721832,33.33,2009,9,50.38,16.98
79730,Historical,610221,0,0,S,2,1,44598,295.95,2011,32,68.8,53.89
79731,Historical,622621,0,0,S,6,1,27892,103.6,2011,65,40.12,40.44
79732,Historical,117387,0,0,S,3,1,1808899,80,2007,33,24.54,18.94
79733,Historical,631517,1,1,S,1,0,705408,56.95,2011,23,0,0
79734,Historical,631661,0,0,S,2,1,788325,64.8,2008,24,0,0
79736,Historical,1482192,0,0,S,2,1,189829,64.8,2010,23,0,38.13
79737,Historical,525047,0,0,S,5,1,481475,141.95,2010,33,91.98,46.48
79738,Historical,248334,0,0,S,4,1,624004,142.95,2005,24,91.98,28.94
79739,Historical,290979,0,0,S,9,1,52247,118.95,2011,48,32.99,53.99
79740,Historical,530146,0,0,S,4,1,766011,138.95,2010,39,37,43.09
79741,Historical,862273,1,4,S,5,1,76645,92.95,2014,28,37,52.23
79743,Historical,642128,0,0,S,3,1,935052,110,2012,28,0,0
79744,Historical,572412,0,0,S,2,1,88933,78.95,2008,73,63.99,51.64
79746,Historical,544413,1,2,S,6,1,65478,122.95,2013,41,79.98,60.09
79747,Historical,248434,0,0,S,4,1,1811533,128.95,2006,23,79.98,95.98
79748,Historical,525057,0,0,S,5,1,220078,134.95,2010,20,79.98,51.48
79749,Historical,868215,0,0,S,3,1,510142,104.6,2014,27,29.29,66.98
79750,Historical,626215,0,0,S,2,1,722072,102.4,2011,39,29.29,33.99
79752,Historical,867424,0,0,S,9,1,46001,111.95,2013,33,81.67,79.29
79753,Historical,525970,0,0,S,5,1,17357,110,2011,41,85.37,76.57
79754,Historical,553542,0,0,S,1,0,1264484,59.4,2008,21,0,27.73
79755,Historical,2625134,0,0,S,3,1,2498477,45.95,1996,19,6.54,68.69
79757,Historical,538555,0,0,S,8,1,58935,66,2013,30,27.99,44.94
79758,Historical,1834049,0,0,S,4,1,3804089,82.95,2006,3,58.99,22.8
79759,Historical,619754,0,0,S,4,1,107340,111.25,2012,68,4.8,38.09
79760,Historical,570490,0,0,S,14,1,3039136,99.95,2010,18,47.89,46.93
79761,Historical,860984,0,0,S,3,1,516104,60.95,2012,21,10.32,34.99
79762,Historical,633875,0,0,S,5,1,1118517,131.39,2012,41,0,0
79763,Historical,182550,0,0,S,3,1,438445,184.95,2001,48,0,0
79764,Historical,541586,0,0,S,2,1,35017,51.95,2014,30,43.81,41.47
79766,Historical,540778,0,0,S,8,1,291035,80.2,2013,29,54.59,60
79767,Historical,868108,0,0,S,11,1,109461,76,2014,42,62.64,59.41
79769,Historical,620472,0,0,S,4,1,36117,32,2013,142,24.84,21.99
79770,Historical,525956,0,0,S,9,1,1946743,127.95,2011,23,107.89,53.7
79771,Historical,544346,0,0,S,10,1,1379277,115.95,2013,20,107.89,48.53
79772,Historical,1574719,0,0,S,12,1,1682495,110.95,2008,41,0,37.99
79773,Historical,639824,0,0,S,13,1,880551,99.95,2012,28,0,35.97
79774,Historical,1519002,0,0,S,7,1,4121,48.95,2015,53,35.23,41.49
79775,Historical,612610,0,0,S,8,1,160426,44.95,2014,19,0,83.47
79776,Historical,665309,0,0,S,3,1,178193,45.6,2012,17,0,0
79777,Historical,902240,0,0,S,1,0,902124,50,2014,12,0,37.97
79778,Historical,893118,0,0,S,3,1,795795,45,2013,22,0,35.57
79779,Historical,293260,0,0,S,2,1,251645,62,2003,27,8.99,48.97
79780,Historical,553732,0,0,S,9,1,661108,77,2008,67,0,0
79781,Historical,639954,0,0,S,6,1,1120214,42.95,2011,20,30.6,36.99
79782,Historical,665281,0,0,S,7,1,423998,58.8,2012,14,0,0
79783,Historical,525946,0,0,S,9,1,28041,99.95,2012,49,48.39,53.99
79784,Historical,551801,0,0,S,2,1,942297,58.2,2001,86,4,12.47
79785,Historical,711587,0,0,S,6,1,884647,40.6,2004,31,4.67,32.98
79786,Historical,114462,0,0,S,2,1,407439,137.6,2003,33,25.93,50.29
79787,Historical,653274,0,0,S,8,1,931784,45.6,2013,39,33.23,35.99
79788,Historical,541707,0,0,S,5,1,67152,80,2010,60,47.99,52.78
79789,Historical,492153,0,0,S,2,1,1340986,51.95,2012,18,0,47.7
79790,Historical,346192,0,0,S,6,1,657815,70.95,2010,23,0,0
79791,Historical,540687,0,0,S,11,1,368725,88.8,2013,25,10.41,49.99
79792,Historical,567537,0,0,S,7,1,220319,87.95,2007,31,47.38,53.26
79793,Historical,2619000,0,0,S,3,1,608974,53.95,1994,15,4.33,43.99
79794,Historical,572159,0,0,S,7,1,1053969,51.19,2005,42,36.99,16.95
79795,Historical,544414,0,0,S,9,1,412199,134.95,2013,40,0,81.49
79796,Historical,532023,1,1,S,8,1,477806,131,2009,83,0,17.58
79797,Historical,587883,0,0,S,7,1,750730,125.95,2012,40,78.4,34.38
79798,Historical,532025,0,0,S,11,1,52589,74.95,2012,73,0,28.05
79799,Historical,550156,1,1,S,9,1,432090,8.99,2006,68,0,15.46
79800,Historical,550290,0,0,S,10,1,589700,20.06,2009,117,0,24.93
79801,Historical,570485,0,0,S,9,1,290665,100.95,2010,16,4.75,73.99
79802,Historical,658171,0,0,S,6,1,376403,45.6,2012,18,0,0
79804,Historical,904113,0,0,S,9,1,211933,75.78,2010,20,0,29.98
79806,Historical,561199,0,0,S,4,1,1226238,45.6,2009,73,24.99,15.94
79807,Historical,613278,0,0,S,5,1,1619877,37.8,2008,36,8.47,23.96
79808,Historical,610100,0,0,S,5,1,638017,45.6,2013,36,24.99,27.99
79809,Historical,616930,0,0,S,9,1,703598,45.6,2011,58,8.47,31.4
79810,Historical,764503,0,0,S,4,1,643402,88.95,2004,22,0,0
79811,Historical,859590,0,0,S,6,1,895415,92.95,2007,23,0,0
79812,Historical,902686,0,0,S,3,1,1681082,82.95,2012,22,77.62,87.94
79813,Historical,610763,0,0,S,6,1,1380596,101.95,2013,18,0,46.91
79814,Historical,1517253,0,0,S,13,1,118582,45.6,2014,13,4.76,45.47
79815,Historical,552834,0,0,S,12,1,256947,40,2011,47,4.76,28.99
79816,Historical,540578,0,0,S,4,1,1093005,44.2,2010,35,11.9,28.99
79817,Historical,561196,0,0,S,8,1,188144,38.67,2009,25,25.48,56.55
79818,Historical,561490,0,0,S,8,1,720550,44.2,2012,32,4,18.99
79819,Historical,633799,0,0,S,6,1,530366,44.2,2012,48,5.38,25.26
79820,Historical,561195,0,0,S,7,1,933193,37.8,2009,24,4,10.86
79822,Historical,634912,0,0,S,10,1,512624,73.95,2011,25,50.99,63.99
79823,Historical,617374,1,2,S,2,1,1056369,147.95,2010,56,0,45.37
79824,Historical,1451803,0,0,S,9,1,265088,40.5,2013,20,0,18.73
79825,Historical,553179,0,0,S,6,1,1826380,44.2,2012,23,5.98,45.5
79826,Historical,660718,1,1,S,13,1,130731,45.6,2013,34,0,0
79827,Historical,561029,0,0,S,9,1,1276349,37.8,2007,52,5.06,11.03
79828,Historical,530261,0,0,S,10,1,143120,44.2,2011,89,5.06,23.98
79829,Historical,551957,0,0,S,3,1,925783,37.8,2002,78,24.48,13.99
79830,Historical,550712,0,0,S,4,1,571470,77.25,2011,33,24.48,66.99
79832,Historical,669475,0,0,S,1,0,374717,45.6,2012,20,0,44.43
79833,Historical,621932,0,0,S,10,1,139190,45.6,2011,25,18.83,43.75
79834,Historical,545326,0,0,S,4,1,1279158,130.95,2010,45,0,7.98
79835,Historical,1596345,0,0,S,4,1,184283,101.95,2006,30,0,35.98
79836,Historical,540650,0,0,S,11,1,172559,45.6,2012,28,24.73,38.94
79837,Historical,561415,0,0,S,4,1,234723,44.2,2011,24,5.96,34.52
79838,Historical,550413,0,0,S,2,1,1552666,33.99,2009,39,0,33.99
79839,Historical,561125,0,0,S,10,1,1064408,37.8,2008,61,24.73,20
79840,Historical,631559,1,1,S,2,1,1308031,40,2010,49,3.99,8.11
79841,Historical,1439744,0,0,S,3,1,415600,76.75,2013,30,47.35,33.99
79842,Historical,553526,0,0,S,8,1,1537490,40,2008,21,0,13.98
79843,Historical,654678,0,0,S,2,1,717307,48.8,2009,21,0,38.13
79844,Historical,618409,0,0,S,12,1,1385046,46.67,2005,39,26.33,45.12
79845,Historical,539648,0,0,S,13,1,824641,46.67,2008,27,26.33,49.81
79846,Historical,539595,0,0,S,3,1,233543,45.6,2009,19,0,0
79847,Historical,631711,0,0,S,2,1,217593,41.75,2007,32,0,0
79848,Historical,561214,0,0,S,5,1,548360,40,2009,46,8.72,13.99
79849,Historical,916130,1,1,S,6,1,384512,44.2,2013,49,11.39,19.75
79850,Historical,742731,0,0,S,4,1,1076197,44.2,2011,22,11.39,44.19
79851,Historical,633369,0,0,S,6,1,244022,42,2007,13,0,0
79852,Historical,619765,0,0,S,5,1,93504,45.6,2011,56,5.24,17.64
79853,Historical,553714,0,0,S,4,1,1369885,45.6,2008,91,5.24,4.44
79854,Historical,742268,0,0,S,3,1,1017776,40,2010,46,35.51,17.49
79855,Historical,1517468,0,0,S,4,1,1001669,45.6,2014,17,35.51,45.6
79856,Historical,176753,0,0,S,3,1,662179,99.95,2004,22,111.99,33.99
79857,Historical,624287,0,0,S,2,1,99273,51,2011,43,28.71,41.21
79858,Historical,540574,0,0,S,4,1,429855,40,2010,44,42.98,33.98
79859,Historical,1517231,0,0,S,5,1,264863,45.6,2014,21,42.98,43.8
79860,Historical,561037,0,0,S,8,1,750576,37.8,2007,27,26.99,23.98
79861,Historical,540610,0,0,S,9,1,500125,45.6,2011,22,26.99,42.89
79862,Historical,540615,0,0,S,10,1,456799,45.6,2011,30,14.05,32.07
79863,Historical,561022,0,0,S,9,1,917540,28.35,2007,25,14.05,13.99
79865,Historical,176841,0,0,S,2,1,114368,78.95,2001,41,0,59.23
79866,Historical,530263,0,0,S,10,1,250601,149.95,2012,34,134.93,16.05
79867,Historical,868547,0,0,S,2,1,422226,76.95,2014,20,27.65,50.99
79868,Historical,610244,0,0,S,11,1,245854,110.95,2012,78,31.59,99.07
79869,Historical,178288,0,0,S,6,1,1258825,119.95,2005,20,0,232.12
79870,Historical,177119,0,0,S,6,1,864179,119.95,2005,28,0,0
79871,Historical,1783161,0,0,S,8,1,1356678,67.95,2012,20,0,59.47
79872,Historical,540595,0,0,S,11,1,485884,44.2,2011,59,0,17.21
79873,Historical,561471,0,0,S,7,1,158945,44.2,2012,26,0,11.99
79874,Historical,111106,1,2,S,3,1,916385,56.8,2010,20,4.31,53.65
79875,Historical,921048,0,0,S,9,1,729946,44.2,2009,44,0,17.48
79876,Historical,540645,0,0,S,6,1,350039,44.2,2012,27,0,0
79877,Historical,561273,0,0,S,11,1,888146,42,2010,45,4.1,14.97
79878,Historical,1513759,0,0,S,2,1,1474577,38.67,2009,18,7.98,35.96
79879,Historical,645994,0,0,S,3,1,1706702,40,2010,23,0,31.59
79880,Historical,553710,0,0,S,5,1,871916,42,2008,53,5.99,23.98
79881,Historical,130016,0,0,S,5,1,1234769,45.6,2001,28,0,26.99
79882,Historical,540557,0,0,S,9,1,1135164,40,2009,21,5.95,29.68
79883,Historical,619140,0,0,S,5,1,1586248,37.8,2008,31,14.03,39.44
79884,Historical,540566,0,0,S,4,1,460490,42,2010,21,5.74,15.49
79885,Historical,1517632,0,0,S,2,1,947625,45.6,2015,17,43.14,45.47
79886,Historical,169434,0,0,S,10,1,267756,65.95,2006,44,18.7,48.95
79887,Historical,543361,0,0,S,11,1,429636,69.95,2011,53,18.7,27.99
79888,Historical,530254,0,0,S,7,1,974899,110.95,2011,32,7.97,115.95
79889,Historical,169243,0,0,S,6,1,2083052,116.95,2007,28,7.97,43.93
79890,Historical,169433,0,0,S,8,1,1885478,104.95,2006,31,0,44.29
79891,Historical,530252,0,0,S,9,1,1834249,95.95,2010,20,62.99,5.46
79892,Historical,570748,0,0,S,5,1,1166003,78.95,2009,27,5.94,41.99
79893,Historical,570561,0,0,S,5,1,541324,96.95,2011,21,0,0
79894,Historical,540556,0,0,S,4,1,723517,38.67,2009,33,28.99,12.94
79895,Historical,861696,0,0,S,5,1,517813,45.6,2013,29,28.99,32.92
79896,Historical,920981,0,0,S,6,1,530196,108.95,2007,60,24.99,12.97
79897,Historical,543791,0,0,S,9,1,1114240,97.95,2011,35,8.81,48.03
79898,Historical,543789,0,0,S,9,1,262379,101.95,2011,41,33.11,84.89
79899,Historical,177175,0,0,S,12,1,359723,80.95,2005,20,0,15.99
79900,Historical,346313,0,0,S,13,1,1791909,107.95,2008,9,0,97.52
79901,Historical,286145,0,0,S,12,1,322592,45.6,2006,17,0,43.84
79902,Historical,903797,0,0,S,9,1,41368,53.6,2014,16,50.28,44.15
79903,Historical,244039,0,0,S,7,1,356203,136.95,2010,51,30.04,73.47
79904,Historical,1956424,0,0,S,10,1,154867,64.75,2014,29,0,46.98
79905,Historical,530414,0,0,S,3,1,33890,53.8,2012,21,0,0
79907,Historical,627419,0,0,S,6,1,141813,42,2010,27,0,42.94
79908,Historical,860505,0,0,S,5,1,1471884,44.2,2011,20,24.99,39.05
79909,Historical,740440,0,0,S,3,1,1291979,36.67,2005,31,6.9,11.43
79910,Historical,860993,0,0,S,4,1,316493,44.2,2012,21,27.54,43.39
79911,Historical,552962,0,0,S,5,1,506480,45.6,2008,32,0,28.99
79912,Historical,561408,1,1,S,9,1,346919,44.2,2011,41,0,0
79913,Historical,616375,0,0,S,2,1,1030497,40,2010,67,5.23,12.35
79914,Historical,626233,0,0,S,12,1,317475,108.95,2011,25,53.98,88.28
79916,Historical,1574720,0,0,S,9,1,127860,97.95,2013,25,0,47.89
79917,Historical,553598,0,0,S,11,1,906580,37.8,2008,66,0,0
79918,Historical,525902,0,0,S,2,1,2379998,36.67,2007,32,14.41,13.44
79919,Historical,569546,0,0,S,4,1,1408014,120.95,2002,84,65.94,5.91
79920,Historical,530241,0,0,S,2,1,50299,84.95,2012,45,49.85,53.95
79921,Historical,923055,0,0,S,6,1,227140,112.95,2007,150,4.03,11.98
79922,Historical,1574729,0,0,S,4,1,363512,99.95,2009,44,54.56,77.09
79923,Historical,542028,0,0,S,4,1,58736,154.95,2009,85,57.13,67.93
79924,Historical,569534,0,0,S,2,1,1144797,79.95,2001,77,57.13,12.29
79925,Historical,863620,0,0,S,2,1,791846,91.95,2008,15,0,0
79926,Historical,634167,0,0,S,7,1,1014552,54.8,2008,24,40.44,18.99
79927,Historical,868238,0,0,S,6,1,584069,45.6,2014,28,19.45,38.98
79928,Historical,613803,0,0,S,5,1,309294,45.6,2010,118,19.45,12.57
79929,Historical,717148,0,0,S,5,1,1862570,45.6,2008,21,14.84,41.28
79930,Historical,540597,0,0,S,9,1,846009,44.2,2011,26,14.84,16.98
79931,Historical,587707,1,1,S,5,1,298584,97.95,2012,21,0,96.28
79932,Historical,911195,0,0,S,4,1,990485,81.95,2008,16,4,47.31
79933,Historical,525325,1,1,S,12,1,520481,54.6,2007,77,19.73,17.97
79934,Historical,561374,0,0,S,13,1,75594,50,2011,59,19.73,33.98
79935,Historical,1455794,0,0,S,14,1,617732,68,2015,21,0,25.59
79936,Historical,620834,0,0,S,12,1,700888,41.2,2007,36,15.65,29.49
79937,Historical,606999,0,0,S,3,1,620335,107,2008,23,0,68.99
79938,Historical,766953,0,0,S,4,1,243266,65.95,2011,19,25.99,28.99
79939,Historical,916703,0,0,S,3,1,435234,65.95,2006,27,25.99,28.87
79940,Historical,862316,0,0,S,5,1,446131,62.95,2014,20,25.99,53.33
79941,Historical,1826581,0,0,S,6,1,949817,78.95,2013,19,4.23,76.95
79942,Historical,542277,0,0,S,5,1,1175171,74.95,2010,35,0,17.99
79943,Historical,898868,0,0,S,2,1,351119,45.6,2014,17,37.8,39.98
79944,Historical,626259,0,0,S,12,1,74775,45.6,2010,48,0,0
79946,Historical,872372,0,0,S,2,1,33794,45.6,2014,23,0,34.75
79947,Historical,561331,0,0,S,1,0,764145,45.6,2010,86,0,18.97
79948,Historical,895441,0,0,S,13,1,781798,45.6,2014,17,0,39.1
79949,Historical,1777242,0,0,S,10,1,66190,71,2012,26,42.44,48.47
79950,Historical,867386,0,0,S,5,1,157822,64,2013,22,35.93,46.98
79952,Historical,543953,0,0,S,6,1,323597,83.5,2013,29,48.98,47.99
79954,Historical,1779056,0,0,S,11,1,112335,75,2013,21,19.6,55.71
79955,Historical,162967,0,0,S,4,1,731083,40.21,2011,32,6.25,40.25
79956,Historical,544115,0,0,S,7,1,256452,66.75,2013,36,60.56,53.13
79957,Historical,169451,0,0,S,1,0,390891,76.95,2006,18,0,53.99
79959,Historical,772683,0,0,S,1,0,1259307,110.95,2006,70,0,20.91
79960,Historical,111268,0,0,S,6,1,1003074,99.75,2011,43,4.89,18.02
79961,Historical,1516341,1,3,S,7,1,82583,52.6,2013,17,0,35.98
79962,Historical,593511,0,0,S,4,1,240305,44.99,2007,43,11.25,26.7
79963,Historical,212485,1,1,S,5,1,700006,81.4,2006,66,10.93,37.99
79964,Historical,525937,0,0,S,6,1,733614,66.8,2008,63,10.93,46.99
79965,Historical,543169,0,0,S,4,1,676621,68,2002,54,4.5,25.96
79966,Historical,550886,0,0,S,11,1,112440,124,2012,62,0,0
79968,Historical,183381,0,0,S,4,1,851797,106.95,2006,62,0,18.63
79969,Historical,528575,0,0,S,8,1,573462,44.2,2009,17,0,73.79
79970,Historical,631477,1,1,S,5,1,566200,44.6,2011,53,6.94,21.96
79971,Historical,612536,0,0,S,7,1,78586,53.8,2013,40,38.22,46.9
79972,Historical,525935,0,0,S,3,1,246065,57.95,2011,36,35.19,43.99
79973,Historical,561373,1,1,S,13,1,466560,39.25,2011,30,4.97,38.99
79974,Historical,561375,1,1,S,13,1,690040,64.6,2011,32,0,33.79
79975,Historical,615813,0,0,S,5,1,403593,8.99,2008,47,0,0
79976,Historical,254524,0,0,S,11,1,1026356,52.95,2011,74,12.87,13.43
79977,Historical,525933,0,0,S,6,1,2183283,53.71,2006,25,0,53.71
79979,Historical,545006,0,0,S,2,1,1151417,40,2010,38,0,35.45
79980,Historical,639854,0,0,S,6,1,102721,55,2012,34,0,0
79981,Historical,593625,0,0,S,7,1,1224889,53,2010,58,0,18.49
79982,Historical,533599,0,0,S,7,1,955789,87.25,2010,53,24.65,21.49
79983,Historical,525927,0,0,S,4,1,390140,53.99,2011,43,23.99,53.98
79984,Historical,525926,1,3,S,2,1,99460,58.99,2011,74,7.01,32.62
79985,Historical,916591,0,0,S,1,0,203921,40,2005,46,18.19,52.11
79986,Historical,800073,0,0,S,1,0,95819,35.95,2004,30,23.92,9.4
79987,Historical,121370,0,0,S,7,1,192450,74.4,2009,104,6.35,13.98
79988,Historical,608618,0,0,S,12,1,1910201,68.95,2004,23,5.26,20
79989,Historical,1982626,0,0,S,1,0,521203,29.95,2014,18,22.1,24.97
79990,Historical,553821,0,0,S,3,1,306893,37.8,2010,38,23.93,15.47
79991,Historical,423029,0,0,S,3,1,902678,37.2,2010,47,23.99,14.88
79992,Historical,525911,0,0,S,3,1,335140,90,2012,34,0,76
79993,Historical,610075,0,0,S,10,1,82989,115.95,2013,35,61.69,57.29
79994,Historical,895683,0,0,S,3,1,1460281,85.2,2014,17,0,53.99
79995,Historical,540561,0,0,S,2,1,292095,40.2,2009,125,8.27,5
79996,Historical,867098,0,0,S,3,1,67485,42.6,2014,53,8.27,22.89
79998,Historical,211035,0,0,S,6,1,285722,27.95,2010,97,5.98,11.99
80000,Historical,868605,1,1,S,4,1,269412,39.95,2015,15,37.44,29.85
80001,Historical,587701,1,10,S,5,1,1082536,59.95,2012,16,55.76,50.53
80002,Historical,643938,0,0,S,3,1,472856,60.2,2009,19,0,0
80003,Historical,663498,0,0,S,2,1,1014359,63.95,2013,29,9.44,23.99
80004,Historical,1879691,1,3,S,10,1,534923,85.95,2008,62,0,43.94
80005,Historical,871551,0,0,S,2,1,404043,72.95,2012,43,0,61.39
80006,Historical,1943658,0,0,S,11,1,34819,49.95,2014,30,0,32.17
80007,Historical,1453462,1,1,S,3,1,275493,58,2014,35,0,25.98
80008,Historical,635621,0,0,S,6,1,546406,54.2,2012,23,4.99,37.98
80009,Historical,916979,0,0,S,5,1,578545,48.2,2009,31,4.99,6.99
80010,Historical,525923,1,1,S,3,1,38286,100.2,2012,101,46.37,33.99
80011,Historical,632098,0,0,S,3,1,144304,43,2012,30,24.73,12
80012,Historical,644545,0,0,S,3,1,151010,43,2012,46,26.14,35.99
80013,Historical,628696,0,0,S,7,1,626658,33.95,2010,31,37.39,15.89
80014,Historical,1519378,1,1,S,8,1,135941,44.95,2014,12,71.43,37.85
80015,Historical,1574705,0,0,S,4,1,993745,59.95,2008,15,55.76,46.03
80016,Historical,578952,0,0,S,4,1,156569,29.95,2010,123,4.99,8.54
80017,Historical,525917,1,1,S,3,1,339849,41.99,2012,112,11.63,30.99
80018,Historical,618722,0,0,S,5,1,57254,106.75,2013,85,4,33.94
80019,Historical,860196,0,0,S,3,1,1352505,112.95,2010,14,0,62.8
80021,Historical,614524,1,1,S,9,1,1230832,37.95,2008,60,5.06,11.86
80023,Historical,197659,0,0,S,4,1,997415,65.47,2005,28,28.37,50.59
80024,Historical,132748,0,0,S,12,1,1470821,93.33,2008,33,79.24,72.99
80025,Historical,552401,0,0,S,10,1,896968,93,2005,60,5.43,23.7
80026,Historical,553702,0,0,S,11,1,133643,90.6,2008,80,5.43,28.94
80027,Historical,633762,0,0,S,12,1,24144,33.14,2013,47,23.36,18.94
80028,Historical,54927,0,0,S,11,1,72499,13.95,2009,111,23.36,9.74
80030,Historical,616193,0,0,S,2,1,61931,97.2,2008,41,32.03,63.97
80031,Historical,867145,0,0,S,5,1,126393,112,2014,36,45.97,50.63
80032,Historical,1517179,0,0,S,6,1,716547,45.6,2014,16,0,44.99
80033,Historical,764361,0,0,S,5,1,928116,121.95,2003,28,45.9,91.35
80034,Historical,525908,0,0,S,7,1,36509,73.16,2011,39,48.83,74.65
80035,Historical,624840,0,0,S,4,1,870703,45.6,2001,25,0,37.24
80037,Historical,561518,0,0,S,5,1,503774,45.6,2012,21,27.77,37.95
80038,Historical,644553,0,0,S,6,1,842011,45.6,2012,17,22.99,45.6
80039,Historical,2485517,0,0,S,10,1,902271,45.6,2015,10,0,41.99
80040,Historical,635544,0,0,S,5,1,139697,45.6,2013,20,0,0
80041,Historical,1517772,0,0,S,11,1,169029,45.6,2015,14,0,43.75
80042,Historical,434952,0,0,S,3,1,347582,45.6,2010,97,13.39,18.79
80043,Historical,742751,0,0,S,3,1,1793951,45.6,2013,26,0,23.99
80044,Historical,1517591,0,0,S,5,1,315900,45.6,2015,14,0,39.69
80045,Historical,625612,0,0,S,6,1,218583,45.6,2013,26,0,23.34
80046,Historical,632449,0,0,S,5,1,309066,45.6,2012,36,0,0
80047,Historical,1517136,0,0,S,3,1,225498,48.8,2014,10,0,38.61
80048,Historical,633728,0,0,S,12,1,190084,45.6,2013,29,0,0
80049,Historical,561187,0,0,S,11,1,556367,40,2009,159,0,0
80050,Historical,561365,0,0,S,8,1,931687,44.2,2011,21,39.49,45.6
80054,Historical,540614,0,0,S,4,1,1037313,44.2,2012,37,14.93,36.83
80055,Historical,741015,0,0,S,8,1,1511405,36.67,2007,54,0,0
80057,Historical,116888,0,0,S,6,1,1203365,46.67,2005,18,0,64.1
80058,Historical,3473849,0,0,S,9,1,286758,160,2016,8,0,148.43
80059,Historical,615198,0,0,S,4,1,248943,45.6,2009,57,0,0
80061,Historical,540627,0,0,S,4,1,242314,45.6,2012,38,0,0
80062,Historical,561306,0,0,S,11,1,1072394,38.67,2010,74,6.35,23.97
80063,Historical,540720,0,0,S,12,1,192748,45.6,2012,60,6.35,26.24
80064,Historical,655502,0,0,S,2,1,327558,45.6,2011,15,0,0
80065,Historical,627363,0,0,S,2,1,376543,45.6,2011,21,0,0
80066,Historical,1516655,0,0,S,4,1,481302,45.6,2013,20,0,39.08
80067,Historical,603260,0,0,S,28,1,4262621,159,2011,14,14.14,21.03
80068,Historical,116059,0,0,S,2,1,1075742,147.8,2006,31,7.04,22.8
80070,Historical,539203,0,0,S,7,1,190101,190.8,2008,27,98.14,142.98
80071,Historical,561233,0,0,S,2,1,633839,40.2,2009,177,18.43,6
80072,Historical,867097,1,2,S,3,1,93351,42.6,2014,37,0,0
80073,Historical,265882,0,0,S,6,1,634078,132,2003,29,0,18.99
80074,Historical,1476472,0,0,S,2,1,928710,49.95,2014,17,27.28,20.67
80075,Historical,525897,0,0,S,7,1,935069,51.95,2002,36,7.98,10.49
80076,Historical,155225,0,0,S,6,1,2851257,53.95,1997,29,7.98,19.97
80077,Historical,525896,0,0,S,8,1,662739,115.95,2010,33,16.64,59.47
80078,Historical,183654,0,0,S,5,1,447467,36.4,2007,49,8.2,7.86
80079,Historical,500070,0,0,S,7,1,217367,147.95,2010,51,53.44,66.47
80080,Historical,111495,0,0,S,13,1,615775,84.55,2011,34,89.71,52.24
80081,Historical,613354,0,0,S,5,1,1374382,67.6,2006,37,3.99,23.98
80082,Historical,540734,1,1,S,4,1,505049,77.6,2013,28,32.64,55.99
80083,Historical,607394,0,0,S,11,1,1956900,51.4,2006,18,48.84,38.49
80084,Historical,561226,0,0,S,7,1,434610,62.6,2009,27,0,0
80085,Historical,631620,0,0,S,7,1,622795,62.6,2009,28,0,0
80086,Historical,647763,0,0,S,7,1,297402,81.4,2013,25,24.47,67.48
80087,Historical,870497,0,0,S,6,1,736891,67.53,2010,28,24.47,55.49
80088,Historical,552452,0,0,S,3,1,1496529,52.4,2006,49,24.5,16.48
80089,Historical,616038,0,0,S,4,1,267585,50.8,2009,26,24.5,28.99
80090,Historical,561722,1,3,S,8,1,10450,36.95,2012,120,11.44,20.49
80092,Historical,544193,0,0,S,5,1,134654,150.95,2012,123,14.11,27.93
80093,Historical,413378,0,0,S,1,0,371913,76.95,2001,39,14.11,28.99
80094,Historical,567458,0,0,S,4,1,463953,157.95,2009,28,14.11,51.05
80095,Historical,525892,0,0,S,3,1,87829,80.2,2009,94,40.49,62.03
80096,Historical,535826,1,1,S,11,1,31442,212.5,2013,31,9.74,69.62
80097,Historical,125930,0,0,S,4,1,1208437,49.95,2002,73,8.14,25.71
80098,Historical,161671,0,0,S,9,1,243586,17.47,2007,110,9.74,13.43
80099,Historical,704895,0,0,S,4,1,536136,68.55,2000,27,5.17,46.27
80100,Historical,297850,0,0,S,5,1,53118,75,2009,162,8.14,27.46
80101,Historical,527491,0,0,S,10,1,270321,44.99,2010,66,9.74,39.45
80102,Historical,873061,0,0,S,4,1,515203,29.94,2007,39,4,14.83
80103,Historical,111150,0,0,S,14,1,506379,73.41,2010,26,53.97,67.94
80104,Historical,1826978,1,2,S,21,1,376348,100.95,2013,31,0,77.99
80105,Historical,148674,0,0,S,19,1,2236084,102.95,2007,33,0,7.48
80106,Historical,1455081,0,0,S,13,1,877136,72.4,2015,19,0,67.66
80107,Historical,865460,1,1,S,14,1,399664,106,2014,23,89.71,100.37
80108,Historical,553172,0,0,S,12,1,1158259,72.4,2012,48,0,0
80109,Historical,111494,0,0,S,13,1,1267505,51.11,2011,31,0,53.23
80110,Historical,544695,0,0,S,25,1,257763,65.95,2013,38,8.94,35.99
80111,Historical,525887,0,0,S,24,1,1365097,65.95,2011,22,8.94,28.99
80112,Historical,562166,0,0,S,10,1,1013547,72.95,2009,11,0,54.91
80113,Historical,525881,0,0,S,14,1,180906,59.95,2012,23,33.99,43.98
80114,Historical,609639,0,0,S,4,1,1221856,98.95,2009,21,73.95,110.48
80115,Historical,553088,0,0,S,9,1,1328129,49,2011,27,0,18.16
80116,Historical,525879,0,0,S,6,1,373981,29.95,2010,64,35.48,11.94
80117,Historical,371477,0,0,S,6,1,1843254,71.95,2011,18,4.89,47.9
80118,Historical,147331,0,0,S,6,1,933861,61.95,2006,21,0,0
80119,Historical,608463,0,0,S,5,1,1911251,85.95,2008,15,4,14.51
80120,Historical,562229,0,0,S,9,1,980480,62.95,2009,18,0,111.39
80121,Historical,914960,0,0,S,10,1,345973,56.95,2010,24,6.94,10.98
80122,Historical,562230,0,0,S,9,1,3161213,62.95,2009,22,38.53,16.98
80123,Historical,913329,0,0,S,7,1,1941966,90.95,2010,39,4.38,30.99
80124,Historical,542053,0,0,S,5,1,169352,84.95,2010,23,4.78,53.99
80125,Historical,492118,0,0,S,6,1,984607,97.95,2011,75,6.33,58.59
80126,Historical,525875,0,0,S,7,1,872580,34.95,2010,96,27.99,7.69
80127,Historical,561699,0,0,S,15,1,913869,29.95,2009,56,0,0
80128,Historical,525801,1,1,S,9,1,293988,80.95,2011,37,12.99,68.71
80129,Historical,540584,0,0,S,5,1,741980,44.6,2010,22,45.79,71.2
80130,Historical,434923,0,0,S,9,1,634698,45.8,2010,30,0,14.07
80131,Historical,587662,0,0,S,16,1,925099,60.95,2012,35,17.74,13.99
80132,Historical,570578,0,0,S,8,1,968203,59.95,2010,18,0,59.95
80133,Historical,572326,0,0,S,7,1,2336410,66.95,2007,19,0,13.97
80134,Historical,525871,0,0,S,4,1,1174636,95.95,2009,22,23.38,40.01
80135,Historical,477634,0,0,S,3,1,2165062,80.95,2004,23,23.38,54.81
80136,Historical,525870,0,0,S,11,1,896888,61.95,2012,38,9.79,55.62
80137,Historical,544757,0,0,S,14,1,37322,66.95,2013,47,35.94,69.9
80138,Historical,545701,1,2,S,13,1,8614,38.99,2013,47,23.92,20.83
80139,Historical,204093,0,0,S,12,1,78330,35.99,2009,174,23.92,11.18
80140,Historical,525869,0,0,S,8,1,659022,73.95,2010,29,15.8,72.99
80141,Historical,60718,0,0,S,7,1,192994,52.95,2007,21,15.8,42.09
80142,Historical,178660,0,0,S,12,1,286535,60.95,2011,34,43.98,144.43
80143,Historical,716323,0,0,S,8,1,608332,58.8,2012,29,22.38,29.04
80144,Historical,664409,0,0,S,10,1,19795,81.2,2013,48,67.63,42.99
80146,Historical,902520,0,0,S,3,1,1712950,49.95,2009,20,8.84,38.99
80147,Historical,2374563,0,0,S,4,1,5952117,57.4,2003,19,80.49,4.58
80148,Historical,561340,0,0,S,2,1,411831,79,2010,38,29.74,14.99
80149,Historical,865441,1,2,S,9,1,414726,45.95,2014,24,31.13,39.35
80150,Historical,346425,0,0,S,12,1,1686804,84.95,2009,26,4.66,46.49
80151,Historical,649944,0,0,S,12,1,1303243,91.95,2011,30,6.48,75.75
80152,Historical,484058,0,0,S,4,1,491161,76.95,2010,39,6.48,13.94
80153,Historical,608480,0,0,S,11,1,534104,62.95,2010,18,8.94,22.76
80154,Historical,570470,0,0,S,8,1,735691,63.95,2011,25,19.19,58.46
80155,Historical,569627,0,0,S,7,1,5010562,100.95,2005,16,53.99,45.67
80156,Historical,525866,0,0,S,4,1,1229866,95.95,2010,32,14.13,17.98
80157,Historical,544367,0,0,S,5,1,62122,87.95,2013,31,43.78,54.09
80158,Historical,531259,0,0,S,7,1,161572,5.38,2007,89,9.44,10.98
80159,Historical,534838,0,0,S,8,1,65715,41,2011,72,9.44,8.98
80161,Historical,300464,0,0,S,4,1,148873,37.99,2011,38,0,0
80162,Historical,525805,0,0,S,3,1,1304854,58.95,2010,18,20.01,53.87
80164,Historical,612169,0,0,S,17,1,341528,56.6,2013,24,33.66,45.26
80165,Historical,716084,0,0,S,6,1,566424,54.2,2012,23,0,53.45
80166,Historical,871946,0,0,S,4,1,1263701,60.8,2006,34,26.25,66.42
80167,Historical,561181,0,0,S,5,1,1227274,60.8,2009,46,26.25,16.24
80168,Historical,540652,0,0,S,6,1,704368,64.2,2012,41,26.25,44.68
80170,Historical,204091,0,0,S,7,1,643491,30.99,2009,91,11.17,12.12
80171,Historical,367138,0,0,S,3,1,128426,31.99,2010,159,30.79,11.99
80172,Historical,1956341,0,0,S,3,1,375275,41,2012,21,35.73,32.66
80173,Historical,629211,1,1,S,9,1,79573,40.5,2012,60,25.27,36.25
80174,Historical,525865,1,1,S,8,1,921998,89.95,2012,19,4.99,88.15
80175,Historical,895350,0,0,S,8,1,405035,53.6,2014,18,25.9,47.29
80176,Historical,633137,0,0,S,7,1,1113140,53.6,2011,16,25.9,73.89
80177,Historical,715951,0,0,S,6,1,1333502,56.6,2012,18,0,55.55
80178,Historical,525863,0,0,S,5,1,610798,35.95,2009,33,26.23,19.99
80179,Historical,652410,0,0,S,6,1,72241,43.95,2013,24,26.23,33.89
80180,Historical,525862,0,0,S,6,1,532126,29.95,2010,83,22.94,10.94
80182,Historical,765367,0,0,S,8,1,767134,104.95,2000,32,0,64.77
80183,Historical,2381183,0,0,S,3,1,5231377,118.69,1995,21,56.99,30
80184,Historical,203856,0,0,S,6,1,1114469,27.95,2006,119,30.49,5.17
80185,Historical,204157,0,0,S,7,1,70021,31.99,2010,184,30.49,9.59
80186,Historical,868590,0,0,S,8,1,20981,36.99,2014,44,30.49,19.99
80187,Historical,147544,0,0,S,7,1,528845,29.95,2008,202,11.44,4.93
80188,Historical,525784,0,0,S,7,1,103427,36.99,2012,18,0,0
80189,Historical,905175,1,1,S,2,1,165817,32.95,2014,30,19.84,18.33
80190,Historical,544690,0,0,S,7,1,192800,70.95,2013,32,3.85,32.99
80191,Historical,567691,0,0,S,5,1,3007199,74.95,2008,25,3.85,21.94
80192,Historical,525859,0,0,S,7,1,1432867,85.95,2012,20,3.85,87.95
80193,Historical,587708,1,3,S,10,1,654276,127.95,2012,87,66.94,87.11
80194,Historical,212397,0,0,S,2,1,1548947,73.6,2006,37,14.18,22.81
80195,Historical,561218,0,0,S,3,1,842348,77.6,2009,33,14.18,12
80196,Historical,1574052,0,0,S,7,1,1121551,66.95,2006,45,15.39,13.98
80197,Historical,542031,0,0,S,4,1,808868,54.95,2009,27,0,8.49
80198,Historical,481223,0,0,S,4,1,4028870,31.2,1998,30,32.22,38.34
80199,Historical,870437,0,0,S,6,1,527504,58.8,2011,20,49.63,87.24
80200,Historical,858146,0,0,S,9,1,783503,53.6,2011,18,0,109.35
80201,Historical,906691,0,0,S,4,1,1348620,46.75,2013,16,30.11,43.75
80202,Historical,435250,0,0,S,7,1,549379,34.95,2012,39,28.56,16.99
80203,Historical,410096,0,0,S,3,1,1266690,31.95,2008,20,0,0
80204,Historical,867750,0,0,S,7,1,33595,40.95,2014,14,27.42,33.96
80205,Historical,249080,0,0,S,5,1,1015872,31.95,2007,76,27.42,13.96
80206,Historical,254016,0,0,S,5,1,39760,34.95,2011,48,29.59,36.99
80207,Historical,658051,1,2,S,2,1,457738,36.25,2013,18,46.6,61.81
80208,Historical,861000,0,0,S,12,1,519600,57.95,2012,25,39.99,44.63
80209,Historical,525853,0,0,S,6,1,770136,117.95,2012,51,23.97,53.97
80210,Historical,913818,0,0,S,10,1,1075316,96.95,2009,30,25.86,105.36
80211,Historical,346178,0,0,S,8,1,2088628,90.95,2007,32,4,10.12
80212,Historical,346458,0,0,S,9,1,1191894,84.95,2010,42,4,53.04
80213,Historical,525852,0,0,S,9,1,1494505,84.95,2012,38,4,28.47
80214,Historical,525931,0,0,S,7,1,188492,44.95,2010,93,11.69,9.59
80215,Historical,664306,0,0,S,8,1,336949,46.95,2013,88,11.69,18.99
80216,Historical,525851,0,0,S,11,1,1953465,104.95,2011,22,3.33,59.71
80218,Historical,644446,0,0,S,5,1,273613,76.95,2013,32,15.71,39.94
80219,Historical,594796,0,0,S,4,1,163164,39.99,2012,20,13.99,12.43
80220,Historical,607386,0,0,S,5,1,152155,46.67,2008,26,52.04,113.33
80221,Historical,595597,0,0,S,3,1,344348,57.75,2012,37,16.48,38.43
80222,Historical,539615,0,0,S,7,1,742941,47.6,2010,19,0,0
80223,Historical,918069,1,1,S,5,1,266564,56.6,2014,45,10.01,36.99
80224,Historical,553189,0,0,S,4,1,992649,53.6,2012,62,10.01,18.98
80225,Historical,664371,0,0,S,11,1,792194,54.2,2013,21,8.44,48.87
80226,Historical,252608,0,0,S,2,1,1108512,1.07,2009,58,16.48,12.99
80227,Historical,595602,0,0,S,8,1,134465,0,2012,17,0,178.27
80228,Historical,148393,0,0,S,4,1,1810353,75.95,2006,61,0,44.97
80229,Historical,533855,0,0,S,6,1,355779,61.95,2011,34,0,37.62
80230,Historical,867529,0,0,S,7,1,553602,65.95,2014,31,33.93,58.94
80231,Historical,148390,0,0,S,4,1,1551274,75.95,2006,31,4.03,44.03
80232,Historical,562094,0,0,S,5,1,1496909,68.95,2008,30,4.03,24.49
80233,Historical,867527,0,0,S,7,1,74200,65.95,2014,39,49.54,48.99
80234,Historical,540964,0,0,S,4,1,613139,42.95,2011,92,21.86,11.75
80235,Historical,867188,0,0,S,5,1,51476,42.95,2013,42,21.86,24.99
80236,Historical,525775,0,0,S,3,1,491567,35.95,2008,75,21.96,11.36
80237,Historical,534661,1,1,S,4,1,63348,42.95,2012,34,21.96,35.65
80238,Historical,561710,0,0,S,8,1,1003970,29.95,2010,25,16,45.8
80239,Historical,525845,0,0,S,9,1,1601092,62.95,2011,29,16.99,16.39
80240,Historical,642182,0,0,S,3,1,528375,53.95,2012,30,6.09,40
80241,Historical,561349,0,0,S,10,1,602449,55.47,2010,27,0,45.53
80242,Historical,169491,1,1,S,7,1,165580,218.95,2007,198,143.93,20.29
80243,Historical,614188,0,0,S,8,1,1134011,38.95,2008,53,4.98,22.42
80244,Historical,652270,1,1,S,9,1,3590,38.95,2013,64,19.99,23.79
80245,Historical,525843,0,0,S,8,1,75370,36.95,2010,272,19.99,11.9
80246,Historical,561656,0,0,S,7,1,341625,27.95,2007,176,19.99,8.49
80247,Historical,478832,0,0,S,11,1,925910,27.95,2008,94,6.37,5.99
80248,Historical,525839,0,0,S,11,1,45638,78.6,2012,46,44.3,56.43
80249,Historical,633153,0,0,S,3,1,890083,74.4,2011,21,5.94,35.98
80250,Historical,552343,0,0,S,6,1,1506359,49,2011,22,5.98,33.99
80251,Historical,637540,0,0,S,11,1,371346,54.2,2013,56,33.96,23.99
80252,Historical,593534,0,0,S,2,1,912256,14,2009,124,6.38,13.46
80253,Historical,533919,0,0,S,6,1,1525123,52.95,2008,21,37.99,261.61
80254,Historical,525837,0,0,S,9,1,1442667,63.95,2011,16,28.99,67.95
80255,Historical,525838,0,0,S,9,1,1337077,66.95,2010,19,3.83,63.99
80256,Historical,525836,0,0,S,9,1,717365,61.95,2010,22,18.25,53.99
80257,Historical,207741,0,0,S,16,1,2701525,21.38,2002,34,68.99,5.93
80258,Historical,679346,0,0,S,18,1,455780,42.17,2004,22,0,23.98
80259,Historical,670650,0,0,S,2,1,676848,50,2011,13,7.89,39.94
80260,Historical,545327,0,0,S,4,1,1225013,130.95,2010,48,108.26,13.93
80261,Historical,543768,0,0,S,11,1,1171470,98.95,2011,26,12.09,178.19
80262,Historical,861001,0,0,S,4,1,296040,36.95,2012,18,19.99,14.74
80263,Historical,561698,0,0,S,7,1,369531,35.95,2009,53,27.54,14.03
80264,Historical,552965,0,0,S,2,1,1450912,42,2008,22,23.09,41.14
80265,Historical,868102,1,3,S,5,1,213876,47,2014,22,34.99,42.88
80266,Historical,619778,1,4,S,5,1,833845,44.2,2010,43,34.99,28.99
80267,Historical,298757,1,1,S,6,1,39854,58.99,2009,103,29.99,29.19
80268,Historical,191975,1,1,S,5,1,768596,15.58,2006,161,29.99,10.98
80269,Historical,542032,0,0,S,9,1,932535,73.95,2009,31,36.74,67.63
80270,Historical,543767,0,0,S,3,1,1694091,65.95,2011,26,43.64,48.99
80271,Historical,567646,0,0,S,2,1,3759341,64.95,2008,25,43.64,23.99
80272,Historical,525833,0,0,S,4,1,814909,29.95,2009,57,14.88,24
80273,Historical,435216,0,0,S,6,1,60077,34.95,2009,202,30.8,17.93
80274,Historical,862321,0,0,S,5,1,29182,42.95,2014,29,25.62,27.39
80275,Historical,499524,1,1,S,4,1,500972,36.95,2010,49,25.62,11.08
80276,Historical,862324,0,0,S,8,1,17366,38.95,2014,45,33.65,32.29
80277,Historical,410401,0,0,S,7,1,538288,35.95,2012,88,33.65,10.99
80278,Historical,592351,0,0,S,6,1,1020837,27.95,2008,93,33.65,11.98
80279,Historical,499560,0,0,S,8,1,89443,36.95,2012,84,28.94,15.49
80280,Historical,495640,0,0,S,7,1,744532,29.95,2009,159,28.94,10.52
80281,Historical,764120,0,0,S,4,1,1500375,125.95,2001,44,4.68,10.99
80282,Historical,647483,0,0,S,13,1,652716,46.67,2011,20,4.84,78.32
80283,Historical,552832,0,0,S,14,1,2997078,56.6,2011,15,0,18.99
80286,Historical,1481460,0,0,S,7,1,677743,56.2,2012,46,0,13.99
80287,Historical,252829,0,0,S,2,1,299840,40.5,2011,27,4,17.6
80289,Historical,525831,0,0,S,10,1,1251812,88.95,2011,23,7.17,73.98
80290,Historical,525830,0,0,S,9,1,967038,70.95,2010,23,7.23,54.35
80291,Historical,245160,0,0,S,2,1,1033340,100.95,2005,37,12.05,16.98
80292,Historical,525829,0,0,S,3,1,547934,91.95,2009,45,12.05,38.95
80293,Historical,525824,0,0,S,4,1,1213336,99.95,2011,30,0,99.94
80294,Historical,861002,0,0,S,11,1,1381394,78.95,2012,17,30.49,85.11
80295,Historical,525821,0,0,S,7,1,550681,111.95,2011,28,28.63,51.9
80296,Historical,451722,0,0,S,6,1,1960974,118.95,2008,36,28.63,35.24
80297,Historical,664267,0,0,S,13,1,120268,58.95,2013,16,39.69,48.05
80298,Historical,630124,0,0,S,14,1,418169,66.95,2008,26,21.82,8.75
80299,Historical,456673,0,0,S,15,1,330713,59.95,2011,19,21.82,96.42
80300,Historical,525820,0,0,S,7,1,1276478,41,2010,29,4,52.49
80301,Historical,556939,0,0,S,14,1,673340,40.4,2012,35,4.77,33.94
80302,Historical,608443,0,0,S,8,1,1311084,123.95,2007,36,65.14,18.99
80303,Historical,567674,0,0,S,7,1,1436538,100.95,2008,25,5.48,34.99
80304,Historical,525819,0,0,S,10,1,1091031,100.95,2006,23,0,54.88
80305,Historical,525814,0,0,S,11,1,360328,81.95,2010,27,3.99,52.89
80306,Historical,612974,1,1,S,13,1,822741,38.95,2007,114,13.74,8.58
80307,Historical,147674,1,1,S,14,1,75083,38.95,2011,59,13.74,29.24
80308,Historical,660660,0,0,S,5,1,765352,50,2014,25,7.59,34.67
80309,Historical,545259,1,1,S,4,1,294022,30.95,2010,47,4.98,13.77
80310,Historical,210773,0,0,S,4,1,39645,64.95,2010,16,0,0
80311,Historical,902317,0,0,S,6,1,373753,40,2014,20,32.43,25.03
80312,Historical,868600,0,0,S,5,1,16375,62.95,2015,11,55.98,53.35
80313,Historical,639153,0,0,S,10,1,669886,55.4,2010,28,0,40.99
80315,Historical,859762,0,0,S,6,1,743966,30.95,2008,36,8.99,11.95
80316,Historical,592337,0,0,S,1,0,1173051,41.95,2008,42,21.68,20.51
80317,Historical,436988,0,0,S,6,1,823781,65.95,2009,11,4.98,65.95
80318,Historical,525794,0,0,S,21,1,1113590,55.95,2010,31,31.88,50.7
80320,Historical,908950,0,0,S,6,1,123592,35.95,2014,31,30.95,23.49
80321,Historical,871895,0,0,S,5,1,82042,44.95,2012,16,29.29,36.98
80322,Historical,865628,0,0,S,10,1,1652574,49.8,2012,30,0,48.11
80323,Historical,109796,0,0,S,17,1,1045875,16.22,2006,50,5.69,13.79
80324,Historical,544723,0,0,S,12,1,475210,65.95,2013,18,0,64.36
80325,Historical,243991,0,0,S,10,1,1236281,100.95,2011,41,3.83,49.43
80326,Historical,861713,0,0,S,5,1,1130755,57.95,2013,28,34.51,39.93
80327,Historical,525804,0,0,S,13,1,721317,102.95,2012,60,4.97,62.26
80328,Historical,291728,1,1,S,12,1,1096452,112.95,2010,25,4.97,14.39
80329,Historical,525803,0,0,S,36,1,326867,58.95,2012,37,9.28,72.71
80330,Historical,525764,0,0,S,8,1,575005,31.95,2008,94,17.58,11.97
80331,Historical,862327,1,1,S,7,1,115417,71.95,2014,27,16.48,49.98
80332,Historical,499061,0,0,S,6,1,63456,65.95,2010,105,16.48,23.99
80333,Historical,525802,1,2,S,7,1,968111,105.95,2010,60,80.36,17.94
80334,Historical,862328,0,0,S,8,1,872151,111.95,2014,25,80.36,73.99
80335,Historical,182827,0,0,S,5,1,1861210,82.95,2003,37,80.36,25.98
80336,Historical,60538,1,1,S,6,1,649183,115.95,2007,33,80.36,48.83
80337,Historical,1623192,0,0,S,6,1,1053957,100.95,2008,53,0,45.96
80338,Historical,544659,0,0,S,21,1,1059090,41.95,2013,11,0,25.97
80339,Historical,767021,0,0,S,20,1,3066724,45.95,2010,20,0,12.49
80340,Historical,869516,0,0,S,0,0,362768,62.95,2015,14,54.75,54.19
80341,Historical,538607,1,1,S,5,1,99734,95.41,2012,20,0,84.5
80342,Historical,525793,0,0,S,9,1,822664,84.75,2012,21,12.79,57.38
80343,Historical,1982493,0,0,S,4,1,127410,33,2014,23,36.32,26.97
80344,Historical,1779903,0,0,S,7,1,981231,40.5,2014,10,47.07,39.83
80345,Historical,290233,0,0,S,6,1,927280,28.99,2011,39,47.07,12.99
80346,Historical,1458799,0,0,S,2,1,938674,49,2010,18,0,62.89
80347,Historical,203945,0,0,S,3,1,1221448,30.95,2008,59,3.99,25.99
80348,Historical,866712,0,0,S,9,1,400481,84.25,2013,16,12.69,42.99
80349,Historical,111154,0,0,S,8,1,1158242,11.99,2010,38,12.69,11.99
80350,Historical,550821,0,0,S,7,1,529205,68.25,2010,16,10.79,46.67
80351,Historical,550381,0,0,S,6,1,2384915,103.02,2008,17,10.79,73.47
80352,Historical,245014,0,0,S,2,1,2215231,106.95,2004,29,4.48,9.98
80353,Historical,525787,0,0,S,3,1,1367779,109.95,2010,30,4.48,35
80354,Historical,204081,0,0,S,9,1,1352921,30.95,2008,56,14.98,7.15
80355,Historical,525782,0,0,S,7,1,680897,50.26,2012,30,29.89,49.57
80356,Historical,111189,0,0,S,6,1,1300145,10.97,2010,25,29.89,20.97
80357,Historical,525781,0,0,S,7,1,253741,48.99,2012,25,40.32,35.33
80358,Historical,525779,0,0,S,6,1,1311463,46.67,2007,23,4.02,25.99
80359,Historical,657864,0,0,S,8,1,327144,99.75,2013,26,66.36,77.13
80360,Historical,600534,0,0,S,6,1,989200,35.99,2009,69,26.99,9.39
80361,Historical,655220,0,0,S,7,1,123986,42.99,2013,33,26.99,24.85
80363,Historical,642746,0,0,S,9,1,1553105,46.95,2004,21,0,53.67
80364,Historical,525773,0,0,S,4,1,539807,42.99,2011,26,0,42.99
80365,Historical,247475,0,0,S,4,1,747324,35,2011,27,22.08,27.99
80366,Historical,270987,0,0,S,2,1,526108,33.99,2011,33,10.23,26.95
80367,Historical,203925,0,0,S,8,1,675398,30.99,2010,71,27.74,30.34
80368,Historical,167280,0,0,S,5,1,1265029,9.49,2008,31,29.05,20.94
80369,Historical,300452,0,0,S,9,1,371951,31.99,2009,83,11.54,8.99
80370,Historical,525769,0,0,S,5,1,349066,37.95,2009,93,24.06,19.98
80371,Historical,861712,0,0,S,5,1,18174,37.95,2013,56,32.24,26.8
80372,Historical,248870,0,0,S,3,1,1373296,27.95,2006,65,32.24,5.99
80373,Historical,525768,0,0,S,4,1,256180,35.95,2010,78,32.24,8.89
80374,Historical,288769,0,0,S,5,1,460186,49.95,2001,29,43.73,43.98
80376,Historical,525766,0,0,S,10,1,874340,30.99,2009,46,20.92,6.98
80377,Historical,261565,0,0,S,4,1,2044259,42.94,1995,26,13.01,20.94
80378,Historical,862329,0,0,S,0,0,47032,73,2014,23,46.99,57.54
80379,Historical,254492,0,0,S,7,1,248814,97.95,2011,44,38.45,38.72
80380,Historical,2028143,0,0,S,2,1,619014,62,2010,13,0,50.85
80381,Historical,3077813,0,0,S,5,1,416387,59,2015,10,0,48.32
80382,Historical,297875,0,0,S,13,1,458304,150.95,2011,45,62.03,121.51
80383,Historical,544646,0,0,S,7,1,23962,213.95,2013,67,72.49,83.99
80384,Historical,542282,0,0,S,7,1,2100231,90.95,2010,19,0,64.85
80385,Historical,544657,1,1,S,21,1,584353,100.95,2013,42,13.89,47.37
80386,Historical,544656,0,0,S,21,1,866257,103.95,2013,31,5.99,45.99
80387,Historical,531860,0,0,S,20,1,767896,107.95,2010,56,0,10.84
80388,Historical,865459,0,0,S,3,1,425100,70,2014,23,0,56.26
80389,Historical,550927,0,0,S,2,1,368832,36.99,2011,41,0,53.93
80390,Historical,1956564,0,0,S,7,1,104961,62,2014,49,43.99,42.96
80391,Historical,538660,0,0,S,6,1,309516,59.5,2013,40,5.35,25.96
80392,Historical,426142,0,0,S,2,1,127020,49.95,2000,51,0,0
80393,Historical,862386,0,0,S,5,1,10431,34.99,2014,64,28.92,25.94
80394,Historical,525754,0,0,S,2,1,288235,56.95,2012,35,28.92,49.72
80395,Historical,175130,0,0,S,4,1,89341,32.99,2010,64,28.92,21.99
80396,Historical,868285,1,3,S,2,1,578018,64,1989,30,90.59,43.27
80397,Historical,287313,0,0,S,7,1,185812,79.95,2010,38,12.81,12.12
80398,Historical,525753,0,0,S,3,1,145692,68.8,2012,35,11.44,48.99
80399,Historical,121335,0,0,S,4,1,497370,40.8,2009,17,10.05,31.68
80400,Historical,203332,0,0,S,4,1,3117527,42.95,2000,33,33.76,6.98
80401,Historical,525752,0,0,S,6,1,180578,78.99,2012,42,33.76,35.18
80402,Historical,619385,0,0,S,2,1,420659,66.95,2008,33,21.94,43.64
80403,Historical,681205,0,0,S,4,1,24545,24.95,2013,148,20.21,22.46
80404,Historical,241557,0,0,S,2,1,1236223,22.95,2000,71,20.21,9.77
80405,Historical,241556,1,1,S,3,1,190291,24.95,2007,146,20.21,7.99
80406,Historical,127642,0,0,S,3,1,102166,55,2009,44,34.54,42.5
80407,Historical,579662,0,0,S,0,0,1000641,110.95,2005,25,0,39.99
80408,Historical,247806,0,0,S,2,1,243208,36.95,2007,32,9.17,23.98
80409,Historical,619724,0,0,S,3,1,992969,51.95,2003,42,0,0
80410,Historical,117018,0,0,S,1,0,286701,158,2010,48,0,28.39
80411,Historical,157564,0,0,S,2,1,83037,50.95,2009,57,0,0
80412,Historical,553304,0,0,S,5,1,370917,49.99,2012,39,14.53,42.06
80413,Historical,607881,0,0,S,7,1,216085,44.8,2002,65,21.38,14.92
80414,Historical,54483,0,0,S,8,1,261362,43.33,2005,61,21.38,33.93
80415,Historical,1455996,0,0,S,11,1,668929,67.13,2014,16,0,53.85
80416,Historical,110239,0,0,S,3,1,187508,56.75,2008,47,16.87,35.83
80417,Historical,607924,0,0,S,2,1,459830,23,2005,47,28.66,25.62
80418,Historical,322721,0,0,S,3,1,638972,25,2008,41,28.66,32.94
80419,Historical,864870,0,0,S,5,1,25906,39.2,2014,70,28.66,28.99
80420,Historical,525749,0,0,S,4,1,236752,25,2010,39,28.66,68.79
80422,Historical,864516,0,0,S,2,1,9241,40.63,2014,37,31.9,29.35
80423,Historical,141649,1,1,S,10,1,1360537,58.57,2004,45,0,54.97
80424,Historical,131793,0,0,S,3,1,1971669,96,2004,47,74.75,10.89
80425,Historical,2618786,0,0,S,2,1,2632295,91.95,1993,51,97.01,8.5
80426,Historical,131303,0,0,S,2,1,2606779,75,1999,38,74.75,11.79
80427,Historical,131508,0,0,S,1,0,192116,135.2,2002,42,0,0
80428,Historical,645620,0,0,S,2,1,381457,72.99,2006,31,20.94,24.99
80430,Historical,544760,0,0,S,1,0,50661,175.95,2013,86,0,57.93
80431,Historical,178913,0,0,S,1,0,356342,163.95,2010,93,0,41.98
80432,Historical,114449,1,1,S,2,1,841670,73.4,2001,32,43.99,63.5
80433,Historical,599670,0,0,S,0,0,1375195,22,2006,30,7.98,13.99
80434,Historical,112323,1,1,S,1,0,162827,106.25,2007,18,4.01,50.99
80435,Historical,547874,0,0,S,6,1,1374060,105,1998,38,4.01,9.96
80437,Historical,456884,0,0,S,4,1,270051,193.95,2010,77,7.18,26.91
80438,Historical,1571701,0,0,S,1,0,144314,21.99,2006,98,13.98,10.98
80439,Historical,766871,0,0,S,2,1,3319497,73.95,2001,23,40.53,33.28
80440,Historical,178850,0,0,S,3,1,295759,76.95,2006,50,40.53,75.61
80442,Historical,286405,0,0,S,7,1,104171,96.8,2010,34,52.95,61.13
80443,Historical,655020,0,0,S,2,1,187533,42,2013,33,15.99,13.69
80444,Historical,864774,1,1,S,6,1,25940,44.95,2014,66,26.32,24.99
80445,Historical,533404,0,0,S,4,1,11471,49.95,2012,66,22.74,26.73
80446,Historical,2271682,0,0,S,5,1,1797442,83.9,2011,21,0,38.72
80447,Historical,2263930,1,1,S,5,1,1508743,82.08,2011,24,0,35.87
80448,Historical,57843,0,0,S,7,1,713563,54.95,2001,45,14.92,9.98
80449,Historical,57842,0,0,S,8,1,63212,65,2007,63,14.92,22.72
80450,Historical,596176,0,0,S,2,1,1086788,44,1983,61,0,15.99
80451,Historical,663730,0,0,S,4,1,205649,59,2013,33,29.94,48.25
80452,Historical,557281,0,0,S,4,1,1257955,114.67,2005,30,5.49,63.43
80453,Historical,131730,1,1,S,4,1,154144,160,2003,59,5.49,43.87
80454,Historical,409256,0,0,S,3,1,823728,59,1996,136,0,18.94
80455,Historical,242747,0,0,S,8,1,12025,44.95,2010,42,26.63,23.83
80456,Historical,643880,1,4,S,8,1,298011,44.95,2010,34,0,43.49
80457,Historical,106830,0,0,S,4,1,258266,47,2011,30,13.93,12.98
80458,Historical,642944,0,0,S,2,1,593596,45,2010,15,0,31.57
80459,Historical,758507,0,0,S,3,1,1682592,85,1998,31,21.7,40.89
80460,Historical,624998,0,0,S,4,1,124641,110,2005,27,21.7,77.93
80461,Historical,664337,0,0,S,1,0,382250,51,2013,25,0,35.79
80463,Historical,608762,0,0,S,7,1,3508433,148.95,2003,44,95.31,13.49
80464,Historical,619871,0,0,S,5,1,612589,55.75,2003,27,0,19.48
80466,Historical,2073449,0,0,S,2,1,785324,199.99,2011,21,0,152.47
80468,Historical,143199,0,0,S,7,1,1494510,75,2008,18,228.89,63.99
80469,Historical,1506730,0,0,S,6,1,1330192,80,2013,1,0,80
80470,Historical,652756,0,0,S,4,1,161098,80,2010,9,53.98,73.94
80472,Historical,525733,0,0,S,2,1,894564,44.99,2010,21,13.91,34.25
80473,Historical,114501,0,0,S,2,1,2126119,54.99,2002,45,13.91,8.99
80474,Historical,152323,0,0,S,2,1,1421337,69.95,2006,60,20.46,14.56
80475,Historical,610705,0,0,S,3,1,61851,95,2014,30,46.55,57.82
80476,Historical,832377,0,0,S,2,1,3270303,187.95,2003,55,33.46,10.4
80477,Historical,619325,0,0,S,5,1,52298,183.95,2012,47,33.46,107.59
80478,Historical,1698062,0,0,S,1,0,634819,49.95,2006,34,0,31.62
80479,Historical,683647,0,0,S,1,0,181762,24.95,2012,28,14.57,46.96
80480,Historical,525731,0,0,S,3,1,1225159,76.95,2012,35,12.65,63.33
80481,Historical,525730,0,0,S,2,1,984514,74.95,2009,34,17.74,33.99
80482,Historical,538773,0,0,S,10,1,196592,192.75,2012,47,66.04,128.94
80483,Historical,655695,0,0,S,9,1,1253888,28.71,2006,7,164.91,28.71
80484,Historical,767115,0,0,S,7,1,2092693,163.95,1997,25,4,23.19
80485,Historical,308608,0,0,S,4,1,3833538,16.73,2002,18,167.7,16.73
80486,Historical,131388,0,0,S,5,1,1363482,87.4,2000,47,93.99,15.99
80487,Historical,120121,0,0,S,1,0,84708,196.4,2011,49,0,71.99
80488,Historical,199173,0,0,S,1,0,161866,119,2004,23,0,86.49
80490,Historical,2626369,0,0,S,6,1,1890854,199.95,1995,22,4,109.56
80491,Historical,2251803,0,0,S,7,1,610411,107.04,2008,42,9.72,54.41
80492,Historical,161857,0,0,S,8,1,564128,209.75,2007,27,0,0
80493,Historical,608341,0,0,S,4,1,1874326,6.25,2002,59,29.76,6.48
80494,Historical,161917,0,0,S,5,1,1884736,59.74,2006,20,0,23.78
80495,Historical,525729,0,0,S,7,1,733336,54.25,2012,17,0,38.72
80496,Historical,2390553,0,0,S,4,1,2355565,35.98,1987,27,123.97,9.99
80497,Historical,613270,0,0,S,1,0,525222,48,1990,58,0,15.99
80498,Historical,623018,0,0,S,7,1,3062326,38.7,1995,38,4,15.98
80499,Historical,315073,0,0,S,11,1,213214,177.4,2006,25,43.42,173.95
80500,Historical,2625166,0,0,S,2,1,2975928,72.95,1995,24,4.52,22.24
80502,Historical,633168,0,0,S,3,1,930342,45,2011,20,14.47,30.69
80503,Historical,699402,0,0,S,4,1,54738,59.9,2012,17,128.48,67.3
80504,Historical,525723,0,0,S,2,1,590728,60,2010,63,23.78,35.34
80507,Historical,307838,0,0,S,8,1,322538,78,2009,13,0,77.38
80509,Historical,3711036,0,0,S,3,1,673217,79.95,2016,0,0,77.06
80510,Historical,271021,0,0,S,2,1,840745,60,2010,19,0,0
80512,Historical,609501,0,0,S,4,1,1203528,135.95,2005,22,0,27.04
80513,Historical,2833645,0,0,S,2,1,722817,34,2004,39,64.13,13.7
80514,Historical,634304,0,0,S,2,1,356362,76,2009,26,65.9,59.25
80515,Historical,525716,0,0,S,4,1,542222,40.95,2008,28,0,33.76
80516,Historical,748821,0,0,S,2,1,2405637,85,2008,12,56.91,104.09
80517,Historical,719581,0,0,S,1,0,532684,55,1999,47,0,6.83
80518,Historical,543968,0,0,S,5,1,804287,48.95,2013,20,13.99,25.98
80519,Historical,538167,0,0,S,4,1,404859,58,2005,26,0,0
80520,Historical,619362,0,0,S,12,1,793628,33,2009,38,14.52,7.98
80521,Historical,867758,0,0,S,4,1,583407,59.99,2013,31,51.24,52.04
80522,Historical,1478421,0,0,S,2,1,2408477,195,2012,10,10.01,11.1
80524,Historical,774931,0,0,S,2,1,3494770,37.95,1998,14,33.69,93.01
80525,Historical,525712,0,0,S,4,1,138570,58.95,2010,45,33.69,33.98
80526,Historical,545927,0,0,S,6,1,59777,118,2012,70,35.29,89.78
80527,Historical,525708,1,1,S,3,1,807938,95.95,2009,30,0,18.96
80528,Historical,1538980,0,0,S,2,1,2919357,99.95,2006,14,0,16.74
80529,Historical,624466,0,0,S,3,1,583631,49.95,2004,43,0,14.99
80531,Historical,1488845,0,0,S,2,1,607070,51.95,2007,23,9.26,45.12
80532,Historical,162830,0,0,S,2,1,28746,89.95,2009,37,33.12,48.98
80533,Historical,55486,0,0,S,3,1,2455404,254.95,2006,49,103.99,4.8
80534,Historical,111649,0,0,S,3,1,911778,336,2011,23,123.69,178.87
80535,Historical,53306,0,0,S,5,1,3763503,174.95,2005,32,133.99,18.56
80536,Historical,271064,1,1,S,5,1,219076,119.5,2010,55,104.95,39.04
80537,Historical,2106061,0,0,S,6,1,1016224,42.95,2015,13,38.79,38.71
80538,Historical,54072,0,0,S,7,1,660861,142.67,2004,87,36.99,22.77
80539,Historical,144439,0,0,S,7,1,167394,138.67,2004,141,36.99,37.77
80540,Historical,560815,0,0,S,7,1,1985194,138.67,2004,18,4.99,73.53
80541,Historical,618918,0,0,S,5,1,17383,54.99,2012,52,23.99,23.94
80542,Historical,58175,1,2,S,2,1,780529,34.99,2000,91,24.83,17.48
80543,Historical,108708,0,0,S,3,1,86836,54.89,2003,35,10.98,83.11
80544,Historical,569356,0,0,S,2,1,464959,236.95,1990,56,8.88,33.48
80545,Historical,612692,0,0,S,5,1,27487,60,2013,64,45.82,47.15
80546,Historical,2366291,0,0,S,3,1,9157173,63,1994,13,112.99,43.83
80547,Historical,1439124,0,0,S,5,1,1803985,96.75,2006,15,42.29,65.28
80548,Historical,861718,0,0,S,6,1,783319,52.95,2013,25,40.38,37.99
80549,Historical,585988,0,0,S,6,1,882387,34.95,2003,35,41.89,38.34
80550,Historical,647378,0,0,S,2,1,220422,59.95,2010,34,46.49,50.92
80551,Historical,237553,0,0,S,6,1,248719,0,2009,21,41.89,43.94
80554,Historical,245970,0,0,S,1,0,478715,32,2005,22,28.7,23.99
80555,Historical,922432,0,0,S,2,1,79703,41.95,2001,94,36.92,9.5
80556,Historical,620043,0,0,S,0,0,890761,40,2005,34,137.72,38.34
80557,Historical,271887,0,0,S,2,1,1130792,44.95,2008,20,12.17,31.83
80558,Historical,642200,0,0,S,2,1,290642,89.95,2012,35,56.19,33.99
80559,Historical,1557516,0,0,S,1,0,35241,57.95,2014,30,0,43.84
80560,Historical,2120056,0,0,S,0,0,869506,47.95,2006,21,0,13.99
80561,Historical,618236,0,0,S,2,1,245306,100,2012,29,47.19,65.31
80562,Historical,392707,0,0,S,2,1,465423,50,2007,36,41.64,43.58
80563,Historical,865571,0,0,S,2,1,487800,50,2013,25,23.98,24.32
80564,Historical,177244,0,0,S,7,1,2142253,96.95,2004,50,74.95,15.84
80565,Historical,53131,0,0,S,8,1,1034787,74.95,2006,43,74.95,8.98
80566,Historical,663252,0,0,S,0,0,24175,55,2013,41,29.54,32.48
80568,Historical,525701,0,0,S,2,1,818755,47.95,2008,23,37.03,34.49
80569,Historical,853950,0,0,S,3,1,254924,49.95,2003,96,16.48,27.55
80570,Historical,2342886,0,0,S,3,1,1638013,99.95,1997,17,28.67,99.85
80571,Historical,861007,0,0,S,2,1,837838,69.95,2012,15,59.24,48.15
80572,Historical,2390618,0,0,S,0,0,953723,85.33,1969,21,0,65.99
80573,Historical,525696,0,0,S,10,1,284547,71.2,2009,26,39.97,131.6
80574,Historical,162714,0,0,S,1,0,353241,165.5,2008,41,9.39,58.09
80575,Historical,646529,0,0,S,3,1,48486,39.95,2008,26,33.99,69.47
80576,Historical,866655,0,0,S,3,1,28853,61,2014,42,40.98,46.18
80577,Historical,545672,0,0,S,3,1,1142955,284.99,2012,25,3.99,37.8
80578,Historical,3148101,0,0,S,10,1,312584,129.99,1993,21,0,72.38
80579,Historical,620264,0,0,S,2,1,20823,49.99,2010,58,0,0
80580,Historical,541397,0,0,S,4,1,236163,65.95,2013,22,23.66,53.83
80582,Historical,525691,0,0,S,3,1,72641,53.95,2012,63,33.82,33.58
80583,Historical,2721878,0,0,S,3,1,1110119,51.95,1998,22,0,116.18
80585,Historical,621451,0,0,S,3,1,322978,112.95,2004,34,30.74,29.87
80586,Historical,2236984,0,0,S,3,1,60352,45,2014,15,0,40.5
80587,Historical,642164,0,0,S,1,0,100777,59.99,2012,46,38.28,41.08
80588,Historical,525689,0,0,S,2,1,547535,59.99,2013,53,37.61,41.74
80589,Historical,758897,0,0,S,3,1,3351513,120,1999,21,46.98,22.98
80590,Historical,618545,0,0,S,5,1,318025,160,2012,31,46.98,68.98
80591,Historical,663293,0,0,S,2,1,86122,99.95,2013,46,0,37.32
80592,Historical,2573040,0,0,S,2,1,1455473,220,1990,38,15.03,42.98
80593,Historical,165640,0,0,S,2,1,767812,155,2004,34,24.63,79.95
80594,Historical,321570,0,0,S,3,1,702943,162.6,1996,24,0,113.99
80597,Historical,165032,0,0,S,2,1,565154,22.94,2004,56,95.7,12.1
80598,Historical,101422,0,0,S,3,1,471953,181.95,2003,27,0,67.81
80599,Historical,109312,0,0,S,7,1,26098,141.52,2005,98,41.82,79.21
80600,Historical,1777587,0,0,S,5,1,2593394,104.75,2012,15,0,69.38
80601,Historical,1829100,0,0,S,0,0,635849,68.38,2013,3,0,78.35
80602,Historical,845311,0,0,S,2,1,4754094,94.9,1990,32,160.46,32.36
80603,Historical,655045,0,0,S,1,0,30695,64.99,2013,13,0,40.97
80604,Historical,631169,1,1,S,22,1,1744794,115,2010,19,0,68.77
80605,Historical,536012,0,0,S,22,1,17057,42.95,2013,57,25.89,26.99
80606,Historical,2264739,0,0,S,21,1,1353279,15.84,2008,35,31.85,18.52
80607,Historical,527183,0,0,S,21,1,1855421,120,2012,13,0,4
80608,Historical,543152,0,0,S,22,1,938776,97.5,2013,23,24.33,51.24
80609,Historical,543140,0,0,S,22,1,1788,45.95,2013,216,24.33,23.93
80611,Historical,287118,0,0,S,2,1,102768,64.95,2010,20,0,61.28
80612,Historical,104644,0,0,S,2,1,1778614,54.95,1995,22,85.2,73.53
80613,Historical,2909816,0,0,S,0,0,672817,29.95,2005,22,38.7,73.98
80614,Historical,112643,0,0,S,0,0,1525019,0,2005,30,5.49,82.77
80616,Historical,848599,0,0,S,2,1,3162572,93.33,1998,36,84.43,11.92
80617,Historical,664938,0,0,S,3,1,1579300,55,2013,14,17.83,50.44
80618,Historical,177645,0,0,S,5,1,329221,155.95,2004,54,13.99,62.79
80619,Historical,102657,1,1,S,10,1,8351,24.99,2006,310,4.39,13.66
80621,Historical,110510,0,0,S,13,1,869242,58.5,2008,44,0,16.95
80622,Historical,867436,0,0,S,16,1,77080,70.25,2014,32,0,49.53
80623,Historical,111940,0,0,S,14,1,543249,213.01,2010,41,0,28.99
80624,Historical,1822535,0,0,S,8,1,45436,70.25,2014,29,0,55.06
80625,Historical,111954,0,0,S,6,1,1397863,59.75,2010,45,0,32.96
80626,Historical,537537,0,0,S,7,1,735507,8.99,2012,50,0,30.55
80627,Historical,612101,0,0,S,4,1,100130,54.25,2013,25,0,0
80628,Historical,111371,0,0,S,14,1,950547,35.95,2010,31,0,12.89
80629,Historical,110638,0,0,S,2,1,1180087,85.77,2006,62,0,10.84
80630,Historical,111950,0,0,S,4,1,214334,70.25,2011,33,0,47.88
80631,Historical,537552,0,0,S,3,1,112380,70.25,2012,36,0,41.72
80632,Historical,110512,0,0,S,2,1,110400,11.94,2008,66,0,41.25
80633,Historical,110791,0,0,S,5,1,1223214,43.1,2009,37,0,43.99
80634,Historical,612684,0,0,S,13,1,43012,49.13,2013,34,0,31.22
80636,Historical,110647,0,0,S,12,1,271927,305.2,2011,30,0,84.36
80637,Historical,110643,0,0,S,11,1,1125283,15,2009,55,0,25.57
80638,Historical,111957,0,0,S,9,1,849293,87.5,2011,27,0,18.94
80639,Historical,112066,0,0,S,8,1,585397,59.75,2009,42,0,11.31
80640,Historical,1830069,0,0,S,10,1,510713,43.5,2013,1,0,67.1
80641,Historical,537549,0,0,S,10,1,137255,16.49,2012,57,0,41.99
80642,Historical,612497,1,2,S,11,1,47576,70.25,2013,46,0,41.33
80643,Historical,112094,0,0,S,9,1,817446,12.99,2009,37,0,12.08
80644,Historical,110290,0,0,S,8,1,945437,18.7,2007,46,0,8.36
80645,Historical,111958,0,0,S,10,1,274073,86.06,2011,40,0,84.92
80646,Historical,112065,0,0,S,9,1,1020300,28.49,2009,42,0,23.58
80647,Historical,538521,0,0,S,2,1,360784,70.25,2011,22,0,51.73
80648,Historical,913912,0,0,S,10,1,404213,93.94,2014,26,0,61.88
80649,Historical,110289,0,0,S,7,1,2889982,7.88,2007,31,0,61.51
80650,Historical,285434,0,0,S,8,1,80411,16.84,2009,31,0,28.99
80651,Historical,538863,0,0,S,9,1,133701,13.72,2012,30,0,22.97
80652,Historical,612314,0,0,S,11,1,65311,59.06,2013,67,0,63.99
80653,Historical,111959,0,0,S,10,1,851576,25.99,2011,61,0,33.41
80654,Historical,538552,0,0,S,2,1,351214,57.45,2012,33,0,49.93
80655,Historical,612144,0,0,S,13,1,119642,70.25,2013,34,0,42.32
80656,Historical,111956,0,0,S,12,1,405654,59.75,2011,42,0,19.95
80657,Historical,614476,0,0,S,9,1,1707988,0,2004,34,0,44.02
80658,Historical,110790,0,0,S,11,1,454647,50,2009,33,0,25.69
80659,Historical,111939,0,0,S,3,1,708915,0,2010,50,0,75.49
80661,Historical,111942,0,0,S,11,1,617920,59.75,2010,63,0,19.33
80662,Historical,1442214,0,0,S,12,1,687962,67.99,2012,23,0,60.99
80663,Historical,869859,0,0,S,10,1,52732,70.25,2014,30,0,46.29
80664,Historical,537547,0,0,S,9,1,136740,14.35,2012,35,0,40.18
80665,Historical,111947,0,0,S,8,1,977933,59.75,2010,42,0,35.99
80666,Historical,111337,0,0,S,9,1,1450748,23.94,2010,39,0,10.94
80667,Historical,111962,0,0,S,10,1,345490,130.99,2011,48,0,53.42
80668,Historical,417341,0,0,S,4,1,113186,70.25,2012,53,0,43.87
80669,Historical,112092,0,0,S,3,1,616097,39.66,2009,31,0,38.63
80670,Historical,537544,0,0,S,6,1,65338,8.98,2012,42,0,77.51
80671,Historical,111946,0,0,S,5,1,1032093,20.21,2010,54,0,10.79
80672,Historical,1822560,0,0,S,7,1,148378,70.25,2015,19,0,47.79
80673,Historical,632007,0,0,S,2,1,86539,70.25,2013,28,0,43.09
80674,Historical,525673,0,0,S,15,1,58166,106.5,2012,41,0,52.78
80675,Historical,607040,1,1,S,13,1,623407,72.49,2008,44,0,54.99
80676,Historical,924320,0,0,S,16,1,240465,70.25,2014,27,0,37.94
80677,Historical,111945,0,0,S,14,1,961110,49.95,2010,60,0,18.22
80678,Historical,112067,0,0,S,3,1,1110432,57,2009,33,0,41.49
80679,Historical,612107,0,0,S,4,1,336966,70.25,2013,27,0,51.34
80680,Historical,895182,0,0,S,17,1,113626,70.25,2015,34,0,47.78
80681,Historical,538912,0,0,S,16,1,90364,42.98,2013,60,0,38.98
80682,Historical,111951,0,0,S,15,1,174830,11.99,2011,49,0,11.99
80683,Historical,110502,0,0,S,3,1,633764,7.17,2008,74,0,8.98
80684,Historical,626206,0,0,S,14,1,868942,80.43,2011,45,0,82.97
80685,Historical,624671,0,0,S,14,1,694757,62.4,2012,27,0,68.71
80686,Historical,538908,0,0,S,15,1,62699,48.68,2013,49,0,50.26
80688,Historical,110646,0,0,S,15,1,173325,87.5,2011,18,0,86.57
80689,Historical,1822522,0,0,S,16,1,443106,70.25,2014,20,0,46.48
80690,Historical,525664,0,0,S,17,1,141627,46.99,2012,111,0,74.36
80691,Historical,613108,0,0,S,14,1,1878170,11.95,2006,71,0,11.95
80692,Historical,867872,0,0,S,18,1,98223,60.86,2014,33,0,154.5
80693,Historical,111952,0,0,S,16,1,793989,26.94,2011,44,0,21.98
80694,Historical,111941,0,0,S,16,1,314038,23.8,2010,93,0,22.25
80695,Historical,2924501,0,0,S,16,1,171826,57.9,2015,13,0,50.8
80696,Historical,525670,1,1,S,15,1,85506,65.75,2012,53,0,42.17
80697,Historical,110485,0,0,S,14,1,1285782,8.98,2011,57,0,10.98
80698,Historical,873512,0,0,S,16,1,83479,93.75,2014,30,0,48.06
80699,Historical,657862,0,0,S,15,1,351403,46.23,2013,43,0,13.06
80700,Historical,621893,0,0,S,7,1,509368,104.59,2012,27,0,46.35
80701,Historical,612402,0,0,S,8,1,22892,70.25,2013,60,0,32.66
80702,Historical,111960,0,0,S,7,1,523650,2.61,2011,34,0,23.95
80703,Historical,111336,0,0,S,6,1,137021,15.98,2010,29,0,15.98
80704,Historical,612373,1,1,S,16,1,45875,59.19,2013,40,0,61.06
80705,Historical,537539,0,0,S,15,1,425159,57.92,2012,29,0,129.01
80706,Historical,706346,0,0,S,14,1,214904,53.3,2014,31,0,31.64
80707,Historical,2924507,0,0,S,14,1,1254359,70.25,2015,10,0,56.98
80708,Historical,910882,0,0,S,13,1,1580690,163.95,2003,44,0,62.65
80709,Historical,629086,0,0,S,18,1,55594,43.96,2013,97,0,43.47
80710,Historical,2924498,0,0,S,19,1,796763,70.25,2015,22,0,45.18
80711,Historical,111463,0,0,S,17,1,1069868,7.5,2011,51,0,7.49
80712,Historical,55621,0,0,S,17,1,1050559,23.24,2010,65,0,23.65
80713,Historical,664132,0,0,S,18,1,39920,43.99,2013,49,0,78.43
80714,Historical,1822568,0,0,S,19,1,184821,50.89,2014,21,0,71.99
80715,Historical,537533,0,0,S,17,1,282698,0,2012,42,0,50.49
80716,Historical,55609,0,0,S,15,1,110191,54.25,2007,52,0,11.98
80717,Historical,55616,0,0,S,16,1,734468,59.75,2010,49,0,28.19
80718,Historical,533408,1,1,S,17,1,181054,93.21,2012,64,0,46.58
80719,Historical,538907,0,0,S,17,1,221602,59.75,2013,44,0,15.51
80720,Historical,110509,0,0,S,2,1,470723,70.25,2007,20,0,0
80721,Historical,607039,0,0,S,2,1,1092557,61.08,2008,37,0,39.99
80722,Historical,111949,0,0,S,4,1,580246,71.8,2011,18,0,42.22
80723,Historical,110639,0,0,S,12,1,1361021,72.71,2008,33,0,42.09
80724,Historical,417340,0,0,S,5,1,74677,70.25,2012,44,0,38.13
80725,Historical,110644,0,0,S,3,1,452156,75.26,2009,26,0,63.07
80726,Historical,285580,0,0,S,13,1,493329,57.96,2011,27,0,65.99
80727,Historical,129148,0,0,S,0,0,438929,6.95,2008,43,6.93,6
80728,Historical,402404,0,0,S,2,1,88996,60,2010,81,18.98,33.97
80729,Historical,2076952,0,0,S,0,0,111357,40,2008,26,23.99,26.45
80730,Historical,592051,0,0,S,0,0,156320,32.95,2009,15,32.59,33.1
80731,Historical,769785,0,0,S,2,1,723398,64.95,2001,46,4.99,21.96
80732,Historical,1469582,0,0,S,2,1,2016989,44.95,2007,16,0,44.9
80733,Historical,557166,0,0,S,5,1,541617,95,2002,30,18.58,34
80734,Historical,271474,0,0,S,1,0,301646,44.95,2010,43,0,36.83
80735,Historical,2096721,1,1,S,0,0,470723,149.1,2012,37,0,146.72
80736,Historical,617405,0,0,S,2,1,541482,44,2007,33,12.13,16.99
80737,Historical,296055,0,0,S,3,1,483007,39.33,1998,79,24,17.98
80738,Historical,1826431,0,0,S,7,1,332828,39.95,2015,13,34.99,34.42
80739,Historical,911189,0,0,S,1,0,516494,24.95,2006,23,8.37,21.08
80740,Historical,354858,1,1,S,2,1,24065,64.95,2005,68,27.45,35.96
80743,Historical,864778,1,1,S,3,1,46008,56.99,2014,22,49.2,46.79
80744,Historical,895281,0,0,S,10,1,1322546,39.99,2014,14,21.56,21.33
80745,Historical,802725,0,0,S,6,1,1855804,39.99,2011,18,21.56,13.99
80746,Historical,858452,0,0,S,8,1,2123458,39.99,2012,21,21.56,72.35
80747,Historical,525652,0,0,S,5,1,750733,308,2012,35,53.98,39.97
80748,Historical,386526,1,1,S,15,1,1338265,39.99,2011,34,26.29,5.88
80749,Historical,634890,0,0,S,2,1,657572,45,2009,27,33.74,33.99
80750,Historical,871327,0,0,S,10,1,1094965,171,2012,16,69.69,171
80751,Historical,613245,0,0,S,8,1,2024891,20.89,2007,39,69.69,20.89
80752,Historical,659913,0,0,S,2,1,613327,201,2013,31,64.95,121.17
80753,Historical,1936284,1,1,S,3,1,229653,67.99,2013,21,31.84,44.92
80754,Historical,900568,0,0,S,2,1,618787,47.99,2014,28,26.58,23.6
80755,Historical,881725,0,0,S,4,1,466959,71.99,2015,15,50.34,43.99
80756,Historical,2428960,0,0,S,1,0,1189043,54.99,1994,65,0,15.54
80757,Historical,667211,0,0,S,3,1,958366,69.95,2012,23,53.99,58.54
80759,Historical,616788,0,0,S,1,0,170393,79.99,1993,93,44.19,57.75
80760,Historical,608716,0,0,S,3,1,608663,44.95,2002,35,6.7,27.67
80761,Historical,626640,1,1,S,2,1,66749,69.95,2013,47,46.35,14.59
80762,Historical,162979,1,2,S,1,0,4933,29.95,2010,340,20.49,18.99
80763,Historical,637792,0,0,S,4,1,165088,40,2011,8,0,0
80764,Historical,608847,0,0,S,3,1,3285078,29.99,1999,45,21.28,9.69
80765,Historical,608866,0,0,S,5,1,160986,44.99,2004,36,21.28,70.91
80766,Historical,525643,0,0,S,7,1,128000,44.99,2012,71,21.28,27.46
80767,Historical,702171,0,0,S,2,1,547100,26,2011,15,0,0
80768,Historical,106329,0,0,S,4,1,532360,34.95,2006,50,10.9,13.95
80769,Historical,106072,0,0,S,1,0,1127269,12.95,2004,28,11.68,32.98
80770,Historical,2350199,0,0,S,4,1,1391106,15.95,2004,17,0,40.38
80771,Historical,106092,0,0,S,2,1,546852,16.95,2004,20,72.5,62.87
80772,Historical,831498,0,0,S,2,1,961848,91.95,2000,34,181.26,36.99
80773,Historical,2102169,0,0,S,6,1,218337,45.99,2014,18,0,45.99
80774,Historical,525618,0,0,S,9,1,255300,179.4,2007,41,9.88,23.99
80775,Historical,667898,0,0,S,0,0,899535,54.95,2011,17,0,42.13
80776,Historical,131612,0,0,S,3,1,849709,84.8,2003,52,0,13.9
80777,Historical,1546965,0,0,S,2,1,678824,48.95,2011,20,0,35.6
80779,Historical,544910,0,0,S,2,1,1003856,46.95,2011,22,133.19,38.4
80780,Historical,114596,0,0,S,2,1,571333,158.8,2003,44,4,43.55
80781,Historical,525616,0,0,S,3,1,33633,46,2010,47,18.63,26.71
80782,Historical,177702,0,0,S,2,1,150071,249.95,2002,56,0,30.58
80783,Historical,574861,0,0,S,2,1,1351020,30,2004,65,23.24,6.71
80784,Historical,545656,0,0,S,3,1,839089,39,2011,25,21.19,23.28
80785,Historical,574876,0,0,S,3,1,40691,56,2008,28,27.36,40.85
80786,Historical,121563,0,0,S,7,1,611681,173.93,2009,20,94.94,141.2
80787,Historical,131785,0,0,S,2,1,367717,73,2003,29,94.94,25.1
80788,Historical,557247,0,0,S,4,1,1033218,160.2,2005,50,18.83,44.15
80789,Historical,55143,0,0,S,4,1,504083,98,2003,45,84.88,18.99
80790,Historical,539212,0,0,S,4,1,61690,90,2009,36,57.99,57.69
80791,Historical,631049,0,0,S,1,0,492594,79.95,1998,30,0,44.97
80792,Historical,897002,0,0,S,3,1,47842,49.95,2015,18,36.45,40.78
80793,Historical,641624,0,0,S,3,1,507411,53.5,2007,57,16.05,13.27
80795,Historical,560079,0,0,S,4,1,1080221,53.5,2012,15,6.18,42.75
80796,Historical,525611,0,0,S,4,1,1604775,53,2009,25,8.26,37.38
80797,Historical,543769,0,0,S,4,1,45217,113.95,2013,42,57.87,51.76
80798,Historical,525609,0,0,S,3,1,76935,71.95,2013,33,47.52,52.47
80799,Historical,289841,0,0,S,1,0,438003,42.95,2008,20,0,34.15
80801,Historical,892744,0,0,S,3,1,220538,54.95,2014,17,39.96,48.86
80802,Historical,1522160,0,0,S,4,1,688037,66,2011,19,41.79,43.34
80803,Historical,337045,0,0,S,3,1,674519,55.95,2011,31,44.95,43.32
80804,Historical,909983,0,0,S,3,1,318664,49,2014,30,27.7,28.4
80805,Historical,262146,0,0,S,2,1,77633,34.95,2001,134,4,11.89
80807,Historical,715454,0,0,S,2,1,164817,62.4,2011,35,28.1,41.29
80808,Historical,545848,0,0,S,2,1,276294,41.95,2012,31,35.84,33.92
80810,Historical,2365096,0,0,S,3,1,3207399,55,2000,33,61.5,31.75
80811,Historical,121244,1,1,S,4,1,120014,130.2,2010,25,20.44,48.63
80812,Historical,224373,0,0,S,3,1,121630,232.95,2001,67,27.06,18.99
80813,Historical,183046,0,0,S,2,1,1200234,216.95,2004,63,11.97,20.34
80814,Historical,2620838,0,0,S,2,1,528926,285.95,2000,43,5.48,44.84
80815,Historical,276564,0,0,S,1,0,51806,26.95,2004,32,153.94,17.57
80816,Historical,118573,0,0,S,3,1,237719,185.33,2007,41,4.47,40.97
80817,Historical,115417,0,0,S,3,1,393892,183.4,2002,26,0,0
80818,Historical,116015,0,0,S,2,1,211724,158,2005,132,33.97,291.49
80819,Historical,1551372,0,0,S,2,1,1170992,49.95,2012,24,117.99,35.04
80820,Historical,635384,0,0,S,4,1,69527,58,2001,42,26.68,68.41
80822,Historical,3629283,0,0,S,2,1,424654,64.99,2016,11,0,52.27
80823,Historical,3646278,0,0,S,2,1,747107,49.95,2015,20,0,42.16
80824,Historical,858794,0,0,S,5,1,96034,281.95,2000,54,33.82,49.99
80826,Historical,800624,0,0,S,2,1,706516,50,2006,28,36.93,34.83
80828,Historical,182809,0,0,S,2,1,792894,18.99,2003,54,23.63,13.34
80829,Historical,163413,1,1,S,2,1,108098,24.95,2011,55,12.27,28.94
80830,Historical,1787001,0,0,S,2,1,465564,49.95,2015,12,46.32,38.93
80831,Historical,175099,1,1,S,2,1,157439,67.5,2010,94,46.71,46.38
80832,Historical,1786349,0,0,S,2,1,580661,54.95,2014,15,34.71,46.48
80834,Historical,875700,0,0,S,3,1,4799807,109.6,2003,16,111.49,12.63
80835,Historical,575862,0,0,S,3,1,478381,46.15,2006,5,0,128.8
80836,Historical,121246,0,0,S,2,1,430994,70,2010,49,67.25,62.42
80837,Historical,113940,0,0,S,9,1,403002,86,2000,49,69.15,10
80838,Historical,132568,0,0,S,4,1,421996,119,2008,34,11.74,51.63
80840,Historical,108009,0,0,S,6,1,87876,51.99,2004,53,5.24,44.52
80841,Historical,157777,0,0,S,2,1,398580,61.95,2011,28,44.71,48.99
80842,Historical,607240,0,0,S,6,1,1469249,93.33,2001,24,68.36,52.38
80843,Historical,646892,0,0,S,4,1,411436,80.95,2013,25,22.11,22.85
80845,Historical,541476,0,0,S,2,1,920564,49.95,2013,40,50.79,37.41
80846,Historical,770998,0,0,S,7,1,530104,141.95,2003,40,121.52,7.99
80848,Historical,578316,0,0,S,5,1,843010,173.8,1998,32,24.95,52.47
80849,Historical,2308565,0,0,S,2,1,69241,137.95,1996,27,20.79,65.69
80850,Historical,131828,0,0,S,1,0,516475,43.99,2005,53,35.51,32.99
80851,Historical,539281,0,0,S,2,1,11850,55.4,2013,44,35.51,45.26
80852,Historical,622041,0,0,S,1,0,391216,43.99,2005,70,35.51,36.09
80853,Historical,635528,0,0,S,2,1,6614,55.4,2013,64,35.51,38.36
80854,Historical,664616,1,8,S,6,1,59731,76.4,2013,9,63.99,28.55
80856,Historical,131914,0,0,S,1,0,631739,152.6,2007,44,0,59.8
80857,Historical,2225571,1,1,S,0,0,414928,0,2012,20,40,20.63
80858,Historical,51399,0,0,S,4,1,2874706,76.4,2003,48,40,11.98
80859,Historical,541393,0,0,S,2,1,867152,73.95,2012,25,74.94,62.54
80860,Historical,214392,0,0,S,0,0,56532,24.95,2011,44,29.27,5.99
80861,Historical,540029,0,0,S,4,1,833366,125.8,2005,39,71.99,13.39
80862,Historical,553133,0,0,S,2,1,263666,102.4,2013,30,71.99,75.99
80863,Historical,539294,0,0,S,5,1,390363,53.2,2014,11,33.26,44.59
80864,Historical,681105,0,0,S,1,0,1106572,28,2006,31,20.04,12.99
80865,Historical,1677777,0,0,S,0,0,613585,44.95,2010,17,0,42.6
80866,Historical,57287,1,1,S,6,1,14083,86.8,2011,54,50.12,66.47
80867,Historical,868057,0,0,S,4,1,2845684,100,2002,28,29.87,16.77
80868,Historical,616908,0,0,S,2,1,786531,222.95,2003,44,30.56,36.98
80869,Historical,664320,0,0,S,2,1,349702,62.95,2013,27,46.68,51.99
80870,Historical,873566,0,0,S,0,0,9707,9.99,1985,51,27.97,7.99
80871,Historical,3095870,0,0,S,0,0,340562,0,2004,11,0,23.93
80872,Historical,1917496,0,0,S,0,0,1494079,7.36,2012,11,41.5,13.84
80873,Historical,543905,0,0,S,5,1,44060,57,2013,48,35.74,34.11
80874,Historical,614541,0,0,S,1,0,273237,58,1989,46,0,32.08
80877,Historical,3463001,0,0,S,3,1,353983,113.8,2008,34,4,11.99
80878,Historical,137448,0,0,S,1,0,709191,74.99,1997,24,40.51,61.39
80879,Historical,609993,0,0,S,5,1,112303,75,2014,19,39.42,50.99
80880,Historical,606730,0,0,S,3,1,1904189,49.95,1991,52,39.42,11.88
80881,Historical,633130,0,0,S,2,1,308634,60,2012,31,34.31,35.17
80882,Historical,105693,0,0,S,2,1,415760,39.95,2000,81,25.5,12.99
80883,Historical,622109,0,0,S,0,0,19282,100,1999,51,36.63,38.88
80884,Historical,608502,0,0,S,3,1,3401759,151.95,1993,26,119.97,22.98
80885,Historical,130072,0,0,S,4,1,308396,116.6,2001,52,42.46,80.97
80886,Historical,624582,0,0,S,3,1,814555,437.95,1991,52,0,55.13
80887,Historical,248301,0,0,S,5,1,1886188,117.95,2003,33,102.82,18.99
80888,Historical,248287,0,0,S,6,1,757639,221.95,2004,39,31.97,47.38
80889,Historical,52717,0,0,S,10,1,721041,94.67,2005,105,75.31,8.72
80890,Historical,717686,0,0,S,5,1,822984,86.95,2002,36,102.82,13.98
80891,Historical,895175,0,0,S,8,1,1586152,150.27,2014,17,0,143.98
80892,Historical,114077,0,0,S,2,1,259378,163.4,2001,29,7.73,81.42
80893,Historical,52716,0,0,S,9,1,171268,97.8,2002,97,75.31,21.64
80894,Historical,52718,0,0,S,5,1,990891,95.2,2005,54,53.09,10.94
80895,Historical,867091,0,0,S,2,1,146124,106.2,2014,59,60.96,63.98
80896,Historical,877288,0,0,S,3,1,3873755,154.95,1994,29,112.58,11.98
80897,Historical,119089,0,0,S,2,1,621007,109.87,2010,31,4.91,67.71
80898,Historical,607685,0,0,S,3,1,3807569,79.2,2001,28,118.92,15.55
80899,Historical,114679,0,0,S,2,1,96398,263,2004,42,25.31,79.99
80900,Historical,525590,0,0,S,6,1,222284,265.5,2011,44,38.03,36.56
80901,Historical,769784,0,0,S,8,1,1173329,10.5,2001,28,43.84,10.5
80902,Historical,544391,0,0,S,10,1,122615,131.95,2013,44,43.84,73.98
80903,Historical,3071294,0,0,S,2,1,62702,19.95,2004,40,0,15.83
80904,Historical,637905,0,0,S,2,1,1016786,89.5,1991,25,29.7,224.32
80905,Historical,539222,0,0,S,4,1,364631,82.2,2007,50,12.29,59.59
80906,Historical,542260,0,0,S,3,1,393675,105.95,2010,46,8.18,24.97
80907,Historical,244969,0,0,S,4,1,584380,227.95,2003,33,6.77,68.99
80908,Historical,609104,1,1,S,4,1,1455885,214.95,2000,32,146.44,44.71
80909,Historical,609374,0,0,S,3,1,4733959,169.95,1995,26,146.44,23.51
80910,Historical,637099,0,0,S,2,1,156451,49.95,2009,28,5.76,31.12
80911,Historical,607775,0,0,S,3,1,839343,85.95,1999,32,26.49,53.98
80912,Historical,607774,0,0,S,3,1,404627,59.95,1991,21,26.49,39.09
80913,Historical,2434649,0,0,S,2,1,617088,62.28,1982,29,0,59.15
80914,Historical,525587,0,0,S,6,1,415484,99,2011,27,27.32,52.94
80915,Historical,238912,0,0,S,6,1,221038,94,1998,22,0,76.73
80916,Historical,57837,0,0,S,6,1,2075492,91.2,2002,39,138.99,6.99
80917,Historical,525586,0,0,S,3,1,32896,37.44,2011,67,20,12.56
80919,Historical,609424,0,0,S,6,1,1576120,89.95,2000,39,72.49,19.99
80920,Historical,549769,0,0,S,10,1,2288829,55.75,1999,34,33.98,28.54
80921,Historical,617183,0,0,S,2,1,33887,111,2004,43,31.77,68.99
80922,Historical,651485,0,0,S,0,0,809108,179,2012,23,187.93,30.78
80923,Historical,116134,1,2,S,3,1,38110,160,2007,61,21.2,47.84
80924,Historical,2070549,0,0,S,7,1,397756,73.28,2011,16,14.94,23.95
80925,Historical,599128,0,0,S,2,1,2587440,62,2008,17,28.78,27.98
80926,Historical,51760,0,0,S,6,1,1182483,145.33,2009,172,129.42,7.42
80927,Historical,120198,0,0,S,7,1,1232203,120,2010,132,132.85,6.23
80928,Historical,120079,0,0,S,2,1,49275,111.2,2011,45,104.65,58.48
80929,Historical,112325,0,0,S,6,1,347715,74.5,2007,26,8.74,27.16
80930,Historical,144149,1,1,S,2,1,61374,31.8,2006,46,36.42,22.98
80931,Historical,917848,0,0,S,0,0,484642,90,2006,44,22.77,28.45
80932,Historical,859191,1,1,S,6,1,433365,77.59,2004,49,0,23.93
80933,Historical,706707,1,1,S,5,1,1475604,83.8,2002,58,9.13,13.94
80934,Historical,551394,1,1,S,1,0,909679,100.75,2008,50,9.13,41.97
80935,Historical,551323,0,0,S,6,1,1189659,97.25,2004,58,9.13,14.89
80936,Historical,1856844,0,0,S,0,0,335208,39.99,2013,11,0,28.31
80937,Historical,796258,0,0,S,0,0,1157120,6.99,2004,31,10.49,43.49
80939,Historical,700880,0,0,S,2,1,759245,50,2005,35,28.93,19.2
80940,Historical,865225,0,0,S,3,1,268864,50,2014,18,28.93,29.44
80941,Historical,710477,0,0,S,4,1,227327,227.2,2000,50,4.98,42.96
80942,Historical,105923,0,0,S,2,1,185762,99,2002,41,34.19,46.99
80943,Historical,329848,0,0,S,2,1,479375,74.99,2006,38,10.48,28.99
80944,Historical,2365042,0,0,S,2,1,1231118,90,1999,29,4,22.97
80945,Historical,1574076,0,0,S,4,1,2312428,86.95,2007,22,5.24,56.19
80946,Historical,525577,0,0,S,11,1,542754,82.95,2010,18,5.24,49.96
80947,Historical,1741227,0,0,S,7,1,123723,60,2014,15,0,60
80948,Historical,701613,1,1,S,1,0,1039139,74,2009,24,0,12.57
80949,Historical,643961,0,0,S,2,1,148686,69.99,2009,39,54.17,53.19
80950,Historical,135545,0,0,S,4,1,922893,41.95,2000,50,5.06,14.08
80951,Historical,541575,0,0,S,4,1,57131,79.95,2011,52,35.58,41.77
80952,Historical,607593,0,0,S,7,1,319542,80.95,2006,48,5.57,35.92
80953,Historical,132503,0,0,S,5,1,480303,133.8,2008,37,77.99,50.85
80954,Historical,276656,0,0,S,3,1,218174,56,2009,40,20.99,43.89
80955,Historical,633197,0,0,S,2,1,822765,96,2011,19,0,0
80956,Historical,244003,0,0,S,11,1,1098024,302.95,2011,30,149.37,99.9
80957,Historical,177587,0,0,S,8,1,3089575,161.95,2002,55,149.37,11.78
80958,Historical,631509,0,0,S,11,1,95369,87.95,2011,30,0,63.49
80959,Historical,549961,0,0,S,1,0,374505,17.98,2003,33,0,0
80960,Historical,752397,0,0,S,1,0,654758,77.95,2008,19,0,39.93
80961,Historical,610186,0,0,S,1,0,146737,57,2005,31,23.02,42.25
80962,Historical,258030,0,0,S,2,1,31344,38.95,2011,46,23.02,28.18
80964,Historical,802357,0,0,S,2,1,2372315,142.95,2006,25,4,51.15
80965,Historical,592121,0,0,S,3,1,771634,31.95,2010,16,22.54,18.4
80966,Historical,516541,0,0,S,8,1,567093,130,2012,52,19.93,49.98
80967,Historical,649014,0,0,S,0,0,263257,40,2009,17,27.74,28.86
80969,Historical,867891,1,8,S,6,1,6356,48.5,2013,57,22.99,37.14
80970,Historical,646980,0,0,S,2,1,13143,48.5,2013,114,24.07,25.5
80971,Historical,377826,0,0,S,3,1,214907,18,1998,56,28.98,21.96
80972,Historical,867892,1,2,S,6,1,12487,48.5,2014,50,28.98,15.99
80973,Historical,546520,1,1,S,5,1,12959,48.5,2011,57,21.87,33.91
80974,Historical,1452009,0,0,S,1,0,580334,45,2013,14,24.03,34
80975,Historical,199393,0,0,S,0,0,465614,41.95,2003,36,0,13.95
80976,Historical,497337,0,0,S,6,1,308622,210.95,2009,93,18.24,89.28
80977,Historical,614173,0,0,S,3,1,1660846,32,1989,36,24.38,10.98
80978,Historical,203576,1,1,S,5,1,146496,77.99,2003,57,24.38,47.3
80979,Historical,619904,1,1,S,3,1,645155,182.2,1998,30,26.74,92.53
80980,Historical,645306,0,0,S,2,1,549557,59.95,2012,21,0,36.77
80981,Historical,171767,0,0,S,1,0,229332,40,2000,27,0,59.98
80982,Historical,170070,0,0,S,3,1,2117069,55.95,2009,47,4,14.99
80983,Historical,52626,0,0,S,5,1,1669944,189.95,2005,53,81.35,4.99
80984,Historical,556504,0,0,S,2,1,1594647,67,2011,23,29.4,32.93
80985,Historical,545289,0,0,S,4,1,234365,59.95,2015,34,25.31,33.97
80986,Historical,251991,0,0,S,3,1,507417,55.95,2009,28,22.89,43.99
80987,Historical,545808,0,0,S,3,1,203080,107,2012,26,28.99,61.71
80988,Historical,525571,0,0,S,7,1,84807,75.95,2012,39,23.93,59.97
80989,Historical,884551,0,0,S,3,1,7137736,152,2007,12,19.21,74.23
80990,Historical,656171,0,0,S,1,0,471759,54.95,2011,18,0,49.4
80991,Historical,525570,0,0,S,4,1,463096,151.6,2009,65,7.44,22.99
80992,Historical,553132,0,0,S,5,1,87900,164,2012,27,0,0
80994,Historical,692008,0,0,S,2,1,820703,54.57,2001,16,34.7,60.49
80995,Historical,708757,1,1,S,1,0,1237261,113.25,2006,20,28.96,48.89
80997,Historical,56281,0,0,S,4,1,1338665,29.95,2004,108,27.24,7.23
80999,Historical,641425,0,0,S,1,0,822423,59.99,2010,15,0,39.28
81001,Historical,173584,0,0,S,2,1,102861,46.25,2002,103,22.98,30.31
81002,Historical,1475897,0,0,S,2,1,1298444,37.95,2013,9,13.97,14
81003,Historical,115440,0,0,S,4,1,646507,250.4,2000,36,11.68,62.13
81004,Historical,616366,0,0,S,2,1,45442,87,2012,56,61.67,65.35
81005,Historical,619453,0,0,S,1,0,303743,93.79,2002,91,9.51,27.13
81006,Historical,689100,0,0,S,0,0,192220,29.95,2012,13,0,22.8
81007,Historical,525566,1,2,S,12,1,55832,131.8,2012,39,40.36,83.36
81008,Historical,287628,0,0,S,3,1,1503487,122.6,2009,28,18.49,48.71
81009,Historical,55484,0,0,S,12,1,4657779,125.95,2005,29,143.09,9.64
81010,Historical,525562,0,0,S,5,1,727504,36.95,2008,7,0,27.94
81011,Historical,244036,0,0,S,11,1,370475,76.95,2011,23,31.97,70.98
81012,Historical,132810,0,0,S,10,1,208575,118.2,2009,32,32.28,95.65
81013,Historical,2079869,1,1,S,1,0,873301,64.95,2010,23,28.48,45.85
81014,Historical,194520,0,0,S,0,0,195076,28.95,2003,32,9.54,18.88
81016,Historical,144330,0,0,S,2,1,1502531,144.8,2002,29,4,13.99
81017,Historical,559842,0,0,S,3,1,572071,56.11,2001,48,9.45,10
81018,Historical,287034,0,0,S,4,1,94993,60.95,2005,30,37.84,44.96
81019,Historical,546721,1,7,S,10,1,47587,127.99,2011,61,51.04,48.21
81020,Historical,56167,0,0,S,7,1,86057,266.95,2010,112,65.99,56.99
81021,Historical,293111,0,0,S,2,1,337160,95.95,2005,26,0,0
81022,Historical,2261046,0,0,S,4,1,8555843,113.93,2010,30,94.64,108.4
81023,Historical,657318,0,0,S,6,1,101309,89.95,2009,19,72.02,69.24
81024,Historical,3504528,0,0,S,7,1,672890,274.99,2016,0,0,261.24
81025,Historical,525554,0,0,S,3,1,854660,425,2010,51,33.93,43.96
81026,Historical,187922,0,0,S,3,1,198692,89.99,1998,69,8.33,33.99
81027,Historical,129405,0,0,S,6,1,647995,56,2011,26,0,0
81029,Historical,192906,0,0,S,4,1,3955032,199,2002,14,47.48,115.81
81030,Historical,627742,0,0,S,4,1,1094247,71.95,1994,53,23.84,31.4
81031,Historical,58271,0,0,S,11,1,182102,122,2005,120,106.71,19.43
81032,Historical,58272,0,0,S,9,1,203149,64.95,1996,108,0,21.47
81033,Historical,613616,0,0,S,8,1,1052585,62.95,1990,81,0,34.9
81034,Historical,887775,0,0,S,2,1,1139065,249,1999,21,186.18,123.45
81035,Historical,609726,0,0,S,4,1,1508256,39.95,2000,75,4.01,22.41
81036,Historical,577336,0,0,S,11,1,586747,92.95,2003,34,21.9,26.99
81037,Historical,204031,0,0,S,12,1,124077,109.99,2010,40,21.9,39.54
81038,Historical,2953747,0,0,S,4,1,2808964,79.95,2004,22,51.99,33.46
81039,Historical,203778,0,0,S,8,1,733675,229.99,2006,64,16.74,71.67
81040,Historical,3504396,0,0,S,8,1,102958,317,2016,0,0,285.3
81041,Historical,539806,0,0,S,7,1,448250,54.5,2013,56,41.95,39.09
81042,Historical,560937,0,0,S,2,1,267535,80.2,2006,57,38.92,45.99
81043,Historical,215763,0,0,S,0,0,95909,55,2002,46,28.99,31.99
81044,Historical,607145,0,0,S,9,1,2387994,106.2,2001,61,47.86,14.19
81046,Historical,874312,0,0,S,1,0,66066,105.2,2012,22,0,66.89
81047,Historical,620587,0,0,S,1,0,247884,51.99,1990,49,16.24,52.45
81048,Historical,57834,0,0,S,3,1,1237333,46,2000,67,33.96,12.79
81050,Historical,655327,0,0,S,2,1,227950,48.95,2012,44,36.98,34.28
81051,Historical,861728,0,0,S,2,1,875049,48.95,2013,17,45.05,35.21
81052,Historical,1646351,0,0,S,16,1,286064,49.95,2006,11,0,29.66
81053,Historical,657641,0,0,S,2,1,184756,47.95,2006,14,21.72,34.88
81054,Historical,2595745,0,0,S,0,0,65537,44.99,1988,52,0,25.48
81055,Historical,557187,0,0,S,2,1,898675,41,2002,51,43.99,12.27
81056,Historical,571802,0,0,S,8,1,330160,110.95,2000,45,0,0
81057,Historical,551336,0,0,S,1,0,532512,127.75,2004,36,0,49.54
81058,Historical,544505,1,1,S,10,1,315509,166.95,2013,25,68.8,62.27
81059,Historical,607860,0,0,S,5,1,2095999,107,2000,33,91.35,43.99
81061,Historical,538932,0,0,S,4,1,1239430,103.25,2004,41,14.78,30.83
81062,Historical,543423,0,0,S,0,0,261209,62.99,2010,34,40.69,49.29
81063,Historical,566413,0,0,S,3,1,63464,183.5,2011,70,66.68,59.57
81064,Historical,555603,0,0,S,0,0,1064580,34.99,2006,53,18.93,30.99
81065,Historical,608513,1,2,S,3,1,1914283,110.95,2001,22,103.99,0
81066,Historical,608783,0,0,S,2,1,1091670,155.95,2006,64,64.48,8.98
81067,Historical,541367,0,0,S,2,1,451013,74.95,2012,29,56.97,66.08
81068,Historical,546008,0,0,S,7,1,53945,98.75,2012,45,63.63,59.01
81069,Historical,606763,0,0,S,6,1,40322,36,2005,30,17.99,18.43
81070,Historical,597845,0,0,S,2,1,190936,39.99,2010,46,7.57,23.36
81071,Historical,608796,1,1,S,5,1,675835,171.95,2008,59,14.98,13.19
81072,Historical,543235,0,0,S,3,1,696974,49,2012,45,38.99,35.77
81073,Historical,609397,0,0,S,5,1,253389,88.95,2003,79,48.99,48.21
81075,Historical,545187,1,1,S,2,1,27932,182,2011,49,52.22,56.01
81076,Historical,545393,0,0,S,2,1,554383,16.95,2011,50,13.59,10.45
81077,Historical,543351,0,0,S,4,1,254497,77.95,2012,53,40.07,43.56
81078,Historical,595073,0,0,S,2,1,249067,44.95,2013,29,22.99,33.69
81079,Historical,607590,0,0,S,4,1,109783,79.95,2001,37,71.68,46.18
81080,Historical,557518,0,0,S,2,1,123839,115,2009,74,60.84,87
81081,Historical,594797,0,0,S,4,1,326970,50.99,2011,15,0,0
81082,Historical,544249,0,0,S,7,1,30077,111.95,2013,55,42.07,63.47
81083,Historical,544250,0,0,S,7,1,44458,111.95,2013,84,23.4,38.47
81084,Historical,608697,0,0,S,4,1,57395,86.95,2010,52,38.39,35.4
81085,Historical,608755,0,0,S,3,1,195979,84.95,2002,67,38.39,27.98
81086,Historical,545918,0,0,S,4,1,17799,58.95,2013,26,30.04,37.42
81087,Historical,556536,0,0,S,2,1,48904,19.95,2012,72,8.49,15.56
81088,Historical,564089,0,0,S,0,0,438326,125.05,1999,79,13.49,53.84
81089,Historical,541775,0,0,S,5,1,1257,29.95,2012,192,16.44,16.98
81090,Historical,609264,0,0,S,4,1,64322,29.95,2007,151,16.44,13.48
81091,Historical,594532,0,0,S,2,1,77393,46,2012,21,30.26,27.57
81092,Historical,594900,1,1,S,2,1,18299,31.95,2012,38,23.27,21.99
81093,Historical,608147,0,0,S,3,1,52412,35,1997,97,9.26,17.96
81094,Historical,606949,0,0,S,5,1,2587345,156.56,2007,41,97,7.94
81095,Historical,607599,0,0,S,4,1,1092770,30,2008,60,25.3,4.43
81096,Historical,608592,0,0,S,9,1,1243145,140.95,2004,71,115.41,10.95
81097,Historical,542076,0,0,S,8,1,98944,26.95,2011,62,20.89,10.93
81098,Historical,538494,1,5,S,3,1,20714,139,2012,121,41.98,36.99
81099,Historical,538496,1,1,S,12,1,6330,139,2013,105,65.98,60.94
81100,Historical,543428,0,0,S,4,1,25241,29.95,2012,44,20.83,16.98
81101,Historical,541436,0,0,S,2,1,482703,49.95,2011,40,18.06,38.27
81102,Historical,541847,0,0,S,2,1,140489,42,2011,31,24.34,24.36
81103,Historical,554722,0,0,S,4,1,39391,176.95,1988,35,0,65.58
81104,Historical,591650,0,0,S,2,1,199588,44.95,2007,51,22.74,33.22
81105,Historical,545442,0,0,S,2,1,75903,26,2013,44,16.19,22.65
81106,Historical,546332,0,0,S,4,1,40009,39.95,2004,44,25.02,36.07
81107,Historical,541632,0,0,S,5,1,7654,16,2012,37,10.14,7.84
81108,Historical,545531,0,0,S,3,1,950967,55,2012,25,10.34,36.42
81109,Historical,543131,0,0,S,4,1,38905,42.95,2012,93,23.74,28.26
81110,Historical,544081,0,0,S,4,1,43364,24,2013,64,18.22,11.24
81111,Historical,563626,1,2,S,9,1,5953,82,2012,98,31.99,56.99
81112,Historical,545643,0,0,S,3,1,56018,104.95,2013,84,36.24,53.7
81113,Historical,540783,0,0,S,4,1,186619,44.99,2013,58,28.37,29.02
81114,Historical,555322,0,0,S,1,0,66778,100.95,2012,43,72,76.66
81115,Historical,607575,0,0,S,2,1,169398,94,1999,31,78.56,50.95
81116,Historical,544319,1,1,S,3,1,88748,114.95,2013,72,53.94,43.99
81117,Historical,542103,0,0,S,5,1,281041,34.99,2010,61,42.84,30.85
81118,Historical,547000,0,0,S,4,1,404421,72.95,2014,36,57.09,43.64
81119,Historical,600690,0,0,S,2,1,347176,59.99,2013,58,36.79,42.54
81120,Historical,546872,0,0,S,2,1,1042669,62.95,2014,23,34.65,52.73
81121,Historical,545038,0,0,S,6,1,1056456,39.99,2012,23,27.65,33.16
81122,Historical,609266,0,0,S,2,1,254957,40,2007,44,26.21,24.65
81123,Historical,607932,0,0,S,3,1,989058,129,2006,47,0,51.22
81124,Historical,539888,1,1,S,4,1,42615,26.95,2012,32,23.46,21.64
81125,Historical,547022,0,0,S,2,1,959681,52,2013,18,34.46,28.22
81126,Historical,543964,0,0,S,2,1,133295,89,2013,34,38.94,67.32
81127,Historical,603480,0,0,S,3,1,76773,60.95,2013,67,36.21,40.62
81128,Historical,541495,0,0,S,2,1,250275,80.95,2012,26,50.99,26.73
81129,Historical,545673,0,0,S,3,1,798936,56.99,2012,21,32.66,36.69
81130,Historical,582972,0,0,S,7,1,131816,129.95,2012,36,30.69,73.51
81131,Historical,552326,0,0,S,4,1,56604,80.2,2011,35,45.24,56.74
81132,Historical,543367,1,2,S,3,1,56903,133.95,2011,37,23.98,47.98
81133,Historical,1746271,0,0,S,2,1,318588,49.95,2006,34,0,37.95
81134,Historical,701181,0,0,S,3,1,514336,33,2006,59,4,9.98
81135,Historical,1661335,0,0,S,2,1,3995,23.95,2011,65,0,13.62
81136,Historical,298653,0,0,S,2,1,1455536,19.95,2008,57,0,0
81137,Historical,334068,0,0,S,1,0,24581,19.95,2008,54,0,0
81138,Historical,308081,0,0,S,1,0,929790,39,2007,59,0,0
81139,Historical,624157,0,0,S,0,0,420402,39.95,1996,28,55.99,43.97
81140,Historical,894871,0,0,S,2,1,39202,100,2007,53,14.13,12.07
81141,Historical,920682,1,1,S,5,1,9057,16.95,2011,88,0,0
81142,Historical,668895,0,0,S,2,1,1162316,102.99,2006,24,73.24,62.98
81143,Historical,2664522,0,0,S,2,1,799963,89,2000,25,16.78,21.23
81145,Historical,623899,0,0,S,3,1,632938,83.2,1998,26,73.76,33.99
81146,Historical,297992,0,0,S,3,1,1593046,323.95,2004,22,25.99,44.48
81148,Historical,297471,0,0,S,41,1,109603,59.95,2007,15,0,0
81149,Historical,533188,0,0,S,9,1,20735,27.99,2011,22,0,0
81151,Historical,143681,0,0,S,1,0,24551,20,2007,125,0,12.49
81152,Historical,644091,0,0,S,2,1,257739,35,2007,21,8.5,28.32
81153,Historical,142054,0,0,S,2,1,303311,13.99,2010,117,16.99,17.22
81154,Historical,221053,0,0,S,3,1,720326,26.95,2007,26,0,0
81155,Historical,661235,0,0,S,0,0,580611,40,2010,17,0,37.05
81156,Historical,290658,0,0,S,2,1,353056,103,2006,25,0,0
81157,Historical,861730,0,0,S,2,1,5484,8.95,2013,20,7.94,7.89
81158,Historical,619522,1,1,S,2,1,854751,67,1977,36,0,51.78
81159,Historical,533140,0,0,S,5,1,155900,19.99,2011,57,14.87,6.96
81160,Historical,1894211,0,0,S,0,0,245351,39.99,2015,11,0,21.97
81161,Historical,199330,0,0,S,1,0,1332881,33.95,2004,45,13.21,10.98
81162,Historical,555900,0,0,S,2,1,999378,70,2012,36,11.56,24.52
81163,Historical,865547,0,0,S,2,1,263076,29.95,2013,66,0,22
81164,Historical,616587,0,0,S,0,0,603473,55,1995,24,0,56.25
81165,Historical,2158867,0,0,S,2,1,879906,65.9,2008,16,108.29,267.53
81166,Historical,620121,0,0,S,2,1,510111,65,2005,25,0,0
81167,Historical,896785,1,1,S,5,1,281185,65,2014,19,37.98,50.8
81168,Historical,862339,0,0,S,5,1,17587,65,2014,66,43.28,43.39
81169,Historical,131208,0,0,S,0,0,721241,60.99,1998,48,0,0
81170,Historical,262768,0,0,S,5,1,584338,49.95,2010,27,31.32,51.66
81171,Historical,623333,0,0,S,2,1,1877613,88.11,2006,11,8.42,12.88
81172,Historical,55088,0,0,S,12,1,3393570,149.95,2002,36,28.91,8.28
81173,Historical,269236,0,0,S,2,1,559537,39.95,2005,25,0,0
81174,Historical,146459,0,0,S,1,0,440672,44.99,2010,58,9.98,19.39
81175,Historical,288664,0,0,S,9,1,1358132,54.99,2007,66,9.98,12.68
81180,Historical,658566,0,0,S,2,1,437633,44,2009,26,29.85,30.01
81181,Historical,164659,0,0,S,3,1,1124303,49.95,2002,35,46.03,12.54
81182,Historical,1556719,0,0,S,1,0,78756,39.95,2014,14,0,31.4
81183,Historical,224411,0,0,S,2,1,256498,75.95,1997,47,8.91,50.88
81184,Historical,165110,0,0,S,1,0,99076,70,2003,94,0,42.96
81185,Historical,296115,0,0,S,3,1,370249,43,1998,51,0,0
81186,Historical,185235,0,0,S,1,0,122042,40,2006,74,0,0
81187,Historical,172230,0,0,S,35,1,872051,29.95,2007,40,0,0
81189,Historical,623666,0,0,S,1,0,581950,171.95,2000,25,0,98.98
81190,Historical,454830,0,0,S,2,1,6557540,140,2008,13,77.49,117.13
81191,Historical,121434,0,0,S,2,1,440897,91.6,1997,67,39.71,12.16
81192,Historical,654742,0,0,S,0,0,171457,50,2008,24,0,31.44
81193,Historical,629913,0,0,S,3,1,1534158,102.99,2010,25,13.34,17.35
81194,Historical,108786,0,0,S,5,1,468766,91.25,2006,38,67.41,67.2
81195,Historical,165651,0,0,S,2,1,7376,24.95,2003,49,0,0
81196,Historical,2135803,0,0,S,2,1,42631,89.95,2010,49,52.18,63.33
81198,Historical,339724,0,0,S,2,1,788003,95,2008,21,50.03,55.87
81199,Historical,740017,0,0,S,2,1,246233,36,2003,24,0,0
81200,Historical,897182,0,0,S,4,1,869246,79.95,2014,17,38.83,39.02
81201,Historical,489499,0,0,S,2,1,542115,59,2008,15,18.02,38.99
81202,Historical,177913,0,0,S,3,1,615856,152.95,2003,38,0,0
81203,Historical,658024,0,0,S,6,1,268324,80,2013,40,53.99,65.37
81204,Historical,532967,0,0,S,2,1,1102768,59.95,2012,18,46.34,41.09
81205,Historical,127270,0,0,S,3,1,907907,53.25,2004,32,0,40
81206,Historical,900796,0,0,S,2,1,155561,39.95,2014,17,39.92,32.7
81208,Historical,457651,0,0,S,3,1,921922,144.95,2008,31,12.65,61.26
81209,Historical,179133,1,1,S,3,1,301679,117.95,2008,33,15.56,67.21
81210,Historical,916633,0,0,S,2,1,874421,47.95,2010,31,6.93,42.85
81211,Historical,607576,1,1,S,4,1,3264396,41,2001,34,8.49,40.37
81212,Historical,714337,0,0,S,2,1,7285738,70,2001,24,8.49,13.99
81213,Historical,873588,0,0,S,4,1,1429101,118.35,2005,55,41.05,18.98
81214,Historical,417593,1,2,S,6,1,164907,162.25,2008,59,54.98,89.82
81215,Historical,130970,0,0,S,2,1,101476,93.2,2011,64,33.62,77.85
81216,Historical,417595,0,0,S,2,1,686675,131.75,2008,47,0,103.94
81217,Historical,133105,1,1,S,5,1,858912,120,2009,37,65.56,60.32
81218,Historical,130373,0,0,S,6,1,746283,83.8,2010,36,6.22,51.77
81219,Historical,575269,0,0,S,2,1,1299329,79.95,2007,29,17.19,70.99
81220,Historical,115171,0,0,S,10,1,920334,174.2,2000,42,4,42.1
81224,Historical,515161,0,0,S,13,1,655872,174.2,2008,29,69.85,150.47
81225,Historical,712667,0,0,S,3,1,1173701,53.38,2001,47,0,53.7
81226,Historical,739230,0,0,S,10,1,1096576,98,1999,52,4.36,24.99
81227,Historical,55753,0,0,S,11,1,818856,125.33,2002,42,69.85,42.98
81228,Historical,769461,0,0,S,12,1,1119228,85,2006,63,4,10.14
81230,Historical,183339,0,0,S,13,1,772583,112.95,2005,42,33.86,32.23
81231,Historical,571860,1,1,S,12,1,2333593,18.92,2006,59,93.84,18.92
81232,Historical,608600,0,0,S,7,1,2522702,73.95,2003,23,103.99,12.99
81233,Historical,807823,0,0,S,0,0,87755,44.99,2009,60,0,23.94
81234,Historical,808064,0,0,S,0,0,245685,44.99,2012,22,0,15.98
81235,Historical,54919,0,0,S,5,1,2205462,88,2005,27,91.35,9.81
81236,Historical,132726,0,0,S,1,0,1211797,121,2008,32,91.35,63.06
81237,Historical,145202,0,0,S,7,1,1655766,112.6,2005,49,13.13,9.92
81238,Historical,642007,1,5,S,2,1,43685,16.99,2013,75,61.25,18.99
81239,Historical,630499,1,3,S,2,1,37700,37.89,2013,65,23.65,18.99
81241,Historical,734282,0,0,S,2,1,2950371,28.99,2002,58,53.19,28.99
81242,Historical,141946,0,0,S,4,1,70978,33.62,2009,129,5.33,21.88
81244,Historical,52857,1,1,S,3,1,1240064,27,2004,117,53.49,22.43
81245,Historical,735557,0,0,S,4,1,1738461,71.5,2009,8,53.49,417.87
81246,Historical,108739,0,0,S,5,1,410027,41.86,2005,36,4.99,27.96
81247,Historical,620490,0,0,S,1,0,1140985,131.75,2006,26,10.26,52.99
81248,Historical,112244,1,2,S,2,1,123849,126.25,2004,47,10.26,62.94
81249,Historical,708817,1,1,S,3,1,862815,118.08,2006,33,11.94,90.14
81250,Historical,707111,0,0,S,0,0,346869,149.75,2003,57,0,23.68
81252,Historical,643955,0,0,S,4,1,602342,61,2009,25,0,46.49
81253,Historical,608163,0,0,S,9,1,1136356,161.95,1997,52,4.51,33.99
81254,Historical,848153,0,0,S,9,1,562591,150.95,1997,51,4,19.99
81256,Historical,533465,0,0,S,5,1,26463,81.2,2012,49,6.13,38.99
81257,Historical,144655,0,0,S,2,1,4465168,46.67,2004,40,6.13,17.99
81258,Historical,536751,0,0,S,5,1,41056,60.2,2012,52,32.17,73.83
81259,Historical,55481,0,0,S,12,1,25843,207.5,2008,65,66.83,114.48
81260,Historical,104569,0,0,S,9,1,1972385,73.25,1999,38,66.83,48.11
81261,Historical,111023,0,0,S,12,1,43239,207.5,2008,57,93.39,139.95
81262,Historical,53576,1,1,S,12,1,54308,207.5,2008,62,35.84,129.99
81263,Historical,112330,1,1,S,1,0,410872,137.75,2009,42,29.28,63.76
81265,Historical,119673,0,0,S,2,1,1838863,31.13,1996,40,28.99,9.52
81266,Historical,772845,0,0,S,0,0,128844,94.4,2006,50,0,73.8
81267,Historical,768134,0,0,S,1,0,48284,79,2010,30,0,60.93
81269,Historical,772252,0,0,S,6,1,540403,109.55,2004,40,0,88.06
81270,Historical,291744,1,1,S,1,0,437000,91.65,2008,22,25.09,62.32
81271,Historical,165198,1,1,S,3,1,69750,301.5,2002,77,0,43.09
81273,Historical,176958,0,0,S,2,1,991789,94.95,2003,26,4,24.98
81274,Historical,522844,0,0,S,4,1,1611933,88.95,2010,19,10.19,58.94
81275,Historical,556384,0,0,S,2,1,355430,47.95,2009,25,28.99,34.2
81276,Historical,532887,0,0,S,1,0,307765,49.95,2004,79,23.03,30.59
81277,Historical,123889,0,0,S,2,1,324899,190.95,1997,32,6.78,93.32
81278,Historical,157660,0,0,S,2,1,249816,51.95,2008,31,49.89,45.79
81279,Historical,352053,1,1,S,2,1,120788,35,2002,62,21.49,68.31
81280,Historical,907940,0,0,S,0,0,49708,44.99,2007,37,22.28,23.98
81281,Historical,1937512,0,0,S,4,1,30108,49.99,2014,25,0,29.15
81282,Historical,746940,0,0,S,0,0,94056,39.95,2012,33,15.89,24.99
81284,Historical,613443,0,0,S,0,0,187746,38.99,1999,125,4,29.57
81285,Historical,536187,0,0,S,2,1,521861,34.99,2002,33,6.64,27.19
81286,Historical,532832,0,0,S,2,1,716815,60.95,2007,34,4.94,40.97
81288,Historical,298112,0,0,S,2,1,64606,50.95,2005,37,14.48,30.79
81289,Historical,625684,0,0,S,3,1,377920,169.95,1995,11,0,167.54
81290,Historical,261244,0,0,S,5,1,19472,24.95,2011,89,18.91,39.91
81291,Historical,630239,0,0,S,2,1,28322,40,2005,41,25.52,26.36
81292,Historical,181400,0,0,S,2,1,566864,39.95,2008,31,18.76,32.29
81293,Historical,246374,0,0,S,0,0,1127829,51.95,2006,25,0,32.11
81294,Historical,208814,0,0,S,3,1,514966,28.95,2007,33,29.72,28.95
81295,Historical,157553,0,0,S,2,1,658338,55.95,2010,43,12.86,36.08
81296,Historical,867355,0,0,S,5,1,31222,166.75,2014,61,46.23,64.35
81297,Historical,212252,0,0,S,0,0,311677,44.95,1997,24,0,52.98
81298,Historical,635862,0,0,S,2,1,92693,30,2011,48,22.33,24.4
81299,Historical,625289,0,0,S,2,1,621060,59.95,2009,27,0,0
81300,Historical,242889,0,0,S,0,0,1315187,10.27,2009,26,9.08,8.43
81301,Historical,920405,0,0,S,4,1,47503,60.5,2013,55,28.78,45.78
81302,Historical,2604307,0,0,S,2,1,1072861,44.99,2004,22,29.29,36.86
81303,Historical,3804812,0,0,S,23,1,25243,49.95,2015,0,0,46.83
81304,Historical,895308,0,0,S,3,1,908968,44.95,2011,23,134.25,42.91
81306,Historical,637710,0,0,S,2,1,52728,59.95,2012,25,0,0
81307,Historical,1989591,0,0,S,2,1,74288,44.99,2014,26,21.6,26.5
81308,Historical,268127,0,0,S,2,1,776218,59.95,2010,43,22.27,36.86
81309,Historical,549655,0,0,S,2,1,391427,45,2008,38,5.28,11.41
81315,Historical,115579,0,0,S,2,1,560440,95.6,2003,41,7.6,49.85
81316,Historical,635711,0,0,S,2,1,804267,39.99,2012,33,28.48,27.96
81317,Historical,639890,0,0,S,1,0,256239,80,2011,16,0,46.52
81318,Historical,253716,0,0,S,0,0,857323,24.95,2007,42,39.17,14.53
81319,Historical,2325719,0,0,S,2,1,704842,0,1978,34,17.4,50.05
81321,Historical,627930,0,0,S,1,0,1565,39.95,2012,37,66.43,25.5
81323,Historical,867777,0,0,S,2,1,21057,64.95,2014,30,50.49,49.87
81324,Historical,1446571,0,0,S,3,1,196938,59.95,2014,16,0,44.27
81326,Historical,2041251,0,0,S,0,0,205543,69.95,2010,4,0,46.32
81327,Historical,3237987,0,0,S,0,0,6134,48.97,2010,0,0,46.44
81328,Historical,563772,0,0,S,4,1,917678,73.25,1992,36,0,21.08
81329,Historical,532744,0,0,S,2,1,748906,95,2010,25,16.02,58.42
81330,Historical,106230,0,0,S,2,1,1083524,63,2005,30,0,0
81332,Historical,301085,0,0,S,4,1,726820,44.99,2007,67,18.23,28.49
81334,Historical,291003,0,0,S,4,1,139389,21.95,2006,75,16.73,13.79
81335,Historical,893221,0,0,S,0,0,308193,39.95,2015,15,23.38,25.71
81336,Historical,626914,0,0,S,2,1,1283120,80,2010,26,36.84,72.28
81337,Historical,621965,0,0,S,1,0,34173,49.95,2010,42,26.33,30.98
81339,Historical,532742,0,0,S,0,0,25730,39.99,2008,56,12.86,23.99
81341,Historical,705700,1,2,S,11,1,385611,150,2011,18,0,0
81343,Historical,903678,0,0,S,0,0,114013,19.95,2011,24,30.11,16.44
81346,Historical,905534,0,0,S,2,1,1131804,54.99,2014,21,33.49,34.28
81349,Historical,618825,0,0,S,1,0,694392,80,2000,44,25.3,35.19
81350,Historical,135626,0,0,S,2,1,235529,29.95,2007,28,0,23.69
81351,Historical,738963,0,0,S,5,1,436462,38,1997,31,31.38,10.51
81352,Historical,916517,0,0,S,7,1,449825,51.92,2008,29,11.61,51.9
81353,Historical,205977,0,0,S,1,0,653656,32.95,2003,57,21.82,15.73
81354,Historical,218647,0,0,S,2,1,783012,47.95,1997,25,0,44.02
81355,Historical,553286,0,0,S,2,1,737779,76.8,1994,30,4.48,52.29
81356,Historical,1630804,0,0,S,0,0,177552,49.95,2009,22,33.99,36.6
81357,Historical,172236,0,0,S,5,1,39989,42.95,2009,69,27.98,31.1
81358,Historical,665255,0,0,S,3,1,13436,44.95,2012,25,0,0
81360,Historical,661628,0,0,S,12,1,854834,119.8,2012,19,138.62,92.71
81361,Historical,110238,0,0,S,8,1,56234,104,2009,38,39.21,52.43
81363,Historical,163025,0,0,S,5,1,1148253,115,2010,21,10.99,55.17
81364,Historical,1473789,0,0,S,2,1,709793,44.95,2009,17,0,30.68
81365,Historical,2537672,0,0,S,2,1,825025,45.95,2000,30,18.94,35.05
81366,Historical,532635,0,0,S,1,0,327332,60.95,2012,40,25.87,53.99
81367,Historical,625375,0,0,S,4,1,137393,41,2006,31,10.93,20.77
81368,Historical,1733125,0,0,S,1,0,1083407,32,2010,12,0,27.82
81369,Historical,923992,0,0,S,0,0,141768,21.99,2003,377,14.85,7.42
81370,Historical,647923,0,0,S,2,1,1315910,135.99,2004,31,47.11,94.44
81371,Historical,255116,0,0,S,3,1,38171,49.95,2008,53,22.52,31.99
81373,Historical,922300,0,0,S,3,1,362541,75.99,2007,76,4,10.46
81374,Historical,2103051,0,0,S,0,0,177911,40,2015,24,18.98,22.99
81376,Historical,456858,0,0,S,3,1,70542,97.95,2005,50,23.53,41.49
81377,Historical,108674,0,0,S,4,1,339024,82.75,2004,27,0,38.94
81379,Historical,128160,0,0,S,2,1,1305548,99,2001,15,20.49,119.83
81380,Historical,686713,0,0,S,1,0,104467,29.95,2012,32,23.97,15.99
81381,Historical,569651,0,0,S,2,1,1583076,85.95,2001,41,105.03,14.85
81383,Historical,3594246,1,1,S,2,1,2905355,60,1999,32,0,25
81384,Historical,613127,1,1,S,1,0,34929,60,2000,152,0,36.09
81388,Historical,141892,0,0,S,2,1,670658,15.79,2006,75,13.08,15.98
81389,Historical,612710,0,0,S,10,1,5689,98.75,2013,119,55.2,53.99
81390,Historical,141557,0,0,S,8,1,975032,5.94,2002,81,33.94,7.44
81391,Historical,644474,1,3,S,12,1,5466,79.25,2013,101,33.94,43.99
81393,Historical,208829,0,0,S,4,1,5248,29.95,2011,19,0,0
81394,Historical,427356,0,0,S,2,1,1096331,83,2012,13,21.57,48.05
81395,Historical,2648397,0,0,S,1,0,176294,60.95,1997,18,0,38.99
81396,Historical,673212,0,0,S,1,0,361542,23.99,2013,86,4.15,15.39
81397,Historical,183349,0,0,S,0,0,1541316,19.95,2007,118,0,4.68
81400,Historical,917808,0,0,S,2,1,63908,49,2014,41,42.99,36.68
81401,Historical,184317,0,0,S,1,0,54266,67.95,2007,33,0,40.98
81402,Historical,2405450,0,0,S,2,1,3639393,15.95,1990,36,0,15.52
81403,Historical,3078647,0,0,S,1,0,257049,19.95,2004,137,5.89,5.99
81405,Historical,126212,0,0,S,8,1,477693,45,2002,30,18.17,66.71
81406,Historical,403695,0,0,S,2,1,877795,55,2010,21,38.87,45.21
81407,Historical,128201,0,0,S,2,1,882996,70,2005,17,0,0
81408,Historical,861739,0,0,S,2,1,788941,63,2013,11,120.24,44.7
81409,Historical,552014,0,0,S,4,1,473155,226.2,1993,31,17.61,39.96
81410,Historical,257190,0,0,S,0,0,264439,50,1995,39,27.2,43.29
81411,Historical,639167,0,0,S,4,1,419205,114.61,2008,19,0,0
81412,Historical,822460,0,0,S,3,1,854822,27.95,2006,66,4,9.98
81413,Historical,900808,0,0,S,2,1,943344,55,2010,27,36.98,49.76
81414,Historical,1693227,0,0,S,1,0,549934,29.95,2007,22,21.73,55.37
81415,Historical,1848762,0,0,S,2,1,1688894,39.95,2011,31,36.71,32.35
81417,Historical,172399,0,0,S,2,1,325187,64.99,2004,18,0,0
81418,Historical,542226,0,0,S,6,1,433085,171.95,1998,49,7.83,54.9
81419,Historical,385791,0,0,S,2,1,668058,60.95,2010,63,16.24,36.42
81420,Historical,658258,0,0,S,1,0,431083,50.95,2012,13,41.6,33.37
81421,Historical,2648712,0,0,S,2,1,849717,63.95,2000,22,7.91,38.16
81422,Historical,184385,0,0,S,2,1,464035,55.95,2000,131,4.02,18.49
81423,Historical,643555,0,0,S,2,1,902441,46.95,2013,16,31.09,38.98
81425,Historical,2649436,0,0,S,1,0,356570,51.95,2004,24,0,37.28
81426,Historical,117995,0,0,S,5,1,1582937,81.33,2006,30,5.53,8.96
81427,Historical,133067,1,1,S,5,1,849966,127.8,2009,70,5.53,51.99
81428,Historical,874508,0,0,S,8,1,627395,68.67,2014,20,56.49,65.99
81429,Historical,630260,0,0,S,1,0,667833,65,2004,30,0,14.43
81430,Historical,801709,0,0,S,2,1,105872,39.95,2008,15,4.24,28.98
81431,Historical,57819,0,0,S,9,1,1189025,14.95,2006,28,10.81,12.63
81432,Historical,2272651,0,0,S,19,1,722474,75.66,2010,19,0,62.36
81433,Historical,922262,0,0,S,0,0,551305,18.95,2002,113,22.53,25.12
81434,Historical,543412,0,0,S,3,1,1173186,55,2012,17,36.55,33.97
81435,Historical,592027,0,0,S,3,1,314185,63,2008,15,0,29.69
81436,Historical,612668,0,0,S,3,1,223288,43.95,2014,17,0,33.25
81437,Historical,865001,0,0,S,2,1,1528234,53,2012,21,39.21,46.57
81438,Historical,865674,0,0,S,2,1,1597795,40,2012,14,15.54,25.03
81439,Historical,628672,0,0,S,1,0,741576,34.95,2011,71,22.54,7.06
81440,Historical,782160,0,0,S,5,1,47143,34.99,2011,30,27.61,27.67
81442,Historical,2445291,1,1,S,3,1,109217,59.59,1987,29,0,41.97
81443,Historical,735766,0,0,S,0,0,43320,45,2010,23,0,27.07
81444,Historical,2687942,0,0,S,4,1,789669,13.95,2003,83,1268.03,8.79
81445,Historical,2167042,0,0,S,2,1,291388,45.95,2014,10,0,45.95
81447,Historical,2087627,0,0,S,0,0,81319,45,2015,6,0,28.63
81448,Historical,392450,0,0,S,0,0,448436,39.95,2008,35,20.94,28.8
81449,Historical,625393,0,0,S,1,0,934805,102.95,2006,45,0,17.59
81450,Historical,1692825,0,0,S,1,0,162636,44.95,2010,45,0,6.17
81452,Historical,3272386,0,0,S,6,1,3021752,102.08,2002,30,40.37,105.59
81453,Historical,110221,0,0,S,2,1,37955,96.25,2011,78,17.69,38.59
81454,Historical,623813,0,0,S,7,1,53922,129.95,2012,36,29.1,68.84
81455,Historical,626258,1,1,S,5,1,730741,92.47,2010,39,57.91,47.61
81457,Historical,918071,0,0,S,2,1,94640,67.95,2013,51,32.04,58.98
81458,Historical,871796,0,0,S,3,1,316833,56.95,2014,37,53.99,45
81459,Historical,255128,1,1,S,2,1,55651,67.95,2011,27,0,0
81460,Historical,299005,0,0,S,2,1,310920,54.95,2011,24,99.66,49.04
81463,Historical,1566045,0,0,S,2,1,266747,85,2007,38,0,39.98
81464,Historical,619114,0,0,S,1,0,16266,40,2013,243,0,0
81466,Historical,436224,0,0,S,2,1,698811,106.95,2007,49,14.55,46.38
81467,Historical,161545,0,0,S,2,1,1021936,62.95,2006,26,28.97,52.83
81468,Historical,495244,0,0,S,2,1,603940,87,2005,106,6.24,37.31
81469,Historical,228030,0,0,S,8,1,437292,50,2008,31,0,28.99
81470,Historical,873637,0,0,S,2,1,1541119,43.95,1991,120,53.99,9
81471,Historical,740125,0,0,S,3,1,3644373,75.2,2004,40,60.37,11.98
81472,Historical,2599038,0,0,S,1,0,269403,49.99,1995,42,0,33.99
81473,Historical,2607434,0,0,S,2,1,943176,49.99,2005,18,0,34.99
81474,Historical,1586835,0,0,S,2,1,1117711,49.99,2006,18,58.98,24.64
81475,Historical,2610108,0,0,S,2,1,688552,34.99,1999,58,13.6,19.82
81476,Historical,2586483,0,0,S,0,0,750261,44.99,2005,20,0,34.24
81477,Historical,1588514,0,0,S,2,1,1007567,49.99,2007,39,12.8,37.49
81478,Historical,3463049,0,0,S,2,1,138450,115,2014,13,75.94,103.04
81479,Historical,1768815,0,0,S,2,1,611345,44.99,2014,18,75.94,34.97
81480,Historical,174593,0,0,S,2,1,310505,59.99,1999,122,50.98,9.74
81481,Historical,1769099,0,0,S,2,1,1882191,54.99,2014,12,0,36.47
81482,Historical,175115,0,0,S,3,1,83091,49.99,2010,114,23.28,28.97
81483,Historical,173744,0,0,S,2,1,239039,59.99,2003,146,19.49,28.23
81484,Historical,172631,0,0,S,2,1,18788,49.99,2010,112,25.36,42.87
81485,Historical,174827,0,0,S,0,0,193425,44.99,1999,42,0,29.99
81486,Historical,173354,0,0,S,0,0,1070098,57.99,1995,71,57.93,19.76
81487,Historical,347824,0,0,S,2,1,954099,89.99,2008,26,13.18,73.31
81489,Historical,763437,0,0,S,2,1,912713,76.95,2003,47,7.29,33.94
81490,Historical,704388,0,0,S,2,1,766100,0,2003,22,69.02,60.88
81491,Historical,618649,0,0,S,0,0,174521,144.95,2000,21,0,87.35
81492,Historical,153861,0,0,S,2,1,37066,26.25,2005,32,0,17.94
81494,Historical,289758,0,0,S,9,1,1523444,68.95,2006,20,0,23.84
81496,Historical,638425,0,0,S,4,1,872270,43.95,2012,18,29.95,25.54
81497,Historical,714497,0,0,S,3,1,3677059,32,2001,19,35.92,7.99
81498,Historical,58521,0,0,S,7,1,1704077,44,2003,40,91.56,6.87
81499,Historical,200070,0,0,S,3,1,237325,82.95,2004,19,58.99,69.14
81501,Historical,532107,0,0,S,2,1,123380,49.99,2011,31,33.76,33.92
81503,Historical,58279,0,0,S,3,1,1619440,104.95,2003,53,74.77,9.87
81504,Historical,874442,0,0,S,6,1,951362,98.77,2013,13,74.77,90.98
81505,Historical,870115,0,0,S,3,1,2472567,84.95,2003,24,23.95,13.96
81506,Historical,651871,0,0,S,2,1,71856,145,2009,24,0,0
81507,Historical,544356,1,3,S,9,1,47505,178.95,2013,67,60.69,113.99
81508,Historical,638423,0,0,S,2,1,549058,69,2010,51,38.99,40.25
81509,Historical,1468001,0,0,S,6,1,7411398,49.85,2007,18,57.12,48.75
81510,Historical,2677010,0,0,S,0,0,308459,74.99,2005,17,0,42.97
81511,Historical,808031,0,0,S,0,0,1119848,74.99,2011,14,20.22,40.55
81512,Historical,2566219,0,0,S,2,1,756262,55,1996,18,4.47,32.88
81513,Historical,113584,0,0,S,0,0,351098,144.2,2006,39,4.81,45
81514,Historical,617752,1,1,S,2,1,198546,76.95,1978,84,4.97,28.99
81515,Historical,133788,0,0,S,16,1,1917,65,2010,71,33.98,38.35
81516,Historical,618030,0,0,S,2,1,801071,136.2,2000,64,18.11,12.25
81519,Historical,120623,0,0,S,3,1,15703,120.95,2008,53,73.99,72.27
81520,Historical,2330121,0,0,S,0,0,153726,45,2002,68,0,18.98
81522,Historical,2814518,0,0,S,3,1,1528790,58,2003,16,0,47.02
81523,Historical,2121176,0,0,S,3,1,446519,49.95,2007,20,0,42.76
81524,Historical,783810,0,0,S,2,1,156755,60,2004,25,5.88,7.19
81525,Historical,57196,0,0,S,2,1,3264282,51.95,1999,40,84.45,40.48
81526,Historical,625566,0,0,S,0,0,413724,79,1989,29,59.03,54.15
81527,Historical,639316,0,0,S,1,0,273282,36.95,2008,75,30.32,26.98
81528,Historical,1480084,0,0,S,0,0,870283,18.95,2012,34,29.19,13.63
81531,Historical,634941,0,0,S,2,1,297371,59.95,2011,31,22.49,23.99
81532,Historical,627699,0,0,S,1,0,315594,38.95,1999,34,22.49,32.38
81534,Historical,1692553,0,0,S,6,1,292156,71.95,2007,42,0,8.75
81535,Historical,867603,0,0,S,6,1,403447,102.99,2014,27,11.19,23.63
81537,Historical,906611,0,0,S,2,1,306270,80.7,1999,41,0,62.99
81538,Historical,265299,0,0,S,3,1,524285,80,2003,44,41.08,53.94
81539,Historical,1767078,0,0,S,2,1,2160835,89.99,2012,14,51.99,73.37
81541,Historical,2024065,0,0,S,5,1,7337,18,2013,87,0,6.98
81542,Historical,163078,0,0,S,5,1,487395,40,2011,22,13.99,40
81544,Historical,565437,0,0,S,0,0,748390,16.95,1999,28,44.19,57.22
81545,Historical,867320,0,0,S,4,1,92742,62.95,2013,39,34.1,52.94
81546,Historical,255374,0,0,S,5,1,192921,54.95,2010,40,35.54,43.99
81547,Historical,133068,0,0,S,5,1,1225660,84,2009,34,5.98,18.99
81548,Historical,244000,1,1,S,5,1,25344,148.95,2011,91,62.34,62.99
81549,Historical,599612,1,1,S,0,0,3755,16,2006,515,23.98,7.98
81550,Historical,135372,0,0,S,2,1,44149,42,2007,48,17.98,33.95
81551,Historical,619026,0,0,S,30,1,94948,33.95,2003,42,19.27,32.88
81553,Historical,2019637,0,0,S,2,1,131467,30.95,2011,7,0,30.95
81554,Historical,142062,0,0,S,9,1,48291,57.35,2010,89,26.96,54.83
81555,Historical,701921,0,0,S,2,1,1125207,40,2010,30,7.34,19.38
81557,Historical,854484,0,0,S,1,0,284108,81,2003,44,0,38.45
81558,Historical,639462,0,0,S,3,1,485564,30,2002,26,13.65,16.87
81560,Historical,661134,0,0,S,2,1,262419,39.95,2011,26,26.49,25
81561,Historical,620487,0,0,S,2,1,968040,133.75,2011,42,0,13.99
81564,Historical,287752,0,0,S,4,1,20807,64.95,2010,45,32.49,37.38
81566,Historical,531768,0,0,S,3,1,344594,29.99,2011,19,0,0
81567,Historical,223335,0,0,S,0,0,193443,39.99,2011,28,0,25.06
81569,Historical,135637,0,0,S,2,1,192667,41.95,2008,21,14.58,20.49
81570,Historical,184020,1,1,S,1,0,70292,248.95,2004,72,0,15.99
81571,Historical,594092,0,0,S,2,1,744721,57.95,2011,13,48.23,48.28
81572,Historical,342534,0,0,S,2,1,610157,34.95,2000,111,4,6.97
81573,Historical,1435125,0,0,S,2,1,526740,70,2007,60,20.58,18.97
81574,Historical,802399,0,0,S,4,1,901847,79.95,2006,21,0,26.16
81575,Historical,1873461,0,0,S,3,1,1212415,68.95,2006,25,0,25.47
81576,Historical,1929173,0,0,S,2,1,672222,53,2014,26,38.1,38.24
81577,Historical,267866,0,0,S,4,1,1603588,19.95,2007,47,5.99,6.99
81578,Historical,2092190,0,0,S,4,1,173948,24.95,2012,23,7.21,16.16
81579,Historical,267843,0,0,S,3,1,177533,18.95,2005,74,13.93,17.98
81580,Historical,300484,0,0,S,4,1,82276,19.95,2011,37,7.67,12.96
81581,Historical,624390,0,0,S,3,1,53538,34.95,2008,52,16.58,16.97
81582,Historical,609538,0,0,S,6,1,1291337,34.99,2009,39,0,79.99
81583,Historical,637812,0,0,S,2,1,169547,59.99,2011,27,32.98,38.46
81585,Historical,3011547,0,0,S,0,0,179277,39.95,2003,26,0,48.99
81586,Historical,1576171,0,0,S,0,0,1399468,78.95,2008,30,35.93,72.34
81589,Historical,635673,0,0,S,4,1,194368,49.56,2007,30,42.49,46.15
81593,Historical,667323,0,0,S,0,0,158213,99.99,2012,13,57.98,79.23
81594,Historical,892876,0,0,S,0,0,11861,35,2014,15,25.96,21.62
81595,Historical,170477,0,0,S,2,1,96903,26.95,2012,98,9.92,17.11
81596,Historical,118929,0,0,S,5,1,535357,169.4,2007,56,4.5,28.99
81597,Historical,552041,0,0,S,2,1,5615657,66.67,2000,30,88.86,23.93
81598,Historical,622061,0,0,S,4,1,479395,55,2004,46,18.06,48.99
81600,Historical,531653,0,0,S,3,1,116156,16.95,2009,44,0,0
81601,Historical,224506,0,0,S,4,1,2069503,145.6,1997,35,32.12,44.35
81602,Historical,1946623,0,0,S,7,1,14359,65.5,2014,33,0,57.24
81603,Historical,642057,1,1,S,4,1,175287,47.95,2013,68,30.94,41.47
81604,Historical,2646601,1,1,S,0,0,56648,46.95,1991,50,13.54,25.59
81605,Historical,865399,0,0,S,4,1,98968,36.81,2012,20,23.34,14.5
81606,Historical,2261267,0,0,S,5,1,1295528,179.77,2009,31,14.98,46
81607,Historical,621741,0,0,S,1,0,222373,75,2005,33,0,39.58
81609,Historical,276474,0,0,S,2,1,235473,69.95,2008,28,0,0
81610,Historical,622362,0,0,S,2,1,339257,89.99,1999,25,18.91,29.83
81611,Historical,127285,0,0,S,3,1,441490,76.95,2006,16,0,67.04
81612,Historical,3003320,0,0,S,2,1,178284,48.11,2014,7,0,16.3
81613,Historical,559778,0,0,S,3,1,176440,68.68,1994,56,4,45.4
81614,Historical,57138,0,0,S,7,1,7218793,59.8,2001,59,58.89,7.64
81615,Historical,2529925,0,0,S,0,0,135697,57.95,1996,37,0,42.08
81616,Historical,627581,0,0,S,3,1,339114,60,2006,20,0,0
81618,Historical,635702,0,0,S,1,0,73840,65.95,2012,18,0,39.14
81619,Historical,896900,0,0,S,6,1,103086,69.99,2013,21,33.99,45.39
81620,Historical,268789,0,0,S,2,1,980086,40,2010,21,11.54,39.97
81621,Historical,446341,0,0,S,4,1,1704979,205,2010,22,138.08,45.83
81622,Historical,212622,1,1,S,4,1,2312911,110,2006,60,39.98,12.99
81623,Historical,642033,0,0,S,4,1,33800,99.99,2013,63,51.21,57.98
81624,Historical,262600,0,0,S,2,1,716510,49.95,2001,37,27.65,43.94
81625,Historical,158118,0,0,S,4,1,867209,73,2006,19,27.94,80.35
81626,Historical,2313335,0,0,S,0,0,219638,38.94,1977,143,20.72,28.94
81627,Historical,2504040,0,0,S,1,0,149486,51.26,1975,31,0,51.05
81630,Historical,115105,0,0,S,3,1,182897,57,1999,19,21.26,27.99
81631,Historical,714362,0,0,S,5,1,2466031,36.33,2001,27,47.58,18.94
81632,Historical,133699,1,1,S,3,1,72230,43,2008,23,0,0
81633,Historical,915339,0,0,S,5,1,493487,80.95,2012,34,48.99,76.93
81634,Historical,121359,0,0,S,5,1,51794,107,2009,66,30.99,81.99
81635,Historical,639330,0,0,S,2,1,1077372,46.95,2008,39,30.72,37.77
81636,Historical,50562,0,0,S,2,1,2799171,43.49,2000,29,0,45.01
81637,Historical,2023330,0,0,S,0,0,1663488,14.95,2010,23,0,7.97
81638,Historical,174906,0,0,S,2,1,985038,44.99,2005,29,17.04,28.99
81639,Historical,191927,0,0,S,5,1,213608,8.25,2001,20,56.16,10.69
81640,Historical,689740,0,0,S,0,0,392139,25.95,2010,32,70.58,83.49
81641,Historical,866840,0,0,S,6,1,37252,81,2014,36,43.68,49.99
81642,Historical,612030,0,0,S,2,1,408038,62,2013,30,40,52.93
81643,Historical,1781303,1,2,S,2,1,69714,65,2014,20,50.41,49.49
81645,Historical,745666,0,0,S,1,0,448557,45,2003,95,0,28.36
81646,Historical,746020,0,0,S,12,1,685323,49.95,2002,26,25.64,73.66
81648,Historical,326921,0,0,S,2,1,223765,22,2005,77,30.37,11.92
81649,Historical,531395,0,0,S,3,1,257035,38.95,2011,48,21.73,36.6
81651,Historical,137811,0,0,S,3,1,225333,44.95,2008,53,31.98,43.46
81652,Historical,642493,0,0,S,1,0,439325,66.4,1992,22,4.74,62.49
81653,Historical,800175,0,0,S,2,1,1943527,68,2007,29,27.97,28.99
81654,Historical,1786606,0,0,S,2,1,244824,45.95,2014,4,0,42.25
81655,Historical,336722,0,0,S,3,1,306016,54.95,2007,44,41.24,23.2
81656,Historical,717766,1,9,S,5,1,1134567,97.95,2002,33,78.5,99.89
81657,Historical,914524,0,0,S,1,0,703949,56,2002,34,4,46.56
81658,Historical,54601,0,0,S,5,1,1346786,46.8,2006,104,44.11,11.86
81659,Historical,874558,0,0,S,4,1,525344,59.33,2013,17,49.72,63.36
81660,Historical,531356,0,0,S,6,1,1429655,69,2009,28,32.07,37.18
81661,Historical,1615932,0,0,S,2,1,123374,49.99,2009,48,21.78,76.1
81662,Historical,284624,0,0,S,20,1,80602,14.99,2005,252,9.12,5.98
81664,Historical,1580921,0,0,S,1,0,1068100,74.99,2010,18,37.19,43.68
81665,Historical,639318,0,0,S,0,0,131895,50.95,2008,27,0,36.98
81666,Historical,1677892,0,0,S,4,1,237522,44.95,2014,23,32.39,33.7
81669,Historical,614168,0,0,S,1,0,188430,50,2001,60,0,12.03
81670,Historical,168862,0,0,S,0,0,246113,23.95,2006,23,59.04,16.75
81671,Historical,287011,0,0,S,1,0,580133,99.99,2009,41,0,11.83
81672,Historical,293584,0,0,S,0,0,447090,40,2004,81,19,38.99
81673,Historical,865088,0,0,S,2,1,829824,43.95,2009,19,17.89,33.48
81675,Historical,266909,0,0,S,1,0,611612,44.99,2007,27,0,10.98
81676,Historical,545201,0,0,S,2,1,109380,44.99,2009,40,0,17.08
81677,Historical,624245,0,0,S,2,1,1201698,49.99,2006,23,15.99,34.98
81678,Historical,326388,0,0,S,2,1,933068,44.99,2008,24,0,56.17
81679,Historical,339965,0,0,S,3,1,572714,65,2010,83,22,40.36
81680,Historical,136983,0,0,S,0,0,253849,44,2003,28,0,26.99
81681,Historical,897135,0,0,S,2,1,688066,28.2,2006,9,24.72,26.88
81682,Historical,248078,1,1,S,2,1,167915,70,2010,24,41.87,53.99
81683,Historical,116288,0,0,S,2,1,523836,64.99,2006,78,4,10.93
81684,Historical,174805,0,0,S,0,0,370980,44.99,1999,23,23.95,33.74
81686,Historical,112297,0,0,S,10,1,460585,79,2005,71,6.08,22.89
81687,Historical,100663,0,0,S,8,1,1250196,83.5,1999,70,6.08,8.39
81688,Historical,58549,0,0,S,6,1,1075337,49.95,1998,56,58.96,11.24
81689,Historical,557124,0,0,S,5,1,1738197,85.2,2000,42,89.48,38.97
81690,Historical,270881,0,0,S,1,0,178642,48,2009,46,30.16,21.7
81691,Historical,190429,0,0,S,3,1,737288,49.62,1997,84,8.68,27.42
81692,Historical,189879,0,0,S,3,1,37532,41.95,2004,17,0,30.97
81693,Historical,619446,1,2,S,0,0,86103,39.99,2003,57,0,51.76
81694,Historical,866099,1,3,S,0,0,200775,39.99,2004,40,0,74.41
81695,Historical,1678126,0,0,S,0,0,355324,79,2012,11,35.66,66.88
81696,Historical,746654,0,0,S,3,1,845917,49.95,2009,25,7.45,28.43
81697,Historical,262492,0,0,S,11,1,425072,52.95,1998,34,0,0
81698,Historical,908556,0,0,S,3,1,3604674,72.95,1999,19,44.5,34.27
81699,Historical,531192,0,0,S,2,1,1429906,42.95,2010,23,18.36,27.59
81700,Historical,674997,0,0,S,1,0,235591,24.99,2008,162,14.79,8.19
81703,Historical,627838,0,0,S,4,1,21005,69.95,2013,52,54.58,51.99
81704,Historical,1588324,0,0,S,2,1,858193,49.99,2007,19,0,41.97
81705,Historical,633470,0,0,S,0,0,494115,44,2004,19,0,18.69
81706,Historical,660745,0,0,S,2,1,429956,49.95,2013,41,18.31,33.02
81707,Historical,531151,1,3,S,2,1,54139,59.95,2010,46,17.9,29.43
81708,Historical,647352,0,0,S,2,1,51044,36.95,2010,29,28.91,28.27
81709,Historical,2314615,0,0,S,2,1,2543763,30.95,1993,74,32.55,10.94
81710,Historical,2874707,0,0,S,1,0,818735,139,2005,22,38.74,75.29
81712,Historical,718291,0,0,S,1,0,1313534,60,1997,36,0,35.13
81713,Historical,890995,0,0,S,2,1,98300,49.99,2015,19,31.19,30.21
81714,Historical,629652,0,0,S,2,1,683378,36.95,2006,15,0,35.47
81715,Historical,163994,1,3,S,5,1,455763,212.5,2003,68,23.99,62.8
81717,Historical,649508,0,0,S,5,1,55405,104.95,2013,71,66.31,63.49
81718,Historical,663314,0,0,S,2,1,323070,61,2013,8,45.5,41.15
81719,Historical,1840151,0,0,S,1,0,691011,42.95,2008,16,0,33.81
81720,Historical,623702,0,0,S,0,0,444311,72,1994,21,19.59,60.81
81721,Historical,2437789,0,0,S,0,0,347443,43,2003,17,0,25.94
81722,Historical,531058,0,0,S,0,0,20780,19.95,2009,304,4,10.79
81724,Historical,617965,0,0,S,4,1,131097,105.75,2009,44,0,0
81725,Historical,687754,0,0,S,2,1,210181,28.95,2009,33,0,0
81726,Historical,248775,0,0,S,2,1,414209,61.95,2005,20,39.6,48.85
81727,Historical,123933,0,0,S,4,1,23394,173.95,1998,57,58.76,76.29
81728,Historical,174590,0,0,S,2,1,477287,49.99,2001,38,14.06,35.96
81729,Historical,705388,0,0,S,4,1,577632,61.94,2012,15,69.34,60.98
81730,Historical,246632,0,0,S,3,1,959408,65.95,2007,38,46.59,45.71
81731,Historical,120462,0,0,S,2,1,2296409,86,1997,28,123.99,32.81
81732,Historical,148260,0,0,S,7,1,801626,217.95,2005,37,34.44,55.64
81733,Historical,649673,0,0,S,10,1,85437,180.67,2012,35,66.96,91.99
81734,Historical,285884,0,0,S,4,1,477102,92.4,2001,38,101.99,8.42
81735,Historical,53429,0,0,S,10,1,2029211,184.38,2006,25,244.6,18.99
81736,Historical,217710,0,0,S,2,1,987975,57.95,2003,27,23.72,23.98
81737,Historical,156709,0,0,S,2,1,172502,52.95,1999,25,0,44
81738,Historical,200091,0,0,S,2,1,1322976,171.95,2004,29,43.56,39.17
81739,Historical,875220,0,0,S,8,1,55512,94.95,2014,54,46.97,77.26
81740,Historical,899104,0,0,S,4,1,999267,44.67,2014,14,51,42.69
81741,Historical,231846,0,0,S,0,0,546710,56,1996,33,38.28,42.07
81742,Historical,270686,0,0,S,2,1,190941,56,2010,12,6.41,54.43
81743,Historical,638526,0,0,S,2,1,1056534,102.5,1995,26,7.94,21.46
81745,Historical,920946,0,0,S,3,1,9600,15,2014,57,10.93,9.48
81746,Historical,126238,0,0,S,2,1,37952,30,2002,66,11.69,19.46
81747,Historical,549234,0,0,S,2,1,1242565,18.15,1994,102,40.99,10.99
81748,Historical,192020,0,0,S,4,1,1164229,0,2005,22,115.49,42.94
81749,Historical,2338856,0,0,S,2,1,773608,50.93,1978,26,26.27,106.1
81750,Historical,131339,1,1,S,2,1,219853,56.2,2000,28,0,53.44
81751,Historical,152511,0,0,S,7,1,6637,89.95,2011,68,51.92,51.45
81752,Historical,232471,0,0,S,2,1,94597,29.95,2002,51,21.51,56.83
81753,Historical,146342,0,0,S,2,1,68572,49.99,2010,34,25.72,28.15
81754,Historical,107430,1,1,S,3,1,86465,85.76,2001,62,86.37,48.97
81755,Historical,1559885,0,0,S,2,1,679265,45.95,2009,18,37.48,41.15
81756,Historical,630383,0,0,S,2,1,223368,62.95,1994,90,10.84,27.7
81757,Historical,126127,0,0,S,3,1,622851,49.95,2001,26,18.81,28.5
81759,Historical,2816329,0,0,S,0,0,512595,44.95,1970,31,0,32
81760,Historical,2540853,0,0,S,2,1,259311,31.95,2002,36,18.11,25.87
81761,Historical,2647640,0,0,S,1,0,572035,52.95,1993,25,11.88,27.65
81763,Historical,682895,0,0,S,10,1,115932,29.95,2008,51,21.68,25.96
81764,Historical,724474,0,0,S,2,1,958453,65,2012,12,26.78,42.96
81765,Historical,690468,0,0,S,3,1,13946,29.99,2012,81,21.95,19.36
81766,Historical,696568,0,0,S,2,1,305818,75,2002,39,0,0
81767,Historical,628969,0,0,S,2,1,615672,40,2000,50,0,76.3
81768,Historical,153970,0,0,S,6,1,36010,61.25,2008,39,30.54,40.69
81769,Historical,718965,0,0,S,1,0,117257,74,2000,44,0,17.99
81770,Historical,632036,0,0,S,7,1,35692,82,2013,75,57.77,18.79
81771,Historical,183140,0,0,S,5,1,1623062,200.95,2005,36,44.05,39.04
81772,Historical,570725,1,2,S,6,1,1655597,81.95,2008,57,25.57,9.97
81773,Historical,1584296,0,0,S,0,0,1024705,44.99,2010,31,23.71,44.99
81774,Historical,153945,0,0,S,10,1,694919,66,2006,97,91.23,15.25
81776,Historical,530753,0,0,S,4,1,106472,68.99,2009,22,31.55,50.63
81777,Historical,865109,0,0,S,2,1,124616,34.95,2008,32,19.61,23.04
81778,Historical,1777983,0,0,S,2,1,488459,60,2012,18,28.99,35.85
81779,Historical,880455,1,12,S,7,1,112295,119.87,2014,60,73.65,33.99
81780,Historical,381485,0,0,S,2,1,420092,48,2012,22,39.94,37.72
81781,Historical,809129,0,0,S,2,1,1277395,146,2011,14,52.22,53.99
81782,Historical,133192,0,0,S,5,1,116410,35.67,2010,13,0,71.76
81783,Historical,1829855,0,0,S,4,1,335740,60.95,2015,38,56.88,47.5
81784,Historical,860208,0,0,S,1,0,480199,39.99,2010,23,0,26.99
81785,Historical,161696,0,0,S,3,1,847690,80,2007,35,5.18,10.32
81786,Historical,189742,0,0,S,1,0,599006,58,2001,36,0,22.55
81787,Historical,178011,0,0,S,2,1,3447727,88.95,2004,26,71.71,14.99
81788,Historical,346162,0,0,S,3,1,694878,139.95,2006,42,67.23,123.83
81789,Historical,179190,0,0,S,2,1,294797,86.95,2009,38,20.1,13.99
81790,Historical,116898,0,0,S,0,0,45723,53.32,2003,53,0,26.53
81791,Historical,530625,0,0,S,2,1,879714,47,2009,19,31.71,35.52
81792,Historical,127211,0,0,S,0,0,151484,45,2007,24,25.41,24.23
81795,Historical,173579,0,0,S,0,0,1549679,59.99,1996,37,0,41.97
81796,Historical,1726074,0,0,S,2,1,2022591,62,2011,13,0,35.45
81797,Historical,157551,0,0,S,0,0,851924,64.95,2010,24,0,57.4
81798,Historical,214372,0,0,S,5,1,14926,24.95,2009,71,12.37,22.52
81799,Historical,2141180,0,0,S,2,1,280058,39.99,2013,19,30.23,30.74
81800,Historical,115323,0,0,S,3,1,245542,86.8,2003,24,38.65,70.07
81801,Historical,292307,0,0,S,3,1,381677,66.95,2002,32,32.79,43.43
81802,Historical,272285,0,0,S,2,1,1006819,55,2009,27,35.55,38.31
81804,Historical,246700,0,0,S,2,1,45442,63.95,2009,46,27.01,32.5
81805,Historical,246723,0,0,S,0,0,107277,46.95,2008,25,0,33.98
81806,Historical,141656,0,0,S,3,1,463221,4.99,2004,111,60.44,8.28
81807,Historical,600023,0,0,S,1,0,560030,15.95,2008,58,13.59,7.92
81808,Historical,175464,0,0,S,2,1,909399,89.99,2005,41,8.99,33.69
81809,Historical,645299,0,0,S,2,1,314670,50.95,2009,18,0,39.5
81810,Historical,604029,0,0,S,0,0,632679,89.95,2009,16,98.42,15.02
81811,Historical,137654,0,0,S,3,1,384821,49.95,1997,31,34.89,49.47
81812,Historical,149299,0,0,S,3,1,425727,45,2003,23,0,21.57
81813,Historical,682026,0,0,S,1,0,352600,24.95,2013,50,8.34,17.37
81814,Historical,651404,0,0,S,6,1,1939323,113.95,2009,17,109.94,43.99
81815,Historical,609525,0,0,S,3,1,590707,39.99,2008,34,27.68,18.5
81817,Historical,628895,0,0,S,2,1,390882,42.95,2004,19,0,30.09
81818,Historical,126745,0,0,S,6,1,67532,107.95,2005,63,60.59,53.94
81819,Historical,284635,1,1,S,3,1,345852,13.95,2005,159,8.73,7.4
81821,Historical,121298,0,0,S,2,1,1019338,39.99,2010,84,4,7.11
81822,Historical,205930,0,0,S,2,1,981965,78.95,2005,41,25.48,46.98
81823,Historical,2082626,0,0,S,3,1,1070049,85,2014,26,8.84,52.63
81824,Historical,2596828,0,0,S,0,0,576410,44.99,1989,34,0,34.97
81825,Historical,1692103,0,0,S,4,1,38826,29.99,2014,52,17.73,13.98
81826,Historical,645378,0,0,S,2,1,742563,65,2010,23,45.13,41.12
81827,Historical,619789,0,0,S,2,1,385237,75,2010,32,18.34,31.45
81828,Historical,625244,0,0,S,2,1,389834,46.95,2011,17,0,33.19
81829,Historical,166664,0,0,S,2,1,901132,19.95,2005,71,15.08,7.43
81830,Historical,676699,0,0,S,2,1,608765,35,2002,29,4.02,6.96
81832,Historical,1535627,0,0,S,50,1,8013,17.95,2013,30,13.02,14.43
81833,Historical,626586,0,0,S,1,0,98784,44,1977,42,0,41.99
81834,Historical,622184,0,0,S,0,0,241341,44,1971,50,0,47.97
81835,Historical,106845,0,0,S,3,1,83481,20,2011,49,0,0
81836,Historical,2346380,0,0,S,4,1,747790,119.3,1987,18,36.3,57.77
81837,Historical,225663,0,0,S,2,1,480366,157.95,2000,25,108.88,34.23
81838,Historical,288388,0,0,S,2,1,757430,111,2005,26,4.77,111
81839,Historical,54330,0,0,S,4,1,1401,34.95,2009,196,11.85,16.99
81841,Historical,916533,0,0,S,4,1,50644,50,2014,45,29.59,25.99
81842,Historical,647747,0,0,S,2,1,605653,43,2009,16,29.78,33.6
81844,Historical,2014588,0,0,S,2,1,398172,16.95,2006,107,0,9.96
81845,Historical,674613,0,0,S,2,1,244532,29.95,2007,216,17.22,11.4
81846,Historical,530315,0,0,S,2,1,57927,70,2012,35,47.43,48.87
81847,Historical,205650,0,0,S,1,0,210198,22.95,1998,207,5.77,4.74
81848,Historical,205678,0,0,S,1,0,70780,65,2000,44,0,17.49
81850,Historical,2408026,1,1,S,2,1,712734,35,1996,38,22.94,28.99
81851,Historical,167185,0,0,S,2,1,235357,48.75,2006,28,9.49,23.51
81852,Historical,540254,0,0,S,1,0,493310,34.95,2012,62,34.44,14.48
81854,Historical,201762,0,0,S,4,1,1381395,41.95,2009,22,24.48,36.67
81855,Historical,892805,0,0,S,2,1,989572,48,2014,15,32.92,35.55
81856,Historical,911711,0,0,S,3,1,53450,27.95,2014,26,51.63,23.99
81857,Historical,246446,0,0,S,2,1,241520,52.95,2007,53,21.97,28.98
81858,Historical,620807,0,0,S,2,1,331311,49.95,2008,63,19.1,26.79
81860,Historical,2048990,0,0,S,36,1,98363,215,2014,13,0,155.4
81861,Historical,125396,0,0,S,2,1,736244,67,1996,24,53.96,45.58
81863,Historical,646875,0,0,S,2,1,607132,58,2013,12,0,0
81864,Historical,656391,0,0,S,1,0,1322585,40.95,2009,21,33.84,211.87
81866,Historical,124053,0,0,S,3,1,752880,189.95,1999,42,38.04,81.59
81867,Historical,640499,0,0,S,2,1,433162,44.95,2005,50,26.88,41.86
81868,Historical,173928,0,0,S,2,1,578212,34.99,2005,38,9.63,32.63
81870,Historical,1780927,0,0,S,2,1,185152,60,2015,12,37.76,36.5
81871,Historical,541841,0,0,S,6,1,67330,75,2011,34,42.84,38.99
81872,Historical,297987,0,0,S,1,0,417866,214.95,2008,23,0,91.94
81873,Historical,53688,1,1,S,6,1,399888,161.95,2007,44,9.34,21.49
81874,Historical,288930,0,0,S,4,1,1203994,160.95,2008,52,5.12,26.49
81875,Historical,54724,0,0,S,4,1,1320946,170.95,2008,26,5.12,16.49
81876,Historical,2541259,0,0,S,1,0,477935,45.95,2004,17,0,36.94
81878,Historical,620404,0,0,S,3,1,526416,74,1998,33,14.93,23.98
81879,Historical,808084,0,0,S,0,0,491767,44.99,2012,21,0,13.98
81881,Historical,755008,1,1,S,20,1,1135012,40,2003,26,0,72
81884,Historical,2138451,0,0,S,2,1,137962,69.95,2015,13,0,41.27
81885,Historical,641577,0,0,S,2,1,94871,73.95,2008,43,18.59,70.53
81886,Historical,158179,0,0,S,2,1,635421,73.95,2007,28,69.35,50.65
81887,Historical,685028,0,0,S,2,1,1143156,43.95,2012,18,26.5,31.59
81888,Historical,681251,0,0,S,0,0,38289,20,2012,32,20.81,16.97
81889,Historical,2088816,0,0,S,4,1,405477,35.95,2013,19,0,35.95
81890,Historical,1559342,0,0,S,1,0,793167,56.95,2009,29,0,54.66
81891,Historical,636256,0,0,S,2,1,481728,49.95,2001,29,28.96,39.48
81894,Historical,913116,0,0,S,10,1,236798,51,2013,23,0,31.95
81896,Historical,2509940,0,0,S,0,0,31673,14.95,2000,129,124.07,12.38
81898,Historical,2031806,0,0,S,2,1,68473,49.95,2013,83,20.75,32.93
81899,Historical,788248,0,0,S,5,1,339357,130.95,2000,26,0,52.83
81900,Historical,866291,0,0,S,2,1,173964,44.95,2012,42,28.94,26.63
81902,Historical,647660,0,0,S,3,1,167969,74,2011,16,0,63.07
81903,Historical,635583,1,1,S,5,1,154754,70.95,2013,22,36.47,46.33
81904,Historical,243108,0,0,S,2,1,146840,29.95,2004,47,31.46,7.38
81905,Historical,299443,0,0,S,2,1,287604,44.95,2004,44,34.54,10.51
81906,Historical,867641,0,0,S,0,0,112484,66,2014,21,34.54,47.04
81907,Historical,229187,0,0,S,3,1,522128,60,2010,44,34.54,13.73
81908,Historical,116029,0,0,S,5,1,322219,64.6,2005,48,34.43,38.48
81910,Historical,529942,0,0,S,2,1,411791,65,2007,37,6.71,24.99
81911,Historical,57734,0,0,S,2,1,2484622,44.95,2003,45,35.09,3.97
81912,Historical,721079,0,0,S,2,1,329762,45,2005,30,13.94,27.37
81913,Historical,827221,0,0,S,0,0,815289,34.92,2005,17,22.73,34.91
81914,Historical,654689,0,0,S,4,1,933419,50,2009,20,0,39.69
81915,Historical,864094,0,0,S,2,1,3601011,104.4,2011,17,82.45,104.4
81916,Historical,1576217,0,0,S,1,0,478155,45,2011,38,0,13.97
81918,Historical,3103470,0,0,S,0,0,479588,9.99,2005,22,43.2,9.99
81919,Historical,529922,0,0,S,0,0,68422,70,2010,39,38.99,47.8
81920,Historical,134883,0,0,S,7,1,527815,52.5,2010,39,0,31.99
81921,Historical,2899271,0,0,S,2,1,2931519,45,1998,17,0,23.7
81923,Historical,529903,0,0,S,3,1,614093,35.95,2012,27,25.44,28.25
81924,Historical,609584,0,0,S,2,1,3315048,155.95,2005,27,92.57,4
81926,Historical,631814,0,0,S,0,0,122839,39.95,2004,21,23.23,24.07
81927,Historical,867007,1,1,S,7,1,153323,70.95,2014,28,42.84,29.16
81928,Historical,2875189,0,0,S,0,0,292045,40.55,1989,81,0,19.99
81929,Historical,2464167,0,0,S,1,0,159972,35.99,1990,37,0,19.26
81930,Historical,543178,0,0,S,2,1,65732,49.95,2015,22,38.99,35.71
81931,Historical,2653444,0,0,S,4,1,278027,150.95,1991,38,4.76,33.98
81932,Historical,870602,0,0,S,5,1,60442,51,2014,35,21.81,34.38
81933,Historical,902166,0,0,S,2,1,648162,54.95,2014,22,51.03,45.14
81934,Historical,802543,0,0,S,4,1,714741,34.99,2005,14,45.56,55.88
81935,Historical,1830160,0,0,S,2,1,633331,41.99,2014,8,0,41.6
81937,Historical,2647907,0,0,S,2,1,730708,49.95,1995,61,4.95,10.84
81939,Historical,632081,0,0,S,2,1,29677,90,2012,23,0,0
81941,Historical,863521,0,0,S,2,1,1146439,176,2007,25,147.78,81.84
81942,Historical,1556716,0,0,S,3,1,1131941,57.95,2014,16,45.97,38.8
81944,Historical,1492731,0,0,S,0,0,189974,36.25,2011,7,18.59,124.03
81945,Historical,649139,0,0,S,2,1,743357,51,2007,12,0,0
81946,Historical,189926,0,0,S,2,1,1012243,82.5,2005,21,0,53.97
81947,Historical,529800,0,0,S,3,1,4647717,85,2012,15,40.49,46.49
81948,Historical,861757,0,0,S,6,1,1609502,58,2013,17,42.37,43.05
81949,Historical,1649452,0,0,S,3,1,1103537,80,2013,13,0,43.75
81950,Historical,153776,0,0,S,1,0,437207,75,1996,35,0,39.95
81951,Historical,158294,0,0,S,1,0,159377,87.95,2009,19,0,73.26
81952,Historical,308122,0,0,S,3,1,2389631,95,2008,27,0,24.98
81954,Historical,529754,1,1,S,3,1,233840,88,2009,54,48.85,71.06
81956,Historical,141447,0,0,S,8,1,569060,39.95,2006,37,49.33,8.98
81957,Historical,1575178,1,2,S,2,1,116327,92.95,2011,38,0,53.78
81958,Historical,859473,0,0,S,0,0,10958,44.99,2006,58,15.99,29.17
81960,Historical,182770,0,0,S,1,0,258689,174.95,2003,16,0,0
81961,Historical,664484,0,0,S,7,1,382113,90.95,2013,18,0,90.92
81962,Historical,179204,0,0,S,6,1,586523,115.95,2009,100,9.15,13.17
81963,Historical,183273,0,0,S,5,1,808374,112.95,2004,91,9.15,9.39
81964,Historical,544253,0,0,S,7,1,70518,111.95,2013,71,22.86,32.56
81965,Historical,155405,0,0,S,6,1,411050,135.95,1999,79,5.27,24.89
81967,Historical,2648220,0,0,S,1,0,389289,54.95,1998,26,0,38.99
81969,Historical,173807,0,0,S,2,1,61046,54.99,2006,72,27.97,38.97
81970,Historical,529679,0,0,S,8,1,125243,111.2,2002,56,39.88,64.74
81971,Historical,806064,0,0,S,0,0,928294,26,2009,23,22.36,12.56
81972,Historical,300343,0,0,S,1,0,208342,35,2005,95,27.68,13.96
81973,Historical,133492,0,0,S,9,1,399773,120,2010,25,41.96,100.19
81974,Historical,130347,0,0,S,9,1,1038079,120,2010,22,140.65,125.04
81976,Historical,105700,0,0,S,1,0,91124,32,2001,70,71.93,15.77
81978,Historical,205956,0,0,S,1,0,93678,40,2004,45,21.59,26.61
81979,Historical,664780,0,0,S,2,1,1037689,42.5,2013,18,0,38.15
81980,Historical,208203,0,0,S,35,1,1344,12.99,2006,85,6.26,6.59
81982,Historical,529650,0,0,S,3,1,59287,44.95,2012,56,31.47,35.53
81983,Historical,212139,0,0,S,2,1,17919,26.99,2005,30,0,14.96
81984,Historical,269396,0,0,S,2,1,2472797,60,2005,17,55.99,28.95
81985,Historical,127604,0,0,S,2,1,19924,19.95,2011,34,0,0
81986,Historical,664161,0,0,S,2,1,403926,44.95,2013,34,17.37,35.56
81988,Historical,867377,1,1,S,5,1,49454,54.95,2014,28,31.45,34.16
81989,Historical,181254,0,0,S,2,1,988661,57.95,2000,40,120.53,44.32
81991,Historical,572834,0,0,S,0,0,9306,25,1967,87,118.02,15.69
81992,Historical,892973,0,0,S,0,0,13631,49.95,2014,22,25.29,29.74
81994,Historical,263866,0,0,S,0,0,44659,16.99,2003,40,73.98,12.36
81996,Historical,627036,0,0,S,0,0,185347,38,2009,29,0,18.81
81999,Historical,2675535,0,0,S,2,1,536184,140.12,1990,38,41.01,71.41
82001,Historical,541017,0,0,S,6,1,37030,65.95,2013,91,29.32,40.94
82002,Historical,621360,0,0,S,5,1,603989,63.95,2009,43,31.26,42.18
82003,Historical,663798,1,1,S,5,1,21998,68.95,2013,63,47.68,42.85
82004,Historical,870832,0,0,S,0,0,2562355,99,1983,44,4.58,44.91
82005,Historical,478845,0,0,S,2,1,1432742,79.99,2007,29,9.99,47.91
82006,Historical,461680,0,0,S,2,1,778342,160.95,2005,54,4,28.49
82007,Historical,461596,0,0,S,5,1,905178,217.95,2002,56,4,42.77
82008,Historical,443471,0,0,S,2,1,170858,58.95,2007,53,25,37.92
82009,Historical,434544,0,0,S,7,1,2505027,90,1997,25,23.94,44.81
82010,Historical,117536,0,0,S,5,1,791714,138.2,2003,58,9.18,23.94
82011,Historical,117541,0,0,S,5,1,771725,124.8,2003,44,5.89,51.25
82012,Historical,924431,0,0,S,7,1,1219590,64.67,2015,15,58.92,57.16
82013,Historical,111245,1,2,S,6,1,37089,79,2010,127,7.87,28.16
82014,Historical,285511,1,2,S,6,1,111269,79,2010,54,13.2,29.16
82015,Historical,913236,0,0,S,3,1,115918,126,2014,26,102.16,33.99
82016,Historical,902579,1,1,S,3,1,462106,126,2014,26,102.16,99.09
82017,Historical,427948,0,0,S,2,1,274236,61.6,2011,56,15.99,26.32
82018,Historical,427942,1,1,S,2,1,552374,63.8,2011,59,4.02,33.43
82019,Historical,427940,0,0,S,2,1,618285,57.8,2011,57,4.76,38.99
82020,Historical,427941,0,0,S,2,1,229159,60.8,2011,42,4.95,38.99
82021,Historical,155156,0,0,S,1,0,115250,203.95,2002,48,0,13.93
82022,Historical,427950,0,0,S,2,1,1475064,103.33,2011,16,88.99,53.9
82023,Historical,461676,1,1,S,7,1,68135,190.95,2004,49,63.9,66.46
82024,Historical,489574,0,0,S,3,1,29018,25,2005,17,0,0
82026,Historical,2597304,0,0,S,0,0,272024,44.99,1989,22,8.09,32.54
82027,Historical,623701,0,0,S,0,0,92952,45,1994,16,0,39.06
82028,Historical,562402,0,0,S,2,1,809519,49.95,2003,46,0,36.21
82029,Historical,126497,0,0,S,1,0,700784,99,2003,55,344.79,53.94
82030,Historical,657972,0,0,S,2,1,714839,55,2013,12,0,0
82031,Historical,719419,0,0,S,0,0,536680,50,1998,15,0,25.78
82032,Historical,906715,0,0,S,2,1,478876,41.95,2014,28,23.98,32.5
82034,Historical,918521,1,1,S,0,0,35847,54.6,2006,32,0,27.38
82035,Historical,2140430,0,0,S,5,1,897722,54.95,2008,18,0,13.94
82036,Historical,195080,0,0,S,4,1,1378700,44.95,2007,27,0,39.95
82037,Historical,537138,0,0,S,2,1,37346,24.95,2012,41,19.13,23.7
82038,Historical,156515,0,0,S,0,0,68158,45.95,1996,18,0,32.88
82039,Historical,230374,0,0,S,1,0,123377,35,1997,270,19.7,8.01
82041,Historical,881558,0,0,S,0,0,431651,38,2014,16,31.82,26.98
82042,Historical,529301,0,0,S,3,1,575356,45,2012,18,10.74,27.98
82043,Historical,640513,0,0,S,1,0,695995,51.95,2010,18,0,42
82044,Historical,184497,0,0,S,2,1,1074588,52.95,2003,24,31.98,35.48
82045,Historical,803858,0,0,S,2,1,881082,89.95,2013,0,85.45,85.94
82046,Historical,621252,0,0,S,2,1,797538,68,2004,46,4.45,21.49
82047,Historical,141791,0,0,S,2,1,65793,13.99,2006,45,0,0
82048,Historical,862699,0,0,S,2,1,831449,69.99,1997,22,33.98,93.87
82049,Historical,259081,0,0,S,0,0,7793,69.95,2005,30,33.98,32.28
82050,Historical,529240,0,0,S,3,1,1030667,69.99,2007,23,8.1,42.3
82052,Historical,1547339,0,0,S,0,0,384730,49.95,2010,18,40.88,100.9
82053,Historical,568982,0,0,S,0,0,330590,42.5,1998,36,18.92,19.74
82054,Historical,529181,0,0,S,13,1,449590,24.99,2011,37,9.98,7.3
82055,Historical,298606,0,0,S,5,1,3136164,125.95,2008,19,12.93,7.37
82056,Historical,114258,0,0,S,3,1,1099439,60,2001,37,74.94,10.42
82057,Historical,56408,0,0,S,10,1,1710675,83.6,2003,64,116.93,13.98
82058,Historical,1455597,1,1,S,14,1,778909,118,2015,20,116.93,53.98
82059,Historical,177556,1,1,S,6,1,124629,176.95,2005,70,15.87,80.84
82061,Historical,157318,0,0,S,2,1,272952,61.95,2007,20,0,26.97
82062,Historical,1627260,0,0,S,3,1,557088,78.5,2010,23,18.32,51.94
82063,Historical,2029479,0,0,S,3,1,430638,34.95,2010,17,29.64,32.39
82064,Historical,201791,0,0,S,3,1,474839,47.95,2010,14,0,41.84
82065,Historical,630216,0,0,S,7,1,259112,34.95,2005,31,4.64,34.94
82066,Historical,292090,0,0,S,0,0,99388,14.95,2001,185,6.97,8.49
82067,Historical,2162150,0,0,S,2,1,158047,25.95,2009,34,14,17.77
82068,Historical,643469,0,0,S,4,1,216246,49.95,2009,15,0,0
82069,Historical,1848704,0,0,S,2,1,1238203,32.99,2009,18,12.55,31.72
82070,Historical,614198,0,0,S,1,0,218984,35,1994,81,24.68,33.83
82071,Historical,628758,0,0,S,1,0,204519,49.95,2009,23,0,29.9
82072,Historical,2539942,0,0,S,2,1,691504,47.95,2002,20,27.93,36.75
82073,Historical,665536,0,0,S,8,1,485650,138,2010,18,85.91,122.04
82074,Historical,911750,0,0,S,3,1,1060114,44.95,2014,20,39.52,39.95
82075,Historical,867182,0,0,S,5,1,1264676,49.99,2014,20,35.66,33.04
82076,Historical,867164,0,0,S,5,1,557422,49.99,2014,18,0,32.46
82077,Historical,1456038,0,0,S,6,1,225133,54.99,2014,10,0,42.61
82080,Historical,1626897,0,0,S,0,0,341121,35,2006,14,0,22.58
82081,Historical,867002,0,0,S,2,1,8511,45,2014,30,34.7,26.87
82082,Historical,130281,0,0,S,2,1,1628317,69.99,2004,43,4.02,30.43
82083,Historical,655218,0,0,S,2,1,434050,81.99,2013,16,36.04,30.23
82084,Historical,209335,0,0,S,4,1,296789,30,1997,25,0,26.52
82085,Historical,656063,0,0,S,2,1,1444633,116,2007,13,63.65,83.98
82086,Historical,544062,0,0,S,3,1,40997,44,2013,36,29.09,26.79
82087,Historical,652058,0,0,S,2,1,32228,40,2004,38,32.27,25.79
82088,Historical,2600351,0,0,S,0,0,330170,44.99,1992,26,0,38.38
82089,Historical,756768,0,0,S,3,1,916548,175,1997,21,0,63.94
82090,Historical,610636,0,0,S,2,1,91437,49.99,2014,21,0,0
82091,Historical,254427,0,0,S,2,1,994664,52.95,2010,21,0,37.99
82092,Historical,627703,0,0,S,7,1,583487,80.95,1998,39,8.62,58.78
82093,Historical,2649339,0,0,S,1,0,791088,49.95,2004,20,0,31.85
82094,Historical,268388,0,0,S,2,1,736169,91,2005,26,28.1,43.94
82095,Historical,643674,0,0,S,2,1,460001,46,2008,22,0,0
82096,Historical,247885,0,0,S,2,1,1565316,69.95,2007,42,53.99,5.97
82097,Historical,225680,0,0,S,3,1,2532026,152.95,2001,17,0,32.11
82098,Historical,198188,0,0,S,2,1,177960,39.99,2010,17,0,0
82099,Historical,733602,0,0,S,1,0,1018217,24.95,2008,22,12.93,64.13
82100,Historical,702388,0,0,S,2,1,34727,32,2013,60,19.16,17.17
82101,Historical,320291,0,0,S,1,0,59862,19.95,2011,37,14.58,19.49
82103,Historical,881557,0,0,S,2,1,227076,49.5,2015,12,37.02,35.46
82104,Historical,642170,0,0,S,3,1,58712,32.99,2012,19,21.45,138.71
82106,Historical,865650,0,0,S,2,1,90863,21.99,2012,68,0,0
82107,Historical,627604,0,0,S,2,1,1422063,89.95,2005,18,18.99,71.24
82108,Historical,402817,0,0,S,2,1,676147,79.99,2002,41,18.92,67.53
82109,Historical,2607233,0,0,S,0,0,193979,44.99,1998,32,0,28.97
82111,Historical,183706,0,0,S,12,1,590343,141.95,2007,87,6.03,19.73
82112,Historical,599365,0,0,S,0,0,314699,45,2011,31,0,13.42
82113,Historical,182636,0,0,S,0,0,734492,118.05,2001,58,0,52.84
82115,Historical,192933,0,0,S,7,1,1278185,54.95,2004,125,37.49,6.99
82116,Historical,1548100,0,0,S,2,1,2915665,51.95,2011,19,43.56,41.5
82117,Historical,665170,0,0,S,3,1,183504,45,2009,20,0,0
82118,Historical,1738403,0,0,S,4,1,381708,53.33,2007,24,0,53.49
82119,Historical,626533,0,0,S,2,1,220002,62.95,1997,46,13.92,37.44
82120,Historical,537985,1,1,S,5,1,184585,68.2,1998,47,98.99,12.43
82122,Historical,900773,0,0,S,1,0,441654,40,2008,13,0,37.25
82123,Historical,612151,0,0,S,9,1,462099,43,2013,14,40.64,29.24
82124,Historical,917230,0,0,S,0,0,604234,46,2013,46,8.99,10.64
82125,Historical,244997,1,1,S,6,1,548277,324.95,2004,33,12.4,54.31
82126,Historical,560522,0,0,S,6,1,102757,43,2010,33,43.98,43
82127,Historical,738119,0,0,S,2,1,2247422,76,2006,16,33.99,42.16
82129,Historical,738271,0,0,S,2,1,606820,202,2005,26,53.99,201.85
82130,Historical,1467865,0,0,S,2,1,909255,185,2007,22,146.19,122.01
82131,Historical,1769126,0,0,S,2,1,981035,64.99,2014,14,0,41.97
82132,Historical,669178,0,0,S,2,1,484513,43,2010,22,29.49,37.41
82133,Historical,288442,0,0,S,1,0,229293,120,2008,45,59.57,64.81
82134,Historical,193353,0,0,S,3,1,714717,43.95,2005,226,51.98,13.99
82136,Historical,909871,0,0,S,2,1,6700,16.99,2014,38,7.97,7.27
82137,Historical,2271265,0,0,S,5,1,362825,20.81,2012,30,20.28,22.69
82138,Historical,51021,0,0,S,2,1,2588200,199.95,2001,46,140.37,19.95
82139,Historical,565907,0,0,S,2,1,427561,42,2009,28,17.98,27.7
82140,Historical,802201,0,0,S,5,1,1508088,75.95,2004,21,6.58,35
82141,Historical,114703,0,0,S,2,1,212966,106.95,2006,47,98.46,89.88
82142,Historical,51767,0,0,S,13,1,3514824,139.9,2004,40,198.24,5.97
82143,Historical,711567,0,0,S,3,1,4584837,133,2002,34,125.84,9.74
82144,Historical,148216,0,0,S,4,1,1347664,243.95,2004,46,181.35,6.98
82149,Historical,135385,0,0,S,3,1,292665,80,2008,47,64.56,45.98
82150,Historical,921084,0,0,S,6,1,1136055,122.95,1998,44,4,42.98
82151,Historical,902267,0,0,S,2,1,1137083,68,2011,23,25.97,34.62
82152,Historical,214383,0,0,S,10,1,169789,29.95,2009,20,17.97,24.99
82155,Historical,614003,0,0,S,6,1,1064972,58.95,1996,58,43.97,10.43
82156,Historical,661200,0,0,S,2,1,568182,53.2,2010,15,0,0
82157,Historical,2768856,0,0,S,0,0,451489,40,2004,24,28.19,32.58
82158,Historical,555394,0,0,S,1,0,442149,44.99,1999,47,0,13.99
82159,Historical,247991,0,0,S,1,0,420059,31.95,2008,50,23.27,10.83
82160,Historical,2275488,0,0,S,5,1,325487,132.6,2007,32,37.24,67
82161,Historical,778738,0,0,S,3,1,466887,68.95,2010,30,63.98,25.95
82163,Historical,163123,0,0,S,1,0,407500,22.95,2010,56,11.25,13.06
82164,Historical,133372,0,0,S,8,1,84022,42.6,2010,26,24.24,31.54
82165,Historical,747905,1,2,S,2,1,2015,29.25,2014,77,0,0
82166,Historical,157230,0,0,S,2,1,103683,29.95,2004,47,17.9,22.11
82167,Historical,1728885,0,0,S,7,1,866742,99.95,2009,26,11.43,60.75
82168,Historical,260100,1,1,S,3,1,1530522,72.95,2005,101,68.77,4.69
82169,Historical,132777,0,0,S,4,1,48100,77.2,2009,75,4.98,32.33
82170,Historical,131012,0,0,S,5,1,31366,77.2,2011,61,21.02,43.88
82171,Historical,132776,0,0,S,4,1,215373,104.6,2009,53,53.26,22.89
82172,Historical,132782,1,2,S,4,1,319789,77.2,2009,98,11.48,19.97
82173,Historical,144412,0,0,S,2,1,2542077,53,2002,72,11.48,7.93
82174,Historical,145169,0,0,S,3,1,259588,48.2,2006,81,4,16.18
82175,Historical,557457,0,0,S,2,1,70849,77.2,2008,87,4,18.87
82176,Historical,557455,0,0,S,2,1,146704,77.2,2008,56,3.8,15.99
82177,Historical,428462,0,0,S,2,1,77749,96.2,2008,44,33.24,43.99
82178,Historical,144787,0,0,S,2,1,1426309,98.8,2003,24,40.56,83.78
82179,Historical,56140,0,0,S,7,1,2340356,56,2004,109,70.78,4.3
82181,Historical,770728,1,1,S,1,0,109248,100,2002,36,0,59
82182,Historical,771999,0,0,S,50,1,60092,90,2004,37,0,42.89
82183,Historical,268506,0,0,S,2,1,6557,16.95,2009,22,0,9.83
82184,Historical,2809126,0,0,S,0,0,1370732,11,2003,26,28.13,9.73
82187,Historical,807911,0,0,S,3,1,608692,44.99,2010,34,19.32,30.72
82188,Historical,259117,0,0,S,0,0,381883,35,1998,32,0,97.37
82190,Historical,647081,0,0,S,2,1,40973,49.95,2012,30,35.58,39.94
82191,Historical,922826,0,0,S,1,0,134994,55,1990,92,0,22.47
82192,Historical,633790,0,0,S,3,1,100190,88.95,2012,51,46.85,68.98
82193,Historical,621456,1,1,S,2,1,225662,65.95,2004,46,36.46,34.98
82195,Historical,2815326,0,0,S,2,1,325858,47,1994,22,0,5.94
82196,Historical,185059,0,0,S,2,1,243906,117.95,1995,32,40.96,73.67
82197,Historical,127651,0,0,S,2,1,554460,112.95,2010,31,3.85,92.82
82198,Historical,565070,0,0,S,2,1,508804,89.95,2010,48,16.54,56.97
82199,Historical,634146,1,3,S,4,1,493401,121.75,2012,37,25.13,53.99
82200,Historical,638552,0,0,S,3,1,939008,58,2011,18,0,35.06
82201,Historical,642881,0,0,S,2,1,1106547,42.95,2007,18,29.14,40.12
82202,Historical,433276,0,0,S,6,1,4981127,230.95,1996,29,149.73,5.21
82203,Historical,108988,0,0,S,4,1,1324459,179.39,2004,31,7.19,63.09
82204,Historical,902429,0,0,S,7,1,583830,49.99,2014,32,29.45,33.5
82205,Historical,545033,0,0,S,6,1,1589239,49.99,2011,30,6.97,44.51
82207,Historical,906769,0,0,S,2,1,200356,55,2009,24,34.28,35.87
82209,Historical,764461,0,0,S,2,1,514194,69.95,2002,19,0,0
82210,Historical,60965,0,0,S,2,1,864405,69.95,1998,69,73.98,10.34
82211,Historical,802094,0,0,S,3,1,3263187,110,2011,14,47.84,51.2
82212,Historical,587162,0,0,S,2,1,1229655,27.95,2010,17,27.89,25.51
82213,Historical,563697,0,0,S,1,0,151683,20.25,2012,33,41.55,16.11
82214,Historical,2405668,0,0,S,0,0,947371,57.95,1990,37,0,32.57
82215,Historical,367125,0,0,S,3,1,225111,72.99,2005,34,36.97,28.74
82216,Historical,639356,0,0,S,2,1,1127441,63,2007,21,0,32.85
82218,Historical,895681,0,0,S,3,1,2996687,79.95,2010,13,53.84,60.12
82219,Historical,628193,0,0,S,2,1,162048,89.95,1993,37,96.68,57.95
82221,Historical,807891,0,0,S,2,1,319923,74.99,2010,25,23.64,39.79
82222,Historical,110226,1,4,S,3,1,118875,139,2011,41,51.03,42.75
82223,Historical,55558,0,0,S,3,1,569864,0,2002,38,113.91,66.03
82224,Historical,619773,0,0,S,2,1,625268,62.95,2011,32,0,0
82225,Historical,127226,0,0,S,3,1,78858,37.95,2007,64,16.48,30.98
82226,Historical,272518,0,0,S,2,1,1149772,62,2010,14,7.38,30.15
82227,Historical,910887,0,0,S,2,1,442550,41,2011,21,38.61,37.6
82228,Historical,144248,0,0,S,2,1,833522,131.4,2001,45,4,18.4
82229,Historical,287572,0,0,S,4,1,889558,127,2007,52,4,16.98
82230,Historical,867354,0,0,S,4,1,57622,76,2014,44,47.87,47.59
82231,Historical,55075,0,0,S,2,1,764237,42.5,1996,70,47.87,20.88
82232,Historical,871849,0,0,S,5,1,851260,68.81,2005,21,27.42,18.99
82233,Historical,528095,0,0,S,5,1,157172,55.95,2005,106,27.42,35.98
82234,Historical,60981,0,0,S,4,1,2834973,36.95,2001,52,27.42,9.94
82235,Historical,252040,0,0,S,10,1,144943,283.95,2008,58,0,0
82236,Historical,2435254,0,0,S,2,1,462730,47.95,2001,14,0,14.16
82237,Historical,808662,0,0,S,0,0,1160551,31.95,2006,9,29.35,26.99
82238,Historical,636527,0,0,S,4,1,1155984,107.23,2012,31,23.9,67.07
82239,Historical,2256123,0,0,S,3,1,1054147,52.91,2011,32,0,38.68
82240,Historical,236644,0,0,S,19,1,17813,79.95,2011,43,61.19,47.14
82245,Historical,568673,0,0,S,2,1,1329102,74.99,1992,23,6.71,67.87
82246,Historical,224545,0,0,S,5,1,1858916,59.95,1998,22,16.14,60.91
82247,Historical,655717,1,2,S,13,1,244776,191,2012,22,139.63,113.99
82248,Historical,622224,0,0,S,3,1,73019,188.95,2013,52,30.2,48.53
82249,Historical,639932,0,0,S,2,1,146128,50,2011,22,0,0
82250,Historical,527963,0,0,S,2,1,171255,54.95,2012,34,30.15,40.99
82251,Historical,1584676,0,0,S,0,0,240491,49.99,2010,66,43.35,35.74
82252,Historical,624409,0,0,S,3,1,163705,36.95,2007,27,21.67,24.72
82253,Historical,2602216,0,0,S,2,1,64682,34.99,1996,59,12.82,26.97
82254,Historical,2258913,0,0,S,5,1,613010,144.71,2008,36,0,98.94
82256,Historical,3236365,0,0,S,0,0,14254,48.97,2010,0,46.44,46.44
82257,Historical,2041220,0,0,S,1,0,214152,69.95,2009,14,0,36.98
82258,Historical,752675,0,0,S,2,1,71290,54.5,2010,13,0,0
82259,Historical,753691,0,0,S,1,0,1272542,56.95,2011,19,0,36.98
82260,Historical,119726,0,0,S,1,0,103512,45.4,1995,22,0,29.95
82263,Historical,630687,0,0,S,5,1,261404,59,1991,36,63.98,63.2
82264,Historical,539915,0,0,S,4,1,285481,64.95,2013,40,29.34,56.91
82265,Historical,123932,0,0,S,6,1,1014843,122.95,2004,46,28.21,36.88
82266,Historical,909081,0,0,S,0,0,272213,36.95,2011,56,26.39,26.34
82267,Historical,2143788,0,0,S,0,0,234131,7.35,2011,17,35.39,7.35
82268,Historical,898858,0,0,S,0,0,125704,7.99,2009,17,42.01,8.89
82270,Historical,612698,0,0,S,5,1,12182,85.95,2013,56,45.05,55.24
82271,Historical,246253,0,0,S,1,0,775740,51.95,2005,17,0,41.98
82273,Historical,3022571,0,0,S,1,0,234473,44.95,1997,20,23.48,33.88
82276,Historical,1968739,0,0,S,2,1,112759,40,2014,12,35.68,33.01
82277,Historical,157732,0,0,S,3,1,200866,68.95,2010,21,0,0
82278,Historical,649621,1,2,S,3,1,31829,115.45,2013,47,12.4,86.75
82279,Historical,747782,0,0,S,2,1,15681,125,2014,53,86.87,65.99
82281,Historical,646435,0,0,S,0,0,443478,38,2009,21,30.01,27.93
82282,Historical,268714,1,1,S,0,0,952495,33.95,2008,21,44.08,57.23
82283,Historical,909499,0,0,S,0,0,1324011,85,2003,19,0,57.77
82284,Historical,808102,0,0,S,0,0,30069,49.99,2013,18,48.69,28.8
82285,Historical,616235,0,0,S,8,1,598595,287.95,1993,53,4,58.46
82289,Historical,665745,0,0,S,2,1,2059096,58,2006,19,129.32,57.95
82290,Historical,622127,0,0,S,1,0,168393,60,1996,39,0,31.23
82291,Historical,859962,0,0,S,7,1,1392984,210,2009,28,112.79,96.11
82292,Historical,113797,0,0,S,13,1,236097,128,2001,41,87.97,68.67
82293,Historical,527780,0,0,S,2,1,39821,97.99,2013,98,42.63,46.28
82294,Historical,2404681,0,0,S,1,0,43050,86.95,1991,71,0,43.18
82295,Historical,684032,0,0,S,2,1,299024,29.99,2004,68,16.69,28.58
82297,Historical,1749459,0,0,S,3,1,390733,74.86,2008,15,0,41.31
82299,Historical,3131845,1,1,S,0,0,173060,44.95,2001,28,0,39.35
82300,Historical,628965,0,0,S,4,1,149113,39.95,2000,23,0,0
82301,Historical,1969972,0,0,S,3,1,110955,60,2015,24,17.42,28.98
82302,Historical,1588768,0,0,S,0,0,286812,39.99,2006,49,15.94,34.72
82303,Historical,618215,0,0,S,2,1,363759,99.95,1979,34,0,0
82305,Historical,719565,0,0,S,3,1,790359,129.5,1999,17,206.23,196.48
82306,Historical,1474659,0,0,S,2,1,592320,185,2011,13,0,24.99
82308,Historical,126683,0,0,S,1,0,349779,74,2005,51,0,10.95
82310,Historical,1627544,0,0,S,0,0,191012,49.5,2011,15,0,29.83
82311,Historical,1494959,0,0,S,5,1,419640,45,2010,30,0,18.93
82313,Historical,612149,0,0,S,4,1,121914,47.99,2013,52,26.3,24.36
82314,Historical,57798,0,0,S,5,1,27911,129,2010,115,4.47,16.95
82317,Historical,241480,0,0,S,5,1,206863,20.95,2006,33,0,0
82318,Historical,1917433,0,0,S,0,0,306897,35,2014,22,16.68,24.97
82319,Historical,188296,0,0,S,0,0,209537,50,1998,38,16.98,173.79
82320,Historical,722453,0,0,S,0,0,708206,74,2006,42,0,8.46
82321,Historical,286441,0,0,S,4,1,1240091,68.8,2009,23,39.98,46.44
82322,Historical,149639,0,0,S,2,1,141163,19.29,2004,12,11.4,41.99
82323,Historical,128507,0,0,S,3,1,425459,30,1996,133,0,0
82324,Historical,642853,0,0,S,2,1,1293609,49.95,2011,33,10.38,34.1
82325,Historical,153737,0,0,S,2,1,95231,45,1999,38,7.4,41.23
82326,Historical,664209,0,0,S,1,0,241963,53.95,2013,18,0,40.07
82327,Historical,922028,1,1,S,0,0,41928,50,1985,59,0,29.3
82328,Historical,569038,0,0,S,0,0,834106,44.99,2006,24,0,41.95
82329,Historical,1562815,0,0,S,2,1,307647,66.95,2006,21,16.8,44.83
82330,Historical,359302,1,1,S,0,0,5312,22.99,2003,274,14.26,11.87
82331,Historical,126992,0,0,S,4,1,7286,45,2010,92,20.61,31.98
82332,Historical,126995,0,0,S,4,1,1547,35,2010,180,20.61,22.66
82333,Historical,209641,0,0,S,2,1,676243,30,2010,39,28.33,12.55
82334,Historical,616790,1,1,S,3,1,647179,49.95,1993,42,0,18.49
82335,Historical,2566173,0,0,S,6,1,294243,64.95,1995,60,20.93,28.1
82336,Historical,244328,0,0,S,3,1,402925,19.95,2011,133,18.22,8.52
82337,Historical,536247,0,0,S,2,1,190239,39.95,2011,21,0,0
82338,Historical,630099,0,0,S,2,1,103219,52,2009,17,0,0
82339,Historical,2609633,0,0,S,4,1,1096813,69,1999,39,8.44,49.33
82340,Historical,204506,1,1,S,0,0,1650065,39.99,2001,29,6.78,44.93
82343,Historical,126417,0,0,S,3,1,880126,57.95,2003,80,64.99,19.48
82344,Historical,554723,0,0,S,4,1,322016,187.95,2002,45,17.28,41.98
82347,Historical,141523,0,0,S,2,1,219717,35,2007,129,17.99,17.51
82348,Historical,732527,0,0,S,1,0,2402422,10.95,2002,14,45.86,675
82349,Historical,629219,0,0,S,0,0,11605,39.99,2012,27,22.92,27.03
82351,Historical,637748,0,0,S,2,1,15223,39.99,2012,20,0,25.23
82352,Historical,1595624,0,0,S,2,1,113754,49.99,2014,15,25.98,28.38
82354,Historical,54264,0,0,S,3,1,23478,34.99,2008,179,28.3,8.99
82355,Historical,54263,0,0,S,2,1,244661,29.99,2003,183,28.3,8.99
82356,Historical,2246196,0,0,S,5,1,1913157,66,2011,18,49.62,53.9
82357,Historical,661144,0,0,S,3,1,127160,42.95,2011,40,25.81,28.99
82358,Historical,527680,0,0,S,3,1,2154344,238,2001,24,12.95,68.99
82359,Historical,153956,1,5,S,7,1,222844,27.99,2007,35,0,0
82360,Historical,563795,0,0,S,4,1,2964746,51.85,1995,35,40.24,15.73
82361,Historical,153909,0,0,S,7,1,107685,8.94,2007,253,10.94,13.19
82362,Historical,154409,0,0,S,6,1,299025,41.2,2002,201,4.67,6.92
82363,Historical,154410,0,0,S,6,1,876603,55.4,2002,161,0,8.98
82364,Historical,154045,0,0,S,8,1,53590,68.25,2011,151,6.04,15.08
82365,Historical,54234,1,1,S,7,1,250551,23.87,2007,17,41.99,19.98
82366,Historical,663685,0,0,S,2,1,22486,84.75,2013,25,0,0
82367,Historical,614618,0,0,S,9,1,33213,71,2013,98,30.46,52.58
82368,Historical,153348,0,0,S,7,1,1168136,73.85,2003,28,39.66,47.84
82369,Historical,747919,1,1,S,7,1,967926,63.9,1999,32,39.66,58.99
82370,Historical,154308,1,4,S,7,1,373658,66.75,1999,92,39.66,42.1
82371,Historical,154307,0,0,S,7,1,1044736,73.85,1999,49,39.66,21.81
82372,Historical,2511995,0,0,S,6,1,1064938,52.55,1993,63,4,10.74
82373,Historical,2511996,0,0,S,6,1,788055,51.15,1993,122,4,13.53
82374,Historical,563614,1,1,S,9,1,24292,57,2012,145,6.81,12.98
82375,Historical,153896,0,0,S,8,1,136277,23.95,2005,137,0,0
82376,Historical,153897,0,0,S,8,1,150922,18.58,2005,227,7.42,14
82377,Historical,620729,1,1,S,9,1,2918,82,2012,77,39.88,60.87
82378,Historical,153961,0,0,S,3,1,36360,71,2007,100,23.43,32.97
82380,Historical,563743,0,0,S,2,1,340002,62.5,1973,106,0,36.03
82381,Historical,154315,0,0,S,6,1,126917,48.75,2000,66,4.91,11.98
82382,Historical,748075,0,0,S,6,1,292371,62.5,2000,99,4.91,27.98
82383,Historical,57657,0,0,S,2,1,7044,103,2010,75,59.43,62.21
82384,Historical,747895,1,1,S,9,1,19131,93.25,2014,167,46.95,63.87
82385,Historical,747894,1,2,S,9,1,13971,93.25,2014,74,44.17,63.89
82386,Historical,154368,0,0,S,2,1,831174,54,2001,64,3.99,19.57
82387,Historical,154371,0,0,S,2,1,1025834,63.9,2001,38,3.99,36.97
82388,Historical,563764,0,0,S,6,1,765348,54,1992,33,4,33.97
82389,Historical,54799,0,0,S,0,0,684109,39.95,2005,151,53.29,5.12
82390,Historical,154222,0,0,S,6,1,551440,66,1995,30,6.71,48.16
82391,Historical,153335,0,0,S,9,1,1420978,13.99,2007,38,42.29,12.21
82392,Historical,289467,0,0,S,7,1,1446548,55.4,1998,77,4,24.99
82393,Historical,2274607,1,1,S,11,1,850695,75.42,2012,29,56.92,69.96
82394,Historical,154225,0,0,S,3,1,615932,73.75,1999,25,0,19.99
82395,Historical,154291,0,0,S,10,1,2457188,41.75,2000,55,37.6,10.05
82396,Historical,748055,0,0,S,10,1,1301692,48.75,2000,81,37.6,21.14
82397,Historical,615750,1,1,S,13,1,8470,75,2011,113,37.6,48.48
82399,Historical,639922,0,0,S,11,1,597264,67.25,2011,34,0,15.98
82400,Historical,746965,0,0,S,8,1,387505,63.9,1999,57,4.98,4.98
82401,Historical,618375,0,0,S,8,1,9038,59.75,2013,108,35.96,28.93
82402,Historical,2512134,0,0,S,7,1,3824098,45.45,1995,29,3.99,15.3
82403,Historical,624289,0,0,S,11,1,318061,67.75,2011,29,0,0
82404,Historical,623538,1,1,S,2,1,939661,28.95,2008,44,0,27.97
82405,Historical,630128,0,0,S,2,1,617826,45.83,2008,28,0,45.83
82407,Historical,719504,0,0,S,1,0,795231,65,1999,76,0,9.97
82408,Historical,1586806,0,0,S,0,0,1328181,49.99,2008,18,0,47.73
82409,Historical,527629,0,0,S,6,1,75948,16.95,2010,199,4,7.98
82410,Historical,173847,0,0,S,3,1,325818,79.99,2004,46,21.06,54.99
82411,Historical,527591,0,0,S,3,1,9212,24.95,2010,60,13.98,14.68
82412,Historical,625554,0,0,S,1,0,457166,55,1991,25,7.8,32.94
82414,Historical,162792,0,0,S,0,0,166012,36.95,2009,425,23.99,9.98
82415,Historical,1780851,0,0,S,3,1,236808,19.95,2014,71,0,6.36
82416,Historical,3743221,0,0,S,2,1,547013,57.67,2012,15,0,22.84
82417,Historical,872128,0,0,S,0,0,552375,16.95,2007,45,72.06,25.81
82418,Historical,543471,0,0,S,2,1,1242,21.99,2009,853,0,0
82419,Historical,914031,0,0,S,3,1,2843174,39.99,2008,26,4.25,15.41
82420,Historical,109030,0,0,S,2,1,75976,140.75,2007,71,37.85,92.72
82421,Historical,664637,0,0,S,3,1,36344,74.95,2013,69,53.99,54.71
82422,Historical,655658,0,0,S,0,0,41234,69.95,2010,11,0,48.13
82423,Historical,655371,0,0,S,2,1,454744,42,2012,26,13.66,18.89
82425,Historical,504153,1,1,S,0,0,313206,19.95,2008,61,16.36,11.62
82426,Historical,266517,1,2,S,0,0,1117672,16.95,2005,41,16.36,23.98
82427,Historical,877440,0,0,S,8,1,7832,71.99,2015,20,38.48,37.14
82428,Historical,797398,0,0,S,1,0,428806,39.99,2012,20,27.88,24.51
82429,Historical,908025,0,0,S,2,1,100649,64,2015,29,0,46.81
82431,Historical,615929,1,1,S,5,1,101491,41.95,1971,55,0,16.44
82432,Historical,2258250,0,0,S,2,1,2259910,112,2011,13,66.2,102.41
82433,Historical,639481,0,0,S,0,0,223480,35.95,2001,44,26.35,32.04
82434,Historical,650034,0,0,S,2,1,493216,85,2010,23,50.05,43.98
82435,Historical,628878,0,0,S,2,1,874974,50,2005,36,30.61,25.48
82436,Historical,592560,0,0,S,3,1,670061,40,2005,30,0,0
82438,Historical,300148,1,1,S,3,1,74136,55,2008,55,31.31,43.99
82440,Historical,164158,0,0,S,3,1,190259,99.95,2000,22,55.59,47.91
82442,Historical,568654,0,0,S,0,0,129034,64.99,1992,31,11.49,35.99
82443,Historical,618356,0,0,S,1,0,100909,78,1993,41,0,41.87
82444,Historical,660421,0,0,S,2,1,263571,55,2007,13,0,0
82445,Historical,181307,1,2,S,2,1,410252,81.8,2000,50,24.96,7.99
82446,Historical,195116,0,0,S,2,1,26530,29,2006,100,23.95,13.99
82447,Historical,2405151,1,2,S,0,0,208404,70,1988,21,15.99,40.02
82449,Historical,134937,0,0,S,2,1,404503,35,2009,39,16.93,27.51
82450,Historical,185141,0,0,S,6,1,876060,46.95,1996,39,4,44.32
82451,Historical,902062,0,0,S,0,0,11339,40,2015,20,21.36,24.71
82453,Historical,124507,0,0,S,1,0,177209,45,1999,46,0,23.5
82454,Historical,125691,0,0,S,1,0,571399,35,1997,32,8.51,28.05
82455,Historical,555243,0,0,S,0,0,392994,65,1997,84,0,0
82456,Historical,921573,0,0,S,2,1,967923,79.99,1989,85,13.41,20.99
82457,Historical,917600,0,0,S,2,1,658861,75,2002,46,6.13,32.56
82458,Historical,2415933,0,0,S,1,0,1341583,65,2001,69,0,28.74
82459,Historical,128500,0,0,S,1,0,509164,75,2002,54,6.44,29.84
82460,Historical,128932,0,0,S,2,1,73280,65,2005,47,13.95,25.14
82463,Historical,913256,0,0,S,2,1,973092,100,2004,31,4.72,57.44
82464,Historical,126456,0,0,S,1,0,1009132,65,2005,58,0,13.99
82465,Historical,1477152,0,0,S,2,1,1729275,60,2013,15,14.2,44
82466,Historical,124504,0,0,S,1,0,561069,75,1997,63,0,12.42
82467,Historical,287128,0,0,S,2,1,894380,35,2009,57,4,13.97
82468,Historical,901128,0,0,S,1,0,484517,185,2009,19,39.54,74.95
82469,Historical,1476011,0,0,S,0,0,692039,61,2012,20,40.79,44.99
82471,Historical,287246,0,0,S,1,0,867902,70,2007,28,38.98,61.08
82472,Historical,556345,0,0,S,1,0,999089,55,2008,21,37.99,45.81
82473,Historical,1473576,0,0,S,1,0,881610,55,2009,19,31.98,43.06
82474,Historical,1474589,0,0,S,0,0,1168354,55,2011,23,28.97,37.94
82475,Historical,900584,0,0,S,1,0,372111,50,2014,20,50.44,36.46
82476,Historical,923304,0,0,S,0,0,432152,60,1990,145,0,16.96
82477,Historical,920319,0,0,S,1,0,522214,65,1997,48,5.28,16.49
82478,Historical,923357,0,0,S,1,0,472685,49.95,1988,145,0,23.99
82479,Historical,913137,1,1,S,2,1,92274,45,2014,29,0,31.14
82480,Historical,286822,0,0,S,1,0,719761,55,1995,38,9.04,50.21
82481,Historical,1466117,0,0,S,3,1,748059,60,2008,34,5.84,53.57
82482,Historical,722461,0,0,S,0,0,591522,74,2005,33,6.89,33.92
82483,Historical,527402,0,0,S,2,1,24090,27.44,2008,45,0,17.9
82484,Historical,2415906,0,0,S,0,0,189916,55,1994,25,26.96,55.94
82485,Historical,128943,0,0,S,2,1,13640,40,2005,42,16.43,24.84
82486,Historical,1477182,0,0,S,1,0,67864,49.95,2013,7,0,34.29
82487,Historical,2410257,0,0,S,1,0,380987,45,1992,40,9.55,675
82489,Historical,248014,0,0,S,3,1,906130,39.95,2008,17,0,30.78
82490,Historical,743831,0,0,S,3,1,260026,74.95,2008,19,27.29,47.88
82492,Historical,580722,0,0,S,4,1,598726,44,2002,28,8.15,42.34
82493,Historical,2593051,0,0,S,0,0,560244,45,1999,49,83.13,95.15
82494,Historical,2590287,0,0,S,0,0,410180,54.95,1986,20,83.13,95.85
82495,Historical,572748,0,0,S,2,1,383189,156.95,1992,40,0,64.95
82496,Historical,527343,0,0,S,2,1,43759,61,2012,33,37.98,33.99
82497,Historical,2270306,0,0,S,2,1,598032,57.59,2012,23,42.93,59.79
82499,Historical,898485,0,0,S,3,1,7923726,72.95,2002,31,42.08,14.99
82500,Historical,2124891,0,0,S,6,1,138115,25,2014,33,17.66,14.12
82501,Historical,539181,0,0,S,3,1,164680,59.95,2008,29,4,36.99
82502,Historical,620852,0,0,S,2,1,504584,76,2006,38,0,0
82503,Historical,621198,0,0,S,5,1,1494793,77.99,2007,24,0,0
82504,Historical,54595,0,0,S,3,1,2636868,85.2,2004,49,62.41,7.99
82505,Historical,649244,0,0,S,1,0,734543,66,2004,11,0,44.51
82506,Historical,2537405,0,0,S,1,0,403382,49.95,2002,29,0,41.96
82507,Historical,569104,0,0,S,3,1,131805,44.99,2007,53,30.79,36.99
82508,Historical,126144,0,0,S,4,1,162663,56.95,2000,37,48.57,43.85
82509,Historical,125671,0,0,S,3,1,3645732,49.95,1996,37,48.57,36.09
82510,Historical,639924,0,0,S,0,0,97349,38.95,2011,35,35.62,29.78
82511,Historical,908232,0,0,S,3,1,958789,41,2013,23,9.53,32.99
82514,Historical,622651,0,0,S,8,1,670713,59.99,2010,31,22.53,56.02
82516,Historical,1590042,0,0,S,2,1,497058,69.99,2009,21,0,58.99
82517,Historical,557174,0,0,S,10,1,1906403,71.4,2001,36,47.89,16.58
82518,Historical,51998,0,0,S,11,1,497146,38.73,2005,42,65.45,23.99
82519,Historical,629645,0,0,S,2,1,2041886,82.95,2004,21,5.98,48.99
82520,Historical,174111,0,0,S,4,1,1218803,99.99,1998,30,7.3,35.98
82521,Historical,901316,1,1,S,2,1,2118061,79.95,1997,17,101.53,132.78
82522,Historical,608197,0,0,S,2,1,290159,79.95,1974,27,0,41.98
82523,Historical,1952226,0,0,S,4,1,1880252,59.95,2012,21,28.69,37.9
82524,Historical,153913,1,1,S,2,1,41441,22,2006,29,0,0
82525,Historical,781195,1,1,S,0,0,831164,59.95,2007,16,33.75,50.25
82526,Historical,903950,0,0,S,7,1,632447,105,2014,25,66.99,66.42
82527,Historical,576017,0,0,S,4,1,1242839,96.5,2010,45,66.99,22.99
82529,Historical,623188,0,0,S,2,1,564116,95,2000,30,13.99,46.89
82530,Historical,527160,0,0,S,4,1,303477,99.95,2009,58,50.99,13.87
82531,Historical,628642,0,0,S,2,1,78279,40.95,2011,93,28.83,23.99
82532,Historical,651667,0,0,S,2,1,647771,69.99,2010,13,0,0
82533,Historical,254171,0,0,S,4,1,231196,43.95,2009,93,23.37,14.69
82534,Historical,649442,0,0,S,6,1,36412,40.95,2014,86,23.37,20.99
82535,Historical,863360,0,0,S,2,1,678425,50,2006,35,7.94,31.61
82536,Historical,622917,0,0,S,1,0,30471,50,1969,39,0,28.25
82537,Historical,648576,0,0,S,2,1,948619,69,2009,17,0,34.6
82539,Historical,174352,0,0,S,0,0,256793,44.99,2006,14,0,32.97
82540,Historical,266112,0,0,S,4,1,210257,26.5,2010,25,0,0
82541,Historical,597282,0,0,S,3,1,1099082,104,2006,35,10.49,6.59
82542,Historical,199254,0,0,S,2,1,195228,73,2003,88,23.97,47.14
82543,Historical,579261,0,0,S,1,0,1292304,35,2008,20,27.09,48.27
82544,Historical,1573926,1,1,S,2,1,836190,171.95,2006,33,0,43.48
82546,Historical,721870,0,0,S,0,0,1187341,74,2005,37,0,6.97
82547,Historical,162855,0,0,S,5,1,174111,34.95,2010,20,0,0
82548,Historical,164668,0,0,S,3,1,777822,34.95,2004,44,13.97,15.21
82549,Historical,163671,0,0,S,3,1,2339417,37.95,2001,44,20.51,7.4
82550,Historical,164222,0,0,S,2,1,541240,80,2000,43,4.15,14.99
82551,Historical,1739190,0,0,S,2,1,717602,184.36,2006,15,0,48.69
82553,Historical,157259,0,0,S,2,1,464076,49.95,2006,32,21.97,42.82
82554,Historical,1436221,0,0,S,2,1,49593,21.95,2009,41,0,13.49
82555,Historical,2271251,0,0,S,4,1,166385,93.96,2012,46,76.77,85.15
82556,Historical,2271222,0,0,S,3,1,1461034,48.4,2009,22,76.77,71.28
82557,Historical,162872,0,0,S,2,1,192686,53,2010,39,27.92,34.93
82559,Historical,1745831,0,0,S,2,1,29779,14,2009,50,0,11.26
82561,Historical,663257,0,0,S,4,1,2345,64.99,2014,51,38.54,45.88
82562,Historical,2270725,0,0,S,3,1,1958066,50.4,2008,41,48.99,35.17
82563,Historical,867329,0,0,S,0,0,3099,64.99,2016,33,32.99,44.12
82564,Historical,868496,0,0,S,0,0,6743,64.99,2014,49,29.99,45.03
82566,Historical,627905,0,0,S,3,1,137074,112.5,2012,65,70.07,44.99
82567,Historical,2426598,0,0,S,3,1,1584853,42.95,1996,73,6.79,19.74
82568,Historical,2404169,0,0,S,1,0,1421471,65.95,1987,60,0,46.01
82569,Historical,653818,0,0,S,4,1,1378485,129.95,2007,19,0,115.5
82571,Historical,564791,0,0,S,2,1,1025482,50.95,2010,33,18.58,40.83
82572,Historical,337059,0,0,S,2,1,13071,43.95,2004,127,32.12,37.95
82574,Historical,51865,1,1,S,9,1,1367162,129.8,2003,60,123.99,5.38
82575,Historical,248040,0,0,S,2,1,571602,104.95,2008,21,40.99,49.21
82576,Historical,52061,0,0,S,10,1,253871,149.95,2003,119,166.99,13.66
82577,Historical,569744,1,1,S,9,1,85528,95.95,2003,89,166.99,8.64
82578,Historical,878103,0,0,S,3,1,790598,74.77,2011,21,56.02,95.38
82579,Historical,652553,0,0,S,1,0,144187,75.95,2012,35,58.1,35.99
82581,Historical,117276,0,0,S,2,1,191087,44.2,2005,35,0,24.99
82582,Historical,56191,0,0,S,7,1,1940789,84.8,2005,103,51.2,4.96
82583,Historical,826760,0,0,S,0,0,54068,42.99,1999,44,23.96,34.29
82584,Historical,638817,0,0,S,4,1,386782,44.99,2011,20,74.99,22.43
82585,Historical,141604,0,0,S,4,1,1314585,23.98,2003,81,13.14,25.49
82586,Historical,141884,0,0,S,5,1,52254,157.99,2008,109,13.14,24.44
82587,Historical,1730497,0,0,S,4,1,6030053,89,2007,20,53.98,45.68
82588,Historical,664743,1,1,S,10,1,38318,75,2013,58,53.94,54.54
82589,Historical,651945,0,0,S,2,1,891230,59.95,2008,30,0,33.99
82590,Historical,1680092,0,0,S,2,1,919840,59,2013,11,40.94,60
82591,Historical,555457,0,0,S,0,0,417174,44.99,2001,27,12.98,27.33
82593,Historical,655341,0,0,S,4,1,197681,55,2012,22,0,0
82594,Historical,1696955,0,0,S,1,0,19942,99.99,2014,55,47.85,52.31
82595,Historical,918623,0,0,S,4,1,2360926,97,2000,35,160.91,5.27
82596,Historical,199377,0,0,S,2,1,255535,35.95,2002,46,27.75,6.96
82597,Historical,108770,0,0,S,2,1,718626,160.5,2004,53,6.98,11.69
82598,Historical,291599,1,1,S,5,1,671603,167.95,2002,62,125.65,72.94
82599,Historical,622913,0,0,S,4,1,175285,80,1982,52,33.53,48.95
82600,Historical,759262,0,0,S,2,1,646425,130,2000,21,104.07,44.22
82601,Historical,595045,1,1,S,8,1,152160,101,2012,44,33.98,38.65
82602,Historical,526874,0,0,S,2,1,195626,105,2012,40,61.04,61.44
82604,Historical,624576,0,0,S,4,1,205375,87.95,1993,30,27.97,43.71
82605,Historical,55548,0,0,S,4,1,1002011,93,2000,32,79.72,45.29
82606,Historical,164139,0,0,S,3,1,857514,120,1999,26,18.98,61.83
82607,Historical,2560035,0,0,S,2,1,2775933,90,1994,36,43.96,23.99
82608,Historical,543307,0,0,S,2,1,505749,89,2011,18,77.02,52.8
82609,Historical,248221,0,0,S,3,1,80518,94,2010,43,61.06,62.1
82610,Historical,308065,0,0,S,3,1,512791,85,2006,40,19.74,25.53
82611,Historical,290988,0,0,S,10,1,465643,143.95,2011,70,8.08,13.25
82613,Historical,205986,0,0,S,0,0,448264,60,2004,67,36.18,36.63
82614,Historical,2699166,0,0,S,7,1,1125403,61.95,2003,16,10.99,73.23
82615,Historical,878840,0,0,S,6,1,1282488,79.12,2012,13,71.89,118.97
82616,Historical,176746,0,0,S,3,1,196133,312.95,1998,46,42.62,39.47
82617,Historical,546942,0,0,S,2,1,1041705,58.95,2006,21,11.42,46.07
82618,Historical,247471,0,0,S,2,1,301676,93,2005,22,0,0
82619,Historical,3579226,0,0,S,2,1,4781878,125,2003,16,0,65.03
82620,Historical,647917,0,0,S,2,1,154030,49.95,2009,28,0,0
82621,Historical,599560,1,1,S,2,1,279382,40,2005,42,10.29,27.84
82622,Historical,156822,0,0,S,2,1,734777,49.95,2002,20,0,39.93
82623,Historical,1778559,1,2,S,1,0,23194,59.95,2014,21,0,40.7
82624,Historical,205658,0,0,S,32,1,291034,34,2001,35,11.87,18.94
82625,Historical,591727,0,0,S,1,0,506456,57.95,2010,36,0,41.51
82626,Historical,131702,0,0,S,2,1,838626,170.2,2003,39,5.44,107.16
82627,Historical,641679,0,0,S,1,0,393764,53.95,2006,13,0,42.39
82628,Historical,199260,0,0,S,2,1,204005,121,2005,70,93.99,61.93
82630,Historical,2814507,0,0,S,3,1,770283,40,2015,15,0,21.99
82632,Historical,1951779,0,0,S,2,1,283709,59.95,2011,22,0,41.57
82633,Historical,655598,0,0,S,1,0,483575,39.95,2010,39,20.19,30.93
82634,Historical,1492014,0,0,S,3,1,16944,48.83,2010,29,48.8,49.42
82635,Historical,631491,0,0,S,1,0,446146,59.99,2011,18,0,38.48
82636,Historical,649042,0,0,S,2,1,887495,41.95,2009,26,33.56,33.34
82637,Historical,293830,0,0,S,2,1,1436425,92.95,2005,29,47.07,84.42
82638,Historical,3150702,0,0,S,2,1,3039607,99,2005,24,67.94,66.5
82639,Historical,174835,0,0,S,1,0,566611,64.99,2005,39,32.99,44.97
82641,Historical,2543232,0,0,S,0,0,725803,51.95,2003,15,0,43.52
82643,Historical,2136469,0,0,S,2,1,246867,99,2007,31,9.02,41.49
82644,Historical,909936,0,0,S,0,0,56638,45,2010,29,27.49,27.8
82645,Historical,526703,0,0,S,5,1,630443,279.99,2012,29,22.89,16.44
82646,Historical,2748481,0,0,S,0,0,1151485,6.99,2004,104,10.31,6.94
82647,Historical,643330,0,0,S,2,1,363312,65,2009,23,0,63.27
82648,Historical,711574,0,0,S,3,1,2859724,29.5,2002,45,0,19.97
82649,Historical,121235,0,0,S,3,1,440870,58.2,2010,27,27.71,39.45
82650,Historical,908350,0,0,S,4,1,479413,114.95,2005,18,14.36,49.75
82651,Historical,740622,0,0,S,4,1,502941,56.4,2005,25,14.36,79.12
82652,Historical,202746,1,1,S,0,0,595754,19.95,2005,154,8.19,29.51
82653,Historical,615019,1,4,S,0,0,687,34.95,2011,168,0,38.17
82654,Historical,526662,1,5,S,0,0,118911,24.95,2007,349,8.19,13.95
82655,Historical,1623668,0,0,S,2,1,39685,39.99,2006,12,25.58,27.49
82656,Historical,1538712,0,0,S,3,1,1158603,44.95,2006,31,35.02,35.41
82657,Historical,619130,0,0,S,4,1,493040,116.4,2001,43,7.72,28.88
82658,Historical,637696,0,0,S,1,0,10402,39.95,2012,19,0,24.44
82660,Historical,664649,0,0,S,3,1,22552,50,2013,58,35.91,43.99
82661,Historical,870597,0,0,S,3,1,215050,38.95,2014,41,26.74,31.49
82662,Historical,564573,0,0,S,0,0,860975,74.95,2001,20,0,66.55
82663,Historical,537178,0,0,S,5,1,498648,85,2010,48,4,13.93
82664,Historical,906394,0,0,S,2,1,7237521,80,1999,19,70.2,32.88
82665,Historical,193675,0,0,S,0,0,994842,149,2009,79,50.97,148.95
82666,Historical,526619,0,0,S,6,1,3861,24.95,2008,155,8.36,18.48
82667,Historical,1572446,0,0,S,0,0,1440487,16.95,2012,25,36.98,12.29
82668,Historical,547670,0,0,S,3,1,707525,269,1993,33,4.28,98.38
82669,Historical,659769,0,0,S,3,1,1135452,49.95,2009,23,13.68,35.46
82670,Historical,542750,0,0,S,2,1,815161,93.95,2010,28,73.08,56.19
82671,Historical,904057,0,0,S,4,1,1434289,47,2014,21,30.61,30.75
82672,Historical,641739,0,0,S,5,1,1090553,55,2004,24,28.21,43.2
82673,Historical,1521909,0,0,S,3,1,1257480,39.99,2006,19,20.34,28.03
82676,Historical,198122,0,0,S,7,1,191165,79.95,2010,36,23.98,75
82677,Historical,60991,0,0,S,4,1,2826475,40,1998,34,38.46,11.04
82678,Historical,526565,0,0,S,6,1,70576,76,2012,44,38.46,42.98
82679,Historical,611750,0,0,S,7,1,373357,48.75,2013,15,59.11,42.49
82680,Historical,246278,0,0,S,4,1,883643,84.95,2003,47,28.76,13.98
82681,Historical,642073,0,0,S,2,1,90501,76,2013,64,35.99,48.74
82682,Historical,616578,0,0,S,2,1,30503,114,2000,72,51.94,79.98
82684,Historical,2313393,0,0,S,0,0,473357,45.37,1980,35,0,38.99
82685,Historical,174535,0,0,S,2,1,208226,39.99,1998,59,11.89,29.97
82686,Historical,638319,0,0,S,1,0,274064,46.95,1999,18,0,40.6
82687,Historical,173737,0,0,S,2,1,1119869,44.99,2003,32,25.99,44.85
82688,Historical,626508,1,1,S,6,1,636948,98.95,1999,47,10.24,35.88
82689,Historical,141188,0,0,S,3,1,461994,47,2000,39,0,35.5
82690,Historical,2475018,0,0,S,1,0,341432,35,1999,67,0,40.48
82691,Historical,155109,0,0,S,3,1,91241,217.95,1996,81,4.52,26.33
82692,Historical,921854,0,0,S,9,1,1052529,94.95,2007,76,5.98,9.35
82693,Historical,2259026,1,1,S,15,1,123256,25.98,2012,16,14.79,53.98
82695,Historical,717947,0,0,S,1,0,779576,99,2007,86,11.63,9.99
82696,Historical,614096,0,0,S,9,1,233124,109.95,2012,89,4,16.2
82697,Historical,649722,0,0,S,2,1,82373,54.95,2012,35,43.48,50.44
82698,Historical,865434,0,0,S,4,1,1590275,89.32,2008,21,0,154.13
82699,Historical,2562766,0,0,S,3,1,2669586,105,1996,23,38.94,12.09
82700,Historical,178132,0,0,S,2,1,957266,247.95,2004,81,10.47,62.46
82701,Historical,894995,0,0,S,0,0,53479,42,2015,14,29.75,7.98
82702,Historical,1839175,0,0,S,0,0,123364,51.95,2006,19,0,34.96
82703,Historical,157591,0,0,S,2,1,769351,48.95,2013,28,29.34,36.76
82704,Historical,646895,0,0,S,3,1,83917,54.95,2013,41,38.88,40.48
82705,Historical,189429,0,0,S,3,1,547246,46,1995,38,0,25.97
82706,Historical,129360,0,0,S,2,1,25446,59.95,2011,69,35.71,48.94
82708,Historical,756785,0,0,S,5,1,2906725,18.49,1997,37,57.21,17.67
82709,Historical,2130527,0,0,S,2,1,217308,25.99,2011,18,0,20.74
82710,Historical,157401,0,0,S,4,1,957556,30.95,2007,37,26.44,24.97
82711,Historical,1541696,0,0,S,4,1,1296521,30.95,2009,32,23.67,19.42
82713,Historical,336988,0,0,S,2,1,1264475,64.95,2009,33,50.17,47.17
82714,Historical,1541763,0,0,S,0,0,313293,55.95,2011,19,0,44.73
82715,Historical,157565,0,0,S,2,1,357130,49.95,2010,34,33.73,34.07
82716,Historical,642303,0,0,S,2,1,1109911,69.95,2011,18,33.94,50.62
82719,Historical,540591,0,0,S,3,1,197853,49.99,2015,21,31.03,33.28
82721,Historical,719397,0,0,S,1,0,982415,55,1998,45,0,12.86
82722,Historical,537182,0,0,S,1,0,148483,70,1999,52,0,9
82723,Historical,862451,0,0,S,4,1,65379,64,2015,22,45.77,51.31
82724,Historical,863920,0,0,S,0,0,576023,85,2010,41,45.98,45.47
82726,Historical,199424,0,0,S,2,1,2459986,185,2006,21,55.91,93.99
82727,Historical,248108,0,0,S,2,1,1431362,185,2010,37,109.1,91.61
82728,Historical,1710494,0,0,S,0,0,310512,64.95,2007,30,44.78,43.99
82729,Historical,916550,0,0,S,2,1,232784,76.95,2005,48,41.81,48.99
82730,Historical,2078599,0,0,S,3,1,226783,7.99,2011,19,0,16.45
82731,Historical,162800,0,0,S,2,1,612397,34.95,2010,21,14.09,22.95
82732,Historical,858472,0,0,S,3,1,46057,69.95,2014,37,55.07,53.86
82734,Historical,175117,0,0,S,2,1,235602,54.99,2010,24,0,37.97
82735,Historical,127633,0,0,S,7,1,798309,80.95,2007,41,17.03,10.63
82736,Historical,2836974,0,0,S,2,1,2647110,207.95,1999,24,115.15,25.96
82737,Historical,285872,1,1,S,1,0,183760,180.2,2004,35,0,124.27
82738,Historical,638515,0,0,S,4,1,439816,113,1998,25,28.21,109.28
82740,Historical,877777,0,0,S,3,1,665296,126,2013,29,101.89,73.99
82741,Historical,644703,0,0,S,0,0,58902,42,2011,20,0,35.48
82742,Historical,892766,0,0,S,2,1,30808,39.95,2014,33,31.48,29.38
82743,Historical,722305,0,0,S,0,0,131633,49.99,2003,15,34.53,34.45
82744,Historical,722323,0,0,S,0,0,127501,65,2005,17,41.43,45.9
82745,Historical,722299,0,0,S,0,0,152577,49.99,2004,17,34.99,34.45
82746,Historical,247177,0,0,S,3,1,691500,39.95,2010,47,16.63,31.98
82747,Historical,127015,0,0,S,0,0,892191,74,2006,104,9.06,5.45
82748,Historical,2162631,0,0,S,6,1,5409,25.95,2014,34,19.07,21.23
82749,Historical,120083,0,0,S,3,1,1264487,60.8,2009,30,0,43.94
82750,Historical,276767,0,0,S,3,1,499170,96,2001,34,0,68.56
82751,Historical,871141,0,0,S,1,0,84581,29.95,1991,187,46.39,11.94
82752,Historical,2869107,0,0,S,0,0,155500,65,2004,31,0,45.33
82753,Historical,543162,0,0,S,0,0,272080,35,2004,35,0,20.99
82754,Historical,623739,0,0,S,0,0,40560,120,1986,26,50.99,65.64
82755,Historical,2104028,0,0,S,3,1,36736,22.95,2014,27,0,13.14
82756,Historical,655373,0,0,S,2,1,289690,62.95,2012,22,45.1,48.98
82757,Historical,2499052,0,0,S,1,0,273826,48,2004,50,0,21.98
82758,Historical,1970046,0,0,S,0,0,213526,24.99,2015,39,7.55,5.17
82759,Historical,896864,0,0,S,2,1,41644,65,2014,28,50.43,52.05
82760,Historical,651860,0,0,S,0,0,15628,40,2009,28,0,24.84
82761,Historical,254346,0,0,S,20,1,588561,24.95,2010,35,0,0
82762,Historical,133159,0,0,S,2,1,659551,53.33,2009,19,0,159.91
82763,Historical,145111,0,0,S,4,1,146315,66.8,2005,65,18.98,57.23
82765,Historical,128921,0,0,S,3,1,1423908,51,2004,29,19.98,33.99
82766,Historical,622121,0,0,S,1,0,339629,70,1997,67,54.22,18.43
82767,Historical,867055,0,0,S,2,1,26090,39.95,2014,36,29.09,27.95
82769,Historical,641746,0,0,S,0,0,124174,56.25,2004,12,0,75.76
82770,Historical,241649,0,0,S,2,1,82660,27.95,2006,42,11.16,16.99
82771,Historical,690102,0,0,S,1,0,47322,18.95,2012,63,29.9,9.5
82773,Historical,858473,0,0,S,4,1,17965,110,2014,57,41.49,44.89
82774,Historical,346837,0,0,S,1,0,58825,39.99,2001,364,0,8.24
82777,Historical,1826317,0,0,S,2,1,393915,49.95,2014,9,39.45,44.98
82778,Historical,526247,0,0,S,8,1,1175058,29.99,2010,31,16.98,7.95
82779,Historical,278828,0,0,S,3,1,404563,67.95,2007,24,57.29,53.64
82780,Historical,296623,0,0,S,0,0,513928,45,1997,27,0,23.3
82781,Historical,526240,0,0,S,3,1,687057,41.95,2008,32,14.05,34.99
82783,Historical,2675823,1,2,S,7,1,829036,47.9,1994,51,43.99,31.36
82784,Historical,2674939,0,0,S,2,1,3901383,0,1976,26,43.99,122.37
82785,Historical,51089,1,2,S,8,1,132009,50.25,1998,26,43.99,77.43
82786,Historical,526233,0,0,S,11,1,349700,95.2,2008,46,20.57,50.42
82787,Historical,278552,0,0,S,1,0,2002007,68.95,2004,34,77.82,25.99
82789,Historical,261442,0,0,S,1,0,240581,50,2003,25,8.54,46.27
82790,Historical,173718,0,0,S,2,1,1405919,64.99,2006,19,0,17.74
82791,Historical,892653,1,1,S,6,1,32061,59.99,2013,19,60.98,45.25
82792,Historical,133409,0,0,S,6,1,46773,158.6,2012,64,78.99,92.98
82793,Historical,870319,0,0,S,4,1,800001,55.07,1998,48,39.25,45.37
82794,Historical,763761,0,0,S,3,1,4619594,62.95,1999,30,83.5,9.7
82795,Historical,293352,0,0,S,3,1,674932,57,2007,47,17.58,31.43
82796,Historical,664599,0,0,S,4,1,226662,58,2014,33,40.96,48.62
82797,Historical,547019,0,0,S,2,1,1235126,53,2012,20,27.05,31.98
82798,Historical,2167234,0,0,S,2,1,921335,49.95,2014,26,0,35.96
82799,Historical,617685,0,0,S,2,1,968757,40,2005,67,15.11,23.62
82800,Historical,2406218,0,0,S,1,0,995781,35,1994,35,12.13,44.5
82801,Historical,913136,0,0,S,3,1,67863,22.75,2014,21,0,17.94
82802,Historical,647063,0,0,S,1,0,103811,54.95,2012,15,0,48.79
82803,Historical,659365,0,0,S,3,1,148440,43.95,2007,15,0,0
82804,Historical,291229,0,0,S,0,0,250420,44.99,1996,22,0,33.49
82805,Historical,622868,0,0,S,1,0,215384,107,1995,28,0,75.39
82806,Historical,56887,0,0,S,3,1,442975,41.95,2011,39,9.51,11.99
82807,Historical,543349,0,0,S,4,1,53059,37.95,2013,71,18.99,28.99
82808,Historical,3033888,0,0,S,2,1,132521,95,2005,44,26.95,55.2
82809,Historical,619501,0,0,S,2,1,164625,1044.23,1993,32,0,69.48
82810,Historical,1682562,0,0,S,2,1,408873,29.95,2006,59,23.09,9.86
82811,Historical,862385,0,0,S,4,1,320220,50,2014,24,25.88,32.53
82812,Historical,917567,0,0,S,4,1,576389,92.95,2010,36,9.49,68.78
82813,Historical,141580,0,0,S,7,1,600668,73.33,2004,128,65.07,6.79
82814,Historical,880240,1,1,S,7,1,1673011,48.83,2011,46,78.29,43.41
82815,Historical,2598265,0,0,S,3,1,148363,54.99,1991,35,10.25,48.24
82816,Historical,663366,0,0,S,3,1,55112,60.95,2013,24,0,0
82817,Historical,607388,0,0,S,7,1,1538775,142.4,2006,30,32.98,104.11
82819,Historical,636165,0,0,S,2,1,767333,43,2004,23,16.47,32.87
82820,Historical,908194,0,0,S,7,1,403308,46,2014,15,0,39.95
82821,Historical,917261,0,0,S,48,1,2487493,360,2011,31,38.75,11.22
82822,Historical,108692,0,0,S,2,1,148147,102.91,2007,83,17.28,64.97
82823,Historical,876849,0,0,S,9,1,13457,98.75,2014,69,56.08,78.98
82825,Historical,619479,0,0,S,1,0,47786,45,1999,19,0,29.48
82826,Historical,534280,0,0,S,1,0,125873,23.99,1984,155,18.88,23.94
82829,Historical,754067,0,0,S,2,1,882855,44,2011,15,0,28.19
82830,Historical,246403,0,0,S,1,0,149626,31.95,2007,25,22.52,25.56
82831,Historical,2157839,0,0,S,0,0,58563,54.95,2006,24,30.96,35.48
82832,Historical,2610755,0,0,S,1,0,386449,59.99,2000,15,0,48.89
82833,Historical,526013,0,0,S,2,1,323425,50,2010,51,13.94,22.22
82834,Historical,566149,0,0,S,2,1,1820479,55,2011,27,16.73,33.49
82835,Historical,918863,0,0,S,3,1,2830543,58.8,2001,34,86.69,33.2
82836,Historical,2444451,0,0,S,3,1,62491,39.99,2004,55,0,22.44
82837,Historical,157455,0,0,S,2,1,151567,47.95,2011,25,0,0
82838,Historical,301234,0,0,S,2,1,950218,79.95,2010,39,25.69,67.61
82839,Historical,2433074,0,0,S,2,1,91375,10.95,1970,269,0,10.24
82840,Historical,134244,0,0,S,3,1,48290,13,1996,234,9.04,16.33
82841,Historical,177438,0,0,S,7,1,1391840,187.95,2002,29,8.94,68.15
82842,Historical,539734,0,0,S,2,1,224384,54.95,2013,41,42.89,44.94
82843,Historical,1845462,0,0,S,4,1,217041,55.95,2011,18,6.14,44.22
82844,Historical,739681,0,0,S,5,1,829908,48.2,2004,16,0,153.98
82845,Historical,623629,0,0,S,14,1,640409,67.2,2004,17,0,68.86
82846,Historical,279573,0,0,S,13,1,739737,74.51,2010,24,19.88,76.02
82847,Historical,864936,0,0,S,2,1,22813,36,2014,85,23.5,21.52
82848,Historical,916857,0,0,S,3,1,135236,15,2013,41,0,14.02
82849,Historical,639988,0,0,S,2,1,279478,55.95,2011,43,26.32,32.44
82850,Historical,868701,0,0,S,3,1,55889,84.95,2015,38,56.89,50.13
82851,Historical,624580,1,1,S,2,1,254995,80.95,1992,34,21.38,39.49
82852,Historical,630941,0,0,S,2,1,706199,52.95,2005,12,0,40.99
82853,Historical,858474,0,0,S,2,1,994782,89.99,2014,18,33.39,58.93
82855,Historical,828444,0,0,S,2,1,139470,45,2009,18,16.01,45
82856,Historical,867162,0,0,S,3,1,340471,106.2,2014,50,36.6,86.99
82857,Historical,2006242,0,0,S,7,1,519256,49.95,2008,47,6.59,12.43
82859,Historical,563738,0,0,S,3,1,975080,44.5,1984,44,4.98,29.94
82860,Historical,648046,0,0,S,0,0,771385,34.95,2008,17,47.32,31.94
82861,Historical,641455,0,0,S,0,0,113909,47.95,2010,19,14.01,37
82862,Historical,2134883,0,0,S,1,0,104562,35.95,2011,37,24.98,28.19
82863,Historical,636247,0,0,S,2,1,542717,69.99,2001,23,55.05,41.92
82865,Historical,794144,0,0,S,2,1,1042964,49.95,2005,20,8.98,45.58
82866,Historical,172376,0,0,S,0,0,192548,51.5,2008,26,0,35.29
82867,Historical,1552705,0,0,S,6,1,585936,48.95,2014,25,35.98,35.62
82868,Historical,541735,0,0,S,4,1,553961,45,2010,24,13.89,23.71
82869,Historical,171680,0,0,S,30,1,41909,17.95,1998,110,27.97,10.24
82871,Historical,135664,0,0,S,5,1,40583,46.95,2010,51,37.79,33.1
82872,Historical,2390790,0,0,S,2,1,2511698,0,1970,63,76.28,42.85
82873,Historical,537760,0,0,S,4,1,12035,21.99,2012,36,13.57,11.93
82874,Historical,114470,0,0,S,2,1,685285,78.6,2002,49,7.32,19.99
82875,Historical,612805,0,0,S,1,0,130445,35,1999,930,0,4.97
82876,Historical,2401828,0,0,S,2,1,227548,16.95,1968,28,37.84,56.91
82877,Historical,2406381,1,3,S,3,1,590489,34,1992,42,37.84,24.95
82878,Historical,530037,0,0,S,0,0,46685,11.49,2007,28,5.66,11.39
82879,Historical,671893,0,0,S,0,0,191895,39.99,2011,28,22.92,33.68
82880,Historical,2205744,0,0,S,0,0,129680,29.99,2013,23,21.09,20.98
82881,Historical,629083,1,1,S,1,0,48977,210.25,2013,74,0,52.73
82882,Historical,914801,0,0,S,3,1,30234,48,2014,57,0,41.93
82883,Historical,615530,0,0,S,2,1,43606,28.99,2007,49,0,16.49
82884,Historical,663742,0,0,S,2,1,701026,60,2013,8,0,0
82885,Historical,270910,0,0,S,2,1,88063,36,2009,19,16.2,31.35
82886,Historical,1688052,0,0,S,3,1,1765568,57.95,2008,11,0,68.92
82887,Historical,627472,0,0,S,0,0,301131,43.95,2009,27,16.28,22.78
82888,Historical,2531829,0,0,S,2,1,535152,45.95,1997,36,0,36.65
82889,Historical,2159754,0,0,S,2,1,152922,19.95,2012,20,0,14.67
82890,Historical,3054304,0,0,S,1,0,545607,45.08,2000,27,0,22.18
82891,Historical,2169348,0,0,S,16,1,693341,170,2013,19,168.69,133.99
82892,Historical,203940,0,0,S,3,1,152123,279.99,2006,25,20.89,48.54
82894,Historical,663236,0,0,S,7,1,432041,95.5,2012,20,0,0
82895,Historical,860533,0,0,S,3,1,736886,60,2011,42,16.28,31.59
82897,Historical,867363,0,0,S,1,0,32499,80,2014,25,58.38,48
82899,Historical,3253946,0,0,S,0,0,32737,36.4,2011,0,28.44,28.44
82900,Historical,645326,0,0,S,1,0,469441,59.95,2006,19,0,56.5
82901,Historical,157399,1,1,S,2,1,1107611,40.95,2008,41,35.99,35.59
82902,Historical,3073798,0,0,S,2,1,883552,45.95,2005,26,42.26,41.15
82903,Historical,3110134,0,0,S,5,1,1124923,50,2004,57,0,49.96
82904,Historical,54395,1,1,S,2,1,24012,18.95,2009,136,0,15.98
82905,Historical,916867,0,0,S,2,1,8180,20,2014,57,13.25,13.48
82906,Historical,911852,0,0,S,1,0,1412566,110,2009,20,48.77,101.65
82907,Historical,651604,0,0,S,2,1,1077186,75,2006,26,32.96,47.98
82908,Historical,1592682,0,0,S,2,1,933337,105,2006,20,18.24,47.79
82909,Historical,1474248,0,0,S,1,0,587811,47.95,2010,27,32.01,32.73
82910,Historical,1476975,0,0,S,0,0,943326,35.95,2013,12,36.56,29.33
82912,Historical,2145942,0,0,S,0,0,105246,36,2009,25,34.47,32.74
82913,Historical,129382,0,0,S,6,1,124263,98.95,2011,34,38.54,40.99
82914,Historical,2534507,1,1,S,2,1,675362,46.95,2004,40,24.23,25.99
82915,Historical,2143862,0,0,S,8,1,26035,3.95,2012,45,0,3.95
82916,Historical,662683,0,0,S,2,1,668640,39.99,2012,13,25.84,24.98
82917,Historical,860535,0,0,S,2,1,1493985,166.99,2011,20,28.44,37.03
82919,Historical,525380,0,0,S,2,1,28787,21,2010,42,10.99,15.12
82920,Historical,525377,0,0,S,3,1,82421,39,2012,45,8.28,11.35
82921,Historical,285061,0,0,S,3,1,17093,38,2010,27,18.49,19.28
82922,Historical,684842,0,0,S,0,0,512942,24.95,2011,47,21.84,22.7
82923,Historical,1750870,0,0,S,7,1,198517,16.95,2008,99,0,9.96
82924,Historical,1688810,0,0,S,2,1,292111,24.99,2014,18,0,17.49
82925,Historical,667112,0,0,S,2,1,55450,71,2006,14,0,0
82926,Historical,911731,0,0,S,2,1,317072,52,2014,19,35.07,41.31
82927,Historical,701382,0,0,S,1,0,308313,37,2007,40,39.86,18.5
82928,Historical,568780,0,0,S,2,1,561009,44.99,2003,18,0,36.97
82929,Historical,2524390,0,0,S,4,1,703127,44.95,2015,1,0,44.95
82930,Historical,126875,0,0,S,0,0,123849,35,2005,127,14.9,8.15
82931,Historical,2332385,0,0,S,2,1,1661774,45.1,1996,36,75.94,13.99
82932,Historical,740319,0,0,S,2,1,831163,69.99,2004,25,23.97,31.74
82933,Historical,291643,0,0,S,4,1,421831,225.95,2004,46,37.72,92.13
82934,Historical,635286,0,0,S,4,1,983876,47,2006,17,0,22.22
82935,Historical,660973,0,0,S,2,1,494021,44.95,2012,32,29.73,30.41
82936,Historical,217346,0,0,S,4,1,120362,39,2011,46,24.25,28.18
82937,Historical,614615,0,0,S,4,1,1008134,44.5,1983,83,4.27,5.23
82938,Historical,1562019,0,0,S,0,0,34339,7.99,2006,47,31.26,6.94
82939,Historical,1937676,0,0,S,6,1,42809,5.99,2013,66,4,5.88
82940,Historical,1740925,0,0,S,3,1,653560,50,2012,11,0,45.5
82941,Historical,525318,0,0,S,2,1,632759,40,2010,21,30.87,34.23
82944,Historical,669124,0,0,S,0,0,441253,39.99,2011,14,44.61,45.49
82945,Historical,337684,0,0,S,0,0,636493,16.98,2005,48,21.98,16.16
82946,Historical,194906,1,1,S,6,1,1487174,44.95,2003,70,18.05,37.84
82947,Historical,632943,0,0,S,2,1,2544712,89.95,2009,22,16.3,28.99
82948,Historical,859083,0,0,S,2,1,290149,34.99,2003,46,20.39,30.99
82949,Historical,906768,0,0,S,2,1,825913,40,2011,25,37.98,28.95
82950,Historical,657558,0,0,S,2,1,464757,44,2008,23,18.65,34.26
82951,Historical,747718,0,0,S,0,0,585700,65,2012,17,44.43,60.49
82952,Historical,895052,0,0,S,0,0,111231,38.48,2002,14,36.93,11.93
82955,Historical,1560969,0,0,S,0,0,65871,9.99,2012,33,0,9.11
82956,Historical,240793,0,0,S,2,1,4392,40,2001,109,19.97,27.95
82957,Historical,296470,1,1,S,3,1,274977,65.95,2004,45,12.66,39.88
82958,Historical,163952,0,0,S,1,0,1422911,65,1996,76,25.16,7.69
82959,Historical,624956,0,0,S,2,1,217762,50,2009,113,25.16,30.37
82960,Historical,626704,0,0,S,0,0,50589,39.99,2012,37,14.52,17.57
82961,Historical,628780,0,0,S,1,0,261182,49.99,2008,25,0,30.59
82963,Historical,251973,0,0,S,6,1,52145,160.95,2010,59,0,84.67
82964,Historical,248315,1,1,S,1,0,399354,192.95,2005,32,0,95.91
82965,Historical,647350,0,0,S,2,1,98471,38.95,2010,14,0,0
82966,Historical,618978,0,0,S,3,1,958,59.99,2009,58,0,33.99
82967,Historical,621927,0,0,S,2,1,592010,44.95,2011,26,40.45,39.08
82969,Historical,378749,0,0,S,2,1,676684,79.95,1998,24,17.94,102.33
82970,Historical,675916,0,0,S,2,1,293332,16.95,2005,166,19.02,10
82971,Historical,641588,0,0,S,2,1,1578698,49.99,2008,20,0,0
82972,Historical,534736,0,0,S,4,1,91630,49.99,2013,22,0,0
82973,Historical,655412,0,0,S,3,1,177925,56.99,2012,18,0,0
82974,Historical,1936405,0,0,S,3,1,666746,72.99,2015,15,0,46.68
82975,Historical,501025,0,0,S,2,1,144049,76.99,2012,41,49.26,46.38
82976,Historical,631147,0,0,S,1,0,1447775,66.95,2008,21,49.26,10.19
82977,Historical,2162761,0,0,S,2,1,185874,19.95,2011,36,0,21.98
82978,Historical,1741964,0,0,S,2,1,546106,12.22,2006,14,0,12.31
82980,Historical,617903,0,0,S,1,0,213306,74.95,2012,24,79.62,52.99
82981,Historical,183091,0,0,S,2,1,1083784,128.95,2004,57,79.62,7.98
82983,Historical,2911382,0,0,S,0,0,319204,35,2005,25,19.39,33.29
82984,Historical,1483196,0,0,S,4,1,942822,74.67,2013,24,59.98,72.4
82985,Historical,878268,0,0,S,3,1,2781383,111.05,2008,18,103.73,51.39
82986,Historical,285193,0,0,S,2,1,2911343,57.5,2003,35,103.73,8.97
82987,Historical,54667,0,0,S,9,1,619784,141.4,2006,34,87.97,70.21
82988,Historical,117498,0,0,S,8,1,627493,97.6,2003,37,87.97,45.91
82989,Historical,287627,1,1,S,6,1,364645,190.2,2009,49,40.64,72.17
82990,Historical,870119,1,1,S,11,1,1178106,71.33,2012,20,66.58,69.31
82991,Historical,871073,1,1,S,7,1,932317,78.67,2000,42,66.58,6.66
82992,Historical,53343,0,0,S,5,1,1831077,85.8,2006,41,17.99,22.97
82993,Historical,132932,0,0,S,10,1,1157327,129.2,2009,19,16.71,167.35
82994,Historical,572791,0,0,S,5,1,969141,173.95,1994,35,30.81,73.23
82995,Historical,119967,0,0,S,2,1,1393536,131.4,1996,29,20.56,31.15
82996,Historical,639246,0,0,S,2,1,267205,65.95,2009,22,30.97,71.46
82997,Historical,1688229,0,0,S,2,1,425321,49.95,2014,13,0,31.82
82998,Historical,649510,0,0,S,2,1,114818,39.95,2013,27,39.57,32.25
82999,Historical,710700,1,1,S,7,1,3722492,88,2000,37,24.81,10
83000,Historical,2675755,0,0,S,2,1,759675,44.95,1993,23,4.91,6.5
83001,Historical,2834511,0,0,S,2,1,302880,50,2002,27,31.45,61.33
83002,Historical,861792,0,0,S,2,1,292910,53.95,2013,28,30.85,35.98
83003,Historical,866986,0,0,S,3,1,33289,59.95,2014,33,41.65,47.25
83004,Historical,2041099,0,0,S,0,0,540751,79.95,2006,9,0,43.94
83005,Historical,3218330,0,0,S,0,0,7414,55.97,2006,0,0,52.44
83006,Historical,923904,0,0,S,0,0,2478,7.99,1988,83,130.57,7.14
83007,Historical,157456,0,0,S,2,1,503855,48.95,2008,43,106.99,34.17
83008,Historical,246507,0,0,S,2,1,808890,46.95,2005,21,30.23,35.2
83009,Historical,1879835,0,0,S,1,0,1464087,14,2011,9,39.97,57.43
83010,Historical,2847354,0,0,S,0,0,265571,39.99,1995,44,18.07,63.48
83011,Historical,808059,0,0,S,0,0,102474,44.99,2012,24,36.1,25.95
83012,Historical,808087,0,0,S,0,0,242264,74.99,2012,14,36.1,43.96
83013,Historical,808058,0,0,S,2,1,615361,74.99,2012,11,0,41.89
83014,Historical,918062,0,0,S,8,1,344256,76.45,2003,23,0,20.65
83016,Historical,144361,0,0,S,1,0,731960,115.6,2003,35,0,80.65
83017,Historical,268582,0,0,S,0,0,262122,35,2005,44,10.81,45.8
83018,Historical,133180,0,0,S,2,1,594423,78.8,2010,34,20.48,18.99
83019,Historical,525034,0,0,S,3,1,424104,44.95,2010,40,29.5,33.24
83020,Historical,708213,0,0,S,1,0,339368,92.36,2004,47,0,34.98
83021,Historical,2122696,1,1,S,2,1,14988,39.99,2014,26,14.02,20.98
83022,Historical,886702,0,0,S,7,1,883546,80,2013,24,4.97,44.26
83023,Historical,148056,0,0,S,7,1,92277,216.95,2005,24,4.97,23.99
83024,Historical,51683,0,0,S,4,1,29950,108.2,2011,65,45.19,66.27
83026,Historical,690793,0,0,S,2,1,37546,24.95,2013,37,19.83,18.99
83027,Historical,133209,0,0,S,7,1,198508,239.8,2010,75,46.57,72.12
83028,Historical,142257,0,0,S,1,0,386873,49.99,1998,77,0,42.49
83030,Historical,131595,0,0,S,1,0,254295,170.6,2005,71,0,64.63
83031,Historical,680430,1,1,S,3,1,152266,52.95,2012,90,29.96,42.95
83032,Historical,2391405,0,0,S,7,1,1470913,168,1998,30,4.92,44.87
83033,Historical,51284,0,0,S,2,1,1828959,7.8,2004,59,67.31,6.51
83034,Historical,133181,0,0,S,2,1,927253,61.4,2010,41,0,73.09
83035,Historical,132878,0,0,S,2,1,758778,147.2,2009,31,9.92,53.85
83036,Historical,120712,0,0,S,2,1,1250902,123.6,2009,34,0,0
83037,Historical,564619,0,0,S,4,1,1364897,42.95,2004,21,28.92,36.94
83038,Historical,616243,0,0,S,0,0,666613,47.95,1990,47,0,21.89
83039,Historical,2609211,0,0,S,2,1,196639,54.99,1998,66,7.09,21.97
83040,Historical,633194,0,0,S,2,1,375819,45,2011,24,0,23.48
83041,Historical,144909,0,0,S,5,1,3912395,53.33,2004,35,7.56,6.25
83042,Historical,609395,0,0,S,2,1,2666999,161.95,2003,55,15.22,9.28
83043,Historical,53152,1,2,S,4,1,2158239,11.99,2003,68,69.94,23.93
83044,Historical,831928,0,0,S,3,1,3835567,88.95,2003,30,68.75,13.99
83045,Historical,533374,0,0,S,2,1,1845351,128.87,2011,19,18.26,163.88
83046,Historical,877370,0,0,S,4,1,936403,106.67,2014,13,49.4,80.25
83047,Historical,1491721,0,0,S,0,0,230661,41.95,2007,15,52.29,41.95
83048,Historical,830709,0,0,S,2,1,217364,64.95,1994,28,0,54.58
83049,Historical,734878,0,0,S,28,1,1316131,40,2011,14,0,14.18
83050,Historical,131629,0,0,S,3,1,414059,90.6,2002,36,0,0
83051,Historical,2435137,0,0,S,2,1,1040685,45.95,1997,33,4.01,15.63
83052,Historical,853013,0,0,S,6,1,628042,10.98,2002,40,117.23,23.07
83053,Historical,53115,1,1,S,7,1,2216651,97.25,2005,19,119.49,105.13
83054,Historical,613613,0,0,S,6,1,579361,17.78,2002,56,119.49,16.66
83055,Historical,112255,0,0,S,2,1,323081,100.75,2004,56,10,17.32
83056,Historical,293348,1,1,S,6,1,115650,66,2009,55,27.37,28.99
83057,Historical,1894857,0,0,S,1,0,583330,81.05,2009,16,0,53.99
83058,Historical,879348,1,3,S,3,1,417712,62.45,1996,69,123.94,24.64
83059,Historical,537152,0,0,S,3,1,44454,44.95,2012,59,34.33,42.39
83060,Historical,919794,0,0,S,0,0,656523,70,1979,39,128.99,10.99
83061,Historical,546655,0,0,S,2,1,75449,37.95,2011,41,26,28.46
83062,Historical,292694,0,0,S,2,1,92674,44.99,2005,43,21.71,29.47
83064,Historical,638845,0,0,S,2,1,626786,63.95,2006,27,35.36,45.15
83066,Historical,630551,0,0,S,0,0,240112,35,2012,26,26.6,23.99
83067,Historical,163167,0,0,S,3,1,20566,29.95,2011,56,19.43,18.82
83068,Historical,612674,1,6,S,4,1,15979,76.99,2014,76,22.99,28.91
83069,Historical,663909,0,0,S,3,1,993094,41.95,2013,27,22.89,26.58
83070,Historical,270782,0,0,S,5,1,101533,81.99,2011,64,45.74,53.93
83071,Historical,919610,1,1,S,2,1,18440,34.95,2012,52,20.89,29.34
83072,Historical,104471,0,0,S,6,1,440340,56.03,1995,58,3.99,45.23
83073,Historical,552566,0,0,S,0,0,248438,38,2005,33,18.62,40.81
83074,Historical,680418,0,0,S,2,1,11419,24.95,2013,43,18.62,16.34
83075,Historical,248135,0,0,S,2,1,188800,135,2010,31,0,0
83076,Historical,614254,1,1,S,2,1,344994,100,2000,57,0,58.91
83077,Historical,61156,1,1,S,4,1,275742,52,1999,67,0,6.69
83078,Historical,2675737,0,0,S,3,1,3477436,50,1993,43,51.73,13.97
83079,Historical,525525,0,0,S,4,1,194896,59,2010,22,30.92,33
83080,Historical,299840,0,0,S,0,0,299697,45,2006,48,0,38.99
83081,Historical,262790,0,0,S,10,1,215387,66.95,2010,50,41.15,52.99
83082,Historical,176758,0,0,S,4,1,3144550,134.95,1999,33,123.41,32.99
83083,Historical,625608,0,0,S,5,1,130269,50,2013,61,28.99,39.11
83084,Historical,860231,0,0,S,2,1,878839,39,2010,25,10.62,35.92
83085,Historical,765024,0,0,S,7,1,4823381,35.99,2000,38,58.33,35.99
83086,Historical,50365,0,0,S,5,1,1621884,38.93,2001,48,90.99,6.99
83087,Historical,51319,0,0,S,2,1,3036959,106.95,1999,38,176.19,9.99
83088,Historical,51320,0,0,S,3,1,2137258,132.95,2003,46,176.19,29.69
83089,Historical,157444,0,0,S,2,1,713748,66.95,2009,33,11.44,43.98
83090,Historical,199276,0,0,S,1,0,663582,100,2004,16,0,69.98
83091,Historical,867316,0,0,S,3,1,170980,47,2014,27,32.33,32.65
83093,Historical,753441,0,0,S,5,1,1108092,234.3,2013,15,82.92,64.99
83094,Historical,572292,0,0,S,2,1,60483,192.95,2007,52,52.95,59.43
83095,Historical,2855563,0,0,S,0,0,820166,14.5,2005,14,40.6,12.99
83096,Historical,134939,0,0,S,3,1,132899,49.5,2010,18,0,38.99
83097,Historical,52193,0,0,S,6,1,789910,91.95,2000,148,116.97,25.86
83098,Historical,55449,1,2,S,5,1,2487,60,2005,104,31.41,30.94
83099,Historical,2133427,0,0,S,2,1,193657,70,2012,20,56.68,42.78
83100,Historical,637149,0,0,S,1,0,96609,48,2009,15,0,34.99
83101,Historical,104223,0,0,S,3,1,199195,43,2010,29,51.43,22.85
83102,Historical,541418,0,0,S,2,1,272465,49.95,2012,96,34.55,39.8
83103,Historical,551705,0,0,S,1,0,788110,196.6,2000,28,0,64.99
83105,Historical,629240,0,0,S,3,1,543102,117.15,1970,25,78.79,78.84
83106,Historical,189391,0,0,S,0,0,347388,43.95,1997,19,22.05,31.97
83107,Historical,525518,0,0,S,2,1,1878165,50.95,2009,10,51.08,58.63
83108,Historical,190066,0,0,S,60,1,55822,65,2007,15,0,38.96
83109,Historical,177549,1,1,S,3,1,85215,234.95,2002,36,58.55,125.13
83110,Historical,1767848,1,1,S,2,1,231303,44.1,2014,20,38.97,32.61
83111,Historical,899651,0,0,S,5,1,956283,0,2008,16,16,19.24
83112,Historical,61017,0,0,S,3,1,2423578,106.95,2003,39,66.5,24.77
83113,Historical,3026488,1,1,S,1,0,400643,62.95,2002,64,45.32,13.94
83114,Historical,177440,0,0,S,1,0,50498,153.95,2002,48,0,77.83
83115,Historical,582340,0,0,S,2,1,706944,85,2005,41,42.99,33.51
83116,Historical,905463,0,0,S,2,1,820427,54,2014,39,37.45,46
83117,Historical,687930,0,0,S,2,1,75013,35,2013,47,20.57,24.94
83119,Historical,2262857,0,0,S,5,1,3397896,100.21,2007,14,54.79,101.02
83120,Historical,615122,0,0,S,2,1,775434,73.95,2004,48,6.54,37.31
83121,Historical,543130,1,2,S,6,1,6904,88.95,2012,37,54.79,65.54
83122,Historical,858603,0,0,S,3,1,1404451,51.95,1996,55,54.79,32.39
83123,Historical,3269516,0,0,S,2,1,746733,47.27,2004,35,55.12,48.59
83124,Historical,204189,0,0,S,3,1,118819,85.99,2010,31,40.82,54.02
83125,Historical,534525,1,1,S,3,1,370214,80.99,2012,43,54.21,55.06
83126,Historical,525515,1,1,S,2,1,674826,50.95,2007,65,11.48,25.24
83127,Historical,545664,0,0,S,2,1,45695,95.99,2012,42,44.98,54.25
83128,Historical,106810,0,0,S,4,1,41856,109,2011,51,42.02,50.98
83129,Historical,262770,0,0,S,4,1,423536,69.95,2011,42,37.59,49.26
83130,Historical,915971,0,0,S,4,1,1787770,59.95,1999,59,108.5,37.93
83131,Historical,113220,0,0,S,2,1,22488,54.95,2003,38,18.99,31.74
83132,Historical,661143,0,0,S,2,1,332349,49,2011,22,37.03,28.69
83133,Historical,1538200,0,0,S,2,1,554712,42.95,2006,31,18.83,37.9
83134,Historical,1657876,0,0,S,2,1,1351307,54.59,2009,19,67.54,77.19
83135,Historical,113950,0,0,S,6,1,3114104,123.33,1999,16,78.02,74.84
83136,Historical,525509,0,0,S,3,1,230106,137.2,2012,43,73.98,88.96
83137,Historical,55070,0,0,S,4,1,111749,100.31,2001,55,132.99,53.99
83138,Historical,607401,0,0,S,3,1,807982,70.8,2006,28,37.97,39.49
83139,Historical,607250,0,0,S,2,1,2662964,51.35,2002,36,37.97,10.37
83140,Historical,617956,0,0,S,4,1,421868,77.6,2010,52,12.44,28.99
83141,Historical,801426,0,0,S,2,1,1073323,41.95,2007,14,0,30.34
83142,Historical,118772,0,0,S,1,0,112201,91.4,2007,38,69.89,30.68
83143,Historical,2341468,0,0,S,5,1,2493741,36.56,1996,22,46.72,11.49
83144,Historical,624641,1,3,S,3,1,125,29.25,2014,356,44.99,10.49
83145,Historical,153991,1,3,S,0,0,83411,15.88,2008,188,44.99,10.98
83147,Historical,536345,1,1,S,0,0,222,12,1994,1523,10.49,6.66
83148,Historical,867873,1,1,S,3,1,32658,84.2,2014,59,43.5,63.99
83149,Historical,534154,0,0,S,1,0,58789,111.22,2011,63,16.58,36.3
83150,Historical,633517,0,0,S,1,0,46556,73.95,2002,27,0,37.85
83152,Historical,652363,0,0,S,2,1,438196,44.95,2013,14,0,0
83153,Historical,525503,0,0,S,2,1,44802,115.6,2012,52,30.99,77.85
83154,Historical,118271,0,0,S,2,1,55485,116.6,2010,87,16.72,43.48
83155,Historical,557648,0,0,S,2,1,14386,105.2,2012,81,35.61,74
83156,Historical,626667,0,0,S,1,0,56212,85.8,2012,38,0,53.99
83159,Historical,610088,1,4,S,2,1,17233,114,2012,60,47.5,66.82
83160,Historical,515918,0,0,S,2,1,14652,114.6,2010,100,16.03,43.91
83162,Historical,115608,0,0,S,2,1,524802,80.8,2005,26,0,0
83164,Historical,627876,0,0,S,2,1,68286,111.4,2012,42,53.62,81.99
83165,Historical,156484,0,0,S,0,0,601548,51.95,1996,26,0,39.57
83166,Historical,2031811,0,0,S,5,1,351067,54.95,2013,38,23.37,33.48
83167,Historical,246580,0,0,S,3,1,687350,83.95,2008,68,16.49,27.74
83168,Historical,865147,0,0,S,2,1,82972,106.95,2005,29,0,52.99
83169,Historical,246381,0,0,S,1,0,414521,48.95,2006,20,0,36.99
83170,Historical,525501,0,0,S,4,1,270552,54.99,2007,31,26.89,48.83
83171,Historical,567427,0,0,S,8,1,2515357,80.95,2006,13,11.17,11.1
83172,Historical,552615,0,0,S,3,1,697063,42.2,2003,16,0,0
83173,Historical,141227,0,0,S,2,1,315189,73.04,2000,103,4.45,18.99
83174,Historical,118821,0,0,S,2,1,1435291,24.2,2007,40,8.06,8.88
83175,Historical,525500,0,0,S,3,1,188578,49,2010,31,46.36,34.68
83176,Historical,285201,0,0,S,6,1,2016772,8.49,2003,49,54.46,8.43
83177,Historical,132522,0,0,S,3,1,420000,49.99,2008,38,26.93,44.97
83178,Historical,630933,0,0,S,2,1,591611,55.95,2002,20,0,44.37
83180,Historical,121911,0,0,S,2,1,90561,95.8,2000,36,0,0
83181,Historical,172432,0,0,S,2,1,1336060,39.99,2003,29,21.69,33.92
83182,Historical,117729,0,0,S,4,1,37696,74.99,2006,38,18.98,41.47
83184,Historical,146597,0,0,S,5,1,503428,198.67,2010,33,53.94,103.99
83185,Historical,625257,1,1,S,2,1,363002,116.6,2010,27,0,0
83186,Historical,621286,0,0,S,3,1,31670,44.95,2012,52,23.21,26.4
83187,Historical,660797,0,0,S,0,0,329314,48.6,2013,38,28.94,29.58
83188,Historical,355636,0,0,S,2,1,473885,54.95,2001,30,11.48,17.49
83189,Historical,619764,0,0,S,3,1,606167,127.2,2011,24,32,112.99
83190,Historical,630947,1,1,S,2,1,402149,56.95,2009,56,40.83,38.98
83191,Historical,876754,0,0,S,7,1,961713,0,2011,23,75.56,103.98
83192,Historical,662374,0,0,S,1,0,491423,41.95,2011,14,0,23.94
83193,Historical,864789,0,0,S,5,1,50189,108.95,2014,57,38.02,76.19
83194,Historical,636087,1,1,S,4,1,1594605,64.8,2010,21,4,62.81
83195,Historical,260376,0,0,S,1,0,95969,19.95,2004,192,12.99,10.97
83196,Historical,286748,0,0,S,2,1,934771,217.95,1997,18,9.77,93.12
83197,Historical,144061,0,0,S,1,0,212234,124.2,1999,41,29.99,87.05
83198,Historical,221370,0,0,S,3,1,651640,35,2006,29,0,107.49
83199,Historical,1924840,0,0,S,0,0,354616,49.99,2014,3,0,29.99
83200,Historical,647119,0,0,S,1,0,13693,34.95,2012,37,0,19.33
83201,Historical,127404,0,0,S,9,1,69739,95.95,2009,57,56.81,51.98
83202,Historical,1435476,0,0,S,2,1,143781,49.95,2009,26,30.99,26
83204,Historical,624485,0,0,S,2,1,475628,59.95,2003,38,26.28,43.47
83205,Historical,728590,0,0,S,10,1,1871092,192,2002,41,126.6,9.5
83206,Historical,742757,0,0,S,12,1,1054736,178.67,2010,41,0,63.98
83207,Historical,61179,0,0,S,11,1,295545,134.8,2007,41,85.9,33.93
83208,Historical,561318,0,0,S,12,1,1603462,148.8,2009,22,52.87,140.44
83209,Historical,918072,1,1,S,13,1,185961,139,2014,96,52.87,83.94
83210,Historical,874862,0,0,S,8,1,19385,59.99,2015,24,52.38,37.88
83211,Historical,631952,0,0,S,5,1,142519,71.99,1988,20,0,52.02
83212,Historical,525494,0,0,S,11,1,503712,59.95,2011,38,14.94,37.93
83213,Historical,525492,0,0,S,2,1,880265,59.95,2010,18,18.84,40.27
83215,Historical,50066,0,0,S,10,1,1393784,244.95,2003,89,144.39,8.79
83216,Historical,212997,0,0,S,4,1,790797,87.95,2002,56,72.92,38.99
83217,Historical,649700,0,0,S,0,0,160192,42,2012,26,22.84,23.74
83218,Historical,525491,0,0,S,4,1,15584,24.95,2011,31,15.98,14.39
83219,Historical,641727,1,2,S,2,1,93844,50.95,2005,26,22.99,25.99
83220,Historical,639896,0,0,S,2,1,481091,31.95,2011,30,18.42,19.3
83222,Historical,615105,0,0,S,9,1,98538,135.6,2011,61,45.99,95.95
83223,Historical,525487,0,0,S,2,1,667012,44.95,2010,22,28.64,28.71
83224,Historical,763907,0,0,S,6,1,257253,96.95,1999,54,4.93,54.13
83225,Historical,575965,0,0,S,2,1,2039869,51.66,2010,34,33.99,40.79
83226,Historical,1982598,0,0,S,3,1,306515,52,2015,15,39.12,41.55
83227,Historical,50483,0,0,S,5,1,3395429,81,1998,31,59.56,6.99
83228,Historical,423266,0,0,S,3,1,532154,126,2008,37,112.79,118.91
83229,Historical,621482,0,0,S,3,1,53097,105,2001,60,68.84,65
83230,Historical,610125,0,0,S,0,0,987060,23,2012,26,0,14.94
83231,Historical,288293,0,0,S,2,1,417127,43.79,2008,33,31.81,38.99
83232,Historical,142190,1,1,S,3,1,370830,51.19,2012,24,31.81,144.42
83233,Historical,649615,0,0,S,3,1,563247,59.99,2012,16,0,0
83234,Historical,2940544,0,0,S,2,1,1253767,47.95,2005,16,0,29.21
83235,Historical,2007600,0,0,S,0,0,157366,39.95,2006,18,23.94,23.8
83236,Historical,557629,0,0,S,1,0,306484,134.4,2012,49,31.9,13.1
83237,Historical,656060,1,1,S,1,0,457452,141.07,2012,13,31.9,102.99
83239,Historical,665409,0,0,S,2,1,1243933,55,2012,15,0,39.98
83240,Historical,1562966,0,0,S,14,1,4644807,97.95,2008,8,49.34,96.58
83241,Historical,542574,0,0,S,4,1,945354,87.95,2006,27,42.99,68.69
83242,Historical,867733,0,0,S,7,1,68024,122,2014,43,53.59,64.93
83244,Historical,671032,0,0,S,4,1,2043381,160,1994,25,108.35,81.01
83245,Historical,1895766,0,0,S,0,0,407820,13.98,2012,2,0,22.97
83247,Historical,1921805,0,0,S,2,1,284447,79.99,2009,26,0,61.14
83248,Historical,896884,0,0,S,2,1,1608663,54.99,2014,21,38.17,39.16
83249,Historical,910995,0,0,S,3,1,953610,32,1989,18,0,17.89
83250,Historical,2357885,0,0,S,1,0,516049,30.25,2003,23,15.85,9.24
83251,Historical,2357883,0,0,S,1,0,1205311,30.25,2003,30,15.85,10.98
83252,Historical,2357882,0,0,S,1,0,1433722,33.5,2003,15,15.85,7.14
83253,Historical,2332743,0,0,S,6,1,1257191,150,1982,37,18.33,62.84
83254,Historical,105571,0,0,S,2,1,85065,184,2001,74,49.48,82.37
83255,Historical,625286,0,0,S,2,1,52868,32.95,2009,46,22.95,18.85
83256,Historical,1436135,0,0,S,7,1,408157,106,2013,23,17.23,23.55
83257,Historical,530873,0,0,S,7,1,30735,86,2012,48,42.39,43.6
83259,Historical,2506086,0,0,S,2,1,1192508,50,1995,45,4.14,23.11
83260,Historical,873642,1,2,S,0,0,2435,14.99,2002,285,0,8.48
83261,Historical,101925,0,0,S,0,0,563439,19.95,1999,76,0,21.92
83262,Historical,103355,0,0,S,50,1,99332,25,2010,39,0,42.85
83263,Historical,616997,0,0,S,3,1,666724,201.95,1992,45,6.57,46.96
83264,Historical,906909,0,0,S,2,1,1150423,63.45,2009,45,38.49,27.74
83265,Historical,613328,0,0,S,2,1,102138,107.4,2008,145,38.49,12.98
83266,Historical,627465,0,0,S,2,1,695977,49.99,2009,21,5.74,33.58
83268,Historical,544331,1,2,S,2,1,199997,150.95,2013,69,36.62,53.99
83269,Historical,162560,0,0,S,12,1,377651,221,2009,40,5.29,65.91
83270,Historical,861072,0,0,S,2,1,1587078,175.85,2012,11,0,96.74
83271,Historical,525461,0,0,S,5,1,519808,68.95,2008,39,45.88,31.99
83272,Historical,704455,0,0,S,4,1,5839622,93.4,2002,15,45.88,44.5
83274,Historical,202397,0,0,S,3,1,1786987,162.95,2002,24,180.6,66.3
83275,Historical,223010,0,0,S,2,1,2081657,97.95,1997,22,180.3,22.24
83276,Historical,860237,0,0,S,5,1,329015,121.95,2010,22,0,121.95
83277,Historical,1827021,0,0,S,6,1,410557,160.95,2014,22,43.6,40.99
83278,Historical,631285,1,2,S,6,1,424761,121.95,2013,19,0,0
83279,Historical,2302834,0,0,S,5,1,855444,105.5,1997,27,0,21.99
83280,Historical,707708,0,0,S,7,1,1031661,80.25,2003,27,0,0
83281,Historical,1472920,0,0,S,7,1,8558241,70,2009,16,60.36,49.31
83282,Historical,1467898,0,0,S,6,1,9433355,80,2007,19,60.36,36.99
83283,Historical,1607272,0,0,S,0,0,374240,50,2014,9,0,31.76
83284,Historical,608730,0,0,S,2,1,333092,39.99,2007,40,7.19,18.18
83285,Historical,915285,1,2,S,3,1,84518,19.95,1994,31,21.41,22.75
83286,Historical,2259054,0,0,S,6,1,1319781,443.28,2008,32,165.8,117.98
83289,Historical,229167,0,0,S,2,1,334230,64,2008,28,34.94,49.95
83290,Historical,2216273,0,0,S,2,1,904494,70,2011,28,20.49,19.95
83291,Historical,865284,0,0,S,3,1,535407,50,2010,32,24.98,39.13
83292,Historical,616039,0,0,S,2,1,69282,54,2009,47,27.02,32.96
83293,Historical,276383,0,0,S,0,0,1493597,29.95,2005,20,19.97,19.48
83294,Historical,541815,0,0,S,3,1,1401767,73.95,2009,42,28.72,16.41
83295,Historical,262764,0,0,S,2,1,124712,42.95,2009,43,40.5,36.99
83296,Historical,618699,0,0,S,1,0,53190,44.95,1981,41,0,40.14
83297,Historical,114067,0,0,S,2,1,36148,47,2006,112,23.91,32.47
83300,Historical,542378,0,0,S,2,1,29184,63.95,2007,56,31.95,43.68
83302,Historical,1451056,0,0,S,2,1,644034,49.53,2011,13,0,46.98
83303,Historical,525451,0,0,S,1,0,1259831,40.6,2006,29,0,30.17
83305,Historical,623178,0,0,S,2,1,156920,221.95,1975,54,37.93,89.22
83306,Historical,178882,0,0,S,9,1,359759,236.95,2009,30,55.47,36.08
83307,Historical,626528,0,0,S,3,1,357992,79.95,1997,30,84.62,39.98
83308,Historical,903676,0,0,S,2,1,90934,36.99,2000,21,21.24,20.54
83309,Historical,639516,0,0,S,0,0,393763,43.95,1997,22,22.45,30.51
83310,Historical,614695,0,0,S,7,1,2418086,69.95,2002,37,32.33,28.99
83311,Historical,774882,0,0,S,6,1,2433212,59,1999,22,32.33,47.16
83312,Historical,534756,0,0,S,8,1,48475,77.99,2012,54,22.07,43.23
83313,Historical,663899,0,0,S,3,1,2753349,60,2013,20,51.18,6.49
83314,Historical,55433,0,0,S,7,1,3439164,105,2001,42,38.88,15.98
83315,Historical,627817,0,0,S,2,1,209216,190.8,2013,41,28.41,61.99
83316,Historical,539446,0,0,S,2,1,195847,179.8,2013,46,36.99,102.99
83317,Historical,917653,0,0,S,2,1,1157460,26,1999,36,27.96,13.99
83318,Historical,636480,0,0,S,0,0,770658,49.95,2009,11,0,35.97
83320,Historical,245000,1,1,S,4,1,973756,250.95,2004,24,0,0
83321,Historical,791580,0,0,S,3,1,2004099,42,2002,31,37.77,12.49
83322,Historical,553799,0,0,S,3,1,330690,108.8,2011,32,38.3,99.56
83324,Historical,313731,0,0,S,3,1,447716,123.6,2002,39,70.92,23.69
83325,Historical,1440384,0,0,S,9,1,417706,53.78,2009,15,0,53.38
83326,Historical,1769044,0,0,S,2,1,770525,60.75,2014,21,54.98,48.99
83327,Historical,1768658,0,0,S,2,1,505320,60.75,2014,17,38.99,45.98
83328,Historical,1590735,0,0,S,1,0,2430994,59.5,2008,18,38.99,46.97
83329,Historical,1768174,0,0,S,2,1,1072656,60.75,2014,13,0,50.98
83331,Historical,619463,0,0,S,2,1,727337,39.99,2001,39,9.97,32.42
83333,Historical,525441,0,0,S,12,1,65247,137.5,2011,125,48.49,68.07
83335,Historical,899087,0,0,S,3,1,538644,64.95,2014,26,60.58,39.99
83336,Historical,365308,0,0,S,2,1,5175449,46.95,2006,13,47.89,38.98
83337,Historical,608193,0,0,S,4,1,632840,63.95,2002,44,21.7,54.05
83338,Historical,262767,0,0,S,2,1,425354,42.95,2009,34,18.99,42.29
83339,Historical,164792,0,0,S,3,1,334855,106,1998,45,19.04,58.55
83340,Historical,2566250,0,0,S,2,1,2380077,38.95,1968,19,19.04,58.07
83341,Historical,61027,0,0,S,6,1,3035217,66.95,2003,56,84.69,6.65
83342,Historical,892157,0,0,S,4,1,1749975,43,2010,13,20.59,48.98
83344,Historical,618062,0,0,S,0,0,33889,62.95,1988,46,0,0
83346,Historical,657038,0,0,S,2,1,65885,56.25,2012,16,0,33.98
83350,Historical,916407,0,0,S,3,1,4820987,118,2001,23,67.51,20.97
83351,Historical,566425,0,0,S,0,0,504348,50,1998,27,7.96,29.84
83353,Historical,617427,1,1,S,3,1,88560,164.75,2004,60,44.43,96.51
83356,Historical,649773,0,0,S,2,1,172492,90,2012,13,0,0
83358,Historical,633132,0,0,S,5,1,274831,233.5,2011,54,0,96.94
83359,Historical,880634,0,0,S,2,1,2756846,15.99,2002,60,119.74,15.99
83360,Historical,550183,0,0,S,3,1,1332059,35.99,2006,18,115.66,33.75
83361,Historical,111314,0,0,S,5,1,67682,131.64,2010,67,31.78,48.41
83362,Historical,111315,1,2,S,5,1,296370,104.72,2010,42,43.91,37.96
83363,Historical,133116,0,0,S,4,1,246707,64.4,2011,34,0,53.93
83364,Historical,867877,1,1,S,2,1,443322,49.95,2001,53,60.96,28.99
83365,Historical,1724128,0,0,S,0,0,1250128,7.99,2008,39,51.44,7.31
83367,Historical,635052,0,0,S,10,1,610756,68.78,2009,23,0,0
83368,Historical,2683677,0,0,S,2,1,661804,19.95,2004,88,0,8.79
83369,Historical,1633935,0,0,S,1,0,200439,59.99,2014,29,25.3,37.92
83370,Historical,663232,0,0,S,1,0,321452,59.99,2013,30,25.3,42.58
83371,Historical,1633936,0,0,S,1,0,160097,59.99,2014,23,25.3,38.09
83372,Historical,1633933,0,0,S,1,0,144236,59.99,2014,40,31.92,37.95
83374,Historical,119109,0,0,S,6,1,32640,170,2011,37,41,88.99
83375,Historical,113598,0,0,S,3,1,5073112,83.4,2002,19,41,10.99
83379,Historical,148355,0,0,S,1,0,93345,256.95,2010,29,0,52.99
83381,Historical,577022,0,0,S,1,0,882880,113.95,1999,27,0,23.88
83382,Historical,203506,0,0,S,4,1,3332920,45.95,2002,61,51.95,6.99
83383,Historical,536010,0,0,S,4,1,26097,59.95,2012,55,26.95,39.48
83384,Historical,61028,0,0,S,4,1,1154189,44.95,2003,50,28.63,4.36
83385,Historical,105612,0,0,S,3,1,483824,77,2002,52,8.08,12.69
83386,Historical,641605,0,0,S,2,1,59120,54.95,2008,26,0,0
83387,Historical,553501,0,0,S,3,1,2192311,113,1996,21,61.99,39.99
83388,Historical,627613,0,0,S,2,1,174392,49.95,2005,43,0,0
83390,Historical,625377,0,0,S,3,1,454055,64.6,2006,19,12.49,38.99
83391,Historical,525425,0,0,S,3,1,1748329,109,2009,26,83.99,52.63
83392,Historical,801958,0,0,S,1,0,983085,58,2010,17,0,45.51
83393,Historical,873944,0,0,S,2,1,1095076,82.4,2013,15,51.94,72.05
83394,Historical,114774,0,0,S,2,1,537638,78.8,2002,61,0,0
83395,Historical,2617959,0,0,S,3,1,999430,52.95,1989,39,181.77,13.95
83396,Historical,860239,0,0,S,2,1,277115,100.95,2010,79,11.49,36.93
83397,Historical,2540848,0,0,S,3,1,760702,30.95,2002,14,37.58,109.31
83398,Historical,307777,0,0,S,4,1,4046467,30.08,2003,21,80.99,33.21
83399,Historical,2103466,0,0,S,2,1,356159,39.95,2014,13,0,38.58
83400,Historical,162020,1,1,S,2,1,19690,57.56,2006,84,58.99,60.98
83401,Historical,165426,0,0,S,2,1,693120,92.79,2001,31,58.99,93.98
83402,Historical,2225443,1,1,S,4,1,65720,149.91,2007,57,0,41.26
83403,Historical,285933,0,0,S,4,1,34851,160,2003,72,67.92,100.32
83408,Historical,1734322,0,0,S,3,1,246657,59,2014,16,46.53,42.64
83410,Historical,544891,0,0,S,3,1,88916,65.99,2011,21,38.97,47.46
83412,Historical,628861,0,0,S,1,0,88726,58,2006,41,24.69,39.02
83413,Historical,2108727,0,0,S,2,1,122561,50,2010,31,0,33.67
83414,Historical,2109053,0,0,S,2,1,25245,30,2011,45,0,18.75
83419,Historical,881617,1,1,S,0,0,1204318,7.98,2010,8,0,7.97
83420,Historical,910897,0,0,S,0,0,138546,49.97,1988,55,0,32.97
83422,Historical,268505,0,0,S,1,0,182968,36,2008,25,0,26.34
83423,Historical,270869,0,0,S,1,0,706904,85,2009,48,26.49,59.95
83424,Historical,911700,0,0,S,1,0,507026,39,2004,27,23.39,29.04
83425,Historical,2563958,0,0,S,1,0,809629,110,1996,23,0,86.56
83427,Historical,161874,0,0,S,2,1,329232,83.95,2005,27,15.83,48.96
83428,Historical,612352,0,0,S,2,1,333801,47.95,2013,13,0,0
83430,Historical,1840475,0,0,S,5,1,1228772,44.99,2010,25,48.91,45.57
83431,Historical,261432,0,0,S,3,1,715353,110,2006,51,24.16,56.49
83432,Historical,652732,0,0,S,1,0,137670,55,2011,33,48.77,37.12
83433,Historical,663227,0,0,S,2,1,259286,84.95,2013,11,73.55,63.99
83434,Historical,663137,0,0,S,2,1,62187,64.95,2013,45,52.41,34.31
83435,Historical,271092,0,0,S,2,1,15354,79,2011,38,56.76,50.94
83436,Historical,585297,0,0,S,3,1,997525,58,1998,31,32.59,13.76
83437,Historical,61030,0,0,S,2,1,1425021,137.95,2000,84,132.9,23.19
83438,Historical,3256878,1,1,S,3,1,1276469,137.53,2005,43,0,70.3
83439,Historical,1891533,0,0,S,2,1,507441,49.95,2013,20,36.71,36.71
83440,Historical,2743625,0,0,S,0,0,1136894,16.95,2004,8,8.5,8.12
83441,Historical,125610,0,0,S,1,0,215634,99,2004,14,0,38.99
83442,Historical,1582361,0,0,S,2,1,380694,49.99,2014,18,0,43.15
83443,Historical,1448154,0,0,S,5,1,709110,86.8,2007,31,120.63,124.81
83444,Historical,667220,0,0,S,6,1,67204,110,2012,30,0,0
83445,Historical,660933,0,0,S,1,0,364182,125,2012,23,0,36.99
83446,Historical,1459078,0,0,S,1,0,49527,36.99,2009,54,14.99,21.7
83447,Historical,616206,0,0,S,5,1,124147,99.99,2004,70,19.73,22.86
83448,Historical,2302984,0,0,S,3,1,398666,103.96,1996,71,19.73,24.99
83449,Historical,738601,0,0,S,4,1,805622,45,2012,17,32.44,45
83450,Historical,612173,0,0,S,5,1,349662,43,2013,21,63.99,38.49
83451,Historical,193655,0,0,S,4,1,721135,78,2009,26,33.98,51.2
83452,Historical,58553,0,0,S,5,1,790855,39.95,1999,46,56.61,51.29
83453,Historical,618275,0,0,S,2,1,229746,90,2009,57,24.03,69.72
83454,Historical,525403,0,0,S,2,1,1165425,44.95,2011,30,7.65,30.49
83455,Historical,612484,0,0,S,5,1,248375,74.94,2013,30,0,0
83456,Historical,646489,0,0,S,1,0,176231,37.95,2008,16,0,35.7
83457,Historical,628322,0,0,S,2,1,1076054,59.99,2002,30,4,54.53
83458,Historical,672130,0,0,S,2,1,51202,22.95,2004,147,16.42,15.61
83459,Historical,877990,0,0,S,10,1,348822,150,2012,32,89.97,89.12
83460,Historical,2654024,0,0,S,3,1,717674,103.16,1993,33,95.55,24.1
83461,Historical,614327,0,0,S,8,1,845638,185.6,2004,47,89.97,54.61
83462,Historical,2393433,0,0,S,2,1,1321027,86.6,1993,33,0,8.86
83463,Historical,623513,0,0,S,1,0,401326,230,2009,38,0,93.94
83465,Historical,525402,0,0,S,5,1,35843,230,2008,99,85.23,63.98
83466,Historical,644598,0,0,S,3,1,115550,69.5,2012,25,8.42,43.99
83467,Historical,764317,0,0,S,5,1,198247,48.95,2003,39,0,0
83468,Historical,751659,0,0,S,2,1,1711545,37.3,2009,19,8.42,45
83469,Historical,525398,0,0,S,2,1,123417,90.5,2011,22,44.99,60.99
83470,Historical,624048,0,0,S,2,1,85701,39.99,2011,51,18.95,14.97
83472,Historical,2339087,0,0,S,0,0,869565,32.95,1995,23,30.06,31.89
83473,Historical,649652,0,0,S,3,1,36879,65,2012,161,30.06,32.93
83474,Historical,222835,0,0,S,3,1,248434,101.5,2009,31,87.86,73.19
83475,Historical,537693,0,0,S,7,1,24242,89,2012,48,33.63,43.96
83476,Historical,896875,0,0,S,2,1,164638,59.99,2014,17,41.86,43.76
83477,Historical,2657920,0,0,S,5,1,1439547,16.95,1988,20,45.16,61.59
83479,Historical,543737,1,1,S,4,1,68738,50.95,2012,27,11.46,40.98
83480,Historical,577742,0,0,S,1,0,23373,29.95,2007,142,19.75,10.49
83481,Historical,751835,0,0,S,2,1,99681,24.95,2009,55,17.63,16.6
83482,Historical,565365,0,0,S,0,0,508519,7.99,2008,113,21.49,7.79
83483,Historical,628903,0,0,S,1,0,519647,34,2004,44,20.96,53.43
83484,Historical,55064,1,1,S,4,1,120768,156.95,2009,78,75.9,96.32
83485,Historical,902435,0,0,S,2,1,728464,44,2011,17,25.71,38.99
83486,Historical,2628538,0,0,S,0,0,1079558,83.94,2004,21,15.4,71.97
83487,Historical,721255,0,0,S,1,0,405304,74,2005,56,0,7.03
83488,Historical,615375,0,0,S,1,0,27295,50,1998,49,0,22.96
83491,Historical,1633941,0,0,S,1,0,179398,59.99,2015,13,0,46.95
83492,Historical,2257356,0,0,S,4,1,735312,53.99,2006,37,0,125.18
83494,Historical,658279,0,0,S,3,1,44255,39.95,2012,54,26.66,26.9
83495,Historical,525393,0,0,S,4,1,69115,142.2,2008,50,18.34,52.48
83496,Historical,239406,0,0,S,3,1,507521,59.95,2000,43,12.15,38.97
83497,Historical,1583407,0,0,S,4,1,32265,34.99,2011,76,23.98,19.44
83498,Historical,162637,1,1,S,5,1,194805,180.75,2008,74,74.09,104.55
83499,Historical,115856,0,0,S,2,1,256389,86.8,2006,38,202.86,44.53
83500,Historical,623657,0,0,S,1,0,36044,63.47,2001,26,43.96,47.92
83501,Historical,537140,0,0,S,6,1,33081,44.95,2012,48,39.39,36.78
83502,Historical,525391,1,1,S,7,1,17772,166.5,2007,110,51.99,74.23
83503,Historical,556472,0,0,S,2,1,259639,34.95,2010,24,0,29.04
83504,Historical,115438,0,0,S,4,1,528387,130.6,2001,34,34.5,58.19
83505,Historical,158077,0,0,S,2,1,465984,56.95,2005,14,0,0
83506,Historical,619892,0,0,S,1,0,85962,62.95,2000,26,0,38.08
83507,Historical,906851,1,1,S,3,1,84921,29.95,2014,25,21.85,27.08
83508,Historical,1584475,0,0,S,1,0,424105,44.99,2011,25,39.3,42.05
83509,Historical,123988,0,0,S,6,1,272511,229.95,2001,35,32.32,56.97
83510,Historical,179225,0,0,S,7,1,124142,181.95,2011,54,33.75,103.82
83511,Historical,866976,0,0,S,2,1,50300,54.95,2014,40,40.47,49.7
83512,Historical,132374,0,0,S,3,1,76942,37,2007,34,15.24,60.25
83514,Historical,544889,0,0,S,4,1,1163806,55.99,2012,28,23.42,39.97
83515,Historical,616679,0,0,S,4,1,806528,53.95,1999,55,4.24,7.84
83516,Historical,615981,0,0,S,1,0,390360,80,1992,44,0,38.36
83517,Historical,861801,0,0,S,4,1,112158,60,2013,37,43.87,40.91
83518,Historical,144216,0,0,S,8,1,64327,96,2001,47,0,73.51
83519,Historical,245197,0,0,S,1,0,581938,102.95,2006,23,0,28.57
83521,Historical,914795,1,3,S,8,1,54123,97.25,2014,29,49.19,28.99
83522,Historical,614649,0,0,S,0,0,970992,88.5,2011,47,49.19,9.96
83523,Historical,919371,0,0,S,2,1,1600530,79.5,2008,33,49.19,17.35
83524,Historical,662485,0,0,S,2,1,302452,39,2013,25,38.89,33.98
83525,Historical,753145,0,0,S,3,1,424413,49.99,2010,27,5.79,12.28
83527,Historical,2369369,0,0,S,0,0,1074635,85.2,2002,38,10.41,47.92
83528,Historical,682346,0,0,S,1,0,707860,22.95,2009,11,25.57,22.94
83529,Historical,542908,0,0,S,3,1,38454,19.95,2010,24,16.62,11.96
83530,Historical,389210,0,0,S,7,1,74129,61.95,2010,97,19.94,28.99
83531,Historical,701084,0,0,S,3,1,142294,42,2007,34,0,0
83532,Historical,525376,0,0,S,2,1,290464,36,2001,62,4.02,10.98
83533,Historical,1990780,0,0,S,2,1,464123,45.12,2013,8,0,42.89
83535,Historical,55538,0,0,S,3,1,23546,60.8,2010,78,33.99,42.18
83536,Historical,106827,0,0,S,2,1,112412,21,2010,111,14.8,10.53
83537,Historical,2160224,0,0,S,0,0,398530,59,2010,35,77.31,43.96
83538,Historical,525372,0,0,S,3,1,329672,308,2012,31,35.13,82.9
83539,Historical,147234,0,0,S,4,1,914901,94.95,2004,21,15.33,86.99
83540,Historical,239630,0,0,S,1,0,198704,55,2009,29,49.56,48.53
83542,Historical,145114,0,0,S,2,1,554018,79.99,2005,44,45.23,46.56
83543,Historical,540507,0,0,S,3,1,38012,49.99,2003,72,8.63,30.01
83544,Historical,868193,0,0,S,2,1,563325,34.99,1999,96,8.63,10.99
83545,Historical,525371,0,0,S,2,1,260623,49.99,2009,76,21.49,32.13
83547,Historical,525370,0,0,S,10,1,102730,34.95,2004,78,7.39,21.95
83548,Historical,750799,0,0,S,1,0,1513513,75,2008,17,0,50.18
83549,Historical,637452,1,2,S,1,0,107573,134.95,1995,30,0,112.58
83551,Historical,126548,1,1,S,2,1,234024,30,2003,40,12.43,19.49
83552,Historical,152631,0,0,S,2,1,968151,79.95,2005,35,0,54.49
83553,Historical,870204,0,0,S,5,1,2804638,69.95,1994,15,40.73,38.94
83554,Historical,862398,0,0,S,7,1,212681,99.95,2014,31,40.73,66.3
83555,Historical,914822,0,0,S,5,1,787570,33.99,2007,27,4,13.91
83556,Historical,203914,0,0,S,4,1,1705346,31.99,2007,37,0,0
83558,Historical,155119,0,0,S,5,1,6700190,86.36,1996,36,158.02,11.8
83559,Historical,146464,0,0,S,1,0,1088402,54.99,2010,48,33.82,79.23
83561,Historical,61038,0,0,S,11,1,2799561,191.95,2007,43,83.95,45.44
83562,Historical,540099,1,4,S,3,1,66935,171.4,2012,76,33.99,103.99
83563,Historical,1482860,0,0,S,3,1,65018,116.67,2012,30,0,73.99
83564,Historical,1696762,1,3,S,2,1,146102,55.95,2015,33,47.89,49.98
83565,Historical,633765,0,0,S,1,0,968826,85,2013,26,0,42.06
83566,Historical,525364,0,0,S,2,1,1012844,80,2007,25,98.71,21.73
83567,Historical,403861,0,0,S,1,0,421569,112.4,2005,29,0,72.99
83568,Historical,286038,0,0,S,3,1,2251074,71.6,2004,43,100.98,7.99
83569,Historical,669096,0,0,S,2,1,954116,96,2012,16,49.95,56.14
83570,Historical,864791,0,0,S,5,1,90203,93.95,2014,41,64.74,46.74
83571,Historical,865136,0,0,S,2,1,242166,47,2006,20,0,36.94
83573,Historical,714744,1,1,S,3,1,65621,52,2001,32,34.99,43.98
83574,Historical,118690,0,0,S,4,1,3701,57.32,2009,71,34.99,39.98
83575,Historical,118688,0,0,S,4,1,4082,59.99,2009,68,34.99,43.99
83576,Historical,118196,0,0,S,4,1,133613,48.73,2009,117,30.2,38.98
83578,Historical,121875,1,1,S,3,1,263766,34.67,2000,66,23.24,10.23
83579,Historical,912363,0,0,S,2,1,47371,29.95,2011,27,17.18,29.95
83580,Historical,156485,0,0,S,0,0,599384,53.95,1998,127,125.58,29.95
83581,Historical,612102,0,0,S,3,1,49037,85,2013,41,53.76,43.98
83583,Historical,169416,0,0,S,1,0,517509,129.95,2007,35,88.99,73.96
83584,Historical,53259,0,0,S,9,1,319300,200.95,2008,67,88.99,33.99
83585,Historical,905728,0,0,S,5,1,3377719,39.95,1998,16,73.13,23.99
83586,Historical,608782,0,0,S,4,1,848589,148.95,2007,21,158.99,87.98
83587,Historical,591609,0,0,S,2,1,636774,49.95,2004,57,10.12,38.09
83588,Historical,116818,0,0,S,2,1,47118,171.4,2005,60,36.43,37.82
83591,Historical,417487,0,0,S,11,1,1355034,118,2002,54,5.16,13.93
83592,Historical,1441379,1,1,S,10,1,49096,0,2013,23,0,283.96
83593,Historical,53379,0,0,S,7,1,2268511,178.5,2003,119,150.43,13.39
83594,Historical,54270,0,0,S,2,1,3717,40.6,2005,110,22.22,33.27
83595,Historical,635674,0,0,S,3,1,880611,60.75,2012,14,0,48.97
83596,Historical,126191,0,0,S,3,1,56996,82.95,2005,57,35.99,31.18
83597,Historical,664923,0,0,S,2,1,907564,49,2013,26,35.55,32.6
83598,Historical,911017,0,0,S,6,1,212413,43,2014,34,30.42,35.8
83599,Historical,2647826,0,0,S,3,1,9742722,43.95,1997,41,63.98,39.47
83600,Historical,564673,0,0,S,2,1,1274551,39.95,2005,22,0,32.14
83601,Historical,337019,0,0,S,1,0,971508,49.95,2011,7,0,49.95
83602,Historical,1680141,0,0,S,5,1,118699,49,2013,8,0,49
83603,Historical,576392,0,0,S,2,1,1482863,82,2003,44,8.46,37.77
83604,Historical,541694,0,0,S,4,1,210485,70,2011,56,33.58,44
83605,Historical,577173,0,0,S,4,1,66436,49,2012,13,0,0
83606,Historical,788171,0,0,S,3,1,2427488,218.95,1999,32,41.99,20.19
83607,Historical,655640,0,0,S,2,1,646774,49,2010,43,82.53,37.81
83608,Historical,61045,0,0,S,2,1,863321,106.95,2002,43,8.49,21.99
83609,Historical,169910,0,0,S,3,1,230763,181.95,2009,41,8.49,41.95
83610,Historical,581692,0,0,S,4,1,1154957,39,2001,53,44.94,23.99
83611,Historical,2106865,0,0,S,4,1,308145,49,2014,15,44.94,43
83612,Historical,663239,0,0,S,6,1,53974,49,2013,37,38.98,42.73
83613,Historical,124076,0,0,S,2,1,810975,221.95,1999,40,0,32.8
83614,Historical,2658973,0,0,S,7,1,92964,49.99,2002,40,5.14,26.99
83615,Historical,55283,0,0,S,5,1,1918553,122.95,2001,41,116.44,18.99
83616,Historical,191883,0,0,S,3,1,146128,93.75,2000,49,86.53,31.48
83617,Historical,539511,0,0,S,4,1,160496,90.67,2013,24,65.78,44.53
83618,Historical,178287,0,0,S,6,1,52110,304.95,2005,65,81.19,287.35
83619,Historical,543931,0,0,S,3,1,71427,101.5,2013,29,49.49,74.95
83620,Historical,1871329,0,0,S,2,1,301427,49,2009,12,0,49
83621,Historical,131473,0,0,S,6,1,676412,104.6,2001,49,113.5,16.94
83622,Historical,2649647,0,0,S,2,1,871401,81.95,2002,26,18.14,43.1
83623,Historical,594680,0,0,S,2,1,147504,116.95,2013,46,53.97,53.49
83624,Historical,175116,0,0,S,3,1,603447,74.99,2010,41,37.6,53.67
83625,Historical,133103,0,0,S,4,1,687526,106.13,2009,44,67.01,68.29
83626,Historical,546618,0,0,S,2,1,179293,42.95,2013,26,28.5,37.39
83627,Historical,577176,0,0,S,4,1,324031,49,2013,26,0,0
83628,Historical,641130,0,0,S,3,1,1014890,43,2010,9,36.03,19.94
83629,Historical,877199,0,0,S,10,1,6828868,60.32,2012,15,99.41,75.27
83630,Historical,865078,0,0,S,2,1,125506,42,2009,116,19.65,24.07
83631,Historical,291583,0,0,S,1,0,467956,216.95,2002,52,0,177.83
83632,Historical,623567,0,0,S,3,1,134092,120,2007,41,0,0
83633,Historical,246484,0,0,S,6,1,565574,105,2006,28,43.44,56.91
83634,Historical,659694,0,0,S,6,1,1770819,127.95,2011,17,148.05,117.31
83635,Historical,916539,0,0,S,2,1,107944,79.95,2013,63,44.22,38.98
83636,Historical,144336,0,0,S,4,1,1121437,46.6,2002,55,54.98,19.25
83637,Historical,51559,0,0,S,5,1,1486988,51.6,2004,61,54.98,12.99
83638,Historical,2722339,0,0,S,3,1,1039505,67.95,2003,56,83.83,13.99
83639,Historical,663872,0,0,S,2,1,228943,72,2013,47,18.47,28.87
83640,Historical,642013,0,0,S,3,1,650374,53.95,2013,31,52.63,31.27
83641,Historical,200101,0,0,S,2,1,538810,98.95,2005,43,10.52,28.88
83642,Historical,587420,0,0,S,10,1,1073327,71.95,2010,100,50.99,5.29
83643,Historical,249941,0,0,S,9,1,2184463,78.95,2007,70,50.99,6.99
83645,Historical,533276,0,0,S,6,1,7000,56,2012,80,34.98,27.74
83646,Historical,391020,0,0,S,4,1,2941896,110,2003,23,15.91,11.73
83647,Historical,651290,0,0,S,2,1,3278340,119.95,2011,10,67.33,129.95
83648,Historical,51200,0,0,S,6,1,1503264,103.95,2003,66,166.06,15.99
83649,Historical,764978,0,0,S,5,1,4573855,83.95,2000,30,166.06,18.75
83650,Historical,499071,0,0,S,8,1,558941,221.95,2011,46,21.88,28.38
83651,Historical,131449,1,1,S,2,1,855631,154.8,2001,34,40.4,48.99
83652,Historical,416303,0,0,S,8,1,1243256,92.5,2002,20,108.99,58.35
83653,Historical,550164,0,0,S,9,1,2545398,157,2005,35,108.99,23.94
83654,Historical,910175,0,0,S,2,1,2351773,30,1996,19,0,113.49
83655,Historical,669019,0,0,S,5,1,207165,49,2012,20,0,0
83657,Historical,287315,0,0,S,2,1,18929,94.95,2011,55,58.58,77.79
83658,Historical,763724,0,0,S,4,1,7916726,103.95,1998,26,36.63,33.97
83659,Historical,134863,0,0,S,4,1,605980,51,2009,33,38.82,33.99
83660,Historical,170160,0,0,S,2,1,143061,212.95,2010,72,7.13,47.82
83661,Historical,556308,0,0,S,2,1,1535550,70,2009,20,49.44,140.67
83662,Historical,268719,0,0,S,3,1,1325618,155,2009,24,0,16.99
83663,Historical,914931,0,0,S,4,1,446459,49,2010,27,10.14,43.2
83664,Historical,199362,0,0,S,1,0,813812,94,2004,18,0,43.29
83666,Historical,54392,0,0,S,5,1,782775,202.95,2005,58,133.9,8.77
83667,Historical,861806,0,0,S,2,1,363538,42,2013,27,137.76,32.41
83669,Historical,541150,0,0,S,2,1,271981,41.95,2010,39,34.21,34.95
83670,Historical,1483092,1,1,S,1,0,402127,125.73,2012,26,0,73.68
83671,Historical,1543659,0,0,S,0,0,195018,51.95,2014,7,0,43.46
83672,Historical,860242,0,0,S,2,1,486071,59,2010,24,33.96,39.24
83673,Historical,665082,0,0,S,2,1,483563,49,2012,21,33.98,44.17
83674,Historical,53014,0,0,S,6,1,1890643,124.95,2001,54,203.51,6.62
83675,Historical,577408,0,0,S,2,1,1421411,66.95,2006,98,4,8.39
83676,Historical,867747,0,0,S,6,1,8023,89.95,2014,65,66.74,50.49
83677,Historical,52004,0,0,S,9,1,1905632,96.95,2002,142,172.09,7.89
83678,Historical,56779,0,0,S,3,1,1086830,159.95,2007,44,4.38,13.98
83679,Historical,543413,0,0,S,2,1,1163506,60,2012,27,44.19,39.92
83680,Historical,577183,0,0,S,2,1,774216,49,2012,16,44.06,48.98
83681,Historical,879484,0,0,S,4,1,1997508,65.99,2006,62,49.68,53.74
83682,Historical,619740,0,0,S,2,1,55766,49,2012,40,23.3,33.97
83683,Historical,551802,0,0,S,3,1,1396975,66.67,2002,59,71.48,19.95
83684,Historical,156795,0,0,S,0,0,152040,49.95,2001,31,0,33.96
83685,Historical,545461,0,0,S,3,1,767547,41.95,2011,34,34.45,32.53
83686,Historical,636384,0,0,S,2,1,1238930,74,2011,27,43.99,53.71
83687,Historical,618017,0,0,S,3,1,145299,166.2,2003,44,18.98,44.87
83688,Historical,2323637,0,0,S,4,1,858139,198.95,1976,45,10.84,95.76
83689,Historical,608585,0,0,S,7,1,2313404,174.95,2005,62,97.74,18.49
83691,Historical,635687,0,0,S,3,1,702650,59.99,2012,41,43.02,40.02
83692,Historical,913168,0,0,S,4,1,274712,88.95,2014,34,15.81,22.14
83693,Historical,661021,0,0,S,3,1,10664,49,2012,44,28.97,36.98
83694,Historical,2383503,1,3,S,11,1,627209,134.67,2015,20,105.47,85.01
83695,Historical,699099,0,0,S,9,1,3518134,24.98,2008,22,101.99,24.98
83696,Historical,579530,0,0,S,5,1,2372414,38.95,1994,40,35.54,8.99
83697,Historical,738975,0,0,S,5,1,4840763,94.4,1999,34,81.43,12.4
83701,Historical,867620,1,2,S,4,1,104177,81.99,2014,31,41.79,37.75
83702,Historical,182432,0,0,S,2,1,52650,301.95,2000,103,17.32,42.84
83703,Historical,848126,0,0,S,0,0,270814,90.36,1997,30,17.32,25.55
83705,Historical,912551,0,0,S,2,1,593274,49.99,2011,29,0,30.97
83706,Historical,289015,0,0,S,1,0,18871,42.95,2008,75,0,32.07
83707,Historical,886982,0,0,S,6,1,499250,49,2014,6,35.67,48.99
83708,Historical,1574681,0,0,S,6,1,1607025,0,2009,12,15.93,21.87
83709,Historical,51534,0,0,S,6,1,219434,241.95,2008,64,92.39,36.76
83710,Historical,2265263,0,0,S,8,1,628429,47.9,2012,40,15.93,40.68
83711,Historical,2722791,0,0,S,2,1,2839509,63,2005,18,33.24,30.62
83712,Historical,320323,0,0,S,2,1,432832,99.95,2011,29,11.94,65.89
83713,Historical,541482,0,0,S,2,1,360575,39.95,2013,28,19.77,26.71
83714,Historical,615321,1,1,S,2,1,447861,87,2005,41,23.28,33.89
83715,Historical,594667,0,0,S,1,0,1124450,99.95,2011,34,4.97,21.11
83716,Historical,795734,0,0,S,10,1,233555,107.75,2012,16,87.92,46.53
83717,Historical,525337,0,0,S,2,1,1137737,80.95,2011,27,11.94,20.97
83718,Historical,1485422,0,0,S,4,1,2135707,70.41,2009,13,64.88,66.58
83719,Historical,132657,0,0,S,6,1,542680,74.47,2008,30,47.74,61.91
83720,Historical,1554531,0,0,S,2,1,860520,51.95,2014,27,14.99,31.27
83721,Historical,905362,0,0,S,4,1,103530,43.95,2014,30,36.25,34.22
83722,Historical,919300,0,0,S,2,1,50594,73,2013,76,37.95,55.01
83723,Historical,142123,0,0,S,1,0,737854,49.2,2011,55,0,44.1
83724,Historical,55054,1,1,S,8,1,33652,164.25,2010,58,50.49,92.41
83726,Historical,537420,0,0,S,2,1,87662,119,2012,66,55.5,90.99
83727,Historical,872504,0,0,S,6,1,127398,45,2014,39,29.39,31.99
83728,Historical,887069,0,0,S,5,1,146062,49,2014,5,22.56,49
83729,Historical,1472258,0,0,S,2,1,556871,49.95,2009,33,43.93,34.41
83730,Historical,555260,0,0,S,0,0,493413,69.95,1992,39,19.21,30.89
83731,Historical,542338,0,0,S,3,1,71080,59.99,2005,70,27.68,35.54
83732,Historical,564962,0,0,S,0,0,199814,51.95,2011,30,0,49.87
83733,Historical,616597,0,0,S,4,1,908393,260,1986,107,71.94,29.74
83734,Historical,564900,0,0,S,2,1,269165,49.95,2012,21,43.03,32.72
83735,Historical,56495,0,0,S,7,1,3634961,92.2,2004,29,124.97,12.24
83736,Historical,56496,0,0,S,8,1,2328956,113.33,2006,51,124.97,8.99
83737,Historical,545772,0,0,S,2,1,279325,64,2012,39,27.98,48.41
83738,Historical,502760,0,0,S,4,1,94950,166,2009,78,22.94,54.42
83739,Historical,612377,0,0,S,5,1,71441,60.75,2013,40,69.81,38.49
83740,Historical,1871320,0,0,S,2,1,487517,49,2009,14,0,49
83741,Historical,748949,0,0,S,11,1,2081622,115,2006,19,71.63,114.39
83742,Historical,586458,0,0,S,4,1,502439,35,1993,121,29.6,9.68
83743,Historical,615046,0,0,S,2,1,11992,44,2000,63,29.6,23.24
83744,Historical,900523,0,0,S,2,1,143967,39.95,2015,14,37.78,33.98
83745,Historical,644080,0,0,S,3,1,92808,48.95,2007,44,19.06,42.03
83746,Historical,253857,0,0,S,1,0,529360,109.95,2009,16,0,42.34
83748,Historical,1516360,0,0,S,6,1,999985,118.6,2012,16,144.78,118.6
83749,Historical,592867,0,0,S,3,1,109576,49,2011,32,0,0
83750,Historical,661191,0,0,S,3,1,26510,44.95,2011,25,30.44,31.92
83751,Historical,50389,0,0,S,8,1,1986279,73.44,2004,35,81.75,25.47
83752,Historical,621454,0,0,S,0,0,68892,49.95,2004,33,0,31.32
83753,Historical,628236,0,0,S,1,0,687959,41.95,2000,20,0,22.57
83754,Historical,632280,0,0,S,3,1,368850,81.25,2007,21,0,58.99
83755,Historical,172018,0,0,S,1,0,24875,26.95,2003,116,21.05,13.94
83756,Historical,525332,0,0,S,4,1,254599,51.95,2007,54,46.99,40.25
83757,Historical,858966,0,0,S,0,0,375051,49.95,2009,30,33.49,14.98
83759,Historical,720571,0,0,S,5,1,2275360,52,2002,63,41.13,12.27
83760,Historical,867944,0,0,S,8,1,39853,49.95,2014,36,41.13,42.05
83761,Historical,878795,0,0,S,1,0,1735609,52.88,2007,15,75.94,5.15
83762,Historical,550121,1,1,S,4,1,1357040,53.97,2003,17,62.83,45.82
83763,Historical,53831,0,0,S,4,1,812758,19.98,2003,45,62.83,19.98
83764,Historical,54253,0,0,S,4,1,307834,11.9,2003,77,42.28,15.98
83766,Historical,859324,0,0,S,2,1,511583,69.99,2005,50,15.97,41.76
83767,Historical,658431,0,0,S,1,0,87333,44.95,2010,19,0,33.84
83768,Historical,658161,0,0,S,8,1,412440,43,2012,17,38.41,43
83769,Historical,860244,0,0,S,6,1,1011669,43,2010,18,24.84,43
83770,Historical,918972,0,0,S,0,0,484126,39,2014,21,12.59,13.99
83771,Historical,105406,0,0,S,7,1,60182,107.75,2005,19,0,0
83773,Historical,180752,0,0,S,2,1,791002,82,2010,31,10.23,69.7
83774,Historical,709278,1,2,S,1,0,147379,125.5,2009,56,47.29,38.78
83775,Historical,551266,0,0,S,0,0,1486717,143.25,2001,55,0,19.98
83776,Historical,871092,0,0,S,0,0,1461941,148.75,1999,66,0,13.74
83777,Historical,309892,0,0,S,0,0,245610,0,2003,49,0,23.98
83778,Historical,112234,0,0,S,0,0,53864,119.5,2005,64,0,88.47
83784,Historical,1684618,0,0,S,0,0,494350,40.25,2006,20,0,17.99
83785,Historical,550496,0,0,S,20,1,2346698,8.86,2008,32,36.47,11.87
83786,Historical,626243,0,0,S,2,1,593066,49.99,2011,67,21.68,33.94
83787,Historical,543101,0,0,S,3,1,42935,23.95,2013,59,27.09,21.16
83788,Historical,170102,0,0,S,2,1,736455,167.95,2009,21,18.4,73.47
83789,Historical,599355,0,0,S,0,0,125660,40,2003,39,15.71,49.66
83790,Historical,610248,0,0,S,0,0,43764,50,2010,47,19.71,30.08
83791,Historical,774253,0,0,S,2,1,4525678,32.44,2004,36,131.54,38.34
83792,Historical,542766,0,0,S,0,0,20975,50,2012,27,19.71,27.53
83793,Historical,1827265,0,0,S,8,1,828573,117.95,2014,34,0,82.99
83794,Historical,177114,0,0,S,4,1,3137011,199.95,2004,35,32.98,28.11
83795,Historical,535217,1,7,S,8,1,80133,256.95,2013,48,32.98,52.97
83796,Historical,561062,0,0,S,1,0,934518,139,2007,25,29.13,127.93
83797,Historical,561057,0,0,S,1,0,261258,180.4,2007,39,116.72,61.5
83798,Historical,860543,0,0,S,2,1,1112548,148.8,2011,45,129.54,153.99
83799,Historical,2422194,0,0,S,3,1,2538910,186.25,1975,23,9.64,94.61
83800,Historical,176552,1,1,S,1,0,869567,443.95,1999,81,19.18,74.84
83801,Historical,637946,0,0,S,2,1,726430,346.25,2013,42,0,50.89
83802,Historical,635851,0,0,S,2,1,552957,215.75,2013,38,0,99.88
83803,Historical,875692,0,0,S,13,1,770195,171,2011,22,141.94,63.69
83804,Historical,176723,0,0,S,1,0,1652979,209.95,1999,26,0,44.14
83805,Historical,146646,0,0,S,13,1,704709,79,2011,28,26.54,79.77
83806,Historical,561090,0,0,S,12,1,1113195,67.6,2007,33,26.54,20.99
83807,Historical,52106,0,0,S,11,1,1011453,184,2003,38,203.94,90.26
83808,Historical,1517075,1,1,S,13,1,1097630,195.67,2013,43,0,28.92
83809,Historical,627833,0,0,S,13,1,530221,195.2,2013,27,0,0
83810,Historical,614475,0,0,S,1,0,679671,49.99,1999,36,6.98,5.75
83811,Historical,900510,0,0,S,5,1,445588,39.99,2014,13,17.99,25.14
83812,Historical,116796,0,0,S,4,1,21975,74.99,2010,40,7.5,49.37
83813,Historical,534226,0,0,S,2,1,150458,69,2006,32,6.98,36.03
83814,Historical,181926,0,0,S,4,1,141154,34.95,2005,56,0,17.97
83815,Historical,641787,0,0,S,3,1,591802,39.99,2002,23,26.79,73.33
83816,Historical,552359,0,0,S,3,1,154353,79.99,2003,38,31.52,48.99
83817,Historical,716345,0,0,S,2,1,412903,72.51,1998,15,0,63.26
83818,Historical,551994,1,1,S,2,1,339100,72.51,1998,38,0,39.99
83819,Historical,2635400,0,0,S,3,1,131858,74.99,2002,48,24.38,36.98
83820,Historical,608856,0,0,S,3,1,290056,44.99,2003,32,0,21.91
83821,Historical,630245,0,0,S,4,1,103774,59.99,2004,39,18.21,29.29
83822,Historical,641852,0,0,S,2,1,536439,72.2,1998,31,8.44,57.17
83824,Historical,2054408,0,0,S,2,1,50131,42.95,2010,61,32.37,37.31
83825,Historical,423078,0,0,S,0,0,93184,112.6,2010,159,13.99,63.36
83826,Historical,868055,0,0,S,0,0,1284654,70.4,2005,35,13.99,42.98
83827,Historical,649724,0,0,S,1,0,97164,39.95,2012,19,0,33.99
83828,Historical,649096,0,0,S,1,0,1001746,34.5,2008,28,15.69,38.73
83829,Historical,870106,0,0,S,4,1,135289,49.95,2014,27,0,38.85
83830,Historical,201774,0,0,S,3,1,267284,44.95,2014,38,0,5.48
83831,Historical,1654766,1,1,S,0,0,810655,25.95,2011,101,29.51,5.97
83832,Historical,1556383,0,0,S,2,1,212141,46.95,2010,24,0,40.28
83833,Historical,177313,0,0,S,3,1,157951,144.95,2000,32,0,0
83834,Historical,289729,0,0,S,2,1,378885,49.95,2003,32,35.48,33.98
83835,Historical,445991,0,0,S,2,1,312742,30,2007,43,4.02,21.95
83836,Historical,1688464,0,0,S,2,1,574530,49.99,2008,23,0,16.41
83838,Historical,1590597,0,0,S,1,0,188618,69.99,2013,13,0,57.83
83839,Historical,656198,0,0,S,1,0,1410809,97.95,2011,20,0,79.22
83840,Historical,191722,0,0,S,2,1,1043836,183.19,2005,22,4.98,28.97
83841,Historical,632541,0,0,S,4,1,1106282,57.95,2012,49,20.49,36.79
83842,Historical,615710,0,0,S,3,1,181672,85.95,2009,50,28.44,34.49
83843,Historical,194645,0,0,S,0,0,1334665,29.95,2004,23,28.33,27.7
83844,Historical,271040,0,0,S,5,1,1657494,47,2010,34,20.59,4.74
83845,Historical,135800,0,0,S,5,1,58966,80,2006,50,44.93,67.99
83847,Historical,559000,0,0,S,6,1,808910,71.95,2009,34,18.19,46.91
83848,Historical,538896,0,0,S,16,1,146679,64,2013,37,23.14,52.18
83849,Historical,541492,0,0,S,2,1,137267,80.95,2012,36,49.84,49.56
83850,Historical,663832,0,0,S,2,1,90469,50,2013,17,0,0
83851,Historical,862408,0,0,S,2,1,599794,71.95,2015,15,55.53,44.31
83852,Historical,564633,0,0,S,2,1,711512,50.95,2003,26,27.96,41.56
83853,Historical,269441,0,0,S,2,1,624212,49.95,2010,46,0,28.42
83855,Historical,61057,0,0,S,4,1,2419340,51.95,2001,37,42.04,16.96
83856,Historical,612234,0,0,S,6,1,51827,69.95,2014,49,42.04,43.2
83857,Historical,638383,0,0,S,3,1,323628,50.95,2009,20,25.73,19.58
83858,Historical,862410,0,0,S,2,1,542125,54.95,2014,28,46.18,32.78
83859,Historical,635584,0,0,S,1,0,715645,51.95,2013,14,0,33.41
83860,Historical,609591,0,0,S,6,1,804113,201.95,2010,48,35.04,64.08
83861,Historical,217343,0,0,S,6,1,171414,50,2011,27,11.99,48.99
83863,Historical,2154959,0,0,S,5,1,148899,54.95,2015,14,35.15,35.45
83864,Historical,196003,1,1,S,0,0,95856,39.99,2001,35,13.52,63.82
83865,Historical,257049,0,0,S,3,1,65083,185.25,1996,46,98.4,88.4
83866,Historical,144554,0,0,S,2,1,891801,54.99,2003,56,6,28.9
83868,Historical,551793,0,0,S,1,0,136290,114.4,2003,25,0,90.98
83869,Historical,116798,0,0,S,1,0,438993,101.4,2005,39,0,41.7
83870,Historical,900433,0,0,S,3,1,419618,56,2015,18,34.61,45.99
83871,Historical,607642,0,0,S,2,1,1853057,104.4,2001,61,80.78,22.99
83872,Historical,880426,0,0,S,6,1,373662,142.67,2014,37,80.78,77.25
83873,Historical,626649,1,2,S,5,1,171932,90,2013,35,0,0
83874,Historical,647234,0,0,S,2,1,65976,36.95,2011,16,0,30.6
83875,Historical,264564,0,0,S,2,1,479856,49.95,2004,78,29.95,42.2
83876,Historical,525302,0,0,S,3,1,352080,55,2006,38,17.73,27.5
83877,Historical,244332,0,0,S,4,1,751895,115.5,2011,16,69.77,59.78
83878,Historical,417257,0,0,S,10,1,244382,111.79,2012,36,9.04,31.59
83879,Historical,111195,0,0,S,9,1,2005625,6.95,2010,33,9.04,6.95
83880,Historical,51551,0,0,S,4,1,154178,199.2,2011,93,166.03,28.04
83881,Historical,1615995,0,0,S,2,1,1210743,39.99,2007,76,4,12.47
83882,Historical,622035,0,0,S,4,1,1249900,149.95,2006,40,4.18,27.15
83883,Historical,525300,0,0,S,6,1,1463300,204.95,2012,19,4.98,42.28
83884,Historical,248201,0,0,S,2,1,616320,70,2011,43,43.62,47.88
83885,Historical,244147,0,0,S,10,1,354514,183.95,2011,39,147.57,21.01
83886,Historical,867776,0,0,S,2,1,247382,62.95,2014,38,46.41,38.49
83887,Historical,525298,0,0,S,2,1,177444,59.99,2005,24,32.5,48.94
83888,Historical,1615660,0,0,S,3,1,494145,44.99,2007,33,5.66,27.64
83889,Historical,602445,0,0,S,3,1,78354,67.5,2011,71,26.38,44.99
83890,Historical,297901,0,0,S,4,1,261902,115.5,2011,31,60.22,78.49
83891,Historical,907858,0,0,S,2,1,57392,52,2014,29,41.69,36.24
83892,Historical,132283,0,0,S,7,1,606773,145.2,2007,44,4.49,35.99
83893,Historical,649799,1,1,S,2,1,20769,30.95,2012,43,15.58,25.99
83894,Historical,344117,0,0,S,2,1,646654,90,2005,16,0,0
83895,Historical,622346,0,0,S,2,1,2399826,96.6,2006,17,47.8,64.82
83896,Historical,114023,0,0,S,3,1,2060531,57.33,2000,32,19.96,17.99
83897,Historical,106193,0,0,S,2,1,456877,45,2005,36,0,0
83898,Historical,651905,0,0,S,2,1,134758,42,2008,22,0,0
83899,Historical,677820,0,0,S,6,1,269089,29.95,2014,14,0,0
83900,Historical,525295,0,0,S,3,1,342927,52.99,2007,18,12.82,14.71
83901,Historical,525294,0,0,S,3,1,12045,42.95,2012,103,28.99,30.69
83902,Historical,646949,0,0,S,6,1,102399,44.99,2013,50,24.99,25.05
83904,Historical,664202,0,0,S,4,1,8146,48.95,2013,105,29.98,28.87
83906,Historical,289437,0,0,S,3,1,28140,20.25,2010,56,11.96,13.47
83908,Historical,2250029,0,0,S,8,1,1314121,61.99,2007,19,0,85.28
83910,Historical,858486,0,0,S,4,1,1363243,115,2015,0,93.73,108.19
83911,Historical,446833,0,0,S,3,1,830191,125,2010,47,93.73,81.86
83912,Historical,525289,0,0,S,2,1,723073,95,2010,43,48.27,61.18
83914,Historical,632041,0,0,S,5,1,439549,45,2013,21,0,0
83915,Historical,106412,0,0,S,3,1,158284,90,2006,41,25.23,43.39
83917,Historical,762402,0,0,S,1,0,914530,42,2000,43,9.64,20.94
83918,Historical,165769,0,0,S,1,0,19818,21.95,2004,40,0,0
83921,Historical,566168,0,0,S,2,1,1292442,73,2008,18,4.02,48.76
83922,Historical,106164,0,0,S,5,1,237844,102,2008,33,42.63,62.47
83923,Historical,650930,0,0,S,2,1,3199849,57.95,1999,19,69.55,170.33
83925,Historical,644497,0,0,S,7,1,8314,60,2013,60,25.27,32.99
83926,Historical,879721,1,2,S,11,1,454687,43.07,2007,49,103.5,42.53
83928,Historical,2807476,0,0,S,1,0,468315,45,1993,32,0,83.99
83930,Historical,629118,0,0,S,7,1,2988,102,2013,164,52.56,67.39
83931,Historical,778718,0,0,S,2,1,827591,88.95,2009,43,30.16,59.86
83932,Historical,832946,0,0,S,3,1,7417546,99,1996,18,23.74,41.49
83933,Historical,542577,0,0,S,4,1,1770844,103,2003,16,28.77,62.89
83934,Historical,830587,0,0,S,4,1,963023,62.95,1996,13,42.97,71.11
83935,Historical,631464,0,0,S,18,1,455684,93,2011,35,28.94,56.39
83937,Historical,254162,0,0,S,3,1,904950,178.95,2009,17,133.99,109.49
83938,Historical,525278,0,0,S,3,1,570573,39.99,2007,37,18.63,16.48
83940,Historical,616496,0,0,S,3,1,1368683,52.95,1988,38,107.49,29.95
83941,Historical,667234,0,0,S,4,1,491685,45.6,2012,32,39.24,43.33
83942,Historical,628916,0,0,S,5,1,460367,23.99,2003,38,0,0
83943,Historical,874615,0,0,S,8,1,1810142,69.25,2006,31,194.54,69.25
83944,Historical,860248,0,0,S,9,1,2129754,248.75,2010,25,205.97,44.99
83945,Historical,108614,0,0,S,7,1,2107597,122.5,2003,56,173.35,10.98
83946,Historical,863875,0,0,S,2,1,86792,34.95,2010,19,17.97,22.99
83947,Historical,525276,0,0,S,10,1,110055,40,2007,107,6.47,19.99
83948,Historical,743429,0,0,S,2,1,1112112,75.95,2002,17,23.97,62.21
83949,Historical,860476,0,0,S,2,1,509933,195,2011,17,4.58,28.21
83950,Historical,613011,0,0,S,1,0,1103697,93.3,1998,102,0,23.86
83951,Historical,693941,0,0,S,1,0,420543,88,2003,81,0,52.35
83952,Historical,613098,0,0,S,1,0,833750,93.3,1998,98,0,19.75
83953,Historical,612887,0,0,S,1,0,568961,88,2003,158,0,22.99
83954,Historical,612943,0,0,S,1,0,997947,88,2003,127,0,23.73
83956,Historical,552145,0,0,S,1,0,376035,44.95,2003,54,21,27.28
83957,Historical,644610,0,0,S,2,1,4349,49.95,2012,47,28.17,27.59
83958,Historical,903765,0,0,S,1,0,110329,49.95,2011,22,28.17,37.98
83960,Historical,544288,0,0,S,2,1,864852,63.95,2012,23,10.34,33.99
83961,Historical,256685,0,0,S,2,1,82943,15.95,2003,391,7.83,6.38
83962,Historical,722970,0,0,S,3,1,368981,39.95,2008,22,16.48,41.9
83963,Historical,245600,0,0,S,5,1,627150,159,2002,33,64.73,42.98
83964,Historical,644630,0,0,S,2,1,33940,36.99,2012,78,22.82,23.81
83965,Historical,1615780,0,0,S,2,1,570497,39.99,2008,49,4.95,19.19
83967,Historical,1439872,0,0,S,2,1,3045182,0,2009,16,0,98.92
83968,Historical,640097,0,0,S,7,1,403639,252.5,2011,16,0,179
83969,Historical,533876,0,0,S,9,1,118261,236.95,2003,56,71.76,138.15
83970,Historical,539026,0,0,S,5,1,33172,99.95,2013,38,58.96,55.94
83971,Historical,184664,0,0,S,2,1,3529786,79.95,2000,19,41.04,50
83972,Historical,697796,0,0,S,6,1,1408801,21.99,2011,30,133.75,21.99
83973,Historical,54576,0,0,S,4,1,498833,33.98,2005,47,133.75,33.98
83974,Historical,652367,0,0,S,2,1,269224,45,2013,16,24.71,35.44
83975,Historical,1781300,0,0,S,1,0,625113,65,2014,7,51.42,50.1
83977,Historical,482133,0,0,S,8,1,65542,78.99,2012,32,44.69,53.04
83978,Historical,525264,0,0,S,2,1,88832,69.95,2012,40,31.3,43.94
83979,Historical,218586,0,0,S,2,1,1323871,59.95,1995,18,11.3,49.33
83980,Historical,619384,0,0,S,2,1,124297,75.99,2008,59,51.47,58.68
83981,Historical,862415,0,0,S,2,1,390352,49.95,2014,20,33.98,38.74
83982,Historical,501162,0,0,S,9,1,254744,99.95,2012,61,44.3,68.74
83983,Historical,2006835,0,0,S,1,0,672814,35,2014,18,8.69,26.99
83984,Historical,243865,0,0,S,2,1,737961,93.95,2011,62,37.99,72.53
83985,Historical,3547160,0,0,S,2,1,3925022,99.99,1996,15,0,99.97
83986,Historical,543245,0,0,S,5,1,50872,63.99,2001,70,33.9,50.48
83987,Historical,905282,0,0,S,3,1,59020,64.99,2014,20,53.97,58.37
83988,Historical,552395,0,0,S,2,1,804694,115,2005,28,0,0
83989,Historical,2765755,0,0,S,2,1,1245598,299,1999,25,108.37,56.6
83990,Historical,619112,0,0,S,2,1,321739,188.95,2013,64,10.6,28.77
83991,Historical,867221,0,0,S,7,1,30446,77.95,2014,58,48.54,46.85
83992,Historical,534768,0,0,S,2,1,154073,104.95,2012,52,43.2,33.44
83993,Historical,599708,0,0,S,3,1,1092946,89,2010,27,0,84.6
83994,Historical,635714,0,0,S,4,1,265179,78,2012,29,45.99,52.39
83995,Historical,1924451,0,0,S,6,1,218921,50,2014,8,0,48
83996,Historical,619414,0,0,S,7,1,291426,132.95,2006,54,11.72,46.16
83997,Historical,919222,0,0,S,6,1,853848,105.8,2002,31,11.72,12.97
83998,Historical,659787,0,0,S,0,0,1684726,62,2010,18,0,34.23
83999,Historical,135641,0,0,S,2,1,660386,76.95,2008,30,13.49,56.48
84000,Historical,135530,0,0,S,5,1,90141,53.95,2011,53,25.36,31.65
84001,Historical,525260,0,0,S,2,1,1306796,61.95,2009,26,5.98,43.97
84002,Historical,626671,0,0,S,1,0,64740,64.95,2012,41,0,37.29
84003,Historical,620400,0,0,S,7,1,384271,89.95,1999,34,22.05,68.94
84004,Historical,621296,1,1,S,8,1,104405,115.95,2012,68,9.49,68.98
84005,Historical,608696,0,0,S,7,1,865282,112.95,2009,43,9.49,43.6
84007,Historical,863832,0,0,S,2,1,111235,0,2009,20,0,0
84008,Historical,781773,0,0,S,0,0,402444,79.99,2008,28,38.47,55.83
84009,Historical,612666,0,0,S,14,1,221614,53.75,2013,27,31.34,34.96
84010,Historical,664763,0,0,S,2,1,162840,84,2013,50,40.83,58.99
84011,Historical,615159,0,0,S,2,1,2767636,39,2006,26,5.67,6.98
84012,Historical,639260,0,0,S,0,0,326707,67,2009,35,0,43.38
84013,Historical,200654,0,0,S,2,1,116436,110.95,2011,30,22.61,36.25
84015,Historical,544173,0,0,S,2,1,78629,65,2013,43,41.49,43.64
84016,Historical,900415,0,0,S,4,1,173068,59.6,2013,17,22.99,58.23
84017,Historical,525257,0,0,S,6,1,2660205,74.95,2010,30,48.99,4.84
84018,Historical,147416,0,0,S,5,1,4592929,69.95,2006,11,48.99,4
84019,Historical,592364,0,0,S,3,1,1329672,69.95,2008,60,4.96,5.5
84020,Historical,867204,0,0,S,5,1,372366,86.95,2013,51,15.84,40.97
84021,Historical,540936,0,0,S,4,1,758994,86.95,2009,63,15.84,4.53
84022,Historical,656071,0,0,S,4,1,932631,74.95,2012,31,11.94,43.98
84023,Historical,545062,0,0,S,3,1,2322357,80.95,2008,29,11.94,4
84024,Historical,545932,0,0,S,2,1,788479,74.95,2012,41,4.87,22.87
84025,Historical,386583,0,0,S,4,1,236504,61.95,2007,25,0,0
84026,Historical,1574788,0,0,S,8,1,1367566,125.95,2009,24,5.9,48.1
84027,Historical,861816,0,0,S,13,1,1360838,59.95,2013,14,4.95,51.21
84028,Historical,861818,0,0,S,12,1,637662,62.95,2013,46,4,8.98
84029,Historical,648012,0,0,S,2,1,918042,199,2003,13,41.7,119.73
84031,Historical,613626,0,0,S,2,1,1262498,63,2000,51,4,9.58
84032,Historical,113129,0,0,S,2,1,366120,91.95,2007,63,21.04,36.46
84033,Historical,56596,0,0,S,3,1,1141955,42.98,2003,81,112.64,38.98
84034,Historical,108653,0,0,S,3,1,1923767,138.25,2003,28,112.64,12.98
84037,Historical,632542,0,0,S,1,0,10205,50.95,2011,49,0,35.79
84038,Historical,643852,0,0,S,0,0,120937,39,2010,16,31.51,30.26
84039,Historical,881645,0,0,S,0,0,506936,60,2015,15,34.64,35
84040,Historical,621416,0,0,S,4,1,122750,64.95,2007,67,42.34,49.9
84041,Historical,546725,0,0,S,2,1,33848,44.95,2009,58,27.3,26.51
84043,Historical,639776,1,2,S,2,1,670966,79.33,2012,38,38.99,43.89
84044,Historical,542847,0,0,S,4,1,85266,45,2012,54,17.76,33.39
84045,Historical,2603610,0,0,S,1,0,1061971,49.99,2003,19,0,39.95
84046,Historical,3101430,0,0,S,2,1,5314702,0,2005,11,48.98,0
84047,Historical,2270385,0,0,S,3,1,753667,31.99,2007,29,33.96,19.14
84048,Historical,609876,1,1,S,4,1,30272,219.95,2012,62,46.95,147.98
84049,Historical,615407,1,2,S,4,1,39283,197.38,2011,73,46.95,210.78
84050,Historical,534049,1,3,S,2,1,1221330,31,2004,32,4.27,63.94
84051,Historical,270242,0,0,S,3,1,138918,33,2008,51,4.27,55.75
84052,Historical,538479,0,0,S,3,1,85265,2645.3,2009,49,4.98,72.05
84053,Historical,601083,1,1,S,3,1,36756,53.5,2013,32,31.52,39.5
84054,Historical,879782,0,0,S,2,1,936413,201.47,2014,35,133.99,123.58
84055,Historical,1516586,1,2,S,1,0,115351,95,2014,22,0,81.1
84056,Historical,1517447,1,2,S,1,0,47174,95,2014,23,0,82.2
84057,Historical,132973,0,0,S,2,1,468791,81.6,2009,50,38.74,11.04
84058,Historical,428488,0,0,S,7,1,560949,212.6,2009,32,41.78,102.99
84059,Historical,119839,0,0,S,1,0,134085,131.2,1998,43,0,75.59
84060,Historical,861819,0,0,S,2,1,1106241,59.99,2013,17,0,37.49
84061,Historical,592904,0,0,S,2,1,1718089,75.95,2008,22,4.98,10.9
84062,Historical,607465,0,0,S,3,1,1107721,130,2008,27,86.09,51.99
84063,Historical,553854,0,0,S,2,1,1490446,167,2008,29,6.62,21.93
84064,Historical,635660,0,0,S,3,1,136576,64.95,2012,18,31.86,52.49
84065,Historical,598525,0,0,S,2,1,2569324,49.95,2006,26,4.98,16.99
84066,Historical,264739,0,0,S,3,1,828603,49.99,2009,36,4.98,23.99
84067,Historical,163160,0,0,S,2,1,43480,55,2011,38,29.03,34.04
84070,Historical,554182,0,0,S,2,1,256345,215.4,1994,70,4.19,45.4
84071,Historical,826851,0,0,S,0,0,384743,39.95,1990,112,15.69,8.86
84072,Historical,873600,0,0,S,4,1,585459,78,1998,55,57.94,22.98
84073,Historical,864044,0,0,S,2,1,178710,40,2011,25,18.97,26.53
84074,Historical,566241,0,0,S,2,1,609597,70,2011,42,39.98,32.48
84075,Historical,106700,0,0,S,4,1,209165,100,2009,35,59.61,74.05
84077,Historical,540259,0,0,S,2,1,22060,36.95,2007,117,21.46,28.98
84078,Historical,637602,0,0,S,2,1,326931,118.95,2013,35,58.12,89.49
84079,Historical,525242,0,0,S,0,0,147243,39.95,2011,19,36.99,39.95
84080,Historical,622679,0,0,S,1,0,943600,59.99,2009,20,23.99,40.19
84081,Historical,2027599,0,0,S,2,1,82450,75,2014,11,0,75
84083,Historical,889452,0,0,S,0,0,709748,32.95,1997,16,45.79,47.94
84084,Historical,635247,0,0,S,2,1,44440,79.95,2007,21,45.79,49.77
84086,Historical,1778027,1,1,S,4,1,150749,111.25,2013,8,0,88.86
84087,Historical,879329,0,0,S,2,1,1495204,58.53,2009,22,42.97,58.53
84088,Historical,543938,0,0,S,4,1,79027,197.25,2012,76,84.72,53.03
84089,Historical,662312,0,0,S,4,1,523254,139,2012,28,84.72,67.63
84090,Historical,566104,0,0,S,2,1,64439,151.5,2012,75,68.14,78.5
84092,Historical,343937,0,0,S,3,1,785819,50,2005,36,4.98,10.98
84093,Historical,544026,1,7,S,3,1,11160,182,2012,76,72.49,53.99
84094,Historical,2263446,0,0,S,3,1,1263079,111.27,2013,25,84.74,72.83
84095,Historical,636348,0,0,S,1,0,371943,157,2008,22,0,103.78
84097,Historical,1630808,0,0,S,0,0,413459,45,2009,31,16.49,23.78
84098,Historical,1433922,0,0,S,1,0,40471,80,2014,17,51.53,46.48
84099,Historical,2571898,0,0,S,2,1,486271,191,1994,25,22.96,35.06
84100,Historical,1932391,0,0,S,2,1,242377,44.99,2012,32,11.99,29.01
84101,Historical,652346,0,0,S,2,1,756162,49.99,2013,39,12.84,28.97
84102,Historical,2170908,0,0,S,0,0,629771,49.95,2013,15,0,23.96
84103,Historical,56848,0,0,S,4,1,80945,26,2003,54,0,40.93
84106,Historical,525239,0,0,S,2,1,940069,37,2012,18,26.39,31.05
84108,Historical,866811,0,0,S,2,1,148348,47,2014,21,29.92,39.09
84109,Historical,830197,0,0,S,0,0,475658,58.95,1988,32,115.97,13.78
84115,Historical,918885,0,0,S,4,1,3032000,69.95,2001,26,32.98,26.94
84116,Historical,107073,0,0,S,5,1,314591,85,2006,74,32.98,47.13
84117,Historical,1741499,0,0,S,2,1,429290,55,2011,9,0,39.99
84118,Historical,2270613,0,0,S,2,1,1122825,66.7,2011,26,0,39.51
84119,Historical,525237,0,0,S,2,1,11074,58.95,2011,109,30.16,32.78
84120,Historical,598767,0,0,S,2,1,893166,80,2006,42,9.95,50.98
84121,Historical,643165,0,0,S,2,1,2445420,85.95,2000,32,68.46,61.13
84122,Historical,858800,0,0,S,1,0,303360,102.95,2000,44,0,43.43
84123,Historical,264440,0,0,S,2,1,88175,22.95,2009,128,15.67,12.99
84126,Historical,126022,0,0,S,1,0,395769,77.95,2000,17,0,56.91
84127,Historical,525236,0,0,S,9,1,83570,111.6,2012,41,79.82,71.26
84128,Historical,153979,0,0,S,2,1,461366,7.99,2004,167,16.95,7.48
84129,Historical,637574,1,1,S,4,1,2582,32,2013,137,16.95,11.49
84130,Historical,289420,0,0,S,1,0,887925,7.59,2004,71,19.15,5.34
84131,Historical,289441,1,1,S,3,1,37643,30.75,2010,264,19.15,10.34
84132,Historical,153980,0,0,S,2,1,245370,6.49,2007,153,19.15,8
84133,Historical,655097,0,0,S,4,1,1902,32,2013,144,19.15,11.39
84134,Historical,115387,0,0,S,2,1,163001,51.6,2002,32,11.39,28.99
84135,Historical,525235,0,0,S,13,1,877629,33.4,2007,26,13.14,32.77
84136,Historical,243954,0,0,S,5,1,146163,153.95,2011,25,40.73,59.6
84137,Historical,124041,0,0,S,2,1,194222,74.95,2000,26,51.78,11.88
84138,Historical,52271,0,0,S,5,1,999885,137.95,2003,55,122.22,23.93
84139,Historical,642039,0,0,S,2,1,315331,75,2013,19,0,43.97
84140,Historical,626452,0,0,S,2,1,283811,112.95,2003,40,0,0
84141,Historical,617302,1,2,S,4,1,834080,77.98,2005,32,28.98,34
84142,Historical,1576423,0,0,S,3,1,354650,85,2011,13,0,20.98
84143,Historical,55533,0,0,S,4,1,2914059,65,1997,45,42,40.78
84145,Historical,110213,0,0,S,7,1,177113,18.81,2010,39,17.98,52.52
84146,Historical,339946,0,0,S,2,1,227703,70,2011,34,38.62,45.2
84147,Historical,525230,0,0,S,3,1,653707,52.95,2012,33,18.26,33.65
84148,Historical,2594779,0,0,S,3,1,1021394,49.99,1987,27,22.23,33.99
84149,Historical,549646,1,1,S,2,1,317917,37,2008,31,11.93,16.18
84150,Historical,913055,0,0,S,2,1,33061,46,2006,21,19.99,27.14
84151,Historical,176988,0,0,S,3,1,1278436,136.95,2003,24,0,92.69
84152,Historical,525226,0,0,S,3,1,695589,96.95,2005,29,0,71.47
84153,Historical,906652,0,0,S,3,1,589988,96.95,2005,22,0,0
84154,Historical,617079,0,0,S,2,1,183137,85,2010,61,9.98,53.97
84155,Historical,719633,0,0,S,0,0,872079,50,1999,11,0,27.25
84156,Historical,123845,0,0,S,2,1,2868568,61.5,1995,61,102.76,44.4
84157,Historical,169604,0,0,S,4,1,615654,76.95,2006,102,14.6,10.73
84158,Historical,169928,1,1,S,5,1,155359,74.95,2010,92,14.6,21.39
84159,Historical,587678,0,0,S,3,1,801933,78.95,2012,26,0,57.89
84160,Historical,61002,0,0,S,8,1,2783823,134.95,2009,38,73.72,13.99
84161,Historical,616950,0,0,S,3,1,50539,22,2008,49,0,0
84163,Historical,635730,0,0,S,1,0,808,59.99,2012,39,0,34.99
84165,Historical,895293,0,0,S,6,1,536994,37.99,2012,24,10.28,36.28
84166,Historical,745975,0,0,S,0,0,1284333,50,2002,76,0,10.91
84167,Historical,334001,0,0,S,1,0,385339,29.95,2010,18,0,119.57
84168,Historical,188430,0,0,S,1,0,29539,15.95,1999,108,5.97,18.29
84169,Historical,867624,0,0,S,10,1,257037,84.99,2014,26,56.51,36.57
84171,Historical,889342,0,0,S,5,1,6607089,99,1993,12,114.76,73.91
84172,Historical,2592066,0,0,S,0,0,127171,44.99,1983,24,0,41.45
84173,Historical,139959,0,0,S,1,0,79100,37,2007,16,0,153.99
84175,Historical,2392434,0,0,S,2,1,1333408,119.4,1990,33,4.39,12.2
84176,Historical,2645989,0,0,S,0,0,543755,64.95,1991,49,0,23.99
84177,Historical,132299,0,0,S,4,1,307813,95.8,2007,34,17.11,63.49
84178,Historical,1463193,0,0,S,0,0,357723,39.95,2015,15,32.01,34.57
84179,Historical,56304,0,0,S,7,1,797194,53.89,2008,143,143.63,47.43
84180,Historical,705357,0,0,S,6,1,1504216,117.49,2004,52,143.63,80.67
84181,Historical,108088,0,0,S,7,1,2542926,20.74,2007,45,6.23,15.3
84182,Historical,1649448,0,0,S,2,1,100654,70,2014,27,55.56,51.7
84183,Historical,555285,0,0,S,0,0,724714,49.95,1995,42,0,11.94
84184,Historical,619944,1,1,S,0,0,28878,37.9,1969,36,18.76,109.25
84185,Historical,862527,1,1,S,6,1,292024,60.75,1986,29,18.76,107.42
84187,Historical,2404141,0,0,S,1,0,939382,50,1989,150,0,9.3
84188,Historical,525215,0,0,S,2,1,1399627,50.99,2008,29,6.83,34.99
84189,Historical,525214,0,0,S,3,1,886635,47.99,2008,27,4,18.92
84190,Historical,867634,0,0,S,2,1,112860,66.99,2013,25,51.16,32.27
84191,Historical,861063,0,0,S,2,1,764283,56.99,2012,20,0,0
84192,Historical,646960,0,0,S,0,0,22054,74.99,2013,42,32.98,13.94
84193,Historical,1936233,0,0,S,2,1,59208,61.99,2015,20,43.89,39.22
84194,Historical,1576272,0,0,S,2,1,518037,52.95,2010,20,0,33.98
84195,Historical,897248,0,0,S,3,1,791629,137.05,1981,21,132.17,120.35
84196,Historical,895235,0,0,S,4,1,370847,127.8,2003,18,0,0
84197,Historical,912654,0,0,S,1,0,201503,265.6,1972,30,145.45,73.49
84198,Historical,897989,0,0,S,2,1,3705344,115,1999,16,39.38,23.99
84199,Historical,3049931,0,0,S,2,1,337926,209.95,1998,30,76.29,35.48
84200,Historical,2104007,0,0,S,0,0,266785,39.95,2013,20,33.94,39.95
84202,Historical,525207,0,0,S,4,1,1219692,76.95,2011,34,18.68,31.93
84203,Historical,177707,0,0,S,3,1,2581136,76.95,2002,25,18.68,13.98
84204,Historical,701410,0,0,S,2,1,552628,130,2008,24,35.38,32.78
84205,Historical,656187,0,0,S,1,0,470990,77.95,2013,13,0,43.77
84206,Historical,607833,0,0,S,6,1,825627,118,1998,35,82.07,33.94
84207,Historical,606712,0,0,S,3,1,2364439,125,1997,20,97.05,66.43
84208,Historical,2330607,0,0,S,2,1,3419590,68,1990,26,97.05,46.03
84210,Historical,542225,0,0,S,4,1,205448,121.95,2005,30,24.13,53.98
84211,Historical,2697849,0,0,S,2,1,736786,65.95,2000,21,25,132.81
84212,Historical,578330,0,0,S,3,1,336949,148.2,1998,26,0,74.4
84213,Historical,864794,0,0,S,10,1,12620,75,2014,143,39.14,42.93
84214,Historical,1553485,0,0,S,4,1,725958,43.95,2012,25,39.42,34.82
84215,Historical,879717,0,0,S,2,1,146860,69.5,2012,18,61.97,38.98
84217,Historical,61063,0,0,S,5,1,3992085,94.95,2001,29,29.97,11.49
84218,Historical,2592047,0,0,S,0,0,42941,69.99,1983,58,0,35.99
84221,Historical,248433,0,0,S,6,1,90341,163.95,2007,57,39.83,39.48
84222,Historical,1682819,0,0,S,0,0,458850,129.99,2011,4,0,24.02
84223,Historical,260793,0,0,S,2,1,3350803,49.95,2000,61,0,6.96
84225,Historical,439838,0,0,S,7,1,1502301,5.74,2009,58,103.99,6.14
84226,Historical,880037,0,0,S,6,1,2256936,93.5,2005,74,111.63,6.24
84227,Historical,541251,0,0,S,9,1,70377,28.98,2012,90,11.75,12.98
84228,Historical,898833,0,0,S,4,1,938359,41,2014,40,33.96,34.5
84229,Historical,751477,0,0,S,12,1,2664514,223.95,2011,19,120.35,156.46
84230,Historical,614295,0,0,S,5,1,44302,25.99,2012,78,0,0
84231,Historical,2163940,0,0,S,5,1,443763,130.97,2013,20,0,79.45
84232,Historical,623726,0,0,S,0,0,92291,49.95,1989,21,0,28.45
84233,Historical,123830,0,0,S,3,1,989255,226.95,1998,35,18.05,75.44
84234,Historical,582862,0,0,S,2,1,170495,43.95,2002,32,33.24,12.98
84235,Historical,582863,0,0,S,2,1,1021384,43.95,2003,44,48.94,8.99
84236,Historical,609403,1,1,S,2,1,557881,43.95,2003,44,49.55,7.5
84237,Historical,616045,0,0,S,3,1,479939,159.6,2007,53,20.14,33.65
84241,Historical,290224,0,0,S,2,1,465709,60.95,2009,59,12.77,46.61
84242,Historical,2134257,0,0,S,2,1,425503,44.99,2012,14,0,40.49
84243,Historical,543874,0,0,S,2,1,11329,50,2011,61,30.92,30.94
84244,Historical,623816,0,0,S,1,0,518356,89.95,2012,62,66.99,18.98
84245,Historical,644785,0,0,S,2,1,1003890,59.95,2011,30,40.43,34.53
84246,Historical,181849,0,0,S,2,1,770723,49.99,2004,105,4,17.74
84247,Historical,652345,0,0,S,2,1,184980,44.99,2013,61,18.56,18.98
84248,Historical,1781256,0,0,S,1,0,97171,75,2014,10,0,45.84
84249,Historical,1780830,0,0,S,1,0,2455,58,2014,9,0,31.91
84250,Historical,57298,0,0,S,3,1,3523280,73.2,2006,32,56.83,8.99
84252,Historical,557289,0,0,S,2,1,770785,63.6,2005,54,6.85,14.35
84253,Historical,235131,0,0,S,3,1,991949,73.1,2007,22,22.24,40.94
84254,Historical,762320,1,1,S,2,1,1321978,50.99,2007,36,5.21,34.69
84255,Historical,167312,1,1,S,2,1,103266,17.45,2006,113,5.21,13.98
84256,Historical,909156,0,0,S,2,1,1037400,33.4,2000,29,0,42.48
84258,Historical,664211,0,0,S,2,1,81488,70.95,2013,37,55.31,49.03
84259,Historical,167194,0,0,S,3,1,1642605,115.95,2007,29,83.99,84.22
84260,Historical,202208,0,0,S,2,1,1288946,59.95,2000,24,103.43,61.96
84261,Historical,609485,1,1,S,3,1,1726317,106.95,2004,33,103.43,11.14
84262,Historical,673972,0,0,S,4,1,51094,29.95,2010,174,17.45,10.4
84263,Historical,663826,1,2,S,0,0,497650,112,2013,47,114.68,122.49
84264,Historical,1871391,0,0,S,9,1,1050929,58,2011,25,13.49,28.99
84265,Historical,614519,1,1,S,1,0,281629,62.2,2009,48,0,0
84266,Historical,628692,0,0,S,2,1,831313,49.99,2010,25,0,34.15
84267,Historical,915411,0,0,S,3,1,528429,39.05,2010,15,0,18.99
84268,Historical,582570,0,0,S,4,1,886510,259.95,1997,38,0,35.05
84269,Historical,57570,1,1,S,3,1,1100269,199.95,1992,29,94.49,9.48
84270,Historical,3089427,0,0,S,2,1,868834,60,2005,15,40.39,60
84271,Historical,525193,1,4,S,7,1,199453,94.95,2011,38,63.72,77.98
84272,Historical,270753,1,1,S,4,1,81067,88,2009,30,53.6,72.43
84273,Historical,555979,0,0,S,0,0,580703,50,1999,23,0,37.2
84275,Historical,621919,0,0,S,2,1,88450,42.5,2012,39,19.16,26.98
84276,Historical,2095801,0,0,S,2,1,17723,44.99,2014,25,27.99,28.19
84277,Historical,921140,0,0,S,4,1,122785,152.95,2006,75,15.99,112.83
84278,Historical,111892,1,4,S,8,1,17220,161.25,2010,93,57.2,77.49
84279,Historical,614789,0,0,S,0,0,72110,39.95,2004,102,19.27,18.51
84280,Historical,624358,0,0,S,3,1,12586,39.95,2009,84,19.27,24.97
84281,Historical,789390,0,0,S,9,1,1780517,289,2004,15,105.84,63.98
84282,Historical,1519847,0,0,S,25,1,1212644,142.95,2007,17,6.24,142.41
84283,Historical,704296,0,0,S,2,1,2414493,26.35,2003,21,125.74,17.02
84285,Historical,635451,0,0,S,2,1,603178,40,1994,20,20.93,35.28
84286,Historical,539992,0,0,S,3,1,103555,90.2,2012,49,34.4,39.99
84287,Historical,525183,0,0,S,3,1,111802,90.2,2012,41,47.93,73.36
84288,Historical,650404,0,0,S,4,1,730459,77.8,2013,23,64.84,62.83
84289,Historical,607037,0,0,S,7,1,465834,132.74,2006,31,87.96,69.61
84290,Historical,52667,1,3,S,5,1,772846,233.95,2003,60,132.54,115.01
84291,Historical,292229,0,0,S,5,1,657686,194.95,2007,21,0,35.87
84292,Historical,155132,0,0,S,3,1,4663540,42.36,1997,22,136.41,49.59
84293,Historical,52048,0,0,S,2,1,1660319,81.95,2001,38,114.09,57.98
84294,Historical,608768,0,0,S,5,1,1079353,90.95,2004,24,43.25,21.92
84295,Historical,52674,0,0,S,3,1,2640986,116.95,2004,40,65.74,18.73
84296,Historical,527297,0,0,S,10,1,219193,137.95,2012,53,42.98,65.22
84297,Historical,544359,0,0,S,7,1,845999,272.95,2013,32,61.18,126.15
84298,Historical,872467,0,0,S,5,1,3471990,64.75,1999,33,87.96,8.42
84299,Historical,569809,0,0,S,2,1,1024485,55.95,2004,25,14.44,23.99
84300,Historical,111340,0,0,S,8,1,251724,136.5,2010,48,69.22,77.49
84301,Historical,765578,0,0,S,5,1,1599600,101.95,2002,54,103.48,11.57
84302,Historical,569807,0,0,S,2,1,190607,216.95,2004,34,4.77,46.74
84303,Historical,110538,0,0,S,14,1,1171398,58.49,2006,35,5.47,40.68
84304,Historical,291633,0,0,S,2,1,411371,45.95,2004,18,4.77,43.99
84305,Historical,52049,0,0,S,3,1,831962,92.95,2004,23,78.99,19.97
84306,Historical,154374,0,0,S,14,1,1005790,78,2002,53,5.45,28.99
84307,Historical,563709,0,0,S,3,1,12991,80.75,2011,71,40.48,61.04
84308,Historical,613337,0,0,S,15,1,1645464,90.99,2005,42,33.92,45.51
84309,Historical,563710,1,2,S,3,1,23832,80.75,2011,80,33.92,20.69
84310,Historical,650581,1,3,S,18,1,54827,212,2013,57,64.72,69.06
84311,Historical,748021,0,0,S,13,1,2225936,69.6,1998,43,5.45,50.51
84312,Historical,55612,0,0,S,15,1,2170630,87.5,2005,44,73.5,15.93
84313,Historical,621004,0,0,S,18,1,21804,126.5,2013,58,59.95,80.28
84314,Historical,664419,0,0,S,18,1,105886,107,2013,49,78.49,101.75
84315,Historical,663930,0,0,S,18,1,18044,107,2013,44,41.99,58.52
84316,Historical,704259,0,0,S,8,1,750496,78.47,2002,31,70.49,63.94
84317,Historical,111092,1,1,S,10,1,86561,147.8,2009,55,43.94,110.8
84318,Historical,103977,0,0,S,7,1,3065934,15.97,1998,27,70.49,40.86
84319,Historical,665582,0,0,S,9,1,105897,46.95,2010,24,35.89,45.57
84320,Historical,636631,0,0,S,2,1,980293,66.67,1997,36,35.89,39.58
84321,Historical,562851,0,0,S,8,1,67360,34.95,2007,131,4.39,11.49
84322,Historical,53344,0,0,S,6,1,421935,147.2,2009,42,17.99,33.94
84323,Historical,286059,0,0,S,4,1,2472159,73.6,2004,42,17.99,7.99
84324,Historical,118096,1,1,S,9,1,1901319,102.6,2006,6,76.36,59.9
84325,Historical,111522,0,0,S,7,1,215248,42.99,2010,10,88.94,42.99
84326,Historical,416298,0,0,S,5,1,783707,116.75,2003,48,88.94,15.88
84327,Historical,859084,0,0,S,2,1,868006,243.95,2003,35,6.87,68.97
84328,Historical,58242,1,4,S,2,1,22713,72.95,2007,94,28.63,34.73
84330,Historical,142209,0,0,S,1,0,81556,102.25,2009,60,0,61.96
84331,Historical,617213,0,0,S,5,1,727016,198.95,1994,51,6.68,42.43
84332,Historical,108039,0,0,S,5,1,47052,155.75,2005,64,42.16,77.93
84333,Historical,641666,0,0,S,10,1,1360415,45,2006,14,0,63.94
84334,Historical,1826894,0,0,S,31,1,1362382,199.95,2013,10,53.79,33.99
84335,Historical,525174,0,0,S,2,1,70919,59.95,2012,67,37.89,48.04
84336,Historical,175124,0,0,S,2,1,58559,89.99,2010,52,54.41,90.33
84337,Historical,628239,0,0,S,2,1,2448974,68.95,1993,46,82.27,20.56
84339,Historical,553046,0,0,S,2,1,73999,37.32,2011,33,9.8,19.99
84341,Historical,2620418,0,0,S,2,1,569651,154.95,2000,52,10.98,73.97
84342,Historical,3066998,0,0,S,0,0,14676,14.99,2005,19,43.84,10.81
84343,Historical,1889956,0,0,S,1,0,80005,41.95,2012,14,0,38.76
84344,Historical,867231,0,0,S,3,1,88132,36.25,2014,25,24.96,31.21
84345,Historical,106028,0,0,S,1,0,68674,19.95,2003,60,13.53,7.74
84346,Historical,2331740,0,0,S,6,1,1229243,45,1992,92,4,15.74
84347,Historical,121349,0,0,S,2,1,531542,10.2,2008,45,6.61,8.32
84348,Historical,129472,0,0,S,2,1,67435,21.95,2011,38,16.22,14.2
84349,Historical,674270,0,0,S,1,0,131299,29.95,2003,281,16.49,7.4
84351,Historical,214328,0,0,S,0,0,772602,25.95,2006,31,20.52,5.99
84352,Historical,132640,1,1,S,3,1,41543,79.2,2009,34,43.92,53.99
84354,Historical,247775,0,0,S,2,1,809921,43.95,2006,51,0,13.93
84355,Historical,621492,0,0,S,2,1,233472,47.25,1999,43,8.49,38.99
84356,Historical,880660,0,0,S,2,1,246059,48.99,2012,78,105.73,38.99
84357,Historical,630052,0,0,S,2,1,584584,42.95,2010,39,0,30.68
84358,Historical,564760,0,0,S,2,1,261004,52.95,2009,29,45,39.39
84359,Historical,1552724,0,0,S,3,1,530845,47.95,2013,46,35.82,34.08
84360,Historical,1550489,0,0,S,2,1,1419068,40.95,2011,27,0,33.23
84361,Historical,557650,0,0,S,2,1,18551,33.4,2012,70,26.31,28.07
84362,Historical,619007,0,0,S,2,1,740459,41.26,2006,70,0,31.9
84363,Historical,131022,1,1,S,3,1,29659,62.2,2011,44,31.6,33.99
84364,Historical,121242,0,0,S,3,1,22056,48,2011,71,25.98,33.65
84365,Historical,228758,0,0,S,4,1,230577,48.95,2011,26,0,0
84366,Historical,126773,0,0,S,2,1,379069,59.95,2005,22,39.51,49.43
84367,Historical,672714,0,0,S,2,1,29672,16.95,2003,467,0,0
84368,Historical,545596,0,0,S,3,1,2755,12.99,2012,63,8.48,8.86
84369,Historical,198645,0,0,S,4,1,68,14.95,2008,1426,0,7.24
84370,Historical,871090,1,1,S,4,1,23131,24.95,2008,102,0,17.56
84371,Historical,621983,0,0,S,5,1,239275,104,2009,17,55.72,54.46
84372,Historical,908067,0,0,S,2,1,582817,117,2004,57,20.62,21.85
84373,Historical,104542,0,0,S,2,1,1331607,29.95,1998,66,17.24,8.64
84374,Historical,525167,0,0,S,4,1,84791,48,2011,25,17.24,27.45
84375,Historical,151640,1,1,S,0,0,35712,22,2005,158,4.33,10.97
84376,Historical,2028136,0,0,S,2,1,1056823,100,2009,11,0,81.64
84377,Historical,1739203,0,0,S,6,1,78137,14.95,2010,22,0,13.99
84378,Historical,525165,0,0,S,5,1,426820,79.95,2009,40,20.14,28.99
84379,Historical,610335,0,0,S,6,1,53698,82.95,2013,58,34.99,54.44
84380,Historical,2679436,0,0,S,7,1,4756149,65,1992,23,71.78,28.99
84381,Historical,2507324,0,0,S,1,0,312702,70.61,1978,24,0,62.18
84382,Historical,103402,0,0,S,7,1,4440,21.99,2011,109,12.74,12.47
84384,Historical,609350,0,0,S,3,1,289781,45.95,2007,36,23.72,23.99
84386,Historical,723141,0,0,S,1,0,896648,41.95,2008,9,0,36.97
84387,Historical,646535,0,0,S,2,1,235179,42.95,2007,26,42.12,44.66
84388,Historical,635321,0,0,S,2,1,365615,72,2004,29,14.09,65.85
84389,Historical,415872,0,0,S,1,0,13220,45,2008,165,0,9.98
84391,Historical,404666,0,0,S,0,0,184971,60.63,2008,21,0,47.59
84392,Historical,888966,0,0,S,0,0,345021,45,2013,6,57.98,44.98
84394,Historical,642239,0,0,S,1,0,283180,45,2012,14,0,37.9
84395,Historical,235551,0,0,S,2,1,352225,32.95,2005,58,8.96,8.45
84396,Historical,52330,0,0,S,5,1,1364052,52.95,1999,43,94.82,14.94
84397,Historical,525161,0,0,S,3,1,9565,21.99,2010,78,0,13.68
84398,Historical,162624,0,0,S,2,1,350760,24.95,2008,83,5.36,8.26
84399,Historical,917627,0,0,S,2,1,1386602,24.95,1996,41,33.09,8.02
84400,Historical,658162,0,0,S,4,1,428778,70,2012,51,19.67,60.17
84402,Historical,624005,0,0,S,0,0,109192,43.95,1997,15,0,35.96
84403,Historical,564617,0,0,S,2,1,1000079,38.95,2004,23,31.94,32.16
84405,Historical,868784,0,0,S,5,1,41831,50.75,2015,23,43.2,37.98
84406,Historical,289825,0,0,S,2,1,473959,39.95,2008,54,21.18,33.94
84407,Historical,126765,0,0,S,1,0,39653,49.95,2005,23,0,44.6
84408,Historical,141821,0,0,S,3,1,19806,53.99,2007,45,30.47,42.12
84409,Historical,432364,0,0,S,3,1,19706,52.46,2007,64,23.68,48.46
84410,Historical,1581611,0,0,S,1,0,276609,39.99,2010,26,12.34,29.76
84411,Historical,538803,0,0,S,7,1,41547,111.25,2013,45,47.8,75.6
84412,Historical,872569,0,0,S,3,1,1623659,40.5,1998,36,47.8,28.92
84413,Historical,1671374,0,0,S,2,1,1325619,140.95,2008,20,30.3,48.99
84414,Historical,295161,0,0,S,0,0,481656,31.95,2005,30,35.18,11.41
84415,Historical,129407,0,0,S,1,0,742000,36.95,2010,50,17.82,16.33
84416,Historical,129428,0,0,S,2,1,43972,44.95,2011,38,26.98,41.8
84417,Historical,346152,0,0,S,10,1,505251,125.95,2007,39,45.9,49.93
84418,Historical,525157,0,0,S,11,1,69223,126.95,2010,51,45.9,96.44
84419,Historical,864940,0,0,S,2,1,136154,158.95,2014,34,96.57,98.99
84420,Historical,635097,0,0,S,2,1,419024,69.95,2009,20,49.26,52.95
84421,Historical,902378,0,0,S,2,1,567829,34,2014,15,27.72,30.27
84422,Historical,198132,0,0,S,4,1,76867,80.8,2010,58,22.98,53.99
84423,Historical,56841,0,0,S,3,1,1713490,9.6,2004,107,11.93,8.93
84424,Historical,2300605,0,0,S,7,1,1820791,161.63,2003,14,33.89,72.61
84425,Historical,802352,0,0,S,8,1,1353819,134.95,2006,32,4,46.73
84426,Historical,144749,0,0,S,1,0,141805,54.99,2004,51,0,13.4
84427,Historical,204553,0,0,S,0,0,193649,21.5,2003,154,2.99,13.74
84429,Historical,645063,0,0,S,2,1,453393,65,2012,35,21.49,60.45
84430,Historical,778795,0,0,S,6,1,249379,95.95,2012,22,0,0
84431,Historical,914267,0,0,S,5,1,30836,25,2014,26,19.73,20.91
84432,Historical,778566,0,0,S,3,1,761840,34.95,2007,44,24.82,20
84435,Historical,366737,0,0,S,2,1,1240176,257.95,2002,19,93.35,50.47
84437,Historical,1612139,0,0,S,0,0,569155,39.95,2013,26,26.98,26.89
84438,Historical,3634782,0,0,S,2,1,157920,75,2016,7,0,57.12
84439,Historical,663282,0,0,S,1,0,770645,56.95,2014,15,46.53,47.61
84440,Historical,1781328,0,0,S,6,1,1688908,75,2015,12,0,52.96
84441,Historical,162996,0,0,S,8,1,1113523,55,2010,47,0,5.44
84442,Historical,535797,0,0,S,10,1,729323,65,2012,97,0,9.4
84443,Historical,162993,0,0,S,8,1,1085136,55,2010,43,4,13.93
84444,Historical,163455,0,0,S,9,1,717937,65,2011,58,4,25.49
84445,Historical,1781349,0,0,S,14,1,640219,65,2015,9,53.51,43.91
84446,Historical,751811,0,0,S,7,1,1605308,55,2009,34,0,8.98
84447,Historical,290275,0,0,S,9,1,510341,65,2011,55,68.31,25.99
84448,Historical,1780383,0,0,S,9,1,1396675,40,2013,22,0,23.99
84449,Historical,3230816,0,0,S,3,1,37125,59.5,2009,0,0,28.44
84450,Historical,3230814,0,0,S,3,1,50825,59.5,2009,0,0,28.44
84451,Historical,3230815,0,0,S,3,1,29345,59.5,2009,0,0,28.44
84452,Historical,750809,0,0,S,35,1,3221151,59.95,2008,21,0,53.35
84453,Historical,1780880,0,0,S,10,1,981472,40,2014,15,0,32.22
84454,Historical,658234,0,0,S,8,1,1188343,40,2012,23,0,0
84455,Historical,658034,0,0,S,11,1,738082,65,2013,44,0,28.44
84456,Historical,1780380,0,0,S,9,1,1155549,40,2013,27,0,5.48
84457,Historical,1780874,0,0,S,13,1,681606,65,2014,23,0,52.2
84458,Historical,1780879,0,0,S,10,1,1104869,40,2014,12,0,39.5
84460,Historical,895045,0,0,S,12,1,308129,65,2014,14,0,0
84461,Historical,339913,0,0,S,9,1,1536557,110,2011,31,9.81,33.29
84462,Historical,663283,0,0,S,12,1,173533,135,2014,65,27.03,84.96
84463,Historical,1781248,0,0,S,1,0,351046,75,2015,10,0,57.49
84464,Historical,543969,0,0,S,10,1,1379739,130,2013,28,10.69,37.49
84465,Historical,162997,0,0,S,8,1,2175259,130,2011,22,10.69,12.65
84466,Historical,544020,0,0,S,0,0,1135668,95,2013,17,75.98,71.25
84467,Historical,541960,0,0,S,1,0,256530,86.95,2006,36,0,32.67
84468,Historical,752750,0,0,S,8,1,3041311,93,2010,29,16.79,47.49
84469,Historical,612620,0,0,S,2,1,1547629,79.95,2013,26,0,106.43
84470,Historical,1780596,0,0,S,3,1,1073921,79.95,2014,11,0,54.37
84472,Historical,167016,0,0,S,1,0,744677,10.98,2007,117,13.46,10.94
84473,Historical,541004,0,0,S,7,1,107615,86.95,2013,51,29.57,59.05
84474,Historical,586340,0,0,S,0,0,52854,45,1988,19,0,28.11
84475,Historical,415933,0,0,S,2,1,245881,105,2012,34,0,12.74
84476,Historical,647402,0,0,S,6,1,3929169,179,2000,21,22.35,35.98
84477,Historical,631463,0,0,S,8,1,908158,93,2011,24,0,0
84478,Historical,642101,0,0,S,23,1,1008196,77,2012,35,0,0
84479,Historical,224583,0,0,S,21,1,1672381,139,2001,29,47.86,48.02
84480,Historical,1437144,0,0,S,24,1,240413,96,2014,18,47.84,73.98
84481,Historical,1779223,0,0,S,12,1,1207715,59,2014,10,48.45,35.92
84482,Historical,896814,1,1,S,1,0,30599,49.99,2011,18,26.33,35.39
84483,Historical,2470985,0,0,S,2,1,1246286,27,1994,27,37.42,17.98
84484,Historical,539371,0,0,S,4,1,67639,175.8,2013,61,39.28,116.83
84485,Historical,609115,0,0,S,5,1,1165758,226.95,2001,48,0,36
84486,Historical,892933,0,0,S,6,1,54637,50.95,2015,37,46.24,32.98
84487,Historical,142922,0,0,S,3,1,1424718,85,2004,15,6.99,58.94
84488,Historical,897037,0,0,S,4,1,474048,45,2014,10,30.2,33.98
84489,Historical,161473,0,0,S,2,1,146748,113,2010,47,55.98,67.94
84490,Historical,109741,0,0,S,2,1,2267980,10.23,2005,31,77.39,6
84492,Historical,634903,0,0,S,1,0,218329,59.99,2011,42,14.38,33.14
84493,Historical,620793,0,0,S,1,0,159576,49.99,2009,102,14.38,17.59
84494,Historical,620738,0,0,S,4,1,772037,39.99,2012,42,0,0
84495,Historical,866762,0,0,S,4,1,70909,69.95,2014,52,44.61,37.61
84496,Historical,614601,0,0,S,1,0,150245,59.99,2003,51,5.52,18.99
84497,Historical,619836,0,0,S,2,1,832149,69.99,2006,43,5.52,19.84
84499,Historical,542267,0,0,S,1,0,1028941,73.95,2011,40,6.97,15.86
84500,Historical,1633866,0,0,S,1,0,208229,59.99,2014,18,0,36.39
84501,Historical,664292,0,0,S,3,1,19946,59.99,2013,33,26.48,36.84
84502,Historical,525118,0,0,S,2,1,287131,59.99,2011,33,25.89,38.2
84504,Historical,542422,0,0,S,1,0,80810,59.99,2012,17,40.89,47.48
84505,Historical,753297,0,0,S,2,1,180252,49.99,2010,18,0,8.5
84506,Historical,631560,0,0,S,4,1,361154,74.99,2010,30,50.98,73.79
84507,Historical,609706,0,0,S,4,1,933513,59.99,1999,31,11.82,35
84508,Historical,608940,0,0,S,5,1,514300,69.99,2007,24,11.82,77.29
84510,Historical,923181,0,0,S,4,1,365585,21.99,2006,125,0,0
84511,Historical,106656,0,0,S,5,1,862593,29.95,2009,41,15.85,10.71
84512,Historical,924421,0,0,S,6,1,6725,58.95,2015,31,43.98,38.4
84513,Historical,313108,1,1,S,2,1,44552,130,2002,41,39.96,56.45
84515,Historical,525107,0,0,S,2,1,1427105,61.95,2008,48,11.64,33.98
84516,Historical,1703754,0,0,S,0,0,232966,55,2011,38,20.8,24.49
84517,Historical,177429,0,0,S,5,1,941731,101.95,2001,28,4.67,58.55
84518,Historical,872064,0,0,S,2,1,1799038,23.58,1994,36,22.72,31.89
84519,Historical,291973,0,0,S,2,1,1075724,85.6,1995,54,22.72,18.99
84520,Historical,140992,0,0,S,6,1,254817,88.8,1999,54,28.67,58.94
84522,Historical,3474212,0,0,S,2,1,20593,49.99,2016,0,0,31.32
84524,Historical,1841300,0,0,S,2,1,644324,43.95,2009,12,33.34,31.24
84525,Historical,1927732,0,0,S,4,1,1555582,47.95,2012,22,31.46,36.02
84526,Historical,881700,0,0,S,0,0,496908,0,2013,13,9.97,35.48
84527,Historical,203402,0,0,S,6,1,702169,59.95,2002,36,73.82,10.94
84528,Historical,613567,0,0,S,0,0,699639,49.99,2009,22,0,24.91
84529,Historical,623429,0,0,S,2,1,1099304,134.95,2007,16,0,44.74
84530,Historical,550012,0,0,S,4,1,1154448,43.36,2003,45,0,36.97
84532,Historical,293787,0,0,S,2,1,118696,71,2002,61,8.97,44.01
84533,Historical,386463,0,0,S,4,1,65166,95,2010,38,48.99,73.77
84534,Historical,170002,0,0,S,3,1,288360,138.95,2010,36,70.71,68.97
84535,Historical,539917,0,0,S,3,1,173019,44.95,2013,44,34.74,42.46
84536,Historical,127547,0,0,S,2,1,216830,42.95,2009,31,34.74,10.94
84537,Historical,132737,0,0,S,3,1,701320,100.8,2008,43,5.97,48.94
84538,Historical,260111,0,0,S,3,1,184462,50,2004,55,9.01,29.89
84539,Historical,107431,1,1,S,2,1,194034,75.05,2001,33,0,33.2
84540,Historical,170335,0,0,S,4,1,58463,24.95,2007,84,17.88,14.51
84541,Historical,206451,0,0,S,4,1,439297,39.95,2003,44,17.04,24.43
84542,Historical,114056,0,0,S,4,1,102050,87.8,2000,39,19.99,78.11
84543,Historical,110470,0,0,S,5,1,8622,170.25,2011,69,68.94,78.99
84544,Historical,197867,0,0,S,5,1,619889,89.49,2007,33,0,0
84545,Historical,624413,0,0,S,2,1,816624,117.6,2007,36,17.92,27.94
84546,Historical,2649327,0,0,S,1,0,1701661,71.95,2003,30,0,47.92
84547,Historical,127418,0,0,S,1,0,560031,34.95,2010,21,0,34.6
84548,Historical,202480,0,0,S,5,1,443139,67.77,2003,64,18.99,48.47
84549,Historical,123981,0,0,S,4,1,890000,135.95,2004,34,18.49,48.48
84550,Historical,125714,0,0,S,0,0,203518,76.95,1995,28,0,43.94
84551,Historical,131959,0,0,S,2,1,492642,118.6,2005,38,37.91,10.66
84552,Historical,181398,0,0,S,3,1,658697,54.99,2004,18,0,0
84553,Historical,131093,0,0,S,4,1,1455122,55,1998,33,63.52,13.97
84554,Historical,132062,1,1,S,6,1,40651,151.6,2012,59,63.52,83.87
84555,Historical,133134,0,0,S,5,1,334492,99.8,2010,36,39.61,154.91
84556,Historical,639715,0,0,S,2,1,434817,69,2013,32,28.99,48.99
84557,Historical,764667,0,0,S,2,1,1079604,140.95,2001,33,0,0
84558,Historical,607587,1,2,S,6,1,846328,57.95,2003,138,55.21,13.89
84559,Historical,1471221,0,0,S,8,1,1524258,49.95,2015,25,51.6,49.95
84560,Historical,655339,0,0,S,3,1,21103,50,2012,19,0,0
84561,Historical,476887,0,0,S,5,1,183215,101.55,2008,33,72.99,106.63
84562,Historical,525099,0,0,S,4,1,24023,88.8,2012,25,41.49,73.98
84563,Historical,2271284,0,0,S,5,1,1122652,131.17,2009,14,0,113.39
84564,Historical,157542,0,0,S,2,1,136227,43.95,2010,26,32.83,29.94
84565,Historical,536941,0,0,S,3,1,36608,130.95,2012,45,75.98,74.02
84566,Historical,864813,1,1,S,4,1,45794,93.95,2014,54,55.5,53.99
84567,Historical,51617,0,0,S,2,1,333588,10,2003,75,115.95,13.57
84568,Historical,1848695,0,0,S,2,1,1484958,45.99,2010,14,140.79,39.15
84569,Historical,2505248,0,0,S,1,0,451418,47,1989,177,0,12.77
84570,Historical,147679,0,0,S,8,1,109412,62.95,2011,79,23.73,43.31
84571,Historical,2262827,0,0,S,7,1,1081835,36.93,2007,40,66.11,26.59
84572,Historical,52675,0,0,S,7,1,2300959,87.95,2003,102,82.45,10.73
84573,Historical,868257,0,0,S,10,1,40074,38.95,2014,26,30.65,35
84574,Historical,1779169,0,0,S,4,1,541026,39.99,2013,15,0,24.87
84575,Historical,1688615,0,0,S,1,0,115539,39.99,2010,38,25.86,20.97
84576,Historical,577482,0,0,S,2,1,111121,52.99,1999,25,0,0
84577,Historical,683984,0,0,S,2,1,433096,22.65,2007,27,22.98,18.66
84578,Historical,628633,0,0,S,5,1,40312,44.2,2011,31,37.96,27.93
84579,Historical,865599,0,0,S,2,1,71220,45,2013,42,27.89,26.93
84580,Historical,536636,0,0,S,5,1,9828,14.99,2012,122,8.18,9.07
84581,Historical,865255,0,0,S,3,1,433638,34.99,2013,19,13.86,22.25
84582,Historical,895058,0,0,S,3,1,311962,45,2015,16,27.29,11.67
84583,Historical,632044,0,0,S,2,1,108217,34.99,2013,32,11.86,9.96
84584,Historical,756222,0,0,S,2,1,906299,49.99,2011,28,4.72,5.98
84585,Historical,920623,0,0,S,4,1,856604,24.99,2011,48,0,0
84586,Historical,865396,0,0,S,6,1,92926,24.99,2014,38,10.24,7.47
84587,Historical,864983,0,0,S,2,1,106549,29.99,2013,24,0,0
84588,Historical,864939,0,0,S,2,1,785657,52.95,2014,7,0,43.71
84589,Historical,126597,0,0,S,0,0,172140,80.95,2008,41,0,35.53
84590,Historical,2771190,0,0,S,2,1,176553,37,1993,69,16.91,22.99
84591,Historical,56698,0,0,S,2,1,507679,32,1999,148,53.05,6.01
84592,Historical,525093,0,0,S,2,1,11214,32.4,2008,79,24.17,20.93
84593,Historical,120352,0,0,S,2,1,23902,32.4,2009,32,114.22,20.93
84594,Historical,120852,0,0,S,2,1,63382,58,2011,29,30.05,36.48
84596,Historical,120351,0,0,S,2,1,20106,32.4,2008,23,0,0
84597,Historical,114687,0,0,S,1,0,1067418,146.4,2003,38,0,67.82
84598,Historical,828560,1,1,S,1,0,252252,56.5,1994,18,19.84,43.41
84599,Historical,1485677,0,0,S,2,1,1585428,85,2010,23,26.39,56.35
84600,Historical,704368,0,0,S,0,0,1987215,95.94,2004,50,78.9,7.29
84601,Historical,544985,0,0,S,2,1,394451,83,2011,56,51.69,55.72
84602,Historical,111671,0,0,S,9,1,19641,104,2011,58,25.11,22.98
84603,Historical,109948,0,0,S,8,1,187931,101.5,2008,50,25.11,58.33
84604,Historical,622083,0,0,S,2,1,387065,81.87,2002,17,0,0
84605,Historical,868599,0,0,S,4,1,33332,52.95,2015,18,31.77,37.89
84606,Historical,293157,0,0,S,2,1,1097760,63.95,2004,19,25.73,75.09
84607,Historical,540978,1,2,S,8,1,75495,105,2013,45,45.38,57.99
84608,Historical,525088,0,0,S,10,1,174177,52.95,2012,28,33.97,42.9
84609,Historical,595093,1,3,S,4,1,144867,37.95,2012,24,9.61,36
84610,Historical,918120,0,0,S,3,1,226976,33.95,2009,45,9.61,13.79
84612,Historical,117250,0,0,S,2,1,553486,100.67,2006,27,4.5,73.19
84613,Historical,591361,0,0,S,4,1,1091514,58.95,2005,51,22.61,26.92
84614,Historical,545248,0,0,S,5,1,78380,52.95,2010,24,22.61,42.93
84615,Historical,587619,1,2,S,4,1,723077,70.95,2012,20,0,0
84616,Historical,525065,0,0,S,2,1,1269124,87.95,2007,15,0,65.14
84617,Historical,147684,1,1,S,5,1,337920,52.95,2011,24,34.57,52.95
84618,Historical,553545,0,0,S,7,1,932260,40.8,2009,26,10.23,25.5
84620,Historical,1783289,0,0,S,5,1,182700,76.95,2013,22,10.98,60.11
84621,Historical,609475,0,0,S,2,1,1690908,93.95,2003,27,15.99,22.94
84622,Historical,624699,1,4,S,4,1,795550,82.95,2012,31,15.99,51.54
84623,Historical,525789,1,3,S,10,1,107628,42.95,2012,33,0,0
84624,Historical,495899,1,1,S,6,1,178592,45.95,2008,55,10.14,8.41
84625,Historical,121476,1,1,S,5,1,416778,153.8,1998,49,22.84,116.5
84626,Historical,147702,0,0,S,4,1,523046,44.95,2011,18,4.59,48.54
84627,Historical,495607,0,0,S,4,1,1043530,36.95,2008,86,0,6.42
84628,Historical,663298,0,0,S,4,1,754311,80.95,2013,54,0,7.91
84629,Historical,622058,0,0,S,2,1,101075,41.75,2004,21,0,47.64
84630,Historical,627920,0,0,S,4,1,911989,40.95,2012,62,26.95,7.79
84631,Historical,900474,0,0,S,5,1,322411,42.95,2014,27,26.95,31.52
84632,Historical,664749,1,1,S,1,0,1179915,49.95,2013,17,36.09,39.54
84633,Historical,525084,0,0,S,11,1,1141016,45.95,2009,106,11.37,8.87
84634,Historical,619359,0,0,S,4,1,302670,43.95,2010,13,0,0
84635,Historical,249833,0,0,S,6,1,533914,139.95,2007,69,9.15,41.76
84636,Historical,525083,0,0,S,2,1,762496,34.95,2010,37,25.38,18.98
84637,Historical,613861,0,0,S,4,1,1629273,95.95,2009,59,10.98,5.99
84638,Historical,525082,0,0,S,4,1,1223689,95.95,2009,55,15.71,20.96
84639,Historical,270796,0,0,S,3,1,636211,31.99,2011,33,0,30.6
84640,Historical,615111,0,0,S,7,1,689946,30.95,2009,72,21.95,28.99
84641,Historical,2255369,0,0,S,7,1,3421971,52.68,2009,45,31.12,41.43
84642,Historical,243854,1,10,S,7,1,316653,127.95,2011,95,9.15,21.68
84643,Historical,492142,0,0,S,7,1,15052,42.95,2012,34,10.14,30.3
84644,Historical,639471,0,0,S,4,1,1234062,68.95,2002,25,54.9,62.75
84645,Historical,867460,1,1,S,7,1,254101,66.95,2014,12,54.9,56.61
84646,Historical,147487,0,0,S,2,1,1572591,36.95,2006,15,0,45.99
84647,Historical,611481,1,3,S,5,1,196888,34.95,2013,36,29.99,22.99
84648,Historical,611997,0,0,S,9,1,110091,47.95,2013,29,33.99,17.43
84649,Historical,911764,1,1,S,11,1,237207,33.5,2013,24,0,27.51
84650,Historical,754234,0,0,S,2,1,167883,62,2010,24,0,40.54
84651,Historical,644889,0,0,S,4,1,1131318,58,2012,28,7.94,46.81
84652,Historical,545906,1,2,S,3,1,430649,42.95,2011,29,11.86,8.86
84653,Historical,592335,0,0,S,2,1,2035172,34.95,2008,65,11.86,5.99
84654,Historical,645192,0,0,S,2,1,546008,38.95,2012,23,9.98,26.66
84655,Historical,635653,0,0,S,5,1,246221,41.95,2012,23,0,38.99
84656,Historical,655041,1,2,S,10,1,19444,81.33,2013,36,38.25,66.64
84657,Historical,898627,0,0,S,7,1,67409,46.95,2013,14,30.63,34.32
84658,Historical,525072,0,0,S,8,1,101899,40.95,2011,20,45.69,45.46
84659,Historical,540968,1,1,S,3,1,515288,41.95,2012,21,34.97,31.06
84661,Historical,525076,0,0,S,11,1,1233021,87.95,2008,73,4,21.99
84662,Historical,525075,1,1,S,3,1,103048,55.95,2012,19,36,40.99
84663,Historical,861833,0,0,S,8,1,392023,61.95,2013,27,25.54,53.99
84664,Historical,913726,1,4,S,1,0,64348,41.95,2015,50,23.22,13.81
84665,Historical,923105,0,0,S,1,0,816630,34.95,2009,57,23.22,7.13
84666,Historical,861834,0,0,S,1,0,258259,39.95,2013,84,23.22,11.99
84667,Historical,614238,0,0,S,1,0,939273,35.95,2011,86,23.22,7.67
84668,Historical,545928,0,0,S,6,1,886246,46.95,2012,23,19.44,43.99
84669,Historical,609580,0,0,S,5,1,1230942,44.95,2009,27,19.44,11.21
84670,Historical,867227,1,1,S,6,1,383115,46.95,2014,30,19.44,39.99
84671,Historical,609154,0,0,S,8,1,669767,22.95,2002,16,14.03,28.99
84672,Historical,525792,0,0,S,10,1,68275,46.99,2011,36,14.03,23.89
84673,Historical,609201,0,0,S,9,1,408491,30.95,2007,41,14.03,24.81
84674,Historical,288843,0,0,S,7,1,152278,79.95,2011,40,56.39,61.08
84675,Historical,621380,1,2,S,6,1,79627,122.09,2008,58,24.46,144.95
84676,Historical,858494,0,0,S,12,1,64556,70.95,2014,64,13.33,42.63
84677,Historical,525063,0,0,S,11,1,360938,64.95,2012,106,13.33,13.38
84678,Historical,1574766,0,0,S,6,1,803739,101.95,2009,45,0,89.17
84679,Historical,117477,0,0,S,4,1,353869,93,2003,44,89.71,53.67
84680,Historical,867752,0,0,S,5,1,465976,95,2014,16,68.33,65.89
84681,Historical,115723,0,0,S,6,1,1243888,87.8,2003,25,4.23,28.99
84682,Historical,108222,0,0,S,7,1,1224358,98.95,2002,24,28.57,55.1
84683,Historical,525073,0,0,S,8,1,632367,103,2008,25,28.57,17.14
84684,Historical,609594,1,1,S,6,1,1464513,79.95,2007,81,26.77,7.78
84685,Historical,623815,1,3,S,7,1,91623,76.95,2012,95,26.77,32.83
84686,Historical,110364,1,1,S,2,1,25814,56.75,2011,92,13.23,27.99
84687,Historical,525071,0,0,S,6,1,413864,96.95,2012,67,65.55,65
84688,Historical,591324,0,0,S,1,0,668103,51.95,2008,34,0,0
84689,Historical,609468,0,0,S,6,1,724076,75.95,2003,41,25.54,36.99
84691,Historical,525069,1,1,S,5,1,410459,40.95,2012,60,45.69,8.92
84692,Historical,862422,1,3,S,4,1,296545,50.95,2014,48,8.43,25.99
84693,Historical,525068,0,0,S,3,1,746991,62.95,2009,32,8.43,17.91
84694,Historical,388332,0,0,S,2,1,594547,75.95,2010,34,0,52.83
84695,Historical,622725,0,0,S,7,1,522609,120.5,2007,37,40.67,61.05
84696,Historical,525048,1,1,S,5,1,324012,110.95,2012,62,66.15,96.07
84697,Historical,525064,0,0,S,1,0,673646,78.95,2008,49,4.02,9.58
84698,Historical,609640,0,0,S,5,1,847437,137.95,2010,23,5.35,53.34
84699,Historical,630013,0,0,S,2,1,136837,95.25,2010,42,70.84,77.32
84700,Historical,111388,0,0,S,3,1,1162123,97.25,2011,24,28.99,43.86
84701,Historical,111387,0,0,S,3,1,612204,97.25,2011,33,28.99,72.78
84702,Historical,544567,0,0,S,11,1,1050719,116.95,2013,15,62.99,49.95
84703,Historical,525061,0,0,S,10,1,1484111,120.95,2010,18,62.99,99.99
84704,Historical,525060,0,0,S,7,1,534921,141.95,2010,28,55.49,69.98
84705,Historical,795705,0,0,S,3,1,808488,126.95,2012,21,81.92,81.53
84706,Historical,1827193,0,0,S,3,1,1055668,131.95,2014,30,91.94,88.94
84707,Historical,525055,0,0,S,2,1,902212,122.95,2011,25,91.94,60.58
84708,Historical,285164,0,0,S,3,1,37675,117.25,2006,43,79.98,87.62
84709,Historical,525054,0,0,S,7,1,89902,97.25,2009,21,0,53.94
84710,Historical,607077,0,0,S,7,1,168386,97.25,2009,19,0,57.99
84711,Historical,525053,0,0,S,6,1,381518,69.99,2008,30,0,60.44
84712,Historical,111139,1,1,S,5,1,99838,153,2010,47,69.53,63.98
84713,Historical,1439596,1,2,S,4,1,351841,0,2009,31,42.3,82.37
84714,Historical,309751,0,0,S,3,1,159295,63.99,2009,28,8.49,74.09
84715,Historical,109645,0,0,S,2,1,1334108,0,2006,23,8.49,23.99
84716,Historical,705677,1,2,S,3,1,227561,153,2013,26,0,83.96
84717,Historical,649879,0,0,S,1,0,271451,88.53,2011,17,0,0
84718,Historical,109803,0,0,S,2,1,234869,153,2007,48,0,45.5
84719,Historical,637357,0,0,S,2,1,616683,112,2002,25,0,94.71
84720,Historical,623654,0,0,S,2,1,340323,119.25,2001,38,0,83.74
84721,Historical,111267,1,1,S,4,1,918741,123.13,2010,34,0,77.22
84722,Historical,285501,0,0,S,14,1,465080,116.75,2011,20,8.71,56.79
84723,Historical,109574,0,0,S,12,1,1952314,111.54,2007,22,8.71,39.06
84725,Historical,269315,0,0,S,2,1,163974,83,2008,44,28.92,60.87
84727,Historical,50657,0,0,S,3,1,2070512,71.96,2002,43,80.5,18.65
84728,Historical,630511,0,0,S,25,1,129474,59.95,2013,42,0,33.99
84729,Historical,544696,0,0,S,25,1,1089715,65.95,2013,18,58.7,18.99
84730,Historical,525042,0,0,S,11,1,641289,57.95,2011,27,0,32.99
84731,Historical,608688,0,0,S,8,1,697887,40.95,2005,24,0,34.29
84732,Historical,1519909,0,0,S,23,1,1411711,65.95,2008,48,55.69,5.03
84733,Historical,767017,0,0,S,11,1,1571131,78.95,2010,28,3.88,78.95
84734,Historical,525040,1,1,S,8,1,540242,109.75,2012,34,5.24,48.06
84735,Historical,111060,0,0,S,7,1,2368806,124.63,2010,20,5.24,72.91
84736,Historical,163371,0,0,S,10,1,1107654,56.98,2011,24,0,56.82
84737,Historical,544004,0,0,S,11,1,1106319,93.25,2013,16,0,68.76
84738,Historical,597216,1,1,S,2,1,90724,71.95,2001,45,43.88,59.95
84739,Historical,592459,0,0,S,1,0,1138467,111.95,2007,21,0,85.02
84740,Historical,660971,0,0,S,1,0,84064,54.95,2012,14,0,43.92
84741,Historical,268434,0,0,S,2,1,603165,33,2006,40,29.69,24.6
84742,Historical,887445,0,0,S,3,1,1226579,49.95,2015,6,42.93,39.12
84743,Historical,618917,0,0,S,9,1,439324,81.8,2012,49,28.25,63.64
84744,Historical,546759,0,0,S,3,1,165816,44,2011,16,0,0
84745,Historical,1539430,0,0,S,3,1,740519,44.95,2008,18,40.79,33.12
84746,Historical,621302,1,1,S,8,1,48859,68.75,2012,56,34.49,34.99
84747,Historical,639418,0,0,S,2,1,228612,65.95,2004,46,18.33,15.87
84748,Historical,53102,0,0,S,5,1,224210,114.4,2006,38,4,43.99
84749,Historical,1535843,0,0,S,1,0,26707,83.5,2014,42,0,36.99
84750,Historical,630496,0,0,S,6,1,89206,93,2013,39,54.45,84.03
84752,Historical,623590,0,0,S,3,1,164210,83.95,2006,32,4.96,62.08
84753,Historical,166384,0,0,S,2,1,90584,69.5,2004,14,0,60.43
84754,Historical,194208,0,0,S,3,1,69689,77,2011,41,41.22,39.97
84755,Historical,54346,0,0,S,2,1,497150,232.2,2009,46,20.48,36.98
84756,Historical,527449,0,0,S,2,1,463006,120.5,2004,43,0,23.95
84757,Historical,1575476,0,0,S,2,1,623321,40,2011,26,19.99,28.22
84758,Historical,2806010,0,0,S,1,0,1336473,30,2005,23,33.67,49
84759,Historical,2615503,0,0,S,2,1,932094,94.99,2005,50,13.54,43.99
84760,Historical,610197,1,2,S,7,1,3216,60,2013,37,23.98,28.71
84761,Historical,622320,0,0,S,5,1,1162596,162.8,2007,29,0,70.95
84762,Historical,637342,0,0,S,3,1,491964,93.96,2003,85,0,22.98
84763,Historical,109437,0,0,S,4,1,223062,62.66,2005,35,19.19,49.99
84764,Historical,154236,0,0,S,9,1,37976,131.25,1997,29,0,86.97
84765,Historical,109473,0,0,S,4,1,507777,67.43,2005,57,4.04,62.19
84766,Historical,144649,0,0,S,4,1,2874199,92.4,2003,34,73.5,12.48
84767,Historical,154237,1,1,S,9,1,289263,131.25,1997,52,0,80.9
84768,Historical,700027,0,0,S,3,1,331671,69.95,2001,18,40.62,101.78
84769,Historical,2287680,0,0,S,7,1,257338,0,2014,0,53.71,44.44
84770,Historical,2333796,0,0,S,3,1,1772212,49.95,1995,21,53.71,21.89
84772,Historical,713115,0,0,S,3,1,595036,94.5,2002,28,0,31.94
84773,Historical,713114,0,0,S,3,1,853685,95.03,2002,33,0,61.47
84774,Historical,163080,0,0,S,2,1,472002,96,2010,34,29.85,72.89
84775,Historical,112320,1,3,S,1,0,121497,160,2007,48,32.52,53.92
84776,Historical,916088,0,0,S,0,0,500660,116.84,2007,42,32.52,63.98
84777,Historical,1603477,0,0,S,1,0,1886031,56.75,2010,18,0,48.88
84778,Historical,768105,1,1,S,1,0,111243,68.05,2010,34,0,48.48
84779,Historical,615236,0,0,S,0,0,536566,81.47,2005,35,0,0
84780,Historical,615119,0,0,S,0,0,189708,91.75,2005,87,10.37,13.98
84782,Historical,613441,0,0,S,0,0,952157,120.4,2005,61,0,10.01
84784,Historical,767321,1,1,S,1,0,855394,92.55,2008,34,0,53.93
84785,Historical,767312,1,5,S,1,0,705344,82.85,2007,34,0,53.69
84786,Historical,849752,0,0,S,0,0,294790,121.44,1999,28,53.02,29.98
84787,Historical,608586,0,0,S,4,1,1152087,274.95,2003,42,81.99,24.99
84789,Historical,2393121,1,1,S,5,1,1729587,88,1990,59,4.37,7.5
84791,Historical,712541,0,0,S,0,0,1721747,119.95,2001,55,6.57,39.99
84792,Historical,1454037,0,0,S,0,0,1211132,350.64,2010,39,10.04,112.48
84793,Historical,564886,0,0,S,2,1,1533552,114.95,2012,31,7.24,12.93
84794,Historical,2653852,1,1,S,0,0,1515753,109.88,1992,41,0,50.85
84795,Historical,695779,1,2,S,0,0,164646,80.25,2008,64,0,33.98
84796,Historical,918782,1,3,S,1,0,435878,94.85,2008,76,33.79,58.04
84797,Historical,1624422,0,0,S,5,1,259879,105.36,2006,88,0,56.28
84798,Historical,112176,1,1,S,0,0,461725,113,2003,44,19.89,56.86
84800,Historical,708554,0,0,S,0,0,1696693,10,2006,10,0,9.99
84801,Historical,917789,0,0,S,1,0,90728,75.95,2010,56,53.02,43.99
84803,Historical,552284,0,0,S,0,0,111619,143.25,2005,123,9.41,55.02
84804,Historical,872635,0,0,S,0,0,808094,134.75,1999,72,9.41,45.96
84805,Historical,872536,0,0,S,0,0,592748,129.25,2001,46,9.41,19.99
84806,Historical,709891,1,1,S,3,1,1140083,134.75,2000,76,0,0
84808,Historical,557671,0,0,S,8,1,181498,91.8,2012,41,63.9,54.26
84810,Historical,557672,0,0,S,8,1,289353,71.8,2012,45,23.99,66.81
84811,Historical,218326,0,0,S,2,1,51847,30,2008,68,16.03,26.2
84813,Historical,872553,0,0,S,1,0,411415,91.65,2008,54,0,75.94
84815,Historical,243992,0,0,S,5,1,378077,82.95,2011,46,31.99,60.24
84816,Historical,547879,0,0,S,0,0,710252,179.75,1999,106,22.98,55.75
84817,Historical,551257,0,0,S,7,1,594402,166.25,2001,60,22.98,69.79
84818,Historical,514306,0,0,S,1,0,1167545,130.45,2005,36,13.99,43.98
84819,Historical,54345,0,0,S,0,0,857493,159.75,1999,74,7.93,46.96
84820,Historical,737897,0,0,S,1,0,883986,153.25,1997,52,7.93,17.83
84821,Historical,551258,1,1,S,2,1,1389449,142.5,2001,48,6.98,47.71
84822,Historical,451785,1,2,S,6,1,118317,209.95,2008,67,10.94,68.99
84823,Historical,564887,0,0,S,2,1,242019,68.95,2012,20,0,0
84824,Historical,111982,0,0,S,11,1,166189,58.5,2011,24,19.33,41.67
84825,Historical,243993,0,0,S,5,1,350072,82.95,2011,46,32.99,55.15
84826,Historical,111990,0,0,S,11,1,600105,79.75,2011,26,12.15,43.99
84827,Historical,569780,0,0,S,4,1,1625405,228.95,2003,40,123.98,34.03
84829,Historical,618915,0,0,S,1,0,94573,96.8,2012,40,0,65.17
84830,Historical,896927,0,0,S,2,1,187452,47.95,2010,31,31.61,23.99
84831,Historical,545114,0,0,S,2,1,642228,40.95,2010,33,21.24,40.95
84832,Historical,538930,0,0,S,2,1,411380,69.6,2003,57,11.26,71.46
84833,Historical,917843,0,0,S,1,0,1992289,70.24,2001,41,11.26,9.3
84834,Historical,583112,0,0,S,1,0,1146533,54.92,2001,45,11.26,30.21
84835,Historical,533423,1,22,S,3,1,38501,78.95,2012,75,43.5,67.27
84836,Historical,110623,0,0,S,2,1,30005,180,2011,51,46.99,98.57
84837,Historical,621730,0,0,S,3,1,13505,104.95,2012,65,43.5,63.99
84838,Historical,650685,0,0,S,3,1,240381,173,2012,31,43.5,73.97
84839,Historical,1554801,0,0,S,0,0,184815,76.95,2014,24,0,60.79
84840,Historical,225222,0,0,S,3,1,20536,78.25,2001,95,25.91,43.44
84841,Historical,52248,0,0,S,4,1,944492,106.2,2004,129,82.24,11.98
84843,Historical,169204,0,0,S,4,1,371117,260.95,2006,35,6.99,69.99
84844,Historical,113977,0,0,S,2,1,3473545,104.2,1999,25,73.71,8.97
84845,Historical,270884,0,0,S,2,1,362025,75,2009,29,57.98,61.11
84846,Historical,555570,0,0,S,1,0,1227060,41.95,2008,23,0,10.95
84847,Historical,546004,0,0,S,9,1,7857,75,2013,94,44.41,43.99
84848,Historical,559898,0,0,S,6,1,1292628,12.27,2001,103,44.41,8.23
84849,Historical,127350,1,1,S,2,1,328026,65.95,2008,55,38.94,58.59
84850,Historical,133197,1,2,S,7,1,34088,256.2,2010,87,46.57,73.95
84852,Historical,540122,0,0,S,3,1,949309,47.8,2013,13,52.62,23.99
84853,Historical,525023,0,0,S,2,1,332241,49.99,2010,23,0,31.96
84854,Historical,298129,0,0,S,1,0,59017,54.95,2010,27,0,40.99
84855,Historical,525021,0,0,S,10,1,183428,225.95,2012,53,49.99,166.47
84856,Historical,664398,0,0,S,6,1,95152,95.95,2013,27,56.94,46.83
84857,Historical,525020,0,0,S,8,1,171074,139.95,2010,39,23.97,68.11
84858,Historical,285934,0,0,S,8,1,1116915,110,2003,30,119.98,5.23
84859,Historical,530619,1,1,S,6,1,220940,291.95,2008,58,28,34.58
84860,Historical,1956386,0,0,S,2,1,3340128,68.94,2012,13,64.59,61.44
84861,Historical,60356,0,0,S,5,1,782552,308.95,2005,50,28,17.67
84862,Historical,51222,0,0,S,2,1,2185426,121.6,2004,47,57.81,10.49
84863,Historical,765214,0,0,S,3,1,4383613,89.95,1998,35,73.99,44.67
84864,Historical,141794,0,0,S,4,1,166565,66,2007,90,31.14,42.62
84865,Historical,543095,0,0,S,0,0,627741,34.99,2006,28,22.99,15.41
84866,Historical,259050,0,0,S,0,0,612750,34.95,2006,29,22.99,43.84
84867,Historical,61088,0,0,S,2,1,787555,69.95,2001,90,50.17,14.44
84868,Historical,636585,0,0,S,1,0,713191,54.95,2009,18,0,37.9
84869,Historical,618748,0,0,S,2,1,826243,112,2004,40,0,0
84870,Historical,872568,0,0,S,0,0,797191,21.95,2000,49,29.96,23.98
84873,Historical,619997,0,0,S,2,1,693312,121.2,1999,54,20.95,30.3
84874,Historical,901236,0,0,S,2,1,542820,49.95,2010,13,0,101.51
84875,Historical,1680262,0,0,S,0,0,266803,9.99,2013,119,221.05,4.53
84876,Historical,540367,0,0,S,0,0,4663,14.95,2007,554,221.05,7.87
84878,Historical,1745597,0,0,S,2,1,16999,39.95,2015,16,33.5,23.99
84879,Historical,55411,0,0,S,2,1,227223,106.2,2002,17,0,0
84880,Historical,595231,0,0,S,5,1,32237,72.25,2013,70,43.98,52.49
84881,Historical,595232,0,0,S,5,1,23367,72.25,2013,92,37.94,53.65
84882,Historical,765503,0,0,S,4,1,1688957,82.95,2001,17,32.93,34.98
84883,Historical,55407,1,1,S,3,1,13214,197.95,2009,87,35.23,80.88
84884,Historical,641982,0,0,S,4,1,33854,86.4,2013,69,45.94,60.84
84885,Historical,1535828,1,1,S,0,0,31870,97.25,2015,39,61.98,59.99
84886,Historical,1535826,1,10,S,0,0,77634,118.25,2015,60,61.98,70.99
84887,Historical,663204,1,1,S,4,1,74211,109.75,2013,42,54.5,76.98
84888,Historical,154052,0,0,S,3,1,622509,27.95,2010,56,53.19,51.15
84889,Historical,612378,1,4,S,4,1,21792,109.75,2013,49,53.19,47.99
84890,Historical,544894,0,0,S,2,1,213894,38.95,2010,58,20.93,27.48
84891,Historical,551665,0,0,S,3,1,231416,70.8,1999,40,0,53.99
84892,Historical,610038,1,1,S,6,1,439179,61.95,2012,33,54.33,52.72
84893,Historical,664686,0,0,S,2,1,455095,44.99,2013,13,30.27,30.23
84894,Historical,2043886,0,0,S,2,1,65566,45,2013,14,0,33.83
84895,Historical,525014,0,0,S,4,1,128102,126.99,2011,31,40.89,65.14
84896,Historical,875695,0,0,S,3,1,1769443,25.86,2011,18,69.68,44.98
84897,Historical,914045,0,0,S,2,1,2770748,39.95,2003,26,40.93,10.45
84898,Historical,635953,0,0,S,2,1,135909,50.99,2011,26,0,0
84899,Historical,1460570,0,0,S,0,0,299610,8.82,2013,17,8.22,10.34
84900,Historical,772594,1,1,S,1,0,615818,67.95,2011,52,0,28.99
84902,Historical,101229,0,0,S,2,1,1094980,52,1998,28,11.15,49.21
84903,Historical,2851496,0,0,S,2,1,595981,199.95,2005,18,53.19,53.98
84904,Historical,616397,0,0,S,0,0,557756,45.45,2005,59,17.12,8.97
84906,Historical,614026,0,0,S,8,1,92438,138.95,2004,75,5.16,68.99
84907,Historical,680690,0,0,S,1,0,458487,29.95,2006,36,25.78,5.88
84908,Historical,198472,0,0,S,2,1,895531,71.95,2003,31,28.44,56.6
84910,Historical,625712,0,0,S,1,0,1122505,98,2004,43,10.92,22.76
84911,Historical,112191,0,0,S,1,0,994923,98,2005,42,0,42.99
84912,Historical,2302765,0,0,S,2,1,1775753,104.6,1995,33,6.25,16.49
84913,Historical,2357637,0,0,S,1,0,347014,102.5,2004,32,6.25,22.69
84915,Historical,626639,0,0,S,5,1,371429,90.95,2013,28,22.32,66.35
84916,Historical,675337,0,0,S,0,0,654298,29.99,2012,153,13.99,4.66
84917,Historical,680071,0,0,S,3,1,431369,29.99,2013,130,13.99,6.55
84919,Historical,132368,0,0,S,8,1,116249,95,2007,46,40.99,66.64
84920,Historical,861106,0,0,S,3,1,547914,167.95,2012,39,72.96,62.57
84921,Historical,717577,0,0,S,2,1,6359763,63.95,2000,17,68.75,20.93
84922,Historical,867083,0,0,S,4,1,163655,142.8,2014,38,65.31,73.99
84923,Historical,300472,0,0,S,2,1,76520,29,2011,62,24.09,29.24
84924,Historical,298274,0,0,S,0,0,465514,44.95,2007,28,0,19.84
84925,Historical,115488,0,0,S,8,1,2577726,27.15,1995,54,23.99,17.81
84926,Historical,141909,0,0,S,2,1,815206,38.08,2008,47,4,35.75
84927,Historical,198015,1,1,S,9,1,117422,69.5,2009,35,18.27,59.99
84928,Historical,563645,0,0,S,3,1,53664,18.46,2012,26,0,0
84929,Historical,120963,0,0,S,4,1,215393,88,2008,40,46.76,76.99
84930,Historical,120935,1,1,S,3,1,73658,53.4,2007,38,12.14,26.2
84931,Historical,248296,0,0,S,3,1,393757,156.95,2004,71,4.76,35.47
84932,Historical,871137,1,1,S,2,1,16883,75,2014,147,38.01,52.78
84933,Historical,54575,0,0,S,3,1,1770095,36.73,1998,26,9.49,28.99
84934,Historical,54574,0,0,S,4,1,25528,50.65,2006,118,9.49,66.23
84935,Historical,878296,0,0,S,6,1,1316166,71.44,2010,35,55.91,71.44
84936,Historical,872983,0,0,S,3,1,1615699,87.95,2014,16,77.3,74.87
84937,Historical,875347,0,0,S,2,1,4129783,18.95,1991,38,75.99,23.68
84938,Historical,610474,0,0,S,6,1,87727,120,2013,87,75.99,97.32
84939,Historical,1555129,0,0,S,2,1,355795,60.95,2014,17,0,52.19
84941,Historical,877083,0,0,S,12,1,681886,76.67,2012,20,69.33,53.99
84942,Historical,54415,0,0,S,9,1,2083752,62,2004,91,69.33,7.98
84943,Historical,178071,0,0,S,4,1,2184681,139.95,2004,57,142.97,4
84944,Historical,765168,0,0,S,4,1,2930293,88.95,2002,47,142.97,11.49
84945,Historical,287095,0,0,S,3,1,109830,105.95,2007,49,8.09,27.61
84946,Historical,120772,0,0,S,5,1,45881,143.8,2010,34,23.43,66.99
84947,Historical,2801570,0,0,S,2,1,1778233,45.95,1994,16,4.98,45.95
84948,Historical,876752,0,0,S,9,1,443272,76.67,2011,20,75.85,49.98
84949,Historical,669110,0,0,S,9,1,552116,67.33,2011,13,62.91,48.99
84950,Historical,127065,0,0,S,2,1,165328,49.95,2006,20,0,0
84954,Historical,1575040,0,0,S,2,1,459558,123.95,2011,44,4.68,48.98
84955,Historical,2266228,0,0,S,3,1,1227619,143.94,2010,41,0,77.72
84956,Historical,119854,0,0,S,3,1,558380,149.2,1995,70,4.39,19.95
84957,Historical,616276,0,0,S,5,1,2991255,36.7,1995,29,7.98,7.98
84958,Historical,553883,0,0,S,6,1,1058494,149.2,1998,55,7.98,67.64
84959,Historical,587525,0,0,S,3,1,14908,69.95,2011,79,37.99,41.87
84960,Historical,608293,0,0,S,2,1,517498,70,1996,26,41.33,73.33
84961,Historical,859339,1,1,S,2,1,6924,14.95,2005,126,0,0
84962,Historical,130044,0,0,S,1,0,32051,56.99,2000,98,0,33.43
84963,Historical,193717,0,0,S,3,1,698092,30.95,2009,36,21.73,18.99
84964,Historical,544235,0,0,S,9,1,84070,139.95,2013,44,25.74,59.26
84965,Historical,871072,0,0,S,6,1,1666130,113.95,2001,56,25.74,5.09
84967,Historical,540210,0,0,S,2,1,6629,19,2011,53,13.99,12.01
84968,Historical,540424,1,1,S,5,1,55728,70.82,2011,73,37.86,95.03
84969,Historical,541125,0,0,S,2,1,1856266,40,2009,27,32.78,25.32
84970,Historical,658216,0,0,S,2,1,222712,51,2012,30,39.03,28.94
84971,Historical,153798,0,0,S,2,1,1013206,45,2006,35,19.67,21.49
84973,Historical,618135,0,0,S,3,1,963599,44.95,2006,74,4,9.38
84974,Historical,492192,0,0,S,4,1,216527,74.95,2012,64,38.67,50.39
84975,Historical,900608,0,0,S,3,1,110902,70,2015,30,50.72,46.47
84976,Historical,557707,1,1,S,2,1,22320,12,2007,55,0,8.99
84977,Historical,607683,0,0,S,5,1,2977361,57.8,2001,39,67.24,10.99
84978,Historical,524999,0,0,S,4,1,467991,96.2,2007,31,26.71,73.33
84979,Historical,109355,0,0,S,5,1,1235888,76.95,2004,32,22.98,21.94
84980,Historical,547690,0,0,S,3,1,197683,126,1981,29,28.4,114.99
84981,Historical,555723,0,0,S,3,1,397612,19.95,2008,122,11.22,5.99
84983,Historical,865433,0,0,S,8,1,333339,80.98,2008,13,25.48,86.37
84984,Historical,133038,0,0,S,7,1,102443,123,2011,45,62.68,93.67
84985,Historical,244218,1,1,S,3,1,20033,173.95,2012,80,42.28,57.9
84986,Historical,117386,0,0,S,8,1,352037,54,2008,30,0,0
84987,Historical,275584,0,0,S,2,1,765316,29.5,2003,91,90.83,14.97
84988,Historical,534132,0,0,S,2,1,10098,139,2013,78,43.99,43.99
84989,Historical,629084,1,4,S,2,1,30398,111.25,2013,66,43.99,27.81
84990,Historical,705416,1,2,S,2,1,41278,111.25,2013,88,32.55,43.96
84991,Historical,199249,0,0,S,2,1,897804,31.95,2003,20,40.72,20.98
84992,Historical,217692,0,0,S,2,1,371326,65.95,2004,22,0,52.11
84993,Historical,244130,1,1,S,9,1,59696,70.95,2011,44,45.27,43.94
84994,Historical,142138,0,0,S,5,1,23951,42.5,2011,69,31.05,28.49
84995,Historical,54885,0,0,S,4,1,74229,25.07,2006,123,31.05,14.56
84997,Historical,56926,0,0,S,3,1,728248,31.95,2004,52,13.99,13.63
84998,Historical,145094,0,0,S,0,0,474273,26,2005,35,13.5,13.97
84999,Historical,555776,0,0,S,2,1,220529,29.95,2009,53,26.94,13.79
85000,Historical,607952,0,0,S,12,1,1335297,51.2,2006,67,39.24,7.98
85001,Historical,862428,0,0,S,15,1,8151,68.6,2014,50,39.24,38.99
85002,Historical,248295,0,0,S,5,1,365047,34.95,2004,37,27.58,17.99
85003,Historical,170100,0,0,S,5,1,210760,42.95,2009,14,27.58,27.98
85004,Historical,54458,0,0,S,12,1,1091026,48,2006,95,39.24,8.98
85005,Historical,142189,0,0,S,7,1,371270,0,2010,26,4.98,100.53
85007,Historical,569031,0,0,S,1,0,1104771,59.99,2006,23,0,28.99
85010,Historical,649248,0,0,S,1,0,247443,35,2004,44,15.49,23.94
85011,Historical,655407,0,0,S,2,1,99943,48,2012,71,32.42,31.23
85012,Historical,552990,1,1,S,6,1,178272,143,2007,30,28.96,49.14
85013,Historical,2475924,0,0,S,2,1,779915,138,2002,26,0,48.48
85014,Historical,624144,0,0,S,2,1,1057871,56.95,2001,34,14.49,43.97
85015,Historical,58220,0,0,S,5,1,424286,66.28,2008,51,109.43,108.69
85016,Historical,119999,0,0,S,5,1,636013,122.2,2008,33,79.87,73.99
85017,Historical,141628,0,0,S,8,1,1929677,9.98,2003,63,52.16,9.97
85018,Historical,169982,1,3,S,8,1,414396,100.95,2011,30,11.36,35.4
85019,Historical,631858,0,0,S,2,1,486668,41.95,2002,49,41.88,41.94
85020,Historical,323655,0,0,S,3,1,229247,37.95,2004,60,4.99,23.99
85021,Historical,545863,0,0,S,3,1,44301,38.95,2012,72,27.88,30.94
85022,Historical,293774,0,0,S,2,1,217592,36.95,2005,46,27.88,18.99
85024,Historical,118731,0,0,S,3,1,25244,53.32,2008,74,23.19,32.62
85025,Historical,861111,0,0,S,2,1,619842,96.93,2012,31,65.45,103.99
85026,Historical,550568,1,2,S,2,1,72489,166.75,2008,57,36.65,39.44
85027,Historical,544239,0,0,S,2,1,213496,92.95,2013,35,41.35,49.97
85028,Historical,918369,0,0,S,0,0,625211,29,1990,42,33.61,19.82
85029,Historical,248427,0,0,S,8,1,2260369,168.95,2007,44,4,45.14
85030,Historical,145548,0,0,S,9,1,870280,106.2,2006,28,0,0
85031,Historical,739116,0,0,S,6,1,13871052,57,1999,16,12.15,23.99
85032,Historical,719102,0,0,S,2,1,405563,55,1998,15,0,40.57
85033,Historical,534940,0,0,S,6,1,132609,56.95,2013,44,31.29,39.73
85034,Historical,539976,1,1,S,3,1,8988,54.8,2010,95,12.89,14.99
85035,Historical,874324,0,0,S,0,0,242667,26.2,1975,120,12.89,14.52
85036,Historical,551692,0,0,S,2,1,43250,48,2000,118,12.89,14.8
85037,Historical,54088,0,0,S,0,0,469065,126.95,2009,30,9.09,91.14
85038,Historical,54089,0,0,S,0,0,650953,103.95,2007,56,9.09,43.65
85039,Historical,621670,0,0,S,2,1,198382,46.95,1998,36,5.17,16.76
85041,Historical,637713,0,0,S,6,1,235568,108,2003,31,54.36,97.9
85042,Historical,1782681,0,0,S,2,1,760820,63.95,2012,32,24.85,40.31
85043,Historical,3461078,0,0,S,0,0,181310,45,2012,21,21.81,126.09
85044,Historical,1655503,1,2,S,1,0,509040,45,2009,48,21.81,59.19
85045,Historical,267367,0,0,S,10,1,355752,55,2006,64,4.77,13.39
85046,Historical,642163,0,0,S,2,1,1018901,44.99,2012,25,4,27.3
85047,Historical,1456134,0,0,S,2,1,242746,44.99,2015,18,0,28.58
85048,Historical,181823,0,0,S,2,1,3573563,39.95,2002,42,4,8.99
85049,Historical,181882,0,0,S,3,1,241375,44.99,2004,79,4,13.47
85052,Historical,1615956,0,0,S,2,1,423642,49.99,2008,33,5.19,30.04
85053,Historical,2635749,0,0,S,2,1,483758,54.99,2005,55,7.29,20.02
85055,Historical,896973,0,0,S,0,0,273072,39.95,2014,25,34.9,33.64
85056,Historical,832519,0,0,S,2,1,389760,87.3,1998,32,4,53.01
85057,Historical,832520,0,0,S,2,1,2304912,87.3,1999,33,4,8.49
85058,Historical,524971,0,0,S,6,1,55960,79.95,2012,73,21.32,32.94
85061,Historical,900397,0,0,S,1,0,20291,29,2008,9,43.86,25.99
85062,Historical,2067669,0,0,S,0,0,1008268,9.99,2008,12,0,9.99
85063,Historical,176148,0,0,S,0,0,314553,23.95,1996,62,21.81,30.62
85064,Historical,133137,0,0,S,7,1,1757844,47.2,2009,57,13.42,7.48
85066,Historical,880136,0,0,S,4,1,1262,79.25,2015,116,47.55,43.96
85067,Historical,661791,0,0,S,1,0,1498355,40.95,2010,14,0,41.03
85068,Historical,2771892,1,1,S,0,0,505227,50,1989,21,0,39.9
85069,Historical,118913,0,0,S,12,1,69512,116.6,2007,42,63.81,71.45
85070,Historical,685703,0,0,S,1,0,925989,29.95,2010,38,17.98,20.91
85071,Historical,56960,0,0,S,8,1,2973380,12.98,2008,30,53.05,12.98
85072,Historical,892845,0,0,S,11,1,105740,75.75,2014,29,63.06,67.85
85073,Historical,607809,0,0,S,8,1,1306206,5.94,2009,71,59.79,6.68
85074,Historical,865598,0,0,S,2,1,16455,16.95,2013,22,15.54,11.7
85075,Historical,131704,0,0,S,4,1,1118870,59.4,2003,60,4,13.48
85076,Historical,543832,0,0,S,7,1,315542,122.95,2012,37,20.86,73.44
85077,Historical,863345,0,0,S,4,1,358215,31.68,2006,27,11.99,38.75
85078,Historical,705460,0,0,S,3,1,704600,13.51,2011,13,113.5,58.99
85079,Historical,802560,1,1,S,4,1,2804553,49.99,2005,29,30.5,13.68
85080,Historical,630481,0,0,S,1,0,164086,150,2013,42,14.86,67.97
85081,Historical,275901,0,0,S,9,1,14508,17.95,2008,80,8.93,9.93
85083,Historical,672225,0,0,S,7,1,11943,15.95,2011,219,0,0
85084,Historical,601745,0,0,S,3,1,1227763,55,2011,34,36.19,30.93
85085,Historical,650393,0,0,S,4,1,575860,67,1997,16,0,60.21
85086,Historical,676698,0,0,S,1,0,147476,29.95,2003,30,28.32,22.17
85087,Historical,881719,0,0,S,6,1,253353,74.95,2013,11,60.93,74.64
85089,Historical,524948,0,0,S,4,1,78973,151.95,2012,51,68.81,69.49
85091,Historical,132327,0,0,S,2,1,796899,47.95,2007,44,19.44,43.68
85093,Historical,617572,0,0,S,2,1,824736,49.99,2011,26,23.13,60.98
85094,Historical,105697,0,0,S,8,1,1619322,245,2002,17,87.98,98.99
85095,Historical,140589,0,0,S,4,1,70566,37.99,2011,59,15.7,18.86
85096,Historical,140391,0,0,S,3,1,446564,39.99,1999,120,15.7,17.83
85098,Historical,524940,0,0,S,0,0,31686,49.99,2011,34,15.55,24.85
85099,Historical,524941,0,0,S,0,0,8291,36.99,2011,34,18.98,20.83
85100,Historical,327486,0,0,S,0,0,357009,39.99,2008,43,15.55,65.11
85101,Historical,861845,0,0,S,2,1,402851,59.95,2013,17,30.91,44.03
85102,Historical,863599,0,0,S,2,1,119056,64.99,2008,34,32.49,53
85103,Historical,614304,0,0,S,6,1,1115312,21.5,2004,53,47.99,21.97
85104,Historical,109021,0,0,S,7,1,1315446,142.75,2006,19,47.99,53.99
85105,Historical,658242,0,0,S,2,1,877788,50,2012,21,27.07,32.62
85106,Historical,2538340,0,0,S,2,1,500956,46.95,2001,23,0,37.89
85107,Active,869734,NA,NA,S,9,1,1251478.325,92.82,2018,49,11.46,69.08
85108,Active,3741319,NA,NA,S,4,1,2407071,49,2016,0,0,49
85109,Active,3517789,NA,NA,S,3,1,6890734,44.95,2016,0,0,0
85110,Active,1455936,NA,NA,S,8,1,91562.33375,219,2014,44,13.71,59.81
85111,Active,2921480,NA,NA,S,5,1,6922798,83.95,2016,0,0,79.8
85112,Active,862455,NA,NA,S,3,1,6576754,97.25,2017,0,0,85.95
85113,Active,2238268,NA,NA,S,3,1,485200.4925,26.07,2012,32,21.97,21.87
85114,Active,2348209,NA,NA,S,5,1,3316372.095,10.25,2003,16,33,111.46
85115,Active,910476,NA,NA,S,7,1,2758356.033,125.17,2008,23,4,72.63
85116,Active,1547664,NA,NA,S,2,1,1469890.38,48.95,2012,4,19.59,15
85117,Active,2293062,NA,NA,S,2,1,238646.4525,0,2015,0,0,75.73
85118,Active,661527,NA,NA,S,2,1,210191.0088,96.73,2013,19,66.77,91.73
85119,Active,874950,NA,NA,S,3,1,396875.4188,38.99,2014,16,4,38.98
85120,Active,2974380,NA,NA,S,5,1,200768.1088,69.95,2015,4,62.99,69.95
85121,Active,2919019,NA,NA,S,3,1,8512852.308,120,2014,0,0,0
85122,Active,2252131,NA,NA,S,10,1,4358572.305,155.09,2010,39,97.76,153.24
85123,Active,874396,NA,NA,S,6,1,526752.3038,21.12,2014,25,8.85,16.75
85124,Active,428587,NA,NA,S,4,1,626964.28,201.88,2012,26,23.94,414.68
85125,Active,872854,NA,NA,S,3,1,412033.695,24.46,2012,14,18.43,22.29
85126,Active,2281309,NA,NA,S,2,1,870887.29,0,2014,0,0,125.48
85127,Active,874934,NA,NA,S,4,1,4126259.404,158.98,2012,9,32.67,140.53
85128,Active,3644308,NA,NA,S,4,1,17384454,95.95,2017,0,0,95.95
85129,Active,2919325,NA,NA,S,4,1,2193452,151.5,2016,6,121.88,0
85130,Active,699417,NA,NA,S,4,1,955713.49,41.26,2013,14,23.99,28.44
85131,Active,887073,NA,NA,S,3,1,1648315.069,3.4,2014,14,6.74,3.6
85132,Active,1829217,NA,NA,S,6,1,74726.765,44.79,2015,21,27.99,33.99
85133,Active,875189,NA,NA,S,13,1,521136.5113,150,2011,44,58.55,141.89
85134,Active,876932,NA,NA,S,2,1,553250.44,100,2014,17,99.14,95.06
85135,Active,3951293,NA,NA,S,2,1,259735.4,0,2015,10,15.49,15.5
85136,Active,887007,NA,NA,S,7,1,241735.0813,24.02,2014,14,23.33,21.5
85137,Active,1822575,NA,NA,S,14,1,370883.7763,0,2014,21,36.88,436.95
85138,Active,3473433,NA,NA,S,8,1,59893,78.33,2016,10,76.66,73.79
85139,Active,3634957,NA,NA,S,6,1,6845561,120,2016,0,0,120
85140,Active,3647134,NA,NA,S,2,1,1426156.4,79.95,2015,37,67.79,60.89
85141,Active,529416,NA,NA,S,3,1,126263.6713,230,2011,30,81.79,183.35
85142,Active,2438720,NA,NA,S,8,1,367127.9688,54.96,2015,6,63.3,49.79
85143,Active,874863,NA,NA,S,3,1,66814.09625,143.2,2015,19,101.49,121.49
85144,Active,657909,NA,NA,S,2,1,159265.25,218.47,2013,22,63.67,190.82
85145,Active,876018,NA,NA,S,5,1,556542.965,102.27,2012,22,46.74,50.98
85146,Active,1519078,NA,NA,S,7,1,409119.5025,115.2,2014,20,36.71,102.4
85147,Active,895324,NA,NA,S,1,0,1255754.131,60,2010,12,55.81,45.14
85148,Active,1829044,NA,NA,S,2,1,449483.3488,106.66,2013,6,101.8,77.34
85149,Active,873868,NA,NA,S,5,1,1006322.581,138.23,2005,12,51.77,92.65
85150,Active,2925406,NA,NA,S,5,1,18169.46,155.95,2015,19,74.32,99.75
85151,Active,2238459,NA,NA,S,6,1,694061.5113,32.99,2012,5,33.59,30.98
85152,Active,1827229,NA,NA,S,6,1,593194.63,0,2015,13,93.77,87.99
85153,Active,107282,NA,NA,S,2,1,544923.45,210.79,2000,25,43.78,494.99
85154,Active,1886464,NA,NA,S,2,1,2750145.906,69.99,2013,17,42.55,43
85155,Active,1569405,NA,NA,S,2,1,1746439.519,93.97,2010,15,50.21,93.97
85156,Active,744064,NA,NA,S,5,1,46986.20375,64.95,2013,41,26.84,58.67
85157,Active,656940,NA,NA,S,3,1,726499.1613,108.03,2013,15,28.45,104.62
85158,Active,879246,NA,NA,S,6,1,155633.965,123,2013,41,42.18,92.69
85159,Active,1829200,NA,NA,S,9,1,188763.5988,44.59,2015,8,39.98,44.98
85160,Active,3960742,NA,NA,S,0,0,82750,97.95,2017,0,0,77.78
85161,Active,3749168,NA,NA,S,2,1,2259367.4,59.95,2011,12,29.98,59.95
85162,Active,327805,NA,NA,S,3,1,1177243.321,66.8,2010,14,23.64,38.96
85163,Active,646158,NA,NA,S,3,1,1304699.496,69.95,2010,26,28.98,43.97
85164,Active,2928958,NA,NA,S,5,1,548913.9238,72.96,2015,10,56.98,48.74
85165,Active,246495,NA,NA,S,1,0,104661.2563,25.95,2005,43,6.92,13.72
85166,Active,1838580,NA,NA,S,3,1,1894679.338,45,2010,13,47.43,146.02
85167,Active,1872528,NA,NA,S,2,1,175490.3475,39.99,2007,13,16.73,27.64
85168,Active,808091,NA,NA,S,2,1,1767271.446,84.99,2012,13,23.97,47.86
85169,Active,2111575,NA,NA,S,3,1,2134745.795,70,2013,11,45.49,33.99
85170,Active,893492,NA,NA,S,4,1,1132970.623,22.96,2009,14,28.05,21.99
85171,Active,2238780,NA,NA,S,2,1,2227218.22,20.62,2010,21,32.96,20.18
85172,Active,626034,NA,NA,S,2,1,1406061.124,315.99,2005,20,33.83,104.97
85173,Active,2703867,NA,NA,S,1,0,2732019.056,82.33,2005,15,4.34,62.31
85174,Active,872374,NA,NA,S,2,1,315924.5863,64.6,2014,33,22.94,49.92
85175,Active,698927,NA,NA,S,3,1,588991.3925,103.25,2009,24,48.94,76.13
85176,Active,601788,NA,NA,S,3,1,1899802.065,99,2010,13,23.99,74.11
85177,Active,2599827,NA,NA,S,2,1,3043878.976,12.99,1992,22,4,61.79
85178,Active,3841297,NA,NA,S,1,0,4202044.55,529,2007,25,291.99,394.84
85179,Active,870200,NA,NA,S,3,1,928796.5675,167.13,2008,24,29.1,204.1
85180,Active,701307,NA,NA,S,3,1,7622373.959,305,2008,10,38.99,161.85
85181,Active,3746966,NA,NA,S,1,0,3081651.45,139,2012,28,120.9,126.69
85182,Active,2283851,NA,NA,S,6,1,355167,249.91,2011,18,136.23,187.64
85183,Active,3272439,NA,NA,S,1,0,2629144.605,72.26,2005,30,54.08,65.16
85184,Active,1469098,NA,NA,S,2,1,2472700.575,75,2010,20,19.54,35.33
85185,Active,623983,NA,NA,S,4,1,1314296.676,128.07,2012,20,52.45,103.64
85186,Active,3482698,NA,NA,S,3,1,2771078.85,180,1989,38,5.74,100.25
85187,Active,2550897,NA,NA,S,1,0,7645960.218,260,1999,17,11.17,69.86
85188,Active,724896,NA,NA,S,2,1,1588557.751,65,2009,27,3.9,11.99
85189,Active,654228,NA,NA,S,2,1,2999415.904,74.95,2010,15,33.64,60.32
85190,Active,2186543,NA,NA,S,2,1,2567405.838,249,2010,11,158.99,197.2
85191,Active,651222,NA,NA,S,2,1,901738.9563,89,2010,13,75.97,206.39
85192,Active,2273980,NA,NA,S,3,1,211838.0663,34.42,2013,21,32.47,40.15
85193,Active,838463,NA,NA,S,2,1,1299180.003,445,1997,22,23.03,115.34
85194,Active,2261173,NA,NA,S,1,0,1468464.91,56.36,2009,75,14.47,51.54
85195,Active,1696743,NA,NA,S,6,1,2335026.831,101.95,2013,15,4,77.59
85196,Active,155292,NA,NA,S,1,0,769413.3838,38.36,1998,22,4,45.4
85197,Active,709665,NA,NA,S,2,1,858868.3938,83.5,2008,21,6.86,33.98
85198,Active,748316,NA,NA,S,1,0,2383276.691,45,2006,19,4.77,70.99
85199,Active,3799136,NA,NA,S,1,0,1273692.35,129.99,2014,47,32.59,101.54
85200,Active,3272381,NA,NA,S,1,0,3009103.01,171.67,2000,34,87.6,167.25
85201,Active,716387,NA,NA,S,1,0,2484960.845,90,1998,16,6.39,142.8
85202,Active,3275304,NA,NA,S,2,1,5938480.693,0,2005,0,0,0
85203,Active,607963,NA,NA,S,4,1,1121118.626,170.2,2008,31,29,100.29
85204,Active,3272537,NA,NA,S,2,1,1088358.29,187.53,1995,17,51.2,193.74
85205,Active,795765,NA,NA,S,10,1,2066782.586,103.5,2013,5,25.7,0
85206,Active,3611232,NA,NA,S,2,1,1712283.4,82.5,1992,24,9.22,9.21
85207,Active,709995,NA,NA,S,2,1,2328546.565,60,1999,17,7.78,18.98
85208,Active,1544362,NA,NA,S,3,1,2242875.053,56.95,2012,18,26.24,49.32
85209,Active,3461993,NA,NA,S,4,1,2218101.065,245,2006,14,13.92,213.14
85210,Active,594426,NA,NA,S,3,1,1401462.696,109,2010,20,69.04,72.67
85211,Active,698222,NA,NA,S,7,1,1452227.84,0,1997,8,23.23,0
85212,Active,737638,NA,NA,S,4,1,2804472.168,37,2007,27,4,12.98
85213,Active,1648902,NA,NA,S,5,1,3825013.435,59.5,2006,15,18.14,59.5
85214,Active,550801,NA,NA,S,3,1,342461.015,0,2005,15,24.54,33.99
85215,Active,3022384,NA,NA,S,2,1,1641174.486,189,2005,20,4.85,59.41
85216,Active,316629,NA,NA,S,3,1,1411046.479,60.75,2010,13,28.99,59.97
85217,Active,894560,NA,NA,S,5,1,2283203.051,44.19,2013,13,35.99,43.34
85218,Active,622753,NA,NA,S,2,1,211823.6775,115,2006,27,41.36,0
85219,Active,2083225,NA,NA,S,1,0,1648963.189,39.95,2011,14,24.74,34.96
85220,Active,1568674,NA,NA,S,1,0,3341110.351,85,2010,17,4.7,50.31
85221,Active,912847,NA,NA,S,2,1,1236772.288,8.16,2002,23,4,7.49
85222,Active,894317,NA,NA,S,1,0,2840011.813,21.89,2005,16,4.35,21.89
85223,Active,2259936,NA,NA,S,1,0,1281692.978,40.9,2009,25,27.81,108.16
85224,Active,905802,NA,NA,S,2,1,1069352.791,123.95,2012,17,8.53,123.95
85225,Active,904055,NA,NA,S,15,1,442915.6688,25.85,2008,43,7.49,53.99
85226,Active,2473935,NA,NA,S,3,1,8634344.424,73.11,1991,27,4.52,38.49
85227,Active,743955,NA,NA,S,8,1,2022690.165,133,2011,11,102.26,0
85228,Active,555443,NA,NA,S,2,1,669206.545,179.95,2004,26,5.25,64.45
85229,Active,1829050,NA,NA,S,2,1,856207.0913,88.89,2013,8,51.14,54.71
85230,Active,3514932,NA,NA,S,1,0,2051995.45,209,2013,51,4,43.52
85231,Active,1583223,NA,NA,S,2,1,1901927.563,89.99,2010,23,4.78,47.97
85232,Active,666199,NA,NA,S,2,1,1485141.666,102.9,2012,12,7.98,103.98
85233,Active,2283745,NA,NA,S,4,1,1727731.8,27.03,2013,22,23.74,27.03
85234,Active,2173514,NA,NA,S,2,1,7235317.994,149.97,2008,11,48.73,138.47
85235,Active,2273228,NA,NA,S,3,1,1510824.589,111.31,2013,20,66.82,117.01
85236,Active,165843,NA,NA,S,1,0,1053117.274,171,2005,36,4.54,15.99
85237,Active,2018325,NA,NA,S,1,0,4372459.235,79.95,2009,21,4,20.87
85238,Active,419924,NA,NA,S,1,0,1088294.013,132,2006,22,27.23,83.99
85239,Active,652865,NA,NA,S,2,1,2582276.284,65,1996,18,5.98,62.94
85240,Active,1951945,NA,NA,S,2,1,4779897.55,129,2013,9,44.98,90.3
85241,Active,915032,NA,NA,S,5,1,621152.0538,106.84,2006,28,8.73,54.33
85242,Active,169720,NA,NA,S,4,1,1038765.87,261.95,2009,33,69.98,100.88
85243,Active,1657009,NA,NA,S,2,1,3646019.099,118.69,2006,5,28.22,14.69
85244,Active,504126,NA,NA,S,5,1,895305.75,53.98,2007,19,14.12,33.99
85245,Active,887744,NA,NA,S,4,1,4192232.915,191,1999,6,8.2,180.92
85246,Active,661721,NA,NA,S,3,1,2006261.025,74.95,2007,17,10.49,60.15
85247,Active,2502564,NA,NA,S,2,1,892147.3275,115,1993,33,4,19.99
85248,Active,2195210,NA,NA,S,1,0,10628209.39,99,2012,0,0,0
85249,Active,1562769,NA,NA,S,1,0,1620494.131,96.95,2008,17,117.41,179.77
85250,Active,654551,NA,NA,S,6,1,529010.8513,215.5,2010,25,4,44.49
85251,Active,2261860,NA,NA,S,1,0,1149708.859,84.41,2008,37,43.59,84.4
85252,Active,2657897,NA,NA,S,2,1,1220489.921,0,1987,31,12.4,138.65
85253,Active,3951276,NA,NA,S,2,1,1054174.45,0,2014,8,25.85,23.94
85254,Active,526456,NA,NA,S,2,1,1119201.294,109.95,2007,25,54.03,76.03
85255,Active,447374,NA,NA,S,1,0,1585618.078,227,2006,21,43.59,125.84
85256,Active,526288,NA,NA,S,2,1,2783747.113,90.88,2003,17,14.72,96.97
85257,Active,1651702,NA,NA,S,1,0,1586451.059,46.95,2014,32,4,43.72
85258,Active,871200,NA,NA,S,4,1,65151.8375,69.82,2013,11,40.99,44
85259,Active,904182,NA,NA,S,2,1,651834.9463,115,2010,22,43.94,92.87
85260,Active,2176945,NA,NA,S,1,0,2366477.24,100.95,2012,16,55.48,64.24
85261,Active,859190,NA,NA,S,4,1,6461808.728,74.68,2004,6,8.37,73.93
85262,Active,453919,NA,NA,S,2,1,1722533.084,315,2005,19,144.71,312.27
85263,Active,634633,NA,NA,S,1,0,451185.1463,40,2004,21,17.89,26
85264,Active,2195212,NA,NA,S,1,0,8335741.183,99,2012,0,0,0
85265,Active,892398,NA,NA,S,2,1,688740.3488,179,2011,15,113.18,96.22
85266,Active,1466569,NA,NA,S,3,1,523158.515,79.95,2014,14,61.86,58.75
85267,Active,330046,NA,NA,S,1,0,1889040.725,103.95,1999,23,4,33.99
85268,Active,124025,NA,NA,S,2,1,1260640.081,80.95,2000,29,4.76,43.93
85269,Active,3684892,NA,NA,S,3,1,896266.75,49.95,2011,67,23.71,40.57
85270,Active,1632228,NA,NA,S,6,1,2488827.911,65,2008,8,6.91,82.37
85271,Active,1717059,NA,NA,S,2,1,1892413.753,22,2014,13,13.13,19.94
85272,Active,3951301,NA,NA,S,3,1,3323651.9,0,2015,7,18.59,38.71
85273,Active,1471176,NA,NA,S,1,0,772048.845,41.95,2014,40,28.3,35.88
85274,Active,1667861,NA,NA,S,2,1,5684143.296,144,2006,10,4.98,12.99
85275,Active,901053,NA,NA,S,5,1,1201607.534,0,2008,16,28.71,153.99
85276,Active,2247882,NA,NA,S,8,1,2449037.094,235.68,2006,15,3.89,231.14
85277,Active,611772,NA,NA,S,11,1,763555.445,0,2013,13,39.44,278.72
85278,Active,804694,NA,NA,S,4,1,2569156.063,103.7,1998,16,16.34,200
85279,Active,711217,NA,NA,D,1,0,797434.2688,26.67,2002,29,4,75.33
85280,Active,443618,NA,NA,D,5,1,3744813.625,165,2009,8,13.99,675
85281,Active,2608794,NA,NA,D,0,0,6152879.308,73.99,2001,15,7.68,58.05
85282,Active,1645520,NA,NA,D,3,1,3564611.393,85,2006,17,35.3,85
85283,Active,127161,NA,NA,D,5,1,1694446.648,63,2008,17,21.43,109.75
85284,Active,3512942,NA,NA,D,0,0,5307005.65,49,1991,10,34.6,675
85285,Active,634169,NA,NA,D,5,1,2589274.521,154,2010,25,6.49,40.99
85286,Active,746968,NA,NA,D,2,1,473175.1888,66.75,1999,13,22.62,60.36
85287,Active,898349,NA,NA,D,7,1,836820.1463,117.8,2012,14,6.32,97.57
85288,Active,874448,NA,NA,D,0,0,13684287.45,77,1977,9,4,77
85289,Active,2299537,NA,NA,D,0,0,64282,124.36,1900,14,81.57,119.32
85290,Active,54684,NA,NA,D,10,1,33022.4225,65.4,2010,94,4,21.64
85291,Active,3549167,NA,NA,D,0,0,3024434.15,45.33,1987,23,4.11,47.7
85292,Active,3485262,NA,NA,D,3,1,5598788.7,55.6,2002,27,4,17.16
85293,Active,659831,NA,NA,D,1,0,1803751.294,73.51,2010,23,8.89,52.24
85294,Active,715979,NA,NA,D,5,1,482397.0675,111.53,2012,18,28.71,218.69
85295,Active,537319,NA,NA,D,5,1,956472.6888,180.4,2012,23,44.06,138.98
85296,Active,869268,NA,NA,D,11,1,3250827.735,92.73,2012,12,28.96,42.97
85297,Active,641404,NA,NA,D,9,1,1210329.333,56.41,2010,25,4.14,44.92
85298,Active,760559,NA,NA,D,1,0,11963520.38,100,2003,0,0,0
85299,Active,2344456,NA,NA,D,5,1,7924900.55,0,1982,8,7.71,0
85300,Active,875412,NA,NA,D,0,0,4115977.246,0,2009,9,14.73,0
85301,Active,3794224,NA,NA,D,3,1,589594.8,60.95,2010,63,21.84,39.98
85302,Active,3124490,NA,NA,D,0,0,5743177.44,39.95,2001,18,4.34,45.33
85303,Active,2594713,NA,NA,D,1,0,1723175.75,52.99,1989,24,4,38.95
85304,Active,636176,NA,NA,D,7,1,3038991.723,130.4,2005,19,4.68,27.99
85305,Active,144410,NA,NA,D,1,0,4768849.219,40,2002,22,4.3,17.27
85306,Active,132963,NA,NA,D,1,0,2245901.238,59.53,2009,18,40.81,490.22
85307,Active,735791,NA,NA,D,7,1,2816330.221,76,2011,14,22.74,34.49
85308,Active,285114,NA,NA,D,2,1,366630.1963,190.95,1999,32,4.86,73.94
85309,Active,795378,NA,NA,D,0,0,228911.7775,372.29,2012,39,9.22,0
85310,Active,340159,NA,NA,D,2,1,845541.0688,237,2003,22,21.04,94.93
85311,Active,393260,NA,NA,D,2,1,5183041.484,140,2008,9,69.71,140
85312,Active,1558518,NA,NA,D,0,0,2592861.185,140,2010,13,60.89,123.27
85313,Active,2612466,NA,NA,D,1,0,5350071.014,70,2001,17,33.65,160.48
85314,Active,308664,NA,NA,D,3,1,6775014.814,16.49,2003,16,9.09,16.49
85315,Active,336242,NA,NA,D,4,1,3056190.385,43.95,1997,27,6.15,35.76
85316,Active,2604852,NA,NA,D,0,0,10607168.2,110,1996,9,11.96,0
85317,Active,336190,NA,NA,D,0,0,4015575.148,150,1997,12,8.2,70.68
85318,Active,911036,NA,NA,D,1,0,1134387.233,54.95,1980,23,11.07,75.8
85319,Active,2664361,NA,NA,D,2,1,2940075.094,0,1997,8,22.74,345.27
85320,Active,751543,NA,NA,D,2,1,2087491.231,52.89,2009,14,8.99,52.71
85321,Active,875063,NA,NA,D,2,1,275428.4413,210.2,2012,23,21.88,243.99
85322,Active,3264116,NA,NA,D,3,1,832156.9463,148.02,1996,33,28.06,160.16
85323,Active,896388,NA,NA,D,3,1,6568089.678,115,1995,14,4,58.25
85324,Active,287513,NA,NA,D,1,0,2403428.934,76.8,2002,34,4,16.47
85325,Active,132790,NA,NA,D,5,1,1738547.348,222.67,2008,18,9.85,23.64
85326,Active,133004,NA,NA,D,4,1,1153630.446,165.67,2009,26,14.33,602.99
85327,Active,118475,NA,NA,D,2,1,1226036.029,120,2006,23,19.88,77.98
85328,Active,421621,NA,NA,D,3,1,1033397.714,150,2007,24,10.58,73.97
85329,Active,120704,NA,NA,D,3,1,1493128.181,113.33,2008,11,22.57,48.99
85330,Active,1481311,NA,NA,D,4,1,5010250.235,96.67,2011,14,18.88,27.38
85331,Active,717075,NA,NA,D,6,1,764261.8925,150,2008,26,21.78,111.43
85332,Active,52862,NA,NA,D,1,0,2137129.265,93.6,2001,33,4,13.99
85333,Active,57748,NA,NA,D,1,0,5351198.159,61,1998,27,4.34,13.84
85334,Active,57753,NA,NA,D,0,0,2236056.22,83,2001,24,3.49,43.86
85335,Active,904531,NA,NA,D,4,1,1088959.438,50.04,2007,22,8.9,69.01
85336,Active,714409,NA,NA,D,2,1,6251433.404,57.67,2002,23,4,10.84
85337,Active,131379,NA,NA,D,1,0,1553709.754,76,2001,41,4,20
85338,Active,194124,NA,NA,D,2,1,2892237.543,73.95,2005,16,49.64,103.97
85339,Active,726161,NA,NA,D,0,0,554659.6738,0,2006,16,7.15,323.3
85340,Active,2620229,NA,NA,D,2,1,13385889,0,1998,2,28.93,0
85341,Active,3621206,NA,NA,D,2,1,1375722.15,20,2007,29,8.97,9.99
85342,Active,3830126,NA,NA,D,1,0,798096,90,2016,8,84.97,83.35
85343,Active,1456758,NA,NA,D,0,0,11710452.46,128.07,2008,0,0,0
85344,Active,109711,NA,NA,D,1,0,1264274.406,207.91,2006,27,5.13,73.53
85345,Active,743067,NA,NA,D,3,1,1684634.611,83.8,2012,16,4.17,602.99
85346,Active,740545,NA,NA,D,10,1,4294138.311,162.67,2006,17,7.95,103.98
85347,Active,741691,NA,NA,D,6,1,3163030.579,17.97,2009,18,4.58,17.97
85348,Active,885176,NA,NA,D,0,0,7713812.65,134.29,2009,11,4,134.29
85349,Active,867148,NA,NA,D,3,1,1876647.303,236.8,2014,24,82.33,179.73
85350,Active,288934,NA,NA,D,7,1,258077.025,210.95,2009,34,34.91,68.99
85351,Active,877433,NA,NA,D,11,1,2711149.301,108.8,2005,11,14.34,38.11
85352,Active,2703629,NA,NA,D,9,1,893439.6275,44.95,2005,18,4.98,79.88
85353,Active,871831,NA,NA,D,4,1,3806552.794,80.63,2001,13,26.03,675
85354,Active,3255776,NA,NA,D,8,1,1849449.7,31.3,2004,34,0,0
85355,Active,3530553,NA,NA,D,5,1,1691768.95,47.95,1900,21,4.96,69.17
85356,Active,2287473,NA,NA,D,2,1,165659.6963,0,2014,0,0,94.44
85357,Active,2284649,NA,NA,D,3,1,938641,91.3,2013,11,89.09,91.3
85358,Active,876615,NA,NA,D,11,1,89065.29875,33.29,2012,23,28.37,27.99
85359,Active,1785609,NA,NA,D,0,0,660803.64,54.95,2014,13,43.28,51.08
85360,Active,1448880,NA,NA,D,9,1,5281175.798,133.87,2008,10,14.42,269.05
85361,Active,2269508,NA,NA,D,5,1,274132.9,0,1900,13,0,0
85362,Active,313651,NA,NA,D,0,0,1533955.176,78.67,2004,27,4,49.94
85363,Active,762062,NA,NA,D,3,1,9118206.273,73.99,2005,9,3.99,72.69
85364,Active,1956404,NA,NA,D,2,1,672030.92,210.74,2012,20,46.1,200.5
85365,Active,876947,NA,NA,D,5,1,337817.4488,110,2012,13,33.99,62.59
85366,Active,619135,NA,NA,D,2,1,997383.41,49.6,2004,43,4,5.19
85367,Active,887016,NA,NA,D,1,0,515381.4938,109.4,2014,35,15.84,0
85368,Active,1513281,NA,NA,D,8,1,12061394.51,215.8,2008,0,0,0
85369,Active,3496479,NA,NA,D,0,0,10376092.25,99,1995,19,4,59.53
85370,Active,1693747,NA,NA,D,2,1,2264068.101,48,2006,18,4,48.93
85371,Active,661083,NA,NA,D,14,1,1308466.79,39.95,2012,20,24.16,164.95
85372,Active,2261646,NA,NA,D,2,1,7568146.483,101.26,2006,30,23.28,100.38
85373,Active,56897,NA,NA,D,8,1,965070.8925,91.8,2007,67,3.99,5.27
85374,Active,887743,NA,NA,D,3,1,9714630.109,88.95,1998,9,4,0
85375,Active,146183,NA,NA,D,12,1,3023379.414,163.33,2009,17,9.53,299.73
85376,Active,656879,NA,NA,D,3,1,905231.1213,89.95,2008,13,7.92,234.27
85377,Active,716197,NA,NA,D,2,1,3137538.236,116.31,2012,9,82.25,123.89
85378,Active,876613,NA,NA,D,0,0,3832182.59,159.62,2008,14,5.95,126.31
85379,Active,2082843,NA,NA,D,9,1,1537833.703,36.95,2010,15,17.83,60.08
85380,Active,553284,NA,NA,D,1,0,1907163.056,225.47,2012,23,56.27,142.98
85381,Active,892200,NA,NA,D,7,1,1816339.664,315.95,2010,25,13.62,331.95
85382,Active,872390,NA,NA,D,7,1,125845.2438,99.33,2014,36,9.65,80.85
85383,Active,873465,NA,NA,D,4,1,895534.135,106.67,2006,56,4.93,54.21
85384,Active,899096,NA,NA,D,1,0,684779.9688,271,2013,22,26,738.75
85385,Active,2276393,NA,NA,D,0,0,525812.55,69.74,2012,18,0,0
85386,Active,778108,NA,NA,D,1,0,3591577.57,79.95,1998,42,4.12,28.89
85387,Active,3272973,NA,NA,D,0,0,4254898.124,105.06,2000,27,9.38,91.58
85388,Active,566830,NA,NA,D,0,0,2838552.181,86.44,2006,26,7.68,72.95
85389,Active,766455,NA,NA,D,7,1,590760.285,92.22,2011,36,9.79,43.96
85390,Active,879304,NA,NA,D,7,1,1814233.751,198.95,2002,20,14.33,102.99
85391,Active,371478,NA,NA,D,7,1,327935.6538,246.95,2011,70,9.17,63.99
85392,Active,638893,NA,NA,D,2,1,2245674.849,151.5,2011,14,13.63,28.99
85393,Active,2614395,NA,NA,D,0,0,4904080.51,38,2003,13,17.3,38.14
85394,Active,872079,NA,NA,D,4,1,3219708.2,113,2004,20,4.44,33.98
85395,Active,557364,NA,NA,D,3,1,1708651.396,66,2007,34,4,9.88
85396,Active,869354,NA,NA,D,1,0,4210620.305,165,2010,15,15.29,135.59
85397,Active,534369,NA,NA,D,2,1,1342699.045,9.36,1994,40,4,9.05
85398,Active,608630,NA,NA,D,7,1,552624.2063,122.95,2002,39,9.41,43.64
85399,Active,875222,NA,NA,D,3,1,1016711.5,86.98,2007,20,34.6,86.98
85400,Active,252706,NA,NA,D,5,1,607835.905,69.19,2010,17,15.97,57.09
85401,Active,900992,NA,NA,D,1,0,1587253.789,226.87,2012,20,36.39,1003.99
85402,Active,554061,NA,NA,D,2,1,3899733.126,166.73,2009,14,14.37,9934.97
85403,Active,663291,NA,NA,D,5,1,463515.6125,144.95,2013,26,16.41,0
85404,Active,169107,NA,NA,D,0,0,2996344.466,16.99,2005,38,4,15.99
85405,Active,742904,NA,NA,D,1,0,1886711.581,82.33,2011,13,10.11,18.99
85406,Active,2257261,NA,NA,D,10,1,2871929.72,228.54,2010,32,18.01,103.13
85407,Active,879452,NA,NA,D,7,1,1990058.178,113.67,2011,18,29.97,142.45
85408,Active,342759,NA,NA,D,2,1,2749675.771,13.98,2002,35,4,14.98
85409,Active,375856,NA,NA,D,3,1,3610765.601,125,1999,12,7.53,89.32
85410,Active,592344,NA,NA,D,7,1,2460202.039,111.51,2007,20,13.93,15.82
85411,Active,761275,NA,NA,D,6,1,1317305.054,68.52,2004,17,5.84,44.99
85412,Active,537971,NA,NA,D,1,0,2128614.213,152.95,2004,54,4,15
85413,Active,742097,NA,NA,D,2,1,3704332.85,172.67,2009,12,9.79,0
85414,Active,145960,NA,NA,D,4,1,1282906.064,210,2008,17,27.36,602.99
85415,Active,871541,NA,NA,D,2,1,2410117.818,0,2010,18,4.39,0
85416,Active,863954,NA,NA,D,2,1,2055868.46,134,2010,29,4.83,64.35
85417,Active,109694,NA,NA,D,1,0,1624567.791,20.94,2006,19,4.9,13.94
85418,Active,742240,NA,NA,D,2,1,3968535.171,134,2010,31,6.49,10.04
85419,Active,2255929,NA,NA,D,5,1,8093436.828,44.7,2009,21,6.47,34.31
85420,Active,742672,NA,NA,D,12,1,3080277.016,48.77,2010,18,4.8,14.99
85421,Active,2543930,NA,NA,D,2,1,1228439.709,29.95,2005,7,16.57,14.36
85422,Active,2533466,NA,NA,D,2,1,6745748.556,43.75,2001,5,18.84,0
85423,Active,883123,NA,NA,D,2,1,1897592.899,15,2003,2,21.99,24.6
85424,Active,557612,NA,NA,D,3,1,2446133.135,101,2010,15,14.44,116.84
85425,Active,875466,NA,NA,D,6,1,205622.1975,67.09,2012,13,53.99,57.8
85426,Active,3246632,NA,NA,D,1,0,6938855.745,64.53,1999,31,12.36,63.56
85427,Active,767634,NA,NA,D,0,0,1623670.728,2432.64,2009,25,4.52,72.77
85428,Active,225412,NA,NA,D,0,0,13203402.24,90,1999,9,4.64,0
85429,Active,894588,NA,NA,D,0,0,6290843.475,49.71,2006,7,41.73,14.95
85430,Active,539477,NA,NA,D,3,1,590849.345,64.4,2013,39,11.02,48.69
85431,Active,288773,NA,NA,D,4,1,2186839.483,153,2001,22,4,73.65
85432,Active,2252800,NA,NA,D,4,1,2071886.725,89.28,2010,41,8.93,38.11
85433,Active,3473093,NA,NA,D,8,1,3405255.05,0,2014,14,4.74,23.58
85434,Active,161652,NA,NA,D,0,0,1461882.451,59.99,2006,52,4,13.94
85435,Active,873286,NA,NA,D,5,1,966549.7525,86.98,2010,29,11.59,80.82
85436,Active,875933,NA,NA,D,0,0,3281921.38,20,2005,17,4.77,9.99
85437,Active,2347687,NA,NA,D,5,1,6352355.936,0,1994,12,5.39,0
85438,Active,579472,NA,NA,D,3,1,610412.725,144.2,2006,44,14.9,33.99
85439,Active,2263270,NA,NA,D,0,0,6866512.265,71.79,2007,29,19.77,71.34
85440,Active,146660,NA,NA,D,5,1,175642.5188,225,2011,30,33.24,181.28
85441,Active,775526,NA,NA,D,0,0,6883289.181,55.95,2001,19,4,6.99
85442,Active,322735,NA,NA,D,0,0,3336968.691,66.67,2008,12,24.86,0
85443,Active,764702,NA,NA,D,2,1,11243261.13,58.95,2002,4,23.6,0
85444,Active,537010,NA,NA,D,2,1,1186488.308,147.07,2011,20,40.65,171.86
85445,Active,1656803,NA,NA,D,6,1,3675112.67,85,2006,21,5.52,53.63
85446,Active,698154,NA,NA,D,6,1,3951806.024,112.07,2001,14,8.46,94.16
85447,Active,531608,NA,NA,D,5,1,644125.6875,104.13,2009,28,26.23,16.76
85448,Active,606934,NA,NA,D,10,1,959172.985,11.74,2005,63,4,10.99
85449,Active,2647888,NA,NA,D,1,0,12379263.7,157.95,1996,4,10.69,0
85450,Active,3238651,NA,NA,D,5,1,1115221.506,35.9,2005,18,7.78,35.89
85451,Active,870922,NA,NA,D,3,1,1769165.116,9.99,2006,29,4,28.89
85452,Active,1453524,NA,NA,D,3,1,1765443.644,193.73,2013,10,19.68,153.96
85453,Active,149231,NA,NA,D,0,0,4048890.015,38,2005,23,4,6.99
85454,Active,704158,NA,NA,D,1,0,2153315.86,10.99,2004,60,4,10.99
85455,Active,3231881,NA,NA,D,7,1,7072635.663,49.25,2005,31,20.83,48.36
85456,Active,2248025,NA,NA,D,0,0,3538076.453,121.44,2008,37,15.37,106.34
85457,Active,808954,NA,NA,D,1,0,2221748.783,11.96,2007,18,4,13.99
85458,Active,2263345,NA,NA,D,2,1,1100394.515,135.4,2011,31,36.52,223.01
85459,Active,436714,NA,NA,D,1,0,1013145.16,303.95,2009,20,17.74,28.72
85460,Active,870387,NA,NA,D,3,1,1015398.705,173.4,2013,48,18.22,158.59
85461,Active,900982,NA,NA,D,1,0,1519759.105,142.93,2012,24,13.49,93.98
85462,Active,2609922,NA,NA,D,0,0,3340703.825,46.99,2000,43,4,6.88
85463,Active,561367,NA,NA,D,1,0,4114039.243,100.4,2010,16,29.48,123.84
85464,Active,2254046,NA,NA,D,0,0,6272195.25,0,2010,12,0,0
85465,Active,607183,NA,NA,D,5,1,841708.1225,93.33,2003,26,4,13.75
85466,Active,750168,NA,NA,D,5,1,2311246.829,124.2,2010,18,14.93,78.78
85467,Active,877379,NA,NA,D,10,1,2317389.413,122.6,2009,33,12.24,56.27
85468,Active,531445,NA,NA,D,5,1,1773865.209,116.33,2009,29,12.97,87.84
85469,Active,632975,NA,NA,D,3,1,2953826.548,136.95,2010,15,4.63,17.74
85470,Active,2274143,NA,NA,D,0,0,270457,113.64,2012,10,60.55,92.09
85471,Active,2682525,NA,NA,D,0,0,15544703.45,25.95,2003,3,18.75,0
85472,Active,2396829,NA,NA,D,1,0,1735906.978,63.95,1994,24,4.72,53.65
85473,Active,908336,NA,NA,D,1,0,533131.4825,63.95,1997,26,4,46.16
85474,Active,875408,NA,NA,D,3,1,4592943.41,87.4,2008,11,13.23,1937.71
85475,Active,2824831,NA,NA,D,0,0,3630830.893,110,1998,12,4.57,87.48
85476,Active,607221,NA,NA,D,4,1,2236471.788,57.67,2000,22,4,28.97
85477,Active,2366023,NA,NA,D,0,0,9823127.55,0,2001,10,7.48,0
85478,Active,540767,NA,NA,D,1,0,2790087.735,87.07,2012,13,13.07,87.07
85479,Active,224969,NA,NA,D,2,1,2116639.571,46.95,2002,32,4.39,9.99
85480,Active,2266253,NA,NA,D,13,1,229674,0,2010,26,0,0
85481,Active,873450,NA,NA,D,4,1,5671497.456,72,1995,23,4,22.94
85482,Active,2293063,NA,NA,D,6,1,491975.14,0,2014,0,0,51.73
85483,Active,882903,NA,NA,D,1,0,11658121.56,160,2001,9,7.93,113.96
85484,Active,2262663,NA,NA,D,0,0,1665023.711,429.94,2011,15,36.4,206.88
85485,Active,698998,NA,NA,D,4,1,9141495.645,61.77,2009,3,6.67,21.72
85486,Active,3784533,NA,NA,D,0,0,2272542.25,94,2014,35,34.01,65.65
85487,Active,2352056,NA,NA,D,2,1,295479.66,136.25,2000,22,7.44,80.74
85488,Active,717633,NA,NA,D,8,1,10182901.54,138.95,2000,15,4.34,63.15
85489,Active,716070,NA,NA,D,8,1,366889.545,132.14,2012,9,63.97,63.96
85490,Active,741137,NA,NA,D,0,0,7798495.254,180.67,2007,16,26.02,325.91
85491,Active,1574776,NA,NA,D,0,0,838924.8938,56.99,2009,21,28.49,56.99
85492,Active,742364,NA,NA,D,4,1,1547390.201,138,2009,13,101.69,103.99
85493,Active,1777268,NA,NA,D,2,1,1582425.028,177.95,2010,18,7.36,53.64
85494,Active,872156,NA,NA,D,0,0,1175552.594,216.48,2005,48,54.91,103.98
85495,Active,764606,NA,NA,D,6,1,3601468.693,81.95,2001,21,4.08,43.99
85496,Active,2614008,NA,NA,D,0,0,3844022.714,106.99,2003,13,53.85,57.13
85497,Active,3503187,NA,NA,D,3,1,4776932.7,148,2005,22,4.58,13.73
85498,Active,3504246,NA,NA,D,4,1,2065959,62.87,2014,17,43.59,52.51
85499,Active,531126,NA,NA,D,2,1,3607754.949,131,2009,7,23.94,130.75
85500,Active,669225,NA,NA,D,5,1,1709090.098,76.95,2009,10,4.83,4.45
85501,Active,767282,NA,NA,D,0,0,3583739.349,139.59,2007,25,4.13,98.71
85502,Active,113758,NA,NA,D,1,0,1235461.883,46.8,2002,18,4,19.72
85503,Active,630493,NA,NA,D,11,1,48323.09375,185.8,2013,41,16.36,135.64
85504,Active,764409,NA,NA,D,2,1,9063995.755,120.95,2002,7,7.68,12.11
85505,Active,218461,NA,NA,D,1,0,1638206.164,28,1995,46,4,19.8
85506,Active,892006,NA,NA,D,1,0,8438592.068,60,2008,10,28.69,54.75
85507,Active,2340210,NA,NA,D,2,1,3401828.125,0,1981,36,4,46.9
85508,Active,2595131,NA,NA,D,1,0,4219653.543,59.95,1987,14,4,79.08
85509,Active,748091,NA,NA,D,3,1,1618365.189,48.5,2000,14,6.33,57.85
85510,Active,3504052,NA,NA,D,15,1,4659359.2,123.07,2009,26,6.5,53.99
85511,Active,115498,NA,NA,D,4,1,2595348.54,100,2003,36,4,67.22
85512,Active,549411,NA,NA,D,2,1,4165848.6,76.73,2007,25,4,44.85
85513,Active,52136,NA,NA,D,9,1,268563.6288,158.47,2008,43,9.98,33.84
85514,Active,2788864,NA,NA,D,0,0,4659778.179,58,1993,3,7.93,0
85515,Active,715852,NA,NA,D,1,0,2177368.609,99.2,2011,18,56.92,151.94
85516,Active,288977,NA,NA,D,0,0,5901418.815,130,2001,15,23.94,126.75
85517,Active,874533,NA,NA,D,1,0,4339572.315,72,1996,17,8.97,87.65
85518,Active,741816,NA,NA,D,4,1,2186730.916,170.67,2008,25,9.66,979.78
85519,Active,146257,NA,NA,D,8,1,1460125.263,64,2009,13,3.08,64
85520,Active,869399,NA,NA,D,0,0,2617851.62,172.67,2007,16,4,675
85521,Active,858335,NA,NA,D,2,1,571749.65,253.4,2014,30,100.44,224.64
85522,Active,1517238,NA,NA,D,4,1,1589433.829,159.33,2014,19,88.49,149.47
85523,Active,55274,NA,NA,D,7,1,149820.3513,180.2,2009,43,19.83,68.29
85524,Active,2575187,NA,NA,D,9,1,11255770.95,0,2005,0,0,0
85525,Active,117939,NA,NA,D,3,1,1106826.39,181.8,2005,53,4.58,18.98
85526,Active,767111,NA,NA,D,1,0,1312994.115,98.95,1997,26,15.02,73.71
85527,Active,120600,NA,NA,D,2,1,2989896.301,113.8,2007,13,11.83,14.17
85528,Active,254503,NA,NA,D,10,1,302257.1875,111.95,2010,42,8.57,103.59
85529,Active,915317,NA,NA,D,5,1,1231686.033,65.48,1993,35,4.13,8.89
85530,Active,105467,NA,NA,D,5,1,226293.215,35.71,2010,22,8.26,31.8
85531,Active,862011,NA,NA,D,9,1,539498.2275,145.95,2014,19,45.98,83.99
85532,Active,119322,NA,NA,D,2,1,3483194.006,162.47,2011,29,75.94,220.73
85533,Active,698882,NA,NA,D,4,1,799316.235,105.5,2008,10,5.66,38.99
85534,Active,860749,NA,NA,D,15,1,986575.9113,137.7,2011,19,13.95,137.7
85535,Active,2335121,NA,NA,D,2,1,4820172.849,85.95,1986,25,4,18.48
85536,Active,530801,NA,NA,D,12,1,1987424.818,191.6,2009,23,5.44,31.69
85537,Active,428439,NA,NA,D,14,1,4219178.206,116.6,2007,13,4.99,63.27
85538,Active,721917,NA,NA,D,0,0,4736204.878,29,2004,11,19.54,19.54
85539,Active,1839319,NA,NA,D,1,0,657266.415,32.95,2006,22,19.75,27
85540,Active,1514224,NA,NA,D,3,1,10400286.9,130.4,2010,7,4.78,127.87
85541,Active,1566089,NA,NA,D,1,0,8386363.484,169.95,2006,9,15.76,88.99
85542,Active,742403,NA,NA,D,3,1,5373254.5,88,2009,20,4.99,16.74
85543,Active,2282546,NA,NA,D,4,1,822506.02,0,2012,7,22.92,30.11
85544,Active,60342,NA,NA,D,1,0,1332753.498,18.99,2006,55,3.92,18.99
85545,Active,875171,NA,NA,D,2,1,1274849.366,114.56,2011,20,39.23,88.49
85546,Active,917844,NA,NA,D,11,1,671641.63,113.97,2012,45,6.66,56.27
85547,Active,3710955,NA,NA,D,2,1,983242.65,84.95,2014,22,29.88,60.86
85548,Active,530641,NA,NA,D,5,1,437569.7025,110.61,2012,43,8.23,39.97
85549,Active,873829,NA,NA,D,2,1,5765020.344,47.1,2010,12,36.98,47.98
85550,Active,2261633,NA,NA,D,2,1,3403261.729,221.88,2007,19,36.39,135.42
85551,Active,2263600,NA,NA,D,8,1,1028153.4,37.6,2010,32,0,0
85552,Active,1884946,NA,NA,D,0,0,4194917.224,0,2011,9,13.97,223.62
85553,Active,878098,NA,NA,D,1,0,1804282.725,176.95,2004,26,4.98,139.97
85554,Active,3733722,NA,NA,D,0,0,1024808.9,279.99,2014,25,149.99,198.48
85555,Active,1890827,NA,NA,D,0,0,1111341.069,79.99,2013,17,33.98,44.23
85556,Active,3733744,NA,NA,D,0,0,1069647,89.99,2014,45,50.15,60.36
85557,Active,3733731,NA,NA,D,0,0,1433993.6,59.99,2014,42,39.92,40.45
85558,Active,300136,NA,NA,D,3,1,665408.8738,69.95,2003,14,5.14,0
85559,Active,420863,NA,NA,D,6,1,875131.9525,61,2000,33,4,70.46
85560,Active,874542,NA,NA,D,5,1,1567205.47,72.31,2011,16,10.7,38.99
85561,Active,430274,NA,NA,D,1,0,6369182.489,87.5,2000,19,6.74,37.35
85562,Active,2415139,NA,NA,D,1,0,11468563.53,95,1999,5,21.88,272.45
85563,Active,913460,NA,NA,D,3,1,2908869.938,110,2003,24,4.58,21.98
85564,Active,52750,NA,NA,D,7,1,1757248.314,93,2002,91,3.7,11.92
85565,Active,628640,NA,NA,D,6,1,484579.5125,195.53,2011,23,59.59,602.84
85566,Active,849894,NA,NA,D,3,1,841745.1363,303.94,1999,18,68.61,303.94
85567,Active,2258957,NA,NA,D,5,1,797256.665,136.94,2010,28,29.16,139.05
85568,Active,915803,NA,NA,D,5,1,291101.1763,151.73,2014,28,8.85,54.99
85569,Active,3272967,NA,NA,D,7,1,2040149.806,130.93,2001,27,17.33,126.84
85570,Active,829983,NA,NA,D,3,1,8152766.43,62.95,1995,23,4,74.21
85571,Active,610217,NA,NA,D,2,1,44542.38125,20,2005,46,7.97,17.83
85572,Active,876771,NA,NA,D,1,0,1611173.02,104.67,2011,32,6.24,6.29
85573,Active,889881,NA,NA,D,0,0,4100197.776,2005.31,2005,9,14.91,73.47
85574,Active,658680,NA,NA,D,2,1,931287.1275,150.87,2011,19,4.98,0
85575,Active,2247963,NA,NA,D,0,0,3774308.981,51.01,2007,33,11.6,51.33
85576,Active,3473164,NA,NA,D,7,1,2859133.65,0,2014,17,1.04,5.05
85577,Active,898077,NA,NA,D,3,1,4827169.936,447.31,1998,13,12.59,78.29
85578,Active,870988,NA,NA,D,5,1,2849098.983,80.4,2002,28,4,13.92
85579,Active,869279,NA,NA,D,6,1,1247530.639,107.07,2014,20,99.01,101.71
85580,Active,2253883,NA,NA,D,5,1,10308874.22,67.31,2007,12,17.78,56.93
85581,Active,875290,NA,NA,D,2,1,725040.7088,19.5,1995,30,5.96,18.99
85582,Active,714935,NA,NA,D,5,1,1717152.796,272.77,2006,15,23.99,199.35
85583,Active,574501,NA,NA,D,0,0,7556543.923,389,1992,13,9.6,73.45
85584,Active,870418,NA,NA,D,3,1,6567578.014,46,1998,22,3.89,80.03
85585,Active,2254006,NA,NA,D,6,1,2735509.031,23.99,2008,42,4,17.48
85586,Active,3473076,NA,NA,D,3,1,405249.4,218.73,2014,57,11.95,94.15
85587,Active,182410,NA,NA,D,7,1,3937356.28,19.99,2000,43,4.15,19.99
85588,Active,706068,NA,NA,D,3,1,2188146.823,73.99,2010,26,13.44,73.23
85589,Active,881204,NA,NA,D,1,0,2805845.653,133.33,2014,25,103.99,128
85590,Active,745557,NA,NA,D,0,0,4142982.838,240.6,2008,17,4,45.05
85591,Active,704877,NA,NA,D,0,0,1612738.55,44.94,1900,29,4,44.94
85592,Active,146624,NA,NA,D,10,1,2296195.169,147.33,2010,19,15.99,82.98
85593,Active,157860,NA,NA,D,1,0,4762022.334,140,1997,12,7.48,14.14
85594,Active,2254748,NA,NA,D,6,1,1380539.563,101.14,2006,39,7.77,72.45
85595,Active,1516293,NA,NA,D,1,0,997535.23,157.52,2011,5,136.17,116.84
85596,Active,865272,NA,NA,D,3,1,2146373.504,103.05,2011,7,37.44,103.05
85597,Active,2523287,NA,NA,D,11,1,2033913.89,23.97,1999,29,4,23.97
85598,Active,795247,NA,NA,D,8,1,2532072.564,183.95,2010,11,23.98,92.34
85599,Active,742682,NA,NA,D,6,1,3380112.305,46.63,2010,14,4.53,37.68
85600,Active,3472998,NA,NA,D,6,1,358180,165.8,2012,39,8.73,23.47
85601,Active,2407300,NA,NA,D,1,0,4375768.67,28.95,1996,15,7.99,58.17
85602,Active,748458,NA,NA,D,2,1,2736390.696,179.95,2007,17,13.3,13.98
85603,Active,562743,NA,NA,D,8,1,364861.7788,75,2000,43,11.2,60.65
85604,Active,1907802,NA,NA,D,3,1,3706871.884,113.61,2008,15,21.89,103.99
85605,Active,728741,NA,NA,D,2,1,4813548.989,64,2002,13,6.47,138.99
85606,Active,178841,NA,NA,D,8,1,255407.67,125.95,2005,25,6.47,675
85607,Active,639828,NA,NA,D,4,1,117351.3425,216.75,2012,22,78.99,123.97
85608,Active,3635091,NA,NA,D,2,1,772456.05,0,2012,16,5.22,8.99
85609,Active,121571,NA,NA,D,0,0,1955549.336,206.67,2009,17,4.96,43.99
85610,Active,869141,NA,NA,D,0,0,3230588.799,61.6,2005,13,16.39,0
85611,Active,885419,NA,NA,D,2,1,3439349.369,29.89,2010,6,64.87,27.99
85612,Active,571177,NA,NA,D,0,0,4178001.869,59.26,2009,23,4.48,18.99
85613,Active,900752,NA,NA,D,8,1,630916.6088,49.14,2013,31,10.28,48.54
85614,Active,744973,NA,NA,D,0,0,2912572.621,370.4,2005,10,7.98,42.45
85615,Active,2579262,NA,NA,D,0,0,4603001.79,0,1969,17,4.98,0
85616,Active,285795,NA,NA,D,5,1,1525536.241,67.6,2000,28,4,25.01
85617,Active,3464507,NA,NA,D,4,1,685022.55,0,1900,26,4.77,45.23
85618,Active,1437833,NA,NA,D,3,1,913309.885,189.25,2008,15,21.73,53.49
85619,Active,533566,NA,NA,D,14,1,75796.19,227.95,2012,45,50.72,186.19
85620,Active,869747,NA,NA,D,0,0,4035320.67,89.93,2008,22,21.46,164.67
85621,Active,454149,NA,NA,D,2,1,3691013.19,120,2009,18,4,72.31
85622,Active,603628,NA,NA,D,0,0,2370986.704,77.5,2006,22,4.5,93.2
85623,Active,742221,NA,NA,D,1,0,1082161.115,258,2009,17,21.63,675
85624,Active,2272644,NA,NA,D,1,0,1012016.801,68.1,2011,46,7.98,24.12
85625,Active,1884666,NA,NA,D,0,0,2505735.04,135.83,2008,13,26.74,675
85626,Active,663177,NA,NA,D,3,1,528463.6838,240.13,2013,20,28.54,123.99
85627,Active,871591,NA,NA,D,0,0,915593.2763,48.96,2003,14,23.49,73.25
85628,Active,153919,NA,NA,D,1,0,322474.945,75.21,2005,55,4.44,6.48
85629,Active,2253243,NA,NA,D,2,1,2731916.541,19.86,2009,21,5.59,30.81
85630,Active,3485372,NA,NA,D,2,1,5837466.3,91.67,2009,9,31.99,31.99
85631,Active,2249812,NA,NA,D,1,0,4256651.249,15.47,2006,31,6.53,15.14
85632,Active,2375838,NA,NA,D,3,1,487187.405,91.2,2003,32,4.97,68.55
85633,Active,253994,NA,NA,D,4,1,1392079.494,116.95,2010,19,14.58,0
85634,Active,536718,NA,NA,D,8,1,1241595.534,110.67,2012,24,14.27,0
85635,Active,2258102,NA,NA,D,13,1,1471716.599,92.78,2013,23,32,63.84
85636,Active,906852,NA,NA,D,0,0,2212469.259,64.95,1997,29,5.57,48.13
85637,Active,246339,NA,NA,D,5,1,1239530.741,675,2003,9,8.45,675
85638,Active,3089326,NA,NA,D,0,0,2837993.506,11.96,2004,16,5.31,11.96
85639,Active,863005,NA,NA,D,5,1,5809330.549,86.85,2001,10,13.78,86.53
85640,Active,147259,NA,NA,D,5,1,837231.9725,130,2004,25,17.69,122.99
85641,Active,56200,NA,NA,D,14,1,2056211.793,144.95,2004,25,4,23.98
85642,Active,3467878,NA,NA,D,1,0,4336079.1,131,2000,18,26.22,47.89
85643,Active,711760,NA,NA,D,9,1,4393585.193,121.67,2001,13,10.93,21.53
85644,Active,1518372,NA,NA,D,5,1,6652606.55,0,2011,0,0,0
85645,Active,2259271,NA,NA,D,5,1,8264671.95,131.98,2008,23,50.62,129.47
85646,Active,872311,NA,NA,D,3,1,669163.7963,62.31,2010,22,15.36,45.88
85647,Active,2344457,NA,NA,D,6,1,3193268.854,0,1981,11,4.58,0
85648,Active,645546,NA,NA,D,2,1,483214.0475,84.95,2007,8,9.12,0
85649,Active,869609,NA,NA,D,0,0,1137041.09,118.75,2004,23,10.99,79.12
85650,Active,912256,NA,NA,D,4,1,5826396.003,37.2,1998,30,4.57,28.18
85651,Active,903167,NA,NA,D,6,1,3615959.983,154.73,2009,17,20.89,251.72
85652,Active,874224,NA,NA,D,0,0,2973992.595,29,1988,26,4,31.97
85653,Active,861415,NA,NA,D,10,1,1265855.173,229.93,2013,17,23.91,233.99
85654,Active,610312,NA,NA,D,4,1,285655.7688,240.47,2013,25,18.45,189.94
85655,Active,2600304,NA,NA,D,0,0,495203.9525,29.99,1994,46,4.65,32.92
85656,Active,1516463,NA,NA,D,1,0,525984.0075,108,2015,23,38.04,107.58
85657,Active,109572,NA,NA,D,1,0,1912069.975,13.94,2005,21,12.86,29.95
85658,Active,60472,NA,NA,D,8,1,968927.7863,181,2007,41,7.08,52.07
85659,Active,875824,NA,NA,D,10,1,1395546.301,53.98,2012,8,29.94,53.98
85660,Active,420449,NA,NA,D,2,1,5974825.346,81,2000,16,4.43,16.52
85661,Active,50928,NA,NA,D,9,1,1758777.796,4.89,2003,39,4,4.96
85662,Active,658370,NA,NA,D,13,1,1857798.839,313.95,2011,16,18.96,331.95
85663,Active,114211,NA,NA,D,3,1,1283250.296,139,2001,31,10.73,53.99
85664,Active,841310,NA,NA,D,0,0,327037.1363,0,1992,20,9.77,0
85665,Active,1519323,NA,NA,D,1,0,603832.935,99.95,2015,36,8.8,53.98
85666,Active,3303371,NA,NA,D,1,0,1527737.929,129.41,2005,24,14.95,68.67
85667,Active,3763566,NA,NA,D,0,0,806731.55,79.99,2015,37,38.99,47.92
85668,Active,452813,NA,NA,D,2,1,986330.5325,171.95,2009,12,16.82,165.07
85669,Active,1516764,NA,NA,D,1,0,1017673.105,82,2012,37,4,5.19
85670,Active,3311128,NA,NA,D,1,0,2393486.35,128.07,2013,13,15.36,0
85671,Active,778811,NA,NA,D,6,1,8091437.144,172.95,2010,10,12.12,120.28
85672,Active,885086,NA,NA,D,3,1,2098521.143,80.13,2009,12,32.88,39.65
85673,Active,3474708,NA,NA,D,2,1,12724971.15,34,1992,21,3.99,19.99
85674,Active,2434104,NA,NA,D,0,0,1002214.861,24,1999,73,3.65,5.23
85675,Active,116343,NA,NA,D,6,1,1220765.099,150.53,2010,29,43.5,43.52
85676,Active,715678,NA,NA,D,10,1,2551241.836,158.4,2011,15,14.47,0
85677,Active,108599,NA,NA,D,12,1,898748.2875,124.38,2003,49,4,35.39
85678,Active,251948,NA,NA,D,6,1,3276361.248,210.95,2008,18,9.49,178.08
85679,Active,871164,NA,NA,D,2,1,3411309.75,241.95,2015,13,53.79,135.53
85680,Active,52496,NA,NA,D,5,1,769058.9788,64,2008,35,7.49,47.95
85681,Active,742629,NA,NA,D,4,1,1054736.318,78.18,2009,17,4,59.57
85682,Active,877984,NA,NA,D,2,1,1651002.803,160.5,2009,30,4.48,55.66
85683,Active,145361,NA,NA,D,10,1,1212318.986,152.67,2006,25,6.48,48.94
85684,Active,619178,NA,NA,D,3,1,1191393.436,134,2010,31,4.79,9.99
85685,Active,53951,NA,NA,D,8,1,582334.4163,152.67,2005,64,4.58,43.43
85686,Active,704944,NA,NA,D,4,1,3816043.756,6,2004,25,4.57,6
85687,Active,540621,NA,NA,D,4,1,2262631.705,199.33,2010,15,40.49,41.99
85688,Active,875536,NA,NA,D,0,0,1436047.068,675,2006,11,5.78,675
85689,Active,1513993,NA,NA,D,2,1,12820760.97,178.67,2008,10,31.37,0
85690,Active,747048,NA,NA,D,8,1,377482.905,441.58,2010,20,6.46,441.43
85691,Active,212911,NA,NA,D,2,1,2462324.335,99.95,1999,13,28.24,72.33
85692,Active,871842,NA,NA,D,3,1,3119751.341,41.95,1998,15,5.98,49.95
85693,Active,263359,NA,NA,D,0,0,381602.3838,145,2006,25,23.99,114.1
85694,Active,876006,NA,NA,D,8,1,779097.3375,158.34,2009,40,7.79,107.16
85695,Active,53479,NA,NA,D,7,1,329342.3063,138,2005,33,11.75,129.79
85696,Active,1455225,NA,NA,D,10,1,2293997.97,157.8,2014,24,66.75,141.85
85697,Active,710300,NA,NA,D,2,1,5546164.805,90.2,2000,24,4,4.99
85698,Active,569465,NA,NA,D,5,1,3424991.621,72.95,1995,32,4.38,15.98
85699,Active,2368138,NA,NA,D,0,0,17028945.7,20,2003,1,23.34,22.95
85700,Active,875424,NA,NA,D,7,1,9655023.403,13.99,2011,9,4,13.49
85701,Active,897899,NA,NA,D,0,0,853427.2763,84,2005,11,28.84,140.83
85702,Active,50298,NA,NA,D,4,1,2027973.41,9.21,2005,42,4,9.87
85703,Active,136959,NA,NA,D,2,1,1219295.77,62,2001,21,28.97,89.75
85704,Active,533935,NA,NA,D,4,1,5265572.38,93,2001,15,10.03,26.94
85705,Active,1510020,NA,NA,D,3,1,6134472.441,24.92,2006,7,18.23,24.92
85706,Active,348456,NA,NA,D,5,1,2609888.754,20.81,2004,11,8.67,28.99
85707,Active,105405,NA,NA,D,7,1,143047.5288,68.1,2005,23,27.97,57.16
85708,Active,132936,NA,NA,D,7,1,1911711.89,188.27,2008,19,104.61,178.99
85709,Active,116019,NA,NA,D,0,0,1411236.25,117,2005,15,4.8,10.06
85710,Active,148502,NA,NA,D,1,0,4078131.796,212.95,2005,11,6.24,78.94
85711,Active,399720,NA,NA,D,9,1,6687403.924,85.43,2008,15,6.95,39.21
85712,Active,61198,NA,NA,D,8,1,2088041.368,287.95,2006,22,6.35,42.99
85713,Active,861453,NA,NA,D,2,1,367902.2663,93.95,2013,32,49.48,103.13
85714,Active,2934801,NA,NA,D,0,0,8248471.8,106.95,2004,6,9.49,152.81
85715,Active,537238,NA,NA,D,4,1,1735924.664,172.8,2012,24,47.99,172.83
85716,Active,2348202,NA,NA,D,3,1,6402650.7,8,2002,16,6.3,131.71
85717,Active,2226335,NA,NA,D,0,0,954854.5488,21.94,2010,7,10.63,22.83
85718,Active,2186715,NA,NA,D,1,0,9203717.495,99,2010,0,0,0
85719,Active,243795,NA,NA,D,0,0,1583846.32,116,2011,17,30.09,112
85720,Active,2422112,NA,NA,D,0,0,2495690.374,96.89,1975,23,9.08,530.87
85721,Active,307850,NA,NA,D,9,1,481284.7975,74.98,2009,26,19.97,54.88
85722,Active,873866,NA,NA,D,3,1,931671.32,106.4,2013,17,53.99,102.34
85723,Active,2502523,NA,NA,D,1,0,2149924.343,79.95,2002,16,58.69,192.25
85724,Active,177677,NA,NA,D,1,0,3066129.735,94.95,2002,29,4,10.97
85725,Active,322532,NA,NA,D,8,1,3086377.539,63,1999,14,4,87.65
85726,Active,2569246,NA,NA,D,5,1,1693684.681,48.77,1976,37,5.11,46.99
85727,Active,2255141,NA,NA,D,4,1,1373783.8,104.88,2009,32,0,0
85728,Active,2565171,NA,NA,D,6,1,5811774.204,10.98,2003,14,4,10.98
85729,Active,103952,NA,NA,D,1,0,1187779.659,63.98,1996,32,4.97,50.09
85730,Active,333836,NA,NA,D,1,0,2928374.49,109,2000,11,33.99,107.59
85731,Active,191813,NA,NA,D,1,0,567680.7263,89.32,1996,32,4,0
85732,Active,656044,NA,NA,D,5,1,2395299.46,190,2010,18,12.97,190
85733,Active,742367,NA,NA,D,2,1,5680571.756,112,2009,14,5.34,8.1
85734,Active,896003,NA,NA,D,2,1,4261874.464,138.67,2009,16,4.73,57.34
85735,Active,182824,NA,NA,D,5,1,454018.0525,279.95,2006,78,4.14,53.24
85736,Active,291379,NA,NA,D,0,0,881297.8675,56,2002,29,6.39,68.75
85737,Active,717050,NA,NA,D,12,1,1534216.563,150,2007,13,27.49,50.19
85738,Active,869018,NA,NA,D,1,0,3969542.245,180,2012,13,32.25,0
85739,Active,2255243,NA,NA,D,0,0,1465403.219,28.75,2010,37,11.19,19.33
85740,Active,751552,NA,NA,D,0,0,5235299.799,42.8,2010,7,4.35,42.8
85741,Active,2760671,NA,NA,D,1,0,3772093.913,98.95,2001,29,4,9.99
85742,Active,766450,NA,NA,D,3,1,611071.9513,179.95,2011,29,26.84,151.14
85743,Active,843517,NA,NA,D,0,0,3873869.705,40.76,1983,37,4,51.53
85744,Active,797472,NA,NA,D,2,1,2127955.811,49.99,2013,16,17.59,31
85745,Active,553155,NA,NA,D,9,1,1008796.536,171.87,2011,37,7.18,115.6
85746,Active,878763,NA,NA,D,2,1,604712.4813,73.8,2008,22,18.89,108.63
85747,Active,144215,NA,NA,D,3,1,1156866.134,112,1999,29,4,17.48
85748,Active,115917,NA,NA,D,1,0,1314403.131,67.95,2006,58,3.99,16.84
85749,Active,3472357,NA,NA,D,3,1,1800662.9,78,2010,43,8.94,20.94
85750,Active,710381,NA,NA,D,2,1,1807292.003,52,2000,47,4,42.57
85751,Active,711312,NA,NA,D,1,0,1548728.851,26.67,2000,22,4,8.99
85752,Active,497866,NA,NA,D,5,1,177115.5613,194.5,2008,23,29.75,29.74
85753,Active,654425,NA,NA,D,1,0,558505.9463,55,2008,14,49.94,56.26
85754,Active,54355,NA,NA,D,4,1,1697780.034,89.95,2005,52,3.95,19.99
85755,Active,2745317,NA,NA,D,1,0,5053656.575,95.95,2000,11,11.81,26.39
85756,Active,906544,NA,NA,D,0,0,40886.5775,49.99,1997,28,21.93,32.58
85757,Active,3729537,NA,NA,D,0,0,1030392.5,69.99,2011,47,43.73,47.61
85758,Active,301974,NA,NA,D,2,1,3251094.116,358.19,2006,12,23.82,115.36
85759,Active,576650,NA,NA,D,1,0,1989152.155,177.95,2008,21,12.79,11.44
85760,Active,2479209,NA,NA,D,3,1,1847304.211,148,2005,16,22.72,602.99
85761,Active,576675,NA,NA,D,6,1,1826493.148,192.95,2007,29,4.39,15.98
85762,Active,716700,NA,NA,D,4,1,1337724.393,102.98,2008,14,23.98,102.97
85763,Active,173396,NA,NA,D,0,0,420632.19,59.99,1997,63,11.67,51.31
85764,Active,859027,NA,NA,D,4,1,3825244.391,71.4,2003,12,9.97,20.08
85765,Active,109074,NA,NA,D,1,0,2109041.456,602.35,2004,17,18.74,69.77
85766,Active,1570913,NA,NA,D,4,1,2619428.696,110,2011,8,17.63,83.72
85767,Active,727000,NA,NA,D,2,1,2768640.28,34.6,1997,24,4.39,41.47
85768,Active,417294,NA,NA,D,2,1,1810786.723,92.03,2011,8,50.98,48.98
85769,Active,870180,NA,NA,D,2,1,467192.7088,190.87,2014,23,103.94,179.6
85770,Active,612940,NA,NA,D,8,1,1575430.78,147.67,2007,69,4,11.97
85771,Active,711770,NA,NA,D,5,1,731777.4675,98.72,2010,17,33.79,87.78
85772,Active,655797,NA,NA,D,8,1,272599.335,165.8,2013,42,7.37,65.62
85773,Active,566940,NA,NA,D,1,0,3266522.624,7.99,2001,22,4,7.99
85774,Active,893277,NA,NA,D,6,1,1371381.389,36.52,2009,12,8.97,51.26
85775,Active,54970,NA,NA,D,5,1,654775.4475,284.95,2007,34,11.06,24.94
85776,Active,539497,NA,NA,D,3,1,9627626.909,0,2011,0,0,0
85777,Active,715634,NA,NA,D,1,0,675205.48,127.4,2011,20,22.47,70.59
85778,Active,3614382,NA,NA,D,0,0,9297505,0,1975,16,4.17,0
85779,Active,313705,NA,NA,D,5,1,3722532.586,85.8,2002,24,4,19.99
85780,Active,2336396,NA,NA,D,2,1,12279019.3,0,1994,10,6.53,0
85781,Active,3462315,NA,NA,D,3,1,114848.4475,23.19,2012,12,18.99,21.02
85782,Active,698663,NA,NA,D,10,1,1823527.581,85,2011,22,4.53,35.94
85783,Active,2255984,NA,NA,D,8,1,9036367.835,22.84,2010,29,11.43,88.99
85784,Active,2249053,NA,NA,D,4,1,897172.1225,51.4,2006,35,7.08,37.47
85785,Active,114871,NA,NA,D,4,1,5157697.11,130,2002,26,4.58,17.62
85786,Active,111398,NA,NA,D,1,0,3759088.113,0,2010,17,40.73,0
85787,Active,699229,NA,NA,D,2,1,3689054.15,0,2012,9,26.99,0
85788,Active,860405,NA,NA,D,6,1,240021.1363,102.95,2011,30,11.37,58.87
85789,Active,878394,NA,NA,D,0,0,3594197.228,0,1975,8,16.48,0
85790,Active,869552,NA,NA,D,7,1,1286578.058,385.06,2005,9,22.22,675
85791,Active,2312130,NA,NA,D,0,0,4793829.2,0,1994,12,6.39,0
85792,Active,3743875,NA,NA,D,0,0,17225718,79.99,2016,0,0,0
85793,Active,130483,NA,NA,D,1,0,2510033.243,80.67,2011,25,4.88,68.57
85794,Active,1455210,NA,NA,D,3,1,313157.5688,53.4,2014,5,50.7,53.39
85795,Active,902941,NA,NA,D,1,0,885208.0488,92,2014,37,22.7,85.75
85796,Active,860409,NA,NA,D,8,1,328721.7925,58.08,2010,28,15.42,63.98
85797,Active,392961,NA,NA,D,1,0,1184132.519,144.99,2008,8,11.12,15.27
85798,Active,872115,NA,NA,D,0,0,5255276.873,78.67,2007,18,5.96,77.55
85799,Active,164934,NA,NA,D,7,1,2254140.613,69.78,1999,17,4.25,62.45
85800,Active,884853,NA,NA,D,1,0,7993647.986,165.93,2008,5,68.94,0
85801,Active,3002790,NA,NA,D,7,1,1476609.065,120,2015,8,86.56,57.99
85802,Active,2256845,NA,NA,D,0,0,2258310.595,56.65,2011,23,19.68,99.61
85803,Active,742622,NA,NA,D,10,1,1866233.261,19,2010,22,8.12,83.34
85804,Active,800037,NA,NA,D,5,1,7594412.828,125,2005,6,10.49,675
85805,Active,549078,NA,NA,D,4,1,1991223.039,143.45,1989,29,4.94,66.22
85806,Active,2267764,NA,NA,D,0,0,690981,503.22,2010,16,25.94,60.46
85807,Active,793449,NA,NA,D,2,1,5027642.923,175,2002,10,33.08,175
85808,Active,198976,NA,NA,D,1,0,4122764,53.95,1998,45,4,13.49
85809,Active,2802397,NA,NA,D,2,1,14546265.05,0,2004,0,0,0
85810,Active,147671,NA,NA,D,8,1,2220951.335,134,2011,13,16.55,126.97
85811,Active,887350,NA,NA,D,0,0,2027564.324,135.07,2015,8,92.96,135.07
85812,Active,876039,NA,NA,D,1,0,2593126.801,103.25,2008,17,6.87,8.74
85813,Active,2253838,NA,NA,D,2,1,7690974.265,102.68,2008,28,28.94,114.2
85814,Active,2580710,NA,NA,D,1,0,13441065.42,165,2000,5,7.3,150.13
85815,Active,2405056,NA,NA,D,2,1,7440144.615,55,1988,11,4,0
85816,Active,2387382,NA,NA,D,0,0,16063811.9,0,1970,15,3.99,0
85817,Active,874933,NA,NA,D,2,1,3239436.103,100.07,2012,14,63.51,0
85818,Active,881912,NA,NA,D,0,0,10122084.45,0,1984,7,10.93,0
85819,Active,666463,NA,NA,D,10,1,827604.435,148.95,2012,16,45.55,69.14
85820,Active,52144,NA,NA,D,1,0,1760003.169,21.01,2005,67,4,21.02
85821,Active,632789,NA,NA,D,4,1,1312787.82,34,1996,20,4,49.85
85822,Active,570457,NA,NA,D,1,0,133063.9,241.95,2010,34,27.39,118.67
85823,Active,716291,NA,NA,D,6,1,1369111.701,264.27,2011,34,17.79,108.99
85824,Active,570292,NA,NA,D,0,0,7994467.986,100.01,2000,16,4.35,100.01
85825,Active,57589,NA,NA,D,2,1,2635961.189,138.24,2001,11,9.63,83.91
85826,Active,871767,NA,NA,D,4,1,4049476.665,335.85,2002,18,13.59,18.98
85827,Active,2266931,NA,NA,D,1,0,9220818.95,163.61,2009,15,33.86,162.02
85828,Active,2300626,NA,NA,D,3,1,2175848.879,223.58,2004,16,16.62,162.19
85829,Active,913859,NA,NA,D,3,1,921156.9275,140,2002,42,5.23,28.68
85830,Active,2387783,NA,NA,D,0,0,5772646.625,0,1985,34,4.56,56.21
85831,Active,880350,NA,NA,D,0,0,956468.4725,70,2004,16,10.99,57.09
85832,Active,873095,NA,NA,D,3,1,4392309.078,101.21,2007,17,5.87,101.19
85833,Active,871235,NA,NA,D,0,0,2733283.171,65,1998,7,8.48,0
85834,Active,2323455,NA,NA,D,0,0,12292405.06,57.95,1993,19,4,48.57
85835,Active,741308,NA,NA,D,2,1,2361558.994,79.67,2007,13,43.78,68.8
85836,Active,876289,NA,NA,D,7,1,402835.7638,35.99,2013,12,43.86,43.99
85837,Active,642345,NA,NA,D,1,0,312897.6175,126.87,2011,30,6.24,43.99
85838,Active,50207,NA,NA,D,2,1,2892492.851,122.5,2001,55,4.27,11.99
85839,Active,2299367,NA,NA,D,6,1,396214.1613,0,2015,0,0,80.44
85840,Active,869188,NA,NA,D,5,1,2770903.383,115.47,2013,10,13.89,13.98
85841,Active,804250,NA,NA,D,2,1,2350984.88,96.21,2007,10,36.5,18.94
85842,Active,3463387,NA,NA,D,3,1,2784365.8,166.95,2003,52,4.13,5.99
85843,Active,2616755,NA,NA,D,0,0,14910405.95,0,1981,8,4.34,0
85844,Active,213083,NA,NA,D,2,1,2689159.161,44.95,2004,28,4,49.79
85845,Active,2252824,NA,NA,D,3,1,2102307.179,30.12,2006,44,10.77,36.71
85846,Active,795123,NA,NA,D,1,0,3426399.924,192.95,1999,15,18.45,134.36
85847,Active,199444,NA,NA,D,1,0,826369.3288,58.95,1999,26,5.42,14.67
85848,Active,770866,NA,NA,D,0,0,3992047.595,86.76,2004,16,4.79,93.24
85849,Active,620072,NA,NA,D,1,0,180308.3638,93.8,2012,22,16.39,964.48
85850,Active,912696,NA,NA,D,0,0,1153446.238,39.95,2003,34,4,6.59
85851,Active,1498376,NA,NA,D,0,0,1152080.233,84.99,2011,13,37.95,45.59
85852,Active,900518,NA,NA,D,0,0,1409912.738,74.99,2013,14,37.98,42.7
85853,Active,2021482,NA,NA,D,0,0,671040.8813,31.98,2008,10,42.46,31.7
85854,Active,2260703,NA,NA,D,2,1,3732387.6,0,2011,7,0,0
85855,Active,2508272,NA,NA,D,7,1,12912048.52,68.9,2003,0,0,0
85856,Active,477660,NA,NA,D,1,0,1551354.825,134.95,2005,19,4.35,59.99
85857,Active,3802520,NA,NA,D,0,0,1384205.85,77.99,2013,19,36.5,44.43
85858,Active,1857700,NA,NA,D,3,1,4124176.034,134.95,2007,13,55.33,143.65
85859,Active,1518028,NA,NA,D,7,1,5582453.519,123,2009,10,6.65,6.65
85860,Active,60692,NA,NA,D,1,0,618100.7988,110.6,2005,85,4,19.57
85861,Active,875829,NA,NA,D,2,1,1368011.956,153.47,2013,21,50.67,153.63
85862,Active,1448004,NA,NA,D,3,1,12339605.45,0,2006,5,22.97,0
85863,Active,3631035,NA,NA,D,7,1,12845349.9,0,2009,0,0,0
85864,Active,874893,NA,NA,D,0,0,8985093.85,123.6,2004,3,39.99,0
85865,Active,876717,NA,NA,D,9,1,2961475.64,37.96,2009,30,4.38,37.96
85866,Active,163506,NA,NA,D,2,1,3278033.315,25.74,2001,37,4,15.41
85867,Active,541222,NA,NA,D,3,1,603505.125,204.5,2008,17,4,127.61
85868,Active,2333378,NA,NA,D,2,1,1500812.143,115.05,1996,32,4,50.61
85869,Active,285225,NA,NA,D,7,1,2790097.449,39.98,2004,27,4.53,39.98
85870,Active,899872,NA,NA,D,2,1,5787066.406,50.53,1984,15,8.98,50.8
85871,Active,710323,NA,NA,D,3,1,2877199.676,58,2000,34,4,4.8
85872,Active,1693888,NA,NA,D,2,1,2479676.435,59,2006,15,4,50.51
85873,Active,869764,NA,NA,D,0,0,7057309.786,8.92,2005,12,3.99,8.92
85874,Active,613815,NA,NA,D,2,1,1497224.259,62.95,2000,50,4,10.98
85875,Active,872889,NA,NA,D,19,1,4177428.81,68.96,2010,8,7.24,35.98
85876,Active,647028,NA,NA,D,0,0,483481.6838,76.95,2012,57,5.97,49.98
85877,Active,874038,NA,NA,D,1,0,876265.6475,275.33,2013,24,4.98,135.1
85878,Active,3951275,NA,NA,D,3,1,164743.35,0,2012,14,19.29,16.53
85879,Active,132971,NA,NA,D,6,1,2435964.68,188.07,2009,24,12.54,49.23
85880,Active,871802,NA,NA,D,7,1,478447.1288,76.61,2011,24,5.04,45.46
85881,Active,184511,NA,NA,D,3,1,3149770.245,31.95,2001,15,24.07,124.38
85882,Active,3485354,NA,NA,D,0,0,4921882.15,133,2008,15,43.52,0
85883,Active,579421,NA,NA,D,1,0,3951618.004,180.27,2006,21,16.24,495
85884,Active,899365,NA,NA,D,1,0,1924235.513,126.67,2013,25,16.32,92.69
85885,Active,871892,NA,NA,D,5,1,7478340.11,123.05,1994,16,6.09,73.35
85886,Active,1829866,NA,NA,D,9,1,186572.655,317.95,2015,36,140.3,214.92
85887,Active,875995,NA,NA,D,4,1,991759.6575,26.97,1998,24,4,26.48
85888,Active,1596358,NA,NA,D,0,0,97300.71,188.95,2015,24,53.65,63.64
85889,Active,791711,NA,NA,D,1,0,6923710.854,0,2005,37,3.6,0
85890,Active,145780,NA,NA,D,2,1,1942746.026,248.6,2007,25,13.62,675
85891,Active,541219,NA,NA,D,2,1,1401814.871,169,2000,25,43.26,111.56
85892,Active,2252762,NA,NA,D,10,1,4778307.153,115.12,2009,36,27.86,105.32
85893,Active,1574670,NA,NA,D,6,1,1677313.556,213.95,2007,7,49,72.73
85894,Active,1879634,NA,NA,D,0,0,3316300.65,49.64,2008,27,4.64,40
85895,Active,904479,NA,NA,D,0,0,1788257.099,39,1998,20,4,37.42
85896,Active,2459902,NA,NA,D,0,0,14582557.9,0,1997,12,5.75,0
85897,Active,2250750,NA,NA,D,7,1,496800.9,68.61,2009,24,0,0
85898,Active,883200,NA,NA,D,3,1,5201586.449,105,2003,5,4,0
85899,Active,868811,NA,NA,D,2,1,3089270.103,0,1974,9,4.13,0
85900,Active,897841,NA,NA,D,2,1,1896142.346,148.01,1996,16,6.45,95.13
85901,Active,901579,NA,NA,D,2,1,4678486.098,109.4,2004,12,4,108.51
85902,Active,872082,NA,NA,D,5,1,2711764.534,59.95,2001,19,4.31,16.32
85903,Active,3801408,NA,NA,D,0,0,2520702.55,62.99,2013,33,33.97,42.38
85904,Active,145942,NA,NA,D,3,1,1701447.016,183.33,2008,16,8.83,0
85905,Active,536586,NA,NA,D,4,1,911951.5,261.6,2011,22,55.54,187.49
85906,Active,907885,NA,NA,D,6,1,566886.875,88.6,2004,36,12.97,78.17
85907,Active,535851,NA,NA,D,2,1,214123.1575,211.25,2012,24,36.74,103.99
85908,Active,810166,NA,NA,D,7,1,451631.8763,249,2009,17,9.95,0
85909,Active,877702,NA,NA,D,7,1,886688.085,140,2005,27,10.37,21.98
85910,Active,742934,NA,NA,D,5,1,1996089.878,210,2010,31,50.58,203.98
85911,Active,618735,NA,NA,D,3,1,975489.7475,204,2008,31,13.98,100.63
85912,Active,610381,NA,NA,D,2,1,182332.98,367.95,2010,47,24.64,225.96
85913,Active,2261924,NA,NA,D,4,1,8240979.368,142.31,2010,24,24.87,140.48
85914,Active,901585,NA,NA,D,3,1,4247891.62,31.67,1992,18,4,32.94
85915,Active,642703,NA,NA,D,2,1,6117981.908,46.95,1995,16,4.52,16.94
85916,Active,643271,NA,NA,D,1,0,2170777.673,89,1999,28,5.62,72.43
85917,Active,1458972,NA,NA,D,1,0,593536.265,292.87,2014,21,79.51,228.94
85918,Active,456898,NA,NA,D,11,1,1491347.47,294.95,2010,13,37.74,234.83
85919,Active,880763,NA,NA,D,13,1,559953.2788,299.22,2011,32,6.15,146.11
85920,Active,308997,NA,NA,D,1,0,2186063.526,23.99,2006,56,4.16,23.98
85921,Active,563798,NA,NA,D,2,1,6322708.768,78,1997,18,5.23,47.99
85922,Active,877920,NA,NA,D,8,1,1249846.233,147.2,2010,22,17.93,53.43
85923,Active,495814,NA,NA,D,0,0,10590739.64,60,2006,10,6.93,675
85924,Active,559032,NA,NA,D,11,1,1626018.253,129.5,2011,16,9.68,38.98
85925,Active,3645303,NA,NA,D,0,0,2078582.05,54.95,2015,27,50.28,51.08
85926,Active,873946,NA,NA,D,9,1,182802.8538,27.44,2011,18,15.99,23.98
85927,Active,804247,NA,NA,D,2,1,1986309.446,168.95,2007,16,38.49,152.57
85928,Active,1451021,NA,NA,D,0,0,4027544.286,0,2013,11,14.93,73.99
85929,Active,56998,NA,NA,D,2,1,4470366.448,35.95,1996,24,4,8.28
85930,Active,2344274,NA,NA,D,1,0,7309505.621,28.87,1977,18,4,28.87
85931,Active,607725,NA,NA,D,7,1,8181857.669,86,2007,9,13.89,16.98
85932,Active,3745838,NA,NA,D,0,0,609896.85,200,2014,37,33.89,151.31
85933,Active,877449,NA,NA,D,0,0,4353426.51,286.78,2005,17,4,23.99
85934,Active,918837,NA,NA,D,8,1,768985.0288,78.84,2007,58,10.99,53.99
85935,Active,891924,NA,NA,D,0,0,2514529.293,142.6,2008,15,13.93,58.49
85936,Active,60790,NA,NA,D,10,1,476612.8263,169.95,2005,134,4,13.19
85937,Active,295025,NA,NA,D,1,0,2513670.576,59.95,2004,26,3.98,44.43
85938,Active,366654,NA,NA,D,4,1,1116997.726,52.95,2007,21,43.41,675
85939,Active,699151,NA,NA,D,3,1,9052907.066,33.25,2009,7,7.65,38.18
85940,Active,322707,NA,NA,D,7,1,1832330.873,4.66,2006,48,4,4.58
85941,Active,899688,NA,NA,D,1,0,3485021.615,110,2010,12,73.99,0
85942,Active,278665,NA,NA,D,1,0,1087964.106,79.95,2007,30,4,18
85943,Active,872787,NA,NA,D,3,1,3664359.519,93.33,2012,13,87.21,90.39
85944,Active,3842738,NA,NA,D,2,1,5378127.85,49.95,1995,36,4.03,37.44
85945,Active,2258586,NA,NA,D,6,1,302636.7225,101.72,2007,17,26.4,84.44
85946,Active,1458193,NA,NA,D,0,0,4749015.915,0,2008,8,4,18.73
85947,Active,194855,NA,NA,D,0,0,789453.5425,26.95,2003,34,4.47,10.69
85948,Active,158102,NA,NA,D,0,0,3477348.531,170,2005,22,61.59,144.25
85949,Active,2485982,NA,NA,D,8,1,3098889.466,84.95,2005,9,53.94,103.99
85950,Active,2250795,NA,NA,D,0,0,4727948.3,0,2007,8,0,0
85951,Active,533501,NA,NA,D,6,1,10529.48875,128.8,2012,57,77.51,93.97
85952,Active,265846,NA,NA,D,4,1,1888195.963,132,2002,29,6.48,38.99
85953,Active,613479,NA,NA,D,0,0,1470877.636,76.95,2004,45,4,8.49
85954,Active,869419,NA,NA,D,3,1,2300204.366,65,2000,8,5.04,0
85955,Active,2062512,NA,NA,D,0,0,1366105.391,60,2014,8,36.38,41.98
85956,Active,2248686,NA,NA,D,0,0,5853077.725,136.76,2009,43,16.93,74.82
85957,Active,433335,NA,NA,D,2,1,5180897.634,119,2005,9,10.28,66.95
85958,Active,911199,NA,NA,D,0,0,3361231.85,39.79,2009,24,4.33,28.99
85959,Active,1482688,NA,NA,D,11,1,4994256.289,185.47,2010,14,61.99,333.67
85960,Active,873024,NA,NA,D,7,1,921846.6113,113.8,2011,14,83.99,107.86
85961,Active,1538422,NA,NA,D,6,1,6972520.354,180,2007,11,118.14,156.48
85962,Active,852170,NA,NA,D,1,0,4254883.518,9.01,2000,20,4.08,4.17
85963,Active,2691190,NA,NA,D,0,0,4890933.078,96,2004,14,20.86,86.2
85964,Active,869271,NA,NA,D,7,1,2058982.174,83.27,2012,18,36.38,129.81
85965,Active,901734,NA,NA,D,6,1,5601568.794,71.99,2004,20,13.81,146.5
85966,Active,802418,NA,NA,D,0,0,10305714.18,16.06,2006,8,4,16.05
85967,Active,895028,NA,NA,D,3,1,2828922.796,39.95,1992,19,4,44.27
85968,Active,53324,NA,NA,D,10,1,170356.1088,148.89,2010,43,8.47,33.99
85969,Active,1855096,NA,NA,D,3,1,5031887.031,93.95,2009,1,103.99,0
85970,Active,2250806,NA,NA,D,1,0,811091.8288,78.4,2008,10,7.49,103.86
85971,Active,2653448,NA,NA,D,0,0,4205319.925,100.36,1990,18,6.6,47.33
85972,Active,3042298,NA,NA,D,1,0,1034126.209,82.8,2000,23,25.9,73.97
85973,Active,913411,NA,NA,D,10,1,1299222.891,34.99,2001,27,4,20
85974,Active,2792035,NA,NA,D,0,0,3746306.08,21.95,1994,30,4,6.93
85975,Active,909649,NA,NA,D,7,1,1300634.955,105.07,2009,23,16.34,72.23
85976,Active,727779,NA,NA,D,0,0,14328372.61,60.8,2000,0,0,0
85977,Active,791737,NA,NA,D,11,1,1378209.644,0,2005,38,4,0
85978,Active,871693,NA,NA,D,3,1,439037.9938,0,1951,25,25.49,0
85979,Active,147565,NA,NA,D,6,1,2521802.343,130,2007,17,10.57,99.7
85980,Active,1456480,NA,NA,D,5,1,4328732.659,80.53,2008,10,99.23,222.47
85981,Active,698724,NA,NA,D,7,1,476270.8788,137.75,2003,24,23.98,119.32
85982,Active,2409937,NA,NA,D,5,1,7404907.911,295,2003,7,84.35,118.94
85983,Active,910309,NA,NA,D,5,1,2041052.624,120.91,2008,45,7.48,92.66
85984,Active,703825,NA,NA,D,2,1,2388148.238,88.25,2003,22,22.01,157.83
85985,Active,630038,NA,NA,D,1,0,1749548.758,122,2010,19,13.17,112.49
85986,Active,892159,NA,NA,D,1,0,2617395.89,152.13,2010,16,32.46,157
85987,Active,542272,NA,NA,D,7,1,395102.82,191.95,2011,27,34.83,95.17
85988,Active,874926,NA,NA,D,15,1,3519235.144,0,2011,17,8.25,1051.83
85989,Active,872456,NA,NA,D,1,0,5033838.041,42.95,2001,19,4.14,3.34
85990,Active,879918,NA,NA,D,0,0,8804636.484,51.94,2010,24,13.72,50.83
85991,Active,873692,NA,NA,D,6,1,5983632.789,47.88,2006,14,4,40.31
85992,Active,2772417,NA,NA,D,5,1,857553.7538,56.6,2000,33,4,11.99
85993,Active,863111,NA,NA,D,4,1,4571393.755,91.4,2003,27,4,9.64
85994,Active,903067,NA,NA,D,3,1,2213665.554,125,2006,28,35.03,81.87
85995,Active,739189,NA,NA,D,1,0,457255.915,67.6,2001,21,8.68,43.99
85996,Active,536783,NA,NA,D,12,1,553938.3,167.67,2012,68,9.78,99.94
85997,Active,552265,NA,NA,D,4,1,3988953.605,59,1995,19,4,28.19
85998,Active,873913,NA,NA,D,4,1,2243472.991,103.95,2003,14,21.48,42.95
85999,Active,121047,NA,NA,D,1,0,743474.0875,50.33,2001,25,4.01,44.36
86000,Active,906552,NA,NA,D,0,0,394485.785,40,2012,25,19.94,23.98
86001,Active,886769,NA,NA,D,8,1,1004995.125,108,2013,23,75.81,0
86002,Active,638981,NA,NA,D,0,0,2909439.861,98,2005,24,4.58,15
86003,Active,669337,NA,NA,D,5,1,721272.115,100.67,2012,24,15.25,67.97
86004,Active,890568,NA,NA,D,2,1,1558456.743,129.8,2012,13,20.68,115.5
86005,Active,918926,NA,NA,D,1,0,6495421.529,31.95,1992,28,4,9.93
86006,Active,877348,NA,NA,D,0,0,3938849.668,110,2005,18,25.01,78.51
86007,Active,889852,NA,NA,D,1,0,5842061.14,96.99,2005,10,43.94,94.53
86008,Active,880260,NA,NA,D,13,1,756582.4225,46.85,2006,46,5.63,46.98
86009,Active,526047,NA,NA,D,0,0,3723016.519,93.25,2010,19,50.49,106.06
86010,Active,717037,NA,NA,D,4,1,1864758.586,28.98,2008,14,4,26.99
86011,Active,624686,NA,NA,D,4,1,153805.7275,144.67,2012,67,11.88,53.91
86012,Active,888824,NA,NA,D,2,1,3455548.684,64.87,2012,15,45.64,64.87
86013,Active,2428981,NA,NA,D,0,0,1556111.249,42.95,1996,53,4,11.42
86014,Active,2789146,NA,NA,D,2,1,15842334.25,110,1997,5,4.36,0
86015,Active,886934,NA,NA,D,10,1,8728187.879,59.33,2013,10,59.66,61.45
86016,Active,873770,NA,NA,D,9,1,8339652.33,96.52,2008,11,31.26,95.89
86017,Active,2353344,NA,NA,D,1,0,5211471.389,18.89,2003,28,4,18.89
86018,Active,136541,NA,NA,D,2,1,641411.0638,86,1996,30,39.98,112.98
86019,Active,1757060,NA,NA,D,0,0,863441.96,110,2013,13,68.44,196.97
86020,Active,716389,NA,NA,D,5,1,2481457.368,95.02,2012,19,13.98,39.99
86021,Active,539517,NA,NA,D,5,1,1878045.241,150.73,2012,17,51.01,0
86022,Active,2423875,NA,NA,D,0,0,369928.55,207.99,1985,25,4,52.96
86023,Active,3512344,NA,NA,D,2,1,1562443,154,2008,25,40.6,38.66
86024,Active,883267,NA,NA,D,6,1,8845152.008,492,2003,9,6.06,106.39
86025,Active,698058,NA,NA,D,3,1,6046622.433,0,2005,17,9.49,1105.88
86026,Active,861010,NA,NA,D,6,1,1155939.693,171.33,2012,28,38.52,57.34
86027,Active,114121,NA,NA,D,7,1,1997840.54,82.7,2001,40,4,5.77
86028,Active,2598074,NA,NA,D,0,0,4546540.58,86.5,1996,8,48.98,25
86029,Active,1829136,NA,NA,D,0,0,8694332.7,101.33,1900,2,0,136.2
86030,Active,131849,NA,NA,D,2,1,1151511.883,89.4,2004,27,4,11.74
86031,Active,557294,NA,NA,D,4,1,1905912.401,113.6,2005,8,10.74,0
86032,Active,536509,NA,NA,D,8,1,844383.1613,137.93,2012,26,72.44,86.89
86033,Active,872815,NA,NA,D,2,1,1610872.878,95.6,2014,19,44.98,52.99
86034,Active,716479,NA,NA,D,0,0,3814968.121,48.74,2008,17,5.3,33.62
86035,Active,579540,NA,NA,D,0,0,5711740.231,37.5,1995,12,4.33,0
86036,Active,626884,NA,NA,D,10,1,848084.025,227.2,2003,22,4.94,79.79
86037,Active,3252493,NA,NA,D,9,1,3863095,0,2005,20,0,0
86038,Active,883494,NA,NA,D,0,0,4081201.078,150,2004,12,49.33,492.73
86039,Active,649826,NA,NA,D,6,1,317770.0225,107.99,2012,33,30.82,69.98
86040,Active,203767,NA,NA,D,1,0,2447408.965,49.95,2004,26,3.99,12.9
86041,Active,266544,NA,NA,D,2,1,1348385.84,39.95,2005,21,33.29,123.19
86042,Active,2649180,NA,NA,D,1,0,6706916.45,94.95,2002,4,9.49,0
86043,Active,716286,NA,NA,D,3,1,3545302.035,85.73,2012,12,38.99,52.72
86044,Active,893552,NA,NA,D,2,1,1346956.423,31.72,2001,21,11.36,29.32
86045,Active,613110,NA,NA,D,7,1,1181876.053,7.99,2005,89,3.99,8.99
86046,Active,759629,NA,NA,D,2,1,4758435.065,0,2000,0,0,0
86047,Active,811319,NA,NA,D,2,1,3467926.333,43.99,2008,8,54.72,69.49
86048,Active,1915301,NA,NA,D,2,1,10210360.46,46.99,2008,2,0,0
86049,Active,2597905,NA,NA,D,0,0,230683.4475,70,1995,230,4,11.76
86050,Active,2253537,NA,NA,D,2,1,3260077.726,39.26,2010,46,35.47,52.65
86051,Active,2600749,NA,NA,D,0,0,12147060.55,129.99,2004,9,31.86,103.99
86052,Active,797786,NA,NA,D,3,1,3229043.833,224.95,2004,8,37.2,39.18
86053,Active,2261084,NA,NA,D,10,1,7527755.854,0,2011,14,7.31,82.83
86054,Active,3472152,NA,NA,D,4,1,1700934.15,42.2,2001,36,4,11.76
86055,Active,887768,NA,NA,D,2,1,5460933.89,157,1999,12,28.17,156.99
86056,Active,808985,NA,NA,D,6,1,397055.2813,50.95,2009,35,6.53,67.26
86057,Active,716359,NA,NA,D,8,1,627882.9088,97.15,2012,14,39.97,48.55
86058,Active,55515,NA,NA,D,4,1,379164.8013,304.95,2007,103,13.73,62.7
86059,Active,268329,NA,NA,D,1,0,2944456.768,90,2004,15,21.05,125.14
86060,Active,1829088,NA,NA,D,0,0,3609180.951,53.83,2013,7,54.98,54.98
86061,Active,2591479,NA,NA,D,0,0,5646945.671,90,1986,10,35,0
86062,Active,2648775,NA,NA,D,0,0,1448304.975,99.95,2000,16,6.12,6.48
86063,Active,126899,NA,NA,D,4,1,1162480.591,195,1998,15,44.19,0
86064,Active,3613037,NA,NA,D,0,0,434208.85,79.99,2013,27,45.15,56.39
86065,Active,443423,NA,NA,D,0,0,5218704.95,161,1997,11,16.24,0
86066,Active,428516,NA,NA,D,1,0,465115.47,43.4,2008,44,4,8.49
86067,Active,2252744,NA,NA,D,3,1,2680883.069,60.66,2009,48,12.68,45.83
86068,Active,860099,NA,NA,D,8,1,1006253.971,196.4,2010,26,92.77,234.04
86069,Active,2097507,NA,NA,D,0,0,666447.2388,89.99,2013,16,37.88,60.4
86070,Active,2312905,NA,NA,D,6,1,6954972.115,104.5,1996,28,4.12,8.69
86071,Active,909267,NA,NA,D,7,1,596770.4263,180.53,2014,20,11.03,190.73
86072,Active,111542,NA,NA,D,1,0,1009635.16,92.01,2010,15,8.89,29.98
86073,Active,869047,NA,NA,D,8,1,5120986.168,162.8,2013,11,12.21,113.35
86074,Active,597604,NA,NA,D,0,0,217489.8588,17.95,1994,137,4,11.16
86075,Active,111126,NA,NA,D,2,1,1688195.814,43.82,2009,34,4,13.75
86076,Active,1595628,NA,NA,D,0,0,1169762.094,74.99,2014,12,19.97,39.82
86077,Active,563784,NA,NA,D,4,1,1140760.264,50.45,1994,59,4.68,32.51
86078,Active,54794,NA,NA,D,2,1,364379.3613,79.95,2008,26,25.68,3868.79
86079,Active,537240,NA,NA,D,3,1,4482236.975,196.87,2012,14,22.45,26.99
86080,Active,279285,NA,NA,D,3,1,394607.22,49.95,2008,22,19.51,0
86081,Active,563628,NA,NA,D,6,1,70998.10125,82.99,2012,59,16.1,35.99
86082,Active,894847,NA,NA,D,1,0,14087503.92,39.95,1996,14,8.25,70.13
86083,Active,715945,NA,NA,D,2,1,279330.0788,86.8,2012,20,13.09,81.04
86084,Active,3245295,NA,NA,D,2,1,1745534.52,319.84,2005,45,18.3,65.47
86085,Active,3553793,NA,NA,D,3,1,1049781.95,35,1900,12,28.66,28.88
86086,Active,877173,NA,NA,D,9,1,1667011.765,33.94,2010,12,4.17,33.94
86087,Active,714652,NA,NA,D,2,1,2376783.183,39.67,1999,37,4,11.99
86088,Active,54895,NA,NA,D,9,1,219755.0425,162.95,2009,62,16.06,41.81
86089,Active,107668,NA,NA,D,4,1,2502872.259,4.99,2002,43,4,4.99
86090,Active,907010,NA,NA,D,5,1,1091950.558,99.67,2010,22,37.48,150.51
86091,Active,1772964,NA,NA,D,6,1,1840990.481,36.06,2011,11,30.59,56.29
86092,Active,615293,NA,NA,D,1,0,213703.9363,79.33,2012,42,5.38,13.88
86093,Active,897664,NA,NA,D,2,1,3352545.205,120,2010,15,20.54,9826.78
86094,Active,889828,NA,NA,D,0,0,4768206.976,0,2005,12,4.97,114.43
86095,Active,3490549,NA,NA,D,0,0,1321009.35,95,2002,44,62.84,63.97
86096,Active,3272718,NA,NA,D,6,1,1031927.215,499.99,2002,40,85.7,251.1
86097,Active,1950958,NA,NA,D,1,0,5394044.656,99,2012,13,74.49,94.65
86098,Active,869640,NA,NA,D,2,1,3492414.534,76.27,2008,16,13.98,69.45
86099,Active,910372,NA,NA,D,8,1,1828657.626,83.4,2003,20,4.02,38.99
86100,Active,797430,NA,NA,D,0,0,2482445.539,74.99,2013,15,26.81,46.04
86101,Active,525033,NA,NA,D,0,0,1034859.8,627.99,1900,72,4,11.99
86102,Active,3485382,NA,NA,D,1,0,2587350.1,103.47,2008,32,4,5.85
86103,Active,2160890,NA,NA,D,0,0,1644311.855,59,2007,18,4.82,18.99
86104,Active,2251755,NA,NA,D,8,1,592004.05,126.95,2006,17,0,0
86105,Active,539516,NA,NA,D,3,1,389814.3463,170.6,2012,20,98.8,167.23
86106,Active,658695,NA,NA,D,4,1,1451584.331,164.2,2013,18,113.14,0
86107,Active,291490,NA,NA,D,6,1,3453790.298,70.95,1996,33,4.03,46.37
86108,Active,795328,NA,NA,D,8,1,1661770.959,124.95,2011,16,6.23,111.84
86109,Active,2646623,NA,NA,D,0,0,4137060.384,34.95,1990,33,4,33.89
86110,Active,804423,NA,NA,D,1,0,3014139.266,134,2009,13,23.45,116.92
86111,Active,3468383,NA,NA,D,6,1,607564.3,0,2008,27,20.97,23.23
86112,Active,145808,NA,NA,D,5,1,976726.7088,72.8,2008,46,10.45,38.99
86113,Active,878991,NA,NA,D,6,1,264304.1463,72.99,2008,16,38.99,72.99
86114,Active,630736,NA,NA,D,1,0,883695.4988,105,2004,34,52.84,94.24
86115,Active,1492214,NA,NA,D,6,1,535757.7325,0,2011,19,42.53,68.99
86116,Active,2254965,NA,NA,D,7,1,2852456.931,12.31,2006,42,7.31,11.67
86117,Active,884904,NA,NA,D,2,1,8704224.566,163,2008,8,49.01,163
86118,Active,877351,NA,NA,D,0,0,8068691.595,29.4,2006,5,4,34.19
86119,Active,515163,NA,NA,D,3,1,1014007.115,134.53,2010,29,5.56,36.83
86120,Active,755485,NA,NA,D,1,0,1113952.73,79,2004,16,39.99,103.73
86121,Active,540858,NA,NA,D,13,1,116321.4225,306,2013,42,15.59,106.37
86122,Active,144827,NA,NA,D,3,1,374886.1775,122.67,2004,101,4,11.99
86123,Active,145307,NA,NA,D,5,1,1044402.233,228,2005,23,8.19,73.98
86124,Active,552424,NA,NA,D,1,0,1601984.57,93.33,1997,29,4,28.95
86125,Active,54788,NA,NA,D,8,1,425792.435,224.75,2006,49,9.78,73.37
86126,Active,3638373,NA,NA,D,2,1,633299.95,120.95,2013,27,21.99,92.67
86127,Active,2345109,NA,NA,D,1,0,792984.0338,75.86,1974,25,5.16,72.79
86128,Active,198324,NA,NA,D,2,1,2866163.486,31.95,2004,28,3.98,0
86129,Active,1778267,NA,NA,D,2,1,5701623.55,0,2011,0,0,137.57
86130,Active,2271583,NA,NA,D,5,1,259746.15,74.19,2006,5,11.27,76.4
86131,Active,57777,NA,NA,D,4,1,3431839.494,67.6,2000,26,4,53.31
86132,Active,869011,NA,NA,D,5,1,2516421.023,86.27,2012,13,15.29,0
86133,Active,162723,NA,NA,D,3,1,305118.495,80.92,2008,29,8.98,52.44
86134,Active,451784,NA,NA,D,6,1,793710.25,289.95,2008,27,15.16,74.94
86135,Active,540115,NA,NA,D,8,1,637677.0638,98.47,2012,25,37.22,362.87
86136,Active,144705,NA,NA,D,5,1,4222272.306,57.4,2004,23,4,42.04
86137,Active,658928,NA,NA,D,10,1,1997740.658,192.8,2009,13,23.01,0
86138,Active,875272,NA,NA,D,5,1,415209.9138,186.93,2013,27,35.99,138.99
86139,Active,638301,NA,NA,D,3,1,670503.5463,104.53,2011,32,11.48,61.31
86140,Active,53657,NA,NA,D,1,0,1210268.175,86.67,2006,74,3.78,9.98
86141,Active,714754,NA,NA,D,3,1,9113074.945,9.71,2003,15,4.36,9.71
86142,Active,1456291,NA,NA,D,2,1,2619415.545,60.67,2014,31,13.67,60.67
86143,Active,872873,NA,NA,D,2,1,3011649.514,84.68,1999,18,23.43,290.66
86144,Active,893542,NA,NA,D,1,0,1902710.474,40,1998,23,4,25.76
86145,Active,877888,NA,NA,D,5,1,4134088.544,236.4,2010,18,37.24,113.71
86146,Active,767450,NA,NA,D,9,1,3030102.009,203.29,2008,16,5.78,146.85
86147,Active,285980,NA,NA,D,5,1,4788429.016,115.8,2004,20,4,8.24
86148,Active,715958,NA,NA,D,5,1,852877.075,111.53,2012,17,59.18,118.62
86149,Active,540834,NA,NA,D,13,1,334578.785,152.2,2013,18,4.32,123.99
86150,Active,550222,NA,NA,D,14,1,2706726.566,24.94,2007,35,6.81,24.94
86151,Active,655042,NA,NA,D,5,1,52928.305,82.27,2013,45,68.9,72.11
86152,Active,879333,NA,NA,D,0,0,1591755.09,48.67,2003,20,5.89,11.99
86153,Active,879758,NA,NA,D,9,1,4384541.295,64.65,2012,17,5.33,64.65
86154,Active,869602,NA,NA,D,5,1,784953.6925,174,2013,29,40.8,154.62
86155,Active,741329,NA,NA,D,6,1,4605858.94,172.67,2007,15,12.59,103.98
86156,Active,55579,NA,NA,D,4,1,2902869.835,113.33,2009,16,5.48,32.96
86157,Active,633147,NA,NA,D,2,1,1751929.608,106.07,2011,23,5.26,83.99
86158,Active,435266,NA,NA,D,8,1,469994.7713,283,2012,21,18.99,36.4
86159,Active,714738,NA,NA,D,0,0,4068252.986,79,2001,32,4.66,29.95
86160,Active,658795,NA,NA,D,4,1,781308.4213,175.6,2011,31,32.02,146.16
86161,Active,910285,NA,NA,D,14,1,2262985.31,141.18,2011,26,6.14,141.18
86162,Active,586828,NA,NA,D,2,1,1229489.425,25.95,2007,15,6.65,13.44
86163,Active,650250,NA,NA,D,4,1,1713708.899,187.8,2011,21,61.76,0
86164,Active,742533,NA,NA,D,3,1,767101.0213,10,2010,16,12.89,59.87
86165,Active,740856,NA,NA,D,10,1,1968204.996,152.67,2005,21,14.71,197.57
86166,Active,878462,NA,NA,D,3,1,459222.5125,46.6,2005,12,18.97,63.92
86167,Active,322597,NA,NA,D,1,0,2136225.988,74.2,2003,45,4,6.54
86168,Active,705044,NA,NA,D,0,0,5861910.7,70.27,2008,12,4.39,13.94
86169,Active,2259318,NA,NA,D,6,1,711471.6238,652.03,2008,26,22.49,113.78
86170,Active,435005,NA,NA,D,4,1,986731.83,160,2009,20,5.67,72.78
86171,Active,868613,NA,NA,D,2,1,53890.8125,190.5,2014,66,59.83,76.82
86172,Active,866888,NA,NA,D,6,1,228051.1363,173,2014,22,81.39,148.22
86173,Active,3504066,NA,NA,D,13,1,4886591.7,0,2011,16,10.98,102.99
86174,Active,876664,NA,NA,D,3,1,687239.785,106.4,2013,19,89.08,75.99
86175,Active,1434692,NA,NA,D,4,1,6470274.89,0,2010,15,4.13,445.95
86176,Active,437240,NA,NA,D,0,0,3933214.99,49.41,2008,23,4.68,10.53
86177,Active,902057,NA,NA,D,10,1,4385347.605,30.49,2011,18,4.16,30.46
86178,Active,423289,NA,NA,D,8,1,2546208.963,136.87,2008,20,5.19,51.95
86179,Active,2264083,NA,NA,D,5,1,2291804.64,104.17,2012,52,12.08,71.77
86180,Active,716412,NA,NA,D,10,1,196340.07,100.25,2012,15,53.56,50.36
86181,Active,3254470,NA,NA,D,7,1,1439057.243,0,2005,23,9.34,18.76
86182,Active,611868,NA,NA,D,8,1,755128.3688,191.1,2013,21,22.57,168.37
86183,Active,1535813,NA,NA,D,4,1,224764.28,0,2013,14,49.11,142.47
86184,Active,872832,NA,NA,D,13,1,185985.97,134.6,2015,21,63.18,125.22
86185,Active,741829,NA,NA,D,0,0,7948789.098,181.33,2008,9,22.84,83.98
86186,Active,879766,NA,NA,D,0,0,4165484.871,100.03,2008,19,5.84,100.03
86187,Active,741798,NA,NA,D,1,0,8429575.821,166,2008,9,8.89,78.94
86188,Active,891944,NA,NA,D,3,1,4266191.054,52.2,2008,15,4.18,11.99
86189,Active,860666,NA,NA,D,6,1,638924.2688,253.2,2012,29,47.26,195.7
86190,Active,540866,NA,NA,D,4,1,404643.3113,199.8,2012,43,28.94,156.82
86191,Active,108536,NA,NA,D,1,0,3832152.88,18.97,2005,29,4.97,18.97
86192,Active,877460,NA,NA,D,11,1,3398773.709,97.12,2008,18,9.78,80.33
86193,Active,118301,NA,NA,D,2,1,2913900.151,49.8,2010,17,4,156.93
86194,Active,879613,NA,NA,D,0,0,1480964.028,6.12,2007,52,4,6.48
86195,Active,105529,NA,NA,D,13,1,2236583.158,103.25,2008,17,5.48,35.46
86196,Active,1830036,NA,NA,D,0,0,207391.26,349.95,2015,24,90.23,221.76
86197,Active,109510,NA,NA,D,6,1,2606762.876,75,2005,36,4,4.46
86198,Active,715623,NA,NA,D,7,1,3085860.335,167.4,2011,20,33.67,225.37
86199,Active,902590,NA,NA,D,0,0,499302.085,89.99,2012,16,44.74,50.65
86200,Active,877885,NA,NA,D,9,1,1844075.703,132.67,2007,14,5.48,0
86201,Active,1492224,NA,NA,D,2,1,2115471.17,0,2011,22,6.57,190.35
86202,Active,553950,NA,NA,D,13,1,463568.99,228,2009,23,5.89,2040
86203,Active,669342,NA,NA,D,7,1,638367.7588,113.07,2012,21,82.02,90.21
86204,Active,1453060,NA,NA,D,6,1,693543.245,66.8,2013,11,61.82,44.57
86205,Active,715394,NA,NA,D,10,1,1152630.809,56,2010,17,12.11,55.86
86206,Active,670783,NA,NA,D,1,0,3412341.849,148.87,2012,14,18.94,0
86207,Active,3642999,NA,NA,D,6,1,259321.4,64.95,2015,35,56.55,55.84
86208,Active,615820,NA,NA,D,6,1,1963811.86,98.7,2001,30,4,27.93
86209,Active,1879655,NA,NA,D,9,1,8169027.996,10,2009,9,23.98,0
86210,Active,879100,NA,NA,D,3,1,2110110.921,0,2010,16,5.85,23.99
86211,Active,873195,NA,NA,D,3,1,450955.5488,159.33,2013,24,65.65,137.23
86212,Active,2256334,NA,NA,D,0,0,4673498.634,30.72,2008,24,6.43,27.63
86213,Active,2371892,NA,NA,D,1,0,3047338.031,21,1999,51,3.42,4.88
86214,Active,876893,NA,NA,D,6,1,216331.1813,90.27,2013,20,86.33,84.09
86215,Active,2311119,NA,NA,D,0,0,5998212.15,66.95,1993,19,5.52,73.96
86216,Active,2344434,NA,NA,D,0,0,16547639,0,1981,7,6.39,0
86217,Active,716301,NA,NA,D,3,1,1559981.005,188,2012,17,24.86,119.79
86218,Active,879330,NA,NA,D,11,1,1838950.359,158.67,2011,34,5.27,27.95
86219,Active,715063,NA,NA,D,3,1,4238958.434,325.35,2007,15,8.96,66.73
86220,Active,715991,NA,NA,D,10,1,144187.04,97.29,2011,23,73.18,157.9
86221,Active,876919,NA,NA,D,8,1,1370248.574,117.33,2013,21,108.67,111.06
86222,Active,874866,NA,NA,D,6,1,114830.0488,61.57,2013,14,34.99,48.78
86223,Active,891920,NA,NA,D,3,1,3737718.609,8.97,2008,17,4.49,8.97
86224,Active,54520,NA,NA,D,1,0,1454894.064,129.33,2004,29,4.04,5.91
86225,Active,656363,NA,NA,D,3,1,234791.85,119.33,2009,20,81.46,0
86226,Active,692375,NA,NA,D,7,1,10586331.8,0,2002,13,10.21,153.59
86227,Active,287444,NA,NA,D,16,1,1321876.946,115.67,2011,19,66.92,698.89
86228,Active,889672,NA,NA,D,2,1,678212.965,92.77,2003,20,40.96,77.98
86229,Active,132495,NA,NA,D,7,1,349649.7363,104,2007,28,51.47,339.82
86230,Active,1458129,NA,NA,D,2,1,8486215.798,109.67,2007,7,11.42,655.13
86231,Active,880026,NA,NA,D,8,1,1654237.396,495,2010,31,5.88,494.2
86232,Active,2263618,NA,NA,D,10,1,6170829.149,113.99,2010,16,30.06,124.74
86233,Active,545176,NA,NA,D,2,1,49801.82,190.5,2013,45,46.45,136.51
86234,Active,3733743,NA,NA,D,0,0,215350.5,89.99,2014,49,64.84,59.57
86235,Active,3733730,NA,NA,D,0,0,1296601.45,89.99,2014,45,53.94,59.58
86236,Active,741655,NA,NA,D,7,1,1487998.013,7.97,2009,17,8.27,17.44
86237,Active,880062,NA,NA,D,1,0,1297802.32,111.46,2008,38,6.32,47.99
86238,Active,860346,NA,NA,D,8,1,1480641.361,81.52,2011,16,28.78,53.58
86239,Active,557632,NA,NA,D,10,1,7313.28875,149.6,2012,63,63.74,87.98
86240,Active,879383,NA,NA,D,7,1,3823681.24,12.99,2011,26,4,12.99
86241,Active,119385,NA,NA,D,11,1,2450187.789,250.47,2011,22,18.64,602.99
86242,Active,742956,NA,NA,D,9,1,182941.3438,258.4,2011,35,16.02,193.86
86243,Active,1611156,NA,NA,D,2,1,3665294.344,119.81,2011,19,4.23,119.81
86244,Active,1516641,NA,NA,D,6,1,518270.425,143.15,2012,17,8.94,33.98
86245,Active,877041,NA,NA,D,7,1,1320177.608,47.96,2010,45,5.63,44.15
86246,Active,898190,NA,NA,D,2,1,1143230.606,25.99,2012,20,4.97,18.91
86247,Active,873284,NA,NA,D,12,1,273957.7225,202.13,2013,27,41.3,137.95
86248,Active,2263660,NA,NA,D,0,0,3658205.368,0,2011,39,10.2,0
86249,Active,434855,NA,NA,D,7,1,690409.0638,143.4,2008,19,9.59,474.69
86250,Active,3504183,NA,NA,D,3,1,360687.05,107.2,2014,43,27.95,95.91
86251,Active,540848,NA,NA,D,3,1,1261853.926,106.07,2013,23,31.35,109.78
86252,Active,632028,NA,NA,D,4,1,589115.2613,168,2013,34,7.02,147.4
86253,Active,904401,NA,NA,D,2,1,983469.015,158.24,1992,12,23.99,138.03
86254,Active,3138951,NA,NA,D,3,1,9059657.7,49.95,2005,14,23.48,125.31
86255,Active,536535,NA,NA,D,10,1,446076.9638,121.6,2012,18,9.49,79.98
86256,Active,878907,NA,NA,D,4,1,957509.9075,165.95,2003,34,4,99.01
86257,Active,635936,NA,NA,D,2,1,1711812.506,101.2,2005,14,5.78,25.94
86258,Active,1891044,NA,NA,D,0,0,230137.4063,49.99,2013,32,23.29,33
86259,Active,1455737,NA,NA,D,1,0,167993.4625,100,2015,18,70.99,93.98
86260,Active,2262836,NA,NA,D,4,1,584927.1,115.93,2010,36,0,0
86261,Active,875029,NA,NA,D,8,1,1007474.599,102.67,2014,22,87.24,98.22
86262,Active,307824,NA,NA,D,4,1,1785054.328,95.44,2006,13,12.15,103.14
86263,Active,878731,NA,NA,D,3,1,569140.9763,146.67,2011,42,7.38,52.84
86264,Active,536880,NA,NA,D,7,1,1478636.418,141.87,2011,22,12.99,143.96
86265,Active,2871251,NA,NA,D,0,0,455899.8,39.95,1992,14,13.42,52.94
86266,Active,772678,NA,NA,D,2,1,5024570.483,0,2006,10,4.52,7.91
86267,Active,864665,NA,NA,D,4,1,55064.37125,59.67,2014,44,37.63,67.97
86268,Active,743094,NA,NA,D,1,0,1571630.549,122.67,2013,16,15.41,42.65
86269,Active,913443,NA,NA,D,4,1,3492739.485,923.47,2009,22,4.89,34.43
86270,Active,1829054,NA,NA,D,6,1,2873891.029,41.91,2013,6,41.61,41.65
86271,Active,1829168,NA,NA,D,10,1,879419.7438,44.99,2014,8,47.94,44.94
86272,Active,131143,NA,NA,D,0,0,1763331.741,73,1999,33,4,113.89
86273,Active,107511,NA,NA,D,1,0,3179866.255,87.5,2000,8,38.99,73.36
86274,Active,906692,NA,NA,D,11,1,480085.55,218.73,2013,26,81.64,101.04
86275,Active,2330652,NA,NA,D,3,1,982859.0363,114.7,1988,32,4.66,33.98
86276,Active,742847,NA,NA,D,5,1,4964967.704,304.2,2010,15,9.4,61.51
86277,Active,1671286,NA,NA,D,1,0,7586491.224,155.95,2007,9,20.93,155.95
86278,Active,1453530,NA,NA,D,2,1,869082.1038,160.27,2014,27,83.34,139.94
86279,Active,169423,NA,NA,D,8,1,1143120.255,134.95,2007,28,6,8.98
86280,Active,146689,NA,NA,D,4,1,290977.5188,230.8,2011,27,9.68,602.99
86281,Active,636181,NA,NA,D,9,1,1954783.384,192,2009,17,8.13,228.35
86282,Active,740502,NA,NA,D,3,1,3786250.821,170.67,2005,18,4,55.92
86283,Active,146625,NA,NA,D,3,1,1886968.064,198,2010,19,8.93,171.99
86284,Active,742881,NA,NA,D,4,1,422454.6875,60.35,2011,17,6.53,35
86285,Active,875423,NA,NA,D,4,1,9151310.414,63.64,2011,11,8.98,63.64
86286,Active,145910,NA,NA,D,3,1,1303190.878,157,2008,16,6.92,292.37
86287,Active,1823081,NA,NA,D,2,1,1415676.184,0,2013,17,38.41,0
86288,Active,612755,NA,NA,D,9,1,11464.5475,186.95,2014,60,33.33,52.49
86289,Active,2364830,NA,NA,D,6,1,2259358.696,0,2000,46,4.47,65.59
86290,Active,139101,NA,NA,D,0,0,827947.09,82,2003,19,7.68,72.48
86291,Active,727388,NA,NA,D,2,1,4476272.586,56,1999,23,4,18.98
86292,Active,902287,NA,NA,D,17,1,1648717.75,63.13,2008,19,4,50.37
86293,Active,715790,NA,NA,D,1,0,4117330.995,223.07,2011,10,19.81,153.99
86294,Active,877292,NA,NA,D,6,1,182109.7375,180.67,2012,28,38.99,153.37
86295,Active,871947,NA,NA,D,12,1,678719.27,63.49,2011,19,21.98,36.42
86296,Active,611826,NA,NA,D,2,1,482308.4538,204.2,2013,23,37.22,155
86297,Active,795640,NA,NA,D,5,1,482495.6225,177.95,2012,22,53.99,122.46
86298,Active,652218,NA,NA,D,12,1,212708.7088,197.93,2013,48,13.29,72.28
86299,Active,119143,NA,NA,D,6,1,408198.3275,218.73,2011,41,16.59,111.51
86300,Active,543891,NA,NA,D,5,1,590864.6188,215.5,2012,19,23.94,150.85
86301,Active,1451154,NA,NA,D,1,0,549022.9825,189.87,2015,15,73.99,123.99
86302,Active,709931,NA,NA,D,6,1,992631.48,52,1999,39,4.02,4.99
86303,Active,634861,NA,NA,D,2,1,152753.3725,81.2,2011,30,41.89,62.97
86304,Active,537462,NA,NA,D,7,1,824259.36,235.67,2011,26,4.76,316.37
86305,Active,1822356,NA,NA,D,2,1,238744.9775,41.61,2014,9,42.75,49.19
86306,Active,145576,NA,NA,D,2,1,596822.0538,129.33,2007,40,4,41.1
86307,Active,879410,NA,NA,D,10,1,416528.8763,53.99,2011,19,13.27,13.98
86308,Active,435259,NA,NA,D,8,1,1472761.15,192.95,2010,33,7.68,51.03
86309,Active,742773,NA,NA,D,3,1,1210611.154,51,2011,22,6.22,42.9
86310,Active,715093,NA,NA,D,7,1,625335.71,72.75,2009,19,4,33.99
86311,Active,121262,NA,NA,D,2,1,2851976.768,104.13,2011,19,11.64,61.89
86312,Active,619329,NA,NA,D,4,1,104709.7538,196,2012,51,68.99,85.38
86313,Active,2330656,NA,NA,D,0,0,2447171.655,0,1981,23,12.77,28.98
86314,Active,537447,NA,NA,D,12,1,2003404.664,299.07,2011,19,8.61,299.06
86315,Active,716304,NA,NA,D,1,0,4306735.359,166.07,2011,14,49.01,166.07
86316,Active,897484,NA,NA,D,5,1,2016555.308,286.67,2009,20,14.14,23.99
86317,Active,527853,NA,NA,D,8,1,163459.3475,75.95,2012,43,18.59,73.99
86318,Active,292179,NA,NA,D,3,1,1532505.735,96.36,2004,20,17.92,23.93
86319,Active,2508059,NA,NA,D,0,0,1689141.428,36.95,1967,32,5.29,23.94
86320,Active,871383,NA,NA,D,2,1,983683.7388,101.13,2014,16,26.31,95.62
86321,Active,2508288,NA,NA,D,5,1,17120301.6,90.9,2005,0,0,0
86322,Active,153955,NA,NA,D,2,1,31134.74,72.62,2008,41,18.98,83.94
86323,Active,876687,NA,NA,D,9,1,671393.6575,159.13,2009,21,8.92,41.16
86324,Active,752478,NA,NA,D,10,1,1064690.061,59.97,2010,31,7.27,58.89
86325,Active,878700,NA,NA,D,0,0,421183.7475,70.06,2013,15,37.65,54.99
86326,Active,875745,NA,NA,D,5,1,134673.2088,126.53,2013,49,10.22,93.99
86327,Active,871487,NA,NA,D,6,1,4289048.548,132.6,2008,12,45.08,0
86328,Active,540576,NA,NA,D,2,1,5027539.608,118.98,2009,11,6.6,118.98
86329,Active,791718,NA,NA,D,1,0,4146336.1,0,2005,30,4,0
86330,Active,2421246,NA,NA,D,0,0,5481624.395,28.95,1973,12,7.11,0
86331,Active,813813,NA,NA,D,1,0,10526679.56,38.23,2001,12,4,4.24
86332,Active,120796,NA,NA,D,9,1,954199.8988,95.47,2009,20,10.98,64.37
86333,Active,859738,NA,NA,D,2,1,786633.0838,109.95,2008,18,31.33,124.71
86334,Active,560930,NA,NA,D,1,0,221275.2675,216.8,2007,52,24.19,92.49
86335,Active,741654,NA,NA,D,0,0,6279900.75,32.05,1900,11,4,10.97
86336,Active,537951,NA,NA,D,1,0,1145177.983,14.85,2007,15,10.48,14.85
86337,Active,741962,NA,NA,D,0,0,8223869.921,186,2008,3,78.94,0
86338,Active,715952,NA,NA,D,6,1,390429.7038,141.29,2013,33,74.69,118.98
86339,Active,2261378,NA,NA,D,3,1,1436126.084,69.46,2010,46,7.54,38.67
86340,Active,162455,NA,NA,D,12,1,1289837.358,92.12,2008,20,16.63,61.8
86341,Active,554985,NA,NA,D,0,0,725479.5725,0,2010,28,4,82.49
86342,Active,2257655,NA,NA,D,6,1,547820.585,60.1,2011,41,6.97,42.25
86343,Active,745377,NA,NA,D,6,1,1234066.498,80.58,2008,23,4.54,19.48
86344,Active,3587477,NA,NA,D,0,0,265929.05,180,2015,58,73.97,74.98
86345,Active,1453115,NA,NA,D,9,1,742381.8488,261.2,2013,26,28.99,209.24
86346,Active,741741,NA,NA,D,10,1,1648578.326,171.33,2009,22,4.47,166.93
86347,Active,623984,NA,NA,D,9,1,539280.4938,117.67,2012,22,54.19,0
86348,Active,1829159,NA,NA,D,7,1,292694.8338,60.86,2014,13,29.61,49.47
86349,Active,896154,NA,NA,D,1,0,5062380.811,18.72,2010,14,4.34,26.96
86350,Active,557357,NA,NA,D,18,1,585519.86,139.93,2007,22,5.57,0
86351,Active,163005,NA,NA,D,11,1,1846868.668,68.42,2010,17,9.04,51.85
86352,Active,54608,NA,NA,D,5,1,1589553.938,104.6,2007,22,8.82,17.99
86353,Active,492111,NA,NA,D,12,1,421838.1163,282.95,2011,47,13.24,48.97
86354,Active,875758,NA,NA,D,2,1,82893.60875,90.95,2014,48,32.97,79.71
86355,Active,3483360,NA,NA,D,6,1,1973966.45,98.5,2015,9,89.85,84.86
86356,Active,2472769,NA,NA,D,0,0,10982677.62,90,2001,6,5.62,58.99
86357,Active,871549,NA,NA,D,8,1,180198.9438,148.87,2012,10,48.99,43.55
86358,Active,1855249,NA,NA,D,0,0,10897330.45,0,2009,0,0,53.98
86359,Active,1452746,NA,NA,D,12,1,612166.84,275.07,2012,16,27.96,395.81
86360,Active,864768,NA,NA,D,2,1,161520.6938,159,2014,30,45.7,122.66
86361,Active,2263264,NA,NA,D,9,1,4119275.281,38.99,2008,34,11.26,38.99
86362,Active,610009,NA,NA,D,6,1,552584.5688,123.47,2012,22,64.85,97.99
86363,Active,539353,NA,NA,D,7,1,709393.5238,157.53,2011,18,21.77,412.47
86364,Active,105008,NA,NA,D,11,1,596405.6763,13,2008,19,6.98,68.99
86365,Active,875151,NA,NA,D,8,1,313252.2613,176,2014,28,15.64,126.2
86366,Active,712301,NA,NA,D,6,1,11110218.65,0,2003,15,3.99,0
86367,Active,878275,NA,NA,D,0,0,1080025.285,34.84,2004,34,5.59,18.22
86368,Active,869968,NA,NA,D,5,1,1654575.011,20.99,2013,14,7.48,21
86369,Active,2373092,NA,NA,D,5,1,2139977.635,64,1998,89,3.99,5.39
86370,Active,717246,NA,NA,D,1,0,5796489.288,65,1998,23,5.98,63.55
86371,Active,144349,NA,NA,D,0,0,3418718.534,35.2,2001,26,4.26,7.99
86372,Active,3504112,NA,NA,D,12,1,2072707.6,109.21,2012,27,5.61,67.61
86373,Active,876927,NA,NA,D,2,1,814541.9713,155,2013,17,78.39,86.31
86374,Active,878388,NA,NA,D,11,1,165051.4313,72.35,2013,10,58.99,67.87
86375,Active,54905,NA,NA,D,11,1,35342.44875,116,2011,67,4.71,28.99
86376,Active,870669,NA,NA,D,1,0,4176029.155,40.95,2002,28,4,6.98
86377,Active,3613033,NA,NA,D,0,0,1382123.5,79.99,2008,40,38.54,38.95
86378,Active,627508,NA,NA,D,1,0,2073596.493,42,2008,21,6.94,13.61
86379,Active,625832,NA,NA,D,1,0,2615975.024,123.2,2008,12,13.98,63.78
86380,Active,54350,NA,NA,D,1,0,1893066.103,103,2000,74,4,10.78
86381,Active,1631733,NA,NA,D,0,0,1692200.579,69.99,2008,14,17.95,31.9
86382,Active,55562,NA,NA,D,1,0,1906235.265,81.33,2002,53,4,40.78
86383,Active,180716,NA,NA,D,0,0,7799586.454,5.97,2010,49,4,5.97
86384,Active,858243,NA,NA,D,0,0,1438668.25,74.99,2013,17,38.89,48.99
86385,Active,860537,NA,NA,D,5,1,362168.095,45.6,2011,20,36.7,43.82
86386,Active,237850,NA,NA,D,2,1,1031667.843,45.95,2002,35,4,16.92
86387,Active,2265297,NA,NA,D,5,1,2459258.611,207.56,2012,41,44.6,207.51
86388,Active,742555,NA,NA,D,5,1,1322018.57,103.62,2009,23,4.72,60.73
86389,Active,611886,NA,NA,D,13,1,45846.01,159,2013,31,70.18,130.34
86390,Active,3468324,NA,NA,D,5,1,4407377.75,118.25,2004,12,33.89,0
86391,Active,749885,NA,NA,D,0,0,11639517.56,0,2008,0,0,0
86392,Active,114425,NA,NA,D,3,1,5590336.284,128,2001,37,4,8.99
86393,Active,617625,NA,NA,D,12,1,263650.7163,82.5,2010,60,11.98,74.14
86394,Active,1482056,NA,NA,D,5,1,10158992.93,161.67,2008,0,0,0
86395,Active,525029,NA,NA,D,7,1,93975.935,262.95,2012,29,76.79,200.17
86396,Active,560715,NA,NA,D,4,1,5328512.374,62,2001,17,4.77,6.12
86397,Active,144239,NA,NA,D,4,1,5390077.895,52.2,2001,21,4.22,5.99
86398,Active,664410,NA,NA,D,5,1,1181647.463,134.33,2013,21,39.22,148.4
86399,Active,900063,NA,NA,D,2,1,6290315.849,60.25,2010,19,4,47.87
86400,Active,1517688,NA,NA,D,3,1,727506.655,58.67,2015,12,48.95,55.35
86401,Active,1455998,NA,NA,D,2,1,2734285.1,96.27,2014,12,24.01,123.99
86402,Active,614355,NA,NA,D,1,0,2139231.658,50.95,2006,38,4,8.25
86403,Active,2057631,NA,NA,D,0,0,30912.08,49.98,2014,21,23.44,33.99
86404,Active,1752363,NA,NA,D,2,1,1184123.181,39.95,2012,16,36.98,37.95
86405,Active,734456,NA,NA,D,0,0,835940.225,48.75,2005,43,4,28.59
86406,Active,308545,NA,NA,D,9,1,737630.5838,25.5,2003,57,4,17.96
86407,Active,2795187,NA,NA,D,2,1,7809104.2,21.11,1990,34,4,21.11
86408,Active,698952,NA,NA,D,11,1,1820610.118,46.08,2008,41,4.34,38.94
86409,Active,246640,NA,NA,D,2,1,812912.0725,232.95,2009,25,36.62,135.91
86410,Active,2410580,NA,NA,D,2,1,10725971.36,29.95,1989,13,4,32.28
86411,Active,175738,NA,NA,D,2,1,6101504.028,101,2005,16,8.99,51.9
86412,Active,880536,NA,NA,D,9,1,689389.57,105.77,2004,32,14.39,134.52
86413,Active,54965,NA,NA,D,1,0,1053539.804,27.4,2005,46,4,9.95
86414,Active,912773,NA,NA,D,2,1,2119506.448,225,2010,20,31.49,76.63
86415,Active,722489,NA,NA,D,1,0,4041982.106,175,2009,13,20.2,46.49
86416,Active,2258165,NA,NA,D,9,1,947525.9125,39.98,2012,41,18.09,151.67
86417,Active,269375,NA,NA,D,1,0,704726.23,79.95,2005,27,4.23,58.53
86418,Active,867058,NA,NA,D,4,1,641143.5913,80.63,2012,19,40.45,73.5
86419,Active,3746223,NA,NA,D,3,1,1197791.25,49,2011,15,22.69,117.59
86420,Active,2252573,NA,NA,D,8,1,966851.7325,24.61,2009,52,5.58,9.07
86421,Active,2674797,NA,NA,D,1,0,2287190.264,67.53,1974,34,4,51.79
86422,Active,288532,NA,NA,D,4,1,1528228.726,75,2002,51,4,33.98
86423,Active,874363,NA,NA,D,6,1,1615039.5,499.99,2006,22,13.46,73.99
86424,Active,529642,NA,NA,D,2,1,2199420.451,94.23,2004,16,16.19,74.98
86425,Active,154414,NA,NA,D,2,1,184403.53,177.66,2004,29,16.86,104.67
86426,Active,51973,NA,NA,D,10,1,95161.775,219.95,2011,58,18.18,97.36
86427,Active,2607275,NA,NA,D,0,0,2616805.159,55,1997,24,16.44,46.47
86428,Active,2403622,NA,NA,D,3,1,7699277.368,29,1983,19,4.73,55.48
86429,Active,703662,NA,NA,D,9,1,1160164.911,94.73,2002,32,12.99,69.48
86430,Active,182816,NA,NA,D,6,1,1155429.463,25.99,2003,60,4,25.99
86431,Active,888058,NA,NA,D,4,1,5126000.596,259,2004,13,98.4,204.01
86432,Active,718621,NA,NA,D,0,0,662951.105,40,2002,25,6.03,70.19
86433,Active,633343,NA,NA,D,1,0,665962.5175,102.99,2008,30,16.89,71.13
86434,Active,630157,NA,NA,D,0,0,1523846.224,49.99,2007,36,4.59,22.95
86435,Active,3269503,NA,NA,D,4,1,2896817.2,60.37,1905,25,10.07,60.37
86436,Active,494515,NA,NA,D,2,1,8345848.495,125,2005,16,20.23,125
86437,Active,2249232,NA,NA,D,4,1,663124.4363,84.34,2008,35,5.95,36.59
86438,Active,1585235,NA,NA,D,1,0,816950.6263,89.99,2011,37,13.25,58.85
86439,Active,108430,NA,NA,D,2,1,5246334.051,16.98,2005,30,3.9,16.97
86440,Active,869955,NA,NA,D,1,0,1035321.363,75,1995,28,11.47,67.77
86441,Active,141973,NA,NA,D,7,1,631165.7013,84.75,2011,72,14.88,32
86442,Active,876352,NA,NA,D,6,1,1725050.784,172.95,2013,18,8.24,101.8
86443,Active,640073,NA,NA,D,8,1,4683725.131,139.69,2005,16,7.87,3004.71
86444,Active,52109,NA,NA,D,4,1,845039.1175,186.95,2004,151,3.97,9.24
86445,Active,808980,NA,NA,D,7,1,1708665.36,38.99,2009,37,5.45,36.34
86446,Active,716381,NA,NA,D,5,1,331125.73,173.73,2012,19,33.11,244.99
86447,Active,915027,NA,NA,D,0,0,969623.2138,25.95,2005,18,8.17,0
86448,Active,3492272,NA,NA,D,8,1,4104146.95,0,2012,9,15.82,328.94
86449,Active,2083174,NA,NA,D,0,0,1076566.611,21,2013,18,4.8,60.7
86450,Active,868982,NA,NA,D,3,1,1042356.576,175.01,2011,17,65.51,175.01
86451,Active,879276,NA,NA,D,13,1,56651.99375,48.16,2014,16,43.98,49.86
86452,Active,3242184,NA,NA,D,2,1,6694585.779,215.52,2003,14,12.44,112.87
86453,Active,521876,NA,NA,D,0,0,2247441.804,229,2005,17,7.35,84.88
86454,Active,615601,NA,NA,D,7,1,424620.3338,36.95,2005,70,4,11.99
86455,Active,3463022,NA,NA,D,3,1,4269941.036,20.96,2002,19,4.92,7.11
86456,Active,50403,NA,NA,D,8,1,2337590.276,93.95,2003,49,4,19.95
86457,Active,3237952,NA,NA,D,3,1,1114900.55,53.97,1997,23,0,0
86458,Active,801453,NA,NA,D,3,1,1248177.874,105,2007,14,38.58,705.78
86459,Active,284988,NA,NA,D,8,1,1467026.318,149,2005,33,7.94,28.99
86460,Active,108414,NA,NA,D,6,1,445292.58,149.93,2003,22,15.61,142.26
86461,Active,194202,NA,NA,D,5,1,19297.05875,97,2010,90,28.54,37.99
86462,Active,2299710,NA,NA,D,0,0,61458,0,1900,10,0,0
86463,Active,2258582,NA,NA,D,2,1,669796.7238,45.24,2008,25,7.7,69.22
86464,Active,632224,NA,NA,D,7,1,2178628.486,149,2011,25,6.72,67.14
86465,Active,562232,NA,NA,D,1,0,3621412.856,92.95,2009,18,4,10.99
86466,Active,254081,NA,NA,D,1,0,3257991.114,70.95,2009,20,4,28.2
86467,Active,250110,NA,NA,D,1,0,2975825.791,123.95,2005,34,4.13,7.99
86468,Active,610388,NA,NA,D,10,1,8582.6175,250,2013,72,52.23,93.74
86469,Active,1822321,NA,NA,D,10,1,956338.9413,44.79,2013,32,5.88,63.87
86470,Active,870992,NA,NA,D,4,1,1244580.848,44.4,2001,37,4,5.98
86471,Active,1721055,NA,NA,D,0,0,805513.4475,42.95,2014,15,34.26,34.96
86472,Active,3292385,NA,NA,D,3,1,914593,69.4,2005,29,45,64.41
86473,Active,868728,NA,NA,D,5,1,1669728,150.58,1993,17,49.11,150.58
86474,Active,879481,NA,NA,D,0,0,2887058.065,510.65,2007,30,4.57,46.51
86475,Active,201749,NA,NA,D,2,1,5009598.216,104.95,2008,19,4,70.97
86476,Active,101426,NA,NA,D,6,1,1395690.42,232.95,2002,74,4,12.86
86477,Active,904500,NA,NA,D,0,0,3160937.475,101,2005,27,7.63,72.59
86478,Active,108736,NA,NA,D,3,1,1679626.265,129.25,2004,21,4,11.82
86479,Active,890604,NA,NA,D,4,1,3170003.34,185,2012,15,58.97,108.99
86480,Active,594630,NA,NA,D,2,1,2112056.196,241.95,2012,30,8.75,77.02
86481,Active,1447275,NA,NA,D,0,0,1078032.208,0,2006,16,9.97,37.98
86482,Active,1783220,NA,NA,D,3,1,593597.8788,0,2012,46,4,57.49
86483,Active,629159,NA,NA,D,5,1,427159.83,261.6,2012,28,22.17,222.41
86484,Active,55587,NA,NA,D,4,1,2010244.639,7.49,2007,51,4,7.48
86485,Active,2284759,NA,NA,D,0,0,382127,0,2012,34,0,0
86486,Active,142020,NA,NA,D,4,1,2218450.104,172.04,2009,17,4.8,23.93
86487,Active,873173,NA,NA,D,4,1,1124238.444,86.57,2009,34,14.5,37.89
86488,Active,145292,NA,NA,D,7,1,1284719.116,107.2,2005,26,4.49,44.79
86489,Active,597494,NA,NA,D,5,1,4462287.035,206,2001,15,23.78,27.99
86490,Active,610413,NA,NA,D,9,1,117025.6888,105,2013,71,35.19,62.7
86491,Active,880157,NA,NA,D,0,0,1552836.59,58.43,2010,42,8.07,26.11
86492,Active,3253553,NA,NA,D,3,1,2256956.99,0,2003,11,6.83,33.98
86493,Active,2105397,NA,NA,D,0,0,1177345.785,29,2014,21,4,9.98
86494,Active,538779,NA,NA,D,16,1,13647.045,133.5,2013,48,26.22,78.68
86495,Active,795559,NA,NA,D,0,0,1458350.063,0,2012,27,4.5,33.76
86496,Active,169154,NA,NA,D,13,1,1171016.256,299.95,2006,59,4,13.99
86497,Active,169577,NA,NA,D,4,1,709005.6075,58.95,2006,57,4,9.68
86498,Active,612287,NA,NA,D,14,1,40019.255,247.95,2014,39,93.99,186.31
86499,Active,144788,NA,NA,D,8,1,424695.0775,118.6,2005,69,4.42,9.43
86500,Active,60054,NA,NA,D,11,1,2383687.726,9.98,2003,46,3.92,9.98
86501,Active,3711262,NA,NA,D,5,1,2178098.6,143.95,2014,27,44.14,139.67
86502,Active,618726,NA,NA,D,15,1,146950.15,66.95,2013,67,27.54,38.98
86503,Active,183697,NA,NA,D,3,1,2886912.861,328.95,2006,26,4.96,8.82
86504,Active,2258566,NA,NA,D,0,0,2766506.774,0,2010,14,14.93,43.87
86505,Active,2256883,NA,NA,D,7,1,487851.1225,132,2008,18,48.67,150.74
86506,Active,58532,NA,NA,D,4,1,1825884.788,122.67,2004,35,4,32.76
86507,Active,366657,NA,NA,D,0,0,567431.5675,47.95,2008,37,5.89,38.21
86508,Active,1498320,NA,NA,D,0,0,599135.4,34.99,2014,17,20.35,23.49
86509,Active,886871,NA,NA,D,0,0,972791.5638,35,2013,10,35.49,35
86510,Active,872178,NA,NA,D,3,1,1543776.456,46.95,2008,41,5.55,11.28
86511,Active,892701,NA,NA,D,0,0,449491.5225,29.95,2013,27,12.82,28.98
86512,Active,157552,NA,NA,D,3,1,1940224.429,150,2010,17,29.48,140.49
86513,Active,55782,NA,NA,D,4,1,107961.2288,33.98,2010,67,4.35,11.98
86514,Active,545615,NA,NA,D,2,1,2914843.004,111.95,2013,14,22.43,179.41
86515,Active,3121673,NA,NA,D,0,0,4382268.5,74,2003,9,28.46,214.07
86516,Active,2249929,NA,NA,D,6,1,8528552.848,11.84,2009,30,6.43,13.41
86517,Active,874675,NA,NA,D,10,1,1384661.886,90.83,1995,67,9.04,73.75
86518,Active,347713,NA,NA,D,2,1,7920874.814,135,2004,35,31.98,79.63
86519,Active,169249,NA,NA,D,6,1,41010.6025,280.95,2008,40,76.58,97.49
86520,Active,348621,NA,NA,D,5,1,1694160.644,89.33,2005,18,32.2,54.48
86521,Active,2226535,NA,NA,D,0,0,648296.7088,38.99,2013,13,12.39,18.08
86522,Active,795831,NA,NA,D,15,1,874918.3213,135.95,2012,26,18.94,81.19
86523,Active,2832898,NA,NA,D,1,0,3396995.574,179.95,2004,21,78.89,82.44
86524,Active,716220,NA,NA,D,4,1,1132605.521,78.07,2012,17,41.78,54.74
86525,Active,417241,NA,NA,D,1,0,673873.75,173.75,2012,6,91.83,77.64
86526,Active,540782,NA,NA,D,5,1,268051.5675,272.07,2013,36,43.92,210.69
86527,Active,699328,NA,NA,D,0,0,781258.5975,65.84,2012,29,21.27,70.38
86528,Active,731776,NA,NA,D,4,1,6021350.569,4.49,2001,36,4,4
86529,Active,602912,NA,NA,D,2,1,1086009.425,39.95,2009,13,19.8,27.99
86530,Active,3475230,NA,NA,D,3,1,2317706.65,48,1997,42,4,28.99
86531,Active,877873,NA,NA,D,0,0,1359993.461,31.49,2009,15,15.24,25.27
86532,Active,877864,NA,NA,D,0,0,2757452.159,89.33,2011,18,10.88,127.71
86533,Active,130803,NA,NA,D,5,1,110915.6725,166.95,2011,48,38.35,63.59
86534,Active,893355,NA,NA,D,2,1,1355431.629,110.8,2012,30,24.35,602.97
86535,Active,2252435,NA,NA,D,21,1,4129658.47,86.55,2010,32,17.57,84.93
86536,Active,544310,NA,NA,D,22,1,19698.49375,375.95,2013,73,31.77,124.24
86537,Active,533662,NA,NA,D,3,1,20309.91,154.95,2012,122,45.55,65.49
86538,Active,650389,NA,NA,D,7,1,2350691.339,208.47,2012,20,14.39,20.64
86539,Active,177782,NA,NA,D,1,0,2809125.328,58.95,2005,41,4,18.98
86540,Active,169702,NA,NA,D,4,1,9642236.06,341.95,2007,10,4.13,279.72
86541,Active,880229,NA,NA,D,9,1,1074149.489,129.95,2012,23,6.02,20.76
86542,Active,634682,NA,NA,D,9,1,334511.5775,161,2013,39,14.87,53.94
86543,Active,2275396,NA,NA,D,6,1,407751.265,74.69,1900,36,10.79,46.23
86544,Active,877024,NA,NA,D,5,1,4367756.228,67.85,2002,31,7.49,32.34
86545,Active,2251802,NA,NA,D,6,1,590015.1738,118.69,2009,29,27.05,90.8
86546,Active,178001,NA,NA,D,8,1,2627197.581,120.95,2004,46,4,10.45
86547,Active,597283,NA,NA,D,2,1,2211917.73,83,2007,18,5.59,74.99
86548,Active,716351,NA,NA,D,6,1,2471791.659,73.19,2012,12,4.39,45.41
86549,Active,663502,NA,NA,D,5,1,457609.7263,114.95,2013,17,61.32,90.28
86550,Active,591356,NA,NA,D,5,1,1862193.728,19.93,2005,17,4.85,19.49
86551,Active,1477918,NA,NA,D,0,0,2870142.275,87,2012,15,25,71.77
86552,Active,215735,NA,NA,D,1,0,775161.99,75,2002,22,10.18,63.71
86553,Active,533959,NA,NA,D,3,1,1034474.478,68,2008,21,9.82,33.94
86554,Active,626622,NA,NA,D,5,1,35219.39375,104.2,2013,101,18.75,31.84
86555,Active,540161,NA,NA,D,5,1,565640.8138,97.47,2013,28,7.4,62.87
86556,Active,552624,NA,NA,D,2,1,582593.6338,86.67,2003,33,4.34,38.98
86557,Active,550279,NA,NA,D,9,1,6231477.374,4,2007,77,3.99,3.98
86558,Active,557279,NA,NA,D,3,1,1662319.715,74.2,2005,15,9.36,121.76
86559,Active,54339,NA,NA,D,7,1,1084498.56,36.6,2003,78,3.97,11.97
86560,Active,532710,NA,NA,D,4,1,1027705.793,175.13,2009,24,37.32,135.42
86561,Active,199609,NA,NA,D,0,0,1587461.32,75.95,2006,21,30.39,243.19
86562,Active,666288,NA,NA,D,0,0,4401849.983,120,2003,20,6.04,43.9
86563,Active,878021,NA,NA,D,8,1,305585.4288,76.4,2015,5,74.49,70.91
86564,Active,586721,NA,NA,D,5,1,221180.8813,80,2006,59,5.87,42.98
86565,Active,875993,NA,NA,D,1,0,2117298.171,54.63,2007,41,7.48,42.68
86566,Active,536558,NA,NA,D,7,1,239436.5025,184.2,2012,49,26.42,87.26
86567,Active,183287,NA,NA,D,3,1,1002911.471,50.95,2005,40,3.99,10.24
86568,Active,301916,NA,NA,D,14,1,733788.5863,72.81,2003,14,13.07,73.97
86569,Active,873200,NA,NA,D,1,0,1726151.54,129.99,2008,23,32.49,33.99
86570,Active,248980,NA,NA,D,4,1,489437.6275,149,2006,28,45.55,82.99
86571,Active,2368407,NA,NA,D,2,1,6328963.883,70,1990,15,9.99,55.85
86572,Active,905549,NA,NA,D,5,1,1250902.669,70.95,2009,23,49.14,70.95
86573,Active,699319,NA,NA,D,0,0,1137305.858,43.5,2011,8,22.53,51.88
86574,Active,60103,NA,NA,D,2,1,919896.4263,257.75,2006,58,4.22,23.98
86575,Active,3784711,NA,NA,D,0,0,1372918.8,185,2003,20,78.24,254.99
86576,Active,545271,NA,NA,D,6,1,351595.3913,215,2011,47,72.94,160.94
86577,Active,265058,NA,NA,D,0,0,2298133.963,75,2011,19,4,22.49
86578,Active,1622266,NA,NA,D,0,0,1620940.39,55.4,2006,16,4.22,7.82
86579,Active,889944,NA,NA,D,0,0,1193907.268,5.7,2006,11,4.98,4.98
86580,Active,56944,NA,NA,D,5,1,2329027.724,2526.76,2004,18,4,42.37
86581,Active,2703446,NA,NA,D,1,0,1442209.885,61.95,2004,20,6.78,61.51
86582,Active,2675405,NA,NA,D,2,1,1951106.529,83.5,1985,28,8.74,79.99
86583,Active,51844,NA,NA,D,9,1,1025384.779,52.95,2003,76,4,12.98
86584,Active,119987,NA,NA,D,7,1,11013.04375,138.67,2010,42,90.71,107.33
86585,Active,574742,NA,NA,D,0,0,883454.0963,77.95,2008,27,4,8.89
86586,Active,630627,NA,NA,D,6,1,750708.7988,75.99,2011,24,12.35,73.96
86587,Active,2266821,NA,NA,D,2,1,3043098.55,68.9,2008,25,29.72,67.61
86588,Active,2256241,NA,NA,D,9,1,3251121.281,133.33,2010,24,35.87,135.31
86589,Active,873338,NA,NA,D,4,1,3000281.853,55.59,2009,43,15.25,33.52
86590,Active,162463,NA,NA,D,9,1,1564063.439,193.15,2009,20,6.39,33.77
86591,Active,2153722,NA,NA,D,4,1,1303357.028,210.92,2010,7,83.97,113.99
86592,Active,878288,NA,NA,D,2,1,1427533.839,148.36,2010,31,41.27,133.16
86593,Active,193275,NA,NA,D,1,0,5285758.373,106,2003,24,4.03,33.98
86594,Active,2227692,NA,NA,D,0,0,32795.44875,27.99,2012,14,21.84,22.98
86595,Active,608778,NA,NA,D,5,1,3048641.986,53.95,2005,44,4,9.5
86596,Active,880345,NA,NA,D,0,0,3422401.37,16.98,2006,28,4,16.98
86597,Active,182657,NA,NA,D,10,1,2800215.061,4,2003,50,4,12.17
86598,Active,245839,NA,NA,D,2,1,4453418.495,69.43,2003,23,4.57,43.99
86599,Active,1946544,NA,NA,D,10,1,480371.7638,66.75,2013,15,36.09,37.78
86600,Active,2253529,NA,NA,D,0,0,3612391.864,65.92,2010,38,10.66,40.82
86601,Active,2261272,NA,NA,D,10,1,7597591.844,0,2009,26,7.38,44.48
86602,Active,610242,NA,NA,D,3,1,794953.755,230.8,2012,23,19.78,178.99
86603,Active,550789,NA,NA,D,3,1,749274.69,93.79,2010,16,63.13,138.98
86604,Active,807064,NA,NA,D,1,0,2100640.369,81.95,2007,13,10.09,18.81
86605,Active,1698180,NA,NA,D,0,0,410652.1688,59.95,2010,18,23.48,37.1
86606,Active,661023,NA,NA,D,0,0,980783.7825,49.99,2012,21,35.65,0
86607,Active,609069,NA,NA,D,3,1,2508754.48,39.99,2004,37,4,8.31
86608,Active,850235,NA,NA,D,3,1,6309449.376,93.4,1999,23,4,7.28
86609,Active,3595510,NA,NA,D,0,0,1524477.55,59.99,2011,36,34.48,36.57
86610,Active,2265430,NA,NA,D,1,0,3455330.885,97.86,2009,24,13.16,67.5
86611,Active,525962,NA,NA,D,6,1,540719.2763,24.99,2006,60,4,17.65
86612,Active,748668,NA,NA,D,2,1,3892319.091,255.95,2007,19,56.96,177.63
86613,Active,880563,NA,NA,D,10,1,398696.5075,90.16,2009,44,9.79,74.35
86614,Active,2255094,NA,NA,D,5,1,3162036.231,33.99,2006,38,9.15,33.99
86615,Active,698690,NA,NA,D,9,1,2023710.755,22.95,2010,51,4.99,9.99
86616,Active,60133,NA,NA,D,7,1,1038117.731,177.95,2004,77,4,7.3
86617,Active,2252806,NA,NA,D,3,1,5495796.073,77.43,2008,27,11.64,59.43
86618,Active,2813599,NA,NA,D,0,0,2199378.355,30,1997,24,4.04,48.9
86619,Active,2238224,NA,NA,D,19,1,251586.5063,0,2010,22,31.7,58.89
86620,Active,316578,NA,NA,D,6,1,972426.2075,73.6,2008,24,28.99,161.02
86621,Active,2257406,NA,NA,D,0,0,1941290.375,126.31,2008,42,62.89,107.83
86622,Active,677994,NA,NA,D,1,0,9564385.308,22.95,1998,26,4,12.49
86623,Active,609489,NA,NA,D,3,1,2007887.884,35.95,2003,53,4,12.99
86624,Active,154064,NA,NA,D,0,0,94827.91625,33.75,2011,42,16.54,29.85
86625,Active,2675208,NA,NA,D,0,0,7585419.438,18.51,1977,22,4.79,28.94
86626,Active,858292,NA,NA,D,10,1,62089.4275,259,2014,28,110.39,120.87
86627,Active,630578,NA,NA,D,9,1,542836.7338,84.95,2012,18,10.99,24.99
86628,Active,613362,NA,NA,D,8,1,2769256.814,8.22,2001,48,3.59,8.22
86629,Active,544199,NA,NA,D,9,1,18748.985,292.95,2012,77,14.08,76.59
86630,Active,2255069,NA,NA,D,5,1,1210932.861,16.35,2008,43,5.87,24.15
86631,Active,638351,NA,NA,D,7,1,1250517.143,49.95,2011,14,21.93,49.24
86632,Active,108646,NA,NA,D,5,1,1151210.59,73.99,2003,23,4,64.75
86633,Active,2252866,NA,NA,D,5,1,5495850.84,33.27,2008,36,10.41,21.46
86634,Active,2259033,NA,NA,D,4,1,579838.4338,48.88,2007,25,14.3,42.08
86635,Active,876652,NA,NA,D,3,1,636901.13,164.4,2013,24,116.15,138.99
86636,Active,108415,NA,NA,D,2,1,2936524.684,73.12,2003,13,20.94,53.99
86637,Active,866404,NA,NA,D,5,1,214374.8313,333.95,2014,33,23.57,110.24
86638,Active,515881,NA,NA,D,2,1,4451264.566,66,2002,22,4,28.84
86639,Active,876957,NA,NA,D,0,0,2011140.843,108.55,2010,11,41.26,108.55
86640,Active,416402,NA,NA,D,3,1,3390664.645,6.72,2006,29,4.07,6.72
86641,Active,52386,NA,NA,D,1,0,1939512.805,201.5,2006,60,4,7.43
86642,Active,2255992,NA,NA,D,6,1,9902570.956,77.45,2008,32,14.75,67.01
86643,Active,2253105,NA,NA,D,6,1,7900721,0,2008,21,0,0
86644,Active,552101,NA,NA,D,2,1,7390127.55,49,1989,24,4,15.57
86645,Active,2256590,NA,NA,D,6,1,4208668.245,42.38,2007,25,9.13,40.69
86646,Active,878615,NA,NA,D,3,1,624785.7,78.75,2011,25,11.81,41.92
86647,Active,105153,NA,NA,D,11,1,1159361.264,72.39,2005,14,19.97,43.99
86648,Active,875129,NA,NA,D,4,1,527879.2188,360.62,2012,27,11.11,73.67
86649,Active,244076,NA,NA,D,6,1,17458.44375,393.95,2012,100,10.19,223.05
86650,Active,745598,NA,NA,D,0,0,5513672.58,100.39,2008,14,28.98,97.21
86651,Active,874415,NA,NA,D,3,1,2528371.256,0,2011,12,6.19,0
86652,Active,562148,NA,NA,D,5,1,3446871.651,101.95,2006,18,8.98,73.45
86653,Active,878484,NA,NA,D,0,0,2193205.813,134.15,2010,27,12.35,85.97
86654,Active,562113,NA,NA,D,0,0,7980125.2,103.11,2008,15,6.37,103.11
86655,Active,876624,NA,NA,D,10,1,1086461.89,250.95,2014,26,66.97,227.3
86656,Active,544219,NA,NA,D,10,1,5312.26375,242.95,2012,110,32.52,147.49
86657,Active,52034,NA,NA,D,11,1,1574731.596,13.97,2005,98,4.06,13.98
86658,Active,629132,NA,NA,D,13,1,1923149.374,286,2012,27,5.52,179.98
86659,Active,543790,NA,NA,D,13,1,261879.4688,117.95,2012,25,82.73,82.94
86660,Active,873703,NA,NA,D,4,1,1280819.863,81,2008,20,14.87,59.61
86661,Active,873323,NA,NA,D,4,1,161177.405,33.91,2008,30,12.92,25.94
86662,Active,2117051,NA,NA,D,4,1,7502927.35,125,2006,12,38.98,284.01
86663,Active,658611,NA,NA,D,1,0,956572.33,312.5,2012,19,18.98,290.23
86664,Active,517809,NA,NA,D,4,1,2933959.654,6.65,2003,27,4,5.62
86665,Active,2282298,NA,NA,D,2,1,637347.2375,83.99,2006,9,36.2,68.8
86666,Active,2255843,NA,NA,D,5,1,8295104.048,0,2009,26,9.36,1424.02
86667,Active,770546,NA,NA,D,7,1,972377.6575,323.01,2002,32,15.89,440.57
86668,Active,544198,NA,NA,D,9,1,85897.39625,338.95,2012,57,66.81,83.98
86669,Active,561475,NA,NA,D,10,1,545077.2125,219,2011,36,5.14,303.98
86670,Active,896953,NA,NA,D,7,1,612311.485,339.95,2013,35,49.12,209.67
86671,Active,766447,NA,NA,D,0,0,361975.5313,228.95,2010,28,9.86,53.99
86672,Active,2255791,NA,NA,D,6,1,819812.1,41.99,2008,60,9.76,38.99
86673,Active,760151,NA,NA,D,3,1,3295959.72,111.67,2001,16,5.99,109.83
86674,Active,3473190,NA,NA,D,11,1,3526860,144,2015,16,135.48,139.13
86675,Active,2261704,NA,NA,D,0,0,1516637.575,71.15,2007,24,23,74.18
86676,Active,775740,NA,NA,D,0,0,1785245.231,38.95,2005,21,4.07,47.99
86677,Active,877253,NA,NA,D,9,1,2554490.044,57.37,2010,25,56.68,146.49
86678,Active,769822,NA,NA,D,2,1,7611490.486,169,2002,13,8.87,68.97
86679,Active,860650,NA,NA,D,4,1,2070034.416,92.75,2012,26,6.98,44.99
86680,Active,477697,NA,NA,D,7,1,227826.2475,314.95,2010,23,98.53,124.97
86681,Active,532174,NA,NA,D,5,1,1430895.821,369,2009,17,122.39,151.23
86682,Active,655289,NA,NA,D,4,1,605450.3825,117.8,2012,18,76.29,98.99
86683,Active,1719612,NA,NA,D,5,1,375402.7263,110,2008,37,88.5,155.51
86684,Active,131635,NA,NA,D,6,1,2137492.298,61.4,2002,29,4,13.99
86685,Active,576563,NA,NA,D,2,1,1443205.243,51.95,2000,24,4,53.15
86686,Active,142939,NA,NA,D,2,1,4860649.601,107,2004,15,6.78,52.54
86687,Active,911988,NA,NA,D,9,1,2534567.059,150.67,2008,59,6.69,53.23
86688,Active,870455,NA,NA,D,0,0,1272113.779,54.51,2005,43,9.33,37.34
86689,Active,259990,NA,NA,D,2,1,3508105.303,66,2002,16,4,5.72
86690,Active,2423396,NA,NA,D,0,0,4352205.1,0,1977,12,14.76,0
86691,Active,1826579,NA,NA,D,11,1,872482.6138,166.95,2013,16,106.24,149.09
86692,Active,2403766,NA,NA,D,1,0,3134324.371,39.95,1984,26,9.18,54.01
86693,Active,3485191,NA,NA,D,3,1,7027268.8,70,1998,29,4,10.41
86694,Active,2258970,NA,NA,D,5,1,1616505.8,67.48,2009,28,65.86,67.48
86695,Active,633178,NA,NA,D,4,1,31523.31625,144,2011,41,83.99,97.99
86696,Active,715868,NA,NA,D,3,1,337172.5488,45.54,2011,10,37.95,37.96
86697,Active,606994,NA,NA,D,9,1,341434.0825,63.31,2006,71,4.89,35
86698,Active,58090,NA,NA,D,3,1,2027137.266,40.77,2005,33,4,29.95
86699,Active,716463,NA,NA,D,10,1,2997431.055,1340.4,2008,26,5.02,57.39
86700,Active,875371,NA,NA,D,1,0,1155836.449,23.31,2008,98,4,23.31
86701,Active,572291,NA,NA,D,7,1,1261523.566,89.79,2007,26,6.99,85.25
86702,Active,286208,NA,NA,D,10,1,906860.5313,198.2,2006,35,10.28,41.15
86703,Active,553130,NA,NA,D,1,0,2680265.9,150.07,2011,16,45.98,265.75
86704,Active,800103,NA,NA,D,1,0,5458785.188,95,2005,13,6.97,41.14
86705,Active,534029,NA,NA,D,4,1,1827116.58,42.25,2000,29,4.58,5.24
86706,Active,2431751,NA,NA,D,0,0,3940290.15,104,2004,16,8.99,602.39
86707,Active,716049,NA,NA,D,5,1,721300.8538,117.01,2012,27,6.74,43.39
86708,Active,861236,NA,NA,D,6,1,1122481.968,237.73,2013,25,4.73,112.98
86709,Active,111973,NA,NA,D,18,1,1949834.721,49.5,2010,51,3.87,4
86710,Active,738422,NA,NA,D,2,1,4828034.973,120,2003,16,4,28.74
86711,Active,109712,NA,NA,D,7,1,1225916.24,42.85,2006,26,16.06,42.65
86712,Active,715770,NA,NA,D,5,1,912562.6175,100.4,2011,24,26.13,0
86713,Active,875690,NA,NA,D,4,1,1749865.293,44.46,2007,58,5.59,20.98
86714,Active,474542,NA,NA,D,2,1,4197716.635,138,2011,13,30.14,112.67
86715,Active,1574931,NA,NA,D,10,1,1693432.968,199.95,2009,25,5.72,15.6
86716,Active,1540210,NA,NA,D,1,0,3024349.246,130,2010,13,41.55,128.39
86717,Active,3468076,NA,NA,D,3,1,4109946.25,39.99,2004,25,4.56,44.16
86718,Active,764928,NA,NA,D,2,1,3933179.154,84.95,2001,15,13.94,78.84
86719,Active,2647070,NA,NA,D,0,0,1692143.963,23.95,1991,47,4,45.16
86720,Active,267167,NA,NA,D,12,1,845469.99,336,2011,29,102.99,183.99
86721,Active,2859965,NA,NA,D,3,1,5860184.394,57.95,2002,24,4,8.53
86722,Active,3590267,NA,NA,D,4,1,5803744.7,70,2002,24,4.28,16
86723,Active,58370,NA,NA,D,6,1,2069501.649,115,2004,72,4,13.89
86724,Active,904784,NA,NA,D,8,1,4617374.159,131,2003,15,6.23,67.46
86725,Active,143539,NA,NA,D,0,0,1288736.976,41,2011,56,4,0
86726,Active,2257554,NA,NA,D,3,1,3056097.076,54.84,2011,28,9.8,41.64
86727,Active,3464642,NA,NA,D,4,1,5141836.1,40.95,1995,9,48.94,0
86728,Active,722650,NA,NA,D,8,1,1006620.146,110,2006,28,14.86,81.38
86729,Active,876759,NA,NA,D,5,1,1194004.9,256.21,2007,35,23.38,160.49
86730,Active,2252051,NA,NA,D,5,1,829308.0688,110.33,2007,25,12.61,94.84
86731,Active,3262732,NA,NA,D,6,1,587691.7875,126.41,2005,32,9.77,85.21
86732,Active,228969,NA,NA,D,7,1,1221488.489,87,2007,12,17.49,78.67
86733,Active,107191,NA,NA,D,9,1,414904.8375,50.93,2000,18,4.75,66.9
86734,Active,2257125,NA,NA,D,5,1,4674294.016,79.45,2010,36,8.7,43.34
86735,Active,2261019,NA,NA,D,5,1,3159784.156,275.17,2010,29,105.75,200.35
86736,Active,112507,NA,NA,D,6,1,1686177.339,265,2007,22,46.58,202.99
86737,Active,664325,NA,NA,D,11,1,654193.0475,139.58,2013,23,42.87,209.58
86738,Active,196488,NA,NA,D,2,1,1715541.546,55.95,2003,22,4.99,52.13
86739,Active,878187,NA,NA,D,8,1,972411.5213,492.9,2012,12,29.29,94.03
86740,Active,825095,NA,NA,D,8,1,2183409.929,34.95,1996,28,4,5.51
86741,Active,728469,NA,NA,D,2,1,3090048.085,102,2000,11,42.99,56.99
86742,Active,3825799,NA,NA,D,0,0,1019220,44.95,2016,10,26.47,40.59
86743,Active,626680,NA,NA,D,5,1,493499.2988,125.21,2012,43,5.48,50.04
86744,Active,543932,NA,NA,D,8,1,15136.78875,244.5,2012,72,19.14,38.91
86745,Active,879986,NA,NA,D,2,1,841071.5975,49.12,2007,35,6.6,42.86
86746,Active,454813,NA,NA,D,0,0,1353731.408,131,2010,16,29.99,281.53
86747,Active,909371,NA,NA,D,0,0,609324.145,74,1995,25,13.94,29.14
86748,Active,873737,NA,NA,D,2,1,7775007.358,101.99,2012,16,4.36,101.99
86749,Active,875138,NA,NA,D,6,1,2906229.411,30.99,2012,21,5.51,30.99
86750,Active,764129,NA,NA,D,5,1,3667755.231,103.95,2001,24,4.13,4.76
86751,Active,873832,NA,NA,D,3,1,1021631.801,28.49,2012,34,7.72,28.99
86752,Active,170231,NA,NA,D,8,1,657961.9588,204.95,2011,34,5.38,48.95
86753,Active,873911,NA,NA,D,6,1,1670327.609,48.07,2011,17,5.74,28.99
86754,Active,2266279,NA,NA,D,7,1,1421251.365,0,2011,28,8.98,14.88
86755,Active,613507,NA,NA,D,9,1,773938.7925,185.99,2012,27,52.9,159.43
86756,Active,791744,NA,NA,D,8,1,943376.8125,162.4,2005,27,9.13,43.97
86757,Active,540753,NA,NA,D,2,1,1339086.89,177.13,2012,31,5.26,183.47
86758,Active,769685,NA,NA,D,4,1,8359045.2,0,2002,9,9.27,0
86759,Active,53784,NA,NA,D,7,1,282281.9388,78.98,2007,51,14.95,123.57
86760,Active,2529444,NA,NA,D,0,0,4142192.443,45.43,1994,15,8.54,16.26
86761,Active,1547628,NA,NA,D,0,0,2224265.015,61.95,2011,14,39.97,50.79
86762,Active,714451,NA,NA,D,1,0,971407.2275,58.6,2002,36,4,43.53
86763,Active,654012,NA,NA,D,0,0,225700.6475,59.89,2006,27,28.91,0
86764,Active,55396,NA,NA,D,1,0,1308536.2,54.95,2008,50,4,23.75
86765,Active,2272707,NA,NA,D,0,0,8857679.399,97.28,2011,29,18.97,78.95
86766,Active,879595,NA,NA,D,10,1,238486.6,59.69,2009,29,10.52,59.69
86767,Active,51824,NA,NA,D,8,1,2190153.873,6.03,2004,28,4,4.75
86768,Active,879953,NA,NA,D,9,1,1393572.154,13.99,2010,25,4.8,93.07
86769,Active,2271826,NA,NA,D,9,1,1110671.339,99.23,2010,39,21.12,92.92
86770,Active,2255218,NA,NA,D,9,1,1278281.25,106.84,2007,31,0,0
86771,Active,2255130,NA,NA,D,7,1,3012280.32,132.79,2010,64,16.85,77.34
86772,Active,2251345,NA,NA,D,6,1,2006873.954,98.88,2010,42,24.31,92.32
86773,Active,531793,NA,NA,D,6,1,51549.125,295.95,2012,101,85.3,125.25
86774,Active,632768,NA,NA,D,7,1,8757269.928,57.95,1991,19,4.67,91.19
86775,Active,714287,NA,NA,D,3,1,3729490.984,60.8,2001,31,4,48.68
86776,Active,2618375,NA,NA,D,3,1,6337241.119,52.95,1993,18,4,13.97
86777,Active,633788,NA,NA,D,7,1,966944.6775,78,2012,18,12.71,51.87
86778,Active,2260226,NA,NA,D,0,0,3275300.411,60.7,2006,32,18.2,47.18
86779,Active,2591038,NA,NA,D,0,0,2775685.614,110,1983,20,22.65,56.44
86780,Active,879826,NA,NA,D,0,0,1124621.685,68.99,2010,30,22.21,68.99
86781,Active,919012,NA,NA,D,2,1,1538396.468,4.49,2009,38,4,7.97
86782,Active,109055,NA,NA,D,9,1,4883121.136,418.41,2005,10,9.29,49.65
86783,Active,531674,NA,NA,D,9,1,284872.6375,225.95,2011,29,31.63,177.73
86784,Active,552799,NA,NA,D,2,1,2745991.238,84.4,2010,12,52.69,57.94
86785,Active,55164,NA,NA,D,1,0,4044945.478,66.95,2001,28,3.34,7.78
86786,Active,602665,NA,NA,D,2,1,1353211.344,89.95,2004,13,47.14,170.09
86787,Active,871890,NA,NA,D,0,0,6610532.126,2820.88,2009,18,4,73.27
86788,Active,2256411,NA,NA,D,7,1,1592375.795,39.11,2007,37,10.74,87.69
86789,Active,2257409,NA,NA,D,7,1,1119949.988,86.78,2011,38,16.2,77.39
86790,Active,876234,NA,NA,D,6,1,4308841.521,146.93,2006,10,40.14,675
86791,Active,2563176,NA,NA,D,2,1,2977073.089,415,1996,28,4.72,60.92
86792,Active,655227,NA,NA,D,4,1,366295.42,89.95,2013,39,30.93,92
86793,Active,143278,NA,NA,D,8,1,596755.6475,213,2010,18,49.98,202
86794,Active,900269,NA,NA,D,0,0,3024884.823,137.95,2006,13,14.17,72.31
86795,Active,912615,NA,NA,D,0,0,503429.1988,14.95,2010,26,8.34,21.41
86796,Active,598822,NA,NA,D,2,1,5410168.375,119,2003,15,4.8,48.49
86797,Active,2105398,NA,NA,D,0,0,664089.5038,14,2015,48,4,12.48
86798,Active,2253068,NA,NA,D,0,0,947886.4175,59.93,2010,13,23.51,78.39
86799,Active,610267,NA,NA,D,18,1,61719.3125,225,2013,152,10.4,155.63
86800,Active,2251990,NA,NA,D,3,1,378453.07,64.39,2006,28,10.98,53.87
86801,Active,704176,NA,NA,D,2,1,2867292.906,115.4,2001,20,57.95,342.57
86802,Active,2248647,NA,NA,D,3,1,763651.5675,166.77,2006,17,27.33,95.24
86803,Active,105540,NA,NA,D,8,1,86839.58,126.75,2010,18,53.86,88.1
86804,Active,714780,NA,NA,D,7,1,1738700.205,99,2002,27,4.97,33.99
86805,Active,876365,NA,NA,D,11,1,71841.23,21.97,2015,48,10.41,21.94
86806,Active,873159,NA,NA,D,7,1,4206952.509,138.27,2001,13,22.74,82.91
86807,Active,260102,NA,NA,D,2,1,2929430.169,34.95,2004,29,4,7.74
86808,Active,1647428,NA,NA,D,3,1,863146.3113,99.95,2011,28,11.17,48.99
86809,Active,864604,NA,NA,D,7,1,617059.87,175,2013,41,16.69,46.93
86810,Active,142924,NA,NA,D,1,0,3379872.085,145,2006,20,4.8,15.94
86811,Active,3504785,NA,NA,D,11,1,2755684.35,215.95,1900,11,14.75,63.93
86812,Active,3255416,NA,NA,D,1,0,1555538.138,114.55,1998,41,35.34,116.6
86813,Active,873206,NA,NA,D,0,0,2784599.496,65,2007,26,4,34.86
86814,Active,57165,NA,NA,D,1,0,1506555.756,37.5,2002,33,4,17.11
86815,Active,2257899,NA,NA,D,4,1,484992.3138,37.94,2011,30,13.96,22.94
86816,Active,2255781,NA,NA,D,2,1,5203119.091,0,2011,17,21.77,47.08
86817,Active,878087,NA,NA,D,0,0,389097.1988,65.49,2009,19,11.04,123.45
86818,Active,2829145,NA,NA,D,3,1,7400876.948,906.17,2003,15,6.34,23.99
86819,Active,230263,NA,NA,D,19,1,683876.9388,50,2008,24,19.23,143.12
86820,Active,2226070,NA,NA,D,6,1,388492.59,25.49,2011,5,30.08,18.2
86821,Active,2098822,NA,NA,D,1,0,1359102.996,22,2013,9,15.06,22
86822,Active,887484,NA,NA,D,3,1,404988.5813,157.95,2015,19,55.87,119.2
86823,Active,2270244,NA,NA,D,3,1,648271.55,57.27,1900,27,0,0
86824,Active,892076,NA,NA,D,1,0,8267359.19,144.99,2009,17,34.04,84.54
86825,Active,56972,NA,NA,D,9,1,3344420.506,7.89,2004,42,3.97,6.98
86826,Active,115219,NA,NA,D,1,0,2162375.759,42.99,2000,53,4,5.53
86827,Active,534836,NA,NA,D,2,1,370769.0438,43.99,2010,28,4.59,48.99
86828,Active,651429,NA,NA,D,1,0,833626.4413,45.95,2010,25,24.05,35.5
86829,Active,434810,NA,NA,D,0,0,2733185.114,220,2008,14,42.49,148.17
86830,Active,243876,NA,NA,D,5,1,1572648.093,191.95,2010,14,7.77,10.09
86831,Active,143039,NA,NA,D,2,1,5269036.794,138,2006,15,14.98,12.98
86832,Active,802033,NA,NA,D,0,0,2823781.044,110,2011,12,30.26,50.05
86833,Active,51903,NA,NA,D,3,1,1815353.318,8.42,2006,27,4,8.48
86834,Active,2253629,NA,NA,D,0,0,547839.515,86.35,2007,27,46.25,70.27
86835,Active,3327266,NA,NA,D,0,0,5673893.2,0,2012,5,4.98,0
86836,Active,255647,NA,NA,D,5,1,120274.2375,74.95,2010,31,53.23,72.7
86837,Active,170128,NA,NA,D,8,1,31269.87375,233.95,2010,54,71.83,89.08
86838,Active,645978,NA,NA,D,7,1,889634.65,121.33,2010,20,23.82,91.23
86839,Active,870986,NA,NA,D,1,0,2094320.688,59.95,2000,42,3.99,10.28
86840,Active,902197,NA,NA,D,2,1,1909316.571,179.79,2007,26,15.91,144.8
86841,Active,279079,NA,NA,D,1,0,283303.325,119.95,2008,35,69.93,144.76
86842,Active,878915,NA,NA,D,4,1,308808.4838,87.23,2002,28,16.51,60.86
86843,Active,723161,NA,NA,D,1,0,2304197.148,65.95,2001,21,6.76,33.94
86844,Active,891495,NA,NA,D,0,0,1515797.796,127,2003,22,15.82,83.43
86845,Active,2256874,NA,NA,D,0,0,2080682.534,35.58,2010,46,20.47,77.88
86846,Active,599505,NA,NA,D,9,1,1236084.324,79.95,2007,23,4,5.46
86847,Active,285276,NA,NA,D,9,1,1674027.155,57.31,2005,33,8.93,42.94
86848,Active,553274,NA,NA,D,7,1,35404.8575,174,2013,86,8.92,82.57
86849,Active,880364,NA,NA,D,9,1,2992218.485,126,2012,26,4,62.89
86850,Active,2261379,NA,NA,D,2,1,7816478.018,25.11,2011,23,18.59,24.7
86851,Active,2260435,NA,NA,D,6,1,1036435.644,70.11,2010,34,8.86,49.67
86852,Active,914980,NA,NA,D,6,1,934084.7925,49.09,2011,35,6.3,40.81
86853,Active,664003,NA,NA,D,7,1,189790.74,105.95,2013,23,10.55,78.82
86854,Active,2256183,NA,NA,D,10,1,4598938.75,70.33,2010,34,13.4,50.55
86855,Active,547850,NA,NA,D,3,1,2758375.469,112.5,2001,37,4,6.99
86856,Active,866788,NA,NA,D,5,1,699873.6713,192.53,2014,26,27.79,162.31
86857,Active,2263497,NA,NA,D,4,1,652045.6375,56.51,2010,43,5.86,37.68
86858,Active,878058,NA,NA,D,8,1,4704317.434,0,2013,10,4,73.99
86859,Active,1826524,NA,NA,D,9,1,795097.0513,175.95,2013,17,44.41,101.96
86860,Active,911430,NA,NA,D,0,0,2864717.656,179,2007,21,60.07,80.47
86861,Active,2252551,NA,NA,D,2,1,2668529.644,65.28,2010,30,9.16,31.85
86862,Active,610252,NA,NA,D,1,0,257748.5138,29.95,2011,41,17.31,23.14
86863,Active,2252517,NA,NA,D,3,1,3428651.239,44.38,2010,40,21.98,38.4
86864,Active,899109,NA,NA,D,4,1,1672825.066,69.95,2009,14,21.26,46.66
86865,Active,877087,NA,NA,D,1,0,3680610.389,71.89,2008,28,4.16,50.87
86866,Active,2254783,NA,NA,D,6,1,691333.7538,41.19,2012,40,9.04,22.17
86867,Active,795563,NA,NA,D,7,1,466499.6138,161.95,2012,22,122.99,138.97
86868,Active,874457,NA,NA,D,9,1,3097250.745,99.95,2008,15,41.38,99.06
86869,Active,108616,NA,NA,D,5,1,5501802.081,43.07,2003,16,4.22,10.98
86870,Active,298137,NA,NA,D,1,0,1738355.778,129.95,2009,16,22.56,68.89
86871,Active,322149,NA,NA,D,4,1,2152460.259,121.4,2011,16,65.7,449.43
86872,Active,2620864,NA,NA,D,2,1,9571741.15,21.95,2001,14,5.21,21.95
86873,Active,254872,NA,NA,D,4,1,1292566.205,39.95,2004,26,4,48.36
86874,Active,54022,NA,NA,D,4,1,544220.1263,7.94,2006,80,4.2,8.99
86875,Active,297891,NA,NA,D,6,1,16306.40875,91.95,2012,117,9.38,56.83
86876,Active,880481,NA,NA,D,13,1,818204.9625,198.95,2010,27,24.61,142.53
86877,Active,2251287,NA,NA,D,7,1,8230176.671,55.57,2008,26,9.53,36.82
86878,Active,608550,NA,NA,D,2,1,2910933.451,55.95,2003,34,4,11.96
86879,Active,873921,NA,NA,D,2,1,5850129.289,46,1996,24,4.22,17.48
86880,Active,883204,NA,NA,D,0,0,6804631.388,79,2003,17,3.43,78.75
86881,Active,142594,NA,NA,D,0,0,487510.3388,64,2000,30,8.31,49.27
86882,Active,247530,NA,NA,D,0,0,1098650.701,116,2005,21,48.69,92.07
86883,Active,2612615,NA,NA,D,0,0,3600391.714,120,2001,18,18.52,66.19
86884,Active,1782731,NA,NA,D,2,1,1465438.388,106.95,2011,16,12.46,106.95
86885,Active,874949,NA,NA,D,4,1,1182171.168,94.47,2014,17,36.69,3864.39
86886,Active,912656,NA,NA,D,2,1,670463.75,56.12,2011,31,13.69,56.12
86887,Active,869835,NA,NA,D,2,1,6169035.109,54.95,2004,15,4.74,8.25
86888,Active,2139832,NA,NA,D,0,0,2535355.165,39.95,2010,15,12.85,47.98
86889,Active,2613529,NA,NA,D,0,0,4431400.55,130.99,2005,10,52.47,220.73
86890,Active,867407,NA,NA,D,0,0,128130.5538,59.99,2014,30,27.59,36.25
86891,Active,2256728,NA,NA,D,0,0,3679248.338,12.98,2010,45,7.41,12.98
86892,Active,145059,NA,NA,D,2,1,232699.5475,124,2005,28,9.54,133.98
86893,Active,145334,NA,NA,D,3,1,1283615.461,107.4,2005,21,4.78,38.61
86894,Active,182365,NA,NA,D,4,1,316389.6988,169,2008,25,68.86,84.51
86895,Active,307497,NA,NA,D,3,1,477419.1875,10.04,2002,22,24.11,174.93
86896,Active,648490,NA,NA,D,10,1,578324.0938,243.95,2012,28,15.24,154.83
86897,Active,211057,NA,NA,D,0,0,1726932.67,120,2011,49,4,10.96
86898,Active,614760,NA,NA,D,1,0,1934399.883,42.95,2001,37,4.33,8.97
86899,Active,893261,NA,NA,D,0,0,1330979.846,350,2010,34,25.18,128.94
86900,Active,175598,NA,NA,D,0,0,1021702.736,49.99,2003,26,26.95,74.26
86901,Active,630573,NA,NA,D,9,1,46243.18625,168.95,2012,66,13.64,96.29
86902,Active,659718,NA,NA,D,5,1,331496.1113,126.95,2013,32,35.97,94.13
86903,Active,899001,NA,NA,D,1,0,1272167.739,115,2012,33,9.28,44.93
86904,Active,743543,NA,NA,D,1,0,2004138.108,369,2003,12,103.84,492.76
86905,Active,191894,NA,NA,D,3,1,1698743.235,18.97,2002,47,4,18.97
86906,Active,1922969,NA,NA,D,1,0,5562571.426,139,2010,11,125.79,128.01
86907,Active,399600,NA,NA,D,0,0,467548.735,42,2009,15,23.76,32.95
86908,Active,3638333,NA,NA,D,8,1,627732.05,131.95,2012,42,78.84,129.48
86909,Active,2691598,NA,NA,D,1,0,6332325.69,96,2003,18,4,29.94
86910,Active,883150,NA,NA,D,0,0,4163252.753,134,2003,10,23.34,137.17
86911,Active,610394,NA,NA,D,10,1,10305.515,147.95,2013,113,10.55,83.44
86912,Active,1514026,NA,NA,D,1,0,10172709.14,190,2008,9,63.99,0
86913,Active,119108,NA,NA,D,6,1,462483.1425,160.8,2011,34,38.51,120.72
86914,Active,2155279,NA,NA,D,1,0,3519163.148,349,2007,6,163.99,1624.51
86915,Active,868729,NA,NA,D,7,1,2599498.495,76.69,2006,32,12.73,52.89
86916,Active,857283,NA,NA,D,3,1,1402090.265,82.02,2008,16,28.73,67.81
86917,Active,169840,NA,NA,D,4,1,63139.2,217.95,2011,45,54.99,168.99
86918,Active,3751773,NA,NA,D,3,1,725302.3,49,1900,4,29.32,34.22
86919,Active,298262,NA,NA,D,2,1,2768175.395,72.95,2006,16,5.82,5.98
86920,Active,247907,NA,NA,D,2,1,3041118.473,85.95,2007,13,20.99,46.74
86921,Active,2370687,NA,NA,D,0,0,5076773.879,105,2001,14,37.59,37.59
86922,Active,531187,NA,NA,D,8,1,1080644.438,36,2007,41,15.41,53.98
86923,Active,610320,NA,NA,D,5,1,348537.9525,190,2012,28,36.87,56.98
86924,Active,2341142,NA,NA,D,0,0,697170.2788,24.43,2002,26,5.39,21.81
86925,Active,869147,NA,NA,D,4,1,164928.42,35.96,2006,21,33.74,33.76
86926,Active,531178,NA,NA,D,3,1,331733.6038,98.95,2011,34,56.53,93.98
86927,Active,2255234,NA,NA,D,10,1,1188559.054,108.99,2006,32,18.46,89.43
86928,Active,2748869,NA,NA,D,1,0,553057.68,194,1994,38,4.14,55.19
86929,Active,247824,NA,NA,D,3,1,1913193.623,116,2007,16,6.21,7.52
86930,Active,224688,NA,NA,D,9,1,9699,248.95,2012,77,65.98,110.9
86931,Active,153849,NA,NA,D,3,1,4661442.046,71,2006,16,13.01,48.43
86932,Active,52111,NA,NA,D,0,0,1114000.973,208.95,2009,93,4,8.79
86933,Active,1604666,NA,NA,D,1,0,875351.4425,13.3,2012,11,9.58,54.68
86934,Active,293853,NA,NA,D,2,1,2637183.813,40.2,2005,20,3.99,44.98
86935,Active,877228,NA,NA,D,0,0,498477.12,94.84,2012,31,10.34,63.92
86936,Active,869361,NA,NA,D,5,1,288619.935,79.8,2011,13,49.11,48.82
86937,Active,610340,NA,NA,D,8,1,72786.3675,167.95,2013,44,32.94,88.99
86938,Active,2261932,NA,NA,D,3,1,2099273.011,0,2009,23,15.56,78.88
86939,Active,2261045,NA,NA,D,2,1,1049500.42,36.74,2010,36,8.45,29.7
86940,Active,2290079,NA,NA,D,3,1,53519,118.99,2012,22,61.04,111.4
86941,Active,901057,NA,NA,D,2,1,1706413.344,82,2007,18,25.93,72.9
86942,Active,630077,NA,NA,D,2,1,506769.645,65,2009,20,53.88,0
86943,Active,801548,NA,NA,D,4,1,1474266.898,145,2011,13,42.48,123.4
86944,Active,758170,NA,NA,D,0,0,2269254.918,11.92,2001,22,4.28,6.99
86945,Active,2257192,NA,NA,D,0,0,5308512.995,91.17,2011,18,14.41,55.8
86946,Active,877926,NA,NA,D,6,1,561450.8963,59.88,2011,18,15.86,75.81
86947,Active,608984,NA,NA,D,9,1,1698265.665,76.95,2005,18,7.24,33.43
86948,Active,531096,NA,NA,D,8,1,36573.5775,124.92,2012,76,51.24,88.99
86949,Active,531095,NA,NA,D,9,1,755385.48,139.99,2011,29,33.29,63.54
86950,Active,538894,NA,NA,D,28,1,893519.7575,34.78,2013,36,4,38.2
86951,Active,2256474,NA,NA,D,0,0,8255830.665,74.19,2007,30,7.49,67.23
86952,Active,551034,NA,NA,D,2,1,5875918.966,559.68,2012,18,12.87,559.68
86953,Active,641511,NA,NA,D,16,1,680983.115,61.53,2009,31,11.13,65.03
86954,Active,879258,NA,NA,D,0,0,8624157.5,107.26,1900,12,5.82,39.49
86955,Active,656762,NA,NA,D,10,1,637624.1775,146.95,2012,16,24.59,71.29
86956,Active,913798,NA,NA,D,0,0,661906.4713,63.35,2003,33,13.97,56.84
86957,Active,3682810,NA,NA,D,10,1,5052121.95,0,2011,20,5.29,14.75
86958,Active,117401,NA,NA,D,1,0,1066756.746,73,1999,38,4,19.97
86959,Active,873289,NA,NA,D,3,1,472723.7,99.75,2008,34,13.23,59.25
86960,Active,2253552,NA,NA,D,2,1,5497957.228,79.05,2008,35,14.07,61.64
86961,Active,2257232,NA,NA,D,4,1,440032.345,0,2010,16,14.98,13.99
86962,Active,879654,NA,NA,D,4,1,723511.84,46.08,2007,46,6.56,36.06
86963,Active,3473085,NA,NA,D,5,1,781246.45,220.47,2014,82,6.71,54.31
86964,Active,703641,NA,NA,D,17,1,912408.27,53.63,2000,31,5.12,53.61
86965,Active,148442,NA,NA,D,3,1,4165724.834,237.95,2005,27,4,7.72
86966,Active,2254412,NA,NA,D,10,1,480684.8613,119.86,2010,29,13.64,56.15
86967,Active,254075,NA,NA,D,8,1,552622.3375,396.95,2010,47,10.42,38.99
86968,Active,111714,NA,NA,D,2,1,1528999.054,265,2011,27,12.8,239.46
86969,Active,563029,NA,NA,D,0,0,2342191.606,179,2005,20,99.89,135.35
86970,Active,642117,NA,NA,D,10,1,679737.3388,276.93,2012,35,8.57,173.26
86971,Active,142949,NA,NA,D,1,0,4573649.281,128,2006,14,9.94,49.99
86972,Active,870963,NA,NA,D,2,1,1831239.579,103.4,2002,28,4,4.13
86973,Active,607057,NA,NA,D,24,1,2517986.083,4,2009,36,4,6.54
86974,Active,879309,NA,NA,D,12,1,512750.6288,24.49,2012,29,5.98,21.99
86975,Active,287584,NA,NA,D,8,1,747632.9313,124.67,2007,29,4.98,50.99
86976,Active,2261213,NA,NA,D,3,1,1540283.298,72.11,2008,22,11.69,69.34
86977,Active,746653,NA,NA,D,1,0,615755.9638,75,2008,21,9.03,32.99
86978,Active,645576,NA,NA,D,0,0,2681372.209,123,2003,18,6.09,118.95
86979,Active,705354,NA,NA,D,11,1,4349486.256,49.29,2004,15,4.79,15.98
86980,Active,572362,NA,NA,D,10,1,2491183.215,73.99,2008,27,4.31,72.41
86981,Active,552445,NA,NA,D,6,1,8280317.965,55.95,2004,10,4.39,69.72
86982,Active,1767720,NA,NA,D,2,1,2198473.431,79.99,2012,12,40.23,59.68
86983,Active,647495,NA,NA,D,2,1,297378.11,197.2,2013,22,72.51,149.61
86984,Active,743848,NA,NA,D,9,1,1267759.828,151.95,2008,18,32.63,160.91
86985,Active,875050,NA,NA,D,2,1,617947.21,138.95,2013,19,78.2,83.89
86986,Active,3694371,NA,NA,D,2,1,2713702.35,89.5,2015,11,75.79,130.83
86987,Active,530948,NA,NA,D,7,1,2330310.348,53.95,2011,17,24.75,41.34
86988,Active,665241,NA,NA,D,4,1,265221.1088,40,2011,15,10.35,39.98
86989,Active,874034,NA,NA,D,0,0,2119225.426,48.4,2004,43,9.41,38.45
86990,Active,789405,NA,NA,D,5,1,2829959.083,210,2004,18,142.74,187.44
86991,Active,874799,NA,NA,D,1,0,2922492.12,4,2008,31,4,4
86992,Active,2257814,NA,NA,D,2,1,2278607.964,26.6,2011,42,9.63,63.95
86993,Active,1777836,NA,NA,D,9,1,90836.7975,0,2011,29,10.27,60.99
86994,Active,2252252,NA,NA,D,3,1,3704610.461,138.35,2008,44,7.43,112.65
86995,Active,764132,NA,NA,D,3,1,9002975.795,107.95,2001,12,5.08,68.83
86996,Active,57188,NA,NA,D,1,0,3640479.895,50.8,2001,33,3.99,6.64
86997,Active,109137,NA,NA,D,1,0,3118929.698,41.81,2004,16,16.68,23.98
86998,Active,162691,NA,NA,D,9,1,1154267.56,0,2008,22,38.99,53.96
86999,Active,904421,NA,NA,D,0,0,2200222.03,99,1982,18,25.74,76.59
87000,Active,877013,NA,NA,D,11,1,333193.235,151.5,2013,17,76.81,127.22
87001,Active,1782585,NA,NA,D,7,1,327425.5213,119.75,2012,13,53.99,54.95
87002,Active,145020,NA,NA,D,9,1,229814.7775,124.67,2004,180,4.49,13.95
87003,Active,54709,NA,NA,D,3,1,1025939.57,21.98,2006,58,4,21.97
87004,Active,142896,NA,NA,D,2,1,1583817.14,33,2003,17,4,6.98
87005,Active,875137,NA,NA,D,5,1,1322635.759,154.95,2010,19,75.64,208.92
87006,Active,3196822,NA,NA,D,0,0,1871474.925,0,2001,18,15.64,19.09
87007,Active,1933338,NA,NA,D,10,1,638778.57,128.95,2012,31,45.99,111.5
87008,Active,1826325,NA,NA,D,10,1,779206.2075,145.95,2013,36,24.41,78.49
87009,Active,634761,NA,NA,D,9,1,1253054.765,119.95,2011,35,6.18,36.99
87010,Active,655489,NA,NA,D,9,1,640836.2725,120,2011,28,43.93,97.49
87011,Active,778220,NA,NA,D,3,1,3205158.841,52.95,2001,33,4,23.78
87012,Active,886420,NA,NA,D,1,0,2518350.88,102.95,2012,10,13.59,76.39
87013,Active,51148,NA,NA,D,4,1,2722343.998,9.98,2003,49,3.98,9.98
87014,Active,2259237,NA,NA,D,0,0,503172.5688,140.99,2011,22,57.12,85.15
87015,Active,3757383,NA,NA,D,0,0,5024299,99,2014,14,80.58,92.56
87016,Active,270249,NA,NA,D,2,1,1219426.656,45,2007,28,4,20.8
87017,Active,801622,NA,NA,D,0,0,6120672.235,102,2008,12,34.77,51.92
87018,Active,2283207,NA,NA,D,0,0,590905,0,2008,16,0,0
87019,Active,699405,NA,NA,D,5,1,95494.67625,58.86,2012,16,38.99,43.6
87020,Active,2255738,NA,NA,D,10,1,2206735.803,78.99,2008,39,9.08,73.27
87021,Active,749789,NA,NA,D,6,1,7007946.723,176.31,2007,11,47.04,109.73
87022,Active,710322,NA,NA,D,1,0,2370744.469,33.75,2001,28,4,43.99
87023,Active,3468255,NA,NA,D,3,1,3838592.25,0,1900,45,3.83,6.84
87024,Active,608496,NA,NA,D,6,1,2283577.525,50,2004,38,4,7.69
87025,Active,857956,NA,NA,D,3,1,1040164.98,59.69,2010,23,4.92,51.75
87026,Active,644910,NA,NA,D,3,1,677900.1425,204.6,2012,26,18.64,23.79
87027,Active,566777,NA,NA,D,5,1,310178.4138,38.99,2006,75,4,36.95
87028,Active,2594420,NA,NA,D,0,0,6830818.8,141.99,2000,14,23.09,2633
87029,Active,2260533,NA,NA,D,4,1,2866478.55,80.79,2008,22,39.36,62.7
87030,Active,199270,NA,NA,D,1,0,1366931.021,56.95,2006,34,4,7.44
87031,Active,755902,NA,NA,D,1,0,2952381.998,129.95,2010,15,43.74,199.61
87032,Active,2256784,NA,NA,D,6,1,2263249.108,205.94,2011,14,17.82,205.88
87033,Active,914558,NA,NA,D,0,0,2144515.286,33,2002,33,4,13.94
87034,Active,864633,NA,NA,D,22,1,77705.97,105,2013,26,45.94,53.99
87035,Active,3263060,NA,NA,D,5,1,2039621.009,134.39,2005,21,12.36,131.82
87036,Active,1933232,NA,NA,D,5,1,1285334.609,180.95,2012,17,18.19,180.76
87037,Active,755315,NA,NA,D,1,0,3082035.581,159.95,2006,15,102.24,112.52
87038,Active,2250688,NA,NA,D,2,1,3145508.288,0,2009,17,9.29,106.37
87039,Active,752734,NA,NA,D,2,1,1733296.836,47.48,2010,18,23.89,63.94
87040,Active,878060,NA,NA,D,2,1,1043922.455,0,2012,15,4.98,98.99
87041,Active,53675,NA,NA,D,1,0,2961982.676,85.6,2004,40,4.34,9.8
87042,Active,873390,NA,NA,D,5,1,703137.4588,24.06,2010,32,10,30.3
87043,Active,530684,NA,NA,D,3,1,1939691.828,48,2005,10,33.57,34.45
87044,Active,60339,NA,NA,D,7,1,2007616.503,142.95,2005,21,4,47.93
87045,Active,789397,NA,NA,D,0,0,1872758.591,59.95,2005,23,4.93,22.04
87046,Active,1590790,NA,NA,D,1,0,954027.39,99.99,2012,20,60.14,64.96
87047,Active,3272806,NA,NA,D,1,0,1582677.809,0,2005,39,5.57,49.75
87048,Active,212362,NA,NA,D,1,0,1907874.22,104.2,2006,29,14.33,322.45
87049,Active,60341,NA,NA,D,4,1,1190569.339,179.95,2005,89,3.99,18.99
87050,Active,3959825,NA,NA,D,5,1,3272908.45,0,2007,38,7.37,51.19
87051,Active,109821,NA,NA,D,7,1,1034638.533,168.5,2008,24,28.2,67.35
87052,Active,111409,NA,NA,D,7,1,764473.41,0,2010,36,19.94,602.99
87053,Active,880106,NA,NA,D,7,1,387608.92,69.08,2010,28,17.42,45.17
87054,Active,3739953,NA,NA,D,0,0,3008933.55,73,2015,33,35.09,58.4
87055,Active,658050,NA,NA,D,3,1,63638.73375,252.25,2013,42,57.66,65.57
87056,Active,2257673,NA,NA,D,2,1,243942.1238,89.47,2010,17,52.93,109.01
87057,Active,869724,NA,NA,D,2,1,935136.1663,151.5,2013,69,37.64,158.93
87058,Active,371016,NA,NA,D,5,1,4993246.323,69,2002,20,4,14.71
87059,Active,530626,NA,NA,D,2,1,1300739.448,94.95,2012,21,17.27,98.99
87060,Active,146819,NA,NA,D,10,1,329878.3288,177,2011,36,24.93,42.74
87061,Active,874189,NA,NA,D,0,0,1932584.951,23.98,2007,25,6.89,23.98
87062,Active,877968,NA,NA,D,6,1,2201878.81,14.2,2007,57,5.59,22.05
87063,Active,654076,NA,NA,D,1,0,314770.215,86.95,2013,19,14.5,59.94
87064,Active,880277,NA,NA,D,1,0,1259318.276,20.19,2008,53,5.03,18.48
87065,Active,664926,NA,NA,D,3,1,1880613.051,111.95,2013,28,9.24,127.13
87066,Active,699369,NA,NA,D,3,1,234186.8163,32.97,2012,16,23.89,23.9
87067,Active,880275,NA,NA,D,6,1,380398.0838,145.41,2012,33,28.42,66.07
87068,Active,2257715,NA,NA,D,0,0,2717105.096,159.04,2006,37,7.25,62.35
87069,Active,2959898,NA,NA,D,8,1,3085373.673,46.25,2005,11,5,125.57
87070,Active,879228,NA,NA,D,0,0,1186493.255,38.14,2010,42,10.94,41.47
87071,Active,875552,NA,NA,D,2,1,741267.8963,164.98,2012,20,39.32,163.27
87072,Active,290942,NA,NA,D,5,1,498976.79,161.95,2008,23,35.49,71.98
87073,Active,804669,NA,NA,D,1,0,3131197.005,89.93,2008,11,15.99,115.83
87074,Active,637571,NA,NA,D,4,1,884364.5213,62.5,2013,29,4.98,49.1
87075,Active,51234,NA,NA,D,1,0,417057.755,146.95,2004,31,4.25,13.89
87076,Active,2254149,NA,NA,D,3,1,486555.2788,53.94,2009,44,8.72,50.07
87077,Active,911432,NA,NA,D,3,1,2188047.001,625.35,2004,26,4,95.83
87078,Active,3733740,NA,NA,D,0,0,1098938.35,54.99,2014,32,35.39,40.61
87079,Active,1890601,NA,NA,D,0,0,815009.21,74.99,2008,18,18.89,65.17
87080,Active,2257092,NA,NA,D,5,1,762215.61,93.25,2010,31,12.86,31.12
87081,Active,2251909,NA,NA,D,7,1,871894.8613,38.67,2008,18,22.99,118.26
87082,Active,2257304,NA,NA,D,2,1,8959377.771,110.28,2007,16,13.14,108.88
87083,Active,56762,NA,NA,D,0,0,2667223.431,119,2005,39,4,10.24
87084,Active,51678,NA,NA,D,4,1,1697414.96,98.95,2003,65,3.78,15.9
87085,Active,2253466,NA,NA,D,5,1,3833927.891,10.99,2008,42,6.34,10.99
87086,Active,614001,NA,NA,D,2,1,3151437.069,60,2007,37,4,10.94
87087,Active,199241,NA,NA,D,1,0,704256.4688,118,2004,21,33.97,100.49
87088,Active,107945,NA,NA,D,3,1,1635157.024,0,2003,22,36.26,2415
87089,Active,142069,NA,NA,D,5,1,221396.0025,85.5,2009,37,13.87,39.41
87090,Active,869641,NA,NA,D,0,0,1037477.035,172.12,2009,16,33.4,146.86
87091,Active,3808660,NA,NA,D,4,1,4659747.65,240,2015,9,0,240
87092,Active,193361,NA,NA,D,5,1,2713934.154,116,2004,29,4,13.99
87093,Active,906732,NA,NA,D,8,1,233042.1213,602.99,2012,20,78.86,103.98
87094,Active,153865,NA,NA,D,0,0,53061.045,146,2011,63,30.44,61.17
87095,Active,182543,NA,NA,D,3,1,3141154.69,4.99,2001,30,4,4.99
87096,Active,2252329,NA,NA,D,11,1,761885.8413,17.2,2007,44,7.71,16.28
87097,Active,878577,NA,NA,D,6,1,1582980.881,70.48,2009,36,14.39,63.33
87098,Active,898931,NA,NA,D,1,0,1807400.109,101.83,2008,40,10.88,77.56
87099,Active,878446,NA,NA,D,7,1,1079870.764,68.48,2009,27,7.69,65.88
87100,Active,1936409,NA,NA,D,8,1,951382.19,61.02,2014,13,52.94,60.55
87101,Active,852966,NA,NA,D,5,1,8019573.948,31.87,2001,23,4,31.94
87102,Active,906571,NA,NA,D,0,0,763794.6563,0,2012,13,53.94,72.39
87103,Active,3468923,NA,NA,D,0,0,6489515.5,0,2012,7,38.99,0
87104,Active,864851,NA,NA,D,3,1,4043802.551,77,2007,17,7.65,22.9
87105,Active,704471,NA,NA,D,2,1,2594035.059,23.98,2002,39,4,23.98
87106,Active,852574,NA,NA,D,2,1,867086.655,58.25,2001,49,4.22,12.07
87107,Active,886647,NA,NA,D,1,0,819001.2288,167.95,2013,15,21.32,151.68
87108,Active,609110,NA,NA,D,2,1,1493851.45,299.95,2000,23,4.82,8.99
87109,Active,915720,NA,NA,D,1,0,224386.0775,68.75,2014,28,27.95,27.98
87110,Active,744727,NA,NA,D,3,1,1522144.589,5.37,2005,40,4,5.46
87111,Active,879989,NA,NA,D,3,1,219310.4513,104.03,2011,48,9.69,33.56
87112,Active,510358,NA,NA,D,1,0,2104750.485,149.95,2012,12,40.84,85.98
87113,Active,743826,NA,NA,D,7,1,1612889.61,52.65,2009,27,5.37,23.57
87114,Active,744826,NA,NA,D,3,1,4382265.766,163.95,2004,12,12.67,30.72
87115,Active,137528,NA,NA,D,7,1,8230674.983,69.26,2006,35,4.97,57.57
87116,Active,2258138,NA,NA,D,2,1,2540868.103,64.21,2010,42,9.69,63.79
87117,Active,759560,NA,NA,D,3,1,2888557.345,289.09,2003,11,28.99,211.69
87118,Active,800218,NA,NA,D,1,0,2877576.98,70.95,2004,16,7.71,675
87119,Active,556894,NA,NA,D,8,1,1271321.46,134.07,2011,26,16.66,151.88
87120,Active,537296,NA,NA,D,3,1,1550394.049,205.87,2012,16,11.46,207.27
87121,Active,620742,NA,NA,D,6,1,509757.1088,203,2012,37,81.99,93.99
87122,Active,537295,NA,NA,D,2,1,1883186.679,196.87,2012,18,17.13,137.99
87123,Active,53712,NA,NA,D,2,1,386103.4013,142.33,2009,50,24.64,90.35
87124,Active,533681,NA,NA,D,8,1,24114.92,246.95,2012,81,85.66,102.66
87125,Active,635538,NA,NA,D,7,1,39550.95,139.95,2013,54,65.35,83.39
87126,Active,877240,NA,NA,D,6,1,807266.68,190.99,2007,22,15.48,74.84
87127,Active,684399,NA,NA,D,7,1,726903.1038,28.95,2011,13,28.07,30.96
87128,Active,61255,NA,NA,D,5,1,5256382.431,124,2004,17,4.49,13.99
87129,Active,143087,NA,NA,D,4,1,2512234.485,155,2006,22,4.11,30.99
87130,Active,2254579,NA,NA,D,0,0,2371649.626,0,2010,15,11.55,46.95
87131,Active,775703,NA,NA,D,0,0,8276353.861,104,2004,10,5.52,23.99
87132,Active,737969,NA,NA,D,2,1,8373839.696,69.75,2001,14,4.35,46.44
87133,Active,2259703,NA,NA,D,8,1,4587110.931,76.63,2010,17,13.18,75.18
87134,Active,656404,NA,NA,D,1,0,5283408.559,103,2004,12,5.13,23.34
87135,Active,214912,NA,NA,D,8,1,2032080.2,110,2007,16,7.01,113.25
87136,Active,637576,NA,NA,D,3,1,28671.82375,69.95,2013,51,36.37,52.55
87137,Active,3264052,NA,NA,D,2,1,3821239.268,0,2000,23,7.47,50.58
87138,Active,908401,NA,NA,D,0,0,1170198.208,45,1998,20,21.49,46.5
87139,Active,734289,NA,NA,D,7,1,1706278.721,7.47,2003,64,3.99,8.7
87140,Active,740365,NA,NA,D,2,1,2147854.348,33.33,2004,34,4,7.22
87141,Active,705853,NA,NA,D,10,1,250758.3763,183,2012,30,47.5,121.63
87142,Active,911810,NA,NA,D,2,1,859470.6138,35.95,2004,36,6.24,21.73
87143,Active,58489,NA,NA,D,3,1,1550283.806,100.95,2002,31,4,61.89
87144,Active,200929,NA,NA,D,6,1,1643229.398,39.95,2003,27,4,10.24
87145,Active,50407,NA,NA,D,10,1,442597.8888,236.95,2002,109,4,22.88
87146,Active,717256,NA,NA,D,3,1,684697.845,218.73,2010,34,10.84,11.11
87147,Active,530386,NA,NA,D,7,1,4720960.428,95,2008,12,15.18,18.94
87148,Active,664483,NA,NA,D,12,1,480183.3113,227.95,2013,37,6.99,23.98
87149,Active,2254925,NA,NA,D,0,0,1686394.925,75.86,2011,52,10.34,80.23
87150,Active,2273538,NA,NA,D,5,1,434761.0438,59.73,2012,43,10.67,33.81
87151,Active,1567253,NA,NA,D,9,1,11320061.5,0,2007,0,0,0
87152,Active,540326,NA,NA,D,7,1,701437.8425,51.97,2011,20,11.99,59.95
87153,Active,878069,NA,NA,D,11,1,3378958.57,0,2008,17,4.19,145.9
87154,Active,745582,NA,NA,D,7,1,1991181.234,246.95,2010,27,3,0
87155,Active,698837,NA,NA,D,9,1,5496922.045,293.53,2006,19,4.87,59.01
87156,Active,2626277,NA,NA,D,5,1,3475789.159,23.69,1992,16,4.44,7.98
87157,Active,121275,NA,NA,D,11,1,98017.50375,186,2011,60,21.99,147.03
87158,Active,860061,NA,NA,D,11,1,755988.0075,166.75,2010,17,42.99,113.57
87159,Active,553594,NA,NA,D,11,1,1655444.524,163.33,2007,36,4,0
87160,Active,542906,NA,NA,D,2,1,512341.915,66.95,2009,28,48.48,56.12
87161,Active,876016,NA,NA,D,3,1,1194569.528,76.18,2007,22,6.19,28.68
87162,Active,273358,NA,NA,D,6,1,934477.1325,92.95,2010,20,24.98,53.99
87163,Active,632085,NA,NA,D,4,1,91730.5925,74.64,2012,45,17.02,63.99
87164,Active,880105,NA,NA,D,2,1,1045017.708,76.94,2008,44,5.58,16.12
87165,Active,766954,NA,NA,D,6,1,1786370.018,126.39,2011,22,19.37,126.39
87166,Active,2723257,NA,NA,D,0,0,9790129.4,164,1997,20,23.26,112.57
87167,Active,734320,NA,NA,D,2,1,1149572.119,15.24,2004,42,4,15.94
87168,Active,872450,NA,NA,D,1,0,847786.7075,22.33,2005,27,4,15.99
87169,Active,2245593,NA,NA,D,0,0,3832462.77,74,2009,11,53.99,60.89
87170,Active,699072,NA,NA,D,7,1,2055527.653,23.99,2008,29,4.79,18.98
87171,Active,60396,NA,NA,D,6,1,2763647.753,133.5,2006,28,4.55,66.47
87172,Active,886237,NA,NA,D,2,1,1531409.966,152.93,2012,19,62.37,152.93
87173,Active,539327,NA,NA,D,7,1,665867.6938,147.6,2012,30,49.46,147.6
87174,Active,109107,NA,NA,D,3,1,1646239.216,17.97,2004,18,5.01,17.97
87175,Active,2348198,NA,NA,D,2,1,1587763.494,5.97,2002,24,8.29,66.96
87176,Active,2407481,NA,NA,D,0,0,4873871.914,27.95,1996,19,4,23.98
87177,Active,875768,NA,NA,D,8,1,70463.06625,164.2,2013,40,10.93,43.09
87178,Active,870278,NA,NA,D,0,0,3459071.341,409.34,1987,20,4,36.91
87179,Active,2257113,NA,NA,D,0,0,1747027.664,76.86,2008,25,39.24,127.54
87180,Active,877955,NA,NA,D,4,1,263555.1775,89,2006,45,5.96,24.6
87181,Active,52561,NA,NA,D,3,1,951572.0663,62,2003,81,4,17.89
87182,Active,2250503,NA,NA,D,2,1,5099645.61,79.18,2007,27,23.57,57.29
87183,Active,2403078,NA,NA,D,1,0,882737.45,39.95,1979,36,4.76,45.07
87184,Active,3526533,NA,NA,D,4,1,1276636.9,126.95,2010,33,9.34,61.03
87185,Active,231550,NA,NA,D,2,1,497823.22,99.95,2008,30,53.27,103.99
87186,Active,871667,NA,NA,D,2,1,2298533.65,58.21,2002,11,32.81,58.12
87187,Active,110320,NA,NA,D,5,1,44038.0825,331.25,2010,48,95.65,199.8
87188,Active,3247331,NA,NA,D,8,1,5259310.4,51.08,2003,18,28.39,51.08
87189,Active,878982,NA,NA,D,3,1,1285461.448,193.95,2009,24,13.99,192.96
87190,Active,880643,NA,NA,D,0,0,963038.63,166.1,2008,31,9.78,68.61
87191,Active,162972,NA,NA,D,4,1,7215.35,163.94,2012,69,81.67,125.39
87192,Active,562016,NA,NA,D,0,0,7825262.491,46.11,2007,31,4,8.99
87193,Active,901180,NA,NA,D,2,1,2067874.423,98.95,2004,17,4,57.35
87194,Active,2258986,NA,NA,D,4,1,2512602.831,0,2011,31,10.29,101.54
87195,Active,649455,NA,NA,D,4,1,302124.9413,343.25,2013,46,6.56,283.57
87196,Active,1780399,NA,NA,D,8,1,124929.925,207,2014,30,93.98,172.17
87197,Active,110953,NA,NA,D,2,1,1699985.725,7.99,2007,65,3.99,7
87198,Active,879984,NA,NA,D,7,1,395508.4175,117.01,2011,36,14.46,71.36
87199,Active,3468263,NA,NA,D,4,1,3534288.4,95.96,2004,16,8.34,58.57
87200,Active,290349,NA,NA,D,5,1,970343.1575,68.81,2001,17,40.75,68.5
87201,Active,665370,NA,NA,D,11,1,179048.5025,166.75,2012,30,37.69,121.94
87202,Active,184089,NA,NA,D,3,1,237795.7075,202.95,2006,30,19.99,59.84
87203,Active,1829144,NA,NA,D,9,1,621870.9013,39.99,2014,28,11.76,46.79
87204,Active,860357,NA,NA,D,4,1,197406.8475,123.94,2011,18,50.13,146.76
87205,Active,2252889,NA,NA,D,3,1,1469869.293,0,2010,14,9.09,48.96
87206,Active,2285162,NA,NA,D,0,0,4347974.951,37.47,2010,33,9.04,28.54
87207,Active,227541,NA,NA,D,3,1,3769809.978,79,2003,21,4,45.71
87208,Active,763853,NA,NA,D,4,1,7359015.385,128.95,1999,20,4,12.49
87209,Active,875948,NA,NA,D,0,0,6696824.46,110,2008,18,4.67,41.69
87210,Active,2263245,NA,NA,D,1,0,225321.6,59.17,1900,23,0,0
87211,Active,867353,NA,NA,D,10,1,439931.7563,234.75,2013,29,67.12,109.99
87212,Active,2346623,NA,NA,D,0,0,680483.6063,651.89,1965,18,43.04,156.96
87213,Active,163683,NA,NA,D,0,0,367841.4363,23.98,2003,25,4,19.99
87214,Active,55338,NA,NA,D,1,0,2228011.808,147.95,2006,15,4.77,18.99
87215,Active,169465,NA,NA,D,1,0,1616874.569,153.95,2006,29,7.57,49.94
87216,Active,616101,NA,NA,D,14,1,46722.505,177.95,2013,74,28.99,103.25
87217,Active,633753,NA,NA,D,14,1,127273.1563,189.95,2013,44,16.02,144.57
87218,Active,861383,NA,NA,D,3,1,633245.78,164.95,2013,38,21.99,143.97
87219,Active,169745,NA,NA,D,13,1,545193.3988,214.95,2008,27,52.79,149.79
87220,Active,893336,NA,NA,D,1,0,796969.5313,96.12,2012,9,53.89,88.99
87221,Active,878632,NA,NA,D,0,0,435428.3763,103.13,2011,34,15.98,105.46
87222,Active,533679,NA,NA,D,10,1,131469.7163,316.95,2012,62,10.98,113.16
87223,Active,872767,NA,NA,D,4,1,652593.8425,155.5,2010,19,34.87,172.58
87224,Active,876075,NA,NA,D,1,0,426152.6475,188.2,2010,47,5.48,25.98
87225,Active,892622,NA,NA,D,2,1,438126.4075,153.4,2013,17,42.1,0
87226,Active,893937,NA,NA,D,1,0,3804860.331,109,2010,14,74.02,89.23
87227,Active,879835,NA,NA,D,2,1,880728.4888,22.97,2006,46,6.42,22.99
87228,Active,133280,NA,NA,D,3,1,405391.7675,120,2011,26,12.54,66.71
87229,Active,755367,NA,NA,D,1,0,8642409.64,249.95,2003,16,33.34,117.78
87230,Active,494831,NA,NA,D,2,1,6436986.704,129.95,2009,12,30.99,129.95
87231,Active,917584,NA,NA,D,0,0,395428.9,39.62,2010,34,0,0
87232,Active,715333,NA,NA,D,0,0,2198977.985,23.54,2011,16,4,19.99
87233,Active,529989,NA,NA,D,3,1,1079260.63,129.95,2012,23,63.54,86.72
87234,Active,689852,NA,NA,D,0,0,1876464.051,27,2012,11,18.4,19.47
87235,Active,778363,NA,NA,D,2,1,3766077.226,74.95,2003,16,4.78,51.83
87236,Active,3223714,NA,NA,D,6,1,4190715.721,17.44,2005,56,4,16.67
87237,Active,871751,NA,NA,D,3,1,1345670.864,80.95,2013,18,26.68,135.11
87238,Active,741711,NA,NA,D,1,0,3335564.909,45.73,2008,17,11.49,50.26
87239,Active,3227274,NA,NA,D,5,1,171352.2275,64.03,2005,28,11.98,48.85
87240,Active,888714,NA,NA,D,0,0,2331769.921,60,2011,12,12.62,49.49
87241,Active,2282264,NA,NA,D,0,0,267155.405,57.85,2013,28,52.09,58
87242,Active,708047,NA,NA,D,0,0,1968339.773,114.75,2003,16,7.35,25.99
87243,Active,708658,NA,NA,D,0,0,1825230.826,73.99,2005,27,7.12,69.81
87244,Active,709292,NA,NA,D,0,0,466457.7888,114.01,2008,28,18.99,49.86
87245,Active,639684,NA,NA,D,6,1,111923.5025,48,2013,34,11.87,34.6
87246,Active,778824,NA,NA,D,2,1,915655.0188,94.95,2012,19,56.85,548.37
87247,Active,1829048,NA,NA,D,0,0,4640943.001,100.95,2013,3,55.53,58.98
87248,Active,1982644,NA,NA,D,0,0,666540.5075,45,2014,40,4.52,38.46
87249,Active,341672,NA,NA,D,3,1,2896903.286,11.98,2003,32,4.58,31.98
87250,Active,745001,NA,NA,D,0,0,4221639.655,43.99,2006,14,13.27,43.99
87251,Active,904542,NA,NA,D,1,0,1097537.95,120,2011,25,20.86,85.6
87252,Active,677160,NA,NA,D,0,0,120387.0813,24.95,2009,32,9.38,17.97
87253,Active,3547569,NA,NA,D,2,1,751408.75,34,1978,21,23.88,73.97
87254,Active,54498,NA,NA,D,3,1,1585536.668,97.11,2006,26,8.68,161.52
87255,Active,260083,NA,NA,D,0,0,1118706.954,79.95,2004,42,4,22.1
87256,Active,830678,NA,NA,D,0,0,5458175.569,37.99,2000,21,4.98,35.46
87257,Active,865345,NA,NA,D,4,1,2379255.448,47.95,2008,25,4,25.97
87258,Active,648614,NA,NA,D,5,1,951619.1588,73.95,2009,19,4.73,31.92
87259,Active,802257,NA,NA,D,4,1,2793313.254,56.95,2005,16,5.99,22.99
87260,Active,2265907,NA,NA,D,0,0,2349009.36,31.47,2008,44,10.44,28.12
87261,Active,3303440,NA,NA,D,3,1,767125.6513,16.84,2005,36,5.57,24.4
87262,Active,3043522,NA,NA,D,0,0,6187693,0,2001,16,7.23,106.95
87263,Active,656444,NA,NA,D,2,1,1767081.604,60,2013,15,25.68,25.99
87264,Active,582886,NA,NA,D,6,1,3364790.045,49.95,2000,28,4,12.44
87265,Active,622987,NA,NA,D,10,1,8137567.374,17.04,2005,17,5.05,6.06
87266,Active,698667,NA,NA,D,11,1,3053063.765,445.89,2010,11,59.93,1426.31
87267,Active,875606,NA,NA,D,0,0,2241253.16,351.93,2008,24,14.06,73.23
87268,Active,130779,NA,NA,D,9,1,1397660.958,111.67,2011,22,12.88,23.98
87269,Active,601796,NA,NA,D,1,0,1764614.845,79.95,2010,17,38.99,76.43
87270,Active,2252844,NA,NA,D,2,1,1330329.106,85.72,2010,45,11.28,60.14
87271,Active,534497,NA,NA,D,7,1,207879.385,28.95,2012,35,6.09,30.99
87272,Active,1772988,NA,NA,D,8,1,1026652.491,131.95,2012,16,57.99,115.15
87273,Active,2491322,NA,NA,D,4,1,1459652.171,39.95,2002,26,15.86,108.45
87274,Active,529825,NA,NA,D,2,1,938111.7788,130,2008,27,43.86,114.19
87275,Active,875221,NA,NA,D,6,1,1594652.079,37.42,2010,47,10.86,25.82
87276,Active,3743868,NA,NA,D,5,1,1221006,79.95,2014,41,48.03,53.09
87277,Active,863384,NA,NA,D,1,0,1219180.728,95,2006,21,27.41,59.3
87278,Active,2247910,NA,NA,D,7,1,1125959.124,133.07,2006,36,32.26,130.53
87279,Active,778423,NA,NA,D,0,0,3829976.404,67.95,2005,25,4.4,26.66
87280,Active,270889,NA,NA,D,3,1,754860.7625,117,2009,34,31,73.29
87281,Active,873333,NA,NA,D,4,1,691704.9088,61.48,2011,27,51.43,81.26
87282,Active,539424,NA,NA,D,7,1,299062.6763,59,2012,30,27.98,38.49
87283,Active,889115,NA,NA,D,4,1,1845034.645,99,2014,14,98.28,93.44
87284,Active,1724954,NA,NA,D,2,1,5483290.608,179.95,2007,14,50.3,85.88
87285,Active,631823,NA,NA,D,3,1,883145.9825,161,2003,32,68.47,105.76
87286,Active,651300,NA,NA,D,2,1,1063664.17,85,2004,19,18.36,67.17
87287,Active,213268,NA,NA,D,1,0,4195004.818,265,2007,11,98.96,265
87288,Active,871954,NA,NA,D,15,1,1195058.494,304,2009,48,23.86,102.94
87289,Active,108744,NA,NA,D,5,1,660458.685,93.33,2003,56,28.16,101.68
87290,Active,253926,NA,NA,D,0,0,116965.8813,212.95,2010,52,65.94,120.02
87291,Active,563390,NA,NA,D,2,1,2193499.761,154.25,2004,24,26.84,162.23
87292,Active,624197,NA,NA,D,1,0,2287620.64,130.95,2010,29,4.23,10.96
87293,Active,3880843,NA,NA,D,0,0,1509772.75,95,2012,48,59.55,68.99
87294,Active,2434431,NA,NA,D,3,1,2682804.804,220.53,1969,14,9.5,101.42
87295,Active,1907917,NA,NA,D,0,0,1616085.766,78.95,2010,68,3.99,5.73
87296,Active,266315,NA,NA,D,0,0,1048908.211,139.95,2007,23,18.74,145.02
87297,Active,3197769,NA,NA,D,0,0,1456572.469,579.96,2004,24,12.49,68.24
87298,Active,545611,NA,NA,D,11,1,902744.0525,137.95,2012,35,6.13,72.82
87299,Active,2254261,NA,NA,D,7,1,1078130.95,19.94,2010,29,0,0
87300,Active,2257661,NA,NA,D,5,1,1391863.398,68.06,2011,38,20.09,48.31
87301,Active,625676,NA,NA,D,4,1,20974.83875,130,2012,57,20.84,66.73
87302,Active,2256110,NA,NA,D,5,1,2801588.129,100.83,2010,39,8.33,80.27
87303,Active,60450,NA,NA,D,5,1,2403133.058,58.95,2002,79,4,5.46
87304,Active,880154,NA,NA,D,11,1,68946.62875,136,2014,28,51.99,121.93
87305,Active,903420,NA,NA,D,1,0,4789920.9,59.95,1999,21,4.23,0
87306,Active,2257399,NA,NA,D,3,1,892233.645,130.36,2009,27,48.45,178.42
87307,Active,1590847,NA,NA,D,1,0,1767703.381,94.99,2010,19,49.88,62.99
87308,Active,2076287,NA,NA,D,3,1,938472.0263,87,2010,25,10.58,23.83
87309,Active,2398445,NA,NA,D,0,0,6870489.4,45.95,1991,24,4,60.79
87310,Active,804239,NA,NA,D,1,0,1633708.199,59.95,2005,19,8.77,63.96
87311,Active,3595315,NA,NA,D,4,1,1081340.95,98,2009,35,63.23,137.99
87312,Active,1768513,NA,NA,D,0,0,757784.9013,40.95,2012,25,6.87,22.57
87313,Active,132850,NA,NA,D,6,1,501709.3838,164.4,2009,35,33.99,235.41
87314,Active,157187,NA,NA,D,2,1,1728649.754,29.95,2004,32,7.53,19.1
87315,Active,53605,NA,NA,D,11,1,271174.96,43.9,2006,81,5.16,40.94
87316,Active,3729564,NA,NA,D,2,1,2688627.5,54.99,2013,38,29.95,38.52
87317,Active,883369,NA,NA,D,0,0,6899781.414,84.5,2003,7,28.39,75.44
87318,Active,314435,NA,NA,D,1,0,1938242.119,213.33,2007,52,4.49,39.82
87319,Active,373467,NA,NA,D,7,1,72447.16875,99.95,2011,37,16.87,68.99
87320,Active,2568680,NA,NA,D,3,1,9557805.643,73.95,2001,10,9.45,25.26
87321,Active,875208,NA,NA,D,7,1,173726.675,99.95,2012,19,26.96,674.99
87322,Active,874354,NA,NA,D,2,1,3522237.089,79.95,2000,12,18.3,2899.44
87323,Active,2524210,NA,NA,D,2,1,4398227.573,30.95,2000,18,28.51,89.44
87324,Active,871499,NA,NA,D,7,1,2377154.774,39.95,2012,22,16.88,37.98
87325,Active,141943,NA,NA,D,1,0,964423.4163,15.04,2009,61,4,14.91
87326,Active,608046,NA,NA,D,10,1,1536263.421,84.95,2003,35,4,9.96
87327,Active,250162,NA,NA,D,4,1,2715170.494,81.95,2006,26,4,16.04
87328,Active,54385,NA,NA,D,5,1,1373786.503,21.99,2002,172,3.99,6
87329,Active,434986,NA,NA,D,7,1,475047.5163,268.53,2011,30,55.37,424.25
87330,Active,1517190,NA,NA,D,10,1,241172.8388,145.4,2013,40,10.25,95.63
87331,Active,1517151,NA,NA,D,10,1,979184.9163,147.73,2013,25,42.85,119.46
87332,Active,632031,NA,NA,D,10,1,267161.425,140.4,2013,51,10,95.23
87333,Active,540828,NA,NA,D,7,1,136333.56,128.2,2013,81,37.01,110.91
87334,Active,878960,NA,NA,D,7,1,751947.495,314.67,2015,14,55.69,55.74
87335,Active,697800,NA,NA,D,8,1,880097.9838,42.57,2011,20,6.99,59.96
87336,Active,889569,NA,NA,D,1,0,1863144.606,99.99,2000,12,72.82,95.67
87337,Active,3264166,NA,NA,D,1,0,1818874.626,55.91,2005,33,7.8,46.4
87338,Active,456867,NA,NA,D,7,1,665111.0475,354.95,2009,35,19.16,74.42
87339,Active,2266155,NA,NA,D,11,1,1518082.981,59.83,2011,23,35.83,119.34
87340,Active,537595,NA,NA,D,9,1,15819.20125,264.25,2012,70,10.8,38.99
87341,Active,766414,NA,NA,D,6,1,1827599.435,112.25,2011,6,10.99,66.99
87342,Active,147736,NA,NA,D,4,1,6056145.616,89.95,1999,27,4,37.67
87343,Active,639709,NA,NA,D,14,1,4644.0975,321.95,2013,69,79.81,150.41
87344,Active,2257773,NA,NA,D,5,1,677010.9088,23.71,2006,22,7.48,19.99
87345,Active,892467,NA,NA,D,6,1,756003.6588,134.27,2012,11,127.76,271.8
87346,Active,1765463,NA,NA,D,1,0,4944799.233,120,2011,35,14.31,28.03
87347,Active,467398,NA,NA,D,1,0,484937.94,64.17,2003,26,9.17,51.58
87348,Active,1439709,NA,NA,D,8,1,2942108.088,63.69,2010,23,22.74,83.39
87349,Active,712922,NA,NA,D,0,0,2804433.331,35.51,2003,17,11.2,37.94
87350,Active,552585,NA,NA,D,0,0,4172978.18,93.33,2006,31,9.22,105.05
87351,Active,1943662,NA,NA,D,1,0,219385.91,89.95,2016,26,54.39,72.33
87352,Active,642080,NA,NA,D,1,0,999364.2563,99.95,2013,26,6.48,43.99
87353,Active,3804174,NA,NA,D,0,0,10622,99.95,2016,31,72.66,72.8
87354,Active,657098,NA,NA,D,3,1,944851.6588,59.95,2010,32,43.37,45.77
87355,Active,199032,NA,NA,D,0,0,1138452.38,45,1998,57,4,23.97
87356,Active,905271,NA,NA,D,2,1,1221715.974,48,2007,21,4,63.98
87357,Active,3272452,NA,NA,D,2,1,2129828.395,36.06,2004,21,7.49,27.98
87358,Active,869247,NA,NA,D,2,1,8502773.863,58.41,2009,12,5.09,25.74
87359,Active,511171,NA,NA,D,1,0,1680641.419,105,2007,15,37.67,111.08
87360,Active,868640,NA,NA,D,0,0,1091131.726,99,2006,95,4,9.45
87361,Active,108476,NA,NA,D,2,1,2968847.976,253.82,2003,14,4.12,29.02
87362,Active,877330,NA,NA,D,33,1,71821.1175,238.95,2014,71,13.5,89.91
87363,Active,1702207,NA,NA,D,0,0,1947750.646,189.95,2012,20,4.35,49.62
87364,Active,485559,NA,NA,D,2,1,2393611.728,49.99,2004,22,4.52,16.33
87365,Active,2045777,NA,NA,D,2,1,4558068.526,29.95,2007,13,22.98,25.67
87366,Active,904240,NA,NA,D,4,1,643687.535,149.5,2012,12,86.09,118.12
87367,Active,647432,NA,NA,D,9,1,418117.335,242.5,2011,28,11.63,19.34
87368,Active,3468310,NA,NA,D,7,1,773469.75,0,2006,40,4,46.19
87369,Active,778208,NA,NA,D,2,1,2885008.401,97.95,2003,22,9.47,54.53
87370,Active,2278544,NA,NA,D,0,0,5613590.444,380.06,2010,16,62.95,345.25
87371,Active,2271854,NA,NA,D,4,1,1747568.331,380.06,2010,32,76.73,274.04
87372,Active,167667,NA,NA,D,0,0,2179562.824,155,2006,15,103.33,118.08
87373,Active,892168,NA,NA,D,0,0,4642429.999,160,2010,9,114.94,160
87374,Active,3263787,NA,NA,D,4,1,3218909.263,153.01,2004,32,46.75,148.86
87375,Active,705345,NA,NA,D,3,1,3133908.834,79.88,2007,19,5.25,64.03
87376,Active,697441,NA,NA,D,0,0,8725195.096,0,1993,6,27.83,0
87377,Active,911917,NA,NA,D,7,1,1241727.655,40.64,2004,46,5.57,46.83
87378,Active,2919298,NA,NA,D,0,0,2644716.338,195,2015,9,154.75,156.03
87379,Active,55986,NA,NA,D,2,1,665141.395,39.95,2003,52,3.97,6.98
87380,Active,2256689,NA,NA,D,11,1,11405774.97,0,2006,20,7.55,43.77
87381,Active,533338,NA,NA,D,7,1,16145.23125,161.8,2012,84,47.19,118.43
87382,Active,2263575,NA,NA,D,13,1,382035,83.43,2011,24,0,0
87383,Active,696714,NA,NA,D,5,1,2209493.42,533.61,2009,13,7.62,173.98
87384,Active,2271241,NA,NA,D,6,1,2068321.75,100.44,1900,30,11.14,80.97
87385,Active,524934,NA,NA,D,5,1,863010.5788,296,2011,21,53.59,102.99
87386,Active,875728,NA,NA,D,2,1,1183189.006,114,2002,62,4,36.43
87387,Active,898971,NA,NA,D,6,1,1149048.631,25.97,2010,74,6.59,15.52
87388,Active,550936,NA,NA,D,7,1,1035094.288,52.81,2012,44,4,52.72
87389,Active,169611,NA,NA,D,3,1,3357297.674,235.95,2007,19,4.79,15.99
87390,Active,3504076,NA,NA,D,7,1,523169.2,240.13,2012,28,81.7,218.36
87391,Active,288682,NA,NA,D,3,1,2939944.83,166.67,2008,19,18.99,2472
87392,Active,169530,NA,NA,D,8,1,2655473.346,311.95,2007,28,4.23,23.98
87393,Active,182652,NA,NA,D,6,1,2721686.766,7.99,2002,31,4,7.99
87394,Active,146148,NA,NA,D,8,1,1099293.278,217.33,2009,26,25.62,164.99
87395,Active,2258894,NA,NA,D,1,0,3303725.314,46.89,2006,36,20.55,49.15
87396,Active,109369,NA,NA,D,10,1,2611244.18,10.25,2005,42,3.94,12.24
87397,Active,745276,NA,NA,D,11,1,1536647.883,110.39,2007,13,12.97,61.98
87398,Active,600133,NA,NA,D,0,0,312915.1963,54,2011,14,40.14,54
87399,Active,529221,NA,NA,D,0,0,341144.8475,73,2012,31,41.44,53.99
87400,Active,697554,NA,NA,D,0,0,5986903.369,22.96,2008,32,4,22.92
87401,Active,631651,NA,NA,D,1,0,633093.2875,105,2009,28,74.44,146.29
87402,Active,337028,NA,NA,D,3,1,3041035.8,200,2008,11,63.99,139.74
87403,Active,2256185,NA,NA,D,3,1,8087601.931,102.25,2010,25,14.46,54.03
87404,Active,776347,NA,NA,D,0,0,195701.7088,49.95,2011,30,9.06,20.98
87405,Active,53369,NA,NA,D,15,1,23189.73625,63.53,2010,94,13.65,56.56
87406,Active,278460,NA,NA,D,0,0,5083598.08,44.95,2002,16,4,19.19
87407,Active,546826,NA,NA,D,1,0,429874.9738,112,2012,18,73.98,103.49
87408,Active,610116,NA,NA,D,3,1,179797.4363,59.95,2013,28,19.2,39.11
87409,Active,263380,NA,NA,D,1,0,74720.6175,120,2009,40,88.99,112.18
87410,Active,271118,NA,NA,D,1,0,22076,128,2011,36,88.99,91.95
87411,Active,876298,NA,NA,D,0,0,2615141.843,93.25,2011,18,4.99,48.99
87412,Active,715919,NA,NA,D,7,1,889692.1438,74.67,2011,27,10.42,42.98
87413,Active,2262961,NA,NA,D,6,1,867861.25,83.82,2009,38,0,0
87414,Active,653144,NA,NA,D,3,1,986797.9575,95.13,2013,26,24.02,97.19
87415,Active,909126,NA,NA,D,0,0,1350768.813,27.45,2008,51,7.13,35.16
87416,Active,788271,NA,NA,D,6,1,1425166.809,144.95,2001,14,4.98,33.91
87417,Active,244445,NA,NA,D,9,1,14882.92,257.95,2011,61,35.72,183.98
87418,Active,879416,NA,NA,D,9,1,292820.3925,171.8,2011,29,45.58,225.75
87419,Active,639714,NA,NA,D,1,0,252256.6413,101.95,2013,37,45.49,96.95
87420,Active,2256431,NA,NA,D,0,0,1069227.59,150.99,2009,24,24,147.37
87421,Active,2263367,NA,NA,D,0,0,662677.6238,32.69,2009,20,14.75,22.6
87422,Active,326399,NA,NA,D,5,1,5992566.479,110,2008,18,4.97,109.99
87423,Active,1956367,NA,NA,D,3,1,116530.43,105.51,2015,24,40.48,43.99
87424,Active,2013290,NA,NA,D,2,1,2961112.839,69.63,2006,10,13.99,50.99
87425,Active,316610,NA,NA,D,5,1,494654.4013,129.07,2009,22,69.27,110.8
87426,Active,147700,NA,NA,D,4,1,701028.9738,61.95,2011,28,17.25,73.39
87427,Active,652601,NA,NA,D,4,1,535333.2413,171,2012,28,66.09,112.98
87428,Active,545323,NA,NA,D,3,1,2843888.901,213.95,2009,16,27.16,203.25
87429,Active,2795358,NA,NA,D,0,0,943132.3875,68.16,1986,29,8.9,83.23
87430,Active,111454,NA,NA,D,2,1,1801724.056,586.61,2009,14,33.99,190.71
87431,Active,561541,NA,NA,D,1,0,406315.8225,160.6,2012,32,39.78,127.1
87432,Active,249890,NA,NA,D,5,1,2274769.553,94.95,2006,17,4.98,48.85
87433,Active,2253431,NA,NA,D,5,1,2026937.731,78.43,2006,45,11.37,65.84
87434,Active,196673,NA,NA,D,1,0,1643436.086,59.95,2003,28,4,42.09
87435,Active,142946,NA,NA,D,0,0,7842881.688,110,2004,14,4.5,79.53
87436,Active,699404,NA,NA,D,5,1,240000.425,89.5,2012,21,37.44,63.19
87437,Active,58432,NA,NA,D,1,0,1969380.861,82.95,2004,52,4,7.9
87438,Active,3272851,NA,NA,D,8,1,3034479.05,15.25,2005,30,8.63,15.25
87439,Active,529050,NA,NA,D,5,1,1990445.638,142.5,2010,21,6.61,64
87440,Active,890567,NA,NA,D,7,1,774542.125,119.69,2012,16,51.98,86.48
87441,Active,587886,NA,NA,D,3,1,2127215.969,156.95,2011,25,29.12,143.3
87442,Active,2252457,NA,NA,D,1,0,2820196.839,37.16,2007,34,11.9,35.91
87443,Active,3263780,NA,NA,D,4,1,815413.1075,70.68,2001,29,20.9,185.57
87444,Active,308799,NA,NA,D,12,1,4507309.049,8.99,2004,39,4.13,8.99
87445,Active,1933229,NA,NA,D,1,0,1414629.736,131.95,2012,11,116.63,1072.96
87446,Active,532082,NA,NA,D,10,1,1859615.149,119.95,2011,15,77.97,177.93
87447,Active,298299,NA,NA,D,0,0,991167.2938,98,2008,18,17.15,82.57
87448,Active,533835,NA,NA,D,13,1,345942.8238,198.95,2010,27,13.02,78.92
87449,Active,50426,NA,NA,D,3,1,737399.5763,6.89,2006,96,4,6.89
87450,Active,876722,NA,NA,D,2,1,1120190.439,70.55,2004,41,7.84,40.24
87451,Active,109862,NA,NA,D,5,1,1923308.318,5.57,2007,50,4,4.58
87452,Active,116328,NA,NA,D,7,1,23400.515,212,2011,50,53.08,120.6
87453,Active,312734,NA,NA,D,2,1,4029160.726,32,2000,19,4.51,21.99
87454,Active,900647,NA,NA,D,5,1,298075.9588,92.89,2013,19,12.04,60.19
87455,Active,197790,NA,NA,D,0,0,2412278.416,96.95,2006,17,35.59,144.71
87456,Active,184546,NA,NA,D,1,0,645881.0913,33.95,2003,17,23.99,73.37
87457,Active,123914,NA,NA,D,6,1,5437477.08,98.95,1998,22,4.53,12.98
87458,Active,314409,NA,NA,D,1,0,340317.7813,84.4,2006,22,38.5,80.62
87459,Active,1930862,NA,NA,D,4,1,102684.9475,83.95,2013,31,13.78,79.7
87460,Active,169392,NA,NA,D,11,1,997928.1738,23.99,2007,30,12.97,18.99
87461,Active,544564,NA,NA,D,10,1,73217.63625,155.95,2013,47,20.26,88.99
87462,Active,3711069,NA,NA,D,4,1,450504.75,70.95,2015,44,29.62,60.3
87463,Active,1632872,NA,NA,D,2,1,1433928.509,87.95,2014,13,61.99,64.87
87464,Active,248161,NA,NA,D,3,1,153362.6275,82,2011,41,38.77,55.7
87465,Active,348270,NA,NA,D,6,1,3138374.033,25.16,2003,37,4,11.83
87466,Active,544706,NA,NA,D,11,1,30641.1675,232.95,2013,77,15.17,79.24
87467,Active,747773,NA,NA,D,9,1,39708.67125,77.76,2013,68,5.86,68.75
87468,Active,2595378,NA,NA,D,1,0,875234.29,84.99,1989,32,4.84,55.81
87469,Active,200585,NA,NA,D,10,1,47843.89875,213.95,2010,76,29.04,82.18
87470,Active,874610,NA,NA,D,3,1,2296580.699,70.43,2011,24,13.99,55.22
87471,Active,333491,NA,NA,D,1,0,3169371.718,99,2004,23,28.87,52.16
87472,Active,250749,NA,NA,D,3,1,218574.8475,50,2011,53,31.77,35.48
87473,Active,1783587,NA,NA,D,4,1,521579.8463,132.95,2013,15,40.09,150.08
87474,Active,870833,NA,NA,D,3,1,2062253.823,45.11,2009,29,4.67,10.64
87475,Active,741688,NA,NA,D,3,1,2277842.438,645.12,2008,28,10.48,149.41
87476,Active,271007,NA,NA,D,10,1,1518885.96,99.99,2009,20,12.64,73.15
87477,Active,191944,NA,NA,D,1,0,1348064.62,88.67,2008,18,13.99,68.51
87478,Active,788246,NA,NA,D,4,1,3937302.766,347.95,2001,14,5.98,52.75
87479,Active,884538,NA,NA,D,0,0,5611736.183,89,2007,13,23.04,73.99
87480,Active,644426,NA,NA,D,2,1,228887.8,175,2013,36,36.45,104.97
87481,Active,1449287,NA,NA,D,3,1,1688135.536,83.6,2006,45,4,8.93
87482,Active,637873,NA,NA,D,3,1,537155.1438,38.95,2011,25,35.05,41.53
87483,Active,715971,NA,NA,D,2,1,2692427.59,94.56,2011,10,79.96,83.34
87484,Active,670384,NA,NA,D,1,0,1746634.38,98,2007,23,88.78,98
87485,Active,2250085,NA,NA,D,8,1,678495.7913,63.18,2010,45,9.45,30.97
87486,Active,287620,NA,NA,D,8,1,21116.8525,253.8,2010,78,70.69,202.96
87487,Active,1512326,NA,NA,D,0,0,6005315.729,126,2007,3,32.98,0
87488,Active,728703,NA,NA,D,0,0,3080107.369,93.8,2003,23,4.77,9.98
87489,Active,2511957,NA,NA,D,2,1,901450.2238,35.95,1993,22,6.48,28.21
87490,Active,285271,NA,NA,D,10,1,1813637.199,7.99,2004,17,4.38,13.98
87491,Active,2885223,NA,NA,D,0,0,507632.015,29.95,2005,25,23.98,192.17
87492,Active,3925585,NA,NA,D,0,0,619793.6,65,1900,14,37.96,40.03
87493,Active,3543156,NA,NA,D,0,0,7544366.1,130,2008,27,13.26,110.6
87494,Active,874154,NA,NA,D,11,1,769262.5675,38.99,2012,58,4,17.52
87495,Active,874865,NA,NA,D,5,1,156568.1988,29.61,2011,24,24.99,28.34
87496,Active,750873,NA,NA,D,3,1,7396864.458,99,2009,13,4.44,43.38
87497,Active,3117480,NA,NA,D,0,0,2307326.046,28.95,1999,31,4,18.27
87498,Active,2527601,NA,NA,D,1,0,5571131.07,120,1991,13,32.2,155.27
87499,Active,2612411,NA,NA,D,0,0,5347516.493,120,2000,16,27.99,65.45
87500,Active,278554,NA,NA,D,2,1,3271408.939,67.95,2004,34,4,11.37
87501,Active,3485263,NA,NA,D,6,1,5594777.75,74.2,2002,36,4,18.77
87502,Active,3236883,NA,NA,D,8,1,4482698.47,0,2003,21,7.48,61.99
87503,Active,873909,NA,NA,D,6,1,378394.0863,153.95,2012,16,54.22,53.99
87504,Active,190465,NA,NA,D,5,1,4516789.496,7.28,2002,34,4,7.28
87505,Active,2078522,NA,NA,D,0,0,1115518.323,34.99,2011,74,3.95,4
87506,Active,876307,NA,NA,D,0,0,1747872.544,54.95,2008,24,4,7.07
87507,Active,147119,NA,NA,D,0,0,2698452.73,49.95,2006,19,4.39,15.99
87508,Active,2597389,NA,NA,D,0,0,7497185.3,105,1994,30,9.6,89.35
87509,Active,2249642,NA,NA,D,14,1,14336892,0,2009,21,0,0
87510,Active,2252475,NA,NA,D,14,1,5185473.47,78.98,2009,32,7.62,40.94
87511,Active,698886,NA,NA,D,10,1,2783506.434,34.44,2008,10,4,37.99
87512,Active,867748,NA,NA,D,3,1,451338.7688,64.95,2014,67,16.21,42.63
87513,Active,861474,NA,NA,D,5,1,30421.47125,178,2013,69,75.94,165.32
87514,Active,627827,NA,NA,D,3,1,129775.165,95.2,2013,25,23.49,24.98
87515,Active,538604,NA,NA,D,10,1,65288.705,192.25,2013,40,96.98,131.99
87516,Active,192402,NA,NA,D,5,1,2661419.666,59.95,2004,28,4.34,13.98
87517,Active,734517,NA,NA,D,0,0,2829217.681,66.75,2009,19,4,12.05
87518,Active,217230,NA,NA,D,3,1,3533391.566,37,2003,26,4.18,6
87519,Active,3220230,NA,NA,D,2,1,1295468.473,46.9,2000,40,5.63,46.42
87520,Active,2802100,NA,NA,D,0,0,10052020.9,19.95,1996,15,7.99,205.95
87521,Active,897972,NA,NA,D,1,0,3786042.744,132,2006,16,53.93,109.79
87522,Active,2611945,NA,NA,D,1,0,7897669.85,125,2002,14,29.99,114.56
87523,Active,416301,NA,NA,D,7,1,4590391.734,4.89,2003,30,4.13,16.76
87524,Active,178729,NA,NA,D,19,1,311746.585,126.95,2011,40,32.15,55.99
87525,Active,276798,NA,NA,D,0,0,2223686.669,58.95,2001,27,4,81.07
87526,Active,827610,NA,NA,D,4,1,5188592.633,166.69,2006,23,4,53.99
87527,Active,888086,NA,NA,D,4,1,8516493.428,462.9,2005,15,7.95,99.61
87528,Active,2281430,NA,NA,D,6,1,40665.15,22.79,2012,35,0,0
87529,Active,2247969,NA,NA,D,0,0,2119238.019,90.19,2007,40,23.97,71.94
87530,Active,874716,NA,NA,D,5,1,1046268.284,25.57,2010,28,6.29,30.87
87531,Active,800435,NA,NA,D,2,1,4727604.321,90.95,2006,16,27.83,67.67
87532,Active,2091437,NA,NA,D,0,0,927154.5175,34.95,2010,23,13.6,32.85
87533,Active,809196,NA,NA,D,2,1,1242910.054,83.23,2013,7,91.45,83.89
87534,Active,2252423,NA,NA,D,1,0,6174083.831,177.19,2008,23,8.73,109.33
87535,Active,794488,NA,NA,D,1,0,3829449.558,145,2007,18,66.19,102.99
87536,Active,1989678,NA,NA,D,3,1,237310.3875,49.99,2014,46,5.5,73.21
87537,Active,2253822,NA,NA,D,7,1,1762687.134,118.1,2011,37,16.19,95.08
87538,Active,113875,NA,NA,D,1,0,5432382.928,133,2000,21,4.42,27.98
87539,Active,1867799,NA,NA,D,3,1,214893.2425,109.95,2010,24,68.98,94.92
87540,Active,883890,NA,NA,D,1,0,9107797.203,31.95,2005,12,4.76,53
87541,Active,698652,NA,NA,D,12,1,240066.075,103.25,2010,21,15.09,28.99
87542,Active,451779,NA,NA,D,4,1,903977.2738,203.95,2008,20,5.75,60.65
87543,Active,908353,NA,NA,D,2,1,3954391.51,14.09,2009,39,7.47,17.95
87544,Active,258092,NA,NA,D,6,1,2157870.193,50,2002,34,4,11.49
87545,Active,2600712,NA,NA,D,1,0,5386168.355,109.99,1996,13,47.96,129.61
87546,Active,895401,NA,NA,D,0,0,1726672.858,64.95,2010,17,43.94,45.39
87547,Active,629754,NA,NA,D,0,0,1012823.493,79.99,2000,20,33.93,53.62
87548,Active,1856567,NA,NA,D,0,0,1258458.891,49.99,2009,28,33.51,39.09
87549,Active,633720,NA,NA,D,2,1,153390.8913,245.47,2013,30,21.69,190.15
87550,Active,106434,NA,NA,D,11,1,510428.9563,89.95,2006,23,46.49,140.37
87551,Active,789233,NA,NA,D,0,0,2881200.253,44.95,2004,34,4,13.56
87552,Active,924312,NA,NA,D,11,1,10718.0925,59.99,2014,79,15.85,38.94
87553,Active,2023426,NA,NA,D,1,0,1011937.676,54.95,2007,44,4,16.37
87554,Active,879579,NA,NA,D,6,1,1142391.586,102,2013,19,67.84,185.81
87555,Active,2648446,NA,NA,D,1,0,4702632.973,157.95,2001,33,23.44,77.42
87556,Active,133332,NA,NA,D,5,1,313603.4775,68.8,2010,32,15.99,97.18
87557,Active,540756,NA,NA,D,2,1,221026.37,89.87,2012,22,27.91,88.67
87558,Active,560860,NA,NA,D,9,1,823551.9488,137.2,2004,43,4.59,43.68
87559,Active,61173,NA,NA,D,9,1,444545.7213,81.6,2004,62,4,19.98
87560,Active,550302,NA,NA,D,2,1,263339.4713,80.6,2006,61,24.98,75.37
87561,Active,920815,NA,NA,D,4,1,534383.335,67.2,2004,58,4,33.6
87562,Active,540802,NA,NA,D,10,1,134507.5388,117.73,2013,26,27.87,259.3
87563,Active,157532,NA,NA,D,14,1,3397846.646,290,2008,12,31.99,78.99
87564,Active,52951,NA,NA,D,1,0,2541475.323,101.2,2006,42,4.26,23.3
87565,Active,2619168,NA,NA,D,9,1,822699.3625,84.95,1994,35,3,85.95
87566,Active,540183,NA,NA,D,9,1,525822.3088,180.13,2013,48,26.27,138.14
87567,Active,51912,NA,NA,D,9,1,8540.815,74.91,2009,136,11.93,25.99
87568,Active,2250057,NA,NA,D,9,1,2416997.843,120.97,2008,27,12.32,51.18
87569,Active,2261053,NA,NA,D,0,0,887892.945,267.83,2010,29,35.11,115.32
87570,Active,553032,NA,NA,D,4,1,254880.4625,62.65,2008,28,4.99,57.67
87571,Active,888146,NA,NA,D,4,1,8499163.775,57.17,2005,17,10.04,57.07
87572,Active,623500,NA,NA,D,0,0,1271857.669,83.8,2009,34,4.3,43.98
87573,Active,807852,NA,NA,D,0,0,1153730.608,59.99,2010,60,17.9,32.98
87574,Active,3467864,NA,NA,D,1,0,1844109.35,68,1998,40,35.99,57.33
87575,Active,1720987,NA,NA,D,29,1,219030.845,125,2012,26,69.3,86.63
87576,Active,2675178,NA,NA,D,1,0,2231868.444,40.81,1979,30,4,40.81
87577,Active,537875,NA,NA,D,16,1,731083.9013,137.19,2005,114,3.99,10.94
87578,Active,612851,NA,NA,D,1,0,418971.5363,117.04,2005,104,4.06,12.41
87579,Active,108678,NA,NA,D,9,1,1696441.36,9.95,2003,28,4,9.95
87580,Active,614121,NA,NA,D,8,1,2671406.774,146,2007,30,4,83.16
87581,Active,632507,NA,NA,D,6,1,1570264.034,53.96,2005,20,25.26,53.95
87582,Active,3819148,NA,NA,D,1,0,4824471.55,109.95,2000,35,11.95,64.16
87583,Active,55902,NA,NA,D,0,0,3375352.66,195.95,2009,24,4,23.99
87584,Active,2270956,NA,NA,D,4,1,2772962.638,74,2012,27,47.39,58.15
87585,Active,800025,NA,NA,D,0,0,4295148.381,125,2005,12,22.71,109.45
87586,Active,2252698,NA,NA,D,4,1,2372081.278,50.53,2008,39,8.06,64.18
87587,Active,917304,NA,NA,D,5,1,1103736.691,61.77,2010,23,18.67,54.58
87588,Active,2254334,NA,NA,D,3,1,5289797.52,0,2007,21,30.37,53.58
87589,Active,51628,NA,NA,D,9,1,3587048.134,4.9,2002,41,4,8.69
87590,Active,591618,NA,NA,D,1,0,1721127.5,110,2006,13,21.89,68.99
87591,Active,366515,NA,NA,D,4,1,855659.0613,84.95,2005,32,4,13.2
87592,Active,250928,NA,NA,D,4,1,426985.1413,126.68,2002,27,40.93,113.68
87593,Active,324838,NA,NA,D,2,1,700266.9888,139.2,1996,36,4.32,582.69
87594,Active,1829913,NA,NA,D,11,1,3905727.553,233.95,2014,16,160.17,225.34
87595,Active,2269568,NA,NA,D,9,1,888639.1663,0,2008,30,14.91,566.38
87596,Active,107696,NA,NA,D,12,1,933472.925,77.88,2001,17,9.8,49.99
87597,Active,330689,NA,NA,D,8,1,8852601.369,52.94,2004,12,4.13,52.61
87598,Active,566139,NA,NA,D,0,0,5543384.055,175,2011,13,30.68,187.17
87599,Active,874917,NA,NA,D,0,0,3645944.361,68.38,2010,14,18.98,23.95
87600,Active,109784,NA,NA,D,6,1,1359073.15,201.25,2005,22,33.78,109.99
87601,Active,2255915,NA,NA,D,5,1,4062712.295,58.9,2008,17,23.93,147.97
87602,Active,52467,NA,NA,D,1,0,1902010.15,213.33,2007,60,4,8.77
87603,Active,1623301,NA,NA,D,8,1,8456290.076,0,2008,14,4.27,97.85
87604,Active,407343,NA,NA,D,1,0,4245089.858,49.95,1998,36,4,4
87605,Active,148624,NA,NA,D,12,1,278335.1513,300.95,2008,39,8.56,291.99
87606,Active,2255002,NA,NA,D,0,0,3700736.753,104.87,2007,39,6.5,40.06
87607,Active,909538,NA,NA,D,2,1,1848668.725,135,2006,26,4,62.61
87608,Active,543399,NA,NA,D,3,1,2903248.845,158,2012,11,32.91,112.86
87609,Active,871583,NA,NA,D,6,1,1422144.938,124.42,2012,18,17.98,61.97
87610,Active,901901,NA,NA,D,4,1,8843144,118.75,2002,12,4.77,22.15
87611,Active,148743,NA,NA,D,8,1,491454.065,371.95,2010,23,46.71,88.99
87612,Active,544685,NA,NA,D,9,1,16391.52375,338.95,2012,49,17.75,113.99
87613,Active,876739,NA,NA,D,8,1,1604758.493,121.95,2011,24,8.23,63.33
87614,Active,1463054,NA,NA,D,0,0,1510182.004,0,2013,21,24.28,212.23
87615,Active,1768919,NA,NA,D,3,1,1976293.04,110,2014,18,66.89,73.97
87616,Active,873889,NA,NA,D,2,1,518968.3563,23.28,2013,24,17.85,21.89
87617,Active,697401,NA,NA,D,0,0,4985162.804,23.76,2005,13,18.67,21.17
87618,Active,883023,NA,NA,D,1,0,1075034,105,2002,15,8.44,104.34
87619,Active,631626,NA,NA,D,3,1,266221.3988,121,2009,27,65.41,0
87620,Active,616356,NA,NA,D,5,1,4136595.506,79,2005,16,4,6.98
87621,Active,699380,NA,NA,D,9,1,262105.5313,56.9,2012,31,12.4,48.99
87622,Active,52983,NA,NA,D,4,1,647989.4813,140,2005,90,4,14.43
87623,Active,876945,NA,NA,D,6,1,376879.9413,25.37,2013,23,18.99,24.19
87624,Active,2278569,NA,NA,D,14,1,3593246.436,76.3,2012,40,8.82,76.27
87625,Active,698902,NA,NA,D,6,1,1429290.969,98.99,2008,14,4.97,44.98
87626,Active,911850,NA,NA,D,11,1,312149.85,59.82,2011,27,19.95,59.82
87627,Active,795126,NA,NA,D,1,0,5304757.85,174.95,2002,9,159.68,159.46
87628,Active,528239,NA,NA,D,2,1,752891.2038,181.95,2008,34,85.97,203.71
87629,Active,2254304,NA,NA,D,4,1,3974188.958,0,2009,27,7.8,78.02
87630,Active,905509,NA,NA,D,0,0,3148623.935,89.95,2003,18,68.05,222.07
87631,Active,649650,NA,NA,D,3,1,108205.2088,51.19,2012,16,47.43,47.83
87632,Active,877402,NA,NA,D,6,1,3775583.938,79.3,2010,12,35.35,73.72
87633,Active,552831,NA,NA,D,3,1,1733628.093,230.47,2010,27,13.86,0
87634,Active,876781,NA,NA,D,3,1,1420468.151,132.33,2010,55,9.64,27.43
87635,Active,2254637,NA,NA,D,0,0,10048430.36,0,2007,10,27.18,45.68
87636,Active,651500,NA,NA,D,2,1,458256.8713,202.98,2012,19,112.94,183.94
87637,Active,624639,NA,NA,D,2,1,3760108.9,211.11,1900,16,6.95,72.99
87638,Active,2281955,NA,NA,D,10,1,2077402.22,71.34,2008,34,9.98,58.97
87639,Active,112739,NA,NA,D,3,1,4486780.381,94.95,2003,14,9.01,28.57
87640,Active,878109,NA,NA,D,0,0,4881078.984,8.54,2009,14,4.12,8.54
87641,Active,904582,NA,NA,D,2,1,525761.0975,170,1990,17,42.49,176.33
87642,Active,3469811,NA,NA,D,5,1,2134681.25,0,2001,15,23.3,140.47
87643,Active,563231,NA,NA,D,0,0,708277.5163,74.95,1997,32,46.63,57.58
87644,Active,540334,NA,NA,D,7,1,222113.785,135,2013,32,34.43,74.94
87645,Active,572400,NA,NA,D,4,1,6350820.524,480.15,2008,13,5.45,103.79
87646,Active,2256960,NA,NA,D,2,1,1834948.058,62.56,2008,35,7.48,65.53
87647,Active,871276,NA,NA,D,4,1,2364052.144,0,2007,12,7.39,89.11
87648,Active,528175,NA,NA,D,3,1,1064835.219,89.95,2010,17,48.43,63.97
87649,Active,907820,NA,NA,D,0,0,348083.0163,90.4,2007,33,11.11,46.87
87650,Active,772583,NA,NA,D,0,0,685556.2838,147.4,2006,13,9.53,23.97
87651,Active,661413,NA,NA,D,11,1,845616.14,199.53,2012,20,53.99,120.89
87652,Active,870903,NA,NA,D,10,1,406105.4513,43.94,1985,42,4,43.94
87653,Active,57998,NA,NA,D,5,1,165555.0275,260.4,2010,48,80.97,140.52
87654,Active,539530,NA,NA,D,9,1,8248.2475,254.6,2013,100,28.89,103.98
87655,Active,645107,NA,NA,D,5,1,295762.0763,191.2,2013,33,23.89,72.97
87656,Active,61171,NA,NA,D,6,1,1632435.529,6.55,2007,107,3.74,10.19
87657,Active,725104,NA,NA,D,0,0,6771488.599,35,2001,22,4,22.99
87658,Active,300966,NA,NA,D,6,1,1234884.041,39.95,2005,23,4.06,54.73
87659,Active,2256629,NA,NA,D,0,0,1049474.329,70.44,2008,44,9.2,54.38
87660,Active,620186,NA,NA,D,0,0,2125865.841,15.61,2004,18,4,22.62
87661,Active,899902,NA,NA,D,2,1,5012269.794,116,2004,16,59,113.16
87662,Active,870108,NA,NA,D,0,0,1959242.874,93.75,2008,22,6.94,61.01
87663,Active,878506,NA,NA,D,0,0,1540784.065,163.07,2007,30,13.47,73.99
87664,Active,2257225,NA,NA,D,0,0,213998.5363,40.66,2011,46,8.04,37.94
87665,Active,2260472,NA,NA,D,6,1,6705590.284,0,2009,24,21.39,76.49
87666,Active,876181,NA,NA,D,5,1,333182.3738,110.67,2013,29,5.26,101.92
87667,Active,644686,NA,NA,D,1,0,1005980.039,79,2011,16,33.57,237.69
87668,Active,787992,NA,NA,D,8,1,1556766.404,193.95,1998,35,4,16.99
87669,Active,1455838,NA,NA,D,2,1,1821378.713,127.27,2014,15,7.6,89.63
87670,Active,1943240,NA,NA,D,8,1,1102798.856,59.95,2011,8,62.5,51.99
87671,Active,1518042,NA,NA,D,3,1,1863215.598,104,2009,12,21.35,38.9
87672,Active,203804,NA,NA,D,2,1,789183.7188,110.99,2005,23,11.25,111.93
87673,Active,652228,NA,NA,D,2,1,2014786.119,243.67,2013,14,97.84,0
87674,Active,658686,NA,NA,D,5,1,2993706.935,246.67,2012,21,6.71,246.67
87675,Active,655793,NA,NA,D,5,1,2993388.529,202.93,2011,22,20.75,193.31
87676,Active,918639,NA,NA,D,1,0,743618.1488,51.97,1972,27,10.67,51.97
87677,Active,115840,NA,NA,D,0,0,1680772.255,79.4,2004,30,4,9.99
87678,Active,748931,NA,NA,D,4,1,3115272.638,654.2,2006,15,42.99,113.33
87679,Active,872358,NA,NA,D,11,1,744741.8663,54.81,2007,48,9.66,104.81
87680,Active,2248946,NA,NA,D,9,1,833944.6988,32.2,2008,46,6.63,28.48
87681,Active,910852,NA,NA,D,2,1,33506.6425,84.95,2014,36,42.14,50.77
87682,Active,915043,NA,NA,D,0,0,1256331.419,39.95,2001,29,5.54,45.92
87683,Active,697787,NA,NA,D,11,1,779614.3063,28.99,2012,29,6.81,24.37
87684,Active,113013,NA,NA,D,2,1,930922.2275,115,2006,22,32.21,143.98
87685,Active,2924550,NA,NA,D,2,1,1093023.256,260.97,2014,16,60.32,198.98
87686,Active,543541,NA,NA,D,2,1,13812.10875,96,2012,80,46.46,66.69
87687,Active,2252790,NA,NA,D,2,1,6370985,40.01,2007,11,35.49,76.41
87688,Active,668588,NA,NA,D,1,0,1014918.635,78.95,2009,14,53.93,168.25
87689,Active,551744,NA,NA,D,5,1,4433851.744,125,2002,19,4.09,24.29
87690,Active,622598,NA,NA,D,8,1,51253.26625,284.95,2012,51,34.29,149.29
87691,Active,781079,NA,NA,D,0,0,1245370.688,39.95,2003,18,17.97,32.99
87692,Active,646655,NA,NA,D,4,1,926916.455,50.95,2004,22,9.9,53.94
87693,Active,271255,NA,NA,D,0,0,5463433.034,70,2006,21,4.93,47.45
87694,Active,875814,NA,NA,D,1,0,2042962.838,148.95,2011,13,24.82,1695.08
87695,Active,900741,NA,NA,D,1,0,942286.9813,90.5,2009,36,4,90.08
87696,Active,1593129,NA,NA,D,1,0,5430037.81,106,2006,9,19.49,80.32
87697,Active,526610,NA,NA,D,2,1,3404406.693,132.95,2007,10,76.99,173
87698,Active,3046265,NA,NA,D,0,0,2227242.509,16,1999,17,4,100.57
87699,Active,875322,NA,NA,D,2,1,396328.7663,66,2005,41,5.88,19.98
87700,Active,610274,NA,NA,D,12,1,44583.8325,242.6,2010,46,73.99,154.86
87701,Active,908518,NA,NA,D,4,1,2835342.749,127.8,2003,18,4.88,48.04
87702,Active,143035,NA,NA,D,11,1,3480067.613,133,2005,29,6.46,15
87703,Active,254033,NA,NA,D,10,1,1132679.7,184.71,2011,19,19.95,168.69
87704,Active,869520,NA,NA,D,4,1,603671.7225,167.95,2009,21,58.99,83.99
87705,Active,57500,NA,NA,D,8,1,2186602.354,197.95,2001,22,4.14,11.44
87706,Active,1829186,NA,NA,D,4,1,693648.8463,59.84,2014,13,36.98,47.99
87707,Active,809191,NA,NA,D,6,1,594109.49,174.6,2011,15,53.96,59.99
87708,Active,252762,NA,NA,D,0,0,2855291.169,397.76,2009,13,9.19,179.4
87709,Active,104692,NA,NA,D,1,0,691743.0763,57.99,2004,19,63.54,123.93
87710,Active,899079,NA,NA,D,7,1,267494.8063,55,2012,17,18.95,37.98
87711,Active,918860,NA,NA,D,9,1,2209287.453,44.17,2002,35,4,65.05
87712,Active,737656,NA,NA,D,0,0,2423272.704,104,2008,17,7.08,19.99
87713,Active,539391,NA,NA,D,7,1,24249.015,279.4,2013,47,47.93,108.98
87714,Active,870310,NA,NA,D,3,1,221858.2775,65,2013,38,24.99,42.99
87715,Active,147280,NA,NA,D,4,1,1305730.214,49.95,2005,36,4,53.31
87716,Active,743683,NA,NA,D,2,1,2923209.606,54.95,2005,20,4.94,37.62
87717,Active,147677,NA,NA,D,6,1,1436679.716,89.95,2010,25,26.18,73.98
87718,Active,2343299,NA,NA,D,5,1,5795026.763,72.1,1991,19,4,60.93
87719,Active,662331,NA,NA,D,6,1,882004.0488,179.95,2012,12,103.47,207.96
87720,Active,875877,NA,NA,D,0,0,4384922.54,111.89,2005,16,4,45.4
87721,Active,2253569,NA,NA,D,7,1,5661822.573,0,2009,26,16.13,61.16
87722,Active,3272181,NA,NA,D,8,1,2443242.8,93.39,2004,21,30.36,93.39
87723,Active,870537,NA,NA,D,0,0,2982158.879,54.5,2001,26,4,16.49
87724,Active,55739,NA,NA,D,7,1,7224.76625,58.66,2010,240,6.47,28.99
87725,Active,2258840,NA,NA,D,5,1,3347096.87,145,2006,11,34.94,316.99
87726,Active,2308871,NA,NA,D,1,0,1520396.308,113.95,1999,3,36.89,43.99
87727,Active,720083,NA,NA,D,0,0,2244072.456,43.95,2003,19,17.46,231.61
87728,Active,867000,NA,NA,D,3,1,494572.5213,84.95,2013,20,51.13,67.77
87729,Active,765614,NA,NA,D,0,0,3626591.3,79.95,1900,10,4.76,83.07
87730,Active,640072,NA,NA,D,6,1,4879134.5,170.06,2002,19,7.73,47.61
87731,Active,1946828,NA,NA,D,0,0,1111128.599,44.99,2011,11,9.55,27.79
87732,Active,2613391,NA,NA,D,0,0,4823282.808,140,2002,18,12.24,84.14
87733,Active,52764,NA,NA,D,1,0,1079570.619,147.95,2005,47,4,18.97
87734,Active,2270737,NA,NA,D,3,1,1729686.529,55.64,2010,32,12.08,30.8
87735,Active,618579,NA,NA,D,6,1,1395774.989,48.66,2008,34,5.93,51.65
87736,Active,1459195,NA,NA,D,4,1,6313805.979,65.9,2010,11,7.64,68.62
87737,Active,770771,NA,NA,D,6,1,1237011.704,128.36,2003,23,9.49,88.44
87738,Active,2252005,NA,NA,D,7,1,390302.1975,98.14,2007,34,16.05,79.15
87739,Active,1933333,NA,NA,D,6,1,569858.5413,119.95,2013,28,23.77,124.69
87740,Active,886944,NA,NA,D,0,0,5826457.721,152,2013,9,32.77,35.98
87741,Active,443453,NA,NA,D,1,0,4131764.725,135,2005,22,38.4,128.35
87742,Active,2257984,NA,NA,D,2,1,3024646.355,42.19,2009,34,11.68,40.66
87743,Active,2769422,NA,NA,D,1,0,956736.2088,24.99,1979,23,11.97,54.37
87744,Active,737400,NA,NA,D,4,1,748643.95,145,2005,18,40.59,244.99
87745,Active,2259327,NA,NA,D,12,1,750341.4288,307.62,2007,21,79.37,191.49
87746,Active,894138,NA,NA,D,3,1,2920196.338,82.18,2007,11,14.95,44.36
87747,Active,899073,NA,NA,D,0,0,1220453.181,74.99,2004,28,34.2,148.37
87748,Active,1499105,NA,NA,D,0,0,457265.8488,64.99,2011,26,21.22,39.85
87749,Active,906735,NA,NA,D,0,0,404475.0688,22.99,2011,23,6.02,15.36
87750,Active,1631622,NA,NA,D,0,0,1831027.798,39.99,2015,17,18.99,20.47
87751,Active,1595609,NA,NA,D,0,0,302073.075,29.99,2014,18,20.22,18.6
87752,Active,113073,NA,NA,D,4,1,2269025.191,118,2006,17,41.09,75.81
87753,Active,2256623,NA,NA,D,6,1,2654712.819,90.02,2007,34,22.92,115.39
87754,Active,887120,NA,NA,D,3,1,1865586.541,76.67,2014,7,14.71,93.38
87755,Active,289360,NA,NA,D,5,1,574732.0388,49.05,2005,38,8.98,31.05
87756,Active,174014,NA,NA,D,0,0,2464364.818,50,1997,14,34.78,85.28
87757,Active,105394,NA,NA,D,5,1,1152167.21,147.79,2008,30,5.26,91.77
87758,Active,2336915,NA,NA,D,2,1,1300418.246,79.63,1962,32,6.39,79.47
87759,Active,2257102,NA,NA,D,0,0,5402253.478,105.63,2009,44,24.31,60.73
87760,Active,600445,NA,NA,D,3,1,619710.465,67.75,2011,34,16.89,0
87761,Active,577418,NA,NA,D,12,1,831733.2263,55.95,2007,88,4,8.89
87762,Active,51878,NA,NA,D,7,1,4185804.146,37.95,2001,41,4,5.99
87763,Active,2263861,NA,NA,D,0,0,1027637.67,0,2010,31,6.04,47.98
87764,Active,607967,NA,NA,D,5,1,1475616.494,46.95,2002,51,4,11.57
87765,Active,192913,NA,NA,D,9,1,4776054.528,51.95,2002,33,4.53,9.19
87766,Active,872103,NA,NA,D,7,1,1376116.578,16.92,2009,54,5.74,30.19
87767,Active,169512,NA,NA,D,3,1,619985.865,293.95,2006,24,4.83,28.69
87768,Active,706118,NA,NA,D,10,1,1300533.431,205,2011,17,38.75,141.14
87769,Active,2257098,NA,NA,D,2,1,5348087.319,63.85,2011,30,16.29,94.45
87770,Active,638027,NA,NA,D,2,1,928958.7713,147.4,2013,20,53.47,0
87771,Active,873854,NA,NA,D,0,0,4881490.368,228.23,2006,10,74.49,228.23
87772,Active,544348,NA,NA,D,5,1,6877.1075,286.95,2013,125,53.76,70.94
87773,Active,908564,NA,NA,D,1,0,3374226.894,47,1995,32,4,23.99
87774,Active,241523,NA,NA,D,6,1,1093808.456,49.95,2007,13,9.99,0
87775,Active,901621,NA,NA,D,2,1,4838431.196,116,1992,22,6.47,61.59
87776,Active,170199,NA,NA,D,9,1,43501.66375,269.95,2011,62,20.17,104.66
87777,Active,1629840,NA,NA,D,6,1,1862047.186,145,2008,19,22.14,36.7
87778,Active,880117,NA,NA,D,6,1,3934739.299,167.93,2011,14,4,167.93
87779,Active,739916,NA,NA,D,5,1,4121773.509,59.4,2003,36,4,11.98
87780,Active,2333186,NA,NA,D,1,0,504897.305,187.7,1959,24,51.45,159.27
87781,Active,527525,NA,NA,D,3,1,2060145.886,78,2012,11,32.47,137.73
87782,Active,880722,NA,NA,D,9,1,1868550.139,36.56,2005,39,6.49,19.89
87783,Active,871889,NA,NA,D,4,1,1719963.76,144.37,2006,16,9.54,102.31
87784,Active,110258,NA,NA,D,4,1,798611.3825,138.94,2009,28,44.1,174.07
87785,Active,222391,NA,NA,D,0,0,1375315.65,60,1999,15,38.99,55.63
87786,Active,222392,NA,NA,D,0,0,422243.615,65,2000,16,38.99,60.39
87787,Active,2251968,NA,NA,D,7,1,1515757.484,50.39,2007,82,6.05,40.87
87788,Active,880070,NA,NA,D,8,1,1505180.244,244.96,2011,34,36.5,98.61
87789,Active,2258187,NA,NA,D,6,1,508965.1175,107.88,2012,37,36.47,107.92
87790,Active,1829909,NA,NA,D,3,1,441594.7313,261.95,2014,17,21.77,54.94
87791,Active,2262974,NA,NA,D,9,1,520396.86,50.54,2008,27,16.39,45.59
87792,Active,162987,NA,NA,D,11,1,2535897.445,28.77,2010,23,4.47,8.79
87793,Active,699169,NA,NA,D,12,1,1774468.431,32.83,2010,16,6.13,32.82
87794,Active,57525,NA,NA,D,1,0,1103385.83,6.56,2005,55,2.5,6.64
87795,Active,51906,NA,NA,D,6,1,3287069.82,179.69,2003,35,4.29,11.94
87796,Active,2255093,NA,NA,D,5,1,3576963.1,70.77,2008,17,0,0
87797,Active,624677,NA,NA,D,2,1,86625.1,124.4,2012,42,65.05,94.7
87798,Active,1592454,NA,NA,D,0,0,2936278.339,107,2006,18,26.18,55.44
87799,Active,148759,NA,NA,D,2,1,797411.3088,55.95,2010,19,4.64,22.89
87800,Active,765632,NA,NA,D,4,1,4045841.825,73.95,2003,24,4,19.99
87801,Active,2271786,NA,NA,D,2,1,6750604.15,207.86,1900,27,61.69,154.96
87802,Active,539912,NA,NA,D,0,0,103035.9488,34.95,2012,43,13.13,34.92
87803,Active,1466069,NA,NA,D,4,1,2125408.084,345,2009,19,74.29,367.31
87804,Active,2250236,NA,NA,D,5,1,246189.0313,11.54,2008,48,6.06,13.73
87805,Active,498861,NA,NA,D,4,1,1884304.883,237.95,2008,12,13.93,28.57
87806,Active,527377,NA,NA,D,4,1,258435.0488,101.33,2012,56,24.31,31.79
87807,Active,2256834,NA,NA,D,7,1,993933.46,70.57,2007,20,7.49,91.44
87808,Active,3482465,NA,NA,D,1,0,3381237.05,70,2003,26,28.54,66.23
87809,Active,3613742,NA,NA,D,2,1,1402855.9,37.95,2006,33,24.99,75.32
87810,Active,2257300,NA,NA,D,3,1,721577.63,25.97,2009,41,13.13,24.16
87811,Active,874489,NA,NA,D,5,1,2408246.481,63.5,2010,12,22.98,38.68
87812,Active,658600,NA,NA,D,2,1,3659864.3,183.84,2009,22,4,110.09
87813,Active,3619991,NA,NA,D,2,1,1028603.35,92.18,2003,33,19.92,48.85
87814,Active,468632,NA,NA,D,3,1,2764719.893,114,2005,16,4.76,22.49
87815,Active,55717,NA,NA,D,0,0,1517211.245,39.95,2008,45,4,8.24
87816,Active,2255037,NA,NA,D,0,0,2124111.534,46.44,2008,39,5.59,44.98
87817,Active,810226,NA,NA,D,10,1,676197.18,95.95,2009,26,33.96,43.94
87818,Active,880486,NA,NA,D,9,1,2572520.123,110,2008,26,5.21,28.91
87819,Active,879808,NA,NA,D,0,0,1921297.074,57.11,2007,13,4.98,51.47
87820,Active,52832,NA,NA,D,6,1,3028776.41,161.95,2006,20,7.05,53.45
87821,Active,807973,NA,NA,D,0,0,2181203.114,44.99,2011,11,22.54,18.82
87822,Active,1594886,NA,NA,D,1,0,4368168.848,125,2009,43,27.99,58.11
87823,Active,2256437,NA,NA,D,0,0,904989.6838,36.32,2009,20,15.55,85.92
87824,Active,870385,NA,NA,D,1,0,2434708.533,59.95,2010,18,8.93,101.61
87825,Active,869256,NA,NA,D,13,1,3295133.455,0,2010,22,4,37.71
87826,Active,1442064,NA,NA,D,6,1,1086802.909,144.25,2010,17,15.22,108.99
87827,Active,541023,NA,NA,D,7,1,538136.785,127.76,2012,37,13.14,63.99
87828,Active,870184,NA,NA,D,1,0,1348653.013,163.87,2012,27,6.64,153.5
87829,Active,875890,NA,NA,D,4,1,138025.4588,186.73,2014,29,37.96,148.35
87830,Active,2257017,NA,NA,D,0,0,1632731.154,0,2007,27,18.02,32.65
87831,Active,527271,NA,NA,D,3,1,21063.46875,124.99,2011,98,43.34,79.99
87832,Active,106839,NA,NA,D,8,1,248243.2013,60,2011,27,12.33,39.04
87833,Active,612417,NA,NA,D,4,1,130903.7838,53.97,2013,17,45.92,45.94
87834,Active,2252431,NA,NA,D,6,1,2455775.321,65.23,2010,34,7.46,53.99
87835,Active,2095823,NA,NA,D,5,1,1067397.448,146.25,2013,14,64.74,64.69
87836,Active,870503,NA,NA,D,8,1,1078613.371,108.88,2007,38,11.16,94.95
87837,Active,875168,NA,NA,D,4,1,879364.625,30.24,2007,29,6.74,25.97
87838,Active,544445,NA,NA,D,12,1,479657.5425,252.95,2013,30,33.99,127.7
87839,Active,617786,NA,NA,D,5,1,788038.9675,53.94,2003,21,4,44.73
87840,Active,872096,NA,NA,D,3,1,447867.85,96.59,2011,58,16.96,55.75
87841,Active,580635,NA,NA,D,2,1,820993.985,50,1989,47,4,16.94
87842,Active,128870,NA,NA,D,1,0,231723.3938,95.95,2004,51,17.78,39.26
87843,Active,300463,NA,NA,D,5,1,410612.1913,107.4,2011,37,38.54,78.47
87844,Active,609867,NA,NA,D,11,1,24014.93875,148.4,2013,62,51.98,114.63
87845,Active,3247247,NA,NA,D,0,0,596413.7525,108.97,2005,31,19.97,88.09
87846,Active,606987,NA,NA,D,11,1,796713.4638,25.99,2005,41,5.44,18.28
87847,Active,756087,NA,NA,D,1,0,1109079.254,59.05,2010,25,14.48,63.91
87848,Active,652885,NA,NA,D,5,1,3875578.103,94.06,2003,20,4.09,54.87
87849,Active,880176,NA,NA,D,8,1,869265.2488,176.25,2008,36,12.48,28.99
87850,Active,646061,NA,NA,D,11,1,2238584.121,100.95,2010,12,4.97,50.69
87851,Active,889863,NA,NA,D,2,1,5503821.974,69,2005,13,16.35,60.41
87852,Active,2261493,NA,NA,D,2,1,778785.315,118.88,2010,34,14.43,38.12
87853,Active,617774,NA,NA,D,4,1,570017.4913,273.8,2013,37,62.34,219.95
87854,Active,539098,NA,NA,D,2,1,1862738.241,76,1998,25,4.76,18.99
87855,Active,540870,NA,NA,D,4,1,54323.77125,275.6,2013,52,52.15,121.42
87856,Active,878709,NA,NA,D,7,1,1016337.068,161.03,2008,18,62.7,179.34
87857,Active,544540,NA,NA,D,9,1,438524.9138,203.95,2012,28,83.98,133.87
87858,Active,772171,NA,NA,D,6,1,1716019.563,0,2005,11,6.87,0
87859,Active,561434,NA,NA,D,6,1,587723.27,252.67,2010,26,62.92,248.99
87860,Active,54231,NA,NA,D,4,1,207274.6975,181.4,2009,40,47.71,192.8
87861,Active,553840,NA,NA,D,3,1,3005111.898,115.67,2007,16,19.99,123.49
87862,Active,536788,NA,NA,D,11,1,536012.625,241.53,2012,49,70.99,196.33
87863,Active,169879,NA,NA,D,6,1,92887.33125,204.95,2009,33,33.04,150.25
87864,Active,177787,NA,NA,D,6,1,141283.3425,182.95,2005,39,28.36,58.99
87865,Active,527189,NA,NA,D,7,1,793514.1188,216.95,2011,31,80.39,211.18
87866,Active,1922412,NA,NA,D,3,1,4360380.731,119,2010,12,83.98,96.81
87867,Active,874141,NA,NA,D,8,1,544325.54,78.99,2013,25,15.57,73.98
87868,Active,2259106,NA,NA,D,2,1,2239835.741,76.67,2006,23,7.47,140.8
87869,Active,2257044,NA,NA,D,5,1,2318224.696,155.71,2009,42,17.89,156.82
87870,Active,661224,NA,NA,D,5,1,643435.3038,92.92,2010,16,12.77,63.95
87871,Active,807106,NA,NA,D,1,0,770857.65,94.95,2008,15,54.7,67.56
87872,Active,3816259,NA,NA,D,0,0,886816.35,39.99,2010,60,28.76,39.99
87873,Active,120266,NA,NA,D,8,1,17989.9525,180,2011,59,36.09,121.17
87874,Active,52581,NA,NA,D,5,1,514804.015,79.95,2005,64,4,8.49
87875,Active,902406,NA,NA,D,0,0,750350.57,75,2004,14,43.93,60.97
87876,Active,2490052,NA,NA,D,3,1,4673921.416,19.94,2003,17,4.64,60.06
87877,Active,876389,NA,NA,D,0,0,811390.1775,79.76,2007,15,8.36,43.99
87878,Active,875427,NA,NA,D,0,0,2586541.796,80.24,2012,12,0.69,76.54
87879,Active,505647,NA,NA,D,8,1,1568444.571,126.99,2008,17,8.64,155.99
87880,Active,155247,NA,NA,D,7,1,1145807.7,50.36,1999,44,4,7.48
87881,Active,307852,NA,NA,D,12,1,2529904.351,49.06,2010,15,4,33.56
87882,Active,544377,NA,NA,D,13,1,140425.6613,238.95,2013,30,63.94,188.85
87883,Active,244028,NA,NA,D,5,1,50422.16125,223.95,2011,44,62.72,113.83
87884,Active,527074,NA,NA,D,4,1,2674663.025,24.95,2005,24,4,13.22
87885,Active,610382,NA,NA,D,11,1,19825.11,291.5,2013,84,9.97,50.07
87886,Active,3263614,NA,NA,D,7,1,1826753.223,78.9,2000,38,16.36,108.5
87887,Active,202366,NA,NA,D,6,1,5304298.298,97.95,2001,20,4,8.99
87888,Active,120969,NA,NA,D,2,1,861018.285,42,1997,37,4,21.88
87889,Active,244983,NA,NA,D,3,1,1111806.601,145.95,2003,35,4,13.51
87890,Active,917108,NA,NA,D,3,1,4979814.046,39.95,2001,31,4,23.93
87891,Active,527048,NA,NA,D,4,1,2039045.111,200,2002,25,26.79,65.38
87892,Active,368667,NA,NA,D,3,1,6504188.329,55,2003,13,5.46,49.26
87893,Active,867798,NA,NA,D,14,1,196331.3488,152,2014,23,83.99,92.99
87894,Active,800159,NA,NA,D,1,0,3231306.546,112,2007,12,29.02,81.3
87895,Active,2105078,NA,NA,D,0,0,613580.4325,62.99,2013,22,36.53,37.49
87896,Active,2104971,NA,NA,D,0,0,1015592.488,62.99,2013,15,40.44,40.97
87897,Active,633938,NA,NA,D,1,0,895162.14,150.9,2009,27,9.99,63.65
87898,Active,118661,NA,NA,D,2,1,3117702.636,176,2007,27,4.56,73.53
87899,Active,117514,NA,NA,D,7,1,242657.2163,88.6,2003,130,4.48,25.99
87900,Active,905972,NA,NA,D,7,1,1606933.259,73.99,2007,23,4.92,55.39
87901,Active,642498,NA,NA,D,7,1,583994.0238,116.79,2009,37,24.02,103.56
87902,Active,1516664,NA,NA,D,5,1,844113.58,261.6,2012,32,35.55,205.96
87903,Active,169664,NA,NA,D,11,1,1344588.076,343.95,2007,28,9.11,56.01
87904,Active,587540,NA,NA,D,6,1,296459.085,154.95,2011,43,30.39,73.93
87905,Active,895306,NA,NA,D,0,0,936901.6575,27.99,2009,24,11.85,21.61
87906,Active,2255298,NA,NA,D,3,1,6238642.379,109.7,2011,28,51.69,105.68
87907,Active,536408,NA,NA,D,4,1,17430.71625,143,2012,28,86.93,99.33
87908,Active,2498007,NA,NA,D,0,0,2494540.474,59.95,2004,17,5.46,72.65
87909,Active,279153,NA,NA,D,3,1,1992625.808,48.95,2006,67,3.99,6.99
87910,Active,159450,NA,NA,D,6,1,1582213.463,373,2004,18,31.98,130.44
87911,Active,268470,NA,NA,D,1,0,797322.8725,115,2007,23,36.15,103.9
87912,Active,3593086,NA,NA,D,2,1,5396741.45,249.95,2002,10,151.39,967.64
87913,Active,145940,NA,NA,D,2,1,815477.9488,210,2008,19,14.43,0
87914,Active,657841,NA,NA,D,19,1,139524.3675,286.75,2014,60,6.07,92.99
87915,Active,132954,NA,NA,D,6,1,1353813.065,180.67,2008,19,33.96,263.15
87916,Active,2252826,NA,NA,D,6,1,3058610.588,92.43,2008,42,11.21,36.17
87917,Active,737193,NA,NA,D,0,0,4269053.66,36,2004,17,4.39,23.99
87918,Active,454879,NA,NA,D,1,0,8655033.763,165,2010,13,64.3,128.29
87919,Active,865468,NA,NA,D,0,0,231693.565,73.99,2014,25,34.99,48.99
87920,Active,876046,NA,NA,D,11,1,1066790.053,208.67,2013,35,8.25,109.79
87921,Active,105292,NA,NA,D,0,0,6073601.093,7.16,2003,13,11.24,56.28
87922,Active,3795909,NA,NA,D,3,1,998699.2,92,2010,19,87.04,200.83
87923,Active,3273049,NA,NA,D,10,1,3431283.378,0,2005,27,7.56,60.97
87924,Active,1442068,NA,NA,D,2,1,1654717.53,241.75,2010,19,5.57,173.11
87925,Active,716500,NA,NA,D,9,1,4967451.494,272.4,2009,20,4,32.49
87926,Active,562104,NA,NA,D,5,1,579903.2588,226.95,2008,31,4.77,0
87927,Active,2261044,NA,NA,D,3,1,1709056.248,92.79,2012,33,17.46,79.95
87928,Active,874559,NA,NA,D,5,1,907193.3063,112.77,2011,27,10.21,68.14
87929,Active,875265,NA,NA,D,2,1,2131585.511,35.7,2010,48,13.94,48.99
87930,Active,2270487,NA,NA,D,2,1,93306.235,49.63,2011,39,12.89,28.99
87931,Active,313877,NA,NA,D,6,1,2458137.914,91.8,2003,40,4,8.43
87932,Active,2558833,NA,NA,D,3,1,469632.6725,166,1995,23,50.08,168.99
87933,Active,912062,NA,NA,D,0,0,1907348.511,92.58,2007,28,5.48,75.1
87934,Active,3463943,NA,NA,D,2,1,2696889.9,80,1996,29,4.21,41.98
87935,Active,2429735,NA,NA,D,0,0,6267996.67,97.2,2001,11,12.43,15.5
87936,Active,3742723,NA,NA,D,2,1,3107267.75,129,2013,34,99.29,67.67
87937,Active,265864,NA,NA,D,4,1,5327503.335,119,2004,19,4.48,22.94
87938,Active,632140,NA,NA,D,6,1,27243.55375,137.5,2012,30,94.26,86.72
87939,Active,2564867,NA,NA,D,6,1,1486557.818,216.03,2001,28,15.02,73.05
87940,Active,203665,NA,NA,D,1,0,2494960.396,54.95,2005,47,4,4.76
87941,Active,57901,NA,NA,D,9,1,2111297.376,134,2006,28,3.98,23.99
87942,Active,871825,NA,NA,D,0,0,2996371.429,48,2002,18,8.65,71.03
87943,Active,2252644,NA,NA,D,4,1,198607.4,131.26,2010,34,0,0
87944,Active,705425,NA,NA,D,4,1,1131255.838,133.88,2011,29,41.17,127.88
87945,Active,1615949,NA,NA,D,1,0,983384.5838,44.99,2007,42,4,11.01
87946,Active,2043157,NA,NA,D,3,1,1372169.973,69.95,2012,6,43.98,69.95
87947,Active,2152475,NA,NA,D,0,0,1157570.651,95,2010,30,44,59.99
87948,Active,293814,NA,NA,D,3,1,2507986.795,53.95,2003,28,4,8.49
87949,Active,1586809,NA,NA,D,1,0,789883.5688,44.99,2006,27,27.96,39.1
87950,Active,3502923,NA,NA,D,4,1,2334668.8,65,2008,28,26.82,86.92
87951,Active,2535800,NA,NA,D,18,1,1614143.009,160,1999,15,14.48,48.99
87952,Active,859446,NA,NA,D,3,1,844499.9963,159.95,2006,21,93.04,345.81
87953,Active,880310,NA,NA,D,2,1,2255506.203,46.5,2011,38,7.12,62.95
87954,Active,543119,NA,NA,D,0,0,2240178.71,94.95,2006,31,4.56,51.99
87955,Active,2256393,NA,NA,D,5,1,5264623.601,16.43,2006,33,7.47,18.88
87956,Active,895726,NA,NA,D,1,0,1914668.235,121.95,2010,17,25.33,88.43
87957,Active,552847,NA,NA,D,1,0,1402092.82,108,2006,68,4,38.99
87958,Active,808959,NA,NA,D,9,1,463508.9513,53.87,2010,44,11.32,65.31
87959,Active,774245,NA,NA,D,1,0,3996123.751,38.79,2006,16,7.46,12.91
87960,Active,867039,NA,NA,D,3,1,346334.63,210.2,2013,67,5.53,39.99
87961,Active,536964,NA,NA,D,2,1,821950.79,172.67,2012,35,7.02,348.46
87962,Active,869709,NA,NA,D,2,1,2212038.236,83.99,2012,19,4,78.99
87963,Active,1434704,NA,NA,D,0,0,4436692.976,286.78,2008,17,4.24,29
87964,Active,572263,NA,NA,D,2,1,1984488.725,30.49,2006,22,5.11,23.84
87965,Active,631511,NA,NA,D,10,1,470417.1025,140.5,2011,47,13.52,24.21
87966,Active,130476,NA,NA,D,4,1,36529.75875,169.95,2011,67,49.98,68.99
87967,Active,536962,NA,NA,D,4,1,812478.8238,169.07,2011,20,74.16,459.84
87968,Active,423346,NA,NA,D,4,1,590158.7588,52.2,2010,28,13.01,50.97
87969,Active,649573,NA,NA,D,9,1,302738.1213,124.95,2013,35,13.32,52.99
87970,Active,484053,NA,NA,D,3,1,91960.7875,216.95,2012,40,53.07,81.39
87971,Active,2258080,NA,NA,D,8,1,359928.335,0,2012,45,9.82,78.64
87972,Active,149279,NA,NA,D,3,1,5871486.166,165,2003,15,36.14,93.49
87973,Active,627504,NA,NA,D,2,1,324012.2663,136.95,2008,48,57,98.86
87974,Active,871829,NA,NA,D,7,1,1683063.491,159.27,2010,35,56.92,156.22
87975,Active,699277,NA,NA,D,4,1,2229620.119,50.7,2011,19,23.95,44.9
87976,Active,540150,NA,NA,D,7,1,731344.95,188.47,2013,39,54.78,60.32
87977,Active,664442,NA,NA,D,6,1,454160.6375,92.95,2013,21,35.71,170.99
87978,Active,567736,NA,NA,D,1,0,1254447.518,109.95,2010,53,4,5.48
87979,Active,880387,NA,NA,D,9,1,291841.25,35.58,2010,32,14.56,35.58
87980,Active,110475,NA,NA,D,1,0,1356171.941,32.99,2007,42,4,31.38
87981,Active,879765,NA,NA,D,7,1,2353513.616,42.75,2006,43,6.09,76.61
87982,Active,699155,NA,NA,D,2,1,1842402.55,94.5,2010,9,34.99,46.98
87983,Active,199082,NA,NA,D,2,1,1354822.971,120,2004,12,48.94,120
87984,Active,800615,NA,NA,D,0,0,6094653.255,147,2008,10,33.97,179.11
87985,Active,663600,NA,NA,D,2,1,1001927.214,135.4,2013,23,7.39,0
87986,Active,133090,NA,NA,D,6,1,701746.1163,89,2009,11,14.04,28.99
87987,Active,585399,NA,NA,D,2,1,994196.5575,145,2007,25,25.53,33.99
87988,Active,2947942,NA,NA,D,0,0,4902.01625,49.99,2015,18,28.71,33.55
87989,Active,55792,NA,NA,D,1,0,3040821.918,54.95,2005,27,4,4.01
87990,Active,195877,NA,NA,D,2,1,212524.53,32,2010,18,20.28,22.39
87991,Active,60805,NA,NA,D,1,0,706951.4038,89.95,2005,35,4,28.32
87992,Active,157976,NA,NA,D,2,1,4297649.786,145,2005,11,4,135.89
87993,Active,203389,NA,NA,D,5,1,3579363.54,99,2000,29,4.35,55.49
87994,Active,2551355,NA,NA,D,3,1,2287216.696,470,2001,11,53.99,253.99
87995,Active,2264284,NA,NA,D,3,1,3090182.05,51.71,1900,29,19.03,43.51
87996,Active,147096,NA,NA,D,1,0,1857573.655,36.95,2004,33,4,29.93
87997,Active,3740659,NA,NA,D,0,0,2614903.05,49.95,2010,36,37.97,48.97
87998,Active,3694202,NA,NA,D,10,1,5111063.7,0,2012,25,4,83.99
87999,Active,623801,NA,NA,D,2,1,1316733.24,117.73,2012,20,15.65,602.99
88000,Active,119255,NA,NA,D,8,1,1538603.545,157.47,2011,28,17.88,483.09
88001,Active,3576553,NA,NA,D,0,0,684614.8,60,2007,30,39.45,41.53
88002,Active,2263598,NA,NA,D,9,1,2657941.881,64.44,2010,33,7.81,55.95
88003,Active,154054,NA,NA,D,1,0,1461445.474,7.28,2010,74,3.99,8.01
88004,Active,1957108,NA,NA,D,1,0,1979608.888,69.25,2012,4,33.97,104.4
88005,Active,288311,NA,NA,D,0,0,1933359.591,64.25,2009,12,5.14,37.83
88006,Active,775870,NA,NA,D,0,0,2773376.165,88.95,2005,15,33.59,179.33
88007,Active,544301,NA,NA,D,10,1,104354.0475,328.95,2013,39,81.99,267
88008,Active,109549,NA,NA,D,1,0,1998544.105,23.09,2004,24,5.48,33.99
88009,Active,873240,NA,NA,D,3,1,879592.5213,77.83,2013,50,12.15,77.82
88010,Active,2260492,NA,NA,D,7,1,1638681.211,205.73,2009,30,7.69,61.56
88011,Active,859579,NA,NA,D,0,0,2625117.996,24.17,2007,9,24.74,23.2
88012,Active,542008,NA,NA,D,13,1,1097529.355,178.95,2007,32,25.78,370
88013,Active,2432940,NA,NA,D,8,1,580015.42,35,2015,20,22.99,35
88014,Active,1597887,NA,NA,D,9,1,1077286.273,270.95,2010,38,5.62,74
88015,Active,255361,NA,NA,D,1,0,1448849.145,65,2006,55,4,4.95
88016,Active,891704,NA,NA,D,2,1,8529149.655,128,2005,12,18.45,0
88017,Active,246297,NA,NA,D,3,1,3050450.28,41.99,2004,15,4.97,48.22
88018,Active,699179,NA,NA,D,5,1,1082969.493,52.44,2010,14,23.72,35.34
88019,Active,3471980,NA,NA,D,4,1,3040322.55,115,1999,19,4.57,22.99
88020,Active,3475289,NA,NA,D,4,1,1962492.4,43.75,1991,32,4,44.03
88021,Active,131868,NA,NA,D,3,1,1890003.998,85,2004,28,4,675
88022,Active,738282,NA,NA,D,3,1,4977276.953,95,2002,13,21.85,26.04
88023,Active,1480254,NA,NA,D,10,1,542789.6225,87.95,2012,36,4.98,73.01
88024,Active,698416,NA,NA,D,3,1,8933306.791,41.42,2000,18,4.77,40.97
88025,Active,3817520,NA,NA,D,1,0,2846990.25,64.95,2002,23,40.44,79.98
88026,Active,2267137,NA,NA,D,0,0,5728857.45,79.47,2008,25,29.67,39.51
88027,Active,879694,NA,NA,D,0,0,3899511.274,140.3,2007,20,4.05,109.33
88028,Active,557197,NA,NA,D,6,1,5534205.918,101.2,2002,25,4,17.99
88029,Active,661916,NA,NA,D,1,0,2500882.135,125,2000,19,76.4,215.16
88030,Active,396008,NA,NA,D,4,1,816566.9813,59.95,2010,27,38.96,103.55
88031,Active,162587,NA,NA,D,0,0,89281.65375,135,2009,44,28.84,94.82
88032,Active,339708,NA,NA,D,3,1,1251792.748,177,2009,25,45.82,166.34
88033,Active,57870,NA,NA,D,8,1,579750.8438,134.95,2007,21,24.91,43.98
88034,Active,2071513,NA,NA,D,7,1,622346.5025,499.99,2009,16,92.78,204.97
88035,Active,3557212,NA,NA,D,3,1,1783115.15,49.75,1993,15,14.55,0
88036,Active,2530975,NA,NA,D,1,0,3374491.956,175,2000,19,35.38,89.03
88037,Active,1731803,NA,NA,D,22,1,6731686.68,323.95,2006,14,68.84,167.84
88038,Active,293342,NA,NA,D,0,0,1002219.21,29.95,2006,20,3.99,40.79
88039,Active,526470,NA,NA,D,19,1,224452.4875,209,2012,29,51.82,89.39
88040,Active,869979,NA,NA,D,0,0,1141464.171,29.95,2000,19,12.44,61.77
88041,Active,616379,NA,NA,D,0,0,1775722.765,39.95,2010,38,3.78,4.13
88042,Active,882901,NA,NA,D,1,0,7966361.924,46.45,2001,10,16.67,13.98
88043,Active,906850,NA,NA,D,1,0,1052229.013,81.2,2003,21,33.98,73.96
88044,Active,2601935,NA,NA,D,0,0,8757903.95,53,1996,4,12.68,0
88045,Active,108993,NA,NA,D,5,1,675279.8738,26.58,2004,26,11.97,56.83
88046,Active,2249992,NA,NA,D,3,1,1934918.555,66.64,2010,27,23.05,46.67
88047,Active,110609,NA,NA,D,4,1,104730.0438,148.05,2007,60,46.94,60.2
88048,Active,1680119,NA,NA,D,34,1,253632.8,105.25,2012,17,36.38,240.25
88049,Active,904607,NA,NA,D,3,1,2966690.069,195,2005,18,106.59,210.13
88050,Active,670546,NA,NA,D,1,0,446159.2688,89.99,2012,32,35.09,81.19
88051,Active,2614549,NA,NA,D,0,0,4339129.096,128,2003,18,13.14,37.35
88052,Active,662636,NA,NA,D,4,1,1495937.723,43,2010,13,27.98,2346.73
88053,Active,265948,NA,NA,D,0,0,3236969.966,134,2005,22,4.59,13.99
88054,Active,2263012,NA,NA,D,3,1,3992218.85,0,2009,10,0,0
88055,Active,534361,NA,NA,D,1,0,4026728.946,80.95,2003,34,4,8.97
88056,Active,873993,NA,NA,D,1,0,2286137.505,84.88,2010,25,21.64,79.46
88057,Active,194993,NA,NA,D,0,0,2009634.508,29.95,2005,36,4,0
88058,Active,526357,NA,NA,D,10,1,282921.9238,184,2011,26,33.95,151.03
88059,Active,526352,NA,NA,D,0,0,2271023.493,43,2009,33,4.33,20.43
88060,Active,1651616,NA,NA,D,2,1,2309308.924,67.95,2006,13,53.97,179.35
88061,Active,536672,NA,NA,D,9,1,831269.9475,103.6,2014,18,19.29,93.93
88062,Active,2252443,NA,NA,D,7,1,310451.695,67.82,2010,30,18.36,75.67
88063,Active,2253343,NA,NA,D,6,1,2403361.069,81.77,2010,41,7.48,73.58
88064,Active,165872,NA,NA,D,3,1,1953090.055,76,2004,36,4,50.73
88065,Active,2111664,NA,NA,D,0,0,1545621.961,39.18,2015,6,34.07,37.4
88066,Active,723231,NA,NA,D,0,0,3672335.049,122.95,2008,14,16.94,38.72
88067,Active,879893,NA,NA,D,1,0,2282594.339,63.95,2005,20,4,10.99
88068,Active,2258082,NA,NA,D,0,0,2620327.275,50.63,2012,29,18.49,23.99
88069,Active,633492,NA,NA,D,7,1,625883.6913,212.58,2003,40,29.65,103.89
88070,Active,897987,NA,NA,D,0,0,5695080.4,0,2006,16,42.39,0
88071,Active,619547,NA,NA,D,7,1,43118.8275,275.95,2013,61,59.08,106.47
88072,Active,1594110,NA,NA,D,1,0,3702577.019,175,2009,44,46.22,91.55
88073,Active,496289,NA,NA,D,0,0,1086784.409,42.99,2008,18,15.62,27.97
88074,Active,567790,NA,NA,D,7,1,225620.5888,386.85,2012,44,13.95,118.55
88075,Active,526278,NA,NA,D,7,1,94989.9875,178.95,2010,90,6.79,35.36
88076,Active,1473384,NA,NA,D,0,0,3699330.803,185,2009,13,29.13,29.82
88077,Active,526252,NA,NA,D,3,1,280138.7513,152,2010,26,78.83,109.06
88078,Active,1839647,NA,NA,D,2,1,1763427.084,68.99,2007,19,32.58,84.12
88079,Active,2252520,NA,NA,D,4,1,1141606.989,503.97,2009,32,51.43,274.05
88080,Active,877116,NA,NA,D,1,0,1093106.271,10.3,2008,90,4,9.93
88081,Active,3731873,NA,NA,D,0,0,6917047.2,0,2010,22,5.37,53.94
88082,Active,2829734,NA,NA,D,0,0,8743640.5,49.95,2003,6,23.94,41.28
88083,Active,576680,NA,NA,D,1,0,713583.3225,138.95,2009,19,39.89,93.98
88084,Active,860487,NA,NA,D,14,1,1579481.069,188.33,2011,29,7.81,183.98
88085,Active,50042,NA,NA,D,9,1,3320977.73,102.25,2003,31,4,13.49
88086,Active,2423311,NA,NA,D,2,1,1778655.169,6.96,1979,23,4.96,160.39
88087,Active,265959,NA,NA,D,1,0,1330986.631,172,2005,28,15.38,117.97
88088,Active,899519,NA,NA,D,0,0,2483414.5,74.99,2011,11,43.22,36.56
88089,Active,873118,NA,NA,D,3,1,872251.0688,204.95,2012,18,64.96,137.01
88090,Active,795006,NA,NA,D,7,1,1127708.218,141.95,2011,10,42.34,0
88091,Active,130917,NA,NA,D,7,1,861023.5175,80,2011,28,14.13,77.43
88092,Active,644590,NA,NA,D,8,1,351364.5925,124.95,2012,28,13.98,123.13
88093,Active,2432019,NA,NA,D,0,0,7138933.45,95.66,1900,8,12.08,148.1
88094,Active,897721,NA,NA,D,1,0,2566028.701,71.99,2012,12,61.54,125.07
88095,Active,699307,NA,NA,D,0,0,3356319.115,38.99,2011,15,12.64,38.99
88096,Active,285549,NA,NA,D,1,0,988496.005,158.12,2010,25,13.24,151.67
88097,Active,657901,NA,NA,D,9,1,75854.27625,107.95,2013,42,36.62,90.14
88098,Active,526205,NA,NA,D,7,1,1369632.804,54,2008,16,36.53,110.56
88099,Active,710485,NA,NA,D,4,1,1135675.928,78,1999,17,11.97,13.83
88100,Active,646493,NA,NA,D,0,0,3659431.739,119,2008,15,48.62,47.63
88101,Active,2578450,NA,NA,D,0,0,1066325.25,740,1987,27,37.93,84.93
88102,Active,538620,NA,NA,D,9,1,27885.47625,196.75,2013,44,63.99,96.61
88103,Active,763525,NA,NA,D,1,0,835864.7075,55.95,1997,15,47.38,103.99
88104,Active,540056,NA,NA,D,6,1,53366.57,145.4,2010,96,37.28,93.76
88105,Active,2926210,NA,NA,D,13,1,268559.2463,63.95,2015,8,74.97,58.95
88106,Active,871950,NA,NA,D,8,1,1109169.609,24.9,2011,31,8.24,14.92
88107,Active,2262707,NA,NA,D,0,0,6907051.528,144.41,2008,31,33.05,199.91
88108,Active,911697,NA,NA,D,0,0,696945.815,49.95,2007,20,26.21,32.66
88109,Active,285182,NA,NA,D,13,1,6952099.885,34.69,2002,15,5.14,21.99
88110,Active,288396,NA,NA,D,3,1,1412530.459,160,2004,39,4.2,29.71
88111,Active,193359,NA,NA,D,0,0,1823613.596,131,2005,16,9.79,38.98
88112,Active,416666,NA,NA,D,0,0,2156173.358,202,2007,15,16.99,42.54
88113,Active,278843,NA,NA,D,0,0,2615463.803,44.95,2004,37,4,8.98
88114,Active,658246,NA,NA,D,3,1,433585.5025,59.99,2012,24,38.92,40.94
88115,Active,924465,NA,NA,D,0,0,391691.4863,218.95,2015,19,133.61,141.67
88116,Active,132688,NA,NA,D,9,1,751318.1913,107.8,2009,25,34.96,68.92
88117,Active,288200,NA,NA,D,3,1,1739115.25,49.7,1995,41,4.11,43.51
88118,Active,715805,NA,NA,D,2,1,3195509.341,169.4,2011,11,67.13,490.67
88119,Active,60875,NA,NA,D,1,0,1999243.828,157.95,2008,35,4,13.16
88120,Active,637544,NA,NA,D,4,1,22134.0125,244.6,2013,66,65.3,113.99
88121,Active,132740,NA,NA,D,4,1,407447.6075,222.6,2008,79,59.65,141.85
88122,Active,60879,NA,NA,D,13,1,460582.4875,192.5,2006,50,6.23,50.01
88123,Active,898792,NA,NA,D,0,0,596806.6138,99,2013,20,70.29,91.8
88124,Active,536428,NA,NA,D,12,1,467318.7338,229.2,2012,42,19.26,221.31
88125,Active,3523746,NA,NA,D,6,1,5011747.45,205.9,2010,9,18.23,0
88126,Active,545154,NA,NA,D,7,1,408426.215,45.68,2008,42,4.97,34.95
88127,Active,148744,NA,NA,D,11,1,445838.3163,218.95,2010,38,31.67,92.26
88128,Active,671419,NA,NA,D,0,0,1916253.576,99,2010,14,78.86,74.93
88129,Active,795682,NA,NA,D,9,1,133161.3313,186.95,2012,36,23.21,52.48
88130,Active,795737,NA,NA,D,9,1,851489.115,72.88,2012,34,14.98,33.99
88131,Active,608524,NA,NA,D,4,1,2266277.986,66.95,2001,27,4,7.04
88132,Active,885357,NA,NA,D,1,0,5086499.235,259,2010,14,119.03,239.48
88133,Active,924427,NA,NA,D,6,1,50259.26375,55.75,2014,76,12.95,18.99
88134,Active,534643,NA,NA,D,0,0,749151.18,114.51,2012,33,4,8.09
88135,Active,865099,NA,NA,D,2,1,3576283.376,44.95,2009,11,25.42,106.75
88136,Active,204276,NA,NA,D,1,0,1683924.621,49.99,2003,49,4,10.03
88137,Active,3558659,NA,NA,D,12,1,2014621.55,164.16,1972,28,4.97,61.77
88138,Active,118321,NA,NA,D,3,1,75981.68,137.33,2011,35,82.99,98.29
88139,Active,286319,NA,NA,D,3,1,944893.9,137.33,2011,16,135.98,0
88140,Active,877918,NA,NA,D,4,1,131528,23.88,2012,15,34.97,53.54
88141,Active,875507,NA,NA,D,2,1,431795.1113,0,2015,16,22.78,93.98
88142,Active,876725,NA,NA,D,15,1,1381400.2,190,2014,30,42.44,142.34
88143,Active,184468,NA,NA,D,4,1,1773159.903,104.95,2002,38,4.53,13.96
88144,Active,793648,NA,NA,D,0,0,4196048.565,59.95,2002,27,4,10.04
88145,Active,2256641,NA,NA,D,2,1,2523055.209,192.27,2008,19,17.41,127.45
88146,Active,864981,NA,NA,D,2,1,2008964.225,50,2013,19,33.35,36.25
88147,Active,2444203,NA,NA,D,2,1,423447.1388,24.97,1999,113,5.9,35.86
88148,Active,525980,NA,NA,D,2,1,1580576.489,41.95,2009,11,27.32,255.05
88149,Active,861695,NA,NA,D,0,0,317214.6425,110.95,2013,29,59.94,71.99
88150,Active,764324,NA,NA,D,4,1,1136247.31,112.95,2004,34,4,28.98
88151,Active,567546,NA,NA,D,8,1,1448850.696,98.95,2008,31,4.85,13.85
88152,Active,608476,NA,NA,D,8,1,1175458.369,118.95,2006,24,13.45,26.99
88153,Active,50027,NA,NA,D,3,1,1841125.014,61,2000,70,4,7.98
88154,Active,107357,NA,NA,D,1,0,1316303.561,16.99,2005,43,4,16.99
88155,Active,525758,NA,NA,D,2,1,375719.8763,151.95,2010,39,13.94,49.97
88156,Active,869009,NA,NA,D,8,1,2202836.303,87.44,2012,16,4,218.07
88157,Active,908466,NA,NA,D,3,1,2308161.963,17.99,2003,20,4.87,17.99
88158,Active,2254298,NA,NA,D,4,1,1741100.423,101.24,2009,23,46.21,105.47
88159,Active,1929979,NA,NA,D,0,0,1944709.125,49.99,2013,15,46.89,42.64
88160,Active,1929987,NA,NA,D,0,0,3674557.66,59.99,2013,13,53.24,50.38
88161,Active,54427,NA,NA,D,4,1,994599.8888,37.85,2009,60,4,39.98
88162,Active,572112,NA,NA,D,1,0,2435547.95,133.95,2005,39,4,10.74
88163,Active,1577361,NA,NA,D,0,0,4104307.061,54.99,2006,11,23.94,48.24
88164,Active,58214,NA,NA,D,5,1,2891584.33,23.24,2005,38,3.96,14.92
88165,Active,2251731,NA,NA,D,6,1,2462324.8,31.18,2008,27,0,0
88166,Active,2001616,NA,NA,D,0,0,2656964.769,85,2015,6,74.75,71.09
88167,Active,867949,NA,NA,D,4,1,71718.18625,77.89,2014,47,18.18,75.89
88168,Active,3805689,NA,NA,D,2,1,916574.45,85,2015,48,65.99,68.39
88169,Active,2031304,NA,NA,D,2,1,2414593.054,79.99,2007,12,48.48,53.99
88170,Active,2436524,NA,NA,D,1,0,1220816.538,201.5,2004,30,14.22,56.01
88171,Active,482530,NA,NA,D,1,0,1471920.755,55,2010,32,22.93,28.98
88172,Active,2250001,NA,NA,D,6,1,617835.15,53.72,2007,31,0,0
88173,Active,2256970,NA,NA,D,21,1,445650.7788,22.99,2009,31,11.42,15.68
88174,Active,875032,NA,NA,D,3,1,5990319.006,133.25,2010,13,21.92,76.67
88175,Active,2260743,NA,NA,D,3,1,2653727.099,57.52,2010,22,8.4,22.59
88176,Active,914038,NA,NA,D,8,1,1644120.608,51.99,2008,27,4,42.26
88177,Active,906286,NA,NA,D,1,0,3752146.628,145,2009,20,36.78,105.73
88178,Active,910514,NA,NA,D,0,0,2853895.99,42,2005,27,4,10.07
88179,Active,2920188,NA,NA,D,4,1,2429964.13,51.74,2011,10,24.99,51.68
88180,Active,218053,NA,NA,D,9,1,773416.9038,129.95,2007,35,49.07,122.24
88181,Active,875426,NA,NA,D,5,1,272545.6038,104.71,2012,8,78.99,57.28
88182,Active,898316,NA,NA,D,7,1,7607923.388,120.8,2011,22,13.12,119.67
88183,Active,540841,NA,NA,D,8,1,979806.4425,137.93,2013,16,69.77,141.92
88184,Active,861014,NA,NA,D,4,1,1728642.675,137.93,2012,28,31.32,0
88185,Active,120182,NA,NA,D,14,1,17697.5975,161.4,2011,55,43.98,93.99
88186,Active,3841106,NA,NA,D,0,0,5234799.85,99,1992,17,50.59,203.54
88187,Active,608589,NA,NA,D,9,1,4002525.579,48.95,2002,29,4,13.43
88188,Active,879597,NA,NA,D,12,1,17738.76,191.2,2015,100,10.99,43.99
88189,Active,891531,NA,NA,D,7,1,4751986.225,82,2003,14,6.79,57.95
88190,Active,2090186,NA,NA,D,0,0,62959.66625,49.99,2012,49,22.34,141.27
88191,Active,2090212,NA,NA,D,0,0,231686.3725,49.99,2013,21,22.88,35.42
88192,Active,2258851,NA,NA,D,7,1,2527697.42,74.06,2007,33,12.02,77.56
88193,Active,794429,NA,NA,D,0,0,7284910.478,140,2007,15,28.07,89.27
88194,Active,878075,NA,NA,D,8,1,575671.04,99.95,2013,35,36.66,96.66
88195,Active,1509801,NA,NA,D,9,1,13257311.85,0,2006,5,5.1,0
88196,Active,612247,NA,NA,D,13,1,577056.0325,94.99,2012,8,63.98,94.98
88197,Active,871245,NA,NA,D,8,1,4806144.111,52.95,2001,18,7.59,23.61
88198,Active,2256244,NA,NA,D,8,1,2479331.505,197.73,2011,31,32.58,192.23
88199,Active,764603,NA,NA,D,4,1,7282903.743,46.95,1999,18,3.99,52.58
88200,Active,912693,NA,NA,D,1,0,1335658.229,24,2002,28,4.99,13.89
88201,Active,888727,NA,NA,D,14,1,1485231.755,187.95,2011,13,41.69,0
88202,Active,880200,NA,NA,D,0,0,890359.8375,33.61,2006,34,12.99,84.9
88203,Active,861018,NA,NA,D,4,1,1999004.138,99.33,2012,15,19.99,129.29
88204,Active,714749,NA,NA,D,2,1,2891119.138,59.67,2002,24,4,14.95
88205,Active,569163,NA,NA,D,6,1,1174071.513,63,2009,37,4,27.12
88206,Active,60936,NA,NA,D,8,1,3169340.874,150.75,2006,18,4.96,5.84
88207,Active,709770,NA,NA,D,0,0,285788.4475,122.12,2011,52,39.98,104.49
88208,Active,2251131,NA,NA,D,13,1,1521520.82,97.75,2006,40,12.35,86.87
88209,Active,769874,NA,NA,D,1,0,4414052.261,119.78,2002,20,5.17,73.09
88210,Active,635598,NA,NA,D,5,1,17474.31,68.75,2013,77,19.47,38.99
88211,Active,109406,NA,NA,D,11,1,1536253.3,23.98,1900,20,13.98,73.29
88212,Active,656251,NA,NA,D,14,1,851666.265,250,2008,26,96.97,235.49
88213,Active,517178,NA,NA,D,0,0,1033179.593,62.95,2008,24,38.88,0
88214,Active,557029,NA,NA,D,10,1,850277.225,176,2011,31,36.5,128.99
88215,Active,55592,NA,NA,D,1,0,3521358.593,41.97,2004,42,4,42.07
88216,Active,2262873,NA,NA,D,11,1,103667.365,113.74,2011,30,16,73.95
88217,Active,203282,NA,NA,D,0,0,1039727.84,44.99,2002,28,11.97,38.99
88218,Active,674755,NA,NA,D,6,1,2204316.056,28.5,1991,57,3.98,17.99
88219,Active,1466037,NA,NA,D,2,1,3517181.229,150,2007,12,61.72,60.07
88220,Active,271060,NA,NA,D,4,1,54368.38875,105,2011,43,44.68,80.37
88221,Active,432562,NA,NA,D,6,1,1441086.003,160.82,2010,21,13.99,114.73
88222,Active,2257750,NA,NA,D,14,1,4121838.969,74.05,2011,40,11.11,52.47
88223,Active,2605916,NA,NA,D,0,0,2635687.988,90,2000,22,23.98,105.96
88224,Active,1592313,NA,NA,D,1,0,4599615.025,170,2008,17,40.43,40.46
88225,Active,518363,NA,NA,D,0,0,4886269.143,259.99,2009,15,23.98,143.85
88226,Active,182845,NA,NA,D,5,1,993815.4688,74.36,2003,50,4,13.99
88227,Active,807819,NA,NA,D,0,0,2542319.02,74.99,2008,18,15.09,48.79
88228,Active,2253092,NA,NA,D,0,0,421392.6438,23.48,2008,40,5.58,19.97
88229,Active,877232,NA,NA,D,0,0,914825.3125,42.24,2006,28,17.03,47.67
88230,Active,802397,NA,NA,D,4,1,333793.68,61.95,2006,35,20.6,31.99
88231,Active,1469149,NA,NA,D,4,1,2842527.434,79.95,2009,17,32.16,163.44
88232,Active,53563,NA,NA,D,3,1,851773.44,149.95,2008,42,4.78,320.73
88233,Active,2722145,NA,NA,D,1,0,4917044.138,98,2002,37,4,70.57
88234,Active,872104,NA,NA,D,3,1,858636.5338,185.95,2006,24,24.31,88.42
88235,Active,265342,NA,NA,D,4,1,766895.3825,65,2003,26,10.12,39.42
88236,Active,552257,NA,NA,D,3,1,1890346.416,42.4,2004,31,4,11
88237,Active,859322,NA,NA,D,0,0,5399446.196,239,2005,15,85.99,79.63
88238,Active,54908,NA,NA,D,1,0,1237592.261,71.4,2009,25,4,21.98
88239,Active,125819,NA,NA,D,1,0,2326505.143,65,2003,35,4,39.99
88240,Active,902802,NA,NA,D,0,0,920780.5788,56,2009,12,24.44,40.6
88241,Active,183066,NA,NA,D,3,1,4263409.374,120.95,2004,19,4.09,70.29
88242,Active,898070,NA,NA,D,1,0,5309123.634,99,1958,16,5.38,79.52
88243,Active,877691,NA,NA,D,12,1,2570266.765,104.21,2009,26,12.28,103.14
88244,Active,551099,NA,NA,D,13,1,492854.875,357.75,2012,26,25.19,183.99
88245,Active,2261800,NA,NA,D,6,1,934654.0688,85.17,2012,35,27.07,79.62
88246,Active,904427,NA,NA,D,0,0,1290093.696,35,1992,20,23.94,73.94
88247,Active,2648417,NA,NA,D,1,0,9692416.875,157.95,2001,13,42.32,119.33
88248,Active,212590,NA,NA,D,3,1,1379086.568,0,2005,68,4,98.09
88249,Active,791506,NA,NA,D,4,1,994409.2488,115,2006,74,4,16.75
88250,Active,879488,NA,NA,D,10,1,734831.475,239.43,2009,27,24.94,104.86
88251,Active,293817,NA,NA,D,1,0,1301474.203,99.95,2003,48,4.07,23.94
88252,Active,917629,NA,NA,D,1,0,784778.615,35.93,2003,26,5.88,28.99
88253,Active,871999,NA,NA,D,0,0,561348.81,48.99,2008,39,5.58,34.01
88254,Active,909272,NA,NA,D,1,0,1364484.161,129.95,2009,18,21.97,0
88255,Active,218067,NA,NA,D,3,1,310438.21,79.95,2009,31,26.49,33.98
88256,Active,3606914,NA,NA,D,3,1,1280682.8,34.95,2002,61,4,7.94
88257,Active,747584,NA,NA,D,1,0,4432609.408,65.67,2001,20,16.89,65.58
88258,Active,426467,NA,NA,D,3,1,4130890.894,67,2008,16,38.99,43.49
88259,Active,876399,NA,NA,D,5,1,619284.05,58.99,2011,33,9.99,58.99
88260,Active,111461,NA,NA,D,2,1,1077039.995,215,2009,16,12.34,83.99
88261,Active,2253539,NA,NA,D,5,1,674881.1275,40.99,2006,40,9.54,38.51
88262,Active,263189,NA,NA,D,5,1,1579404.923,79.95,2002,17,58.79,103.4
88263,Active,3463106,NA,NA,D,2,1,1686054.483,219.95,2012,24,33.14,136.61
88264,Active,616606,NA,NA,D,2,1,3475385.27,54.64,1973,34,4,8.95
88265,Active,886339,NA,NA,D,3,1,3139918.371,140,2012,18,25.29,112.83
88266,Active,3601999,NA,NA,D,0,0,2207309.9,38.5,2010,19,34.78,34.79
88267,Active,2256150,NA,NA,D,3,1,8087083.691,59.6,2009,32,38.25,94.89
88268,Active,2260693,NA,NA,D,11,1,7423045.636,81.69,2009,39,21.67,51.74
88269,Active,1771549,NA,NA,D,3,1,2970914.829,168.95,2011,15,32.43,43
88270,Active,918970,NA,NA,D,1,0,735022.3588,0,1960,48,4,56.3
88271,Active,622234,NA,NA,D,1,0,1403206.03,6182.67,1985,43,4,51.74
88272,Active,2255074,NA,NA,D,6,1,770742.4075,159.03,2011,41,16.82,116.87
88273,Active,2265683,NA,NA,D,6,1,2126105.35,191.71,1900,26,0,0
88274,Active,859604,NA,NA,D,1,0,463997.1825,102.2,2007,27,8.98,53.98
88275,Active,2028559,NA,NA,D,0,0,9179869.15,39.95,2007,9,19.88,103.94
88276,Active,877919,NA,NA,D,4,1,316883.6363,130,2014,26,35.35,47.24
88277,Active,3490196,NA,NA,D,0,0,1500031.15,49.95,1989,70,8.97,39.69
88278,Active,162664,NA,NA,D,3,1,28500.39125,111.5,2010,34,61.97,66.98
88279,Active,60970,NA,NA,D,5,1,1614534.009,129.6,2003,57,4,8.99
88280,Active,576060,NA,NA,D,0,0,2658412.415,135,2012,3,102.78,0
88281,Active,2866621,NA,NA,D,3,1,266745.46,44.95,2000,24,32.99,65.98
88282,Active,2014107,NA,NA,D,0,0,1501988.5,39.95,2012,17,19.37,24.49
88283,Active,528714,NA,NA,D,10,1,55283.8475,372.95,2011,53,59.84,153.94
88284,Active,1908258,NA,NA,D,9,1,2017984.38,112,2010,31,8.64,191.18
88285,Active,109627,NA,NA,D,1,0,1197352.893,10.99,2005,41,4,21.99
88286,Active,861765,NA,NA,D,10,1,2297784.489,225,2013,13,15.23,175.64
88287,Active,880059,NA,NA,D,4,1,1243126.126,164.31,2008,31,6.51,41.5
88288,Active,745324,NA,NA,D,4,1,2320917.78,261.75,2007,26,5.29,51.79
88289,Active,508789,NA,NA,D,6,1,2414140.383,69.95,2004,25,51.07,140.56
88290,Active,876390,NA,NA,D,5,1,2327580.549,127.96,2007,49,17.69,56.24
88291,Active,53550,NA,NA,D,4,1,766112.7638,14.19,2005,63,4.3,16.19
88292,Active,144327,NA,NA,D,0,0,72116.92,132,2001,65,40.56,78.99
88293,Active,797462,NA,NA,D,0,0,2274011.434,79.99,2013,16,15.29,19.99
88294,Active,551100,NA,NA,D,13,1,425065.7275,265,2012,29,26.99,253.84
88295,Active,1645409,NA,NA,D,0,0,3005212.614,85,2009,11,25.14,85
88296,Active,544341,NA,NA,D,12,1,25423.33,263.95,2013,67,53.51,105.84
88297,Active,540809,NA,NA,D,3,1,1265947.87,65,2013,30,5.67,61.73
88298,Active,54599,NA,NA,D,9,1,2637555.903,12.96,2006,31,4,23.94
88299,Active,3245132,NA,NA,D,3,1,5204148.246,78.86,2003,27,13.07,67.08
88300,Active,2387361,NA,NA,D,2,1,1624636.245,54.67,1991,11,53.69,164.9
88301,Active,723073,NA,NA,D,2,1,477534.485,72.95,2007,15,23.4,52.94
88302,Active,1472575,NA,NA,D,1,0,4671523.791,165,2009,41,38.99,73
88303,Active,2263922,NA,NA,D,1,0,1315290.089,47.85,1900,30,12.49,45.44
88304,Active,2251283,NA,NA,D,4,1,1272556.628,54.33,2010,35,10.55,35.91
88305,Active,806887,NA,NA,D,0,0,950984.3488,49.99,2009,23,18.35,63.96
88306,Active,1658295,NA,NA,D,1,0,3759449.541,63.43,2010,21,8.89,73.33
88307,Active,2587668,NA,NA,D,0,0,1253129.078,109.99,1958,25,9.52,73.85
88308,Active,121708,NA,NA,D,3,1,407108.2275,183,1999,35,33.07,133.2
88309,Active,2700426,NA,NA,D,4,1,532721.5475,205.97,2001,21,5.03,57.95
88310,Active,874672,NA,NA,D,8,1,88774.215,71,2015,42,36.99,49.42
88311,Active,289429,NA,NA,D,9,1,1973827.665,91.19,2005,23,5.87,48.99
88312,Active,154055,NA,NA,D,10,1,48100.2775,65.08,2010,87,8.97,61.53
88313,Active,54535,NA,NA,D,9,1,339933.3888,88,2005,167,4,9.29
88314,Active,2278618,NA,NA,D,7,1,516994,0,1900,10,0,0
88315,Active,3635052,NA,NA,D,0,0,217003,79.95,2016,12,34.94,45.97
88316,Active,3635048,NA,NA,D,0,0,285892,45.95,2017,13,29.37,29.99
88317,Active,722274,NA,NA,D,0,0,1973200.218,49.99,1998,13,22.94,27.73
88318,Active,2405365,NA,NA,D,1,0,533687.6625,75,1993,42,11.24,50.74
88319,Active,903283,NA,NA,D,2,1,4340767.985,45,2004,15,6.08,42.79
88320,Active,637034,NA,NA,D,0,0,1178199.453,59.99,2010,32,6.55,40.42
88321,Active,629087,NA,NA,D,4,1,107373.4425,204.8,2013,45,63.74,104.39
88322,Active,879406,NA,NA,D,0,0,1776807.873,66.65,2009,19,5.79,53.99
88323,Active,607035,NA,NA,D,13,1,1198159.765,151.95,2009,29,4,50.87
88324,Active,607169,NA,NA,D,4,1,710053.8875,37.6,2001,36,4,8.45
88325,Active,134888,NA,NA,D,3,1,1353922.853,135,2011,18,17.98,45
88326,Active,860926,NA,NA,D,8,1,1142171.235,103.47,2012,28,15.28,192.33
88327,Active,917097,NA,NA,D,3,1,3635175.591,27.95,2003,23,4,7.63
88328,Active,1971311,NA,NA,D,0,0,872277.8875,14.98,2012,14,7.54,14.97
88329,Active,2283598,NA,NA,D,0,0,33607.2,33.98,2013,28,0,0
88330,Active,2299589,NA,NA,D,0,0,529896,0,1900,7,0,0
88331,Active,2257764,NA,NA,D,3,1,1530361.55,0,2006,16,0,0
88332,Active,622661,NA,NA,D,3,1,158665.35,109,2010,60,16.33,83.65
88333,Active,774281,NA,NA,D,1,0,423521.6838,130.25,2008,46,15.95,74.16
88334,Active,3544192,NA,NA,D,0,0,1795867.55,49.95,2010,37,40.22,45.62
88335,Active,879293,NA,NA,D,8,1,1618394.174,55.33,2010,46,9.05,28.09
88336,Active,712197,NA,NA,D,2,1,2917348.315,21.8,2003,24,4,13.99
88337,Active,276629,NA,NA,D,0,0,1316567.614,42,2003,25,4,67.25
88338,Active,287410,NA,NA,D,7,1,405885.0875,119.95,2011,23,52.74,101.58
88339,Active,1534785,NA,NA,D,4,1,165897.7288,74.55,2014,25,34.83,65.08
88340,Active,3256744,NA,NA,D,3,1,2664691.518,122.72,2005,34,27.73,73.97
88341,Active,2587319,NA,NA,D,1,0,3802189.721,89.99,2005,19,54.97,77
88342,Active,722402,NA,NA,D,0,0,2661579.159,44.99,2006,13,12.94,102.99
88343,Active,2260338,NA,NA,D,9,1,5620550.513,0,2007,14,13.53,73.46
88344,Active,3303130,NA,NA,D,1,0,3564603.55,73.59,1900,29,7.48,78.26
88345,Active,121279,NA,NA,D,10,1,46177.53875,186,2011,38,62.14,114.98
88346,Active,110734,NA,NA,D,1,0,974489.4838,17.49,2009,74,4,14.78
88347,Active,699061,NA,NA,D,1,0,1702879.659,48.35,2008,20,4.44,48.32
88348,Active,2790545,NA,NA,D,1,0,730320.6325,68.24,1989,35,4.59,44.99
88349,Active,913921,NA,NA,D,0,0,2767698.419,75,2006,20,50.29,72.87
88350,Active,206180,NA,NA,D,1,0,953770.9075,55,2007,18,29.29,67.75
88351,Active,877944,NA,NA,D,7,1,1172186.875,19.35,2002,45,5.58,28.99
88352,Active,52733,NA,NA,D,2,1,2724577.541,10.36,2002,50,4,10.36
88353,Active,800365,NA,NA,D,1,0,2525945.05,129,2006,16,41.32,92.88
88354,Active,199581,NA,NA,D,2,1,2097183.668,57.95,2004,33,3.99,6.17
88355,Active,557504,NA,NA,D,6,1,3084606.048,91.13,2009,23,13.6,237.74
88356,Active,625628,NA,NA,D,10,1,41903.28875,102.25,2013,72,13.05,54.47
88357,Active,141890,NA,NA,D,8,1,644542.4563,2657.49,2007,18,5.97,73.85
88358,Active,201790,NA,NA,D,0,0,1989078.553,175,2011,22,31.87,75.1
88359,Active,193433,NA,NA,D,0,0,2240367.889,94.95,2004,22,4.98,19.99
88360,Active,875576,NA,NA,D,4,1,2105747.483,79.95,2003,16,10.6,21.19
88361,Active,279162,NA,NA,D,9,1,352891.6925,38.95,2006,53,4,9.99
88362,Active,2169357,NA,NA,D,4,1,1281803.296,165,2014,17,103.99,158.74
88363,Active,2860660,NA,NA,D,2,1,1125637.618,61.95,1995,34,6.2,21.38
88364,Active,1936305,NA,NA,D,6,1,4997113.326,48.15,2011,17,43.99,48.98
88365,Active,3729529,NA,NA,D,0,0,1475003.8,54.99,2013,57,21.88,28.97
88366,Active,3526523,NA,NA,D,3,1,4396539.6,152.95,2009,26,7.49,33.99
88367,Active,550762,NA,NA,D,3,1,2624088.489,73.99,2008,14,9.47,52.93
88368,Active,144957,NA,NA,D,1,0,1217647.096,110.2,2006,37,4,33.5
88369,Active,533478,NA,NA,D,10,1,403575.1938,152,2009,41,11.27,118.39
88370,Active,525176,NA,NA,D,7,1,1240526.199,73.99,2010,22,10.69,61.74
88371,Active,173504,NA,NA,D,0,0,1679847.141,89.99,2000,23,8.6,34.97
88372,Active,1482402,NA,NA,D,2,1,2166605.909,185.07,2009,23,34.01,168.75
88373,Active,874545,NA,NA,D,5,1,2922728.608,105.69,2008,14,22.06,105.67
88374,Active,3473885,NA,NA,D,3,1,1091459,103.33,2015,17,52.99,81.44
88375,Active,525007,NA,NA,D,5,1,93414.20625,158.95,2012,87,12.22,44.86
88376,Active,2253049,NA,NA,D,6,1,1692539.716,64.78,2009,41,6.96,15.89
88377,Active,802470,NA,NA,D,5,1,5408062.641,92.9,2006,15,4.76,31.94
88378,Active,2789946,NA,NA,D,1,0,73436.3225,55,2003,36,28.94,32.18
88379,Active,140441,NA,NA,D,0,0,1372380.436,49.99,2008,28,26.98,141.39
88380,Active,1537123,NA,NA,D,1,0,1773427.268,125,2006,11,17,73.05
88381,Active,53227,NA,NA,D,5,1,2323654.406,17.48,2004,13,4.4,4.99
88382,Active,261796,NA,NA,D,0,0,1805447.349,28.95,2000,24,6.74,28.98
88383,Active,638926,NA,NA,D,0,0,691906.0313,94,2012,26,29.45,33.98
88384,Active,889844,NA,NA,D,1,0,7929145.838,160,2005,11,28.16,116.01
88385,Active,877236,NA,NA,D,10,1,396591.3613,190.95,2012,31,60.99,142.13
88386,Active,633834,NA,NA,D,10,1,485313.1025,182.95,2012,33,24.6,134.1
88387,Active,647128,NA,NA,D,9,1,141606.9375,130.95,2012,24,62.99,69.39
88388,Active,3514955,NA,NA,D,0,0,5026750.8,129.95,1991,12,58.99,123.14
88389,Active,874471,NA,NA,D,5,1,1550883.945,71.44,2012,15,41.23,56.6
88390,Active,293283,NA,NA,D,3,1,79381.9,152,2010,76,43.96,86.76
88391,Active,261088,NA,NA,D,6,1,604581.2425,124.58,2008,21,31.31,0
88392,Active,614098,NA,NA,D,1,0,816295.5613,13.41,2009,33,4.24,13.13
88393,Active,132945,NA,NA,D,8,1,1837513.57,87.27,2008,21,13.2,73.78
88394,Active,179231,NA,NA,D,9,1,6062558.839,0,2008,21,4,0
88395,Active,156395,NA,NA,D,1,0,2702284.526,185,2000,19,4.98,161.91
88396,Active,548804,NA,NA,D,12,1,1654907.79,285,2008,14,43.46,384.58
88397,Active,3491556,NA,NA,D,0,0,635352,37,1999,84,4.13,9.78
88398,Active,647165,NA,NA,D,2,1,792631.0588,143.95,2012,25,34.71,203.98
88399,Active,626065,NA,NA,D,3,1,1640710.403,175,2010,22,78.85,167.31
88400,Active,801957,NA,NA,D,1,0,8474078.359,107,2010,15,13.68,51.89
88401,Active,889824,NA,NA,D,1,0,2319019.545,99,2004,15,89.99,357.15
88402,Active,743707,NA,NA,D,2,1,2651847.35,199,2005,16,49.87,52.31
88403,Active,650352,NA,NA,D,0,0,4314918.788,200,2008,17,78.98,83.98
88404,Active,2252412,NA,NA,D,8,1,3126221.236,201.66,2010,22,32.87,157.2
88405,Active,874408,NA,NA,D,2,1,4033757.153,317.5,1998,13,7.01,72.35
88406,Active,3839379,NA,NA,D,5,1,1095260.45,78.95,2014,33,33.99,36.65
88407,Active,906816,NA,NA,D,0,0,308212.595,10.99,2012,47,4,8.42
88408,Active,3575525,NA,NA,D,3,1,6091294.3,122,2000,12,35.33,108.32
88409,Active,880327,NA,NA,D,9,1,1296545.366,10.97,2009,32,4.06,10.97
88410,Active,656932,NA,NA,D,6,1,313010.1263,142.95,2012,37,36.04,108.61
88411,Active,921767,NA,NA,D,8,1,317771.99,24.55,2008,68,7.82,24.08
88412,Active,132196,NA,NA,D,6,1,3011824.704,84.4,2005,21,8.48,28.98
88413,Active,114509,NA,NA,D,2,1,580775.4325,57.8,2002,29,4,18.98
88414,Active,876059,NA,NA,D,6,1,499954.2238,502.2,2005,38,13.22,436.29
88415,Active,872320,NA,NA,D,0,0,1401415.394,33,2002,28,4,59.33
88416,Active,2253843,NA,NA,D,2,1,2150297.976,49.96,2007,26,8.23,44.51
88417,Active,795107,NA,NA,D,1,0,2708893.386,109.95,2011,13,76.64,114.95
88418,Active,861804,NA,NA,D,2,1,1046319.814,113.95,2013,20,15.27,80.99
88419,Active,887936,NA,NA,D,3,1,4659616.145,195,2003,11,29.83,38.98
88420,Active,869634,NA,NA,D,3,1,3128017.84,195.95,2012,12,45.73,179.34
88421,Active,3524388,NA,NA,D,4,1,11477383.75,0,2004,9,9.23,0
88422,Active,649713,NA,NA,D,5,1,447692.695,143.05,2012,33,64.15,124.58
88423,Active,55420,NA,NA,D,2,1,921642.7775,72.95,2004,47,4.98,7.95
88424,Active,850233,NA,NA,D,5,1,2568329.681,52.9,1999,37,3.88,16.99
88425,Active,917007,NA,NA,D,1,0,2633480.159,39.95,2000,55,4,9.99
88426,Active,443570,NA,NA,D,0,0,1852349.291,125,2008,11,28.23,33.98
88427,Active,576739,NA,NA,D,2,1,1062684.536,136.95,2011,23,47.99,174.09
88428,Active,2129691,NA,NA,D,2,1,1000004.099,64,2010,20,43.99,51.82
88429,Active,738122,NA,NA,D,4,1,2326074.516,55,2001,11,22.99,91.04
88430,Active,867300,NA,NA,D,0,0,17001.995,26.5,2014,21,18.98,23.98
88431,Active,3485033,NA,NA,D,2,1,2481287.9,59.65,1995,27,4,39.83
88432,Active,608424,NA,NA,D,5,1,8110452.344,150.95,2006,21,4.98,44.16
88433,Active,774252,NA,NA,D,2,1,4015377.639,47.22,2004,17,4,49.43
88434,Active,633156,NA,NA,D,13,1,157346.1238,209.2,2011,31,32.96,171.89
88435,Active,639660,NA,NA,D,13,1,167916.3438,157,2013,50,10.18,81.69
88436,Active,3474729,NA,NA,D,0,0,3958692.4,49.95,1997,30,4,48.51
88437,Active,889355,NA,NA,D,0,0,1775989.723,165,1994,13,25.99,98.98
88438,Active,698994,NA,NA,D,7,1,157104.3538,87,2009,16,31.99,47.98
88439,Active,2663593,NA,NA,D,2,1,5799235.548,27.95,1994,17,4.02,12.99
88440,Active,875532,NA,NA,D,6,1,1139850.591,58.99,2010,26,23.82,58.99
88441,Active,585532,NA,NA,D,0,0,313429.0075,35.95,2005,22,4.47,0
88442,Active,859086,NA,NA,D,2,1,575528.1575,115,2003,37,27.11,107.4
88443,Active,2650156,NA,NA,D,3,1,2520004.52,169.99,2005,11,103.98,188.98
88444,Active,2276335,NA,NA,D,0,0,6026035,0,2009,24,30.63,115.41
88445,Active,147197,NA,NA,D,6,1,4673617.998,59.95,2005,32,3.99,6.94
88446,Active,2260347,NA,NA,D,5,1,898168.1363,150.27,2010,26,30.63,73.58
88447,Active,877369,NA,NA,D,2,1,503792.0425,81.93,2014,21,37.81,78.7
88448,Active,639777,NA,NA,D,2,1,818410.7763,167.07,2012,36,29.44,129.46
88449,Active,878942,NA,NA,D,2,1,566529.4388,69.93,2014,27,20.83,69.93
88450,Active,629144,NA,NA,D,2,1,176799.6238,134.47,2012,39,16.99,93.99
88451,Active,649692,NA,NA,D,2,1,286594.8938,134.47,2012,59,20.2,105.36
88452,Active,215826,NA,NA,D,1,0,2179649.635,65,1997,36,5.98,116.35
88453,Active,1447993,NA,NA,D,3,1,2347610.411,122.8,2006,29,4.83,25.74
88454,Active,2256040,NA,NA,D,5,1,5821842.75,0,2010,19,0,0
88455,Active,873268,NA,NA,D,5,1,696436.8,41.81,2005,30,11.28,41.81
88456,Active,635695,NA,NA,D,3,1,212747.5675,108.5,2012,18,18.18,81.79
88457,Active,876776,NA,NA,D,4,1,180070.78,191.2,2015,66,13.99,53.98
88458,Active,1879637,NA,NA,D,6,1,5077716.89,465.95,2009,1,0,0
88459,Active,734184,NA,NA,D,0,0,1088928.531,33.28,2009,15,4,12.17
88460,Active,2249170,NA,NA,D,4,1,822249.8225,51.28,2006,27,21.98,64.4
88461,Active,2620839,NA,NA,D,6,1,1119946.616,27.95,2002,27,4,4.09
88462,Active,902303,NA,NA,D,1,0,1220686.849,131.95,2009,17,14.98,48.99
88463,Active,2259775,NA,NA,D,0,0,225544,0,2010,19,0,0
88464,Active,567430,NA,NA,D,3,1,1087532.929,200.95,2005,39,4,210.29
88465,Active,544385,NA,NA,D,8,1,106336.0663,233.95,2013,43,43.99,185.31
88466,Active,53660,NA,NA,D,14,1,2509073.374,78,2002,40,4,21.98
88467,Active,3513211,NA,NA,D,3,1,3121896.95,0,2012,9,12.84,192.87
88468,Active,1653685,NA,NA,D,0,0,8077932.538,124.95,2010,10,36.98,122.38
88469,Active,539325,NA,NA,D,9,1,557303.3538,192.8,2012,25,15.38,131.99
88470,Active,2124781,NA,NA,D,0,0,2075068.186,45,2009,18,12.52,59.65
88471,Active,642771,NA,NA,D,2,1,882885.2,79.95,2008,24,60.94,60.89
88472,Active,1570929,NA,NA,D,0,0,6459783.774,130,2012,3,90.41,72.33
88473,Active,918681,NA,NA,D,1,0,2865099.558,52,1995,44,4,13.99
88474,Active,2275414,NA,NA,D,7,1,2341008.55,91.38,2010,31,30.59,91.38
88475,Active,852342,NA,NA,D,2,1,8023921.205,68.09,2001,10,4.48,58.9
88476,Active,744072,NA,NA,D,9,1,614676.2588,138,2013,29,26.57,147.66
88477,Active,117284,NA,NA,D,0,0,599435.7725,20.6,2005,31,4,12.42
88478,Active,2253955,NA,NA,D,0,0,4399924.6,10.98,2009,47,0,0
88479,Active,147395,NA,NA,D,11,1,1712899.661,100.71,2007,14,22.34,48.99
88480,Active,108555,NA,NA,D,5,1,708619.0488,602.99,2003,23,19.99,74.51
88481,Active,541267,NA,NA,D,6,1,2102842.425,46.9,2002,23,4.09,23.89
88482,Active,536769,NA,NA,D,7,1,285308.9038,229.47,2012,60,50.53,142.99
88483,Active,2265335,NA,NA,D,0,0,7576433.666,35.11,2009,21,7.49,35.11
88484,Active,2272944,NA,NA,D,0,0,1062732.7,73.59,2009,27,20.03,73.59
88485,Active,535721,NA,NA,D,6,1,29394.9925,171,2012,122,13.38,23.94
88486,Active,55442,NA,NA,D,4,1,474833.67,211.8,2010,29,53.94,139.15
88487,Active,2299523,NA,NA,D,0,0,268137,0,1900,15,0,0
88488,Active,2299549,NA,NA,D,0,0,262351,0,1900,11,0,0
88489,Active,54460,NA,NA,D,1,0,782806.92,18.05,2002,99,4,8.99
88490,Active,1534834,NA,NA,D,3,1,1308964.764,0,2010,14,33.89,136.43
88491,Active,334034,NA,NA,D,3,1,891269.4163,133.65,2010,15,14.94,131.27
88492,Active,874999,NA,NA,D,9,1,975999.5025,106.67,2014,19,10.93,106.67
88493,Active,602439,NA,NA,D,5,1,2085258.656,34.95,2004,42,4,8.98
88494,Active,870458,NA,NA,D,7,1,1689890.864,36.87,2005,42,5.59,19.64
88495,Active,1481724,NA,NA,D,1,0,4528706.774,110.6,2008,18,12.89,18.81
88496,Active,557034,NA,NA,D,8,1,1102857.434,111.67,2011,17,12.7,24.09
88497,Active,141967,NA,NA,D,7,1,2415882.963,48.27,2010,26,4.4,23.99
88498,Active,878240,NA,NA,D,0,0,3728394.329,103.99,2007,20,4.09,103.99
88499,Active,53026,NA,NA,D,1,0,2262905.529,125.95,2006,55,4,4.36
88500,Active,871901,NA,NA,D,1,0,1562374.178,103.25,2011,23,4.41,87.99
88501,Active,3802391,NA,NA,D,0,0,1094560,49.99,2011,30,24.93,43.62
88502,Active,3793095,NA,NA,D,0,0,1530871.15,32.95,2002,19,11.78,43.68
88503,Active,2769698,NA,NA,D,0,0,110747.7338,18,1989,45,14.4,16.84
88504,Active,3829380,NA,NA,D,0,0,1585288.7,50,2012,14,13.71,32.99
88505,Active,1522534,NA,NA,D,2,1,2751570.515,35.95,2007,26,4.86,30.93
88506,Active,2697731,NA,NA,D,1,0,1950196.509,78.95,2003,17,19.28,63.79
88507,Active,904390,NA,NA,D,0,0,2139762.196,46.95,1999,21,4,13.88
88508,Active,1629799,NA,NA,D,1,0,4155565.55,37.95,2008,16,4.77,25.98
88509,Active,2186364,NA,NA,D,0,0,1767100.199,179,2010,22,117.74,119.33
88510,Active,635427,NA,NA,D,0,0,323008.9838,49.95,1997,44,26.44,49.62
88511,Active,201833,NA,NA,D,0,0,262048.455,71,2001,50,19.82,43.99
88512,Active,118431,NA,NA,D,1,0,861387.35,37.6,2007,42,4,8.98
88513,Active,247544,NA,NA,D,0,0,655136.645,38.95,2004,26,4,0
88514,Active,608669,NA,NA,D,6,1,2083316.779,58.95,1999,13,4.93,28.98
88515,Active,533241,NA,NA,D,3,1,1588810.9,39.95,2008,17,4.28,49.36
88516,Active,2039344,NA,NA,D,0,0,975329.69,140,2012,15,78.98,115.99
88517,Active,2724267,NA,NA,D,0,0,2098958.196,44.95,2000,31,4,14.96
88518,Active,2584275,NA,NA,D,0,0,3106071.28,209.28,1984,13,32.27,82.96
88519,Active,697084,NA,NA,D,0,0,1042692.366,51.95,2001,33,4,0
88520,Active,3148385,NA,NA,D,2,1,788487.4125,84.95,1998,12,21.99,85.28
88521,Active,1575898,NA,NA,D,1,0,819312.2825,57.95,2010,19,16.11,23.99
88522,Active,2008271,NA,NA,D,0,0,4648905.73,109,2008,10,19.97,52.48
88523,Active,2021118,NA,NA,D,1,0,927708.9688,134,2010,15,59.99,93.99
88524,Active,2021120,NA,NA,D,1,0,1148781.833,57,2010,15,49.99,78.46
88525,Active,1723576,NA,NA,D,1,0,1874723.926,78.95,2011,15,4.82,10.22
88526,Active,1518841,NA,NA,D,1,0,4669772.961,187.9,2013,11,78.08,187.9
88527,Active,3069928,NA,NA,D,1,0,1792033.414,105,2004,14,49.89,148.83
88528,Active,3069930,NA,NA,D,1,0,2951457.444,70.75,2004,13,35.86,140.79
88529,Active,2084630,NA,NA,D,1,0,643190.965,112,2012,37,81,97.41
88530,Active,263374,NA,NA,D,1,0,896921.6625,95,2007,21,8.4,76.79
88531,Active,263353,NA,NA,D,1,0,2360183.466,78,2004,16,16.53,783.89
88532,Active,2084629,NA,NA,D,1,0,1331453.178,52,2012,19,28.29,52
88533,Active,667322,NA,NA,D,1,0,745450.9488,141,2012,21,71.99,99.99
88534,Active,1933185,NA,NA,D,15,1,2957173.765,92.95,2010,14,6.38,51.96
88535,Active,3107031,NA,NA,D,0,0,4047387.73,130,2014,4,125.02,130
88536,Active,1519266,NA,NA,D,1,0,2029306.768,226.95,2014,14,59.01,131.64
88537,Active,1943552,NA,NA,D,1,0,3057626.556,298,2013,12,32.79,110.58
88538,Active,1918155,NA,NA,D,22,1,861272.6013,39.99,2012,32,5.44,11.97
88539,Active,611464,NA,NA,D,0,0,4161451.635,298,2013,8,209.89,298
88540,Active,2965690,NA,NA,D,3,1,205960.8,70,2015,27,12.15,44.43
88541,Active,1932441,NA,NA,D,1,0,538933.3863,29.99,2012,25,19.31,48.06
88542,Active,916015,NA,NA,D,1,0,6642532.026,33.95,2000,28,4,5.43
88543,Active,663508,NA,NA,D,4,1,3717366.479,147.95,2013,21,5.75,104.8
88544,Active,1752362,NA,NA,D,0,0,2568883.093,60,2009,21,22.99,98.99
88545,Active,533224,NA,NA,D,2,1,877969.8475,36.99,2008,38,4,17.98
88546,Active,297832,NA,NA,D,0,0,3814767.061,42.84,2007,14,3.99,0
88547,Active,919966,NA,NA,D,1,0,2332633.871,49.99,2004,33,4,11.96
88548,Active,517763,NA,NA,D,1,0,4456775.556,49.95,1998,27,4,12.99
88549,Active,1488901,NA,NA,D,0,0,1470027.253,49.95,2008,32,4,20.99
88550,Active,288284,NA,NA,D,1,0,242081.675,15.39,2005,142,4,9
88551,Active,1533980,NA,NA,D,0,0,1544595.006,49.95,2007,23,28.54,30.6
88552,Active,3470519,NA,NA,D,1,0,757620.05,132,2011,22,10.89,73.99
88553,Active,1574066,NA,NA,D,5,1,603352.9438,327.95,2007,13,11.97,73.94
88554,Active,141823,NA,NA,D,2,1,27961.58375,39,2006,162,4,26.49
88555,Active,892090,NA,NA,D,0,0,2535525.049,39.95,2009,16,5.03,73.25
88556,Active,2885179,NA,NA,D,0,0,533205.195,49.95,1987,35,8.91,22.3
88557,Active,893994,NA,NA,D,2,1,2064777.025,178.84,2004,15,7.17,170.57
88558,Active,789363,NA,NA,D,1,0,1700001.686,99.99,2006,17,22.73,71.45
88559,Active,747569,NA,NA,D,2,1,909948.8075,50,2000,19,7.97,101.49
88560,Active,2898467,NA,NA,D,0,0,902918.61,536.85,1979,21,9.7,116.31
88561,Active,711505,NA,NA,D,0,0,1429013.339,95.8,2001,39,4,35.73
88562,Active,3078738,NA,NA,D,0,0,451138.7413,60,2004,32,4,36.23
88563,Active,143310,NA,NA,D,2,1,2571091.094,90.95,1996,22,4,68.94
88564,Active,704868,NA,NA,D,7,1,2343070.044,91.25,1999,14,6.63,109.4
88565,Active,2250554,NA,NA,D,3,1,5850599.324,95.71,2006,35,60.05,140.36
88566,Active,2618052,NA,NA,D,4,1,3335855.35,46.25,1990,11,10.05,145.69
88567,Active,833805,NA,NA,D,3,1,1916675.83,125,1997,17,4,70.01
88568,Active,631213,NA,NA,D,1,0,848823.9713,49.95,2002,25,6.28,28.99
88569,Active,2827951,NA,NA,D,1,0,1738536.173,64.95,2003,18,6.39,36.44
88570,Active,2442581,NA,NA,D,0,0,728312.1063,199,1995,27,98.48,109.2
88571,Active,2587866,NA,NA,D,0,0,1182697.314,52.5,1961,18,10.88,103.81
88572,Active,255820,NA,NA,D,1,0,443195.4988,65,1996,28,19.1,73.61
88573,Active,2129312,NA,NA,D,1,0,4123003.209,39.95,2008,19,7.86,19.98
88574,Active,3958095,NA,NA,D,2,1,2889378.5,41,2001,39,4,25.63
88575,Active,246287,NA,NA,D,1,0,2152267.993,25.95,2004,30,4,11.79
88576,Active,2826539,NA,NA,D,0,0,3754244.829,49.5,2004,17,4,44.25
88577,Active,871712,NA,NA,D,5,1,1235487.42,160,2011,15,39.48,85.95
88578,Active,917879,NA,NA,D,0,0,316009.4163,46.95,2008,31,13.94,20.73
88579,Active,2253307,NA,NA,D,0,0,545818.1788,41.14,2006,42,5.59,21.45
88580,Active,144706,NA,NA,D,4,1,4677991.846,88.4,2004,34,4.07,46.47
88581,Active,165740,NA,NA,D,3,1,801195.3375,123.07,2003,21,11.8,56.24
88582,Active,539911,NA,NA,D,3,1,26606.22125,57.95,2012,79,16.49,41.25
88583,Active,1772220,NA,NA,D,0,0,9635127.255,0,2013,6,45.25,97.25
88584,Active,1657262,NA,NA,D,2,1,4347332.668,62.85,2007,15,6.59,59.89
88585,Active,2729580,NA,NA,D,7,1,4720436.469,46.95,1997,28,3.5,35.85
88586,Active,2729982,NA,NA,D,2,1,1697274.383,113.95,2004,21,9.72,65.84
88587,Active,657526,NA,NA,D,1,0,3745492.463,140,2005,20,19.64,41.41
88588,Active,2116544,NA,NA,D,0,0,9931446.43,55,2007,11,5.47,10.99
88589,Active,3124512,NA,NA,D,8,1,1529035.476,185.39,2003,15,5.98,49.36
88590,Active,180527,NA,NA,D,0,0,17325.03875,18,2002,166,4.06,10.91
88591,Active,152223,NA,NA,D,0,0,1233949.781,79.95,2005,20,46.17,46.17
88592,Active,333535,NA,NA,D,0,0,2095830.963,49.99,2005,24,24.63,30.98
88593,Active,2137272,NA,NA,D,0,0,1575608.498,61.95,2009,13,51.69,51.99
88594,Active,2615620,NA,NA,D,2,1,4544361.454,67.99,2002,16,3.99,63.17
88595,Active,2593400,NA,NA,D,0,0,1674389.896,64.95,1989,22,6.44,80.74
88596,Active,2130774,NA,NA,D,0,0,3265641.739,146,2009,14,18,52.89
88597,Active,894640,NA,NA,D,0,0,2810155.269,93,2003,11,52.8,108.87
88598,Active,252045,NA,NA,D,1,0,3192225.321,78.95,2007,20,4.71,43.58
88599,Active,244216,NA,NA,D,6,1,318329.5,104.95,2012,112,3.83,17.44
88600,Active,2647152,NA,NA,D,1,0,3917342.813,125,1993,24,4,22.99
88601,Active,462433,NA,NA,D,1,0,3616588.371,238.95,2005,20,20.66,89.99
88602,Active,494864,NA,NA,D,1,0,1425096.243,57.95,2010,13,32.09,47.06
88603,Active,907546,NA,NA,D,1,0,4249025.243,239.95,2003,24,12.24,162.87
88604,Active,1623561,NA,NA,D,1,0,5308423.175,223.95,2006,34,32.88,113.09
88605,Active,2648653,NA,NA,D,1,0,4608758.171,251.95,2002,20,4.76,72.33
88606,Active,292309,NA,NA,D,1,0,1552157.076,42.95,2001,33,4,18.94
88607,Active,2648516,NA,NA,D,1,0,3727537.984,174.95,2003,25,19.83,117.79
88608,Active,2648933,NA,NA,D,1,0,1780855.723,232.95,2002,26,43.99,115.81
88609,Active,2648882,NA,NA,D,1,0,4561247.719,250,2002,20,6.58,156.37
88610,Active,1839137,NA,NA,D,1,0,9951636.191,240,2006,7,9.99,173.76
88611,Active,888206,NA,NA,D,1,0,3959873.868,234.95,2006,10,33.99,146.21
88612,Active,2648331,NA,NA,D,1,0,5015788.5,145.95,2000,11,8.88,2707.22
88613,Active,184422,NA,NA,D,1,0,5485068.519,228.95,2004,14,9.89,78.45
88614,Active,246429,NA,NA,D,1,0,1065675.996,50.95,2007,17,11.79,44.15
88615,Active,1840404,NA,NA,D,1,0,4126658.799,251.95,2010,15,41.33,87.22
88616,Active,2648068,NA,NA,D,0,0,1050054.08,58.95,1996,45,8.95,40.84
88617,Active,1623497,NA,NA,D,1,0,3889749.883,233.95,2006,13,13.83,62.35
88618,Active,898311,NA,NA,D,1,0,5008159.578,225,2003,21,25.68,48.49
88619,Active,2649011,NA,NA,D,1,0,5341774.939,251.95,2002,20,46.22,105.65
88620,Active,2940471,NA,NA,D,1,0,4531976.011,215,2005,15,6.99,109.49
88621,Active,2648708,NA,NA,D,1,0,2160541.681,225.95,2004,14,7.92,94.48
88622,Active,2649387,NA,NA,D,1,0,4339325.711,234.95,2004,20,4.69,44.87
88623,Active,897988,NA,NA,D,1,0,2839616.59,234.95,2003,18,9.92,171.16
88624,Active,2646771,NA,NA,D,1,0,4667699.35,138.95,1997,14,9.49,76.28
88625,Active,2646872,NA,NA,D,1,0,1894969.353,228.95,2000,21,16.59,69.99
88626,Active,2648654,NA,NA,D,1,0,2377632.518,240,2001,27,15.03,30
88627,Active,2940443,NA,NA,D,1,0,2280401.556,240,2004,15,24.13,78.99
88628,Active,898434,NA,NA,D,1,0,2193748.6,238.95,2006,18,4.78,64.91
88629,Active,2648696,NA,NA,D,1,0,1144743.275,60.95,1991,31,4.13,45.43
88630,Active,1533906,NA,NA,D,0,0,1507528.203,109,2007,51,44.49,81.83
88631,Active,262670,NA,NA,D,0,0,1091518.673,47.95,2004,28,4,0
88632,Active,220546,NA,NA,D,1,0,661324.7125,65,2004,14,33.89,38.99
88633,Active,347738,NA,NA,D,0,0,3969752.143,62,2005,20,24.95,33.99
88634,Active,899716,NA,NA,D,1,0,2300244.326,127.95,2006,17,6.77,94.25
88635,Active,175113,NA,NA,D,3,1,835578.4963,44.99,2009,23,10.42,24.08
88636,Active,291070,NA,NA,D,0,0,2003589.14,27.99,2003,42,4,0
88637,Active,2605350,NA,NA,D,0,0,2173872.276,109.99,1999,19,4,49.38
88638,Active,2490275,NA,NA,D,0,0,2124706.87,170,2003,10,13.99,57.7
88639,Active,916926,NA,NA,D,2,1,215014.025,29.99,2002,62,5,29.48
88640,Active,2596742,NA,NA,D,0,0,2421507.265,21.99,1992,40,4,18.99
88641,Active,1645280,NA,NA,D,0,0,2605490.279,92,2006,34,31.98,63.98
88642,Active,195108,NA,NA,D,3,1,617306.8625,32.95,2006,50,4.97,46.79
88643,Active,2667685,NA,NA,D,0,0,2691585.294,57.5,2004,11,8.62,30.97
88644,Active,217271,NA,NA,D,8,1,735311.0663,47,2005,78,4,8.98
88645,Active,1924643,NA,NA,D,2,1,592870.5675,34,2015,23,11.69,31.99
88646,Active,862520,NA,NA,D,5,1,1060780.464,95,1978,36,17.94,42.99
88647,Active,2424226,NA,NA,D,0,0,2588159.115,41.45,1989,22,4,21
88648,Active,634111,NA,NA,D,0,0,1846335.041,37.5,1986,27,28.85,93.26
88649,Active,908616,NA,NA,D,1,0,3218259.798,62.95,1994,24,4.91,23.45
88650,Active,896063,NA,NA,D,0,0,4152137.686,80,2007,16,4.48,82.04
88651,Active,3553635,NA,NA,D,0,0,1264092.7,42,2011,28,17.62,73.31
88652,Active,389845,NA,NA,D,2,1,1453261.12,44.95,2003,17,4,31.66
88653,Active,220658,NA,NA,D,0,0,1573248.041,66,2003,13,35.73,58.99
88654,Active,152325,NA,NA,D,0,0,2415060.891,79.99,2006,18,38.74,39.99
88655,Active,3150595,NA,NA,D,0,0,510445.4238,79.95,2005,29,38.99,50.73
88656,Active,173397,NA,NA,D,0,0,429764.1175,35.7,1996,65,4,37.2
88657,Active,2178145,NA,NA,D,0,0,1375618.094,89.95,2007,29,40.99,55.55
88658,Active,2594265,NA,NA,D,1,0,9187093.55,44.5,1987,0,0,0
88659,Active,2193315,NA,NA,D,2,1,1833031.175,99,2014,18,74.35,77.54
88660,Active,1921949,NA,NA,D,0,0,1718104.471,69.95,2009,18,59.57,46.63
88661,Active,3512845,NA,NA,D,0,0,5372320.1,39,1987,31,6.07,49.73
88662,Active,632502,NA,NA,D,0,0,2114138.715,84.95,2000,25,43.76,54.08
88663,Active,895440,NA,NA,D,2,1,661389.8138,83,1974,21,21.49,100.76
88664,Active,2618135,NA,NA,D,1,0,4476721.173,80.95,1991,10,19.99,34.98
88665,Active,152943,NA,NA,D,0,0,1331688.485,99,2005,30,68.84,74.77
88666,Active,892576,NA,NA,D,0,0,487326.4538,14.97,2012,18,10.93,14.97
88667,Active,2065976,NA,NA,D,0,0,1023865.989,15.97,2007,23,11.97,15.97
88668,Active,887655,NA,NA,D,0,0,1920015.143,42.95,1994,14,4.48,573.29
88669,Active,2528082,NA,NA,D,1,0,427275.3563,45.95,1986,44,14.1,36.93
88670,Active,347650,NA,NA,D,1,0,2259855.273,120,2007,21,11.58,12.19
88671,Active,914627,NA,NA,D,1,0,1682692.863,44.95,1995,24,4,43.57
88672,Active,3128223,NA,NA,D,0,0,3087953.944,25.95,1999,29,4,44.45
88673,Active,2506035,NA,NA,D,0,0,2061164.421,45,1995,30,4.93,10.97
88674,Active,494693,NA,NA,D,1,0,2008809.551,121.95,2007,12,9.93,17.47
88675,Active,799379,NA,NA,D,0,0,1286730.659,45.95,2008,27,38.47,45.44
88676,Active,136649,NA,NA,D,1,0,1400772.123,42.95,2007,31,4.58,18.94
88677,Active,669703,NA,NA,D,1,0,3852431.114,54.5,2009,5,19.97,0
88678,Active,2405990,NA,NA,D,0,0,2303585.081,79,1992,16,28.99,88.49
88679,Active,847696,NA,NA,D,0,0,2532262.885,199.95,1996,12,16.17,19
88680,Active,1941254,NA,NA,D,0,0,3630043.765,58,2010,8,16.3,84.05
88681,Active,905895,NA,NA,D,1,0,1997383.51,250,1991,20,14.07,103.99
88682,Active,2786905,NA,NA,D,1,0,633024.51,50,1992,31,14.99,49.49
88683,Active,3599768,NA,NA,D,1,0,3822561.1,210,2001,20,12.84,80.19
88684,Active,1469106,NA,NA,D,4,1,3470542.704,65,2009,17,8.43,34.44
88685,Active,320625,NA,NA,D,1,0,8323744.298,54,2001,18,4.72,49.65
88686,Active,2649376,NA,NA,D,5,1,3693552.965,38.95,2003,26,4,65.79
88687,Active,2586296,NA,NA,D,0,0,3211132.173,30.99,2001,28,4,13.96
88688,Active,2606945,NA,NA,D,1,0,7841706.933,78.99,1999,15,4,61.77
88689,Active,2660992,NA,NA,D,1,0,1246991.148,56,1983,26,4.74,35
88690,Active,914044,NA,NA,D,0,0,1490691.184,71.95,1991,27,6.41,53.62
88691,Active,177040,NA,NA,D,1,0,1024387.478,170.95,2003,26,12.62,59.99
88692,Active,2055059,NA,NA,D,0,0,1441081.918,150,2007,10,38.59,45.4
88693,Active,2501695,NA,NA,D,0,0,1331895.309,59.95,2004,24,13.31,35.81
88694,Active,655614,NA,NA,D,1,0,492886.9938,48.95,2010,35,40.17,42.53
88695,Active,891324,NA,NA,D,0,0,6621673.24,86,1999,13,4,109.83
88696,Active,3206743,NA,NA,D,7,1,368287.6163,23.23,2002,21,16.48,22.67
88697,Active,152247,NA,NA,D,0,0,634282.7575,54.95,2005,29,6.09,44.39
88698,Active,254306,NA,NA,D,1,0,1100406.81,99.95,2011,28,16.67,0
88699,Active,2852058,NA,NA,D,1,0,2492755.681,89.95,1996,12,13.98,75.05
88700,Active,559521,NA,NA,D,1,0,703648.0463,149,2006,27,4.99,81.98
88701,Active,654206,NA,NA,D,0,0,691710.1125,73.95,2011,18,19.62,0
88702,Active,289306,NA,NA,D,0,0,2283624.403,129,1997,21,52.92,99.22
88703,Active,2225587,NA,NA,D,0,0,538197.565,0,2011,4,23.6,20.9
88704,Active,2571670,NA,NA,D,1,0,3970609.218,119.95,1992,15,34.21,122.15
88705,Active,219720,NA,NA,D,1,0,1367002.175,39.95,2006,13,19.58,21.46
88706,Active,715504,NA,NA,D,0,0,2897477.598,114.76,2012,13,17.01,20.99
88707,Active,1540323,NA,NA,D,0,0,623005.1075,61.95,2010,29,42.37,49.3
88708,Active,618500,NA,NA,D,1,0,1002815.683,69.95,1994,46,4.5,40.98
88709,Active,114173,NA,NA,D,2,1,936517.0138,84,2001,26,5.93,12.87
88710,Active,570566,NA,NA,D,12,1,2993893.073,53.95,2010,11,11.98,42.99
88711,Active,2591225,NA,NA,D,1,0,5696911.9,37.5,1984,13,18.92,88.8
88712,Active,1474107,NA,NA,D,1,0,3064790.75,110,2010,17,39.01,46.36
88713,Active,3114572,NA,NA,D,0,0,4244164.811,165,2003,13,46.79,115.72
88714,Active,219721,NA,NA,D,1,0,1370650.335,54.95,2006,16,37.39,98.04
88715,Active,3946296,NA,NA,D,0,0,1153727.75,55,2001,11,22.98,82.98
88716,Active,2724495,NA,NA,D,0,0,1103103.876,36,1995,20,15.15,26.3
88717,Active,3619834,NA,NA,D,2,1,1144910.35,30.95,2002,25,8.29,23.99
88718,Active,2415909,NA,NA,D,9,1,2884479.81,49.95,1968,18,23.85,149.07
88719,Active,895940,NA,NA,D,0,0,2112386.866,50,2001,13,7.35,144.11
88720,Active,2782530,NA,NA,D,2,1,2765922.543,35,1998,27,5.94,27.63
88721,Active,108372,NA,NA,D,6,1,2431215.184,9.65,2003,36,4,6.93
88722,Active,650555,NA,NA,D,0,0,1142289.971,69.99,2008,54,12.79,49.85
88723,Active,164172,NA,NA,D,1,0,1894782.069,99.95,1998,23,4,67.15
88724,Active,164682,NA,NA,D,0,0,1045712.969,70,2002,46,4,11.1
88725,Active,2889215,NA,NA,D,0,0,4732838.639,45,1988,20,4,43.83
88726,Active,162919,NA,NA,D,3,1,746680.8475,108.21,2008,23,6.99,86.1
88727,Active,175719,NA,NA,D,2,1,5606754.466,97.99,2005,10,43.94,96.38
88728,Active,3069953,NA,NA,D,5,1,2501599.399,71.95,2005,19,8.05,70.19
88729,Active,529849,NA,NA,D,5,1,2115513.899,56.95,2009,15,26.69,35.17
88730,Active,2698065,NA,NA,D,1,0,3956472.946,76.95,2000,11,36.31,441.89
88731,Active,917139,NA,NA,D,4,1,5636063.724,41.95,1996,46,4.4,32.61
88732,Active,2836897,NA,NA,D,1,0,1839279.884,164.95,1997,21,53.44,53.49
88733,Active,2776449,NA,NA,D,2,1,1555544.548,42.5,1991,44,4,11.49
88734,Active,653493,NA,NA,D,0,0,1534495.451,73.95,2009,16,13.77,69.25
88735,Active,2558192,NA,NA,D,4,1,5621374.978,186.33,1975,11,3.99,0
88736,Active,1586968,NA,NA,D,2,1,1691024.595,64.99,2009,16,14.34,22.99
88737,Active,1854202,NA,NA,D,1,0,2733543.4,99,2006,13,23.99,99
88738,Active,174069,NA,NA,D,1,0,1982863.61,45.99,1999,44,4,22.17
88739,Active,863536,NA,NA,D,3,1,4188554.03,4.49,2007,19,4,4.49
88740,Active,2671159,NA,NA,D,9,1,2383328.05,53,1996,19,4,15.49
88741,Active,232439,NA,NA,D,1,0,2467431.61,145,2004,15,29.28,33.99
88742,Active,364919,NA,NA,D,8,1,5760553.101,45,2001,28,4.84,93.72
88743,Active,912837,NA,NA,D,0,0,3051293.928,37.95,2002,22,3.61,13.56
88744,Active,906008,NA,NA,D,0,0,2596772.689,64,2005,20,38.76,60.63
88745,Active,1594165,NA,NA,D,1,0,3716755.945,110,2008,17,28.69,43.88
88746,Active,907689,NA,NA,D,2,1,4781956.358,44.95,2000,16,4,10.89
88747,Active,2614890,NA,NA,D,1,0,3194901.216,115,2005,16,21.85,109.64
88748,Active,139552,NA,NA,D,0,0,1673125.839,84.95,1996,21,6.01,58.07
88749,Active,454535,NA,NA,D,0,0,4322035.055,120,2005,19,36.99,49.94
88750,Active,209508,NA,NA,D,0,0,2503129.281,60,2004,19,31.31,91.88
88751,Active,254864,NA,NA,D,2,1,1993446.293,27.95,2003,33,4,9.64
88752,Active,2526793,NA,NA,D,0,0,7363314.328,45.95,1989,21,4,36.22
88753,Active,184549,NA,NA,D,1,0,769540.4163,49.95,2005,26,10.97,46.34
88754,Active,134373,NA,NA,D,0,0,2989829.451,113,2005,10,33.99,172.87
88755,Active,149553,NA,NA,D,1,0,879845.98,45,2006,30,4.76,10.19
88756,Active,912041,NA,NA,D,0,0,1595502.603,45.95,1998,24,6.45,33.87
88757,Active,619072,NA,NA,D,5,1,192914.3638,602.99,1994,69,8.66,113.17
88758,Active,2713409,NA,NA,D,1,0,1898969.984,22.54,2003,21,4.54,21.45
88759,Active,3580492,NA,NA,D,0,0,1843955.05,88.95,1991,36,17.98,55.18
88760,Active,3826861,NA,NA,D,0,0,569544.3,39.95,2003,35,31.15,87.51
88761,Active,911237,NA,NA,D,1,0,642786.7175,72.95,1989,29,8.46,14.59
88762,Active,184291,NA,NA,D,1,0,1095597.851,49.95,1998,33,4,18.49
88763,Active,922709,NA,NA,D,0,0,2537795.785,25.99,2002,77,4,0
88764,Active,575571,NA,NA,D,0,0,2258571.045,51.95,1984,30,10.99,33.83
88765,Active,454455,NA,NA,D,1,0,3195874.094,180,2006,18,6.15,91.91
88766,Active,2562107,NA,NA,D,2,1,1637718.933,114.42,1989,22,4.13,80.49
88767,Active,2526446,NA,NA,D,0,0,2766222.074,34.95,1996,23,6.47,59.84
88768,Active,246176,NA,NA,D,1,0,991580.82,52.95,2006,30,4.77,38.99
88769,Active,173877,NA,NA,D,0,0,1340597.288,32.99,2005,30,4,0
88770,Active,901363,NA,NA,D,1,0,3017276.588,88,2008,27,4,35.98
88771,Active,907065,NA,NA,D,0,0,2283752.749,111.95,2009,18,15.97,83.87
88772,Active,174413,NA,NA,D,0,0,993208.8125,31.99,2006,30,4,0
88773,Active,884090,NA,NA,D,0,0,4087904.07,99,2006,11,15.39,38.42
88774,Active,2604826,NA,NA,D,0,0,5589187.616,73.99,2003,10,4,121.8
88775,Active,117977,NA,NA,D,2,1,1560750.599,114.2,2005,17,4,19.99
88776,Active,2139387,NA,NA,D,0,0,1070232.585,39,2012,24,7.54,26.37
88777,Active,2649249,NA,NA,D,1,0,3011770.533,121.95,2002,13,33.9,98.4
88778,Active,2596076,NA,NA,D,0,0,2661023.569,120,2000,17,48.99,88.62
88779,Active,292302,NA,NA,D,1,0,670239.7225,65.95,2000,16,10.68,43.06
88780,Active,113732,NA,NA,D,1,0,326522.2788,200,2006,38,4.76,43.98
88781,Active,3043531,NA,NA,D,0,0,822385.7175,82.23,2003,19,9.44,82.18
88782,Active,901052,NA,NA,D,1,0,594209.265,139.25,2002,19,5.69,38.51
88783,Active,596026,NA,NA,D,0,0,4047545.643,34.95,2004,22,4,34.95
88784,Active,254888,NA,NA,D,0,0,3422437.498,34.95,2004,21,4,24.52
88785,Active,142970,NA,NA,D,1,0,264339.9525,79,2005,21,23.84,98.19
88786,Active,102817,NA,NA,D,1,0,8338.7975,22.99,1999,177,4.48,10.04
88787,Active,3735374,NA,NA,D,0,0,3847675.1,63.95,2008,14,53.97,63.95
88788,Active,1587579,NA,NA,D,0,0,2958415.009,162.99,2006,12,26.98,24.68
88789,Active,2449772,NA,NA,D,1,0,1205583.624,170,1995,64,4.5,25.34
88790,Active,173996,NA,NA,D,0,0,368331.87,54.99,1996,33,28.94,38
88791,Active,454290,NA,NA,D,0,0,2053745.575,135,2010,28,38.99,49.76
88792,Active,2594883,NA,NA,D,0,0,659331.1663,84.99,1987,42,4.98,56.82
88793,Active,195111,NA,NA,D,0,0,729256.5675,59.95,2008,45,32.3,49.18
88794,Active,914362,NA,NA,D,4,1,2247973.361,33.95,1991,36,4,22.99
88795,Active,2593829,NA,NA,D,0,0,3089065.439,24.99,1999,39,3.99,7.47
88796,Active,2597712,NA,NA,D,0,0,2716219.358,27.99,1991,31,4.96,44.32
88797,Active,910191,NA,NA,D,0,0,469223.255,0,2012,33,5.91,13.45
88798,Active,2613475,NA,NA,D,0,0,3590815.406,230,2004,14,35.48,180.09
88799,Active,510642,NA,NA,D,0,0,2380566.768,119,2007,23,76.99,89.08
88800,Active,601520,NA,NA,D,0,0,1031447.465,29.95,2006,28,5.13,13.26
88801,Active,2119469,NA,NA,D,0,0,932926.5763,152.98,2013,6,58.8,69.79
88802,Active,142164,NA,NA,D,9,1,493749.2788,56.86,2011,60,4.69,113.92
88803,Active,177062,NA,NA,D,4,1,134891.57,327.95,2004,23,72.04,0
88804,Active,2703965,NA,NA,D,0,0,592402.14,51.26,2000,18,4.94,675
88805,Active,2860039,NA,NA,D,1,0,944998.0813,85,1976,56,11.77,47.12
88806,Active,2703744,NA,NA,D,1,0,7572385.4,32.96,2005,0,0,0
88807,Active,199991,NA,NA,D,1,0,6459390.748,56.95,2003,16,4.26,9.94
88808,Active,2067148,NA,NA,D,0,0,2436128.688,89.95,2011,20,26.39,75.98
88809,Active,2405513,NA,NA,D,1,0,1252388.925,60,1995,38,16.29,45.49
88810,Active,2419899,NA,NA,D,0,0,2413242.278,75,2004,23,17.66,55.66
88811,Active,756958,NA,NA,D,1,0,2430847.744,93.95,2000,24,9.93,41.07
88812,Active,137007,NA,NA,D,4,1,2835889.53,28,2001,24,4,7.01
88813,Active,635834,NA,NA,D,1,0,658178.1938,71.64,2010,49,4,0
88814,Active,1465781,NA,NA,D,1,0,1951627.675,70,2006,21,19.92,60.02
88815,Active,905041,NA,NA,D,0,0,1444943.429,12.95,1990,24,4,18.44
88816,Active,341644,NA,NA,D,1,0,793656.2713,79.95,2002,23,4.01,28.99
88817,Active,240452,NA,NA,D,1,0,319578.3625,150,1998,24,91.15,172.11
88818,Active,2669185,NA,NA,D,2,1,4352814.039,56.5,1980,16,4,89.3
88819,Active,149532,NA,NA,D,4,1,5494805.203,41.95,2001,24,4.98,50.23
88820,Active,912495,NA,NA,D,3,1,918170.5025,87.16,2011,28,21.99,71.75
88821,Active,2591345,NA,NA,D,0,0,1998539.078,47.5,1983,6,12.94,675
88822,Active,144350,NA,NA,D,0,0,4398805.958,54.8,2003,32,4,12.98
88823,Active,564450,NA,NA,D,0,0,1672605.966,88.95,1997,28,5.18,20.07
88824,Active,643434,NA,NA,D,4,1,1508722.741,119,2004,18,53.88,0
88825,Active,1585249,NA,NA,D,1,0,1339022.995,99.99,2010,17,13.73,86.85
88826,Active,155355,NA,NA,D,5,1,3961198.096,42.76,2000,40,4,4.82
88827,Active,198963,NA,NA,D,0,0,5894183.5,133,1997,25,28.82,77.99
88828,Active,2601595,NA,NA,D,0,0,675097.9363,69.99,2001,27,45.76,66.35
88829,Active,719438,NA,NA,D,0,0,892449.1913,44.5,2000,15,6.38,29.55
88830,Active,665756,NA,NA,D,0,0,2826179.375,82,2004,17,26.21,83.3
88831,Active,2410267,NA,NA,D,1,0,2574290.918,12.99,2000,17,7.98,50.71
88832,Active,355625,NA,NA,D,1,0,664880.8663,40.95,2003,39,4.6,43.77
88833,Active,914501,NA,NA,D,0,0,1414334.733,50,1995,26,4.8,48.39
88834,Active,594278,NA,NA,D,0,0,2093182.13,239,2009,20,35.79,96.52
88835,Active,261372,NA,NA,D,1,0,1883578.048,54,2002,19,5.58,53.91
88836,Active,2604625,NA,NA,D,0,0,910439.6488,125,1996,19,16.82,63.99
88837,Active,2404403,NA,NA,D,1,0,2179239.529,70,1987,23,13.79,157.36
88838,Active,640269,NA,NA,D,1,0,841794.055,62,2011,32,8.78,12.44
88839,Active,2309332,NA,NA,D,0,0,2368112.329,53.95,1994,19,24.34,43.94
88840,Active,869815,NA,NA,D,0,0,725352.1288,89.95,2004,15,24.7,58.79
88841,Active,1593929,NA,NA,D,1,0,2472798.914,99.99,2007,21,35.99,50.97
88842,Active,150693,NA,NA,D,0,0,78334.0575,100,2006,74,18.32,47.48
88843,Active,235121,NA,NA,D,0,0,527381.7588,46.09,2005,17,27.8,39.7
88844,Active,2664449,NA,NA,D,1,0,3187226.281,99,1999,26,4.57,65.41
88845,Active,2614554,NA,NA,D,0,0,7082182.608,124.99,2003,21,53.98,113.35
88846,Active,189863,NA,NA,D,0,0,549925.6088,52.5,2005,32,12.03,23.19
88847,Active,217286,NA,NA,D,3,1,625923.535,55,2007,63,4,7.89
88848,Active,1572487,NA,NA,D,0,0,3294371.878,12.95,2006,24,4.73,8.94
88849,Active,1475730,NA,NA,D,2,1,3369027.144,64.5,2012,16,5.28,64.5
88850,Active,3112595,NA,NA,D,6,1,3092935.05,115,2005,13,6.38,19.98
88851,Active,2419854,NA,NA,D,4,1,825691.1788,125,2004,16,4.98,113.53
88852,Active,258439,NA,NA,D,0,0,1216732.849,94.5,2009,10,6.94,7.77
88853,Active,631153,NA,NA,D,1,0,689749.6575,98.99,2008,27,12.98,0
88854,Active,789180,NA,NA,D,0,0,3238389.6,79.95,2003,21,4,18.35
88855,Active,2664542,NA,NA,D,1,0,3175679.756,35.95,1998,23,4.35,16.99
88856,Active,883842,NA,NA,D,0,0,4793373.596,102.95,2005,12,4.97,17
88857,Active,565813,NA,NA,D,1,0,1839068.266,76,2009,34,4,33.98
88858,Active,390981,NA,NA,D,0,0,2062462.646,62,2005,26,4,35.41
88859,Active,261941,NA,NA,D,1,0,2700555.545,56.95,1998,38,4,10.24
88860,Active,1581201,NA,NA,D,1,0,2021794.06,99.99,2009,22,37.48,24.39
88861,Active,911092,NA,NA,D,1,0,604243.8613,65.95,2009,21,6.97,28.95
88862,Active,1923493,NA,NA,D,1,0,3446384.163,79.95,2010,13,53.99,135.77
88863,Active,871484,NA,NA,D,0,0,5839985.294,103.61,2007,12,5.42,103.61
88864,Active,3135164,NA,NA,D,0,0,9925480.508,55.95,2005,10,4.76,14.68
88865,Active,744849,NA,NA,D,1,0,1512939.54,94.95,2004,20,4,33.98
88866,Active,1749392,NA,NA,D,0,0,1651249.978,55,2008,28,40.02,142.58
88867,Active,2312189,NA,NA,D,0,0,2870502.508,0,1975,20,13.98,105.09
88868,Active,129107,NA,NA,D,0,0,4794579.818,45,2006,20,7.36,9.05
88869,Active,231546,NA,NA,D,1,0,416743.3775,49.95,2004,26,23.58,53.96
88870,Active,112789,NA,NA,D,1,0,2440778.889,55.95,1995,18,6.35,18.46
88871,Active,2877538,NA,NA,D,0,0,708289.4388,80,2000,28,10.33,35.95
88872,Active,3607922,NA,NA,D,0,0,1164827.25,49.95,1998,26,4,45.98
88873,Active,558838,NA,NA,D,4,1,596704.94,36,2004,29,4,8.75
88874,Active,759457,NA,NA,D,5,1,5511685.368,5.53,2000,28,4,25.3
88875,Active,281302,NA,NA,D,1,0,1290548.584,59.95,2009,15,41.54,202.26
88876,Active,226067,NA,NA,D,1,0,1844293.703,43.95,1999,20,5.03,27.89
88877,Active,909390,NA,NA,D,0,0,1512719.784,0,2008,14,4,13.99
88878,Active,670651,NA,NA,D,0,0,252385.4025,43,2011,16,15.67,431.86
88879,Active,3005266,NA,NA,D,0,0,759669.9863,25,2015,24,23.26,22.07
88880,Active,899948,NA,NA,D,7,1,5291062.95,28.95,2003,14,7.52,11.46
88881,Active,825575,NA,NA,D,1,0,7701937.646,41.95,1993,18,4.97,76.9
88882,Active,2794256,NA,NA,D,0,0,1605855.81,16.95,1974,29,6.32,51.59
88883,Active,3608728,NA,NA,D,0,0,1070227.45,36.5,1900,23,11.89,53.91
88884,Active,719572,NA,NA,D,1,0,2399211.739,60,2001,38,14.24,18.99
88885,Active,602830,NA,NA,D,0,0,1563369.521,68.95,2003,27,4,18.98
88886,Active,2502088,NA,NA,D,0,0,2054862.749,109,1978,21,20.04,80.71
88887,Active,2427043,NA,NA,D,0,0,2232329.215,40.85,1989,23,4,36.02
88888,Active,144362,NA,NA,D,0,0,4229229.706,34,2003,29,3.92,10.94
88889,Active,1540172,NA,NA,D,2,1,5767050.416,190,2008,10,12.2,128.79
88890,Active,596027,NA,NA,D,2,1,2434794.061,37.95,2004,22,4,39.89
88891,Active,208108,NA,NA,D,0,0,148007.0563,39,2007,56,4.38,13.98
88892,Active,717482,NA,NA,D,1,0,921183.9563,43.95,1997,21,4,49.9
88893,Active,556386,NA,NA,D,1,0,3054227.348,68,2010,15,14.53,57.16
88894,Active,1653556,NA,NA,D,0,0,6671636.92,119.95,2007,11,16.69,180.41
88895,Active,2526564,NA,NA,D,0,0,8676819.549,32.95,1991,21,6.46,21.99
88896,Active,826966,NA,NA,D,1,0,445983.6513,40,1999,39,4,17.79
88897,Active,643909,NA,NA,D,0,0,198446.9838,50,2010,30,6.59,73.91
88898,Active,854651,NA,NA,D,0,0,3427754.9,100,2004,10,41.89,227.79
88899,Active,123120,NA,NA,D,0,0,1226480.445,66.39,2000,24,4.43,52.77
88900,Active,2598440,NA,NA,D,0,0,2311672.65,195,1992,16,29.19,99.66
88901,Active,177624,NA,NA,D,2,1,2993188.04,143.95,2002,20,4,71.47
88902,Active,1658387,NA,NA,D,1,0,3867040.061,43,2011,18,40.98,91.96
88903,Active,1992186,NA,NA,D,0,0,1733148.215,89.99,2014,15,43.64,66.71
88904,Active,1992187,NA,NA,D,0,0,1626977.118,89.99,2014,16,48.98,66.71
88905,Active,737284,NA,NA,D,0,0,1404827.246,32,2004,13,4,57.96
88906,Active,560296,NA,NA,D,0,0,5482992.261,36,2003,11,13.88,13.92
88907,Active,737225,NA,NA,D,0,0,1167544.408,28,2003,15,22.68,39.99
88908,Active,210106,NA,NA,D,0,0,237783.1388,34.99,1996,49,4.39,24.49
88909,Active,121435,NA,NA,D,0,0,817325.1313,42.95,1998,29,8.98,53.91
88910,Active,608102,NA,NA,D,3,1,3104631.235,55.95,2002,37,4,39.49
88911,Active,570189,NA,NA,D,1,0,2775425.455,101.2,2007,14,39,122.28
88912,Active,1562803,NA,NA,D,1,0,9064562.975,73.95,2006,8,42.17,407.99
88913,Active,718838,NA,NA,D,2,1,5630821.511,49.99,1997,21,4,45.73
88914,Active,3197367,NA,NA,D,0,0,5331752.85,0,2005,4,33.99,0
88915,Active,298092,NA,NA,D,1,0,406331.2925,117.95,2006,31,14.84,54.97
88916,Active,719514,NA,NA,D,1,0,2271011.846,125,1999,25,11.02,44.93
88917,Active,579960,NA,NA,D,0,0,499983.8725,47.5,2007,25,14.9,77.17
88918,Active,537223,NA,NA,D,1,0,903808.0388,34.99,2010,32,4,21.38
88919,Active,450261,NA,NA,D,0,0,1176558.819,9.95,2003,32,4,9.3
88920,Active,1790231,NA,NA,D,0,0,3058374.619,23.99,2010,13,27.98,23.99
88921,Active,908598,NA,NA,D,2,1,2995206.92,37.75,1997,17,4.74,28.49
88922,Active,553827,NA,NA,D,1,0,2417520.955,96,2007,21,4,44.65
88923,Active,3564583,NA,NA,D,2,1,3370501.4,87.95,2001,23,36.9,140.96
88924,Active,2100499,NA,NA,D,0,0,812156.2813,69.95,2013,30,20.99,37.08
88925,Active,752990,NA,NA,D,1,0,1517904.12,75,2010,28,4,29.83
88926,Active,3475419,NA,NA,D,0,0,3827098.2,52,1992,28,4.46,26.94
88927,Active,159257,NA,NA,D,0,0,1259405.464,29.95,1996,29,8.73,41.94
88928,Active,284291,NA,NA,D,2,1,1167706.446,141,2006,18,44.99,94.88
88929,Active,3470796,NA,NA,D,1,0,3162702.45,59.95,1998,30,6.38,53.19
88930,Active,268802,NA,NA,D,0,0,2911239.189,50,2008,19,4.47,25.98
88931,Active,2605079,NA,NA,D,0,0,718800.6588,25.99,1995,53,4.58,11
88932,Active,1626850,NA,NA,D,0,0,907534.155,60,2006,38,9.57,31.68
88933,Active,2403158,NA,NA,D,3,1,1427229.841,29.95,1979,28,4,51.47
88934,Active,547043,NA,NA,D,2,1,1425400.364,40.39,2008,12,25.91,39.31
88935,Active,3119911,NA,NA,D,6,1,3762311.221,136.66,2002,11,10.08,127.94
88936,Active,3119935,NA,NA,D,7,1,1975840.184,68.99,2005,16,7.94,68.27
88937,Active,2807363,NA,NA,D,0,0,356912.5725,75,2001,33,15.58,38.49
88938,Active,534173,NA,NA,D,6,1,651507.555,7.97,2010,43,4,22.25
88939,Active,905369,NA,NA,D,0,0,408676.0825,65,1995,36,28.11,86.32
88940,Active,739426,NA,NA,D,0,0,612648.4625,104.4,2001,32,21.84,105.31
88941,Active,167098,NA,NA,D,0,0,1019072.718,39.99,2007,43,4,18.99
88942,Active,2414275,NA,NA,D,1,0,3286995.571,60,1965,13,10.6,45.64
88943,Active,2590875,NA,NA,D,1,0,5359709.959,239.99,1990,15,26.11,178.92
88944,Active,1840520,NA,NA,D,6,1,2087757.96,57.95,2010,30,8.96,32.99
88945,Active,246516,NA,NA,D,5,1,3707381.929,62.95,2007,19,6.08,44.67
88946,Active,2681602,NA,NA,D,1,0,5599368.495,35.95,2003,15,4.96,55.83
88947,Active,193132,NA,NA,D,5,1,5968698.671,49.95,2004,23,4,52.41
88948,Active,648105,NA,NA,D,3,1,4803088.641,67.95,2005,22,5.21,21.69
88949,Active,641365,NA,NA,D,2,1,875615.1775,84.99,2011,45,45.44,64.32
88950,Active,909469,NA,NA,D,1,0,2068478.095,26.95,1999,31,4,46.34
88951,Active,793609,NA,NA,D,0,0,5391909.405,125,2003,13,16.77,72.91
88952,Active,269787,NA,NA,D,1,0,741163.25,39.99,2009,50,5.14,22.12
88953,Active,883182,NA,NA,D,1,0,5999917.118,53.95,2003,20,6.49,27.99
88954,Active,876556,NA,NA,D,1,0,2058791.549,192.95,2011,8,21.38,161.99
88955,Active,715024,NA,NA,D,8,1,4657722.188,1132.55,2007,11,4,618.24
88956,Active,1659066,NA,NA,D,1,0,1313563.186,105,2012,21,4.28,13.2
88957,Active,1658659,NA,NA,D,1,0,974879.725,102,2011,28,4.88,62.59
88958,Active,651333,NA,NA,D,0,0,1557186.498,69.95,2007,22,10.45,37.1
88959,Active,1470525,NA,NA,D,1,0,1646872.681,75,2006,28,11.55,47.63
88960,Active,630179,NA,NA,D,0,0,342050.0375,99.99,2007,28,38.96,55.81
88961,Active,3130723,NA,NA,D,1,0,2197226.853,39.95,2002,26,4,15.88
88962,Active,2595291,NA,NA,D,0,0,3124443.69,110,1988,18,10.93,21
88963,Active,2560788,NA,NA,D,1,0,757950.695,163,1983,19,53.97,134.68
88964,Active,648387,NA,NA,D,1,0,1661342.329,172.95,1996,44,41,104.23
88965,Active,911201,NA,NA,D,0,0,1392480.893,47.95,1992,14,10.25,46.94
88966,Active,759238,NA,NA,D,2,1,950171.435,98.81,1999,20,33.25,84.26
88967,Active,906280,NA,NA,D,2,1,2016096.886,109.95,1998,16,6.39,51.03
88968,Active,569024,NA,NA,D,1,0,967165.2213,37.5,2007,93,4,21.54
88969,Active,173918,NA,NA,D,0,0,2526379.734,65.5,2004,16,16.99,16.94
88970,Active,3821528,NA,NA,D,1,0,1598765.75,39.95,1998,18,5.54,10.99
88971,Active,635081,NA,NA,D,4,1,110902.2738,53,2010,30,32.95,36.98
88972,Active,1589657,NA,NA,D,1,0,1634137.099,44.5,2009,30,4,7.98
88973,Active,2445408,NA,NA,D,1,0,4328672.929,25.95,1989,16,3.99,0
88974,Active,564836,NA,NA,D,1,0,2160956.836,43.95,2010,23,6.97,33.49
88975,Active,1928199,NA,NA,D,0,0,1974605.969,50.31,2012,11,6.63,54.58
88976,Active,2747081,NA,NA,D,0,0,3193639.323,89.95,2003,6,8.84,78.99
88977,Active,2570034,NA,NA,D,1,0,664568.0563,208,1990,40,30.64,68.99
88978,Active,261448,NA,NA,D,1,0,317627.48,35,2003,26,11.69,55.01
88979,Active,2752023,NA,NA,D,0,0,2864846.276,99.99,1999,13,6.79,73.49
88980,Active,2655675,NA,NA,D,1,0,687802.11,41.35,2004,45,4.24,7.94
88981,Active,266821,NA,NA,D,0,0,1359920.02,84.99,2003,24,5.56,0
88982,Active,254124,NA,NA,D,1,0,2029889.094,152.95,2009,29,6.98,51.11
88983,Active,619710,NA,NA,D,1,0,2363582.576,170.95,2008,30,4.49,13.39
88984,Active,2618759,NA,NA,D,2,1,9188991.771,28.95,1993,10,4.67,0
88985,Active,231683,NA,NA,D,13,1,92304.525,199.35,2009,30,50.44,0
88986,Active,3794823,NA,NA,D,1,0,2888025.9,0,1900,11,4.05,199.14
88987,Active,128113,NA,NA,D,2,1,1359088.129,45,2001,25,4.88,9.95
88988,Active,196707,NA,NA,D,0,0,2756036.063,33.95,2005,20,4.66,54.32
88989,Active,869249,NA,NA,D,4,1,8499974.92,512.1,2009,12,5.62,105.6
88990,Active,534421,NA,NA,D,12,1,1012490.156,28.94,2006,86,4,48.45
88991,Active,3238697,NA,NA,D,0,0,7171998.49,0,2003,32,7.49,18.71
88992,Active,184381,NA,NA,D,1,0,1526532.218,47.95,2003,52,4,7.95
88993,Active,162913,NA,NA,D,1,0,1336544.919,150,2007,45,13.81,20.67
88994,Active,2570551,NA,NA,D,1,0,3476344.646,115,1994,17,4,52.63
88995,Active,558984,NA,NA,D,6,1,5828609.809,87.5,2004,31,4.72,19.59
88996,Active,446393,NA,NA,D,1,0,1980155.673,173.5,2008,18,32.77,113.71
88997,Active,894002,NA,NA,D,2,1,5001507.826,41.95,2006,13,4.73,72.87
88998,Active,533157,NA,NA,D,6,1,2882585.949,112.95,2007,25,12.13,73.92
88999,Active,544989,NA,NA,D,8,1,151039.7088,177,2012,39,30.35,111.08
89000,Active,760374,NA,NA,D,1,0,4006348.83,80,2003,14,4,86.17
89001,Active,2612174,NA,NA,D,0,0,4026343.884,75.99,2001,15,8.12,49.9
89002,Active,3612618,NA,NA,D,1,0,3092420.8,55.5,1996,24,41.61,124.91
89003,Active,2263757,NA,NA,D,3,1,764842.4,0,2011,11,17.47,63.99
89004,Active,663964,NA,NA,D,0,0,874810.2488,47.95,2013,23,8.99,29.98
89005,Active,300166,NA,NA,D,0,0,4337975.5,34.99,2004,18,4,0
89006,Active,631557,NA,NA,D,1,0,71331.43625,38,2010,26,28.71,0
89007,Active,2256195,NA,NA,D,3,1,8164882.41,83.56,2011,28,20.38,83.02
89008,Active,293858,NA,NA,D,1,0,2420873.611,66.95,2006,14,4.86,30.18
89009,Active,1541220,NA,NA,D,2,1,986497.8263,188.95,2009,20,137.69,158.96
89010,Active,3055300,NA,NA,D,2,1,7959415.75,145,2000,13,9.72,143.57
89011,Active,2910780,NA,NA,D,2,1,3191001.206,219,2005,14,11.33,42.88
89012,Active,626947,NA,NA,D,0,0,2090289.808,84.95,2007,24,34.97,36.59
89013,Active,1745912,NA,NA,D,6,1,1294774.666,229,2007,16,103.84,216.55
89014,Active,1619870,NA,NA,D,0,0,1365762.134,31.99,2013,9,29.6,35.98
89015,Active,2080936,NA,NA,D,3,1,1758780.949,136.99,2009,13,105.84,236.91
89016,Active,2264599,NA,NA,D,3,1,245087,89.83,2009,13,58.23,89.83
89017,Active,2270274,NA,NA,D,3,1,472367.3838,68.27,2009,26,44.33,65.98
89018,Active,194037,NA,NA,D,1,0,2296213.226,39,2003,26,4,12.24
89019,Active,914648,NA,NA,D,1,0,1650230.8,40.95,1995,33,4.98,30.99
89020,Active,624571,NA,NA,D,0,0,1387461.203,35.95,1994,25,4,45.28
89021,Active,114467,NA,NA,D,2,1,498000.25,37.33,2002,73,4,7.97
89022,Active,1747754,NA,NA,D,0,0,4432893,25,2009,12,10.13,24.95
89023,Active,800909,NA,NA,D,0,0,3829160.681,58,2008,13,5.79,73.98
89024,Active,2550590,NA,NA,D,5,1,6487523.966,53,1992,18,4,45.28
89025,Active,636635,NA,NA,D,1,0,946324.2163,114,1997,28,33.91,148.41
89026,Active,882915,NA,NA,D,1,0,7238543.161,19.95,2001,5,19.69,0
89027,Active,139972,NA,NA,D,0,0,241002.1475,15,2006,44,4.47,0
89028,Active,295773,NA,NA,D,0,0,1554405.898,229.95,2005,10,25.99,20.49
89029,Active,592928,NA,NA,D,0,0,2283851.078,64.95,2009,18,25.55,0
89030,Active,224385,NA,NA,D,1,0,2727800.136,33.95,2002,25,4,8.93
89031,Active,592924,NA,NA,D,2,1,1802228.224,42.95,2007,26,4,10.49
89032,Active,2625462,NA,NA,D,15,1,2312271.33,37.95,1999,28,4.06,8.04
89033,Active,262624,NA,NA,D,2,1,1466716.201,30.95,2003,31,4,9.75
89034,Active,183854,NA,NA,D,2,1,2967667.811,69.95,2002,17,7.26,13.58
89035,Active,2570600,NA,NA,D,0,0,2685991.455,115,1991,42,4,13.94
89036,Active,3783342,NA,NA,D,4,1,1632015.9,33.95,2001,28,4,24.36
89037,Active,859993,NA,NA,D,0,0,1542676.425,159,2010,24,113.99,125.54
89038,Active,758092,NA,NA,D,2,1,382836.5675,90,1998,26,4,10.22
89039,Active,2571619,NA,NA,D,1,0,2219739.261,79.95,1992,29,4,9.02
89040,Active,3138549,NA,NA,D,2,1,610112.5488,34.95,2004,21,64.69,43.99
89041,Active,2871346,NA,NA,D,0,0,2273341.1,120,1996,13,9,108.03
89042,Active,1692054,NA,NA,D,0,0,309258.6513,69.99,2012,29,25.54,43.94
89043,Active,3042249,NA,NA,D,0,0,9035103.833,9.99,1999,14,4,7.94
89044,Active,1692056,NA,NA,D,0,0,632814.75,69.99,2014,11,35.64,39.97
89045,Active,2719129,NA,NA,D,0,0,3153243.045,261.19,2005,12,29.1,190.59
89046,Active,564987,NA,NA,D,1,0,477044.3463,48.95,1991,48,8.21,0
89047,Active,3029782,NA,NA,D,0,0,3341567.903,42,1993,39,4,4.8
89048,Active,2043122,NA,NA,D,1,0,1127862.829,79.95,2011,16,59.15,79.95
89049,Active,264950,NA,NA,D,1,0,1776952.068,104.95,2006,21,12.54,56.95
89050,Active,909318,NA,NA,D,2,1,2570797.078,82,1993,21,9.51,77.77
89051,Active,147203,NA,NA,D,3,1,360894.9613,69.95,2006,40,5.7,67.54
89052,Active,2699095,NA,NA,D,1,0,4319723.086,35,2002,19,8.57,61.05
89053,Active,439421,NA,NA,D,0,0,2929656.801,259,2007,20,59.02,123.03
89054,Active,3150580,NA,NA,D,1,0,5196259.498,179,2005,19,33.85,59.98
89055,Active,3014521,NA,NA,D,1,0,743072.4875,39.95,1999,37,4,43.09
89056,Active,250583,NA,NA,D,0,0,7839915.734,157.95,2007,12,21.51,27.93
89057,Active,2654061,NA,NA,D,1,0,6818755.989,70.95,1996,7,9.55,0
89058,Active,910406,NA,NA,D,0,0,2723640.499,47,1998,29,4,46.88
89059,Active,622502,NA,NA,D,0,0,619393.4613,43.75,2003,40,4,16.46
89060,Active,2423607,NA,NA,D,0,0,1859807.026,45.12,1989,24,6.34,45.08
89061,Active,264971,NA,NA,D,1,0,3324601.11,99.95,2006,9,13.92,23.99
89062,Active,245607,NA,NA,D,2,1,3658146.278,115,2002,13,31.99,33.94
89063,Active,3524713,NA,NA,D,1,0,3497199.8,205,1999,19,38.38,102.99
89064,Active,223827,NA,NA,D,2,1,3504215.116,110.95,2001,20,4,35.99
89065,Active,1533387,NA,NA,D,0,0,1355641.393,159,2007,23,21.41,69.42
89066,Active,719890,NA,NA,D,0,0,1551832.193,74,2000,24,10.93,41.45
89067,Active,912569,NA,NA,D,1,0,409176.2938,65,2003,26,9.62,38.39
89068,Active,901657,NA,NA,D,0,0,2143417.356,409,2010,23,48.84,123.24
89069,Active,3062554,NA,NA,D,1,0,1426162.565,70,1997,65,4,8.82
89070,Active,623410,NA,NA,D,2,1,1741968.486,37,2004,27,4,8.99
89071,Active,2442814,NA,NA,D,0,0,4298009.24,89.99,1999,20,5.06,12.49
89072,Active,2525272,NA,NA,D,0,0,1526969.921,359,1987,25,35.6,156.39
89073,Active,836419,NA,NA,D,1,0,4794973.415,230,2007,13,105.19,185.26
89074,Active,196264,NA,NA,D,1,0,906913.645,39.95,2007,51,4,40.75
89075,Active,899402,NA,NA,D,4,1,2410456.709,72,2004,18,4.12,19.98
89076,Active,897345,NA,NA,D,1,0,1311560.033,244.95,1998,18,4,72.67
89077,Active,2670511,NA,NA,D,3,1,10284297.49,62.5,1994,12,4.48,6.98
89078,Active,688674,NA,NA,D,1,0,1168078.544,24,2008,17,4.1,28.9
89079,Active,882353,NA,NA,D,0,0,4267831.899,45.95,1997,8,16.94,28.99
89080,Active,651632,NA,NA,D,1,0,1418097.091,43,2007,19,15.49,111.93
89081,Active,217417,NA,NA,D,1,0,508097.7625,38,2003,34,4,23.99
89082,Active,2473518,NA,NA,D,2,1,7981249.4,48.75,1988,13,4,0
89083,Active,2625927,NA,NA,D,12,1,3440328.683,105.95,1999,17,4,46.67
89084,Active,916722,NA,NA,D,0,0,1894131.815,12.98,1997,29,4,0
89085,Active,738208,NA,NA,D,3,1,3229897.708,52,2001,11,25.94,83.99
89086,Active,598864,NA,NA,D,0,0,1408568.178,98.95,2005,21,8.78,82.72
89087,Active,616945,NA,NA,D,1,0,1054849.989,54.99,2009,66,4,13.47
89088,Active,642148,NA,NA,D,1,0,787301.2425,59.99,2012,69,28.5,70.1
89089,Active,741375,NA,NA,D,1,0,1461378.735,59.99,2008,23,5.07,19.99
89090,Active,561105,NA,NA,D,1,0,1284376.949,50,2007,49,4,10.89
89091,Active,655316,NA,NA,D,1,0,521784.6038,59.99,2012,39,6.24,29.54
89092,Active,145715,NA,NA,D,0,0,1123230,54.99,2007,94,3.99,9.18
89093,Active,912832,NA,NA,D,1,0,3200235.521,121.95,2009,27,4.13,9.88
89094,Active,178665,NA,NA,D,1,0,1471267.233,84.95,2010,30,4,32.94
89095,Active,650022,NA,NA,D,1,0,1211475.465,59.99,2010,30,18.98,35.79
89096,Active,243884,NA,NA,D,1,0,1291326.974,79.95,2010,24,4,70.59
89097,Active,610240,NA,NA,D,1,0,1753473.898,114.95,2009,45,4,8.58
89098,Active,252019,NA,NA,D,1,0,1404140.431,125.95,2007,57,4,24.68
89099,Active,146559,NA,NA,D,1,0,1349295.81,59.99,2010,31,7.65,33.99
89100,Active,1554628,NA,NA,D,1,0,472771.1988,59.95,2013,49,15.98,33.99
89101,Active,611794,NA,NA,D,1,0,633270.8688,83.95,2013,15,34.3,129.79
89102,Active,178690,NA,NA,D,1,0,1008065.159,79.95,2010,33,5.43,18.26
89103,Active,250108,NA,NA,D,1,0,5045628.253,74.95,2005,18,4.19,6.99
89104,Active,144523,NA,NA,D,0,0,3431069.269,24,2002,22,4,21.98
89105,Active,145858,NA,NA,D,3,1,1235935.489,44.99,2007,29,5.29,0
89106,Active,648437,NA,NA,D,1,0,2005867.598,49.95,2000,21,10.14,49.78
89107,Active,2363975,NA,NA,D,3,1,1527752.246,213.15,1984,16,6.14,177.23
89108,Active,2261747,NA,NA,D,1,0,2221545.801,190.3,2008,38,42.92,181.29
89109,Active,598417,NA,NA,D,3,1,4177146.695,144.95,2000,20,4,19.95
89110,Active,651237,NA,NA,D,1,0,2040762.048,80,2007,18,4.08,53.99
89111,Active,2609474,NA,NA,D,1,0,2485147.28,110,2002,23,4.97,28.19
89112,Active,1591754,NA,NA,D,1,0,1866879.683,210,2006,28,4.12,14.01
89113,Active,1557195,NA,NA,D,1,0,2339222.185,43.95,2014,23,18.37,31.24
89114,Active,907087,NA,NA,D,1,0,2457723.699,78,2009,21,29.53,0
89115,Active,2528533,NA,NA,D,0,0,2901587.581,140,1993,14,6.39,124.78
89116,Active,1479021,NA,NA,D,1,0,3141444.026,78,2011,41,4.98,8.31
89117,Active,889962,NA,NA,D,0,0,6761003.35,68,2006,12,48.99,0
89118,Active,1924152,NA,NA,D,4,1,1760154.248,80,2011,22,6.39,97.3
89119,Active,906926,NA,NA,D,2,1,1430095.62,64.95,2004,30,6.88,48.98
89120,Active,644177,NA,NA,D,1,0,605524.3813,105,2004,19,7.52,23.99
89121,Active,903058,NA,NA,D,0,0,4255864.371,199,2010,23,20.73,144.66
89122,Active,597825,NA,NA,D,4,1,1448956.07,49.25,2007,17,6.04,0
89123,Active,704064,NA,NA,D,2,1,6917805.6,0,2001,15,7.58,0
89124,Active,721764,NA,NA,D,1,0,2639320.489,84.95,2005,18,8.98,21.49
89125,Active,641209,NA,NA,D,1,0,770376.8913,119.95,1997,22,3.88,28.99
89126,Active,897786,NA,NA,D,0,0,751970.7963,129,1994,17,8.54,0
89127,Active,828142,NA,NA,D,0,0,1636465.421,45,2001,26,4,41.75
89128,Active,758372,NA,NA,D,1,0,1649369.393,49.95,2003,18,31.46,42.98
89129,Active,2266189,NA,NA,D,0,0,27062.2,0,2013,10,0,0
89130,Active,628525,NA,NA,D,1,0,2404957.544,117.95,2008,29,4,7.99
89131,Active,892430,NA,NA,D,1,0,1254969.708,149.95,2011,11,67.29,149.88
89132,Active,653776,NA,NA,D,1,0,2390166.495,165,1999,22,4.98,49.86
89133,Active,2569489,NA,NA,D,1,0,1857525.356,55,1991,18,26.53,131.29
89134,Active,1721046,NA,NA,D,0,0,966090.785,39.95,2013,18,20.3,34.98
89135,Active,1444474,NA,NA,D,3,1,1612482.313,50.95,2011,11,22.22,30.54
89136,Active,2558811,NA,NA,D,2,1,1620143.965,147.09,1972,17,5.13,147.09
89137,Active,2566139,NA,NA,D,2,1,4192429.1,0,1969,31,4,41.99
89138,Active,2570471,NA,NA,D,1,0,4126860.038,115,1993,21,8.98,52.01
89139,Active,714937,NA,NA,D,4,1,3806483.618,107.75,2006,14,10.38,54.04
89140,Active,1927000,NA,NA,D,0,0,443200.1388,47.5,2010,19,6.29,17.98
89141,Active,3620846,NA,NA,D,0,0,2285165.2,130,2001,29,20.78,83.94
89142,Active,2748906,NA,NA,D,1,0,2839802.988,185.95,1998,21,4.23,72.35
89143,Active,909514,NA,NA,D,0,0,1611577.226,189.95,1997,15,19.97,33.99
89144,Active,891522,NA,NA,D,4,1,3063874.376,181.12,2003,17,9.6,72.97
89145,Active,278156,NA,NA,D,0,0,1276059.564,44.95,2002,27,6.59,0
89146,Active,126389,NA,NA,D,0,0,1898200.261,59.5,2004,19,9.61,64.75
89147,Active,163223,NA,NA,D,1,0,2471798.349,175,2004,21,25.23,80.98
89148,Active,2261652,NA,NA,D,0,0,4516803.354,105,2010,17,28.8,90.57
89149,Active,3302191,NA,NA,D,0,0,6411624.25,0,2003,1,0,0
89150,Active,562539,NA,NA,D,0,0,3973954.205,88.53,1999,13,4.98,62.99
89151,Active,906099,NA,NA,D,2,1,3484109.983,48,2003,21,5.97,19.98
89152,Active,824163,NA,NA,D,1,0,3748069.059,39.95,1991,17,4,30.99
89153,Active,2364187,NA,NA,D,3,1,8962223.2,0,1984,28,4,69.99
89154,Active,2524290,NA,NA,D,1,0,5841630.549,33.95,2004,15,8.94,52.03
89155,Active,621981,NA,NA,D,1,0,882494.0063,74,2009,58,4,18.99
89156,Active,909413,NA,NA,D,0,0,1726390.829,54,2002,24,4.34,13.99
89157,Active,1867789,NA,NA,D,1,0,3994116.461,159.95,2009,13,20.95,23.57
89158,Active,914966,NA,NA,D,0,0,991463.7275,141.15,1978,35,12.57,66.45
89159,Active,2081909,NA,NA,D,0,0,1723722.886,110,2010,19,108.64,108.65
89160,Active,762295,NA,NA,D,1,0,1544643.616,49.99,2006,47,4,7.5
89161,Active,2570996,NA,NA,D,5,1,284870.77,190.11,1993,39,13.23,63.3
89162,Active,3463957,NA,NA,D,0,0,1184281.25,104.25,1985,35,4.75,46.48
89163,Active,147643,NA,NA,D,1,0,533559.7425,71.95,2011,53,4.77,30.9
89164,Active,2260539,NA,NA,D,3,1,6605324.15,112.34,2011,56,80.34,91.43
89165,Active,552030,NA,NA,D,0,0,550584.0763,134.67,2002,21,31,48.99
89166,Active,889529,NA,NA,D,2,1,5033206.28,103.55,2000,14,4.34,103.55
89167,Active,2254512,NA,NA,D,5,1,1313658.361,292.36,2007,32,64.87,249.3
89168,Active,633356,NA,NA,D,1,0,1309408.21,115.95,2008,24,74.89,78.68
89169,Active,602633,NA,NA,D,1,0,397085.3113,125,2008,23,29.98,0
89170,Active,574214,NA,NA,D,1,0,2470289.161,65.95,2011,14,33.77,65.95
89171,Active,2442739,NA,NA,D,0,0,2706019.763,209,1998,26,8.44,68.43
89172,Active,2025804,NA,NA,D,1,0,2765619.071,49.99,2007,30,4,10.99
89173,Active,211009,NA,NA,D,2,1,603096.0513,67.95,2009,95,4,12.13
89174,Active,222325,NA,NA,D,3,1,2208416.473,50,2005,23,4,11.14
89175,Active,917109,NA,NA,D,3,1,4772037.216,5.51,2006,32,4.13,0
89176,Active,3098969,NA,NA,D,0,0,6813040.48,49.95,2004,17,4.48,33.39
89177,Active,2245297,NA,NA,D,0,0,3276816.511,73,2007,19,8.94,51.05
89178,Active,2537612,NA,NA,D,1,0,3125584.445,110,2002,18,38.21,79.87
89179,Active,621680,NA,NA,D,0,0,927734.4938,149,1986,28,9.64,49.35
89180,Active,788153,NA,NA,D,1,0,1825847.013,131.95,1999,19,7.69,10.26
89181,Active,2159408,NA,NA,D,1,0,1548322.79,54.95,2009,18,18.41,151.01
89182,Active,2159410,NA,NA,D,1,0,1188914.326,49.95,2011,18,9.04,166.85
89183,Active,630943,NA,NA,D,3,1,1926804.221,109.95,2008,21,44.98,138.16
89184,Active,2814353,NA,NA,D,1,0,1138876.443,62,2002,15,31.94,83.7
89185,Active,2583036,NA,NA,D,0,0,664751.09,21.95,1987,41,4.96,17.13
89186,Active,196752,NA,NA,D,0,0,2001665.719,59.95,2011,29,4,43.98
89187,Active,3010519,NA,NA,D,2,1,5786315.498,136.95,2004,21,4.46,7.34
89188,Active,152912,NA,NA,D,0,0,2317576.183,89.99,1999,27,37.89,0
89189,Active,2502470,NA,NA,D,0,0,2402059.855,89.95,2002,40,11.9,16.13
89190,Active,2364237,NA,NA,D,0,0,2889977.07,35.95,1985,41,4,31
89191,Active,3128553,NA,NA,D,3,1,1985413.91,22,1995,20,4.98,24.88
89192,Active,3128566,NA,NA,D,4,1,2457543.133,56.99,2002,13,37.87,46.94
89193,Active,2245373,NA,NA,D,1,0,2197568.636,105,2011,21,30.69,95.06
89194,Active,1593130,NA,NA,D,1,0,2459323.635,175,2007,39,22.81,40.97
89195,Active,294346,NA,NA,D,1,0,1500307.93,75,2003,32,4,7.2
89196,Active,812100,NA,NA,D,0,0,6438988.566,94.95,2010,11,30.96,88.98
89197,Active,789546,NA,NA,D,1,0,2634618,179,2006,22,4.61,22.12
89198,Active,229148,NA,NA,D,1,0,2111802.858,57,2007,35,4,7.42
89199,Active,904736,NA,NA,D,1,0,4360880.578,49.99,2003,17,4,38.26
89200,Active,155274,NA,NA,D,5,1,1289691.616,55.56,1998,23,4,20.98
89201,Active,1498801,NA,NA,D,0,0,284073.1238,39.99,2011,16,36.94,43.98
89202,Active,238691,NA,NA,D,0,0,330023.9975,37.96,2002,29,17.07,42.47
89203,Active,822904,NA,NA,D,0,0,1118981.545,29,1993,21,5.65,60.98
89204,Active,172104,NA,NA,D,0,0,3130619.369,52.95,2005,20,4,0
89205,Active,650553,NA,NA,D,0,0,744121.5313,45.95,2010,16,13.09,0
89206,Active,655791,NA,NA,D,9,1,1087109.251,296.73,2012,17,11.06,602.99
89207,Active,246532,NA,NA,D,1,0,2627542.706,103.95,2008,20,4.3,89.99
89208,Active,246533,NA,NA,D,1,0,1829374.846,41.95,2008,33,4,41.61
89209,Active,891593,NA,NA,D,0,0,4014452.735,39.95,2004,14,6.98,52.29
89210,Active,2782643,NA,NA,D,0,0,1161323.43,55,1998,26,10.79,43.9
89211,Active,201713,NA,NA,D,0,0,600843.335,59.95,2010,39,8.49,46.38
89212,Active,793776,NA,NA,D,1,0,2887994.316,140,2004,13,4.91,71.99
89213,Active,1738055,NA,NA,D,0,0,2552334.536,69.95,2009,19,6.6,39.98
89214,Active,162001,NA,NA,D,1,0,939365.5513,34.95,2007,48,4,10.35
89215,Active,899300,NA,NA,D,0,0,2824167.048,182.81,1975,14,42.45,285.47
89216,Active,1582700,NA,NA,D,1,0,1219466.233,39.99,2010,23,4.48,28.97
89217,Active,385443,NA,NA,D,0,0,4787906.863,339,2003,18,40.86,0
89218,Active,2778369,NA,NA,D,1,0,3341120.728,307.94,1979,18,8.09,53.48
89219,Active,2606578,NA,NA,D,0,0,4506478.476,62.99,1998,14,14.36,88.54
89220,Active,625541,NA,NA,D,1,0,465164.055,98.95,1994,30,25.44,84.22
89221,Active,718200,NA,NA,D,0,0,554079.1875,94.5,1998,20,34.91,127.07
89222,Active,648069,NA,NA,D,1,0,2026746.268,65,1973,17,9.69,77.56
89223,Active,2204430,NA,NA,D,0,0,1556487.375,125,2006,21,13.62,615.14
89224,Active,256928,NA,NA,D,0,0,721384.505,24.95,2005,22,11.99,24.95
89225,Active,2588655,NA,NA,D,2,1,9600478.65,41.75,1972,9,5.32,143.98
89226,Active,204937,NA,NA,D,0,0,612656.3375,55,2006,18,18.91,0
89227,Active,261458,NA,NA,D,1,0,1660762.896,83,2005,18,4.85,43.89
89228,Active,443452,NA,NA,D,0,0,1853604.095,140,2005,16,16.94,73.41
89229,Active,2806666,NA,NA,D,1,0,3596491.854,55,2004,13,32.07,105.49
89230,Active,3125042,NA,NA,D,3,1,3557620.204,41.95,1992,17,6.48,10.99
89231,Active,2372258,NA,NA,D,3,1,4796317.326,34.75,1994,26,4,19.89
89232,Active,246188,NA,NA,D,0,0,2595564.254,174.95,2004,16,8.18,0
89233,Active,2600299,NA,NA,D,2,1,5028703.853,26.99,1994,25,3.99,3.99
89234,Active,901528,NA,NA,D,1,0,3952650.699,85,1989,19,8.73,58.98
89235,Active,634556,NA,NA,D,0,0,621950.4138,150,1999,34,12.87,62.84
89236,Active,2826531,NA,NA,D,0,0,1296995.31,40,2004,21,4,87.13
89237,Active,2404158,NA,NA,D,0,0,3235961.869,40,1988,53,3.5,5.99
89238,Active,1448132,NA,NA,D,0,0,1492932.904,65.65,2006,17,8.38,53.11
89239,Active,2489966,NA,NA,D,0,0,1838412.736,185,2001,25,6.48,65.51
89240,Active,812951,NA,NA,D,0,0,1978086.403,59.5,2010,23,4,46.96
89241,Active,2271768,NA,NA,D,3,1,1723032.235,50.26,2012,49,9.27,40.85
89242,Active,675441,NA,NA,D,0,0,688847.1525,24.95,1984,58,4,0
89243,Active,189542,NA,NA,D,0,0,1246747.165,42,1999,15,8.95,0
89244,Active,2602394,NA,NA,D,0,0,1800104.6,125,1998,19,41.53,73.99
89245,Active,2598864,NA,NA,D,0,0,3940446.854,124.99,1993,16,34.86,104.95
89246,Active,281533,NA,NA,D,0,0,1707401.683,39.95,2007,38,4,31.99
89247,Active,1594102,NA,NA,D,1,0,1349955.289,44.99,2008,27,5.98,31.59
89248,Active,720702,NA,NA,D,1,0,737455.3088,58,2004,39,13.91,30.08
89249,Active,1469025,NA,NA,D,0,0,5210277.126,95,2010,16,6.39,51.24
89250,Active,900731,NA,NA,D,1,0,492841.6463,65,2002,17,13.94,0
89251,Active,3099013,NA,NA,D,1,0,443445.3425,49.95,2002,22,24.68,63.45
89252,Active,3496859,NA,NA,D,0,0,2288329.45,229,1994,50,4.5,67.25
89253,Active,728243,NA,NA,D,0,0,529977.5863,44.99,2001,41,4,23.42
89254,Active,621228,NA,NA,D,0,0,2368136.653,66.75,1997,27,4,0
89255,Active,3022122,NA,NA,D,1,0,4689269.199,80,1998,14,4.93,10.99
89256,Active,57090,NA,NA,D,1,0,2685645.123,181.95,2004,36,4.07,18.87
89257,Active,889606,NA,NA,D,0,0,4909900.643,46.88,2002,20,4,45.75
89258,Active,911410,NA,NA,D,1,0,3432982.553,204.95,1997,19,4.39,6.96
89259,Active,217741,NA,NA,D,1,0,1596742.959,137.95,2006,25,4.6,0
89260,Active,498731,NA,NA,D,5,1,726695.415,193.95,2009,24,70.22,123.99
89261,Active,908574,NA,NA,D,3,1,2568944.556,11.97,2003,19,4.96,8.98
89262,Active,3019136,NA,NA,D,1,0,1065877.506,60,2004,16,39.94,46.71
89263,Active,866365,NA,NA,D,1,0,1710757.525,350,2012,21,4,153.83
89264,Active,521448,NA,NA,D,1,0,4567146.186,240,2010,14,5.73,101.65
89265,Active,1730250,NA,NA,D,0,0,3257526.61,250,2012,11,4,103.03
89266,Active,138695,NA,NA,D,1,0,407682.8338,64,2000,88,5.09,28.98
89267,Active,264710,NA,NA,D,1,0,2696582.908,49.95,2004,24,6.32,41.38
89268,Active,919325,NA,NA,D,4,1,295397.7013,37.5,2000,58,4.09,13.99
89269,Active,1693839,NA,NA,D,4,1,1623606.579,41,2006,15,4.57,65.71
89270,Active,899828,NA,NA,D,1,0,2322556.851,117.95,2009,16,4.3,31.52
89271,Active,190782,NA,NA,D,4,1,752803.3063,35.95,2000,17,20.18,73.53
89272,Active,2573198,NA,NA,D,1,0,1864257.451,73.94,1975,23,8.88,66.37
89273,Active,2304203,NA,NA,D,0,0,7607159.9,0,1986,14,18.78,0
89274,Active,648431,NA,NA,D,0,0,381323.96,75,2002,27,20.24,123.98
89275,Active,2566254,NA,NA,D,1,0,7661093.306,180,1991,14,9.15,63.38
89276,Active,172408,NA,NA,D,1,0,329672.7763,110,2002,36,5.48,51.55
89277,Active,3079302,NA,NA,D,1,0,4585574.066,241,2002,3,111.44,327.84
89278,Active,2852076,NA,NA,D,0,0,2427369.549,253,2001,20,17.49,34.33
89279,Active,546241,NA,NA,D,4,1,149704.255,119.95,2003,44,13.89,69.47
89280,Active,2009897,NA,NA,D,0,0,3297436.971,119.95,2006,16,68.99,98.93
89281,Active,2226024,NA,NA,D,2,1,1583654.714,33.41,2010,3,36.62,31.85
89282,Active,621249,NA,NA,D,4,1,503053.1388,104.95,2006,31,54.99,71.1
89283,Active,645543,NA,NA,D,0,0,1386381.244,68.95,2008,41,27.99,31.79
89284,Active,1439331,NA,NA,D,6,1,2899519.49,154.43,2007,13,14.14,64.85
89285,Active,676038,NA,NA,D,0,0,4403911.55,24.95,1996,39,4,7.97
89286,Active,3786530,NA,NA,D,0,0,3016267.85,105.95,2001,18,29.94,172.89
89287,Active,3819348,NA,NA,D,2,1,16088016.65,0,1900,5,5.34,0
89288,Active,2243625,NA,NA,D,0,0,923758.205,75,2011,41,42.58,108.22
89289,Active,1653709,NA,NA,D,3,1,1919296.39,124.95,2007,11,23.23,79.95
89290,Active,396024,NA,NA,D,2,1,1019807.214,89,2006,20,18.82,173.15
89291,Active,2561229,NA,NA,D,1,0,11371910.82,0,1979,15,4.87,0
89292,Active,307942,NA,NA,D,4,1,3219089.1,59.95,2000,27,4,10.84
89293,Active,365248,NA,NA,D,1,0,3782416.618,81.95,2006,11,43.78,98.54
89294,Active,1592457,NA,NA,D,1,0,4955556.965,114.99,2006,17,33.99,90.49
89295,Active,650910,NA,NA,D,1,0,2301635.781,90,2012,15,28.95,71.35
89296,Active,199089,NA,NA,D,1,0,947304.57,101,2000,24,4,68.98
89297,Active,3603158,NA,NA,D,0,0,1440229.4,44.99,2000,48,4.39,37.75
89298,Active,269399,NA,NA,D,1,0,530311.0325,60,2006,23,7.91,0
89299,Active,2717940,NA,NA,D,0,0,1195923.021,69.99,1999,42,5.23,28.99
89300,Active,1440633,NA,NA,D,3,1,1312651.055,89,2011,3,150.26,113.35
89301,Active,294674,NA,NA,D,0,0,2365909.184,62,1996,20,27.38,58.89
89302,Active,3047142,NA,NA,D,0,0,3670746.651,0,1992,19,8.19,13.99
89303,Active,891768,NA,NA,D,0,0,1873781.984,24.99,2006,9,16.02,0
89304,Active,194598,NA,NA,D,0,0,2400188.025,59.95,2000,8,23.99,48.6
89305,Active,2594285,NA,NA,D,0,0,2294713.419,190,1989,22,19.4,93.18
89306,Active,904588,NA,NA,D,0,0,1293175.1,49.84,2004,14,7.09,48.77
89307,Active,534307,NA,NA,D,0,0,2561388.89,90.64,1993,60,4.13,12.7
89308,Active,600602,NA,NA,D,0,0,910354.1538,49.72,2010,23,4,0
89309,Active,2655023,NA,NA,D,0,0,230880.5575,94.64,1997,44,4.53,53.17
89310,Active,3531399,NA,NA,D,1,0,17266331.15,105.8,2010,1,0,47.14
89311,Active,2356501,NA,NA,D,0,0,10498336.1,0,2000,8,28.62,0
89312,Active,879779,NA,NA,D,7,1,921983.8425,204.5,2005,27,5.78,63
89313,Active,2518250,NA,NA,D,0,0,3823903.808,273.51,1990,13,15.98,178.65
89314,Active,752585,NA,NA,D,2,1,1085572.743,443.91,2010,14,7.89,328.69
89315,Active,844245,NA,NA,D,0,0,869291.3063,100.25,1986,28,8.24,74.74
89316,Active,715967,NA,NA,D,1,0,1799295.818,90.67,1997,17,4.93,28.98
89317,Active,2618658,NA,NA,D,1,0,1100809.28,215.95,1993,30,15.55,63.65
89318,Active,2325140,NA,NA,D,1,0,1107340.689,67.39,1974,21,17.69,67.37
89319,Active,2425122,NA,NA,D,0,0,1391387.16,73.99,1984,24,9.49,70.69
89320,Active,847747,NA,NA,D,0,0,74369.855,83.48,1997,65,11.64,129.46
89321,Active,3152598,NA,NA,D,0,0,1135814.883,159,2004,30,28.94,43.59
89322,Active,1952677,NA,NA,D,0,0,869876.505,49.95,2013,54,27.64,38
89323,Active,3214106,NA,NA,D,0,0,1531421.115,0,1962,9,9.5,0
89324,Active,2422123,NA,NA,D,0,0,4824233.75,0,1900,12,34.43,53.49
89325,Active,2595565,NA,NA,D,0,0,4919696.766,159.99,1991,18,23.82,85.62
89326,Active,2595140,NA,NA,D,0,0,1999900.611,73.99,1987,25,7.36,67
89327,Active,2424989,NA,NA,D,1,0,2846534.018,32.43,1987,42,4,32.43
89328,Active,3682831,NA,NA,D,4,1,4336414.95,0,2011,7,7.19,0
89329,Active,2365024,NA,NA,D,1,0,6896883.061,48,1986,23,4,43.94
89330,Active,2851590,NA,NA,D,1,0,2364362.72,164.95,1998,14,36.99,57.32
89331,Active,2765959,NA,NA,D,0,0,651551.9363,169,1992,26,68.56,112.67
89332,Active,2485098,NA,NA,D,1,0,5672767.408,69.99,1993,12,32.08,69.99
89333,Active,133742,NA,NA,D,1,0,999243.2625,48,2009,15,11.76,19.99
89334,Active,2589729,NA,NA,D,1,0,4805160.85,57.99,1976,24,17.74,78.13
89335,Active,2589151,NA,NA,D,1,0,878174.3275,73.99,1971,19,4,56.01
89336,Active,2613019,NA,NA,D,1,0,6991900.601,149.99,2001,18,42.15,57.99
89337,Active,196483,NA,NA,D,0,0,3656926.364,48.95,2001,37,4,10.1
89338,Active,662397,NA,NA,D,3,1,1437522.989,75.95,2007,13,6.49,8.98
89339,Active,152383,NA,NA,D,1,0,50383.8125,99,2004,30,65.48,0
89340,Active,189700,NA,NA,D,0,0,335399.5175,55,2001,44,11.24,47.97
89341,Active,2856793,NA,NA,D,0,0,970270.1488,39.95,1987,31,5.72,33.98
89342,Active,2611942,NA,NA,D,0,0,8465266.091,99.99,2000,17,43.99,97.44
89343,Active,2589793,NA,NA,D,0,0,1667850.184,34.5,1976,17,4,73.13
89344,Active,659970,NA,NA,D,1,0,2543683.906,34.95,2001,18,19.8,53.87
89345,Active,2653355,NA,NA,D,0,0,2342770.199,39.96,1992,25,4,18.95
89346,Active,3472953,NA,NA,D,0,0,9448638.55,58.67,1996,22,4,45.03
89347,Active,454478,NA,NA,D,1,0,1434699.559,155,2001,27,7.47,13.99
89348,Active,2418715,NA,NA,D,0,0,4803624.838,70,2002,14,20.19,64.26
89349,Active,3581504,NA,NA,D,0,0,5820417.8,165,2006,18,4.58,106.17
89350,Active,3581562,NA,NA,D,0,0,1141028.45,289,2015,24,53.99,273.6
89351,Active,178586,NA,NA,D,4,1,836115.3025,87.95,2002,18,4.28,0
89352,Active,2851472,NA,NA,D,1,0,2330144.066,99.95,2004,12,35.56,111.49
89353,Active,2560609,NA,NA,D,1,0,4432182.198,140,1995,22,10.67,63.9
89354,Active,922672,NA,NA,D,0,0,548332.2888,18.99,1989,89,4,15.94
89355,Active,909167,NA,NA,D,0,0,404764.3,52,2005,27,9.31,56.74
89356,Active,1592379,NA,NA,D,0,0,3860608.808,110,2006,23,37.61,39
89357,Active,911863,NA,NA,D,0,0,1394992.85,40,2004,26,5.47,63.8
89358,Active,568739,NA,NA,D,0,0,2021876.953,60,1996,30,4,43.69
89359,Active,557401,NA,NA,D,1,0,338127.6813,48,2011,19,10.49,28.49
89360,Active,843937,NA,NA,D,0,0,2871345.2,74.92,1985,26,4.58,68.29
89361,Active,599087,NA,NA,D,0,0,1418718.861,55.95,2008,17,5.16,8.98
89362,Active,902850,NA,NA,D,1,0,482011.3238,39.95,1994,18,17.72,303.17
89363,Active,1427208,NA,NA,D,0,0,2793746.804,12.5,2007,20,4.49,46.23
89364,Active,897199,NA,NA,D,0,0,981760.8213,79.95,2001,31,27.93,102.74
89365,Active,747554,NA,NA,D,1,0,966294.25,42.5,1998,35,4.98,67.25
89366,Active,105971,NA,NA,D,1,0,1515996.56,75,2002,36,27.31,137.21
89367,Active,665694,NA,NA,D,1,0,742286.1275,64,2000,25,5.16,53.39
89368,Active,3310336,NA,NA,D,0,0,8737611.6,0,1900,10,26.6,715.97
89369,Active,2807031,NA,NA,D,0,0,3109485.296,53,1981,25,4,23.94
89370,Active,729071,NA,NA,D,1,0,811387.9875,39.95,1997,92,4,13.7
89371,Active,172165,NA,NA,D,1,0,678300.4063,42,2007,21,15.58,43.99
89372,Active,669681,NA,NA,D,1,0,2670761.481,80,2012,14,6.44,62.91
89373,Active,901373,NA,NA,D,1,0,2866681.766,60,2011,13,4.93,72.39
89374,Active,612210,NA,NA,D,1,0,870723.4988,65.52,2012,16,11.55,79.48
89375,Active,913513,NA,NA,D,1,0,1338551.215,32.95,2003,28,5.97,30.48
89376,Active,906229,NA,NA,D,4,1,4725125.7,32.95,2005,22,4.16,33.82
89377,Active,157556,NA,NA,D,5,1,1775534.08,36.95,2009,26,4.3,50.57
89378,Active,629207,NA,NA,D,4,1,126931.3388,234,2012,77,5.74,88.98
89379,Active,2446205,NA,NA,D,0,0,6398571.8,0,1983,23,4,23.99
89380,Active,268830,NA,NA,D,9,1,1675490.03,90,2011,28,15.24,151.12
89381,Active,737135,NA,NA,D,1,0,3165707.115,97.95,1998,13,4.57,98.99
89382,Active,655134,NA,NA,D,9,1,64114.45,115,2013,36,11.44,94.85
89383,Active,898042,NA,NA,D,2,1,5189870.901,122,2004,13,13.98,18.46
89384,Active,200380,NA,NA,D,1,0,1223087.825,202.95,2009,41,5.18,18.94
89385,Active,781774,NA,NA,D,0,0,631135.225,59.99,2008,35,25.02,50.06
89386,Active,143436,NA,NA,D,2,1,982896.7425,41,2000,29,4.46,50.53
89387,Active,737651,NA,NA,D,8,1,4395410.299,125,2007,14,4,13.94
89388,Active,109852,NA,NA,D,1,0,1051079.225,49.95,2008,34,4,47.63
89389,Active,658714,NA,NA,D,1,0,804981.0663,72.95,1994,24,11.57,162.73
89390,Active,793366,NA,NA,D,0,0,2143915.45,105,2002,18,4,8.78
89391,Active,2586039,NA,NA,D,1,0,2140407.904,39.95,2003,29,10.67,83.95
89392,Active,2940491,NA,NA,D,2,1,5231192.458,71.95,2005,13,4,675
89393,Active,830153,NA,NA,D,0,0,1779695.144,58,1996,21,4,7.26
89394,Active,288547,NA,NA,D,5,1,473583.3813,85.2,2004,34,4,49.15
89395,Active,1657817,NA,NA,D,1,0,1951408.619,49.7,2009,17,13.69,69.99
89396,Active,908521,NA,NA,D,0,0,1110518.763,60,2002,20,16.94,56.69
89397,Active,198457,NA,NA,D,2,1,434236.9988,72.95,2007,13,22.98,53.99
89398,Active,795185,NA,NA,D,15,1,3387207.329,165.95,2011,13,23.99,137.33
89399,Active,451780,NA,NA,D,1,0,2455687.571,161.95,2009,43,4,13.93
89400,Active,158334,NA,NA,D,1,0,507214.9963,55.95,2010,46,4,15.99
89401,Active,2811969,NA,NA,D,1,0,1097386.123,50,2003,14,5.17,56.43
89402,Active,480721,NA,NA,D,3,1,471787.1663,60,2011,18,37.09,47.89
89403,Active,1487612,NA,NA,D,0,0,1299858.673,115,2010,25,5.88,38.6
89404,Active,112111,NA,NA,D,1,0,352344.0663,130.75,2000,53,5.81,26.97
89405,Active,136153,NA,NA,D,0,0,674644.3363,27.95,2005,50,5.28,20.13
89406,Active,454389,NA,NA,D,1,0,2697663.646,185,2009,14,6.29,96.59
89407,Active,2782196,NA,NA,D,0,0,1833636.736,58,1996,20,23.98,33.98
89408,Active,607235,NA,NA,D,3,1,2083370.311,46,2001,26,4,6.48
89409,Active,732488,NA,NA,D,0,0,2350516.039,120,2004,17,7.03,77.78
89410,Active,495499,NA,NA,D,0,0,8189703.011,324,2008,12,9.67,72.61
89411,Active,284485,NA,NA,D,1,0,1529561.886,137.95,1997,22,44.21,134.68
89412,Active,169086,NA,NA,D,2,1,2093054.439,60.95,2005,29,4,57.33
89413,Active,461993,NA,NA,D,2,1,2327028.089,144.95,2006,18,5.83,97.79
89414,Active,60057,NA,NA,D,6,1,7361700.584,43.95,2005,19,4.68,39.75
89415,Active,532934,NA,NA,D,7,1,2720905.766,59.95,2009,20,5.47,6.66
89416,Active,2402649,NA,NA,D,0,0,1223615.318,14.95,1975,23,9.23,70.29
89417,Active,898046,NA,NA,D,0,0,2691257.345,72,2004,17,4.05,58.76
89418,Active,891606,NA,NA,D,0,0,3985544.934,89,2004,15,6.64,98.99
89419,Active,3077757,NA,NA,D,4,1,2276446.808,264,2002,20,12.03,63.97
89420,Active,265291,NA,NA,D,1,0,2527525.79,99,2004,22,8.35,53.33
89421,Active,523231,NA,NA,D,4,1,1568254.606,177,2009,24,62.78,133.81
89422,Active,2875353,NA,NA,D,3,1,3257546.636,192,1997,21,8.82,33.89
89423,Active,905909,NA,NA,D,1,0,2104103.51,199,2004,19,53.24,104.75
89424,Active,2283144,NA,NA,D,0,0,767498,0,2011,19,0,0
89425,Active,3534008,NA,NA,D,0,0,5127827.1,65.95,2007,18,11.48,65.94
89426,Active,292303,NA,NA,D,1,0,1431802.109,54.95,2001,33,4,48.65
89427,Active,2649098,NA,NA,D,1,0,5038934.55,128.95,2001,15,6.95,19.89
89428,Active,2366169,NA,NA,D,2,1,5280155.35,0,1978,15,8.98,0
89429,Active,2563256,NA,NA,D,0,0,2191205.06,0,1964,20,5.24,0
89430,Active,719678,NA,NA,D,1,0,2190865.01,100,2000,21,5.31,24.93
89431,Active,1847214,NA,NA,D,0,0,673738.74,34.45,2007,26,28.99,34.45
89432,Active,2366145,NA,NA,D,0,0,9058211.9,30.8,1991,21,4,40.19
89433,Active,1713913,NA,NA,D,0,0,1847943.416,24.95,2014,55,23.24,20.81
89434,Active,1591184,NA,NA,D,1,0,3093650.586,110,2010,38,17.91,83.8
89435,Active,3598008,NA,NA,D,0,0,5284144.4,119,1994,25,12.51,118.99
89436,Active,2850830,NA,NA,D,0,0,1640807.765,47.95,1997,35,37.7,50.85
89437,Active,301259,NA,NA,D,0,0,53306.33,34.95,2006,35,15.89,0
89438,Active,2404755,NA,NA,D,1,0,2726008.609,111,1988,24,8.77,82.99
89439,Active,721557,NA,NA,D,0,0,924705.01,30,2005,26,7.65,52.74
89440,Active,2938736,NA,NA,D,1,0,3044333.463,115,2004,17,8.62,11
89441,Active,287958,NA,NA,D,1,0,698952.1725,29.95,2006,35,4.28,33.98
89442,Active,2578389,NA,NA,D,2,1,4230738.73,149.95,1985,16,5.97,0
89443,Active,2883194,NA,NA,D,1,0,6005666.684,347.25,1987,15,10.33,133.87
89444,Active,902863,NA,NA,D,2,1,2608064.223,24.95,2000,20,8.99,77.82
89445,Active,3499166,NA,NA,D,0,0,2374661,59.99,2001,83,5.48,17.77
89446,Active,123868,NA,NA,D,1,0,1471507.895,90.95,1996,31,4,4
89447,Active,666915,NA,NA,D,0,0,701843.7088,39.95,2010,17,35.86,153.4
89448,Active,1965769,NA,NA,D,0,0,778324.1188,14.95,2012,13,11.07,11.21
89449,Active,2936456,NA,NA,D,0,0,2290870.243,119,2004,24,24.98,41.19
89450,Active,2410425,NA,NA,D,0,0,3625986.583,31.95,1982,18,4.72,27.95
89451,Active,1952271,NA,NA,D,0,0,1561706.959,139,2012,32,66.99,114.63
89452,Active,778290,NA,NA,D,4,1,3284398.706,45.95,2003,24,4,14.06
89453,Active,3112969,NA,NA,D,1,0,6981359.4,179.95,2002,12,116.92,166.09
89454,Active,2679749,NA,NA,D,3,1,5610563.24,43.56,1989,18,4,54.25
89455,Active,3112990,NA,NA,D,1,0,5062708.21,299.95,2004,11,51.32,355.57
89456,Active,901115,NA,NA,D,1,0,1668076.799,51.95,2009,20,4.29,41.62
89457,Active,277353,NA,NA,D,1,0,2425123.06,110,1997,14,22.43,99.52
89458,Active,2606368,NA,NA,D,0,0,9002409.799,149.99,1997,15,33.97,98.99
89459,Active,3113336,NA,NA,D,2,1,5532570.503,40,2003,6,32.48,32.97
89460,Active,2259200,NA,NA,D,1,0,1931371.85,0,2006,19,0,0
89461,Active,2526434,NA,NA,D,1,0,2204024.819,550,1990,25,12.69,75.18
89462,Active,709966,NA,NA,D,1,0,2424535.935,72,2000,28,4,43.99
89463,Active,156548,NA,NA,D,0,0,2920013.726,56.95,2002,24,4.87,38.94
89464,Active,504173,NA,NA,D,2,1,4768069.686,99.95,2004,19,3.99,221.92
89465,Active,266288,NA,NA,D,1,0,2446076.868,74.95,2003,20,13.14,52.34
89466,Active,114016,NA,NA,D,6,1,2814457.469,87.4,2000,62,3.99,7.96
89467,Active,2591051,NA,NA,D,0,0,2800984.858,24.95,1982,21,26.99,73.99
89468,Active,430501,NA,NA,D,0,0,758778.9475,41.95,2000,21,20.94,40.56
89469,Active,2545495,NA,NA,D,1,0,1793321.903,43.95,2000,24,4,18.98
89470,Active,1854598,NA,NA,D,1,0,3142474.719,93,2007,17,35.15,83.99
89471,Active,2768628,NA,NA,D,0,0,1973397.233,2199.84,1976,14,63.06,2003.11
89472,Active,3111636,NA,NA,D,0,0,1971478.676,110,2000,9,47.99,538.82
89473,Active,400575,NA,NA,D,8,1,4500926.266,129,2006,12,20.1,127.23
89474,Active,326603,NA,NA,D,5,1,5718779.496,45,1995,15,4,23.94
89475,Active,3747230,NA,NA,D,1,0,3268340.6,84.95,1988,32,49.99,80.63
89476,Active,2592886,NA,NA,D,2,1,7137393.581,29,1977,50,4,23.96
89477,Active,271473,NA,NA,D,1,0,996162.5638,50.95,2004,32,4,0
89478,Active,141199,NA,NA,D,0,0,2849813.891,83,2000,14,28.79,83
89479,Active,149565,NA,NA,D,0,0,2331946.623,42.95,2002,20,6.27,10.94
89480,Active,395661,NA,NA,D,0,0,2001929.189,65,1998,18,4,54.15
89481,Active,403702,NA,NA,D,1,0,1229670.531,92,2005,21,4,38.94
89482,Active,333572,NA,NA,D,0,0,1144296.805,109,2006,28,25.73,71.93
89483,Active,2580611,NA,NA,D,1,0,1038959.673,58.95,1971,15,34.13,136.29
89484,Active,3464062,NA,NA,D,1,0,647949.45,133.2,1971,61,19.97,95.38
89485,Active,307742,NA,NA,D,0,0,8350911.165,122.45,2004,15,6.82,122.45
89486,Active,107330,NA,NA,D,1,0,2481810.406,54.98,2004,37,4,18.89
89487,Active,225848,NA,NA,D,0,0,3252105.564,115.95,2005,15,4,33.52
89488,Active,152382,NA,NA,D,0,0,351002.2763,109,2004,35,24.04,75.97
89489,Active,262708,NA,NA,D,1,0,2727725.27,46.95,2006,22,4.28,101.17
89490,Active,339048,NA,NA,D,3,1,4821285.06,60,2006,20,8.01,51.57
89491,Active,2691158,NA,NA,D,3,1,399493.42,30.95,2001,19,6.48,30.95
89492,Active,2424254,NA,NA,D,2,1,1381869.906,62,1989,32,7.14,66.98
89493,Active,212328,NA,NA,D,1,0,617863.4288,115.6,2001,21,5.31,72.6
89494,Active,586954,NA,NA,D,0,0,784378.7725,226.47,2007,20,5.7,48.4
89495,Active,347413,NA,NA,D,1,0,1091207.313,125,1997,25,18.93,100.36
89496,Active,2535735,NA,NA,D,2,1,3852398.636,47.95,1999,22,4.61,34.75
89497,Active,333036,NA,NA,D,0,0,2876395.508,47.95,2003,16,7.44,47.86
89498,Active,1854131,NA,NA,D,0,0,3049543.779,50.95,2007,14,14.66,92.32
89499,Active,157649,NA,NA,D,1,0,266936.315,64.95,2009,22,35.39,57.01
89500,Active,904711,NA,NA,D,0,0,1555960.223,114.95,2013,13,12.79,78.79
89501,Active,2414762,NA,NA,D,3,1,16459163.65,98,1998,0,0,0
89502,Active,563238,NA,NA,D,0,0,351227.1263,79.95,1995,22,27.21,130.46
89503,Active,2592455,NA,NA,D,0,0,6920091.979,40.99,1981,25,4,52.73
89504,Active,181174,NA,NA,D,1,0,977795.0163,55,1996,17,11.37,79.11
89505,Active,2693746,NA,NA,D,1,0,1282116.305,29.95,1991,24,4.55,49.64
89506,Active,175929,NA,NA,D,0,0,1059840.394,105,2007,29,13.94,63.99
89507,Active,370510,NA,NA,D,0,0,1948116.539,46.95,2007,22,4.81,41.47
89508,Active,299911,NA,NA,D,1,0,1835461.709,92.95,2002,21,4,56.69
89509,Active,1558381,NA,NA,D,2,1,3941931.673,170,2011,17,17.29,69.48
89510,Active,264870,NA,NA,D,1,0,1646644.88,94.95,2000,14,7.28,23.98
89511,Active,219693,NA,NA,D,0,0,1137876.938,99,2001,25,6.75,45.73
89512,Active,2502992,NA,NA,D,2,1,4266750.984,69.95,1999,11,18.99,101.87
89513,Active,903448,NA,NA,D,1,0,6224514.824,45.95,1994,17,4,62.05
89514,Active,386373,NA,NA,D,1,0,8547056.378,35.95,2005,16,5.41,105.99
89515,Active,529082,NA,NA,D,2,1,5284006.24,49,2009,13,6.9,49.64
89516,Active,130825,NA,NA,D,1,0,1484470.043,165.8,1997,23,7.34,63.07
89517,Active,275498,NA,NA,D,1,0,1281860.151,109.95,1997,33,4,5.99
89518,Active,116246,NA,NA,D,1,0,2158853.491,186.2,2007,23,4,7.97
89519,Active,393548,NA,NA,D,3,1,1837803.583,75,2006,10,14.11,53.46
89520,Active,367918,NA,NA,D,1,0,2090836.015,89.95,1997,15,4.81,72.39
89521,Active,2560684,NA,NA,D,1,0,4088405.559,41.39,1981,24,4,41.39
89522,Active,1666877,NA,NA,D,0,0,1750988.479,26.99,2009,12,23.01,26.99
89523,Active,149303,NA,NA,D,2,1,1858579.121,39,2004,19,4.97,29.7
89524,Active,355852,NA,NA,D,1,0,4760901.493,55.95,1996,23,4.31,32.45
89525,Active,2490962,NA,NA,D,2,1,5935100.291,74.95,2005,20,7.92,22.89
89526,Active,149437,NA,NA,D,3,1,411584.2413,60,2010,34,7.14,43.89
89527,Active,147824,NA,NA,D,1,0,1921504.559,275.95,2002,38,4,20.15
89528,Active,352929,NA,NA,D,1,0,4301955.964,39.6,2001,22,4.96,49.45
89529,Active,161450,NA,NA,D,1,0,2408021.019,52.95,2007,21,5.09,58.15
89530,Active,219701,NA,NA,D,0,0,2151667.955,79.99,2002,13,54.21,56.46
89531,Active,2646322,NA,NA,D,0,0,2476254.109,17.95,1991,15,4,66.38
89532,Active,529053,NA,NA,D,0,0,1159955.774,109.95,2009,20,48.29,66.35
89533,Active,726104,NA,NA,D,0,0,1484319.286,35.75,2012,11,9.76,0
89534,Active,406316,NA,NA,D,0,0,1391656.301,125,2006,22,37.15,83.79
89535,Active,264872,NA,NA,D,2,1,2714071.021,59.95,2001,19,5.49,73.97
89536,Active,2613508,NA,NA,D,2,1,1637698.95,110,2002,13,7.4,43.99
89537,Active,172361,NA,NA,D,2,1,1569177.775,44.99,2002,45,4,6.49
89538,Active,3472082,NA,NA,D,2,1,4053400.7,114.8,2002,35,4,43.33
89539,Active,323455,NA,NA,D,6,1,1352263.164,50,2010,21,6.37,48.43
89540,Active,1492050,NA,NA,D,2,1,1146557.064,99.5,2009,17,18.93,118.6
89541,Active,393692,NA,NA,D,0,0,1685283.791,68,2010,22,6.38,33.79
89542,Active,396867,NA,NA,D,0,0,1866514.388,59.95,2005,29,4,36.81
89543,Active,175002,NA,NA,D,0,0,3189422.806,63,2007,19,4.77,29.28
89544,Active,246294,NA,NA,D,2,1,939653.5925,62.95,2006,27,9.36,27.29
89545,Active,347266,NA,NA,D,0,0,2329032.903,78.99,2000,16,4,72.33
89546,Active,385645,NA,NA,D,0,0,4311846.155,143.95,2005,18,23,103.56
89547,Active,272825,NA,NA,D,0,0,1139638.314,49.95,2002,26,9.17,28.99
89548,Active,396883,NA,NA,D,0,0,469138.8863,35.95,2002,17,25.98,23.96
89549,Active,1781532,NA,NA,D,1,0,1159711.824,84.95,2012,18,48.7,48.7
89550,Active,2569645,NA,NA,D,0,0,2383473.664,60.23,1992,27,4,8.99
89551,Active,280364,NA,NA,D,0,0,1587555.16,39.95,2005,29,21.78,21.31
89552,Active,206277,NA,NA,D,1,0,1204802.033,105,2003,17,40.94,129.69
89553,Active,347307,NA,NA,D,2,1,4423292.3,220,2001,23,9.19,29.22
89554,Active,795439,NA,NA,D,3,1,1337281.489,127.95,2012,13,37.17,0
89555,Active,400605,NA,NA,D,0,0,2057119.38,109,2010,19,30.21,109
89556,Active,385626,NA,NA,D,1,0,4728584.728,121.95,2008,17,16.66,89.66
89557,Active,126214,NA,NA,D,0,0,914502.5088,149,2000,28,34.31,101.81
89558,Active,2604518,NA,NA,D,0,0,1075598.039,89.99,2004,21,55.95,72.75
89559,Active,128827,NA,NA,D,0,0,2930073.065,65.45,2004,22,4.98,43.01
89560,Active,290528,NA,NA,D,1,0,596822.595,42.17,2002,24,4,42.15
89561,Active,2599245,NA,NA,D,1,0,2020981.449,109.99,1994,36,4,13.99
89562,Active,347727,NA,NA,D,1,0,3073791.35,114.99,2005,16,42.68,43.99
89563,Active,667970,NA,NA,D,1,0,3926131.693,155.95,1994,13,38.51,114.75
89564,Active,264885,NA,NA,D,1,0,4571866.206,74.95,2001,19,4.78,53.89
89565,Active,161665,NA,NA,D,0,0,803223.2263,159,2007,24,4.98,30.99
89566,Active,882198,NA,NA,D,1,0,7753308.499,55,1995,11,43.4,0
89567,Active,175399,NA,NA,D,1,0,982641.0475,124,2004,30,5.94,35.25
89568,Active,320232,NA,NA,D,1,0,1726809.468,40,2003,22,6.64,12.99
89569,Active,3544314,NA,NA,D,0,0,4123500.2,62,1993,16,14.68,67.38
89570,Active,651578,NA,NA,D,1,0,1103456.758,113.95,2004,19,14.99,14.99
89571,Active,355320,NA,NA,D,1,0,10150476.63,111.69,1990,21,4,110.75
89572,Active,385727,NA,NA,D,1,0,1648348.674,115,2008,20,15.64,100.77
89573,Active,175677,NA,NA,D,0,0,2713352.811,67,2005,22,3,68.25
89574,Active,156906,NA,NA,D,1,0,1858279.081,64.95,2004,36,4,45.05
89575,Active,113433,NA,NA,D,1,0,537071.0338,135,2003,23,6.38,70.17
89576,Active,393652,NA,NA,D,0,0,764654.8075,64,2010,18,9.41,57.65
89577,Active,196481,NA,NA,D,2,1,4519018.379,53.95,2003,28,4.75,13.94
89578,Active,172387,NA,NA,D,0,0,3195937.663,35,2004,23,4.17,35
89579,Active,3120924,NA,NA,D,0,0,3027835.204,126,1999,8,101.63,107.83
89580,Active,184545,NA,NA,D,1,0,1539975.053,39.95,2003,22,8.41,15.34
89581,Active,289245,NA,NA,D,0,0,1739089.863,64.95,2006,24,7.87,44.45
89582,Active,911522,NA,NA,D,0,0,8620869.22,18.95,1990,29,4.7,79.15
89583,Active,392705,NA,NA,D,1,0,792741.2475,69.95,2009,23,24.48,0
89584,Active,272848,NA,NA,D,0,0,791233.3325,159,2001,29,83.94,119.28
89585,Active,175695,NA,NA,D,1,0,2404683.981,125,2005,22,33.4,54.28
89586,Active,273910,NA,NA,D,0,0,3231582.553,75,2004,16,28.89,56.89
89587,Active,2558237,NA,NA,D,2,1,6815639.25,215,2003,0,0,0
89588,Active,392703,NA,NA,D,2,1,2000349.093,83.95,2008,20,50.32,583.1
89589,Active,347377,NA,NA,D,1,0,394922.8013,74.99,1995,30,41.44,48.28
89590,Active,287350,NA,NA,D,1,0,881240.9125,64.99,1995,23,12.96,33.98
89591,Active,156523,NA,NA,D,1,0,1515881.42,44.95,1997,37,4,16.24
89592,Active,2402137,NA,NA,D,1,0,2993347.786,0,1957,13,9.13,139.37
89593,Active,1839113,NA,NA,D,1,0,1312355,129.95,2007,13,7.54,196.75
89594,Active,1924207,NA,NA,D,0,0,3453298.696,105,2013,13,6.44,69.29
89595,Active,175036,NA,NA,D,3,1,2498155.631,56,2007,22,4.97,39.97
89596,Active,3210767,NA,NA,D,0,0,7904816.111,58,2005,9,52.21,43.98
89597,Active,333557,NA,NA,D,0,0,1104016.421,79.95,2006,23,35.67,35.67
89598,Active,2579437,NA,NA,D,1,0,4713736.208,75,1993,19,4,28.99
89599,Active,217312,NA,NA,D,0,0,1665859.868,50,2007,48,4,8.94
89600,Active,2667277,NA,NA,D,0,0,1896034.644,55,1994,14,31.96,60.97
89601,Active,174320,NA,NA,D,0,0,621812.0938,39.99,2006,36,9.05,29.88
89602,Active,2693775,NA,NA,D,1,0,8733083.068,77.95,2001,5,37.99,77.95
89603,Active,173912,NA,NA,D,0,0,857947.0075,77,2004,36,4,43.94
89604,Active,351946,NA,NA,D,0,0,986888.3988,42.95,2007,60,6.38,13.99
89605,Active,351948,NA,NA,D,2,1,761443.1063,34.95,2006,28,4.44,23.99
89606,Active,1847008,NA,NA,D,0,0,2050505.595,28.95,2007,10,38.39,33.88
89607,Active,333509,NA,NA,D,0,0,2292486.728,249,2004,22,99.04,132.61
89608,Active,385779,NA,NA,D,1,0,2025054.405,159.99,2008,18,10.44,23.8
89609,Active,3616619,NA,NA,D,0,0,9319327.9,49.5,1986,22,9.93,56.75
89610,Active,3842072,NA,NA,D,1,0,2901451.15,319,2002,17,103.97,266.85
89611,Active,1740821,NA,NA,D,1,0,1445065.795,29.99,2013,11,25.51,27.44
89612,Active,2650107,NA,NA,D,1,0,5682277.803,59.99,2000,11,17.84,105.66
89613,Active,405154,NA,NA,D,0,0,2443270.838,39.95,1996,19,5.63,26.99
89614,Active,284890,NA,NA,D,1,0,868579.9213,17.74,2001,33,4.39,17.73
89615,Active,347742,NA,NA,D,1,0,4045659.236,125,2005,19,8.99,19.95
89616,Active,290962,NA,NA,D,3,1,416589.9975,281.95,2010,30,35.06,42.79
89617,Active,648700,NA,NA,D,0,0,1787471.651,59.95,2013,54,43.84,42.78
89618,Active,2502061,NA,NA,D,1,0,1831379.27,79.95,1976,19,63.96,61.15
89619,Active,2618578,NA,NA,D,4,1,2561469.855,41.95,1993,22,4,16.49
89620,Active,765220,NA,NA,D,6,1,7495989.898,103.95,1998,18,4,20.97
89621,Active,2597099,NA,NA,D,1,0,1582112.23,93.99,1992,16,22.92,66.48
89622,Active,652458,NA,NA,D,1,0,348486.1638,162.25,2012,33,6.92,95.25
89623,Active,393243,NA,NA,D,0,0,2829152.601,56,2002,20,6.28,43.45
89624,Active,677606,NA,NA,D,0,0,1142036.763,28,2005,61,4,21.99
89625,Active,651516,NA,NA,D,0,0,754283.9525,51.95,2009,38,4,0
89626,Active,899701,NA,NA,D,7,1,1291885.176,120.02,1989,16,4,73.23
89627,Active,901651,NA,NA,D,1,0,3876940.025,79.99,2003,22,20.49,73.33
89628,Active,2366420,NA,NA,D,1,0,12664790.08,163.51,1979,15,4.38,163.51
89629,Active,2325959,NA,NA,D,0,0,4100085.686,115,1993,19,4,55.53
89630,Active,2578934,NA,NA,D,1,0,2421254.89,84.95,1990,14,6.36,73.21
89631,Active,900533,NA,NA,D,1,0,1590851.221,0,1991,23,12.34,109.29
89632,Active,152232,NA,NA,D,1,0,1022709.841,129,2006,30,31.14,78.1
89633,Active,661675,NA,NA,D,1,0,2897305.716,132.5,1995,15,8.27,143.1
89634,Active,2283203,NA,NA,D,0,0,1008601,0,2012,16,0,0
89635,Active,247519,NA,NA,D,1,0,1074210.191,69,2007,19,32.58,0
89636,Active,2579473,NA,NA,D,1,0,2531655.778,292,1995,21,34.46,117.93
89637,Active,2501728,NA,NA,D,0,0,2080742.609,89.99,2004,26,33.98,36.49
89638,Active,903274,NA,NA,D,1,0,3387752.25,179.95,2003,16,34.54,66.9
89639,Active,2346894,NA,NA,D,0,0,8634839.054,54.83,1988,14,4,54.81
89640,Active,2366427,NA,NA,D,2,1,565431.455,95,1989,20,53.97,284.72
89641,Active,608142,NA,NA,D,2,1,7677219.22,74.95,2000,18,4,18.99
89642,Active,264888,NA,NA,D,1,0,2495002.46,69.95,2002,16,5.69,103.65
89643,Active,1533435,NA,NA,D,0,0,2430982.955,54.95,2006,22,17.44,24.49
89644,Active,3512644,NA,NA,D,0,0,1247421.85,74.95,1996,71,11.94,44.44
89645,Active,104299,NA,NA,D,0,0,4617685.938,113.25,1995,23,4.12,17.46
89646,Active,163186,NA,NA,D,3,1,957932.8513,69.09,2009,18,6.66,74.98
89647,Active,2339224,NA,NA,D,0,0,4861678.735,326.72,1986,13,53.98,146.92
89648,Active,899655,NA,NA,D,1,0,5037339.366,51.95,1973,19,15.27,59.61
89649,Active,165461,NA,NA,D,1,0,1905467.716,115,2001,25,9.99,61.85
89650,Active,1951784,NA,NA,D,0,0,2279183.496,109,2012,17,78.7,71.76
89651,Active,609300,NA,NA,D,2,1,7461691.775,47.5,1991,19,7.62,54.73
89652,Active,152280,NA,NA,D,1,0,4013668.268,54.95,2005,11,18.88,71.66
89653,Active,128227,NA,NA,D,2,1,217285.3563,140,2002,26,19.38,39.61
89654,Active,646207,NA,NA,D,0,0,2796912.098,75,2011,14,6.71,49.53
89655,Active,2559325,NA,NA,D,1,0,1597582.981,227,1994,16,42.48,73.95
89656,Active,2577925,NA,NA,D,1,0,2523130.305,206,1984,22,4.59,5.99
89657,Active,152348,NA,NA,D,1,0,2973728.058,74.95,2006,15,18.62,73.55
89658,Active,640465,NA,NA,D,0,0,947120.4463,189.95,1996,20,7.04,64.91
89659,Active,1533511,NA,NA,D,0,0,1998324.331,149,2006,23,50.03,55.14
89660,Active,871346,NA,NA,D,5,1,1269524.815,88.2,2013,16,26.98,83.3
89661,Active,2423856,NA,NA,D,6,1,1838037.214,16.94,1986,31,4,33.14
89662,Active,2425252,NA,NA,D,6,1,3608674.441,78,1986,16,4,0
89663,Active,3148372,NA,NA,D,1,0,5144492.981,89.95,1998,13,7.62,60.59
89664,Active,104022,NA,NA,D,0,0,2861768.038,140,1995,21,5.62,23.99
89665,Active,2602378,NA,NA,D,1,0,1893175.744,140,1996,26,8.37,56.99
89666,Active,2590517,NA,NA,D,0,0,3560044.794,64.95,1981,14,7.84,73.73
89667,Active,426722,NA,NA,D,0,0,1791890.255,115,2006,18,28.1,79.29
89668,Active,2326216,NA,NA,D,5,1,819118.995,100,1993,30,4,33.99
89669,Active,265884,NA,NA,D,1,0,671061.5675,88,2008,19,31.24,103.98
89670,Active,636213,NA,NA,D,0,0,1405563.5,124,2003,24,11.71,13.98
89671,Active,794177,NA,NA,D,2,1,7323261.949,130,2005,10,4,129.99
89672,Active,661217,NA,NA,D,3,1,372868.4888,89.89,2010,26,4,38.99
89673,Active,830078,NA,NA,D,2,1,5527529.564,57.25,2002,22,4.58,46.09
89674,Active,3627731,NA,NA,D,0,0,2836092.7,125,2012,49,38.46,67.4
89675,Active,3207330,NA,NA,D,4,1,2939816.556,68.95,2004,15,46.99,85.18
89676,Active,475923,NA,NA,D,5,1,1916707.684,111,2006,17,19.95,68.92
89677,Active,871322,NA,NA,D,1,0,3593082.036,69.95,2011,12,7.47,53.67
89678,Active,2681283,NA,NA,D,1,0,1357896.833,39.95,2001,25,6.38,48.61
89679,Active,3136396,NA,NA,D,1,0,1793410.511,24.95,2005,15,13.99,19.99
89680,Active,3461230,NA,NA,D,15,1,4404699,78.95,2015,0,0,78.94
89681,Active,599926,NA,NA,D,1,0,905216.8488,39.95,2005,24,4.99,7.29
89682,Active,2696488,NA,NA,D,0,0,7825101.858,0,1994,14,4.76,0
89683,Active,622718,NA,NA,D,1,0,198791.2338,37.99,2008,63,25.83,33.99
89684,Active,3272174,NA,NA,D,7,1,5738584.85,139.86,2004,35,11.08,68.26
89685,Active,2565318,NA,NA,D,1,0,1393958.748,71.26,1960,20,4,58.31
89686,Active,532894,NA,NA,D,2,1,1009025.286,34.99,2009,22,12.34,34.1
89687,Active,2664519,NA,NA,D,0,0,2666999.235,32.95,2000,26,4,21.91
89688,Active,156511,NA,NA,D,1,0,692697.1263,46.95,2003,42,4.85,19.83
89689,Active,871914,NA,NA,D,0,0,2823999.101,67,1997,26,4.23,51.1
89690,Active,870051,NA,NA,D,0,0,1407475.266,20.5,1985,20,4,53.91
89691,Active,882080,NA,NA,D,0,0,7063201.688,150,1992,8,27.05,144.87
89692,Active,870567,NA,NA,D,1,0,1046231.478,39.95,2004,26,5.05,32.75
89693,Active,894052,NA,NA,D,1,0,3316191.478,75,2007,15,28.99,94.34
89694,Active,901408,NA,NA,D,0,0,4670968.55,83.97,1900,18,4,0
89695,Active,1657258,NA,NA,D,9,1,926225.9313,110.12,2006,14,30.94,82
89696,Active,2605774,NA,NA,D,0,0,5559295.299,115,1999,16,13.86,78.08
89697,Active,2612360,NA,NA,D,0,0,648596.5163,39.99,2004,32,18.18,29.07
89698,Active,654715,NA,NA,D,1,0,840500.1175,271.28,2009,29,17.5,94.29
89699,Active,899233,NA,NA,D,1,0,1355426.471,34.95,2005,15,23.98,33.89
89700,Active,771437,NA,NA,D,0,0,1767450.596,144.25,2004,15,15.78,26.99
89701,Active,868730,NA,NA,D,1,0,2636676.45,24.61,2009,37,5.59,13.41
89702,Active,660699,NA,NA,D,2,1,407629.615,228.07,2013,26,13.04,185.55
89703,Active,2362815,NA,NA,D,1,0,3496334.08,134.95,1997,18,27.61,99.64
89704,Active,532877,NA,NA,D,5,1,934540.1725,239,2010,26,53.98,132.87
89705,Active,647315,NA,NA,D,0,0,873306.8225,56,2010,20,7.49,0
89706,Active,906052,NA,NA,D,1,0,2536281.331,127,1993,22,9.53,63.1
89707,Active,834037,NA,NA,D,2,1,5130518.874,135,1997,19,4.52,25.99
89708,Active,621448,NA,NA,D,3,1,711966.5088,49.95,2005,32,5.99,13.98
89709,Active,624737,NA,NA,D,1,0,1250678.23,110,2006,24,8.39,14.99
89710,Active,700981,NA,NA,D,1,0,1903403.12,291,2007,29,8.54,42.31
89711,Active,789749,NA,NA,D,1,0,1865656.641,104.99,2008,29,5.06,7.99
89712,Active,902005,NA,NA,D,0,0,10229584.86,42.95,1991,11,4.14,50
89713,Active,159434,NA,NA,D,1,0,909363.1475,125,2004,31,4,64.09
89714,Active,2576983,NA,NA,D,1,0,819007.5538,191,1991,33,59.62,141.03
89715,Active,158119,NA,NA,D,1,0,933019.01,39.95,2005,18,17.62,48.94
89716,Active,2760293,NA,NA,D,1,0,373850.4375,50,2001,71,5.29,30.97
89717,Active,2420672,NA,NA,D,1,0,7900621.641,76,1996,12,6.33,96.27
89718,Active,1472520,NA,NA,D,1,0,2026756.755,165,2009,22,34.19,48.96
89719,Active,3482467,NA,NA,D,0,0,1797705.45,89.95,2002,22,38.98,86.13
89720,Active,599674,NA,NA,D,3,1,2113689.325,95,2006,19,4.94,40.44
89721,Active,648109,NA,NA,D,0,0,1699334.213,52,2008,29,7.39,31.38
89722,Active,2854543,NA,NA,D,2,1,5374918.468,79.95,1997,8,29.62,231.47
89723,Active,901634,NA,NA,D,8,1,4375555.75,0,1983,14,5.21,0
89724,Active,1477098,NA,NA,D,1,0,436284.2388,125,2015,29,24.2,81.1
89725,Active,903328,NA,NA,D,1,0,3985256.59,78.99,1995,24,5.84,58.54
89726,Active,2527677,NA,NA,D,0,0,2286568.275,160,1993,22,17.55,71.05
89727,Active,767288,NA,NA,D,1,0,2342392.498,226.95,2008,19,5.81,104.83
89728,Active,2811905,NA,NA,D,1,0,2162145.196,37.5,2001,23,8.04,33.92
89729,Active,2784006,NA,NA,D,3,1,726647.235,42,2005,24,11.3,37.35
89730,Active,867439,NA,NA,D,0,0,734017,0,2014,31,6.27,0
89731,Active,3590363,NA,NA,D,0,0,353403,65,1985,279,4,17.94
89732,Active,827140,NA,NA,D,0,0,1739111.499,40,2005,26,4.13,52.11
89733,Active,2366999,NA,NA,D,1,0,2503448.403,71,1981,14,10.73,121.52
89734,Active,2698269,NA,NA,D,1,0,1374306.538,83.95,2002,12,7.5,179.36
89735,Active,107170,NA,NA,D,2,1,964824.815,14.17,2000,59,4,13.86
89736,Active,711765,NA,NA,D,0,0,5307492,0,1900,27,4.76,55.44
89737,Active,3126775,NA,NA,D,0,0,5973157.1,90,2001,22,9.49,28.88
89738,Active,576005,NA,NA,D,1,0,839255.5713,83.62,2010,15,5.99,28.99
89739,Active,904857,NA,NA,D,0,0,3678568.209,18.95,1983,30,4,12.74
89740,Active,156495,NA,NA,D,3,1,1158828.544,45.95,1996,39,4,44.53
89741,Active,914939,NA,NA,D,0,0,1369290.128,42,2007,32,4.55,23.97
89742,Active,622414,NA,NA,D,7,1,4811228.88,38,1993,19,4,38.49
89743,Active,2649462,NA,NA,D,1,0,5231409.673,147.95,2005,16,4.68,52.31
89744,Active,898412,NA,NA,D,1,0,8599957.578,160,1998,22,6.98,76.06
89745,Active,674223,NA,NA,D,0,0,289533.5738,22,1989,138,4,0
89746,Active,789823,NA,NA,D,1,0,1007841.719,46.5,2007,28,4,9.23
89747,Active,2820069,NA,NA,D,2,1,9193540.686,72.95,1993,14,4,79.29
89748,Active,2851637,NA,NA,D,1,0,2025086.998,89.95,2005,22,4,13.94
89749,Active,176000,NA,NA,D,1,0,2616101.049,55,2002,44,4,7.97
89750,Active,780256,NA,NA,D,0,0,590332.4238,49.95,1999,16,33.93,44.36
89751,Active,569467,NA,NA,D,1,0,3263091.144,77.95,1994,27,4,40.99
89752,Active,2805325,NA,NA,D,1,0,1518798.295,59.95,1991,15,4.5,53.09
89753,Active,2470717,NA,NA,D,4,1,3866305.695,25.5,1994,28,4,11.54
89754,Active,898297,NA,NA,D,5,1,2956227.48,117.81,2003,20,6.26,13.2
89755,Active,3880713,NA,NA,D,1,0,1894320.55,120,2005,47,18.87,52.93
89756,Active,1470955,NA,NA,D,1,0,642360.0225,74,2014,14,29.69,59.54
89757,Active,235703,NA,NA,D,1,0,5159401.746,52.5,1995,38,4,5.97
89758,Active,2447607,NA,NA,D,1,0,1309244.199,65.37,1984,19,15.38,62.97
89759,Active,190030,NA,NA,D,0,0,1180660.908,50,2006,22,9.16,45.97
89760,Active,1744036,NA,NA,D,1,0,496284.5463,77.31,2008,38,10.67,64.83
89761,Active,561543,NA,NA,D,1,0,857743.0825,44.99,2012,43,4,25.48
89762,Active,652735,NA,NA,D,1,0,1089407.173,46.95,2011,20,21.94,33.99
89763,Active,1576321,NA,NA,D,0,0,1396234.426,47.95,2011,25,20.42,34.95
89764,Active,208348,NA,NA,D,0,0,500251.8613,49.99,2005,25,20.57,103.77
89765,Active,2811828,NA,NA,D,0,0,1193770.795,45,1999,16,6.93,25.39
89766,Active,2082623,NA,NA,D,0,0,262133.9438,120,2014,37,41.96,82.43
89767,Active,897408,NA,NA,D,5,1,786627.6663,1.25,2002,23,38.09,99.95
89768,Active,549544,NA,NA,D,2,1,2190494.974,43.95,2003,14,4,13.94
89769,Active,826711,NA,NA,D,3,1,2425722.639,39.95,1997,32,4,66.47
89770,Active,2843913,NA,NA,D,5,1,2493891.414,39.95,1996,17,9.09,72.79
89771,Active,2367045,NA,NA,D,0,0,2798861.935,74.36,1973,30,4,52.78
89772,Active,894673,NA,NA,D,2,1,9106641.04,36.67,2004,16,4,54.65
89773,Active,264955,NA,NA,D,2,1,1788359.165,125.95,2006,20,4.78,33.38
89774,Active,2577345,NA,NA,D,1,0,1920770.814,0,1983,19,4,0
89775,Active,547723,NA,NA,D,2,1,2144787.426,56,1992,21,4.13,25.14
89776,Active,778969,NA,NA,D,0,0,700633.5325,79.96,2007,36,7.94,52.42
89777,Active,2561728,NA,NA,D,0,0,4495557.351,94.95,1986,9,128.99,312.31
89778,Active,577639,NA,NA,D,0,0,3467920.89,64.95,2000,11,10.09,125.75
89779,Active,165930,NA,NA,D,1,0,2291556.214,146,2003,23,30.63,53.98
89780,Active,1952479,NA,NA,D,0,0,601420.3338,69.95,2013,44,50.54,51.57
89781,Active,594277,NA,NA,D,0,0,3814829.608,159,2009,18,54.77,57.65
89782,Active,915514,NA,NA,D,0,0,1188634.386,27,1996,25,4,88.29
89783,Active,456764,NA,NA,D,14,1,2925215.706,27.95,1997,15,32.01,117.46
89784,Active,850326,NA,NA,D,2,1,7846521.905,13.99,1999,23,4.03,13.99
89785,Active,178364,NA,NA,D,1,0,903627.8125,346.97,2006,20,7.79,73.97
89786,Active,699202,NA,NA,D,10,1,4035828.391,64.33,2009,4,17.48,27.98
89787,Active,1867740,NA,NA,D,0,0,2376703.14,75.95,2008,27,29.89,65.11
89788,Active,2565264,NA,NA,D,1,0,1111235.098,115,1998,17,4,44.29
89789,Active,2569358,NA,NA,D,1,0,4268012.819,175,2001,15,11.03,104.77
89790,Active,2442935,NA,NA,D,1,0,4150417.903,199,2001,21,18.58,45.97
89791,Active,165183,NA,NA,D,3,1,5671968.933,12.89,2000,36,4,12.89
89792,Active,755277,NA,NA,D,1,0,2647748.185,75,2003,20,6.46,48.35
89793,Active,2836035,NA,NA,D,1,0,2275058.663,162.95,1986,18,4.61,68.29
89794,Active,2367147,NA,NA,D,2,1,1835352.59,0,1967,11,14.49,0
89795,Active,2566774,NA,NA,D,1,0,2501774.16,148,1994,19,35.17,87.61
89796,Active,899078,NA,NA,D,1,0,1571142.149,39,2007,17,22.37,99.61
89797,Active,718660,NA,NA,D,1,0,4063297.291,59.95,1998,25,4,10.15
89798,Active,632489,NA,NA,D,0,0,1192668.8,119,1995,25,43.98,83.86
89799,Active,660327,NA,NA,D,1,0,2384305.19,99,2012,19,46.37,50.99
89800,Active,659037,NA,NA,D,0,0,3728505.046,79.95,2007,16,7.04,48.97
89801,Active,620840,NA,NA,D,1,0,234345.7675,121,2007,34,46.16,0
89802,Active,120861,NA,NA,D,1,0,447989.9363,61.2,2009,22,6.11,23.79
89803,Active,569172,NA,NA,D,1,0,664572.5275,110,2011,74,24.99,43.07
89804,Active,2607149,NA,NA,D,1,0,3459979.008,140,2002,24,17.34,123.03
89805,Active,2561996,NA,NA,D,1,0,947163.9638,195,1982,24,6.39,68.99
89806,Active,3472135,NA,NA,D,1,0,2934737.8,111.33,2000,21,6.93,23.49
89807,Active,904419,NA,NA,D,0,0,933428.1975,79.95,2006,22,26.94,46.29
89808,Active,607796,NA,NA,D,3,1,324671.9038,80.86,1996,24,15.35,72.95
89809,Active,136393,NA,NA,D,4,1,520053.32,78.34,1996,36,15,45.21
89810,Active,897261,NA,NA,D,1,0,1866298.833,83,2003,18,6.38,36.11
89811,Active,2569077,NA,NA,D,1,0,7420816.845,161.94,1977,14,6.1,143.57
89812,Active,600519,NA,NA,D,4,1,487713.235,26.64,2010,19,9.02,22.94
89813,Active,908234,NA,NA,D,1,0,1234493.168,53.49,1994,26,10.48,39.49
89814,Active,2883853,NA,NA,D,1,0,2686203.634,54.95,1997,22,4,47.44
89815,Active,811976,NA,NA,D,0,0,1949108.508,79.95,2010,20,18.18,116.43
89816,Active,175307,NA,NA,D,0,0,2770808.793,200,2002,20,7.22,65.99
89817,Active,762643,NA,NA,D,1,0,4352473.979,140,1999,18,12.85,67.09
89818,Active,2502809,NA,NA,D,0,0,2505643.845,199,1994,24,19.93,65.35
89819,Active,604001,NA,NA,D,2,1,3662441.075,109,2007,16,38.69,78.98
89820,Active,118642,NA,NA,D,1,0,442272.6263,64.2,2010,65,4,7.48
89821,Active,912087,NA,NA,D,0,0,2349720.6,110,1999,27,4.13,5.97
89822,Active,666869,NA,NA,D,1,0,2354947.456,95,2008,12,73.97,137.79
89823,Active,165045,NA,NA,D,1,0,756163.88,120,2001,17,9.65,39.42
89824,Active,3482608,NA,NA,D,0,0,7868112.35,50,1999,14,12.24,66.17
89825,Active,192453,NA,NA,D,3,1,1721728.16,54.95,2004,34,4,4.73
89826,Active,259283,NA,NA,D,2,1,1865912.065,33.95,1997,22,4.96,53.81
89827,Active,887675,NA,NA,D,2,1,8082078.735,72.95,1996,10,132.99,441.43
89828,Active,297574,NA,NA,D,1,0,767143.8713,53.95,1996,29,4.38,33.13
89829,Active,2178117,NA,NA,D,1,0,4209248.533,169,2006,13,65.96,86.39
89830,Active,2698311,NA,NA,D,2,1,6580248.836,41.95,2002,15,5.48,22.27
89831,Active,2860913,NA,NA,D,2,1,3202302.813,95,1979,14,38.61,123.48
89832,Active,881813,NA,NA,D,1,0,9417212.373,79.05,1965,13,4,73.91
89833,Active,342420,NA,NA,D,1,0,2308837.006,80,1999,21,4,5.72
89834,Active,199353,NA,NA,D,0,0,4115720.429,67,2003,20,4,36.98
89835,Active,556249,NA,NA,D,1,0,2230960.063,54.95,2005,27,5.98,41.27
89836,Active,3290900,NA,NA,D,6,1,622110.7388,112.39,1900,14,21.97,78.49
89837,Active,2338472,NA,NA,D,2,1,2435497.993,59,1996,29,4,21.75
89838,Active,646494,NA,NA,D,0,0,937173.4888,89.95,2008,21,30.13,52.99
89839,Active,108209,NA,NA,D,5,1,469311.07,43.8,2005,66,4.38,48.36
89840,Active,848380,NA,NA,D,4,1,3669678.07,28.76,1998,17,6.37,53.17
89841,Active,3148904,NA,NA,D,1,0,6489681.506,69.95,2003,14,46.76,84.67
89842,Active,845471,NA,NA,D,0,0,582317.935,125,1990,28,5.15,46.49
89843,Active,789091,NA,NA,D,7,1,8270353.058,150,2001,19,4.23,43.98
89844,Active,896971,NA,NA,D,4,1,3739824.21,81.1,1986,17,4.35,72.23
89845,Active,2662974,NA,NA,D,2,1,6884192.743,0,1986,12,4.63,0
89846,Active,1446150,NA,NA,D,1,0,1911085.61,99.95,2011,27,44.26,59
89847,Active,905963,NA,NA,D,2,1,4155611.438,81.95,2004,19,4.35,22.9
89848,Active,110058,NA,NA,D,1,0,2042725.69,240.08,2009,21,4.12,73.67
89849,Active,532777,NA,NA,D,1,0,3023195.721,85.75,2007,26,4,48.99
89850,Active,199237,NA,NA,D,1,0,1717564.498,59.95,2004,36,4,45.85
89851,Active,667086,NA,NA,D,1,0,2264305.901,55,2007,22,5.51,56.41
89852,Active,649143,NA,NA,D,2,1,657774.2025,52.95,2007,20,7.26,38.99
89853,Active,1658643,NA,NA,D,1,0,7423931.993,27,2011,2,5.24,0
89854,Active,564733,NA,NA,D,1,0,817825.9338,61.95,2008,32,9,49.65
89855,Active,294337,NA,NA,D,1,0,1090189.94,50,2001,50,4,22.87
89856,Active,364970,NA,NA,D,0,0,1666778.8,60,2008,18,4,31.61
89857,Active,277134,NA,NA,D,0,0,2124616.751,79,2003,24,4.99,73.77
89858,Active,262348,NA,NA,D,1,0,899124.1288,45,2003,30,4.78,24.99
89859,Active,2593862,NA,NA,D,0,0,1029146.03,40,1986,58,3.99,15.32
89860,Active,199361,NA,NA,D,0,0,1198670.264,84,2006,36,4.28,50.29
89861,Active,2414491,NA,NA,D,1,0,4283395.953,165,1995,13,26.65,116.61
89862,Active,2599906,NA,NA,D,1,0,2337806.248,115.99,1993,17,7.09,56.23
89863,Active,246425,NA,NA,D,1,0,2431953.289,259.95,2007,17,97.34,181.99
89864,Active,2853121,NA,NA,D,1,0,3303625.256,94.99,1993,13,6.38,116.3
89865,Active,3822789,NA,NA,D,0,0,436111,44.95,1999,53,12.8,52.62
89866,Active,3601393,NA,NA,D,0,0,7764616.95,77.95,1996,24,11.2,23.98
89867,Active,2560802,NA,NA,D,0,0,5810136.944,63,1981,20,5.17,183.99
89868,Active,1593196,NA,NA,D,1,0,2760526.15,99.99,2006,17,35.99,39.66
89869,Active,2216395,NA,NA,D,0,0,3518694.079,69,2008,17,13.22,79.76
89870,Active,3563270,NA,NA,D,10,1,751254.75,24.95,2006,26,14.8,15.41
89871,Active,2590874,NA,NA,D,0,0,4867891.068,229.99,1984,15,28.25,178.99
89872,Active,2591507,NA,NA,D,1,0,9296898.3,54.5,1983,0,0,0
89873,Active,896526,NA,NA,D,2,1,8006976.035,50.5,2002,12,4,8.42
89874,Active,1714158,NA,NA,D,0,0,3757588.984,22.98,2006,18,8.95,22.98
89875,Active,1470293,NA,NA,D,0,0,5290483.095,365,2006,12,97.99,226.12
89876,Active,2591135,NA,NA,D,0,0,7577763.155,44.95,1982,12,35.01,77.79
89877,Active,2591137,NA,NA,D,1,0,8242052.219,49.95,1986,10,18.99,0
89878,Active,2595637,NA,NA,D,0,0,3326447.286,88.99,1989,10,28.64,73.92
89879,Active,2648191,NA,NA,D,1,0,6076944.666,64.95,1999,17,6.21,21.27
89880,Active,2597533,NA,NA,D,1,0,3389859.418,32.99,1991,11,33.98,83.46
89881,Active,2444581,NA,NA,D,0,0,191318.7675,22.99,1992,44,4.14,15.35
89882,Active,907058,NA,NA,D,1,0,1438106.825,30,2000,20,19.99,46.12
89883,Active,649380,NA,NA,D,0,0,816016.1625,49.99,1991,25,12.99,59.06
89884,Active,208231,NA,NA,D,0,0,563965.4888,49.99,1998,32,19.82,46.31
89885,Active,174072,NA,NA,D,0,0,2384093.204,55,2000,26,4,29.99
89886,Active,2442905,NA,NA,D,0,0,1325077.283,199,2001,21,11.22,12.5
89887,Active,2808667,NA,NA,D,4,1,1199472.761,26.5,2002,26,4,55.27
89888,Active,867433,NA,NA,D,11,1,623341.9875,64,2014,26,7.24,0
89889,Active,112901,NA,NA,D,2,1,778572.7425,61.95,1997,38,4.24,12.52
89890,Active,269840,NA,NA,D,2,1,2049520.259,64.95,1997,19,4.78,33.99
89891,Active,165629,NA,NA,D,1,0,590137.7,40,2002,20,6.25,35.99
89892,Active,2367704,NA,NA,D,1,0,3371564.435,97,1990,23,8.35,28.99
89893,Active,2698631,NA,NA,D,8,1,8089484.221,59.95,2004,16,4.76,54.02
89894,Active,661009,NA,NA,D,1,0,543406.75,49.95,2012,15,26.32,0
89895,Active,51775,NA,NA,D,6,1,103657.2538,264.95,2010,50,45.8,108.98
89896,Active,907267,NA,NA,D,0,0,2107521.724,70,2006,23,5.66,21.99
89897,Active,646331,NA,NA,D,0,0,873514.0813,40,2010,20,7.88,10.7
89898,Active,629604,NA,NA,D,11,1,231727.345,250,2007,31,133.21,372.99
89899,Active,643920,NA,NA,D,0,0,944690.4713,40,2010,42,15.56,38.99
89900,Active,666921,NA,NA,D,1,0,933670.5838,44.95,2009,20,9.21,33.94
89901,Active,246200,NA,NA,D,1,0,136704.94,71.95,2005,33,29.65,44.75
89902,Active,2753535,NA,NA,D,0,0,1551813.413,35,1997,20,4.48,70.63
89903,Active,2566391,NA,NA,D,2,1,788883.1225,32.95,1979,27,8,71.39
89904,Active,898406,NA,NA,D,1,0,3389019.423,110,2003,16,17.61,73.97
89905,Active,657498,NA,NA,D,0,0,1263647.348,89.99,2011,42,57.91,60.55
89906,Active,634106,NA,NA,D,1,0,697812.5038,41.95,2008,41,18.79,24.84
89907,Active,898110,NA,NA,D,0,0,2412127.699,56,2009,14,12.29,85.39
89908,Active,3100052,NA,NA,D,1,0,3208916.284,59.95,2003,16,9.86,56.87
89909,Active,2081303,NA,NA,D,0,0,2207321.251,40,2010,14,5.52,72.93
89910,Active,584930,NA,NA,D,0,0,257366.6975,15.95,1984,79,6.08,20.91
89911,Active,199284,NA,NA,D,0,0,1202982.168,61,2006,16,33.99,42.71
89912,Active,3552598,NA,NA,D,1,0,653060.35,75,1999,41,6.79,32.36
89913,Active,272344,NA,NA,D,0,0,1428374.14,99,2007,24,21.21,76.79
89914,Active,3481370,NA,NA,D,1,0,4577118.3,175,2001,37,43.98,101.67
89915,Active,1592913,NA,NA,D,0,0,4339822.835,99.99,2006,16,33.99,40.44
89916,Active,1593062,NA,NA,D,1,0,3054700.963,140,2007,16,50.68,132.35
89917,Active,2502592,NA,NA,D,0,0,2436024.641,109,1998,18,67.93,84.75
89918,Active,2426183,NA,NA,D,1,0,2990311.445,44.95,1996,20,3.98,27.97
89919,Active,1649230,NA,NA,D,2,1,4018090.774,55,2009,15,31.15,286.57
89920,Active,108000,NA,NA,D,11,1,2767623.268,69.37,2002,15,4.57,34.94
89921,Active,583345,NA,NA,D,0,0,1284391.998,26,2002,14,15.84,21.89
89922,Active,665480,NA,NA,D,22,1,319742.81,49.95,2011,17,43.98,0
89923,Active,2615560,NA,NA,D,0,0,1303573.005,150.99,2005,18,27.18,135.99
89924,Active,134956,NA,NA,D,0,0,2365556.463,115,2009,17,20.65,55.24
89925,Active,1559602,NA,NA,D,1,0,2930006.106,140,2009,23,6.92,9.26
89926,Active,2615321,NA,NA,D,0,0,3390737.709,90,2005,18,38.9,97.99
89927,Active,116283,NA,NA,D,0,0,372265.575,59.6,2005,42,7.89,45.13
89928,Active,2613701,NA,NA,D,0,0,1054603.684,99.99,2004,21,22.94,27.48
89929,Active,206450,NA,NA,D,0,0,1199684.385,45,2001,25,9.11,23.97
89930,Active,574295,NA,NA,D,0,0,344377.7188,90,2008,42,24.94,53.97
89931,Active,904207,NA,NA,D,0,0,1767507.225,45,2007,24,6.65,28.98
89932,Active,2299672,NA,NA,D,0,0,1986631,0,1900,11,0,0
89933,Active,130354,NA,NA,D,4,1,2513207.723,132.2,2010,24,34.58,102.47
89934,Active,907307,NA,NA,D,3,1,2631968.119,47.46,2005,19,9.63,53.71
89935,Active,3077832,NA,NA,D,1,0,904025.9175,95,2000,29,13.99,70.58
89936,Active,281729,NA,NA,D,0,0,823311.2325,39.99,2008,34,4.76,28.99
89937,Active,2434707,NA,NA,D,2,1,3374232.333,93.95,1993,18,4.13,18.99
89938,Active,2434866,NA,NA,D,3,1,8495393.675,113,2000,23,4.55,52.55
89939,Active,254754,NA,NA,D,0,0,4197482.813,36.95,1999,17,4,27.51
89940,Active,623968,NA,NA,D,0,0,1088397.411,51,2003,23,4.04,16.34
89941,Active,3566350,NA,NA,D,1,0,872029.95,45,2010,26,21.76,71.77
89942,Active,273643,NA,NA,D,0,0,872980.2238,69.95,2010,20,28.53,68.97
89943,Active,3566345,NA,NA,D,1,0,1459904.1,40,2009,28,10.84,37.98
89944,Active,800095,NA,NA,D,1,0,2411449.429,143,2004,14,18.79,115.69
89945,Active,170483,NA,NA,D,2,1,24015.085,79.25,2011,50,39.97,55.97
89946,Active,2602674,NA,NA,D,0,0,1203328.74,99.99,1997,21,13.79,63.89
89947,Active,871576,NA,NA,D,7,1,125009.9138,137.5,2012,13,84.21,50.43
89948,Active,666952,NA,NA,D,0,0,2369049.829,179,2007,19,97.54,135.83
89949,Active,728373,NA,NA,D,1,0,1348937.16,69.2,2001,26,6.39,40.73
89950,Active,113325,NA,NA,D,1,0,1127530.798,82.95,2006,23,11.99,39.6
89951,Active,2368201,NA,NA,D,0,0,4260530.239,37.24,1982,20,4,50.79
89952,Active,1783665,NA,NA,D,0,0,949931.9213,100,2012,18,10.29,51.79
89953,Active,2615122,NA,NA,D,0,0,3996309.431,99.99,2004,17,32.94,94.64
89954,Active,899195,NA,NA,D,0,0,1495592.276,56,1995,21,4.96,31.99
89955,Active,291668,NA,NA,D,3,1,1865974.379,96.6,2005,31,4,0
89956,Active,2433082,NA,NA,D,0,0,1147346.333,50,1994,22,12.79,43.79
89957,Active,1641547,NA,NA,D,0,0,1899356.564,90,2014,33,31.68,70.23
89958,Active,911506,NA,NA,D,2,1,6861237.818,35,1994,23,4,8.68
89959,Active,602064,NA,NA,D,1,0,8429947.8,39.99,1995,17,3.89,53.51
89960,Active,868427,NA,NA,D,1,0,9522595.379,59,1994,14,4.4,26.51
89961,Active,745131,NA,NA,D,0,0,695984.1538,203.99,2006,12,14.83,0
89962,Active,909163,NA,NA,D,0,0,696203.1838,39.95,1994,28,4.93,2415
89963,Active,897529,NA,NA,D,0,0,773838.6713,65,2003,13,7.9,237.99
89964,Active,3138508,NA,NA,D,0,0,2092300.834,44.95,2003,29,4,7.01
89965,Active,907440,NA,NA,D,1,0,1863368.585,39.95,1996,18,4.38,45.05
89966,Active,2418536,NA,NA,D,0,0,2319610.64,74,2003,14,38.2,126.14
89967,Active,2561992,NA,NA,D,1,0,4489630.333,295,1982,17,64.97,0
89968,Active,108505,NA,NA,D,3,1,1009369.666,22,1998,34,4,9.34
89969,Active,2169578,NA,NA,D,0,0,540342.4688,334.95,2015,16,42.99,109.76
89970,Active,1657327,NA,NA,D,1,0,6763295.771,94.96,2007,14,18.54,77.97
89971,Active,2697715,NA,NA,D,0,0,9460786.261,57.95,1998,13,5.97,255.97
89972,Active,2179054,NA,NA,D,1,0,8297147.319,179,2008,12,22.94,42.83
89973,Active,293770,NA,NA,D,0,0,1559385.644,33.95,2003,23,4,4
89974,Active,263169,NA,NA,D,1,0,2297954.691,24.95,2004,27,4,14.94
89975,Active,148846,NA,NA,D,1,0,1098654.958,41.25,2003,49,4,5.48
89976,Active,2363074,NA,NA,D,1,0,2911205.125,98.95,2000,22,4,50.55
89977,Active,199537,NA,NA,D,1,0,4805803.273,33.95,2000,20,4,23.91
89978,Active,3604356,NA,NA,D,1,0,7530221.75,104.95,1998,23,6.04,45.61
89979,Active,671103,NA,NA,D,4,1,3133187.324,50,2010,12,9.21,165.33
89980,Active,800258,NA,NA,D,1,0,2929607.279,58,2005,18,4.85,48.68
89981,Active,199947,NA,NA,D,0,0,946236.96,74.95,2004,40,4,14.73
89982,Active,2239242,NA,NA,D,0,0,2452639.861,189,2011,17,85.78,155.81
89983,Active,2427808,NA,NA,D,0,0,4053350.546,46.67,1992,18,5.32,50.95
89984,Active,268373,NA,NA,D,1,0,2497186.958,65,2005,30,4,48.21
89985,Active,268497,NA,NA,D,1,0,1968539.798,40,2007,31,4,23.99
89986,Active,1536105,NA,NA,D,0,0,5322409.221,69.95,2009,10,53.94,107.95
89987,Active,2300463,NA,NA,D,0,0,4213355.489,14.52,1983,42,3.99,14.52
89988,Active,915509,NA,NA,D,3,1,5014237.671,45,2001,24,4,7.49
89989,Active,1610908,NA,NA,D,1,0,2779090.805,70.4,2010,16,4,11.94
89990,Active,2299547,NA,NA,D,5,1,99088,86.58,1900,17,0,0
89991,Active,326236,NA,NA,D,0,0,940916.7913,74.99,2002,23,7.22,65.03
89992,Active,2171239,NA,NA,D,0,0,5269726.173,125,2009,5,66.71,125
89993,Active,677519,NA,NA,D,1,0,1522124.766,29.95,1995,36,4,12.77
89994,Active,1475397,NA,NA,D,1,0,1666110.301,70,2011,16,9.99,22.35
89995,Active,2034208,NA,NA,D,1,0,4522998.8,119.95,2006,15,4.47,86.5
89996,Active,670081,NA,NA,D,0,0,2277090.963,149,2012,16,72.94,72.99
89997,Active,614628,NA,NA,D,1,0,563930.9238,78.67,2002,43,4,19.57
89998,Active,1935709,NA,NA,D,0,0,1618826.251,68,2007,9,29.75,43.99
89999,Active,1566747,NA,NA,D,0,0,8863872.68,196,2006,12,33.6,141.51
90000,Active,867999,NA,NA,D,0,0,2196362.666,93.57,1988,19,4,93.57
90001,Active,3152172,NA,NA,D,0,0,5323323.805,999.11,1994,12,28.99,31.43
90002,Active,904828,NA,NA,D,1,0,4461589.893,49.69,2003,12,4,20.78
90003,Active,2594209,NA,NA,D,0,0,5403685.136,21.95,1985,24,4,48.35
90004,Active,190005,NA,NA,D,1,0,651034.5,85,2007,27,22.05,0
90005,Active,272891,NA,NA,D,0,0,878674.4325,39.95,2007,17,16.81,32.75
90006,Active,3616613,NA,NA,D,0,0,2341010.65,39.5,1989,30,6.27,48.56
90007,Active,1592252,NA,NA,D,0,0,736634.525,115,2008,55,23.4,89.66
90008,Active,2579424,NA,NA,D,1,0,6236831.615,214,1993,19,4.97,71.45
90009,Active,3121731,NA,NA,D,0,0,2662213.084,66,2005,11,16.94,47.99
90010,Active,3471226,NA,NA,D,1,0,3104123.35,89.95,1984,32,16.72,81.34
90011,Active,152490,NA,NA,D,0,0,1012893.68,99,2008,57,41.06,73.44
90012,Active,1593833,NA,NA,D,0,0,2603805.644,125,2012,46,32.94,33.99
90013,Active,231849,NA,NA,D,1,0,373930.1338,59,2002,35,7.89,81.53
90014,Active,2257348,NA,NA,D,3,1,8510917.164,56.05,2007,19,9.25,55.39
90015,Active,3796320,NA,NA,D,1,0,557788.25,60,2009,43,28.99,36.49
90016,Active,907577,NA,NA,D,0,0,1693236.163,34.95,1991,20,4.77,36.99
90017,Active,862954,NA,NA,D,2,1,416134.455,45.95,2001,39,10.98,43.63
90018,Active,255746,NA,NA,D,1,0,3686726.128,48.95,2003,25,4,6.46
90019,Active,1756093,NA,NA,D,2,1,1783073.684,48,2009,21,5.55,48.99
90020,Active,789846,NA,NA,D,1,0,835854.9425,115,2006,30,9.98,22.76
90021,Active,234269,NA,NA,D,3,1,362289.1788,299,2004,26,33.33,0
90022,Active,261708,NA,NA,D,4,1,5828348.485,119,2005,22,6.9,13.98
90023,Active,280812,NA,NA,D,1,0,8068299.576,114,2003,10,52.99,177.59
90024,Active,2178674,NA,NA,D,2,1,4455501.014,159,2007,13,43.19,66.98
90025,Active,2551500,NA,NA,D,3,1,1031836.294,334.95,2002,20,48.93,194.49
90026,Active,804051,NA,NA,D,2,1,3517635.581,265.95,2007,12,27.31,102.75
90027,Active,2680261,NA,NA,D,0,0,3923876.441,199,2001,15,22.14,133.34
90028,Active,838255,NA,NA,D,2,1,3167771.574,318,1994,18,11.54,77.27
90029,Active,775001,NA,NA,D,1,0,3446636.783,230,2002,18,116.77,178.55
90030,Active,300554,NA,NA,D,1,0,6344721.993,379.95,2004,13,79.52,132.55
90031,Active,788951,NA,NA,D,1,0,3749653.698,179,2000,15,8.8,163.59
90032,Active,532673,NA,NA,D,3,1,364503.1713,290,2009,30,108.38,181.21
90033,Active,893586,NA,NA,D,0,0,3530546.089,50,1997,12,17.93,23.99
90034,Active,2238320,NA,NA,D,1,0,2161161.744,132,2011,12,37.52,36.15
90035,Active,193044,NA,NA,D,1,0,512195.6875,82.95,1999,45,4,42.82
90036,Active,668775,NA,NA,D,0,0,2297732.526,149,2007,17,79.99,111.62
90037,Active,2679318,NA,NA,D,1,0,3161801.423,255,1993,19,4.93,62.35
90038,Active,886092,NA,NA,D,1,0,7934072.99,108,2011,31,27.99,33.46
90039,Active,56220,NA,NA,D,4,1,816585.8513,102.67,2006,22,26.87,91.42
90040,Active,644528,NA,NA,D,1,0,865440.4313,200,2012,27,62.28,80.95
90041,Active,110832,NA,NA,D,1,0,4367094.859,149,1999,21,80.78,253.48
90042,Active,860001,NA,NA,D,0,0,1448122.501,149,2010,21,52.24,0
90043,Active,2649929,NA,NA,D,1,0,4171876.525,279.99,2002,10,145.98,356.56
90044,Active,361943,NA,NA,D,2,1,2221803.668,244,2003,17,21.94,78.14
90045,Active,3580015,NA,NA,D,0,0,16513864.8,118,1989,16,11.76,62.54
90046,Active,2531466,NA,NA,D,1,0,3089882.921,37.95,1997,32,4.59,12.99
90047,Active,227516,NA,NA,D,1,0,1313754.938,399.99,2006,26,53.99,0
90048,Active,146954,NA,NA,D,7,1,558593.7425,269,2001,16,65.94,187.78
90049,Active,650889,NA,NA,D,2,1,3360724.223,213,2002,16,30.76,114.24
90050,Active,534813,NA,NA,D,3,1,1198530.754,190,2012,23,53.99,116.26
90051,Active,105817,NA,NA,D,1,0,1426888.203,207,2006,14,19.03,20.85
90052,Active,656107,NA,NA,D,0,0,7287223.924,165,1992,10,9.67,98.53
90053,Active,2252944,NA,NA,D,5,1,4368162.816,0,2007,34,38.24,123.1
90054,Active,532660,NA,NA,D,3,1,787497.5838,350,2010,20,136.31,0
90055,Active,832672,NA,NA,D,0,0,2072433.114,90,1990,22,3,0
90056,Active,884694,NA,NA,D,2,1,2745391.764,259.95,2008,10,109.87,126.9
90057,Active,789319,NA,NA,D,3,1,6950560.129,99,2002,16,5.11,42.49
90058,Active,2699148,NA,NA,D,1,0,2254888.471,137,2005,23,4.94,68.69
90059,Active,515028,NA,NA,D,1,0,3964724.359,165,1997,10,78.74,223.99
90060,Active,3597232,NA,NA,D,0,0,13161086.35,0,1981,4,18.99,0
90061,Active,420225,NA,NA,D,1,0,3820676.548,128.95,1997,13,29.99,78.3
90062,Active,2883290,NA,NA,D,0,0,2754903.55,29.5,1991,20,8.95,53.99
90063,Active,1493789,NA,NA,D,0,0,293702.96,50,2010,23,21.3,30
90064,Active,126927,NA,NA,D,0,0,1876973.295,175,2005,14,10.96,33.94
90065,Active,187912,NA,NA,D,0,0,7577188.086,189,1998,24,4,16.49
90066,Active,2678678,NA,NA,D,0,0,2109564.899,199,1992,17,42,89.69
90067,Active,203499,NA,NA,D,1,0,2676349.156,229,2003,19,4.85,52.87
90068,Active,832936,NA,NA,D,0,0,1224328.283,99,1990,19,7.89,56.37
90069,Active,2551963,NA,NA,D,1,0,2994632.805,125,1989,8,40.68,367.06
90070,Active,722114,NA,NA,D,1,0,573423.5013,85,1999,25,7.34,61.98
90071,Active,911197,NA,NA,D,0,0,1603966.065,24.25,2007,29,4.49,13.38
90072,Active,902769,NA,NA,D,0,0,2305346.009,99,2006,19,36.94,74.76
90073,Active,2335212,NA,NA,D,1,0,2680244.511,91.47,1955,33,22.98,85.19
90074,Active,3482463,NA,NA,D,0,0,1530771.85,70,2004,12,27.32,68.25
90075,Active,1534083,NA,NA,D,0,0,2165798.514,179,2008,15,53.99,135.02
90076,Active,2573280,NA,NA,D,1,0,740342.7238,190,1992,28,35.34,83.99
90077,Active,532652,NA,NA,D,5,1,67648.71375,238.95,2012,53,55.13,128.98
90078,Active,268462,NA,NA,D,1,0,131723.2988,80,2007,54,21.46,39.31
90079,Active,910302,NA,NA,D,1,0,1395536.568,90,2003,40,10.76,57.55
90080,Active,2875866,NA,NA,D,0,0,2678807.706,49.95,1995,28,4.98,54.79
90081,Active,2046233,NA,NA,D,1,0,1766965.211,75,2007,26,6.46,20.77
90082,Active,2535807,NA,NA,D,1,0,1759208.838,44.95,2002,22,11.28,32.99
90083,Active,871803,NA,NA,D,0,0,442816.2863,97.95,2005,23,28.89,81.77
90084,Active,1474700,NA,NA,D,1,0,2028263.914,75,2011,19,28.94,67.94
90085,Active,625156,NA,NA,D,0,0,1652773.805,49.95,1995,28,4,17.34
90086,Active,2368370,NA,NA,D,0,0,9241502.854,67.95,1977,11,4.35,60.01
90087,Active,2611378,NA,NA,D,1,0,2415407.495,134.99,2001,47,6.98,10.56
90088,Active,285716,NA,NA,D,1,0,382858.2863,87.95,2002,22,11.53,82.18
90089,Active,606678,NA,NA,D,4,1,650118.87,44.95,1989,56,8.1,0
90090,Active,641055,NA,NA,D,9,1,3409611.353,100.95,2004,18,5.51,5.68
90091,Active,2657744,NA,NA,D,2,1,2780161.766,304.54,1978,18,12.97,130.56
90092,Active,656461,NA,NA,D,3,1,2210558.091,44.95,2002,14,16.56,33.94
90093,Active,633221,NA,NA,D,1,0,117928.28,60,2010,20,21.67,0
90094,Active,3122167,NA,NA,D,1,0,1838605.568,216.99,1999,17,5.65,6.44
90095,Active,454298,NA,NA,D,1,0,1789591.89,110,2001,18,38.94,53.94
90096,Active,2862225,NA,NA,D,0,0,56919.37625,16,1994,54,6.33,14.32
90097,Active,2601108,NA,NA,D,0,0,3954977.353,67.99,1994,16,26.28,128.27
90098,Active,1645322,NA,NA,D,1,0,1382512.75,33.95,2006,16,29.92,33.95
90099,Active,203566,NA,NA,D,2,1,2383391.225,110,2003,30,4.35,31.18
90100,Active,646170,NA,NA,D,3,1,4059070.056,76.95,1997,17,13.06,65.39
90101,Active,159489,NA,NA,D,3,1,1004624.211,102,2003,27,38.85,108.69
90102,Active,3786754,NA,NA,D,0,0,2416732.9,51.95,1992,27,15.31,49.42
90103,Active,3110167,NA,NA,D,2,1,3898021.403,39.95,2005,15,5.49,39.95
90104,Active,1465095,NA,NA,D,0,0,6203590.103,120,2011,5,123.37,136.05
90105,Active,2600235,NA,NA,D,0,0,3583332.603,139.99,1994,18,11.59,92.55
90106,Active,202296,NA,NA,D,1,0,413818.24,70.95,2001,29,7.92,91.01
90107,Active,322531,NA,NA,D,0,0,2000529.275,63.8,1998,31,4,45.71
90108,Active,2613175,NA,NA,D,0,0,5205001.75,129.99,2001,14,26.89,114.56
90109,Active,2604812,NA,NA,D,1,0,3222338.168,115.99,1998,19,4,48.9
90110,Active,266962,NA,NA,D,0,0,649474.5213,66.64,2005,15,4.78,11.99
90111,Active,660063,NA,NA,D,0,0,3686421.259,62,2003,23,5.05,18.09
90112,Active,901563,NA,NA,D,0,0,4164557.295,18.64,2004,10,10.17,78.45
90113,Active,2859384,NA,NA,D,0,0,1150940.539,68.86,1985,31,4.79,71.13
90114,Active,2070502,NA,NA,D,3,1,1989577.098,24,2009,9,40.06,24
90115,Active,1563137,NA,NA,D,2,1,3738574.688,220,2007,10,78.99,281.08
90116,Active,788133,NA,NA,D,1,0,2766530.305,84.95,1999,25,4,43.65
90117,Active,587450,NA,NA,D,1,0,1913434.085,108.95,2010,36,7.35,15.98
90118,Active,715217,NA,NA,D,1,0,3306466.35,104,2008,17,4,32.95
90119,Active,244314,NA,NA,D,1,0,1000808.794,49.99,2011,37,5.01,13.47
90120,Active,618754,NA,NA,D,1,0,2668941.154,116,2008,32,4,19.98
90121,Active,539146,NA,NA,D,0,0,4622427.34,90.4,2005,27,4.99,10.55
90122,Active,631744,NA,NA,D,0,0,1708478.906,59.95,2007,24,4,13.99
90123,Active,1984396,NA,NA,D,0,0,1936711.465,25,2013,9,4.78,24.55
90124,Active,251996,NA,NA,D,0,0,2420389.218,112.95,2007,29,4.35,38.98
90125,Active,243855,NA,NA,D,1,0,1738320.651,103.95,2010,35,4,13.34
90126,Active,620104,NA,NA,D,1,0,1223870.735,39.99,2010,47,4.35,8.96
90127,Active,645631,NA,NA,D,0,0,1380891.76,49.95,2001,11,22.48,45.88
90128,Active,657637,NA,NA,D,1,0,1545180.419,49.95,2006,23,7.68,51.98
90129,Active,905339,NA,NA,D,0,0,3022763.893,75,1992,21,4,50.15
90130,Active,2657007,NA,NA,D,3,1,4438278.344,109.6,1996,11,21.66,111.49
90131,Active,2368576,NA,NA,D,3,1,4278219.6,14.5,1992,19,7.94,63.65
90132,Active,3012935,NA,NA,D,0,0,2884889.876,69,2003,20,4.46,45.45
90133,Active,2698680,NA,NA,D,3,1,5971249.109,122.09,2004,10,4.7,101.9
90134,Active,908808,NA,NA,D,7,1,2717532.803,90.95,1995,17,4.6,23.99
90135,Active,2397469,NA,NA,D,0,0,7719209.595,53,1988,16,4.76,62.46
90136,Active,1765508,NA,NA,D,1,0,2327333.259,140,2012,19,48.99,100.58
90137,Active,3467418,NA,NA,D,3,1,7626085.7,0,1994,27,4,45.47
90138,Active,2338553,NA,NA,D,0,0,2453478.123,89.5,1994,24,5.09,17.49
90139,Active,2368728,NA,NA,D,1,0,2536841.024,92,1989,27,8.95,59.54
90140,Active,2305618,NA,NA,D,1,0,4288005.043,95.5,1999,36,4.01,17.99
90141,Active,547909,NA,NA,D,1,0,3885313.03,95.5,2000,28,4.54,36.99
90142,Active,285940,NA,NA,D,0,0,1678869.656,101,2005,20,18.87,97.02
90143,Active,3022601,NA,NA,D,2,1,2591384.155,99.95,1995,17,6.35,43.98
90144,Active,607433,NA,NA,D,3,1,7797165.751,79,1996,17,4.12,23.99
90145,Active,788194,NA,NA,D,2,1,2959100.97,62.95,2001,21,4.22,18.97
90146,Active,654494,NA,NA,D,0,0,762177.2963,239,2009,16,28.99,126.27
90147,Active,1929637,NA,NA,D,0,0,1016466.039,139,2011,19,114.85,108.43
90148,Active,2612991,NA,NA,D,0,0,6230289.656,99.99,2001,17,34.99,73.94
90149,Active,704762,NA,NA,D,1,0,3255057.779,10.36,2003,38,4,5.27
90150,Active,3569766,NA,NA,D,0,0,1551493.25,29.99,2005,31,44.48,83.97
90151,Active,1684305,NA,NA,D,0,0,734618.8075,39.99,2013,19,19.94,24.41
90152,Active,3569955,NA,NA,D,0,0,241433.7,75,2012,30,26.93,90.67
90153,Active,2271848,NA,NA,D,3,1,1480079.95,42.29,1900,34,6.49,32.85
90154,Active,646501,NA,NA,D,2,1,1953210.543,174,2008,20,56.93,151.38
90155,Active,1653767,NA,NA,D,0,0,5861580.241,154.95,2008,17,4.77,119.35
90156,Active,870183,NA,NA,D,2,1,1510598.371,59.95,2008,27,5.02,23.94
90157,Active,643583,NA,NA,D,3,1,740214.2038,39.95,2006,30,13.98,53.94
90158,Active,3608947,NA,NA,D,0,0,1501715.65,45.95,1995,54,4.47,42.98
90159,Active,3743492,NA,NA,D,0,0,1059713.4,46.95,2010,20,19.8,46.95
90160,Active,2261686,NA,NA,D,4,1,2620375,100.54,2009,28,0,0
90161,Active,652791,NA,NA,D,22,1,509624.47,524,2010,20,158.99,0
90162,Active,264812,NA,NA,D,0,0,1574845.753,69.95,2005,15,53.98,69.95
90163,Active,699479,NA,NA,D,0,0,2202206.548,36.95,1999,15,18.81,41.19
90164,Active,603744,NA,NA,D,0,0,638521.9425,49.95,2006,72,10.46,26.39
90165,Active,2595064,NA,NA,D,1,0,3657516.246,69.95,1989,15,23.99,74.11
90166,Active,1479732,NA,NA,D,1,0,2141447.12,51,2012,22,11.86,22.49
90167,Active,762844,NA,NA,D,4,1,7858714.691,46.95,1997,21,4,110.81
90168,Active,763242,NA,NA,D,5,1,2743394.878,70,1999,17,6.04,47.57
90169,Active,2065021,NA,NA,D,0,0,2785079.31,139,2008,21,87.33,173.11
90170,Active,654384,NA,NA,D,2,1,3366273.736,209,2007,16,88.99,149.68
90171,Active,636706,NA,NA,D,1,0,2973372.87,35.95,1996,24,4,23.94
90172,Active,3518603,NA,NA,D,1,0,2611290.45,47.95,2004,50,4,6.95
90173,Active,2770980,NA,NA,D,0,0,289526.8863,29.99,1979,71,4,12.75
90174,Active,2309242,NA,NA,D,7,1,3801414.273,0,1984,20,4,70.12
90175,Active,3821278,NA,NA,D,3,1,3093711.15,99,1988,13,100.99,363.94
90176,Active,760021,NA,NA,D,1,0,1038744.92,55,2003,40,4,8.24
90177,Active,3018045,NA,NA,D,0,0,949653.135,45,2003,28,7.94,99.95
90178,Active,263050,NA,NA,D,1,0,1300379.749,39.95,2004,25,5.35,19.09
90179,Active,848661,NA,NA,D,0,0,760933.795,46.76,1998,23,4.76,49.47
90180,Active,2259189,NA,NA,D,7,1,8987484.919,445.2,2008,15,27.31,436.55
90181,Active,761512,NA,NA,D,0,0,3632993.539,60.95,2004,21,4.83,83.61
90182,Active,720487,NA,NA,D,0,0,3827879,37.5,2002,22,8.91,52.01
90183,Active,2565592,NA,NA,D,2,1,730704.5813,285.78,1985,14,32.28,171.39
90184,Active,3125797,NA,NA,D,17,1,824759.8138,49.95,2003,27,14.44,46.81
90185,Active,3125798,NA,NA,D,17,1,525399.385,68.95,2003,21,24.99,270.55
90186,Active,2417957,NA,NA,D,0,0,8390076.19,79,1988,15,10.49,0
90187,Active,1710714,NA,NA,D,0,0,1889820.895,65,2013,25,4,49.89
90188,Active,2780318,NA,NA,D,0,0,1480882.631,38.5,1980,17,8.75,72.28
90189,Active,658517,NA,NA,D,7,1,1397782.045,41,2009,24,15.17,28.98
90190,Active,667703,NA,NA,D,1,0,7423738.168,135,2007,18,10.05,88.73
90191,Active,2613674,NA,NA,D,1,0,3915317.279,139.99,2003,18,35.99,52.24
90192,Active,1593096,NA,NA,D,1,0,1779447.39,79.99,2007,28,5.87,12.79
90193,Active,2611336,NA,NA,D,0,0,1772524.194,104.99,2000,20,7.93,73.89
90194,Active,725583,NA,NA,D,0,0,3552983.03,55,1999,23,7.8,44.48
90195,Active,300406,NA,NA,D,3,1,649266.0488,210,2011,26,13.44,73.97
90196,Active,2567076,NA,NA,D,6,1,3549783.724,280,2000,17,39.89,103.51
90197,Active,738417,NA,NA,D,0,0,2234640.001,41,2010,18,6.45,10.88
90198,Active,738597,NA,NA,D,0,0,1077521.445,36,2012,20,4.99,36
90199,Active,3109690,NA,NA,D,0,0,367551.13,52,2015,17,30.99,52
90200,Active,540490,NA,NA,D,0,0,1054537.171,48,2012,32,4.86,72.77
90201,Active,2786738,NA,NA,D,1,0,311416.4663,37.5,1973,38,4.59,28.9
90202,Active,135294,NA,NA,D,0,0,1016609.073,95,2005,31,4,19.95
90203,Active,1590866,NA,NA,D,1,0,2116212.069,104.99,2011,26,45.85,81.65
90204,Active,2614409,NA,NA,D,0,0,3436562.03,94.99,2003,22,28.74,85.45
90205,Active,2723449,NA,NA,D,1,0,833682.44,72,1999,29,4.94,27.85
90206,Active,737356,NA,NA,D,0,0,2160408.008,570.69,2005,19,5.06,38.91
90207,Active,1754510,NA,NA,D,0,0,300736.5688,34.99,2011,16,22.46,24.21
90208,Active,2767898,NA,NA,D,0,0,3050016.17,70.68,1981,33,4,69.71
90209,Active,3128869,NA,NA,D,4,1,2509887.354,34.95,2000,13,31.93,73.97
90210,Active,3128870,NA,NA,D,4,1,2831990.536,34.95,2000,17,11.28,73.65
90211,Active,2581507,NA,NA,D,0,0,2114981.088,152.31,1972,20,4,86.6
90212,Active,2667346,NA,NA,D,0,0,1764384.485,393.75,2000,11,56.19,2346.73
90213,Active,621939,NA,NA,D,1,0,774955.015,49.99,2011,70,4,8.29
90214,Active,385789,NA,NA,D,2,1,2697040.184,44.99,2010,17,5.9,83.51
90215,Active,844745,NA,NA,D,0,0,3850925.411,78.68,1988,17,4,28.97
90216,Active,2674888,NA,NA,D,1,0,1555346.186,81.23,1974,28,5.96,118.03
90217,Active,2550709,NA,NA,D,1,0,5176176.444,72.95,1997,24,4.93,45.64
90218,Active,874199,NA,NA,D,5,1,1246281.975,23.95,2004,30,9.99,20.46
90219,Active,3730301,NA,NA,D,0,0,5697777.65,55,2007,17,4,19.31
90220,Active,3550422,NA,NA,D,0,0,6391732.15,126.67,1984,27,4,40.98
90221,Active,119397,NA,NA,D,7,1,163641.9163,138.67,2011,23,103.99,0
90222,Active,192548,NA,NA,D,3,1,2383831.394,145,1998,16,25.47,167.46
90223,Active,269567,NA,NA,D,0,0,627451.9488,62.95,2010,20,32.24,0
90224,Active,2874964,NA,NA,D,1,0,3483387.64,89.95,1999,11,4.13,92.19
90225,Active,2533659,NA,NA,D,0,0,531520.0288,37.95,1998,28,4,11.94
90226,Active,145554,NA,NA,D,1,0,2235483.141,152.67,2007,26,4.95,46.77
90227,Active,2843459,NA,NA,D,0,0,7923506.25,8.95,1994,0,0,0
90228,Active,255616,NA,NA,D,1,0,2006564.319,59,1995,14,40.83,83.83
90229,Active,902658,NA,NA,D,1,0,4130440.53,135,1987,16,4,81.61
90230,Active,845881,NA,NA,D,5,1,7973850.924,63.96,1991,21,4.34,51.93
90231,Active,373593,NA,NA,D,4,1,1653288.434,35,1999,22,4,22.98
90232,Active,143244,NA,NA,D,12,1,887698.7513,143,2008,68,3.88,90.85
90233,Active,128833,NA,NA,D,5,1,3753595.765,66,2002,30,4,15.99
90234,Active,556278,NA,NA,D,5,1,4146415.251,81.25,2006,22,6.11,20.51
90235,Active,196569,NA,NA,D,4,1,3913363.919,32.95,2005,19,4.36,60.88
90236,Active,1651924,NA,NA,D,5,1,2192590.955,39.95,2008,11,4.81,36.72
90237,Active,907238,NA,NA,D,0,0,2375941.324,114.54,1954,14,4,77.99
90238,Active,105604,NA,NA,D,1,0,1518298.816,54.95,2000,19,4.53,23.99
90239,Active,608674,NA,NA,D,7,1,1653907.141,62.95,1998,25,4,16.94
90240,Active,2385309,NA,NA,D,0,0,1914788.873,74,1996,19,9,49.67
90241,Active,121102,NA,NA,D,0,0,4652766.299,49.6,1999,25,4,8.99
90242,Active,104611,NA,NA,D,2,1,667683.3538,59.95,1996,46,4,17.43
90243,Active,2153721,NA,NA,D,3,1,263213.5913,678.93,2007,12,60.79,148.2
90244,Active,904754,NA,NA,D,5,1,1565707.545,0,1969,23,5.42,0
90245,Active,755400,NA,NA,D,4,1,1794320.013,39.95,2004,16,4.61,0
90246,Active,889976,NA,NA,D,1,0,3908339.739,48.99,2006,17,18.49,74.57
90247,Active,885080,NA,NA,D,1,0,3692747.428,53.99,2009,19,30.17,43.23
90248,Active,433766,NA,NA,D,5,1,675307.18,29.95,1995,32,4,22.7
90249,Active,2745349,NA,NA,D,1,0,5203975,54.95,2001,20,3.99,5.96
90250,Active,868305,NA,NA,D,2,1,7166468.135,0,1987,22,4.34,0
90251,Active,2851284,NA,NA,D,1,0,2065861.269,97.95,1999,15,14.61,59.22
90252,Active,118471,NA,NA,D,1,0,188242.78,75,2007,25,26.16,0
90253,Active,868374,NA,NA,D,9,1,6338531.229,57.56,1991,15,4.35,70.18
90254,Active,766574,NA,NA,D,4,1,2496803.873,102.95,1997,27,4,8
90255,Active,552461,NA,NA,D,2,1,2097544.013,180,2005,31,4,23.44
90256,Active,740819,NA,NA,D,0,0,994568.6525,33.33,2006,31,4.58,33.94
90257,Active,869335,NA,NA,D,0,0,1208831.551,20.98,2007,15,10.96,19.98
90258,Active,2525239,NA,NA,D,0,0,8208637.481,99,1981,17,4.08,71.56
90259,Active,3822156,NA,NA,D,0,0,12682575.95,60,1999,1,11.98,0
90260,Active,3246247,NA,NA,D,1,0,5992219.066,242.33,1993,37,36.32,379.36
90261,Active,2347042,NA,NA,D,2,1,7441629.068,39,1990,12,5.24,58.29
90262,Active,3150573,NA,NA,D,0,0,2226676.705,159,2005,21,83.74,119.28
90263,Active,206869,NA,NA,D,0,0,3044190.156,35,2004,25,4,40.98
90264,Active,2537418,NA,NA,D,1,0,1010254.893,45.95,2001,17,35.83,89.29
90265,Active,913071,NA,NA,D,0,0,416183.9125,46.69,2006,34,22.89,69.42
90266,Active,891129,NA,NA,D,1,0,1097590.559,99,1991,11,89.11,94.78
90267,Active,152598,NA,NA,D,0,0,2276731.329,134,1999,21,4.9,45.79
90268,Active,2376244,NA,NA,D,1,0,3276764.056,52.8,2004,39,3.98,51.63
90269,Active,912058,NA,NA,D,4,1,2280913.404,50,2004,21,5.17,42.3
90270,Active,884106,NA,NA,D,1,0,3954982.978,65.95,2006,13,26.8,122.72
90271,Active,300778,NA,NA,D,0,0,1016530.528,65,1996,36,37,54.86
90272,Active,2699661,NA,NA,D,2,1,5115565.991,34.95,1997,17,4,45.4
90273,Active,348286,NA,NA,D,1,0,2034693.499,204.95,1995,31,3.99,14.24
90274,Active,3120339,NA,NA,D,2,1,1386613.991,45.95,2002,15,4,105.99
90275,Active,165076,NA,NA,D,3,1,2635906.814,137.95,2001,22,3.99,6.97
90276,Active,2940682,NA,NA,D,1,0,2673680.605,62.99,2005,14,33.79,144.27
90277,Active,2227548,NA,NA,D,1,0,7439371.846,38,2008,9,25.72,32
90278,Active,2440800,NA,NA,D,1,0,813025.9575,59.95,1990,23,18.89,72.45
90279,Active,2008297,NA,NA,D,0,0,2327302.555,122,2009,21,13.99,50.99
90280,Active,598464,NA,NA,D,0,0,789600.045,68,2000,21,4.34,41.49
90281,Active,620932,NA,NA,D,0,0,257503.0838,64.95,1997,51,18,27.46
90282,Active,2475127,NA,NA,D,0,0,533812.8163,28.95,1995,18,5.19,53.73
90283,Active,3547181,NA,NA,D,1,0,4251767.85,94.95,1999,29,4,6.49
90284,Active,556292,NA,NA,D,1,0,797164.5713,79.95,2006,41,4.73,49.53
90285,Active,2531392,NA,NA,D,0,0,1134603.52,41.95,1996,23,19.1,41.95
90286,Active,3842732,NA,NA,D,3,1,6178990.7,99,1995,27,6.19,58.21
90287,Active,643800,NA,NA,D,4,1,2707751.233,34.95,1997,18,6.84,23.98
90288,Active,3033143,NA,NA,D,0,0,1245021.291,104.95,2004,10,59.75,23.99
90289,Active,140420,NA,NA,D,1,0,619877.7875,41.99,2001,32,9.09,23
90290,Active,385755,NA,NA,D,1,0,1648884.154,122.95,2007,20,8.24,18.43
90291,Active,202229,NA,NA,D,1,0,1673241.208,113.95,2001,49,4,37.82
90292,Active,169535,NA,NA,D,1,0,2708381.89,227.95,2006,34,4.54,36.34
90293,Active,737464,NA,NA,D,0,0,2580410.269,48,2006,25,5.66,48.23
90294,Active,3821616,NA,NA,D,0,0,2642477.35,42,1997,10,4,0
90295,Active,152138,NA,NA,D,1,0,2952710.1,69.95,2004,17,13.97,21.24
90296,Active,532556,NA,NA,D,3,1,801813.155,142,2007,28,30.63,87.11
90297,Active,904889,NA,NA,D,3,1,2463844.156,90.02,2011,17,26.99,70.99
90298,Active,2245860,NA,NA,D,0,0,7843755.653,58,2009,16,44.15,48.66
90299,Active,2171971,NA,NA,D,1,0,915047.1625,34.5,2007,36,4.75,28.44
90300,Active,2229855,NA,NA,D,0,0,1128197.381,105,2010,16,37.81,37.79
90301,Active,896967,NA,NA,D,0,0,807165.2725,5.95,1994,15,18.99,31.98
90302,Active,3035519,NA,NA,D,0,0,913844.115,49.95,2003,16,33.98,46.21
90303,Active,385378,NA,NA,D,0,0,1355725.525,229,2005,24,78.09,174.44
90304,Active,3491192,NA,NA,D,0,0,1179051.5,210,1969,51,28.49,131.86
90305,Active,781040,NA,NA,D,0,0,1461187.581,59.95,2003,18,33.99,45.99
90306,Active,899377,NA,NA,D,1,0,2651658.876,99.95,2008,19,23.98,53.99
90307,Active,2421266,NA,NA,D,1,0,1811998.113,32.95,1973,15,41.7,355.38
90308,Active,2607124,NA,NA,D,0,0,5503648.803,160,1999,21,18.43,103.41
90309,Active,892228,NA,NA,D,1,0,3983565.89,109,2010,14,78.99,98.64
90310,Active,152480,NA,NA,D,1,0,3038426.16,109,2007,16,48.94,53.37
90311,Active,859644,NA,NA,D,0,0,1204972.391,189,2008,45,53.99,63.09
90312,Active,760815,NA,NA,D,1,0,3727633.809,110,2001,23,12.63,53.89
90313,Active,754076,NA,NA,D,3,1,2907520.773,57.5,2004,11,18.83,66.65
90314,Active,2578961,NA,NA,D,1,0,2288919.585,494,1994,24,28.2,139.55
90315,Active,1593283,NA,NA,D,0,0,4217298.373,129.99,2007,17,26.99,77.02
90316,Active,720189,NA,NA,D,1,0,1734878.809,58,2005,34,3.99,9.45
90317,Active,1472914,NA,NA,D,1,0,1037735.629,58,2010,25,6.73,14.98
90318,Active,608962,NA,NA,D,2,1,1062843.214,55.95,2003,15,7.62,32.96
90319,Active,756620,NA,NA,D,1,0,883666.7975,11.49,2005,46,4,11.99
90320,Active,921405,NA,NA,D,1,0,570285.93,58.6,1998,58,4,4.99
90321,Active,2777831,NA,NA,D,6,1,8718300.069,110,1989,10,4,2568.76
90322,Active,118882,NA,NA,D,5,1,332707.875,80,2008,52,4,40.98
90323,Active,1540961,NA,NA,D,1,0,2889753.536,44.95,2009,24,4.99,38.98
90324,Active,748706,NA,NA,D,1,0,6413282.9,55.99,2006,16,4.68,48.27
90325,Active,157767,NA,NA,D,4,1,245922.3675,78.95,2011,41,33.72,51.3
90326,Active,213273,NA,NA,D,2,1,361438.0738,51.95,2007,23,23.94,36.98
90327,Active,1491754,NA,NA,D,0,0,412122.7888,41.95,2006,48,11.62,35.7
90328,Active,2759571,NA,NA,D,1,0,2455463.371,23.95,2003,13,6.39,18.99
90329,Active,278262,NA,NA,D,1,0,1811976.946,59,2005,23,4,16.77
90330,Active,764612,NA,NA,D,1,0,4854424.63,52.95,1998,21,4,11.87
90331,Active,713742,NA,NA,D,3,1,1496854.311,39,1999,14,4,18.99
90332,Active,720494,NA,NA,D,0,0,860590.0763,29.95,2002,26,13.99,0
90333,Active,723460,NA,NA,D,1,0,935561.3275,82,2009,31,10.44,59.05
90334,Active,114656,NA,NA,D,1,0,679508.545,43.4,2003,94,3.96,4.29
90335,Active,2824814,NA,NA,D,0,0,5142836.098,120,1997,15,13.59,128.49
90336,Active,2310805,NA,NA,D,1,0,1241345.44,1.98,1986,22,25.79,108.44
90337,Active,2302333,NA,NA,D,0,0,899038.1438,73.91,1982,35,4,58.11
90338,Active,453637,NA,NA,D,1,0,983619.4925,50,2009,43,4.05,21.43
90339,Active,149434,NA,NA,D,1,0,2139883.531,43,2009,23,5.99,35.57
90340,Active,598608,NA,NA,D,0,0,2578281.515,59.95,2011,12,4.35,10.69
90341,Active,643638,NA,NA,D,1,0,2618944.931,59.95,2005,14,4.87,35.75
90342,Active,625237,NA,NA,D,1,0,938887.5625,44.99,2011,45,7.44,10.1
90343,Active,177176,NA,NA,D,7,1,1700805.484,268.95,2004,27,4,29.74
90344,Active,739875,NA,NA,D,0,0,2285272.056,143,2004,25,4.35,10.56
90345,Active,52994,NA,NA,D,4,1,1834706.499,180.67,2008,25,4,83.64
90346,Active,906590,NA,NA,D,1,0,555814.9838,39.99,2011,33,12.99,21.32
90347,Active,626284,NA,NA,D,1,0,1118709.625,49.99,2010,48,4,12.24
90348,Active,870125,NA,NA,D,6,1,3495173.854,141.8,2009,19,16.73,94.01
90349,Active,644745,NA,NA,D,1,0,390351.3913,49.99,2011,34,5.2,28.84
90350,Active,676891,NA,NA,D,1,0,1197791.119,29.99,2004,57,4,38.21
90351,Active,657390,NA,NA,D,2,1,4484503.614,37.95,2001,16,4.76,37.95
90352,Active,2036454,NA,NA,D,0,0,1982418.106,44.99,2006,37,4.01,29.59
90353,Active,2036464,NA,NA,D,1,0,2216424.889,39.99,2006,34,4,6.21
90354,Active,266938,NA,NA,D,0,0,313701.155,42.99,2009,32,7.11,29.31
90355,Active,918161,NA,NA,D,0,0,2289050.861,49.99,2002,33,4,51.77
90356,Active,646470,NA,NA,D,1,0,1966835.554,44.99,2009,22,12.71,35.96
90357,Active,631642,NA,NA,D,0,0,328060.065,47.99,2009,27,4.47,29.67
90358,Active,621264,NA,NA,D,1,0,1331438.023,49.99,2008,44,4,31.49
90359,Active,576411,NA,NA,D,1,0,1707501.493,67,2001,25,4,49.56
90360,Active,162018,NA,NA,D,4,1,306143.1838,39.99,2007,61,4,38.8
90361,Active,656492,NA,NA,D,0,0,440846.0488,516.91,2009,22,21.48,0
90362,Active,556919,NA,NA,D,0,0,1263477.159,61.43,1982,18,4,73.67
90363,Active,366842,NA,NA,D,0,0,2931300.58,82.95,1999,30,4,47.73
90364,Active,878106,NA,NA,D,4,1,1990955.576,99.27,2007,23,18.34,92
90365,Active,634567,NA,NA,D,1,0,2154553.266,107.99,2006,26,4,23.99
90366,Active,564847,NA,NA,D,1,0,919039.3875,69.95,2011,28,17.05,123.98
90367,Active,252572,NA,NA,D,5,1,516898.4125,4.85,2008,37,6.33,18.87
90368,Active,1765503,NA,NA,D,1,0,2071866.473,155,2013,17,80.99,128.1
90369,Active,1766214,NA,NA,D,1,0,2547351.11,164.99,2013,17,81.54,96.14
90370,Active,897174,NA,NA,D,1,0,1835626.486,59.95,2004,22,4,38.99
90371,Active,832237,NA,NA,D,1,0,687859.595,79.95,2000,21,25.22,181.78
90372,Active,2335339,NA,NA,D,1,0,1969770.673,79,1996,25,12.9,59.13
90373,Active,550722,NA,NA,D,4,1,315984.6475,160.5,2008,18,42.95,406.89
90374,Active,882725,NA,NA,D,1,0,9685615.213,27.95,2000,17,4.26,54.02
90375,Active,1475201,NA,NA,D,1,0,1143241.569,65,2012,9,60.59,46.09
90376,Active,2533942,NA,NA,D,1,0,1707911.543,70.95,1997,21,38.82,61.58
90377,Active,1558637,NA,NA,D,1,0,929845.3325,37.95,2011,29,29.52,32.23
90378,Active,869667,NA,NA,D,0,0,5861827.324,149.09,1976,21,4.28,49.97
90379,Active,1471791,NA,NA,D,1,0,2299358.554,73,2008,20,20.02,25.93
90380,Active,2545645,NA,NA,D,0,0,8572537.6,160,2004,10,13.99,152.18
90381,Active,839098,NA,NA,D,0,0,2830916.27,71.09,1999,17,4,0
90382,Active,3047175,NA,NA,D,0,0,1383576.56,35,1993,22,29.98,211.53
90383,Active,2577637,NA,NA,D,0,0,2889527.933,64.95,1984,20,4,39.98
90384,Active,296100,NA,NA,D,1,0,4366236.511,89,2003,18,5.49,70.03
90385,Active,290117,NA,NA,D,1,0,637230.8763,53.61,2006,18,7.83,74.65
90386,Active,629677,NA,NA,D,5,1,2218916.988,245.99,2007,16,4,6.49
90387,Active,1845162,NA,NA,D,1,0,1860095.464,58.2,2007,14,12.21,73.23
90388,Active,2759558,NA,NA,D,1,0,3843318.526,120,2004,14,8.2,99.14
90389,Active,624448,NA,NA,D,2,1,1090446.328,339,2005,27,26.15,149.95
90390,Active,2664184,NA,NA,D,0,0,2789071.723,139,1989,17,4.94,88.18
90391,Active,2049893,NA,NA,D,1,0,517873.5875,33.99,2013,18,60.45,202.99
90392,Active,1594933,NA,NA,D,1,0,3489740.668,99.99,2008,21,15.26,73.97
90393,Active,2495670,NA,NA,D,0,0,1508937.876,45,1998,43,5.51,22.06
90394,Active,2502433,NA,NA,D,0,0,1823885.193,99,2001,43,44.64,50.53
90395,Active,628416,NA,NA,D,0,0,863925.4688,41.95,2006,19,6.37,46.75
90396,Active,259988,NA,NA,D,2,1,2560077.185,57,2002,18,4,7.99
90397,Active,334971,NA,NA,D,0,0,7885273.004,37.95,2001,12,4.48,45.75
90398,Active,1649182,NA,NA,D,0,0,2497402.034,49.95,2007,14,11.72,54.23
90399,Active,300260,NA,NA,D,1,0,664075.495,36,2008,44,4,9
90400,Active,242688,NA,NA,D,1,0,1096700.946,45,2003,39,4,12.98
90401,Active,904348,NA,NA,D,0,0,1384444.739,37.5,1999,14,4.77,35.18
90402,Active,1473236,NA,NA,D,1,0,2682413.249,95,2009,16,30.78,75.93
90403,Active,3614441,NA,NA,D,0,0,9531814.8,45,1990,16,5.67,0
90404,Active,719804,NA,NA,D,1,0,2217152.306,125,2000,23,4.05,64.21
90405,Active,2869253,NA,NA,D,1,0,740290.3925,120,1986,39,33.99,106.49
90406,Active,3149998,NA,NA,D,0,0,2222707.158,189,2004,17,24.94,89.95
90407,Active,1689763,NA,NA,D,0,0,3490267.036,65,2009,11,23.54,126.05
90408,Active,3518587,NA,NA,D,0,0,1071579.75,45,2004,30,10.06,60.97
90409,Active,1706516,NA,NA,D,0,0,2750392.261,45,2008,43,14.94,38.93
90410,Active,3296045,NA,NA,D,0,0,581025,0,2005,16,0,0
90411,Active,1468918,NA,NA,D,1,0,3974154.559,100,2011,15,23.53,30.98
90412,Active,2238995,NA,NA,D,0,0,2293410.284,179,2010,15,133.41,102.31
90413,Active,230632,NA,NA,D,1,0,777882.2725,145,1999,49,8.87,73.45
90414,Active,2414571,NA,NA,D,1,0,3040236.835,143,1997,24,5.55,68.84
90415,Active,1706115,NA,NA,D,0,0,2184287.646,69.95,2012,9,21.98,54.49
90416,Active,1920576,NA,NA,D,1,0,1614148.829,49.99,2009,13,15.58,47.51
90417,Active,729485,NA,NA,D,1,0,4770297.94,130,1997,31,25.52,83.83
90418,Active,3095353,NA,NA,D,1,0,1117314.676,49.95,2004,23,8.48,52.39
90419,Active,2563971,NA,NA,D,1,0,1812519.145,85,1996,27,4.39,27.98
90420,Active,261371,NA,NA,D,1,0,874828.02,75,2002,53,4.73,16.98
90421,Active,722465,NA,NA,D,1,0,1807865.038,53,2006,36,23.79,55.95
90422,Active,827928,NA,NA,D,1,0,367980.7913,45,2004,21,10.52,95.98
90423,Active,635823,NA,NA,D,1,0,1077289.478,55,2011,14,15.53,20.18
90424,Active,621079,NA,NA,D,1,0,1398399.418,78,2008,23,6.29,25.95
90425,Active,2850009,NA,NA,D,0,0,1119342.28,79.97,2003,15,47.95,99.84
90426,Active,3595526,NA,NA,D,0,0,2016915.35,44.99,2013,46,15.99,28.65
90427,Active,3041612,NA,NA,D,0,0,2405213.925,24.95,2002,14,15.95,120.63
90428,Active,2512918,NA,NA,D,0,0,857857.0513,19.96,1963,23,12.54,31.02
90429,Active,1604678,NA,NA,D,1,0,493183.805,14.6,2012,10,10.33,11.14
90430,Active,1604684,NA,NA,D,1,0,232260.6875,12,2012,10,9.26,12
90431,Active,1604679,NA,NA,D,1,0,185350.9725,14.6,2012,13,11.24,18.64
90432,Active,2257254,NA,NA,D,1,0,2296640.85,0,2007,29,0,0
90433,Active,454114,NA,NA,D,0,0,3770820.049,139.99,1997,23,18.98,65.77
90434,Active,576951,NA,NA,D,0,0,1603560.234,47.95,2008,29,17.87,35.17
90435,Active,2081109,NA,NA,D,1,0,579569.3088,15.6,2010,27,4,5.88
90436,Active,2691191,NA,NA,D,0,0,3880850.628,32.95,2002,29,4,8.98
90437,Active,2597847,NA,NA,D,1,0,3233123.451,134.99,1991,22,23.94,67.04
90438,Active,198802,NA,NA,D,0,0,487834.0713,71.99,2000,23,29.35,56.46
90439,Active,750304,NA,NA,D,1,0,877407.1188,85,2008,31,6.75,22.95
90440,Active,2255023,NA,NA,D,0,0,5486723.693,51.76,2007,21,13.35,50.82
90441,Active,3804125,NA,NA,D,0,0,4185372.75,39,2006,0,0,0
90442,Active,272333,NA,NA,D,0,0,2075323.204,32.95,2006,17,6.46,22.22
90443,Active,3121680,NA,NA,D,0,0,962105.2838,45,2004,39,3.43,37.18
90444,Active,760984,NA,NA,D,1,0,1349451.793,160,2004,34,7.25,107.54
90445,Active,174744,NA,NA,D,0,0,601581.7738,79.99,1999,40,4,47.77
90446,Active,2602703,NA,NA,D,0,0,4199123.344,85,1998,15,6.39,68.79
90447,Active,113076,NA,NA,D,1,0,2815814.82,83.95,2006,19,52.15,109.56
90448,Active,3553180,NA,NA,D,0,0,2709380.2,42.5,1984,32,4,36.88
90449,Active,2575191,NA,NA,D,0,0,1636532.305,135.57,1969,18,4,494.99
90450,Active,636414,NA,NA,D,1,0,847214.0613,200,1998,24,6.14,77.99
90451,Active,2663589,NA,NA,D,2,1,2950451.923,186.15,1980,13,41.7,130.04
90452,Active,3461320,NA,NA,D,0,0,4102604.82,43.37,2013,8,41.33,42.75
90453,Active,533922,NA,NA,D,6,1,35892.7075,168.47,2006,141,12.98,42.85
90454,Active,1956308,NA,NA,D,2,1,743355.3925,102.5,2012,23,22.57,64.34
90455,Active,625235,NA,NA,D,7,1,464666.0913,122,2011,29,32.93,147.1
90456,Active,704892,NA,NA,D,2,1,2107780.448,45.29,1998,36,4,45.19
90457,Active,2270730,NA,NA,D,2,1,801825.215,189.58,2011,39,26.37,109.36
90458,Active,2796104,NA,NA,D,0,0,918609.4625,154.27,1974,23,4,44.73
90459,Active,666060,NA,NA,D,5,1,1105280.605,127,2008,22,19.16,90.34
90460,Active,852579,NA,NA,D,2,1,1626266.551,36,2001,29,4,12.98
90461,Active,646393,NA,NA,D,0,0,2201931.366,249,2008,14,159.74,159.75
90462,Active,2533007,NA,NA,D,0,0,7789543.529,45.95,1997,19,3.99,45.03
90463,Active,2832808,NA,NA,D,1,0,2321891.896,209.95,2004,14,148.66,349.55
90464,Active,556266,NA,NA,D,0,0,7165090.443,44.95,2005,18,4.4,46.1
90465,Active,718790,NA,NA,D,1,0,2036710.983,42,1997,31,4,44.07
90466,Active,627114,NA,NA,D,0,0,3743696.051,131,2005,18,4.92,17.39
90467,Active,574636,NA,NA,D,4,1,5838366.234,50.95,2004,17,4.04,49.83
90468,Active,542590,NA,NA,D,5,1,1195528.32,73.95,2008,26,4.78,73.94
90469,Active,907605,NA,NA,D,1,0,2187980.585,47,2002,26,4,26.49
90470,Active,1709066,NA,NA,D,1,0,1891035.011,223.95,2007,18,32.68,43.87
90471,Active,510331,NA,NA,D,1,0,4683506.286,175,2008,8,85.51,123.78
90472,Active,832539,NA,NA,D,3,1,2269262.8,87.95,2009,19,39.83,134.01
90473,Active,908419,NA,NA,D,0,0,3425216.215,209,2005,23,13.33,35.98
90474,Active,2251021,NA,NA,D,2,1,8407798,0,2009,13,0,0
90475,Active,759444,NA,NA,D,2,1,2607103.235,74.95,2001,48,4,16.99
90476,Active,584813,NA,NA,D,1,0,2211733.178,79,2001,41,4,43.44
90477,Active,755197,NA,NA,D,1,0,3388359.928,100,2003,16,7.11,22.13
90478,Active,756983,NA,NA,D,1,0,3390927.149,115,2002,14,5.36,73.43
90479,Active,2523791,NA,NA,D,0,0,9712968.398,135,1991,16,6.62,21.98
90480,Active,164898,NA,NA,D,1,0,2791405.451,158.5,2000,18,26.95,60.31
90481,Active,628611,NA,NA,D,0,0,1116768.239,49.81,2005,27,4.75,43.59
90482,Active,221846,NA,NA,D,3,1,4045379.533,92.95,1999,23,4.72,28.97
90483,Active,255392,NA,NA,D,3,1,2064260.395,98.18,2000,15,18.93,88.73
90484,Active,612813,NA,NA,D,4,1,33873.59625,230.4,2010,376,4.94,33.99
90485,Active,914644,NA,NA,D,0,0,3589811.981,62.95,1999,19,4,16.08
90486,Active,2612733,NA,NA,D,1,0,2005717.188,57.99,2001,21,5.17,48.99
90487,Active,911428,NA,NA,D,0,0,4526457.428,0,2011,15,4,0
90488,Active,416542,NA,NA,D,1,0,573096.3563,5.49,2007,108,4.24,12.99
90489,Active,3126603,NA,NA,D,0,0,3953081.179,45,1995,14,6.87,71.03
90490,Active,2612941,NA,NA,D,1,0,2152588.128,235,2003,17,16.04,16.84
90491,Active,197930,NA,NA,D,2,1,2299031.896,128.11,2008,20,4.04,21.49
90492,Active,165580,NA,NA,D,1,0,801567.6525,8.98,2005,84,4,8.48
90493,Active,1583952,NA,NA,D,0,0,1066208.96,60.75,2011,23,4.92,5.88
90494,Active,3719061,NA,NA,D,1,0,234889.55,222.25,2015,54,31.37,94.98
90495,Active,1453767,NA,NA,D,0,0,3727798.25,0,1900,9,10.69,68.98
90496,Active,2334827,NA,NA,D,0,0,1809340.169,68.17,1985,22,8.75,43.92
90497,Active,2305814,NA,NA,D,0,0,4682946.728,459.48,1965,13,28.98,117.38
90498,Active,2525156,NA,NA,D,1,0,3706637.866,99,1972,22,17.86,73.69
90499,Active,861199,NA,NA,D,5,1,314728.3738,135.93,2013,52,8.79,29.59
90500,Active,257732,NA,NA,D,0,0,2021251.764,75,1999,25,4.49,74.74
90501,Active,2613057,NA,NA,D,1,0,3433932.456,155,2001,19,43.91,94.5
90502,Active,762389,NA,NA,D,1,0,4233827.298,120,2000,17,7.55,44.34
90503,Active,905394,NA,NA,D,1,0,2627894.539,107.95,2004,17,42.36,48.94
90504,Active,2668789,NA,NA,D,2,1,4537323.218,74.2,1993,12,4.02,483.13
90505,Active,568513,NA,NA,D,1,0,1836166.844,169.99,1992,23,19.49,73.98
90506,Active,1657388,NA,NA,D,0,0,2914713.184,35.74,2010,11,4.98,35
90507,Active,695107,NA,NA,D,1,0,1699825.219,115.5,2004,18,6.99,33.97
90508,Active,513430,NA,NA,D,0,0,2328701.853,111,2006,12,73.99,77.7
90509,Active,2851344,NA,NA,D,1,0,5380514.448,172.95,2002,23,4,46.87
90510,Active,641163,NA,NA,D,0,0,2185391.979,179,2010,22,95.81,89.47
90511,Active,229235,NA,NA,D,1,0,2206471.706,61,1998,34,4,23.99
90512,Active,3124308,NA,NA,D,1,0,1610286.738,169.99,2001,13,38.03,360.18
90513,Active,1923564,NA,NA,D,0,0,1840953.651,209,2010,17,119.11,100.58
90514,Active,900781,NA,NA,D,1,0,448498.4425,89.95,2008,22,62.72,72.99
90515,Active,152881,NA,NA,D,2,1,1759731.423,79.95,2003,41,4,8.99
90516,Active,2851909,NA,NA,D,1,0,2663583.153,205.95,1997,13,43.94,158.75
90517,Active,2564906,NA,NA,D,1,0,550809.5475,180,2001,22,48.08,89.65
90518,Active,555291,NA,NA,D,1,0,1136267.724,177.95,1996,28,6.78,40.99
90519,Active,762936,NA,NA,D,0,0,4721469.443,70,1998,23,4.77,46.33
90520,Active,618716,NA,NA,D,1,0,588521.4788,145.25,1980,38,9.39,79.99
90521,Active,2582499,NA,NA,D,0,0,1668902.554,34.95,2003,24,13.8,20.94
90522,Active,789810,NA,NA,D,1,0,2726502.985,163.95,2007,16,33.94,60.39
90523,Active,2229866,NA,NA,D,0,0,1164586.959,61,2011,10,7.33,4.75
90524,Active,602040,NA,NA,D,2,1,2722201.238,41,2003,22,4,22.99
90525,Active,645292,NA,NA,D,3,1,2885476.75,41,2006,23,4.77,23.99
90526,Active,273822,NA,NA,D,2,1,3198076.996,41,2004,30,4,43.7
90527,Active,2543784,NA,NA,D,2,1,5055173.861,41,2005,19,4.59,33.26
90528,Active,628793,NA,NA,D,1,0,175441.97,81.95,2008,54,4.77,69.75
90529,Active,2580204,NA,NA,D,1,0,5473674.643,111,1996,14,5.56,74.46
90530,Active,897758,NA,NA,D,1,0,1949879.994,104.95,2004,17,16.49,68.73
90531,Active,905984,NA,NA,D,0,0,1511930.279,38.95,2001,25,7.5,15.99
90532,Active,392999,NA,NA,D,3,1,1895949.45,79.95,2012,19,23.49,284.95
90533,Active,779004,NA,NA,D,1,0,754683.2038,45.33,2011,19,12.98,23.98
90534,Active,624978,NA,NA,D,1,0,2311538.611,139.95,2003,27,4.11,47.07
90535,Active,608489,NA,NA,D,4,1,5167151.669,39.99,2004,15,4,10.95
90536,Active,594158,NA,NA,D,0,0,2373012.681,99.95,2011,15,53.14,0
90537,Active,2046260,NA,NA,D,2,1,1836241.088,81,2008,22,6.87,58.89
90538,Active,1693748,NA,NA,D,2,1,629456.8525,19.95,2006,108,4,10.48
90539,Active,755544,NA,NA,D,1,0,744334.2288,122,2006,19,7.33,16.13
90540,Active,2594620,NA,NA,D,1,0,6338623.878,78.99,1995,11,5.94,45.06
90541,Active,741060,NA,NA,D,1,0,1501161.689,54.99,2006,25,4,13.02
90542,Active,3481651,NA,NA,D,0,0,1281187.3,99,1997,67,8.03,49.98
90543,Active,2631358,NA,NA,D,1,0,2332667.536,31.67,2004,26,4,102.21
90544,Active,2536995,NA,NA,D,0,0,1318781.565,39.95,2002,19,4,25.49
90545,Active,2832892,NA,NA,D,1,0,4026066.113,167.95,2004,10,103.98,185.18
90546,Active,1576500,NA,NA,D,1,0,601865.17,45,2013,27,11.34,29.19
90547,Active,2366554,NA,NA,D,4,1,8659863.269,37.2,1992,22,4.11,7.9
90548,Active,1483191,NA,NA,D,2,1,827261.865,73.4,2014,25,18.42,61.81
90549,Active,1572089,NA,NA,D,0,0,3463932.688,60,2011,5,29.97,56.99
90550,Active,2807182,NA,NA,D,0,0,905711.6288,29.5,2002,31,4,14.97
90551,Active,1556851,NA,NA,D,1,0,4651653.92,145,2012,28,36.49,110.19
90552,Active,210599,NA,NA,D,21,1,298315.5438,14.95,2000,170,4,8.88
90553,Active,3487121,NA,NA,D,1,0,2010617.45,81,1998,46,5.73,18.99
90554,Active,908060,NA,NA,D,1,0,895968.9375,35.95,1999,22,7.83,25.87
90555,Active,218307,NA,NA,D,1,0,442100.0238,50,2011,34,11.99,27.19
90556,Active,737349,NA,NA,D,1,0,734257.6313,36,2004,36,4.23,64.49
90557,Active,540457,NA,NA,D,8,1,1595056.761,36,2009,38,4,7.11
90558,Active,143021,NA,NA,D,7,1,1842779.493,34,2005,25,5.47,13.49
90559,Active,656033,NA,NA,D,2,1,1549891.421,37,2011,20,5.93,33.99
90560,Active,737376,NA,NA,D,5,1,1777568.111,35,2006,36,4,38.98
90561,Active,1505782,NA,NA,D,1,0,965898.9888,37,2013,29,4,25.98
90562,Active,1701590,NA,NA,D,0,0,1325090.75,72,2013,17,22.99,72
90563,Active,791382,NA,NA,D,1,0,888224.2175,25.95,1998,18,8.47,78.73
90564,Active,720426,NA,NA,D,0,0,1786977.923,45,2002,27,13.58,59.58
90565,Active,208577,NA,NA,D,2,1,1765763.118,93.2,1998,29,4,66.45
90566,Active,188182,NA,NA,D,0,0,89912.67,26.99,1996,54,7.28,12.97
90567,Active,895252,NA,NA,D,1,0,227988.6713,154,1995,16,8.49,54.93
90568,Active,1708062,NA,NA,D,0,0,3210740.959,49.95,2008,20,29.04,51.24
90569,Active,1469437,NA,NA,D,0,0,8106228.903,70,2008,33,4.74,57.82
90570,Active,556210,NA,NA,D,6,1,5369766.396,55,2008,18,4,72.69
90571,Active,911368,NA,NA,D,7,1,3368878.45,39.95,2010,27,4.75,39.95
90572,Active,539811,NA,NA,D,10,1,2502919.916,45,2011,23,4.76,0
90573,Active,1476110,NA,NA,D,11,1,3504935.06,29,2012,27,4.77,41.45
90574,Active,911369,NA,NA,D,1,0,845819.7963,223.95,2006,21,38.94,90.11
90575,Active,2940379,NA,NA,D,1,0,3866787.061,228.95,2004,26,46.49,128.27
90576,Active,2648528,NA,NA,D,1,0,7085226.8,204.95,2001,19,36.6,114.84
90577,Active,184326,NA,NA,D,1,0,5363147.819,246.95,2001,21,14.21,112.14
90578,Active,532422,NA,NA,D,2,1,860026.5175,169.99,2010,65,53.99,88.97
90579,Active,3559976,NA,NA,D,0,0,5877059.3,78.5,1995,16,19.27,66.95
90580,Active,2134225,NA,NA,D,0,0,1338101.213,49.99,2012,20,46.52,49.64
90581,Active,2551313,NA,NA,D,1,0,4625254.893,455,2002,14,11.87,73.61
90582,Active,139066,NA,NA,D,0,0,625136.415,40,2007,29,14.97,64.1
90583,Active,2774957,NA,NA,D,0,0,1038246.496,43.5,2005,66,4.51,7.95
90584,Active,1475262,NA,NA,D,1,0,3678523.755,125,2012,19,7.73,48.99
90585,Active,721028,NA,NA,D,0,0,1306683.394,28,2003,27,7.53,4.98
90586,Active,2606527,NA,NA,D,1,0,1664506.628,94.99,2000,48,5.85,5.87
90587,Active,869555,NA,NA,D,1,0,957825.6725,79.95,1997,12,34.96,42.15
90588,Active,909416,NA,NA,D,11,1,2268157.638,34.95,2008,19,8.94,28.98
90589,Active,902809,NA,NA,D,0,0,2855359.309,34.95,2006,20,7.84,26.95
90590,Active,797651,NA,NA,D,1,0,1625243.938,171.95,2003,20,6.35,26.59
90591,Active,2549709,NA,NA,D,1,0,2503232.969,197.17,1979,16,26.97,88.86
90592,Active,716847,NA,NA,D,0,0,1842259.459,80,1997,25,7.16,45.67
90593,Active,60136,NA,NA,D,7,1,454426.6163,121.95,2004,26,6.42,113.94
90594,Active,184627,NA,NA,D,0,0,1810639.025,32.95,2002,24,4.48,28.99
90595,Active,184622,NA,NA,D,1,0,2468185.359,32.95,2002,29,4,41.88
90596,Active,184617,NA,NA,D,1,0,2578897.671,32.95,2002,29,4,12.49
90597,Active,2257162,NA,NA,D,5,1,7368526.136,57.96,2009,25,11.34,57.96
90598,Active,609491,NA,NA,D,4,1,1893370.798,36.95,2006,27,4,6.97
90599,Active,650062,NA,NA,D,0,0,166906.2663,139.95,2010,21,83.99,88.63
90600,Active,645540,NA,NA,D,1,0,1660772.15,99.95,2004,26,28.73,67.72
90601,Active,1733241,NA,NA,D,1,0,1866504.895,65,2007,16,19.23,55.57
90602,Active,907305,NA,NA,D,1,0,2054443.646,70,2002,19,4,29.87
90603,Active,911161,NA,NA,D,1,0,1479300.93,45,2004,29,4,12.57
90604,Active,882730,NA,NA,D,2,1,9901293.523,26.95,2000,5,5.98,11.24
90605,Active,2591329,NA,NA,D,1,0,4251887.386,144.99,1986,18,6.32,43.99
90606,Active,175983,NA,NA,D,1,0,1973788.921,105,2007,17,20.36,23.85
90607,Active,2179606,NA,NA,D,0,0,1595382.586,109,2009,23,73.99,72.67
90608,Active,105632,NA,NA,D,2,1,1089308.134,135,2001,26,36.17,0
90609,Active,221802,NA,NA,D,1,0,2426884.806,173.95,2004,16,103.99,392.53
90610,Active,385619,NA,NA,D,1,0,3244231.099,120,2004,27,4.14,24.68
90611,Active,640112,NA,NA,D,1,0,3964426.569,155,2009,11,54.74,55.68
90612,Active,585561,NA,NA,D,1,0,4294526.778,104,1998,16,4,4.17
90613,Active,2030934,NA,NA,D,0,0,2286545.226,229,2006,27,14.12,34.89
90614,Active,722089,NA,NA,D,2,1,2518400.668,185,2001,8,63.03,138.26
90615,Active,2884266,NA,NA,D,1,0,2907191.793,175,1995,11,18.99,0
90616,Active,420054,NA,NA,D,1,0,1930230.014,144,2005,14,34.14,67.84
90617,Active,1562909,NA,NA,D,5,1,3422268.423,67.95,2007,15,4,116.24
90618,Active,713769,NA,NA,D,1,0,2062514.063,33,2001,22,4,23.49
90619,Active,2471555,NA,NA,D,2,1,5868257.278,95.95,1996,16,4.14,91.33
90620,Active,722371,NA,NA,D,0,0,1189907.766,29.99,2008,14,20.86,0
90621,Active,3059680,NA,NA,D,1,0,1706729.246,60,1998,20,23.9,60.98
90622,Active,2765903,NA,NA,D,0,0,1871100.583,179,1990,19,6.84,132.93
90623,Active,902808,NA,NA,D,0,0,2300839.406,51.13,2007,14,5.99,67.11
90624,Active,1490425,NA,NA,D,0,0,942372.325,54,2012,22,31.99,40.58
90625,Active,758976,NA,NA,D,1,0,3303865.773,135,1999,13,11.3,72.31
90626,Active,906416,NA,NA,D,1,0,7719068.03,39.95,2000,20,4.91,33.9
90627,Active,2782114,NA,NA,D,0,0,1183632.933,25,1995,28,4,5.97
90628,Active,2595993,NA,NA,D,0,0,2818065.923,22.95,1991,14,22.12,128.78
90629,Active,1933295,NA,NA,D,5,1,957681.1125,178.95,2012,37,22.69,153.99
90630,Active,910119,NA,NA,D,1,0,1720252.495,109.37,1971,34,38.98,68.94
90631,Active,265263,NA,NA,D,0,0,2166680.714,42,2007,18,10.58,65.13
90632,Active,2614966,NA,NA,D,0,0,4797085.405,125,2004,17,43.99,82.49
90633,Active,299944,NA,NA,D,0,0,478034.025,61,2002,33,15.89,45.46
90634,Active,2598072,NA,NA,D,1,0,3691577.269,145,1992,17,22.49,100.62
90635,Active,2372471,NA,NA,D,1,0,1418928.51,114,1992,23,6.43,49.63
90636,Active,634049,NA,NA,D,1,0,1503452.195,56,2011,19,17.65,23.98
90637,Active,578339,NA,NA,D,1,0,2122393.033,52.5,2003,21,4.99,29.99
90638,Active,1533577,NA,NA,D,0,0,2325971.876,64.95,2008,19,47.88,47.97
90639,Active,789074,NA,NA,D,0,0,3986188.671,59.95,2001,21,4,27.95
90640,Active,718042,NA,NA,D,0,0,3136256.846,49.5,2003,15,12.7,147.46
90641,Active,901482,NA,NA,D,1,0,3047624.448,206.95,1996,26,5.28,49.44
90642,Active,632242,NA,NA,D,2,1,2190733.5,330,2002,23,26.89,78.99
90643,Active,1658472,NA,NA,D,1,0,6353197.353,57.07,2010,15,12.06,81.35
90644,Active,276531,NA,NA,D,0,0,1313999.269,40.95,2000,57,4,10.23
90645,Active,222359,NA,NA,D,1,0,2156984.635,48.95,1997,14,18.99,39.4
90646,Active,289289,NA,NA,D,0,0,3393223.765,109,2002,22,24.68,31.74
90647,Active,667530,NA,NA,D,1,0,968670.4325,43.95,2008,16,27.35,38.57
90648,Active,619376,NA,NA,D,0,0,269291.0663,95,2009,31,29.99,0
90649,Active,887751,NA,NA,D,2,1,5671228.791,50,1998,13,4.57,18.99
90650,Active,2681688,NA,NA,D,4,1,722979.1325,32.99,2015,13,30.73,32.02
90651,Active,2136792,NA,NA,D,0,0,2153674.074,19.95,2014,14,4.97,15.14
90652,Active,1474818,NA,NA,D,1,0,1509510.364,110,2012,22,35.08,41.99
90653,Active,2613458,NA,NA,D,1,0,421731.7688,69.99,2001,53,4.68,33.99
90654,Active,630236,NA,NA,D,1,0,849613.2938,77,2005,34,4.47,16.98
90655,Active,563156,NA,NA,D,0,0,1863763.459,84.95,1993,25,31.1,49.52
90656,Active,903456,NA,NA,D,1,0,6248134.89,79.95,2001,20,4,33.82
90657,Active,1992136,NA,NA,D,0,0,1652031.789,189,2014,45,103.99,122.41
90658,Active,3836835,NA,NA,D,1,0,3516750.9,159,2015,33,95.99,115.54
90659,Active,1921967,NA,NA,D,0,0,667448.7488,89.99,2010,13,32.95,51.98
90660,Active,897791,NA,NA,D,1,0,1718283.41,92.99,2004,19,4.9,28.79
90661,Active,2852934,NA,NA,D,2,1,4785672.92,184.5,1999,11,43.98,27.94
90662,Active,774461,NA,NA,D,7,1,3448259.871,419,2003,16,8.99,72.07
90663,Active,2697559,NA,NA,D,6,1,2394092.153,390,1999,15,119.13,232.23
90664,Active,3508359,NA,NA,D,4,1,4520548.4,38.95,1993,13,5.98,93.8
90665,Active,757973,NA,NA,D,1,0,425455.8638,106.95,2001,30,4,45.49
90666,Active,640051,NA,NA,D,2,1,1906487.889,120,2006,30,48.55,72.97
90667,Active,3046764,NA,NA,D,0,0,2935800.598,34.95,1995,16,9.79,32.94
90668,Active,3779680,NA,NA,D,1,0,737214,45,2016,4,38.53,40.64
90669,Active,2508670,NA,NA,D,0,0,1592395.489,113.12,1988,16,8.16,75.09
90670,Active,2245008,NA,NA,D,0,0,3137453.936,78,2007,14,51.48,63.3
90671,Active,758502,NA,NA,D,1,0,6873824.18,55,1998,21,4,49.95
90672,Active,615898,NA,NA,D,0,0,612974.3075,42.95,2001,68,4,14.98
90673,Active,906270,NA,NA,D,3,1,4407026.358,43.95,1998,23,4,40.78
90674,Active,739454,NA,NA,D,0,0,1244681.83,58.8,2003,55,4,8.67
90675,Active,55332,NA,NA,D,8,1,98789.4025,321.95,2007,104,5.65,43.21
90676,Active,268471,NA,NA,D,2,1,1515996.583,72,2007,23,9.12,21.38
90677,Active,882093,NA,NA,D,7,1,6331896.805,35,1993,8,11.98,28.99
90678,Active,2805195,NA,NA,D,0,0,368241.6038,32.95,2002,36,17.05,53.02
90679,Active,2538890,NA,NA,D,5,1,7460236.849,35.95,2001,14,4.77,44.59
90680,Active,1538845,NA,NA,D,6,1,7864198.674,38.95,2006,19,5.4,40.84
90681,Active,2594745,NA,NA,D,0,0,8918610.863,37.95,1988,8,13.83,0
90682,Active,896094,NA,NA,D,6,1,4266215.065,32.95,2006,20,5.34,31.87
90683,Active,2540743,NA,NA,D,2,1,3778738.166,34.95,2002,17,4,15.35
90684,Active,2611534,NA,NA,D,0,0,1605722.551,104.99,2000,16,11.97,42.32
90685,Active,2608397,NA,NA,D,0,0,4536297.335,110,1999,19,32.14,109.42
90686,Active,622132,NA,NA,D,1,0,489112.4625,70.95,1995,37,4,53.9
90687,Active,454672,NA,NA,D,0,0,1822052.32,120,2006,25,32.32,40.98
90688,Active,664893,NA,NA,D,6,1,2071463.024,63,2013,14,6.3,20.31
90689,Active,1725776,NA,NA,D,1,0,2322327.201,63,2011,36,4.25,14.1
90690,Active,910420,NA,NA,D,0,0,882906.4825,43,2006,28,4,38.84
90691,Active,2204565,NA,NA,D,1,0,1113304.834,128.97,2006,15,7.92,128.97
90692,Active,2414361,NA,NA,D,0,0,2954467.914,99,2003,17,22.23,86.37
90693,Active,2259208,NA,NA,D,0,0,4727000.1,0,2007,7,0,0
90694,Active,3244763,NA,NA,D,4,1,3872500.25,36.9,2004,20,18.66,33.18
90695,Active,901565,NA,NA,D,5,1,1231368.328,62.95,2000,25,4,54.37
90696,Active,3045756,NA,NA,D,1,0,2570260.561,29.95,1990,29,4,48.47
90697,Active,581723,NA,NA,D,1,0,149378.1338,65,2004,60,10.28,25.99
90698,Active,804575,NA,NA,D,7,1,650120.33,315,2010,36,33.04,196.97
90699,Active,2869455,NA,NA,D,1,0,674940.6113,84,1992,48,15.48,60.27
90700,Active,3074261,NA,NA,D,0,0,1746716.64,39.95,2002,29,7.89,43.94
90701,Active,2781243,NA,NA,D,0,0,599163.0288,48.5,1989,26,12.98,45.94
90702,Active,532659,NA,NA,D,4,1,549690.2975,215,2010,32,71,133.07
90703,Active,609149,NA,NA,D,3,1,1257015.946,36.95,2002,85,4,8.29
90704,Active,2885220,NA,NA,D,0,0,1773245.704,18.5,2000,31,4.25,7.37
90705,Active,3925611,NA,NA,D,0,0,1470190.85,75,1900,18,41.99,42.58
90706,Active,2147445,NA,NA,D,1,0,2964397.039,116,2010,13,62.55,82.68
90707,Active,2894719,NA,NA,D,1,0,1012827.52,169.99,1999,15,11.41,78.22
90708,Active,236277,NA,NA,D,3,1,3396282.953,195.99,2004,11,13,3116.39
90709,Active,236275,NA,NA,D,2,1,4393400.784,178.99,2002,16,49.9,168.59
90710,Active,1656720,NA,NA,D,1,0,2081166.44,249.99,2006,12,25.68,43.98
90711,Active,2011866,NA,NA,D,0,0,3902606.791,42.5,2007,24,14.46,25.05
90712,Active,3592797,NA,NA,D,0,0,1901209.15,37.5,1995,54,7.25,33.6
90713,Active,156745,NA,NA,D,0,0,898284.085,31.95,2000,30,4,23.97
90714,Active,443293,NA,NA,D,5,1,5526781.035,165,2009,12,20.18,121.47
90715,Active,3553044,NA,NA,D,0,0,2500479.55,45,2002,37,37.96,37.97
90716,Active,243092,NA,NA,D,3,1,1621167.551,39.95,2004,52,4,9.95
90717,Active,666577,NA,NA,D,1,0,1249924.989,64.99,2011,22,40.31,43.31
90718,Active,1658706,NA,NA,D,1,0,2654531.296,110,2011,24,7.23,79.98
90719,Active,2598888,NA,NA,D,0,0,1345252.709,125,1996,19,19.61,31.99
90720,Active,3794296,NA,NA,D,0,0,2520023.5,44.95,2008,19,4,15.99
90721,Active,626800,NA,NA,D,0,0,1324759.983,44.99,2007,25,4.53,0
90722,Active,1534104,NA,NA,D,0,0,1321879.146,59.95,2008,14,37.88,41.64
90723,Active,245573,NA,NA,D,0,0,1940682.653,109,2006,29,56.43,78.37
90724,Active,2179577,NA,NA,D,0,0,1679219.166,139,2009,20,43.98,96.96
90725,Active,641631,NA,NA,D,0,0,800614.195,75,2007,34,6.4,40.99
90726,Active,719331,NA,NA,D,1,0,2492733.699,95,2001,18,4.98,32.99
90727,Active,904294,NA,NA,D,1,0,1909889.53,39.95,2009,24,11.44,29.99
90728,Active,1900401,NA,NA,D,1,0,2073827.37,39.95,2008,18,4.62,15.68
90729,Active,2339776,NA,NA,D,5,1,721624.5888,125,1993,25,5.79,70.09
90730,Active,292043,NA,NA,D,1,0,1201863.881,44.95,2003,39,4,23.9
90731,Active,1866562,NA,NA,D,0,0,2121454.934,39.99,2008,21,4.22,10.49
90732,Active,237870,NA,NA,D,0,0,1057137.939,49.95,1997,22,4.97,58.99
90733,Active,2722295,NA,NA,D,1,0,347235.1313,87,2004,32,13.72,69.61
90734,Active,3822819,NA,NA,D,2,1,2722757.7,45,2003,22,3.99,15.48
90735,Active,700296,NA,NA,D,1,0,997277.5238,65,2003,29,4.42,13.98
90736,Active,2614558,NA,NA,D,0,0,3830984.84,125,2004,23,19.5,85.88
90737,Active,912240,NA,NA,D,0,0,5409847.536,48.75,1994,20,4,14.99
90738,Active,1554797,NA,NA,D,1,0,684228.3413,33.95,2014,19,24.42,30.52
90739,Active,3073693,NA,NA,D,1,0,2188807.313,130,2002,21,26.86,78.87
90740,Active,1533987,NA,NA,D,0,0,1526305.535,129,2008,16,47.99,53.78
90741,Active,131368,NA,NA,D,1,0,2104473.409,136.67,2002,26,4.31,24.69
90742,Active,2176249,NA,NA,D,1,0,3242052.828,85,2008,13,45.08,153.98
90743,Active,910220,NA,NA,D,3,1,541475.8563,65,2002,28,28.77,68.88
90744,Active,645176,NA,NA,D,1,0,864445.7588,64.99,2001,15,14.26,43.2
90745,Active,2697995,NA,NA,D,0,0,9198497.926,29.95,2001,11,4.74,581.37
90746,Active,625896,NA,NA,D,0,0,2051628.948,159,2006,16,59.99,63.63
90747,Active,868313,NA,NA,D,1,0,3854837.388,89,1977,29,4,53.47
90748,Active,883562,NA,NA,D,1,0,8471983.299,64.95,2004,6,8.5,18.99
90749,Active,544948,NA,NA,D,0,0,366831.6863,33.95,2009,24,10.12,0
90750,Active,290427,NA,NA,D,1,0,885435.7625,75,2000,25,4.73,43.4
90751,Active,759101,NA,NA,D,1,0,948148.095,75,2000,21,5.98,45.94
90752,Active,758712,NA,NA,D,1,0,1050403.915,75,2004,28,4.43,13.98
90753,Active,759624,NA,NA,D,1,0,3395824.97,75,2001,18,4,8.68
90754,Active,2696804,NA,NA,D,0,0,4048343.664,95,1996,11,8.81,105.61
90755,Active,1709304,NA,NA,D,0,0,636412.7225,45,2008,22,24.06,43.94
90756,Active,613235,NA,NA,D,0,0,795261.52,39.99,2005,54,3.98,0
90757,Active,1573194,NA,NA,D,0,0,275025.4638,19.95,2010,45,4.05,10.78
90758,Active,3566173,NA,NA,D,2,1,1684458.9,0,2003,20,4.44,95.91
90759,Active,2613763,NA,NA,D,0,0,667803.3013,59.99,2005,45,5.18,16.07
90760,Active,3467668,NA,NA,D,0,0,4288140,51,1990,24,4,17.87
90761,Active,532240,NA,NA,D,7,1,5309979.376,48,2003,32,3.99,16.94
90762,Active,1492239,NA,NA,D,12,1,446078.8425,70.45,2011,20,14,72.95
90763,Active,869726,NA,NA,D,2,1,2039300.498,106.11,2010,19,6.41,60.42
90764,Active,2148486,NA,NA,D,0,0,1240908.998,50.99,2010,17,13.32,53.97
90765,Active,766387,NA,NA,D,4,1,484240.735,149.6,2011,17,18.99,103.84
90766,Active,416392,NA,NA,D,9,1,910060.255,115.05,1998,32,4,14.98
90767,Active,1587699,NA,NA,D,1,0,4515424.236,58.25,2006,9,20.75,24.95
90768,Active,454306,NA,NA,D,0,0,2543472.2,39.75,2006,17,4,12.2
90769,Active,454314,NA,NA,D,0,0,2633219.184,53,2006,12,16.77,50.55
90770,Active,2137317,NA,NA,D,0,0,3538004.163,59.95,2009,16,27.32,51.33
90771,Active,655027,NA,NA,D,1,0,907659.5013,224.75,2013,34,7.29,29.74
90772,Active,456453,NA,NA,D,1,0,1611534.57,130.95,2003,40,4.12,10.92
90773,Active,109506,NA,NA,D,3,1,809393.2238,25.99,2006,41,4,28.99
90774,Active,901172,NA,NA,D,0,0,3227204.314,69.11,2007,26,4.71,47.83
90775,Active,504816,NA,NA,D,1,0,1054449.916,59.95,2007,20,6.83,72.46
90776,Active,904404,NA,NA,D,0,0,2549814.81,142,1992,17,27.24,81.55
90777,Active,2646415,NA,NA,D,0,0,2236515.761,31.95,1987,17,4,69.91
90778,Active,52387,NA,NA,D,3,1,84920.03125,95,2011,98,4.3,46.83
90779,Active,1473346,NA,NA,D,0,0,2641823.729,87.95,2010,20,4.97,38.49
90780,Active,421148,NA,NA,D,3,1,2650933.02,97,2002,27,4,34.74
90781,Active,615725,NA,NA,D,1,0,1542388.601,72.99,2008,36,5.17,61.13
90782,Active,423592,NA,NA,D,1,0,3470281.224,72,2000,25,4,29.24
90783,Active,137520,NA,NA,D,2,1,4775622.449,78.4,2005,26,4.37,43.81
90784,Active,178522,NA,NA,D,1,0,4399058.568,106.6,2004,15,4.21,12.99
90785,Active,2337646,NA,NA,D,1,0,9701869.536,35.49,1984,19,4.58,33.24
90786,Active,107653,NA,NA,D,4,1,2273762.884,53.97,2000,21,4.77,53.59
90787,Active,461754,NA,NA,D,1,0,1691515.295,94.95,2005,28,8.89,68.33
90788,Active,501798,NA,NA,D,1,0,975041.405,53.95,2004,24,4.52,18.99
90789,Active,518422,NA,NA,D,0,0,3156541.789,104.99,2003,17,17.98,63.73
90790,Active,508282,NA,NA,D,4,1,7288326.039,60.99,2004,18,4.97,50.95
90791,Active,431043,NA,NA,D,0,0,9251730.451,99.5,2004,19,4.97,65.04
90792,Active,118132,NA,NA,D,8,1,780907.9738,202.67,2006,72,4,42.97
90793,Active,541421,NA,NA,D,6,1,2533770.066,71.95,2011,17,6.39,82.89
90794,Active,1472271,NA,NA,D,1,0,4085518.703,95,2009,21,4.77,49.64
90795,Active,483326,NA,NA,D,7,1,2354644.185,33.99,2002,14,5.35,42.75
90796,Active,532288,NA,NA,D,2,1,7366375.216,75,2011,22,4.98,78.23
90797,Active,2624187,NA,NA,D,0,0,1540600.749,44.95,1987,38,4.83,47.69
90798,Active,1783136,NA,NA,D,12,1,2651815.195,0,2011,17,4.36,0
90799,Active,415701,NA,NA,D,3,1,2399374.418,52.98,2005,16,6.38,52.99
90800,Active,483321,NA,NA,D,5,1,4444094.525,50,2001,15,6.98,58.76
90801,Active,543639,NA,NA,D,0,0,876331.8775,79.99,2010,11,12.21,107.69
90802,Active,326311,NA,NA,D,1,0,710041.25,115,2004,24,6.84,80.27
90803,Active,193520,NA,NA,D,6,1,1329567.323,34.95,2006,31,5.74,72.59
90804,Active,193274,NA,NA,D,0,0,1652332.624,116,2004,19,4.76,17.64
90805,Active,651638,NA,NA,D,1,0,634848.2663,99.95,2011,43,43.94,99.75
90806,Active,639733,NA,NA,D,0,0,492470.6813,227,2013,68,11.44,151.81
90807,Active,737305,NA,NA,D,3,1,2437416.699,74,2005,12,33.24,63.99
90808,Active,666836,NA,NA,D,0,0,3844909.469,77.95,2008,14,4,44.98
90809,Active,501941,NA,NA,D,0,0,1526047.495,50.95,2003,44,4,0
90810,Active,510712,NA,NA,D,0,0,2745679.615,89.95,2007,23,4.3,42.14
90811,Active,447822,NA,NA,D,1,0,2770068.881,65,2002,27,4,9.29
90812,Active,290435,NA,NA,D,1,0,5313955.869,175,1999,13,4,18.99
90813,Active,3139634,NA,NA,D,1,0,4887210.626,18.95,2002,23,4,4.7
90814,Active,601373,NA,NA,D,4,1,2482136.595,64.5,2006,21,4.96,0
90815,Active,412878,NA,NA,D,1,0,6732157.291,117.95,1999,21,4.34,19.34
90816,Active,448601,NA,NA,D,0,0,2552933.246,90,2002,25,4,23.98
90817,Active,437671,NA,NA,D,0,0,4701473.374,48.63,1997,27,4.74,47.11
90818,Active,1848177,NA,NA,D,1,0,818852.9138,46.99,2011,17,36.9,64.11
90819,Active,441198,NA,NA,D,2,1,8025215.761,99,1995,21,4.97,74.76
90820,Active,456792,NA,NA,D,3,1,3407451.425,39.95,2001,25,4,12.96
90821,Active,51129,NA,NA,D,6,1,305689.94,17.2,2009,87,4,33.99
90822,Active,626675,NA,NA,D,2,1,272893.8638,218.6,2012,82,5.21,120.01
90823,Active,844069,NA,NA,D,4,1,5669167.638,46.36,1986,22,4,48.04
90824,Active,365083,NA,NA,D,0,0,12890187.95,39.99,1999,10,4.77,0
90825,Active,3053214,NA,NA,D,0,0,2417338.81,132,1999,28,6.39,51.69
90826,Active,508397,NA,NA,D,2,1,8636897.803,52.95,1999,31,4.76,69.58
90827,Active,435424,NA,NA,D,1,0,827243.1313,252.95,2001,33,4.57,14.24
90828,Active,166673,NA,NA,D,1,0,2321848.759,131.5,2005,19,7,72.65
90829,Active,173858,NA,NA,D,0,0,2574989.391,30,2004,19,4,42
90830,Active,800539,NA,NA,D,0,0,5677944.883,66.95,2007,23,4.75,47.31
90831,Active,679091,NA,NA,D,1,0,120572.9125,29.95,1999,39,4,25.63
90832,Active,3565146,NA,NA,D,0,0,2836890.1,99.95,2001,18,16.89,133.67
90833,Active,2281982,NA,NA,D,0,0,7025686.35,122.81,2011,17,21.98,90.2
90834,Active,2282106,NA,NA,D,0,0,3927798.674,181.56,2012,33,70.06,150.67
90835,Active,2281926,NA,NA,D,6,1,1172616.8,160.5,2006,31,0,0
90836,Active,2532891,NA,NA,D,0,0,2711675.534,150,1999,26,32.42,73.97
90837,Active,2418476,NA,NA,D,0,0,1721300.259,95,2002,17,41.82,50.33
90838,Active,2595089,NA,NA,D,1,0,4136341.128,88.99,1989,9,41.37,93.86
90839,Active,3821274,NA,NA,D,2,1,1393028.8,49.7,1994,22,5.08,46.95
90840,Active,907236,NA,NA,D,0,0,958643.4863,179,2006,17,43.99,50.5
90841,Active,2635602,NA,NA,D,1,0,648641.67,39.95,2005,40,4,25.98
90842,Active,3121791,NA,NA,D,0,0,3441046.296,39.99,2003,20,4,52.68
90843,Active,739995,NA,NA,D,1,0,706410.74,99.5,2004,18,4.76,45.67
90844,Active,3828063,NA,NA,D,1,0,1166581,44.99,2008,37,4,9.83
90845,Active,907357,NA,NA,D,1,0,3649157.659,44.99,1997,21,4.49,8.97
90846,Active,728695,NA,NA,D,0,0,1255998.875,166.4,2001,39,4.8,18.94
90847,Active,2502215,NA,NA,D,1,0,1279901.481,79.95,1994,27,4,18.97
90848,Active,902362,NA,NA,D,0,0,347331.9,71.99,2004,23,29.04,65.24
90849,Active,751148,NA,NA,D,1,0,685675.0513,47.15,2008,28,12.98,42.27
90850,Active,2360113,NA,NA,D,2,1,4164117.65,27.95,1994,37,3.94,5.62
90851,Active,266253,NA,NA,D,5,1,98351.29,223.95,2011,32,43.78,48.99
90852,Active,713923,NA,NA,D,0,0,5557121.863,106,2001,22,4,7.94
90853,Active,745564,NA,NA,D,1,0,1589369.391,69.95,2009,23,4,5.98
90854,Active,2658865,NA,NA,D,0,0,1451297.944,59.99,2000,25,4.34,16.94
90855,Active,636325,NA,NA,D,0,0,2368956.231,249,1995,18,50.36,102.49
90856,Active,446677,NA,NA,D,1,0,858917.2625,195,2009,29,4.98,73.31
90857,Active,607972,NA,NA,D,3,1,1781469.395,44.95,2002,66,3.99,10.59
90858,Active,2570822,NA,NA,D,0,0,2587977.256,145,1992,16,7.79,366.34
90859,Active,624042,NA,NA,D,5,1,983397.8675,6.94,2008,32,7.84,69.89
90860,Active,691840,NA,NA,D,2,1,4890385.158,47.95,1999,18,4,43.98
90861,Active,2428290,NA,NA,D,0,0,4429478.201,24.2,1994,22,4,17.38
90862,Active,751277,NA,NA,D,0,0,1873199.323,24.97,2009,15,27.8,33.99
90863,Active,914923,NA,NA,D,0,0,318338.7588,65,1991,30,20.23,96.16
90864,Active,2336491,NA,NA,D,0,0,4182156.8,633.77,1973,17,4,96.71
90865,Active,751276,NA,NA,D,0,0,1524050.89,117.65,2008,14,15.3,65.2
90866,Active,110736,NA,NA,D,10,1,736496.4013,33.99,2010,54,4.82,28.24
90867,Active,2617547,NA,NA,D,0,0,5960272.053,129.95,1988,13,5.21,48.98
90868,Active,728711,NA,NA,D,5,1,2202675.428,160,2003,22,4.75,48.95
90869,Active,659938,NA,NA,D,0,0,681709.8438,151.5,2013,15,44.39,48.09
90870,Active,252576,NA,NA,D,2,1,16371.32875,195.25,2011,229,7.23,13.99
90871,Active,879225,NA,NA,D,7,1,1106838.621,23.12,2012,40,8.53,21.39
90872,Active,713929,NA,NA,D,2,1,6564369.634,292.37,2001,15,10.28,292.37
90873,Active,891557,NA,NA,D,3,1,4296258.936,149.25,2004,23,6.23,142.85
90874,Active,759437,NA,NA,D,9,1,7789687.584,200.39,2003,19,12.46,200.39
90875,Active,252666,NA,NA,D,2,1,426118.2688,159.25,2011,89,4.84,108.27
90876,Active,145863,NA,NA,D,9,1,4084317.379,202.93,2007,7,12.66,0
90877,Active,2605444,NA,NA,D,0,0,3740576.274,28.99,1997,17,5.81,18.98
90878,Active,2331296,NA,NA,D,4,1,9164991.55,0,1983,11,4,73.01
90879,Active,737692,NA,NA,D,3,1,2371903.181,38,2008,24,4,4.98
90880,Active,669459,NA,NA,D,0,0,1060113.919,42,2011,21,19.75,0
90881,Active,1633486,NA,NA,D,0,0,8235949.155,163,2007,10,78.99,256.83
90882,Active,656032,NA,NA,D,1,0,2504580.704,196,2011,27,4.3,105.81
90883,Active,729811,NA,NA,D,2,1,2807711.938,69.5,1999,34,4,13.78
90884,Active,632120,NA,NA,D,1,0,382106.4575,83.91,2012,32,4.76,106.41
90885,Active,132329,NA,NA,D,11,1,1972750.426,46,2006,32,4,16.49
90886,Active,3504780,NA,NA,D,3,1,5610107.6,90.95,2006,25,4.34,47.43
90887,Active,207732,NA,NA,D,5,1,3321098.021,45.87,2003,40,4,9.24
90888,Active,906370,NA,NA,D,6,1,6173987.066,45.87,2006,19,4,0
90889,Active,661610,NA,NA,D,0,0,4745273.349,45,2008,16,4.65,40.94
90890,Active,802710,NA,NA,D,8,1,1741228.836,39.99,2010,26,4.16,121.85
90891,Active,600904,NA,NA,D,0,0,474408.4438,35,2012,11,18.24,9.98
90892,Active,848714,NA,NA,D,0,0,880814.6275,39.95,1998,27,8.57,87.11
90893,Active,158320,NA,NA,D,1,0,411234.7663,62.95,2008,24,14.98,60.39
90894,Active,2258898,NA,NA,D,0,0,10623399.6,138.14,2008,15,6.99,135.5
90895,Active,2780927,NA,NA,D,0,0,2763874.345,18.5,1987,13,22.94,33.99
90896,Active,2780928,NA,NA,D,0,0,1066859.919,27,1987,32,5.95,21.01
90897,Active,868079,NA,NA,D,1,0,2053655.353,45.33,1989,56,4,10.89
90898,Active,2590028,NA,NA,D,1,0,2364649.008,39.5,1978,13,10.94,78.46
90899,Active,899647,NA,NA,D,0,0,2554092.948,28,2003,21,4.53,58.64
90900,Active,1594521,NA,NA,D,3,1,923677.0988,46.25,2008,12,16.3,39.17
90901,Active,1927116,NA,NA,D,0,0,2227674.673,45,2011,14,8.27,8.69
90902,Active,1927123,NA,NA,D,0,0,2440457.734,13.95,2012,16,11.02,12.24
90903,Active,2587647,NA,NA,D,0,0,2128020.636,175,1963,17,9.41,56.41
90904,Active,1589572,NA,NA,D,0,0,3581993.279,84.75,2008,13,15.21,42.53
90905,Active,1583301,NA,NA,D,18,1,912609.7963,54.25,2011,21,14.37,33.98
90906,Active,1590721,NA,NA,D,1,0,864087.025,54.5,2009,24,37.4,40.83
90907,Active,610092,NA,NA,D,0,0,1499044.545,94,2002,37,9.49,19.97
90908,Active,1593988,NA,NA,D,1,0,4240499.021,165,2009,19,55.98,102.47
90909,Active,2599786,NA,NA,D,1,0,4111944.385,99.99,1997,18,6.05,41.1
90910,Active,174109,NA,NA,D,0,0,1971833.361,214.99,1996,21,10.73,65.41
90911,Active,516830,NA,NA,D,3,1,1259790.524,66.29,2006,8,8.68,85.23
90912,Active,3742224,NA,NA,D,2,1,3250639.05,57.5,2011,22,29.04,106.57
90913,Active,769533,NA,NA,D,2,1,5123138.671,284.95,2001,70,4,4
90914,Active,769823,NA,NA,D,2,1,3580820.996,128.36,2002,14,4.53,83.98
90915,Active,3790667,NA,NA,D,7,1,2228039.05,61.95,2003,32,4.6,54.41
90916,Active,910390,NA,NA,D,1,0,2644385.431,50.95,2009,17,4.75,18.99
90917,Active,1556225,NA,NA,D,1,0,368231.9488,41.95,2010,26,5.96,33.98
90918,Active,154006,NA,NA,D,1,0,96577.50375,23.33,2011,45,4.26,13.06
90919,Active,584017,NA,NA,D,1,0,1787400.798,35.95,2008,33,4,4.59
90920,Active,552314,NA,NA,D,6,1,88657.17625,101.08,2008,80,5.43,18.94
90921,Active,743297,NA,NA,D,10,1,812059.6763,525,2002,18,6.59,278.13
90922,Active,743662,NA,NA,D,11,1,1586458.608,596.95,2007,10,163.74,427.21
90923,Active,532187,NA,NA,D,9,1,1478891.754,549,2006,11,27.55,172.98
90924,Active,642342,NA,NA,D,10,1,852886.9763,589,2011,17,151.44,168.55
90925,Active,2630366,NA,NA,D,0,0,4272893.318,160,2005,14,13.28,63.99
90926,Active,3068450,NA,NA,D,1,0,1629254.188,50,2005,23,10.63,43.98
90927,Active,1462986,NA,NA,D,5,1,5350699.188,99.69,2008,15,4,44.48
90928,Active,127632,NA,NA,D,3,1,8454942.295,75,2006,18,4,40.21
90929,Active,532185,NA,NA,D,4,1,2111684.186,85,2010,44,4,48.31
90930,Active,905775,NA,NA,D,3,1,746794.8963,89.99,2011,20,30.66,84.4
90931,Active,789291,NA,NA,D,0,0,11084551.15,54.95,2003,11,4.4,48.11
90932,Active,203151,NA,NA,D,3,1,2895510.044,105,2005,44,4.99,53.9
90933,Active,890424,NA,NA,D,0,0,1549481.251,0,2010,22,7.43,0
90934,Active,2573672,NA,NA,D,3,1,4123318.313,175,1996,16,4,47.37
90935,Active,594481,NA,NA,D,5,1,1890927.371,49.95,2009,31,4,0
90936,Active,609647,NA,NA,D,4,1,4364358.139,46.95,2004,23,4,34.55
90937,Active,2400476,NA,NA,D,0,0,3623731.135,85.63,2004,19,4,55.07
90938,Active,1462995,NA,NA,D,4,1,887213.6,0,1900,14,9.27,202.81
90939,Active,313389,NA,NA,D,2,1,9158650.75,44.73,2002,13,4,44.71
90940,Active,585241,NA,NA,D,4,1,7829007.676,44.95,2006,22,4,31.72
90941,Active,1449923,NA,NA,D,3,1,5915548.591,192.54,2008,20,5.16,46.13
90942,Active,677331,NA,NA,D,1,0,1560030.833,27.5,2000,42,4,19.63
90943,Active,2407748,NA,NA,D,3,1,5237440.115,75,1995,10,8.98,56.81
90944,Active,667590,NA,NA,D,1,0,1610997.221,127,2007,18,21.25,80.38
90945,Active,2253172,NA,NA,D,7,1,8381977.411,0,2010,14,125.21,194.98
90946,Active,2679843,NA,NA,D,3,1,3953749.901,239,1996,12,9.42,98.57
90947,Active,2611535,NA,NA,D,1,0,5266432.513,235,2003,19,6.38,41.97
90948,Active,1534007,NA,NA,D,0,0,2935758.163,249,2008,16,76.71,63.48
90949,Active,2539663,NA,NA,D,1,0,2566784.698,120,2002,35,21.99,58.94
90950,Active,3482101,NA,NA,D,0,0,4720060.05,140,1998,17,50.99,279.23
90951,Active,2529590,NA,NA,D,1,0,1708304.06,67.5,1994,29,4.98,51.39
90952,Active,2815317,NA,NA,D,0,0,3898877.75,61.5,1995,10,18.98,226.29
90953,Active,532176,NA,NA,D,3,1,496792.2,137.95,2009,34,63.96,63.99
90954,Active,607191,NA,NA,D,3,1,1023510.746,113.33,2002,44,5.03,25.47
90955,Active,571498,NA,NA,D,1,0,1017175.815,25,2006,28,4,100.39
90956,Active,897509,NA,NA,D,1,0,2296113.069,30.95,2010,17,18.18,22.61
90957,Active,3664148,NA,NA,D,0,0,2926381.7,51.95,2010,17,51.94,51.94
90958,Active,175743,NA,NA,D,1,0,2172472.264,64.99,2007,26,11.91,17.49
90959,Active,545060,NA,NA,D,4,1,603376.6025,192,2009,24,73.99,112.91
90960,Active,2604142,NA,NA,D,1,0,1731159.556,174,2004,15,33.62,311.75
90961,Active,579971,NA,NA,D,1,0,968325.2325,31.95,1988,57,4,11.28
90962,Active,2363388,NA,NA,D,1,0,1781710.056,104,2001,19,18.62,46.66
90963,Active,636943,NA,NA,D,0,0,1592957.541,65,2009,35,5.92,47.07
90964,Active,1469097,NA,NA,D,18,1,5772243.744,65,2008,15,6.38,73.98
90965,Active,1475822,NA,NA,D,20,1,1694399.249,59.5,2012,24,5.78,72.72
90966,Active,901536,NA,NA,D,1,0,1951332.344,49.99,2011,17,4,33.99
90967,Active,2663820,NA,NA,D,1,0,4544280.589,169,1995,14,6.39,137.23
90968,Active,660931,NA,NA,D,0,0,1984073.743,54,2013,15,5.81,0
90969,Active,803785,NA,NA,D,1,0,9268557.774,159,2005,10,4.28,44.73
90970,Active,898258,NA,NA,D,0,0,5548952.033,99,2001,14,12.21,18.74
90971,Active,2750507,NA,NA,D,0,0,9145166.759,165,1994,12,6.39,49.87
90972,Active,838321,NA,NA,D,1,0,2943085.303,354.95,1996,19,11.82,99.32
90973,Active,904012,NA,NA,D,0,0,466969.4475,56.95,1994,16,35,60.28
90974,Active,3022360,NA,NA,D,1,0,2532711.129,34.95,2000,13,16.03,28.49
90975,Active,908805,NA,NA,D,0,0,6601358.484,129,2005,19,5.96,16.75
90976,Active,532167,NA,NA,D,3,1,1344708.171,49.95,2009,23,14.72,32.66
90977,Active,868400,NA,NA,D,1,0,1933291.245,54.95,1995,20,3.99,4.61
90978,Active,1472527,NA,NA,D,1,0,3260855.81,79.95,2010,11,33.34,193.97
90979,Active,891339,NA,NA,D,2,1,9894094.359,183,2000,10,9.42,91.57
90980,Active,294372,NA,NA,D,3,1,1072737.355,70,2006,17,11.84,16.33
90981,Active,903862,NA,NA,D,4,1,151989.68,153.97,2004,24,58.24,132.75
90982,Active,829100,NA,NA,D,3,1,1736239.945,50,1996,30,4,23.12
90983,Active,3130526,NA,NA,D,1,0,1831838.786,27.95,1998,29,4,11.72
90984,Active,911294,NA,NA,D,1,0,2254463.119,49,1997,19,8.96,58.15
90985,Active,884849,NA,NA,D,2,1,3974319.004,147,2008,12,23.2,91.98
90986,Active,100353,NA,NA,D,3,1,1223656.039,90,1995,17,4.77,0
90987,Active,2801490,NA,NA,D,1,0,4828323.564,95,1995,40,6.99,52.81
90988,Active,608923,NA,NA,D,2,1,3093332.44,46.95,2005,41,4,4.36
90989,Active,539515,NA,NA,D,4,1,162548.6525,173.6,2012,32,74.62,173.59
90990,Active,643460,NA,NA,D,1,0,1588637.443,115.95,2009,20,14.54,63.07
90991,Active,788121,NA,NA,D,1,0,5716064.58,99.95,1998,27,3.9,7.72
90992,Active,2703898,NA,NA,D,2,1,9476339.85,57.05,1900,7,16.1,153.87
90993,Active,3517918,NA,NA,D,1,0,2135152.85,59.95,2013,28,52.68,44.84
90994,Active,1839366,NA,NA,D,1,0,5142978.855,44.99,2006,19,6.22,44.35
90995,Active,174233,NA,NA,D,1,0,4694313.778,46.99,1997,13,33.48,87
90996,Active,881572,NA,NA,D,3,1,597814.9925,30,2004,5,27.59,24.25
90997,Active,3784103,NA,NA,D,0,0,2439644.55,36.95,1996,20,4,139.73
90998,Active,2373183,NA,NA,D,0,0,2129888.303,67,1996,23,4.88,20.99
90999,Active,1523962,NA,NA,D,0,0,483011.9463,7.99,2013,53,4,8.15
91000,Active,1496457,NA,NA,D,0,0,9094.57,7.99,2011,48,6.47,7.19
91001,Active,3286673,NA,NA,D,0,0,4968437.42,78.06,1994,29,25.59,86.73
91002,Active,635396,NA,NA,D,1,0,899328.5638,58.95,2000,26,4.48,51.08
91003,Active,2473862,NA,NA,D,2,1,422363.3425,81.28,1984,24,5.14,46.51
91004,Active,2600302,NA,NA,D,0,0,3988212.479,22.95,1994,19,6.38,49.55
91005,Active,106116,NA,NA,D,1,0,3288554.214,29.95,2005,21,4,7.98
91006,Active,2024565,NA,NA,D,1,0,464924.56,51.95,2006,16,9.94,45.98
91007,Active,377119,NA,NA,D,1,0,1525509.919,27.95,1998,24,4,33.98
91008,Active,889388,NA,NA,D,1,0,8358971.836,63.95,1995,13,7.29,77.95
91009,Active,127278,NA,NA,D,2,1,2944123.351,49.95,2005,30,4,5.99
91010,Active,915901,NA,NA,D,2,1,1157976.551,48.95,2006,25,4,21.99
91011,Active,285768,NA,NA,D,1,0,1186365.564,45.8,2002,27,4,42.64
91012,Active,903027,NA,NA,D,1,0,2656888.496,74.95,1996,24,5.25,36.21
91013,Active,917430,NA,NA,D,1,0,5391588.534,109,1991,36,5.75,51.99
91014,Active,2442996,NA,NA,D,0,0,2329800.881,139,2002,27,77.71,106.72
91015,Active,634616,NA,NA,D,1,0,4033741.449,39.95,1998,22,4,10.73
91016,Active,207547,NA,NA,D,0,0,380149.2563,169,2002,18,53.8,20.72
91017,Active,199252,NA,NA,D,1,0,730816.2638,65,2006,37,4,52.91
91018,Active,126116,NA,NA,D,1,0,2945571.345,45,1999,29,4,7.98
91019,Active,662493,NA,NA,D,1,0,495129.8588,95.95,2013,35,27.32,72.29
91020,Active,131842,NA,NA,D,4,1,1427449.123,70.2,2004,35,4,7.39
91021,Active,416324,NA,NA,D,6,1,6783150.033,64,2004,14,7.64,0
91022,Active,281668,NA,NA,D,0,0,1984978.065,200,2002,31,33.89,195.48
91023,Active,2682547,NA,NA,D,0,0,1367893.379,36.95,2000,10,33.74,191.09
91024,Active,531435,NA,NA,D,5,1,6825825.813,26,2008,15,4,13.49
91025,Active,737222,NA,NA,D,4,1,1461228.724,173,2006,23,7.23,0
91026,Active,193277,NA,NA,D,0,0,2823492.804,144,2006,25,4,12.95
91027,Active,2419260,NA,NA,D,4,1,4682058.869,59.95,2003,21,4.98,38.94
91028,Active,1470000,NA,NA,D,5,1,9560710.501,65,2006,13,4.97,136.78
91029,Active,560400,NA,NA,D,3,1,3501683.901,25,2009,7,14.95,0
91030,Active,142961,NA,NA,D,0,0,6548101.475,130,2004,16,4,46.41
91031,Active,894475,NA,NA,D,5,1,7376923.223,70,2005,13,4.97,15.81
91032,Active,143219,NA,NA,D,3,1,876111.275,225,2010,40,9.07,0
91033,Active,738203,NA,NA,D,2,1,5602787.164,104.5,2001,17,4.95,40.65
91034,Active,143295,NA,NA,D,2,1,1242347.269,215,2009,33,16.53,0
91035,Active,3503194,NA,NA,D,4,1,2399816.95,120,2002,27,5.92,77.87
91036,Active,143209,NA,NA,D,7,1,529532.35,220,2008,59,10.28,199.53
91037,Active,645158,NA,NA,D,8,1,1464414.045,164,2005,17,6.96,118.24
91038,Active,592767,NA,NA,D,3,1,2460255.539,23.91,2008,18,13.98,20.99
91039,Active,609793,NA,NA,D,6,1,4488335.569,132,2007,18,6.57,72.88
91040,Active,2471727,NA,NA,D,0,0,5144111.45,45,1996,17,5.13,72.74
91041,Active,142995,NA,NA,D,2,1,798570.59,210,2008,49,5.86,183.84
91042,Active,143615,NA,NA,D,1,0,1285791.693,210,2010,50,5.19,91.87
91043,Active,328384,NA,NA,D,8,1,1193458.308,199,2010,27,36.2,93.19
91044,Active,599514,NA,NA,D,5,1,2718600.848,38.94,2003,36,4.57,34.83
91045,Active,775404,NA,NA,D,4,1,3127345.356,83,2000,15,4.33,63.99
91046,Active,1841312,NA,NA,D,2,1,1832646.938,46.95,2010,11,17.56,32.12
91047,Active,195131,NA,NA,D,2,1,1964342.759,39.95,2007,31,4,7.98
91048,Active,107884,NA,NA,D,1,0,3053302.569,28.75,2002,15,4,18.9
91049,Active,566658,NA,NA,D,0,0,7833253.795,49.7,1992,17,5.32,71.97
91050,Active,2165905,NA,NA,D,0,0,1319797.994,64.95,2012,7,24.87,191.79
91051,Active,898115,NA,NA,D,0,0,2507888.003,88,2002,11,11.21,110.06
91052,Active,574797,NA,NA,D,0,0,1287828.334,72.95,2010,20,7.59,9.5
91053,Active,657630,NA,NA,D,0,0,2018295.954,165,2007,21,7.53,0
91054,Active,644595,NA,NA,D,0,0,544932.8713,59.99,2012,32,8.99,0
91055,Active,1932647,NA,NA,D,1,0,691368.2425,39.99,2010,34,5.66,22.28
91056,Active,890095,NA,NA,D,0,0,1809546.606,16.77,2007,10,16.12,15.43
91057,Active,2832444,NA,NA,D,1,0,2007620.494,304,2000,21,4.49,31.99
91058,Active,758599,NA,NA,D,2,1,3485815.224,210,2000,15,13.99,73.73
91059,Active,775082,NA,NA,D,2,1,3536289.565,269,2003,11,22.35,53.99
91060,Active,3512184,NA,NA,D,3,1,5510918.45,39.95,1994,31,6.12,28.99
91061,Active,1649204,NA,NA,D,1,0,1907459.814,70,2009,24,8.53,109.81
91062,Active,2808502,NA,NA,D,0,0,174004.7888,19.95,1971,36,6.77,12.73
91063,Active,2611555,NA,NA,D,0,0,904521.07,50,2000,38,28.81,87.52
91064,Active,1473620,NA,NA,D,1,0,2295899.464,87,2009,20,21.49,44.94
91065,Active,173727,NA,NA,D,1,0,627740.4688,79.99,2002,47,32.3,70.98
91066,Active,824156,NA,NA,D,3,1,1096391.549,32.95,1999,36,4,12.19
91067,Active,720066,NA,NA,D,1,0,1971142.784,95,2001,31,4.73,40.99
91068,Active,159484,NA,NA,D,7,1,4975670.573,91.95,2002,16,15.38,73.57
91069,Active,801335,NA,NA,D,0,0,739253.1938,61,2009,17,5.98,97.01
91070,Active,162483,NA,NA,D,1,0,767733.72,39.99,2008,49,4,11.43
91071,Active,481630,NA,NA,D,0,0,2935772.064,69.72,2005,20,4.22,47.93
91072,Active,914571,NA,NA,D,0,0,2641510.78,172,2008,32,5.31,23.93
91073,Active,2029180,NA,NA,D,1,0,1423702.554,199.99,2010,19,7.19,18.99
91074,Active,637855,NA,NA,D,7,1,1528983.96,229.97,2011,16,10.18,73.98
91075,Active,772981,NA,NA,D,1,0,5458932.195,103.95,1999,18,4,16.74
91076,Active,609760,NA,NA,D,6,1,1761536.53,90,2004,17,5.34,53.99
91077,Active,657244,NA,NA,D,0,0,3904362.3,69.95,2006,13,9.67,58.53
91078,Active,2029132,NA,NA,D,1,0,1949304.194,69.99,2011,20,17.53,26.69
91079,Active,265745,NA,NA,D,1,0,696177.8163,59.99,2010,57,4,35.99
91080,Active,907221,NA,NA,D,0,0,2164808.763,91.95,1996,21,4.13,9.21
91081,Active,2162488,NA,NA,D,1,0,1620227.678,59.95,2012,12,22.73,129.91
91082,Active,774927,NA,NA,D,7,1,3159856.256,47.95,2000,21,6.38,56.54
91083,Active,1558788,NA,NA,D,1,0,503086.3913,45.95,2011,50,4,43.99
91084,Active,192551,NA,NA,D,1,0,3943773.113,69.95,2004,13,6.61,28.99
91085,Active,762613,NA,NA,D,0,0,7154443.945,56,1997,12,18.53,117.87
91086,Active,887823,NA,NA,D,3,1,3479683.881,155,2001,16,58.29,169.21
91087,Active,3601387,NA,NA,D,1,0,4368027.75,72.95,1996,22,9.49,71.81
91088,Active,439616,NA,NA,D,0,0,1515954.985,229,2009,22,103.53,162.41
91089,Active,2268420,NA,NA,D,5,1,9435629.939,76.36,2009,19,13.7,76.33
91090,Active,795249,NA,NA,D,2,1,8622391.798,174.95,2010,12,20.84,208.35
91091,Active,2614076,NA,NA,D,0,0,2155539.561,124.99,2003,21,8.48,62.81
91092,Active,615485,NA,NA,D,0,0,2160138.921,44.95,2007,33,4.48,14.98
91093,Active,3567697,NA,NA,D,1,0,4626601.1,47.95,2002,36,4.79,36.35
91094,Active,126334,NA,NA,D,2,1,1665308.103,49,2001,20,5.38,59.99
91095,Active,126333,NA,NA,D,2,1,1188129.349,39.95,2001,36,4,11.41
91096,Active,911280,NA,NA,D,1,0,1747744.638,99,2007,33,6.98,20.95
91097,Active,2625156,NA,NA,D,6,1,8727040.4,38.95,1994,15,10.08,81.35
91098,Active,608636,NA,NA,D,5,1,2550575.646,76.95,2003,31,4,47.27
91099,Active,766275,NA,NA,D,1,0,5569663.661,93.95,2005,15,4.44,8.79
91100,Active,2784197,NA,NA,D,1,0,1307307.493,71.48,1977,17,19.91,163.67
91101,Active,2584437,NA,NA,D,0,0,3124965.996,65,2004,14,27.42,114.66
91102,Active,904132,NA,NA,D,1,0,632968.7038,60,2001,23,18.67,28.97
91103,Active,811834,NA,NA,D,1,0,2239911.223,109.95,2010,16,41.97,103.98
91104,Active,788819,NA,NA,D,3,1,4439230.98,159,2000,20,4.76,8.64
91105,Active,2940270,NA,NA,D,1,0,4040693.816,268,2004,16,21.22,95.09
91106,Active,902615,NA,NA,D,0,0,1800844.474,39.95,2002,12,8.94,78.99
91107,Active,2025411,NA,NA,D,1,0,829734.3663,81.75,2010,18,3.43,63.05
91108,Active,2025421,NA,NA,D,2,1,2183848.775,90.25,2011,14,10.54,101.41
91109,Active,2025397,NA,NA,D,1,0,2188494.895,90.75,2009,18,12.16,118.07
91110,Active,2025395,NA,NA,D,0,0,4359770.206,73.25,2009,14,4,178.99
91111,Active,905413,NA,NA,D,1,0,837684.69,70,2009,28,11.69,52.46
91112,Active,2380275,NA,NA,D,3,1,6906726.614,67,1994,20,4.99,43.9
91113,Active,115090,NA,NA,D,4,1,2694717.099,73.53,2000,24,4.35,47.2
91114,Active,682215,NA,NA,D,0,0,956465.405,17.93,2006,15,16.73,0
91115,Active,1865992,NA,NA,D,11,1,2198769.455,139,2007,10,10.04,53.41
91116,Active,624873,NA,NA,D,0,0,2269813.15,289,2003,27,87.07,147.1
91117,Active,870854,NA,NA,D,2,1,379747.25,22.76,2006,45,9.3,19.14
91118,Active,1715853,NA,NA,D,0,0,2196616.261,31.95,2013,14,27.83,30.48
91119,Active,724044,NA,NA,D,1,0,488664.8863,39.95,2010,25,4,20.98
91120,Active,600069,NA,NA,D,1,0,184990.305,47.95,1998,85,4.34,48.99
91121,Active,299498,NA,NA,D,1,0,379882.805,61.95,1998,81,4,23.99
91122,Active,899449,NA,NA,D,0,0,1941428.935,50,1979,22,17.54,129.16
91123,Active,2285117,NA,NA,D,0,0,4340109.8,0,1900,4,0,0
91124,Active,532050,NA,NA,D,3,1,1279724.311,76,2008,19,6.39,45.99
91125,Active,1727769,NA,NA,D,0,0,4076320.484,120,2013,11,22.51,98.74
91126,Active,2404256,NA,NA,D,0,0,3200605.733,17.95,1986,54,4,11.31
91127,Active,2599841,NA,NA,D,0,0,1427174.77,45,1993,27,6.12,52.46
91128,Active,3148835,NA,NA,D,0,0,1367008.453,179,2003,14,23.86,46.84
91129,Active,2596968,NA,NA,D,0,0,6117229.941,60,1990,12,11.85,73.97
91130,Active,2576921,NA,NA,D,0,0,1505029.781,155,1987,34,4,28.87
91131,Active,658998,NA,NA,D,2,1,848920.17,39.95,2005,13,34.04,39.95
91132,Active,162737,NA,NA,D,9,1,2040681.241,3.99,2009,28,4,28.99
91133,Active,225352,NA,NA,D,4,1,1218578.425,20,2002,60,4,6.46
91134,Active,2250143,NA,NA,D,9,1,2230524.744,33.14,2008,43,14.73,40.18
91135,Active,2597120,NA,NA,D,0,0,2403106.86,113,1990,21,23.99,48.99
91136,Active,1586840,NA,NA,D,1,0,1789854.9,34.99,2008,16,23.99,24.97
91137,Active,828224,NA,NA,D,1,0,2511814.964,45,2008,36,7.83,19.98
91138,Active,2404211,NA,NA,D,0,0,2759096.756,60,1989,22,8.79,75.65
91139,Active,2502455,NA,NA,D,3,1,1334681.985,349,2001,23,76.46,127.32
91140,Active,3816834,NA,NA,D,0,0,2121421.95,0,2013,13,12.49,0
91141,Active,2647995,NA,NA,D,1,0,1042567.27,84.95,1998,38,4.97,22.93
91142,Active,2809869,NA,NA,D,0,0,3303637.741,59.95,1994,15,22.31,59.95
91143,Active,739402,NA,NA,D,4,1,8141800.505,47.49,2000,11,4,47.15
91144,Active,2134267,NA,NA,D,0,0,912640.5088,44.99,2013,17,17.35,44.39
91145,Active,762789,NA,NA,D,0,0,2598643.319,70,2000,22,8.97,67.87
91146,Active,272679,NA,NA,D,0,0,5847971.686,45,2003,18,4,8.99
91147,Active,532035,NA,NA,D,5,1,1382304.139,329,2012,27,262.53,225.89
91148,Active,908471,NA,NA,D,1,0,3551836.439,75,2004,19,9.99,49.65
91149,Active,2559960,NA,NA,D,1,0,8492065.648,185,1979,18,6.39,23.98
91150,Active,660064,NA,NA,D,6,1,526312.3763,336,2003,20,172.74,405.19
91151,Active,893830,NA,NA,D,4,1,1559755.511,74.95,1990,11,35.91,100.7
91152,Active,2422980,NA,NA,D,2,1,9353299.089,68.69,1973,19,4.99,46.91
91153,Active,245558,NA,NA,D,0,0,1759942.748,199,2006,19,83.94,86.49
91154,Active,2335326,NA,NA,D,2,1,565083.77,156,1995,14,143.13,884.24
91155,Active,552286,NA,NA,D,1,0,576750.98,160,1984,56,8.95,104.06
91156,Active,899783,NA,NA,D,2,1,2929243.939,245,2005,20,72.94,147.21
91157,Active,2342489,NA,NA,D,4,1,3590313.854,38.5,1977,21,4.72,68.5
91158,Active,907180,NA,NA,D,1,0,2011728.245,53,2001,26,4.62,10.9
91159,Active,714003,NA,NA,D,2,1,8376125.681,88.96,2001,15,5.87,88.98
91160,Active,339268,NA,NA,D,1,0,5193108.925,240.95,2005,20,23.68,134.35
91161,Active,162541,NA,NA,D,5,1,2072668.186,151.5,2007,29,7.35,7.99
91162,Active,556279,NA,NA,D,0,0,2864779.821,54.95,2006,18,4.98,46.81
91163,Active,568400,NA,NA,D,1,0,680724.3813,68.25,2011,16,5.76,44
91164,Active,124445,NA,NA,D,5,1,2306883.121,52.96,2000,28,5.74,63.27
91165,Active,2697316,NA,NA,D,0,0,4248630.514,49.95,1984,17,37.5,180.59
91166,Active,2560302,NA,NA,D,1,0,3212175.881,69.95,1979,20,4,65.77
91167,Active,1834999,NA,NA,D,0,0,1830014.369,239,2006,20,47.99,110.77
91168,Active,478823,NA,NA,D,2,1,919368.975,102.99,2007,33,15.67,31.87
91169,Active,532018,NA,NA,D,3,1,437387.8788,39.95,2009,39,24.57,62.26
91170,Active,2611397,NA,NA,D,0,0,8873607.366,124.99,2000,16,4,92.64
91171,Active,2490990,NA,NA,D,3,1,2314869.031,53.98,2005,19,5.89,43.84
91172,Active,789415,NA,NA,D,1,0,4840542.784,89,2005,21,4,44.81
91173,Active,647912,NA,NA,D,3,1,1097067.883,42.95,2007,29,6.37,100.61
91174,Active,199202,NA,NA,D,1,0,2068203.376,57.95,2003,27,4,8.84
91175,Active,797788,NA,NA,D,1,0,1491146.05,160.95,2005,24,9.95,102.31
91176,Active,645057,NA,NA,D,1,0,1037692.756,242.67,2013,27,30.16,184.19
91177,Active,1658441,NA,NA,D,1,0,4548011.496,59.95,2010,21,4,88.87
91178,Active,3567702,NA,NA,D,0,0,3848483.3,158,2002,38,4,61.23
91179,Active,789395,NA,NA,D,0,0,2760731.995,129,2003,22,8.9,19.44
91180,Active,3616031,NA,NA,D,0,0,5056609.4,39.95,2002,23,4.28,8.99
91181,Active,1479723,NA,NA,D,1,0,1456884.108,70,2011,29,8.99,26.58
91182,Active,1593663,NA,NA,D,1,0,4653528,110,2010,33,15.7,17.77
91183,Active,763560,NA,NA,D,1,0,5502963.124,107.95,1999,22,4,8.49
91184,Active,909650,NA,NA,D,0,0,775631.135,39,2006,13,5.97,38.97
91185,Active,583426,NA,NA,D,1,0,3873693.064,29.95,2000,23,4,23.96
91186,Active,644972,NA,NA,D,1,0,1035515.366,44.95,2008,24,11.92,33.88
91187,Active,199093,NA,NA,D,1,0,2459077.315,67.95,2002,34,4,13.77
91188,Active,181185,NA,NA,D,0,0,4742151.043,37.8,1995,27,4,26.94
91189,Active,917892,NA,NA,D,1,0,1055456.303,79,1996,34,4,8.43
91190,Active,2047346,NA,NA,D,0,0,3344541.158,65,2007,14,7.98,23.58
91191,Active,2829125,NA,NA,D,0,0,1769751.098,48.96,2002,11,23.99,48.96
91192,Active,534093,NA,NA,D,7,1,3908800.431,17.29,2001,36,4,17.29
91193,Active,2670818,NA,NA,D,1,0,2226982.533,80,1995,17,4.87,73.61
91194,Active,2551225,NA,NA,D,1,0,5581562.921,37.95,2000,11,4,0
91195,Active,747420,NA,NA,D,1,0,608320.3238,45,2000,30,4.42,18.99
91196,Active,564579,NA,NA,D,1,0,1781027.38,59.95,2002,14,5.65,78.55
91197,Active,269551,NA,NA,D,1,0,1450731.019,65,2007,28,4.49,46.03
91198,Active,157058,NA,NA,D,0,0,1165272.351,64.95,2005,34,5.47,35.82
91199,Active,869535,NA,NA,D,1,0,2076539.866,65,2008,18,4.66,74.56
91200,Active,760729,NA,NA,D,1,0,4574798.639,125,2002,11,9.28,142.39
91201,Active,3248417,NA,NA,D,3,1,6659306.849,24.1,2000,18,12.51,23.97
91202,Active,806907,NA,NA,D,1,0,2810560.454,79.95,2004,9,8.45,13.49
91203,Active,904351,NA,NA,D,1,0,1933611.641,79.95,2008,16,8.99,23.54
91204,Active,904142,NA,NA,D,1,0,1579961.296,79.95,2008,18,12.78,29.99
91205,Active,794890,NA,NA,D,1,0,2173553.008,79.95,2011,22,4.93,53.99
91206,Active,2785122,NA,NA,D,1,0,4730753.514,77.58,1988,25,4,77.09
91207,Active,797646,NA,NA,D,1,0,1763451.871,79.95,2003,27,4,10.25
91208,Active,794893,NA,NA,D,1,0,1786068.783,99.95,2011,25,26.27,119.81
91209,Active,806909,NA,NA,D,1,0,3542650.933,79.95,2004,15,6.44,56.15
91210,Active,245070,NA,NA,D,1,0,1681805.749,89.95,2003,25,4.31,129.55
91211,Active,1900702,NA,NA,D,1,0,2337625.19,209.95,2008,3,163.54,173.94
91212,Active,2785189,NA,NA,D,1,0,1618145.599,59.95,1998,26,3.99,26.92
91213,Active,3638647,NA,NA,D,0,0,2206688,110,2013,37,77.83,68.53
91214,Active,158086,NA,NA,D,0,0,2924576.675,39.95,2006,27,4,12.78
91215,Active,2445157,NA,NA,D,0,0,3299303.248,105.77,1988,14,3.9,80.58
91216,Active,1849827,NA,NA,D,0,0,5443243.376,114.95,2010,12,14.27,81.99
91217,Active,1692656,NA,NA,D,1,0,2096838.764,63.5,2008,28,4,20.49
91218,Active,2532223,NA,NA,D,0,0,8219049.854,135,1997,11,46.45,172.47
91219,Active,889656,NA,NA,D,1,0,2130147.636,205.95,2002,14,63.67,152.4
91220,Active,656771,NA,NA,D,1,0,1580105.553,109.95,2003,24,61.68,109.93
91221,Active,2532224,NA,NA,D,1,0,1891854.516,37.95,1997,29,4,23.93
91222,Active,910398,NA,NA,D,1,0,2427972.698,44.95,2009,25,4,93.53
91223,Active,2452387,NA,NA,D,1,0,8633178.983,0,1986,10,14.7,0
91224,Active,625563,NA,NA,D,1,0,184453.9375,85,1990,22,42.43,71.6
91225,Active,1448133,NA,NA,D,1,0,420651.4113,76.8,2007,27,12.44,21.99
91226,Active,1449950,NA,NA,D,1,0,926698.9288,76,2007,25,10.87,13.92
91227,Active,1450060,NA,NA,D,1,0,817324.9625,61,2006,19,16.98,38.67
91228,Active,649020,NA,NA,D,0,0,705226.3063,43.95,2009,16,21.25,0
91229,Active,157086,NA,NA,D,2,1,2579219.726,49.95,2003,31,4,19.54
91230,Active,3463391,NA,NA,D,1,0,776531.15,29.95,2009,20,20.36,27.82
91231,Active,1927447,NA,NA,D,1,0,983533.46,19.99,2013,16,6.72,15.38
91232,Active,643036,NA,NA,D,0,0,809300.53,94.95,1990,18,8.07,71.89
91233,Active,2696727,NA,NA,D,1,0,2227576.856,79.95,1996,11,6.38,148.37
91234,Active,896132,NA,NA,D,1,0,4478506.745,139,2000,17,71.73,161.69
91235,Active,3139733,NA,NA,D,0,0,405788.7275,9.99,2002,181,4,5.99
91236,Active,2242067,NA,NA,D,0,0,1645939.919,99,2012,18,81.36,78.5
91237,Active,1449860,NA,NA,D,1,0,4324973.671,53,2007,18,4.08,6.39
91238,Active,2470513,NA,NA,D,0,0,2772137.644,52,1993,22,4.79,66.29
91239,Active,668835,NA,NA,D,0,0,2181261.183,59.99,2010,34,26.79,53.59
91240,Active,2604434,NA,NA,D,2,1,2037422.906,54.99,2004,30,6.41,25.24
91241,Active,2171963,NA,NA,D,0,0,2432876.113,45,2007,25,5.55,23.54
91242,Active,714662,NA,NA,D,2,1,5163890.583,67,1999,24,4,5.23
91243,Active,2699650,NA,NA,D,1,0,1140933.421,167.95,1997,34,4,29.99
91244,Active,740438,NA,NA,D,0,0,1679439.098,49.99,2004,39,4.07,26.88
91245,Active,3925574,NA,NA,D,1,0,1882038,60,2011,57,34.56,37.53
91246,Active,2022404,NA,NA,D,0,0,626097.5425,39,2009,10,24.77,30.96
91247,Active,2600516,NA,NA,D,1,0,4609630.269,99.99,2001,16,36.15,88.65
91248,Active,1594368,NA,NA,D,1,0,2277461.248,124.99,2007,19,20.06,22.9
91249,Active,3574982,NA,NA,D,0,0,1320773,39,1984,54,7.52,33.96
91250,Active,1542379,NA,NA,D,1,0,1585966.633,30.95,2013,23,14.11,16.9
91251,Active,1593083,NA,NA,D,1,0,1949274.346,110,2008,18,9.58,52.83
91252,Active,630944,NA,NA,D,1,0,139069.3488,46.95,2010,31,26.12,0
91253,Active,1593869,NA,NA,D,0,0,1599511.348,109.99,2007,18,28.49,36.99
91254,Active,1933546,NA,NA,D,0,0,2221710.608,34.95,2012,12,21.18,34.94
91255,Active,2613176,NA,NA,D,0,0,4430109.528,114.99,2001,16,39.65,83.99
91256,Active,782090,NA,NA,D,1,0,1199328.834,45,2010,27,11.42,40.54
91257,Active,919356,NA,NA,D,0,0,671464.4625,45,1995,49,4.87,13.99
91258,Active,882098,NA,NA,D,1,0,8162407.86,74.95,1993,11,27.62,0
91259,Active,230267,NA,NA,D,2,1,1659333.391,45,1998,35,4,8.64
91260,Active,1632832,NA,NA,D,1,0,3121997.091,63.95,2008,15,34.93,63.31
91261,Active,803802,NA,NA,D,2,1,4695290.768,189,2004,16,6.98,20.97
91262,Active,901353,NA,NA,D,1,0,3596718.32,94,2005,15,4,29.64
91263,Active,901670,NA,NA,D,1,0,5171806.886,52.95,1997,16,5.43,46.95
91264,Active,3729515,NA,NA,D,0,0,1322792.6,79.99,2012,58,24.99,48.99
91265,Active,2051781,NA,NA,D,1,0,837836.4313,50,2006,30,15.99,28.94
91266,Active,2908819,NA,NA,D,0,0,1528009.921,23.99,2005,10,33.94,53.98
91267,Active,2590105,NA,NA,D,0,0,4144211.07,54.5,1979,17,22.38,72.01
91268,Active,2590604,NA,NA,D,0,0,6279840.725,74.95,1988,10,28.98,0
91269,Active,3543277,NA,NA,D,1,0,1921185.45,75,2004,43,5.58,52.37
91270,Active,2606438,NA,NA,D,1,0,2073023.665,134.99,1997,21,11.83,54.01
91271,Active,717327,NA,NA,D,3,1,1700337.67,70.95,1997,37,4,19.34
91272,Active,2649187,NA,NA,D,1,0,6357405.75,92.95,2001,11,17.99,71.84
91273,Active,262879,NA,NA,D,1,0,2334026.19,39.95,2004,29,4,48.59
91274,Active,919003,NA,NA,D,0,0,1138888.295,69.95,2007,46,4,33.93
91275,Active,2345428,NA,NA,D,0,0,1581120.166,100.74,1979,21,4,27.9
91276,Active,2407362,NA,NA,D,1,0,1757652.491,73,1994,21,8.35,13.94
91277,Active,2342536,NA,NA,D,0,0,1952971.134,73.31,1985,23,9.14,72.95
91278,Active,701270,NA,NA,D,1,0,1220120.64,79.99,2009,18,5.09,19.19
91279,Active,3078708,NA,NA,D,0,0,2666413.065,55,2001,23,4,17.84
91280,Active,1740862,NA,NA,D,0,0,1138467.364,67,2012,30,7.69,81.76
91281,Active,614061,NA,NA,D,0,0,1891882.953,34.99,2003,42,4,0
91282,Active,621261,NA,NA,D,0,0,1294689.843,59.99,2001,35,4,6.49
91283,Active,1688762,NA,NA,D,1,0,420048.0863,69.99,2013,15,25.56,43.97
91284,Active,655351,NA,NA,D,3,1,720884.1825,49.99,2012,23,15.83,34.85
91285,Active,1688518,NA,NA,D,2,1,1961912.048,39.99,2008,21,4,8.99
91286,Active,905346,NA,NA,D,1,0,894790.1438,59.95,2010,39,5.96,10.95
91287,Active,2936101,NA,NA,D,0,0,2336246.001,179,2005,22,6.03,14.46
91288,Active,620579,NA,NA,D,0,0,948159.2963,54.95,2007,31,4,18.97
91289,Active,137374,NA,NA,D,0,0,3345831.061,52.95,1995,18,14.83,70.15
91290,Active,907004,NA,NA,D,1,0,1088207.763,17.97,1997,21,15.38,19.18
91291,Active,2648040,NA,NA,D,2,1,1211386.541,36.95,1997,37,4,36.95
91292,Active,755487,NA,NA,D,1,0,2723754.153,55,2004,18,4.58,46.74
91293,Active,542860,NA,NA,D,0,0,717285.4675,86,1997,43,10.56,73.16
91294,Active,2773276,NA,NA,D,1,0,1007042.193,42.5,1985,18,5.97,75.39
91295,Active,2789405,NA,NA,D,0,0,1184248.471,62,1993,16,5.49,42.35
91296,Active,2600038,NA,NA,D,0,0,3178145.075,125,1994,19,14.9,79.17
91297,Active,669565,NA,NA,D,0,0,882507.03,60.95,2011,22,28.83,44.15
91298,Active,693422,NA,NA,D,1,0,1705959.074,53.7,1998,19,5.97,6.19
91299,Active,3472569,NA,NA,D,1,0,3424007.8,95,1994,23,4,41.63
91300,Active,657415,NA,NA,D,9,1,933772.7513,196,2003,25,6.71,98.99
91301,Active,1474634,NA,NA,D,0,0,4764677.913,80,2010,14,6.38,106.61
91302,Active,1476984,NA,NA,D,0,0,4700985.274,69.95,2013,13,6.28,54.36
91303,Active,914020,NA,NA,D,1,0,1670045.181,68,2005,30,3.99,9.9
91304,Active,598818,NA,NA,D,0,0,2854515.5,35,2005,18,4,13.96
91305,Active,614645,NA,NA,D,0,0,2646932.766,118,2004,20,4.13,7.94
91306,Active,577175,NA,NA,D,6,1,349502.03,217,2012,116,3.94,67.95
91307,Active,1474954,NA,NA,D,7,1,7021938.484,110,2010,16,6.39,78.12
91308,Active,916368,NA,NA,D,0,0,3424675.423,30,2004,27,4,15.66
91309,Active,613853,NA,NA,D,0,0,924893.475,43,2012,87,4,26.09
91310,Active,2829169,NA,NA,D,5,1,4591624.396,43.99,2004,17,4,43.72
91311,Active,900067,NA,NA,D,0,0,4819788.809,52.99,2005,13,5.19,80.31
91312,Active,1555963,NA,NA,D,0,0,1565950.301,44.95,2009,25,11.99,32.24
91313,Active,2647729,NA,NA,D,0,0,1350510.185,34.95,1994,17,9.48,48.94
91314,Active,870612,NA,NA,D,1,0,2066712.113,54.95,2010,25,4,46.19
91315,Active,1725736,NA,NA,D,1,0,1949834.481,75,2008,28,18.49,54.67
91316,Active,2491379,NA,NA,D,12,1,2089621.189,177.95,2005,13,23.54,79.62
91317,Active,738242,NA,NA,D,0,0,5097653.873,106.5,2000,10,4.8,124.11
91318,Active,531963,NA,NA,D,3,1,1103458.143,39,2007,15,8.06,23.94
91319,Active,2604963,NA,NA,D,0,0,1275645.231,79.99,1996,20,21.36,73.12
91320,Active,1571470,NA,NA,D,2,1,2150906.483,119.06,2006,3,123.1,103.31
91321,Active,195214,NA,NA,D,3,1,904761.0975,97,2010,21,14.09,77.8
91322,Active,556517,NA,NA,D,0,0,2117158.004,69.95,2010,21,9.5,56.09
91323,Active,2491888,NA,NA,D,0,0,3512644.583,34.95,2005,19,4.76,24.99
91324,Active,2258862,NA,NA,D,4,1,1053148.74,97.23,2011,33,8.29,60.31
91325,Active,3819933,NA,NA,D,1,0,950367.9,67.5,1984,14,57.99,67.5
91326,Active,1766140,NA,NA,D,1,0,1032124.124,74.99,2013,35,49.09,57.92
91327,Active,640326,NA,NA,D,0,0,1424436.596,100,2010,20,14.04,18.94
91328,Active,184543,NA,NA,D,1,0,985478.8388,49.95,2007,22,10.34,29.94
91329,Active,1733876,NA,NA,D,0,0,332978.27,39.99,2008,13,13.43,39.99
91330,Active,631079,NA,NA,D,0,0,1506106.253,35,2004,21,13.98,23
91331,Active,2549683,NA,NA,D,2,1,1774839.671,52.95,1989,35,4.13,46.85
91332,Active,3484860,NA,NA,D,0,0,2120210.4,62.85,1988,36,15.63,62.67
91333,Active,2190730,NA,NA,D,0,0,1036199.295,79.95,2012,21,62.95,62.97
91334,Active,2577122,NA,NA,D,0,0,2404681.166,123.91,1982,19,67.94,112.5
91335,Active,3592998,NA,NA,D,1,0,6696696.8,93.95,2002,20,4.59,153.15
91336,Active,281427,NA,NA,D,2,1,2023278.143,129,2007,12,45,48.06
91337,Active,2188648,NA,NA,D,0,0,3604314.363,209,2010,16,103.98,157.78
91338,Active,760858,NA,NA,D,1,0,5003233.56,85,2000,14,5.84,29.23
91339,Active,2560145,NA,NA,D,1,0,2929740.481,29.94,1995,30,5.35,29.94
91340,Active,628191,NA,NA,D,0,0,1828308.474,119,2003,25,43.71,65.49
91341,Active,2267274,NA,NA,D,0,0,3867120,141.37,2007,19,18.18,138.68
91342,Active,2558766,NA,NA,D,0,0,1740601.269,0,1971,19,5.98,170.51
91343,Active,3029811,NA,NA,D,0,0,1805972.844,43,1995,16,4,115.47
91344,Active,3148466,NA,NA,D,1,0,591530.3513,115,2003,21,50.92,81.08
91345,Active,637890,NA,NA,D,1,0,546121.7625,108,2011,21,74.37,80.32
91346,Active,262765,NA,NA,D,1,0,1719368.593,39.95,2009,23,4,17.99
91347,Active,115020,NA,NA,D,1,0,2609638.449,80,2001,27,4.51,16.88
91348,Active,860303,NA,NA,D,3,1,1904883.658,58,2011,17,13.19,46.31
91349,Active,649250,NA,NA,D,0,0,3745505.591,59.95,2004,17,4.54,59.95
91350,Active,165748,NA,NA,D,4,1,1859983.778,11.99,2003,37,4,11.99
91351,Active,690546,NA,NA,D,0,0,853804.5913,28.5,2009,29,20.38,22.16
91352,Active,1465072,NA,NA,D,0,0,5141277.013,60,2010,18,41.69,95.23
91353,Active,58072,NA,NA,D,1,0,2561736.411,50.67,2002,34,4,33.81
91354,Active,409117,NA,NA,D,3,1,3997114.774,42.95,1999,20,4,15.96
91355,Active,341653,NA,NA,D,5,1,3302959.633,3.99,2003,31,4,3.99
91356,Active,904318,NA,NA,D,0,0,2701448.091,49.4,2005,24,38.3,51.02
91357,Active,913259,NA,NA,D,1,0,1290458.971,48.8,2009,45,4,8.44
91358,Active,592013,NA,NA,D,0,0,1835858.92,60,2007,14,14.52,19.98
91359,Active,2784148,NA,NA,D,0,0,926820.2138,31.95,1973,95,4,37.5
91360,Active,3066701,NA,NA,D,0,0,1108342.084,44.95,2001,22,39.99,74.01
91361,Active,671038,NA,NA,D,1,0,3560515.229,255,1991,18,4,68.61
91362,Active,762414,NA,NA,D,1,0,3776162.093,150,2001,14,11.04,56.11
91363,Active,764893,NA,NA,D,1,0,907920.6875,115.95,2001,20,4,5.99
91364,Active,883808,NA,NA,D,2,1,3623376.103,719,2005,11,288.69,288.7
91365,Active,3109669,NA,NA,D,0,0,579825.3475,48,2015,29,8.98,44.95
91366,Active,2605605,NA,NA,D,1,0,3825173.304,55,2001,28,4,39.99
91367,Active,895821,NA,NA,D,0,0,3564939.238,79.95,2010,11,33.98,53.94
91368,Active,2112447,NA,NA,D,0,0,1948888.173,243,2013,10,32.78,156.67
91369,Active,2120128,NA,NA,D,0,0,3383087.608,160,2007,19,5.97,33.98
91370,Active,551524,NA,NA,D,1,0,797150.34,59.95,2010,31,7.46,23.51
91371,Active,917698,NA,NA,D,1,0,2854240.006,74.99,2007,36,4,10.54
91372,Active,1952180,NA,NA,D,0,0,1659507.634,149,2012,13,113.14,113.88
91373,Active,2599545,NA,NA,D,0,0,1406714.034,70,1993,19,40.98,73.98
91374,Active,788807,NA,NA,D,3,1,3262023.74,31.95,2000,25,4,28.99
91375,Active,828364,NA,NA,D,2,1,2094823.364,43.61,1977,29,4,33.97
91376,Active,630966,NA,NA,D,1,0,1232456.144,110,2000,35,20.87,83.94
91377,Active,561598,NA,NA,D,1,0,7021198.338,28.95,1998,15,4,13.98
91378,Active,654147,NA,NA,D,1,0,2186646.738,223.95,2008,14,48.18,200.73
91379,Active,3113334,NA,NA,D,1,0,8804610.46,96,2003,5,88.48,93.98
91380,Active,2550591,NA,NA,D,1,0,1739690.361,50.95,2000,21,5.97,132.19
91381,Active,868399,NA,NA,D,1,0,2372634.661,59,1990,27,4,27.97
91382,Active,2608322,NA,NA,D,2,1,6904884.234,309.99,1999,11,8.32,53.17
91383,Active,2031317,NA,NA,D,1,0,2182462.873,149.95,2008,22,13.94,75.98
91384,Active,1533427,NA,NA,D,0,0,2470054.859,319,2006,22,8.79,74.69
91385,Active,633184,NA,NA,D,4,1,1063736.66,329,2011,18,159.33,219.74
91386,Active,1718251,NA,NA,D,1,0,2378536.141,75,2006,17,3.95,39.28
91387,Active,2699545,NA,NA,D,1,0,8138094.908,31.95,1995,21,3.99,33.99
91388,Active,561625,NA,NA,D,4,1,920389.7238,105,2002,40,6.03,99.81
91389,Active,904514,NA,NA,D,6,1,2841339.874,75.95,2008,17,5.63,89.63
91390,Active,641143,NA,NA,D,1,0,507840.8463,135.95,2008,26,6.24,65.49
91391,Active,249859,NA,NA,D,1,0,818657.5025,87.95,2007,18,4,8.02
91392,Active,563064,NA,NA,D,2,1,1265345.833,129,2006,34,36.68,99.38
91393,Active,657097,NA,NA,D,2,1,1166779.441,129,2010,35,45.11,119.73
91394,Active,574617,NA,NA,D,5,1,239345.3563,209,2009,34,59.66,164.94
91395,Active,2788166,NA,NA,D,2,1,3366409.163,45,1991,19,4,61.15
91396,Active,531930,NA,NA,D,22,1,275528.0263,169,2011,22,30.94,112.97
91397,Active,2777857,NA,NA,D,0,0,1599947.816,52.95,1991,13,46.98,104.82
91398,Active,2663780,NA,NA,D,0,0,3339602.601,56.95,1988,13,16.03,81.75
91399,Active,3084106,NA,NA,D,2,1,4618155.898,49.95,2003,13,34.03,155.61
91400,Active,477678,NA,NA,D,1,0,1610110.21,148.95,2008,16,6.19,52.18
91401,Active,765030,NA,NA,D,1,0,4536278.338,33.95,1998,14,4,5.99
91402,Active,193153,NA,NA,D,5,1,933282.0475,84.95,2005,17,6.02,123.01
91403,Active,193055,NA,NA,D,3,1,1547941.75,85.95,2003,29,4.98,85.39
91404,Active,193967,NA,NA,D,1,0,2320709.863,79,2003,29,4,13.99
91405,Active,2312014,NA,NA,D,3,1,2308879.099,55.5,1987,18,4.25,72.39
91406,Active,263188,NA,NA,D,1,0,4175420.359,149.95,2002,19,5.96,65.15
91407,Active,3607147,NA,NA,D,1,0,6164874.2,150,2000,15,53.49,181.92
91408,Active,161496,NA,NA,D,1,0,1950466.314,116,2006,30,4,14.24
91409,Active,2664029,NA,NA,D,0,0,3488453.46,42,1995,18,8.14,79.15
91410,Active,159457,NA,NA,D,1,0,2706978.483,157,2006,18,8.74,47.63
91411,Active,2285673,NA,NA,D,3,1,1665819.304,0,2010,37,43.91,75.67
91412,Active,574611,NA,NA,D,2,1,3899762.731,325,2001,13,4,48.99
91413,Active,1618009,NA,NA,D,1,0,3472655.176,69.99,2011,15,4,21.28
91414,Active,2336490,NA,NA,D,0,0,2282482.461,111.25,1981,34,4,16.74
91415,Active,3245641,NA,NA,D,3,1,4606501.25,8.98,2002,29,7.58,8.98
91416,Active,2663634,NA,NA,D,1,0,3541644.191,109,1994,25,5.19,46.53
91417,Active,2177987,NA,NA,D,0,0,1244337.894,169,2008,18,38.37,76.49
91418,Active,203459,NA,NA,D,2,1,1539539.093,74.95,2002,17,17.41,23.99
91419,Active,221725,NA,NA,D,1,0,3173121.884,290,2002,15,17.99,65.33
91420,Active,531915,NA,NA,D,2,1,8219592.446,239.95,2007,13,13.08,78.75
91421,Active,2680088,NA,NA,D,3,1,3792456.22,199,1998,23,10.28,41.27
91422,Active,900142,NA,NA,D,3,1,4734733.876,63.9,1995,16,4,56.77
91423,Active,265297,NA,NA,D,1,0,1519899.584,79,2005,18,6.18,53.71
91424,Active,2028110,NA,NA,D,1,0,2047564.221,74,2007,23,4.46,40.99
91425,Active,598677,NA,NA,D,1,0,2362218.371,76,2006,20,4,18.94
91426,Active,899525,NA,NA,D,0,0,2647961.266,86.95,1996,15,4,13.99
91427,Active,528559,NA,NA,D,4,1,449862.38,95.99,2012,35,7.93,12.97
91428,Active,898047,NA,NA,D,1,0,4063380.454,89,1994,22,6.38,22.98
91429,Active,2116192,NA,NA,D,2,1,1464437.585,167.95,2009,16,53.99,132.74
91430,Active,3568518,NA,NA,D,3,1,1322965.25,53.95,1999,58,4,4.27
91431,Active,2551719,NA,NA,D,1,0,1164730.796,156,2002,19,4.4,67.15
91432,Active,563068,NA,NA,D,0,0,1219143.5,109,2007,19,16.82,16.82
91433,Active,2406294,NA,NA,D,2,1,4824350.064,170,1994,17,4.54,6.99
91434,Active,126207,NA,NA,D,3,1,1578988.163,120,2001,19,15.16,144.8
91435,Active,719776,NA,NA,D,4,1,882573.995,98.5,2003,23,11.13,33.49
91436,Active,627129,NA,NA,D,1,0,1596499.628,63.95,2007,25,4,29.42
91437,Active,246354,NA,NA,D,2,1,5660746.525,262.95,2005,17,4.98,46
91438,Active,2697103,NA,NA,D,1,0,4021104.333,52,1996,16,6.39,179.29
91439,Active,196767,NA,NA,D,1,0,3364407.703,91.95,2004,13,26.63,126.54
91440,Active,2678977,NA,NA,D,0,0,2559577.951,240,1990,13,4.96,86.75
91441,Active,2338952,NA,NA,D,0,0,6654512.958,85,1992,14,40.29,119.79
91442,Active,803803,NA,NA,D,5,1,1606349.221,99,2005,22,7.3,23.49
91443,Active,531906,NA,NA,D,5,1,1059685.791,371,2008,37,99.94,117.09
91444,Active,871574,NA,NA,D,3,1,970005.9863,62.2,2002,10,9.58,56.47
91445,Active,833206,NA,NA,D,1,0,2255812.285,106,1998,15,78.29,126.02
91446,Active,531904,NA,NA,D,6,1,814027.7938,108.99,2008,32,27.45,73.82
91447,Active,778414,NA,NA,D,1,0,1068425.421,109.95,2006,17,11.9,45.87
91448,Active,633107,NA,NA,D,0,0,2731566.344,42.99,2006,11,15.99,16.74
91449,Active,669595,NA,NA,D,1,0,2441583.243,77.95,2005,15,41.53,141.56
91450,Active,531900,NA,NA,D,5,1,711237.4563,231,2009,18,57.4,98.01
91451,Active,271592,NA,NA,D,2,1,5102474.66,99.95,2003,19,4,44.75
91452,Active,887804,NA,NA,D,2,1,1270735.39,317.99,2000,17,43.59,418.29
91453,Active,2551455,NA,NA,D,1,0,2080431.566,55.95,2002,26,4.31,61.51
91454,Active,2899955,NA,NA,D,3,1,2907085.461,39.95,2004,16,8.73,70.09
91455,Active,909605,NA,NA,D,1,0,2960185.281,77.95,2001,28,4,12.73
91456,Active,860304,NA,NA,D,4,1,1600327.734,55,2011,21,7.69,28.49
91457,Active,789352,NA,NA,D,1,0,3311494.663,110,2004,29,4,12.46
91458,Active,537819,NA,NA,D,2,1,487360.2088,101.33,2004,38,4,40.88
91459,Active,631606,NA,NA,D,4,1,265979.0763,149,2009,35,25.06,0
91460,Active,555327,NA,NA,D,2,1,4484504.73,43,1997,22,4,44.75
91461,Active,2663049,NA,NA,D,0,0,3834897.676,0,1986,9,4.37,0
91462,Active,907071,NA,NA,D,0,0,1751673.579,52,2006,23,29.45,47.85
91463,Active,626834,NA,NA,D,1,0,750576.5025,110,1986,28,5.97,68.99
91464,Active,1741420,NA,NA,D,0,0,709072.6975,49.95,2013,32,33.94,48.02
91465,Active,596250,NA,NA,D,3,1,1672505.133,259.95,2009,23,11.83,70.22
91466,Active,2696969,NA,NA,D,3,1,5800469.874,216,1998,19,32.19,153.99
91467,Active,2759298,NA,NA,D,1,0,2250978.139,67.95,1999,36,4,54.05
91468,Active,299569,NA,NA,D,0,0,3286568.194,49.95,2000,6,14.47,14.97
91469,Active,2501715,NA,NA,D,1,0,693422.395,39.95,2004,26,4,43.09
91470,Active,2801454,NA,NA,D,0,0,6696207.5,34.5,1994,16,6.13,6.98
91471,Active,261379,NA,NA,D,1,0,1649020.49,55,2002,38,4,7.97
91472,Active,2619244,NA,NA,D,1,0,2678813.261,105.95,1994,25,4,64.69
91473,Active,2698464,NA,NA,D,2,1,2807667.15,41.95,2003,15,6.66,50.89
91474,Active,3620245,NA,NA,D,1,0,6728914.25,0,1999,19,4,17.47
91475,Active,143111,NA,NA,D,0,0,2030657.8,42,2006,24,4,0
91476,Active,738557,NA,NA,D,0,0,892784.26,51,2012,23,8.99,0
91477,Active,1993877,NA,NA,D,1,0,120350.9925,49.99,2013,24,26.95,44.91
91478,Active,1542832,NA,NA,D,1,0,948368.9925,90,2012,15,53.98,48.14
91479,Active,662587,NA,NA,D,1,0,3799305.635,115.95,2005,11,49.43,105.45
91480,Active,611449,NA,NA,D,0,0,4607073.044,100,2013,11,127.89,178.12
91481,Active,2697231,NA,NA,D,2,1,2884102.016,49.95,1995,18,4,49.94
91482,Active,3589569,NA,NA,D,0,0,3901359.2,90,2007,17,48.89,48.9
91483,Active,2838511,NA,NA,D,1,0,323584.7263,63.95,2005,35,60.95,60.89
91484,Active,149420,NA,NA,D,1,0,1523662.559,45,2007,13,18.48,67.66
91485,Active,893768,NA,NA,D,1,0,4130631.921,35,2000,25,4,49.39
91486,Active,917300,NA,NA,D,0,0,2173736.458,14.95,1993,27,4,16.72
91487,Active,2448853,NA,NA,D,0,0,2569844.799,19.95,1992,24,4,11.34
91488,Active,328169,NA,NA,D,3,1,1222555.169,43,2007,16,7.89,23.99
91489,Active,3524481,NA,NA,D,0,0,16316093.35,175,2000,6,4.4,0
91490,Active,762470,NA,NA,D,1,0,2533235.454,113,2000,28,4,79.99
91491,Active,405250,NA,NA,D,2,1,8171050.616,79.95,1999,15,6.51,78.2
91492,Active,2536816,NA,NA,D,1,0,3809336.451,44.95,2001,18,4,19.95
91493,Active,2572497,NA,NA,D,1,0,2972700.803,125,1995,27,5.47,68.95
91494,Active,2552329,NA,NA,D,0,0,3422866.566,266,1987,14,50.94,72.95
91495,Active,636960,NA,NA,D,1,0,3649568.786,96.99,1998,21,4.98,67.28
91496,Active,669734,NA,NA,D,0,0,5278847.084,139,2000,20,6.34,11.94
91497,Active,620841,NA,NA,D,0,0,262756.5575,40,2007,30,11.48,0
91498,Active,913481,NA,NA,D,0,0,2245866.43,128.2,2008,26,4,17.06
91499,Active,2022111,NA,NA,D,14,1,7963756.908,94.95,2008,11,8.91,52.07
91500,Active,902985,NA,NA,D,1,0,2841638.674,84.95,2004,29,4,42.77
91501,Active,243838,NA,NA,D,1,0,2388211.154,92.95,2010,21,4,8.98
91502,Active,890038,NA,NA,D,1,0,3691971.259,40.95,2007,16,35.34,70.01
91503,Active,3117429,NA,NA,D,0,0,4475965.869,379,1988,12,81.98,98.99
91504,Active,2811280,NA,NA,D,0,0,788670.9738,19.95,1977,32,5.71,15.78
91505,Active,718213,NA,NA,D,1,0,3846704.83,135,1997,35,11.86,76.45
91506,Active,626443,NA,NA,D,2,1,629785.4325,143.75,2004,21,5.69,0
91507,Active,251760,NA,NA,D,1,0,2074678.951,120.95,2007,26,4.39,46.99
91508,Active,869245,NA,NA,D,3,1,3628924.55,595.88,2008,14,4,51.63
91509,Active,3480115,NA,NA,D,1,0,10408571.6,83,1994,24,4.97,44.52
91510,Active,164461,NA,NA,D,1,0,1775187.681,75,2003,24,6.25,46.43
91511,Active,152149,NA,NA,D,0,0,1079177.261,199,2005,22,44.91,80.84
91512,Active,3122206,NA,NA,D,1,0,2956138.634,68.95,2002,33,4,47.73
91513,Active,2603657,NA,NA,D,2,1,3737776.245,128,2004,13,8.04,41.96
91514,Active,599930,NA,NA,D,1,0,553476.625,99.95,2011,25,31.55,78.99
91515,Active,3472386,NA,NA,D,3,1,4874978.2,49.33,1992,28,4,23.74
91516,Active,3273084,NA,NA,D,2,1,1224652.7,56.99,2001,24,10.54,56.99
91517,Active,2611987,NA,NA,D,1,0,3144386.688,155,2001,20,9.09,142.09
91518,Active,889511,NA,NA,D,0,0,3455623.705,29.95,1999,13,7.2,29.94
91519,Active,2405129,NA,NA,D,1,0,1826582.855,60,1990,16,15.64,38.99
91520,Active,2596480,NA,NA,D,1,0,4086077.373,83.99,1990,20,29.11,79.92
91521,Active,657344,NA,NA,D,0,0,2314450.564,110,2005,18,43.23,56.57
91522,Active,199209,NA,NA,D,1,0,3743644.095,117,2004,21,11.4,12.71
91523,Active,1648358,NA,NA,D,0,0,5092622.633,43.12,2006,16,39.44,39.07
91524,Active,720835,NA,NA,D,1,0,738569.27,83,2004,15,7.68,69.92
91525,Active,899544,NA,NA,D,1,0,2796611.158,80,2004,16,5.79,63.19
91526,Active,719052,NA,NA,D,1,0,3843654.5,74.5,2000,18,22.42,100.75
91527,Active,654476,NA,NA,D,1,0,470845.4288,66.95,2004,26,8.46,38.99
91528,Active,556280,NA,NA,D,1,0,3376369.449,65.95,2006,28,4.69,11.19
91529,Active,1651521,NA,NA,D,1,0,3403300.248,101,2006,17,7.69,31.07
91530,Active,2117078,NA,NA,D,1,0,3975345.959,115,2006,16,6.87,98.01
91531,Active,800163,NA,NA,D,2,1,1790663.386,65,2005,14,5.25,91.13
91532,Active,566935,NA,NA,D,1,0,2545269.711,84.95,1999,24,18.29,63.86
91533,Active,763009,NA,NA,D,1,0,826135.3713,70,1999,21,4.98,73.99
91534,Active,920711,NA,NA,D,1,0,269010.82,90,1993,58,4.71,23.99
91535,Active,658565,NA,NA,D,1,0,731679.2138,77,2009,24,16.99,40.82
91536,Active,1468484,NA,NA,D,1,0,2456414.395,73,2007,27,12,26.94
91537,Active,911274,NA,NA,D,0,0,1574334.454,149,2007,27,4.43,17.88
91538,Active,636913,NA,NA,D,1,0,1469464.103,88,2008,24,8.54,45.99
91539,Active,2869272,NA,NA,D,1,0,1616566.823,115,1990,25,5.99,23.93
91540,Active,261322,NA,NA,D,2,1,1957648.35,58,2000,31,4.48,13.94
91541,Active,917067,NA,NA,D,1,0,1985523.055,52,1998,29,4,12.88
91542,Active,908631,NA,NA,D,1,0,3356246.66,28,2001,20,4.84,45.89
91543,Active,632559,NA,NA,D,1,0,609997.805,44.95,2007,14,9.82,49.94
91544,Active,906922,NA,NA,D,1,0,286348.5988,83,2003,22,8.99,18.68
91545,Active,2076274,NA,NA,D,1,0,261082.0513,75,2009,29,9.42,41.58
91546,Active,2598336,NA,NA,D,1,0,5210046.95,125.99,1993,7,58.11,243.73
91547,Active,148994,NA,NA,D,0,0,1362134.226,129,2005,22,22.95,77.45
91548,Active,2559782,NA,NA,D,0,0,1884013.254,86.95,1982,17,13.93,73.09
91549,Active,1466018,NA,NA,D,1,0,3880110.521,205,2006,17,51.09,56.91
91550,Active,721134,NA,NA,D,0,0,1677852.05,45,2004,23,7.11,13.64
91551,Active,758958,NA,NA,D,3,1,3608389.995,195,2000,14,23.89,67.81
91552,Active,650085,NA,NA,D,0,0,1265635.104,59.99,2010,44,23.81,33.48
91553,Active,1534118,NA,NA,D,0,0,1175883.664,109,2008,26,8.6,42.98
91554,Active,1534050,NA,NA,D,0,0,2037761.18,119,2008,21,42.59,43.45
91555,Active,757881,NA,NA,D,1,0,3626366.371,75,2002,14,4,12.98
91556,Active,906174,NA,NA,D,0,0,3162726.6,145,1995,24,18.91,73.33
91557,Active,2611997,NA,NA,D,1,0,2265373.571,110,2000,15,37.61,96.67
91558,Active,2385398,NA,NA,D,4,1,1807363.363,42,1995,18,4,45.63
91559,Active,664800,NA,NA,D,1,0,1373089.153,225.82,2013,16,60.9,201.65
91560,Active,560889,NA,NA,D,1,0,3121646.148,176,2007,29,4,16.55
91561,Active,737056,NA,NA,D,0,0,6737145.223,85.95,1997,15,9.11,43.74
91562,Active,741289,NA,NA,D,4,1,2665253.008,53.99,2009,15,23.74,53.98
91563,Active,285127,NA,NA,D,7,1,2702417.65,14.94,2000,18,9.21,9.8
91564,Active,3530648,NA,NA,D,0,0,4987649.1,0,2006,0,0,0
91565,Active,1598042,NA,NA,D,8,1,2798755.855,99.95,2010,6,33.97,10.88
91566,Active,298894,NA,NA,D,1,0,718735.2825,218.95,2009,28,13.23,146.14
91567,Active,1517163,NA,NA,D,1,0,4624917.805,253.73,2013,10,103.57,194.78
91568,Active,542815,NA,NA,D,5,1,482753.9538,82.35,2011,39,4.98,68.37
91569,Active,1658214,NA,NA,D,1,0,5340381.251,44.39,2011,13,9.63,53.94
91570,Active,618464,NA,NA,D,0,0,1072246.231,27.57,2008,31,3.87,39.99
91571,Active,547744,NA,NA,D,1,0,808309.0488,109.8,1994,37,4,25.69
91572,Active,177190,NA,NA,D,6,1,3295228.576,182.95,2004,27,5.54,108.75
91573,Active,455466,NA,NA,D,5,1,4871649.183,134.95,2001,29,4.76,56.91
91574,Active,571942,NA,NA,D,1,0,276039.4938,53.95,2004,40,5.41,9.8
91575,Active,244105,NA,NA,D,9,1,224398.7038,181,2011,153,4,37.29
91576,Active,712305,NA,NA,D,5,1,822398.9275,97.35,2002,23,26.29,83.99
91577,Active,2625021,NA,NA,D,9,1,6337922.186,47.95,1992,17,4,51.39
91578,Active,922779,NA,NA,D,5,1,1004953.538,51.15,2005,80,3.99,20.86
91579,Active,2422610,NA,NA,D,0,0,3379590.471,51.15,1987,18,9.27,59.73
91580,Active,2696638,NA,NA,D,7,1,2393286.954,79.95,1995,19,6.97,57.83
91581,Active,897431,NA,NA,D,1,0,2228316.101,44.95,2008,19,17.36,57.43
91582,Active,1425360,NA,NA,D,0,0,5753536.115,15.99,2011,23,4.76,11.04
91583,Active,2179398,NA,NA,D,0,0,2398129.071,109,2009,17,84.17,78.13
91584,Active,2832581,NA,NA,D,1,0,7425835.364,169.95,2003,17,50.29,108.73
91585,Active,2536398,NA,NA,D,1,0,639605.1838,35.95,2000,52,29.05,339.06
91586,Active,2540638,NA,NA,D,2,1,2138079.818,43.95,2003,16,23.72,161.98
91587,Active,3516034,NA,NA,D,2,1,2097611.4,43.95,2009,16,32.52,203.41
91588,Active,2531399,NA,NA,D,0,0,267011.5775,48.95,1996,21,6.39,168.15
91589,Active,1543261,NA,NA,D,0,0,1658765.626,54.95,2014,11,53.98,53.29
91590,Active,2530195,NA,NA,D,0,0,946874.3138,43.95,1995,28,4.77,35.76
91591,Active,1541455,NA,NA,D,2,1,1131697.918,35.95,2010,23,38.14,361.82
91592,Active,1541456,NA,NA,D,2,1,2052219.525,15,2010,8,30.87,24.29
91593,Active,2538019,NA,NA,D,0,0,1637946.284,35.95,2005,20,24.81,169.09
91594,Active,3516046,NA,NA,D,2,1,10567195.1,54.95,2008,2,15.98,0
91595,Active,2529105,NA,NA,D,1,0,780626.3525,24.95,1993,18,4.87,54.01
91596,Active,2542541,NA,NA,D,0,0,2465918.345,35.95,2005,15,15.94,452.83
91597,Active,2541879,NA,NA,D,0,0,2305045.329,35.95,2005,10,4.97,28.93
91598,Active,2530980,NA,NA,D,0,0,1617608.274,29.95,1998,19,17.88,25.99
91599,Active,2529443,NA,NA,D,0,0,2280000.096,26.95,1994,27,4,48.87
91600,Active,2538439,NA,NA,D,1,0,540938.9263,35.95,2003,12,8.82,28.99
91601,Active,2542053,NA,NA,D,0,0,1176813.224,40.95,2003,3,19.82,19.57
91602,Active,1546700,NA,NA,D,3,1,831689.215,15,2011,6,14.7,15
91603,Active,2529734,NA,NA,D,0,0,4460214.65,59.95,1994,15,12.97,38.21
91604,Active,2529732,NA,NA,D,1,0,1099866.66,43.95,1994,21,5.15,53.41
91605,Active,2531386,NA,NA,D,0,0,5293379.2,35.95,1996,19,6.47,28.49
91606,Active,2531385,NA,NA,D,0,0,1524300.838,19.95,1996,23,4,47.32
91607,Active,2535759,NA,NA,D,2,1,5909226.453,49.95,2003,13,55.09,63.49
91608,Active,2531395,NA,NA,D,0,0,1614655.163,39.95,1996,17,11.5,63.54
91609,Active,2534041,NA,NA,D,1,0,802372.1,48.95,1999,19,22.12,90.24
91610,Active,2530758,NA,NA,D,0,0,3290698.496,44.95,1995,20,21.99,76.15
91611,Active,2533463,NA,NA,D,2,1,1494588.433,53.95,2001,22,8.27,121.74
91612,Active,1546181,NA,NA,D,3,1,776466.465,48.95,2011,5,36.86,15
91613,Active,2533697,NA,NA,D,2,1,4008028.675,48.95,1997,12,23.14,60.94
91614,Active,2536401,NA,NA,D,0,0,479605.4925,35.95,2001,18,4.98,503.96
91615,Active,2530199,NA,NA,D,0,0,4918205.2,69.95,1995,10,32.77,190.23
91616,Active,2529595,NA,NA,D,0,0,2475123.253,24.95,1994,29,4,7.99
91617,Active,909348,NA,NA,D,0,0,1294992.289,35.95,2004,16,15.94,78.08
91618,Active,1547663,NA,NA,D,2,1,681747.38,78.95,2011,10,35.99,136.81
91619,Active,2537252,NA,NA,D,0,0,1013152.858,39.95,2002,13,18.99,60.37
91620,Active,2532324,NA,NA,D,0,0,3047293.5,45.95,1996,29,9.97,57.15
91621,Active,2540633,NA,NA,D,0,0,1099920.174,15,2002,3,18.98,15
91622,Active,2533363,NA,NA,D,0,0,9489222.233,53.95,1997,10,11.16,71.53
91623,Active,1548848,NA,NA,D,0,0,1603828.293,15,2014,5,14.55,65.13
91624,Active,905898,NA,NA,D,2,1,2754098.975,24.95,1992,17,22.48,494.99
91625,Active,2529735,NA,NA,D,1,0,566628.2963,43.95,1994,22,9.03,50.1
91626,Active,1547626,NA,NA,D,0,0,897002.6338,35.95,2011,16,35.94,52.4
91627,Active,1554323,NA,NA,D,0,0,1304902.011,43.95,2008,19,47.89,47.94
91628,Active,2598657,NA,NA,D,0,0,4161378.899,154.99,1993,22,23.09,83.99
91629,Active,1924192,NA,NA,D,0,0,949882.445,44,2012,17,25.28,35.62
91630,Active,828339,NA,NA,D,0,0,2633394.833,46,1993,23,4,8.98
91631,Active,485014,NA,NA,D,4,1,1410675.996,37,2004,34,7.21,12.49
91632,Active,227518,NA,NA,D,1,0,2403625.158,37,2001,21,7.49,50.47
91633,Active,280289,NA,NA,D,1,0,4046914.891,219,2005,16,83.96,160.57
91634,Active,3833650,NA,NA,D,1,0,2667159.15,89.99,2006,29,17.89,68.79
91635,Active,531823,NA,NA,D,3,1,1467831.708,246,2010,18,100.44,114.52
91636,Active,656801,NA,NA,D,2,1,2347836.709,199,1989,24,5.22,73.15
91637,Active,2679223,NA,NA,D,0,0,1250415.145,180,1993,25,73.05,276.96
91638,Active,2400739,NA,NA,D,3,1,3448091.203,42.5,1994,27,4,74.83
91639,Active,829596,NA,NA,D,0,0,689136.215,53.5,1977,47,4.43,63.98
91640,Active,531821,NA,NA,D,6,1,1338337.51,49.99,2010,20,4.3,48.89
91641,Active,653631,NA,NA,D,0,0,834215.8338,39.95,1996,23,6.39,94.15
91642,Active,654589,NA,NA,D,0,0,2411546.798,179,2007,24,48.3,102.67
91643,Active,2855337,NA,NA,D,1,0,3755970.856,59.95,1999,17,27.17,63.27
91644,Active,3084137,NA,NA,D,3,1,1755435.118,44.95,2005,24,18.68,82.39
91645,Active,884785,NA,NA,D,1,0,4472058.98,59.99,2008,12,23.77,675
91646,Active,3066760,NA,NA,D,1,0,1222447.834,99,2001,14,20.77,511.95
91647,Active,2680133,NA,NA,D,1,0,5197315.155,157.5,1983,12,21.49,0
91648,Active,398123,NA,NA,D,0,0,1744515.795,50,2006,39,5.05,51.39
91649,Active,3042740,NA,NA,D,1,0,1237914.655,45,2005,34,7.11,92.07
91650,Active,1629825,NA,NA,D,4,1,3614474.873,147,2009,11,9.44,39.22
91651,Active,552912,NA,NA,D,1,0,328172.0688,100.4,2006,37,26.97,78.98
91652,Active,619939,NA,NA,D,0,0,323552.825,44.99,1982,25,20.21,34.93
91653,Active,910501,NA,NA,D,2,1,2905034.119,71.95,1996,21,4.64,46.33
91654,Active,643066,NA,NA,D,3,1,3226446.221,38.95,1994,17,6.38,28.99
91655,Active,2697841,NA,NA,D,2,1,4141052.314,203,2001,9,73.94,243.57
91656,Active,2853595,NA,NA,D,1,0,1913683.674,40,2001,20,10.96,36.55
91657,Active,2528988,NA,NA,D,0,0,5532871.155,165,1994,10,5.32,146.81
91658,Active,3152235,NA,NA,D,0,0,5510410.436,139,1997,12,38.6,38.62
91659,Active,2811547,NA,NA,D,0,0,1182359.398,40,1991,25,4.39,36
91660,Active,2129373,NA,NA,D,0,0,1606054.438,159,2009,25,69.24,50.69
91661,Active,2502522,NA,NA,D,0,0,1925885.839,124,2003,23,35.88,49.7
91662,Active,152669,NA,NA,D,0,0,2952539.191,159,2001,18,98.12,115.46
91663,Active,2324785,NA,NA,D,0,0,2082532.675,48,1995,15,12.81,126.8
91664,Active,3152478,NA,NA,D,1,0,587588.465,69.99,1997,27,22.83,54.4
91665,Active,907097,NA,NA,D,1,0,802457.4,59.95,2000,23,8.93,32.99
91666,Active,2621927,NA,NA,D,1,0,7969001.374,109.95,1995,9,20.31,139.11
91667,Active,897708,NA,NA,D,1,0,2859223.701,99.95,2004,14,23.84,69.98
91668,Active,757646,NA,NA,D,1,0,2835241.429,150,2004,16,33.98,145.23
91669,Active,883568,NA,NA,D,1,0,8592397.354,215,2004,18,40.64,150.11
91670,Active,2747599,NA,NA,D,0,0,698365.45,44.99,2000,13,25.36,30.99
91671,Active,850238,NA,NA,D,6,1,2151279.3,7.98,1999,34,3.99,10.93
91672,Active,256198,NA,NA,D,5,1,1954884.025,41.95,1998,21,10.25,26.99
91673,Active,3576562,NA,NA,D,0,0,706452.6,152.72,1977,32,31.63,73.99
91674,Active,270117,NA,NA,D,0,0,1370454.229,47,2010,20,11.99,256.35
91675,Active,270137,NA,NA,D,0,0,1274831.45,49,2011,22,10.08,28.99
91676,Active,872145,NA,NA,D,2,1,2415478.544,65.53,2006,15,4.45,65.11
91677,Active,581699,NA,NA,D,0,0,1819015.725,64.45,2006,22,5.48,52.69
91678,Active,265068,NA,NA,D,0,0,681213.9825,75,2011,44,4,33.99
91679,Active,3959908,NA,NA,D,0,0,7362974.45,46,1990,0,0,0
91680,Active,2259002,NA,NA,D,3,1,1067165.17,92.88,2009,30,14.59,105.97
91681,Active,888380,NA,NA,D,0,0,2663931.766,99.95,2008,17,55.07,93.99
91682,Active,657077,NA,NA,D,2,1,1557980.248,139.95,2010,22,22.15,92.48
91683,Active,600154,NA,NA,D,0,0,1831050.896,43,2010,19,5.17,19.96
91684,Active,2047349,NA,NA,D,0,0,2562885.523,60,2007,13,27.89,0
91685,Active,737182,NA,NA,D,0,0,7797380.981,39.95,2002,7,15.99,112.83
91686,Active,896393,NA,NA,D,0,0,4748060.921,565.02,1999,11,4.13,64.35
91687,Active,667612,NA,NA,D,1,0,2716289.086,94.99,2006,16,10.17,72.74
91688,Active,1593577,NA,NA,D,1,0,346883.46,99.99,2008,35,30.79,52.97
91689,Active,1705870,NA,NA,D,1,0,666803.38,69.95,2010,15,20.73,48.89
91690,Active,1555424,NA,NA,D,1,0,1890069.554,34.95,2014,16,15.59,26.99
91691,Active,146945,NA,NA,D,1,0,1668553.226,46.95,2002,31,4,14.29
91692,Active,751854,NA,NA,D,3,1,1797252.353,66.95,2009,14,19.04,43.75
91693,Active,3117659,NA,NA,D,2,1,5458199.925,160,1999,9,6.82,74.28
91694,Active,600573,NA,NA,D,1,0,742194.375,74,2009,29,19.02,62.21
91695,Active,2599943,NA,NA,D,0,0,1896178.333,52.99,1993,18,8.45,94.75
91696,Active,2795267,NA,NA,D,0,0,1949387.789,51,1989,33,4,74.02
91697,Active,1923445,NA,NA,D,0,0,1504479.969,59.99,2010,16,42.5,44.67
91698,Active,1470665,NA,NA,D,0,0,2017937.364,60,2008,16,25.79,38.77
91699,Active,650290,NA,NA,D,1,0,2761690.864,100,1996,26,13.72,69.19
91700,Active,3564375,NA,NA,D,4,1,8081569.95,39.95,1900,19,4,42.77
91701,Active,564700,NA,NA,D,5,1,2672278.73,39.95,2007,19,4,95.01
91702,Active,899648,NA,NA,D,2,1,3705004.868,59,2005,17,4.11,27.73
91703,Active,2538491,NA,NA,D,0,0,2596902.958,50.95,2002,22,4.69,37.94
91704,Active,3069018,NA,NA,D,0,0,4276400.634,36.95,2003,24,4,32.2
91705,Active,904751,NA,NA,D,1,0,4437152.996,35.96,1995,15,4.94,12.89
91706,Active,348582,NA,NA,D,1,0,2126650.578,111.95,2002,34,3.99,39.97
91707,Active,2611642,NA,NA,D,0,0,4231947.409,23.75,2000,23,4,9.99
91708,Active,2614490,NA,NA,D,0,0,3437913.856,115,2004,26,5.63,27.98
91709,Active,2339000,NA,NA,D,3,1,818800.2,55.4,1996,34,4,18.94
91710,Active,698475,NA,NA,D,4,1,1155727.8,78.86,2002,11,4,73.75
91711,Active,611689,NA,NA,D,0,0,1247934.859,95,2013,13,18.91,95
91712,Active,583001,NA,NA,D,1,0,2200713.828,55.7,1985,21,4,51.99
91713,Active,869427,NA,NA,D,5,1,110541.6763,80,2014,30,17.74,77.6
91714,Active,601470,NA,NA,D,3,1,1353347.926,33,2010,17,6.21,22.94
91715,Active,199258,NA,NA,D,1,0,1763398.571,49.95,2004,26,4,89.62
91716,Active,574638,NA,NA,D,1,0,1430438.049,59.95,2009,14,4.39,58.99
91717,Active,575114,NA,NA,D,0,0,2737860.848,100,2012,14,15.01,92.1
91718,Active,2421393,NA,NA,D,1,0,1556991.093,59.85,1971,32,4,90.62
91719,Active,557396,NA,NA,D,0,0,2518393.659,137,2007,42,4,44.99
91720,Active,156989,NA,NA,D,3,1,2043539.308,29.95,2002,30,4,8.94
91721,Active,830095,NA,NA,D,3,1,4658266.05,57.95,1999,15,4.97,33.98
91722,Active,549858,NA,NA,D,0,0,3509003.659,50.15,2000,36,4.35,50.03
91723,Active,104139,NA,NA,D,1,0,1195084.159,89.15,2000,24,4.31,28.49
91724,Active,630291,NA,NA,D,0,0,759439.7975,44.95,2003,21,6.36,38.94
91725,Active,765150,NA,NA,D,5,1,3725909.58,49.95,1999,35,4,9.99
91726,Active,213164,NA,NA,D,1,0,2620699.743,230,2004,23,43.07,129.04
91727,Active,177710,NA,NA,D,1,0,3101150.201,96.95,2003,16,4.37,11.7
91728,Active,3130014,NA,NA,D,4,1,1354411.549,64.95,2000,15,23.99,65.58
91729,Active,2259006,NA,NA,D,2,1,966521.5138,108.99,2010,37,8.99,71.12
91730,Active,655784,NA,NA,D,2,1,5514100.304,48,2005,12,4,10.93
91731,Active,1657787,NA,NA,D,3,1,5012674.021,53.89,2010,13,4,72.85
91732,Active,596684,NA,NA,D,1,0,1392538.81,40,1999,36,3.99,12.99
91733,Active,264065,NA,NA,D,2,1,1050784.058,36.95,2005,36,4,13.99
91734,Active,2625266,NA,NA,D,4,1,3439805.779,86.95,1996,16,4.09,7.74
91735,Active,860676,NA,NA,D,2,1,1853991.72,47,2012,20,4.99,0
91736,Active,2551585,NA,NA,D,2,1,4863612.758,57.95,2004,17,4.98,37.42
91737,Active,139696,NA,NA,D,0,0,950983.8475,84.95,2003,27,13.03,30.97
91738,Active,621519,NA,NA,D,1,0,342277.5188,107,1994,27,5.06,46.68
91739,Active,531799,NA,NA,D,13,1,368097.2113,55.95,2012,52,5.98,9.39
91740,Active,287605,NA,NA,D,1,0,1538901.486,313.75,2009,23,23.68,173.97
91741,Active,697230,NA,NA,D,2,1,952288.1525,69.95,1997,23,4.78,45.95
91742,Active,2531369,NA,NA,D,0,0,5550862.448,188,1995,15,10.87,170.22
91743,Active,2538198,NA,NA,D,2,1,1550906.121,43.95,2003,27,5.21,21.97
91744,Active,868448,NA,NA,D,1,0,7210896.011,54.99,1989,8,7.09,0
91745,Active,1682621,NA,NA,D,1,0,1780696.066,103.95,2007,21,4,61.17
91746,Active,778091,NA,NA,D,1,0,3766584.141,42.95,1998,18,4,28.99
91747,Active,903231,NA,NA,D,2,1,1983774.063,44.99,2000,18,7.21,31.98
91748,Active,565071,NA,NA,D,1,0,639326.0675,44.95,2006,25,7.67,23.65
91749,Active,871823,NA,NA,D,1,0,3192349.743,140,2006,17,4.63,54.35
91750,Active,2840774,NA,NA,D,1,0,3451620.59,67.95,1996,26,4,13.99
91751,Active,130715,NA,NA,D,2,1,2382578.85,42,1995,30,4,12.2
91752,Active,858691,NA,NA,D,1,0,2182702.469,171.95,1999,27,4.39,33.99
91753,Active,2490403,NA,NA,D,1,0,8976394.211,42.95,1994,26,4.36,38.76
91754,Active,616367,NA,NA,D,6,1,434261.0888,206,2012,80,9.4,86.41
91755,Active,2882566,NA,NA,D,0,0,8026879.838,90,2003,9,5.45,99.21
91756,Active,437809,NA,NA,D,0,0,2517009.815,115,2005,19,18.98,72.69
91757,Active,60213,NA,NA,D,1,0,2284577.82,114.95,2000,43,4,16.16
91758,Active,2579412,NA,NA,D,0,0,2133389.73,80.95,1992,41,4,45.4
91759,Active,910484,NA,NA,D,3,1,3239192.229,52.88,1993,20,4,12.94
91760,Active,2610657,NA,NA,D,1,0,4872850.783,96,1999,21,4.98,5.77
91761,Active,3504334,NA,NA,D,6,1,1603127.6,79.95,2014,5,0,66.93
91762,Active,1518238,NA,NA,D,3,1,2721304.535,76.95,2009,6,19.21,29.74
91763,Active,716825,NA,NA,D,1,0,3185569.494,70,1997,26,4,74.57
91764,Active,3461087,NA,NA,D,7,1,4496543.589,619.47,2001,20,4.99,390.31
91765,Active,614824,NA,NA,D,0,0,2985499.951,63.6,1999,43,4,8.94
91766,Active,1856428,NA,NA,D,0,0,347683.0225,39.99,2007,18,22.08,29.45
91767,Active,2608854,NA,NA,D,1,0,1949910.258,195,2000,26,17.27,81.24
91768,Active,901464,NA,NA,D,1,0,3023157.454,350,1993,14,9.75,101.71
91769,Active,2527055,NA,NA,D,1,0,1837688.484,465,1997,17,6.61,139.23
91770,Active,2528346,NA,NA,D,0,0,4991558.491,125,1993,18,62.69,147.41
91771,Active,184221,NA,NA,D,1,0,3107774.463,131.95,1999,23,4.13,69.81
91772,Active,645304,NA,NA,D,1,0,897288.865,207,2011,19,37.38,84.46
91773,Active,1470264,NA,NA,D,2,1,2688916.931,89.95,2009,27,4.98,63.33
91774,Active,1475398,NA,NA,D,3,1,1374114.28,65,2012,14,8,131.33
91775,Active,2418665,NA,NA,D,0,0,6026230.249,65,2002,18,4.97,66.35
91776,Active,905066,NA,NA,D,0,0,6694261.723,46.95,1996,14,5.06,23.99
91777,Active,1719081,NA,NA,D,0,0,5081525.684,144,2007,14,5.18,102.77
91778,Active,624256,NA,NA,D,0,0,685626.38,46.95,2008,26,5.93,40.98
91779,Active,622073,NA,NA,D,0,0,476852.7275,105,2003,22,9.18,53.97
91780,Active,721227,NA,NA,D,1,0,3182924.814,145,2006,13,28.95,132.37
91781,Active,630725,NA,NA,D,1,0,943942.245,65,2009,20,18.72,66.16
91782,Active,2310324,NA,NA,D,0,0,4279062.254,76,1988,20,4,73.19
91783,Active,890055,NA,NA,D,0,0,4330856.666,329,2007,20,69.54,156.51
91784,Active,657544,NA,NA,D,0,0,671240.815,38,2007,16,35.89,0
91785,Active,2490013,NA,NA,D,5,1,6322399.081,36.69,2001,42,4.4,34.06
91786,Active,558056,NA,NA,D,2,1,2820115.519,42,2007,19,11.58,12.99
91787,Active,2502331,NA,NA,D,0,0,1202235.351,199,1998,26,8.85,21.4
91788,Active,2590438,NA,NA,D,0,0,1751376.786,74.95,1980,19,5.97,120.06
91789,Active,616635,NA,NA,D,1,0,1473999.273,39.95,2008,40,4,27.09
91790,Active,634085,NA,NA,D,1,0,1363463.9,124.47,2012,23,34.1,109.95
91791,Active,2261733,NA,NA,D,0,0,2928605.315,0,2010,31,7.46,79.68
91792,Active,902955,NA,NA,D,2,1,2358751.968,110,2009,15,10.33,56.98
91793,Active,713590,NA,NA,D,1,0,2453371.031,103,2001,21,5.99,63.99
91794,Active,564480,NA,NA,D,0,0,2826274.815,63.95,2000,14,11.79,43.99
91795,Active,197198,NA,NA,D,0,0,1160324.528,64.95,2004,14,11.74,45.89
91796,Active,868365,NA,NA,D,1,0,1802946.049,59.95,2001,54,4,13.93
91797,Active,295400,NA,NA,D,2,1,3740697.569,37,2004,67,4,38.99
91798,Active,534090,NA,NA,D,6,1,1444893.023,108.36,1998,31,4,20.99
91799,Active,262593,NA,NA,D,0,0,2249327.275,29.95,2000,26,4,23.94
91800,Active,1540749,NA,NA,D,4,1,6556780.874,63.95,2008,13,6.39,79.65
91801,Active,324967,NA,NA,D,1,0,615932.5525,119.68,1997,25,4.35,53.74
91802,Active,3616505,NA,NA,D,2,1,4377468.3,150,2005,14,85.1,313.17
91803,Active,2189160,NA,NA,D,1,0,1504303.971,69.99,2012,16,46.55,50.11
91804,Active,2238254,NA,NA,D,2,1,349596.0025,24.99,2006,20,19.95,23.97
91805,Active,1588873,NA,NA,D,1,0,4094241.269,72.75,2009,6,41.57,61.89
91806,Active,1588871,NA,NA,D,1,0,3129040.991,75.5,2009,9,30.33,62.81
91807,Active,1655312,NA,NA,D,0,0,1606783.439,75,2007,30,7.05,47.98
91808,Active,718350,NA,NA,D,1,0,1629960.121,155,1997,26,18.98,65.37
91809,Active,2694202,NA,NA,D,0,0,3312570.391,103.59,2005,14,4.29,73.98
91810,Active,649987,NA,NA,D,1,0,285258.8563,150,2011,45,84.06,71.75
91811,Active,1467572,NA,NA,D,0,0,2159752.409,76.55,2007,17,4.94,68.63
91812,Active,3073374,NA,NA,D,4,1,899395.525,79.95,2004,15,19.3,192.08
91813,Active,543065,NA,NA,D,6,1,40323.79,125,2013,43,13.01,89.08
91814,Active,1927430,NA,NA,D,1,0,179174.4938,49.99,2010,13,19.98,19.36
91815,Active,2054294,NA,NA,D,0,0,1142692.099,54.95,2008,32,18.95,45.17
91816,Active,1927431,NA,NA,D,4,1,419161.2988,54.99,2010,12,32,36.51
91817,Active,1588863,NA,NA,D,1,0,2457890.614,72.75,2008,6,24.1,37.84
91818,Active,908186,NA,NA,D,0,0,1771335.763,79.95,1996,26,5.19,23
91819,Active,775384,NA,NA,D,0,0,2135739.701,199,2011,13,35.8,78.35
91820,Active,519851,NA,NA,D,0,0,5723404.554,165,2008,13,9.38,59.37
91821,Active,797583,NA,NA,D,1,0,695052.5675,57.95,2003,32,9.01,13.99
91822,Active,3596027,NA,NA,D,0,0,975577.55,44.95,2003,28,9.68,58.59
91823,Active,2339392,NA,NA,D,0,0,2285566.05,123.8,1995,18,4.77,51.43
91824,Active,258390,NA,NA,D,0,0,437060.0563,98.5,2003,32,17.99,51.98
91825,Active,100265,NA,NA,D,7,1,2505503.654,165,2010,14,7.75,101.18
91826,Active,866362,NA,NA,D,1,0,238625.8038,44.99,2010,17,30,35.06
91827,Active,702125,NA,NA,D,0,0,1917946.438,26,2011,20,6.61,0
91828,Active,1460136,NA,NA,D,0,0,3070016.474,68.78,2007,13,8.17,55.13
91829,Active,702093,NA,NA,D,3,1,1481146.955,32,2010,18,11.02,85.88
91830,Active,1588861,NA,NA,D,1,0,3838619.655,75.5,2008,12,9.37,54.36
91831,Active,3543124,NA,NA,D,0,0,2007927.15,124.95,1900,16,12.23,47.99
91832,Active,690919,NA,NA,D,3,1,1916318.498,27,1997,18,25.27,139.53
91833,Active,3150621,NA,NA,D,1,0,3964824.691,59.95,2005,10,32.15,131.54
91834,Active,563105,NA,NA,D,1,0,3282530.261,69.95,2007,13,29.99,37.53
91835,Active,778212,NA,NA,D,4,1,1612907.146,97.95,2000,25,8.62,42.94
91836,Active,657033,NA,NA,D,0,0,1369496.004,178,2009,51,4.81,15
91837,Active,737239,NA,NA,D,4,1,2145674.056,135,2004,22,4,114.89
91838,Active,2129300,NA,NA,D,0,0,1804800.764,339,2008,13,130.7,130.8
91839,Active,2502744,NA,NA,D,0,0,2488934.164,109,1997,23,35.85,53.99
91840,Active,2602571,NA,NA,D,0,0,3141486.664,44.99,1997,20,20.44,102.05
91841,Active,3467557,NA,NA,D,1,0,3779190.3,57.45,1970,32,6.38,65.33
91842,Active,3073786,NA,NA,D,0,0,3150200.985,65,2003,15,25.98,67.68
91843,Active,2539009,NA,NA,D,1,0,6626465.908,195,2001,11,10.05,189.25
91844,Active,336422,NA,NA,D,1,0,2183354.109,56.95,2000,21,4.85,58.93
91845,Active,134974,NA,NA,D,1,0,1218785.964,100,2010,24,24.9,64.77
91846,Active,2598793,NA,NA,D,0,0,3043397.01,83.99,1997,17,4.19,73.93
91847,Active,2428736,NA,NA,D,1,0,800061.1013,55,1994,25,4,26.18
91848,Active,510537,NA,NA,D,0,0,2273978.389,109,2005,21,46.22,71.49
91849,Active,1748417,NA,NA,D,1,0,1001194.758,60,2008,11,50.64,50.64
91850,Active,192729,NA,NA,D,1,0,1968591.416,125,1999,21,5.3,53.99
91851,Active,803848,NA,NA,D,1,0,2667781.823,130,2006,19,17.74,40.63
91852,Active,789430,NA,NA,D,1,0,3076345.846,185,2005,18,4.27,71.48
91853,Active,896503,NA,NA,D,1,0,7886847.241,69,1999,14,4,31.87
91854,Active,2680598,NA,NA,D,2,1,9167358.42,149,1990,14,4.35,82.15
91855,Active,132719,NA,NA,D,1,0,2639486.291,88.67,2007,15,12.49,40
91856,Active,718250,NA,NA,D,1,0,1314192.228,110,1999,31,4.05,62.19
91857,Active,920375,NA,NA,D,0,0,4976065.646,53.6,2003,35,4,4.97
91858,Active,908482,NA,NA,D,0,0,2370229.78,50.95,1997,21,4,47.49
91859,Active,2898106,NA,NA,D,1,0,1874235.133,59.95,1986,13,15.04,23.74
91860,Active,822233,NA,NA,D,2,1,7901926.703,26.95,1988,20,4.66,6.99
91861,Active,265148,NA,NA,D,2,1,1288672.725,86,2004,34,6.78,31.65
91862,Active,3248683,NA,NA,D,4,1,628129.6925,79.5,2005,41,11.6,90.5
91863,Active,661210,NA,NA,D,0,0,856496.6875,52.5,2010,26,12.03,29.87
91864,Active,2699549,NA,NA,D,1,0,3311930.445,62.95,1997,12,69.92,103.63
91865,Active,266318,NA,NA,D,1,0,1776489.701,89.99,2007,14,26.09,69.97
91866,Active,634894,NA,NA,D,0,0,2137546.543,369,2010,18,32.86,32.87
91867,Active,758463,NA,NA,D,2,1,4138665.085,250,1999,21,6.55,74.27
91868,Active,531721,NA,NA,D,6,1,370249.3075,179,2012,27,83.94,93.97
91869,Active,826244,NA,NA,D,3,1,9337568.224,38.95,1997,12,5.33,30.83
91870,Active,803812,NA,NA,D,1,0,2466940.093,142,2007,20,9.43,84.39
91871,Active,778618,NA,NA,D,2,1,1682247.685,68.95,2007,14,11.49,73.13
91872,Active,797522,NA,NA,D,2,1,2593351.223,123.95,2003,23,5.17,17.74
91873,Active,908448,NA,NA,D,0,0,1539513.563,73.99,1989,23,4,73.13
91874,Active,789327,NA,NA,D,5,1,3838176.684,64.95,2004,10,4.97,49.04
91875,Active,642374,NA,NA,D,1,0,337650.3125,99.99,2011,22,62.93,0
91876,Active,121229,NA,NA,D,2,1,169101.5988,160.4,2011,35,69.93,139.22
91877,Active,657693,NA,NA,D,1,0,1775042.571,346,2004,21,75.32,151.35
91878,Active,2875342,NA,NA,D,2,1,3299154.485,126,1996,16,4.07,66.21
91879,Active,904213,NA,NA,D,0,0,3549192.415,235,2003,18,8.94,64.83
91880,Active,899813,NA,NA,D,0,0,4481800.855,58,1986,17,6.44,60.73
91881,Active,1766080,NA,NA,D,0,0,2286671.914,94.99,2013,15,33.77,77.2
91882,Active,206807,NA,NA,D,1,0,1455051.479,49.99,2009,35,4,7.98
91883,Active,531709,NA,NA,D,1,0,1314721.894,99.97,2009,21,6.46,13.99
91884,Active,527954,NA,NA,D,4,1,158669.7438,83.5,2012,68,8.14,40.96
91885,Active,541833,NA,NA,D,1,0,819664.8075,59.99,2010,41,4,13.99
91886,Active,1688697,NA,NA,D,1,0,2001291.653,99.99,2012,6,34.97,78.99
91887,Active,689709,NA,NA,D,1,0,989515.99,29.99,2011,12,5.56,14.98
91888,Active,2869281,NA,NA,D,1,0,598420.6063,95,1991,32,4,40.04
91889,Active,152658,NA,NA,D,1,0,2990219.306,99,2001,19,4,15.47
91890,Active,764972,NA,NA,D,2,1,1613080.42,37.95,1999,27,3.85,78.73
91891,Active,628172,NA,NA,D,0,0,2098947.694,124,2006,25,8.48,44
91892,Active,2344745,NA,NA,D,0,0,3034179.136,70,1989,24,4.79,34.95
91893,Active,755267,NA,NA,D,1,0,3918420.685,140,2004,15,13.92,60.23
91894,Active,2178334,NA,NA,D,0,0,6638630.324,89.95,2008,21,51.89,58.58
91895,Active,760848,NA,NA,D,1,0,4899054.425,187,2002,18,53.75,66.39
91896,Active,2613402,NA,NA,D,0,0,2561051.448,82,2003,18,14.47,55.99
91897,Active,2615105,NA,NA,D,0,0,4760599.339,111,2005,15,33.02,43.98
91898,Active,581447,NA,NA,D,0,0,1842167.638,89.95,2002,35,40,68.91
91899,Active,2347576,NA,NA,D,0,0,686558.775,58.14,1995,26,7.95,52.69
91900,Active,882270,NA,NA,D,2,1,1417515.174,159,1996,17,72.88,264.57
91901,Active,572925,NA,NA,D,3,1,2655468.398,52,1987,25,4,38.99
91902,Active,635330,NA,NA,D,0,0,1244733.603,99,2004,26,28.37,61.25
91903,Active,152814,NA,NA,D,0,0,422080.2638,169,2000,25,77.29,90.93
91904,Active,2247960,NA,NA,D,22,1,1006334,162.17,2007,10,145.83,145.84
91905,Active,163289,NA,NA,D,1,0,4526654.795,80,2003,18,4,44.43
91906,Active,659907,NA,NA,D,0,0,2162828.574,79.95,2013,18,28.99,42.98
91907,Active,3076932,NA,NA,D,1,0,1475224.23,132.95,2003,20,4.8,55.01
91908,Active,638085,NA,NA,D,1,0,3098020.429,135,1999,22,19.61,21.47
91909,Active,2173916,NA,NA,D,0,0,2019744.879,69.99,2013,37,48.99,49.95
91910,Active,2188638,NA,NA,D,0,0,3683433.524,99,2010,15,44.74,98.6
91911,Active,2424206,NA,NA,D,0,0,1578983.444,60,1990,20,15.18,93.31
91912,Active,2424684,NA,NA,D,0,0,3505140.858,50.2,1988,15,23.97,52.94
91913,Active,2605660,NA,NA,D,0,0,1790300.956,48.99,2000,42,4,8.95
91914,Active,2188580,NA,NA,D,0,0,2400023.931,209,2010,21,156.18,152.52
91915,Active,2129360,NA,NA,D,0,0,1677489.121,169,2008,23,114.89,75.26
91916,Active,788651,NA,NA,D,3,1,3209029.863,325,1998,14,14.14,282.74
91917,Active,894219,NA,NA,D,0,0,5317751.393,80,2003,18,15.3,68.73
91918,Active,641942,NA,NA,D,0,0,1855678.996,69.27,1997,26,4.94,60.59
91919,Active,586761,NA,NA,D,7,1,727447.4988,168.38,2006,32,4.98,0
91920,Active,586760,NA,NA,D,0,0,1595148.819,28.99,2004,22,15.94,0
91921,Active,2609900,NA,NA,D,0,0,1272836.605,125,2000,29,4.89,28.39
91922,Active,2576820,NA,NA,D,1,0,7883412.436,165,1989,13,4.94,50.9
91923,Active,1594327,NA,NA,D,1,0,1315381.893,110,2008,33,9.99,50.5
91924,Active,598519,NA,NA,D,1,0,3186143.058,49.95,2005,24,4,8.48
91925,Active,2389093,NA,NA,D,1,0,1787570.848,23.2,1996,26,4,92.09
91926,Active,634751,NA,NA,D,1,0,511470.8913,104.95,2010,27,11.49,38.99
91927,Active,225897,NA,NA,D,1,0,1795995.11,109.95,2005,17,14.61,82.61
91928,Active,614374,NA,NA,D,1,0,1926746.709,77.2,2009,38,4.12,8.56
91929,Active,2238257,NA,NA,D,5,1,680700.25,55.5,2010,17,14.04,16.73
91930,Active,911539,NA,NA,D,2,1,8131744.784,66.76,1990,17,4.3,58.25
91931,Active,225684,NA,NA,D,4,1,1540445.783,109.95,2007,14,6.39,28.94
91932,Active,206829,NA,NA,D,2,1,351920.3125,79.99,2011,38,31.99,50.24
91933,Active,2389134,NA,NA,D,0,0,7553507.768,60,1998,18,5.92,67.18
91934,Active,345595,NA,NA,D,4,1,8350907.875,70,1998,18,5,42.09
91935,Active,2434827,NA,NA,D,0,0,1885207.411,50.95,1998,24,6.28,51.41
91936,Active,728034,NA,NA,D,0,0,3329187.713,106.2,2001,24,4.34,20.08
91937,Active,2225438,NA,NA,D,0,0,5454034.198,106.07,2007,12,8.57,21.26
91938,Active,552499,NA,NA,D,0,0,675464.1375,86.67,1991,21,4,4.58
91939,Active,3474738,NA,NA,D,1,0,1692933.1,86,1994,22,4,25.87
91940,Active,576768,NA,NA,D,3,1,2369747.349,78.58,2008,34,4,0
91941,Active,113062,NA,NA,D,1,0,3170192.561,65.95,2005,22,6.45,13.94
91942,Active,2427762,NA,NA,D,0,0,1685403.266,44.99,1993,62,4,7.95
91943,Active,576769,NA,NA,D,3,1,1702194.69,0,2008,44,4,14.15
91944,Active,2408086,NA,NA,D,2,1,3443317.745,24.95,1997,36,4,18.99
91945,Active,128680,NA,NA,D,1,0,2851447.175,85,2007,17,11.98,43.98
91946,Active,2559668,NA,NA,D,2,1,4265242.079,77.38,1981,17,4,60.19
91947,Active,2564164,NA,NA,D,0,0,9422040.2,0,1974,19,3.99,55.91
91948,Active,254801,NA,NA,D,2,1,3894447.338,47.95,1996,22,4,72.33
91949,Active,539679,NA,NA,D,2,1,2514744.688,31.95,1997,20,4.87,38.31
91950,Active,2565045,NA,NA,D,2,1,5847860.018,96.2,1982,24,4,93.83
91951,Active,793423,NA,NA,D,0,0,593616.1838,84.95,2002,30,4,53.65
91952,Active,109108,NA,NA,D,1,0,2360627.449,72.75,2004,31,4,5.98
91953,Active,704317,NA,NA,D,1,0,2474599.686,251.23,2004,19,6.69,47.59
91954,Active,713833,NA,NA,D,1,0,1189537.239,115,2000,16,4.31,23.19
91955,Active,124553,NA,NA,D,1,0,1577242.96,75,2002,24,4.69,10.83
91956,Active,61147,NA,NA,D,8,1,915769.4925,167.8,2005,118,4,4
91957,Active,2418451,NA,NA,D,1,0,3344745.705,115,2001,19,20.13,65.67
91958,Active,609319,NA,NA,D,2,1,1438200.965,120,2003,57,4.15,12.99
91959,Active,726719,NA,NA,D,2,1,3072523.331,121.57,1989,18,28.99,119.69
91960,Active,904458,NA,NA,D,0,0,2358898.446,43.95,2005,20,4.35,23.98
91961,Active,280590,NA,NA,D,0,0,2047257.343,79.95,2007,24,31.94,42.83
91962,Active,581505,NA,NA,D,2,1,1372610.071,55.5,1993,23,6.48,50.88
91963,Active,720097,NA,NA,D,1,0,2530714.128,95,2002,24,18.24,73.89
91964,Active,114019,NA,NA,D,0,0,1053517.135,24,2003,46,4,0
91965,Active,916384,NA,NA,D,1,0,3215823.604,54.95,1989,23,13.73,57.13
91966,Active,756444,NA,NA,D,2,1,2857696.103,102.95,2014,15,65.37,0
91967,Active,760117,NA,NA,D,1,0,2048387.208,189.95,2004,23,4,48.69
91968,Active,757441,NA,NA,D,2,1,2490710.139,130,1998,28,4.14,72
91969,Active,3525261,NA,NA,D,1,0,1942277.65,65,2010,0,0,0
91970,Active,2875307,NA,NA,D,1,0,1546422.638,41.95,2000,23,6.99,52.95
91971,Active,2402795,NA,NA,D,0,0,13366777.63,0,1977,12,4.59,78.03
91972,Active,2402796,NA,NA,D,0,0,1820998.65,56.9,1977,24,4.57,60.61
91973,Active,891125,NA,NA,D,1,0,1907643.899,53.95,1991,14,5.48,135.83
91974,Active,889306,NA,NA,D,0,0,4603019.49,31,1990,10,11.16,25.77
91975,Active,629887,NA,NA,D,1,0,1620044.541,45,2004,40,6.34,38.99
91976,Active,868082,NA,NA,D,1,0,867317.8238,32.95,1981,26,38,84.81
91977,Active,2344665,NA,NA,D,3,1,3524301.77,99.5,1993,25,4.12,48.99
91978,Active,2593370,NA,NA,D,0,0,8226505.861,54.95,1986,16,6.39,52.47
91979,Active,175741,NA,NA,D,0,0,3113619.09,105,2006,15,22.11,79.49
91980,Active,2325723,NA,NA,D,3,1,1350219.438,342.9,1977,20,4,96.9
91981,Active,913570,NA,NA,D,6,1,3645319.038,33.93,1988,20,4,39.97
91982,Active,2398011,NA,NA,D,3,1,9632224.615,46.22,1988,16,4.25,90.66
91983,Active,298266,NA,NA,D,0,0,2225315.121,43.95,2007,23,4.13,17.24
91984,Active,255343,NA,NA,D,1,0,2505928.646,73.5,2002,27,4,42.57
91985,Active,2853518,NA,NA,D,1,0,7846621.515,29.99,2005,14,8.07,80.58
91986,Active,2175151,NA,NA,D,0,0,1188559.19,59.99,2014,14,43.43,43.51
91987,Active,2698471,NA,NA,D,1,0,7801926.896,44.95,2003,16,4.27,33.94
91988,Active,2595103,NA,NA,D,1,0,2322474.835,99.99,1987,20,5.61,73.49
91989,Active,265625,NA,NA,D,1,0,982961.0263,70,2005,28,4.75,7.72
91990,Active,2752038,NA,NA,D,1,0,961644.0375,79.99,2000,43,4.35,53.98
91991,Active,700016,NA,NA,D,1,0,4784780.574,125,2002,12,31.32,155.97
91992,Active,717369,NA,NA,D,1,0,2519837.168,67.95,1997,25,4,45.15
91993,Active,3594963,NA,NA,D,0,0,7576767.95,220,2003,22,16.21,190.46
91994,Active,800217,NA,NA,D,0,0,3801464.246,139,2006,20,17.55,98.82
91995,Active,916555,NA,NA,D,0,0,753984.21,45.95,2009,20,7.75,25.99
91996,Active,737224,NA,NA,D,4,1,3591227.26,28.5,2003,12,5.37,19.49
91997,Active,2276312,NA,NA,D,0,0,2618539.95,0,2009,8,0,0
91998,Active,889447,NA,NA,D,0,0,7982132.866,65,1997,14,4,27.99
91999,Active,1677952,NA,NA,D,0,0,1375627.201,47.95,2013,25,12.32,42.05
92000,Active,1730564,NA,NA,D,5,1,3135756.975,130,2008,17,4.21,72.67
92001,Active,173569,NA,NA,D,1,0,1328156.783,54.99,1995,50,4,18.98
92002,Active,650060,NA,NA,D,1,0,1331682.144,47,2010,44,4,6.25
92003,Active,2527370,NA,NA,D,1,0,1224742.768,36.95,1992,19,7.37,66.71
92004,Active,883194,NA,NA,D,0,0,4717285.313,45,2003,16,9.12,142.57
92005,Active,753383,NA,NA,D,1,0,731346.3788,40,2010,31,4.23,53.39
92006,Active,885935,NA,NA,D,0,0,2666347.265,27.64,2011,23,4,0
92007,Active,3793671,NA,NA,D,0,0,4748858.15,44.95,2003,24,4,9.94
92008,Active,265686,NA,NA,D,1,0,1338221.521,90,2008,42,4.55,16
92009,Active,580704,NA,NA,D,1,0,1219548.703,37,2009,36,4,9.27
92010,Active,615584,NA,NA,D,1,0,1343224.811,91,2011,39,6.04,24.12
92011,Active,2646696,NA,NA,D,1,0,4298341.011,34.95,1991,29,4,15.83
92012,Active,911901,NA,NA,D,0,0,1550477.57,99.95,2013,16,4.42,8.57
92013,Active,671838,NA,NA,D,6,1,542547.3225,63.49,2005,45,13.06,123.98
92014,Active,720495,NA,NA,D,0,0,1083376.333,82,2005,29,13.99,61.65
92015,Active,124665,NA,NA,D,1,0,69957.845,11.95,2005,43,6.69,7.24
92016,Active,262645,NA,NA,D,4,1,2330756.178,30.95,2003,22,4,57.14
92017,Active,2601173,NA,NA,D,0,0,1927811.503,120,1994,19,36.19,102.43
92018,Active,3059267,NA,NA,D,0,0,2286564.125,18.95,1996,18,19.59,20.6
92019,Active,2586319,NA,NA,D,0,0,7205621.639,58,2004,16,5.66,86.26
92020,Active,2613087,NA,NA,D,0,0,13459292.95,130,2004,13,7.42,86.63
92021,Active,667450,NA,NA,D,0,0,868960.6375,49.95,2010,21,4.71,45.6
92022,Active,128365,NA,NA,D,0,0,721564.635,71,2006,31,21.49,0
92023,Active,641483,NA,NA,D,1,0,198876.9038,90,2010,56,4.34,60
92024,Active,292628,NA,NA,D,1,0,2333326.245,99,1997,14,61.07,137.07
92025,Active,1844991,NA,NA,D,14,1,4017667.484,92.5,2006,23,4.97,190.26
92026,Active,913630,NA,NA,D,5,1,6031584.4,61.95,2004,35,4.36,43.83
92027,Active,374269,NA,NA,D,1,0,1358813.485,35.95,2000,20,32.87,0
92028,Active,889957,NA,NA,D,0,0,3796614.395,60,2006,18,17.98,123.48
92029,Active,723252,NA,NA,D,1,0,2774624.5,95,2009,19,17.31,48.58
92030,Active,914745,NA,NA,D,5,1,6448574.709,79.95,2009,33,4.81,18.99
92031,Active,427140,NA,NA,D,4,1,3752464.91,65,2006,25,4.75,58.77
92032,Active,631322,NA,NA,D,0,0,1305820.491,121.95,2009,21,4,7.02
92033,Active,882957,NA,NA,D,0,0,4813439.824,45.95,2002,8,31.72,0
92034,Active,581664,NA,NA,D,4,1,5562973.294,26.96,2002,7,10.92,11.99
92035,Active,613547,NA,NA,D,0,0,1003806.531,156,2008,48,4,18.24
92036,Active,651589,NA,NA,D,5,1,4804402.411,110,2002,12,5.95,82.79
92037,Active,143471,NA,NA,D,5,1,2559978.736,27.5,2002,31,4,18.61
92038,Active,3796189,NA,NA,D,2,1,6759769,90,2006,19,4.63,68.01
92039,Active,1474814,NA,NA,D,1,0,4474487.543,100,2012,14,38.87,72.06
92040,Active,268233,NA,NA,D,2,1,5024228.54,65,2004,11,8.9,16.93
92041,Active,625892,NA,NA,D,0,0,503616.905,199,2005,27,115.29,117.35
92042,Active,531616,NA,NA,D,2,1,2222942.294,50.95,2009,18,4.25,41.35
92043,Active,653672,NA,NA,D,2,1,770733.715,67.95,1997,25,47.14,0
92044,Active,2172819,NA,NA,D,3,1,217494.4538,77,2013,19,58.48,63.16
92045,Active,3156604,NA,NA,D,1,0,949072.515,67.95,2005,17,51.49,183.76
92046,Active,616314,NA,NA,D,1,0,2367855.399,59.99,1994,24,4,60.13
92047,Active,2608232,NA,NA,D,0,0,2413109.438,124.99,1999,30,11.42,14.97
92048,Active,2596047,NA,NA,D,0,0,3921856.7,49.95,1990,18,4,113.47
92049,Active,899746,NA,NA,D,2,1,3470385.798,197.6,1986,18,4.94,50.53
92050,Active,2238563,NA,NA,D,3,1,256368.6863,16.97,2010,23,15.41,16.41
92051,Active,895526,NA,NA,D,0,0,1301200.226,69.95,1990,24,5.25,291.91
92052,Active,2574278,NA,NA,D,1,0,1785328.401,63.95,1981,24,6.38,75.69
92053,Active,1865724,NA,NA,D,0,0,2043525.226,99.95,2006,12,19.11,20.82
92054,Active,2564808,NA,NA,D,1,0,7105303.08,76.79,1973,17,6.24,69.71
92055,Active,2335635,NA,NA,D,2,1,5731193.956,93.12,1973,15,5.18,48.32
92056,Active,2565614,NA,NA,D,0,0,7394736.994,0,1974,15,4,0
92057,Active,2568258,NA,NA,D,1,0,6582080.305,98.95,1978,25,7.98,69.87
92058,Active,1651385,NA,NA,D,1,0,2922527.518,39.95,2006,14,8.93,79.07
92059,Active,106080,NA,NA,D,4,1,382051.1763,110,2005,20,9.98,53.39
92060,Active,2226051,NA,NA,D,2,1,662510.8225,24,2011,7,21.49,24.63
92061,Active,3560257,NA,NA,D,2,1,2846845.05,199,2002,22,58.77,129.34
92062,Active,775837,NA,NA,D,2,1,8646544.15,154,2004,8,90.69,0
92063,Active,2561968,NA,NA,D,2,1,6056489.401,52.13,1984,22,4,42.94
92064,Active,105952,NA,NA,D,1,0,1486094.958,89.95,2003,19,33.64,99.99
92065,Active,3472183,NA,NA,D,0,0,10429374.6,0,2002,12,4.73,46.31
92066,Active,2608211,NA,NA,D,0,0,2278408.64,110,1998,18,7.44,56.99
92067,Active,3733544,NA,NA,D,0,0,929987.1,46.95,2015,18,31.38,46.95
92068,Active,576317,NA,NA,D,0,0,3392316.146,61.95,2003,24,4,25
92069,Active,649684,NA,NA,D,10,1,671344.2825,266.67,2012,34,5.15,133.98
92070,Active,891900,NA,NA,D,0,0,7053603.576,72.99,2007,15,10.32,58.32
92071,Active,749496,NA,NA,D,1,0,2152429.004,80,2006,24,4.93,46.83
92072,Active,800962,NA,NA,D,0,0,1962091.34,67,2008,20,4.78,58.93
92073,Active,1837284,NA,NA,D,0,0,7574114.503,165,2006,19,14.91,19.27
92074,Active,117058,NA,NA,D,2,1,64542.505,159.6,2008,76,39.62,128.04
92075,Active,913438,NA,NA,D,0,0,1798502.22,26.95,2001,22,4,13.91
92076,Active,899697,NA,NA,D,0,0,2066438.955,39.95,1997,15,31.93,204.51
92077,Active,669365,NA,NA,D,1,0,3329069.941,45,2008,18,8.83,33.99
92078,Active,3564671,NA,NA,D,2,1,7973368.5,60,1995,11,10.15,0
92079,Active,3531272,NA,NA,D,8,1,3884552.8,0,1900,22,5.92,109.21
92080,Active,680115,NA,NA,D,1,0,490722.01,25,2008,21,4.49,16.99
92081,Active,893837,NA,NA,D,0,0,4703490.51,58.5,1988,13,3.99,67.52
92082,Active,1927111,NA,NA,D,3,1,1651437.139,17.95,2011,13,13.54,15.69
92083,Active,135371,NA,NA,D,0,0,1219669.504,80,2006,48,4,16.64
92084,Active,531597,NA,NA,D,8,1,65918.905,193.95,2012,63,56.29,82.16
92085,Active,827485,NA,NA,D,2,1,5773104.455,42.95,2003,8,9.91,13.81
92086,Active,255649,NA,NA,D,1,0,260384.83,60.95,2009,22,52.1,191.85
92087,Active,2703990,NA,NA,D,1,0,8448670.9,57.95,1900,0,0,0
92088,Active,1675211,NA,NA,D,1,0,770500.64,59.99,2014,38,12.75,55.07
92089,Active,2605257,NA,NA,D,0,0,4124472.605,115,1997,21,11.18,72.85
92090,Active,3242586,NA,NA,D,1,0,3772249.594,40.46,2003,42,6.9,21.64
92091,Active,905904,NA,NA,D,1,0,715766.2313,90,2004,13,16.96,35
92092,Active,246274,NA,NA,D,1,0,1685554.611,137.95,2005,12,12.84,71.95
92093,Active,714465,NA,NA,D,1,0,2423309.713,97,2002,21,4.97,46.27
92094,Active,664029,NA,NA,D,2,1,113840.275,189.95,2013,44,26.36,82.55
92095,Active,902940,NA,NA,D,0,0,2705643.885,170,1995,17,86.12,86.45
92096,Active,403788,NA,NA,D,0,0,7041956.648,79.03,2001,25,4.4,48.75
92097,Active,891278,NA,NA,D,2,1,3524608.508,59.33,1998,17,4.39,50.41
92098,Active,597044,NA,NA,D,0,0,2060953.068,58.75,2005,27,4,45.15
92099,Active,278568,NA,NA,D,0,0,443154.9275,57.95,2004,32,7.39,73.07
92100,Active,2128940,NA,NA,D,5,1,5761626.845,52,2009,15,14.67,119.54
92101,Active,888025,NA,NA,D,2,1,8470580.056,105,2004,15,4,48.93
92102,Active,149281,NA,NA,D,2,1,1873067.533,33,2004,31,3.99,18.37
92103,Active,2490182,NA,NA,D,1,0,3598551.794,38,2003,28,4,38
92104,Active,613409,NA,NA,D,0,0,1083845.174,88,1993,82,4,21.2
92105,Active,350320,NA,NA,D,1,0,877201.6,120.95,1998,22,4,66.48
92106,Active,313481,NA,NA,D,4,1,3232073.923,119.93,2000,25,4,10
92107,Active,539301,NA,NA,D,8,1,64293.38125,127.2,2013,92,19.7,83.99
92108,Active,867483,NA,NA,D,7,1,184291.1375,198.95,2014,32,25.22,127.74
92109,Active,127502,NA,NA,D,0,0,539907.0675,84.95,2009,31,18.89,33.98
92110,Active,919232,NA,NA,D,2,1,1737270.185,30,1986,37,4,26.95
92111,Active,909646,NA,NA,D,1,0,3351370.724,72,1997,27,4,49.9
92112,Active,602418,NA,NA,D,3,1,4791417.598,64.99,2000,19,4.13,47.86
92113,Active,900695,NA,NA,D,1,0,1532184.986,79,2006,25,5.68,43.94
92114,Active,868180,NA,NA,D,0,0,2486712.263,22.95,1991,45,4,14.26
92115,Active,3472533,NA,NA,D,0,0,3067968,0,1980,12,5.13,66.78
92116,Active,2046819,NA,NA,D,1,0,1159756.191,99,2006,10,8.92,384.34
92117,Active,617207,NA,NA,D,1,0,550333.9663,70,1998,25,22.53,0
92118,Active,365265,NA,NA,D,1,0,5676626.76,59.95,2001,14,4,4.13
92119,Active,633903,NA,NA,D,3,1,423983.6825,69.5,2010,16,22.13,59.36
92120,Active,526621,NA,NA,D,3,1,106805.8575,43.97,2009,35,16,0
92121,Active,247568,NA,NA,D,1,0,3001159.195,78.95,2006,26,4,9.18
92122,Active,870088,NA,NA,D,4,1,9709948.649,65,1998,13,4.35,51.13
92123,Active,569755,NA,NA,D,3,1,2437437.898,115.95,2001,35,4,22.78
92124,Active,132512,NA,NA,D,12,1,531523.7125,138,2008,49,4,54.22
92125,Active,214931,NA,NA,D,0,0,1618458.885,124,2008,21,4.49,38.24
92126,Active,646649,NA,NA,D,0,0,636064.68,40.95,2004,57,18.97,33.64
92127,Active,892265,NA,NA,D,0,0,3975537.34,289,2010,13,83.97,140.04
92128,Active,1558579,NA,NA,D,1,0,5896765.864,170,2010,7,84.98,170
92129,Active,157747,NA,NA,D,1,0,254921.2488,47.95,2010,30,23.7,0
92130,Active,2446796,NA,NA,D,3,1,7808919.569,56.69,1991,20,4,50.31
92131,Active,109660,NA,NA,D,2,1,2945311.535,8.42,2005,60,4,9.47
92132,Active,2608175,NA,NA,D,0,0,4527875.82,88.99,2004,17,20.99,85.08
92133,Active,3239543,NA,NA,D,2,1,8807498.836,93.53,2003,24,28.91,96.02
92134,Active,830513,NA,NA,D,7,1,2799393.586,60.95,2000,31,4,19.89
92135,Active,794167,NA,NA,D,2,1,3806955.831,82.95,2004,20,4,44.45
92136,Active,2398051,NA,NA,D,0,0,398526.2325,42.6,1982,15,7.63,0
92137,Active,1465780,NA,NA,D,1,0,1213119.475,85,2007,15,16.6,74.43
92138,Active,909776,NA,NA,D,2,1,4634257.538,54.5,1993,22,4,46.65
92139,Active,918892,NA,NA,D,3,1,1710826.266,18.99,1997,28,4,18.99
92140,Active,887615,NA,NA,D,0,0,185631.4525,29.95,1992,11,11.69,8978.44
92141,Active,278708,NA,NA,D,0,0,380790.5288,58,2005,32,41.61,94.15
92142,Active,2649777,NA,NA,D,1,0,4047947.98,150.95,2005,38,18.99,43.98
92143,Active,654871,NA,NA,D,0,0,1157357.555,82.95,2004,42,8.99,0
92144,Active,1698128,NA,NA,D,0,0,1068141.25,49.95,2010,16,10.48,31.6
92145,Active,887844,NA,NA,D,1,0,6614619.55,156,2001,14,6.12,73.99
92146,Active,666358,NA,NA,D,1,0,4281090.226,99.95,2001,12,23.99,58.98
92147,Active,634207,NA,NA,D,0,0,1996541.155,84.95,2006,23,33.44,52.86
92148,Active,3151333,NA,NA,D,0,0,1800565.974,109,2002,19,53.98,61.45
92149,Active,614120,NA,NA,D,5,1,1856478.166,171,2006,23,4.05,14.49
92150,Active,1492333,NA,NA,D,9,1,1863637.373,65,2013,17,10.14,96.99
92151,Active,1486240,NA,NA,D,9,1,2913194.896,21.26,2011,30,4.62,19.87
92152,Active,1541558,NA,NA,D,8,1,1844303.745,49.95,2009,18,4.97,164.83
92153,Active,906805,NA,NA,D,9,1,828006.725,60.95,2011,21,4.97,60.94
92154,Active,1846045,NA,NA,D,7,1,771903.6513,467.17,2009,14,5.47,81.92
92155,Active,657343,NA,NA,D,0,0,2966700.316,56,2007,31,23.13,29.81
92156,Active,892150,NA,NA,D,3,1,5558014.408,60.5,2010,22,4.97,59
92157,Active,560389,NA,NA,D,2,1,659910.0288,31,2009,22,20.49,137.22
92158,Active,657493,NA,NA,D,0,0,1676111.819,79.95,2012,18,43.53,48.84
92159,Active,1867583,NA,NA,D,0,0,1469060.533,92.95,2008,20,49.04,82.54
92160,Active,662951,NA,NA,D,0,0,2085964.32,54.75,2008,17,8.86,53.65
92161,Active,3061208,NA,NA,D,5,1,2626314.249,39,1998,28,4,12.89
92162,Active,632818,NA,NA,D,2,1,3379407.166,67.53,2003,18,4,66.19
92163,Active,560329,NA,NA,D,1,0,870745.095,202,2007,46,4,8.47
92164,Active,143092,NA,NA,D,1,0,1694732.943,134,2006,19,10.12,11.98
92165,Active,599703,NA,NA,D,0,0,635540.8,90,2009,30,6.99,147.8
92166,Active,3149991,NA,NA,D,1,0,7520474.253,79.95,2005,9,12.73,12.73
92167,Active,3490557,NA,NA,D,1,0,1396650.4,44.95,2000,65,17.79,29.93
92168,Active,889716,NA,NA,D,0,0,3251303.09,109,2003,19,45.5,76.84
92169,Active,645089,NA,NA,D,2,1,2399833.585,65.95,2000,19,4.63,46.31
92170,Active,2599642,NA,NA,D,1,0,2036034.109,274.99,2000,22,21.94,40.42
92171,Active,2178562,NA,NA,D,0,0,2434669.544,89.99,2008,20,20,35.99
92172,Active,1765373,NA,NA,D,1,0,2660431.514,110,2011,16,48.96,101.88
92173,Active,910195,NA,NA,D,0,0,1081690.641,67.8,2000,26,6.23,21.99
92174,Active,248313,NA,NA,D,1,0,1577761.578,157.95,2005,48,4,15.68
92175,Active,555495,NA,NA,D,0,0,1712133.706,36.95,2004,35,4.63,13.99
92176,Active,793623,NA,NA,D,1,0,3012336.196,165,2004,14,35.1,36.89
92177,Active,199175,NA,NA,D,0,0,404424.6588,89,2003,49,4,18.99
92178,Active,870167,NA,NA,D,0,0,1253274.013,31.56,2003,33,10.76,30.88
92179,Active,2440934,NA,NA,D,1,0,1899970.671,24.95,2005,21,4,13.39
92180,Active,656890,NA,NA,D,1,0,2289675.519,165,2011,15,33.07,153.65
92181,Active,909260,NA,NA,D,3,1,932165.8275,141.25,1993,26,13.07,100.67
92182,Active,2852106,NA,NA,D,2,1,495289.1738,231,1994,16,11.04,9419.68
92183,Active,1474750,NA,NA,D,1,0,1319779.198,99,2011,11,23.97,11.78
92184,Active,748696,NA,NA,D,1,0,8291313.281,145,2007,15,67.72,102.53
92185,Active,2836253,NA,NA,D,2,1,2380343.735,51.95,1989,22,4.35,44.91
92186,Active,280875,NA,NA,D,2,1,2360126.661,109,1996,18,86.24,87.64
92187,Active,3513116,NA,NA,D,1,0,6105968.3,69.95,2000,26,8.69,51.31
92188,Active,2595532,NA,NA,D,1,0,4723068.679,247,1993,19,106.71,147.52
92189,Active,832409,NA,NA,D,1,0,1412544.011,185.95,1991,25,4,23.98
92190,Active,704355,NA,NA,D,3,1,2510741.343,8.98,2005,19,4,8.98
92191,Active,3504927,NA,NA,D,5,1,14277180,0,1999,15,4.33,3.95
92192,Active,1942223,NA,NA,D,0,0,1604775.366,44,2012,30,4.35,13.03
92193,Active,193456,NA,NA,D,2,1,1890920.094,137,2006,29,4,89.1
92194,Active,3730976,NA,NA,D,7,1,6423156.6,0,2006,9,4.71,5.43
92195,Active,888416,NA,NA,D,9,1,8653400.241,31,2008,14,16.98,214.61
92196,Active,2551280,NA,NA,D,1,0,3127916.52,35.95,2000,28,4.76,56.81
92197,Active,2678231,NA,NA,D,3,1,11162123.81,0,1985,10,4,0
92198,Active,2678918,NA,NA,D,4,1,3599505.786,52,1991,37,4.47,11.52
92199,Active,778152,NA,NA,D,1,0,883177.6113,51.95,2001,26,4,69.71
92200,Active,2906466,NA,NA,D,12,1,726839.4325,4000,2004,15,29.61,1203.99
92201,Active,490055,NA,NA,D,4,1,766478.6525,95,2009,30,52.8,0
92202,Active,774691,NA,NA,D,1,0,1122682.778,57.95,1997,22,16.75,73.59
92203,Active,870782,NA,NA,D,1,0,2830951.476,59.99,2004,35,4,4.58
92204,Active,3111928,NA,NA,D,0,0,7055755.603,83.99,2004,11,14.48,72.67
92205,Active,808923,NA,NA,D,1,0,1959858.953,38.98,2008,22,3.99,38.98
92206,Active,702079,NA,NA,D,0,0,737970.7538,50,2010,34,5.47,105.88
92207,Active,2590210,NA,NA,D,0,0,8557542.729,84,2000,13,6.69,57.01
92208,Active,743729,NA,NA,D,2,1,3362929.643,300,2006,15,108.99,116.69
92209,Active,531540,NA,NA,D,3,1,890471.0213,569,2010,11,244.44,315.43
92210,Active,674461,NA,NA,D,4,1,6114330.051,26.67,2004,47,4,8.99
92211,Active,613782,NA,NA,D,4,1,2386552.169,40,2004,52,4,7.98
92212,Active,52039,NA,NA,D,1,0,678042.24,406.95,2010,71,4,22.69
92213,Active,235201,NA,NA,D,0,0,2296420.67,249,2003,29,4.77,31.87
92214,Active,901005,NA,NA,D,0,0,980365.275,59.95,2012,16,7.77,52.07
92215,Active,1487136,NA,NA,D,1,0,2147030.659,63,2008,28,4.86,49.13
92216,Active,2938348,NA,NA,D,1,0,5344814.314,59.95,2004,21,4,44.29
92217,Active,738456,NA,NA,D,0,0,5023652.738,128,2004,13,20.83,25.87
92218,Active,148429,NA,NA,D,2,1,1635778.119,328.95,2006,20,8.08,42.6
92219,Active,699207,NA,NA,D,9,1,2026656.348,22.94,2010,36,5.5,21.87
92220,Active,870894,NA,NA,D,1,0,1722086.924,219.95,2003,30,4,7.37
92221,Active,233915,NA,NA,D,2,1,5296942.515,80,1996,13,6.23,106.77
92222,Active,287929,NA,NA,D,3,1,8044734.981,97.5,2003,26,4.37,52.65
92223,Active,645993,NA,NA,D,2,1,233583.445,43,2010,35,19.42,103.06
92224,Active,665527,NA,NA,D,0,0,490552.6313,80,2011,20,6.39,67.91
92225,Active,614220,NA,NA,D,1,0,1234000.711,223,2008,43,4,17.55
92226,Active,2724028,NA,NA,D,1,0,4473289.693,194,2003,7,6.28,183.98
92227,Active,915019,NA,NA,D,3,1,2367207.729,87.95,2010,34,4,39
92228,Active,667935,NA,NA,D,2,1,5762402.081,23.98,2007,17,4.29,68.09
92229,Active,754119,NA,NA,D,3,1,1677681.224,67.98,2010,14,5.26,77.83
92230,Active,905730,NA,NA,D,0,0,1984016.734,75,2009,24,7.65,61.39
92231,Active,193656,NA,NA,D,0,0,1790802.974,65,2009,29,4.49,48.94
92232,Active,1472770,NA,NA,D,0,0,1085033.001,180,2008,12,28.97,28.98
92233,Active,198441,NA,NA,D,2,1,2889522.6,164.95,2006,18,5.41,63.06
92234,Active,2541273,NA,NA,D,1,0,1318509.355,70,2002,22,5.78,66.24
92235,Active,556157,NA,NA,D,1,0,1982577.813,60,2008,29,4.44,45.39
92236,Active,2186037,NA,NA,D,0,0,1365168.533,69.99,2009,24,43.98,46.63
92237,Active,161471,NA,NA,D,0,0,5747221.238,95,2005,19,16.41,158.11
92238,Active,574680,NA,NA,D,0,0,1151742.77,204,2011,32,4.78,133.96
92239,Active,561937,NA,NA,D,1,0,236864.185,211.95,2003,52,26.98,43.98
92240,Active,737993,NA,NA,D,0,0,2565824.599,85,2000,26,4.35,17.87
92241,Active,614395,NA,NA,D,0,0,3301276.275,39,2008,24,5.48,48.94
92242,Active,2057091,NA,NA,D,0,0,2766166.275,41,2009,29,4.98,11.98
92243,Active,904603,NA,NA,D,2,1,3363464.575,95,2008,18,4,7.88
92244,Active,1506671,NA,NA,D,0,0,1080721.895,37,2013,32,11.48,108.83
92245,Active,127276,NA,NA,D,3,1,2079791.761,59.95,2005,28,4.35,29.13
92246,Active,2277671,NA,NA,D,0,0,732249,0,2011,8,0,0
92247,Active,247776,NA,NA,D,0,0,1113108.8,88,2008,50,4,18.48
92248,Active,863522,NA,NA,D,0,0,1993928.523,179,2007,23,59.48,47.99
92249,Active,2331880,NA,NA,D,0,0,1736992.769,72.1,1995,23,5.18,55.54
92250,Active,1587069,NA,NA,D,1,0,3732088.084,210,2006,22,21.99,88.73
92251,Active,2560450,NA,NA,D,0,0,3914951.006,0,1979,11,7.35,0
92252,Active,904835,NA,NA,D,0,0,1219926.538,91,2006,15,23.56,93.01
92253,Active,1593830,NA,NA,D,0,0,3518937.403,125,2008,17,18.09,61.31
92254,Active,2565251,NA,NA,D,3,1,3990462.943,1200,2000,16,16.44,191.21
92255,Active,1660530,NA,NA,D,0,0,2444062.039,11.98,2006,18,4,14.93
92256,Active,2500818,NA,NA,D,0,0,832002.7763,10.95,1980,54,4,43.4
92257,Active,2590485,NA,NA,D,1,0,2786060.744,57.99,1981,46,4,10.49
92258,Active,172510,NA,NA,D,1,0,1842563.3,59.99,2006,16,50.19,52.61
92259,Active,2579939,NA,NA,D,1,0,4141140.445,84.95,1995,13,27.89,63.99
92260,Active,2840629,NA,NA,D,0,0,1560776.73,172,1994,18,5.34,52.11
92261,Active,531523,NA,NA,D,7,1,1537561.013,83.95,2011,16,8.28,50.96
92262,Active,300602,NA,NA,D,6,1,4403193.508,71.99,2006,17,4.97,46.25
92263,Active,2561501,NA,NA,D,1,0,6477089.606,107.49,1982,22,4,45.09
92264,Active,750134,NA,NA,D,3,1,1831752.789,170,2008,23,4.63,59.89
92265,Active,531520,NA,NA,D,4,1,1587370.479,176.5,2010,22,63.55,153.94
92266,Active,598318,NA,NA,D,8,1,730923.6013,49.97,2008,18,5.05,49.98
92267,Active,3469865,NA,NA,D,0,0,2819428.25,73.95,1994,22,4,15.94
92268,Active,3068148,NA,NA,D,0,0,292700.9625,39.95,1999,11,4.99,25.99
92269,Active,2894648,NA,NA,D,0,0,2896297.929,125,1999,15,76.54,201.41
92270,Active,688818,NA,NA,D,1,0,823597.7763,20.95,2011,12,14.26,19.95
92271,Active,544035,NA,NA,D,2,1,526200.5425,59,2012,14,33.99,46.78
92272,Active,1701289,NA,NA,D,0,0,1880457.546,72,2003,11,49.94,0
92273,Active,792930,NA,NA,D,0,0,5005744.25,135,2001,29,25.85,26.47
92274,Active,763691,NA,NA,D,1,0,432935.1538,93.95,1997,26,5.51,41.99
92275,Active,2769455,NA,NA,D,0,0,2087322.301,14.95,1984,25,4.16,53.45
92276,Active,644092,NA,NA,D,1,0,289797.9238,59.95,2007,23,13.98,1064.27
92277,Active,131496,NA,NA,D,4,1,1242632.251,104.6,2002,51,4,6.48
92278,Active,638730,NA,NA,D,1,0,1152647.955,60,2008,15,8.09,0
92279,Active,620007,NA,NA,D,1,0,2911347.031,90.67,2002,27,4,12.69
92280,Active,2314098,NA,NA,D,0,0,870045.4163,81.95,1991,29,4,41.78
92281,Active,638835,NA,NA,D,1,0,1155544.83,184.95,2003,35,4,33.93
92282,Active,60233,NA,NA,D,6,1,435990.5513,70.8,2004,29,4,11.49
92283,Active,763674,NA,NA,D,3,1,4329428.951,64.95,1997,27,4,67.52
92284,Active,3578070,NA,NA,D,1,0,7251350.55,48.95,1996,26,4,33.94
92285,Active,1839740,NA,NA,D,2,1,1225817.715,79.99,2007,35,5.18,51.02
92286,Active,2525306,NA,NA,D,0,0,3597513.931,99,1989,25,4.97,61.81
92287,Active,800140,NA,NA,D,0,0,1732355.883,49,2005,12,6.72,49
92288,Active,2723768,NA,NA,D,2,1,3613069.849,39.95,2000,14,4,47.44
92289,Active,909684,NA,NA,D,3,1,2866642.749,80,1999,22,4.06,23.93
92290,Active,60234,NA,NA,D,1,0,1635300.164,54.99,2001,54,4,8.92
92291,Active,3621685,NA,NA,D,0,0,4053548.65,172.85,2005,17,27.98,81.02
92292,Active,754015,NA,NA,D,1,0,1353202.301,99,2010,15,31.59,103.98
92293,Active,2341662,NA,NA,D,0,0,1062613.741,149.71,1969,24,20.72,157.68
92294,Active,659933,NA,NA,D,0,0,2346299.989,129,2013,10,11.08,55.01
92295,Active,259622,NA,NA,D,1,0,6699253.9,99.95,1999,21,4,41.71
92296,Active,629481,NA,NA,D,0,0,2161895.55,139,2003,53,33.98,54.13
92297,Active,3512750,NA,NA,D,0,0,738266.1,74.95,2001,46,41.75,49.96
92298,Active,3727479,NA,NA,D,1,0,2136817.95,115,2004,41,9.6,49.97
92299,Active,2334485,NA,NA,D,1,0,976167.3188,343.13,1965,64,4,17.39
92300,Active,608081,NA,NA,D,12,1,4448442.806,72.95,2008,16,4,18.99
92301,Active,1772146,NA,NA,D,1,0,2275923.706,59.95,2010,14,3.43,4.99
92302,Active,1658771,NA,NA,D,1,0,3312076.89,35.99,2012,17,6.71,52.12
92303,Active,1593763,NA,NA,D,1,0,3791581.251,105,2008,20,4.85,56.55
92304,Active,560432,NA,NA,D,0,0,1475844.116,43,2010,23,4,37.49
92305,Active,3109670,NA,NA,D,0,0,456611.0288,46,2015,19,33.88,46
92306,Active,667339,NA,NA,D,0,0,375649.285,39.95,2013,17,6.74,5.89
92307,Active,891955,NA,NA,D,1,0,2374859.926,94.95,2008,15,36.8,120.71
92308,Active,307911,NA,NA,D,5,1,2863351.663,89.95,1999,24,4,28.99
92309,Active,106302,NA,NA,D,6,1,2206378.623,99.95,2005,19,12.96,45.99
92310,Active,1527629,NA,NA,D,0,0,1132480.786,37.99,2010,46,3.99,9.98
92311,Active,1528129,NA,NA,D,0,0,2076955.231,37.95,2006,29,3.79,11.39
92312,Active,536648,NA,NA,D,0,0,1103615.485,37.99,2012,45,3.98,15.99
92313,Active,2309262,NA,NA,D,0,0,1086076.52,26.95,1979,23,8.65,60.05
92314,Active,2795514,NA,NA,D,0,0,2536072.74,59.67,1988,39,4,32.99
92315,Active,538667,NA,NA,D,19,1,37106.8,241.75,2013,105,4.06,43.98
92316,Active,899234,NA,NA,D,7,1,1642697.066,37.95,2004,17,16.98,0
92317,Active,697286,NA,NA,D,3,1,1057368.731,105,1999,20,37.82,132.89
92318,Active,444588,NA,NA,D,2,1,1958717.009,120,2005,24,63.48,81.65
92319,Active,1582704,NA,NA,D,0,0,14271714.36,50,2012,0,0,0
92320,Active,1571596,NA,NA,D,0,0,987303.625,200,2006,4,10.99,82.08
92321,Active,2851745,NA,NA,D,1,0,5554024.615,219.95,1992,15,38.38,108.33
92322,Active,1867819,NA,NA,D,0,0,1354701.874,149.95,2009,22,33.06,125.36
92323,Active,1917284,NA,NA,D,13,1,5368319.72,169.95,2011,1,477,169.95
92324,Active,225876,NA,NA,D,3,1,2280596.246,341,2000,19,66.89,216.29
92325,Active,1753688,NA,NA,D,0,0,2437548.144,35,2010,22,4.53,23.99
92326,Active,723817,NA,NA,D,1,0,527030.9625,44.95,2008,34,23.44,32.62
92327,Active,54721,NA,NA,D,3,1,209698.1925,107.8,2010,83,4.63,44.89
92328,Active,879103,NA,NA,D,4,1,630791.3688,68,2013,35,4,48.99
92329,Active,579494,NA,NA,D,0,0,432211.65,39.99,1996,75,4,9.95
92330,Active,2262612,NA,NA,D,0,0,4291973.47,187.66,2010,13,23.44,211.09
92331,Active,2770623,NA,NA,D,4,1,1239672.326,44.99,1994,76,3.98,20.64
92332,Active,771002,NA,NA,D,0,0,5537296.3,4.9,2002,17,4.78,10.45
92333,Active,827681,NA,NA,D,1,0,3051115.175,44,1997,33,4.02,4.26
92334,Active,1533646,NA,NA,D,0,0,2280611,179,2007,27,4,25.77
92335,Active,921580,NA,NA,D,1,0,719955.19,32.99,2001,61,4,12.38
92336,Active,904284,NA,NA,D,1,0,2567793.399,99,1997,21,9.99,101.33
92337,Active,2418206,NA,NA,D,0,0,4952681.148,89.5,2001,19,9.88,69.09
92338,Active,1659025,NA,NA,D,1,0,1345074.774,43.68,2011,5,56.64,0
92339,Active,554942,NA,NA,D,0,0,3633259.115,82.5,2006,16,4,42.46
92340,Active,2703484,NA,NA,D,4,1,3298623.591,81.45,2004,20,4.35,51.07
92341,Active,51251,NA,NA,D,7,1,820245.0963,165.33,2010,29,19.99,124.33
92342,Active,132093,NA,NA,D,1,0,3436940.351,117,2005,23,4,53.25
92343,Active,131562,NA,NA,D,1,0,1693852.638,134,2003,35,4,13.13
92344,Active,3239023,NA,NA,D,1,0,2751499.875,21.32,2003,36,7.22,17.79
92345,Active,654712,NA,NA,D,0,0,834490.0338,96.28,2009,27,4,48.21
92346,Active,247603,NA,NA,D,2,1,989360.3013,36.95,2007,34,8.38,101.31
92347,Active,228737,NA,NA,D,0,0,920706.6225,25.95,2005,52,4,6.04
92348,Active,1627007,NA,NA,D,0,0,1296138.273,46.95,2008,19,11.77,25.98
92349,Active,728405,NA,NA,D,0,0,3479769.248,50,2004,19,6.38,76.98
92350,Active,724291,NA,NA,D,0,0,1045983.795,61,2012,15,13.32,0
92351,Active,2584391,NA,NA,D,0,0,1531845.588,50,2002,19,5.6,61.98
92352,Active,891029,NA,NA,D,5,1,1655390.146,0,1970,23,5.32,0
92353,Active,2387315,NA,NA,D,0,0,4534918.891,0,1996,2,36.16,43.23
92354,Active,600568,NA,NA,D,2,1,565035.2638,1999.12,2011,13,34.19,58.1
92355,Active,2140643,NA,NA,D,1,0,2490123.881,205.81,2006,9,159.28,299.99
92356,Active,206421,NA,NA,D,1,0,3322910.27,130,2007,21,4.99,58.99
92357,Active,902514,NA,NA,D,0,0,2213883.238,70.25,1977,17,4.12,72.71
92358,Active,800359,NA,NA,D,0,0,1636332.623,53.95,2006,33,4,41.57
92359,Active,105790,NA,NA,D,1,0,623096.0138,39.95,2001,25,4.77,29.54
92360,Active,546240,NA,NA,D,1,0,1116412.32,132.95,1998,24,79.59,131.64
92361,Active,914664,NA,NA,D,3,1,3634468.974,49.95,2008,24,5.48,38.99
92362,Active,607511,NA,NA,D,3,1,2591530.701,56.8,1998,38,4,8.4
92363,Active,619410,NA,NA,D,1,0,807873.9775,97.95,2006,40,18.72,43.11
92364,Active,788204,NA,NA,D,1,0,2031099.626,105.95,2002,24,4,9.98
92365,Active,1649131,NA,NA,D,3,1,5779323.98,37.5,2007,13,4.77,43.27
92366,Active,1726200,NA,NA,D,0,0,2091438.505,44,2012,16,5.73,37.89
92367,Active,1966984,NA,NA,D,2,1,7025961.65,43,2015,10,4.7,3.3
92368,Active,3571527,NA,NA,D,4,1,5597201.75,38.95,1997,18,9.56,71.85
92369,Active,247941,NA,NA,D,0,0,664705.775,62,2008,27,7.68,33.98
92370,Active,748616,NA,NA,D,0,0,2791820.775,135,2005,14,4.13,66.4
92371,Active,626787,NA,NA,D,1,0,954931.3788,79.99,2006,22,4.96,0
92372,Active,636415,NA,NA,D,1,0,3535815.638,69.95,1999,27,4,43.81
92373,Active,330415,NA,NA,D,1,0,1505886.433,67.95,2003,15,13.18,158.64
92374,Active,2754925,NA,NA,D,2,1,1950582.81,5.76,1995,13,4,100.27
92375,Active,276788,NA,NA,D,0,0,2985623.175,55.95,1999,26,4,18.98
92376,Active,155649,NA,NA,D,2,1,4519430.05,49.95,2005,16,4,46.01
92377,Active,131232,NA,NA,D,1,0,1627294.076,89.8,2002,42,3.99,43.94
92378,Active,599503,NA,NA,D,1,0,1681046.196,49.95,2008,32,4,5.87
92379,Active,651623,NA,NA,D,0,0,1463423.654,55,2011,32,4,28.74
92380,Active,904951,NA,NA,D,0,0,6563562.76,35.95,1983,24,4,15.99
92381,Active,862652,NA,NA,D,2,1,2885570.128,57.2,1996,34,4.07,45.71
92382,Active,908528,NA,NA,D,0,0,1339534.676,35.95,2001,19,4,28.97
92383,Active,638588,NA,NA,D,0,0,922755.9425,75,1997,48,5.11,38.97
92384,Active,882495,NA,NA,D,0,0,6897963.55,134,1998,11,8.41,107.41
92385,Active,903469,NA,NA,D,2,1,6490167.28,27.95,1994,18,4,52.87
92386,Active,174107,NA,NA,D,0,0,3853764.091,124.99,2003,20,14.23,62.33
92387,Active,266107,NA,NA,D,3,1,567421.9838,38.5,2009,35,4,16.03
92388,Active,669531,NA,NA,D,0,0,3345174.4,59.95,2009,21,4,104.61
92389,Active,1626283,NA,NA,D,1,0,978527.5713,43.99,2010,19,4.47,43.99
92390,Active,1467881,NA,NA,D,1,0,4775052.985,150,2007,17,9.71,103.66
92391,Active,410133,NA,NA,D,1,0,540281.8775,83.95,2009,30,4,5.22
92392,Active,1588166,NA,NA,D,1,0,4063399.775,73,2008,13,13.35,63.5
92393,Active,893811,NA,NA,D,0,0,3077463.3,54.99,1991,16,4.47,33.69
92394,Active,1445376,NA,NA,D,1,0,2118863.188,107,2006,22,6.04,63.25
92395,Active,562466,NA,NA,D,1,0,5134325.424,47,2004,19,4.77,30.49
92396,Active,765518,NA,NA,D,1,0,1043922.725,110.95,2003,36,4,23.99
92397,Active,424194,NA,NA,D,3,1,5047959.768,39.75,2006,14,4,57.19
92398,Active,131166,NA,NA,D,1,0,6728830.34,75,2000,15,4.37,51.69
92399,Active,909958,NA,NA,D,0,0,555198.985,38.95,1998,34,4,25.99
92400,Active,3843472,NA,NA,D,0,0,8080871.75,0,2001,21,4,81.61
92401,Active,223826,NA,NA,D,4,1,596329.1163,70,2001,24,14.06,60.51
92402,Active,555691,NA,NA,D,1,0,399603.74,65.95,2005,25,18.56,43.98
92403,Active,2364455,NA,NA,D,0,0,3030814.344,33.4,1994,31,4,43.88
92404,Active,917389,NA,NA,D,5,1,3774568.676,68.5,1991,18,4.26,12.99
92405,Active,1686674,NA,NA,D,0,0,5636513.526,79.75,2009,15,4,44.55
92406,Active,888228,NA,NA,D,0,0,5277784.686,52.95,2006,15,5.78,35.94
92407,Active,163170,NA,NA,D,9,1,1012128.379,108.95,2011,40,4.89,0
92408,Active,1956926,NA,NA,D,1,0,856758.0113,99.75,2012,18,54.19,83.24
92409,Active,3603093,NA,NA,D,3,1,13061932.65,22.95,2001,10,4.15,22.24
92410,Active,581665,NA,NA,D,1,0,2481816.973,41.97,2004,25,4.54,38.48
92411,Active,1484952,NA,NA,D,5,1,7416968.526,30.96,2007,26,4.76,28.87
92412,Active,592267,NA,NA,D,0,0,1625831.888,44.99,2011,24,4,94.25
92413,Active,1475811,NA,NA,D,5,1,2736345.684,70,2012,31,4.98,73.1
92414,Active,714422,NA,NA,D,1,0,1289791.814,162.2,2003,21,4,46.36
92415,Active,268748,NA,NA,D,0,0,2084740.113,85,2005,24,4.76,9.02
92416,Active,301047,NA,NA,D,0,0,6189032.505,89.95,2003,15,4,38.99
92417,Active,3048450,NA,NA,D,6,1,5599624.751,72.5,1998,18,4.59,68.5
92418,Active,265905,NA,NA,D,2,1,1816187.929,157,2004,34,5.91,50.28
92419,Active,904970,NA,NA,D,7,1,6761255.678,108.95,2007,18,4,23.98
92420,Active,868455,NA,NA,D,2,1,5502030.461,88,2000,20,4.49,18.49
92421,Active,555801,NA,NA,D,1,0,2203696.566,160,2009,21,17.21,33.58
92422,Active,1466151,NA,NA,D,3,1,3348189.536,57.5,2014,16,4.81,39.64
92423,Active,1475819,NA,NA,D,2,1,6776156.823,50,2012,21,4.76,14.83
92424,Active,1466411,NA,NA,D,10,1,2024718.686,75,2014,19,10.23,28.74
92425,Active,1473685,NA,NA,D,0,0,8768472.39,65,2009,11,5.53,116.99
92426,Active,633042,NA,NA,D,2,1,2536418.096,209,2007,19,33.02,33.59
92427,Active,2263397,NA,NA,D,0,0,1072904,0,2007,25,0,0
92428,Active,876210,NA,NA,D,1,0,1785155.476,111.67,2012,18,38.87,499.74
92429,Active,2271774,NA,NA,D,0,0,1789330,0,2012,17,0,0
92430,Active,776066,NA,NA,D,3,1,2589331.128,34.95,2007,19,4.26,5.99
92431,Active,652031,NA,NA,D,0,0,821135.5988,59,2008,18,43.98,57.92
92432,Active,53207,NA,NA,D,7,1,830072.6713,203.95,2007,86,4,13.49
92433,Active,867719,NA,NA,D,0,0,1709703.523,51,2014,28,4.42,51
92434,Active,626006,NA,NA,D,0,0,8745283.815,30.5,2008,13,4,7
92435,Active,504076,NA,NA,D,0,0,533198.8638,179,2006,24,20.99,62.36
92436,Active,2119714,NA,NA,D,0,0,2329480.145,71.95,2007,25,6.02,54.09
92437,Active,1468859,NA,NA,D,2,1,4010633.938,65,2009,16,8.71,45.15
92438,Active,531421,NA,NA,D,2,1,2050759.343,57.95,2009,11,8.18,140.4
92439,Active,676642,NA,NA,D,2,1,4946265.171,25.95,2001,32,4,7.98
92440,Active,659426,NA,NA,D,1,0,914001.0425,46.95,2006,21,36.2,40.87
92441,Active,155625,NA,NA,D,3,1,2416626.263,59.95,2003,21,4.09,65.01
92442,Active,2187706,NA,NA,D,1,0,1727278.019,69.95,2010,24,50.38,68.58
92443,Active,2178582,NA,NA,D,1,0,3549719.536,69.95,2007,12,29.62,47.19
92444,Active,3804131,NA,NA,D,1,0,956209,110,2016,8,103.81,104.26
92445,Active,3634366,NA,NA,D,3,1,814451.2,48.95,2007,37,33.99,40.26
92446,Active,3513903,NA,NA,D,0,0,5992281.9,78.36,1997,23,4,11.19
92447,Active,2940357,NA,NA,D,1,0,4518227.11,38.95,2004,15,4,28.52
92448,Active,1518516,NA,NA,D,6,1,8412103.834,80.57,2009,2,114.82,129.95
92449,Active,623586,NA,NA,D,5,1,554003.8413,69.95,2006,43,4.34,23.99
92450,Active,2678933,NA,NA,D,0,0,4093827.966,110,1996,24,4,53.27
92451,Active,914451,NA,NA,D,1,0,452606.4738,34.95,2000,43,4,31.08
92452,Active,293825,NA,NA,D,1,0,421850.7675,138.95,2009,22,69.97,138.55
92453,Active,2439719,NA,NA,D,0,0,4700939.365,113,2002,15,20.33,90.04
92454,Active,1486149,NA,NA,D,0,0,7355594.944,105,2010,20,14.39,59.67
92455,Active,174157,NA,NA,D,1,0,1388681.146,250,2000,69,7.08,9.39
92456,Active,408724,NA,NA,D,1,0,3855964.568,115.95,2003,18,10.43,78.67
92457,Active,2529932,NA,NA,D,0,0,3451913.01,45.95,1994,19,4.15,45.26
92458,Active,713808,NA,NA,D,0,0,1970088.344,47.4,2002,21,4,27.71
92459,Active,3593976,NA,NA,D,0,0,379830.85,51.99,1999,41,19.18,34.59
92460,Active,2700141,NA,NA,D,1,0,1448990.306,63.95,1998,15,6.39,44.73
92461,Active,829420,NA,NA,D,1,0,2427892.57,51.95,1996,29,4,16.04
92462,Active,2545596,NA,NA,D,1,0,1086081.908,20.95,2002,23,4,51.96
92463,Active,2449974,NA,NA,D,0,0,3529624.2,0,1994,22,7.42,0
92464,Active,799980,NA,NA,D,0,0,7344192.15,129,2006,4,21.99,0
92465,Active,608547,NA,NA,D,5,1,1061647.174,86.95,2000,23,4.4,66.91
92466,Active,656177,NA,NA,D,0,0,2194771.101,44.95,2010,17,33.51,675
92467,Active,3796040,NA,NA,D,2,1,4165534.15,39.95,2006,25,4,43.78
92468,Active,2272953,NA,NA,D,0,0,1690496.85,71.46,2010,30,0,0
92469,Active,628656,NA,NA,D,0,0,264665.2063,42.95,2011,40,5.63,38.15
92470,Active,2724386,NA,NA,D,0,0,1624307.168,77,1998,30,4.69,7.98
92471,Active,115881,NA,NA,D,0,0,2673244.754,57.33,2003,17,3.65,4.48
92472,Active,2336928,NA,NA,D,2,1,2177796,47.25,1989,29,4.14,38.99
92473,Active,1656740,NA,NA,D,1,0,1829931.659,91.97,2009,16,8.13,62.78
92474,Active,2600679,NA,NA,D,0,0,3221727.408,99.99,1996,14,45.99,97.48
92475,Active,3244584,NA,NA,D,4,1,664350.445,114.08,2005,21,32.96,60.99
92476,Active,2802247,NA,NA,D,1,0,2166271.453,90,2001,30,4,25.21
92477,Active,1470583,NA,NA,D,11,1,6096139.004,70,2007,9,6.38,58.57
92478,Active,1593099,NA,NA,D,0,0,1582864.431,104.99,2012,21,6.59,76.98
92479,Active,131187,NA,NA,D,1,0,3165407.855,79.2,1999,25,4,8.92
92480,Active,536948,NA,NA,D,5,1,14002.175,116.95,2012,70,15.49,55.99
92481,Active,194809,NA,NA,D,0,0,2817091.204,33.95,2000,53,5.95,23.68
92482,Active,3485429,NA,NA,D,1,0,236218.65,103,2012,62,36.95,66.99
92483,Active,719736,NA,NA,D,1,0,3095543.67,70,2002,19,24.32,13.7
92484,Active,2579329,NA,NA,D,1,0,5143119.514,120,1993,12,9.11,53.86
92485,Active,557637,NA,NA,D,1,0,1144801.151,80.4,2010,50,4,11.98
92486,Active,130370,NA,NA,D,1,0,3310278.365,83.07,2010,19,8.94,0
92487,Active,187967,NA,NA,D,0,0,201069.5113,49.99,2000,39,4.77,31.99
92488,Active,2598643,NA,NA,D,1,0,4696840.429,154.99,1994,24,8.24,69.49
92489,Active,846726,NA,NA,D,1,0,1797969.996,40,1994,36,13.36,33.2
92490,Active,3597543,NA,NA,D,2,1,1408509.9,46.95,2001,95,4,36.21
92491,Active,1645601,NA,NA,D,0,0,864274.0913,59,2012,17,4.97,40.99
92492,Active,788101,NA,NA,D,1,0,4366753.785,110.95,1999,19,4,31.99
92493,Active,3823266,NA,NA,D,2,1,1510593.5,49.95,2009,9,33.95,53.94
92494,Active,2534475,NA,NA,D,0,0,1527194.556,140,1999,36,6.31,17.44
92495,Active,2811680,NA,NA,D,0,0,1990494.99,45,1995,15,25.68,33.49
92496,Active,257613,NA,NA,D,2,1,2103654.193,34.95,2004,75,4,7.01
92497,Active,3033946,NA,NA,D,1,0,472796.1825,45.95,1999,23,12,89.7
92498,Active,3593450,NA,NA,D,2,1,4484018.95,229.95,1996,14,69.99,73.99
92499,Active,912694,NA,NA,D,0,0,1495307.449,199,2008,24,40.22,108.94
92500,Active,667968,NA,NA,D,1,0,3652427.101,229,2004,13,143.88,143.89
92501,Active,2910949,NA,NA,D,1,0,1613922.563,34.95,2004,32,4,39.55
92502,Active,621259,NA,NA,D,1,0,1398510.014,49.95,2005,19,4,49.98
92503,Active,1639584,NA,NA,D,1,0,2255557.105,38.95,2008,15,4.86,19.48
92504,Active,2178737,NA,NA,D,0,0,2986078.469,229,2008,16,5.48,5.49
92505,Active,657557,NA,NA,D,5,1,1242685.364,419,2008,8,153.99,311.98
92506,Active,2552243,NA,NA,D,3,1,4131174.876,47.95,2005,15,11.61,85.72
92507,Active,704639,NA,NA,D,4,1,1666282.733,23.64,2003,25,4,20.33
92508,Active,1900569,NA,NA,D,1,0,1539304.236,39.99,2009,20,13.99,39.63
92509,Active,812904,NA,NA,D,0,0,1088700.96,27.95,2009,18,13.99,27.95
92510,Active,1719663,NA,NA,D,1,0,364162.4863,46,2009,26,8.1,23.48
92511,Active,559064,NA,NA,D,0,0,3205801,59.95,1995,13,27.96,30.48
92512,Active,911866,NA,NA,D,2,1,1721196.101,38.95,2000,22,4,63.61
92513,Active,1558811,NA,NA,D,1,0,9258465.78,155,2012,26,19,109.22
92514,Active,2528083,NA,NA,D,0,0,659728.7038,17.95,1984,16,4.27,57.51
92515,Active,52905,NA,NA,D,6,1,822185.155,95.8,2002,43,4,18.23
92516,Active,177916,NA,NA,D,8,1,1570654.911,85.33,2003,61,4,9.94
92517,Active,765428,NA,NA,D,1,0,908866.4613,80.95,2004,49,4,13.37
92518,Active,667817,NA,NA,D,0,0,1086578.245,89.99,2008,33,7.34,65.09
92519,Active,659391,NA,NA,D,0,0,186570.8813,47.95,2012,22,28.99,41.79
92520,Active,641599,NA,NA,D,0,0,807993.0863,61,2008,32,4.33,0
92521,Active,1590929,NA,NA,D,1,0,3196027.859,114.99,2012,16,19.98,10.55
92522,Active,1492061,NA,NA,D,1,0,906237.7813,62.95,2013,25,14.92,46.04
92523,Active,905045,NA,NA,D,1,0,4684570.475,67.53,1972,20,3.99,33.99
92524,Active,3577853,NA,NA,D,1,0,5304514.9,118,2000,12,18.99,118
92525,Active,454736,NA,NA,D,0,0,2256671.724,190,2010,19,31.54,140.79
92526,Active,3234957,NA,NA,D,2,1,2757746.3,32.51,2002,28,7.48,31.94
92527,Active,909590,NA,NA,D,0,0,3145456.51,199,2002,25,16.35,20.43
92528,Active,622649,NA,NA,D,1,0,864820.05,66,2010,55,11.42,42.85
92529,Active,906301,NA,NA,D,1,0,2330104.973,62,2002,24,4.77,47.66
92530,Active,2694710,NA,NA,D,2,1,8630201.009,391.7,2003,17,4.13,46.38
92531,Active,385749,NA,NA,D,1,0,983402.8513,67.95,2008,36,11.73,45.89
92532,Active,1854840,NA,NA,D,0,0,831255.2638,70,2007,28,4,70
92533,Active,1552702,NA,NA,D,1,0,5920210.359,140,2013,26,23.97,105.79
92534,Active,828723,NA,NA,D,2,1,1078282.514,48.95,1996,33,4,16.99
92535,Active,2828277,NA,NA,D,0,0,4316849.194,64,1993,16,17.71,66.49
92536,Active,288355,NA,NA,D,0,0,2044292.159,64,2000,26,4,45.53
92537,Active,247531,NA,NA,D,0,0,1302184.328,50.95,2005,53,4,8.48
92538,Active,795186,NA,NA,D,5,1,815016.4788,130.6,2012,13,48.4,110.04
92539,Active,1626769,NA,NA,D,0,0,942945.6625,55,2006,21,13.08,28.98
92540,Active,890082,NA,NA,D,1,0,5337741.368,120,2007,12,18.94,68.53
92541,Active,2433682,NA,NA,D,0,0,256733.3225,14,1984,67,6.6,10
92542,Active,2441564,NA,NA,D,1,0,2182140.984,65,2005,35,6.98,15.49
92543,Active,255731,NA,NA,D,1,0,407638.6725,56.95,2001,38,4,8.69
92544,Active,2614517,NA,NA,D,0,0,3203897.035,119.99,2004,25,29.13,83.97
92545,Active,1677785,NA,NA,D,0,0,1855246.779,249,2009,13,7.47,67.99
92546,Active,800591,NA,NA,D,0,0,2057994.903,71,2010,17,17.84,48.67
92547,Active,800978,NA,NA,D,0,0,1792685.509,74,2008,16,23.99,52.73
92548,Active,147056,NA,NA,D,4,1,4194596.941,599,2004,12,55.99,0
92549,Active,596352,NA,NA,D,1,0,2930403.711,83.95,2009,13,5.3,94.21
92550,Active,2006146,NA,NA,D,1,0,2846978.386,83.95,2008,13,59.99,124.67
92551,Active,132363,NA,NA,D,2,1,898787.5225,89.6,2007,62,4,4.58
92552,Active,2788756,NA,NA,D,1,0,4890105.153,58.95,1993,24,4.22,22.36
92553,Active,224498,NA,NA,D,9,1,1913127.859,64.95,2002,39,4,0
92554,Active,308027,NA,NA,D,3,1,3107839.939,42.95,2005,30,4,6.44
92555,Active,212380,NA,NA,D,0,0,1718393.488,44.8,2006,56,4,5.98
92556,Active,2449644,NA,NA,D,5,1,4769743.056,38.35,1993,18,4.46,16.99
92557,Active,1437203,NA,NA,D,1,0,186656.975,47,2013,28,15.01,32.83
92558,Active,2679616,NA,NA,D,4,1,5296906.356,103,1995,12,7.69,23.98
92559,Active,3559699,NA,NA,D,1,0,2397357.5,160,1997,16,9.97,77.14
92560,Active,832899,NA,NA,D,5,1,4664504.619,98,1997,17,13.28,18.98
92561,Active,2779151,NA,NA,D,5,1,9137664.321,113,1993,8,7.92,60.25
92562,Active,743760,NA,NA,D,1,0,1364655.136,168,2008,20,19.35,166.77
92563,Active,251181,NA,NA,D,1,0,6791878.315,53.95,2006,29,3.99,6.58
92564,Active,2524207,NA,NA,D,0,0,5436981.619,38.95,2000,17,4,53.98
92565,Active,3484968,NA,NA,D,4,1,1094388.45,59,1992,25,11.29,67.29
92566,Active,1737884,NA,NA,D,0,0,2529756.199,75,2009,16,6.71,116.57
92567,Active,178160,NA,NA,D,1,0,979061.09,73.95,2004,35,4,8.74
92568,Active,404235,NA,NA,D,0,0,2278872.299,115,2005,18,4,46.55
92569,Active,341862,NA,NA,D,1,0,556062.1288,49.49,2005,35,4,48.33
92570,Active,2034915,NA,NA,D,0,0,2858813.799,51.95,2007,15,22.56,134.81
92571,Active,797680,NA,NA,D,1,0,3772210.77,90.95,2003,16,4,13.91
92572,Active,249804,NA,NA,D,1,0,6854462.525,86.95,2005,16,4,19.19
92573,Active,2663360,NA,NA,D,1,0,7317556.118,75,1995,18,4.72,51.43
92574,Active,904984,NA,NA,D,1,0,7179370.171,139,1996,18,4.4,65.79
92575,Active,717147,NA,NA,D,10,1,1277750.886,0,2009,12,15.09,219.51
92576,Active,639076,NA,NA,D,0,0,2210668.635,209,2008,39,118.39,124.41
92577,Active,751705,NA,NA,D,1,0,888117.1375,49.99,2009,24,4,8.97
92578,Active,3880727,NA,NA,D,0,0,817970.95,195,2014,31,116.87,133.76
92579,Active,3470506,NA,NA,D,1,0,685729.25,62.95,2010,51,8.69,23.88
92580,Active,2851280,NA,NA,D,0,0,1915141.488,54.95,2001,18,4,19.97
92581,Active,2052357,NA,NA,D,1,0,832152.7088,39.95,2011,21,18.88,65.19
92582,Active,689116,NA,NA,D,0,0,911453.1988,28.95,2012,28,4.36,0
92583,Active,800151,NA,NA,D,0,0,1990542.293,56,2006,20,5.46,36.33
92584,Active,775934,NA,NA,D,2,1,2742085.691,100.5,2006,23,4,44.95
92585,Active,1592243,NA,NA,D,1,0,1488588.429,110,2006,20,12.99,25.98
92586,Active,165954,NA,NA,D,1,0,2724462.168,170,2002,20,24.44,114.86
92587,Active,142521,NA,NA,D,0,0,2027099.938,57.95,1996,34,4,42.25
92588,Active,142556,NA,NA,D,0,0,1761805.688,75,2001,34,4,57.43
92589,Active,288370,NA,NA,D,1,0,906915.1938,61,2004,22,14.04,59.23
92590,Active,3790343,NA,NA,D,2,1,3950993.15,475,2007,6,48.99,511.37
92591,Active,3547056,NA,NA,D,3,1,5496448.05,26.95,1996,11,6.3,675
92592,Active,894770,NA,NA,D,0,0,6987433.348,39,1991,16,18.74,675
92593,Active,3616095,NA,NA,D,0,0,1571257,39.95,1900,21,24.02,129.33
92594,Active,2527962,NA,NA,D,0,0,970721.1775,37.5,1992,19,12.84,68.03
92595,Active,829923,NA,NA,D,2,1,1779311.054,55,1992,18,4,45.67
92596,Active,2524318,NA,NA,D,1,0,1800699.491,42.95,2004,23,20.03,155.7
92597,Active,721103,NA,NA,D,1,0,1107670.753,34.95,2003,26,6.37,18.99
92598,Active,2596599,NA,NA,D,1,0,1138283.58,124.99,1990,24,22.69,83.19
92599,Active,1586539,NA,NA,D,1,0,1919655.619,99.99,2010,24,44.83,95.8
92600,Active,1653555,NA,NA,D,0,0,5761335.548,124.95,2008,15,26.44,74
92601,Active,614631,NA,NA,D,0,0,1060942.94,74.95,1979,67,4,7.93
92602,Active,3139261,NA,NA,D,1,0,501329.0063,40,2001,84,14.07,25.94
92603,Active,145512,NA,NA,D,5,1,501189.6688,141.2,2006,41,8.64,51.79
92604,Active,909490,NA,NA,D,1,0,2783239.784,94.99,2003,24,6.88,46.09
92605,Active,907140,NA,NA,D,0,0,1693659.483,54.5,1996,27,16.95,57.66
92606,Active,2502563,NA,NA,D,0,0,1597926.225,99,1985,20,10.55,55.73
92607,Active,697470,NA,NA,D,0,0,2943255.346,28.18,2006,24,4.36,28.17
92608,Active,349798,NA,NA,D,1,0,944098.2738,93.95,2003,26,13.48,74.56
92609,Active,635751,NA,NA,D,1,0,1454758.359,59.99,2011,26,23.74,80.54
92610,Active,342950,NA,NA,D,4,1,6445178.386,99.19,2003,18,5.18,99.19
92611,Active,870323,NA,NA,D,5,1,803163.5613,437.67,2005,22,14.63,88.9
92612,Active,619715,NA,NA,D,1,0,558632.9563,67.95,2000,34,4,57.85
92613,Active,757832,NA,NA,D,1,0,1683556.156,111,2002,27,28.08,76.3
92614,Active,2501830,NA,NA,D,1,0,3580105.1,295,2005,18,48.97,129.45
92615,Active,636221,NA,NA,D,0,0,1695715.741,99,2007,23,21.09,36.94
92616,Active,2502414,NA,NA,D,0,0,1765720.671,179,2000,25,19.65,26.28
92617,Active,1568254,NA,NA,D,1,0,5226879.958,183,2008,1,0,0
92618,Active,627442,NA,NA,D,1,0,487952.2438,93.95,2010,28,47.48,0
92619,Active,3615968,NA,NA,D,0,0,1024430.1,39.95,1996,42,4,18.98
92620,Active,179031,NA,NA,D,1,0,992595.695,112.95,2000,25,52.61,206.04
92621,Active,639123,NA,NA,D,0,0,3383157.751,129,2006,20,66.98,86
92622,Active,697814,NA,NA,D,0,0,1097649.938,42.22,1998,38,4,12.49
92623,Active,624552,NA,NA,D,0,0,365684.705,49.99,1998,40,4.41,19.43
92624,Active,637239,NA,NA,D,0,0,1061595.813,74.95,2007,18,38.98,62.98
92625,Active,3472153,NA,NA,D,1,0,3391140.4,67,2002,42,4,12.29
92626,Active,2376777,NA,NA,D,0,0,3863009.611,41,1992,17,4,9.99
92627,Active,628374,NA,NA,D,1,0,1522560.341,126.95,2004,26,4.47,13.91
92628,Active,3819956,NA,NA,D,0,0,11413868.9,0,2000,12,12.11,111.27
92629,Active,3013678,NA,NA,D,0,0,516518.4713,125.83,2001,17,53.43,125.53
92630,Active,2917791,NA,NA,D,0,0,964645.2038,48.94,1980,41,5.73,28.99
92631,Active,173649,NA,NA,D,0,0,2429175.495,44.99,2003,52,4,6.93
92632,Active,3118041,NA,NA,D,0,0,1212904.27,39.95,2004,26,8.85,25.78
92633,Active,897508,NA,NA,D,1,0,5871397.544,88.95,2004,16,9.23,72.87
92634,Active,2790606,NA,NA,D,0,0,5711381.14,19.95,1987,19,4.27,9.98
92635,Active,2675818,NA,NA,D,0,0,5846894.995,11.95,1994,26,3.99,5.69
92636,Active,2082225,NA,NA,D,0,0,274166.8425,50,2014,26,16.38,16.69
92637,Active,3613458,NA,NA,D,22,1,1279327.95,521,2003,20,23.43,184.41
92638,Active,1701770,NA,NA,D,1,0,1604071.193,42.95,2011,21,20.24,70.48
92639,Active,897981,NA,NA,D,0,0,2383529.086,35,1985,17,4.76,32.34
92640,Active,2615148,NA,NA,D,0,0,463925.6488,49.99,2005,50,11.43,16.45
92641,Active,634793,NA,NA,D,1,0,1385394.94,49.95,1997,26,4,53.51
92642,Active,577643,NA,NA,D,0,0,2927338.601,59.95,2001,17,4,13.57
92643,Active,1544273,NA,NA,D,1,0,1856974.503,43.95,2014,17,29.45,35.82
92644,Active,1855475,NA,NA,D,7,1,770325.4738,49.99,2013,28,6.97,32.55
92645,Active,631906,NA,NA,D,1,0,648940.5163,44.95,1997,40,4.77,13.94
92646,Active,901144,NA,NA,D,0,0,2226643.515,66.33,2004,15,19.98,47.98
92647,Active,2867030,NA,NA,D,0,0,948402.8788,49.95,1993,22,11.28,72.17
92648,Active,3477428,NA,NA,D,0,0,2398393.75,49.95,2009,17,5.86,300.45
92649,Active,127074,NA,NA,D,0,0,440600.9813,74,2009,55,4.08,3.89
92650,Active,912137,NA,NA,D,2,1,2910652.55,53.95,2002,23,4,12.69
92651,Active,1693727,NA,NA,D,1,0,2442113.469,67,2006,15,25.76,45
92652,Active,152494,NA,NA,D,0,0,1341193.105,119,2008,22,57.98,91.93
92653,Active,3821687,NA,NA,D,1,0,664839.25,41.95,1994,74,5.4,18.87
92654,Active,3107196,NA,NA,D,0,0,126609.4,39.99,1900,16,0,26.49
92655,Active,1473001,NA,NA,D,1,0,3530610.328,53,2010,15,17.62,52.49
92656,Active,608775,NA,NA,D,5,1,1023116.078,18.98,2004,36,4,17.99
92657,Active,270668,NA,NA,D,0,0,1136614.65,50,2010,60,4,4
92658,Active,913427,NA,NA,D,1,0,2574526.548,39.95,1998,34,4,45.05
92659,Active,665971,NA,NA,D,0,0,3431010.641,154.95,2007,9,60.81,60.8
92660,Active,2420104,NA,NA,D,1,0,1080513.388,150,2005,19,18.09,47.21
92661,Active,189669,NA,NA,D,0,0,1005885.138,80,2001,16,23.94,43.98
92662,Active,599673,NA,NA,D,0,0,2159107.206,80,2005,19,4,0
92663,Active,211336,NA,NA,D,0,0,1330101.628,23.95,1999,55,4,5.99
92664,Active,894844,NA,NA,D,0,0,8221926.4,133,2002,9,6.06,100.21
92665,Active,163188,NA,NA,D,4,1,347225.9613,77.95,2009,38,6.39,55.98
92666,Active,2560984,NA,NA,D,0,0,636342.7213,185,1966,19,15.74,60.51
92667,Active,2793321,NA,NA,D,1,0,1467029.16,25.99,1999,66,3.99,10.17
92668,Active,2620406,NA,NA,D,1,0,434931.2663,110.95,2005,23,9.59,43.36
92669,Active,2178841,NA,NA,D,0,0,1516433.105,69.95,2008,18,58.98,46.63
92670,Active,2566769,NA,NA,D,1,0,7044651.3,10.8,1996,25,4,10.8
92671,Active,762897,NA,NA,D,1,0,8109559,290,2000,18,32.6,204.66
92672,Active,2613477,NA,NA,D,0,0,4743151.233,115,2001,22,10.88,59.47
92673,Active,2612036,NA,NA,D,1,0,2522362.568,190,2005,24,40.89,59.28
92674,Active,2569000,NA,NA,D,0,0,540065.6938,96.17,1976,17,37.32,98.99
92675,Active,2696060,NA,NA,D,0,0,2939698.961,146.95,2001,11,111.4,116.4
92676,Active,2177639,NA,NA,D,0,0,1453886.993,189,2006,22,56.98,50.63
92677,Active,2532003,NA,NA,D,0,0,2000154.621,35.95,1997,26,4.67,13.59
92678,Active,3151288,NA,NA,D,3,1,2536240.113,69.95,2002,18,9.19,12.02
92679,Active,1591825,NA,NA,D,1,0,2272735.03,190,2006,18,45.74,75.37
92680,Active,172308,NA,NA,D,1,0,672103.0913,54.95,2011,21,13.99,33.34
92681,Active,688710,NA,NA,D,1,0,1056379.211,26,2001,29,4,22.94
92682,Active,2737606,NA,NA,D,0,0,753024.225,49.95,1998,26,17.54,33.24
92683,Active,2419384,NA,NA,D,1,0,1055648.443,125,2005,22,19.15,51.81
92684,Active,2082968,NA,NA,D,2,1,1242482.91,129.95,2013,13,48.12,239.15
92685,Active,231215,NA,NA,D,0,0,384155.3638,79,2003,36,9.54,30.67
92686,Active,905808,NA,NA,D,0,0,1916285.061,60,2006,18,15.24,23.57
92687,Active,2615099,NA,NA,D,0,0,3738427.304,140,2004,17,20.94,45.72
92688,Active,2609950,NA,NA,D,0,0,4198846.071,144.99,2000,20,26.25,103.59
92689,Active,901215,NA,NA,D,0,0,2013589.143,45.95,2006,10,6.93,38.35
92690,Active,3823366,NA,NA,D,2,1,4335814.7,49.99,2000,20,4.56,28.99
92691,Active,904091,NA,NA,D,0,0,841059.9063,67,2005,16,14.39,41.34
92692,Active,641542,NA,NA,D,0,0,974449.3625,69.95,2009,16,33.99,40.56
92693,Active,883552,NA,NA,D,8,1,4194774.941,75.65,2004,9,7.98,75.63
92694,Active,484487,NA,NA,D,1,0,2042414.394,145.95,2008,15,24.78,65.02
92695,Active,1839975,NA,NA,D,1,0,1585393.051,150,2008,17,32.44,69.39
92696,Active,1719488,NA,NA,D,1,0,8397276.985,140,2009,13,41.39,123.12
92697,Active,298065,NA,NA,D,0,0,956278.14,41.95,2003,19,102.99,228.89
92698,Active,2310094,NA,NA,D,0,0,1280367.895,15.95,1966,14,31.99,111.07
92699,Active,2400838,NA,NA,D,1,0,4147304.204,120,2003,13,11.4,54.27
92700,Active,1582314,NA,NA,D,1,0,1622683.904,39.99,2011,16,18.1,21.2
92701,Active,788374,NA,NA,D,1,0,401528.0125,92.95,2006,50,4.53,13.98
92702,Active,202405,NA,NA,D,1,0,3331804.088,145.95,2002,45,4,5.08
92703,Active,788023,NA,NA,D,0,0,1085241.19,118.95,2002,36,4.13,0
92704,Active,591306,NA,NA,D,1,0,1488874.415,114.95,2003,19,7.49,47.93
92705,Active,2699371,NA,NA,D,2,1,803156.4713,99,1992,21,6.25,49.63
92706,Active,1697890,NA,NA,D,0,0,618413.7375,27.95,2013,47,8.14,22.3
92707,Active,911084,NA,NA,D,0,0,1220794.731,49.95,2003,30,13.55,67.79
92708,Active,1626839,NA,NA,D,0,0,1001726.804,55,2007,13,19,25.98
92709,Active,2408001,NA,NA,D,1,0,2014110.844,98,1996,24,16.5,59.85
92710,Active,557087,NA,NA,D,1,0,406576.93,156.6,2000,39,6.95,53.81
92711,Active,2854377,NA,NA,D,0,0,2245061.474,25.95,1998,14,8.49,24.12
92712,Active,2362975,NA,NA,D,1,0,1649178.084,183.95,1999,17,5.47,33
92713,Active,2876072,NA,NA,D,0,0,1163084.373,39.95,2000,25,17.43,104.42
92714,Active,2615463,NA,NA,D,0,0,3911786.689,139.99,2005,19,38.55,119.62
92715,Active,841533,NA,NA,D,1,0,582062.6188,57.75,1994,29,25.98,48.99
92716,Active,249094,NA,NA,D,1,0,451573.5438,36.95,2007,72,4.29,43.85
92717,Active,825537,NA,NA,D,1,0,4462625.815,35.8,1999,21,4.22,23.96
92718,Active,227761,NA,NA,D,3,1,2790151.42,62,2002,21,4.51,22.92
92719,Active,632809,NA,NA,D,1,0,2847665.413,36.99,2009,18,7.74,33.93
92720,Active,202191,NA,NA,D,1,0,1414836.299,163.95,1999,46,4,13.64
92721,Active,2896776,NA,NA,D,1,0,652867.48,39.95,2000,17,4,17.99
92722,Active,774833,NA,NA,D,5,1,2247970.606,47.95,1999,24,4,13.99
92723,Active,1938025,NA,NA,D,0,0,1407612.651,169,2011,11,102.99,109
92724,Active,2613825,NA,NA,D,1,0,1549718.88,119.99,2002,62,8.49,13.27
92725,Active,635035,NA,NA,D,1,0,637053.5,44,2010,26,9.11,0
92726,Active,2626553,NA,NA,D,1,0,1848994.205,127.95,1996,18,4.13,37.89
92727,Active,125872,NA,NA,D,1,0,1103493.635,172.95,2002,33,5.64,62.96
92728,Active,899140,NA,NA,D,1,0,1965659.671,138.92,1998,17,16.71,127.74
92729,Active,804562,NA,NA,D,4,1,1536785.049,189,2009,23,68.84,86.98
92730,Active,1562983,NA,NA,D,4,1,3460311.454,65.95,2007,12,7.39,70.48
92731,Active,2663585,NA,NA,D,0,0,1860185.949,429,1986,22,4,87.5
92732,Active,743570,NA,NA,D,0,0,2261411.013,475,2003,8,63.98,203.12
92733,Active,909322,NA,NA,D,0,0,1528505.535,199,2005,22,41.99,48.74
92734,Active,743612,NA,NA,D,1,0,1583239.609,84.95,2004,17,72.94,315.84
92735,Active,555272,NA,NA,D,0,0,2468765.748,54.95,1993,30,4,12.82
92736,Active,2826717,NA,NA,D,3,1,2399798.525,65,2005,21,4,45.75
92737,Active,910918,NA,NA,D,6,1,1346037.124,103.23,1982,25,4,57.65
92738,Active,884112,NA,NA,D,2,1,5402225.86,89.95,2006,14,25.66,93.87
92739,Active,887708,NA,NA,D,0,0,4603090.5,34.95,1997,13,18.99,185.37
92740,Active,152045,NA,NA,D,0,0,783185.1188,149,2004,28,4,44.91
92741,Active,156166,NA,NA,D,1,0,2460226.151,115.95,1998,20,4,28.94
92742,Active,751282,NA,NA,D,7,1,1384379.76,74.49,2009,15,21.54,81
92743,Active,883966,NA,NA,D,1,0,4029279.906,27.01,2005,18,17.34,20.48
92744,Active,163819,NA,NA,D,1,0,470126.48,241.95,2001,27,25.99,76.58
92745,Active,901828,NA,NA,D,1,0,3997888.441,109.95,2002,16,4.98,47.85
92746,Active,1533896,NA,NA,D,0,0,1847322.469,139,2007,16,6.99,50.39
92747,Active,1533686,NA,NA,D,0,0,1779950.319,149,2009,24,102.29,113.61
92748,Active,2376566,NA,NA,D,0,0,3137098.05,40.79,1983,28,4,23.99
92749,Active,2566647,NA,NA,D,2,1,2849250.833,140,1994,17,83.93,249.45
92750,Active,164498,NA,NA,D,1,0,1311828.933,110,1999,47,4,22.81
92751,Active,597119,NA,NA,D,0,0,1618261.131,33,1995,29,4,52.37
92752,Active,2335453,NA,NA,D,0,0,4082998.751,65,1995,17,4,6.6
92753,Active,637811,NA,NA,D,1,0,259441.145,44.99,2011,30,20.74,0
92754,Active,152334,NA,NA,D,0,0,1899766.086,249,2007,33,11.67,34.87
92755,Active,3820385,NA,NA,D,0,0,860121.85,43.95,1990,22,4,101.52
92756,Active,3843916,NA,NA,D,1,0,4890561,79.95,2008,13,40.28,316.51
92757,Active,105955,NA,NA,D,1,0,2111623.543,89.95,2003,30,4,28.94
92758,Active,265054,NA,NA,D,0,0,2091504.481,59.95,2011,23,5.03,25.41
92759,Active,2027507,NA,NA,D,0,0,1554361.894,75,2011,30,4.56,15.72
92760,Active,398125,NA,NA,D,1,0,860522.5763,52.5,2006,28,6.48,32.89
92761,Active,385712,NA,NA,D,1,0,2950219.36,70,2007,13,16.99,73.69
92762,Active,2568779,NA,NA,D,1,0,534230.3925,84.09,1970,25,6.2,94.79
92763,Active,3468132,NA,NA,D,1,0,4963584.5,140.75,1999,18,18.99,350.36
92764,Active,107322,NA,NA,D,1,0,326732.7975,338.25,2000,39,63.85,0
92765,Active,166480,NA,NA,D,1,0,2469796.376,135,2006,18,11.05,68.47
92766,Active,1574832,NA,NA,D,3,1,728095.7963,196.95,2010,17,9.16,152.2
92767,Active,169950,NA,NA,D,3,1,208205.025,196.95,2009,34,82.3,158.53
92768,Active,3491194,NA,NA,D,1,0,1881993.65,70,1984,32,14.18,72.61
92769,Active,108055,NA,NA,D,0,0,2598668.224,111.49,2002,14,30.56,0
92770,Active,661117,NA,NA,D,1,0,1284198.145,78.95,2011,18,42.04,52.01
92771,Active,533450,NA,NA,D,4,1,453758.4588,214.75,2008,25,70.94,272.05
92772,Active,3272704,NA,NA,D,3,1,2071210.179,186.36,2004,22,71.6,182.77
92773,Active,1921906,NA,NA,D,0,0,191520.8125,149,2009,58,73.81,79.98
92774,Active,2559291,NA,NA,D,0,0,2646538.404,466.35,1978,23,4,88.01
92775,Active,3049385,NA,NA,D,1,0,1758099.605,159.95,1997,16,11.66,73.73
92776,Active,754121,NA,NA,D,1,0,1898271.634,150,2009,19,97.94,125.49
92777,Active,2179550,NA,NA,D,0,0,1671067.274,229,2009,20,174.58,152.67
92778,Active,223033,NA,NA,D,1,0,1850236.479,119.95,1997,27,4,24.48
92779,Active,2336049,NA,NA,D,1,0,5511684.911,108.83,1957,26,9.26,108.83
92780,Active,2917376,NA,NA,D,1,0,6068040.2,222.95,1996,2,0,0
92781,Active,130079,NA,NA,D,1,0,1530453.395,44.99,2001,50,4,13.97
92782,Active,596945,NA,NA,D,1,0,1590031.343,91,2008,50,4,5.88
92783,Active,1651402,NA,NA,D,1,0,2387987.87,57.95,2007,17,29.49,45.35
92784,Active,1490441,NA,NA,D,1,0,365896.2325,54,2012,42,30.99,34.45
92785,Active,2188608,NA,NA,D,0,0,1125414.094,169,2010,21,45.06,94.46
92786,Active,912512,NA,NA,D,0,0,286759.4725,12.95,1971,34,10.6,72.24
92787,Active,2570803,NA,NA,D,1,0,3728933.249,150,1992,18,6.98,72.69
92788,Active,3814971,NA,NA,D,0,0,4374340.95,179,2006,51,95.16,103.15
92789,Active,2203210,NA,NA,D,1,0,271034.9638,62.95,2007,40,37.48,38.13
92790,Active,3140114,NA,NA,D,1,0,2292747.368,59.95,2003,21,4.91,13.98
92791,Active,265643,NA,NA,D,1,0,901932.9688,60,2010,30,4,0
92792,Active,919345,NA,NA,D,0,0,612219.9938,25,1986,59,4.27,21.67
92793,Active,199111,NA,NA,D,1,0,2367000.698,55.95,2004,46,4,5.01
92794,Active,3066833,NA,NA,D,0,0,6599850.991,39.95,2003,19,5.13,35.33
92795,Active,615124,NA,NA,D,1,0,1023864.548,39.95,2003,81,4,10.94
92796,Active,901717,NA,NA,D,1,0,2560014.496,84.99,2005,21,6.29,28.98
92797,Active,618223,NA,NA,D,1,0,454770.6575,36,2003,63,4,4.98
92798,Active,2635420,NA,NA,D,1,0,2356312.826,39.95,2002,32,4,17.64
92799,Active,757914,NA,NA,D,1,0,1743814.843,50,2003,53,4,8.73
92800,Active,3564058,NA,NA,D,1,0,14953648.65,129.95,2003,0,0,0
92801,Active,144455,NA,NA,D,0,0,2683304.285,88.4,2005,26,4,46.89
92802,Active,181954,NA,NA,D,1,0,815241.0875,49.99,2009,46,4,16.73
92803,Active,918399,NA,NA,D,0,0,1485299.156,44.95,2005,42,4,23.99
92804,Active,1559046,NA,NA,D,1,0,650283.99,49.95,2011,20,38.31,38.31
92805,Active,711470,NA,NA,D,0,0,783894.7138,44.2,2004,24,8.73,42.56
92806,Active,741103,NA,NA,D,0,0,567153.7225,39.99,2006,32,4,0
92807,Active,2139276,NA,NA,D,0,0,4259966.083,60,2006,22,12.44,32.96
92808,Active,614751,NA,NA,D,1,0,2423061.27,86.6,1997,35,4,9.48
92809,Active,3475178,NA,NA,D,4,1,1035916.9,122,1997,33,11.35,69.15
92810,Active,758939,NA,NA,D,1,0,1846683.295,50,2000,43,4,7.28
92811,Active,502364,NA,NA,D,0,0,805499.7913,110,2005,59,4.34,0
92812,Active,895660,NA,NA,D,0,0,4349116.479,99,2006,15,4.98,78.44
92813,Active,2598493,NA,NA,D,1,0,2808085.601,200,1992,25,20.39,95.74
92814,Active,2342218,NA,NA,D,0,0,1880701.659,42.5,1966,17,8.43,170.76
92815,Active,2595582,NA,NA,D,1,0,2109736.12,69.95,1989,19,28.85,74.12
92816,Active,740662,NA,NA,D,2,1,2071822.148,54.99,2005,25,4,6.25
92817,Active,575682,NA,NA,D,1,0,1006827.886,61.95,2011,113,11.15,54.03
92818,Active,104835,NA,NA,D,2,1,396319.8863,93.12,1996,77,4,18.94
92819,Active,1477875,NA,NA,D,1,0,1961730.839,61,2011,55,9.24,20.53
92820,Active,273422,NA,NA,D,0,0,1024729.778,50,2008,19,20.23,80.91
92821,Active,273420,NA,NA,D,0,0,648268.8088,50,2007,23,19.91,62.48
92822,Active,2505756,NA,NA,D,0,0,476543.08,75,1991,18,17.8,43.98
92823,Active,2011621,NA,NA,D,0,0,1872401.119,29.95,2011,11,20.99,37.63
92824,Active,3066250,NA,NA,D,1,0,1642455.025,99.95,1995,18,8.92,70.27
92825,Active,541879,NA,NA,D,0,0,1664490.11,122,2001,20,28.94,90.3
92826,Active,1727650,NA,NA,D,0,0,1964967.951,98,2012,14,63.99,96.01
92827,Active,891874,NA,NA,D,0,0,2822246.78,72.95,2007,17,4.85,117.09
92828,Active,3125701,NA,NA,D,2,1,1911777.259,49.95,2000,21,4,33.97
92829,Active,557148,NA,NA,D,1,0,4924691.384,35.4,2001,29,4,4.33
92830,Active,793077,NA,NA,D,2,1,4753026.318,65,1999,13,8.48,28.99
92831,Active,194958,NA,NA,D,0,0,954909.1838,39.95,2003,43,4,23.99
92832,Active,2248448,NA,NA,D,2,1,3330450.938,55.6,2006,79,10.19,54.54
92833,Active,881582,NA,NA,D,0,0,2101281.888,0,2011,16,4.97,0
92834,Active,904940,NA,NA,D,0,0,6193395.314,47,2000,15,6.39,49.46
92835,Active,761048,NA,NA,D,2,1,4294709.523,65,2000,25,4.58,13.99
92836,Active,1649355,NA,NA,D,0,0,1641263.141,60,2012,12,12.51,59.52
92837,Active,289785,NA,NA,D,0,0,898926.8463,91.95,2010,24,9.94,56.65
92838,Active,582338,NA,NA,D,2,1,1480257.128,69,2008,48,4,0
92839,Active,370860,NA,NA,D,1,0,2779988.268,41.95,1998,25,4,11.99
92840,Active,247575,NA,NA,D,1,0,1280719.64,42.95,2006,17,6.86,15.99
92841,Active,190823,NA,NA,D,3,1,3411026.105,61.95,2010,15,4,366.65
92842,Active,2376750,NA,NA,D,0,0,3030624.15,42.99,1985,19,4.01,42.99
92843,Active,1555794,NA,NA,D,1,0,2069178.774,63.95,2007,20,4.38,49.25
92844,Active,666497,NA,NA,D,0,0,2450656.46,269,2008,21,187.5,192.61
92845,Active,577065,NA,NA,D,0,0,670138.3925,195.73,1999,45,4,84.69
92846,Active,2424508,NA,NA,D,0,0,5630944.664,38.6,1989,19,4,33.75
92847,Active,2418355,NA,NA,D,2,1,2052969.573,29.95,2001,17,4,43.43
92848,Active,576377,NA,NA,D,0,0,2201904.56,74,2003,17,4.98,50.67
92849,Active,742314,NA,NA,D,1,0,1180761.664,49.99,2009,29,4,6.94
92850,Active,640993,NA,NA,D,0,0,1334482.375,59.65,1993,19,9.06,45.67
92851,Active,531249,NA,NA,D,2,1,3368956.994,74.95,2005,15,4.64,73.51
92852,Active,720834,NA,NA,D,0,0,5028434.83,75,2005,24,6.18,8.99
92853,Active,764068,NA,NA,D,1,0,8075891.679,95.95,2001,18,13.97,150.17
92854,Active,629338,NA,NA,D,0,0,9640157.5,89,1995,29,4.77,23.94
92855,Active,2670399,NA,NA,D,2,1,5242308.8,95.85,1993,16,5.3,72.89
92856,Active,2614496,NA,NA,D,0,0,2056843.605,110,2005,20,9.93,13.99
92857,Active,902723,NA,NA,D,1,0,551223.3325,114,2000,29,4,21.89
92858,Active,2117133,NA,NA,D,1,0,3252529.786,80,2009,13,10.23,13.99
92859,Active,285877,NA,NA,D,0,0,2555771.939,100.2,2005,23,4,7.82
92860,Active,2568496,NA,NA,D,3,1,5234769.75,0,2002,13,9.97,87.33
92861,Active,531243,NA,NA,D,9,1,766918.9788,308.99,2011,23,31.14,92.94
92862,Active,243357,NA,NA,D,1,0,2340075.1,44.95,2007,27,9.97,30.15
92863,Active,243355,NA,NA,D,1,0,1943589.948,44.95,2005,12,12.46,29
92864,Active,3030061,NA,NA,D,21,1,3627440.649,49.5,1998,21,4,48.63
92865,Active,3489259,NA,NA,D,0,0,1829092.9,50,2010,25,22.85,23.36
92866,Active,3485391,NA,NA,D,1,0,517011.55,144.8,2014,61,31.98,116.02
92867,Active,2569243,NA,NA,D,2,1,4689068.183,180,2001,14,5.47,73.59
92868,Active,788880,NA,NA,D,2,1,4319131.986,259,2000,19,6.31,158.15
92869,Active,2578393,NA,NA,D,1,0,1386361.596,88.5,1985,19,11.88,78.94
92870,Active,120134,NA,NA,D,5,1,700256.5625,126.6,2009,19,38.51,62.84
92871,Active,268489,NA,NA,D,1,0,418246.2063,37,2008,26,4,17.99
92872,Active,392246,NA,NA,D,0,0,2212301.541,289,2008,20,4.78,47.97
92873,Active,2663598,NA,NA,D,1,0,1973619.97,95,1996,22,6.01,54.03
92874,Active,2840755,NA,NA,D,1,0,1114423.896,211.6,1996,21,26.89,103.04
92875,Active,592165,NA,NA,D,1,0,885567.5063,84,2011,41,38.97,101.31
92876,Active,2252834,NA,NA,D,1,0,2480354.211,0,2006,18,9.08,26.3
92877,Active,3577617,NA,NA,D,2,1,7747044.6,0,1972,23,3.99,57.72
92878,Active,667342,NA,NA,D,0,0,1108067.133,179,2012,17,146.49,146.4
92879,Active,2147986,NA,NA,D,1,0,1950392.625,150,2007,15,30.41,57.46
92880,Active,630869,NA,NA,D,1,0,1220189.665,262,2009,24,59.59,153.98
92881,Active,657432,NA,NA,D,0,0,1144630.936,339,2010,16,116.14,0
92882,Active,905903,NA,NA,D,1,0,2509889.109,290,2007,20,77.8,103.99
92883,Active,1857455,NA,NA,D,1,0,2521720.61,328.95,2007,18,83.94,249.31
92884,Active,249104,NA,NA,D,1,0,2175177.03,336,2007,21,46.78,268.41
92885,Active,891584,NA,NA,D,1,0,907117.3788,279,2004,23,29.98,123.99
92886,Active,641352,NA,NA,D,1,0,1110502.254,339,2012,36,58.94,247.42
92887,Active,803868,NA,NA,D,1,0,1832193.27,279,2004,23,32.6,150.19
92888,Active,248797,NA,NA,D,1,0,1312434.565,319,2005,21,31.43,287.79
92889,Active,774547,NA,NA,D,1,0,721973.1863,290,2004,19,78.98,138.9
92890,Active,635089,NA,NA,D,2,1,1109649.095,339,2010,14,153.98,276.2
92891,Active,629815,NA,NA,D,1,0,2265067.426,399,2008,15,46,160.9
92892,Active,634716,NA,NA,D,1,0,1118885.135,399,2006,19,30.98,63.97
92893,Active,658421,NA,NA,D,2,1,831905.3763,339,2011,16,233.99,1803.99
92894,Active,248932,NA,NA,D,1,0,1894295.356,399,2007,18,116.03,143.99
92895,Active,648933,NA,NA,D,0,0,931624.115,299,2012,14,147.04,0
92896,Active,651753,NA,NA,D,1,0,1047557.258,299,2011,16,60.84,128.36
92897,Active,644667,NA,NA,D,0,0,955595.8713,299,2012,19,139.98,0
92898,Active,774754,NA,NA,D,1,0,7326000.593,379,2000,18,74.99,156.45
92899,Active,264205,NA,NA,D,1,0,2660441.411,39.95,2002,34,4.35,9.99
92900,Active,640909,NA,NA,D,1,0,1453184.859,159.95,2005,17,68.18,162.17
92901,Active,2405529,NA,NA,D,0,0,3206068.663,70,1990,13,27.58,79.9
92902,Active,831973,NA,NA,D,0,0,3320126.578,77.95,1987,28,4,43.31
92903,Active,2608867,NA,NA,D,0,0,5448086.654,135,1999,14,19.95,43.99
92904,Active,2722269,NA,NA,D,0,0,3483853.68,140,2003,17,4.29,73.92
92905,Active,2613670,NA,NA,D,0,0,1567763.311,110,2003,17,5.87,45.99
92906,Active,3200051,NA,NA,D,0,0,972130.6525,68.98,2001,14,33.89,68.97
92907,Active,2586364,NA,NA,D,0,0,1508057.746,44.99,2003,23,4.67,28.95
92908,Active,763140,NA,NA,D,1,0,3160124.423,70,1999,20,4,46.79
92909,Active,748391,NA,NA,D,0,0,2409359.951,85,2005,20,4.55,61.1
92910,Active,2648113,NA,NA,D,4,1,3889696.305,33.95,1997,21,4,10.98
92911,Active,1720512,NA,NA,D,0,0,852741.1363,55,2007,23,33.99,113.94
92912,Active,196769,NA,NA,D,6,1,3624375.613,93.95,2004,16,34.68,63.98
92913,Active,2648253,NA,NA,D,3,1,7806205.8,82.95,2000,6,12.23,0
92914,Active,869887,NA,NA,D,3,1,2510149.556,115,2005,21,8.49,53.39
92915,Active,2769720,NA,NA,D,0,0,987209.7963,49.99,2005,25,28.94,56.94
92916,Active,671682,NA,NA,D,9,1,2076851.238,159.95,2010,15,26.79,85.61
92917,Active,3272131,NA,NA,D,5,1,732941.8488,209.41,1998,43,33.56,133.21
92918,Active,2323396,NA,NA,D,4,1,2773404.95,47.95,1993,21,4,78.61
92919,Active,2504853,NA,NA,D,1,0,1802526.526,100,1986,49,6.39,44
92920,Active,2383839,NA,NA,D,4,1,3801322.954,91,1997,19,9.6,53.99
92921,Active,3530909,NA,NA,D,0,0,8807035.15,0,1975,10,24.45,0
92922,Active,120426,NA,NA,D,3,1,4096493.56,93.33,1996,12,16.74,103.99
92923,Active,2342074,NA,NA,D,3,1,2934715.598,61.5,1989,24,4,33.94
92924,Active,286093,NA,NA,D,2,1,336715.4725,114.2,2006,42,5.29,70.96
92925,Active,1839210,NA,NA,D,1,0,3184785.346,104.95,2006,15,6.38,48.78
92926,Active,638274,NA,NA,D,0,0,2427089.076,69.99,2005,19,35.93,35.96
92927,Active,3589157,NA,NA,D,1,0,4207879.65,65.95,1994,15,31.49,114.01
92928,Active,2572753,NA,NA,D,0,0,1986037.494,209,1988,45,7.54,32.99
92929,Active,656237,NA,NA,D,1,0,1619224.208,59.95,1999,19,4.98,63.88
92930,Active,892033,NA,NA,D,0,0,4249718.514,119,2008,12,66.69,66.74
92931,Active,891116,NA,NA,D,0,0,5730333.091,59,1990,11,42.64,472.22
92932,Active,293147,NA,NA,D,1,0,2094432.546,176,2002,19,6.59,15
92933,Active,3084111,NA,NA,D,1,0,2229965.683,239.99,2005,22,9.85,462.63
92934,Active,1779904,NA,NA,D,1,0,1595801.11,114,2014,13,66.95,70.49
92935,Active,644319,NA,NA,D,0,0,4865011.05,12.95,1984,23,4,12.95
92936,Active,625902,NA,NA,D,0,0,1826444.459,219,1995,28,22.85,48.99
92937,Active,623131,NA,NA,D,3,1,971136.3813,99,1997,38,11.09,18.62
92938,Active,756580,NA,NA,D,1,0,4978495.185,12.43,1997,24,4,4.39
92939,Active,699187,NA,NA,D,0,0,8003882.8,0,2012,16,16.46,27.99
92940,Active,1585270,NA,NA,D,1,0,1958720.256,125,2010,28,40.99,85.82
92941,Active,446648,NA,NA,D,1,0,1674108.359,15.98,2009,26,4,21.6
92942,Active,2621739,NA,NA,D,3,1,4420806.543,140.95,1993,23,4,21.24
92943,Active,2621952,NA,NA,D,4,1,2706927.523,140.95,1996,32,4,14.98
92944,Active,2361838,NA,NA,D,0,0,1723119.001,93.95,1993,20,4.5,25.88
92945,Active,626775,NA,NA,D,1,0,632541.6388,127,1997,24,25.39,114.22
92946,Active,2239779,NA,NA,D,0,0,1830652.986,99.95,2012,18,86.55,77.29
92947,Active,2377032,NA,NA,D,1,0,1418757.1,110,1974,21,32.6,73.98
92948,Active,199319,NA,NA,D,1,0,3023018.463,33.95,2003,37,3.88,4.99
92949,Active,199331,NA,NA,D,0,0,2144612.989,26.95,2003,28,3.75,0
92950,Active,910247,NA,NA,D,1,0,1667694.87,30.95,2005,37,4,10.9
92951,Active,630100,NA,NA,D,2,1,411078.5663,31.95,2009,25,4.57,57.79
92952,Active,895922,NA,NA,D,1,0,3967130.86,169,2006,18,12.83,63.51
92953,Active,893236,NA,NA,D,1,0,6783386.909,199.95,2004,17,6.94,24.66
92954,Active,3529236,NA,NA,D,0,0,5440515.95,69.95,1984,9,6.61,0
92955,Active,661363,NA,NA,D,1,0,2385624.279,205,2009,7,73.63,98.94
92956,Active,115028,NA,NA,D,6,1,752110.1525,132,2001,31,4,28.99
92957,Active,906567,NA,NA,D,0,0,1240679.984,49.99,2011,23,15.94,30.39
92958,Active,755418,NA,NA,D,2,1,4261078.353,150,2003,14,18.02,33.49
92959,Active,762391,NA,NA,D,0,0,5098332.975,115,2001,17,6.37,52.19
92960,Active,762784,NA,NA,D,1,0,3236628.811,180,1997,14,9.85,21.87
92961,Active,2434757,NA,NA,D,3,1,4167192.72,59.95,1995,12,5.91,63.94
92962,Active,1724855,NA,NA,D,2,1,3006344.778,220,2006,10,88.45,184.43
92963,Active,3023832,NA,NA,D,0,0,1851275.838,50,1999,47,4,11.52
92964,Active,258821,NA,NA,D,0,0,590126.7338,34.95,2007,25,4.51,132.81
92965,Active,917613,NA,NA,D,1,0,1763911.391,56.95,2006,34,4,12.98
92966,Active,758696,NA,NA,D,1,0,3025480.838,115,2000,15,84.5,298.89
92967,Active,2573395,NA,NA,D,1,0,641713.89,237.95,1988,29,13.33,67.84
92968,Active,2376996,NA,NA,D,0,0,934033.775,100,1987,55,4.31,44.23
92969,Active,3129794,NA,NA,D,0,0,2191781.794,69,1997,15,4.33,38.99
92970,Active,904098,NA,NA,D,2,1,1207052.099,180.63,1982,18,14.43,69.41
92971,Active,2299623,NA,NA,D,0,0,618948,0,1900,11,0,0
92972,Active,871942,NA,NA,D,4,1,497353.33,40,2005,27,29.33,35.54
92973,Active,788122,NA,NA,D,1,0,1595991.13,226.95,2000,34,4.32,33.68
92974,Active,3568075,NA,NA,D,0,0,16571445.95,207.95,2000,0,0,0
92975,Active,2376911,NA,NA,D,1,0,2863531.81,82,1991,27,4,51.41
92976,Active,915567,NA,NA,D,1,0,3256191.56,74.95,2000,26,4,43.67
92977,Active,129637,NA,NA,D,2,1,237783.4,139,2002,42,11.82,73.98
92978,Active,2851454,NA,NA,D,1,0,2250583.63,104.95,2003,17,88.19,96.98
92979,Active,2320720,NA,NA,D,1,0,6899117.624,41.31,1984,28,4.39,18.99
92980,Active,1651878,NA,NA,D,1,0,2298339.515,56.95,2009,30,3.98,20.48
92981,Active,901365,NA,NA,D,1,0,3278653.411,69.95,2009,15,8.02,16.94
92982,Active,195958,NA,NA,D,0,0,1294429.696,22.95,2009,36,4,0
92983,Active,3609986,NA,NA,D,0,0,3553182.75,180,2000,39,15.03,63.97
92984,Active,763077,NA,NA,D,1,0,8502505.8,65,2000,26,4.44,45.15
92985,Active,545237,NA,NA,D,1,0,401019.3938,39.99,2011,45,6.79,16.94
92986,Active,1533524,NA,NA,D,0,0,1225577.46,199,2006,26,76.61,150.46
92987,Active,1609612,NA,NA,D,0,0,2284278.185,150,2010,14,136.08,135.72
92988,Active,2906305,NA,NA,D,0,0,2116379.585,36.95,1999,34,4,10
92989,Active,109335,NA,NA,D,1,0,2081933.466,1514.67,2004,14,4,72.91
92990,Active,743764,NA,NA,D,1,0,1587337.42,56.95,2007,39,4,25.9
92991,Active,913291,NA,NA,D,1,0,1181639.784,39.95,2006,37,4.13,19.95
92992,Active,1488896,NA,NA,D,1,0,1430348.525,52.95,2008,42,8.1,40.59
92993,Active,2611975,NA,NA,D,1,0,5719402.398,80,2002,16,6.34,35.99
92994,Active,698798,NA,NA,D,3,1,3544409.22,136.35,2005,16,28.84,135
92995,Active,420112,NA,NA,D,1,0,1269362.616,107,2007,48,5.45,23.89
92996,Active,2549508,NA,NA,D,0,0,1901269.518,229,1994,29,79.84,82.76
92997,Active,897269,NA,NA,D,0,0,2326027.653,120.95,2006,24,31.18,81.99
92998,Active,911654,NA,NA,D,1,0,2210497.571,47.95,2004,27,4,44.22
92999,Active,2377061,NA,NA,D,0,0,3228457.61,23.4,1990,22,4.38,86.91
93000,Active,2266945,NA,NA,D,10,1,779619.0163,105.15,2006,20,10.58,112.98
93001,Active,2676491,NA,NA,D,0,0,4023811.823,80.5,1990,34,4.12,89.43
93002,Active,904786,NA,NA,D,2,1,2422662.653,62.95,2002,20,4,43.33
93003,Active,697220,NA,NA,D,0,0,2928838.736,60,1997,19,4.36,9.12
93004,Active,1533497,NA,NA,D,0,0,2354651.051,199,2006,19,121.98,121.99
93005,Active,662365,NA,NA,D,1,0,1483439.691,106.95,2012,18,15.68,67.99
93006,Active,3148903,NA,NA,D,1,0,1193924.954,129,2004,17,9.31,73.53
93007,Active,908445,NA,NA,D,1,0,3168579.083,91.95,2001,27,4.97,32.75
93008,Active,157296,NA,NA,D,0,0,5104302.778,62.95,2005,20,6.38,50.94
93009,Active,226104,NA,NA,D,6,1,5087905.438,75.95,2006,12,6.39,50.97
93010,Active,885592,NA,NA,D,1,0,5469111.214,53.15,2010,8,4,0
93011,Active,213130,NA,NA,D,2,1,2343638.089,51.95,2004,27,4,10.95
93012,Active,3718808,NA,NA,D,3,1,1394795,79.99,2016,0,0,79.99
93013,Active,2753607,NA,NA,D,0,0,3258466.553,145,2003,19,88.99,141.94
93014,Active,2598844,NA,NA,D,0,0,2472645.244,136.99,1994,18,6.28,67.97
93015,Active,2601207,NA,NA,D,0,0,2667513.915,110,1996,17,20.07,93.35
93016,Active,2596881,NA,NA,D,1,0,2730768.25,195,1990,21,53.98,137.31
93017,Active,898324,NA,NA,D,5,1,4513193.739,87.95,1995,11,5.53,73.27
93018,Active,2179119,NA,NA,D,0,0,2757228.608,99,2009,20,67.03,78.14
93019,Active,1687982,NA,NA,D,1,0,5495848.726,130,2007,11,7.59,91.88
93020,Active,2116910,NA,NA,D,0,0,2291336.861,36,2013,19,20.63,24.09
93021,Active,1469246,NA,NA,D,1,0,2788919.684,100,2009,16,20.94,31.95
93022,Active,1957265,NA,NA,D,1,0,1964470.884,93.6,2013,15,18.49,80.45
93023,Active,1687792,NA,NA,D,1,0,5217230.221,140,2007,15,59.79,71.83
93024,Active,3603788,NA,NA,D,0,0,5492312.2,44,1995,21,4,43.97
93025,Active,897339,NA,NA,D,2,1,2847957.401,28,2009,20,13.88,25.76
93026,Active,832721,NA,NA,D,1,0,3265044.295,92,1996,28,4,28.99
93027,Active,891601,NA,NA,D,3,1,6286565.005,66,2004,10,4.17,130.45
93028,Active,899991,NA,NA,D,4,1,4897915.21,8.97,2006,17,5.77,5.85
93029,Active,687057,NA,NA,D,1,0,1132767.411,27,2009,11,19.79,27
93030,Active,1867523,NA,NA,D,1,0,664591.0713,87.95,2009,41,10.07,63.97
93031,Active,3788191,NA,NA,D,0,0,957146.3,95,1998,29,19.88,60.39
93032,Active,1536057,NA,NA,D,0,0,7831108.633,89.95,2007,3,0,0
93033,Active,582447,NA,NA,D,0,0,1599597.23,39.95,2007,18,4.21,33.17
93034,Active,2405330,NA,NA,D,1,0,1593848.325,25,1989,35,4.28,41.86
93035,Active,555279,NA,NA,D,0,0,975424.0938,53,1992,49,4.47,7.99
93036,Active,722433,NA,NA,D,1,0,1883486.938,56,2007,21,15.99,18.97
93037,Active,2541460,NA,NA,D,0,0,9186631.95,170,2003,11,14.07,134.97
93038,Active,1938889,NA,NA,D,0,0,1701557.195,62,2013,12,5.8,21.09
93039,Active,908394,NA,NA,D,0,0,1794056.695,73.99,2004,25,12.52,59.52
93040,Active,872627,NA,NA,D,1,0,2784762.178,64.4,2001,58,4,11.49
93041,Active,2255641,NA,NA,D,4,1,7308582.794,0,2011,19,25.9,128.81
93042,Active,228662,NA,NA,D,3,1,2467008.598,64.95,1996,26,4.34,14.01
93043,Active,552485,NA,NA,D,0,0,3008161.055,99,2007,27,4.13,16.19
93044,Active,844199,NA,NA,D,0,0,2034930.126,39.96,1986,18,4,72.59
93045,Active,1604662,NA,NA,D,1,0,172998.3613,13.3,2012,14,8.42,13.99
93046,Active,1773044,NA,NA,D,0,0,9054942.586,99.25,2012,5,13.94,69.82
93047,Active,278555,NA,NA,D,1,0,2408588.195,51.95,2004,26,4,18.58
93048,Active,1483412,NA,NA,D,2,1,1158214.08,118.67,2013,21,43.63,1636.37
93049,Active,763164,NA,NA,D,1,0,8411518.109,70,1999,19,4,40.78
93050,Active,774009,NA,NA,D,4,1,8757978.661,73.85,1998,17,4,50.53
93051,Active,609698,NA,NA,D,2,1,3177450.423,25,2001,23,4.35,64.37
93052,Active,1609564,NA,NA,D,0,0,2491018.839,49.5,2011,21,35.92,47.62
93053,Active,3472761,NA,NA,D,3,1,5101676.3,82,1992,38,4.14,21.76
93054,Active,909592,NA,NA,D,0,0,2296785.674,68.95,1992,23,4.76,62.73
93055,Active,2675816,NA,NA,D,0,0,3716970.724,56.95,1994,33,4,8.49
93056,Active,655977,NA,NA,D,0,0,3541969.849,50,1977,25,4,44.85
93057,Active,871308,NA,NA,D,0,0,373204.9463,27.74,2010,12,7.46,27.85
93058,Active,3149417,NA,NA,D,0,0,1369744.641,249,1991,18,140.78,182.02
93059,Active,899947,NA,NA,D,0,0,3213066.911,93.33,1993,23,6.38,81.64
93060,Active,2189975,NA,NA,D,0,0,1532062.968,129,2011,18,69.99,99.03
93061,Active,3524366,NA,NA,D,1,0,2253700.65,162,1992,22,9.62,118.78
93062,Active,903963,NA,NA,D,1,0,1406835.259,43.99,2009,15,4,5.88
93063,Active,2409726,NA,NA,D,0,0,5478199.194,85,1993,13,8.69,51.6
93064,Active,531154,NA,NA,D,12,1,1856069.531,254.99,2008,14,127.2,141.69
93065,Active,789345,NA,NA,D,3,1,3758685.814,279,2004,22,9.19,48.45
93066,Active,2598446,NA,NA,D,0,0,7714612.129,188.99,1992,14,5.6,0
93067,Active,2892050,NA,NA,D,0,0,3945278.428,219,1996,11,7.35,90.67
93068,Active,920304,NA,NA,D,0,0,516152.2625,79.95,1987,59,6.62,30.98
93069,Active,2598441,NA,NA,D,1,0,2158212.589,124.99,1992,23,17.24,55.91
93070,Active,1469091,NA,NA,D,1,0,3746806.485,135,2008,19,15.37,66.81
93071,Active,2892362,NA,NA,D,1,0,687549.5113,75,1981,58,19.43,103.94
93072,Active,2702292,NA,NA,D,0,0,1025431.693,12.99,2004,32,4.43,83.35
93073,Active,2608955,NA,NA,D,1,0,2768219.719,420,2000,16,18.89,64.36
93074,Active,2663314,NA,NA,D,3,1,3972843.994,129,1996,18,4.75,11.97
93075,Active,3619188,NA,NA,D,7,1,2949532.3,184.63,2004,16,101.78,277.27
93076,Active,3619190,NA,NA,D,9,1,1783580.2,378,2011,10,741.16,0
93077,Active,574737,NA,NA,D,1,0,1806766.06,43.95,2008,24,8.5,10.4
93078,Active,2545264,NA,NA,D,0,0,2440478.609,29.95,1993,23,4,33.48
93079,Active,3495347,NA,NA,D,0,0,527368.8,47,1965,40,30,38.15
93080,Active,2605823,NA,NA,D,1,0,2392180.979,67.99,1997,19,13.93,52.96
93081,Active,2703863,NA,NA,D,1,0,2094891.665,58.72,2005,18,11.57,33.99
93082,Active,905981,NA,NA,D,2,1,3052389.855,35.95,2006,21,6.64,59.33
93083,Active,3492672,NA,NA,D,0,0,4512049.65,117.95,1993,18,8.91,28.99
93084,Active,2618572,NA,NA,D,1,0,3211703.355,21.95,1993,35,4,12.96
93085,Active,763543,NA,NA,D,2,1,2214664.876,29.95,1997,31,4,23.95
93086,Active,762142,NA,NA,D,1,0,2296798.145,134,2006,17,62.56,129.37
93087,Active,907018,NA,NA,D,1,0,403251.5538,73.95,1986,29,7.66,17.28
93088,Active,542441,NA,NA,D,0,0,32976.1,39.5,1984,57,23.33,36.49
93089,Active,888351,NA,NA,D,1,0,2098796.101,99,2008,20,8.29,73.87
93090,Active,2333210,NA,NA,D,0,0,1695456.471,67.1,1984,29,4,48.94
93091,Active,614680,NA,NA,D,1,0,989977.8538,196,1994,52,4,22.87
93092,Active,1649203,NA,NA,D,0,0,1965232.229,65,2008,18,4.84,72.39
93093,Active,2827840,NA,NA,D,0,0,2369164.741,79.95,1996,17,34.48,33.93
93094,Active,2610647,NA,NA,D,0,0,4766240.923,88.99,1999,10,4.97,112.49
93095,Active,267665,NA,NA,D,1,0,489980.4063,39.95,2003,26,6.49,57.15
93096,Active,846880,NA,NA,D,0,0,600755.8263,44.36,1994,21,4,0
93097,Active,51197,NA,NA,D,4,1,417315.15,153.2,2008,127,4,21.84
93098,Active,2866230,NA,NA,D,0,0,6475391.39,36.95,2003,12,4,72.33
93099,Active,247606,NA,NA,D,2,1,4950658.119,40.95,2005,23,3.13,4.24
93100,Active,1649179,NA,NA,D,0,0,2435869.838,39.95,2009,19,7.33,25
93101,Active,108393,NA,NA,D,4,1,481853.0563,10,2004,36,4,0
93102,Active,586046,NA,NA,D,1,0,302381.615,49.95,2008,40,7.47,87.99
93103,Active,60281,NA,NA,D,1,0,1615882.295,68.6,2000,27,3.99,15.99
93104,Active,1472224,NA,NA,D,1,0,1110494.503,87,2008,19,33.92,53.89
93105,Active,1473951,NA,NA,D,1,0,3809333.886,140,2011,19,18.83,77.29
93106,Active,1468638,NA,NA,D,1,0,3767546.948,120,2011,22,23.98,44.66
93107,Active,1553344,NA,NA,D,0,0,5150080.225,140,2011,12,36.64,116.61
93108,Active,624146,NA,NA,D,0,0,2025452.734,43.95,2004,26,4,11.21
93109,Active,1823273,NA,NA,D,2,1,814227.25,0,2013,27,9.93,53.92
93110,Active,3083822,NA,NA,D,2,1,746778.4825,189,2005,19,38.98,41.97
93111,Active,913432,NA,NA,D,0,0,2022004.285,55,2004,25,4,11.77
93112,Active,3526546,NA,NA,D,1,0,331943.75,83.95,2011,69,11.89,48.85
93113,Active,2909873,NA,NA,D,3,1,6308268.6,49.95,2005,16,4.83,54.47
93114,Active,2146147,NA,NA,D,0,0,3328682.208,34.95,2008,23,4,67.52
93115,Active,654317,NA,NA,D,1,0,697334.165,69,1997,13,18.46,118.99
93116,Active,3074357,NA,NA,D,0,0,2983707.07,88,2004,18,5.67,25.1
93117,Active,255758,NA,NA,D,1,0,2305334.565,47.95,2005,33,4,14.99
93118,Active,3242691,NA,NA,D,0,0,2915474.125,35.19,2005,18,16.22,38.99
93119,Active,255727,NA,NA,D,1,0,1506164.691,29.95,2000,33,4,13.99
93120,Active,228198,NA,NA,D,0,0,2339330.246,75,2005,18,38.17,218.09
93121,Active,1472657,NA,NA,D,1,0,1238589.889,51,2011,40,8.08,16.4
93122,Active,1472336,NA,NA,D,1,0,502535.01,68,2009,20,39.82,200.83
93123,Active,870124,NA,NA,D,1,0,3062646.356,41.95,2007,14,4.98,48.99
93124,Active,897795,NA,NA,D,1,0,3992918.563,46.95,2001,23,4,42.45
93125,Active,245972,NA,NA,D,1,0,1497670.844,80,2005,61,4,7.83
93126,Active,137738,NA,NA,D,0,0,1318447.359,48,2004,32,4,17.99
93127,Active,2723295,NA,NA,D,1,0,2060358.486,51.95,1999,21,6.38,50.07
93128,Active,2723722,NA,NA,D,1,0,8906856.188,49.95,2000,17,4,48.21
93129,Active,908691,NA,NA,D,1,0,4262381.215,61,2001,26,4.05,48.74
93130,Active,580702,NA,NA,D,0,0,3073992.721,37,2009,21,4,8.49
93131,Active,2264516,NA,NA,D,2,1,4681171.25,51.32,2009,11,16.62,51.32
93132,Active,2290631,NA,NA,D,3,1,53519,77.45,2012,25,45.96,65.93
93133,Active,908823,NA,NA,D,0,0,1273459.371,120,2010,18,10.5,88.6
93134,Active,3210331,NA,NA,D,1,0,3451552.809,58,2003,25,7.53,34.28
93135,Active,158114,NA,NA,D,0,0,511274.7263,42.95,2007,42,4,8.98
93136,Active,199407,NA,NA,D,1,0,2719863.659,73.95,2004,22,5.9,69.84
93137,Active,247657,NA,NA,D,2,1,3343553.655,62,2007,15,7.91,51.2
93138,Active,616285,NA,NA,D,1,0,2676068.081,40,2000,70,4,10.86
93139,Active,801331,NA,NA,D,0,0,1049915.088,63,2009,19,18.52,39.06
93140,Active,2620626,NA,NA,D,3,1,3873444.15,35.95,1996,16,4.48,11.89
93141,Active,872173,NA,NA,D,1,0,1415752.373,43.4,2002,29,4,13.49
93142,Active,799935,NA,NA,D,1,0,4665078.614,35.95,2005,19,5.69,68.77
93143,Active,562467,NA,NA,D,4,1,883956.9463,40,2005,31,5.87,42.99
93144,Active,541126,NA,NA,D,5,1,624855.1013,40,2010,25,3.85,0
93145,Active,2596919,NA,NA,D,1,0,5968542.509,59.95,1990,15,8.25,73.97
93146,Active,893895,NA,NA,D,1,0,2531236.934,180,2008,13,33.27,38.74
93147,Active,1475555,NA,NA,D,1,0,1642720.968,58,2014,42,29.7,32.19
93148,Active,3463380,NA,NA,D,1,0,7437717.85,116.8,2002,20,4,7.85
93149,Active,3581106,NA,NA,D,1,0,2346317.05,56.95,1999,22,21.99,53.94
93150,Active,128854,NA,NA,D,1,0,3197385.153,125,2005,26,25.97,93.4
93151,Active,271597,NA,NA,D,1,0,1829534.009,310,2004,12,40.64,176.55
93152,Active,101778,NA,NA,D,0,0,1121162.294,26.99,2003,110,3.99,0
93153,Active,2906783,NA,NA,D,0,0,780340.0288,16.95,1998,18,22.48,68.79
93154,Active,257620,NA,NA,D,5,1,1978054.799,34.95,2004,30,4,6.05
93155,Active,3610994,NA,NA,D,1,0,805073.8,35,2005,37,8.35,77.59
93156,Active,1533423,NA,NA,D,0,0,2141918.616,209,2006,17,64.28,73.87
93157,Active,2679871,NA,NA,D,2,1,2633018.689,190,1992,17,4.75,73.33
93158,Active,2780092,NA,NA,D,1,0,1714949.079,68,1977,23,11.84,73.97
93159,Active,717922,NA,NA,D,0,0,548210.11,45,2001,46,5.1,23.94
93160,Active,2856159,NA,NA,D,0,0,2284474.025,77.92,1985,18,6.98,73.97
93161,Active,2856780,NA,NA,D,1,0,1208195.711,128.11,1988,72,4.86,113.31
93162,Active,266988,NA,NA,D,7,1,375434.4013,26.64,2008,19,7.82,0
93163,Active,1474811,NA,NA,D,15,1,4364449.009,75,2010,13,6.3,73.75
93164,Active,260663,NA,NA,D,6,1,1935383.145,245,2008,21,31.84,173.33
93165,Active,2501454,NA,NA,D,0,0,7690972.85,0,2001,9,12.68,0
93166,Active,904406,NA,NA,D,1,0,2145903.794,116.95,2000,21,34.37,91.99
93167,Active,2027485,NA,NA,D,0,0,2169286.779,69.95,2010,13,5.13,37.21
93168,Active,115217,NA,NA,D,1,0,962843.4825,62.6,2001,37,4.19,11.74
93169,Active,2028243,NA,NA,D,1,0,711350.97,45,2008,19,28.93,30.82
93170,Active,756637,NA,NA,D,1,0,1013323.484,54.95,2002,47,5.73,13.98
93171,Active,2597464,NA,NA,D,0,0,2959859.898,140,1996,34,9.99,98.78
93172,Active,2526357,NA,NA,D,1,0,2677770.136,43.1,1989,21,3.49,42.22
93173,Active,1470775,NA,NA,D,0,0,1993110.923,55,2011,15,48.22,108.13
93174,Active,660561,NA,NA,D,4,1,1255108.326,220,1997,19,92.52,150.65
93175,Active,231204,NA,NA,D,0,0,1386269.333,79,1999,27,4,4.12
93176,Active,3827840,NA,NA,D,0,0,783321.05,34.95,2010,31,22.88,22.87
93177,Active,3245835,NA,NA,D,0,0,2929785.164,31.08,2004,21,9.66,30.88
93178,Active,652767,NA,NA,D,1,0,179740.2975,45,2010,45,34.99,39.07
93179,Active,598920,NA,NA,D,0,0,2165623.438,169,2008,25,91.98,116.99
93180,Active,903128,NA,NA,D,1,0,2816902.668,184.99,2008,40,15.99,39.27
93181,Active,639399,NA,NA,D,6,1,1281088.611,129,2005,36,21.64,98.39
93182,Active,636227,NA,NA,D,0,0,1299447.768,89.99,2007,42,22.87,33.84
93183,Active,159418,NA,NA,D,1,0,1178488.879,91.95,2006,23,6.32,43.98
93184,Active,3033695,NA,NA,D,25,1,2109391.39,174,2005,14,53.48,133.45
93185,Active,906925,NA,NA,D,16,1,429224.4613,54.95,2014,32,4,4.99
93186,Active,899317,NA,NA,D,9,1,2105987.72,49.95,2011,18,4,44.41
93187,Active,3066173,NA,NA,D,0,0,9701006.165,62.95,2003,5,40.6,258.93
93188,Active,2030958,NA,NA,D,0,0,2408249.789,229,2008,21,23.06,13.98
93189,Active,632646,NA,NA,D,1,0,2332191.921,209.95,2007,14,62.28,156.01
93190,Active,649475,NA,NA,D,1,0,935974.11,39.95,2013,39,16.99,24.1
93191,Active,265145,NA,NA,D,1,0,1515188.103,131,2005,12,10.19,111.07
93192,Active,420600,NA,NA,D,6,1,1398215.105,57,2000,33,4,45.15
93193,Active,641728,NA,NA,D,3,1,1508994.36,52.95,2005,40,4,14.66
93194,Active,761044,NA,NA,D,1,0,1419984.374,88.5,2004,30,4,11.99
93195,Active,910306,NA,NA,D,1,0,3402222.971,109,2003,20,5.55,37.89
93196,Active,531097,NA,NA,D,4,1,1180476.685,58,2011,14,38.43,49.22
93197,Active,1473305,NA,NA,D,1,0,3496847.766,49.95,2010,17,18,47.61
93198,Active,896378,NA,NA,D,4,1,6424237.628,71.95,2005,15,4.77,68.76
93199,Active,532842,NA,NA,D,27,1,1255178.764,54.25,2012,41,4,8.74
93200,Active,720870,NA,NA,D,1,0,594329.2163,45,2002,25,4.98,27.14
93201,Active,883611,NA,NA,D,0,0,9407497.198,137,2004,10,11.27,110.91
93202,Active,914865,NA,NA,D,0,0,191154.6788,39.95,2010,54,5.98,11.98
93203,Active,657235,NA,NA,D,1,0,2363444.329,84,2004,30,4,9.98
93204,Active,870361,NA,NA,D,3,1,1212621.339,131.41,2004,32,24.14,151.43
93205,Active,2590549,NA,NA,D,0,0,1286007.693,110,1980,27,5.42,53.97
93206,Active,2267949,NA,NA,D,1,0,610510,0,2007,11,0,0
93207,Active,208765,NA,NA,D,12,1,870759.715,99.95,2004,31,16.89,0
93208,Active,658557,NA,NA,D,1,0,713239.5313,252,2009,29,81.44,218.43
93209,Active,909602,NA,NA,D,2,1,3881059.303,25,1994,24,4,13.84
93210,Active,3571472,NA,NA,D,0,0,14683.25,64.99,2011,49,0,48.87
93211,Active,2754298,NA,NA,D,0,0,42750.83125,29.95,2003,36,28.69,68.93
93212,Active,893839,NA,NA,D,2,1,4648622.926,99,1997,15,48.75,107.48
93213,Active,2533290,NA,NA,D,0,0,1823181.278,67,1997,29,4.36,33.99
93214,Active,1539712,NA,NA,D,9,1,1871337.223,48.95,2007,23,16.44,40.06
93215,Active,902806,NA,NA,D,0,0,2081807.515,70,2004,13,28.18,90.7
93216,Active,1723647,NA,NA,D,7,1,769652.2075,81.95,2011,8,13.69,77.89
93217,Active,169415,NA,NA,D,3,1,3556093.78,81.95,2007,5,4.28,11.09
93218,Active,1723723,NA,NA,D,10,1,2408788.224,93.95,2011,7,12.24,15.24
93219,Active,2629008,NA,NA,D,0,0,168321.3463,7.99,1993,186,4,7.59
93220,Active,909161,NA,NA,D,1,0,2262764.504,62.95,2007,46,5.59,57.27
93221,Active,2827930,NA,NA,D,0,0,1751905.185,89.95,2001,21,41.79,59.78
93222,Active,333655,NA,NA,D,0,0,2470996.039,149,2007,24,46.82,56.91
93223,Active,2608973,NA,NA,D,1,0,6541393.75,110,1999,18,12.51,86.33
93224,Active,333576,NA,NA,D,0,0,1398541.804,169,2004,26,10.98,63.12
93225,Active,907526,NA,NA,D,0,0,3447252.35,240,2001,26,55.29,82.91
93226,Active,289287,NA,NA,D,0,0,1802450.015,159,2001,54,10.51,20.99
93227,Active,1592495,NA,NA,D,0,0,2353616.705,170,2006,21,15.32,38.97
93228,Active,2827905,NA,NA,D,1,0,3250706.168,59.95,2000,19,6.04,63.73
93229,Active,439558,NA,NA,D,0,0,2391867.063,289,2009,21,74.49,120.46
93230,Active,3148656,NA,NA,D,2,1,16715941.6,99,2000,12,42.59,91.9
93231,Active,131765,NA,NA,D,5,1,3293047.683,81.8,2003,28,4,27.49
93232,Active,2502474,NA,NA,D,0,0,1827965.824,259,2001,23,22.29,78.81
93233,Active,2670710,NA,NA,D,4,1,2412807.385,47.25,1994,22,4.94,40.8
93234,Active,201669,NA,NA,D,0,0,2086182.065,210,2005,32,4,27.97
93235,Active,227330,NA,NA,D,2,1,1861854.916,90.95,1996,17,6.38,48.8
93236,Active,175849,NA,NA,D,1,0,650282.3,115,2005,43,47.21,90.25
93237,Active,2593621,NA,NA,D,0,0,6156038.15,54.95,1987,12,6.61,80.03
93238,Active,674589,NA,NA,D,0,0,452509.92,24.95,1995,100,4,11.64
93239,Active,283515,NA,NA,D,2,1,2422437.041,179.95,2002,22,52.32,168.02
93240,Active,906792,NA,NA,D,0,0,821221.7438,27.25,1975,33,15.82,75.66
93241,Active,2118647,NA,NA,D,1,0,7969616.059,39.95,2006,12,24.6,39.94
93242,Active,756371,NA,NA,D,2,1,1401026.139,33.95,2011,28,7.97,25.36
93243,Active,755345,NA,NA,D,3,1,14732145.3,155,2003,7,5.95,0
93244,Active,2260819,NA,NA,D,0,0,4401755.396,127.06,2009,15,24.32,113.69
93245,Active,575189,NA,NA,D,0,0,1634691.115,52.95,2000,24,18.79,54.28
93246,Active,2543676,NA,NA,D,1,0,6683653.929,190,2005,12,26.99,71.74
93247,Active,182596,NA,NA,D,1,0,481404.5138,83.95,2002,24,4,13.31
93248,Active,1590791,NA,NA,D,1,0,3988097.119,73,2010,17,26.28,60.97
93249,Active,131486,NA,NA,D,2,1,6219211.605,90.8,2001,28,3.95,7.99
93250,Active,891591,NA,NA,D,1,0,6388544.95,51.95,2004,18,4.64,45.73
93251,Active,801220,NA,NA,D,0,0,3151933.043,58,2008,18,5.19,61.05
93252,Active,899722,NA,NA,D,0,0,4060121.794,24.95,2006,19,6.47,22.93
93253,Active,3041544,NA,NA,D,0,0,1700598.883,99.95,2005,13,21.49,32.98
93254,Active,1687707,NA,NA,D,0,0,785338.2838,28.5,2009,14,26.86,27.95
93255,Active,1840561,NA,NA,D,1,0,7515363.091,127.95,2008,14,33.66,82.99
93256,Active,916965,NA,NA,D,1,0,213989.5125,110,1999,35,5.98,14.96
93257,Active,2533536,NA,NA,D,1,0,1139591.833,41.95,2000,65,6.34,35.77
93258,Active,2607039,NA,NA,D,0,0,4635019.189,124.99,1997,17,49.52,111.56
93259,Active,494718,NA,NA,D,1,0,2183880.266,133.95,2007,17,4.2,45.69
93260,Active,217885,NA,NA,D,1,0,2539432.244,45,2011,11,20.99,45
93261,Active,2599503,NA,NA,D,0,0,7095553.743,67.99,1994,7,36.12,0
93262,Active,2590691,NA,NA,D,0,0,1696025.69,94.99,1992,17,6.39,103.98
93263,Active,2264166,NA,NA,D,1,0,23248,57.25,1900,33,0,0
93264,Active,2014476,NA,NA,D,1,0,1368647.025,45,2008,20,12.65,129.97
93265,Active,112798,NA,NA,D,1,0,2915053.908,82.95,2004,21,8.09,40.81
93266,Active,899118,NA,NA,D,0,0,370980.6375,14.2,2009,15,4.38,103.99
93267,Active,893449,NA,NA,D,0,0,1698125.649,113.55,2010,18,4,48.59
93268,Active,177352,NA,NA,D,0,0,7497756.531,98.95,1998,10,4.38,52.99
93269,Active,2406371,NA,NA,D,0,0,7874322.493,44.95,1996,31,4,23.47
93270,Active,2753696,NA,NA,D,0,0,2785703.881,45,2005,22,37.65,150.75
93271,Active,716822,NA,NA,D,0,0,2290984.891,68.6,1998,22,4,23.98
93272,Active,651873,NA,NA,D,0,0,646437.9188,59.95,2009,24,24.28,32.29
93273,Active,914499,NA,NA,D,2,1,681285.535,103.03,2008,28,12.4,77.63
93274,Active,889461,NA,NA,D,0,0,2289870.711,99.95,1997,13,11.94,87.05
93275,Active,1725643,NA,NA,D,0,0,3433615.768,62.95,2007,13,32.05,78.14
93276,Active,128930,NA,NA,D,1,0,2516986.991,170,2003,17,46.2,144.49
93277,Active,800149,NA,NA,D,5,1,3057040.863,57.95,2005,23,4,43.58
93278,Active,2008083,NA,NA,D,1,0,2667944.505,79.95,2006,16,19.77,55.6
93279,Active,2436910,NA,NA,D,0,0,1985467.176,44,2004,23,13.94,28.78
93280,Active,164501,NA,NA,D,1,0,1806214.964,37.95,1999,67,3.98,5.64
93281,Active,151673,NA,NA,D,1,0,1715899.814,45,1997,30,15.75,44.95
93282,Active,2267308,NA,NA,D,1,0,1282131,0,2009,21,0,0
93283,Active,159406,NA,NA,D,1,0,2176570.843,40.95,2001,26,4.62,21.92
93284,Active,903112,NA,NA,D,1,0,3844684.871,74.95,2007,14,33.69,81.19
93285,Active,656512,NA,NA,D,1,0,846505.3288,361,2009,41,199.07,317.98
93286,Active,2823757,NA,NA,D,0,0,1730286.95,147,1990,16,82.69,310.63
93287,Active,248887,NA,NA,D,1,0,1600113.291,120,2007,20,11.18,110.51
93288,Active,116497,NA,NA,D,0,0,3993819.803,59.99,2003,29,3.95,8.98
93289,Active,145177,NA,NA,D,0,0,2225095.994,64.99,2005,35,4,7.99
93290,Active,163306,NA,NA,D,0,0,1188257.579,130,2006,14,31.79,99.7
93291,Active,1466071,NA,NA,D,1,0,5664925.843,150,2008,12,49.53,127.6
93292,Active,719022,NA,NA,D,1,0,3846247.25,35,2000,19,8.52,60.13
93293,Active,584724,NA,NA,D,1,0,361341.7063,67.95,2008,25,8.79,0
93294,Active,257200,NA,NA,D,1,0,306847.51,49.95,2003,43,5.34,44.25
93295,Active,207041,NA,NA,D,0,0,974566.8588,23.95,1998,41,4,13.98
93296,Active,195917,NA,NA,D,0,0,1501673.018,22.95,2005,26,4,0
93297,Active,2594229,NA,NA,D,1,0,2585028.256,73.99,1986,48,4,10.94
93298,Active,2556861,NA,NA,D,2,1,6429900.218,0,1978,9,6.63,0
93299,Active,2650086,NA,NA,D,3,1,2109912.026,155,2000,27,5.97,72.99
93300,Active,2134901,NA,NA,D,1,0,2036472.071,95,2012,15,26.24,64.49
93301,Active,269420,NA,NA,D,1,0,1019635.718,30,2008,25,6.44,25.88
93302,Active,621967,NA,NA,D,1,0,660676.1063,59.9,2010,27,15.83,0
93303,Active,1591819,NA,NA,D,1,0,7848264.746,155,2006,19,55.13,148.81
93304,Active,2604672,NA,NA,D,0,0,5641950.15,167.99,1998,6,43.98,667.71
93305,Active,390497,NA,NA,D,1,0,1205720.428,65,1998,19,7.07,257.72
93306,Active,869895,NA,NA,D,1,0,1323144.801,424.62,2011,19,13.54,213.09
93307,Active,2372443,NA,NA,D,1,0,11358235.8,92.5,2003,10,29.77,158.59
93308,Active,1575965,NA,NA,D,1,0,948001.8313,73.95,2007,24,18.57,47.99
93309,Active,227335,NA,NA,D,0,0,2391511.88,95.95,1999,18,4.09,11.61
93310,Active,120300,NA,NA,D,6,1,306808.0813,193.33,2007,31,60.05,88.99
93311,Active,698317,NA,NA,D,4,1,847174.8325,50.99,1997,28,4,53.99
93312,Active,3842126,NA,NA,D,3,1,5499971.5,63.95,2002,12,11.24,0
93313,Active,619653,NA,NA,D,0,0,3388636.458,557.98,1970,30,4.98,117.91
93314,Active,1456125,NA,NA,D,1,0,2597142.2,142.8,2015,20,29.33,129.49
93315,Active,667738,NA,NA,D,3,1,1492910.468,99.5,2002,21,4.97,35
93316,Active,477908,NA,NA,D,0,0,1343066.07,49.95,2011,31,3.78,6.94
93317,Active,2614363,NA,NA,D,0,0,3053322.671,160,2003,14,17.89,104.31
93318,Active,569227,NA,NA,D,4,1,1083207.85,114,2005,33,6.91,15.33
93319,Active,899912,NA,NA,D,0,0,2462524.184,209,2003,13,66.7,103.46
93320,Active,887662,NA,NA,D,1,0,8834406.835,218,1995,18,7,187.76
93321,Active,863482,NA,NA,D,1,0,1625201.869,75,2007,23,45.9,123.7
93322,Active,2596419,NA,NA,D,0,0,5114246.825,110,1990,18,7.69,95.95
93323,Active,429123,NA,NA,D,2,1,3120692.225,130,2011,17,7.87,82.63
93324,Active,869157,NA,NA,D,2,1,786618.4325,31.02,2009,9,13.95,24.11
93325,Active,1585588,NA,NA,D,0,0,3015866.231,140,2012,17,18.14,17.79
93326,Active,175834,NA,NA,D,1,0,1312338.55,64.99,2005,34,11.36,25.84
93327,Active,1732969,NA,NA,D,3,1,2560534.445,36.95,2008,13,19.4,36.95
93328,Active,3685697,NA,NA,D,0,0,4960756.55,68.95,2012,17,33.78,29.25
93329,Active,2720348,NA,NA,D,0,0,860997.4238,49.99,2001,22,14.73,15.97
93330,Active,1439173,NA,NA,D,10,1,2161286.249,163.14,2011,13,48.92,122.99
93331,Active,907595,NA,NA,D,6,1,4366645.646,185.95,2001,14,4,101.09
93332,Active,2590440,NA,NA,D,1,0,3553167.45,69.5,1980,13,8.74,505.7
93333,Active,833818,NA,NA,D,0,0,2506345.729,126,2001,19,4.69,56.39
93334,Active,882105,NA,NA,D,0,0,8816742.55,49.5,1993,12,5.46,253.88
93335,Active,129062,NA,NA,D,1,0,3590674.633,135,2006,28,15.57,58.69
93336,Active,551160,NA,NA,D,2,1,1865441.179,324.5,2011,14,26.49,367.59
93337,Active,2145772,NA,NA,D,4,1,3316433.208,162.87,2006,16,4.98,116.29
93338,Active,904658,NA,NA,D,0,0,3626735.929,6.95,2007,24,4.22,6.99
93339,Active,2667748,NA,NA,D,0,0,1456780.514,95,2005,18,12.48,18.94
93340,Active,638277,NA,NA,D,0,0,2193012.348,209,2005,17,28.92,169.62
93341,Active,175390,NA,NA,D,0,0,4448409.359,136,2002,13,28.12,111.37
93342,Active,2613295,NA,NA,D,0,0,2965858.746,57,2002,15,16.35,37.94
93343,Active,2450024,NA,NA,D,0,0,5810455.021,45,1993,11,9.95,129.74
93344,Active,2336901,NA,NA,D,2,1,9676170.503,135.5,1994,13,4.35,66.78
93345,Active,293975,NA,NA,D,0,0,1768848.46,59.95,2007,43,4.23,16.64
93346,Active,3843258,NA,NA,D,3,1,3754777.95,39.95,2000,18,8.79,28.09
93347,Active,1593243,NA,NA,D,0,0,8051738.014,110,2006,16,20,95.66
93348,Active,199570,NA,NA,D,1,0,1970336.018,68,2000,41,3.99,11.74
93349,Active,2697790,NA,NA,D,0,0,1804199.479,60.95,1999,18,4.77,49.49
93350,Active,915816,NA,NA,D,1,0,1571360.091,35,1998,34,4,15.99
93351,Active,165515,NA,NA,D,0,0,2707254.264,13.99,2002,21,4,13.99
93352,Active,906233,NA,NA,D,1,0,4698554.018,220,1996,18,14.94,83.63
93353,Active,641394,NA,NA,D,1,0,1400103.22,175,2005,54,61.74,83.39
93354,Active,659267,NA,NA,D,1,0,2265113.52,75,2003,19,19.98,152.35
93355,Active,3925604,NA,NA,D,0,0,457790.2,45,2013,77,28.99,28.99
93356,Active,3617449,NA,NA,D,0,0,789957.8,50,1984,75,8.21,26.49
93357,Active,1719280,NA,NA,D,1,0,3718862.174,44.95,2006,12,23.99,70.71
93358,Active,2801071,NA,NA,D,0,0,4440845.665,37.95,1989,19,4,18.44
93359,Active,1551751,NA,NA,D,1,0,7240380.789,155,2012,11,14.86,84.85
93360,Active,2590249,NA,NA,D,0,0,7580689.645,47.5,1979,15,53.81,98.53
93361,Active,441814,NA,NA,D,2,1,6087924.688,45.95,2006,14,4,0
93362,Active,2794351,NA,NA,D,0,0,1237748.553,6.95,1987,17,4,52.41
93363,Active,775744,NA,NA,D,0,0,2919283.241,132,2004,18,4.57,53.36
93364,Active,3598205,NA,NA,D,0,0,695795.25,45,1991,32,64.34,192.15
93365,Active,215647,NA,NA,D,0,0,7640427.86,44.95,2002,25,6.05,44.7
93366,Active,906087,NA,NA,D,2,1,3757955.633,47.95,2005,25,4,42.59
93367,Active,635502,NA,NA,D,0,0,5874863.631,70.28,1985,17,4.02,52.15
93368,Active,622549,NA,NA,D,1,0,2100206.895,314.95,1997,30,5.91,49.9
93369,Active,687163,NA,NA,D,0,0,216324.3563,29.95,2006,22,11.49,21.99
93370,Active,131182,NA,NA,D,4,1,636293.44,105.2,1998,15,4,70.63
93371,Active,1588195,NA,NA,D,0,0,2759099.604,50,2007,16,4.9,47.47
93372,Active,2935919,NA,NA,D,0,0,9922317.036,259,2004,16,9.92,62.41
93373,Active,895901,NA,NA,D,0,0,1403192.15,45,1996,21,4.4,29.95
93374,Active,434636,NA,NA,D,0,0,1116712.793,105.2,2004,34,4,28.49
93375,Active,177451,NA,NA,D,1,0,1365071.72,187.95,1998,24,4,75.47
93376,Active,646088,NA,NA,D,1,0,1128425.474,69.95,2010,21,14.99,70.99
93377,Active,2261321,NA,NA,D,5,1,1605568.384,67.77,2008,33,7.32,63
93378,Active,2344717,NA,NA,D,0,0,850233.5263,69.6,1991,15,4,154.45
93379,Active,909456,NA,NA,D,0,0,1317660.963,60,2001,20,4.08,46.31
93380,Active,114580,NA,NA,D,3,1,2812141.895,108.2,2005,42,4,4.36
93381,Active,121780,NA,NA,D,2,1,2528842.214,78,1999,37,4,4.21
93382,Active,2602699,NA,NA,D,1,0,2283902.314,155,1996,21,6.45,71.69
93383,Active,2508963,NA,NA,D,0,0,2880231.369,13.95,1998,34,3.99,10.95
93384,Active,2509430,NA,NA,D,1,0,1280650.913,25,1997,31,9.15,53.95
93385,Active,2605351,NA,NA,D,1,0,4562714.9,67.99,1998,15,6.85,57.41
93386,Active,2829427,NA,NA,D,0,0,402599.1588,35,2005,26,22.17,119.12
93387,Active,2598641,NA,NA,D,1,0,1722929.646,150,1993,19,22.93,64.98
93388,Active,3070925,NA,NA,D,1,0,1097064.255,50,2001,43,20.6,65.4
93389,Active,199049,NA,NA,D,2,1,9448220.603,157,2000,10,4.4,92.55
93390,Active,3796567,NA,NA,D,1,0,432722.75,49.99,2009,65,24.4,28.5
93391,Active,794039,NA,NA,D,1,0,2413034.898,80,2005,14,29.83,61.05
93392,Active,889638,NA,NA,D,1,0,7387393.999,51.95,2002,13,4.51,5.38
93393,Active,3239503,NA,NA,D,0,0,5557482.644,101.35,1998,28,19.34,101.35
93394,Active,205623,NA,NA,D,1,0,1543088.236,40,1998,60,4,12.5
93395,Active,724100,NA,NA,D,1,0,2972822.444,53,2009,23,22.49,55.95
93396,Active,2766136,NA,NA,D,0,0,1852252.308,179,1996,28,4.23,70.78
93397,Active,907168,NA,NA,D,3,1,2368649.594,84.95,2007,22,4,41.99
93398,Active,1590246,NA,NA,D,1,0,4881286.344,64.99,2009,14,35.55,51.4
93399,Active,129771,NA,NA,D,1,0,1925837.491,44.99,1998,57,4,22.86
93400,Active,132609,NA,NA,D,2,1,960185.9913,61,2007,18,4.14,89.39
93401,Active,1534217,NA,NA,D,0,0,1746863.389,79.99,2008,24,7.15,21.96
93402,Active,303544,NA,NA,D,6,1,5912840.008,101.95,1997,15,4.34,18.23
93403,Active,229261,NA,NA,D,4,1,368533.495,69,2005,37,18.69,0
93404,Active,799958,NA,NA,D,2,1,8456567.056,51.95,2005,26,4.13,45.93
93405,Active,246615,NA,NA,D,1,0,660239.6113,41.95,2008,31,4,33.46
93406,Active,1820744,NA,NA,D,0,0,1543383.845,56.95,2013,10,56.1,56.51
93407,Active,652940,NA,NA,D,1,0,2446813.434,79.95,1994,19,69.94,122.11
93408,Active,230379,NA,NA,D,0,0,3221455.458,60,1998,22,4,7.54
93409,Active,720033,NA,NA,D,1,0,2811833.674,110,2003,19,18.99,65.81
93410,Active,625260,NA,NA,D,1,0,262962.7838,39.99,2010,42,4,15.01
93411,Active,3512567,NA,NA,D,0,0,7859368.1,99,1993,8,100,0
93412,Active,3136042,NA,NA,D,0,0,618993.065,39.95,2003,17,8.42,92.94
93413,Active,3879226,NA,NA,D,0,0,824351.2,55,1900,15,34.98,35.85
93414,Active,2600214,NA,NA,D,0,0,4478752.425,78.99,1999,11,16.49,74.3
93415,Active,173395,NA,NA,D,0,0,3550203.401,20.95,1999,40,4,18.86
93416,Active,1593602,NA,NA,D,0,0,3883780.121,135,2007,18,52.94,68.89
93417,Active,2528341,NA,NA,D,0,0,1545275.868,39.95,1991,38,4.39,13.99
93418,Active,1533951,NA,NA,D,0,0,1188686.521,99,2007,22,67.23,79.57
93419,Active,362206,NA,NA,D,3,1,2525552.181,62.95,2001,26,4.36,10.94
93420,Active,2614531,NA,NA,D,0,0,4833849.123,144.99,2004,20,30.89,71.9
93421,Active,2602507,NA,NA,D,0,0,2263346.786,49.99,1996,35,4.97,46.84
93422,Active,152451,NA,NA,D,0,0,1801138.759,134,2007,24,43.99,89.33
93423,Active,3043516,NA,NA,D,0,0,1021943.038,13.83,2000,23,4,13.98
93424,Active,753567,NA,NA,D,1,0,1393850.914,102.95,2012,17,14.79,93.66
93425,Active,2319688,NA,NA,D,0,0,5597446.49,52.95,1983,15,4,57.79
93426,Active,3272546,NA,NA,D,1,0,2611677.795,78.75,2005,32,8.48,81.25
93427,Active,2599428,NA,NA,D,1,0,1885287.549,175,1993,20,7.23,88.85
93428,Active,2416705,NA,NA,D,0,0,8480911.948,81.13,2001,26,4.76,40.66
93429,Active,2416715,NA,NA,D,0,0,8885028.97,114.81,2001,23,4.72,114.8
93430,Active,2416709,NA,NA,D,0,0,6358533.5,835.67,2001,19,4.76,49.64
93431,Active,281063,NA,NA,D,0,0,2481568.586,189,1999,18,78.99,99.98
93432,Active,893713,NA,NA,D,2,1,2817121.728,99,2002,14,27.98,90.19
93433,Active,3810881,NA,NA,D,0,0,1713672.15,54.99,2013,29,12.85,54.99
93434,Active,2134255,NA,NA,D,0,0,1290918.393,44.99,2013,37,12.08,42.93
93435,Active,661957,NA,NA,D,1,0,4926967.509,135,2000,13,11.48,109.17
93436,Active,1539819,NA,NA,D,0,0,2427399.593,51.95,2008,22,4.61,8.98
93437,Active,869980,NA,NA,D,4,1,2978830.085,20,2011,13,6.64,10.93
93438,Active,2614876,NA,NA,D,0,0,4867115.631,124.99,2004,16,7.58,49.43
93439,Active,149248,NA,NA,D,0,0,1978257.569,39,2001,37,4,32.98
93440,Active,2753653,NA,NA,D,0,0,1722444.823,55,2004,21,4,28.48
93441,Active,914659,NA,NA,D,1,0,2380282.445,106.95,2003,20,6.34,31.06
93442,Active,2907884,NA,NA,D,0,0,6675319.95,0,2003,9,12.94,0
93443,Active,2851740,NA,NA,D,2,1,1865530.103,132.95,2005,16,20.8,28.98
93444,Active,2398210,NA,NA,D,0,0,8299810.881,57.5,1995,13,4.77,73.97
93445,Active,2377744,NA,NA,D,0,0,2457087.99,67.84,1972,15,4,67.56
93446,Active,697212,NA,NA,D,6,1,1458636.725,23.47,2003,24,12.03,20.83
93447,Active,3472934,NA,NA,D,0,0,2844392.7,68,1988,23,4,44.31
93448,Active,105240,NA,NA,D,4,1,616217.715,81.85,2004,9,17.64,25.84
93449,Active,666350,NA,NA,D,2,1,477375.85,79,2008,22,18.64,103.99
93450,Active,699865,NA,NA,D,1,0,1195752.824,63,2002,17,16.27,80.33
93451,Active,910242,NA,NA,D,1,0,3582511.473,288.95,1995,19,4.34,33.98
93452,Active,106226,NA,NA,D,1,0,2073469.544,156,2004,43,16.29,23.03
93453,Active,3592997,NA,NA,D,1,0,4936635.4,179.95,2002,16,43.99,117.35
93454,Active,2833317,NA,NA,D,1,0,8097253.25,124.95,2000,7,102.49,0
93455,Active,196514,NA,NA,D,2,1,6919251.896,41.95,2003,17,6.34,148.41
93456,Active,165851,NA,NA,D,1,0,1757919.268,174.95,2004,28,19.58,73.98
93457,Active,906910,NA,NA,D,0,0,915499.275,52.95,2005,30,8.02,68.27
93458,Active,696967,NA,NA,D,0,0,711161.1138,54.95,1999,22,7.02,37.74
93459,Active,659397,NA,NA,D,1,0,1273529.59,71.95,1999,14,5.77,43.98
93460,Active,2907495,NA,NA,D,1,0,1635449.719,81.95,2002,26,17.73,23.99
93461,Active,230566,NA,NA,D,3,1,1661416.52,80,2003,18,33.93,42.94
93462,Active,155584,NA,NA,D,2,1,7137409.2,52.95,1997,15,23.98,68.99
93463,Active,2133404,NA,NA,D,2,1,2755230.883,56,2013,10,43.23,56
93464,Active,246258,NA,NA,D,3,1,6210840.414,60,2002,13,18.82,200.05
93465,Active,196568,NA,NA,D,5,1,2071702.589,35.95,2005,13,5.44,95.17
93466,Active,120671,NA,NA,D,0,0,272554.61,89.33,2008,23,17.86,74.44
93467,Active,629817,NA,NA,D,1,0,2204484.873,38.95,2007,21,4,12.95
93468,Active,642482,NA,NA,D,1,0,1366322.715,132,2000,20,4,129.98
93469,Active,2832787,NA,NA,D,2,1,4005409.818,229.95,2003,20,62.47,149.2
93470,Active,648349,NA,NA,D,1,0,1812005.759,229.95,1997,14,43.97,62.99
93471,Active,889412,NA,NA,D,2,1,3782976.743,62.95,1996,14,4.15,53.98
93472,Active,545339,NA,NA,D,2,1,1436015.41,154.95,2009,20,29.59,62.42
93473,Active,253902,NA,NA,D,4,1,903063.3513,206.95,2009,20,12.66,53.96
93474,Active,2566976,NA,NA,D,1,0,5489749.544,113.09,1971,20,6.39,72.99
93475,Active,266945,NA,NA,D,0,0,439929.895,62,2003,25,5.47,27.97
93476,Active,668565,NA,NA,D,10,1,647972.0588,33.28,2008,17,9.88,33.28
93477,Active,2346358,NA,NA,D,3,1,1608120.045,100.32,1980,16,5.93,73.23
93478,Active,536698,NA,NA,D,1,0,304718.6925,47.95,2009,44,12.98,83.79
93479,Active,645496,NA,NA,D,0,0,641541.73,38.95,1988,18,4,30.83
93480,Active,761186,NA,NA,D,1,0,8516376.134,211,2005,11,70.39,143.99
93481,Active,2442733,NA,NA,D,0,0,1773758.01,329,1999,19,133.98,244.43
93482,Active,2406223,NA,NA,D,2,1,7465806.611,47.5,1992,12,5.9,54.97
93483,Active,718564,NA,NA,D,3,1,5208495.734,62.5,1997,16,4,43.79
93484,Active,159451,NA,NA,D,5,1,2358896.566,224.95,2005,15,23.83,88.99
93485,Active,3210462,NA,NA,D,0,0,3443591.924,61,2004,11,39.82,49.91
93486,Active,2502691,NA,NA,D,0,0,2512659.104,99,1989,13,53.99,83.12
93487,Active,2664460,NA,NA,D,4,1,4788836.301,239,1999,15,120.87,235.85
93488,Active,2377853,NA,NA,D,3,1,4020194.93,75,1989,28,4,64.23
93489,Active,3461765,NA,NA,D,4,1,7511427.504,15,1996,1,58.99,15
93490,Active,2560048,NA,NA,D,1,0,899570.87,228.9,1979,21,25.79,113.89
93491,Active,203180,NA,NA,D,1,0,3186026.141,192,2000,10,20.87,73.47
93492,Active,2343578,NA,NA,D,1,0,1754571.798,112.9,1941,35,19.88,89.16
93493,Active,2239315,NA,NA,D,0,0,1800308.898,179,2012,17,31.91,126.58
93494,Active,156205,NA,NA,D,0,0,3578444.193,72.95,1998,13,31.36,83.98
93495,Active,296153,NA,NA,D,1,0,4415609.591,119.95,2001,21,42.89,114.98
93496,Active,2339303,NA,NA,D,4,1,1036842.428,117.9,1991,20,31.04,103.02
93497,Active,2344728,NA,NA,D,2,1,2499907.425,120.5,1994,32,4.8,43.99
93498,Active,630588,NA,NA,D,1,0,1004245.954,140,1994,16,6.92,43.98
93499,Active,3599400,NA,NA,D,2,1,6263370.75,49.95,1988,14,21.14,0
93500,Active,538004,NA,NA,D,1,0,460883.4338,68.95,1991,26,5.99,33.99
93501,Active,720309,NA,NA,D,3,1,3869021.28,135,2004,23,8.3,66.95
93502,Active,630717,NA,NA,D,0,0,729550.0538,45,2004,33,5.2,17.78
93503,Active,2514743,NA,NA,D,1,0,7539425.1,0,1976,20,4.88,0
93504,Active,2340229,NA,NA,D,0,0,2192668.898,55,1994,17,54.38,284.43
93505,Active,2698334,NA,NA,D,1,0,5244524.73,41.95,2001,18,4.98,57.69
93506,Active,533730,NA,NA,D,10,1,96520.49625,191.95,2012,77,6.95,31.99
93507,Active,2377200,NA,NA,D,2,1,8394585.079,92,1994,17,4.59,78.31
93508,Active,2841453,NA,NA,D,3,1,3901485.603,54.99,1984,19,4.35,53.77
93509,Active,115939,NA,NA,D,5,1,2715809.515,136,2004,17,8.42,19.86
93510,Active,167661,NA,NA,D,1,0,5711050.855,69.95,1997,12,6.39,96.36
93511,Active,202320,NA,NA,D,1,0,3895469.038,161.95,2001,21,4,7.83
93512,Active,1725127,NA,NA,D,0,0,777048.68,121.95,2010,19,83.99,89.83
93513,Active,2341572,NA,NA,D,2,1,3183148.194,79.5,1993,31,4,46.21
93514,Active,615468,NA,NA,D,1,0,562846.73,158.6,2003,30,4,13.94
93515,Active,793328,NA,NA,D,2,1,9102174.995,55.95,2000,16,4,39.83
93516,Active,607781,NA,NA,D,4,1,3459837.46,56.95,2003,23,4,40.89
93517,Active,710450,NA,NA,D,5,1,1496529.23,117.6,2001,18,43.44,68.98
93518,Active,539640,NA,NA,D,4,1,9409622.556,117,1998,14,6.34,67.51
93519,Active,163888,NA,NA,D,1,0,4681775.08,215,1996,14,12.65,42.22
93520,Active,812691,NA,NA,D,0,0,1685949.434,76.95,2012,26,38.92,0
93521,Active,3564547,NA,NA,D,0,0,6766337.45,54.95,1991,14,17.39,168.15
93522,Active,2698520,NA,NA,D,2,1,4744185.359,37.95,2003,18,6.38,49.3
93523,Active,1651786,NA,NA,D,3,1,3413259.323,38.95,2007,12,7.96,38.95
93524,Active,914559,NA,NA,D,0,0,1928914.133,92,1994,30,6.51,102.27
93525,Active,1651452,NA,NA,D,2,1,4211859.196,39,2006,14,4.77,72.99
93526,Active,644877,NA,NA,D,0,0,5402627.92,68,2001,15,4,16.94
93527,Active,868152,NA,NA,D,0,0,2531470.941,115,1998,14,10,223.14
93528,Active,655680,NA,NA,D,1,0,3068033.131,115,1995,19,5.51,72.93
93529,Active,2377906,NA,NA,D,2,1,3356855.181,17.95,1992,15,4.43,29.94
93530,Active,2828441,NA,NA,D,3,1,9975773.55,95,2003,10,32.79,0
93531,Active,888108,NA,NA,D,1,0,4605258.869,259,2005,15,49.24,209.24
93532,Active,2697793,NA,NA,D,3,1,4843321.903,62.95,2000,16,4,675
93533,Active,286214,NA,NA,D,1,0,1386113.015,206,2007,60,4,8.94
93534,Active,587603,NA,NA,D,1,0,2436646.388,127.95,2011,36,4,14.03
93535,Active,146031,NA,NA,D,3,1,760121.2075,206,2010,95,4.26,17.99
93536,Active,574308,NA,NA,D,0,0,59469.9375,197.06,1979,46,48.99,126.59
93537,Active,2668735,NA,NA,D,2,1,1218193.658,38.35,1988,33,4.15,73.23
93538,Active,110745,NA,NA,D,3,1,948974.0325,160.94,2008,49,4.09,20.99
93539,Active,739935,NA,NA,D,2,1,7829186.825,33.33,2004,19,4.48,48.65
93540,Active,536572,NA,NA,D,4,1,936760.7888,253.4,2011,27,43.23,235.8
93541,Active,272830,NA,NA,D,0,0,845792.0425,59.95,2000,22,8.53,28.96
93542,Active,902775,NA,NA,D,1,0,2048892.361,152.95,2011,26,17.05,141.66
93543,Active,2378058,NA,NA,D,3,1,1515920.223,49,1987,26,10.64,59.35
93544,Active,631767,NA,NA,D,0,0,795112.63,59.95,2006,28,13.78,0
93545,Active,752795,NA,NA,D,10,1,1211440.98,50.97,2010,31,8.54,50.85
93546,Active,2348548,NA,NA,D,6,1,1680717.32,129.68,2005,18,28.94,81.93
93547,Active,2621820,NA,NA,D,0,0,2315781.575,91.95,1993,17,19.35,31.18
93548,Active,628752,NA,NA,D,0,0,935791.8138,49.95,2008,21,36.95,36.86
93549,Active,907062,NA,NA,D,1,0,1702187.726,109,2001,20,18.44,62.06
93550,Active,2598430,NA,NA,D,0,0,2112327.524,78.99,1991,13,28.61,76.51
93551,Active,877399,NA,NA,D,3,1,693469.6075,27,2008,21,12.31,21.76
93552,Active,2598968,NA,NA,D,1,0,3948532.798,29,1994,24,4,28.99
93553,Active,2422466,NA,NA,D,0,0,639051.6913,81,1975,20,10.33,89.09
93554,Active,2669939,NA,NA,D,0,0,3577152.725,49.38,1993,17,4,66.51
93555,Active,2378161,NA,NA,D,3,1,2111161.473,51.97,1987,17,4,43.85
93556,Active,658439,NA,NA,D,0,0,1211767.263,149,2010,23,52.34,113.75
93557,Active,563167,NA,NA,D,1,0,508142.625,69.95,2001,43,26.97,41.07
93558,Active,2561215,NA,NA,D,0,0,4895518.926,67.53,1972,26,4,51.95
93559,Active,623723,NA,NA,D,1,0,964687.6638,77.95,1990,39,6.71,64.43
93560,Active,563217,NA,NA,D,0,0,1713357.543,189,2005,25,23.99,67.71
93561,Active,2333246,NA,NA,D,0,0,1634732.265,108.75,1992,20,25.79,99.86
93562,Active,112885,NA,NA,D,1,0,2548527.973,104,2003,19,6.48,73.35
93563,Active,635000,NA,NA,D,0,0,2212491.141,79.99,2004,21,36.49,63.32
93564,Active,650180,NA,NA,D,1,0,473898.9825,123.75,1996,22,23.99,89.84
93565,Active,639558,NA,NA,D,1,0,737627.5238,110.5,1991,33,23.84,41.98
93566,Active,693439,NA,NA,D,1,0,1196073.096,105.7,2000,87,4,5.95
93567,Active,152896,NA,NA,D,0,0,695924.695,109,2004,32,18.31,23.99
93568,Active,220362,NA,NA,D,0,0,2057529.145,84,2004,19,4,28.99
93569,Active,695556,NA,NA,D,1,0,2553193.278,113.65,2007,15,4.94,6.71
93570,Active,695557,NA,NA,D,1,0,4808381.309,113.65,2007,12,4.39,99.31
93571,Active,2524929,NA,NA,D,3,1,9372752.685,72.95,1981,14,4.97,66.69
93572,Active,2421277,NA,NA,D,0,0,7344800.678,153.59,1966,10,37.93,153.53
93573,Active,2619107,NA,NA,D,1,0,2334800.369,51.95,1996,27,3.99,4
93574,Active,2580141,NA,NA,D,2,1,6288936.773,79.95,1996,19,4.97,62.25
93575,Active,1592644,NA,NA,D,1,0,1875200.204,120,2011,26,31.74,83.35
93576,Active,152749,NA,NA,D,0,0,638343.5488,59.95,2002,30,29.79,47.91
93577,Active,897776,NA,NA,D,1,0,4050894.318,116,2010,14,50.19,55.22
93578,Active,665678,NA,NA,D,1,0,1948460.709,116,2010,21,49.7,48.13
93579,Active,2188288,NA,NA,D,0,0,724660.1138,74.95,2010,21,23.98,43.99
93580,Active,2565844,NA,NA,D,0,0,6908044.681,59.95,1980,15,4,0
93581,Active,1464034,NA,NA,D,1,0,1490885.963,95,2006,16,38.62,70.28
93582,Active,1592095,NA,NA,D,1,0,885567.1138,115,2006,30,29.69,33.33
93583,Active,3210350,NA,NA,D,0,0,2601957.019,43,2003,10,20.22,36
93584,Active,541542,NA,NA,D,3,1,3458585.573,150,2013,11,30.98,65.06
93585,Active,1587094,NA,NA,D,1,0,1846349.045,59.99,2006,29,43.19,47.71
93586,Active,796238,NA,NA,D,0,0,1372893.613,24.95,2004,24,24.73,53.49
93587,Active,796239,NA,NA,D,0,0,1737480.61,14.99,2005,25,17.28,39.98
93588,Active,619739,NA,NA,D,0,0,2068402.086,99,2007,31,5.57,8.79
93589,Active,3562856,NA,NA,D,0,0,107736.05,65,2002,77,28.96,110.14
93590,Active,2664501,NA,NA,D,2,1,2806006.91,145,1996,13,59.95,145.54
93591,Active,2610012,NA,NA,D,1,0,1814724.884,89.99,1999,21,33.37,76.4
93592,Active,2502688,NA,NA,D,0,0,2459782.936,179,1989,22,65.76,133.97
93593,Active,3149575,NA,NA,D,0,0,2393494.009,129,1985,19,72.81,95.99
93594,Active,2779637,NA,NA,D,0,0,808491.6825,39.5,1971,24,5.72,61.15
93595,Active,1518689,NA,NA,D,1,0,155166.3388,99,2013,20,78.65,56.65
93596,Active,147277,NA,NA,D,1,0,2775707.42,39.95,2006,23,4,6.73
93597,Active,147411,NA,NA,D,1,0,1669869.563,39.95,2007,26,4,7.99
93598,Active,288797,NA,NA,D,1,0,1615060.26,39.95,2006,27,10.89,53.03
93599,Active,1469538,NA,NA,D,1,0,2616991.366,105,2007,21,30.17,79.24
93600,Active,542618,NA,NA,D,3,1,98397.15625,43.95,2010,39,8.96,44.93
93601,Active,2699611,NA,NA,D,0,0,1782432.42,34.95,1996,18,4,50.14
93602,Active,2897820,NA,NA,D,0,0,2732597.85,49.95,2003,13,7.93,68.77
93603,Active,651784,NA,NA,D,2,1,3490169.33,59.95,2006,15,28.29,45.98
93604,Active,280485,NA,NA,D,0,0,1911268.719,109,2005,18,57.99,51.92
93605,Active,2699278,NA,NA,D,1,0,2393127.644,69.95,2005,25,7.08,32.17
93606,Active,629832,NA,NA,D,0,0,2050794.904,99,2009,33,42.07,64.89
93607,Active,2699251,NA,NA,D,0,0,523510.42,94.95,2005,25,8.96,44.13
93608,Active,3606732,NA,NA,D,0,0,2135904.25,49.95,1995,20,11.98,28.49
93609,Active,2299590,NA,NA,D,0,0,891513,388.87,1900,15,0,0
93610,Active,1753663,NA,NA,D,1,0,214392.3013,59.5,2014,26,38.88,53.98
93611,Active,1466030,NA,NA,D,1,0,4180041.431,47.99,2007,10,6.39,17.99
93612,Active,1589919,NA,NA,D,1,0,6546199.459,79.99,2008,11,25.97,42.54
93613,Active,877350,NA,NA,D,1,0,1592241.308,348.13,2006,20,6.3,111.76
93614,Active,1522544,NA,NA,D,5,1,4731375.873,44.95,2006,11,4.98,70.28
93615,Active,1632835,NA,NA,D,5,1,4469790.549,104,2009,12,53.99,48.78
93616,Active,804007,NA,NA,D,1,0,2122510.495,204.95,2008,12,10.13,68.99
93617,Active,106392,NA,NA,D,2,1,2546726.176,64.95,2005,19,4,39.94
93618,Active,3022373,NA,NA,D,1,0,2297613.923,36.95,2000,32,4,18.94
93619,Active,2663979,NA,NA,D,3,1,4094086.39,69.95,1994,23,4,11.98
93620,Active,2362278,NA,NA,D,1,0,3407877.408,108,1999,18,4.4,16.42
93621,Active,699989,NA,NA,D,1,0,1831010.609,120,2002,24,13.44,39.57
93622,Active,285042,NA,NA,D,2,1,687076.8288,164,2007,24,6.49,78.84
93623,Active,159582,NA,NA,D,1,0,3314464.543,50.95,2006,14,4.77,26.72
93624,Active,145755,NA,NA,D,1,0,1679822.664,54.99,2008,22,22.19,80.93
93625,Active,174468,NA,NA,D,0,0,5658468.379,134.99,2006,17,30.78,96.04
93626,Active,545998,NA,NA,D,2,1,23813.82625,75,2013,104,5.48,33.97
93627,Active,266682,NA,NA,D,0,0,2159900.07,77.95,2005,13,4.77,80.22
93628,Active,222263,NA,NA,D,0,0,4312311.551,58.95,2002,19,4,16.97
93629,Active,1586392,NA,NA,D,1,0,2403133.626,140,2009,19,13.5,58.55
93630,Active,205743,NA,NA,D,1,0,1263874.201,75,2002,37,4,11.38
93631,Active,3156661,NA,NA,D,1,0,2930654.045,45,2005,29,21.35,43.99
93632,Active,676031,NA,NA,D,0,0,58333.655,26.99,1979,60,10.22,20.37
93633,Active,2591638,NA,NA,D,0,0,3759334.15,54.95,1985,12,18.89,0
93634,Active,2406179,NA,NA,D,1,0,910829.4513,110,1991,30,8.58,34.09
93635,Active,2905166,NA,NA,D,1,0,782762.4975,18,2001,31,12.29,106.81
93636,Active,1678128,NA,NA,D,0,0,1032862.923,95,2012,13,23.87,90
93637,Active,906779,NA,NA,D,1,0,780757.9888,77,2002,22,23.99,51.47
93638,Active,2606883,NA,NA,D,1,0,8154888.55,129.99,1999,13,21.84,117.55
93639,Active,2603900,NA,NA,D,0,0,4057636.019,44.99,2004,18,6.34,7.98
93640,Active,2123296,NA,NA,D,0,0,2499426.415,120,2008,15,6.98,8.19
93641,Active,2670609,NA,NA,D,0,0,8050611.6,22.4,1994,12,6.98,135.48
93642,Active,1533565,NA,NA,D,0,0,2366352.651,109,2006,19,56.76,63.99
93643,Active,2605753,NA,NA,D,0,0,4591405.896,139.99,1997,33,20.35,112.23
93644,Active,1592669,NA,NA,D,0,0,8204551.323,120,2006,18,39.97,83.98
93645,Active,2572596,NA,NA,D,1,0,5421713.93,199,1989,24,4,44.45
93646,Active,900141,NA,NA,D,3,1,3347575.01,41.47,1991,13,4,40.79
93647,Active,2577200,NA,NA,D,1,0,3984782.319,225,1986,9,57.98,230.53
93648,Active,544303,NA,NA,D,8,1,49023.64875,357.95,2013,54,17.1,123.98
93649,Active,265952,NA,NA,D,0,0,4469422.993,150,2005,12,4.82,13.99
93650,Active,635078,NA,NA,D,0,0,742337.695,68,2010,28,6.01,37.94
93651,Active,908708,NA,NA,D,0,0,3116711.06,34,2001,21,4,22.85
93652,Active,581695,NA,NA,D,6,1,6587213.051,113,2006,15,5.36,20.99
93653,Active,891785,NA,NA,D,0,0,8172659.998,84.13,2006,12,12.83,19.94
93654,Active,143250,NA,NA,D,8,1,489167.9225,215,2010,56,5.33,175.59
93655,Active,574704,NA,NA,D,0,0,2060302.861,140,2007,24,4,18.99
93656,Active,870137,NA,NA,D,3,1,4119021.026,65,2002,16,5.89,9.14
93657,Active,220387,NA,NA,D,0,0,2419206.066,31.99,2007,21,4,35.57
93658,Active,801931,NA,NA,D,0,0,556935.435,39.95,2009,33,18.45,26.99
93659,Active,3594300,NA,NA,D,1,0,1435982.45,115,1992,50,5.6,58.99
93660,Active,763682,NA,NA,D,1,0,3680443.76,37.95,1997,32,4,7.98
93661,Active,2614454,NA,NA,D,1,0,2457092.898,120,2003,23,15.74,72.55
93662,Active,778278,NA,NA,D,2,1,1870563.95,43.95,2002,18,9.17,0
93663,Active,775386,NA,NA,D,1,0,2483113.648,279,2011,14,4.76,24.63
93664,Active,867278,NA,NA,D,8,1,1200835.986,66.95,2006,19,6.14,353.2
93665,Active,101263,NA,NA,D,4,1,2660913.608,60.95,1997,20,5.44,36.59
93666,Active,101419,NA,NA,D,7,1,1741831.83,82.95,2002,48,4,9.82
93667,Active,2129330,NA,NA,D,0,0,1406003.076,199,2008,19,92.08,92.99
93668,Active,907231,NA,NA,D,1,0,1896933.589,55,2010,15,19.84,34.28
93669,Active,908217,NA,NA,D,1,0,1557566.793,84,2001,31,12.99,67.16
93670,Active,279009,NA,NA,D,0,0,963697.335,39.99,2005,40,6.53,18.76
93671,Active,656003,NA,NA,D,0,0,358867.2025,94.99,2012,32,12.49,56.99
93672,Active,288064,NA,NA,D,0,0,141825.9463,49.99,2011,29,24.95,43.98
93673,Active,719411,NA,NA,D,0,0,2083782.013,0,1998,11,43.83,182.81
93674,Active,2309928,NA,NA,D,0,0,1820980.643,1086,1995,21,17.88,111.55
93675,Active,625868,NA,NA,D,1,0,2190681.94,85,1998,23,4,16.89
93676,Active,1711806,NA,NA,D,0,0,2361251.72,21.95,2008,19,6.26,12.23
93677,Active,2378464,NA,NA,D,0,0,1008424.721,39.95,1983,17,4,133.68
93678,Active,2178096,NA,NA,D,2,1,5130201.008,2159,2008,9,302.98,850.99
93679,Active,204847,NA,NA,D,0,0,4664344.695,95,2001,28,4.23,49.57
93680,Active,2362170,NA,NA,D,1,0,2774610.513,120,2004,12,35.99,46.02
93681,Active,758539,NA,NA,D,1,0,417434.8975,85,2000,39,11.15,56.17
93682,Active,112931,NA,NA,D,1,0,3194304.626,715,1999,10,123.92,367.97
93683,Active,204901,NA,NA,D,0,0,1646458.559,75,2005,20,29.74,92.67
93684,Active,632430,NA,NA,D,0,0,3830406.038,65,2003,16,4.28,14.91
93685,Active,3094757,NA,NA,D,0,0,2483556.175,995,2005,13,5.1,675
93686,Active,1690041,NA,NA,D,1,0,5617827.606,739,2006,13,67.93,222.22
93687,Active,3518456,NA,NA,D,0,0,963049,110,2000,46,23,63.95
93688,Active,838286,NA,NA,D,0,0,1773984.793,335,1992,16,5.75,60.84
93689,Active,906163,NA,NA,D,1,0,3681575.886,245,2000,26,8.92,73.31
93690,Active,2363174,NA,NA,D,2,1,1386630.213,32,1995,31,5.42,29.86
93691,Active,628508,NA,NA,D,1,0,2533552.718,395,2008,14,4.49,51.74
93692,Active,905681,NA,NA,D,1,0,1990893.336,210,2005,22,5.75,29.52
93693,Active,419966,NA,NA,D,1,0,2426624.353,1100,1998,12,27.52,675
93694,Active,2539208,NA,NA,D,1,0,3444426.49,320,2004,14,43.97,301.84
93695,Active,3151313,NA,NA,D,0,0,1131126.588,270,2003,17,39.65,13.99
93696,Active,2309625,NA,NA,D,0,0,971886.79,125,1992,23,5.87,69.25
93697,Active,2501824,NA,NA,D,1,0,5481720.711,499,2005,15,4.98,112.42
93698,Active,2807271,NA,NA,D,0,0,2465059.256,194,2003,21,4.06,45.43
93699,Active,2309147,NA,NA,D,0,0,8758619.95,0,1900,11,8.96,0
93700,Active,2722279,NA,NA,D,1,0,2245846.068,415,2004,18,6.38,73.05
93701,Active,2905919,NA,NA,D,2,1,1486118.305,145,2000,19,4,46.81
93702,Active,2309804,NA,NA,D,0,0,9145919.138,425,1991,23,23.19,774.07
93703,Active,2560673,NA,NA,D,0,0,3976192.466,520,1986,13,15.13,43.99
93704,Active,2408006,NA,NA,D,1,0,3938509.7,60.09,2002,16,28.84,58.87
93705,Active,718378,NA,NA,D,0,0,2592529.635,117.32,2002,13,34.53,216.34
93706,Active,2309859,NA,NA,D,0,0,4552078.111,90,1990,16,4,48.99
93707,Active,3028096,NA,NA,D,1,0,1108938.73,40,1993,67,5.47,23.49
93708,Active,2722345,NA,NA,D,1,0,1472116.884,435,2004,15,4,72.95
93709,Active,3021753,NA,NA,D,1,0,4746626.059,93.95,2003,13,33.98,90.49
93710,Active,184427,NA,NA,D,2,1,2824221.309,35.95,2000,27,4,22.99
93711,Active,2875896,NA,NA,D,1,0,2754171.971,80,2005,29,5.81,29.71
93712,Active,152213,NA,NA,D,1,0,1507381.348,49.95,2005,27,6.39,33.42
93713,Active,1952968,NA,NA,D,0,0,2464449.866,139,2013,13,74.99,88.55
93714,Active,2335376,NA,NA,D,3,1,8116205.124,165,1995,14,8.92,57.41
93715,Active,3112796,NA,NA,D,1,0,9576841.035,340,2002,4,10.95,93.7
93716,Active,265623,NA,NA,D,0,0,1065916.943,74.99,2004,26,19.07,65.75
93717,Active,135374,NA,NA,D,0,0,1070461.803,90,2007,23,14.85,39.99
93718,Active,1465990,NA,NA,D,1,0,4952552.1,135,2012,17,18.43,87.72
93719,Active,245572,NA,NA,D,0,0,712855.945,129,2007,27,53.38,81.74
93720,Active,257496,NA,NA,D,1,0,1912023.953,85.95,2002,26,4.41,57.99
93721,Active,2578073,NA,NA,D,1,0,2735601.999,235,1984,25,14.79,81.38
93722,Active,646051,NA,NA,D,0,0,2457822.315,89.95,2012,17,31.58,71.48
93723,Active,265955,NA,NA,D,2,1,1865626.935,146,2005,22,7.04,72.15
93724,Active,367906,NA,NA,D,0,0,1178988.454,240,2000,21,10.81,66.88
93725,Active,651460,NA,NA,D,0,0,2215604.593,229,2012,26,149.67,149.67
93726,Active,831502,NA,NA,D,0,0,11329052.55,74.95,1991,9,4.09,0
93727,Active,560305,NA,NA,D,0,0,1454164.74,35,2004,27,4,43.98
93728,Active,372180,NA,NA,D,6,1,1279037.575,249.95,2006,24,18.97,117.29
93729,Active,666206,NA,NA,D,1,0,4845624.806,124.25,2001,15,7.44,62.77
93730,Active,606189,NA,NA,D,0,0,1905717.465,129,2009,24,46.32,77.17
93731,Active,1541425,NA,NA,D,1,0,4293361.399,150,2009,13,17.99,116.33
93732,Active,1921887,NA,NA,D,0,0,1248208.143,99,2010,24,56.33,46.11
93733,Active,869803,NA,NA,D,0,0,2209925.538,50,2008,15,32.79,42
93734,Active,667429,NA,NA,D,1,0,520990.0163,56,2010,29,22.19,43.97
93735,Active,1478778,NA,NA,D,1,0,2270631.27,61,2011,60,16.49,16.25
93736,Active,121345,NA,NA,D,1,0,1688179.921,148.47,2008,21,21.74,165.2
93737,Active,650928,NA,NA,D,3,1,3236973.906,69.95,1995,16,17.84,73.73
93738,Active,883618,NA,NA,D,1,0,3741603.086,109,2004,10,44.01,49.42
93739,Active,631388,NA,NA,D,0,0,2629571.984,59.95,2009,24,4,14.98
93740,Active,598606,NA,NA,D,0,0,2501167.016,75,2011,19,4,41.12
93741,Active,347629,NA,NA,D,1,0,1965319.275,155,2001,20,7.97,39.09
93742,Active,169316,NA,NA,D,1,0,746267.3913,92.95,2007,16,33.43,0
93743,Active,555854,NA,NA,D,0,0,1319277.3,67.95,2009,39,4,13.98
93744,Active,873288,NA,NA,D,1,0,251020.9425,106.6,2014,36,64.7,78.99
93745,Active,556643,NA,NA,D,1,0,12969018.17,42,1998,14,4,40.99
93746,Active,114133,NA,NA,D,10,1,2910890.753,105,2000,35,4,16.49
93747,Active,764065,NA,NA,D,1,0,3163635.11,148.95,2002,22,4,25.38
93748,Active,221770,NA,NA,D,0,0,4092440.015,115.95,2005,19,64.13,144.51
93749,Active,1923722,NA,NA,D,0,0,667141.0588,89.95,2010,28,70.64,70.55
93750,Active,832745,NA,NA,D,3,1,2077457.801,92.95,2008,17,33.92,73.29
93751,Active,795165,NA,NA,D,5,1,1397601.341,251.95,2011,20,101.32,231.57
93752,Active,109585,NA,NA,D,6,1,98146.21,41.14,2004,59,7.37,51.21
93753,Active,887685,NA,NA,D,0,0,7444141.89,89.95,1996,13,14.5,110.21
93754,Active,2227395,NA,NA,D,0,0,908902.9238,35.5,2008,17,25.88,25.88
93755,Active,698792,NA,NA,D,7,1,924084.0638,105.5,2005,11,7.56,33.98
93756,Active,212374,NA,NA,D,1,0,168286.0338,241.6,1998,54,6.06,0
93757,Active,3496553,NA,NA,D,1,0,716223.65,99,1984,27,18.95,72.59
93758,Active,594100,NA,NA,D,4,1,529816.2388,138.95,2011,22,26.99,58.97
93759,Active,634010,NA,NA,D,1,0,1362345.926,115,1997,19,29.32,74.86
93760,Active,619117,NA,NA,D,5,1,6528000.253,80,1993,29,4.59,36.31
93761,Active,265040,NA,NA,D,0,0,2057289.85,59.95,2009,33,4.34,31.86
93762,Active,2387189,NA,NA,D,2,1,6530976.014,110,1996,19,4,33.8
93763,Active,2378607,NA,NA,D,0,0,1030087.424,35,1989,13,26.11,128.99
93764,Active,163033,NA,NA,D,1,0,416255.8988,140,2011,34,4.78,58.57
93765,Active,2698486,NA,NA,D,4,1,4726440.889,37.95,2003,15,30.43,143.31
93766,Active,2344296,NA,NA,D,3,1,2802248.766,68.5,1987,22,4.13,14.98
93767,Active,2381783,NA,NA,D,4,1,2198188.678,208.4,1996,30,5.01,56.82
93768,Active,2313960,NA,NA,D,0,0,2963507.1,102,1995,15,5.58,45.36
93769,Active,2569742,NA,NA,D,0,0,915197.4675,75.3,1993,27,4,13.99
93770,Active,895551,NA,NA,D,1,0,2984129.734,39.95,2009,14,22.88,128.53
93771,Active,2621793,NA,NA,D,3,1,2991391.538,127.95,1995,20,4.07,41.11
93772,Active,715869,NA,NA,D,0,0,3266728.95,105,1998,20,4,23.99
93773,Active,2378672,NA,NA,D,0,0,360367.2875,96,1990,45,4,59.33
93774,Active,539411,NA,NA,D,13,1,648199.72,299.8,2012,29,41.09,351.99
93775,Active,608452,NA,NA,D,3,1,1713839.284,188.95,2009,34,3,42.97
93776,Active,2539994,NA,NA,D,3,1,2105039.7,64.95,2003,15,26.93,98.49
93777,Active,2560680,NA,NA,D,1,0,773522.8038,199,1983,26,4.13,56.21
93778,Active,1878049,NA,NA,D,0,0,1541620.984,60,2009,18,5.94,52.33
93779,Active,2432170,NA,NA,D,4,1,406065.2313,50.32,2012,7,38.93,46.99
93780,Active,3049396,NA,NA,D,1,0,4373196.259,199.95,1997,15,7.92,51.31
93781,Active,3482738,NA,NA,D,1,0,8040215.5,98,1985,9,22.98,139.85
93782,Active,109144,NA,NA,D,3,1,693193.1,74.92,2004,25,3.73,38.99
93783,Active,3592977,NA,NA,D,1,0,4702411.3,119.95,2001,14,41.26,84.98
93784,Active,3263736,NA,NA,D,2,1,2167732.213,114.47,2000,32,15.13,126.46
93785,Active,225929,NA,NA,D,1,0,1404206.22,159.95,2006,18,29.48,78.98
93786,Active,1651370,NA,NA,D,0,0,1790653.695,43.95,2006,22,16.22,206.23
93787,Active,2314619,NA,NA,D,4,1,7506412.091,28.75,1995,19,4,72.79
93788,Active,2079799,NA,NA,D,1,0,1592245.449,164,2010,27,144.73,144.81
93789,Active,641683,NA,NA,D,3,1,1154448.2,50.95,2006,20,3.85,0
93790,Active,2526831,NA,NA,D,0,0,2726204.703,36.95,1990,26,4.62,18.71
93791,Active,2394347,NA,NA,D,0,0,1267450.524,25,2001,49,4.93,22.63
93792,Active,336364,NA,NA,D,0,0,5021734.5,40.95,2001,18,4,14.94
93793,Active,1589665,NA,NA,D,1,0,1888569.836,34.99,2010,36,9.99,12.5
93794,Active,2600009,NA,NA,D,0,0,4623981.121,88.99,1996,14,51.32,114.57
93795,Active,291356,NA,NA,D,2,1,2631630.305,37.5,2002,33,5.96,18.99
93796,Active,2611146,NA,NA,D,2,1,5104450.66,25.75,2002,17,4,51.81
93797,Active,2931712,NA,NA,D,0,0,3124935.966,39.95,2005,16,4,50.83
93798,Active,2843232,NA,NA,D,1,0,6895237.205,58.95,2003,1,4.89,9.49
93799,Active,1588099,NA,NA,D,0,0,819564.7388,32.45,2007,17,4,22.9
93800,Active,175554,NA,NA,D,0,0,1759092.934,98,2003,18,6.49,9.19
93801,Active,861326,NA,NA,D,14,1,2307503.713,87.5,2013,15,5.08,779.13
93802,Active,1549206,NA,NA,D,12,1,3312631.326,59.95,2011,22,4,49.12
93803,Active,1848905,NA,NA,D,13,1,1430863.303,87.5,2012,16,6.38,60.39
93804,Active,642852,NA,NA,D,3,1,1187137.121,57.95,2009,37,18.36,41.53
93805,Active,175275,NA,NA,D,3,1,2176491.466,27.81,2001,23,5.98,24.87
93806,Active,184249,NA,NA,D,1,0,616413.5688,59.95,1999,41,4.92,30.99
93807,Active,2586605,NA,NA,D,0,0,5689540.36,79.5,2003,12,17.26,41.06
93808,Active,1588329,NA,NA,D,0,0,1995408.768,71.38,2007,6,20.73,97.31
93809,Active,1540990,NA,NA,D,3,1,3445363.534,44.95,2009,31,4.3,25.71
93810,Active,3113886,NA,NA,D,2,1,2044437.338,39.95,2004,16,4.68,10.2
93811,Active,174713,NA,NA,D,0,0,1088187.901,35.79,2002,19,11.51,62.11
93812,Active,291076,NA,NA,D,2,1,2652762.318,33.74,2003,22,4.94,30.37
93813,Active,174402,NA,NA,D,2,1,2764010.883,36.42,2006,14,8.44,46.63
93814,Active,174799,NA,NA,D,2,1,725147.1763,34.75,2001,30,5.83,23.98
93815,Active,174880,NA,NA,D,0,0,2252176.546,36.05,2006,23,5.94,45.74
93816,Active,462432,NA,NA,D,1,0,5107028.839,133.95,2006,10,15.55,56.68
93817,Active,2577217,NA,NA,D,2,1,2600544.276,92.54,1984,15,5.56,115.67
93818,Active,205559,NA,NA,D,0,0,2678506.291,40,1998,48,4,7.64
93819,Active,204311,NA,NA,D,1,0,1741097.053,44.99,2005,47,4,17.06
93820,Active,657089,NA,NA,D,0,0,3157017.724,169,2011,17,33.86,38.35
93821,Active,255354,NA,NA,D,2,1,4013377.451,59.95,2004,14,4,29.87
93822,Active,1592612,NA,NA,D,0,0,1439417.549,99.99,2006,22,25.05,87.36
93823,Active,1474925,NA,NA,D,1,0,2075405.001,110,2011,62,14.75,26.64
93824,Active,294365,NA,NA,D,1,0,603088.1775,29.95,2005,57,4,9.65
93825,Active,1586249,NA,NA,D,1,0,4149687.72,110,2009,21,22.4,43.25
93826,Active,717329,NA,NA,D,5,1,4440614.605,34.95,1997,26,3.99,65.23
93827,Active,2179649,NA,NA,D,0,0,1460913.345,89.95,2009,25,38.93,46.7
93828,Active,1491992,NA,NA,D,2,1,1568732.888,115,2006,17,4.61,63.26
93829,Active,2597049,NA,NA,D,1,0,1328724.798,110,1993,17,9.89,52.67
93830,Active,3512405,NA,NA,D,0,0,2308471.55,119,2009,21,30.19,50.64
93831,Active,2036618,NA,NA,D,1,0,3185522.394,39.99,2008,27,4,4
93832,Active,2177670,NA,NA,D,0,0,2262600.904,99,2006,24,42.99,75.72
93833,Active,220249,NA,NA,D,0,0,5781103.133,24.95,2002,15,4.98,44.62
93834,Active,868454,NA,NA,D,2,1,2745545.564,60,1997,16,8.84,28.99
93835,Active,599723,NA,NA,D,0,0,8263636.086,23,2010,13,9.46,23
93836,Active,913967,NA,NA,D,2,1,393689.69,71.55,1999,32,10.13,42.46
93837,Active,3475312,NA,NA,D,3,1,2804745,115,1998,30,11.38,12
93838,Active,175446,NA,NA,D,1,0,6167634.576,140,2002,26,34.63,104.96
93839,Active,870130,NA,NA,D,1,0,3993882.771,41.64,2000,20,4,23.98
93840,Active,2698630,NA,NA,D,2,1,3668374.789,60.95,2004,18,5.91,60.87
93841,Active,110674,NA,NA,D,5,1,2075139.558,40.83,2005,33,4,28.77
93842,Active,908457,NA,NA,D,0,0,1992230.361,80,2007,21,7.99,49.65
93843,Active,302733,NA,NA,D,2,1,1876012.41,113.75,1999,57,4,6.24
93844,Active,607247,NA,NA,D,3,1,2031295.608,82.8,2002,27,4,9.45
93845,Active,537663,NA,NA,D,6,1,626344.6125,25.42,2009,18,5.43,8.98
93846,Active,258437,NA,NA,D,1,0,286146.6263,105,2008,31,10.69,87.99
93847,Active,717351,NA,NA,D,0,0,6260353.299,53,1999,16,5.27,38.49
93848,Active,2502746,NA,NA,D,1,0,3498735.529,89.95,1990,12,33.95,42.19
93849,Active,2610563,NA,NA,D,1,0,1960761.463,44.99,2000,25,13.13,33.94
93850,Active,2617388,NA,NA,D,1,0,3805301.826,99,1986,17,23.14,71.63
93851,Active,908339,NA,NA,D,1,0,2766638.959,96,2007,16,21.49,24.66
93852,Active,1538566,NA,NA,D,3,1,3732977.575,62.95,2007,23,4,23.6
93853,Active,494863,NA,NA,D,1,0,1158041.874,127.95,2010,35,8.98,62.67
93854,Active,898137,NA,NA,D,2,1,5652270.231,200,2008,18,6.34,131.37
93855,Active,157414,NA,NA,D,2,1,1466449.681,57.95,2008,34,4,33.94
93856,Active,916125,NA,NA,D,5,1,77022.0175,131.53,2013,39,40.73,48.94
93857,Active,61238,NA,NA,D,3,1,929019.0325,122.67,2006,90,4.12,18.9
93858,Active,2595075,NA,NA,D,1,0,4168172.911,89.95,1988,8,33.77,0
93859,Active,2363181,NA,NA,D,0,0,2606846.868,96.95,1996,27,4.13,43.6
93860,Active,107247,NA,NA,D,1,0,651881.0813,192.98,2000,26,67.37,188.99
93861,Active,906284,NA,NA,D,0,0,5156238.389,57,2000,28,4,44.47
93862,Active,563038,NA,NA,D,0,0,1468178.331,99,2007,19,50.79,63.1
93863,Active,250626,NA,NA,D,0,0,988352.9713,81.95,2008,28,4.07,40.99
93864,Active,901977,NA,NA,D,1,0,4818910.42,88.95,1996,13,9.58,55.92
93865,Active,271862,NA,NA,D,0,0,157412.8463,59.95,2008,31,36.61,44.51
93866,Active,653346,NA,NA,D,0,0,411394.895,49.95,2001,20,33.94,37.18
93867,Active,622873,NA,NA,D,0,0,1943445.918,58,1994,40,4,11.64
93868,Active,1645380,NA,NA,D,0,0,1496064.905,25.95,2007,37,4.98,23.06
93869,Active,2806981,NA,NA,D,2,1,4696202.361,310.25,1998,19,6.48,53.81
93870,Active,2699453,NA,NA,D,3,1,5548970.191,79.95,1994,13,7.71,23.99
93871,Active,2574966,NA,NA,D,2,1,4396609.264,85.45,1972,22,6.09,68.77
93872,Active,2354986,NA,NA,D,1,0,1301996.368,112.55,1996,24,6.38,74.31
93873,Active,627948,NA,NA,D,1,0,907577.6488,145,1984,51,4,79.23
93874,Active,549015,NA,NA,D,0,0,3841920.77,56.3,1993,24,4,41.56
93875,Active,724933,NA,NA,D,0,0,2479089.179,85,2011,22,4,71.45
93876,Active,199987,NA,NA,D,1,0,407628.1325,99.95,2005,47,17.68,79.51
93877,Active,1598030,NA,NA,D,1,0,91067.92,188.95,2013,73,51.64,116.25
93878,Active,914088,NA,NA,D,0,0,2615385.234,48,2002,19,4,33.87
93879,Active,911232,NA,NA,D,1,0,2482519.495,185,2008,24,5.26,20.69
93880,Active,776002,NA,NA,D,0,0,1121930.653,132,2007,15,8.19,59.73
93881,Active,193703,NA,NA,D,5,1,343325.4063,45.95,2009,47,5.48,23.99
93882,Active,288404,NA,NA,D,0,0,5601067.469,121,2005,16,4.79,21.6
93883,Active,334583,NA,NA,D,1,0,1424217.698,127.95,1998,22,4,42.83
93884,Active,246514,NA,NA,D,1,0,1099248.128,127.95,2008,27,7.52,49.69
93885,Active,2569528,NA,NA,D,1,0,6529592.693,245,1992,16,4.3,73.62
93886,Active,1867837,NA,NA,D,1,0,1886061.308,121.95,2010,18,39.9,81.14
93887,Active,2235408,NA,NA,D,0,0,1273173.526,99,2010,22,26.48,83.39
93888,Active,760823,NA,NA,D,1,0,2983800.97,105,2004,19,30.65,164.81
93889,Active,2579821,NA,NA,D,1,0,5304434.743,64.95,1995,16,4,72.33
93890,Active,895899,NA,NA,D,0,0,6604922.278,50.95,2003,22,4,40.64
93891,Active,271877,NA,NA,D,2,1,3362674.819,53.95,2005,22,5.98,26.36
93892,Active,908839,NA,NA,D,1,0,4827086.523,87.95,2001,20,4.13,65.69
93893,Active,1594723,NA,NA,D,0,0,2305520.985,125,2008,31,12.74,44.07
93894,Active,618186,NA,NA,D,4,1,5674540.555,98,2003,17,4.58,8.99
93895,Active,584406,NA,NA,D,0,0,1444172.666,99.95,1997,14,29.13,73.99
93896,Active,903498,NA,NA,D,1,0,5634313.785,91.95,1997,20,5.45,41.48
93897,Active,1951508,NA,NA,D,0,0,1244331.886,79.95,2011,47,22.94,60.53
93898,Active,908715,NA,NA,D,0,0,3830893.274,56.95,1995,22,5.74,33.94
93899,Active,758504,NA,NA,D,2,1,2743004.68,255,1999,15,12.94,97.88
93900,Active,449546,NA,NA,D,2,1,4113525.7,149.95,2005,13,71.03,96.28
93901,Active,757371,NA,NA,D,1,0,4527625.929,216,1998,16,6.34,48.35
93902,Active,133179,NA,NA,D,3,1,390335.41,54,2010,128,4.46,33.98
93903,Active,908031,NA,NA,D,1,0,628367.5863,205,1975,27,25.25,78.17
93904,Active,3148389,NA,NA,D,2,1,2869018.279,205,2004,12,38.97,78.78
93905,Active,1469164,NA,NA,D,1,0,1019750.573,65,2008,17,17.72,32.99
93906,Active,2599909,NA,NA,D,1,0,6808701.416,26.99,1996,11,6.15,80.95
93907,Active,1425864,NA,NA,D,12,1,842109.52,35,2011,21,5.04,107.29
93908,Active,3814879,NA,NA,D,1,0,2188748.35,72.5,2015,37,40.32,40.23
93909,Active,2811869,NA,NA,D,0,0,1348221.719,45,2000,18,9.02,52.29
93910,Active,2419333,NA,NA,D,1,0,3031123.674,130,2005,16,21.98,53.79
93911,Active,1469710,NA,NA,D,1,0,312376.5588,47.95,2008,23,7.72,19.95
93912,Active,529381,NA,NA,D,2,1,2037935.345,335,2008,27,39.19,73.98
93913,Active,2608302,NA,NA,D,0,0,1963295.326,119.99,1998,17,20.54,50.79
93914,Active,2406163,NA,NA,D,1,0,1469163.316,110,1991,38,11.5,67.97
93915,Active,2133904,NA,NA,D,0,0,2219675.545,54,2011,14,5.63,36.37
93916,Active,1723196,NA,NA,D,0,0,2368101.641,59.95,2006,19,20.41,59.41
93917,Active,2614249,NA,NA,D,0,0,1779803.548,125,2004,17,42.67,84.54
93918,Active,2595472,NA,NA,D,0,0,2259816.858,99.99,1988,17,9.98,72.73
93919,Active,896624,NA,NA,D,0,0,6679094.799,85.95,1991,11,5.39,0
93920,Active,908245,NA,NA,D,1,0,1123848.026,132,2004,23,53.08,143.52
93921,Active,192714,NA,NA,D,1,0,2982404.056,77.95,1999,19,8.17,34.94
93922,Active,192557,NA,NA,D,1,0,5540786.756,149,1998,18,18.63,71.03
93923,Active,891583,NA,NA,D,1,0,2738753.601,374,2004,17,89.75,95.15
93924,Active,2650116,NA,NA,D,1,0,1336325.476,120.99,2001,11,25.49,33.98
93925,Active,2540952,NA,NA,D,0,0,5218882.5,60.95,2003,17,6.18,60.95
93926,Active,1474311,NA,NA,D,2,1,3314979.839,70,2011,20,6.38,79.98
93927,Active,1476812,NA,NA,D,3,1,1782260.971,65,2013,15,5.25,70.48
93928,Active,1469372,NA,NA,D,6,1,3648824.546,40,2008,21,4.75,73.98
93929,Active,1586618,NA,NA,D,0,0,2751107.508,125,2011,38,40.74,94.4
93930,Active,2572195,NA,NA,D,1,0,2192705.615,291.99,1994,22,11.35,103.98
93931,Active,804251,NA,NA,D,1,0,2461448.983,287,2007,11,69.98,217.59
93932,Active,1726900,NA,NA,D,1,0,358451.3338,74.95,2010,24,59.04,59.7
93933,Active,908368,NA,NA,D,2,1,2408883.115,25.95,2001,22,4,14.93
93934,Active,2609164,NA,NA,D,0,0,2808788.684,43,1998,16,25,125.91
93935,Active,2765744,NA,NA,D,1,0,3322425.305,135,1999,18,4,28.99
93936,Active,648429,NA,NA,D,0,0,1871148.14,65,2000,17,9.69,28.25
93937,Active,2405203,NA,NA,D,1,0,2413463.858,164.99,1989,29,10.49,77.49
93938,Active,755314,NA,NA,D,1,0,2305547.364,170,2005,15,63.83,82.99
93939,Active,2579945,NA,NA,D,1,0,3354060.181,178.95,1996,10,9.96,134.18
93940,Active,2525144,NA,NA,D,0,0,3733929.759,249,1990,25,36.72,124.61
93941,Active,552899,NA,NA,D,6,1,4613506.321,81.84,2007,20,4,35.39
93942,Active,3091659,NA,NA,D,0,0,1746957.013,13.99,2004,21,8.43,7.97
93943,Active,1485969,NA,NA,D,0,0,3057967.214,42,2010,27,7.01,28.12
93944,Active,3469504,NA,NA,D,0,0,1173292.85,94.23,1970,18,10.29,92.38
93945,Active,754888,NA,NA,D,3,1,637066.3125,143.28,2009,13,15.98,63.95
93946,Active,483328,NA,NA,D,0,0,1672632.896,60,2002,22,12.74,43.48
93947,Active,2664555,NA,NA,D,1,0,1664872.199,27.95,1998,23,7.98,26.8
93948,Active,165336,NA,NA,D,1,0,1032062.584,16.04,2003,83,4.01,17.99
93949,Active,454609,NA,NA,D,1,0,4815144.596,167,2006,22,7.41,173.96
93950,Active,2430709,NA,NA,D,0,0,4976913.624,67,1996,21,4.23,29.99
93951,Active,227211,NA,NA,D,1,0,1900826.368,42.95,2000,41,4,13.99
93952,Active,2259190,NA,NA,D,0,0,4056205.358,83.06,2009,37,37.35,96.24
93953,Active,362321,NA,NA,D,1,0,6020419.239,42.95,2005,25,4.62,62.53
93954,Active,632299,NA,NA,D,1,0,3441037.634,89.95,2002,14,5.33,48.93
93955,Active,60338,NA,NA,D,1,0,2149467.494,53.95,2001,22,4.97,26.49
93956,Active,636567,NA,NA,D,1,0,853249.1575,79.99,2007,19,6.22,12.44
93957,Active,2650102,NA,NA,D,4,1,3351383.144,60.95,2001,23,4,44.87
93958,Active,2491181,NA,NA,D,0,0,3745838.935,43.95,1998,16,4,34.93
93959,Active,173756,NA,NA,D,1,0,2987160.534,101,2005,24,6.23,6.52
93960,Active,434765,NA,NA,D,4,1,1342698.868,195.2,2008,56,4,28.98
93961,Active,530685,NA,NA,D,3,1,1527501.593,39.5,2007,18,10.09,37.57
93962,Active,179196,NA,NA,D,1,0,1567583.946,65.95,2009,30,4,7.97
93963,Active,148823,NA,NA,D,1,0,36963.3375,37.5,2004,97,8.75,29.93
93964,Active,2555644,NA,NA,D,1,0,5854876.671,50,2005,13,6.12,33.98
93965,Active,329892,NA,NA,D,3,1,2152850.623,146.67,2009,15,16.6,146.67
93966,Active,868368,NA,NA,D,1,0,4367152.814,37.95,1991,26,4,47.97
93967,Active,654073,NA,NA,D,3,1,2409712.06,104.95,2013,16,6.87,82.21
93968,Active,2551322,NA,NA,D,2,1,3972523.164,74.95,2001,23,4.71,8.99
93969,Active,2854965,NA,NA,D,3,1,7559102.438,53.95,1999,19,4.86,49.63
93970,Active,204138,NA,NA,D,1,0,1415097.113,62.95,2007,51,4,10.56
93971,Active,561296,NA,NA,D,2,1,1077802.833,223,2009,23,4.97,134.14
93972,Active,601653,NA,NA,D,0,0,2118315.829,66,2010,15,6.84,9.95
93973,Active,175279,NA,NA,D,1,0,2153950.755,57.99,2000,42,4,8.87
93974,Active,347761,NA,NA,D,3,1,1152643.776,180,2008,19,12.59,112.22
93975,Active,391213,NA,NA,D,2,1,1582121.939,80,2003,30,4,25.18
93976,Active,406294,NA,NA,D,0,0,1232767.398,61,2007,18,6.35,39.97
93977,Active,393908,NA,NA,D,1,0,3529912.186,39.95,2003,25,4,25.98
93978,Active,385665,NA,NA,D,6,1,962650.8338,72.95,2007,37,4.76,47.42
93979,Active,2635245,NA,NA,D,1,0,2068144.445,39.95,2001,28,4,7.98
93980,Active,280492,NA,NA,D,1,0,2182578.104,59.95,2006,42,8.17,41.19
93981,Active,260064,NA,NA,D,1,0,743397.2313,59.95,2001,26,4,65.07
93982,Active,339091,NA,NA,D,1,0,1091957.836,84,2007,22,12.36,47.29
93983,Active,1566209,NA,NA,D,1,0,8125906.745,181.95,2007,15,28.99,88.97
93984,Active,655747,NA,NA,D,1,0,918205.3863,94.95,2011,43,9.83,36.98
93985,Active,2550406,NA,NA,D,0,0,7255368.334,56,1990,18,4.97,0
93986,Active,1455305,NA,NA,D,1,0,741971.5375,49.99,2014,21,35.98,30.65
93987,Active,652987,NA,NA,D,0,0,4294724.39,77,2004,15,4.47,132.23
93988,Active,789700,NA,NA,D,1,0,762967.39,85,2009,24,4.08,13.67
93989,Active,408171,NA,NA,D,0,0,1910561.341,62.95,2006,29,5.79,19.99
93990,Active,147561,NA,NA,D,1,0,177150.085,138,2011,37,39.4,92.99
93991,Active,897771,NA,NA,D,1,0,2864822.861,115,2003,15,49.47,134.49
93992,Active,117409,NA,NA,D,0,0,3061547.3,51,2005,52,4,7.97
93993,Active,61124,NA,NA,D,7,1,358787.3513,43.62,2006,62,4.23,38.37
93994,Active,542805,NA,NA,D,7,1,465826.995,92.95,2010,31,62.04,147.37
93995,Active,164772,NA,NA,D,1,0,797053.4438,44,1999,37,4.84,25.4
93996,Active,882053,NA,NA,D,0,0,3703954.613,80,1992,7,45.92,0
93997,Active,598667,NA,NA,D,2,1,3644117.398,97,2003,18,4,33.94
93998,Active,890127,NA,NA,D,1,0,6065267.968,45.95,2008,14,12.33,27.14
93999,Active,2626545,NA,NA,D,1,0,13573120.4,97.95,1996,21,4,71.87
94000,Active,3471943,NA,NA,D,0,0,4861423.25,98.8,2001,17,4.05,15.1
94001,Active,876642,NA,NA,D,0,0,1852668.428,23.98,2011,18,5.37,23.97
94002,Active,2252581,NA,NA,D,10,1,4003194.25,14.65,2008,29,0,0
94003,Active,1745782,NA,NA,D,0,0,247578.32,34.95,2012,26,5.98,31.78
94004,Active,914029,NA,NA,D,1,0,2428522.666,41.95,1999,29,4.45,33.99
94005,Active,330362,NA,NA,D,1,0,2609155.404,162.95,2002,27,8.96,7.99
94006,Active,2378911,NA,NA,D,2,1,3885543.534,67.53,1972,17,4,50.89
94007,Active,2664443,NA,NA,D,0,0,4051578.039,99,1998,15,4.46,73.67
94008,Active,207575,NA,NA,D,0,0,742150.8025,119,2004,40,15.77,49.91
94009,Active,778406,NA,NA,D,1,0,3600976.234,124.95,2005,24,5.47,10.99
94010,Active,258435,NA,NA,D,1,0,482219.0263,93,2009,50,4,11.99
94011,Active,586402,NA,NA,D,2,1,8615886.409,39.95,2001,17,4,50.27
94012,Active,309040,NA,NA,D,1,0,862890.6838,58.09,2006,28,11.18,50.7
94013,Active,164986,NA,NA,D,1,0,1382630.726,36.95,1999,40,4,11.82
94014,Active,200014,NA,NA,D,1,0,2098718.273,139.95,2005,22,10.23,38.99
94015,Active,598675,NA,NA,D,1,0,3083355.255,94,2006,15,20.74,43.99
94016,Active,431108,NA,NA,D,0,0,2899530.101,193.25,2008,26,4.95,49.31
94017,Active,1933235,NA,NA,D,0,0,1501269.416,16.95,2010,22,11.38,62.75
94018,Active,2402904,NA,NA,D,6,1,7831095.426,0,1979,13,4.26,0
94019,Active,2266979,NA,NA,D,1,0,3265478.45,146.97,2013,16,12.43,181.25
94020,Active,128180,NA,NA,D,2,1,2076699.88,69.95,2002,23,5.94,35.49
94021,Active,897455,NA,NA,D,1,0,2408267.303,79.95,2004,16,4,45.65
94022,Active,164292,NA,NA,D,1,0,1918680.459,34.95,2002,29,4,9.89
94023,Active,169430,NA,NA,D,1,0,2426230.558,149.95,2007,29,4.54,62.5
94024,Active,295468,NA,NA,D,1,0,1117993.23,39.95,2003,39,4,9.93
94025,Active,899852,NA,NA,D,0,0,3747418.258,49.95,2002,20,4,24.71
94026,Active,257033,NA,NA,D,1,0,1446414.963,60,2002,29,4,10.82
94027,Active,112833,NA,NA,D,1,0,737511.8025,89.95,2011,31,10.43,15
94028,Active,290351,NA,NA,D,1,0,5858604.515,72.95,2002,18,4.22,31.11
94029,Active,2227518,NA,NA,D,6,1,759530.3175,44,2008,14,6.65,48.37
94030,Active,2400821,NA,NA,D,1,0,3506153.928,75,1999,21,23.15,69.02
94031,Active,1593894,NA,NA,D,1,0,5264275.366,114,2009,24,17.48,63.25
94032,Active,2566987,NA,NA,D,1,0,2620604.65,36.95,2001,22,4,19.94
94033,Active,342709,NA,NA,D,1,0,2178219.956,36.95,2002,20,4,23.94
94034,Active,891985,NA,NA,D,10,1,843887.2313,46.25,2008,21,17.91,19.95
94035,Active,250405,NA,NA,D,9,1,2949066.66,46.25,2005,15,10.03,36.14
94036,Active,1751339,NA,NA,D,1,0,578361.5175,92,2010,24,5.98,32.99
94037,Active,1566109,NA,NA,D,1,0,1264100.863,256,2006,31,13.88,157.67
94038,Active,622421,NA,NA,D,1,0,1990252.498,95.75,1994,34,4,12.89
94039,Active,778536,NA,NA,D,2,1,4127925.925,90.95,2003,18,4,38.72
94040,Active,481418,NA,NA,D,0,0,3815481.14,145,2006,14,61.02,105.78
94041,Active,213171,NA,NA,D,1,0,866819.5788,61.95,2006,15,38.63,57.95
94042,Active,1725746,NA,NA,D,3,1,2576239.728,49.99,2008,14,6.13,33.87
94043,Active,2778840,NA,NA,D,1,0,6046700.59,83,1993,17,3.96,19.95
94044,Active,495600,NA,NA,D,2,1,703343.8638,159,2008,14,47.55,49.49
94045,Active,519165,NA,NA,D,1,0,1853086.413,163.95,2008,22,60.97,151.73
94046,Active,307948,NA,NA,D,0,0,4888327.9,59.95,2001,18,4.17,43.98
94047,Active,3272082,NA,NA,D,2,1,3074524.025,67.61,2005,18,12.92,80.22
94048,Active,895115,NA,NA,D,13,1,619494.8463,0,2012,24,8.54,63.95
94049,Active,367130,NA,NA,D,5,1,356905.7325,89.99,2008,31,9,16.98
94050,Active,2664403,NA,NA,D,1,0,2077322.77,68.99,1999,20,7.67,7.98
94051,Active,875625,NA,NA,D,2,1,136813.4525,143.25,2013,28,42.98,109.57
94052,Active,500569,NA,NA,D,0,0,2025536.678,109,2010,17,23.82,109
94053,Active,254827,NA,NA,D,1,0,4244760.781,34.95,1998,20,4,9.17
94054,Active,1827046,NA,NA,D,0,0,150526.2338,363.95,2014,24,33.99,98.99
94055,Active,660822,NA,NA,D,2,1,497802.41,148.95,2013,15,31.69,125.99
94056,Active,244960,NA,NA,D,1,0,1579017.181,159.95,2003,17,85.99,103.99
94057,Active,1879696,NA,NA,D,10,1,1507585.654,159.95,2009,17,80.23,128.18
94058,Active,914551,NA,NA,D,0,0,1907049.284,26.48,2011,16,9.64,25.94
94059,Active,738045,NA,NA,D,1,0,2050264.765,190,2005,24,5.25,113.93
94060,Active,616325,NA,NA,D,0,0,1201347.373,91.79,2005,24,4.93,103.1
94061,Active,638230,NA,NA,D,4,1,2703710.498,41,2010,27,7.98,6.99
94062,Active,2698530,NA,NA,D,3,1,4580518.435,48.95,2004,15,11.75,76.48
94063,Active,3117804,NA,NA,D,0,0,3510569.941,119,2004,13,24.61,90.78
94064,Active,105381,NA,NA,D,5,1,380354.8413,88.25,2008,10,28.99,30.61
94065,Active,3469079,NA,NA,D,1,0,7174203.15,65,1998,17,4.72,12.98
94066,Active,2860777,NA,NA,D,0,0,11619221.1,85,1979,7,6.98,0
94067,Active,3200460,NA,NA,D,10,1,4577085.566,56,1998,16,43.32,136.59
94068,Active,3733698,NA,NA,D,0,0,96033.65,79.99,2013,52,52.32,53.33
94069,Active,3792106,NA,NA,D,0,0,487368.7,119.99,2007,48,73.13,80.57
94070,Active,3733666,NA,NA,D,0,0,1339704,69.99,2009,24,29.98,56.55
94071,Active,3733701,NA,NA,D,0,0,823957.45,54.99,2012,40,33.95,37.6
94072,Active,253633,NA,NA,D,0,0,143999.3113,37.99,2011,24,25.65,53.98
94073,Active,902189,NA,NA,D,0,0,824707.0425,54.99,2011,22,27.19,53.98
94074,Active,1890793,NA,NA,D,0,0,1449250.525,79.99,2012,12,32.79,53.99
94075,Active,902293,NA,NA,D,0,0,463728.205,64.99,2012,14,30.5,48.69
94076,Active,2022379,NA,NA,D,1,0,2836438.61,34.99,2007,13,16.92,71.31
94077,Active,2591604,NA,NA,D,0,0,4129672.989,79.95,1987,13,30.99,142.43
94078,Active,868453,NA,NA,D,0,0,4358322.363,34.95,1999,22,4,8.92
94079,Active,904573,NA,NA,D,1,0,3060118.443,130,2005,19,4.23,89.11
94080,Active,278042,NA,NA,D,2,1,748745.4975,39.95,2003,50,4,0
94081,Active,625767,NA,NA,D,0,0,2387435.059,50,1997,30,4,24.79
94082,Active,614090,NA,NA,D,4,1,2443326.266,82.95,1997,29,3.67,10.76
94083,Active,3620034,NA,NA,D,1,0,4297365.4,37,1900,19,4,30.54
94084,Active,2615384,NA,NA,D,1,0,4248575.361,105,2005,14,33.9,53.98
94085,Active,213215,NA,NA,D,1,0,1502411.153,43.95,2007,19,14.91,72.97
94086,Active,894375,NA,NA,D,2,1,6435559.639,83.95,2001,15,5.53,59.58
94087,Active,213137,NA,NA,D,2,1,1069350.185,29.95,2005,41,4.2,12.92
94088,Active,669496,NA,NA,D,1,0,681087.0513,52,2006,20,28.39,32.54
94089,Active,111898,NA,NA,D,2,1,376225.5325,35.33,2010,79,4,31.09
94090,Active,869336,NA,NA,D,1,0,1881898.686,140.95,2007,16,14.95,165.52
94091,Active,2312393,NA,NA,D,0,0,973280.9338,29.26,1989,12,4.39,138.49
94092,Active,3575165,NA,NA,D,0,0,593958.15,60,2005,38,23.31,42.87
94093,Active,2612810,NA,NA,D,1,0,2017307.516,99.99,2002,24,23.32,50.97
94094,Active,1767858,NA,NA,D,0,0,492188.7775,29.99,2013,19,30.4,25.54
94095,Active,606513,NA,NA,D,1,0,2662690.214,29.95,2001,25,4,47.25
94096,Active,2252467,NA,NA,D,2,1,6907025.329,66.38,2009,33,12.63,58.61
94097,Active,1475388,NA,NA,D,1,0,2345525.015,68,2012,15,9.88,44.78
94098,Active,909031,NA,NA,D,1,0,1276902.424,64.99,2005,33,4,12.07
94099,Active,126029,NA,NA,D,1,0,353291.6863,97.95,1999,30,18.99,55.29
94100,Active,2601638,NA,NA,D,1,0,2533186.966,89.99,1997,24,5.73,47.23
94101,Active,2613064,NA,NA,D,1,0,1315162.933,120,2001,18,49.38,67.35
94102,Active,195190,NA,NA,D,0,0,1367562.948,59.95,2009,24,6.48,56.03
94103,Active,441782,NA,NA,D,1,0,1964140.216,60.95,2005,31,4,49.22
94104,Active,585225,NA,NA,D,0,0,3102482.55,12.68,2004,20,5.6,8.36
94105,Active,2722215,NA,NA,D,1,0,1103174.198,113,2003,37,6.48,93.13
94106,Active,2379051,NA,NA,D,0,0,3057250.9,61,1988,44,4,11.46
94107,Active,698028,NA,NA,D,4,1,1592626.901,35,2004,11,18.36,22
94108,Active,173557,NA,NA,D,0,0,3167401.291,49,1998,27,4,7.25
94109,Active,2406004,NA,NA,D,3,1,3598900.833,39.99,1992,22,4,16.99
94110,Active,184676,NA,NA,D,2,1,3028901.21,61.99,2002,16,4,46.63
94111,Active,575604,NA,NA,D,0,0,4099231.783,35,2004,16,4,23.99
94112,Active,255714,NA,NA,D,1,0,1971627.305,50.95,2000,29,4,39.99
94113,Active,366656,NA,NA,D,0,0,4042588.384,98.95,2006,16,28.56,73.97
94114,Active,1594505,NA,NA,D,1,0,5254802.263,125,2008,16,19.22,97.74
94115,Active,821573,NA,NA,D,2,1,5481590.758,24.95,1994,14,4,10.49
94116,Active,3014067,NA,NA,D,0,0,2333306.781,19.95,1999,20,4,19.94
94117,Active,638106,NA,NA,D,1,0,2538756.285,96,2007,17,12.94,27.29
94118,Active,908504,NA,NA,D,0,0,2085259.301,158,1994,26,4.73,36.94
94119,Active,917085,NA,NA,D,3,1,3403653.733,42,1995,28,4,32.43
94120,Active,2606248,NA,NA,D,0,0,4795726.259,99.99,1997,16,27.78,97.08
94121,Active,3515277,NA,NA,D,1,0,4059545.4,99,1995,41,6.34,33.49
94122,Active,152471,NA,NA,D,0,0,1067191.716,149,2007,18,100.53,113.88
94123,Active,572506,NA,NA,D,2,1,3826207.265,35.95,1991,27,4,15.99
94124,Active,2618256,NA,NA,D,0,0,1831174.436,180.27,1991,16,15.98,129.45
94125,Active,158233,NA,NA,D,1,0,630639.4625,60.95,2005,35,26.15,52.71
94126,Active,1593755,NA,NA,D,1,0,993571.7713,125,2008,24,18.24,20.99
94127,Active,196240,NA,NA,D,1,0,2172576.061,59.95,2002,38,4,37.88
94128,Active,234331,NA,NA,D,0,0,1736771.075,60,2000,22,14.34,72.91
94129,Active,2647123,NA,NA,D,0,0,2043986.133,59.95,1998,18,5.44,95.31
94130,Active,1470668,NA,NA,D,0,0,7375948.56,89.95,2006,13,6.39,61.78
94131,Active,1476332,NA,NA,D,5,1,1335392.194,79.95,2014,20,21.07,53.99
94132,Active,530592,NA,NA,D,5,1,878583.9863,79.95,2011,55,6.02,53.99
94133,Active,135377,NA,NA,D,0,0,957328.245,80,2007,26,6.15,69.62
94134,Active,1537676,NA,NA,D,2,1,4471007.484,140,2006,10,8.76,139.85
94135,Active,2418377,NA,NA,D,0,0,1898754.789,44.95,2005,29,14.03,48.99
94136,Active,3544612,NA,NA,D,0,0,9760129.3,52,1988,41,3.38,27.36
94137,Active,1473240,NA,NA,D,1,0,8408219.205,115,2009,31,20.54,100.05
94138,Active,2418993,NA,NA,D,3,1,9729226.069,360,2004,6,9.65,105.08
94139,Active,2418374,NA,NA,D,0,0,9012336.456,199,2003,14,50.46,178.75
94140,Active,156837,NA,NA,D,2,1,2383367.431,37.95,2000,35,4,27.99
94141,Active,515740,NA,NA,D,2,1,8182297.593,84,2001,17,5.47,72.63
94142,Active,904821,NA,NA,D,1,0,3755528.766,55,2004,27,4,48.28
94143,Active,2379143,NA,NA,D,5,1,5045280.883,66.33,1990,19,4,33.99
94144,Active,139680,NA,NA,D,1,0,912959.3038,124,2002,21,8.46,73.21
94145,Active,1448047,NA,NA,D,1,0,463146.6738,86.8,2007,18,10.69,162.87
94146,Active,2693868,NA,NA,D,1,0,5392778.379,39.95,2003,17,4.06,13.99
94147,Active,1586822,NA,NA,D,0,0,5894849.554,68,2006,38,4,42.97
94148,Active,1590228,NA,NA,D,1,0,7751850.996,76,2008,21,4.97,38.95
94149,Active,2236218,NA,NA,D,0,0,2612488.908,88.5,2007,15,4.78,95.93
94150,Active,902918,NA,NA,D,6,1,2784188.054,35,2008,21,5.07,7.95
94151,Active,618556,NA,NA,D,0,0,942818.9163,37,2011,44,4,35.41
94152,Active,184431,NA,NA,D,0,0,1847362.503,46.95,2006,29,4,38.14
94153,Active,647782,NA,NA,D,1,0,658326.97,54,1998,47,6.05,53.98
94154,Active,643542,NA,NA,D,0,0,1640082.503,109,2009,46,72.29,72.23
94155,Active,3128237,NA,NA,D,3,1,1515096.96,36.5,2005,40,4,9.98
94156,Active,2807079,NA,NA,D,1,0,1405611.075,82.5,1997,13,6.38,62.29
94157,Active,909575,NA,NA,D,2,1,2489191.786,61,1998,18,4,51.95
94158,Active,2571071,NA,NA,D,1,0,662067.5888,75,1992,36,4,18.08
94159,Active,868095,NA,NA,D,0,0,673690.555,54.05,1972,42,4,30.84
94160,Active,870582,NA,NA,D,1,0,1552775.566,27.95,1988,21,4,51.91
94161,Active,152241,NA,NA,D,2,1,847716.095,109,2005,27,32.99,79.36
94162,Active,651254,NA,NA,D,0,0,1768983.289,99,1983,15,5.18,46.59
94163,Active,2406468,NA,NA,D,0,0,2128184.965,75,1992,14,33.08,5869.9
94164,Active,206028,NA,NA,D,1,0,1159287.46,80,2007,22,34.39,71.5
94165,Active,2849384,NA,NA,D,1,0,1029639.648,29.99,1992,36,4,45.99
94166,Active,611636,NA,NA,D,1,0,1859652.213,59.95,2013,37,4.98,42.16
94167,Active,883057,NA,NA,D,1,0,9977621.253,71.95,2002,10,9.62,43.01
94168,Active,754997,NA,NA,D,6,1,1808572.105,34.95,2003,34,4,18.8
94169,Active,1651451,NA,NA,D,1,0,2020051.918,62.95,2007,17,6.74,62.22
94170,Active,2036439,NA,NA,D,0,0,1604292.66,89.99,2006,54,21.9,28.99
94171,Active,1694339,NA,NA,D,0,0,1436158.308,50,2009,33,8.99,39.24
94172,Active,860762,NA,NA,D,11,1,320946.255,44.99,2012,40,5.26,42.99
94173,Active,1856820,NA,NA,D,0,0,815355.6625,24.99,2014,8,20.76,47.13
94174,Active,671510,NA,NA,D,1,0,1632006.643,49.95,2006,19,5.15,56
94175,Active,599721,NA,NA,D,0,0,699648.8975,42,2011,33,4.48,13.01
94176,Active,1469855,NA,NA,D,1,0,1344328.385,170,2006,16,34.44,67.49
94177,Active,2117098,NA,NA,D,1,0,4798551.513,110,2007,11,7.17,8.99
94178,Active,2129605,NA,NA,D,0,0,4872549.418,43,2008,13,7.08,36.48
94179,Active,144355,NA,NA,D,0,0,1156071.903,66.4,2004,24,4.28,11.78
94180,Active,869953,NA,NA,D,0,0,1219216.968,31.77,2004,34,5.59,26.56
94181,Active,737730,NA,NA,D,0,0,3250458.784,31,2008,13,4.98,13.17
94182,Active,893423,NA,NA,D,0,0,1236536.033,74,2014,14,8.94,43.98
94183,Active,1469515,NA,NA,D,2,1,5172309.229,65,2009,18,4.97,49.54
94184,Active,595042,NA,NA,D,3,1,548820.015,228,2012,61,8.74,82.4
94185,Active,911488,NA,NA,D,2,1,5805613.425,64,2002,17,5.66,61.51
94186,Active,1468531,NA,NA,D,0,0,8096708.426,89.95,2008,18,4.98,48.53
94187,Active,737439,NA,NA,D,6,1,1746469.284,250,2009,14,19.96,39.15
94188,Active,906415,NA,NA,D,5,1,7668584.239,120,2004,13,6.99,69.51
94189,Active,1468336,NA,NA,D,0,0,5919055.06,67.5,2007,13,4.97,56.2
94190,Active,213628,NA,NA,D,0,0,812912.1688,49.95,2007,44,23.82,53.47
94191,Active,2257276,NA,NA,D,4,1,1166156.736,201.62,2008,24,20.24,109.22
94192,Active,143211,NA,NA,D,4,1,2055545.173,172,2008,19,8.99,42.47
94193,Active,156993,NA,NA,D,1,0,2443228.766,216,2002,16,34.99,87.43
94194,Active,1839889,NA,NA,D,1,0,2752192.641,98.95,2008,15,4,43.98
94195,Active,645615,NA,NA,D,1,0,8895152.071,54.95,2003,14,4.96,12.49
94196,Active,2551063,NA,NA,D,0,0,4712565.299,34.95,1997,28,4,54.09
94197,Active,640192,NA,NA,D,1,0,1312529.218,38.6,2010,21,12.66,34.47
94198,Active,1952808,NA,NA,D,0,0,2010121.969,69.99,2013,16,40.88,50.84
94199,Active,621397,NA,NA,D,0,0,919990.675,69.99,2008,49,11.5,19.96
94200,Active,193133,NA,NA,D,1,0,1567104.979,184.95,2007,17,9.32,62.89
94201,Active,628173,NA,NA,D,0,0,1360622.355,129,2008,21,20.35,24.87
94202,Active,914440,NA,NA,D,1,0,2032396.079,59,2001,30,4,19.95
94203,Active,237855,NA,NA,D,0,0,256018.4538,82.95,2005,37,6.14,79.67
94204,Active,261347,NA,NA,D,1,0,504464.13,62,2003,58,4,24.53
94205,Active,868332,NA,NA,D,1,0,480865.7813,69.99,2004,41,24.14,52.97
94206,Active,576961,NA,NA,D,0,0,2006920.616,47.95,2011,20,34.74,35.98
94207,Active,1923720,NA,NA,D,0,0,1891332.896,179,2011,16,129.95,110.09
94208,Active,2681612,NA,NA,D,2,1,9902609.22,335.95,2005,9,6.38,63.1
94209,Active,2419388,NA,NA,D,1,0,5490449.021,210,2005,14,58.99,164
94210,Active,886203,NA,NA,D,8,1,1089702.165,480.18,2012,17,45.31,547.85
94211,Active,173231,NA,NA,D,0,0,4549826.66,59.95,1995,14,4,37.99
94212,Active,2613412,NA,NA,D,1,0,3694689.815,99.99,2001,19,20.68,87.77
94213,Active,2811959,NA,NA,D,1,0,794426.1475,45,2003,15,18.9,18.94
94214,Active,2119745,NA,NA,D,1,0,1053904.584,44.95,2010,19,25.55,30.55
94215,Active,1469761,NA,NA,D,1,0,2053100.914,87,2007,14,21.12,71.44
94216,Active,661669,NA,NA,D,0,0,946875.5225,97.5,2012,13,48.21,76.88
94217,Active,264434,NA,NA,D,1,0,1673141.528,65,2007,25,21.52,87.12
94218,Active,907340,NA,NA,D,1,0,741775.2825,135,1999,23,4,51.53
94219,Active,197187,NA,NA,D,0,0,3554858.611,59.95,2003,23,4,27.99
94220,Active,1587572,NA,NA,D,1,0,2421144.975,140,2006,22,11.17,11.19
94221,Active,640569,NA,NA,D,1,0,2211628.1,80,2005,21,38.73,61.59
94222,Active,1464088,NA,NA,D,0,0,11066640,170,2006,13,21.03,154.75
94223,Active,2576730,NA,NA,D,4,1,3173902.141,270,1991,31,4.48,23.19
94224,Active,560190,NA,NA,D,0,0,1285233.766,55,2004,39,4,10.98
94225,Active,2501713,NA,NA,D,0,0,1690191.403,97,2005,28,8.92,57.87
94226,Active,606711,NA,NA,D,5,1,2305310.89,93,1993,30,4,44.63
94227,Active,903303,NA,NA,D,0,0,4804218.571,69.99,1997,20,16.92,34.35
94228,Active,2608373,NA,NA,D,0,0,4726646.15,100,1998,7,48.94,0
94229,Active,901529,NA,NA,D,0,0,3296578.664,120,2004,20,28.87,115.46
94230,Active,2532395,NA,NA,D,1,0,8498159.26,32.5,1996,22,4,45.81
94231,Active,569219,NA,NA,D,1,0,4321170.561,48,2004,16,4,17.59
94232,Active,172149,NA,NA,D,0,0,857902.055,18.95,2005,32,4.48,18.49
94233,Active,1857619,NA,NA,D,0,0,2298235.649,30,2006,4,32.94,103.99
94234,Active,2580765,NA,NA,D,1,0,4858627.805,35.35,1977,32,4.4,18.94
94235,Active,1593476,NA,NA,D,1,0,2055488.106,114.99,2012,17,35.98,76.48
94236,Active,2601145,NA,NA,D,2,1,4264086.839,219,2003,13,51.94,346.86
94237,Active,700254,NA,NA,D,1,0,397748.16,28.95,2002,42,4,31.88
94238,Active,755799,NA,NA,D,1,0,1719130.39,109.88,2010,31,87.89,91.55
94239,Active,624953,NA,NA,D,1,0,618311.0688,173.75,2008,91,4,30.23
94240,Active,755801,NA,NA,D,1,0,746497.0188,244.5,2010,21,5.11,95.75
94241,Active,293835,NA,NA,D,1,0,1322311.818,39.95,2004,20,24.14,43.66
94242,Active,778329,NA,NA,D,1,0,1128049.756,39.95,2004,23,11.27,13.99
94243,Active,778467,NA,NA,D,1,0,1637559.229,39.95,2006,24,6.93,12.44
94244,Active,778341,NA,NA,D,1,0,629617.0025,29.95,2004,16,11.98,21.65
94245,Active,778468,NA,NA,D,1,0,423189.2875,39.95,2006,25,4,22.19
94246,Active,778343,NA,NA,D,1,0,2579373.838,39.95,2005,11,33.03,33.94
94247,Active,640385,NA,NA,D,1,0,2273217.183,36,2007,17,4,84.29
94248,Active,633818,NA,NA,D,1,0,191363.7038,39.99,2012,44,15.68,60.63
94249,Active,667250,NA,NA,D,1,0,535085.0313,39.99,2012,18,11,58.51
94250,Active,642021,NA,NA,D,1,0,1025099.278,39.99,2013,43,4.69,30.41
94251,Active,1879702,NA,NA,D,1,0,1543013.301,54.95,2009,30,8.95,48.99
94252,Active,266330,NA,NA,D,1,0,1300372.209,62.99,2006,19,29.99,47.67
94253,Active,2144447,NA,NA,D,9,1,25701.7925,274.94,2014,75,58.44,153.98
94254,Active,2256977,NA,NA,D,5,1,5656567.28,34.95,2011,15,8.96,34.01
94255,Active,1942204,NA,NA,D,6,1,2405433.62,111.59,2011,10,10.16,73.13
94256,Active,613569,NA,NA,D,5,1,376846.0338,42.95,2006,59,4.39,11.85
94257,Active,1538322,NA,NA,D,1,0,3520914.511,87.95,2006,13,53.91,66.99
94258,Active,536260,NA,NA,D,1,0,150062.9425,44.99,2007,61,4.69,23.98
94259,Active,161509,NA,NA,D,0,0,2142540.03,135,2004,19,6.34,48.72
94260,Active,541759,NA,NA,D,1,0,577141.6813,39.99,2010,43,10.88,24.96
94261,Active,345615,NA,NA,D,1,0,2295761.253,65,1998,16,9.15,66.14
94262,Active,116452,NA,NA,D,0,0,646899.4163,55,2005,47,4,4.74
94263,Active,913489,NA,NA,D,1,0,1717613.804,27.95,1993,26,4.21,54.93
94264,Active,2562354,NA,NA,D,1,0,2972680.716,89.95,1985,35,4,38.14
94265,Active,727452,NA,NA,D,3,1,4684012.93,66.67,2004,18,4.4,79.73
94266,Active,3334812,NA,NA,D,6,1,2481325.2,140.13,2011,21,28.88,130.67
94267,Active,268456,NA,NA,D,1,0,1243383.65,78,2007,49,4,18.97
94268,Active,617082,NA,NA,D,1,0,1570809.801,39.95,2006,41,4,4.99
94269,Active,2786813,NA,NA,D,1,0,889260.9313,60,1990,27,12.39,70.92
94270,Active,775004,NA,NA,D,4,1,3728359.424,85.95,2000,14,4.35,46.14
94271,Active,2352749,NA,NA,D,3,1,4023822.609,93.12,2001,11,43.19,120.02
94272,Active,203491,NA,NA,D,0,0,1105028.13,80.95,2005,30,5.61,47.69
94273,Active,293253,NA,NA,D,1,0,1249163.885,67,2002,37,4,8.62
94274,Active,194038,NA,NA,D,1,0,1494256.714,40,2003,26,4,13.46
94275,Active,636233,NA,NA,D,0,0,2496717.529,99,2009,20,53.98,57.51
94276,Active,585531,NA,NA,D,1,0,1378694.36,37.95,2007,18,4,4.97
94277,Active,165747,NA,NA,D,4,1,2257754.394,35,2003,32,6.5,16.99
94278,Active,2935827,NA,NA,D,0,0,1719844.276,99,2003,17,49.58,49.49
94279,Active,2614489,NA,NA,D,0,0,2274583.388,84,2003,14,8.79,74.99
94280,Active,260075,NA,NA,D,0,0,3959496.129,29.95,2001,14,4,47.63
94281,Active,916955,NA,NA,D,1,0,850939.1363,13.95,1958,25,10.37,53.98
94282,Active,2379418,NA,NA,D,0,0,4295004.04,30.72,1991,25,4.06,58.89
94283,Active,298485,NA,NA,D,1,0,665471.7238,186.95,2008,48,6.24,60.83
94284,Active,654687,NA,NA,D,1,0,1438870.385,95.95,2009,27,26.5,80.98
94285,Active,217760,NA,NA,D,2,1,95294.07875,79.99,2010,36,40.81,63.98
94286,Active,1469628,NA,NA,D,0,0,3395765.305,165,2007,15,31.13,59.27
94287,Active,808029,NA,NA,D,0,0,1636357.283,69.99,2011,13,20.97,36.42
94288,Active,2569731,NA,NA,D,1,0,2163273.35,84.95,1992,26,48.33,115.7
94289,Active,660692,NA,NA,D,1,0,918385.325,49.95,2013,28,10.33,34.38
94290,Active,918011,NA,NA,D,0,0,6303220.044,48.95,1996,30,3.76,22.97
94291,Active,2441162,NA,NA,D,0,0,2141080.313,65,1993,17,24.03,60.93
94292,Active,177405,NA,NA,D,1,0,2259497.551,57.95,2003,51,4,10.99
94293,Active,2487251,NA,NA,D,1,0,5848912.879,74.95,2002,16,4.53,4.99
94294,Active,527084,NA,NA,D,2,1,942147.0288,49.95,2006,22,16.88,78.97
94295,Active,2664008,NA,NA,D,0,0,9392430.104,0,1980,12,9.35,0
94296,Active,563910,NA,NA,D,1,0,48187.42,128.95,1963,72,27.89,100.6
94297,Active,763281,NA,NA,D,2,1,5910159.3,106.41,1900,17,4.35,106.26
94298,Active,629776,NA,NA,D,1,0,915902.8463,37,2006,19,28.31,26.59
94299,Active,128859,NA,NA,D,0,0,4958309.796,34.5,2003,27,4,35.99
94300,Active,2563979,NA,NA,D,2,1,4051180.808,90.04,1957,18,4,69.26
94301,Active,2309384,NA,NA,D,0,0,2185470.944,10.95,1981,20,6.96,58.57
94302,Active,1465932,NA,NA,D,0,0,2096768.338,99,2009,17,19.84,71.09
94303,Active,3475005,NA,NA,D,2,1,3299539.8,77.8,1997,20,6.28,89.79
94304,Active,2185942,NA,NA,D,0,0,1701838.129,79.95,2010,14,54.37,53.01
94305,Active,2869429,NA,NA,D,3,1,7415657.271,8.95,1984,21,4,50.05
94306,Active,169257,NA,NA,D,1,0,1986107.774,225.95,2005,16,4,46.21
94307,Active,290940,NA,NA,D,1,0,2302196.538,159.95,2008,16,24.72,48.17
94308,Active,105305,NA,NA,D,7,1,2757203.164,148.94,2002,13,4.99,102.25
94309,Active,109376,NA,NA,D,3,1,948721.6388,106,2007,27,4.3,0
94310,Active,2561374,NA,NA,D,1,0,2327694.86,0,1981,16,5.97,0
94311,Active,266847,NA,NA,D,1,0,2905535.046,59.99,2004,22,4,28.98
94312,Active,661026,NA,NA,D,3,1,1123235.249,69.99,2012,21,32.64,0
94313,Active,652704,NA,NA,D,0,0,968442.21,64.99,2011,34,11.51,0
94314,Active,2621828,NA,NA,D,2,1,3204339.909,144.95,1994,22,4.45,16.86
94315,Active,2036494,NA,NA,D,0,0,758058.3838,69.99,2007,46,4.03,35.89
94316,Active,1867214,NA,NA,D,0,0,2007632.246,121.95,2007,21,37.65,198.5
94317,Active,276795,NA,NA,D,1,0,1045101.876,53.95,2000,27,7.99,43.99
94318,Active,1549114,NA,NA,D,1,0,1550380.751,148,2011,19,13.66,51.9
94319,Active,129120,NA,NA,D,1,0,2953326.503,76,2007,19,18.98,67.15
94320,Active,808597,NA,NA,D,1,0,102743.2225,149.95,2011,53,4.35,45.88
94321,Active,795192,NA,NA,D,1,0,1801532.574,149.95,2011,21,21.02,20.99
94322,Active,1729775,NA,NA,D,0,0,1722089.175,22.98,2008,20,6.99,22.89
94323,Active,1729776,NA,NA,D,0,0,1277291.45,27.98,2008,22,7.46,17.06
94324,Active,247493,NA,NA,D,1,0,1574551.789,99,2005,32,4,6.48
94325,Active,309728,NA,NA,D,5,1,3104929.194,58.98,2008,22,8.17,56.98
94326,Active,272342,NA,NA,D,0,0,1829582.991,169,2006,19,57.32,52.9
94327,Active,907213,NA,NA,D,1,0,2543728.039,89.95,2004,19,12.19,71.99
94328,Active,559927,NA,NA,D,1,0,62838.64375,159.75,2012,63,17.63,28.99
94329,Active,911682,NA,NA,D,1,0,311796.4075,68.75,2014,22,25.48,28.99
94330,Active,576682,NA,NA,D,1,0,1305460.593,178.95,2009,21,4,23.89
94331,Active,2283236,NA,NA,D,0,0,1939198.55,0,2009,13,0,0
94332,Active,287347,NA,NA,D,1,0,356931.9563,93.2,2000,35,21.97,259.99
94333,Active,298188,NA,NA,D,2,1,2906729.904,63.4,2009,26,4,22.99
94334,Active,2722646,NA,NA,D,1,0,6174195.489,37.95,2002,19,4.73,56.74
94335,Active,3046353,NA,NA,D,0,0,8454920.9,13.28,1993,19,7.14,101.43
94336,Active,3827094,NA,NA,D,2,1,1915214.35,0,2007,11,8.65,8.74
94337,Active,2562118,NA,NA,D,1,0,733553.1863,198,1985,15,30.74,72.98
94338,Active,195893,NA,NA,D,1,0,3489750.315,36.95,1999,20,4,38.42
94339,Active,3474739,NA,NA,D,1,0,3077857.4,74.67,1996,28,4,17.81
94340,Active,2562517,NA,NA,D,1,0,2129805.043,106.97,1997,30,4,43.77
94341,Active,2355055,NA,NA,D,0,0,5294145.67,115,2005,10,6.39,115
94342,Active,530468,NA,NA,D,2,1,1344983.189,81.98,2009,24,6.37,48.56
94343,Active,2654086,NA,NA,D,0,0,5621108.25,32,1996,13,9.76,80.16
94344,Active,2261585,NA,NA,D,0,0,1748111.364,114.89,2012,26,13.77,95.64
94345,Active,3046470,NA,NA,D,4,1,3567528.478,44,2003,14,4.13,25.58
94346,Active,3046471,NA,NA,D,0,0,5398892.664,14,2003,11,8.88,100.37
94347,Active,2027505,NA,NA,D,0,0,1156251.296,75,2012,9,26.64,43.09
94348,Active,914565,NA,NA,D,5,1,466565.155,53.28,2000,29,4,14.99
94349,Active,2372179,NA,NA,D,2,1,3418866.885,59.8,2000,16,6.32,50.45
94350,Active,272847,NA,NA,D,1,0,1668518.229,169,2001,33,10.36,57.09
94351,Active,2836779,NA,NA,D,2,1,6236519.84,59.95,1996,19,4.35,15.96
94352,Active,137503,NA,NA,D,7,1,2912469.294,106.67,2005,32,4.72,49.64
94353,Active,222071,NA,NA,D,0,0,818864.6888,25.99,2003,33,7.84,19.89
94354,Active,189689,NA,NA,D,0,0,951127.9638,60,2002,30,30.76,200.1
94355,Active,901504,NA,NA,D,1,0,3373660.658,175.95,2012,19,9.06,105.53
94356,Active,832744,NA,NA,D,1,0,1536323.203,92.95,1998,21,5.49,129.93
94357,Active,1545671,NA,NA,D,0,0,1046362.378,47.95,2009,27,18.9,47.94
94358,Active,176957,NA,NA,D,1,0,1921429.739,84.95,2002,19,4,9.99
94359,Active,3040180,NA,NA,D,1,0,623603.31,41.95,2004,15,27.02,27.4
94360,Active,3040130,NA,NA,D,0,0,374874.3188,39.95,2000,14,22.94,18.17
94361,Active,3040170,NA,NA,D,0,0,660292.735,36.95,2003,12,7.72,29.28
94362,Active,3062640,NA,NA,D,1,0,1634091.925,87,1999,36,7.17,16.6
94363,Active,2590462,NA,NA,D,1,0,4720932,39.5,1979,18,15.46,109.75
94364,Active,3879970,NA,NA,D,0,0,2272544.65,75,2014,27,11.4,9.18
94365,Active,916216,NA,NA,D,1,0,910557.665,75,2004,51,12.48,17.03
94366,Active,269572,NA,NA,D,1,0,505841.1338,49.95,2007,20,14.27,21.25
94367,Active,2543456,NA,NA,D,1,0,1495285.934,220,2004,22,36.19,124.31
94368,Active,761503,NA,NA,D,1,0,3820787.218,81,2004,8,6.61,21.9
94369,Active,903098,NA,NA,D,1,0,2969926.668,195,2009,22,33.71,137.86
94370,Active,192159,NA,NA,D,0,0,359732.3325,24.99,2002,63,4,23.94
94371,Active,668168,NA,NA,D,1,0,2551861.951,370,2007,13,232.74,268.05
94372,Active,2615550,NA,NA,D,0,0,720012.6375,54.99,2005,74,4,26.02
94373,Active,3817530,NA,NA,D,1,0,3237937.6,59.95,2003,12,22.01,239.8
94374,Active,2750657,NA,NA,D,1,0,4930356.561,179,1999,17,36.52,120.59
94375,Active,2774786,NA,NA,D,1,0,694699.4688,55,2001,24,7.62,16.23
94376,Active,3240410,NA,NA,D,3,1,753104.1,87.27,2005,22,20.67,41.59
94377,Active,909105,NA,NA,D,0,0,440369.37,95,2010,17,149.93,403.94
94378,Active,2649913,NA,NA,D,1,0,2223040.348,49.99,1996,16,16.72,86.32
94379,Active,3472710,NA,NA,D,3,1,2610384.55,84,2006,21,4.77,9.2
94380,Active,913887,NA,NA,D,0,0,920639.6525,64,1993,32,7.92,35.15
94381,Active,2406118,NA,NA,D,1,0,1371191.953,30,1993,21,11.89,44.95
94382,Active,559457,NA,NA,D,0,0,3952461.953,259,1991,16,103.94,169.81
94383,Active,800364,NA,NA,D,0,0,3122891.651,86,2006,12,37.88,48.16
94384,Active,3601905,NA,NA,D,2,1,3864114.9,189.95,2002,19,47.11,188.33
94385,Active,2663122,NA,NA,D,1,0,3755018.601,235,1997,12,150.09,148.1
94386,Active,3496635,NA,NA,D,1,0,1043390.35,99,1987,39,4,38.94
94387,Active,2165426,NA,NA,D,0,0,754573.2163,476.95,2013,17,21.05,84.84
94388,Active,1614080,NA,NA,D,2,1,3051119.148,50.95,2006,15,5.19,45
94389,Active,355962,NA,NA,D,2,1,2628380.271,110,2003,16,4.98,46.79
94390,Active,1519321,NA,NA,D,0,0,1818107.223,89.95,2015,11,5.55,68.99
94391,Active,532094,NA,NA,D,0,0,1764142.219,86.95,2012,17,4.27,37.94
94392,Active,2259178,NA,NA,D,2,1,3085569.948,111.9,2006,34,15.73,111.89
94393,Active,391177,NA,NA,D,1,0,495048.7338,88.95,2010,25,33.38,77.98
94394,Active,2335700,NA,NA,D,1,0,3831651.495,125,1995,26,8.49,61.85
94395,Active,3529891,NA,NA,D,1,0,2636295.45,110,2007,44,33.97,45.99
94396,Active,2502697,NA,NA,D,0,0,1031305.839,69.95,1989,31,15.63,42.94
94397,Active,823599,NA,NA,D,3,1,1496014.38,32.95,1999,36,4,4
94398,Active,909369,NA,NA,D,0,0,1806644.514,42.95,2004,25,4,12.99
94399,Active,2088156,NA,NA,D,0,0,3312507.668,174.95,2013,18,9.13,43.98
94400,Active,760694,NA,NA,D,1,0,6938686.798,240,2001,10,68.97,183.71
94401,Active,871147,NA,NA,D,1,0,696015.2425,33.95,2004,205,3.84,7.09
94402,Active,752164,NA,NA,D,1,0,2588807.716,99.95,2009,18,17.76,44.99
94403,Active,722451,NA,NA,D,1,0,1095945.418,41.95,2006,45,4,27.26
94404,Active,2596112,NA,NA,D,0,0,3424392.679,69.95,1989,10,8.59,675
94405,Active,157877,NA,NA,D,1,0,1161553.279,50,1999,33,4,17.42
94406,Active,2683627,NA,NA,D,1,0,627463.255,56,2003,23,13.48,74.45
94407,Active,2606837,NA,NA,D,1,0,5851302.543,78.99,2000,11,4,11.01
94408,Active,678729,NA,NA,D,1,0,905350.9625,24.99,2011,38,5.49,12.9
94409,Active,643359,NA,NA,D,1,0,665991.2538,62.95,1994,47,4,29.99
94410,Active,1701794,NA,NA,D,1,0,1897805.41,55,2012,16,25.38,23.89
94411,Active,3612421,NA,NA,D,0,0,4742318.25,52.5,1995,20,4,18.86
94412,Active,532858,NA,NA,D,39,1,991478.0988,54.25,2012,37,4,46.5
94413,Active,158053,NA,NA,D,1,0,710662.505,49.95,2004,29,6.87,50.94
94414,Active,885129,NA,NA,D,3,1,3809026.206,49.03,2009,13,36.4,145
94415,Active,610301,NA,NA,D,40,1,638901.9588,28.99,2013,36,4,43.48
94416,Active,3605401,NA,NA,D,2,1,3564512.9,42,1991,23,4,12.99
94417,Active,2432628,NA,NA,D,1,0,1041347.745,22,1991,40,4,15.99
94418,Active,775453,NA,NA,D,0,0,2306438.621,185,2002,16,10.27,75.28
94419,Active,3485181,NA,NA,D,1,0,1938542,20.95,1999,19,4,11.76
94420,Active,1688122,NA,NA,D,1,0,406451.7,65.95,2007,14,44.79,51.72
94421,Active,1848830,NA,NA,D,5,1,2019616.093,77.25,2011,19,4.94,33.93
94422,Active,1930781,NA,NA,D,6,1,2839007.865,92.5,2013,13,5.74,99.57
94423,Active,581645,NA,NA,D,2,1,3860901.869,86,1998,18,7.12,33.82
94424,Active,556261,NA,NA,D,0,0,2278872.285,135,2004,17,4,33.99
94425,Active,905947,NA,NA,D,0,0,2205198.773,47.95,2011,19,6.74,25.62
94426,Active,2057009,NA,NA,D,2,1,2173721.899,43,2007,20,4,11.97
94427,Active,639182,NA,NA,D,2,1,174930.3613,86,2010,44,18.68,59.03
94428,Active,875615,NA,NA,D,0,0,2485319.875,118.2,2007,19,13.93,23.49
94429,Active,2869266,NA,NA,D,1,0,1873917.331,80,1988,25,4,33.96
94430,Active,911386,NA,NA,D,0,0,3760025.98,49.95,2003,19,4,23.98
94431,Active,921143,NA,NA,D,0,0,1024830.893,50,1999,64,4,19.63
94432,Active,1748734,NA,NA,D,3,1,884242.0338,125,2008,28,34.31,145.89
94433,Active,774983,NA,NA,D,2,1,762137.62,58.95,2004,35,30.22,105.51
94434,Active,645708,NA,NA,D,1,0,1475746.44,59.95,1998,33,6.48,51.79
94435,Active,2063772,NA,NA,D,0,0,2442627.723,39.95,2011,11,33.98,119.1
94436,Active,106393,NA,NA,D,3,1,1890213.398,64.95,2005,26,4,49.31
94437,Active,763396,NA,NA,D,1,0,1572003.215,148.95,1998,43,4,45.15
94438,Active,530434,NA,NA,D,5,1,52443.96875,153.4,2010,33,35.53,242.97
94439,Active,199060,NA,NA,D,1,0,1136385.758,64.95,2001,27,4,21.67
94440,Active,2595523,NA,NA,D,0,0,3029498.26,99.99,1988,20,10.01,89.03
94441,Active,3748248,NA,NA,D,0,0,1933728.75,219,2012,42,17.92,17.9
94442,Active,653630,NA,NA,D,1,0,1229362.376,203,2004,25,58.58,0
94443,Active,2229616,NA,NA,D,0,0,1767133.318,54,2008,15,11.41,7.99
94444,Active,2672185,NA,NA,D,1,0,4898092.301,73.95,1997,16,5.47,192.67
94445,Active,882296,NA,NA,D,0,0,9093834.615,31.95,1996,12,4.29,35.18
94446,Active,139079,NA,NA,D,0,0,1471794.984,55,2003,20,13.49,132.78
94447,Active,916236,NA,NA,D,0,0,757680.6838,39.95,2000,34,7.88,49.94
94448,Active,572618,NA,NA,D,1,0,2997730.538,67.99,2003,24,4.15,14.17
94449,Active,2231067,NA,NA,D,0,0,2947486.123,49.5,2006,22,6.93,33.35
94450,Active,1617299,NA,NA,D,0,0,1092970.02,39.95,2009,24,20.97,79.29
94451,Active,888438,NA,NA,D,1,0,1296946.315,59.95,2008,17,41.09,157.09
94452,Active,2299657,NA,NA,D,0,0,856662,0,1900,14,0,0
94453,Active,1751745,NA,NA,D,7,1,545891.2288,46.95,2010,10,78.99,49.99
94454,Active,3599014,NA,NA,D,0,0,3825712.4,66.95,1991,16,4,67.62
94455,Active,3117837,NA,NA,D,0,0,922240.2125,49.95,2004,22,4.37,42.69
94456,Active,2011663,NA,NA,D,0,0,1050128.405,44.95,2007,17,34.14,102.01
94457,Active,666710,NA,NA,D,0,0,1189632.048,59.99,2006,18,6.12,13.28
94458,Active,2599818,NA,NA,D,0,0,2222528.305,49.95,1992,15,26.43,71.15
94459,Active,3073691,NA,NA,D,1,0,1428146.619,34.95,2000,21,7.42,33.57
94460,Active,692281,NA,NA,D,1,0,4133353.135,45.95,2001,15,4,6.99
94461,Active,744714,NA,NA,D,2,1,2320900.656,99.95,2005,25,4,10.68
94462,Active,1464006,NA,NA,D,0,0,3664602.541,41.88,2008,21,4,54.29
94463,Active,3604383,NA,NA,D,0,0,655162.35,89.25,1900,53,4,37.49
94464,Active,287278,NA,NA,D,0,0,908926.115,51,2006,35,8.98,25.58
94465,Active,3552709,NA,NA,D,0,0,468464.85,41.95,1969,133,9.84,22.96
94466,Active,1623942,NA,NA,D,0,0,294440.9125,45,2008,41,4.76,23.37
94467,Active,3547698,NA,NA,D,1,0,284134.1,45,2010,63,21.8,29.99
94468,Active,2698180,NA,NA,D,1,0,2850671.916,57.95,2002,14,6.39,73.99
94469,Active,716241,NA,NA,D,25,1,3032950.048,250.47,2011,11,14.06,0
94470,Active,1702288,NA,NA,D,0,0,1483577.879,99,2014,11,12.02,35.99
94471,Active,775748,NA,NA,D,0,0,6517152.216,35.5,2005,10,8.93,104.57
94472,Active,647224,NA,NA,D,4,1,963779.2625,115,2011,28,62.3,0
94473,Active,870403,NA,NA,D,1,0,2855213.849,99,2002,20,8.78,56.37
94474,Active,259848,NA,NA,D,3,1,1063295.559,35,2008,41,4,11.96
94475,Active,259839,NA,NA,D,2,1,1867988.308,35,2004,28,4.08,14.64
94476,Active,888338,NA,NA,D,6,1,7702839.345,17,2008,13,8.46,68.99
94477,Active,883861,NA,NA,D,0,0,8321043.371,0,2005,15,6.48,73.81
94478,Active,2473660,NA,NA,D,3,1,8543320.03,75,1982,10,8.99,70.69
94479,Active,891513,NA,NA,D,2,1,4796521.465,50,2003,19,4.66,18.94
94480,Active,612545,NA,NA,D,9,1,261080.7825,127.11,2013,18,57.95,127.11
94481,Active,656608,NA,NA,D,8,1,2407587.506,53.86,2009,17,6.05,38.99
94482,Active,670191,NA,NA,D,3,1,6095123.236,79.95,2010,8,8.99,79.95
94483,Active,3610103,NA,NA,D,2,1,6939373.05,75,1900,13,71.48,75
94484,Active,861361,NA,NA,D,0,0,1358277.211,54,2013,48,7.23,8.35
94485,Active,662500,NA,NA,D,0,0,2560791.259,46,2013,19,4,17.11
94486,Active,2083188,NA,NA,D,0,0,732793.5488,48,2014,60,4,19.99
94487,Active,143543,NA,NA,D,0,0,1099251.284,38,2011,42,4,12.79
94488,Active,627380,NA,NA,D,0,0,1942220.405,75,2011,19,4,8.96
94489,Active,214940,NA,NA,D,0,0,2912825.351,71,2010,18,4,35.87
94490,Active,3572480,NA,NA,D,3,1,1998870.35,105,1996,14,21.39,95.6
94491,Active,270145,NA,NA,D,0,0,2509272.349,44,2011,15,5.67,23.99
94492,Active,1592794,NA,NA,D,0,0,2732499.504,189.99,2006,20,42.19,48.99
94493,Active,3585405,NA,NA,D,0,0,3081677.35,47,1993,6,71.87,0
94494,Active,3818820,NA,NA,D,1,0,7060404.6,36.95,1999,6,4.33,0
94495,Active,2774542,NA,NA,D,0,0,447982.5863,42.5,1999,25,8.82,52.55
94496,Active,2840809,NA,NA,D,1,0,4492260.56,48.95,1999,18,4.39,9.74
94497,Active,2528526,NA,NA,D,0,0,538358.835,52.95,1994,53,15.59,42.39
94498,Active,2648437,NA,NA,D,1,0,374741.2538,67.95,2001,31,5.43,58.44
94499,Active,2646100,NA,NA,D,0,0,3104411.794,20.95,1986,67,3.9,13.58
94500,Active,2578761,NA,NA,D,0,0,4845722.194,52.95,1992,21,7.85,43.94
94501,Active,156503,NA,NA,D,1,0,865222.0138,79.95,1996,29,29.52,68.68
94502,Active,257387,NA,NA,D,0,0,3863043.65,145,1996,18,4,32.87
94503,Active,550020,NA,NA,D,2,1,831939.065,38.94,2003,60,4,38.94
94504,Active,3598638,NA,NA,D,4,1,8141180.9,479,2001,11,252.98,353.99
94505,Active,2851641,NA,NA,D,5,1,5253190.25,430,2004,10,178.99,354.98
94506,Active,2055926,NA,NA,D,0,0,481277.69,20,2009,15,17.98,19.27
94507,Active,113183,NA,NA,D,4,1,620770.135,125,2010,33,38.26,76.81
94508,Active,2600335,NA,NA,D,0,0,912554.5438,34.99,1996,32,4.7,28.97
94509,Active,912765,NA,NA,D,1,0,2086278.093,99,1996,31,23.97,35.12
94510,Active,2502916,NA,NA,D,0,0,1730640.843,89.99,2000,50,8.84,30.85
94511,Active,218770,NA,NA,D,2,1,801175.6425,205,2007,23,72.24,168.99
94512,Active,2697840,NA,NA,D,1,0,3362788.261,89,2000,19,17.76,43.49
94513,Active,2851186,NA,NA,D,1,0,403118.07,139.95,2000,28,6.48,45.99
94514,Active,2551284,NA,NA,D,3,1,7350919.701,275,2001,19,13.51,70.71
94515,Active,545055,NA,NA,D,4,1,745625.7463,435,2010,37,173.49,227.79
94516,Active,1562940,NA,NA,D,1,0,2542355.176,75.95,2007,18,17.37,50.91
94517,Active,224521,NA,NA,D,1,0,1833014.384,160,2000,20,8.1,73.25
94518,Active,2426921,NA,NA,D,1,0,766573.635,42.5,1996,26,28.62,70.27
94519,Active,671174,NA,NA,D,0,0,564326.44,195,2006,13,72.84,313.98
94520,Active,3475400,NA,NA,D,4,1,2409649.6,88,1998,29,4,27.99
94521,Active,105625,NA,NA,D,1,0,470266.5225,70,2000,47,4,17.54
94522,Active,2435212,NA,NA,D,2,1,5174103.761,51.95,1999,28,3.99,22.05
94523,Active,609112,NA,NA,D,2,1,2072621.486,108.95,2000,34,4,23.97
94524,Active,1464025,NA,NA,D,1,0,1248767.8,255,2006,12,61.74,144.61
94525,Active,2551245,NA,NA,D,1,0,3723814.27,44.95,1999,26,4,22.43
94526,Active,2551499,NA,NA,D,2,1,630310.2775,99.95,2003,21,4.38,23.49
94527,Active,2612495,NA,NA,D,1,0,1683859.376,135,2001,31,16.19,18.68
94528,Active,905653,NA,NA,D,0,0,1088889.693,39.95,1993,20,21.07,32.51
94529,Active,174618,NA,NA,D,0,0,4732061.643,134.99,1998,15,34.11,127.8
94530,Active,859860,NA,NA,D,1,0,2586566.545,110,2009,61,7.55,27.52
94531,Active,173702,NA,NA,D,0,0,3495762.834,79,2003,19,4.96,44.63
94532,Active,2614182,NA,NA,D,0,0,8521557.258,198,2003,13,9.42,45.71
94533,Active,2421431,NA,NA,D,0,0,302658.7688,96.52,1983,36,6.32,95.65
94534,Active,871056,NA,NA,D,5,1,2685934.008,58.4,1999,43,3.08,4.89
94535,Active,626030,NA,NA,D,1,0,1234740.118,34.95,1999,22,4.96,35.49
94536,Active,341983,NA,NA,D,1,0,4250099.795,75,1997,21,4,7.89
94537,Active,2745424,NA,NA,D,1,0,1527482.119,123.95,2001,22,28.76,126.06
94538,Active,3481680,NA,NA,D,0,0,8097537.8,96,2006,43,18.95,66.24
94539,Active,1989136,NA,NA,D,0,0,1135289.781,9.99,2014,2,11.47,9.22
94540,Active,2795937,NA,NA,D,1,0,835861.1713,134.41,1981,20,5.69,94.79
94541,Active,2333529,NA,NA,D,1,0,3699856.413,79.85,1960,15,13.98,79.83
94542,Active,203816,NA,NA,D,5,1,817999.0738,424.99,2006,16,45.52,98.94
94543,Active,564383,NA,NA,D,0,0,1210434.373,27.95,1999,32,4.46,18.99
94544,Active,1542343,NA,NA,D,1,0,2140401.291,34.95,2013,17,29.3,26.65
94545,Active,2534194,NA,NA,D,0,0,1869383.079,26.95,2000,24,4.72,15.48
94546,Active,907542,NA,NA,D,1,0,4317097.383,27.95,1999,16,4,42.13
94547,Active,2391285,NA,NA,D,2,1,4466608.026,34,1999,21,4,16.97
94548,Active,781190,NA,NA,D,0,0,1610884.18,59.95,2004,17,24.57,52.73
94549,Active,2612004,NA,NA,D,1,0,1454129.986,99.99,2000,19,22.88,66.57
94550,Active,1701762,NA,NA,D,1,0,1182430.696,50,2011,23,28.5,57.08
94551,Active,3823077,NA,NA,D,1,0,975570.65,24.95,2010,33,5.98,113.23
94552,Active,2767930,NA,NA,D,0,0,387379.1975,49.99,2003,34,19.05,45.99
94553,Active,1910154,NA,NA,D,0,0,2876964.368,39.95,2009,11,9.93,30.93
94554,Active,916309,NA,NA,D,0,0,1054405.344,26.95,2001,29,4.47,48.37
94555,Active,724792,NA,NA,D,0,0,8917884.445,50,2006,23,4,40.98
94556,Active,377697,NA,NA,D,0,0,753004.2113,39.95,2002,60,4,27.95
94557,Active,289782,NA,NA,D,1,0,168197.035,44.95,2009,93,29.73,35.57
94558,Active,907038,NA,NA,D,1,0,1331863.135,49.95,2007,21,9.08,19.84
94559,Active,2697308,NA,NA,D,0,0,4048998.024,64.99,1997,13,19.3,80.87
94560,Active,2609971,NA,NA,D,0,0,1631197.396,99.99,2001,41,5.77,35.99
94561,Active,178958,NA,NA,D,4,1,117575.97,305.95,2010,48,9.78,58.99
94562,Active,137480,NA,NA,D,1,0,1205022.155,50.99,2006,36,4,16.99
94563,Active,878938,NA,NA,D,1,0,1520040.625,196.25,2008,99,4,18.9
94564,Active,3259954,NA,NA,D,0,0,518273.65,82.86,1900,19,0,0
94565,Active,1783036,NA,NA,D,14,1,639617.3325,223.95,2012,21,118.43,203.65
94566,Active,290232,NA,NA,D,1,0,932865.9388,14.99,2010,33,4.93,17.85
94567,Active,565891,NA,NA,D,5,1,1435285.205,7.97,2009,30,4,7.97
94568,Active,759322,NA,NA,D,1,0,3702927.628,115,2000,22,4.38,28.94
94569,Active,214965,NA,NA,D,0,0,3552759.985,90,2007,18,15.76,95.82
94570,Active,481680,NA,NA,D,0,0,3300644.024,103.5,2008,18,18.87,134.95
94571,Active,762672,NA,NA,D,0,0,5371143.746,120,2000,16,4.39,52.47
94572,Active,908321,NA,NA,D,1,0,3141866.396,39.95,1995,21,4.77,25.97
94573,Active,566393,NA,NA,D,1,0,1318136.768,89.95,2002,21,4.3,28.94
94574,Active,583195,NA,NA,D,0,0,2956696.223,94.95,1999,24,5.53,51.78
94575,Active,2511260,NA,NA,D,0,0,5194023.663,106.71,2003,12,34.7,105.49
94576,Active,2258854,NA,NA,D,0,0,3672932.65,173.78,2009,9,0,0
94577,Active,2664252,NA,NA,D,2,1,8896244.989,51.95,1988,13,3.99,58.19
94578,Active,3263080,NA,NA,D,1,0,3952933.371,84.5,1999,26,7.49,82.92
94579,Active,50855,NA,NA,D,9,1,211584.9175,285.95,2009,66,8.83,47.89
94580,Active,280755,NA,NA,D,0,0,5063778.75,109,2003,13,31.18,38.98
94581,Active,601583,NA,NA,D,0,0,1996206.739,109,2006,24,39.08,75.9
94582,Active,196549,NA,NA,D,0,0,2971934.609,35.95,2005,15,4.68,44.47
94583,Active,894284,NA,NA,D,2,1,5828551.349,39.7,1988,20,4.8,68.83
94584,Active,196592,NA,NA,D,1,0,2761398.621,73.95,2006,20,6.38,60.13
94585,Active,905854,NA,NA,D,0,0,2210989.511,139.95,1998,19,35.21,172.15
94586,Active,2351749,NA,NA,D,7,1,2291003.663,119.3,2000,42,4.43,22.99
94587,Active,566302,NA,NA,D,1,0,1022986.936,120,2002,18,8.93,27.5
94588,Active,622334,NA,NA,D,1,0,855790.4325,39.99,2003,31,5.82,33.23
94589,Active,2438661,NA,NA,D,0,0,1669434.105,74.99,2005,28,4.5,28.94
94590,Active,537298,NA,NA,D,11,1,1572132.758,199.33,2012,17,63.99,602.98
94591,Active,231199,NA,NA,D,0,0,3037047.099,83.95,1996,21,4,73.43
94592,Active,757086,NA,NA,D,1,0,8401578.978,145,1998,15,4,9.94
94593,Active,2781897,NA,NA,D,1,0,5147373.101,51.95,1994,14,13.72,73.07
94594,Active,2614461,NA,NA,D,0,0,3851523.764,67.99,2003,14,22.45,92.7
94595,Active,684023,NA,NA,D,0,0,1606173.708,29.95,2005,30,4,25.78
94596,Active,199547,NA,NA,D,4,1,4870703.558,40.95,2001,16,4,10.5
94597,Active,2261764,NA,NA,D,0,0,5360709.23,0,2008,24,8.49,43.85
94598,Active,2680312,NA,NA,D,0,0,1289710.266,217.47,1977,18,5.79,104.43
94599,Active,1533888,NA,NA,D,0,0,1627857.505,209,2007,21,102.99,153.43
94600,Active,108568,NA,NA,D,4,1,7584113.169,81.25,2003,13,4.16,62.65
94601,Active,683276,NA,NA,D,0,0,887482.51,29.95,2002,21,7.49,68.47
94602,Active,126040,NA,NA,D,0,0,1978756.119,55,1999,14,30.27,98.43
94603,Active,3514954,NA,NA,D,1,0,3826179.55,183.5,1990,15,63.98,83.4
94604,Active,2617768,NA,NA,D,1,0,1233983.804,101,1989,16,25.85,156.53
94605,Active,250568,NA,NA,D,0,0,963919.6775,125.95,2007,17,18.51,91.55
94606,Active,152287,NA,NA,D,0,0,1285649.573,159,2007,27,41.89,173.78
94607,Active,265066,NA,NA,D,0,0,1590403.364,69.95,2011,12,11.95,38.98
94608,Active,2380164,NA,NA,D,0,0,2268638.758,57,1983,15,53.93,175.56
94609,Active,2415442,NA,NA,D,0,0,2955463.921,85,2005,13,41.45,99.37
94610,Active,172428,NA,NA,D,2,1,4003037.096,45,2001,18,6.74,28.99
94611,Active,2593478,NA,NA,D,0,0,9112080.818,69.95,1986,10,22.2,0
94612,Active,628357,NA,NA,D,0,0,1389933.109,70.25,2008,20,5.78,73.35
94613,Active,1517244,NA,NA,D,11,1,621648.4075,146.67,2014,37,38.49,134.97
94614,Active,2613636,NA,NA,D,1,0,10963079.9,125.99,2002,0,0,0
94615,Active,530355,NA,NA,D,2,1,1010459.299,51.95,2008,53,33.08,260.39
94616,Active,628635,NA,NA,D,1,0,113993.16,112.67,2011,20,47.98,0
94617,Active,3474826,NA,NA,D,2,1,5517028.4,0,1997,2,0,0
94618,Active,2054342,NA,NA,D,0,0,1796929.768,69.95,2010,17,23.98,46.98
94619,Active,3613736,NA,NA,D,0,0,3114398.35,41.95,1998,16,4,6.07
94620,Active,621946,NA,NA,D,1,0,127391.8263,110,2010,23,34.98,0
94621,Active,1732683,NA,NA,D,2,1,351612.5975,159.99,2010,30,33.59,66.75
94622,Active,3087681,NA,NA,D,0,0,150139.035,21.99,2004,42,4,10.33
94623,Active,901498,NA,NA,D,0,0,3960093.175,39.95,2005,28,4,29.81
94624,Active,296738,NA,NA,D,7,1,358587.4688,61.25,2005,27,6,0
94625,Active,3610856,NA,NA,D,1,0,1716848.45,74.8,1991,19,4,60.99
94626,Active,2614321,NA,NA,D,1,0,1346551.109,54.99,2003,21,9.48,31.73
94627,Active,249950,NA,NA,D,0,0,837438.8413,185.95,2008,41,11.98,95.89
94628,Active,3782215,NA,NA,D,2,1,845983.35,49.95,2008,43,5.33,36.05
94629,Active,830245,NA,NA,D,1,0,1430371.641,59,2002,29,7.93,11.39
94630,Active,1723773,NA,NA,D,0,0,2716338.884,52.02,2008,12,12.5,167
94631,Active,106483,NA,NA,D,1,0,1600603.878,44.95,2007,12,4.48,30.5
94632,Active,629129,NA,NA,D,2,1,463907.7813,84,2012,33,30.55,33.86
94633,Active,699880,NA,NA,D,1,0,3354701.813,29.95,2001,48,5.38,30.94
94634,Active,106013,NA,NA,D,1,0,2208736.193,79.95,2005,27,4.34,19.93
94635,Active,285024,NA,NA,D,1,0,1087051.966,61.95,2005,18,4.25,28.65
94636,Active,105702,NA,NA,D,1,0,2259934.614,41.95,2003,48,4,18.49
94637,Active,663128,NA,NA,D,0,0,85683.22375,49,2014,81,5.89,21.26
94638,Active,106545,NA,NA,D,1,0,1726883.656,42.95,2007,33,3.8,23.89
94639,Active,869643,NA,NA,D,1,0,4101267.135,51.41,2006,16,7.89,8.94
94640,Active,2789613,NA,NA,D,1,0,748511.0725,40,1987,47,6.3,18.98
94641,Active,919340,NA,NA,D,0,0,590049.99,40,1997,42,9.93,20.96
94642,Active,2909312,NA,NA,D,0,0,2838414,0,2004,15,22.98,207.27
94643,Active,716951,NA,NA,D,1,0,1071095.585,102.67,2000,16,15.19,77.94
94644,Active,117656,NA,NA,D,7,1,154545.9838,132,2005,68,9.81,51.81
94645,Active,173999,NA,NA,D,0,0,1711131.013,58,1996,20,4.98,38.99
94646,Active,901342,NA,NA,D,0,0,3383209.611,422.44,2007,15,5.2,54.51
94647,Active,607613,NA,NA,D,2,1,4462402.846,59.95,2004,21,4.4,34.74
94648,Active,896590,NA,NA,D,0,0,8890512.85,93,1997,18,4.13,64.14
94649,Active,2719376,NA,NA,D,2,1,4481621.249,56.5,1997,23,5.09,53.06
94650,Active,577685,NA,NA,D,1,0,761039.575,52,1998,33,4,7.9
94651,Active,1593980,NA,NA,D,1,0,3048470.72,110,2008,21,13.25,21.04
94652,Active,812079,NA,NA,D,1,0,1526188.529,35.95,2011,21,21.99,24.85
94653,Active,390368,NA,NA,D,1,0,635551.4925,85,2007,21,54.14,66.63
94654,Active,3599859,NA,NA,D,0,0,6536467.2,104.99,1995,17,4,48.06
94655,Active,2593502,NA,NA,D,0,0,9257689.656,79.95,1989,9,12.44,0
94656,Active,3469051,NA,NA,D,3,1,6407517,415,2007,11,7.44,183.79
94657,Active,51992,NA,NA,D,9,1,51607.9725,10,2010,113,6.26,36.04
94658,Active,1708178,NA,NA,D,1,0,1182101.501,45.95,2009,19,21.94,30.67
94659,Active,628366,NA,NA,D,4,1,2709944.53,74.84,2010,19,12.84,56.77
94660,Active,1634336,NA,NA,D,1,0,642701.2738,40.5,2007,28,4.53,17.95
94661,Active,258459,NA,NA,D,2,1,125752.3188,115,2009,24,83.19,0
94662,Active,914131,NA,NA,D,0,0,4529432.738,49.95,1996,25,4,8.97
94663,Active,912941,NA,NA,D,3,1,1880297.725,89,1990,26,4.58,116.01
94664,Active,3529418,NA,NA,D,0,0,1021717.85,115,1993,50,8.73,52.18
94665,Active,159492,NA,NA,D,1,0,2052339.154,87.95,2004,23,4.78,73.97
94666,Active,178554,NA,NA,D,4,1,1430329.408,140.97,2005,22,4,139.7
94667,Active,2675564,NA,NA,D,2,1,1954977.361,429.29,1988,19,4.58,55.77
94668,Active,1982025,NA,NA,D,0,0,602164.5088,45,2013,18,16.01,50.6
94669,Active,754797,NA,NA,D,1,0,4714507.77,125,2004,14,4.76,91.83
94670,Active,113546,NA,NA,D,1,0,3317816.618,81.95,2003,22,11.79,85.94
94671,Active,163414,NA,NA,D,3,1,348609.0863,95,2011,32,23.38,59.24
94672,Active,2591735,NA,NA,D,0,0,5245222.734,52.95,1985,15,14.07,74.9
94673,Active,906283,NA,NA,D,1,0,3818309.006,173,2001,17,11.42,51.55
94674,Active,3482477,NA,NA,D,0,0,629866.85,45,1988,36,6.39,19.67
94675,Active,1479802,NA,NA,D,1,0,887192.5125,41.95,2014,18,14.51,36.7
94676,Active,1534040,NA,NA,D,0,0,1828203.434,149,2007,17,34.67,99.33
94677,Active,246792,NA,NA,D,0,0,2024978.696,113.97,2004,16,4.98,60.24
94678,Active,530301,NA,NA,D,0,0,4146425.826,159.49,2007,18,5.3,113.75
94679,Active,2405294,NA,NA,D,1,0,843468.2888,95,1993,40,9.2,51.99
94680,Active,722557,NA,NA,D,1,0,2509981.266,95,2006,15,28.99,96.62
94681,Active,719947,NA,NA,D,1,0,1010919.35,95,2000,22,22.74,68.99
94682,Active,2406972,NA,NA,D,1,0,535515.8338,95,1993,27,9.51,56.99
94683,Active,721215,NA,NA,D,1,0,1166307.493,95,2003,16,58.99,61.99
94684,Active,2079767,NA,NA,D,2,1,1599668.908,35,2012,29,24.01,29.66
94685,Active,3800335,NA,NA,D,2,1,1249783.05,45,2012,39,28.99,35.68
94686,Active,653640,NA,NA,D,0,0,2575917.22,39.5,2009,13,6,97.07
94687,Active,2047355,NA,NA,D,0,0,1698651.413,100,2007,47,20.09,24.05
94688,Active,2766365,NA,NA,D,24,1,6492823.8,38.05,2000,21,4.54,22.98
94689,Active,612737,NA,NA,D,37,1,406961.9,32.72,2013,14,10.44,42.89
94690,Active,2729934,NA,NA,D,1,0,3929891.186,71.95,2004,20,4.48,6.94
94691,Active,619277,NA,NA,D,1,0,2204961.559,85,2007,15,13.97,238.39
94692,Active,2611328,NA,NA,D,1,0,2713990.968,155,2000,21,46.84,121.57
94693,Active,2571267,NA,NA,D,1,0,3642371.888,67.5,1992,22,5.12,37.98
94694,Active,504082,NA,NA,D,0,0,2448632.246,179,2007,18,127.61,127.56
94695,Active,453667,NA,NA,D,0,0,2013243.768,120,2005,18,87.97,100.99
94696,Active,1493930,NA,NA,D,1,0,934581.9825,55,2008,32,6.62,23.79
94697,Active,2703641,NA,NA,D,2,1,4138656.106,31.95,2005,17,4.46,6.81
94698,Active,2612474,NA,NA,D,0,0,2365789.951,114.99,2005,14,27.74,51.41
94699,Active,2587173,NA,NA,D,0,0,5680135.478,67.99,2005,13,33.99,144.33
94700,Active,530296,NA,NA,D,4,1,771715.06,75.95,2010,56,31.97,52.99
94701,Active,2602299,NA,NA,D,0,0,1279604.684,125.99,1998,9,13.04,147.72
94702,Active,3464156,NA,NA,D,3,1,4064948.35,90,1989,26,6.38,56.37
94703,Active,648962,NA,NA,D,0,0,412728.37,109,1997,24,46.48,72.67
94704,Active,167037,NA,NA,D,7,1,183413.3838,143.96,2008,50,11.99,68.89
94705,Active,109254,NA,NA,D,0,0,418631.1413,106.31,2004,25,12.75,73.99
94706,Active,868727,NA,NA,D,1,0,3699011.27,233.25,1998,43,36.2,149.52
94707,Active,643927,NA,NA,D,0,0,1537937.319,89.95,2010,30,63.02,59.1
94708,Active,2550589,NA,NA,D,1,0,2893222.669,69,1995,12,126.16,149.97
94709,Active,869183,NA,NA,D,2,1,547667.4838,36,2012,19,18.15,30.99
94710,Active,634796,NA,NA,D,0,0,1143233.98,64.95,2008,20,43.97,75.86
94711,Active,1581435,NA,NA,D,1,0,2929624.924,155,2010,18,58.34,92.21
94712,Active,3126910,NA,NA,D,1,0,3654080.275,340,2001,12,126.12,371.57
94713,Active,882349,NA,NA,D,0,0,3009678.17,44,1997,11,23.97,0
94714,Active,727974,NA,NA,D,0,0,1553452.553,45.33,2001,35,4,17.35
94715,Active,624334,NA,NA,D,1,0,396337.7325,71,2010,30,8.3,32.91
94716,Active,115504,NA,NA,D,0,0,505985.1375,42.07,2004,17,4,21.37
94717,Active,115506,NA,NA,D,0,0,588343.135,42.07,2004,37,4,33.99
94718,Active,3287133,NA,NA,D,0,0,3998146.02,68.25,2003,33,7.48,68.09
94719,Active,1591870,NA,NA,D,1,0,3667636.966,155,2007,18,37.08,100.36
94720,Active,3612436,NA,NA,D,1,0,473692.9,84,1996,67,6.98,29.15
94721,Active,273234,NA,NA,D,0,0,774512.005,39.95,1995,13,22.19,90.95
94722,Active,914588,NA,NA,D,0,0,1645625.54,28.64,1997,26,4.13,21.93
94723,Active,1480184,NA,NA,D,1,0,1389616.31,44.95,2012,25,8.83,16.28
94724,Active,530276,NA,NA,D,2,1,2177707.74,155,2007,11,10.86,155
94725,Active,2853607,NA,NA,D,4,1,2291782.603,54.95,2002,15,4,48.37
94726,Active,1469780,NA,NA,D,1,0,1943810.486,110,2008,22,25.64,69.69
94727,Active,2851470,NA,NA,D,2,1,2428992.306,231,2004,16,126.54,159.73
94728,Active,2557037,NA,NA,D,0,0,3859278.485,0,1979,13,5.78,892.48
94729,Active,2302610,NA,NA,D,0,0,904309.6738,779.36,1984,21,7.44,2414.45
94730,Active,2819686,NA,NA,D,3,1,8039012.78,179.99,2003,12,8.34,140.54
94731,Active,648394,NA,NA,D,3,1,838888.0225,48,2007,33,4.21,34.02
94732,Active,2177938,NA,NA,D,0,0,2166288.011,139,2007,29,34.94,45.98
94733,Active,724289,NA,NA,D,0,0,1265581.589,80,2010,23,4,72.54
94734,Active,2820438,NA,NA,D,1,0,791194.03,236.95,2004,39,4.78,49.9
94735,Active,887601,NA,NA,D,1,0,7270177.181,28.95,1991,14,4.48,0
94736,Active,1952549,NA,NA,D,0,0,515388.4875,59.99,2013,37,36.72,40.18
94737,Active,217777,NA,NA,D,1,0,4564496.354,49.99,1997,15,4,40.33
94738,Active,530269,NA,NA,D,7,1,32084.3775,160.8,2011,70,11.93,94.98
94739,Active,3264154,NA,NA,D,4,1,2374594.296,0,1999,35,11.46,31.09
94740,Active,2552130,NA,NA,D,1,0,1544232.301,217.95,2002,17,113.6,136.99
94741,Active,225723,NA,NA,D,2,1,792071.1775,164.95,1999,32,36.19,83.98
94742,Active,2904039,NA,NA,D,2,1,328966.1875,19.95,1993,77,4,13.81
94743,Active,3019350,NA,NA,D,2,1,1199526.684,45,1999,27,4,27.99
94744,Active,634026,NA,NA,D,0,0,1683211.428,30,1992,26,15.14,43.43
94745,Active,905617,NA,NA,D,1,0,402106.9863,60,1992,25,4,45.98
94746,Active,1694268,NA,NA,D,1,0,2245164.846,88,2009,16,19.24,63.59
94747,Active,560300,NA,NA,D,1,0,1262715.95,105,2007,24,5.52,36.98
94748,Active,919667,NA,NA,D,0,0,1439169.279,30,1994,57,4,0
94749,Active,2785644,NA,NA,D,1,0,291412.2625,35.5,1996,40,10.44,35.49
94750,Active,760873,NA,NA,D,0,0,3985904.455,174,2003,12,42.99,83.34
94751,Active,2579398,NA,NA,D,0,0,3648127.974,76.57,1978,23,4.35,57.5
94752,Active,2608940,NA,NA,D,0,0,8028995.55,125,1998,19,6.61,69.51
94753,Active,1612160,NA,NA,D,1,0,731974.8413,144.95,2006,14,79.94,98.99
94754,Active,2036520,NA,NA,D,1,0,1306585.918,49.99,2007,24,8.66,26.39
94755,Active,176875,NA,NA,D,3,1,3152339.755,120.95,2000,15,30.8,77.48
94756,Active,2299562,NA,NA,D,0,0,769422,0,1900,10,0,0
94757,Active,1765413,NA,NA,D,0,0,3302845.931,129.99,2012,16,42.52,112.24
94758,Active,885995,NA,NA,D,1,0,4509567.096,145,2011,7,121.89,143.57
94759,Active,1645161,NA,NA,D,0,0,5656473.136,92,2006,15,26.35,85.86
94760,Active,908441,NA,NA,D,1,0,2012377.653,58,2004,29,5.98,15.85
94761,Active,3255512,NA,NA,D,2,1,1444276.405,73.9,2005,18,16.79,117.84
94762,Active,592614,NA,NA,D,1,0,658565.0538,109.95,2008,75,16.94,47.54
94763,Active,871446,NA,NA,D,2,1,898745.6913,78,2012,15,38.2,70.2
94764,Active,3469937,NA,NA,D,1,0,1894762.45,79.95,2001,18,9.51,125.91
94765,Active,2030976,NA,NA,D,0,0,1222853.18,139,2007,24,43.9,102.99
94766,Active,203435,NA,NA,D,0,0,2915621.378,99,2001,15,4.38,42.2
94767,Active,748370,NA,NA,D,1,0,1179202.131,65,2007,12,9.99,63.75
94768,Active,1533628,NA,NA,D,0,0,1947868.775,89.99,2007,18,35.12,71.41
94769,Active,299472,NA,NA,D,1,0,1926189.231,42.95,1998,23,4,13.84
94770,Active,2816004,NA,NA,D,1,0,1909258.283,25,1975,20,6.88,62.13
94771,Active,696668,NA,NA,D,1,0,1885661.09,94,1998,16,17.79,38.99
94772,Active,666349,NA,NA,D,2,1,1334946.483,54,2008,25,10.93,40.68
94773,Active,126296,NA,NA,D,1,0,851382.4163,75,2002,34,5.3,50.41
94774,Active,200009,NA,NA,D,0,0,1652032.411,109.95,2005,20,4.98,17.98
94775,Active,293889,NA,NA,D,1,0,1906863.259,159.95,2009,17,5.19,144.85
94776,Active,2697152,NA,NA,D,1,0,12910313.98,139.95,1994,7,8.77,0
94777,Active,3114835,NA,NA,D,0,0,2654708.306,50,2005,17,23.73,50
94778,Active,421925,NA,NA,D,2,1,2138195.23,338.1,2008,24,4,38.69
94779,Active,860064,NA,NA,D,1,0,1661797.62,84.95,2010,20,13.89,49.99
94780,Active,565738,NA,NA,D,1,0,2575497.46,207.29,2008,16,5.94,71.9
94781,Active,870046,NA,NA,D,1,0,307024.77,73.99,2006,19,4,58.27
94782,Active,765825,NA,NA,D,2,1,273035.9125,266.95,2004,64,3.99,17.71
94783,Active,712003,NA,NA,D,0,0,4353298.628,79.6,2004,32,4,65.93
94784,Active,2267105,NA,NA,D,1,0,1825404.25,68.31,2008,21,32.9,67.05
94785,Active,2380526,NA,NA,D,1,0,1134065.416,166.67,1982,20,20.05,162.87
94786,Active,897575,NA,NA,D,1,0,2055933.07,177,1993,24,34.83,131.98
94787,Active,603001,NA,NA,D,0,0,3032210.943,45,2006,14,10.12,37.99
94788,Active,697190,NA,NA,D,1,0,2181254.45,99.95,2000,19,13.99,66.99
94789,Active,640109,NA,NA,D,1,0,1201803.45,69.95,2008,19,5.49,73.99
94790,Active,2262256,NA,NA,D,1,0,4638920.461,151.84,2009,32,14.39,148.95
94791,Active,2362978,NA,NA,D,1,0,4200141.715,61.95,1996,18,12.23,43.98
94792,Active,869622,NA,NA,D,0,0,2282725.799,67.95,2005,20,4,72.81
94793,Active,696773,NA,NA,D,1,0,1113721.843,106.88,1999,15,18.19,101.79
94794,Active,3467530,NA,NA,D,3,1,1929180.45,102.6,1987,24,4.87,108.91
94795,Active,262700,NA,NA,D,0,0,577025.045,91.95,2005,17,50.08,94.95
94796,Active,2560172,NA,NA,D,3,1,2875174.25,51.03,1982,15,6.95,50.98
94797,Active,2820372,NA,NA,D,1,0,3595461.963,130.83,1982,16,6.38,77.98
94798,Active,2667279,NA,NA,D,0,0,2199384.103,65,1994,30,4,21.95
94799,Active,917961,NA,NA,D,3,1,3163302.06,39.6,1999,30,4,12.79
94800,Active,1594076,NA,NA,D,1,0,4695446.864,109.99,2007,21,16.93,63.81
94801,Active,2595936,NA,NA,D,1,0,4295368.45,49.95,1988,14,6.66,2633
94802,Active,2024534,NA,NA,D,1,0,1447803.209,80,2006,22,33.18,68.96
94803,Active,648710,NA,NA,D,1,0,1075100.104,39.95,2008,28,4.47,43.38
94804,Active,802594,NA,NA,D,7,1,2501108.601,39.99,2006,32,4,11.87
94805,Active,183037,NA,NA,D,12,1,2463367.271,70.95,2003,19,4,63.35
94806,Active,1666898,NA,NA,D,0,0,2449926.404,35.99,2009,11,38.09,30.89
94807,Active,2380629,NA,NA,D,3,1,1332586.351,55.39,1972,37,4,41.99
94808,Active,3682805,NA,NA,D,0,0,4559125.05,0,2011,5,9.73,0
94809,Active,2338300,NA,NA,D,0,0,3082659.7,0,1981,23,4,68.31
94810,Active,2338302,NA,NA,D,2,1,8976097.85,60.35,1981,20,4,73.12
94811,Active,2125214,NA,NA,D,0,0,2382142.843,149,2006,23,7.88,12.87
94812,Active,2252546,NA,NA,D,5,1,1883305.9,67.95,2008,20,0,0
94813,Active,3880836,NA,NA,D,0,0,542367.95,85,2011,44,36.79,37.59
94814,Active,2231400,NA,NA,D,0,0,1088276.781,39.95,2010,15,14.64,70.55
94815,Active,2231402,NA,NA,D,0,0,1354185.285,39.95,2010,12,62.11,173.99
94816,Active,2570194,NA,NA,D,1,0,3474313.764,225,1994,17,8.94,43.98
94817,Active,2217322,NA,NA,D,0,0,245652.4913,159,2012,68,121.25,112.77
94818,Active,598481,NA,NA,D,1,0,3162790.868,41.95,2006,18,19.88,111.33
94819,Active,386701,NA,NA,D,3,1,1577971.845,225.95,2004,18,5.09,128.99
94820,Active,103960,NA,NA,D,1,0,895373.5575,96.75,1997,32,4.03,157.01
94821,Active,2600497,NA,NA,D,1,0,2304442.534,220,1999,16,70.27,143.49
94822,Active,910971,NA,NA,D,0,0,830893.0363,45,2005,18,11.98,25.97
94823,Active,247526,NA,NA,D,1,0,5909528.815,98,2006,44,13.73,46.27
94824,Active,2527659,NA,NA,D,0,0,3351404.941,18.95,1990,21,5.81,48.39
94825,Active,2615388,NA,NA,D,0,0,2412924.156,114.99,2005,24,10.08,78.65
94826,Active,1837778,NA,NA,D,1,0,3072009.665,120,2008,19,18.71,22.27
94827,Active,2332049,NA,NA,D,2,1,2865608.428,50.43,1977,26,4.58,46.94
94828,Active,2332057,NA,NA,D,3,1,1978601.79,67.74,1982,31,5.49,59.7
94829,Active,608601,NA,NA,D,3,1,6242328.423,70.95,2004,25,4.56,5.99
94830,Active,2248304,NA,NA,D,1,0,652962.35,92.04,2008,21,0,0
94831,Active,609511,NA,NA,D,4,1,4030394.743,117.95,2007,23,4,6.48
94832,Active,895536,NA,NA,D,0,0,969356.9413,514.03,1988,18,13.61,135.53
94833,Active,2551326,NA,NA,D,3,1,4335237.215,45.95,2001,16,4.29,72.73
94834,Active,1562820,NA,NA,D,4,1,7428321.39,60.95,2006,14,5.94,66.7
94835,Active,1466414,NA,NA,D,0,0,1774396.523,69.95,2014,14,8.34,38.41
94836,Active,1477100,NA,NA,D,0,0,3450648.909,69.95,2013,21,6.34,69.95
94837,Active,1751358,NA,NA,D,0,0,389520.5138,7.97,2008,12,4.22,9.87
94838,Active,586894,NA,NA,D,0,0,4331884.178,178.96,2005,14,10.46,69.23
94839,Active,197305,NA,NA,D,0,0,1350784.11,49.95,2010,17,14.79,62.78
94840,Active,576691,NA,NA,D,3,1,1241378.271,177.95,2008,15,11.29,97.74
94841,Active,202413,NA,NA,D,2,1,1269032.065,227.95,2004,60,4,9.23
94842,Active,609473,NA,NA,D,2,1,4067301.888,207.95,2004,26,4.95,7.99
94843,Active,599564,NA,NA,D,1,0,904061.8725,122,2006,39,8.86,34.43
94844,Active,218519,NA,NA,D,1,0,1994354.995,82.95,1995,32,4.31,44.29
94845,Active,2827929,NA,NA,D,0,0,1138013.775,99,2003,22,63.99,66
94846,Active,2789852,NA,NA,D,1,0,1704027.889,39.95,1991,24,16.6,31.89
94847,Active,2603947,NA,NA,D,0,0,1205503.139,45.99,2005,27,4.4,7.98
94848,Active,2614670,NA,NA,D,0,0,8018029.316,96,2005,16,14.02,58.27
94849,Active,2407420,NA,NA,D,0,0,6563269.3,61.95,1994,6,28.77,0
94850,Active,299412,NA,NA,D,0,0,3217923.713,52,2000,30,4,18.99
94851,Active,3141901,NA,NA,D,0,0,6748193,50,2005,13,39.52,40.23
94852,Active,3138551,NA,NA,D,1,0,3827743.828,29.95,2003,16,4.97,53.92
94853,Active,2557580,NA,NA,D,0,0,3390707.575,137,1963,15,87.74,140.99
94854,Active,887215,NA,NA,D,3,1,2694949.866,70,2014,13,37.34,51.58
94855,Active,914552,NA,NA,D,0,0,1346077.344,68,1990,26,4,52.63
94856,Active,156929,NA,NA,D,2,1,5698031.484,37.99,2002,15,6.98,54.98
94857,Active,901641,NA,NA,D,0,0,2414511.871,185,2003,16,32.38,133.98
94858,Active,597180,NA,NA,D,0,0,2072668.938,52,2000,23,4,77.13
94859,Active,2339873,NA,NA,D,0,0,4904646.846,205.4,1972,20,4.02,148.43
94860,Active,280706,NA,NA,D,0,0,1457789.614,99,2002,29,14.79,32.4
94861,Active,259945,NA,NA,D,0,0,387196.82,28,2006,27,9.98,13.39
94862,Active,628066,NA,NA,D,1,0,749686.7313,70,2012,41,9.51,33.94
94863,Active,910397,NA,NA,D,0,0,1866708.096,52,2004,28,4,24.49
94864,Active,3082457,NA,NA,D,0,0,1607553.669,52,2004,24,3,46.85
94865,Active,237718,NA,NA,D,0,0,511527.18,72.95,2007,26,16.06,122.83
94866,Active,597178,NA,NA,D,0,0,3896060.785,52,2000,21,4,19.98
94867,Active,3719758,NA,NA,D,6,1,2843757,134.95,2016,9,126.99,130.03
94868,Active,2589893,NA,NA,D,1,0,3361905.195,44.95,1977,17,5.31,79.42
94869,Active,530199,NA,NA,D,5,1,52227.70125,55.95,2012,53,17.19,35.48
94870,Active,718399,NA,NA,D,1,0,2516440.546,79,1997,32,4,16.44
94871,Active,2070442,NA,NA,D,0,0,1581720.213,46,2009,13,8.94,12.91
94872,Active,164612,NA,NA,D,1,0,919270.6538,65,2003,26,4.24,15.04
94873,Active,530193,NA,NA,D,2,1,876350.82,54.99,2010,30,17.45,41.97
94874,Active,202201,NA,NA,D,1,0,3191458.478,212.95,2001,22,4.43,13.99
94875,Active,760800,NA,NA,D,1,0,3412208.088,94,2003,16,13.07,49.98
94876,Active,282139,NA,NA,D,1,0,1311621.37,74.99,2008,27,15.61,68.99
94877,Active,891912,NA,NA,D,0,0,679474.2425,22.95,2007,11,22.49,22.95
94878,Active,2667152,NA,NA,D,0,0,1155982.11,55,1986,23,15.1,50.97
94879,Active,275831,NA,NA,D,0,0,1612774.878,49,2005,36,4.32,26.1
94880,Active,205667,NA,NA,D,1,0,1446047.178,35,2002,25,3.99,68.49
94881,Active,259544,NA,NA,D,0,0,2235528.091,52,1998,34,4,41.79
94882,Active,2405827,NA,NA,D,1,0,361127.89,65,1991,32,8.91,41.86
94883,Active,530191,NA,NA,D,6,1,60836.7775,76,2007,42,33.93,55.93
94884,Active,2621760,NA,NA,D,1,0,1398736.398,71.95,1993,11,43.99,306.59
94885,Active,718925,NA,NA,D,1,0,1970087.666,74,2003,22,13.75,48.99
94886,Active,3031836,NA,NA,D,0,0,1178492.19,50,1993,44,4,19.68
94887,Active,2909260,NA,NA,D,1,0,1265019.9,0,2012,6,33.99,0
94888,Active,2501633,NA,NA,D,1,0,1914843.938,69.95,2005,22,22.98,28.99
94889,Active,905919,NA,NA,D,1,0,1854522.886,133.95,1992,21,16.59,75.21
94890,Active,2599679,NA,NA,D,1,0,3353205.358,149.99,1993,19,43.08,130.21
94891,Active,889911,NA,NA,D,7,1,1099853.163,40.99,2006,11,38.98,40.98
94892,Active,2562163,NA,NA,D,0,0,2962827.521,249.5,1986,28,6.02,90.91
94893,Active,2766085,NA,NA,D,0,0,593888.99,169,1995,17,58.84,116.65
94894,Active,3482860,NA,NA,D,3,1,412744.75,37.95,2004,33,12.96,49.89
94895,Active,2782534,NA,NA,D,0,0,1767626.878,46,1998,37,4,38.97
94896,Active,1923533,NA,NA,D,0,0,2170652.339,149,2010,17,82.97,96.98
94897,Active,2598443,NA,NA,D,0,0,1813986.885,78.99,1992,18,4.02,90.39
94898,Active,152864,NA,NA,D,0,0,396357.7413,119,1997,60,36.27,43.57
94899,Active,619188,NA,NA,D,0,0,1195884.023,69.99,1992,30,6.95,25.33
94900,Active,2239071,NA,NA,D,0,0,2305627.243,179,2011,17,130.78,119.33
94901,Active,3576779,NA,NA,D,3,1,1325464.45,109,1999,37,32.36,155.49
94902,Active,510561,NA,NA,D,1,0,7410129.52,119,2006,14,63.95,61.84
94903,Active,916552,NA,NA,D,0,0,1416010.164,37.5,1996,34,4,28.94
94904,Active,3512130,NA,NA,D,2,1,7100659.95,259,1993,11,52.05,403.99
94905,Active,3551376,NA,NA,D,2,1,5727366.75,155,1995,14,53.23,0
94906,Active,2664102,NA,NA,D,0,0,6506401.365,0,1984,14,8.8,188.88
94907,Active,1480596,NA,NA,D,0,0,381945.2263,69.95,2013,40,10.65,15.98
94908,Active,1480598,NA,NA,D,1,0,111472.05,49.95,2013,28,14.19,45.17
94909,Active,2688607,NA,NA,D,0,0,3843274.726,83,2004,21,30.25,69.62
94910,Active,195020,NA,NA,D,0,0,5073799.614,92,2005,16,6.48,92.59
94911,Active,894141,NA,NA,D,0,0,4386711.353,64.95,2010,14,13.97,78.09
94912,Active,578603,NA,NA,D,0,0,1459617.706,28,2007,15,21.25,21.58
94913,Active,2589576,NA,NA,D,1,0,3052216.423,49.95,1975,14,29.98,237.72
94914,Active,568801,NA,NA,D,0,0,1693719.498,39.99,2004,32,4.28,33.51
94915,Active,2403418,NA,NA,D,0,0,4993794.991,15.95,1981,31,4,33.76
94916,Active,3496572,NA,NA,D,0,0,1296533.05,209,1985,48,30.7,109.09
94917,Active,2259351,NA,NA,D,3,1,4127828.101,0,2006,14,11.41,50.65
94918,Active,276585,NA,NA,D,0,0,609451.8363,34.95,2002,22,19.99,69.07
94919,Active,206468,NA,NA,D,0,0,528902.3188,29.95,1998,28,5.49,37.98
94920,Active,653147,NA,NA,D,1,0,1500297.749,60,2008,27,18.58,117.23
94921,Active,1727655,NA,NA,D,0,0,1876313.486,50,2011,13,16.86,50
94922,Active,1627281,NA,NA,D,0,0,524701.6925,41.95,2012,21,5.44,22.97
94923,Active,2312238,NA,NA,D,0,0,493031.2613,53.95,1990,31,4,55.96
94924,Active,1468225,NA,NA,D,0,0,4494308.743,50,2008,14,26.05,39.12
94925,Active,900243,NA,NA,D,2,1,5352442.541,140,2008,16,13.94,12.13
94926,Active,2608284,NA,NA,D,1,0,2950587.699,104.99,1998,20,59.95,78.76
94927,Active,718272,NA,NA,D,7,1,6983602.106,39.95,1998,28,4,9.94
94928,Active,2811621,NA,NA,D,1,0,1756464.994,40,1994,17,7.49,16.98
94929,Active,897232,NA,NA,D,0,0,1794781.179,28.02,2003,31,9,25.42
94930,Active,2405223,NA,NA,D,0,0,1717325.178,60,1990,20,4,73.61
94931,Active,1710744,NA,NA,D,0,0,1035470.946,75,2008,34,6.37,71.36
94932,Active,3073375,NA,NA,D,0,0,703017.0313,59.95,2005,25,6.49,36.95
94933,Active,2556686,NA,NA,D,1,0,2245478.615,110,1996,15,63.1,250.37
94934,Active,1692425,NA,NA,D,1,0,1855483.105,59.95,2008,18,17.99,61.47
94935,Active,619020,NA,NA,D,1,0,776954.335,39.95,2004,51,5.46,28.97
94936,Active,2588352,NA,NA,D,1,0,1616221.851,64.75,1970,18,13.18,82.47
94937,Active,2527993,NA,NA,D,0,0,6376614.236,35.95,1993,24,4,19.9
94938,Active,2561515,NA,NA,D,1,0,2986065.379,52.95,1981,21,6.39,74.9
94939,Active,2561375,NA,NA,D,2,1,3521906.068,122.46,1980,21,4.43,72.91
94940,Active,2571367,NA,NA,D,0,0,3030594.038,114.38,1976,16,4.39,95.06
94941,Active,161731,NA,NA,D,1,0,1195297.381,60,2007,18,10.62,148.06
94942,Active,833637,NA,NA,D,1,0,5329950,125,1996,28,22.99,43.94
94943,Active,2104005,NA,NA,D,0,0,738254.2388,49.95,2013,30,33.94,49.95
94944,Active,903711,NA,NA,D,0,0,939192.2213,90,2005,18,15.98,39.49
94945,Active,3926041,NA,NA,D,0,0,1383050.15,60,2011,44,38.72,47.75
94946,Active,3958114,NA,NA,D,0,0,4712626.35,110,2000,31,5.5,41.47
94947,Active,2667330,NA,NA,D,1,0,946576.1463,65,1991,16,20,69.11
94948,Active,2614579,NA,NA,D,0,0,1824574.359,94.99,2004,18,28.08,28.15
94949,Active,214541,NA,NA,D,1,0,1540963.586,45,2010,24,28.86,38.79
94950,Active,2602383,NA,NA,D,0,0,3579893.929,139.99,1996,22,28.94,74.93
94951,Active,718647,NA,NA,D,1,0,851977.5063,52,2001,18,6.28,23.96
94952,Active,2144437,NA,NA,D,0,0,311764.9513,14,2007,18,6.97,12.87
94953,Active,198402,NA,NA,D,1,0,1021019.686,152.95,2002,25,4,72.43
94954,Active,2034313,NA,NA,D,0,0,3411994.735,54.95,2009,8,17.99,58.94
94955,Active,920186,NA,NA,D,2,1,342130.7338,19.95,1998,59,4,21.99
94956,Active,919243,NA,NA,D,0,0,1251617.999,112.24,1981,32,4,28.94
94957,Active,141844,NA,NA,D,1,0,680160.0088,12.94,2008,76,4,10.7
94958,Active,921833,NA,NA,D,0,0,2885390.279,48,1974,54,4,16.79
94959,Active,530168,NA,NA,D,3,1,1261564.744,111.49,2008,21,4,112.91
94960,Active,3043647,NA,NA,D,0,0,1896278.09,45.89,2004,27,5.89,33.84
94961,Active,3031364,NA,NA,D,0,0,9482685.613,158,1993,6,8.15,0
94962,Active,2601067,NA,NA,D,0,0,2451521.431,174.99,1995,25,49.29,78.38
94963,Active,633949,NA,NA,D,1,0,2506364.573,106,2003,26,6.75,59.21
94964,Active,1491764,NA,NA,D,0,0,1210417.386,51.95,2007,14,8.24,48.68
94965,Active,2614563,NA,NA,D,0,0,3980576.418,124.99,2003,18,41.67,117.46
94966,Active,2647454,NA,NA,D,1,0,4931137.265,36.95,1995,21,4.71,5.8
94967,Active,1725973,NA,NA,D,0,0,1368807.869,37.95,2008,31,4,25.98
94968,Active,907486,NA,NA,D,1,0,2647462.731,59.95,2006,17,4,19.98
94969,Active,905783,NA,NA,D,0,0,968078.6525,58,2006,22,5.45,46.81
94970,Active,717461,NA,NA,D,1,0,1332282.475,63.95,2004,75,4,20.87
94971,Active,723522,NA,NA,D,1,0,2117473.406,78,2009,23,10.11,11.99
94972,Active,607553,NA,NA,D,6,1,2287921.478,52.95,1998,19,6.72,16.98
94973,Active,696791,NA,NA,D,7,1,590422.3063,51.15,1997,24,5.43,28.98
94974,Active,916715,NA,NA,D,0,0,1132336.038,14.95,1991,28,4,19.99
94975,Active,800479,NA,NA,D,0,0,2161337.653,38.95,2006,36,4,5.74
94976,Active,1706010,NA,NA,D,0,0,3131998.018,69.95,2011,16,26.07,69.95
94977,Active,3571913,NA,NA,D,1,0,7559110.2,125,1998,35,19.83,66.04
94978,Active,2528255,NA,NA,D,1,0,2082113.76,509,1997,14,19.11,143.05
94979,Active,1576376,NA,NA,D,0,0,1289613.203,85,2011,12,35.32,51.57
94980,Active,718663,NA,NA,D,1,0,1890615.774,60,1998,21,11.75,57.26
94981,Active,2783486,NA,NA,D,0,0,775898.405,52,2003,17,16.86,37.82
94982,Active,585307,NA,NA,D,0,0,1888876.724,37,2004,16,10.79,0
94983,Active,1470153,NA,NA,D,1,0,1194101.905,84,2006,25,8.75,77.91
94984,Active,2383807,NA,NA,D,0,0,6435695.43,55,1996,14,4,42.99
94985,Active,530147,NA,NA,D,2,1,85383.89375,150,2009,43,33.34,74.52
94986,Active,629591,NA,NA,D,1,0,1632425.403,115,2000,30,7.23,37.03
94987,Active,1867468,NA,NA,D,0,0,3853266.939,125.95,2009,12,97.55,104.77
94988,Active,3791209,NA,NA,D,4,1,4691667.65,0,2000,28,4,45.57
94989,Active,116421,NA,NA,D,5,1,688010.415,167.8,2005,26,4.74,0
94990,Active,1645275,NA,NA,D,0,0,2461602.395,27.95,2006,25,4,30.05
94991,Active,2721544,NA,NA,D,1,0,1808925.721,52.95,1999,29,4,29.19
94992,Active,2281991,NA,NA,D,1,0,3740981.55,0,2009,22,0,0
94993,Active,1590656,NA,NA,D,2,1,2675645.504,26.75,2010,17,21,23.09
94994,Active,3203788,NA,NA,D,0,0,6969123.86,429,1977,12,48.79,277.99
94995,Active,2502458,NA,NA,D,0,0,2187484.888,99,2001,22,32.73,34.74
94996,Active,1930003,NA,NA,D,0,0,1389393.453,89.95,2013,43,65.58,61.79
94997,Active,2696484,NA,NA,D,1,0,4149900.303,72.95,1991,21,4.76,54.41
94998,Active,670814,NA,NA,D,0,0,4427623.125,87,2009,10,21.34,21.4
94999,Active,671820,NA,NA,D,1,0,1244753.376,65,2007,19,53.68,102.48
95000,Active,2578175,NA,NA,D,1,0,1990274.803,66.15,1984,20,4,66.93
95001,Active,911029,NA,NA,D,0,0,2080081.558,73.85,1997,23,4.32,69.21
95002,Active,1593334,NA,NA,D,1,0,4090688.475,229.99,2007,20,43.99,142.59
95003,Active,439345,NA,NA,D,2,1,1867814.414,229,2012,74,10.61,27.52
95004,Active,2777493,NA,NA,D,1,0,2247900.051,90.25,1975,18,8.8,78.81
95005,Active,634882,NA,NA,D,0,0,1105266.94,47.95,2007,24,4.98,100.62
95006,Active,3084098,NA,NA,D,1,0,3636118.948,179.99,2002,16,38.69,161.19
95007,Active,200090,NA,NA,D,3,1,1530770.639,149.95,2006,20,77.17,213.99
95008,Active,2660276,NA,NA,D,0,0,1328919.241,86.6,1994,52,4.48,20.98
95009,Active,549402,NA,NA,D,0,0,2857121.966,76.52,2010,18,4,76.52
95010,Active,415171,NA,NA,D,11,1,8028308.061,102.48,2005,22,4,102.48
95011,Active,60409,NA,NA,D,4,1,2071700.335,116,2005,22,4.39,57.77
95012,Active,2320033,NA,NA,D,3,1,3481422.298,75.95,1983,26,4.84,43.98
95013,Active,2324031,NA,NA,D,2,1,6283860.711,367.65,1973,29,4,75.91
95014,Active,530139,NA,NA,D,6,1,1464561.23,224.99,2008,21,38.98,91.39
95015,Active,221747,NA,NA,D,3,1,961721.57,115.95,2002,17,23.98,48.3
95016,Active,906143,NA,NA,D,2,1,4454497.8,134.44,1977,20,4,72.53
95017,Active,272322,NA,NA,D,0,0,1865079.059,89.95,2005,30,4,17.88
95018,Active,764824,NA,NA,D,3,1,7017416.66,117.95,1999,12,4.13,4.99
95019,Active,143204,NA,NA,D,1,0,1136008.281,95,2007,17,7.99,21.99
95020,Active,418020,NA,NA,D,1,0,2335680.875,175,2009,23,21.99,44.09
95021,Active,2276247,NA,NA,D,0,0,7162889,123.05,2007,14,75.54,123.04
95022,Active,2680180,NA,NA,D,3,1,5687122.021,0,1979,13,4.39,0
95023,Active,1592641,NA,NA,D,0,0,3306376.765,125,2006,18,38.63,34.23
95024,Active,737600,NA,NA,D,1,0,1584042.013,77,2006,23,4.05,36.86
95025,Active,263617,NA,NA,D,1,0,2666198.293,99,2002,19,6.94,72.53
95026,Active,633449,NA,NA,D,0,0,1333457.398,115,2005,21,48.31,70.05
95027,Active,146752,NA,NA,D,0,0,1036079.761,54.99,2011,26,13.37,0
95028,Active,113124,NA,NA,D,4,1,779131.305,107,2007,27,9.46,78.28
95029,Active,510646,NA,NA,D,0,0,997418.3575,109,2007,30,63.99,78.84
95030,Active,271395,NA,NA,D,2,1,5965292.165,120,2002,17,35.89,101.46
95031,Active,848964,NA,NA,D,1,0,4068360.954,110,1998,19,4.58,20.98
95032,Active,594513,NA,NA,D,0,0,1070980.5,46.99,2011,17,40.01,0
95033,Active,912215,NA,NA,D,3,1,4463978.301,48.56,1978,34,4.12,43.94
95034,Active,3821259,NA,NA,D,3,1,1665456.1,0,1900,21,60.39,563.39
95035,Active,889471,NA,NA,D,0,0,3449401.781,75,1998,14,16.8,73.29
95036,Active,294026,NA,NA,D,1,0,2451659.524,97.95,2001,29,5.83,22.49
95037,Active,604002,NA,NA,D,0,0,352049.7175,169,2009,21,131.41,107.87
95038,Active,225935,NA,NA,D,0,0,3307834.391,164.95,2007,6,133.94,565.43
95039,Active,2533344,NA,NA,D,0,0,6269122.464,59.95,1998,25,4.86,22.99
95040,Active,869541,NA,NA,D,1,0,1625565.784,89.95,2003,19,22.05,51.94
95041,Active,651176,NA,NA,D,1,0,2616789.444,104.95,2001,21,5.49,33.69
95042,Active,2608868,NA,NA,D,2,1,582261.2825,98.99,2000,22,60.99,157.44
95043,Active,908380,NA,NA,D,0,0,1268817.373,114.12,1996,17,15.74,73.63
95044,Active,869316,NA,NA,D,0,0,5935231.17,52,1999,5,11.42,2707.22
95045,Active,224623,NA,NA,D,1,0,2207620.024,62,2004,51,4,6.94
95046,Active,594666,NA,NA,D,1,0,379383.2063,99.95,2011,38,4,22.94
95047,Active,128199,NA,NA,D,0,0,3683399.74,75,2002,17,7.09,54.82
95048,Active,60411,NA,NA,D,2,1,790033.0325,94,2005,44,4.14,44.97
95049,Active,3817522,NA,NA,D,2,1,2205897.75,149,2009,52,101.24,111.15
95050,Active,118305,NA,NA,D,2,1,20212.87875,299,2011,137,12.47,41.99
95051,Active,617946,NA,NA,D,8,1,24046.04,215,2012,66,63.99,174.47
95052,Active,131244,NA,NA,D,1,0,3907919.44,92,2003,36,4,8.98
95053,Active,556033,NA,NA,D,2,1,3205912.228,99,2002,22,54.94,156.75
95054,Active,192062,NA,NA,D,1,0,2258040.234,19.73,1995,37,4,18.94
95055,Active,601376,NA,NA,D,2,1,2265306.069,55.95,2007,25,4.52,47.46
95056,Active,166919,NA,NA,D,5,1,666400.8038,199,2005,33,16.53,62.93
95057,Active,698802,NA,NA,D,2,1,730661.95,284.16,2004,8,36.75,202.13
95058,Active,874074,NA,NA,D,0,0,1070125.833,25.75,2008,24,5.35,20.85
95059,Active,569554,NA,NA,D,1,0,1958130.298,343.95,2004,26,4.35,46.79
95060,Active,445867,NA,NA,D,1,0,1820346.243,134,2008,25,10.77,86.38
95061,Active,652860,NA,NA,D,2,1,1762584.405,69.6,1969,27,12.74,79.41
95062,Active,757076,NA,NA,D,1,0,4898759.653,112,1998,18,8.98,33.49
95063,Active,164601,NA,NA,D,0,0,828832.67,124.24,2004,29,22.99,35.33
95064,Active,276718,NA,NA,D,0,0,3604264.429,89,2005,15,21.99,38.85
95065,Active,120411,NA,NA,D,0,0,1012521.873,96,1997,30,4.39,51.11
95066,Active,2613052,NA,NA,D,0,0,4957041.376,125,2001,17,25.78,51.94
95067,Active,895742,NA,NA,D,5,1,1379849.51,33.39,2003,15,12.52,33.39
95068,Active,369454,NA,NA,D,0,0,1113673.854,79.95,2009,22,22.11,61.57
95069,Active,250562,NA,NA,D,3,1,1243714.528,104.95,2008,18,4,111.45
95070,Active,273316,NA,NA,D,3,1,4059740.46,128.93,2004,14,41.94,77.93
95071,Active,175253,NA,NA,D,0,0,3050993.775,122,2003,21,45.8,140.84
95072,Active,657221,NA,NA,D,13,1,695667.9913,68.99,2012,27,10.06,44.43
95073,Active,610441,NA,NA,D,17,1,67887.9225,215,2013,92,9.47,89.28
95074,Active,553271,NA,NA,D,9,1,8612673.411,86.21,1994,18,4.59,81.35
95075,Active,108572,NA,NA,D,1,0,820690.1438,223.97,2003,23,18.87,70.17
95076,Active,2336937,NA,NA,D,0,0,1692890.596,111.57,1994,19,13.98,79.12
95077,Active,152221,NA,NA,D,0,0,1765381.303,119,2005,25,73.98,86.94
95078,Active,225860,NA,NA,D,1,0,858575.4863,159.95,1995,17,20.19,90.55
95079,Active,2577091,NA,NA,D,1,0,1746348.415,132.54,1984,26,7.87,53.97
95080,Active,739102,NA,NA,D,2,1,8352975.296,105.2,2000,21,4,84.55
95081,Active,907335,NA,NA,D,0,0,1656416.273,110,2006,20,40.34,77.22
95082,Active,173486,NA,NA,D,0,0,1234988.613,69,1997,33,4.99,32.97
95083,Active,759395,NA,NA,D,1,0,5634306.098,93.95,2000,17,32.48,103.59
95084,Active,1951550,NA,NA,D,0,0,1488926.329,119,2011,18,85.3,111.31
95085,Active,3138383,NA,NA,D,1,0,3805076.174,51.47,2005,13,4.81,50.7
95086,Active,618914,NA,NA,D,2,1,66886.79625,184.6,2012,32,80.33,114.84
95087,Active,539401,NA,NA,D,2,1,990070.7538,225.33,2012,18,120.81,196.53
95088,Active,2310938,NA,NA,D,0,0,2410012.986,66.95,1995,22,3.99,75.57
95089,Active,2238228,NA,NA,D,4,1,971884.1575,19.73,2013,10,13.99,20.2
95090,Active,120588,NA,NA,D,4,1,164133.4413,220.6,2009,43,19.13,73.9
95091,Active,156790,NA,NA,D,1,0,1520185.043,59.95,2002,28,4.33,43.03
95092,Active,3012922,NA,NA,D,0,0,3989093.434,155,1992,16,6.98,73.29
95093,Active,896533,NA,NA,D,0,0,2972628.238,78,1992,16,4,8.98
95094,Active,864302,NA,NA,D,0,0,1398076.09,149,2012,19,118.51,106.85
95095,Active,914695,NA,NA,D,1,0,3621175.381,91.95,2002,21,4,22.24
95096,Active,616113,NA,NA,D,2,1,3347052.874,92.67,1993,27,4,32.39
95097,Active,175526,NA,NA,D,1,0,1169572.661,150,2005,29,49.84,79.23
95098,Active,289571,NA,NA,D,1,0,828743.3638,362.95,2004,29,5.53,21.95
95099,Active,537999,NA,NA,D,1,0,2876640.673,199.95,1997,22,6.11,49.98
95100,Active,748394,NA,NA,D,1,0,2915609.971,155,2006,11,82.14,135.31
95101,Active,920625,NA,NA,D,0,0,679507.7138,37,2004,60,4,0
95102,Active,891261,NA,NA,D,0,0,3386973.859,4,1998,14,4,23.94
95103,Active,583233,NA,NA,D,1,0,3693420.429,119.95,2006,17,36.12,50.77
95104,Active,523867,NA,NA,D,0,0,1470858.679,109,2009,21,43.99,28.84
95105,Active,2426411,NA,NA,D,0,0,5354505.774,11.95,1989,5,15.57,0
95106,Active,691863,NA,NA,D,7,1,6251854.138,108.95,1998,24,4.99,20.88
95107,Active,894473,NA,NA,D,0,0,7280934.996,109.7,1993,16,4,80.4
95108,Active,587594,NA,NA,D,1,0,1275436.489,204.95,2012,13,97.16,73.37
95109,Active,175406,NA,NA,D,0,0,992949.7488,167.99,2002,30,5.5,17.48
95110,Active,649886,NA,NA,D,1,0,566594.7788,93.4,2011,36,24.88,59.6
95111,Active,1771874,NA,NA,D,1,0,8316025.448,218.95,2007,13,4.35,228.94
95112,Active,893460,NA,NA,D,0,0,1128828.006,505.86,2006,19,12.84,57.31
95113,Active,893307,NA,NA,D,0,0,2559908.318,66.93,2009,15,15.98,23.28
95114,Active,2255838,NA,NA,D,3,1,4184957.725,105.27,2011,19,37.97,105.04
95115,Active,583244,NA,NA,D,1,0,1710090.49,109.95,1997,20,16.88,27.49
95116,Active,299410,NA,NA,D,4,1,3843084.546,80.5,2000,26,7.19,61.03
95117,Active,542143,NA,NA,D,0,0,3122602.444,72.88,2004,13,19.38,26.49
95118,Active,1724774,NA,NA,D,0,0,1995810.478,144.95,2006,17,50.96,227.5
95119,Active,2381200,NA,NA,D,0,0,1344711.451,100.35,1974,17,4,164.12
95120,Active,2595413,NA,NA,D,0,0,5277703.974,60,1990,15,30.02,842.7
95121,Active,543125,NA,NA,D,2,1,174635.6363,116,2010,202,4.81,18.99
95122,Active,1839583,NA,NA,D,1,0,2614128.578,51.99,2008,18,4.98,42.17
95123,Active,831503,NA,NA,D,4,1,2003610.84,74.95,2000,24,7.19,73.33
95124,Active,2566672,NA,NA,D,1,0,3952053.615,105,1995,17,4,47.79
95125,Active,2363128,NA,NA,D,1,0,3790980.168,165,2000,22,20.23,65.13
95126,Active,2245529,NA,NA,D,1,0,1904422.629,68,2009,16,5.75,51.78
95127,Active,543003,NA,NA,D,4,1,989229.2975,154.99,2007,22,23.52,88.99
95128,Active,159488,NA,NA,D,1,0,1345674.768,79.95,2004,25,6.39,38.84
95129,Active,1570853,NA,NA,D,9,1,578528.8713,0,2011,12,28.98,93.98
95130,Active,3726583,NA,NA,D,0,0,12594844.1,187,2003,0,0,0
95131,Active,439382,NA,NA,D,0,0,1971065.061,109,2007,21,24.24,21.36
95132,Active,3618366,NA,NA,D,0,0,6499241,100,1991,9,16.87,0
95133,Active,113034,NA,NA,D,1,0,3056283.873,47.95,1998,21,4.98,48.53
95134,Active,563199,NA,NA,D,0,0,421216.275,115,2001,26,60.67,87.94
95135,Active,164334,NA,NA,D,9,1,558015.2238,35,2002,52,4,14.42
95136,Active,2502501,NA,NA,D,2,1,6099587.574,114,2002,14,8.59,38.57
95137,Active,157124,NA,NA,D,0,0,636946.5775,121.95,2009,26,51.84,0
95138,Active,2281139,NA,NA,D,0,0,629311,0,2014,20,0,0
95139,Active,776053,NA,NA,D,0,0,7375079.929,159,2008,12,8.84,13.99
95140,Active,100458,NA,NA,D,1,0,3196335.244,100,1996,27,4,13.73
95141,Active,245485,NA,NA,D,0,0,1601307.569,159,2005,32,8.13,96.36
95142,Active,2935837,NA,NA,D,1,0,2847608.6,109,2005,16,23.82,73.63
95143,Active,275826,NA,NA,D,2,1,2916788.495,54,2002,30,4.13,33.99
95144,Active,2340778,NA,NA,D,1,0,570469.8613,86.95,1965,59,16.98,81.36
95145,Active,569037,NA,NA,D,2,1,4260327.705,132,2006,16,6.24,45.12
95146,Active,580857,NA,NA,D,1,0,1922804.739,55.95,2000,16,5.88,12.99
95147,Active,152856,NA,NA,D,1,0,2000269.866,79.95,2001,21,8.93,28.98
95148,Active,517524,NA,NA,D,1,0,3383406.855,168,2007,17,82.94,160.14
95149,Active,1438398,NA,NA,D,4,1,758720.7825,424.75,2011,24,50.98,178.99
95150,Active,290157,NA,NA,D,7,1,877007.8225,159.77,2009,18,25.03,68.95
95151,Active,220340,NA,NA,D,2,1,5710757.891,18.99,2002,16,4.36,18.99
95152,Active,2233134,NA,NA,D,2,1,1269532.838,145,2006,8,114.84,114.86
95153,Active,104433,NA,NA,D,0,0,1452194.85,135.3,2000,17,43.84,89.97
95154,Active,2604717,NA,NA,D,0,0,2254257.429,189.99,1996,19,7.69,8.68
95155,Active,2841099,NA,NA,D,2,1,840387.8925,54.95,2001,20,10.17,17.82
95156,Active,755670,NA,NA,D,1,0,5650999.305,89.95,2005,13,7.15,62.65
95157,Active,631616,NA,NA,D,1,0,806068.705,124.2,2009,45,4,0
95158,Active,2597024,NA,NA,D,1,0,1958606.166,170,1990,51,4,20.44
95159,Active,2577646,NA,NA,D,1,0,2911866.648,360,1984,20,28.47,104.69
95160,Active,2721304,NA,NA,D,0,0,3370936.383,112,1996,19,30.39,73.88
95161,Active,1486203,NA,NA,D,0,0,1737489.341,49,2011,34,4,9.94
95162,Active,2343906,NA,NA,D,2,1,4336509.069,19.27,1986,21,4,18.89
95163,Active,3806098,NA,NA,D,0,0,663864.2,49.99,2014,56,22.58,31.24
95164,Active,1545886,NA,NA,D,1,0,7787553.981,155,2011,18,39.79,85.61
95165,Active,2058791,NA,NA,D,0,0,618860.7175,19.99,2011,31,7.78,16.05
95166,Active,3581529,NA,NA,D,0,0,2732739.05,196.5,2011,18,5.37,57.41
95167,Active,760308,NA,NA,D,1,0,1567140.215,90,2004,20,6.73,28.99
95168,Active,2590690,NA,NA,D,0,0,3374905.998,199.99,1991,18,61.77,184.55
95169,Active,264035,NA,NA,D,0,0,2078204.463,59.95,2007,20,8.93,0
95170,Active,833408,NA,NA,D,0,0,2834837.114,115,2000,10,25.62,76.7
95171,Active,3553192,NA,NA,D,0,0,1007898.2,65,1900,36,7.99,28.99
95172,Active,2607287,NA,NA,D,0,0,2260477.768,60,2000,23,6.93,42.07
95173,Active,281003,NA,NA,D,1,0,2570236.516,115,2000,20,39.94,63.91
95174,Active,3523443,NA,NA,D,0,0,1494067.9,0,1995,32,8.98,35.24
95175,Active,3743935,NA,NA,D,0,0,1396708.4,69,2015,28,50.88,47.05
95176,Active,2614714,NA,NA,D,0,0,3012761.371,110,2004,30,4,23.96
95177,Active,624300,NA,NA,D,1,0,923781.8775,39.99,2011,76,5.39,10.74
95178,Active,905868,NA,NA,D,1,0,2446108.526,44.95,2006,30,4,13.99
95179,Active,267551,NA,NA,D,2,1,2699712.003,49.99,2004,29,4,12.56
95180,Active,631698,NA,NA,D,1,0,579717.1075,69.99,2008,14,23.94,35.5
95181,Active,558727,NA,NA,D,1,0,153072.5775,100,1991,52,25.01,63.03
95182,Active,561851,NA,NA,D,1,0,1710954.165,159.95,2003,17,5.93,22.78
95183,Active,3552672,NA,NA,D,0,0,1182404.55,60,2000,51,4,34.4
95184,Active,2427880,NA,NA,D,1,0,3425613.854,45,1993,27,4,44.19
95185,Active,719395,NA,NA,D,0,0,2761195.494,89.95,1999,31,4,23
95186,Active,747001,NA,NA,D,3,1,782442.5975,43.7,2010,18,38.12,49.87
95187,Active,2591817,NA,NA,D,0,0,2130552.176,125,1985,22,23.53,108.75
95188,Active,3545923,NA,NA,D,1,0,1424787.4,39.95,2012,6,37.98,33.99
95189,Active,174114,NA,NA,D,0,0,449732.8925,31.99,1997,63,4,7.22
95190,Active,3796054,NA,NA,D,0,0,1169158.1,44.95,2006,29,4,11.99
95191,Active,2589869,NA,NA,D,0,0,882378.6775,66,1977,12,7.12,265.33
95192,Active,176009,NA,NA,D,0,0,734899.095,39.99,2002,29,10.72,24.94
95193,Active,871663,NA,NA,D,1,0,1641771.076,14.95,1996,14,26.33,79.64
95194,Active,2542925,NA,NA,D,0,0,2042746.058,135,2004,15,7.29,675
95195,Active,2300758,NA,NA,D,12,1,3350436.936,181.34,2005,11,47.89,109.51
95196,Active,452810,NA,NA,D,13,1,2390013.701,236.95,2009,13,29.69,79.98
95197,Active,636681,NA,NA,D,14,1,416290.5025,87.95,2012,34,8.48,0
95198,Active,897365,NA,NA,D,1,0,510449.7025,59.95,2009,19,15.87,59.74
95199,Active,3038264,NA,NA,D,0,0,4952417,44.95,1998,8,10.95,11.99
95200,Active,1446149,NA,NA,D,1,0,2043913.309,99.95,2012,62,41.96,54.99
95201,Active,2605258,NA,NA,D,1,0,2238731.698,114.99,1996,34,4.93,21.2
95202,Active,2568983,NA,NA,D,0,0,1295018.206,124.31,1948,17,13.86,90.16
95203,Active,710210,NA,NA,D,5,1,867621.4925,177,2001,25,8.54,149.13
95204,Active,106394,NA,NA,D,2,1,2820194.604,81,2005,21,5.24,33.94
95205,Active,804048,NA,NA,D,1,0,3695645.053,97.95,2008,14,4.98,46.25
95206,Active,905837,NA,NA,D,4,1,718198.4763,235,2008,24,21.62,191.89
95207,Active,647822,NA,NA,D,2,1,3489561.104,299,1998,20,8.98,60.26
95208,Active,3819714,NA,NA,D,0,0,3543106.8,50,2005,31,6.04,57.15
95209,Active,897219,NA,NA,D,1,0,1167250.689,56.95,2012,24,9.33,38.94
95210,Active,758957,NA,NA,D,2,1,2923418.864,115,2000,18,18.94,22.98
95211,Active,2596299,NA,NA,D,1,0,2077678.378,49.95,1989,22,8.53,88.37
95212,Active,2795710,NA,NA,D,0,0,2604536.07,71,1983,16,17.56,80.33
95213,Active,2795711,NA,NA,D,0,0,2260560.739,49.45,1985,19,11.14,57.23
95214,Active,556038,NA,NA,D,1,0,1023493.399,112.95,1988,38,36.7,77.22
95215,Active,1470355,NA,NA,D,0,0,3087871.194,105,2007,18,23.99,100.4
95216,Active,758070,NA,NA,D,1,0,4577233.334,115,1998,15,4.24,18.84
95217,Active,656753,NA,NA,D,0,0,1448782.734,34.95,1961,10,33.78,52.15
95218,Active,1742014,NA,NA,D,40,1,3350364.889,205,2010,12,4.45,201.19
95219,Active,2420486,NA,NA,D,2,1,3577453.894,55,1990,18,4,19.97
95220,Active,240059,NA,NA,D,3,1,703243.9375,36.95,2003,85,4,10.48
95221,Active,691246,NA,NA,D,0,0,557380.79,54.5,2011,22,9.14,0
95222,Active,902891,NA,NA,D,2,1,2901024.169,44.95,2000,21,15.18,62.9
95223,Active,1442232,NA,NA,D,1,0,5713196.9,114.23,2008,13,7.15,114.23
95224,Active,386377,NA,NA,D,0,0,1388201.916,61,2008,27,4.84,0
95225,Active,2261862,NA,NA,D,2,1,2349299.945,35.41,2010,38,5.83,26.95
95226,Active,909529,NA,NA,D,1,0,3147962.33,39.95,2000,18,4,39.95
95227,Active,898381,NA,NA,D,0,0,4332060.159,150,1994,18,19.03,74.98
95228,Active,156577,NA,NA,D,0,0,1385510.704,45.95,1999,42,4.84,35.98
95229,Active,3607940,NA,NA,D,0,0,3914247.3,95,2008,37,26.99,64.69
95230,Active,628235,NA,NA,D,1,0,655985.6238,50.95,2003,43,5.4,43.75
95231,Active,213019,NA,NA,D,1,0,640536.6988,75,2008,22,20.46,48.74
95232,Active,636295,NA,NA,D,1,0,686243.9188,52.95,2010,17,7.24,145.21
95233,Active,248081,NA,NA,D,3,1,27081.9975,97,2010,91,6.38,17.63
95234,Active,2614184,NA,NA,D,0,0,4016459.561,124,2003,19,31.94,46.36
95235,Active,723169,NA,NA,D,0,0,2866656.54,39.95,2006,24,3.89,7.11
95236,Active,910500,NA,NA,D,1,0,2876375.9,34.95,2006,27,4,4.37
95237,Active,127438,NA,NA,D,0,0,952688.9338,69.95,2008,59,4,19.94
95238,Active,631576,NA,NA,D,0,0,889512.34,163,2010,41,8.57,44.43
95239,Active,3785503,NA,NA,D,0,0,4417756.7,44.95,2000,14,5.61,73.77
95240,Active,724010,NA,NA,D,1,0,2702088.078,125,2011,18,36.34,63.97
95241,Active,774070,NA,NA,D,0,0,3492028.43,23.99,1999,35,4.69,23.99
95242,Active,166976,NA,NA,D,1,0,4473960.46,9.98,2005,28,4.98,10.78
95243,Active,671451,NA,NA,D,3,1,1699642.109,44.1,2012,14,7.82,77.5
95244,Active,2590869,NA,NA,D,1,0,3400933.525,62.5,1982,26,11.04,53.21
95245,Active,3841402,NA,NA,D,1,0,5440900.8,109,2004,18,39.99,246.9
95246,Active,2189623,NA,NA,D,0,0,1799228.901,69.99,2011,14,34.2,34.21
95247,Active,3506681,NA,NA,D,0,0,1925499.55,39.99,1996,28,6.39,39.98
95248,Active,2750898,NA,NA,D,6,1,2316365.836,299,2004,6,103.99,128.29
95249,Active,2502167,NA,NA,D,0,0,1677423.696,64.95,1984,20,21.24,44
95250,Active,891969,NA,NA,D,0,0,843832.03,24.95,2008,20,17.83,20.79
95251,Active,876456,NA,NA,D,3,1,1094547.765,35.99,2004,66,5.59,28.99
95252,Active,3125073,NA,NA,D,0,0,5298277.466,83.95,2001,12,15.9,58.59
95253,Active,759079,NA,NA,D,1,0,1651160.75,156,2001,18,21.34,43.99
95254,Active,3471232,NA,NA,D,2,1,3387378.5,61.95,1993,16,36.45,88.33
95255,Active,2596987,NA,NA,D,1,0,5385819.998,147,1994,16,7.25,7.25
95256,Active,1594443,NA,NA,D,1,0,5065736.993,104.99,2009,23,24.27,63.96
95257,Active,718201,NA,NA,D,1,0,7997578.285,198.5,1999,15,47.74,165.25
95258,Active,717956,NA,NA,D,1,0,5895397.216,220,1997,17,6.61,62.71
95259,Active,698564,NA,NA,D,2,1,3750972.463,45.07,2004,18,6.38,6.24
95260,Active,2603953,NA,NA,D,0,0,2169761.274,49.99,2005,27,9.93,21.97
95261,Active,1439177,NA,NA,D,4,1,3937253.633,634.84,2010,10,16.96,135.83
95262,Active,640384,NA,NA,D,2,1,3252882.409,145,2006,20,4,53.85
95263,Active,2591201,NA,NA,D,0,0,8078771.003,146.99,1988,14,12.47,100.57
95264,Active,789428,NA,NA,D,1,0,713632.1013,139,2004,18,17.92,17.92
95265,Active,1562713,NA,NA,D,1,0,2102080.414,172,2006,16,35.2,150.9
95266,Active,2217677,NA,NA,D,0,0,1475827.275,24.2,2011,15,35.07,38.73
95267,Active,289748,NA,NA,D,1,0,565809.9275,44.95,2006,34,8.9,43.99
95268,Active,2753552,NA,NA,D,1,0,2166331.676,55,2000,16,22.76,68.39
95269,Active,903145,NA,NA,D,0,0,3046290.495,139,1996,20,24.24,74.51
95270,Active,633829,NA,NA,D,1,0,1763083.33,55,2012,21,26.72,72.37
95271,Active,758675,NA,NA,D,1,0,3032974.221,74.95,1999,17,4.23,23.94
95272,Active,1445385,NA,NA,D,1,0,3866819.796,465,2008,7,313.42,340.99
95273,Active,564588,NA,NA,D,0,0,1167453.336,24.95,2005,31,4,0
95274,Active,3157582,NA,NA,D,0,0,482503.2025,19.95,1999,49,6.12,22.96
95275,Active,904474,NA,NA,D,0,0,1447456.384,64.15,1978,26,6.38,64.62
95276,Active,3465070,NA,NA,D,0,0,3880544.7,0,1962,20,9.73,56.19
95277,Active,2560476,NA,NA,D,2,1,881939.9713,698.32,1979,20,20.7,70.79
95278,Active,2537987,NA,NA,D,0,0,9180047.285,164.95,2001,14,22.69,57.77
95279,Active,127661,NA,NA,D,0,0,4320272.708,45,2000,24,5.93,48.69
95280,Active,181233,NA,NA,D,1,0,9183099.925,53.2,1999,29,4,0
95281,Active,894639,NA,NA,D,0,0,8541945.58,185,2006,15,23.98,126.83
95282,Active,1839103,NA,NA,D,1,0,5189366.991,117.95,2009,9,17.43,63.94
95283,Active,2694904,NA,NA,D,3,1,7339632.043,51.33,2005,10,4,41.99
95284,Active,607044,NA,NA,D,22,1,2225519.061,45.75,2007,22,3.99,11.98
95285,Active,2263642,NA,NA,D,0,0,1763262.15,37.18,1900,27,0,0
95286,Active,149579,NA,NA,D,4,1,3772348.675,39.95,2003,45,4,14.94
95287,Active,3618518,NA,NA,D,0,0,4678074,0,1900,9,68.99,286.55
95288,Active,901598,NA,NA,D,0,0,3526423.65,179,1997,20,10.75,129.5
95289,Active,547289,NA,NA,D,2,1,1033340.74,179,2010,52,105.79,109.87
95290,Active,3135571,NA,NA,D,0,0,2437074.314,39.95,2003,16,16.19,60.53
95291,Active,904026,NA,NA,D,0,0,666024.375,129.2,1994,26,24.85,60.99
95292,Active,630468,NA,NA,D,0,0,1249978.816,13.4,1981,32,4,12.99
95293,Active,829612,NA,NA,D,5,1,6797574.324,53.95,1998,17,45.04,102.53
95294,Active,909589,NA,NA,D,4,1,2777933.551,37.95,1992,27,6.1,68.89
95295,Active,897262,NA,NA,D,2,1,3708173.029,58.95,1967,18,4,59.95
95296,Active,881799,NA,NA,D,1,0,2465537.879,41,1957,14,10.78,91.5
95297,Active,2602251,NA,NA,D,1,0,842929.3063,146.99,2003,19,28.99,143.03
95298,Active,2179588,NA,NA,D,0,0,1856530.578,89.95,2008,16,32.99,31.54
95299,Active,2502860,NA,NA,D,0,0,1878594.808,64.95,1997,24,25.92,41.44
95300,Active,2602615,NA,NA,D,1,0,4441591.903,239.99,1996,16,43.99,109.71
95301,Active,3513122,NA,NA,D,1,0,3722780.35,109,2000,25,10.64,36.74
95302,Active,221910,NA,NA,D,1,0,862365.4913,94.95,1995,33,17.38,68.26
95303,Active,175845,NA,NA,D,1,0,361607.9375,175,2007,28,65.51,96
95304,Active,2612453,NA,NA,D,1,0,3913695.089,88.99,2001,17,31.48,73.98
95305,Active,699987,NA,NA,D,1,0,2380339.666,75,2002,15,8.46,52.47
95306,Active,891168,NA,NA,D,0,0,4957857.119,73.4,1994,19,6.92,50.93
95307,Active,2514269,NA,NA,D,0,0,1502598.314,409.95,1975,11,19.79,43.99
95308,Active,2674890,NA,NA,D,1,0,865189.8625,25,1974,28,9.71,63.99
95309,Active,2190884,NA,NA,D,0,0,485404.8875,79.95,2012,23,57.06,60.18
95310,Active,2515493,NA,NA,D,0,0,4507179.481,170.38,1980,18,17.99,86.79
95311,Active,2599151,NA,NA,D,1,0,1408461.503,51,1995,29,4,19.5
95312,Active,1591658,NA,NA,D,1,0,4516328.775,104.99,2006,12,36.63,341.2
95313,Active,1923760,NA,NA,D,0,0,1418107.979,139,2011,14,109.82,113.29
95314,Active,109451,NA,NA,D,1,0,1203818.275,53.95,2004,29,4.02,53.95
95315,Active,724840,NA,NA,D,3,1,4035036.228,75,2009,30,4,46.29
95316,Active,529995,NA,NA,D,4,1,1612091.165,59.95,2009,24,4,46.07
95317,Active,274034,NA,NA,D,1,0,2582289.044,35,2001,18,7.1,15.93
95318,Active,3038610,NA,NA,D,0,0,1724603.281,59.95,2004,10,4.98,53.98
95319,Active,2816688,NA,NA,D,1,0,2431073.774,55,1991,22,8.7,62.27
95320,Active,905864,NA,NA,D,1,0,1961119.169,16.95,2001,18,7.94,21.89
95321,Active,132980,NA,NA,D,1,0,842645.2475,30.2,2009,31,4,18.93
95322,Active,863027,NA,NA,D,0,0,2326460.39,43.95,2002,23,4,47.95
95323,Active,2530352,NA,NA,D,0,0,2171838.519,69.95,1996,19,4.48,38.99
95324,Active,762148,NA,NA,D,4,1,3355537.929,178.03,2006,13,19.96,177.93
95325,Active,627659,NA,NA,D,1,0,2152312.785,99,2002,20,4.29,39
95326,Active,167654,NA,NA,D,1,0,3961071.193,145,2001,15,10.91,53.37
95327,Active,871538,NA,NA,D,2,1,888644.035,24.22,2010,13,46.05,47.97
95328,Active,105593,NA,NA,D,1,0,1359303.016,59.95,1999,19,21.52,92.99
95329,Active,1867534,NA,NA,D,0,0,2095715.913,139.95,2010,17,22.15,101.93
95330,Active,666761,NA,NA,D,17,1,1697797.67,59.95,2011,17,4.29,8.99
95331,Active,803993,NA,NA,D,1,0,4176406.831,54.95,2005,19,4.81,7.71
95332,Active,2679506,NA,NA,D,1,0,3382311.178,85.95,1995,33,4,50.97
95333,Active,454675,NA,NA,D,1,0,4422983.376,150,2009,23,20.99,28.04
95334,Active,781290,NA,NA,D,0,0,2014234.026,79.95,2005,18,24.81,58.26
95335,Active,781291,NA,NA,D,0,0,1425483.91,39.95,2005,27,20,37.49
95336,Active,910402,NA,NA,D,0,0,1486383.413,17,1981,26,4,34.95
95337,Active,261135,NA,NA,D,0,0,790568.4225,120,1997,20,5.19,19.02
95338,Active,2309302,NA,NA,D,1,0,4000584.434,56.95,1996,17,4,138.51
95339,Active,918665,NA,NA,D,0,0,2552331.438,35.95,2001,33,4,16.5
95340,Active,2596071,NA,NA,D,1,0,2550382.605,44.95,1990,17,4.73,79.96
95341,Active,1475289,NA,NA,D,1,0,1705336.475,92,2011,27,33.99,39.95
95342,Active,454638,NA,NA,D,0,0,4760957.804,129.99,2005,18,34.21,84.21
95343,Active,3538616,NA,NA,D,0,0,2458550,54.95,2007,18,53.88,54.94
95344,Active,1645170,NA,NA,D,1,0,3021266.131,99,2012,13,10.19,52.45
95345,Active,3123746,NA,NA,D,0,0,2703034.176,47.75,1993,17,4.47,54.39
95346,Active,859258,NA,NA,D,0,0,2734347.201,115,2005,21,4,67.53
95347,Active,3595628,NA,NA,D,1,0,4152399,41.95,1992,21,4,45.09
95348,Active,168819,NA,NA,D,0,0,317569.6263,24.95,2006,21,14.87,17.96
95349,Active,2947061,NA,NA,D,3,1,2341763.695,61,2004,14,5.54,53.31
95350,Active,2601979,NA,NA,D,0,0,3022192.569,154.99,1996,23,10.94,95.28
95351,Active,235030,NA,NA,D,0,0,1749323.828,29.95,2002,25,6.38,57.55
95352,Active,274055,NA,NA,D,0,0,1627523.068,41.54,2002,35,4,41.47
95353,Active,666874,NA,NA,D,1,0,1569234.093,47.95,2009,30,28.99,39.18
95354,Active,717574,NA,NA,D,1,0,4166317.704,165.95,2005,27,4,16.65
95355,Active,443429,NA,NA,D,1,0,1218433.76,70,1999,47,4,52.88
95356,Active,2703575,NA,NA,D,2,1,5783933.873,35.45,2004,13,29.74,139.25
95357,Active,918453,NA,NA,D,0,0,779751.32,23.95,1999,24,4,0
95358,Active,666843,NA,NA,D,2,1,1474606.325,42.95,2010,37,22.97,40.51
95359,Active,189898,NA,NA,D,0,0,1842402.158,49.95,2008,27,6.23,39.87
95360,Active,3058110,NA,NA,D,0,0,2251790.474,64,1995,53,4,8.68
95361,Active,546311,NA,NA,D,2,1,889873.5063,39.95,2005,26,4,9.9
95362,Active,2909078,NA,NA,D,0,0,1027419.061,25,2005,21,69,141.25
95363,Active,622040,NA,NA,D,0,0,267491.6688,35.95,2005,48,4,27.99
95364,Active,2827212,NA,NA,D,1,0,1206287.235,22.5,2002,12,12.98,19.87
95365,Active,2404426,NA,NA,D,1,0,1216237.445,36,1987,26,8.99,24.99
95366,Active,1594192,NA,NA,D,1,0,649248.745,44.99,2008,25,11.13,23.98
95367,Active,3067207,NA,NA,D,3,1,1436738.208,75,2004,14,4.98,9.64
95368,Active,800036,NA,NA,D,1,0,4062494.946,37,2005,19,5.91,53.41
95369,Active,738612,NA,NA,D,14,1,405832.185,42,2013,16,24.87,0
95370,Active,143015,NA,NA,D,15,1,204025.6363,42,2005,38,4.37,0
95371,Active,3784722,NA,NA,D,1,0,1051655.75,95,1995,24,40.04,71.74
95372,Active,2598811,NA,NA,D,1,0,3742955.898,54.95,1992,31,4.39,45.03
95373,Active,2275747,NA,NA,D,2,1,9402497.239,96.01,2011,16,33.99,61.94
95374,Active,2565031,NA,NA,D,1,0,1742731.466,70.23,1973,22,6.48,66.65
95375,Active,1629816,NA,NA,D,1,0,2305780.345,529,2009,7,109.98,85.19
95376,Active,919428,NA,NA,D,3,1,4316729.821,86.25,1994,37,4.05,10.98
95377,Active,708872,NA,NA,D,0,0,483450.4388,78.99,2007,16,20.76,23.98
95378,Active,708544,NA,NA,D,0,0,1584197.505,115,2006,33,7.19,57.61
95379,Active,551297,NA,NA,D,0,0,216870.2013,104.5,2004,63,5.28,38.32
95380,Active,709326,NA,NA,D,0,0,753808.95,101.31,2009,29,26.32,63.96
95381,Active,2411894,NA,NA,D,0,0,3675034.726,13.95,1990,16,22.84,82.06
95382,Active,900042,NA,NA,D,2,1,5901455.79,53.95,1999,17,4.56,27.51
95383,Active,598847,NA,NA,D,0,0,2078703.688,168,2007,20,15.34,18.99
95384,Active,2614087,NA,NA,D,0,0,2812803.663,140,2003,20,12.8,88.24
95385,Active,765138,NA,NA,D,1,0,3875764.054,231.95,2001,19,4,32.79
95386,Active,863921,NA,NA,D,1,0,2766779.793,83,2010,20,17.06,58.95
95387,Active,601352,NA,NA,D,0,0,3479629.345,72,2007,10,22.25,22.94
95388,Active,1594207,NA,NA,D,1,0,2193851.595,74.99,2007,45,4,9.27
95389,Active,655066,NA,NA,D,1,0,521572.5563,45,2013,26,17.02,25.34
95390,Active,559165,NA,NA,D,0,0,1538799.521,30,1997,42,4,23.99
95391,Active,119596,NA,NA,D,0,0,1667094.148,97.4,1995,33,4,45.71
95392,Active,755266,NA,NA,D,1,0,5441560.374,75,2004,14,4,48.77
95393,Active,2261528,NA,NA,D,5,1,990414.99,23.17,2009,38,5.74,18.15
95394,Active,571467,NA,NA,D,1,0,718121.0375,80.99,1991,59,4.98,71.39
95395,Active,3523664,NA,NA,D,0,0,9530636.35,0,1991,6,9.37,0
95396,Active,656381,NA,NA,D,1,0,1137361.415,39,2009,27,4,40
95397,Active,270659,NA,NA,D,0,0,744821.5813,39,2010,58,4,18.98
95398,Active,2772164,NA,NA,D,2,1,7202902.268,34.17,1991,13,4,11.72
95399,Active,666182,NA,NA,D,5,1,3862365.14,60,2007,14,5,72.99
95400,Active,648129,NA,NA,D,6,1,3163441.104,70,2010,15,13.88,28.99
95401,Active,390240,NA,NA,D,0,0,5700423.633,59.95,2000,20,4.13,41.97
95402,Active,776059,NA,NA,D,0,0,2733310.071,56,2007,19,4.24,4.99
95403,Active,800079,NA,NA,D,1,0,1410461.473,78,2004,21,5.59,46.9
95404,Active,292805,NA,NA,D,0,0,117871.2088,45,2001,53,11.23,21.99
95405,Active,2536291,NA,NA,D,0,0,3647455.619,58.95,2000,13,4.98,55.07
95406,Active,442204,NA,NA,D,1,0,4496935.8,178,2009,11,6.38,219.39
95407,Active,870291,NA,NA,D,2,1,6447280.475,9.96,2002,26,3.93,9.96
95408,Active,909457,NA,NA,D,0,0,1576077.311,90,2001,20,21.94,89.46
95409,Active,915642,NA,NA,D,2,1,6073086.041,309,2007,32,53.99,97.99
95410,Active,910682,NA,NA,D,1,0,4962765.595,99,1993,26,4,5.94
95411,Active,863118,NA,NA,D,1,0,5701495.775,113,2003,21,4,42.22
95412,Active,331990,NA,NA,D,1,0,3625598.669,60,2002,20,4.63,6.75
95413,Active,320964,NA,NA,D,1,0,3293922.899,65,2005,20,5.44,59.47
95414,Active,336775,NA,NA,D,1,0,4079569.155,195,2008,37,8.44,97.71
95415,Active,905012,NA,NA,D,0,0,7692727.121,46.95,1990,17,4.73,23.98
95416,Active,2261885,NA,NA,D,2,1,10482438.49,76.95,2009,21,7.93,76.93
95417,Active,1594569,NA,NA,D,0,0,7753418.035,110,2009,21,4,44.34
95418,Active,619642,NA,NA,D,1,0,241000.85,46.95,2011,56,8.23,28.95
95419,Active,1645798,NA,NA,D,2,1,8124220.024,75,2009,11,16.92,75
95420,Active,195196,NA,NA,D,2,1,1273992.848,24.95,2009,47,4,0
95421,Active,2833621,NA,NA,D,0,0,1652874.465,31,2003,26,6.15,23.98
95422,Active,1645542,NA,NA,D,0,0,1762599.808,28,2008,43,4,22.48
95423,Active,684793,NA,NA,D,0,0,350835.785,29,2012,27,6.48,0
95424,Active,638349,NA,NA,D,1,0,2165404.254,55.95,2010,30,7.91,28.81
95425,Active,908203,NA,NA,D,0,0,377879.3663,33.8,2010,16,10.61,30.95
95426,Active,2789343,NA,NA,D,0,0,3878256.458,164,1992,14,8.11,67.42
95427,Active,917426,NA,NA,D,2,1,4552553.6,38.95,2001,29,4,47.61
95428,Active,291417,NA,NA,D,0,0,9406081.23,84.99,2005,19,5.98,11
95429,Active,1590869,NA,NA,D,0,0,1966182.264,110,2010,27,33.99,90.69
95430,Active,189053,NA,NA,D,0,0,1076201.826,29.95,1998,51,4,33.88
95431,Active,656553,NA,NA,D,0,0,1573139.839,52.95,2012,18,32.53,35.85
95432,Active,670413,NA,NA,D,3,1,2163476.138,105,2009,32,94.28,102.86
95433,Active,1739679,NA,NA,D,2,1,3752158.645,39.99,2006,19,10.64,29.94
95434,Active,264715,NA,NA,D,1,0,2801997.068,49.95,2005,25,4,56.25
95435,Active,364943,NA,NA,D,3,1,3597129.306,45,2004,24,4,24.94
95436,Active,2646505,NA,NA,D,0,0,4249540.428,52.95,1988,15,7.24,53.29
95437,Active,1469107,NA,NA,D,0,0,2194067.999,82,2007,18,18.49,31.16
95438,Active,1469108,NA,NA,D,1,0,2131823.041,65,2008,15,28.93,57.17
95439,Active,1477925,NA,NA,D,1,0,2191024.09,75,2012,22,25.38,39
95440,Active,157915,NA,NA,D,0,0,1699171.723,34.95,2000,32,4,14.99
95441,Active,2215633,NA,NA,D,1,0,1526063.401,99.99,2008,14,18.97,48.98
95442,Active,723436,NA,NA,D,1,0,698479.84,82,2010,24,7.98,33.76
95443,Active,3796036,NA,NA,D,0,0,5745548.45,203.95,2006,33,25.94,71.69
95444,Active,1760120,NA,NA,D,0,0,1745378.076,29.25,2013,14,22.78,42.89
95445,Active,2805360,NA,NA,D,1,0,1927939.504,49.95,2004,19,17.3,73.71
95446,Active,2882844,NA,NA,D,0,0,3365657.249,39.95,2002,17,27.9,47.28
95447,Active,2605259,NA,NA,D,0,0,3851478.539,110,1997,35,35.03,72.45
95448,Active,897151,NA,NA,D,0,0,1102518.018,49.95,1999,18,50.52,85.98
95449,Active,2405784,NA,NA,D,1,0,2276236.99,115,1992,22,6.38,102.96
95450,Active,229637,NA,NA,D,0,0,616032.155,40,1997,33,28.99,85.1
95451,Active,3602285,NA,NA,D,1,0,6689015.9,39.95,1992,16,4,0
95452,Active,1724329,NA,NA,D,0,0,1518214.589,50,2009,24,4.7,49.23
95453,Active,1751051,NA,NA,D,1,0,678783.9325,24.95,2009,31,4,25.55
95454,Active,2007669,NA,NA,D,0,0,1123105.791,54.95,2011,44,17.77,18.38
95455,Active,859259,NA,NA,D,1,0,789224.565,189.95,2005,18,62.16,0
95456,Active,2611445,NA,NA,D,0,0,4737321.146,254.99,2000,20,66.65,150.1
95457,Active,3619546,NA,NA,D,2,1,1774872.05,0,1900,21,4,56.47
95458,Active,220323,NA,NA,D,1,0,734314.6138,34.95,2007,30,5.98,26.08
95459,Active,1592857,NA,NA,D,0,0,2352419.53,119.99,2006,19,28.46,32.81
95460,Active,2052292,NA,NA,D,1,0,746330.6575,49.95,2007,20,13.99,38.08
95461,Active,3140099,NA,NA,D,1,0,887275.8375,44.95,2005,35,4,36.16
95462,Active,1944364,NA,NA,D,2,1,1756774.453,29,2010,12,23.33,24.2
95463,Active,189939,NA,NA,D,0,0,436393.9775,57.5,2006,30,4,28.97
95464,Active,245880,NA,NA,D,2,1,2483477.773,39,2004,47,4,9.94
95465,Active,864234,NA,NA,D,1,0,2692968.561,56,2012,21,7.96,10.95
95466,Active,862813,NA,NA,D,3,1,3029977.26,55.95,1999,23,4,52.48
95467,Active,2824698,NA,NA,D,1,0,10659198.8,170,1998,10,4,143.06
95468,Active,2660774,NA,NA,D,0,0,2641454.356,123.5,2004,20,29.7,76.35
95469,Active,2526854,NA,NA,D,0,0,3087254.299,25,1990,15,22.93,28.94
95470,Active,217310,NA,NA,D,6,1,1489077.61,49,2008,44,4,7.9
95471,Active,564781,NA,NA,D,1,0,1526510.721,48.95,2010,27,7.98,16.22
95472,Active,1867719,NA,NA,D,0,0,1528793.668,76.95,2010,21,61.16,81.09
95473,Active,288540,NA,NA,D,7,1,5430439.564,79.8,2004,16,4,43.98
95474,Active,904738,NA,NA,D,0,0,2951450.486,160,2001,15,4.8,71.21
95475,Active,290570,NA,NA,D,1,0,1953067.324,29.95,2004,31,3.75,6.99
95476,Active,1559478,NA,NA,D,1,0,8005379.528,140,2008,14,38.94,139.99
95477,Active,2575951,NA,NA,D,0,0,4236512.704,54.21,1990,21,4,42.2
95478,Active,635880,NA,NA,D,1,0,1257462.173,78.95,2011,22,20.44,25
95479,Active,639196,NA,NA,D,0,0,994667.745,92.95,2010,26,33.28,49
95480,Active,3557757,NA,NA,D,8,1,16706307.55,0,1900,1,21.13,0
95481,Active,625556,NA,NA,D,5,1,372746.305,133.95,1991,42,4,12.67
95482,Active,263205,NA,NA,D,0,0,3210575.428,75,2006,14,7.18,49.63
95483,Active,550375,NA,NA,D,5,1,5890126.805,78.95,2008,14,21.24,25.49
95484,Active,529908,NA,NA,D,5,1,2471059.624,755,2007,5,174.08,328.11
95485,Active,863113,NA,NA,D,4,1,2962088.678,99.95,2003,17,21.95,127.25
95486,Active,828641,NA,NA,D,0,0,1169112.126,48,2000,31,4,54.37
95487,Active,3144497,NA,NA,D,0,0,7178031.666,79.95,2002,9,8.69,0
95488,Active,3464075,NA,NA,D,0,0,796951.1,72,1990,30,4,46.39
95489,Active,2600858,NA,NA,D,0,0,532120.2088,39.99,1994,73,4,15.19
95490,Active,103910,NA,NA,D,0,0,1154430.415,45.94,2004,43,4.99,30.98
95491,Active,669980,NA,NA,D,1,0,5888401.818,78.95,2006,7,5.98,6.79
95492,Active,824316,NA,NA,D,2,1,8263970.5,38.95,1997,17,4,12.95
95493,Active,826259,NA,NA,D,3,1,1149129.706,47.95,2000,26,4.48,13.97
95494,Active,711857,NA,NA,D,0,0,877008.0588,36.8,2001,29,6.69,46.56
95495,Active,174494,NA,NA,D,2,1,667287.2763,32,2000,24,4.97,0
95496,Active,2401486,NA,NA,D,0,0,1220264.706,26.95,2004,34,4,7.88
95497,Active,618622,NA,NA,D,0,0,1024492.46,44.94,2005,38,4,23.98
95498,Active,1463693,NA,NA,D,1,0,665441.32,44.94,2007,47,5.93,17.62
95499,Active,2596191,NA,NA,D,0,0,3072889.936,28,1993,23,4,62.21
95500,Active,1478449,NA,NA,D,1,0,2247942.895,89,2011,51,18.99,37.97
95501,Active,3012587,NA,NA,D,0,0,6853953.438,129.95,2000,15,7.58,63.8
95502,Active,126923,NA,NA,D,3,1,2214019.764,49.95,2003,15,19.9,86.31
95503,Active,858583,NA,NA,D,1,0,256160.6763,65,1996,58,5.62,21.61
95504,Active,2906199,NA,NA,D,2,1,1347201.133,39.95,2002,19,4,62.18
95505,Active,2261501,NA,NA,D,15,1,202216.6075,64.07,2012,29,18.99,49.45
95506,Active,2421715,NA,NA,D,1,0,1280524.349,73.99,1972,24,10.72,72.99
95507,Active,2424318,NA,NA,D,0,0,3631873.293,0,1984,9,16.29,0
95508,Active,2552301,NA,NA,D,0,0,678593.755,49.5,1976,24,28.31,108.62
95509,Active,917435,NA,NA,D,0,0,4076060.674,51.6,1999,27,5.75,7.99
95510,Active,560253,NA,NA,D,3,1,2972451.385,144.95,1996,24,3.99,18.99
95511,Active,260398,NA,NA,D,0,0,32841.88625,35,2008,50,12.99,0
95512,Active,2300438,NA,NA,D,0,0,2080950.6,0,1900,15,0,0
95513,Active,2549655,NA,NA,D,1,0,2607436.83,43.31,1980,38,4,48.31
95514,Active,2502593,NA,NA,D,1,0,2022412.84,99,1986,26,4,51.37
95515,Active,728066,NA,NA,D,7,1,8399819.166,47.77,2000,14,5.96,16.58
95516,Active,2154766,NA,NA,D,0,0,4035846.405,70,2006,16,4.59,59.12
95517,Active,636884,NA,NA,D,1,0,1452386.71,132.95,2004,18,19.59,0
95518,Active,622663,NA,NA,D,5,1,412930.5125,97.95,2010,29,19.8,78.13
95519,Active,2680779,NA,NA,D,36,1,2107714.234,124.69,1980,27,4.98,79.05
95520,Active,194555,NA,NA,D,0,0,1349462.04,42.95,2007,8,44.99,45.99
95521,Active,2542283,NA,NA,D,0,0,2131069.175,58.95,2004,20,17.97,58.95
95522,Active,1724325,NA,NA,D,1,0,1649268.625,55,2008,32,4.44,32.63
95523,Active,2859478,NA,NA,D,0,0,4328470.084,59.95,2002,13,4,49.74
95524,Active,3743805,NA,NA,D,0,0,1452307.85,99.95,2010,33,4.74,18.94
95525,Active,909610,NA,NA,D,1,0,2715564.169,9.95,1981,19,9.34,61.27
95526,Active,3592371,NA,NA,D,2,1,1768650.15,35,1991,33,5.79,51.83
95527,Active,3498743,NA,NA,D,1,0,1651275.7,39.99,1996,27,6.78,38.99
95528,Active,644305,NA,NA,D,0,0,239961.325,35,1985,54,8.63,21.48
95529,Active,3148088,NA,NA,D,0,0,1435941.789,119.99,2004,17,68.99,79.21
95530,Active,868160,NA,NA,D,0,0,1148624.729,68.6,2005,39,4,53.21
95531,Active,286324,NA,NA,D,2,1,768572.985,118,2011,15,93.84,0
95532,Active,1731795,NA,NA,D,0,0,3468546.221,129.95,2007,26,6.17,62.94
95533,Active,716469,NA,NA,D,1,0,1177752.805,52.6,2008,17,6.38,25
95534,Active,921343,NA,NA,D,3,1,1252835.285,46,2004,41,4,4.49
95535,Active,647849,NA,NA,D,3,1,1963478.883,53.95,2000,24,4,10.49
95536,Active,620189,NA,NA,D,1,0,454718.4425,55,1998,17,43.98,48.66
95537,Active,2256248,NA,NA,D,4,1,5550891.966,0,2010,27,54.36,147.11
95538,Active,529878,NA,NA,D,6,1,657291.3775,410,2010,17,112.94,203.97
95539,Active,2253687,NA,NA,D,8,1,551188.2,27.86,2007,29,0,0
95540,Active,705316,NA,NA,D,9,1,5887619.09,13.88,2004,16,3.49,13.88
95541,Active,285379,NA,NA,D,10,1,1946139.944,18.99,2007,33,4,18.99
95542,Active,1923794,NA,NA,D,0,0,1543085.004,129,2012,25,90.41,93.45
95543,Active,755702,NA,NA,D,2,1,2237574.079,180,2006,18,43.66,52.99
95544,Active,651870,NA,NA,D,0,0,506191.5188,79,2009,30,22.18,0
95545,Active,2573319,NA,NA,D,1,0,4328682.716,75,1989,24,4,23.98
95546,Active,3792911,NA,NA,D,0,0,1881831.45,0,2003,23,14.83,23.99
95547,Active,248730,NA,NA,D,7,1,1017033.798,89.95,2004,31,4.35,32.99
95548,Active,2865034,NA,NA,D,1,0,3299385.953,120,1989,12,33.48,105.93
95549,Active,111472,NA,NA,D,11,1,188512.4788,148.79,2010,30,15.38,131.93
95550,Active,109664,NA,NA,D,10,1,738412.1663,100.99,2006,37,9.14,69.95
95551,Active,111489,NA,NA,D,11,1,347385.9863,98.28,2010,24,19.7,0
95552,Active,3823845,NA,NA,D,0,0,1802678.85,112.95,2002,24,30.28,178.31
95553,Active,280034,NA,NA,D,0,0,4321203.33,220.68,2002,17,15.38,83.39
95554,Active,2490703,NA,NA,D,1,0,2814373.511,51.95,2002,24,4,52.05
95555,Active,230008,NA,NA,D,1,0,1553452.111,32,2002,26,32.99,36.9
95556,Active,903033,NA,NA,D,1,0,2309428.428,97,1994,19,4,48.98
95557,Active,2577501,NA,NA,D,0,0,3813814.959,69.89,1959,26,4,51.29
95558,Active,2614922,NA,NA,D,0,0,3421153.219,110,2005,19,18.02,78.96
95559,Active,645560,NA,NA,D,2,1,1604234.05,34.95,2004,23,22.11,28
95560,Active,3049351,NA,NA,D,2,1,5388594.198,169.95,1995,15,8.72,68.47
95561,Active,3150498,NA,NA,D,1,0,8321155.381,99,2005,10,42.94,95.82
95562,Active,2570270,NA,NA,D,1,0,3259895.253,125,1993,27,6.29,27.98
95563,Active,2801498,NA,NA,D,0,0,4833650.126,45,1994,20,7.93,24.32
95564,Active,913884,NA,NA,D,2,1,441400.2125,36.99,2001,38,4.39,30.98
95565,Active,2527595,NA,NA,D,1,0,542529.7775,42.95,1993,30,4,46.49
95566,Active,2834341,NA,NA,D,4,1,3960909.818,60,2003,21,4,7.99
95567,Active,750771,NA,NA,D,1,0,1328885.276,49.99,2008,22,4,8.99
95568,Active,635042,NA,NA,D,1,0,652932.2925,49.99,2010,29,4.57,53.02
95569,Active,667164,NA,NA,D,1,0,712097.3475,50,2001,40,41.58,43.77
95570,Active,868197,NA,NA,D,1,0,3250735.368,60.8,1993,28,4,25.94
95571,Active,2336121,NA,NA,D,1,0,2494915.82,24,1961,20,4,78.43
95572,Active,2723482,NA,NA,D,1,0,3880144.121,55.95,2000,11,24.84,137.4
95573,Active,2254790,NA,NA,D,5,1,947690.65,55.86,2007,32,0,0
95574,Active,2590509,NA,NA,D,1,0,5922714.554,179.99,1989,15,36.79,105.85
95575,Active,2256357,NA,NA,D,0,0,2053896.126,106.89,2008,29,57.93,121.4
95576,Active,2522811,NA,NA,D,0,0,4011576.05,141.56,1998,24,4,5.66
95577,Active,2892990,NA,NA,D,1,0,547120.5638,39.95,1993,29,20.09,48.99
95578,Active,2614267,NA,NA,D,1,0,4424568.194,110,2004,21,38.09,76.89
95579,Active,2906416,NA,NA,D,1,0,3523630.17,37,1999,16,8.99,87.14
95580,Active,628809,NA,NA,D,7,1,674552.445,146,2007,26,23.54,60.58
95581,Active,901139,NA,NA,D,7,1,3645847.384,65,2003,17,7.02,57.27
95582,Active,2632392,NA,NA,D,0,0,1795513.526,16.95,2000,18,16.95,16.95
95583,Active,3782810,NA,NA,D,5,1,13836272.2,29.95,1995,11,4,0
95584,Active,2382181,NA,NA,D,2,1,4954271.87,129.9,1973,24,4,47.02
95585,Active,3592796,NA,NA,D,1,0,2396780.2,49.5,1994,26,27.38,93.99
95586,Active,2402188,NA,NA,D,1,0,4069865.744,186.42,1970,12,4.47,72.71
95587,Active,2406447,NA,NA,D,0,0,4634251.581,49.95,1993,13,18.9,62.39
95588,Active,289947,NA,NA,D,1,0,1374717.184,100,1995,41,23.91,52.48
95589,Active,905010,NA,NA,D,0,0,7730671.123,47.95,1995,15,14.16,23.96
95590,Active,2137721,NA,NA,D,0,0,1231780.97,40,2006,42,4.49,18.99
95591,Active,289844,NA,NA,D,1,0,371196.45,49.95,2010,26,11.81,63.22
95592,Active,557342,NA,NA,D,1,0,2141237.328,37.6,2007,44,3.41,6.79
95593,Active,2648072,NA,NA,D,2,1,5245955.483,29.95,1997,20,4,12.87
95594,Active,2129306,NA,NA,D,0,0,1974848.958,159,2007,24,20.89,48.86
95595,Active,3959815,NA,NA,D,3,1,4011748.5,0,1996,5,64.95,123.98
95596,Active,116632,NA,NA,D,1,0,2363861.03,38,2004,36,4,17.26
95597,Active,420674,NA,NA,D,1,0,2425953.318,32.67,2003,34,4,9.95
95598,Active,667500,NA,NA,D,1,0,1345388.323,72.95,2009,23,11.71,48.75
95599,Active,2870893,NA,NA,D,5,1,4485266.381,49.95,1996,14,28.54,28.54
95600,Active,289288,NA,NA,D,0,0,1702603.728,209,2004,29,89.81,133.69
95601,Active,912745,NA,NA,D,0,0,2101932.948,219,2003,29,4,33.99
95602,Active,1445605,NA,NA,D,1,0,2113125.921,54.95,2008,16,18.64,54.95
95603,Active,910224,NA,NA,D,6,1,1436927.154,46.95,2009,26,5.19,57.89
95604,Active,2036888,NA,NA,D,0,0,317703.1625,62.64,2008,26,4.44,26.05
95605,Active,3046174,NA,NA,D,0,0,2546808.584,49.28,1997,45,4.4,102.19
95606,Active,2132054,NA,NA,D,0,0,908858.0713,89.95,2010,23,68.89,59.96
95607,Active,1929961,NA,NA,D,0,0,5603116.055,39.95,2012,16,22.79,23.99
95608,Active,561641,NA,NA,D,7,1,2711281.118,48.95,2004,43,4,0
95609,Active,183900,NA,NA,D,4,1,1781282.369,173.95,2003,37,4,12.87
95610,Active,906290,NA,NA,D,1,0,5547769.325,43.95,1998,17,4.86,14.81
95611,Active,421754,NA,NA,D,2,1,1700778.923,31,2007,71,3.93,8.99
95612,Active,563131,NA,NA,D,0,0,844362.84,189,2009,31,142.73,143.15
95613,Active,312043,NA,NA,D,1,0,648143.2938,65.95,2009,22,13.93,53.98
95614,Active,2501689,NA,NA,D,0,0,2399922.586,119,2005,28,38.92,38.93
95615,Active,529845,NA,NA,D,4,1,108524.4988,225.95,2012,29,33.75,84.99
95616,Active,2668963,NA,NA,D,3,1,1720379.896,130.01,1983,23,7.79,78.73
95617,Active,549480,NA,NA,D,1,0,3546057.58,31,2004,18,4,31
95618,Active,2609011,NA,NA,D,1,0,4266988.481,160,1999,23,5.62,42.94
95619,Active,863281,NA,NA,D,10,1,5429596.175,64.99,2005,22,4,52.66
95620,Active,2436219,NA,NA,D,0,0,5622036.249,10,1980,24,4,49.83
95621,Active,148440,NA,NA,D,1,0,1074580.746,40.95,2004,29,4,7.98
95622,Active,3593042,NA,NA,D,0,0,8295223.35,0,1983,10,4,7.98
95623,Active,2833119,NA,NA,D,2,1,2499626.755,64.31,1988,15,6.39,69.25
95624,Active,216934,NA,NA,D,2,1,2000359.109,39.95,2003,21,28.44,74.83
95625,Active,2809554,NA,NA,D,1,0,1546787.833,39.95,1988,10,18.99,101.71
95626,Active,3058033,NA,NA,D,4,1,1322246.125,418.75,2001,14,14.59,191.21
95627,Active,2631139,NA,NA,D,2,1,2099225.05,49.95,1990,15,4,15.98
95628,Active,228700,NA,NA,D,0,0,1812976.726,35.23,2003,46,4,8.67
95629,Active,2028975,NA,NA,D,0,0,2817304.458,29.95,2007,18,5.5,50.1
95630,Active,2840632,NA,NA,D,0,0,2071311.191,64.95,1993,16,7.12,31.49
95631,Active,897237,NA,NA,D,1,0,2245936.929,124,1992,13,20,62.31
95632,Active,2827417,NA,NA,D,0,0,3947890.929,160,1989,18,19.89,119.43
95633,Active,898062,NA,NA,D,2,1,4227220.235,85,2002,17,6.31,55.25
95634,Active,3071025,NA,NA,D,5,1,3150961.785,75,2002,31,4,12.99
95635,Active,636645,NA,NA,D,0,0,902821.4838,298,1998,22,41.44,157.97
95636,Active,633362,NA,NA,D,0,0,1733106.384,69.99,2008,23,9.58,16.04
95637,Active,1468137,NA,NA,D,8,1,3997456.376,55,2006,21,4.97,52.56
95638,Active,2262104,NA,NA,D,8,1,3768051.925,48.34,2009,41,5.59,43.17
95639,Active,2589477,NA,NA,D,0,0,3739263.519,62.5,1975,17,52.03,142.54
95640,Active,2159522,NA,NA,D,0,0,2068468.439,49.99,2007,63,4,9.36
95641,Active,755339,NA,NA,D,1,0,1494949.279,120,2003,24,21.88,45.11
95642,Active,622565,NA,NA,D,0,0,1085323.65,42.5,2006,33,15.47,37.91
95643,Active,3472443,NA,NA,D,2,1,4457709.35,42,1994,20,4.07,6.96
95644,Active,3633732,NA,NA,D,2,1,1695584.15,59.95,2015,42,48.93,45.11
95645,Active,703140,NA,NA,D,2,1,624488.5875,39.99,2002,32,4,14.88
95646,Active,703365,NA,NA,D,1,0,1313134.368,49.99,2007,52,4,6.99
95647,Active,1978938,NA,NA,D,0,0,1493877.358,59.99,2012,15,5.23,48.67
95648,Active,1625761,NA,NA,D,0,0,1023851.339,25.5,2010,29,13.25,18.98
95649,Active,894174,NA,NA,D,2,1,4626338.506,49.95,2002,23,4,54.93
95650,Active,894145,NA,NA,D,2,1,5026378.876,39.95,2005,23,4.6,41.4
95651,Active,650728,NA,NA,D,3,1,1872361.833,46.95,2007,18,5.93,29.21
95652,Active,2649971,NA,NA,D,5,1,2785097.263,471.95,2003,16,45.41,108.64
95653,Active,221794,NA,NA,D,4,1,3367132.898,240,2004,15,132.08,239.99
95654,Active,1900402,NA,NA,D,1,0,1518099.151,39.95,2008,24,4.54,41.58
95655,Active,1872653,NA,NA,D,0,0,2031884.669,39.95,2008,25,4,14.94
95656,Active,3010506,NA,NA,D,4,1,3265908.575,59.95,2002,14,7.37,38.49
95657,Active,3246627,NA,NA,D,4,1,2955136.146,112.42,2002,55,15.87,52.75
95658,Active,159452,NA,NA,D,3,1,546193.625,102,2005,37,10.47,88.94
95659,Active,2777582,NA,NA,D,2,1,1616960.628,69.95,1987,33,4.31,48.39
95660,Active,2897594,NA,NA,D,0,0,1919004.08,39.5,1998,25,45.11,93.59
95661,Active,2615689,NA,NA,D,4,1,2421557.036,45,2002,31,4,8.17
95662,Active,3013408,NA,NA,D,0,0,5917560.709,125,2005,13,4.98,93.81
95663,Active,501816,NA,NA,D,1,0,4507109.241,110,2007,13,14.89,109.92
95664,Active,903349,NA,NA,D,0,0,3230477.511,150,1994,24,8.38,87.97
95665,Active,793594,NA,NA,D,0,0,6650766.45,175,2003,8,138.1,183.17
95666,Active,1889883,NA,NA,D,1,0,2303680.904,41.95,2010,18,4.1,3.34
95667,Active,104582,NA,NA,D,1,0,2373414.699,99.95,1999,23,9.05,138.57
95668,Active,902443,NA,NA,D,0,0,2076138.561,139,2006,24,4,38.97
95669,Active,910361,NA,NA,D,1,0,1209877.86,108,2008,29,19.57,63.94
95670,Active,721407,NA,NA,D,1,0,909367.145,95,2006,24,26.13,73.94
95671,Active,392972,NA,NA,D,1,0,1358116.21,115,2010,20,7.16,63.96
95672,Active,126009,NA,NA,D,1,0,2442374.888,155,2002,18,56.99,79.09
95673,Active,2851746,NA,NA,D,1,0,2469861.239,357,1993,15,43.75,83.93
95674,Active,3462003,NA,NA,D,2,1,3567925.311,185,1999,18,4.97,46.31
95675,Active,3587347,NA,NA,D,1,0,6164518.6,51.95,1995,31,4,12.47
95676,Active,367711,NA,NA,D,0,0,1285729.099,57.95,2005,21,25.77,0
95677,Active,1743112,NA,NA,D,18,1,3579786.145,49,2008,24,4,33.98
95678,Active,2336773,NA,NA,D,0,0,1419959.763,89.5,1988,20,4.23,79.71
95679,Active,2722129,NA,NA,D,0,0,5750840.154,86,1999,15,7.49,13.99
95680,Active,164718,NA,NA,D,1,0,3142934.904,175,1999,22,4.13,26.94
95681,Active,901424,NA,NA,D,0,0,3853842.294,155,1994,15,5.54,13.58
95682,Active,166820,NA,NA,D,3,1,1938917.966,265,2005,16,23.15,0
95683,Active,639350,NA,NA,D,0,0,2068024.628,109,2007,17,49.71,85.43
95684,Active,720642,NA,NA,D,1,0,667045.7525,98,2009,12,6.39,70.98
95685,Active,1724695,NA,NA,D,1,0,3395122.244,177.95,2007,10,71.77,92.29
95686,Active,2851204,NA,NA,D,2,1,2776709.884,239.95,1995,13,60.34,208.33
95687,Active,629471,NA,NA,D,0,0,1963661.73,99,2007,23,51.64,80.16
95688,Active,760707,NA,NA,D,1,0,7943421.321,313,2002,18,48.6,210.99
95689,Active,2040550,NA,NA,D,1,0,4879451.95,75,2008,6,53.89,63.94
95690,Active,266155,NA,NA,D,1,0,3205388.8,175,2005,15,11.71,58.92
95691,Active,529820,NA,NA,D,2,1,1507498.018,179,2009,27,58.38,128.39
95692,Active,654420,NA,NA,D,1,0,838546.13,98,2006,17,9.57,12.99
95693,Active,3794034,NA,NA,D,0,0,2487297.05,219,2010,33,38.24,94.49
95694,Active,225886,NA,NA,D,0,0,1811488.958,119.95,1999,15,37.98,122.84
95695,Active,105681,NA,NA,D,3,1,2499009.08,135,2003,19,24.02,108.11
95696,Active,2349213,NA,NA,D,1,0,3272622.005,99.95,2001,15,41.68,83.99
95697,Active,1923705,NA,NA,D,0,0,2299866.131,479,2011,14,42.99,71.66
95698,Active,156643,NA,NA,D,1,0,3035842.223,42.5,1999,18,4.97,42.5
95699,Active,2561862,NA,NA,D,0,0,3162469.989,94.95,1983,21,4.13,79.16
95700,Active,902784,NA,NA,D,1,0,970079.6138,76.95,2002,24,4,45.89
95701,Active,104235,NA,NA,D,1,0,1740356.405,115,1999,22,4.93,61.73
95702,Active,2129709,NA,NA,D,0,0,3099528.616,168,2010,13,133.19,132.31
95703,Active,903378,NA,NA,D,0,0,4754022.433,289,1989,25,4.75,48.99
95704,Active,2569465,NA,NA,D,2,1,6095225.298,325,1992,16,6.62,38.99
95705,Active,2840579,NA,NA,D,0,0,2197531.291,61,1992,20,4,35.59
95706,Active,699866,NA,NA,D,10,1,1674435.854,54.95,2001,25,4,79.98
95707,Active,863126,NA,NA,D,1,0,4114295.06,145,2003,16,4.35,78.48
95708,Active,270567,NA,NA,D,2,1,2170963.454,259,2009,14,6.94,13.78
95709,Active,827287,NA,NA,D,3,1,5225228.591,41.95,1997,20,4,75.65
95710,Active,2442291,NA,NA,D,0,0,2496135.534,349,1991,27,5.88,51.07
95711,Active,637296,NA,NA,D,1,0,2404314.296,198,2005,23,59.74,146
95712,Active,792994,NA,NA,D,0,0,3282103.041,96.95,1999,16,4,18.98
95713,Active,2525828,NA,NA,D,3,1,2297232.505,99,1990,16,4.13,73.07
95714,Active,3150923,NA,NA,D,1,0,7953904.788,389,2004,11,48.99,173.68
95715,Active,2331082,NA,NA,D,0,0,3229722.429,49.5,1994,17,13.48,37.43
95716,Active,152489,NA,NA,D,0,0,1927913.08,109,2007,32,5.99,56.39
95717,Active,3545851,NA,NA,D,0,0,435049.55,60,2011,39,6.27,36.02
95718,Active,3120666,NA,NA,D,0,0,2234827.999,62.03,2003,14,4,58.71
95719,Active,2723800,NA,NA,D,1,0,986459.9675,185,2004,18,7.76,73.69
95720,Active,2801815,NA,NA,D,0,0,4893668.049,49.95,1996,9,39.86,675
95721,Active,794615,NA,NA,D,1,0,6447425.999,225,2008,16,5.26,118.73
95722,Active,2076289,NA,NA,D,1,0,2119658.513,120,2011,20,35.08,73.86
95723,Active,2892146,NA,NA,D,0,0,2007682.545,249,2003,20,7.27,30.97
95724,Active,104829,NA,NA,D,1,0,2615235.57,99.95,1997,29,8.35,65.21
95725,Active,895756,NA,NA,D,1,0,2497209.419,185,2001,24,19.87,82.23
95726,Active,862715,NA,NA,D,1,0,1943364.14,149.95,1997,14,32.38,126.55
95727,Active,2878587,NA,NA,D,0,0,3431552.046,104,1997,25,7.78,92.03
95728,Active,2337394,NA,NA,D,0,0,1563007.13,59.5,1992,18,26.03,72.87
95729,Active,3083732,NA,NA,D,0,0,3476065.874,349,2003,17,63.7,90.19
95730,Active,3083746,NA,NA,D,1,0,2157954.379,169,2004,16,12.99,16.09
95731,Active,268383,NA,NA,D,1,0,1287620.436,111,2005,42,4,15.57
95732,Active,896153,NA,NA,D,1,0,1781632.593,149.95,1994,18,4.35,50.72
95733,Active,660888,NA,NA,D,1,0,508390.975,90,2013,19,13.98,64.48
95734,Active,2722659,NA,NA,D,1,0,3542162.916,176,2004,15,42.64,161.85
95735,Active,268495,NA,NA,D,3,1,494778.385,125,2008,24,29.98,106.57
95736,Active,1649250,NA,NA,D,3,1,867937.9638,56.75,2012,15,12.35,124.06
95737,Active,500532,NA,NA,D,2,1,3672942.661,439,2010,18,42.79,57.87
95738,Active,863294,NA,NA,D,0,0,3262213.778,119,2005,20,14.53,59.67
95739,Active,104378,NA,NA,D,0,0,1391889.149,125,2000,20,14.8,78.99
95740,Active,3049326,NA,NA,D,3,1,1820519.925,129.95,1995,25,4,9.89
95741,Active,342336,NA,NA,D,2,1,3763655.881,155,2000,16,9.74,73.01
95742,Active,3148830,NA,NA,D,0,0,3977753.659,250,2004,8,33.98,485.09
95743,Active,250588,NA,NA,D,0,0,1444268.924,287,2009,19,73.93,0
95744,Active,139611,NA,NA,D,0,0,1941939.041,229,2001,28,62.99,88.99
95745,Active,900953,NA,NA,D,1,0,2193642.634,185,2001,23,19.13,73.99
95746,Active,898193,NA,NA,D,1,0,6142953.936,38,1979,17,4,50.03
95747,Active,906988,NA,NA,D,1,0,2070183.905,59.95,2006,20,4,59.11
95748,Active,152476,NA,NA,D,0,0,692835.0975,199,2007,32,36.66,25.62
95749,Active,1919382,NA,NA,D,2,1,1581662.155,55,2012,14,23.98,49.94
95750,Active,264582,NA,NA,D,0,0,653772.1063,145,2003,47,23.34,116.99
95751,Active,2580695,NA,NA,D,1,0,1738907.429,84.95,1967,20,72.71,162.54
95752,Active,3512774,NA,NA,D,0,0,3112927.1,99,2005,32,4.6,73.51
95753,Active,167655,NA,NA,D,1,0,1477014.225,145,1997,16,7.28,96.37
95754,Active,788037,NA,NA,D,1,0,3441032.585,74.95,1999,27,4,5.96
95755,Active,863138,NA,NA,D,0,0,2053784.476,279,2003,19,87.59,0
95756,Active,269821,NA,NA,D,0,0,2222205.459,144,2009,22,30.66,73.99
95757,Active,2834323,NA,NA,D,1,0,3053829.33,100,2003,14,15.96,27.02
95758,Active,1709055,NA,NA,D,1,0,3423079.221,260,2006,11,78.98,181.13
95759,Active,295976,NA,NA,D,3,1,2417997.428,57.95,2000,31,4,13.21
95760,Active,915153,NA,NA,D,0,0,3264711.17,63.5,1991,23,4,66.35
95761,Active,264865,NA,NA,D,1,0,2530316.065,159.95,2003,13,30,55.97
95762,Active,788821,NA,NA,D,1,0,4170243.206,42.95,2000,24,4.35,5.86
95763,Active,2341315,NA,NA,D,1,0,2782555.6,77.33,1973,39,4.8,20.99
95764,Active,862952,NA,NA,D,4,1,936537.2825,42.95,2001,18,7.91,36.99
95765,Active,2833384,NA,NA,D,1,0,5947680.473,309.95,1998,8,47.98,243.66
95766,Active,647440,NA,NA,D,1,0,1543527.325,125,2000,17,9.63,121.67
95767,Active,592012,NA,NA,D,5,1,2030157.168,81,2007,18,28.77,205.79
95768,Active,2018430,NA,NA,D,3,1,2466505.938,336,2006,11,264.3,336
95769,Active,164977,NA,NA,D,3,1,1845222.188,295,2001,18,107.49,93.98
95770,Active,152245,NA,NA,D,0,0,1820785.355,109,2006,37,4.65,18.97
95771,Active,2560995,NA,NA,D,1,0,2762263.768,82,1981,22,6.24,49.51
95772,Active,225896,NA,NA,D,1,0,4085057.325,139.95,1998,10,72.99,114.46
95773,Active,152349,NA,NA,D,0,0,1968217.285,209,2006,26,45.65,134.93
95774,Active,631172,NA,NA,D,2,1,2775150.444,67.95,1995,22,4.39,6.59
95775,Active,199466,NA,NA,D,1,0,2065837.045,150,2002,18,77.14,167.04
95776,Active,199467,NA,NA,D,0,0,1539147.066,77,2005,18,15.72,119.47
95777,Active,1742661,NA,NA,D,3,1,1623480.2,59.95,2012,12,60.02,56.55
95778,Active,555392,NA,NA,D,0,0,1460226.205,41.95,2001,27,4,22.98
95779,Active,863211,NA,NA,D,1,0,1161236.8,95,2004,16,11.82,45.88
95780,Active,300250,NA,NA,D,1,0,452497.345,67,2005,24,4.96,59.07
95781,Active,864451,NA,NA,D,1,0,644084.6625,99.95,2013,68,58.84,63.16
95782,Active,2437093,NA,NA,D,1,0,2189407.663,200,1997,18,33.97,48.94
95783,Active,863404,NA,NA,D,1,0,1418786.228,209.95,2006,14,94.39,0
95784,Active,295960,NA,NA,D,1,0,3000203.228,62.95,1997,16,4.39,27.53
95785,Active,2697727,NA,NA,D,1,0,3685645.81,69.95,1999,18,5.87,51.53
95786,Active,799906,NA,NA,D,0,0,2431224.649,185,2006,19,39.79,108.73
95787,Active,3470492,NA,NA,D,2,1,1978017.3,41.95,2000,27,4.57,53.2
95788,Active,3470493,NA,NA,D,3,1,3558037.4,54.95,2003,32,7.54,35.98
95789,Active,863510,NA,NA,D,5,1,1061019.203,129,2007,25,43.59,91
95790,Active,563183,NA,NA,D,0,0,335267.6863,119,1998,46,7.27,39.19
95791,Active,2832460,NA,NA,D,1,0,2320303.788,319.95,2001,17,29.74,36.17
95792,Active,3467521,NA,NA,D,1,0,1301513.6,140,1997,25,17.96,66.93
95793,Active,858758,NA,NA,D,5,1,2073905.063,108.8,2000,21,14.37,18.98
95794,Active,2064999,NA,NA,D,0,0,2006230.546,179,2009,24,21.53,45.81
95795,Active,3748957,NA,NA,D,0,0,434632.9,45,2015,49,29.94,31.17
95796,Active,893985,NA,NA,D,1,0,3285434.605,175.95,1999,12,24.91,95.05
95797,Active,2502328,NA,NA,D,0,0,2101365.149,169,1996,26,57.19,88.98
95798,Active,793902,NA,NA,D,1,0,3486745.309,310,2005,11,57.6,193.19
95799,Active,794588,NA,NA,D,1,0,2134508.014,104.95,2005,15,82.86,83.99
95800,Active,666294,NA,NA,D,1,0,1355876.376,130.95,2009,29,77.39,0
95801,Active,112907,NA,NA,D,1,0,1700241.533,139,2000,38,4,16.99
95802,Active,1724872,NA,NA,D,1,0,5799081.528,199.95,2006,15,50.29,102.73
95803,Active,1651497,NA,NA,D,1,0,1682133.563,112,2006,22,79.52,126.99
95804,Active,789396,NA,NA,D,5,1,5467731.349,54.95,2004,18,4.98,10.78
95805,Active,266133,NA,NA,D,0,0,3371052.739,109,2004,20,9.39,57.79
95806,Active,889815,NA,NA,D,0,0,1931498.606,99,2004,14,29.81,53.9
95807,Active,261303,NA,NA,D,1,0,2157153.598,80,1999,26,5.13,18.84
95808,Active,826245,NA,NA,D,0,0,3413525.579,38.95,1991,31,6.39,73.15
95809,Active,3833635,NA,NA,D,0,0,1500710.85,0,2005,20,8.48,72.77
95810,Active,901314,NA,NA,D,1,0,3063423.585,185,2002,18,15.33,126.98
95811,Active,914056,NA,NA,D,1,0,1381000.911,275,1988,32,4,62.52
95812,Active,203812,NA,NA,D,5,1,4660742.785,59.95,2005,18,5.97,31.26
95813,Active,789181,NA,NA,D,4,1,3968881.801,49.95,2002,27,5.7,33.99
95814,Active,2575656,NA,NA,D,1,0,4210281.313,169,1987,21,5.6,56.97
95815,Active,829743,NA,NA,D,4,1,8880070.269,54.95,1984,15,4,22.59
95816,Active,828767,NA,NA,D,5,1,1299412.036,49,1994,25,4,49
95817,Active,199137,NA,NA,D,1,0,3102730.863,59.95,2002,29,4,7.98
95818,Active,582113,NA,NA,D,2,1,3272429.391,279.95,2003,11,66.99,94.11
95819,Active,1724807,NA,NA,D,1,0,2568968.008,172.95,2009,12,76.04,77.49
95820,Active,2348882,NA,NA,D,1,0,2904256.018,131,2000,18,16.52,105.22
95821,Active,370229,NA,NA,D,0,0,3674372.414,219.95,1997,17,4.75,13.29
95822,Active,900596,NA,NA,D,1,0,1084905.434,156,2000,21,4.55,35.79
95823,Active,800076,NA,NA,D,1,0,587162.6263,84.95,2004,21,10.61,38.9
95824,Active,839886,NA,NA,D,3,1,1413269.495,252.06,1973,16,4,676.97
95825,Active,901685,NA,NA,D,1,0,3436821.74,109.95,1999,18,4.32,87.85
95826,Active,2336951,NA,NA,D,1,0,4089294.599,103.98,1971,22,4,101.41
95827,Active,510604,NA,NA,D,0,0,3613012.38,999,2007,9,346.73,224.98
95828,Active,901175,NA,NA,D,4,1,1060036.456,149.95,2007,14,93.46,148.99
95829,Active,2801875,NA,NA,D,0,0,9904621.931,99.95,1995,9,10.4,35.78
95830,Active,203411,NA,NA,D,6,1,2555955.179,49.95,2003,21,4.69,5.29
95831,Active,908740,NA,NA,D,3,1,2767146.79,95,2003,23,14.74,38.98
95832,Active,863412,NA,NA,D,0,0,1937646.145,809,2006,14,276.45,396.68
95833,Active,897196,NA,NA,D,2,1,2176379.91,105,1996,19,11.97,55.85
95834,Active,907348,NA,NA,D,0,0,2456041.064,89.5,1986,21,8.4,59.87
95835,Active,909243,NA,NA,D,6,1,1544852.449,495,2009,15,166.89,191.29
95836,Active,3600077,NA,NA,D,5,1,3394816.7,0,2005,16,250.76,297.71
95837,Active,1867634,NA,NA,D,2,1,2833514.858,209.95,2009,14,134.67,146.57
95838,Active,165959,NA,NA,D,1,0,2535174.965,390,2003,17,36.9,139.33
95839,Active,660466,NA,NA,D,0,0,1931899.126,183.95,2006,20,88.74,213.96
95840,Active,2337034,NA,NA,D,2,1,2909368.67,95,1992,27,4,28.13
95841,Active,2337040,NA,NA,D,3,1,2289450.208,105,1996,24,8.1,41.31
95842,Active,563015,NA,NA,D,0,0,1629127.954,429,2008,20,66.16,63.8
95843,Active,481453,NA,NA,D,1,0,1136070.61,130.95,2009,17,22.75,68.89
95844,Active,637756,NA,NA,D,2,1,959574.5288,199.95,2012,18,177.26,130.54
95845,Active,1699820,NA,NA,D,1,0,1091570.469,110,2009,25,4.78,78.26
95846,Active,2363353,NA,NA,D,1,0,2605994.92,230,1997,20,4.25,174.97
95847,Active,566552,NA,NA,D,0,0,3982479.851,232,2003,13,9.23,146.29
95848,Active,165242,NA,NA,D,0,0,3412589.559,232,2003,18,4.98,72.75
95849,Active,761321,NA,NA,D,0,0,2416914.604,132,2004,21,25.99,77.47
95850,Active,165253,NA,NA,D,0,0,3607909.108,232,2003,18,4,83.24
95851,Active,2567869,NA,NA,D,0,0,3456987.128,232,2003,19,8.96,53.01
95852,Active,2724065,NA,NA,D,0,0,1209156.413,150,2003,15,10.42,81.08
95853,Active,221689,NA,NA,D,2,1,2021170.42,309.95,1997,13,11.08,121.88
95854,Active,628971,NA,NA,D,1,0,1068753.289,82,2004,20,6.35,19.24
95855,Active,245675,NA,NA,D,0,0,1431492.456,379,2004,25,27.38,80.57
95856,Active,2382825,NA,NA,D,0,0,6218378.203,236.38,1970,12,12.98,104.71
95857,Active,794014,NA,NA,D,0,0,7911892.776,265,2004,14,56.43,205.77
95858,Active,2722109,NA,NA,D,6,1,4086619.935,233,2002,19,24.04,57.1
95859,Active,3577831,NA,NA,D,5,1,6274524.6,69.95,1991,33,4.12,17.99
95860,Active,2802290,NA,NA,D,0,0,9879254.333,250,2001,4,12.01,83.99
95861,Active,912037,NA,NA,D,1,0,446810.3725,117,2004,18,4,103.91
95862,Active,3116084,NA,NA,D,0,0,5963208.065,80,2005,10,6.38,67.51
95863,Active,659476,NA,NA,D,1,0,1964255.858,114.95,2007,24,4.23,80.73
95864,Active,2112430,NA,NA,D,0,0,2447676.659,245,2012,13,36.84,176.94
95865,Active,1727809,NA,NA,D,0,0,1852023.933,53,2012,11,38.44,42.17
95866,Active,2130967,NA,NA,D,0,0,3360842.301,186,2012,11,72.06,133.34
95867,Active,3101155,NA,NA,D,0,0,1384507.509,45.99,2000,18,42.88,45.99
95868,Active,1556342,NA,NA,D,1,0,4431955.769,340,2010,11,44.87,293.75
95869,Active,793405,NA,NA,D,2,1,1832049.039,335,2002,14,5.94,142.01
95870,Active,897738,NA,NA,D,1,0,626970.9563,239,2005,17,4.77,4.99
95871,Active,821973,NA,NA,D,2,1,6094944.406,25.95,1990,12,5.97,6.49
95872,Active,1699798,NA,NA,D,1,0,3424414.713,246,2008,12,35,184.23
95873,Active,1534263,NA,NA,D,0,0,1351445.893,119,2009,20,57.05,84.29
95874,Active,1703189,NA,NA,D,0,0,747719.2588,53,2010,18,7.89,66.36
95875,Active,670470,NA,NA,D,1,0,1584055.096,65,2005,22,8.98,60.11
95876,Active,529760,NA,NA,D,2,1,1444041.906,115,2010,20,15.68,82.07
95877,Active,903353,NA,NA,D,1,0,3992427.23,180,1999,24,46.59,38.97
95878,Active,623282,NA,NA,D,1,0,1995855.735,229.95,2000,28,13.01,72.21
95879,Active,835630,NA,NA,D,1,0,2632194.716,176,1994,23,19.98,69.29
95880,Active,2342067,NA,NA,D,2,1,2507816.976,92.5,1988,20,22.06,88.5
95881,Active,3792547,NA,NA,D,3,1,2580044.4,44.95,2005,22,3.99,13.49
95882,Active,2678700,NA,NA,D,1,0,4682641.458,59.95,1995,20,4,8.99
95883,Active,192882,NA,NA,D,4,1,2522202.899,190,2002,25,45.19,50.99
95884,Active,830110,NA,NA,D,1,0,2497423.563,57.95,1997,29,15.68,45.58
95885,Active,894306,NA,NA,D,1,0,3993132.663,120,2008,14,28.98,78.87
95886,Active,268328,NA,NA,D,1,0,1590957.879,114,2004,21,5.74,23.98
95887,Active,868006,NA,NA,D,0,0,3950084.918,99,1994,28,4,43.26
95888,Active,206375,NA,NA,D,1,0,1872304.258,73.95,2006,25,22.37,67.1
95889,Active,633335,NA,NA,D,0,0,1304726.839,89.99,2008,22,51.79,70.47
95890,Active,790252,NA,NA,D,1,0,4620335.079,185,2000,23,4.13,114.05
95891,Active,299909,NA,NA,D,2,1,1514602.376,57.95,2001,25,4.46,9.38
95892,Active,863387,NA,NA,D,0,0,1841213.929,109.95,2006,12,73.88,0
95893,Active,755336,NA,NA,D,2,1,1799819.734,630,2003,12,32.86,179.39
95894,Active,762400,NA,NA,D,1,0,4415188.596,415,2001,18,6.47,70.13
95895,Active,2344669,NA,NA,D,1,0,2491439.676,92.5,1990,36,4,33.92
95896,Active,906931,NA,NA,D,1,0,2583350.409,185,2001,16,9.73,126.76
95897,Active,158063,NA,NA,D,1,0,493148.745,70,2004,33,25.04,63.94
95898,Active,882359,NA,NA,D,0,0,4617667.528,149.95,1997,8,28.98,88.99
95899,Active,391302,NA,NA,D,1,0,2310533.27,74.95,2000,18,4,13.84
95900,Active,3111822,NA,NA,D,1,0,2280333.581,52.99,2003,19,4,50.27
95901,Active,164009,NA,NA,D,1,0,2889232.2,270,1999,22,8.25,62.15
95902,Active,2415717,NA,NA,D,1,0,2201874.469,165,1978,27,17.96,63.98
95903,Active,913531,NA,NA,D,0,0,3450693.583,319,2003,23,68.07,68.01
95904,Active,859690,NA,NA,D,2,1,3390662.019,205,2008,17,21.68,157.17
95905,Active,1533844,NA,NA,D,0,0,2298354.75,299,2007,22,45.41,11.76
95906,Active,838332,NA,NA,D,1,0,3152930.321,320,2007,10,153.98,284.74
95907,Active,836708,NA,NA,D,2,1,3317125.255,220,2000,15,72.67,124.04
95908,Active,1436218,NA,NA,D,2,1,483618.7325,199,2011,48,10.99,26.22
95909,Active,2561949,NA,NA,D,2,1,5039085.48,0,1984,11,23.99,0
95910,Active,264953,NA,NA,D,1,0,1102823.909,104.95,2006,16,11.02,82.96
95911,Active,439351,NA,NA,D,0,0,1065278.38,119,2005,25,20,28.99
95912,Active,920890,NA,NA,D,1,0,529866.0813,75,1994,50,4,8.76
95913,Active,793618,NA,NA,D,1,0,5364220.256,225,2004,16,22.09,70.15
95914,Active,1703247,NA,NA,D,1,0,1925671.726,53,2010,18,19.65,48.44
95915,Active,1703253,NA,NA,D,0,0,2353611.381,80,2010,17,23.86,23.9
95916,Active,268384,NA,NA,D,1,0,1190199.965,110,2005,22,4.94,60.47
95917,Active,623558,NA,NA,D,1,0,230403.0963,55,2008,30,12.3,48.99
95918,Active,510905,NA,NA,D,0,0,2367173.571,279,2010,10,49.57,41.97
95919,Active,2768574,NA,NA,D,0,0,576810.3375,36.99,2001,20,20.39,42.42
95920,Active,1563089,NA,NA,D,1,0,2222921.886,400,2006,13,81.67,85.97
95921,Active,1445383,NA,NA,D,3,1,3312748.331,370,2007,19,101.56,327.87
95922,Active,896420,NA,NA,D,1,0,3222775.036,75,1997,18,4.76,66.82
95923,Active,219026,NA,NA,D,0,0,1090523.285,70,2003,29,4,59.03
95924,Active,873567,NA,NA,D,3,1,304924.8738,202.95,2006,34,4,59.01
95925,Active,127459,NA,NA,D,0,0,862856.2538,32.95,2008,33,8.2,47.27
95926,Active,2541862,NA,NA,D,1,0,3390350.07,135,2003,13,24.51,135
95927,Active,195094,NA,NA,D,0,0,4141661.853,79,2007,8,64.97,79
95928,Active,195095,NA,NA,D,0,0,929448.0025,29.95,2007,27,4,0
95929,Active,627908,NA,NA,D,1,0,546216.575,41.95,2012,27,4.97,33.99
95930,Active,2396478,NA,NA,D,0,0,1329335.49,61.1,2002,40,4,23.94
95931,Active,2396480,NA,NA,D,1,0,731505.425,74.3,2002,35,5.03,10.18
95932,Active,2396334,NA,NA,D,1,0,2437016.838,17.53,2002,25,6.47,11.19
95933,Active,554608,NA,NA,D,4,1,698412.095,60.55,2005,23,35.82,50.78
95934,Active,2396316,NA,NA,D,1,0,183350.48,89.8,2002,75,5.58,7.99
95935,Active,2396629,NA,NA,D,1,0,313782.12,8.3,2005,26,4.32,8.94
95936,Active,554610,NA,NA,D,1,0,1287992.986,70.7,2005,37,6.37,55.74
95937,Active,2816820,NA,NA,D,0,0,826205.8963,24.95,1993,44,4,15.27
95938,Active,3584205,NA,NA,D,2,1,13197303.3,16,1983,15,4,65.46
95939,Active,3584245,NA,NA,D,3,1,5989265.4,28.5,1989,29,4,28.38
95940,Active,2404459,NA,NA,D,0,0,3102968.3,49.95,1988,12,24.93,2632.99
95941,Active,3486404,NA,NA,D,1,0,3682683.2,69,1994,19,43.98,161.83
95942,Active,2431072,NA,NA,D,5,1,467088.5413,67.53,1985,24,4,49.85
95943,Active,2431112,NA,NA,D,6,1,5358892.921,43.47,1990,17,5.97,33.99
95944,Active,746959,NA,NA,D,0,0,1721609.434,34.1,1997,11,12.98,14.98
95945,Active,254125,NA,NA,D,1,0,1697076.764,120.95,2009,31,4,16.93
95946,Active,2326877,NA,NA,D,6,1,640907.19,55,2002,26,9.14,66.97
95947,Active,2338321,NA,NA,D,13,1,2281482.518,99,1994,45,4.35,51.68
95948,Active,2350631,NA,NA,D,16,1,3558997.291,85,2005,13,24.11,29.99
95949,Active,920091,NA,NA,D,1,0,2174360.468,98,2007,40,4,6.97
95950,Active,700229,NA,NA,D,16,1,3020946.68,79.46,2005,45,4.55,54.87
95951,Active,2821413,NA,NA,D,1,0,1855714.498,40,1996,17,10.76,16.97
95952,Active,619332,NA,NA,D,1,0,17445.52,75,2011,38,27.88,50.49
95953,Active,721332,NA,NA,D,1,0,1287894.289,45,2005,29,7.04,53.99
95954,Active,2257618,NA,NA,D,13,1,10946456.52,65.39,2011,20,53.59,65.38
95955,Active,2204472,NA,NA,D,0,0,1368494.515,95,2010,38,21.78,38.99
95956,Active,2434527,NA,NA,D,6,1,9483930.05,0,1974,11,6.65,0
95957,Active,859011,NA,NA,D,1,0,1986817.609,56.95,2003,35,4,9.99
95958,Active,762533,NA,NA,D,1,0,3476575.589,75,1997,15,11.98,60.13
95959,Active,2733064,NA,NA,D,0,0,2845309.386,59.95,1996,31,8.46,71.83
95960,Active,645449,NA,NA,D,15,1,1108660.269,187,2007,28,46.81,113.99
95961,Active,166865,NA,NA,D,1,0,533512.8125,150,2005,24,28.98,120.45
95962,Active,545078,NA,NA,D,2,1,528045.5663,203.95,2008,37,13.05,108.48
95963,Active,788004,NA,NA,D,1,0,1987904.829,50.95,1998,16,6.04,8.98
95964,Active,1867444,NA,NA,D,0,0,1682868.986,99.95,2008,20,9.3,68.34
95965,Active,270607,NA,NA,D,1,0,237687,69.99,2010,27,22.97,0
95966,Active,662832,NA,NA,D,2,1,5471991.333,149,2008,12,84.68,131.73
95967,Active,671148,NA,NA,D,4,1,1821792.66,499.99,2006,13,78.29,164.39
95968,Active,2635482,NA,NA,D,1,0,353609.1025,39.95,2003,45,13.97,25.19
95969,Active,181847,NA,NA,D,1,0,782101.1325,56,2004,75,4,19.24
95970,Active,3134312,NA,NA,D,1,0,1394214.018,21.95,2004,18,23.98,77.26
95971,Active,277284,NA,NA,D,1,0,1065090.721,21.95,2004,20,25.53,38.99
95972,Active,2885926,NA,NA,D,0,0,1877929.049,76,2002,13,52.3,73.2
95973,Active,2836596,NA,NA,D,1,0,2163055.755,53.95,1995,43,4,8.03
95974,Active,165475,NA,NA,D,2,1,2609939.703,89.95,2001,26,4,45.15
95975,Active,287305,NA,NA,D,1,0,1361538.138,90,2010,37,9.51,14.37
95976,Active,1656798,NA,NA,D,1,0,3310648.918,44.24,2006,14,4,9.95
95977,Active,743844,NA,NA,D,3,1,6638433.264,113,2007,12,9.04,45.68
95978,Active,1518366,NA,NA,D,4,1,6393988.923,128.95,2011,12,40.03,39.99
95979,Active,872570,NA,NA,D,3,1,2126603.169,57.29,2005,38,3.99,57.29
95980,Active,264314,NA,NA,D,1,0,1024172.569,44.95,2006,49,4,9.54
95981,Active,537518,NA,NA,D,34,1,1044412.351,54.25,2012,40,4,22.65
95982,Active,1592731,NA,NA,D,0,0,4362468.989,109.99,2006,22,13.64,59.67
95983,Active,439520,NA,NA,D,0,0,2306040.094,149,2007,22,63.92,114.72
95984,Active,874005,NA,NA,D,6,1,1276033.501,56.85,2004,37,6.16,45.38
95985,Active,742278,NA,NA,D,4,1,465777.6338,143.41,2009,18,18.99,63.5
95986,Active,718505,NA,NA,D,1,0,5833364.106,99,1997,18,6.45,48.91
95987,Active,556046,NA,NA,D,1,0,2067493.206,110,2004,26,4.97,56.29
95988,Active,108179,NA,NA,D,3,1,3390778.446,97,2002,25,4,45.31
95989,Active,200560,NA,NA,D,1,0,1026089.475,82.95,2011,36,7.59,51.99
95990,Active,1908200,NA,NA,D,3,1,8079245.965,150,2011,12,4,12.98
95991,Active,875537,NA,NA,D,0,0,3527542.911,46.9,1996,19,6.61,73.83
95992,Active,200267,NA,NA,D,1,0,525449.7388,48.95,2004,41,4,22.43
95993,Active,2820510,NA,NA,D,0,0,3337162.071,99.99,1999,23,5.26,29.02
95994,Active,2841488,NA,NA,D,0,0,7449766.2,39.2,1994,13,5.49,55.89
95995,Active,895592,NA,NA,D,0,0,3085585.43,50.95,2006,17,24.38,50.95
95996,Active,3559798,NA,NA,D,6,1,3939998.65,48.95,2002,37,4,5.49
95997,Active,636734,NA,NA,D,1,0,1098282.106,75,2011,19,20.53,73.57
95998,Active,636542,NA,NA,D,1,0,4403907.339,69.95,2004,21,4,65.58
95999,Active,913619,NA,NA,D,0,0,5331402.711,45.95,1992,28,4,0
96000,Active,909386,NA,NA,D,1,0,703108.3775,56.95,2012,18,36.98,108.82
96001,Active,223028,NA,NA,D,1,0,981937.185,106.95,2001,21,4.53,9.14
96002,Active,2354525,NA,NA,D,2,1,3728446.053,24.95,2004,15,4,29.96
96003,Active,2648741,NA,NA,D,1,0,5499469.163,73.95,2004,18,3.9,45.15
96004,Active,896352,NA,NA,D,1,0,4103512.184,156.2,1989,16,4.28,72.24
96005,Active,711205,NA,NA,D,1,0,3680423.408,68.6,2002,32,4,15
96006,Active,549301,NA,NA,D,0,0,4718178.03,60,1998,13,6.96,49.39
96007,Active,2820469,NA,NA,D,1,0,3904084.76,32.99,1998,23,3.95,10.98
96008,Active,298920,NA,NA,D,1,0,315393.4575,83.95,2010,18,61.99,0
96009,Active,333551,NA,NA,D,0,0,1647550.228,129,2006,22,6.69,7.13
96010,Active,404783,NA,NA,D,1,0,3278876.244,59,2006,15,4.77,48.99
96011,Active,659821,NA,NA,D,1,0,1314964.331,54.95,2009,22,37.91,39.98
96012,Active,3067324,NA,NA,D,0,0,1815995.366,55,2004,15,5.48,36.89
96013,Active,242321,NA,NA,D,9,1,1247102.336,50,2003,24,5.97,53.18
96014,Active,666549,NA,NA,D,1,0,5248986.563,77.95,2008,12,4,6.21
96015,Active,2402191,NA,NA,D,0,0,6407722.039,17.95,1971,18,6.37,52.31
96016,Active,721002,NA,NA,D,1,0,3563255.686,45,2004,19,43.93,107.49
96017,Active,2679880,NA,NA,D,5,1,5791710.258,63.99,2001,18,5.14,63.95
96018,Active,192825,NA,NA,D,6,1,3339645.644,249.11,2001,16,6.73,18.94
96019,Active,1468036,NA,NA,D,1,0,3834283.826,80,2007,18,35.42,56.66
96020,Active,280515,NA,NA,D,2,1,2020534.085,129,2006,16,20.79,63.99
96021,Active,3475411,NA,NA,D,1,0,1288800.55,101,1999,25,9.98,38.99
96022,Active,868911,NA,NA,D,3,1,874109.2525,62.06,2007,11,28.14,28.14
96023,Active,2565737,NA,NA,D,0,0,3284142.43,101.35,1965,14,13.57,73.27
96024,Active,2833437,NA,NA,D,1,0,2471087.383,339.95,2000,10,155.29,105.49
96025,Active,641799,NA,NA,D,1,0,773910.2438,218.95,2002,32,21.72,0
96026,Active,904804,NA,NA,D,0,0,4256583.983,139.55,1997,21,5.67,31.36
96027,Active,698928,NA,NA,D,10,1,1254682.575,50.13,2009,16,41.64,48.25
96028,Active,3788058,NA,NA,D,0,0,1458451.6,34.95,1900,18,23.27,66.75
96029,Active,873987,NA,NA,D,3,1,921275.115,29.28,2003,15,22.97,29.28
96030,Active,627489,NA,NA,D,2,1,600748.9963,154.95,2009,32,31.3,125.44
96031,Active,2600714,NA,NA,D,1,0,5707758.938,99.99,1994,19,24.91,85.55
96032,Active,2614755,NA,NA,D,0,0,2459592.23,99.99,2004,22,28.98,48.43
96033,Active,2609441,NA,NA,D,1,0,3477278.921,139.99,2000,20,34.29,85.75
96034,Active,2794411,NA,NA,D,0,0,895335.5725,10.95,1987,29,8.49,32.55
96035,Active,1736822,NA,NA,D,0,0,25789.15625,49.99,2008,24,27.99,32.47
96036,Active,3081763,NA,NA,D,0,0,2315979.651,79.95,2004,14,35,78.97
96037,Active,1778262,NA,NA,D,1,0,244449.8763,95,2013,13,46.79,48.52
96038,Active,907326,NA,NA,D,1,0,2235291.964,65,2004,22,4.06,35.58
96039,Active,2612058,NA,NA,D,1,0,3877533.099,124.99,2001,27,50.89,106.8
96040,Active,2774728,NA,NA,D,0,0,2648443.768,45,2001,16,21.05,149.51
96041,Active,1468437,NA,NA,D,0,0,2726508.383,125,2007,22,24.99,98.27
96042,Active,2602727,NA,NA,D,0,0,1041569.648,100,2000,21,38.95,83.58
96043,Active,2614541,NA,NA,D,1,0,1199124.511,109.99,2004,21,12.98,23.9
96044,Active,2615319,NA,NA,D,1,0,2821547.921,115,2005,22,33.55,78.94
96045,Active,1648604,NA,NA,D,0,0,3501273.656,26.5,2009,15,8.91,27.41
96046,Active,2597976,NA,NA,D,1,0,3221343.096,99.99,1991,20,20.31,68.23
96047,Active,2588651,NA,NA,D,0,0,2903999.286,72.99,1973,19,12.96,134.97
96048,Active,1537925,NA,NA,D,0,0,584895.7138,34.95,2012,22,14.74,27.52
96049,Active,2609489,NA,NA,D,0,0,3444085.201,149.99,2000,20,53.39,126.21
96050,Active,3529124,NA,NA,D,1,0,2629885.2,94.99,2010,42,14.22,83.29
96051,Active,1580727,NA,NA,D,1,0,2176546.505,94.99,2009,20,46.83,81.38
96052,Active,2528691,NA,NA,D,0,0,969160.28,18.95,1991,16,11.98,81.62
96053,Active,3041461,NA,NA,D,1,0,2002680.191,19.95,1999,20,8,28.84
96054,Active,3880472,NA,NA,D,1,0,864988.8,39.99,2005,34,12.72,59.92
96055,Active,3925700,NA,NA,D,0,0,746508.3,34.95,1998,53,18.99,25.58
96056,Active,621268,NA,NA,D,1,0,169099.2263,75,2006,42,11.32,64.38
96057,Active,3113740,NA,NA,D,1,0,1624257.285,32.95,2004,16,6.81,19.8
96058,Active,266718,NA,NA,D,0,0,987705.2938,39.95,2005,44,4,40.04
96059,Active,914349,NA,NA,D,1,0,296884.54,80,2002,30,4,16.89
96060,Active,615923,NA,NA,D,3,1,543681.3625,45.56,1981,65,4,31.01
96061,Active,666115,NA,NA,D,1,0,2870034.653,75.95,2000,23,4.53,45.19
96062,Active,261331,NA,NA,D,0,0,1485712.885,35,2001,36,4,28.11
96063,Active,159445,NA,NA,D,4,1,2232723.601,259,2005,16,9.6,73.15
96064,Active,444574,NA,NA,D,5,1,2639494.586,437.95,2008,16,21.94,217.04
96065,Active,621026,NA,NA,D,1,0,1627224.539,106,2006,33,4.93,12.67
96066,Active,217676,NA,NA,D,1,0,1958088,57.99,2000,37,4,9.39
96067,Active,628538,NA,NA,D,2,1,2982636.829,34.95,1999,17,4,8.47
96068,Active,643868,NA,NA,D,1,0,924559.22,365,2010,18,195.44,0
96069,Active,655743,NA,NA,D,1,0,2626662.349,175,2008,8,26.53,129.98
96070,Active,645341,NA,NA,D,1,0,1950158.016,193.95,2007,20,23.2,89.37
96071,Active,264266,NA,NA,D,1,0,407709.6513,44.95,2006,30,17.98,28.99
96072,Active,907312,NA,NA,D,1,0,2947787.096,97.95,2008,10,10.8,16.76
96073,Active,478801,NA,NA,D,5,1,1304891.114,399.99,2005,29,84.84,88.99
96074,Active,129098,NA,NA,D,1,0,1707703.261,60,2006,16,19.51,52.43
96075,Active,725211,NA,NA,D,0,0,16163269.45,26,1997,3,13.99,0
96076,Active,2602771,NA,NA,D,0,0,1598931.136,109.99,1996,22,5.77,32.94
96077,Active,3083702,NA,NA,D,1,0,1935474.556,135,2005,17,8.23,4.02
96078,Active,510589,NA,NA,D,2,1,7750623.546,199,2005,8,33.99,99.98
96079,Active,2844068,NA,NA,D,0,0,3714023.433,521.13,1978,18,24.61,383.49
96080,Active,3618065,NA,NA,D,3,1,3354105.75,75,1988,40,43.98,92.46
96081,Active,2853495,NA,NA,D,2,1,1979750.436,59.95,1996,34,4.97,54.33
96082,Active,3600067,NA,NA,D,2,1,5399544.75,65,2002,15,5.4,6.39
96083,Active,908490,NA,NA,D,1,0,2591086.176,52.95,2003,22,4,6.98
96084,Active,2679168,NA,NA,D,2,1,1833567.664,129,1994,20,4.59,122.51
96085,Active,719991,NA,NA,D,0,0,440157.27,99,2001,39,4.98,33.48
96086,Active,661243,NA,NA,D,1,0,670562.605,83.95,2010,38,73.44,73.48
96087,Active,2774974,NA,NA,D,1,0,1781293.203,66.95,2005,20,17.59,77.46
96088,Active,2379107,NA,NA,D,1,0,1141067.675,44,1996,22,4,28.34
96089,Active,1677674,NA,NA,D,0,0,253245.5163,27.99,2014,32,6.47,6.47
96090,Active,1548864,NA,NA,D,1,0,1453695.533,57.95,2013,17,28.89,31.92
96091,Active,2783375,NA,NA,D,0,0,417758.9925,65,2002,43,7.31,10.95
96092,Active,632773,NA,NA,D,1,0,817752.9513,50,1996,35,7.24,54.69
96093,Active,2607234,NA,NA,D,0,0,1341798.395,39.99,2003,25,25.65,36.63
96094,Active,1593222,NA,NA,D,0,0,4719986.8,119.99,2007,22,33.76,84.25
96095,Active,2590737,NA,NA,D,1,0,2103878.464,140,1989,16,27.09,94.65
96096,Active,3504383,NA,NA,D,2,1,5899253.3,74.95,2015,0,0,0
96097,Active,3129810,NA,NA,D,0,0,1214053.21,95,1994,28,16.33,53.98
96098,Active,50870,NA,NA,D,5,1,625056.5425,103,2006,23,43.49,153.06
96099,Active,2027253,NA,NA,D,1,0,1005984.061,94.95,2009,16,77.34,66.67
96100,Active,465674,NA,NA,D,1,0,821622.165,49.5,2004,41,15.92,31.97
96101,Active,2605410,NA,NA,D,0,0,8298042.434,119.99,1997,18,26.34,116.02
96102,Active,3854412,NA,NA,D,1,0,1624427.2,99,1900,25,8.49,72.98
96103,Active,912669,NA,NA,D,7,1,1238674.454,40,2009,36,4,40
96104,Active,143138,NA,NA,D,2,1,1788263.715,38,2006,35,4.74,31.49
96105,Active,143098,NA,NA,D,5,1,2332634.135,36,2005,23,5.39,15.98
96106,Active,1506201,NA,NA,D,8,1,1096301.188,42,2010,25,9.89,9.94
96107,Active,909485,NA,NA,D,1,0,1512237.62,92.95,2005,37,4.98,33.42
96108,Active,2394330,NA,NA,D,0,0,1844904.525,36.96,2005,33,3.99,34.36
96109,Active,2333257,NA,NA,D,0,0,2443032.346,78.89,1984,16,4,51.08
96110,Active,2579993,NA,NA,D,1,0,2492342.594,145,1996,22,10.93,54.19
96111,Active,2673080,NA,NA,D,0,0,2703366.999,59.95,2003,17,15.84,69.95
96112,Active,2179182,NA,NA,D,1,0,1785528.478,59.95,2008,25,4,36.97
96113,Active,2094542,NA,NA,D,0,0,1198860.908,29.95,2009,13,4.93,23.99
96114,Active,690308,NA,NA,D,0,0,261899.9188,26.5,2008,16,13.98,26.5
96115,Active,226589,NA,NA,D,2,1,3692138.744,167,2001,16,60.86,149.37
96116,Active,3198375,NA,NA,D,2,1,3537831.255,0,2000,11,25.46,72.85
96117,Active,280512,NA,NA,D,0,0,1196275.168,119,2006,25,74.23,81.65
96118,Active,1487732,NA,NA,D,0,0,1947186.126,115,2010,40,10.05,17.34
96119,Active,270027,NA,NA,D,1,0,1641738.341,203,2008,18,5.24,193.99
96120,Active,2502463,NA,NA,D,0,0,1740079.466,74.95,2001,21,25.88,32.15
96121,Active,752818,NA,NA,D,1,0,1285851.388,70,2009,21,8.34,54.43
96122,Active,1445390,NA,NA,D,1,0,2460678.595,85.95,2006,17,4.78,43.45
96123,Active,2611958,NA,NA,D,1,0,2321539.208,265,2002,27,6.38,43.9
96124,Active,868303,NA,NA,D,6,1,2798079.608,71.29,1995,30,4,45.75
96125,Active,284976,NA,NA,D,2,1,3304482.396,131,2003,17,19.93,25.93
96126,Active,2672899,NA,NA,D,3,1,8048955.445,75,1986,7,8.42,0
96127,Active,789640,NA,NA,D,1,0,2624058.465,29.95,2007,44,4.44,7.96
96128,Active,2527753,NA,NA,D,0,0,5618643.118,39.95,1998,27,4,23.99
96129,Active,2613705,NA,NA,D,1,0,2354905.423,84.99,2002,30,15.78,28.44
96130,Active,2025380,NA,NA,D,1,0,1736573.473,49.95,2008,14,8.92,50.25
96131,Active,3756506,NA,NA,D,0,0,3056740.9,79.95,2013,4,76.06,69.11
96132,Active,865020,NA,NA,D,2,1,1320441.799,35.95,2012,5,4.25,4
96133,Active,1537740,NA,NA,D,1,0,7496471.289,135,2006,29,21.11,126.96
96134,Active,3468349,NA,NA,D,1,0,3563082.85,0,2005,22,7.49,35.17
96135,Active,109788,NA,NA,D,0,0,2417048.128,95.17,2006,18,17.28,0
96136,Active,2360699,NA,NA,D,2,1,10589216.29,69.95,1990,12,4.47,89.52
96137,Active,203832,NA,NA,D,3,1,1193422.269,279,2006,21,87.37,191
96138,Active,3521192,NA,NA,D,0,0,12952758.3,350.5,1990,1,4.82,0
96139,Active,1474208,NA,NA,D,1,0,3625149.753,125,2010,20,20.98,24.97
96140,Active,181275,NA,NA,D,1,0,1213422.491,96.2,2000,41,4,31.55
96141,Active,225526,NA,NA,D,0,0,773830.0925,55,2004,28,9.93,28.94
96142,Active,113687,NA,NA,D,1,0,132492.0738,60.4,2000,45,6.33,64.69
96143,Active,138220,NA,NA,D,0,0,2105323.05,75,2002,8,69.69,0
96144,Active,2511065,NA,NA,D,1,0,2915416.571,59.95,1995,28,9.62,11.27
96145,Active,2794455,NA,NA,D,0,0,2662043.853,13.95,1985,25,5.84,62.53
96146,Active,215890,NA,NA,D,0,0,1996830.054,39.95,2003,18,46.25,106.21
96147,Active,2311966,NA,NA,D,0,0,8001639.181,67.84,1962,41,4,45.31
96148,Active,293589,NA,NA,D,1,0,367557.9913,50,2007,42,9.48,82.09
96149,Active,55997,NA,NA,D,5,1,610228.2825,28.6,2002,77,3.99,13.95
96150,Active,2703967,NA,NA,D,3,1,813075.25,74.66,1900,26,24.96,76.85
96151,Active,892187,NA,NA,D,0,0,1123876.3,0,2010,19,4.52,26.74
96152,Active,1584974,NA,NA,D,0,0,774766.1138,40.95,2011,22,4,25.67
96153,Active,1584972,NA,NA,D,0,0,218363.2875,40.95,2011,34,13.29,26.46
96154,Active,1584969,NA,NA,D,0,0,147760.9625,40.95,2011,29,13.66,26.54
96155,Active,2675212,NA,NA,D,2,1,913634.8988,436.98,1980,24,4,44.13
96156,Active,903245,NA,NA,D,0,0,3438891.713,42,1992,20,4.84,67.43
96157,Active,1658748,NA,NA,D,1,0,8418682.903,90,2011,11,8.89,49.03
96158,Active,481330,NA,NA,D,1,0,903363.3013,83,1998,18,26.72,70.64
96159,Active,3226174,NA,NA,D,0,0,3146527.401,13.99,2004,46,5.78,10.41
96160,Active,909400,NA,NA,D,0,0,2011709.344,12,1988,20,18.94,64.3
96161,Active,2703665,NA,NA,D,1,0,3270764.356,51.06,2005,25,4.1,19.91
96162,Active,2305911,NA,NA,D,1,0,9349176.063,143.18,1963,11,19.92,143.18
96163,Active,2534965,NA,NA,D,1,0,3398129.813,150,2001,9,13.97,87
96164,Active,2719515,NA,NA,D,2,1,2308112.944,90,1997,13,58.99,75.38
96165,Active,661397,NA,NA,D,0,0,1579925.753,64.5,2002,20,9.54,69.53
96166,Active,273413,NA,NA,D,0,0,1097208.918,81.61,2004,14,20.77,63.76
96167,Active,794335,NA,NA,D,1,0,1932812.39,145,2006,32,4.49,65.87
96168,Active,107882,NA,NA,D,1,0,861147.8525,141,2001,19,6.94,53.1
96169,Active,3045662,NA,NA,D,0,0,1071448.368,50.21,1995,34,4.99,51.54
96170,Active,2589929,NA,NA,D,1,0,1600822.895,94.95,1977,24,9.74,76.01
96171,Active,133906,NA,NA,D,1,0,728325.645,95,2002,18,22.54,136
96172,Active,2328100,NA,NA,D,1,0,874944.0675,98.81,1976,15,7.49,101.8
96173,Active,197597,NA,NA,D,1,0,533115.605,79.1,2004,20,48.94,125.86
96174,Active,619280,NA,NA,D,1,0,961984.1838,100,1996,52,4.35,13
96175,Active,181371,NA,NA,D,1,0,958381.1875,37.2,2003,29,4,37.95
96176,Active,1592777,NA,NA,D,0,0,2410216.241,110,2006,17,24.64,35.9
96177,Active,781915,NA,NA,D,0,0,1745641.493,49.99,2009,22,35.69,41.99
96178,Active,908636,NA,NA,D,0,0,1000011.545,140,1999,17,8.44,105.51
96179,Active,915879,NA,NA,D,0,0,1052758.796,41.95,1999,33,4,18.78
96180,Active,2612434,NA,NA,D,1,0,1205278.559,69.99,2000,41,8.98,13.3
96181,Active,623351,NA,NA,D,2,1,6153882.546,89.95,1998,17,4.75,56.29
96182,Active,1587409,NA,NA,D,1,0,4016823.403,75,2006,17,27.06,56.12
96183,Active,2602665,NA,NA,D,1,0,1357948.266,115,1999,24,10.85,43.71
96184,Active,788715,NA,NA,D,0,0,4165471.708,199,1999,19,6.03,23.99
96185,Active,278325,NA,NA,D,0,0,1727443.291,88,2008,22,4,102.93
96186,Active,2615046,NA,NA,D,0,0,5012119.665,110,2004,17,8.97,18.98
96187,Active,2330572,NA,NA,D,0,0,2272394.21,44,1984,24,16.17,85.46
96188,Active,774639,NA,NA,D,7,1,3440224.616,60,1998,28,4,14.48
96189,Active,2646404,NA,NA,D,1,0,4845660.091,46.95,1995,46,4,29.93
96190,Active,2153801,NA,NA,D,8,1,5216065.345,64.95,2006,18,7.81,44.49
96191,Active,1708053,NA,NA,D,1,0,1755644.255,39.95,2008,18,9.03,39.75
96192,Active,1891042,NA,NA,D,0,0,1832934.426,69.99,2013,10,42.94,42.98
96193,Active,1586290,NA,NA,D,1,0,1446003.976,119.99,2009,24,20.99,22.87
96194,Active,1966473,NA,NA,D,0,0,626330.605,34.95,2015,52,20.99,23.41
96195,Active,2502581,NA,NA,D,1,0,1694916.303,99,1998,24,41.99,76.65
96196,Active,1607723,NA,NA,D,1,0,3444283.955,12.85,2009,14,4.77,7.98
96197,Active,3542029,NA,NA,D,1,0,6763057.4,60.85,2010,12,7.79,12.94
96198,Active,772495,NA,NA,D,0,0,2483422.475,33.25,2006,16,4.23,5.97
96199,Active,772641,NA,NA,D,0,0,2905197.311,74.45,2006,10,4.29,5.98
96200,Active,1604180,NA,NA,D,1,0,2160512.08,81.6,2011,7,4,12.77
96201,Active,768287,NA,NA,D,1,0,358147.3738,5.1,2011,12,9.48,9.53
96202,Active,1427046,NA,NA,D,0,0,9860772.829,88.95,2007,7,140.53,24.02
96203,Active,1427408,NA,NA,D,1,0,3847391.661,12.5,2007,21,4.13,9.88
96204,Active,2847524,NA,NA,D,0,0,8303015.056,9.95,1990,14,4.13,127.21
96205,Active,3041564,NA,NA,D,0,0,1165125.308,59.95,2004,14,54.98,152.27
96206,Active,869328,NA,NA,D,0,0,373451.0163,44.95,2004,11,38.99,44.94
96207,Active,3499099,NA,NA,D,0,0,440838.35,64.99,1995,29,26.49,29.97
96208,Active,3729544,NA,NA,D,0,0,3106672.8,54.99,2012,46,26.76,38.15
96209,Active,2054619,NA,NA,D,1,0,482359.1763,39.99,2006,23,13.71,26.27
96210,Active,253841,NA,NA,D,7,1,381567.99,189.95,2009,96,4,16.25
96211,Active,900913,NA,NA,D,0,0,1573337.998,64.23,1978,17,5.52,56.67
96212,Active,3130962,NA,NA,D,4,1,537359.5925,29.95,2001,26,7.97,43.99
96213,Active,546108,NA,NA,D,2,1,130131.0525,75.95,2013,38,45.84,48.99
96214,Active,1867456,NA,NA,D,1,0,489640.465,99.95,2008,43,22.95,68.35
96215,Active,645788,NA,NA,D,0,0,1863814.828,73,2003,20,4.07,4.38
96216,Active,2595316,NA,NA,D,0,0,915006.4413,39.99,1992,27,16.54,31.87
96217,Active,1710707,NA,NA,D,1,0,1306300.803,79,2010,29,7.72,20.88
96218,Active,1751098,NA,NA,D,0,0,982754.89,39.99,2007,22,6.25,39.99
96219,Active,902329,NA,NA,D,1,0,675894.6063,24.95,1998,20,19.01,20.26
96220,Active,3820386,NA,NA,D,0,0,1856421.2,40,2000,23,32.01,155.15
96221,Active,529612,NA,NA,D,0,0,574603.305,79.98,2009,14,25.73,37.1
96222,Active,627218,NA,NA,D,2,1,509159.8775,29,2005,29,7.71,28.99
96223,Active,2609994,NA,NA,D,1,0,1614727.475,220,2000,25,4.72,31.92
96224,Active,2594343,NA,NA,D,0,0,6975091.674,79.95,1987,12,21.38,0
96225,Active,1453230,NA,NA,D,4,1,659739.8225,156.53,2013,23,11.99,133.26
96226,Active,832602,NA,NA,D,0,0,4004836.793,89,1983,24,7.91,57.23
96227,Active,3022132,NA,NA,D,1,0,2493769.668,39.95,1997,16,4,22.92
96228,Active,2834261,NA,NA,D,0,0,2476920.685,60,1998,19,4,51.21
96229,Active,1559282,NA,NA,D,1,0,742976.945,42.95,2006,45,23.96,38.93
96230,Active,543429,NA,NA,D,5,1,660442.2388,84.95,2002,28,4.49,13.99
96231,Active,866607,NA,NA,D,5,1,4085987.119,74.85,2003,15,4.05,130.94
96232,Active,117414,NA,NA,D,0,0,2048868.563,80,2005,28,4,31.49
96233,Active,2698260,NA,NA,D,1,0,2708222.391,46.95,2004,20,5.15,61.08
96234,Active,802250,NA,NA,D,1,0,3227929.758,88.95,2005,8,32.51,44.98
96235,Active,1728893,NA,NA,D,0,0,2109125.483,90.95,2011,10,33.73,90.95
96236,Active,1621021,NA,NA,D,0,0,426783.9938,10.7,2008,23,4.33,7.89
96237,Active,341759,NA,NA,D,1,0,1603504.093,11.98,1999,23,4.99,29.99
96238,Active,2139870,NA,NA,D,0,0,2066396.64,59.95,2014,14,18.33,40.3
96239,Active,175521,NA,NA,D,0,0,1082845.353,125,2004,18,43.76,73.29
96240,Active,2883621,NA,NA,D,0,0,4590219.258,34.95,1998,15,39.93,83
96241,Active,895352,NA,NA,D,6,1,652915.6875,47,2012,18,21.46,24
96242,Active,3603527,NA,NA,D,4,1,1595468.95,52,1985,16,5.8,33.96
96243,Active,247812,NA,NA,D,1,0,957505.7913,37.95,2007,35,4,11.89
96244,Active,1588146,NA,NA,D,1,0,968664.0438,29.99,2007,26,4,15.99
96245,Active,3638455,NA,NA,D,0,0,1135847.95,120,2012,78,20.06,59.03
96246,Active,905944,NA,NA,D,1,0,2449197.041,53.95,2002,20,4,39.65
96247,Active,125085,NA,NA,D,0,0,446097.7888,22.95,1997,30,8.99,87.07
96248,Active,3046823,NA,NA,D,0,0,1797633.008,51.5,1997,29,23.81,53.94
96249,Active,624477,NA,NA,D,1,0,859742.1188,37.95,2004,86,4.2,13.5
96250,Active,3612447,NA,NA,D,1,0,864801.55,94,1995,57,4.54,43.32
96251,Active,1476773,NA,NA,D,1,0,2833114.978,100,2013,15,36.7,54.44
96252,Active,721553,NA,NA,D,1,0,932006.1088,79,2005,20,12.93,59.31
96253,Active,190124,NA,NA,D,0,0,773268.97,39.95,2009,23,18.99,67.86
96254,Active,723757,NA,NA,D,1,0,4579672.914,105,2008,36,15.3,18.87
96255,Active,2649982,NA,NA,D,1,0,490681.0863,41.95,2001,26,5.25,15.61
96256,Active,913899,NA,NA,D,1,0,2289121.436,40.95,2003,45,4,10.97
96257,Active,1549209,NA,NA,D,2,1,5576598.613,39.99,2011,10,16.88,73.99
96258,Active,1469834,NA,NA,D,1,0,4527927.91,100,2006,12,27.49,39.99
96259,Active,2543438,NA,NA,D,0,0,3833552.026,32.95,2005,12,10.21,61.14
96260,Active,392303,NA,NA,D,2,1,2510054.856,64.95,2006,17,36.98,171.05
96261,Active,135513,NA,NA,D,1,0,1341723.32,39.95,2007,60,4,8.99
96262,Active,156193,NA,NA,D,1,0,2355962.261,75.95,1997,19,13.62,73.63
96263,Active,155663,NA,NA,D,3,1,1931114.328,34.95,2006,15,5.91,28.99
96264,Active,2607685,NA,NA,D,4,1,6985254.95,43,1999,12,21.53,194.19
96265,Active,157245,NA,NA,D,2,1,1987546.824,63.95,2005,17,5,64.33
96266,Active,2869206,NA,NA,D,0,0,3053999.184,59.95,2002,13,4,34.11
96267,Active,802678,NA,NA,D,13,1,2259036.336,39.99,2009,21,4,20.92
96268,Active,788326,NA,NA,D,1,0,2679232.725,114.95,2002,25,4,4.58
96269,Active,655691,NA,NA,D,1,0,1235275.644,71,1998,28,5.87,151.51
96270,Active,660470,NA,NA,D,1,0,2068169.573,41.95,2006,19,6.25,32.67
96271,Active,671284,NA,NA,D,0,0,1503732.366,149,2010,18,205.71,189.79
96272,Active,2405479,NA,NA,D,0,0,2493816.403,36,1990,17,19.41,64.57
96273,Active,870859,NA,NA,D,2,1,3666199.166,35.95,2001,39,4,7.42
96274,Active,904779,NA,NA,D,3,1,3192898.8,22.4,1999,20,4,19.36
96275,Active,571738,NA,NA,D,1,0,1409892.993,40,2008,23,4,12.87
96276,Active,246545,NA,NA,D,3,1,5347981.5,78.95,2006,15,4.76,58.68
96277,Active,921071,NA,NA,D,0,0,571737.255,35.33,1998,55,4,25.96
96278,Active,3464095,NA,NA,D,2,1,7039830.6,17.33,1995,20,4,10.48
96279,Active,574630,NA,NA,D,3,1,3951003.72,29.95,2003,14,4.26,18.99
96280,Active,149416,NA,NA,D,2,1,1496151.243,39.98,2006,20,8.02,24.49
96281,Active,1471741,NA,NA,D,3,1,2618347.076,32,2010,11,5.47,56.3
96282,Active,475815,NA,NA,D,1,0,1678940.435,48.95,2003,22,4.77,68.45
96283,Active,592914,NA,NA,D,5,1,2182561.915,61.95,2008,29,3.85,8.93
96284,Active,627371,NA,NA,D,1,0,717171.75,39.99,2011,54,5.97,28.11
96285,Active,162959,NA,NA,D,2,1,554480.27,39.99,2010,77,4,19.99
96286,Active,628679,NA,NA,D,1,0,657836.165,33,2011,30,4,21.98
96287,Active,639990,NA,NA,D,1,0,1151475.079,39.99,2011,33,4,5.88
96288,Active,637856,NA,NA,D,1,0,991015.4938,39.99,2011,53,4.28,20.76
96289,Active,3528326,NA,NA,D,1,0,632760.9,99.95,2003,48,47.48,65.61
96290,Active,1733888,NA,NA,D,0,0,1166478.875,79.99,2009,20,16.33,86.79
96291,Active,485045,NA,NA,D,0,0,644954.7813,42,2007,34,20.16,32.98
96292,Active,488450,NA,NA,D,4,1,1740739.64,29.95,2008,46,3.99,8.94
96293,Active,295387,NA,NA,D,2,1,1939748.019,39,2000,32,4,7.45
96294,Active,3496840,NA,NA,D,2,1,1158901.65,249,1993,53,4.37,13.99
96295,Active,2618325,NA,NA,D,1,0,7195705.9,127.95,1990,30,3.34,43.5
96296,Active,2703997,NA,NA,D,1,0,4866296.95,53.58,1900,13,47.09,53.99
96297,Active,146703,NA,NA,D,10,1,59619.1875,132.2,2011,91,5.47,76.94
96298,Active,869886,NA,NA,D,1,0,802875.0875,138.87,2011,22,33.34,98.99
96299,Active,146566,NA,NA,D,1,0,2030415.756,132.2,2011,22,85.93,0
96300,Active,521335,NA,NA,D,1,0,2973071.555,49.95,2008,10,53.94,71.65
96301,Active,448012,NA,NA,D,1,0,2426153.849,215,2002,23,76.99,92.53
96302,Active,1658291,NA,NA,D,1,0,5037849.743,155.7,2010,14,4,0
96303,Active,512594,NA,NA,D,0,0,2204179.388,209,2010,19,123.92,103.17
96304,Active,131679,NA,NA,D,1,0,1650870.58,77.6,2004,29,4,41.71
96305,Active,126842,NA,NA,D,1,0,351728.5688,39.95,2007,39,4,42.44
96306,Active,108224,NA,NA,D,0,0,2473430.523,107.5,2005,32,4,11.73
96307,Active,479924,NA,NA,D,2,1,1328946.095,73.95,2007,27,7.75,56.35
96308,Active,479849,NA,NA,D,1,0,1445685.368,120,1998,17,4.37,44.25
96309,Active,636910,NA,NA,D,1,0,2822639.411,87,2007,20,4,7.56
96310,Active,2430937,NA,NA,D,0,0,2609476.174,34.95,1994,28,4,9.98
96311,Active,426215,NA,NA,D,0,0,855813.7563,65.95,2005,45,4,20.25
96312,Active,454451,NA,NA,D,1,0,1863328.41,209.99,2003,20,4,27.37
96313,Active,454521,NA,NA,D,1,0,4156725.626,164.99,2006,14,11.03,43.98
96314,Active,477632,NA,NA,D,1,0,1915957.07,74.95,2003,42,4,19.99
96315,Active,2406950,NA,NA,D,1,0,8455022.758,97.5,1995,26,5.54,40.98
96316,Active,2787677,NA,NA,D,1,0,606148.19,15,1999,36,8.85,12.33
96317,Active,293868,NA,NA,D,1,0,695826.9875,78.95,2008,35,11.94,38.99
96318,Active,439614,NA,NA,D,3,1,8863257.79,42.95,1995,24,4,9.97
96319,Active,1957071,NA,NA,D,1,0,3267630.793,69.95,2012,15,4,69.95
96320,Active,574048,NA,NA,D,2,1,9942301.386,39.7,1994,12,4.14,63.94
96321,Active,175979,NA,NA,D,1,0,2243982.515,110,2008,37,4.29,41.82
96322,Active,447445,NA,NA,D,1,0,2428623.564,59.95,2005,15,4.42,43
96323,Active,2571313,NA,NA,D,1,0,3757813.596,207,1992,11,78,145.07
96324,Active,504066,NA,NA,D,1,0,2925884.408,149,2006,26,9.86,16.54
96325,Active,1470828,NA,NA,D,1,0,1513380.313,82,2009,17,22.49,56.77
96326,Active,899239,NA,NA,D,0,0,1531727.098,85.95,1989,12,26.75,128.78
96327,Active,1593106,NA,NA,D,0,0,3260000.239,114.99,2008,15,31.99,81.55
96328,Active,556822,NA,NA,D,3,1,4020801.6,31.95,1985,25,4,14.05
96329,Active,3804019,NA,NA,D,0,0,2810502.5,0,2013,34,4,0
96330,Active,1651610,NA,NA,D,1,0,1654501.798,57.95,2007,48,38.04,51.17
96331,Active,496071,NA,NA,D,0,0,3006187.284,99.95,2011,17,38.29,70
96332,Active,2345536,NA,NA,D,1,0,5402995.724,72.02,1981,29,5.24,67.53
96333,Active,113163,NA,NA,D,2,1,72730.79375,116,2010,36,37.97,50.18
96334,Active,556963,NA,NA,D,1,0,1696613.869,110,1993,25,4,50.03
96335,Active,2896020,NA,NA,D,0,0,3805295.039,99,2002,11,63.99,430.26
96336,Active,476505,NA,NA,D,0,0,363861.44,69.95,2005,22,4.74,70.83
96337,Active,126310,NA,NA,D,1,0,2619146.994,69.95,2003,19,5.63,52.98
96338,Active,514988,NA,NA,D,1,0,1674081.138,130,2002,20,9.33,91.17
96339,Active,455525,NA,NA,D,7,1,1913841.584,214.95,2005,52,4,31.98
96340,Active,2661528,NA,NA,D,0,0,4156103.05,0,1985,14,8.97,30.87
96341,Active,426108,NA,NA,D,1,0,2384164.311,100,1996,19,25.27,103.5
96342,Active,426191,NA,NA,D,2,1,1478545.304,130.93,2006,21,58.89,85.88
96343,Active,495248,NA,NA,D,0,0,1421344.738,100,2006,34,4.22,75.53
96344,Active,3471037,NA,NA,D,1,0,2080521.3,72.95,1990,19,4.38,47.85
96345,Active,2872890,NA,NA,D,0,0,1694556.169,31.95,1983,20,7.98,29.97
96346,Active,2869279,NA,NA,D,0,0,1376007.125,45,1990,41,28.33,40.65
96347,Active,648060,NA,NA,D,8,1,1185254.691,65,1983,14,7.39,71.21
96348,Active,515408,NA,NA,D,0,0,4668665.944,81,1998,20,4,6.98
96349,Active,741999,NA,NA,D,5,1,1509988.83,160,2009,39,5.49,53.94
96350,Active,416373,NA,NA,D,8,1,1718571.294,16.8,2001,95,4.14,16.74
96351,Active,2299545,NA,NA,D,0,0,799915,0,1900,11,0,0
96352,Active,477427,NA,NA,D,3,1,3932199.62,47.95,1998,24,4,37.85
96353,Active,643480,NA,NA,D,0,0,1767945.269,69,2010,15,23.05,3902.89
96354,Active,326369,NA,NA,D,5,1,4455685.518,117.5,2007,28,4.52,48.57
96355,Active,369126,NA,NA,D,0,0,270991.8038,39.95,2002,24,10.72,31.99
96356,Active,892155,NA,NA,D,6,1,2541371.463,117.5,2010,13,18.83,84.58
96357,Active,331752,NA,NA,D,0,0,5936627.715,67.46,1995,32,4,54.54
96358,Active,410940,NA,NA,D,2,1,6376447.803,54.99,2003,17,5.58,32.8
96359,Active,373970,NA,NA,D,0,0,4819776.459,47,1999,26,4,18.43
96360,Active,477346,NA,NA,D,1,0,2834149.536,72,2000,24,4,44.07
96361,Active,508684,NA,NA,D,0,0,2085399.139,59.95,1997,23,4.38,14.95
96362,Active,454448,NA,NA,D,1,0,4885432.973,27.99,2001,19,8.61,23.97
96363,Active,474731,NA,NA,D,1,0,5108189.791,69.95,2002,16,4.23,71.74
96364,Active,216543,NA,NA,D,0,0,477501.855,59.95,2011,18,7.1,32.85
96365,Active,438480,NA,NA,D,3,1,2179033.528,199.95,2007,24,21.35,82.56
96366,Active,917383,NA,NA,D,1,0,3649165.901,72.95,1992,27,4,11.23
96367,Active,1723592,NA,NA,D,0,0,2834118.923,69.42,2012,21,25,42.34
96368,Active,420081,NA,NA,D,1,0,3293520.396,103,2007,15,23.25,38.94
96369,Active,559113,NA,NA,D,1,0,1542707.77,49,2009,36,4.3,39.17
96370,Active,422409,NA,NA,D,4,1,4706723.794,54,1997,36,4,9.49
96371,Active,2663881,NA,NA,D,2,1,3352236.295,75,1994,17,4.94,49.78
96372,Active,422782,NA,NA,D,0,0,4417767.266,45,1997,22,4,72.75
96373,Active,2598174,NA,NA,D,0,0,2458146.004,22.99,1995,50,4,16.02
96374,Active,427062,NA,NA,D,1,0,5667424.961,175,2004,21,15.78,72.45
96375,Active,636102,NA,NA,D,0,0,2314669.256,38,2010,19,8.09,46.99
96376,Active,474748,NA,NA,D,1,0,7015286.424,69.95,2007,10,8.99,101.31
96377,Active,427027,NA,NA,D,0,0,3131736.006,99,2007,16,15.67,107.33
96378,Active,1594418,NA,NA,D,1,0,5474438.33,114.99,2008,20,26.13,92.62
96379,Active,2419399,NA,NA,D,0,0,3157411.105,43.95,2003,12,30,43.59
96380,Active,2774066,NA,NA,D,1,0,1283217.343,47.5,1993,21,16.79,42.92
96381,Active,2537535,NA,NA,D,0,0,3335072.583,39.95,2001,15,6.6,55.57
96382,Active,3597781,NA,NA,D,0,0,525960.4,16.95,1993,27,4,31.3
96383,Active,2599932,NA,NA,D,0,0,1477137.245,125,1993,15,6.34,36.84
96384,Active,624871,NA,NA,D,0,0,1306522.375,199,1991,32,4.97,78.95
96385,Active,106030,NA,NA,D,11,1,2764161.889,163,2004,23,13.56,80.55
96386,Active,1537380,NA,NA,D,1,0,573323.5438,31.95,2007,15,13.99,28.87
96387,Active,3959794,NA,NA,D,2,1,4733962.35,87,2004,3,93.99,0
96388,Active,712919,NA,NA,D,0,0,692581.395,27.54,2001,18,8.99,27.46
96389,Active,2369627,NA,NA,D,0,0,11408241.65,0,2002,7,5.88,57.74
96390,Active,2341190,NA,NA,D,1,0,2726515.459,69.95,1996,14,4,38.99
96391,Active,2336626,NA,NA,D,0,0,2732512.391,120,1990,25,5.51,23.97
96392,Active,696880,NA,NA,D,3,1,2242565.705,79.95,1998,18,5.36,22.04
96393,Active,700245,NA,NA,D,4,1,3732198.593,105,2003,22,12.3,55.31
96394,Active,831292,NA,NA,D,1,0,3462487.533,72,1989,22,7.97,7.97
96395,Active,845018,NA,NA,D,0,0,1238452.95,68.27,1989,26,4.49,67.33
96396,Active,2562974,NA,NA,D,1,0,5722020.069,92.18,1995,15,5.89,92.18
96397,Active,788189,NA,NA,D,1,0,3710052.048,78.95,2001,20,7.99,46.02
96398,Active,906107,NA,NA,D,0,0,2281126.818,64.95,1999,17,7.5,49.29
96399,Active,159765,NA,NA,D,0,0,992217.125,175,1998,15,18.73,80.01
96400,Active,2592723,NA,NA,D,0,0,1676215.115,60.99,1982,28,6.39,52.01
96401,Active,3049386,NA,NA,D,1,0,3007384.54,119.95,1997,21,8.91,53.05
96402,Active,2573234,NA,NA,D,1,0,4683946.275,65.39,1990,20,6.55,60.11
96403,Active,3515276,NA,NA,D,3,1,6834325.5,52.95,1994,20,4.98,42.64
96404,Active,242494,NA,NA,D,3,1,962694.7663,74.98,2003,39,3.98,78.53
96405,Active,2586165,NA,NA,D,0,0,1449289.968,85,2004,22,18.95,51.55
96406,Active,804035,NA,NA,D,1,0,3762610.746,190.95,2006,13,4.58,31.98
96407,Active,774920,NA,NA,D,1,0,7766502.646,141,2000,25,6.12,43.89
96408,Active,2021668,NA,NA,D,1,0,1507938.856,74.95,2009,18,4,28.88
96409,Active,2502352,NA,NA,D,0,0,1350540.979,199,1996,23,33.69,61.98
96410,Active,913412,NA,NA,D,1,0,2007950.015,39.95,2008,37,4.87,28.85
96411,Active,3547586,NA,NA,D,0,0,1176128.75,85,2011,39,41.48,59.36
96412,Active,2861596,NA,NA,D,0,0,2522739.4,393.93,1976,20,13.49,197.77
96413,Active,3045682,NA,NA,D,0,0,2461316.416,7.99,1995,75,4.09,7.98
96414,Active,2589881,NA,NA,D,0,0,2061154.555,39,1977,20,7.68,63.49
96415,Active,1782923,NA,NA,D,7,1,1672355.759,73.95,2012,19,4.49,52.99
96416,Active,1604598,NA,NA,D,1,0,198044.7375,59.5,2012,25,20.97,69.08
96417,Active,1467341,NA,NA,D,0,0,1141595.486,42,2011,21,7.87,58.57
96418,Active,1467629,NA,NA,D,0,0,1022321.999,36,2008,24,5.37,33.99
96419,Active,1467813,NA,NA,D,0,0,350742.8713,42,2011,36,13.41,87.93
96420,Active,1465831,NA,NA,D,0,0,1435964.443,43,2015,14,17.2,29.88
96421,Active,902422,NA,NA,D,0,0,372046.2375,38,2012,26,29.96,35.38
96422,Active,2134468,NA,NA,D,0,0,1049354.96,59.99,2010,19,5.23,55.45
96423,Active,3792755,NA,NA,D,0,0,1487825.95,69.95,2012,32,13.47,41.95
96424,Active,2606882,NA,NA,D,0,0,2256972.859,73.99,1997,9,7.56,195.37
96425,Active,2657640,NA,NA,D,1,0,1071267.54,109.24,1974,15,4.39,99.91
96426,Active,529429,NA,NA,D,1,0,2033207.02,99.95,2013,17,4,64.79
96427,Active,2025406,NA,NA,D,1,0,5870054.974,49.95,2010,14,6.26,33.99
96428,Active,2100977,NA,NA,D,0,0,48800.2175,99.95,2015,19,48.31,627.92
96429,Active,904151,NA,NA,D,0,0,1906234.361,86.95,2013,27,4.99,46.84
96430,Active,915383,NA,NA,D,1,0,758431.335,130.5,2013,31,4.99,33.03
96431,Active,639997,NA,NA,D,1,0,1136059.245,125.5,2011,24,5.92,32.68
96432,Active,671479,NA,NA,D,0,0,2271350.339,125.5,2011,11,6.94,43.99
96433,Active,56132,NA,NA,D,0,0,2516720.213,94.95,2008,21,4.18,12
96434,Active,1908006,NA,NA,D,1,0,2477281.514,79.95,2009,12,4,72.89
96435,Active,1907913,NA,NA,D,1,0,1793122.24,82.95,2009,20,5.62,62.74
96436,Active,206485,NA,NA,D,0,0,1170330.399,60,2007,53,5.61,17.99
96437,Active,1648798,NA,NA,D,1,0,527539.0638,120,2014,12,6.34,86.24
96438,Active,917113,NA,NA,D,1,0,4066337.923,32.95,1997,27,4,11.98
96439,Active,2773811,NA,NA,D,1,0,1792454.659,49.95,1991,18,4,72.33
96440,Active,2646007,NA,NA,D,0,0,9310077.795,26.95,1988,19,4,23.99
96441,Active,644309,NA,NA,D,1,0,526315.5763,69.99,1983,33,18.77,56.68
96442,Active,2129329,NA,NA,D,0,0,5015608.756,249,2008,15,90.99,154.45
96443,Active,510758,NA,NA,D,0,0,1608009.309,119,2010,18,59.92,78.56
96444,Active,641668,NA,NA,D,0,0,1603231.734,109,2006,28,6.89,33.94
96445,Active,1534012,NA,NA,D,0,0,1015240.871,89.99,2007,21,36.21,67
96446,Active,1534221,NA,NA,D,0,0,2254032.791,89.99,2008,16,20.31,53.99
96447,Active,3612473,NA,NA,D,1,0,1122368.5,69.95,1996,15,40.99,69.95
96448,Active,181288,NA,NA,D,1,0,1509898.804,53.73,2000,13,23.98,54.99
96449,Active,651064,NA,NA,D,0,0,2542101.735,51.95,1999,25,3.71,65.47
96450,Active,793409,NA,NA,D,1,0,4646718.64,90,2002,16,14.1,79.29
96451,Active,910543,NA,NA,D,2,1,3401572.805,26.95,1996,18,4.17,46.44
96452,Active,1469957,NA,NA,D,1,0,4384538.169,145,2006,22,22.46,99.73
96453,Active,2561237,NA,NA,D,0,0,3270798.073,186.08,1961,15,25.99,133.07
96454,Active,113786,NA,NA,D,7,1,446211.8488,158.4,2000,33,21.98,85.37
96455,Active,1463750,NA,NA,D,0,0,2048122.37,44.38,2008,25,4,48.45
96456,Active,2529121,NA,NA,D,0,0,6019738.123,27.95,1992,17,5.99,72.11
96457,Active,2028656,NA,NA,D,2,1,18951.095,17.95,2014,31,12.12,14.48
96458,Active,2854944,NA,NA,D,1,0,2153395.136,129.95,2000,20,20.34,96.03
96459,Active,3544461,NA,NA,D,0,0,3977429.75,112.07,1987,22,4.97,93.58
96460,Active,3602291,NA,NA,D,2,1,6129406.85,89.95,1992,23,6.38,7.98
96461,Active,3606112,NA,NA,D,0,0,6603225.95,45,1985,13,8.19,0
96462,Active,1471766,NA,NA,D,1,0,3331467.043,140,2008,16,11.93,68.99
96463,Active,1667459,NA,NA,D,1,0,3939398.233,60,2013,13,13.84,53.82
96464,Active,147899,NA,NA,D,3,1,2779997.563,78.95,2001,26,4,23.97
96465,Active,912091,NA,NA,D,10,1,2979968.689,35,2008,17,6.19,8.66
96466,Active,2877865,NA,NA,D,0,0,915551.4288,38.95,1995,15,5.98,109.31
96467,Active,186277,NA,NA,D,0,0,947445.4763,45,2001,13,5.98,111.5
96468,Active,3033953,NA,NA,D,0,0,2284936.159,49.95,1999,21,6.42,48.23
96469,Active,915893,NA,NA,D,0,0,1534306.796,39.99,2006,26,4,18.98
96470,Active,916923,NA,NA,D,1,0,827322.8388,44.99,2008,39,4,18.48
96471,Active,2082611,NA,NA,D,1,0,1465001.78,95,2012,9,41.49,43.07
96472,Active,105747,NA,NA,D,2,1,1144401.415,39.95,2001,42,4,6.98
96473,Active,2048948,NA,NA,D,1,0,1136491.466,38.95,2011,18,31.98,73.98
96474,Active,2774726,NA,NA,D,1,0,959414.9388,76.95,2001,34,4,47.57
96475,Active,1724906,NA,NA,D,0,0,3650133.444,99.95,2006,15,29.49,118.7
96476,Active,1867753,NA,NA,D,2,1,1510869.796,146.95,2009,16,51.94,162.72
96477,Active,2600705,NA,NA,D,1,0,2718708.398,99.99,1995,22,8.98,78.13
96478,Active,141118,NA,NA,D,1,0,5587134.864,48,1998,24,4,28.94
96479,Active,225932,NA,NA,D,1,0,7414183.894,119.95,1999,17,4,45.15
96480,Active,3464712,NA,NA,D,1,0,7130077.45,70.5,1987,22,5.2,62.13
96481,Active,907176,NA,NA,D,0,0,1832971.565,50,1999,21,4,90.71
96482,Active,579582,NA,NA,D,1,0,2854898.028,51.95,2000,19,4.49,46.06
96483,Active,1490369,NA,NA,D,0,0,1805427.519,42,2011,51,12.82,16.96
96484,Active,891196,NA,NA,D,0,0,2401248.011,39.95,1995,18,14.38,66.81
96485,Active,276806,NA,NA,D,2,1,1580774.333,37.95,2002,39,4,13.99
96486,Active,3467759,NA,NA,D,0,0,8170519.5,36.25,1985,22,4,0
96487,Active,2606533,NA,NA,D,1,0,2004453.274,294.99,2002,24,22.79,35.98
96488,Active,1834983,NA,NA,D,0,0,1957757.526,139,2007,17,40.36,51.99
96489,Active,3112832,NA,NA,D,2,1,1561852.25,819.95,2004,5,68.99,49.83
96490,Active,147318,NA,NA,D,4,1,3284009.5,386,2005,15,155.35,406.08
96491,Active,2501699,NA,NA,D,0,0,4500369.704,99,2004,17,43.55,44.9
96492,Active,2664085,NA,NA,D,4,1,899627.1163,199,1997,18,28.98,103.96
96493,Active,2523862,NA,NA,D,2,1,4569021.766,159,1996,20,6.39,28.98
96494,Active,2608164,NA,NA,D,1,0,3273155.764,155,1998,17,39.71,40.09
96495,Active,1533407,NA,NA,D,0,0,2472916.109,89.95,2006,20,29.38,50.91
96496,Active,2046228,NA,NA,D,1,0,1288180.07,62,2007,10,45.07,62
96497,Active,1479115,NA,NA,D,1,0,2552473.039,73,2011,16,28.99,28.62
96498,Active,529400,NA,NA,D,0,0,2070440.634,39,2008,19,4.01,67.83
96499,Active,560528,NA,NA,D,0,0,1526776.28,41,2009,19,4.16,39
96500,Active,915516,NA,NA,D,4,1,1853790.425,136,2004,27,8.05,26.3
96501,Active,896308,NA,NA,D,1,0,6392182.963,119.95,1994,12,4,71.71
96502,Active,2420772,NA,NA,D,1,0,2154364.324,125,1999,21,8.18,19.99
96503,Active,634807,NA,NA,D,1,0,4286555.133,90.95,2010,21,4,37.18
96504,Active,636232,NA,NA,D,0,0,1909417.708,259,2008,22,65.99,128.03
96505,Active,648978,NA,NA,D,0,0,1721096.629,209,2010,20,118.26,158.26
96506,Active,2562734,NA,NA,D,1,0,4425330.528,119.95,1996,24,4.35,15.88
96507,Active,908697,NA,NA,D,8,1,3916293.34,38.95,2005,17,4.76,26.99
96508,Active,2358118,NA,NA,D,1,0,8149397.678,103.2,2004,14,4.58,38.99
96509,Active,778300,NA,NA,D,1,0,2053927.291,43.95,2004,35,4,33.57
96510,Active,124933,NA,NA,D,0,0,306169.9888,19.95,1998,45,12.11,41.48
96511,Active,2236429,NA,NA,D,0,0,2591352.753,24.99,2008,14,13.94,24.98
96512,Active,857287,NA,NA,D,1,0,601109.8025,49.99,2008,20,29.88,0
96513,Active,315248,NA,NA,D,1,0,2007081.275,44.99,2008,25,4,73.21
96514,Active,2617167,NA,NA,D,0,0,4092739.114,33.95,1984,28,4,13.95
96515,Active,2043171,NA,NA,D,1,0,1376463.983,69.95,2013,5,9.19,36.88
96516,Active,643994,NA,NA,D,0,0,1452536.066,119,2009,21,95.02,91.34
96517,Active,2600992,NA,NA,D,0,0,1304530.705,59.99,1994,28,5.98,43.95
96518,Active,2216407,NA,NA,D,0,0,2015517.773,69,2010,22,19.84,83.99
96519,Active,860088,NA,NA,D,0,0,1586246.239,75,2010,19,13.43,0
96520,Active,1556086,NA,NA,D,1,0,2056323.936,150,2011,18,34.73,53.99
96521,Active,922686,NA,NA,D,1,0,2225976.803,32.95,1990,65,3.89,6.95
96522,Active,632226,NA,NA,D,1,0,276870.9113,126.75,2013,37,18.29,104.49
96523,Active,719731,NA,NA,D,1,0,3671734.238,128,2000,19,28.94,43.98
96524,Active,668812,NA,NA,D,1,0,2946709.851,254,2007,14,24.69,24.7
96525,Active,622514,NA,NA,D,1,0,1708414.599,32.95,2003,25,4,15.94
96526,Active,2894756,NA,NA,D,0,0,66050.0625,18.95,1988,16,9.88,15.97
96527,Active,126336,NA,NA,D,1,0,1538948.233,50,2002,33,6.94,42.78
96528,Active,2607291,NA,NA,D,0,0,1527992.01,64.99,1997,27,12.49,44.49
96529,Active,901284,NA,NA,D,1,0,1774588.61,30,2005,16,8.39,48.39
96530,Active,3002776,NA,NA,D,0,0,680118.7363,110,2015,12,74.96,78.17
96531,Active,1455714,NA,NA,D,1,0,2592399.164,128.07,2014,12,9.74,296
96532,Active,107317,NA,NA,D,2,1,4331632.548,43.75,2000,21,3.34,13.93
96533,Active,2529755,NA,NA,D,0,0,3262273.066,33.95,1996,24,4,23.79
96534,Active,2605991,NA,NA,D,1,0,259246.5088,18.99,1996,52,8.1,15.82
96535,Active,661439,NA,NA,D,0,0,1621733.479,53,2008,24,4.68,0
96536,Active,1536935,NA,NA,D,1,0,3636263.509,0,2008,16,4.2,46.74
96537,Active,214545,NA,NA,D,1,0,1777600.36,45,2011,13,24.03,45
96538,Active,175965,NA,NA,D,1,0,871817.9813,49.99,2007,31,11.05,29.98
96539,Active,2418861,NA,NA,D,1,0,1883272.613,130,2003,15,43.48,109.28
96540,Active,3787352,NA,NA,D,0,0,1722189.25,69,1995,52,7.06,38.99
96541,Active,172249,NA,NA,D,0,0,1130228.069,52.95,2010,17,21.89,46.25
96542,Active,2614293,NA,NA,D,1,0,3234375.549,124.99,2004,25,31.83,37
96543,Active,2598358,NA,NA,D,0,0,3179908.705,155,1994,17,34.39,93.05
96544,Active,822794,NA,NA,D,0,0,764290.7413,28.95,1995,29,4.77,53.44
96545,Active,225543,NA,NA,D,1,0,383928.4675,75,2006,29,27.57,53.98
96546,Active,2773859,NA,NA,D,0,0,1984417.759,60.5,1992,16,25.98,38.09
96547,Active,3529513,NA,NA,D,0,0,4065779.9,39.99,1995,33,4,15.74
96548,Active,236712,NA,NA,D,0,0,2382109.684,53,1997,29,4.98,38.99
96549,Active,2261698,NA,NA,D,2,1,2895864.069,39.05,2011,35,9.71,40.82
96550,Active,3515756,NA,NA,D,0,0,6204039.9,52.95,2004,20,6.16,44.99
96551,Active,262673,NA,NA,D,0,0,6116239.45,34.95,2004,23,4,43.99
96552,Active,794692,NA,NA,D,0,0,2825263.835,85,2008,17,13.99,58.27
96553,Active,799989,NA,NA,D,1,0,6102749.416,36,2005,12,6.45,68.13
96554,Active,2667746,NA,NA,D,0,0,3606014.075,97,2005,21,7.84,50.71
96555,Active,913439,NA,NA,D,0,0,2456136.578,56.73,1991,26,4,18.48
96556,Active,914529,NA,NA,D,0,0,452970.2938,83.28,2003,22,4.4,47.68
96557,Active,904598,NA,NA,D,0,0,3596044.793,55.19,2007,12,4.79,31.14
96558,Active,892455,NA,NA,D,4,1,599727.7088,37.44,2011,11,5.58,17.97
96559,Active,1702198,NA,NA,D,0,0,2593996.863,185,2011,11,4,73.85
96560,Active,1702276,NA,NA,D,0,0,1830370.474,199.95,2013,11,4,73.65
96561,Active,1702193,NA,NA,D,0,0,5344277.583,179,2011,15,4,227.29
96562,Active,654422,NA,NA,D,1,0,2006286.794,55,2007,15,5.06,62.32
96563,Active,274414,NA,NA,D,0,0,2472111.615,34.95,1998,20,4,55.92
96564,Active,145127,NA,NA,D,1,0,1778682.654,34.99,2005,65,4,7.92
96565,Active,3486748,NA,NA,D,0,0,2563404.85,40,1994,70,4,6.45
96566,Active,904825,NA,NA,D,1,0,4170727.083,143,1996,21,4.72,54.87
96567,Active,636039,NA,NA,D,0,0,2862718.319,125,1999,28,6.06,62.43
96568,Active,902667,NA,NA,D,0,0,3175952.86,49.95,2006,20,8.99,43.99
96569,Active,2436227,NA,NA,D,1,0,1970772.598,95,1986,23,27.87,73.87
96570,Active,1533412,NA,NA,D,0,0,2262043.138,179,2006,24,42.39,113.18
96571,Active,1591943,NA,NA,D,1,0,3656518.87,149.99,2007,17,32.77,114.9
96572,Active,636032,NA,NA,D,0,0,803620.0563,55,1997,40,6.51,21.98
96573,Active,113142,NA,NA,D,1,0,469068.04,72.95,2007,31,4.55,45.69
96574,Active,2617161,NA,NA,D,0,0,2088589.795,38.95,1985,22,4.4,30.3
96575,Active,2526250,NA,NA,D,0,0,898196.8175,35,1990,12,18.87,147.11
96576,Active,1587560,NA,NA,D,1,0,8800963.01,89,2007,0,0,0
96577,Active,3049561,NA,NA,D,1,0,6741994.675,189.95,2001,10,47.71,85.55
96578,Active,152153,NA,NA,D,0,0,3338950.728,169,2005,16,6.25,57.32
96579,Active,2650082,NA,NA,D,3,1,3208087.068,229.99,1999,12,92.66,170.03
96580,Active,2601224,NA,NA,D,0,0,2917752.264,159.99,1995,15,31.93,31.94
96581,Active,882508,NA,NA,D,3,1,9868542.168,155,1998,6,29.23,102.01
96582,Active,3012929,NA,NA,D,0,0,15354845.8,46,2002,0,0,0
96583,Active,200116,NA,NA,D,1,0,1638848.716,133.95,2007,15,13.74,23.49
96584,Active,299395,NA,NA,D,0,0,540320.0375,48,2001,14,16.64,50.14
96585,Active,3012941,NA,NA,D,0,0,4460033.45,59,2004,10,11.23,25.77
96586,Active,174907,NA,NA,D,1,0,602672.0213,79.99,2010,32,4.99,45.97
96587,Active,252053,NA,NA,D,5,1,362281.3225,326.95,2008,38,62.48,111.82
96588,Active,121740,NA,NA,D,4,1,5588481.406,102,1998,24,4,24.99
96589,Active,887911,NA,NA,D,0,0,2538296.356,329,2002,16,216.51,248.65
96590,Active,3821364,NA,NA,D,1,0,1656650,109.95,2006,29,103.98,128.66
96591,Active,3821356,NA,NA,D,23,1,1535642.8,49,1998,36,14.59,68.01
96592,Active,2699107,NA,NA,D,1,0,2762561.433,119,2001,17,5.48,68.35
96593,Active,2347991,NA,NA,D,3,1,3191633.193,175.49,2000,17,26.39,151.89
96594,Active,1677839,NA,NA,D,0,0,228122.5075,59.95,2012,27,21.88,37.99
96595,Active,1677779,NA,NA,D,4,1,4535034.679,210,2007,10,18.98,111.67
96596,Active,659629,NA,NA,D,0,0,550279.0013,49.95,2005,59,26.81,36.31
96597,Active,906057,NA,NA,D,1,0,2726914.516,234.95,2007,12,38.59,66.54
96598,Active,2679368,NA,NA,D,0,0,7183479.59,219,1992,20,7.16,60.36
96599,Active,284963,NA,NA,D,1,0,1445970.059,49.95,2003,26,4,45.35
96600,Active,650885,NA,NA,D,2,1,8256582.001,279,1998,15,6.64,87.53
96601,Active,3098953,NA,NA,D,5,1,3543915.09,42.95,2002,18,4.27,52.43
96602,Active,1533684,NA,NA,D,0,0,1440463.151,229,2007,27,38.36,80.22
96603,Active,793799,NA,NA,D,1,0,1888430.421,180,2003,13,15.86,27.18
96604,Active,3152869,NA,NA,D,2,1,8321530.758,99.95,1999,15,38.94,195.53
96605,Active,3619583,NA,NA,D,0,0,471504.95,129.4,2001,22,5.45,43.89
96606,Active,2664436,NA,NA,D,5,1,3841026.681,199,1998,16,4,28.89
96607,Active,2125289,NA,NA,D,0,0,9137380.028,69.99,2007,8,9.94,26.51
96608,Active,152237,NA,NA,D,2,1,1656507.841,169,2005,18,33.6,13.98
96609,Active,2338156,NA,NA,D,3,1,8674369.05,31.6,1996,13,94.95,0
96610,Active,565096,NA,NA,D,0,0,814721.4575,140,2008,14,9.19,98.78
96611,Active,1533643,NA,NA,D,0,0,2326836.529,129,2007,19,31.12,48.41
96612,Active,901650,NA,NA,D,1,0,4969185.859,79.95,2001,17,4.11,7.63
96613,Active,1464058,NA,NA,D,1,0,3018106.084,69.95,2007,20,23.41,37.99
96614,Active,2005596,NA,NA,D,0,0,3425382.354,94.95,2006,26,4,72.37
96615,Active,899261,NA,NA,D,0,0,1467779.364,0,2010,16,51.81,214.37
96616,Active,2596510,NA,NA,D,1,0,2292258.244,180,1995,20,6.24,57.67
96617,Active,259991,NA,NA,D,6,1,1561896.74,130.75,2003,37,4,22.67
96618,Active,218010,NA,NA,D,0,0,4011079.839,65,1997,21,4.38,8.35
96619,Active,1952089,NA,NA,D,0,0,2480548.521,129,2012,18,23.65,24.89
96620,Active,1929785,NA,NA,D,0,0,2054924.665,109,2012,16,69.66,79.56
96621,Active,284240,NA,NA,D,0,0,4247882.046,125,2004,18,4,8.97
96622,Active,1541604,NA,NA,D,4,1,2275334.591,73.95,2011,18,12.82,49.32
96623,Active,891214,NA,NA,D,1,0,2934946.43,250,1996,18,5.04,93.34
96624,Active,907040,NA,NA,D,0,0,1133816.1,74.95,2008,22,42.47,49.48
96625,Active,2613149,NA,NA,D,1,0,1172967.145,140,2005,26,43.98,63.99
96626,Active,911603,NA,NA,D,2,1,806162.9438,89.95,2004,19,13.74,44.69
96627,Active,118212,NA,NA,D,2,1,391319.1563,163.2,2007,39,18.39,84.37
96628,Active,591421,NA,NA,D,0,0,1831081.645,229,2003,14,66.49,153.17
96629,Active,2516785,NA,NA,D,2,1,7186813.105,22.36,1985,22,4,12.49
96630,Active,2579579,NA,NA,D,2,1,2128007.139,325,1994,11,53.98,167.08
96631,Active,2578629,NA,NA,D,0,0,3499765.525,84.95,1987,16,38.59,62.27
96632,Active,3524245,NA,NA,D,1,0,978436.2,250,1969,37,8.47,61.19
96633,Active,913414,NA,NA,D,1,0,1961627.268,95,2012,19,38.72,50.2
96634,Active,2827431,NA,NA,D,1,0,2901022.72,110,1997,20,4,16.45
96635,Active,1530463,NA,NA,D,0,0,430358.7375,38.97,2010,28,9.85,23.14
96636,Active,2418351,NA,NA,D,1,0,4289753.001,140,2001,19,33.99,102.61
96637,Active,2833047,NA,NA,D,0,0,1660648.136,239.95,1991,19,4.13,48.27
96638,Active,186550,NA,NA,D,0,0,1359206.304,57.5,2008,33,4.97,28.49
96639,Active,2610427,NA,NA,D,1,0,2941727.378,225,2000,23,10.2,70.94
96640,Active,3480933,NA,NA,D,2,1,2227503.65,69.99,1998,33,4,17.69
96641,Active,3854992,NA,NA,D,0,0,2492656.65,59.95,1900,24,4,39.34
96642,Active,2229846,NA,NA,D,0,0,1984304.843,50,2008,11,16.15,18.3
96643,Active,792762,NA,NA,D,1,0,661033.7025,80,1998,29,5.62,66.93
96644,Active,1472449,NA,NA,D,1,0,3633250.526,74,2008,18,24.62,69.14
96645,Active,161536,NA,NA,D,1,0,1632954.295,21.99,2007,27,4,36.99
96646,Active,320144,NA,NA,D,0,0,4017078.295,72.95,1997,24,3.99,9.98
96647,Active,245851,NA,NA,D,0,0,4911563.441,60,2005,27,4,8.19
96648,Active,137469,NA,NA,D,2,1,8663157.939,79,2004,16,4,60.26
96649,Active,1667687,NA,NA,D,0,0,706838.8513,42,2007,20,4.47,38.99
96650,Active,891890,NA,NA,D,1,0,4260045.818,54.95,2007,14,4.28,38.28
96651,Active,869113,NA,NA,D,3,1,3234511.963,25.5,1983,14,4.98,675
96652,Active,3297206,NA,NA,D,2,1,2370060.254,112.83,2004,16,12.12,112.83
96653,Active,646374,NA,NA,D,2,1,2442758.083,90,2003,12,7.97,38.99
96654,Active,280464,NA,NA,D,0,0,1421689.755,179,2006,17,33.96,32.27
96655,Active,3474746,NA,NA,D,0,0,3450456.6,65,1984,10,23.75,72.55
96656,Active,868130,NA,NA,D,1,0,2459098.55,46,1993,30,4.64,9.48
96657,Active,171733,NA,NA,D,1,0,1597266.35,70,2000,27,7.48,41.94
96658,Active,825549,NA,NA,D,2,1,491959.9763,35.95,2000,10,4.92,665.2
96659,Active,2574298,NA,NA,D,1,0,2675119.164,80.21,1975,30,4.34,45.9
96660,Active,3471065,NA,NA,D,0,0,6532937.65,79.95,2000,24,6.34,56.45
96661,Active,1472622,NA,NA,D,1,0,6659351.255,165,2009,9,37.46,82.81
96662,Active,718585,NA,NA,D,1,0,3641304.229,120,1999,19,10.02,74.24
96663,Active,776035,NA,NA,D,0,0,1328245.213,36.95,2009,33,4.42,23.01
96664,Active,617303,NA,NA,D,1,0,1228703.048,36.95,2009,41,4.05,21.66
96665,Active,157901,NA,NA,D,0,0,1365829.668,42.95,1998,12,17.5,48.86
96666,Active,670823,NA,NA,D,1,0,2458289.803,105,2011,12,11.94,39.9
96667,Active,1576457,NA,NA,D,1,0,538772.6438,57.95,2011,26,10.31,19.78
96668,Active,3036356,NA,NA,D,0,0,1396781.628,50,1999,35,15.34,53.99
96669,Active,629646,NA,NA,D,0,0,1939980.096,36.95,2009,18,7.19,12.99
96670,Active,125135,NA,NA,D,0,0,1165538.061,41.88,2007,56,4,0
96671,Active,2239754,NA,NA,D,0,0,1007143.861,159,2012,47,72.99,110.95
96672,Active,194694,NA,NA,D,0,0,1673252.724,84,2011,21,10.14,66.18
96673,Active,268118,NA,NA,D,1,0,851446.6625,49.95,2006,43,29.65,75.99
96674,Active,2572462,NA,NA,D,2,1,4795562.534,49.95,1993,27,4,5.57
96675,Active,761786,NA,NA,D,0,0,425033.9825,120,2005,28,9.35,0
96676,Active,619103,NA,NA,D,0,0,1595316.6,0,1900,37,4,34.99
96677,Active,870613,NA,NA,D,7,1,1497706.943,37.49,2004,21,4,45.67
96678,Active,677054,NA,NA,D,0,0,106217.505,29.95,2002,84,6.88,17.93
96679,Active,627646,NA,NA,D,0,0,883513.035,109,2003,30,32.99,71.44
96680,Active,2912473,NA,NA,D,0,0,1845865.705,15.5,2005,28,3.99,6.01
96681,Active,147002,NA,NA,D,1,0,966501.9125,48.95,2002,18,4.29,44.99
96682,Active,269700,NA,NA,D,0,0,49261.69375,29.95,2007,35,16.1,18.99
96683,Active,3812677,NA,NA,D,0,0,3269734.4,62,2000,33,4.4,50.71
96684,Active,656528,NA,NA,D,1,0,2412304.713,133.95,2002,18,9.33,61.53
96685,Active,293828,NA,NA,D,0,0,1805156.433,39.95,2002,23,4,41.79
96686,Active,222730,NA,NA,D,2,1,2242037.424,46.95,2005,37,11.87,35.6
96687,Active,3525084,NA,NA,D,0,0,5313922.6,40,2000,20,4.51,43.87
96688,Active,1641674,NA,NA,D,1,0,1936604.275,85,2012,14,6.48,68.9
96689,Active,116353,NA,NA,D,6,1,527655.6325,193.73,2010,27,12.1,137.82
96690,Active,905703,NA,NA,D,1,0,1953575.08,87,2008,18,6.33,31.15
96691,Active,247715,NA,NA,D,0,0,49482.49,41.95,2007,34,18.32,28.49
96692,Active,648264,NA,NA,D,0,0,1743220.66,105,1987,28,4,50.15
96693,Active,625010,NA,NA,D,0,0,9086893.413,53,1993,21,4,33.91
96694,Active,3138815,NA,NA,D,0,0,1559062.75,45.99,2000,19,4.46,45.57
96695,Active,630950,NA,NA,D,0,0,901195.9863,42.95,2010,22,29.58,0
96696,Active,884435,NA,NA,D,0,0,6088028.861,163,2007,12,19.97,70.15
96697,Active,2261310,NA,NA,D,2,1,3192819.253,117.68,2010,30,7.47,75.93
96698,Active,774846,NA,NA,D,2,1,4161628.58,54.95,1997,20,4.4,39.31
96699,Active,3782442,NA,NA,D,1,0,8169571.1,50,1992,20,4,6.99
96700,Active,3595313,NA,NA,D,3,1,2411194.35,60,2002,40,4,14.52
96701,Active,2784713,NA,NA,D,0,0,2539105.096,71.45,1982,27,7.31,52.21
96702,Active,2785336,NA,NA,D,3,1,1554585.403,159.95,1995,14,19.98,95.24
96703,Active,2852108,NA,NA,D,4,1,11957394.45,699,1995,0,0,0
96704,Active,2670086,NA,NA,D,0,0,1409495.741,63.5,1992,18,14.8,73.73
96705,Active,158299,NA,NA,D,0,0,91282.00625,64.95,2010,49,47.39,0
96706,Active,2591629,NA,NA,D,0,0,5281880.036,49.95,1985,14,7.28,63.99
96707,Active,644311,NA,NA,D,0,0,635243.1675,35,1980,34,17.7,76.2
96708,Active,2560218,NA,NA,D,1,0,6115570.2,0,1984,28,4.42,88.71
96709,Active,641057,NA,NA,D,0,0,1201401.965,139,2006,12,60.69,0
96710,Active,660321,NA,NA,D,0,0,1207836.058,139,2012,24,61.99,98.62
96711,Active,193291,NA,NA,D,0,0,3226560.304,107,2003,16,9.06,25.94
96712,Active,3784553,NA,NA,D,2,1,16639233.8,0,1996,5,19.48,0
96713,Active,2473309,NA,NA,D,0,0,6300208.523,67.53,1981,14,3.88,66.39
96714,Active,175753,NA,NA,D,1,0,1881500.583,110,2005,19,6.39,48.99
96715,Active,190054,NA,NA,D,0,0,1419510.716,55,2007,17,24.94,24.93
96716,Active,152121,NA,NA,D,0,0,1068572.05,59.95,2003,54,6.27,22.83
96717,Active,504170,NA,NA,D,1,0,1482128.3,60,2009,41,6.98,28.95
96718,Active,529293,NA,NA,D,4,1,2407021.626,115.95,2011,14,59.93,49.97
96719,Active,290266,NA,NA,D,1,0,1190026.068,203.99,2010,19,31.99,175.83
96720,Active,571922,NA,NA,D,1,0,2328570.021,17.68,2004,28,4.68,17.67
96721,Active,183476,NA,NA,D,0,0,3732258.133,141.95,2006,11,7.49,73.98
96722,Active,114151,NA,NA,D,0,0,3141408.994,69.6,2001,23,4.12,19.98
96723,Active,1733871,NA,NA,D,2,1,583523.0663,42.99,2007,19,9.44,38.24
96724,Active,233374,NA,NA,D,2,1,102998.19,35.99,2006,87,5.19,0
96725,Active,912151,NA,NA,D,0,0,4269675.4,19.95,1997,20,4,8.23
96726,Active,914128,NA,NA,D,0,0,4076083.979,19.95,1999,19,4,12.98
96727,Active,907544,NA,NA,D,0,0,5164372.9,23.95,1997,18,4,7.03
96728,Active,1533397,NA,NA,D,0,0,2274573.755,159,2007,19,123.14,123.23
96729,Active,552848,NA,NA,D,2,1,4397865.998,120,2008,20,4,48.09
96730,Active,245657,NA,NA,D,0,0,413169.45,249,2003,23,90.2,166
96731,Active,3084153,NA,NA,D,0,0,1028715.061,19.95,2002,28,4,23.99
96732,Active,226077,NA,NA,D,1,0,2271136.976,124.95,1997,27,4,14.73
96733,Active,897853,NA,NA,D,3,1,3887507.466,49.95,2004,15,4.78,46.99
96734,Active,245500,NA,NA,D,0,0,1825330.196,249,2005,29,85.88,180.36
96735,Active,145563,NA,NA,D,1,0,3723402.784,54.99,2006,28,4,10.44
96736,Active,908473,NA,NA,D,2,1,2811241.95,54.99,2008,19,7.88,46
96737,Active,765016,NA,NA,D,5,1,7619256.734,48.95,1998,15,4,23.74
96738,Active,2043085,NA,NA,D,0,0,2963100.765,85,2009,20,4,11.49
96739,Active,2043135,NA,NA,D,2,1,2289569.934,79.95,2011,15,8.59,9.3
96740,Active,199267,NA,NA,D,1,0,2952816.044,138,2005,13,37.99,51.92
96741,Active,900855,NA,NA,D,0,0,828225.2125,29.95,1994,25,4.96,50.56
96742,Active,3726135,NA,NA,D,0,0,1086289.1,299,2003,34,101.99,93.12
96743,Active,2723962,NA,NA,D,2,1,4899031.73,50.95,2003,14,4.97,45.98
96744,Active,630075,NA,NA,D,1,0,349498.1763,44.95,2009,48,9.38,15.47
96745,Active,863236,NA,NA,D,0,0,5640160.839,211.49,2004,10,27.47,172.01
96746,Active,636896,NA,NA,D,0,0,456596.5788,249,2008,28,117.74,185.53
96747,Active,116143,NA,NA,D,7,1,1591551.055,128.6,2005,22,4.41,38.99
96748,Active,1582441,NA,NA,D,2,1,1634935.681,29.99,2009,23,12.73,28.02
96749,Active,1844975,NA,NA,D,6,1,4772664.416,99.5,2006,13,6.38,26.43
96750,Active,653085,NA,NA,D,1,0,3692326.378,85,2004,14,4,78.06
96751,Active,632432,NA,NA,D,5,1,3060336.601,30,2004,17,4,23.99
96752,Active,664902,NA,NA,D,0,0,2062103.494,210,2013,15,103.99,177.99
96753,Active,896266,NA,NA,D,6,1,5662051.954,131.39,2007,13,4.98,76.12
96754,Active,2419410,NA,NA,D,2,1,2227933.493,85,2004,22,4,61.17
96755,Active,653074,NA,NA,D,1,0,2703859.371,65,2011,14,7.68,65
96756,Active,1538194,NA,NA,D,1,0,2045728.601,158,2009,13,35.57,95.21
96757,Active,669879,NA,NA,D,0,0,1594323.86,60,2003,10,13.99,50.27
96758,Active,647587,NA,NA,D,0,0,632885.575,250,2007,19,7.21,8.79
96759,Active,2418833,NA,NA,D,1,0,4283007.465,115,2003,17,46.45,97.21
96760,Active,2283177,NA,NA,D,0,0,563007,0,2012,13,0,0
96761,Active,2609404,NA,NA,D,1,0,1039424.938,105,2000,39,13.9,23.16
96762,Active,649901,NA,NA,D,1,0,836132.1313,50,2011,18,5.98,23.76
96763,Active,173644,NA,NA,D,1,0,870933.2438,44.99,2009,39,4.97,24.5
96764,Active,198981,NA,NA,D,1,0,2590272.701,138,2000,23,4,15
96765,Active,2132107,NA,NA,D,0,0,1806332.83,89.95,2009,43,42.35,52.94
96766,Active,2440989,NA,NA,D,0,0,103398.5063,13,1975,66,7.2,43.99
96767,Active,904635,NA,NA,D,0,0,3117090.866,57.5,2004,18,22.58,80.89
96768,Active,550397,NA,NA,D,0,0,983065.8013,48.75,2006,110,3.75,14.99
96769,Active,619992,NA,NA,D,5,1,1760037.461,4.99,2006,53,4,5.04
96770,Active,2593608,NA,NA,D,0,0,1580351.866,179.99,1995,17,11.64,167.05
96771,Active,2177980,NA,NA,D,0,0,2430940.249,219,2006,15,139.52,165.13
96772,Active,635074,NA,NA,D,1,0,827636.515,97.95,2010,25,17.16,42.99
96773,Active,230634,NA,NA,D,1,0,1515540.986,80,1999,47,4,41.99
96774,Active,3018291,NA,NA,D,0,0,301134.7913,54.95,1999,37,5.13,25.59
96775,Active,3018387,NA,NA,D,2,1,2010727.389,54.95,2003,28,4.13,10.18
96776,Active,1699142,NA,NA,D,0,0,2564492.574,149.95,2006,11,13.19,26.99
96777,Active,132704,NA,NA,D,4,1,1793993.27,28.67,2009,39,4,7.24
96778,Active,868192,NA,NA,D,0,0,1743328.506,59.95,1992,55,4,28.71
96779,Active,2540237,NA,NA,D,0,0,2081383.296,39.95,2004,21,3.99,20.48
96780,Active,184453,NA,NA,D,2,1,1578568.788,59.95,2000,30,4,19.44
96781,Active,3468148,NA,NA,D,2,1,7528775.5,62.81,2000,27,4,18.98
96782,Active,485127,NA,NA,D,1,0,1167869.13,328,2008,15,310.51,265.18
96783,Active,2580277,NA,NA,D,1,0,1173453.831,85,1996,18,4,50.47
96784,Active,1469970,NA,NA,D,0,0,4214212.198,65,2006,20,6.74,61.11
96785,Active,638566,NA,NA,D,1,0,2682202.249,57.95,2006,17,4.7,10.09
96786,Active,1848521,NA,NA,D,0,0,780759.6975,44.95,2012,14,23.65,32.25
96787,Active,892593,NA,NA,D,0,0,1320256.256,75,2012,18,46.51,74.27
96788,Active,163567,NA,NA,D,2,1,659027.2863,85,2004,30,23.24,101.09
96789,Active,162538,NA,NA,D,2,1,2115126.033,215.5,2007,35,8.78,44.73
96790,Active,561192,NA,NA,D,5,1,2006911.238,172.67,2008,27,5.28,675
96791,Active,740800,NA,NA,D,7,1,6232971.175,152.67,2005,12,9.98,0
96792,Active,3530613,NA,NA,D,8,1,1748353.8,79.95,1994,24,27.48,66.85
96793,Active,244107,NA,NA,D,1,0,4463680.741,133.95,2011,16,8.91,32.97
96794,Active,2273764,NA,NA,D,9,1,2428301.55,608.26,1900,35,0,0
96795,Active,678330,NA,NA,D,0,0,149062.39,22.95,1997,50,9.96,12.98
96796,Active,745100,NA,NA,D,0,0,3740559.626,102.09,2006,12,6.9,88.61
96797,Active,2562160,NA,NA,D,0,0,6862649.753,70.78,1988,16,4,23.94
96798,Active,136676,NA,NA,D,0,0,954999.8838,68,2006,17,11.06,57.67
96799,Active,266850,NA,NA,D,1,0,1331846.575,34.99,2004,35,4,10.94
96800,Active,2299521,NA,NA,D,0,0,1673266,0,1900,8,0,0
96801,Active,2346901,NA,NA,D,0,0,729508.7113,88,1989,21,21.8,53.99
96802,Active,916221,NA,NA,D,1,0,826634.2263,81,1994,34,22.98,35.24
96803,Active,902202,NA,NA,D,13,1,2182902.973,718.25,2009,20,3.89,5.62
96804,Active,1702076,NA,NA,D,0,0,13355487.04,104,2008,0,0,0
96805,Active,889922,NA,NA,D,0,0,7722477.879,310,2006,17,61.03,197.33
96806,Active,2015673,NA,NA,D,1,0,2081048.844,199,2007,17,5.11,95.31
96807,Active,896924,NA,NA,D,0,0,736606.0375,41,2012,21,40.3,157.17
96808,Active,2140261,NA,NA,D,0,0,801453.7038,0,2007,12,8.99,0
96809,Active,529233,NA,NA,D,2,1,2936263.348,210,2010,18,13.09,58.87
96810,Active,178788,NA,NA,D,2,1,2132805.859,98.95,2000,27,7.17,15.94
96811,Active,441550,NA,NA,D,0,0,5566968.739,72.95,2003,22,4.76,28.99
96812,Active,137497,NA,NA,D,2,1,5046756.096,60.6,2005,26,4.37,26.58
96813,Active,515153,NA,NA,D,0,0,6924227.043,25.4,2004,14,4,18.67
96814,Active,529231,NA,NA,D,3,1,709240.1175,127.5,2009,14,5.97,112.86
96815,Active,417870,NA,NA,D,0,0,5558205.474,69.95,1996,15,7.83,43.99
96816,Active,174905,NA,NA,D,0,0,689192.865,80,2009,51,10.64,18.97
96817,Active,574726,NA,NA,D,0,0,2639633.464,33.5,2006,18,4.99,32.93
96818,Active,3788706,NA,NA,D,2,1,2304288.9,231,2001,19,33.35,224.78
96819,Active,623799,NA,NA,D,5,1,600278.4625,213,2012,45,6,0
96820,Active,3788707,NA,NA,D,2,1,8706946.65,123,2001,2,133.46,0
96821,Active,1769068,NA,NA,D,0,0,2021079.361,69.99,2014,38,32.09,54.97
96822,Active,2529530,NA,NA,D,0,0,2442899.373,470,1996,17,15.43,42.97
96823,Active,126047,NA,NA,D,0,0,3374100.415,164.99,2001,16,6.94,23.99
96824,Active,330685,NA,NA,D,0,0,4162793.685,55.3,2005,14,5.01,46.3
96825,Active,800874,NA,NA,D,0,0,8248101.636,124,2008,12,4.3,51.57
96826,Active,3796181,NA,NA,D,0,0,3669783.65,65,2006,20,4.99,10.06
96827,Active,2615240,NA,NA,D,0,0,6092041.758,134.99,2004,15,13.98,79.26
96828,Active,2418698,NA,NA,D,1,0,3652354.796,71.5,2002,16,17.76,73.39
96829,Active,105335,NA,NA,D,1,0,3907680.746,247.42,2003,16,5.25,74.97
96830,Active,108373,NA,NA,D,4,1,2577502.804,9.66,2004,31,4,0
96831,Active,113806,NA,NA,D,0,0,3920266.729,120,2002,30,4,24.67
96832,Active,107361,NA,NA,D,1,0,490653.5413,10.52,2003,28,4,16.98
96833,Active,774333,NA,NA,D,0,0,2831106.486,94.01,2008,24,4.8,68.51
96834,Active,809130,NA,NA,D,0,0,2978673.305,125,2010,16,4.29,58.85
96835,Active,2407646,NA,NA,D,1,0,2014378.611,1250,1998,14,61.06,675
96836,Active,365168,NA,NA,D,1,0,1586207.205,310,2005,20,19.28,91.43
96837,Active,900948,NA,NA,D,3,1,1146342.499,103,2012,20,25.29,97.91
96838,Active,2470940,NA,NA,D,0,0,6861151.678,66.4,1994,10,9.97,21.99
96839,Active,3118484,NA,NA,D,1,0,2499943.715,351,2001,5,39.68,290.35
96840,Active,194978,NA,NA,D,2,1,1807940.003,32.95,2005,27,4,10.99
96841,Active,1645590,NA,NA,D,3,1,5507090.068,84,2008,13,19.36,84
96842,Active,722959,NA,NA,D,5,1,3216935.15,215,2007,9,106.01,327.03
96843,Active,289732,NA,NA,D,4,1,5654798.458,83.95,2005,22,5.67,25.56
96844,Active,3473075,NA,NA,D,10,1,1438336.75,144.47,2014,34,49.84,136.08
96845,Active,868998,NA,NA,D,0,0,2906130.648,0,2011,10,5.97,0
96846,Active,570571,NA,NA,D,1,0,2633894.096,49.95,2009,13,15.73,19.99
96847,Active,299775,NA,NA,D,1,0,1945664.745,88.5,2006,13,37.89,153.35
96848,Active,139576,NA,NA,D,0,0,2150306.641,339,1998,22,176.35,228.27
96849,Active,1533584,NA,NA,D,0,0,749142.5413,179,2006,17,74.95,74.99
96850,Active,2126963,NA,NA,D,0,0,6023264.873,351,2009,12,36.15,246.93
96851,Active,864257,NA,NA,D,2,1,1039752.003,74.95,2012,24,36.67,0
96852,Active,366248,NA,NA,D,2,1,2555826.18,72.95,2003,23,4,48.06
96853,Active,175858,NA,NA,D,0,0,2160836.438,145,2006,19,16.64,83.98
96854,Active,515762,NA,NA,D,1,0,6873827.654,200,2003,17,29.43,73.99
96855,Active,443243,NA,NA,D,1,0,1254611.11,49.95,2008,30,4,47.7
96856,Active,193518,NA,NA,D,0,0,1605375.028,34.5,2006,17,4,7.98
96857,Active,1583296,NA,NA,D,0,0,467073.2425,69.99,2013,22,31.56,31.56
96858,Active,427229,NA,NA,D,1,0,748285.9313,75,2010,22,6.38,22.59
96859,Active,580094,NA,NA,D,0,0,1161138.664,112.25,2012,19,6.48,78.58
96860,Active,427125,NA,NA,D,1,0,4422901.809,435,2007,12,73.99,78.95
96861,Active,660153,NA,NA,D,0,0,2686795.646,76,2008,14,6.39,33.64
96862,Active,268761,NA,NA,D,3,1,1806136.565,45,2005,21,4.3,4.89
96863,Active,775857,NA,NA,D,0,0,8625630.999,42,2005,14,3.93,4.94
96864,Active,899887,NA,NA,D,1,0,5081384.083,99,2007,18,6.25,31.74
96865,Active,1592855,NA,NA,D,1,0,4185422.676,125,2006,19,18.63,96.98
96866,Active,143080,NA,NA,D,2,1,3525919.265,130,2005,13,8.36,0
96867,Active,1766440,NA,NA,D,0,0,2179987.643,99,2013,19,14.54,73.98
96868,Active,907077,NA,NA,D,0,0,2877238.371,126,2004,22,4.35,24.62
96869,Active,600129,NA,NA,D,2,1,1773769.468,40,2008,18,7.48,22.97
96870,Active,128895,NA,NA,D,2,1,283686.2338,85,2005,51,12.32,52.1
96871,Active,2612526,NA,NA,D,1,0,6198671.408,159.99,2001,18,29.78,109.05
96872,Active,3082547,NA,NA,D,0,0,3987611.495,45,2005,18,4.5,42.99
96873,Active,3610107,NA,NA,D,3,1,10929661.95,80,2003,12,10.85,107.07
96874,Active,738289,NA,NA,D,2,1,8648427.723,31,2001,10,14.84,111.23
96875,Active,634154,NA,NA,D,1,0,2376295.515,182,2005,15,4.98,12.36
96876,Active,617283,NA,NA,D,0,0,3189466.434,229,1995,32,4,10.99
96877,Active,50983,NA,NA,D,7,1,103945.9025,244.2,2010,125,5.49,28.82
96878,Active,355527,NA,NA,D,2,1,6405830.226,74.95,1998,28,4.75,46.25
96879,Active,625455,NA,NA,D,1,0,1119113.106,65,2003,30,4.61,107.41
96880,Active,149210,NA,NA,D,0,0,2122090.706,39,2006,18,6,32.48
96881,Active,172645,NA,NA,D,1,0,549689.6663,44,2010,44,4,16.98
96882,Active,862538,NA,NA,D,0,0,801130.7625,98.81,1989,27,17.5,78.99
96883,Active,700571,NA,NA,D,1,0,2853580.379,65.95,2003,21,7.48,39.85
96884,Active,156798,NA,NA,D,4,1,856240.5463,67.95,1999,22,21.13,47.99
96885,Active,573940,NA,NA,D,0,0,579893.4775,41.95,2008,48,17.94,27.49
96886,Active,544352,NA,NA,D,3,1,47832.81625,156.95,2013,50,11.3,49.97
96887,Active,900950,NA,NA,D,1,0,2795725.074,55,2011,12,42.57,42.98
96888,Active,2763483,NA,NA,D,0,0,1578711.8,85,2005,8,6.53,132.51
96889,Active,53088,NA,NA,D,9,1,361643.46,127.8,2010,51,4,61.19
96890,Active,157653,NA,NA,D,2,1,451990.5663,36.95,2007,30,5.31,26.99
96891,Active,197804,NA,NA,D,1,0,2904648.781,78.53,2006,17,4,105.78
96892,Active,819349,NA,NA,D,1,0,3649720.74,19.95,1986,28,4,16.9
96893,Active,539866,NA,NA,D,3,1,108548.8613,69.95,2013,50,8.55,32.62
96894,Active,1854697,NA,NA,D,0,0,1775307.364,40,2009,14,4.72,9.65
96895,Active,716594,NA,NA,D,4,1,6199106.343,79.25,2009,16,13.99,56.38
96896,Active,258360,NA,NA,D,0,0,4389269.873,61,1998,23,4.05,18.88
96897,Active,2647947,NA,NA,D,1,0,8413522.174,81.95,1997,17,4.96,69.76
96898,Active,193652,NA,NA,D,0,0,1454669.959,118,2008,39,6.48,292.07
96899,Active,883310,NA,NA,D,0,0,5027808.991,92,2003,12,5.1,14.99
96900,Active,259525,NA,NA,D,0,0,3786099.391,28.75,2000,20,4,34.99
96901,Active,892574,NA,NA,D,7,1,2922038.376,385,2012,11,69.01,76.24
96902,Active,737457,NA,NA,D,7,1,2346996.749,29,2006,21,4,72.33
96903,Active,1469858,NA,NA,D,1,0,5249082.748,140,2008,16,36.3,112.57
96904,Active,635780,NA,NA,D,1,0,741793.355,93.75,1994,23,8.3,68.92
96905,Active,2526103,NA,NA,D,0,0,10161933.69,74.95,1989,11,4,84.94
96906,Active,3120833,NA,NA,D,3,1,4398279.864,69.95,2005,13,5.47,55.15
96907,Active,574714,NA,NA,D,0,0,1478225.776,138,2008,24,10.54,130.07
96908,Active,574804,NA,NA,D,0,0,879802.5975,54,2010,28,12.77,43.64
96909,Active,1464283,NA,NA,D,3,1,8482008.948,175,2006,9,17.99,133.85
96910,Active,2717038,NA,NA,D,3,1,9106452.15,0,2002,11,4,0
96911,Active,165448,NA,NA,D,1,0,2057891.461,85,2001,30,4,13.54
96912,Active,614608,NA,NA,D,0,0,1568664.669,55,1997,54,4,5.91
96913,Active,2600553,NA,NA,D,0,0,3279626.671,125,1995,23,20.86,104.29
96914,Active,2270616,NA,NA,D,2,1,428099.1,160.58,2011,17,55.33,127.36
96915,Active,729751,NA,NA,D,2,1,3372417.273,68.9,2000,34,4.57,12.95
96916,Active,288238,NA,NA,D,3,1,1719886.609,5.04,2002,36,4,4.99
96917,Active,2274888,NA,NA,D,0,0,1684025.368,110.26,2008,19,11.07,59.67
96918,Active,261251,NA,NA,D,2,1,1529319.594,82,1995,41,4,26.38
96919,Active,904048,NA,NA,D,1,0,1446767.263,32,1990,22,8.41,33.95
96920,Active,764654,NA,NA,D,5,1,1330335.733,94.95,2005,20,48.48,106.64
96921,Active,2491489,NA,NA,D,1,0,1276468.339,61.95,2003,21,6.75,80.23
96922,Active,621144,NA,NA,D,1,0,407992.1063,52,1984,44,6.37,30.29
96923,Active,655837,NA,NA,D,0,0,2018701.385,78,2001,20,6.13,36.72
96924,Active,2834432,NA,NA,D,0,0,1908888.634,95,1991,27,60.11,95
96925,Active,1434732,NA,NA,D,4,1,2658595.62,51.82,2011,14,26.41,30.75
96926,Active,2620349,NA,NA,D,4,1,5735285.014,48.95,1996,20,3.97,4
96927,Active,201703,NA,NA,D,0,0,1832728.171,72.95,2006,21,10.89,58.69
96928,Active,896554,NA,NA,D,2,1,3927817.258,175,2013,14,24.96,154.42
96929,Active,236431,NA,NA,D,0,0,970310.9113,44.95,1995,30,4.14,23.94
96930,Active,2795857,NA,NA,D,0,0,3094023.004,134.21,1966,14,7.36,96.9
96931,Active,3610426,NA,NA,D,5,1,2708279.35,109,1999,27,9.51,63.99
96932,Active,895244,NA,NA,D,0,0,547950.8863,0,1993,20,17.52,30.53
96933,Active,256468,NA,NA,D,2,1,1904299.424,34.96,2004,26,4.05,7.99
96934,Active,262789,NA,NA,D,7,1,888490.86,47.95,2010,28,5.49,0
96935,Active,230629,NA,NA,D,1,0,509734.6638,65,1999,19,18.99,64.99
96936,Active,2259089,NA,NA,D,3,1,2237991.715,93.12,2006,31,9.83,91.34
96937,Active,626021,NA,NA,D,1,0,2561760.705,70,2003,30,4.39,13.19
96938,Active,1471835,NA,NA,D,1,0,2449357.825,90,2011,16,23.97,32.79
96939,Active,247758,NA,NA,D,0,0,4376714.473,95,2007,14,21.14,46.28
96940,Active,225787,NA,NA,D,0,0,2995216.226,79.95,2003,24,4.5,12.5
96941,Active,128730,NA,NA,D,1,0,1323612.869,110,2011,16,32.18,36.92
96942,Active,2055077,NA,NA,D,0,0,1025145.286,39.95,2009,18,30.97,36.26
96943,Active,3472371,NA,NA,D,0,0,4050014.35,62,1994,28,5.8,51.84
96944,Active,789671,NA,NA,D,1,0,1110495.551,110,2006,21,9.66,59.98
96945,Active,372196,NA,NA,D,1,0,3705620.749,279.95,2007,10,218.04,240.22
96946,Active,2565448,NA,NA,D,1,0,3755046.068,79.95,1998,9,20.99,100.83
96947,Active,268405,NA,NA,D,1,0,778133,91,2005,24,4.97,42.89
96948,Active,664033,NA,NA,D,0,0,2949497.766,209,2013,11,33.23,153.43
96949,Active,644178,NA,NA,D,1,0,288934.005,36,2004,27,4,33.76
96950,Active,901623,NA,NA,D,0,0,2880205.069,31,1991,18,4,4.81
96951,Active,2537700,NA,NA,D,0,0,2028904.158,30.95,2000,17,4,45
96952,Active,920200,NA,NA,D,0,0,524675.22,12,1992,42,4,18.86
96953,Active,2592239,NA,NA,D,0,0,4415225.891,22.95,1986,26,4.76,58.71
96954,Active,2338919,NA,NA,D,3,1,2888519.4,54.95,2005,15,15.93,51.99
96955,Active,651968,NA,NA,D,2,1,1760904.219,324.99,2007,26,25.04,0
96956,Active,266171,NA,NA,D,2,1,1866258.586,164,2005,25,78.86,220.99
96957,Active,599933,NA,NA,D,1,0,409368.9463,99.95,2010,30,5.48,47.33
96958,Active,3798739,NA,NA,D,3,1,10664945.65,0,2007,7,8.63,122.97
96959,Active,265098,NA,NA,D,0,0,626621.68,36.95,2005,21,31.67,36.95
96960,Active,254860,NA,NA,D,1,0,837125.95,49.95,2006,26,4,33.16
96961,Active,1779498,NA,NA,D,1,0,578271.09,49.99,2013,46,5.53,13.96
96962,Active,157393,NA,NA,D,1,0,664082.2088,36.95,2006,23,6.53,21.94
96963,Active,920741,NA,NA,D,0,0,862692.2163,29.99,1992,67,4,8.54
96964,Active,2534969,NA,NA,D,0,0,1723197.261,47.95,1998,18,4.72,50.66
96965,Active,2694833,NA,NA,D,1,0,6224660.103,62,2003,20,5.4,43.29
96966,Active,529145,NA,NA,D,6,1,588857.5225,99.75,2011,32,8.35,115
96967,Active,326308,NA,NA,D,4,1,6511709.725,80,2005,26,4,43.91
96968,Active,156988,NA,NA,D,0,0,958885.87,51.95,2003,16,15.63,0
96969,Active,157530,NA,NA,D,1,0,798858.9163,49.95,2009,77,5.19,9.68
96970,Active,157652,NA,NA,D,1,0,260651.1325,44.95,2007,22,11.5,0
96971,Active,156827,NA,NA,D,1,0,5236023.729,39.95,2002,20,4,36.84
96972,Active,2773984,NA,NA,D,1,0,1334177.994,110.5,1992,25,19.97,42.43
96973,Active,272081,NA,NA,D,0,0,630210.2225,75.95,2007,17,7.75,73.44
96974,Active,911317,NA,NA,D,1,0,2436640.584,133.95,2009,30,4.3,98.9
96975,Active,149598,NA,NA,D,2,1,2743295.463,34.95,2005,26,4,17.43
96976,Active,1540066,NA,NA,D,1,0,2364023.019,59.95,2009,16,32.51,48.37
96977,Active,331819,NA,NA,D,0,0,3980458.654,29.99,1996,22,4.77,29.98
96978,Active,2416985,NA,NA,D,0,0,1242083.495,1132.55,1997,10,6.39,152.59
96979,Active,666536,NA,NA,D,0,0,2451874.383,72,2007,16,4.95,73.85
96980,Active,175335,NA,NA,D,0,0,720516.2338,42,2005,53,4,25.96
96981,Active,555839,NA,NA,D,3,1,8306389.04,55,2005,14,4,36.96
96982,Active,555864,NA,NA,D,0,0,8341674.099,47.63,2008,12,4,42.99
96983,Active,157410,NA,NA,D,1,0,1037990.686,67.95,2006,34,5.47,38.17
96984,Active,208053,NA,NA,D,0,0,682317.9975,39,2001,39,4,11.47
96985,Active,2564997,NA,NA,D,7,1,4489079.603,113.6,2002,12,5.05,47.47
96986,Active,410635,NA,NA,D,1,0,2665432.689,105,2001,5,10.37,11.49
96987,Active,178231,NA,NA,D,1,0,2411173.723,132.95,1999,32,4,43.85
96988,Active,366696,NA,NA,D,1,0,765438.6988,212.95,1999,14,9.14,68.73
96989,Active,197296,NA,NA,D,0,0,849622.735,39.95,2008,29,11.47,33.98
96990,Active,3132623,NA,NA,D,2,1,2642593.198,149,1998,4,53.35,99
96991,Active,340191,NA,NA,D,1,0,1668078.293,170,2008,20,48.62,79.19
96992,Active,128137,NA,NA,D,0,0,5171047.176,86.5,1998,22,5.45,50.48
96993,Active,136605,NA,NA,D,2,1,400066.6188,85,2001,59,9.57,40.11
96994,Active,2098090,NA,NA,D,7,1,363326.9213,71.2,2014,9,38.99,352.6
96995,Active,2617488,NA,NA,D,3,1,1574743.314,21.49,1987,20,5.89,27.99
96996,Active,2618534,NA,NA,D,4,1,1435689.745,98.95,1993,23,4,39.98
96997,Active,368502,NA,NA,D,1,0,2348660.118,130,2001,14,20.47,52.14
96998,Active,1929960,NA,NA,D,0,0,1794767.965,159,2012,20,121.47,101.61
96999,Active,3291486,NA,NA,D,3,1,1434557,101.44,2005,14,32.09,98.75
97000,Active,152364,NA,NA,D,0,0,1075839.659,89.95,2006,22,48.61,45.62
97001,Active,312200,NA,NA,D,2,1,2985798.431,109,1999,16,12.96,51.98
97002,Active,275668,NA,NA,D,0,0,1325461.085,65,2004,21,5.93,0
97003,Active,196519,NA,NA,D,1,0,2462871.55,48.95,2004,19,13.37,87.81
97004,Active,2598782,NA,NA,D,0,0,5216050.146,109.99,1993,19,11.46,52.74
97005,Active,269563,NA,NA,D,1,0,845140.5325,125,2009,23,17.24,52.49
97006,Active,196753,NA,NA,D,0,0,2396331.881,41.95,2007,18,4,45.26
97007,Active,265063,NA,NA,D,0,0,1914033.901,75,2011,28,5.09,39.89
97008,Active,120645,NA,NA,D,1,0,3114068.493,96.19,2008,33,4,53.99
97009,Active,902801,NA,NA,D,1,0,2193311.693,54.99,2007,17,28.89,42.98
97010,Active,162208,NA,NA,D,2,1,513489.175,160,2007,30,62.06,76.47
97011,Active,921669,NA,NA,D,0,0,266785.5763,34.99,1993,80,4.23,14.09
97012,Active,529116,NA,NA,D,2,1,892973.9325,99.95,2011,23,24.98,56.06
97013,Active,1923496,NA,NA,D,0,0,623552.2625,89.95,2012,52,35.41,61.75
97014,Active,112971,NA,NA,D,1,0,3569065.18,108,1995,18,4.85,44.71
97015,Active,870009,NA,NA,D,0,0,12709020.98,8.99,1996,16,4.95,8.99
97016,Active,661472,NA,NA,D,1,0,3618896.544,75,2011,15,5.17,125.72
97017,Active,152452,NA,NA,D,2,1,3384477.8,69.95,2007,18,9.76,16.48
97018,Active,912552,NA,NA,D,10,1,1858160.145,45.37,2006,48,7.49,39.72
97019,Active,1657665,NA,NA,D,1,0,3606072.573,74.03,2008,10,9.34,145.55
97020,Active,343093,NA,NA,D,0,0,1916119.045,122.76,1960,13,12.98,59.39
97021,Active,881765,NA,NA,D,0,0,318019.8,0,1900,17,12.99,0
97022,Active,257506,NA,NA,D,0,0,1462777.098,62.95,2001,20,8.98,44.98
97023,Active,281014,NA,NA,D,0,0,798586.95,119,1999,17,8.17,62.43
97024,Active,548275,NA,NA,D,1,0,207001.6888,257.95,1986,47,25.98,78.83
97025,Active,291408,NA,NA,D,0,0,2031547.973,215,2005,21,50.98,100
97026,Active,1723227,NA,NA,D,5,1,9782328.98,68,2008,8,18.69,63.98
97027,Active,107292,NA,NA,D,3,1,2682476.274,109.25,2000,39,4,17.99
97028,Active,2422969,NA,NA,D,2,1,2903243.265,73.99,1982,28,4,67.06
97029,Active,882894,NA,NA,D,3,1,7295752.585,55.01,2001,13,10.2,53.65
97030,Active,339674,NA,NA,D,1,0,1984006.185,112,2008,24,62.08,73.94
97031,Active,167708,NA,NA,D,1,0,3455797.985,70,1998,24,4.92,47.33
97032,Active,190002,NA,NA,D,0,0,760908.115,99.95,2006,43,11.38,28.99
97033,Active,272354,NA,NA,D,1,0,3056765.513,49.95,2008,15,6.37,48
97034,Active,353139,NA,NA,D,5,1,6170729.61,89.5,2004,22,4.76,46.61
97035,Active,566644,NA,NA,D,0,0,2431370.045,43.98,1991,26,4,38.93
97036,Active,129676,NA,NA,D,1,0,347559.4638,160,1997,48,25.27,143.97
97037,Active,306535,NA,NA,D,2,1,127170.9488,24.01,2003,38,18.99,21.54
97038,Active,698807,NA,NA,D,2,1,625463.3875,47.88,2003,23,26.13,39.37
97039,Active,2609279,NA,NA,D,1,0,1888169.508,85,2002,25,5.98,70.67
97040,Active,2075863,NA,NA,D,1,0,3590778.52,50,2010,14,46.74,94.1
97041,Active,339892,NA,NA,D,1,0,8274480.8,175,2010,14,8.94,106.69
97042,Active,115392,NA,NA,D,6,1,2672372.216,103.33,2002,36,4,12.44
97043,Active,317651,NA,NA,D,4,1,985445.8813,103.98,2010,16,12.99,52.9
97044,Active,397156,NA,NA,D,2,1,385366.2788,10,2007,13,15.61,33.98
97045,Active,370016,NA,NA,D,6,1,2065162.32,57,2006,15,7.54,89.02
97046,Active,333772,NA,NA,D,1,0,2548212.956,49.95,2001,20,9.84,43.94
97047,Active,3197203,NA,NA,D,2,1,1094487.974,22.88,2003,13,15.96,19.87
97048,Active,902331,NA,NA,D,1,0,2662319.505,69.64,2008,19,4,19.17
97049,Active,113725,NA,NA,D,0,0,600617.105,216,2005,57,10.14,63.96
97050,Active,402809,NA,NA,D,3,1,1017177.318,88.95,2005,21,12.93,31.18
97051,Active,193066,NA,NA,D,3,1,3642295.081,93.95,2007,21,30.27,73.48
97052,Active,333758,NA,NA,D,0,0,978899.8913,64.95,1998,23,19.98,119.63
97053,Active,278659,NA,NA,D,0,0,792650.1625,64.95,2002,23,12.14,61.33
97054,Active,245630,NA,NA,D,0,0,1043628.265,179,2002,21,58.9,73.56
97055,Active,347276,NA,NA,D,0,0,2884032.195,69.95,1995,18,7.91,93.99
97056,Active,158383,NA,NA,D,1,0,4825360.911,59.95,2000,14,5.56,59.95
97057,Active,347651,NA,NA,D,1,0,784949.475,84.99,2002,38,38.87,72.37
97058,Active,320792,NA,NA,D,0,0,4419832.315,85,2006,18,6.56,54.69
97059,Active,302561,NA,NA,D,1,0,6928646.75,75,1997,27,4,9.49
97060,Active,386401,NA,NA,D,2,1,4564090.989,53,2007,29,4.63,52.12
97061,Active,394237,NA,NA,D,2,1,6422195.32,33.95,2009,9,7.36,250.37
97062,Active,566670,NA,NA,D,1,0,1484541.129,148,1992,20,11.89,30.99
97063,Active,901097,NA,NA,D,2,1,1926233.081,112.9,1987,21,4.12,22.99
97064,Active,2582482,NA,NA,D,0,0,2246782.899,26.95,2003,30,4.01,13.97
97065,Active,902975,NA,NA,D,0,0,2259976.899,163,1991,15,18.98,119.33
97066,Active,263625,NA,NA,D,0,0,2588320.951,129,2002,23,53.99,123.71
97067,Active,3512799,NA,NA,D,1,0,6480414.1,49.95,1984,16,33.98,74.59
97068,Active,3484840,NA,NA,D,2,1,6597739.8,0,1984,14,4,0
97069,Active,1658813,NA,NA,D,0,0,4467089.83,60,2011,4,12.98,754.57
97070,Active,250585,NA,NA,D,0,0,2469257.015,115.95,2008,16,7.54,27.29
97071,Active,272900,NA,NA,D,0,0,1104576.209,99,2006,15,16.45,21.98
97072,Active,58391,NA,NA,D,2,1,2013533.321,48.92,2001,11,9.84,16.99
97073,Active,3514828,NA,NA,D,3,1,3806963.7,50,1990,29,4.69,62.81
97074,Active,279930,NA,NA,D,0,0,8353957.298,135,2007,20,6.86,59.03
97075,Active,287142,NA,NA,D,0,0,3696676.939,45,2005,22,4,43.18
97076,Active,320321,NA,NA,D,2,1,1493539.453,49.95,2009,15,9.49,60.9
97077,Active,576010,NA,NA,D,1,0,1585807.828,102.7,2010,15,23.95,164.41
97078,Active,365614,NA,NA,D,1,0,1058284.331,58.65,2004,19,4,72.45
97079,Active,200040,NA,NA,D,1,0,2911329.075,59.95,2005,33,4,7.74
97080,Active,280596,NA,NA,D,0,0,691105.6925,49.95,2008,27,22.82,33.98
97081,Active,895463,NA,NA,D,0,0,1204859.133,49.95,2010,18,15.98,38.8
97082,Active,226056,NA,NA,D,1,0,1491431.409,94.95,1998,26,8.49,66.09
97083,Active,529063,NA,NA,D,2,1,2786098.478,65.8,2002,32,4,12.99
97084,Active,2424824,NA,NA,D,2,1,2513404.031,42.19,1990,28,4,38.49
97085,Active,3273101,NA,NA,D,1,0,6732810.355,0,2002,45,29.86,104.84
97086,Active,2698150,NA,NA,D,2,1,3931468.989,36.95,2001,28,4,44.37
97087,Active,130002,NA,NA,D,0,0,1001466.188,113.33,2000,51,4,50.97
97088,Active,264935,NA,NA,D,1,0,2382251.675,146.95,2005,21,39.83,96.59
97089,Active,374727,NA,NA,D,2,1,2672851.239,41.67,1997,24,4,27.49
97090,Active,652142,NA,NA,D,0,0,723199.6475,85,1994,15,32.36,68.99
97091,Active,333501,NA,NA,D,0,0,1527737.543,169,2004,23,103.15,103.99
97092,Active,366714,NA,NA,D,1,0,639098.0313,177.95,2001,45,14.65,0
97093,Active,870127,NA,NA,D,1,0,1636232.773,53.95,1993,26,6.63,57.9
97094,Active,116251,NA,NA,D,2,1,3963267.744,79.5,2006,15,19.19,63.86
97095,Active,139723,NA,NA,D,0,0,691781.5638,129,2003,26,22.99,94.99
97096,Active,2342306,NA,NA,D,6,1,4113992.568,92.25,1994,22,4.54,35.98
97097,Active,262763,NA,NA,D,7,1,759120.8275,69.95,2009,13,27.98,0
97098,Active,281048,NA,NA,D,0,0,2264119.26,109,1999,29,26.36,74.46
97099,Active,120109,NA,NA,D,1,0,674521.4763,88.4,1996,35,4,67.99
97100,Active,348403,NA,NA,D,0,0,3515980.274,150.95,2001,13,12.59,11.78
97101,Active,347403,NA,NA,D,1,0,2985293.566,262.99,2002,18,41.94,71.68
97102,Active,2588297,NA,NA,D,0,0,2464301.2,41.75,1970,25,4,74.33
97103,Active,264716,NA,NA,D,1,0,936252.0175,69.95,2005,37,4.17,31.6
97104,Active,2330394,NA,NA,D,1,0,1665914.845,210.69,1965,16,31.98,208.98
97105,Active,347391,NA,NA,D,0,0,4962655.921,94.99,1997,15,13.32,28.57
97106,Active,284233,NA,NA,D,0,0,2016990.528,52,2002,21,41.34,46.59
97107,Active,2334663,NA,NA,D,3,1,2281198.656,58.52,1976,34,4,53.61
97108,Active,289744,NA,NA,D,1,0,1626735.393,65.95,2006,31,4,22.89
97109,Active,290924,NA,NA,D,1,0,916227.5125,201.95,2007,27,9.19,27.98
97110,Active,372736,NA,NA,D,0,0,2681275.379,49.95,1997,16,10.36,47.93
97111,Active,2543812,NA,NA,D,0,0,1593283.234,38.95,2005,39,6.95,70.28
97112,Active,337030,NA,NA,D,1,0,2351615.559,84.95,2007,30,4,52.12
97113,Active,320951,NA,NA,D,1,0,4590226.645,65.45,2003,18,4.96,19
97114,Active,162302,NA,NA,D,1,0,1353621.921,73.95,2007,52,4,8.96
97115,Active,333754,NA,NA,D,1,0,10097453.21,64.95,1995,13,6.39,49.56
97116,Active,109281,NA,NA,D,3,1,5116496.801,7,2005,17,4,7
97117,Active,370232,NA,NA,D,1,0,3241316.971,131.95,2001,12,22.28,71.95
97118,Active,2675310,NA,NA,D,0,0,1221546.458,41.95,1982,23,4.41,53.73
97119,Active,394238,NA,NA,D,4,1,2320761.033,74.95,2009,19,5.45,73.31
97120,Active,529044,NA,NA,D,4,1,1836112.339,74.95,2011,18,47.16,60.6
97121,Active,2137534,NA,NA,D,3,1,6006364.4,66.5,2008,13,4,675
97122,Active,2490992,NA,NA,D,1,0,1546065.556,49,2005,14,10.88,81.96
97123,Active,2400812,NA,NA,D,2,1,3328199.248,69.5,1999,21,4.77,62.61
97124,Active,2402023,NA,NA,D,1,0,6405793.6,80.97,1961,18,6.45,80.87
97125,Active,912855,NA,NA,D,2,1,3327829.391,44.95,1997,17,5.47,53.98
97126,Active,1657021,NA,NA,D,1,0,329712.64,56.62,2006,18,19.38,207.79
97127,Active,213175,NA,NA,D,0,0,1674489.921,113.95,2007,14,16.27,39.98
97128,Active,407103,NA,NA,D,1,0,645681.5813,79.99,2002,19,6.04,21.28
97129,Active,1470555,NA,NA,D,0,0,3830458.099,65,2008,19,4.63,72.87
97130,Active,372135,NA,NA,D,1,0,4548081.815,94.95,1997,19,19.41,65.01
97131,Active,869299,NA,NA,D,0,0,3558882.549,59.99,1985,15,5.01,59.98
97132,Active,2255733,NA,NA,D,2,1,1765924.5,23.1,2009,27,0,0
97133,Active,181426,NA,NA,D,2,1,3372832.945,73.8,2005,24,4.63,18.41
97134,Active,895505,NA,NA,D,0,0,2605227.495,45,2010,14,27.13,23.99
97135,Active,366663,NA,NA,D,5,1,2078398.684,112.95,2014,21,9.17,53.99
97136,Active,3149505,NA,NA,D,1,0,3090322.629,99,1984,8,11.08,0
97137,Active,364206,NA,NA,D,1,0,1155178.62,74.95,2009,22,7.79,50.21
97138,Active,143073,NA,NA,D,4,1,2577467.656,119,2006,22,5.44,53.75
97139,Active,143464,NA,NA,D,3,1,8216866.094,88,2002,13,4.98,32.76
97140,Active,367521,NA,NA,D,4,1,3454610.65,29.95,2001,13,29.86,33.98
97141,Active,243709,NA,NA,D,4,1,9195.32,87.5,2009,58,50.98,65.57
97142,Active,894244,NA,NA,D,0,0,5203135.715,0,1983,14,11.48,121.55
97143,Active,339363,NA,NA,D,4,1,783816.9175,39.95,2007,15,30.76,89.38
97144,Active,2582173,NA,NA,D,0,0,225697.9725,18.95,1999,43,4.85,14.55
97145,Active,314490,NA,NA,D,3,1,2001605.019,33.4,1997,19,4,11.18
97146,Active,2617535,NA,NA,D,1,0,3836895.428,101,1957,21,4,58.71
97147,Active,163294,NA,NA,D,1,0,875852.5138,80,2004,40,12.99,80.45
97148,Active,164558,NA,NA,D,1,0,3376662.479,112.95,2002,20,8.97,73.22
97149,Active,331878,NA,NA,D,2,1,4268940.751,59.5,1997,15,4.98,51.18
97150,Active,332040,NA,NA,D,3,1,5347108.465,59.95,2002,19,4.06,70.17
97151,Active,344175,NA,NA,D,8,1,4435220.206,0,2005,10,4,4
97152,Active,2341879,NA,NA,D,0,0,5463053.336,68.38,1977,20,4.21,67.37
97153,Active,2179901,NA,NA,D,1,0,487793.9813,48.95,2011,12,7.4,1.84
97154,Active,2404599,NA,NA,D,0,0,3142720.685,92.75,1991,18,6.64,58.41
97155,Active,119232,NA,NA,D,0,0,593532.21,73.33,1999,28,4,15.94
97156,Active,2621650,NA,NA,D,0,0,1389862.696,66.77,1990,19,5.52,64.09
97157,Active,387013,NA,NA,D,1,0,657106.0388,109.95,2009,21,24.53,104.99
97158,Active,157221,NA,NA,D,1,0,2097069.88,96.95,2004,17,6.65,95.44
97159,Active,308374,NA,NA,D,1,0,1704714.56,49.35,2000,65,4,10.98
97160,Active,2561640,NA,NA,D,0,0,8148632.088,83.76,1980,21,4.2,82.61
97161,Active,2832461,NA,NA,D,5,1,1467840.96,100,2001,21,10.12,28.78
97162,Active,336648,NA,NA,D,0,0,935126.3688,48.95,2007,25,6.91,0
97163,Active,291514,NA,NA,D,2,1,8254687.731,128.95,1999,19,6.38,110.01
97164,Active,312104,NA,NA,D,1,0,3374466.808,74.95,1999,24,4,94.25
97165,Active,2698706,NA,NA,D,2,1,2426165.808,40.95,2004,29,4.09,30.99
97166,Active,320796,NA,NA,D,1,0,1082572.874,140,2006,16,25.94,87.67
97167,Active,320678,NA,NA,D,1,0,3875983.906,130,2003,20,21.18,29.97
97168,Active,2573572,NA,NA,D,1,0,1850745.408,173.5,1990,17,19.73,43.5
97169,Active,3589233,NA,NA,D,0,0,648178.9,79.99,2001,49,21.69,28.99
97170,Active,874567,NA,NA,D,8,1,5987568.098,67.53,1987,17,3.98,61.43
97171,Active,262617,NA,NA,D,2,1,3192748.6,29.95,2001,26,4,7.97
97172,Active,1658053,NA,NA,D,1,0,547529.6138,107.68,2009,22,6.39,23.99
97173,Active,175978,NA,NA,D,1,0,1323591.186,105,2008,26,6.99,43.94
97174,Active,2029106,NA,NA,D,1,0,254904.5963,50,2013,40,19.75,39.47
97175,Active,2800875,NA,NA,D,0,0,1560039.13,32.5,1991,24,4,56.87
97176,Active,2251609,NA,NA,D,0,0,8536394.673,0,2007,12,21.14,84.44
97177,Active,2576262,NA,NA,D,1,0,2830121.23,165,1987,17,6.35,73.97
97178,Active,2422102,NA,NA,D,0,0,1557606.125,50.2,1966,12,18.98,97.21
97179,Active,298548,NA,NA,D,1,0,1760204.54,99.95,2008,21,37.64,72.49
97180,Active,1745991,NA,NA,D,0,0,1564951.733,74.13,2006,19,31.65,73.91
97181,Active,264980,NA,NA,D,1,0,1904729.213,109.95,2007,13,25.04,0
97182,Active,410373,NA,NA,D,3,1,2174527.569,99,2010,21,4.28,78.14
97183,Active,250542,NA,NA,D,4,1,1007016.373,83.95,2007,37,4.91,78.39
97184,Active,113713,NA,NA,D,1,0,1471306.854,55.4,2003,31,4.07,9.98
97185,Active,165216,NA,NA,D,1,0,258283.6338,173.95,2002,41,43.65,63.98
97186,Active,347255,NA,NA,D,1,0,1314772.343,260,1996,13,21.84,40.28
97187,Active,333753,NA,NA,D,0,0,1894162.54,99,1997,15,4.8,55.94
97188,Active,544041,NA,NA,D,5,1,396899.5363,118.25,2013,43,9.19,75.95
97189,Active,876701,NA,NA,D,7,1,581659.55,121.49,2008,19,82.2,174.29
97190,Active,152859,NA,NA,D,1,0,2681252.243,69.95,1998,17,7.63,52.31
97191,Active,881847,NA,NA,D,0,0,2511500.801,39.5,1976,14,16.38,63.79
97192,Active,167709,NA,NA,D,1,0,895423.7788,100,1998,22,8.64,33.99
97193,Active,403834,NA,NA,D,1,0,2385713.951,74,1995,23,4.58,26.99
97194,Active,333740,NA,NA,D,0,0,1851232.489,109,1995,23,16.48,95.74
97195,Active,372721,NA,NA,D,2,1,4890200.859,39.99,2005,13,4,52.84
97196,Active,157031,NA,NA,D,2,1,5019060.725,56.95,2002,19,4,56.98
97197,Active,2402293,NA,NA,D,0,0,3088358.064,86.56,1971,12,20.6,85.69
97198,Active,2330917,NA,NA,D,0,0,4290749.5,0,1964,4,6.37,0
97199,Active,2577939,NA,NA,D,0,0,10520765.15,231.98,1986,15,4,66.05
97200,Active,2575811,NA,NA,D,1,0,4195146.946,54.95,1986,11,38.78,0
97201,Active,2815807,NA,NA,D,0,0,2243054.256,55.35,1997,28,4.48,35.81
97202,Active,386412,NA,NA,D,0,0,3232099.836,58,2008,19,4.71,46.29
97203,Active,121817,NA,NA,D,4,1,1529369.744,55.8,2000,21,4,45.4
97204,Active,291997,NA,NA,D,1,0,2034135.346,91.2,2006,29,4.13,52.51
97205,Active,2621704,NA,NA,D,2,1,896376.3488,160.95,1991,34,28.98,120.87
97206,Active,452071,NA,NA,D,0,0,1286768.875,244.62,2008,25,4,61.88
97207,Active,112817,NA,NA,D,1,0,729052.0025,102,2006,19,10.89,35
97208,Active,225933,NA,NA,D,0,0,910506.7275,159.95,2005,14,5.99,41.37
97209,Active,1719626,NA,NA,D,0,0,3758534.353,52,2006,13,37.95,76.42
97210,Active,1957010,NA,NA,D,3,1,830219.3188,109.19,2012,22,29.69,2631.29
97211,Active,286228,NA,NA,D,0,0,1536789.289,119.6,2007,25,4,28.97
97212,Active,917709,NA,NA,D,1,0,2723491.514,43.37,1982,36,4,43.15
97213,Active,872980,NA,NA,D,0,0,884815.8063,379.35,2011,8,43.39,128.99
97214,Active,868133,NA,NA,D,0,0,3109666.71,83.1,1990,31,4,42.06
97215,Active,879344,NA,NA,D,4,1,424521.3188,97.95,2013,43,14.73,69.43
97216,Active,1632843,NA,NA,D,1,0,5009931.181,52.95,2008,18,48.73,52.95
97217,Active,370424,NA,NA,D,1,0,648594.0813,54,2010,28,4.49,0
97218,Active,3544250,NA,NA,D,0,0,5521673.35,0,1989,14,6.39,0
97219,Active,2631587,NA,NA,D,1,0,1521236.215,82,1989,20,9.14,58.98
97220,Active,622181,NA,NA,D,1,0,226318.2538,56.5,1978,24,32.83,41.06
97221,Active,369805,NA,NA,D,0,0,2118727.726,59.95,2008,17,16.36,20.98
97222,Active,2579084,NA,NA,D,1,0,8569117.406,66,1990,11,4,0
97223,Active,333488,NA,NA,D,0,0,1998286.076,159,2004,24,58.55,58.66
97224,Active,390893,NA,NA,D,2,1,1670339.228,58.88,2001,29,4,54.27
97225,Active,656346,NA,NA,D,1,0,2907811.545,116,1997,13,6.98,201.99
97226,Active,245583,NA,NA,D,0,0,2313444.231,159,2007,21,65.66,65.71
97227,Active,282867,NA,NA,D,0,0,2403787.293,59.95,2005,11,30.66,31.98
97228,Active,262677,NA,NA,D,0,0,2325946.339,88.95,2005,17,26.79,114.5
97229,Active,2339802,NA,NA,D,0,0,2829608.913,26.15,2000,19,21.87,26.08
97230,Active,2575697,NA,NA,D,1,0,3879549.379,87.29,1987,21,4,73.43
97231,Active,280495,NA,NA,D,1,0,1473930.614,59.95,2006,17,21.98,31.99
97232,Active,254293,NA,NA,D,1,0,206262.08,115.95,2011,28,33.99,0
97233,Active,892556,NA,NA,D,3,1,4437489.601,86.95,2012,17,13.68,102.5
97234,Active,660541,NA,NA,D,1,0,947070.5325,84,1999,23,7.56,45.92
97235,Active,2373302,NA,NA,D,0,0,2474676.784,72.5,2003,20,4.97,84.73
97236,Active,1448693,NA,NA,D,2,1,1859568.64,87.5,2007,23,4.76,49.57
97237,Active,2422937,NA,NA,D,1,0,3280152.551,73.99,1957,17,13.97,62.59
97238,Active,2226023,NA,NA,D,0,0,963821.9663,0,2010,0,0,32.14
97239,Active,1539922,NA,NA,D,1,0,5092139.848,57.95,2008,16,18.98,57.95
97240,Active,3196467,NA,NA,D,2,1,604695.0925,50,2012,4,23.94,28.98
97241,Active,2406282,NA,NA,D,0,0,2261786.17,99,1993,28,17.78,57.68
97242,Active,907675,NA,NA,D,1,0,6805664.124,57,1996,22,4,16.74
97243,Active,387011,NA,NA,D,1,0,754578.6288,91.95,2009,25,31.08,73.97
97244,Active,203347,NA,NA,D,1,0,1978054.378,68.95,2001,33,4,17.64
97245,Active,242970,NA,NA,D,1,0,3594298.484,64.95,2006,17,11.94,97.43
97246,Active,131980,NA,NA,D,7,1,474305.545,101,2005,32,4,54.39
97247,Active,409215,NA,NA,D,2,1,2326336.13,61.95,2004,32,4,22.44
97248,Active,2383912,NA,NA,D,1,0,6586733.05,51.8,2015,3,46.64,46.43
97249,Active,165754,NA,NA,D,1,0,2788985.76,145,2005,17,48.98,74.95
97250,Active,344078,NA,NA,D,8,1,2122293.615,239.01,2004,23,29.97,160.97
97251,Active,347693,NA,NA,D,0,0,2024658.01,103.99,2003,18,26.21,73.19
97252,Active,620665,NA,NA,D,0,0,558710.955,44,1992,48,5.34,29.98
97253,Active,2574560,NA,NA,D,1,0,3171649.403,87.99,1968,18,4,68.09
97254,Active,139334,NA,NA,D,0,0,288226.7225,47,2010,25,31.1,43.99
97255,Active,196762,NA,NA,D,0,0,2071853.595,52.95,2008,17,21.8,52.95
97256,Active,321755,NA,NA,D,3,1,2412120.978,59.99,1999,28,4,45.21
97257,Active,152670,NA,NA,D,0,0,1396429.43,134,2001,23,37.53,43.58
97258,Active,758703,NA,NA,D,4,1,5561004.545,49.99,2002,17,4,63.99
97259,Active,2566191,NA,NA,D,0,0,3280357.949,128,1976,24,4,71.66
97260,Active,335877,NA,NA,D,2,1,3653662.784,89.95,1996,16,5.92,53.69
97261,Active,881891,NA,NA,D,0,0,2271712.288,41,1983,15,23.77,73.99
97262,Active,152841,NA,NA,D,0,0,2179135.946,134,1997,17,7.63,42.39
97263,Active,258087,NA,NA,D,7,1,5599828.196,65,2002,14,4,56.69
97264,Active,294024,NA,NA,D,1,0,3511005.935,297.95,2000,23,4,10.89
97265,Active,375308,NA,NA,D,0,0,5081692.308,126,1998,25,4,12.13
97266,Active,2829984,NA,NA,D,0,0,788616.3325,40,1999,9,36.98,43.99
97267,Active,406259,NA,NA,D,1,0,3563078.059,164.99,1995,14,49.95,55.48
97268,Active,778805,NA,NA,D,10,1,1105022.469,154.95,2011,17,28.37,31.51
97269,Active,398434,NA,NA,D,0,0,1090298.783,249,2006,17,58.99,131.04
97270,Active,528934,NA,NA,D,7,1,2845000.611,45,2012,43,4.76,30.99
97271,Active,368074,NA,NA,D,0,0,769866.6588,52,2010,12,25.22,43.59
97272,Active,208022,NA,NA,D,0,0,96083.25,59,2004,38,10.95,45.53
97273,Active,347292,NA,NA,D,2,1,3193664.86,200,2006,27,65.79,141.42
97274,Active,143511,NA,NA,D,5,1,148376.995,140,2011,53,43.71,107.97
97275,Active,143003,NA,NA,D,0,0,2610094.305,112,2005,19,4.01,7.33
97276,Active,2502288,NA,NA,D,1,0,3977654.283,124,1996,14,19.83,81.81
97277,Active,333490,NA,NA,D,0,0,344801.5075,64.95,2004,31,9.48,33.95
97278,Active,152880,NA,NA,D,0,0,1899728.459,89.99,2002,20,23.99,44.3
97279,Active,2767268,NA,NA,D,1,0,403842.2888,49,1979,32,8.29,61.13
97280,Active,2579701,NA,NA,D,0,0,5984543.058,150,1989,16,8.19,60.03
97281,Active,886771,NA,NA,D,0,0,2798335.63,52.95,2013,10,13.62,113.29
97282,Active,340146,NA,NA,D,1,0,720777.8925,74.95,2003,21,28.99,0
97283,Active,2400775,NA,NA,D,3,1,7721735.361,79.5,1996,11,7.14,105.89
97284,Active,404410,NA,NA,D,4,1,1661898.428,28,2003,30,4,22.43
97285,Active,351958,NA,NA,D,0,0,8981101.25,29.95,2004,11,8.99,0
97286,Active,399611,NA,NA,D,0,0,3030090.705,45.95,2000,11,10.99,13.73
97287,Active,2561554,NA,NA,D,0,0,1953968.334,99.9,1982,16,5.13,271.68
97288,Active,2573068,NA,NA,D,2,1,2478751.074,74.95,1989,17,4,64.29
97289,Active,2334186,NA,NA,D,1,0,5998500.29,81.85,1958,18,12.96,81.83
97290,Active,291313,NA,NA,D,1,0,871820.5625,73,2000,28,17.89,75.8
97291,Active,2588946,NA,NA,D,0,0,1043908.354,79.99,1968,62,4,48.68
97292,Active,2173794,NA,NA,D,0,0,1193913.328,89.99,2013,32,84.51,85.41
97293,Active,908222,NA,NA,D,2,1,580902.6213,99,2013,19,38.99,73
97294,Active,333771,NA,NA,D,1,0,1930017.111,54.95,2000,20,43.78,224.77
97295,Active,2342586,NA,NA,D,1,0,1643328.848,138.68,1963,28,8,126.83
97296,Active,2669418,NA,NA,D,1,0,3562604.891,60.35,1991,9,33.98,675
97297,Active,364677,NA,NA,D,2,1,2213243.601,35.95,1995,22,4.2,49.34
97298,Active,642383,NA,NA,D,1,0,1323904.488,131,1991,22,4.98,50.79
97299,Active,297972,NA,NA,D,1,0,1041655.221,153.95,2004,39,5.96,33.99
97300,Active,313666,NA,NA,D,1,0,7376634.403,27,1999,16,6.39,17.24
97301,Active,114590,NA,NA,D,0,0,1761930.985,41,2002,27,4,46.96
97302,Active,196764,NA,NA,D,1,0,817667.5075,61.95,2004,23,8.95,57.37
97303,Active,2562066,NA,NA,D,2,1,2630811.106,69.95,1984,19,10.11,103.85
97304,Active,333516,NA,NA,D,0,0,184719.0988,84.95,2005,32,42.94,54.21
97305,Active,354748,NA,NA,D,6,1,1348876.455,98.76,2003,50,4,66.45
97306,Active,585993,NA,NA,D,5,1,3391767.771,7.17,2003,48,4.47,4.58
97307,Active,2617996,NA,NA,D,1,0,4489633.454,48.95,1990,22,4,43.73
97308,Active,901273,NA,NA,D,0,0,2192322.731,31.95,2003,14,4,38.7
97309,Active,183660,NA,NA,D,1,0,2493275.576,66.95,2007,18,4,66.95
97310,Active,2252120,NA,NA,D,6,1,1315882.778,17.97,2006,41,13.94,17.98
97311,Active,2579630,NA,NA,D,0,0,8023456.206,79,1994,15,4.77,49.62
97312,Active,2502082,NA,NA,D,0,0,2162962.405,109,1978,24,6.63,50.64
97313,Active,2653174,NA,NA,D,0,0,5664495.836,75.56,1991,19,3.99,37.1
97314,Active,710225,NA,NA,D,3,1,6670243.886,48,2000,19,5.34,19.94
97315,Active,603516,NA,NA,D,0,0,157126.5963,84.27,2010,54,4,26.99
97316,Active,203507,NA,NA,D,1,0,3538684.108,47.95,2004,37,4,4.04
97317,Active,164047,NA,NA,D,1,0,2085249.895,178,1996,19,4,13.98
97318,Active,2559385,NA,NA,D,3,1,4394752.749,67.53,1979,24,6.28,56.43
97319,Active,2971055,NA,NA,D,0,0,1505794,0,1900,16,4.65,27.99
97320,Active,2124326,NA,NA,D,1,0,1748696.309,130,2008,21,9.49,36.89
97321,Active,809011,NA,NA,D,1,0,1078747.614,109.75,2009,20,4,77.47
97322,Active,219669,NA,NA,D,0,0,2040525.209,99,1998,22,50.69,55.29
97323,Active,165352,NA,NA,D,4,1,7150301.504,408.55,2000,13,25.88,73.89
97324,Active,533927,NA,NA,D,5,1,180962.7375,281.95,2006,44,8.99,114.44
97325,Active,3210106,NA,NA,D,0,0,2383119.106,43,2001,19,4,36.68
97326,Active,158068,NA,NA,D,0,0,1844579.068,130,2005,32,5.63,104.55
97327,Active,1651498,NA,NA,D,1,0,2503605.819,84.95,2006,13,5.98,67.98
97328,Active,1468709,NA,NA,D,1,0,4551141.989,140,2009,25,25.42,112.35
97329,Active,534225,NA,NA,D,1,0,1310172.975,89.95,2006,29,4,65.22
97330,Active,631191,NA,NA,D,1,0,450820.9275,39.95,2007,19,16.7,18.99
97331,Active,52305,NA,NA,D,1,0,3222912.779,86.95,2005,50,4.45,6.98
97332,Active,533686,NA,NA,D,3,1,144086.265,122.95,2012,83,4.79,27.63
97333,Active,1627088,NA,NA,D,0,0,2305964.405,57.5,2009,20,5.14,90.41
97334,Active,2451930,NA,NA,D,0,0,3074905.205,185,1995,16,14.35,62.41
97335,Active,126405,NA,NA,D,1,0,2968679.153,90,2005,18,17.2,61.09
97336,Active,912586,NA,NA,D,0,0,449955.5938,60,1996,26,9.81,47.24
97337,Active,2579194,NA,NA,D,1,0,1757189.674,165,1992,20,4.72,7.99
97338,Active,152354,NA,NA,D,2,1,2464109.719,124,2006,14,65.89,124
97339,Active,2043033,NA,NA,D,1,0,2535798.696,69.95,2006,15,19.62,66.85
97340,Active,617848,NA,NA,D,1,0,3527159.815,50,1992,27,4,8.03
97341,Active,832882,NA,NA,D,1,0,1036184.718,234.95,1992,41,3.84,42.49
97342,Active,534069,NA,NA,D,1,0,876197.3913,67,1990,31,4,19.72
97343,Active,2649182,NA,NA,D,1,0,1767780.279,138.95,2004,15,4,53.98
97344,Active,764177,NA,NA,D,1,0,2901170.511,58.95,2004,17,4.74,77.23
97345,Active,2326253,NA,NA,D,0,0,5787391,0,1996,12,9.43,41.94
97346,Active,737919,NA,NA,D,1,0,1350971.303,187,2010,50,4.16,56.69
97347,Active,904194,NA,NA,D,1,0,255577.04,20,2007,21,16,32.74
97348,Active,1468453,NA,NA,D,0,0,3422137.571,110,2008,16,7.58,61.06
97349,Active,898090,NA,NA,D,0,0,5473602.566,39.95,2000,19,4.13,78.46
97350,Active,454550,NA,NA,D,0,0,3838111.956,94.99,2004,22,4,59.95
97351,Active,766649,NA,NA,D,1,0,2137343.148,70.95,2000,10,4,49.24
97352,Active,904567,NA,NA,D,1,0,2507699.526,70,2007,24,8.91,58.58
97353,Active,876814,NA,NA,D,8,1,572371.9475,76,2008,51,7.66,53.81
97354,Active,760813,NA,NA,D,1,0,2167626.951,67.26,2001,14,4.77,33.99
97355,Active,429087,NA,NA,D,0,0,3304500.773,305,2008,21,6.39,46.7
97356,Active,213037,NA,NA,D,2,1,3261264.455,36.95,2003,25,4,17.04
97357,Active,198356,NA,NA,D,2,1,1180235.704,32.95,2006,76,4,9.86
97358,Active,883628,NA,NA,D,2,1,9955151.793,191,2004,13,42.72,148.47
97359,Active,128139,NA,NA,D,0,0,5895770.62,145,1998,19,11.99,62.81
97360,Active,199877,NA,NA,D,1,0,1094714.976,287.95,1998,20,12.19,99.25
97361,Active,2421302,NA,NA,D,1,0,1696074.77,217.73,1964,19,6.29,73.15
97362,Active,2608936,NA,NA,D,0,0,5975995.141,125.99,2000,14,85.47,155.07
97363,Active,1932594,NA,NA,D,1,0,1044887.729,49.99,2014,23,11.17,25.97
97364,Active,897264,NA,NA,D,0,0,3718759.046,176,2004,14,25.39,124.36
97365,Active,753986,NA,NA,D,1,0,4397227.99,70,2009,9,42.6,145.14
97366,Active,1488875,NA,NA,D,1,0,3785415.446,43.95,2007,20,5.82,13.64
97367,Active,515726,NA,NA,D,1,0,3090740.036,89.95,1998,32,4.38,51.77
97368,Active,2611530,NA,NA,D,0,0,2876932.963,74.99,2000,31,24.08,53.04
97369,Active,2647879,NA,NA,D,1,0,1557978.615,46.95,1999,30,4,28.98
97370,Active,924022,NA,NA,D,0,0,295320.6613,15.95,1987,329,4,5.77
97371,Active,651276,NA,NA,D,0,0,1232177.076,299,2012,22,16.94,72.87
97372,Active,888723,NA,NA,D,0,0,2079219.614,299,2011,21,60.24,78.99
97373,Active,1478614,NA,NA,D,1,0,1915480.513,78,2011,22,7.71,7.88
97374,Active,206398,NA,NA,D,1,0,2275701.92,54.95,2006,15,6.21,75.18
97375,Active,2418720,NA,NA,D,0,0,1297309.034,87,2002,19,75.03,86.95
97376,Active,2824482,NA,NA,D,1,0,6143448.121,135,1998,12,93.99,130.12
97377,Active,2852253,NA,NA,D,0,0,1086569.314,39.99,1985,36,7.08,13.24
97378,Active,264471,NA,NA,D,0,0,876974.1338,89,2001,12,8.92,48.95
97379,Active,275429,NA,NA,D,6,1,546807.9975,38.95,2003,45,4,23.47
97380,Active,647864,NA,NA,D,0,0,394225.8513,51.95,2007,21,18.8,0
97381,Active,1645717,NA,NA,D,1,0,4640824.255,89,2009,21,6.51,57.41
97382,Active,722928,NA,NA,D,1,0,2413003.894,78,2009,17,4,23.98
97383,Active,2028206,NA,NA,D,0,0,1503645.083,65,2006,27,6.61,50.68
97384,Active,1593157,NA,NA,D,1,0,2175013.129,94.99,2006,25,15.71,66.49
97385,Active,196145,NA,NA,D,0,0,2893024.648,84,2000,22,4.77,42.5
97386,Active,426161,NA,NA,D,1,0,2296092.429,110,2003,18,26.93,23.94
97387,Active,603036,NA,NA,D,0,0,1327453.724,29,2001,19,7.14,24.95
97388,Active,2591664,NA,NA,D,0,0,4408459.9,59.95,1987,16,12.49,321.77
97389,Active,871822,NA,NA,D,3,1,3699040.905,49.99,1998,20,4,14.24
97390,Active,3149936,NA,NA,D,0,0,2452170.743,249,2004,19,30,105.11
97391,Active,2550743,NA,NA,D,1,0,3092492.314,62.95,1995,13,7.37,74.79
97392,Active,2693985,NA,NA,D,0,0,7539333.438,64.95,2005,8,15.31,64.95
97393,Active,195964,NA,NA,D,2,1,401798.4975,22.95,2008,21,8.16,0
97394,Active,2882758,NA,NA,D,3,1,9958611.818,75,1997,2,41.48,0
97395,Active,3488199,NA,NA,D,0,0,2591140.2,40,2010,31,4.93,26.05
97396,Active,528850,NA,NA,D,2,1,2093222.631,51.95,2009,16,4.66,44.97
97397,Active,2116835,NA,NA,D,0,0,2740971.923,50,2008,16,28.5,50
97398,Active,912072,NA,NA,D,1,0,2500470.821,39.95,2008,25,4,18.95
97399,Active,565067,NA,NA,D,0,0,3450317.075,46.95,2004,17,8.43,0
97400,Active,2147488,NA,NA,D,0,0,1991680.538,45.95,2009,13,42.63,45.95
97401,Active,869721,NA,NA,D,1,0,2362142.14,44.95,2009,27,4,33.71
97402,Active,308219,NA,NA,D,2,1,2397390.719,57.99,2004,25,4,12.87
97403,Active,118662,NA,NA,D,1,0,533929.7275,34.99,2008,55,4,13.57
97404,Active,2604706,NA,NA,D,1,0,3417451.809,134.99,1999,20,36.07,110.65
97405,Active,2893089,NA,NA,D,0,0,1799510.008,159,1984,26,63.98,63.24
97406,Active,1753362,NA,NA,D,0,0,797152.9525,49.95,2009,25,6.77,43.98
97407,Active,1750492,NA,NA,D,0,0,806658.4838,99.97,2008,16,14.87,365.23
97408,Active,385745,NA,NA,D,1,0,1707932.635,36.95,2006,26,4,13.94
97409,Active,922554,NA,NA,D,1,0,24581.17125,23.99,2007,137,4.24,8.6
97410,Active,718408,NA,NA,D,1,0,1443520.889,32.95,2000,28,4,32.95
97411,Active,619638,NA,NA,D,1,0,602513.4088,54.99,2010,45,6.46,7.51
97412,Active,784003,NA,NA,D,1,0,1386963.503,49.99,2006,46,4,23.94
97413,Active,654477,NA,NA,D,1,0,1900473.758,59.95,2005,13,5.86,4.81
97414,Active,2528768,NA,NA,D,0,0,2290223.261,145,1993,20,20.44,81.53
97415,Active,258410,NA,NA,D,8,1,1684494.734,91,2005,42,5.88,5.87
97416,Active,1593565,NA,NA,D,1,0,713134.2325,44.99,2007,32,6.48,27.98
97417,Active,3092664,NA,NA,D,1,0,1067885.226,45,2003,24,27.27,94.09
97418,Active,902242,NA,NA,D,0,0,1039125.036,49.99,2007,19,39.75,72.87
97419,Active,908189,NA,NA,D,1,0,920941.8863,14.95,1997,23,7.14,48.39
97420,Active,1842711,NA,NA,D,0,0,4341229.684,78.95,2007,14,4.97,83.99
97421,Active,2604676,NA,NA,D,0,0,3711226.955,62.99,1996,19,8.78,59.37
97422,Active,2504609,NA,NA,D,0,0,797993.2225,50,1984,53,7.53,63.87
97423,Active,812910,NA,NA,D,1,0,427456.0688,54.5,2009,23,6.34,26.49
97424,Active,3126648,NA,NA,D,1,0,881994.0525,74.95,1997,49,4.56,42
97425,Active,2599479,NA,NA,D,1,0,3978864.2,69.95,1993,16,7.97,133.08
97426,Active,2409894,NA,NA,D,0,0,1901583.621,15.95,2000,22,4,14.23
97427,Active,1484274,NA,NA,D,1,0,1132372.629,43,2012,47,8.87,19.95
97428,Active,3558149,NA,NA,D,0,0,1937779.55,965,2009,19,122.05,253.98
97429,Active,2672680,NA,NA,D,0,0,1622325.031,670,2004,16,63.34,153.99
97430,Active,2300576,NA,NA,D,1,0,1238888.25,70.71,1996,52,4,44.33
97431,Active,54337,NA,NA,D,8,1,11366.1175,140,2011,81,24.34,65
97432,Active,132921,NA,NA,D,7,1,680228.1613,73,2007,30,4,38.54
97433,Active,1488277,NA,NA,D,0,0,1338371.014,80,2012,19,21.04,54.71
97434,Active,2671480,NA,NA,D,4,1,11540813.69,20.25,1997,13,4,11.99
97435,Active,197436,NA,NA,D,0,0,1030205.181,28,2007,62,3.98,0
97436,Active,680473,NA,NA,D,0,0,789378.935,22,1994,25,4.85,18.69
97437,Active,3161577,NA,NA,D,0,0,1976542.17,27,1996,39,4,51.69
97438,Active,3608199,NA,NA,D,0,0,829430.9,19.95,2007,25,16.18,46.8
97439,Active,2841265,NA,NA,D,1,0,949455.8813,32.5,1984,26,28.96,73.97
97440,Active,1592845,NA,NA,D,1,0,1678255.628,119.99,2009,17,29.96,70.21
97441,Active,3517568,NA,NA,D,1,0,1767875.55,65.95,2009,52,4.39,53.7
97442,Active,3117535,NA,NA,D,0,0,1361317.106,50,2000,20,21.63,67.25
97443,Active,2533179,NA,NA,D,0,0,829549.5338,59.95,1997,35,4.47,12.24
97444,Active,690660,NA,NA,D,1,0,893359.6138,25,2007,25,18.04,20.65
97445,Active,3607964,NA,NA,D,0,0,6791037,142.5,1986,11,7.31,0
97446,Active,1886370,NA,NA,D,1,0,1344291.894,49.99,2012,20,12.54,12.54
97447,Active,642491,NA,NA,D,5,1,5312363.476,85.29,2003,19,7.35,36.98
97448,Active,586505,NA,NA,D,1,0,1806346.425,41.95,2010,18,6.34,30.49
97449,Active,3822134,NA,NA,D,1,0,4016177,49.95,2000,22,4,38.98
97450,Active,913353,NA,NA,D,1,0,1713182.294,59.99,2009,26,4.52,7.6
97451,Active,919076,NA,NA,D,1,0,3835257.34,39.95,1999,30,2.99,13.98
97452,Active,709965,NA,NA,D,0,0,6189857.435,74,2000,29,4,13.98
97453,Active,2136465,NA,NA,D,0,0,693532.2,99,2007,22,36.98,41.88
97454,Active,616558,NA,NA,D,0,0,524478.8175,59.99,2006,49,4.43,33.9
97455,Active,250058,NA,NA,D,1,0,363329.475,229.95,2005,52,8.98,102.26
97456,Active,639936,NA,NA,D,1,0,1037267.373,44.99,2011,34,4,20.97
97457,Active,876415,NA,NA,D,2,1,379956.3213,91.55,2006,45,9.42,53.53
97458,Active,783792,NA,NA,D,5,1,2256071.59,49.99,2004,33,4.44,6.86
97459,Active,3044027,NA,NA,D,1,0,4136186.936,29.95,1996,22,4.27,21.98
97460,Active,868075,NA,NA,D,1,0,2688155.293,49.99,2003,22,4,13.21
97461,Active,1616062,NA,NA,D,1,0,368081.2825,49.99,2010,28,5.24,25.37
97462,Active,622430,NA,NA,D,2,1,1206105.951,39.99,2011,35,4,5.85
97463,Active,2680065,NA,NA,D,1,0,2384722.55,238,2002,10,36.99,170.83
97464,Active,874284,NA,NA,D,1,0,2285540.626,72.95,2001,47,4,28.99
97465,Active,621877,NA,NA,D,0,0,1565326.041,84.99,2005,45,8.32,11.94
97466,Active,194879,NA,NA,D,2,1,4402595.433,44.95,2002,30,4,34.49
97467,Active,2134237,NA,NA,D,0,0,1112015.47,44.99,2012,26,4.3,44.99
97468,Active,3543273,NA,NA,D,1,0,1441395.8,145,2000,31,25.99,138.51
97469,Active,2589688,NA,NA,D,1,0,1728238.173,48,1975,12,33.99,113.32
97470,Active,1695779,NA,NA,D,0,0,1347432.554,35,2009,16,16.98,27.63
97471,Active,3041396,NA,NA,D,0,0,1972998.07,29.95,1999,19,10.38,33.49
97472,Active,259072,NA,NA,D,1,0,1936434.81,49.95,2007,20,23.9,41.99
97473,Active,195852,NA,NA,D,0,0,3052166.131,65,1999,11,21.98,60.99
97474,Active,3590245,NA,NA,D,0,0,2192611.6,117,1999,24,14.61,88.64
97475,Active,2615254,NA,NA,D,0,0,3696405.765,120,2005,24,8.61,33.99
97476,Active,2614756,NA,NA,D,1,0,607737.6738,99.99,2004,24,14.97,41.99
97477,Active,1708394,NA,NA,D,0,0,1426109.113,39.95,2011,15,18.34,31.21
97478,Active,1488312,NA,NA,D,1,0,1354121.32,85,2009,36,4,22.86
97479,Active,184830,NA,NA,D,1,0,1742949.77,50,1997,24,15.99,29.98
97480,Active,2667691,NA,NA,D,0,0,791685.2025,58,2004,59,5.35,8.92
97481,Active,3925465,NA,NA,D,0,0,529679.35,59.99,1900,15,18.45,43.03
97482,Active,295179,NA,NA,D,1,0,2488160.036,69.95,2002,14,10.04,48.99
97483,Active,211457,NA,NA,D,0,0,377208.2525,40,1997,48,6.87,16.78
97484,Active,196743,NA,NA,D,1,0,837366.4425,67.95,2007,53,31.93,37.35
97485,Active,3925581,NA,NA,D,0,0,1339004.6,75,2011,44,39.49,44.5
97486,Active,724425,NA,NA,D,1,0,3263317.835,78,2010,18,27.15,53.51
97487,Active,2608140,NA,NA,D,1,0,2212944.941,119.99,1997,50,6.35,25.59
97488,Active,647832,NA,NA,D,1,0,698021.11,42.95,1993,50,6.81,48.92
97489,Active,2587685,NA,NA,D,2,1,3491530.036,39.5,1968,15,43.99,91.23
97490,Active,2928623,NA,NA,D,0,0,1601883.545,98.89,2013,9,39.9,54.99
97491,Active,2612857,NA,NA,D,0,0,2347577.924,34.99,2002,27,5.86,9.94
97492,Active,2615234,NA,NA,D,0,0,2793723.13,99.99,2005,23,13.99,36.47
97493,Active,1438610,NA,NA,D,4,1,2750335.93,110,2007,9,47.98,88.99
97494,Active,757506,NA,NA,D,1,0,833542.005,50,1999,53,4,9.9
97495,Active,2807472,NA,NA,D,1,0,1373605.021,45,1994,48,4,13.98
97496,Active,2782449,NA,NA,D,0,0,2652072.215,54,1997,31,4,20.98
97497,Active,3013216,NA,NA,D,1,0,2173337.448,44.95,2002,12,39.94,73.99
97498,Active,826943,NA,NA,D,1,0,2048043.343,40,1997,55,4,6.63
97499,Active,615759,NA,NA,D,1,0,272535.985,30.55,2010,138,3.84,28.96
97500,Active,884443,NA,NA,D,4,1,6456522.091,59.95,2007,13,34.79,154.55
97501,Active,2679688,NA,NA,D,1,0,2378268.346,193,1996,24,28.63,75.99
97502,Active,147155,NA,NA,D,2,1,151404.9288,89.95,2006,22,70.13,0
97503,Active,2551368,NA,NA,D,3,1,2380814.26,312,2003,17,6.08,66.51
97504,Active,3035016,NA,NA,D,0,0,1347110.846,12.95,1996,19,30.58,33.98
97505,Active,2852735,NA,NA,D,0,0,304787.1088,10,1984,45,4,9.92
97506,Active,2054011,NA,NA,D,0,0,1580948.863,40,2008,11,33.53,31.95
97507,Active,3038210,NA,NA,D,0,0,2513311.863,34.95,1996,10,28.99,41.74
97508,Active,3038211,NA,NA,D,0,0,3684402.553,34.95,1997,10,12.99,19.89
97509,Active,3038225,NA,NA,D,0,0,4507542.454,34.95,1997,7,13.98,19.67
97510,Active,3038278,NA,NA,D,0,0,4406307.606,34.95,1999,4,37.18,43.96
97511,Active,3526967,NA,NA,D,0,0,975722.4,65,2003,69,21.53,38.08
97512,Active,653751,NA,NA,D,2,1,2279270.823,67.95,2008,20,8.09,26.23
97513,Active,2569778,NA,NA,D,2,1,6121577.15,50.45,1993,20,4,73.19
97514,Active,2837232,NA,NA,D,0,0,678349.105,42,1985,33,6.99,18.98
97515,Active,2134222,NA,NA,D,1,0,1571829.805,39.99,2012,21,10.28,11.25
97516,Active,279417,NA,NA,D,1,0,1129948.359,39.99,2008,53,4,6.49
97517,Active,3816545,NA,NA,D,0,0,2490122.6,39.99,2012,53,4,39.99
97518,Active,718921,NA,NA,D,1,0,2188822.73,95,2001,21,4.97,54.9
97519,Active,651961,NA,NA,D,5,1,2227615.958,217,2007,10,51.06,51.45
97520,Active,2600619,NA,NA,D,0,0,3351120.481,120,1995,27,23.79,80.82
97521,Active,3547584,NA,NA,D,0,0,679513.7,65,2008,49,34.84,37.11
97522,Active,3793961,NA,NA,D,0,0,906743.1,57,2010,23,7.97,56.45
97523,Active,1558791,NA,NA,D,1,0,853636.7325,95,2013,20,24.94,60.68
97524,Active,2859990,NA,NA,D,2,1,6879910.85,44.95,1999,14,14.99,40.99
97525,Active,636909,NA,NA,D,3,1,946982.54,42,2005,22,7.72,140.23
97526,Active,2252554,NA,NA,D,5,1,2892496.6,44.79,2009,24,0,0
97527,Active,1592929,NA,NA,D,1,0,1795895.515,154.99,2006,13,43.07,133.57
97528,Active,868155,NA,NA,D,1,0,8372165.19,26,1998,21,4.44,25.46
97529,Active,2530037,NA,NA,D,0,0,2178969.408,22.95,1993,18,13.99,59.69
97530,Active,568794,NA,NA,D,1,0,304035.3375,49.99,2003,29,43.98,49.98
97531,Active,156740,NA,NA,D,1,0,2012295.78,47.95,1999,16,39.4,51.74
97532,Active,698357,NA,NA,D,5,1,1916666.461,96.99,2000,15,60.42,180
97533,Active,2236058,NA,NA,D,1,0,3237895.984,69.95,2008,16,43.99,50.89
97534,Active,3468211,NA,NA,D,4,1,3808884.95,0,2002,34,4,8.99
97535,Active,2850588,NA,NA,D,1,0,2221929.64,29.95,1995,34,5.97,22.99
97536,Active,871898,NA,NA,D,0,0,445047.4413,64.95,2003,26,10.03,119.93
97537,Active,2768581,NA,NA,D,0,0,420834.1888,60,2001,27,26.92,38.29
97538,Active,759425,NA,NA,D,0,0,3510354.211,29.95,2000,13,4.09,45.65
97539,Active,165321,NA,NA,D,2,1,5383530.129,105,2001,24,4,8.55
97540,Active,121665,NA,NA,D,2,1,4920505.16,96.2,1997,25,4,0
97541,Active,200132,NA,NA,D,1,0,2602163.286,171.95,2005,20,4.57,35.86
97542,Active,666725,NA,NA,D,0,0,2692524.746,61,2005,25,4,43.78
97543,Active,592070,NA,NA,D,0,0,405495.5275,89,2008,45,30.65,69.55
97544,Active,2406315,NA,NA,D,1,0,2557277.666,125,1993,30,7.98,38.99
97545,Active,3781632,NA,NA,D,0,0,1536900.95,31.95,2002,19,30.45,95.43
97546,Active,534391,NA,NA,D,8,1,5369915.193,43.95,1994,29,4.2,62.85
97547,Active,227958,NA,NA,D,1,0,954958.005,55.95,1997,26,26.71,115.43
97548,Active,528782,NA,NA,D,3,1,1517693.726,147,2008,22,37.32,75.71
97549,Active,1757077,NA,NA,D,0,0,33570.10625,52.95,2010,37,22.2,30
97550,Active,895892,NA,NA,D,0,0,3480353.051,57.95,2005,16,22.43,126.85
97551,Active,2598532,NA,NA,D,1,0,9924725.794,78.99,1993,10,43.99,73.99
97552,Active,2614967,NA,NA,D,0,0,4564542.494,125,2004,17,23.99,67.18
97553,Active,2602741,NA,NA,D,0,0,1162706.3,150,2001,41,7.53,67.17
97554,Active,454740,NA,NA,D,0,0,5921512.271,134.99,2007,25,23.22,98.75
97555,Active,2614769,NA,NA,D,1,0,4023104.49,99.99,2003,20,26.15,61.1
97556,Active,1595008,NA,NA,D,1,0,3296424.049,99,2010,16,21.08,54.2
97557,Active,1593066,NA,NA,D,1,0,1957927.014,99.99,2007,16,31.93,82.77
97558,Active,2772596,NA,NA,D,1,0,2679707.244,107.94,1970,15,19.97,68.61
97559,Active,2612499,NA,NA,D,1,0,5922503.4,130,2001,28,23.98,115.33
97560,Active,3198857,NA,NA,D,0,0,2917711.773,0,2007,25,19.46,86.99
97561,Active,1865891,NA,NA,D,0,0,1692405.839,35,2010,66,3.92,5.99
97562,Active,619347,NA,NA,D,0,0,851137.8063,59.99,2011,29,3.98,6.19
97563,Active,2098013,NA,NA,D,3,1,22281.73625,249.99,2014,86,48.98,158.99
97564,Active,1878944,NA,NA,D,0,0,2108188.364,59.95,2007,22,12.75,74.89
97565,Active,250417,NA,NA,D,0,0,1075311.834,39,2006,12,114.17,4050.39
97566,Active,903891,NA,NA,D,0,0,601979.3625,44.95,2008,18,22.8,82.97
97567,Active,195457,NA,NA,D,0,0,941600.2463,49.95,2005,19,29.43,148.87
97568,Active,686535,NA,NA,D,0,0,519532.6525,29,1991,45,7.16,21.99
97569,Active,2601714,NA,NA,D,1,0,2663016.673,155,2000,21,17.98,79.82
97570,Active,627590,NA,NA,D,6,1,725208.5288,158,2006,33,50.74,128.99
97571,Active,273707,NA,NA,D,3,1,2889674.26,37.95,1999,18,8.28,37.91
97572,Active,140281,NA,NA,D,1,0,780414.5413,49.95,2004,46,4,15.05
97573,Active,501639,NA,NA,D,1,0,1436139.344,36.45,1997,34,4,47.87
97574,Active,757314,NA,NA,D,0,0,1718180.883,50,1997,32,4,8.23
97575,Active,2523819,NA,NA,D,0,0,9079449.706,39.95,1994,22,4.59,23.52
97576,Active,700329,NA,NA,D,9,1,1354552.584,57.95,2003,41,4,4.58
97577,Active,1570042,NA,NA,D,0,0,1543468.56,205,2010,14,157.55,151.78
97578,Active,902794,NA,NA,D,0,0,1986223.338,65,2012,12,46.94,113.75
97579,Active,2446823,NA,NA,D,1,0,5525634.915,25,1989,32,4,29.81
97580,Active,2667296,NA,NA,D,0,0,1510803.781,55,1994,20,7.04,25
97581,Active,407913,NA,NA,D,0,0,952168.1538,45,2001,39,4,19.2
97582,Active,599552,NA,NA,D,1,0,579537.635,77,2004,33,4.98,31.99
97583,Active,591970,NA,NA,D,0,0,2484464.833,39,2008,18,6.32,50.36
97584,Active,909408,NA,NA,D,1,0,2276552.519,65,2004,32,4,47.44
97585,Active,591967,NA,NA,D,1,0,7732521.384,45.95,2005,19,6.27,49.44
97586,Active,1783651,NA,NA,D,0,0,5160629.578,120,2012,10,9.95,90.01
97587,Active,2724404,NA,NA,D,2,1,2142534.324,91,2003,14,4.98,45.85
97588,Active,905592,NA,NA,D,0,0,3233891.419,32.95,2005,20,6.47,30.82
97589,Active,326367,NA,NA,D,4,1,4122938.331,44.99,2009,15,4.25,49.73
97590,Active,592034,NA,NA,D,2,1,365971.2975,81,2010,31,8.67,33.3
97591,Active,562564,NA,NA,D,4,1,1071223.245,45,2003,26,4,47.94
97592,Active,541149,NA,NA,D,5,1,1487587.854,225.4,2007,16,4.09,96.49
97593,Active,2630494,NA,NA,D,0,0,4846516.155,46.17,1978,22,4,23.98
97594,Active,899846,NA,NA,D,0,0,3773977.705,42,1996,17,43.67,144.44
97595,Active,349964,NA,NA,D,1,0,2790626.374,182.95,2004,18,5.15,84.79
97596,Active,766939,NA,NA,D,5,1,1495833.073,48.95,2008,6,33.71,44.5
97597,Active,766841,NA,NA,D,1,0,2921667.774,139.95,1998,17,4,60.96
97598,Active,2593574,NA,NA,D,0,0,2465878.7,125,1989,29,7.19,68.81
97599,Active,896126,NA,NA,D,1,0,1703530.501,65,2003,20,7.54,28.99
97600,Active,793295,NA,NA,D,0,0,1377797.476,215,2004,15,6.38,33.98
97601,Active,2605202,NA,NA,D,0,0,440087.17,79.99,2001,38,13.72,26.44
97602,Active,2774813,NA,NA,D,1,0,1163222.979,63.95,2002,20,11.79,42.96
97603,Active,1472477,NA,NA,D,1,0,1921541.534,44.95,2009,25,8.59,40.77
97604,Active,1692710,NA,NA,D,1,0,2185313.641,59.95,2009,22,5.97,43.86
97605,Active,2605736,NA,NA,D,1,0,6009512.301,155,1998,14,33.7,148.65
97606,Active,1656686,NA,NA,D,1,0,2065513.318,109.3,2010,12,63.73,196.39
97607,Active,868630,NA,NA,D,1,0,910195.0738,62.95,2004,27,4,18.88
97608,Active,147365,NA,NA,D,2,1,6001.055,107,2009,68,59.99,73.95
97609,Active,232049,NA,NA,D,1,0,1108163.039,81,1997,28,12.89,70.13
97610,Active,208262,NA,NA,D,0,0,1339592.224,36.99,1997,31,4,7.69
97611,Active,454584,NA,NA,D,1,0,2153372.556,140,2006,20,18.78,23.5
97612,Active,610451,NA,NA,D,8,1,203628.6763,93.95,2013,118,4.75,20.98
97613,Active,2606665,NA,NA,D,0,0,1965536.931,69.99,1997,34,5.88,13.98
97614,Active,897145,NA,NA,D,8,1,2846014.498,204.7,2005,24,15.31,204.7
97615,Active,2560065,NA,NA,D,3,1,7429786.038,360,1984,20,8.92,97.91
97616,Active,2344757,NA,NA,D,2,1,2477069.778,39.95,1996,40,4,26.76
97617,Active,917232,NA,NA,D,0,0,154900.9325,17.99,1991,38,4.65,12.86
97618,Active,1589248,NA,NA,D,0,0,2399792.376,60,2007,16,32.77,38.21
97619,Active,1583081,NA,NA,D,0,0,740049.84,60,2010,20,40.01,45.37
97620,Active,256592,NA,NA,D,0,0,1170847.478,39.99,1996,55,6.93,29.77
97621,Active,3499100,NA,NA,D,0,0,782579.4,36.99,2002,53,9.94,16.11
97622,Active,2679006,NA,NA,D,1,0,4544846.556,169,1995,16,4.39,109.25
97623,Active,1519858,NA,NA,D,9,1,3879127.016,62.95,2006,2,9.93,9.94
97624,Active,2552113,NA,NA,D,0,0,6801038.611,48,1991,13,5.78,69.01
97625,Active,2496782,NA,NA,D,0,0,2416353.776,335.74,2004,12,7.98,67.45
97626,Active,728535,NA,NA,D,0,0,2499063.86,39.99,2001,29,4,5.48
97627,Active,792947,NA,NA,D,0,0,1856113.534,65,1999,20,10.29,69.98
97628,Active,1835213,NA,NA,D,0,0,1054423.496,269,2008,21,73.97,68.97
97629,Active,2604572,NA,NA,D,0,0,804736.005,129.99,1995,17,9.48,75.71
97630,Active,906063,NA,NA,D,0,0,2433375.233,70,2004,18,16.77,96.36
97631,Active,792684,NA,NA,D,0,0,7806169.193,49.95,1999,19,4,22.99
97632,Active,2420241,NA,NA,D,0,0,2102577.105,75,2005,13,8.7,65.97
97633,Active,2414568,NA,NA,D,1,0,4622138.625,85,1991,19,33.76,95.16
97634,Active,326312,NA,NA,D,0,0,5109788.259,455.55,2004,14,4.98,107.62
97635,Active,2851163,NA,NA,D,1,0,2516271.028,149.95,1999,18,4,19.59
97636,Active,128915,NA,NA,D,0,0,3638380.718,80,2005,21,4.98,49.91
97637,Active,1677782,NA,NA,D,0,0,1887244.824,47.95,2006,19,25,41.78
97638,Active,2614063,NA,NA,D,1,0,942850.4175,175,2003,22,20.96,40.75
97639,Active,281952,NA,NA,D,0,0,1605661.655,39.95,2002,35,4,11.97
97640,Active,281933,NA,NA,D,1,0,290110.3075,60,1999,59,6.39,39.27
97641,Active,454773,NA,NA,D,1,0,1407247.685,220,2009,27,72.07,0
97642,Active,775492,NA,NA,D,2,1,6095601.613,110,2001,12,9.57,22.84
97643,Active,913923,NA,NA,D,6,1,466005.2838,157,2008,15,18.98,0
97644,Active,254017,NA,NA,D,13,1,15726.04,165,2011,57,38.94,93.23
97645,Active,2778698,NA,NA,D,9,1,8850818.383,79.95,1992,13,11.44,39.95
97646,Active,545280,NA,NA,D,1,0,714507.9475,99.95,2011,13,25,98.28
97647,Active,638524,NA,NA,D,8,1,329791.52,90.95,2012,21,48.98,0
97648,Active,913429,NA,NA,D,1,0,2261364.083,100,1997,30,21.96,138.49
97649,Active,2018074,NA,NA,D,10,1,1696002.885,329,2006,20,37.69,335.34
97650,Active,2018087,NA,NA,D,12,1,1207400.228,399,2010,21,99,540.43
97651,Active,1741161,NA,NA,D,0,0,5321701.668,79,2009,12,4.53,82.98
97652,Active,658001,NA,NA,D,34,1,2186827.439,79,2013,12,6.94,8.45
97653,Active,2310921,NA,NA,D,0,0,5990057.775,51.1,1986,15,4,49.17
97654,Active,1855263,NA,NA,D,8,1,2130357.578,86.95,2006,11,26.09,0
97655,Active,903013,NA,NA,D,1,0,1730130.339,59,2005,21,8.32,50.27
97656,Active,902433,NA,NA,D,1,0,929630.345,40,2006,21,10.05,58.7
97657,Active,2327348,NA,NA,D,4,1,7524394.25,0,1998,17,4.96,0
97658,Active,212610,NA,NA,D,1,0,701095.27,80.6,2006,27,7.39,61.69
97659,Active,2266761,NA,NA,D,1,0,5921556.286,0,2011,25,26.76,71.69
97660,Active,183132,NA,NA,D,11,1,1864316.719,14.32,2005,23,4,0
97661,Active,110003,NA,NA,D,4,1,3223927.28,75.75,2007,18,5.23,86.89
97662,Active,607001,NA,NA,D,8,1,1118658.473,87,2008,29,4,43.96
97663,Active,778133,NA,NA,D,7,1,9877184.611,74.95,2000,13,4.09,60.44
97664,Active,2669330,NA,NA,D,8,1,3074353.869,20.05,1988,12,17.63,73.39
97665,Active,147047,NA,NA,D,1,0,538108.2913,67.95,2004,54,4.45,43.33
97666,Active,606836,NA,NA,D,4,1,2310738.036,54.75,2003,34,4,5.36
97667,Active,2369299,NA,NA,D,4,1,10163190.85,0,1985,10,7.65,0
97668,Active,113068,NA,NA,D,1,0,1966910.595,99.95,2007,25,12.76,87.9
97669,Active,163961,NA,NA,D,3,1,7716606.571,50.51,1996,14,4,16.78
97670,Active,710442,NA,NA,D,0,0,1456924.148,57.4,2002,19,7.95,33.91
97671,Active,635552,NA,NA,D,5,1,675520.145,142.8,2013,22,76.27,108.99
97672,Active,887060,NA,NA,D,1,0,2760685.061,137.33,2014,10,79.08,139.75
97673,Active,638235,NA,NA,D,2,1,817540.19,86.4,2010,14,16.78,42.96
97674,Active,3474900,NA,NA,D,5,1,1782945.2,95.8,2007,9,44.12,46.23
97675,Active,1438476,NA,NA,D,0,0,1045418.878,154.75,2009,13,4,278.32
97676,Active,528702,NA,NA,D,2,1,547228.5,192.25,2012,21,76.02,0
97677,Active,165855,NA,NA,D,1,0,2980238.794,29.47,2004,24,4.39,40.49
97678,Active,3112127,NA,NA,D,4,1,5052693.389,72,2005,17,4.98,675
97679,Active,857463,NA,NA,D,0,0,3297477.194,114,2009,13,103.94,158.91
97680,Active,3784136,NA,NA,D,0,0,2843968.25,45.95,1900,24,4.98,97
97681,Active,2772941,NA,NA,D,1,0,1495782.48,141.5,1977,23,8.32,40.15
97682,Active,2231405,NA,NA,D,0,0,687762.47,38,2012,20,27.04,25.29
97683,Active,697515,NA,NA,D,0,0,504318.2588,32.95,1997,29,3.99,0
97684,Active,719878,NA,NA,D,1,0,794461.6438,83,2000,16,24.49,38.99
97685,Active,699842,NA,NA,D,1,0,631779.555,131,2001,31,4.94,17.99
97686,Active,2570842,NA,NA,D,1,0,1320637.505,130,1993,23,4.73,43.99
97687,Active,3262702,NA,NA,D,2,1,4763073.949,127.51,2002,33,21.01,86.47
97688,Active,1470170,NA,NA,D,4,1,5132820.991,40,2006,17,4.98,44.98
97689,Active,1473362,NA,NA,D,6,1,8515023.553,59.95,2009,23,4.97,55.22
97690,Active,896591,NA,NA,D,1,0,4478443.925,175,2007,21,15.08,59.49
97691,Active,3518869,NA,NA,D,0,0,4298799.9,165,1999,22,4.3,100.32
97692,Active,2422088,NA,NA,D,0,0,4330794.541,34.95,1980,11,5.44,78.89
97693,Active,2372065,NA,NA,D,3,1,4044614.368,82,1969,18,4.38,37.29
97694,Active,2385429,NA,NA,D,2,1,4392579.464,13.66,1989,24,4.24,13.07
97695,Active,660170,NA,NA,D,0,0,2651616.57,120,2010,21,23,91.28
97696,Active,668931,NA,NA,D,0,0,1268045.511,35,2002,16,25.72,33.35
97697,Active,615003,NA,NA,D,1,0,2361140.15,98.95,1994,47,4.31,13.98
97698,Active,2577274,NA,NA,D,1,0,4375538.139,119.95,1983,22,12.46,76.23
97699,Active,700837,NA,NA,D,1,0,809442.9463,39,2005,23,15.98,18.99
97700,Active,106357,NA,NA,D,8,1,2358566.046,43.95,2006,39,4.54,47.02
97701,Active,700819,NA,NA,D,5,1,2912711.153,41.95,2005,23,4,0
97702,Active,195894,NA,NA,D,1,0,1846475.479,38.95,1999,33,3.79,23.88
97703,Active,2419155,NA,NA,D,1,0,4206683.398,150,2004,24,15.97,65.43
97704,Active,2590736,NA,NA,D,0,0,6038235.181,79.95,1982,14,41.13,127.89
97705,Active,2398676,NA,NA,D,0,0,2503847.304,35.95,1972,51,4,9.94
97706,Active,893335,NA,NA,D,1,0,1190157.92,64.95,2007,20,13.18,64.95
97707,Active,891080,NA,NA,D,0,0,11241448.49,12.8,1986,11,6.05,0
97708,Active,1648453,NA,NA,D,1,0,1028564.981,47.95,2006,16,27.97,47.9
97709,Active,1591544,NA,NA,D,0,0,7273546.754,99.99,2010,16,23.74,58.7
97710,Active,1594879,NA,NA,D,0,0,2125489.834,110,2008,25,17.33,18.34
97711,Active,175394,NA,NA,D,0,0,4241896.326,29.99,2001,39,4,8.95
97712,Active,2595477,NA,NA,D,0,0,9204302.785,139.99,1988,12,43.99,110.49
97713,Active,175347,NA,NA,D,3,1,1196921.236,39.99,2000,52,4,13.98
97714,Active,2647475,NA,NA,D,0,0,2721407.236,34.95,1993,20,19.08,66.13
97715,Active,2383891,NA,NA,D,9,1,458899.2825,95.2,2015,4,88.41,63.95
97716,Active,537222,NA,NA,D,2,1,40747.515,173.8,2011,56,24.01,152.18
97717,Active,131703,NA,NA,D,4,1,1263986.296,120,2003,48,4,8.35
97718,Active,269542,NA,NA,D,1,0,556045.6463,55,2007,25,8.35,28.04
97719,Active,794303,NA,NA,D,1,0,4205226.248,115,2006,19,5.93,111.64
97720,Active,908828,NA,NA,D,1,0,4403538.145,155,1996,22,7.46,47.18
97721,Active,579591,NA,NA,D,1,0,2683832.248,63.95,2001,20,6.34,37.89
97722,Active,894539,NA,NA,D,0,0,7826196.243,135,2004,11,48.99,157.19
97723,Active,411298,NA,NA,D,0,0,2954993.264,135,2006,16,56.64,120.56
97724,Active,682104,NA,NA,D,1,0,692363.15,28.94,2000,27,8.98,8.98
97725,Active,2646039,NA,NA,D,1,0,5728030.648,28.95,1991,39,3.97,25.98
97726,Active,2039296,NA,NA,D,1,0,4198386.795,72,2007,9,38.98,188.09
97727,Active,2256255,NA,NA,D,4,1,8847076.066,142.36,2008,16,60.79,139.66
97728,Active,3018968,NA,NA,D,1,0,1997781.186,60,2005,14,28.99,52.68
97729,Active,883604,NA,NA,D,2,1,9269170.59,77.95,2004,7,70.99,140.39
97730,Active,654030,NA,NA,D,1,0,2035466.509,145,2012,18,60.94,111.12
97731,Active,2585129,NA,NA,D,1,0,398932.4763,60,1988,101,8.93,21.63
97732,Active,3144285,NA,NA,D,0,0,507765.0388,64.5,2004,23,31.48,92.8
97733,Active,1772523,NA,NA,D,6,1,1148980.313,86.95,2011,14,5.38,5.43
97734,Active,3589541,NA,NA,D,0,0,4592117.7,80,1998,12,4.5,53.99
97735,Active,2696063,NA,NA,D,1,0,2095548.904,157.95,2003,20,57.51,147.88
97736,Active,1867405,NA,NA,D,0,0,3919967.853,179.95,2008,16,11.4,105.83
97737,Active,248807,NA,NA,D,1,0,2564951.029,189,2005,21,43.46,175.07
97738,Active,2595602,NA,NA,D,1,0,2087122.544,119.99,1998,25,28.89,90.66
97739,Active,2801332,NA,NA,D,2,1,5575535.815,29.95,1992,24,4.85,23.94
97740,Active,2672611,NA,NA,D,1,0,3699676.738,160,1987,23,31.31,97.43
97741,Active,548249,NA,NA,D,1,0,1580650.466,73.95,2000,16,4,50.55
97742,Active,217252,NA,NA,D,4,1,2796282.564,50,2005,28,4,27.99
97743,Active,261428,NA,NA,D,1,0,200041.6263,77,2006,44,4,0
97744,Active,157577,NA,NA,D,1,0,724177.4788,69.95,2011,40,4.97,95.76
97745,Active,600098,NA,NA,D,0,0,547407.8488,170,2006,16,17.34,113.43
97746,Active,906956,NA,NA,D,0,0,564640.1363,69.95,1994,29,28.92,78.91
97747,Active,666442,NA,NA,D,2,1,2238741.594,91.5,2008,18,16.28,49.98
97748,Active,897426,NA,NA,D,1,0,1773927.549,0,2010,17,4,7.97
97749,Active,1956581,NA,NA,D,9,1,250619.1675,75,2014,18,58.38,59.34
97750,Active,3615457,NA,NA,D,1,0,6207922.8,37.33,1998,14,4.28,45.84
97751,Active,830850,NA,NA,D,0,0,2506546.601,65,2001,7,30.81,675
97752,Active,137622,NA,NA,D,3,1,3157284.14,59.95,1995,16,4.58,21.98
97753,Active,1548158,NA,NA,D,1,0,5595114.16,150,2011,10,6.53,60.24
97754,Active,738363,NA,NA,D,0,0,2651492.176,111,2002,13,10.85,88.35
97755,Active,2130807,NA,NA,D,0,0,3332958.329,220,2013,12,25.87,168.35
97756,Active,2598347,NA,NA,D,0,0,5297384.679,99.99,1999,16,33.99,45.49
97757,Active,2261619,NA,NA,D,6,1,2807647.819,96.03,2008,44,7.32,81.17
97758,Active,3014514,NA,NA,D,0,0,4893716.198,29.95,1999,13,21.31,29.95
97759,Active,2773385,NA,NA,D,1,0,1895386.279,47.5,1985,14,15.19,98.6
97760,Active,198877,NA,NA,D,1,0,540788.58,43,2009,25,6.47,23.09
97761,Active,724086,NA,NA,D,0,0,2463211.031,63,2008,38,28.77,46.71
97762,Active,576624,NA,NA,D,1,0,1785924.776,212.95,2007,31,4.13,36.65
97763,Active,908580,NA,NA,D,2,1,1528459.499,171.95,2012,15,13.99,72.99
97764,Active,2841037,NA,NA,D,1,0,8420228.725,85.95,2000,22,5.14,7.35
97765,Active,1468264,NA,NA,D,10,1,1379386.838,65,2008,22,4.97,73.05
97766,Active,2419918,NA,NA,D,9,1,4153811.701,55,2005,35,4.97,95.59
97767,Active,298545,NA,NA,D,3,1,2129995.294,99.95,2007,13,13.18,120.22
97768,Active,776213,NA,NA,D,0,0,1436135.105,43.95,2010,12,21.24,33.2
97769,Active,895021,NA,NA,D,0,0,234594.81,44.95,2011,50,18.72,33.98
97770,Active,775642,NA,NA,D,0,0,1711867.263,28.95,2003,13,6.99,0
97771,Active,126341,NA,NA,D,1,0,3456465.114,59.95,2002,18,4.84,12.49
97772,Active,129426,NA,NA,D,2,1,482639.17,64.95,2010,68,4,21.98
97773,Active,679119,NA,NA,D,0,0,346987.1863,27.5,1978,55,9.35,23.18
97774,Active,884797,NA,NA,D,6,1,6625441.256,10,2008,10,4,96.35
97775,Active,2034257,NA,NA,D,5,1,7418728.4,129.95,2007,0,0,0
97776,Active,1590946,NA,NA,D,0,0,2003751.698,89.99,2012,18,33.38,86.08
97777,Active,2599599,NA,NA,D,0,0,1722415.114,145,1994,19,6.39,128.24
97778,Active,720459,NA,NA,D,1,0,2278122.03,73,2011,23,28.99,38.97
97779,Active,433348,NA,NA,D,2,1,4562562.696,37,2007,20,4.09,93.21
97780,Active,2093639,NA,NA,D,0,0,577085.3825,74.95,2012,43,4.68,43.64
97781,Active,1547712,NA,NA,D,0,0,5063745.565,150,2011,10,38.98,124.95
97782,Active,1592815,NA,NA,D,0,0,2474738.443,240,2006,23,18.98,25.94
97783,Active,2052098,NA,NA,D,2,1,1108824.239,80,2011,13,21.33,52.58
97784,Active,730894,NA,NA,D,1,0,1209993.293,115,2000,25,10.85,73.4
97785,Active,917224,NA,NA,D,1,0,541183.6625,24.95,2010,37,6.98,23.7
97786,Active,2170588,NA,NA,D,0,0,1232069.58,61.95,2010,14,23.98,28.23
97787,Active,668737,NA,NA,D,0,0,2015061.135,185,2011,23,43.61,77.15
97788,Active,2171128,NA,NA,D,0,0,1888234.394,184.95,2012,10,65.29,77.15
97789,Active,861481,NA,NA,D,0,0,695572,42.55,2013,15,10.49,0
97790,Active,2442461,NA,NA,D,0,0,2097419.49,249,1993,19,11.46,77.87
97791,Active,618414,NA,NA,D,1,0,895284.2738,125.6,1983,22,6.39,33.99
97792,Active,3775952,NA,NA,D,3,1,5334857,83,2015,18,88.54,83
97793,Active,1982498,NA,NA,D,3,1,192771.4525,72,2014,12,63.2,69.49
97794,Active,1538183,NA,NA,D,1,0,674972.0075,85,2006,22,4,51.69
97795,Active,800900,NA,NA,D,1,0,4366988.503,58,2009,13,5.94,98.29
97796,Active,131843,NA,NA,D,0,0,842357.785,64.33,2005,36,4,15.32
97797,Active,262679,NA,NA,D,0,0,1253913.71,49.95,2005,33,4,85.71
97798,Active,3053188,NA,NA,D,0,0,1447340.926,99.95,1999,15,6.39,12.99
97799,Active,201737,NA,NA,D,0,0,1313033.595,65.95,2007,29,4,52.45
97800,Active,3028204,NA,NA,D,0,0,954415.4188,49.95,2003,38,4,25.04
97801,Active,210919,NA,NA,D,1,0,383978.355,60.95,2005,63,5.4,0
97802,Active,366260,NA,NA,D,1,0,4940865.494,59,2005,12,6.89,59
97803,Active,870985,NA,NA,D,1,0,1847305.519,132,2010,37,4,11.28
97804,Active,918412,NA,NA,D,0,0,2316050.125,99,2010,29,4,18.89
97805,Active,600142,NA,NA,D,0,0,1432835.995,75,2009,26,5.07,20.99
97806,Active,1592676,NA,NA,D,1,0,1872731.678,84.99,2008,23,6.32,28.87
97807,Active,2897611,NA,NA,D,1,0,615700.0275,38,2000,22,4,21.94
97808,Active,247539,NA,NA,D,1,0,1658891.708,50.95,2005,30,4,42.01
97809,Active,800305,NA,NA,D,0,0,6825458.73,36.95,2006,15,5,32.59
97810,Active,2712348,NA,NA,D,0,0,1178095.555,30.95,2003,23,23.12,33.99
97811,Active,1739763,NA,NA,D,3,1,331291.9275,64.99,2010,22,28.88,90.59
97812,Active,742228,NA,NA,D,1,0,2468429.333,59.99,2009,11,7.97,13.62
97813,Active,3193564,NA,NA,D,0,0,181013.9725,45,2004,37,5.98,16.16
97814,Active,279006,NA,NA,D,0,0,1923030.613,39.95,2005,29,4,21.99
97815,Active,656549,NA,NA,D,2,1,1644740.009,39.95,1997,26,13.92,0
97816,Active,779434,NA,NA,D,2,1,1747929.543,39.95,1997,15,6.02,44.11
97817,Active,885867,NA,NA,D,2,1,1276658.783,178.34,2011,10,15.84,28.88
97818,Active,779435,NA,NA,D,2,1,397061.1863,39.95,1997,24,4.5,0
97819,Active,2391271,NA,NA,D,2,1,1309813.849,50.33,1999,54,4,12.93
97820,Active,637806,NA,NA,D,0,0,197600.3738,45,2011,23,21.88,38.43
97821,Active,3496090,NA,NA,D,2,1,435512.3,45,2015,47,28.99,40.5
97822,Active,908258,NA,NA,D,0,0,1350482.09,48,1991,37,4,35.96
97823,Active,2404592,NA,NA,D,0,0,977661.8875,39.95,1993,21,12.71,48.94
97824,Active,616776,NA,NA,D,1,0,714023.7738,40,2002,80,4,9.78
97825,Active,3619382,NA,NA,D,2,1,10401918.95,0,2000,6,8.47,0
97826,Active,3114920,NA,NA,D,4,1,3800686.248,185.02,2005,21,4.64,62.24
97827,Active,1590868,NA,NA,D,1,0,3476818.12,120,2009,21,23.2,25.45
97828,Active,545173,NA,NA,D,2,1,36381.12125,207,2013,57,32.94,107.93
97829,Active,132098,NA,NA,D,4,1,3075619.539,93,2004,24,4,38.99
97830,Active,657232,NA,NA,D,0,0,1524157.264,75,2012,14,4.77,48.94
97831,Active,2191753,NA,NA,D,0,0,1140132.095,59.95,2013,54,31.75,38.17
97832,Active,598064,NA,NA,D,0,0,5725945.094,75,2006,37,3.99,18.99
97833,Active,528638,NA,NA,D,2,1,683990.53,59.95,2008,20,16.49,134.16
97834,Active,905000,NA,NA,D,0,0,3151725.9,11.96,1999,18,4,73.51
97835,Active,213244,NA,NA,D,1,0,643365.985,88.95,2007,30,33.86,0
97836,Active,756929,NA,NA,D,1,0,2591932.209,120,1998,19,7.62,86.83
97837,Active,1468728,NA,NA,D,1,0,2607713.764,83,2008,21,18.36,63.97
97838,Active,801479,NA,NA,D,2,1,1967566.848,125,2009,18,46.08,93.05
97839,Active,1470101,NA,NA,D,6,1,1779637.796,45,2006,60,4,46.22
97840,Active,1472981,NA,NA,D,7,1,2226059.599,49.5,2010,30,4.97,45.78
97841,Active,1706518,NA,NA,D,1,0,1469629.849,50,2008,44,6.42,35.82
97842,Active,1516004,NA,NA,D,1,0,2179323.041,39.99,2010,27,3.99,11.13
97843,Active,1543721,NA,NA,D,0,0,3643398.024,160,2013,10,20.63,81.99
97844,Active,747423,NA,NA,D,0,0,8276362.374,40,1999,26,4,21.98
97845,Active,3069884,NA,NA,D,0,0,2811394.839,39.5,2003,17,23.89,43.98
97846,Active,1841072,NA,NA,D,1,0,6378655.181,89.95,2011,12,17.89,58.89
97847,Active,1560128,NA,NA,D,13,1,1935505.881,116.87,2006,26,4,66.73
97848,Active,1726077,NA,NA,D,0,0,796510.3188,48,2012,16,22.36,36.91
97849,Active,2113725,NA,NA,D,0,0,621276.19,49.99,2013,34,35.7,49.98
97850,Active,906120,NA,NA,D,1,0,4049013.19,73.95,2009,20,4.01,12.28
97851,Active,2188686,NA,NA,D,0,0,1543643.73,119,2011,17,96.68,98.54
97852,Active,696517,NA,NA,D,0,0,2182847.696,57.7,1970,30,4,57.01
97853,Active,2608246,NA,NA,D,1,0,1366087.051,129.99,1999,21,4.97,68.07
97854,Active,628921,NA,NA,D,1,0,634445.6113,60,2003,19,9.87,41.73
97855,Active,108015,NA,NA,D,6,1,1620592.979,108.65,2004,53,4,6.99
97856,Active,2145567,NA,NA,D,0,0,1106236.979,54.38,2008,14,13.71,53.62
97857,Active,2543636,NA,NA,D,2,1,6255660.681,42.95,2005,17,4.26,45.76
97858,Active,2533792,NA,NA,D,1,0,3176059.129,45.95,1997,23,4.17,66.03
97859,Active,2538414,NA,NA,D,2,1,7796459.735,44.95,2001,20,4.93,48.92
97860,Active,1546269,NA,NA,D,3,1,2095639.16,46.95,2010,17,39.89,46.95
97861,Active,766242,NA,NA,D,0,0,1312608.975,73.95,2005,38,4.44,8.49
97862,Active,3728895,NA,NA,D,0,0,1239514.05,36.99,2014,50,4,24.42
97863,Active,1540710,NA,NA,D,1,0,891746.5875,49.95,2010,14,31.96,38.28
97864,Active,171611,NA,NA,D,0,0,626213.5875,38.95,1999,20,16.25,38.95
97865,Active,1839627,NA,NA,D,9,1,5661024.745,42.95,2007,15,4.97,13.34
97866,Active,1840000,NA,NA,D,10,1,4796030.431,42.95,2007,15,8.9,20.9
97867,Active,189911,NA,NA,D,0,0,1118517.393,37.5,2006,16,24.89,25.93
97868,Active,3480722,NA,NA,D,0,0,1796056.2,47.44,2006,31,4,29.84
97869,Active,921207,NA,NA,D,1,0,1543398.235,38.38,2005,56,4,9.33
97870,Active,2611184,NA,NA,D,1,0,1541924.17,129.99,2003,17,43.24,43.97
97871,Active,2605192,NA,NA,D,0,0,2551358.676,170,1997,19,28.9,135.59
97872,Active,152872,NA,NA,D,0,0,810732.645,89.95,1998,26,28.92,61.24
97873,Active,2583067,NA,NA,D,0,0,950827.6188,12.95,1990,17,7.94,10.65
97874,Active,637724,NA,NA,D,1,0,662581.825,89.99,2012,21,19.02,0
97875,Active,2585452,NA,NA,D,0,0,791491.8788,24.95,1988,22,43.81,70.76
97876,Active,2502126,NA,NA,D,0,0,2201284.111,84.95,1981,15,58.99,67.35
97877,Active,1431748,NA,NA,D,1,0,1011359.518,50,2009,38,9.81,28.99
97878,Active,2720630,NA,NA,D,1,0,9187359.589,83.5,2003,14,4,72.18
97879,Active,778304,NA,NA,D,2,1,3870306.969,81.95,2003,25,4,38.19
97880,Active,200053,NA,NA,D,3,1,2040008.266,107.95,2005,20,3.43,0
97881,Active,683161,NA,NA,D,2,1,1502473.439,28,2003,18,5.15,6.51
97882,Active,788330,NA,NA,D,1,0,2608245.415,154.95,2003,32,4,23.98
97883,Active,518435,NA,NA,D,0,0,2526664.095,124.99,2007,22,32.47,32.49
97884,Active,600810,NA,NA,D,6,1,170461.4388,220,2012,65,4.45,198.12
97885,Active,143107,NA,NA,D,2,1,4003634.263,28,2006,20,4,18.24
97886,Active,143191,NA,NA,D,3,1,1727680.34,39,2007,26,4,16.89
97887,Active,175813,NA,NA,D,1,0,1221194.023,104.99,2006,21,12.39,16.86
97888,Active,899780,NA,NA,D,4,1,2026642.983,165,1998,16,28.98,98.2
97889,Active,899791,NA,NA,D,6,1,3813237.899,179,2004,16,4.97,23.87
97890,Active,602017,NA,NA,D,0,0,7651878.121,50.95,2006,17,4.97,50.95
97891,Active,766825,NA,NA,D,1,0,2062266.51,127.95,1997,22,4,64.81
97892,Active,738244,NA,NA,D,4,1,3323374.656,69,2002,17,4.58,111.75
97893,Active,143051,NA,NA,D,0,0,1574590.01,108,2008,24,4,118.55
97894,Active,2416108,NA,NA,D,1,0,2559711.085,28,1978,16,10.91,52.99
97895,Active,614181,NA,NA,D,1,0,3437081.949,137.95,2005,25,4,12.99
97896,Active,618578,NA,NA,D,1,0,340831.235,100,2009,46,3.85,4.99
97897,Active,894033,NA,NA,D,1,0,5172642.4,24,2006,20,22.7,271.15
97898,Active,58484,NA,NA,D,0,0,1052122.558,77.33,2003,27,4,43.59
97899,Active,1988064,NA,NA,D,0,0,1842341.938,21.07,2013,16,20.6,21.07
97900,Active,738150,NA,NA,D,3,1,2274978.345,39,2000,29,4,21.63
97901,Active,899289,NA,NA,D,3,1,594251.31,46.95,2013,20,5.45,46.95
97902,Active,914601,NA,NA,D,4,1,3141546.379,18.15,2004,26,4,6
97903,Active,2882745,NA,NA,D,0,0,869709.7088,45,2001,39,4.07,7.74
97904,Active,564782,NA,NA,D,2,1,3473886.375,39.95,2009,19,4.77,55.14
97905,Active,737208,NA,NA,D,3,1,2939438.716,30,2003,21,4,6.49
97906,Active,738037,NA,NA,D,7,1,679049.935,42,2009,42,5.17,27.99
97907,Active,259521,NA,NA,D,0,0,1194154.363,30,2000,39,4,0
97908,Active,2029653,NA,NA,D,0,0,1159552.756,97,2010,33,85.53,97
97909,Active,896977,NA,NA,D,3,1,4687771.374,54,2001,15,4.58,28.94
97910,Active,2614721,NA,NA,D,0,0,5919650.219,99.99,2004,17,38.85,93.33
97911,Active,676469,NA,NA,D,1,0,115246.3025,22,1989,43,7.2,20.18
97912,Active,899395,NA,NA,D,0,0,1565773.546,51,1989,17,13.67,50.86
97913,Active,1591589,NA,NA,D,1,0,1430048.533,59.99,2008,13,30.48,42.44
97914,Active,746348,NA,NA,D,1,0,1454747.388,35,2004,25,4.98,14.72
97915,Active,666372,NA,NA,D,2,1,4405683.105,65,2002,14,5.82,65
97916,Active,913461,NA,NA,D,2,1,997592.535,36.95,1999,22,4,24.95
97917,Active,206329,NA,NA,D,3,1,1399293.915,64.95,2004,23,16.16,93.17
97918,Active,2670855,NA,NA,D,3,1,5746768.566,23.69,1998,17,3.78,7.98
97919,Active,2832451,NA,NA,D,3,1,1890078.924,189.95,2001,10,55.99,104.28
97920,Active,3593438,NA,NA,D,2,1,2315738.2,150,1995,33,23.63,60.4
97921,Active,268421,NA,NA,D,1,0,626639.19,30,2006,63,4,9.92
97922,Active,869878,NA,NA,D,1,0,3284667.205,60,2006,15,4.73,67.3
97923,Active,728995,NA,NA,D,1,0,2656970.33,75,1997,12,9.98,666.69
97924,Active,134665,NA,NA,D,1,0,2380864.644,60,2001,18,21.49,50.31
97925,Active,883536,NA,NA,D,0,0,2544816.609,56.95,2004,10,19.61,33.05
97926,Active,2121530,NA,NA,D,1,0,302420.2088,69.95,2012,31,25.97,100.39
97927,Active,910521,NA,NA,D,2,1,3823235.661,298.33,1973,20,4,85.58
97928,Active,2822766,NA,NA,D,1,0,1579424.108,75,2004,30,4,65.17
97929,Active,829315,NA,NA,D,1,0,2225524.474,50,2004,24,25,103.53
97930,Active,615562,NA,NA,D,0,0,15424.79875,16.95,1971,80,4.48,8.24
97931,Active,152732,NA,NA,D,0,0,1162181.345,89.95,2002,25,33.98,59.96
97932,Active,632594,NA,NA,D,1,0,366852.165,44.99,2010,35,9.85,35.97
97933,Active,1875472,NA,NA,D,1,0,644179.0588,39.99,2007,18,18.24,34.1
97934,Active,1875473,NA,NA,D,1,0,504463.6388,39.99,2007,17,13.65,18.97
97935,Active,905913,NA,NA,D,0,0,2073054.579,54.95,2003,18,25.99,30.74
97936,Active,893678,NA,NA,D,16,1,1761077.664,60.95,2009,16,10.88,78.21
97937,Active,2662958,NA,NA,D,0,0,5589168.71,57.95,1995,27,4,6.44
97938,Active,657341,NA,NA,D,0,0,5537938.705,178,2004,15,103.99,178.51
97939,Active,611392,NA,NA,D,1,0,105362.01,180.95,2014,61,9.95,53.5
97940,Active,2589680,NA,NA,D,1,0,3620106.849,32,1976,13,6.39,81.79
97941,Active,1651461,NA,NA,D,1,0,925109.1563,54.95,2011,85,4,22.48
97942,Active,2605298,NA,NA,D,0,0,4882777.17,124.99,1997,17,26.91,120.68
97943,Active,620316,NA,NA,D,0,0,400578.495,40,2007,66,12.92,33.05
97944,Active,906443,NA,NA,D,4,1,8544326.873,35,1993,11,4.4,13.98
97945,Active,907754,NA,NA,D,5,1,10318214.73,47.5,1998,14,4,53.05
97946,Active,788145,NA,NA,D,1,0,2554105.463,142.95,1999,15,8.93,13.39
97947,Active,788024,NA,NA,D,1,0,2671428.22,43.95,1999,23,4,45.41
97948,Active,3597156,NA,NA,D,1,0,4507577,50,2002,30,4,46.57
97949,Active,2601046,NA,NA,D,1,0,3381159.416,43,1996,14,17.46,42.73
97950,Active,2795507,NA,NA,D,1,0,412947.5188,45,1982,22,28.99,96.93
97951,Active,2501690,NA,NA,D,0,0,1906986.191,74.95,2004,17,18.99,33.58
97952,Active,640257,NA,NA,D,1,0,2313178.219,110,2002,26,37.14,78.49
97953,Active,648051,NA,NA,D,1,0,257200.6175,50.5,2008,17,14.59,42.08
97954,Active,918263,NA,NA,D,0,0,6586036.7,23,1997,33,4,9.95
97955,Active,3597558,NA,NA,D,0,0,937426.45,69.99,1997,48,11.63,46.71
97956,Active,908961,NA,NA,D,0,0,219220.7688,59.99,2003,34,34.06,42.07
97957,Active,296109,NA,NA,D,0,0,2730067.969,89.99,2003,16,33.94,63.24
97958,Active,3729510,NA,NA,D,0,0,663970.55,59.99,2010,60,35.94,40.61
97959,Active,3499052,NA,NA,D,0,0,1781021.6,69.99,2000,55,7.87,37.17
97960,Active,1856409,NA,NA,D,0,0,3760087.841,54.99,2006,10,27.98,136.81
97961,Active,3729535,NA,NA,D,0,0,1972992.5,69.99,2011,59,31.43,47.2
97962,Active,175243,NA,NA,D,0,0,1808520.924,57.99,2002,34,4,33.73
97963,Active,2613649,NA,NA,D,1,0,2183051.516,99.99,2002,28,6.38,14.98
97964,Active,1493866,NA,NA,D,0,0,1357676.746,40,2009,16,12.99,13.12
97965,Active,280551,NA,NA,D,0,0,2457088.31,109,2006,22,51.48,62.73
97966,Active,2334427,NA,NA,D,0,0,2806774.246,77.8,1981,15,4,73.19
97967,Active,545610,NA,NA,D,0,0,1495112.06,160.95,2010,16,23.49,63.98
97968,Active,923367,NA,NA,D,0,0,421885.205,14.95,1971,148,4,7.91
97969,Active,902877,NA,NA,D,0,0,1907702.103,80.84,1983,18,15.97,59.61
97970,Active,918834,NA,NA,D,0,0,1810178.648,22.95,1997,38,3.99,0
97971,Active,754887,NA,NA,D,2,1,4355360.494,60,2009,16,4,43.84
97972,Active,2433943,NA,NA,D,0,0,309040.935,95,1991,28,6.94,59.86
97973,Active,3553302,NA,NA,D,0,0,808246.3,58,2002,43,8.6,56.5
97974,Active,900507,NA,NA,D,0,0,2086466.258,352.85,2003,13,15.8,259.87
97975,Active,905028,NA,NA,D,1,0,8100890.446,69.99,2002,13,4,19.32
97976,Active,3731870,NA,NA,D,0,0,1538824.25,141.95,2008,32,22.93,120.94
97977,Active,2041159,NA,NA,D,0,0,777709.8525,69.95,2008,26,7.54,32.2
97978,Active,644200,NA,NA,D,3,1,1049241.545,43.95,2003,30,4.12,95.41
97979,Active,1659088,NA,NA,D,1,0,1300679.455,56.78,2012,21,4,103.6
97980,Active,2614548,NA,NA,D,1,0,1449652.906,105,2003,48,4,25.98
97981,Active,1592192,NA,NA,D,1,0,3757310.553,125,2006,18,19.61,62.94
97982,Active,2491097,NA,NA,D,3,1,3141323.72,170,1995,13,41.98,148.41
97983,Active,2618027,NA,NA,D,1,0,1382369.926,97.95,1992,34,4,44.28
97984,Active,563213,NA,NA,D,0,0,1532515.426,249,2007,27,54.51,130.55
97985,Active,2597545,NA,NA,D,0,0,2255785.749,184.99,1991,17,11.74,61.85
97986,Active,1952635,NA,NA,D,0,0,1907938.078,69.95,2013,53,32.99,46.05
97987,Active,718188,NA,NA,D,0,0,2701706.643,87.95,1997,28,4,32.39
97988,Active,1589848,NA,NA,D,0,0,1931632.009,29.99,2012,17,12.96,22.97
97989,Active,1627192,NA,NA,D,1,0,994997.4663,46,2011,16,17.97,18.49
97990,Active,661084,NA,NA,D,0,0,1238805.14,69.95,2012,15,44.99,52.74
97991,Active,633468,NA,NA,D,4,1,92699.39125,13.57,2005,25,12.73,14.58
97992,Active,114582,NA,NA,D,0,0,1278236.685,125,2003,25,3,10.44
97993,Active,2512983,NA,NA,D,1,0,5946689.05,0,1971,16,4.77,77.92
97994,Active,563162,NA,NA,D,0,0,1117149.529,69.95,1994,27,16.71,53
97995,Active,1714945,NA,NA,D,0,0,1452980.35,81,2006,19,39.94,67.99
97996,Active,2178901,NA,NA,D,0,0,2182701.524,99,2008,18,52.98,63.55
97997,Active,1573214,NA,NA,D,0,0,1673418.08,29.95,2010,22,9.44,9.98
97998,Active,902605,NA,NA,D,3,1,1901378.034,109,2010,26,20.72,0
97999,Active,3472061,NA,NA,D,1,0,2245673.4,98,1995,25,4,50.41
98000,Active,2334375,NA,NA,D,3,1,2339493.005,74.95,1988,28,5.14,53.61
98001,Active,2602247,NA,NA,D,1,0,4559195.949,140,1997,20,19.45,126.22
98002,Active,884166,NA,NA,D,0,0,4301500.226,49.95,2006,13,5.29,97.97
98003,Active,1533487,NA,NA,D,0,0,956738.2563,189,2006,29,62.61,33.93
98004,Active,563270,NA,NA,D,2,1,2876116.943,199,1999,17,21.33,182.32
98005,Active,908315,NA,NA,D,0,0,989740.845,139,2009,22,54.94,81.82
98006,Active,642082,NA,NA,D,0,0,307531.27,69.99,2013,39,55.62,69.94
98007,Active,2575155,NA,NA,D,1,0,710900.5775,135,1971,18,7.86,74.04
98008,Active,152124,NA,NA,D,0,0,2473325.108,179,2005,27,25,32.18
98009,Active,3599750,NA,NA,D,1,0,7607377,93,1996,3,6.39,0
98010,Active,2576474,NA,NA,D,1,0,577726.09,195,1987,20,6.4,81.16
98011,Active,164892,NA,NA,D,1,0,1987234.463,148.5,1999,18,13.91,63.07
98012,Active,909199,NA,NA,D,0,0,800836.735,99,1994,28,32.83,89.41
98013,Active,624911,NA,NA,D,0,0,1352677.515,59.95,2009,31,6.18,48.83
98014,Active,2502681,NA,NA,D,0,0,593261.4913,99,1989,24,16.12,65.04
98015,Active,2571567,NA,NA,D,1,0,2759382.971,150,1995,15,41.84,82.38
98016,Active,563244,NA,NA,D,0,0,1493168.375,199,1994,24,21.77,128.73
98017,Active,2573218,NA,NA,D,1,0,4207456.643,18.56,1991,21,4.43,22.66
98018,Active,549197,NA,NA,D,0,0,2666613.855,140.95,1997,22,9.03,51.09
98019,Active,2179227,NA,NA,D,0,0,1678458.335,149,2008,17,86.73,86.74
98020,Active,2501842,NA,NA,D,0,0,1762257.15,69.99,2005,22,36.1,42.94
98021,Active,2253665,NA,NA,D,2,1,8146733.603,53.54,2009,22,18.19,41.63
98022,Active,2589776,NA,NA,D,0,0,1960461.356,37.5,1976,21,4,50.61
98023,Active,2599888,NA,NA,D,0,0,365491.7388,59.99,1995,27,6.4,32.99
98024,Active,756540,NA,NA,D,0,0,724914.2538,153,2002,43,4,19.55
98025,Active,2602154,NA,NA,D,1,0,3242682.648,36.99,1999,33,4,46.01
98026,Active,625311,NA,NA,D,0,0,240216.3663,42.95,2009,41,7.81,20.99
98027,Active,616221,NA,NA,D,3,1,387118.445,54.2,1999,42,4,22.49
98028,Active,1993914,NA,NA,D,0,0,833875.8675,44.95,2014,5,4.3,0
98029,Active,717971,NA,NA,D,1,0,2851011.33,85,1997,30,4.97,68.05
98030,Active,636017,NA,NA,D,0,0,1206051.893,55.95,2004,26,4,12.99
98031,Active,3569589,NA,NA,D,1,0,979338.7,39.99,2000,49,4,23.92
98032,Active,726874,NA,NA,D,1,0,1660206.208,47.95,1998,43,4,6.97
98033,Active,634343,NA,NA,D,0,0,1013600.87,49.99,2011,15,5.97,0
98034,Active,3468073,NA,NA,D,5,1,4555058.2,49.99,2002,26,4.35,41.93
98035,Active,666075,NA,NA,D,1,0,1149483.844,49.99,2008,18,8.85,25.98
98036,Active,301130,NA,NA,D,0,0,1525839.451,39.99,2005,18,15.93,31.71
98037,Active,645462,NA,NA,D,1,0,1580891.788,44.99,2003,19,4,21.28
98038,Active,3153097,NA,NA,D,0,0,2249621.629,259,2000,20,22.5,17.37
98039,Active,661179,NA,NA,D,1,0,1589204.841,47.99,2011,27,5.26,13.94
98040,Active,615990,NA,NA,D,3,1,1282440.716,34.95,2008,48,4,5.98
98041,Active,203695,NA,NA,D,2,1,2632299.791,32.95,2004,21,7.72,12.48
98042,Active,915059,NA,NA,D,1,0,2663420.72,29.95,2002,31,4,12.49
98043,Active,789660,NA,NA,D,1,0,594806.07,89.99,2008,22,4.98,18.02
98044,Active,788902,NA,NA,D,3,1,1392214.92,30.95,2001,22,5.01,0
98045,Active,760682,NA,NA,D,1,0,2620785.654,180,2001,23,4.02,61.86
98046,Active,2566566,NA,NA,D,1,0,5313249.959,145,1994,17,19.76,0
98047,Active,3022076,NA,NA,D,0,0,1784426.969,154.95,1992,8,85.98,72.99
98048,Active,895609,NA,NA,D,4,1,1963124.503,220.95,2009,23,64.06,125.99
98049,Active,2605303,NA,NA,D,0,0,2603356.476,104.99,1996,17,72.48,191.79
98050,Active,428455,NA,NA,D,4,1,400460.49,118,2009,22,13.16,43.89
98051,Active,802233,NA,NA,D,3,1,2488713.343,297.95,2005,9,11.48,28.89
98052,Active,2834298,NA,NA,D,1,0,2367857.203,70,2001,25,4,64.51
98053,Active,915787,NA,NA,D,0,0,1252096.72,32,1994,43,4,17.99
98054,Active,276624,NA,NA,D,0,0,3676813.853,22.77,2003,24,4,22.72
98055,Active,716407,NA,NA,D,7,1,970579.0075,170.93,2012,27,6.04,1270.92
98056,Active,177885,NA,NA,D,1,0,1969977.058,133.95,2007,26,4.12,31.49
98057,Active,148927,NA,NA,D,1,0,431196.1025,22.5,2005,20,9.88,16.43
98058,Active,799655,NA,NA,D,0,0,2537202.291,89.95,2010,31,4.3,21.18
98059,Active,599553,NA,NA,D,1,0,500239.3463,40,2004,28,4,7.94
98060,Active,895585,NA,NA,D,1,0,4931364.791,70,2004,12,4,36.99
98061,Active,873156,NA,NA,D,1,0,1407393.463,65.67,2010,19,9.49,10
98062,Active,1469049,NA,NA,D,1,0,3539926.515,68,2008,15,28.37,67.95
98063,Active,2598841,NA,NA,D,0,0,2038571.456,119.99,2001,18,9.81,19.97
98064,Active,2601225,NA,NA,D,0,0,5554112.444,134.99,1995,18,8.47,53.99
98065,Active,704258,NA,NA,D,1,0,2926670.611,44,2002,11,3.99,10.69
98066,Active,2613201,NA,NA,D,0,0,2434528.884,99.99,2001,15,17.13,43.99
98067,Active,2615268,NA,NA,D,0,0,2882371.013,99.99,2004,15,27.61,28.49
98068,Active,642765,NA,NA,D,0,0,844316.1088,119,2009,38,63.99,89.07
98069,Active,3144494,NA,NA,D,0,0,1595683.143,44.95,2004,18,13.76,22.43
98070,Active,890837,NA,NA,D,1,0,1158425.399,49.47,2014,16,11.7,52.98
98071,Active,3075634,NA,NA,D,0,0,1312192.293,22.49,2005,8,19.98,22.49
98072,Active,3112839,NA,NA,D,11,1,8208934.726,219.95,2005,10,4.79,56.42
98073,Active,578153,NA,NA,D,1,0,348442.7563,34,1980,54,4.24,27.96
98074,Active,659798,NA,NA,D,7,1,2819563.245,169,2005,20,19.76,109.38
98075,Active,2750477,NA,NA,D,3,1,2096253.558,325,1994,15,5.98,153.36
98076,Active,3571528,NA,NA,D,5,1,9642684.15,42.95,1998,2,53.98,0
98077,Active,2815772,NA,NA,D,4,1,2267621.308,56.25,1992,24,16.94,82.88
98078,Active,616176,NA,NA,D,1,0,73356.23375,143.25,2012,63,42.28,56.13
98079,Active,883836,NA,NA,D,0,0,2546483.076,135.43,2005,11,6.12,95.55
98080,Active,2438662,NA,NA,D,0,0,3408372.449,52.5,2005,18,4.77,37.4
98081,Active,1840299,NA,NA,D,1,0,3745676.939,121.95,2009,17,6.71,72.18
98082,Active,1575525,NA,NA,D,0,0,1840374.544,60,2010,28,5.23,15.81
98083,Active,2530211,NA,NA,D,2,1,8158160.468,38.95,1993,25,4,28.39
98084,Active,2531587,NA,NA,D,0,0,8477346.994,47.5,1996,23,4.67,20.49
98085,Active,259621,NA,NA,D,0,0,7348610.229,83.95,1999,17,4,26.6
98086,Active,2612527,NA,NA,D,1,0,2403023.116,104.99,2001,17,27.67,79.33
98087,Active,542580,NA,NA,D,9,1,1973953.478,73.95,2010,16,41.05,61.79
98088,Active,651795,NA,NA,D,0,0,1987975.613,69.95,2000,22,33.94,42.77
98089,Active,211278,NA,NA,D,0,0,1652779.859,120,1995,37,4,40.64
98090,Active,2534328,NA,NA,D,0,0,424691.5675,52.95,1998,28,4.91,52.95
98091,Active,2618098,NA,NA,D,0,0,7695126.474,22.95,1994,16,4,9.99
98092,Active,762527,NA,NA,D,1,0,4095894.593,79.95,1997,16,20.47,82.3
98093,Active,2596391,NA,NA,D,0,0,2129996.901,155,1992,19,49.61,143.23
98094,Active,528525,NA,NA,D,6,1,368282.3688,224.99,2011,21,68.99,116.67
98095,Active,2783754,NA,NA,D,1,0,3428148.718,47,2004,14,16.94,675
98096,Active,1468808,NA,NA,D,1,0,3312558.856,150,2008,15,11.95,60.95
98097,Active,1591680,NA,NA,D,1,0,685232.1538,59.99,2007,23,13.99,40.91
98098,Active,2375412,NA,NA,D,3,1,6523956.261,135,2004,14,5.98,23.49
98099,Active,2544070,NA,NA,D,0,0,1031195.875,37.95,2005,26,6.93,33.36
98100,Active,914050,NA,NA,D,0,0,1951786.64,99,1994,23,11.91,28.99
98101,Active,2610125,NA,NA,D,0,0,2780894.86,45,1999,17,5.45,49.74
98102,Active,267557,NA,NA,D,1,0,7672730.744,34.99,2004,15,5.14,5.95
98103,Active,2054660,NA,NA,D,1,0,3297033.423,36.99,2008,28,4.13,13.95
98104,Active,3117908,NA,NA,D,0,0,2122912.386,69.95,2005,17,14.73,28.97
98105,Active,1847068,NA,NA,D,0,0,1415869.453,39.95,2007,18,25.46,39.95
98106,Active,2188720,NA,NA,D,0,0,2364696.914,179,2010,19,69.06,135.76
98107,Active,625821,NA,NA,D,0,0,2113371.788,87,1998,30,4,79
98108,Active,623185,NA,NA,D,1,0,915952.7688,100.95,2001,25,17.93,47.99
98109,Active,2310237,NA,NA,D,0,0,2096630.735,100,1994,35,4.13,39.94
98110,Active,2501846,NA,NA,D,0,0,1771743.858,149,2005,21,11.74,75.13
98111,Active,146304,NA,NA,D,1,0,126753.2425,44.99,2009,92,12.14,21.48
98112,Active,2647333,NA,NA,D,1,0,3201485.994,66.95,1995,19,28.94,73.97
98113,Active,2108418,NA,NA,D,11,1,1897809.801,35.99,2007,41,4,9.36
98114,Active,2108469,NA,NA,D,12,1,742046.0238,36.99,2010,29,4,35.83
98115,Active,2631737,NA,NA,D,4,1,1855639.496,84.52,2004,11,22.69,83.86
98116,Active,291983,NA,NA,D,0,0,2545410.143,33.67,2000,26,4.72,29.93
98117,Active,739370,NA,NA,D,0,0,3302413.354,66,1999,18,4.8,24.99
98118,Active,910550,NA,NA,D,3,1,2938398.03,31.95,2003,22,5.98,33.99
98119,Active,868203,NA,NA,D,0,0,1635698.251,25.8,1999,33,4,14.78
98120,Active,118572,NA,NA,D,1,0,2789376.114,50.73,2006,17,4.64,11
98121,Active,635938,NA,NA,D,4,1,2883411.833,52.73,2006,23,4,40.81
98122,Active,510611,NA,NA,D,0,0,2286233.506,129,2006,22,6.39,65.66
98123,Active,3786404,NA,NA,D,0,0,7021245.45,210,1995,38,8.22,80.87
98124,Active,1471857,NA,NA,D,0,0,180749.825,6.95,2008,47,4.86,6.78
98125,Active,2044732,NA,NA,D,0,0,754572.6313,6.95,2008,44,4,6.95
98126,Active,3745824,NA,NA,D,0,0,2403397.9,299,2012,15,86.62,293.57
98127,Active,778798,NA,NA,D,9,1,1953784.86,112.95,2010,15,98.23,140.15
98128,Active,635431,NA,NA,D,1,0,1365637.631,80,1997,41,17.9,65.55
98129,Active,1594509,NA,NA,D,1,0,2496959.899,109.99,2008,17,18.94,97.05
98130,Active,2434738,NA,NA,D,2,1,3383277.526,102,1994,12,119.41,243.46
98131,Active,1586179,NA,NA,D,1,0,3551126.25,110,2009,19,24.07,54.03
98132,Active,919313,NA,NA,D,1,0,263904.74,40,2009,33,13.6,52.52
98133,Active,780834,NA,NA,D,4,1,467031.28,79.95,2002,35,8.99,72.62
98134,Active,684621,NA,NA,D,0,0,213769.8975,24.95,2003,70,13.02,17.32
98135,Active,3129709,NA,NA,D,0,0,4384719.328,33.96,2001,29,8.97,35.1
98136,Active,913281,NA,NA,D,0,0,709058.095,69,1977,24,11.89,28.98
98137,Active,1488158,NA,NA,D,0,0,435184.7125,60,2014,37,34.93,39.25
98138,Active,908302,NA,NA,D,1,0,725393.035,44.5,1995,26,8.51,62.25
98139,Active,2604871,NA,NA,D,0,0,6557749.026,124.99,1999,19,24.18,42.99
98140,Active,2679783,NA,NA,D,2,1,3506121.519,125,1995,21,5.93,32.59
98141,Active,1533899,NA,NA,D,1,0,1337940.789,209,2007,28,109.08,139.34
98142,Active,3595317,NA,NA,D,2,1,1083998.65,65,2004,40,13.28,67.65
98143,Active,743261,NA,NA,D,1,0,3178842.678,34.95,2003,34,4,7.37
98144,Active,706224,NA,NA,D,1,0,1830673.066,216.91,2010,17,41.28,78.99
98145,Active,157483,NA,NA,D,1,0,947133.37,46.95,2011,30,7.28,35.19
98146,Active,756485,NA,NA,D,1,0,2369882.784,120,2009,12,80.59,98.86
98147,Active,753677,NA,NA,D,1,0,2916474.118,110,2010,13,21.46,151.06
98148,Active,754130,NA,NA,D,1,0,1478406.713,130,2009,17,18.99,78.65
98149,Active,3593005,NA,NA,D,0,0,7128476.55,279.95,2003,5,99.95,0
98150,Active,2838490,NA,NA,D,1,0,1602472.675,44.95,1996,17,8.39,47.85
98151,Active,3593154,NA,NA,D,0,0,2114017.95,125,1980,27,9.39,57.83
98152,Active,1593060,NA,NA,D,0,0,1718683.484,125,2006,20,23.98,69.73
98153,Active,278842,NA,NA,D,0,0,1298217.073,44.95,2004,43,4,13.74
98154,Active,2605716,NA,NA,D,1,0,4318124.779,99.99,1998,17,28.62,88.87
98155,Active,2401785,NA,NA,D,0,0,1306112.465,69.85,1984,21,4,53.49
98156,Active,779946,NA,NA,D,1,0,1346832.93,49.95,1997,21,31.15,44.37
98157,Active,788801,NA,NA,D,2,1,7583688.915,189,2000,21,8.09,55.51
98158,Active,789346,NA,NA,D,3,1,4947797.568,210,2004,20,4,20.99
98159,Active,1665982,NA,NA,D,0,0,1548405.511,37,2006,15,31.88,40.04
98160,Active,2647059,NA,NA,D,1,0,896001.5388,79.95,1991,25,23.66,48.24
98161,Active,2590422,NA,NA,D,1,0,3183862.446,74.95,1981,11,18.52,0
98162,Active,340109,NA,NA,D,1,0,1434647.461,53,2008,14,17.72,40.53
98163,Active,724232,NA,NA,D,1,0,827539.0038,41.95,2010,28,22.23,34.8
98164,Active,2563588,NA,NA,D,1,0,1546812.208,110.5,1996,45,4,12.19
98165,Active,178915,NA,NA,D,1,0,1494372.381,83.95,2009,20,4.48,67.39
98166,Active,2886051,NA,NA,D,0,0,2817132.659,30,1974,19,14.19,73.27
98167,Active,210933,NA,NA,D,1,0,506872.1963,25.95,2005,28,5.85,20.3
98168,Active,642487,NA,NA,D,3,1,345325.0225,190,2005,27,36.99,75.31
98169,Active,900677,NA,NA,D,0,0,538791.7263,24.38,2011,21,18.95,24.37
98170,Active,2614727,NA,NA,D,0,0,3559086.559,114,2004,18,35.84,48.94
98171,Active,2675219,NA,NA,D,0,0,8129766.85,14.95,1981,33,4,28.43
98172,Active,2356827,NA,NA,D,1,0,3635556.529,90,2003,12,30.24,88.84
98173,Active,1485002,NA,NA,D,2,1,2428288.66,51.81,2007,12,38.98,48.59
98174,Active,1838514,NA,NA,D,2,1,2778946.306,33.99,2007,11,18.01,68.31
98175,Active,137079,NA,NA,D,2,1,1709198.453,41,2000,46,3.99,20.98
98176,Active,280823,NA,NA,D,0,0,480182.6363,99,2008,64,17.72,61.88
98177,Active,570613,NA,NA,D,0,0,969056.5825,53.95,1994,19,4.17,15.98
98178,Active,538639,NA,NA,D,9,1,10450.70375,276.25,2012,68,14.72,122.65
98179,Active,632602,NA,NA,D,2,1,4741717.034,105.95,2004,31,4.73,105.95
98180,Active,622614,NA,NA,D,10,1,776401.37,146.27,2011,32,4.3,15.99
98181,Active,179053,NA,NA,D,0,0,8252499.751,210.95,1997,12,4,57.77
98182,Active,1453341,NA,NA,D,1,0,166437.005,175.2,2014,50,9.69,25.09
98183,Active,145306,NA,NA,D,13,1,1971081.824,160,2007,14,4,3745.86
98184,Active,1509264,NA,NA,D,1,0,111027.1025,257.6,2014,80,31.98,39.08
98185,Active,627356,NA,NA,D,1,0,982744.7075,258.27,2011,20,36.9,193.97
98186,Active,426985,NA,NA,D,5,1,2374868.889,106.75,2009,22,4.78,76.79
98187,Active,573033,NA,NA,D,11,1,6519504.98,69.33,1996,14,4,44.39
98188,Active,624743,NA,NA,D,17,1,3662994.154,27.99,2001,29,4,27.99
98189,Active,883262,NA,NA,D,0,0,8523506.691,115,2003,12,19.19,120.67
98190,Active,152457,NA,NA,D,0,0,1131517.419,99,2007,22,53.98,53.99
98191,Active,542433,NA,NA,D,0,0,347741.1525,27,2002,25,8.99,20.19
98192,Active,628807,NA,NA,D,0,0,331753.3138,60,2007,23,26.1,34.8
98193,Active,2537742,NA,NA,D,1,0,2519907.559,140,2001,7,24.68,79.85
98194,Active,157098,NA,NA,D,2,1,1705172.241,45.95,2003,28,4,54.62
98195,Active,2606511,NA,NA,D,1,0,931773.11,89.99,1998,26,4.78,45.42
98196,Active,851640,NA,NA,D,5,1,448257.07,66.56,2000,61,4,43.89
98197,Active,2832612,NA,NA,D,0,0,3688081.624,99.75,1982,20,19.99,73.71
98198,Active,902994,NA,NA,D,0,0,1334934.175,70.99,2003,17,25.93,83.77
98199,Active,2602353,NA,NA,D,0,0,6473057.591,157.99,2000,11,62.72,169.29
98200,Active,2606419,NA,NA,D,1,0,5574817.645,254.99,2000,14,37.47,236.85
98201,Active,2750505,NA,NA,D,0,0,5394364.404,42,1994,19,27.75,73.43
98202,Active,3514275,NA,NA,D,2,1,4230129.35,299,1997,8,203.49,227.89
98203,Active,2779216,NA,NA,D,1,0,5126551.89,159,1995,15,7.32,84.43
98204,Active,528425,NA,NA,D,4,1,693421.16,489.99,2008,17,78.99,243.99
98205,Active,2526738,NA,NA,D,0,0,1006095.181,39.95,1989,43,4,43.47
98206,Active,1447885,NA,NA,D,1,0,2430061.895,54.99,2008,21,5.13,79.98
98207,Active,528423,NA,NA,D,7,1,1434056.559,150,2008,15,53.97,156.39
98208,Active,2699018,NA,NA,D,0,0,1718677.513,74.95,1999,10,31.06,173.37
98209,Active,890527,NA,NA,D,4,1,2695430.836,89,2011,16,72.55,128.99
98210,Active,57278,NA,NA,D,2,1,106338.5275,141.95,2006,112,4,13.98
98211,Active,868632,NA,NA,D,1,0,4346123.013,41.95,1996,36,4,4.54
98212,Active,919183,NA,NA,D,0,0,575604.505,27,1996,48,3.99,14.99
98213,Active,3062705,NA,NA,D,0,0,1169855.058,30,2001,14,11.07,49.07
98214,Active,460813,NA,NA,D,1,0,1801419.23,59.99,2008,19,33.08,40.89
98215,Active,804692,NA,NA,D,1,0,2989196.551,54,2000,17,4.25,72.93
98216,Active,723785,NA,NA,D,1,0,1489273.408,84,2009,17,22.93,63.99
98217,Active,258376,NA,NA,D,2,1,3710339.163,48,2002,25,4,17.99
98218,Active,167081,NA,NA,D,5,1,1136206,23.94,2006,28,4,68.09
98219,Active,566563,NA,NA,D,4,1,2882068.694,9.79,2002,30,4,9.42
98220,Active,2699169,NA,NA,D,1,0,1625211.92,32.95,2002,22,19.58,71.19
98221,Active,276627,NA,NA,D,0,0,1220023.654,335.85,2003,22,4,48.76
98222,Active,547138,NA,NA,D,3,1,3065200.356,51.95,2002,26,4,6.49
98223,Active,247707,NA,NA,D,0,0,2636013.904,105,2005,25,4,47.63
98224,Active,3627640,NA,NA,D,0,0,1174814.55,110,2013,40,28.34,48.99
98225,Active,768406,NA,NA,D,1,0,1311777.469,109.56,2007,30,4.35,45.75
98226,Active,1645587,NA,NA,D,0,0,3756122.024,99,2010,12,6.39,27.09
98227,Active,2490993,NA,NA,D,1,0,2439008.895,49,2005,25,4,7.99
98228,Active,2613083,NA,NA,D,0,0,7669830.276,150,2001,15,15.08,85.93
98229,Active,614534,NA,NA,D,1,0,615833.2925,39.99,2005,63,4,8.54
98230,Active,635314,NA,NA,D,0,0,1072659.55,69,2005,45,4.46,40.91
98231,Active,599556,NA,NA,D,1,0,1079039.504,50,2005,43,4,13.98
98232,Active,3604093,NA,NA,D,0,0,813092.9,44.99,2004,35,28.48,146.24
98233,Active,560926,NA,NA,D,1,0,828516.33,122.8,2006,32,8.99,72.77
98234,Active,722720,NA,NA,D,1,0,2608990.651,75,2007,16,13,61.04
98235,Active,125402,NA,NA,D,1,0,1537457.895,125,2000,27,15.86,62.49
98236,Active,868298,NA,NA,D,0,0,920134.1238,65.95,1990,41,4,7.82
98237,Active,3086341,NA,NA,D,2,1,3028431.826,49.95,2002,17,4,5.88
98238,Active,1594887,NA,NA,D,1,0,2561446.436,105,2008,23,20.71,60.58
98239,Active,2572632,NA,NA,D,1,0,3677547.441,77.83,1988,16,11.29,51.99
98240,Active,2606539,NA,NA,D,1,0,1486291.865,84.99,1997,42,5.99,14.31
98241,Active,639376,NA,NA,D,1,0,916050.545,108,2006,23,14.29,43.95
98242,Active,647852,NA,NA,D,1,0,2352365.596,52.95,2002,36,4.68,41.01
98243,Active,1475422,NA,NA,D,1,0,577633.375,61,2011,60,18.99,31.86
98244,Active,194943,NA,NA,D,0,0,3334299.285,29.95,2004,22,4,9.24
98245,Active,898134,NA,NA,D,4,1,5602938.301,54.95,2005,20,4.77,59.26
98246,Active,2737628,NA,NA,D,0,0,2236022.51,49.95,2001,26,4,39.91
98247,Active,869644,NA,NA,D,0,0,3203870.888,48,2008,15,6.52,47.81
98248,Active,918419,NA,NA,D,1,0,2228172.286,63.5,2002,29,4,4
98249,Active,3012502,NA,NA,D,0,0,2133947.246,49.95,1997,24,4,6.67
98250,Active,152140,NA,NA,D,0,0,1853208.325,69.99,2004,21,28.48,52.27
98251,Active,2386406,NA,NA,D,0,0,1768586.329,101.78,1984,26,4,99.25
98252,Active,632881,NA,NA,D,0,0,1788829.348,239,2002,16,34.77,36.36
98253,Active,2607418,NA,NA,D,0,0,2197471.558,44.99,1997,20,13.52,44.53
98254,Active,3083704,NA,NA,D,0,0,3699567.135,289,2003,14,28.67,19.82
98255,Active,583768,NA,NA,D,2,1,1947944.418,59.95,1995,29,5.13,34.34
98256,Active,700649,NA,NA,D,1,0,308726.1863,63.95,2005,25,10.14,68.99
98257,Active,2595730,NA,NA,D,0,0,1154016.873,69.99,1988,27,4,40.6
98258,Active,2597054,NA,NA,D,0,0,1527739.903,69.95,1991,13,17.99,63.02
98259,Active,896475,NA,NA,D,0,0,3509916.668,75,1968,14,25.83,78.97
98260,Active,3629956,NA,NA,D,0,0,1318036.25,44.99,2009,36,44.32,44.99
98261,Active,1468593,NA,NA,D,1,0,532235.405,44.95,2009,43,6.98,10.93
98262,Active,370961,NA,NA,D,3,1,4127302.934,110,1996,30,4,10.95
98263,Active,315048,NA,NA,D,1,0,952988.4313,8.54,2006,75,4,11.67
98264,Active,553563,NA,NA,D,1,0,908006.9913,48.4,2008,23,4.98,8.24
98265,Active,651907,NA,NA,D,1,0,1058577.92,48.4,2008,16,16.64,20.98
98266,Active,326328,NA,NA,D,4,1,5029959.23,165.33,2005,19,5.74,39.69
98267,Active,552814,NA,NA,D,1,0,3944426.991,113.6,2010,12,4.42,96.73
98268,Active,345463,NA,NA,D,1,0,7814164.106,53.95,1995,21,4.57,46.2
98269,Active,205898,NA,NA,D,1,0,1026490.405,90,2003,26,4,68.34
98270,Active,528392,NA,NA,D,7,1,898923.4663,81.99,2007,33,5.38,45.63
98271,Active,393480,NA,NA,D,6,1,3732591.138,74.99,2006,16,4.97,27.15
98272,Active,326378,NA,NA,D,8,1,1593115.93,117.39,2007,21,4.64,73.87
98273,Active,1450193,NA,NA,D,0,0,2109294.263,31.48,2010,14,5.89,46.83
98274,Active,535845,NA,NA,D,12,1,14647.8575,301.5,2012,119,4.98,71.79
98275,Active,1473973,NA,NA,D,0,0,2579274.91,70,2010,18,31.57,3739.74
98276,Active,289787,NA,NA,D,1,0,386172.01,48.95,2009,37,6.03,41.13
98277,Active,309005,NA,NA,D,6,1,2604265.83,5.51,2005,54,4,4.74
98278,Active,290408,NA,NA,D,1,0,3266688.988,127,1997,24,4,49.77
98279,Active,528380,NA,NA,D,5,1,263369.9225,212.95,2012,55,4.25,82.31
98280,Active,196552,NA,NA,D,1,0,1859609.885,65.95,2005,44,25.27,55.92
98281,Active,405740,NA,NA,D,1,0,3128472.094,165,2001,17,10.42,47.97
98282,Active,107132,NA,NA,D,3,1,4740443,174.33,2000,28,4,46.19
98283,Active,285013,NA,NA,D,1,0,1759479.946,159,2007,26,4.48,41.85
98284,Active,916194,NA,NA,D,2,1,2141953.125,220,1993,30,5.92,32.82
98285,Active,1657549,NA,NA,D,1,0,7561103.074,53.82,2009,9,11.24,258.09
98286,Active,112032,NA,NA,D,1,0,918111.7975,5.59,2010,85,4.08,9.93
98287,Active,320277,NA,NA,D,6,1,5606058.328,139,2007,21,5.93,31.33
98288,Active,336482,NA,NA,D,0,0,8267442.884,88.95,2002,14,9.53,18.94
98289,Active,368760,NA,NA,D,0,0,2723178.809,47.95,1998,19,6.52,28.98
98290,Active,2435783,NA,NA,D,0,0,1869550.674,146.98,1960,17,30.76,130.63
98291,Active,207680,NA,NA,D,1,0,3957284.949,149,1997,25,4.57,44.35
98292,Active,3823462,NA,NA,D,2,1,6088665.4,0,2000,15,38.98,153.07
98293,Active,366640,NA,NA,D,1,0,1736930.506,76.95,2006,31,5.98,32.98
98294,Active,315449,NA,NA,D,1,0,3998353.279,51,1997,26,4,8.69
98295,Active,365162,NA,NA,D,2,1,4035503.655,75.95,2003,17,5.94,22.96
98296,Active,225900,NA,NA,D,1,0,2952491.593,87.95,2005,18,4,44.23
98297,Active,2573237,NA,NA,D,0,0,1027130.875,64.32,1990,20,4,53.47
98298,Active,648656,NA,NA,D,0,0,1681777.934,229,2010,23,90.16,119.06
98299,Active,1587525,NA,NA,D,1,0,5531840.945,126,2009,16,26.94,100.97
98300,Active,674056,NA,NA,D,1,0,305534.57,28,1993,228,3.9,7.24
98301,Active,340853,NA,NA,D,1,0,3838939.173,160,1996,35,4,8.52
98302,Active,3262756,NA,NA,D,1,0,2701509.1,72.7,2005,45,0,0
98303,Active,227584,NA,NA,D,0,0,1195833.245,79.95,1996,32,4,0
98304,Active,2389204,NA,NA,D,0,0,4018403.726,33,1996,20,7.36,25.61
98305,Active,326028,NA,NA,D,3,1,4030966.616,47.99,2001,27,4.77,50.91
98306,Active,247849,NA,NA,D,0,0,1333207.975,80,2009,27,5.39,48.59
98307,Active,326361,NA,NA,D,5,1,2334223.736,135,2007,12,20.39,116.61
98308,Active,370976,NA,NA,D,1,0,3687452.333,75,1999,18,4.35,33.84
98309,Active,177412,NA,NA,D,1,0,1006573.95,153.95,2001,39,9.07,71.5
98310,Active,2490857,NA,NA,D,1,0,1412672.121,53.98,2003,14,11.07,53.97
98311,Active,391434,NA,NA,D,1,0,1483671.334,115,2005,23,4.38,0
98312,Active,2697173,NA,NA,D,0,0,6860030.738,51.95,1996,12,12.81,182.34
98313,Active,163804,NA,NA,D,1,0,2246426.019,100,1998,34,4,8.47
98314,Active,268228,NA,NA,D,1,0,1205966.576,39.95,2008,22,4.99,20.99
98315,Active,1485967,NA,NA,D,0,0,1057794.731,68,2011,35,37.13,14.96
98316,Active,351296,NA,NA,D,8,1,955582.3375,125.67,2009,17,15.65,163.85
98317,Active,2335746,NA,NA,D,2,1,3231478.593,99.95,1998,10,115,317.59
98318,Active,368768,NA,NA,D,1,0,1632638.513,140,2001,21,11.68,63.91
98319,Active,347678,NA,NA,D,0,0,2503999.759,105,2007,20,51.13,74.61
98320,Active,118151,NA,NA,D,4,1,1593320.085,160,2006,30,15.6,39.99
98321,Active,193940,NA,NA,D,1,0,1755820.181,44.99,2002,29,4,7.77
98322,Active,3596008,NA,NA,D,1,0,5794962.5,41.95,1996,30,4,11.99
98323,Active,2311163,NA,NA,D,0,0,7172201.478,56.95,1987,15,4.01,0
98324,Active,323487,NA,NA,D,0,0,1389623.446,120,2008,28,26.82,74.95
98325,Active,1569198,NA,NA,D,1,0,2940293.38,20,2011,12,12.82,15.25
98326,Active,408169,NA,NA,D,1,0,4047067.976,102.95,2004,25,4,10
98327,Active,2940627,NA,NA,D,4,1,8416139.608,125,2005,18,11.79,72.87
98328,Active,385663,NA,NA,D,4,1,4357861.361,68,2005,21,4.59,86.59
98329,Active,263732,NA,NA,D,1,0,1108459.128,40,2005,17,4.23,13.99
98330,Active,2052341,NA,NA,D,1,0,3398878.05,49.95,2010,15,11.45,45.91
98331,Active,2788793,NA,NA,D,1,0,7321643.65,129,2001,17,81.74,128.99
98332,Active,828141,NA,NA,D,0,0,2551856.784,45,2002,28,4,45
98333,Active,900928,NA,NA,D,3,1,1165955.761,99,1992,22,4,53.61
98334,Active,374853,NA,NA,D,1,0,3938574.95,58.5,2003,23,5.04,8.99
98335,Active,107733,NA,NA,D,1,0,932529.9988,50.5,2005,40,4,41.67
98336,Active,870330,NA,NA,D,0,0,3181688.858,9.43,2003,17,4.37,9.43
98337,Active,504437,NA,NA,D,0,0,5305371.369,67.62,2002,12,9.38,33.72
98338,Active,528323,NA,NA,D,5,1,935747.2513,242.95,2008,35,66.7,80.99
98339,Active,2697926,NA,NA,D,2,1,10198307.52,55.95,2000,10,4.77,55.95
98340,Active,405175,NA,NA,D,0,0,4685485.774,63.95,2002,14,6.12,116.02
98341,Active,3479654,NA,NA,D,0,0,1272463.9,0,2015,1,73.96,135.94
98342,Active,308858,NA,NA,D,1,0,860661.735,225.45,2009,42,34.68,249.85
98343,Active,111288,NA,NA,D,1,0,149595.8838,270.5,2009,55,36.34,112.13
98344,Active,3782407,NA,NA,D,1,0,922054.7,45,1988,29,4,11.24
98345,Active,528316,NA,NA,D,5,1,1991308.13,64.95,2007,24,17.31,41.15
98346,Active,872981,NA,NA,D,5,1,626928.1825,55,2012,16,51.97,51.22
98347,Active,320213,NA,NA,D,0,0,1106046.164,31.95,2004,22,6.34,115.88
98348,Active,318760,NA,NA,D,1,0,1431838.066,42,2000,17,9,40.94
98349,Active,741568,NA,NA,D,1,0,1591396.853,49.99,2010,19,7.35,73.91
98350,Active,125727,NA,NA,D,0,0,2705452.666,59.95,1996,37,4,47.29
98351,Active,366494,NA,NA,D,1,0,2354594.298,174.95,2004,28,4,32.64
98352,Active,342557,NA,NA,D,2,1,4859483.774,55,2000,12,4,48.27
98353,Active,1657566,NA,NA,D,3,1,2479661.599,62.69,2008,21,4,44.58
98354,Active,403705,NA,NA,D,1,0,2183633.903,120,2007,28,6.92,49.69
98355,Active,585185,NA,NA,D,0,0,1032248.134,16.95,1992,144,4,6.96
98356,Active,341623,NA,NA,D,2,1,1923588.429,40,2002,35,4,5.85
98357,Active,2867213,NA,NA,D,1,0,2385338.879,219.95,1994,23,7.49,23.99
98358,Active,776315,NA,NA,D,1,0,3384921.79,299,2010,10,29.95,35
98359,Active,2163951,NA,NA,D,1,0,1200660.973,148,2010,8,31.97,31.96
98360,Active,724198,NA,NA,D,1,0,437551.65,78,2009,31,12.32,13.9
98361,Active,3520726,NA,NA,D,2,1,2891803.3,108,2006,25,30.28,152.99
98362,Active,2599939,NA,NA,D,0,0,1947624.808,110,1995,24,39.76,98.67
98363,Active,111018,NA,NA,D,8,1,566464.085,74.7,2009,17,18.98,0
98364,Active,2696770,NA,NA,D,2,1,2411951.205,75,1991,14,8.01,107.65
98365,Active,147250,NA,NA,D,8,1,1488060.088,525,2006,13,109.84,398.99
98366,Active,58017,NA,NA,D,4,1,94626.7725,201.95,2007,73,6.48,37.32
98367,Active,1451063,NA,NA,D,6,1,1308047.114,167.47,2011,14,84.98,136.97
98368,Active,775040,NA,NA,D,4,1,2101488.478,36.95,2001,21,4.77,0
98369,Active,628386,NA,NA,D,4,1,1232354.578,56.95,2002,28,4,25.97
98370,Active,3514264,NA,NA,D,4,1,3011311.75,40.95,1998,40,4,26.91
98371,Active,3255377,NA,NA,D,3,1,1933920.429,0,2003,24,25.36,78.56
98372,Active,236276,NA,NA,D,3,1,6853008.493,160.99,2004,9,74.72,832.51
98373,Active,2750783,NA,NA,D,3,1,5134989.375,49.95,2001,5,20.73,121.65
98374,Active,267518,NA,NA,D,2,1,3006268.416,54.95,2006,17,8.98,34.85
98375,Active,278237,NA,NA,D,0,0,2069926.28,54.95,2002,20,6.38,19.79
98376,Active,789508,NA,NA,D,5,1,2698586.169,73.99,2005,22,4,12.48
98377,Active,895868,NA,NA,D,0,0,5392237.573,47.5,1997,17,4.07,57.51
98378,Active,2491491,NA,NA,D,0,0,10433769.25,61.95,2003,3,23.62,59.49
98379,Active,203688,NA,NA,D,5,1,2699373.86,54.95,2004,22,4,21.62
98380,Active,1651998,NA,NA,D,3,1,2773451.494,67.95,2009,13,22.94,3983.96
98381,Active,774540,NA,NA,D,1,0,1864119.855,62.95,1998,18,7.19,88.83
98382,Active,828885,NA,NA,D,1,0,3223099.028,49.95,2002,21,4.96,57.25
98383,Active,2694625,NA,NA,D,1,0,3848371.489,253,2001,24,6.38,71.54
98384,Active,3152480,NA,NA,D,1,0,1806583.998,319,1997,19,7.98,18.88
98385,Active,2336615,NA,NA,D,3,1,2783926.299,74.95,1996,21,5.99,15.95
98386,Active,2874969,NA,NA,D,0,0,2981987.558,198.95,2003,24,4.71,27.69
98387,Active,3010509,NA,NA,D,0,0,4982982.896,29.95,2003,14,4,43.22
98388,Active,789354,NA,NA,D,7,1,3248770.221,69.95,2004,31,4,7.94
98389,Active,701830,NA,NA,D,1,0,2486809.723,90,2009,19,8.93,53.11
98390,Active,3569435,NA,NA,D,5,1,3833293.2,49.95,2002,23,16.06,18.49
98391,Active,668261,NA,NA,D,2,1,1676997,188.99,2007,20,23.71,104
98392,Active,828713,NA,NA,D,1,0,2381687.304,48.95,1999,18,6.38,107.27
98393,Active,887778,NA,NA,D,2,1,10309350.27,99,1999,11,60.78,128.4
98394,Active,113263,NA,NA,D,0,0,4544810.466,280,1997,18,22.93,48.32
98395,Active,907554,NA,NA,D,1,0,3618704.975,114.99,2005,15,27.83,60.98
98396,Active,629725,NA,NA,D,2,1,2106008.538,135.99,2009,24,42.43,91.54
98397,Active,789331,NA,NA,D,1,0,2533003.468,72,2004,26,8.99,26.18
98398,Active,869873,NA,NA,D,0,0,793790.905,64.95,1995,18,83.59,91.78
98399,Active,3604347,NA,NA,D,2,1,2333618.4,99.95,1993,13,19.23,39.29
98400,Active,2538636,NA,NA,D,1,0,3104353.415,180,2001,18,24.89,89.19
98401,Active,883462,NA,NA,D,0,0,3727669.571,13.28,2004,10,6.98,48.77
98402,Active,2610320,NA,NA,D,0,0,2508519.561,75,2000,24,23.91,73.69
98403,Active,105863,NA,NA,D,1,0,983751.5588,156,2004,29,26.79,0
98404,Active,917928,NA,NA,D,2,1,2376479.403,149.95,1994,40,4.11,54.61
98405,Active,119984,NA,NA,D,4,1,186721.5725,168.6,2009,67,14.41,70.99
98406,Active,2597999,NA,NA,D,0,0,3985755.85,67.99,1991,27,4.87,63.31
98407,Active,2283163,NA,NA,D,3,1,618673,0,2011,13,0,0
98408,Active,2226279,NA,NA,D,5,1,555988.5725,0,2009,52,14.5,53.99
98409,Active,118539,NA,NA,D,5,1,31315.1775,242.6,2007,64,89.99,119.99
98410,Active,3463991,NA,NA,D,1,0,4811499.95,80,1994,15,4.77,42.2
98411,Active,904783,NA,NA,D,1,0,4349683.87,50,1995,21,4,7.43
98412,Active,891126,NA,NA,D,1,0,5620430.63,99,1991,14,6.38,20.99
98413,Active,884084,NA,NA,D,1,0,3687094.691,235,2006,12,93.98,194.09
98414,Active,904219,NA,NA,D,1,0,1171564.393,35,2006,15,21.1,33.98
98415,Active,390662,NA,NA,D,1,0,1885417.416,76.95,2003,22,6.57,76.95
98416,Active,1591606,NA,NA,D,0,0,4308892.22,120,2007,29,18.99,63.67
98417,Active,2892194,NA,NA,D,1,0,1917764.523,104,2004,24,5.63,16.45
98418,Active,2253031,NA,NA,D,6,1,3490297.51,94.55,2010,17,17.92,68.7
98419,Active,266435,NA,NA,D,6,1,423401.1725,99.95,2009,27,20.69,53.98
98420,Active,2608291,NA,NA,D,0,0,2450752.166,73.99,1999,20,44,66.39
98421,Active,3117789,NA,NA,D,1,0,5003571.283,99,2003,15,4.49,16.98
98422,Active,1593917,NA,NA,D,0,0,6509312.01,125,2010,1,0,329.38
98423,Active,1484551,NA,NA,D,0,0,925482.5875,54,2012,25,13.41,46.31
98424,Active,2605251,NA,NA,D,1,0,2456997.086,154.99,1996,17,19.95,43.58
98425,Active,2611738,NA,NA,D,1,0,590453.1175,49.99,2001,23,22.65,41.37
98426,Active,623122,NA,NA,D,0,0,2030359.464,149,2009,36,11.51,12.17
98427,Active,2614147,NA,NA,D,1,0,2082651.846,118,2004,18,7.56,68.4
98428,Active,633433,NA,NA,D,0,0,1338541.299,259,2006,21,95.99,106.99
98429,Active,908548,NA,NA,D,0,0,2469480.026,119.95,1994,13,13.55,1013.62
98430,Active,2696984,NA,NA,D,7,1,5652733.316,89.95,1995,8,15.55,304.59
98431,Active,556505,NA,NA,D,3,1,960668.1125,78.99,2010,16,24.41,29.09
98432,Active,905989,NA,NA,D,2,1,2399281.341,39.95,1998,21,4.96,19.01
98433,Active,113208,NA,NA,D,1,0,1650265.495,84.95,2007,27,50.71,50.71
98434,Active,3819316,NA,NA,D,1,0,2060059.6,92,2004,24,6.34,69.13
98435,Active,671764,NA,NA,D,0,0,3116856.089,77,2007,14,11.74,31.26
98436,Active,2076282,NA,NA,D,1,0,2326934.395,81,2010,18,25.24,46.49
98437,Active,2590152,NA,NA,D,0,0,1959272.028,17.95,1978,26,18.29,87.01
98438,Active,1649352,NA,NA,D,0,0,602920.92,75,2012,16,23.89,35.65
98439,Active,2111430,NA,NA,D,0,0,2132867.776,107.99,2012,17,48.99,97.39
98440,Active,1445436,NA,NA,D,1,0,1041866.679,72.95,2007,42,37.05,65.16
98441,Active,700065,NA,NA,D,1,0,1698572.508,55,2003,25,4.16,23.8
98442,Active,1845792,NA,NA,D,1,0,420263.0325,62.53,2008,14,21.37,36.53
98443,Active,2652879,NA,NA,D,0,0,7809223.716,33,1986,12,5.84,0
98444,Active,665468,NA,NA,D,1,0,1781063.455,32.95,2011,21,21.99,23.87
98445,Active,1470480,NA,NA,D,0,0,4234650.875,99,2008,24,4.97,62.88
98446,Active,766394,NA,NA,D,8,1,2166176.1,112.75,2011,11,39.97,54.25
98447,Active,528268,NA,NA,D,7,1,238733.8213,273.4,2006,57,4.59,31.28
98448,Active,601497,NA,NA,D,1,0,1165292.578,70.95,2007,22,6.64,44.67
98449,Active,1651697,NA,NA,D,1,0,1208013.894,52.95,2007,13,11.22,29.86
98450,Active,2036847,NA,NA,D,0,0,2448778.099,66.64,2006,27,4.34,13.39
98451,Active,2070446,NA,NA,D,2,1,1113631.501,92,2009,16,19.98,33.17
98452,Active,901876,NA,NA,D,1,0,4201732.871,115.95,2006,17,5.88,47.38
98453,Active,269729,NA,NA,D,0,0,2034887.949,48.95,2006,31,4.88,22
98454,Active,391024,NA,NA,D,1,0,1528602.286,97,2004,25,4,18.93
98455,Active,914652,NA,NA,D,4,1,3684562.634,91.95,2003,17,4,4.19
98456,Active,553961,NA,NA,D,1,0,1189068.956,24.99,2010,35,4,4.49
98457,Active,309793,NA,NA,D,1,0,1482284.59,61.21,2011,31,5.19,136.52
98458,Active,320880,NA,NA,D,0,0,3267182.114,62,1999,19,4.77,119
98459,Active,587581,NA,NA,D,1,0,783503.7363,63.95,2012,23,20.63,41.99
98460,Active,778318,NA,NA,D,1,0,3755467.339,82.95,2004,18,7.98,29.95
98461,Active,607162,NA,NA,D,4,1,1938252.68,159.6,2003,43,4,16.93
98462,Active,2936332,NA,NA,D,0,0,4202634.301,239,2003,14,36.7,179.8
98463,Active,1491988,NA,NA,D,2,1,1300125.275,78,2006,28,4.75,46.7
98464,Active,1658716,NA,NA,D,1,0,3252794.495,85,2011,12,4.9,51.73
98465,Active,668487,NA,NA,D,1,0,600838.2788,89.25,2012,14,4.77,170.43
98466,Active,744745,NA,NA,D,9,1,2308897.809,150.72,2004,20,6.38,132.01
98467,Active,906391,NA,NA,D,0,0,2746885.058,75,2007,21,5.67,66.58
98468,Active,552361,NA,NA,D,4,1,8008182.405,133.33,2002,13,5.34,100.67
98469,Active,914729,NA,NA,D,2,1,4972874.274,100.29,1998,27,4.68,55.6
98470,Active,163236,NA,NA,D,1,0,1204146.19,45,2004,33,4.48,28.99
98471,Active,627515,NA,NA,D,0,0,738468.2138,74.95,2008,44,19.25,40.46
98472,Active,904735,NA,NA,D,1,0,3770590.784,89.95,2008,16,17.73,48.99
98473,Active,780015,NA,NA,D,0,0,1620731.828,95,1998,28,15.46,52.94
98474,Active,1469997,NA,NA,D,0,0,3370225.491,120,2007,15,40.23,40.48
98475,Active,720313,NA,NA,D,0,0,4806017.4,50,2001,16,6.98,72.86
98476,Active,609862,NA,NA,D,3,1,26337.68125,183,2012,116,8.93,107.14
98477,Active,2539677,NA,NA,D,1,0,1226859.008,39.95,2004,21,4.98,48.07
98478,Active,2348251,NA,NA,D,0,0,1775701.068,21.36,1998,16,4,27.56
98479,Active,2403697,NA,NA,D,1,0,1129833.094,45,1983,40,7.32,51.37
98480,Active,665479,NA,NA,D,7,1,1311489.158,599,2011,8,168.89,226.49
98481,Active,1684330,NA,NA,D,0,0,426947.0688,24.99,2014,12,11.17,15.87
98482,Active,915448,NA,NA,D,0,0,879532.2113,46.95,1995,34,4,48.59
98483,Active,3507398,NA,NA,D,3,1,5462181.05,49.99,1998,29,7.99,47.64
98484,Active,2555820,NA,NA,D,0,0,2201762.078,0,1975,4,18.84,0
98485,Active,2590111,NA,NA,D,0,0,2326930.646,44.95,1979,15,5.88,68.29
98486,Active,714737,NA,NA,D,1,0,1054796.323,130.6,2002,42,4,18.86
98487,Active,3610418,NA,NA,D,0,0,1167187.95,39.95,1999,37,6.43,53.49
98488,Active,787736,NA,NA,D,0,0,4534681.668,42.95,2005,10,30.72,42.95
98489,Active,710176,NA,NA,D,0,0,9119519.023,136.45,1999,12,4,53.72
98490,Active,642509,NA,NA,D,2,1,2481920.209,95,1993,27,5.18,68.22
98491,Active,868646,NA,NA,D,6,1,3158214.994,90,2001,16,4.44,27.99
98492,Active,762674,NA,NA,D,2,1,3593099.311,147,1999,26,20.67,104.42
98493,Active,902968,NA,NA,D,0,0,1917658.486,99,2006,16,20.93,62.26
98494,Active,2030915,NA,NA,D,0,0,4317357.656,209,2006,17,13.97,52.22
98495,Active,760311,NA,NA,D,1,0,1586416.236,132,2005,17,12.45,97.6
98496,Active,2471416,NA,NA,D,1,0,3145688.703,119,1996,19,4,36.01
98497,Active,669834,NA,NA,D,1,0,4404372.835,99.95,2003,14,14.33,63.8
98498,Active,192409,NA,NA,D,2,1,1244060.626,79.95,2003,27,8.9,50.98
98499,Active,308231,NA,NA,D,1,0,830783.685,62.99,2007,21,4.54,51.51
98500,Active,2551288,NA,NA,D,1,0,4650911.384,33.95,2001,21,4.53,70.17
98501,Active,789100,NA,NA,D,2,1,2905733.166,229,2002,14,11.21,77.77
98502,Active,789099,NA,NA,D,2,1,4899257.746,229,2002,14,29.96,103.75
98503,Active,789351,NA,NA,D,2,1,2061094.475,249.99,2005,23,100.47,132.5
98504,Active,3743876,NA,NA,D,1,0,1798110.35,259.99,2015,39,106.69,177.66
98505,Active,647383,NA,NA,D,0,0,490976.1,44.99,2010,66,4.87,39.89
98506,Active,637636,NA,NA,D,1,0,764755.4913,39.99,2013,25,9.05,16.98
98507,Active,826995,NA,NA,D,2,1,1828627.319,40,2002,43,4,6.98
98508,Active,827918,NA,NA,D,0,0,1137129.108,45,1999,39,4,5.97
98509,Active,913217,NA,NA,D,0,0,1184678.46,29.95,2004,29,4,67.13
98510,Active,626469,NA,NA,D,1,0,209901.105,45.95,2002,41,6.45,24.69
98511,Active,297899,NA,NA,D,1,0,1533800.56,79.99,2011,25,5.84,49.48
98512,Active,704671,NA,NA,D,1,0,510792.1938,199.98,2004,32,104.12,153.54
98513,Active,2047381,NA,NA,D,0,0,3150646.379,40,2008,17,8.99,50.55
98514,Active,2047442,NA,NA,D,0,0,1001488.774,40,2010,26,26.23,40
98515,Active,901962,NA,NA,D,2,1,8744747.749,63.99,1995,29,4,27.09
98516,Active,2563800,NA,NA,D,1,0,1240952.16,99.95,1996,48,4,16.98
98517,Active,896164,NA,NA,D,0,0,3924225.808,45,1997,23,4.92,48.5
98518,Active,2635300,NA,NA,D,1,0,1655064.506,34.95,2002,29,4,22.42
98519,Active,1615958,NA,NA,D,1,0,1460556.113,39.99,2007,23,4,18.98
98520,Active,2136700,NA,NA,D,1,0,3064023.496,65.95,2008,15,29.37,29.95
98521,Active,867861,NA,NA,D,1,0,3785697.725,98.69,2007,29,7.79,48.72
98522,Active,920303,NA,NA,D,1,0,922870.6488,34.95,1997,66,4,15
98523,Active,751157,NA,NA,D,1,0,1830958.695,69.99,2008,19,9.19,23.98
98524,Active,2177964,NA,NA,D,0,0,3490579.638,39.95,2006,17,8.33,43.98
98525,Active,2054672,NA,NA,D,1,0,2295034.805,36.99,2008,28,4.13,19.56
98526,Active,2005923,NA,NA,D,1,0,825703.87,49.95,2006,23,18.99,76.07
98527,Active,2438576,NA,NA,D,0,0,2901037.956,86.99,2002,11,50.94,107.45
98528,Active,200095,NA,NA,D,1,0,1515835.314,65.95,2005,27,4,44.99
98529,Active,2348821,NA,NA,D,1,0,1783223.453,39.95,1999,20,4.21,73.17
98530,Active,757721,NA,NA,D,1,0,2170387.833,45,2003,26,4,13.98
98531,Active,278481,NA,NA,D,0,0,237672.2638,39.95,2004,22,32.29,189.57
98532,Active,3832726,NA,NA,D,0,0,1861071.4,49.95,2012,51,27.97,32.07
98533,Active,3824663,NA,NA,D,0,0,2435018.65,195,2012,33,150.36,145.04
98534,Active,2398826,NA,NA,D,1,0,2745932.6,193.67,1971,43,4,79.44
98535,Active,918329,NA,NA,D,2,1,331945.1138,87.5,1977,48,4,30.4
98536,Active,2750708,NA,NA,D,4,1,2135715.841,379,2001,21,26.17,142.77
98537,Active,294177,NA,NA,D,5,1,1427398.926,349,2006,19,52.76,154.97
98538,Active,2647237,NA,NA,D,0,0,1093351.521,25.95,1991,22,4.99,49.41
98539,Active,1593780,NA,NA,D,1,0,4185889.201,110,2008,17,30.01,103.63
98540,Active,2610429,NA,NA,D,0,0,4887348.34,67.99,2001,11,19.85,78.68
98541,Active,1476486,NA,NA,D,1,0,2730453.255,125,2013,13,26.08,111.44
98542,Active,2376304,NA,NA,D,3,1,242352.305,120.6,2005,46,8.97,116.98
98543,Active,1534180,NA,NA,D,0,0,1991155.8,149,2008,19,58.99,55.76
98544,Active,3818521,NA,NA,D,4,1,3545536.4,64.95,2010,24,7.77,100.11
98545,Active,857953,NA,NA,D,3,1,635867.8838,33.95,2010,12,19.55,35.61
98546,Active,2386955,NA,NA,D,2,1,7099441.455,154.63,1987,23,4.21,43.26
98547,Active,671620,NA,NA,D,0,0,2557669.651,229,2001,21,11.77,116.07
98548,Active,2340418,NA,NA,D,0,0,7418264.834,42.6,1992,14,4,0
98549,Active,300015,NA,NA,D,4,1,6215480.235,130,2005,15,8.13,38.49
98550,Active,569251,NA,NA,D,1,0,2497504.033,125,2006,23,9.21,21.83
98551,Active,804569,NA,NA,D,3,1,4041919.378,172,2008,14,15.64,26.54
98552,Active,1540009,NA,NA,D,1,0,2972554.089,248,2007,13,70.62,119.18
98553,Active,1519081,NA,NA,D,10,1,2048144.701,132,2013,12,81.33,103.99
98554,Active,591310,NA,NA,D,1,0,1220977.703,142.95,2004,39,4,9.99
98555,Active,3049887,NA,NA,D,0,0,7936111.491,35.95,1997,14,10.34,54.33
98556,Active,708726,NA,NA,D,0,0,428451.9513,69.98,2009,12,18.59,65.97
98557,Active,1443628,NA,NA,D,0,0,1109811.304,43.97,2009,27,21.45,31.93
98558,Active,771951,NA,NA,D,0,0,1894881.674,119.05,2005,23,5.46,28.31
98559,Active,489833,NA,NA,D,2,1,2513750.03,91.33,2003,15,5.99,79.43
98560,Active,288783,NA,NA,D,1,0,1155754.736,56.95,2005,60,4,13.99
98561,Active,2935059,NA,NA,D,0,0,4555990.664,0,2004,22,6.93,42.99
98562,Active,715684,NA,NA,D,0,0,3072330.064,60,1997,11,11.68,54.81
98563,Active,656437,NA,NA,D,1,0,368831.6263,66.95,2009,25,5.88,8.98
98564,Active,2256204,NA,NA,D,0,0,3246529.45,0,2009,21,0,0
98565,Active,916379,NA,NA,D,2,1,3498345.449,8.72,2004,22,4.92,13.91
98566,Active,1982208,NA,NA,D,3,1,349195.185,40,2013,11,21.51,175.73
98567,Active,655669,NA,NA,D,0,0,527076.2075,49.95,2010,20,12.26,0
98568,Active,3469774,NA,NA,D,2,1,2173628.55,59.95,1997,21,4.12,66.68
98569,Active,152063,NA,NA,D,2,1,1719684.274,79.95,2005,25,32.69,52.97
98570,Active,3558992,NA,NA,D,0,0,6237075.95,45.2,1991,35,4,6.8
98571,Active,2675708,NA,NA,D,0,0,4637881.33,59.75,1991,17,4,70.85
98572,Active,3150903,NA,NA,D,0,0,1012315.534,69.95,2004,18,20.94,59.96
98573,Active,3117900,NA,NA,D,0,0,2385747.699,179,2005,30,16.91,63.98
98574,Active,2563867,NA,NA,D,1,0,1781338.111,110.79,1976,21,8.76,93.16
98575,Active,3512231,NA,NA,D,2,1,2431785.6,47.95,1993,15,35.06,54.99
98576,Active,2178178,NA,NA,D,0,0,2094442.728,99,2006,21,19.99,84.15
98577,Active,222712,NA,NA,D,1,0,3339172.111,216,2004,18,23.94,28.25
98578,Active,2574251,NA,NA,D,0,0,2194341.515,182.6,1965,16,13.93,53.94
98579,Active,2325258,NA,NA,D,0,0,1772533.389,135.93,1974,17,12.91,99.97
98580,Active,2341298,NA,NA,D,0,0,4282949.434,0,1976,32,4,50.59
98581,Active,2827845,NA,NA,D,0,0,1625111.268,59.99,1996,26,4,12.87
98582,Active,650025,NA,NA,D,0,0,696456.97,74.95,2010,25,37.99,49.95
98583,Active,272359,NA,NA,D,0,0,2247457.074,99,2007,21,31.6,75.65
98584,Active,2422901,NA,NA,D,1,0,814080.2938,147.64,1967,18,14.35,139.35
98585,Active,2569250,NA,NA,D,1,0,2715485.411,129.66,1967,20,18.98,128.69
98586,Active,3513117,NA,NA,D,1,0,1459891.35,109,2000,19,10.18,25.99
98587,Active,2177698,NA,NA,D,0,0,1480165.49,109,2006,23,63.86,50
98588,Active,2136459,NA,NA,D,0,0,1697891.86,89.95,2009,22,48.55,68.3
98589,Active,858843,NA,NA,D,1,0,3303256.855,137,2001,19,39.24,91.34
98590,Active,911952,NA,NA,D,0,0,1208505.149,55,1998,30,7.68,48.98
98591,Active,905638,NA,NA,D,0,0,530560.6763,122.5,2003,23,24.98,113.46
98592,Active,125708,NA,NA,D,1,0,616883.8188,199.95,1997,21,53.07,121.83
98593,Active,656479,NA,NA,D,0,0,2392846.934,59,2009,15,54.53,95.96
98594,Active,902612,NA,NA,D,0,0,736077.3738,49.8,1978,20,33.86,79.5
98595,Active,904283,NA,NA,D,0,0,1436387.688,105,1946,21,28.05,137.51
98596,Active,169252,NA,NA,D,1,0,735055.18,67.95,2006,24,4.39,23.99
98597,Active,219683,NA,NA,D,0,0,1906848.983,99,2000,31,12.72,38.69
98598,Active,219703,NA,NA,D,1,0,2155749.761,99,2003,10,19.73,36.11
98599,Active,902819,NA,NA,D,1,0,1735159.133,73,2002,32,7.64,49.87
98600,Active,756925,NA,NA,D,1,0,1439743.196,135,1998,20,34.71,86.76
98601,Active,632494,NA,NA,D,0,0,2327676.89,115,2002,19,20.39,32.88
98602,Active,563210,NA,NA,D,2,1,195113.5625,109,2007,30,53.84,83.94
98603,Active,152900,NA,NA,D,0,0,2277143.736,115,1999,35,25.07,52.99
98604,Active,152605,NA,NA,D,0,0,1148670.846,144,1996,22,21.54,28.99
98605,Active,113295,NA,NA,D,1,0,1393724.344,107,2001,27,4.35,23
98606,Active,2302492,NA,NA,D,1,0,1144038.941,43.95,1974,22,31.84,134.57
98607,Active,902912,NA,NA,D,0,0,1864916.983,45,2003,20,17.49,75.01
98608,Active,2361913,NA,NA,D,1,0,2037711.3,57,1987,43,4,8.99
98609,Active,887630,NA,NA,D,1,0,6547346.359,33.95,1993,5,28.87,182.39
98610,Active,431061,NA,NA,D,5,1,1041191.759,126.6,2006,20,5.63,85.81
98611,Active,113809,NA,NA,D,0,0,1227275.941,61,2001,31,4,9.99
98612,Active,901278,NA,NA,D,4,1,2575714.268,244.49,1991,22,4,79.7
98613,Active,797580,NA,NA,D,6,1,1656748.149,152.95,2003,29,48.55,103.99
98614,Active,1596470,NA,NA,D,0,0,4648677.639,47.51,2008,38,4,10.95
98615,Active,621857,NA,NA,D,1,0,1042149.683,67.95,2009,24,6.84,53.78
98616,Active,189814,NA,NA,D,0,0,1472586.64,65,2003,27,18.89,35.74
98617,Active,895734,NA,NA,D,0,0,1275413.238,74,1984,14,14.82,63.94
98618,Active,2589637,NA,NA,D,0,0,4196069.955,38.25,1975,15,28.99,122.87
98619,Active,420815,NA,NA,D,1,0,1463597.668,159.8,1999,27,4.35,43.47
98620,Active,549386,NA,NA,D,0,0,2527618.169,84.95,2007,22,4,72.67
98621,Active,626964,NA,NA,D,0,0,3065532.309,89.95,1999,20,6.89,50.89
98622,Active,2421230,NA,NA,D,0,0,760355.4813,0,1976,43,7.11,38.99
98623,Active,917088,NA,NA,D,1,0,2727372.206,80.13,1992,31,4.31,48.43
98624,Active,1561685,NA,NA,D,0,0,1337713.548,127.06,2008,28,8.67,149.99
98625,Active,656955,NA,NA,D,0,0,1105215.921,109,2008,23,63.99,63.99
98626,Active,645676,NA,NA,D,1,0,1325786.773,48.95,2007,34,24.38,78.99
98627,Active,2261641,NA,NA,D,0,0,5479332.081,116.86,2009,15,22.97,114.65
98628,Active,648695,NA,NA,D,0,0,1719478.591,59.95,2012,20,38.03,38.7
98629,Active,289283,NA,NA,D,0,0,479051.5175,89.99,2000,25,63.98,59.98
98630,Active,2387008,NA,NA,D,0,0,3367765.53,95.85,1993,18,31.49,173.7
98631,Active,639524,NA,NA,D,3,1,672638.7325,54,1996,23,11.92,73.87
98632,Active,3553360,NA,NA,D,0,0,2540311.75,95,2005,24,52,95.97
98633,Active,1467864,NA,NA,D,0,0,4409304.898,85,2006,18,45.86,99.17
98634,Active,1472104,NA,NA,D,1,0,1302396.818,62,2010,18,12.03,14.44
98635,Active,3059975,NA,NA,D,0,0,463481.91,40,2000,15,18.98,29.98
98636,Active,3041628,NA,NA,D,0,0,2747946.5,39.95,2005,18,7.99,36.99
98637,Active,3797602,NA,NA,D,0,0,578086.5,69.97,2009,21,52.95,53.01
98638,Active,3592634,NA,NA,D,0,0,1159179.5,45,1985,32,38.94,88.99
98639,Active,2782375,NA,NA,D,1,0,2178766.165,46,1997,17,13.97,43.99
98640,Active,3946200,NA,NA,D,0,0,461018.8,65,2015,57,44.53,42.82
98641,Active,915743,NA,NA,D,0,0,1089713.501,16.79,1964,46,6.98,19.88
98642,Active,2845934,NA,NA,D,0,0,983074.8288,122.5,1973,48,14.77,80
98643,Active,665193,NA,NA,D,1,0,3979312.236,299,2005,13,40.45,93.27
98644,Active,3575380,NA,NA,D,0,0,8815316.6,0,1979,12,137.82,0
98645,Active,3821139,NA,NA,D,0,0,3242939.4,0,1999,13,23.98,51.99
98646,Active,2387118,NA,NA,D,1,0,4717641.368,304.2,1967,19,6.38,61.23
98647,Active,290131,NA,NA,D,0,0,1348152.399,39.99,2007,37,4.17,0
98648,Active,662411,NA,NA,D,0,0,2733745.899,83.95,2008,16,53.49,0
98649,Active,1468239,NA,NA,D,0,0,8167895.844,75,2007,16,4.77,124.14
98650,Active,2002696,NA,NA,D,0,0,314787.4363,39.97,2014,14,21.2,29.99
98651,Active,613765,NA,NA,D,0,0,586133.5788,45,2010,244,3.79,5.38
98652,Active,1855137,NA,NA,D,2,1,9306571.425,110,2010,0,0,0
98653,Active,1855060,NA,NA,D,2,1,10599833.45,107.95,2010,0,0,0
98654,Active,1936238,NA,NA,D,0,0,1720591.778,157.99,2012,16,13.73,13.69
98655,Active,1470837,NA,NA,D,4,1,906264.9,85,2008,15,4.97,85
98656,Active,149592,NA,NA,D,5,1,3079780.17,279.95,2005,8,94.79,111.99
98657,Active,901491,NA,NA,D,1,0,3131017.809,111.1,2007,20,4.49,0
98658,Active,813756,NA,NA,D,0,0,776596.7,20.95,1900,21,7.64,19.89
98659,Active,636262,NA,NA,D,0,0,1840101.809,46.35,1993,15,10.38,18.98
98660,Active,770253,NA,NA,D,0,0,3704892.818,42.15,2002,18,4,9.74
98661,Active,2637839,NA,NA,D,0,0,1472174.358,16.3,2000,22,4,4.59
98662,Active,851358,NA,NA,D,0,0,980111.2638,143.45,2000,23,6.75,38.99
98663,Active,909527,NA,NA,D,0,0,1647810.731,12.7,2006,20,4,5.96
98664,Active,2642212,NA,NA,D,0,0,1069174.983,86.75,2004,22,5.67,82.95
98665,Active,2518326,NA,NA,D,0,0,1406695.35,87.25,1900,14,18.23,135.63
98666,Active,770283,NA,NA,D,0,0,398239.4388,4.9,2002,30,3.99,7.49
98667,Active,772071,NA,NA,D,0,0,662850.6038,4.9,2005,21,4.98,7.92
98668,Active,772049,NA,NA,D,0,0,4329801.375,15.8,2005,20,4,4.72
98669,Active,2642083,NA,NA,D,0,0,662068.1925,113.45,2003,35,6.44,16.23
98670,Active,870132,NA,NA,D,4,1,2788519.594,150,1998,25,4.48,31.51
98671,Active,1437513,NA,NA,D,1,0,1683689.261,199,2013,24,6.49,50.64
98672,Active,112385,NA,NA,D,9,1,2201237.698,2495,2002,12,40.7,129.83
98673,Active,2344722,NA,NA,D,0,0,2540874.018,74.95,1993,42,4.61,43.49
98674,Active,613871,NA,NA,D,0,0,736175.9438,108,2000,88,4,14.75
98675,Active,913426,NA,NA,D,1,0,2077558.525,29.95,2008,34,4,5.61
98676,Active,701371,NA,NA,D,1,0,1851444.568,34.95,2008,35,4.54,13.49
98677,Active,908397,NA,NA,D,0,0,2518923.674,493.85,2013,28,9.94,224.11
98678,Active,875188,NA,NA,D,12,1,1771890.239,53.74,2006,41,5.59,32.45
98679,Active,147323,NA,NA,D,3,1,1379632.576,530,2005,6,93.89,40.09
98680,Active,163836,NA,NA,D,1,0,2318019.94,69.95,1996,57,4,6.95
98681,Active,199513,NA,NA,D,1,0,3090853.736,172,2002,32,10.98,58.95
98682,Active,249737,NA,NA,D,1,0,294955.9638,191.95,2008,25,7.66,111.13
98683,Active,246776,NA,NA,D,2,1,812101.885,54.95,2009,28,14.42,30.98
98684,Active,3490963,NA,NA,D,0,0,3314214.85,55,1990,38,4,33.94
98685,Active,1677791,NA,NA,D,0,0,2394003.631,47.95,2011,15,36.72,28.08
98686,Active,1731775,NA,NA,D,0,0,2612280.464,39.95,2007,25,4,22.16
98687,Active,123019,NA,NA,D,0,0,432981.52,8,2000,82,4,0
98688,Active,2615082,NA,NA,D,0,0,1432229.201,125,2004,23,16.47,21.61
98689,Active,858525,NA,NA,D,1,0,1654991.645,121.95,1991,28,49.17,71.99
98690,Active,2617369,NA,NA,D,1,0,5031824.685,99,1986,15,6.66,0
98691,Active,1533525,NA,NA,D,0,0,897946.75,109,2006,25,78.44,81.07
98692,Active,3512909,NA,NA,D,0,0,3259884.7,54.95,1995,44,5.91,13.04
98693,Active,212284,NA,NA,D,5,1,576697.68,118.4,2006,33,4,46.09
98694,Active,2387178,NA,NA,D,1,0,5801214.818,66,1991,15,4,23.98
98695,Active,3151593,NA,NA,D,0,0,1609745.649,119,2003,16,70.46,86.98
98696,Active,2897102,NA,NA,D,0,0,1512150.076,17.95,1997,11,20.81,48.53
98697,Active,643539,NA,NA,D,1,0,1611590.451,52.95,2011,14,12.63,39.62
98698,Active,156169,NA,NA,D,1,0,2977466.506,99,1995,13,28.75,49.48
98699,Active,2577058,NA,NA,D,0,0,1621418.136,210,1987,23,15.16,125.03
98700,Active,2570446,NA,NA,D,1,0,2303627.308,170,1991,27,5.04,51.75
98701,Active,175494,NA,NA,D,1,0,1542436.333,125,2005,15,13.99,109.83
98702,Active,528129,NA,NA,D,4,1,113128.9463,115,2010,27,31.15,77.15
98703,Active,2348194,NA,NA,D,5,1,2596617.28,103.49,2003,12,56.82,128.49
98704,Active,888028,NA,NA,D,1,0,3191406.761,95,2004,12,40.99,63.47
98705,Active,2560378,NA,NA,D,1,0,2184235.314,299.95,1989,32,4,52.85
98706,Active,2567446,NA,NA,D,0,0,2704367.886,140,1999,12,33.85,212.47
98707,Active,2609353,NA,NA,D,0,0,1670751.758,67.99,2000,20,4.62,45.81
98708,Active,2490483,NA,NA,D,2,1,5319732.891,31.95,1997,23,4.67,34.92
98709,Active,3783322,NA,NA,D,1,0,2304610.85,41.95,2000,29,4,10.4
98710,Active,175737,NA,NA,D,1,0,3041997.704,189.99,2007,26,34.05,34.06
98711,Active,113118,NA,NA,D,1,0,716996.8338,58.95,2008,27,14.68,98.77
98712,Active,2923998,NA,NA,D,0,0,871604.4525,24.35,2003,12,22.53,20
98713,Active,633998,NA,NA,D,0,0,2205348.663,118,1998,25,6.37,59.33
98714,Active,175757,NA,NA,D,0,0,1280949.733,117,2005,18,13.99,76.85
98715,Active,2165417,NA,NA,D,0,0,1958933.254,174.95,2011,19,11.3,28.99
98716,Active,2169588,NA,NA,D,0,0,641884.0775,203.95,2015,14,83.94,164.68
98717,Active,2341485,NA,NA,D,0,0,3463146.65,675,1965,15,6.37,675
98718,Active,2924015,NA,NA,D,3,1,599673.6613,22.88,1986,16,24.98,18.58
98719,Active,221818,NA,NA,D,1,0,2839871.219,179.95,2004,15,68.99,118.99
98720,Active,774844,NA,NA,D,1,0,1865932.934,74.95,2000,20,4.09,9.37
98721,Active,3475418,NA,NA,D,1,0,3512546.9,107,1997,22,8.99,28.89
98722,Active,876301,NA,NA,D,4,1,3944159.095,125.25,2010,11,47.84,75.37
98723,Active,3152836,NA,NA,D,3,1,2370309.953,74.95,1999,16,31.47,63.96
98724,Active,2331327,NA,NA,D,3,1,4733133.563,64.46,1976,27,4,37.49
98725,Active,537949,NA,NA,D,1,0,1614156.263,110,1998,29,4,33.94
98726,Active,2338457,NA,NA,D,0,0,1939356.151,17.95,1975,21,6.78,72.99
98727,Active,528119,NA,NA,D,4,1,507421.835,199.95,2011,25,123.99,195.26
98728,Active,2342232,NA,NA,D,3,1,2615189.916,137.4,1992,27,6.35,38.99
98729,Active,652029,NA,NA,D,0,0,562868.0188,160.45,2005,26,14.29,73.07
98730,Active,2576512,NA,NA,D,1,0,1907021.259,195.46,1988,18,4,232.71
98731,Active,176884,NA,NA,D,1,0,1728010.828,346.95,2002,34,5.96,40.09
98732,Active,2244728,NA,NA,D,7,1,2816486.509,140,2008,18,4.75,28.99
98733,Active,175361,NA,NA,D,1,0,2390980.723,100,2001,26,4.28,20.97
98734,Active,2331489,NA,NA,D,1,0,1550409.791,127.57,1965,21,25.03,127.07
98735,Active,2559436,NA,NA,D,3,1,5150465.113,0,1978,17,4.83,0
98736,Active,908281,NA,NA,D,0,0,1124406.005,99.95,2009,22,64,64.18
98737,Active,661956,NA,NA,D,1,0,1160466.686,77.95,2012,11,49.98,0
98738,Active,2663983,NA,NA,D,2,1,3803844.226,63,1990,25,4.41,27.99
98739,Active,904644,NA,NA,D,1,0,1807029.98,53.95,2002,19,5.13,35
98740,Active,607303,NA,NA,D,3,1,1804195.465,153,2004,21,7.05,49.99
98741,Active,766004,NA,NA,D,1,0,1606569.376,288.95,1997,16,4.4,10.99
98742,Active,614708,NA,NA,D,8,1,107098.0313,47.39,2012,107,4.42,45.19
98743,Active,1469956,NA,NA,D,1,0,3777229.964,130,2008,16,27.74,58.97
98744,Active,2047608,NA,NA,D,0,0,1457058.405,45,2011,23,4,35
98745,Active,869489,NA,NA,D,2,1,9056578.588,59,1995,16,3.99,44.99
98746,Active,2256512,NA,NA,D,0,0,713930.5588,113.11,2011,28,50.01,91.97
98747,Active,247935,NA,NA,D,0,0,122685.3563,72,2008,30,7.13,57.91
98748,Active,156690,NA,NA,D,1,0,2163641.633,31.95,2002,53,4,21.99
98749,Active,494802,NA,NA,D,1,0,2807184.153,129.95,2009,20,14.19,33.97
98750,Active,581638,NA,NA,D,0,0,1044000.768,49.95,2007,27,9.74,47.56
98751,Active,217737,NA,NA,D,1,0,1092671.339,57.95,2003,33,6.23,63.06
98752,Active,1947752,NA,NA,D,0,0,1665339.196,39.95,2012,26,4,18.99
98753,Active,686493,NA,NA,D,1,0,2062969.101,25,2003,20,3.99,21.99
98754,Active,107648,NA,NA,D,3,1,2938686.105,6.99,2002,30,4,6.48
98755,Active,901471,NA,NA,D,1,0,4141422.354,121.95,2009,18,4.29,89.7
98756,Active,3605505,NA,NA,D,1,0,3746248.8,47,1983,39,4,18.69
98757,Active,822678,NA,NA,D,1,0,556721.78,29.5,1998,19,5.84,16.95
98758,Active,3560241,NA,NA,D,0,0,7274507.45,115,2001,5,4.77,0
98759,Active,2772321,NA,NA,D,2,1,1267690.768,73,1995,29,4,24.99
98760,Active,3783662,NA,NA,D,1,0,7913508.2,0,1996,19,4,8.99
98761,Active,738453,NA,NA,D,0,0,1909760.099,31,2003,18,4,23.99
98762,Active,2623591,NA,NA,D,5,1,1564797.425,75.6,2005,18,4.24,50.8
98763,Active,3829871,NA,NA,D,0,0,1298811.9,149,2015,34,115.74,149
98764,Active,799371,NA,NA,D,1,0,4135595.626,45.95,2007,13,27.98,37.26
98765,Active,113341,NA,NA,D,1,0,797781.715,160,2002,20,28.68,68.24
98766,Active,624187,NA,NA,D,2,1,1861953.198,43.95,2004,31,4,39.72
98767,Active,217216,NA,NA,D,4,1,2165339.214,49,2003,40,4,17.85
98768,Active,1857970,NA,NA,D,1,0,8582121.981,88.95,2010,0,0,0
98769,Active,1783502,NA,NA,D,2,1,161824.8238,112.95,2015,16,73.74,79.57
98770,Active,913325,NA,NA,D,2,1,2572245.394,58.92,2006,45,8.56,38.3
98771,Active,645587,NA,NA,D,1,0,1583287.718,75.95,2005,36,3.8,11.57
98772,Active,1943231,NA,NA,D,1,0,2725391.57,58.95,2011,8,3.43,58.83
98773,Active,1943462,NA,NA,D,0,0,1484026.379,60.95,2013,10,5.98,4.99
98774,Active,887373,NA,NA,D,0,0,988083.8863,170.72,2015,11,80.07,170.7
98775,Active,1724721,NA,NA,D,1,0,874244.245,172.95,2006,14,102.17,154.99
98776,Active,1839821,NA,NA,D,1,0,8579425.936,69.99,2008,6,34.63,209.27
98777,Active,2680157,NA,NA,D,2,1,5286755.034,189,1995,18,5.28,47.23
98778,Active,552549,NA,NA,D,1,0,1103393.543,63,2008,48,4.11,9.94
98779,Active,3242601,NA,NA,D,3,1,5812886.851,77.72,2003,32,7.79,36.74
98780,Active,554036,NA,NA,D,1,0,3362710.551,68.8,2000,29,3.96,35.61
98781,Active,894697,NA,NA,D,1,0,9437849.911,37.95,2003,22,4.35,46.79
98782,Active,3272472,NA,NA,D,1,0,8953206.589,94.73,2001,14,10.46,92.95
98783,Active,833151,NA,NA,D,3,1,7560367.12,105,1992,18,5.48,56.17
98784,Active,289234,NA,NA,D,0,0,2197925.614,249,2005,27,25.41,59.33
98785,Active,1756933,NA,NA,D,2,1,216953.2563,75,2011,30,9.07,153.98
98786,Active,2614723,NA,NA,D,1,0,540111.51,99.99,2004,25,19.13,80.97
98787,Active,1455774,NA,NA,D,3,1,90623.55625,149.13,2014,24,46.44,133.66
98788,Active,266153,NA,NA,D,0,0,1697323.321,109,2004,35,17.45,20.98
98789,Active,173917,NA,NA,D,1,0,3804779.928,88,2004,18,4,35
98790,Active,407705,NA,NA,D,2,1,9252565.095,57.95,1998,15,4,25.01
98791,Active,370234,NA,NA,D,1,0,3082941.084,230,2001,23,4.86,21.97
98792,Active,528088,NA,NA,D,6,1,1314621.699,49.95,2008,22,4,0
98793,Active,377875,NA,NA,D,4,1,7881547.984,39.95,2003,13,4.07,9.95
98794,Active,246310,NA,NA,D,2,1,5855526.101,37.95,2003,21,4.62,7.21
98795,Active,1472533,NA,NA,D,1,0,2495266.228,68.95,2010,16,16.09,65.01
98796,Active,659271,NA,NA,D,1,0,2885611.114,46.95,2003,26,4.97,67.49
98797,Active,920328,NA,NA,D,3,1,1711522.773,45.95,2003,65,4,15.98
98798,Active,192490,NA,NA,D,1,0,4154955.441,59.95,2003,30,4,18.71
98799,Active,774883,NA,NA,D,8,1,2019400.288,58.95,1999,34,4,11.99
98800,Active,2264580,NA,NA,D,2,1,76008,82.1,2011,36,58.96,82.09
98801,Active,240207,NA,NA,D,2,1,999799.1475,79.95,2002,18,88.94,218.99
98802,Active,243690,NA,NA,D,0,0,1345296.45,0,1900,28,78.24,0
98803,Active,915218,NA,NA,D,3,1,7900565.496,68.95,1998,29,4,20
98804,Active,3241209,NA,NA,D,2,1,4606670.959,145.69,2000,40,16.6,85.92
98805,Active,905578,NA,NA,D,0,0,1513651.694,180.95,2006,21,14.72,44.38
98806,Active,755236,NA,NA,D,2,1,3266371.504,55,2003,19,4,49.35
98807,Active,795119,NA,NA,D,3,1,4217073.54,241.95,2012,11,60.5,108.99
98808,Active,109962,NA,NA,D,1,0,2829704.8,10.1,2007,22,4.96,9.99
98809,Active,2098857,NA,NA,D,0,0,1810068.736,92,2014,7,20.74,19.98
98810,Active,200492,NA,NA,D,1,0,831686.39,81.95,2009,35,8.75,51.29
98811,Active,869396,NA,NA,D,1,0,389688.9425,120.53,2014,26,31.5,106.2
98812,Active,576766,NA,NA,D,2,1,1271372.339,27.64,2007,31,5.04,32.99
98813,Active,200662,NA,NA,D,0,0,2021931.049,70.58,1999,37,4,6.87
98814,Active,492141,NA,NA,D,7,1,12669.2725,110.95,2012,95,18.21,54.99
98815,Active,540963,NA,NA,D,4,1,1164233.861,59.95,2012,10,10.82,53.14
98816,Active,501163,NA,NA,D,1,0,2202257.949,119,2012,10,35.79,119
98817,Active,884108,NA,NA,D,5,1,3856894.898,72.95,2006,12,11.11,25
98818,Active,545982,NA,NA,D,10,1,385187.5275,122,2013,23,28.58,106.36
98819,Active,2266486,NA,NA,D,7,1,1115874.165,75.54,2012,33,42.94,71.07
98820,Active,2271914,NA,NA,D,6,1,1331073.8,14.95,2009,22,8.83,14.95
98821,Active,1682624,NA,NA,D,0,0,2498609.036,125,2006,26,5.31,113.06
98822,Active,2162556,NA,NA,D,3,1,669133.0888,114,2011,25,34.05,220.77
98823,Active,552998,NA,NA,D,4,1,843320.9425,156,2007,10,10.81,31.94
98824,Active,3567027,NA,NA,D,1,0,3550112.05,89.95,1999,49,4,23.98
98825,Active,760651,NA,NA,D,1,0,3571232.62,60,2000,24,4.62,6.73
98826,Active,901401,NA,NA,D,1,0,3320933.966,84.95,1989,19,7.45,81.29
98827,Active,914404,NA,NA,D,0,0,218859.655,28.95,1988,26,14.21,52.79
98828,Active,3617899,NA,NA,D,1,0,6127622.55,49,2000,28,4,33.07
98829,Active,1436128,NA,NA,D,12,1,1320318.405,32,2009,64,4,14.81
98830,Active,254824,NA,NA,D,0,0,1643318.658,39.95,2000,28,10.41,86.06
98831,Active,2651855,NA,NA,D,0,0,1188575.51,72.36,1983,19,4.53,85.25
98832,Active,2337709,NA,NA,D,7,1,2020194.564,32.7,1994,58,4,31.49
98833,Active,210379,NA,NA,D,0,0,176536.015,50,1998,52,24.47,27.94
98834,Active,2527843,NA,NA,D,1,0,8221684.543,255,1998,16,26.39,126.64
98835,Active,1572421,NA,NA,D,0,0,1150843.238,17.95,2011,14,8.95,13.25
98836,Active,650627,NA,NA,D,0,0,660670.1875,43.95,2006,27,9.19,0
98837,Active,2447986,NA,NA,D,0,0,6712870.05,79.95,1994,16,7.97,0
98838,Active,1592835,NA,NA,D,2,1,1401417.365,120,2008,20,16.32,63.99
98839,Active,641820,NA,NA,D,0,0,957790.8238,45,2001,28,26.48,53.98
98840,Active,528061,NA,NA,D,4,1,135560.135,268.95,2012,54,24.99,154.19
98841,Active,2836769,NA,NA,D,1,0,2905490.829,65.95,2000,22,55.39,83.98
98842,Active,902731,NA,NA,D,1,0,2086897.01,35.95,2000,29,4,14.87
98843,Active,2654049,NA,NA,D,1,0,1228145.616,179.95,1994,23,4,10.27
98844,Active,1488031,NA,NA,D,1,0,1210415.828,90,2008,25,7.49,60.67
98845,Active,909747,NA,NA,D,0,0,4938312.395,27.5,1988,19,4,46.05
98846,Active,905871,NA,NA,D,1,0,1856664.841,57.95,2002,25,7.92,61.74
98847,Active,659188,NA,NA,D,2,1,2726724.779,140,2004,15,46.38,81.48
98848,Active,1483930,NA,NA,D,0,0,1228354.323,48,2010,22,17.49,41.15
98849,Active,895618,NA,NA,D,1,0,2414821.681,135,2009,16,49.69,173.99
98850,Active,825061,NA,NA,D,0,0,2322202.766,34.95,2010,14,25.46,25.9
98851,Active,2782054,NA,NA,D,11,1,4896985.551,165,1994,12,24.75,48.99
98852,Active,1961792,NA,NA,D,0,0,1912306.799,40,2012,3,30.68,147.23
98853,Active,912842,NA,NA,D,1,0,766200.7563,40.95,1993,24,4,33.46
98854,Active,1469959,NA,NA,D,3,1,6141902.149,99,2007,16,6.98,36.99
98855,Active,724882,NA,NA,D,0,0,2440446.641,57.99,2010,21,11.62,33.73
98856,Active,2404201,NA,NA,D,0,0,4234811.286,39.5,1986,14,19.63,178.55
98857,Active,1641613,NA,NA,D,0,0,1240160.365,60,2013,42,30.4,46.42
98858,Active,131935,NA,NA,D,1,0,316860.39,63.6,2005,56,4.5,51.64
98859,Active,916691,NA,NA,D,0,0,1248351.26,62,1998,34,4,13.58
98860,Active,3263696,NA,NA,D,0,0,4780777.669,114.25,2002,21,45.01,112
98861,Active,2885099,NA,NA,D,1,0,277190.5875,38.95,2002,17,17.69,22.87
98862,Active,751061,NA,NA,D,0,0,1336694.525,95,2009,14,44.14,0
98863,Active,574780,NA,NA,D,0,0,390120.4938,31,2009,31,8.11,21.99
98864,Active,2273056,NA,NA,D,0,0,1286516,0,1900,11,50.4,67.9
98865,Active,231031,NA,NA,D,0,0,263221.0863,39.95,2006,84,5.36,13.28
98866,Active,57720,NA,NA,D,11,1,1325335.685,104,2007,45,4,8.86
98867,Active,147253,NA,NA,D,11,1,864908.615,249,2007,30,30.56,98.99
98868,Active,2551452,NA,NA,D,2,1,3632560.206,99.95,2002,18,50.13,229.48
98869,Active,1592607,NA,NA,D,0,0,1314734.451,110,2008,15,8.76,71.87
98870,Active,2363196,NA,NA,D,1,0,4708702.999,210,1984,18,10.6,63.29
98871,Active,1725676,NA,NA,D,0,0,3623193.654,69.95,2012,11,36.98,38.97
98872,Active,2406403,NA,NA,D,0,0,5326335.873,52.5,1994,26,4,8.88
98873,Active,3547067,NA,NA,D,0,0,2605728.6,29.95,1993,19,4.76,29
98874,Active,3547276,NA,NA,D,2,1,3468252.15,34.95,1999,29,4,47.01
98875,Active,654415,NA,NA,D,1,0,1016018.063,83,2008,31,10.41,32.99
98876,Active,910394,NA,NA,D,1,0,971403.7075,74.95,1997,23,18.6,51.05
98877,Active,865150,NA,NA,D,2,1,1275395.628,172.95,2005,16,31.64,35.08
98878,Active,759906,NA,NA,D,1,0,2174935.576,150,2001,21,31.01,114.29
98879,Active,2560559,NA,NA,D,1,0,1630007.014,160,1980,26,20.23,118.41
98880,Active,647792,NA,NA,D,0,0,4453770.355,209,2005,21,134.16,157.78
98881,Active,3510762,NA,NA,D,0,0,495118.45,75,1975,39,28.99,77.12
98882,Active,2609387,NA,NA,D,1,0,2853791.844,94.99,2000,15,14.94,47.49
98883,Active,2593140,NA,NA,D,0,0,3460022.249,37.95,1979,25,5.57,56.97
98884,Active,2615309,NA,NA,D,0,0,8240122.563,115,2005,20,23.59,105.13
98885,Active,1493992,NA,NA,D,0,0,1952734.954,50,2011,23,23.77,32.28
98886,Active,157597,NA,NA,D,1,0,1192376.191,59.95,2010,24,10.89,51.48
98887,Active,184293,NA,NA,D,0,0,533958.8525,47.95,1998,34,4.39,34.91
98888,Active,2387426,NA,NA,D,3,1,2826696.965,12.74,1982,29,3.89,12.74
98889,Active,2134238,NA,NA,D,0,0,1677683.941,49.99,2012,25,5.51,42.38
98890,Active,882833,NA,NA,D,1,0,3368450.1,106,2001,13,8.43,105.99
98891,Active,2595916,NA,NA,D,0,0,3167945.493,50,1994,17,19.53,57.71
98892,Active,718789,NA,NA,D,1,0,1673476.854,110,1998,18,15.99,59.29
98893,Active,198918,NA,NA,D,2,1,2564205.79,88.95,1997,33,4,62.89
98894,Active,887435,NA,NA,D,7,1,882924.9675,86.64,2015,10,42.75,86.64
98895,Active,920336,NA,NA,D,0,0,1561535.653,67,1984,41,4,45.21
98896,Active,2259300,NA,NA,D,10,1,2718154.25,114.97,2008,31,0,0
98897,Active,2415203,NA,NA,D,1,0,2833085.059,115,2002,15,23.96,52.53
98898,Active,640985,NA,NA,D,1,0,1637438.558,39.95,2001,20,4,22.6
98899,Active,136818,NA,NA,D,0,0,935542.5125,58,2006,14,16.17,63.55
98900,Active,614022,NA,NA,D,1,0,935162.1088,75.95,2007,57,3.99,7
98901,Active,870263,NA,NA,D,1,0,1070266.673,51.95,2001,23,4,85.17
98902,Active,293265,NA,NA,D,0,0,2171324.673,64,2004,40,4,13.64
98903,Active,794128,NA,NA,D,0,0,1252320.643,51.95,2005,11,38.21,50.48
98904,Active,118766,NA,NA,D,1,0,877131.4025,120,2009,32,5.53,46.22
98905,Active,2589090,NA,NA,D,3,1,1122408.344,55.99,1972,19,6.39,78.76
98906,Active,2363060,NA,NA,D,0,0,1736249.303,84.88,1969,14,7.14,73.63
98907,Active,914767,NA,NA,D,10,1,8382669.653,54.61,1999,26,4,54.57
98908,Active,2137613,NA,NA,D,4,1,1549522.715,90.95,2012,13,32.62,85.41
98909,Active,2650061,NA,NA,D,3,1,813548.4738,59.99,1999,18,9.8,67.68
98910,Active,2501680,NA,NA,D,0,0,2141212.68,84.95,2004,19,23.94,52.13
98911,Active,2428962,NA,NA,D,1,0,641598.5413,49.95,1994,30,3.99,12.99
98912,Active,128051,NA,NA,D,0,0,3391344.775,260,2004,13,61.01,208.02
98913,Active,2311627,NA,NA,D,2,1,2976660.763,18.95,1973,25,4,52.17
98914,Active,2851026,NA,NA,D,1,0,1584652.771,40,1995,56,4.13,18.94
98915,Active,2851079,NA,NA,D,0,0,341599.6213,45,2005,52,8.1,32.92
98916,Active,700100,NA,NA,D,1,0,1455909.799,79.95,2001,15,23.92,4246.9
98917,Active,789416,NA,NA,D,1,0,973186.4763,69.99,2004,21,5.89,55.91
98918,Active,744467,NA,NA,D,3,1,5931662.209,38.95,2001,10,7.92,121.73
98919,Active,1533378,NA,NA,D,0,0,1296622.806,179,2008,24,39.28,62.6
98920,Active,2595441,NA,NA,D,1,0,1368251.64,179.99,1994,17,14.31,20.74
98921,Active,634417,NA,NA,D,0,0,4709040.4,104.19,1994,23,4.19,73.15
98922,Active,2795285,NA,NA,D,3,1,1462482.22,84,1993,32,4,31.99
98923,Active,3789927,NA,NA,D,1,0,6761979,249.95,1997,11,133.69,319.15
98924,Active,2670633,NA,NA,D,0,0,4083308,108.65,1995,22,4,34.99
98925,Active,888441,NA,NA,D,9,1,1539134.344,34.83,2008,16,6.97,32.26
98926,Active,2502600,NA,NA,D,0,0,2133814.753,99,1988,13,4.19,12.49
98927,Active,880654,NA,NA,D,10,1,946743.5625,53.98,2010,48,4.97,33.99
98928,Active,3073849,NA,NA,D,1,0,3029399.108,54.95,2000,21,29.74,51.67
98929,Active,2836555,NA,NA,D,5,1,9046015.294,58.95,1994,15,4,112.67
98930,Active,641008,NA,NA,D,2,1,1119055.573,52.25,2001,13,32.93,120.57
98931,Active,2387680,NA,NA,D,1,0,3467313.989,87,1993,29,4,17.23
98932,Active,2387670,NA,NA,D,2,1,2040880.994,96,1990,25,4,47.85
98933,Active,3462405,NA,NA,D,0,0,1741649.55,169,1900,3,48.99,48.99
98934,Active,651293,NA,NA,D,11,1,651411.7363,121.25,2011,14,30.47,70.17
98935,Active,883358,NA,NA,D,8,1,6725247.843,61.96,2003,8,6.36,45.9
98936,Active,125504,NA,NA,D,1,0,49671.58625,187.95,1995,58,72.97,150.55
98937,Active,2337322,NA,NA,D,2,1,2782565.704,85.08,1971,22,4,33.97
98938,Active,633906,NA,NA,D,0,0,738434.88,83.8,1978,29,4.98,105.09
98939,Active,698999,NA,NA,D,1,0,2590506.191,100.69,2008,12,21.31,93.67
98940,Active,563819,NA,NA,D,10,1,1066323.64,119.5,2000,38,4,27.94
98941,Active,561938,NA,NA,D,1,0,1005247.508,341.95,2010,24,48.99,151.65
98942,Active,549100,NA,NA,D,0,0,14274893.65,0,1900,8,4,0
98943,Active,540500,NA,NA,D,0,0,2373819.24,150.67,2000,23,4,51.99
98944,Active,880564,NA,NA,D,5,1,28538.77375,175.2,2014,101,6.28,27.4
98945,Active,570458,NA,NA,D,1,0,488014.4425,341.95,2010,21,57.62,68.19
98946,Active,883809,NA,NA,D,0,0,4198985.554,64.99,2005,11,33.13,72.88
98947,Active,621843,NA,NA,D,3,1,1539215.48,23.96,2010,28,4,10.99
98948,Active,292162,NA,NA,D,1,0,754994.47,167.95,2004,32,4,12.93
98949,Active,136644,NA,NA,D,0,0,1237368.633,62,1997,22,8.35,21.49
98950,Active,908381,NA,NA,D,4,1,2081590.393,51.12,2010,20,8.93,34.47
98951,Active,301355,NA,NA,D,1,0,4577676.503,159,2004,8,149.56,213.99
98952,Active,651569,NA,NA,D,0,0,3656671.876,117,2005,12,16.26,23.94
98953,Active,359388,NA,NA,D,0,0,1481577.743,85,2004,13,26.63,53.54
98954,Active,2179243,NA,NA,D,0,0,2333761.608,209,2008,18,144.99,150.46
98955,Active,3151165,NA,NA,D,0,0,1790395.181,239,2001,21,143.99,179.73
98956,Active,3260773,NA,NA,D,0,0,1550135.293,87.33,2002,27,17.58,67.89
98957,Active,871863,NA,NA,D,0,0,2879917.766,47.44,2005,25,4,26.55
98958,Active,60658,NA,NA,D,4,1,340735.75,32.98,2000,83,4.15,8.99
98959,Active,759544,NA,NA,D,1,0,2347184.681,195,2001,16,43.42,287.95
98960,Active,2580661,NA,NA,D,1,0,4901294.021,230,1999,10,4,152.4
98961,Active,2572626,NA,NA,D,1,0,4620645.435,135,1990,23,4,55.57
98962,Active,2387583,NA,NA,D,0,0,2722974.583,76,1986,23,4,33.99
98963,Active,2573697,NA,NA,D,3,1,4299236.62,883.42,2004,13,32.3,59.98
98964,Active,896419,NA,NA,D,0,0,3716645.378,98,1989,14,38.07,86.89
98965,Active,2576282,NA,NA,D,0,0,3619093.411,270,1988,29,6.34,55.23
98966,Active,2834325,NA,NA,D,1,0,1712568.998,55,2003,23,4,38.37
98967,Active,903173,NA,NA,D,0,0,2691920.12,47.95,1992,17,5.91,62.69
98968,Active,602180,NA,NA,D,0,0,1509125.088,52,1998,22,6.74,53.13
98969,Active,911137,NA,NA,D,1,0,1354249.543,71.5,1997,32,8.48,82.51
98970,Active,2807585,NA,NA,D,1,0,753447.4813,75,2001,23,49.72,240.98
98971,Active,723623,NA,NA,D,1,0,3054202.328,24.95,2009,12,10.18,9.14
98972,Active,2407757,NA,NA,D,1,0,856083.0388,120,1996,22,7.73,51.99
98973,Active,2596014,NA,NA,D,0,0,1938533.611,164.99,1990,18,13.49,71.49
98974,Active,157130,NA,NA,D,0,0,1745145.163,31.95,2005,23,4.34,27.11
98975,Active,1550974,NA,NA,D,1,0,2027420.951,39.95,2012,18,33.85,39.46
98976,Active,3041344,NA,NA,D,0,0,3418681.284,49.95,2004,24,13.65,42.94
98977,Active,245207,NA,NA,D,1,0,1331602.74,49.95,2005,20,7.88,43.99
98978,Active,797756,NA,NA,D,1,0,2058811.735,49.95,2006,23,4,70.37
98979,Active,3026405,NA,NA,D,1,0,1213256.696,60.95,1996,24,5.54,14.76
98980,Active,899437,NA,NA,D,4,1,2045304.723,171.68,2006,18,33.31,170.32
98981,Active,609623,NA,NA,D,10,1,291460.0088,54.95,2008,25,12.12,57.95
98982,Active,1867781,NA,NA,D,2,1,1741155.458,179.95,2008,13,24.51,87.81
98983,Active,3303945,NA,NA,D,0,0,10574152.2,0,2001,0,0,164.7
98984,Active,639034,NA,NA,D,0,0,1432205.718,79.95,2006,18,9.15,25.43
98985,Active,2811784,NA,NA,D,1,0,1326265.751,45,1998,30,5.43,23.99
98986,Active,558093,NA,NA,D,0,0,2673660.003,120,2009,24,15.7,15.83
98987,Active,2604718,NA,NA,D,1,0,2543212.445,125,1996,39,9.37,102.1
98988,Active,143489,NA,NA,D,0,0,1212027.034,41,2003,36,6.59,36.94
98989,Active,906589,NA,NA,D,1,0,1037639.004,60,2006,29,5.07,23.48
98990,Active,2678640,NA,NA,D,3,1,3343422.3,34.5,1988,28,4.57,43.93
98991,Active,2886819,NA,NA,D,0,0,2248938.316,89,1993,8,12.64,29.89
98992,Active,2608821,NA,NA,D,0,0,4507162.401,99.99,1998,20,23.46,99.53
98993,Active,912739,NA,NA,D,1,0,1563793.6,38,1996,38,4,11.74
98994,Active,1490374,NA,NA,D,1,0,1596767.545,58,2011,15,19.5,23.48
98995,Active,2613710,NA,NA,D,0,0,725517.215,119.99,2004,19,21.99,24.99
98996,Active,175830,NA,NA,D,1,0,3836078.688,139.99,2007,23,9.89,73.03
98997,Active,620859,NA,NA,D,2,1,98962.5825,40,2005,36,9.79,0
98998,Active,2604715,NA,NA,D,0,0,4804644.126,140,1997,22,18.38,48.99
98999,Active,1625387,NA,NA,D,1,0,1688064.918,51.5,2007,23,28.35,137.71
99000,Active,914683,NA,NA,D,0,0,3818002.023,33.95,2002,18,4,6.25
99001,Active,904314,NA,NA,D,1,0,1952798.92,39.95,2007,17,15,27.44
99002,Active,621882,NA,NA,D,1,0,354088,77,2004,40,10.73,18.95
99003,Active,900958,NA,NA,D,1,0,1658152.306,76,2008,20,5.03,70.86
99004,Active,2046273,NA,NA,D,1,0,1561930.056,52,2008,25,18.96,36.26
99005,Active,2801634,NA,NA,D,0,0,7542532.35,150,1994,16,7.96,129.03
99006,Active,2188440,NA,NA,D,3,1,2407648.664,239,2010,31,79.99,170.6
99007,Active,2565296,NA,NA,D,0,0,6377489.086,71.93,1972,28,4,71.75
99008,Active,547727,NA,NA,D,0,0,1721276.326,48.8,1994,64,4,33.64
99009,Active,2588396,NA,NA,D,0,0,1905910.591,74.95,1971,18,15.02,123.8
99010,Active,2419682,NA,NA,D,1,0,6051076.178,115,2004,13,43.89,103.19
99011,Active,3490973,NA,NA,D,0,0,1451334,65,1998,29,8.94,81.11
99012,Active,2551263,NA,NA,D,1,0,6542800.324,61.95,2003,21,7.11,107.78
99013,Active,915193,NA,NA,D,2,1,4385917.856,50.67,1997,31,5.8,10.99
99014,Active,1475139,NA,NA,D,4,1,3590728.81,325,2011,11,89.93,179.98
99015,Active,2612473,NA,NA,D,1,0,2008607.849,129.99,2002,17,13.58,9.98
99016,Active,781191,NA,NA,D,0,0,2350317.369,59.95,2007,23,33.98,73.97
99017,Active,718009,NA,NA,D,1,0,1948376.053,110,2000,23,7.69,53.79
99018,Active,161930,NA,NA,D,1,0,2571878.603,6.69,2007,27,4,6.69
99019,Active,603995,NA,NA,D,0,0,1652338.253,129,2009,25,49.44,88.29
99020,Active,2501631,NA,NA,D,0,0,1381581.563,419,2004,20,277.79,314.55
99021,Active,1952232,NA,NA,D,0,0,1109841.831,149,2012,55,47.31,95.1
99022,Active,385257,NA,NA,D,3,1,1358972.386,61.4,2011,18,4.29,0
99023,Active,566560,NA,NA,D,2,1,1578035.278,39.95,2000,35,4,6.49
99024,Active,2876599,NA,NA,D,1,0,1228948.853,35.95,2005,17,14.74,95.39
99025,Active,2599562,NA,NA,D,1,0,5393359.506,83.99,1996,14,6.98,84.19
99026,Active,670953,NA,NA,D,0,0,7583197.199,210,2002,18,40.46,114.21
99027,Active,648988,NA,NA,D,0,0,1929043.895,50,2003,21,23.99,152.16
99028,Active,1534237,NA,NA,D,0,0,1919667.166,199,2008,20,50.12,58.96
99029,Active,757466,NA,NA,D,1,0,1768427.25,179.95,1999,21,14.93,45.79
99030,Active,2179097,NA,NA,D,0,0,1335277.579,189,2008,22,121.98,135.75
99031,Active,793664,NA,NA,D,0,0,1055296.159,45.95,2003,37,4.05,45.95
99032,Active,1921804,NA,NA,D,0,0,1242928.536,119,2009,18,73.88,79.33
99033,Active,1623508,NA,NA,D,1,0,7293782.735,115.95,2009,23,19.18,85.54
99034,Active,909135,NA,NA,D,0,0,673751.0825,34.95,2004,39,10.04,74.82
99035,Active,2168115,NA,NA,D,0,0,449897.1363,286.11,2012,11,20,56.5
99036,Active,2168112,NA,NA,D,0,0,1479137.781,35.79,2012,20,4,10.99
99037,Active,1534098,NA,NA,D,0,0,2489944.281,249,2008,16,176.94,135.79
99038,Active,165190,NA,NA,D,1,0,2200618.779,128,2004,13,6.48,50.95
99039,Active,2878569,NA,NA,D,0,0,1811573.395,135,1994,15,6.39,35.56
99040,Active,755358,NA,NA,D,1,0,3499588.146,120,2003,25,4,48.21
99041,Active,1591109,NA,NA,D,1,0,3187943.904,109.99,2012,18,31.55,93.13
99042,Active,2615281,NA,NA,D,1,0,1748389.613,120,2005,26,8.59,57.94
99043,Active,1591622,NA,NA,D,0,0,1555824.909,114.99,2011,17,8.77,11.3
99044,Active,3219432,NA,NA,D,1,0,1772657.371,0,1952,38,4.16,8.42
99045,Active,718546,NA,NA,D,0,0,1553167.655,59.95,1999,22,15.99,58.89
99046,Active,1588074,NA,NA,D,1,0,1777695.711,46,2006,33,16.21,37.97
99047,Active,1517976,NA,NA,D,1,0,1064798.375,73.95,2008,38,4,7.23
99048,Active,2599975,NA,NA,D,1,0,5719684.476,99.99,1995,14,37.99,45.56
99049,Active,2579015,NA,NA,D,3,1,7934939.6,76.95,1990,12,6.39,0
99050,Active,280548,NA,NA,D,1,0,1319635.491,74.95,2006,21,4.29,63.23
99051,Active,2132064,NA,NA,D,0,0,909089.2325,209,2009,21,107.22,106.72
99052,Active,3059892,NA,NA,D,0,0,3008530.196,179.95,1995,17,13,100.8
99053,Active,2593518,NA,NA,D,1,0,4466468.063,384.99,1993,20,63.98,133.05
99054,Active,527927,NA,NA,D,2,1,146698.1975,115.95,2009,25,31.99,31.56
99055,Active,152273,NA,NA,D,1,0,2803427.12,59.95,2005,20,25.99,37.53
99056,Active,527924,NA,NA,D,2,1,778922.955,94.95,2007,22,35.58,94.69
99057,Active,910614,NA,NA,D,1,0,3147012.888,259,1996,29,4,73.98
99058,Active,2595921,NA,NA,D,1,0,541048.0425,115.99,1989,16,6.39,81.94
99059,Active,3031852,NA,NA,D,0,0,1830537.751,45,1994,32,4,43.87
99060,Active,895395,NA,NA,D,0,0,1824005.289,89.95,2012,18,72.54,68.28
99061,Active,668852,NA,NA,D,0,0,1272574.794,179,2012,14,120.21,121.58
99062,Active,176804,NA,NA,D,3,1,2217033.568,103.95,2000,32,4,49.51
99063,Active,569602,NA,NA,D,3,1,1262659.7,319.95,2001,14,5.45,33.99
99064,Active,634208,NA,NA,D,0,0,2482566.376,139,2005,19,34.21,53.13
99065,Active,2179290,NA,NA,D,0,0,2131118.623,209,2008,21,142.57,117.94
99066,Active,623660,NA,NA,D,0,0,333230.3125,189,2001,58,16.49,83.99
99067,Active,915881,NA,NA,D,1,0,1666429.055,45,1999,43,4,36.6
99068,Active,2125256,NA,NA,D,1,0,1135547.314,109,2007,16,28.74,33.77
99069,Active,112377,NA,NA,D,0,0,2911829.685,88.05,1995,24,4,67.85
99070,Active,2186379,NA,NA,D,0,0,1547960.183,109,2010,27,49.42,72.67
99071,Active,2608362,NA,NA,D,0,0,3929657.235,50,1998,16,4,72.67
99072,Active,2418367,NA,NA,D,1,0,5378196.6,74,2001,24,14,78.51
99073,Active,117817,NA,NA,D,1,0,2305812.921,80,2003,35,4,5.49
99074,Active,2613562,NA,NA,D,0,0,3635768.411,110,2005,16,4.3,101.86
99075,Active,623991,NA,NA,D,0,0,1744829.856,209,2005,26,85.49,127.1
99076,Active,2419518,NA,NA,D,0,0,2036031.891,110,2004,20,6.39,50.24
99077,Active,2646090,NA,NA,D,0,0,3384213.071,87.64,1987,19,4.62,114.93
99078,Active,1466082,NA,NA,D,1,0,2578557.885,99,2008,20,23.95,45.76
99079,Active,137766,NA,NA,D,1,0,820562.4913,41.95,2005,26,23.11,30.27
99080,Active,104247,NA,NA,D,8,1,8665460.968,191,1999,18,4.81,24.98
99081,Active,2566513,NA,NA,D,1,0,3074804.614,160,1976,20,4,68.71
99082,Active,576953,NA,NA,D,0,0,771284.1125,59.95,2007,23,8.65,20.25
99083,Active,2599407,NA,NA,D,0,0,6809187.079,99.99,1995,15,37.72,43.41
99084,Active,2612594,NA,NA,D,0,0,3330077.7,157,2005,20,4,169.41
99085,Active,2614111,NA,NA,D,0,0,4635962.579,99.99,2003,20,40.59,91.85
99086,Active,762334,NA,NA,D,0,0,13226761.05,45.5,2000,12,4.96,0
99087,Active,664335,NA,NA,D,8,1,36660.91125,120,2013,31,80.93,97.94
99088,Active,2580179,NA,NA,D,1,0,2715692.32,110,1996,24,4,61.37
99089,Active,768094,NA,NA,D,1,0,2240230.714,26.85,2010,20,8.1,13.89
99090,Active,1604140,NA,NA,D,1,0,490094.8763,25,2011,13,7.98,24.99
99091,Active,181152,NA,NA,D,2,1,1219919.073,84.2,1995,43,4,23.93
99092,Active,599132,NA,NA,D,4,1,2248552.221,22.64,2008,17,11.79,26.03
99093,Active,3791806,NA,NA,D,0,0,1810702.85,107,2003,38,77.78,77.79
99094,Active,2406577,NA,NA,D,2,1,2180108.008,51.95,1994,36,4,17.48
99095,Active,167688,NA,NA,D,1,0,882419.3738,68.07,2000,26,10.28,59.3
99096,Active,668741,NA,NA,D,2,1,1588442.845,129,2009,23,45.26,143.93
99097,Active,385356,NA,NA,D,1,0,512507.675,148.95,2009,26,29.89,96.73
99098,Active,895631,NA,NA,D,1,0,2094899.444,161.95,2009,22,20.79,109.64
99099,Active,225916,NA,NA,D,1,0,1356169.448,154.95,2004,19,6.24,81.02
99100,Active,906198,NA,NA,D,2,1,1817372.756,189,2001,23,31.97,109.29
99101,Active,710371,NA,NA,D,3,1,7249978.329,53.89,2000,22,5.47,48.74
99102,Active,2387975,NA,NA,D,0,0,3469299.636,67.6,1981,22,4,61.41
99103,Active,912897,NA,NA,D,0,0,4311205.488,33.95,1996,25,4,18.94
99104,Active,2204602,NA,NA,D,0,0,3399034.738,69.99,2010,13,23.74,36.98
99105,Active,903146,NA,NA,D,0,0,3146188.43,73.5,2001,33,22.43,7.98
99106,Active,1593795,NA,NA,D,1,0,2121246.021,211,2009,22,57.49,70.17
99107,Active,569493,NA,NA,D,1,0,2826134.264,249.95,1998,25,6.98,47.56
99108,Active,2502815,NA,NA,D,1,0,2951761.64,74.95,1993,20,77.38,139.35
99109,Active,908723,NA,NA,D,1,0,3196265.97,31.95,1994,17,6.39,28.99
99110,Active,113803,NA,NA,D,1,0,366530.7563,165.2,2001,28,12.05,54.29
99111,Active,813286,NA,NA,D,0,0,1523436.344,258.18,1970,17,38.25,202.96
99112,Active,2543425,NA,NA,D,2,1,2073744.33,41.95,2005,15,11.2,43.99
99113,Active,580681,NA,NA,D,3,1,3859306.393,35,2001,40,4.04,8.94
99114,Active,157460,NA,NA,D,2,1,1141207.545,43.95,2008,27,4,31.67
99115,Active,720432,NA,NA,D,1,0,2804118.685,39.95,2004,38,4,17.3
99116,Active,654800,NA,NA,D,0,0,380166.14,40,2007,39,24.64,39.99
99117,Active,1587745,NA,NA,D,2,1,2478686.908,52,2006,14,16.87,49.68
99118,Active,632199,NA,NA,D,1,0,2117748.249,85.95,1992,32,14.19,68.23
99119,Active,3016012,NA,NA,D,0,0,2490429.353,225.23,1994,23,17.11,58.99
99120,Active,1554318,NA,NA,D,0,0,1134104.986,47.95,2006,20,11.27,33.93
99121,Active,576124,NA,NA,D,0,0,2212574.366,88,2007,24,4.76,8.98
99122,Active,593141,NA,NA,D,1,0,1551154.473,155.95,2007,24,7.37,62.94
99123,Active,113996,NA,NA,D,0,0,1214414.491,106.8,2005,31,4,41.72
99124,Active,2571466,NA,NA,D,1,0,9598033.145,179,1991,13,4.59,112.53
99125,Active,738496,NA,NA,D,0,0,1405618.486,204,2012,34,15.98,0
99126,Active,139758,NA,NA,D,0,0,1909812.404,162,2005,24,78.63,122.07
99127,Active,910266,NA,NA,D,1,0,871299.0638,162.95,2008,20,10.28,56.31
99128,Active,2827604,NA,NA,D,1,0,2017548.119,49.75,2005,14,33.03,60.22
99129,Active,2178121,NA,NA,D,1,0,5293495.584,259,2007,13,62.98,85.38
99130,Active,607824,NA,NA,D,5,1,5930968.026,52.95,1997,21,4.47,18.98
99131,Active,2313871,NA,NA,D,0,0,4982148.685,36.58,1991,11,4.93,21.99
99132,Active,2575894,NA,NA,D,3,1,2242482.139,76.43,1980,19,6.39,73.98
99133,Active,871028,NA,NA,D,0,0,1964442.734,70.3,1983,44,4,40
99134,Active,101085,NA,NA,D,2,1,1788343.403,112.95,1996,55,4.35,0
99135,Active,2575896,NA,NA,D,2,1,4174955.541,69.56,1963,21,5.73,60.45
99136,Active,916582,NA,NA,D,7,1,331604.4513,96,2009,28,53.83,93.98
99137,Active,2860013,NA,NA,D,0,0,2044026.456,247.47,1982,14,5.57,138.52
99138,Active,110380,NA,NA,D,1,0,2047719.135,40.91,2006,21,4.73,44.99
99139,Active,1533954,NA,NA,D,0,0,990455.635,179,2008,34,18.38,103.59
99140,Active,2572456,NA,NA,D,3,1,1415656.004,130,1995,15,19.36,88.87
99141,Active,2573986,NA,NA,D,0,0,1795542.745,47.51,1960,47,4,33.99
99142,Active,276142,NA,NA,D,0,0,708643.4588,77,2002,32,7.19,43.87
99143,Active,192111,NA,NA,D,1,0,506995.56,548.31,2002,42,18.28,62.94
99144,Active,901084,NA,NA,D,1,0,2316212.435,130,2003,25,20.49,62.97
99145,Active,206336,NA,NA,D,1,0,1053448.635,41.95,2002,21,8.14,14.32
99146,Active,560412,NA,NA,D,2,1,2875519.765,26.5,2001,17,4.05,10.84
99147,Active,207739,NA,NA,D,7,1,1001177.39,48.4,2001,18,4.19,11.3
99148,Active,207735,NA,NA,D,5,1,3307361.173,49.57,2001,22,4.04,29
99149,Active,207798,NA,NA,D,10,1,1381561.006,44.17,2006,26,7.59,80.77
99150,Active,864701,NA,NA,D,19,1,10637.05875,120,2013,45,92.83,94.74
99151,Active,2570259,NA,NA,D,1,0,2537166.646,147.5,1996,20,8.85,23.87
99152,Active,3197254,NA,NA,D,0,0,650023.42,21.88,2009,33,22.91,21.72
99153,Active,2559822,NA,NA,D,1,0,2517207.413,270,1979,18,4,13.78
99154,Active,2833383,NA,NA,D,1,0,4742860.706,99.95,1997,15,21.3,90.1
99155,Active,895807,NA,NA,D,1,0,1315592.188,85,2010,15,4.9,59.83
99156,Active,909355,NA,NA,D,5,1,3152140.72,47,1995,26,4,13.84
99157,Active,891806,NA,NA,D,0,0,3528651.435,45,2006,13,4.38,33.99
99158,Active,774815,NA,NA,D,0,0,7476034.173,470,2002,12,40.89,254.54
99159,Active,2593570,NA,NA,D,1,0,5451101.73,97.5,1986,14,6.36,72.49
99160,Active,2795783,NA,NA,D,1,0,1600827.23,57,1976,25,4.37,61.5
99161,Active,2580462,NA,NA,D,1,0,3216574.051,195,1998,10,33.84,0
99162,Active,623210,NA,NA,D,1,0,1102932.106,134,1998,28,18.42,73.97
99163,Active,270410,NA,NA,D,3,1,826207.4513,46.89,2010,44,10.29,33.49
99164,Active,2387969,NA,NA,D,3,1,8385393.014,0,1993,15,4.19,0
99165,Active,2529783,NA,NA,D,1,0,2939146.95,45,1993,19,9.56,96.81
99166,Active,916706,NA,NA,D,0,0,2174488.013,49,2000,35,4.98,11.91
99167,Active,897025,NA,NA,D,0,0,3125402.75,14,2000,17,4.94,33.98
99168,Active,2136336,NA,NA,D,1,0,1029906.619,85,2006,48,11.7,49.89
99169,Active,1593712,NA,NA,D,1,0,2197726.773,99.99,2008,24,14.43,23.33
99170,Active,2599972,NA,NA,D,1,0,1615861.404,104.99,1993,15,19.47,27.67
99171,Active,1594015,NA,NA,D,1,0,6309428.195,99.99,2008,16,43.47,96.31
99172,Active,1478801,NA,NA,D,1,0,2832420.709,61,2011,13,28.11,52.82
99173,Active,3567855,NA,NA,D,0,0,1075737.7,71,1999,50,23.89,45.3
99174,Active,744490,NA,NA,D,1,0,3067238.149,47.95,2002,16,4,45.63
99175,Active,147905,NA,NA,D,1,0,4527899.731,74.95,2002,21,3.89,13.93
99176,Active,147927,NA,NA,D,1,0,1396458.653,48.95,2007,19,4.64,30.89
99177,Active,2784880,NA,NA,D,0,0,650575.68,75,1985,28,13.64,80.69
99178,Active,643379,NA,NA,D,0,0,1972758.824,289,1998,21,16.77,73.49
99179,Active,909285,NA,NA,D,0,0,1268247.519,53.56,2010,26,11.64,54.69
99180,Active,624260,NA,NA,D,2,1,927578.6538,34.95,2000,41,4,12.94
99181,Active,919160,NA,NA,D,3,1,592080.6588,49.95,2005,53,4,15.87
99182,Active,2674975,NA,NA,D,1,0,2198534.201,164.06,1963,15,8,117.21
99183,Active,3083680,NA,NA,D,0,0,2153033.319,209,2002,18,11.35,37.02
99184,Active,1470378,NA,NA,D,1,0,765896.69,55,2011,28,38.05,46.2
99185,Active,879636,NA,NA,D,6,1,42829.685,125,2014,26,87.64,88.64
99186,Active,2892085,NA,NA,D,1,0,2475367.516,115,1998,30,4,8.04
99187,Active,53119,NA,NA,D,6,1,27772.62,47.33,2007,161,6.93,37.41
99188,Active,2363168,NA,NA,D,1,0,4095508.625,146,2005,14,29.89,52.87
99189,Active,831506,NA,NA,D,0,0,885953.2725,74.95,1997,37,18.14,117.17
99190,Active,895887,NA,NA,D,1,0,2914425.443,235,2001,15,34.34,56.27
99191,Active,666743,NA,NA,D,1,0,2845303.879,199,2008,16,31.59,165.81
99192,Active,501709,NA,NA,D,2,1,1105849.315,189.95,2010,21,52.39,0
99193,Active,2604758,NA,NA,D,1,0,4148300.899,155,1999,18,5.27,63.66
99194,Active,3148449,NA,NA,D,2,1,1270685.488,80,2003,17,6.23,23.99
99195,Active,647812,NA,NA,D,0,0,2610633.823,79.99,2008,22,31.49,31.61
99196,Active,2615251,NA,NA,D,0,0,2892681.989,131,2005,19,7.79,84.86
99197,Active,2559219,NA,NA,D,1,0,3473600.346,64.95,1977,22,4.99,60.01
99198,Active,827861,NA,NA,D,0,0,8219522.748,44.95,1990,14,5.85,43.1
99199,Active,2231473,NA,NA,D,0,0,5838.06,19.95,2008,19,14.37,20.98
99200,Active,534043,NA,NA,D,1,0,630037.6763,179.95,1992,44,4,40.63
99201,Active,2545235,NA,NA,D,0,0,5421811.328,46.95,1991,17,4,52.33
99202,Active,3925293,NA,NA,D,1,0,2294558.15,65,2004,46,18.64,28.99
99203,Active,906104,NA,NA,D,0,0,1824360.36,104.95,2000,21,6.47,53.99
99204,Active,2775769,NA,NA,D,1,0,418574.2038,36.5,2002,46,5.43,6.11
99205,Active,870105,NA,NA,D,2,1,1435715.9,21.99,2003,24,12.13,33.98
99206,Active,705168,NA,NA,D,9,1,2945777.645,179.69,2005,26,4.99,48.24
99207,Active,553239,NA,NA,D,1,0,2398511.219,251.87,2011,19,14.31,0
99208,Active,286279,NA,NA,D,1,0,1318686.213,159.4,2011,14,20.87,117.94
99209,Active,2535860,NA,NA,D,0,0,1963120.068,150,2001,14,43.99,106.77
99210,Active,1612154,NA,NA,D,0,0,5575812.784,120,2006,12,11.14,58.63
99211,Active,3743360,NA,NA,D,1,0,928263.55,39.99,2010,32,4,7.06
99212,Active,2162445,NA,NA,D,1,0,655868.3313,44.99,2011,27,12.18,26.78
99213,Active,1539803,NA,NA,D,0,0,9937567.43,168,2007,6,10.07,126.26
99214,Active,3600485,NA,NA,D,0,0,1870289.5,74.95,2010,39,21.19,52.63
99215,Active,2646253,NA,NA,D,0,0,8871257.1,22.95,1991,8,12.51,0
99216,Active,912002,NA,NA,D,1,0,1961853.615,89.95,1978,24,6.74,75.63
99217,Active,910354,NA,NA,D,0,0,1332062.419,129,2003,19,42.76,99.55
99218,Active,2578122,NA,NA,D,1,0,2073994.718,180,1986,25,28.82,114.12
99219,Active,3152584,NA,NA,D,3,1,4498582.571,29.95,1997,13,23.93,76.63
99220,Active,3513088,NA,NA,D,0,0,4721778.3,94,1999,16,22.99,12.14
99221,Active,152686,NA,NA,D,0,0,800979.0738,99,2002,17,43.99,0
99222,Active,1577718,NA,NA,D,0,0,1355098.759,54.99,2007,14,49.38,54.69
99223,Active,2594186,NA,NA,D,1,0,2640296.641,25.99,1986,26,4.97,67.91
99224,Active,2609431,NA,NA,D,0,0,1654114.938,134.99,1999,23,11.59,51.34
99225,Active,883694,NA,NA,D,3,1,7263282.691,98.95,2004,14,6.98,29.95
99226,Active,201697,NA,NA,D,3,1,2775278.053,32.95,2005,27,4,47.61
99227,Active,137199,NA,NA,D,0,0,871712.1163,38,2007,29,13.89,20.77
99228,Active,2419227,NA,NA,D,1,0,1366965.401,99,2003,14,30.88,104.47
99229,Active,620546,NA,NA,D,0,0,2918162.7,36.95,1997,23,4,0
99230,Active,614253,NA,NA,D,0,0,628496.6238,29.95,2001,56,4,15.99
99231,Active,556427,NA,NA,D,1,0,1287805.358,47.95,2011,11,21.98,21.97
99232,Active,624821,NA,NA,D,1,0,2663344.053,110,1998,30,6.01,32.99
99233,Active,628047,NA,NA,D,1,0,490245.83,55,2000,26,4,46.88
99234,Active,2595453,NA,NA,D,0,0,5432103.921,79.95,1989,19,5.46,110.89
99235,Active,2703307,NA,NA,D,2,1,10358440.02,36.66,2003,12,4.04,19.99
99236,Active,904455,NA,NA,D,0,0,1085153.429,35,2007,21,21.27,27.99
99237,Active,189752,NA,NA,D,0,0,1023083,46,2005,21,5.87,24.59
99238,Active,2649942,NA,NA,D,4,1,3395811.028,374.95,2003,19,45.68,182.36
99239,Active,748996,NA,NA,D,1,0,1397822.475,90,2007,21,4,36.99
99240,Active,2910724,NA,NA,D,0,0,3254336.95,355.36,2004,10,88.56,941.33
99241,Active,3468099,NA,NA,D,4,1,6654012.45,37.19,2001,17,6.48,6.98
99242,Active,889042,NA,NA,D,6,1,788573.27,152.13,2014,15,14.82,136.92
99243,Active,914765,NA,NA,D,5,1,4749128.183,25.74,2011,19,3.99,5.92
99244,Active,907232,NA,NA,D,1,0,2029029.756,72.95,2003,28,4.06,49.56
99245,Active,743650,NA,NA,D,1,0,3022168.566,39.95,2005,26,5.51,23.99
99246,Active,614900,NA,NA,D,1,0,3375023.355,84.95,2004,29,5.29,7.54
99247,Active,650887,NA,NA,D,0,0,711876.2475,51.95,1996,8,22.33,0
99248,Active,218541,NA,NA,D,5,1,650532.4725,34.95,1998,102,4,12.64
99249,Active,61180,NA,NA,D,2,1,2588697.624,85,2001,42,5.18,28.29
99250,Active,743462,NA,NA,D,5,1,2807983.839,39.95,2003,26,4,6.44
99251,Active,147654,NA,NA,D,12,1,2003739.213,108,2011,8,78.07,88.98
99252,Active,1518210,NA,NA,D,9,1,5731482.835,273.42,2009,7,115.8,73.98
99253,Active,743449,NA,NA,D,1,0,4688823.821,34.95,2003,15,6.62,23.98
99254,Active,1667398,NA,NA,D,0,0,1526508.12,80,2012,19,19.93,68.26
99255,Active,214776,NA,NA,D,0,0,78124.69,31.95,2004,61,5.38,20.49
99256,Active,2560593,NA,NA,D,6,1,3250744.5,92.41,1968,19,3.99,70.63
99257,Active,2388278,NA,NA,D,6,1,4118178.165,53.03,1985,20,4,48.17
99258,Active,135559,NA,NA,D,1,0,634370.4875,49.95,2004,33,4.75,38.69
99259,Active,904245,NA,NA,D,1,0,1518654.93,79,2004,21,19.59,44.49
99260,Active,2597827,NA,NA,D,1,0,2320984.685,199.99,1992,19,53.98,186.74
99261,Active,2606978,NA,NA,D,0,0,3283659.208,140,1998,21,29.99,91.94
99262,Active,2343317,NA,NA,D,6,1,1689378.1,94.75,1996,22,7.93,54.99
99263,Active,3100769,NA,NA,D,1,0,440043.4825,74.95,2004,16,10.02,77.13
99264,Active,268480,NA,NA,D,1,0,243619.3188,55,2007,41,6.99,0
99265,Active,2874336,NA,NA,D,2,1,8416914.099,76.95,1972,17,6.93,46.98
99266,Active,2874345,NA,NA,D,4,1,1120217.511,57.13,1996,14,21.12,154.77
99267,Active,202483,NA,NA,D,1,0,480577.0938,10.88,2003,34,4.86,41.99
99268,Active,893043,NA,NA,D,0,0,698792.92,602.99,1994,27,98.93,336.79
99269,Active,623287,NA,NA,D,1,0,546202.12,78,2008,13,13.53,30.99
99270,Active,3633827,NA,NA,D,1,0,776592.95,86.95,2015,43,35.02,60.65
99271,Active,2611866,NA,NA,D,1,0,3593362.799,209.99,2001,19,22.41,124.47
99272,Active,2608423,NA,NA,D,0,0,1879548.583,124.99,1999,34,8.08,34.75
99273,Active,2388336,NA,NA,D,1,0,1197428.349,99.35,1969,25,7.99,72.04
99274,Active,2388358,NA,NA,D,0,0,1738802.495,262.51,1971,23,7.95,181.83
99275,Active,2388362,NA,NA,D,0,0,1097317.926,108.65,1970,17,4.13,95.51
99276,Active,2551020,NA,NA,D,1,0,1961985.201,160,1997,20,22.74,204.66
99277,Active,668645,NA,NA,D,0,0,3069060.713,140,2004,15,22.42,92.98
99278,Active,2469610,NA,NA,D,0,0,3061334.19,105,1998,15,4,49.37
99279,Active,284999,NA,NA,D,5,1,1324172.823,125,2005,24,35.17,128.93
99280,Active,1477202,NA,NA,D,1,0,2116467.65,59,2013,11,20.79,20.79
99281,Active,2505906,NA,NA,D,1,0,889419.9938,29.95,1993,22,8.19,70.97
99282,Active,2602695,NA,NA,D,0,0,3705610.504,125,1997,20,18.26,118.72
99283,Active,2434904,NA,NA,D,1,0,5292845.303,67.95,2001,26,5.32,24.95
99284,Active,161468,NA,NA,D,0,0,2528398.351,110,2005,19,10.48,68.69
99285,Active,863309,NA,NA,D,2,1,2756762.7,218.99,2005,23,6.32,20.99
99286,Active,2335778,NA,NA,D,1,0,2203154.736,48,1995,21,4.02,430.24
99287,Active,2607701,NA,NA,D,1,0,4382434.171,74.99,2005,25,13.99,20.99
99288,Active,2750426,NA,NA,D,0,0,6092736.995,250,1994,14,27.99,235.12
99289,Active,266290,NA,NA,D,1,0,2730354.801,42.95,2002,11,21.98,65.99
99290,Active,574564,NA,NA,D,1,0,2718048.31,74.95,1999,19,6.2,94.69
99291,Active,659810,NA,NA,D,1,0,2717214.691,96,2006,15,19.94,86.18
99292,Active,280310,NA,NA,D,0,0,2218908.906,129,2004,18,76.11,72.85
99293,Active,900754,NA,NA,D,1,0,953256.01,45,2012,20,23.98,31.3
99294,Active,913926,NA,NA,D,1,0,1405976.393,44.99,2009,40,4,18.98
99295,Active,3524511,NA,NA,D,1,0,7822334.15,267,1989,5,6.34,0
99296,Active,142600,NA,NA,D,0,0,1249890.783,113,2002,32,12.33,44.74
99297,Active,643312,NA,NA,D,2,1,615627.3713,72,2005,30,4,0
99298,Active,615684,NA,NA,D,1,0,1691822.921,78.8,2001,35,4,21.86
99299,Active,2502262,NA,NA,D,0,0,750470.2763,99,1995,29,73.14,74.07
99300,Active,901806,NA,NA,D,0,0,4242918.759,34,1998,14,5.17,10.83
99301,Active,269374,NA,NA,D,0,0,1064156.293,89.95,2005,15,28.16,209.81
99302,Active,650109,NA,NA,D,1,0,1293682.538,49.95,2010,19,36.96,37.99
99303,Active,916692,NA,NA,D,1,0,1472860.608,87.4,1996,27,4,11.99
99304,Active,349808,NA,NA,D,1,0,3510394.373,72.95,2005,24,4.77,6.98
99305,Active,2612016,NA,NA,D,1,0,3956252.59,115.99,2001,12,9.66,42.43
99306,Active,868335,NA,NA,D,0,0,1204958,36.99,2001,37,4,13.95
99307,Active,205700,NA,NA,D,1,0,1585768.571,62,2000,46,4,13.74
99308,Active,2602156,NA,NA,D,2,1,3277120.024,36.99,1996,23,4,16.97
99309,Active,2424801,NA,NA,D,0,0,5144626.658,74.55,1992,19,5.35,51.49
99310,Active,2648869,NA,NA,D,0,0,7700389.31,140.95,1999,16,24.87,95.54
99311,Active,1592194,NA,NA,D,1,0,4218776.68,139.99,2006,17,36.74,75.27
99312,Active,3117890,NA,NA,D,0,0,1968215.3,189,2005,26,16.54,70.55
99313,Active,3150857,NA,NA,D,0,0,1382641.889,119,2004,18,44.43,85.71
99314,Active,643803,NA,NA,D,0,0,2397733.504,209,2000,17,121.11,71.85
99315,Active,3599186,NA,NA,D,1,0,1533372.85,149.95,1997,29,53.34,74.15
99316,Active,2501632,NA,NA,D,0,0,2717101.951,115,2003,22,67.75,68.33
99317,Active,149562,NA,NA,D,2,1,4224968.56,25.95,2001,14,4.64,13.94
99318,Active,2576017,NA,NA,D,1,0,1585090.981,222.95,1987,17,28.98,113
99319,Active,2561730,NA,NA,D,0,0,2607305.893,160,1987,13,78.99,288.1
99320,Active,131414,NA,NA,D,1,0,503291.5075,191,2005,45,16.52,73.99
99321,Active,2502217,NA,NA,D,0,0,746496.265,229,1996,27,53.96,139.57
99322,Active,563099,NA,NA,D,0,0,2131655.75,59.99,2008,16,39.58,44.18
99323,Active,1533848,NA,NA,D,0,0,1999343.46,159,2007,24,53.97,55.34
99324,Active,618862,NA,NA,D,1,0,433559.7813,103.95,1997,33,8.67,31.25
99325,Active,666359,NA,NA,D,3,1,2523321.966,139.95,2004,13,91.94,93.49
99326,Active,3462466,NA,NA,D,0,0,2631501.85,48.39,1900,21,5.17,30.99
99327,Active,1633544,NA,NA,D,0,0,1840426.09,199.95,2008,19,14.31,64.97
99328,Active,3141089,NA,NA,D,4,1,1572454.65,51.23,2004,16,11.46,41.94
99329,Active,776142,NA,NA,D,0,0,3425587.065,89.95,2007,15,4.49,64.74
99330,Active,776143,NA,NA,D,0,0,2511605.84,49.95,2007,21,4.98,46.57
99331,Active,3529581,NA,NA,D,2,1,1402576.75,62,2006,20,8.46,68.01
99332,Active,533905,NA,NA,D,6,1,78723.54,288.95,2007,91,7.18,48.39
99333,Active,2319198,NA,NA,D,0,0,2264852.654,78.95,1980,21,4.13,68.41
99334,Active,2577654,NA,NA,D,1,0,1040207.598,215,1984,13,6.38,73.71
99335,Active,641763,NA,NA,D,3,1,488153.7538,71.95,2004,31,48.74,0
99336,Active,2759433,NA,NA,D,1,0,3555952.738,170,2004,20,4.24,105.91
99337,Active,374041,NA,NA,D,2,1,2636417.521,139.95,1995,14,4.35,226.33
99338,Active,2143568,NA,NA,D,0,0,323035.9213,57.5,2013,57,6.73,31.99
99339,Active,276599,NA,NA,D,0,0,2070286.148,49.5,2003,40,3.99,28.99
99340,Active,915472,NA,NA,D,1,0,784438.6463,74,1996,27,4,23.99
99341,Active,648585,NA,NA,D,3,1,2513080.526,379,2006,17,93.89,150
99342,Active,635393,NA,NA,D,1,0,704855.7538,97.99,2000,24,40.14,73.93
99343,Active,654623,NA,NA,D,0,0,1139014.011,279,2010,17,168.99,178.08
99344,Active,632771,NA,NA,D,1,0,534169.9675,159,1997,23,6.57,38.74
99345,Active,743624,NA,NA,D,1,0,1687733.548,85,2005,20,44.03,68.98
99346,Active,632920,NA,NA,D,3,1,1516862.414,101.95,2009,15,53.94,80.99
99347,Active,909682,NA,NA,D,0,0,3335917.27,69.95,2002,25,4.79,38.97
99348,Active,106301,NA,NA,D,1,0,269023.6063,98,2006,36,10.63,97.96
99349,Active,667812,NA,NA,D,1,0,2229101.546,419,2008,19,103.91,301.46
99350,Active,1840414,NA,NA,D,1,0,5989712.891,120,2010,17,17.35,73.83
99351,Active,2528546,NA,NA,D,1,0,1800313.631,145,1994,26,7.58,72.35
99352,Active,1546250,NA,NA,D,1,0,3931504.856,140,2009,7,38.89,40.48
99353,Active,2820178,NA,NA,D,1,0,3790597.441,29.95,1988,19,9.43,25.95
99354,Active,2776320,NA,NA,D,0,0,2604024.964,25,1991,23,13.53,58.29
99355,Active,197780,NA,NA,D,4,1,9111555.9,91.05,1900,13,28.93,0
99356,Active,616671,NA,NA,D,5,1,3798895.428,95.49,2008,18,5.25,103.31
99357,Active,723697,NA,NA,D,0,0,1723155.995,56,2008,29,24.7,85.39
99358,Active,507895,NA,NA,D,0,0,8085471.92,87.43,2005,19,4.68,17.87
99359,Active,158201,NA,NA,D,0,0,509901.8188,77.95,2004,45,4.98,53.99
99360,Active,2593536,NA,NA,D,0,0,5523181.8,59.95,1987,15,13.98,142.45
99361,Active,275669,NA,NA,D,1,0,715058.6788,55,2005,43,7.91,112.73
99362,Active,127520,NA,NA,D,1,0,293359.6438,39.95,2009,30,7.94,26.63
99363,Active,724118,NA,NA,D,1,0,227588.45,39.95,2009,29,18.48,33.91
99364,Active,1588906,NA,NA,D,1,0,2279321.156,89.99,2008,25,10.88,16.5
99365,Active,2670173,NA,NA,D,5,1,7365257.975,71,1993,19,4,43.61
99366,Active,890232,NA,NA,D,1,0,1131767.334,127.95,2009,14,11.91,31.19
99367,Active,2302820,NA,NA,D,0,0,1702627.23,108.5,1993,48,4.12,7.48
99368,Active,719286,NA,NA,D,1,0,601728.4975,94,2007,28,27.72,34.88
99369,Active,3582939,NA,NA,D,0,0,4282302.55,58,2006,27,7.67,33.94
99370,Active,2309483,NA,NA,D,5,1,477416.9975,150,1994,24,4.84,54.91
99371,Active,884419,NA,NA,D,1,0,1722798.02,69.95,2007,16,57.99,58.94
99372,Active,2524329,NA,NA,D,1,0,2900384.758,29.95,2005,15,5.04,33.64
99373,Active,913419,NA,NA,D,1,0,1213136.876,45,1990,35,4,45.63
99374,Active,1656755,NA,NA,D,0,0,5917890.2,92,2006,6,29.75,675
99375,Active,622920,NA,NA,D,1,0,249528.76,182.23,1995,25,14.29,148.35
99376,Active,515236,NA,NA,D,2,1,3140513.856,35.95,1996,49,4,10.54
99377,Active,2309235,NA,NA,D,1,0,5292621.88,32,1987,17,4.76,43.99
99378,Active,2538987,NA,NA,D,1,0,2727668.016,39.95,2003,25,4,23.91
99379,Active,2590838,NA,NA,D,1,0,4753723.48,78.99,1982,21,9.53,60.41
99380,Active,663636,NA,NA,D,1,0,1420299.171,100,2013,42,28.98,45.97
99381,Active,872052,NA,NA,D,1,0,305572.9425,93.8,2014,26,16.19,47.68
99382,Active,591814,NA,NA,D,0,0,452095.7913,24.95,2004,21,8.55,24.95
99383,Active,901288,NA,NA,D,2,1,2677916.993,160,1996,21,21.49,208.46
99384,Active,1884909,NA,NA,D,0,0,7638794.285,163.3,2010,2,5.26,0
99385,Active,904765,NA,NA,D,0,0,2177851.298,190.36,2009,34,55.45,147.58
99386,Active,223828,NA,NA,D,2,1,1621687.781,119.3,2001,18,47.53,140.49
99387,Active,911293,NA,NA,D,1,0,963282.4175,95,1993,21,5.25,39.35
99388,Active,660026,NA,NA,D,1,0,899557.1088,68.99,2011,17,7.74,10.91
99389,Active,2267109,NA,NA,D,0,0,6577228.229,49.99,2010,15,7.02,17.13
99390,Active,2703945,NA,NA,D,2,1,2423919,46.77,1900,13,11.51,59.41
99391,Active,1559685,NA,NA,D,0,0,2364426.48,150,2006,10,39,60.23
99392,Active,3616042,NA,NA,D,1,0,5032886.6,99,1992,16,9.93,102.99
99393,Active,635776,NA,NA,D,1,0,922472.2188,82,1992,18,7.97,28.62
99394,Active,2576355,NA,NA,D,1,0,4095785.611,125,1988,27,4.98,46.81
99395,Active,762766,NA,NA,D,1,0,2094166.599,120,1998,21,4.15,69.38
99396,Active,2885213,NA,NA,D,0,0,1228345.659,29.95,2005,39,24.69,72.42
99397,Active,1564126,NA,NA,D,0,0,451418.9513,46.69,2007,27,8,31.76
99398,Active,749397,NA,NA,D,1,0,2188588.745,99.95,2007,12,20.98,47.94
99399,Active,439521,NA,NA,D,0,0,2014846.773,209,2008,23,135.04,157.78
99400,Active,2501707,NA,NA,D,2,1,3894868.516,199,2004,22,113.94,141.57
99401,Active,2176724,NA,NA,D,1,0,2673955.508,130,2008,13,60.29,138.52
99402,Active,280140,NA,NA,D,1,0,4275742.621,70,2004,13,18.2,46.49
99403,Active,527794,NA,NA,D,2,1,1838589.829,87,2006,24,4,63.98
99404,Active,1867182,NA,NA,D,1,0,4277309.294,57.95,2008,13,5.58,63.44
99405,Active,2631571,NA,NA,D,1,0,1877170.598,38.95,2003,28,4,23.49
99406,Active,671417,NA,NA,D,0,0,3202880.853,259,2010,11,103.98,258.57
99407,Active,920609,NA,NA,D,0,0,802612.7375,39.99,1984,60,6.12,18.84
99408,Active,2526267,NA,NA,D,1,0,7452228.913,32.95,1989,29,4.13,45.29
99409,Active,891640,NA,NA,D,0,0,5864011.666,151,2004,11,22.45,67.75
99410,Active,793059,NA,NA,D,1,0,1558909.536,105.95,2002,23,11.49,92.97
99411,Active,2723392,NA,NA,D,0,0,2040302.839,40.95,2000,16,23.03,84.02
99412,Active,1470107,NA,NA,D,1,0,3140107.513,69,2010,15,31.83,35
99413,Active,3499057,NA,NA,D,0,0,3543878.95,79.99,2000,30,41.98,43.92
99414,Active,644917,NA,NA,D,5,1,3509748.616,37.4,2009,19,4.89,23.74
99415,Active,644070,NA,NA,D,0,0,431698.4988,59.95,2007,25,5.84,45.17
99416,Active,2016505,NA,NA,D,38,1,1588009.836,63,2013,14,4,54.19
99417,Active,2016514,NA,NA,D,0,0,874315.525,78,2014,16,10.08,71.25
99418,Active,1469344,NA,NA,D,0,0,4191165.143,130,2011,16,30.01,33.12
99419,Active,904469,NA,NA,D,0,0,2194247.85,42.95,2003,22,4,7.45
99420,Active,230962,NA,NA,D,12,1,82978.1425,180,2010,38,100.99,177.69
99421,Active,885310,NA,NA,D,9,1,882157.5988,223.96,2010,14,32.31,80.26
99422,Active,886518,NA,NA,D,1,0,5949895.961,27.95,2012,12,6.99,13.39
99423,Active,2016479,NA,NA,D,0,0,1584875.4,63.75,2010,14,5.98,31.92
99424,Active,2016454,NA,NA,D,0,0,3450983.303,63.25,2008,12,19.25,64.51
99425,Active,1469277,NA,NA,D,1,0,2226145.234,61,2008,22,13.98,53.93
99426,Active,618248,NA,NA,D,5,1,322244.1338,221,2011,74,6.47,91.8
99427,Active,2613746,NA,NA,D,1,0,5067265.881,110,2002,17,35.74,78.04
99428,Active,868337,NA,NA,D,1,0,851455.635,52.95,1981,45,3.99,11.39
99429,Active,645889,NA,NA,D,0,0,997193.8113,37.95,1991,17,14.94,31.24
99430,Active,1479170,NA,NA,D,1,0,2775045.944,82,2011,13,18.99,29.95
99431,Active,1493157,NA,NA,D,0,0,1371852.796,50,2007,27,4.77,46.89
99432,Active,2406336,NA,NA,D,1,0,877277.24,145,1992,20,24,90.77
99433,Active,887962,NA,NA,D,1,0,7848630.415,123,2003,14,29.69,129.82
99434,Active,661277,NA,NA,D,2,1,2454419.795,144,2009,14,65.2,65.17
99435,Active,911452,NA,NA,D,0,0,2108846.938,52.5,1990,20,8.95,23.97
99436,Active,721695,NA,NA,D,1,0,1431597.903,41.95,2005,37,6.95,38.81
99437,Active,2613111,NA,NA,D,1,0,870817.6038,119.99,2001,13,27.78,44.34
99438,Active,789062,NA,NA,D,1,0,2520804.253,39.95,2002,34,4,8.48
99439,Active,2906340,NA,NA,D,5,1,4001475.2,92,2003,13,7.22,73.45
99440,Active,299709,NA,NA,D,0,0,857575.415,49.95,2005,26,4,43.99
99441,Active,1591750,NA,NA,D,0,0,5615647.564,88.99,2006,15,12.46,74.34
99442,Active,265886,NA,NA,D,0,0,380136.7675,130,2004,24,59.13,238.98
99443,Active,288457,NA,NA,D,1,0,1002843.049,78,2002,25,7.29,21.99
99444,Active,1469491,NA,NA,D,0,0,3437444.925,80,2009,20,21.69,28.99
99445,Active,2432675,NA,NA,D,1,0,2112065.924,46,2005,30,24.99,33.3
99446,Active,2935757,NA,NA,D,0,0,2415615.706,259,2003,17,98.14,174.02
99447,Active,2776916,NA,NA,D,0,0,1820421.284,24.95,1970,23,8.97,77.49
99448,Active,1592051,NA,NA,D,0,0,2664815.574,110,2010,18,6.91,36.99
99449,Active,909468,NA,NA,D,1,0,2298063.545,120,2001,15,16.49,82.2
99450,Active,2388498,NA,NA,D,1,0,553391.0338,53.92,1980,32,13.72,53.89
99451,Active,1473431,NA,NA,D,1,0,3719947.471,89,2010,11,33.98,88.95
99452,Active,2614470,NA,NA,D,1,0,877380.7938,89.99,2003,39,8.38,11.19
99453,Active,2595890,NA,NA,D,1,0,1381194.099,189.99,2001,18,43.09,99.7
99454,Active,2614304,NA,NA,D,0,0,1016437.546,54.99,2003,57,9.99,23.04
99455,Active,3039807,NA,NA,D,0,0,1422301.951,73.99,2004,14,4.9,72.95
99456,Active,615109,NA,NA,D,3,1,460232.56,39.99,2010,65,8.97,26.98
99457,Active,3039805,NA,NA,D,11,1,1855546.648,39,2004,29,4,44.73
99458,Active,1865847,NA,NA,D,0,0,608280.4313,24,2007,31,12.37,123.01
99459,Active,266325,NA,NA,D,1,0,2271386.17,69.95,2006,18,13.71,39.85
99460,Active,1933188,NA,NA,D,4,1,4215050.685,104.95,2011,16,49.99,16453.35
99461,Active,3594739,NA,NA,D,2,1,734667.65,53.95,1981,57,16.47,30.88
99462,Active,158096,NA,NA,D,1,0,773685.0838,48.95,2006,13,8.98,30.2
99463,Active,641837,NA,NA,D,1,0,728693.6675,78,2000,29,9.36,24.99
99464,Active,898295,NA,NA,D,0,0,7374552.193,50.5,2002,15,3.75,6.48
99465,Active,896066,NA,NA,D,0,0,3436090,131,2002,17,9.27,118.38
99466,Active,573078,NA,NA,D,0,0,692434.095,60,2003,20,23.99,63.24
99467,Active,1545051,NA,NA,D,1,0,1839866.04,54.95,2007,13,41.91,43.57
99468,Active,738036,NA,NA,D,0,0,2083896.198,41,1997,23,4.25,23.75
99469,Active,2275428,NA,NA,D,0,0,1665627.45,104.87,2010,16,0,0
99470,Active,2246225,NA,NA,D,1,0,2707263.059,58,2011,18,41.19,48.09
99471,Active,2117055,NA,NA,D,1,0,1047692.34,80,2006,22,15.07,51.09
99472,Active,2653785,NA,NA,D,1,0,1895191.583,75,1998,28,4.16,65.07
99473,Active,195012,NA,NA,D,2,1,1281878.698,92,2007,20,4.48,46.55
99474,Active,195013,NA,NA,D,2,1,326986.825,39.95,2006,42,4,29.35
99475,Active,2617954,NA,NA,D,1,0,3029559.348,28.95,1990,31,4,16
99476,Active,267100,NA,NA,D,0,0,1491437.609,47.95,2003,24,17.47,53.94
99477,Active,192164,NA,NA,D,0,0,885595.755,69.99,2005,25,16.96,22.85
99478,Active,2611903,NA,NA,D,1,0,2882489.096,265,2005,15,33.59,73.98
99479,Active,907328,NA,NA,D,1,0,2592306.3,65,2000,23,4.7,77.05
99480,Active,3822290,NA,NA,D,2,1,3183739.2,39.95,2000,10,4,0
99481,Active,147186,NA,NA,D,8,1,2114325.304,279,2005,16,8.24,11.81
99482,Active,1857426,NA,NA,D,1,0,2990458.18,97.95,2008,12,42.41,54.17
99483,Active,2612488,NA,NA,D,4,1,3365038.318,384,2003,17,5.98,52.91
99484,Active,3077996,NA,NA,D,3,1,4516143.953,109.95,2003,8,43.75,109.95
99485,Active,534244,NA,NA,D,1,0,1398961.126,68,2005,29,4,25.9
99486,Active,3022354,NA,NA,D,1,0,1435170.835,39.95,1999,23,4,18.49
99487,Active,1562788,NA,NA,D,1,0,2171292.624,61.95,2007,21,4.77,63.19
99488,Active,628615,NA,NA,D,0,0,1802371.006,49.95,2004,30,4.26,0
99489,Active,2054286,NA,NA,D,27,1,1256378.808,39.95,2006,16,31.33,87.1
99490,Active,639275,NA,NA,D,0,0,879009.135,66,2009,16,13.97,0
99491,Active,237048,NA,NA,D,1,0,785209.675,60.95,2002,36,4.99,23.96
99492,Active,624394,NA,NA,D,1,0,1252777.091,64.95,2008,28,4.56,33.89
99493,Active,651747,NA,NA,D,1,0,1841236.573,99.95,2004,22,9.33,18.94
99494,Active,277983,NA,NA,D,1,0,1095073.201,59.95,2006,24,17.56,43.99
99495,Active,545255,NA,NA,D,1,0,1640192.674,99.95,2011,21,23.7,33.94
99496,Active,619738,NA,NA,D,1,0,1697842.839,99.95,2003,35,6.42,23.98
99497,Active,653998,NA,NA,D,1,0,2950974.03,55,2002,19,5.83,51.23
99498,Active,636973,NA,NA,D,1,0,791619.2875,84.95,2003,22,4.66,35.98
99499,Active,911250,NA,NA,D,2,1,3441373.32,78.95,2003,23,3.98,12.68
99500,Active,2559238,NA,NA,D,1,0,1160231.625,202,1995,15,6.39,64.31
99501,Active,421705,NA,NA,D,0,0,1462487.046,139.2,2005,38,4,18.96
99502,Active,574833,NA,NA,D,2,1,2487992.8,45,2000,35,4,6.94
99503,Active,899310,NA,NA,D,1,0,1221861.346,75,2007,21,10.76,48.99
99504,Active,106961,NA,NA,D,1,0,1248088.264,70,2003,39,4,22.98
99505,Active,784032,NA,NA,D,1,0,1711798.869,39.99,2005,25,4,10.93
99506,Active,527753,NA,NA,D,4,1,383609.3038,39.99,2010,64,4.13,10.98
99507,Active,766717,NA,NA,D,1,0,9590521.708,131.95,1999,12,4.03,21.99
99508,Active,599125,NA,NA,D,0,0,634885.43,86,2005,44,5.23,8.98
99509,Active,689713,NA,NA,D,2,1,809775.9375,32,2011,14,7.97,31.78
99510,Active,2605803,NA,NA,D,1,0,4133684.383,205,1999,20,46.54,81.61
99511,Active,2600221,NA,NA,D,1,0,2308987.654,240,1996,16,19.89,19.37
99512,Active,2178754,NA,NA,D,0,0,2450503.489,89.95,2008,20,33.94,30.3
99513,Active,2229856,NA,NA,D,0,0,2030462.695,55,2010,9,41.39,50
99514,Active,895987,NA,NA,D,0,0,4159998.543,85.95,2001,19,12.29,51
99515,Active,877504,NA,NA,D,1,0,968213.7063,128.99,2002,27,17.18,78.99
99516,Active,3062666,NA,NA,D,1,0,1854223.496,67,2000,32,10.45,40.93
99517,Active,551523,NA,NA,D,1,0,1250778.755,81.95,2008,22,17.12,68.97
99518,Active,721671,NA,NA,D,1,0,3688648.451,89.95,2006,12,28.93,98.74
99519,Active,2406743,NA,NA,D,0,0,4722279.349,210,1995,18,8.04,66.41
99520,Active,2599616,NA,NA,D,1,0,3627188.134,250,1996,15,24.98,96.9
99521,Active,2699347,NA,NA,D,1,0,9124506.175,108,1993,13,5.18,170.98
99522,Active,881855,NA,NA,D,0,0,2617772.755,0,1977,10,7.18,0
99523,Active,631109,NA,NA,D,1,0,906642.1825,92.95,2003,36,4,46.28
99524,Active,2680568,NA,NA,D,5,1,2994688.984,875,2003,11,122.99,702.99
99525,Active,3559671,NA,NA,D,1,0,7182333.95,139,1996,28,4.58,43.98
99526,Active,904864,NA,NA,D,2,1,3613775.375,57.95,2005,15,5.87,72.75
99527,Active,700066,NA,NA,D,1,0,1690399.479,69.95,2004,18,7.94,58.19
99528,Active,789189,NA,NA,D,2,1,3952517.534,49.95,2002,22,4,28.98
99529,Active,527743,NA,NA,D,6,1,817759.8563,519,2012,9,140.36,153.99
99530,Active,2330386,NA,NA,D,2,1,5018959.94,85,1996,23,4.39,49.17
99531,Active,2261610,NA,NA,D,4,1,2859252.346,105.45,2009,39,18.88,73.87
99532,Active,2699024,NA,NA,D,1,0,4136443.369,290,2002,17,28.96,76.69
99533,Active,842317,NA,NA,D,0,0,5691115.75,0,1900,12,11.99,0
99534,Active,774729,NA,NA,D,1,0,1777035.483,165,2000,12,16.07,22.99
99535,Active,2066181,NA,NA,D,1,0,1204064.915,99.99,2009,20,58.56,72.05
99536,Active,3013231,NA,NA,D,5,1,3785650.17,50.95,2003,17,5.52,28.98
99537,Active,636331,NA,NA,D,1,0,2535023.295,188,2005,16,32.69,120.63
99538,Active,1589701,NA,NA,D,1,0,2481495.971,86,2008,9,45.37,25.97
99539,Active,3203101,NA,NA,D,0,0,3442127.29,159.95,2003,14,68.73,123.58
99540,Active,3112451,NA,NA,D,1,0,1956622.103,63.95,2002,25,11.86,32.98
99541,Active,596347,NA,NA,D,1,0,959722.16,62.95,2006,35,4.11,23.78
99542,Active,877451,NA,NA,D,3,1,694685.7213,25.81,2006,33,10.93,28.33
99543,Active,627320,NA,NA,D,0,0,3195128.668,229,2007,21,37.98,66.01
99544,Active,3489012,NA,NA,D,0,0,860276.45,50,2012,53,16.71,28.76
99545,Active,1593777,NA,NA,D,1,0,1931151.93,44.99,2008,47,5.97,26.38
99546,Active,3474888,NA,NA,D,2,1,1774481.55,76,1991,22,4,58.22
99547,Active,1575336,NA,NA,D,1,0,2214672.375,72.25,2011,17,16.03,34.64
99548,Active,430128,NA,NA,D,5,1,1522937.438,113.75,1998,41,4.06,13.98
99549,Active,3490731,NA,NA,D,4,1,9529462.8,93.4,1994,30,4,23.51
99550,Active,2451153,NA,NA,D,0,0,9690789.3,26.5,1996,18,4,23.24
99551,Active,868334,NA,NA,D,0,0,5056746.948,28,1998,24,4,8.48
99552,Active,126370,NA,NA,D,1,0,1353529.075,105,2002,23,16.88,46.52
99553,Active,2670162,NA,NA,D,6,1,5143735.043,46.55,1993,16,4.98,55.33
99554,Active,157763,NA,NA,D,1,0,307574.3513,59.95,2011,52,5.91,50.94
99555,Active,911439,NA,NA,D,1,0,4717490.73,30.95,2000,25,4,38.51
99556,Active,221812,NA,NA,D,4,1,2841754.553,249.95,2004,18,8.22,33.64
99557,Active,657411,NA,NA,D,7,1,1738518.61,145,2005,16,4,133.87
99558,Active,2009162,NA,NA,D,0,0,1176347.966,49.95,2006,34,4,26.24
99559,Active,1463596,NA,NA,D,0,0,1346357.014,48.69,2006,52,12,17.46
99560,Active,3598687,NA,NA,D,2,1,2287061.9,107.95,2004,17,6.34,0
99561,Active,1586326,NA,NA,D,1,0,1540782.739,125,2010,19,22.26,73.73
99562,Active,886504,NA,NA,D,1,0,7440706.34,130,2012,15,7.42,107.59
99563,Active,2397374,NA,NA,D,4,1,5954908.604,39.95,1996,18,4,52.65
99564,Active,830196,NA,NA,D,5,1,875344.8688,65.95,2002,16,68.63,196.41
99565,Active,2665650,NA,NA,D,0,0,1916415.744,795,2001,9,403.99,553.99
99566,Active,912461,NA,NA,D,0,0,309578.765,75.99,1996,46,17.61,46.78
99567,Active,631784,NA,NA,D,1,0,1043694.584,60.95,2005,35,8.73,0
99568,Active,1641650,NA,NA,D,1,0,3087179.655,120,2012,18,6.48,53.53
99569,Active,3583848,NA,NA,D,1,0,1189789.5,40,1993,62,4.02,19.95
99570,Active,731206,NA,NA,D,0,0,2643478.256,35,2000,13,4,87.9
99571,Active,254071,NA,NA,D,1,0,1892135.166,166.95,2009,35,4,19.96
99572,Active,184103,NA,NA,D,1,0,1874473.649,145.95,2005,45,4,25.9
99573,Active,2225247,NA,NA,D,2,1,133797.2163,29.95,2011,32,11.59,13.98
99574,Active,1470006,NA,NA,D,1,0,2183029.493,75,2007,17,16.49,28.5
99575,Active,2541932,NA,NA,D,0,0,382444.3163,57.95,2003,23,13.32,109.81
99576,Active,915894,NA,NA,D,0,0,2403560.476,24.95,1986,38,4,0
99577,Active,2006043,NA,NA,D,0,0,1056804.444,52,2008,29,31.46,46.18
99578,Active,2769186,NA,NA,D,0,0,583758.8113,42.99,1974,62,4,32.84
99579,Active,3606398,NA,NA,D,1,0,923873.35,50,1981,51,7.69,28.98
99580,Active,621455,NA,NA,D,0,0,701420.93,45,2004,23,24.93,107.38
99581,Active,2667106,NA,NA,D,0,0,2739398.193,47.5,1999,20,9.35,21.98
99582,Active,2511782,NA,NA,D,0,0,5434228.456,45.26,1989,31,4.79,12.49
99583,Active,776246,NA,NA,D,0,0,2530944.353,39.5,2009,13,20.1,39.5
99584,Active,1871409,NA,NA,D,1,0,1251855.275,85.5,2011,17,4,26.95
99585,Active,1680078,NA,NA,D,1,0,1052971.311,99,2013,18,18.49,31.94
99586,Active,3567518,NA,NA,D,0,0,1274599.8,47.95,2001,14,9.42,15.99
99587,Active,744784,NA,NA,D,1,0,3524228.979,54.95,2004,17,5.83,112.35
99588,Active,1593068,NA,NA,D,1,0,5258861.099,99.99,2008,21,31.74,54.22
99589,Active,768396,NA,NA,D,0,0,481390.1363,36.45,2000,69,4,13.56
99590,Active,663856,NA,NA,D,1,0,1056598.824,59,2013,24,34.84,0
99591,Active,3100995,NA,NA,D,0,0,1498005.2,49.99,2005,24,13.07,23.33
99592,Active,871498,NA,NA,D,1,0,3643979.406,85.07,2012,13,20.25,921.03
99593,Active,657378,NA,NA,D,0,0,1077941.348,44.99,2010,20,9.6,44.99
99594,Active,2614437,NA,NA,D,0,0,1515012.28,110,2003,18,21.98,30.68
99595,Active,643819,NA,NA,D,0,0,1910454.266,120,2009,38,31.4,41.31
99596,Active,699034,NA,NA,D,12,1,3039499.656,5.75,2009,19,18.83,70.28
99597,Active,2611834,NA,NA,D,1,0,324608.0563,24.99,2001,69,9.8,22.99
99598,Active,2598396,NA,NA,D,0,0,4619013.409,73.99,1991,12,21.93,168.99
99599,Active,2419006,NA,NA,D,1,0,3831441.73,125,2003,21,33.94,98.69
99600,Active,2609338,NA,NA,D,0,0,2290036.814,99.99,2000,28,16.3,59.04
99601,Active,2407805,NA,NA,D,1,0,2417327.474,110,1996,21,24.05,58.99
99602,Active,2648060,NA,NA,D,1,0,1290972.778,81.95,1997,32,4.89,48.36
99603,Active,272767,NA,NA,D,0,0,926812.46,35,2006,17,23.26,52.68
99604,Active,2605729,NA,NA,D,0,0,5123553.669,199.99,1998,16,78.96,168.61
99605,Active,1499059,NA,NA,D,0,0,844712.2313,84.99,2006,21,53.8,74.95
99606,Active,3499136,NA,NA,D,0,0,2490429.4,89.99,2006,17,48.41,182.07
99607,Active,897492,NA,NA,D,0,0,2157183.32,69.99,2008,15,13.1,53.98
99608,Active,2444790,NA,NA,D,0,0,1238020.628,79.99,2001,22,31.48,0
99609,Active,3498812,NA,NA,D,0,0,529701.5,84.99,2012,57,42.19,50.02
99610,Active,3498848,NA,NA,D,0,0,42709.5,34.99,2012,72,20.93,21.21
99611,Active,140705,NA,NA,D,0,0,73485.09625,34.99,2003,77,6.31,32.92
99612,Active,689247,NA,NA,D,0,0,735428.9938,24.99,2002,59,4,0
99613,Active,910289,NA,NA,D,0,0,1846447.826,69.99,2011,21,9.92,34.53
99614,Active,1498889,NA,NA,D,0,0,1748686.699,34.99,2012,14,9.03,20.24
99615,Active,1631760,NA,NA,D,0,0,785458.2588,29.95,2008,9,26.41,23.98
99616,Active,430970,NA,NA,D,1,0,2557371.675,39.99,2000,35,4,28.98
99617,Active,1856520,NA,NA,D,0,0,1661791.179,69.99,2008,15,10.68,43.88
99618,Active,2664310,NA,NA,D,1,0,8997033.489,39.95,1997,19,4,10.83
99619,Active,614008,NA,NA,D,6,1,2100511.34,44.95,2007,40,4,5.99
99620,Active,614335,NA,NA,D,5,1,1625817.266,46.5,2007,32,4,5.99
99621,Active,264302,NA,NA,D,2,1,2248651.675,47.95,2006,21,4,8.99
99622,Active,3310105,NA,NA,D,0,0,525434,78,1900,16,0,0
99623,Active,323668,NA,NA,D,1,0,666854.865,34.95,2010,22,21.98,118.22
99624,Active,128342,NA,NA,D,0,0,2500194.843,115,2002,15,46.19,33.65
99625,Active,720215,NA,NA,D,1,0,1145469.755,53,2002,28,10.94,41.99
99626,Active,2608398,NA,NA,D,0,0,2407225.294,102.99,1998,12,31.98,81.63
99627,Active,2573862,NA,NA,D,0,0,747720.0288,72.18,1976,33,5.35,52.65
99628,Active,2590030,NA,NA,D,1,0,3858454.95,49.95,1978,9,5.5,2633
99629,Active,652140,NA,NA,D,1,0,890611.2375,139,1994,28,22.98,55.12
99630,Active,761349,NA,NA,D,1,0,2317297.089,132,2004,20,78.94,127.26
99631,Active,1534389,NA,NA,D,0,0,1826903.468,89.95,2007,16,33.94,57.41
99632,Active,2361943,NA,NA,D,1,0,6352269.254,207.95,1995,14,4.54,238.79
99633,Active,2361945,NA,NA,D,1,0,3737010.488,205,1998,11,75.54,317.88
99634,Active,639072,NA,NA,D,2,1,2863546.54,279,2006,10,91.02,92.5
99635,Active,3149778,NA,NA,D,0,0,1682284.365,99,1997,19,19.79,67.5
99636,Active,891814,NA,NA,D,2,1,5144068.81,64.95,2006,12,25.59,31.2
99637,Active,2605871,NA,NA,D,0,0,4612300.018,78.99,1997,13,53.78,49.98
99638,Active,3842284,NA,NA,D,1,0,6628014.5,99,1990,18,5.67,52.93
99639,Active,640442,NA,NA,D,0,0,1600690.88,149,2007,39,94.74,99.33
99640,Active,2502730,NA,NA,D,0,0,1940915.803,159,1996,21,47.79,87.91
99641,Active,2578475,NA,NA,D,1,0,1317981.559,169.95,1986,33,4,43.94
99642,Active,907344,NA,NA,D,3,1,2761414.844,64.95,1999,20,8.45,65.37
99643,Active,2559883,NA,NA,D,1,0,891899.6463,335,1979,17,48.99,142.66
99644,Active,219692,NA,NA,D,0,0,792280.9763,109,2001,28,57.33,61.45
99645,Active,2406107,NA,NA,D,1,0,3414632.243,48,1993,26,16.44,116.07
99646,Active,2575822,NA,NA,D,1,0,1816144.705,169,1988,24,21.43,92.73
99647,Active,2573029,NA,NA,D,1,0,782692.9138,198,1989,26,8.9,102.84
99648,Active,2233797,NA,NA,D,0,0,2383182.715,109,2009,21,47.27,35.88
99649,Active,152889,NA,NA,D,0,0,929909.9888,109,1999,28,47.89,76.3
99650,Active,2610022,NA,NA,D,0,0,4190805.18,52.99,1999,21,13.01,58.07
99651,Active,2596797,NA,NA,D,1,0,6777612.395,37.95,1990,41,4.38,22.74
99652,Active,2697640,NA,NA,D,1,0,4467983.779,130,1999,14,33.92,103.05
99653,Active,1533463,NA,NA,D,0,0,1751924.716,169,2006,19,53.99,82.98
99654,Active,2832735,NA,NA,D,4,1,3443277.358,109.95,2003,13,63.15,89.98
99655,Active,2568205,NA,NA,D,1,0,2480061.798,98.95,1973,36,4,38.94
99656,Active,3475425,NA,NA,D,0,0,4327897.8,89.33,1998,7,35.99,675
99657,Active,1725726,NA,NA,D,3,1,9002652.881,55,2006,5,6.63,123.49
99658,Active,658478,NA,NA,D,1,0,2040352.713,39.99,2010,20,4,8.48
99659,Active,2263346,NA,NA,D,2,1,7449217.586,50.83,2011,32,14.97,37.41
99660,Active,625338,NA,NA,D,1,0,1234876.154,39.99,2008,46,4,13.69
99661,Active,157142,NA,NA,D,0,0,620225.0763,70.95,2005,49,4,33.99
99662,Active,143476,NA,NA,D,0,0,3417270.043,106.5,2003,13,5.93,120.78
99663,Active,2896428,NA,NA,D,0,0,1083673.625,50,1988,26,18.39,62.66
99664,Active,427294,NA,NA,D,1,0,4440364.559,105,2011,16,10.05,43.97
99665,Active,889765,NA,NA,D,1,0,3795798.065,53.95,2004,17,5.38,104.13
99666,Active,2877343,NA,NA,D,0,0,843078.47,62,1993,28,16.07,113.98
99667,Active,630067,NA,NA,D,0,0,839317.3288,39.99,2010,25,16.93,98.24
99668,Active,1660670,NA,NA,D,0,0,751824.8875,40,2012,29,10.57,102.59
99669,Active,2591615,NA,NA,D,1,0,4251797.553,69.95,1988,26,4.13,55.81
99670,Active,912266,NA,NA,D,4,1,3652223.101,26.99,1989,25,4,48.63
99671,Active,901568,NA,NA,D,0,0,3973064.283,40,2005,16,10.11,10.99
99672,Active,2826074,NA,NA,D,0,0,1047006.138,19.95,2001,26,8.11,10.61
99673,Active,716857,NA,NA,D,0,0,3623709.846,29.95,1998,17,6.36,53.29
99674,Active,868085,NA,NA,D,1,0,3773568.698,85,1985,15,52.92,195.7
99675,Active,2376332,NA,NA,D,1,0,604440.58,40.6,2005,26,10.61,27.98
99676,Active,618299,NA,NA,D,0,0,342015.115,53.41,2007,39,13.3,38.94
99677,Active,3059608,NA,NA,D,1,0,2257021.118,49.95,2005,17,4,38.98
99678,Active,2508212,NA,NA,D,3,1,1702466.019,82.4,1996,16,8.26,292.79
99679,Active,571477,NA,NA,D,19,1,1012466.568,44,1998,31,6.49,52.97
99680,Active,3032722,NA,NA,D,1,0,3425935.998,34.95,1994,27,4,12.97
99681,Active,3073681,NA,NA,D,1,0,800848.4813,65,2000,56,7.28,39.7
99682,Active,836353,NA,NA,D,1,0,2270666.629,323.5,1998,28,5.01,60.79
99683,Active,2503523,NA,NA,D,0,0,8311728.178,47.31,1969,17,5.67,47.29
99684,Active,1480215,NA,NA,D,1,0,477288.2438,41.95,2014,39,7.1,30.26
99685,Active,2098961,NA,NA,D,8,1,908851.9788,74.95,2012,9,51.08,51.09
99686,Active,2535068,NA,NA,D,1,0,1295799.828,40.95,1999,21,4.76,37.27
99687,Active,912510,NA,NA,D,0,0,3349790.02,39.95,1990,35,4,33.94
99688,Active,804437,NA,NA,D,1,0,1411777.058,365,2009,29,153.94,247.33
99689,Active,2850573,NA,NA,D,1,0,869808.2113,22.95,1998,20,4.06,22.64
99690,Active,157105,NA,NA,D,0,0,4051492.939,67.95,2006,22,4,46.53
99691,Active,748641,NA,NA,D,1,0,2915680.44,65,2006,14,15.36,77.14
99692,Active,3148409,NA,NA,D,2,1,3575914.35,310,2001,14,58.99,169.34
99693,Active,2892189,NA,NA,D,1,0,6951486.288,99.5,2003,17,4,24.35
99694,Active,1586160,NA,NA,D,1,0,2294266.755,110,2008,20,11.04,21.94
99695,Active,2593496,NA,NA,D,1,0,5871768.731,175,1997,17,19.64,164.73
99696,Active,147646,NA,NA,D,7,1,146490.8838,171,2011,34,88.99,106.83
99697,Active,2261396,NA,NA,D,3,1,4898200.17,97.37,2006,22,15.01,97.37
99698,Active,146877,NA,NA,D,1,0,3263931.53,54.95,2002,22,4.12,8.99
99699,Active,2664406,NA,NA,D,2,1,4505447.926,159,1999,24,8.82,77.68
99700,Active,2550723,NA,NA,D,0,0,8632156.02,284,1995,21,4.91,58.77
99701,Active,788853,NA,NA,D,1,0,2070382.678,81.95,2000,22,4.13,21.92
99702,Active,152168,NA,NA,D,1,0,4839006.955,139,2005,18,5.28,68.01
99703,Active,173957,NA,NA,D,1,0,3021743.841,130,1997,25,4.77,11.8
99704,Active,1533442,NA,NA,D,0,0,4603539.781,49.95,2006,24,9.08,9.98
99705,Active,1533745,NA,NA,D,0,0,1341722.548,64.95,2007,18,34.99,47.36
99706,Active,581443,NA,NA,D,1,0,1501428.418,99,1997,19,4.94,62.03
99707,Active,1533495,NA,NA,D,0,0,2391940.019,59.95,2007,29,8.97,18.49
99708,Active,125852,NA,NA,D,0,0,2453404.533,149,1998,26,5.23,40
99709,Active,563214,NA,NA,D,0,0,2428902.718,99,2003,28,7.88,38.94
99710,Active,2561039,NA,NA,D,1,0,3135371.938,112,1981,28,4,10.36
99711,Active,2280805,NA,NA,D,1,0,1031338.2,94.1,1900,23,0,0
99712,Active,2336914,NA,NA,D,1,0,4049573.554,216.84,1962,22,5.77,60.07
99713,Active,2615496,NA,NA,D,0,0,2784696.405,105.99,2005,15,18.99,35.99
99714,Active,175809,NA,NA,D,1,0,2555413.166,107,2005,15,47.94,99.64
99715,Active,2612509,NA,NA,D,1,0,1857215.581,95,2001,17,12.08,18.99
99716,Active,225915,NA,NA,D,2,1,2376418.374,189.95,1997,16,33.94,37.13
99717,Active,3148755,NA,NA,D,1,0,4198018.38,59.95,2003,10,21.18,35.99
99718,Active,152175,NA,NA,D,0,0,2036480.053,124,2004,26,34.26,43.13
99719,Active,2596669,NA,NA,D,0,0,849633.3125,29.95,1989,18,4,46.57
99720,Active,921149,NA,NA,D,1,0,734353.6013,49.95,1988,68,4,9.98
99721,Active,281172,NA,NA,D,0,0,839663.5088,69.99,2007,23,41.89,45.99
99722,Active,2562151,NA,NA,D,1,0,1470628.145,200,1982,46,5.01,38.99
99723,Active,527645,NA,NA,D,7,1,781444.21,163,2010,27,47.02,104.47
99724,Active,199913,NA,NA,D,1,0,1502018.603,56.95,2002,27,4,60.53
99725,Active,2162563,NA,NA,D,1,0,705701.9788,99,2010,8,28.19,43.29
99726,Active,612727,NA,NA,D,2,1,686153.4475,104,2013,11,197.06,0
99727,Active,911613,NA,NA,D,1,0,937140.7338,56.99,2006,30,4,19.99
99728,Active,916143,NA,NA,D,3,1,1240991.718,32.95,1998,28,4,27.07
99729,Active,2252947,NA,NA,D,12,1,1923857.068,15.73,2010,39,11.04,13.98
99730,Active,1847133,NA,NA,D,0,0,7847627.261,27.99,2007,10,23.99,27.65
99731,Active,916619,NA,NA,D,1,0,1326364.22,50.99,2005,45,4,28.37
99732,Active,628567,NA,NA,D,1,0,3228803.916,47.99,2005,37,4,8.97
99733,Active,586892,NA,NA,D,1,0,2334447.544,90,2006,24,4,45.4
99734,Active,146922,NA,NA,D,3,1,1564313.986,54.95,2000,18,4,21.99
99735,Active,244978,NA,NA,D,1,0,2773137.635,75.95,2004,31,3.73,4
99736,Active,882896,NA,NA,D,0,0,6541157.958,119,2001,10,11.93,102.81
99737,Active,152937,NA,NA,D,3,1,1818801.718,109,2000,36,4,19.95
99738,Active,645622,NA,NA,D,1,0,1607631.463,50.99,2008,20,4,11.48
99739,Active,582245,NA,NA,D,1,0,3188739.363,115,2008,18,4,16.04
99740,Active,903036,NA,NA,D,1,0,1852085.851,63,2009,17,4.98,53.43
99741,Active,199981,NA,NA,D,1,0,2159822.48,73.95,2003,27,4,27.97
99742,Active,1518267,NA,NA,D,7,1,7061699.844,190,2009,0,0,0
99743,Active,435226,NA,NA,D,7,1,2238002.349,146.95,2010,16,23.46,146.94
99744,Active,743933,NA,NA,D,7,1,2616762.405,76.95,2010,11,3.99,0
99745,Active,743931,NA,NA,D,7,1,3247552.315,76.95,2010,12,7.99,0
99746,Active,582286,NA,NA,D,0,0,3449972.988,38.95,1999,16,4,47.81
99747,Active,2265515,NA,NA,D,1,0,3123139.364,67.76,2011,35,6.42,50.38
99748,Active,1841187,NA,NA,D,1,0,2198804.725,56.95,2010,20,4.98,46.94
99749,Active,637083,NA,NA,D,0,0,462515.925,52.95,2010,15,31.48,0
99750,Active,3083745,NA,NA,D,0,0,3790739.299,319,2004,16,13.98,61.77
99751,Active,648445,NA,NA,D,0,0,1558758.958,229,1999,21,16.3,59.56
99752,Active,906256,NA,NA,D,2,1,4393407.788,43.95,2005,24,4,7.99
99753,Active,659756,NA,NA,D,1,0,1715237.291,48.95,2007,16,6.38,0
99754,Active,906441,NA,NA,D,1,0,3262766.258,93.25,2004,16,4.23,77.79
99755,Active,166533,NA,NA,D,1,0,1463023.826,198.75,2005,65,4.17,11.13
99756,Active,299884,NA,NA,D,1,0,490445.6525,49.95,2002,29,4.98,24.63
99757,Active,203701,NA,NA,D,1,0,2476977.116,54.95,2005,29,4,19.97
99758,Active,875930,NA,NA,D,2,1,2047551.058,84.4,2013,21,37.93,312.31
99759,Active,2030990,NA,NA,D,1,0,2599465.159,229,2008,13,49.99,104.26
99760,Active,484454,NA,NA,D,1,0,1541751.449,159.95,2007,37,4,0
99761,Active,112902,NA,NA,D,1,0,2982049.595,128,2001,33,5.75,59.57
99762,Active,766972,NA,NA,D,6,1,1533408.504,6.19,2011,81,2.55,6.19
99763,Active,543974,NA,NA,D,3,1,9565.73375,240.5,2013,85,7.83,45.45
99764,Active,899213,NA,NA,D,1,0,1770726.416,172.95,2005,20,4,86.31
99765,Active,910621,NA,NA,D,2,1,2786141.515,45,2006,29,4,5.87
99766,Active,874474,NA,NA,D,5,1,1005556.653,33.99,2009,11,10.49,89.94
99767,Active,2851236,NA,NA,D,1,0,4905987.764,144.95,2002,18,4.28,46.4
99768,Active,897204,NA,NA,D,2,1,2016902.468,101.72,1991,17,4.58,103.37
99769,Active,266177,NA,NA,D,0,0,1995232.711,109,2008,22,59.05,120.96
99770,Active,285543,NA,NA,D,1,0,1078527.5,31.5,2010,13,4.99,717.28
99771,Active,2029082,NA,NA,D,1,0,1141772.543,62,2010,18,7.58,55.29
99772,Active,646521,NA,NA,D,0,0,1221807.485,73.5,2008,22,4.99,41.98
99773,Active,3022378,NA,NA,D,3,1,2847522.663,36.95,2002,23,4,38.03
99774,Active,792849,NA,NA,D,0,0,3160298.739,100,1999,14,35,73.96
99775,Active,3787381,NA,NA,D,1,0,1517197.45,74,1996,63,4,31.05
99776,Active,3058119,NA,NA,D,1,0,1317058.486,56.95,1996,48,7.96,18.99
99777,Active,2737590,NA,NA,D,0,0,1374090.031,140,1998,21,8.8,61.67
99778,Active,201813,NA,NA,D,0,0,1692067.085,55,1997,20,10.09,68.25
99779,Active,2869442,NA,NA,D,0,0,678600.6788,81,1993,74,7.81,34.99
99780,Active,3058093,NA,NA,D,0,0,1620174.576,55,1977,33,9.08,16.98
99781,Active,1584562,NA,NA,D,3,1,2575498.525,73.25,2012,3,59.57,66.84
99782,Active,1584557,NA,NA,D,3,1,1825952.849,42.75,2012,6,11.22,3.87
99783,Active,1584556,NA,NA,D,3,1,3084356.034,44,2012,24,4.76,14.04
99784,Active,1584394,NA,NA,D,3,1,1624594.72,44.5,2012,5,10.29,29.43
99785,Active,2586312,NA,NA,D,0,0,3919135.293,41.5,2002,17,23.88,46.34
99786,Active,2586313,NA,NA,D,0,0,3374384.844,42.25,2002,22,5.89,55.89
99787,Active,2586316,NA,NA,D,0,0,5584813.125,35.75,2002,10,10.01,35.75
99788,Active,254498,NA,NA,D,3,1,15510.70375,203.95,2011,37,39.61,59.73
99789,Active,620823,NA,NA,D,0,0,559924.0238,39.99,2008,28,8.96,24
99790,Active,553872,NA,NA,D,1,0,565421.1963,83,1990,121,4,7
99791,Active,903345,NA,NA,D,1,0,5116422.818,99,1998,19,4.27,17.95
99792,Active,667512,NA,NA,D,1,0,1446592.428,69.95,2009,31,27.25,69.95
99793,Active,613874,NA,NA,D,0,0,1277078.143,60,1994,65,4,30.94
99794,Active,2425885,NA,NA,D,1,0,2898847.17,65,1999,30,4,11.87
99795,Active,110907,NA,NA,D,2,1,8004091.776,80.98,2001,24,4,46.49
99796,Active,281050,NA,NA,D,0,0,1301568.294,109,2002,30,11.53,72.59
99797,Active,165800,NA,NA,D,1,0,1301107.024,62.14,2004,18,4.12,67.45
99798,Active,2596938,NA,NA,D,0,0,6167685.554,74.95,1991,8,7.96,0
99799,Active,2591439,NA,NA,D,0,0,1203424.533,49.95,1990,35,5.57,64.99
99800,Active,2608310,NA,NA,D,0,0,917654.19,46.99,2000,28,5.12,14.87
99801,Active,256817,NA,NA,D,1,0,727327.8813,70.95,2003,45,4,15.84
99802,Active,830149,NA,NA,D,2,1,3805629.479,58,1990,25,6.34,52.99
99803,Active,3113467,NA,NA,D,0,0,2016991.826,40.95,2003,19,5.47,25.22
99804,Active,3462530,NA,NA,D,3,1,5681523.471,37.95,2000,15,4,66.19
99805,Active,897887,NA,NA,D,2,1,3523382.145,82.95,1992,11,40.16,200.35
99806,Active,2491482,NA,NA,D,1,0,4789730.146,199.95,2004,17,38.38,130.8
99807,Active,626423,NA,NA,D,2,1,3162463.073,36.95,2005,17,4,10.99
99808,Active,190755,NA,NA,D,3,1,361934.2438,95.95,1997,22,8.39,27.29
99809,Active,2904567,NA,NA,D,4,1,2045809.896,13.95,1998,22,4,29.99
99810,Active,907551,NA,NA,D,1,0,4191670.786,239.95,1996,20,5.35,41.99
99811,Active,2680415,NA,NA,D,1,0,2447800.469,69.95,1994,23,4.58,63.65
99812,Active,903289,NA,NA,D,2,1,4537893.498,81.99,2002,19,3.95,46.73
99813,Active,3126023,NA,NA,D,3,1,2765670.355,85,2003,11,63.38,229.31
99814,Active,899731,NA,NA,D,2,1,5341628.888,269.95,1993,12,97.53,149.37
99815,Active,832937,NA,NA,D,1,0,1320917.975,99,1997,16,11.24,72.1
99816,Active,2680126,NA,NA,D,2,1,2988488.739,78.85,1984,18,4,102.12
99817,Active,2663832,NA,NA,D,0,0,4694299.3,32,1987,14,4.25,18.69
99818,Active,3272172,NA,NA,D,3,1,2789204.536,0,2005,25,11.25,28.48
99819,Active,255795,NA,NA,D,1,0,307630.6438,74.95,2009,34,10.74,13.04
99820,Active,210881,NA,NA,D,0,0,904004.51,33.95,2003,22,17.08,0
99821,Active,1890157,NA,NA,D,1,0,1115709.894,41.95,2012,19,36.93,36.55
99822,Active,2601741,NA,NA,D,0,0,7801660.519,170,1995,13,86.49,153.43
99823,Active,1592856,NA,NA,D,1,0,2217147.793,160,2009,47,61.36,76.88
99824,Active,2054078,NA,NA,D,0,0,1595328.298,144.72,2011,8,8.99,0
99825,Active,751236,NA,NA,D,1,0,1146596.216,69.99,2009,24,13.39,16.46
99826,Active,3514021,NA,NA,D,3,1,9509247.35,135,1989,16,4.01,106.91
99827,Active,3466475,NA,NA,D,2,1,11668466.65,0,1982,15,4.48,0
99828,Active,105756,NA,NA,D,1,0,2831326.964,111,2003,20,10,13.38
99829,Active,1629773,NA,NA,D,3,1,8304332.265,146,2006,12,6.39,71.01
99830,Active,2647527,NA,NA,D,1,0,2195120.763,70.95,1994,20,4.97,33.98
99831,Active,2419602,NA,NA,D,1,0,4684379.501,140,2005,14,39.99,132.55
99832,Active,858519,NA,NA,D,0,0,599311.3188,39.99,1989,34,7.96,31.59
99833,Active,127437,NA,NA,D,0,0,1275319.386,137,2009,37,4,17.74
99834,Active,923623,NA,NA,D,0,0,73404.30625,20,1979,207,4,9.99
99835,Active,918875,NA,NA,D,0,0,1714540.203,42.95,1996,44,4,19.95
99836,Active,2679503,NA,NA,D,0,0,2087936.903,42,1995,30,4,31.98
99837,Active,2552141,NA,NA,D,1,0,4186454.179,229,1995,16,6.9,47.17
99838,Active,143326,NA,NA,D,2,1,3666018.886,123.95,1997,22,4,8.99
99839,Active,225881,NA,NA,D,1,0,2039707.28,66.95,2007,30,4.08,59.97
99840,Active,296157,NA,NA,D,0,0,1459534.314,69.95,2003,55,4,21.81
99841,Active,2861915,NA,NA,D,0,0,6324208.438,418.75,2004,19,11.27,55.98
99842,Active,908204,NA,NA,D,1,0,1425480.133,49.95,2009,29,4,15.89
99843,Active,2027502,NA,NA,D,0,0,1181597.564,48,2011,12,32.6,35.31
99844,Active,649788,NA,NA,D,3,1,323317.8925,110.95,2012,80,13.3,56.07
99845,Active,1512474,NA,NA,D,4,1,3675230.748,104.99,2007,15,39.33,94.45
99846,Active,3046319,NA,NA,D,0,0,2706404.068,75,2000,29,4.31,45.38
99847,Active,182535,NA,NA,D,7,1,1118346.483,113.95,2005,36,4,38.98
99848,Active,433592,NA,NA,D,0,0,2025693.334,250,2010,12,18.48,313.65
99849,Active,1476288,NA,NA,D,1,0,643817.1963,99,2013,18,13.99,15.47
99850,Active,1759625,NA,NA,D,0,0,3630181.333,74.99,2012,8,50.59,74.99
99851,Active,697285,NA,NA,D,0,0,1910754.186,39.95,1998,32,4,8.28
99852,Active,2608853,NA,NA,D,1,0,6433200.101,134.99,2000,16,29.78,87.05
99853,Active,1592352,NA,NA,D,1,0,1322226.646,215,2006,19,34.56,44.24
99854,Active,870568,NA,NA,D,0,0,1504305.053,117.58,2006,22,23.85,70.32
99855,Active,745498,NA,NA,D,0,0,4367300.588,22.9,2009,17,4,22.89
99856,Active,1847136,NA,NA,D,0,0,1265261.133,24.33,2007,11,19.95,30.5
99857,Active,2547592,NA,NA,D,0,0,468901.6413,84.86,2004,20,6.94,80.14
99858,Active,2680764,NA,NA,D,3,1,800203.5488,204.03,1970,13,9.99,148.12
99859,Active,110723,NA,NA,D,3,1,238028.5013,38.98,2007,67,4,26.42
99860,Active,775104,NA,NA,D,2,1,7045677.863,32.95,2001,16,4,15.95
99861,Active,775103,NA,NA,D,2,1,2091104.279,35.95,2001,22,4,44.67
99862,Active,775110,NA,NA,D,2,1,4997034.811,32.95,2001,19,4,28.07
99863,Active,230384,NA,NA,D,1,0,361410.3988,39.95,1998,56,4,9.63
99864,Active,2812545,NA,NA,D,0,0,933228.9713,24.95,2001,12,22.94,24.81
99865,Active,1471318,NA,NA,D,1,0,734088.3538,41.95,2014,47,17.5,25.49
99866,Active,426991,NA,NA,D,0,0,1742050.85,68,2008,36,18.39,27.96
99867,Active,1658257,NA,NA,D,1,0,2926887.826,39.94,2009,19,6.67,49.11
99868,Active,2605770,NA,NA,D,1,0,3778717.649,90,1998,14,32.23,77.9
99869,Active,2309234,NA,NA,D,2,1,3682188.183,23.95,1985,27,7.08,39.49
99870,Active,655364,NA,NA,D,1,0,103717.7688,75,2012,29,37.99,45.12
99871,Active,1710874,NA,NA,D,1,0,1599278.718,79,2008,34,6.54,28.68
99872,Active,1572573,NA,NA,D,0,0,607189.9925,9.95,2006,24,4,9.77
99873,Active,2597960,NA,NA,D,0,0,5310583.358,130,1994,18,20.26,116.74
99874,Active,156894,NA,NA,D,1,0,534558.7125,26.95,2002,40,4.67,19.35
99875,Active,3468273,NA,NA,D,6,1,1039273.7,0,2003,32,4,45.41
99876,Active,912864,NA,NA,D,4,1,3362188.59,28.4,1998,22,4,16.98
99877,Active,2433605,NA,NA,D,1,0,2141789.439,78,2004,23,20.86,63.21
99878,Active,2645858,NA,NA,D,1,0,2462457.365,24.95,1986,17,26.49,78.99
99879,Active,2605828,NA,NA,D,1,0,1813646.611,165,1998,23,33.05,97.49
99880,Active,3518561,NA,NA,D,2,1,1742597.6,130,2004,50,12.91,99.67
99881,Active,224933,NA,NA,D,1,0,2246411.761,148,1995,20,9.05,219.31
99882,Active,172388,NA,NA,D,0,0,1722012.644,54.99,2002,26,15.89,39.77
99883,Active,3817341,NA,NA,D,0,0,935072.6,45,2011,43,23.9,29.16
99884,Active,778237,NA,NA,D,2,1,8305214.074,45.95,2001,13,3.99,27.09
99885,Active,623468,NA,NA,D,1,0,2016785.92,44.95,2010,40,4,17.08
99886,Active,2589930,NA,NA,D,1,0,4297516.523,49.5,1977,26,4,43.95
99887,Active,891743,NA,NA,D,1,0,1621626.313,160,2006,13,17.16,361.82
99888,Active,158126,NA,NA,D,1,0,1055978.974,55.95,2006,32,4,44.15
99889,Active,2191200,NA,NA,D,0,0,2144051.255,99,2012,20,38.34,75.63
99890,Active,2896429,NA,NA,D,0,0,1369047.841,75,1992,23,4,30.85
99891,Active,2362838,NA,NA,D,1,0,1300432.925,65.95,2003,19,7.53,22.9
99892,Active,1753555,NA,NA,D,3,1,1615276.688,49.95,2014,15,5.98,233.19
99893,Active,165293,NA,NA,D,1,0,842107.08,80,2000,53,4,5.98
99894,Active,2299518,NA,NA,D,0,0,915494,0,1900,10,0,0
99895,Active,2133386,NA,NA,D,5,1,2311699.988,38.4,2011,14,26.09,846.88
99896,Active,2608540,NA,NA,D,1,0,6536468.93,155,2000,19,23.24,79.87
99897,Active,2602313,NA,NA,D,0,0,5705226.134,120,1996,17,43.98,113.98
99898,Active,2612505,NA,NA,D,1,0,7079102.7,119.99,2001,25,21.24,115.24
99899,Active,527534,NA,NA,D,3,1,1867999.929,92.95,2009,20,21.13,136.18
99900,Active,900943,NA,NA,D,2,1,3034068.019,67.9,1987,15,4.77,67.42
99901,Active,3843515,NA,NA,D,0,0,1250098.2,89.99,2009,57,48.99,59.89
99902,Active,129082,NA,NA,D,0,0,2083500.859,150,2006,25,6.59,47.79
99903,Active,3462813,NA,NA,D,0,0,3964722.666,134.95,2011,11,4.92,13.99
99904,Active,2165425,NA,NA,D,0,0,3325104.091,152.95,2012,14,42.22,84.75
99905,Active,2346627,NA,NA,D,0,0,3520172.603,282.68,1959,13,22.3,124.49
99906,Active,1510754,NA,NA,D,3,1,7557454.894,99.99,2006,13,6.54,82.98
99907,Active,718698,NA,NA,D,1,0,1809951.401,44.95,2007,48,6.78,21.99
99908,Active,2134236,NA,NA,D,0,0,1296973.395,49.99,2012,15,13.96,13.99
99909,Active,3012410,NA,NA,D,1,0,1724153.556,102,1997,16,5.06,152.13
99910,Active,905472,NA,NA,D,0,0,997835.8875,73.99,1972,25,12.91,73.85
99911,Active,914482,NA,NA,D,5,1,1034226.314,126.91,1996,14,52.1,342.96
99912,Active,2545549,NA,NA,D,1,0,1591588.061,43.95,2001,41,4,16.11
99913,Active,2545421,NA,NA,D,1,0,1443857.614,42.95,1999,27,4.95,41.95
99914,Active,3550441,NA,NA,D,2,1,902628.15,0,1990,21,9.26,194.17
99915,Active,902708,NA,NA,D,0,0,2269721.243,229,2002,26,62.73,171.8
99916,Active,757137,NA,NA,D,1,0,5173893.339,170,1997,14,8.03,63.37
99917,Active,410014,NA,NA,D,2,1,6929777.64,85,2005,10,7.25,146.19
99918,Active,2341991,NA,NA,D,3,1,5340051.311,60.95,1989,22,4.62,28.95
99919,Active,286280,NA,NA,D,9,1,61851.4875,241.6,2010,35,111.99,107.46
99920,Active,527522,NA,NA,D,3,1,154760.8038,118.6,2011,43,5.84,108.99
99921,Active,243159,NA,NA,D,0,0,435504.3513,98.99,2008,27,6.48,0
99922,Active,2347084,NA,NA,D,0,0,4237041.84,125,1995,17,6.37,60.47
99923,Active,149601,NA,NA,D,6,1,3317881.56,379.95,2006,20,122.03,350.81
99924,Active,838409,NA,NA,D,1,0,3536244.839,407,2003,16,8.84,73.59
99925,Active,248927,NA,NA,D,1,0,2936091.058,257.95,2007,17,81.98,135.92
99926,Active,863976,NA,NA,D,0,0,1734480.251,308.99,2010,13,170.29,0
99927,Active,650054,NA,NA,D,1,0,246854.3788,589.99,2010,16,103.61,253.99
99928,Active,648676,NA,NA,D,0,0,1575040.05,299.99,2012,23,5.28,0
99929,Active,2699612,NA,NA,D,0,0,3506735.923,160,1996,21,82.39,190.83
99930,Active,2680617,NA,NA,D,2,1,11771051.54,0,1982,2,18.98,0
99931,Active,3601885,NA,NA,D,1,0,9607769.4,99.95,1998,16,43.97,141.61
99932,Active,2650168,NA,NA,D,1,0,3783173.954,47.95,2005,17,5.21,41.43
99933,Active,900259,NA,NA,D,7,1,9074287.503,75,1992,13,8.92,54.2
99934,Active,218588,NA,NA,D,1,0,1444855.238,69.95,1997,38,4,53.42
99935,Active,1473525,NA,NA,D,0,0,3084676.523,65,2009,14,9.88,57.23
99936,Active,650333,NA,NA,D,1,0,3458579.105,139.5,2005,18,7.51,51.67
99937,Active,586812,NA,NA,D,0,0,1502321.704,57.24,2006,22,4,35.66
99938,Active,3037780,NA,NA,D,0,0,756976.5663,46.2,1996,18,4,34.98
99939,Active,258883,NA,NA,D,1,0,639368.2175,29.95,1996,32,4,48.05
99940,Active,142650,NA,NA,D,0,0,3122324.881,43,2004,21,4,13.94
99941,Active,2566287,NA,NA,D,0,0,4465699.23,0,1976,22,4.94,0
99942,Active,2936352,NA,NA,D,0,0,2377452.241,139,2003,22,6.97,4.29
99943,Active,1445580,NA,NA,D,5,1,3405331.73,195,2008,20,68.44,135.86
99944,Active,2699670,NA,NA,D,1,0,893649.815,46.95,1997,12,4.88,267.78
99945,Active,2579940,NA,NA,D,2,1,8627995.815,220,1996,10,8.42,35.16
99946,Active,2601390,NA,NA,D,0,0,906962.7038,167,1998,21,6.15,40.09
99947,Active,3152187,NA,NA,D,0,0,1046546.803,179,1995,15,116.24,131.96
99948,Active,636223,NA,NA,D,0,0,2464221.704,209,2007,16,107.54,107.54
99949,Active,2559266,NA,NA,D,2,1,1453946.226,61.65,1978,17,6.58,50.49
99950,Active,2570812,NA,NA,D,1,0,2952881.51,210,1992,20,4,45.4
99951,Active,2569254,NA,NA,D,0,0,1754401.188,84.57,1970,28,5.39,61.61
99952,Active,661903,NA,NA,D,1,0,3254330.905,80,2000,17,19.92,73.93
99953,Active,757310,NA,NA,D,1,0,4044713.838,148,1999,14,10.62,83.89
99954,Active,2595134,NA,NA,D,1,0,2974706.455,54.95,1988,21,12.44,75.99
99955,Active,2611941,NA,NA,D,1,0,1838584.326,135,2001,27,7.39,18.49
99956,Active,2334404,NA,NA,D,1,0,1220837.001,88.75,1970,20,33.4,197.99
99957,Active,100540,NA,NA,D,1,0,133403.8763,188,1997,43,52.8,0
99958,Active,233987,NA,NA,D,1,0,598342.4838,39.95,2004,28,4,15.75
99959,Active,910101,NA,NA,D,0,0,1165951.728,60,1996,15,61.36,78.94
99960,Active,3574638,NA,NA,D,2,1,1587997.7,40,2002,26,4,42.65
99961,Active,2778809,NA,NA,D,1,0,2118759.521,87,1994,19,35.65,85.29
99962,Active,870356,NA,NA,D,2,1,67489.105,94.95,2014,31,50.37,55.99
99963,Active,285032,NA,NA,D,1,0,1833476.129,63,2006,39,4,26.99
99964,Active,106994,NA,NA,D,1,0,1154354.058,72,2005,59,4,4
99965,Active,703268,NA,NA,D,1,0,2080205.703,65,2004,41,4,12.95
99966,Active,106979,NA,NA,D,1,0,1482631.471,55,2004,40,4,22.99
99967,Active,181965,NA,NA,D,4,1,764922.8638,39.99,2007,32,4,32.03
99968,Active,107022,NA,NA,D,1,0,2485040.655,65,2004,28,4,11.96
99969,Active,703386,NA,NA,D,1,0,1611303.278,65,2006,42,4,26.7
99970,Active,665097,NA,NA,D,0,0,1674767.703,59.95,2013,12,16.9,257.67
99971,Active,1562739,NA,NA,D,2,1,2176780.249,106,2008,11,11.99,46.49
99972,Active,2680873,NA,NA,D,1,0,5469029.5,165,2000,6,34.38,36.99
99973,Active,192414,NA,NA,D,3,1,2374044.815,539.95,2004,11,83.98,135.99
99974,Active,528596,NA,NA,D,2,1,1863130.259,59.95,2007,17,45.79,197.35
99975,Active,621244,NA,NA,D,1,0,750258.9838,89.95,2006,24,4,59.05
99976,Active,666953,NA,NA,D,0,0,1864503.694,409,2007,16,214.44,228.99
99977,Active,3133662,NA,NA,D,0,0,1853354.318,60,2001,23,23.87,88.4
99978,Active,202253,NA,NA,D,3,1,3618977.66,53.95,1999,36,4,7.94
99979,Active,275160,NA,NA,D,0,0,422797.0788,63,2001,15,31.66,63
99980,Active,2572340,NA,NA,D,1,0,1752909.949,82.5,1994,20,6.38,151.01
99981,Active,2577404,NA,NA,D,1,0,537745.6475,211,1985,21,51.14,94.57
99982,Active,2564760,NA,NA,D,1,0,4384784.139,140.28,1970,17,4.59,137.31
99983,Active,1592868,NA,NA,D,1,0,4489767.473,99.99,2007,18,27.9,70.88
99984,Active,2502971,NA,NA,D,0,0,831920.245,109,2000,22,52.34,84.17
99985,Active,2561246,NA,NA,D,3,1,1056305.815,233.29,1978,16,5.57,98.99
99986,Active,646104,NA,NA,D,0,0,437463.6875,79.95,2012,53,32.22,63.02
99987,Active,2526019,NA,NA,D,2,1,8149060.9,26.95,1988,21,4,43.63
99988,Active,2561686,NA,NA,D,1,0,2190597.874,74.95,1981,16,4,74.16
99989,Active,774071,NA,NA,D,0,0,1741508.208,80.29,1999,24,4,71.26
99990,Active,56339,NA,NA,D,1,0,1821916.968,141.95,2006,29,4,60.58
99991,Active,243725,NA,NA,D,5,1,22259.02875,150,2009,313,6.25,41.4
99992,Active,763718,NA,NA,D,0,0,2303755.668,79.95,1998,22,4,32.98
99993,Active,2251969,NA,NA,D,9,1,2067661.686,38.99,2007,91,7.48,38.39
99994,Active,769151,NA,NA,D,0,0,933886.215,68.49,2002,21,5.87,33.98
99995,Active,763849,NA,NA,D,1,0,1825154.578,449.95,1998,28,6.21,53.75
99996,Active,872463,NA,NA,D,4,1,1267561.723,73.52,1987,42,5.99,69.47
99997,Active,2670451,NA,NA,D,0,0,5383821.293,58.95,1994,9,5.93,675
99998,Active,3471090,NA,NA,D,1,0,4011101.75,99.95,1999,22,5.39,66.99
99999,Active,2832436,NA,NA,D,4,1,3663781.505,375,2000,15,212.29,301.52
100000,Active,888216,NA,NA,D,1,0,3284226.828,209.95,2006,12,50,152.91
100001,Active,901338,NA,NA,D,1,0,3226078.534,260,2008,13,98.94,167.69
100002,Active,301340,NA,NA,D,0,0,5680778.541,249,2003,20,132.54,188.41
100003,Active,1568634,NA,NA,D,0,0,4990506.778,193,2009,15,7.95,73.13
100004,Active,755903,NA,NA,D,0,0,5757285.014,200.95,2011,14,10.51,125.41
100005,Active,911873,NA,NA,D,1,0,779497.2625,149,1998,23,10.25,43.47
100006,Active,751242,NA,NA,D,1,0,4610067.348,216.95,2010,11,102.55,109.47
100007,Active,901531,NA,NA,D,1,0,3100195.64,155,2011,22,19,34.57
100008,Active,749072,NA,NA,D,1,0,3519123.843,163,2006,17,10.43,44.71
100009,Active,3084049,NA,NA,D,12,1,4426635.938,27.8,2002,11,8.09,23.98
100010,Active,246352,NA,NA,D,1,0,1494275.029,63.5,2005,38,4,27.99
100011,Active,904405,NA,NA,D,0,0,1813045.601,38.35,1982,15,4.35,94.75
100012,Active,2355090,NA,NA,D,0,0,3005228.336,66,2000,11,47.48,49.18
100013,Active,2260861,NA,NA,D,3,1,2173058.885,6.67,2008,28,22.2,23.99
100014,Active,109970,NA,NA,D,4,1,1213479.109,130.62,2008,25,4,48.03
100015,Active,2801424,NA,NA,D,0,0,3231678.299,52.95,1994,17,4.46,12.99
100016,Active,870013,NA,NA,D,7,1,2327206.153,75.97,2010,20,6.17,112.35
100017,Active,613455,NA,NA,D,1,0,630564.4213,89.49,2009,28,5.07,5.07
100018,Active,205908,NA,NA,D,3,1,910185.3975,55,2004,26,4.99,33.08
100019,Active,247490,NA,NA,D,1,0,3004033.029,49.95,2005,23,4,26.99
100020,Active,2602302,NA,NA,D,0,0,3537027.814,95.99,1996,16,6.38,62.73
100021,Active,1587429,NA,NA,D,0,0,1440522.648,48,2006,34,4,7.47
100022,Active,2788948,NA,NA,D,1,0,3089814.1,133,1998,21,30.95,111.26
100023,Active,893373,NA,NA,D,0,0,496656.885,376.33,2009,13,33.99,802.99
100024,Active,666996,NA,NA,D,0,0,2106965.781,169,2011,21,127.87,123.91
100025,Active,902915,NA,NA,D,1,0,2291698.904,64.95,2006,21,15.97,155.28
100026,Active,129335,NA,NA,D,1,0,1313334.42,51,2010,27,16.14,42.1
100027,Active,2571435,NA,NA,D,0,0,961032.9125,62.95,1958,24,14.73,89.3
100028,Active,1475846,NA,NA,D,1,0,1263704.794,83,2014,13,37.94,13.7
100029,Active,268225,NA,NA,D,5,1,2770283.691,45.95,2007,14,4.4,38.29
100030,Active,2712365,NA,NA,D,2,1,1954013.136,39.95,2004,22,12.25,67.31
100031,Active,899744,NA,NA,D,2,1,3849435.633,78.58,1992,19,8.92,57.65
100032,Active,2579368,NA,NA,D,1,0,3934966.695,177,1994,16,11.91,73.45
100033,Active,176601,NA,NA,D,1,0,1272480.283,52.95,1995,34,4,34.31
100034,Active,3484913,NA,NA,D,1,0,1217326.95,79,1992,52,4,40.79
100035,Active,260306,NA,NA,D,0,0,1102667.496,56.95,2003,36,25.54,63.96
100036,Active,1493753,NA,NA,D,1,0,2254853.019,45,2007,16,20.97,30.43
100037,Active,649359,NA,NA,D,1,0,790035.3063,90,1994,23,28.48,99.77
100038,Active,2591546,NA,NA,D,1,0,1947095.95,47.5,1985,12,21.54,0
100039,Active,3553139,NA,NA,D,1,0,1323226.5,87.5,1987,43,9.91,115.43
100040,Active,527463,NA,NA,D,5,1,819445.4588,274,2011,22,120.24,119.99
100041,Active,296960,NA,NA,D,2,1,856546.73,160,2000,19,7.36,66.79
100042,Active,55524,NA,NA,D,2,1,221135.2038,99.95,2008,25,44.99,123
100043,Active,788648,NA,NA,D,1,0,2637492.579,279,1999,15,33.74,97.09
100044,Active,912813,NA,NA,D,1,0,828790.78,39.95,2001,23,5.29,40.61
100045,Active,804104,NA,NA,D,1,0,3690325.101,259,2008,22,16.39,97.76
100046,Active,868435,NA,NA,D,1,0,666956.2625,69.95,2006,35,4.95,58.39
100047,Active,2779069,NA,NA,D,1,0,442714.6463,399,1994,26,33.44,97.53
100048,Active,1839415,NA,NA,D,1,0,2448146.371,55.95,2009,17,5.96,33.98
100049,Active,3606683,NA,NA,D,0,0,2420560.25,0,2010,17,41.99,250.23
100050,Active,3621285,NA,NA,D,0,0,3456780.6,0,2004,21,58.99,134.16
100051,Active,788750,NA,NA,D,3,1,4069641.376,129,1999,25,4.23,35.11
100052,Active,726885,NA,NA,D,1,0,1768905.66,59.99,2000,25,12.56,43.54
100053,Active,1472969,NA,NA,D,1,0,1182200.929,60,2010,11,42.4,18.95
100054,Active,775002,NA,NA,D,3,1,9701969.331,210,2001,11,4.48,121.16
100055,Active,113365,NA,NA,D,1,0,7678531.465,195,1999,15,6.98,14
100056,Active,3062719,NA,NA,D,1,0,1814997.623,78,2001,33,21.53,27.41
100057,Active,2407410,NA,NA,D,1,0,1728465.98,110,1995,33,5,35.99
100058,Active,701027,NA,NA,D,2,1,1980941.676,83,2005,20,12.82,26.29
100059,Active,2662961,NA,NA,D,15,1,8788124.399,189,1996,22,8.69,21.9
100060,Active,2907539,NA,NA,D,0,0,723328.6288,39.99,2004,20,18.12,67.31
100061,Active,2590958,NA,NA,D,0,0,1263943.268,54.95,1984,35,6.92,45.47
100062,Active,2598868,NA,NA,D,0,0,2951562.203,149.99,1993,16,21.99,96.61
100063,Active,2033262,NA,NA,D,0,0,1166110.88,45,2012,15,22.54,29.82
100064,Active,2301882,NA,NA,D,0,0,197627.6975,147.25,2003,49,9.98,35.46
100065,Active,52647,NA,NA,D,7,1,187058.2925,232.2,2011,49,10.3,114.1
100066,Active,3068410,NA,NA,D,1,0,2846075.968,75,2003,19,19.16,526.44
100067,Active,2448648,NA,NA,D,1,0,1333392.648,50,1991,33,12.62,50.76
100068,Active,2615115,NA,NA,D,1,0,2737916.603,295,2005,18,14.05,58.79
100069,Active,894613,NA,NA,D,2,1,5846718.649,59,1997,17,11.02,60.95
100070,Active,658078,NA,NA,D,0,0,391930.8875,129,2013,54,86.78,86.72
100071,Active,2551187,NA,NA,D,11,1,4052267.524,63.95,1999,18,4,46.81
100072,Active,2551406,NA,NA,D,13,1,4002726.979,76.95,2001,18,4.43,71.55
100073,Active,748224,NA,NA,D,3,1,2324769.111,6.49,2000,17,4,6.49
100074,Active,914645,NA,NA,D,2,1,3538482.509,53.95,1996,20,4,45.85
100075,Active,724026,NA,NA,D,1,0,939787.925,56,2010,26,12.99,39.06
100076,Active,2109252,NA,NA,D,0,0,238649.4,28.95,2010,27,17.94,16.63
100077,Active,2834409,NA,NA,D,0,0,2672611.338,38.95,1985,26,4,56.37
100078,Active,299571,NA,NA,D,1,0,852961.8025,72,2001,29,4.68,7.94
100079,Active,3577873,NA,NA,D,0,0,12148823.25,115,1994,11,6.33,9.95
100080,Active,848084,NA,NA,D,0,0,1262501.279,24.6,1997,26,6.04,19.02
100081,Active,3148784,NA,NA,D,0,0,1630517.551,449,2003,21,210.54,332.73
100082,Active,2701205,NA,NA,D,0,0,9079226.038,6.95,2004,19,4,8.99
100083,Active,2587919,NA,NA,D,1,0,2064606.189,94.94,1966,17,10.13,92.73
100084,Active,2713420,NA,NA,D,1,0,7029877.091,4,2003,19,3.29,5.23
100085,Active,3809959,NA,NA,D,0,0,1041538.7,49.95,2012,14,10.14,2346.73
100086,Active,718630,NA,NA,D,0,0,1153139.726,300,1999,28,4.47,675
100087,Active,126859,NA,NA,D,1,0,1076212.784,39.95,2007,24,4.98,19.91
100088,Active,644970,NA,NA,D,1,0,1384355.919,42.95,2008,18,7.62,20.5
100089,Active,723600,NA,NA,D,1,0,2312901.206,44.95,2009,18,5.64,5.94
100090,Active,127761,NA,NA,D,0,0,548419.4575,39.95,2004,29,4.17,14.49
100091,Active,2415215,NA,NA,D,0,0,2267029.084,75,2000,28,4.34,18.98
100092,Active,126328,NA,NA,D,0,0,1152674.391,372,2001,16,49.94,78.99
100093,Active,2416387,NA,NA,D,0,0,1814415.7,0,2000,19,4.96,79.69
100094,Active,2415253,NA,NA,D,0,0,2423412.225,95,2002,21,26.98,95.18
100095,Active,2400779,NA,NA,D,0,0,3339326.249,39.5,1999,28,4,43.63
100096,Active,2415350,NA,NA,D,2,1,3172609.089,52.5,2004,22,4,48.61
100097,Active,1466075,NA,NA,D,1,0,1169878.921,55,2007,14,6.38,38.92
100098,Active,897684,NA,NA,D,1,0,3075974.989,55,2006,13,5.83,28.98
100099,Active,641504,NA,NA,D,5,1,1554953.103,65,2009,14,17.12,55.9
100100,Active,1472058,NA,NA,D,7,1,4232011.231,49.95,2008,15,16.34,129.81
100101,Active,2400836,NA,NA,D,2,1,4767917.3,60,2005,15,5.12,56.61
100102,Active,863742,NA,NA,D,3,1,1374421.434,58,2009,19,5.68,22.75
100103,Active,1468056,NA,NA,D,3,1,1589320.208,52.5,2006,16,4.97,116.18
100104,Active,128352,NA,NA,D,1,0,3339803.146,59.95,2006,12,8.43,33.94
100105,Active,1469734,NA,NA,D,1,0,5059621.484,200,2007,17,18.1,55.38
100106,Active,427000,NA,NA,D,1,0,3063225.685,250,2001,20,4.87,70.56
100107,Active,1465987,NA,NA,D,1,0,3734286.145,47.5,2006,13,14.17,132.72
100108,Active,1466017,NA,NA,D,1,0,5511074.25,54.5,2006,6,16.14,2707.22
100109,Active,2400835,NA,NA,D,1,0,4203435.29,55,2004,21,4.76,78.69
100110,Active,2415257,NA,NA,D,1,0,3345553.7,49.95,2005,18,6.08,27.99
100111,Active,2415463,NA,NA,D,1,0,4914161.904,55,2005,16,6.39,74.29
100112,Active,1472311,NA,NA,D,2,1,3361631.119,80,2009,14,6.39,8
100113,Active,1466090,NA,NA,D,2,1,4690488.151,75,2006,16,31.03,71.63
100114,Active,891661,NA,NA,D,1,0,6597652.846,47.5,2005,17,4.98,39.46
100115,Active,1466836,NA,NA,D,0,0,2638822.69,55.51,2007,14,4.97,464.66
100116,Active,897289,NA,NA,D,2,1,1023804.888,41.91,1996,18,18.69,39.67
100117,Active,1466850,NA,NA,D,0,0,2323746.045,35.29,2007,39,4,45.4
100118,Active,724907,NA,NA,D,0,0,200256.245,55,2011,50,20.45,75.85
100119,Active,1466848,NA,NA,D,0,0,3087184.815,60.74,2007,18,4.54,49.64
100120,Active,1474351,NA,NA,D,0,0,6282530.348,110,2010,16,23.51,101.76
100121,Active,1473400,NA,NA,D,1,0,3458540.056,130,2009,13,6.08,46.19
100122,Active,1473401,NA,NA,D,0,0,2709493.579,48.95,2009,22,11.91,18.6
100123,Active,893896,NA,NA,D,0,0,2914181.563,48.05,2004,21,4,43.25
100124,Active,2400802,NA,NA,D,2,1,6265319.626,445,2001,9,7.22,0
100125,Active,1465948,NA,NA,D,1,0,3876144.31,175,2006,13,106.44,138.99
100126,Active,650329,NA,NA,D,3,1,1980037.569,249.5,2003,24,6.22,164.99
100127,Active,909629,NA,NA,D,3,1,3910159.408,595,2004,21,33.9,153.7
100128,Active,1925460,NA,NA,D,0,0,464834.16,12.99,2013,47,4,8.44
100129,Active,1458068,NA,NA,D,1,0,2540466.985,79.8,2008,19,26.22,132.26
100130,Active,2365228,NA,NA,D,3,1,1824352.344,212.97,2001,8,0,373.98
100131,Active,2813102,NA,NA,D,0,0,1261893.609,36,1995,18,14.33,73.11
100132,Active,631768,NA,NA,D,2,1,1483208.389,49.95,2006,27,4,18.99
100133,Active,868277,NA,NA,D,1,0,3096093.601,109,2001,27,4,48.53
100134,Active,2551542,NA,NA,D,4,1,9554152.701,31.95,2003,11,4.76,31.81
100135,Active,246551,NA,NA,D,2,1,3662631.838,45.95,2007,15,6.32,51.38
100136,Active,2720099,NA,NA,D,1,0,839458.845,93,2000,18,10.08,63.99
100137,Active,2503575,NA,NA,D,0,0,3009372.573,0,1970,27,5.99,33.98
100138,Active,630928,NA,NA,D,1,0,995569.1538,44.95,2000,23,6.22,97.94
100139,Active,2551156,NA,NA,D,1,0,1744650.385,80.95,2001,29,4,30.39
100140,Active,2159945,NA,NA,D,0,0,898078.5713,139,2008,23,14.44,26.94
100141,Active,361948,NA,NA,D,0,0,2368800.509,365,2006,11,85.99,129.94
100142,Active,916331,NA,NA,D,0,0,2313330.794,42,1996,25,4.12,66.18
100143,Active,598913,NA,NA,D,1,0,2454481.858,129,2004,16,13.58,9.93
100144,Active,573904,NA,NA,D,0,0,360407.9263,60,2005,22,4.99,20.98
100145,Active,2594606,NA,NA,D,0,0,2401328.694,179.99,1990,21,19.14,67.32
100146,Active,3013598,NA,NA,D,0,0,454499.2525,75,1989,69,7.83,43.99
100147,Active,730335,NA,NA,D,0,0,4356053.205,65,1999,24,4.63,53.17
100148,Active,155275,NA,NA,D,0,0,3202331.523,71.56,2000,32,4,6.89
100149,Active,629274,NA,NA,D,2,1,1271639.535,113,1999,31,4.69,0
100150,Active,775006,NA,NA,D,1,0,1473758.061,52.95,2001,37,4,9.98
100151,Active,294698,NA,NA,D,0,0,1026239.498,35,2004,26,4,0
100152,Active,896676,NA,NA,D,2,1,7483938,26.65,1989,18,4.99,16.99
100153,Active,2502449,NA,NA,D,0,0,6199350.279,289,2001,16,12.65,89.97
100154,Active,906287,NA,NA,D,1,0,4356089.145,38.99,2004,24,3.99,38.99
100155,Active,234351,NA,NA,D,1,0,1147322.056,50,2004,41,6.19,21.94
100156,Active,600552,NA,NA,D,3,1,1407101.031,42.23,2010,22,4,28.94
100157,Active,869826,NA,NA,D,3,1,5242436.076,56.32,2010,13,12.18,13.98
100158,Active,3567169,NA,NA,D,0,0,485781.8,125,2014,53,20.29,73.2
100159,Active,778845,NA,NA,D,4,1,2342151.384,78.58,1999,33,4.97,17.71
100160,Active,268726,NA,NA,D,0,0,1020376.77,39.95,2010,27,6.23,24.83
100161,Active,899388,NA,NA,D,1,0,1226990.173,87,2003,17,34.38,75.93
100162,Active,890683,NA,NA,D,0,0,2340851.748,12.99,2012,10,4,12.99
100163,Active,2869461,NA,NA,D,0,0,1082773.116,69,1985,31,10.04,54.91
100164,Active,2009815,NA,NA,D,1,0,2653883.216,49.95,2007,31,4,38.29
100165,Active,2502327,NA,NA,D,0,0,1352080.849,69.95,1996,56,4,9.99
100166,Active,2602457,NA,NA,D,2,1,2344246.7,27.99,1995,33,4,8.96
100167,Active,3475000,NA,NA,D,1,0,1733019.45,61,1989,27,14,58.91
100168,Active,3041586,NA,NA,D,0,0,1659851.813,59.95,2003,16,39.37,309.81
100169,Active,904960,NA,NA,D,0,0,6792458.546,58.4,1995,15,4.71,42.07
100170,Active,366481,NA,NA,D,1,0,1552934.961,85.95,2003,24,6.32,15.71
100171,Active,3073844,NA,NA,D,1,0,8269630.254,63.95,2000,15,7.84,58.43
100172,Active,2261738,NA,NA,D,0,0,5433986.665,79.11,2009,36,35.81,102.16
100173,Active,610251,NA,NA,D,1,0,943007.9413,87.95,2001,35,4,0
100174,Active,199905,NA,NA,D,0,0,1917176.203,47.95,2004,22,18.98,73.98
100175,Active,1517872,NA,NA,D,1,0,1399197.956,225,2009,20,53.98,233.21
100176,Active,147703,NA,NA,D,1,0,1278534.194,266.95,2011,10,160.91,303.94
100177,Active,265037,NA,NA,D,0,0,1646375.723,69.95,2010,42,4,13.98
100178,Active,1854945,NA,NA,D,3,1,4690891.401,78.95,2008,22,4.18,50.66
100179,Active,131931,NA,NA,D,1,0,1046486.218,44.5,2005,39,4,15.92
100180,Active,139544,NA,NA,D,1,0,625519.515,59.95,1995,20,18.36,90.5
100181,Active,793931,NA,NA,D,2,1,4508425.786,140,2005,15,8.99,96.92
100182,Active,2396850,NA,NA,D,1,0,1177310.516,99.95,1996,17,4.98,13.96
100183,Active,1469555,NA,NA,D,1,0,2833063.623,150,2006,13,33.98,48.65
100184,Active,2646430,NA,NA,D,0,0,6269150.6,55.95,1992,7,45.93,0
100185,Active,2404591,NA,NA,D,1,0,516811.81,39.95,1988,33,4,52.53
100186,Active,576278,NA,NA,D,1,0,2018695.131,79,1999,54,4,23.3
100187,Active,899047,NA,NA,D,1,0,709875.5813,49.95,2003,22,9.68,167.38
100188,Active,922606,NA,NA,D,0,0,696693.165,24.95,1994,87,4,10.49
100189,Active,1693914,NA,NA,D,2,1,3643367.569,20.95,2006,24,3.89,30.3
100190,Active,1469847,NA,NA,D,1,0,2346943.863,175,2010,18,30.94,33.98
100191,Active,2340221,NA,NA,D,2,1,3311837.79,88.4,1991,14,8.48,72.32
100192,Active,2392807,NA,NA,D,1,0,561602.6938,100,1999,17,6.49,73.43
100193,Active,2617956,NA,NA,D,1,0,2784315.626,99,1990,16,40.29,104.68
100194,Active,220623,NA,NA,D,1,0,330584.6125,83,1998,28,22.48,64.97
100195,Active,2502324,NA,NA,D,0,0,2391917.001,124,1996,16,33.97,33.99
100196,Active,3843081,NA,NA,D,0,0,10342287.05,109,2002,8,46.94,181.17
100197,Active,1835419,NA,NA,D,0,0,2235310.231,229,2009,20,88.99,166
100198,Active,667061,NA,NA,D,0,0,2683690.594,59.95,2012,15,48.4,47.88
100199,Active,2588283,NA,NA,D,1,0,1343037.156,49.5,1970,18,5.97,73.67
100200,Active,301246,NA,NA,D,10,1,628620.92,56.95,2006,29,4,9.92
100201,Active,1591084,NA,NA,D,1,0,2885912.076,84.99,2010,16,8.93,18.63
100202,Active,2031439,NA,NA,D,0,0,735141.1188,69.95,2011,37,34.26,55.81
100203,Active,2046057,NA,NA,D,0,0,109922.0738,49,2014,38,42.12,42.94
100204,Active,666419,NA,NA,D,2,1,794490.3525,49.95,2006,27,23.97,190.83
100205,Active,1752877,NA,NA,D,4,1,883163.6888,39.95,2010,30,20.95,115.27
100206,Active,1737330,NA,NA,D,2,1,1143092.963,89.95,2009,24,18.59,73.33
100207,Active,3511948,NA,NA,D,0,0,1563281.25,99,1900,19,34.63,139.26
100208,Active,552356,NA,NA,D,0,0,1025044.219,35.27,2004,34,3.98,0
100209,Active,861654,NA,NA,D,0,0,957607.7013,47,2013,37,4.99,16.99
100210,Active,2186459,NA,NA,D,0,0,1736335.413,69.99,2010,23,45.16,52.89
100211,Active,143448,NA,NA,D,1,0,1102902.493,39,2007,23,4.98,34.37
100212,Active,737191,NA,NA,D,2,1,2558848.421,112,2002,16,8.99,22.12
100213,Active,894155,NA,NA,D,3,1,4643740.688,29.95,2005,15,4,72.55
100214,Active,2060601,NA,NA,D,0,0,1175178.976,19.99,2009,37,9.77,15.86
100215,Active,527353,NA,NA,D,5,1,137529.9875,157,2011,31,78.99,108.96
100216,Active,904254,NA,NA,D,1,0,1542136.731,39.95,2005,15,4.98,89.04
100217,Active,2597050,NA,NA,D,0,0,2269964.289,156,1993,13,10.78,117.9
100218,Active,625339,NA,NA,D,1,0,602658.4363,95.95,2008,28,46.86,70.7
100219,Active,797631,NA,NA,D,1,0,2736446.653,151.95,2004,25,10.68,19.99
100220,Active,645706,NA,NA,D,3,1,1349593.609,175.99,2007,24,46.31,135.23
100221,Active,2525310,NA,NA,D,1,0,6239821.249,99,1998,13,22.69,88.3
100222,Active,643329,NA,NA,D,2,1,2223033.413,299,1999,22,10.73,149.27
100223,Active,640560,NA,NA,D,2,1,2541702.901,369,2008,12,98.68,240.27
100224,Active,152269,NA,NA,D,5,1,1163220.394,286,2006,13,88.76,47.99
100225,Active,2550274,NA,NA,D,2,1,10924974.18,195,1987,10,4.83,194.08
100226,Active,2551639,NA,NA,D,2,1,3257050.956,145,1998,18,6.06,42.79
100227,Active,625162,NA,NA,D,1,0,1191560.519,36.95,2001,30,4,21.14
100228,Active,203834,NA,NA,D,0,0,910437.7688,74.95,2006,44,4,8.49
100229,Active,919920,NA,NA,D,0,0,207962.6188,25.95,2003,45,4,13.96
100230,Active,609490,NA,NA,D,4,1,2213784.641,36.95,2003,45,4,9.49
100231,Active,542186,NA,NA,D,1,0,1960461.569,140,2002,16,23.97,38.4
100232,Active,2283626,NA,NA,D,1,0,162632,0,2011,14,0,0
100233,Active,2290655,NA,NA,D,0,0,162632,0,2011,12,0,0
100234,Active,647769,NA,NA,D,9,1,1369670.495,149,2006,19,6.66,63.94
100235,Active,3784156,NA,NA,D,1,0,5776412.25,58.95,2002,15,4,18.94
100236,Active,911449,NA,NA,D,4,1,3379481.463,38.95,1994,19,4,28.99
100237,Active,3071027,NA,NA,D,0,0,4070856.881,119.95,2002,18,7.64,160.11
100238,Active,1533568,NA,NA,D,2,1,2675833.829,229,2007,21,13.53,146.45
100239,Active,657397,NA,NA,D,2,1,2280144.886,43.95,2003,20,17.43,40.98
100240,Active,2565080,NA,NA,D,1,0,1015091.888,98,1973,25,8.33,78.99
100241,Active,758165,NA,NA,D,1,0,1152635.086,86.5,1998,20,4.63,58.98
100242,Active,113319,NA,NA,D,1,0,3045388.345,140,2003,15,65.8,128.3
100243,Active,896031,NA,NA,D,2,1,3475869.028,79.95,2003,16,4,47.93
100244,Active,2875880,NA,NA,D,1,0,1339004.729,50,2002,22,15.25,16.99
100245,Active,845564,NA,NA,D,3,1,6941001.25,0,1991,20,4.1,52.05
100246,Active,2622669,NA,NA,D,3,1,3329661.419,67.8,2003,18,4,52.31
100247,Active,2606278,NA,NA,D,0,0,2914851.353,124.99,2003,18,30.76,84.94
100248,Active,2609898,NA,NA,D,0,0,4868340.64,134.99,1999,21,23.63,70.55
100249,Active,2591727,NA,NA,D,0,0,3579829.586,39.5,1984,12,25.94,0
100250,Active,2617895,NA,NA,D,1,0,2308242.211,41.95,1989,18,4,39.89
100251,Active,2569427,NA,NA,D,4,1,918948.505,249,1991,24,6.88,43.98
100252,Active,2606493,NA,NA,D,1,0,1170743.915,54.99,1998,26,13.05,29.05
100253,Active,2608941,NA,NA,D,0,0,1728488.941,139.99,1999,16,43.99,58.82
100254,Active,3494857,NA,NA,D,1,0,919575.65,50,1985,52,40.19,156.05
100255,Active,3582867,NA,NA,D,0,0,2517410.5,74,2003,30,32.21,66.93
100256,Active,762417,NA,NA,D,0,0,546400.94,240,2000,15,23.99,71.64
100257,Active,1692005,NA,NA,D,0,0,1600996.073,42.99,2007,15,43.94,51.33
100258,Active,496091,NA,NA,D,0,0,1204006.808,139.95,2008,17,36.79,139.95
100259,Active,627852,NA,NA,D,24,1,294367.2375,247.95,2013,100,4.57,39.99
100260,Active,2022096,NA,NA,D,1,0,2381506.966,49.95,2007,19,8.94,21.53
100261,Active,2022098,NA,NA,D,1,0,2827374.444,49.95,2007,17,4.4,25.89
100262,Active,2874672,NA,NA,D,0,0,5980784.313,105,1995,22,4.78,41.57
100263,Active,910869,NA,NA,D,0,0,1420461.144,179,2007,21,16.94,47.06
100264,Active,3010499,NA,NA,D,0,0,3681280.184,26.95,1999,16,4.17,22.87
100265,Active,3033672,NA,NA,D,0,0,363578.3138,39.95,2002,38,4,10.23
100266,Active,2009946,NA,NA,D,37,1,4193116.101,69.95,2008,18,4,43.65
100267,Active,3141368,NA,NA,D,0,0,1743633.513,76.95,2001,14,37.4,0
100268,Active,1472497,NA,NA,D,1,0,1094833.221,110,2009,23,8.7,9.93
100269,Active,859919,NA,NA,D,0,0,2301992.7,119,2009,14,39.51,78.19
100270,Active,626998,NA,NA,D,0,0,1457167.821,93.8,2008,24,4.74,39.99
100271,Active,915511,NA,NA,D,1,0,1710289.689,42.95,2008,29,4,8.79
100272,Active,2388845,NA,NA,D,1,0,1646802.989,51,1965,30,4.92,47.21
100273,Active,2525102,NA,NA,D,0,0,2027365.691,229,1994,17,175.06,152.67
100274,Active,2776166,NA,NA,D,0,0,4167975.566,21.95,1988,17,4.11,12.19
100275,Active,2679295,NA,NA,D,1,0,9482289.77,125,1994,12,4.99,66.13
100276,Active,534567,NA,NA,D,19,1,431087.06,66.95,2012,32,13.8,73.98
100277,Active,647292,NA,NA,D,18,1,1954476.306,69.95,2011,13,25.64,43.55
100278,Active,789295,NA,NA,D,1,0,2465999.805,168.99,2005,12,11.53,8.36
100279,Active,2177822,NA,NA,D,2,1,4024637.791,329,2007,14,94.53,176.63
100280,Active,743401,NA,NA,D,1,0,4002130.505,35.95,2003,18,6.09,27.19
100281,Active,2022168,NA,NA,D,14,1,945328.2013,134.95,2014,11,63.93,82.99
100282,Active,1930322,NA,NA,D,2,1,1410238.066,99,2014,18,59.98,60.25
100283,Active,3559635,NA,NA,D,5,1,3846771.3,61,1992,21,5.72,65.15
100284,Active,750104,NA,NA,D,1,0,2576541.288,152.95,2009,16,22.94,88.37
100285,Active,645613,NA,NA,D,1,0,1150402.346,79.99,2003,25,4,50.78
100286,Active,582088,NA,NA,D,4,1,3819610.233,249.95,2003,13,4.56,60.79
100287,Active,263731,NA,NA,D,2,1,1350968.225,46.95,2004,31,3.98,4.24
100288,Active,106048,NA,NA,D,1,0,2510381.561,89,2006,23,8.66,37.78
100289,Active,527323,NA,NA,D,4,1,1132791.111,242,2011,17,56.94,118.99
100290,Active,2551095,NA,NA,D,2,1,2768627.878,285,1999,16,12.41,106.71
100291,Active,266176,NA,NA,D,0,0,1538338.196,139,2007,20,22.33,0
100292,Active,743766,NA,NA,D,1,0,3672746.058,54.95,2006,19,4.64,43.97
100293,Active,901426,NA,NA,D,0,0,3705316.118,229,2007,13,70.91,77.44
100294,Active,372103,NA,NA,D,1,0,1261699.276,157.95,2004,16,45.37,46.38
100295,Active,2719061,NA,NA,D,0,0,2369013.299,42,2000,16,31.99,210.99
100296,Active,435134,NA,NA,D,4,1,2312250.111,499,2006,18,37.84,627.52
100297,Active,908453,NA,NA,D,1,0,2161560.348,79,1999,24,4,16.89
100298,Active,152501,NA,NA,D,0,0,2015695.369,189,2008,28,4.3,132.85
100299,Active,2502866,NA,NA,D,0,0,3358502.453,439,2000,15,39,60.48
100300,Active,3123754,NA,NA,D,2,1,760284.415,52.95,2004,25,4.8,63.24
100301,Active,3787852,NA,NA,D,1,0,9522453.85,43.95,1996,14,4,9.96
100302,Active,919842,NA,NA,D,5,1,3560821.679,84.95,2003,37,4.35,3.6
100303,Active,2022099,NA,NA,D,1,0,1965039.806,64.95,2006,29,4,9.49
100304,Active,280626,NA,NA,D,1,0,3173800.815,179,2004,19,12.08,105.89
100305,Active,3785780,NA,NA,D,2,1,3046100.95,34.95,2002,26,12.33,42.03
100306,Active,884450,NA,NA,D,1,0,5258022.764,89.95,2007,12,7.35,61.93
100307,Active,625693,NA,NA,D,1,0,1037468.654,101,2009,25,4,21.98
100308,Active,527317,NA,NA,D,5,1,9386.63,132,2012,43,55.52,97.84
100309,Active,2406799,NA,NA,D,1,0,3052419.473,85,1994,22,9.01,25.63
100310,Active,636195,NA,NA,D,3,1,579154.5575,109,2009,28,50.36,58.22
100311,Active,882568,NA,NA,D,1,0,5878811.816,229,1999,18,8.83,55.14
100312,Active,620259,NA,NA,D,5,1,240512.6363,39.95,2010,23,18.62,61.97
100313,Active,636214,NA,NA,D,0,0,1680490.235,99,2011,14,49,0
100314,Active,2022129,NA,NA,D,0,0,1377995.18,99.95,2010,13,51.48,138.48
100315,Active,897772,NA,NA,D,1,0,2523347.5,83.95,2005,17,30.06,74.25
100316,Active,891537,NA,NA,D,0,0,5220304.139,259,2003,16,30.83,86.47
100317,Active,1840209,NA,NA,D,1,0,3642672.601,192.95,2008,11,52.17,51.2
100318,Active,639308,NA,NA,D,1,0,879224.625,249.99,2008,21,52.85,0
100319,Active,3569414,NA,NA,D,2,1,5420446,36.95,2002,41,4,13.97
100320,Active,146880,NA,NA,D,5,1,711721.575,76.95,2001,41,5.42,18.98
100321,Active,1559079,NA,NA,D,1,0,1515036.098,49.95,2013,14,45.28,43.49
100322,Active,3518664,NA,NA,D,4,1,1786690.65,42.95,2008,38,22.83,40.22
100323,Active,2900526,NA,NA,D,0,0,3023265.789,9.95,1989,30,4,80.97
100324,Active,3074953,NA,NA,D,0,0,1627678.348,49.95,2000,19,14.93,95.47
100325,Active,806843,NA,NA,D,0,0,1089497.584,12.99,2009,25,4.1,37.98
100326,Active,3103930,NA,NA,D,1,0,1866195.32,59.95,2005,27,4,16.85
100327,Active,593924,NA,NA,D,1,0,1052836.459,88.95,2010,20,20.74,39.1
100328,Active,628078,NA,NA,D,1,0,1849884.863,90,2007,26,6.26,39.92
100329,Active,2673610,NA,NA,D,0,0,2196077.005,69.95,1993,26,12.19,69.07
100330,Active,3815257,NA,NA,D,0,0,2462221.1,49.99,2010,17,18.16,49.98
100331,Active,3605705,NA,NA,D,1,0,4967823.95,59.95,1900,40,4,14.68
100332,Active,619975,NA,NA,D,0,0,875967.24,102.25,2000,28,4.15,12.49
100333,Active,2438585,NA,NA,D,2,1,9399171.573,57.5,2002,21,4.97,49.85
100334,Active,1765217,NA,NA,D,0,0,1100608.858,99,2013,21,11.64,14.24
100335,Active,2589964,NA,NA,D,0,0,3102065.586,37.95,1977,10,29.48,73.98
100336,Active,61101,NA,NA,D,4,1,1185867.444,251.25,2001,33,4.49,49.09
100337,Active,667285,NA,NA,D,0,0,1015626.095,130,2012,12,78.98,0
100338,Active,2406844,NA,NA,D,0,0,4137075.768,60,1993,13,26.39,94.02
100339,Active,1592615,NA,NA,D,0,0,4514052.129,100,2006,10,23.46,70.18
100340,Active,2609491,NA,NA,D,0,0,6521420.125,99.99,2003,17,42.97,75.54
100341,Active,907184,NA,NA,D,0,0,1624899.635,44.95,2003,21,4,91.83
100342,Active,2609447,NA,NA,D,0,0,1304253.356,120,1999,17,6.38,116.64
100343,Active,2575241,NA,NA,D,1,0,1051281.701,45,2005,14,4,43.77
100344,Active,336716,NA,NA,D,1,0,842613.6125,53.95,2010,21,8.28,0
100345,Active,1534212,NA,NA,D,0,0,1344922.371,159,2008,31,5.47,29.99
100346,Active,831003,NA,NA,D,1,0,1346404.775,68,1999,28,4,12.99
100347,Active,830396,NA,NA,D,0,0,2103104.055,60,2003,20,4,42.14
100348,Active,780242,NA,NA,D,3,1,2777110.688,69.95,1999,26,19.23,72.97
100349,Active,651886,NA,NA,D,2,1,459163.5163,111,2009,38,25.17,150.62
100350,Active,2605932,NA,NA,D,0,0,337190.3975,46.99,1997,39,4,17.15
100351,Active,563011,NA,NA,D,0,0,716234.9188,119,2008,25,31.43,82.75
100352,Active,3609329,NA,NA,D,1,0,1349363.25,60,1996,36,42.45,74.98
100353,Active,215821,NA,NA,D,0,0,864901.1613,60,1996,30,6.97,53.99
100354,Active,700840,NA,NA,D,1,0,1354165.191,62.95,2006,15,13.95,107.49
100355,Active,2678997,NA,NA,D,3,1,3370479.595,492,1993,14,22.71,278.76
100356,Active,2663822,NA,NA,D,0,0,3834154.693,129,1993,25,4,13.98
100357,Active,899549,NA,NA,D,1,0,2533739.309,74.95,1999,21,16.78,60.99
100358,Active,259241,NA,NA,D,1,0,2460193.734,34.95,2000,50,3.95,13.98
100359,Active,666339,NA,NA,D,2,1,1821366.844,249.95,2002,16,71.94,165.63
100360,Active,3584296,NA,NA,D,9,1,8426405.7,38,1994,19,4,49.19
100361,Active,3126917,NA,NA,D,2,1,2177197.066,355,2003,17,189.34,310.89
100362,Active,1593681,NA,NA,D,1,0,4032888.468,144,2007,16,35.99,36.5
100363,Active,1468627,NA,NA,D,1,0,2868391.358,87,2008,11,33.97,55.18
100364,Active,2789350,NA,NA,D,1,0,7681014.895,19.95,1990,23,4,72.33
100365,Active,212950,NA,NA,D,0,0,1478919.658,165,2001,17,9.92,99.27
100366,Active,761956,NA,NA,D,0,0,1965718.575,182,2006,11,7.98,38.99
100367,Active,741538,NA,NA,D,0,0,562021.05,97.49,1900,36,4.72,42.99
100368,Active,874496,NA,NA,D,2,1,5868540.024,58.95,1997,18,4.65,46.82
100369,Active,891102,NA,NA,D,0,0,3444795.988,55,1989,11,26.43,55
100370,Active,778288,NA,NA,D,1,0,3750394.451,29.95,2003,16,4.49,29.45
100371,Active,912225,NA,NA,D,6,1,1528342.888,105.33,1996,23,4.94,10.94
100372,Active,807975,NA,NA,D,0,0,4332040.874,44.99,2011,12,16.68,23.99
100373,Active,2572778,NA,NA,D,0,0,1106920.386,119.91,1968,17,6.37,70.89
100374,Active,3062757,NA,NA,D,2,1,1805952.416,77,2002,19,4,28.98
100375,Active,907492,NA,NA,D,0,0,3417151.408,99.5,2007,17,6.06,54.62
100376,Active,2604063,NA,NA,D,2,1,1165093.6,43,2004,16,6.96,12.49
100377,Active,2614758,NA,NA,D,2,1,5001332.071,100,2004,14,12.77,26.94
100378,Active,1571163,NA,NA,D,5,1,2127822.31,129.95,2009,10,8.97,108.52
100379,Active,541314,NA,NA,D,5,1,788152.2838,59.95,2006,25,4.91,25.9
100380,Active,656654,NA,NA,D,1,0,2470803.508,100,2008,13,37.24,88.65
100381,Active,257070,NA,NA,D,1,0,2166875.054,40.79,1997,32,4,40.77
100382,Active,176560,NA,NA,D,1,0,1197343.056,338.95,1997,33,4,23.97
100383,Active,616326,NA,NA,D,1,0,318803.7213,76.95,2009,31,4.65,20.99
100384,Active,262641,NA,NA,D,5,1,2952638.641,45.95,2004,46,4,21.98
100385,Active,262710,NA,NA,D,5,1,803380.1713,29.95,2006,49,4,43.94
100386,Active,868199,NA,NA,D,1,0,2013990.879,39,1994,25,4,56.04
100387,Active,2573433,NA,NA,D,1,0,787140.2963,190,1973,32,10.6,73.63
100388,Active,2405527,NA,NA,D,0,0,2676656.436,75,1991,11,32.67,134.97
100389,Active,1445500,NA,NA,D,1,0,4272907.211,210,2007,13,73.24,171.99
100390,Active,3794182,NA,NA,D,1,0,5109140.2,74.95,2006,21,10.31,60.01
100391,Active,913380,NA,NA,D,0,0,1777664.629,289,2004,31,5.48,45.67
100392,Active,660253,NA,NA,D,0,0,2587813.289,59.95,2007,24,10.94,54.49
100393,Active,2674768,NA,NA,D,1,0,2289777.909,69.87,1954,23,5.95,51.55
100394,Active,659545,NA,NA,D,1,0,3026152.001,252,2003,17,49.04,57.24
100395,Active,2675141,NA,NA,D,0,0,818024.435,142.73,1979,35,19.9,84.43
100396,Active,2186099,NA,NA,D,2,1,1236652.775,99,2011,14,72.98,213.17
100397,Active,643340,NA,NA,D,1,0,904190.3338,119.95,2006,22,11.39,91.2
100398,Active,3463916,NA,NA,D,1,0,5072495.35,63.8,1998,27,4.94,51.79
100399,Active,3138922,NA,NA,D,0,0,1803316.801,89.95,2003,22,21.05,72.63
100400,Active,1470843,NA,NA,D,1,0,1381495.328,40,2006,21,20.78,71.43
100401,Active,907088,NA,NA,D,2,1,492283.52,81.95,2005,17,6.22,46.48
100402,Active,901411,NA,NA,D,3,1,3840840.944,167.95,2007,15,10.44,86.21
100403,Active,806902,NA,NA,D,1,0,2034395.271,122.95,2006,24,4,8.99
100404,Active,1562793,NA,NA,D,0,0,8217116.523,27.84,2007,11,38.72,26.99
100405,Active,897895,NA,NA,D,1,0,2988453.988,92.95,2007,15,32.83,63.21
100406,Active,750704,NA,NA,D,1,0,1691614.656,235,2008,14,82.17,142.98
100407,Active,3049933,NA,NA,D,1,0,3652521.37,139.95,1998,12,38.9,52.49
100408,Active,882803,NA,NA,D,1,0,3003881.285,229.95,2001,17,4.98,92.98
100409,Active,3066336,NA,NA,D,2,1,4054587.196,229.95,2005,7,72.63,460.22
100410,Active,653920,NA,NA,D,1,0,2936896.054,159.95,2001,16,45.67,114.66
100411,Active,717977,NA,NA,D,1,0,4137914.909,65,1997,18,4,43.94
100412,Active,1519023,NA,NA,D,7,1,1088000.361,138.4,2014,15,44.65,134.94
100413,Active,495633,NA,NA,D,1,0,2627037.79,235,2008,12,6.71,53.99
100414,Active,617886,NA,NA,D,0,0,1013633.489,49.95,2007,39,4.46,0
100415,Active,804053,NA,NA,D,1,0,1110698.243,35.95,2006,34,7.86,28.99
100416,Active,478647,NA,NA,D,0,0,2845344.95,79.95,2006,29,4.23,47.52
100417,Active,147495,NA,NA,D,1,0,2982380.933,97.11,2008,15,11.49,11.69
100418,Active,774530,NA,NA,D,1,0,1545718.263,59.95,2005,44,4,10.88
100419,Active,587497,NA,NA,D,4,1,1066889.671,154.95,2011,31,20.77,108.54
100420,Active,1996833,NA,NA,D,1,0,946653.1788,41.5,2014,15,28.05,38.34
100421,Active,2934921,NA,NA,D,1,0,1306022.974,118.95,2005,28,4,16.34
100422,Active,873363,NA,NA,D,1,0,588267.88,23.78,2008,31,10.91,23.17
100423,Active,885897,NA,NA,D,0,0,2181708.469,65.5,2011,11,46.49,56.24
100424,Active,774635,NA,NA,D,1,0,3261513.871,94.95,1999,31,5.59,6.85
100425,Active,2787879,NA,NA,D,4,1,4485855.281,65.95,1997,26,4,8.69
100426,Active,671014,NA,NA,D,2,1,2814429.111,416,2007,20,69.08,132.21
100427,Active,200470,NA,NA,D,1,0,263710.7875,76.95,2010,31,10.06,63.01
100428,Active,1671743,NA,NA,D,1,0,3033943.265,87.25,2006,30,6.35,6.85
100429,Active,265146,NA,NA,D,2,1,1615078.19,40,2005,27,4,0
100430,Active,203887,NA,NA,D,3,1,1822601.581,39.95,2006,23,5.94,14.54
100431,Active,3077396,NA,NA,D,1,0,4582500.579,69,2001,16,5.45,9.18
100432,Active,671214,NA,NA,D,0,0,495974.7438,231,2006,15,28.89,231
100433,Active,2605500,NA,NA,D,0,0,1188799.106,83.99,1998,14,25.04,103.99
100434,Active,2694827,NA,NA,D,2,1,508759.9313,73.95,1992,32,13.98,124.38
100435,Active,3609927,NA,NA,D,0,0,3610303.85,243,1993,34,26.03,75.33
100436,Active,760979,NA,NA,D,1,0,3178084.658,174.95,1998,14,13,62.93
100437,Active,757980,NA,NA,D,1,0,1675459.205,155,1998,14,9.15,84.09
100438,Active,699584,NA,NA,D,4,1,1627972.711,65,1999,19,8.87,69.57
100439,Active,2501823,NA,NA,D,0,0,2348888.539,229,2005,21,99.48,143.27
100440,Active,2935835,NA,NA,D,0,0,5879383.32,449,2003,10,121.99,351.07
100441,Active,2615072,NA,NA,D,0,0,2438865.395,120,2005,25,28.53,54.96
100442,Active,724485,NA,NA,D,1,0,873589.2638,51,2010,33,7.99,11.73
100443,Active,3926081,NA,NA,D,0,0,1110988.9,60,1900,17,30.28,36.19
100444,Active,755685,NA,NA,D,1,0,2182057.256,70,2005,16,23.99,33.45
100445,Active,175718,NA,NA,D,0,0,4856964.335,129.99,2005,18,33.99,88.97
100446,Active,2602408,NA,NA,D,0,0,5485989.593,125,1995,33,11.23,100.37
100447,Active,639906,NA,NA,D,1,0,707510.2688,41.95,2011,24,23.31,35.19
100448,Active,1474491,NA,NA,D,1,0,2319897.379,61,2011,21,19.49,18.96
100449,Active,906216,NA,NA,D,1,0,4622064.538,72.1,1998,16,5.54,47.59
100450,Active,1835212,NA,NA,D,0,0,8716456.629,209,2007,15,60.99,89.71
100451,Active,2608317,NA,NA,D,0,0,1705716.42,129.99,2001,29,9.98,9.99
100452,Active,870476,NA,NA,D,2,1,3808203.455,153.65,1986,18,4.51,109.33
100453,Active,3010708,NA,NA,D,3,1,1990605.103,34.95,2001,22,4,78.53
100454,Active,246450,NA,NA,D,1,0,277494.7738,59.95,2006,28,28.22,37.39
100455,Active,2835107,NA,NA,D,2,1,1226625.254,55,2004,22,9.52,36.45
100456,Active,1627115,NA,NA,D,1,0,830754.0775,43.95,2010,20,9.99,20.98
100457,Active,169366,NA,NA,D,8,1,374810.7488,276.95,2007,39,11.27,113.92
100458,Active,887797,NA,NA,D,0,0,3362557.206,31.95,2000,18,5.33,39.76
100459,Active,123805,NA,NA,D,1,0,1201065.545,82.95,1995,22,24.11,96.03
100460,Active,1474144,NA,NA,D,1,0,2866768.341,83,2011,18,15.1,64.59
100461,Active,2531486,NA,NA,D,1,0,2853663.945,36.95,1999,18,6.39,16.04
100462,Active,217270,NA,NA,D,2,1,1424882.334,37,2005,31,4,28.94
100463,Active,184224,NA,NA,D,1,0,2935702.799,41.95,1996,31,4,43.87
100464,Active,2617632,NA,NA,D,0,0,5618127.103,21.95,1987,23,4,34.94
100465,Active,2769268,NA,NA,D,2,1,2547913.366,18.99,1988,21,4.46,53.87
100466,Active,824535,NA,NA,D,0,0,2162327.603,32.95,1998,18,4.07,32.95
100467,Active,154259,NA,NA,D,1,0,264937.4888,27.98,1998,49,9.77,31.49
100468,Active,2737706,NA,NA,D,0,0,2045626.195,46.95,1998,32,6.37,46.95
100469,Active,176556,NA,NA,D,1,0,1625187.295,192.95,1996,32,4,66.35
100470,Active,1678120,NA,NA,D,1,0,1182333.63,100,2013,24,11.69,80.47
100471,Active,665665,NA,NA,D,3,1,1851008.545,205.01,2012,23,30.66,96.07
100472,Active,3273070,NA,NA,D,1,0,1292728.343,92.66,2004,40,11.65,131.16
100473,Active,914555,NA,NA,D,1,0,1879934.11,78,2003,26,6.98,13.97
100474,Active,1900591,NA,NA,D,2,1,1477563.708,39.99,2010,25,4,8
100475,Active,919387,NA,NA,D,2,1,579986.1563,49.95,2001,43,4,13.84
100476,Active,612284,NA,NA,D,1,0,646842.165,47.95,2013,24,16.45,38.88
100477,Active,677260,NA,NA,D,1,0,2087045.06,25,2005,43,4,7.74
100478,Active,2604590,NA,NA,D,1,0,1418605.316,149.99,1997,21,9.49,87.45
100479,Active,901334,NA,NA,D,1,0,3086093.556,115.95,2008,20,20.74,83.15
100480,Active,211926,NA,NA,D,0,0,1136246.674,65,2006,23,24.99,39.87
100481,Active,901718,NA,NA,D,1,0,5464367.621,115.95,2008,21,13.83,72.98
100482,Active,307990,NA,NA,D,1,0,5374260.466,69.95,2002,16,20.91,47.93
100483,Active,909463,NA,NA,D,0,0,1756069.526,39.95,2005,19,33.95,76.62
100484,Active,146410,NA,NA,D,1,0,420345.0838,39.99,2010,182,4,12.29
100485,Active,623473,NA,NA,D,0,0,643880.8288,44.99,2010,43,4.58,0
100486,Active,607791,NA,NA,D,3,1,1336876.916,54.95,2007,31,3.99,6.44
100487,Active,620305,NA,NA,D,0,0,1036768.873,44.99,2007,30,4,0
100488,Active,908425,NA,NA,D,0,0,1859525.041,54.99,2005,27,4,25.02
100489,Active,2667419,NA,NA,D,1,0,263674.4563,44,2005,41,5.62,20.45
100490,Active,2560885,NA,NA,D,1,0,4566671.846,334,1981,25,4.98,69.89
100491,Active,194049,NA,NA,D,1,0,1791925.191,78,2006,88,3.99,14.33
100492,Active,903267,NA,NA,D,1,0,3108877.131,66,2000,20,4,38.98
100493,Active,638780,NA,NA,D,5,1,2107723.54,50,2001,23,6.26,22.99
100494,Active,255719,NA,NA,D,1,0,1114127.761,41.95,2000,28,4,23.74
100495,Active,756630,NA,NA,D,1,0,3084932.708,169,2002,27,13.97,49.33
100496,Active,640639,NA,NA,D,1,0,1705904.751,92.09,1990,34,7.97,53.73
100497,Active,115346,NA,NA,D,0,0,4250256.401,87.2,2001,19,7.01,10
100498,Active,116223,NA,NA,D,2,1,5142757.303,66.82,2005,16,4,40.16
100499,Active,246255,NA,NA,D,1,0,3903879.669,47.99,2004,16,6.82,65.51
100500,Active,569189,NA,NA,D,0,0,2212847.233,134.99,2000,20,24.51,36.85
100501,Active,539065,NA,NA,D,2,1,2835475.455,122,2000,27,6.49,54.1
100502,Active,581150,NA,NA,D,0,0,1755801.936,64,2006,17,18.76,41.32
100503,Active,869043,NA,NA,D,5,1,253683.1263,78.57,2013,5,45.68,49.62
100504,Active,2558858,NA,NA,D,3,1,6033968.38,83.49,1976,24,4,57.91
100505,Active,899292,NA,NA,D,0,0,1169405.223,74.31,2008,15,19.28,80.88
100506,Active,191971,NA,NA,D,1,0,983051.6763,142.47,2008,46,8.61,150.62
100507,Active,3022346,NA,NA,D,1,0,1377206.295,39.95,1999,28,4,22.12
100508,Active,2875141,NA,NA,D,1,0,3513645.88,39,2004,24,4,10.83
100509,Active,293273,NA,NA,D,2,1,3362496.498,45,2003,17,5.87,23.98
100510,Active,880702,NA,NA,D,5,1,1097672.578,33.2,2006,59,5.57,10.74
100511,Active,743718,NA,NA,D,6,1,5130755.943,59.95,2006,3,4,8.99
100512,Active,774993,NA,NA,D,3,1,2522294.344,45.95,2000,15,4,50.61
100513,Active,280594,NA,NA,D,0,0,531966.4775,109,2004,24,33.98,55.35
100514,Active,51435,NA,NA,D,12,1,184159.785,53.95,2007,56,8.51,67.1
100515,Active,3503137,NA,NA,D,2,1,6595157.1,84.95,1995,27,4.07,13.99
100516,Active,868223,NA,NA,D,1,0,1713690.361,51.95,1994,14,25.16,73.99
100517,Active,2668752,NA,NA,D,0,0,484104.6088,72.81,1987,21,6.58,39.28
100518,Active,576026,NA,NA,D,3,1,1971905.545,41.59,2010,10,21.04,35.99
100519,Active,887719,NA,NA,D,5,1,3708174.503,39.95,1997,10,7.99,0
100520,Active,556037,NA,NA,D,0,0,1535457.749,99,2001,20,17.95,87
100521,Active,2252146,NA,NA,D,2,1,5956299.6,0,2008,13,0,0
100522,Active,527222,NA,NA,D,3,1,2813443.263,60.95,2011,16,26.33,119.63
100523,Active,3073864,NA,NA,D,0,0,9112076.1,84,2002,15,14.14,73.19
100524,Active,276759,NA,NA,D,0,0,2916567.833,83,1999,22,61.07,245.41
100525,Active,484480,NA,NA,D,0,0,4937671.325,115.95,2007,13,4.3,99.89
100526,Active,2256826,NA,NA,D,5,1,1311221.771,42.85,2006,42,15.11,62.61
100527,Active,1469885,NA,NA,D,1,0,4275509.11,96,2006,36,23.99,60.67
100528,Active,705367,NA,NA,D,1,0,3647346.646,11.94,2008,14,4,4.94
100529,Active,1538147,NA,NA,D,0,0,1664917.225,43.95,2007,21,13.07,39.68
100530,Active,578905,NA,NA,D,1,0,1557139.751,41.95,2003,47,4,4.01
100531,Active,2281071,NA,NA,D,2,1,3082804.7,0,1900,10,0,0
100532,Active,648673,NA,NA,D,12,1,1540100.144,99.95,2011,14,8.79,18.89
100533,Active,209543,NA,NA,D,2,1,1857461.909,30,2005,23,4,16.98
100534,Active,2558916,NA,NA,D,2,1,3065256.97,120,1994,17,62.14,249.57
100535,Active,296254,NA,NA,D,4,1,1626135.894,65,2006,36,4,42.09
100536,Active,858779,NA,NA,D,2,1,5079090.526,54.23,2000,13,5.64,54.83
100537,Active,764080,NA,NA,D,2,1,5016008.833,137.95,2000,19,6.31,70.35
100538,Active,2362958,NA,NA,D,0,0,2805437.309,77.95,1997,11,6.39,79.98
100539,Active,658624,NA,NA,D,1,0,2844457.37,121,2007,19,30.48,95.44
100540,Active,881816,NA,NA,D,1,0,1227602.693,0,1967,15,19.74,0
100541,Active,126349,NA,NA,D,0,0,3114162.175,35,2005,19,12.16,53.99
100542,Active,3483098,NA,NA,D,1,0,957884.9,45,1984,40,9.87,40
100543,Active,2511575,NA,NA,D,0,0,4157052.45,37.65,1985,13,4.55,78.58
100544,Active,3042277,NA,NA,D,0,0,303501.155,42.7,1994,22,28.95,54.57
100545,Active,2421158,NA,NA,D,0,0,2886797.489,193.65,1970,9,20.98,187.88
100546,Active,693980,NA,NA,D,0,0,578670.045,113.61,2002,25,11.53,81.71
100547,Active,656448,NA,NA,D,2,1,3176817.215,71.95,1999,21,6.38,71.93
100548,Active,593138,NA,NA,D,0,0,1634936.825,162.95,2006,15,14.37,59.98
100549,Active,920207,NA,NA,D,1,0,1319553.488,39.95,2001,61,4,7.97
100550,Active,146568,NA,NA,D,3,1,323131.3688,321.27,2012,24,115.9,198.99
100551,Active,741388,NA,NA,D,2,1,4017692.079,237,2007,18,18.73,18.99
100552,Active,3717566,NA,NA,D,0,0,599937,333.95,2016,39,5.44,182.99
100553,Active,1596359,NA,NA,D,1,0,980207.505,176.95,2015,53,39.89,32.2
100554,Active,145784,NA,NA,D,2,1,1695525.415,41.2,2007,11,12.58,41.99
100555,Active,52852,NA,NA,D,4,1,6976.84625,306.8,2008,81,93.98,183.92
100556,Active,1829815,NA,NA,D,9,1,157437.1038,186,2013,33,17.49,174.59
100557,Active,554955,NA,NA,D,0,0,2150142.045,55.82,2008,29,4,54.29
100558,Active,3544577,NA,NA,D,0,0,2627985.9,89.85,1982,29,6.24,43.94
100559,Active,2593564,NA,NA,D,1,0,8706928.794,47.95,1988,13,6.13,52.85
100560,Active,2428236,NA,NA,D,0,0,7847059.275,65,1991,11,33.99,122.69
100561,Active,2936136,NA,NA,D,0,0,1717980.703,249,2002,25,21.93,87.38
100562,Active,2595557,NA,NA,D,1,0,2083151.106,136.99,1997,17,33.6,99.29
100563,Active,1592569,NA,NA,D,0,0,2207091.006,120,2006,16,39.44,40.94
100564,Active,569081,NA,NA,D,1,0,2156853.239,61,2008,16,37.9,137.91
100565,Active,53776,NA,NA,D,6,1,138298.445,252.67,2008,32,19.48,123.97
100566,Active,1442111,NA,NA,D,2,1,5319585.814,232.5,2009,10,74.4,153.52
100567,Active,763733,NA,NA,D,2,1,4938499.585,59.95,1998,13,11.98,53.21
100568,Active,109954,NA,NA,D,1,0,5378764.346,135.25,2007,15,9.93,100.98
100569,Active,634176,NA,NA,D,4,1,233061.9438,175.2,2013,39,46.96,69.98
100570,Active,653065,NA,NA,D,1,0,1114986.028,38.5,1987,8,103.99,266.87
100571,Active,296522,NA,NA,D,1,0,1652091.589,52,1995,27,4.13,17.94
100572,Active,851586,NA,NA,D,1,0,1641795.1,87,2000,28,6.39,39.14
100573,Active,755424,NA,NA,D,1,0,2169737.159,219.95,2008,15,28.41,159.48
100574,Active,899919,NA,NA,D,1,0,3528728.069,36.95,2005,20,4.76,51.67
100575,Active,568853,NA,NA,D,1,0,2032194.198,59.99,1998,37,4,21.95
100576,Active,2362830,NA,NA,D,2,1,1405193.051,142,1996,13,33.98,83.32
100577,Active,596779,NA,NA,D,1,0,2931944.575,34.95,1998,24,4,43.95
100578,Active,2698057,NA,NA,D,1,0,2492061.679,27.95,2002,22,4,56.49
100579,Active,2805349,NA,NA,D,1,0,857637.8888,50.95,2001,57,8.64,49.87
100580,Active,3520243,NA,NA,D,0,0,1546606.55,0,1992,27,29.07,90.68
100581,Active,3127350,NA,NA,D,0,0,705138.7213,49,1997,29,28.73,103.98
100582,Active,2912641,NA,NA,D,1,0,2594304.178,49.95,2005,13,17.43,311
100583,Active,899282,NA,NA,D,0,0,1768938.554,26,2008,24,6.98,32.19
100584,Active,3047227,NA,NA,D,0,0,467687.0075,29.95,1993,52,4,35
100585,Active,2270909,NA,NA,D,5,1,2152055.229,83.51,2012,20,21.7,74.78
100586,Active,636292,NA,NA,D,5,1,1066524.771,231,2007,13,74.37,36.77
100587,Active,1651930,NA,NA,D,1,0,1353035.169,121,2008,26,43.29,62.36
100588,Active,1627543,NA,NA,D,0,0,1662989.676,52,2011,20,15.18,22.97
100589,Active,2593713,NA,NA,D,1,0,1684575.271,99.99,1989,16,16.84,93.99
100590,Active,2835920,NA,NA,D,0,0,3331478.566,76.6,1978,15,15.9,73.27
100591,Active,2699265,NA,NA,D,6,1,2365937.103,149,2005,16,32.76,163.99
100592,Active,3263935,NA,NA,D,6,1,6842505.6,75.26,1992,11,16.51,75.26
100593,Active,1595039,NA,NA,D,1,0,3006786.966,110,2009,23,15.85,65.81
100594,Active,1696646,NA,NA,D,0,0,2605184.791,134,2009,14,6.49,78.98
100595,Active,2609427,NA,NA,D,0,0,5454769.654,99.99,1999,23,33.98,75.54
100596,Active,581431,NA,NA,D,1,0,380425.575,34.95,2010,24,21.32,33.2
100597,Active,1470646,NA,NA,D,1,0,1182175.873,84,2007,26,12.38,69.48
100598,Active,2698560,NA,NA,D,2,1,1248270.208,36.95,2003,44,8.24,28.94
100599,Active,195143,NA,NA,D,1,0,259416.82,53,2011,36,9,46.04
100600,Active,2767773,NA,NA,D,0,0,808640.8975,98.98,1972,27,4,79.2
100601,Active,2157355,NA,NA,D,0,0,941104.1725,39.95,2009,17,5.16,103.73
100602,Active,1803645,NA,NA,D,0,0,1747848.59,28.75,2010,16,7.49,21.07
100603,Active,3740949,NA,NA,D,4,1,740766.8,99,2011,54,44.52,74.34
100604,Active,3512769,NA,NA,D,3,1,2201503.2,119,2002,29,29.16,29.16
100605,Active,2590944,NA,NA,D,0,0,2231705.405,99.99,1989,20,28.98,78.87
100606,Active,2171606,NA,NA,D,0,0,1610210.853,150,2006,18,82.49,59.24
100607,Active,897221,NA,NA,D,0,0,2007803.598,70,1997,18,4.28,64.58
100608,Active,2337795,NA,NA,D,3,1,7588615.993,0,1983,14,4.62,0
100609,Active,3115125,NA,NA,D,0,0,1375200.229,195,2004,16,4.76,66.87
100610,Active,639959,NA,NA,D,1,0,1822991.241,50,2011,19,29.23,80.61
100611,Active,199390,NA,NA,D,0,0,1266962.273,41.95,2002,41,4,4
100612,Active,896563,NA,NA,D,0,0,3386703.431,90.95,2002,13,16.61,80.55
100613,Active,2564378,NA,NA,D,0,0,1658877.248,78.56,1958,23,6.38,73.49
100614,Active,641329,NA,NA,D,0,0,1983924.774,40.95,2001,22,6.81,109.59
100615,Active,909666,NA,NA,D,0,0,3632363.986,30.99,1997,23,4.13,19.99
100616,Active,196733,NA,NA,D,0,0,1125726.951,49.95,2008,41,15.26,41.92
100617,Active,562394,NA,NA,D,0,0,5344662.29,45,2002,31,6.85,45
100618,Active,2152471,NA,NA,D,0,0,2232942.794,60,2006,9,60.44,60
100619,Active,2594871,NA,NA,D,2,1,1431496.035,36.99,1987,20,15.35,82.35
100620,Active,634539,NA,NA,D,1,0,1461483.719,162.67,1988,20,6.26,140.92
100621,Active,2579248,NA,NA,D,1,0,7229594.221,73,1993,20,4.96,94.56
100622,Active,653716,NA,NA,D,1,0,2213146.713,193.95,2011,16,13.69,69.99
100623,Active,2364043,NA,NA,D,0,0,5216169.5,0,2002,12,8.03,825.61
100624,Active,763518,NA,NA,D,1,0,3604419.155,131.95,1998,32,4.34,41.24
100625,Active,828365,NA,NA,D,0,0,6770340.323,46.19,2008,14,11.94,80.06
100626,Active,763521,NA,NA,D,1,0,4306503.755,338.95,1998,16,4.11,24.99
100627,Active,2418941,NA,NA,D,1,0,2863376.983,80,2003,16,7.03,16.68
100628,Active,161604,NA,NA,D,0,0,1411561.678,130,2008,21,7.17,0
100629,Active,3467755,NA,NA,D,4,1,1385984.45,126.75,1900,40,4.96,23.94
100630,Active,301350,NA,NA,D,0,0,2167047.355,129,2005,24,36.56,96.22
100631,Active,312748,NA,NA,D,7,1,10546262.35,98.23,1999,10,6.56,23.99
100632,Active,2124290,NA,NA,D,1,0,2996608.055,115,2006,14,65.35,88.99
100633,Active,3126238,NA,NA,D,1,0,3793519.81,94.95,1997,25,3.99,56.03
100634,Active,2030996,NA,NA,D,0,0,1811656.76,169,2008,17,124.99,118.3
100635,Active,152858,NA,NA,D,0,0,1470261.736,69.95,2000,29,5.45,19
100636,Active,3152203,NA,NA,D,0,0,1602266.754,109,1995,22,5.72,48.99
100637,Active,648602,NA,NA,D,0,0,1232154.251,99.95,2008,14,58.74,57.6
100638,Active,2580867,NA,NA,D,0,0,3960878.704,310.09,1979,15,29.89,138.99
100639,Active,625402,NA,NA,D,1,0,246202.7538,96.95,2005,26,17.25,17.26
100640,Active,2892067,NA,NA,D,0,0,5258507.538,189,1998,17,14.48,19.69
100641,Active,2414463,NA,NA,D,0,0,1416144.193,105,2005,21,35.99,57.27
100642,Active,2415563,NA,NA,D,2,1,1960207.959,85,1992,14,11.34,73.45
100643,Active,2342608,NA,NA,D,1,0,1871515.901,82.55,1986,31,4,62.51
100644,Active,569241,NA,NA,D,1,0,1734761.715,185,2008,17,53.16,122.73
100645,Active,1592428,NA,NA,D,1,0,4370003.688,158.99,2007,10,61.29,130.11
100646,Active,2331648,NA,NA,D,0,0,3870260.689,232.6,1984,21,23.16,78.12
100647,Active,106402,NA,NA,D,1,0,2259855.939,79.95,2005,18,17.34,114.64
100648,Active,280068,NA,NA,D,1,0,5704798.023,320,2000,10,8.39,196.75
100649,Active,907002,NA,NA,D,1,0,1583091.14,82,1997,16,37.47,82
100650,Active,699776,NA,NA,D,1,0,1092859.259,105,2001,23,20.5,43.89
100651,Active,2502966,NA,NA,D,1,0,4711142.598,179,1999,16,11.98,40.19
100652,Active,2333139,NA,NA,D,0,0,4531476.984,120.02,1982,21,26.52,115.75
100653,Active,2814346,NA,NA,D,1,0,323570.4188,35,2002,23,8.77,86.64
100654,Active,895854,NA,NA,D,1,0,2561841.443,295,2002,17,45.96,61.17
100655,Active,2435222,NA,NA,D,1,0,535488.145,41.95,1999,14,74.99,362.21
100656,Active,1469570,NA,NA,D,0,0,2025030.869,45.95,2006,20,21.65,36.39
100657,Active,1572408,NA,NA,D,0,0,436455.2188,19.95,2011,25,10.66,14.06
100658,Active,2526016,NA,NA,D,0,0,1837725.924,22.99,1988,17,5.94,45.79
100659,Active,2615340,NA,NA,D,0,0,3916356.599,110,2005,19,27.49,87.31
100660,Active,125608,NA,NA,D,1,0,709174.255,45,1995,42,7.51,33.38
100661,Active,2573155,NA,NA,D,1,0,4750653.324,150,1991,27,4.34,18.26
100662,Active,199354,NA,NA,D,2,1,3900986.383,46,2005,22,4.76,33.99
100663,Active,193971,NA,NA,D,1,0,1058213.529,32,2001,27,7.99,15.14
100664,Active,921558,NA,NA,D,0,0,42532.35125,7.99,1981,85,4,7.57
100665,Active,3058114,NA,NA,D,0,0,1709799.084,56.95,2000,33,4.98,11.43
100666,Active,2363124,NA,NA,D,1,0,786204.8213,85.95,1997,38,8.82,73.06
100667,Active,825302,NA,NA,D,1,0,2948443.021,35,2004,22,4,10.55
100668,Active,2605984,NA,NA,D,2,1,5370231.55,27.99,1996,22,4,25.99
100669,Active,2769501,NA,NA,D,0,0,1387014.194,5.99,1985,12,8.84,87.92
100670,Active,2418928,NA,NA,D,6,1,2787991.538,53,2002,15,9.47,72.57
100671,Active,2026144,NA,NA,D,0,0,4868927.3,85,2010,13,15.99,82.2
100672,Active,2528587,NA,NA,D,0,0,5548592.985,155,1992,16,30.99,123.73
100673,Active,3553418,NA,NA,D,0,0,2097605.85,97,2006,43,33.12,73.02
100674,Active,3061207,NA,NA,D,0,0,1904655.018,32,1998,24,4,34.19
100675,Active,700057,NA,NA,D,0,0,2104156.694,39.95,2001,32,4,0
100676,Active,1731785,NA,NA,D,0,0,4129751.924,154.95,2009,20,4,135.05
100677,Active,2169590,NA,NA,D,0,0,778180.9825,206.95,2015,14,111.85,140.72
100678,Active,3550382,NA,NA,D,0,0,1713049.4,26,2004,32,21.49,23.97
100679,Active,2567400,NA,NA,D,0,0,2128178.601,19.95,1999,23,4.48,49.04
100680,Active,661616,NA,NA,D,1,0,4809300.363,134.99,2008,20,35.98,92.65
100681,Active,896427,NA,NA,D,6,1,7118564.969,39.95,2005,12,5.32,130.25
100682,Active,3132250,NA,NA,D,4,1,3854325.499,55.95,2005,18,4.02,13.91
100683,Active,206709,NA,NA,D,0,0,3222554.861,34.99,2003,24,4,8.79
100684,Active,527161,NA,NA,D,4,1,1636818.676,39.99,2009,27,4,17.92
100685,Active,751994,NA,NA,D,1,0,1316723.343,109.97,2009,11,17.98,42.98
100686,Active,162238,NA,NA,D,4,1,1806980.145,59.99,2007,43,4,13.76
100687,Active,669691,NA,NA,D,0,0,2090704.779,285,2004,16,149.95,0
100688,Active,2178458,NA,NA,D,0,0,2424355.654,249,2007,19,80.99,93.69
100689,Active,648789,NA,NA,D,1,0,1582962.913,48.32,2007,19,19.28,30.86
100690,Active,227514,NA,NA,D,2,1,2829537.333,39.95,1999,26,4.98,51.84
100691,Active,3601867,NA,NA,D,0,0,6938512.2,37.95,1997,16,5.01,0
100692,Active,883527,NA,NA,D,0,0,4725713.6,69.62,2004,12,30.98,39.89
100693,Active,774521,NA,NA,D,7,1,3643968.383,56.95,2005,23,7.33,7.98
100694,Active,2679541,NA,NA,D,1,0,7887613.393,37.35,1993,18,3.49,48.71
100695,Active,1732893,NA,NA,D,3,1,507867.6225,60,2010,13,80.84,234.11
100696,Active,193056,NA,NA,D,3,1,5218240.488,40.95,2004,21,4.76,47.96
100697,Active,147031,NA,NA,D,3,1,3183482.279,32.95,2002,31,4,10.78
100698,Active,743574,NA,NA,D,5,1,1308855.364,34.95,2004,33,4,21.69
100699,Active,688141,NA,NA,D,1,0,1731919.436,29.95,1998,24,11.69,85.35
100700,Active,726619,NA,NA,D,3,1,5655795.151,41.81,2004,20,4.76,9.99
100701,Active,2252941,NA,NA,D,0,0,11839423.3,0,2009,12,26.11,36.13
100702,Active,774758,NA,NA,D,1,0,1646674.93,62.95,1999,17,42.14,124.23
100703,Active,897683,NA,NA,D,0,0,2261263.289,40,1996,24,21.02,78.38
100704,Active,159398,NA,NA,D,1,0,2709590.806,37.95,1999,25,4.96,50.49
100705,Active,2614763,NA,NA,D,0,0,2210521.893,119.99,2004,21,15.5,59.87
100706,Active,2597394,NA,NA,D,2,1,4216011.52,134.99,1990,18,4,55.17
100707,Active,910187,NA,NA,D,0,0,1324810.126,38.95,2002,32,4,20.94
100708,Active,897702,NA,NA,D,3,1,2541793.414,39.95,2001,15,5.9,45.98
100709,Active,1473582,NA,NA,D,0,0,2387136.991,130,2009,14,29.99,25.74
100710,Active,616693,NA,NA,D,1,0,270608.5613,55.95,2010,34,4.07,53.94
100711,Active,277956,NA,NA,D,1,0,1644536.674,108.95,2002,32,4,9.47
100712,Active,2590662,NA,NA,D,0,0,3647216.186,44.95,1981,15,4,72.55
100713,Active,901167,NA,NA,D,0,0,747396.4325,44.95,1993,22,4,100.97
100714,Active,661497,NA,NA,D,1,0,2515181.805,82,2011,20,25.95,73.56
100715,Active,3272099,NA,NA,D,4,1,1217965.979,0,2005,17,18.5,92.05
100716,Active,396081,NA,NA,D,0,0,1806862.4,58.95,2002,33,4,16.99
100717,Active,2501932,NA,NA,D,0,0,1155789.834,179,2005,22,90.07,135.88
100718,Active,2533860,NA,NA,D,0,0,1124208.613,41.95,1998,27,14.15,83.41
100719,Active,789881,NA,NA,D,0,0,500848.2713,39.95,2003,21,32.99,83.94
100720,Active,557126,NA,NA,D,1,0,637201.2663,92.6,2002,29,4,28.99
100721,Active,144057,NA,NA,D,6,1,4552660.421,63.33,1999,14,4,35.73
100722,Active,579539,NA,NA,D,1,0,1092236.086,76.95,1997,36,8.3,62.69
100723,Active,719658,NA,NA,D,1,0,2276764.904,95,2000,16,13.05,62.9
100724,Active,189038,NA,NA,D,0,0,2667680.161,65,1998,15,36.99,95.9
100725,Active,189176,NA,NA,D,0,0,2404082.474,100,2000,12,13.99,71.21
100726,Active,1837449,NA,NA,D,0,0,1138611.989,115,2006,22,16.67,72.37
100727,Active,608294,NA,NA,D,2,1,1877637.084,44.83,1996,36,4.12,33.94
100728,Active,2538194,NA,NA,D,3,1,1335270.198,67.95,2003,10,4.95,39.85
100729,Active,2540048,NA,NA,D,2,1,3261428.658,49.95,2002,19,4,79.07
100730,Active,1540153,NA,NA,D,1,0,3792424.411,50.95,2007,13,21.01,49.42
100731,Active,576966,NA,NA,D,0,0,1369458.51,47.95,2011,13,50.15,36.43
100732,Active,1475049,NA,NA,D,1,0,1519304.428,99,2011,16,23.99,37.97
100733,Active,2737717,NA,NA,D,0,0,1445013.689,35.95,1999,30,6.37,32.74
100734,Active,2783625,NA,NA,D,0,0,1275873.201,55,2003,19,8.53,38.03
100735,Active,2145064,NA,NA,D,0,0,1816414.449,552.9,2006,11,19.71,119.83
100736,Active,905521,NA,NA,D,0,0,1038272.814,27,1986,17,21.15,22.3
100737,Active,1657014,NA,NA,D,5,1,3310227,96.55,2008,15,91.98,321.23
100738,Active,891119,NA,NA,D,0,0,2498049.909,39.95,1990,16,88.6,156.83
100739,Active,746170,NA,NA,D,0,0,544712.1838,100.75,2002,19,11.98,78.21
100740,Active,288981,NA,NA,D,3,1,3894221.019,110,2005,13,26.92,341.07
100741,Active,132654,NA,NA,D,3,1,409122.1763,149.99,2008,34,7.19,35.33
100742,Active,2587970,NA,NA,D,1,0,7911707.55,0,1958,16,33.93,0
100743,Active,1585155,NA,NA,D,1,0,3355504.989,104.99,2011,17,25.6,99.48
100744,Active,907480,NA,NA,D,1,0,3189964.845,46,2006,21,23.93,27.25
100745,Active,298978,NA,NA,D,2,1,1891948.364,59.95,2003,17,4.23,13.99
100746,Active,900907,NA,NA,D,3,1,921503.8563,0,1965,6,46.34,0
100747,Active,2438187,NA,NA,D,0,0,3969037.204,89.95,1998,10,28.99,53.99
100748,Active,1939104,NA,NA,D,0,0,2160207.553,205,2013,15,4.77,153.75
100749,Active,723276,NA,NA,D,0,0,3142572.755,99,2010,20,4.98,76.37
100750,Active,129314,NA,NA,D,3,1,447052.2388,68.95,2011,41,4,14.99
100751,Active,2540880,NA,NA,D,4,1,9229127.4,170,2004,10,7.96,24.99
100752,Active,905927,NA,NA,D,1,0,1724298.531,70.2,2007,37,4.07,26.64
100753,Active,2645438,NA,NA,D,1,0,2904333.386,167.55,1965,20,12.46,119.83
100754,Active,1647329,NA,NA,D,1,0,2411568.683,69.95,2009,15,17.79,51.29
100755,Active,3605415,NA,NA,D,1,0,4356494.95,69.95,2001,22,4,12.74
100756,Active,636306,NA,NA,D,0,0,1124157.576,65.95,1990,39,5.12,43.94
100757,Active,539119,NA,NA,D,3,1,514516.69,104.74,2011,17,4,143.99
100758,Active,515237,NA,NA,D,2,1,5502966.245,378.3,2008,16,4,78.37
100759,Active,2606348,NA,NA,D,0,0,6864757.884,144.99,1997,17,38.98,113.29
100760,Active,2004596,NA,NA,D,0,0,2238711.568,60,2006,17,7.29,33.66
100761,Active,2849921,NA,NA,D,0,0,894585.8013,171.96,1970,55,4,13.98
100762,Active,2595034,NA,NA,D,1,0,1226626.715,110,1988,20,6.73,73.79
100763,Active,2610379,NA,NA,D,0,0,7308585.908,125.99,2000,12,5.83,44.73
100764,Active,2409555,NA,NA,D,2,1,3450807.828,90.2,1988,15,22.18,68.4
100765,Active,646701,NA,NA,D,4,1,1654386.624,199.95,2001,24,76.99,250.87
100766,Active,1595188,NA,NA,D,1,0,1667281.278,115,2008,28,35.99,34.02
100767,Active,3515383,NA,NA,D,2,1,3159730.75,99,1995,20,7.84,61.67
100768,Active,638446,NA,NA,D,1,0,1904922.135,202.95,1998,22,18.35,144.51
100769,Active,659520,NA,NA,D,1,0,2746714.566,171,2003,19,38.14,73.99
100770,Active,3512874,NA,NA,D,1,0,1831356.25,64.95,2003,15,23.49,116.22
100771,Active,3150982,NA,NA,D,0,0,2434159.065,89.95,2004,21,46.39,60
100772,Active,3925669,NA,NA,D,0,0,2180271,245,1900,16,146.24,110.15
100773,Active,2608855,NA,NA,D,0,0,2355352.916,124.99,1999,13,54.43,118.71
100774,Active,3068966,NA,NA,D,0,0,190286.9225,163.9,2005,40,42.39,117.99
100775,Active,1586302,NA,NA,D,1,0,5018151.756,110,2008,21,12.64,19.97
100776,Active,2589463,NA,NA,D,1,0,3341532.434,44.5,1973,17,10,72.43
100777,Active,2533928,NA,NA,D,0,0,4136662.15,125,1999,21,9.33,63.14
100778,Active,2733029,NA,NA,D,1,0,1361342.131,59.95,1996,23,16.85,43.98
100779,Active,1538292,NA,NA,D,1,0,5445971.903,168,2006,25,10.99,78.93
100780,Active,184406,NA,NA,D,1,0,594793.4625,56.95,2000,49,4,27.37
100781,Active,899773,NA,NA,D,0,0,2665205.464,40,2008,16,20.84,40
100782,Active,627671,NA,NA,D,0,0,2417846.519,59.95,2001,30,4,26.98
100783,Active,2588166,NA,NA,D,1,0,2306152.634,49.5,1969,15,12.13,69.17
100784,Active,573882,NA,NA,D,0,0,449834.405,62.95,2003,27,9.29,88.06
100785,Active,902568,NA,NA,D,1,0,2425228.709,25.95,1997,18,4,11.98
100786,Active,903081,NA,NA,D,0,0,3382210.473,95,2010,16,5.98,31.44
100787,Active,719086,NA,NA,D,1,0,5093691.669,46,1998,25,4,42.51
100788,Active,3113845,NA,NA,D,2,1,4586747.91,252,2005,10,81.99,331.26
100789,Active,3072516,NA,NA,D,1,0,2311218.746,42.95,2005,36,4,12.87
100790,Active,628479,NA,NA,D,2,1,770764.7138,95,2006,21,68.99,133.94
100791,Active,1657608,NA,NA,D,2,1,4700246.049,106.94,2008,15,6.9,108.68
100792,Active,871589,NA,NA,D,0,0,1486686.206,72.95,2005,14,6.54,57.38
100793,Active,3240361,NA,NA,D,3,1,6237022.559,36.47,2004,39,7.49,22.89
100794,Active,620055,NA,NA,D,0,0,467290.1725,37,1971,28,19.92,33.42
100795,Active,913177,NA,NA,D,0,0,699913.2775,52.5,2007,45,18.99,69.63
100796,Active,885863,NA,NA,D,0,0,418856.445,45.25,2011,15,23.17,23.16
100797,Active,1474408,NA,NA,D,1,0,5268312.099,115,2012,18,44.01,47.49
100798,Active,2532320,NA,NA,D,0,0,3664271.255,39.95,1996,26,4,39.97
100799,Active,1562848,NA,NA,D,3,1,415282.2625,68.95,2007,26,27.54,166.2
100800,Active,2024550,NA,NA,D,1,0,1053132.601,42.95,2006,26,4.76,38.88
100801,Active,633091,NA,NA,D,0,0,1823263.801,179,2006,18,18.24,18.94
100802,Active,2596518,NA,NA,D,1,0,1964233.431,110,1990,24,30.1,62.83
100803,Active,919492,NA,NA,D,0,0,414578.9025,24.95,1998,40,10.46,0
100804,Active,738152,NA,NA,D,2,1,1471506.481,33,2005,29,4,70.65
100805,Active,2435186,NA,NA,D,1,0,437496.8313,33.95,1997,31,4.97,25.74
100806,Active,1593245,NA,NA,D,1,0,4477898.548,115,2006,17,4.3,29.6
100807,Active,2723046,NA,NA,D,0,0,1013309.934,31.99,1997,24,6.38,30.71
100808,Active,2502932,NA,NA,D,0,0,1437312.85,319,2001,27,5.97,24.75
100809,Active,1739745,NA,NA,D,0,0,1719493.018,49.95,2007,14,5.02,44.97
100810,Active,811389,NA,NA,D,0,0,8976260.79,38.95,2008,0,0,0
100811,Active,2825249,NA,NA,D,0,0,6532722.7,120,2001,0,0,0
100812,Active,576943,NA,NA,D,0,0,1242357.876,47.95,2014,23,37.39,38.71
100813,Active,2528266,NA,NA,D,1,0,3543993.551,57.95,1992,30,4,29.74
100814,Active,2631661,NA,NA,D,1,0,951906.2188,51.95,2004,38,9.51,40.91
100815,Active,911346,NA,NA,D,1,0,1541681.403,29.95,1997,25,4,12.01
100816,Active,2179564,NA,NA,D,0,0,1048994.733,109,2008,25,78.75,80.55
100817,Active,276079,NA,NA,D,4,1,271026.5475,54.95,2006,15,21.2,27.48
100818,Active,2875336,NA,NA,D,1,0,3682052.334,36.5,1995,20,4,20.98
100819,Active,668064,NA,NA,D,1,0,736621.7925,52,2000,14,5.38,102.51
100820,Active,883452,NA,NA,D,8,1,4236119.623,175,2004,13,60.93,148.99
100821,Active,2615447,NA,NA,D,0,0,1684656.876,110,2005,23,6.39,7.99
100822,Active,883208,NA,NA,D,0,0,5075670.15,50,2003,9,9.49,0
100823,Active,2503826,NA,NA,D,0,0,1255989.218,19.95,1976,19,6.62,17.69
100824,Active,292833,NA,NA,D,0,0,230166.5888,70,2007,17,24.14,122.18
100825,Active,144334,NA,NA,D,7,1,2940824.968,61.8,2002,26,4,49.91
100826,Active,3467552,NA,NA,D,0,0,1504938.6,0,1966,26,7.49,67.75
100827,Active,717963,NA,NA,D,1,0,4129029.155,100,1998,26,9.84,53.99
100828,Active,2608344,NA,NA,D,1,0,2030709.153,124.99,2000,22,5.07,23.98
100829,Active,2626290,NA,NA,D,0,0,1694936.448,36.95,1993,15,11.75,0
100830,Active,3740917,NA,NA,D,0,0,2038601.65,99,2011,36,28.99,38.98
100831,Active,1445332,NA,NA,D,2,1,584421.96,220,2006,18,33.94,50.99
100832,Active,2595166,NA,NA,D,0,0,7626406.746,99.99,1989,15,21.34,0
100833,Active,700250,NA,NA,D,1,0,928141.585,125,2002,25,30.46,166.32
100834,Active,2698738,NA,NA,D,1,0,1400884.458,76.95,2005,24,4.8,28.99
100835,Active,2766371,NA,NA,D,1,0,415443.5975,17.95,2001,175,4,7.48
100836,Active,190123,NA,NA,D,0,0,645092.005,66,2009,21,7.98,27.97
100837,Active,392568,NA,NA,D,0,0,620910.3563,99,2005,25,18.29,41.75
100838,Active,199459,NA,NA,D,1,0,5196679.46,56.95,1999,20,4.77,5.98
100839,Active,428388,NA,NA,D,1,0,134912.1763,93.95,2011,32,44.94,73.99
100840,Active,2559239,NA,NA,D,1,0,5843535.668,67.99,1979,19,4,63.37
100841,Active,2578383,NA,NA,D,1,0,2024882.449,130,1985,16,13.41,72.99
100842,Active,2348704,NA,NA,D,0,0,8775043.65,124.95,1998,10,93.98,151.99
100843,Active,2347597,NA,NA,D,0,0,920483.8,77.5,1994,17,34.71,36.38
100844,Active,891855,NA,NA,D,2,1,2472847.414,125.95,2007,17,24.98,63.99
100845,Active,2602702,NA,NA,D,0,0,3744125.244,139.99,1995,17,53.92,131.07
100846,Active,633051,NA,NA,D,0,0,1365179.823,52,2004,29,4,12.26
100847,Active,621149,NA,NA,D,3,1,340451.4038,39.99,2010,51,4.12,23.98
100848,Active,225853,NA,NA,D,1,0,1283553.794,132.95,2005,15,89.28,93.14
100849,Active,152733,NA,NA,D,0,0,2024088.57,79.95,2002,20,46.66,54.45
100850,Active,3732268,NA,NA,D,0,0,1315272.6,79.99,2008,52,31.04,61.18
100851,Active,2669976,NA,NA,D,7,1,5835270.69,52.55,1991,20,4,57.67
100852,Active,1916978,NA,NA,D,1,0,3309122.994,115.95,2010,11,44.98,76.79
100853,Active,895794,NA,NA,D,1,0,1607707.764,102.95,2006,12,28.09,125.49
100854,Active,462416,NA,NA,D,1,0,1040147.2,140.95,2002,32,4.43,20.3
100855,Active,113215,NA,NA,D,6,1,81742.97625,99.95,2011,43,16.83,40.9
100856,Active,551551,NA,NA,D,1,0,1275682.85,104.95,2011,35,6.27,45
100857,Active,203454,NA,NA,D,1,0,3248563.046,59.95,2003,28,4,11.12
100858,Active,898033,NA,NA,D,1,0,5036337.95,44.95,1999,20,4,54.09
100859,Active,900910,NA,NA,D,1,0,776309.435,59.99,2012,26,43.98,48.41
100860,Active,619427,NA,NA,D,1,0,252503.1963,69.99,2005,31,31.99,37.36
100861,Active,3126016,NA,NA,D,0,0,2047492.153,57,2003,12,38.94,102.91
100862,Active,891812,NA,NA,D,0,0,2685793.473,55.95,2006,11,4.96,15.19
100863,Active,912814,NA,NA,D,1,0,1728948.424,94.99,2008,29,5.99,38.98
100864,Active,259613,NA,NA,D,1,0,562863.6025,154.95,1998,23,77.49,87.99
100865,Active,2348705,NA,NA,D,0,0,4018978.861,69.95,1998,12,29.84,75.37
100866,Active,3610442,NA,NA,D,0,0,2234169.75,90,2000,18,9.49,58.34
100867,Active,234227,NA,NA,D,4,1,1966220.335,230,2006,15,83.96,73.85
100868,Active,242632,NA,NA,D,19,1,1049130.913,59.95,2005,47,9.43,52.85
100869,Active,2663609,NA,NA,D,0,0,3272475.276,21.95,1987,23,4,65.07
100870,Active,2663465,NA,NA,D,2,1,8104178.949,70,1988,15,11.98,972.81
100871,Active,2836041,NA,NA,D,0,0,2982629.143,70.95,1985,22,4,4.02
100872,Active,3148424,NA,NA,D,1,0,6073117.718,104.95,2004,12,49.1,50.56
100873,Active,903635,NA,NA,D,2,1,2876654.664,45.4,2009,13,4,40.96
100874,Active,2698755,NA,NA,D,0,0,4338361.361,48.95,2005,14,4.97,57.17
100875,Active,1651855,NA,NA,D,2,1,1914257.99,57.95,2008,18,13.97,39.54
100876,Active,787990,NA,NA,D,1,0,2428601.733,266.95,1998,28,4,14.21
100877,Active,103907,NA,NA,D,0,0,2096016.173,99.95,1995,21,37.51,104.99
100878,Active,543665,NA,NA,D,1,0,787264.2575,89.99,2012,22,34.09,0
100879,Active,897637,NA,NA,D,5,1,3333065.23,199.95,2003,16,22.95,38.99
100880,Active,627256,NA,NA,D,6,1,1059443.416,113.95,2008,21,13.74,57.04
100881,Active,757372,NA,NA,D,1,0,930915.4775,66.5,1998,21,8.77,34.94
100882,Active,2696714,NA,NA,D,4,1,6178516.55,67.95,1993,21,4.43,77.85
100883,Active,214966,NA,NA,D,0,0,4568702.971,195,2007,12,7.93,92.99
100884,Active,543200,NA,NA,D,0,0,4319146.954,225,2008,14,25.26,86.66
100885,Active,649459,NA,NA,D,3,1,1810713.35,42.95,2013,28,25.81,167.69
100886,Active,3034324,NA,NA,D,1,0,7671082.996,110,1994,18,4,48.39
100887,Active,891891,NA,NA,D,2,1,2782675.083,95.95,2007,17,4,299.73
100888,Active,628430,NA,NA,D,1,0,3750055.306,52.95,1997,21,4,26.51
100889,Active,828517,NA,NA,D,2,1,4195240.285,47.95,1998,20,4,21.99
100890,Active,612307,NA,NA,D,9,1,309539.0413,150,2013,22,35.54,100.97
100891,Active,3617902,NA,NA,D,1,0,3244300.2,59.95,2002,33,4,37.99
100892,Active,298121,NA,NA,D,1,0,3428540.904,151.95,2005,10,11.26,63.57
100893,Active,663811,NA,NA,D,2,1,676597.75,49.95,2013,22,39.84,0
100894,Active,904887,NA,NA,D,0,0,5498029.819,66.95,1991,18,4.4,56.85
100895,Active,907177,NA,NA,D,0,0,2018413.381,44.05,2000,22,4,63.99
100896,Active,3117324,NA,NA,D,1,0,3013920.363,162,2005,10,48.98,48.99
100897,Active,1473371,NA,NA,D,1,0,3699855.489,115,2009,19,26.59,43.05
100898,Active,2860926,NA,NA,D,2,1,3324793.986,105,1990,18,16.99,66.07
100899,Active,367078,NA,NA,D,0,0,1887335.42,115,2001,9,21.95,67.39
100900,Active,2579452,NA,NA,D,1,0,1075431.938,87.95,1995,15,4,61.81
100901,Active,3084107,NA,NA,D,1,0,6321763.069,119.99,2003,14,13.87,57.11
100902,Active,891330,NA,NA,D,3,1,1667020.433,144.33,1999,13,33.98,23.78
100903,Active,900132,NA,NA,D,2,1,7090986.494,118,1998,14,8.02,43.49
100904,Active,2502949,NA,NA,D,0,0,1974050.946,159,2000,26,48.99,52.05
100905,Active,2664112,NA,NA,D,2,1,3517689.664,99.95,1994,21,4.81,45.35
100906,Active,3777550,NA,NA,D,0,0,1109183.7,64.95,2015,26,38.18,55.05
100907,Active,3778684,NA,NA,D,1,0,856061.25,64.95,2015,9,38.04,54.95
100908,Active,891866,NA,NA,D,1,0,5863652.803,217.95,2007,11,17.3,87.83
100909,Active,2698375,NA,NA,D,1,0,1459964.99,113,2003,13,6.28,1555.29
100910,Active,2709666,NA,NA,D,0,0,1669416.236,44.95,2003,34,9.02,42.53
100911,Active,163314,NA,NA,D,1,0,1907068.573,135,2004,18,4.52,25.84
100912,Active,909694,NA,NA,D,5,1,4491735.306,114.95,1995,20,4,17.64
100913,Active,2835925,NA,NA,D,2,1,3638208.54,114.95,1980,14,7.94,14.46
100914,Active,174893,NA,NA,D,1,0,2108592.236,116,2007,20,31.87,52.72
100915,Active,112765,NA,NA,D,1,0,1695677.855,148,2000,29,23.55,103.65
100916,Active,113960,NA,NA,D,3,1,1912811.658,49,1999,35,4,25.99
100917,Active,159446,NA,NA,D,1,0,2027283.921,365,2004,27,5.97,28.91
100918,Active,2698325,NA,NA,D,3,1,2470103.116,43.95,2002,19,6.08,55.39
100919,Active,3794824,NA,NA,D,1,0,2346504.8,70,2007,15,63.93,63.75
100920,Active,882666,NA,NA,D,1,0,3836488.641,79.95,2000,9,6.38,63.99
100921,Active,902798,NA,NA,D,1,0,941356.9538,50,2003,16,20.64,37.97
100922,Active,2679697,NA,NA,D,1,0,3090206.518,99,1996,21,5.67,70.54
100923,Active,898877,NA,NA,D,1,0,2378243.078,57.5,2009,13,30.44,52.77
100924,Active,1952585,NA,NA,D,0,0,305194.325,89.99,2013,52,22.63,53.22
100925,Active,624379,NA,NA,D,0,0,534305.2213,54,2008,21,4.77,10.98
100926,Active,775010,NA,NA,D,1,0,981120.8025,58.95,2001,22,18.72,122.92
100927,Active,804163,NA,NA,D,3,1,2311469.855,281.95,2007,21,17.12,124.52
100928,Active,2154489,NA,NA,D,0,0,431993.5913,44.95,2007,24,12.68,129.89
100929,Active,910392,NA,NA,D,0,0,1706619.266,95,2001,19,26.99,38.97
100930,Active,902160,NA,NA,D,9,1,1820172.574,69.95,2006,22,5.23,42.98
100931,Active,3795695,NA,NA,D,1,0,873528.9,28,2004,25,5.81,31.56
100932,Active,882605,NA,NA,D,2,1,6916175.36,36,1999,14,6.94,61.87
100933,Active,792780,NA,NA,D,0,0,1945713.506,120,2002,12,39.76,112.33
100934,Active,193328,NA,NA,D,0,0,1061736.984,50,2003,28,3,21.8
100935,Active,193261,NA,NA,D,0,0,919110.4888,52,2002,32,4.49,36.94
100936,Active,2133568,NA,NA,D,1,0,1220555.011,51,2013,9,33.94,51
100937,Active,657618,NA,NA,D,0,0,1379554.661,60,2007,19,26.89,0
100938,Active,2023098,NA,NA,D,1,0,1624110.598,29.95,2009,28,4,38.95
100939,Active,623058,NA,NA,D,0,0,937134.6725,50,2006,56,6.96,36.79
100940,Active,2085912,NA,NA,D,0,0,800300.3313,62.99,2013,27,33,40.44
100941,Active,2085914,NA,NA,D,0,0,1162439.545,48.99,2013,13,33.98,33.98
100942,Active,2085919,NA,NA,D,0,0,309031.5788,62.99,2013,22,36.57,37
100943,Active,2085917,NA,NA,D,0,0,3308938.453,62.99,2013,10,40,42.94
100944,Active,2085935,NA,NA,D,0,0,1508134.321,62.99,2013,17,27.64,42.38
100945,Active,3802510,NA,NA,D,0,0,2231141.3,62.99,2013,27,29.9,36.46
100946,Active,2600678,NA,NA,D,0,0,4252834.864,134.99,1998,19,24.81,108.9
100947,Active,738998,NA,NA,D,0,0,2142465.665,87,1998,21,4.91,58.83
100948,Active,650583,NA,NA,D,0,0,461999.0275,74.96,1985,17,12.94,91.72
100949,Active,741778,NA,NA,D,4,1,3788802.85,499.3,1900,15,4.95,59.28
100950,Active,146674,NA,NA,D,9,1,448712.105,261.6,2011,32,47.83,233.99
100951,Active,907264,NA,NA,D,5,1,1877558.309,99.8,2010,17,10.38,95.41
100952,Active,52971,NA,NA,D,8,1,110641.535,208.67,2007,81,18.37,52.95
100953,Active,182449,NA,NA,D,3,1,2030175.979,125.56,2000,32,4.22,8.48
100954,Active,912012,NA,NA,D,0,0,651753.575,120.29,2008,24,8.65,35.19
100955,Active,763456,NA,NA,D,1,0,8096079.214,130.95,1997,15,4.93,23.98
100956,Active,917315,NA,NA,D,5,1,1632592.968,33.99,2008,24,4.85,33.99
100957,Active,698681,NA,NA,D,7,1,2054548.101,33.99,2010,17,7.23,33.99
100958,Active,649404,NA,NA,D,7,1,375754.5,240.33,1900,28,8.7,0
100959,Active,877607,NA,NA,D,3,1,863785.1363,194,2014,23,127.68,176.34
100960,Active,2256413,NA,NA,D,5,1,3666613.639,48.46,2008,24,13.77,57.16
100961,Active,810164,NA,NA,D,1,0,2023249.033,249,2009,25,9.26,125.45
100962,Active,1592432,NA,NA,D,1,0,2032317.546,140,2006,18,18.94,63.23
100963,Active,2896474,NA,NA,D,2,1,9269797.779,51,2003,11,4,13.49
100964,Active,892142,NA,NA,D,4,1,1158942.204,69,2009,19,49.99,186.11
100965,Active,647795,NA,NA,D,0,0,2284529.844,179,2007,26,90.92,114.25
100966,Active,1835038,NA,NA,D,0,0,840391.8363,249,2006,14,181.61,186.41
100967,Active,646256,NA,NA,D,0,0,847539.2275,59.95,2010,25,13.98,62.47
100968,Active,765104,NA,NA,D,1,0,2031838.126,110.95,2000,19,6.88,25.99
100969,Active,266738,NA,NA,D,0,0,1092904.075,69.95,2007,18,22,0
100970,Active,454847,NA,NA,D,1,0,2149365.895,110,2008,19,21.99,22.48
100971,Active,2533131,NA,NA,D,2,1,6131443.878,49.95,1997,20,4.19,58.94
100972,Active,1655602,NA,NA,D,1,0,470216.255,40,2009,34,18.23,40.95
100973,Active,3552571,NA,NA,D,0,0,354444.1,77,1992,94,30.27,56.02
100974,Active,2647365,NA,NA,D,1,0,3420897.813,55.95,1995,26,4,13.46
100975,Active,637852,NA,NA,D,1,0,745457.3725,49.99,2011,21,8.11,13.94
100976,Active,3729550,NA,NA,D,0,0,61406.8,39.99,2012,53,19.99,23.99
100977,Active,552269,NA,NA,D,0,0,1538994.189,88.75,2004,25,6.09,62.86
100978,Active,553447,NA,NA,D,0,0,662854.9875,106.5,1999,79,4.38,18.74
100979,Active,120837,NA,NA,D,0,0,1335693.83,189,2010,27,3,117.15
100980,Active,286197,NA,NA,D,0,0,1486440.236,226.67,2011,31,4.29,13.98
100981,Active,823667,NA,NA,D,0,0,3160178.325,29.95,1988,32,4,17.23
100982,Active,1703497,NA,NA,D,0,0,1761322.443,37,2014,30,28.48,34.29
100983,Active,2274517,NA,NA,D,0,0,292170.9,58.35,1900,19,0,0
100984,Active,2428056,NA,NA,D,0,0,6299338.899,21,1991,14,13.84,15.99
100985,Active,1942310,NA,NA,D,0,0,680429.3788,48,2014,49,3.85,42.54
100986,Active,921059,NA,NA,D,0,0,1430766.104,77.6,1962,73,4,62.22
100987,Active,629385,NA,NA,D,1,0,1828660.705,47.95,2007,31,4,11.1
100988,Active,3743853,NA,NA,D,6,1,2598967.2,84.99,2012,4,66.93,89.75
100989,Active,1936256,NA,NA,D,5,1,2174562.794,84.99,2012,4,31.93,25.91
100990,Active,268430,NA,NA,D,1,0,1114514.034,115,2007,24,11.33,41.99
100991,Active,131100,NA,NA,D,1,0,4279005.783,71,1998,23,4,6.99
100992,Active,1587412,NA,NA,D,1,0,2642283.178,36.99,2006,24,4.09,13.23
100993,Active,909289,NA,NA,D,1,0,1271521.179,69.95,2003,20,7.88,64.59
100994,Active,3790977,NA,NA,D,9,1,3271510.8,110,2006,13,58.59,198
100995,Active,772478,NA,NA,D,2,1,5598400.864,84,2005,17,8.42,18.53
100996,Active,3823903,NA,NA,D,1,0,1337233.45,38.95,1996,42,4,13.48
100997,Active,138783,NA,NA,D,0,0,2030826.02,45,1997,54,4,10.84
100998,Active,194693,NA,NA,D,0,0,3468785.905,90,2010,16,12.19,28.94
100999,Active,916870,NA,NA,D,1,0,2881846.074,25,2001,30,4,21
101000,Active,3787276,NA,NA,D,0,0,2904626,47,2005,17,4.05,69.54
101001,Active,175924,NA,NA,D,0,0,2747703.654,114.99,2007,17,14.1,31.99
101002,Active,900680,NA,NA,D,0,0,1848352.973,49.95,2007,17,23.97,30.88
101003,Active,647106,NA,NA,D,1,0,2673208.888,155,2012,21,9.26,130.93
101004,Active,2605895,NA,NA,D,0,0,5053281.355,99.99,1997,19,35.48,88.91
101005,Active,887750,NA,NA,D,11,1,1740178.93,118,1998,14,77.99,154.05
101006,Active,279190,NA,NA,D,0,0,1609928.11,42.95,2005,19,8.96,49.52
101007,Active,2802052,NA,NA,D,1,0,2450484.715,95,1996,18,12.96,72.99
101008,Active,620555,NA,NA,D,3,1,4882763.15,105,2001,18,4.48,38.73
101009,Active,619183,NA,NA,D,0,0,1101520.538,89.99,2007,32,16.23,38.41
101010,Active,2721538,NA,NA,D,1,0,2629744.223,56.95,1996,16,4.76,81.69
101011,Active,230623,NA,NA,D,1,0,1292686.484,65,1999,55,4,33.99
101012,Active,2611736,NA,NA,D,0,0,6439101.331,115.99,2000,15,4,49.54
101013,Active,2341047,NA,NA,D,8,1,2296014.91,19.95,1997,18,5.41,24.98
101014,Active,909345,NA,NA,D,0,0,1176840.674,113.37,1985,22,8.14,73.99
101015,Active,3467660,NA,NA,D,2,1,2557897.45,115.4,1990,20,4.23,38.25
101016,Active,2255702,NA,NA,D,3,1,1376520.743,119.69,2011,43,42.77,92.59
101017,Active,2261334,NA,NA,D,5,1,2197514.724,66.03,2007,38,7.47,48.42
101018,Active,631900,NA,NA,D,2,1,2673815.043,34.95,1998,35,3.99,23.78
101019,Active,833271,NA,NA,D,3,1,8769211.306,110,1997,16,5.78,49.86
101020,Active,1584363,NA,NA,D,1,0,1949703.35,59.99,2013,16,17.27,22.45
101021,Active,2609985,NA,NA,D,1,0,2177719.958,209.99,2002,17,28.38,30.07
101022,Active,723048,NA,NA,D,1,0,1886076.145,125,2010,23,15,60.97
101023,Active,904695,NA,NA,D,1,0,1694414.24,105,2012,15,23.41,28.89
101024,Active,287188,NA,NA,D,0,0,1747958.043,89.5,1999,20,5.56,184.17
101025,Active,2475017,NA,NA,D,2,1,3612291.589,105,1993,22,10.98,17.38
101026,Active,147378,NA,NA,D,4,1,1241680.43,154,2006,23,13.03,98.73
101027,Active,196645,NA,NA,D,1,0,214673.6575,49.95,2003,22,29.59,0
101028,Active,830679,NA,NA,D,0,0,2006668.255,0,1983,17,4,745.01
101029,Active,261359,NA,NA,D,1,0,1059331.704,50,2002,45,4,9.27
101030,Active,910965,NA,NA,D,1,0,2202047.176,62.95,2008,19,4.09,48.71
101031,Active,637969,NA,NA,D,1,0,1344727.289,89.95,2010,21,5.44,18.99
101032,Active,2617991,NA,NA,D,1,0,4759040.626,53.95,1989,30,4,36.03
101033,Active,2137616,NA,NA,D,3,1,2206831.189,76.95,2009,20,28.53,58.91
101034,Active,2698871,NA,NA,D,1,0,1155738.42,47.95,2005,22,4.51,36.23
101035,Active,653336,NA,NA,D,0,0,2990590.715,31.95,1991,18,16.79,64.15
101036,Active,868207,NA,NA,D,5,1,1269638.881,15.08,2004,32,4,7.08
101037,Active,580321,NA,NA,D,0,0,1525741.713,29.95,2002,13,15.94,28.94
101038,Active,132199,NA,NA,D,1,0,1125150.588,79.4,2007,42,4.33,48.98
101039,Active,3957682,NA,NA,D,0,0,5638877.7,58.8,2005,10,10.15,51.2
101040,Active,611946,NA,NA,D,0,0,1157458.503,75,2013,22,4.73,17.48
101041,Active,446037,NA,NA,D,4,1,4368204.531,960,2006,9,33.29,246.98
101042,Active,203657,NA,NA,D,1,0,3438371.016,163.95,2005,21,4.49,19.69
101043,Active,3134631,NA,NA,D,1,0,4607125.574,479.95,2003,12,11.66,119.67
101044,Active,653908,NA,NA,D,2,1,5173928.321,101.33,1992,15,6.57,270.25
101045,Active,466416,NA,NA,D,3,1,2511774.495,293.95,2009,11,72.5,102.98
101046,Active,504121,NA,NA,D,2,1,1999564.074,349.99,2007,17,103.99,253.37
101047,Active,523402,NA,NA,D,6,1,1117935.02,369.99,2010,21,34.16,73.25
101048,Active,789052,NA,NA,D,1,0,2698463.699,159,2002,22,5.52,28.94
101049,Active,495645,NA,NA,D,5,1,750501.9975,358.99,2010,23,78.76,169.87
101050,Active,499510,NA,NA,D,5,1,1154218.365,359,2010,12,124.59,232.98
101051,Active,439502,NA,NA,D,1,0,2653617.178,299,2008,15,141.44,212.68
101052,Active,300245,NA,NA,D,3,1,1038966.638,127,2007,31,13.88,63.97
101053,Active,268353,NA,NA,D,2,1,1296450.058,75,2004,24,4.96,66.45
101054,Active,3790328,NA,NA,D,2,1,2722202.65,235,1999,8,20.99,64.53
101055,Active,2560539,NA,NA,D,0,0,8589779.496,250,1982,16,7.94,127.23
101056,Active,890394,NA,NA,D,0,0,116385.7813,99,2010,25,78.42,63.19
101057,Active,494267,NA,NA,D,0,0,2828620.898,159,2008,24,99.87,121.2
101058,Active,2610280,NA,NA,D,5,1,870065.115,55,2000,27,5.79,75.81
101059,Active,2914363,NA,NA,D,0,0,1626046.666,35,2015,9,28.47,28.99
101060,Active,550875,NA,NA,D,0,0,8605709.189,0,2009,7,3.49,0
101061,Active,659859,NA,NA,D,3,1,1045788.935,99.95,2010,15,52.54,0
101062,Active,637209,NA,NA,D,1,0,427878.9563,48,2007,32,4.98,53.98
101063,Active,907504,NA,NA,D,1,0,989860.2688,119.95,1994,17,5.91,27.38
101064,Active,888959,NA,NA,D,0,0,1845612.256,150,2013,15,15.11,112.74
101065,Active,2275429,NA,NA,D,0,0,758569.05,108.35,2011,13,30.26,108.35
101066,Active,830539,NA,NA,D,1,0,3665802.576,61.95,2003,18,4.46,117.08
101067,Active,2561722,NA,NA,D,1,0,2061077.02,65.95,1983,19,4.13,93.61
101068,Active,569246,NA,NA,D,1,0,2270688.748,105,2007,37,12.97,99.33
101069,Active,2360750,NA,NA,D,1,0,2771252.283,50.95,2004,17,15.77,50.94
101070,Active,285595,NA,NA,D,18,1,738037.0888,101.23,2011,67,5.08,50.97
101071,Active,2260339,NA,NA,D,4,1,1325594.785,119.25,2006,13,18.3,118.11
101072,Active,868339,NA,NA,D,1,0,1059253.963,120.95,1994,31,4,33.94
101073,Active,3581557,NA,NA,D,0,0,282586.2,195,2015,30,17.7,129.91
101074,Active,522530,NA,NA,D,0,0,2674766.198,125.95,2008,19,13.48,26.69
101075,Active,288402,NA,NA,D,0,0,787760.6613,41,2005,26,4,23.99
101076,Active,439625,NA,NA,D,0,0,823323.2725,289,2008,24,220.4,220.42
101077,Active,2562147,NA,NA,D,1,0,3202513.413,275,1986,14,15.05,93.96
101078,Active,2343775,NA,NA,D,0,0,1373319.669,68.07,1971,24,4.4,57.23
101079,Active,254305,NA,NA,D,3,1,162829.9038,125.95,2011,23,38.99,41.58
101080,Active,152737,NA,NA,D,0,0,1946880.385,129,2005,24,7.89,27.74
101081,Active,883895,NA,NA,D,1,0,8937622.198,109,2005,15,14.99,34.75
101082,Active,607815,NA,NA,D,2,1,2898865.189,40,2005,24,4,26.42
101083,Active,2614487,NA,NA,D,1,0,3886752.315,89.99,2003,20,6.39,80.15
101084,Active,568328,NA,NA,D,2,1,3853798.551,114.99,2010,19,6.34,83.06
101085,Active,2608040,NA,NA,D,0,0,8252094.76,77,2005,15,8.48,47.29
101086,Active,287112,NA,NA,D,0,0,1324801.698,44.95,2008,51,4,5.88
101087,Active,877770,NA,NA,D,8,1,572385.3775,216.75,2006,43,8.85,28.97
101088,Active,560361,NA,NA,D,3,1,690261.1675,46,2008,25,4.28,17.81
101089,Active,142969,NA,NA,D,0,0,3279201.045,41,2004,17,8.53,14.92
101090,Active,288406,NA,NA,D,0,0,895674.5038,41,2004,32,3.88,25.53
101091,Active,710655,NA,NA,D,1,0,780896.8575,102,2001,18,37.09,37.2
101092,Active,904372,NA,NA,D,1,0,2190912.015,74.99,2010,19,15.65,0
101093,Active,396428,NA,NA,D,0,0,2056084.74,50.99,2007,15,5.44,0
101094,Active,272349,NA,NA,D,0,0,2757828.013,44.95,2007,15,17.47,37.52
101095,Active,924346,NA,NA,D,0,0,1105536.119,149,2003,52,44.03,110.52
101096,Active,420080,NA,NA,D,1,0,2976765.155,180,2007,21,18.29,35.97
101097,Active,699567,NA,NA,D,4,1,1374484.07,54.95,2000,33,4.35,18.8
101098,Active,175970,NA,NA,D,1,0,903555.88,99.99,2008,42,29.47,83.79
101099,Active,899165,NA,NA,D,0,0,3024292.175,65,2003,15,13.99,42.97
101100,Active,285515,NA,NA,D,1,0,6036333.16,62.77,2009,15,18.15,20.34
101101,Active,899415,NA,NA,D,0,0,643923.6513,97.96,2014,21,29.19,73.77
101102,Active,641870,NA,NA,D,0,0,1900191.538,91.25,1996,19,4.34,79.75
101103,Active,105400,NA,NA,D,3,1,334247.3075,99,2005,33,30.99,44.54
101104,Active,175707,NA,NA,D,1,0,1287939.173,145,2005,22,6.34,37.91
101105,Active,2540565,NA,NA,D,2,1,2681606.243,79.95,2004,16,4.43,72.69
101106,Active,52056,NA,NA,D,6,1,207865.2975,180.25,2010,141,5.43,53.32
101107,Active,128763,NA,NA,D,1,0,432239.0325,71,2009,54,4.12,0
101108,Active,737448,NA,NA,D,0,0,2266501.706,44,2006,13,28.94,35.08
101109,Active,113349,NA,NA,D,1,0,1142056.069,121,2004,23,8.88,25.21
101110,Active,448153,NA,NA,D,7,1,6005144.25,23.45,2002,23,3.34,23.45
101111,Active,2549587,NA,NA,D,1,0,3829007.418,69.95,2004,21,4,45.41
101112,Active,897305,NA,NA,D,3,1,1200580.58,22,2012,15,15.94,16.98
101113,Active,1725000,NA,NA,D,1,0,3461575.714,89.95,2007,16,19.78,64.99
101114,Active,207571,NA,NA,D,0,0,367700.9038,519,2001,15,150.62,220.92
101115,Active,2442926,NA,NA,D,0,0,1084105.82,269,2001,30,7.98,54.36
101116,Active,276658,NA,NA,D,2,1,936755.4075,70,2003,21,4.61,196.87
101117,Active,169954,NA,NA,D,7,1,48651.50875,199.95,2010,32,38.62,136.54
101118,Active,2606335,NA,NA,D,0,0,4692167.575,171,1998,11,9.33,63.99
101119,Active,899291,NA,NA,D,5,1,1575497.535,113.99,2009,22,55.61,113.65
101120,Active,503489,NA,NA,D,0,0,1545046.32,139,2007,20,64.83,79.3
101121,Active,916770,NA,NA,D,0,0,3495056.611,164.95,1988,33,4,18.79
101122,Active,601725,NA,NA,D,1,0,1170006.869,79.95,2009,20,22.94,79.25
101123,Active,897459,NA,NA,D,5,1,2267052.016,33.95,2008,16,33.98,73.97
101124,Active,227332,NA,NA,D,1,0,3498918.138,76.95,1997,37,4,14.97
101125,Active,897300,NA,NA,D,1,0,1940424.369,99,1997,18,6.39,70.33
101126,Active,3475091,NA,NA,D,1,0,3626894.5,50,1990,21,4.7,70.01
101127,Active,742510,NA,NA,D,2,1,1603937.05,89.98,2009,14,34.64,81.21
101128,Active,511163,NA,NA,D,2,1,4404182.531,109,2005,11,19.87,33.75
101129,Active,263276,NA,NA,D,2,1,639017.725,43.88,1999,25,4.13,43.88
101130,Active,737645,NA,NA,D,1,0,1744328.538,48,2008,18,4,39.95
101131,Active,539773,NA,NA,D,0,0,1766467.538,65,2008,21,12.33,75.03
101132,Active,260081,NA,NA,D,2,1,3458111.863,70.95,2003,22,4.14,7.98
101133,Active,886301,NA,NA,D,3,1,2036110.7,180,2012,7,18.95,0
101134,Active,917593,NA,NA,D,11,1,233923.415,165.8,2013,52,4.7,85.21
101135,Active,616262,NA,NA,D,1,0,37082.08125,123.99,2013,58,42.95,83.27
101136,Active,920953,NA,NA,D,0,0,147894.4838,173.24,2014,52,38.29,38.99
101137,Active,439535,NA,NA,D,0,0,1445359.063,139,2008,21,87.99,106.56
101138,Active,251312,NA,NA,D,0,0,870712.9663,50,2007,22,4,37.87
101139,Active,3470118,NA,NA,D,0,0,6126959.85,82.95,1980,32,4,49.35
101140,Active,508981,NA,NA,D,0,0,123165.91,135,2010,26,66.21,90.84
101141,Active,267101,NA,NA,D,0,0,1842818.166,59.95,2006,22,4.98,0
101142,Active,159480,NA,NA,D,1,0,2778641.488,66.95,2004,13,18.87,63.98
101143,Active,1533890,NA,NA,D,0,0,2494675.28,129,2007,21,59.83,79.32
101144,Active,193053,NA,NA,D,2,1,1346630.32,307.95,2004,24,7.98,193.83
101145,Active,2599070,NA,NA,D,0,0,11596327.59,41.99,1991,16,4.98,110.33
101146,Active,255750,NA,NA,D,1,0,733689.7563,48.95,2005,34,4.41,33.99
101147,Active,121392,NA,NA,D,1,0,753006.1925,110,1998,42,4.1,106.51
101148,Active,2364986,NA,NA,D,0,0,13984008.2,47,2000,0,0,0
101149,Active,167639,NA,NA,D,1,0,3385283.629,176,2000,12,32.87,91.84
101150,Active,795544,NA,NA,D,4,1,2997756.544,0,2010,30,4.35,0
101151,Active,2559411,NA,NA,D,2,1,2669717.483,349.77,1960,12,19.89,119.41
101152,Active,3263162,NA,NA,D,5,1,6320965.25,0,2001,15,110.17,195.82
101153,Active,2594442,NA,NA,D,0,0,7528717.066,80,1987,12,26.17,187.34
101154,Active,2339177,NA,NA,D,1,0,1247473.435,99.12,1973,25,48.68,228.49
101155,Active,3236392,NA,NA,D,3,1,1292820.848,63.62,1997,39,10.92,57.77
101156,Active,3082543,NA,NA,D,1,0,2296289.649,43,2005,24,4.83,9.99
101157,Active,143190,NA,NA,D,1,0,2022897.139,48,2010,19,8.98,40.94
101158,Active,3262691,NA,NA,D,4,1,1343441.106,28.99,2005,43,10.09,29.16
101159,Active,243463,NA,NA,D,0,0,783036.5325,69.95,2006,30,20.92,0
101160,Active,1445382,NA,NA,D,1,0,3914711.56,175,2007,15,79.54,200.67
101161,Active,202507,NA,NA,D,2,1,3586307.42,67.54,2001,30,4.54,61.89
101162,Active,196455,NA,NA,D,0,0,2476835.131,55.95,2003,27,3.99,45.97
101163,Active,288415,NA,NA,D,1,0,4104990.903,39.5,2005,12,12.98,31.99
101164,Active,737561,NA,NA,D,2,1,3554605.259,42,2006,21,4,8.94
101165,Active,1464800,NA,NA,D,1,0,8391311.993,90.95,2006,15,4,93.09
101166,Active,637970,NA,NA,D,1,0,2463193.075,118,2004,21,32.38,99.33
101167,Active,450998,NA,NA,D,2,1,1849510.498,228.95,2010,26,72.44,182.49
101168,Active,563024,NA,NA,D,1,0,3593927.366,134,2004,16,34.01,34.02
101169,Active,908052,NA,NA,D,0,0,1187856.8,0,1900,32,39.79,114.01
101170,Active,696685,NA,NA,D,0,0,1461400.928,85.75,2009,15,51.14,84.75
101171,Active,250613,NA,NA,D,0,0,435197.1863,135.95,2010,35,13.48,83.99
101172,Active,592639,NA,NA,D,1,0,1047731.295,109.95,2009,21,6.98,0
101173,Active,3272408,NA,NA,D,1,0,1155116.521,99.52,2003,29,13.79,101.59
101174,Active,2416117,NA,NA,D,0,0,5110189.941,35,1999,12,27.59,167.31
101175,Active,2566273,NA,NA,D,1,0,4558321.111,74.5,1989,11,6.42,2589.38
101176,Active,3784741,NA,NA,D,1,0,3809795,78.95,1996,26,4,14.18
101177,Active,893835,NA,NA,D,8,1,1239818.225,49.95,1994,13,6.39,49.95
101178,Active,544973,NA,NA,D,2,1,160620.28,67,2012,55,27.96,46.49
101179,Active,454704,NA,NA,D,1,0,929374.3775,190,2006,52,21.82,115.97
101180,Active,2765501,NA,NA,D,1,0,703655.6275,108,2000,26,4,27.98
101181,Active,1573574,NA,NA,D,0,0,107259.255,12.95,2013,19,10.51,10.75
101182,Active,3146835,NA,NA,D,2,1,2128911.235,19.95,1995,19,7.06,31.94
101183,Active,872262,NA,NA,D,1,0,207327.4313,21.18,2002,23,27.88,33.99
101184,Active,560311,NA,NA,D,0,0,877760.545,46,2005,20,18.92,36.88
101185,Active,120051,NA,NA,D,1,0,273424.1375,156.8,2010,31,64.84,0
101186,Active,2266308,NA,NA,D,5,1,2650039.678,245.69,2007,15,74.34,240.93
101187,Active,627206,NA,NA,D,2,1,2796282.673,56,2005,27,4,18.47
101188,Active,222816,NA,NA,D,5,1,227732.9975,68,2009,37,7.13,94.95
101189,Active,826971,NA,NA,D,1,0,2259557.626,40,1999,25,4,5.02
101190,Active,2119791,NA,NA,D,1,0,2464214.446,52.95,2010,16,4.3,36.69
101191,Active,1924419,NA,NA,D,0,0,270198.88,41,2014,26,4,8.94
101192,Active,738156,NA,NA,D,2,1,3940675.898,85.7,1999,14,9.54,12.81
101193,Active,737646,NA,NA,D,1,0,784541.545,41,2008,21,4.68,36.93
101194,Active,750214,NA,NA,D,1,0,1616767.033,90,2008,26,14.6,33.98
101195,Active,517577,NA,NA,D,3,1,1743260.674,295,2008,14,148.09,246.53
101196,Active,661013,NA,NA,D,3,1,2290749.809,164,2012,12,71.89,97.78
101197,Active,751839,NA,NA,D,3,1,4722895.888,80,2009,12,10.2,0
101198,Active,3089141,NA,NA,D,0,0,2658146.645,49.99,2005,30,4,6.94
101199,Active,637134,NA,NA,D,0,0,803793.305,34.99,2009,29,5.92,0
101200,Active,1886593,NA,NA,D,1,0,1803926.893,49.99,2014,49,17.11,35.81
101201,Active,633250,NA,NA,D,0,0,1090355.631,49.99,2010,37,4,8.44
101202,Active,652577,NA,NA,D,1,0,847579.2375,39.99,2012,33,5.38,16.43
101203,Active,895495,NA,NA,D,1,0,804007.4313,74.99,2011,19,57.3,59.23
101204,Active,646087,NA,NA,D,1,0,1228127.911,49.99,2010,23,6.98,25.52
101205,Active,620756,NA,NA,D,0,0,880915.9488,59.99,2011,52,4,3.99
101206,Active,1886335,NA,NA,D,1,0,3714513.276,49.99,2011,17,13.89,17.94
101207,Active,1886249,NA,NA,D,0,0,1969703.4,49.99,2010,31,4,31.98
101208,Active,625346,NA,NA,D,0,0,702791.5863,69.99,2008,29,18.17,28.86
101209,Active,2036619,NA,NA,D,0,0,2074129.379,39.99,2008,30,4,19.4
101210,Active,526905,NA,NA,D,1,0,258030.9125,34.99,2011,24,6.99,10.51
101211,Active,253896,NA,NA,D,0,0,920405.06,34.99,2011,22,8.25,0
101212,Active,1886273,NA,NA,D,1,0,2891527.681,44.99,2011,23,4,26.1
101213,Active,152918,NA,NA,D,0,0,2741427.458,189,2003,18,38.98,93.25
101214,Active,2748859,NA,NA,D,2,1,2844764.421,89.95,1996,21,4.22,115.87
101215,Active,2525101,NA,NA,D,0,0,1948590.43,379,1995,17,108.93,276.1
101216,Active,439360,NA,NA,D,0,0,2245970.211,199,2005,25,41.99,60.37
101217,Active,753266,NA,NA,D,1,0,1883505.131,44.95,2010,21,13.87,30.1
101218,Active,176789,NA,NA,D,1,0,1804562.068,170.95,2000,35,4.57,7.7
101219,Active,761540,NA,NA,D,1,0,2134732.12,182,2006,22,16.17,116.73
101220,Active,632844,NA,NA,D,1,0,1967222.706,104.95,2004,17,10.23,34.2
101221,Active,164956,NA,NA,D,1,0,1286642.238,267,2003,23,8.84,43.99
101222,Active,3634338,NA,NA,D,0,0,5757218.85,0,2014,5,43.99,88.81
101223,Active,2302413,NA,NA,D,0,0,1755658.424,120.81,1984,30,6.53,78.35
101224,Active,638273,NA,NA,D,1,0,2419342.724,99,2005,19,39.94,57.97
101225,Active,566321,NA,NA,D,1,0,1848346.951,124.37,1996,32,4,68.07
101226,Active,2421282,NA,NA,D,1,0,2135943.981,112.62,1968,15,31.49,123.94
101227,Active,2604793,NA,NA,D,1,0,3604938.523,110,2000,13,14.85,15.63
101228,Active,640914,NA,NA,D,1,0,1624283.105,115.95,2000,34,3.85,61.77
101229,Active,643746,NA,NA,D,0,0,2412085.645,49.95,2004,20,9.38,33.98
101230,Active,698153,NA,NA,D,4,1,2871878.334,104.75,2001,17,8.09,86.48
101231,Active,166580,NA,NA,D,1,0,1187040.349,116.95,2005,23,13.09,26.58
101232,Active,2610561,NA,NA,D,0,0,2100527.786,74,2000,22,18.98,48.99
101233,Active,2129307,NA,NA,D,0,0,1959567.184,89.95,2008,19,48.94,89.94
101234,Active,656103,NA,NA,D,3,1,3739155.851,99,1997,22,35.49,77.62
101235,Active,220669,NA,NA,D,0,0,636967.9088,61,2005,23,27.02,61.05
101236,Active,899853,NA,NA,D,1,0,3857802.198,155,1984,14,15.99,60.88
101237,Active,641777,NA,NA,D,0,0,492739.5363,119,2003,31,12.51,66.67
101238,Active,2827943,NA,NA,D,1,0,2416329.434,69.95,2001,19,19.93,59.83
101239,Active,711843,NA,NA,D,4,1,6231102.166,97,2001,21,4,23.99
101240,Active,420138,NA,NA,D,1,0,3134429.03,116,2009,22,42.4,112.56
101241,Active,1445750,NA,NA,D,1,0,3450474.944,185,2010,19,33.43,92.75
101242,Active,3512518,NA,NA,D,0,0,2199548.15,199,1984,47,33.74,93.07
101243,Active,2673684,NA,NA,D,0,0,2734085.545,29.95,2004,27,4.2,23.74
101244,Active,2801297,NA,NA,D,5,1,1925407.229,55,1991,35,4,28.74
101245,Active,867531,NA,NA,D,12,1,72522.7675,104.95,2014,65,6.93,43.98
101246,Active,121720,NA,NA,D,0,0,1500493.441,60,1998,20,16.44,0
101247,Active,1593509,NA,NA,D,1,0,2155299.631,55,2007,15,19.84,136.16
101248,Active,2351872,NA,NA,D,1,0,1825117.521,41.25,2000,21,4.08,55.97
101249,Active,244305,NA,NA,D,0,0,481459.0125,50.79,2011,37,4,53.42
101250,Active,275140,NA,NA,D,0,0,1917741.443,37.5,2002,23,4,44.63
101251,Active,2266467,NA,NA,D,2,1,729756,0,2012,14,0,0
101252,Active,193262,NA,NA,D,6,1,3088954.5,106,2002,11,7.17,53.94
101253,Active,737548,NA,NA,D,1,0,1705334.559,191,2007,23,4.98,102.23
101254,Active,193492,NA,NA,D,4,1,3834506.086,138,2006,14,4.95,24.03
101255,Active,1592282,NA,NA,D,1,0,3360396.458,140,2006,19,23.98,44.99
101256,Active,718039,NA,NA,D,1,0,3075691.881,130,1999,19,27.76,104.28
101257,Active,636240,NA,NA,D,0,0,2038775.426,99,1984,17,41.72,53.11
101258,Active,1952189,NA,NA,D,0,0,840818.9825,79.95,2012,17,43.3,58.8
101259,Active,637878,NA,NA,D,11,1,788193.44,0,2011,21,4.99,35.93
101260,Active,2670427,NA,NA,D,0,0,1246381.579,30.55,1993,10,4,144.31
101261,Active,631648,NA,NA,D,1,0,1055422.875,69.95,2009,27,7.61,28.99
101262,Active,766364,NA,NA,D,1,0,556632.6613,55.95,2010,27,13.98,21.23
101263,Active,1952724,NA,NA,D,0,0,1469807.688,49.99,2013,51,34.99,35.49
101264,Active,895248,NA,NA,D,0,0,1031522.806,99,1983,15,15.84,99
101265,Active,2025402,NA,NA,D,0,0,5913141.863,97.81,2009,14,4.73,97.81
101266,Active,2025419,NA,NA,D,1,0,2224963.735,92.95,2011,29,4,44.51
101267,Active,803861,NA,NA,D,1,0,1868131.26,159,2005,14,16.15,28.82
101268,Active,248771,NA,NA,D,1,0,1728092.474,125,2005,22,7.22,23.94
101269,Active,803847,NA,NA,D,1,0,759730.4775,159,2005,20,6.94,38.59
101270,Active,2568852,NA,NA,D,2,1,4694721.098,215.58,2003,10,12.43,210.78
101271,Active,420089,NA,NA,D,1,0,1717363.843,114,2007,20,57.89,66.96
101272,Active,891954,NA,NA,D,1,0,4138015.996,165,2008,11,38.98,75.39
101273,Active,2525031,NA,NA,D,0,0,924329.2238,125,1989,17,13.99,106.77
101274,Active,630204,NA,NA,D,1,0,233763.3313,136.95,2006,53,5.46,108.7
101275,Active,427335,NA,NA,D,1,0,1936737.306,62,2012,14,23.7,21.94
101276,Active,640171,NA,NA,D,1,0,1354069.463,220.07,2012,21,8.53,172.99
101277,Active,3148980,NA,NA,D,0,0,3880937.831,149,2003,18,104.98,113.89
101278,Active,1571959,NA,NA,D,0,0,487194.195,36,2012,16,30.23,35.99
101279,Active,917293,NA,NA,D,1,0,787844.2463,50.95,2001,36,4,12.95
101280,Active,135577,NA,NA,D,0,0,2541953.896,47.95,2005,26,4.92,21.94
101281,Active,873000,NA,NA,D,2,1,3191494.376,0,2003,16,49.89,180.83
101282,Active,697805,NA,NA,D,5,1,451534.8525,49.58,2011,30,36.43,39.83
101283,Active,1651680,NA,NA,D,1,0,1912482.793,86.95,2008,29,4.33,75.94
101284,Active,175724,NA,NA,D,0,0,2769846.48,115,2005,18,6.14,50.97
101285,Active,398428,NA,NA,D,1,0,6126429.761,54.95,2003,12,8.76,27.98
101286,Active,393913,NA,NA,D,1,0,1517416.496,109,2004,27,8.32,53.81
101287,Active,199070,NA,NA,D,1,0,1735944.203,90,2000,25,4,48.95
101288,Active,366204,NA,NA,D,1,0,4694054.89,145,2000,14,11.47,265.56
101289,Active,630887,NA,NA,D,0,0,1855045.718,249,2007,23,53.96,174.87
101290,Active,2852054,NA,NA,D,1,0,3348123.836,185.95,1995,21,13.63,55.35
101291,Active,2336480,NA,NA,D,2,1,1486436.939,92.5,1986,26,4.35,33.98
101292,Active,637131,NA,NA,D,0,0,1348051.94,154.95,2009,39,103.64,148.99
101293,Active,869331,NA,NA,D,4,1,6071828.705,15.69,2005,18,4.31,15.28
101294,Active,2598877,NA,NA,D,0,0,9857951.065,110,1994,14,8.92,86.99
101295,Active,1533444,NA,NA,D,0,0,2116559.103,64.95,2006,17,36.24,41.17
101296,Active,313690,NA,NA,D,0,0,462174.05,123.6,2003,19,7.48,131.12
101297,Active,2612969,NA,NA,D,0,0,4487415.168,180,2003,16,38.21,38.24
101298,Active,887102,NA,NA,D,0,0,1454216.075,40,2014,16,12.09,34.99
101299,Active,752037,NA,NA,D,1,0,1082680.904,54.99,2010,42,4,11.08
101300,Active,533316,NA,NA,D,6,1,111947.9825,137.5,2012,31,49.98,83.99
101301,Active,869839,NA,NA,D,3,1,7897410.093,67.53,1980,20,4,45.4
101302,Active,761316,NA,NA,D,6,1,4530071.389,62.81,2006,13,6.83,0
101303,Active,2050995,NA,NA,D,0,0,1043516.938,39.95,2011,26,4.48,115.91
101304,Active,564339,NA,NA,D,2,1,944697.51,67.95,1992,22,6.38,52.42
101305,Active,609345,NA,NA,D,4,1,2643881.646,76.95,2003,20,4.01,45.89
101306,Active,3135163,NA,NA,D,0,0,4851753.153,41.99,2005,21,4.31,42.72
101307,Active,784120,NA,NA,D,1,0,1686127.939,39.99,2005,35,4,22.24
101308,Active,783303,NA,NA,D,4,1,1718218.424,49.99,2002,38,3.99,9.59
101309,Active,2578716,NA,NA,D,1,0,5253691.07,69.87,1977,35,4.33,34.89
101310,Active,582349,NA,NA,D,1,0,1594659.666,99,2003,38,5.97,55.65
101311,Active,737608,NA,NA,D,0,0,2649133.268,47.95,2007,13,26.49,164.21
101312,Active,899798,NA,NA,D,0,0,3788532.064,15.95,1998,12,4,94.77
101313,Active,737904,NA,NA,D,0,0,2978432.451,45,2009,27,4,5.03
101314,Active,902854,NA,NA,D,0,0,2579752.86,138.95,2009,20,4,50.47
101315,Active,249957,NA,NA,D,1,0,5495477.773,117.95,2007,12,4.35,25.26
101316,Active,888503,NA,NA,D,1,0,4250857.943,138.95,2009,14,4.35,41.57
101317,Active,752522,NA,NA,D,1,0,1012508.79,49.99,2010,56,4,7.45
101318,Active,635697,NA,NA,D,1,0,637719.8738,59.99,2012,28,12.52,13.95
101319,Active,618900,NA,NA,D,3,1,2421509.676,49.99,2008,37,4,28.39
101320,Active,269552,NA,NA,D,1,0,779103.7988,69.95,2008,20,11.86,27.99
101321,Active,889527,NA,NA,D,3,1,1960021.636,99,2000,16,4.44,72.51
101322,Active,894243,NA,NA,D,3,1,4833632.249,109,2002,12,10.92,116.73
101323,Active,2157828,NA,NA,D,0,0,1890951.391,18.95,2006,20,21.47,22.94
101324,Active,1612213,NA,NA,D,0,0,465557.8175,59.95,2010,28,28.9,59.95
101325,Active,344547,NA,NA,D,1,0,705429.5038,99,2007,24,6.83,41.98
101326,Active,2697691,NA,NA,D,2,1,4188364.336,68.95,1999,15,6.37,69.39
101327,Active,623105,NA,NA,D,1,0,2333956.609,69.99,2004,29,4.08,17.55
101328,Active,916666,NA,NA,D,0,0,935879.2225,60.95,2007,29,9.94,17.94
101329,Active,700949,NA,NA,D,1,0,3017844.493,39.95,2005,14,6.92,23.99
101330,Active,3567004,NA,NA,D,0,0,7033682.85,61.95,1997,13,10.39,227.15
101331,Active,652825,NA,NA,D,1,0,955587.4938,59.95,2010,26,23.98,50.82
101332,Active,259215,NA,NA,D,0,0,316379.2738,29.95,1999,30,9.58,0
101333,Active,623585,NA,NA,D,1,0,981476.9338,36.95,2007,70,4,7.19
101334,Active,671732,NA,NA,D,0,0,976512.13,59.99,2011,30,21.33,38.28
101335,Active,2435098,NA,NA,D,1,0,6183411.085,57.95,1994,19,4,45.69
101336,Active,2430618,NA,NA,D,1,0,1559799.945,52.99,1995,25,4.35,57.07
101337,Active,906231,NA,NA,D,4,1,4810178.74,99,1997,23,4,41.87
101338,Active,3072908,NA,NA,D,3,1,1800437.409,79,2002,23,6.46,535
101339,Active,908729,NA,NA,D,1,0,3901051.413,225,2010,15,18.99,83.98
101340,Active,915751,NA,NA,D,1,0,986865.9763,49.99,2009,33,6.06,31.31
101341,Active,2423745,NA,NA,D,0,0,1615417.864,80.13,1989,37,4,45.51
101342,Active,640939,NA,NA,D,3,1,700135.2088,47.95,2007,20,28.67,0
101343,Active,2829770,NA,NA,D,0,0,4133973.85,62.52,1996,28,4,22.99
101344,Active,1509410,NA,NA,D,7,1,2089775.8,81.8,2006,35,4,24.97
101345,Active,3021556,NA,NA,D,0,0,1399086.956,35.95,1998,27,4.81,10
101346,Active,307977,NA,NA,D,4,1,2853060.113,69.95,2002,28,4,6.98
101347,Active,2438582,NA,NA,D,3,1,5380933.988,89.5,2002,13,5.44,51.39
101348,Active,340175,NA,NA,D,4,1,2246684.743,45,2003,15,5.47,55.04
101349,Active,898355,NA,NA,D,8,1,8060791.828,49.95,2003,23,4.77,48.52
101350,Active,161613,NA,NA,D,1,0,682804.5,63.5,2007,29,16.82,53.83
101351,Active,2259064,NA,NA,D,3,1,2378387.414,0,2006,22,8.18,39.85
101352,Active,351908,NA,NA,D,9,1,1055541.831,59.95,2007,15,6.38,92.27
101353,Active,342758,NA,NA,D,0,0,500726.3738,44.18,2003,31,4,65.59
101354,Active,152475,NA,NA,D,0,0,418814.5688,99,2007,33,4.88,45.27
101355,Active,137461,NA,NA,D,3,1,6650601.413,78.5,2001,19,4.76,70.57
101356,Active,137496,NA,NA,D,4,1,8165734.579,54.6,2004,22,4,13.94
101357,Active,336632,NA,NA,D,1,0,1385582.523,60.95,2004,21,6.39,45.5
101358,Active,1741110,NA,NA,D,0,0,2193092.658,29.95,2007,19,4.29,28.74
101359,Active,313799,NA,NA,D,0,0,2103604.074,95,2003,10,5.99,58.39
101360,Active,2066883,NA,NA,D,0,0,217672.7613,59.95,2010,37,32.36,45.22
101361,Active,341638,NA,NA,D,8,1,1927912.323,40,2003,17,4.61,8.48
101362,Active,326351,NA,NA,D,1,0,2540961.613,62.5,2005,35,4.66,45.14
101363,Active,308025,NA,NA,D,2,1,2689924.795,59.95,2004,29,4,34.78
101364,Active,2152469,NA,NA,D,0,0,1547503.609,95,2008,28,37.43,73.88
101365,Active,1609180,NA,NA,D,0,0,573263.885,44.95,2009,18,10.89,162.38
101366,Active,763032,NA,NA,D,1,0,978558.8525,230,1999,16,10.85,55.69
101367,Active,144925,NA,NA,D,0,0,2888205.359,74.43,2005,25,4.35,68.63
101368,Active,1733238,NA,NA,D,1,0,1997242.644,45,2006,14,21.15,41.35
101369,Active,2599656,NA,NA,D,1,0,2164505.606,165,1994,31,4,22.94
101370,Active,850118,NA,NA,D,1,0,3080573.466,42,1999,31,4.12,5.96
101371,Active,2284797,NA,NA,D,0,0,1277427.3,0,2006,16,0,0
101372,Active,822523,NA,NA,D,0,0,4268641.856,27.95,1987,27,4,21.49
101373,Active,915506,NA,NA,D,4,1,2759608.013,42.95,2000,22,4,21.98
101374,Active,2804004,NA,NA,D,0,0,2129433.285,19.95,2004,22,4,18.94
101375,Active,2010517,NA,NA,D,0,0,5092768.55,87.5,2006,15,9.49,114.77
101376,Active,2414680,NA,NA,D,1,0,9132210.274,180,1996,16,67.6,164.6
101377,Active,775750,NA,NA,D,0,0,3227981.096,114,2004,16,4.22,16.77
101378,Active,738231,NA,NA,D,2,1,3939843.324,63,2000,9,33.49,143.45
101379,Active,897848,NA,NA,D,0,0,4129210.376,110,2005,15,4,58.29
101380,Active,868654,NA,NA,D,0,0,7090398.385,36.99,2002,15,6.24,13.94
101381,Active,658428,NA,NA,D,7,1,159617.8613,45,2010,18,23.78,75.77
101382,Active,1839407,NA,NA,D,1,0,3944262.513,79.99,2007,11,6.39,84.98
101383,Active,2786677,NA,NA,D,0,0,1441872.776,49.5,1991,49,10.8,32.58
101384,Active,911231,NA,NA,D,0,0,2373537.97,149,2008,23,47.3,47.4
101385,Active,800704,NA,NA,D,5,1,2424020.295,134,2007,21,40.5,107.2
101386,Active,1710969,NA,NA,D,0,0,1103041.326,70,2012,42,21.36,30.94
101387,Active,142944,NA,NA,D,0,0,1138780.729,81,2005,27,11.07,68.68
101388,Active,778307,NA,NA,D,0,0,2587898.401,47.95,2003,27,6.75,47.59
101389,Active,718081,NA,NA,D,0,0,10023859.86,65,1998,10,35.85,193.7
101390,Active,669849,NA,NA,D,2,1,2291588.31,46,2004,12,32.79,37.14
101391,Active,2699683,NA,NA,D,6,1,523816.7988,47.95,1997,15,4.24,59.48
101392,Active,225662,NA,NA,D,1,0,3686368.258,125.95,2000,16,4.92,57.31
101393,Active,2560784,NA,NA,D,1,0,7418499.793,49.95,1981,24,4.39,0
101394,Active,608835,NA,NA,D,1,0,5466232.704,101.95,1999,20,4,49.15
101395,Active,2420427,NA,NA,D,0,0,4693627.523,55,1989,20,4,12.44
101396,Active,2600020,NA,NA,D,0,0,6175133.503,164.99,1993,15,7.05,64.11
101397,Active,2596042,NA,NA,D,0,0,3411914.624,99.99,1989,17,17.93,49.13
101398,Active,2614588,NA,NA,D,0,0,1494039.524,144.99,2003,17,53.98,63.99
101399,Active,900696,NA,NA,D,0,0,390496.2363,44.95,2005,19,9.03,18.89
101400,Active,2614837,NA,NA,D,1,0,4472533.29,99.99,2004,21,22.92,81.99
101401,Active,1585362,NA,NA,D,1,0,3753832.788,114.99,2010,17,31.99,86.4
101402,Active,108979,NA,NA,D,1,0,1700927.995,110.84,2004,22,4,44.91
101403,Active,2652331,NA,NA,D,0,0,2278882.635,0,1995,17,4,0
101404,Active,1587230,NA,NA,D,2,1,2179358.809,135,2007,24,13.49,89.07
101405,Active,743636,NA,NA,D,1,0,4371865.373,57,2005,21,4.95,47.99
101406,Active,504063,NA,NA,D,0,0,2224250.071,229,2006,17,46.49,60.94
101407,Active,202251,NA,NA,D,1,0,2295108.244,279.95,2003,24,4.55,8.98
101408,Active,888524,NA,NA,D,7,1,1649419.77,119.99,2009,12,12.99,16.39
101409,Active,2664581,NA,NA,D,6,1,6305327.945,39.95,1999,20,4,8.98
101410,Active,888144,NA,NA,D,3,1,8054461.926,36.95,2005,18,5.35,12
101411,Active,897962,NA,NA,D,4,1,4721141.541,45.95,2008,18,4.98,46.97
101412,Active,106403,NA,NA,D,2,1,3140014.941,64.95,2005,19,7.91,18.59
101413,Active,2415440,NA,NA,D,3,1,3319946.714,55,2005,20,4.97,67.21
101414,Active,649247,NA,NA,D,1,0,950251.0038,70.99,2004,24,16.98,60.8
101415,Active,616662,NA,NA,D,1,0,2572761.34,32.95,1997,20,4,11.51
101416,Active,914444,NA,NA,D,1,0,634474.3825,69,1991,30,4.2,31.94
101417,Active,2527749,NA,NA,D,1,0,1845380.793,110,1974,14,14.37,96.07
101418,Active,3591581,NA,NA,D,2,1,1213092.65,22.95,2002,64,11.98,20.95
101419,Active,2595843,NA,NA,D,0,0,5606977.045,53,1991,15,4,26.98
101420,Active,911748,NA,NA,D,1,0,1092537.003,75,2009,31,27.03,57.44
101421,Active,3077779,NA,NA,D,1,0,1281061.084,59,2004,19,6.47,53.2
101422,Active,131224,NA,NA,D,3,1,2018345.618,97,1999,15,4,12.8
101423,Active,2834274,NA,NA,D,1,0,1951899.171,75,2001,24,5.97,41.96
101424,Active,897490,NA,NA,D,0,0,2197964.071,79.95,2005,31,7.94,64.45
101425,Active,247986,NA,NA,D,1,0,591721.91,59,2009,46,18.99,38.99
101426,Active,887843,NA,NA,D,1,0,4597195.85,162,2001,15,8.88,149.8
101427,Active,2800893,NA,NA,D,0,0,4712185.434,55,1989,18,4.39,45.21
101428,Active,131393,NA,NA,D,5,1,2284990.086,91.4,2000,25,4,32.99
101429,Active,2890170,NA,NA,D,0,0,5562821.55,0,1900,13,10.38,53.99
101430,Active,883162,NA,NA,D,4,1,5094942.499,79.95,2003,15,24.03,148.55
101431,Active,1533366,NA,NA,D,0,0,1725999.409,119,2006,23,31.49,40.74
101432,Active,3504014,NA,NA,D,1,0,5707810.35,112,2001,20,4.76,13.94
101433,Active,3462743,NA,NA,D,7,1,6400396.36,112.2,2000,15,4.79,54.65
101434,Active,897938,NA,NA,D,9,1,4229786.751,134.95,2007,14,8.43,48.47
101435,Active,765876,NA,NA,D,6,1,3408524.273,136.95,2004,38,4,12.71
101436,Active,575961,NA,NA,D,1,0,3891611.615,111.25,2009,28,4,41.05
101437,Active,169742,NA,NA,D,5,1,4537252.905,46.43,2007,17,4.35,6.88
101438,Active,156584,NA,NA,D,2,1,3382803.774,51.95,1997,35,4,43.45
101439,Active,2526577,NA,NA,D,0,0,4188216.194,39.95,1989,26,4,49.19
101440,Active,705377,NA,NA,D,0,0,5283481.615,76.7,2000,21,4,40.48
101441,Active,898051,NA,NA,D,2,1,5210977.874,40.99,2003,18,4.97,29.21
101442,Active,112976,NA,NA,D,1,0,4842133.996,80.95,1998,24,4,48.13
101443,Active,915645,NA,NA,D,8,1,6373164.604,60.5,1993,29,4,26.98
101444,Active,2566648,NA,NA,D,3,1,8604358.656,378.28,1993,18,4.4,77.21
101445,Active,1845153,NA,NA,D,0,0,713451.0675,95,2007,12,30.63,94.99
101446,Active,1840288,NA,NA,D,1,0,6324743.414,121.95,2011,30,13.64,13.65
101447,Active,909014,NA,NA,D,1,0,1353109.689,64.53,1983,23,5.94,64.52
101448,Active,124392,NA,NA,D,0,0,1347530.536,20,1999,26,32.47,85.09
101449,Active,556960,NA,NA,D,1,0,914413.4375,70.3,1993,29,4,13.99
101450,Active,152512,NA,NA,D,0,0,320634.2713,59.99,2009,54,4.78,46.87
101451,Active,663073,NA,NA,D,1,0,929390.5463,69.3,1981,14,8.99,151.84
101452,Active,2361845,NA,NA,D,2,1,2742974.299,235,1991,21,32.54,86.2
101453,Active,718441,NA,NA,D,1,0,3181786.953,165,1998,18,7.52,77.21
101454,Active,658507,NA,NA,D,1,0,1335718.549,116,2009,38,26.74,62.49
101455,Active,2576075,NA,NA,D,0,0,2027451.894,217.62,1975,21,9.27,72.93
101456,Active,2800822,NA,NA,D,1,0,2274539.175,34.5,2005,13,10.02,137.27
101457,Active,564201,NA,NA,D,3,1,7143910.1,55.95,2004,13,4,42.34
101458,Active,3514464,NA,NA,D,4,1,4705741.1,69.95,2011,0,0,0
101459,Active,114424,NA,NA,D,0,0,2305055.936,47.4,2002,22,4,44.13
101460,Active,3241160,NA,NA,D,2,1,792643.8763,58.48,2004,15,12.28,60.45
101461,Active,2560463,NA,NA,D,0,0,4888056.334,67.53,1980,22,4,54.47
101462,Active,1559337,NA,NA,D,1,0,2696581.123,140,2006,14,12.65,57.97
101463,Active,640014,NA,NA,D,1,0,658762.675,85,2011,32,6.7,164.59
101464,Active,2530206,NA,NA,D,1,0,3367566.6,135,1993,18,41.24,134.99
101465,Active,3217875,NA,NA,D,10,1,2037355.695,9.89,1966,11,6.38,0
101466,Active,301250,NA,NA,D,0,0,3117388.47,45.95,2006,15,5.49,33.94
101467,Active,907696,NA,NA,D,2,1,2900626.725,194.95,1996,19,11.88,15.94
101468,Active,1477744,NA,NA,D,1,0,1772152.878,96,2012,13,23.39,15.43
101469,Active,765356,NA,NA,D,1,0,5827744.431,105.95,2001,18,4,21.56
101470,Active,894302,NA,NA,D,1,0,5072750.62,100.4,1993,16,3,72.89
101471,Active,2261186,NA,NA,D,6,1,735745.3375,44.61,2010,41,8.85,30.77
101472,Active,2353154,NA,NA,D,4,1,3707087.953,5.34,2005,59,3.99,5.34
101473,Active,582618,NA,NA,D,1,0,919478.5863,56.95,2001,28,33.5,218.46
101474,Active,2613568,NA,NA,D,0,0,3070419.254,89.99,2003,19,15.91,86.75
101475,Active,2597498,NA,NA,D,0,0,3696097.17,125,1990,19,7.84,118.68
101476,Active,558599,NA,NA,D,1,0,5199045.454,32.95,1981,27,4,48.75
101477,Active,191993,NA,NA,D,2,1,236963.8713,31.98,2007,57,6.69,30.51
101478,Active,2346835,NA,NA,D,0,0,1343332.844,93.25,1989,10,7.04,675
101479,Active,147767,NA,NA,D,1,0,4196676.448,231.95,2002,14,6.77,12.1
101480,Active,2606475,NA,NA,D,0,0,3880337.274,164.99,1998,21,37,84.49
101481,Active,217624,NA,NA,D,1,0,1418014.23,45.95,2008,26,20.77,41.99
101482,Active,778303,NA,NA,D,1,0,2585239.465,90.95,2003,32,4,28.99
101483,Active,262105,NA,NA,D,0,0,2987146.696,43.5,1999,18,3.99,26.97
101484,Active,2779628,NA,NA,D,0,0,2182972.694,20,1970,12,40.66,112.59
101485,Active,1470157,NA,NA,D,0,0,4826430.673,82.5,2010,16,29.29,82.49
101486,Active,556208,NA,NA,D,1,0,1416544.879,75,2011,23,6.4,73.13
101487,Active,1727639,NA,NA,D,0,0,3061446.82,110,2012,23,38.88,98.21
101488,Active,1697806,NA,NA,D,0,0,1433551.993,45,2012,46,4,13.99
101489,Active,868477,NA,NA,D,1,0,1334401.086,54.95,2008,36,4,8.09
101490,Active,329705,NA,NA,D,3,1,4429073.516,85,2001,20,3.95,33.94
101491,Active,870195,NA,NA,D,1,0,2380146.901,102.8,2006,23,4,7.21
101492,Active,765017,NA,NA,D,2,1,3785766.045,229.95,1999,20,4,14.27
101493,Active,917329,NA,NA,D,1,0,1302016.998,41.95,2008,27,4.39,12.99
101494,Active,793020,NA,NA,D,1,0,3750276.619,175,2000,14,4.29,44.03
101495,Active,555918,NA,NA,D,0,0,2070506.156,55,2009,24,9.49,29
101496,Active,869760,NA,NA,D,1,0,3388179.67,56,1999,15,4.47,91.51
101497,Active,326143,NA,NA,D,4,1,8476471.909,77.5,2002,20,4,45.27
101498,Active,386414,NA,NA,D,5,1,3749292.11,60,2007,24,4.94,60
101499,Active,1592882,NA,NA,D,1,0,3668019.569,110,2007,16,22.31,29.14
101500,Active,2712579,NA,NA,D,0,0,1009060.008,675.45,2004,18,10.91,104.19
101501,Active,278545,NA,NA,D,0,0,1670145.711,38.95,2006,21,5.15,83.08
101502,Active,2331634,NA,NA,D,4,1,5025416.45,49.95,1988,14,4.97,0
101503,Active,2536799,NA,NA,D,1,0,9366629.65,220,2000,17,8.34,126.94
101504,Active,2820282,NA,NA,D,2,1,1460938.378,29.99,1994,15,4,25.97
101505,Active,2820538,NA,NA,D,1,0,2406321.658,32.99,1998,28,4,19.73
101506,Active,903370,NA,NA,D,1,0,3979343.686,39.95,1998,17,4,13.89
101507,Active,577333,NA,NA,D,1,0,2703267.473,36.95,2001,31,4,10.87
101508,Active,754721,NA,NA,D,1,0,902381.6225,170,2008,27,50.92,0
101509,Active,1651480,NA,NA,D,3,1,4280850.011,315,2006,13,138.98,286.13
101510,Active,2699474,NA,NA,D,2,1,1409240.683,275,1998,17,103.73,109.19
101511,Active,1478758,NA,NA,D,1,0,3211699.05,82,2012,19,30.09,46.97
101512,Active,394662,NA,NA,D,3,1,9024060.159,54.99,2001,16,4,44.25
101513,Active,2226371,NA,NA,D,0,0,2487818.95,33.78,2009,3,29.77,33.88
101514,Active,526748,NA,NA,D,6,1,2172517.93,149,2009,19,53.94,138.58
101515,Active,2590350,NA,NA,D,1,0,4358885.56,34.5,1980,14,6.23,102.92
101516,Active,189902,NA,NA,D,0,0,3507405.31,60,2005,14,21.18,327.14
101517,Active,2541689,NA,NA,D,0,0,1920673.354,43.95,2004,27,5.73,37.56
101518,Active,2143449,NA,NA,D,1,0,977030.655,70,2009,22,4,46.05
101519,Active,2601800,NA,NA,D,0,0,2479283.375,120,1995,18,6.38,70.46
101520,Active,907530,NA,NA,D,3,1,3612482.815,31.95,1996,16,4.63,69.29
101521,Active,758035,NA,NA,D,1,0,1511461.011,42.5,2000,32,4,3.98
101522,Active,2002645,NA,NA,D,0,0,696905,39.99,2014,3,0,0
101523,Active,3743444,NA,NA,D,2,1,1253596.95,133.95,2013,20,17.67,144.43
101524,Active,633768,NA,NA,D,0,0,54778.445,79.95,2013,109,41.99,35.99
101525,Active,1473083,NA,NA,D,7,1,4192416.965,40,2009,21,4.75,37.16
101526,Active,556195,NA,NA,D,3,1,5383182.54,55,2009,19,4.98,42.55
101527,Active,1473086,NA,NA,D,5,1,3624737.864,40,2009,17,4.97,12.99
101528,Active,1473137,NA,NA,D,5,1,4428968.42,55,2009,20,4.97,53.12
101529,Active,1463929,NA,NA,D,0,0,2008827.805,62.44,2011,10,14.38,23.87
101530,Active,1463928,NA,NA,D,0,0,2992888.606,62.44,2010,11,6.62,18.63
101531,Active,1470817,NA,NA,D,6,1,4123190.466,45,2007,21,4.77,4.96
101532,Active,601750,NA,NA,D,0,0,3260062.768,25,2011,17,4.47,14.63
101533,Active,754038,NA,NA,D,1,0,1375096.331,96,2011,31,56.74,62.2
101534,Active,2576955,NA,NA,D,1,0,1656082.061,210,1989,17,26.69,84.23
101535,Active,2598363,NA,NA,D,1,0,5723367.238,110,1991,15,31,78.96
101536,Active,1706102,NA,NA,D,0,0,2955156.849,69.95,2012,14,23.99,63.69
101537,Active,3303922,NA,NA,D,2,1,460763.3,42.61,2004,16,0,0
101538,Active,897983,NA,NA,D,1,0,4389990.993,59.95,2004,18,4.44,69.4
101539,Active,495220,NA,NA,D,0,0,6006764.304,157,2008,15,14.49,155.45
101540,Active,247456,NA,NA,D,0,0,896471.6975,83,2008,33,4,18.98
101541,Active,2423564,NA,NA,D,0,0,4112134.979,33.75,1989,14,28.99,120.08
101542,Active,495293,NA,NA,D,2,1,1151378.171,125,2008,15,25.09,140
101543,Active,576451,NA,NA,D,1,0,760917.1638,50.95,2003,27,4.48,48.61
101544,Active,576940,NA,NA,D,0,0,961333.5625,52.95,2010,32,4.96,46.01
101545,Active,710561,NA,NA,D,1,0,2701554.139,33.35,2001,24,3.99,16.74
101546,Active,724952,NA,NA,D,0,0,2152642.051,55,2011,23,6.03,48.99
101547,Active,641559,NA,NA,D,0,0,883796.8988,66.95,2008,27,51.93,70.98
101548,Active,526741,NA,NA,D,3,1,417164.4388,49.95,2010,30,22.39,42.92
101549,Active,576442,NA,NA,D,1,0,714568.7125,75,2003,28,4.65,55.77
101550,Active,3148373,NA,NA,D,1,0,8708760.136,120,1995,18,4.93,45.61
101551,Active,910710,NA,NA,D,2,1,6712706.561,73.95,2002,21,4,34.79
101552,Active,903330,NA,NA,D,0,0,716206.0263,0.01,1999,22,6.64,42.75
101553,Active,2579938,NA,NA,D,1,0,3778568.604,125,1995,14,5.9,60.37
101554,Active,3603779,NA,NA,D,0,0,3095593.15,39,1994,23,5.99,48.27
101555,Active,3100070,NA,NA,D,1,0,2587810.204,333.47,2005,20,22.94,157.77
101556,Active,666064,NA,NA,D,2,1,1176709.133,155,2007,41,45.08,78.43
101557,Active,907045,NA,NA,D,0,0,989604.3775,43.95,1993,30,4.29,40.94
101558,Active,1589629,NA,NA,D,1,0,1713040.468,49.99,2010,19,27.06,38.05
101559,Active,3244616,NA,NA,D,6,1,816054.9075,108.75,2001,36,7.48,87.41
101560,Active,1835276,NA,NA,D,0,0,2215021.836,219,2007,25,23.37,117.48
101561,Active,420196,NA,NA,D,1,0,220704.94,119.95,2012,21,68.29,0
101562,Active,225885,NA,NA,D,0,0,627156.6388,125.95,2006,18,5.44,163.84
101563,Active,1491981,NA,NA,D,4,1,2128436.646,152.67,2006,30,4,58.28
101564,Active,205946,NA,NA,D,1,0,1293137.213,75,2005,20,4,33.32
101565,Active,2613070,NA,NA,D,0,0,2579936.746,105,2001,23,6.47,33.94
101566,Active,3112444,NA,NA,D,2,1,2414689.123,59.95,2004,22,5.5,69.06
101567,Active,162713,NA,NA,D,1,0,1697787.206,32.99,2008,37,4,28.5
101568,Active,2353419,NA,NA,D,0,0,6097293.6,40.85,1997,15,5.44,53.98
101569,Active,1719396,NA,NA,D,0,0,2378172.683,42.95,2008,22,12.52,20.94
101570,Active,189949,NA,NA,D,0,0,982164.7338,115,2005,68,6.03,42.47
101571,Active,3524110,NA,NA,D,2,1,6214743.3,0,1988,17,9.05,44.17
101572,Active,2594373,NA,NA,D,1,0,4736210.361,169.99,1991,14,72.43,131.61
101573,Active,627768,NA,NA,D,0,0,471292.4975,88,1983,35,11.86,63.57
101574,Active,647509,NA,NA,D,6,1,726025.2513,183.6,2008,29,34.84,143.85
101575,Active,912164,NA,NA,D,0,0,3734582.66,72.95,1979,22,4,68.53
101576,Active,639912,NA,NA,D,1,0,747185.2575,47,2011,17,27.15,71.76
101577,Active,2795462,NA,NA,D,1,0,3051419.804,43,1985,26,11.35,53.85
101578,Active,891446,NA,NA,D,3,1,7449017.19,119,2002,16,23.43,86.31
101579,Active,1471698,NA,NA,D,0,0,2538740.67,88,2010,20,34.99,32.87
101580,Active,3482511,NA,NA,D,3,1,10765349,95,1996,12,62.99,390.69
101581,Active,2606850,NA,NA,D,0,0,4893745.091,36.99,1996,12,5.94,73.59
101582,Active,281052,NA,NA,D,0,0,2133393.163,159,1999,20,58.14,114.02
101583,Active,2615172,NA,NA,D,0,0,3380861.401,103.99,2004,10,7.95,179.35
101584,Active,2615048,NA,NA,D,0,0,2403815.153,100.99,2004,17,31.63,83.94
101585,Active,626945,NA,NA,D,0,0,1288256.929,179,2006,23,29.52,34.02
101586,Active,2598817,NA,NA,D,1,0,1188205.063,135,1992,18,15.49,93.99
101587,Active,2426198,NA,NA,D,1,0,3333819.4,77,1993,17,22.2,63.99
101588,Active,654371,NA,NA,D,5,1,1691669.038,79.95,2007,10,25.67,26.64
101589,Active,2670097,NA,NA,D,0,0,1317295.031,94.15,1991,17,10.23,58.09
101590,Active,3151359,NA,NA,D,3,1,8447401.545,72.95,2005,12,31.07,47.21
101591,Active,3151079,NA,NA,D,0,0,1240109.62,99,2003,24,60.39,63.19
101592,Active,760656,NA,NA,D,1,0,1499160.67,80,2001,30,15.93,69.95
101593,Active,2407506,NA,NA,D,1,0,2590946.659,111.95,1996,28,5.41,28.99
101594,Active,2573636,NA,NA,D,1,0,1797431.914,79.95,1990,16,22.67,58.89
101595,Active,2564050,NA,NA,D,1,0,921214.0613,198.4,1978,15,36.98,247.54
101596,Active,3843358,NA,NA,D,2,1,7870892.65,109,2000,9,52.68,0
101597,Active,184518,NA,NA,D,2,1,441357.8713,49.95,2002,23,14.98,38.99
101598,Active,3152285,NA,NA,D,1,0,5685914.443,139,1995,21,6.14,54.39
101599,Active,895517,NA,NA,D,0,0,4138132.36,109,2007,17,34.34,108.85
101600,Active,1592502,NA,NA,D,0,0,2850712.254,110,2006,22,28.96,77.11
101601,Active,2614806,NA,NA,D,1,0,7031490.751,140,2004,20,15.75,91.46
101602,Active,2502889,NA,NA,D,0,0,2049656.334,159,1998,25,32.91,89.76
101603,Active,2569247,NA,NA,D,0,0,1285411.225,81.76,1963,25,17.33,76.05
101604,Active,2614237,NA,NA,D,0,0,3671968.755,141.99,2005,11,52.59,100
101605,Active,3210298,NA,NA,D,1,0,3296101.856,193,2003,18,9.68,60.79
101606,Active,3150343,NA,NA,D,1,0,5264981.533,99,2005,9,14.99,57.99
101607,Active,763106,NA,NA,D,1,0,5780075.704,315,2000,17,7.98,57.18
101608,Active,2667670,NA,NA,D,1,0,2492877.061,62.95,2003,16,15.09,47.99
101609,Active,704529,NA,NA,D,3,1,2241483.333,75.97,2003,15,4.82,68.03
101610,Active,1473386,NA,NA,D,1,0,4671848.04,110,2010,14,23.37,55.44
101611,Active,718389,NA,NA,D,1,0,4021840.246,150,1997,18,4.77,55.49
101612,Active,717346,NA,NA,D,1,0,6702005.3,143.95,2000,27,4.23,79.85
101613,Active,2354205,NA,NA,D,2,1,1664727.42,35.5,2005,2,20.08,21.13
101614,Active,904279,NA,NA,D,0,0,1963989.82,42.95,2002,18,4,37.99
101615,Active,2779119,NA,NA,D,0,0,905489.915,50.95,1994,28,6.34,58.21
101616,Active,3262661,NA,NA,D,3,1,3838057.501,123.77,2002,26,7.47,121.42
101617,Active,675943,NA,NA,D,0,0,604326.1338,142.35,2007,28,8.99,0
101618,Active,721321,NA,NA,D,1,0,6961731.25,39.95,2004,13,15.99,106.1
101619,Active,2564688,NA,NA,D,0,0,2933361.054,135,1998,23,6.69,131.73
101620,Active,613024,NA,NA,D,0,0,292538.125,42,2006,59,4,13.98
101621,Active,2884264,NA,NA,D,2,1,4110773.169,52.25,2005,16,14.59,96.27
101622,Active,2865008,NA,NA,D,1,0,1992687.504,15,1991,25,8.06,15
101623,Active,576651,NA,NA,D,2,1,2054005.81,67.95,2007,33,4,48.63
101624,Active,909657,NA,NA,D,0,0,2913091.24,33.95,2004,21,4,14.94
101625,Active,908426,NA,NA,D,2,1,2597747.389,43.95,2003,26,4,41.65
101626,Active,670152,NA,NA,D,2,1,3417933.886,88,2003,13,77.87,159.09
101627,Active,860165,NA,NA,D,1,0,1031265.865,89,2010,15,11.84,50.84
101628,Active,891246,NA,NA,D,1,0,4698155.53,41,1997,23,4,12.94
101629,Active,2840904,NA,NA,D,1,0,2957187.393,74.95,2000,13,6.88,5.19
101630,Active,788816,NA,NA,D,1,0,1706545.625,36.95,1999,29,4,27.94
101631,Active,738474,NA,NA,D,3,1,2584899.224,36,2010,18,25.99,130.33
101632,Active,634014,NA,NA,D,1,0,2821118.003,120,2009,15,6.16,33.99
101633,Active,2907968,NA,NA,D,0,0,765565.3138,17.99,2005,27,4.68,10.26
101634,Active,2614271,NA,NA,D,0,0,2164812.928,99.99,2003,21,42.33,97.06
101635,Active,2602738,NA,NA,D,1,0,3189687.806,140,1999,25,32.91,123.51
101636,Active,2249771,NA,NA,D,5,1,722958.65,98.74,2009,38,0,0
101637,Active,1952283,NA,NA,D,0,0,1046769.07,59.99,2012,49,21.33,32.98
101638,Active,1921916,NA,NA,D,0,0,1006623.22,199,2010,47,135.94,79.74
101639,Active,114801,NA,NA,D,1,0,221431.21,89.4,2002,28,4.34,15.29
101640,Active,667096,NA,NA,D,1,0,2223292.71,63.95,2006,21,4,39.35
101641,Active,909340,NA,NA,D,0,0,2028186.364,120,2008,17,33.93,33.94
101642,Active,292295,NA,NA,D,1,0,1072876.405,143.95,1997,14,12.66,106.29
101643,Active,1586560,NA,NA,D,0,0,2483614.049,109.99,2010,18,21.35,21.46
101644,Active,1957033,NA,NA,D,1,0,1933389.12,96,2013,11,18.11,209.12
101645,Active,919216,NA,NA,D,1,0,2051153.554,47.95,1993,47,4,16.5
101646,Active,1488468,NA,NA,D,0,0,1657721.34,75,2012,35,4.48,22.49
101647,Active,907609,NA,NA,D,1,0,3576521.831,51.95,1997,18,6.07,29.98
101648,Active,643439,NA,NA,D,0,0,2115735.926,139,2009,25,53.99,100.08
101649,Active,838990,NA,NA,D,3,1,1165145.931,0,1996,4,38.97,38.99
101650,Active,882465,NA,NA,D,0,0,2389374.378,52.95,1998,11,11.84,103.43
101651,Active,792540,NA,NA,D,0,0,7357198.7,100,1997,21,4.8,60.33
101652,Active,2526578,NA,NA,D,0,0,7066659.951,43.95,1989,24,4,48.03
101653,Active,699561,NA,NA,D,1,0,1574950.599,42.95,1999,42,4,23.49
101654,Active,3151421,NA,NA,D,0,0,2080799.303,249,2002,19,128.99,182.03
101655,Active,666983,NA,NA,D,0,0,2170182.94,219,2009,18,101.99,153.75
101656,Active,1533938,NA,NA,D,0,0,2103232.728,229,2007,23,97.12,121.27
101657,Active,333581,NA,NA,D,0,0,717646.9788,99,2007,43,43.99,52.12
101658,Active,2190782,NA,NA,D,0,0,2177354.303,129,2012,16,53.99,78.99
101659,Active,225805,NA,NA,D,1,0,3052433.078,119.95,1998,15,9.97,25.47
101660,Active,839824,NA,NA,D,0,0,4265106.173,81.78,1981,16,4.34,84.74
101661,Active,591425,NA,NA,D,0,0,3245728.629,289,2005,24,8.15,73.65
101662,Active,2560353,NA,NA,D,0,0,1903284.813,231.82,1980,17,88.94,218.99
101663,Active,2597869,NA,NA,D,0,0,2379159.641,94.99,1999,14,49.94,79
101664,Active,2811453,NA,NA,D,0,0,1670316.264,45,1988,23,13.89,63.98
101665,Active,2339199,NA,NA,D,1,0,812813.7688,102.01,1966,25,10.98,128.73
101666,Active,3070646,NA,NA,D,0,0,2525467.484,159,2003,23,23.14,58.02
101667,Active,632392,NA,NA,D,5,1,1211787.526,59.95,2005,31,6.48,28.97
101668,Active,758114,NA,NA,D,1,0,2460011.531,175,2006,13,11.99,13.02
101669,Active,2564001,NA,NA,D,2,1,2335671.798,160,1997,21,8.98,25.49
101670,Active,563066,NA,NA,D,0,0,1914713.743,99,2006,19,26.28,45.65
101671,Active,563080,NA,NA,D,0,0,2265069.746,59.99,2007,9,9.79,15.53
101672,Active,2262157,NA,NA,D,6,1,450691.105,83.98,2006,19,37.1,160.07
101673,Active,2604791,NA,NA,D,0,0,986568.8675,75,1996,22,15.29,33.99
101674,Active,2607344,NA,NA,D,0,0,2202707.109,57,1997,24,6.38,52.37
101675,Active,2679369,NA,NA,D,1,0,2531871.501,32.95,1996,22,15.9,183.48
101676,Active,534658,NA,NA,D,4,1,104485.525,90.95,2012,57,7.72,51.47
101677,Active,916748,NA,NA,D,1,0,2865323.896,34.95,1999,30,4.32,9.99
101678,Active,128254,NA,NA,D,1,0,4945823.22,89.95,2005,19,18.16,106.67
101679,Active,755664,NA,NA,D,1,0,2173555.039,99.95,2004,17,19.95,80.34
101680,Active,556727,NA,NA,D,2,1,2740833.451,39,2001,36,4,9.48
101681,Active,3481719,NA,NA,D,1,0,4912497.7,158,2000,43,48.35,118.07
101682,Active,914616,NA,NA,D,1,0,2841981.223,88.95,2003,23,4,18.99
101683,Active,670727,NA,NA,D,0,0,1344426.128,63.95,2008,22,6.39,0
101684,Active,2054230,NA,NA,D,0,0,1207120.491,12.95,2010,30,4,9.74
101685,Active,3512358,NA,NA,D,0,0,1523178.95,129,2008,53,68.69,70.08
101686,Active,3748267,NA,NA,D,0,0,1970099.2,149,2012,52,113.93,113.88
101687,Active,3512804,NA,NA,D,0,0,1528105.65,189,1985,55,113.55,142.79
101688,Active,484433,NA,NA,D,0,0,1064095.833,65,2009,31,19.94,32.89
101689,Active,1595510,NA,NA,D,0,0,501290.5325,79.95,2014,22,35.79,93.94
101690,Active,2437834,NA,NA,D,0,0,3450196.401,43,1983,16,21.84,35.49
101691,Active,2599974,NA,NA,D,1,0,4811254.554,149.99,1998,15,46.54,113.51
101692,Active,2494273,NA,NA,D,0,0,969430.18,40,1998,72,4,12.71
101693,Active,3958080,NA,NA,D,2,1,6196950,99,2000,12,51.49,499.1
101694,Active,645945,NA,NA,D,1,0,1213854.14,39.95,2010,32,11.53,28.99
101695,Active,313164,NA,NA,D,5,1,831319.2075,137.4,2003,26,40.19,101.57
101696,Active,3513995,NA,NA,D,0,0,5584195.95,0,1975,16,4.83,68.45
101697,Active,710672,NA,NA,D,0,0,1372082.086,28,1999,21,12.66,43.94
101698,Active,285668,NA,NA,D,1,0,1899089.99,94.95,2004,16,24.31,33.93
101699,Active,2940380,NA,NA,D,1,0,5693666.364,36.95,2003,16,5.42,7.99
101700,Active,906133,NA,NA,D,2,1,1295104.925,66,2003,17,4,53.97
101701,Active,743469,NA,NA,D,1,0,7703600.441,34.95,2003,14,4,25.1
101702,Active,147453,NA,NA,D,2,1,1716417.441,39.95,2006,29,6.73,8.99
101703,Active,743774,NA,NA,D,2,1,2610366.88,39.95,2006,27,4,4.74
101704,Active,147058,NA,NA,D,1,0,2337394.39,39.95,2007,24,4,8.49
101705,Active,3547517,NA,NA,D,1,0,720341.15,39.95,2001,28,4,123.97
101706,Active,3826497,NA,NA,D,1,0,8189918.25,44.95,2001,30,4,8.97
101707,Active,794235,NA,NA,D,3,1,3317317.279,140,2005,17,23.1,71.31
101708,Active,614114,NA,NA,D,1,0,1167758.944,79.2,2009,60,4,9.8
101709,Active,762494,NA,NA,D,1,0,2017558.121,70,1999,18,4.97,54.99
101710,Active,654085,NA,NA,D,0,0,1551616.208,47,2006,35,10.51,40.03
101711,Active,293752,NA,NA,D,1,0,604752.2475,82.95,2001,35,5.79,51.38
101712,Active,1487155,NA,NA,D,0,0,2724839.168,49.5,2011,31,21.51,40.94
101713,Active,2608945,NA,NA,D,0,0,7903249.976,60,1998,11,30.92,75.58
101714,Active,3843412,NA,NA,D,4,1,3398386.3,54.95,2000,27,11.54,33.99
101715,Active,2605325,NA,NA,D,0,0,2662044.324,104.99,1996,17,15.71,60.17
101716,Active,782061,NA,NA,D,0,0,499608.8875,79.99,2010,26,27.17,68.35
101717,Active,275330,NA,NA,D,0,0,313632.6938,40,1995,87,10.06,26.78
101718,Active,725133,NA,NA,D,2,1,5102093.996,55,2002,13,7.35,21.87
101719,Active,2606707,NA,NA,D,0,0,2425165.564,36.99,1997,36,3.99,10.54
101720,Active,2491877,NA,NA,D,3,1,1543068.015,37.5,2005,29,4.98,26.28
101721,Active,2176663,NA,NA,D,1,0,3195705.749,115,2007,12,29.31,52.97
101722,Active,3616630,NA,NA,D,3,1,5230293.6,37.95,1995,23,4,45.4
101723,Active,1914257,NA,NA,D,0,0,1000940.214,52,2009,10,33.02,93.94
101724,Active,116507,NA,NA,D,2,1,2138011.361,39.99,2003,47,4,10.4
101725,Active,2444528,NA,NA,D,0,0,3736028.389,95.58,1986,17,5.98,72.45
101726,Active,294774,NA,NA,D,0,0,943862.7788,56.5,1999,20,30.83,31.39
101727,Active,2527853,NA,NA,D,0,0,2119152.861,17.95,1992,31,4,42.44
101728,Active,2940618,NA,NA,D,0,0,4054747.714,127.95,2005,37,4.39,37.09
101729,Active,919181,NA,NA,D,9,1,366753.9538,33.97,2009,47,4.93,45.38
101730,Active,872488,NA,NA,D,0,0,2190679.638,39.95,1998,28,3.9,8.99
101731,Active,1492043,NA,NA,D,1,0,715436.9175,46.67,2008,21,4.72,13.98
101732,Active,1455759,NA,NA,D,1,0,1189372.936,121.07,2014,15,22.78,109.51
101733,Active,1516763,NA,NA,D,1,0,457017.7125,110.4,2014,40,11.76,61.49
101734,Active,268679,NA,NA,D,0,0,848398.6175,111.95,2005,40,6.11,85.91
101735,Active,1426421,NA,NA,D,0,0,911687.7288,90.23,2007,8,13.96,0
101736,Active,121001,NA,NA,D,4,1,1463377.591,81,1998,25,9.93,97.49
101737,Active,2323009,NA,NA,D,1,0,5387444.438,115.95,1992,26,4,8.99
101738,Active,261327,NA,NA,D,1,0,2301086.116,33,2001,45,4,7.98
101739,Active,1771928,NA,NA,D,1,0,5364049.141,39.95,2010,6,0,37.1
101740,Active,592932,NA,NA,D,1,0,153919.5838,51.95,2009,73,4,8.98
101741,Active,671381,NA,NA,D,1,0,2342977.019,47.95,2008,9,5.63,8.98
101742,Active,251203,NA,NA,D,1,0,455936.0688,51.95,2009,65,4.99,13.99
101743,Active,1873550,NA,NA,D,1,0,2279480.04,47.95,2009,25,5.61,9.33
101744,Active,592209,NA,NA,D,3,1,324566.215,38.95,2004,43,4,5.98
101745,Active,1591580,NA,NA,D,0,0,2478574.186,189.99,2006,27,29.69,51.49
101746,Active,526676,NA,NA,D,3,1,800452.2238,52,2005,64,4,8.5
101747,Active,602366,NA,NA,D,0,0,1261447.425,49.95,2000,14,28,136.59
101748,Active,591738,NA,NA,D,1,0,2833283.973,53,2009,22,4,33.18
101749,Active,279177,NA,NA,D,1,0,1293896.966,44.95,2005,19,19.98,33.94
101750,Active,550603,NA,NA,D,1,0,906537.3838,51.4,1988,45,4,23.94
101751,Active,910643,NA,NA,D,0,0,2442840.029,34.4,1996,27,4,23.97
101752,Active,3303998,NA,NA,D,0,0,6718891.9,0,1900,24,16.95,72.98
101753,Active,2654461,NA,NA,D,5,1,9585502.734,50.36,1995,14,4.02,323.99
101754,Active,653975,NA,NA,D,1,0,1971330.318,82.25,1999,31,4,43.2
101755,Active,2611418,NA,NA,D,0,0,3623322.559,99.99,2000,14,58.99,114.57
101756,Active,846537,NA,NA,D,6,1,8953829.796,37.16,1993,13,3.99,58.33
101757,Active,576370,NA,NA,D,0,0,1965569.274,38.95,2003,21,4.48,8.99
101758,Active,2609497,NA,NA,D,0,0,6013678.135,114.99,2004,30,20,84.43
101759,Active,2140376,NA,NA,D,2,1,1298242.02,30.25,2011,25,5.33,22.29
101760,Active,2376802,NA,NA,D,3,1,6013662.93,33.55,1996,17,4,38.91
101761,Active,879391,NA,NA,D,6,1,91956.305,93.07,2012,26,63.99,71.44
101762,Active,336772,NA,NA,D,4,1,10973117.01,210,2006,10,22.96,41.94
101763,Active,899368,NA,NA,D,2,1,1064815.928,158,2010,13,32.99,78.04
101764,Active,915898,NA,NA,D,0,0,2123130.72,55.95,1985,31,4,32.24
101765,Active,2620548,NA,NA,D,2,1,4316982.783,34.95,1998,22,4.19,10.94
101766,Active,534060,NA,NA,D,2,1,2428894.051,47.95,1988,35,4,23.94
101767,Active,228938,NA,NA,D,3,1,4766970.141,75,2005,16,6.68,73.25
101768,Active,183059,NA,NA,D,1,0,757949.6088,103.95,2005,48,4,14.99
101769,Active,199256,NA,NA,D,0,0,1078391.221,40.95,2003,39,6.06,13.89
101770,Active,202425,NA,NA,D,0,0,2381540.568,66.05,1997,26,4,0
101771,Active,254418,NA,NA,D,4,1,194860.8075,49.95,2010,28,8.41,0
101772,Active,177945,NA,NA,D,2,1,1395631.661,65.95,2003,42,4,8.99
101773,Active,918107,NA,NA,D,1,0,2511894.86,39.98,1974,34,4,39.98
101774,Active,194847,NA,NA,D,0,0,720501.7213,58.95,2003,31,5.44,40.99
101775,Active,119966,NA,NA,D,3,1,2746955.329,106.67,1998,24,4,35
101776,Active,2144342,NA,NA,D,0,0,1061296.933,1120.24,2009,20,4,91.83
101777,Active,2849696,NA,NA,D,9,1,4427613.189,183.5,1999,17,7.08,215.73
101778,Active,728785,NA,NA,D,0,0,888883.6713,99,1997,19,8.65,81
101779,Active,758705,NA,NA,D,1,0,3765176.418,156,1999,20,4.48,46.93
101780,Active,893161,NA,NA,D,0,0,247291.6838,19.69,1987,28,17.49,22.49
101781,Active,148329,NA,NA,D,5,1,2673621.873,181.95,2005,24,4,6.75
101782,Active,905938,NA,NA,D,5,1,2943074.341,13.99,2005,22,4,13.99
101783,Active,3574621,NA,NA,D,4,1,3376043.95,87.95,2001,12,10.34,804.15
101784,Active,2189904,NA,NA,D,0,0,1073070.549,109,2012,22,48.99,18.88
101785,Active,147994,NA,NA,D,7,1,2150229.566,62.95,2003,30,4,30.69
101786,Active,214889,NA,NA,D,4,1,2731172.139,119,2005,12,64.79,0
101787,Active,775535,NA,NA,D,2,1,3489111.385,102,2002,21,4.13,16.96
101788,Active,136460,NA,NA,D,0,0,1513990.473,97.65,1997,21,32.62,226.71
101789,Active,793095,NA,NA,D,0,0,8047423.584,43.95,1999,21,4,41.35
101790,Active,887862,NA,NA,D,0,0,5143152.87,45.95,2002,10,16.98,43.98
101791,Active,1651511,NA,NA,D,0,0,2134824.525,70.95,2006,16,7.87,47.26
101792,Active,2424596,NA,NA,D,0,0,1815600.605,81.82,1988,20,6.21,81.09
101793,Active,145795,NA,NA,D,1,0,1148997.261,44.99,2007,47,3.99,6.87
101794,Active,741086,NA,NA,D,0,0,1513587.621,39.99,2006,25,4,0
101795,Active,635600,NA,NA,D,1,0,130422.9113,156.99,2013,33,22.09,33.99
101796,Active,2373983,NA,NA,D,0,0,2304979.443,81.67,2005,10,38,55.14
101797,Active,858784,NA,NA,D,1,0,2283003.254,35,2000,15,15.98,58.36
101798,Active,653357,NA,NA,D,0,0,1928700.928,41.95,2005,26,20.09,30.98
101799,Active,2804105,NA,NA,D,0,0,565586.665,16.95,2001,34,12.9,89.74
101800,Active,247538,NA,NA,D,1,0,720524.1138,63,2006,34,6.6,14.89
101801,Active,2595344,NA,NA,D,1,0,2083861.825,89.99,1990,25,13.98,46.95
101802,Active,1900625,NA,NA,D,1,0,472226.0638,39.99,2011,28,8.98,15.48
101803,Active,569452,NA,NA,D,1,0,2671262.645,75.95,1995,29,4,47.23
101804,Active,902488,NA,NA,D,0,0,1504985.364,62,2003,20,34.22,55
101805,Active,2597941,NA,NA,D,1,0,2725685.723,119.99,1991,18,11.78,71.95
101806,Active,108726,NA,NA,D,3,1,6082268.808,67.93,2003,28,4.14,9.98
101807,Active,658345,NA,NA,D,0,0,1261544.071,42,2011,23,8.89,44
101808,Active,1470473,NA,NA,D,1,0,2718028.478,73,2006,21,15.56,27.74
101809,Active,1478417,NA,NA,D,1,0,1257831.626,73,2012,23,16.98,36.97
101810,Active,1593991,NA,NA,D,1,0,2704587.938,99.99,2009,24,9.03,38.56
101811,Active,2528898,NA,NA,D,1,0,3594253.134,140,1994,16,19.33,61.53
101812,Active,858860,NA,NA,D,1,0,2793709.574,149.99,2001,19,32.97,41.45
101813,Active,2606470,NA,NA,D,1,0,2243629.021,139.99,1997,22,7.33,52.99
101814,Active,758054,NA,NA,D,1,0,431118.505,55,1998,34,4,23.82
101815,Active,3092712,NA,NA,D,0,0,3314377.014,59.95,2004,13,14.99,87.65
101816,Active,1468583,NA,NA,D,1,0,3646856.923,125,2008,19,16.47,78.17
101817,Active,896047,NA,NA,D,0,0,3180095.986,25,2004,10,15.43,47.79
101818,Active,2837306,NA,NA,D,1,0,1026084.619,34.95,1994,26,16.35,53.98
101819,Active,1890256,NA,NA,D,1,0,378132.075,45.95,2014,15,38.6,39.15
101820,Active,719823,NA,NA,D,1,0,4885603.289,125,2001,20,44.94,53.54
101821,Active,2593403,NA,NA,D,0,0,8273612.958,64.95,1987,10,11.04,0
101822,Active,3084097,NA,NA,D,1,0,2867249.496,62.99,2001,9,62.94,103.16
101823,Active,803845,NA,NA,D,1,0,1103248.653,243,2005,13,49.65,218.99
101824,Active,135595,NA,NA,D,1,0,1628204.391,48.95,2005,35,3.99,8.99
101825,Active,293689,NA,NA,D,2,1,587891.0763,39.95,2005,57,4,31.29
101826,Active,1535822,NA,NA,D,1,0,524570.9575,74.98,2012,17,18.13,51.11
101827,Active,625547,NA,NA,D,3,1,388216.4563,42,1993,31,10.93,29.97
101828,Active,905729,NA,NA,D,1,0,1340858.605,99.95,2007,21,4.98,14.99
101829,Active,3033693,NA,NA,D,0,0,3999358.699,76.95,2005,8,92.89,465.74
101830,Active,3543175,NA,NA,D,0,0,5550264.45,170,2007,40,13.26,63.99
101831,Active,2595600,NA,NA,D,0,0,1129721.136,125,1990,19,12.98,72.93
101832,Active,2817108,NA,NA,D,0,0,2373606.45,25.95,1997,28,4,8.83
101833,Active,635449,NA,NA,D,4,1,2498273.889,43.95,1994,10,29.89,34.57
101834,Active,902252,NA,NA,D,2,1,178465.3375,39.95,2003,23,22.29,27.99
101835,Active,1657781,NA,NA,D,1,0,1630909.283,51.09,2008,13,18.27,92.87
101836,Active,2758398,NA,NA,D,1,0,1708431.396,52,1999,18,7.06,70.05
101837,Active,742017,NA,NA,D,1,0,1489129.626,49.99,2009,23,21.03,78.64
101838,Active,145037,NA,NA,D,1,0,366656.6363,64.99,2006,33,17.81,72.67
101839,Active,2772483,NA,NA,D,1,0,895421.465,2420.43,1962,15,17.46,92.15
101840,Active,2657746,NA,NA,D,7,1,1841163.838,99.95,1985,38,4.93,12.99
101841,Active,2852504,NA,NA,D,0,0,1301073.484,165,1985,36,21.81,129.42
101842,Active,526636,NA,NA,D,4,1,2751131.555,54.99,2008,27,4.43,53.96
101843,Active,2596880,NA,NA,D,0,0,4768383.794,110,1990,21,6.68,61.89
101844,Active,2013830,NA,NA,D,0,0,660211.5613,60,2015,20,33.98,33.99
101845,Active,778131,NA,NA,D,1,0,5254912.484,48.95,2000,15,3.96,25.77
101846,Active,2343602,NA,NA,D,0,0,821452.4625,42.95,1970,26,4,73.89
101847,Active,794868,NA,NA,D,6,1,6273136.26,224.95,2011,12,23.73,182.71
101848,Active,889593,NA,NA,D,2,1,4896244.464,80,2001,14,10.42,38.49
101849,Active,113048,NA,NA,D,1,0,2710385.756,99.95,2006,27,4.96,54.02
101850,Active,2571110,NA,NA,D,1,0,534268.74,65,1994,17,14.96,277.31
101851,Active,635867,NA,NA,D,1,0,2406614.51,42.95,1994,17,4.5,40.99
101852,Active,2724422,NA,NA,D,3,1,2486459.174,33.95,1997,26,6.07,22.97
101853,Active,600596,NA,NA,D,0,0,890346.39,59.95,2012,28,13.44,84.5
101854,Active,2609116,NA,NA,D,0,0,1777544.615,52,1998,27,18.93,79.23
101855,Active,660018,NA,NA,D,0,0,922391.1575,74.95,2002,27,25.81,53.99
101856,Active,917706,NA,NA,D,1,0,1779926.185,53.95,2001,23,4,11.19
101857,Active,2580104,NA,NA,D,1,0,1957976.794,0,1981,17,4.39,118.05
101858,Active,643393,NA,NA,D,1,0,1265986.089,45,2002,24,21.84,79.21
101859,Active,1615890,NA,NA,D,1,0,405185.3138,44.99,2009,21,8.14,41.4
101860,Active,2470932,NA,NA,D,3,1,3508193.683,19.95,1997,15,6.44,106.21
101861,Active,901755,NA,NA,D,3,1,2070754.601,54.95,1997,15,10.84,45.13
101862,Active,143520,NA,NA,D,4,1,1352559.12,58,2010,14,21.23,28.79
101863,Active,3112415,NA,NA,D,1,0,8714988.559,90,2001,12,16.26,78.05
101864,Active,3518839,NA,NA,D,10,1,3243976.65,99.95,1988,16,19.08,100
101865,Active,2559030,NA,NA,D,4,1,4974725.276,71.28,1979,20,4.28,48.93
101866,Active,2389192,NA,NA,D,2,1,4999797.921,41.41,1987,22,4.94,41.41
101867,Active,2609808,NA,NA,D,1,0,5168807.261,139.99,1999,17,23.97,94.42
101868,Active,907145,NA,NA,D,0,0,945868.2488,135,2003,25,6.98,38.46
101869,Active,623556,NA,NA,D,1,0,561938.7288,37.95,2008,56,4,23.95
101870,Active,2597942,NA,NA,D,0,0,1919984.116,125,1991,18,5.21,89.88
101871,Active,624827,NA,NA,D,1,0,1234833.898,52,2009,39,6.68,44.55
101872,Active,2697736,NA,NA,D,0,0,5981724.044,42.95,1998,23,4,43.11
101873,Active,2572247,NA,NA,D,1,0,1227991.645,170,1993,24,26.14,98.99
101874,Active,3512100,NA,NA,D,0,0,2798391.5,0,1990,28,13.98,39.19
101875,Active,3482457,NA,NA,D,1,0,5509180.3,150,2001,29,20.06,36.44
101876,Active,661456,NA,NA,D,0,0,1180127.326,59.5,2001,16,12.1,155.25
101877,Active,3482593,NA,NA,D,0,0,4029288.15,70,2005,34,17.79,141.69
101878,Active,830053,NA,NA,D,1,0,846424.1763,57,1995,35,4,31.26
101879,Active,2389194,NA,NA,D,0,0,1297771.936,93,1992,14,26.99,74.34
101880,Active,1533452,NA,NA,D,0,0,1981572.661,189,2006,22,8.94,53.23
101881,Active,2389047,NA,NA,D,0,0,2477668.941,119,1994,19,11.79,39
101882,Active,2188792,NA,NA,D,6,1,3879175.599,229,2010,7,128.99,253.92
101883,Active,642515,NA,NA,D,1,0,502048.2213,87,1991,19,6.96,58.89
101884,Active,647512,NA,NA,D,1,0,995552.235,105,1991,19,13.98,78.51
101885,Active,887842,NA,NA,D,6,1,2143605.369,66.95,2001,11,7.92,50.62
101886,Active,897551,NA,NA,D,2,1,2028309.596,199.95,2005,19,69.94,148.56
101887,Active,868170,NA,NA,D,0,0,2409757.628,39.95,1990,41,4,12.44
101888,Active,1551312,NA,NA,D,1,0,868419.8913,145,2012,32,7.42,24.45
101889,Active,217318,NA,NA,D,1,0,463345.185,38,2009,24,4,17.99
101890,Active,2150802,NA,NA,D,1,0,1855157.396,34.95,2013,14,31.87,40.34
101891,Active,217264,NA,NA,D,2,1,1356912.509,38,2005,37,4,12.7
101892,Active,2596185,NA,NA,D,0,0,1368379.056,124.99,1997,17,5.38,73.17
101893,Active,1545363,NA,NA,D,1,0,4456779.751,130,2010,9,27.95,116.49
101894,Active,764937,NA,NA,D,5,1,1629179.49,78.95,2001,46,4,5.98
101895,Active,1477750,NA,NA,D,1,0,1220012.356,135,2012,12,12.94,14.79
101896,Active,1581411,NA,NA,D,1,0,3328438.009,160,2010,20,20.36,29.14
101897,Active,114006,NA,NA,D,6,1,6090973.229,60,2000,26,4,43.81
101898,Active,2590673,NA,NA,D,0,0,3123937.141,42.95,1982,8,0,0
101899,Active,1474960,NA,NA,D,1,0,1385404.891,135,2011,16,22.71,29.31
101900,Active,2445051,NA,NA,D,2,1,2357265.73,61.49,1988,22,4,23.99
101901,Active,2408434,NA,NA,D,1,0,2322328.67,95,2001,21,11.59,11.12
101902,Active,2608296,NA,NA,D,0,0,1355638.661,99.99,1999,16,22.72,23.94
101903,Active,259538,NA,NA,D,1,0,707592.145,166,2001,28,4.94,28.94
101904,Active,1709655,NA,NA,D,0,0,1650976.99,39.5,2013,15,17.8,23.89
101905,Active,2418887,NA,NA,D,0,0,5177251.056,160,2005,23,16.07,105.74
101906,Active,1479030,NA,NA,D,1,0,1371533.57,61,2012,35,7.99,10.95
101907,Active,2604578,NA,NA,D,0,0,5650906.993,174.99,1997,13,33.99,134.65
101908,Active,655202,NA,NA,D,1,0,1160462.665,115,2013,34,28.96,88.52
101909,Active,1591686,NA,NA,D,1,0,3133560.86,144.99,2006,21,28.84,51.76
101910,Active,2594665,NA,NA,D,0,0,2357157.946,72.99,1988,13,6.84,13.48
101911,Active,143459,NA,NA,D,1,0,2456441.159,160,2004,22,4,46.81
101912,Active,737375,NA,NA,D,7,1,1353788.213,153,2006,16,23.99,0
101913,Active,2588899,NA,NA,D,0,0,1549476.803,12.95,1967,19,8.42,57.61
101914,Active,1705600,NA,NA,D,1,0,2805155.4,59.95,2007,11,23.91,49.98
101915,Active,559987,NA,NA,D,1,0,998955.7575,11.98,2005,85,4,10.98
101916,Active,1586245,NA,NA,D,0,0,3258045.78,144.99,2010,21,48.56,94.77
101917,Active,2648413,NA,NA,D,1,0,1257224.766,51.95,2000,37,5.14,38.94
101918,Active,1470252,NA,NA,D,1,0,3781424.559,170,2006,19,33.99,33.99
101919,Active,2648851,NA,NA,D,2,1,2125399.72,157.95,2000,38,26.45,93.32
101920,Active,1593296,NA,NA,D,1,0,3906443.979,99.99,2008,17,36.99,58.96
101921,Active,454640,NA,NA,D,0,0,3026126.504,220,2006,14,35.59,151.13
101922,Active,572529,NA,NA,D,1,0,2943367.964,55.95,2003,29,4,42.32
101923,Active,789196,NA,NA,D,6,1,4651607.57,79.95,2002,20,4.13,37.99
101924,Active,146940,NA,NA,D,3,1,1487093.49,38.95,2001,43,4,11.99
101925,Active,614501,NA,NA,D,1,0,1359531.58,55,1995,50,4,23.92
101926,Active,3470466,NA,NA,D,1,0,4001862.05,97.95,2009,28,13.14,105.95
101927,Active,834517,NA,NA,D,0,0,8462510.754,146,1992,13,8.1,88.1
101928,Active,3605900,NA,NA,D,0,0,710886.85,64,1991,60,6.28,46.57
101929,Active,1470694,NA,NA,D,0,0,1168102.425,69,2009,19,14.64,55
101930,Active,2043095,NA,NA,D,1,0,2398450.428,95.9,2009,20,11.99,29.99
101931,Active,1591772,NA,NA,D,1,0,8701610.863,144.99,2007,14,28.93,111.97
101932,Active,2572758,NA,NA,D,0,0,4594104.5,115,1988,9,31.85,0
101933,Active,633284,NA,NA,D,1,0,1227140.819,39,2009,24,23.16,44.03
101934,Active,1959672,NA,NA,D,0,0,742558.075,71.95,2013,21,46.59,69.94
101935,Active,1724713,NA,NA,D,1,0,2673549.521,194.95,2006,12,143.22,140.79
101936,Active,2851445,NA,NA,D,1,0,1620142.933,209.95,2003,11,146.99,143.05
101937,Active,1714146,NA,NA,D,0,0,1683846.051,136,2006,22,25.39,70
101938,Active,3123299,NA,NA,D,1,0,3071558.015,43.95,2005,18,30.23,38.16
101939,Active,55759,NA,NA,D,2,1,4167069.936,49,2000,73,4,8.99
101940,Active,603377,NA,NA,D,1,0,308808.05,39.95,2011,12,5.78,2.17
101941,Active,411305,NA,NA,D,0,0,2165789.898,109,2007,24,23.94,39.07
101942,Active,3482327,NA,NA,D,1,0,549641.45,44.95,1969,58,4.59,23.69
101943,Active,293843,NA,NA,D,1,0,1492891.586,271.95,2006,22,129.04,264.96
101944,Active,2405044,NA,NA,D,0,0,2510239.004,145,1993,21,5.98,73.12
101945,Active,280469,NA,NA,D,1,0,857643.8175,139,2005,22,4,66.45
101946,Active,131447,NA,NA,D,4,1,34084.80875,231.2,2002,124,33.99,153.34
101947,Active,576457,NA,NA,D,1,0,3989568.025,82,2003,19,4,44.91
101948,Active,2542338,NA,NA,D,2,1,5462148.385,44.95,2003,18,6.17,105.99
101949,Active,2614492,NA,NA,D,0,0,5411636.2,99.5,2004,14,23.44,99.5
101950,Active,2130722,NA,NA,D,0,0,2437959.456,220,2012,16,36.69,158.79
101951,Active,269561,NA,NA,D,1,0,822441.695,75,2008,27,4,15.99
101952,Active,110215,NA,NA,D,1,0,195505.295,175,2010,42,5.64,13.98
101953,Active,903451,NA,NA,D,0,0,3336926.6,67.53,2000,22,4.21,45.97
101954,Active,113130,NA,NA,D,1,0,1313761.193,50.95,2007,22,19.1,37.32
101955,Active,576358,NA,NA,D,2,1,2218053.321,93,2003,29,4,44.75
101956,Active,567428,NA,NA,D,7,1,189483.3763,198.95,2006,45,9.96,66.5
101957,Active,477385,NA,NA,D,1,0,854548.6625,62,2007,21,4.77,35.99
101958,Active,366224,NA,NA,D,1,0,365019.3425,63,2005,38,5.67,53.05
101959,Active,666523,NA,NA,D,3,1,1408146.048,44.99,2008,13,20.5,70.11
101960,Active,626011,NA,NA,D,1,0,2779525.065,77.95,2000,30,4.23,33.93
101961,Active,1845164,NA,NA,D,0,0,1261579.181,62.95,2009,10,30.39,33.16
101962,Active,575575,NA,NA,D,0,0,911618.435,37,2005,29,5.66,30.29
101963,Active,764770,NA,NA,D,3,1,11162733.41,53.98,2000,16,3.99,53.98
101964,Active,579565,NA,NA,D,0,0,493626.8,57.95,1998,22,12.2,56.91
101965,Active,145503,NA,NA,D,5,1,40510.9175,203,2007,49,61.61,104.67
101966,Active,872006,NA,NA,D,0,0,708886.0738,96.6,2004,17,9.18,47.12
101967,Active,909728,NA,NA,D,2,1,5127938.715,59.95,2006,19,4.67,26.48
101968,Active,907268,NA,NA,D,0,0,2635753.836,63.95,2003,19,4,8.98
101969,Active,2580207,NA,NA,D,1,0,2799828.278,65,1996,19,4.48,61.17
101970,Active,261258,NA,NA,D,0,0,2909987.89,65,1996,29,4,42.91
101971,Active,273332,NA,NA,D,0,0,1159937.525,105,2007,32,10.54,82.83
101972,Active,365183,NA,NA,D,0,0,4503150.26,42.95,2005,15,21.14,85.14
101973,Active,2404945,NA,NA,D,1,0,4473353.546,69.99,1989,21,4.4,13.24
101974,Active,149282,NA,NA,D,0,0,3582137.95,29.95,2004,25,4.91,20.98
101975,Active,2020708,NA,NA,D,0,0,1090301.581,49.95,2012,16,16.98,43.24
101976,Active,2750566,NA,NA,D,2,1,5925196.431,57.95,1995,22,4,40.94
101977,Active,537964,NA,NA,D,1,0,2516479.383,38.95,1997,17,4.07,7.94
101978,Active,247459,NA,NA,D,0,0,2490969.335,70,2007,24,4,33.97
101979,Active,800044,NA,NA,D,0,0,2155643.8,67,2008,14,6.31,42.75
101980,Active,298224,NA,NA,D,1,0,1306226.144,89,2005,56,4.88,42.22
101981,Active,799964,NA,NA,D,0,0,1777345.06,162,2005,14,15.48,156.29
101982,Active,3481010,NA,NA,D,1,0,2338301.8,95,2006,32,8.73,56.12
101983,Active,2723428,NA,NA,D,1,0,1904376.006,68,2000,17,4.49,45.33
101984,Active,1919336,NA,NA,D,0,0,1299785.629,53,2012,27,19.23,42.24
101985,Active,797708,NA,NA,D,1,0,2220858.614,149.95,2007,21,25.58,675
101986,Active,654037,NA,NA,D,2,1,1844154.375,140.95,2010,38,23.04,147.39
101987,Active,591332,NA,NA,D,1,0,1645338.135,118.95,2003,20,4.35,10.78
101988,Active,249745,NA,NA,D,2,1,856622.115,170.95,2007,32,5.97,66.75
101989,Active,1731786,NA,NA,D,0,0,3294391.329,132.95,2009,15,37.84,128.99
101990,Active,2169591,NA,NA,D,0,0,628482.0713,148.95,2015,14,31.99,124.07
101991,Active,265062,NA,NA,D,0,0,1483834.675,69.95,2011,30,4,43.54
101992,Active,861632,NA,NA,D,0,0,393529.7425,75,2013,23,7.98,42.92
101993,Active,2299485,NA,NA,D,0,0,247269,0,1900,10,0,0
101994,Active,788341,NA,NA,D,1,0,2857054.876,107.95,2002,19,4.76,43.89
101995,Active,139752,NA,NA,D,0,0,1630685.229,149,2004,23,4,43.81
101996,Active,2530157,NA,NA,D,0,0,1423785.821,37.95,1990,20,5.72,26.96
101997,Active,583217,NA,NA,D,1,0,2636706.924,115.95,2005,11,34.55,99.98
101998,Active,2867505,NA,NA,D,0,0,786596.5613,106.95,1997,20,11.07,73.63
101999,Active,911273,NA,NA,D,1,0,2726486.184,11.74,2001,22,4,10.57
102000,Active,174679,NA,NA,D,0,0,1188231.415,32.99,1999,24,4,18.41
102001,Active,2442381,NA,NA,D,0,0,1490639.625,199,1992,15,33.79,53.88
102002,Active,3066992,NA,NA,D,0,0,15663.7825,10.95,2004,55,6.29,6.65
102003,Active,2257220,NA,NA,D,2,1,1263482.178,91.32,2011,47,17.49,54.63
102004,Active,2571930,NA,NA,D,1,0,598441.2613,110,1995,28,4.82,53.61
102005,Active,869983,NA,NA,D,1,0,747029.4763,286.86,1996,39,6.92,67.97
102006,Active,2575657,NA,NA,D,1,0,496288.56,170,1987,28,8.98,42.04
102007,Active,914814,NA,NA,D,2,1,1207098.293,49,1998,43,7.48,27.99
102008,Active,526566,NA,NA,D,3,1,3740733.43,209,2006,25,5.8,12.58
102009,Active,2661356,NA,NA,D,0,0,1266814.508,62,1994,25,13.91,51.57
102010,Active,1472700,NA,NA,D,1,0,1673387.479,125,2012,66,36.36,49.39
102011,Active,3520491,NA,NA,D,0,0,17006271.7,0,1991,7,8.2,0
102012,Active,1615769,NA,NA,D,1,0,938361.0213,39.99,2009,29,4.96,46.8
102013,Active,3604314,NA,NA,D,2,1,4006737.15,149.95,1993,30,4,46.81
102014,Active,904670,NA,NA,D,1,0,3211528.426,99.95,2005,18,9.42,72.44
102015,Active,3552641,NA,NA,D,0,0,2000320.9,64,1958,138,3.99,27.43
102016,Active,2834352,NA,NA,D,1,0,2452541.504,65,2004,18,4,48.99
102017,Active,601454,NA,NA,D,0,0,1346127.614,130,2008,17,33.79,73.1
102018,Active,526563,NA,NA,D,4,1,553596.2213,43.95,2010,30,4.23,5.79
102019,Active,2820579,NA,NA,D,1,0,1893148.086,44.95,1994,18,4,49.85
102020,Active,2007804,NA,NA,D,2,1,2848908.65,130,2006,16,51.48,57
102021,Active,915147,NA,NA,D,0,0,3603192.75,31.95,1992,35,4.38,14.94
102022,Active,824363,NA,NA,D,1,0,899116.7425,32,2005,26,4,30.95
102023,Active,670147,NA,NA,D,2,1,602298.9863,99.95,2003,26,103.98,269.05
102024,Active,756450,NA,NA,D,1,0,1936553.004,55,2011,12,33,100.2
102025,Active,900055,NA,NA,D,0,0,6048539.804,68.95,1991,18,4,10.94
102026,Active,119887,NA,NA,D,1,0,1631787.969,80.2,2001,28,4,15.84
102027,Active,366267,NA,NA,D,0,0,3791043.064,38.95,2002,32,4,12.47
102028,Active,152376,NA,NA,D,0,0,2239930.034,159,2007,18,14.51,23.46
102029,Active,888615,NA,NA,D,1,0,3923119.141,159,2010,11,67.49,159
102030,Active,790253,NA,NA,D,1,0,1467190.894,49.95,1997,25,6.34,28.64
102031,Active,1475324,NA,NA,D,1,0,728944.5663,65,2011,33,24.99,36.92
102032,Active,300142,NA,NA,D,1,0,673426.0675,45,2006,72,4,7.98
102033,Active,225423,NA,NA,D,1,0,1179118.26,46.95,1998,24,6.53,46.95
102034,Active,2763476,NA,NA,D,0,0,3888326.011,55,2005,12,20.67,43.1
102035,Active,2123293,NA,NA,D,0,0,2698254.428,120,2007,18,22.17,48.99
102036,Active,2660718,NA,NA,D,0,0,1525557.998,44,2002,21,7.35,34.99
102037,Active,1539267,NA,NA,D,0,0,2748949.333,49.95,2007,18,12.07,49.94
102038,Active,2596511,NA,NA,D,1,0,3371957.553,54.95,1990,15,17.76,110.14
102039,Active,3263746,NA,NA,D,1,0,1004926.416,33.97,2004,31,10.29,33.98
102040,Active,1537878,NA,NA,D,0,0,1459096.66,49.95,2006,25,9.87,29.03
102041,Active,1478713,NA,NA,D,1,0,2202158.561,82,2012,9,25.11,63.69
102042,Active,429249,NA,NA,D,1,0,3272762.674,120,2007,19,30.67,71.27
102043,Active,175518,NA,NA,D,0,0,5448319.471,99.99,2003,22,25.98,50.89
102044,Active,105758,NA,NA,D,1,0,1859441.566,112,2003,22,16.57,0
102045,Active,587061,NA,NA,D,5,1,1383888.14,13.88,2008,25,4,13.88
102046,Active,739183,NA,NA,D,4,1,6712033.863,42.67,1999,22,4,8.32
102047,Active,719092,NA,NA,D,3,1,1316380.293,34.95,1999,62,4,8.01
102048,Active,1468347,NA,NA,D,2,1,3459399.046,140,2007,14,26.98,67.13
102049,Active,2814033,NA,NA,D,0,0,1230212.243,24,1997,18,13.2,110.07
102050,Active,2597971,NA,NA,D,0,0,2012568.534,110,1991,20,12.76,67.07
102051,Active,3581534,NA,NA,D,0,0,2321728.95,313.95,2012,16,103.52,313.95
102052,Active,2302542,NA,NA,D,4,1,941253.3188,84.15,1982,28,4,73.09
102053,Active,192845,NA,NA,D,1,0,1452347.553,78.95,2004,17,7.41,71.83
102054,Active,192447,NA,NA,D,4,1,2464483.11,82,2004,18,4,33.98
102055,Active,903857,NA,NA,D,1,0,435965.4275,59.99,1995,26,34.18,91.8
102056,Active,2802132,NA,NA,D,2,1,9797242.59,24.5,1998,12,4.5,28.99
102057,Active,2501719,NA,NA,D,0,0,2445742.299,319,2005,18,27.1,30.11
102058,Active,158245,NA,NA,D,0,0,1165349.065,63.95,2007,23,25.89,0
102059,Active,1552899,NA,NA,D,1,0,1306146.733,29.99,2013,20,18.3,22.28
102060,Active,2532676,NA,NA,D,1,0,271353.4838,88.95,1997,40,8.33,46.27
102061,Active,262490,NA,NA,D,3,1,4512243.846,57.95,1997,26,4,12.96
102062,Active,2405169,NA,NA,D,1,0,2242045.95,90,1988,29,19.02,86.04
102063,Active,840693,NA,NA,D,0,0,4520066.2,0,1900,17,8.96,52.57
102064,Active,2878639,NA,NA,D,2,1,2778891.066,172,1999,19,98.97,161.44
102065,Active,700803,NA,NA,D,1,0,2604070.868,115,2004,17,53.98,114.47
102066,Active,750086,NA,NA,D,1,0,4041133.776,195,2008,19,30.14,145.65
102067,Active,1570439,NA,NA,D,1,0,2170378.396,145,2008,16,52.57,76.99
102068,Active,1533347,NA,NA,D,1,0,313856.18,169,2006,30,77.09,107.87
102069,Active,2878659,NA,NA,D,0,0,2895095.809,128,1997,18,7.76,29.65
102070,Active,439501,NA,NA,D,2,1,5524464.031,219,2007,19,6.39,64.6
102071,Active,887760,NA,NA,D,0,0,2097601.31,39.95,1998,15,6.23,68.47
102072,Active,2774308,NA,NA,D,1,0,3971549.88,60.95,1998,19,34.69,63.94
102073,Active,2772666,NA,NA,D,1,0,1839505.965,47.95,1971,17,5.83,79.99
102074,Active,2800985,NA,NA,D,0,0,3595218.666,105,1992,22,4,22.5
102075,Active,2015075,NA,NA,D,0,0,2528306.53,49.95,2010,16,19.77,19.76
102076,Active,910659,NA,NA,D,0,0,5323964.71,98,1992,29,3.33,21.99
102077,Active,2414411,NA,NA,D,0,0,699142.8375,165,1993,23,13.88,69.7
102078,Active,254372,NA,NA,D,0,0,1293044.833,46,2010,30,4,23.94
102079,Active,3879942,NA,NA,D,0,0,460052.8,65,2011,77,36.3,42.7
102080,Active,2402759,NA,NA,D,0,0,7577925.8,0,1978,8,13.99,0
102081,Active,2606349,NA,NA,D,1,0,1016119.976,135,1999,32,15.09,80.84
102082,Active,2590279,NA,NA,D,1,0,2229059.091,47.95,1979,31,7.32,37.33
102083,Active,2679336,NA,NA,D,2,1,3221015.063,129,2004,19,7.34,178.63
102084,Active,747271,NA,NA,D,0,0,1883664.403,45,2003,84,3.72,5.11
102085,Active,3783966,NA,NA,D,0,0,1499838.55,37.5,2002,27,20.81,105.3
102086,Active,3512471,NA,NA,D,1,0,4543747.85,42.5,1980,19,8.48,73.05
102087,Active,2896053,NA,NA,D,0,0,1340417.559,72,1989,17,9.96,102.91
102088,Active,2002807,NA,NA,D,0,0,1367329.719,95,2015,5,45.99,0
102089,Active,280313,NA,NA,D,1,0,796591.535,105,2005,25,38.69,53.99
102090,Active,405203,NA,NA,D,0,0,2335886.48,62.95,2007,15,4.3,62.95
102091,Active,484442,NA,NA,D,1,0,5034407.1,49.95,1999,16,3.99,9.26
102092,Active,761105,NA,NA,D,1,0,4068211.553,171,2004,13,19.72,73.89
102093,Active,3146772,NA,NA,D,0,0,9638414.308,140,1993,8,28.23,97.19
102094,Active,364948,NA,NA,D,3,1,3618303.411,32.5,2005,17,4,43.21
102095,Active,391082,NA,NA,D,0,0,710326.3725,49.95,2008,24,8.28,0
102096,Active,1651649,NA,NA,D,1,0,1727570.649,72.95,2011,23,4.3,56.11
102097,Active,261085,NA,NA,D,5,1,845731.0413,33.25,2008,17,21.84,425.28
102098,Active,479539,NA,NA,D,0,0,1873426.124,413.12,2006,17,5.14,49.87
102099,Active,268750,NA,NA,D,2,1,489039.0125,42,2005,20,4.74,72.45
102100,Active,2612990,NA,NA,D,1,0,2439353.986,209.99,2002,14,41.41,76.06
102101,Active,144712,NA,NA,D,0,0,3069583.588,60,2004,21,4,17.42
102102,Active,3817448,NA,NA,D,0,0,5983640.85,79.95,2001,25,4.77,53.39
102103,Active,2602638,NA,NA,D,0,0,5736348.356,99.99,1999,16,42.79,98.52
102104,Active,2598286,NA,NA,D,0,0,3025925.936,22,1997,30,4,16.5
102105,Active,665625,NA,NA,D,1,0,530859.6188,39.95,2009,43,10.74,23.99
102106,Active,3528604,NA,NA,D,1,0,1698898.35,49.95,2012,33,28.5,41.75
102107,Active,747634,NA,NA,D,1,0,787730.6838,50,2007,23,23.89,31.49
102108,Active,3153298,NA,NA,D,0,0,3475040.116,22.95,2005,12,18.99,18.04
102109,Active,3925305,NA,NA,D,1,0,1122893.1,125,2006,41,26.07,59.33
102110,Active,116102,NA,NA,D,6,1,1969486.468,69.33,2004,28,4,9.38
102111,Active,1490405,NA,NA,D,0,0,923972.6613,47,2011,22,19.79,30.97
102112,Active,2337787,NA,NA,D,0,0,1345115.356,117.6,1986,16,23.92,80.76
102113,Active,3117921,NA,NA,D,0,0,3521734.6,79.95,2005,9,32.83,32.84
102114,Active,3508346,NA,NA,D,0,0,2524956.75,111,1998,18,6.34,85.77
102115,Active,3524427,NA,NA,D,1,0,3025908.6,199.95,1986,22,82.97,181.61
102116,Active,100914,NA,NA,D,1,0,2126774.249,153.95,1999,35,4,16.99
102117,Active,3022240,NA,NA,D,1,0,301589.9863,30,2001,27,6.29,13.73
102118,Active,656220,NA,NA,D,0,0,767690.3663,45.95,2006,36,14.95,59.63
102119,Active,164955,NA,NA,D,7,1,348998.285,125,2000,31,52.62,155.75
102120,Active,788971,NA,NA,D,5,1,2388023.848,379,2001,17,4,48.99
102121,Active,1742811,NA,NA,D,0,0,1017112.243,59.95,2007,18,24.99,114.25
102122,Active,2594625,NA,NA,D,0,0,6702366.49,164.99,1990,13,53.99,154.47
102123,Active,3070636,NA,NA,D,0,0,912539.0375,85,2003,17,17.01,114.61
102124,Active,780673,NA,NA,D,2,1,1745245.398,125,2001,14,50.89,104.22
102125,Active,2531976,NA,NA,D,2,1,2277042.68,42.95,1996,24,4,34.41
102126,Active,885186,NA,NA,D,1,0,5670893.749,122.95,2009,7,11.76,157.82
102127,Active,2866149,NA,NA,D,0,0,1694294.731,185,2002,25,18.39,19.97
102128,Active,719345,NA,NA,D,0,0,1206084.068,50,1999,27,8,38.88
102129,Active,1593513,NA,NA,D,0,0,3763490.289,129.99,2007,25,18.17,73.31
102130,Active,914011,NA,NA,D,0,0,2328432.21,43.95,1996,27,6.09,19.6
102131,Active,1593241,NA,NA,D,1,0,4298289.955,140,2007,20,58.98,106.42
102132,Active,616915,NA,NA,D,0,0,2763060.824,65,1999,30,4,46.75
102133,Active,2614674,NA,NA,D,1,0,4425107.308,124.99,2003,16,23.53,78.99
102134,Active,2606956,NA,NA,D,0,0,6046834.569,99.99,1998,17,18.98,91.89
102135,Active,1594160,NA,NA,D,1,0,1909747.319,99.99,2009,24,41.87,92.27
102136,Active,2409355,NA,NA,D,0,0,2481466.506,27,1982,15,11.37,216.71
102137,Active,2538632,NA,NA,D,0,0,1252189.314,48.95,2001,24,13.88,23.41
102138,Active,3462808,NA,NA,D,5,1,2096907.28,199.95,2009,20,124.41,135.05
102139,Active,3598914,NA,NA,D,3,1,2470797.55,97.95,2006,30,6.22,66.91
102140,Active,3139537,NA,NA,D,2,1,3172229.643,115,2005,12,4.53,616.95
102141,Active,278055,NA,NA,D,0,0,52511.94625,34.95,2003,24,19.94,23.25
102142,Active,622450,NA,NA,D,3,1,1261812.318,389.99,2008,18,61.98,140.86
102143,Active,670352,NA,NA,D,0,0,1776025.491,179,2012,10,73.98,0
102144,Active,2504431,NA,NA,D,1,0,1549114.44,108.51,1983,18,16.78,62.24
102145,Active,2867842,NA,NA,D,0,0,2293863.159,85,1990,12,23.14,125.96
102146,Active,1479811,NA,NA,D,1,0,2674212.736,73,2012,14,23.04,59.21
102147,Active,860176,NA,NA,D,0,0,2030881.339,149,2010,47,70.62,103.64
102148,Active,265685,NA,NA,D,1,0,1113544.166,90,2008,56,4,27.39
102149,Active,156907,NA,NA,D,2,1,5560769.833,59.95,2002,13,5.34,29.98
102150,Active,2526671,NA,NA,D,0,0,4053889.813,325,1996,20,6.17,61.05
102151,Active,882456,NA,NA,D,1,0,4509511.51,500,1998,14,5.61,278.86
102152,Active,156934,NA,NA,D,1,0,2771058.68,70.95,2001,16,12.17,78.7
102153,Active,899499,NA,NA,D,7,1,2722642.58,76.99,2008,28,6.81,92.29
102154,Active,2606995,NA,NA,D,1,0,5615530.154,124.99,2001,19,40.55,118.71
102155,Active,1731767,NA,NA,D,0,0,6639355.808,128.95,2007,11,9.99,128.95
102156,Active,2869238,NA,NA,D,29,1,4606681.079,126.95,2005,16,4.48,72.97
102157,Active,1731772,NA,NA,D,0,0,4023364.986,149.95,2007,13,12.18,67.63
102158,Active,595503,NA,NA,D,0,0,94791.59875,40,2012,33,31.39,35.75
102159,Active,671218,NA,NA,D,1,0,3368837.169,297,2004,18,47.8,73.7
102160,Active,2572940,NA,NA,D,1,0,5758253.51,158,1988,11,6.99,69.73
102161,Active,742824,NA,NA,D,1,0,627605.1738,39.99,2010,64,4,8.99
102162,Active,3481943,NA,NA,D,0,0,3034789.2,85,1999,50,5.73,46.13
102163,Active,893527,NA,NA,D,0,0,2221355.44,89.99,2009,17,33.08,47.55
102164,Active,2413042,NA,NA,D,2,1,2653754.251,29.5,1996,17,4,42.77
102165,Active,2812003,NA,NA,D,0,0,2386291.981,50,2004,23,22.79,46.84
102166,Active,542241,NA,NA,D,1,0,1274239.585,108.95,2003,45,4,13.8
102167,Active,2595682,NA,NA,D,0,0,8146111.461,110,1989,16,28.98,106.43
102168,Active,2940224,NA,NA,D,4,1,3972038.38,287,2004,8,141.38,103.27
102169,Active,2438221,NA,NA,D,1,0,1338707.228,96.95,2001,22,19.99,63.35
102170,Active,657016,NA,NA,D,7,1,1133401.63,399.95,2010,14,103.98,180.87
102171,Active,774488,NA,NA,D,6,1,2171005.855,369,2005,13,57.19,128.99
102172,Active,2852251,NA,NA,D,0,0,668841.4388,49.99,1996,24,28.79,43.99
102173,Active,1961394,NA,NA,D,14,1,216265.0388,114.4,2014,29,42.99,57.98
102174,Active,1702131,NA,NA,D,0,0,3512768.926,299,2009,14,4.63,32.99
102175,Active,1702081,NA,NA,D,0,0,7312116.978,245,2007,13,5.37,47.37
102176,Active,224277,NA,NA,D,0,0,826547.8338,59.95,1992,26,41.44,106.67
102177,Active,719712,NA,NA,D,0,0,1453737.326,35,2001,25,14.92,41.82
102178,Active,1651556,NA,NA,D,7,1,2033865.395,180,2007,12,143.02,201.41
102179,Active,2616849,NA,NA,D,0,0,3801282.25,82.97,1982,12,4.26,82.83
102180,Active,227537,NA,NA,D,2,1,4373322.621,75,1999,10,6.54,150.43
102181,Active,252044,NA,NA,D,4,1,456686.7175,239.95,2009,79,5.13,26.39
102182,Active,293743,NA,NA,D,1,0,760997.045,140,1997,41,4.24,28.23
102183,Active,2722074,NA,NA,D,1,0,533997.0975,150,2001,17,11.53,105.75
102184,Active,199081,NA,NA,D,1,0,583639.2425,151,2002,23,40.61,160.19
102185,Active,638595,NA,NA,D,1,0,599907.02,150,1996,27,4.31,41.97
102186,Active,2721841,NA,NA,D,1,0,2932624.311,175,2000,30,4,33.99
102187,Active,203517,NA,NA,D,2,1,1576983.754,39.95,2003,32,4,25.98
102188,Active,2599960,NA,NA,D,0,0,4870852.7,52.95,1993,13,14.38,262.69
102189,Active,655657,NA,NA,D,1,0,1372215.366,69.95,2010,14,23.98,62.99
102190,Active,654154,NA,NA,D,0,0,1562359.26,37.95,2006,18,12.39,114.59
102191,Active,698646,NA,NA,D,10,1,944756.495,35.04,2010,14,4,34.76
102192,Active,142907,NA,NA,D,2,1,2392033.511,99,2003,27,4.41,28.48
102193,Active,645531,NA,NA,D,4,1,3281001.163,49.95,2008,17,4,49.64
102194,Active,808630,NA,NA,D,8,1,1789422.081,68.95,2010,5,18.03,198.84
102195,Active,802220,NA,NA,D,1,0,2465579.105,95.95,2005,8,14.13,15.25
102196,Active,2587983,NA,NA,D,0,0,2204797.41,68.75,1967,19,47.42,159.44
102197,Active,2854967,NA,NA,D,2,1,5589134.183,129.95,1997,10,4.98,675
102198,Active,2010007,NA,NA,D,1,0,352692.3313,80,2008,21,31.99,63.16
102199,Active,1533478,NA,NA,D,0,0,2430610.946,159,2006,25,24.39,58.28
102200,Active,2827844,NA,NA,D,1,0,1846785.285,99,1996,23,35.91,60.9
102201,Active,2225983,NA,NA,D,0,0,289224.0363,21.04,2007,10,21.81,21.87
102202,Active,2658691,NA,NA,D,3,1,1260903.074,49.99,1999,19,6.8,48.99
102203,Active,2767608,NA,NA,D,1,0,563997.555,42,1998,24,17.68,23.73
102204,Active,2502045,NA,NA,D,2,1,3850759.008,39.95,1973,26,4.33,100.75
102205,Active,659799,NA,NA,D,1,0,2834619.249,120.95,2007,13,17.69,82.43
102206,Active,3598256,NA,NA,D,1,0,1704464.6,75,2004,39,20.97,52.93
102207,Active,893396,NA,NA,D,1,0,1505648.065,78.99,2010,16,22.9,69
102208,Active,1991279,NA,NA,D,1,0,747826.6425,69.95,2015,13,50.31,69.95
102209,Active,2043030,NA,NA,D,1,0,2034527.209,69.95,2006,21,4,9.18
102210,Active,2043049,NA,NA,D,1,0,2662124.699,99.95,2008,12,20.89,56.99
102211,Active,1993982,NA,NA,D,0,0,755075.1825,44.99,2015,1,0,44.99
102212,Active,1534262,NA,NA,D,0,0,2021153.349,249,2009,22,95.79,95.85
102213,Active,1710870,NA,NA,D,0,0,952456.3925,79,2009,28,5.99,28.98
102214,Active,1739150,NA,NA,D,0,0,1676278.378,6.95,2013,16,6.97,6.95
102215,Active,3796173,NA,NA,D,0,0,3560655.65,39.95,2004,21,4,64.86
102216,Active,915431,NA,NA,D,0,0,1456916.074,55,2003,37,12.91,18.99
102217,Active,565986,NA,NA,D,1,0,656773.2463,58,2009,27,25.97,0
102218,Active,563118,NA,NA,D,0,0,439580.735,79.95,2008,81,16.4,28.97
102219,Active,2058410,NA,NA,D,1,0,2405684.943,100,2006,19,15.89,62.84
102220,Active,2058411,NA,NA,D,1,0,2412318.088,100,2007,8,71.01,2533
102221,Active,3012326,NA,NA,D,0,0,1741381.156,59.95,1996,24,6.39,42.98
102222,Active,3782489,NA,NA,D,2,1,3087034.5,25.95,1991,22,3.99,33.38
102223,Active,698523,NA,NA,D,3,1,7550121.126,68.53,2001,11,8.39,55.64
102224,Active,885014,NA,NA,D,0,0,346657.125,15.95,2009,17,11.99,11.8
102225,Active,2254322,NA,NA,D,3,1,7058327.556,37.77,2006,25,8.88,56.13
102226,Active,632688,NA,NA,D,1,0,6263254.121,85,1998,17,4.21,12.98
102227,Active,592360,NA,NA,D,0,0,2242844.685,39.95,2009,30,3.99,4.54
102228,Active,609572,NA,NA,D,1,0,1501329.12,41.95,2008,28,4,14.49
102229,Active,663016,NA,NA,D,1,0,863742.2663,41.95,2004,25,22.97,38.97
102230,Active,192848,NA,NA,D,3,1,3189157.82,69,2002,27,4,28.99
102231,Active,1706113,NA,NA,D,1,0,4758552.376,74.95,2012,12,28.98,38.29
102232,Active,2535226,NA,NA,D,0,0,5454586.023,135,1999,16,27.07,134.99
102233,Active,3042325,NA,NA,D,1,0,1725148.058,91.25,1998,12,55.96,78.99
102234,Active,3042326,NA,NA,D,1,0,1074231.671,75,1997,23,23.2,51.39
102235,Active,912385,NA,NA,D,3,1,138095.7163,15.95,2002,32,8.98,12.86
102236,Active,2064296,NA,NA,D,1,0,688125.78,26.7,2009,24,13.93,17.23
102237,Active,2064298,NA,NA,D,1,0,1229834.293,10.85,2009,16,10.53,21.46
102238,Active,3042408,NA,NA,D,1,0,93957.6475,16.5,1996,36,8.8,31.91
102239,Active,3094916,NA,NA,D,1,0,4506035.878,6.2,2003,12,12.24,14.68
102240,Active,900542,NA,NA,D,1,0,605176.8438,9.35,2003,21,8.84,11.49
102241,Active,3786988,NA,NA,D,1,0,5439205.5,278.8,2003,12,53.99,93.98
102242,Active,2059230,NA,NA,D,1,0,314529.5225,9.85,2006,30,5.96,13.45
102243,Active,2039741,NA,NA,D,1,0,2200402.441,19.8,2006,23,3.99,6.93
102244,Active,2059270,NA,NA,D,1,0,411650.9888,11.05,2007,16,11.5,16.64
102245,Active,3042344,NA,NA,D,1,0,1607599.781,75.4,1998,14,9.38,9.44
102246,Active,3042342,NA,NA,D,1,0,1255766.459,75.4,1998,11,48.99,298.99
102247,Active,165853,NA,NA,D,11,1,3298993.164,710,2004,13,111.49,692.87
102248,Active,676368,NA,NA,D,1,0,108849.9688,27.5,2002,102,4,13.48
102249,Active,616387,NA,NA,D,1,0,1147165.473,90,2008,41,4.12,16.05
102250,Active,2676385,NA,NA,D,0,0,2826673.209,36.95,1993,17,12.94,75.09
102251,Active,2832442,NA,NA,D,1,0,8447925.419,259.95,2001,11,53.98,180.09
102252,Active,2187493,NA,NA,D,0,0,2146391.175,249,2010,33,83.17,183.84
102253,Active,279401,NA,NA,D,1,0,1851620.004,44.95,2007,28,3.99,8.94
102254,Active,3508108,NA,NA,D,0,0,2546327.65,95,2003,28,5.48,24.41
102255,Active,875177,NA,NA,D,0,0,2045873.786,216.8,2008,30,24.89,135.43
102256,Active,901021,NA,NA,D,3,1,1223677.05,99,2008,15,17.08,63.99
102257,Active,788092,NA,NA,D,1,0,5286767.654,124.95,1999,19,4.48,18.96
102258,Active,2530393,NA,NA,D,0,0,1453811.195,52.95,1994,22,34.94,40.6
102259,Active,660587,NA,NA,D,1,0,710234.265,65,1969,28,32.99,152.21
102260,Active,2530029,NA,NA,D,0,0,4561272.658,37.5,1990,20,5.91,37.99
102261,Active,2600747,NA,NA,D,1,0,1808884.175,275,1995,19,50.54,173.51
102262,Active,142911,NA,NA,D,3,1,584548.9625,51,2004,28,4.21,38.49
102263,Active,462384,NA,NA,D,0,0,1635281.593,52.95,1997,23,26.4,42.94
102264,Active,919939,NA,NA,D,1,0,1778065.454,39.95,1984,44,4,29.97
102265,Active,2090984,NA,NA,D,0,0,1365747.089,44.95,2014,13,31.58,35.11
102266,Active,223768,NA,NA,D,1,0,5709454.083,69.95,1997,16,4.14,56.95
102267,Active,211330,NA,NA,D,1,0,6541009.683,32.95,1997,21,4,52.21
102268,Active,888900,NA,NA,D,9,1,631902.3125,120.12,2012,26,28.28,214.71
102269,Active,197630,NA,NA,D,7,1,558636.0138,94.28,2007,28,4.78,47.07
102270,Active,107359,NA,NA,D,6,1,2054977.726,53.43,2001,45,4,4.06
102271,Active,2265638,NA,NA,D,1,0,7238131.9,142.17,2006,10,61.22,189.76
102272,Active,3571586,NA,NA,D,4,1,1295081.45,47.95,2001,28,4,73.77
102273,Active,599561,NA,NA,D,1,0,693408.2713,55,2006,57,4,15.04
102274,Active,658430,NA,NA,D,1,0,1140337.721,51,2010,20,16.12,40.76
102275,Active,627446,NA,NA,D,3,1,101158.3813,79.95,2010,70,13.33,68.19
102276,Active,1920078,NA,NA,D,0,0,3772124.404,130,2011,15,11.27,11.27
102277,Active,891497,NA,NA,D,0,0,7590695.705,72.95,2003,12,4,91.83
102278,Active,1593603,NA,NA,D,0,0,1916814.316,135,2014,12,52.02,111.09
102279,Active,2594487,NA,NA,D,1,0,1179234.175,94.99,1988,45,4,18.96
102280,Active,3603758,NA,NA,D,0,0,814937,39,1995,21,4,62.98
102281,Active,184314,NA,NA,D,1,0,1095871.044,51.95,1998,28,4,17.94
102282,Active,1593491,NA,NA,D,1,0,8400488.474,109.99,2008,14,35.98,103.99
102283,Active,2832539,NA,NA,D,0,0,4426812.226,104.95,2002,15,3.95,44.12
102284,Active,573566,NA,NA,D,0,0,61686.18875,20.95,1997,48,6.79,13.91
102285,Active,131819,NA,NA,D,1,0,693773.2525,47.6,2003,37,21.15,76.92
102286,Active,2703455,NA,NA,D,2,1,2260062.323,36.93,2004,19,4,29.89
102287,Active,421889,NA,NA,D,0,0,112409.1175,200.44,2006,62,4,14.11
102288,Active,2431375,NA,NA,D,1,0,6512471.028,47,1997,18,5.94,40.95
102289,Active,1543293,NA,NA,D,4,1,1752678.651,48.95,2012,14,12.06,32.38
102290,Active,2591067,NA,NA,D,0,0,3361116.75,59.95,1993,21,11.22,27.25
102291,Active,260333,NA,NA,D,0,0,2609536.668,19.95,1997,18,17.76,71.27
102292,Active,565002,NA,NA,D,1,0,735870.0113,64.95,1994,25,4,42.47
102293,Active,1603773,NA,NA,D,1,0,510676.37,90.05,2011,11,15.56,32.02
102294,Active,193491,NA,NA,D,0,0,2253167.048,125,2007,18,4,10.43
102295,Active,2347385,NA,NA,D,2,1,6203747.683,76.72,2001,22,10.98,75.83
102296,Active,2852066,NA,NA,D,0,0,1273215.443,189.95,1992,16,49.04,108.37
102297,Active,2595562,NA,NA,D,0,0,2083516.689,73.99,1988,25,6.81,84.82
102298,Active,883750,NA,NA,D,0,0,7811122.655,379,2005,11,68.19,159.02
102299,Active,1594724,NA,NA,D,1,0,1809040.375,120,2011,20,50.94,80.68
102300,Active,210363,NA,NA,D,1,0,1715320.836,50,2001,23,25.42,93.91
102301,Active,646697,NA,NA,D,1,0,947055.6513,57.95,2001,30,4,49.89
102302,Active,889433,NA,NA,D,0,0,2816147.848,29.99,1996,17,14.83,110.91
102303,Active,2694636,NA,NA,D,2,1,1368555.983,55.95,1991,26,6.36,55.9
102304,Active,2426005,NA,NA,D,0,0,521242.9275,38.47,1998,55,4.66,25.64
102305,Active,637102,NA,NA,D,1,0,122521.3975,69.99,2009,36,14.77,48.98
102306,Active,3150505,NA,NA,D,0,0,2024884.016,209,2005,18,147.01,148.03
102307,Active,1433247,NA,NA,D,0,0,1397906.638,39.99,2012,18,4,5.48
102308,Active,762102,NA,NA,D,1,0,2370872.776,55,2005,19,8.07,95.41
102309,Active,2883488,NA,NA,D,1,0,1748204.273,80,1998,20,43.97,93.22
102310,Active,2601070,NA,NA,D,1,0,2441070.868,69,1996,42,4,11.98
102311,Active,117635,NA,NA,D,1,0,1794416.78,54.99,2005,49,4,6.27
102312,Active,671358,NA,NA,D,1,0,2282220.618,42.95,2009,18,4.47,28.95
102313,Active,146391,NA,NA,D,13,1,866669.3238,298,2011,26,51.99,76.41
102314,Active,568636,NA,NA,D,0,0,1886672.384,89.99,1996,26,7.5,31.79
102315,Active,794278,NA,NA,D,3,1,3982596.705,126,2008,14,10.28,137.87
102316,Active,631177,NA,NA,D,2,1,1622410.151,40.95,1998,25,4,24.93
102317,Active,724195,NA,NA,D,1,0,1316413.069,56,2011,41,19.77,37.94
102318,Active,918712,NA,NA,D,0,0,1099439.859,29.99,2003,35,4,14.49
102319,Active,2656362,NA,NA,D,1,0,331368,60,2001,61,23.54,59.47
102320,Active,792113,NA,NA,D,0,0,1565292.679,53.99,2006,11,39.98,53.99
102321,Active,900748,NA,NA,D,1,0,1117966.878,39.99,2010,32,10.47,44.85
102322,Active,696532,NA,NA,D,2,1,945640.9675,29.95,1997,22,7.84,23.8
102323,Active,725088,NA,NA,D,1,0,4856673.05,35,2011,7,38.99,251.73
102324,Active,3032937,NA,NA,D,1,0,2554299.869,39.95,2003,35,4,10.19
102325,Active,638111,NA,NA,D,1,0,476125.13,51,2011,18,11.35,29.97
102326,Active,143395,NA,NA,D,4,1,1813206.634,27,2000,27,4,0
102327,Active,3012431,NA,NA,D,1,0,1220577.66,128,2003,24,7.95,102.76
102328,Active,892424,NA,NA,D,1,0,1992188.109,49.95,2011,18,15.32,36
102329,Active,143461,NA,NA,D,0,0,3035262.58,115,2003,17,6.44,47.49
102330,Active,574796,NA,NA,D,0,0,2634742.994,49,2010,21,4,41.7
102331,Active,617127,NA,NA,D,0,0,1384722.184,57,2012,28,3.88,5.88
102332,Active,908667,NA,NA,D,6,1,4425976.605,144,2006,15,5.14,103.24
102333,Active,869663,NA,NA,D,0,0,7262500.52,113,2008,12,7.64,9.98
102334,Active,737612,NA,NA,D,0,0,7854225.044,42.25,2007,9,4.35,0
102335,Active,737723,NA,NA,D,0,0,6157002.841,47,2008,14,5.06,142.01
102336,Active,664326,NA,NA,D,0,0,1005204.816,35,2013,36,4,13.84
102337,Active,164113,NA,NA,D,1,0,1725716.813,97.5,1998,31,4,18.99
102338,Active,165297,NA,NA,D,1,0,968699.0225,80,2001,67,4,24.92
102339,Active,3547043,NA,NA,D,2,1,12567725.7,99.95,1991,5,10.31,0
102340,Active,895663,NA,NA,D,1,0,1258512.66,119.95,1999,23,5.63,61.87
102341,Active,2361903,NA,NA,D,1,0,2072721.574,108,2000,24,49.21,91.42
102342,Active,1474913,NA,NA,D,1,0,2683932.056,59,2012,13,21.37,40.46
102343,Active,1474807,NA,NA,D,1,0,1725183.053,65,2012,17,8.94,18.78
102344,Active,581606,NA,NA,D,0,0,4178441.621,29.95,2005,22,4,7.98
102345,Active,3711254,NA,NA,D,3,1,788707.35,171.95,2013,27,4.78,53.82
102346,Active,3518612,NA,NA,D,0,0,1078770.6,39.95,2005,58,13.86,39.94
102347,Active,1465775,NA,NA,D,0,0,1781367.569,80,2009,18,19.25,65
102348,Active,126692,NA,NA,D,0,0,703254.0125,74.95,2006,23,7.96,18.99
102349,Active,298933,NA,NA,D,2,1,457739.335,43,2011,27,10.06,0
102350,Active,3462831,NA,NA,D,2,1,6807181.803,105,2011,14,6.48,83.92
102351,Active,658959,NA,NA,D,7,1,1678380.86,166.95,2010,14,90.82,0
102352,Active,900016,NA,NA,D,0,0,3818046.424,99.95,2008,21,19.74,99.8
102353,Active,2502874,NA,NA,D,1,0,4320805.539,99,1997,3,52.73,879.87
102354,Active,859936,NA,NA,D,0,0,1949470.256,45,2009,28,4.81,33.94
102355,Active,737705,NA,NA,D,0,0,5608605.423,40,2008,15,4,0
102356,Active,738669,NA,NA,D,0,0,689821.9538,48,2013,16,13.09,33.29
102357,Active,143537,NA,NA,D,0,0,1508062.875,46,2011,21,4.22,71.34
102358,Active,526355,NA,NA,D,0,0,4874831.796,40,2008,13,9.23,72.99
102359,Active,901343,NA,NA,D,0,0,3561617.515,42,2009,11,4.37,152.72
102360,Active,143536,NA,NA,D,0,0,2073048.413,42,2011,18,4.54,38.94
102361,Active,911047,NA,NA,D,0,0,931559.7913,44,2013,20,5.24,43
102362,Active,2105439,NA,NA,D,0,0,361573.5375,52,2014,19,25.94,52
102363,Active,737371,NA,NA,D,0,0,2712131.671,36,2005,19,4.35,108.19
102364,Active,737618,NA,NA,D,0,0,2834865.861,41,2008,26,4,19.98
102365,Active,288462,NA,NA,D,0,0,2349695.786,46,2011,23,5.25,0
102366,Active,615405,NA,NA,D,0,0,1101225.396,38,2012,43,4,19.49
102367,Active,646292,NA,NA,D,0,0,2292534.549,38,2012,17,5.99,65.57
102368,Active,620273,NA,NA,D,1,0,1134426.844,80.4,2009,51,4,18.89
102369,Active,561215,NA,NA,D,1,0,681077.7038,78.2,2009,48,4,7.98
102370,Active,2524782,NA,NA,D,0,0,858933.05,85.54,1971,38,5.98,37.94
102371,Active,671435,NA,NA,D,2,1,1419467.61,35,2012,22,4.88,17.99
102372,Active,657131,NA,NA,D,2,1,1289476.756,37,2013,21,4,54.65
102373,Active,3481955,NA,NA,D,1,0,2938663.15,120,1989,46,32.88,78.32
102374,Active,922725,NA,NA,D,0,0,92220.8225,23.99,2008,69,4,37.47
102375,Active,1474863,NA,NA,D,1,0,1775057.729,75,2011,13,26.52,56.52
102376,Active,2737623,NA,NA,D,1,0,2248865.931,100,2000,37,5.23,34.74
102377,Active,3112426,NA,NA,D,0,0,1153978.036,65,2005,19,44.34,57.09
102378,Active,642921,NA,NA,D,1,0,871109.9363,85,2008,28,10.72,0
102379,Active,326342,NA,NA,D,7,1,2268930.186,125.33,2006,21,5.7,23.99
102380,Active,288878,NA,NA,D,1,0,472231.5,323.95,2004,75,4,18.74
102381,Active,1474056,NA,NA,D,1,0,3574556.59,120,2010,16,37.43,49.96
102382,Active,2407168,NA,NA,D,0,0,2955444.085,32,1995,15,15.8,72.35
102383,Active,890245,NA,NA,D,1,0,7803640.423,43.74,2009,13,7.09,123.49
102384,Active,2592708,NA,NA,D,0,0,2643909.574,34.99,1983,38,4,43.72
102385,Active,1591399,NA,NA,D,1,0,2562893.8,110,2009,40,14.92,51.78
102386,Active,591408,NA,NA,D,0,0,1463266.721,129,2007,21,74.98,68.99
102387,Active,755767,NA,NA,D,3,1,1064878.231,216.75,2012,14,63.97,107.76
102388,Active,2578216,NA,NA,D,1,0,3546488.76,56.95,1983,22,4,49
102389,Active,2389326,NA,NA,D,0,0,1962506.939,86,1994,18,33.04,98.99
102390,Active,698703,NA,NA,D,3,1,2885759.13,103.25,2002,13,10.56,91.99
102391,Active,625552,NA,NA,D,0,0,1528001.153,159,1992,27,52.94,119.06
102392,Active,1534368,NA,NA,D,0,0,1903009.519,159,2009,21,71.54,119.45
102393,Active,2691628,NA,NA,D,1,0,1679381.736,39.95,2004,17,10.03,60.25
102394,Active,3044038,NA,NA,D,2,1,3465419.675,49.95,1997,57,4,6.6
102395,Active,3044258,NA,NA,D,3,1,2384556.919,59.95,2002,31,4,5.51
102396,Active,908815,NA,NA,D,0,0,3767790.914,47,1995,16,4.06,22.99
102397,Active,2782053,NA,NA,D,0,0,364254.8525,26,1995,30,9.05,12.02
102398,Active,629648,NA,NA,D,1,0,873921.9325,39,2001,32,12.23,63.39
102399,Active,904407,NA,NA,D,1,0,2454694.173,72,1998,20,4.09,44.79
102400,Active,645552,NA,NA,D,6,1,1819190.639,68.97,2009,30,4.09,42.91
102401,Active,914523,NA,NA,D,2,1,974722.9825,52.95,1995,29,3.99,29.27
102402,Active,2570783,NA,NA,D,1,0,4338866.789,103.95,1993,19,6.38,15.92
102403,Active,643567,NA,NA,D,0,0,1163420.275,139,2013,72,86,87.34
102404,Active,295979,NA,NA,D,1,0,1461775.216,119,1999,22,8.98,19.94
102405,Active,630198,NA,NA,D,4,1,613435.9225,121.95,2006,23,71.19,135.61
102406,Active,919893,NA,NA,D,1,0,275264.1925,18.5,1979,44,9.88,53.15
102407,Active,2595750,NA,NA,D,0,0,1190885.438,99.99,1988,24,4.51,59.97
102408,Active,769931,NA,NA,D,0,0,1086482.103,99.29,2001,18,4.55,53.99
102409,Active,2610871,NA,NA,D,4,1,6860120.051,53,2005,15,4.97,55.06
102410,Active,1468675,NA,NA,D,2,1,8267428.229,65,2008,16,4.97,97.31
102411,Active,775697,NA,NA,D,0,0,4194996.62,72,2003,16,4,38.49
102412,Active,2073486,NA,NA,D,0,0,2068765.266,168.99,2011,12,14.95,49.94
102413,Active,2254090,NA,NA,D,0,0,308001.8638,133.32,2011,15,17.98,76.34
102414,Active,2599454,NA,NA,D,0,0,3555558.943,154.99,1994,12,17.41,88.26
102415,Active,268372,NA,NA,D,1,0,1507111.218,57,2005,18,10.85,19.04
102416,Active,715879,NA,NA,D,3,1,782586.4638,77.91,2011,17,18.94,37.82
102417,Active,2238269,NA,NA,D,3,1,275543.7813,26.67,2012,11,24.98,23.29
102418,Active,2338983,NA,NA,D,0,0,4515861.884,116.36,1979,16,4.05,78.97
102419,Active,152674,NA,NA,D,0,0,1563202.225,229,2001,22,151.69,172.42
102420,Active,1617989,NA,NA,D,1,0,2042987.943,69.95,2010,20,4,45.62
102421,Active,1755002,NA,NA,D,2,1,1165348.319,39.95,2012,24,5.34,30.92
102422,Active,909544,NA,NA,D,1,0,2608599.861,56.95,2005,15,4.79,43.96
102423,Active,504081,NA,NA,D,0,0,1498702.479,149,2007,21,75.51,83.24
102424,Active,2904841,NA,NA,D,0,0,800534.2775,39.95,1999,22,4,37.99
102425,Active,261376,NA,NA,D,1,0,1918889.729,43,2002,38,5.24,12.97
102426,Active,2590705,NA,NA,D,0,0,5961102.756,49.95,1981,12,12.93,0
102427,Active,115334,NA,NA,D,0,0,816497.1375,102.4,2001,39,4,8.98
102428,Active,566919,NA,NA,D,2,1,3484377.043,125,1991,19,4.76,43.69
102429,Active,129449,NA,NA,D,0,0,1677801.754,47.95,2006,27,4,7.99
102430,Active,1658850,NA,NA,D,3,1,1835006.954,98.99,2011,14,10.14,53.89
102431,Active,891916,NA,NA,D,0,0,1271768.358,993.8,2008,4,40.39,75.2
102432,Active,766389,NA,NA,D,4,1,6437632.423,104.43,2010,10,18.84,78.11
102433,Active,1558596,NA,NA,D,1,0,319591.4463,53.95,2012,37,4.21,43.99
102434,Active,716662,NA,NA,D,5,1,374960.67,6.19,2010,15,5.84,0
102435,Active,539453,NA,NA,D,6,1,778412.5,61.87,2012,75,28.98,116.49
102436,Active,902140,NA,NA,D,6,1,100980.72,83.29,2014,37,30.25,61.99
102437,Active,272353,NA,NA,D,1,0,1938417.218,49.95,2008,16,12.73,23.62
102438,Active,640228,NA,NA,D,1,0,1444441.235,41.95,2002,23,4,44.45
102439,Active,1680950,NA,NA,D,0,0,8367746.676,96,2008,12,24.79,36.74
102440,Active,1477808,NA,NA,D,1,0,2462910.89,47.95,2012,32,12.99,17.95
102441,Active,900864,NA,NA,D,0,0,1263738.616,0,2009,18,4.48,20.39
102442,Active,290358,NA,NA,D,1,0,1709886.428,55,2002,14,30.29,68.32
102443,Active,909312,NA,NA,D,1,0,989836.4975,30,1986,33,11.73,72.95
102444,Active,885066,NA,NA,D,0,0,4876952.923,114.99,2009,13,11.53,27.3
102445,Active,883186,NA,NA,D,1,0,6282078.204,24.5,2003,15,26.29,78.63
102446,Active,764742,NA,NA,D,1,0,1912193.466,195.95,2002,34,4,42.75
102447,Active,3095429,NA,NA,D,1,0,770606.7488,49.95,2005,13,23.94,27.53
102448,Active,260722,NA,NA,D,1,0,754553.8738,40,1995,53,6.59,51.02
102449,Active,915943,NA,NA,D,0,0,3314781.006,39.95,1999,35,4,9.48
102450,Active,287709,NA,NA,D,0,0,455406.9025,120,2006,25,23.39,80.47
102451,Active,222243,NA,NA,D,1,0,614451.9275,69,2009,44,5.96,23.65
102452,Active,2817698,NA,NA,D,1,0,2544661.221,45,2003,24,14.57,84.45
102453,Active,719383,NA,NA,D,1,0,3142395.799,85,1999,28,4.99,16.19
102454,Active,3598658,NA,NA,D,1,0,2730799.7,129.95,1900,18,53.89,79.87
102455,Active,913224,NA,NA,D,1,0,1474342.55,0,1953,25,14.35,0
102456,Active,920301,NA,NA,D,1,0,890387.7313,38.66,1948,35,32.98,95.48
102457,Active,905305,NA,NA,D,1,0,1289945.58,69,1997,24,4.47,16.47
102458,Active,1659044,NA,NA,D,1,0,278538.4063,73.5,2012,39,4.28,65.68
102459,Active,2804579,NA,NA,D,1,0,302784.4663,49,1987,62,6.6,18.85
102460,Active,1592851,NA,NA,D,0,0,4297228.569,120,2006,17,17.62,38.69
102461,Active,2430854,NA,NA,D,0,0,1317429.85,47.95,1972,33,4,53.23
102462,Active,859937,NA,NA,D,1,0,3612607.484,150,2009,18,19.98,88.18
102463,Active,668477,NA,NA,D,0,0,2181885.773,149,2012,20,65.39,113.88
102464,Active,915546,NA,NA,D,2,1,978755.6238,43.95,2003,26,4,8.86
102465,Active,1558605,NA,NA,D,1,0,5150471.223,125,2010,9,10.96,6.97
102466,Active,896214,NA,NA,D,2,1,5286519.545,165,2006,15,18.86,118.75
102467,Active,184520,NA,NA,D,1,0,1116836.875,46.95,2005,25,5.14,13.53
102468,Active,232437,NA,NA,D,1,0,588572.4425,95,2003,17,15.33,31.32
102469,Active,1653609,NA,NA,D,0,0,4588197.741,99.25,2008,12,21.31,74.55
102470,Active,2025794,NA,NA,D,1,0,1839024.813,59.95,2006,29,4.48,71.89
102471,Active,730558,NA,NA,D,1,0,1687728.88,26.95,1999,14,18.59,23.98
102472,Active,1476976,NA,NA,D,1,0,1503581.824,89,2013,33,5.89,64.29
102473,Active,175553,NA,NA,D,0,0,3949330.806,114,2003,18,33.33,77.45
102474,Active,2399322,NA,NA,D,0,0,1377594.316,96.95,1952,52,4.43,79.96
102475,Active,1469831,NA,NA,D,1,0,2834793.538,56,2007,20,13.86,55.95
102476,Active,899279,NA,NA,D,2,1,1949205.239,21.95,2008,18,5.89,21.95
102477,Active,1591711,NA,NA,D,1,0,7923676.82,99.99,2006,17,39.49,57.97
102478,Active,835418,NA,NA,D,0,0,2449748.544,170,1998,24,13.99,158.22
102479,Active,2851269,NA,NA,D,1,0,7728371.76,164.95,1999,17,79.82,118.99
102480,Active,921981,NA,NA,D,1,0,1468894.909,24.95,1972,78,3.9,13.75
102481,Active,909239,NA,NA,D,1,0,1251283.788,80,2002,24,18.44,60.52
102482,Active,2590575,NA,NA,D,0,0,1168398.249,219.99,1981,14,33.37,93.4
102483,Active,2502482,NA,NA,D,0,0,920847.2063,109,2001,23,21.44,59.43
102484,Active,3052665,NA,NA,D,1,0,790231.1313,166.71,1998,39,7.06,55.25
102485,Active,1476316,NA,NA,D,1,0,3845523.594,99,2013,11,22.68,32.99
102486,Active,894461,NA,NA,D,0,0,7217233.428,63.95,2002,9,25.79,189.87
102487,Active,2539691,NA,NA,D,0,0,2473031.81,62.95,2003,26,4,58.25
102488,Active,1469955,NA,NA,D,1,0,3607672.848,87,2009,23,52.49,86.95
102489,Active,2414461,NA,NA,D,0,0,991065.9288,82,2005,20,33.23,80.76
102490,Active,598025,NA,NA,D,1,0,2408138.983,129,2006,13,63.7,143.18
102491,Active,730064,NA,NA,D,1,0,3938000.001,79.95,1998,16,14.76,37.98
102492,Active,3151752,NA,NA,D,0,0,1813320.511,139,2002,22,45.81,46.93
102493,Active,3605953,NA,NA,D,0,0,872712.35,147.96,1974,34,60.98,146.58
102494,Active,626098,NA,NA,D,2,1,1619075.619,75,1995,23,4.11,28.92
102495,Active,656400,NA,NA,D,5,1,1893239.801,155,2003,16,66.04,111.09
102496,Active,3812968,NA,NA,D,1,0,1452745.75,49.99,2006,38,36.39,40.15
102497,Active,3547313,NA,NA,D,11,1,3260720.95,229.95,2002,15,12.46,98.15
102498,Active,3804970,NA,NA,D,0,0,461223.2,69.95,2015,33,63.94,69.95
102499,Active,2366793,NA,NA,D,0,0,6620004.711,67.53,1974,17,4,45.17
102500,Active,574211,NA,NA,D,3,1,675099.565,83.95,2011,25,32.24,75.54
102501,Active,2282321,NA,NA,D,0,0,5330792.789,166.12,2011,30,66.81,109.91
102502,Active,2941793,NA,NA,D,0,0,3577108.496,40.98,2005,24,6.05,39.46
102503,Active,2698129,NA,NA,D,1,0,2412719.873,118,2003,15,42.98,93.79
102504,Active,642380,NA,NA,D,0,0,934856.85,84.99,2011,15,52.68,0
102505,Active,112804,NA,NA,D,1,0,1808984.678,109,2006,17,11.48,107.25
102506,Active,2330635,NA,NA,D,5,1,5300294.75,0,1968,11,6.31,21.99
102507,Active,251777,NA,NA,D,4,1,1547628.379,96,2008,27,3,63.24
102508,Active,2604238,NA,NA,D,0,0,1475592.004,54.99,2005,25,5.77,35.99
102509,Active,2567035,NA,NA,D,4,1,1268940.921,120,1999,22,8.57,150.44
102510,Active,3462852,NA,NA,D,5,1,2725125.858,150,2003,8,34.97,114.96
102511,Active,2491753,NA,NA,D,0,0,2171039.079,71.39,2003,27,4.61,33.98
102512,Active,230617,NA,NA,D,1,0,1883051.903,59.95,1996,35,4,44.14
102513,Active,300460,NA,NA,D,2,1,854106.94,38,2009,29,15.27,38.79
102514,Active,3133284,NA,NA,D,0,0,2287207.166,29,2001,18,12.89,20.92
102515,Active,2618450,NA,NA,D,1,0,5211869.17,27.95,1991,22,3.99,43.96
102516,Active,1478709,NA,NA,D,1,0,1423452.16,38.95,2012,16,17.4,30.21
102517,Active,1479160,NA,NA,D,1,0,1311135.621,61,2011,18,6.35,16.47
102518,Active,2653733,NA,NA,D,0,0,3650531.164,32.95,1990,22,4.39,19.11
102519,Active,1478558,NA,NA,D,1,0,1716759.334,38.95,2011,89,4,10.97
102520,Active,2511367,NA,NA,D,0,0,1507652.41,26.3,1979,41,4,44.73
102521,Active,907920,NA,NA,D,1,0,686955.0763,49,1998,30,4.62,50.69
102522,Active,890022,NA,NA,D,0,0,2349811.195,65,2007,19,23.67,71.89
102523,Active,286017,NA,NA,D,1,0,1163848.566,109,2003,19,30.29,193.51
102524,Active,3058483,NA,NA,D,0,0,2485157.92,85,1993,20,4.98,105.99
102525,Active,1533471,NA,NA,D,0,0,2033137.526,229,2006,24,36.22,81.94
102526,Active,697301,NA,NA,D,2,1,8599047.224,65,1998,22,4,8.2
102527,Active,2560425,NA,NA,D,2,1,7929698.469,215.02,1980,25,4,50.15
102528,Active,897796,NA,NA,D,1,0,2971983.705,106.95,2003,13,12.79,38.99
102529,Active,2617111,NA,NA,D,0,0,6115405.871,33.82,1985,26,4,33.2
102530,Active,901564,NA,NA,D,1,0,3183569.829,209,2000,13,43.94,92.63
102531,Active,127264,NA,NA,D,0,0,2663978.12,39.95,2004,20,4,93.57
102532,Active,1772458,NA,NA,D,1,0,1437806.386,44.95,2011,31,4.78,43.65
102533,Active,249920,NA,NA,D,1,0,3501165.96,39.95,2006,16,6.95,13.94
102534,Active,249822,NA,NA,D,1,0,2442440.241,39.95,2006,25,7.48,13.94
102535,Active,249945,NA,NA,D,0,0,2128265.43,57.95,2007,34,3.99,0
102536,Active,743130,NA,NA,D,1,0,2006992.371,43.95,1999,27,4,14.58
102537,Active,2236120,NA,NA,D,1,0,4620007.058,331,2007,12,168.94,173.6
102538,Active,2614018,NA,NA,D,0,0,1051540.083,99.99,2002,18,32.94,63.99
102539,Active,2811902,NA,NA,D,1,0,741905.1963,45,2001,43,7,26.88
102540,Active,2616444,NA,NA,D,0,0,860158.0675,304.67,1972,16,30,241.87
102541,Active,242320,NA,NA,D,1,0,709054.0438,65,2001,25,61.25,85.99
102542,Active,175024,NA,NA,D,1,0,1062057.548,79.99,2009,28,19.69,39.99
102543,Active,755727,NA,NA,D,1,0,2211648.855,159.95,2004,17,120.32,111.96
102544,Active,2588533,NA,NA,D,1,0,3067176.243,75,1972,18,37.89,98.67
102545,Active,660562,NA,NA,D,1,0,807557.9838,105,1996,19,17.38,75.99
102546,Active,2545225,NA,NA,D,1,0,171101.85,46.95,1990,29,30.6,99.99
102547,Active,3578090,NA,NA,D,1,0,953712.45,84,1998,49,45,46.03
102548,Active,871144,NA,NA,D,8,1,394317.625,74.67,2006,194,4,22.43
102549,Active,1469463,NA,NA,D,2,1,2565382.664,79,2008,17,16.92,61.9
102550,Active,2563378,NA,NA,D,0,0,1035333.859,309.45,1972,12,36.21,167.66
102551,Active,2186296,NA,NA,D,0,0,6847296.579,169,2010,15,59.94,119.64
102552,Active,1867502,NA,NA,D,4,1,2805334.56,109.95,2007,16,62.51,144.99
102553,Active,869459,NA,NA,D,0,0,4017863.225,49.95,2006,19,18.69,94.12
102554,Active,2561011,NA,NA,D,1,0,3499050.38,500.25,1981,28,4,108.21
102555,Active,2699486,NA,NA,D,0,0,2406201.201,39.95,1994,22,40.05,126.25
102556,Active,2570057,NA,NA,D,1,0,1968398.415,69.95,1991,15,3,42.99
102557,Active,2699487,NA,NA,D,0,0,4319612.35,39.95,1995,21,4.08,53.21
102558,Active,3066298,NA,NA,D,0,0,1714884.848,69.95,2002,25,5.58,48.69
102559,Active,2618845,NA,NA,D,1,0,2234126.05,182.95,2004,11,8.58,193.07
102560,Active,1534074,NA,NA,D,0,0,590375.2875,149,2008,23,68.48,76.08
102561,Active,1951741,NA,NA,D,0,0,1874318.778,149,2013,18,104.54,113.63
102562,Active,2561800,NA,NA,D,1,0,2868317.119,199,1981,27,4,63.42
102563,Active,1518345,NA,NA,D,7,1,5790926.754,64.95,2010,2,7.09,4.97
102564,Active,606950,NA,NA,D,4,1,1537837.49,76.54,2006,36,13.94,73.87
102565,Active,1718425,NA,NA,D,1,0,973602.43,75,2008,22,11.13,52.98
102566,Active,343051,NA,NA,D,1,0,3489229.436,149,2006,14,9.48,29.99
102567,Active,108556,NA,NA,D,2,1,1502319.195,361.95,2003,31,7.21,77.2
102568,Active,750578,NA,NA,D,1,0,5669989.119,130,1997,14,4.57,67.86
102569,Active,2936282,NA,NA,D,0,0,3065389.413,229,2003,14,22.86,142.79
102570,Active,2447083,NA,NA,D,0,0,1193135.893,39.95,1990,25,17.98,52.96
102571,Active,3959945,NA,NA,D,0,0,2949259.55,55,2005,23,35.14,102.73
102572,Active,719053,NA,NA,D,0,0,2445327.756,74,1999,15,23.41,34.98
102573,Active,641530,NA,NA,D,0,0,610600.795,99.95,2009,27,55.23,0
102574,Active,561394,NA,NA,D,1,0,1191808.109,148.8,2010,27,13.79,144.33
102575,Active,2600504,NA,NA,D,0,0,6186332.733,134.99,1995,21,34.33,83.01
102576,Active,2780300,NA,NA,D,0,0,3924406.125,55,1980,19,28.53,102.98
102577,Active,797384,NA,NA,D,0,0,1269974.12,69.99,2012,15,21.99,14.98
102578,Active,547212,NA,NA,D,0,0,1256479.293,181.95,2013,15,60.04,105.33
102579,Active,2780828,NA,NA,D,0,0,1233885.36,45,1986,25,17.18,63.51
102580,Active,2039358,NA,NA,D,5,1,1078004.75,80,2014,12,63.99,80
102581,Active,896487,NA,NA,D,0,0,7632067.918,58,2004,17,8.94,65.41
102582,Active,2039314,NA,NA,D,0,0,359955.9813,112,2008,49,18.62,159.17
102583,Active,2039359,NA,NA,D,4,1,1568445.136,136,2014,8,53.99,264.42
102584,Active,2173669,NA,NA,D,0,0,2446511.944,47.51,2006,16,8.99,33.98
102585,Active,3529795,NA,NA,D,1,0,1361537.25,125,2000,44,17.37,73.66
102586,Active,623135,NA,NA,D,0,0,1211957.608,149,1998,35,30.38,93.99
102587,Active,775096,NA,NA,D,3,1,3009511.419,399,2003,11,72.54,193.68
102588,Active,285260,NA,NA,D,3,1,1936077.976,6.44,2003,14,4.98,7.23
102589,Active,645757,NA,NA,D,7,1,3150235.444,40.95,2005,24,4.14,78.89
102590,Active,908458,NA,NA,D,7,1,2691428.369,39.95,2004,20,4.13,90.86
102591,Active,638885,NA,NA,D,0,0,2414115.711,7.97,2009,20,4,17.85
102592,Active,766650,NA,NA,D,4,1,5024957.718,66.95,1998,25,4,38.99
102593,Active,127671,NA,NA,D,0,0,4342985.744,69.95,2006,20,5.87,47.77
102594,Active,526266,NA,NA,D,2,1,1649048.948,56,2009,33,23.08,85.25
102595,Active,2723547,NA,NA,D,1,0,1475100.864,55,2003,29,9.57,85.02
102596,Active,2871275,NA,NA,D,0,0,2133001.326,19.95,2003,17,12.59,61.99
102597,Active,659548,NA,NA,D,1,0,960842.2775,249.95,2005,15,88.18,90.96
102598,Active,2678624,NA,NA,D,0,0,3209096.153,122.36,1988,16,4.44,20.94
102599,Active,2402389,NA,NA,D,0,0,1332859.174,28.98,1973,48,4,28.88
102600,Active,1592977,NA,NA,D,0,0,7061567.793,110,2006,43,13.99,63.4
102601,Active,2737435,NA,NA,D,2,1,402788.08,29.95,2000,26,4.55,41.77
102602,Active,3031540,NA,NA,D,1,0,1544792.135,44.95,1995,20,5.23,28.98
102603,Active,2615358,NA,NA,D,0,0,3228655.534,109.99,2005,21,18.03,85.81
102604,Active,2606522,NA,NA,D,0,0,840046.2663,99.99,1998,19,11.42,88.88
102605,Active,724478,NA,NA,D,1,0,1586364.094,67,2011,67,8.52,12.49
102606,Active,1738179,NA,NA,D,1,0,2000314.418,80,2007,12,13.81,101.72
102607,Active,653885,NA,NA,D,1,0,2695407.929,229.95,2002,15,13.03,63.85
102608,Active,1613418,NA,NA,D,0,0,1365710.019,50.95,2009,11,36.5,36.97
102609,Active,859457,NA,NA,D,8,1,1551127.886,311,2006,15,10.21,300.65
102610,Active,526257,NA,NA,D,9,1,939900.4725,385,2010,15,49.77,95.42
102611,Active,804092,NA,NA,D,8,1,3349628.65,89.95,2006,16,10.36,67.35
102612,Active,1713228,NA,NA,D,0,0,1474296.923,89.99,2013,15,63.39,70.13
102613,Active,3049620,NA,NA,D,1,0,2444524.583,154.95,2003,15,48.99,177.04
102614,Active,3523910,NA,NA,D,1,0,1036962.95,140,1995,22,32.99,181.33
102615,Active,2896000,NA,NA,D,1,0,730556.5038,48.41,1983,20,18.18,48.42
102616,Active,1591576,NA,NA,D,1,0,3392497.393,149.99,2011,20,16.05,19.07
102617,Active,2679740,NA,NA,D,2,1,1782800.916,135,1996,21,16.1,75.94
102618,Active,869800,NA,NA,D,2,1,1133556.225,55.68,2004,17,7.18,48.4
102619,Active,393475,NA,NA,D,5,1,4794752.416,61.99,2006,22,4.76,47.28
102620,Active,2836367,NA,NA,D,0,0,3691865.391,74.95,1993,26,4.39,45.07
102621,Active,650016,NA,NA,D,1,0,566969.8213,83.95,2010,13,55.85,116.31
102622,Active,640048,NA,NA,D,1,0,1710549.756,110,2005,17,34.49,0
102623,Active,616210,NA,NA,D,1,0,467993.3725,48,2004,42,4,5.48
102624,Active,669441,NA,NA,D,2,1,3496192.891,59.5,2009,15,33.05,85.51
102625,Active,753993,NA,NA,D,1,0,1294887.863,44.99,2010,51,3.75,8.95
102626,Active,460321,NA,NA,D,12,1,5803493.314,89.5,2003,14,5.25,163.34
102627,Active,2247911,NA,NA,D,13,1,1029320.941,72.77,2006,70,25.07,56.74
102628,Active,1571434,NA,NA,D,0,0,992899.3063,99,2008,17,13.84,102.65
102629,Active,842790,NA,NA,D,0,0,2248892.723,4.95,1978,24,4,49.05
102630,Active,906007,NA,NA,D,2,1,3014561.429,299.95,2006,13,18.59,79.19
102631,Active,844833,NA,NA,D,4,1,11631524.97,29.85,1989,12,3.99,6.75
102632,Active,722821,NA,NA,D,1,0,1323308.379,28.95,2008,16,12.48,28.94
102633,Active,2502497,NA,NA,D,1,0,2560032.859,139,2002,19,6.39,56.89
102634,Active,2667742,NA,NA,D,0,0,2140523.471,64,2005,25,16.1,58.94
102635,Active,369553,NA,NA,D,0,0,1293277.483,75,2009,51,6.55,37.76
102636,Active,2317259,NA,NA,D,0,0,794427.43,133,1979,13,4.47,2364.25
102637,Active,1588483,NA,NA,D,1,0,1406704.574,60,2007,17,4.57,55.41
102638,Active,2664320,NA,NA,D,12,1,3503530.47,87,1996,15,7.12,52.09
102639,Active,903884,NA,NA,D,0,0,713702.1875,10,1957,21,15.23,43.99
102640,Active,564517,NA,NA,D,0,0,2409600.406,38.95,2001,22,4,32.46
102641,Active,901556,NA,NA,D,1,0,3387128.335,125,2008,18,13.92,56.95
102642,Active,563089,NA,NA,D,0,0,1400121.71,79.95,2007,22,58.34,58.41
102643,Active,2691417,NA,NA,D,2,1,2580325.748,49.95,2005,32,4,23.98
102644,Active,2346959,NA,NA,D,0,0,3509156.691,132.7,1991,19,4.97,75.88
102645,Active,3601118,NA,NA,D,1,0,759647.3,63.95,2005,49,7.57,52.11
102646,Active,3518253,NA,NA,D,2,1,5082436.8,45,1990,30,4,16.26
102647,Active,454812,NA,NA,D,1,0,1738547.186,145,2010,19,23.78,30.37
102648,Active,1647072,NA,NA,D,1,0,8073487.684,74.95,2007,11,28.41,194.79
102649,Active,2605950,NA,NA,D,0,0,8357753.55,72.99,1997,4,44.71,0
102650,Active,175144,NA,NA,D,0,0,1401894.985,144.99,2001,29,6.39,37.44
102651,Active,911340,NA,NA,D,1,0,2348603.973,125,2006,25,18.59,48.94
102652,Active,909549,NA,NA,D,0,0,1098345.26,171.95,2008,22,26.87,101.44
102653,Active,607926,NA,NA,D,10,1,689322.445,59.8,2005,38,4,12.99
102654,Active,300533,NA,NA,D,0,0,1004373.201,61.95,2004,28,4,33.05
102655,Active,1765644,NA,NA,D,0,0,1773960.005,109.99,2012,15,25.98,30.97
102656,Active,555781,NA,NA,D,1,0,620459.6825,37.95,2009,31,5.28,28.99
102657,Active,126661,NA,NA,D,0,0,594789.7263,59.99,2005,53,4.35,27.33
102658,Active,710532,NA,NA,D,3,1,6777577.434,81,1999,28,6.08,25.98
102659,Active,2131857,NA,NA,D,1,0,1169944.945,60,2010,12,18.99,47.84
102660,Active,3782524,NA,NA,D,0,0,3093083.4,55,1997,13,15.67,0
102661,Active,554100,NA,NA,D,1,0,198634.8588,143.8,1976,34,26.98,98.99
102662,Active,724826,NA,NA,D,1,0,3230632.819,64.95,2007,23,4,22.08
102663,Active,568601,NA,NA,D,1,0,253042.1063,64.99,1994,35,33.88,43.52
102664,Active,2530741,NA,NA,D,1,0,6968689.585,39.95,1996,14,4.31,12.96
102665,Active,665446,NA,NA,D,1,0,1811790.484,89.5,2011,19,31.39,87.64
102666,Active,2127688,NA,NA,D,2,1,2462245.154,36,2008,10,11.03,13.98
102667,Active,2605164,NA,NA,D,0,0,2577547.339,99.99,1996,21,23.99,75.54
102668,Active,428417,NA,NA,D,4,1,2892372.091,114.4,2006,18,13.93,106.96
102669,Active,1855106,NA,NA,D,3,1,3160581.51,85,2010,16,4.32,38.99
102670,Active,668646,NA,NA,D,1,0,358917.1938,80,2006,23,32.93,54.69
102671,Active,845556,NA,NA,D,7,1,9096195.28,50,1991,15,4.59,0
102672,Active,911408,NA,NA,D,1,0,3069314.908,63.95,2003,19,4.13,29.29
102673,Active,2511964,NA,NA,D,1,0,1386288.253,61.8,1992,17,4.94,38.99
102674,Active,2347167,NA,NA,D,0,0,5628109.625,85.75,2005,12,8.02,98.99
102675,Active,893729,NA,NA,D,1,0,1086228.063,78,2003,19,4.07,43.57
102676,Active,724791,NA,NA,D,0,0,1039181.629,5.94,2005,15,4,5.94
102677,Active,2589768,NA,NA,D,0,0,3370255.23,37.5,1976,15,27.02,77.79
102678,Active,2667778,NA,NA,D,0,0,294450.8975,43.95,2005,22,23.11,32.63
102679,Active,2613292,NA,NA,D,0,0,1090159.629,33.99,2001,25,10.99,53.41
102680,Active,2082882,NA,NA,D,1,0,1595785.221,71,2011,17,10.37,27.84
102681,Active,2267194,NA,NA,D,0,0,2716123.75,0,2008,11,0,0
102682,Active,2389726,NA,NA,D,0,0,6205915.251,77.51,1967,20,4.53,49.23
102683,Active,1626881,NA,NA,D,0,0,1524195.198,62.95,2009,23,20.99,34.95
102684,Active,526219,NA,NA,D,4,1,451152.865,58,2009,41,4,33.03
102685,Active,618503,NA,NA,D,2,1,5087477.284,54.95,1996,23,4,7.68
102686,Active,254756,NA,NA,D,1,0,11101939.04,69.95,2002,12,4,83.31
102687,Active,1718360,NA,NA,D,1,0,311943.8525,80,2010,32,32.39,65.45
102688,Active,429360,NA,NA,D,0,0,2802382.101,100,2003,14,9.75,74.39
102689,Active,53313,NA,NA,D,11,1,455611.6075,113.4,2006,39,4,5.02
102690,Active,725297,NA,NA,D,2,1,4903948.741,98.5,2009,11,13.25,300.61
102691,Active,915663,NA,NA,D,2,1,8638449.859,13.49,2002,63,4.38,39.96
102692,Active,3603156,NA,NA,D,0,0,984430.3,29.99,1997,29,4,18.33
102693,Active,896512,NA,NA,D,2,1,7879794.464,80.95,1997,14,4.21,49.49
102694,Active,537120,NA,NA,D,5,1,749414.4963,186.33,2011,33,38.25,145.92
102695,Active,2120871,NA,NA,D,3,1,3408682.121,36,2010,17,13.3,73.31
102696,Active,2618535,NA,NA,D,5,1,3147959.446,79.95,1994,22,4,14.94
102697,Active,2618157,NA,NA,D,2,1,7909685.295,22.95,1991,26,3.99,43.86
102698,Active,576378,NA,NA,D,1,0,4044241.376,73,2004,18,4.98,44.98
102699,Active,893780,NA,NA,D,0,0,2915005.286,57,2008,14,4.18,81.34
102700,Active,643191,NA,NA,D,2,1,2495526.493,60,2000,18,20.08,42.67
102701,Active,135368,NA,NA,D,3,1,140884.6688,45,2006,64,13.39,35.39
102702,Active,127158,NA,NA,D,1,0,852355.7913,56,2010,37,12.64,18.94
102703,Active,125792,NA,NA,D,0,0,8787482.759,54.95,1998,17,6.29,7.98
102704,Active,245871,NA,NA,D,3,1,4236440.065,39,2006,15,4.76,19.32
102705,Active,2139621,NA,NA,D,0,0,2611090.525,35,2007,18,32.21,41.23
102706,Active,320240,NA,NA,D,1,0,1056274.644,51,2006,46,4.68,23.97
102707,Active,132579,NA,NA,D,1,0,442618.44,107.4,2011,27,56.93,87.06
102708,Active,2593010,NA,NA,D,1,0,8941555.466,21.95,1979,15,4.16,90.63
102709,Active,2595801,NA,NA,D,2,1,2746998.145,44.99,1989,22,6.38,67.38
102710,Active,1748552,NA,NA,D,0,0,480539.735,70.69,2009,15,24.79,60.75
102711,Active,570722,NA,NA,D,1,0,906307.22,203.95,2007,30,4.18,33.99
102712,Active,182987,NA,NA,D,1,0,2017245.696,214.95,2007,19,6.18,38.94
102713,Active,767323,NA,NA,D,1,0,2009773.809,187.95,2007,13,4.44,0
102714,Active,2801931,NA,NA,D,0,0,4672168.65,115,1995,23,7.62,104.63
102715,Active,793656,NA,NA,D,1,0,2405766.395,95,2002,17,16.49,69.59
102716,Active,2618866,NA,NA,D,4,1,889103.645,56.95,1994,20,4,97.09
102717,Active,61234,NA,NA,D,1,0,918561.4213,74.95,2004,61,4,28.93
102718,Active,248194,NA,NA,D,0,0,1088178.209,38,2010,73,4,6.48
102719,Active,2418872,NA,NA,D,2,1,5313889.313,68.43,2003,16,4.77,64.66
102720,Active,190802,NA,NA,D,5,1,8567686.62,41.95,2003,28,4.86,18.98
102721,Active,635352,NA,NA,D,1,0,840621.7838,95,2003,22,22.61,0
102722,Active,1773002,NA,NA,D,8,1,6083542.481,64.28,2011,15,6.91,67.1
102723,Active,2344337,NA,NA,D,0,0,8728170.543,32.7,1993,22,3.96,41.75
102724,Active,1442215,NA,NA,D,40,1,1317850.624,53.25,2012,43,4,4.98
102725,Active,544571,NA,NA,D,9,1,47867.9375,198.95,2013,163,5.5,53.87
102726,Active,526207,NA,NA,D,2,1,917818.4413,170,2010,16,23.02,119.93
102727,Active,223234,NA,NA,D,4,1,3519648.476,63.95,1995,25,4,7.53
102728,Active,3474725,NA,NA,D,1,0,3049186.3,43.33,1998,14,5.48,42.75
102729,Active,157495,NA,NA,D,5,1,2697932.075,61.95,2008,16,5.64,48.75
102730,Active,1595192,NA,NA,D,1,0,5418217.589,99.99,2008,18,38.99,93.44
102731,Active,902616,NA,NA,D,3,1,925307.0113,40,2008,21,20.67,99.98
102732,Active,1592235,NA,NA,D,1,0,1725826.914,99.99,2006,35,18.47,61.85
102733,Active,558731,NA,NA,D,0,0,2550579.836,45,2006,28,4,9.89
102734,Active,2274514,NA,NA,D,0,0,180955,96.74,2009,7,38.34,101.41
102735,Active,2502633,NA,NA,D,1,0,3067687.594,32,1990,27,4,52.55
102736,Active,609133,NA,NA,D,2,1,4117796.478,69.95,2002,16,4,44.16
102737,Active,609134,NA,NA,D,0,0,6012067.176,69.95,2002,18,4,52.99
102738,Active,2571232,NA,NA,D,1,0,4396790.266,145,1992,16,4.35,67.15
102739,Active,1886695,NA,NA,D,1,0,3556038.644,44.95,2006,16,23.54,137.33
102740,Active,3150515,NA,NA,D,0,0,1998283.659,59.95,2005,26,14.68,39.96
102741,Active,2355071,NA,NA,D,4,1,3842134.47,94.68,2005,21,4.2,46.34
102742,Active,402559,NA,NA,D,3,1,8269291.825,95.85,2002,19,4.71,67.64
102743,Active,563196,NA,NA,D,0,0,1867500.935,159,2001,26,14.29,62.96
102744,Active,526195,NA,NA,D,3,1,1268937.879,44.95,2011,14,15.14,38.51
102745,Active,2132051,NA,NA,D,0,0,1099138.176,89.95,2009,21,23.6,53.1
102746,Active,643199,NA,NA,D,0,0,4209650.514,199,2000,25,18.72,48.94
102747,Active,892308,NA,NA,D,1,0,5288706.851,89.95,2011,19,13.68,62.07
102748,Active,245250,NA,NA,D,5,1,766855.1525,235.95,2005,33,29.53,0
102749,Active,2008079,NA,NA,D,1,0,2159766.263,41.95,2006,12,31.59,40.4
102750,Active,904705,NA,NA,D,1,0,2708552.494,115.95,2006,17,4.94,70.64
102751,Active,2560039,NA,NA,D,0,0,4420584.355,73.99,1979,15,4,73.09
102752,Active,2576014,NA,NA,D,2,1,2739374.989,120,1985,17,4,151.76
102753,Active,2901792,NA,NA,D,0,0,1273870.265,65,1988,20,12.16,58.77
102754,Active,2225605,NA,NA,D,8,1,258090.9238,22.96,2013,14,22.89,46.89
102755,Active,114068,NA,NA,D,7,1,664890.0763,204.6,2004,29,41.69,92.73
102756,Active,653441,NA,NA,D,1,0,2988361.678,220,2006,14,149.44,149.98
102757,Active,165554,NA,NA,D,2,1,634360.3888,43.76,2006,35,11.71,43.87
102758,Active,758140,NA,NA,D,1,0,2780505.838,18.47,2000,26,4.43,16.99
102759,Active,641466,NA,NA,D,0,0,490748.4675,83.95,2010,22,10.03,0
102760,Active,2571847,NA,NA,D,1,0,4579704.926,99,1994,13,7.42,59.22
102761,Active,2561841,NA,NA,D,1,0,4153471.101,74.95,1984,14,28.57,76.74
102762,Active,3262978,NA,NA,D,4,1,3682010.253,27.41,1999,41,15.26,33.85
102763,Active,2867190,NA,NA,D,1,0,2627441.299,179.95,1993,19,23.99,77.88
102764,Active,653848,NA,NA,D,4,1,1513135.173,54.99,2001,13,6.49,74.71
102765,Active,607150,NA,NA,D,5,1,505383.6388,111.4,2001,32,13.95,55.84
102766,Active,114630,NA,NA,D,6,1,1025876.48,111.8,2003,23,4.47,49.75
102767,Active,2326724,NA,NA,D,1,0,1500909.664,99,1990,23,46.31,55.99
102768,Active,891057,NA,NA,D,1,0,4161648.64,96,1982,15,4.29,62.87
102769,Active,900574,NA,NA,D,0,0,5091776.614,119,2008,18,10.36,60.75
102770,Active,2325823,NA,NA,D,1,0,704716.8575,42.98,1973,46,4,38.98
102771,Active,664514,NA,NA,D,0,0,813195.82,129,2013,19,86.98,93.56
102772,Active,897049,NA,NA,D,6,1,757851.2863,44.32,2005,29,4.97,41.19
102773,Active,2362390,NA,NA,D,1,0,458726.2825,142,2000,17,28.89,98.81
102774,Active,176868,NA,NA,D,1,0,1818898.261,343.95,2001,23,4.22,38.94
102775,Active,598605,NA,NA,D,0,0,884555.9713,69.95,2011,24,5.39,13.68
102776,Active,749360,NA,NA,D,0,0,1429191.146,49.99,2007,36,4,41.99
102777,Active,750680,NA,NA,D,0,0,1610300.539,49.99,2009,40,4.19,44.72
102778,Active,2592087,NA,NA,D,1,0,3768325.481,64.99,1983,22,7.91,56.65
102779,Active,2650229,NA,NA,D,0,0,1163349.661,39.95,2002,22,9.93,61.99
102780,Active,526184,NA,NA,D,2,1,521630.6888,76.95,2010,34,18.71,43.39
102781,Active,1952533,NA,NA,D,0,0,1202545.669,99,2013,18,74.79,71.25
102782,Active,800938,NA,NA,D,1,0,3324492.68,45.95,2007,13,26.27,73.98
102783,Active,918112,NA,NA,D,1,0,226992.9575,50,1997,46,4,23.5
102784,Active,3471960,NA,NA,D,8,1,3195997.8,0,2001,22,4,196.17
102785,Active,192014,NA,NA,D,1,0,480866.5563,48.56,2005,29,4,41.52
102786,Active,908212,NA,NA,D,10,1,1253981.87,54.5,1904,37,10.45,49.24
102787,Active,3148453,NA,NA,D,3,1,3089183.164,239,2003,13,69.98,153.93
102788,Active,2389829,NA,NA,D,0,0,1722567.888,69,1974,22,16.64,78.15
102789,Active,630901,NA,NA,D,0,0,2231078.83,79.95,2008,21,36.57,58.7
102790,Active,553507,NA,NA,D,1,0,1248378.013,41.8,2008,42,3,43.94
102791,Active,2588554,NA,NA,D,1,0,7612210.75,44.5,1972,10,4,2633
102792,Active,2594320,NA,NA,D,3,1,9628881.504,105,1987,5,7.47,0
102793,Active,3152395,NA,NA,D,0,0,2469678.926,179,1998,23,63.98,93.46
102794,Active,702734,NA,NA,D,2,1,5572686.131,71.95,2000,32,4.48,11.88
102795,Active,1464411,NA,NA,D,1,0,856728.8325,61,2010,55,16.03,42.92
102796,Active,2581976,NA,NA,D,0,0,317984.5238,22.95,1995,25,4.92,16.75
102797,Active,127728,NA,NA,D,0,0,285190.3325,29.95,2008,35,10.08,10.15
102798,Active,2406770,NA,NA,D,1,0,5138919.14,145,1995,41,9.42,81.99
102799,Active,2864299,NA,NA,D,0,0,1992514.661,39.95,1993,18,33.97,91.72
102800,Active,2955792,NA,NA,D,0,0,581365.525,14.95,2004,15,12.02,14.95
102801,Active,2312822,NA,NA,D,2,1,4143895.27,35,1996,19,4,12.01
102802,Active,2622105,NA,NA,D,0,0,9776910.3,127.2,1998,14,9.98,48.94
102803,Active,720177,NA,NA,D,1,0,712131.5375,51,2003,40,9.85,23.17
102804,Active,2434755,NA,NA,D,6,1,2908891.819,76.95,1994,13,5.47,2828.08
102805,Active,897850,NA,NA,D,1,0,1003855.58,83,2007,20,18.99,43.74
102806,Active,2765938,NA,NA,D,0,0,3759958.055,249,1991,18,20.64,71.09
102807,Active,832855,NA,NA,D,0,0,2431311.495,95,1998,20,4.12,78.67
102808,Active,1559588,NA,NA,D,0,0,3257246.018,210,2010,11,34.9,195.47
102809,Active,747608,NA,NA,D,0,0,325188.1525,85,2007,14,17.01,119.56
102810,Active,199074,NA,NA,D,1,0,2518664.694,84.95,2000,30,4,12.79
102811,Active,2433996,NA,NA,D,0,0,1129022.678,50,1964,105,4,17.07
102812,Active,113919,NA,NA,D,2,1,2001215.656,51,1999,35,4,13.91
102813,Active,2204473,NA,NA,D,0,0,1411231.405,12.95,2010,15,69.2,212.87
102814,Active,2149877,NA,NA,D,0,0,1057887.17,34.95,2012,23,4,38.12
102815,Active,217314,NA,NA,D,5,1,1473417.413,42,2009,27,4.88,7.03
102816,Active,217282,NA,NA,D,1,0,706386.7525,45,2006,39,4,65.39
102817,Active,599665,NA,NA,D,0,0,1237492.813,45,2007,20,4.88,79.87
102818,Active,1772916,NA,NA,D,29,1,1558772.998,211.95,2011,14,8.83,299.09
102819,Active,1827000,NA,NA,D,0,0,2183289.136,0,2013,18,6.23,0
102820,Active,615623,NA,NA,D,36,1,599026.44,401.95,2012,71,4.47,95.68
102821,Active,1829994,NA,NA,D,39,1,76333.695,349.95,2015,17,191.93,279.98
102822,Active,1829990,NA,NA,D,0,0,29871.1125,351.95,2015,21,188.55,193.99
102823,Active,297885,NA,NA,D,35,1,1778731.523,401.95,2011,24,4,49.98
102824,Active,1519589,NA,NA,D,30,1,4562854.761,239.95,2006,17,4.57,99.99
102825,Active,1592888,NA,NA,D,0,0,3828294.038,149.99,2006,20,18.97,115.83
102826,Active,2526138,NA,NA,D,1,0,8259960.836,18.95,1989,33,4.11,18.95
102827,Active,1585476,NA,NA,D,1,0,3611958.635,110,2010,21,4.3,70.75
102828,Active,245205,NA,NA,D,1,0,1713473.484,92.95,2005,39,4,25
102829,Active,3949649,NA,NA,D,0,0,3099004.5,51,2000,25,8.87,57.22
102830,Active,485020,NA,NA,D,0,0,2983318.113,125,2010,19,24.74,91.36
102831,Active,639875,NA,NA,D,0,0,221172.5363,100,2012,24,51.59,0
102832,Active,2409170,NA,NA,D,0,0,2356011.548,4.95,1978,16,22.98,96.15
102833,Active,258286,NA,NA,D,1,0,2525732.221,90.95,1998,17,26.99,43.98
102834,Active,1757773,NA,NA,D,0,0,3445248.46,60,2013,12,46.4,60
102835,Active,1864428,NA,NA,D,2,1,429812.68,64.95,2008,12,21.13,64.74
102836,Active,248974,NA,NA,D,1,0,505893.7613,37.95,2006,34,9.48,89.21
102837,Active,700354,NA,NA,D,2,1,2064081.918,29.95,2003,12,4.49,20.49
102838,Active,2373208,NA,NA,D,0,0,4977008.244,24.8,2002,12,31.05,167.39
102839,Active,638603,NA,NA,D,1,0,1388131.051,50.95,2008,23,8.33,38.52
102840,Active,217785,NA,NA,D,1,0,831927.9588,32.99,2001,24,4.36,71.59
102841,Active,571462,NA,NA,D,1,0,444982.0313,66.99,2001,35,18.76,56.98
102842,Active,2485919,NA,NA,D,1,0,954702.925,38.95,2003,18,26.67,355.87
102843,Active,1879756,NA,NA,D,5,1,1918592.87,151.95,2007,23,8.98,442.63
102844,Active,1581414,NA,NA,D,1,0,1187894.579,89.99,2010,41,17.1,46.24
102845,Active,654635,NA,NA,D,0,0,1913696.198,79.95,2012,20,41.99,62.16
102846,Active,3203056,NA,NA,D,0,0,2875378.604,379,1988,17,199.99,266.84
102847,Active,2561602,NA,NA,D,1,0,2083805.018,198,1981,22,13.54,92.27
102848,Active,2594753,NA,NA,D,1,0,1408612.226,59.95,1987,18,24.96,91.05
102849,Active,169843,NA,NA,D,2,1,2739044.069,31.95,2008,19,4,13.98
102850,Active,624746,NA,NA,D,3,1,2090548.235,36.4,1990,27,5.46,47.47
102851,Active,648292,NA,NA,D,4,1,600954.7975,48,1998,25,4,44.47
102852,Active,1956944,NA,NA,D,1,0,1076997.419,40.26,2012,14,15.4,98.76
102853,Active,3043877,NA,NA,D,0,0,2245491.015,44.5,2002,14,11.75,88.31
102854,Active,607596,NA,NA,D,2,1,5036511.708,59.95,2004,20,4.18,45.39
102855,Active,745152,NA,NA,D,1,0,1251831.923,128.95,2005,16,4,5.76
102856,Active,897744,NA,NA,D,0,0,3004709.89,161.46,1986,21,41.51,186.74
102857,Active,2263365,NA,NA,D,5,1,947874,0,2009,19,36.85,283.17
102858,Active,901190,NA,NA,D,3,1,2948033.311,55.47,2010,13,4,28.33
102859,Active,640740,NA,NA,D,0,0,934917.9713,65.95,2011,21,6.39,48.26
102860,Active,365327,NA,NA,D,1,0,1014261.514,65.95,2011,16,5.43,85.57
102861,Active,3516144,NA,NA,D,1,0,1776736.6,54.95,2006,46,27.87,41.68
102862,Active,131580,NA,NA,D,1,0,1467126.25,90.6,2002,27,4.76,18.24
102863,Active,632714,NA,NA,D,1,0,2286268.376,81.95,1968,24,8.35,71.11
102864,Active,510932,NA,NA,D,0,0,1522139.366,119,2010,24,83.07,88.91
102865,Active,2599505,NA,NA,D,1,0,1472118.885,175,1995,16,7.69,125.91
102866,Active,869866,NA,NA,D,0,0,1433212.463,70.41,2006,29,35.47,101.13
102867,Active,163773,NA,NA,D,1,0,1833434.826,85,1996,38,4,14.61
102868,Active,638327,NA,NA,D,0,0,916976.6938,45.95,2001,49,14.98,29.64
102869,Active,2178580,NA,NA,D,0,0,2408416.444,169,2011,19,70.99,120.48
102870,Active,874102,NA,NA,D,7,1,910848.7663,63.99,2006,32,23.29,90.6
102871,Active,3129805,NA,NA,D,0,0,1916271.374,75,2001,20,33.08,56.59
102872,Active,2588126,NA,NA,D,1,0,704533.2025,39.5,1969,16,11.29,93.58
102873,Active,1957297,NA,NA,D,1,0,560481.4413,100,2013,38,4.94,93.99
102874,Active,667655,NA,NA,D,1,0,3911593.064,82,2007,15,29.84,97.11
102875,Active,1592316,NA,NA,D,1,0,4769238.91,99.99,2007,21,16.95,40.69
102876,Active,771137,NA,NA,D,0,0,5740485.644,134.84,2003,14,4.91,19.99
102877,Active,3049946,NA,NA,D,0,0,3553341.664,82.95,1999,8,73.41,72.22
102878,Active,902724,NA,NA,D,0,0,1911539.334,54.99,2005,28,4.57,39.91
102879,Active,760649,NA,NA,D,1,0,2422149.954,85,2001,20,7.85,58.71
102880,Active,3822571,NA,NA,D,1,0,4483395.75,235,2002,24,50.19,110.7
102881,Active,900927,NA,NA,D,1,0,1161938.653,54.95,2003,17,6.39,35.88
102882,Active,159443,NA,NA,D,2,1,2694802.063,513.95,2004,13,61.34,253.99
102883,Active,2591294,NA,NA,D,1,0,3027286.371,157.99,1986,12,74.99,247.09
102884,Active,2418531,NA,NA,D,1,0,3554596.325,75,2001,18,37.97,85.88
102885,Active,3285967,NA,NA,D,0,0,4025221.569,53.48,2005,32,28.88,53.48
102886,Active,916123,NA,NA,D,0,0,599281.9788,50.95,1996,29,17.44,79.38
102887,Active,188299,NA,NA,D,1,0,2131119.891,32.95,1999,37,4,9.98
102888,Active,914543,NA,NA,D,1,0,1139407.916,30,2003,32,4,9.92
102889,Active,914453,NA,NA,D,1,0,1981151.338,55,1999,30,4,6.99
102890,Active,900630,NA,NA,D,1,0,452661.3013,11.95,2012,24,8.93,8
102891,Active,261404,NA,NA,D,1,0,932604.7063,79,2007,16,17.48,63.98
102892,Active,901720,NA,NA,D,1,0,5453433.796,55,2004,20,4.39,19.98
102893,Active,1546879,NA,NA,D,1,0,795552.1688,52.95,2011,17,45.91,46.62
102894,Active,800611,NA,NA,D,2,1,1976387.716,76,2008,18,6.73,0
102895,Active,654810,NA,NA,D,0,0,1290114.691,55.95,2006,22,4,43.78
102896,Active,273363,NA,NA,D,1,0,803302.0063,55.95,2010,20,4.97,0
102897,Active,620630,NA,NA,D,1,0,1475634.969,62,2003,25,4,13.99
102898,Active,671092,NA,NA,D,0,0,1200107.421,55.95,2006,18,14.09,55.95
102899,Active,2047144,NA,NA,D,0,0,4977649.573,155.95,2008,15,4.88,113.97
102900,Active,268709,NA,NA,D,0,0,1379635.136,79.95,2008,28,4.93,47.76
102901,Active,631481,NA,NA,D,9,1,202796.5263,59.95,2011,36,6.07,54.41
102902,Active,616053,NA,NA,D,2,1,1106911.404,37,2004,60,4,17.04
102903,Active,193968,NA,NA,D,1,0,1620209.7,59,2002,33,4,15.99
102904,Active,560531,NA,NA,D,1,0,3093234.429,77,2009,16,33.61,675
102905,Active,2249674,NA,NA,D,2,1,1022446.25,114.74,2006,31,0,0
102906,Active,255793,NA,NA,D,1,0,230629.4713,50.95,2007,31,4,18.29
102907,Active,246259,NA,NA,D,1,0,3500931.745,147.95,2007,14,4,143.51
102908,Active,2188896,NA,NA,D,0,0,1307021.346,279,2011,15,92.91,65.04
102909,Active,591946,NA,NA,D,1,0,2199213.741,68,2005,30,4,44.05
102910,Active,3112033,NA,NA,D,2,1,7020981.871,143.95,1999,14,40.31,153.58
102911,Active,206386,NA,NA,D,1,0,6496586.26,115,2006,14,22.98,94.17
102912,Active,2153788,NA,NA,D,0,0,149710.3475,28.99,2013,11,15.74,18.24
102913,Active,416562,NA,NA,D,1,0,2197509.444,20.49,2007,17,6.98,19.99
102914,Active,110947,NA,NA,D,1,0,1620672.715,46.84,2007,24,5.19,44.84
102915,Active,152322,NA,NA,D,1,0,761368.9988,249,2007,14,136.25,125.99
102916,Active,3148911,NA,NA,D,1,0,1232066.224,199,2004,21,43.74,102.61
102917,Active,884179,NA,NA,D,0,0,8040654.316,96,2006,10,5.98,38.09
102918,Active,717237,NA,NA,D,0,0,2943756.445,64,2008,15,14.09,97.09
102919,Active,655814,NA,NA,D,0,0,1061217.075,0,2008,7,8.99,24.99
102920,Active,275593,NA,NA,D,1,0,1143790.38,39.95,2006,51,4,20.44
102921,Active,252637,NA,NA,D,1,0,1224880.461,54.98,2009,24,4,45.4
102922,Active,628016,NA,NA,D,1,0,166694.2875,46.6,2007,31,4.62,48.24
102923,Active,213255,NA,NA,D,3,1,1400732.518,39.95,2006,22,4,7.99
102924,Active,897242,NA,NA,D,1,0,1265515.174,39.99,2009,27,4.27,23.94
102925,Active,782958,NA,NA,D,0,0,1104054.781,49.99,2003,31,4,30.99
102926,Active,702520,NA,NA,D,0,0,1797175.756,49.99,1999,38,4,13.8
102927,Active,256810,NA,NA,D,2,1,3074521.096,76.95,2003,22,4,34.13
102928,Active,893448,NA,NA,D,1,0,1326077.365,59.95,2009,12,17.99,22.87
102929,Active,627483,NA,NA,D,0,0,662515.6988,54.99,2009,33,8.6,37.31
102930,Active,2036612,NA,NA,D,0,0,1142055.04,59.99,2008,32,4.73,39.49
102931,Active,915001,NA,NA,D,0,0,1929584.203,59.95,1999,39,4,23.88
102932,Active,637170,NA,NA,D,1,0,380920.635,130.75,2008,53,53,98.78
102933,Active,711172,NA,NA,D,1,0,1832705.213,76.6,2000,26,4,23.98
102934,Active,784643,NA,NA,D,0,0,1996048.154,30,2009,15,18.72,49.59
102935,Active,2635240,NA,NA,D,1,0,1726267.914,39.95,2001,49,4,7.48
102936,Active,2809988,NA,NA,D,1,0,2455451.25,39.95,1996,13,28.64,58.33
102937,Active,1594844,NA,NA,D,1,0,1366636.706,94.99,2007,58,6.39,23.98
102938,Active,1651401,NA,NA,D,4,1,2578511.383,70,2007,18,43.86,207.23
102939,Active,2681440,NA,NA,D,0,0,3592705.036,115,2005,10,65.68,65.72
102940,Active,2439427,NA,NA,D,2,1,3332784.195,38.95,1997,21,4.02,18.88
102941,Active,322660,NA,NA,D,8,1,673340.3025,91.8,2005,37,8.5,56.59
102942,Active,627459,NA,NA,D,1,0,695745.9538,56.95,2009,26,13.66,68.63
102943,Active,616990,NA,NA,D,4,1,657422.3688,80.25,1999,52,4.49,37.99
102944,Active,2608407,NA,NA,D,1,0,1498217.16,124.99,1998,23,29.24,98.35
102945,Active,1590774,NA,NA,D,1,0,833832.2938,39.99,2009,18,17.22,62.99
102946,Active,1473858,NA,NA,D,1,0,3430391.901,120,2010,19,34.01,100.24
102947,Active,174823,NA,NA,D,1,0,3533801.158,82.99,2000,19,4.77,18.94
102948,Active,235362,NA,NA,D,4,1,2452918.235,29.99,2007,36,5.57,12.04
102949,Active,2866580,NA,NA,D,2,1,2291353.403,47.95,1997,19,13.99,49
102950,Active,2866714,NA,NA,D,3,1,2439827.526,65,2003,17,13.56,73.09
102951,Active,699724,NA,NA,D,1,0,2037874.993,157.5,2002,21,6.24,67.17
102952,Active,626741,NA,NA,D,4,1,1264302.148,159,2004,25,14.33,69.51
102953,Active,2333731,NA,NA,D,1,0,2958007.909,110,1989,42,4,8.76
102954,Active,196685,NA,NA,D,2,1,1496483.255,240,2004,24,70.99,0
102955,Active,2340953,NA,NA,D,2,1,3475166.938,125,1994,29,4.63,17.59
102956,Active,2331460,NA,NA,D,0,0,4422278.595,99.5,1992,28,5.23,14.99
102957,Active,2335105,NA,NA,D,2,1,4367587.415,138.21,1974,13,4.13,0
102958,Active,2335102,NA,NA,D,2,1,2415537.566,73.99,1973,18,5.26,57.71
102959,Active,793704,NA,NA,D,0,0,1904803.129,185,2002,22,4,9.34
102960,Active,3803051,NA,NA,D,0,0,12224.9,99.95,1900,43,0,60.01
102961,Active,899996,NA,NA,D,2,1,5614547.731,39.95,2005,16,4.63,48.93
102962,Active,1451624,NA,NA,D,1,0,343793.58,105.2,2014,43,31.4,100.22
102963,Active,878431,NA,NA,D,8,1,323977.9213,100.67,2013,32,43.89,101.08
102964,Active,716228,NA,NA,D,7,1,1516090.514,108,2011,12,76.49,113.27
102965,Active,262395,NA,NA,D,0,0,890214.4363,131,2005,19,5.88,28.99
102966,Active,901156,NA,NA,D,0,0,1670153.569,22,1995,18,5.93,112.75
102967,Active,2606267,NA,NA,D,1,0,1553562.399,155,1999,21,4,47.81
102968,Active,898290,NA,NA,D,8,1,7342908.716,52.95,1996,9,4.28,23.94
102969,Active,845886,NA,NA,D,4,1,9244860.218,69.5,1991,10,4.4,70.71
102970,Active,2606897,NA,NA,D,0,0,3536828.455,149.99,1998,13,13.29,140.09
102971,Active,2598656,NA,NA,D,0,0,1079837.874,194.99,1993,17,6.38,23.19
102972,Active,2596435,NA,NA,D,0,0,5634792.074,72.99,1990,12,42.75,53.98
102973,Active,1590876,NA,NA,D,1,0,2413710.161,125,2011,19,27.99,78.14
102974,Active,433471,NA,NA,D,1,0,1160179.159,215,2010,40,7.51,0
102975,Active,156706,NA,NA,D,2,1,724942.4463,45.95,2000,28,4,16.91
102976,Active,1591743,NA,NA,D,0,0,1126235.083,150,2013,14,26.38,132.8
102977,Active,2605225,NA,NA,D,0,0,7765766.813,149.99,1997,19,10.81,89.81
102978,Active,1702044,NA,NA,D,0,0,6077124.246,65,2007,13,4,24
102979,Active,1645221,NA,NA,D,0,0,845003.1775,38,2006,38,6.09,25.49
102980,Active,2647917,NA,NA,D,1,0,1735679.905,87.95,1996,16,16.94,74.24
102981,Active,2405292,NA,NA,D,1,0,1309846.934,90,1989,37,11.26,27.24
102982,Active,2564648,NA,NA,D,1,0,3193893.014,136,1997,15,11.26,161.73
102983,Active,638290,NA,NA,D,0,0,720043.1725,209,2009,20,116.82,126.98
102984,Active,663889,NA,NA,D,4,1,375734.16,269.27,2013,20,108.12,203.99
102985,Active,3694274,NA,NA,D,1,0,5867721.6,0,2011,6,114.98,422.88
102986,Active,909607,NA,NA,D,0,0,3150569.553,55.71,1992,20,4,57.61
102987,Active,566539,NA,NA,D,1,0,1716491.414,7.39,2004,35,4.34,13
102988,Active,2501952,NA,NA,D,0,0,724420.555,229,2004,28,33.19,146.41
102989,Active,569374,NA,NA,D,1,0,8676177.738,204.95,1995,16,5.95,43.98
102990,Active,3156510,NA,NA,D,2,1,3412722.645,77.95,2001,11,39,88.26
102991,Active,660035,NA,NA,D,1,0,1766039.659,104.95,2005,22,18.99,53.97
102992,Active,2575463,NA,NA,D,1,0,1172012.655,110,1987,20,21.66,28.98
102993,Active,3467620,NA,NA,D,0,0,2858206,183.75,1999,23,8.48,18.99
102994,Active,2501709,NA,NA,D,0,0,1839381.218,139,2004,31,23.65,69.99
102995,Active,566643,NA,NA,D,1,0,262709.2163,228,1993,26,17.65,0
102996,Active,640458,NA,NA,D,0,0,582058.9225,115,2002,27,68.98,76.67
102997,Active,2576840,NA,NA,D,1,0,3345013.709,148,1989,24,4.94,33.99
102998,Active,563110,NA,NA,D,0,0,1273917.848,97,2008,26,33.83,40.88
102999,Active,566298,NA,NA,D,99,1,1321253.533,158,1987,22,16.66,73.78
103000,Active,2595044,NA,NA,D,0,0,3678241.879,64.95,1989,10,22.98,66.35
103001,Active,638272,NA,NA,D,0,0,2429084.791,209,2007,19,157.76,152.74
103002,Active,177026,NA,NA,D,1,0,2589507.41,158.95,2005,23,4,153.98
103003,Active,1923648,NA,NA,D,0,0,2499103.128,149,2010,20,49.99,95.1
103004,Active,1867853,NA,NA,D,1,0,3103905.649,114.95,2010,14,44.84,95.98
103005,Active,2390194,NA,NA,D,0,0,6043823.256,70,1996,12,45.04,153
103006,Active,2577348,NA,NA,D,0,0,2729243.079,79.95,1984,20,4.71,79.98
103007,Active,2795464,NA,NA,D,1,0,2304925.771,49.45,1972,25,12.9,39.94
103008,Active,276766,NA,NA,D,1,0,162850.2763,110,2000,31,47.99,78.99
103009,Active,2568373,NA,NA,D,1,0,1188319.186,105.99,1963,22,13.95,73.03
103010,Active,2562115,NA,NA,D,1,0,436076.175,66.75,1983,17,20.49,23.94
103011,Active,1952750,NA,NA,D,0,0,1251481.845,69.99,2013,13,61.42,52.77
103012,Active,2572115,NA,NA,D,1,0,2277800.459,170,1994,17,16.18,25.75
103013,Active,888197,NA,NA,D,0,0,5091700.55,34.95,2006,14,8.99,39.18
103014,Active,2575539,NA,NA,D,1,0,3953377.074,195,1987,19,4.4,45.37
103015,Active,2502502,NA,NA,D,0,0,1046626.636,134,2003,30,37.94,72.99
103016,Active,2572023,NA,NA,D,1,0,4160945.825,110,1993,18,6.38,50.11
103017,Active,3512751,NA,NA,D,0,0,2062978.75,89.95,2001,39,4.39,35.09
103018,Active,165027,NA,NA,D,1,0,2810158.085,161,2002,15,92.99,148.99
103019,Active,2362335,NA,NA,D,1,0,2902981.853,440,1985,23,6.39,75.35
103020,Active,152150,NA,NA,D,0,0,2320728.281,249,2005,18,11.97,54.39
103021,Active,2580500,NA,NA,D,1,0,6420808.864,140,2001,15,39.13,83.87
103022,Active,656653,NA,NA,D,1,0,1760952.581,41.95,2008,25,20.31,41.94
103023,Active,901259,NA,NA,D,1,0,2592227.914,73.99,2003,23,4,30.97
103024,Active,2561666,NA,NA,D,1,0,3011001.476,170,1982,31,4,50.85
103025,Active,175175,NA,NA,D,0,0,2202695.83,160,2003,20,45.99,137.11
103026,Active,2129320,NA,NA,D,0,0,883578.48,169,2008,20,43.98,43.99
103027,Active,755250,NA,NA,D,2,1,4933800.863,195,2002,17,18.33,66.45
103028,Active,2571371,NA,NA,D,0,0,4399766.303,110.96,1971,24,4,52.11
103029,Active,2345365,NA,NA,D,2,1,2606643.35,74.07,1971,41,4,46.96
103030,Active,145745,NA,NA,D,3,1,1825316.995,130.67,2008,18,9.87,117.47
103031,Active,534039,NA,NA,D,2,1,668070.3838,60.85,1988,35,4.07,52.23
103032,Active,2503016,NA,NA,D,1,0,3571254.769,64.95,2000,15,7.65,11.99
103033,Active,165397,NA,NA,D,1,0,919427.105,79.95,2002,25,5.72,33.93
103034,Active,2236884,NA,NA,D,0,0,5516911.889,0,2010,8,46.14,147.35
103035,Active,3558983,NA,NA,D,2,1,10540856.15,16.95,1981,23,4.08,44.42
103036,Active,111140,NA,NA,D,14,1,180881.7188,41.79,2009,102,4,33.69
103037,Active,760869,NA,NA,D,1,0,1649718.684,80,2001,17,20.39,40.99
103038,Active,2615356,NA,NA,D,0,0,548706.6625,140,2005,31,41.92,68.44
103039,Active,3076895,NA,NA,D,1,0,3591766.433,49.95,2001,18,4,78.39
103040,Active,750983,NA,NA,D,1,0,2187792.258,100,2007,16,26.59,90.25
103041,Active,173242,NA,NA,D,0,0,3910933.151,136,1997,15,47.48,108.55
103042,Active,748001,NA,NA,D,3,1,2657788.023,335.85,1997,15,4.77,68.03
103043,Active,2675696,NA,NA,D,3,1,5902506.38,28.95,1991,34,4,12.98
103044,Active,3244683,NA,NA,D,2,1,1132147.956,0,2005,16,25.78,87.6
103045,Active,598561,NA,NA,D,0,0,1822304.734,98.95,2003,21,4,67.66
103046,Active,2226037,NA,NA,D,0,0,707595.0413,22.94,2011,13,16.99,20.46
103047,Active,587780,NA,NA,D,0,0,2348773.491,40.37,2011,20,11.29,40.23
103048,Active,2578909,NA,NA,D,1,0,5411998.469,139.95,1989,9,13.93,0
103049,Active,2502307,NA,NA,D,0,0,753175.14,109,1997,32,10.55,32.35
103050,Active,3255493,NA,NA,D,2,1,11075272.63,68.2,2005,21,8.79,68.2
103051,Active,173883,NA,NA,D,0,0,1719725.738,45,2006,26,5.54,53.47
103052,Active,568854,NA,NA,D,1,0,2673455.758,45,1998,32,4,28.94
103053,Active,145003,NA,NA,D,1,0,1897638.764,216.67,2010,20,11.58,143.87
103054,Active,1931040,NA,NA,D,0,0,1864466.004,48.33,2009,10,18.48,46.15
103055,Active,430966,NA,NA,D,3,1,9475475.744,75,2001,20,4.97,49.55
103056,Active,912153,NA,NA,D,4,1,1568620.513,106.67,2005,22,4.98,57.29
103057,Active,912262,NA,NA,D,1,0,5201040.118,109.95,1994,29,4,23.47
103058,Active,391950,NA,NA,D,1,0,2348423.493,78.95,2000,19,4.78,38.98
103059,Active,152651,NA,NA,D,2,1,1141794.416,99,2007,31,33.54,57.7
103060,Active,893379,NA,NA,D,1,0,1658107.849,49.95,2010,17,40.33,39.85
103061,Active,2576524,NA,NA,D,0,0,1136056.724,89.95,1991,19,18.89,33.86
103062,Active,579076,NA,NA,D,0,0,8255762.2,58.95,1994,21,4.48,21.91
103063,Active,280295,NA,NA,D,1,0,3571079.144,79.95,2004,11,19.31,45.99
103064,Active,187009,NA,NA,D,0,0,1585892.574,60,1999,21,10.67,71.12
103065,Active,533518,NA,NA,D,6,1,555885.6163,18.99,2010,31,4,18.99
103066,Active,1781250,NA,NA,D,1,0,1504054.836,95,2015,29,70.48,65.73
103067,Active,2261468,NA,NA,D,2,1,1281603.409,364.4,2007,40,13.16,154.63
103068,Active,475806,NA,NA,D,1,0,4330863.511,57.95,2001,28,4,23.44
103069,Active,895809,NA,NA,D,1,0,3372314.743,36,2009,15,5.95,27.27
103070,Active,143109,NA,NA,D,1,0,482719.35,41,2009,32,3.43,33.99
103071,Active,763352,NA,NA,D,2,1,7927905.9,0,1900,10,4.11,44.85
103072,Active,2674758,NA,NA,D,0,0,6307020.55,0,1978,13,4.98,68.98
103073,Active,106786,NA,NA,D,9,1,100459.39,113,2011,42,39.38,65.64
103074,Active,2560086,NA,NA,D,0,0,2736188.3,165.23,1978,20,4,118.07
103075,Active,2020832,NA,NA,D,1,0,1022147.446,124.95,2007,20,10.95,13.87
103076,Active,3161546,NA,NA,D,5,1,1461563.43,180.8,2002,7,47.05,675
103077,Active,3207335,NA,NA,D,0,0,1451554.386,95.95,1999,18,15.2,142.67
103078,Active,887018,NA,NA,D,2,1,816374.4863,99.95,2014,12,50.04,49.95
103079,Active,1683196,NA,NA,D,0,0,2205452.383,99.95,2007,17,4.64,19.95
103080,Active,609190,NA,NA,D,3,1,2526070.974,39.95,2005,20,4,9.67
103081,Active,2577112,NA,NA,D,3,1,3253148.784,57.5,1984,20,5.23,53.7
103082,Active,662606,NA,NA,D,0,0,1872684.726,122,2012,15,74.01,77.9
103083,Active,2650024,NA,NA,D,6,1,3965954.898,165.95,2003,10,70.32,67.79
103084,Active,2833427,NA,NA,D,1,0,1268167.161,259.95,1997,8,53.65,38.99
103085,Active,2697493,NA,NA,D,4,1,7650473.581,199.95,2000,7,54.31,93.99
103086,Active,289271,NA,NA,D,0,0,1323568.043,99,1995,29,8.37,52.15
103087,Active,1445912,NA,NA,D,1,0,1889053.6,83.95,2011,26,3.97,23.99
103088,Active,106213,NA,NA,D,1,0,3357052.313,34.95,2004,12,8.83,29.88
103089,Active,899044,NA,NA,D,1,0,795205.1175,40.95,2009,20,42.94,42.95
103090,Active,1630875,NA,NA,D,0,0,504692.0838,100,2014,69,33.53,41.97
103091,Active,833176,NA,NA,D,0,0,4405107.798,105,1997,16,5.08,77.25
103092,Active,628785,NA,NA,D,0,0,1074830.285,44.8,2008,30,4,25.13
103093,Active,130539,NA,NA,D,2,1,141101.2275,58.2,2012,31,15.63,122.69
103094,Active,3840917,NA,NA,D,1,0,2961292.8,99,1997,44,4,16.97
103095,Active,3818167,NA,NA,D,0,0,1744756.55,49,2008,30,28.69,43.54
103096,Active,2139664,NA,NA,D,3,1,6394276.735,90,2011,6,57.41,66.44
103097,Active,152654,NA,NA,D,0,0,1082525.668,99,2000,25,50.68,83.19
103098,Active,652094,NA,NA,D,0,0,1701848.239,99,2002,24,49.27,66
103099,Active,280758,NA,NA,D,0,0,2156255.869,89.99,2005,24,15.73,41.98
103100,Active,2597104,NA,NA,D,1,0,4938028.404,244.99,1993,17,38.31,98.35
103101,Active,2502103,NA,NA,D,0,0,2442462.561,199,1980,20,25.99,93.49
103102,Active,3152892,NA,NA,D,0,0,1489733.904,109,1999,20,35.04,46.24
103103,Active,3150085,NA,NA,D,3,1,1764741.814,139,2004,20,53.79,167.27
103104,Active,2027246,NA,NA,D,1,0,3788343.681,95.95,2006,21,4,105.99
103105,Active,3150581,NA,NA,D,0,0,2394588.571,159,2005,17,60,76.71
103106,Active,632477,NA,NA,D,0,0,1597458.531,189,2006,26,62.13,35.88
103107,Active,2827843,NA,NA,D,0,0,4059123.051,169,1996,18,56.97,127.5
103108,Active,626475,NA,NA,D,0,0,620198.5713,115,2002,29,16.86,70.73
103109,Active,2562183,NA,NA,D,1,0,2839301.009,86.95,1982,21,4,73.01
103110,Active,2565021,NA,NA,D,0,0,2127579.749,161.64,1953,23,28.36,88.74
103111,Active,632473,NA,NA,D,1,0,3821292.378,39.95,2005,17,17.27,18.99
103112,Active,3512767,NA,NA,D,0,0,1905370.05,199,2002,26,61.53,61.54
103113,Active,2173011,NA,NA,D,1,0,2383027.295,50,2008,13,34.98,50
103114,Active,633236,NA,NA,D,3,1,1421808.429,389.99,2010,17,22.54,0
103115,Active,898004,NA,NA,D,1,0,2539178.14,99,2009,13,9.46,49.06
103116,Active,556820,NA,NA,D,0,0,516893.8863,35.95,1974,26,15.49,30.74
103117,Active,747595,NA,NA,D,0,0,2535546.456,55,2003,16,4,89.75
103118,Active,696851,NA,NA,D,0,0,1099200.553,39.95,1997,21,17.05,65.09
103119,Active,755609,NA,NA,D,1,0,2104443.329,110,2004,17,8.43,46.04
103120,Active,2076626,NA,NA,D,0,0,456707.6275,29.95,2011,19,28.45,29.95
103121,Active,208756,NA,NA,D,0,0,1991375.436,42.5,2003,16,23.94,49.97
103122,Active,2334671,NA,NA,D,1,0,3718664.178,65,1995,28,4,19.95
103123,Active,404868,NA,NA,D,0,0,326967.9113,249,2005,47,21.77,33.79
103124,Active,843380,NA,NA,D,13,1,8962815.986,68.42,1983,16,4,26.84
103125,Active,919241,NA,NA,D,2,1,2134251.525,50.95,2000,42,4,13.96
103126,Active,917340,NA,NA,D,3,1,1705797.753,50,1996,34,4,11.18
103127,Active,912774,NA,NA,D,1,0,849207.7288,84,1996,26,4.35,26.98
103128,Active,264221,NA,NA,D,0,0,367991.3188,35.95,2003,48,7.85,10.63
103129,Active,279286,NA,NA,D,0,0,468760.2813,36.95,2007,34,6.62,49.63
103130,Active,564939,NA,NA,D,0,0,4672470.42,48.95,2010,18,5.56,6.26
103131,Active,1469961,NA,NA,D,1,0,8220801.129,140,2006,22,33.94,89.31
103132,Active,320896,NA,NA,D,0,0,9328996.39,59.5,2002,17,4.6,45.76
103133,Active,3558494,NA,NA,D,0,0,4546193.5,195,1987,37,28.98,48.48
103134,Active,326364,NA,NA,D,0,0,2906835.116,110,2008,19,4.77,62.94
103135,Active,403713,NA,NA,D,2,1,1260290.864,76.95,2011,31,5.74,0
103136,Active,526012,NA,NA,D,2,1,562842.3938,177.95,2010,72,4.98,36.98
103137,Active,868407,NA,NA,D,4,1,2114912.67,64.95,2004,24,4,11.99
103138,Active,757757,NA,NA,D,1,0,2020909.154,84.95,2002,26,4.97,17.95
103139,Active,631234,NA,NA,D,5,1,1842165.168,50,2001,27,4,12.44
103140,Active,692255,NA,NA,D,1,0,5705880.468,181.95,2001,15,4.92,90.35
103141,Active,355624,NA,NA,D,0,0,5640120.381,52.95,1999,25,4,45.33
103142,Active,196502,NA,NA,D,3,1,3291985.395,73.95,2003,31,4,45.83
103143,Active,1560044,NA,NA,D,1,0,1311236.071,69.95,2009,33,6.39,26.81
103144,Active,278556,NA,NA,D,0,0,1259884.489,53.95,2004,33,4,65.83
103145,Active,342864,NA,NA,D,1,0,3668985.816,14.98,2004,19,4,14.94
103146,Active,664110,NA,NA,D,11,1,27660.6175,370.95,2014,75,9.47,147.53
103147,Active,365090,NA,NA,D,0,0,1970279.703,59.95,2003,18,5.46,55.77
103148,Active,526006,NA,NA,D,6,1,872352.4663,154.5,2011,26,15.59,78.99
103149,Active,393470,NA,NA,D,5,1,3419475.164,60.99,2005,17,6.38,63.98
103150,Active,1492045,NA,NA,D,5,1,3364365.38,124.5,2009,15,8.02,73.95
103151,Active,52098,NA,NA,D,13,1,143622.7938,192,2010,50,15.92,55.19
103152,Active,640735,NA,NA,D,1,0,1777474.998,67.95,2003,27,4,44.63
103153,Active,52662,NA,NA,D,5,1,421833.2963,250,2009,89,4,12.49
103154,Active,2374645,NA,NA,D,0,0,4253922.85,0,2004,11,7.11,133.39
103155,Active,912039,NA,NA,D,0,0,365970.68,60,2004,23,4,51.41
103156,Active,1649288,NA,NA,D,0,0,1654638.649,39.95,2010,17,7.23,36.61
103157,Active,906577,NA,NA,D,2,1,1591970.239,77.95,2006,28,36.77,69.97
103158,Active,657518,NA,NA,D,2,1,1236373.043,59.95,2011,21,37.43,59.1
103159,Active,574879,NA,NA,D,1,0,115245.2088,82,2007,38,31.23,0
103160,Active,196530,NA,NA,D,1,0,2690422.709,54.95,2004,17,4.97,56.89
103161,Active,3585999,NA,NA,D,0,0,2133471,79.95,2002,25,4.29,43.59
103162,Active,914078,NA,NA,D,1,0,3011328.251,284.75,2010,20,7.97,22.07
103163,Active,313202,NA,NA,D,0,0,2309280.824,121.2,2004,43,4,7.66
103164,Active,137512,NA,NA,D,0,0,3141030.155,192,2004,27,4.48,21.96
103165,Active,883459,NA,NA,D,1,0,940962.3613,195,2004,14,48.99,110.96
103166,Active,2880369,NA,NA,D,0,0,1994066.723,48.3,1996,23,4.27,38.42
103167,Active,806118,NA,NA,D,0,0,2686706.588,129,2007,12,43.88,185.84
103168,Active,861685,NA,NA,D,10,1,1631635.765,94.47,2013,12,21,100.46
103169,Active,3488532,NA,NA,D,0,0,3283146.3,44.5,1992,41,3.96,37.58
103170,Active,551691,NA,NA,D,1,0,2969153.103,27.8,1999,20,5.07,71.77
103171,Active,2416167,NA,NA,D,1,0,3618703.714,54.5,1998,23,4.97,55.99
103172,Active,410016,NA,NA,D,2,1,3910380.501,56,2007,22,4.56,42.87
103173,Active,131436,NA,NA,D,3,1,6206766.845,61.8,2001,19,4,8
103174,Active,420526,NA,NA,D,1,0,3118881.475,50.6,2001,29,3.25,22.37
103175,Active,756347,NA,NA,D,1,0,3841985.316,40,2010,11,5.93,48.56
103176,Active,268413,NA,NA,D,1,0,790296.7388,31,2006,40,4,28.99
103177,Active,2401768,NA,NA,D,1,0,3009493.153,246.5,1963,15,4.74,56.73
103178,Active,1563152,NA,NA,D,0,0,1938745.039,180,2007,23,65.79,123.99
103179,Active,1835287,NA,NA,D,0,0,1727401.911,99,2008,19,43.97,69.54
103180,Active,3049901,NA,NA,D,4,1,9249064.115,39.95,1998,10,4.13,0
103181,Active,899425,NA,NA,D,1,0,2452693.976,93.95,2007,15,12.69,82.92
103182,Active,3823734,NA,NA,D,1,0,1314503.15,39.99,2008,49,15.19,33.98
103183,Active,3543941,NA,NA,D,0,0,653101.15,0,1956,28,8.48,15.94
103184,Active,210771,NA,NA,D,1,0,1470123.099,34.95,1995,26,4,44.71
103185,Active,1542099,NA,NA,D,1,0,3920570.376,63.95,2009,10,19.91,116.63
103186,Active,822472,NA,NA,D,0,0,1140206.806,27.95,2003,20,4,0
103187,Active,894074,NA,NA,D,0,0,2857943.35,11.96,2004,12,5.84,9.09
103188,Active,254671,NA,NA,D,2,1,548693.8688,38,2011,32,18.45,27.99
103189,Active,633169,NA,NA,D,1,0,273681.3238,70,2011,26,54.49,58.33
103190,Active,268791,NA,NA,D,2,1,1116425.978,48,2007,18,8.09,25
103191,Active,668087,NA,NA,D,5,1,2594980.669,100,2011,13,26.24,74.46
103192,Active,883825,NA,NA,D,0,0,5883816.546,120,2005,9,108.72,125.12
103193,Active,2344361,NA,NA,D,0,0,2233537.589,84.5,1981,33,4,51.22
103194,Active,601186,NA,NA,D,0,0,1696092.039,27,2011,18,21.61,26.99
103195,Active,735854,NA,NA,D,7,1,1527950.575,37.39,2011,19,4,30.35
103196,Active,1946976,NA,NA,D,0,0,4579270.97,24.99,2012,21,23.75,24.99
103197,Active,643491,NA,NA,D,5,1,1289170.959,385,2011,16,121.99,103.98
103198,Active,654554,NA,NA,D,1,0,1699692.749,199,2008,19,9.84,59.31
103199,Active,2611416,NA,NA,D,2,1,3221301.543,438,2001,16,76.14,187.12
103200,Active,1592664,NA,NA,D,1,0,2400578.279,194.99,2008,18,38.95,39.79
103201,Active,2126457,NA,NA,D,1,0,6420708.143,275,2010,14,28.99,159.61
103202,Active,2376400,NA,NA,D,6,1,766864.3363,571.63,2005,10,42.63,421.69
103203,Active,221807,NA,NA,D,1,0,3152219.796,259.95,2003,18,13.11,67.83
103204,Active,1835374,NA,NA,D,0,0,2537838.756,109,2009,17,38.09,67.65
103205,Active,1538284,NA,NA,D,1,0,6730420.238,188.95,2008,8,24.15,56.86
103206,Active,757552,NA,NA,D,0,0,1924439.405,185,2003,17,4,152.17
103207,Active,3553203,NA,NA,D,0,0,5680578,52.5,1990,18,4.94,65.97
103208,Active,290598,NA,NA,D,3,1,2406167.16,125,2005,16,11.94,38.99
103209,Active,622106,NA,NA,D,1,0,778038.2888,71.95,1999,42,16.94,49.49
103210,Active,2549612,NA,NA,D,0,0,2137508.12,99,1988,32,4.99,53.98
103211,Active,873177,NA,NA,D,1,0,4745833.674,34.95,1981,23,4.03,25.99
103212,Active,2599571,NA,NA,D,0,0,3691072.59,110,1993,17,42.44,84.12
103213,Active,2696538,NA,NA,D,0,0,7136817.57,65.95,1990,19,6.35,50.05
103214,Active,661173,NA,NA,D,5,1,1422304.169,128,2011,17,43.77,0
103215,Active,2698420,NA,NA,D,0,0,3170652.954,39.95,2004,14,9.98,111.67
103216,Active,268072,NA,NA,D,0,0,1544100.096,45.99,2006,22,18.57,18.58
103217,Active,268073,NA,NA,D,0,0,3094190.549,83.25,2006,19,7.69,70.19
103218,Active,882675,NA,NA,D,1,0,2488017.603,78.95,2000,11,12.69,22.99
103219,Active,2788837,NA,NA,D,1,0,2329747.779,77,1994,25,4,15.99
103220,Active,638670,NA,NA,D,1,0,728909.0525,59.95,1998,49,46.67,53.39
103221,Active,893637,NA,NA,D,0,0,2166991.619,62.95,2007,16,8.24,13.99
103222,Active,2796057,NA,NA,D,0,0,4345156.966,0,1975,18,8.97,119.45
103223,Active,2836780,NA,NA,D,1,0,1393515.311,243.95,1997,30,6.92,59.36
103224,Active,661997,NA,NA,D,3,1,3870748.353,54.95,2004,13,18.72,51.99
103225,Active,2696960,NA,NA,D,0,0,6181859.836,39.95,1994,12,4.91,144.33
103226,Active,625121,NA,NA,D,1,0,3750200.088,67,1999,29,4,28.93
103227,Active,136808,NA,NA,D,0,0,997405.5488,84,2001,21,51.97,106.47
103228,Active,2443043,NA,NA,D,4,1,3310870.405,99,2003,20,26.71,111.73
103229,Active,637510,NA,NA,D,2,1,1670154.254,74.31,1975,35,4,54.2
103230,Active,843306,NA,NA,D,0,0,846655.2275,42.25,1982,18,10.82,42.25
103231,Active,835635,NA,NA,D,1,0,1620972.76,177,1995,23,4,25.99
103232,Active,174692,NA,NA,D,1,0,760075.5588,125,2007,22,34.91,94.37
103233,Active,3878922,NA,NA,D,0,0,4873189.65,65,1998,15,36.39,172.96
103234,Active,754786,NA,NA,D,1,0,1410436.893,125,2004,14,17.91,49.67
103235,Active,901157,NA,NA,D,1,0,2979354.654,110,2004,16,42.89,83.18
103236,Active,2615086,NA,NA,D,0,0,1288825.041,110,2005,21,28.49,81.81
103237,Active,1633484,NA,NA,D,0,0,1604801.614,260,2007,11,8.99,53.38
103238,Active,666153,NA,NA,D,0,0,2773165.303,270,2008,13,106.54,313.99
103239,Active,802372,NA,NA,D,8,1,3582494.111,94.95,2006,9,5.37,17.98
103240,Active,608672,NA,NA,D,4,1,2262467.2,48.95,2001,23,4.38,18.92
103241,Active,349815,NA,NA,D,12,1,370591.4888,38.95,2007,16,6.44,21.68
103242,Active,890339,NA,NA,D,1,0,2781827.205,58.67,2010,11,9.68,675
103243,Active,110655,NA,NA,D,7,1,5616413.243,66.35,2005,21,3.99,55.19
103244,Active,3026489,NA,NA,D,0,0,1545734.029,82.95,2003,21,4,9
103245,Active,525961,NA,NA,D,3,1,310716.7575,19.24,2008,32,4,19.24
103246,Active,910409,NA,NA,D,2,1,2660288.159,59.95,2009,22,6.89,42.97
103247,Active,158273,NA,NA,D,1,0,563938.7375,54.95,2008,26,13.94,71.85
103248,Active,539593,NA,NA,D,0,0,1089215.246,19.8,2008,29,3,0
103249,Active,906371,NA,NA,D,0,0,4519602.351,44,2003,18,4.39,46.43
103250,Active,1574692,NA,NA,D,5,1,1047042.681,45.95,2008,21,7.65,72.61
103251,Active,561451,NA,NA,D,1,0,3522654.911,37.8,2010,14,8.85,11.94
103252,Active,704056,NA,NA,D,4,1,3212833.444,0,2003,20,3.4,47.79
103253,Active,572185,NA,NA,D,4,1,3490907.799,99.95,2006,27,4,16.98
103254,Active,620561,NA,NA,D,2,1,2187721.691,40,2010,37,4.27,0
103255,Active,569567,NA,NA,D,0,0,1945005.011,147.95,2002,17,5.89,0
103256,Active,1459010,NA,NA,D,8,1,842479.35,28.99,2007,14,6.32,28.99
103257,Active,544188,NA,NA,D,2,1,964190.9988,90.95,2012,24,20.45,132.6
103258,Active,1438358,NA,NA,D,1,0,952652.77,39.99,2010,31,4.97,28.99
103259,Active,2796000,NA,NA,D,0,0,1003481.979,34,2003,35,4,13.98
103260,Active,608311,NA,NA,D,2,1,2182408.73,40.79,2002,21,4,13.98
103261,Active,2397653,NA,NA,D,0,0,5671101.055,29.95,1990,16,4,72.65
103262,Active,245246,NA,NA,D,2,1,1835233.446,57.95,2006,29,4,27.99
103263,Active,623332,NA,NA,D,1,0,2005557.246,128.95,2005,18,4.04,15.98
103264,Active,737703,NA,NA,D,11,1,3022044.999,51,2008,23,4.49,118.99
103265,Active,710337,NA,NA,D,0,0,2108838.088,66.8,2003,19,4,9.97
103266,Active,2326379,NA,NA,D,4,1,707422.8788,53.95,1995,15,17.6,73.71
103267,Active,130213,NA,NA,D,3,1,4811286.946,30,2002,20,4.45,42.09
103268,Active,212357,NA,NA,D,1,0,1231763.524,46,2006,23,8.73,53.63
103269,Active,2429311,NA,NA,D,4,1,3391388.37,36.67,2000,20,4,29.71
103270,Active,3076038,NA,NA,D,0,0,3658591.095,45.95,2004,12,40.94,45.95
103271,Active,207588,NA,NA,D,0,0,355202.79,239,1998,19,178.99,181.18
103272,Active,2787052,NA,NA,D,0,0,1658233.771,33.5,1955,21,9.43,25.18
103273,Active,2834964,NA,NA,D,0,0,2933764.346,190,2005,17,23.3,49.47
103274,Active,721845,NA,NA,D,1,0,4391614.539,74,2006,18,4,44.27
103275,Active,1728120,NA,NA,D,0,0,2436420.29,40,2010,14,24.11,24.11
103276,Active,1468762,NA,NA,D,0,0,2698828.05,45,2009,13,20.14,65.33
103277,Active,741265,NA,NA,D,2,1,1804888.914,75.2,2007,50,4,0
103278,Active,525874,NA,NA,D,11,1,839704.1375,66.95,2008,33,4,43.99
103279,Active,608082,NA,NA,D,11,1,747578.075,70.95,2008,18,9.13,76.48
103280,Active,422057,NA,NA,D,4,1,1767228.646,33.6,2008,29,4,10.47
103281,Active,742105,NA,NA,D,5,1,3130549.589,59.53,2009,17,5.99,8.99
103282,Active,525849,NA,NA,D,6,1,500621.0625,61.95,2011,22,17.99,62.43
103283,Active,567533,NA,NA,D,9,1,2090804.126,74.95,2007,17,4,6.27
103284,Active,177043,NA,NA,D,4,1,1963604.156,56.95,2004,41,4,27.24
103285,Active,525817,NA,NA,D,4,1,364974.8125,77.95,2010,30,10.4,56.99
103286,Active,290353,NA,NA,D,2,1,1252212.539,30,2001,26,5.32,78.98
103287,Active,3530592,NA,NA,D,6,1,6663969.4,41.95,2004,41,4,4.99
103288,Active,1574127,NA,NA,D,1,0,6603953.219,58.95,2008,9,15.84,135.33
103289,Active,109453,NA,NA,D,4,1,3540801.755,66.49,2005,18,4,39.99
103290,Active,2562658,NA,NA,D,1,0,1890879.589,241.07,1956,22,13.5,131.86
103291,Active,801011,NA,NA,D,0,0,4306758.67,38,2007,18,4.39,23.98
103292,Active,2648323,NA,NA,D,1,0,6613591.415,55.95,1999,19,4,46.59
103293,Active,642596,NA,NA,D,11,1,1319546.26,34.95,2008,21,4.99,14.54
103294,Active,920716,NA,NA,D,1,0,1662993.504,29.95,1994,45,4,9.8
103295,Active,643372,NA,NA,D,0,0,471645.1513,85.2,1998,29,4.23,33.99
103296,Active,613141,NA,NA,D,0,0,1720534.155,34.99,2005,51,3.78,0
103297,Active,2590346,NA,NA,D,1,0,2178503.734,89,1980,19,18.93,54.82
103298,Active,863185,NA,NA,D,0,0,1181027.626,52.95,2004,21,6.39,49.64
103299,Active,1473616,NA,NA,D,1,0,2160076.611,77,2009,24,13.16,49.4
103300,Active,3787316,NA,NA,D,1,0,1605358.55,69,1977,44,11.94,63.96
103301,Active,2185992,NA,NA,D,0,0,1175402.493,189,2009,97,102.81,117.7
103302,Active,2874542,NA,NA,D,1,0,2215516.331,69.95,1992,28,4,13.49
103303,Active,664376,NA,NA,D,1,0,1245964.96,117.53,2013,14,66.38,0
103304,Active,1921971,NA,NA,D,0,0,2002002.744,199,2010,14,150.58,153.21
103305,Active,2571910,NA,NA,D,1,0,6647575.413,187,1996,24,4,45.47
103306,Active,789013,NA,NA,D,1,0,4439763.263,39.95,2001,22,4,21.4
103307,Active,1533559,NA,NA,D,0,0,1079394.505,199,2006,19,39.2,66.63
103308,Active,870215,NA,NA,D,1,0,2801759.884,36.75,1996,21,4,28.91
103309,Active,1919722,NA,NA,D,0,0,4924631.76,110,2013,16,29.49,29.4
103310,Active,870972,NA,NA,D,4,1,5361713.406,6.99,2001,28,4,6.99
103311,Active,3012933,NA,NA,D,0,0,2118198.691,99,2003,12,23.88,73.98
103312,Active,911212,NA,NA,D,0,0,1507432.119,51,2006,31,4,38.5
103313,Active,825428,NA,NA,D,0,0,1993532.02,35,2005,18,4,15.74
103314,Active,367760,NA,NA,D,1,0,1286305.936,40,2002,40,4.04,47.73
103315,Active,566307,NA,NA,D,1,0,2227138.474,45,1995,35,4,5.98
103316,Active,205766,NA,NA,D,2,1,4378064.906,150,2001,12,53.94,51.99
103317,Active,607656,NA,NA,D,3,1,2463041.506,102.2,1997,28,4,49.61
103318,Active,557154,NA,NA,D,4,1,1768711.36,66.67,2007,12,4.99,95.99
103319,Active,2253499,NA,NA,D,4,1,620068.705,20.82,2008,43,7.47,24.25
103320,Active,503491,NA,NA,D,3,1,2397211.976,136,2002,17,5.11,56.49
103321,Active,2283212,NA,NA,D,0,0,1087977,0,2007,15,0,0
103322,Active,908484,NA,NA,D,0,0,2344089.563,38,2002,24,5.12,20.89
103323,Active,748018,NA,NA,D,4,1,9855006.5,36.95,1998,21,3.86,42.81
103324,Active,2598875,NA,NA,D,1,0,4493477.208,125,1994,15,6.38,72.18
103325,Active,3083819,NA,NA,D,0,0,2112268.61,229,2005,15,166.8,177.08
103326,Active,2402442,NA,NA,D,0,0,5656645.014,60.93,1973,24,4.09,25.99
103327,Active,2611532,NA,NA,D,0,0,2329528.283,64.99,2002,30,18.91,42.85
103328,Active,2390521,NA,NA,D,0,0,8898713.93,142.01,1971,17,4,63.37
103329,Active,2886878,NA,NA,D,1,0,370576.3213,58.66,1985,19,9.8,77.23
103330,Active,1471729,NA,NA,D,1,0,7501607.058,24.95,2008,13,18.67,134.17
103331,Active,2694016,NA,NA,D,1,0,1890115.968,28.95,2004,27,6.39,19.96
103332,Active,737542,NA,NA,D,1,0,2402135.276,75,2006,7,28.99,53.99
103333,Active,2472094,NA,NA,D,3,1,7186603.95,63,2004,1,12.49,0
103334,Active,1505884,NA,NA,D,1,0,2114765.401,35,2008,21,5.71,27.05
103335,Active,142879,NA,NA,D,4,1,3263343.44,26,2002,15,4,65.95
103336,Active,737270,NA,NA,D,4,1,2710781.063,26,2003,15,4.5,105.81
103337,Active,737271,NA,NA,D,4,1,2289232.984,32,2003,16,4.38,17.99
103338,Active,2597273,NA,NA,D,0,0,2340993.898,33.99,1991,41,4,20
103339,Active,897367,NA,NA,D,0,0,3131327.288,54.99,2006,14,35.64,46.03
103340,Active,904497,NA,NA,D,1,0,2694532.568,54.99,2006,16,22.11,45.77
103341,Active,280974,NA,NA,D,0,0,2764103.836,39.95,2001,21,4,31.61
103342,Active,1743206,NA,NA,D,1,0,1116708.345,0,2010,15,24.58,79.45
103343,Active,2325106,NA,NA,D,1,0,2471165.279,130.59,1972,22,35.09,130.55
103344,Active,1445351,NA,NA,D,2,1,3065771.004,130,2007,16,76.2,109.56
103345,Active,280252,NA,NA,D,1,0,2307263.101,69.95,2004,30,4,9.72
103346,Active,894271,NA,NA,D,0,0,4397842.8,75,1999,28,13.5,13.5
103347,Active,796226,NA,NA,D,0,0,1002821.238,49.95,2004,17,18.84,21.98
103348,Active,632495,NA,NA,D,0,0,1220307.656,189,2004,20,34.24,44.97
103349,Active,196350,NA,NA,D,1,0,4065995.82,37.95,2001,19,3.49,18.72
103350,Active,1592797,NA,NA,D,0,0,1315655.225,110,2007,28,18.76,32.69
103351,Active,913223,NA,NA,D,5,1,2131445.849,84,2003,23,4.45,29.34
103352,Active,706499,NA,NA,D,8,1,1324575.859,88,2001,31,4.11,15.84
103353,Active,3303645,NA,NA,D,0,0,836109,165.15,2004,16,0,0
103354,Active,3013001,NA,NA,D,2,1,2397587.146,46.95,1999,16,13.92,43.98
103355,Active,639981,NA,NA,D,0,0,1143857.301,129,2011,29,77.57,86
103356,Active,919395,NA,NA,D,1,0,1950308.205,39.95,2003,41,4,6.67
103357,Active,525721,NA,NA,D,9,1,344479.045,240.95,2012,22,107.11,325.85
103358,Active,398563,NA,NA,D,4,1,3077361.958,89.95,2007,13,32.96,89.95
103359,Active,893704,NA,NA,D,4,1,2326302.884,89.95,2010,16,18.3,68.41
103360,Active,405984,NA,NA,D,1,0,2178301.388,49.95,2006,26,4,5.6
103361,Active,869971,NA,NA,D,0,0,2641213.671,36.55,2004,23,4.97,36.57
103362,Active,115647,NA,NA,D,1,0,295468.2938,211.2,2006,65,29.09,163.69
103363,Active,643789,NA,NA,D,0,0,1993186.265,109,2005,22,8.94,39.77
103364,Active,1534223,NA,NA,D,0,0,1702965.66,179,2008,20,123.99,119.33
103365,Active,364962,NA,NA,D,0,0,3390854.596,90,2007,13,7.37,94.13
103366,Active,309088,NA,NA,D,1,0,1621010.218,43.99,2007,26,7.51,38.83
103367,Active,2698395,NA,NA,D,1,0,2606672.479,55.95,2004,18,6.98,37.2
103368,Active,634220,NA,NA,D,0,0,1375683.613,179,2008,54,44.18,102.1
103369,Active,3060509,NA,NA,D,0,0,841168.9838,24.95,2004,20,10.38,32.1
103370,Active,200193,NA,NA,D,1,0,837837.9025,91.95,2007,24,15.72,59.89
103371,Active,525719,NA,NA,D,2,1,325226.8088,96.95,2012,57,30.07,49.26
103372,Active,2415317,NA,NA,D,1,0,3413198.593,110,2004,16,5.58,26.99
103373,Active,3523569,NA,NA,D,1,0,1407825,45,1989,36,4,28.38
103374,Active,763210,NA,NA,D,1,0,3930559.396,95,2000,23,5.65,50.41
103375,Active,271020,NA,NA,D,2,1,1776950.164,80,2010,17,10.93,78.99
103376,Active,3787252,NA,NA,D,1,0,2881926.75,55,2000,22,4,68.31
103377,Active,762801,NA,NA,D,1,0,1382555.298,90,1997,22,11.59,13.94
103378,Active,3204976,NA,NA,D,0,0,3848998.403,262,2005,15,112.44,239.98
103379,Active,2578306,NA,NA,D,1,0,2479910.548,395,1985,16,5.28,57.75
103380,Active,621204,NA,NA,D,1,0,4227752.505,80.95,1995,21,4.26,12.91
103381,Active,831353,NA,NA,D,1,0,5712940.961,72.95,1990,14,25.48,99.55
103382,Active,2877202,NA,NA,D,2,1,1795934.075,190,1998,20,8.18,113.99
103383,Active,760751,NA,NA,D,1,0,1343260.596,110,2002,23,4.64,82.81
103384,Active,3148826,NA,NA,D,0,0,2302971.953,149,2003,25,58.94,104.05
103385,Active,901837,NA,NA,D,3,1,6578210.764,38.95,2006,19,5.21,46.26
103386,Active,525715,NA,NA,D,4,1,2894303.525,41.95,2009,15,6.38,17.91
103387,Active,506810,NA,NA,D,2,1,2610973.221,209.95,2010,11,110.08,139.89
103388,Active,506817,NA,NA,D,1,0,4471951.246,419.95,2005,12,24.25,35.79
103389,Active,2663725,NA,NA,D,1,0,2544221.5,399,2000,13,150.29,0
103390,Active,3022414,NA,NA,D,1,0,5236772.854,79.95,1996,16,9.39,35
103391,Active,543005,NA,NA,D,4,1,107978.3913,267.99,2009,33,97.76,160.76
103392,Active,248982,NA,NA,D,1,0,134271.125,82.95,2009,31,4.78,36.49
103393,Active,1534166,NA,NA,D,2,1,1951013.759,229,2012,18,102.14,83.19
103394,Active,2552073,NA,NA,D,3,1,3099535.369,215,1990,19,7.68,122.25
103395,Active,3601775,NA,NA,D,1,0,3367359.35,139.99,1997,17,37.58,123.94
103396,Active,2777263,NA,NA,D,0,0,3716343.29,56.25,1986,22,4,51.03
103397,Active,2814517,NA,NA,D,1,0,682989.7188,35,2002,22,29.39,93.94
103398,Active,2435224,NA,NA,D,1,0,2096615.211,56.95,1999,29,4,45
103399,Active,2572831,NA,NA,D,1,0,888316.1225,210,1989,22,36.55,102.08
103400,Active,1597932,NA,NA,D,1,0,879053.835,71.95,2010,39,4,33.99
103401,Active,576394,NA,NA,D,0,0,6764260.94,50.95,1999,18,4,18.99
103402,Active,2562240,NA,NA,D,2,1,1889038.661,78.89,1957,15,3.99,59.42
103403,Active,2354974,NA,NA,D,4,1,1536629.58,16.95,1995,21,5.85,22.38
103404,Active,651983,NA,NA,D,3,1,893692.2363,136,2007,15,72.9,92.76
103405,Active,2579370,NA,NA,D,1,0,5397236.584,198,1995,10,32.48,76.55
103406,Active,917563,NA,NA,D,1,0,865782.1813,63.9,1998,52,4,28.05
103407,Active,891280,NA,NA,D,2,1,3187804.499,66.25,1998,18,4,0
103408,Active,652830,NA,NA,D,0,0,914476.1863,44,2010,22,17.93,0
103409,Active,803523,NA,NA,D,0,0,1007830.446,29.95,2005,20,7.97,54.63
103410,Active,648664,NA,NA,D,0,0,1169281.344,55,2011,25,4,38.39
103411,Active,718830,NA,NA,D,0,0,976973.04,65,2005,23,8.69,45.75
103412,Active,564680,NA,NA,D,1,0,1947460.194,68.95,2007,20,16.93,68.94
103413,Active,300701,NA,NA,D,0,0,5727988.853,37.95,1999,15,5.48,70.15
103414,Active,2052030,NA,NA,D,1,0,2223183.679,50,2007,27,11.51,33.69
103415,Active,3200677,NA,NA,D,0,0,1489925.448,45,2002,32,8.51,20.49
103416,Active,454724,NA,NA,D,1,0,2605815.73,103,2006,20,5.88,48.77
103417,Active,564592,NA,NA,D,1,0,2457924.724,65.95,2006,25,4.63,37.99
103418,Active,1677843,NA,NA,D,0,0,4350650.339,158,2009,12,26.16,26.17
103419,Active,899668,NA,NA,D,0,0,2535216.116,135.95,2007,12,68.89,84.83
103420,Active,920979,NA,NA,D,0,0,1015887.525,89,2005,65,4.53,16.97
103421,Active,2225594,NA,NA,D,0,0,412778.3975,30.21,2012,13,26.99,25
103422,Active,909164,NA,NA,D,1,0,671858.0663,55.95,2008,34,11.4,53.81
103423,Active,631694,NA,NA,D,1,0,487860.0775,90,2008,39,6.38,52.79
103424,Active,661991,NA,NA,D,1,0,1554169.621,65,2013,13,38.99,48.94
103425,Active,618819,NA,NA,D,1,0,956030.87,85,2006,51,4,9.85
103426,Active,165974,NA,NA,D,0,0,2096762.899,165,2002,15,5.48,43.98
103427,Active,2438169,NA,NA,D,1,0,870110.2338,41.95,1995,46,7.49,24.66
103428,Active,3016701,NA,NA,D,2,1,342953.5725,56.25,1994,62,4,29.49
103429,Active,2525032,NA,NA,D,2,1,3328216.291,136.95,1992,13,16.58,65.09
103430,Active,2342879,NA,NA,D,1,0,1240915.316,111.75,1977,21,4,194.93
103431,Active,2340442,NA,NA,D,0,0,2085395.046,65,1991,21,9.6,64.17
103432,Active,2331644,NA,NA,D,1,0,2973546.93,75,1989,22,4.73,61.08
103433,Active,191148,NA,NA,D,0,0,2888394.546,89.95,2001,21,4.48,10.39
103434,Active,2675278,NA,NA,D,0,0,2594081.876,32.95,1981,15,5.81,83.26
103435,Active,2789374,NA,NA,D,0,0,518661.165,81,1993,50,21.11,40.97
103436,Active,118558,NA,NA,D,9,1,977606.0125,51.2,2006,18,11.14,75.43
103437,Active,2796051,NA,NA,D,0,0,4230135.885,86.21,1980,14,3.99,85.18
103438,Active,2578399,NA,NA,D,0,0,4924531.4,54.95,1989,18,5.45,164.65
103439,Active,2589686,NA,NA,D,1,0,4359559.689,85,1976,19,12.27,152.2
103440,Active,2179028,NA,NA,D,0,0,1878745.395,69.99,2008,46,51.57,44.68
103441,Active,278153,NA,NA,D,1,0,519533.2663,59.95,2006,57,3.98,15.06
103442,Active,1733240,NA,NA,D,1,0,1640059.995,80,2006,22,4.87,19.49
103443,Active,2783090,NA,NA,D,0,0,1523183.465,88,2001,23,16.31,83.1
103444,Active,1534096,NA,NA,D,0,0,1046272.476,199,2008,29,98.63,136.43
103445,Active,2851823,NA,NA,D,1,0,1990831.383,159.95,2005,14,100,144.27
103446,Active,374781,NA,NA,D,1,0,1005061.431,103.95,1998,21,8.28,57.99
103447,Active,2663288,NA,NA,D,0,0,3292372.121,54.95,1996,28,4,28.99
103448,Active,2173541,NA,NA,D,2,1,6080264.229,61.93,2008,16,4.64,60.63
103449,Active,872496,NA,NA,D,1,0,1095995.728,52.95,2002,31,4,27.93
103450,Active,2390619,NA,NA,D,0,0,2383250.719,59.13,1970,26,8.24,59.98
103451,Active,3202969,NA,NA,D,0,0,1204825.634,109,1982,30,23.49,70.25
103452,Active,261982,NA,NA,D,0,0,3478920.901,259.95,2005,10,164.29,294.38
103453,Active,583413,NA,NA,D,0,0,1557456.698,113,2008,23,47.79,153.85
103454,Active,2326449,NA,NA,D,2,1,8493710.044,66.25,1994,17,5.52,51.19
103455,Active,2408077,NA,NA,D,2,1,4810069.343,109,1994,17,6.36,18.99
103456,Active,665644,NA,NA,D,2,1,593192.6963,74.75,2009,16,18.32,101.81
103457,Active,885584,NA,NA,D,1,0,2481927.121,139.95,2010,12,23.89,68.97
103458,Active,189304,NA,NA,D,0,0,1557704.746,65,1997,28,10.34,43.77
103459,Active,200630,NA,NA,D,1,0,710341.2363,107.95,2010,46,4.63,12.37
103460,Active,2572345,NA,NA,D,1,0,4683363.501,139,1994,13,28.98,91.94
103461,Active,2562079,NA,NA,D,0,0,5896074.775,91.4,1983,11,3.99,89.53
103462,Active,2566286,NA,NA,D,1,0,2607032.245,105,1991,19,4.39,44.74
103463,Active,2256600,NA,NA,D,2,1,7066602.669,52.55,2008,29,12.96,51.6
103464,Active,2575306,NA,NA,D,5,1,5234667.235,67.99,1964,21,4,57.51
103465,Active,2868491,NA,NA,D,0,0,1036580.276,29.99,1997,22,6.34,20.57
103466,Active,636003,NA,NA,D,1,0,1941075.583,110,1997,22,30,97.65
103467,Active,3543299,NA,NA,D,1,0,4572051.4,79.95,2004,33,33.99,82.98
103468,Active,718066,NA,NA,D,1,0,1630722.733,120,1999,19,33.98,84.08
103469,Active,3576565,NA,NA,D,0,0,569106.05,60,1994,35,9.38,43.99
103470,Active,899558,NA,NA,D,1,0,1453942.01,159,2004,16,22.31,35.6
103471,Active,615392,NA,NA,D,1,0,1313864.01,65,1989,59,4,43.25
103472,Active,280659,NA,NA,D,0,0,891415.0325,109,2001,21,9.14,42.06
103473,Active,525681,NA,NA,D,1,0,742414.215,99.99,2011,39,25.69,70.54
103474,Active,2597907,NA,NA,D,0,0,2324424.549,144.99,1991,19,5.59,43.99
103475,Active,2178798,NA,NA,D,0,0,863684.5863,179,2008,15,101.99,91.54
103476,Active,1923650,NA,NA,D,0,0,2347867.334,229,2010,11,194.57,194.17
103477,Active,575671,NA,NA,D,2,1,719295.1563,48.95,2005,39,4,8.19
103478,Active,2565917,NA,NA,D,1,0,1217360.829,169.95,1981,33,6.39,51.98
103479,Active,3748359,NA,NA,D,0,0,918165.85,119,2013,58,91.28,91.22
103480,Active,2602693,NA,NA,D,0,0,5423407.821,99.99,1996,19,21.03,81.47
103481,Active,112989,NA,NA,D,6,1,669267.18,114,2000,24,25.94,133.76
103482,Active,2766243,NA,NA,D,0,0,1940187.334,249,1997,23,43.59,100.26
103483,Active,2868732,NA,NA,D,1,0,1129239.489,84.95,1998,31,5.66,20.01
103484,Active,2590895,NA,NA,D,0,0,2233068.391,140,1982,20,4,132.35
103485,Active,2341420,NA,NA,D,0,0,871937.505,57,1988,40,3.99,29.48
103486,Active,2010013,NA,NA,D,0,0,903793.5288,105,2009,19,46.9,129
103487,Active,2682147,NA,NA,D,3,1,5610064.143,180,2000,6,28.99,70.02
103488,Active,903341,NA,NA,D,4,1,5127898.813,35,2003,19,4,24
103489,Active,2877732,NA,NA,D,2,1,5618316.1,21.95,1999,14,6.78,133.53
103490,Active,585175,NA,NA,D,2,1,1801461.831,36.95,1999,32,8.1,23.99
103491,Active,3062635,NA,NA,D,1,0,1315178.523,35,2001,37,4,8.68
103492,Active,1658612,NA,NA,D,3,1,1439562.473,37.99,2011,7,9.64,675
103493,Active,1433609,NA,NA,D,0,0,247615.3463,14.99,2013,61,4,8.48
103494,Active,2618119,NA,NA,D,2,1,3543822.6,26.75,1991,21,4.66,86.85
103495,Active,139675,NA,NA,D,0,0,2201420.169,209,2002,20,24.98,18.99
103496,Active,2722214,NA,NA,D,0,0,1566481.97,89,2002,45,25.18,85.49
103497,Active,2613600,NA,NA,D,1,0,1445212.075,109.99,2002,50,9.94,9.99
103498,Active,144978,NA,NA,D,1,0,415121.6213,39.99,2006,46,4,8.48
103499,Active,1710734,NA,NA,D,0,0,1364734.16,70,2008,27,11.1,11.97
103500,Active,2453019,NA,NA,D,1,0,764878.0838,45,1996,30,13.99,78.97
103501,Active,2815502,NA,NA,D,0,0,1793617.864,65,1996,23,17.98,96.17
103502,Active,2608212,NA,NA,D,1,0,3256257.945,134.99,1998,21,18.83,117.05
103503,Active,632873,NA,NA,D,0,0,3034019.18,50,2005,28,5.25,10.49
103504,Active,2587831,NA,NA,D,1,0,4040733.233,39.5,1969,15,12.2,82.92
103505,Active,918857,NA,NA,D,0,0,972373.0288,39.95,2002,46,4,33.97
103506,Active,555800,NA,NA,D,1,0,931840.2425,39.95,2010,27,13.49,18.62
103507,Active,1493781,NA,NA,D,0,0,1340746.414,75,2007,24,8.97,48.94
103508,Active,882144,NA,NA,D,1,0,4255795.351,57.95,1994,10,5.47,12.53
103509,Active,618339,NA,NA,D,1,0,2124826.233,11.74,1999,22,4,9.49
103510,Active,3802455,NA,NA,D,0,0,856455.15,49.99,2014,55,22.93,31.23
103511,Active,2205648,NA,NA,D,0,0,785051.9775,39.99,2009,55,7.62,53.93
103512,Active,260423,NA,NA,D,2,1,315169.9988,69,2003,55,3.44,0
103513,Active,568815,NA,NA,D,0,0,897919.3925,46.25,2004,27,15,23.12
103514,Active,3590259,NA,NA,D,0,0,9635975.55,0,2000,1,38.99,0
103515,Active,887974,NA,NA,D,0,0,9301899.474,84,2003,9,5.75,22.93
103516,Active,164800,NA,NA,D,3,1,5604247.485,175,1999,12,8.15,51.97
103517,Active,228091,NA,NA,D,7,1,2328914.676,68.75,2005,17,4,40.78
103518,Active,643352,NA,NA,D,0,0,5981931.073,97,2003,12,8.51,28.99
103519,Active,642714,NA,NA,D,22,1,3715653.76,97,2002,17,8.37,52.99
103520,Active,110631,NA,NA,D,1,0,1649083.094,72.5,2009,41,4,41.07
103521,Active,3503186,NA,NA,D,2,1,5468227.85,99,2001,23,4.57,23.89
103522,Active,623226,NA,NA,D,0,0,1272354.315,120,2009,26,19.98,24
103523,Active,2608235,NA,NA,D,0,0,3148972.565,125,1999,39,22.2,32.07
103524,Active,862888,NA,NA,D,2,1,9623693.971,57.5,2000,13,4,6.94
103525,Active,700831,NA,NA,D,1,0,803040.4388,227,2009,32,21.95,0
103526,Active,893326,NA,NA,D,0,0,1054071.204,88.99,2010,20,5.97,27.54
103527,Active,662797,NA,NA,D,0,0,1154192.421,32.95,2003,15,27.44,28.94
103528,Active,2290025,NA,NA,D,2,1,115909,66.57,1900,18,0,0
103529,Active,256802,NA,NA,D,1,0,629414.7438,37.95,2001,31,4,12.34
103530,Active,549908,NA,NA,D,1,0,148754.925,193.5,2010,79,5.16,111.39
103531,Active,700638,NA,NA,D,2,1,1715900.048,42.81,2005,17,4,42.81
103532,Active,700459,NA,NA,D,2,1,2039247.783,31.95,2003,18,73.75,110
103533,Active,1522569,NA,NA,D,0,0,4335443.645,252.12,2007,13,24.49,73.07
103534,Active,1522568,NA,NA,D,0,0,4505485.043,25.89,2007,15,9.33,25.89
103535,Active,759999,NA,NA,D,2,1,1808616.371,56.95,2003,18,4.72,285.69
103536,Active,2540611,NA,NA,D,2,1,1070514.445,55.95,2002,19,4.98,46.36
103537,Active,3014119,NA,NA,D,0,0,1569402.521,39,1995,17,4,29.98
103538,Active,704732,NA,NA,D,7,1,2982171.491,4.96,2004,71,4,4.96
103539,Active,2700307,NA,NA,D,1,0,2675840.449,47.5,2001,14,4.96,47.5
103540,Active,291664,NA,NA,D,2,1,2404506.254,113.75,1998,19,4.58,81.8
103541,Active,911742,NA,NA,D,0,0,698636.1225,69.95,2003,20,16.28,113.35
103542,Active,2631488,NA,NA,D,1,0,3648256.808,48.33,2001,23,4.26,27
103543,Active,2631476,NA,NA,D,1,0,2478167.501,47.07,2001,14,16.08,20.97
103544,Active,914200,NA,NA,D,1,0,7771271.733,55,1999,19,5.57,13.94
103545,Active,2771910,NA,NA,D,0,0,1855520.285,19.99,1995,17,8.27,34.39
103546,Active,1522766,NA,NA,D,2,1,8013116.474,62.5,2008,13,5.97,68.87
103547,Active,583525,NA,NA,D,1,0,892148.1688,169.95,1999,23,8.48,73.53
103548,Active,868001,NA,NA,D,1,0,764277.3175,86.62,1991,28,4.7,86.62
103549,Active,574853,NA,NA,D,2,1,1805754.044,30,2003,54,4,6.62
103550,Active,893989,NA,NA,D,0,0,3131735.819,42.95,2005,16,4,67.69
103551,Active,222350,NA,NA,D,1,0,2655006.384,55,2006,21,4,13.98
103552,Active,575998,NA,NA,D,1,0,1468194.26,121.73,2010,14,14.04,14.86
103553,Active,592104,NA,NA,D,0,0,576422.3388,87,2008,45,29.57,30.91
103554,Active,222326,NA,NA,D,1,0,2227039.723,65,2005,25,4,30.98
103555,Active,635826,NA,NA,D,1,0,1173433.62,86.24,2000,34,4,62.59
103556,Active,868356,NA,NA,D,1,0,588238.7475,149.95,2007,29,4.94,7.87
103557,Active,599651,NA,NA,D,0,0,1346964.524,47.95,2010,34,4.32,15.77
103558,Active,224624,NA,NA,D,0,0,2464399.963,45,2003,21,4,7.15
103559,Active,793626,NA,NA,D,0,0,1526124.286,42.95,2006,39,4,35.98
103560,Active,3084130,NA,NA,D,0,0,2785679.63,54.95,2004,13,13.46,93.31
103561,Active,1547345,NA,NA,D,0,0,2154564.464,40.95,2010,28,5.34,13.61
103562,Active,3474394,NA,NA,D,2,1,4338605.45,95,1995,18,4,26.57
103563,Active,584868,NA,NA,D,0,0,3165775.67,32,1997,24,4,31.51
103564,Active,3615507,NA,NA,D,3,1,1230293.3,29.95,1989,22,23.99,216.03
103565,Active,239633,NA,NA,D,0,0,831521.3525,42.5,1996,37,9.73,52.08
103566,Active,1854117,NA,NA,D,0,0,3011303.689,103,2006,14,13.79,97.55
103567,Active,1845634,NA,NA,D,0,0,6553512.973,51.99,2009,13,22.08,174.85
103568,Active,793642,NA,NA,D,0,0,1563367.18,52.95,2004,18,5.14,11.29
103569,Active,793641,NA,NA,D,0,0,5678052.42,140,2004,17,53.07,123.97
103570,Active,890087,NA,NA,D,1,0,1304966.224,74,2007,13,9.42,110.45
103571,Active,2256327,NA,NA,D,2,1,561582.49,188.48,2008,30,78.46,254.1
103572,Active,2880364,NA,NA,D,3,1,2004943.031,63.9,1995,21,4,104.76
103573,Active,247687,NA,NA,D,0,0,1020958.183,84.95,2007,34,4,15.72
103574,Active,158151,NA,NA,D,1,0,698766.3138,56.95,2007,54,4,26.39
103575,Active,2236529,NA,NA,D,0,0,2011201.543,54,2007,13,51.3,54
103576,Active,132078,NA,NA,D,2,1,2899122.916,117.2,2005,19,4,4.99
103577,Active,1541135,NA,NA,D,3,1,1342359.754,44.95,2010,15,4.97,33.93
103578,Active,2118626,NA,NA,D,2,1,4503471.864,37.95,2006,14,4.64,72.87
103579,Active,322514,NA,NA,D,2,1,754709.2175,107.2,1998,56,4,0
103580,Active,843843,NA,NA,D,0,0,4910993.909,67.53,1985,17,4,54.63
103581,Active,1954060,NA,NA,D,2,1,1789355.718,82,2012,17,4.98,48.79
103582,Active,918193,NA,NA,D,1,0,1188661.303,35,2002,29,4,4
103583,Active,1658670,NA,NA,D,1,0,1095835.609,52,2011,19,4.47,21.99
103584,Active,2385208,NA,NA,D,1,0,1239846.734,51.6,1996,37,4,32.49
103585,Active,635661,NA,NA,D,1,0,130822.6338,56.95,2012,36,32.73,41.45
103586,Active,2490906,NA,NA,D,1,0,5222901.67,55.95,2003,24,4,38.83
103587,Active,915963,NA,NA,D,1,0,4012121.15,114.95,1999,18,4.85,4.86
103588,Active,2259572,NA,NA,D,4,1,855439.39,122.95,2007,34,7.35,75.07
103589,Active,919372,NA,NA,D,0,0,1124693.106,41.95,1996,39,4,12.98
103590,Active,2249671,NA,NA,D,0,0,11171837.47,84.64,2006,25,32.8,84.63
103591,Active,2256025,NA,NA,D,7,1,7246550.979,43.44,2011,39,8.58,32.59
103592,Active,919550,NA,NA,D,2,1,303109.9075,100.5,1997,46,4.73,29.23
103593,Active,710959,NA,NA,D,1,0,794640.9088,115,2000,22,8.39,64.15
103594,Active,621561,NA,NA,D,3,1,3833033.736,134.31,1985,17,4.33,125.09
103595,Active,766231,NA,NA,D,2,1,1302404.898,103.95,2004,29,4.14,5.68
103596,Active,869578,NA,NA,D,4,1,9067241.741,52.9,1993,19,4,28.99
103597,Active,175930,NA,NA,D,1,0,2215524.71,164.99,2008,23,13.59,45
103598,Active,2434664,NA,NA,D,0,0,2043077.053,84.95,1986,23,9.93,77.68
103599,Active,2434510,NA,NA,D,2,1,4630500.485,29.95,1968,29,3.66,44.67
103600,Active,2334450,NA,NA,D,3,1,3452495.06,103.95,1980,20,4,103.95
103601,Active,105901,NA,NA,D,5,1,1389681.418,84.95,2003,19,34.21,91.32
103602,Active,632719,NA,NA,D,0,0,1136239.43,48.95,2004,27,13.66,0
103603,Active,375373,NA,NA,D,0,0,577385.2088,29.95,1995,32,4,23.93
103604,Active,639124,NA,NA,D,0,0,2355386.97,249,2003,27,13.63,99.82
103605,Active,3062660,NA,NA,D,2,1,550399.1525,80,2000,45,4,5.73
103606,Active,213008,NA,NA,D,2,1,2222609.863,56.95,2001,18,21.74,45.98
103607,Active,2801904,NA,NA,D,0,0,9559594.976,69.95,1995,11,18.35,0
103608,Active,2783083,NA,NA,D,1,0,2087036.261,58,2000,16,23.98,58
103609,Active,2608370,NA,NA,D,1,0,3975860.754,88.99,2000,14,19.71,63.63
103610,Active,3089359,NA,NA,D,0,0,7738111.695,13.28,2004,16,6.97,6.49
103611,Active,1976849,NA,NA,D,0,0,1991981.094,40,2012,14,3.43,38.8
103612,Active,771199,NA,NA,D,3,1,9316607.961,88.95,2003,10,4.27,11.39
103613,Active,618400,NA,NA,D,0,0,799904.7163,91.6,2004,32,4,10.73
103614,Active,2614508,NA,NA,D,0,0,2302699.479,110,2004,26,11.23,11.24
103615,Active,112208,NA,NA,D,5,1,523461.3138,77.75,2003,41,7.97,13.93
103616,Active,913397,NA,NA,D,1,0,1459860.596,210.95,2003,21,13.97,23.98
103617,Active,591326,NA,NA,D,1,0,760791.6125,195.95,2004,32,4.78,151.23
103618,Active,1609722,NA,NA,D,1,0,3951488.393,68.2,2008,24,5.08,62.11
103619,Active,905736,NA,NA,D,1,0,2212547.905,94.95,2000,19,28.31,109.39
103620,Active,1856845,NA,NA,D,0,0,188395.5788,39.99,2013,16,18.29,29.31
103621,Active,2090191,NA,NA,D,1,0,114256.1913,17.99,2012,30,9.53,10.98
103622,Active,2563243,NA,NA,D,3,1,3048367.188,135,1996,29,4,24.84
103623,Active,748915,NA,NA,D,0,0,1942658.518,99.95,2007,22,4.13,150.59
103624,Active,130153,NA,NA,D,1,0,810378.92,54.99,2002,40,4,12.58
103625,Active,824975,NA,NA,D,1,0,3595929.716,34.95,1996,19,5.35,28.99
103626,Active,902502,NA,NA,D,1,0,695162.765,80.95,1993,23,6.12,17.48
103627,Active,792886,NA,NA,D,2,1,3020622.689,44.95,1997,24,4,13.94
103628,Active,2598529,NA,NA,D,1,0,2435074.004,140,1993,22,15.94,63.58
103629,Active,656485,NA,NA,D,1,0,2062144.364,57,2009,11,7.79,59.85
103630,Active,213098,NA,NA,D,0,0,1302716.931,41.95,2004,24,33.33,0
103631,Active,794430,NA,NA,D,1,0,2668791.228,44.95,2007,23,18.29,33.99
103632,Active,1450857,NA,NA,D,1,0,5310799.81,61,2012,5,5.86,9.98
103633,Active,261780,NA,NA,D,1,0,1577501.38,56.95,2000,49,4,20.98
103634,Active,2528992,NA,NA,D,0,0,6012619.648,33.95,1995,14,4.77,33.95
103635,Active,2322313,NA,NA,D,0,0,1514653.408,35.5,1984,25,4.89,62.48
103636,Active,1534005,NA,NA,D,0,0,2393922.643,179,2009,21,105.34,57.33
103637,Active,2600803,NA,NA,D,0,0,4323710.129,83.99,1998,13,41.83,90.63
103638,Active,2177548,NA,NA,D,0,0,1178003.468,59.95,2009,23,32.4,38.26
103639,Active,2316917,NA,NA,D,1,0,2813599.133,68.95,1991,24,4,37.15
103640,Active,2795272,NA,NA,D,2,1,1638788.589,80,1987,47,4,51.03
103641,Active,276740,NA,NA,D,1,0,748625.1538,50,1998,35,23.98,175.99
103642,Active,2938735,NA,NA,D,1,0,3281525.303,115,2004,17,17.47,54.08
103643,Active,2463751,NA,NA,D,0,0,1157484.245,54.63,1977,29,4.4,19.99
103644,Active,607062,NA,NA,D,2,1,2595239.509,7.69,2005,34,4,7.69
103645,Active,671346,NA,NA,D,0,0,1610204.849,44,2005,49,4,13.98
103646,Active,569276,NA,NA,D,1,0,2219826.608,99.99,2008,17,17.02,25.99
103647,Active,2722212,NA,NA,D,0,0,2500103.408,53.95,2002,26,4,5.98
103648,Active,286162,NA,NA,D,4,1,2537920.713,67,2005,37,3.99,9.97
103649,Active,574270,NA,NA,D,1,0,3174507.224,49.95,2001,28,4,9.96
103650,Active,1426298,NA,NA,D,1,0,5552978.52,80,2008,32,7.9,24.99
103651,Active,2719913,NA,NA,D,2,1,1410011.541,58.5,1999,19,6.47,59.46
103652,Active,2782655,NA,NA,D,0,0,1607596.45,43,1998,28,4.6,21.31
103653,Active,2299631,NA,NA,D,0,0,577036,0,1900,8,0,0
103654,Active,3481944,NA,NA,D,1,0,2295039.8,203,1992,44,33.01,106.7
103655,Active,226115,NA,NA,D,4,1,2342707.488,119.95,2006,10,73.41,127.71
103656,Active,2043045,NA,NA,D,1,0,3008995.53,69.95,2007,14,4.05,100.05
103657,Active,635179,NA,NA,D,3,1,666847.6863,109,2008,44,69.57,89.03
103658,Active,2570076,NA,NA,D,0,0,831037.6863,269.56,1959,13,16.97,2415
103659,Active,3076844,NA,NA,D,1,0,2537868.524,109.95,2002,19,52.61,103.99
103660,Active,904926,NA,NA,D,5,1,5913511.333,143.45,2002,14,4,72.39
103661,Active,2487340,NA,NA,D,3,1,6193957.239,22.95,2004,12,7.78,26.93
103662,Active,744635,NA,NA,D,2,1,2730340.624,49.95,2003,21,4.26,60.85
103663,Active,2022930,NA,NA,D,0,0,2488851.803,59.95,2007,20,5.84,58.99
103664,Active,3792354,NA,NA,D,0,0,8411475.25,59.95,2007,16,31.98,397.53
103665,Active,2022890,NA,NA,D,0,0,1812986.766,73.5,2008,21,12.72,72.91
103666,Active,739153,NA,NA,D,0,0,9415650.07,50,2000,15,4.15,48.09
103667,Active,393980,NA,NA,D,1,0,5472038.459,105,2000,23,5.53,97.97
103668,Active,2823028,NA,NA,D,3,1,6905480.9,250,1994,12,106.61,0
103669,Active,2572336,NA,NA,D,1,0,4677218.49,105,1995,26,4.75,21.98
103670,Active,2560466,NA,NA,D,0,0,12998026.76,56.99,1982,7,5.98,56.99
103671,Active,1741760,NA,NA,D,1,0,689417.245,49.95,2007,51,4,12.17
103672,Active,2551961,NA,NA,D,0,0,4807563.784,95,1988,13,25.72,0
103673,Active,2146739,NA,NA,D,2,1,5299694.69,65,2006,16,12.06,12.79
103674,Active,656570,NA,NA,D,0,0,9761013.629,159,2001,10,9.18,67.73
103675,Active,763209,NA,NA,D,0,0,4174826.733,270,2004,18,6.78,47.62
103676,Active,2337013,NA,NA,D,4,1,1021010.296,811.91,1968,10,49.98,675
103677,Active,105861,NA,NA,D,2,1,3591477.424,325,2004,13,18.39,76.2
103678,Active,1592482,NA,NA,D,1,0,2510424.189,111,2007,20,29.57,71.64
103679,Active,2663906,NA,NA,D,0,0,3261462.595,125,1992,28,5.35,21.76
103680,Active,719859,NA,NA,D,4,1,1953561.533,34.5,2000,25,4,44.51
103681,Active,629365,NA,NA,D,1,0,1585945.779,75,2008,22,5.63,0
103682,Active,718837,NA,NA,D,2,1,4387716.03,65,1997,24,4,42.9
103683,Active,243424,NA,NA,D,0,0,295613.6725,271.03,2005,15,136.42,0
103684,Active,788879,NA,NA,D,3,1,4454783.128,39.95,2001,11,4.24,319.35
103685,Active,897807,NA,NA,D,0,0,8041070.438,0,2006,21,6.49,60.78
103686,Active,525551,NA,NA,D,6,1,1254133.348,299,2011,15,65.69,42.99
103687,Active,2551535,NA,NA,D,3,1,955346.6263,275,2005,13,115.99,2310.65
103688,Active,1591956,NA,NA,D,1,0,7052377.489,353,2006,9,73.94,103.99
103689,Active,1592683,NA,NA,D,1,0,2578221.285,223,2006,18,11.52,25.44
103690,Active,640713,NA,NA,D,1,0,3895155.688,75.95,2008,13,6.39,30.33
103691,Active,899560,NA,NA,D,1,0,2465654.216,239.95,2006,17,53.42,135.99
103692,Active,634199,NA,NA,D,1,0,1602979.956,154.95,2009,23,27.81,132.77
103693,Active,1839102,NA,NA,D,2,1,3311527.36,705,2006,6,178.6,253.99
103694,Active,525549,NA,NA,D,6,1,288895.7875,275.99,2010,23,51.84,213.99
103695,Active,2663420,NA,NA,D,0,0,3834977.586,199,1997,19,13.88,62.28
103696,Active,635066,NA,NA,D,6,1,1310021.25,245,2010,20,46.94,141.9
103697,Active,3118401,NA,NA,D,1,0,5304313.396,259.95,2003,14,35.82,124.25
103698,Active,161528,NA,NA,D,1,0,2655061.56,199,2007,19,4.77,58.94
103699,Active,748751,NA,NA,D,1,0,1694292.331,94,2007,20,5.12,65.82
103700,Active,1522631,NA,NA,D,2,1,2967636.12,210,2008,16,45.24,131.98
103701,Active,2779153,NA,NA,D,2,1,4609203.076,105,1996,26,5.19,27.9
103702,Active,804072,NA,NA,D,8,1,1206027.691,427.95,2008,15,40.66,149.98
103703,Active,2336213,NA,NA,D,1,0,5629641.214,498.75,1997,10,85.98,143.94
103704,Active,1586685,NA,NA,D,1,0,3492111.405,140,2009,17,8.14,13.76
103705,Active,513452,NA,NA,D,0,0,3690573.044,136,2009,11,41.97,111.69
103706,Active,631061,NA,NA,D,6,1,7064559.288,109,1996,23,5,43.96
103707,Active,265292,NA,NA,D,2,1,1659429.898,134,2004,19,43.99,99.13
103708,Active,161457,NA,NA,D,3,1,4336273.963,552,2006,15,9.63,75.69
103709,Active,901951,NA,NA,D,3,1,8396268.12,149,2001,19,8.9,52.24
103710,Active,277140,NA,NA,D,1,0,2608294.323,85,2004,19,4.95,44.09
103711,Active,2330875,NA,NA,D,0,0,3268712.791,0,1970,14,4,326.91
103712,Active,1472621,NA,NA,D,10,1,5401443.075,70,2009,22,4.97,106.81
103713,Active,1475066,NA,NA,D,11,1,6549856.323,65,2011,29,4.98,53.06
103714,Active,896168,NA,NA,D,6,1,4453785.965,65,2008,22,6.22,72.95
103715,Active,557150,NA,NA,D,1,0,7133233.771,40.6,2002,16,4,76.99
103716,Active,245152,NA,NA,D,0,0,538926.545,157.95,2003,19,47.37,235.41
103717,Active,2138503,NA,NA,D,0,0,6330823.673,70,2006,10,6.38,63.22
103718,Active,1720272,NA,NA,D,0,0,1946160.313,22.99,2007,32,4,10.42
103719,Active,914686,NA,NA,D,1,0,4540896.978,57.95,1998,29,4.98,39.74
103720,Active,2595471,NA,NA,D,1,0,1817875.84,99.99,1989,20,12.57,75.59
103721,Active,2613996,NA,NA,D,0,0,6334575.071,119.99,2003,23,4.97,10.87
103722,Active,916922,NA,NA,D,3,1,941904.3913,54,1999,31,4,39.99
103723,Active,755753,NA,NA,D,1,0,4146432.5,130,2004,31,4,26.37
103724,Active,867627,NA,NA,D,23,1,473039.1763,199.99,2015,14,85.99,138.86
103725,Active,623597,NA,NA,D,1,0,1128922.173,77.5,2006,27,4.02,4.02
103726,Active,789080,NA,NA,D,1,0,2801675.901,99.95,2001,26,7.12,57.17
103727,Active,652131,NA,NA,D,1,0,2060885.734,75,1997,25,5.74,22.91
103728,Active,2382035,NA,NA,D,2,1,2412809.715,120,1997,23,4,26.74
103729,Active,599186,NA,NA,D,0,0,811097.8375,37.74,2009,15,4.1,52.98
103730,Active,2693620,NA,NA,D,0,0,965832.7163,32,2002,37,8.23,16.94
103731,Active,2666477,NA,NA,D,1,0,2287120.511,19.95,1999,93,3.9,7.68
103732,Active,919956,NA,NA,D,1,0,1624849.734,47,1998,45,4,6.98
103733,Active,126957,NA,NA,D,0,0,1512055.918,29.99,2002,31,4,65.89
103734,Active,3947939,NA,NA,D,1,0,1911226.8,349,1979,50,97.81,255.1
103735,Active,641399,NA,NA,D,0,0,2238611.874,179,1979,20,44.49,180.96
103736,Active,884890,NA,NA,D,0,0,8486546.983,140,2008,11,22.38,98.23
103737,Active,2897698,NA,NA,D,0,0,562525.525,49.95,1999,100,4,24.83
103738,Active,758647,NA,NA,D,0,0,696932.8788,49.95,1998,19,4.24,0
103739,Active,166943,NA,NA,D,2,1,2132875.898,55,2005,25,7.04,22.83
103740,Active,1957152,NA,NA,D,2,1,652151.8663,71.76,2013,11,42.59,144.55
103741,Active,914019,NA,NA,D,1,0,2482684.625,39.95,2007,36,4,8.99
103742,Active,917029,NA,NA,D,1,0,1011551.494,30,2000,29,4,13.59
103743,Active,912562,NA,NA,D,0,0,1068478.751,68,1977,35,3.99,27.71
103744,Active,3514179,NA,NA,D,0,0,3320602.15,359,1997,16,10.04,50.63
103745,Active,2080464,NA,NA,D,0,0,1318454.726,98,2011,28,6.99,69.64
103746,Active,2364386,NA,NA,D,1,0,1312633.749,189.56,1977,17,33.87,152.12
103747,Active,427334,NA,NA,D,1,0,3027009.925,105,2012,14,29.98,37.94
103748,Active,2614793,NA,NA,D,0,0,1461937.108,99.99,2005,24,28.49,88.03
103749,Active,222320,NA,NA,D,1,0,1794778.521,69,2007,19,4,16.98
103750,Active,914496,NA,NA,D,0,0,1148715.678,55,2010,28,4.71,0
103751,Active,915461,NA,NA,D,0,0,376466.1875,85,2009,39,12.79,31.76
103752,Active,732479,NA,NA,D,1,0,1691358.289,120,2002,23,9.06,61.05
103753,Active,2821861,NA,NA,D,0,0,754097.56,47.5,2003,33,4.78,31.49
103754,Active,912051,NA,NA,D,1,0,1706409.463,24.95,2002,25,4.21,4.97
103755,Active,2534924,NA,NA,D,0,0,4704232.869,210,2000,10,33.1,132.88
103756,Active,261426,NA,NA,D,3,1,1875943.075,39,2003,39,4,26.74
103757,Active,217106,NA,NA,D,0,0,1869604.853,64.95,2007,56,7.81,9.74
103758,Active,724255,NA,NA,D,0,0,545620.6113,51,2012,12,26.62,0
103759,Active,2594230,NA,NA,D,0,0,2382779.835,159.99,1986,18,4,87.99
103760,Active,725716,NA,NA,D,2,1,4412928.155,101.85,2001,13,10.42,72.77
103761,Active,1470050,NA,NA,D,1,0,3432671.884,199,2006,22,40.54,47.87
103762,Active,612682,NA,NA,D,1,0,1197636.028,49.95,2013,45,21.48,26.23
103763,Active,227977,NA,NA,D,1,0,438830.8313,45,2003,23,21.17,53.87
103764,Active,617477,NA,NA,D,1,0,361119.0388,49.95,1991,40,10.91,46.45
103765,Active,3843104,NA,NA,D,2,1,8039726.9,59.95,1998,19,24.38,44.76
103766,Active,633122,NA,NA,D,0,0,2099159.51,179,2001,20,75.14,60.4
103767,Active,2419595,NA,NA,D,1,0,4116896.013,155,2005,19,36.99,87.85
103768,Active,758937,NA,NA,D,0,0,1349331.189,85,2000,33,4.92,39.19
103769,Active,914073,NA,NA,D,0,0,2546607.185,94.95,2007,19,4,64.95
103770,Active,918808,NA,NA,D,3,1,453838.23,79.95,2010,24,10.99,14.98
103771,Active,3063465,NA,NA,D,1,0,3472359.848,45,2001,16,24.05,48.99
103772,Active,550184,NA,NA,D,1,0,1309087.566,235.67,2009,17,9.89,88.87
103773,Active,577702,NA,NA,D,4,1,1746799.428,65,2002,48,4,5.16
103774,Active,158268,NA,NA,D,0,0,1093867.57,49.95,2006,20,4,45.83
103775,Active,158123,NA,NA,D,1,0,792903.61,39.95,2006,35,4,10.5
103776,Active,720690,NA,NA,D,1,0,464352.2525,74,2003,24,4,21.99
103777,Active,1693735,NA,NA,D,1,0,1915082.019,50,2006,18,14.16,56.89
103778,Active,2505624,NA,NA,D,1,0,2466854.665,84.03,1973,41,5.14,49.97
103779,Active,2594664,NA,NA,D,1,0,1902592.099,149.99,1987,20,8.89,66.19
103780,Active,104519,NA,NA,D,5,1,2537018.884,45.5,1998,22,4,17.65
103781,Active,2890850,NA,NA,D,0,0,1070306.94,14.95,1988,47,7.96,18.98
103782,Active,901489,NA,NA,D,0,0,3204081.659,375.91,1997,12,4,44.59
103783,Active,2609959,NA,NA,D,0,0,1002855.574,124.99,1999,17,28.93,79.88
103784,Active,1479890,NA,NA,D,1,0,2638709.658,95,2013,16,18.94,35.97
103785,Active,903510,NA,NA,D,0,0,3477779.09,88.95,2003,11,4.58,10.48
103786,Active,3529864,NA,NA,D,1,0,2282107.1,125,2007,42,21.99,61.94
103787,Active,879794,NA,NA,D,14,1,394952.9338,105.95,2010,94,4.05,22.98
103788,Active,2652655,NA,NA,D,8,1,7980948.679,125.56,1987,11,8.73,105.9
103789,Active,769873,NA,NA,D,1,0,2248476.46,89.95,2002,50,4,72.41
103790,Active,807824,NA,NA,D,0,0,982676.7188,69.99,2009,40,11.72,21.97
103791,Active,3800410,NA,NA,D,0,0,1534354.35,44.99,2012,37,28.74,33.06
103792,Active,862342,NA,NA,D,14,1,41103.1225,256.95,2014,74,6.69,103.99
103793,Active,709139,NA,NA,D,1,0,1684635.78,11.36,2007,16,6.74,6.74
103794,Active,2571290,NA,NA,D,1,0,3834448.485,310,1992,18,28.79,75.33
103795,Active,1541460,NA,NA,D,0,0,1364995.485,54.95,2008,14,40.28,45.6
103796,Active,1588085,NA,NA,D,1,0,6561494.236,77.99,2006,15,22.81,93.68
103797,Active,3484085,NA,NA,D,1,0,5006525.4,135,2010,29,43.03,96.96
103798,Active,2322906,NA,NA,D,1,0,2006630.959,79.95,1995,20,4.78,60.99
103799,Active,904244,NA,NA,D,1,0,917115.2938,248,1959,32,7.95,59.99
103800,Active,2444058,NA,NA,D,0,0,820395.3225,37.99,1970,36,9.94,64.47
103801,Active,3498941,NA,NA,D,1,0,3142087.5,39.99,1994,25,11,61.63
103802,Active,645006,NA,NA,D,0,0,2149789.988,55,2004,19,5.99,33.98
103803,Active,267785,NA,NA,D,0,0,499459.6163,45,2007,26,10.71,20.99
103804,Active,1472462,NA,NA,D,1,0,1101879.824,180,2010,15,39.24,100.46
103805,Active,2700339,NA,NA,D,0,0,4333890.705,27.95,2002,17,4.77,46.01
103806,Active,573715,NA,NA,D,0,0,246732.05,39.95,1976,49,4.15,17.94
103807,Active,3528412,NA,NA,D,1,0,957595.95,48.95,2007,47,8.88,32.4
103808,Active,746308,NA,NA,D,0,0,559780.1613,35,2004,43,4.93,18.98
103809,Active,584408,NA,NA,D,1,0,589549.585,80,1983,83,5.97,53.98
103810,Active,1660140,NA,NA,D,0,0,1300486.993,61,2009,20,14.71,56.23
103811,Active,2600795,NA,NA,D,1,0,3299755.426,209.99,1997,20,32.78,87.41
103812,Active,184316,NA,NA,D,1,0,1244335.058,33.95,2000,35,4.88,9.81
103813,Active,2530309,NA,NA,D,0,0,2017745.783,47.95,1996,19,8.28,47.95
103814,Active,214470,NA,NA,D,1,0,2137288.31,69.95,2001,19,23.98,48.86
103815,Active,660025,NA,NA,D,0,0,3006595.536,39.95,2010,14,4,65.25
103816,Active,2158520,NA,NA,D,0,0,103169.6163,36.95,2011,44,25.41,28.51
103817,Active,3480562,NA,NA,D,0,0,3598887.2,55,1989,16,49.72,149.92
103818,Active,893392,NA,NA,D,1,0,945755.9463,2441.08,1982,26,5.41,260.55
103819,Active,893996,NA,NA,D,1,0,3510109.004,150,2008,12,13.94,126.07
103820,Active,1902216,NA,NA,D,0,0,642222.3238,54.98,2008,18,38.99,41.22
103821,Active,2700723,NA,NA,D,0,0,8159642.016,45,2005,8,112.12,28.87
103822,Active,1592555,NA,NA,D,0,0,4176548.913,108,2006,15,12.55,13.94
103823,Active,906314,NA,NA,D,2,1,5517607.114,25.95,1997,26,4.21,50.44
103824,Active,2605457,NA,NA,D,0,0,2050577.92,84.99,1999,18,23.94,81.82
103825,Active,156650,NA,NA,D,0,0,3311785.956,49.95,1998,28,5.93,38.66
103826,Active,671767,NA,NA,D,0,0,686432.4288,52.95,2007,24,8.94,45.99
103827,Active,226345,NA,NA,D,0,0,2507544.271,60,1998,18,4.98,58.67
103828,Active,168491,NA,NA,D,0,0,243607.7975,15.95,1996,37,8.42,11.62
103829,Active,2940757,NA,NA,D,9,1,8726871.713,82.99,2005,14,6.97,45.13
103830,Active,532763,NA,NA,D,10,1,2493465.144,72.95,2010,24,14.08,64.6
103831,Active,2649914,NA,NA,D,1,0,5734571.383,181.95,2002,12,35.87,253.99
103832,Active,167348,NA,NA,D,0,0,2587978.283,95,2006,19,22.23,52.28
103833,Active,760589,NA,NA,D,0,0,3005780.879,95,2004,16,4,43.98
103834,Active,1581169,NA,NA,D,1,0,2583722.178,74.99,2009,10,16.88,60.97
103835,Active,277614,NA,NA,D,0,0,920011.7163,30,2001,39,6.07,28.5
103836,Active,2594760,NA,NA,D,1,0,5647351.525,140,1997,19,6.76,125.91
103837,Active,152455,NA,NA,D,0,0,1407854.645,59.99,2007,22,31.99,44.97
103838,Active,639865,NA,NA,D,1,0,912681.6625,44,2012,32,12.99,36.57
103839,Active,3727429,NA,NA,D,0,0,1383277.65,53,2004,54,4.46,27.6
103840,Active,2589221,NA,NA,D,0,0,2687341.888,38.99,1975,26,13.45,65.45
103841,Active,667260,NA,NA,D,0,0,561816.3938,49.95,2012,11,26.04,0
103842,Active,630580,NA,NA,D,1,0,68198.9,60.5,2012,63,37.21,0
103843,Active,756803,NA,NA,D,1,0,739847.2125,84.57,1999,25,26.98,132.49
103844,Active,294322,NA,NA,D,0,0,3749887.785,50,1997,34,4,8.12
103845,Active,628578,NA,NA,D,0,0,1968766.08,179,2006,24,10.93,49.84
103846,Active,885454,NA,NA,D,1,0,4126652.681,179,2010,7,0,7781.01
103847,Active,268469,NA,NA,D,1,0,1580094.141,94,2007,26,4.3,78.95
103848,Active,234221,NA,NA,D,1,0,1762180.016,345,1996,19,11.6,40.54
103849,Active,112860,NA,NA,D,1,0,1137599.651,93.95,1999,54,4,4
103850,Active,145670,NA,NA,D,1,0,57061.1625,154.8,2007,51,21.49,103.96
103851,Active,1668905,NA,NA,D,1,0,1910781.37,60.95,2011,24,3.99,26.54
103852,Active,3790341,NA,NA,D,0,0,5598854.65,875,2005,7,578.99,893.93
103853,Active,1615889,NA,NA,D,1,0,922490.3988,34.99,2009,24,18.86,55.99
103854,Active,2869249,NA,NA,D,1,0,2072090.583,59.95,1986,48,4,13.99
103855,Active,784589,NA,NA,D,0,0,1605022.023,40,2006,24,23.11,40
103856,Active,603375,NA,NA,D,1,0,1604221.783,44.95,2008,27,6.91,16.35
103857,Active,905497,NA,NA,D,0,0,891831.64,84.95,1993,28,88.99,427.95
103858,Active,918839,NA,NA,D,1,0,1202103.415,39.99,2009,33,5.72,12.2
103859,Active,2422004,NA,NA,D,2,1,844446.2088,49.95,1981,47,8.04,20.98
103860,Active,390657,NA,NA,D,0,0,637839.5513,100,2009,28,43.93,0
103861,Active,907191,NA,NA,D,1,0,1119172.468,81.95,1999,26,4,10.89
103862,Active,2265458,NA,NA,D,1,0,8242310.085,67.89,2011,40,36.8,62.9
103863,Active,760811,NA,NA,D,1,0,3480268.01,85,2002,18,9.26,13.84
103864,Active,2368017,NA,NA,D,1,0,3488520.228,14.95,1984,27,7.59,34.98
103865,Active,1951548,NA,NA,D,0,0,2330072.358,129,2011,13,78.99,103.63
103866,Active,543156,NA,NA,D,0,0,1015120.084,39.95,2007,20,13.89,79.99
103867,Active,558046,NA,NA,D,0,0,575726.2813,30,2001,63,6.27,18.98
103868,Active,2607378,NA,NA,D,1,0,2076495.154,49.99,1997,22,59.97,123.23
103869,Active,227459,NA,NA,D,0,0,744695.935,29.95,2001,31,5.96,23.24
103870,Active,2427189,NA,NA,D,0,0,1510794.746,67.93,1990,12,35.68,72.94
103871,Active,699186,NA,NA,D,11,1,510669.8063,16.99,2011,50,3.96,19.95
103872,Active,905867,NA,NA,D,1,0,1934837.034,68,2009,25,18.52,68.87
103873,Active,3746284,NA,NA,D,0,0,1022615.95,43.95,2011,47,48.73,40.42
103874,Active,341184,NA,NA,D,0,0,1954759.203,115,2002,25,4,0
103875,Active,1459113,NA,NA,D,1,0,256282.285,44.99,2009,43,4.64,72.06
103876,Active,165810,NA,NA,D,2,1,525733.0638,168,2004,25,19.59,79.99
103877,Active,145085,NA,NA,D,0,0,665126.1375,44.99,2005,41,4,28.92
103878,Active,920599,NA,NA,D,0,0,1074000.568,34.95,1979,52,4,18.71
103879,Active,215854,NA,NA,D,0,0,2002411.648,75,2004,27,5.98,49.94
103880,Active,825984,NA,NA,D,0,0,2674015.773,37.95,2000,16,22.91,107.42
103881,Active,1476237,NA,NA,D,1,0,1444774.686,44.95,2013,35,12.87,34.76
103882,Active,564461,NA,NA,D,4,1,3300821.641,33.95,1998,22,4.93,23.84
103883,Active,268120,NA,NA,D,1,0,1529287.609,44.95,2007,76,4,10.34
103884,Active,1630768,NA,NA,D,0,0,1784217.063,75,2006,21,28.75,51.46
103885,Active,3512314,NA,NA,D,0,0,2345365.9,99,2009,23,4.77,26.99
103886,Active,3828146,NA,NA,D,0,0,12512728.9,60,1900,3,37.83,0
103887,Active,883529,NA,NA,D,2,1,5802602.079,36.95,2004,8,126.18,209.43
103888,Active,172659,NA,NA,D,2,1,252105.5425,27.99,2010,32,7.98,0
103889,Active,2601069,NA,NA,D,1,0,4115368.438,75,1999,12,20.98,75.76
103890,Active,795001,NA,NA,D,1,0,2203656.385,105.95,2011,14,4,21.98
103891,Active,758936,NA,NA,D,3,1,1766026.756,75,1999,15,6.02,88.56
103892,Active,1848199,NA,NA,D,5,1,2847441.219,79.95,2011,20,6.39,51.16
103893,Active,3800320,NA,NA,D,0,0,409579.65,42.95,2012,66,13.94,31.44
103894,Active,725256,NA,NA,D,3,1,7651824.104,95,2008,15,39.19,131.29
103895,Active,725299,NA,NA,D,1,0,3556752.498,55,2009,16,25.86,34.97
103896,Active,3481992,NA,NA,D,0,0,4165955.15,110,1983,33,5.81,39.99
103897,Active,3475330,NA,NA,D,5,1,9749117.35,113.33,1998,18,4,111.47
103898,Active,891603,NA,NA,D,0,0,4190597.355,26,2004,13,7.98,41.64
103899,Active,910371,NA,NA,D,1,0,2799441.675,119.99,2002,36,16.46,70.89
103900,Active,1593169,NA,NA,D,1,0,5658104.438,125,2006,22,28.94,32.69
103901,Active,2596558,NA,NA,D,1,0,1827105.996,125,1989,19,6.26,29.47
103902,Active,913904,NA,NA,D,0,0,982683.4938,44.99,2008,28,4,29.73
103903,Active,903168,NA,NA,D,0,0,4556159,82.28,2000,15,28.53,82.28
103904,Active,643965,NA,NA,D,3,1,714646.245,75,2009,28,64.74,0
103905,Active,2563241,NA,NA,D,1,0,1994555.423,43,1996,54,3.79,9.99
103906,Active,2852660,NA,NA,D,0,0,5648362.406,90,2000,18,18.64,73.95
103907,Active,3503652,NA,NA,D,0,0,127649.25,70,2012,63,21.38,33.98
103908,Active,722446,NA,NA,D,1,0,1125808.99,73,2007,38,9.64,0
103909,Active,2590568,NA,NA,D,1,0,4807797.149,59.5,1981,14,6.08,92.61
103910,Active,905320,NA,NA,D,1,0,273391.94,59.95,2008,23,17.16,114.87
103911,Active,641860,NA,NA,D,0,0,213060.02,56,1997,56,12.52,53.59
103912,Active,532518,NA,NA,D,0,0,2410595.811,44.95,2005,21,9.82,23.99
103913,Active,2585620,NA,NA,D,0,0,702080.0675,36.95,1992,43,8.02,50.43
103914,Active,3203035,NA,NA,D,1,0,1986661.011,99,1987,20,20.99,74.29
103915,Active,894232,NA,NA,D,1,0,5400144.066,136,2009,13,43.05,46.03
103916,Active,2036455,NA,NA,D,1,0,1008446.17,59.99,2007,23,4.76,31.2
103917,Active,3140115,NA,NA,D,1,0,2770391.341,59.95,2003,27,4,18.99
103918,Active,2261526,NA,NA,D,2,1,2616079.273,58.55,2010,22,19.65,56.22
103919,Active,394944,NA,NA,D,0,0,1832912.949,44.95,1998,28,6.78,38.98
103920,Active,2121325,NA,NA,D,0,0,1499048.24,32.95,2013,17,18.62,36.81
103921,Active,117241,NA,NA,D,0,0,452187.6513,65.99,2005,46,20.94,27.98
103922,Active,2766335,NA,NA,D,0,0,2584718.655,42.8,1997,21,10.73,50.75
103923,Active,2536835,NA,NA,D,1,0,2118179.749,44.95,2000,37,4,36.15
103924,Active,1706131,NA,NA,D,0,0,1508500.106,74.95,2012,14,12.73,54.98
103925,Active,2407997,NA,NA,D,7,1,2218353.31,60,1996,17,4.23,153.49
103926,Active,174264,NA,NA,D,0,0,3325295.753,60,1998,24,4,11.96
103927,Active,1468768,NA,NA,D,0,0,4317676.956,135,2009,11,21.95,31.98
103928,Active,901677,NA,NA,D,1,0,2655046.356,119.99,1996,18,20.14,59.45
103929,Active,3483050,NA,NA,D,3,1,2872666.8,59.95,2015,32,38.96,48.09
103930,Active,3599772,NA,NA,D,1,0,1398604.3,240,1992,40,141.98,145.38
103931,Active,1465957,NA,NA,D,0,0,8108832.185,125,2006,11,24.93,98.19
103932,Active,2372461,NA,NA,D,0,0,3504854.746,61,1992,13,83.99,280.57
103933,Active,225833,NA,NA,D,1,0,1211490.673,209.95,2006,17,40.09,111.6
103934,Active,887122,NA,NA,D,2,1,1850286.088,189.95,2014,16,113.99,125.54
103935,Active,915801,NA,NA,D,0,0,1149893.536,55,1993,25,11.46,47.44
103936,Active,666023,NA,NA,D,0,0,493022.2425,46.95,2006,39,31.52,41.13
103937,Active,1895905,NA,NA,D,0,0,416531.17,34.69,2012,28,11.47,41.94
103938,Active,719073,NA,NA,D,1,0,2169576.98,85,1998,28,4,48.97
103939,Active,909379,NA,NA,D,1,0,1826913.573,115.95,2005,25,5.99,28.94
103940,Active,2594579,NA,NA,D,1,0,1505508.198,64.95,1988,16,8.55,78.02
103941,Active,2531381,NA,NA,D,1,0,7781876.05,195,1997,10,17.26,108.25
103942,Active,1489509,NA,NA,D,1,0,940343.7,27,2009,18,11.34,9.48
103943,Active,2418204,NA,NA,D,0,0,1039532.204,65,2004,23,5.02,32.64
103944,Active,899820,NA,NA,D,1,0,3324429.831,199.95,2004,11,70,199.95
103945,Active,2648791,NA,NA,D,0,0,3555801.5,258,2003,33,5.69,68.23
103946,Active,2648883,NA,NA,D,1,0,5071418.091,221.95,2001,22,4,42.67
103947,Active,2940733,NA,NA,D,1,0,3482532.793,67.95,2004,20,6.53,23.98
103948,Active,1623590,NA,NA,D,1,0,2486915.409,197.95,2006,21,19.59,81.03
103949,Active,2649145,NA,NA,D,2,1,2910954.349,240,2003,19,11.54,85.45
103950,Active,2648121,NA,NA,D,1,0,2326470.543,51.95,2000,24,4,46.99
103951,Active,2940540,NA,NA,D,1,0,1764527.845,46.95,2005,21,5.48,37.74
103952,Active,355669,NA,NA,D,1,0,1168605.058,160,2004,24,18.14,92.46
103953,Active,648117,NA,NA,D,0,0,1186032.363,80,2011,23,15.68,29.98
103954,Active,2595678,NA,NA,D,1,0,8437597.85,65,1989,24,14.58,91.46
103955,Active,898263,NA,NA,D,1,0,5294280.396,38.95,2002,16,5.9,13.49
103956,Active,2328735,NA,NA,D,0,0,1019449.208,165.83,1980,27,4,54.41
103957,Active,1577633,NA,NA,D,1,0,5911394.371,110,2006,12,22.76,49.97
103958,Active,646236,NA,NA,D,1,0,3121101.848,55.99,2007,27,51.99,55.99
103959,Active,576357,NA,NA,D,2,1,1748046.541,67,2003,46,4,46.24
103960,Active,2502642,NA,NA,D,0,0,1210130.966,199,1988,29,62.59,145.86
103961,Active,2607022,NA,NA,D,0,0,1213527.694,149.99,1997,17,53.76,72.99
103962,Active,156820,NA,NA,D,1,0,487549.99,41.95,2001,21,4.3,58.05
103963,Active,249953,NA,NA,D,2,1,207394.8738,171.95,2008,48,22.56,66.98
103964,Active,126971,NA,NA,D,0,0,386532.2988,44.99,2007,20,21.15,30.85
103965,Active,2767514,NA,NA,D,0,0,1992546.244,45,2002,13,15.52,28.48
103966,Active,720266,NA,NA,D,0,0,7749512.775,55,2001,13,27.93,94.83
103967,Active,2589248,NA,NA,D,0,0,1154761.219,49.99,1975,44,4.98,23.98
103968,Active,135788,NA,NA,D,0,0,978289.185,59,2003,15,4.71,58.43
103969,Active,729629,NA,NA,D,0,0,246702.0263,35,1998,43,22.7,36.99
103970,Active,2524054,NA,NA,D,2,1,1680036.694,104,1980,24,70.81,93.99
103971,Active,2597883,NA,NA,D,0,0,6592834.301,54.95,1993,12,19.58,224.57
103972,Active,2173698,NA,NA,D,0,0,4353939.855,179,2008,31,70.42,114.97
103973,Active,2936298,NA,NA,D,3,1,2203880.541,249,2003,19,46.13,136.9
103974,Active,859952,NA,NA,D,0,0,894910.1525,72,2009,25,16.15,34.97
103975,Active,1484415,NA,NA,D,1,0,550446.205,45,2006,28,12.8,22.99
103976,Active,2649951,NA,NA,D,1,0,5564843.436,35.95,1999,18,5.68,49.05
103977,Active,755297,NA,NA,D,1,0,5313538.434,45,2002,19,4.77,43.32
103978,Active,919528,NA,NA,D,0,0,1897719.815,31.95,1998,44,4,8.03
103979,Active,2786922,NA,NA,D,0,0,864987.3163,47.5,2001,43,27.4,33.78
103980,Active,1593163,NA,NA,D,1,0,4513398.651,119.99,2007,17,20,104.05
103981,Active,149284,NA,NA,D,0,0,540250.82,45,2002,20,9.84,53.45
103982,Active,908462,NA,NA,D,1,0,2220159.648,77,2007,45,8.64,28.99
103983,Active,1845064,NA,NA,D,1,0,2528184.595,82.5,2007,18,10.71,137.93
103984,Active,654285,NA,NA,D,0,0,1084725.219,29.95,2008,19,14.92,35.66
103985,Active,57727,NA,NA,D,0,0,481603.005,56.95,2006,46,6.52,17.76
103986,Active,915932,NA,NA,D,0,0,1116317.463,36.95,2001,30,4,39.98
103987,Active,920072,NA,NA,D,0,0,413122.4713,34.95,1994,43,4.29,32.58
103988,Active,254804,NA,NA,D,0,0,276723.7038,72.95,1999,30,22.83,85.34
103989,Active,635679,NA,NA,D,1,0,773372.47,75,2012,34,10.47,28.94
103990,Active,125968,NA,NA,D,1,0,286033.4125,78,2000,37,4,8.98
103991,Active,1584930,NA,NA,D,0,0,313762.6738,29.99,2015,40,24,27.11
103992,Active,744476,NA,NA,D,1,0,4391441.244,57.95,2001,23,4,23.74
103993,Active,417052,NA,NA,D,4,1,10922225.99,169.79,2001,11,5.93,167.79
103994,Active,893702,NA,NA,D,2,1,1206282.874,128,2009,19,22.93,145
103995,Active,449856,NA,NA,D,1,0,9243617.865,60,2001,18,4.76,35.87
103996,Active,205621,NA,NA,D,1,0,1086275.598,50,1998,55,4,5.97
103997,Active,1692867,NA,NA,D,1,0,1287260.731,45,2011,21,16.89,31.99
103998,Active,481613,NA,NA,D,1,0,1347020.804,69.95,2002,18,19.95,69.95
103999,Active,2615119,NA,NA,D,0,0,2493448.953,99.99,2005,16,4.8,48.99
104000,Active,365217,NA,NA,D,0,0,601486.5788,67.95,2007,30,14.17,50.92
104001,Active,521416,NA,NA,D,7,1,1450344.161,50,2001,23,14.96,74.25
104002,Active,666028,NA,NA,D,1,0,4915863.861,60.95,2006,11,26.42,28.99
104003,Active,481409,NA,NA,D,1,0,5366172.066,140,2006,16,4,21.98
104004,Active,532279,NA,NA,D,8,1,812901.7075,99.5,2009,15,6.36,102.41
104005,Active,475524,NA,NA,D,6,1,3455439.04,39.95,2008,18,4.75,57.56
104006,Active,910459,NA,NA,D,1,0,1993579.956,34.99,1998,21,4,21.49
104007,Active,3621417,NA,NA,D,0,0,1391328.4,56,2007,23,37.33,222.56
104008,Active,281224,NA,NA,D,0,0,1534260.744,59.99,2007,25,33.94,40
104009,Active,633496,NA,NA,D,0,0,815681.3738,79.95,2003,25,10.43,53.64
104010,Active,871952,NA,NA,D,0,0,599571.0313,44.95,1985,23,11.4,158.07
104011,Active,2597073,NA,NA,D,1,0,9365079.6,83.99,1990,11,18.98,89.44
104012,Active,2593429,NA,NA,D,0,0,1281968.759,375,1998,17,139.04,505.46
104013,Active,2587634,NA,NA,D,0,0,1365983.675,100,1927,15,19.94,103.99
104014,Active,2596049,NA,NA,D,1,0,3077983.576,100,1988,27,4.62,54.46
104015,Active,1587032,NA,NA,D,1,0,2128888.325,34.99,2007,17,18.71,30.44
104016,Active,2586359,NA,NA,D,0,0,1838922.474,39.99,2003,29,5.93,15.2
104017,Active,1589597,NA,NA,D,1,0,1228034.845,29.99,2009,26,5.13,18.97
104018,Active,2611764,NA,NA,D,0,0,3794261.119,39.99,2003,27,4.19,6.49
104019,Active,2606717,NA,NA,D,1,0,1362804.208,34.99,1999,44,4.57,31.84
104020,Active,2598245,NA,NA,D,0,0,1569529.65,33.99,1994,32,4.55,12.49
104021,Active,2597141,NA,NA,D,0,0,884085.93,36.99,1993,32,9.98,32.92
104022,Active,2597203,NA,NA,D,0,0,564303.9513,44.99,1993,34,6.23,18.93
104023,Active,2602624,NA,NA,D,0,0,4900020.595,90,1997,16,4,64.41
104024,Active,173622,NA,NA,D,0,0,947415.7013,29.99,1997,46,4,0
104025,Active,173547,NA,NA,D,1,0,936507.6325,41,1998,36,4.88,23.97
104026,Active,2601814,NA,NA,D,0,0,2394827.576,127,1999,17,6.2,75.45
104027,Active,2613276,NA,NA,D,1,0,2442721.578,54.99,2004,21,14.99,23.98
104028,Active,2603123,NA,NA,D,0,0,1653082.799,41.99,2005,23,13.1,103.25
104029,Active,2614039,NA,NA,D,0,0,3371846.3,110,2005,12,20.88,246.35
104030,Active,2586480,NA,NA,D,0,0,1191458.049,44.99,2004,36,10.99,28.63
104031,Active,569058,NA,NA,D,3,1,2492790.111,45,2006,23,4,0
104032,Active,2603549,NA,NA,D,0,0,1693165.111,59.99,2004,24,5.72,12.68
104033,Active,173965,NA,NA,D,1,0,1401915.094,250,1998,23,53.97,150.82
104034,Active,174259,NA,NA,D,0,0,1728013.744,31.99,1997,59,4,4
104035,Active,2598379,NA,NA,D,1,0,2033474.31,88.99,1994,19,8.3,53.57
104036,Active,2605420,NA,NA,D,0,0,1715094.653,33.99,1996,41,4,10.33
104037,Active,2615108,NA,NA,D,1,0,4287646.01,159.99,2005,18,23.55,59.54
104038,Active,1592334,NA,NA,D,1,0,1425983.25,205,2007,21,24.21,43.48
104039,Active,2615337,NA,NA,D,1,0,4323697.746,189.99,2005,14,33.99,144.82
104040,Active,173416,NA,NA,D,0,0,2555911.721,195,1999,25,21.87,79.99
104041,Active,2609907,NA,NA,D,0,0,3406961.575,193,1999,16,13.78,49.99
104042,Active,2610799,NA,NA,D,0,0,952688.47,204.99,2000,21,6.41,103.99
104043,Active,175241,NA,NA,D,0,0,1825388.646,270,2005,18,38.64,72.69
104044,Active,454439,NA,NA,D,1,0,3163012.823,205,2009,24,34.42,47.07
104045,Active,2599695,NA,NA,D,0,0,2920784.443,146.99,1997,17,25.83,82.74
104046,Active,2590351,NA,NA,D,1,0,3467840.411,130,1982,21,33.99,244.25
104047,Active,454458,NA,NA,D,0,0,3776445.708,165,2008,19,49.93,62.7
104048,Active,2593364,NA,NA,D,0,0,3722796.893,199.99,1990,21,28.82,108.68
104049,Active,2600157,NA,NA,D,1,0,2910779.619,210,1999,24,39,155.44
104050,Active,2600044,NA,NA,D,0,0,2989868.903,99.99,1997,15,51.99,144.28
104051,Active,2605363,NA,NA,D,0,0,3284506.594,234.99,2003,21,33.11,126
104052,Active,2600051,NA,NA,D,0,0,882550.4463,57.99,1996,34,4,58.98
104053,Active,2612669,NA,NA,D,0,0,1138665.325,38.99,2000,47,4.11,6.32
104054,Active,174756,NA,NA,D,0,0,727400.7038,26.99,2002,43,4.88,9.16
104055,Active,173425,NA,NA,D,0,0,572841.3313,44.99,2004,28,6.31,36.97
104056,Active,2600148,NA,NA,D,1,0,2186692.183,254.99,1995,22,6.38,61.22
104057,Active,644982,NA,NA,D,0,0,1940941.496,76.67,2007,19,4,46.37
104058,Active,3041488,NA,NA,D,0,0,553021.9475,39.95,2002,36,9.44,29.97
104059,Active,203582,NA,NA,D,1,0,6002529.299,110,2003,16,4.4,16.98
104060,Active,2551539,NA,NA,D,1,0,4334388.824,51.95,2005,14,6.38,80.24
104061,Active,2601726,NA,NA,D,0,0,1873924.651,73.99,1997,16,5.78,149.63
104062,Active,2402892,NA,NA,D,0,0,9260483.064,11.95,1978,20,3.99,48.37
104063,Active,2783308,NA,NA,D,1,0,2055128.749,55,2002,22,8.99,46.18
104064,Active,721736,NA,NA,D,1,0,1313112.665,73,2006,19,17.99,68.13
104065,Active,2584530,NA,NA,D,0,0,279132.3538,7.99,1993,206,4,6.94
104066,Active,1726945,NA,NA,D,0,0,891603.5375,99,2011,60,38.99,40.21
104067,Active,1468058,NA,NA,D,0,0,4550465.95,0,2006,14,65.17,334.89
104068,Active,905597,NA,NA,D,0,0,2049647.539,88.95,2002,16,66.52,83.99
104069,Active,2418854,NA,NA,D,1,0,220825.5175,49.95,2005,27,13.94,19.93
104070,Active,2613496,NA,NA,D,1,0,1089700.299,155,2002,49,29.33,27.95
104071,Active,2867266,NA,NA,D,1,0,1087092.333,85,2001,23,19.05,66.49
104072,Active,1731048,NA,NA,D,1,0,1037208.336,99,2007,22,28.94,56.14
104073,Active,3234072,NA,NA,D,2,1,2399412.828,23.8,2009,8,23.99,23.8
104074,Active,2226328,NA,NA,D,0,0,265678.8413,23.97,2008,9,25.98,27.02
104075,Active,2776658,NA,NA,D,0,0,6381037.55,8.95,1978,24,3.49,9.5
104076,Active,617095,NA,NA,D,1,0,1006881.431,58,2001,39,4,10.91
104077,Active,898123,NA,NA,D,1,0,5623750.173,50.95,2003,7,4.99,50.95
104078,Active,2677011,NA,NA,D,0,0,1530468.386,74.99,2005,21,14.44,22.94
104079,Active,3729899,NA,NA,D,0,0,404988.7,59.99,2015,55,33.05,33.25
104080,Active,3729900,NA,NA,D,0,0,1997035.25,89.99,2015,59,51.9,39.37
104081,Active,807856,NA,NA,D,0,0,1831723.453,74.99,2009,16,16.98,30.94
104082,Active,2503009,NA,NA,D,0,0,1039371.115,89.95,2002,60,21.49,52.85
104083,Active,2155794,NA,NA,D,0,0,1324190.039,49.95,2006,34,6.63,32.1
104084,Active,317545,NA,NA,D,1,0,3762576.681,47.6,2000,25,4,7.99
104085,Active,898076,NA,NA,D,1,0,4712164.633,250,2002,10,38.97,210.66
104086,Active,2588272,NA,NA,D,1,0,3349203.295,49.5,1970,9,34.19,0
104087,Active,2774340,NA,NA,D,1,0,3364012.783,45.95,1997,17,25.08,54.14
104088,Active,226100,NA,NA,D,4,1,2577672.218,325,2006,13,198.99,325
104089,Active,2588193,NA,NA,D,0,0,2095118.838,69.95,1970,15,6.24,75.77
104090,Active,555638,NA,NA,D,2,1,806743.975,89.95,2008,32,29.11,89.43
104091,Active,1834850,NA,NA,D,3,1,2103149.488,1989,2007,7,148.67,376.99
104092,Active,662984,NA,NA,D,0,0,612596.5588,90,2006,21,59.54,63.36
104093,Active,2665002,NA,NA,D,0,0,951283.4488,19.99,1997,40,4,6.97
104094,Active,1678103,NA,NA,D,0,0,1047373.889,84,2011,16,6.58,66.93
104095,Active,540295,NA,NA,D,0,0,21894.81625,32,2006,92,5.62,16.79
104096,Active,1627293,NA,NA,D,0,0,630830.4763,55,2012,18,17.69,28.96
104097,Active,100200,NA,NA,D,0,0,1916174.318,23,2001,29,4.47,21.76
104098,Active,3465688,NA,NA,D,0,0,803721.65,70,2005,17,5.84,60.26
104099,Active,1833909,NA,NA,D,0,0,146190.44,49.99,2014,16,28.38,28.39
104100,Active,1595590,NA,NA,D,0,0,100344.8375,74.99,2014,16,22.8,34.18
104101,Active,807916,NA,NA,D,0,0,1507237.315,74.99,2010,21,18.75,19.5
104102,Active,2082518,NA,NA,D,0,0,2166027.96,38,2011,10,19.85,38
104103,Active,2895442,NA,NA,D,2,1,1318920.519,49.5,1992,33,4.02,33.79
104104,Active,3599611,NA,NA,D,2,1,1130469.15,40,1999,23,6.38,23.99
104105,Active,2660945,NA,NA,D,0,0,1566995.39,39.95,1994,25,5.87,57.13
104106,Active,2536435,NA,NA,D,1,0,4538011.275,51.95,2000,21,6.35,43.99
104107,Active,1545917,NA,NA,D,5,1,1152789.248,235,2011,14,88.35,177.77
104108,Active,901081,NA,NA,D,0,0,1182941.034,87.85,1965,27,9.34,78.69
104109,Active,2474618,NA,NA,D,1,0,2403550.101,84.96,1980,18,5.94,217.64
104110,Active,2789668,NA,NA,D,1,0,1456316.966,20.95,1969,37,4,13.98
104111,Active,915887,NA,NA,D,1,0,2004641.593,27.6,2004,39,4,23.61
104112,Active,623325,NA,NA,D,1,0,712004.5938,42.95,2007,26,8.99,32.5
104113,Active,3733646,NA,NA,D,0,0,881580.5,49.95,2009,18,36.98,82.1
104114,Active,2403661,NA,NA,D,0,0,2599894.713,16.95,1982,27,6.78,20.99
104115,Active,901467,NA,NA,D,0,0,4561760.25,44.95,1999,19,6.34,9.77
104116,Active,724307,NA,NA,D,0,0,2278174.394,160,2010,7,195.46,163.99
104117,Active,617958,NA,NA,D,1,0,481693.8075,49.95,2010,50,14.53,21.63
104118,Active,616632,NA,NA,D,0,0,1104988.72,49.99,1985,54,4.08,10.79
104119,Active,654400,NA,NA,D,2,1,2013220.284,149.95,2004,17,4.99,447.96
104120,Active,203800,NA,NA,D,1,0,1155196.823,145,2006,19,4.39,5.34
104121,Active,651483,NA,NA,D,3,1,1742647.029,59.95,2011,16,20.26,78.59
104122,Active,914599,NA,NA,D,1,0,2548709.994,59.95,1996,27,4.78,43.25
104123,Active,2610936,NA,NA,D,1,0,7781422.408,66,2001,14,17.27,75.58
104124,Active,2875330,NA,NA,D,0,0,2246514.061,51.95,1994,35,4,19.24
104125,Active,648446,NA,NA,D,0,0,2632163.178,179,2007,14,58.99,132.34
104126,Active,2605873,NA,NA,D,0,0,3756959.065,104.99,1999,17,4.95,28.3
104127,Active,1629815,NA,NA,D,2,1,2121056.191,21.95,2008,13,5.55,21.46
104128,Active,897879,NA,NA,D,0,0,4198802.305,58.95,2004,15,4.76,45.43
104129,Active,2425802,NA,NA,D,0,0,3673716.408,52,1999,20,9.83,103.03
104130,Active,2257438,NA,NA,D,5,1,1527875.11,48.79,2011,40,7.49,49.09
104131,Active,287000,NA,NA,D,1,0,1737691.801,49.95,2002,34,4,28.98
104132,Active,454525,NA,NA,D,0,0,2890756.078,150,2008,30,22.77,53.94
104133,Active,1927188,NA,NA,D,0,0,1267269.929,26.58,2013,19,4.64,151.99
104134,Active,1594280,NA,NA,D,1,0,1798469.291,195,2008,15,34.96,166.02
104135,Active,913219,NA,NA,D,1,0,636194.0763,45,2004,41,4.35,27.94
104136,Active,2406648,NA,NA,D,1,0,788788.555,49.95,1993,24,27.93,63.99
104137,Active,874041,NA,NA,D,3,1,4073865.078,45,2003,18,4,34.74
104138,Active,1621060,NA,NA,D,1,0,1804047.73,109.95,2007,58,4,10.99
104139,Active,2597995,NA,NA,D,0,0,5618955.391,99.99,1992,16,17.61,61.58
104140,Active,246596,NA,NA,D,1,0,574295.67,42.95,2007,30,6.32,14.76
104141,Active,2597123,NA,NA,D,0,0,2335611.744,110,1990,16,8.92,76.23
104142,Active,846531,NA,NA,D,5,1,792038.0675,59.95,1993,34,6.23,30.99
104143,Active,2434067,NA,NA,D,2,1,3385227.615,750,1998,15,8.94,403.81
104144,Active,135249,NA,NA,D,0,0,382589.9088,95,2007,23,11.69,53.48
104145,Active,723033,NA,NA,D,0,0,2907235.278,145,2008,17,28.57,34.24
104146,Active,921972,NA,NA,D,0,0,448308.3963,7,1999,61,4,0
104147,Active,903141,NA,NA,D,0,0,2634688.944,90.95,1981,19,4,68.08
104148,Active,2870929,NA,NA,D,0,0,8008354.378,22,1987,24,4.86,49.17
104149,Active,2275684,NA,NA,D,0,0,355636.9675,53.08,2012,22,11.85,68.3
104150,Active,3118904,NA,NA,D,0,0,1339264.589,36.95,1999,29,4,43.22
104151,Active,3593979,NA,NA,D,0,0,2058310.8,82.99,1994,44,21.56,49.76
104152,Active,3593981,NA,NA,D,0,0,1338642.05,88.99,1993,51,23.79,62.68
104153,Active,2249765,NA,NA,D,5,1,9256400.808,189.25,2008,28,29.4,125.51
104154,Active,643118,NA,NA,D,1,0,1474234.626,48.3,2010,27,5.56,52.31
104155,Active,2332607,NA,NA,D,0,0,444324.0075,39.95,1995,74,3.99,4.18
104156,Active,3827899,NA,NA,D,0,0,597165.65,39.95,2011,33,10.98,27.99
104157,Active,2414360,NA,NA,D,0,0,890853.7538,63,2005,38,11.63,58.77
104158,Active,1698072,NA,NA,D,0,0,450066.93,29.95,2006,31,4.98,43.99
104159,Active,1896073,NA,NA,D,1,0,624376.8813,92.45,2013,17,31.78,59.98
104160,Active,1848317,NA,NA,D,3,1,3910732.375,39.95,2011,14,12.11,65.58
104161,Active,218032,NA,NA,D,0,0,283960.04,79.95,2002,17,13.18,49.98
104162,Active,631676,NA,NA,D,3,1,115479.6813,99.95,2008,31,62.38,65.66
104163,Active,699885,NA,NA,D,1,0,599410.7913,34.95,2000,23,10.4,64.93
104164,Active,2753521,NA,NA,D,1,0,2154929.316,60,1997,35,4,11.18
104165,Active,2673057,NA,NA,D,2,1,2856797.564,185.32,2003,13,4.86,67.53
104166,Active,597842,NA,NA,D,1,0,495577.4838,39.99,2003,50,4,7.27
104167,Active,236505,NA,NA,D,0,0,1138986.218,39.95,2007,47,4,10.99
104168,Active,1873467,NA,NA,D,3,1,2428277.046,83.95,2006,9,23.35,52.71
104169,Active,3741585,NA,NA,D,0,0,413408.95,74.99,2012,65,29.95,42.25
104170,Active,646656,NA,NA,D,0,0,430784.9775,62.95,2004,29,8.94,0
104171,Active,656676,NA,NA,D,2,1,812856.1613,47.5,2003,11,24.86,41.14
104172,Active,2132665,NA,NA,D,0,0,376536.8638,39.99,2011,17,35.65,39.98
104173,Active,1576284,NA,NA,D,0,0,385706.9613,46.95,2009,24,20.72,29.63
104174,Active,509563,NA,NA,D,1,0,1513289.076,49.95,2010,19,6.93,6.94
104175,Active,372112,NA,NA,D,1,0,843990.6263,94.95,2003,20,4,20.98
104176,Active,3065262,NA,NA,D,0,0,467486.665,42.99,2000,36,11.68,26.02
104177,Active,346488,NA,NA,D,0,0,522673.0988,39.95,2005,43,5.08,37.99
104178,Active,2664299,NA,NA,D,0,0,2414661.629,32.95,1997,18,4.98,28.99
104179,Active,576595,NA,NA,D,1,0,1659974.471,116.95,2008,31,4,30.47
104180,Active,542250,NA,NA,D,3,1,8315041.234,129.8,2003,15,4.77,67.21
104181,Active,556150,NA,NA,D,1,0,2427894.75,96,2007,17,22.94,79.82
104182,Active,2615435,NA,NA,D,0,0,3802211.538,110,2005,17,17.24,36.94
104183,Active,175558,NA,NA,D,1,0,742395.8113,77.99,2004,18,36.91,53.85
104184,Active,2602366,NA,NA,D,1,0,4144510.111,144.99,1997,20,25.99,102.81
104185,Active,718352,NA,NA,D,1,0,306400.285,65,1998,28,4,38.11
104186,Active,199100,NA,NA,D,1,0,2128338.843,52,2002,57,4,7.19
104187,Active,3783061,NA,NA,D,0,0,2508862.95,62.5,1997,8,32.75,0
104188,Active,2646600,NA,NA,D,1,0,2332733.421,59.95,1989,24,10,116.55
104189,Active,564921,NA,NA,D,1,0,1113787.226,58.95,2010,27,31.38,0
104190,Active,913954,NA,NA,D,3,1,1154235.535,35.81,2012,33,4,11.95
104191,Active,3310172,NA,NA,D,0,0,245726,99.63,1900,18,0,0
104192,Active,624500,NA,NA,D,1,0,633488.585,37.95,2002,32,4,24.54
104193,Active,3132100,NA,NA,D,0,0,694387.0388,39.95,1998,126,4,19.99
104194,Active,923325,NA,NA,D,1,0,1849972.028,99,1990,132,4,5.98
104195,Active,3530663,NA,NA,D,2,1,2931445.25,90.8,2006,14,41.44,196.13
104196,Active,3485957,NA,NA,D,0,0,1621170.15,42.5,1992,52,4.38,40.18
104197,Active,653060,NA,NA,D,0,0,904347.2238,130,2008,14,15.58,90.31
104198,Active,2594457,NA,NA,D,1,0,1435827.794,99.99,1986,23,4,81.15
104199,Active,243362,NA,NA,D,1,0,2270639.968,39.95,2006,23,4.86,27.12
104200,Active,2774888,NA,NA,D,1,0,2784941.604,65.5,2003,21,35.99,63.73
104201,Active,3608419,NA,NA,D,0,0,1250058.3,44.99,1984,17,17.44,17.45
104202,Active,2598704,NA,NA,D,0,0,3728331.693,99.99,1992,20,28.54,76.95
104203,Active,908214,NA,NA,D,1,0,1316460.073,55,2000,22,6.18,58.83
104204,Active,253956,NA,NA,D,0,0,546365.1463,44.95,2007,27,33.98,42.67
104205,Active,2851983,NA,NA,D,1,0,1873042.949,267.95,1996,23,64.96,115.67
104206,Active,2774870,NA,NA,D,1,0,1528636.896,54.5,2003,54,4.95,6
104207,Active,897412,NA,NA,D,0,0,4657285.496,28,2001,17,4,15.6
104208,Active,3485693,NA,NA,D,1,0,1394486.55,45,1994,65,12.38,26.91
104209,Active,3196456,NA,NA,D,0,0,1594410.151,74.99,2002,10,40.31,45.99
104210,Active,2587786,NA,NA,D,1,0,2085206.225,264.26,1959,11,28.7,192.91
104211,Active,2619062,NA,NA,D,4,1,4128082.474,53.95,1994,18,4,41.67
104212,Active,290200,NA,NA,D,2,1,539552.7988,60,2011,20,38.45,45.99
104213,Active,859471,NA,NA,D,8,1,4519871.171,82.5,2006,18,4.48,109.57
104214,Active,648015,NA,NA,D,1,0,3717808.063,65,2001,20,4.11,62.67
104215,Active,2807220,NA,NA,D,0,0,1021496.401,43.95,2003,21,11.82,50.03
104216,Active,2737640,NA,NA,D,1,0,3215222.536,49.95,2005,18,5.06,46.29
104217,Active,60951,NA,NA,D,9,1,2150708.738,25.1,2003,34,4,25.1
104218,Active,226130,NA,NA,D,0,0,1417167.181,109.95,1998,35,6.47,70.52
104219,Active,3118898,NA,NA,D,1,0,1823224.496,35,2000,24,4,9.89
104220,Active,1551632,NA,NA,D,0,0,2250525.13,51.95,2013,16,44.59,33.19
104221,Active,1658128,NA,NA,D,1,0,2369163.305,68.25,2009,17,24.31,47.19
104222,Active,3124406,NA,NA,D,0,0,492775.2463,34.95,1997,43,5.87,63.39
104223,Active,878867,NA,NA,D,0,0,672039.1525,55.95,2010,29,8.85,63.07
104224,Active,2612586,NA,NA,D,1,0,4729496.133,62.99,2000,14,6.31,56.89
104225,Active,268783,NA,NA,D,0,0,400512.515,45,2008,25,13.81,16.32
104226,Active,531420,NA,NA,D,2,1,592666.8325,60,2012,76,43.94,63.99
104227,Active,134976,NA,NA,D,1,0,3291672.519,120,2010,22,10.9,58.26
104228,Active,647247,NA,NA,D,0,0,322303.3188,56.5,2011,18,14.25,45.38
104229,Active,2593657,NA,NA,D,0,0,4861686.729,134.99,1993,22,5.49,77.91
104230,Active,712363,NA,NA,D,0,0,771219.3638,40,2003,25,4,25.89
104231,Active,889671,NA,NA,D,0,0,3738182.935,52.2,2003,10,8.83,18
104232,Active,617991,NA,NA,D,3,1,166791.6588,587.83,2006,40,43.94,116.25
104233,Active,637415,NA,NA,D,1,0,430928.0925,84.95,1999,57,12.48,62.93
104234,Active,2070458,NA,NA,D,1,0,551555.6075,90,2009,27,15.72,52.24
104235,Active,235506,NA,NA,D,2,1,2263033.47,46.95,1997,32,4,14.96
104236,Active,914665,NA,NA,D,1,0,3207616.65,43.95,2002,32,4,28.92
104237,Active,158238,NA,NA,D,1,0,837305.6575,43.95,2004,29,34.56,0
104238,Active,2649541,NA,NA,D,1,0,4354505.785,152.95,2004,28,4,103.19
104239,Active,919639,NA,NA,D,2,1,1486240.816,48.95,1999,53,3.98,19.94
104240,Active,157993,NA,NA,D,0,0,1082229.683,49.95,2003,26,10.8,13.49
104241,Active,718716,NA,NA,D,0,0,1887777.053,55,2000,18,29.97,75.52
104242,Active,800912,NA,NA,D,2,1,2401977.27,63,2007,14,6.13,33.49
104243,Active,2606333,NA,NA,D,1,0,1709393.555,75,1998,25,30.93,72.74
104244,Active,2274254,NA,NA,D,4,1,2444005,232.44,2013,10,156.83,236.27
104245,Active,2285173,NA,NA,D,4,1,203873,115.45,2012,24,41.72,106.89
104246,Active,2947046,NA,NA,D,5,1,5193717.335,54.95,2004,17,4,48.95
104247,Active,833940,NA,NA,D,0,0,458712.615,130,1987,54,22.12,82.37
104248,Active,671036,NA,NA,D,1,0,3226116.609,409.95,2007,34,112.85,269.9
104249,Active,2535160,NA,NA,D,1,0,1357506.128,43.95,2000,41,4,28.99
104250,Active,652967,NA,NA,D,3,1,5551025.984,145.95,1998,28,5.17,51.46
104251,Active,1678076,NA,NA,D,0,0,3917401.186,84,2009,19,28.89,80
104252,Active,914458,NA,NA,D,0,0,1234391.453,47.95,2004,29,4.58,38.59
104253,Active,3072200,NA,NA,D,0,0,1044913.639,14.95,2003,25,21.29,93.34
104254,Active,1585113,NA,NA,D,0,0,3767703.651,120,2010,44,24.02,24.02
104255,Active,285816,NA,NA,D,1,0,313234.9413,59,2001,41,5.93,18
104256,Active,189853,NA,NA,D,0,0,2245152.289,45,2004,14,11.93,10.29
104257,Active,1488900,NA,NA,D,3,1,572655.865,43.95,2008,28,24.99,33.52
104258,Active,640487,NA,NA,D,1,0,1433386.564,38.95,2001,17,7.57,25.99
104259,Active,630741,NA,NA,D,4,1,1715357.161,70,2008,31,4.44,38.99
104260,Active,2602717,NA,NA,D,0,0,5213380.199,125,1995,16,53,110.83
104261,Active,3509237,NA,NA,D,0,0,1715191.6,9.95,2005,29,4,26.85
104262,Active,2594299,NA,NA,D,0,0,2387206.976,44.95,1988,28,4.63,45.97
104263,Active,3473981,NA,NA,D,2,1,512116.55,46.99,2013,22,25.36,40.08
104264,Active,2036496,NA,NA,D,1,0,2328573.281,39.99,2006,34,4,19.81
104265,Active,645979,NA,NA,D,0,0,1437460.853,49.99,2010,43,14.48,39.71
104266,Active,623602,NA,NA,D,0,0,645663.2125,59.99,2006,26,7.87,0
104267,Active,715210,NA,NA,D,1,0,1072626.79,54.99,2007,20,18.66,78.09
104268,Active,343105,NA,NA,D,0,0,2104698,145,2001,20,4.97,28.93
104269,Active,2598061,NA,NA,D,1,0,1309495.763,139.99,1999,24,12.43,134.79
104270,Active,1921937,NA,NA,D,0,0,942034.0488,59.99,2009,52,19.87,40.97
104271,Active,2593422,NA,NA,D,1,0,1846562.634,125,1987,19,24.29,38.94
104272,Active,3552687,NA,NA,D,0,0,2876825.65,75,1999,27,4.81,43.42
104273,Active,2571715,NA,NA,D,2,1,1211618.391,145,1992,13,11.23,113.81
104274,Active,2667198,NA,NA,D,0,0,1398156.549,52,1981,77,4.08,18.59
104275,Active,863129,NA,NA,D,0,0,2104193.601,167.99,2003,15,8.84,75.14
104276,Active,563248,NA,NA,D,0,0,714396.6263,109,1991,43,11.11,23.99
104277,Active,152716,NA,NA,D,0,0,1565242.49,199,2003,25,98.75,112.57
104278,Active,899379,NA,NA,D,0,0,1684267.12,219,2003,17,103.99,103.99
104279,Active,2608390,NA,NA,D,0,0,2305178.696,114.99,1998,25,20.81,63.99
104280,Active,2609241,NA,NA,D,0,0,1779401.856,65,1998,25,4.13,29.97
104281,Active,2588219,NA,NA,D,1,0,1360305.655,21.95,1969,22,5.13,58.59
104282,Active,569812,NA,NA,D,1,0,389331.6638,115.95,2005,22,8.28,13.16
104283,Active,2263341,NA,NA,D,2,1,2668059,0,2010,11,0,0
104284,Active,2867262,NA,NA,D,1,0,887130.465,60,2000,25,4.55,33.86
104285,Active,137011,NA,NA,D,0,0,559372.47,49.95,2003,23,21.29,36.79
104286,Active,1595031,NA,NA,D,0,0,1479559.075,140,2008,24,62.99,47.23
104287,Active,391212,NA,NA,D,1,0,207631.9475,40,2001,85,5.49,21.87
104288,Active,2613500,NA,NA,D,1,0,2175459.069,140,2003,18,17.77,73.45
104289,Active,2442725,NA,NA,D,0,0,3058692.201,179,1998,19,47.15,89.89
104290,Active,261366,NA,NA,D,1,0,2479407.481,92,2002,23,5.68,46.94
104291,Active,2606965,NA,NA,D,1,0,863673.3263,124.99,1999,28,17.55,80.8
104292,Active,564959,NA,NA,D,1,0,194414.79,73.95,2012,31,16.91,0
104293,Active,268378,NA,NA,D,1,0,925493.585,65,2005,21,15.32,43.46
104294,Active,720388,NA,NA,D,1,0,3362322.918,75,2001,17,31.33,58.32
104295,Active,2597982,NA,NA,D,1,0,3161800.535,51.99,1992,24,10.22,68.05
104296,Active,649369,NA,NA,D,0,0,764365.7675,56.95,1994,23,33.75,138.95
104297,Active,3577619,NA,NA,D,3,1,2777163.8,32.5,1982,16,4,60.39
104298,Active,2407136,NA,NA,D,0,0,1306828.826,39.95,1994,23,18.29,73.96
104299,Active,1716796,NA,NA,D,1,0,1875698.103,75,2009,17,6.95,64.17
104300,Active,1445547,NA,NA,D,4,1,3782769.515,91.95,2007,11,26.99,122.75
104301,Active,2648254,NA,NA,D,3,1,933829.45,85.95,2000,22,4.31,42.62
104302,Active,159412,NA,NA,D,1,0,3255800.413,51.95,2001,24,4,45.08
104303,Active,2607071,NA,NA,D,0,0,1129582.783,139.99,2004,22,5.05,14.38
104304,Active,3151965,NA,NA,D,0,0,3754664.52,119,1993,19,85.02,88.83
104305,Active,2614715,NA,NA,D,0,0,3741997.229,110,2003,58,34.54,43.84
104306,Active,580962,NA,NA,D,0,0,1992706.079,54,2004,32,4,21.44
104307,Active,2759460,NA,NA,D,1,0,734946.575,43.95,2001,23,6.64,39.04
104308,Active,2611382,NA,NA,D,1,0,3439437.084,150,2000,19,20.64,39.24
104309,Active,196258,NA,NA,D,2,1,4616545.256,39.95,2006,18,4.76,10.91
104310,Active,2609463,NA,NA,D,0,0,2852543.196,145,1999,19,10.77,73.21
104311,Active,125617,NA,NA,D,1,0,278362.7463,41.95,2011,34,16.88,35.56
104312,Active,1757708,NA,NA,D,0,0,208119.11,24.99,2012,35,18.78,23.32
104313,Active,915771,NA,NA,D,1,0,925638.2263,50,2008,53,4,31.12
104314,Active,2204087,NA,NA,D,25,1,1184430.874,14.99,2008,22,12.87,30.37
104315,Active,568904,NA,NA,D,0,0,967294.0863,27.99,2005,39,4,0
104316,Active,905784,NA,NA,D,0,0,2073557.078,46,2004,20,4,33.98
104317,Active,2576266,NA,NA,D,1,0,2524513.35,99.95,1987,36,4,32.87
104318,Active,2135320,NA,NA,D,0,0,4097727.609,110,2013,5,71.68,86.41
104319,Active,2502305,NA,NA,D,1,0,1233002.571,134,1996,22,6.84,48.14
104320,Active,1595145,NA,NA,D,1,0,5692518.785,110,2008,14,22.94,85.01
104321,Active,365184,NA,NA,D,2,1,5506600.751,65,2004,18,4.96,41.01
104322,Active,110367,NA,NA,D,1,0,194602.065,9.93,2007,55,4.81,44.93
104323,Active,719584,NA,NA,D,1,0,1778061.913,110,2000,22,30.99,69.87
104324,Active,2600052,NA,NA,D,0,0,1892107.9,124.99,1995,20,24.03,118.71
104325,Active,2588079,NA,NA,D,0,0,1647162.969,97.96,1968,16,28.7,91.91
104326,Active,55570,NA,NA,D,3,1,732944.2175,219.95,2006,53,4,37.67
104327,Active,608774,NA,NA,D,3,1,6447280.013,125.95,2004,14,4,5.99
104328,Active,2179221,NA,NA,D,0,0,2003871.298,249,2008,19,103.79,158.68
104329,Active,2437067,NA,NA,D,1,0,987675.5913,32.95,2002,24,8.09,50.66
104330,Active,2605356,NA,NA,D,0,0,7466908.655,136.99,1998,12,6.38,114.88
104331,Active,2615097,NA,NA,D,0,0,4978689.411,125,2004,24,20.78,80.67
104332,Active,159499,NA,NA,D,4,1,3841695.591,45.95,2003,27,4.44,41.53
104333,Active,531045,NA,NA,D,5,1,1994755.306,44.95,2008,13,8.68,16.96
104334,Active,884056,NA,NA,D,3,1,2844057.003,44.04,2006,13,38.06,44.04
104335,Active,2595270,NA,NA,D,0,0,4482759.065,69.95,1989,13,21.9,126.99
104336,Active,900213,NA,NA,D,0,0,8286799.676,99,1977,19,4.38,53.81
104337,Active,1471692,NA,NA,D,0,0,2512725.443,65,2009,18,24,65
104338,Active,2608405,NA,NA,D,2,1,5497312.426,120,1999,15,8.69,97.45
104339,Active,157644,NA,NA,D,1,0,785354.7963,73.95,2007,28,5.72,55.71
104340,Active,2591743,NA,NA,D,0,0,3486540.348,59.95,1986,13,6.05,675
104341,Active,2614480,NA,NA,D,2,1,3276765.808,104,2003,17,12.22,59.27
104342,Active,3506995,NA,NA,D,0,0,4334036.55,60,1996,46,14.37,49.13
104343,Active,173995,NA,NA,D,2,1,2420655.689,43.99,1996,38,4,48.01
104344,Active,2593464,NA,NA,D,0,0,2245664.519,84.95,1985,11,20.88,65.57
104345,Active,2590514,NA,NA,D,0,0,4234867.596,49.95,1981,15,31.09,79.59
104346,Active,1677835,NA,NA,D,0,0,6957470.046,158,2008,11,9.17,133.95
104347,Active,2598985,NA,NA,D,0,0,4779600.383,28.99,1993,31,4,18.98
104348,Active,902838,NA,NA,D,1,0,2725429.568,105,2010,18,35.84,87.03
104349,Active,1591550,NA,NA,D,0,0,3600908.904,110,2006,29,21.2,63.9
104350,Active,603254,NA,NA,D,0,0,4099893.149,37.5,2005,14,35.04,37.49
104351,Active,603722,NA,NA,D,1,0,4085997.989,89.95,2005,14,7.03,51.51
104352,Active,175171,NA,NA,D,0,0,2196191.753,64.99,2005,25,29.98,51.02
104353,Active,223834,NA,NA,D,5,1,2459058.411,72.95,2001,21,4,13.98
104354,Active,1627087,NA,NA,D,0,0,910387.145,62.95,2008,18,18.09,455.24
104355,Active,2377339,NA,NA,D,3,1,1654638.879,75.85,1990,12,8.78,55.15
104356,Active,101172,NA,NA,D,5,1,2308299.391,228.95,2000,20,4,12.05
104357,Active,288877,NA,NA,D,6,1,350810.7363,224.95,2002,32,4.98,14.06
104358,Active,2615273,NA,NA,D,0,0,3548344.683,110,2005,18,26.52,73.85
104359,Active,2601831,NA,NA,D,0,0,4933294.425,67.99,1996,13,22.54,168.43
104360,Active,2225566,NA,NA,D,0,0,511573.8125,42.25,2011,21,17.66,23.75
104361,Active,885040,NA,NA,D,0,0,2311068.746,57,2009,14,14.03,163.85
104362,Active,828688,NA,NA,D,0,0,476950.8875,48.55,1986,19,14.97,114.12
104363,Active,2607677,NA,NA,D,0,0,6144473.414,50,2004,18,7.52,48.19
104364,Active,1593940,NA,NA,D,1,0,4879630.591,99,2008,12,7.25,0
104365,Active,270908,NA,NA,D,1,0,2297054.464,75,2010,21,9.8,38.99
104366,Active,905284,NA,NA,D,2,1,832237.7788,24.35,2001,35,8.75,28.54
104367,Active,619307,NA,NA,D,0,0,1882984.746,44.95,2008,29,4,13.97
104368,Active,205796,NA,NA,D,3,1,1563028.804,46,2002,28,3.99,4.48
104369,Active,799412,NA,NA,D,0,0,2628555.089,55.95,2008,16,28.86,51.64
104370,Active,3787319,NA,NA,D,1,0,1491921.75,81,1994,60,16.19,69.49
104371,Active,1737204,NA,NA,D,1,0,1376384.358,210,2010,26,28.4,67.47
104372,Active,916568,NA,NA,D,0,0,279116.835,15.95,1979,44,7.92,45.79
104373,Active,188091,NA,NA,D,1,0,1194166.108,240,2007,11,63.97,63.98
104374,Active,2851337,NA,NA,D,0,0,3057059.744,275,2005,5,149.12,117.66
104375,Active,264894,NA,NA,D,2,1,1806322.961,94.95,2002,18,4,53.57
104376,Active,2676512,NA,NA,D,0,0,1558681.119,84.8,1990,35,4,23.94
104377,Active,2617133,NA,NA,D,1,0,1317197.718,35.25,1985,28,8.96,21.99
104378,Active,681939,NA,NA,D,0,0,430022.6738,44.95,2005,52,9.5,35.58
104379,Active,2331131,NA,NA,D,2,1,5902610.45,0,1974,22,4.53,39.07
104380,Active,2595100,NA,NA,D,1,0,1706931.275,95,1990,36,4.05,58.63
104381,Active,2338849,NA,NA,D,0,0,1346526.363,72.23,1974,30,8.99,71.87
104382,Active,131357,NA,NA,D,2,1,1460752.519,35.2,2000,40,4,23.92
104383,Active,3230265,NA,NA,D,3,1,1668910.05,143.25,2004,23,0,0
104384,Active,272928,NA,NA,D,1,0,3698597.011,291,1994,17,42.21,94.49
104385,Active,899569,NA,NA,D,1,0,3013415.638,68,2007,14,15.02,68.94
104386,Active,235189,NA,NA,D,0,0,623541.2,209,2000,30,7.35,91.44
104387,Active,1594786,NA,NA,D,1,0,3592986.348,99.99,2008,19,33.99,97.38
104388,Active,1701743,NA,NA,D,1,0,822113.72,49.95,2011,26,8.72,49.93
104389,Active,2562934,NA,NA,D,1,0,1962176.413,148.5,1996,21,8.49,59.18
104390,Active,2875865,NA,NA,D,0,0,860221.6688,57,1996,14,4,45.91
104391,Active,2572157,NA,NA,D,0,0,5618801.858,250,1994,16,21.9,78.49
104392,Active,129101,NA,NA,D,1,0,2153179.136,97,2007,15,22.99,72.23
104393,Active,2599448,NA,NA,D,0,0,2314129.284,120,1993,23,22.98,109.21
104394,Active,1587752,NA,NA,D,0,0,2340060.829,49.99,2012,13,33.11,34.97
104395,Active,2589560,NA,NA,D,1,0,2611979.833,37.5,1975,20,6.79,72.11
104396,Active,2594126,NA,NA,D,0,0,1071972.451,36.99,1984,27,12.94,66.76
104397,Active,212854,NA,NA,D,0,0,7301781.75,110,1999,15,38.93,99.8
104398,Active,280379,NA,NA,D,0,0,1857619.105,89.95,2006,20,52.4,68.94
104399,Active,911246,NA,NA,D,1,0,2305399.938,73,2008,25,15.44,59.85
104400,Active,2579971,NA,NA,D,1,0,3029252.91,70,1995,24,4.6,16.24
104401,Active,828586,NA,NA,D,1,0,534906.455,48,2001,32,4,6.88
104402,Active,2527333,NA,NA,D,1,0,2244486.72,145,1992,23,37.24,73.26
104403,Active,2594619,NA,NA,D,1,0,2799494.06,54.95,1989,14,28.93,90.31
104404,Active,3038152,NA,NA,D,0,0,3150580.65,39.95,1993,17,6.23,4.98
104405,Active,3488612,NA,NA,D,0,0,5223512,52,1994,24,4,7.4
104406,Active,2646406,NA,NA,D,0,0,1540562.621,658.81,1991,13,20.94,118.76
104407,Active,2600667,NA,NA,D,0,0,8788344.958,115.99,1995,13,28.79,119.64
104408,Active,1755192,NA,NA,D,0,0,704446.6275,54.95,2011,29,38.99,43.05
104409,Active,2088555,NA,NA,D,0,0,450074.0675,99.99,2012,38,22.83,22.17
104410,Active,729180,NA,NA,D,1,0,825216.3,160,1997,28,7.23,61.99
104411,Active,198994,NA,NA,D,0,0,758776.5288,286,1998,19,8.69,35.94
104412,Active,3605904,NA,NA,D,1,0,1909709.45,56.95,1992,50,13.62,33.93
104413,Active,3127682,NA,NA,D,0,0,3749104.258,250,2002,18,11.33,70.51
104414,Active,655676,NA,NA,D,0,0,125440.0175,56.95,2010,39,38.65,42.78
104415,Active,196857,NA,NA,D,1,0,454289.8325,72.97,1996,24,5.99,72.51
104416,Active,911498,NA,NA,D,1,0,6349989.53,75,2004,17,4.76,6.87
104417,Active,3783156,NA,NA,D,1,0,3701904.25,70,1988,38,4,8.98
104418,Active,2806667,NA,NA,D,1,0,3570487.256,50,2004,14,28.57,54.19
104419,Active,140917,NA,NA,D,0,0,2358694.78,59.95,1996,22,17.25,61.49
104420,Active,1840064,NA,NA,D,1,0,1536735.928,56.95,2006,15,35.47,44.22
104421,Active,3619099,NA,NA,D,2,1,2582840.6,45,1993,18,28.97,144.27
104422,Active,3822775,NA,NA,D,3,1,792920.5,65,1997,27,43.92,98.97
104423,Active,530815,NA,NA,D,2,1,115118.7325,152,2009,35,45.39,103.99
104424,Active,2569896,NA,NA,D,0,0,304841.97,78.85,1993,17,8.97,42.82
104425,Active,701303,NA,NA,D,1,0,1828688.328,99.95,2008,26,3.99,23.84
104426,Active,606834,NA,NA,D,2,1,4715964.358,32.5,2001,19,4,10.9
104427,Active,2648418,NA,NA,D,1,0,2083648.576,60.95,2001,29,5.41,36.66
104428,Active,2418959,NA,NA,D,9,1,5711515.236,38.02,2002,18,4.37,395.18
104429,Active,893630,NA,NA,D,0,0,1501930.565,38.25,2011,12,16.26,18.52
104430,Active,1594115,NA,NA,D,0,0,2259023.729,99.99,2008,19,13.93,89.52
104431,Active,599226,NA,NA,D,0,0,3077666.045,40,2006,25,4,44.34
104432,Active,2661029,NA,NA,D,0,0,1207641.854,65,1971,13,38.94,51.82
104433,Active,3290248,NA,NA,D,2,1,3771767.218,18.25,2005,23,6.71,13.22
104434,Active,1586224,NA,NA,D,1,0,2327297.57,109.99,2012,17,28.52,76.95
104435,Active,1588311,NA,NA,D,1,0,2257164.64,73,2010,16,23.97,71.07
104436,Active,1475420,NA,NA,D,1,0,2677555.273,80,2011,19,14.91,40.97
104437,Active,2786906,NA,NA,D,1,0,262756.1063,46,1988,27,23.57,62.99
104438,Active,210283,NA,NA,D,0,0,951989.7475,50,1996,33,14.62,42.49
104439,Active,175832,NA,NA,D,0,0,2478050.481,120,2006,21,43.96,80.17
104440,Active,128357,NA,NA,D,0,0,3413562.726,165,2006,15,58.98,139.86
104441,Active,2132075,NA,NA,D,0,0,979511.3625,99,2010,19,5.34,46.97
104442,Active,1839348,NA,NA,D,1,0,4210925.465,341.95,2006,15,36.24,89.92
104443,Active,653100,NA,NA,D,0,0,2139005.653,325,2011,21,74.9,118.49
104444,Active,3754571,NA,NA,D,0,0,747890.65,44.99,2014,26,15.97,23.68
104445,Active,754765,NA,NA,D,0,0,1324480.311,449.03,2002,25,6.08,95.51
104446,Active,212969,NA,NA,D,0,0,2142297.181,56.95,2005,13,7.7,33.99
104447,Active,637218,NA,NA,D,1,0,192358.215,48,2007,20,21.39,0
104448,Active,2056925,NA,NA,D,1,0,2542170.075,75,2009,10,39.94,0
104449,Active,137826,NA,NA,D,0,0,1323635.269,44,2007,29,4,42.89
104450,Active,199357,NA,NA,D,1,0,1887772.078,55.95,2004,25,4,13.49
104451,Active,312797,NA,NA,D,1,0,3176155.516,34.99,1999,32,3.79,11.95
104452,Active,325170,NA,NA,D,1,0,1930199.839,75,1997,33,14.34,124.09
104453,Active,2082186,NA,NA,D,0,0,607341.035,50,2012,28,10.17,93.71
104454,Active,170125,NA,NA,D,6,1,298477.4325,174.95,2010,105,4,32.8
104455,Active,182676,NA,NA,D,1,0,822603.2538,85.95,2004,30,4,35.61
104456,Active,2619087,NA,NA,D,1,0,3310259.561,53.95,1995,17,4,16.49
104457,Active,227208,NA,NA,D,1,0,711778.4613,42.95,1999,47,4,38.85
104458,Active,351912,NA,NA,D,3,1,1205049.256,44.95,2007,15,4,84.08
104459,Active,202170,NA,NA,D,1,0,1934086.49,266.95,1998,40,4.49,5.32
104460,Active,213292,NA,NA,D,1,0,495635.8288,54.95,2008,30,8.28,44.45
104461,Active,116081,NA,NA,D,0,0,1935057.821,60,2004,39,4,4.89
104462,Active,3026416,NA,NA,D,0,0,1628136.888,60.95,1997,26,4.19,44.96
104463,Active,2352729,NA,NA,D,2,1,4877889.66,67.39,2002,17,4,65.93
104464,Active,1625821,NA,NA,D,0,0,494530.1288,55,2011,24,11.14,44.4
104465,Active,1475631,NA,NA,D,1,0,2980150.105,100,2012,20,16.14,48.99
104466,Active,189913,NA,NA,D,1,0,831995.01,45,2005,35,4.47,17.17
104467,Active,564784,NA,NA,D,1,0,590121.7463,44.95,2011,21,14.93,44.95
104468,Active,226495,NA,NA,D,1,0,2662745.669,50,2002,17,5.24,25.24
104469,Active,2597192,NA,NA,D,0,0,2103157.96,22,1994,36,4,16.99
104470,Active,898407,NA,NA,D,7,1,4613315.768,80,2004,18,4.41,45.01
104471,Active,569072,NA,NA,D,8,1,3855227.493,76,2007,23,4.35,55.27
104472,Active,235670,NA,NA,D,1,0,1971165.808,60,2004,30,4,60.65
104473,Active,530573,NA,NA,D,1,0,2747012.703,82.95,2008,15,28.88,137.91
104474,Active,763241,NA,NA,D,1,0,5024260.255,225,2002,16,6.34,89.99
104475,Active,653968,NA,NA,D,0,0,664590.0525,49.99,2003,28,24.25,449.26
104476,Active,294640,NA,NA,D,1,0,1501035.525,29.95,2000,26,4,29.9
104477,Active,914531,NA,NA,D,0,0,911687.0763,44.95,1992,29,4.97,18.94
104478,Active,2612525,NA,NA,D,1,0,3304422.643,140,2001,50,11.98,11.52
104479,Active,149405,NA,NA,D,2,1,5490652.594,47.98,2005,26,4.76,47.93
104480,Active,909531,NA,NA,D,2,1,2576349.184,35.95,2004,22,4,7.77
104481,Active,164623,NA,NA,D,0,0,2086998.413,111,2003,25,4.01,13.24
104482,Active,133150,NA,NA,D,4,1,30444.63625,202.65,2010,48,13.9,118.99
104483,Active,2590580,NA,NA,D,0,0,2452762.438,54.95,1982,18,11.01,71.85
104484,Active,3484093,NA,NA,D,1,0,1263726.4,150,2013,34,28.99,32.96
104485,Active,765408,NA,NA,D,5,1,2875454.4,65.12,2002,23,5.95,24.99
104486,Active,900859,NA,NA,D,0,0,1949606.21,63.5,2000,29,4,27.49
104487,Active,723754,NA,NA,D,1,0,1259550.628,61,2009,20,8.52,19.89
104488,Active,2768547,NA,NA,D,1,0,1393461.051,37.99,1999,17,3.98,70.89
104489,Active,369429,NA,NA,D,1,0,1465606.081,85,2003,15,18.93,108.24
104490,Active,1711513,NA,NA,D,2,1,405215.4925,50,2006,21,4.12,44.6
104491,Active,1711514,NA,NA,D,2,1,678915.5113,19.95,2006,50,4,7.68
104492,Active,760562,NA,NA,D,1,0,1929894.994,55,2004,23,11.99,35.49
104493,Active,3621969,NA,NA,D,0,0,1924109.35,25,2010,20,37.68,161.07
104494,Active,175315,NA,NA,D,1,0,1284357.426,32.99,2005,39,4,6.86
104495,Active,2753629,NA,NA,D,0,0,2154505.841,125,2003,19,16.49,28.99
104496,Active,912808,NA,NA,D,4,1,2149194.171,34.95,2001,17,3.99,4.5
104497,Active,2895222,NA,NA,D,15,1,2012111.894,195,2003,24,13.41,28.99
104498,Active,612832,NA,NA,D,1,0,179876.395,39.95,1990,385,4,9.46
104499,Active,723732,NA,NA,D,1,0,1201872.354,49.95,2010,22,33.99,43.19
104500,Active,230414,NA,NA,D,0,0,495017.6163,48,2001,34,7.92,48
104501,Active,871662,NA,NA,D,0,0,6104869.63,168.75,2005,17,6.76,49.61
104502,Active,654637,NA,NA,D,0,0,1767209.383,79.95,2013,50,56.99,61.03
104503,Active,196547,NA,NA,D,6,1,1422514.324,137,2005,25,21.95,87.74
104504,Active,226131,NA,NA,D,1,0,1709698.955,94.95,1996,17,6.39,43.98
104505,Active,657367,NA,NA,D,0,0,1451774.829,59.95,2009,25,23.83,36.48
104506,Active,899217,NA,NA,D,0,0,1278079.233,37.95,1992,16,53.99,181.79
104507,Active,895801,NA,NA,D,5,1,4387775.808,72.5,1999,16,4,67.15
104508,Active,574727,NA,NA,D,0,0,2169849.535,146,2008,19,4.58,37.99
104509,Active,915668,NA,NA,D,2,1,5563492.405,31.95,1983,40,4,15
104510,Active,2615343,NA,NA,D,0,0,870071.4163,59.99,2005,23,19.74,22.8
104511,Active,635125,NA,NA,D,1,0,920395.5175,42.95,2009,50,6.38,19.83
104512,Active,898917,NA,NA,D,0,0,1586380.934,65.95,1978,25,5.34,47.3
104513,Active,919294,NA,NA,D,1,0,388579.4625,50,1995,55,4.77,27.45
104514,Active,206115,NA,NA,D,1,0,192988.8325,55,2007,25,20.75,57.38
104515,Active,3070230,NA,NA,D,0,0,29688.91375,27.5,2003,59,8.32,17.56
104516,Active,1488918,NA,NA,D,1,0,1000388.865,46.95,2009,27,7.24,99.33
104517,Active,3599062,NA,NA,D,1,0,5543514.5,49.95,1996,13,23.97,41.94
104518,Active,3109958,NA,NA,D,0,0,1192735.226,43.76,2002,33,4.56,46.27
104519,Active,2778955,NA,NA,D,1,0,2023654.418,179,1994,20,6.37,62.03
104520,Active,909172,NA,NA,D,1,0,742041.4213,20,1983,28,11.99,83.05
104521,Active,2570336,NA,NA,D,1,0,7841461.241,79.95,1992,20,4.17,29.24
104522,Active,295019,NA,NA,D,1,0,1447035.519,49.95,2001,47,11.59,43.58
104523,Active,758193,NA,NA,D,1,0,3656602.703,110,1998,25,4,15.42
104524,Active,3491197,NA,NA,D,0,0,1563622.65,50,1993,26,7.45,59.99
104525,Active,2138808,NA,NA,D,0,0,2761179.745,145,2007,21,7.1,18.99
104526,Active,644050,NA,NA,D,0,0,1506462.078,109,2008,39,58.99,49.7
104527,Active,2408124,NA,NA,D,0,0,2602610.86,19.95,1997,57,4,8.49
104528,Active,670561,NA,NA,D,0,0,592723.6363,51.4,2012,17,61.47,111.91
104529,Active,2609388,NA,NA,D,0,0,5812754.909,149.99,1999,12,26.07,122.25
104530,Active,2648439,NA,NA,D,0,0,1126333.686,56.95,1991,22,15.75,41.99
104531,Active,3147421,NA,NA,D,0,0,1051468.8,79.99,2003,12,48.94,53.32
104532,Active,2502136,NA,NA,D,0,0,1614928.898,79.95,1997,24,34.79,66.93
104533,Active,556132,NA,NA,D,0,0,469988.7838,85,2002,20,6.39,50.48
104534,Active,626420,NA,NA,D,0,0,115438.75,54.95,2005,65,21.89,39.5
104535,Active,2332108,NA,NA,D,1,0,1555428.363,211.31,1965,15,18.98,211.31
104536,Active,666766,NA,NA,D,1,0,1760059.339,90,2008,21,43.94,72.87
104537,Active,2527502,NA,NA,D,0,0,5861891.883,35.95,1984,34,4,13.79
104538,Active,1694333,NA,NA,D,1,0,787804.6763,57,2009,15,28.54,49.06
104539,Active,1533953,NA,NA,D,0,0,2491801.418,149,2007,24,33.94,37.9
104540,Active,2489600,NA,NA,D,0,0,7256224.309,56.84,2001,14,4,52.75
104541,Active,912139,NA,NA,D,0,0,3606027.691,34.95,1988,27,4.98,27.32
104542,Active,912502,NA,NA,D,0,0,1158991.131,90,1994,34,11.09,73.15
104543,Active,175859,NA,NA,D,1,0,3175678.171,145,2006,25,21.53,63.18
104544,Active,2109472,NA,NA,D,0,0,3169880.976,32.5,2011,10,29.7,190.62
104545,Active,913625,NA,NA,D,0,0,7764724.179,28.95,1992,30,4.41,31.49
104546,Active,896669,NA,NA,D,5,1,7694369.648,93.4,1997,19,4.83,7.96
104547,Active,905892,NA,NA,D,1,0,819923.785,48,1994,17,6.38,177.31
104548,Active,746738,NA,NA,D,0,0,843084.2725,39.95,2009,23,28.99,102.99
104549,Active,2898105,NA,NA,D,0,0,1488983.568,74.95,1985,26,4,48.76
104550,Active,3122214,NA,NA,D,1,0,5894784.769,60,2002,15,16.46,398.51
104551,Active,2363457,NA,NA,D,2,1,1168401.429,86.95,2001,19,11.03,65.92
104552,Active,2418541,NA,NA,D,0,0,1711489.496,70,2004,17,17.98,48.98
104553,Active,2026016,NA,NA,D,1,0,555100.6838,40,2007,27,8.15,23.99
104554,Active,725662,NA,NA,D,0,0,9635671.9,39.95,2002,12,7.66,0
104555,Active,915518,NA,NA,D,0,0,2379641.945,150,1993,50,6.93,25.99
104556,Active,2076929,NA,NA,D,0,0,2957456.869,39.99,2011,19,4.98,32.92
104557,Active,3041458,NA,NA,D,0,0,3042587.135,34.95,2002,17,11.99,53.48
104558,Active,495529,NA,NA,D,2,1,5087715.9,445,2007,15,83.73,126.54
104559,Active,218686,NA,NA,D,0,0,3028407.329,75,1999,30,4.78,66.51
104560,Active,218703,NA,NA,D,0,0,1661619.531,75,2000,20,8.76,53.53
104561,Active,905965,NA,NA,D,1,0,2646185.31,45.95,2004,26,4,24.87
104562,Active,276527,NA,NA,D,2,1,2199456.884,35.95,2003,22,4.22,5.99
104563,Active,2436777,NA,NA,D,0,0,1984308.18,55,2005,11,33.64,15.98
104564,Active,2119881,NA,NA,D,0,0,2460212.491,9.95,2009,19,4.13,7.48
104565,Active,2608337,NA,NA,D,1,0,3875812.089,239.99,2001,20,69.6,136.66
104566,Active,157559,NA,NA,D,2,1,610778.8175,70.95,2009,33,6.84,42.99
104567,Active,2607449,NA,NA,D,0,0,5341256.51,63.99,2005,13,22.33,116.04
104568,Active,280909,NA,NA,D,0,0,903530.0813,169,2006,22,59.98,112.67
104569,Active,175645,NA,NA,D,1,0,3524938.099,209.99,2007,22,72.37,161.04
104570,Active,2675392,NA,NA,D,4,1,929455.2275,95.95,1985,21,17.88,93.56
104571,Active,728800,NA,NA,D,0,0,3407380.903,53.89,2001,11,5.28,27.59
104572,Active,1479721,NA,NA,D,1,0,1522052.388,82,2012,20,19.37,53.97
104573,Active,2609476,NA,NA,D,1,0,3835042.533,194.99,2000,23,8.99,76.83
104574,Active,2591446,NA,NA,D,1,0,3164932.23,39.5,1985,10,11.5,2415
104575,Active,2582558,NA,NA,D,0,0,1564266.521,19.95,2003,12,23.94,39.5
104576,Active,2801740,NA,NA,D,0,0,1469750.029,80,1994,32,8.48,68.25
104577,Active,2125270,NA,NA,D,0,0,1379552.395,219,2007,19,9.37,91.53
104578,Active,1667517,NA,NA,D,0,0,2139908.339,60,2014,33,4,46.83
104579,Active,3742343,NA,NA,D,0,0,1915897.05,36.95,2009,27,40.11,36.95
104580,Active,1641549,NA,NA,D,0,0,2966682.033,150,2010,16,43.84,63.94
104581,Active,201099,NA,NA,D,0,0,2554495.34,59.95,2007,17,18.53,43.99
104582,Active,2647222,NA,NA,D,0,0,8916354.95,49.95,1992,11,8.53,53.99
104583,Active,3618916,NA,NA,D,0,0,1964334.45,0,1984,18,5.86,43.98
104584,Active,2809986,NA,NA,D,1,0,4276465.361,59.95,1996,10,23.47,35.99
104585,Active,2598304,NA,NA,D,0,0,983135.4175,167.99,1995,23,13.94,61.22
104586,Active,439551,NA,NA,D,0,0,1829479.831,289,2009,19,172.86,216.32
104587,Active,3813606,NA,NA,D,0,0,843747.05,38.95,2010,64,6.99,23.79
104588,Active,1591797,NA,NA,D,1,0,1666292.41,110,2006,28,8.13,46.93
104589,Active,659747,NA,NA,D,0,0,4342911.671,125,2006,14,10.07,58.16
104590,Active,640812,NA,NA,D,0,0,2272029.603,75,2003,23,4.12,28.94
104591,Active,899857,NA,NA,D,0,0,4726584.68,59.95,2000,17,4,10.99
104592,Active,914350,NA,NA,D,1,0,2127099.961,125,2007,30,4,56.17
104593,Active,1692495,NA,NA,D,1,0,897811.6163,73.5,2006,22,5.54,18.96
104594,Active,1470125,NA,NA,D,1,0,2596611.43,150,2006,24,24.96,72.13
104595,Active,2604569,NA,NA,D,0,0,2438865.378,174.99,1999,22,22.52,26.96
104596,Active,2594252,NA,NA,D,0,0,4739448.749,69.95,1990,16,34.17,86.2
104597,Active,3527626,NA,NA,D,0,0,392834.1,41.95,1985,67,6.91,33.99
104598,Active,636452,NA,NA,D,1,0,483912.9413,50,1998,19,10.87,31.98
104599,Active,2595033,NA,NA,D,1,0,3781090.84,74.95,1989,12,43.99,128.36
104600,Active,291317,NA,NA,D,1,0,9636208.501,144.99,2000,10,6.38,106.7
104601,Active,2530634,NA,NA,D,4,1,6175735.719,53.95,2001,15,6.34,38.94
104602,Active,2418334,NA,NA,D,1,0,1572223.806,165,2001,16,6.39,113.99
104603,Active,2667311,NA,NA,D,0,0,1453844.629,52.5,1991,16,4,17.59
104604,Active,1768606,NA,NA,D,0,0,590448.975,27.99,2014,25,10.53,26.88
104605,Active,2135534,NA,NA,D,0,0,53336.2175,42.95,2011,37,8.39,24.12
104606,Active,2588129,NA,NA,D,1,0,1491053.303,104.81,1968,26,25.27,86.22
104607,Active,2600502,NA,NA,D,0,0,2177749.978,109.99,1995,17,18.65,94.25
104608,Active,2419845,NA,NA,D,0,0,1514565.835,45,2005,19,6.38,72.59
104609,Active,1645944,NA,NA,D,1,0,772869.82,52,2006,40,6.73,26.02
104610,Active,685784,NA,NA,D,0,0,112956.2488,27.95,2007,33,11.19,17.24
104611,Active,1594333,NA,NA,D,1,0,2104698.185,120,2008,18,39.14,44.92
104612,Active,718307,NA,NA,D,0,0,3854368.773,45,2003,13,24.86,79.57
104613,Active,3544484,NA,NA,D,1,0,3539053.15,61.2,2001,23,4,35.82
104614,Active,2702270,NA,NA,D,0,0,769863.0975,100,2004,23,6.48,51.58
104615,Active,2594686,NA,NA,D,0,0,2237931.055,124.99,1987,21,14.06,103.97
104616,Active,2614957,NA,NA,D,0,0,1729453.638,114.99,2004,15,33.93,100.55
104617,Active,1653075,NA,NA,D,0,0,2203263.904,19.96,2008,11,16.32,18.77
104618,Active,113027,NA,NA,D,1,0,1126544.964,77.95,2001,16,7.32,89.79
104619,Active,905671,NA,NA,D,1,0,2573860.495,94.99,2009,17,18.99,33.98
104620,Active,2613164,NA,NA,D,1,0,2010708.058,105,2001,33,4,9.78
104621,Active,882343,NA,NA,D,0,0,4111156.478,220,1997,14,30.09,116.19
104622,Active,2600092,NA,NA,D,1,0,1301187.323,104.99,1993,20,6.11,58.41
104623,Active,128968,NA,NA,D,0,0,3663256.821,110,2005,16,46.16,99.99
104624,Active,3127679,NA,NA,D,0,0,2014695.056,1500,1996,9,245.23,675
104625,Active,3800819,NA,NA,D,0,0,4486247.8,26.99,2010,9,40.62,100.6
104626,Active,2894473,NA,NA,D,4,1,582038.9388,79.95,1999,20,4.98,177.37
104627,Active,1731788,NA,NA,D,6,1,932542.6363,40,2009,25,9.06,110.78
104628,Active,2550667,NA,NA,D,3,1,705680.5663,185,1993,18,39.26,1088.73
104629,Active,2696607,NA,NA,D,2,1,776308.1488,42.5,1992,18,4.37,47.26
104630,Active,757724,NA,NA,D,1,0,2049239.609,69.95,2002,29,3.99,28.98
104631,Active,1623560,NA,NA,D,1,0,1661512.698,67.95,2006,13,12.84,60.71
104632,Active,863375,NA,NA,D,2,1,1048648.678,74.95,2006,23,38.96,60.69
104633,Active,205676,NA,NA,D,1,0,211232.71,66,1999,46,4,43.98
104634,Active,2724880,NA,NA,D,0,0,7304301.45,0,2003,7,9.25,0
104635,Active,2648387,NA,NA,D,0,0,2237762.421,66.95,1997,17,17.14,57.93
104636,Active,246767,NA,NA,D,1,0,2285736.996,239.95,2009,30,11.35,84.37
104637,Active,2648313,NA,NA,D,1,0,3427645.838,252.95,2001,19,8.32,96.56
104638,Active,573832,NA,NA,D,0,0,713233.3088,60,1995,18,11.7,50.97
104639,Active,105726,NA,NA,D,5,1,2656056.375,115,2001,38,4,17.13
104640,Active,164609,NA,NA,D,1,0,1158040.799,200,2005,32,71.68,0
104641,Active,165535,NA,NA,D,1,0,1148118.255,85,2005,32,4,32.43
104642,Active,2561628,NA,NA,D,0,0,3512314.448,100.81,1982,19,4,72.43
104643,Active,902713,NA,NA,D,0,0,1660169.185,57,2009,39,20.95,30.68
104644,Active,2869294,NA,NA,D,1,0,1120162.965,95,1995,51,4,21.49
104645,Active,1839903,NA,NA,D,1,0,3755773.885,239.95,2009,19,26.94,143.71
104646,Active,2576950,NA,NA,D,2,1,6086391.7,84.95,1988,22,4.94,26.99
104647,Active,639966,NA,NA,D,1,0,986052.4513,75,2011,15,16.93,91.99
104648,Active,3112472,NA,NA,D,1,0,1362144.764,145,2004,20,32.33,118.82
104649,Active,3125868,NA,NA,D,0,0,2434013.46,75,1997,23,4.4,31.48
104650,Active,1837324,NA,NA,D,1,0,1648950.168,44,2007,12,30.89,0
104651,Active,2648762,NA,NA,D,1,0,2974151.321,79.95,1999,17,4.35,79.56
104652,Active,184268,NA,NA,D,0,0,1509153.149,78.95,1996,21,23.1,81.53
104653,Active,184367,NA,NA,D,0,0,864468.9188,69,2003,22,4.39,19.99
104654,Active,309632,NA,NA,D,2,1,4769074.858,68.01,1998,22,4.77,47.58
104655,Active,2527886,NA,NA,D,1,0,8281299.854,57.95,1993,20,4,38.6
104656,Active,129091,NA,NA,D,0,0,1732609.398,199,2006,15,38.04,150.07
104657,Active,2130937,NA,NA,D,0,0,4048402.515,239,2011,13,25.49,89.05
104658,Active,184393,NA,NA,D,1,0,4371163.075,176.95,2003,13,19.91,169.12
104659,Active,793801,NA,NA,D,1,0,494413.5975,145,2004,17,22.24,120.72
104660,Active,912032,NA,NA,D,1,0,1464598.413,85.95,1999,25,5.46,33.74
104661,Active,913511,NA,NA,D,1,0,2689650.946,185,1999,27,5.9,98.23
104662,Active,908674,NA,NA,D,1,0,3645462.718,150,2000,19,7.08,49.53
104663,Active,801611,NA,NA,D,2,1,3261785.623,186,2009,17,44.8,131.62
104664,Active,2874619,NA,NA,D,0,0,1683101.233,29.95,1991,21,4,40
104665,Active,1752980,NA,NA,D,1,0,604676.0313,48.95,2010,33,7.35,23.99
104666,Active,548481,NA,NA,D,1,0,13817038.96,35.15,1987,18,4.09,14.93
104667,Active,102359,NA,NA,D,1,0,250422.21,28.95,1997,79,5.51,30.99
104668,Active,2159396,NA,NA,D,1,0,1256102.218,49.95,2007,40,4,9.99
104669,Active,788743,NA,NA,D,2,1,3938221.23,199,2000,21,8.98,82.56
104670,Active,869627,NA,NA,D,0,0,3125794.346,70.95,2002,16,4,43.98
104671,Active,439392,NA,NA,D,0,0,1473620.921,129,2006,25,14.7,78.77
104672,Active,870692,NA,NA,D,1,0,1826363.731,85,2004,35,4,30.99
104673,Active,635220,NA,NA,D,1,0,394806.4838,89,2008,26,28.63,105.12
104674,Active,2565766,NA,NA,D,1,0,1219025.75,275,1980,16,17.13,75.59
104675,Active,2596396,NA,NA,D,0,0,3197295.851,99.99,1990,20,35.62,89.36
104676,Active,2767551,NA,NA,D,0,0,767684.1663,45,2002,21,15.22,41.47
104677,Active,2243867,NA,NA,D,0,0,642350.9013,18.95,2006,19,13.79,14.91
104678,Active,900960,NA,NA,D,0,0,1189428.964,41.99,1981,30,4,67.03
104679,Active,902441,NA,NA,D,0,0,1123342.279,25,1999,18,27.2,53.98
104680,Active,132801,NA,NA,D,4,1,1165411.856,98.8,2008,35,22.78,135.79
104681,Active,827158,NA,NA,D,1,0,747458.5338,40.5,2000,28,4.45,43.8
104682,Active,634439,NA,NA,D,0,0,793285.7363,39.95,2009,24,6.48,38.97
104683,Active,336611,NA,NA,D,0,0,2805262.083,59.95,2004,24,12.32,115.75
104684,Active,2594605,NA,NA,D,1,0,4419348.179,316,2002,14,71.99,114.15
104685,Active,2418125,NA,NA,D,1,0,4799853.44,150,2002,15,34.88,94.88
104686,Active,2791825,NA,NA,D,1,0,468750.56,45,1994,46,4,24.99
104687,Active,651527,NA,NA,D,1,0,1417112.768,45,2001,20,12.99,37.78
104688,Active,667682,NA,NA,D,1,0,1954278.179,53,2011,18,21.53,45.3
104689,Active,2009472,NA,NA,D,1,0,1662755.708,37.95,2006,26,4.63,43.74
104690,Active,645311,NA,NA,D,0,0,342985.5088,38.95,2007,29,20.16,38.56
104691,Active,1658080,NA,NA,D,1,0,3578788.633,90.62,2009,19,5.99,34.95
104692,Active,3502630,NA,NA,D,0,0,1009641.8,61,2003,28,4,46.79
104693,Active,2596525,NA,NA,D,1,0,8219240.58,54.95,1990,13,21.82,75.6
104694,Active,294406,NA,NA,D,1,0,1164818.796,58.95,2006,35,25.66,38.76
104695,Active,2406634,NA,NA,D,0,0,631881.3138,29.95,1998,19,10.62,29.95
104696,Active,3502571,NA,NA,D,0,0,1541570.3,61,2002,44,4,53.71
104697,Active,142574,NA,NA,D,0,0,2670062.758,55,2000,27,4,18.99
104698,Active,908169,NA,NA,D,0,0,1189787.335,49.95,2009,38,11.99,26.99
104699,Active,100209,NA,NA,D,0,0,703887.6325,13.53,2002,15,12.49,13.18
104700,Active,142572,NA,NA,D,0,0,1659432.21,61,1999,26,6.76,55.43
104701,Active,3033912,NA,NA,D,1,0,727639.6025,71.95,1993,22,11.48,1227.4
104702,Active,2753579,NA,NA,D,0,0,1325922.089,75,2003,16,27.34,148.97
104703,Active,122598,NA,NA,D,0,0,186943.1713,12,2005,56,5.86,9.49
104704,Active,759350,NA,NA,D,1,0,1203310.835,80,2000,35,4,23
104705,Active,897445,NA,NA,D,0,0,2030378.178,32.95,2007,20,4,279.33
104706,Active,884922,NA,NA,D,1,0,9124244.335,115.95,2008,24,21.01,85.12
104707,Active,2419483,NA,NA,D,1,0,4169439.249,190,2005,23,27.79,86.82
104708,Active,2533075,NA,NA,D,0,0,1214857.99,44.95,2000,30,4,52.21
104709,Active,2646560,NA,NA,D,0,0,2922035.016,23.95,1989,26,4,30.77
104710,Active,744472,NA,NA,D,1,0,1579489.893,42.95,2001,20,8.42,71.21
104711,Active,1469425,NA,NA,D,1,0,4556199.178,160,2008,17,83.94,103.99
104712,Active,2902439,NA,NA,D,0,0,1832879.59,40,2005,12,4.69,73.75
104713,Active,909368,NA,NA,D,1,0,1466578.291,53,2007,18,14.81,45.78
104714,Active,3553092,NA,NA,D,0,0,510319.45,58,2007,74,20.2,37.93
104715,Active,898386,NA,NA,D,0,0,4257017.174,50,1996,14,28.94,45.5
104716,Active,217612,NA,NA,D,2,1,874684.1738,27.5,2007,31,6.46,0
104717,Active,1592189,NA,NA,D,0,0,3064365.261,175,2006,22,23.78,118.87
104718,Active,1474582,NA,NA,D,1,0,3027569.96,78,2010,21,31.22,77.72
104719,Active,231585,NA,NA,D,1,0,1062584.321,99.95,1999,12,45.15,53.99
104720,Active,523597,NA,NA,D,0,0,1554396.945,259,2006,15,111.34,188.49
104721,Active,246737,NA,NA,D,1,0,1522087.491,50.95,2009,24,4,33.94
104722,Active,902868,NA,NA,D,1,0,3938624.239,111.95,2009,18,7.98,48.78
104723,Active,503006,NA,NA,D,0,0,2697018.839,95,1998,25,4,66.47
104724,Active,3021488,NA,NA,D,0,0,2057277.056,45.95,1991,27,6.38,31.99
104725,Active,504042,NA,NA,D,6,1,2298973.58,149,2005,16,19.34,34.2
104726,Active,2363172,NA,NA,D,2,1,4204775.696,345,2004,12,64.04,181.43
104727,Active,481359,NA,NA,D,1,0,1579717.88,78.95,1998,16,35.08,49.98
104728,Active,479501,NA,NA,D,0,0,589376.1875,80,2002,25,5.47,18.98
104729,Active,443424,NA,NA,D,0,0,1821747.881,48.95,1997,59,3,12.74
104730,Active,254264,NA,NA,D,1,0,800590.885,64.95,2009,23,4,33.79
104731,Active,515048,NA,NA,D,4,1,3527021.186,60,1999,23,4.5,15.31
104732,Active,481394,NA,NA,D,0,0,2577817.533,110,2002,17,6.94,72.17
104733,Active,416033,NA,NA,D,4,1,1434930.354,24.38,2001,65,3.95,4.13
104734,Active,107721,NA,NA,D,4,1,2502305.389,66.56,2001,25,4.84,47.9
104735,Active,115139,NA,NA,D,1,0,1258951.976,35.4,2007,38,4,9.99
104736,Active,916919,NA,NA,D,0,0,264488.8688,31.25,1993,41,4.98,64.43
104737,Active,2674073,NA,NA,D,0,0,5591586.428,74.95,1989,13,5.79,54.97
104738,Active,2578648,NA,NA,D,1,0,1362378.791,89,1987,17,13.46,108.31
104739,Active,2594392,NA,NA,D,1,0,1835021.055,49.5,1988,15,8.33,151.59
104740,Active,207402,NA,NA,D,0,0,576007.495,79.99,1999,19,42.71,53.32
104741,Active,2661149,NA,NA,D,0,0,1384311.239,67.5,1995,14,4,66.12
104742,Active,719128,NA,NA,D,0,0,2029919.553,55,1999,13,29.95,52.68
104743,Active,1837554,NA,NA,D,0,0,9310608.373,115,2007,14,24.44,61.12
104744,Active,2893564,NA,NA,D,2,1,4067.305,31.95,2005,94,14.62,18.27
104745,Active,2880336,NA,NA,D,0,0,1740581.528,46.9,1994,23,4.21,70.43
104746,Active,283944,NA,NA,D,0,0,1328101.565,46,1996,19,28.24,0
104747,Active,780766,NA,NA,D,2,1,3551288.565,39.95,2002,22,4.97,14.99
104748,Active,3574650,NA,NA,D,0,0,1161402.45,79,2003,31,47.09,151.28
104749,Active,2696052,NA,NA,D,1,0,1342896.539,125.95,2002,24,54.89,86.42
104750,Active,858602,NA,NA,D,1,0,1959483.58,27.5,1996,29,4,14.99
104751,Active,573164,NA,NA,D,0,0,511191.7975,100,2010,16,79.21,80.86
104752,Active,658198,NA,NA,D,2,1,1048758.969,100,2012,21,69.77,81.74
104753,Active,2601517,NA,NA,D,0,0,2175251.2,10.95,1994,21,4.82,34.94
104754,Active,652927,NA,NA,D,3,1,1259044.674,325,2005,18,109.34,196.2
104755,Active,1533350,NA,NA,D,1,0,2171948.604,79.95,2006,14,53.94,58.98
104756,Active,723426,NA,NA,D,1,0,2428881.136,73,2009,19,17.94,73
104757,Active,1678113,NA,NA,D,0,0,3011960.228,95,2011,18,6.48,76.19
104758,Active,1479619,NA,NA,D,1,0,3139988.141,115,2012,19,18.63,91.28
104759,Active,1468402,NA,NA,D,0,0,779575.5163,59,2007,20,25.75,70.51
104760,Active,630962,NA,NA,D,1,0,640808.65,39.95,2010,28,10.07,32.49
104761,Active,3616376,NA,NA,D,0,0,2664616.25,45,1982,18,34.16,98.21
104762,Active,647606,NA,NA,D,1,0,4401859.58,120,2009,21,4.4,18.49
104763,Active,189874,NA,NA,D,0,0,607280.16,52,2005,14,14.41,26.74
104764,Active,858535,NA,NA,D,1,0,65749.92,28,1992,60,5.17,40.28
104765,Active,897599,NA,NA,D,0,0,2367531.95,69.95,2003,20,8.87,28.99
104766,Active,916312,NA,NA,D,1,0,1871379.489,144.2,1982,35,4,67.44
104767,Active,1490084,NA,NA,D,0,0,2314498.221,24.95,2006,19,14.5,18.98
104768,Active,130257,NA,NA,D,2,1,2056398.666,39.95,1995,40,4.8,41.36
104769,Active,225419,NA,NA,D,3,1,3174113.136,42.95,1998,24,4,28.49
104770,Active,226072,NA,NA,D,1,0,3226830.161,191.95,1997,17,15.68,52.98
104771,Active,2186154,NA,NA,D,0,0,1099523.983,159,2010,20,115.52,114.75
104772,Active,914621,NA,NA,D,1,0,1231836.773,30,1998,21,3.99,9.89
104773,Active,2528643,NA,NA,D,1,0,1486853.994,26.95,1991,29,4,20.99
104774,Active,1680923,NA,NA,D,0,0,8114075.585,93.95,2007,0,0,0
104775,Active,627090,NA,NA,D,0,0,1131016.778,142,1971,35,4.39,132.87
104776,Active,1593699,NA,NA,D,1,0,5489754.281,110,2007,24,23.15,57.7
104777,Active,129026,NA,NA,D,2,1,2778976.893,49.95,2006,31,4,5.88
104778,Active,2441974,NA,NA,D,0,0,752455.645,179,1978,26,4,75.51
104779,Active,645672,NA,NA,D,1,0,1746835.295,70,2001,18,9.48,24.48
104780,Active,774538,NA,NA,D,1,0,1167430.023,94.95,2000,34,4.35,47.54
104781,Active,294123,NA,NA,D,2,1,2896135.239,39.95,2000,22,4,10.91
104782,Active,908553,NA,NA,D,0,0,2987188.681,54.95,2009,21,6.87,52.67
104783,Active,757394,NA,NA,D,0,0,3957660.446,233.95,1997,15,158.67,198.57
104784,Active,1765685,NA,NA,D,0,0,2238186.114,155,2014,44,4.78,69.69
104785,Active,271413,NA,NA,D,0,0,883814.79,79.99,2010,33,8.44,0
104786,Active,564671,NA,NA,D,1,0,595538.4388,36.95,2006,28,8.49,31.22
104787,Active,2774358,NA,NA,D,0,0,3180242.965,60.5,1997,18,22.68,115.98
104788,Active,1469845,NA,NA,D,2,1,6663244.871,467.5,2007,12,71.03,356.38
104789,Active,210350,NA,NA,D,0,0,935933.27,75,1995,31,5.97,58.49
104790,Active,2449995,NA,NA,D,0,0,3284457.58,23.75,1994,18,4.17,29.95
104791,Active,648530,NA,NA,D,0,0,2480035.929,179,2002,21,4.29,27.22
104792,Active,563314,NA,NA,D,1,0,169612.445,21.95,1968,66,4,16.79
104793,Active,177422,NA,NA,D,5,1,4685761.001,69.95,2000,30,4.96,13.7
104794,Active,2505354,NA,NA,D,0,0,2096280.533,50,1992,21,29.23,82.24
104795,Active,538379,NA,NA,D,3,1,2492287.874,43.43,2006,33,4,16.48
104796,Active,2354945,NA,NA,D,0,0,2005563.228,77.05,1993,24,43.99,524.27
104797,Active,692272,NA,NA,D,1,0,1529065.605,27.95,1997,45,4,33.94
104798,Active,900271,NA,NA,D,0,0,4331666.756,145,1996,16,10.53,101.03
104799,Active,2805326,NA,NA,D,1,0,1657590.788,19.95,1991,21,24.63,78.02
104800,Active,900805,NA,NA,D,0,0,1920216.229,77,2004,14,24.99,46.96
104801,Active,1593200,NA,NA,D,1,0,4164624.078,99.99,2008,17,39.99,39.97
104802,Active,1468345,NA,NA,D,1,0,2167736.384,135,2008,17,43.99,58.17
104803,Active,2405678,NA,NA,D,1,0,1143807.635,125,1991,24,6.62,69.35
104804,Active,3624186,NA,NA,D,2,1,1204523.1,54,2013,23,7.94,73.43
104805,Active,2599394,NA,NA,D,0,0,1737845.988,66.99,1992,17,22.89,81.49
104806,Active,2615497,NA,NA,D,0,0,5379755.644,65,2005,14,4,49.21
104807,Active,1594740,NA,NA,D,2,1,2346057.236,99.99,2007,17,38.8,39.99
104808,Active,2527754,NA,NA,D,0,0,4324486.229,22.95,1992,13,6.88,113.26
104809,Active,3564985,NA,NA,D,1,0,6572612.7,0,2002,27,4,20.99
104810,Active,2419115,NA,NA,D,0,0,2727583.19,73,2003,21,16.01,28.49
104811,Active,2667724,NA,NA,D,1,0,778061.6938,45,2004,26,18.32,72.21
104812,Active,127000,NA,NA,D,0,0,35441.33625,32.99,2003,45,15.39,25.2
104813,Active,2615194,NA,NA,D,1,0,2243928.526,64.99,2005,19,21.25,21.21
104814,Active,914560,NA,NA,D,1,0,353729.8225,42.95,1991,29,4.79,31
104815,Active,1592259,NA,NA,D,1,0,4882763.084,120,2007,33,10.65,72.65
104816,Active,2851530,NA,NA,D,1,0,1204040.885,249.95,2001,18,102.21,357.63
104817,Active,2777782,NA,NA,D,1,0,305291.5588,75,1994,18,8.47,34.83
104818,Active,2605959,NA,NA,D,0,0,3891300.169,135,1999,19,32.08,56.8
104819,Active,612861,NA,NA,D,0,0,58944.13125,38,1997,372,4,20.93
104820,Active,3749455,NA,NA,D,0,0,1529433,0,2013,14,5.6,0
104821,Active,298981,NA,NA,D,0,0,3092424.9,37.95,2005,22,4,44.45
104822,Active,2837211,NA,NA,D,1,0,273642.1775,75,1991,28,41.82,50.97
104823,Active,2533531,NA,NA,D,1,0,2663230.184,120,2000,16,23.49,80.71
104824,Active,210312,NA,NA,D,0,0,1313293.553,45.5,2005,16,23.78,40
104825,Active,919383,NA,NA,D,1,0,1465923.289,62.95,2004,30,4.76,7.29
104826,Active,720236,NA,NA,D,0,0,3316248.971,40,2001,19,22,117.39
104827,Active,910705,NA,NA,D,0,0,3883882.99,50,1992,23,4.78,73.31
104828,Active,3474760,NA,NA,D,0,0,4392153.2,51.15,1997,27,4,36.94
104829,Active,2613916,NA,NA,D,0,0,8421074.418,140,2005,32,6.45,123.17
104830,Active,632588,NA,NA,D,1,0,674989.245,50,2010,68,4.38,24.45
104831,Active,2560239,NA,NA,D,1,0,2427841.825,195,1995,12,29.98,102.81
104832,Active,808002,NA,NA,D,0,0,10008696.01,59.97,2011,2,0,0
104833,Active,2418098,NA,NA,D,0,0,2838830.023,55,1999,24,9.78,43.98
104834,Active,2359908,NA,NA,D,2,1,2198569.438,45.73,1990,26,4,45.71
104835,Active,2360018,NA,NA,D,3,1,1138975.574,21.95,1992,52,4,23.39
104836,Active,2694724,NA,NA,D,1,0,2291108.23,59.95,2004,15,33.6,40.44
104837,Active,2385243,NA,NA,D,1,0,3654995.95,0,1981,21,4,80.54
104838,Active,298114,NA,NA,D,2,1,401370.8675,45.99,2005,27,21.94,65.67
104839,Active,905847,NA,NA,D,1,0,2304324.733,330,2004,14,50.28,86.79
104840,Active,2529955,NA,NA,D,0,0,1666892.809,49.95,1993,28,4.97,14.79
104841,Active,2506380,NA,NA,D,0,0,4121169.25,15.95,1973,31,4.14,14.29
104842,Active,674426,NA,NA,D,1,0,9751.6475,26.95,1998,115,9.17,14.18
104843,Active,651828,NA,NA,D,0,0,2238694.988,259,2011,21,183.04,195.75
104844,Active,3210402,NA,NA,D,2,1,4305190.894,217,2004,9,120.44,145.43
104845,Active,2599095,NA,NA,D,0,0,2438695.571,44.99,1991,25,9.92,32.54
104846,Active,144101,NA,NA,D,9,1,9392139.554,41,1998,22,4.21,11.98
104847,Active,198996,NA,NA,D,1,0,943234.8438,98,1997,20,44.95,88.39
104848,Active,2774075,NA,NA,D,0,0,1008640.984,45,1995,17,24.91,33.94
104849,Active,3120075,NA,NA,D,1,0,832283.9188,79.95,1996,20,6.18,47.35
104850,Active,2827872,NA,NA,D,0,0,2155197.153,169,1998,19,83.99,128.38
104851,Active,3616190,NA,NA,D,1,0,161760.4,14.95,1988,53,12.31,60.72
104852,Active,2837367,NA,NA,D,0,0,1380118.268,55,1998,24,23.99,54.49
104853,Active,2593038,NA,NA,D,1,0,2763797.67,65,1980,15,14.98,73.49
104854,Active,2596012,NA,NA,D,0,0,4009755.295,255,2004,12,93.97,236.42
104855,Active,650129,NA,NA,D,2,1,3621959.344,45,1992,14,4.99,65.31
104856,Active,2781442,NA,NA,D,0,0,1246054.333,49.95,1991,17,20.3,67.2
104857,Active,175097,NA,NA,D,1,0,963502.7225,34.99,2008,39,11.94,29.97
104858,Active,1468999,NA,NA,D,1,0,672227.3088,145,2008,18,34.26,26.78
104859,Active,2058777,NA,NA,D,1,0,367873.7938,24.99,2011,43,24.19,48.99
104860,Active,718510,NA,NA,D,1,0,542659.8825,75,1997,27,13.97,63.28
104861,Active,627331,NA,NA,D,0,0,777379.9338,79.95,2006,24,18.74,110.09
104862,Active,2589864,NA,NA,D,0,0,1810276.186,75.75,1977,12,28.49,99.93
104863,Active,900862,NA,NA,D,1,0,1091035.678,40,2008,20,20.54,40
104864,Active,2478910,NA,NA,D,2,1,5107688.996,174.99,2004,4,111.62,164.01
104865,Active,728821,NA,NA,D,0,0,1881433.668,54.99,1997,24,4,17.21
104866,Active,265877,NA,NA,D,0,0,1269287.073,45,2003,20,4.39,41.95
104867,Active,2614328,NA,NA,D,0,0,3816548.294,189,2005,15,76.53,126.73
104868,Active,900010,NA,NA,D,5,1,5703560.826,62,1999,15,5.51,56.54
104869,Active,901653,NA,NA,D,6,1,1599739.313,79,2003,18,4,52.85
104870,Active,189585,NA,NA,D,0,0,700920.1325,52,2011,39,15.48,24.97
104871,Active,3503160,NA,NA,D,0,0,4296439.55,50.5,2000,18,22.98,51.98
104872,Active,2189207,NA,NA,D,0,0,2432644.743,69.99,2012,17,23.24,52.77
104873,Active,899736,NA,NA,D,2,1,3803828.248,17.13,2008,14,9.9,16
104874,Active,2047540,NA,NA,D,0,0,935174.8038,88,2011,31,6.62,75.69
104875,Active,133723,NA,NA,D,0,0,1372178.534,43,2007,21,9.79,16.68
104876,Active,2471405,NA,NA,D,0,0,3864792.518,82,1996,14,8.18,28.99
104877,Active,147798,NA,NA,D,1,0,2617226.503,234.95,2002,22,5.02,45.49
104878,Active,2419401,NA,NA,D,0,0,3328565.754,69.95,2003,8,73.94,9830.99
104879,Active,744171,NA,NA,D,1,0,2440424.131,112.95,2001,16,6.58,50.69
104880,Active,2414626,NA,NA,D,6,1,2421194.679,125,1978,26,4,23.69
104881,Active,3479944,NA,NA,D,1,0,4631032.5,39.95,2015,32,14.94,35
104882,Active,427164,NA,NA,D,0,0,5086630.599,354.75,2008,15,39.99,251.55
104883,Active,446372,NA,NA,D,3,1,3584834.884,252.5,2008,12,147.93,484.53
104884,Active,1780301,NA,NA,D,10,1,1925582.588,245,2014,28,4,171.8
104885,Active,560527,NA,NA,D,1,0,2018053.784,216,2010,16,18.89,58.99
104886,Active,1470216,NA,NA,D,4,1,3514825.24,65,2006,32,4.71,57.9
104887,Active,1473629,NA,NA,D,5,1,1045644.671,85,2010,22,4.97,85
104888,Active,2034244,NA,NA,D,0,0,1133937.389,59.95,2007,25,14,42.86
104889,Active,3086347,NA,NA,D,2,1,3265118.113,79.95,2003,15,5.01,29.99
104890,Active,889726,NA,NA,D,2,1,4851554.525,79.95,2003,13,15.44,53.94
104891,Active,212984,NA,NA,D,1,0,1314714.478,102.95,2003,24,7.69,50.63
104892,Active,907217,NA,NA,D,1,0,2631869.715,38,2004,25,4,9.99
104893,Active,1593097,NA,NA,D,1,0,1348787.983,110,2006,24,19.19,27.11
104894,Active,3462296,NA,NA,D,2,1,264396.2088,276.5,2014,27,75.9,123.44
104895,Active,899454,NA,NA,D,0,0,1027362.083,94.95,2006,21,6.33,48.99
104896,Active,2778952,NA,NA,D,5,1,2801797.833,125,1993,20,10.97,50.07
104897,Active,2776578,NA,NA,D,1,0,2231370.836,36.95,1991,25,4,37.95
104898,Active,2178219,NA,NA,D,0,0,1347543.891,209,2007,8,60.37,60.52
104899,Active,3787300,NA,NA,D,0,0,1023316.15,56.95,2000,49,18.96,28.71
104900,Active,725541,NA,NA,D,0,0,2093614.064,54.5,2003,12,57.22,486.13
104901,Active,2647357,NA,NA,D,1,0,1841068.391,133.95,2000,20,4,28.99
104902,Active,3132656,NA,NA,D,0,0,1128569.718,95,2005,13,28.8,57
104903,Active,3504024,NA,NA,D,2,1,5466843.65,0,2003,13,4.77,103.79
104904,Active,893965,NA,NA,D,0,0,3562307.255,71,2008,13,21.98,65.47
104905,Active,2442815,NA,NA,D,0,0,2444285.634,219,2001,24,28.98,66.33
104906,Active,2418478,NA,NA,D,1,0,4477705.583,79,2002,18,28.99,73.94
104907,Active,1467921,NA,NA,D,1,0,7545674.474,115,2009,29,32.4,66.41
104908,Active,272865,NA,NA,D,1,0,2343439.91,139,2002,21,12.47,24.42
104909,Active,2827893,NA,NA,D,0,0,808739.6263,99,2001,23,76.68,74.22
104910,Active,255613,NA,NA,D,0,0,1425808.578,44.95,2000,28,4,66.34
104911,Active,2531631,NA,NA,D,0,0,1795705.596,51.95,1995,40,4.68,53.11
104912,Active,622535,NA,NA,D,1,0,669182.575,52.95,1994,26,4.21,33.96
104913,Active,3544645,NA,NA,D,4,1,682532.75,73.2,2004,47,5.14,35.86
104914,Active,917324,NA,NA,D,1,0,1416009.691,49.95,2009,34,5.37,14.14
104915,Active,911689,NA,NA,D,1,0,1901335.649,110,2003,24,12.84,48.97
104916,Active,2034226,NA,NA,D,0,0,2249264.02,89.95,2006,17,49.33,56.8
104917,Active,637273,NA,NA,D,2,1,1070287.995,39.95,2006,26,10.91,47.03
104918,Active,919672,NA,NA,D,0,0,1190906.685,39.95,1994,57,4.65,11.68
104919,Active,1766596,NA,NA,D,1,0,2207496.566,120,2014,13,20.8,43.22
104920,Active,2447983,NA,NA,D,0,0,4961238.909,49.95,1991,20,4.8,52.03
104921,Active,625888,NA,NA,D,0,0,1094865.036,49.5,1997,48,6.63,35
104922,Active,149177,NA,NA,D,0,0,640706.495,41,2003,25,6.25,26.99
104923,Active,2239892,NA,NA,D,0,0,1210774.553,69.99,2013,50,50.22,52.96
104924,Active,2418814,NA,NA,D,1,0,5438183.305,115,2004,16,60.01,114.04
104925,Active,144421,NA,NA,D,2,1,1747047.7,36,2002,70,4,8.84
104926,Active,3239030,NA,NA,D,0,0,2461933.55,145.04,2000,28,0,0
104927,Active,144198,NA,NA,D,0,0,276391.5988,55.4,2004,50,4,53.99
104928,Active,903225,NA,NA,D,0,0,2649334.283,149,2005,19,17.58,63.41
104929,Active,3038414,NA,NA,D,0,0,2356252.726,49.95,2001,22,8.97,15.95
104930,Active,1424972,NA,NA,D,0,0,2534488.601,114.87,2008,6,67.96,67.39
104931,Active,2595505,NA,NA,D,0,0,1602202.099,175,1991,21,23.37,105.15
104932,Active,235669,NA,NA,D,1,0,479208.0125,40,1995,35,4,8.24
104933,Active,731460,NA,NA,D,0,0,1619903.546,43,2001,45,6.84,26.96
104934,Active,2812044,NA,NA,D,1,0,499083.7988,50,2005,30,13.61,42.5
104935,Active,3097329,NA,NA,D,0,0,9830263.25,59.95,2003,11,6.48,23.79
104936,Active,2811900,NA,NA,D,1,0,2491373.325,40,2000,22,26.32,39.79
104937,Active,107373,NA,NA,D,1,0,2945258.87,447.43,1999,17,41.77,120.39
104938,Active,2302725,NA,NA,D,0,0,1181537.326,106.75,1971,24,18.27,88.98
104939,Active,2362412,NA,NA,D,1,0,5272869.534,220,2003,14,24.6,36.92
104940,Active,2875934,NA,NA,D,0,0,8033308.68,309.5,1991,14,7.47,0
104941,Active,911688,NA,NA,D,0,0,965157.0688,49.95,2009,22,38.94,92.25
104942,Active,1631679,NA,NA,D,0,0,2418020.12,84.99,2006,13,50.04,43.88
104943,Active,1631734,NA,NA,D,0,0,1898811.15,34.99,2008,11,12.17,18.98
104944,Active,797441,NA,NA,D,0,0,49525.97375,49.99,2013,32,26.46,19.99
104945,Active,903799,NA,NA,D,0,0,641729.6063,74.99,2007,28,13.99,39.93
104946,Active,808101,NA,NA,D,0,0,50014.3875,49.99,2013,21,27.94,27.92
104947,Active,723816,NA,NA,D,1,0,1813979.61,83,2012,18,21.84,58.99
104948,Active,2255065,NA,NA,D,11,1,2126763.219,47.67,2007,45,6.44,33.7
104949,Active,3491025,NA,NA,D,1,0,6252121.9,35.5,1993,27,5.82,53.53
104950,Active,2255163,NA,NA,D,2,1,5387768.529,36.71,2006,33,6.97,36.67
104951,Active,718033,NA,NA,D,2,1,1974650.894,69.95,2008,23,10.19,315.32
104952,Active,262061,NA,NA,D,1,0,3415543.711,70.95,2000,14,4.12,18
104953,Active,2595129,NA,NA,D,1,0,1578780.08,99.99,1988,24,14.98,73.65
104954,Active,1709150,NA,NA,D,1,0,1271503.51,39.5,2006,21,4,20.55
104955,Active,2593549,NA,NA,D,1,0,916241.5725,67.99,1985,18,6.38,52.17
104956,Active,2651016,NA,NA,D,1,0,446892.8825,55,2001,25,23.11,30.44
104957,Active,3547624,NA,NA,D,1,0,817580.5,55,2003,51,9.89,32.14
104958,Active,2608954,NA,NA,D,1,0,4561554.988,139.99,2001,21,39.66,41.04
104959,Active,528410,NA,NA,D,2,1,1118984.381,175,2009,15,29.99,123.11
104960,Active,157452,NA,NA,D,2,1,732930.9175,49.95,2008,20,5.68,36.99
104961,Active,1590097,NA,NA,D,1,0,1809895.645,29.99,2008,20,14.35,24.97
104962,Active,1593240,NA,NA,D,1,0,2205320.82,119.99,2006,16,32.99,37.59
104963,Active,1692589,NA,NA,D,1,0,2919852.89,52.95,2008,20,24.11,54.5
104964,Active,724794,NA,NA,D,0,0,3703220.916,65,2005,18,4,54.23
104965,Active,2606464,NA,NA,D,1,0,2016231.29,105,1998,14,32.57,79.97
104966,Active,858957,NA,NA,D,0,0,2443253.259,109.99,2002,20,15.11,26.98
104967,Active,571495,NA,NA,D,1,0,748313.435,62.99,1988,43,6.38,50.95
104968,Active,3575616,NA,NA,D,0,0,4402208.95,39.95,1998,21,7.26,39.95
104969,Active,126783,NA,NA,D,1,0,2724097.563,89,2006,19,6.16,33.98
104970,Active,645339,NA,NA,D,1,0,2307871.42,117,2002,16,28.15,83.19
104971,Active,624929,NA,NA,D,0,0,2117441.434,49.95,1995,28,8.98,38.55
104972,Active,2788907,NA,NA,D,0,0,3985585.045,117,1994,21,20.65,91.79
104973,Active,1464229,NA,NA,D,1,0,995120.2463,38.95,2007,29,7.92,23.99
104974,Active,870723,NA,NA,D,2,1,3135993.095,109,1993,30,4,39.21
104975,Active,577957,NA,NA,D,0,0,842145.1375,31.95,2000,16,8.86,27.19
104976,Active,334969,NA,NA,D,0,0,5231163.851,32.95,2000,17,4.99,45.95
104977,Active,243663,NA,NA,D,0,0,1699850.101,199,2009,19,54.16,73.97
104978,Active,892793,NA,NA,D,0,0,213100.9588,149.95,2014,20,46.64,58.94
104979,Active,1472670,NA,NA,D,1,0,1121667.065,51,2010,17,13.94,19.38
104980,Active,722665,NA,NA,D,1,0,333658.6863,78,2006,26,4.45,29.66
104981,Active,542752,NA,NA,D,6,1,3968758.003,73.95,2007,18,4.98,64.85
104982,Active,2611345,NA,NA,D,1,0,789996.57,89.99,2000,56,4.92,19.73
104983,Active,2591264,NA,NA,D,1,0,2630314.793,78.99,1987,23,4,84.48
104984,Active,2424397,NA,NA,D,0,0,784332.61,7.95,1974,15,17.9,129.12
104985,Active,915384,NA,NA,D,2,1,276948.95,30.86,1978,54,0,0
104986,Active,228103,NA,NA,D,0,0,925355.6625,42.95,1986,16,14.45,2415
104987,Active,798361,NA,NA,D,0,0,1660596.059,59.95,2005,17,6.48,68.87
104988,Active,623937,NA,NA,D,2,1,2703958.099,57.2,2008,24,4.95,16.24
104989,Active,2782523,NA,NA,D,0,0,1629807.849,43,1997,23,12.14,57.11
104990,Active,1594293,NA,NA,D,1,0,2329964.463,99.99,2009,10,16.99,17.59
104991,Active,3470932,NA,NA,D,0,0,2255524.6,125,1991,39,4.13,77.62
104992,Active,625810,NA,NA,D,0,0,1277276.296,110.5,1998,36,37.88,65.75
104993,Active,176865,NA,NA,D,1,0,1484867.669,162.95,2000,24,8.82,71.35
104994,Active,167355,NA,NA,D,1,0,2996781.851,117,2006,23,4.94,61.45
104995,Active,2588521,NA,NA,D,0,0,1222590.305,45.25,1971,21,6.38,60.19
104996,Active,912861,NA,NA,D,0,0,3062139.049,39.95,1993,42,6.49,9.95
104997,Active,3112840,NA,NA,D,8,1,4772289.323,100,2005,24,4,23.87
104998,Active,915381,NA,NA,D,0,0,452851.4825,24.97,2003,24,20.33,115.94
104999,Active,897520,NA,NA,D,0,0,2730449.154,39.99,2005,12,38.99,67.99
105000,Active,3467606,NA,NA,D,0,0,4320774.5,87.5,1992,25,4.34,8.49
105001,Active,700478,NA,NA,D,1,0,2497817.153,238,2006,24,8.83,6.39
105002,Active,637790,NA,NA,D,2,1,1049561.346,287,2011,21,65.28,108.98
105003,Active,2591553,NA,NA,D,1,0,2010581.079,59.95,1984,10,6.38,0
105004,Active,114280,NA,NA,D,7,1,3771286.214,41,2001,28,3.41,9.99
105005,Active,2528552,NA,NA,D,0,0,2323656.714,240,1992,21,28.98,66.23
105006,Active,1468269,NA,NA,D,1,0,3423075.078,84,2007,24,10.74,35.99
105007,Active,3481871,NA,NA,D,1,0,2344182,110,2002,40,24.81,34.09
105008,Active,761492,NA,NA,D,1,0,635730.0388,52,2004,25,10.72,163.12
105009,Active,916256,NA,NA,D,0,0,769173.0913,44.95,1985,34,6.88,77.44
105010,Active,2598185,NA,NA,D,0,0,3140915.429,50,1991,20,3.98,46.21
105011,Active,2851150,NA,NA,D,1,0,2755935.828,169.95,2002,11,12.56,388.83
105012,Active,896255,NA,NA,D,1,0,5502994.576,51.95,2005,16,6.18,52.15
105013,Active,800167,NA,NA,D,0,0,3608081.129,160,2008,17,20.26,112.44
105014,Active,643864,NA,NA,D,0,0,359755.7113,69.95,2010,31,27.19,0
105015,Active,3255581,NA,NA,D,3,1,3029439.151,75.96,2003,27,10.03,75.95
105016,Active,2601160,NA,NA,D,1,0,8158462.636,110,1994,23,43.02,106.45
105017,Active,234345,NA,NA,D,1,0,836381.035,50,2003,53,4.58,9.95
105018,Active,719790,NA,NA,D,1,0,2299592.061,110,2000,22,31.98,62.49
105019,Active,2418840,NA,NA,D,0,0,3505942.91,55,2005,31,4,27.49
105020,Active,759693,NA,NA,D,1,0,1833919.15,60,2001,29,4,42.14
105021,Active,1469041,NA,NA,D,1,0,1700077.813,61,2012,17,16.53,17.95
105022,Active,277713,NA,NA,D,0,0,606481.59,55,2003,34,18.99,133.81
105023,Active,892438,NA,NA,D,0,0,1584112.973,39.99,2011,21,13.45,29.24
105024,Active,1631681,NA,NA,D,0,0,2137525.394,59.99,2007,13,27.5,233.98
105025,Active,185427,NA,NA,D,1,0,1227434.375,57,1997,129,3.79,4.3
105026,Active,1470105,NA,NA,D,1,0,550393.91,105,2006,73,4,32.73
105027,Active,2595631,NA,NA,D,0,0,1715193.198,72.99,1989,7,15.5,112.01
105028,Active,2596962,NA,NA,D,0,0,2475310.708,84.99,1990,15,5.31,49.79
105029,Active,2363325,NA,NA,D,0,0,1570158.211,99.95,1976,28,4.64,59.09
105030,Active,705756,NA,NA,D,13,1,985231.735,277.25,2012,36,8.99,63.98
105031,Active,896335,NA,NA,D,1,0,3992466.288,114.99,2001,12,10.55,18.29
105032,Active,2590203,NA,NA,D,0,0,4223784.183,144.99,1979,19,8.18,91.25
105033,Active,919816,NA,NA,D,2,1,1911672.904,56.95,1998,35,4,11.01
105034,Active,2419526,NA,NA,D,1,0,1882342.364,110,2004,17,19.94,68.99
105035,Active,897680,NA,NA,D,2,1,2971912.039,56.99,2008,20,9.59,119.69
105036,Active,732392,NA,NA,D,1,0,2390590.465,145,2002,22,19.22,50.11
105037,Active,3062520,NA,NA,D,1,0,2290603.449,75,1997,23,4.12,23.99
105038,Active,1469224,NA,NA,D,1,0,2754589.015,73,2008,19,19.99,58.29
105039,Active,678826,NA,NA,D,0,0,36271.255,28,1996,138,4.39,15.99
105040,Active,1474268,NA,NA,D,1,0,3429878.618,84,2010,20,32.58,73.03
105041,Active,1477066,NA,NA,D,1,0,2254842.335,99,2013,55,15.05,35.61
105042,Active,2770621,NA,NA,D,0,0,878752.01,49.99,1993,28,49.76,181.29
105043,Active,136759,NA,NA,D,1,0,1293343.598,45,1997,22,4,11.92
105044,Active,1473021,NA,NA,D,8,1,4117775.128,66,2010,17,5.75,50.33
105045,Active,2528857,NA,NA,D,0,0,4792543.19,57.95,1996,21,4.33,46.05
105046,Active,616620,NA,NA,D,1,0,1190874.439,85.95,1974,35,5.54,24.49
105047,Active,3567790,NA,NA,D,0,0,2847602.55,0,2011,8,7.08,0
105048,Active,2605445,NA,NA,D,1,0,1874130.303,74.99,1998,25,5.93,36.21
105049,Active,2405366,NA,NA,D,0,0,1150542.364,75,1992,15,35.48,169.83
105050,Active,2631485,NA,NA,D,1,0,780534.0175,57.95,2005,41,23.64,47.25
105051,Active,2645734,NA,NA,D,0,0,689776.0613,17.79,1986,81,3.9,16.9
105052,Active,730202,NA,NA,D,1,0,5305310.234,120,2002,18,17.69,78.74
105053,Active,905859,NA,NA,D,0,0,2601460.251,10.99,2009,12,4.62,10.98
105054,Active,892411,NA,NA,D,0,0,1529222.375,14.95,2011,13,4.44,7.65
105055,Active,2594755,NA,NA,D,0,0,2262314.8,46.99,1989,35,4,52.07
105056,Active,914064,NA,NA,D,0,0,1280045.275,34.95,1995,29,4,8.98
105057,Active,675748,NA,NA,D,1,0,23900.1975,26.99,1996,48,12.77,19.67
105058,Active,277203,NA,NA,D,2,1,1883322.683,32,2000,52,3.99,5.94
105059,Active,2611393,NA,NA,D,1,0,2100950.414,120,2000,18,43.24,93.17
105060,Active,913103,NA,NA,D,0,0,377353.02,43.99,2012,27,10.47,33.75
105061,Active,2584199,NA,NA,D,1,0,474108.1775,40,1998,70,4.5,40.37
105062,Active,2821930,NA,NA,D,0,0,2011867.169,45,2005,23,23.57,78.46
105063,Active,2388319,NA,NA,D,1,0,1672866.506,61,1985,32,4.76,48.59
105064,Active,2605510,NA,NA,D,0,0,360875.6613,49.99,1996,32,24.65,36.96
105065,Active,668033,NA,NA,D,0,0,886773.9638,79.95,2004,24,9.03,80.06
105066,Active,2551401,NA,NA,D,1,0,5910851.8,49.95,2001,27,4,54.33
105067,Active,2608833,NA,NA,D,0,0,1990583.554,129.99,2000,14,19.43,33.49
105068,Active,2598645,NA,NA,D,0,0,3247688.079,59.95,1993,16,25.61,103.96
105069,Active,2545761,NA,NA,D,0,0,6678460.696,175,2004,14,13.88,175
105070,Active,1657309,NA,NA,D,1,0,4007875.139,90.68,2007,16,4,27.07
105071,Active,153977,NA,NA,D,2,1,32092.21125,103,2011,61,16.98,55.48
105072,Active,2874269,NA,NA,D,0,0,1182641.745,29.95,1990,18,18.93,22.46
105073,Active,208770,NA,NA,D,1,0,2163902.615,49.95,2004,15,6.98,55.61
105074,Active,245960,NA,NA,D,1,0,1220082.993,110,2004,39,15.82,79.73
105075,Active,723890,NA,NA,D,1,0,2631656.199,73,2010,32,22.7,49.37
105076,Active,909731,NA,NA,D,1,0,1659380.465,130,2008,22,20.13,74.16
105077,Active,2530950,NA,NA,D,0,0,1913886.229,22.95,1994,16,21.9,26.55
105078,Active,921679,NA,NA,D,0,0,231392.2763,12.95,1993,70,4,10.32
105079,Active,2339954,NA,NA,D,1,0,1131243.849,68,1990,26,5.97,88.69
105080,Active,2603265,NA,NA,D,3,1,8889526.599,34.99,2002,10,4,33.99
105081,Active,2441582,NA,NA,D,1,0,889132.7475,65,2004,31,12.91,20.95
105082,Active,3494000,NA,NA,D,1,0,491431.55,40,1991,53,8.9,36.88
105083,Active,1746216,NA,NA,D,0,0,2867063.65,75,2007,13,31.13,142.02
105084,Active,2592975,NA,NA,D,0,0,1161160.304,44.99,1978,23,11.97,42.56
105085,Active,887510,NA,NA,D,0,0,1463076.408,0,1949,6,18.97,0
105086,Active,904464,NA,NA,D,6,1,2439136.581,130,2004,15,7.98,43.98
105087,Active,1468795,NA,NA,D,1,0,2444828.05,80,2007,25,13,15.39
105088,Active,1474445,NA,NA,D,1,0,2034507.038,73,2010,28,16.49,40.6
105089,Active,717641,NA,NA,D,1,0,1431321.586,69.95,2001,27,4,66.49
105090,Active,2605762,NA,NA,D,0,0,832431.4863,93,1998,32,10.17,73.91
105091,Active,719560,NA,NA,D,0,0,1891794.206,65,2000,14,25,53.94
105092,Active,3156516,NA,NA,D,0,0,1073051.943,74.95,2001,15,50.69,51.69
105093,Active,2722351,NA,NA,D,0,0,2493076.42,97,2003,27,8.38,51.23
105094,Active,861771,NA,NA,D,4,1,2126968.838,107.07,2013,17,94.51,602.99
105095,Active,2847572,NA,NA,D,0,0,650748.1463,59.99,1997,21,14.92,79.11
105096,Active,1737443,NA,NA,D,1,0,3126342.598,99.95,2011,16,41.32,63.94
105097,Active,901676,NA,NA,D,0,0,5044109.298,44.95,1997,22,4.78,17.99
105098,Active,665771,NA,NA,D,1,0,2050576.601,95,2012,20,30.88,65.97
105099,Active,128237,NA,NA,D,2,1,7781701.156,250,2005,15,6.59,50.69
105100,Active,1592131,NA,NA,D,1,0,2073143.24,150,2006,18,23,128.29
105101,Active,2407855,NA,NA,D,2,1,1507003.128,49.95,1996,30,4.68,18.74
105102,Active,667298,NA,NA,D,0,0,582251.8,49.99,2012,21,30.42,37.02
105103,Active,722431,NA,NA,D,0,0,659033.5,29.99,2011,29,11.09,18.67
105104,Active,1464157,NA,NA,D,0,0,3725947.148,64.99,2007,0,0,0
105105,Active,3102277,NA,NA,D,0,0,1046588.095,49.95,2005,42,8.33,46.23
105106,Active,1591995,NA,NA,D,1,0,3553051.833,230,2010,19,86.24,183.33
105107,Active,2588252,NA,NA,D,0,0,1525154.371,160,1970,23,5.43,254.88
105108,Active,2587672,NA,NA,D,1,0,1805855.93,150,1965,20,5.97,190.42
105109,Active,2589259,NA,NA,D,0,0,2497812.934,9.22,1975,24,5.71,45.96
105110,Active,2598870,NA,NA,D,0,0,428566.685,49.95,1993,27,19.98,76.79
105111,Active,2700468,NA,NA,D,0,0,896444.5163,74.6,2003,26,21.64,99.87
105112,Active,3099740,NA,NA,D,0,0,699623.6538,39.5,2005,47,4,6.29
105113,Active,913508,NA,NA,D,2,1,3471525.713,38.95,2001,22,4,5.99
105114,Active,897897,NA,NA,D,0,0,4364148.384,49.95,2004,13,4,33.25
105115,Active,2451253,NA,NA,D,0,0,1277707.176,60,1994,42,7.68,53.63
105116,Active,3023051,NA,NA,D,0,0,795139.4525,345,1995,47,30.8,2638.33
105117,Active,2817163,NA,NA,D,0,0,2306582.188,24.95,1997,16,16.95,27.46
105118,Active,901979,NA,NA,D,3,1,9005323.029,56.95,2001,19,4.98,48.96
105119,Active,214253,NA,NA,D,3,1,1294035.349,24.95,2001,47,4,0
105120,Active,718675,NA,NA,D,0,0,1899978.333,55,2001,44,4.73,15.51
105121,Active,2401289,NA,NA,D,1,0,1170599.595,120,1960,25,6.99,66.51
105122,Active,2415813,NA,NA,D,0,0,426925.7613,55,2003,36,5.73,43.93
105123,Active,2593506,NA,NA,D,1,0,1489212.225,59.95,1989,58,4,25.89
105124,Active,2599863,NA,NA,D,0,0,971584.425,65,1992,55,4.31,13.63
105125,Active,2802089,NA,NA,D,1,0,3895868.609,58.95,1998,24,4.97,52.84
105126,Active,2535380,NA,NA,D,1,0,2318435.288,95,1998,12,25.04,179.2
105127,Active,911470,NA,NA,D,1,0,987317.5363,125,2006,19,19.1,65.09
105128,Active,912666,NA,NA,D,0,0,1347456.078,56,2009,34,4.97,21.74
105129,Active,914093,NA,NA,D,1,0,2770618.695,55.95,2001,28,5.22,55.03
105130,Active,870741,NA,NA,D,3,1,288798.9813,50,2001,61,4.67,34.15
105131,Active,2502311,NA,NA,D,0,0,2472401.448,139,1996,32,5.98,39.87
105132,Active,2396836,NA,NA,D,3,1,1323561.49,66.95,1993,40,4,50.03
105133,Active,2588420,NA,NA,D,0,0,2176017.301,90.12,1971,14,20.8,78.22
105134,Active,2585536,NA,NA,D,0,0,1070518.423,32.5,1998,26,4.47,11.99
105135,Active,720542,NA,NA,D,1,0,2774199.628,69.5,2004,21,33.99,79.99
105136,Active,800220,NA,NA,D,1,0,4211410.895,90.95,2005,11,6.93,90.95
105137,Active,1703552,NA,NA,D,1,0,781268.4663,50,2006,44,7.97,23.49
105138,Active,2508607,NA,NA,D,0,0,3686210.254,16.95,1986,28,4,29.97
105139,Active,2612614,NA,NA,D,0,0,10080755.17,180,2002,8,5.29,62.83
105140,Active,804050,NA,NA,D,1,0,3306486.904,97.95,2008,19,4,38.23
105141,Active,172300,NA,NA,D,0,0,681131.8625,47.95,2011,21,16.61,32.31
105142,Active,2588497,NA,NA,D,0,0,834231.8688,54.5,1971,14,6.39,158.85
105143,Active,3623591,NA,NA,D,0,0,1005415.2,49.99,1900,9,38.83,0
105144,Active,2528128,NA,NA,D,1,0,5359153.915,242,1994,11,8.75,179.52
105145,Active,1631698,NA,NA,D,2,1,966789.7738,44.99,2008,38,6.09,33.98
105146,Active,797481,NA,NA,D,0,0,1230415.97,74.99,2014,30,17.24,36.09
105147,Active,3148928,NA,NA,D,3,1,1937846.431,169,2004,21,112.66,112.67
105148,Active,2177937,NA,NA,D,0,0,2000183.801,89.95,2007,17,58.77,62.67
105149,Active,2299667,NA,NA,D,0,0,196742,0,1900,8,0,0
105150,Active,341421,NA,NA,D,2,1,8616406.15,135,1997,15,4.1,49.73
105151,Active,566665,NA,NA,D,1,0,2124449.204,120,1992,18,5.86,43.67
105152,Active,1468714,NA,NA,D,1,0,2190498.719,92,2007,11,23.98,33.96
105153,Active,888678,NA,NA,D,0,0,3719452.916,150,2011,12,42.23,93.98
105154,Active,1535819,NA,NA,D,0,0,253831.8188,52.25,2015,31,12.84,12.94
105155,Active,1535830,NA,NA,D,1,0,237169.7975,52.25,2015,34,18.99,37.74
105156,Active,2252557,NA,NA,D,1,0,1530937.003,45.91,2008,62,6.67,37.42
105157,Active,2511855,NA,NA,D,4,1,7319081.474,26.25,1991,31,4,5.99
105158,Active,2421513,NA,NA,D,1,0,4119825.273,66.93,1964,16,9.98,66.91
105159,Active,562502,NA,NA,D,1,0,4751329.286,44,2010,20,18.29,24.21
105160,Active,2366717,NA,NA,D,0,0,2843579.844,21,1994,22,4,23.99
105161,Active,206323,NA,NA,D,1,0,1602250.17,63.95,2002,15,11.63,58.05
105162,Active,727394,NA,NA,D,1,0,843173.8988,29.95,1998,21,4,7.03
105163,Active,2566934,NA,NA,D,1,0,8138110.031,0,1976,15,4.39,0
105164,Active,905697,NA,NA,D,0,0,1052862.631,195,1997,23,47.28,162.13
105165,Active,2600617,NA,NA,D,0,0,1717742.858,69.95,1996,10,32.99,233.61
105166,Active,2124516,NA,NA,D,0,0,437602.415,79.95,2012,19,31.68,51.18
105167,Active,618151,NA,NA,D,1,0,1280088.046,44.99,2010,32,4,27.12
105168,Active,628023,NA,NA,D,6,1,1734540.356,39.99,2011,16,4,29.37
105169,Active,617255,NA,NA,D,4,1,2566432.484,34.99,2009,24,4.39,6.97
105170,Active,2028034,NA,NA,D,0,0,1578671.124,39.95,2007,18,17.81,54.05
105171,Active,916795,NA,NA,D,0,0,2513503.783,11.95,2009,33,3.24,4.88
105172,Active,893472,NA,NA,D,0,0,1054029.515,45,2012,16,27.97,31.87
105173,Active,2410070,NA,NA,D,0,0,2052290.916,69.99,1996,14,39.16,46.51
105174,Active,631966,NA,NA,D,1,0,688249.9663,85,1983,23,35.24,35.24
105175,Active,527561,NA,NA,D,2,1,720284.3,60,2011,21,38.99,43.5
105176,Active,1687466,NA,NA,D,1,0,978866.145,50,2007,42,4,38.07
105177,Active,2614115,NA,NA,D,0,0,3930462.165,64.99,2002,20,8.11,58.23
105178,Active,2538235,NA,NA,D,0,0,1180967.423,22.95,2002,32,5.91,21.71
105179,Active,2540732,NA,NA,D,8,1,1640634.413,20.95,2002,31,16.22,19.94
105180,Active,898063,NA,NA,D,5,1,3713225.75,39.95,1962,16,10.97,72.42
105181,Active,762743,NA,NA,D,1,0,1583713.538,195,1997,12,38.13,194.99
105182,Active,2503253,NA,NA,D,1,0,352132.6,100.13,1962,14,15.85,73.01
105183,Active,904600,NA,NA,D,2,1,2784173.778,145,2006,18,7.97,73.27
105184,Active,1692510,NA,NA,D,1,0,1061340.363,45,2007,28,6.48,127.13
105185,Active,659472,NA,NA,D,0,0,533660.6275,60,2002,23,35.49,53.95
105186,Active,114027,NA,NA,D,7,1,2334655.408,108,2000,41,3.99,5.48
105187,Active,2596410,NA,NA,D,0,0,5783310.85,47.95,1989,17,5.36,160.79
105188,Active,593227,NA,NA,D,6,1,290867.15,109.95,2009,29,5.7,128.23
105189,Active,1685667,NA,NA,D,0,0,3945565.929,55,2009,4,53.94,0
105190,Active,128893,NA,NA,D,1,0,2293746.325,115,2003,26,38.23,94.3
105191,Active,910346,NA,NA,D,0,0,2100551.033,119.99,1990,29,11.11,62.74
105192,Active,2645572,NA,NA,D,0,0,830303.1475,23.95,1988,23,6.8,26.08
105193,Active,1678130,NA,NA,D,1,0,1684927.658,60,2013,11,14.12,60
105194,Active,2607046,NA,NA,D,1,0,3064668.973,140,1998,39,4,27.95
105195,Active,664676,NA,NA,D,1,0,734777.2675,39.95,2013,27,14.76,28.87
105196,Active,181312,NA,NA,D,3,1,86464.3725,57.95,2006,49,19.98,43.98
105197,Active,2404324,NA,NA,D,1,0,1349621.898,105,1987,30,8.75,74.73
105198,Active,2529320,NA,NA,D,0,0,3031766.845,27.95,1986,17,4,45.95
105199,Active,1593149,NA,NA,D,1,0,2659818.148,125,2006,16,39.03,118.72
105200,Active,2526775,NA,NA,D,0,0,5953107.653,155,1990,19,17.36,63.19
105201,Active,2508523,NA,NA,D,0,0,3140483.936,7.95,1985,17,5.97,61.53
105202,Active,723892,NA,NA,D,1,0,1694042.136,82,2010,27,9.79,48.05
105203,Active,3529676,NA,NA,D,1,0,3724177.85,124.99,1999,35,7.14,101.89
105204,Active,918200,NA,NA,D,0,0,1552084.431,22.99,2000,28,4,9.95
105205,Active,719883,NA,NA,D,1,0,2047707.168,85,2000,30,4.46,55.44
105206,Active,903527,NA,NA,D,0,0,1151659.096,53.79,2004,26,5.39,13.94
105207,Active,655893,NA,NA,D,1,0,1085715.613,150,2012,20,9.08,53.99
105208,Active,678616,NA,NA,D,0,0,1247167.329,29.95,1998,63,4,23.98
105209,Active,2415937,NA,NA,D,1,0,651741.0088,65,2005,33,9.31,111.97
105210,Active,719990,NA,NA,D,0,0,2420987.719,229.85,2000,13,41.21,166.91
105211,Active,126410,NA,NA,D,0,0,579035.4288,295,2004,29,8.05,53.23
105212,Active,722425,NA,NA,D,1,0,242088.0313,45,2006,26,11.49,33.75
105213,Active,426936,NA,NA,D,1,0,2441316.528,185,2008,37,32.55,44.03
105214,Active,909342,NA,NA,D,1,0,2382928.868,185,2007,17,42.48,63.39
105215,Active,1472699,NA,NA,D,1,0,2878830.375,170,2010,21,19.94,73.22
105216,Active,515758,NA,NA,D,1,0,3369186.648,185,2008,18,19.9,84.97
105217,Active,1468076,NA,NA,D,1,0,3153735.56,175,2009,19,45.24,108.28
105218,Active,1469996,NA,NA,D,1,0,2590767.149,180,2010,20,50.09,148.43
105219,Active,1468764,NA,NA,D,1,0,5079241.513,175,2009,20,43.47,99.5
105220,Active,1469223,NA,NA,D,1,0,2550397.784,185,2008,17,31.48,94.99
105221,Active,1475624,NA,NA,D,1,0,1880296.649,170,2013,21,16.89,56.44
105222,Active,723302,NA,NA,D,1,0,1772734.91,170,2009,23,22.01,63.76
105223,Active,724540,NA,NA,D,1,0,2496127.291,170,2012,24,34.04,128.37
105224,Active,611559,NA,NA,D,1,0,2648743.401,170,2013,22,29.7,110.05
105225,Active,1470310,NA,NA,D,1,0,2503865.593,175,2009,28,49.61,103.52
105226,Active,719580,NA,NA,D,0,0,3589082.03,99,2002,13,19.8,135.77
105227,Active,126325,NA,NA,D,1,0,2490342.493,190,2005,20,12.23,112.35
105228,Active,719976,NA,NA,D,1,0,2507724.784,170,2006,23,7.99,51.25
105229,Active,632331,NA,NA,D,1,0,463108.3663,170,2011,21,9.14,56.87
105230,Active,724570,NA,NA,D,1,0,533442.0288,170,2012,15,39.97,105.97
105231,Active,1466068,NA,NA,D,1,0,2360592.958,129.5,2008,17,52.63,78.98
105232,Active,909703,NA,NA,D,1,0,3857002.063,230,2004,22,9.84,109.47
105233,Active,1469357,NA,NA,D,1,0,1421743.055,160,2010,27,28.56,125.66
105234,Active,427044,NA,NA,D,0,0,4904967.345,100,2003,19,4.98,53.33
105235,Active,127525,NA,NA,D,1,0,2606915.585,195,2011,23,11.68,71.94
105236,Active,1472254,NA,NA,D,1,0,2345804.73,170,2010,16,77.19,138.37
105237,Active,1476230,NA,NA,D,0,0,1973553.905,58,2012,10,53.99,58.68
105238,Active,1469276,NA,NA,D,1,0,2495830.043,170,2012,16,29.19,32.99
105239,Active,665739,NA,NA,D,1,0,4418590.338,125,2003,18,6.61,89.05
105240,Active,1464581,NA,NA,D,1,0,583080.6413,160,2012,27,23.35,103.01
105241,Active,515677,NA,NA,D,1,0,3184688.883,170,2010,19,35.05,136.98
105242,Active,667665,NA,NA,D,1,0,3827637.814,170,2008,20,43.98,117.99
105243,Active,1478191,NA,NA,D,1,0,1639675.638,195,2012,18,35.15,38.79
105244,Active,126343,NA,NA,D,1,0,1605409.176,135,2005,15,27.39,45.5
105245,Active,128964,NA,NA,D,1,0,955201.0938,165,2007,23,35.39,93.81
105246,Active,128960,NA,NA,D,1,0,2359046.013,225,2006,17,16.44,73.53
105247,Active,1475429,NA,NA,D,1,0,754850.3825,175,2013,46,39.7,118
105248,Active,639772,NA,NA,D,1,0,2001225.519,170,2012,18,9.02,69.59
105249,Active,1469979,NA,NA,D,1,0,938343.9313,195,2006,22,6.48,124.21
105250,Active,1478025,NA,NA,D,1,0,2114429.411,240,2013,18,50,163.84
105251,Active,658727,NA,NA,D,1,0,1716097.363,280,2011,19,80.84,80.91
105252,Active,1471823,NA,NA,D,1,0,2817583.309,185,2009,13,43.77,113.11
105253,Active,426992,NA,NA,D,1,0,1815481.128,150,2009,19,39.29,98.86
105254,Active,1472377,NA,NA,D,1,0,2320960.876,170,2011,22,33.74,123.73
105255,Active,1469468,NA,NA,D,1,0,1598727.765,180,2011,13,43.91,53.99
105256,Active,1467975,NA,NA,D,1,0,1238846.805,165,2011,16,44.54,99.97
105257,Active,1474670,NA,NA,D,1,0,3195024.455,170,2013,18,35.88,154.75
105258,Active,904067,NA,NA,D,1,0,1081346.584,160,2010,22,27.74,86
105259,Active,1478177,NA,NA,D,1,0,1909388.988,195,2012,24,32.37,85.99
105260,Active,902816,NA,NA,D,0,0,1995564.103,150,2007,18,31.18,137.68
105261,Active,124618,NA,NA,D,0,0,943188.8263,29.95,2002,98,4,0
105262,Active,1464646,NA,NA,D,1,0,1665313.014,170,2014,36,93.94,120.73
105263,Active,126936,NA,NA,D,1,0,2766837.388,98.28,2005,26,7.63,95.99
105264,Active,3480665,NA,NA,D,0,0,1150249.85,16.19,2000,30,4,6.96
105265,Active,2415902,NA,NA,D,0,0,3415669.703,55,1980,27,3.99,67.94
105266,Active,2646975,NA,NA,D,1,0,892832.0888,49.95,1991,36,12.58,47.08
105267,Active,174748,NA,NA,D,2,1,551890.245,84.99,1999,39,4.78,0
105268,Active,2591713,NA,NA,D,1,0,4609643.7,180,1990,14,12.36,107.95
105269,Active,2253465,NA,NA,D,0,0,9957703.816,0,2008,15,27.96,67.61
105270,Active,1693759,NA,NA,D,0,0,2177371.95,85,2007,21,51.54,73.93
105271,Active,2780526,NA,NA,D,0,0,2549097.675,90,1986,23,32.98,157.61
105272,Active,3553708,NA,NA,D,0,0,2606064.45,143.75,2014,28,75.97,85.33
105273,Active,617309,NA,NA,D,1,0,909003.545,38.95,2001,66,4,8
105274,Active,656865,NA,NA,D,0,0,1297109.49,39.95,1992,25,5.04,30.95
105275,Active,2823260,NA,NA,D,2,1,3001847.856,59,1999,28,4,28.99
105276,Active,2609385,NA,NA,D,0,0,3199354.105,99.99,2001,29,4,53.97
105277,Active,629417,NA,NA,D,0,0,2499934.259,199,1992,33,22.63,101.29
105278,Active,3138653,NA,NA,D,0,0,1799810.515,211.68,2005,11,4.76,114.82
105279,Active,2161856,NA,NA,D,0,0,2721735.223,79.77,2010,18,4.23,74.85
105280,Active,3568069,NA,NA,D,2,1,5188320.1,60.95,2002,24,4,7.94
105281,Active,913979,NA,NA,D,1,0,930854.485,46.72,1974,33,4,46.08
105282,Active,3827985,NA,NA,D,0,0,3279246.65,85,2006,36,35.32,72.66
105283,Active,3827994,NA,NA,D,0,0,2173134.55,50,2014,30,50.69,48.03
105284,Active,619206,NA,NA,D,1,0,584520.1675,65,2001,42,21.56,43.68
105285,Active,2788556,NA,NA,D,1,0,4528728.451,30.95,1988,27,3.99,12.94
105286,Active,831074,NA,NA,D,0,0,1971851.538,69,1996,20,37.61,76.19
105287,Active,205955,NA,NA,D,1,0,1630992.441,99,2004,16,10.57,286.33
105288,Active,3802330,NA,NA,D,0,0,636352.85,50,2015,39,40.63,34
105289,Active,901615,NA,NA,D,1,0,3799122.02,199.95,2004,18,4.77,43.49
105290,Active,870999,NA,NA,D,1,0,1694771.07,221.95,2004,43,4.13,13.96
105291,Active,652440,NA,NA,D,5,1,41163.15125,84.36,2013,50,19.42,75.41
105292,Active,1538773,NA,NA,D,0,0,1256366.016,36.95,2007,29,23.27,79.99
105293,Active,2601194,NA,NA,D,1,0,1747667.763,125,1997,18,5.81,83.83
105294,Active,1593301,NA,NA,D,1,0,1961963.455,124.99,2006,20,13.97,28.06
105295,Active,2343698,NA,NA,D,0,0,1501716.603,57.55,1995,25,4,55.13
105296,Active,2592126,NA,NA,D,1,0,7315817.45,24.95,1984,20,4.39,62.79
105297,Active,1470802,NA,NA,D,1,0,2869117.129,110,2008,17,36.52,89.77
105298,Active,1469170,NA,NA,D,1,0,2333585.835,82,2008,16,28.19,58.76
105299,Active,1469640,NA,NA,D,1,0,2748739.916,61,2011,20,21.28,60.95
105300,Active,246314,NA,NA,D,0,0,308051.355,56.95,2004,21,19.99,0
105301,Active,906962,NA,NA,D,2,1,1409594.111,59.95,1990,26,20.9,52.99
105302,Active,627562,NA,NA,D,0,0,541145.6825,47.95,2007,29,4.97,0
105303,Active,2604820,NA,NA,D,0,0,5324720.041,139.99,1997,15,30.91,131.21
105304,Active,2614094,NA,NA,D,0,0,4563729.959,99.99,2002,17,35.99,75.4
105305,Active,2588041,NA,NA,D,1,0,1167915.988,70,1969,9,33.99,600.31
105306,Active,2419118,NA,NA,D,1,0,6331180.423,245,2002,14,45.25,89.33
105307,Active,914282,NA,NA,D,0,0,2407640.696,39.95,1995,32,4.76,23.99
105308,Active,899843,NA,NA,D,1,0,3649646.485,139.99,1994,15,18.62,31.99
105309,Active,2572977,NA,NA,D,1,0,5341243.108,27.75,1965,12,6.38,0
105310,Active,2601137,NA,NA,D,0,0,3958853.153,105,1995,10,73.98,150.49
105311,Active,629641,NA,NA,D,1,0,2962366.143,50.95,1995,22,4,30.99
105312,Active,1753934,NA,NA,D,1,0,1191604.99,84.95,2011,13,82.11,284.53
105313,Active,3959941,NA,NA,D,0,0,381505.2,129,2015,0,0,129
105314,Active,223774,NA,NA,D,1,0,2958219.471,99.95,1997,17,5.34,26.99
105315,Active,3083830,NA,NA,D,1,0,2134772.726,44.95,2005,20,5.4,21.95
105316,Active,2576928,NA,NA,D,1,0,897992.2575,240,1989,19,9.98,97.67
105317,Active,758656,NA,NA,D,1,0,2090489.551,95,1998,17,6.38,54.93
105318,Active,2559264,NA,NA,D,1,0,541882.15,146,1983,16,27.39,82.92
105319,Active,586232,NA,NA,D,0,0,1387930.684,96.5,1991,31,11.64,73.17
105320,Active,2593160,NA,NA,D,1,0,7017988.169,14.95,1979,14,4.13,0
105321,Active,627610,NA,NA,D,0,0,2289300.44,209,2005,21,18.58,34.02
105322,Active,1951567,NA,NA,D,0,0,1854620.41,99,2011,43,35.94,66
105323,Active,152866,NA,NA,D,2,1,1467501.776,99,1998,34,31.92,80.82
105324,Active,603927,NA,NA,D,2,1,3244725.016,41.95,1997,15,5.9,27.52
105325,Active,2597276,NA,NA,D,3,1,7092750.885,47.95,1990,25,4.64,8.98
105326,Active,3713135,NA,NA,D,0,0,5641284.55,0,1900,3,77.46,79.49
105327,Active,2309792,NA,NA,D,0,0,1097661.623,110,1991,18,25.58,82.08
105328,Active,2263835,NA,NA,D,0,0,1251586.696,40,2010,34,12.76,10.16
105329,Active,2768023,NA,NA,D,0,0,1240034.79,14.99,1988,43,2.68,7.51
105330,Active,2338147,NA,NA,D,3,1,6697904.634,24.95,1995,31,4,21.82
105331,Active,699491,NA,NA,D,4,1,1445926.388,55,1999,39,4.66,12.46
105332,Active,910252,NA,NA,D,5,1,1661399.098,98,2011,30,4.08,21.95
105333,Active,3749375,NA,NA,D,6,1,1692142.5,104,2012,32,4.25,61.98
105334,Active,3543125,NA,NA,D,0,0,16790072.25,94.95,1992,6,7.35,0
105335,Active,900972,NA,NA,D,1,0,2051761.718,49.95,2004,14,24.07,48.98
105336,Active,3584481,NA,NA,D,0,0,3362741.55,75,2000,13,38.89,53.98
105337,Active,2570109,NA,NA,D,1,0,2487769.563,77.5,1991,57,4,9.98
105338,Active,1507630,NA,NA,D,0,0,17873.60375,16,2008,49,6.77,9.28
105339,Active,3509790,NA,NA,D,1,0,1481101.75,40,1997,68,4,19.88
105340,Active,112653,NA,NA,D,0,0,1495725.305,11.25,2005,89,4,10.97
105341,Active,1958457,NA,NA,D,0,0,2405946.439,29.99,2011,5,30.82,26.89
105342,Active,246236,NA,NA,D,1,0,1717991.075,42.95,2005,15,28.98,0
105343,Active,3272066,NA,NA,D,2,1,3123533.031,45.53,2005,21,16.97,44.67
105344,Active,2598322,NA,NA,D,1,0,3288049.881,119.99,1991,17,44.24,58.99
105345,Active,2527256,NA,NA,D,0,0,7889620.513,210,1990,21,4.56,70.33
105346,Active,725136,NA,NA,D,2,1,1575599.555,55,2002,15,4.94,38.94
105347,Active,2605857,NA,NA,D,0,0,4580913.723,114.99,1997,17,18.68,52.88
105348,Active,3212267,NA,NA,D,0,0,2772440.776,0,1963,5,22.42,0
105349,Active,1572207,NA,NA,D,0,0,1599800.354,22.95,2009,32,5.21,16.98
105350,Active,1586629,NA,NA,D,1,0,4563108.07,110,2009,21,15.99,68.99
105351,Active,719887,NA,NA,D,1,0,4360189.51,110,2001,13,9.3,71.19
105352,Active,2135295,NA,NA,D,0,0,2603478.164,110,2012,17,35.11,89.77
105353,Active,1485470,NA,NA,D,0,0,1001099.456,39,2009,18,5.98,22.23
105354,Active,195986,NA,NA,D,2,1,83642.3125,19.95,2011,25,12.74,0
105355,Active,2595177,NA,NA,D,1,0,2216709.583,115.99,1988,15,5.27,33.99
105356,Active,1469630,NA,NA,D,0,0,2673304.23,240,2006,21,31.35,163.31
105357,Active,2414799,NA,NA,D,1,0,4012765.674,99,1996,22,6.72,101.44
105358,Active,894081,NA,NA,D,2,1,4723852.763,26.95,1992,14,4,94.88
105359,Active,1595170,NA,NA,D,1,0,4396621.225,110,2008,16,31.33,31.33
105360,Active,643237,NA,NA,D,1,0,1354638.44,45,2011,20,17.29,50.18
105361,Active,906437,NA,NA,D,2,1,8138033.385,48,1996,17,3.99,74.25
105362,Active,199568,NA,NA,D,1,0,2155120.915,35.95,1999,29,4,7.28
105363,Active,186946,NA,NA,D,1,0,3004305.459,57.5,1998,18,29.23,316.41
105364,Active,2590630,NA,NA,D,1,0,1875801.839,59.95,1981,13,4.72,74.68
105365,Active,2418155,NA,NA,D,1,0,2483107.553,100,2001,15,36.66,98.84
105366,Active,2127689,NA,NA,D,1,0,5635636.145,99,2009,11,27.08,59.03
105367,Active,1626838,NA,NA,D,0,0,978574.2363,46,2012,34,4.28,18.89
105368,Active,2597507,NA,NA,D,1,0,956300.2525,110,1991,14,6.38,52.04
105369,Active,2614215,NA,NA,D,0,0,3362655.978,105,2003,18,24.98,80.75
105370,Active,126687,NA,NA,D,0,0,1002181.103,29.95,2006,70,4,13.97
105371,Active,1469206,NA,NA,D,1,0,5818415.948,110,2008,10,22.04,78.27
105372,Active,729571,NA,NA,D,1,0,2756293.878,85,1998,17,16.99,36.94
105373,Active,2596582,NA,NA,D,0,0,4648734.996,125,1990,14,30,108.85
105374,Active,1485254,NA,NA,D,1,0,1851231.749,115,2011,19,15.47,32.99
105375,Active,1541565,NA,NA,D,1,0,1204197.266,67.95,2008,30,4.71,86.09
105376,Active,173502,NA,NA,D,0,0,4080771.46,29.99,2001,32,4.39,20.97
105377,Active,886029,NA,NA,D,0,0,1672162.373,114.99,2011,16,15.55,12.92
105378,Active,175125,NA,NA,D,0,0,979775.1325,38,2011,26,4.48,0
105379,Active,2607139,NA,NA,D,1,0,4480707.554,120,1999,19,8.86,88.49
105380,Active,633377,NA,NA,D,0,0,318308.1038,45,2007,26,14.17,18.19
105381,Active,1477156,NA,NA,D,1,0,1286868.88,99,2013,16,21.32,21.32
105382,Active,127563,NA,NA,D,3,1,443325.1613,49.95,2009,21,17.56,38.99
105383,Active,2572398,NA,NA,D,1,0,1059828.381,58,1994,44,4,5.99
105384,Active,2572041,NA,NA,D,1,0,3491348.618,34.95,1994,42,4,6.94
105385,Active,907522,NA,NA,D,0,0,4582146.148,33.95,2003,26,4,9.96
105386,Active,618832,NA,NA,D,1,0,434410.9938,41.95,2003,67,5.47,25.97
105387,Active,3535558,NA,NA,D,0,0,13733756,52.95,2007,10,34.52,52.94
105388,Active,1591394,NA,NA,D,1,0,3278705.451,110,2010,17,17.07,77.81
105389,Active,1468179,NA,NA,D,1,0,4912530.914,82,2007,44,15.64,62.48
105390,Active,2813978,NA,NA,D,0,0,3558956.893,69,1997,16,7.23,103.98
105391,Active,646651,NA,NA,D,5,1,509113.87,69.95,2004,28,36.11,137.11
105392,Active,1923565,NA,NA,D,0,0,2968448.528,149,2010,12,57.99,125.17
105393,Active,920276,NA,NA,D,1,0,29644.295,26.95,1998,69,10.38,15.65
105394,Active,2579027,NA,NA,D,1,0,2838290.84,60,1991,15,20.27,2415
105395,Active,164564,NA,NA,D,1,0,2044603.505,55,2000,127,4,5.97
105396,Active,1766256,NA,NA,D,0,0,1132625.563,125,2013,18,13.06,64.73
105397,Active,922593,NA,NA,D,0,0,191153.115,22,2001,120,4,0
105398,Active,757720,NA,NA,D,2,1,1343764.806,37,2001,36,4,9.36
105399,Active,205962,NA,NA,D,1,0,249848.39,50,2004,26,12.94,43.98
105400,Active,875080,NA,NA,D,0,0,1504282.886,21.99,2009,35,14.89,21.99
105401,Active,757920,NA,NA,D,1,0,727947.3125,36.95,2002,30,5.97,43.63
105402,Active,263204,NA,NA,D,1,0,723395.2625,84.95,2005,18,13.8,72.37
105403,Active,758119,NA,NA,D,1,0,2984821.18,84.95,1999,18,4,23.97
105404,Active,631095,NA,NA,D,0,0,2063032.956,79.95,2005,20,4.73,10.99
105405,Active,648990,NA,NA,D,0,0,1508958.915,99,1988,38,23.43,58.13
105406,Active,1488835,NA,NA,D,4,1,597367.135,29.95,2006,31,9.89,43.9
105407,Active,902822,NA,NA,D,1,0,2397644.656,146,2007,14,8.83,47.99
105408,Active,1522468,NA,NA,D,0,0,1330222.181,43.95,2007,36,5.03,37.45
105409,Active,914585,NA,NA,D,0,0,2569833.394,59.95,1994,24,5.34,46.63
105410,Active,2424829,NA,NA,D,0,0,4682500.6,0,1991,13,17.47,0
105411,Active,532111,NA,NA,D,0,0,1209317.454,200,2010,19,78.62,112.98
105412,Active,199043,NA,NA,D,1,0,188323.7413,70,2001,75,5.47,0
105413,Active,199042,NA,NA,D,1,0,1904936.115,227,2001,25,26.11,106.66
105414,Active,904287,NA,NA,D,1,0,2673402.131,95,2001,20,6.39,89.03
105415,Active,130046,NA,NA,D,1,0,649966.0875,59.99,2001,41,4,23.99
105416,Active,2663212,NA,NA,D,5,1,7620785.775,52,1992,12,6.13,12.76
105417,Active,2405774,NA,NA,D,1,0,1218561.603,36,1991,18,5.45,145.11
105418,Active,260036,NA,NA,D,1,0,1319608.49,51,2000,32,4,31.49
105419,Active,899505,NA,NA,D,2,1,2569593.471,213.87,1977,28,4,55.25
105420,Active,3959903,NA,NA,D,0,0,551601.85,39.95,1986,38,9.38,32.94
105421,Active,869801,NA,NA,D,1,0,5312815.135,26.8,2004,25,7.49,22.56
105422,Active,165794,NA,NA,D,1,0,1086862.33,75,2004,29,4,5.06
105423,Active,2528944,NA,NA,D,1,0,2871675.183,10.99,1992,41,4.02,11.36
105424,Active,125480,NA,NA,D,1,0,1313899.654,35,1999,40,4.79,19.94
105425,Active,2613841,NA,NA,D,1,0,2307881.016,125,2003,21,23.99,94.69
105426,Active,248012,NA,NA,D,3,1,127334.7838,39.95,2009,36,6.91,44.99
105427,Active,800752,NA,NA,D,2,1,2104943.339,80.95,2006,17,4.78,66.95
105428,Active,3529025,NA,NA,D,0,0,3936952,55,2016,9,45.67,46.2
105429,Active,881456,NA,NA,D,0,0,64769.02625,16.99,2013,18,16.74,15.59
105430,Active,2096082,NA,NA,D,1,0,1568198.911,99,2010,12,94.05,99
105431,Active,901132,NA,NA,D,0,0,1970029.505,180.18,1978,15,28.52,53.99
105432,Active,628255,NA,NA,D,3,1,725412.2888,153,2008,26,57.08,111.27
105433,Active,636402,NA,NA,D,1,0,866671.39,65,2003,29,23.96,0
105434,Active,2775922,NA,NA,D,0,0,5011022.1,0,1969,26,4,43.49
105435,Active,2746194,NA,NA,D,0,0,1148927.501,86,2001,25,4,40.91
105436,Active,262701,NA,NA,D,0,0,2669488.663,38.95,2005,24,4.99,51.32
105437,Active,1490268,NA,NA,D,1,0,1068608.191,46,2009,18,7.22,40.88
105438,Active,644053,NA,NA,D,0,0,641902.89,52.5,2008,34,4.77,0
105439,Active,294319,NA,NA,D,1,0,1019498.286,45,1996,48,4,15.57
105440,Active,716109,NA,NA,D,7,1,1106932.695,104.52,2012,17,26.67,60.99
105441,Active,1536107,NA,NA,D,0,0,1187453.549,35.95,2009,22,6.75,35.95
105442,Active,110353,NA,NA,D,1,0,271853.8113,108.33,2008,28,4.98,118.23
105443,Active,2606330,NA,NA,D,1,0,3434046.606,104.99,1997,19,29.43,87.59
105444,Active,391687,NA,NA,D,0,0,1998626.209,109,2004,31,4.51,23.94
105445,Active,827328,NA,NA,D,1,0,500157.4963,42,1994,66,4,9.24
105446,Active,2646577,NA,NA,D,1,0,9287956.514,38.95,1991,24,4,22.71
105447,Active,2598570,NA,NA,D,0,0,3131597.989,125,1992,19,28.99,110.34
105448,Active,867795,NA,NA,D,2,1,608551.7163,75,2006,32,18.98,102.49
105449,Active,3495068,NA,NA,D,1,0,8577559.95,85,1995,30,4.06,6.98
105450,Active,794191,NA,NA,D,3,1,7110881.498,45,2004,12,7,101.07
105451,Active,2534841,NA,NA,D,1,0,2365899.828,50.95,2003,21,4,45.82
105452,Active,227205,NA,NA,D,1,0,6676634.166,36,1997,19,4,31.92
105453,Active,1854457,NA,NA,D,0,0,5673251.52,125,2010,17,16.74,125
105454,Active,298261,NA,NA,D,0,0,725778.7563,63,2010,27,4.3,145.75
105455,Active,748741,NA,NA,D,1,0,3828352.021,82.95,2007,16,4.81,33.99
105456,Active,565095,NA,NA,D,1,0,417406.4688,45,2009,42,21.62,33.03
105457,Active,156866,NA,NA,D,1,0,6013227.79,42.95,2001,23,4,50.98
105458,Active,2578652,NA,NA,D,3,1,4903376.891,66.5,1987,15,4.11,51.11
105459,Active,860222,NA,NA,D,3,1,4039737.779,150,2010,14,67.78,149.99
105460,Active,898549,NA,NA,D,1,0,5712486.25,20.99,1986,13,4.32,0
105461,Active,137725,NA,NA,D,0,0,459726.3463,31.95,2003,18,4,42.19
105462,Active,131266,NA,NA,D,1,0,2948413.304,54,2001,27,4,12.58
105463,Active,2612612,NA,NA,D,1,0,2953398.193,115,2003,40,4,37.99
105464,Active,261271,NA,NA,D,1,0,783676.8688,114,1997,39,7.45,64.48
105465,Active,625722,NA,NA,D,1,0,266504.3675,97.95,1998,50,4,26.91
105466,Active,293001,NA,NA,D,0,0,862842.965,42.95,2005,15,11.99,75.37
105467,Active,913335,NA,NA,D,1,0,1279909.978,57,1999,30,5.04,16.91
105468,Active,131193,NA,NA,D,1,0,6113268.168,62.4,2000,16,4,15.99
105469,Active,870572,NA,NA,D,1,0,783665.9575,69.95,1996,32,4.21,18.94
105470,Active,645632,NA,NA,D,1,0,547680.48,50.95,2005,37,11.62,39.03
105471,Active,910449,NA,NA,D,1,0,1508551.338,59.8,2003,16,7.62,21.68
105472,Active,1837483,NA,NA,D,1,0,4113811.061,110,2007,18,29.63,34.92
105473,Active,2619140,NA,NA,D,1,0,829484.5475,39.95,1995,26,4.94,46.75
105474,Active,3843901,NA,NA,D,1,0,1579258.7,59.95,2008,7,29.98,0
105475,Active,1472351,NA,NA,D,1,0,1988199.924,73,2008,22,10.85,64.49
105476,Active,801420,NA,NA,D,2,1,10964110.49,80.95,2009,0,0,0
105477,Active,2721798,NA,NA,D,1,0,2657008.138,161,2002,38,3.85,78.55
105478,Active,2418558,NA,NA,D,0,0,5709919.551,99,2003,15,9.46,93.25
105479,Active,778347,NA,NA,D,0,0,2131844.599,58.95,2005,33,4,33.99
105480,Active,2614655,NA,NA,D,0,0,1921510.456,57.99,2004,19,21.98,73.72
105481,Active,912564,NA,NA,D,1,0,486114.43,120,1996,32,29.7,82.45
105482,Active,2610331,NA,NA,D,1,0,482224.6088,106,2000,26,13.99,49.99
105483,Active,174161,NA,NA,D,0,0,4283272.988,114.99,1997,19,48.08,110.63
105484,Active,1475244,NA,NA,D,1,0,2264914.523,70,2011,20,8.89,47.45
105485,Active,3603095,NA,NA,D,0,0,2858560.95,40,2000,32,4,10.26
105486,Active,3514436,NA,NA,D,1,0,5281042.2,49.95,2003,18,11.86,60.55
105487,Active,2190764,NA,NA,D,0,0,1684428.163,59.99,2012,17,39.22,41.24
105488,Active,2759578,NA,NA,D,0,0,4412064.75,120,2002,23,33.99,63.99
105489,Active,620655,NA,NA,D,1,0,3770038.125,38.95,2000,55,5.15,7.55
105490,Active,3613578,NA,NA,D,3,1,705370.95,39,1994,34,4,57.37
105491,Active,741072,NA,NA,D,1,0,1696273.799,54.99,2007,51,4,9.93
105492,Active,670759,NA,NA,D,3,1,2715447.236,375,2004,17,13.34,108.99
105493,Active,2782251,NA,NA,D,0,0,1220269.06,48,1996,31,6.39,8.58
105494,Active,560923,NA,NA,D,1,0,1604344.496,55,2008,50,4,4.44
105495,Active,827384,NA,NA,D,0,0,1736790.865,42,2001,41,4,14.51
105496,Active,144172,NA,NA,D,1,0,3921144.876,32.99,2002,27,4,4.13
105497,Active,802743,NA,NA,D,0,0,2562233.148,39.99,2012,15,4.4,32.99
105498,Active,579977,NA,NA,D,1,0,1289529.149,39.95,1989,52,4,12.97
105499,Active,2700295,NA,NA,D,2,1,8079572.94,37.95,1999,29,4,13.99
105500,Active,173979,NA,NA,D,1,0,8117289.329,141.99,1999,15,9.31,58.69
105501,Active,198322,NA,NA,D,0,0,2163304.529,39.95,2003,20,7.99,43.76
105502,Active,279063,NA,NA,D,1,0,1106210.493,34.95,2004,28,4.76,26.99
105503,Active,1472894,NA,NA,D,1,0,3300000.855,85,2009,15,34.2,63.93
105504,Active,320208,NA,NA,D,1,0,1178675.928,37.95,2005,53,5.7,23.5
105505,Active,2595244,NA,NA,D,0,0,550299.8475,104.99,1994,57,8.1,18.4
105506,Active,871052,NA,NA,D,0,0,1001876.125,28.95,2003,57,4,7.99
105507,Active,1467882,NA,NA,D,0,0,2893900.443,73,2008,15,31.49,78.73
105508,Active,2593543,NA,NA,D,0,0,2977948.904,72.99,1997,12,36.48,91.43
105509,Active,2868555,NA,NA,D,0,0,452594.2888,39.99,2005,34,30.88,43.99
105510,Active,3482014,NA,NA,D,2,1,6559428.75,89,1996,26,4.98,33.74
105511,Active,2599414,NA,NA,D,0,0,1962242.408,124.99,1993,18,6.87,72.03
105512,Active,906245,NA,NA,D,0,0,3668758.108,161,2000,17,3.99,59.67
105513,Active,2252708,NA,NA,D,0,0,8563666.404,0,2010,10,8.09,990.14
105514,Active,1594453,NA,NA,D,1,0,1814458.479,110,2009,16,16.97,55.57
105515,Active,918620,NA,NA,D,1,0,1661740.236,30,2002,46,4.82,24.19
105516,Active,2551327,NA,NA,D,1,0,7526303.268,51.95,2001,22,4,30.95
105517,Active,2599590,NA,NA,D,0,0,7964815.385,62.99,1993,10,36.24,91.85
105518,Active,1933079,NA,NA,D,0,0,1423340.724,39.95,2009,6,25,33.97
105519,Active,907439,NA,NA,D,2,1,4002577.636,40.95,2006,20,4,49.64
105520,Active,2596454,NA,NA,D,0,0,1764022.27,155,1993,21,26.02,103.87
105521,Active,2591279,NA,NA,D,1,0,3226330.315,134.99,1993,21,27.32,96.95
105522,Active,629146,NA,NA,D,1,0,636192.4025,90,2012,34,7.78,24.98
105523,Active,2810507,NA,NA,D,1,0,1382321.383,59.95,2002,16,9.47,59.95
105524,Active,725127,NA,NA,D,4,1,4679788.328,45,2000,14,4.12,43.98
105525,Active,2490714,NA,NA,D,2,1,5672142.346,37.95,2000,35,4,30.99
105526,Active,901520,NA,NA,D,2,1,3484024.389,40.95,2006,18,4.48,39.99
105527,Active,631303,NA,NA,D,3,1,1624462.81,38.95,2010,19,10.43,33.75
105528,Active,659119,NA,NA,D,1,0,3394014.876,51.95,2003,22,4,53.99
105529,Active,2492201,NA,NA,D,0,0,14781.02375,7.99,1995,86,4,5.17
105530,Active,2299558,NA,NA,D,4,1,41984,0,1900,15,0,0
105531,Active,3592657,NA,NA,D,1,0,891892.55,55,1973,32,4,57.1
105532,Active,1591571,NA,NA,D,3,1,2877461.588,160,2007,29,19.2,23.14
105533,Active,2527347,NA,NA,D,0,0,2211023.878,29.95,1991,24,7.47,51.97
105534,Active,3595861,NA,NA,D,0,0,2472084.45,65,2005,23,33.94,96.47
105535,Active,627926,NA,NA,D,7,1,741332.5175,88.95,2012,18,4.98,22.89
105536,Active,1464151,NA,NA,D,0,0,49944.66375,19.99,2007,21,15.86,14.99
105537,Active,2600697,NA,NA,D,1,0,7532293.654,99.99,1994,15,4,46.63
105538,Active,2845903,NA,NA,D,1,0,2583547.451,0,1972,19,23.2,78.94
105539,Active,2439663,NA,NA,D,0,0,3602315.038,84,2001,17,43.99,53.1
105540,Active,2851985,NA,NA,D,1,0,2815374.653,189.95,2000,15,26.82,374.97
105541,Active,2324450,NA,NA,D,1,0,682358.7613,161.92,1970,19,7.69,110.64
105542,Active,889294,NA,NA,D,4,1,3825417.539,81.95,1989,18,4.74,69.97
105543,Active,872209,NA,NA,D,4,1,1698681.791,196.14,2007,52,11.73,65.94
105544,Active,625298,NA,NA,D,0,0,302533.4213,62,2009,37,4,36.81
105545,Active,668184,NA,NA,D,0,0,2044330.708,97,2004,20,37.19,75.09
105546,Active,718606,NA,NA,D,1,0,2815819.888,115,2008,12,33.99,108.25
105547,Active,1433645,NA,NA,D,0,0,182472.1725,6.99,2013,18,6.49,6.99
105548,Active,2006711,NA,NA,D,2,1,2007887.608,0,2013,21,7.48,99.79
105549,Active,724161,NA,NA,D,1,0,1520667.328,83,2012,22,7.99,24.96
105550,Active,3124790,NA,NA,D,3,1,3281468.701,29.95,2005,14,27.53,77.52
105551,Active,274962,NA,NA,D,5,1,1369968.333,39.95,2005,19,6.33,49.43
105552,Active,2602814,NA,NA,D,0,0,3777476.599,23.99,1995,26,4.24,11.99
105553,Active,2588336,NA,NA,D,1,0,2363930.64,44.5,1970,14,6.39,73.37
105554,Active,2596946,NA,NA,D,0,0,2590564.041,24.99,1990,16,26.99,72.83
105555,Active,2407251,NA,NA,D,5,1,7904813.706,0,1995,15,4.49,0
105556,Active,2590404,NA,NA,D,0,0,6322139.978,26.5,1980,16,4,65.73
105557,Active,3586299,NA,NA,D,0,0,3025217.85,39.95,1999,30,4,23.98
105558,Active,875832,NA,NA,D,11,1,913549.3438,118.99,2013,15,45.88,118.79
105559,Active,1476261,NA,NA,D,1,0,2969244.031,105,2012,19,8.19,43.99
105560,Active,164445,NA,NA,D,4,1,1304265.156,90,2003,21,6.98,15.99
105561,Active,2614308,NA,NA,D,0,0,2379378.218,135,2004,21,20.44,115.39
105562,Active,2530233,NA,NA,D,0,0,1705897.581,51.95,2004,19,34.59,42.32
105563,Active,1704899,NA,NA,D,0,0,2395951.828,79.95,2013,13,58.56,64.25
105564,Active,2526254,NA,NA,D,1,0,3402974.164,130,1993,15,9.92,63.94
105565,Active,2409612,NA,NA,D,1,0,232548.405,28,1990,21,8.83,73.67
105566,Active,827758,NA,NA,D,0,0,501917.845,44.95,1994,94,4,37.55
105567,Active,2897879,NA,NA,D,0,0,1430083,24.9,1988,22,5.47,52.68
105568,Active,635126,NA,NA,D,1,0,308563.7525,68.95,2009,24,8.88,60.98
105569,Active,901229,NA,NA,D,3,1,2202389.444,26.95,2002,20,4,66.73
105570,Active,2541445,NA,NA,D,0,0,2875003.231,34.95,2002,26,5.28,46.87
105571,Active,2535240,NA,NA,D,1,0,4004753.924,29.95,2000,24,4.77,6.27
105572,Active,1556061,NA,NA,D,1,0,2106016.774,225,2011,16,51,102.69
105573,Active,442025,NA,NA,D,1,0,4291249.324,225,2009,16,36.19,209.91
105574,Active,1537967,NA,NA,D,1,0,1521414.254,225,2008,13,23.58,117.23
105575,Active,157217,NA,NA,D,0,0,2672180.796,44.95,2005,32,4,53.21
105576,Active,896397,NA,NA,D,0,0,6640273.163,125,1998,13,11.59,125
105577,Active,918199,NA,NA,D,0,0,2549101.969,52.95,1998,37,4,33.37
105578,Active,2546053,NA,NA,D,0,0,1122756.938,30.95,2004,26,6.7,24.79
105579,Active,336972,NA,NA,D,0,0,610432.7763,58.95,2010,24,11.46,0
105580,Active,3728097,NA,NA,D,0,0,1182329.35,75,2011,64,56.58,75
105581,Active,2151456,NA,NA,D,0,0,913305.6688,59.95,2013,55,31.3,30.51
105582,Active,659287,NA,NA,D,6,1,3063827.653,225,2000,21,50.96,99.97
105583,Active,711289,NA,NA,D,2,1,2504408.289,56,2000,35,4,40.23
105584,Active,800271,NA,NA,D,2,1,9288821.718,182,2005,10,13.49,27.37
105585,Active,801299,NA,NA,D,0,0,3205341.174,185,2009,18,14.94,52.28
105586,Active,645579,NA,NA,D,1,0,1002698.103,140,2004,22,4.78,83.98
105587,Active,1667959,NA,NA,D,0,0,2095359.569,185,2006,14,18.99,72.83
105588,Active,2722096,NA,NA,D,1,0,540092.7838,150,2002,22,21.21,26.73
105589,Active,660181,NA,NA,D,0,0,3287012.71,185,2010,15,40.2,103.06
105590,Active,507497,NA,NA,D,1,0,4342887.283,185,2010,13,10.31,133.81
105591,Active,495230,NA,NA,D,1,0,2838695.363,185,2007,17,22.44,125.35
105592,Active,592033,NA,NA,D,0,0,1216551.454,185,2010,20,26.69,73.79
105593,Active,800549,NA,NA,D,0,0,5765585.079,185,2008,21,9.8,72.62
105594,Active,1854375,NA,NA,D,0,0,4167867.764,185,2009,14,21.06,125.59
105595,Active,1646412,NA,NA,D,0,0,908563.865,59.99,2008,17,12.08,16.97
105596,Active,2613685,NA,NA,D,1,0,4551216.376,209.99,2003,15,53.12,182.34
105597,Active,1783618,NA,NA,D,0,0,1878716.271,100,2013,35,35.62,66.93
105598,Active,897040,NA,NA,D,1,0,1282603.486,20,2004,8,13.87,16.88
105599,Active,892346,NA,NA,D,0,0,1606522.611,195,2011,10,146.69,173.24
105600,Active,666012,NA,NA,D,0,0,1188560.379,195,2011,15,145.92,177.71
105601,Active,3049842,NA,NA,D,1,0,4366636.155,51.95,1996,25,4,53.95
105602,Active,1710712,NA,NA,D,0,0,547946.9375,79,2010,19,16.02,59.99
105603,Active,245431,NA,NA,D,0,0,747667.9413,269,2004,21,150.66,201.97
105604,Active,173840,NA,NA,D,0,0,1466225.611,47.99,2006,39,4,12.94
105605,Active,2888684,NA,NA,D,1,0,1631735.203,99.2,1952,20,13.92,63.22
105606,Active,2836290,NA,NA,D,1,0,2182778.67,142.95,1994,30,4,10.99
105607,Active,901808,NA,NA,D,0,0,3574437.779,20.98,2003,17,7.13,23.94
105608,Active,906111,NA,NA,D,3,1,1614317.249,86.3,1993,21,6.39,9.42
105609,Active,898444,NA,NA,D,0,0,8996834,104.95,1999,12,10.43,58.79
105610,Active,2846166,NA,NA,D,2,1,1950584.493,59.95,1981,16,4.13,68.47
105611,Active,226718,NA,NA,D,1,0,1614412.468,40,2005,31,22.7,38.08
105612,Active,906043,NA,NA,D,1,0,3326161.381,228.95,2005,20,16.13,108.54
105613,Active,792989,NA,NA,D,1,0,1053107.418,165,1999,15,11.95,55.91
105614,Active,175412,NA,NA,D,0,0,4149975.975,94.99,2003,15,9.99,27.86
105615,Active,172168,NA,NA,D,0,0,842038.9338,42,2006,35,5.62,18.81
105616,Active,757160,NA,NA,D,1,0,3137415.128,200,1999,25,4,40.96
105617,Active,296158,NA,NA,D,1,0,2247979.154,94.99,2004,16,76.11,79.98
105618,Active,2649789,NA,NA,D,1,0,1215555.318,157.95,2003,21,4.97,40.32
105619,Active,2588713,NA,NA,D,0,0,2430036.771,49.5,1972,12,15.49,58.49
105620,Active,181279,NA,NA,D,2,1,1684141.386,25.67,1999,35,4,13.93
105621,Active,655307,NA,NA,D,1,0,465849.9338,44.99,2012,23,20.24,0
105622,Active,1657285,NA,NA,D,1,0,6115910.863,51.71,2007,9,17.54,135.59
105623,Active,184183,NA,NA,D,0,0,611020.9013,97.95,1995,39,6.98,53.47
105624,Active,1627580,NA,NA,D,0,0,1270660.836,43.95,2012,17,20.41,27.96
105625,Active,2791401,NA,NA,D,0,0,2866758.649,25,1991,69,1.99,11.29
105626,Active,691997,NA,NA,D,1,0,1718746.429,282.9,1998,18,4,57.45
105627,Active,1543161,NA,NA,D,0,0,616451.9238,54.95,2011,22,24.47,43.46
105628,Active,205995,NA,NA,D,1,0,113583.1663,50,2004,45,4.64,26.99
105629,Active,288974,NA,NA,D,1,0,352294.02,45,2007,26,4.65,12.79
105630,Active,2596461,NA,NA,D,1,0,4951069.6,59.95,1990,15,22.99,101.53
105631,Active,1709364,NA,NA,D,0,0,4543478.504,38.5,2006,14,20.14,39.92
105632,Active,3514968,NA,NA,D,0,0,4560655.05,249,1989,33,48.98,124.22
105633,Active,2538994,NA,NA,D,1,0,3183044.529,145,2001,19,13.99,71.19
105634,Active,911342,NA,NA,D,0,0,2884497.149,75,2009,16,36.99,73.25
105635,Active,211707,NA,NA,D,1,0,269967.5463,37.95,2002,39,12.39,23.41
105636,Active,2589639,NA,NA,D,1,0,3142796.983,139.99,1976,27,23.69,92.31
105637,Active,2322199,NA,NA,D,0,0,1179167.534,134.34,1969,33,5.89,59.77
105638,Active,3032674,NA,NA,D,0,0,5902947.736,17.95,1991,14,11.77,73.13
105639,Active,907742,NA,NA,D,0,0,9316814.86,26.95,1990,21,4,44.23
105640,Active,2595049,NA,NA,D,0,0,8069979.05,159.99,1995,26,20.79,142.47
105641,Active,2512968,NA,NA,D,1,0,1973012.664,186.24,1966,12,24.97,168.3
105642,Active,908316,NA,NA,D,0,0,1111550.03,111.25,1973,19,30.14,149.05
105643,Active,2438621,NA,NA,D,2,1,2123806.464,29.99,2003,33,4,28.94
105644,Active,827559,NA,NA,D,1,0,356888.19,43,1994,29,3.85,54.83
105645,Active,759136,NA,NA,D,1,0,1184055.548,55,2000,21,13.99,32.95
105646,Active,2837266,NA,NA,D,0,0,1654510.035,28,1989,23,9.03,15.85
105647,Active,2464341,NA,NA,D,1,0,141975.7313,39.99,1992,151,4,20.65
105648,Active,2588368,NA,NA,D,1,0,3396366.056,50,1970,21,4,60.97
105649,Active,2593237,NA,NA,D,2,1,1798621.708,18.95,1981,26,4,51.32
105650,Active,917865,NA,NA,D,0,0,357545.2513,29.95,2008,32,11.32,20.63
105651,Active,607676,NA,NA,D,3,1,3167770.216,56.8,2000,31,4,28.94
105652,Active,2441084,NA,NA,D,0,0,583743.365,47,1988,90,4,14.95
105653,Active,2595960,NA,NA,D,0,0,3762027.968,110,1988,22,15.24,75.64
105654,Active,905519,NA,NA,D,0,0,916024.65,55,2007,20,11.45,18.19
105655,Active,3550866,NA,NA,D,0,0,83356.85,60,1991,115,9.51,32.83
105656,Active,2590058,NA,NA,D,0,0,1050056.944,47.5,1978,29,7.99,66.87
105657,Active,2408034,NA,NA,D,1,0,3870417.975,125,1996,36,18.48,83.38
105658,Active,1872431,NA,NA,D,0,0,361056.09,22.95,2006,13,7.42,15.93
105659,Active,3763132,NA,NA,D,0,0,826202.35,42.99,2015,31,25.6,26.22
105660,Active,721523,NA,NA,D,1,0,967498.14,75,2007,76,6.78,13.91
105661,Active,3782457,NA,NA,D,1,0,1761197.8,40,1994,84,3.95,8.48
105662,Active,906725,NA,NA,D,2,1,1376609.501,27.45,2007,38,6.78,11.91
105663,Active,555511,NA,NA,D,0,0,2210401.691,37.95,2003,23,4.46,23.99
105664,Active,1617237,NA,NA,D,1,0,1163015.555,64.95,2009,16,39.58,69.95
105665,Active,585542,NA,NA,D,0,0,219122.0963,49.95,1992,90,4.81,11.98
105666,Active,536689,NA,NA,D,0,0,523767.6575,40,1989,38,4,64.75
105667,Active,633822,NA,NA,D,1,0,99191.95125,60,2012,26,38.99,0
105668,Active,144381,NA,NA,D,9,1,3649372.274,50.33,2002,27,4,10.26
105669,Active,2588971,NA,NA,D,0,0,4822439.1,17.99,1968,39,4,46.49
105670,Active,139134,NA,NA,D,1,0,1370080.561,45,2005,42,11.47,39.97
105671,Active,913696,NA,NA,D,0,0,1015861.045,14,1995,23,4,51.74
105672,Active,268501,NA,NA,D,1,0,887001.17,85,2008,23,13.28,51.13
105673,Active,556044,NA,NA,D,1,0,861031.1475,78,1997,31,10.7,53.59
105674,Active,897867,NA,NA,D,1,0,606494.2325,105,2000,11,27.98,56.24
105675,Active,577777,NA,NA,D,1,0,1540235.881,65.95,2004,31,4,45.39
105676,Active,870163,NA,NA,D,3,1,801532.0238,72.78,2010,22,9.01,53.33
105677,Active,155681,NA,NA,D,0,0,1090154.851,54.95,2009,22,28.33,53.83
105678,Active,556272,NA,NA,D,1,0,3209682.116,124.5,2004,20,31.41,138.19
105679,Active,127260,NA,NA,D,2,1,2488019.641,44.95,2004,34,4,9.96
105680,Active,279184,NA,NA,D,0,0,1284025.365,69.95,2006,28,4.79,37.99
105681,Active,199409,NA,NA,D,0,0,941500.3925,64,2007,15,4.78,53.37
105682,Active,199404,NA,NA,D,0,0,1086013.638,55,2006,21,4.61,91.88
105683,Active,575511,NA,NA,D,0,0,1769770.125,62.95,2005,27,4,0
105684,Active,872281,NA,NA,D,2,1,5349325.948,30.2,1999,26,4,11.49
105685,Active,2191168,NA,NA,D,0,0,1820294.489,89.99,2012,23,71.51,71.45
105686,Active,2594479,NA,NA,D,0,0,3866109.478,99.99,1992,15,33.18,94.64
105687,Active,2591024,NA,NA,D,0,0,6042781.25,59.95,1985,6,28.37,503.99
105688,Active,3627470,NA,NA,D,1,0,2462734.9,110,2012,41,28.89,44.85
105689,Active,3801190,NA,NA,D,2,1,5957106.15,79.95,2015,12,83.07,79.94
105690,Active,2610529,NA,NA,D,0,0,3452846.941,119.99,2000,17,28.51,112
105691,Active,2499239,NA,NA,D,0,0,766401.105,22,2003,20,15.65,39.94
105692,Active,667157,NA,NA,D,0,0,264300.6438,39.95,2002,15,24.88,0
105693,Active,2593663,NA,NA,D,0,0,1774322.531,144,1986,17,12.78,94.09
105694,Active,823406,NA,NA,D,1,0,435890.9175,29.95,2000,41,5.69,26.81
105695,Active,846913,NA,NA,D,1,0,1089213.233,60,1994,30,9.12,43.99
105696,Active,862745,NA,NA,D,2,1,4069002.221,52,1998,28,4,33.51
105697,Active,2503935,NA,NA,D,0,0,7691703.913,261.73,1982,19,5.36,50.83
105698,Active,913482,NA,NA,D,0,0,3228947.8,16.95,1990,24,4.77,20.94
105699,Active,3567603,NA,NA,D,5,1,4518470.3,47.95,2001,26,4.38,18.98
105700,Active,2532951,NA,NA,D,0,0,694353.7388,35.95,1996,23,4,10.48
105701,Active,1592408,NA,NA,D,1,0,1016092.07,230,2007,21,21.49,41.18
105702,Active,610222,NA,NA,D,0,0,214162.4563,22,2000,47,9.36,14.16
105703,Active,740241,NA,NA,D,1,0,1288297.41,73.99,2003,21,10.09,84.53
105704,Active,911777,NA,NA,D,1,0,447139.645,59.95,1999,31,11.16,32.99
105705,Active,3824929,NA,NA,D,0,0,745801.9,60,2012,45,28.83,37.59
105706,Active,2589044,NA,NA,D,2,1,2379771.611,21.95,1971,27,4,33.99
105707,Active,1592906,NA,NA,D,1,0,2303329.215,110,2006,21,20.47,67.33
105708,Active,607494,NA,NA,D,5,1,4206033.241,145,1999,24,4.78,9.86
105709,Active,2094440,NA,NA,D,1,0,252736.7663,19.99,2014,23,18.57,41.14
105710,Active,796477,NA,NA,D,0,0,695876.8463,49.99,2009,20,20.42,58.98
105711,Active,2472478,NA,NA,D,0,0,2876008.554,18,1998,20,4,25.29
105712,Active,1645251,NA,NA,D,0,0,2441183.55,30.95,2006,14,25.02,34
105713,Active,1534177,NA,NA,D,0,0,757284.4188,199,2008,21,30.89,53.99
105714,Active,1533527,NA,NA,D,0,0,2413224.175,189,2006,26,42.63,42.99
105715,Active,1533828,NA,NA,D,0,0,1179891.546,169,2007,24,78.68,123.99
105716,Active,2559597,NA,NA,D,1,0,1878351.214,79.95,1971,22,9.56,75.7
105717,Active,2593612,NA,NA,D,1,0,948833.9913,160,1987,20,6.23,65.69
105718,Active,704812,NA,NA,D,0,0,3305960.435,46.01,1999,30,4,44.07
105719,Active,291230,NA,NA,D,1,0,1575361.54,64.99,2001,35,4,33.38
105720,Active,2157844,NA,NA,D,0,0,18917.99375,13.95,2007,39,6.72,8.37
105721,Active,2157846,NA,NA,D,0,0,54247.03125,13.95,2007,32,8.3,12.08
105722,Active,242813,NA,NA,D,0,0,66496.16125,21.95,2004,35,8.61,16.12
105723,Active,2601151,NA,NA,D,1,0,2214952.71,115,1994,47,9.57,33.49
105724,Active,2789785,NA,NA,D,1,0,444519.68,24.95,1997,35,9.76,18.99
105725,Active,246428,NA,NA,D,1,0,5674635.676,45,2006,18,4.69,52.84
105726,Active,1587644,NA,NA,D,1,0,2507064.728,60,2007,19,5.08,17.87
105727,Active,3498836,NA,NA,D,1,0,668060.55,39.99,1990,170,4,16.42
105728,Active,1472063,NA,NA,D,1,0,4097255.19,110,2008,12,30,78.26
105729,Active,882000,NA,NA,D,1,0,8292976.824,35,1990,13,13.99,0
105730,Active,3481767,NA,NA,D,1,0,2072631.7,113,1955,37,11.01,125.18
105731,Active,237766,NA,NA,D,0,0,1462529.509,50,2004,26,13.98,68.38
105732,Active,916670,NA,NA,D,1,0,1210019.963,39.95,2006,32,5.27,13.98
105733,Active,256766,NA,NA,D,1,0,2565543.669,41.95,1998,33,4,10.84
105734,Active,174251,NA,NA,D,1,0,3471228.78,44,1999,26,4,10.24
105735,Active,2559963,NA,NA,D,0,0,1278780.883,77.13,1971,30,9.3,74.09
105736,Active,2409165,NA,NA,D,1,0,5008823.461,17.95,1978,49,4,20.74
105737,Active,2401518,NA,NA,D,0,0,1462650.561,41.5,1994,46,4.12,50.24
105738,Active,126248,NA,NA,D,6,1,1119815.699,49.95,2002,47,4,9.94
105739,Active,651965,NA,NA,D,1,0,1591142.776,82.99,2007,20,20.49,69.22
105740,Active,158042,NA,NA,D,1,0,157627.2363,69.95,2006,38,7.22,0
105741,Active,906030,NA,NA,D,1,0,3283277.298,39.95,1998,21,4,36.97
105742,Active,660585,NA,NA,D,0,0,330130.0838,245,1981,29,170.29,179.02
105743,Active,891135,NA,NA,D,1,0,8622384.993,99,1991,15,72.88,92.96
105744,Active,3695002,NA,NA,D,0,0,2299132.85,0,2013,21,4.42,0
105745,Active,2598374,NA,NA,D,0,0,9073446.274,73.99,1993,7,5.93,63.45
105746,Active,668618,NA,NA,D,0,0,2263674.383,200,2011,23,4.77,114.05
105747,Active,789464,NA,NA,D,2,1,863007.9675,69.95,2005,26,6.22,69.33
105748,Active,893800,NA,NA,D,0,0,2941333.345,146,1995,23,5.98,45.99
105749,Active,2028283,NA,NA,D,1,0,246610.0388,69.95,2014,32,24.74,69.95
105750,Active,2120113,NA,NA,D,0,0,877735.9013,97.5,2007,21,8.33,84.98
105751,Active,3550659,NA,NA,D,1,0,3346191.05,45,1994,45,6.7,25.94
105752,Active,293832,NA,NA,D,1,0,532889.1513,71.95,2004,39,21.68,0
105753,Active,592371,NA,NA,D,0,0,131393.0013,79.55,2002,35,33.53,36.99
105754,Active,1587552,NA,NA,D,1,0,6587222.094,128,2010,25,25.4,59.88
105755,Active,719690,NA,NA,D,1,0,1434384.235,45,2000,19,7.82,53.78
105756,Active,779951,NA,NA,D,0,0,2792893.068,69.95,1997,19,25.49,73.74
105757,Active,2605343,NA,NA,D,0,0,5407694.05,125,1999,15,6.39,75.57
105758,Active,247560,NA,NA,D,0,0,702207.6563,38,2005,23,7.98,18.18
105759,Active,2588209,NA,NA,D,1,0,2372977.583,70,1969,24,25.99,48.99
105760,Active,2898652,NA,NA,D,0,0,270702.365,39.95,1997,32,27.57,95.4
105761,Active,139751,NA,NA,D,0,0,620769.1613,69.95,2004,57,15.96,52.95
105762,Active,792612,NA,NA,D,0,0,8105798.39,35.95,1999,21,4,15.99
105763,Active,132031,NA,NA,D,1,0,950942.4613,41,2007,69,3.99,8.88
105764,Active,3043459,NA,NA,D,0,0,1698314.12,109.02,1999,16,18.99,99.21
105765,Active,710689,NA,NA,D,0,0,2592782.626,90,2003,43,4,7.37
105766,Active,178371,NA,NA,D,1,0,3022919.401,118.4,2006,20,4.78,49.66
105767,Active,645944,NA,NA,D,1,0,1401387.928,159,2010,27,35.27,82.77
105768,Active,3113888,NA,NA,D,4,1,7259957.256,37.95,2004,35,4,48.67
105769,Active,525594,NA,NA,D,40,1,287372.7275,26.95,2008,87,4,10.24
105770,Active,502531,NA,NA,D,1,0,890362.1913,31.95,2004,31,4,10.94
105771,Active,911609,NA,NA,D,0,0,669724.1613,45,1998,31,8.48,33.95
105772,Active,2712231,NA,NA,D,0,0,502056.8488,2.49,2004,43,3.42,2.49
105773,Active,1469017,NA,NA,D,1,0,2120968.235,105,2008,20,6.39,25.21
105774,Active,828437,NA,NA,D,0,0,8551957.055,47,1998,20,9.63,12.49
105775,Active,3552830,NA,NA,D,0,0,1476681.7,46,1993,39,11.93,29.97
105776,Active,1714205,NA,NA,D,12,1,2490648.08,150,2010,12,102.96,393.57
105777,Active,3514191,NA,NA,D,0,0,17141965.5,0,1900,6,16.59,0
105778,Active,2596858,NA,NA,D,1,0,1194158.093,120,1994,15,11.48,71.89
105779,Active,2225896,NA,NA,D,0,0,1292291.651,59.9,2010,10,30.08,28.3
105780,Active,2597884,NA,NA,D,1,0,1373865.01,99.99,1992,14,23.72,87.87
105781,Active,2614080,NA,NA,D,1,0,2323098.484,214.99,2003,17,43.98,96.09
105782,Active,899607,NA,NA,D,0,0,1668784.466,91.6,2003,20,23.55,98.99
105783,Active,2594114,NA,NA,D,0,0,4493476.773,23.95,1986,25,6.86,28.95
105784,Active,629469,NA,NA,D,0,0,2361568.974,84.95,2003,24,43.96,66.34
105785,Active,2618598,NA,NA,D,2,1,816243.7575,63.95,1992,24,8.97,47.98
105786,Active,268425,NA,NA,D,1,0,1239294.855,40,2006,45,4,8.33
105787,Active,1558814,NA,NA,D,0,0,528881.1113,55.95,2011,36,11.52,44.42
105788,Active,900590,NA,NA,D,0,0,602792.1313,34.95,1996,24,6.96,59.17
105789,Active,2177583,NA,NA,D,0,0,1920556.081,99,2006,17,33.33,39.79
105790,Active,723870,NA,NA,D,1,0,534615.265,78,2010,22,19.23,75.61
105791,Active,1652307,NA,NA,D,0,0,4531780.934,11.1,2007,19,4.89,12.99
105792,Active,2812604,NA,NA,D,0,0,3224360.974,69.95,2005,18,19.39,53.99
105793,Active,2527940,NA,NA,D,1,0,980902.1025,67.95,1991,16,56.16,52.36
105794,Active,2854123,NA,NA,D,1,0,1948448.176,21.95,2005,24,5.28,12.23
105795,Active,1535882,NA,NA,D,1,0,299726.3588,82.34,2014,24,5.98,73.97
105796,Active,1490267,NA,NA,D,1,0,2203459.21,36,2009,15,17.72,14.01
105797,Active,1425002,NA,NA,D,2,1,2428357.263,39.75,2009,23,4,39.98
105798,Active,1425277,NA,NA,D,5,1,3993460.005,65,2010,13,4.86,16.49
105799,Active,2404246,NA,NA,D,1,0,1864047.088,30,1986,24,4,48.34
105800,Active,1980070,NA,NA,D,0,0,1121398.039,50.99,2014,28,31.98,31.48
105801,Active,547214,NA,NA,D,10,1,421053.7025,165,2012,29,4.99,128.99
105802,Active,547229,NA,NA,D,5,1,668774.3725,165,2012,30,15.99,103.98
105803,Active,2724114,NA,NA,D,2,1,1990537.851,62,2002,23,4,31.99
105804,Active,2468945,NA,NA,D,0,0,901363.43,101,1982,28,15.87,91.95
105805,Active,618221,NA,NA,D,1,0,1036398.493,69,2001,28,4,35.94
105806,Active,3784468,NA,NA,D,0,0,923199.2,330.31,1993,36,8.62,114.82
105807,Active,800569,NA,NA,D,2,1,2397374.173,52.95,2006,15,5.88,47.63
105808,Active,616951,NA,NA,D,0,0,125348.44,70,2008,38,15.99,58.99
105809,Active,1687437,NA,NA,D,1,0,1288981.788,58,2008,19,29.04,70.97
105810,Active,2597428,NA,NA,D,1,0,1815082.669,120,1993,17,15.78,63.19
105811,Active,640249,NA,NA,D,1,0,394471.3963,240,1994,19,28.7,122.74
105812,Active,569253,NA,NA,D,1,0,2812193.689,125,2008,21,3.85,112.97
105813,Active,544805,NA,NA,D,2,1,133132.4913,172.95,2013,26,26.47,93.99
105814,Active,2599941,NA,NA,D,0,0,3209137.758,62.99,1993,13,6.31,50.58
105815,Active,2588116,NA,NA,D,1,0,4847265.924,49.5,1969,10,10.97,87.94
105816,Active,901640,NA,NA,D,0,0,854806.9838,45.95,1994,15,10.89,67.81
105817,Active,2604789,NA,NA,D,0,0,3107513.109,195,2000,20,47.2,63.98
105818,Active,189859,NA,NA,D,0,0,785191.9625,49.5,2004,33,13.49,23.58
105819,Active,3785143,NA,NA,D,1,0,1339969.85,39.95,2003,39,21.48,23.03
105820,Active,1840727,NA,NA,D,3,1,3642821.865,366.95,2009,12,199.46,255.97
105821,Active,2551460,NA,NA,D,1,0,746192.245,106,2002,18,106.4,106.94
105822,Active,2608209,NA,NA,D,0,0,1481245.991,184.99,1998,20,26.63,123.99
105823,Active,2600916,NA,NA,D,0,0,1093086.353,18.99,1978,78,3.99,10.67
105824,Active,918118,NA,NA,D,1,0,482601.975,28.95,1993,38,28.74,72.82
105825,Active,802709,NA,NA,D,1,0,886078.06,39.99,2010,31,4,22.68
105826,Active,108948,NA,NA,D,1,0,3488859.093,64,2004,32,3.41,4.61
105827,Active,2817213,NA,NA,D,1,0,1644807.119,45,1998,32,4.97,12.99
105828,Active,913262,NA,NA,D,2,1,903286.1213,39.95,2001,25,7.93,31.25
105829,Active,2935745,NA,NA,D,0,0,1865183.34,89.99,1989,18,25.26,71.3
105830,Active,2852477,NA,NA,D,0,0,392475.7175,19.95,1998,41,5.99,27.68
105831,Active,2539168,NA,NA,D,2,1,4157283.694,145,2002,16,21.76,150.75
105832,Active,548775,NA,NA,D,0,0,131018.8363,15.99,1964,41,4.27,13.1
105833,Active,194684,NA,NA,D,0,0,2734168.423,83.99,2010,26,4,70.01
105834,Active,718194,NA,NA,D,1,0,1694205.391,120,1997,32,6.25,53.99
105835,Active,2530021,NA,NA,D,0,0,1821129.029,33.95,1993,38,4,11.94
105836,Active,900014,NA,NA,D,0,0,5815571.595,66.53,2006,14,11.5,66.51
105837,Active,1479191,NA,NA,D,1,0,1457309.738,49.95,2011,14,43.87,50.35
105838,Active,639036,NA,NA,D,1,0,3166723.77,69.99,2007,14,6.64,45.99
105839,Active,789361,NA,NA,D,1,0,3165747.593,139,2004,20,4.51,12
105840,Active,2591163,NA,NA,D,0,0,1544328.666,18.95,1983,16,4,23.94
105841,Active,916541,NA,NA,D,1,0,288288.9225,35,1997,44,4.23,23.7
105842,Active,1872575,NA,NA,D,0,0,1126761.968,39.99,2007,23,19.98,118.95
105843,Active,3959938,NA,NA,D,0,0,7472438.6,42.12,2013,0,0,0
105844,Active,3113558,NA,NA,D,0,0,1739493.093,9.99,2002,19,9.15,49.89
105845,Active,893634,NA,NA,D,0,0,3037327.503,244.12,1988,8,4.53,421.03
105846,Active,1536045,NA,NA,D,3,1,2593051.455,59.95,2007,8,33.94,58.54
105847,Active,2271026,NA,NA,D,6,1,6920904.583,44.89,2009,34,9.29,47.37
105848,Active,1592537,NA,NA,D,0,0,4639080.113,155,2006,20,7.29,62.41
105849,Active,903428,NA,NA,D,1,0,5913840.925,135,2001,14,12.83,94.89
105850,Active,1627616,NA,NA,D,0,0,917056.68,55,2012,21,7.91,20.97
105851,Active,740022,NA,NA,D,0,0,2679638.814,74.99,2003,19,4.73,22.94
105852,Active,727822,NA,NA,D,1,0,2612662.956,59.99,1998,69,3.86,5.99
105853,Active,2404137,NA,NA,D,0,0,2153715.313,38,1987,17,6.58,53.98
105854,Active,124052,NA,NA,D,3,1,5574575.939,78.95,1999,23,4,10.69
105855,Active,863561,NA,NA,D,0,0,2471508.603,28.95,2008,16,15.91,299.08
105856,Active,719958,NA,NA,D,3,1,4713863.15,52,2002,18,15.24,58.99
105857,Active,910590,NA,NA,D,1,0,1998035.711,85,2003,19,15.94,72.41
105858,Active,1468525,NA,NA,D,1,0,2772468.474,68,2010,20,30.3,67.45
105859,Active,745986,NA,NA,D,1,0,502462.7013,45,2000,38,5.1,22.85
105860,Active,1542405,NA,NA,D,0,0,2052591.738,145,2012,45,7.12,79.73
105861,Active,893676,NA,NA,D,0,0,2320472.73,566.29,2010,16,22.57,33.98
105862,Active,1645605,NA,NA,D,7,1,2178660.333,109,2009,17,39.71,99
105863,Active,904832,NA,NA,D,1,0,5005999.203,59.95,1996,18,4,43.18
105864,Active,644961,NA,NA,D,0,0,1929645.754,64.95,2005,25,4,25.99
105865,Active,2596959,NA,NA,D,0,0,2665071.508,22.99,1993,15,6.69,59.54
105866,Active,645612,NA,NA,D,1,0,3689575.331,56.95,2003,17,4,9.99
105867,Active,2614556,NA,NA,D,0,0,1136634.791,99.99,2003,14,28.98,45.12
105868,Active,592676,NA,NA,D,3,1,7191275.789,441.75,2006,15,4,92.51
105869,Active,3583141,NA,NA,D,1,0,339086.3,60,1989,61,14.55,27.37
105870,Active,909206,NA,NA,D,0,0,2117779.951,105,2010,31,14.08,15.47
105871,Active,3574290,NA,NA,D,1,0,2137037.8,179.5,1999,21,12.73,73.73
105872,Active,747665,NA,NA,D,0,0,1218002.305,65,2008,26,17.41,39.99
105873,Active,641464,NA,NA,D,1,0,992844.8163,95.95,2010,29,4.98,36.41
105874,Active,913313,NA,NA,D,0,0,671732.5713,19.95,1998,34,4,15.67
105875,Active,1706509,NA,NA,D,0,0,507940.82,50,2008,20,16.88,33.84
105876,Active,652752,NA,NA,D,0,0,2822059.706,89.95,2010,21,7.14,75.31
105877,Active,128223,NA,NA,D,0,0,4939991.401,80,1996,17,4.72,51.05
105878,Active,2860659,NA,NA,D,2,1,1128548.323,49.95,1995,56,4,13.36
105879,Active,2851986,NA,NA,D,1,0,1814729.481,179.95,1999,16,4.8,53.36
105880,Active,2560189,NA,NA,D,1,0,3363084.623,104.01,1980,16,21.98,78.52
105881,Active,3800102,NA,NA,D,0,0,1948135.05,100,2009,27,18.1,46.97
105882,Active,2773279,NA,NA,D,1,0,2621104.839,57.95,1984,19,22.91,85.09
105883,Active,135358,NA,NA,D,1,0,1420427.206,90,2005,55,4,9.66
105884,Active,2604449,NA,NA,D,0,0,2329611.028,89.99,2005,23,4.97,60.25
105885,Active,2596188,NA,NA,D,0,0,641766.4988,78.99,1993,34,5.94,33.99
105886,Active,2344110,NA,NA,D,0,0,2642515.583,79.5,1988,25,4,23.99
105887,Active,2227677,NA,NA,D,0,0,1062700.926,27.85,2012,16,18.49,22.98
105888,Active,203425,NA,NA,D,1,0,4211432.086,44.95,2002,25,4,10.95
105889,Active,1479017,NA,NA,D,0,0,3778501.644,150,2011,7,119.53,0
105890,Active,2618477,NA,NA,D,5,1,7004439.266,32.95,1992,13,3.99,11.98
105891,Active,3729530,NA,NA,D,0,0,650468.35,54.99,2013,67,23.38,28.95
105892,Active,2267683,NA,NA,D,0,0,426586,402.99,2007,10,38.63,72.57
105893,Active,252043,NA,NA,D,1,0,1622143.593,134.95,2007,44,4.35,23.97
105894,Active,2529673,NA,NA,D,0,0,4483314.371,36.95,1988,16,6.39,49.64
105895,Active,898095,NA,NA,D,0,0,4342880.343,319,2005,20,28.48,136.11
105896,Active,617163,NA,NA,D,1,0,634312.13,18,2008,70,4,7.35
105897,Active,266278,NA,NA,D,4,1,135870.5738,170.8,2013,36,31.35,48.74
105898,Active,114440,NA,NA,D,3,1,1505214.441,75.67,2001,21,4.91,26.29
105899,Active,607360,NA,NA,D,8,1,886412.2925,88.4,2003,20,4.97,46.79
105900,Active,118097,NA,NA,D,9,1,1403484.013,102.6,2006,23,4,66.94
105901,Active,905094,NA,NA,D,2,1,5526226.645,65.85,1994,22,4.49,10.97
105902,Active,693106,NA,NA,D,1,0,7927935.519,88.95,1998,14,7.49,100.46
105903,Active,736242,NA,NA,D,1,0,546285.95,24.95,1998,51,4,13.6
105904,Active,911055,NA,NA,D,1,0,816350.35,35.95,2009,26,31.98,89.05
105905,Active,907321,NA,NA,D,1,0,3319014.934,190,2008,25,41.48,92.65
105906,Active,2601386,NA,NA,D,0,0,2335716.913,159.99,1997,25,32.44,99.97
105907,Active,216177,NA,NA,D,0,0,634004.295,40,2001,31,12.76,68.35
105908,Active,572544,NA,NA,D,1,0,2294618.855,225,1991,24,17.46,89.6
105909,Active,298138,NA,NA,D,1,0,1502396.685,213.95,2009,27,22.71,73.93
105910,Active,749910,NA,NA,D,1,0,1610564.126,147.57,2009,33,7.47,49.49
105911,Active,2040511,NA,NA,D,0,0,2126067.105,45,2009,22,9.42,45.63
105912,Active,3255517,NA,NA,D,2,1,1742695.679,63.01,2004,42,17.01,75
105913,Active,2253846,NA,NA,D,2,1,6545080.648,148.97,2009,33,48.71,127.74
105914,Active,903520,NA,NA,D,0,0,8084508.613,88.52,1984,16,4.42,86.11
105915,Active,156771,NA,NA,D,1,0,2007337.074,41.95,2001,24,4,41.95
105916,Active,2647804,NA,NA,D,1,0,788127.7875,37.95,1994,48,7.5,26.84
105917,Active,2752546,NA,NA,D,0,0,594173.4138,24.99,1998,22,4.96,71.88
105918,Active,921468,NA,NA,D,1,0,1305424.395,41.95,1997,51,4,16.99
105919,Active,173534,NA,NA,D,0,0,287174.6963,29.99,2000,68,4,21.93
105920,Active,807917,NA,NA,D,0,0,547070.4975,29.99,2010,30,5.37,19.4
105921,Active,791826,NA,NA,D,0,0,2485238.334,34.99,1999,24,4.88,21.99
105922,Active,2248678,NA,NA,D,0,0,420226.7138,49.99,2008,15,11.1,20.99
105923,Active,899066,NA,NA,D,0,0,1520155.33,33.95,1998,16,12.01,75.7
105924,Active,1475530,NA,NA,D,1,0,1314384.029,99,2012,15,11.2,22.72
105925,Active,2595985,NA,NA,D,0,0,4179927.845,110,1994,35,12.48,94.97
105926,Active,2590590,NA,NA,D,1,0,1767207.384,34.5,1980,18,6.37,56.77
105927,Active,2122660,NA,NA,D,0,0,652241.7225,34.99,2010,29,7.97,98.21
105928,Active,246256,NA,NA,D,1,0,1143444.446,35.97,2006,32,4,35.97
105929,Active,2508331,NA,NA,D,0,0,1710965.446,4.95,1982,16,4.02,39.97
105930,Active,189525,NA,NA,D,1,0,2323490.166,67.5,1999,12,23.79,47.97
105931,Active,2850764,NA,NA,D,0,0,2380158.984,132,1992,19,43.71,132
105932,Active,2600096,NA,NA,D,1,0,2106680.289,54.95,1994,20,28.42,50.99
105933,Active,2393065,NA,NA,D,5,1,5042466.633,33.33,1987,21,4,49.65
105934,Active,1468167,NA,NA,D,2,1,1142290.036,99,2006,28,16.27,81.47
105935,Active,889502,NA,NA,D,3,1,8855066.624,0,1999,12,9.32,0
105936,Active,3618837,NA,NA,D,0,0,540081.25,45.95,2000,23,39.89,281.41
105937,Active,892031,NA,NA,D,0,0,5767472.666,46.95,2008,14,4.69,46.9
105938,Active,619840,NA,NA,D,1,0,68477.87875,39.95,2006,111,6.98,28.44
105939,Active,1425067,NA,NA,D,0,0,9099564.008,628.2,2009,11,6.89,78.62
105940,Active,661519,NA,NA,D,4,1,1936356.783,167.47,2010,20,31.19,675
105941,Active,897872,NA,NA,D,2,1,3568319.466,240,2009,13,32.8,142.89
105942,Active,1591624,NA,NA,D,1,0,732282.9725,44.99,2006,30,8.42,44.97
105943,Active,170514,NA,NA,D,1,0,443745.6388,100,2007,16,59.6,67.95
105944,Active,2816226,NA,NA,D,0,0,1578477.981,60,1986,17,28.97,63.83
105945,Active,3946378,NA,NA,D,0,0,1610886.3,60,2011,60,7.51,38.12
105946,Active,2778891,NA,NA,D,1,0,5853467.526,315,1998,20,13.04,62.12
105947,Active,113485,NA,NA,D,1,0,3629624.145,50.95,1999,23,4,4
105948,Active,921082,NA,NA,D,1,0,1517527.668,96.8,2008,57,4,5.98
105949,Active,901576,NA,NA,D,1,0,989289.38,121.95,2008,21,4.3,70.85
105950,Active,2646678,NA,NA,D,0,0,1455750.646,0,1989,27,5.47,68.08
105951,Active,1472843,NA,NA,D,0,0,3462017.026,14.15,2009,17,16.79,12.45
105952,Active,2587989,NA,NA,D,1,0,2281651.75,57.5,1967,13,10.87,148.78
105953,Active,553241,NA,NA,D,6,1,38420.31,147.4,2012,55,37.11,79.96
105954,Active,2087625,NA,NA,D,0,0,1606594.18,50,2014,26,19.99,24.21
105955,Active,2363214,NA,NA,D,2,1,5664321.586,162,2004,14,35.43,123.99
105956,Active,140443,NA,NA,D,0,0,979657.475,49.99,2008,14,19.47,29.99
105957,Active,1487260,NA,NA,D,1,0,4142694.538,110,2008,36,14.24,23.76
105958,Active,2613132,NA,NA,D,1,0,4454083.175,134.99,2002,20,44.31,89.18
105959,Active,715124,NA,NA,D,1,0,2381007.225,84,1998,31,4,20.99
105960,Active,3624588,NA,NA,D,0,0,606625,49.95,2016,10,41.45,49.95
105961,Active,719399,NA,NA,D,1,0,2705045.12,99,1999,25,23.97,77.23
105962,Active,585147,NA,NA,D,0,0,564175.8725,36.95,2007,77,4,25.65
105963,Active,918160,NA,NA,D,0,0,1668501.671,31.95,2008,34,4,0
105964,Active,454626,NA,NA,D,0,0,4482745.75,119.99,2005,14,36.97,43.99
105965,Active,3843120,NA,NA,D,2,1,6075989.65,109,2004,15,25.11,49.42
105966,Active,3149540,NA,NA,D,0,0,1125242.005,89.95,2003,21,29.98,29.98
105967,Active,2592137,NA,NA,D,0,0,1484648.851,52.99,1984,28,6.85,26.29
105968,Active,903889,NA,NA,D,0,0,178388.5525,34.95,2010,22,14.19,23.7
105969,Active,882813,NA,NA,D,1,0,4647307.644,74.95,2001,11,18.94,63.93
105970,Active,894339,NA,NA,D,0,0,2298355.004,112,2012,16,18.8,92.22
105971,Active,659106,NA,NA,D,2,1,1068267.869,43.95,2000,23,8.13,33.99
105972,Active,716260,NA,NA,D,3,1,251951.3013,62.92,2012,8,79.99,90
105973,Active,213092,NA,NA,D,1,0,249870.3488,76.95,2007,26,22.27,23.85
105974,Active,731017,NA,NA,D,0,0,3443619.014,48,2000,13,8.66,48
105975,Active,174247,NA,NA,D,1,0,1379266.431,99.99,1998,24,48.42,63.99
105976,Active,915490,NA,NA,D,1,0,1674074.59,56.95,2000,30,4,38.94
105977,Active,1646891,NA,NA,D,1,0,406576.7863,26.95,2006,34,7.41,17.07
105978,Active,2722363,NA,NA,D,1,0,2061953.526,145,2004,20,42.83,51.49
105979,Active,648887,NA,NA,D,0,0,3010271.101,38,2009,13,12.98,56.05
105980,Active,211396,NA,NA,D,0,0,956758.0425,54.95,1995,25,5.45,48.86
105981,Active,647881,NA,NA,D,1,0,303135.1525,54.95,2012,20,34.8,0
105982,Active,2578874,NA,NA,D,1,0,9040234.229,66.5,1991,15,4.63,0
105983,Active,199194,NA,NA,D,1,0,1813340.883,134,2004,27,13.86,123.98
105984,Active,2119680,NA,NA,D,0,0,2332209.971,57.95,2006,16,31.86,43.43
105985,Active,833980,NA,NA,D,0,0,1024763.505,132.95,1976,13,6.29,723.81
105986,Active,876443,NA,NA,D,4,1,574790.4038,109.02,2006,23,11.13,108.03
105987,Active,2566633,NA,NA,D,1,0,5031969.971,200,1994,10,35.78,0
105988,Active,2129369,NA,NA,D,0,0,1125446.679,249,2008,17,188.76,179.34
105989,Active,2594079,NA,NA,D,0,0,8198935.371,59.99,1985,12,11.99,58.46
105990,Active,653300,NA,NA,D,0,0,1324959.881,105,2004,23,43.98,62.14
105991,Active,2778367,NA,NA,D,0,0,2119055.859,74.51,1974,12,9.98,74.35
105992,Active,2566189,NA,NA,D,1,0,3496765.765,73.99,1956,20,7.06,73.09
105993,Active,2836254,NA,NA,D,0,0,1054940.025,92.95,1981,20,4.56,155.99
105994,Active,3512022,NA,NA,D,1,0,3619749.15,109,2007,15,12.39,40.99
105995,Active,2391089,NA,NA,D,0,0,9214789.336,56.61,1975,14,3.99,24.49
105996,Active,2401964,NA,NA,D,0,0,2734518.789,10.95,1965,33,4,51.15
105997,Active,2795463,NA,NA,D,1,0,4137513.226,43,1961,29,6.43,58.29
105998,Active,2591075,NA,NA,D,1,0,4484825.903,155,1986,22,38.22,110.47
105999,Active,2491721,NA,NA,D,10,1,1916986.851,69.5,2003,20,4.97,57.71
106000,Active,2423261,NA,NA,D,0,0,2735875.888,219.13,1979,12,6,113.29
106001,Active,2391101,NA,NA,D,2,1,874995.6463,67.29,1977,20,4.26,52.1
106002,Active,2722333,NA,NA,D,1,0,6865819.4,114,2004,12,25.15,106.08
106003,Active,2502887,NA,NA,D,0,0,2060704.33,189,1998,21,10.97,93.47
106004,Active,2333449,NA,NA,D,1,0,3508703.746,50.71,1955,26,6.04,50.69
106005,Active,2333059,NA,NA,D,1,0,6195476.431,67.45,1987,17,22.31,77.21
106006,Active,2618335,NA,NA,D,1,0,4051293.215,116.5,1991,13,22.29,387.75
106007,Active,907872,NA,NA,D,3,1,862775.3138,140.37,1966,23,4,86.87
106008,Active,2423557,NA,NA,D,0,0,6618754.08,54,1989,13,17.42,162.02
106009,Active,3117896,NA,NA,D,0,0,2015175.849,139,2005,21,93.97,97.3
106010,Active,2645410,NA,NA,D,0,0,4403129.3,35,1980,5,6.39,0
106011,Active,2533711,NA,NA,D,1,0,1569672.605,30.95,1997,25,4.97,39.99
106012,Active,907703,NA,NA,D,0,0,7570561.699,46.95,1993,15,4.14,68.14
106013,Active,294124,NA,NA,D,0,0,2069242.029,71.42,2001,36,4.12,36.06
106014,Active,393896,NA,NA,D,1,0,2889459.153,99,2002,13,18.63,57.65
106015,Active,614762,NA,NA,D,1,0,857318.0388,42.5,1986,67,4,34.94
106016,Active,700036,NA,NA,D,2,1,2492042.468,54.95,2001,33,4,29.99
106017,Active,633038,NA,NA,D,0,0,1852751.483,239,2005,27,10.09,22.69
106018,Active,660631,NA,NA,D,0,0,5322215.35,51.32,1900,15,4.28,50.17
106019,Active,1708633,NA,NA,D,1,0,2107797.231,62.5,2013,9,15.47,12.99
106020,Active,3070440,NA,NA,D,4,1,5082311.241,59.95,2004,16,4.28,15.19
106021,Active,2680885,NA,NA,D,2,1,6343300.306,120,2003,13,8.89,33.94
106022,Active,2528925,NA,NA,D,2,1,847415.3088,35.95,1988,30,4,35.66
106023,Active,2407932,NA,NA,D,1,0,3214821.718,98,1996,20,18.88,43.94
106024,Active,2424303,NA,NA,D,0,0,2707738.815,98.35,1978,19,31.31,77.49
106025,Active,711576,NA,NA,D,0,0,127474.4575,232.2,2014,38,93.99,149.77
106026,Active,225670,NA,NA,D,1,0,1549362.231,109.95,2000,19,4,18.49
106027,Active,654609,NA,NA,D,0,0,2183872.161,109,2008,19,53.95,62
106028,Active,2393895,NA,NA,D,0,0,848518.6675,68.06,1993,44,4.69,48.76
106029,Active,1472376,NA,NA,D,1,0,3471866.394,66,2012,16,14.2,25.08
106030,Active,2614724,NA,NA,D,0,0,3017586.304,110,2004,19,13.98,67.49
106031,Active,3472897,NA,NA,D,1,0,7142904.15,42.6,1998,27,4,7.88
106032,Active,116696,NA,NA,D,2,1,1967545.405,77.2,2004,21,3.79,33.99
106033,Active,904618,NA,NA,D,1,0,3276712.996,74,2002,19,22.86,49.24
106034,Active,717301,NA,NA,D,1,0,6728482.65,54.95,1998,19,4,4.93
106035,Active,281418,NA,NA,D,2,1,886805.0225,40,2006,23,31.72,61.91
106036,Active,2391191,NA,NA,D,0,0,2405914.701,22.4,1983,18,7.35,71.35
106037,Active,144175,NA,NA,D,2,1,3313781.808,52.8,1998,29,4,7.98
106038,Active,823668,NA,NA,D,0,0,1836421.855,29.95,1989,28,4,14.97
106039,Active,2003486,NA,NA,D,2,1,5596648.206,65,2006,15,4.5,32.08
106040,Active,720981,NA,NA,D,0,0,1017993.584,35,2003,26,7.43,44.81
106041,Active,2536406,NA,NA,D,1,0,2015705.711,48.95,2000,23,4.42,43.51
106042,Active,719911,NA,NA,D,0,0,610528.59,29.95,2003,55,4,13.29
106043,Active,917945,NA,NA,D,1,0,2733382.831,24.95,1997,37,4,42.4
106044,Active,3504143,NA,NA,D,1,0,950879.45,121.15,2014,17,113.65,113.43
106045,Active,919189,NA,NA,D,0,0,281136.7925,42,1995,46,4,24.84
106046,Active,122603,NA,NA,D,0,0,53595.19,18,1999,81,6.94,12.18
106047,Active,2419927,NA,NA,D,1,0,2565908.818,60,2004,17,8.72,51.49
106048,Active,2615197,NA,NA,D,1,0,1129066.558,110,2005,23,10.8,57
106049,Active,2612409,NA,NA,D,1,0,3452021.655,73.99,2000,13,23.88,93.97
106050,Active,2673589,NA,NA,D,1,0,1905662.098,54.95,2004,14,43.28,45.65
106051,Active,443213,NA,NA,D,1,0,1775322.92,165,2006,14,43.99,163.47
106052,Active,654957,NA,NA,D,0,0,595239.8188,71.99,2010,22,33.96,46.57
106053,Active,893195,NA,NA,D,0,0,126902.755,71.99,2011,17,37.92,50.82
106054,Active,2552087,NA,NA,D,2,1,8503344.971,139,1991,11,6.61,0
106055,Active,3084145,NA,NA,D,1,0,3329931.725,47.99,2005,14,22.54,31.98
106056,Active,2936189,NA,NA,D,0,0,932645.5063,349,2002,19,18.52,39.39
106057,Active,899416,NA,NA,D,1,0,1504715.246,84.95,1991,20,14.4,75.43
106058,Active,622170,NA,NA,D,0,0,233807,39,1986,46,19.49,25.98
106059,Active,1469737,NA,NA,D,1,0,3124726.374,120,2009,28,18.99,75.17
106060,Active,2898183,NA,NA,D,1,0,1552043.118,45,1999,32,9.22,18.99
106061,Active,643503,NA,NA,D,0,0,963302.9925,89.95,2008,19,62.97,0
106062,Active,2593544,NA,NA,D,1,0,4645471.264,125,1995,23,27.56,95.21
106063,Active,1924259,NA,NA,D,1,0,1104220.69,69,2012,18,23.39,42.99
106064,Active,268786,NA,NA,D,0,0,1295174.175,40,2007,21,25.57,89.59
106065,Active,2855327,NA,NA,D,2,1,1542007.781,229,1995,7,23.97,0
106066,Active,3083826,NA,NA,D,0,0,816842.9325,139,2005,22,22.54,19.99
106067,Active,3017588,NA,NA,D,0,0,5193164.231,40,1998,20,10,55.27
106068,Active,2610504,NA,NA,D,1,0,2008184.283,67.99,2000,20,7.39,109.86
106069,Active,831343,NA,NA,D,1,0,3155569.665,101,1987,18,22.97,57.99
106070,Active,757911,NA,NA,D,5,1,1735849.974,185,2004,18,31.09,55.99
106071,Active,1895241,NA,NA,D,0,0,603473.4563,60.98,2010,23,4,41.36
106072,Active,2591337,NA,NA,D,1,0,4410383.263,83.99,1989,10,11.97,77.52
106073,Active,637169,NA,NA,D,4,1,540579.3325,176,2008,26,6.47,119.98
106074,Active,2424643,NA,NA,D,1,0,1887142.819,90.67,1990,27,16.25,63.98
106075,Active,759852,NA,NA,D,1,0,3087962.223,148,2002,11,8.64,22.54
106076,Active,2590720,NA,NA,D,1,0,2221944.111,57.95,1982,17,10.01,68.81
106077,Active,2785795,NA,NA,D,1,0,3792357.421,44.95,2000,12,18.44,28.98
106078,Active,2607036,NA,NA,D,0,0,2260553.416,108.99,2004,15,30.93,73.97
106079,Active,891740,NA,NA,D,0,0,8503298.03,319,2006,16,25.99,26.96
106080,Active,2892088,NA,NA,D,1,0,1964067.711,130,1998,12,54.3,87.67
106081,Active,226097,NA,NA,D,1,0,2266161.479,132.95,2007,20,32.77,48.99
106082,Active,624907,NA,NA,D,0,0,695502.8413,109,2006,29,48.98,49.32
106083,Active,286670,NA,NA,D,0,0,167536.2138,9,2000,81,4,0
106084,Active,294356,NA,NA,D,1,0,1591011.288,58,2004,21,4,25.83
106085,Active,1656763,NA,NA,D,1,0,6780013.1,118.81,2006,0,0,0
106086,Active,2597598,NA,NA,D,1,0,1911229.124,33.99,1991,16,14.17,73.99
106087,Active,918175,NA,NA,D,1,0,1938438.5,29.99,2003,27,4,22.58
106088,Active,891562,NA,NA,D,1,0,4856958.126,175,2004,20,5.48,53.93
106089,Active,628713,NA,NA,D,5,1,256656.2538,197.95,2010,20,49.07,64.99
106090,Active,330228,NA,NA,D,1,0,2668702.031,47.95,2002,29,4,51.83
106091,Active,751883,NA,NA,D,12,1,6355201.826,116.95,2009,18,4.62,94.43
106092,Active,525460,NA,NA,D,5,1,646318.5925,197.95,2010,25,83.76,83.76
106093,Active,632960,NA,NA,D,4,1,1159880.684,162.95,2009,18,5.19,0
106094,Active,544179,NA,NA,D,5,1,498111.0213,214.95,2012,31,21.03,103.98
106095,Active,916602,NA,NA,D,6,1,529595.8088,52.95,2004,26,14.74,52.58
106096,Active,217032,NA,NA,D,0,0,1546453.646,40,2004,16,24.39,57.98
106097,Active,1651442,NA,NA,D,4,1,1482152.13,141.75,2006,15,9.57,111.18
106098,Active,2094843,NA,NA,D,0,0,92788.1025,55,2011,62,23.74,35.15
106099,Active,126704,NA,NA,D,0,0,669338.5775,54.95,2004,24,24.08,51.98
106100,Active,899944,NA,NA,D,2,1,3551251.233,264.25,2012,12,108.2,133.78
106101,Active,3740347,NA,NA,D,0,0,1483185.9,110,2013,36,4.83,5.66
106102,Active,2216261,NA,NA,D,1,0,2943102.88,60,2008,18,7.44,24.55
106103,Active,566198,NA,NA,D,2,1,1717879.364,134.36,2003,30,4.54,10.57
106104,Active,2598559,NA,NA,D,0,0,5066433.443,88.99,1993,15,31.79,91.57
106105,Active,281093,NA,NA,D,0,0,3137454.455,69.95,2005,20,42.83,55.47
106106,Active,182603,NA,NA,D,1,0,464653.1875,48.95,2003,24,4,12.98
106107,Active,273757,NA,NA,D,0,0,4616121.85,0,2001,13,4.77,0
106108,Active,873618,NA,NA,D,1,0,1320956.966,55,1999,39,4,10.39
106109,Active,2768992,NA,NA,D,1,0,1149030.234,44.99,1991,48,5.2,53.11
106110,Active,628847,NA,NA,D,0,0,2190327.609,84.95,2006,24,33.99,40.5
106111,Active,266160,NA,NA,D,0,0,1038973.859,189,2007,17,27.93,138.57
106112,Active,1658431,NA,NA,D,4,1,2090941.005,67.56,2010,13,32.2,3163.03
106113,Active,906139,NA,NA,D,0,0,2771089.144,6.95,1972,19,12.49,56.03
106114,Active,895234,NA,NA,D,0,0,2145720.759,179,2011,17,36.86,125.3
106115,Active,3521613,NA,NA,D,1,0,391035.05,95.12,1985,48,11.29,102.19
106116,Active,1701742,NA,NA,D,1,0,1367300.419,40,2010,19,20.97,48.02
106117,Active,2953744,NA,NA,D,8,1,5429476.379,143,2005,12,37.7,78.99
106118,Active,896305,NA,NA,D,2,1,2411863.871,80,2002,15,6.24,18.49
106119,Active,2261613,NA,NA,D,1,0,1821692.25,28.07,2009,25,0,0
106120,Active,2829150,NA,NA,D,2,1,8995749.054,37.37,2003,13,7.97,13.94
106121,Active,1714172,NA,NA,D,3,1,6210609.85,0,2006,9,8.84,15.19
106122,Active,1468580,NA,NA,D,1,0,8377757.023,79.95,2009,20,4.97,50.68
106123,Active,775565,NA,NA,D,0,0,1612729.76,132,2004,27,4,6.59
106124,Active,615998,NA,NA,D,2,1,1593526.546,16.6,2001,30,4,16.99
106125,Active,2271978,NA,NA,D,3,1,2569800.405,60.62,2011,32,8.75,42.65
106126,Active,909319,NA,NA,D,1,0,351930.115,65,2007,23,18.03,99.09
106127,Active,908112,NA,NA,D,0,0,836267.18,45,2006,21,9.12,41.18
106128,Active,1927056,NA,NA,D,0,0,685660.3763,130,2012,8,68.99,60.9
106129,Active,648097,NA,NA,D,1,0,2583128.923,261,2005,24,67.47,110.2
106130,Active,903806,NA,NA,D,0,0,846186.6663,49.99,2012,27,6.99,0
106131,Active,196487,NA,NA,D,2,1,4076094.845,50.95,2002,16,6.98,26.56
106132,Active,108050,NA,NA,D,1,0,907384.2713,81.56,2002,36,4.09,48.99
106133,Active,3062561,NA,NA,D,0,0,1262221.025,80,1997,28,4,22.47
106134,Active,1590753,NA,NA,D,1,0,1950673.671,59.5,2008,13,31.98,43.99
106135,Active,3463274,NA,NA,D,3,1,3428666.513,83,2005,16,18.88,85.08
106136,Active,654120,NA,NA,D,3,1,1294929.256,75.95,2009,25,4.13,52.99
106137,Active,602130,NA,NA,D,0,0,1548592.61,59.95,2002,28,5.48,25.11
106138,Active,157353,NA,NA,D,0,0,3229650.193,59.95,2008,23,4.39,34.08
106139,Active,157451,NA,NA,D,3,1,944154.7425,64.95,2008,30,11.99,48.72
106140,Active,2852901,NA,NA,D,1,0,7654501.161,110,2005,16,6.32,86
106141,Active,2121796,NA,NA,D,2,1,2990589.429,69.99,2006,20,6.38,26.56
106142,Active,196757,NA,NA,D,0,0,1876578.524,62.95,2011,26,4,51.71
106143,Active,1534025,NA,NA,D,0,0,2171037.981,34.95,2008,30,4,20.46
106144,Active,552347,NA,NA,D,1,0,1428002.849,80.13,2004,25,4,43.93
106145,Active,136887,NA,NA,D,2,1,419868.5375,29,2009,25,14.89,0
106146,Active,2345460,NA,NA,D,0,0,3081312.97,20.6,1993,18,4,90.47
106147,Active,2529195,NA,NA,D,1,0,7259420.059,59.95,1993,9,7.08,0
106148,Active,2419345,NA,NA,D,1,0,2939112.488,96,2005,22,12.99,101.89
106149,Active,3086374,NA,NA,D,0,0,2444972.146,125,2003,13,34.31,49.99
106150,Active,882831,NA,NA,D,1,0,5850605.908,269.95,2001,15,149.59,240.53
106151,Active,1589959,NA,NA,D,1,0,1600101.559,44.99,2008,17,12.99,41.98
106152,Active,1592993,NA,NA,D,0,0,4290894.081,155,2006,21,7.25,43.44
106153,Active,2892153,NA,NA,D,0,0,2377309.659,249,2000,27,11.24,54.1
106154,Active,2855407,NA,NA,D,1,0,5690005.698,85,1999,15,4,85.2
106155,Active,1445397,NA,NA,D,1,0,3751579.061,200,2007,9,18.99,138.89
106156,Active,910143,NA,NA,D,1,0,1148556.354,63.67,1983,34,4,89.6
106157,Active,903136,NA,NA,D,1,0,4326665.153,199.95,2001,24,24.74,60.99
106158,Active,2579410,NA,NA,D,0,0,4799933.443,185,1994,13,51.99,118.83
106159,Active,647246,NA,NA,D,2,1,357169.0813,75,2011,16,28.22,0
106160,Active,913759,NA,NA,D,1,0,1170637.958,55,2008,35,4,13.94
106161,Active,669661,NA,NA,D,0,0,1553709.785,42,2012,12,21.16,21.87
106162,Active,2372531,NA,NA,D,0,0,10608284.75,62.85,1992,16,6.33,68.71
106163,Active,2596533,NA,NA,D,0,0,2709815.875,113,1990,36,11.95,73.79
106164,Active,663473,NA,NA,D,0,0,2002455.839,79,2013,17,8.39,50.25
106165,Active,637423,NA,NA,D,0,0,1004184.198,105,1998,37,6.83,59.83
106166,Active,3583218,NA,NA,D,1,0,2083039.1,85,1997,32,27.03,93.79
106167,Active,550260,NA,NA,D,0,0,3362456.061,64.71,2005,17,5.89,0
106168,Active,2787424,NA,NA,D,0,0,2300464.874,25,1997,24,10.22,9.98
106169,Active,268680,NA,NA,D,0,0,901901.435,38.95,2005,39,4,41.73
106170,Active,878274,NA,NA,D,3,1,129634.1588,129.1,2005,25,17.9,93.51
106171,Active,2625806,NA,NA,D,1,0,6276678.664,69.95,1996,18,3.99,48.86
106172,Active,633821,NA,NA,D,2,1,741894.3925,176,2012,31,43.28,0
106173,Active,2615219,NA,NA,D,0,0,5215893.231,124.99,2004,21,29.31,77.42
106174,Active,2589561,NA,NA,D,1,0,3441388.5,42.5,1975,20,19.99,78.35
106175,Active,1692426,NA,NA,D,1,0,1766504.068,51.5,2006,18,22.45,50.1
106176,Active,788020,NA,NA,D,1,0,6196529.979,71.95,1998,33,4.33,6.84
106177,Active,889865,NA,NA,D,1,0,5975363.638,279.95,2005,10,75.02,28.99
106178,Active,3512365,NA,NA,D,0,0,3037784.15,139,2008,57,105.03,105.94
106179,Active,792828,NA,NA,D,0,0,1107016.301,34.5,1997,17,13.96,87.28
106180,Active,2832882,NA,NA,D,3,1,2390086.651,194.95,2004,11,111.16,133.94
106181,Active,221830,NA,NA,D,1,0,3637515.02,219.95,2004,12,78.99,154.57
106182,Active,2599982,NA,NA,D,0,0,1470973.064,125,1999,19,5.9,108.47
106183,Active,1586535,NA,NA,D,1,0,4091328.824,99.99,2009,25,21.98,33.2
106184,Active,196574,NA,NA,D,3,1,2272999.193,220,2007,19,37.44,140.14
106185,Active,3842955,NA,NA,D,4,1,8220368.45,104,1997,16,63.98,149.13
106186,Active,2864527,NA,NA,D,2,1,1851300.304,20,1990,23,41.96,192.87
106187,Active,534051,NA,NA,D,3,1,2244939.944,130,2003,18,5.16,26.19
106188,Active,556235,NA,NA,D,1,0,2402682.034,120,2007,15,6.38,77.71
106189,Active,1533921,NA,NA,D,0,0,2411776.918,179,2007,21,10.63,58.99
106190,Active,584582,NA,NA,D,0,0,2262602.213,35.95,2002,24,4,19.95
106191,Active,623391,NA,NA,D,0,0,4451649.39,209,2006,25,25,37.59
106192,Active,233183,NA,NA,D,0,0,980756.1238,32.95,1996,25,6.84,59.37
106193,Active,2610573,NA,NA,D,0,0,3137495.248,95,1999,16,6.38,41.99
106194,Active,2561263,NA,NA,D,1,0,420865.8938,202,1996,25,80.14,143.98
106195,Active,2391608,NA,NA,D,0,0,3067782.64,71.4,1988,19,4.06,41.29
106196,Active,907641,NA,NA,D,0,0,5277660.69,100,1990,19,4,64.19
106197,Active,3467649,NA,NA,D,0,0,2162341.5,130.3,1984,22,4,103.53
106198,Active,899290,NA,NA,D,1,0,1456324.851,110,1992,20,4.33,47.5
106199,Active,3014566,NA,NA,D,1,0,895976.4388,39.95,2003,24,4,59.84
106200,Active,2878315,NA,NA,D,1,0,1112811.554,37.8,2005,20,6.59,9.99
106201,Active,3022351,NA,NA,D,1,0,3435281.425,39.95,1998,18,5.72,83.93
106202,Active,2611965,NA,NA,D,0,0,4169584.195,75,2001,24,3.99,63.41
106203,Active,3029997,NA,NA,D,0,0,2447556.288,35,1998,33,4,30.99
106204,Active,2822205,NA,NA,D,2,1,2738437.716,75,1997,23,4,8.52
106205,Active,477922,NA,NA,D,1,0,1428222.908,82,1999,29,6.87,48.99
106206,Active,2576814,NA,NA,D,1,0,1246388.82,75,1988,62,4,12.79
106207,Active,261253,NA,NA,D,1,0,603526.715,81,2006,31,22.28,58.97
106208,Active,910947,NA,NA,D,0,0,780723.5863,30,2004,26,4.98,24.33
106209,Active,912733,NA,NA,D,1,0,1072632.448,92,2002,27,9.61,33.94
106210,Active,206339,NA,NA,D,1,0,722138.4138,130,2004,21,4.23,95.72
106211,Active,824208,NA,NA,D,1,0,2586727.633,31,1995,24,4,7.98
106212,Active,826294,NA,NA,D,1,0,2393331.078,39,1995,33,4,30.38
106213,Active,827417,NA,NA,D,1,0,1396064.549,42.5,2000,35,6.91,11.61
106214,Active,858887,NA,NA,D,1,0,1515167.045,84,2001,36,4.76,28.99
106215,Active,909296,NA,NA,D,1,0,1158398.631,35,2008,22,9.19,22.95
106216,Active,3062690,NA,NA,D,1,0,451357.3675,80,2000,21,4.18,31.98
106217,Active,921315,NA,NA,D,1,0,723799.525,64,1988,60,4,17.98
106218,Active,913268,NA,NA,D,1,0,538909.5138,78,1997,33,10.99,15.68
106219,Active,1476208,NA,NA,D,1,0,1674517.546,175,2013,15,80.99,105.54
106220,Active,2579908,NA,NA,D,1,0,4132437.864,65,1995,24,4.97,47.93
106221,Active,2940211,NA,NA,D,4,1,5034157.866,87.99,2003,18,4.12,44.67
106222,Active,914956,NA,NA,D,1,0,1003944.764,105,1998,24,9.04,76.02
106223,Active,3602204,NA,NA,D,1,0,7227475.7,75,2000,12,5.47,46.47
106224,Active,525408,NA,NA,D,3,1,200312.4625,209.99,2011,18,124.79,122.7
106225,Active,620170,NA,NA,D,1,0,2139101.713,189.95,1995,40,6.52,52.21
106226,Active,653965,NA,NA,D,2,1,2836907.906,279,1995,13,4.23,53.98
106227,Active,622817,NA,NA,D,1,0,676973.0438,49.95,2001,36,4,10.67
106228,Active,901028,NA,NA,D,0,0,1514503.428,60,2010,15,42.98,50.33
106229,Active,3529491,NA,NA,D,1,0,173061.45,61,1900,22,8.26,23.84
106230,Active,884371,NA,NA,D,5,1,1947995.945,79.25,2007,14,23.99,30.74
106231,Active,899520,NA,NA,D,5,1,2595505.229,245.73,2007,22,70.44,142.33
106232,Active,778421,NA,NA,D,0,0,3152447.68,59.95,2005,15,5.59,123.87
106233,Active,2374509,NA,NA,D,1,0,869753.5125,32.99,2005,52,4.64,7.97
106234,Active,551675,NA,NA,D,1,0,916928.365,54.67,2001,32,4,21.98
106235,Active,2252570,NA,NA,D,4,1,2103574.84,95.54,2009,38,16.67,64.85
106236,Active,2593647,NA,NA,D,1,0,1854697.06,59.95,1986,14,20.72,38.99
106237,Active,289677,NA,NA,D,1,0,2379148.194,46.95,1997,34,4,20.99
106238,Active,660432,NA,NA,D,1,0,1590849.783,88.95,2007,16,71.16,68.19
106239,Active,2177881,NA,NA,D,0,0,2459001.904,74.95,2006,18,42.65,50.27
106240,Active,2712428,NA,NA,D,0,0,1548291.666,31.95,2004,15,11.33,38
106241,Active,633933,NA,NA,D,0,0,1596655.401,210.9,2008,16,12.01,42.99
106242,Active,727124,NA,NA,D,0,0,6495611.088,90,1997,16,4.36,11.49
106243,Active,844232,NA,NA,D,0,0,3027213.139,61.28,1986,21,4,34.99
106244,Active,2852927,NA,NA,D,1,0,1470064.348,85,1998,17,35.06,55.48
106245,Active,1698189,NA,NA,D,0,0,1475559.511,44.95,2011,17,19.2,34.79
106246,Active,1952748,NA,NA,D,0,0,849203.9875,99,2013,29,73.5,74.32
106247,Active,624246,NA,NA,D,0,0,1090907.831,64.99,2008,31,4.77,19.35
106248,Active,3613734,NA,NA,D,0,0,388153.75,59,1998,21,59.69,218.82
106249,Active,631423,NA,NA,D,0,0,1435666.11,43,2006,19,5.98,22.92
106250,Active,515752,NA,NA,D,0,0,8307975.769,443.75,2005,5,117.88,353.73
106251,Active,2610877,NA,NA,D,4,1,3649736.464,71,2005,21,4.97,72.48
106252,Active,2537964,NA,NA,D,1,0,1515111.565,51.95,2000,28,16.98,33.98
106253,Active,2571048,NA,NA,D,0,0,387037.1,125,1991,25,70.61,164.11
106254,Active,2571616,NA,NA,D,0,0,1233511.375,155,1995,27,87.99,136.99
106255,Active,439591,NA,NA,D,0,0,1754475.891,199,2005,26,11.56,15.76
106256,Active,2591146,NA,NA,D,1,0,5701689.425,164.99,1984,19,43.94,157.01
106257,Active,2765727,NA,NA,D,0,0,2272981.221,199,1998,18,28.84,63.99
106258,Active,2609042,NA,NA,D,0,0,2357144.388,66,1998,23,36.92,66.76
106259,Active,2773397,NA,NA,D,0,0,3492277.478,55,1987,32,4,27.49
106260,Active,115928,NA,NA,D,7,1,282345.7538,138.67,2004,27,12.13,102.85
106261,Active,2697851,NA,NA,D,1,0,3294815.544,136,1999,22,15.91,101.54
106262,Active,659485,NA,NA,D,1,0,1380966.181,42.95,2011,17,18.74,36.34
106263,Active,623045,NA,NA,D,0,0,2574393.575,39.95,2004,30,4,7.99
106264,Active,2631651,NA,NA,D,1,0,2251548.48,77.95,1991,17,4.71,57.87
106265,Active,137966,NA,NA,D,0,0,439716.2413,45,2001,51,4.98,74.1
106266,Active,2309351,NA,NA,D,0,0,4381755.465,45,1996,25,5.3,38.99
106267,Active,2309248,NA,NA,D,2,1,1026731.043,49.95,1991,18,42.99,59.48
106268,Active,1594713,NA,NA,D,1,0,3609368.896,99.99,2008,29,15.78,77.1
106269,Active,2083020,NA,NA,D,0,0,611982.7975,87.95,2012,22,15.33,63.97
106270,Active,1980667,NA,NA,D,1,0,850800.215,34.95,2013,25,4.21,27.92
106271,Active,3303879,NA,NA,D,0,0,2300674.1,69.42,1989,20,0,0
106272,Active,3083818,NA,NA,D,1,0,4808677.588,115,2005,18,5.66,33.98
106273,Active,1575438,NA,NA,D,0,0,1223789.69,37.03,2012,6,40.62,35.38
106274,Active,2596242,NA,NA,D,0,0,3573504.634,33.99,1991,27,4.98,50.53
106275,Active,2606474,NA,NA,D,1,0,2476153.778,125,2000,25,7.98,111.03
106276,Active,288275,NA,NA,D,1,0,231309.63,44.34,2006,49,4,21.87
106277,Active,659489,NA,NA,D,0,0,2615132.925,86.5,2010,12,4.77,72.69
106278,Active,1702059,NA,NA,D,0,0,7124042.908,85,2007,12,8.97,38.83
106279,Active,723584,NA,NA,D,0,0,2302968.545,250,2009,15,28.43,64.48
106280,Active,536099,NA,NA,D,0,0,721914.3325,29.95,2010,22,5.27,31.23
106281,Active,664673,NA,NA,D,0,0,684703.775,49.99,2013,25,11,38.99
106282,Active,3201549,NA,NA,D,0,0,708866.4263,20,2004,18,4.4,19.99
106283,Active,2158739,NA,NA,D,0,0,587046.2375,29.95,2012,19,23.29,29.95
106284,Active,1493162,NA,NA,D,0,0,2193716.056,75,2007,17,39.77,52.99
106285,Active,166566,NA,NA,D,2,1,6022377.804,150,2004,15,19.05,32.38
106286,Active,2248509,NA,NA,D,2,1,840241.3,12.47,2006,27,0,0
106287,Active,2636470,NA,NA,D,0,0,1138266.664,18,1998,42,4,12.79
106288,Active,297767,NA,NA,D,2,1,1932511.964,71.98,2005,12,25.93,190.31
106289,Active,2760534,NA,NA,D,1,0,1607185.304,18,2003,27,4,20.11
106290,Active,902909,NA,NA,D,0,0,2453962.854,188.95,2008,17,72.98,150.89
106291,Active,248926,NA,NA,D,5,1,301553.9313,155,2007,32,24.49,101.34
106292,Active,2844241,NA,NA,D,2,1,1277750.716,255,2001,20,11.48,107.01
106293,Active,2551727,NA,NA,D,1,0,2139238.266,174,1998,14,6.39,87.94
106294,Active,629882,NA,NA,D,0,0,1424522.33,164.99,2009,19,28.37,57.53
106295,Active,3014733,NA,NA,D,0,0,3668957.278,49.99,1996,7,49.95,442.15
106296,Active,398586,NA,NA,D,0,0,3159628.331,209,2008,16,59.04,135.41
106297,Active,2429919,NA,NA,D,0,0,755625.4975,54.99,2001,38,4.08,19.24
106298,Active,504336,NA,NA,D,1,0,1083988.696,49.99,2005,37,4,8.49
106299,Active,760603,NA,NA,D,1,0,4305059.944,130,2001,21,3.99,31.44
106300,Active,1479240,NA,NA,D,1,0,2281451.639,73,2011,20,18.46,27.21
106301,Active,2404117,NA,NA,D,1,0,715580.0513,46,1986,16,6.39,105
106302,Active,2608289,NA,NA,D,1,0,2628640.504,170,2000,15,23.99,19.95
106303,Active,2882093,NA,NA,D,1,0,712863.505,34.95,1987,25,45.89,138.84
106304,Active,2854548,NA,NA,D,1,0,2285430.188,54.95,1998,17,6.02,40.57
106305,Active,2405093,NA,NA,D,0,0,1025114.458,21.95,1988,56,4,16.2
106306,Active,3512503,NA,NA,D,0,0,4967930.7,45,1983,33,9.92,38.48
106307,Active,2940295,NA,NA,D,3,1,2067728.863,143.95,2005,11,76.98,79.99
106308,Active,771886,NA,NA,D,8,1,1053299.894,199.95,2006,36,4.23,15.99
106309,Active,243267,NA,NA,D,0,0,1189430.409,49.95,2005,16,4,28.98
106310,Active,2257280,NA,NA,D,5,1,9938660.751,52.8,2008,26,8.17,52.8
106311,Active,258357,NA,NA,D,1,0,2290040.883,93,1997,38,4,16.54
106312,Active,1683337,NA,NA,D,2,1,1201961.46,20.95,2009,5,28.12,17.92
106313,Active,416643,NA,NA,D,2,1,56723.95875,192.5,2009,76,28.5,95.09
106314,Active,166223,NA,NA,D,1,0,7099810.858,145,1995,25,4.57,8.97
106315,Active,396015,NA,NA,D,1,0,1678662.995,70,2006,17,16.98,73.53
106316,Active,351893,NA,NA,D,0,0,2308703.07,94.95,2005,12,14.52,16.99
106317,Active,2805724,NA,NA,D,6,1,2633568.16,149.82,2004,15,15.64,43.99
106318,Active,1536148,NA,NA,D,1,0,2787294.663,69.95,2011,3,48.99,143.08
106319,Active,1837667,NA,NA,D,1,0,3375645.601,115,2008,19,7.74,32.51
106320,Active,2571212,NA,NA,D,1,0,2319034.054,115,1992,22,4.39,33.98
106321,Active,555545,NA,NA,D,1,0,2669005.723,58,2006,23,6.29,29.98
106322,Active,918874,NA,NA,D,0,0,1849548.905,44.95,1994,38,4,17.45
106323,Active,908332,NA,NA,D,0,0,857756.0713,49,1990,25,10.14,55.75
106324,Active,164626,NA,NA,D,1,0,2873691.1,70,2003,35,4,23.98
106325,Active,768915,NA,NA,D,2,1,2983460.786,45.5,2000,29,4.71,33.98
106326,Active,897329,NA,NA,D,0,0,1011597.32,39,1994,24,4.98,51.67
106327,Active,921397,NA,NA,D,8,1,1179625.869,74,2006,56,4.04,22.98
106328,Active,2859758,NA,NA,D,0,0,1906573.498,124,1998,20,8.09,50.91
106329,Active,199247,NA,NA,D,0,0,1099193.6,83,2006,32,4.89,46.76
106330,Active,899188,NA,NA,D,1,0,1404352.226,77,2004,17,6.89,49.94
106331,Active,861229,NA,NA,D,9,1,785098.0375,146.95,2013,20,53.68,155.95
106332,Active,906213,NA,NA,D,1,0,4580556.2,35.95,1998,22,4,43.17
106333,Active,2789409,NA,NA,D,1,0,4648464.919,30.95,1995,24,4,21.86
106334,Active,910112,NA,NA,D,0,0,806962.1788,95,2007,20,25.73,30.99
106335,Active,598091,NA,NA,D,0,0,885788.3963,95,2007,23,32.55,42.99
106336,Active,656592,NA,NA,D,3,1,3168813.251,82.87,2009,15,4,43.07
106337,Active,2537446,NA,NA,D,1,0,2840226.483,54.95,2000,15,23.05,76.05
106338,Active,613195,NA,NA,D,3,1,1666724.84,43,2007,41,3.99,0
106339,Active,112850,NA,NA,D,1,0,423311.57,92.95,2004,27,4.37,15.99
106340,Active,2723250,NA,NA,D,1,0,6767504.699,143,2004,11,28.86,79.08
106341,Active,326358,NA,NA,D,1,0,3168877.68,150.67,2008,28,4.15,45.24
106342,Active,777016,NA,NA,D,6,1,9632034.035,39.99,1999,16,3.9,7.98
106343,Active,2392275,NA,NA,D,0,0,2443104.259,52,1989,15,4.86,59.41
106344,Active,2453629,NA,NA,D,0,0,5105586.4,45,1995,21,6.09,45
106345,Active,175552,NA,NA,D,0,0,1230858.194,94.99,2003,27,18.89,73.6
106346,Active,907583,NA,NA,D,1,0,5265148.393,140,2005,28,4.84,102.03
106347,Active,2248468,NA,NA,D,3,1,3577929.004,0,2009,25,22.42,121.19
106348,Active,2647921,NA,NA,D,1,0,3375449.834,40.95,1995,25,4,19.98
106349,Active,1590730,NA,NA,D,0,0,757883.3325,44.99,2010,55,33.37,17.1
106350,Active,200641,NA,NA,D,0,0,1527465.423,114.95,2010,25,25.99,32.91
106351,Active,1539614,NA,NA,D,3,1,5073534.684,35.95,2007,28,4,11.99
106352,Active,1547799,NA,NA,D,4,1,3929307.919,39.95,2010,18,5.53,58.7
106353,Active,872427,NA,NA,D,2,1,1390531.288,37,2005,25,4,8.99
106354,Active,2829211,NA,NA,D,3,1,1880568.551,14.99,2001,32,4,14.99
106355,Active,2271415,NA,NA,D,4,1,788706.5025,96.41,2010,27,29.42,92.31
106356,Active,2723884,NA,NA,D,1,0,2271243.691,69,2000,13,6.99,73.93
106357,Active,199433,NA,NA,D,1,0,3563735.566,58.95,1998,24,3.99,48.99
106358,Active,917807,NA,NA,D,1,0,1161691.771,48,2007,36,4,8.23
106359,Active,1645713,NA,NA,D,4,1,1437642.056,109,2009,14,5.99,92.07
106360,Active,585262,NA,NA,D,0,0,1586575.896,175,1996,37,6.01,40.92
106361,Active,908663,NA,NA,D,1,0,3668585.31,66.95,1997,30,4,40.17
106362,Active,2680207,NA,NA,D,3,1,3984944.008,45,1993,25,4.01,34.14
106363,Active,1839119,NA,NA,D,1,0,2085055.629,104,2007,7,53.99,104
106364,Active,776513,NA,NA,D,0,0,1915852.955,29.99,2002,22,4,5.43
106365,Active,3959950,NA,NA,D,0,0,1540748.35,89.5,1994,27,15.16,49.95
106366,Active,2723976,NA,NA,D,1,0,5225840.54,58,2002,17,4,51.38
106367,Active,907101,NA,NA,D,2,1,1625593.155,17.99,2005,20,4,17.99
106368,Active,591636,NA,NA,D,2,1,4031679.538,56.99,2007,15,39.63,68.37
106369,Active,2658197,NA,NA,D,1,0,2010731.826,96.98,1988,22,4,94.51
106370,Active,268683,NA,NA,D,3,1,4187759.218,155,2005,19,4.02,4.99
106371,Active,581671,NA,NA,D,3,1,3018835.191,50.75,2004,23,4,8.71
106372,Active,571845,NA,NA,D,0,0,1316112.365,5.08,2002,39,4,0
106373,Active,656325,NA,NA,D,1,0,2450684.925,155,1993,18,10.72,61.53
106374,Active,568773,NA,NA,D,0,0,785480.3363,54.99,2005,36,9.59,38.97
106375,Active,525343,NA,NA,D,2,1,290045.4588,196.95,2012,70,67.13,100.99
106376,Active,748473,NA,NA,D,1,0,2027031.169,65,2005,14,31.84,62.99
106377,Active,2678662,NA,NA,D,0,0,4124603.254,54.95,1992,17,4.72,22.93
106378,Active,904227,NA,NA,D,1,0,1027696.67,230,2013,19,28.14,110.74
106379,Active,915296,NA,NA,D,0,0,1897474.711,59.99,2002,27,4.98,12.73
106380,Active,1666369,NA,NA,D,0,0,3563829.31,34,2007,22,8.88,41.62
106381,Active,917034,NA,NA,D,1,0,2236149.473,41.56,2000,38,4,7.94
106382,Active,909647,NA,NA,D,1,0,1447095.269,30.31,2001,21,4,10.43
106383,Active,2354933,NA,NA,D,1,0,4875029.161,55,1992,16,6.39,79.64
106384,Active,793880,NA,NA,D,6,1,2176880.87,130,2004,24,4.99,108.98
106385,Active,559492,NA,NA,D,0,0,3154552.326,159,1997,23,6.59,101.95
106386,Active,2262139,NA,NA,D,0,0,2195228.443,81.85,2010,40,9.62,42.82
106387,Active,212961,NA,NA,D,0,0,1500889.908,74.5,2003,50,4,20.94
106388,Active,910162,NA,NA,D,5,1,958901.9613,43,2009,20,20.54,66.92
106389,Active,3508530,NA,NA,D,1,0,2778365.85,48.95,2002,17,6.93,36.99
106390,Active,2131401,NA,NA,D,0,0,1756863.896,66,2011,21,26.58,107.26
106391,Active,127618,NA,NA,D,0,0,8582539.753,60,2004,20,4,34.56
106392,Active,565078,NA,NA,D,0,0,1851068.535,35.95,2008,22,4,13.95
106393,Active,2611434,NA,NA,D,1,0,2985733.019,140,2001,20,42.32,132.31
106394,Active,755484,NA,NA,D,0,0,2173391.365,255,2004,11,27.47,280.73
106395,Active,1592772,NA,NA,D,0,0,3799260.226,99.99,2006,23,33.74,63.39
106396,Active,3518008,NA,NA,D,0,0,513380.55,59.95,2015,27,40.79,43.3
106397,Active,1952554,NA,NA,D,0,0,1684062.838,79.95,2013,24,33.79,47.99
106398,Active,320990,NA,NA,D,0,0,7150755.738,75,2008,18,7.98,53.05
106399,Active,2120089,NA,NA,D,0,0,1475492.54,36.95,2008,48,4,57.25
106400,Active,2571096,NA,NA,D,0,0,2194221.721,80.38,1992,15,23.89,79.84
106401,Active,142124,NA,NA,D,1,0,926061.7763,35.99,2011,68,4,35.99
106402,Active,617954,NA,NA,D,1,0,308583.3463,43.75,2011,70,4,33.61
106403,Active,606508,NA,NA,D,0,0,4784087.89,37,2003,15,4.81,20
106404,Active,1549823,NA,NA,D,5,1,4563271.375,48.95,2011,16,6.24,41.75
106405,Active,1470185,NA,NA,D,4,1,4740522.448,35,2006,20,4.76,28.99
106406,Active,1472409,NA,NA,D,5,1,5561658.625,40,2009,17,4.76,39.99
106407,Active,608712,NA,NA,D,2,1,1369882.583,49.95,2002,45,4,22.32
106408,Active,914156,NA,NA,D,0,0,5207234.761,40.95,2003,26,4,50.69
106409,Active,592028,NA,NA,D,2,1,3233046.99,59,2007,20,4.99,48.53
106410,Active,904104,NA,NA,D,2,1,590447.0713,79,2002,39,13.24,50.98
106411,Active,3284516,NA,NA,D,2,1,974571.3963,142.97,2002,43,25.08,125.49
106412,Active,189875,NA,NA,D,0,0,847961.7188,45,2005,21,4.29,43.49
106413,Active,2118636,NA,NA,D,0,0,2913306.559,37.95,2006,18,4.7,42.63
106414,Active,656216,NA,NA,D,1,0,2670728.326,140,2008,10,9.95,98.81
106415,Active,644560,NA,NA,D,1,0,453931.1263,43.95,2012,26,29.38,36.53
106416,Active,2257171,NA,NA,D,2,1,2195089.875,95.82,2011,42,7.28,79.68
106417,Active,242919,NA,NA,D,0,0,374855.6375,90.37,2010,18,49.99,59.9
106418,Active,714520,NA,NA,D,3,1,2882556.535,52.6,2002,13,4,4.02
106419,Active,1592571,NA,NA,D,1,0,2983725.659,140,2007,24,25.99,98
106420,Active,2829138,NA,NA,D,3,1,2473796.835,35,2003,24,4,10.98
106421,Active,1585747,NA,NA,D,1,0,1722233.445,155,2007,18,40.94,139.36
106422,Active,158255,NA,NA,D,0,0,627569.8763,47.95,2008,28,5.31,33.44
106423,Active,1956985,NA,NA,D,2,1,3769151.011,119,2012,12,5.31,182.45
106424,Active,2129727,NA,NA,D,0,0,840315.0188,48,2011,18,33.82,37.13
106425,Active,896036,NA,NA,D,1,0,4044763.108,155,2006,14,15.6,106.43
106426,Active,2391912,NA,NA,D,0,0,1162125.77,0,1984,12,11.65,675
106427,Active,773989,NA,NA,D,1,0,939022.2263,20.03,1999,35,4,8.44
106428,Active,715092,NA,NA,D,6,1,7741191.26,0,2009,10,4,0
106429,Active,3956936,NA,NA,D,0,0,1648417,54,2016,7,57.24,54
106430,Active,1541892,NA,NA,D,1,0,1906038.326,31.95,2013,21,28.23,26.37
106431,Active,2596418,NA,NA,D,1,0,1652498.799,125,1990,29,4.27,58.91
106432,Active,813295,NA,NA,D,0,0,5219011.1,0,1900,18,4.35,58.25
106433,Active,2836914,NA,NA,D,1,0,2541896.866,197.95,1999,32,4,8.74
106434,Active,738174,NA,NA,D,5,1,1707520.249,38,2000,15,8.99,184.98
106435,Active,664144,NA,NA,D,10,1,1198190.566,61.8,2013,13,65.4,111.25
106436,Active,911927,NA,NA,D,0,0,1916618.79,35,2010,29,4,13.98
106437,Active,700248,NA,NA,D,1,0,3217781.495,79.95,2002,14,28.99,78.97
106438,Active,454795,NA,NA,D,1,0,7876103.95,159.99,2008,18,36.24,82.99
106439,Active,2614903,NA,NA,D,0,0,2444706.891,140,2004,21,18.62,31.36
106440,Active,193537,NA,NA,D,0,0,2469780.36,105,2007,23,4.94,77.88
106441,Active,706975,NA,NA,D,0,0,11807070.03,8.94,2002,20,4,8.94
106442,Active,707544,NA,NA,D,0,0,5610311.285,40.79,2002,16,4,14.04
106443,Active,3570151,NA,NA,D,0,0,331203.25,59.97,2006,94,4.57,30.97
106444,Active,1603456,NA,NA,D,1,0,211754.2425,64.15,2010,19,9.27,31.35
106445,Active,909326,NA,NA,D,0,0,1102863.206,267.32,2009,37,4.7,50.62
106446,Active,3531442,NA,NA,D,1,0,6238663.2,53.4,2011,2,0,46.99
106447,Active,768106,NA,NA,D,1,0,1111321.625,96.25,2010,8,42.59,43.99
106448,Active,3508136,NA,NA,D,2,1,3484973.3,29.95,1900,34,4.98,40.83
106449,Active,2502151,NA,NA,D,0,0,981971.8663,139,2001,22,67.79,106.54
106450,Active,648955,NA,NA,D,0,0,1563091.284,109,2004,23,70.93,79.93
106451,Active,700024,NA,NA,D,1,0,1316167.148,150,2001,13,6.62,13.97
106452,Active,2392032,NA,NA,D,0,0,521731.1038,141.69,1974,21,14.86,90.94
106453,Active,54659,NA,NA,D,8,1,249102.8138,43.59,2007,57,4.98,41.64
106454,Active,704586,NA,NA,D,1,0,1115506.785,23.93,2010,33,7.99,19.97
106455,Active,710574,NA,NA,D,2,1,3040122.478,49.99,1999,32,4,15.94
106456,Active,868129,NA,NA,D,1,0,2802595.31,69.67,1995,39,4,28.98
106457,Active,447503,NA,NA,D,1,0,1173752.616,50,2011,65,4,8.18
106458,Active,626178,NA,NA,D,1,0,710253.3075,45,2005,50,4,30.97
106459,Active,801502,NA,NA,D,0,0,2965739.274,96,2009,11,28.99,45.51
106460,Active,1658165,NA,NA,D,1,0,1313825.638,107.78,2009,26,4.77,97.99
106461,Active,619621,NA,NA,D,0,0,414754.24,47.95,1994,50,4.53,16.49
106462,Active,898946,NA,NA,D,1,0,546965.2975,35.95,2010,18,17.47,79.99
106463,Active,3046395,NA,NA,D,0,0,8370459.5,12,2001,8,16.55,15.06
106464,Active,899859,NA,NA,D,4,1,3964144.633,67.95,2002,21,4.76,46.31
106465,Active,2566096,NA,NA,D,1,0,2648315.249,125,1994,25,4.48,53.93
106466,Active,2542266,NA,NA,D,2,1,6894444.843,74.95,2004,14,42.73,44.98
106467,Active,2595287,NA,NA,D,0,0,3943885.423,150,1989,18,6.39,72.27
106468,Active,290442,NA,NA,D,1,0,861316.31,47.86,2003,26,4,29.97
106469,Active,919700,NA,NA,D,1,0,3429403.025,48.95,2001,33,4,32.51
106470,Active,165556,NA,NA,D,1,0,618817.6575,175,2003,46,37.93,58.99
106471,Active,2723831,NA,NA,D,1,0,1952916.824,68,2000,24,4.77,41.36
106472,Active,607304,NA,NA,D,5,1,3511515.629,102.2,2006,31,4,33.98
106473,Active,666608,NA,NA,D,1,0,1877411.535,165.95,2011,22,76.65,112.22
106474,Active,628224,NA,NA,D,1,0,577252.2438,69.95,2003,31,4,45.42
106475,Active,899548,NA,NA,D,3,1,1519338.088,134,2010,19,101.94,105.48
106476,Active,408739,NA,NA,D,0,0,3425226.698,83.95,2005,18,4,43.31
106477,Active,904696,NA,NA,D,2,1,2955533.83,55.95,2000,16,4,43
106478,Active,272883,NA,NA,D,0,0,3170107.558,59.99,2004,18,24.08,27.09
106479,Active,609664,NA,NA,D,2,1,3654676.83,39.95,1999,16,4,94.47
106480,Active,144953,NA,NA,D,1,0,324889.2888,68.4,2007,48,4,52.46
106481,Active,157641,NA,NA,D,1,0,916505.9625,48.95,2008,26,8.97,25.29
106482,Active,718449,NA,NA,D,4,1,6182118.531,28.95,1998,26,4.58,17.94
106483,Active,545043,NA,NA,D,16,1,538785.9363,44.99,2013,47,4,29.95
106484,Active,266077,NA,NA,D,4,1,859133.3663,44,2007,48,4,13.24
106485,Active,652809,NA,NA,D,0,0,1312217.75,83.95,2010,13,48.19,0
106486,Active,525305,NA,NA,D,0,0,5294723.349,44.75,2011,13,13.98,59.36
106487,Active,552857,NA,NA,D,0,0,4318283.45,0,2007,16,4,0
106488,Active,766026,NA,NA,D,1,0,4633228.243,103.95,1998,27,7.18,61.51
106489,Active,900071,NA,NA,D,1,0,6213965.136,54.95,1992,19,4,20.76
106490,Active,494223,NA,NA,D,0,0,1077811.401,199,2007,22,101.94,151.9
106491,Active,922546,NA,NA,D,1,0,934983.0863,44.99,2008,68,4,11.94
106492,Active,164576,NA,NA,D,2,1,5150307.404,55,1998,26,4,15.36
106493,Active,2631158,NA,NA,D,1,0,765230.9625,101.95,1993,30,47.22,78.53
106494,Active,2594001,NA,NA,D,0,0,3163101.494,26,1992,37,4,23.99
106495,Active,2527355,NA,NA,D,0,0,3095090.209,36.95,1987,25,4,38.94
106496,Active,2085333,NA,NA,D,2,1,4307011.323,104,2012,10,7.13,82.01
106497,Active,2601991,NA,NA,D,1,0,1810241.333,64.99,2000,27,27.05,64.99
106498,Active,55052,NA,NA,D,0,0,1532669.378,90.99,2005,15,9.85,80.98
106499,Active,915570,NA,NA,D,0,0,2066278.896,30,1994,27,4.43,28.94
106500,Active,2721558,NA,NA,D,1,0,742054.1225,84,1998,16,10.98,29.86
106501,Active,157780,NA,NA,D,0,0,235357.0925,1848.42,2011,41,16.78,278.78
106502,Active,157741,NA,NA,D,0,0,659173.4338,94.95,2011,67,18.86,71.66
106503,Active,199133,NA,NA,D,1,0,1930187.866,39,2002,35,4,22.74
106504,Active,173440,NA,NA,D,0,0,2734844.863,34.99,1996,28,4.59,15.99
106505,Active,1928666,NA,NA,D,0,0,508268.9838,47,2012,21,29.99,36.99
106506,Active,199414,NA,NA,D,0,0,1307236.406,67,2007,22,7.29,51.23
106507,Active,914639,NA,NA,D,2,1,2558696.624,34,1993,25,4,72.33
106508,Active,728035,NA,NA,D,0,0,2526839.375,60.8,1999,54,4,14.82
106509,Active,788049,NA,NA,D,1,0,2725797.919,88.95,1998,17,4,69.49
106510,Active,257607,NA,NA,D,1,0,2267709.211,39.95,2003,34,4,10.48
106511,Active,619231,NA,NA,D,2,1,2794264.129,44.95,2005,23,4,7.67
106512,Active,789769,NA,NA,D,1,0,2393717.651,38.95,2006,40,4,15.49
106513,Active,1552233,NA,NA,D,1,0,1908377.108,155,2014,49,7.31,80.99
106514,Active,2663745,NA,NA,D,3,1,1783420.314,82,1989,20,4.66,181.03
106515,Active,1470026,NA,NA,D,1,0,3360048.558,105,2006,27,11.8,15.5
106516,Active,868204,NA,NA,D,0,0,1297434.848,102,2001,37,4,21.68
106517,Active,166394,NA,NA,D,1,0,1638086.573,181.95,2004,21,4.98,33.75
106518,Active,374291,NA,NA,D,1,0,1388113.475,70,2000,26,4,38.64
106519,Active,2203490,NA,NA,D,0,0,2480575.618,189,2008,14,91.19,84.95
106520,Active,1585608,NA,NA,D,0,0,1366796.598,110,2010,14,34.53,43.96
106521,Active,641316,NA,NA,D,0,0,2285170.011,169,2007,18,28.71,28.71
106522,Active,762965,NA,NA,D,1,0,4743639.6,55,1998,13,4,46.87
106523,Active,2419837,NA,NA,D,1,0,1325207.994,110,2005,15,23.98,87.92
106524,Active,2299612,NA,NA,D,0,0,200084,0,1900,6,0,0
106525,Active,899556,NA,NA,D,1,0,2300468.708,121,2005,15,13.54,675
106526,Active,1657034,NA,NA,D,1,0,2088712.576,49.34,2006,17,4.46,51.53
106527,Active,697288,NA,NA,D,0,0,1399168.291,99.95,1997,23,12.28,73.98
106528,Active,192942,NA,NA,D,2,1,4262557.203,177,2003,19,6.38,45.99
106529,Active,3831516,NA,NA,D,0,0,1233850,75,2012,52,42.84,54.87
106530,Active,2890270,NA,NA,D,4,1,4086199.85,28.95,2002,19,5.98,23.98
106531,Active,611686,NA,NA,D,0,0,1585370.196,125,2013,12,124.99,125
106532,Active,2264581,NA,NA,D,12,1,1274591.225,127.03,2010,52,16.81,63.58
106533,Active,2573153,NA,NA,D,1,0,1758004.583,152,1992,21,37.72,91.35
106534,Active,2664383,NA,NA,D,0,0,5776202.489,199,2000,13,6.18,28.99
106535,Active,2611891,NA,NA,D,1,0,2248755.695,155,2001,20,17.17,17.39
106536,Active,778319,NA,NA,D,2,1,1585386.874,44.95,2005,19,32.92,100.99
106537,Active,1629826,NA,NA,D,4,1,4158672.586,143.95,2009,18,29.81,78.35
106538,Active,774782,NA,NA,D,1,0,4107469.236,179,1999,21,5.94,26.36
106539,Active,2806637,NA,NA,D,1,0,1505947.489,57,2002,16,23.64,50.94
106540,Active,774485,NA,NA,D,1,0,2693697.734,190.95,2006,19,53.98,68.91
106541,Active,574575,NA,NA,D,3,1,7193866.269,99,1999,19,4.76,52.49
106542,Active,1467894,NA,NA,D,1,0,2463621.531,80,2007,18,22.37,97.11
106543,Active,489017,NA,NA,D,4,1,198205.94,79.95,2009,41,51.42,183.98
106544,Active,606762,NA,NA,D,17,1,1386050.315,79,2007,24,4.24,63.99
106545,Active,3569503,NA,NA,D,1,0,1104807.5,49.99,2001,50,4,26.35
106546,Active,201307,NA,NA,D,2,1,2394029.171,34.99,2004,36,4,11.47
106547,Active,1778047,NA,NA,D,1,0,705782.185,59.99,2012,59,4.13,14.34
106548,Active,628646,NA,NA,D,1,0,58343.5175,49.99,2011,23,26.47,0
106549,Active,2426485,NA,NA,D,0,0,599655.4825,53.95,1999,21,4.3,217.99
106550,Active,3473352,NA,NA,D,1,0,1473270.05,90.67,1997,10,23.99,67.9
106551,Active,3475017,NA,NA,D,1,0,1043739.5,93.33,1998,25,36.97,147.2
106552,Active,2427411,NA,NA,D,1,0,2206151.218,54,1992,16,21.48,76.87
106553,Active,1488957,NA,NA,D,1,0,1118875.695,54.95,2009,23,4.13,24.18
106554,Active,3818545,NA,NA,D,1,0,2859587.15,104,2009,72,64.98,91.85
106555,Active,2577974,NA,NA,D,1,0,6342105.378,150,1989,24,4,53.11
106556,Active,647441,NA,NA,D,1,0,2693343.743,89.95,2009,25,13.44,80.79
106557,Active,1589759,NA,NA,D,0,0,2919405.524,52.5,2008,17,6.2,19.75
106558,Active,1587825,NA,NA,D,0,0,2631906.568,52.5,2007,8,16.85,21.18
106559,Active,253596,NA,NA,D,0,0,764847.8038,44.95,2007,18,28.99,44.92
106560,Active,594078,NA,NA,D,1,0,1718768.245,69.95,2009,36,4,10.94
106561,Active,2530396,NA,NA,D,0,0,7276184.661,162,1995,10,13.28,107.01
106562,Active,2530397,NA,NA,D,1,0,1168964.335,48.95,1995,29,4.3,14.91
106563,Active,918927,NA,NA,D,1,0,3752947.328,30,1996,48,4,7.48
106564,Active,1533884,NA,NA,D,0,0,1357942.384,149,2007,22,83.99,99.59
106565,Active,2340023,NA,NA,D,0,0,588943.97,75,1999,15,7.36,23.98
106566,Active,705428,NA,NA,D,13,1,1200953.079,217.25,2013,25,30.97,108.97
106567,Active,54578,NA,NA,D,6,1,57676.02125,74.47,2011,87,11.83,52.65
106568,Active,2606870,NA,NA,D,0,0,2671491.651,224.99,1999,19,16.13,114.69
106569,Active,2545954,NA,NA,D,1,0,1850904.703,44.95,2005,21,8.97,40.64
106570,Active,298223,NA,NA,D,0,0,4986639.231,30.95,2005,22,4.11,0
106571,Active,637136,NA,NA,D,1,0,404681.3888,45.95,2009,26,25.64,26.97
106572,Active,525266,NA,NA,D,4,1,2304826.986,399.95,2009,15,221.79,373.89
106573,Active,645475,NA,NA,D,1,0,1881020.329,31,1989,18,4,67.64
106574,Active,904377,NA,NA,D,1,0,2225140.171,115.99,2007,26,29.98,82.99
106575,Active,643064,NA,NA,D,1,0,1542147.875,87.95,2001,30,26.07,82.21
106576,Active,868450,NA,NA,D,1,0,518531.9088,54.99,1998,32,4,25.99
106577,Active,2261421,NA,NA,D,0,0,5429631.36,105.27,2009,20,16.44,104.27
106578,Active,774699,NA,NA,D,2,1,2898867.746,49.95,1998,12,9.87,73.13
106579,Active,635188,NA,NA,D,3,1,1076495.64,152,2008,32,34.59,61.99
106580,Active,905025,NA,NA,D,0,0,8142163.266,70,1997,19,4.77,118.27
106581,Active,637228,NA,NA,D,3,1,689326.775,170,2007,21,21.86,0
106582,Active,3584200,NA,NA,D,5,1,4775762.6,99,1983,18,9.31,84.92
106583,Active,638527,NA,NA,D,2,1,1749914.013,80,1995,23,6.68,74.46
106584,Active,2697827,NA,NA,D,1,0,5255600.915,49.95,2001,13,5.19,44.17
106585,Active,893749,NA,NA,D,1,0,2823644.511,111,2007,15,36.48,106.99
106586,Active,616628,NA,NA,D,0,0,442495.8363,46,1997,26,4,0
106587,Active,538117,NA,NA,D,2,1,2254189.369,89.95,1997,28,4,41.65
106588,Active,3574465,NA,NA,D,1,0,7782261.45,167,1995,25,6.68,48.74
106589,Active,882226,NA,NA,D,0,0,6951193.943,50,1995,18,9.48,23.98
106590,Active,2392587,NA,NA,D,0,0,2002845.759,75,1992,20,12.54,63.71
106591,Active,1594177,NA,NA,D,1,0,2158805.623,145,2007,23,13.15,13.16
106592,Active,654640,NA,NA,D,0,0,2094225.211,89.99,1994,31,35.58,59.22
106593,Active,2566587,NA,NA,D,1,0,3234710.698,210,1995,24,12.99,66.09
106594,Active,832523,NA,NA,D,0,0,4214101.65,87.54,2002,20,6.09,73.17
106595,Active,3729317,NA,NA,D,3,1,5294842,118,2007,28,27.49,85.63
106596,Active,2513909,NA,NA,D,0,0,623351.9325,193.73,1972,22,8.69,122.71
106597,Active,1593450,NA,NA,D,1,0,8109765.025,129.99,2007,16,24.98,87.87
106598,Active,1692452,NA,NA,D,0,0,1669149.203,59.95,2006,52,5.99,7.97
106599,Active,2526895,NA,NA,D,1,0,3263005.191,170,1993,28,24.54,87.54
106600,Active,2733175,NA,NA,D,1,0,655214.5213,79.95,1998,24,28.84,63.98
106601,Active,1908034,NA,NA,D,1,0,1425430.646,235,2010,12,140.74,155.94
106602,Active,910367,NA,NA,D,1,0,1086486.744,65.95,2005,22,4,13.95
106603,Active,135579,NA,NA,D,1,0,2791393.515,75.95,2005,20,4,47.49
106604,Active,564591,NA,NA,D,1,0,1002264.079,35.95,2004,23,4,13.49
106605,Active,2614317,NA,NA,D,0,0,1965157.34,120,2003,13,61.76,120
106606,Active,1839309,NA,NA,D,1,0,209576.3388,48.95,2008,21,7.94,20.49
106607,Active,2511746,NA,NA,D,0,0,896535.0075,11.4,1987,17,7.82,82.47
106608,Active,2604573,NA,NA,D,0,0,4038082.638,160,1996,20,43.25,90.21
106609,Active,780774,NA,NA,D,0,0,4421963.976,75,2001,12,49.84,178.59
106610,Active,291359,NA,NA,D,1,0,2604614.248,125,2011,18,13.97,85
106611,Active,3627356,NA,NA,D,1,0,2232343.35,110,2011,41,35.78,51.6
106612,Active,2283125,NA,NA,D,0,0,909734,0,2009,5,0,0
106613,Active,293869,NA,NA,D,1,0,1863413.028,70.95,2007,36,3.84,17.99
106614,Active,2940829,NA,NA,D,3,1,9695779.25,393.95,2005,6,28.99,103.99
106615,Active,2592647,NA,NA,D,0,0,4792205.97,24.15,1984,37,4,7.41
106616,Active,2594005,NA,NA,D,0,0,2492125.163,34.99,1986,19,5.87,11.84
106617,Active,2612589,NA,NA,D,1,0,2485319.18,99.99,2001,16,11.99,84.03
106618,Active,2614638,NA,NA,D,0,0,1466649.916,99.99,2003,22,13.87,63.94
106619,Active,1566147,NA,NA,D,1,0,1634577.175,180,2007,12,56.88,316.05
106620,Active,592340,NA,NA,D,3,1,3605530.074,64.95,2007,17,3.99,5.96
106621,Active,3530555,NA,NA,D,2,1,14580101.25,64.95,2001,1,32.98,0
106622,Active,2561702,NA,NA,D,1,0,8284844.028,105,1994,22,4,28.48
106623,Active,2418901,NA,NA,D,0,0,2482693.193,82,2003,17,22.96,119.23
106624,Active,2046693,NA,NA,D,0,0,621754.89,54.16,2007,21,9.98,81.39
106625,Active,1767434,NA,NA,D,0,0,572541.995,24.99,2014,23,18.55,23.96
106626,Active,625568,NA,NA,D,0,0,495140.1075,50,1988,32,12.93,38.34
106627,Active,2565534,NA,NA,D,2,1,4147005.089,0,1970,7,23.59,0
106628,Active,3298005,NA,NA,D,3,1,3606520.343,78.97,2005,28,52.5,77.98
106629,Active,3755913,NA,NA,D,0,0,1167706.3,52.61,1900,19,32.46,45.54
106630,Active,2675424,NA,NA,D,0,0,511206.0463,33.55,1983,27,5.94,33.97
106631,Active,481865,NA,NA,D,0,0,155268.29,27.5,2008,85,8.98,11.94
106632,Active,637112,NA,NA,D,0,0,209670.2663,53,2009,30,18.99,34.99
106633,Active,2602432,NA,NA,D,0,0,1839596.506,75,1996,16,23.86,270.53
106634,Active,2614250,NA,NA,D,0,0,1963977.578,125,2003,17,27.85,103.14
106635,Active,668148,NA,NA,D,1,0,1369926.931,60,2012,17,26.21,55.12
106636,Active,724935,NA,NA,D,3,1,1265223.74,55.84,2011,19,10.49,80.02
106637,Active,1590817,NA,NA,D,1,0,1914079.813,110,2009,22,12.74,39.43
106638,Active,636445,NA,NA,D,1,0,1386531.785,49.99,2010,26,4.92,35.1
106639,Active,1839526,NA,NA,D,1,0,2411610.243,89.95,2006,16,24.81,60.71
106640,Active,1677841,NA,NA,D,0,0,4920927.328,210,2009,15,18.12,145.77
106641,Active,2672925,NA,NA,D,0,0,2426020.248,39.95,1986,15,18.88,88.62
106642,Active,911741,NA,NA,D,0,0,838589.9825,40,2008,28,4.77,20.41
106643,Active,873367,NA,NA,D,5,1,805460.4,36.61,2006,28,10.86,36.61
106644,Active,830350,NA,NA,D,1,0,6237125.5,59.95,1998,24,4,17.99
106645,Active,893546,NA,NA,D,0,0,5054163.336,27.95,1991,20,4,44.47
106646,Active,908543,NA,NA,D,0,0,2664828.858,39.95,2005,25,10.72,54.21
106647,Active,752228,NA,NA,D,1,0,1040346.748,65,2009,24,9.22,32.5
106648,Active,2256612,NA,NA,D,1,0,1914002.101,127.13,2008,39,8.78,134.01
106649,Active,240859,NA,NA,D,1,0,851518.4825,39.95,1995,88,4,10.74
106650,Active,145180,NA,NA,D,0,0,969626.2438,64.99,2005,37,4.09,28.98
106651,Active,245072,NA,NA,D,1,0,261867.5325,276.95,2008,30,82.89,131.99
106652,Active,3117810,NA,NA,D,0,0,4737903.191,87.95,2004,21,4,22.04
106653,Active,2613199,NA,NA,D,1,0,3838801.143,119.99,2002,21,23.98,23.98
106654,Active,1630786,NA,NA,D,1,0,1321634.3,69.95,2006,29,16.08,54.25
106655,Active,3156650,NA,NA,D,0,0,4430422.918,24.95,2004,17,6.99,7.1
106656,Active,2178123,NA,NA,D,0,0,4226704.27,279,2007,11,68.67,72.39
106657,Active,2581406,NA,NA,D,0,0,36487.7775,12.95,1960,93,4,10.36
106658,Active,898928,NA,NA,D,0,0,753435.6975,26,1931,14,21.11,19.36
106659,Active,172346,NA,NA,D,0,0,283536.125,49.99,2001,44,8.96,37.97
106660,Active,2577244,NA,NA,D,1,0,4415549.616,55.3,1983,29,4,47.03
106661,Active,3569191,NA,NA,D,0,0,2080797.1,69.95,1995,27,4.98,63.03
106662,Active,1615764,NA,NA,D,1,0,1277374.033,39.99,2009,27,4,11.18
106663,Active,261435,NA,NA,D,1,0,1606725.986,35,2003,49,4,4.88
106664,Active,804742,NA,NA,D,1,0,732555.27,103.7,1999,17,10.64,207.77
106665,Active,2631592,NA,NA,D,5,1,1770456.325,185,1989,20,13.55,104.02
106666,Active,3619635,NA,NA,D,0,0,1701917.65,0,2005,19,35.94,83.81
106667,Active,901804,NA,NA,D,0,0,1696943.064,150,2011,23,29.12,107.54
106668,Active,3784268,NA,NA,D,1,0,3687834.65,54.95,1994,55,4,22.2
106669,Active,145136,NA,NA,D,6,1,5760230.889,57.8,2005,25,4,41.55
106670,Active,2403764,NA,NA,D,0,0,915922.6813,49.95,1983,46,4,26.75
106671,Active,3475897,NA,NA,D,0,0,7237696.6,7.95,1976,21,4,50.53
106672,Active,3596850,NA,NA,D,0,0,1426821.3,79.95,2002,27,45.39,158.13
106673,Active,3596882,NA,NA,D,0,0,995152.3,129.95,1992,29,89.62,96.67
106674,Active,190274,NA,NA,D,6,1,1673425.191,39.26,1999,60,4,21.96
106675,Active,904239,NA,NA,D,0,0,1593682.975,44.99,1994,42,9.99,35.46
106676,Active,3043956,NA,NA,D,1,0,3378923.583,34.95,1993,35,4,13.7
106677,Active,277247,NA,NA,D,0,0,1019834.326,40,2006,12,10.48,0
106678,Active,650331,NA,NA,D,1,0,1820422.495,59.95,2002,21,12.09,62.15
106679,Active,273693,NA,NA,D,0,0,850731.2013,78.46,1996,14,25.41,0
106680,Active,2587556,NA,NA,D,0,0,2817834.625,169.87,1968,16,16.57,121.57
106681,Active,182484,NA,NA,D,1,0,342781.3113,255.95,2008,34,5.85,39.99
106682,Active,1783303,NA,NA,D,0,0,440713.0763,118.99,2013,12,41.79,66.98
106683,Active,1771950,NA,NA,D,1,0,269571.87,149.95,2012,17,53.98,58.99
106684,Active,633751,NA,NA,D,2,1,154613.8788,182.95,2013,41,73.49,133.99
106685,Active,2579881,NA,NA,D,1,0,5739425.725,165,1995,14,5.12,46.21
106686,Active,915495,NA,NA,D,1,0,2136342,70,2000,30,4.94,10.99
106687,Active,2593166,NA,NA,D,1,0,1300764.161,49.99,1981,57,4,33.1
106688,Active,717926,NA,NA,D,0,0,1560404.315,100,1997,29,10.21,102.48
106689,Active,802190,NA,NA,D,1,0,3857096.894,37.95,2003,19,6.17,5.97
106690,Active,780017,NA,NA,D,1,0,1039062.283,59.95,1997,21,11.89,45.99
106691,Active,829435,NA,NA,D,0,0,712701.13,51.95,1993,31,4,23.86
106692,Active,638575,NA,NA,D,5,1,1263922.393,33.75,2010,25,3.88,48.78
106693,Active,126639,NA,NA,D,2,1,812490.2588,24.99,2004,44,4,8.56
106694,Active,2608796,NA,NA,D,0,0,1887837.493,89.99,1999,43,4,41.98
106695,Active,2523870,NA,NA,D,3,1,2499895.94,279,1999,23,28.34,100.08
106696,Active,3806108,NA,NA,D,0,0,301237.35,39.99,2015,64,8.9,24.98
106697,Active,187047,NA,NA,D,1,0,929864.99,66,1999,22,22,48.98
106698,Active,1469781,NA,NA,D,1,0,3234523.105,135,2006,17,52.99,181.59
106699,Active,2612868,NA,NA,D,3,1,9757143.196,50,2001,13,4.99,26.98
106700,Active,2149818,NA,NA,D,0,0,1351388.233,21,2012,12,9.2,21
106701,Active,2613413,NA,NA,D,0,0,1751435.606,79.99,2001,26,13.33,13.13
106702,Active,718506,NA,NA,D,1,0,1559557.943,66.5,1997,24,4.77,5.01
106703,Active,2868588,NA,NA,D,1,0,1166727.501,23.5,2000,20,4,43.04
106704,Active,2419129,NA,NA,D,1,0,4317424.074,93,2003,15,32.69,110.24
106705,Active,442308,NA,NA,D,1,0,1647319,47.95,2009,17,4.96,39.99
106706,Active,1470211,NA,NA,D,1,0,3549321.116,140,2008,19,14.2,119.28
106707,Active,2610432,NA,NA,D,0,0,4039215.383,119.99,2000,20,50.34,109.63
106708,Active,291006,NA,NA,D,0,0,553263.4125,40,2007,23,6.99,57.82
106709,Active,2836573,NA,NA,D,1,0,2381540.905,47.95,1995,25,4,24.99
106710,Active,271933,NA,NA,D,0,0,649984.425,39.99,2006,15,4,44.17
106711,Active,2589806,NA,NA,D,1,0,5547546.65,49.95,1977,14,7.69,0
106712,Active,564528,NA,NA,D,1,0,1297657.196,35.95,2001,26,4,11.99
106713,Active,3558613,NA,NA,D,1,0,1962628.55,198,2004,42,17.61,63.39
106714,Active,1726981,NA,NA,D,0,0,2818206.078,279,2011,17,208.35,209.06
106715,Active,872373,NA,NA,D,0,0,143797.9238,51,1982,47,4.94,54.52
106716,Active,203604,NA,NA,D,1,0,2564870.873,34.95,2003,39,4,4.76
106717,Active,203603,NA,NA,D,1,0,2632522.836,39.95,2003,26,4,25.12
106718,Active,620642,NA,NA,D,1,0,2368940.009,49.99,2003,18,6.65,12.5
106719,Active,203732,NA,NA,D,31,1,1897059.03,44.95,2004,69,4,4.01
106720,Active,105190,NA,NA,D,4,1,1737813.233,162.46,2002,12,46.33,161.17
106721,Active,3619071,NA,NA,D,2,1,894015.1,29.95,1992,23,22.98,75.9
106722,Active,1834988,NA,NA,D,0,0,967475.4025,109,2006,18,43.99,72.67
106723,Active,622666,NA,NA,D,1,0,305228.5975,97.95,2010,25,43.49,0
106724,Active,699992,NA,NA,D,1,0,9767907.609,99.95,2002,5,8.61,68.24
106725,Active,2566024,NA,NA,D,0,0,5070110.091,175,1993,16,4.34,10.99
106726,Active,506983,NA,NA,D,0,0,1901488.226,170,2005,11,33.71,129.87
106727,Active,646743,NA,NA,D,0,0,885393.8125,48,1997,40,7.22,34.95
106728,Active,332899,NA,NA,D,0,0,5685028.418,49,1999,21,4.97,82.47
106729,Active,606757,NA,NA,D,4,1,2189326.36,131,2004,21,78.91,83.89
106730,Active,3066663,NA,NA,D,1,0,3863850.415,379.95,2000,12,203.89,307.99
106731,Active,761642,NA,NA,D,1,0,3735389.061,166,2006,21,12.66,61.47
106732,Active,2392430,NA,NA,D,0,0,4890637.05,70,1991,27,4.47,39.93
106733,Active,2609328,NA,NA,D,0,0,3129365.265,94.99,2000,16,10.72,79.77
106734,Active,2598861,NA,NA,D,1,0,729438.5275,204.99,1997,15,43.99,78.98
106735,Active,2827877,NA,NA,D,0,0,1267355.291,69.95,2000,37,4,22.92
106736,Active,2592894,NA,NA,D,0,0,1076503.335,58,1979,21,10.98,58.17
106737,Active,2360705,NA,NA,D,1,0,2040218.779,27,1989,24,4.76,60.79
106738,Active,2854478,NA,NA,D,0,0,1472062.109,39.95,2003,23,19.12,76.31
106739,Active,3145952,NA,NA,D,0,0,1590063.659,45,2005,30,6.72,63.99
106740,Active,2418768,NA,NA,D,1,0,5901578.284,198,2003,18,62.2,120.8
106741,Active,558148,NA,NA,D,1,0,1112922.826,43,2007,20,14.55,33.2
106742,Active,1537873,NA,NA,D,3,1,1802784.813,43.95,2006,18,6.97,49.64
106743,Active,248146,NA,NA,D,0,0,369851.125,56,2011,29,6.99,0
106744,Active,2614615,NA,NA,D,1,0,2278682.783,190,2005,19,12.08,134.63
106745,Active,761681,NA,NA,D,1,0,4347015.94,79.95,2000,23,4,62.09
106746,Active,2177761,NA,NA,D,0,0,2365703.371,109,2006,25,26.96,70.94
106747,Active,1592770,NA,NA,D,0,0,1986657.229,125,2006,22,10.4,68.79
106748,Active,889625,NA,NA,D,1,0,4209780.75,185,2002,14,22.1,138.4
106749,Active,2590646,NA,NA,D,0,0,4073352.179,79.95,1984,7,24.76,459.92
106750,Active,368933,NA,NA,D,0,0,4707929.529,17.33,2003,17,4.13,17.33
106751,Active,909628,NA,NA,D,1,0,2104340.083,125,2005,28,9.7,52.73
106752,Active,2811964,NA,NA,D,1,0,2210572.543,40,2003,13,5.96,28.94
106753,Active,2177578,NA,NA,D,0,0,2386422.403,99,2006,20,48.9,51.92
106754,Active,618461,NA,NA,D,1,0,1102446.841,44.99,2009,61,4.1,5.98
106755,Active,3087882,NA,NA,D,0,0,6057018.161,49.95,2003,15,12.46,25.55
106756,Active,2043026,NA,NA,D,1,0,1025189.299,83.59,2006,15,4.53,121.62
106757,Active,560777,NA,NA,D,1,0,1288168.959,98,2007,39,4.13,33.98
106758,Active,636985,NA,NA,D,0,0,1015751.979,59.95,2003,25,4,14.46
106759,Active,256813,NA,NA,D,1,0,2287758.163,50.95,2003,39,3.99,9.89
106760,Active,1886368,NA,NA,D,0,0,1725061.998,44.99,2011,17,8.95,11.97
106761,Active,827059,NA,NA,D,1,0,4665034.426,40,2001,12,4,11.12
106762,Active,917846,NA,NA,D,1,0,1284530.061,39.95,2007,64,4,28.61
106763,Active,1891995,NA,NA,D,0,0,110526.8575,39.95,2010,31,38.36,45.59
106764,Active,1739777,NA,NA,D,0,0,3323216.681,64.95,2007,30,4.97,60.83
106765,Active,756716,NA,NA,D,2,1,2873994.48,239,1997,16,5.95,68.57
106766,Active,2572589,NA,NA,D,3,1,4561271.531,110,1991,22,4,48.95
106767,Active,142793,NA,NA,D,3,1,1684820.615,66,1995,21,4.76,79.27
106768,Active,2811523,NA,NA,D,0,0,2356405.068,40,1991,23,19.46,45.2
106769,Active,2829217,NA,NA,D,7,1,2463684.293,40,2005,16,5.06,15.89
106770,Active,2907277,NA,NA,D,2,1,1947732.926,19.95,2001,12,8.97,9.98
106771,Active,1449714,NA,NA,D,1,0,170070.6975,185.2,2011,31,106.24,148.67
106772,Active,868666,NA,NA,D,0,0,831549.885,66.64,2005,20,15.39,52.97
106773,Active,1766100,NA,NA,D,0,0,2298721.341,94.99,2013,19,16.94,65.23
106774,Active,910568,NA,NA,D,0,0,3296016.56,48,2001,22,4.25,47.51
106775,Active,228547,NA,NA,D,0,0,2100841.121,61,1999,22,11.76,140.62
106776,Active,2802274,NA,NA,D,1,0,2271847.398,120,2003,21,5.49,43.16
106777,Active,859485,NA,NA,D,4,1,2484123.65,149.95,2006,18,15.22,143.56
106778,Active,1657603,NA,NA,D,1,0,1729540.398,66.05,2008,12,26.44,85.78
106779,Active,765486,NA,NA,D,3,1,1837069.588,157.95,2001,22,4,11.24
106780,Active,669329,NA,NA,D,1,0,1621328.203,51.8,2011,21,38.48,92.07
106781,Active,621703,NA,NA,D,21,1,4521051.461,131.95,2003,13,5.97,118.71
106782,Active,2487897,NA,NA,D,29,1,4442641.856,211.95,2005,29,4.28,10.71
106783,Active,2487900,NA,NA,D,29,1,6937852.349,211.95,2005,14,5.04,13.46
106784,Active,904999,NA,NA,D,1,0,7110643.186,87.6,1985,17,4.93,23.98
106785,Active,619214,NA,NA,D,0,0,635655.0588,40,1958,34,8.28,21.94
106786,Active,880418,NA,NA,D,7,1,302761.4125,134.95,2009,35,13.97,56.46
106787,Active,910538,NA,NA,D,4,1,3111946.335,120.95,2004,22,4,18.35
106788,Active,183600,NA,NA,D,5,1,3270243.636,177.95,2007,27,4,8.79
106789,Active,764958,NA,NA,D,1,0,8690230.661,77.95,1998,17,4.49,39.98
106790,Active,177963,NA,NA,D,2,1,1256175.299,45.95,2004,38,4,39.79
106791,Active,769451,NA,NA,D,3,1,9163885.574,14.49,2001,13,4.77,14.49
106792,Active,668163,NA,NA,D,9,1,953616.465,57.33,2002,22,59.37,185.26
106793,Active,868164,NA,NA,D,0,0,672175.8013,55.4,1981,24,4,51.05
106794,Active,552685,NA,NA,D,2,1,412243.6713,159.4,1995,54,4.96,66.47
106795,Active,175260,NA,NA,D,0,0,2750523.486,85,2000,24,7.88,66.67
106796,Active,712352,NA,NA,D,1,0,1536100.005,35.6,2004,23,4.99,29.98
106797,Active,616991,NA,NA,D,0,0,281511.1925,39.99,1999,39,4,57.27
106798,Active,1484329,NA,NA,D,0,0,1803126.591,54,2012,20,8.94,43.16
106799,Active,883315,NA,NA,D,0,0,3015818.721,56.95,2003,13,3.9,58.71
106800,Active,636614,NA,NA,D,0,0,1062426.545,49.95,2003,31,6.03,24.88
106801,Active,2892058,NA,NA,D,0,0,2310928.368,139,1997,21,29.41,26.56
106802,Active,1594156,NA,NA,D,1,0,1246377.08,49.99,2007,44,6.48,28.9
106803,Active,914014,NA,NA,D,1,0,1893866.389,40.95,2004,25,4,32.59
106804,Active,1658903,NA,NA,D,1,0,456745.3488,58.28,2011,15,24.08,107.42
106805,Active,1473659,NA,NA,D,1,0,1969291.999,51,2010,19,19.09,56.66
106806,Active,2436779,NA,NA,D,0,0,1921368.82,47,2003,34,8.67,37.81
106807,Active,2589767,NA,NA,D,0,0,1805829.03,181.68,1976,13,9.76,110.33
106808,Active,2615196,NA,NA,D,1,0,587960.1825,69.99,2004,61,4,21.89
106809,Active,905680,NA,NA,D,1,0,379534.3113,67,1999,15,18.93,20.13
106810,Active,631664,NA,NA,D,1,0,814121.5,41.5,2008,46,4,10.61
106811,Active,557460,NA,NA,D,1,0,177963.2525,48,2009,32,6.96,27.45
106812,Active,247621,NA,NA,D,1,0,844251.5163,36.95,2005,43,4,15.76
106813,Active,902642,NA,NA,D,1,0,1009118.498,65,1998,27,16.34,43.94
106814,Active,633412,NA,NA,D,1,0,318528.7,49.6,2006,35,19.99,38.99
106815,Active,903511,NA,NA,D,0,0,7557422.87,32,1998,25,4,10.76
106816,Active,793414,NA,NA,D,0,0,7306385.465,145,2003,20,21.3,141.53
106817,Active,719290,NA,NA,D,1,0,3238948.004,85,1998,22,5.47,28.89
106818,Active,609349,NA,NA,D,2,1,3886743.333,31.95,2006,21,4,30
106819,Active,764208,NA,NA,D,1,0,2129082.501,98.95,2004,18,32.88,89.87
106820,Active,723142,NA,NA,D,0,0,673444.8525,27.95,2008,20,14.6,28.91
106821,Active,896355,NA,NA,D,1,0,4417187.028,35,2000,13,12.34,53.79
106822,Active,720238,NA,NA,D,1,0,2914019.881,120,2002,24,24.3,67.61
106823,Active,465669,NA,NA,D,0,0,918479.2275,55,2005,19,11.53,29.96
106824,Active,719877,NA,NA,D,1,0,2407222.153,110,2000,25,5.75,61.85
106825,Active,2892029,NA,NA,D,1,0,1781659.601,49.5,1992,22,33.86,89.11
106826,Active,719657,NA,NA,D,1,0,3111422.15,120,2000,17,11.99,42.87
106827,Active,2536043,NA,NA,D,2,1,8502238.251,190,1999,10,4,69.51
106828,Active,2536044,NA,NA,D,2,1,3392000.326,39.95,1999,33,4,11.21
106829,Active,555512,NA,NA,D,1,0,878791.9413,44.95,2003,46,4,6.07
106830,Active,626514,NA,NA,D,0,0,1063509.278,34,1999,35,3.9,0
106831,Active,722813,NA,NA,D,1,0,1254453.079,115,2009,19,21.47,43.14
106832,Active,657683,NA,NA,D,1,0,1589073.904,65,2005,33,12.71,44.98
106833,Active,1558432,NA,NA,D,1,0,356797.8963,45,2010,47,35.98,40.24
106834,Active,228309,NA,NA,D,0,0,1178429.88,54.99,2004,30,5.23,76.47
106835,Active,290971,NA,NA,D,8,1,978835.9275,168.95,2011,24,5.98,123.99
106836,Active,721479,NA,NA,D,0,0,2932427.764,35,2005,16,4.47,44.07
106837,Active,1871312,NA,NA,D,2,1,1646960.064,48,2009,22,4.29,16.94
106838,Active,2829193,NA,NA,D,0,0,3513686.191,35.91,2005,21,4,33.98
106839,Active,911923,NA,NA,D,0,0,1260054.879,41.95,1991,33,5.3,47.21
106840,Active,723407,NA,NA,D,1,0,2160940.328,105,2008,23,7.89,78.94
106841,Active,2530481,NA,NA,D,1,0,926444.2213,53.95,1993,16,8.04,51.85
106842,Active,1447221,NA,NA,D,1,0,1836926.763,15.4,2006,23,4,57.43
106843,Active,625234,NA,NA,D,1,0,364469.1175,96,2011,43,19.71,59.93
106844,Active,2608904,NA,NA,D,0,0,740387.785,110,2000,22,38.04,78.49
106845,Active,1641601,NA,NA,D,1,0,1774307.591,80,2011,12,30.49,30.59
106846,Active,637085,NA,NA,D,4,1,142970.715,162,2010,25,90.32,0
106847,Active,186338,NA,NA,D,0,0,1858928.386,51.5,2003,22,4,21.88
106848,Active,1585589,NA,NA,D,0,0,4017846.744,120,2010,15,7.98,21.99
106849,Active,628482,NA,NA,D,1,0,703832.7388,321.65,2007,22,38.99,87.74
106850,Active,632546,NA,NA,D,1,0,871556.9563,55.95,2011,25,4,40.95
106851,Active,1474178,NA,NA,D,1,0,1866476.641,115,2010,14,19.24,94.92
106852,Active,626202,NA,NA,D,0,0,1657509.231,41,1998,23,4,18.14
106853,Active,224632,NA,NA,D,0,0,1431303.388,42,2006,48,4,0
106854,Active,3475422,NA,NA,D,5,1,7205578.25,0,1989,16,3.48,19.99
106855,Active,1475402,NA,NA,D,1,0,2017266.839,47.95,2012,12,6.7,14.38
106856,Active,135419,NA,NA,D,0,0,970149.855,60,2011,23,16.33,31.99
106857,Active,2613859,NA,NA,D,0,0,1326026.939,124.99,2004,14,38.74,43.98
106858,Active,2536500,NA,NA,D,0,0,1970768.348,34.95,1999,26,6.39,20.94
106859,Active,539625,NA,NA,D,1,0,385747.8075,34.99,2005,30,6.23,33.24
106860,Active,1692774,NA,NA,D,1,0,895044.14,42.5,2010,34,5.81,18.07
106861,Active,730881,NA,NA,D,1,0,2224947.344,75,2000,16,4,70.33
106862,Active,2404312,NA,NA,D,0,0,1350009.316,24,1987,14,11.39,112.64
106863,Active,724383,NA,NA,D,1,0,2621613.519,78,2011,17,21.76,21.75
106864,Active,256806,NA,NA,D,1,0,2123513.18,73.95,2005,25,4.98,24
106865,Active,631381,NA,NA,D,0,0,1005314.971,37,2008,49,4,22.34
106866,Active,627678,NA,NA,D,0,0,730062.0438,45,2001,48,4,26.29
106867,Active,431442,NA,NA,D,0,0,1548098.343,50,2008,14,20.73,48.79
106868,Active,1469893,NA,NA,D,1,0,2824408.705,80,2007,18,13.73,62.17
106869,Active,691821,NA,NA,D,6,1,1770869.924,61.5,1999,41,4,46.53
106870,Active,623074,NA,NA,D,1,0,368630.9613,32.5,1997,52,4.36,46.93
106871,Active,2780400,NA,NA,D,1,0,2729926.843,110,1982,24,5.32,73.89
106872,Active,2334699,NA,NA,D,1,0,1417915.986,67.82,1979,27,5.44,78.21
106873,Active,906637,NA,NA,D,0,0,265819.8363,110,1989,28,15.49,48.99
106874,Active,372164,NA,NA,D,1,0,721390.195,97.95,2007,34,11.54,21.74
106875,Active,2669801,NA,NA,D,3,1,5013767.076,26.83,1980,16,4,54.17
106876,Active,750781,NA,NA,D,1,0,5350793.691,36.95,2009,9,16.98,26.98
106877,Active,543913,NA,NA,D,0,0,1779297.254,75,2013,15,20.86,83.94
106878,Active,1779133,NA,NA,D,0,0,1658398.13,655,2012,18,53.49,88.94
106879,Active,1569409,NA,NA,D,8,1,1174294.991,220,2010,9,46.68,184.08
106880,Active,1778811,NA,NA,D,8,1,1518440.335,40,2012,21,3.99,13.94
106881,Active,902688,NA,NA,D,0,0,1952443.323,59.95,2009,17,5.46,53.98
106882,Active,638474,NA,NA,D,1,0,2143109.486,93.95,2005,26,4.54,76.32
106883,Active,750867,NA,NA,D,0,0,3307749.11,90,2009,14,4,50.92
106884,Active,756136,NA,NA,D,0,0,2380012.639,95,2012,14,25.33,89.99
106885,Active,757928,NA,NA,D,2,1,3898054.679,185,2003,15,138.24,193.87
106886,Active,1780752,NA,NA,D,0,0,717901.6763,145,2015,28,20.14,85
106887,Active,1571689,NA,NA,D,0,0,9901118.601,95,2007,8,4,94.99
106888,Active,163157,NA,NA,D,3,1,780764.4538,110,2011,27,52.84,65.99
106889,Active,161996,NA,NA,D,1,0,1964643.273,73.95,2007,25,4,57.14
106890,Active,749873,NA,NA,D,0,0,1765200.58,87,2007,17,4.33,45.65
106891,Active,761722,NA,NA,D,0,0,7163676.65,83,2005,16,5.51,12.49
106892,Active,762227,NA,NA,D,1,0,1283230.273,65,2007,18,4,43.5
106893,Active,1780590,NA,NA,D,3,1,884612.655,189.95,2014,17,91.1,159.4
106894,Active,758085,NA,NA,D,1,0,1534872.536,107.95,1998,20,11.9,71.25
106895,Active,757442,NA,NA,D,1,0,2198804.881,155,1998,11,14.05,112.43
106896,Active,2559031,NA,NA,D,1,0,3077367.153,140,1995,19,6.97,64.41
106897,Active,3553618,NA,NA,D,0,0,1072296.4,58,2010,44,37.99,40.82
106898,Active,2667158,NA,NA,D,0,0,1181385.348,87,1991,55,21.66,44.97
106899,Active,2442949,NA,NA,D,0,0,1813990.531,259,2001,16,58.33,155.48
106900,Active,2136147,NA,NA,D,0,0,2363864.29,350,2011,8,253.94,900.98
106901,Active,2595772,NA,NA,D,1,0,1438723.128,34.99,1992,33,10.06,30.84
106902,Active,719270,NA,NA,D,1,0,235245.5625,47.95,1999,27,7.19,29.89
106903,Active,2614555,NA,NA,D,0,0,3338094.178,114.99,2005,19,25.49,77.12
106904,Active,627954,NA,NA,D,6,1,4014289.281,52.95,2002,24,3.99,0
106905,Active,1468481,NA,NA,D,1,0,2525084.601,62,2009,18,20.99,67.45
106906,Active,3602398,NA,NA,D,1,0,1726414.45,93.71,1971,22,4.76,66.59
106907,Active,196443,NA,NA,D,7,1,336756.6125,72.95,2006,33,16.96,0
106908,Active,2473128,NA,NA,D,0,0,2578175.115,47.95,1988,23,4.8,43.94
106909,Active,293191,NA,NA,D,3,1,978775.305,38.95,2005,36,4.86,15.41
106910,Active,250619,NA,NA,D,0,0,2218376.41,146.95,2009,23,19.54,62.62
106911,Active,165950,NA,NA,D,1,0,1121558.404,170,2001,31,10.29,48.99
106912,Active,604380,NA,NA,D,2,1,4993461.953,369,2010,13,131.81,131.89
106913,Active,259209,NA,NA,D,1,0,625030.0888,49.95,1997,36,6.99,51.62
106914,Active,639678,NA,NA,D,1,0,215643.5463,54.99,2013,37,11,37.97
106915,Active,1625108,NA,NA,D,1,0,2705767.699,44.99,2007,22,4,38.78
106916,Active,546598,NA,NA,D,1,0,96100.055,69.95,2011,24,12.98,41.41
106917,Active,542624,NA,NA,D,1,0,90257.7225,59.99,2013,43,25.33,36.69
106918,Active,917082,NA,NA,D,0,0,3868951.966,110,2002,27,4.48,7.98
106919,Active,2577180,NA,NA,D,2,1,2199112.166,94.95,1986,20,52.99,106.43
106920,Active,1534002,NA,NA,D,0,0,2188660.814,189,2008,20,145.59,108.44
106921,Active,2940324,NA,NA,D,1,0,7566584.534,239.95,2004,9,111.55,196.83
106922,Active,639098,NA,NA,D,0,0,1318924.713,69.95,2007,31,35.63,106.61
106923,Active,893765,NA,NA,D,1,0,2584328.169,123,2002,17,6.39,98.22
106924,Active,911919,NA,NA,D,1,0,1165875.785,24.5,1986,16,11.47,83.88
106925,Active,2525113,NA,NA,D,0,0,4058685.3,99,2000,20,53.94,156.95
106926,Active,2841118,NA,NA,D,0,0,670735.0838,249,2000,36,24.04,165.37
106927,Active,558981,NA,NA,D,1,0,443655.1363,54.99,2001,40,4,43.25
106928,Active,895261,NA,NA,D,0,0,3296498.574,59.95,2000,16,3.9,11.49
106929,Active,723572,NA,NA,D,1,0,2816386.043,225.5,2008,8,176.12,262.99
106930,Active,2513754,NA,NA,D,0,0,1913722.19,40,1971,43,4.47,56.05
106931,Active,670324,NA,NA,D,0,0,3131533.895,379,2007,15,124.99,274.97
106932,Active,1445930,NA,NA,D,1,0,1102141.989,99.95,2010,21,83.02,73.88
106933,Active,755364,NA,NA,D,1,0,8144104.799,170,2005,13,4.35,102.97
106934,Active,755365,NA,NA,D,1,0,696069.5788,90,2005,21,5.02,78.06
106935,Active,3583223,NA,NA,D,1,0,896760.55,75,1991,43,16.3,73.98
106936,Active,1924116,NA,NA,D,1,0,1703062.048,44,2010,20,8.49,28.08
106937,Active,2602401,NA,NA,D,0,0,1515866.991,154.99,1998,15,17.58,62.07
106938,Active,217043,NA,NA,D,0,0,716402.2513,50,2006,39,8.46,28.94
106939,Active,3119451,NA,NA,D,0,0,3698890.218,65,2004,20,35.02,65
106940,Active,719945,NA,NA,D,1,0,4606962.831,145,2003,19,30.74,119.67
106941,Active,2309246,NA,NA,D,0,0,535189.9363,175.91,1981,25,19.48,147.69
106942,Active,621358,NA,NA,D,1,0,74807.47125,44.99,2009,57,6.96,0
106943,Active,2780480,NA,NA,D,1,0,1211435.105,42.5,1985,31,6.34,33.97
106944,Active,2590325,NA,NA,D,0,0,3052808.381,99.99,1993,17,17.19,85.89
106945,Active,1469947,NA,NA,D,1,0,5792627.494,145,2006,21,10.63,103.54
106946,Active,515743,NA,NA,D,1,0,3442468.413,200,2010,14,86.49,152.41
106947,Active,2545445,NA,NA,D,1,0,2064108.066,14.95,1999,22,4,11.97
106948,Active,2648392,NA,NA,D,3,1,7068884.65,56.95,1997,16,5.44,53.98
106949,Active,2661446,NA,NA,D,0,0,328363.575,28.5,1982,49,8.81,22.97
106950,Active,2646780,NA,NA,D,1,0,3745530.559,222,1991,16,10.78,112.31
106951,Active,1468550,NA,NA,D,1,0,3073775.173,84,2009,21,32.01,47.97
106952,Active,2804141,NA,NA,D,0,0,311110.36,19.95,2001,42,7.72,105.87
106953,Active,203918,NA,NA,D,7,1,960907.3675,75.95,2007,39,4.99,19.13
106954,Active,175207,NA,NA,D,2,1,2033922.415,25.99,2000,67,4,0
106955,Active,908193,NA,NA,D,1,0,1484051.113,77.4,2006,52,4,46.81
106956,Active,769028,NA,NA,D,0,0,5982235.678,17.08,2001,21,4,9.95
106957,Active,114441,NA,NA,D,2,1,1323336.218,120,2001,35,4,11.99
106958,Active,127619,NA,NA,D,0,0,1341256.486,45,2004,33,4,15.61
106959,Active,174211,NA,NA,D,0,0,743285.3888,44.99,1998,32,8.44,41.99
106960,Active,133393,NA,NA,D,3,1,1314889.891,65.4,2010,31,7.59,59.87
106961,Active,173523,NA,NA,D,0,0,1742540.121,139.99,1995,35,12.39,73.99
106962,Active,2824570,NA,NA,D,0,0,1948203.226,160,1998,12,10.7,18.99
106963,Active,3572077,NA,NA,D,3,1,4214644.5,39.95,1997,52,4.36,22.94
106964,Active,175891,NA,NA,D,1,0,4598070.385,99.99,2007,20,38.79,92.33
106965,Active,3157385,NA,NA,D,0,0,2251974.645,45,2004,18,23.91,63.94
106966,Active,815064,NA,NA,D,0,0,6465376.1,0,2002,13,4.72,0
106967,Active,2537132,NA,NA,D,1,0,4203054.523,145,2001,15,36.77,114.34
106968,Active,1533706,NA,NA,D,0,0,2248902.851,59.95,2007,21,28.77,28.99
106969,Active,209343,NA,NA,D,1,0,1239420.094,36,1998,77,4,8.55
106970,Active,1545568,NA,NA,D,1,0,4288057.819,150,2011,16,26.24,124.95
106971,Active,2528415,NA,NA,D,0,0,2430360.301,27.95,1990,23,14.32,55
106972,Active,2611542,NA,NA,D,0,0,7266266.358,104.99,2001,12,37.97,77.8
106973,Active,2631182,NA,NA,D,0,0,2917240.555,43,1997,23,4,125.43
106974,Active,2699286,NA,NA,D,1,0,2613975.638,59.95,2004,17,4.93,42.23
106975,Active,481949,NA,NA,D,0,0,3576506.36,135,2008,17,8.76,160.63
106976,Active,3525195,NA,NA,D,0,0,4085495.95,90,2006,26,43.94,82.96
106977,Active,61075,NA,NA,D,1,0,2910901.664,102.6,2005,25,4,12.12
106978,Active,895380,NA,NA,D,1,0,2013596.296,65,1998,18,4,64.96
106979,Active,1518584,NA,NA,D,8,1,5139985.326,118.71,2011,10,91.69,675
106980,Active,537820,NA,NA,D,9,1,2517.4575,108,2012,149,8.98,73.98
106981,Active,3878608,NA,NA,D,1,0,10620412.85,57.95,2000,16,42.96,173.34
106982,Active,2335251,NA,NA,D,2,1,3673919.55,0,1989,29,5.64,13.84
106983,Active,870755,NA,NA,D,2,1,3304859.979,79.5,1995,36,4.14,7.72
106984,Active,2883357,NA,NA,D,1,0,733000.8488,78.5,1994,18,43.98,98.45
106985,Active,896571,NA,NA,D,0,0,6605208.854,84,2003,21,6.33,53.58
106986,Active,797706,NA,NA,D,1,0,1473354.863,67.95,2008,41,7.84,21.77
106987,Active,828287,NA,NA,D,0,0,667482.1575,0,1996,16,7.97,0
106988,Active,1526901,NA,NA,D,1,0,686717.0725,45,2008,50,4.78,23.98
106989,Active,3959873,NA,NA,D,0,0,11789420.55,28.95,2000,10,6.34,0
106990,Active,2834990,NA,NA,D,0,0,2976867.035,49.95,2002,13,14.02,17.46
106991,Active,3752693,NA,NA,D,0,0,1222571.1,0,2014,5,18.97,0
106992,Active,120350,NA,NA,D,2,1,5072.37375,33.4,2008,87,19.49,22.26
106993,Active,53052,NA,NA,D,3,1,2207818.746,8.51,2007,64,4,8.84
106994,Active,2578560,NA,NA,D,0,0,2265790.786,27.5,1964,15,10.94,103.13
106995,Active,1473989,NA,NA,D,1,0,3069168.823,77,2010,16,15,29.26
106996,Active,1837200,NA,NA,D,1,0,5572522.633,75,2007,22,4.97,39.99
106997,Active,3812975,NA,NA,D,1,0,617469.1,75,2010,48,31.79,33.93
106998,Active,100529,NA,NA,D,1,0,1086363.684,195.4,1997,27,4,60.77
106999,Active,2490065,NA,NA,D,3,1,4103529.708,75,2003,28,4.04,36.57
107000,Active,3585820,NA,NA,D,0,0,976114.4,45,1983,16,37.62,700.53
107001,Active,297976,NA,NA,D,1,0,2218799.261,80.95,2003,21,4,30.72
107002,Active,909096,NA,NA,D,1,0,1007675.453,49.95,2014,26,4.29,49.95
107003,Active,147485,NA,NA,D,0,0,2453734.211,37.95,2006,18,5.25,0
107004,Active,561668,NA,NA,D,1,0,1170757.841,45.95,2009,34,4.77,22.75
107005,Active,561669,NA,NA,D,1,0,1536147.394,45.95,2009,25,4.92,28.87
107006,Active,218498,NA,NA,D,1,0,2526555.473,39.95,1997,24,4,39.95
107007,Active,244975,NA,NA,D,1,0,1294877.321,202.95,2003,30,7.27,73.39
107008,Active,107487,NA,NA,D,5,1,2287103.53,23.87,2000,33,4,21.1
107009,Active,298006,NA,NA,D,8,1,2017946.575,60.95,2005,55,3.74,0
107010,Active,768815,NA,NA,D,0,0,925456.945,65.96,2003,22,4.17,28.81
107011,Active,108273,NA,NA,D,3,1,847561.8013,34,2003,30,4,23.27
107012,Active,629261,NA,NA,D,2,1,352664.63,167.32,2006,17,27.94,0
107013,Active,621604,NA,NA,D,0,0,466838.4175,0,2002,20,4,0
107014,Active,263597,NA,NA,D,1,0,1465461.353,85,2001,50,4,8.74
107015,Active,392637,NA,NA,D,0,0,4147970.165,38.95,2006,22,13.92,39.94
107016,Active,608673,NA,NA,D,3,1,651418.1575,113.95,2002,33,4.36,23.89
107017,Active,802647,NA,NA,D,7,1,747708.6263,39.99,2008,59,4,8.57
107018,Active,2537765,NA,NA,D,2,1,3409140.469,51.95,2001,12,10.17,110.35
107019,Active,57775,NA,NA,D,6,1,254920.8113,131,2008,51,28.94,230.98
107020,Active,3094776,NA,NA,D,0,0,1121671.64,74.95,2005,24,6.06,56.59
107021,Active,1469824,NA,NA,D,1,0,783656.4475,125,2007,36,6.26,78.93
107022,Active,2490022,NA,NA,D,1,0,3210274.536,35.95,2003,9,6.76,105.99
107023,Active,801288,NA,NA,D,0,0,3619661.2,58,2008,21,4.31,47.02
107024,Active,2653127,NA,NA,D,0,0,9475170.07,34.95,1989,21,4,32.49
107025,Active,261293,NA,NA,D,0,0,1018976.39,25,1998,40,4,13.81
107026,Active,801286,NA,NA,D,1,0,2342296.414,59,2008,18,5.7,107.77
107027,Active,2880351,NA,NA,D,3,1,2100751.3,72.45,1996,16,4,63.49
107028,Active,916646,NA,NA,D,1,0,593795.7775,75,1996,41,4.17,23.82
107029,Active,581585,NA,NA,D,0,0,4896859.013,29.95,1999,22,4,26.94
107030,Active,2538055,NA,NA,D,2,1,4297296.1,32.95,2001,34,4,46.34
107031,Active,2834264,NA,NA,D,1,0,4579156.25,100,1998,29,4,11.21
107032,Active,1590555,NA,NA,D,0,0,2725573.469,73,2010,21,4.14,48.95
107033,Active,396055,NA,NA,D,2,1,4075563.245,50.95,2002,35,4,50.23
107034,Active,3599540,NA,NA,D,0,0,2277801.45,90,1979,23,33.98,56.49
107035,Active,891934,NA,NA,D,3,1,1791247.409,112.5,2008,33,5.29,602.99
107036,Active,1575471,NA,NA,D,1,0,2232259.243,80,2008,18,6.01,42.12
107037,Active,629976,NA,NA,D,0,0,682917.6225,515.73,2011,9,188.99,675
107038,Active,2542047,NA,NA,D,0,0,1915973.768,66.95,2003,18,6.44,40.99
107039,Active,622768,NA,NA,D,0,0,74471.95125,93.96,2005,28,25.64,100.08
107040,Active,2511840,NA,NA,D,8,1,14132034,0,1991,4,4.37,0
107041,Active,2333806,NA,NA,D,2,1,2535416.469,69.95,1996,27,7,56.01
107042,Active,907257,NA,NA,D,1,0,3346252.639,229.95,1999,17,5.88,59.99
107043,Active,156951,NA,NA,D,0,0,3038953.866,35.95,2003,29,4,53.69
107044,Active,562538,NA,NA,D,1,0,4568024.819,37.95,2003,21,4,40.32
107045,Active,768103,NA,NA,D,1,0,1029495.41,56.75,2010,16,19.83,19.78
107046,Active,1443321,NA,NA,D,1,0,1919270.413,170,2007,3,10.7,11.12
107047,Active,693716,NA,NA,D,0,0,8730415.5,0,2000,7,11.98,14.64
107048,Active,693530,NA,NA,D,0,0,9737332.49,94.99,2000,11,4.16,16.99
107049,Active,2760215,NA,NA,D,1,0,604687.3338,50,2000,37,6.44,41.33
107050,Active,770195,NA,NA,D,0,0,1908370.274,97.72,2006,38,4.5,28.99
107051,Active,2402255,NA,NA,D,2,1,3039251.208,131.87,1971,18,4,132.64
107052,Active,1657869,NA,NA,D,1,0,2178696.253,46.47,2009,13,17.08,19.94
107053,Active,695110,NA,NA,D,1,0,216958.3163,84.5,2006,30,9.95,43.99
107054,Active,607084,NA,NA,D,10,1,2369349.791,49.5,2009,32,4,15.99
107055,Active,172371,NA,NA,D,0,0,1653755.934,59.99,2002,35,36.96,56.76
107056,Active,840379,NA,NA,D,0,0,5283426.094,15.39,2005,10,11.57,16.07
107057,Active,866374,NA,NA,D,2,1,656055.025,19.95,2010,15,11.13,16.62
107058,Active,1554800,NA,NA,D,0,0,366891.9325,54.95,2014,22,25.71,28.19
107059,Active,162443,NA,NA,D,0,0,1052513.2,39.99,2008,33,4.35,9.98
107060,Active,2647573,NA,NA,D,1,0,3312156.594,38.95,1995,26,4,22.91
107061,Active,2537667,NA,NA,D,1,0,3289535.77,33.95,2000,33,4,13.99
107062,Active,548202,NA,NA,D,0,0,2357704.071,23.9,2007,24,4.39,13.85
107063,Active,3474338,NA,NA,D,1,0,4369710.55,46.33,1999,21,4,4.98
107064,Active,2392986,NA,NA,D,5,1,3413350.948,56.47,1990,17,4,56.39
107065,Active,427288,NA,NA,D,1,0,3703347.475,120,2011,8,34.95,25.74
107066,Active,2525157,NA,NA,D,2,1,2223848.8,91.5,1995,15,8.93,51.95
107067,Active,2418561,NA,NA,D,1,0,1896385.821,125,2002,21,33.99,85.95
107068,Active,3464153,NA,NA,D,0,0,3514543.2,63,1993,33,4,51.63
107069,Active,2613211,NA,NA,D,1,0,2326480.26,120,2005,46,4,11.34
107070,Active,3305309,NA,NA,D,0,0,5943654.05,0,1900,24,107.04,255.76
107071,Active,2698788,NA,NA,D,0,0,6227181.558,39.95,2005,21,4,11.82
107072,Active,126411,NA,NA,D,1,0,2270728.999,125,2004,22,32.37,51.97
107073,Active,1709572,NA,NA,D,0,0,2536710.183,49.5,2012,17,24.99,57.52
107074,Active,3604942,NA,NA,D,1,0,5577584.15,35,1977,20,4,34
107075,Active,625178,NA,NA,D,0,0,275344.0538,44.95,2007,25,10.86,0
107076,Active,743525,NA,NA,D,3,1,491807.2888,99.95,2005,23,38.42,73.8
107077,Active,1593734,NA,NA,D,1,0,2497401.618,110,2007,23,8.38,23.47
107078,Active,627425,NA,NA,D,1,0,711763.2825,59.99,2010,61,5.47,10.24
107079,Active,3066660,NA,NA,D,1,0,5157933.585,199.95,1999,9,42.79,161.99
107080,Active,649881,NA,NA,D,0,0,360777.86,172,2011,35,6.21,16.45
107081,Active,615408,NA,NA,D,1,0,1304285.51,110,2010,61,4.42,10.49
107082,Active,869353,NA,NA,D,1,0,3196732.286,108.33,2010,16,14.04,13.99
107083,Active,2397121,NA,NA,D,5,1,4226149.338,32.95,1996,28,3.99,32.95
107084,Active,614260,NA,NA,D,0,0,1051371.019,59.95,1995,47,4,18.98
107085,Active,896264,NA,NA,D,6,1,4898307.925,12.2,2007,26,4.61,11.9
107086,Active,871481,NA,NA,D,0,0,7029279.351,95.55,2006,10,4.49,95.55
107087,Active,2397013,NA,NA,D,2,1,8600483.058,61.95,1994,26,4.4,47.77
107088,Active,895709,NA,NA,D,1,0,2522013.093,32.95,2003,19,27.93,76.98
107089,Active,551767,NA,NA,D,0,0,1974757.413,58.5,2002,50,4,8.19
107090,Active,2801569,NA,NA,D,2,1,6088104.109,90,1994,12,7.27,90
107091,Active,2490892,NA,NA,D,2,1,4115991.981,41.95,2003,21,4,54.97
107092,Active,868644,NA,NA,D,0,0,621815.2438,29.95,2004,43,4,15.12
107093,Active,916458,NA,NA,D,0,0,8557283.735,45,2009,35,4,24.89
107094,Active,555890,NA,NA,D,2,1,2485263.343,65,2011,31,4,32.08
107095,Active,793224,NA,NA,D,1,0,7989602.383,105,2001,16,26.27,74.64
107096,Active,824311,NA,NA,D,1,0,2181057.666,40.95,1993,28,3.99,17.95
107097,Active,562465,NA,NA,D,1,0,3555157.921,40,2004,12,5.88,57.13
107098,Active,265883,NA,NA,D,0,0,1919329.739,58,2004,30,4,10.99
107099,Active,560967,NA,NA,D,1,0,1279355.881,93.2,2010,46,4,7.74
107100,Active,196450,NA,NA,D,1,0,1975447.545,57.95,2002,21,4,53.79
107101,Active,902557,NA,NA,D,3,1,2344847.389,246.27,1973,16,8.93,179.33
107102,Active,904775,NA,NA,D,0,0,4640482.138,43.98,2007,21,6.33,18.99
107103,Active,2153834,NA,NA,D,0,0,2487919.355,45,2006,15,13.97,23.98
107104,Active,1516934,NA,NA,D,7,1,1980046.436,80.27,2012,11,27.55,0
107105,Active,913356,NA,NA,D,0,0,1766313.326,59.95,1994,24,4,63.23
107106,Active,721455,NA,NA,D,1,0,2183681.046,84,2005,19,28.28,61.26
107107,Active,800584,NA,NA,D,0,0,1748279.799,53,2007,22,4.98,61.84
107108,Active,2613821,NA,NA,D,1,0,7793216.905,110,2002,19,43.3,85.13
107109,Active,3485082,NA,NA,D,1,0,4072313.75,70,1997,31,4,17.74
107110,Active,2800959,NA,NA,D,1,0,2602386.585,36.95,1990,27,4,18.99
107111,Active,242209,NA,NA,D,0,0,732470.3,39.95,2003,24,4,33.93
107112,Active,1533430,NA,NA,D,0,0,1462229.259,199,2006,28,68.99,69.98
107113,Active,2618435,NA,NA,D,2,1,2986517.803,46.95,1992,36,4,30
107114,Active,711097,NA,NA,D,2,1,709375.8025,38.33,2001,34,4,13.39
107115,Active,550175,NA,NA,D,1,0,4728324.373,15.38,2004,23,4,8.99
107116,Active,887846,NA,NA,D,2,1,3395901.614,56.95,2001,11,13.56,0
107117,Active,2660339,NA,NA,D,6,1,1930638.354,54.77,1988,18,4,66.89
107118,Active,557277,NA,NA,D,1,0,543633.1125,84.95,2005,31,4.97,48.85
107119,Active,144948,NA,NA,D,8,1,4831516.845,46.67,2005,25,4,9.49
107120,Active,3711311,NA,NA,D,0,0,2542213,0,2008,11,31.83,0
107121,Active,2528607,NA,NA,D,0,0,5085514.558,47.95,1991,23,4,49.61
107122,Active,904909,NA,NA,D,1,0,5632024.668,40.95,2000,18,4,7.99
107123,Active,869646,NA,NA,D,1,0,4632268.229,43.95,2004,21,4.92,39.66
107124,Active,3490689,NA,NA,D,0,0,2527976.9,59.95,2000,50,28.99,41.61
107125,Active,594077,NA,NA,D,1,0,1617420.406,69.95,2009,34,4,29.9
107126,Active,2719248,NA,NA,D,0,0,700627.5388,44,1996,23,18.74,75.58
107127,Active,2059622,NA,NA,D,1,0,637907.7775,49.95,2011,39,7.97,8.79
107128,Active,2141968,NA,NA,D,1,0,2326588.708,49,2007,27,15.14,43.99
107129,Active,3802408,NA,NA,D,0,0,1093006.75,49.99,2012,35,22.99,23.98
107130,Active,1517569,NA,NA,D,1,0,1035475.705,44.99,2014,24,5.79,30.03
107131,Active,3603361,NA,NA,D,0,0,809215.65,19.95,2001,33,9.36,31.39
107132,Active,902844,NA,NA,D,1,0,2090900.099,40,2008,20,4,73.39
107133,Active,1615656,NA,NA,D,1,0,968780.9675,49.99,2007,39,8.96,18.99
107134,Active,686492,NA,NA,D,0,0,177588.2325,27,2003,32,10.41,20.25
107135,Active,1877818,NA,NA,D,0,0,2900744.571,55,2011,16,4,36.97
107136,Active,679996,NA,NA,D,0,0,305781.17,29.95,2002,45,6.97,49.49
107137,Active,1656893,NA,NA,D,1,0,3745702.109,65.64,2006,14,4.97,51.74
107138,Active,177690,NA,NA,D,1,0,759654.0763,71.95,2005,29,4,7.98
107139,Active,1575998,NA,NA,D,1,0,1406348.936,44.95,2006,47,4.09,23.99
107140,Active,893703,NA,NA,D,0,0,2563880.676,70,2008,17,10.09,41.06
107141,Active,666657,NA,NA,D,1,0,1557595.27,55,2008,28,5.68,24.88
107142,Active,1590291,NA,NA,D,1,0,754998.8525,84.99,2010,28,25.04,101.72
107143,Active,268342,NA,NA,D,1,0,1340648.604,60,2004,23,4.04,29.94
107144,Active,800134,NA,NA,D,2,1,3674201.783,37.95,2005,19,4.95,49.64
107145,Active,859983,NA,NA,D,3,1,2726564.85,49,2009,23,5.98,93.88
107146,Active,158335,NA,NA,D,0,0,838517.025,59.95,2009,36,4,32.49
107147,Active,2770770,NA,NA,D,0,0,2914657.179,49,2003,17,14.82,53.98
107148,Active,1656725,NA,NA,D,9,1,560368.3825,58.95,2007,22,23.68,51.98
107149,Active,248441,NA,NA,D,7,1,4559007.813,7.98,2007,21,4,7.73
107150,Active,862731,NA,NA,D,1,0,463675.7163,16.95,1998,151,4,8.21
107151,Active,3795711,NA,NA,D,1,0,3233842.35,40,2008,22,5.48,38.99
107152,Active,622269,NA,NA,D,1,0,1946197.525,40.4,2012,23,4,4.99
107153,Active,120609,NA,NA,D,1,0,569519.675,50,2009,26,7.49,18.99
107154,Active,2788975,NA,NA,D,1,0,1040915.31,76,1999,41,4,8.95
107155,Active,2940659,NA,NA,D,0,0,4879999.22,161.1,2004,17,5.67,49.98
107156,Active,889779,NA,NA,D,2,1,8448061.4,54.95,2004,18,4,29.94
107157,Active,661314,NA,NA,D,3,1,1763597.984,75,2009,14,6.39,86.99
107158,Active,725132,NA,NA,D,1,0,7648959.381,79.95,2004,16,9.53,45.7
107159,Active,800284,NA,NA,D,0,0,8797938.433,53,2006,15,5.36,30.94
107160,Active,2601508,NA,NA,D,0,0,5523483.298,23.99,1996,30,4.33,13.99
107161,Active,804064,NA,NA,D,5,1,2772139.238,445,2006,10,90.87,303.61
107162,Active,779923,NA,NA,D,1,0,1894275.473,39.95,1997,22,19.23,63.19
107163,Active,140520,NA,NA,D,3,1,391518.145,19.99,2002,104,4.12,21.49
107164,Active,3498534,NA,NA,D,0,0,536647.9,199.99,2002,46,65.02,113.48
107165,Active,3499126,NA,NA,D,0,0,2027487.9,79.99,2002,21,8.24,79.48
107166,Active,192907,NA,NA,D,5,1,1862000.568,179,2003,18,58.5,93.94
107167,Active,1709107,NA,NA,D,1,0,2216680.615,180.99,2007,14,123.99,582.99
107168,Active,2602576,NA,NA,D,0,0,848340.5038,60,1999,34,6.71,33.83
107169,Active,645547,NA,NA,D,3,1,3351470.664,128.34,2010,15,16.61,62.37
107170,Active,209545,NA,NA,D,0,0,2427672.348,50,2005,20,4.98,11.55
107171,Active,2589755,NA,NA,D,1,0,4088031.533,67.5,1977,16,7.59,127.57
107172,Active,3530982,NA,NA,S,0,0,30979.4,28,2015,30,17.95,16.91
107173,Active,496303,NA,NA,S,0,0,322853.3863,22.99,2010,10,16.05,0
107174,Active,751396,NA,NA,S,1,0,80750.575,35,2011,47,5.12,5.96
107175,Active,2043800,NA,NA,S,0,0,101381.7,35,2013,19,15.03,21.57
107176,Active,1661076,NA,NA,S,0,0,12651.35,24.95,2015,25,11.37,11.48
107177,Active,2043713,NA,NA,S,0,0,95257.275,25,2010,47,7.91,16.73
107178,Active,2043728,NA,NA,S,0,0,85274.625,25,2013,23,6.4,6.97
107179,Active,671945,NA,NA,S,0,0,16630.625,21.95,2011,42,9.57,10.39
107180,Active,258497,NA,NA,S,0,0,507360.2888,19.95,2004,40,4.22,0
107181,Active,1567334,NA,NA,S,1,0,67156.05,35,2014,23,15.92,20.73
107182,Active,2043726,NA,NA,S,1,0,89599.575,25,2011,40,11.08,16.41
107183,Active,749406,NA,NA,S,1,0,68186.925,35,2009,36,15.75,18.98
107184,Active,1984664,NA,NA,S,0,0,14269.55,27,2013,10,24.18,24.3
107185,Active,1780571,NA,NA,S,1,0,141953.1,26.99,2015,19,17.74,17.99
107186,Active,1779720,NA,NA,S,1,0,104115.1,22.99,2013,30,6.97,7.96
107187,Active,2043283,NA,NA,S,0,0,58564.6,21.99,2012,25,8.8,8.91
107188,Active,1780743,NA,NA,S,1,0,40991.45,26.99,2014,16,18.48,18.26
107189,Active,1720902,NA,NA,S,0,0,124938.5,21,2008,18,8.74,8.34
107190,Active,243474,NA,NA,S,0,0,269565.3225,13,2006,101,4,0
107191,Active,1720906,NA,NA,S,0,0,50415.225,21,2009,17,7.98,9.39
107192,Active,3733753,NA,NA,S,0,0,235539.625,37.99,2014,13,32.12,28.18
107193,Active,3498575,NA,NA,S,0,0,66031.925,52.99,2010,27,26.99,33.1
107194,Active,243634,NA,NA,S,0,0,4665.01625,30,2007,142,8.28,0
107195,Active,1758959,NA,NA,S,0,0,296.35,34,2014,45,19.23,21.67
107196,Active,677031,NA,NA,S,1,0,88749.1,29.99,2008,52,7.11,12.99
107197,Active,1982563,NA,NA,S,1,0,66565.575,34.95,2014,14,23.41,26.7
107198,Active,140025,NA,NA,S,0,0,61654.36625,14,2006,113,3.98,0
107199,Active,160068,NA,NA,S,0,0,54145.27125,14,2001,89,4,0
107200,Active,565420,NA,NA,S,0,0,633970.7338,14,2001,80,4,0
107201,Active,898774,NA,NA,S,0,0,304546.0613,24.95,2011,25,17.98,0
107202,Active,600094,NA,NA,S,0,0,539468.74,24.95,2012,17,19.95,0
107203,Active,580782,NA,NA,S,0,0,366552.195,25.95,1997,33,8.32,0
107204,Active,521301,NA,NA,S,0,0,237344.2525,14.99,2003,40,4,0
107205,Active,243633,NA,NA,S,0,0,5689.01375,30,2007,89,8.97,0
107206,Active,338662,NA,NA,S,0,0,193404.0038,16,1995,164,4,0
107207,Active,480601,NA,NA,S,2,1,153774.515,14.99,2010,29,8.99,0
107208,Active,1696982,NA,NA,S,0,0,37248.325,22.99,2015,41,4,11.78
107209,Active,494093,NA,NA,S,0,0,40130.97625,7.99,2008,61,4,0
107210,Active,598429,NA,NA,S,0,0,740226.4763,8.95,2004,29,4,0
107211,Active,245712,NA,NA,S,0,0,264798.2588,14.95,2006,51,4,0
107212,Active,261219,NA,NA,S,0,0,650338.0725,16.95,2004,34,4,0
107213,Active,502300,NA,NA,S,0,0,339552.2213,19.95,2008,54,4,0
107214,Active,390597,NA,NA,S,0,0,230007.75,19.95,2007,32,5.43,0
107215,Active,1956078,NA,NA,S,0,0,149628.975,39.95,2011,12,31.99,35.69
107216,Active,2015737,NA,NA,S,0,0,72861.525,24,2011,27,16.94,23.99
107217,Active,680086,NA,NA,S,1,0,110212,29.95,2012,26,11.96,21.96
107218,Active,1873116,NA,NA,S,0,0,121300.4,24.99,2013,10,13.45,18.95
107219,Active,245751,NA,NA,S,0,0,661425.6163,7.95,2005,39,4,0
107220,Active,183402,NA,NA,S,0,0,534358.1738,9.95,2005,93,4,0
107221,Active,199787,NA,NA,S,3,1,607416.285,17.95,2006,21,4,0
107222,Active,1873112,NA,NA,S,0,0,95401.45,24.99,2013,13,15.9,17.13
107223,Active,1833276,NA,NA,S,0,0,81299.275,24.99,2015,16,18.78,18.56
107224,Active,596984,NA,NA,S,0,0,386448.0575,12.99,2000,109,4,0
107225,Active,200905,NA,NA,S,2,1,544261.91,18.99,2008,40,4.48,0
107226,Active,477797,NA,NA,S,0,0,80897.74625,22.99,2007,39,9.73,0
107227,Active,2048310,NA,NA,S,3,1,127130.775,21.95,2008,21,13.64,15.61
107228,Active,2048311,NA,NA,S,3,1,247992.375,21.95,2007,19,9.69,16.31
107229,Active,2048330,NA,NA,S,1,0,57051,21.95,2011,17,18.85,17.36
107230,Active,2048322,NA,NA,S,3,1,71960.6,21.95,2008,26,11.96,15.98
107231,Active,3796338,NA,NA,S,2,1,51530.975,21.95,2011,37,12.94,16.87
107232,Active,2205732,NA,NA,S,0,0,200462.675,59.99,2013,24,28.99,39.34
107233,Active,3882966,NA,NA,S,0,0,105442.45,59.99,1900,16,27.44,41.05
107234,Active,1876792,NA,NA,S,0,0,88861.7,26.95,2011,54,10.17,16.94
107235,Active,1873115,NA,NA,S,0,0,116082.1,24.99,2013,8,18.16,18.92
107236,Active,1433548,NA,NA,S,0,0,1903.15,29.99,2014,26,15.57,17.25
107237,Active,675163,NA,NA,S,0,0,39670.85,25,2012,41,8.63,10.91
107238,Active,1494108,NA,NA,S,0,0,154344.525,24.95,2010,39,12.53,17.99
107239,Active,1571764,NA,NA,S,0,0,82381.15,28.95,2007,20,19.78,21.97
107240,Active,1728558,NA,NA,S,0,0,59195.975,23,2014,20,9.72,13.99
107241,Active,259577,NA,NA,S,0,0,254233.2675,24.95,2005,43,4,0
107242,Active,734797,NA,NA,S,0,0,86033.55,21.95,2009,46,9.17,9.7
107243,Active,245709,NA,NA,S,0,0,133166.7338,21.99,2005,63,4,0
107244,Active,2111709,NA,NA,S,0,0,129029.025,40,2015,13,26.98,23.99
107245,Active,144724,NA,NA,S,1,0,339123.6238,57.2,2004,29,4,0
107246,Active,567317,NA,NA,S,0,0,397995.655,15.95,1965,57,4,0
107247,Active,3574956,NA,NA,S,4,1,155046.675,29.95,2014,17,18.54,21.61
107248,Active,2137809,NA,NA,S,0,0,63496.2,29.95,2012,26,21.12,21.99
107249,Active,679560,NA,NA,S,1,0,201203.3,29.95,2012,47,6.81,13.99
107250,Active,680093,NA,NA,S,2,1,16942,29.95,2012,26,21.84,22.44
107251,Active,2137810,NA,NA,S,0,0,180978.325,29.95,2012,27,16.62,20.62
107252,Active,1873114,NA,NA,S,0,0,65740,24.99,2013,10,16.38,17.13
107253,Active,1946894,NA,NA,S,1,0,15254.225,24.99,2014,6,18.26,16.89
107254,Active,1970402,NA,NA,S,1,0,1867.225,27.5,2014,6,18.84,15.81
107255,Active,3819862,NA,NA,S,0,0,82596.75,75,2015,9,49.46,49.52
107256,Active,1815246,NA,NA,S,0,0,34469.875,22.99,2015,14,13.67,12.89
107257,Active,544992,NA,NA,S,0,0,247897.0963,27,2011,37,9.99,0
107258,Active,103131,NA,NA,S,0,0,328092.1788,11.99,2006,50,4,0
107259,Active,102214,NA,NA,S,0,0,689775.1588,11.99,2005,71,3.41,0
107260,Active,160416,NA,NA,S,2,1,543080.965,15,2002,109,4,6.99
107261,Active,600237,NA,NA,S,0,0,762095.145,19.95,2012,39,4,0
107262,Active,146708,NA,NA,S,0,0,10289.50875,34.99,2011,41,21.12,0
107263,Active,2100699,NA,NA,S,0,0,4494.3,24.99,2015,15,16.98,16.55
107264,Active,256005,NA,NA,S,0,0,342213,55,2010,16,30.19,0
107265,Active,585827,NA,NA,S,0,0,477008.2463,7.95,1994,64,3.9,0
107266,Active,1599128,NA,NA,S,0,0,34481.85,25.99,2009,24,13.55,15.31
107267,Active,632181,NA,NA,S,0,0,26022.05,40,2012,15,23.99,26.95
107268,Active,651933,NA,NA,S,0,0,387818.7775,52.95,2008,48,18.42,33.99
107269,Active,2172802,NA,NA,S,0,0,136199.95,70,2014,11,52.48,44.24
107270,Active,1990972,NA,NA,S,0,0,71076.825,24.95,2015,22,7.73,15.47
107271,Active,863856,NA,NA,S,2,1,470553.5575,28.95,2010,33,6.65,28.95
107272,Active,2043817,NA,NA,S,0,0,126493.9,25,2014,10,14.59,16.11
107273,Active,3583996,NA,NA,S,1,0,126504.5,29.95,2009,41,14.02,41.61
107274,Active,2276142,NA,NA,S,2,1,35999.625,0,2013,0,0,11.48
107275,Active,2109717,NA,NA,S,1,0,57094.05,22.99,2013,31,6,14.91
107276,Active,548549,NA,NA,S,0,0,433293.6725,15.95,2004,54,4,0
107277,Active,1688285,NA,NA,S,1,0,78269.775,36.95,2010,59,7.66,14.98
107278,Active,1688289,NA,NA,S,0,0,88482.1,36.95,2010,23,12.35,25.47
107279,Active,533257,NA,NA,S,2,1,492130.8613,35,2012,30,8.79,21.69
107280,Active,1688344,NA,NA,S,0,0,73495.75,36.95,2013,22,18.3,25.95
107281,Active,683096,NA,NA,S,3,1,57264.3275,28,2012,29,15.99,18.37
107282,Active,779369,NA,NA,S,0,0,100694.325,35,2009,34,16.48,24.54
107283,Active,2731925,NA,NA,S,6,1,13994.0575,35,2015,38,10.99,18.5
107284,Active,679908,NA,NA,S,2,1,16900.75,24.95,2010,21,21.26,21.83
107285,Active,918050,NA,NA,S,0,0,79384.20875,17.99,1998,50,8.62,0
107286,Active,1688383,NA,NA,S,0,0,86410.275,36.95,2015,16,17.3,26.58
107287,Active,2895628,NA,NA,S,5,1,663129.8638,27.95,1998,85,4,10.29
107288,Active,533256,NA,NA,S,0,0,21713.19,15.95,2012,64,4.86,0
107289,Active,684780,NA,NA,S,1,0,68358.85,24,2012,17,16.98,17.91
107290,Active,296813,NA,NA,S,0,0,91389.77125,29.95,1995,74,8.49,0
107291,Active,1990936,NA,NA,S,2,1,71616.875,24.95,2015,23,3.98,14.74
107292,Active,315154,NA,NA,S,0,0,747230.0175,21.95,1997,56,3.97,0
107293,Active,1718320,NA,NA,S,1,0,128325.475,35,2012,9,21.59,27.21
107294,Active,1718548,NA,NA,S,1,0,174513.525,35,2012,17,24.99,25.98
107295,Active,222287,NA,NA,S,0,0,534300.455,33.95,2003,21,4,0
107296,Active,395716,NA,NA,S,0,0,229070.4538,19.95,2005,31,10.3,0
107297,Active,575761,NA,NA,S,0,0,339929.7063,5,2004,37,4,0
107298,Active,681280,NA,NA,S,2,1,594937.9125,27.95,2007,28,4.98,16.49
107299,Active,275087,NA,NA,S,3,1,475357.9125,39.95,2009,23,33.02,0
107300,Active,1435546,NA,NA,S,1,0,141270.8,22,2007,28,8.38,16.31
107301,Active,894876,NA,NA,S,0,0,8306.71875,9.99,2014,30,6.71,0
107302,Active,686720,NA,NA,S,0,0,8772.25,29.95,2012,15,21.37,18.28
107303,Active,3021852,NA,NA,S,1,0,662768.1775,65.95,1993,40,9.13,54.03
107304,Active,184856,NA,NA,S,0,0,552990.2375,16,2004,29,6.94,0
107305,Active,1855474,NA,NA,S,9,1,698747.6038,29.99,2013,36,6.88,19.28
107306,Active,235549,NA,NA,S,0,0,146711.2825,14.95,2005,25,9.19,0
107307,Active,658458,NA,NA,S,0,0,261112.015,49.95,2010,19,42.4,0
107308,Active,1741294,NA,NA,S,0,0,4568.1,25.95,2013,18,18.97,19.67
107309,Active,1660708,NA,NA,S,1,0,36313.675,34.99,2014,14,26.45,21.99
107310,Active,1660590,NA,NA,S,1,0,51346.025,34.99,2011,18,21.97,23.34
107311,Active,534550,NA,NA,S,3,1,520202.6038,12.99,2009,58,4,0
107312,Active,641011,NA,NA,S,0,0,296567.85,144,2001,30,19.52,0
107313,Active,865025,NA,NA,S,2,1,104871.625,25,2011,23,8.27,12.51
107314,Active,562889,NA,NA,S,0,0,220736.5375,18.95,1975,143,4,0
107315,Active,2164839,NA,NA,S,0,0,6084.05,29.99,2013,12,21.48,22.88
107316,Active,628883,NA,NA,S,2,1,253336.9463,82.5,2005,44,13.99,33.9
107317,Active,1942587,NA,NA,S,0,0,75448.9825,12.95,2015,21,8.24,8.47
107318,Active,2244674,NA,NA,S,0,0,81569.975,25,2013,12,23.49,23.97
107319,Active,2088324,NA,NA,S,0,0,60569.35,29.95,2014,13,14.01,17.48
107320,Active,2141320,NA,NA,S,4,1,66649.525,33,2009,13,24.36,25.89
107321,Active,1436114,NA,NA,S,1,0,19936.7,21,2008,32,11.98,13.93
107322,Active,2143087,NA,NA,S,1,0,70667.575,36.7,2008,17,22.74,24.95
107323,Active,1627177,NA,NA,S,2,1,48616.525,29.95,2014,40,12.99,19.97
107324,Active,543604,NA,NA,S,0,0,667562.595,19.95,2008,17,15.96,0
107325,Active,1660795,NA,NA,S,0,0,35192.2,24.99,2015,15,16.96,15.22
107326,Active,599820,NA,NA,S,0,0,76386.12875,25.95,2006,186,4,0
107327,Active,890958,NA,NA,S,0,0,153535.2188,7.95,2014,14,8.11,0
107328,Active,594826,NA,NA,S,0,0,754837.7513,12.95,2010,17,8.68,0
107329,Active,141589,NA,NA,S,1,0,155093.3425,79.18,2002,48,13.88,0
107330,Active,294368,NA,NA,S,0,0,564033.6963,15.95,2006,70,3.98,0
107331,Active,369684,NA,NA,S,2,1,679345.4575,19.95,2011,34,4.97,0
107332,Active,608690,NA,NA,S,7,1,411911.3138,59.95,2006,26,18.39,0
107333,Active,923985,NA,NA,S,0,0,90054.83875,14.95,1996,399,4,0
107334,Active,3758335,NA,NA,S,4,1,624110,15.99,2016,0,0,15.99
107335,Active,679912,NA,NA,S,0,0,8732.075,24.95,2010,42,9.8,17.08
107336,Active,543482,NA,NA,S,0,0,105731.5963,16.95,2012,23,5.88,0
107337,Active,627434,NA,NA,S,0,0,10731.35,0,2010,23,3.57,6.97
107338,Active,559603,NA,NA,S,0,0,318263.2125,26.95,2010,149,4,0
107339,Active,592448,NA,NA,S,0,0,28893.87875,7.99,2006,51,4,0
107340,Active,596475,NA,NA,S,0,0,111359.5525,22.99,2000,58,4,0
107341,Active,1943071,NA,NA,S,1,0,3167.425,28,2014,37,7.86,7.86
107342,Active,1434238,NA,NA,S,0,0,3616.85,26.99,2014,16,17.13,17.95
107343,Active,559589,NA,NA,S,0,0,464985.2963,15.95,2009,83,4,0
107344,Active,244555,NA,NA,S,1,0,250519.7875,26.95,2005,65,4,0
107345,Active,1504346,NA,NA,S,0,0,72277.15,22.99,2011,23,7.63,9.57
107346,Active,3829257,NA,NA,S,6,1,734878.05,24.95,2014,16,18.57,19.77
107347,Active,580125,NA,NA,S,0,0,556132.3025,17,2014,63,5.36,0
107348,Active,548813,NA,NA,S,0,0,19877.26625,15.99,2008,250,4,0
107349,Active,244510,NA,NA,S,0,0,2440.125,17,2006,359,5.9,0
107350,Active,548744,NA,NA,S,0,0,128044.4225,14.99,2010,41,7.91,0
107351,Active,3960323,NA,NA,S,0,0,65200.425,35,2015,10,15.22,20.43
107352,Active,702165,NA,NA,S,1,0,88002.8,25,2011,21,15.87,17.98
107353,Active,2077812,NA,NA,S,0,0,95061.45,27.95,2012,18,19.47,19.91
107354,Active,681408,NA,NA,S,0,0,47038.6,29.99,2011,27,18.97,20.36
107355,Active,1682592,NA,NA,S,0,0,65898.425,24.95,2012,20,11.97,17.46
107356,Active,1434220,NA,NA,S,0,0,166226,29.99,2015,13,22.21,20.39
107357,Active,1682586,NA,NA,S,0,0,65481.775,24.95,2011,22,9.49,18.44
107358,Active,242615,NA,NA,S,0,0,698318.4138,20.98,2002,21,7.18,0
107359,Active,1973682,NA,NA,S,0,0,112761.05,22.95,2012,8,22.22,22.37
107360,Active,810416,NA,NA,S,0,0,240956.275,25,2010,53,4,11.99
107361,Active,153552,NA,NA,S,0,0,443800.23,16.95,2002,42,4,0
107362,Active,1861159,NA,NA,S,0,0,61377.6,28.95,2015,15,19.16,19.16
107363,Active,1682589,NA,NA,S,0,0,25328.925,24.95,2012,44,7.16,12.99
107364,Active,366986,NA,NA,S,0,0,385687.4863,24.95,2006,45,4,0
107365,Active,801030,NA,NA,S,2,1,567474.7213,25.95,2006,32,4,0
107366,Active,924169,NA,NA,S,1,0,32125.47625,32,2005,764,4,8.79
107367,Active,1738673,NA,NA,S,0,0,52759.525,26.82,2009,13,17.84,26.6
107368,Active,3758574,NA,NA,S,0,0,399516.05,59.95,2015,2,47.7,43.39
107369,Active,599812,NA,NA,S,0,0,270970.8313,26.95,2010,37,6.48,0
107370,Active,554423,NA,NA,S,0,0,504920.79,14.95,2000,28,4,0
107371,Active,1768378,NA,NA,S,0,0,153590.05,29.99,2014,12,26.99,28.63
107372,Active,571832,NA,NA,S,0,0,148775.73,13,2000,105,4,0
107373,Active,554567,NA,NA,S,0,0,651558.7563,15,2011,47,4,0
107374,Active,536666,NA,NA,S,0,0,64013.6075,24,2009,50,8,0
107375,Active,1815254,NA,NA,S,1,0,90881.95,27.99,2015,16,16.74,18.51
107376,Active,209913,NA,NA,S,0,0,452788.2525,16,1997,53,4,0
107377,Active,269277,NA,NA,S,0,0,316396.6213,14.95,2007,40,4,0
107378,Active,1845493,NA,NA,S,2,1,156322.6175,11.99,2008,24,9.61,11.38
107379,Active,565514,NA,NA,S,0,0,97.26625,9.99,1961,445,4.59,0
107380,Active,584913,NA,NA,S,0,0,653134.1538,20.85,2003,25,6.13,0
107381,Active,141932,NA,NA,S,1,0,263534.785,23,2009,32,12.07,0
107382,Active,1647219,NA,NA,S,1,0,172295.5,22.95,2008,21,12.95,16.06
107383,Active,1618462,NA,NA,S,3,1,95886.6,21.99,2012,13,21.48,21.58
107384,Active,565409,NA,NA,S,0,0,85783.49625,8,2002,482,2.98,0
107385,Active,546095,NA,NA,S,0,0,654363.1913,38.99,2011,16,35.43,0
107386,Active,1574133,NA,NA,S,6,1,234073.475,99.95,2007,9,44.64,45.89
107387,Active,1757311,NA,NA,S,3,1,65474.875,0,2014,1,56.52,14.95
107388,Active,2106783,NA,NA,S,0,0,40194.925,24.95,2015,8,22.33,18.81
107389,Active,3960020,NA,NA,S,0,0,4063.25,35,2015,15,25.6,22.25
107390,Active,1725346,NA,NA,S,0,0,134708.6263,14.99,2012,69,4,5.38
107391,Active,649145,NA,NA,S,0,0,159219.175,42.95,2007,28,10.87,42.95
107392,Active,682142,NA,NA,S,0,0,17562.2,23.99,2008,16,17.98,18.98
107393,Active,102392,NA,NA,S,0,0,648646.5825,35,2004,76,4,0
107394,Active,547934,NA,NA,S,1,0,474709.595,180.95,1999,33,13.94,0
107395,Active,1502980,NA,NA,S,0,0,18684.75,22.99,2009,22,12.52,11.98
107396,Active,2051156,NA,NA,S,0,0,19542.675,24.99,2011,16,17.29,18.26
107397,Active,1672190,NA,NA,S,0,0,27811.425,21.99,2008,38,10.31,16.81
107398,Active,3005953,NA,NA,S,0,0,52618.875,23,2015,7,24.53,22.68
107399,Active,279467,NA,NA,S,0,0,184866.0013,14.95,2009,28,4.14,0
107400,Active,233125,NA,NA,S,0,0,157502.1338,13.99,2002,47,6.51,0
107401,Active,533239,NA,NA,S,0,0,384336.63,15.99,2009,27,6.84,0
107402,Active,244474,NA,NA,S,0,0,234300.0275,16.95,2003,70,4,0
107403,Active,543540,NA,NA,S,5,1,893639.8663,69.99,2008,28,8.94,22.78
107404,Active,533238,NA,NA,S,2,1,192887.3075,14.95,2010,81,4,0
107405,Active,222330,NA,NA,S,0,0,535241.6588,29,2011,25,19.64,0
107406,Active,114458,NA,NA,S,0,0,563467.7375,29.95,2002,24,13.82,0
107407,Active,147173,NA,NA,S,1,0,823252.6013,67.95,2004,27,10.32,0
107408,Active,600758,NA,NA,S,1,0,724734.7663,42.95,2011,40,4,0
107409,Active,866284,NA,NA,S,7,1,569803.5638,34.99,2013,91,4,5.7
107410,Active,544225,NA,NA,S,0,0,830233.6663,41.95,2012,34,4.83,0
107411,Active,3566922,NA,NA,S,1,0,700856.8,25.95,1900,31,13.64,80.47
107412,Active,3739809,NA,NA,S,36,1,24330,29.99,2016,10,20.83,19.87
107413,Active,2105425,NA,NA,S,0,0,245184.7725,33,2014,50,4,23.99
107414,Active,864385,NA,NA,S,40,1,726325.4725,34.99,2013,56,4,4.47
107415,Active,2061554,NA,NA,S,0,0,74705.075,99.95,2014,22,12.29,28.99
107416,Active,546654,NA,NA,S,0,0,635986.1025,29.99,2013,71,4,0
107417,Active,2009981,NA,NA,S,0,0,184054.45,43.95,2014,26,32.79,39.98
107418,Active,684173,NA,NA,S,0,0,663742.7688,29.99,2013,55,4,0
107419,Active,3739780,NA,NA,S,9,1,111414.225,44.99,2014,18,10.14,10.74
107420,Active,3467940,NA,NA,S,1,0,128559.575,52,2014,14,23.46,24.69
107421,Active,3635009,NA,NA,S,1,0,1116,18.99,2016,15,12.98,12.92
107422,Active,3960159,NA,NA,S,41,1,30033.325,34.99,2015,17,17.1,23.21
107423,Active,3791999,NA,NA,S,22,1,74128.1,39.95,2015,12,42.33,36.45
107424,Active,3960071,NA,NA,S,39,1,76893.9,34.99,2015,17,11,11.86
107425,Active,3801881,NA,NA,S,3,1,180084.325,39,2015,8,35.96,38.09
107426,Active,3739791,NA,NA,S,15,1,64717,18.99,2016,12,12.75,14.81
107427,Active,142010,NA,NA,S,0,0,599110.95,25.99,2011,135,3.99,0
107428,Active,710581,NA,NA,S,0,0,346820.4288,69.8,2001,22,4.41,0
107429,Active,533233,NA,NA,S,2,1,328444.28,100.8,2003,45,4,44.75
107430,Active,271406,NA,NA,S,0,0,145626.38,28,2005,22,11.62,0
107431,Active,811241,NA,NA,S,0,0,150277.65,27.99,2009,27,17.13,22.09
107432,Active,154011,NA,NA,S,3,1,776660.795,15.99,2010,65,5.31,15.99
107433,Active,2165089,NA,NA,S,1,0,97561.05,99.99,2014,20,49.33,68.97
107434,Active,2059937,NA,NA,S,1,0,80406.375,30,2011,28,11.82,18.94
107435,Active,675309,NA,NA,S,1,0,484466.6025,27.95,2009,120,4,0
107436,Active,279567,NA,NA,S,0,0,137837.1275,37.95,2010,72,7.97,0
107437,Active,1756329,NA,NA,S,1,0,117472.675,29.95,2013,14,21.18,26.66
107438,Active,158856,NA,NA,S,0,0,316853.6288,10.95,2001,31,4,0
107439,Active,3741513,NA,NA,S,0,0,828941.95,75,2011,81,14.92,35.98
107440,Active,105640,NA,NA,S,0,0,244498.2313,12,1999,256,4,0
107441,Active,533232,NA,NA,S,4,1,321086.5375,17.95,2009,37,4,20.11
107442,Active,571514,NA,NA,S,0,0,295881.1663,16.99,1999,69,4,0
107443,Active,536167,NA,NA,S,1,0,21695.775,21.99,2009,23,13.48,13.77
107444,Active,3569166,NA,NA,S,0,0,9663.475,24.95,2014,27,8.99,13.64
107445,Active,536007,NA,NA,S,0,0,294207.2738,29.95,2009,30,7.19,0
107446,Active,606524,NA,NA,S,0,0,306629.8075,32.77,2003,30,4,0
107447,Active,681034,NA,NA,S,0,0,26545.625,24.99,2009,24,16.89,18.34
107448,Active,543255,NA,NA,S,0,0,4566.105,10.95,2005,121,4,0
107449,Active,734402,NA,NA,S,0,0,15844.875,23,2009,48,8.99,14.76
107450,Active,3800696,NA,NA,S,0,0,128646.025,39.99,2014,17,19.73,26.57
107451,Active,1826612,NA,NA,S,7,1,565879.2738,29.95,2013,12,19.94,25.96
107452,Active,585900,NA,NA,S,0,0,731221.1863,24.95,1988,50,4,0
107453,Active,2170448,NA,NA,S,1,0,11484.55,25,2015,8,17.54,21.19
107454,Active,2168780,NA,NA,S,1,0,39706.2,22.95,2014,20,6.49,21.08
107455,Active,539466,NA,NA,S,0,0,452966.69,24.99,2012,26,13.85,0
107456,Active,592519,NA,NA,S,0,0,112231.13,16.99,2005,127,4,0
107457,Active,204474,NA,NA,S,0,0,589006.4238,24.98,1998,63,3.98,0
107458,Active,278190,NA,NA,S,0,0,22423.245,22.95,2003,90,6.99,0
107459,Active,495927,NA,NA,S,0,0,8217.58875,9.99,2008,88,4,0
107460,Active,1833578,NA,NA,S,0,0,18326.2,21.99,2012,51,4,5.49
107461,Active,683933,NA,NA,S,0,0,27427.425,24.95,2010,26,8.85,20.01
107462,Active,2015580,NA,NA,S,0,0,14961.675,24.95,2012,14,19.18,19.7
107463,Active,533225,NA,NA,S,3,1,235270.8388,14.99,2010,42,6.97,0
107464,Active,637632,NA,NA,S,2,1,64749.425,34.99,2013,12,22.79,23.33
107465,Active,195511,NA,NA,S,0,0,71084.8675,15,2009,48,4,0
107466,Active,1999753,NA,NA,S,0,0,142714.075,34.99,2014,12,23.5,27.77
107467,Active,1534894,NA,NA,S,1,0,124120.9,26.95,2014,29,11.22,18.09
107468,Active,559597,NA,NA,S,0,0,189331.6875,15,2008,58,4.51,0
107469,Active,1938469,NA,NA,S,0,0,183877.55,50,2012,17,17.25,24.79
107470,Active,3566484,NA,NA,S,0,0,148027,14.99,2016,7,10.41,14.99
107471,Active,1661798,NA,NA,S,16,1,365565.03,13.99,2014,8,8.99,18.05
107472,Active,1836239,NA,NA,S,0,0,707983.755,42.81,2006,32,6.63,42.84
107473,Active,3803401,NA,NA,S,0,0,83039,36.95,2016,7,27,25.44
107474,Active,1660697,NA,NA,S,1,0,185034.1,21.99,2013,12,14.77,10.97
107475,Active,597707,NA,NA,S,0,0,239335.1013,19.95,2000,58,4,0
107476,Active,898723,NA,NA,S,0,0,607689.8938,12.95,2014,24,4,0
107477,Active,903729,NA,NA,S,0,0,65144.07375,12.95,2013,29,4.48,0
107478,Active,1778146,NA,NA,S,1,0,8049.8,24.99,2013,25,11.48,14.99
107479,Active,1660658,NA,NA,S,1,0,62241.6,22.99,2011,26,5.01,16.17
107480,Active,505651,NA,NA,S,0,0,138479.13,7.95,2008,124,4,0
107481,Active,2898239,NA,NA,S,10,1,554017.5988,19.95,1999,28,4.16,14.94
107482,Active,1599833,NA,NA,S,0,0,103620.55,53.97,2011,16,37.32,38.22
107483,Active,2536859,NA,NA,S,0,0,264012.905,48.95,2000,23,19.48,38.03
107484,Active,587800,NA,NA,S,1,0,544602.2875,39.99,2012,23,8.39,0
107485,Active,558408,NA,NA,S,1,0,753622.515,36.95,2011,27,7.02,0
107486,Active,2167587,NA,NA,S,1,0,53534.95,36,2013,25,19.46,22.91
107487,Active,1779779,NA,NA,S,1,0,73326.2,29.99,2014,26,10.81,13.51
107488,Active,1437543,NA,NA,S,1,0,161033.675,30,2014,13,18.97,20.67
107489,Active,616534,NA,NA,S,1,0,591794.8275,49.99,2011,45,4.79,10.93
107490,Active,158932,NA,NA,S,0,0,24025.11125,14.99,2005,44,5.64,0
107491,Active,284696,NA,NA,S,0,0,748402.9913,45,2007,26,4.48,0
107492,Active,665373,NA,NA,S,0,0,527069.2538,56.95,2012,8,41.83,0
107493,Active,2169309,NA,NA,S,0,0,34297.975,36.95,2013,7,25.41,36.95
107494,Active,2169310,NA,NA,S,0,0,29359.225,36.95,2013,8,28.54,31.98
107495,Active,2089807,NA,NA,S,0,0,70353.2,26.95,2015,6,18.49,20.93
107496,Active,248176,NA,NA,S,0,0,629561.1713,33.95,2011,28,18.65,0
107497,Active,1866826,NA,NA,S,0,0,58335.475,29.95,2015,17,15.41,15.19
107498,Active,2065224,NA,NA,S,0,0,41382.4,35,2011,20,16.37,21.81
107499,Active,1718031,NA,NA,S,0,0,28079.675,21.99,2010,29,11.59,15.68
107500,Active,279440,NA,NA,S,0,0,67308.61875,37.95,2009,27,18.04,0
107501,Active,571512,NA,NA,S,0,0,332677.9688,18.99,1999,82,3.99,0
107502,Active,247887,NA,NA,S,0,0,608815.885,33.95,2007,24,12.29,0
107503,Active,1627815,NA,NA,S,0,0,183875.675,49.5,2014,21,14.89,28.99
107504,Active,2082744,NA,NA,S,1,0,45108.9,21.99,2015,15,14.97,15.49
107505,Active,248182,NA,NA,S,0,0,228818.0725,31.95,2010,22,16.53,0
107506,Active,2079587,NA,NA,S,2,1,538874.795,19.95,2012,14,18.06,19.77
107507,Active,909216,NA,NA,S,3,1,290993.855,35,2008,23,8.01,31.11
107508,Active,625149,NA,NA,S,0,0,165703.475,50,2009,21,9.28,17.18
107509,Active,701638,NA,NA,S,1,0,223642.775,25,2008,23,4,9.99
107510,Active,2120915,NA,NA,S,0,0,28052.4,25.95,2008,32,10.98,15.78
107511,Active,268976,NA,NA,S,0,0,427178.4488,16,2009,94,4,0
107512,Active,633269,NA,NA,S,0,0,536343.5538,19.91,2009,22,5.78,0
107513,Active,2170122,NA,NA,S,2,1,154.25,24.99,2015,24,14.47,13.19
107514,Active,665265,NA,NA,S,1,0,15355.475,29.95,2011,31,17.73,26.96
107515,Active,1730991,NA,NA,S,1,0,51442.95,29.95,2013,6,23.98,26.95
107516,Active,2351210,NA,NA,S,7,1,18060.725,18.95,2015,16,13.3,13.87
107517,Active,924234,NA,NA,S,8,1,22390.19375,18.95,2015,27,6.99,11.51
107518,Active,672842,NA,NA,S,0,0,529738.9888,18.95,2013,83,4,0
107519,Active,1437443,NA,NA,S,1,0,48550.725,30,2014,22,10.92,12.3
107520,Active,865394,NA,NA,S,6,1,57618.755,18.95,2014,67,4.46,8.08
107521,Active,1437227,NA,NA,S,3,1,508523,18.95,2013,47,4,13.9
107522,Active,1437239,NA,NA,S,4,1,493535.7325,18.95,2013,69,4,10.86
107523,Active,1437238,NA,NA,S,2,1,256829.8688,18.95,2013,46,4,13.98
107524,Active,702129,NA,NA,S,4,1,519625.6713,27.95,2011,32,4,11.41
107525,Active,688453,NA,NA,S,5,1,506296.2038,26.95,2013,31,8.4,26.89
107526,Active,672878,NA,NA,S,0,0,307709.7038,18.95,2013,68,4,0
107527,Active,2351214,NA,NA,S,8,1,30145.19,18.95,2015,27,8.17,9.74
107528,Active,1436732,NA,NA,S,4,1,417509.5363,18.95,2011,111,3.99,7.74
107529,Active,2015557,NA,NA,S,2,1,70021.4,27.95,2010,15,18.74,19.82
107530,Active,198657,NA,NA,S,0,0,223446.0538,14.95,2005,49,4,0
107531,Active,547325,NA,NA,S,0,0,266006.44,19.95,2006,64,8.03,0
107532,Active,2168880,NA,NA,S,0,0,183017.725,34.95,2013,12,20.91,25.47
107533,Active,281538,NA,NA,S,0,0,334058.3463,19.95,2011,24,11.47,0
107534,Active,117358,NA,NA,S,0,0,463185.9288,22.99,2006,39,8.57,0
107535,Active,117175,NA,NA,S,0,0,749683.2275,43.2,2005,36,4.59,0
107536,Active,916156,NA,NA,S,0,0,314136.81,25.5,2008,39,4,0
107537,Active,875383,NA,NA,S,3,1,160703.5325,402.99,2011,29,10.63,21.98
107538,Active,1570142,NA,NA,S,1,0,194198.675,27.95,2015,12,17.46,23.78
107539,Active,604735,NA,NA,S,0,0,215642.0375,19.95,2010,50,8.42,0
107540,Active,1701607,NA,NA,S,0,0,31812.3,29.95,2014,26,20.63,22.01
107541,Active,602005,NA,NA,S,0,0,83473.87375,19.95,2006,87,4.33,0
107542,Active,507433,NA,NA,S,0,0,727223,8.99,2009,46,4.23,0
107543,Active,3801203,NA,NA,S,0,0,203156.75,49.95,2015,9,47.72,45.05
107544,Active,188289,NA,NA,S,0,0,187250.8888,19.95,1997,39,3.98,0
107545,Active,1858202,NA,NA,S,0,0,81777.1,21.95,2010,34,4,14.3
107546,Active,2914364,NA,NA,S,0,0,5451.2,21.95,2015,10,17.99,21.02
107547,Active,116161,NA,NA,S,0,0,481197.8638,39.99,2004,24,3.4,0
107548,Active,599860,NA,NA,S,0,0,345475.765,29.95,2009,35,8.19,0
107549,Active,1682594,NA,NA,S,1,0,85305.5,27.95,2012,22,8.45,17.6
107550,Active,3960122,NA,NA,S,0,0,28236.925,24.99,2015,18,12.98,12.98
107551,Active,3794888,NA,NA,S,0,0,113424.1,24.99,2014,11,17.95,13.84
107552,Active,263299,NA,NA,S,0,0,295541.1125,24.95,2004,31,10.98,0
107553,Active,1942146,NA,NA,S,0,0,108638.65,24.95,2013,39,11.3,13.99
107554,Active,683597,NA,NA,S,0,0,54444.175,24.95,2013,23,13.28,13.98
107555,Active,2082303,NA,NA,S,0,0,119737.625,34.95,2012,20,17.99,22.09
107556,Active,2043859,NA,NA,S,0,0,51149.675,24.99,2015,15,15.96,14.47
107557,Active,217623,NA,NA,S,0,0,500776.0825,25.95,2008,27,13.89,0
107558,Active,545315,NA,NA,S,3,1,153522.12,18.99,2013,46,8.91,14.94
107559,Active,916226,NA,NA,S,0,0,338490.0488,19.95,2000,26,33.93,0
107560,Active,597909,NA,NA,S,0,0,473787.3838,15.95,2007,32,4,0
107561,Active,1672153,NA,NA,S,2,1,32708.425,21.99,2007,17,15.49,15
107562,Active,494128,NA,NA,S,0,0,890397.76,43.95,2005,21,7.65,0
107563,Active,549695,NA,NA,S,0,0,501536.0263,21.95,2010,36,4,0
107564,Active,779347,NA,NA,S,0,0,194134.75,29.99,2007,65,4.89,26.64
107565,Active,3786796,NA,NA,S,0,0,58391.075,29.95,2008,39,18.91,22.35
107566,Active,701348,NA,NA,S,1,0,195180.875,27,2007,39,6.99,11.86
107567,Active,141489,NA,NA,S,0,0,68720.955,14.99,2007,64,4,0
107568,Active,559633,NA,NA,S,0,0,26951.42625,15.95,2010,55,8.15,0
107569,Active,158918,NA,NA,S,0,0,33358.94875,29.99,2005,97,4.37,0
107570,Active,158861,NA,NA,S,0,0,16961.7975,29.99,2003,239,4,0
107571,Active,385262,NA,NA,S,0,0,449680.52,18.95,2004,29,4,0
107572,Active,1640408,NA,NA,S,0,0,85113.75,24.99,2007,7,18.32,19.13
107573,Active,122386,NA,NA,S,0,0,456804.0275,13,2000,101,3.98,0
107574,Active,318245,NA,NA,S,0,0,240596.0663,15,2008,103,4,0
107575,Active,684852,NA,NA,S,1,0,200794.775,24.95,2011,21,11.97,20.81
107576,Active,1661044,NA,NA,S,0,0,24590.1125,25.95,2008,42,8.99,14.97
107577,Active,624285,NA,NA,S,7,1,92299.95,0,2011,30,25.96,67.99
107578,Active,2216056,NA,NA,S,2,1,124444.1,50,2013,15,31.74,37.36
107579,Active,3879992,NA,NA,S,0,0,37372.725,60,1900,21,39.14,40.65
107580,Active,199673,NA,NA,S,0,0,449435.6013,29.95,2005,27,4.77,0
107581,Active,533201,NA,NA,S,3,1,615615.3088,178.95,2008,36,4.11,47.87
107582,Active,1780726,NA,NA,S,1,0,90766.325,48.75,2014,10,34.13,42.68
107583,Active,671027,NA,NA,S,1,0,511079.35,266.75,2011,24,46.48,191.45
107584,Active,1780732,NA,NA,S,1,0,91299.45,48.75,2014,10,33.97,31.98
107585,Active,263146,NA,NA,S,0,0,425832.685,9.98,1997,50,4.35,0
107586,Active,205997,NA,NA,S,1,0,637932.3663,80,2005,23,4.97,78.98
107587,Active,1815248,NA,NA,S,0,0,53157.4,21.99,2014,16,15.32,10.98
107588,Active,266231,NA,NA,S,10,1,28968.19,100,2012,58,22.45,48.99
107589,Active,570819,NA,NA,S,0,0,496178.9288,7.99,1985,70,3.18,0
107590,Active,618640,NA,NA,S,1,0,58615.375,54.59,2002,42,5.24,57.63
107591,Active,3682750,NA,NA,S,0,0,15010.4,24.99,2015,19,15.08,15.09
107592,Active,583248,NA,NA,S,0,0,6610.50375,5.95,2008,134,4,0
107593,Active,2169667,NA,NA,S,0,0,24451.125,24.95,2014,18,13,14.57
107594,Active,566775,NA,NA,S,0,0,666413.8288,18.95,2005,70,4,0
107595,Active,598355,NA,NA,S,0,0,550838.9225,16,2003,116,3.98,0
107596,Active,102086,NA,NA,S,0,0,58011.66875,16.99,2002,327,4,0
107597,Active,676442,NA,NA,S,1,0,1490.625,29.95,2008,47,15.61,18.26
107598,Active,1855480,NA,NA,S,10,1,512286.33,21.99,2014,31,4,16.81
107599,Active,289060,NA,NA,S,0,0,15724.36375,17,2007,120,4,0
107600,Active,2144260,NA,NA,S,1,0,43609.675,22,2012,9,28.38,21.49
107601,Active,2144259,NA,NA,S,1,0,10546.95,22,2012,14,23.97,22
107602,Active,2056114,NA,NA,S,0,0,28118.8,21.95,2013,31,11.47,12.31
107603,Active,415853,NA,NA,S,0,0,578777.39,24.95,2008,31,4,0
107604,Active,259469,NA,NA,S,0,0,319978.0038,18,2006,48,4,0
107605,Active,677272,NA,NA,S,1,0,245206.875,30.5,2009,29,4.81,18.92
107606,Active,253889,NA,NA,S,0,0,506045.9,19.99,2009,28,6.73,0
107607,Active,924198,NA,NA,S,0,0,12411.99625,13.99,2004,1634,3.92,0
107608,Active,580949,NA,NA,S,0,0,33816.0275,17.95,2008,43,7.24,0
107609,Active,1616075,NA,NA,S,1,0,82781,29.99,2010,30,9.24,18.99
107610,Active,263587,NA,NA,S,0,0,211296.4613,20.95,1997,39,7.82,0
107611,Active,539882,NA,NA,S,3,1,35556.25,65.95,2012,73,37.98,51.49
107612,Active,687149,NA,NA,S,1,0,33186.2,24.95,2007,20,23.08,23.12
107613,Active,2154789,NA,NA,S,0,0,79465.275,26.95,2007,19,19.17,18.88
107614,Active,914276,NA,NA,S,3,1,213434.3388,15.95,2007,35,6.94,11.09
107615,Active,1685296,NA,NA,S,0,0,54030.075,24.95,2007,8,13.28,15.72
107616,Active,861931,NA,NA,S,10,1,409907.7913,103.95,2014,31,18.99,89.05
107617,Active,183494,NA,NA,S,2,1,443055.01,97.95,2006,23,16.98,79.1
107618,Active,532920,NA,NA,S,3,1,36346.99125,15.95,2007,57,5.77,8.52
107619,Active,233196,NA,NA,S,0,0,272750.4188,45.95,2004,16,28,0
107620,Active,1532689,NA,NA,S,0,0,69953.625,25.95,2014,31,10.75,16.68
107621,Active,1941943,NA,NA,S,0,0,75589.65,28.75,2010,10,21.42,22.15
107622,Active,294580,NA,NA,S,2,1,42806.25,22.99,2011,23,17.86,15.24
107623,Active,2054268,NA,NA,S,0,0,152732.625,39.95,2010,18,17.93,26.9
107624,Active,1780792,NA,NA,S,1,0,30030.225,30,2015,18,15.67,16.51
107625,Active,1942101,NA,NA,S,0,0,57671.5,21.95,2012,12,15.57,15.33
107626,Active,1840110,NA,NA,S,1,0,544077.1275,24.95,2008,25,7.39,20.74
107627,Active,811255,NA,NA,S,0,0,217704.725,29.95,2009,13,23.98,28.84
107628,Active,2255848,NA,NA,S,4,1,82902.725,0,2009,9,16.89,13.98
107629,Active,3004992,NA,NA,S,0,0,27902.25,21.95,2015,7,23.65,19.76
107630,Active,320200,NA,NA,S,1,0,432514.2813,19.99,2003,32,7.02,12.94
107631,Active,3733712,NA,NA,S,0,0,26681.25,50,2016,5,32.94,34.12
107632,Active,58131,NA,NA,S,3,1,75000.535,257.95,2011,60,23.01,76.69
107633,Active,2115880,NA,NA,S,0,0,8900.575,29.99,2015,15,9.92,15.97
107634,Active,1742307,NA,NA,S,2,1,190966.0888,19.95,2007,40,7,58.29
107635,Active,3617830,NA,NA,S,5,1,67631.8,16.95,2015,2,19.98,16.95
107636,Active,2015311,NA,NA,S,1,0,25294.625,40,2014,24,12.99,23.29
107637,Active,2158285,NA,NA,S,0,0,29026.55,22,2007,47,8.49,16.63
107638,Active,1719921,NA,NA,S,0,0,45626.2,21.95,2014,19,15.24,17.46
107639,Active,875528,NA,NA,S,7,1,65231.5225,74.4,2015,42,29.57,42.98
107640,Active,612593,NA,NA,S,3,1,40458.525,49.95,2013,62,22.99,27.98
107641,Active,117406,NA,NA,S,0,0,221887.025,72.95,2004,26,27.64,0
107642,Active,681492,NA,NA,S,0,0,68290.175,24.95,2008,25,14.94,18.45
107643,Active,542063,NA,NA,S,4,1,87222.305,167.95,2012,59,35.86,72.01
107644,Active,129047,NA,NA,S,0,0,606700.4613,40,2005,21,17.56,41.94
107645,Active,1711941,NA,NA,S,2,1,487865.7713,49.5,2010,20,4.29,39.56
107646,Active,2046996,NA,NA,S,1,0,49014.1525,28.95,2014,33,12.17,19.24
107647,Active,246368,NA,NA,S,0,0,394869.255,32.95,2007,26,4.38,0
107648,Active,190151,NA,NA,S,0,0,87435.76125,29.95,2010,23,19.35,21.97
107649,Active,861129,NA,NA,S,2,1,42134.82875,49.95,2013,66,21.08,39.95
107650,Active,165128,NA,NA,S,2,1,686127.9463,48.44,2000,35,4.35,6.59
107651,Active,134879,NA,NA,S,0,0,102062.175,38,2009,15,22.76,26.9
107652,Active,180564,NA,NA,S,0,0,64769.625,22,2008,65,4.87,11.99
107653,Active,735609,NA,NA,S,1,0,84745.825,24.99,2011,31,4,19.97
107654,Active,544427,NA,NA,S,5,1,15095.9725,333.95,2014,59,41.47,92.11
107655,Active,258457,NA,NA,S,0,0,95040.65875,90,2009,58,12.99,46.18
107656,Active,1815350,NA,NA,S,1,0,104779.7,25,2015,21,10.29,15.05
107657,Active,689064,NA,NA,S,0,0,141202.275,24.99,2013,15,12.79,18.66
107658,Active,2903219,NA,NA,S,6,1,81247.07125,19.95,2002,45,10.74,19.73
107659,Active,914945,NA,NA,S,0,0,251295.4775,19.95,1997,30,6.86,30.43
107660,Active,1946860,NA,NA,S,0,0,69619.725,34.99,2012,20,23.58,23.76
107661,Active,3827983,NA,NA,S,1,0,99495.15,22,2014,25,15.99,15.99
107662,Active,541697,NA,NA,S,0,0,156099.475,21,2009,8,17.78,15.55
107663,Active,532146,NA,NA,S,2,1,124176.875,22,2009,19,18.28,15.3
107664,Active,1691521,NA,NA,S,0,0,64323.45,21.99,2013,22,12.69,16.26
107665,Active,1936706,NA,NA,S,0,0,94655.85,29,2014,10,24.18,19.58
107666,Active,626565,NA,NA,S,1,0,430859.4875,41.95,1989,26,4.76,33.44
107667,Active,141961,NA,NA,S,1,0,81370.275,0,2009,28,9.6,15.49
107668,Active,221095,NA,NA,S,0,0,170853.15,25.95,2010,16,12.91,21.99
107669,Active,903976,NA,NA,S,0,0,135009.9,25,2012,16,19.97,18.48
107670,Active,914791,NA,NA,S,0,0,37154.3625,17,2014,65,4,12.42
107671,Active,2122690,NA,NA,S,0,0,41223.25,34.99,2014,22,10.62,18.31
107672,Active,1720841,NA,NA,S,0,0,112810.05,40,2014,16,21.99,28.33
107673,Active,2121405,NA,NA,S,0,0,176760.95,20.95,2009,27,9.5,12.74
107674,Active,2767663,NA,NA,S,0,0,79862.435,20,1995,32,5.99,16.06
107675,Active,2231452,NA,NA,S,0,0,55782.325,27.99,2010,25,16.47,38.74
107676,Active,2080349,NA,NA,S,0,0,115795.1,29.99,2012,13,15.03,23.79
107677,Active,2263195,NA,NA,S,12,1,548447.2075,89.13,2010,23,7.85,34.35
107678,Active,682096,NA,NA,S,0,0,68352.825,27.5,2012,43,11.99,14.19
107679,Active,655611,NA,NA,S,1,0,38217.2,34.95,2010,27,24.72,26.86
107680,Active,1626002,NA,NA,S,0,0,89803.825,29.95,2014,17,18.49,21.58
107681,Active,2102149,NA,NA,S,0,0,562368.005,25,2014,26,6.39,25
107682,Active,125975,NA,NA,S,3,1,601544.8613,24.99,2000,47,6.36,21.5
107683,Active,1563611,NA,NA,S,1,0,294001.1313,22.99,2009,30,23.58,77.91
107684,Active,153771,NA,NA,S,0,0,191776.225,29,2009,20,13.55,24.82
107685,Active,153926,NA,NA,S,0,0,72217.5,22.75,2011,29,13.49,19.38
107686,Active,1861160,NA,NA,S,0,0,121830.95,30.95,2015,9,31.01,21.99
107687,Active,1732575,NA,NA,S,2,1,209695.9,24.95,2007,17,18.84,24.94
107688,Active,291256,NA,NA,S,0,0,735297.3663,49.99,1998,24,15.34,36.97
107689,Active,546418,NA,NA,S,0,0,119771.775,28,2007,21,16.49,45.59
107690,Active,2068052,NA,NA,S,1,0,70309.8,25,2008,23,9.9,23.52
107691,Active,545498,NA,NA,S,2,1,83484.75375,51.95,2012,33,13.86,29.39
107692,Active,246180,NA,NA,S,0,0,394442.455,56.95,2002,64,8.03,25.99
107693,Active,246501,NA,NA,S,1,0,100583.475,68.95,2006,40,10.15,48.9
107694,Active,2648966,NA,NA,S,0,0,695481.8875,56.95,1999,26,13.05,38.16
107695,Active,1841057,NA,NA,S,1,0,399107.785,65.95,2009,29,19.07,44.67
107696,Active,2648343,NA,NA,S,1,0,443545.3825,62.95,2004,24,17.51,29.94
107697,Active,1839974,NA,NA,S,1,0,767482.2375,62.95,2007,19,4.33,47.79
107698,Active,646462,NA,NA,S,1,0,355070.6588,63.95,2009,33,11.3,38.39
107699,Active,246526,NA,NA,S,1,0,691175.9988,61.95,2005,21,16.33,32.99
107700,Active,1839778,NA,NA,S,0,0,830140.5988,62.95,2006,32,6.63,39.65
107701,Active,1617700,NA,NA,S,0,0,22254.3,24.99,2010,17,12.91,21.6
107702,Active,2112671,NA,NA,S,0,0,16559.05,24.95,2012,16,16.96,16.95
107703,Active,1988790,NA,NA,S,1,0,39006.2,29.99,2013,8,26.99,26.98
107704,Active,1490615,NA,NA,S,0,0,31021.45,32.95,2014,20,24,23.99
107705,Active,296314,NA,NA,S,6,1,357133.94,29,2001,56,7.98,21.98
107706,Active,550368,NA,NA,S,1,0,744349.8838,59.83,2007,30,4.93,57.83
107707,Active,1768300,NA,NA,S,2,1,186588.93,29.99,2014,28,25.42,26.99
107708,Active,1590553,NA,NA,S,1,0,174751.875,28.99,2012,18,26.68,28.57
107709,Active,617648,NA,NA,S,0,0,148726.325,38,2009,20,24.77,31.83
107710,Active,1586974,NA,NA,S,0,0,47199.075,29.99,2011,27,12.66,25.97
107711,Active,1582954,NA,NA,S,0,0,77841.025,29.99,2013,18,26.44,23.99
107712,Active,172562,NA,NA,S,1,0,81618.2,28.99,2010,30,17.99,24.86
107713,Active,194966,NA,NA,S,0,0,521693.885,36,2007,25,21.6,33.12
107714,Active,691235,NA,NA,S,1,0,166443.25,28.95,2011,23,16.42,23.92
107715,Active,649476,NA,NA,S,1,0,61809.4,79.4,2013,30,34.69,67.7
107716,Active,3837312,NA,NA,S,1,0,245812.075,49.99,2015,16,35.06,35.07
107717,Active,1982638,NA,NA,S,0,0,59953.7,27,2014,16,18.94,22.05
107718,Active,1507427,NA,NA,S,0,0,184376.625,25,2007,11,20.16,25
107719,Active,871949,NA,NA,S,2,1,254614.1288,49,2015,21,19.48,37.29
107720,Active,1911802,NA,NA,S,0,0,181931.1525,7.99,2012,61,4,7.46
107721,Active,531629,NA,NA,S,0,0,24842.15,21.99,2007,63,6.74,12.44
107722,Active,168617,NA,NA,S,0,0,25253.09,5,2001,64,4,5
107723,Active,3490438,NA,NA,S,0,0,172382.225,24,2009,42,8.98,12.78
107724,Active,632168,NA,NA,S,0,0,219749.075,39.95,2012,20,14.5,33.24
107725,Active,287014,NA,NA,S,1,0,69715.9175,24.95,2005,72,12.12,21.45
107726,Active,649511,NA,NA,S,1,0,193156.1463,39.95,2013,18,31.16,30.81
107727,Active,622898,NA,NA,S,0,0,352742.0638,135,1990,42,19.96,69.48
107728,Active,275396,NA,NA,S,3,1,95794.2875,30,2007,86,4.88,22.08
107729,Active,1894667,NA,NA,S,0,0,29932.2,43.98,2015,43,9.85,54.77
107730,Active,563168,NA,NA,S,2,1,313764.8975,64.95,1994,34,12.99,43.98
107731,Active,2648701,NA,NA,S,1,0,442329.36,92.95,1999,38,7.21,43.81
107732,Active,130180,NA,NA,S,1,0,56223.2,116.6,2005,41,44.99,47.26
107733,Active,173809,NA,NA,S,0,0,150090.265,59.99,2003,40,6.18,44.97
107734,Active,246720,NA,NA,S,4,1,706617.7788,40.95,2008,37,10.18,28.98
107735,Active,531452,NA,NA,S,11,1,34361.97375,228.95,2012,52,41.98,157.95
107736,Active,533808,NA,NA,S,11,1,27396.925,203.95,2012,48,38.55,143.64
107737,Active,680421,NA,NA,S,1,0,114872.425,28,2012,43,10.67,12.75
107738,Active,260999,NA,NA,S,0,0,91906.925,60,2015,19,24.17,26.99
107739,Active,2123733,NA,NA,S,1,0,65133.35,32.95,2014,20,26.29,31.76
107740,Active,174502,NA,NA,S,0,0,335321.12,54.99,1998,47,6.98,36.99
107741,Active,1589922,NA,NA,S,1,0,102453.6,34.99,2012,36,23.42,24.16
107742,Active,2101064,NA,NA,S,1,0,87307.8,32,2013,19,20.43,29.44
107743,Active,287868,NA,NA,S,0,0,306424.1663,44.95,2010,23,13.69,21.98
107744,Active,2041209,NA,NA,S,0,0,116640,0,2008,8,13.71,93.99
107745,Active,1425121,NA,NA,S,0,0,415164.135,10.65,2009,34,4.72,10.29
107746,Active,1969765,NA,NA,S,0,0,16509.025,25.99,2015,66,5.06,5.97
107747,Active,1834474,NA,NA,S,0,0,52491.425,20.95,2010,23,10.15,16.86
107748,Active,3561884,NA,NA,S,0,0,91546.25,70,2011,57,31.61,38.2
107749,Active,1433341,NA,NA,S,1,0,59190.9,26.99,2015,43,7.68,15.74
107750,Active,1677677,NA,NA,S,0,0,7116.325,25.99,2015,20,14.96,15.33
107751,Active,3558791,NA,NA,S,0,0,111459.2,59.95,2012,28,26.23,41.59
107752,Active,1959184,NA,NA,S,0,0,14884.275,24.95,2011,15,15.97,20.89
107753,Active,1433771,NA,NA,S,0,0,104126.45,28.99,2014,59,5.98,8.7
107754,Active,1715092,NA,NA,S,0,0,218093.425,25,2015,6,28.97,24.34
107755,Active,1715054,NA,NA,S,0,0,68373.4,25,2008,11,17.44,17.44
107756,Active,679124,NA,NA,S,1,0,63198.625,26.99,2013,49,7.48,12.38
107757,Active,267811,NA,NA,S,0,0,29241.5125,25,2009,27,12.22,13.72
107758,Active,531223,NA,NA,S,6,1,431355.595,17.95,2008,39,4,0
107759,Active,1469217,NA,NA,S,6,1,398372.045,18.95,2010,27,4,10.93
107760,Active,126252,NA,NA,S,2,1,323259.87,29.95,2001,37,12.44,48.99
107761,Active,2647850,NA,NA,S,1,0,170146.8113,42.95,1994,40,4.76,21.93
107762,Active,58184,NA,NA,S,3,1,125603.0663,17.99,2009,31,4.96,18.99
107763,Active,691160,NA,NA,S,1,0,171760.15,24.95,2013,10,18.95,22.9
107764,Active,3477028,NA,NA,S,0,0,460982.2,49.95,2011,53,17.1,23.94
107765,Active,210268,NA,NA,S,3,1,148392.925,65,2003,21,16.42,33.98
107766,Active,909909,NA,NA,S,0,0,89885.5225,9.99,2013,27,5.98,8.59
107767,Active,3724589,NA,NA,S,1,0,17388.375,28,2016,31,11.78,15.72
107768,Active,734909,NA,NA,S,1,0,66676.525,34.99,2012,31,4,5.97
107769,Active,676546,NA,NA,S,0,0,45930.1675,30,2009,45,13.95,25.74
107770,Active,2050244,NA,NA,S,0,0,17406.775,28,2007,26,15.29,15.3
107771,Active,3744068,NA,NA,S,0,0,30820.35,27,2012,25,7.84,16.23
107772,Active,626678,NA,NA,S,1,0,8369.65,35,2012,46,16.33,18.38
107773,Active,3741606,NA,NA,S,3,1,448572.625,54.95,2009,18,6.81,44.7
107774,Active,1565287,NA,NA,S,0,0,118144.55,25.95,2015,26,7.07,8.99
107775,Active,684243,NA,NA,S,1,0,48293.775,25,2011,23,17.99,15.16
107776,Active,683701,NA,NA,S,1,0,46473.2,24.95,2011,33,12.7,16.63
107777,Active,1701778,NA,NA,S,1,0,33682.825,22,2013,31,11.23,15.13
107778,Active,672421,NA,NA,S,0,0,64846.1475,19,1999,24,12.92,0
107779,Active,1760076,NA,NA,S,0,0,51010.225,36.95,2012,14,29.36,29.37
107780,Active,2516253,NA,NA,S,0,0,350565.0738,18,1976,59,4,22.5
107781,Active,155264,NA,NA,S,3,1,28000.14125,21,1998,60,7.98,0
107782,Active,564079,NA,NA,S,5,1,55084.87625,20,1998,51,6.27,13.4
107783,Active,2775577,NA,NA,S,0,0,535566.725,48.95,2000,36,7.99,8.75
107784,Active,1494151,NA,NA,S,1,0,238024,40,2012,16,27.86,28.16
107785,Active,292109,NA,NA,S,1,0,274113.4388,21,1999,21,88.97,83.23
107786,Active,3785636,NA,NA,S,0,0,156338.75,24.95,1997,39,10.93,56.43
107787,Active,3624119,NA,NA,S,0,0,75918.3,24,2013,24,6.21,23.19
107788,Active,228355,NA,NA,S,1,0,100887.1,25,2007,64,4,12.99
107789,Active,2790217,NA,NA,S,1,0,51978.82375,15.99,1981,225,4,10.79
107790,Active,534869,NA,NA,S,1,0,7896.10125,17,1997,635,3.99,6.99
107791,Active,3624908,NA,NA,S,0,0,58515.5,26,2016,13,16.08,16.25
107792,Active,1626455,NA,NA,S,1,0,65857.725,28,2015,57,4,5.46
107793,Active,1757637,NA,NA,S,0,0,7430.55,26.95,2013,24,18.14,19.2
107794,Active,533452,NA,NA,S,10,1,20345.99375,243.95,2012,81,53.99,95.96
107795,Active,1573308,NA,NA,S,0,0,62761.1,24.95,2012,14,16.92,17.31
107796,Active,904259,NA,NA,S,2,1,872689.7625,59.95,2010,26,11.43,6.27
107797,Active,1965869,NA,NA,S,0,0,47525.5,50,2014,6,45.55,47.5
107798,Active,3744077,NA,NA,S,1,0,86704.3,25,2012,61,4,6.47
107799,Active,219454,NA,NA,S,0,0,97528.8,25,2010,23,18.89,23.61
107800,Active,3509744,NA,NA,S,1,0,157904.925,27,2013,48,4,7.88
107801,Active,637670,NA,NA,S,0,0,24897.8,39.95,2012,30,27.99,34.04
107802,Active,691479,NA,NA,S,5,1,6598.51375,25,2013,41,19.2,23.75
107803,Active,643946,NA,NA,S,1,0,99404.85,41.95,2009,17,38.96,35.92
107804,Active,3519519,NA,NA,S,0,0,643761.2,48.13,1994,232,4,9.98
107805,Active,1473704,NA,NA,S,1,0,454029.395,40,2015,16,17.94,26.6
107806,Active,673840,NA,NA,S,0,0,106257,24.95,2012,16,22.74,20.99
107807,Active,892971,NA,NA,S,0,0,35854.85,25,2015,23,12.72,13.98
107808,Active,679157,NA,NA,S,1,0,19661.75,25,2012,54,11.97,14.87
107809,Active,680790,NA,NA,S,0,0,38982.625,25,2013,32,15.32,16.43
107810,Active,649147,NA,NA,S,1,0,50938.25,35,2007,21,21.62,25.14
107811,Active,3114744,NA,NA,S,0,0,708373.7225,59,2004,20,11.73,52.22
107812,Active,287895,NA,NA,S,0,0,269140.855,47,1996,44,18.75,37.29
107813,Active,269291,NA,NA,S,1,0,339137.1513,24.95,2007,24,8.86,99.28
107814,Active,270919,NA,NA,S,1,0,488761.4288,69,2010,44,19.1,50.56
107815,Active,539732,NA,NA,S,1,0,64466.275,41.95,2011,12,31.36,32.66
107816,Active,1433394,NA,NA,S,0,0,19497,34.99,2015,19,16.6,19.89
107817,Active,2012890,NA,NA,S,0,0,109435.6,24,2014,45,4.58,11.6
107818,Active,1508282,NA,NA,S,0,0,46874.475,28,2015,66,10.71,13.57
107819,Active,1532212,NA,NA,S,1,0,25858.025,30,2014,12,18.43,18.59
107820,Active,2092947,NA,NA,S,2,1,132553.3,24.95,2011,28,13.28,15.98
107821,Active,685949,NA,NA,S,1,0,61044.925,24.95,2013,49,8.98,11.28
107822,Active,287379,NA,NA,S,3,1,893167.705,144,2002,34,4.48,41.94
107823,Active,772673,NA,NA,S,1,0,78773.9,35,2007,63,4,5.99
107824,Active,2075758,NA,NA,S,1,0,86991.95,29.95,2015,15,19.43,21.44
107825,Active,1690526,NA,NA,S,0,0,62350.7,29.95,2015,12,18.98,21.9
107826,Active,863843,NA,NA,S,3,1,143921.625,24.95,2010,32,20.36,24.95
107827,Active,2592892,NA,NA,S,1,0,440160.7513,45,1977,64,3.98,23.99
107828,Active,540286,NA,NA,S,0,0,98227.5025,24,2011,21,14.95,0
107829,Active,1742803,NA,NA,S,0,0,554095.2475,18.95,2006,15,4,18.95
107830,Active,243982,NA,NA,S,8,1,456169.3263,120.95,2011,31,47.49,0
107831,Active,539465,NA,NA,S,2,1,665507.4375,34.99,2013,18,20.94,25.51
107832,Active,1447058,NA,NA,S,1,0,162423.95,49.95,2015,13,32.34,37.98
107833,Active,665040,NA,NA,S,1,0,151928.5,67.19,2010,39,4.33,75.99
107834,Active,1779048,NA,NA,S,1,0,128555.675,42,2014,9,28.41,33.03
107835,Active,913808,NA,NA,S,3,1,734632.9738,21.95,2012,30,9.39,14.14
107836,Active,543983,NA,NA,S,4,1,47874.27,90.5,2013,76,31.97,48.98
107837,Active,917235,NA,NA,S,0,0,164515.0513,42,2007,22,17.94,29.65
107838,Active,1709201,NA,NA,S,3,1,97064.825,22.95,2007,21,9.27,17.49
107839,Active,1532311,NA,NA,S,1,0,112636.975,25.95,2015,24,12.98,12.98
107840,Active,316570,NA,NA,S,1,0,116509.25,34.8,2008,37,16.19,24.97
107841,Active,1739924,NA,NA,S,2,1,549847.4538,30,2006,17,26.88,23.41
107842,Active,1738618,NA,NA,S,2,1,82498.85,29.95,2008,18,26.97,29.95
107843,Active,1576564,NA,NA,S,2,1,101541.9363,29.95,2012,20,20.06,20.26
107844,Active,691133,NA,NA,S,0,0,151054.0713,25,2005,51,5.48,14.53
107845,Active,2769177,NA,NA,S,0,0,450856.8725,59.54,1980,24,12.99,57.85
107846,Active,1434259,NA,NA,S,0,0,26126.375,25.99,2015,21,15.61,15.48
107847,Active,150876,NA,NA,S,0,0,6142.79625,15.95,2001,585,4,8.54
107848,Active,1573227,NA,NA,S,4,1,98327.425,34.95,2011,22,22.75,17.71
107849,Active,2647674,NA,NA,S,1,0,224084.1525,51.95,1999,18,7.7,33.47
107850,Active,3486055,NA,NA,S,0,0,106487.125,45,2014,15,36.98,37.33
107851,Active,1638724,NA,NA,S,0,0,42815.725,25.99,2015,26,7.99,11.99
107852,Active,229896,NA,NA,S,1,0,684448.9475,50,1999,23,10.99,84.3
107853,Active,298561,NA,NA,S,2,1,13978.3,25,2011,50,16.39,18.46
107854,Active,209531,NA,NA,S,0,0,775644.8788,25,2004,81,4,0
107855,Active,687903,NA,NA,S,2,1,222015.425,28,2013,13,22.54,22.54
107856,Active,1587896,NA,NA,S,2,1,771340.3963,32.55,2007,26,19.68,25.21
107857,Active,687034,NA,NA,S,0,0,247032.1313,28,2002,27,7.91,22.17
107858,Active,1762688,NA,NA,S,0,0,75219.4,22,2014,19,18.98,19.8
107859,Active,894024,NA,NA,S,1,0,588437.7188,112.95,2013,13,43.64,85.15
107860,Active,912494,NA,NA,S,2,1,50044.525,30,2013,24,16.67,20.9
107861,Active,184265,NA,NA,S,1,0,55479.65,68.95,2001,34,23.35,36.5
107862,Active,3104285,NA,NA,S,1,0,130236.35,125.93,2005,13,29.87,93.48
107863,Active,546964,NA,NA,S,2,1,203813,36,2011,18,20.13,31.8
107864,Active,3238665,NA,NA,S,6,1,394693.575,80.63,2005,22,14.52,76.25
107865,Active,639315,NA,NA,S,1,0,242830.5638,47.95,2008,26,17.14,37.8
107866,Active,635543,NA,NA,S,1,0,32798.125,35,2013,35,10.98,13.26
107867,Active,2593764,NA,NA,S,0,0,419656.9038,94.99,1986,24,12.77,73.15
107868,Active,174732,NA,NA,S,0,0,446439.3938,44.99,2000,42,6.84,31.97
107869,Active,565611,NA,NA,S,1,0,211558.575,27.5,2008,22,13.38,91.79
107870,Active,174406,NA,NA,S,1,0,104350.55,34.99,2010,21,21.94,23.97
107871,Active,174293,NA,NA,S,0,0,491471.8025,49.99,1999,32,11.61,37.76
107872,Active,333274,NA,NA,S,3,1,65451.55,39.95,2007,36,15.12,21.24
107873,Active,134859,NA,NA,S,0,0,103101.325,29.95,2010,33,20.62,21.63
107874,Active,587682,NA,NA,S,9,1,263669.3325,132.95,2012,36,27.99,92.99
107875,Active,292004,NA,NA,S,3,1,214861.625,57.95,2005,28,22.48,48.47
107876,Active,637607,NA,NA,S,1,0,493846.4175,46.95,2013,33,14.69,27.67
107877,Active,56061,NA,NA,S,3,1,32680.71625,84.75,2009,38,39.15,61.5
107878,Active,56065,NA,NA,S,1,0,627163.0238,61.25,1996,63,4,14.48
107879,Active,56064,NA,NA,S,3,1,17457.01125,84.75,2009,82,28.33,53.99
107880,Active,529635,NA,NA,S,4,1,684610.3875,28.95,2008,27,4.95,25.08
107881,Active,173725,NA,NA,S,0,0,87453.35,29.99,2008,40,17.69,26.83
107882,Active,177962,NA,NA,S,2,1,271519.0663,159.95,2004,61,7.24,94.26
107883,Active,1646836,NA,NA,S,2,1,518599.5313,36,2012,15,22.99,23.03
107884,Active,1588428,NA,NA,S,1,0,535133.7688,29.99,2007,19,31.42,29.07
107885,Active,1969749,NA,NA,S,0,0,57286.65,30,2014,27,4,5.17
107886,Active,164520,NA,NA,S,1,0,226517.2688,45,1998,27,18.93,24.42
107887,Active,709955,NA,NA,S,5,1,647861.195,93,1999,24,4.76,10.99
107888,Active,917233,NA,NA,S,0,0,128809.55,25,2014,34,9.66,10.98
107889,Active,664680,NA,NA,S,0,0,105649.475,41,2013,14,27.14,31.2
107890,Active,177747,NA,NA,S,6,1,433025.89,302.95,2001,46,10.89,79.34
107891,Active,127382,NA,NA,S,8,1,118494.6263,62.95,2010,39,16.8,48.64
107892,Active,175128,NA,NA,S,2,1,533375.63,34.99,2010,33,26.94,32.07
107893,Active,291337,NA,NA,S,0,0,393853.7025,33.99,2007,63,4,15.6
107894,Active,612079,NA,NA,S,3,1,542897.6775,89,2013,21,9.25,84.6
107895,Active,101881,NA,NA,S,1,0,76166.79875,35,1998,170,4,8.99
107896,Active,186623,NA,NA,S,2,1,75721.475,22,2010,27,13.26,17.64
107897,Active,184475,NA,NA,S,0,0,569074.4325,50.95,2006,20,10.74,73.99
107898,Active,3634362,NA,NA,S,2,1,67885.5,25.95,2015,21,20.37,18.64
107899,Active,536300,NA,NA,S,6,1,103972.7338,53.95,2012,20,28.94,33.45
107900,Active,1483893,NA,NA,S,0,0,204289.875,25,2014,18,16.02,19.06
107901,Active,184538,NA,NA,S,1,0,230533.73,57.95,2008,42,4.3,36.41
107902,Active,2647821,NA,NA,S,1,0,539383.1238,81.95,1998,31,16.82,38.98
107903,Active,3585429,NA,NA,S,6,1,11176,55,2016,13,47.18,51.02
107904,Active,3578789,NA,NA,S,0,0,125940.2,44.95,2016,11,35.35,37.26
107905,Active,859497,NA,NA,S,10,1,339101.76,135.3,2007,61,16.47,63.7
107906,Active,1727557,NA,NA,S,0,0,131360.175,34.95,2014,11,29.23,27.65
107907,Active,157099,NA,NA,S,5,1,526308.315,47.95,2002,38,7.13,38.92
107908,Active,913114,NA,NA,S,3,1,303178.1425,24.95,2006,42,4,17.59
107909,Active,921366,NA,NA,S,3,1,20844.8125,15.95,2007,72,4,8.99
107910,Active,909044,NA,NA,S,3,1,597186.6913,24.95,2006,40,4.98,23.94
107911,Active,126864,NA,NA,S,3,1,533715.9563,24.95,2006,28,5.44,19.29
107912,Active,914252,NA,NA,S,3,1,694350.66,24.95,2006,23,12.3,21.9
107913,Active,920603,NA,NA,S,3,1,51654.89375,15.95,2007,71,4,11.47
107914,Active,529622,NA,NA,S,3,1,74548.905,15.95,2007,58,5.39,9.98
107915,Active,915735,NA,NA,S,3,1,556109.9125,24.95,2006,30,4.48,19.4
107916,Active,1459959,NA,NA,S,0,0,82386.125,22,2007,30,8.66,16.27
107917,Active,3810367,NA,NA,S,6,1,213542.225,45,2015,12,28.64,26.67
107918,Active,2671149,NA,NA,S,2,1,489698.9363,76.35,1997,40,5.78,23.99
107919,Active,3805865,NA,NA,S,0,0,22956.675,59.99,2015,17,43.13,43.15
107920,Active,182633,NA,NA,S,7,1,586696.3138,51.03,2002,50,3.99,37.8
107921,Active,876108,NA,NA,S,11,1,66826.1425,144.5,2013,37,53.94,99.64
107922,Active,3960037,NA,NA,S,0,0,9801.175,24.99,2015,46,12.56,13.16
107923,Active,717950,NA,NA,S,1,0,628733.9625,49.95,2000,31,7.45,18.99
107924,Active,2170817,NA,NA,S,0,0,59079.5,34.95,2015,17,21.13,24.28
107925,Active,718962,NA,NA,S,0,0,715870.4525,41.95,2000,26,7.83,36.42
107926,Active,3022999,NA,NA,S,0,0,177857.0113,34.95,2003,44,4.13,40.9
107927,Active,1989793,NA,NA,S,1,0,59812.225,26.95,2013,9,24.98,26.04
107928,Active,546266,NA,NA,S,0,0,177193.55,22,2012,21,13.88,17.37
107929,Active,3808459,NA,NA,S,0,0,79942.8,55,2016,16,36.68,37.35
107930,Active,1494940,NA,NA,S,1,0,585596.5788,45,2010,159,3.98,6.66
107931,Active,208125,NA,NA,S,2,1,45936.575,39,2010,30,23.08,23.29
107932,Active,1658717,NA,NA,S,1,0,458079.2413,50.95,2011,27,19.14,39
107933,Active,802616,NA,NA,S,1,0,157346.45,24.99,2007,45,6.86,14.15
107934,Active,1627360,NA,NA,S,0,0,84118.95,69,2010,12,45.99,46.97
107935,Active,2647051,NA,NA,S,1,0,558745.0238,47.95,1995,44,9.99,30.98
107936,Active,3800352,NA,NA,S,0,0,165128.8,36.95,2014,17,34.25,36.11
107937,Active,2077836,NA,NA,S,0,0,13251.85,21.95,2013,12,15.04,17.52
107938,Active,1697287,NA,NA,S,1,0,7427.675,40,2014,21,25.08,23.3
107939,Active,1697048,NA,NA,S,0,0,86485.1,25,2014,34,4,11.98
107940,Active,129408,NA,NA,S,0,0,112033.6,20.95,2011,25,13.87,17.47
107941,Active,913173,NA,NA,S,0,0,147394.4,25,2010,34,4,13.18
107942,Active,2647609,NA,NA,S,1,0,709175.8438,68.95,1993,22,8.14,46.21
107943,Active,139956,NA,NA,S,1,0,131389.225,40,2007,55,6.76,22.98
107944,Active,2048358,NA,NA,S,0,0,147700.55,24.95,2013,20,14.54,17.44
107945,Active,675547,NA,NA,S,1,0,93113.225,24.99,2012,52,4,7.34
107946,Active,1626087,NA,NA,S,1,0,34121.5,22.95,2013,12,17.37,17.02
107947,Active,1691774,NA,NA,S,0,0,78400.8,22.99,2011,20,10.13,15.72
107948,Active,1694817,NA,NA,S,0,0,212557.975,24,2010,45,4,10.78
107949,Active,528568,NA,NA,S,6,1,96547.5475,37,2010,22,7.85,28.56
107950,Active,159975,NA,NA,S,1,0,55364.325,25.99,2007,57,4.77,27.99
107951,Active,3809908,NA,NA,S,0,0,189928.9,42.95,2015,14,29.59,29.36
107952,Active,906523,NA,NA,S,0,0,15291.475,25,2013,27,12.93,16.12
107953,Active,1532708,NA,NA,S,1,0,4755.275,30,2015,18,15.71,17.78
107954,Active,130827,NA,NA,S,1,0,747657.5788,75,2011,35,4.49,46.1
107955,Active,2814381,NA,NA,S,2,1,707242.4713,50,2003,32,5.14,30.11
107956,Active,1536534,NA,NA,S,0,0,139031.325,26.95,2014,70,4,5.98
107957,Active,143701,NA,NA,S,0,0,125261.7,24.99,2009,38,6.93,23.49
107958,Active,1565297,NA,NA,S,1,0,9728.7,35,2014,16,19.93,21.05
107959,Active,621476,NA,NA,S,2,1,461512.2838,51.6,2002,42,25.99,83.22
107960,Active,918807,NA,NA,S,0,0,36492.925,21.99,2008,33,6.33,7.24
107961,Active,1937458,NA,NA,S,1,0,139929.95,29.99,2012,51,4.74,11.28
107962,Active,1624802,NA,NA,S,1,0,151263.75,27.95,2014,13,10.49,12.97
107963,Active,1969828,NA,NA,S,0,0,3760.325,26,2014,12,14.81,16.98
107964,Active,1461448,NA,NA,S,0,0,22932.125,21,2007,33,9.06,9.98
107965,Active,262805,NA,NA,S,0,0,231882.7525,53.95,2011,18,33.44,0
107966,Active,127508,NA,NA,S,3,1,495340.6213,56.95,2011,44,13.77,50.13
107967,Active,1493891,NA,NA,S,0,0,421358.2825,85,2009,19,37.06,39.68
107968,Active,620419,NA,NA,S,1,0,443863.48,55,1994,67,17.15,42.15
107969,Active,3808626,NA,NA,S,0,0,114448.125,50,2016,12,34.53,29.57
107970,Active,254278,NA,NA,S,1,0,138289.4,59.95,2010,28,35.04,49.99
107971,Active,1854898,NA,NA,S,1,0,149421.3,22,2008,10,17.58,17.58
107972,Active,169472,NA,NA,S,0,0,509592.1188,292.95,2006,32,8.35,72.39
107973,Active,1627752,NA,NA,S,1,0,108510.225,39.95,2013,22,24.37,26.96
107974,Active,3731962,NA,NA,S,0,0,584866,79.99,2013,57,7.98,14.79
107975,Active,1463030,NA,NA,S,0,0,811966.005,93.94,2009,16,4,79.21
107976,Active,3629566,NA,NA,S,4,1,204533.9,11.55,2014,28,7.37,11.55
107977,Active,2276031,NA,NA,S,2,1,25954,0,2013,0,0,4.49
107978,Active,676677,NA,NA,S,0,0,3382.4,24.95,2010,29,15.98,15.99
107979,Active,2082077,NA,NA,S,0,0,44638.95,22.95,2014,15,14.23,17.21
107980,Active,2827813,NA,NA,S,0,0,380338.31,99,1996,27,21.97,63.19
107981,Active,792039,NA,NA,S,0,0,200197.925,49.99,2009,12,33.95,39.83
107982,Active,792040,NA,NA,S,0,0,185088.575,39.99,2009,11,23.99,29.27
107983,Active,2079742,NA,NA,S,0,0,15239.425,35,2015,19,20.92,20.93
107984,Active,1494955,NA,NA,S,1,0,211832.625,30,2009,30,4,15.91
107985,Active,2099602,NA,NA,S,0,0,7826.825,26,2014,36,15.79,16.17
107986,Active,2018786,NA,NA,S,0,0,64725.3,34.99,2013,11,28.7,24.67
107987,Active,911951,NA,NA,S,1,0,568329.0788,50,2006,35,9.79,33.98
107988,Active,689576,NA,NA,S,1,0,164157.25,31.95,2014,35,10.7,12.28
107989,Active,127580,NA,NA,S,1,0,161043.7,31.95,2011,30,8.49,10.99
107990,Active,674849,NA,NA,S,1,0,74709.875,25.95,2012,50,4,5
107991,Active,126035,NA,NA,S,0,0,190782.1838,60,2003,30,15.93,38.26
107992,Active,617818,NA,NA,S,1,0,678716.0088,50,2000,51,7.64,14.46
107993,Active,398788,NA,NA,S,2,1,504820.43,39.95,2008,19,26.99,29.02
107994,Active,1556278,NA,NA,S,0,0,543978.2325,46.95,2010,31,11.06,33.98
107995,Active,214320,NA,NA,S,0,0,260594.575,54,2005,24,4,35.71
107996,Active,1586848,NA,NA,S,0,0,707009.3738,34.99,2012,21,23.99,31.88
107997,Active,153800,NA,NA,S,5,1,7337.8625,111.25,2010,71,31.98,78.9
107998,Active,876869,NA,NA,S,4,1,800911.2388,58.84,1997,24,11.52,49.11
107999,Active,564969,NA,NA,S,0,0,285757.7063,44.95,2011,40,19.09,32.73
108000,Active,1692072,NA,NA,S,0,0,79997.375,26.99,2014,13,16.94,17.49
108001,Active,1558565,NA,NA,S,1,0,45318.6,39.95,2013,22,29.98,40.57
108002,Active,246621,NA,NA,S,1,0,261981.6338,44.95,2011,25,19.72,34.2
108003,Active,627914,NA,NA,S,2,1,68457.75,34.95,2012,32,18.49,29.18
108004,Active,1494169,NA,NA,S,0,0,178104,27.5,2011,12,13.95,14.98
108005,Active,127349,NA,NA,S,8,1,159592.2563,65.95,2008,36,12.5,43.99
108006,Active,556457,NA,NA,S,0,0,104345.975,29.95,2012,17,18.44,20.7
108007,Active,156522,NA,NA,S,0,0,436686.035,54.95,1996,29,14.27,36.34
108008,Active,217640,NA,NA,S,2,1,569234.445,32.95,2010,29,8.56,27.69
108009,Active,1890235,NA,NA,S,1,0,194400.6,49.95,2013,10,44.99,49.95
108010,Active,1714128,NA,NA,S,0,0,217924.65,29.95,2007,25,6.83,19.99
108011,Active,186576,NA,NA,S,1,0,559989.2638,49.95,2009,59,7.61,17.21
108012,Active,293368,NA,NA,S,6,1,210653.4,35,2010,17,8.98,26.75
108013,Active,2079699,NA,NA,S,1,0,21763.5,50,2014,19,28.46,28.47
108014,Active,1705684,NA,NA,S,1,0,67899.575,26,2007,17,17.06,14.97
108015,Active,669946,NA,NA,S,1,0,397065.6525,51,2008,57,6.49,11.47
108016,Active,906973,NA,NA,S,0,0,826066.2088,45,2004,26,5.12,28.99
108017,Active,1737209,NA,NA,S,0,0,25154.15,24.95,2007,26,17.07,19.73
108018,Active,720416,NA,NA,S,1,0,867310.1413,53,2001,34,11.92,13.99
108019,Active,675865,NA,NA,S,0,0,45820.325,24.95,2011,21,14.42,16.97
108020,Active,2338148,NA,NA,S,0,0,390705.4338,16.95,1995,41,11.47,90.33
108021,Active,125844,NA,NA,S,0,0,726388.3663,19.99,1999,58,4,12.49
108022,Active,676535,NA,NA,S,0,0,54632.6,29.95,2012,57,4.26,7.29
108023,Active,268973,NA,NA,S,0,0,37879.7675,25,2007,282,4.74,12.76
108024,Active,212072,NA,NA,S,2,1,55448.22,22,2001,130,4.49,12.24
108025,Active,3067565,NA,NA,S,3,1,638645.4113,17.95,2001,89,4,5.9
108026,Active,1988569,NA,NA,S,1,0,178873.725,24.95,2013,12,12.93,21.33
108027,Active,879163,NA,NA,S,10,1,60145.36375,144.95,2014,52,34.34,83.68
108028,Active,770358,NA,NA,S,6,1,640627.8613,47.99,2002,42,4,43.98
108029,Active,1739228,NA,NA,S,1,0,97865.05,24.95,2014,20,16.41,20.65
108030,Active,1576473,NA,NA,S,0,0,144222.275,29.95,2012,12,17.97,22.38
108031,Active,102600,NA,NA,S,0,0,4904.2025,19.99,2005,329,8.91,16.85
108032,Active,103395,NA,NA,S,0,0,78244.75,25,2010,59,8.68,13.94
108033,Active,639766,NA,NA,S,1,0,60173.2,100.5,2012,29,37.89,68.99
108034,Active,867312,NA,NA,S,0,0,683738.8063,60,2009,27,17.89,37.75
108035,Active,235114,NA,NA,S,0,0,29523.55,71.98,2005,20,58.97,65.26
108036,Active,2831770,NA,NA,S,0,0,85064.82375,7.99,1992,45,4,5.49
108037,Active,2120439,NA,NA,S,5,1,730713.0113,19.95,2014,9,51.48,433.9
108038,Active,3798373,NA,NA,S,1,0,197762.925,24.95,2012,23,8.99,37.52
108039,Active,1503910,NA,NA,S,1,0,103325.75,25.99,2009,33,4,6.46
108040,Active,631179,NA,NA,S,1,0,448109.95,47.95,2002,33,7.52,42.46
108041,Active,2786195,NA,NA,S,0,0,44244.09625,16,2002,110,6.94,9.68
108042,Active,686715,NA,NA,S,0,0,76608.6,23,2012,27,16.77,23
108043,Active,3791317,NA,NA,S,0,0,68389.35,35,2008,70,5.42,6.85
108044,Active,1946406,NA,NA,S,1,0,47729.675,36.25,2013,38,13.95,19.98
108045,Active,3746403,NA,NA,S,5,1,11544.35,0,2015,36,28.97,37.99
108046,Active,879541,NA,NA,S,6,1,63529.33875,43.99,2012,21,12.49,34.5
108047,Active,1462215,NA,NA,S,1,0,83466.8,30,2014,27,11.05,15.27
108048,Active,806441,NA,NA,S,0,0,7955.4,29.99,2009,22,12.98,12.98
108049,Active,905247,NA,NA,S,0,0,142600.65,22,2013,18,14.45,15.32
108050,Active,3801921,NA,NA,S,0,0,876059,45,2016,13,13.99,9.96
108051,Active,534737,NA,NA,S,5,1,66406.48625,99.99,2012,27,45.99,47.15
108052,Active,864170,NA,NA,S,4,1,127351.475,24.95,2012,18,18.62,19.9
108053,Active,286095,NA,NA,S,1,0,59505.275,33,2007,17,25.43,27.01
108054,Active,536030,NA,NA,S,3,1,197414.4938,75,2012,22,30.46,0
108055,Active,162670,NA,NA,S,1,0,27940.225,35,2009,29,18.38,22.97
108056,Active,555444,NA,NA,S,5,1,120825.01,94.95,2001,61,13.19,41.98
108057,Active,902890,NA,NA,S,2,1,502132.4863,69.95,2014,16,16.96,56.52
108058,Active,118863,NA,NA,S,1,0,244257.6,65.6,2010,44,8.08,44.97
108059,Active,2147505,NA,NA,S,0,0,59343.375,29.95,2014,10,31.76,22.96
108060,Active,614553,NA,NA,S,1,0,600925.7675,59.99,1997,49,4,32.76
108061,Active,673935,NA,NA,S,14,1,11978.72125,26,2008,16,23.98,23.69
108062,Active,2043484,NA,NA,S,0,0,22361.7275,15,2008,47,6.91,9.88
108063,Active,127049,NA,NA,S,1,0,54503.6,39.95,2008,31,28.82,36.47
108064,Active,3112334,NA,NA,S,0,0,597778.2613,43,1999,58,4.47,13.91
108065,Active,527045,NA,NA,S,7,1,292728.3463,220.95,2009,33,13.99,50.24
108066,Active,866719,NA,NA,S,14,1,14047.32625,234.5,2014,41,38.1,99.95
108067,Active,244386,NA,NA,S,9,1,144667.6625,92.95,2012,41,7.19,44.97
108068,Active,628654,NA,NA,S,0,0,23651.95,30,2011,21,13.6,22.28
108069,Active,294926,NA,NA,S,9,1,297574.3575,29.99,2001,61,4,10.94
108070,Active,231544,NA,NA,S,3,1,184156.955,84.95,2009,44,16.78,64.79
108071,Active,194841,NA,NA,S,0,0,256423.4488,44,2002,18,11.39,29.65
108072,Active,2000207,NA,NA,S,1,0,63430.8,22,2014,6,23.87,21.87
108073,Active,627467,NA,NA,S,0,0,146720.45,28,2009,30,11.49,20.58
108074,Active,537352,NA,NA,S,4,1,341998,59.99,2016,14,43.04,53.96
108075,Active,618424,NA,NA,S,1,0,514711.77,154.95,1993,41,4,18.99
108076,Active,1491649,NA,NA,S,1,0,229624.975,32,2008,27,7.17,18.97
108077,Active,1908819,NA,NA,S,0,0,147372.35,26.95,2010,8,31.97,24.31
108078,Active,645140,NA,NA,S,0,0,327986.605,60,2001,79,4.73,23.75
108079,Active,1617865,NA,NA,S,1,0,77624.05,27.99,2011,20,17.74,17.91
108080,Active,2328531,NA,NA,S,0,0,79997.9225,7.99,2005,154,4,7.99
108081,Active,2099524,NA,NA,S,0,0,127047.15,27.99,2014,20,5.98,5.99
108082,Active,648891,NA,NA,S,2,1,845053.69,60,2009,30,7.18,32.9
108083,Active,1946519,NA,NA,S,1,0,95207.675,34.75,2013,39,14.05,14.09
108084,Active,1627180,NA,NA,S,0,0,134220.375,32.95,2009,15,17.63,20.13
108085,Active,298430,NA,NA,S,1,0,179799.55,27,2010,23,6.57,25.72
108086,Active,121167,NA,NA,S,1,0,46663.15,111,2009,25,45.13,82.94
108087,Active,541499,NA,NA,S,2,1,565120.7388,73.95,2013,24,14.45,43.99
108088,Active,903905,NA,NA,S,1,0,178233.525,21.95,2008,21,17.4,18.71
108089,Active,573996,NA,NA,S,0,0,123250.725,24.95,2011,26,16.47,14.96
108090,Active,2063355,NA,NA,S,0,0,755126.785,40,2013,21,35.86,35.87
108091,Active,126065,NA,NA,S,4,1,108222.7,65.95,2001,102,19.29,42.7
108092,Active,622797,NA,NA,S,1,0,177435.1025,39.95,2003,39,23.94,40.93
108093,Active,718270,NA,NA,S,2,1,633486.7025,45,2000,80,4,15.99
108094,Active,2811819,NA,NA,S,1,0,729307.5288,45,1998,35,5.49,38.51
108095,Active,1437030,NA,NA,S,1,0,39974.775,22,2012,18,13.72,15.57
108096,Active,2151325,NA,NA,S,0,0,118663.375,24.95,2013,11,19.36,18.34
108097,Active,1589224,NA,NA,S,1,0,98663.8,29.99,2009,22,19.88,24.2
108098,Active,1701534,NA,NA,S,0,0,125833.225,39.95,2013,11,37.2,39.94
108099,Active,2022060,NA,NA,S,0,0,85262.2,50,2015,13,33.88,31.63
108100,Active,144784,NA,NA,S,2,1,511890.56,52.2,2004,46,4,12.98
108101,Active,1455991,NA,NA,S,6,1,342535.55,76.67,2014,14,47.49,66.6
108102,Active,1877914,NA,NA,S,0,0,41910.875,24.99,2013,17,17.94,17.94
108103,Active,3814209,NA,NA,S,0,0,118666.525,21.95,2010,22,10.23,13.53
108104,Active,3583274,NA,NA,S,0,0,142774.5,65,2009,27,29.35,33.63
108105,Active,1561066,NA,NA,S,1,0,40933,27.95,2014,33,4,11.58
108106,Active,647034,NA,NA,S,0,0,118139.3,35,2012,13,21.38,26.43
108107,Active,878072,NA,NA,S,9,1,22928.08125,69.4,2015,55,40.13,46.99
108108,Active,329732,NA,NA,S,5,1,714942.435,44.2,2003,111,4,13.97
108109,Active,288541,NA,NA,S,1,0,129462.35,50.6,2007,34,22.5,35.24
108110,Active,140203,NA,NA,S,0,0,116413.175,28,2010,49,13.81,19.5
108111,Active,2274506,NA,NA,S,0,0,97733.1,26.8,2010,13,17.39,29.09
108112,Active,126203,NA,NA,S,1,0,9187.76625,19.99,2000,49,12.08,13.58
108113,Active,574004,NA,NA,S,0,0,221203.225,24.95,2012,26,15.81,18.97
108114,Active,131259,NA,NA,S,7,1,374639.3575,69,1999,51,4,15
108115,Active,920643,NA,NA,S,1,0,832999.555,43.54,1997,46,3.99,43.25
108116,Active,1576345,NA,NA,S,0,0,165010.6825,24.95,2010,31,9.76,18.56
108117,Active,526296,NA,NA,S,2,1,731902.6488,14.99,2008,24,8.23,49.97
108118,Active,874806,NA,NA,S,13,1,82570.61875,76.95,2014,60,11.76,30
108119,Active,2081166,NA,NA,S,0,0,140646.5,28.95,2009,14,26.77,28.95
108120,Active,2083697,NA,NA,S,0,0,7275.72375,12.99,2013,21,5.94,9.55
108121,Active,3779865,NA,NA,S,4,1,255195.3,14.88,1900,8,16.3,14.79
108122,Active,276679,NA,NA,S,0,0,744583.9975,42.95,2001,61,4,17.93
108123,Active,474753,NA,NA,S,1,0,72345.525,24.95,2012,20,12.45,20.66
108124,Active,879588,NA,NA,S,5,1,378342.3238,90.31,2011,31,7.08,47.71
108125,Active,3960172,NA,NA,S,1,0,37231.25,27.95,2016,14,18.85,18.93
108126,Active,2104367,NA,NA,S,0,0,89440.225,26,2015,14,18.81,19.91
108127,Active,295180,NA,NA,S,1,0,521023.185,47.5,2004,25,13.49,32.69
108128,Active,1479658,NA,NA,S,1,0,38304.3,29.95,2014,18,22.09,22.09
108129,Active,2004434,NA,NA,S,2,1,766888.8888,19.95,2011,16,21.39,44.31
108130,Active,1694895,NA,NA,S,1,0,72139.675,26,2014,39,4.8,7.85
108131,Active,1583241,NA,NA,S,1,0,421484.9875,39.99,2012,19,33.97,36.46
108132,Active,1939174,NA,NA,S,0,0,203925.825,50,2013,16,19.74,33.15
108133,Active,2232686,NA,NA,S,0,0,71341.2,49,2014,18,39.18,44.97
108134,Active,1768580,NA,NA,S,1,0,87348.925,32.99,2013,20,27.29,26.75
108135,Active,220328,NA,NA,S,2,1,571739.3275,28.47,2001,75,4,0
108136,Active,1584691,NA,NA,S,1,0,760902.0075,39.99,2011,18,32.81,33.58
108137,Active,1714161,NA,NA,S,3,1,1257191.574,8.45,2007,24,4,13.99
108138,Active,3718973,NA,NA,S,13,1,192281.075,0,2015,45,23.69,25.64
108139,Active,1767974,NA,NA,S,1,0,148573.2438,32.99,2013,18,23.63,24.42
108140,Active,542165,NA,NA,S,1,0,65515.515,34.99,2008,33,23.98,25.96
108141,Active,1767808,NA,NA,S,1,0,271017.2813,29.99,2013,21,26.82,25.44
108142,Active,1583960,NA,NA,S,1,0,65689.65125,34.99,2011,31,23.2,31.33
108143,Active,174390,NA,NA,S,0,0,151454.2613,39.99,2005,39,19.83,31.97
108144,Active,128569,NA,NA,S,1,0,52692.45,76.95,2002,26,42.14,41.25
108145,Active,685309,NA,NA,S,1,0,22854.7,29.95,2013,22,20.1,20.27
108146,Active,794299,NA,NA,S,1,0,606392.46,59.95,2008,18,16.21,51.12
108147,Active,3548080,NA,NA,S,1,0,48160.275,28.95,2013,67,7.56,12.96
108148,Active,1464708,NA,NA,S,1,0,188066.925,20.95,2013,35,4.64,7.9
108149,Active,1716129,NA,NA,S,0,0,114782.775,27.95,2014,6,27.32,25.16
108150,Active,1598482,NA,NA,S,0,0,10742.85,30,2015,23,18.99,18.45
108151,Active,3284666,NA,NA,S,1,0,364356.5113,68.44,2001,23,39.46,78.58
108152,Active,614137,NA,NA,S,1,0,27657.3,32.95,2014,45,17.96,21.16
108153,Active,1746598,NA,NA,S,1,0,133925.925,34.95,2009,19,14.27,16.24
108154,Active,3104475,NA,NA,S,2,1,107719.55,39.95,2005,10,38.99,45.53
108155,Active,2056577,NA,NA,S,0,0,602613.3075,25,2009,15,16.93,19.49
108156,Active,481328,NA,NA,S,0,0,108447.925,34.99,2011,28,22.99,25.9
108157,Active,867562,NA,NA,S,0,0,72397.1475,54.99,2014,18,33.63,35.19
108158,Active,1463218,NA,NA,S,0,0,57851.675,21.95,2015,13,22.75,21.51
108159,Active,278735,NA,NA,S,1,0,245005.8138,24.99,2004,49,5.98,8.48
108160,Active,2049536,NA,NA,S,0,0,56910.175,26.95,2015,17,14.19,16.62
108161,Active,129261,NA,NA,S,1,0,439382.7125,38.95,2009,20,25.79,30.01
108162,Active,1624095,NA,NA,S,0,0,164627.5,26,2012,14,16.22,16.37
108163,Active,106594,NA,NA,S,1,0,174661.6,25,2007,54,3.98,6.27
108164,Active,749746,NA,NA,S,1,0,122332.85,25.95,2008,41,4,15.47
108165,Active,1508596,NA,NA,S,0,0,113627.6,26,2013,37,4,5.95
108166,Active,2143126,NA,NA,S,3,1,27665.8,35,2011,12,25.21,25.53
108167,Active,639718,NA,NA,S,0,0,137661.075,35,2013,18,12.73,21.08
108168,Active,3523333,NA,NA,S,1,0,148728.35,25,2008,49,4,14.4
108169,Active,2010571,NA,NA,S,0,0,106014.45,28.95,2008,22,16.72,25.7
108170,Active,2804868,NA,NA,S,0,0,380662.145,24.95,1991,34,4.98,28.1
108171,Active,573447,NA,NA,S,0,0,74055.2525,16.95,1997,181,4,7.19
108172,Active,3048097,NA,NA,S,2,1,540156.5463,14.95,2015,23,6.95,142.77
108173,Active,2661416,NA,NA,S,0,0,589135.9075,47.5,1993,51,16.99,37.17
108174,Active,899419,NA,NA,S,0,0,567950.3288,24.97,2008,17,17.95,24.97
108175,Active,1710622,NA,NA,S,0,0,619007.665,75,2011,20,14.99,59.09
108176,Active,1491216,NA,NA,S,0,0,152295.675,29.95,2013,19,21.48,21.51
108177,Active,1523736,NA,NA,S,0,0,13147.85,23,2011,22,13.78,16.25
108178,Active,1970157,NA,NA,S,0,0,148246.475,29.99,2014,50,4,4
108179,Active,2648283,NA,NA,S,0,0,274638.0838,52.95,1997,24,11.99,39.96
108180,Active,1473508,NA,NA,S,1,0,163204.9,27.95,2009,25,11.98,21.73
108181,Active,1587313,NA,NA,S,1,0,889519.615,49.99,2006,23,4.63,24.57
108182,Active,1970185,NA,NA,S,0,0,108191.75,25,2014,36,4,4.47
108183,Active,635685,NA,NA,S,1,0,125976.775,40.46,2012,22,18.01,18.08
108184,Active,701291,NA,NA,S,1,0,217866.25,40,2009,19,26.79,29.02
108185,Active,627478,NA,NA,S,1,0,77588.4,39.99,2009,34,10.47,15.98
108186,Active,1848523,NA,NA,S,2,1,185881.45,29.95,2012,20,16.87,22.55
108187,Active,565950,NA,NA,S,2,1,75249.81375,179.25,2006,46,46.32,91.35
108188,Active,906713,NA,NA,S,3,1,326312.2763,58,2011,24,35.94,47.68
108189,Active,1981971,NA,NA,S,4,1,98394.82,19.95,2013,31,14.94,19.94
108190,Active,3960199,NA,NA,S,1,0,37571.95,23,2015,44,4,8.48
108191,Active,1969905,NA,NA,S,0,0,73499.15,30,2014,41,4.72,5.98
108192,Active,2897262,NA,NA,S,0,0,27733.48625,28.95,1996,52,15.46,22.15
108193,Active,619405,NA,NA,S,0,0,18880.725,22.25,2007,28,12.7,20.26
108194,Active,2114214,NA,NA,S,0,0,69701.975,29.95,2014,10,19.8,19.81
108195,Active,3745662,NA,NA,S,0,0,232814.325,26.99,2012,16,20.44,19.69
108196,Active,525091,NA,NA,S,0,0,37357.725,24.95,2011,29,15.15,16.76
108197,Active,3804690,NA,NA,S,2,1,15681.225,29,2015,9,25.95,28.99
108198,Active,3623131,NA,NA,S,3,1,33626.75,27.75,2014,19,28.55,27.51
108199,Active,1497742,NA,NA,S,0,0,95114.625,22.99,2007,22,15.37,16.23
108200,Active,104372,NA,NA,S,0,0,812156.14,84.95,1996,17,15.5,61.55
108201,Active,1484349,NA,NA,S,1,0,107317.45,45,2012,22,14.53,23.99
108202,Active,3485476,NA,NA,S,7,1,77401.025,150.67,2012,67,21.34,83.99
108203,Active,1483006,NA,NA,S,7,1,291796.98,159.33,2012,39,33.1,119.73
108204,Active,1451919,NA,NA,S,1,0,66433.825,45.32,2014,19,21.79,34.84
108205,Active,2606828,NA,NA,S,0,0,531399.13,54.99,1997,21,8.79,52.01
108206,Active,1607042,NA,NA,S,0,0,36949.225,21,2007,31,14.97,15.35
108207,Active,806142,NA,NA,S,0,0,112252.5,26.95,2012,56,7.25,11.69
108208,Active,3509893,NA,NA,S,50,1,35262.05,24.99,2012,31,4.39,16.25
108209,Active,843808,NA,NA,S,2,1,656670.4025,15.16,1985,26,4.98,99.81
108210,Active,880578,NA,NA,S,8,1,1139.14625,84.75,2014,96,44.96,55.98
108211,Active,1946666,NA,NA,S,8,1,30222.7225,104.25,2014,38,46.35,58.96
108212,Active,879643,NA,NA,S,5,1,48692.85,148.25,2015,43,48.99,72.35
108213,Active,2203748,NA,NA,S,0,0,537063.9775,24.95,2013,16,5.7,28.06
108214,Active,546692,NA,NA,S,0,0,55445.275,29.95,2010,15,23.99,23.1
108215,Active,1815342,NA,NA,S,1,0,14282.125,29.99,2014,24,15.97,17.62
108216,Active,686551,NA,NA,S,0,0,27856.15,24.99,2013,37,11.66,15.83
108217,Active,1434004,NA,NA,S,0,0,104252.3,29.99,2014,23,4.27,17.01
108218,Active,1431817,NA,NA,S,0,0,22663.35,24.99,2009,24,13.53,13.94
108219,Active,2082728,NA,NA,S,0,0,11979.525,21.99,2014,10,20.8,34.41
108220,Active,2162816,NA,NA,S,0,0,139424.675,44.95,2010,11,27.49,28.94
108221,Active,598436,NA,NA,S,1,0,432527.2263,45,2009,21,25.98,35.06
108222,Active,233182,NA,NA,S,0,0,641495.27,40.95,1997,28,5.11,0
108223,Active,2058450,NA,NA,S,0,0,62648.45,25,2014,40,8.61,10.73
108224,Active,296703,NA,NA,S,0,0,504263.0725,14.95,1998,120,3.94,0
108225,Active,2021301,NA,NA,S,0,0,70362.1,35,2008,34,11.84,14.96
108226,Active,2172785,NA,NA,S,0,0,134159.225,40,2012,7,37.69,135.95
108227,Active,533193,NA,NA,S,5,1,659818.0713,14.95,2012,20,23.72,0
108228,Active,598781,NA,NA,S,1,0,816473.1175,74.99,2010,18,15.81,0
108229,Active,655565,NA,NA,S,1,0,111603.7,56.95,2011,22,43.74,44.22
108230,Active,248915,NA,NA,S,1,0,455274.9275,126,2008,40,22.94,0
108231,Active,194024,NA,NA,S,1,0,751698.0188,69,2005,31,16.73,0
108232,Active,790519,NA,NA,S,1,0,526410.6525,37.5,1999,38,4.99,55.98
108233,Active,906674,NA,NA,S,0,0,281005.335,14.95,2008,35,4,0
108234,Active,1942906,NA,NA,S,0,0,41387.025,28,2014,19,11.85,11.75
108235,Active,2171183,NA,NA,S,1,0,17406.7,39.95,2014,18,28.35,24.92
108236,Active,3594721,NA,NA,S,0,0,25261.3,45,2016,13,28.98,31.72
108237,Active,3833644,NA,NA,S,0,0,379916.1,220.51,2003,23,9.49,63.09
108238,Active,215936,NA,NA,S,0,0,358656.7875,19.95,2007,28,5.91,0
108239,Active,2155772,NA,NA,S,1,0,107465.475,23.95,2010,11,19.15,22.99
108240,Active,2050726,NA,NA,S,0,0,30284.525,24.99,2008,45,4.64,15.96
108241,Active,268874,NA,NA,S,0,0,562418.9325,12.95,2007,43,4,0
108242,Active,534172,NA,NA,S,0,0,92262.745,55,2010,13,41.32,0
108243,Active,3549493,NA,NA,S,0,0,78954.7,21,2007,69,8.49,18.43
108244,Active,540350,NA,NA,S,0,0,740135.3888,47,1992,21,4.39,0
108245,Active,228974,NA,NA,S,0,0,439116.4625,16,2007,51,6.82,0
108246,Active,881512,NA,NA,S,2,1,22599.5175,19.95,2015,33,13.98,19.77
108247,Active,2460441,NA,NA,S,0,0,113715.2775,22,2004,27,4.68,14.35
108248,Active,1455011,NA,NA,S,8,1,25069.57,209.95,2014,57,19.99,75.08
108249,Active,537125,NA,NA,S,8,1,62822.20625,205.8,2012,79,15.2,95.58
108250,Active,877168,NA,NA,S,11,1,242749,72.23,2003,16,27.44,61.72
108251,Active,887076,NA,NA,S,7,1,822076.5425,281.95,2014,13,17.89,281.95
108252,Active,664596,NA,NA,S,7,1,1801.085,284.95,2014,134,42.79,98.99
108253,Active,1822328,NA,NA,S,6,1,206608.9513,50.99,2014,20,31.99,36.44
108254,Active,809057,NA,NA,S,2,1,11782.245,228,2014,74,22.13,62.86
108255,Active,878510,NA,NA,S,2,1,443564.3188,54.1,2011,61,7.77,42.98
108256,Active,646933,NA,NA,S,12,1,57407.81625,143.25,2013,83,42.8,73.51
108257,Active,429390,NA,NA,S,0,0,616998.79,29.95,2013,27,5.76,0
108258,Active,2158057,NA,NA,S,0,0,14031.775,31.99,2011,17,17.29,22.25
108259,Active,3526657,NA,NA,S,3,1,228490.425,21.95,2013,25,12.79,13.01
108260,Active,2585432,NA,NA,S,0,0,103744.3025,30.95,1985,98,4,28.99
108261,Active,2104365,NA,NA,S,0,0,35738.075,24,2015,13,17.39,17.06
108262,Active,187725,NA,NA,S,0,0,674352.3863,17.95,2000,65,4,0
108263,Active,573409,NA,NA,S,0,0,121552.5988,15.95,1992,53,4.77,0
108264,Active,130872,NA,NA,S,11,1,121440.6175,171.4,2011,61,39.35,126.87
108265,Active,500180,NA,NA,S,0,0,409837.8875,26,2011,38,4,0
108266,Active,1675239,NA,NA,S,1,0,102041.55,34.99,2015,13,28.03,27.86
108267,Active,573545,NA,NA,S,0,0,120783.7338,15.99,1996,132,4,0
108268,Active,129416,NA,NA,S,0,0,450051.5163,26.95,2010,25,10.38,0
108269,Active,559544,NA,NA,S,0,0,658127.8788,20,2001,53,4,0
108270,Active,254130,NA,NA,S,2,1,105386.64,155.95,2011,35,49.03,65.34
108271,Active,581530,NA,NA,S,0,0,465177.1538,29.95,2006,16,17.83,0
108272,Active,210285,NA,NA,S,0,0,578129.3088,18,2005,51,4,0
108273,Active,241868,NA,NA,S,0,0,215237.1725,18,1998,30,6.04,0
108274,Active,298927,NA,NA,S,0,0,136778.7375,30,2011,82,4,0
108275,Active,562701,NA,NA,S,0,0,131408.965,21,1992,45,6.96,0
108276,Active,580141,NA,NA,S,0,0,494676.3825,27.95,1978,39,9.34,0
108277,Active,1869155,NA,NA,S,0,0,52251.775,29.95,2013,20,19.08,20.62
108278,Active,1694152,NA,NA,S,0,0,508965.3513,130,2008,26,20.63,85.01
108279,Active,2070336,NA,NA,S,0,0,440497.8763,27.99,2009,11,37.42,34.6
108280,Active,277082,NA,NA,S,0,0,551825.71,15.95,2000,26,13.48,0
108281,Active,622726,NA,NA,S,0,0,101253.9338,57.75,2007,28,18.67,33.36
108282,Active,628029,NA,NA,S,0,0,474077.34,94.5,2011,34,13.41,0
108283,Active,1452721,NA,NA,S,0,0,106620.65,84.12,2014,13,36.67,86.59
108284,Active,613537,NA,NA,S,0,0,236782.64,94.5,2007,138,4,0
108285,Active,1452719,NA,NA,S,0,0,161783.825,55.38,2014,9,33.62,35.98
108286,Active,1452720,NA,NA,S,0,0,139343.325,95.85,2013,30,34.33,36.99
108287,Active,881598,NA,NA,S,1,0,93187.72625,28.1,2012,17,17.98,27.46
108288,Active,536126,NA,NA,S,0,0,16499.1525,15,1990,155,4.01,0
108289,Active,206696,NA,NA,S,0,0,378632.3863,34.99,2003,46,4.56,0
108290,Active,577852,NA,NA,S,0,0,339066.88,22.95,2005,92,4,0
108291,Active,208801,NA,NA,S,0,0,221194.755,27.95,2006,32,18.36,0
108292,Active,652429,NA,NA,S,2,1,269197.3863,59.95,2013,60,12.55,38.97
108293,Active,1433312,NA,NA,S,0,0,127917.975,27.99,2014,24,9.68,10.08
108294,Active,916163,NA,NA,S,1,0,710970.9425,40,2007,32,7.56,0
108295,Active,299699,NA,NA,S,5,1,471900.345,97.95,1999,35,17.19,97.95
108296,Active,2363842,NA,NA,S,0,0,354244.6188,66.5,1990,20,14.93,76.98
108297,Active,2226049,NA,NA,S,3,1,31379.225,25.43,2011,10,26.22,24.37
108298,Active,119631,NA,NA,S,1,0,425290.9313,116.6,1995,40,43.94,0
108299,Active,567811,NA,NA,S,0,0,657316.6363,19.95,1990,70,4,0
108300,Active,1918539,NA,NA,S,0,0,39630,24.99,2015,15,14.26,16.87
108301,Active,1866658,NA,NA,S,1,0,170877.55,24.95,2012,34,7.78,18.95
108302,Active,2121051,NA,NA,S,0,0,74208.1,25.95,2013,13,18.38,17.05
108303,Active,558852,NA,NA,S,0,0,392257.9513,25,1983,46,4.47,0
108304,Active,245119,NA,NA,S,1,0,677398.3513,96.95,2004,46,4,13.99
108305,Active,483391,NA,NA,S,1,0,302690.3275,110,2007,19,37.38,0
108306,Active,646109,NA,NA,S,0,0,144484,40,2012,18,21.84,31.47
108307,Active,2782921,NA,NA,S,0,0,643709.93,27,1999,36,6.39,20.99
108308,Active,534194,NA,NA,S,0,0,861917.0838,75.53,2009,43,4,0
108309,Active,2015749,NA,NA,S,0,0,7549.225,23.5,2011,39,15.97,17.49
108310,Active,918170,NA,NA,S,1,0,472229.1925,55.5,1997,47,4,14.97
108311,Active,864978,NA,NA,S,2,1,216943.265,43.5,2013,31,14.25,28.84
108312,Active,663982,NA,NA,S,2,1,659839.5963,50,2013,21,18.78,0
108313,Active,594439,NA,NA,S,0,0,348140.6763,11.98,2009,15,4,0
108314,Active,298300,NA,NA,S,0,0,85514.23,38.95,2010,22,32.49,0
108315,Active,679473,NA,NA,S,0,0,178573.9,29.5,2009,34,10.23,19.99
108316,Active,148952,NA,NA,S,0,0,245730.6975,32.5,2008,35,16.6,0
108317,Active,1938929,NA,NA,S,1,0,177065.1,34.95,2014,25,14.94,29.58
108318,Active,801909,NA,NA,S,0,0,178140.7,31.95,2009,16,18.84,28.04
108319,Active,1708577,NA,NA,S,0,0,179278.35,24.95,2012,17,20.05,20.66
108320,Active,690051,NA,NA,S,0,0,93029.9,25,2013,17,12.59,23.22
108321,Active,609877,NA,NA,S,8,1,230374.6125,129,2013,39,17.54,50.98
108322,Active,271077,NA,NA,S,4,1,144741.645,37,2010,37,18.59,27.04
108323,Active,867081,NA,NA,S,3,1,67399.2475,60,2014,26,32.24,46.93
108324,Active,795605,NA,NA,S,1,0,153438.45,34.95,2012,15,17.12,21.94
108325,Active,174737,NA,NA,S,2,1,742046.1638,42.5,1998,58,4,0
108326,Active,865515,NA,NA,S,0,0,102389.6225,24.95,2014,28,6.49,0
108327,Active,1753226,NA,NA,S,3,1,70828.025,22.95,2010,14,13.48,15.69
108328,Active,2103075,NA,NA,S,1,0,24074.35,25,2014,39,11.98,13.6
108329,Active,565274,NA,NA,S,0,0,527167.1788,18,1998,85,4,0
108330,Active,1701565,NA,NA,S,0,0,118349.15,33.95,2013,19,23.71,33.94
108331,Active,3561191,NA,NA,S,0,0,488121.6,59.99,1997,35,9.02,36.52
108332,Active,153731,NA,NA,S,0,0,186544.0675,29.95,1998,33,14.01,0
108333,Active,869962,NA,NA,S,1,0,805148.6913,60,1999,18,17.81,67.41
108334,Active,1688034,NA,NA,S,1,0,706684.7413,43.95,2006,18,17.14,35.27
108335,Active,602251,NA,NA,S,0,0,226858.7938,16,1993,127,4,0
108336,Active,3960068,NA,NA,S,1,0,19937.875,29.99,2015,16,19.73,19.47
108337,Active,1826322,NA,NA,S,2,1,545628.2188,99.95,2013,51,15.93,46.36
108338,Active,2655674,NA,NA,S,1,0,462794.8625,41.35,2004,40,4,12.39
108339,Active,685930,NA,NA,S,1,0,76039.85,24.99,2013,19,15.59,16.99
108340,Active,124011,NA,NA,S,1,0,644597.3813,104.95,2005,27,4.03,0
108341,Active,1520206,NA,NA,S,0,0,152869.575,30.63,2011,12,26.45,28.76
108342,Active,586149,NA,NA,S,0,0,489708.71,16.95,1995,32,4,0
108343,Active,148965,NA,NA,S,0,0,45343.44875,23.13,2009,51,7.14,0
108344,Active,617128,NA,NA,S,1,0,745216.2563,60,2012,61,4.11,6.44
108345,Active,750074,NA,NA,S,1,0,149943.125,24.95,2008,43,4,6.99
108346,Active,1748379,NA,NA,S,1,0,62386.85,21.95,2008,15,19.46,21.94
108347,Active,228422,NA,NA,S,0,0,404336.3213,23.95,2004,187,3.98,0
108348,Active,500982,NA,NA,S,0,0,546264.7938,13.95,2010,38,2.65,0
108349,Active,569064,NA,NA,S,0,0,624918.8513,34.99,2007,23,11.86,0
108350,Active,285396,NA,NA,S,13,1,47098.965,338.75,2010,66,19.98,49.43
108351,Active,898608,NA,NA,S,0,0,16549.66125,6.95,2013,21,6.41,0
108352,Active,545104,NA,NA,S,0,0,18768.445,6.95,2011,24,6.14,0
108353,Active,658427,NA,NA,S,6,1,694938.9675,130,2010,8,16.14,12.99
108354,Active,1780111,NA,NA,S,1,0,4183.025,34.99,2014,14,20.99,18.47
108355,Active,278905,NA,NA,S,0,0,696404.3588,19.95,2004,24,4,0
108356,Active,449521,NA,NA,S,2,1,266236.4863,85,2006,29,17.39,0
108357,Active,118981,NA,NA,S,1,0,95381.1075,97.2,2010,39,24.84,67.83
108358,Active,1981676,NA,NA,S,1,0,106123.25,39.99,2013,9,31.99,36.97
108359,Active,2257589,NA,NA,S,4,1,291644.05,53.99,2011,23,13.9,50.13
108360,Active,916637,NA,NA,S,4,1,777612.905,138.95,2011,51,4,41.34
108361,Active,200879,NA,NA,S,5,1,273864.705,18.99,2007,71,4,0
108362,Active,565922,NA,NA,S,2,1,693356.0825,95,2009,35,11.61,59.62
108363,Active,243269,NA,NA,S,0,0,445201.1775,75,2011,17,24.89,0
108364,Active,121900,NA,NA,S,3,1,578801.6275,147.2,2003,31,16.55,0
108365,Active,148278,NA,NA,S,3,1,877143.2713,224.95,2004,40,4,13.99
108366,Active,308014,NA,NA,S,0,0,664440.9763,22,2003,47,4.15,0
108367,Active,919124,NA,NA,S,0,0,244477.9388,16.95,2006,38,4,0
108368,Active,628687,NA,NA,S,0,0,67958.45,44.95,2010,22,28.84,28.98
108369,Active,243641,NA,NA,S,0,0,884409.0613,47,2007,21,7,0
108370,Active,598746,NA,NA,S,0,0,496556.5713,4.95,2003,19,5.97,0
108371,Active,136474,NA,NA,S,2,1,677929.6288,23.53,1999,32,5.39,11.89
108372,Active,878130,NA,NA,S,11,1,166634.295,237.5,2013,33,12.14,102.69
108373,Active,587783,NA,NA,S,9,1,592215.8288,104.25,2011,13,25.19,0
108374,Active,220736,NA,NA,S,0,0,369175.215,9.99,1998,74,4,0
108375,Active,201427,NA,NA,S,0,0,641565.8625,14.99,2000,41,4,0
108376,Active,584619,NA,NA,S,0,0,552234.7875,9.95,2000,56,3.96,0
108377,Active,533154,NA,NA,S,5,1,410431.7125,16.99,2009,56,4,0
108378,Active,763325,NA,NA,S,2,1,56284.6,0,1900,10,6.3,0
108379,Active,535843,NA,NA,S,5,1,8651.705,347.25,2012,91,23.1,60.85
108380,Active,3743359,NA,NA,S,1,0,106476.025,49.99,2015,26,27.09,32.04
108381,Active,2105001,NA,NA,S,0,0,49244.725,39.99,2013,14,23.99,24.99
108382,Active,3829959,NA,NA,S,0,0,86374.725,42.99,2015,12,30,29.99
108383,Active,591445,NA,NA,S,0,0,518609.9038,14.95,2007,32,4,0
108384,Active,3623847,NA,NA,S,3,1,205824.9,24.99,2015,15,15.44,23.87
108385,Active,2105004,NA,NA,S,0,0,20339,29.99,2013,24,21.53,23.98
108386,Active,265134,NA,NA,S,2,1,411220.2363,39.95,2007,26,3.99,0
108387,Active,2066908,NA,NA,S,2,1,390066.84,69.95,2014,13,44.99,51.94
108388,Active,1756275,NA,NA,S,4,1,384492.0588,32.95,2012,17,31.7,32.95
108389,Active,1567839,NA,NA,S,1,0,219206.1,45,2008,21,29.54,36.98
108390,Active,1730962,NA,NA,S,0,0,114655.475,36.95,2011,12,23.69,32.98
108391,Active,186259,NA,NA,S,0,0,115851.3875,23.5,1999,56,4,0
108392,Active,559437,NA,NA,S,0,0,330386.0075,18.95,1999,38,4.69,0
108393,Active,619783,NA,NA,S,1,0,127685.25,38,2010,22,28.94,33.98
108394,Active,622650,NA,NA,S,1,0,21145.8,38,2010,29,13.98,38
108395,Active,1506362,NA,NA,S,1,0,50308.2,38,2014,23,18.44,35.99
108396,Active,562634,NA,NA,S,0,0,236604.1025,16,2007,129,4,0
108397,Active,905340,NA,NA,S,0,0,651571.2763,22,2008,29,8.16,0
108398,Active,2110042,NA,NA,S,0,0,89150.275,23.95,2010,27,12.99,14.97
108399,Active,246770,NA,NA,S,3,1,98416.11875,49.95,2011,35,19.08,28.27
108400,Active,135504,NA,NA,S,0,0,638006.73,47.95,2007,31,11.61,0
108401,Active,259836,NA,NA,S,0,0,600223.91,92,2001,31,9.69,0
108402,Active,157904,NA,NA,S,0,0,497531.7188,49.95,1999,24,29.87,0
108403,Active,1576632,NA,NA,S,0,0,312573.3738,34.95,2013,30,22.26,23.71
108404,Active,158506,NA,NA,S,0,0,9364.69,6.99,2002,190,4,0
108405,Active,218298,NA,NA,S,0,0,754875.62,25,2009,27,5.91,0
108406,Active,1833576,NA,NA,S,0,0,81380.4,22.99,2012,39,6.17,6.89
108407,Active,188303,NA,NA,S,0,0,358608.3263,26,1998,27,9.85,0
108408,Active,751735,NA,NA,S,1,0,37152.25,29.95,2009,22,7.31,17.43
108409,Active,263988,NA,NA,S,0,0,57212.71375,27.99,2007,99,6.17,0
108410,Active,687314,NA,NA,S,0,0,33755.575,29.99,2013,21,17.56,21.07
108411,Active,574852,NA,NA,S,0,0,619707.2138,16.95,2003,63,4,0
108412,Active,194209,NA,NA,S,0,0,71188.48125,24.95,2011,52,9.56,0
108413,Active,642169,NA,NA,S,1,0,60617.325,70,2012,14,46.75,55.33
108414,Active,546780,NA,NA,S,9,1,15605.33375,46.99,2013,70,18.24,33.91
108415,Active,3743879,NA,NA,S,1,0,185638.7,99.99,2015,28,40.99,46.51
108416,Active,266234,NA,NA,S,4,1,6956.6175,75.99,2013,69,34.26,55.99
108417,Active,2090495,NA,NA,S,0,0,139047.525,35,2013,11,19.98,23.49
108418,Active,2083999,NA,NA,S,0,0,32442.775,48.99,2013,12,29.26,29.26
108419,Active,103346,NA,NA,S,0,0,19152.52625,23.99,2009,595,4,0
108420,Active,1870783,NA,NA,S,0,0,15567.05,30,2015,17,18.87,17.19
108421,Active,249345,NA,NA,S,0,0,23149.1125,9.99,2007,268,3.9,0
108422,Active,1628320,NA,NA,S,1,0,1065.575,21.99,2014,17,18.65,18.98
108423,Active,1619278,NA,NA,S,0,0,744494.8125,34.95,2012,17,9.85,50.85
108424,Active,625540,NA,NA,S,5,1,618790.3738,72.35,1994,38,4,52.07
108425,Active,557252,NA,NA,S,1,0,699160.4875,119.8,2006,33,6.43,0
108426,Active,483034,NA,NA,S,0,0,177819.2988,19.95,2008,38,9.08,0
108427,Active,202511,NA,NA,S,1,0,334174.8025,69.25,2001,23,8.24,0
108428,Active,597113,NA,NA,S,0,0,762089.0413,19.95,2006,27,6.01,0
108429,Active,648420,NA,NA,S,1,0,477648.0363,43.95,1994,51,27.22,23.99
108430,Active,2397051,NA,NA,S,7,1,336718.8163,70.95,1995,51,3.93,12.74
108431,Active,241145,NA,NA,S,11,1,153065.7363,29.95,2006,63,4.49,0
108432,Active,110479,NA,NA,S,5,1,62554.82625,185.25,2007,88,35.99,71.38
108433,Active,867896,NA,NA,S,3,1,22791.92875,60.5,2014,53,33.6,42.99
108434,Active,597368,NA,NA,S,0,0,534590.3675,16.99,2002,64,4,0
108435,Active,548575,NA,NA,S,0,0,508765.815,29.95,2005,34,6.17,0
108436,Active,137133,NA,NA,S,0,0,217264.5438,25,2006,29,8.93,0
108437,Active,158849,NA,NA,S,0,0,550141.5138,22.99,2002,105,4,0
108438,Active,248055,NA,NA,S,2,1,406590.865,31.95,2009,19,19.87,0
108439,Active,679898,NA,NA,S,0,0,122848.025,29.95,2011,20,10.88,14.77
108440,Active,865273,NA,NA,S,3,1,472378.915,43.4,2011,39,9.93,29.93
108441,Active,396746,NA,NA,S,0,0,611549.985,20,2002,56,4,0
108442,Active,3743919,NA,NA,S,0,0,111715,41.99,2016,12,35.73,38.51
108443,Active,274896,NA,NA,S,0,0,183884.7363,14.95,2003,92,4,0
108444,Active,269391,NA,NA,S,0,0,491274.5525,13.95,2005,40,4,0
108445,Active,615737,NA,NA,S,0,0,594156.6663,65.95,2005,51,4.72,17.99
108446,Active,3471593,NA,NA,S,1,0,88465.025,59.95,2015,12,55.71,45.51
108447,Active,544243,NA,NA,S,3,1,470913.3213,54.95,2013,28,13.49,42.93
108448,Active,893041,NA,NA,S,4,1,87271.4025,43.5,2015,24,22.93,33.91
108449,Active,253622,NA,NA,S,0,0,610833.7488,36.95,2011,19,24.69,0
108450,Active,208879,NA,NA,S,0,0,103740.9175,22.95,1998,61,5.1,0
108451,Active,2018770,NA,NA,S,0,0,105612.8,29.99,2012,7,12.86,12.81
108452,Active,1891522,NA,NA,S,1,0,35119.45,29.95,2012,7,25.89,22.69
108453,Active,625373,NA,NA,S,0,0,481937.7263,34.95,2007,34,9.98,92.81
108454,Active,300458,NA,NA,S,2,1,142748.4313,19.95,2010,26,8.89,0
108455,Active,367364,NA,NA,S,0,0,535242.4063,32.5,1996,50,4,0
108456,Active,565926,NA,NA,S,0,0,575051.8125,46.95,2008,18,18.78,0
108457,Active,864563,NA,NA,S,6,1,47043.39125,86.4,2014,47,43.68,65.13
108458,Active,263797,NA,NA,S,0,0,226825.9075,24.95,2008,24,11.53,0
108459,Active,1720387,NA,NA,S,1,0,453376.87,55,2006,33,9.24,36.36
108460,Active,1720901,NA,NA,S,0,0,77045.675,24,2008,11,13.97,11.38
108461,Active,218824,NA,NA,S,0,0,864719.9825,45,2009,22,11.99,0
108462,Active,295097,NA,NA,S,0,0,56416.19125,15,2010,183,4,0
108463,Active,2040346,NA,NA,S,2,1,551739.6388,55,2007,34,8.89,42.99
108464,Active,1691880,NA,NA,S,0,0,36085.05,22.99,2014,15,17.32,16.83
108465,Active,160422,NA,NA,S,0,0,73896.665,17,2003,65,6.64,0
108466,Active,3468007,NA,NA,S,1,0,41546.3,50,2016,13,41.08,43.71
108467,Active,294751,NA,NA,S,0,0,350272.2413,27.95,2007,50,4,0
108468,Active,227384,NA,NA,S,0,0,760437.13,19,2009,52,3.99,0
108469,Active,232191,NA,NA,S,2,1,253049.255,33,2008,22,30.47,93.99
108470,Active,122609,NA,NA,S,0,0,285779.945,16,2008,44,4.99,0
108471,Active,912437,NA,NA,S,5,1,291943.36,8.99,1987,23,11.62,27.12
108472,Active,2608707,NA,NA,S,0,0,694135.9725,59.99,1999,23,17.49,52.35
108473,Active,272042,NA,NA,S,0,0,305697.9738,26.95,2009,30,8.49,0
108474,Active,1734550,NA,NA,S,0,0,41198.525,32.99,2007,16,26.08,26.5
108475,Active,543534,NA,NA,S,0,0,239598.0113,6.99,2008,15,6.98,0
108476,Active,554446,NA,NA,S,0,0,395359.88,15,2004,44,4,0
108477,Active,1734544,NA,NA,S,0,0,28644.5,39.99,2007,17,28.8,28.8
108478,Active,215054,NA,NA,S,0,0,223926.8375,16,2010,41,4,0
108479,Active,130291,NA,NA,S,0,0,474434.7863,41.95,2002,22,12.67,0
108480,Active,186271,NA,NA,S,0,0,328560.8738,32,1998,49,4,0
108481,Active,544840,NA,NA,S,0,0,77493.0275,20,2005,46,6.23,0
108482,Active,119181,NA,NA,S,8,1,22536.19625,146.2,2011,37,41.48,78.99
108483,Active,2299640,NA,NA,S,0,0,47756,67.94,1900,13,40.92,41.18
108484,Active,636072,NA,NA,S,1,0,371732.1525,207.95,2012,37,15.48,38.99
108485,Active,558246,NA,NA,S,0,0,605368.4638,30,1997,78,4,0
108486,Active,228395,NA,NA,S,0,0,251908.7613,11.95,1999,57,4,0
108487,Active,675159,NA,NA,S,2,1,356728.4913,22.95,2001,52,4,0
108488,Active,1627828,NA,NA,S,0,0,53101.35,24.95,2014,15,20.97,18.97
108489,Active,675391,NA,NA,S,1,0,65413.45,25.95,2007,38,21.79,32.88
108490,Active,563588,NA,NA,S,0,0,469578.6938,21.95,2011,28,10.47,0
108491,Active,139934,NA,NA,S,0,0,524271.5138,14.95,2007,45,4,0
108492,Active,233503,NA,NA,S,0,0,137184.6925,46,2007,22,23.72,0
108493,Active,140252,NA,NA,S,0,0,196400.9425,34.95,2001,71,4.83,0
108494,Active,2077864,NA,NA,S,0,0,81034.225,24.95,2014,16,13.74,13.74
108495,Active,2368893,NA,NA,S,0,0,524382.435,44.3,2002,31,7.99,48.94
108496,Active,256343,NA,NA,S,1,0,438333.8638,39.95,2010,34,17.94,0
108497,Active,3733941,NA,NA,S,3,1,40602,69.95,2016,12,48.98,47.42
108498,Active,601412,NA,NA,S,0,0,687169.7675,29.95,2002,41,4,0
108499,Active,546294,NA,NA,S,0,0,63244.825,14.95,2008,99,4,0
108500,Active,3795703,NA,NA,S,1,0,715703.95,45,2005,51,8.26,17.28
108501,Active,294691,NA,NA,S,0,0,631392.8488,27.95,2001,25,3.98,0
108502,Active,1753630,NA,NA,S,1,0,44499.575,24.95,2010,21,15.98,18.7
108503,Active,3107818,NA,NA,S,0,0,5660.725,27.99,2015,56,10.72,13.26
108504,Active,1738689,NA,NA,S,5,1,13204.825,20.95,2011,16,18.99,18.06
108505,Active,239120,NA,NA,S,4,1,667150.98,18.95,2007,38,4,0
108506,Active,915734,NA,NA,S,8,1,109258.0138,53.95,2014,46,51.14,78.6
108507,Active,691237,NA,NA,S,0,0,113727.25,26.95,2011,15,26.83,26.95
108508,Active,764678,NA,NA,S,2,1,110571.0113,242.95,2002,58,8.74,27.01
108509,Active,1935471,NA,NA,S,1,0,75920.575,79,2015,13,41.03,41.03
108510,Active,107972,NA,NA,S,5,1,231658.8625,84.59,2003,44,17.01,58.84
108511,Active,886660,NA,NA,S,5,1,186741.6788,59.95,2013,17,25.41,53.54
108512,Active,544469,NA,NA,S,9,1,71942.6625,181.95,2013,55,49.62,63.37
108513,Active,188249,NA,NA,S,4,1,196701.1113,20,1997,37,10.98,0
108514,Active,592812,NA,NA,S,6,1,652535.8313,182,2010,83,8.99,13.73
108515,Active,245126,NA,NA,S,1,0,105864.0938,147.95,2008,50,33.44,0
108516,Active,867313,NA,NA,S,2,1,52793.72625,35,2014,28,15.07,17.99
108517,Active,265958,NA,NA,S,1,0,560527.235,45,2005,31,4.92,0
108518,Active,913910,NA,NA,S,2,1,350460.3988,129,2014,36,14.4,76.76
108519,Active,643510,NA,NA,S,6,1,504450.5263,193.95,2007,18,13.98,19.75
108520,Active,538704,NA,NA,S,5,1,351812.555,145.25,2013,70,11.85,22.99
108521,Active,255778,NA,NA,S,1,0,375918.15,77.95,2009,55,34.99,0
108522,Active,2046486,NA,NA,S,0,0,80771.925,21.5,2015,14,14.99,15.21
108523,Active,3504451,NA,NA,S,4,1,1891,43.95,2016,31,28.94,33.67
108524,Active,672786,NA,NA,S,0,0,26219.59125,17.95,2013,57,8.46,0
108525,Active,146647,NA,NA,S,1,0,174511.3738,54.99,2011,37,7.5,0
108526,Active,541756,NA,NA,S,0,0,303601.6263,44.99,2011,19,13.17,0
108527,Active,625642,NA,NA,S,1,0,68140.5175,59.99,2012,52,13.14,35.76
108528,Active,3473268,NA,NA,S,1,0,4464.1,79.99,2015,10,57.55,40.8
108529,Active,145354,NA,NA,S,1,0,687492.6988,54.99,2006,33,4,11.99
108530,Active,540580,NA,NA,S,1,0,706801.145,59.99,2010,34,7.51,29.88
108531,Active,163097,NA,NA,S,2,1,167402.725,39.99,2010,77,4.2,15.94
108532,Active,329914,NA,NA,S,0,0,836907.7063,54.99,2010,62,4,0
108533,Active,653281,NA,NA,S,1,0,796864.9863,64.99,2013,25,15.7,42.1
108534,Active,3474282,NA,NA,S,1,0,51731.45,59.99,2015,66,36.73,36.73
108535,Active,610228,NA,NA,S,0,0,500765.3075,83.95,2013,18,21.59,0
108536,Active,543062,NA,NA,S,0,0,464046.2088,39.99,2012,27,4.72,0
108537,Active,528430,NA,NA,S,1,0,722713.0425,95.95,2010,72,4,9.98
108538,Active,540708,NA,NA,S,1,0,512483.0275,59.99,2012,61,4.48,35.88
108539,Active,533092,NA,NA,S,1,0,811561.9925,75.95,2012,24,10.39,43.99
108540,Active,652264,NA,NA,S,1,0,183873.3563,59.99,2013,49,8.64,17.11
108541,Active,1455627,NA,NA,S,1,0,3687.75,79.99,2014,9,43.81,43.8
108542,Active,920211,NA,NA,S,0,0,288612.1138,22.95,2001,45,5.23,0
108543,Active,632032,NA,NA,S,1,0,21004.405,59.99,2013,83,11.86,16.97
108544,Active,145911,NA,NA,S,0,0,246357.8475,29.99,2008,31,4,0
108545,Active,644550,NA,NA,S,1,0,852193.01,64.99,2012,33,16.91,42.55
108546,Active,533091,NA,NA,S,1,0,529326.415,78.95,2012,30,16.19,62.42
108547,Active,534159,NA,NA,S,0,0,668476.375,49.99,2010,45,4,0
108548,Active,1455625,NA,NA,S,1,0,8632.90625,79.99,2014,23,47.86,53.68
108549,Active,533090,NA,NA,S,0,0,617916.1288,24.99,2008,28,4,0
108550,Active,639827,NA,NA,S,0,0,167883.1825,49.99,2012,48,5.48,0
108551,Active,629176,NA,NA,S,1,0,182812.45,34.99,2012,43,6.61,20.67
108552,Active,1456135,NA,NA,S,1,0,8224.45,79.99,2015,12,49.99,46.99
108553,Active,3474375,NA,NA,S,1,0,238915.725,69.99,2015,11,31.06,39.52
108554,Active,630497,NA,NA,S,1,0,25130.35,59.99,2013,98,13.44,27.35
108555,Active,145121,NA,NA,S,1,0,617514.1263,54.99,2005,184,4,8.94
108556,Active,3474274,NA,NA,S,1,0,1402.075,59.99,2015,51,36.34,36.03
108557,Active,646906,NA,NA,S,1,0,92690.775,39.99,2013,18,24.99,26.25
108558,Active,181995,NA,NA,S,0,0,815439.0263,49.99,2007,73,4,0
108559,Active,135646,NA,NA,S,0,0,660536.6913,49.95,2009,40,4,0
108560,Active,766376,NA,NA,S,1,0,647051.8375,158.95,2010,35,6.94,51.09
108561,Active,533086,NA,NA,S,0,0,379007.8013,54.95,2010,50,7.98,0
108562,Active,534168,NA,NA,S,1,0,508730.2888,49.99,2010,70,4,0
108563,Active,644613,NA,NA,S,0,0,509200.4538,157.95,2012,32,24.99,0
108564,Active,540257,NA,NA,S,1,0,217468.13,59.95,2012,76,6.58,31.98
108565,Active,686689,NA,NA,S,1,0,100430.8,24.99,2012,30,9.44,9.46
108566,Active,667789,NA,NA,S,1,0,5552.725,49.99,2011,9,29.23,33.84
108567,Active,146835,NA,NA,S,1,0,517796.675,44.99,2011,38,4,0
108568,Active,1517077,NA,NA,S,1,0,5019.275,49.99,2012,8,38.52,48.13
108569,Active,629963,NA,NA,S,1,0,381888.2875,44.95,2011,54,4.48,13.56
108570,Active,540692,NA,NA,S,1,0,532386.2488,54.99,2012,82,4,0
108571,Active,860576,NA,NA,S,1,0,893117.665,64.99,2012,23,15.23,0
108572,Active,881373,NA,NA,S,1,0,5547.4,64.99,2014,7,38.53,38.32
108573,Active,2152258,NA,NA,S,0,0,32068.875,46.95,2015,12,35.99,43.29
108574,Active,540674,NA,NA,S,1,0,873936.6188,54.99,2011,27,6.98,0
108575,Active,639661,NA,NA,S,1,0,54980.56,64.99,2013,63,13.93,35.29
108576,Active,1455628,NA,NA,S,1,0,4690.13375,79.99,2014,40,12.99,44.24
108577,Active,108502,NA,NA,S,10,1,445085.9725,98.5,2004,61,4,11.98
108578,Active,637966,NA,NA,S,1,0,173629.9,64.95,2008,18,43.64,54.09
108579,Active,644639,NA,NA,S,1,0,168234.775,32,2012,31,19.65,28.79
108580,Active,612236,NA,NA,S,9,1,267849.7138,64,2013,35,7.81,46.73
108581,Active,643900,NA,NA,S,1,0,799764.4825,56.95,2010,18,13.19,36.18
108582,Active,564230,NA,NA,S,0,0,111781.7288,15.95,2006,101,4,0
108583,Active,641427,NA,NA,S,0,0,105767.7,31.88,2010,18,21.99,18.99
108584,Active,562935,NA,NA,S,0,0,57063.99,27,1992,75,6.52,0
108585,Active,300420,NA,NA,S,3,1,165635.8688,17.99,2009,36,6.17,0
108586,Active,229407,NA,NA,S,0,0,319643.3025,19.99,2004,68,4,0
108587,Active,444269,NA,NA,S,0,0,258372.885,11.99,2005,22,4.93,0
108588,Active,689084,NA,NA,S,0,0,182180.9738,28,2013,17,18.13,0
108589,Active,1738320,NA,NA,S,0,0,156354.5,35.95,2008,12,22.98,35.94
108590,Active,1715773,NA,NA,S,0,0,159412.625,25.95,2011,11,14.57,12.67
108591,Active,2052803,NA,NA,S,0,0,80568.35,49.95,2013,4,33.99,38.98
108592,Active,254394,NA,NA,S,4,1,506231.5888,26.95,2011,47,4,14.99
108593,Active,232724,NA,NA,S,0,0,3603.5275,15.95,1995,41,8.64,0
108594,Active,584410,NA,NA,S,1,0,329722.08,65,1991,29,4.97,0
108595,Active,652370,NA,NA,S,2,1,275078.9775,103.95,2013,27,33.67,85.93
108596,Active,875239,NA,NA,S,6,1,823428.25,55.4,2007,26,14.64,55.4
108597,Active,596887,NA,NA,S,0,0,440230.4713,29.95,2008,33,5.97,0
108598,Active,287123,NA,NA,S,1,0,329487.125,39.95,2008,27,20.4,0
108599,Active,579058,NA,NA,S,0,0,303105.4975,76,1994,26,9.66,0
108600,Active,867382,NA,NA,S,7,1,24231.31625,100,2014,28,55,63.94
108601,Active,3635076,NA,NA,S,5,1,113487,60,2016,15,44.97,50.68
108602,Active,1762972,NA,NA,S,0,0,80774,24.95,2014,18,12.97,16.21
108603,Active,1718344,NA,NA,S,1,0,122732.5,69,2013,9,28.42,58.98
108604,Active,3623037,NA,NA,S,1,0,236984.175,28,2012,22,4,27.98
108605,Active,1830613,NA,NA,S,0,0,142086.4,24.95,2007,25,4.89,28.62
108606,Active,868689,NA,NA,S,2,1,127978.745,195.46,2013,40,26.73,161.93
108607,Active,2097794,NA,NA,S,2,1,212945.375,0,2014,27,29.59,46.95
108608,Active,603331,NA,NA,S,0,0,366395.1425,84.95,2010,24,15.19,0
108609,Active,265845,NA,NA,S,0,0,203391.4413,20,2002,35,8.96,0
108610,Active,431601,NA,NA,S,0,0,417174.85,53,2003,21,17.76,0
108611,Active,2583060,NA,NA,S,2,1,442774.4925,22.95,1989,61,5.19,11.48
108612,Active,551945,NA,NA,S,1,0,246429.3,116.6,2001,25,46.97,0
108613,Active,567292,NA,NA,S,0,0,536875.8813,24.95,2011,23,10.49,0
108614,Active,567227,NA,NA,S,0,0,330177.3588,29.95,2006,24,15.94,0
108615,Active,2246789,NA,NA,S,0,0,161210.55,30,2014,13,18.86,20.49
108616,Active,130225,NA,NA,S,5,1,277226.6788,116.6,2002,39,16.15,83.03
108617,Active,106539,NA,NA,S,0,0,338636.5363,24,2007,49,6.49,0
108618,Active,169032,NA,NA,S,0,0,68884.35,29.95,1995,36,10.16,0
108619,Active,584652,NA,NA,S,0,0,130171.0813,25.95,1998,114,4.06,18.74
108620,Active,2153949,NA,NA,S,0,0,43317.55,24.95,2010,7,16.55,17.46
108621,Active,367085,NA,NA,S,1,0,676544.9813,57.99,2000,38,4.64,0
108622,Active,2099536,NA,NA,S,0,0,86596.425,26.99,2015,16,6.57,6.57
108623,Active,2150695,NA,NA,S,1,0,201237.7,34.95,2011,17,21.04,22.16
108624,Active,1982023,NA,NA,S,0,0,93656.05,42,2013,13,34.53,34.59
108625,Active,135399,NA,NA,S,0,0,428949.1725,40,2009,20,29.91,0
108626,Active,549147,NA,NA,S,1,0,684481.4813,133.75,1992,32,4,0
108627,Active,243614,NA,NA,S,1,0,128219.225,137.35,2007,13,33.95,275.37
108628,Active,115294,NA,NA,S,1,0,588931.9013,162.8,2002,41,9.2,0
108629,Active,862544,NA,NA,S,2,1,436766.7963,20,1991,56,8.32,50.89
108630,Active,2875266,NA,NA,S,2,1,403416.5225,6.95,1989,24,33.87,363.93
108631,Active,677215,NA,NA,S,4,1,89128.26875,25,1978,47,10.19,132.87
108632,Active,3786731,NA,NA,S,0,0,530354.75,69.95,2001,37,35.15,48.46
108633,Active,758902,NA,NA,S,8,1,788857.855,172.88,1999,28,6.99,123.87
108634,Active,778750,NA,NA,S,4,1,449845.71,251.95,2009,22,24.88,38.99
108635,Active,2226043,NA,NA,S,10,1,238560.7763,47.95,2011,10,21.49,32.48
108636,Active,194170,NA,NA,S,1,0,557747.7525,92,2009,36,27.29,0
108637,Active,168913,NA,NA,S,0,0,778629.3088,17.95,2007,26,11.98,0
108638,Active,683417,NA,NA,S,0,0,55606.8,24.95,2009,19,17.39,17.95
108639,Active,649451,NA,NA,S,1,0,39263.725,30,2013,19,18.87,19.64
108640,Active,211293,NA,NA,S,1,0,517469.8638,125,1999,34,7.99,0
108641,Active,246209,NA,NA,S,1,0,351162.5275,110.95,2003,29,17.85,0
108642,Active,241377,NA,NA,S,0,0,267656.6863,32.95,1997,27,29.49,0
108643,Active,279593,NA,NA,S,0,0,250060.5538,24,2011,55,8.39,0
108644,Active,175287,NA,NA,S,0,0,522721.0363,20.25,2007,19,13.23,0
108645,Active,1519005,NA,NA,S,5,1,6192.33875,84.95,2015,35,50.43,68.98
108646,Active,1739405,NA,NA,S,0,0,71368.475,55,2007,12,54.99,55
108647,Active,2277048,NA,NA,S,9,1,179930.35,0,2013,0,0,14.48
108648,Active,189812,NA,NA,S,0,0,220672.8875,115,2003,60,10.94,0
108649,Active,2115223,NA,NA,S,2,1,447819.215,27.95,2015,11,23.74,25.95
108650,Active,2153074,NA,NA,S,1,0,150533.825,39.95,2013,12,38.55,31.57
108651,Active,629965,NA,NA,S,1,0,829268.3363,59.99,2011,25,13.58,0
108652,Active,2146582,NA,NA,S,0,0,158140.325,22.95,2008,14,17.8,17.58
108653,Active,865929,NA,NA,S,2,1,27454.825,23.95,2008,39,11.77,16.7
108654,Active,547915,NA,NA,S,0,0,897696.5125,179,1999,72,4.34,38.94
108655,Active,846425,NA,NA,S,0,0,488011.5263,150.52,1993,26,44.49,77.99
108656,Active,622280,NA,NA,S,1,0,860735.655,172.8,2012,35,6.34,52.83
108657,Active,1619432,NA,NA,S,0,0,135373.175,24.95,2012,8,25.48,23.85
108658,Active,256007,NA,NA,S,1,0,535190.2975,65,2010,20,23.85,0
108659,Active,194169,NA,NA,S,1,0,585242.0025,92,2011,25,42.63,0
108660,Active,152449,NA,NA,S,5,1,52970.68875,59.95,2010,41,20.82,34.61
108661,Active,200478,NA,NA,S,1,0,83051.09625,133.95,2009,40,33.09,0
108662,Active,2008750,NA,NA,S,4,1,85536.75,2526.76,2012,5,33.99,33.88
108663,Active,1452363,NA,NA,S,0,0,64699.25,0,2011,23,32.99,51.81
108664,Active,391452,NA,NA,S,0,0,643800.1988,14.95,2007,18,4.25,0
108665,Active,396952,NA,NA,S,0,0,159397.8088,74.95,2005,45,6.08,0
108666,Active,133089,NA,NA,S,1,0,158551.9725,73.95,2011,34,27.72,0
108667,Active,1994695,NA,NA,S,1,0,97357.075,39,2014,9,38.14,37.52
108668,Active,501872,NA,NA,S,0,0,150218.9,25,2010,16,13.88,0
108669,Active,138227,NA,NA,S,0,0,282186.495,40,2003,25,18.98,0
108670,Active,1620686,NA,NA,S,1,0,165149.5,25.99,2014,14,27.3,23.39
108671,Active,2165921,NA,NA,S,0,0,52309.7,39.95,2014,11,26.1,25.17
108672,Active,139177,NA,NA,S,0,0,288587.59,62,2007,23,18.99,0
108673,Active,358346,NA,NA,S,0,0,149991.0013,16.99,1996,71,4,0
108674,Active,549299,NA,NA,S,0,0,375008.0513,37.34,1994,63,4,0
108675,Active,131680,NA,NA,S,1,0,886707.7488,68.4,2004,27,11.47,0
108676,Active,163905,NA,NA,S,2,1,120118.57,21.95,1997,45,8.48,0
108677,Active,549582,NA,NA,S,0,0,628110.015,20,2004,62,4,0
108678,Active,1758767,NA,NA,S,0,0,65232.2,69.95,2013,18,40.59,59.35
108679,Active,1691444,NA,NA,S,3,1,42042.55,24.99,2013,16,18.49,18
108680,Active,632169,NA,NA,S,1,0,14157.425,35,2012,41,18.94,21.72
108681,Active,1920506,NA,NA,S,1,0,78301.625,22,2013,10,19.93,19.6
108682,Active,2048258,NA,NA,S,0,0,205286.575,24.95,2011,26,7.06,15.89
108683,Active,656034,NA,NA,S,2,1,661236.495,168,2012,25,16.39,0
108684,Active,129957,NA,NA,S,1,0,547728.5938,54.99,2001,30,4.4,0
108685,Active,118652,NA,NA,S,5,1,69737.82125,155.4,2011,37,7.52,125.77
108686,Active,1618294,NA,NA,S,0,0,130044,25,2011,16,17.37,25
108687,Active,690882,NA,NA,S,2,1,56919.80875,20,2011,43,6.54,18.37
108688,Active,631284,NA,NA,S,19,1,130455.9588,139.95,2013,69,5.49,33.98
108689,Active,1973354,NA,NA,S,0,0,209154.825,29.95,2012,13,23.14,24.07
108690,Active,597846,NA,NA,S,0,0,226826.59,39.99,2010,22,12.19,0
108691,Active,678500,NA,NA,S,0,0,80503.3,27.95,2009,45,4.31,14.25
108692,Active,495929,NA,NA,S,0,0,726551.5425,9.99,2008,42,4,0
108693,Active,546519,NA,NA,S,4,1,13451.025,16.5,2009,33,11.98,13.2
108694,Active,265444,NA,NA,S,0,0,390837.0113,14.95,2006,21,8.3,0
108695,Active,534403,NA,NA,S,0,0,49374.63125,27.99,2008,44,6.73,0
108696,Active,1498856,NA,NA,S,0,0,7210.1,29.99,2014,15,17.94,17.96
108697,Active,1498857,NA,NA,S,0,0,47503.7,31.99,2014,16,8.9,8.92
108698,Active,865541,NA,NA,S,0,0,1183.44375,29.99,2013,33,15.05,18.24
108699,Active,906531,NA,NA,S,0,0,20551.515,24.99,2013,21,10.66,0
108700,Active,1498958,NA,NA,S,0,0,27061.5,34.99,2014,14,21.2,21.21
108701,Active,899170,NA,NA,S,1,0,571779.5188,53.75,2003,24,11.07,41.49
108702,Active,194112,NA,NA,S,1,0,362404.1863,39,2007,38,15.48,0
108703,Active,3824752,NA,NA,S,7,1,385146,24.95,2016,19,15.61,17.03
108704,Active,1866696,NA,NA,S,0,0,27763.7,35,2014,15,23.42,23.59
108705,Active,3571450,NA,NA,S,4,1,115499.325,29.95,2008,46,16.99,33.73
108706,Active,172313,NA,NA,S,0,0,783859.4625,26.95,2011,37,5.03,0
108707,Active,1780995,NA,NA,S,1,0,213914,24.99,2015,14,17.44,16.93
108708,Active,599851,NA,NA,S,0,0,164689.2338,12.99,2009,108,4,0
108709,Active,2102412,NA,NA,S,0,0,75473.725,21.99,2014,32,8.15,9.98
108710,Active,3825278,NA,NA,S,1,0,771657.6,24.99,2014,15,23.97,24.66
108711,Active,2396419,NA,NA,S,0,0,276886.7,81,1983,33,12.72,48.99
108712,Active,1517314,NA,NA,S,1,0,215755.175,29.99,2013,11,20.94,20.73
108713,Active,2877751,NA,NA,S,2,1,102261.1938,29.99,2004,28,6.14,27.14
108714,Active,2111695,NA,NA,S,0,0,182431.6,24.95,2014,16,15.51,16.98
108715,Active,1780991,NA,NA,S,1,0,31662.45,24.99,2014,20,16.2,16.64
108716,Active,140539,NA,NA,S,0,0,390301.9338,16.99,2006,112,4,0
108717,Active,1781278,NA,NA,S,2,1,40699.30875,24.99,2015,18,17.11,16.85
108718,Active,284558,NA,NA,S,0,0,536599.3588,106.45,1996,111,4.47,0
108719,Active,121404,NA,NA,S,2,1,595794.5388,78,1998,44,4.12,34.85
108720,Active,115316,NA,NA,S,3,1,857507.365,74,2001,39,4,4.99
108721,Active,2034073,NA,NA,S,0,0,55784.575,27.95,2013,39,12.71,13.98
108722,Active,594597,NA,NA,S,0,0,736938.395,24,2010,12,16.94,0
108723,Active,298577,NA,NA,S,0,0,44921.11375,32,2009,56,11.99,0
108724,Active,598926,NA,NA,S,0,0,260197.1863,22.95,2003,34,7.45,0
108725,Active,3509707,NA,NA,S,2,1,60564.45,28,2013,20,13.38,19.16
108726,Active,2162929,NA,NA,S,0,0,32914.575,24.95,2010,16,19.91,19.3
108727,Active,244064,NA,NA,S,1,0,528963.3188,47.95,2011,26,5.97,0
108728,Active,879445,NA,NA,S,10,1,214272.6363,46.73,2014,17,40.01,49.99
108729,Active,545211,NA,NA,S,3,1,157040.9763,49.95,2010,34,10.66,0
108730,Active,276043,NA,NA,S,0,0,417151.3775,80,2009,41,5.73,0
108731,Active,321040,NA,NA,S,0,0,729481.0238,11.95,2010,35,6.15,0
108732,Active,263786,NA,NA,S,0,0,866605.5013,50,2006,40,4.33,0
108733,Active,642485,NA,NA,S,0,0,88505.1,62.2,2004,28,9.01,11.71
108734,Active,543803,NA,NA,S,9,1,34834.80125,377.95,2013,57,41.99,174.19
108735,Active,657418,NA,NA,S,0,0,384730.8775,39.95,1998,32,72.26,133.39
108736,Active,564970,NA,NA,S,1,0,313232.4925,87.95,2012,23,42.94,0
108737,Active,127170,NA,NA,S,0,0,222969.9363,13.95,2007,60,8.65,0
108738,Active,137167,NA,NA,S,1,0,150700.8025,24.95,2004,74,7.58,0
108739,Active,683618,NA,NA,S,1,0,43140.25,27.5,2012,24,17.87,19.94
108740,Active,176684,NA,NA,S,1,0,92901.0875,176.95,2000,43,47.99,0
108741,Active,1939009,NA,NA,S,1,0,82087.6,34.95,2013,9,36.96,31.09
108742,Active,619613,NA,NA,S,1,0,364351.1413,149.95,1994,29,4.19,70.64
108743,Active,573067,NA,NA,S,2,1,236540.87,44,1967,38,6.43,0
108744,Active,2027666,NA,NA,S,0,0,235275.475,36.95,2013,11,29.99,36.95
108745,Active,533037,NA,NA,S,6,1,759166.9138,99.95,2012,36,5.24,56
108746,Active,299231,NA,NA,S,0,0,217072.5025,29.95,2001,22,13.98,0
108747,Active,2098759,NA,NA,S,0,0,33925.825,24.95,2012,20,17.14,18.75
108748,Active,542352,NA,NA,S,1,0,48911.945,64.94,2010,43,33.5,0
108749,Active,182364,NA,NA,S,0,0,167428.705,139.1,2008,32,19.16,0
108750,Active,253878,NA,NA,S,1,0,395599.7875,188.95,2011,26,27.24,0
108751,Active,3550384,NA,NA,S,0,0,105462.5,26,2009,21,22.39,23.49
108752,Active,536703,NA,NA,S,0,0,175904.8025,10,1969,252,4,0
108753,Active,565531,NA,NA,S,0,0,57389.135,5.95,2004,39,4,0
108754,Active,806738,NA,NA,S,0,0,60002.85,27.99,2011,26,4.57,17.26
108755,Active,3601262,NA,NA,S,0,0,103924.45,34,2009,19,29.98,30.99
108756,Active,1895958,NA,NA,S,0,0,85644.2,26.64,2013,11,29.21,24.97
108757,Active,2161403,NA,NA,S,1,0,57284.025,40,2011,22,14.99,15.47
108758,Active,3157249,NA,NA,S,0,0,474683.8613,59.99,2005,25,14.98,26.94
108759,Active,219311,NA,NA,S,0,0,231078.7325,27.5,1998,29,12.72,0
108760,Active,911602,NA,NA,S,0,0,135414.2563,17.95,2007,29,12.05,0
108761,Active,575306,NA,NA,S,2,1,709936.0388,44,2010,20,18.88,0
108762,Active,555101,NA,NA,S,1,0,177100.115,49.99,1987,32,4.82,0
108763,Active,184294,NA,NA,S,1,0,166220.1838,68.95,1998,30,13.99,0
108764,Active,184242,NA,NA,S,1,0,213641.275,56.95,1997,31,11.32,0
108765,Active,1494325,NA,NA,S,0,0,131881.125,30,2013,18,12.69,14.98
108766,Active,765874,NA,NA,S,1,0,230859.1438,188.95,2003,38,18.74,53.99
108767,Active,261398,NA,NA,S,0,0,211737.3113,30,2002,27,12.91,0
108768,Active,555977,NA,NA,S,0,0,357706.6363,88.75,1998,28,33.01,0
108769,Active,1494370,NA,NA,S,0,0,107219.425,40,2012,17,21.34,22.46
108770,Active,3831222,NA,NA,S,0,0,199831.15,49.95,2013,15,21.96,22.92
108771,Active,153751,NA,NA,S,0,0,310459.2025,45,2003,26,13.97,0
108772,Active,221039,NA,NA,S,0,0,792185.7138,23.95,2006,18,20.98,0
108773,Active,134322,NA,NA,S,0,0,491342.0088,29,2000,32,7.96,0
108774,Active,1480678,NA,NA,S,1,0,217506.9,24.95,2014,23,13.49,24.99
108775,Active,618766,NA,NA,S,0,0,747921.535,44.95,2003,46,5.96,20.99
108776,Active,261830,NA,NA,S,0,0,695428.4525,22.99,1997,33,4,0
108777,Active,228306,NA,NA,S,0,0,512701.2275,55.75,2003,13,4.94,0
108778,Active,1717036,NA,NA,S,1,0,180566.25,26,2015,14,22.46,22.06
108779,Active,909933,NA,NA,S,0,0,53735.275,24.95,2014,23,19.86,20.22
108780,Active,3067602,NA,NA,S,2,1,100791.025,21.95,2005,152,4,8.97
108781,Active,726400,NA,NA,S,2,1,687110.97,70,2002,24,12.98,46.93
108782,Active,190148,NA,NA,S,0,0,267931.5825,29.95,2010,49,7.9,0
108783,Active,207225,NA,NA,S,0,0,630915.06,12.95,2005,64,4,0
108784,Active,1736868,NA,NA,S,4,1,23921.175,22.95,2007,21,13.49,16.41
108785,Active,174134,NA,NA,S,0,0,447296.4963,49.99,1996,29,4.98,0
108786,Active,555751,NA,NA,S,0,0,189496.9875,24.95,2010,47,8.24,0
108787,Active,127452,NA,NA,S,2,1,223524.47,24.95,2010,57,11.96,0
108788,Active,2450733,NA,NA,S,0,0,344063.5013,60,1993,30,5.87,29.99
108789,Active,172262,NA,NA,S,0,0,477769.7175,34.95,2009,22,7.18,0
108790,Active,292600,NA,NA,S,0,0,37825.0275,20,1999,110,5.19,0
108791,Active,543209,NA,NA,S,0,0,416721.3425,60,2006,19,6.49,0
108792,Active,136058,NA,NA,S,3,1,629384.7738,26,1995,68,4,0
108793,Active,265527,NA,NA,S,0,0,303378.9788,21.99,2010,64,4.4,0
108794,Active,238507,NA,NA,S,0,0,350668.2188,39.95,1997,26,18.19,0
108795,Active,1479916,NA,NA,S,1,0,88139.175,76.95,2014,21,38.08,63.8
108796,Active,188202,NA,NA,S,0,0,271845.765,28.99,1995,61,4,0
108797,Active,1480141,NA,NA,S,1,0,197569.225,29.95,2014,17,26.19,30.8
108798,Active,175195,NA,NA,S,0,0,34205.235,27.99,2002,55,7.98,0
108799,Active,546734,NA,NA,S,3,1,155257.3425,82,2012,45,17.99,45.13
108800,Active,591559,NA,NA,S,0,0,527124.0463,38,2006,53,4.72,0
108801,Active,2030780,NA,NA,S,0,0,210568.825,26.5,2009,26,13.33,26.47
108802,Active,585330,NA,NA,S,0,0,299407.6938,33,2000,16,25.43,0
108803,Active,585331,NA,NA,S,0,0,603000.9563,40,2001,29,10.98,0
108804,Active,136092,NA,NA,S,0,0,486879.97,25.95,1999,46,4.04,0
108805,Active,598034,NA,NA,S,0,0,388007.0875,22.95,2011,27,7.97,0
108806,Active,176010,NA,NA,S,0,0,187953.3313,49.99,2002,32,27.49,0
108807,Active,247681,NA,NA,S,0,0,345644.9013,70,2007,21,18.94,0
108808,Active,562781,NA,NA,S,0,0,370202.4125,19.95,1999,30,6.93,0
108809,Active,1489494,NA,NA,S,1,0,134207.15,23,2008,11,18.04,17.87
108810,Active,263340,NA,NA,S,0,0,67446.39375,31.95,2001,31,17.41,0
108811,Active,3026677,NA,NA,S,2,1,597352.5888,58,1999,23,9.1,53.99
108812,Active,583799,NA,NA,S,0,0,429626.7925,46.99,2001,59,3.85,0
108813,Active,714367,NA,NA,S,1,0,197795.425,100.2,2004,27,19.74,89.49
108814,Active,115321,NA,NA,S,1,0,344842.9538,95.2,2004,32,10.55,0
108815,Active,178431,NA,NA,S,0,0,692184.4863,71.2,1996,25,5.33,0
108816,Active,3529165,NA,NA,S,1,0,195944,32.99,2015,15,30.11,30.3
108817,Active,220904,NA,NA,S,2,1,46126.81875,29.95,2000,16,27.45,0
108818,Active,654740,NA,NA,S,0,0,87635.1175,24.95,2008,21,29.32,24.95
108819,Active,566474,NA,NA,S,0,0,276042.5488,21.95,2000,50,4,0
108820,Active,2601436,NA,NA,S,0,0,576452.4413,59.99,1994,49,10.3,26.77
108821,Active,1697989,NA,NA,S,0,0,140005.425,24.95,2015,14,18.67,18.67
108822,Active,656433,NA,NA,S,1,0,716145.0263,42.95,2009,42,7.98,29.44
108823,Active,232801,NA,NA,S,3,1,523488.9938,25.95,2009,26,5.83,0
108824,Active,195037,NA,NA,S,0,0,724023.05,55.95,2005,51,4,0
108825,Active,170324,NA,NA,S,3,1,102929.0038,29.95,2003,42,7.36,0
108826,Active,2600928,NA,NA,S,1,0,184699.2288,64.99,1994,40,4.88,26.97
108827,Active,567063,NA,NA,S,0,0,479273.5275,15.95,1971,81,4,0
108828,Active,546475,NA,NA,S,2,1,81104.50375,23.5,2011,28,17.23,0
108829,Active,565172,NA,NA,S,0,0,605237.5688,38.5,1987,23,4,0
108830,Active,172385,NA,NA,S,0,0,162256.2963,29.99,2001,26,22.96,0
108831,Active,217513,NA,NA,S,0,0,335630.8575,32.95,1999,27,17.29,0
108832,Active,676719,NA,NA,S,0,0,192474.2975,28.99,1988,41,7.72,0
108833,Active,245939,NA,NA,S,0,0,362444.6475,43,2005,45,13.55,0
108834,Active,1572382,NA,NA,S,0,0,602851.9163,12.95,2011,25,5.93,10.46
108835,Active,124606,NA,NA,S,0,0,196374.8875,11.95,2007,56,6.38,0
108836,Active,3107411,NA,NA,S,7,1,11902.2975,19.95,2004,16,14.72,15.17
108837,Active,184277,NA,NA,S,1,0,431576.6938,67.95,1998,29,8.19,0
108838,Active,718796,NA,NA,S,1,0,406775.7313,47.95,2004,25,4.98,24.22
108839,Active,194796,NA,NA,S,0,0,487427.4313,49.95,2001,26,36.85,0
108840,Active,2039836,NA,NA,S,1,0,101227.35,25,2013,18,17.92,17.85
108841,Active,580645,NA,NA,S,0,0,242909.2263,52,1997,30,14.59,0
108842,Active,1589100,NA,NA,S,1,0,701395.9413,44.99,2008,26,4,28.97
108843,Active,609927,NA,NA,S,6,1,13770.54,162.6,2013,59,47.69,118.81
108844,Active,168502,NA,NA,S,0,0,30629.46,3,1997,108,4,0
108845,Active,596705,NA,NA,S,0,0,267587.1063,45.95,1991,24,9.47,0
108846,Active,920997,NA,NA,S,0,0,553424.0463,15.95,1991,54,4,0
108847,Active,160820,NA,NA,S,2,1,285214.0825,18,1998,52,4.54,0
108848,Active,554805,NA,NA,S,0,0,370694.8538,38.95,1999,74,4,0
108849,Active,214014,NA,NA,S,0,0,565940.72,23.95,1995,25,9.58,0
108850,Active,1738964,NA,NA,S,8,1,88189.25,27.95,2012,39,4.76,14.96
108851,Active,556499,NA,NA,S,0,0,467714.1013,19.95,2011,46,14.7,16.17
108852,Active,254322,NA,NA,S,0,0,657643.3513,40.95,2009,28,14.39,0
108853,Active,585862,NA,NA,S,0,0,358800.105,14.95,2003,24,10.26,0
108854,Active,126384,NA,NA,S,1,0,137732.8475,20.95,2004,44,6.46,0
108855,Active,228992,NA,NA,S,0,0,727309.185,22,2009,18,15.15,0
108856,Active,2079681,NA,NA,S,0,0,5141.5,27.5,2014,14,15.78,15.78
108857,Active,215058,NA,NA,S,0,0,478578.3625,16.95,2008,44,4,0
108858,Active,583886,NA,NA,S,0,0,202238.9275,22.5,2009,18,9.02,0
108859,Active,3465252,NA,NA,S,1,0,36749.1,26.99,2015,54,10.58,13.1
108860,Active,1785197,NA,NA,S,0,0,89576.4,35,2015,10,35.44,29.44
108861,Active,1626203,NA,NA,S,0,0,44549.125,32.95,2015,20,22.84,24.83
108862,Active,125025,NA,NA,S,3,1,355639.2375,19.95,1998,58,7.97,0
108863,Active,363997,NA,NA,S,0,0,346324.7525,29.95,2002,26,18.87,0
108864,Active,3586553,NA,NA,S,0,0,113228.125,40,2013,12,35.99,35.48
108865,Active,1920050,NA,NA,S,0,0,120190.425,21.95,2010,15,14.97,16.93
108866,Active,189948,NA,NA,S,0,0,86126.68625,39.95,2005,41,17.07,0
108867,Active,2445549,NA,NA,S,1,0,450891.8288,14.95,1981,39,31.93,158.45
108868,Active,286865,NA,NA,S,0,0,29833.65,27.95,2000,100,10.36,0
108869,Active,1626178,NA,NA,S,0,0,105320.725,35,2015,15,27.98,24.98
108870,Active,1484103,NA,NA,S,0,0,164699.4213,18,2015,16,10.02,13.69
108871,Active,1464791,NA,NA,S,1,0,179148,20.95,2011,25,4,8.39
108872,Active,2051414,NA,NA,S,0,0,142210.575,22,2009,39,8.88,8.99
108873,Active,1627332,NA,NA,S,0,0,125780.075,32.95,2010,28,7.78,17.96
108874,Active,558534,NA,NA,S,0,0,134415.0225,22,1998,47,9.02,0
108875,Active,195899,NA,NA,S,0,0,257198.8975,29.95,2000,60,3.98,0
108876,Active,565186,NA,NA,S,0,0,516840.7313,33.75,1992,169,4,0
108877,Active,189058,NA,NA,S,0,0,390469.565,30.95,1998,52,8.96,0
108878,Active,3298092,NA,NA,S,5,1,757657.1,65.45,1900,34,7.81,21.51
108879,Active,905468,NA,NA,S,0,0,392943.0875,48,1993,36,4,18.88
108880,Active,186474,NA,NA,S,0,0,62843.125,27.5,2006,31,16.61,0
108881,Active,1565671,NA,NA,S,0,0,44570.125,22.99,2009,27,12.2,16.22
108882,Active,153549,NA,NA,S,0,0,348320.9138,19.95,2002,53,4,0
108883,Active,265515,NA,NA,S,0,0,140453.5163,14.95,2008,38,4.69,0
108884,Active,161144,NA,NA,S,0,0,180236.9163,16.95,2004,52,4.39,0
108885,Active,678280,NA,NA,S,3,1,15895.475,26,2007,41,17.49,21.66
108886,Active,195688,NA,NA,S,0,0,483377.0088,16,2005,92,4,0
108887,Active,292604,NA,NA,S,0,0,346897.9238,16,1998,33,4.48,0
108888,Active,634415,NA,NA,S,2,1,236139.625,39.95,2011,22,15.78,28.94
108889,Active,923148,NA,NA,S,0,0,157484.9213,25,2010,165,4,0
108890,Active,1470962,NA,NA,S,1,0,145905.725,24.95,2015,24,11.84,16.99
108891,Active,228836,NA,NA,S,0,0,256019.3288,16,1995,26,8.74,0
108892,Active,195444,NA,NA,S,0,0,96605.51625,27,2004,478,4,0
108893,Active,663369,NA,NA,S,0,0,406.125,34.95,2013,37,21.39,17.95
108894,Active,629982,NA,NA,S,0,0,199278.025,45,2011,14,22.71,36.85
108895,Active,150537,NA,NA,S,0,0,531083.1925,13,2009,39,4,0
108896,Active,581074,NA,NA,S,0,0,379703.2175,26,2010,23,10.16,0
108897,Active,565384,NA,NA,S,0,0,103773.4475,14.99,2009,143,3.98,0
108898,Active,122835,NA,NA,S,0,0,63810.97,16,2004,40,8.63,0
108899,Active,1830607,NA,NA,S,1,0,119343.4,26,2015,20,8.2,10.98
108900,Active,300271,NA,NA,S,0,0,349708.6475,35,2006,122,4.35,0
108901,Active,1532225,NA,NA,S,0,0,32216.6,27.5,2015,16,20.06,16.98
108902,Active,1526999,NA,NA,S,1,0,33489.025,27,2014,53,6.73,13.28
108903,Active,916612,NA,NA,S,0,0,342917.0538,18.95,2008,37,4,0
108904,Active,167307,NA,NA,S,0,0,737301.365,19.99,2005,62,4,0
108905,Active,244563,NA,NA,S,0,0,297631.0988,30,2011,64,4,0
108906,Active,141552,NA,NA,S,2,1,40200.07125,23,2001,85,6.92,18.78
108907,Active,1598486,NA,NA,S,0,0,124628.8,28,2014,25,9.02,16.94
108908,Active,230241,NA,NA,S,2,1,7634.21875,14.99,2001,274,4,0
108909,Active,633657,NA,NA,S,0,0,457375.54,45,1969,46,4,31.97
108910,Active,1684120,NA,NA,S,1,0,286709.0875,75,2013,33,19.54,40.54
108911,Active,194793,NA,NA,S,0,0,713958.6388,44.95,2001,30,8.97,0
108912,Active,207759,NA,NA,S,0,0,593100.0563,25,2003,43,4,0
108913,Active,1784042,NA,NA,S,0,0,44767.25,30,2015,13,26.71,25.76
108914,Active,2257558,NA,NA,S,3,1,789531.8925,98.54,2009,41,10.43,47.34
108915,Active,637331,NA,NA,S,1,0,803798.1038,43,2004,21,8.09,23.98
108916,Active,533027,NA,NA,S,2,1,652362.4363,19.95,2010,86,4,0
108917,Active,265399,NA,NA,S,0,0,823979.2913,52.95,2009,32,5.16,0
108918,Active,2289708,NA,NA,S,2,1,72972.775,0,2014,0,0,8.48
108919,Active,681918,NA,NA,S,0,0,143492.2,22,2007,22,15.31,17.33
108920,Active,165178,NA,NA,S,0,0,34505.1775,27.95,2000,78,4.95,0
108921,Active,599554,NA,NA,S,1,0,444054.87,49,2004,19,7.98,0
108922,Active,131097,NA,NA,S,1,0,121606.0588,270.4,1999,31,43.98,0
108923,Active,170511,NA,NA,S,0,0,851987.515,65,2007,27,6.71,0
108924,Active,652463,NA,NA,S,1,0,82921.625,49.95,2012,22,34.87,34.87
108925,Active,599106,NA,NA,S,0,0,698100.6425,59.99,2005,25,4.77,0
108926,Active,2153574,NA,NA,S,0,0,89973.45,29.99,2013,13,23.97,23.96
108927,Active,1781010,NA,NA,S,1,0,91983.3,32,2014,10,20.8,20.94
108928,Active,363575,NA,NA,S,0,0,755984.0175,34.99,2008,24,4.92,0
108929,Active,1777361,NA,NA,S,1,0,9923.5,29.99,2012,14,19.88,17.99
108930,Active,1633956,NA,NA,S,1,0,24452.075,29.99,2015,12,22.83,19.05
108931,Active,2272718,NA,NA,S,1,0,55004,98.09,2009,10,52.42,70.46
108932,Active,2299611,NA,NA,S,0,0,55004,98.58,1900,28,54.6,89.85
108933,Active,3808862,NA,NA,S,1,0,117777,46,2016,8,27.88,36.6
108934,Active,2167593,NA,NA,S,1,0,103548.8,43.95,2013,18,27.4,27.41
108935,Active,1738561,NA,NA,S,4,1,102816.7,0,2010,6,10.39,35.49
108936,Active,2174528,NA,NA,S,0,0,174173.475,29.99,2014,21,24.38,25.42
108937,Active,2143631,NA,NA,S,0,0,154748.45,39.95,2010,19,22.99,30.02
108938,Active,2056386,NA,NA,S,1,0,39252.25,21.95,2008,31,9.12,15.33
108939,Active,206304,NA,NA,S,1,0,527985.97,64.95,2001,28,8.13,0
108940,Active,1699789,NA,NA,S,1,0,804048.3775,49.95,2007,28,13.86,45.24
108941,Active,1433981,NA,NA,S,0,0,1030.225,27.99,2014,25,15.68,16.04
108942,Active,209633,NA,NA,S,0,0,295821.2713,28,2008,29,8.22,0
108943,Active,865531,NA,NA,S,0,0,209541.8,25.95,2013,15,21.94,23.95
108944,Active,143725,NA,NA,S,0,0,71472.88375,16,2003,108,4,0
108945,Active,200565,NA,NA,S,0,0,645294.5838,134.95,2010,16,18.06,0
108946,Active,180507,NA,NA,S,0,0,51841.66625,16,2002,101,4,0
108947,Active,1693272,NA,NA,S,0,0,122864.25,27.95,2009,23,13.23,17.82
108948,Active,3829612,NA,NA,S,0,0,21195.475,55,2015,18,36.74,37.39
108949,Active,321048,NA,NA,S,0,0,480265.385,11.95,2010,25,8.08,0
108950,Active,2113035,NA,NA,S,1,0,129524.4,24.95,2013,23,16.97,17
108951,Active,172047,NA,NA,S,0,0,199856.32,29.95,2004,43,8.46,25
108952,Active,557798,NA,NA,S,0,0,502786.1775,20,1977,47,4,0
108953,Active,577506,NA,NA,S,0,0,167343.3175,59.97,2003,25,19.17,0
108954,Active,102602,NA,NA,S,0,0,54521.1625,15.95,2005,241,4,0
108955,Active,267209,NA,NA,S,0,0,392783.445,40,2005,109,4,0
108956,Active,617150,NA,NA,S,2,1,272236.3188,36,2009,44,14.79,73.73
108957,Active,1489607,NA,NA,S,3,1,32841.7,34.95,2014,16,22.03,25.24
108958,Active,209596,NA,NA,S,4,1,680214.6975,22.95,2006,37,4,0
108959,Active,555403,NA,NA,S,0,0,245022.695,14.99,1999,56,4,0
108960,Active,258979,NA,NA,S,0,0,516095.415,26,1998,36,4,0
108961,Active,172175,NA,NA,S,0,0,71353.67625,29.95,2006,32,14.37,0
108962,Active,599945,NA,NA,S,0,0,275295.615,29.95,2012,26,9.04,0
108963,Active,266236,NA,NA,S,7,1,36666.12625,103.95,2013,40,21.95,42.75
108964,Active,263796,NA,NA,S,2,1,635047.6375,29.95,2008,35,5.78,0
108965,Active,533011,NA,NA,S,2,1,188360.07,19.95,2009,25,8.74,0
108966,Active,806145,NA,NA,S,0,0,176690.55,24.95,2012,39,4,14.9
108967,Active,1625512,NA,NA,S,0,0,190986.4,23,2009,21,11.3,14.68
108968,Active,681607,NA,NA,S,1,0,75613.425,26,2013,64,6.73,10.38
108969,Active,1786843,NA,NA,S,2,1,44795.75,26.95,2014,15,23.99,25.6
108970,Active,567871,NA,NA,S,0,0,638538.1675,7.99,1993,109,4,0
108971,Active,923231,NA,NA,S,0,0,468282.3088,22.95,1993,108,4,0
108972,Active,637245,NA,NA,S,0,0,33322.725,39.99,2007,14,15.99,25
108973,Active,2032313,NA,NA,S,0,0,61119.9,39.99,2012,7,25.86,24.48
108974,Active,257454,NA,NA,S,0,0,194696.245,29.95,2006,31,8.99,0
108975,Active,568700,NA,NA,S,2,1,651777.8575,69.99,1996,24,6.63,0
108976,Active,631951,NA,NA,S,2,1,237986.0863,26.95,1988,33,13.96,16.95
108977,Active,881688,NA,NA,S,0,0,146527.9188,23.99,2009,17,22.54,23.02
108978,Active,216122,NA,NA,S,35,1,610419.9888,19.95,2008,47,4,0
108979,Active,587275,NA,NA,S,0,0,286845.3288,19.95,2010,16,18.32,0
108980,Active,586594,NA,NA,S,0,0,26161.84875,19.95,1997,110,4.98,0
108981,Active,56709,NA,NA,S,6,1,883247.995,149.95,2007,16,7.97,31.99
108982,Active,129436,NA,NA,S,4,1,93657.9675,57.95,2011,38,23.85,51.01
108983,Active,1703682,NA,NA,S,1,0,139118.4,32.5,2007,16,16.74,55.71
108984,Active,111001,NA,NA,S,7,1,632715.705,29.43,2007,23,22.89,51.59
108985,Active,2098763,NA,NA,S,0,0,45046.05,24.95,2008,23,14.38,18.89
108986,Active,257457,NA,NA,S,0,0,467225.7413,24.95,2008,25,5.75,0
108987,Active,3827638,NA,NA,S,2,1,232502.95,49.95,2007,27,11.47,16
108988,Active,1573330,NA,NA,S,0,0,103249.8875,29.95,2011,23,19.06,20.71
108989,Active,562648,NA,NA,S,0,0,46590.03125,9.99,2011,136,4,0
108990,Active,2008197,NA,NA,S,2,1,709644.8925,12.95,2011,18,10.85,13.98
108991,Active,626567,NA,NA,S,0,0,384062.8225,81,1989,52,27.99,0
108992,Active,688524,NA,NA,S,1,0,83921.575,29.95,2013,26,9.23,10.76
108993,Active,278853,NA,NA,S,0,0,684509.26,44.99,2007,39,4,0
108994,Active,1630878,NA,NA,S,0,0,57051.325,35,2015,20,20.69,20.68
108995,Active,226174,NA,NA,S,0,0,54932.07875,19.99,2006,141,5.14,0
108996,Active,2163096,NA,NA,S,1,0,7417.1,24.99,2009,25,15.89,17.14
108997,Active,2163099,NA,NA,S,1,0,16973.55,24.99,2010,18,18.49,17.18
108998,Active,2163100,NA,NA,S,0,0,38692.9,27.99,2010,19,19.2,18.7
108999,Active,2163101,NA,NA,S,0,0,18350.525,27.99,2011,21,16.94,18.82
109000,Active,259190,NA,NA,S,0,0,719724.3388,17.95,2005,30,5.35,0
109001,Active,2026832,NA,NA,S,0,0,43953.425,40,2008,36,13.75,16.71
109002,Active,2027001,NA,NA,S,0,0,33448.475,35,2012,16,19.94,23.96
109003,Active,2096801,NA,NA,S,0,0,18449.275,35,2015,12,24.03,23.94
109004,Active,2026938,NA,NA,S,0,0,65481.95,40,2010,18,16.49,20.48
109005,Active,222540,NA,NA,S,0,0,686241.875,39.95,2004,31,7.88,0
109006,Active,166993,NA,NA,S,1,0,660768.0875,24.95,2007,55,4,0
109007,Active,554569,NA,NA,S,0,0,174314.055,20,2011,22,8.57,0
109008,Active,599416,NA,NA,S,0,0,44125.31125,5.95,2003,24,4.74,0
109009,Active,3796778,NA,NA,S,1,0,185231.125,24.99,2008,36,4,13.55
109010,Active,2110677,NA,NA,S,10,1,461390.0188,24.99,2013,27,7.5,17.18
109011,Active,918512,NA,NA,S,0,0,35691.7675,18,2002,63,5.55,0
109012,Active,1570729,NA,NA,S,5,1,93872.1,21.99,2011,16,13.99,14.93
109013,Active,821237,NA,NA,S,2,1,515674.9238,24.95,2000,33,4.88,0
109014,Active,2404140,NA,NA,S,0,0,315107.315,99,1989,35,12.71,69.98
109015,Active,3466558,NA,NA,S,1,0,218195.175,29.95,2008,16,22.94,201.57
109016,Active,610386,NA,NA,S,10,1,15397.55625,254.95,2013,74,50.77,123.53
109017,Active,652371,NA,NA,S,10,1,55741.97625,109.95,2013,46,23.94,40.17
109018,Active,599209,NA,NA,S,0,0,135033.6013,20,2003,43,7.49,0
109019,Active,486587,NA,NA,S,0,0,216295.595,40,2010,17,22.98,0
109020,Active,3561117,NA,NA,S,0,0,112681.475,22.95,2012,9,19.85,19.36
109021,Active,547183,NA,NA,S,0,0,745260.4063,14.95,2009,16,10.31,0
109022,Active,241320,NA,NA,S,0,0,419792.8213,14,1995,98,4,0
109023,Active,2107145,NA,NA,S,0,0,118446.825,35,2014,7,22.99,23.98
109024,Active,682524,NA,NA,S,1,0,174256.9,29.95,2013,14,18.97,23.55
109025,Active,1748095,NA,NA,S,1,0,375314.1113,59,2007,39,5.28,44.41
109026,Active,1748094,NA,NA,S,1,0,422151.4625,47,2007,67,5.44,23.49
109027,Active,1987957,NA,NA,S,1,0,57736.225,29.95,2013,8,29.88,26.96
109028,Active,641857,NA,NA,S,2,1,737548.705,66,2004,36,9.99,85.67
109029,Active,644486,NA,NA,S,0,0,44637.95,40,2013,20,24.64,26.61
109030,Active,126016,NA,NA,S,0,0,435711.63,30,1999,27,11.86,0
109031,Active,2718494,NA,NA,S,2,1,692535.0413,69.99,2002,27,12.98,57.06
109032,Active,922218,NA,NA,S,0,0,27648.7275,15,2012,126,4,0
109033,Active,548825,NA,NA,S,0,0,52910.88125,13.99,2009,192,4,0
109034,Active,596581,NA,NA,S,0,0,221512.0988,13.98,1997,76,4,0
109035,Active,2276910,NA,NA,S,2,1,30502.575,0,2013,0,0,7.48
109036,Active,155786,NA,NA,S,0,0,558539.75,15.99,2006,71,4,0
109037,Active,3828268,NA,NA,S,0,0,47115.675,60,2014,15,37.8,16.38
109038,Active,620766,NA,NA,S,1,0,94080.375,50,2010,27,15.98,22.73
109039,Active,573602,NA,NA,S,0,0,195029.8963,16.99,2000,78,4,0
109040,Active,2508356,NA,NA,S,1,0,546530,26.95,1982,39,4,23.11
109041,Active,548694,NA,NA,S,0,0,278033.3238,19.99,2014,57,4.76,0
109042,Active,1866872,NA,NA,S,0,0,39207.975,85,2015,10,56.02,52.36
109043,Active,2167844,NA,NA,S,1,0,65280.3,35,2012,18,23.11,21.83
109044,Active,3946178,NA,NA,S,1,0,160242.8,60,2013,22,25,41.06
109045,Active,805976,NA,NA,S,1,0,158860.8,30,2011,21,13.25,60.69
109046,Active,1583194,NA,NA,S,0,0,363485.65,28.99,2012,25,22.48,27.64
109047,Active,184479,NA,NA,S,1,0,802822.0738,60.95,2004,34,13.11,40.84
109048,Active,1484374,NA,NA,S,0,0,237463.325,34,2010,15,29.91,28.35
109049,Active,575048,NA,NA,S,0,0,416340.3275,7.99,1986,26,5.14,0
109050,Active,232723,NA,NA,S,0,0,442487.6925,19.95,1996,31,7.35,0
109051,Active,922876,NA,NA,S,0,0,1640.83125,10.99,1983,159,4.7,0
109052,Active,585028,NA,NA,S,0,0,85955.2525,6.95,1985,37,4.56,0
109053,Active,194622,NA,NA,S,3,1,289290.6988,6.99,2007,28,5.46,0
109054,Active,194623,NA,NA,S,0,0,374133,24.99,2007,24,7.6,0
109055,Active,575042,NA,NA,S,0,0,56791.71875,7.95,1999,30,4.82,0
109056,Active,575041,NA,NA,S,0,0,64239.17,9.95,1997,19,4.94,0
109057,Active,585030,NA,NA,S,0,0,3599.02375,7.99,1981,75,4,0
109058,Active,575054,NA,NA,S,0,0,148765.5563,6.95,2006,39,4.67,0
109059,Active,575050,NA,NA,S,0,0,7237.395,7.99,1999,55,4.48,0
109060,Active,3561296,NA,NA,S,0,0,178434.7,20.99,2012,18,7.34,7.34
109061,Active,575068,NA,NA,S,0,0,681338.0525,13.99,2004,10,4,0
109062,Active,232721,NA,NA,S,0,0,4309.2525,14.99,1999,59,6.75,0
109063,Active,194624,NA,NA,S,2,1,8546.19,60.99,2008,70,16.99,35.81
109064,Active,1640830,NA,NA,S,0,0,74331.375,25.99,2012,13,16.86,19.91
109065,Active,1640494,NA,NA,S,0,0,2920.275,20.99,2008,23,12.77,14.99
109066,Active,232712,NA,NA,S,0,0,274695.7075,19.95,1995,16,12.93,0
109067,Active,538953,NA,NA,S,1,0,21008.0425,146.5,2011,73,50.38,63.93
109068,Active,917795,NA,NA,S,1,0,33603.105,89.85,2011,45,37.99,78.49
109069,Active,696235,NA,NA,S,0,0,413686.785,135.7,2010,13,40.71,93.99
109070,Active,767299,NA,NA,S,1,0,457691.9025,126.05,2009,24,8.87,52.85
109071,Active,597263,NA,NA,S,0,0,513243.4075,29,2005,31,5.12,0
109072,Active,708329,NA,NA,S,0,0,704952.9375,30.94,2005,32,6.67,30.94
109073,Active,900569,NA,NA,S,0,0,747712.745,131.8,1991,41,8.82,75.15
109074,Active,915283,NA,NA,S,0,0,78406.25,142.55,1900,55,8.2,50.95
109075,Active,667370,NA,NA,S,0,0,100014.275,28.43,2011,53,4,17.43
109076,Active,614069,NA,NA,S,0,0,247905.8463,71,2000,97,4,12.15
109077,Active,3069367,NA,NA,S,2,1,325359.5,22.99,2000,50,4.98,17.96
109078,Active,3042328,NA,NA,S,3,1,135783.865,24.85,1998,85,7.87,10
109079,Active,684816,NA,NA,S,2,1,32521.3,0,2011,11,8.24,11.48
109080,Active,1622883,NA,NA,S,0,0,346095.625,115.9,2007,27,6.26,58.97
109081,Active,551349,NA,NA,S,0,0,540219.7563,34.75,2004,26,4,0
109082,Active,2900428,NA,NA,S,2,1,369001.1613,22,1990,29,20.35,35.87
109083,Active,2641195,NA,NA,S,0,0,204534.825,258.5,2003,3,32.99,12.99
109084,Active,1454619,NA,NA,S,0,0,184424.75,68.74,2011,11,29.99,43.94
109085,Active,3094902,NA,NA,S,3,1,94092.34375,24.85,2002,57,7.8,14.68
109086,Active,626297,NA,NA,S,0,0,76251.975,98.8,2009,56,23.59,68.82
109087,Active,843989,NA,NA,S,0,0,563273.7763,72.48,1985,26,27.88,117.55
109088,Active,112121,NA,NA,S,0,0,638828.8988,154,2006,63,4.94,0
109089,Active,603082,NA,NA,S,0,0,673393.2025,10,2009,26,4.98,0
109090,Active,538952,NA,NA,S,0,0,732552.32,14.64,2008,20,3.9,0
109091,Active,1621324,NA,NA,S,0,0,548936.0563,141.85,2006,36,41.98,108.18
109092,Active,551882,NA,NA,S,0,0,432385.47,7.1,2001,26,4,0
109093,Active,148934,NA,NA,S,0,0,680559.5488,31.88,2008,19,5.03,0
109094,Active,714145,NA,NA,S,1,0,890966.9863,114,2001,48,5.43,19.76
109095,Active,544587,NA,NA,S,9,1,57611.6375,313.95,2013,81,46.18,63.84
109096,Active,877772,NA,NA,S,3,1,453999.5975,204.5,2005,41,6.49,58.95
109097,Active,533931,NA,NA,S,5,1,260239.4563,338.95,2000,59,4,38
109098,Active,3256687,NA,NA,S,0,0,157739.2963,219.98,2000,31,33.89,106.79
109099,Active,566075,NA,NA,S,1,0,886770.3075,233.5,2011,28,18.82,58.99
109100,Active,116315,NA,NA,S,0,0,117670.6163,168.61,2011,39,37.67,0
109101,Active,231489,NA,NA,S,0,0,413378.685,28.95,1998,114,4.48,0
109102,Active,534411,NA,NA,S,0,0,198391.6713,95.64,1990,23,17.87,112.19
109103,Active,766007,NA,NA,S,9,1,680386.1238,115.95,1997,44,4,21.49
109104,Active,176872,NA,NA,S,10,1,718947.3513,91.95,2001,25,4,26.91
109105,Active,615772,NA,NA,S,0,0,95379.35,53.47,2006,73,4.35,18.94
109106,Active,606585,NA,NA,S,2,1,161888.3125,49.95,2007,24,19.18,0
109107,Active,551254,NA,NA,S,0,0,387334.8338,151.25,2001,56,4,0
109108,Active,278406,NA,NA,S,0,0,710136.4963,9.48,2006,51,4,0
109109,Active,178227,NA,NA,S,5,1,290861.6138,112.95,1995,30,5.09,41.76
109110,Active,177181,NA,NA,S,7,1,92990.10875,293.95,2004,60,17.19,88.7
109111,Active,864566,NA,NA,S,10,1,138924.285,319.95,2014,67,8.49,21.92
109112,Active,180737,NA,NA,S,2,1,171349.8888,151.2,2012,47,20.79,0
109113,Active,676776,NA,NA,S,0,0,695721.1175,26,2012,103,4,0
109114,Active,2053397,NA,NA,S,0,0,344465.85,64.36,2009,21,4.41,35.46
109115,Active,293940,NA,NA,S,0,0,142538.195,9.99,2001,268,3.47,0
109116,Active,2430439,NA,NA,S,3,1,236619.9413,78.1,1994,36,17.97,68.15
109117,Active,3007112,NA,NA,S,2,1,264863.1738,27.5,2015,10,21.84,27.03
109118,Active,1908519,NA,NA,S,0,0,46627.8625,19.99,2015,16,9.98,13.89
109119,Active,910856,NA,NA,S,1,0,40893.5,22.99,2013,26,8.15,8.46
109120,Active,205916,NA,NA,S,0,0,463204.7275,29.95,2003,48,4,0
109121,Active,845022,NA,NA,S,0,0,500983.0738,140.87,2006,52,5.51,53.49
109122,Active,546318,NA,NA,S,0,0,504258.4963,18,2010,42,4,0
109123,Active,241834,NA,NA,S,0,0,22788.9325,19.95,2000,194,4,0
109124,Active,185164,NA,NA,S,0,0,52955.3275,31.1,2000,180,4,0
109125,Active,586562,NA,NA,S,0,0,97153.03375,14.95,2013,72,4,0
109126,Active,569885,NA,NA,S,3,1,278411.6463,54.5,1997,17,6.49,0
109127,Active,692370,NA,NA,S,5,1,244409.35,310.95,2001,53,37.29,123.65
109128,Active,177149,NA,NA,S,5,1,330222.0238,279.95,2001,37,17.39,63.98
109129,Active,1476661,NA,NA,S,1,0,412189.4625,24.95,2013,21,10.98,17.34
109130,Active,2238252,NA,NA,S,1,0,55256.695,28.98,2013,21,25.4,27.53
109131,Active,175944,NA,NA,S,1,0,183111.1088,64.99,2007,29,32.33,0
109132,Active,683657,NA,NA,S,1,0,31096.05,23.95,2011,14,19.98,19.72
109133,Active,624286,NA,NA,S,4,1,7300.285,89.99,2011,68,49.99,64.41
109134,Active,685276,NA,NA,S,0,0,27711.875,27,2013,17,20.52,20.45
109135,Active,914861,NA,NA,S,2,1,349549.4438,173.95,2014,38,13.98,68.99
109136,Active,163021,NA,NA,S,0,0,171278.6513,18.95,2010,58,4.99,0
109137,Active,895098,NA,NA,S,0,0,300641.5538,274.2,1999,18,10.52,59.51
109138,Active,580721,NA,NA,S,0,0,685196.5913,22,2012,20,6.99,0
109139,Active,1573058,NA,NA,S,0,0,106806.175,29.95,2009,23,14.74,19.68
109140,Active,3477455,NA,NA,S,0,0,6541.025,30,2015,20,17.12,17.27
109141,Active,3800167,NA,NA,S,0,0,94492.575,24.99,2013,17,11.52,15.1
109142,Active,267989,NA,NA,S,0,0,649274.84,7.95,2003,185,3.64,0
109143,Active,921294,NA,NA,S,0,0,2196.0925,3.95,1984,94,3.42,0
109144,Active,3799940,NA,NA,S,0,0,736478.3,40,2011,75,13.98,18.94
109145,Active,3466771,NA,NA,S,0,0,135490.25,24,2010,42,9.97,10.98
109146,Active,2115128,NA,NA,S,0,0,34432.075,50,2014,16,24.78,32.58
109147,Active,3960115,NA,NA,S,0,0,32492.25,45,2016,11,34.97,32.31
109148,Active,777919,NA,NA,S,0,0,100365.45,21.99,2010,49,5.65,12.98
109149,Active,3795180,NA,NA,S,0,0,55167.375,24.99,2007,40,14.14,16.31
109150,Active,2044701,NA,NA,S,0,0,77942.275,24.99,2008,25,13.95,17.84
109151,Active,2044713,NA,NA,S,0,0,88201.575,24.95,2008,28,17.41,17.07
109152,Active,2044726,NA,NA,S,0,0,127599.5,24.95,2008,14,18.6,18.53
109153,Active,1761174,NA,NA,S,1,0,47778.075,21.95,2013,17,15.41,17.53
109154,Active,197440,NA,NA,S,0,0,751302.8225,29.99,2007,53,4,0
109155,Active,923644,NA,NA,S,0,0,41849.3825,7.99,2002,225,4,0
109156,Active,284122,NA,NA,S,0,0,126491.9363,39.5,2009,24,28.33,0
109157,Active,1599121,NA,NA,S,2,1,93412.125,21.99,2011,16,13.99,14.24
109158,Active,538188,NA,NA,S,0,0,329256.0238,26,2008,53,4,0
109159,Active,1762428,NA,NA,S,2,1,51057.7,25.95,2015,10,21.97,18.57
109160,Active,1436913,NA,NA,S,1,0,87383.7,22,2011,36,6.99,14.82
109161,Active,592895,NA,NA,S,0,0,340541.2475,19.99,2009,26,11.91,0
109162,Active,546263,NA,NA,S,0,0,163333.0063,16,2012,18,11.92,0
109163,Active,635783,NA,NA,S,1,0,26731.675,35,2011,18,16.31,22.29
109164,Active,1449713,NA,NA,S,3,1,112553.75,37.32,2007,23,21.04,26.99
109165,Active,1701561,NA,NA,S,1,0,198575.75,26.95,2013,19,8.94,26.94
109166,Active,269075,NA,NA,S,0,0,380986.9275,16.95,2007,46,4.88,0
109167,Active,281579,NA,NA,S,0,0,334080.4025,39.99,2002,28,35.12,0
109168,Active,281621,NA,NA,S,0,0,309938.8113,39.99,2005,22,54.52,0
109169,Active,2144135,NA,NA,S,0,0,117390.075,44.95,2008,14,28.58,36.47
109170,Active,2144132,NA,NA,S,1,0,64880.15,44.95,2007,28,10.15,31.49
109171,Active,580473,NA,NA,S,0,0,417467.035,22.5,2005,27,8.61,0
109172,Active,102202,NA,NA,S,0,0,749889.0763,25.95,2006,185,3.99,0
109173,Active,580046,NA,NA,S,0,0,711075.17,27.5,2007,24,11.92,0
109174,Active,501935,NA,NA,S,0,0,553667.4175,21.99,2002,54,4,0
109175,Active,215036,NA,NA,S,0,0,12221.98375,15.95,1995,367,4,0
109176,Active,139344,NA,NA,S,0,0,592631.9663,35,2009,24,11.09,0
109177,Active,903865,NA,NA,S,0,0,346069.1125,49.95,2002,29,22.73,0
109178,Active,153191,NA,NA,S,0,0,373542.5963,25.95,2004,71,4,0
109179,Active,684145,NA,NA,S,1,0,88205.325,24.95,2013,31,4.74,8.71
109180,Active,1669801,NA,NA,S,0,0,151282.0788,6.99,2008,25,3.9,4.55
109181,Active,140010,NA,NA,S,0,0,36825.9,16.95,2008,37,7.41,0
109182,Active,134561,NA,NA,S,0,0,91288.96625,21,2000,73,6.92,0
109183,Active,188132,NA,NA,S,0,0,535130.2563,35,2006,46,4,0
109184,Active,241175,NA,NA,S,0,0,52884.08875,9.95,2004,50,12.65,0
109185,Active,924153,NA,NA,S,0,0,96094.8575,18.95,1988,711,3.76,0
109186,Active,673119,NA,NA,S,0,0,50956.925,22.99,2013,48,4,7.74
109187,Active,1780603,NA,NA,S,1,0,19029.9,24.95,2014,17,18.78,17.65
109188,Active,505761,NA,NA,S,0,0,462836.8638,13.95,2009,47,4,0
109189,Active,681614,NA,NA,S,0,0,90658,24.95,2013,32,4.33,12.54
109190,Active,294376,NA,NA,S,2,1,649620.1313,24.95,2006,40,4,0
109191,Active,231726,NA,NA,S,4,1,576545.6888,40,2001,54,4.16,0
109192,Active,123140,NA,NA,S,0,0,15061.6075,14,2000,182,4,9.34
109193,Active,681212,NA,NA,S,2,1,1250.175,24.99,2013,33,11.62,14.12
109194,Active,116289,NA,NA,S,0,0,282211.8625,30.65,2005,35,6.89,0
109195,Active,103225,NA,NA,S,0,0,93027.80375,15.95,1983,105,4,0
109196,Active,585588,NA,NA,S,0,0,245979.82,23,1999,52,7.56,0
109197,Active,187745,NA,NA,S,0,0,7124.2525,16,1998,605,4,6.99
109198,Active,1626779,NA,NA,S,0,0,503583.2975,46,2007,28,4.98,22
109199,Active,126603,NA,NA,S,4,1,180038.635,148.95,2005,39,17.36,77.12
109200,Active,599794,NA,NA,S,0,0,398920.26,16.99,2012,63,4,0
109201,Active,858511,NA,NA,S,0,0,1447.04125,6.99,1987,624,4,0
109202,Active,126738,NA,NA,S,0,0,58889.04625,19.99,2004,64,9.9,0
109203,Active,213919,NA,NA,S,0,0,32951.235,15.95,2007,122,4,0
109204,Active,3529984,NA,NA,S,0,0,362954.85,100,2014,39,39.95,61.2
109205,Active,1440032,NA,NA,S,2,1,224006.15,35.63,2010,19,17.45,26.94
109206,Active,683685,NA,NA,S,0,0,8800.675,29.99,2011,27,15.33,18.1
109207,Active,297963,NA,NA,S,0,0,107504.4375,12.99,2008,34,4.97,0
109208,Active,244867,NA,NA,S,0,0,234803.1888,19.99,2009,32,10.76,0
109209,Active,543192,NA,NA,S,0,0,751811.145,35,2009,67,7.54,0
109210,Active,721614,NA,NA,S,0,0,864620,45,2004,39,11.76,11.76
109211,Active,1969768,NA,NA,S,0,0,61585.825,35,2013,52,8.02,8.28
109212,Active,3498089,NA,NA,S,1,0,151798.1,24.95,2014,39,4,7.36
109213,Active,267464,NA,NA,S,0,0,129525,32.95,2010,204,4,0
109214,Active,637768,NA,NA,S,0,0,20738.475,35,2012,20,13.2,21.48
109215,Active,124202,NA,NA,S,0,0,8546.6125,15.95,2002,78,6.77,0
109216,Active,187711,NA,NA,S,0,0,413577.6913,15.95,2000,80,4,0
109217,Active,164910,NA,NA,S,0,0,25826.575,19.95,1999,90,6.97,0
109218,Active,195298,NA,NA,S,0,0,593495.1775,25,2002,31,4,0
109219,Active,190126,NA,NA,S,0,0,790852.3475,35,2011,47,8.7,0
109220,Active,139953,NA,NA,S,0,0,563272.4288,26.95,2007,56,4,0
109221,Active,555667,NA,NA,S,3,1,583686.1463,15.95,2007,60,4,9.98
109222,Active,672172,NA,NA,S,0,0,4768.23,16,1993,735,4,0
109223,Active,294798,NA,NA,S,0,0,313791.9425,19.95,2000,33,4,0
109224,Active,680402,NA,NA,S,0,0,80036.7,28.95,2013,26,9.98,19.19
109225,Active,583806,NA,NA,S,0,0,716089.4013,15,1995,122,3.97,0
109226,Active,557970,NA,NA,S,0,0,238848.4475,27.5,1987,36,6.11,0
109227,Active,1739629,NA,NA,S,0,0,109315.825,24,2008,14,16.92,16.07
109228,Active,560158,NA,NA,S,0,0,246422.0775,8.99,1998,55,4,0
109229,Active,3800101,NA,NA,S,0,0,80569.975,29.95,2015,18,18.74,18.89
109230,Active,782615,NA,NA,S,0,0,120138.95,24.99,2012,15,15.62,18.55
109231,Active,463705,NA,NA,S,0,0,410293.685,23,1996,198,4,0
109232,Active,143999,NA,NA,S,0,0,437482.4188,33.99,1999,551,3.79,0
109233,Active,264437,NA,NA,S,0,0,566549.1363,22.95,2008,62,4,0
109234,Active,281588,NA,NA,S,0,0,522721.365,39.99,2003,33,18.43,0
109235,Active,281604,NA,NA,S,0,0,711331.065,9.99,2002,40,4.56,0
109236,Active,281578,NA,NA,S,0,0,295650.57,39.99,2001,30,33.75,0
109237,Active,586945,NA,NA,S,0,0,260724.3013,14,2008,40,4.48,0
109238,Active,1703716,NA,NA,S,0,0,37951.725,45,2010,15,28.12,28.64
109239,Active,199808,NA,NA,S,2,1,343086.4275,14.95,2007,40,4.91,0
109240,Active,257524,NA,NA,S,0,0,78520.97375,14.95,2001,45,5.85,0
109241,Active,1741491,NA,NA,S,3,1,195118.15,25.95,2009,32,10.22,18.93
109242,Active,2079633,NA,NA,S,1,0,12264.7,22,2012,13,11.72,14.51
109243,Active,751766,NA,NA,S,1,0,43083.8,22.95,2010,31,4,6.37
109244,Active,558416,NA,NA,S,0,0,358297.24,26,1980,37,6.98,0
109245,Active,692625,NA,NA,S,1,0,638776.7513,90.15,2006,38,7.88,23.45
109246,Active,613257,NA,NA,S,1,0,627607.9613,103,1998,86,3.97,20.49
109247,Active,678799,NA,NA,S,1,0,652385.8,19.15,2001,32,4,10.78
109248,Active,3800092,NA,NA,S,0,0,55014.1,29.95,2011,27,14.25,15.74
109249,Active,1780546,NA,NA,S,1,0,136771.2,29,2014,9,31.02,21.37
109250,Active,593163,NA,NA,S,0,0,220526.1438,11.99,2009,17,11.04,0
109251,Active,689184,NA,NA,S,0,0,15909.75,24.99,2010,13,18.97,20.16
109252,Active,686319,NA,NA,S,0,0,60882.325,24.99,2010,16,19.86,19.99
109253,Active,1684331,NA,NA,S,1,0,54933.05,24.99,2014,19,10.22,14.11
109254,Active,1684087,NA,NA,S,0,0,113414.3,24.99,2014,19,15.48,15.9
109255,Active,195721,NA,NA,S,0,0,67304.01625,5.99,2006,46,4,0
109256,Active,2772422,NA,NA,S,1,0,737517.835,80.4,2003,29,16.38,49.98
109257,Active,864567,NA,NA,S,7,1,8054.31375,139.8,2014,97,43.94,73.99
109258,Active,861870,NA,NA,S,7,1,22328.75125,93.4,2014,55,41.99,58.99
109259,Active,126789,NA,NA,S,1,0,410258.2338,29.95,2007,66,5.47,22.44
109260,Active,918810,NA,NA,S,1,0,168158.0725,49.95,2007,39,23.99,0
109261,Active,127166,NA,NA,S,1,0,60274.9725,26.95,2010,63,7.63,0
109262,Active,266779,NA,NA,S,0,0,398377.6188,24.99,2005,32,7.3,0
109263,Active,181717,NA,NA,S,0,0,650571.8588,15.95,2005,39,16.99,0
109264,Active,581854,NA,NA,S,0,0,51190.2275,9,2007,19,12.75,0
109265,Active,820968,NA,NA,S,0,0,418097.0063,24.95,2004,32,6.97,0
109266,Active,596962,NA,NA,S,0,0,333317.6038,29.95,2004,29,14.75,0
109267,Active,210333,NA,NA,S,0,0,842007.3038,40,2006,17,16.47,0
109268,Active,2512559,NA,NA,S,0,0,539217.6363,20,1983,87,4,13.1
109269,Active,677723,NA,NA,S,1,0,94770.225,27.95,2013,46,5.62,17.68
109270,Active,3960121,NA,NA,S,1,0,15693.95,26.95,2015,26,13.98,18.18
109271,Active,673049,NA,NA,S,0,0,7664.39125,17.99,2012,120,7.97,0
109272,Active,1925705,NA,NA,S,0,0,176855.175,33.95,2013,8,29.35,29.19
109273,Active,3514618,NA,NA,S,0,0,53046.525,26.95,2015,34,14.73,16.61
109274,Active,887402,NA,NA,S,7,1,56870.9125,125.6,2015,47,46.05,63.99
109275,Active,924422,NA,NA,S,6,1,112136.4163,125.6,2015,51,42.96,86.65
109276,Active,2090272,NA,NA,S,0,0,42356.425,29.99,2014,32,10.98,14.9
109277,Active,267855,NA,NA,S,2,1,642016.6338,19.95,2006,53,4,0
109278,Active,300199,NA,NA,S,2,1,730383.5938,19.95,2004,39,4,0
109279,Active,3617708,NA,NA,S,41,1,33769.4,24.95,2015,16,18.99,22.55
109280,Active,601881,NA,NA,S,0,0,276852.795,24.95,2003,17,16.77,0
109281,Active,189606,NA,NA,S,0,0,123738.895,19.95,2001,46,6.32,0
109282,Active,2101013,NA,NA,S,0,0,112092.4575,17.95,2015,14,11.94,12.61
109283,Active,541116,NA,NA,S,0,0,43351.1475,34.38,2008,33,14.04,0
109284,Active,2170508,NA,NA,S,0,0,152356.65,28.95,2013,11,18.79,15.88
109285,Active,279621,NA,NA,S,0,0,315377.0163,44.95,2006,47,4.3,0
109286,Active,921962,NA,NA,S,0,0,16816.9475,16,2003,76,4.85,0
109287,Active,1758499,NA,NA,S,1,0,15013.225,21.95,2015,16,16.94,17
109288,Active,596447,NA,NA,S,1,0,599953.3988,34.95,2001,31,4,7.05
109289,Active,1918467,NA,NA,S,0,0,39668.175,24.99,2014,17,16,17.26
109290,Active,114477,NA,NA,S,0,0,365553.3425,40,1995,41,4.14,0
109291,Active,263213,NA,NA,S,0,0,182640.94,29.95,2000,340,4,0
109292,Active,120130,NA,NA,S,2,1,223991.1213,158,2009,48,9.39,101.99
109293,Active,147718,NA,NA,S,1,0,375972.805,145.95,1998,29,4.92,31.64
109294,Active,598125,NA,NA,S,0,0,43080.3,14.95,2006,33,9,0
109295,Active,140545,NA,NA,S,0,0,349177.1538,22.99,2006,70,4,0
109296,Active,887899,NA,NA,S,2,1,492452.69,59.95,2002,12,25.88,0
109297,Active,265821,NA,NA,S,2,1,257922.605,18.99,2006,44,4.26,0
109298,Active,194890,NA,NA,S,0,0,754260.735,32.95,2004,23,10.7,0
109299,Active,262352,NA,NA,S,2,1,482671.44,22.95,2004,68,4,0
109300,Active,262013,NA,NA,S,0,0,403614.39,12.99,2001,64,4,0
109301,Active,649267,NA,NA,S,1,0,278938.125,56,2003,12,42.98,38.72
109302,Active,2026864,NA,NA,S,1,0,35797.15,21.95,2008,63,6.97,11.39
109303,Active,1508442,NA,NA,S,0,0,21097.075,30,2015,14,16.99,17.23
109304,Active,208199,NA,NA,S,0,0,116217.0013,13.99,2003,96,4,0
109305,Active,129376,NA,NA,S,1,0,530243.9363,19.95,2010,55,5.59,0
109306,Active,185425,NA,NA,S,0,0,87599.21375,16,1998,121,4,0
109307,Active,165214,NA,NA,S,3,1,471099.9188,17.95,2001,95,3.97,0
109308,Active,2039144,NA,NA,S,2,1,25348.575,24.95,2013,17,12.98,13.87
109309,Active,603189,NA,NA,S,0,0,293185.3713,24.99,2006,81,4.19,0
109310,Active,867850,NA,NA,S,4,1,65423.47375,113.75,2014,40,46.01,83.75
109311,Active,909022,NA,NA,S,4,1,95410.925,29.95,2012,22,5.93,10.76
109312,Active,1621165,NA,NA,S,1,0,143687.225,24,2008,56,4,5.94
109313,Active,2172119,NA,NA,S,1,0,58306.025,26.95,2014,13,26.34,26.49
109314,Active,2172120,NA,NA,S,1,0,65452.525,26.95,2014,13,26.41,26.18
109315,Active,681498,NA,NA,S,1,0,4669.35,24.99,2007,12,27.64,42.93
109316,Active,288057,NA,NA,S,0,0,187545.1,37.5,2007,33,20.34,38.94
109317,Active,1683964,NA,NA,S,0,0,86485.325,34.99,2009,26,21.68,22.13
109318,Active,1684327,NA,NA,S,0,0,71012.975,34.99,2014,18,21.54,21.82
109319,Active,2068684,NA,NA,S,0,0,87931.3,59.98,2009,12,38.24,41.54
109320,Active,1471117,NA,NA,S,0,0,218543.15,29.95,2013,13,18.59,22.07
109321,Active,1779489,NA,NA,S,1,0,35311.85,29.99,2013,24,16.35,19.68
109322,Active,1716549,NA,NA,S,1,0,68461.45,27.95,2013,18,16.24,22.37
109323,Active,1523622,NA,NA,S,0,0,115165.375,30,2014,18,16.02,17.89
109324,Active,2159721,NA,NA,S,2,1,115303.4475,18.95,2011,27,5.79,12.75
109325,Active,2090065,NA,NA,S,0,0,206545.025,26.95,2014,22,6.93,6.93
109326,Active,873635,NA,NA,S,6,1,19892.47625,79.25,2014,57,36.92,37.55
109327,Active,2269153,NA,NA,S,9,1,164947.5,103.95,1900,28,19.74,62.05
109328,Active,145445,NA,NA,S,5,1,137615.6375,121,2006,47,12.13,97.69
109329,Active,145446,NA,NA,S,5,1,312662.2375,141.4,2006,47,14.54,64.2
109330,Active,190090,NA,NA,S,0,0,466843.6263,41.95,2007,27,18.42,25.97
109331,Active,651504,NA,NA,S,0,0,219449.05,34.95,2010,15,27.4,198.87
109332,Active,290047,NA,NA,S,1,0,582673.4238,35,2009,39,30.05,176.19
109333,Active,3718982,NA,NA,S,10,1,143676.6,72.25,2015,50,28.99,33.02
109334,Active,3718981,NA,NA,S,10,1,69832,72.25,2015,72,27.25,28.69
109335,Active,1454047,NA,NA,S,0,0,227313.925,84.47,2007,25,22.97,73.78
109336,Active,2041751,NA,NA,S,0,0,36496.225,27.95,2014,48,4.17,12.5
109337,Active,107907,NA,NA,S,1,0,200077,38.99,2007,24,22.91,36.99
109338,Active,874587,NA,NA,S,11,1,5122.52375,60.5,2015,48,33.99,40.99
109339,Active,173882,NA,NA,S,2,1,511842.0863,34.99,2005,47,8.27,27.97
109340,Active,2364488,NA,NA,S,0,0,271313.515,91.55,1995,56,4.32,16.79
109341,Active,845235,NA,NA,S,0,0,468309.8475,133.91,1990,15,19.52,0
109342,Active,270650,NA,NA,S,0,0,106596.8,33,2009,21,18.39,26.93
109343,Active,251001,NA,NA,S,0,0,118403.025,29.95,2010,63,4,9.99
109344,Active,140930,NA,NA,S,1,0,101888.275,63.99,1999,18,18.87,93.99
109345,Active,669347,NA,NA,S,0,0,329021.075,120.25,2009,20,32,58.99
109346,Active,1943089,NA,NA,S,1,0,39445.1,35,2014,42,9.64,19.49
109347,Active,133416,NA,NA,S,4,1,114510.86,47.8,2011,44,7.99,23.98
109348,Active,905491,NA,NA,S,2,1,536773.1325,52.73,2000,26,11.99,38.44
109349,Active,696209,NA,NA,S,1,0,774852.785,119.45,2009,15,9.11,18.98
109350,Active,696194,NA,NA,S,0,0,216159.5725,96.2,2009,50,11.98,48.99
109351,Active,157109,NA,NA,S,0,0,382338.5175,78.95,2004,36,14.31,53.98
109352,Active,108062,NA,NA,S,1,0,60853.64625,214.75,2002,79,19.85,72.95
109353,Active,644225,NA,NA,S,0,0,580085.6888,41.95,2000,30,13.33,34.85
109354,Active,3802549,NA,NA,S,0,0,124200.95,75,2012,24,26.89,33.98
109355,Active,686561,NA,NA,S,1,0,114334.15,26.99,2013,29,9.04,17.56
109356,Active,2163756,NA,NA,S,0,0,66842.95,24.95,2014,17,17.71,18.65
109357,Active,916930,NA,NA,S,1,0,73865.025,23.99,2007,23,6.88,17.06
109358,Active,718609,NA,NA,S,0,0,573844.5538,74,1999,52,4.88,38.98
109359,Active,2160964,NA,NA,S,0,0,68372.55,30,2015,7,26.33,23.43
109360,Active,531055,NA,NA,S,2,1,58774.5,24.95,2010,57,4.38,8.45
109361,Active,907811,NA,NA,S,0,0,80019.585,19,2013,26,8.14,13.7
109362,Active,140083,NA,NA,S,0,0,43760.72,18.95,2011,47,8.77,12.98
109363,Active,612494,NA,NA,S,10,1,334592.4563,100,2013,25,26.66,100
109364,Active,1471193,NA,NA,S,1,0,141108.425,138.95,2014,23,56.81,102.89
109365,Active,569161,NA,NA,S,1,0,383208.42,39.99,2010,39,12.66,29.97
109366,Active,189795,NA,NA,S,0,0,211138.7325,39.95,2002,26,18.78,29.97
109367,Active,1660760,NA,NA,S,0,0,91052.35,45,2014,11,24.17,23.84
109368,Active,133315,NA,NA,S,4,1,134915.8113,79.2,2011,49,13.49,38.99
109369,Active,263546,NA,NA,S,5,1,29003.9,22.95,2011,39,8.07,13.77
109370,Active,2021671,NA,NA,S,1,0,22069.775,22.95,2010,32,11.97,16.18
109371,Active,532964,NA,NA,S,4,1,14816.4,24.95,2012,42,13.76,13.98
109372,Active,666541,NA,NA,S,0,0,628620.9513,193.95,2003,25,5.89,1988.94
109373,Active,132325,NA,NA,S,1,0,40423.65,34,2008,13,27.35,29.39
109374,Active,648273,NA,NA,S,0,0,724211.29,40.95,2002,19,16.08,16.11
109375,Active,269685,NA,NA,S,0,0,11731.3,40,2008,46,18.61,22.55
109376,Active,3644987,NA,NA,S,17,1,18899.9,49.95,2015,20,43.29,43.6
109377,Active,262685,NA,NA,S,2,1,559013.7663,45.95,2005,45,13.72,47.95
109378,Active,247587,NA,NA,S,0,0,667071.4088,99,2007,37,8.49,48.51
109379,Active,610295,NA,NA,S,16,1,88479.64125,98,2013,63,40.98,67.73
109380,Active,810612,NA,NA,S,1,0,116753.675,30,2011,69,4,9.23
109381,Active,158272,NA,NA,S,2,1,390161.685,57.95,2006,33,11.31,52.38
109382,Active,1938852,NA,NA,S,0,0,173179.075,39,2014,17,24.19,29.29
109383,Active,631663,NA,NA,S,1,0,99350.7,32.44,2008,21,10.93,13.1
109384,Active,637158,NA,NA,S,1,0,39994.075,32.44,2008,25,9.41,17.37
109385,Active,2031119,NA,NA,S,0,0,212422,29.95,2015,22,6.09,18.17
109386,Active,184486,NA,NA,S,1,0,229284.8875,54.95,2003,31,19.94,43.62
109387,Active,2406270,NA,NA,S,0,0,189768.6063,19.99,1991,29,12.88,15.21
109388,Active,201731,NA,NA,S,0,0,359675.0725,52.95,2014,24,4,33.99
109389,Active,649963,NA,NA,S,4,1,508516.9388,34.95,2011,28,17.63,33.87
109390,Active,832579,NA,NA,S,0,0,290659.2188,88.95,1998,27,7.99,60.99
109391,Active,833882,NA,NA,S,1,0,554052.8538,130,1996,20,12.02,58.99
109392,Active,2113113,NA,NA,S,0,0,151791.85,24.95,2015,15,15.31,16.94
109393,Active,610334,NA,NA,S,5,1,41041.88625,97.25,2013,47,31.99,62.24
109394,Active,869794,NA,NA,S,9,1,744538.94,49.5,2013,14,17.45,33.99
109395,Active,246722,NA,NA,S,1,0,681134.4225,44.95,2010,29,10.17,32.59
109396,Active,1565309,NA,NA,S,1,0,124688.925,28.95,2014,46,4.06,7.98
109397,Active,874788,NA,NA,S,0,0,62243.60125,79.95,2014,51,32.26,63.99
109398,Active,869096,NA,NA,S,45,1,277638.365,59.75,2015,37,7.06,55.83
109399,Active,917601,NA,NA,S,3,1,164193.6638,84.99,2014,55,19.02,47.99
109400,Active,544315,NA,NA,S,2,1,55692.6625,202.95,2013,94,30.53,49.23
109401,Active,3461434,NA,NA,S,9,1,12444,88.95,2016,21,50.37,75.08
109402,Active,608161,NA,NA,S,7,1,480920.195,222.95,1997,74,4,9.98
109403,Active,627821,NA,NA,S,2,1,90791.1975,85.95,2013,73,14.54,49.64
109404,Active,452816,NA,NA,S,12,1,351838.7063,141.95,2009,37,46.61,68.96
109405,Active,612608,NA,NA,S,13,1,27051.315,95.98,2013,44,30.25,77.49
109406,Active,639671,NA,NA,S,13,1,34569.00875,85.99,2013,56,18.99,38.99
109407,Active,133423,NA,NA,S,6,1,393937.7563,205.6,2011,52,4.41,51.55
109408,Active,613209,NA,NA,S,1,0,175200.125,114.2,2002,57,5.84,9.47
109409,Active,870374,NA,NA,S,0,0,221329.31,7.98,2005,30,5.37,6.99
109410,Active,1463868,NA,NA,S,2,1,169105.2438,31.19,2010,23,10.7,19.97
109411,Active,1496312,NA,NA,S,1,0,53633.45,25,2011,22,12.95,15.19
109412,Active,684767,NA,NA,S,2,1,3542.375,26,2012,22,14.63,16.56
109413,Active,1471450,NA,NA,S,1,0,633445.8738,74,2014,18,10.58,47.37
109414,Active,112356,NA,NA,S,13,1,67990.345,238.7,2009,58,26.92,73.98
109415,Active,917299,NA,NA,S,2,1,895865.275,162,2006,28,6.61,45.99
109416,Active,870031,NA,NA,S,0,0,567146.5575,62.28,2004,35,12.54,55.39
109417,Active,206558,NA,NA,S,0,0,862359.1438,60,2003,49,4.56,38.67
109418,Active,896776,NA,NA,S,0,0,9758.15,22.95,2011,12,12.73,16.06
109419,Active,153665,NA,NA,S,1,0,141833.5,29.95,2009,50,5.68,19.36
109420,Active,184544,NA,NA,S,1,0,161179.9338,49.95,2005,31,15.36,24.68
109421,Active,125938,NA,NA,S,0,0,585712.1513,45,1997,41,4,33.99
109422,Active,209444,NA,NA,S,1,0,594659.2488,62,2001,26,4,55.2
109423,Active,246616,NA,NA,S,1,0,392653.8338,41.95,2009,24,9.47,29.92
109424,Active,2649221,NA,NA,S,1,0,221718.4425,44.95,2003,29,18.96,36.01
109425,Active,611867,NA,NA,S,0,0,234805.65,36.95,2013,25,8.4,12.8
109426,Active,579733,NA,NA,S,0,0,167752.75,24.95,2012,11,31.99,24.95
109427,Active,902263,NA,NA,S,2,1,170505.725,24.95,2014,15,18.04,17.5
109428,Active,126665,NA,NA,S,0,0,529479.1925,49.95,2006,37,16.27,41.17
109429,Active,555670,NA,NA,S,1,0,306923.635,27.95,2007,24,6.99,24.3
109430,Active,130972,NA,NA,S,2,1,317732.575,67.6,2011,72,4,28.76
109431,Active,860275,NA,NA,S,2,1,498962.25,99.87,2011,13,27.99,0
109432,Active,267065,NA,NA,S,0,0,91745.5,32.99,2007,32,9.73,15.63
109433,Active,2458014,NA,NA,S,0,0,676658.1025,45,2004,24,13.99,19.99
109434,Active,713782,NA,NA,S,4,1,860180.2138,74,1999,19,4,12.21
109435,Active,624126,NA,NA,S,0,0,310841.5413,82.32,2006,30,20.94,51.98
109436,Active,900599,NA,NA,S,0,0,153458.8,39.99,2012,11,11.4,21.98
109437,Active,3069409,NA,NA,S,2,1,482682.8338,35,2003,41,13.54,67.93
109438,Active,861153,NA,NA,S,2,1,184350.4375,57.8,2013,28,11.99,45.99
109439,Active,1877855,NA,NA,S,0,0,46895.75,29.99,2012,15,23.97,21.42
109440,Active,246753,NA,NA,S,1,0,660770.7625,58.95,2010,38,14.43,44.19
109441,Active,682519,NA,NA,S,0,0,171382.725,28,2013,48,4,9.98
109442,Active,2441540,NA,NA,S,1,0,647317.5725,47,2003,32,13.98,36.64
109443,Active,155223,NA,NA,S,3,1,395945.6438,129.95,2000,43,13.45,34.49
109444,Active,3566395,NA,NA,S,0,0,67282.9,50,2016,12,34.98,29.22
109445,Active,532942,NA,NA,S,6,1,155733.8413,37,2009,35,23.53,25.97
109446,Active,185197,NA,NA,S,1,0,77944.675,30,2011,21,21.82,84.3
109447,Active,538922,NA,NA,S,0,0,371676.495,173.25,2002,57,4.87,33.2
109448,Active,612445,NA,NA,S,1,0,118529.775,50,2013,16,37.98,42.06
109449,Active,170165,NA,NA,S,4,1,150662.125,203.95,2011,52,8.83,59.53
109450,Active,427776,NA,NA,S,2,1,69661.95,35.95,2010,23,21.98,27.74
109451,Active,570919,NA,NA,S,0,0,531906.1388,33.99,2008,16,32.58,0
109452,Active,2648512,NA,NA,S,1,0,193667.5163,64.95,2001,34,6.34,43.74
109453,Active,3483850,NA,NA,S,1,0,99129.875,64.95,2016,17,37.89,41.28
109454,Active,874815,NA,NA,S,4,1,22988.9425,119.5,2014,44,53.99,80.98
109455,Active,110621,NA,NA,S,3,1,107792.56,170.25,2008,40,53.97,113.31
109456,Active,609433,NA,NA,S,6,1,597499.89,24.99,2004,24,8.98,28.99
109457,Active,617658,NA,NA,S,1,0,74116.825,31.5,2008,53,5.99,12.78
109458,Active,920496,NA,NA,S,1,0,198643.4688,40,2005,62,8.93,45.99
109459,Active,897128,NA,NA,S,5,1,813297.0025,138.89,2012,37,7.88,138.08
109460,Active,573129,NA,NA,S,0,0,80348.2,29.5,2008,15,12.72,22.07
109461,Active,688455,NA,NA,S,1,0,90626.025,29.95,2013,25,21.4,23.87
109462,Active,1494810,NA,NA,S,1,0,84648.975,25.99,2014,52,5.42,15.72
109463,Active,1624796,NA,NA,S,1,0,49334.825,28.95,2015,24,13.67,9.98
109464,Active,2027069,NA,NA,S,1,0,55288.25,54.5,2012,26,26.87,48.43
109465,Active,1627359,NA,NA,S,0,0,227274.825,26.95,2011,17,10.99,18.97
109466,Active,3069370,NA,NA,S,2,1,659023.71,47,2000,50,4.95,20.74
109467,Active,2040715,NA,NA,S,3,1,206264.45,32.07,2010,10,20.91,35.07
109468,Active,2807393,NA,NA,S,1,0,341052.1088,49.5,2001,62,4.61,19.99
109469,Active,273641,NA,NA,S,0,0,588854.4163,45,2007,56,4,9.95
109470,Active,3731261,NA,NA,S,0,0,25293.55,50,2015,16,25.98,30.21
109471,Active,735109,NA,NA,S,0,0,76604.725,26.99,2014,38,7.99,8.98
109472,Active,1483855,NA,NA,S,0,0,158671.975,25,2014,16,21.49,21.96
109473,Active,866648,NA,NA,S,0,0,17287.845,29.99,2013,130,4,15.28
109474,Active,236817,NA,NA,S,3,1,368092.2563,85.03,2007,29,4,125.63
109475,Active,2671988,NA,NA,S,0,0,239257.1888,22.5,2003,28,10.86,11.88
109476,Active,153538,NA,NA,S,1,0,159644.5075,14.95,2001,53,4.31,11.2
109477,Active,872644,NA,NA,S,3,1,39726.81125,125.8,2014,61,46.98,76.79
109478,Active,3485509,NA,NA,S,3,1,220534.3,83.33,2014,52,10.44,30.73
109479,Active,533464,NA,NA,S,5,1,29970.1,60.2,2012,43,23.5,64.42
109480,Active,3741199,NA,NA,S,2,1,345413.05,22,2015,44,10.04,21.04
109481,Active,139900,NA,NA,S,0,0,95036.625,26,2011,43,4,6.5
109482,Active,1942723,NA,NA,S,0,0,134939.2,28.99,2013,60,4,5.07
109483,Active,796717,NA,NA,S,0,0,671453.9463,24.99,2012,22,13.96,52.47
109484,Active,150748,NA,NA,S,1,0,148556.06,50,1999,54,11.22,25.99
109485,Active,246391,NA,NA,S,1,0,415291.505,48.95,2005,36,17.36,37.87
109486,Active,1645589,NA,NA,S,0,0,71758.55,32,2014,13,17.05,27.18
109487,Active,1523348,NA,NA,S,0,0,214834.425,24,2008,61,4,5.99
109488,Active,1576662,NA,NA,S,0,0,162177.5,39.95,2013,13,26.39,29.61
109489,Active,912530,NA,NA,S,4,1,604995.0713,27.95,2014,28,7.98,18.94
109490,Active,686786,NA,NA,S,0,0,154479.425,25,2010,15,12.14,22.35
109491,Active,684115,NA,NA,S,1,0,70868.5,28.95,2013,39,10.89,12.87
109492,Active,2404444,NA,NA,S,0,0,365036.565,39.99,1986,62,4,25.79
109493,Active,1705469,NA,NA,S,0,0,43211.425,28,2015,45,10.93,17.44
109494,Active,544663,NA,NA,S,11,1,13021.19,215.95,2013,102,15.64,45.74
109495,Active,133386,NA,NA,S,4,1,194924.7938,73.8,2010,126,4.86,29.44
109496,Active,720605,NA,NA,S,1,0,614173.46,95,2002,29,11.99,43.97
109497,Active,810365,NA,NA,S,0,0,200746.15,30,2012,53,4,6.54
109498,Active,687268,NA,NA,S,1,0,119288.675,29.99,2013,32,11.08,12.24
109499,Active,1688360,NA,NA,S,0,0,22183.775,50,2014,14,35.16,29.76
109500,Active,1946442,NA,NA,S,8,1,30846.02,153.5,2014,38,33.99,53.96
109501,Active,3719010,NA,NA,S,8,1,101265.775,0,2015,51,15.88,16.94
109502,Active,655139,NA,NA,S,1,0,50111.525,34.95,2013,21,22.87,26.49
109503,Active,2165267,NA,NA,S,2,1,101655.95,24.95,2010,22,16.49,16.27
109504,Active,231831,NA,NA,S,0,0,717140.745,21,1999,45,4,16.96
109505,Active,1625708,NA,NA,S,0,0,108021.45,27.95,2014,27,9.96,21.47
109506,Active,913812,NA,NA,S,0,0,199799.375,25,2011,20,14.04,14.98
109507,Active,287775,NA,NA,S,3,1,265830.8913,37,2008,51,12.21,41.38
109508,Active,722993,NA,NA,S,1,0,770615.35,99,2007,36,7.38,13.99
109509,Active,894936,NA,NA,S,0,0,78788.7,21.99,2015,19,12.03,15.98
109510,Active,103158,NA,NA,S,0,0,38437.51,15.99,2007,87,5.62,10.26
109511,Active,2781717,NA,NA,S,4,1,304282.8813,26,1993,179,4,8.89
109512,Active,2247108,NA,NA,S,2,1,509467.4925,14.5,2011,12,8.49,8.52
109513,Active,2015972,NA,NA,S,5,1,76028.225,26.95,2013,12,19.9,20.47
109514,Active,2164811,NA,NA,S,5,1,42856.65,34.95,2014,10,29.96,26.44
109515,Active,1565339,NA,NA,S,1,0,39739.325,26.95,2015,26,16.62,16.63
109516,Active,791093,NA,NA,S,1,0,94099.275,25,2009,54,4,9.68
109517,Active,2082109,NA,NA,S,0,0,22761.3,29.99,2012,18,17.2,20.8
109518,Active,2394369,NA,NA,S,0,0,22119.32125,6.99,1989,159,4,5.99
109519,Active,3589936,NA,NA,S,1,0,86096.6,40.95,2008,10,29.59,30.19
109520,Active,3739807,NA,NA,S,0,0,61069.45,24.99,2016,11,20.76,17.16
109521,Active,1498321,NA,NA,S,0,0,402202.6475,64.99,2014,15,18.92,37.12
109522,Active,1499051,NA,NA,S,0,0,138867.1813,34.99,2006,29,11.51,18.62
109523,Active,3504916,NA,NA,S,0,0,16042.85,25,2015,15,23.98,23.75
109524,Active,1690248,NA,NA,S,0,0,27164.175,25.96,2008,24,11.77,12.87
109525,Active,2013736,NA,NA,S,0,0,189658.375,55.76,2009,34,10.73,38.08
109526,Active,2013707,NA,NA,S,2,1,22952.675,21.95,2011,21,8.63,16.03
109527,Active,2013718,NA,NA,S,0,0,199265.575,20.48,2007,62,4.47,20.24
109528,Active,1532658,NA,NA,S,1,0,131193,28.95,2013,33,7.64,23.77
109529,Active,3879958,NA,NA,S,1,0,195263.625,49.95,2013,19,33.63,35.01
109530,Active,750125,NA,NA,S,1,0,75620.7,35,2010,52,9.58,9.82
109531,Active,150780,NA,NA,S,0,0,187676.735,16,2000,30,10.29,0
109532,Active,2121388,NA,NA,S,0,0,113180.15,21.95,2008,32,13.4,13.4
109533,Active,918546,NA,NA,S,1,0,41399.3625,40.95,2009,36,15.68,23.99
109534,Active,1955759,NA,NA,S,0,0,78823.775,25,2012,12,24.24,24.95
109535,Active,603430,NA,NA,S,0,0,557165.385,14.95,2008,57,4,0
109536,Active,279466,NA,NA,S,0,0,698247.6675,15.95,2007,49,4,0
109537,Active,684098,NA,NA,S,14,1,580179.1638,25,1982,25,14.22,192.71
109538,Active,150694,NA,NA,S,0,0,726909.11,29.95,2001,277,3.94,0
109539,Active,558272,NA,NA,S,0,0,574026.1563,30,2002,44,6.6,0
109540,Active,548795,NA,NA,S,0,0,8076.22125,14.99,2010,149,5.01,0
109541,Active,2397177,NA,NA,S,0,0,738641.745,32.95,1986,25,4,51.29
109542,Active,565035,NA,NA,S,1,0,575745.505,60,2001,32,8.99,34.97
109543,Active,217031,NA,NA,S,2,1,523872.2963,35,2004,30,4.98,20.97
109544,Active,1937303,NA,NA,S,0,0,36022.425,21,2011,31,10.15,12.79
109545,Active,562750,NA,NA,S,1,0,194532.625,28.95,2011,46,4,19.69
109546,Active,154253,NA,NA,S,0,0,149068.9913,81.25,1997,35,17.99,59.83
109547,Active,3783879,NA,NA,S,4,1,318267.525,39.95,2008,16,17.3,35.51
109548,Active,1731625,NA,NA,S,0,0,51581.925,22.5,2012,16,17.84,15.9
109549,Active,576937,NA,NA,S,0,0,668544.1475,47.95,2007,27,7.97,43.03
109550,Active,2277195,NA,NA,S,3,1,16676.15,0,2013,0,0,9.48
109551,Active,3756013,NA,NA,S,3,1,49171.725,37,2016,18,29.05,29.17
109552,Active,174854,NA,NA,S,0,0,563501.7975,54.99,2006,35,15.5,0
109553,Active,2203732,NA,NA,S,0,0,130911.75,45,2014,23,16.57,21.99
109554,Active,1941596,NA,NA,S,0,0,89990.575,31.95,2010,8,30.66,27.97
109555,Active,2862239,NA,NA,S,2,1,9353.27375,8,1993,145,4,8
109556,Active,426816,NA,NA,S,0,0,112493.57,37.95,1999,75,4.54,26.79
109557,Active,2896369,NA,NA,S,0,0,51642.78875,9,1983,110,4,9
109558,Active,128565,NA,NA,S,0,0,598502.9225,31.95,1998,51,4,11.78
109559,Active,1493889,NA,NA,S,0,0,110389.575,22,2011,25,11.94,16.72
109560,Active,174392,NA,NA,S,1,0,165508.65,28.99,2007,33,18.16,21.99
109561,Active,888570,NA,NA,S,0,0,526516.23,18.75,2010,25,15.98,16.05
109562,Active,2158241,NA,NA,S,0,0,741357.8525,23.95,2009,14,25.28,47.99
109563,Active,2599029,NA,NA,S,0,0,483479.2025,23,1992,45,4,19.92
109564,Active,281970,NA,NA,S,1,0,64224.845,75.6,1999,58,14.04,51.99
109565,Active,3562757,NA,NA,S,0,0,340707.95,62,2001,103,4,39.89
109566,Active,3498893,NA,NA,S,0,0,244352.35,24.99,2013,16,13.97,23
109567,Active,649528,NA,NA,S,0,0,89737.425,35,2013,14,24.05,23.83
109568,Active,249750,NA,NA,S,1,0,665877.0425,131.95,2007,46,7.39,60.67
109569,Active,202192,NA,NA,S,1,0,558896.3388,158.95,1999,44,4.71,47.64
109570,Active,690801,NA,NA,S,0,0,72942.5,29.99,2014,15,19.95,20.29
109571,Active,680800,NA,NA,S,0,0,64685,24.99,2013,37,8.95,8.98
109572,Active,689029,NA,NA,S,0,0,59484.475,24.95,2013,17,18.44,20.05
109573,Active,2667253,NA,NA,S,1,0,188749.4488,49.95,1998,203,4,10.48
109574,Active,1780908,NA,NA,S,1,0,71950.425,29.95,2014,66,5.69,13.98
109575,Active,2612838,NA,NA,S,1,0,382505.3975,49.99,2002,37,12.85,21.35
109576,Active,668672,NA,NA,S,7,1,246168.675,25.99,2010,16,19.7,34.05
109577,Active,228980,NA,NA,S,2,1,143018.525,39,2007,18,26.14,35.32
109578,Active,231872,NA,NA,S,1,0,531254.1875,46,2011,22,8.39,41.74
109579,Active,1923841,NA,NA,S,0,0,114006.8,59.95,2011,22,42.53,46.49
109580,Active,447491,NA,NA,S,1,0,114574,162.5,2010,24,53.99,111.98
109581,Active,139172,NA,NA,S,1,0,99103.825,33,2008,36,11.27,21.99
109582,Active,337037,NA,NA,S,1,0,375390.5025,145,2010,26,44.72,0
109583,Active,1891245,NA,NA,S,0,0,142133.2,24.99,2013,8,17.99,17.52
109584,Active,215234,NA,NA,S,4,1,53262.775,22.95,2009,16,16.24,16.25
109585,Active,149656,NA,NA,S,5,1,517446.9425,49.95,2009,54,17.11,41.28
109586,Active,390271,NA,NA,S,0,0,27396.375,20,2003,43,7.44,20
109587,Active,1767385,NA,NA,S,0,0,164762.25,29.99,2015,17,24.82,24.58
109588,Active,410024,NA,NA,S,1,0,607653.1975,46.95,2008,27,11.98,33.84
109589,Active,246444,NA,NA,S,1,0,444854.4075,51.95,2006,32,6.97,34.58
109590,Active,174372,NA,NA,S,1,0,833287.6475,49.99,2008,22,15.29,36.97
109591,Active,687422,NA,NA,S,0,0,106565.625,29.99,2011,21,18.62,20.5
109592,Active,347555,NA,NA,S,1,0,122297.225,34.99,2010,21,23.43,31.24
109593,Active,924296,NA,NA,S,8,1,3361.6,118.95,2014,96,28.4,62.63
109594,Active,1659031,NA,NA,S,1,0,274559.4088,69,2011,18,17.48,52.99
109595,Active,212535,NA,NA,S,3,1,651148.5038,131.2,2006,33,13.94,67.8
109596,Active,106815,NA,NA,S,1,0,186170.075,108,2012,34,22.26,34.13
109597,Active,385786,NA,NA,S,1,0,584086.0625,41.95,2012,20,15.6,26.57
109598,Active,175075,NA,NA,S,1,0,228642.6288,34.99,2009,37,18.99,33.31
109599,Active,288874,NA,NA,S,6,1,752074.3725,327.95,2003,34,4.31,32.9
109600,Active,1476664,NA,NA,S,1,0,88559.525,35,2014,15,23.87,25.43
109601,Active,134860,NA,NA,S,3,1,851887.9038,43,2010,29,15.87,36.62
109602,Active,569136,NA,NA,S,1,0,510312.6613,39.99,2009,26,21.86,32.96
109603,Active,894969,NA,NA,S,3,1,39103.2,23.95,2012,18,24.2,21.56
109604,Active,246765,NA,NA,S,1,0,880250.4038,41.95,2010,22,16.49,26.87
109605,Active,1647081,NA,NA,S,1,0,236070.925,26.95,2007,19,23.88,24.19
109606,Active,642008,NA,NA,S,1,0,78505.625,44.5,2013,15,26.21,36.79
109607,Active,2654550,NA,NA,S,2,1,570499.265,57.5,1996,19,11.95,73.69
109608,Active,1573022,NA,NA,S,0,0,588545.1175,18.95,2009,30,11.27,15.04
109609,Active,127391,NA,NA,S,4,1,113537.3,24.95,2010,22,22.86,20.13
109610,Active,1556210,NA,NA,S,1,0,380588.9938,44.95,2011,28,19.95,23.94
109611,Active,247176,NA,NA,S,3,1,742452.2025,57.95,2010,24,4.73,18.08
109612,Active,292291,NA,NA,S,1,0,283584.2225,86.95,1999,44,4,28.4
109613,Active,53569,NA,NA,S,16,1,52554.87375,104.2,2010,65,6.78,88.99
109614,Active,872256,NA,NA,S,1,0,96848.76,86.49,1973,36,18.06,92.09
109615,Active,385627,NA,NA,S,1,0,475990.3588,41.95,2008,19,16.84,29.01
109616,Active,269378,NA,NA,S,1,0,100593.5,92.95,2006,27,56.56,71.39
109617,Active,327575,NA,NA,S,0,0,267561.3725,58,1997,22,6.99,52.2
109618,Active,595459,NA,NA,S,0,0,372346.2125,59.95,2011,27,23.84,39.75
109619,Active,278544,NA,NA,S,2,1,152167,29.95,2007,29,10.29,8.99
109620,Active,392271,NA,NA,S,0,0,87990.475,49.95,2011,20,39.78,39.85
109621,Active,131504,NA,NA,S,3,1,792848.9688,42.6,2001,41,4,6.12
109622,Active,275670,NA,NA,S,3,1,44891.8225,117.5,2008,65,34.53,61.75
109623,Active,136868,NA,NA,S,0,0,692302.7125,75,1995,21,17.07,43.98
109624,Active,564932,NA,NA,S,0,0,64875,76.95,2011,13,45.94,47.69
109625,Active,113146,NA,NA,S,1,0,231544.2838,79.95,2011,81,29.85,59.48
109626,Active,204954,NA,NA,S,5,1,277866.3038,39.95,2007,33,26.29,35.18
109627,Active,406282,NA,NA,S,1,0,805895.8438,84.99,2005,31,10.89,56.97
109628,Active,266014,NA,NA,S,4,1,678039.635,60,2009,24,15.53,53.99
109629,Active,244401,NA,NA,S,13,1,218160.1488,303.95,2012,53,22.39,68.71
109630,Active,173896,NA,NA,S,0,0,347860.7575,34.99,2007,32,16.64,31.68
109631,Active,1769121,NA,NA,S,1,0,442103.3113,39.99,2014,17,30.78,34.18
109632,Active,875638,NA,NA,S,9,1,195967.0688,100.67,2013,21,33.68,106.39
109633,Active,3775517,NA,NA,S,5,1,37597.5,83.95,2015,67,21.59,53.59
109634,Active,612740,NA,NA,S,1,0,160248.7038,34.95,2013,14,31.75,19.85
109635,Active,543103,NA,NA,S,1,0,507698.1775,44,1997,37,4.98,35.94
109636,Active,859997,NA,NA,S,1,0,135978,34.95,2010,23,27.34,27.6
109637,Active,637669,NA,NA,S,4,1,44601.14625,79,2012,38,25.98,150.24
109638,Active,2076701,NA,NA,S,0,0,359022.15,59.95,2013,16,35.4,53.95
109639,Active,271893,NA,NA,S,0,0,86967.9,39.95,2007,18,12.8,28.99
109640,Active,393433,NA,NA,S,1,0,601605.4138,45.95,2010,30,18.66,42.12
109641,Active,346006,NA,NA,S,3,1,183054.3225,29.95,1967,30,8.56,22.79
109642,Active,1839031,NA,NA,S,1,0,132939.075,56.95,2013,13,23.58,38.8
109643,Active,2609115,NA,NA,S,1,0,677365.6138,49.99,2001,36,4.99,39.11
109644,Active,2133482,NA,NA,S,1,0,181231.075,51,2012,17,33.5,34.57
109645,Active,264962,NA,NA,S,1,0,238599.0475,68.95,2006,34,32.33,60.45
109646,Active,2402977,NA,NA,S,1,0,275166.0888,49.95,1977,33,5.84,34.89
109647,Active,905739,NA,NA,S,2,1,44570.64625,51.95,2015,30,23.94,39.32
109648,Active,55926,NA,NA,S,8,1,66094.80625,135.4,2011,85,27.34,53.56
109649,Active,294775,NA,NA,S,0,0,70103.05,50,2009,26,10.99,21.28
109650,Active,291352,NA,NA,S,0,0,251184.0688,79.99,2008,39,16.06,59.12
109651,Active,253603,NA,NA,S,1,0,122601.375,39.95,2009,24,10.97,36.63
109652,Active,1924208,NA,NA,S,1,0,567051.8388,58,2013,25,6.48,35.45
109653,Active,1588177,NA,NA,S,0,0,177786.425,29.99,2014,13,31.83,27.45
109654,Active,139319,NA,NA,S,1,0,47548.4225,75,1997,33,26.21,38.98
109655,Active,1624139,NA,NA,S,1,0,64249.95,45,2012,15,32.81,33.67
109656,Active,210070,NA,NA,S,0,0,86437.625,34.99,2007,22,24.54,25.98
109657,Active,210071,NA,NA,S,0,0,89763.45,33.99,2007,14,18.62,19.23
109658,Active,1582141,NA,NA,S,0,0,75460.6,29.99,2014,17,17.92,27.92
109659,Active,2066003,NA,NA,S,0,0,718760.655,24.97,2008,13,29.87,24.97
109660,Active,1478151,NA,NA,S,1,0,83660.05,49.95,2015,11,46.82,37.51
109661,Active,110086,NA,NA,S,10,1,40202.37875,270.5,2008,77,23.61,72.3
109662,Active,204969,NA,NA,S,2,1,115332.475,35,2008,17,28.84,22.99
109663,Active,594475,NA,NA,S,1,0,180760.3,88,2012,29,6.48,43.99
109664,Active,135609,NA,NA,S,1,0,301702.5025,49.95,2007,44,8.53,38.9
109665,Active,527610,NA,NA,S,4,1,105942.9888,198.95,2012,53,48.5,105.03
109666,Active,2244413,NA,NA,S,0,0,166082.025,24.95,2010,9,26.6,23.98
109667,Active,1947504,NA,NA,S,0,0,461812.96,6.95,2011,16,8.99,6.95
109668,Active,1939142,NA,NA,S,0,0,82742.3,60,2013,12,47.09,57.26
109669,Active,3498584,NA,NA,S,1,0,165840.425,24.99,2009,17,14.48,15.71
109670,Active,195153,NA,NA,S,0,0,731444.17,59.95,2009,45,6.47,40.01
109671,Active,2163007,NA,NA,S,1,0,130966.3,39.95,2010,23,28.55,30.31
109672,Active,766013,NA,NA,S,2,1,89304.025,179.95,1999,28,32.81,58.4
109673,Active,2765584,NA,NA,S,0,0,561637.4938,199,1997,46,20.25,67.78
109674,Active,564561,NA,NA,S,0,0,179145.685,49.95,2003,28,19.23,39.01
109675,Active,2131361,NA,NA,S,0,0,861198.9925,56,2010,42,12.41,31.93
109676,Active,3544382,NA,NA,S,2,1,710515.2,48.33,1997,34,4.17,49.45
109677,Active,163259,NA,NA,S,1,0,350277.1125,77.95,2004,35,7.47,54.61
109678,Active,1465751,NA,NA,S,0,0,194202.825,0,2011,9,22.43,28.99
109679,Active,175951,NA,NA,S,1,0,110318.6,105,2008,30,37.29,48.47
109680,Active,533903,NA,NA,S,6,1,116234.8125,333.95,1995,45,21.94,29.05
109681,Active,163158,NA,NA,S,11,1,51382.85875,246,2011,46,53.68,95.98
109682,Active,101251,NA,NA,S,7,1,663625.5125,117.95,2000,31,9.76,0
109683,Active,101198,NA,NA,S,7,1,195939.6413,439.95,1999,101,12.48,19.99
109684,Active,2768754,NA,NA,S,1,0,628152.5025,95,1991,35,13.94,67.09
109685,Active,2261467,NA,NA,S,0,0,113666.675,90.59,2011,38,5.84,90.19
109686,Active,676082,NA,NA,S,0,0,37224.975,35,2010,54,8.5,13.96
109687,Active,1550887,NA,NA,S,1,0,514856.91,70.95,2012,26,19.98,37.86
109688,Active,1780760,NA,NA,S,1,0,76183.8,49.95,2014,16,30.03,30.03
109689,Active,1490580,NA,NA,S,1,0,80958.675,63,2014,10,49.87,48.36
109690,Active,274796,NA,NA,S,3,1,201237.32,24.95,1997,43,8.98,123.89
109691,Active,199149,NA,NA,S,1,0,140547.1613,92,2009,31,4.98,0
109692,Active,672026,NA,NA,S,1,0,4300.6675,15.99,1998,171,4,9.81
109693,Active,2831763,NA,NA,S,0,0,20034.6675,7.99,1990,70,4,7.45
109694,Active,222515,NA,NA,S,3,1,579312.065,24.95,2000,68,4,10.89
109695,Active,3082655,NA,NA,S,1,0,121343.0713,9.95,2002,6,17.59,12.44
109696,Active,890965,NA,NA,S,6,1,100994.8275,195,2015,35,48.62,78.99
109697,Active,1517122,NA,NA,S,5,1,463138.9325,178.07,2013,29,47.7,59.66
109698,Active,416632,NA,NA,S,1,0,423342.3063,119.25,2012,42,8.48,33.98
109699,Active,3634883,NA,NA,S,1,0,137974.875,50,2015,11,29.27,44.99
109700,Active,687447,NA,NA,S,0,0,4027.9,29.95,2011,15,21.38,15.53
109701,Active,163450,NA,NA,S,2,1,2427.6,24.99,2011,48,13.57,13.34
109702,Active,877203,NA,NA,S,3,1,184178.3175,80,2015,61,26.57,60.09
109703,Active,147330,NA,NA,S,6,1,825264.2763,82.95,2006,25,4,5.95
109704,Active,501058,NA,NA,S,4,1,109074.035,49.99,2012,60,17.59,33.23
109705,Active,217722,NA,NA,S,7,1,63587.42625,102.99,2009,61,53.32,71.98
109706,Active,561693,NA,NA,S,7,1,608035.3938,52.95,2009,15,4.2,4.98
109707,Active,676924,NA,NA,S,0,0,29228.65,24.95,2008,51,6.93,12.99
109708,Active,1630651,NA,NA,S,4,1,172169.775,38.33,2009,11,43.05,33.79
109709,Active,687939,NA,NA,S,2,1,1595.075,27.99,2013,25,19.7,16.73
109710,Active,3825473,NA,NA,S,0,0,69439.95,49.99,2015,17,31.61,31.04
109711,Active,3045233,NA,NA,S,3,1,76217.43,32.38,1999,73,4.78,48.99
109712,Active,3078471,NA,NA,S,1,0,382534.0763,14.98,2001,40,10.34,36.98
109713,Active,687477,NA,NA,S,0,0,68815.225,24,2010,21,18,21.25
109714,Active,905207,NA,NA,S,0,0,71676.32,22.95,2013,27,14.82,0
109715,Active,1919808,NA,NA,S,1,0,151583.475,39.95,2012,14,32.35,32.35
109716,Active,673768,NA,NA,S,0,0,102639.35,24.95,2010,27,10.51,20.36
109717,Active,2110245,NA,NA,S,0,0,97862.675,24.95,2013,24,12.53,19.92
109718,Active,2110244,NA,NA,S,0,0,42964.325,24.95,2012,28,10.19,11.73
109719,Active,2110246,NA,NA,S,0,0,72586.5,24.95,2013,19,10.08,13.94
109720,Active,688057,NA,NA,S,1,0,19777.925,29.95,2010,18,19.92,20.02
109721,Active,532895,NA,NA,S,2,1,91600.15875,29.95,2008,32,26.39,26.56
109722,Active,610106,NA,NA,S,7,1,103826.845,99.95,2013,34,36.49,57.01
109723,Active,2565319,NA,NA,S,2,1,379820.9313,181.95,1977,44,8.21,73.73
109724,Active,875299,NA,NA,S,2,1,596273.0838,48,1993,31,4,45.74
109725,Active,596147,NA,NA,S,1,0,20764.675,24.95,2010,48,8.91,10.97
109726,Active,924248,NA,NA,S,3,1,146807.415,112.4,2015,16,44.34,73.99
109727,Active,416633,NA,NA,S,3,1,60472.7475,119.25,2012,46,34.27,79.71
109728,Active,3585245,NA,NA,S,1,0,148946.675,74.95,2015,16,33.88,41.98
109729,Active,2015446,NA,NA,S,0,0,247595.25,22,2008,32,4,10.39
109730,Active,682767,NA,NA,S,2,1,212292.325,24.95,2007,27,5.33,20.95
109731,Active,1700558,NA,NA,S,8,1,68119.325,37.95,2006,18,37.95,37.95
109732,Active,261896,NA,NA,S,0,0,331366.1925,24.95,1998,37,8.42,18.94
109733,Active,637018,NA,NA,S,1,0,63045.15,38.95,2010,16,22.89,31.15
109734,Active,2604299,NA,NA,S,0,0,477152.3325,54.99,2004,27,9.91,43.5
109735,Active,1890202,NA,NA,S,2,1,104388.1,44.95,2012,11,38.94,38.87
109736,Active,3794079,NA,NA,S,0,0,61816.75,75,2015,12,25.23,21.58
109737,Active,3525815,NA,NA,S,4,1,164977.3,24.95,2011,17,12.21,18.38
109738,Active,213519,NA,NA,S,0,0,473534.9413,32.95,2002,22,11.51,22.26
109739,Active,1589696,NA,NA,S,1,0,558183.435,54.99,2011,23,16.04,29.83
109740,Active,682307,NA,NA,S,1,0,21353.8,29.99,2011,31,16.46,19.02
109741,Active,138769,NA,NA,S,1,0,762997.2625,50,1996,94,4,11.23
109742,Active,1839360,NA,NA,S,1,0,205726.0738,63.95,2011,29,11.73,39.02
109743,Active,534187,NA,NA,S,1,0,485633.3125,56.95,2009,26,18,38.83
109744,Active,1612335,NA,NA,S,1,0,85063.45,46.95,2008,16,27.46,36.89
109745,Active,630498,NA,NA,S,0,0,52044.325,35,2013,28,6.8,10.97
109746,Active,684229,NA,NA,S,1,0,224404.95,24.95,2011,17,27.02,24.95
109747,Active,542078,NA,NA,S,3,1,60808.78625,104.25,2013,31,53.99,65
109748,Active,2606146,NA,NA,S,0,0,461949.3238,49.99,1999,26,5.74,40.7
109749,Active,170459,NA,NA,S,2,1,92893.675,26.95,2008,39,13.39,16.72
109750,Active,532886,NA,NA,S,5,1,34074.00625,138.4,2011,70,13.23,72.99
109751,Active,175055,NA,NA,S,1,0,112522.075,26.99,2007,43,9.36,17.97
109752,Active,1839604,NA,NA,S,0,0,581382.4338,52.95,2008,24,19.66,35.37
109753,Active,2613539,NA,NA,S,0,0,899883.2063,49.99,2005,60,9.48,33.99
109754,Active,902113,NA,NA,S,0,0,307778.4888,60.48,2006,25,6.54,63.37
109755,Active,2102743,NA,NA,S,0,0,186538.8,25,2014,9,23.69,25
109756,Active,1588480,NA,NA,S,0,0,107819.3,34.99,2015,9,28.99,30.69
109757,Active,1638621,NA,NA,S,0,0,66054.075,21.99,2010,25,8.71,15.25
109758,Active,767320,NA,NA,S,1,0,695403.5163,91.65,2008,37,6.98,10.99
109759,Active,767754,NA,NA,S,1,0,808179.1963,92.55,2009,24,7.07,35.64
109760,Active,735037,NA,NA,S,1,0,83577.85,34.99,2010,16,17.49,23.48
109761,Active,2023753,NA,NA,S,0,0,391822.2963,17.99,2009,74,4.08,24.94
109762,Active,141521,NA,NA,S,20,1,15332.275,21.99,2007,51,9.47,9.98
109763,Active,534561,NA,NA,S,0,0,110428.35,29.95,2010,60,6.59,29.95
109764,Active,638345,NA,NA,S,1,0,66662,38.95,2007,22,28.01,32.8
109765,Active,2081712,NA,NA,S,3,1,35846.5625,15.95,2014,25,6.46,11.37
109766,Active,663661,NA,NA,S,2,1,244132.2163,274.07,2013,24,22.03,261.45
109767,Active,624679,NA,NA,S,2,1,248788.3513,110,2012,57,10.33,80.43
109768,Active,2649694,NA,NA,S,1,0,658359.8388,60.95,2004,44,4.96,39.99
109769,Active,612801,NA,NA,S,0,0,62260.15,60,2013,20,38.59,37.53
109770,Active,1925528,NA,NA,S,0,0,66236.65,69.99,2013,14,33.97,31.46
109771,Active,3829601,NA,NA,S,1,0,54644.8,55,2014,25,35.02,35.37
109772,Active,1781217,NA,NA,S,3,1,360351.5625,29.99,2015,21,19.67,19.68
109773,Active,690465,NA,NA,S,0,0,695239.1388,29.99,2012,31,4,0
109774,Active,906740,NA,NA,S,3,1,482651.8813,44.99,2014,23,7.97,33.99
109775,Active,1779576,NA,NA,S,1,0,101385.5,50,2014,21,23.97,27.92
109776,Active,630006,NA,NA,S,3,1,545907.83,49.99,2011,23,4,25.98
109777,Active,3634795,NA,NA,S,3,1,18956.525,26.99,2015,15,21.34,19.53
109778,Active,2384147,NA,NA,S,2,1,6723.30875,49.99,2015,27,23.99,33.51
109779,Active,1781351,NA,NA,S,3,1,92432.29875,26.99,2015,16,18.15,15.45
109780,Active,3960088,NA,NA,S,0,0,21806.55,26,2015,46,5.14,11.97
109781,Active,907874,NA,NA,S,0,0,570343.4438,24.95,2005,67,4,8.8
109782,Active,924225,NA,NA,S,5,1,91181,70.95,2016,12,49.09,66.75
109783,Active,683436,NA,NA,S,1,0,82509.775,25.95,2008,18,23.99,21.31
109784,Active,1437250,NA,NA,S,1,0,149234.8,77,2014,21,14.01,22.96
109785,Active,646994,NA,NA,S,3,1,465141.6888,90,2012,34,14.64,51.73
109786,Active,2094522,NA,NA,S,0,0,100191.925,29.99,2015,17,15.4,20.66
109787,Active,1780608,NA,NA,S,1,0,31537.425,35,2014,28,15.47,19.99
109788,Active,1460814,NA,NA,S,0,0,217150.59,6.99,2008,49,4,94.86
109789,Active,1496157,NA,NA,S,0,0,42656.975,23,2014,16,16.57,16.27
109790,Active,920269,NA,NA,S,0,0,12314.47875,16.95,2013,45,9.99,9.99
109791,Active,660405,NA,NA,S,0,0,41788.225,49.95,2008,18,40.04,37.13
109792,Active,1434364,NA,NA,S,1,0,92854.775,28.99,2015,15,17.49,18.41
109793,Active,1484559,NA,NA,S,0,0,150213.15,27.5,2012,18,23.83,25.21
109794,Active,532872,NA,NA,S,6,1,590971.5438,27.95,2011,17,26.58,131.35
109795,Active,3815887,NA,NA,S,2,1,336452.4,60,2014,9,40.48,42.62
109796,Active,2014298,NA,NA,S,0,0,126672.75,26.99,2013,27,10.82,13.94
109797,Active,126247,NA,NA,S,1,0,38146.675,50,2004,19,34.68,33.94
109798,Active,1866799,NA,NA,S,0,0,93402.15,29.95,2014,26,18.94,21.21
109799,Active,2006783,NA,NA,S,0,0,193739.6,39.95,2010,11,31.39,39.94
109800,Active,911692,NA,NA,S,0,0,170606.45,25.99,2011,22,11.98,11.98
109801,Active,285828,NA,NA,S,7,1,423447.54,238.4,2004,51,39.59,74.91
109802,Active,262775,NA,NA,S,4,1,506546.3163,86.95,2010,55,20.11,53.99
109803,Active,2108143,NA,NA,S,0,0,177007.975,44.95,2014,12,35.24,36.55
109804,Active,3465700,NA,NA,S,0,0,229003.85,39.95,2007,14,16,26.3
109805,Active,1670987,NA,NA,S,0,0,7573.575,35,2014,19,20.48,21.51
109806,Active,1488280,NA,NA,S,0,0,108246.225,36,2012,30,22.99,28.6
109807,Active,1488282,NA,NA,S,0,0,182242.65,32,2012,25,23.54,23.73
109808,Active,2535287,NA,NA,S,0,0,695325.8763,48.95,1998,24,16.69,36.94
109809,Active,665251,NA,NA,S,1,0,30805.5,34.95,2010,26,24.64,24.14
109810,Active,1554452,NA,NA,S,1,0,43042.075,44.95,2014,12,33.89,36
109811,Active,2011323,NA,NA,S,0,0,41159.75,22.99,2014,13,15.72,15.86
109812,Active,2147151,NA,NA,S,0,0,262708.675,27.17,2012,25,22.34,24.89
109813,Active,2121197,NA,NA,S,0,0,40493.65,29,2013,19,22.47,24.63
109814,Active,1638671,NA,NA,S,1,0,107946.175,24,2012,46,4.1,9.02
109815,Active,3495392,NA,NA,S,0,0,140646.5,40,2007,28,7.78,9.72
109816,Active,126283,NA,NA,S,1,0,190322.0288,24.99,2002,54,4.38,17.08
109817,Active,691181,NA,NA,S,1,0,118312.175,24.95,2013,26,10.44,16.94
109818,Active,2114230,NA,NA,S,0,0,40646.775,35,2014,16,14.67,23.44
109819,Active,865749,NA,NA,S,10,1,240590.6125,221.95,2011,31,8.26,31.99
109820,Active,750220,NA,NA,S,1,0,48716.7,22.99,2008,53,7.97,12.14
109821,Active,1496198,NA,NA,S,1,0,93153.575,35,2015,22,17.99,23.98
109822,Active,3503733,NA,NA,S,0,0,24683.9,25,2014,20,8.36,8.99
109823,Active,3495606,NA,NA,S,0,0,198580.125,55,2008,34,12.49,12.49
109824,Active,1700802,NA,NA,S,1,0,193080.35,22,2010,24,12.64,18.99
109825,Active,108006,NA,NA,S,2,1,118049.3763,84.75,2004,51,51.7,63.99
109826,Active,1815191,NA,NA,S,1,0,105475.575,26.99,2014,41,6.37,7.73
109827,Active,1724585,NA,NA,S,0,0,71967.55,65,2015,16,34.19,43.48
109828,Active,2329815,NA,NA,S,0,0,192092.37,8.99,1992,101,3.95,6.87
109829,Active,622731,NA,NA,S,0,0,50177.46125,40,2007,83,14.13,26.95
109830,Active,1508018,NA,NA,S,1,0,21603.075,40,2010,28,15.68,28.5
109831,Active,3798067,NA,NA,S,0,0,188077,39.95,2013,33,27.72,39.95
109832,Active,612665,NA,NA,S,0,0,83593.95,34.95,2013,23,19.28,34.95
109833,Active,1989637,NA,NA,S,1,0,36236.85,39.99,2015,17,23.97,25.07
109834,Active,1627468,NA,NA,S,0,0,307334.7475,9.95,2010,40,6.59,8.97
109835,Active,858285,NA,NA,S,0,0,148905.575,75,2012,15,32.94,51.78
109836,Active,685103,NA,NA,S,0,0,115740.2,28.95,2010,15,13.49,16.97
109837,Active,1476723,NA,NA,S,1,0,684535.8063,59.95,2014,34,13.01,9.26
109838,Active,734188,NA,NA,S,1,0,92974.625,24.99,2011,30,4,6.96
109839,Active,563644,NA,NA,S,1,0,222208.45,51.5,2012,12,35.56,33.39
109840,Active,169881,NA,NA,S,1,0,242632.845,135.95,2009,48,19.94,85.89
109841,Active,139113,NA,NA,S,0,0,190081.375,78,2004,26,20.99,45.99
109842,Active,228932,NA,NA,S,1,0,25374.18375,22,2004,55,8.99,19.55
109843,Active,287475,NA,NA,S,3,1,105844.0213,101.2,2011,48,22.69,58.87
109844,Active,563363,NA,NA,S,1,0,556331.4363,47.5,1978,43,8.93,27.34
109845,Active,563728,NA,NA,S,0,0,568563.7888,72.5,1985,61,6.42,51.67
109846,Active,177824,NA,NA,S,4,1,462193.8175,66.95,2002,20,4,7.98
109847,Active,516545,NA,NA,S,20,1,250476.8413,117,2012,55,33.86,68.95
109848,Active,184500,NA,NA,S,1,0,377946.925,53.95,2008,26,13.99,36.98
109849,Active,1646845,NA,NA,S,0,0,210832.65,32,2015,9,27.07,23.12
109850,Active,669685,NA,NA,S,0,0,580824.1925,40,2007,18,31.48,32.83
109851,Active,875698,NA,NA,S,3,1,12189.67125,89.95,2014,71,53.89,77.83
109852,Active,1925609,NA,NA,S,2,1,642528.0563,33.95,2007,45,3.86,33.95
109853,Active,2005120,NA,NA,S,5,1,137915.075,0,2008,25,4,26.87
109854,Active,1745814,NA,NA,S,1,0,59668.775,39.95,2013,25,9.98,9.97
109855,Active,3794537,NA,NA,S,1,0,30616.95,7.95,2015,5,10.56,30.84
109856,Active,720255,NA,NA,S,1,0,374345.3763,74,2003,26,7.33,52.3
109857,Active,2015313,NA,NA,S,0,0,4039.4,22.95,2014,15,13.9,16.56
109858,Active,1461378,NA,NA,S,0,0,19165.7,22,2009,24,14.99,14.47
109859,Active,782309,NA,NA,S,3,1,482095.9825,29.99,2012,25,19.9,23.72
109860,Active,3960133,NA,NA,S,32,1,69407.65,22.99,2015,18,11.54,12.96
109861,Active,1918276,NA,NA,S,1,0,49855.775,22.99,2014,13,13.94,15.98
109862,Active,1918187,NA,NA,S,9,1,710121.1925,22.99,2012,41,4,9.17
109863,Active,1918188,NA,NA,S,7,1,121963.8138,24.99,2012,57,6.86,17.24
109864,Active,737422,NA,NA,S,0,0,184410.825,59,2006,3,44,53.99
109865,Active,906808,NA,NA,S,1,0,451516.615,21.95,1993,25,11.62,212.46
109866,Active,747798,NA,NA,S,0,0,165731.8,23.75,2014,20,21.32,25.08
109867,Active,918752,NA,NA,S,0,0,56974.70625,5.99,2005,66,4,5.71
109868,Active,627639,NA,NA,S,2,1,101189.1475,76,2004,31,18.49,48.98
109869,Active,1697839,NA,NA,S,0,0,82779.1,22.95,2013,18,17.64,18.58
109870,Active,752165,NA,NA,S,1,0,77472.55,24.95,2009,28,4.87,9.76
109871,Active,752166,NA,NA,S,1,0,138867.9,24.95,2009,39,5.56,9.49
109872,Active,686645,NA,NA,S,1,0,208560.75,29.95,2013,13,17.35,19.74
109873,Active,2107146,NA,NA,S,0,0,146979.45,35,2014,6,23.98,23.98
109874,Active,2153434,NA,NA,S,1,0,138147.55,29.95,2012,22,7.7,24.87
109875,Active,2153435,NA,NA,S,1,0,181156,29.95,2012,22,6.05,26.38
109876,Active,542650,NA,NA,S,0,0,600701.2788,22.95,2013,37,4,0
109877,Active,2093302,NA,NA,S,0,0,79464.75,33.89,2010,7,34.99,33.89
109878,Active,3624165,NA,NA,S,7,1,15168.3,19.95,2015,4,13.83,15.22
109879,Active,823824,NA,NA,S,0,0,695240.4438,29.95,2007,15,4,13.98
109880,Active,1744037,NA,NA,S,1,0,134247.425,24.95,2009,24,10.22,24.95
109881,Active,532825,NA,NA,S,2,1,757489.005,27.95,2009,36,4.35,101.17
109882,Active,532824,NA,NA,S,0,0,29360.525,22.95,2012,21,7.01,16.41
109883,Active,1754573,NA,NA,S,3,1,8568.3075,17.95,2012,15,13.97,13.55
109884,Active,532823,NA,NA,S,2,1,130058.2388,29.95,2010,26,21.08,895.17
109885,Active,1639781,NA,NA,S,2,1,76853.975,22.95,2014,10,12.08,18.47
109886,Active,612732,NA,NA,S,0,0,16436.65,54.25,2013,18,16.78,48.98
109887,Active,866352,NA,NA,S,0,0,67139.95,26.95,2014,20,11.37,19.53
109888,Active,1639772,NA,NA,S,2,1,51998.375,22.95,2015,18,14.49,18.46
109889,Active,194546,NA,NA,S,7,1,747457.995,20.95,2006,66,4,26.89
109890,Active,1447871,NA,NA,S,5,1,249744,21.25,2007,33,8.33,49.11
109891,Active,253659,NA,NA,S,1,0,103613.7,49.95,2009,22,22.7,32.99
109892,Active,3497918,NA,NA,S,1,0,54885.625,30,2010,45,6.32,18.49
109893,Active,1759993,NA,NA,S,1,0,50167.4,24.99,2012,28,16.44,20
109894,Active,2023110,NA,NA,S,4,1,59891.0525,43.95,2014,33,20.99,31.97
109895,Active,679741,NA,NA,S,0,0,43436.8,24.5,2013,23,15.81,22.97
109896,Active,677007,NA,NA,S,0,0,11252.8,22.5,2012,29,12.44,18.41
109897,Active,2532862,NA,NA,S,1,0,733962.7525,41.95,1997,51,4.18,20.99
109898,Active,642833,NA,NA,S,0,0,194490.45,34.95,2008,15,30.09,31.67
109899,Active,3126040,NA,NA,S,2,1,459242.5563,19.95,1999,43,4,15.7
109900,Active,3733802,NA,NA,S,0,0,112856.2,69.99,2015,6,28.99,48.05
109901,Active,1890974,NA,NA,S,0,0,19352.925,39.99,2012,17,23.17,24.4
109902,Active,2028758,NA,NA,S,0,0,105608.425,44.99,2014,8,29.46,29.46
109903,Active,1891174,NA,NA,S,0,0,57722.7,22.99,2014,13,16.74,15.76
109904,Active,2028726,NA,NA,S,0,0,115966.25,22.99,2010,37,9.43,32.73
109905,Active,2043304,NA,NA,S,0,0,108237.225,21.99,2013,19,11.8,11.94
109906,Active,1777678,NA,NA,S,1,0,111724.975,24.95,2012,32,12.55,12.78
109907,Active,2143163,NA,NA,S,13,1,129755.0888,27.95,2014,12,23.43,21.07
109908,Active,2143155,NA,NA,S,17,1,89876.8,22.95,2011,10,19.83,18.14
109909,Active,1737561,NA,NA,S,14,1,95741.925,34.95,2012,16,26.09,25.04
109910,Active,2143161,NA,NA,S,21,1,576001.075,14.95,2013,27,5.32,86.29
109911,Active,619345,NA,NA,S,0,0,296578.2013,95,2011,45,8.45,0
109912,Active,258470,NA,NA,S,0,0,270405.7113,85,2010,36,18.1,57.99
109913,Active,908132,NA,NA,S,5,1,580102.3188,88,2012,39,9.94,26.62
109914,Active,635356,NA,NA,S,5,1,150718.2925,158,2002,36,12.55,79.47
109915,Active,2116337,NA,NA,S,4,1,747323.2238,14.99,2015,32,5.23,12.11
109916,Active,2203387,NA,NA,S,0,0,650723.1988,60,2011,33,10.46,28.82
109917,Active,561589,NA,NA,S,1,0,783048.1825,64.99,2012,48,5.75,23.98
109918,Active,642291,NA,NA,S,1,0,548761.2438,64.99,2011,68,7.88,36.45
109919,Active,146230,NA,NA,S,1,0,586307.9463,64.99,2009,60,4,12.98
109920,Active,2099610,NA,NA,S,1,0,45554.85,35,2014,15,18.77,23.47
109921,Active,609628,NA,NA,S,3,1,791784.0338,49.99,2010,27,10.75,30.55
109922,Active,2140816,NA,NA,S,0,0,43638.8,39.95,2013,12,28.97,29.41
109923,Active,267387,NA,NA,S,0,0,96170.51625,50,2009,27,43.99,0
109924,Active,632944,NA,NA,S,2,1,859565.5038,125.95,2009,21,14.12,57.99
109925,Active,622015,NA,NA,S,0,0,684623.695,70.58,2007,27,6.22,21.98
109926,Active,647180,NA,NA,S,1,0,86576.725,77.99,2012,16,43.8,46.02
109927,Active,1618085,NA,NA,S,2,1,160860.225,39.99,2011,16,144.5,33.94
109928,Active,116467,NA,NA,S,2,1,3354.63,190.2,2007,82,53.97,118.99
109929,Active,194035,NA,NA,S,2,1,275769.7663,75,2004,27,5.33,36.29
109930,Active,178640,NA,NA,S,1,0,97681.24125,209.95,2011,43,31.29,0
109931,Active,658009,NA,NA,S,5,1,4229.24625,225,2013,89,22.88,41.88
109932,Active,905470,NA,NA,S,0,0,339929.3738,278.65,2007,39,7.73,61.25
109933,Active,702372,NA,NA,S,3,1,650600.0138,74,2014,52,5.96,22.71
109934,Active,182474,NA,NA,S,1,0,636031.5863,148.95,2003,24,6.02,57.59
109935,Active,658066,NA,NA,S,1,0,104253.3,75,2013,13,55.6,55.6
109936,Active,3275754,NA,NA,S,0,0,677957.4125,42.59,1995,41,14.99,39.24
109937,Active,1783627,NA,NA,S,2,1,292753.595,35,2014,27,29.41,27.19
109938,Active,259352,NA,NA,S,0,0,618514.595,53.28,2000,23,6.49,19.98
109939,Active,101391,NA,NA,S,1,0,584496.3063,72.95,2001,37,4.99,23.98
109940,Active,132985,NA,NA,S,5,1,78987.34125,110.4,2010,63,7.6,25.48
109941,Active,2086874,NA,NA,S,0,0,655132.4988,39.95,2013,14,12.93,47.17
109942,Active,634380,NA,NA,S,2,1,482876.7925,201.95,1984,32,9.97,45.89
109943,Active,175054,NA,NA,S,1,0,435260.5225,59.99,2008,31,13.98,23.94
109944,Active,644481,NA,NA,S,0,0,53904.85,32.95,2013,16,22.98,22.99
109945,Active,1715031,NA,NA,S,2,1,241132.3738,65,2007,30,13.77,58.99
109946,Active,1822337,NA,NA,S,5,1,80907.675,38.92,2013,7,46.81,38.47
109947,Active,290464,NA,NA,S,1,0,253731.43,97.25,2004,45,19.84,73.98
109948,Active,638989,NA,NA,S,2,1,242348.5188,52.95,2000,21,5.5,21.99
109949,Active,144516,NA,NA,S,7,1,147777.9138,116.6,2003,58,19.62,90.98
109950,Active,118846,NA,NA,S,2,1,654211.0413,116.6,2007,38,16.9,34.99
109951,Active,697785,NA,NA,S,3,1,205902.05,33.57,2011,13,38.98,40.31
109952,Active,1779996,NA,NA,S,1,0,62690.125,50,2014,16,38.1,31
109953,Active,583368,NA,NA,S,2,1,674471.855,52,2013,16,10.44,33.03
109954,Active,213179,NA,NA,S,0,0,575674.7963,43.95,2006,30,15.79,35.98
109955,Active,660831,NA,NA,S,5,1,68029.97375,260.95,2013,37,52.23,87
109956,Active,194181,NA,NA,S,0,0,41122.35,68,2009,24,19.55,53.07
109957,Active,353656,NA,NA,S,1,0,258443.5675,39.99,2005,43,10.14,24.36
109958,Active,203875,NA,NA,S,1,0,201501.25,79.99,2008,28,9.18,10.48
109959,Active,290267,NA,NA,S,5,1,198531.4863,73.99,2010,27,19.88,0
109960,Active,1952913,NA,NA,S,0,0,83788.55,79.99,2013,15,51.99,54.44
109961,Active,120592,NA,NA,S,3,1,757760.835,116.6,2009,44,9.81,0
109962,Active,544200,NA,NA,S,3,1,92386.4825,230.95,2013,44,48.18,76.01
109963,Active,892886,NA,NA,S,5,1,55231.82375,323.67,2015,55,52.74,103.99
109964,Active,271448,NA,NA,S,0,0,179362.5,35.5,2010,25,23.86,33.63
109965,Active,112058,NA,NA,S,10,1,35158.11,118.5,2011,51,47.62,67.97
109966,Active,867661,NA,NA,S,3,1,34831.36375,86,2014,46,39.48,62.22
109967,Active,298283,NA,NA,S,0,0,710318.1813,92,2008,29,7.3,54.99
109968,Active,391035,NA,NA,S,3,1,46656.2575,128,2011,57,43.6,65.44
109969,Active,199462,NA,NA,S,1,0,501127.2363,81,2001,32,18.63,35.93
109970,Active,632014,NA,NA,S,1,0,109019.675,41.2,2013,14,31.67,34.31
109971,Active,202697,NA,NA,S,0,0,213043.795,24.99,2007,31,10.21,13.99
109972,Active,664741,NA,NA,S,5,1,215834.9388,56,2013,18,12.38,0
109973,Active,638828,NA,NA,S,1,0,186702.825,93.95,2012,37,31.21,38.73
109974,Active,3615183,NA,NA,S,4,1,743983.5,75,2007,37,15.57,47.94
109975,Active,622734,NA,NA,S,1,0,50370.1,59.5,2007,28,38.31,40.33
109976,Active,1615865,NA,NA,S,1,0,180042.925,29.99,2009,29,19.85,19.72
109977,Active,1690716,NA,NA,S,0,0,220333.05,24,2009,20,16.78,18.21
109978,Active,126478,NA,NA,S,1,0,546458.1163,72.95,2003,42,7.7,47.54
109979,Active,53728,NA,NA,S,5,1,22518.0775,115.95,2009,97,50.48,78.01
109980,Active,266248,NA,NA,S,8,1,84649.0575,212.6,2012,64,48.24,147.74
109981,Active,51961,NA,NA,S,5,1,509204.9013,144.6,2006,25,3.99,14.5
109982,Active,142115,NA,NA,S,3,1,19880.83625,79.25,2011,44,21.13,64.19
109983,Active,275493,NA,NA,S,2,1,28000.075,21.95,2007,47,12.04,12.22
109984,Active,1491383,NA,NA,S,0,0,126441.225,26.95,2009,20,18.63,18.65
109985,Active,537697,NA,NA,S,7,1,10217.2375,172.25,2011,103,53.98,86.78
109986,Active,3291035,NA,NA,S,5,1,92948.275,50.75,1900,18,6.08,52.61
109987,Active,796860,NA,NA,S,52,1,120393.325,24.99,2013,16,11.43,13.94
109988,Active,680996,NA,NA,S,0,0,8079.75,29.95,2011,13,20.67,19.35
109989,Active,508949,NA,NA,S,1,0,106245.2975,59.95,2001,77,17.49,36.58
109990,Active,138377,NA,NA,S,1,0,652095.775,45,2006,18,12.89,29.83
109991,Active,2867105,NA,NA,S,1,0,568270.055,132.95,1991,23,6.39,90.93
109992,Active,2530943,NA,NA,S,1,0,354461.4475,45.95,1994,24,10.04,40.57
109993,Active,189953,NA,NA,S,0,0,310079.7838,41.95,2005,31,12.75,25.97
109994,Active,629501,NA,NA,S,1,0,447999.8038,40.95,2001,34,16.53,35.8
109995,Active,2009698,NA,NA,S,8,1,83487.725,29.99,2014,15,21.94,22.23
109996,Active,864980,NA,NA,S,2,1,42732.675,24.99,2013,21,15.56,16.3
109997,Active,2592088,NA,NA,S,0,0,70534.3225,54.99,1983,39,17.95,49.97
109998,Active,532768,NA,NA,S,2,1,88418.05125,16,2007,66,4,11.51
109999,Active,905291,NA,NA,S,0,0,260359.475,44.99,2011,17,29.97,34.57
110000,Active,1784123,NA,NA,S,0,0,111151.175,39.99,2013,12,37.19,37.23
110001,Active,1710508,NA,NA,S,0,0,200686.9,25,2012,22,16.99,21.79
110002,Active,1573236,NA,NA,S,0,0,60361.075,29.95,2011,9,20.93,20.93
110003,Active,2070486,NA,NA,S,8,1,528687.5175,53.28,2009,23,7.97,49.5
110004,Active,797139,NA,NA,S,1,0,82570.025,25.99,2012,43,4.93,10.31
110005,Active,293691,NA,NA,S,2,1,122795.85,39.95,2006,32,3.85,34.99
110006,Active,298089,NA,NA,S,2,1,76740.6375,49.95,2010,110,20.59,26.14
110007,Active,272057,NA,NA,S,0,0,327020.5863,29.95,2007,22,15.35,16.97
110008,Active,2612326,NA,NA,S,0,0,572352.8213,39.99,2004,21,23.98,39.91
110009,Active,3484384,NA,NA,S,1,0,140014.125,79.95,2015,22,56.98,58.76
110010,Active,868327,NA,NA,S,3,1,17902.13375,76.5,2015,56,33.05,55.99
110011,Active,517578,NA,NA,S,1,0,109242.55,21.99,2008,36,6.31,12.51
110012,Active,300389,NA,NA,S,0,0,169291.075,29.95,2008,35,4.98,21.33
110013,Active,429579,NA,NA,S,0,0,101893.025,40,2010,16,26.98,28.43
110014,Active,659484,NA,NA,S,1,0,797146.92,40,2010,19,29.74,36.21
110015,Active,2593147,NA,NA,S,0,0,345047.4525,64.99,1983,32,12.52,26.72
110016,Active,2593343,NA,NA,S,2,1,397786.4513,39.99,1983,49,4.88,27.99
110017,Active,1935454,NA,NA,S,4,1,82270.55625,23.95,2013,22,8.99,15.15
110018,Active,1935400,NA,NA,S,1,0,40707.175,24.95,2012,22,12.98,17.32
110019,Active,798182,NA,NA,S,1,0,33583.425,24.95,2013,64,5.93,10.34
110020,Active,898863,NA,NA,S,0,0,553321.1413,75,2014,22,18.46,45
110021,Active,909238,NA,NA,S,1,0,543430.5575,85,1992,27,5.55,51.69
110022,Active,626183,NA,NA,S,6,1,847733.6775,82.64,2009,31,11.59,56.98
110023,Active,1672192,NA,NA,S,1,0,34965.175,23.99,2008,18,14.79,16.72
110024,Active,162002,NA,NA,S,3,1,277508.1013,95,2008,50,12.49,31.74
110025,Active,643851,NA,NA,S,1,0,177059.5,51.95,2010,17,32.85,33.16
110026,Active,640599,NA,NA,S,1,0,758949.84,75,2010,21,11.06,26.66
110027,Active,246341,NA,NA,S,1,0,235762.5488,65.95,2006,19,8.33,63.33
110028,Active,751302,NA,NA,S,4,1,789520.7113,63.76,2009,15,6.39,0
110029,Active,225537,NA,NA,S,0,0,183215.1,50,2006,19,9.09,8.95
110030,Active,3490865,NA,NA,S,0,0,226402.075,54.95,2012,11,39.02,32.97
110031,Active,872860,NA,NA,S,11,1,220847.6625,32,2013,10,30.39,32
110032,Active,3960092,NA,NA,S,1,0,14426.55,35,2015,47,12.44,12.98
110033,Active,571704,NA,NA,S,1,0,689222.7575,44.99,2011,23,16.55,39.66
110034,Active,1778951,NA,NA,S,1,0,12405.925,24.99,2013,13,15.25,15.25
110035,Active,1625260,NA,NA,S,1,0,35506.15,29.99,2014,18,20.01,20.98
110036,Active,1437060,NA,NA,S,1,0,70122.175,30,2013,15,13.53,20.68
110037,Active,2045194,NA,NA,S,1,0,18074.175,29.95,2013,25,19.74,19.5
110038,Active,3467078,NA,NA,S,0,0,7925.55,29.99,2015,25,17.91,18.19
110039,Active,2169280,NA,NA,S,0,0,24515.125,22.95,2015,17,13.17,12.89
110040,Active,3546807,NA,NA,S,1,0,46124.65,22,2012,54,9.3,13.86
110041,Active,1660716,NA,NA,S,0,0,108949.425,40,2014,21,18.88,25.11
110042,Active,1526969,NA,NA,S,1,0,19078.9,35,2014,28,19.07,23.2
110043,Active,3528791,NA,NA,S,4,1,91133.075,29.95,2012,33,15.18,23.18
110044,Active,591754,NA,NA,S,0,0,586562.8013,42.99,2007,23,9.23,8.9
110045,Active,1540893,NA,NA,S,1,0,687418.0425,52.95,2008,18,15.96,38.75
110046,Active,2415011,NA,NA,S,1,0,301074.1488,68,2001,28,4,30.04
110047,Active,202488,NA,NA,S,3,1,449198.3125,33.94,2002,51,4,20.56
110048,Active,186558,NA,NA,S,0,0,140847.15,23,2009,28,10.58,18.9
110049,Active,130405,NA,NA,S,1,0,293112.45,75.2,2011,33,18.2,38.99
110050,Active,144620,NA,NA,S,0,0,346750.9075,46.2,2003,62,4,13.97
110051,Active,872001,NA,NA,S,0,0,355862.6075,75,2003,27,4,84.94
110052,Active,899336,NA,NA,S,2,1,577807.7575,59.95,2014,26,4.8,20.99
110053,Active,189653,NA,NA,S,0,0,521782.1563,55,2001,45,16.49,24.97
110054,Active,920282,NA,NA,S,0,0,81718.68625,10.95,1988,24,4.44,16.5
110055,Active,3528664,NA,NA,S,2,1,196437.975,31.95,2010,32,12.66,24.93
110056,Active,133627,NA,NA,S,0,0,627156.7038,41,2011,24,15.06,32.74
110057,Active,173652,NA,NA,S,0,0,781507.3163,49.99,2005,32,14.95,38.91
110058,Active,1873223,NA,NA,S,0,0,109608.725,40,2011,14,11.3,28.21
110059,Active,1738007,NA,NA,S,8,1,11006.225,22.95,2013,26,18.39,18.73
110060,Active,3612980,NA,NA,S,3,1,26767.375,22.95,2011,22,21.13,20.16
110061,Active,2141177,NA,NA,S,2,1,32207.9,22.95,2010,14,22.52,23.4
110062,Active,256809,NA,NA,S,1,0,294827.7075,94.95,2004,27,18.98,39.84
110063,Active,1693030,NA,NA,S,1,0,238281.175,35,2013,11,31.19,16.71
110064,Active,1565774,NA,NA,S,0,0,182826.4,29.99,2011,26,6.17,13.15
110065,Active,139332,NA,NA,S,0,0,46549.13875,25,2008,24,14.96,17.98
110066,Active,1937656,NA,NA,S,0,0,11780.55,27.95,2015,17,4.47,4.47
110067,Active,686675,NA,NA,S,1,0,95282.525,28,2012,33,21.2,25.96
110068,Active,3799983,NA,NA,S,0,0,94728.5,29.99,2010,37,20.14,22.71
110069,Active,1703935,NA,NA,S,2,1,542528.0563,25.95,2013,26,10.38,20.64
110070,Active,2160892,NA,NA,S,0,0,67299.475,22.95,2008,21,14.08,16.67
110071,Active,3465736,NA,NA,S,0,0,28032.8,49.99,2007,38,31.28,29.13
110072,Active,633418,NA,NA,S,1,0,82000.65,60.99,2006,26,10.03,51.85
110073,Active,1668900,NA,NA,S,0,0,124637.825,24.95,2012,22,11.79,14.5
110074,Active,1710881,NA,NA,S,0,0,100917.55,25,2012,24,16.64,24.23
110075,Active,1483883,NA,NA,S,0,0,82728.1,27.5,2014,11,23.76,24.53
110076,Active,133279,NA,NA,S,6,1,42421.6625,201.4,2011,97,7.75,51.76
110077,Active,2041739,NA,NA,S,0,0,114015.875,27.95,2014,16,15.9,27.69
110078,Active,1730309,NA,NA,S,6,1,223653.875,24.95,2007,49,6.28,18.99
110079,Active,673958,NA,NA,S,10,1,20702.75,29.95,2012,14,15.26,27.26
110080,Active,1709972,NA,NA,S,0,0,199947.85,39.95,2013,14,39.95,39.95
110081,Active,1575425,NA,NA,S,1,0,301786.695,34.95,2013,18,13.76,21.96
110082,Active,574084,NA,NA,S,0,0,455312.7125,72.45,1998,42,4,20.43
110083,Active,3495593,NA,NA,S,0,0,147489.8,65,2010,21,37.04,39.04
110084,Active,1575287,NA,NA,S,1,0,77131.625,26.95,2013,23,13.94,18.96
110085,Active,2214062,NA,NA,S,0,0,420957.2738,14.99,2012,19,9.82,48.99
110086,Active,914493,NA,NA,S,1,0,652537.47,85,2008,43,13.94,24.97
110087,Active,2230970,NA,NA,S,0,0,460963.5588,24.99,2006,18,28.56,80.06
110088,Active,135645,NA,NA,S,1,0,133010.375,39.95,2008,30,7.55,18.74
110089,Active,189574,NA,NA,S,0,0,267285.7238,49.95,2000,52,21.93,31.64
110090,Active,624546,NA,NA,S,0,0,683624.2488,38,1998,39,16.18,33.64
110091,Active,2089344,NA,NA,S,0,0,100626.675,34.99,2014,15,23.15,25.68
110092,Active,870488,NA,NA,S,0,0,244091.81,49.95,2013,39,18.74,34.42
110093,Active,649523,NA,NA,S,1,0,13523.1,39.95,2013,43,9.63,21.71
110094,Active,2051139,NA,NA,S,0,0,88435.2,22.99,2011,46,6.49,11.67
110095,Active,644539,NA,NA,S,1,0,150465.7,38.95,2012,22,16.83,25.1
110096,Active,681914,NA,NA,S,0,0,8123.025,24.95,2007,19,17.32,17.45
110097,Active,2051134,NA,NA,S,0,0,44906.925,26.95,2010,24,10.48,10.98
110098,Active,2432450,NA,NA,S,1,0,281704.2625,32,2001,28,8.73,20.98
110099,Active,279807,NA,NA,S,0,0,685628.3488,42.95,2006,39,4,0
110100,Active,2171819,NA,NA,S,0,0,836806.355,42.75,2012,14,4,19.34
110101,Active,3526923,NA,NA,S,1,0,162035.75,55,2016,11,33.99,35.84
110102,Active,777901,NA,NA,S,0,0,21890.675,21.99,2009,34,4.9,15.94
110103,Active,869393,NA,NA,S,0,0,20204.61375,9.95,2011,62,4,8.14
110104,Active,281506,NA,NA,S,0,0,20937.675,25,2008,18,20.9,16.62
110105,Active,285126,NA,NA,S,9,1,212383.8875,602.99,2001,36,6.49,77.71
110106,Active,2272618,NA,NA,S,11,1,135392.875,163.77,1900,24,19.19,79.63
110107,Active,2151825,NA,NA,S,0,0,59917.6,49.99,2013,21,32.55,31.28
110108,Active,124592,NA,NA,S,0,0,281997.6488,11.95,2004,39,4.08,7.89
110109,Active,564669,NA,NA,S,0,0,701148.845,24.95,2007,29,12.29,0
110110,Active,680882,NA,NA,S,1,0,37479.325,24.99,2007,43,9.1,17.13
110111,Active,635537,NA,NA,S,5,1,193154.0888,88.8,2013,37,17.21,15.95
110112,Active,1483148,NA,NA,S,5,1,196331.75,140,2013,15,49.51,65.59
110113,Active,128710,NA,NA,S,2,1,45612.575,27.95,2009,39,14.24,16.81
110114,Active,2120981,NA,NA,S,0,0,52325.975,29.95,2012,19,20.61,18.82
110115,Active,631240,NA,NA,S,0,0,175357.575,30,2008,30,9.13,21.94
110116,Active,631941,NA,NA,S,1,0,534067.2375,104.2,1992,37,6.85,49.74
110117,Active,532747,NA,NA,S,2,1,413762.1738,35,2006,26,24.05,31.98
110118,Active,190316,NA,NA,S,5,1,674963.1113,10.65,1996,44,6.71,45.73
110119,Active,2592181,NA,NA,S,0,0,287419.445,59.99,1986,52,15.06,49.01
110120,Active,1918511,NA,NA,S,0,0,82904.7,24.99,2014,15,17.08,17.41
110121,Active,677727,NA,NA,S,0,0,82181.275,26.99,2013,20,17.15,18.66
110122,Active,679554,NA,NA,S,0,0,3437.8,22.99,2012,24,11.84,13.67
110123,Active,687936,NA,NA,S,0,0,25935.825,24.99,2013,16,16.51,16.61
110124,Active,1493549,NA,NA,S,1,0,155211.275,85,2009,17,31.72,50.75
110125,Active,2166299,NA,NA,S,0,0,223915.65,26.99,2012,6,19.92,17.84
110126,Active,2166300,NA,NA,S,0,0,86883.95,36.95,2013,13,27.05,26.84
110127,Active,2136397,NA,NA,S,0,0,125205.775,40,2014,18,26.43,25.58
110128,Active,3882943,NA,NA,S,0,0,132470.45,59.99,2013,31,33.98,40.39
110129,Active,267966,NA,NA,S,0,0,206723.375,39.95,2007,40,7.18,23.5
110130,Active,2077287,NA,NA,S,0,0,149626.6,39.99,2014,11,25.98,25.99
110131,Active,2094487,NA,NA,S,0,0,60413.1,39.99,2015,20,26.38,26.29
110132,Active,619683,NA,NA,S,0,0,475966.6375,59.95,1996,54,4,45.94
110133,Active,543594,NA,NA,S,2,1,107271.1,39.95,2012,16,28.16,28.64
110134,Active,1576756,NA,NA,S,1,0,196550.025,39.95,2015,8,34.12,31.31
110135,Active,536193,NA,NA,S,3,1,16595.3,21.95,2012,28,13.38,13.38
110136,Active,2025354,NA,NA,S,0,0,109175.85,45,2015,11,35.35,34.78
110137,Active,2046162,NA,NA,S,0,0,64092.875,45,2012,20,10.33,18.99
110138,Active,1627706,NA,NA,S,0,0,120411.2,24.95,2014,9,19.29,19.29
110139,Active,170454,NA,NA,S,0,0,229701.3,34.95,2007,15,17.87,24.4
110140,Active,3566393,NA,NA,S,0,0,404771,60,2016,12,28.98,34.23
110141,Active,217187,NA,NA,S,0,0,260364.9038,82,1997,29,18.97,33.01
110142,Active,139306,NA,NA,S,1,0,213438.85,65,2008,24,21.94,42.99
110143,Active,864574,NA,NA,S,11,1,124950.2563,105.4,2014,68,39.05,53.98
110144,Active,2094872,NA,NA,S,1,0,163087.95,35,2013,18,13.93,17.97
110145,Active,3526802,NA,NA,S,2,1,195398.55,29.95,2011,18,18.98,19.99
110146,Active,688515,NA,NA,S,0,0,88295.625,27.95,2013,16,8.91,9.08
110147,Active,2060042,NA,NA,S,0,0,155323.275,26.99,2009,33,4,4
110148,Active,170318,NA,NA,S,2,1,584581.485,19.95,2002,61,4,12.39
110149,Active,1958000,NA,NA,S,0,0,9654.875,40,2013,34,17.6,25.11
110150,Active,2118488,NA,NA,S,1,0,78233.7,27.95,2009,22,15.98,19.57
110151,Active,601735,NA,NA,S,1,0,36093.4,29.95,2009,16,22.69,22.63
110152,Active,299901,NA,NA,S,1,0,512860.655,45,2004,62,4,23.49
110153,Active,806706,NA,NA,S,0,0,80194.65,24.99,2008,36,4.92,16.78
110154,Active,682563,NA,NA,S,1,0,46338.05,24.95,2012,18,21.17,21.17
110155,Active,2121482,NA,NA,S,0,0,46511.375,29.95,2012,22,21.51,21.29
110156,Active,3461261,NA,NA,S,0,0,63123.44875,26.15,2015,11,26.18,26.12
110157,Active,1586735,NA,NA,S,1,0,93590.125,105,2010,31,55.09,83.24
110158,Active,256761,NA,NA,S,1,0,619333.1988,96.95,1998,36,9.97,29.38
110159,Active,1991628,NA,NA,S,1,0,73570.575,24.99,2013,7,25.76,21.36
110160,Active,2000087,NA,NA,S,0,0,41108.1,24.99,2014,8,23.97,20.78
110161,Active,750276,NA,NA,S,1,0,169390.125,34.95,2009,34,15.82,17.08
110162,Active,2167869,NA,NA,S,0,0,32805.675,30,2014,13,22.27,19.18
110163,Active,683367,NA,NA,S,1,0,15580.4,29.99,2011,23,16.41,16.72
110164,Active,735761,NA,NA,S,1,0,45521.35,27.99,2011,42,7.11,8.97
110165,Active,2091500,NA,NA,S,2,1,47982.7,21.95,2012,23,11.18,11.2
110166,Active,155789,NA,NA,S,0,0,82741.35,30,2007,41,7.46,13.28
110167,Active,1676679,NA,NA,S,0,0,131330.225,24.95,2011,13,8.52,17.21
110168,Active,1918348,NA,NA,S,0,0,41984.175,22.99,2011,25,10.98,15.45
110169,Active,1762364,NA,NA,S,0,0,197067.15,32,2014,10,31.36,31.65
110170,Active,1480471,NA,NA,S,1,0,32352.775,49.95,2013,34,34.6,34.64
110171,Active,139349,NA,NA,S,0,0,125548,24,2010,25,18.8,18.9
110172,Active,902214,NA,NA,S,3,1,89277.675,24.95,2013,21,16,16.42
110173,Active,3825830,NA,NA,S,0,0,51561.475,59.95,2015,15,27.78,29.97
110174,Active,865864,NA,NA,S,0,0,764627.6963,17.39,2009,18,4.98,14.37
110175,Active,1523811,NA,NA,S,1,0,31123.275,25,2015,49,8.98,16.26
110176,Active,3069384,NA,NA,S,2,1,414562.0475,20.9,2003,39,6.73,19.74
110177,Active,3069385,NA,NA,S,2,1,699729.8375,42.49,2003,32,5.27,12
110178,Active,153987,NA,NA,S,0,0,58179.95,25,2009,21,15.8,17.7
110179,Active,157521,NA,NA,S,3,1,610516.275,39.95,2008,15,8.98,19.99
110180,Active,1628756,NA,NA,S,0,0,194509.85,24.95,2014,11,6.96,19.26
110181,Active,556234,NA,NA,S,0,0,505270.1938,68,2002,26,4.93,62.95
110182,Active,3944300,NA,NA,S,17,1,52213.35,33,2008,29,15.62,15.64
110183,Active,1970007,NA,NA,S,0,0,63648.25,23.99,2015,38,5.16,5.97
110184,Active,1612505,NA,NA,S,0,0,219207.225,34.95,2011,17,25.64,22.25
110185,Active,1827213,NA,NA,S,1,0,71164.375,25.95,2014,12,23.06,22.84
110186,Active,687429,NA,NA,S,0,0,64761.45875,25.95,2011,19,17.59,0
110187,Active,1771515,NA,NA,S,5,1,51096.475,25.95,2011,11,32.45,22.42
110188,Active,794990,NA,NA,S,5,1,87226.175,25.95,2012,8,22.98,22.05
110189,Active,794991,NA,NA,S,5,1,332150.4763,25.95,2011,19,19.64,22.05
110190,Active,243827,NA,NA,S,5,1,22019.725,25.95,2011,21,22.48,19.89
110191,Active,690499,NA,NA,S,5,1,40274.4,25.95,2011,14,17.79,18.58
110192,Active,683679,NA,NA,S,5,1,19142.125,25.95,2011,17,22.85,19.95
110193,Active,684835,NA,NA,S,5,1,61052.875,25.95,2011,15,16.78,18.06
110194,Active,532720,NA,NA,S,5,1,53289.32125,25.95,2011,25,18.34,20.29
110195,Active,689160,NA,NA,S,5,1,55369.95,25.95,2011,21,28.17,21.64
110196,Active,686745,NA,NA,S,0,0,224846.2863,25.95,2011,22,20.76,0
110197,Active,1771514,NA,NA,S,5,1,184922.375,25.95,2011,11,13.99,17.33
110198,Active,1434122,NA,NA,S,1,0,22510.7,26.99,2015,38,12.62,12.74
110199,Active,396046,NA,NA,S,2,1,4184.3,29.95,2007,33,17.43,18.04
110200,Active,2019482,NA,NA,S,1,0,28800.275,26.95,2007,36,16.47,18.17
110201,Active,709556,NA,NA,S,0,0,60823.05,38.25,2009,26,7.97,26.94
110202,Active,709557,NA,NA,S,1,0,92564.15,38.25,2008,14,19.79,33.9
110203,Active,709558,NA,NA,S,1,0,144071.7,38.25,2008,16,24.24,29.94
110204,Active,1570532,NA,NA,S,1,0,189236.825,29.95,2011,15,16.2,19.86
110205,Active,2433081,NA,NA,S,0,0,864461.33,60,1994,21,12.79,33.98
110206,Active,1557635,NA,NA,S,1,0,137062.925,36.95,2013,12,28.82,28.33
110207,Active,195165,NA,NA,S,2,1,238452.425,22.95,2007,26,8.99,20.93
110208,Active,2021320,NA,NA,S,0,0,31825.25,30,2009,20,17.72,18.49
110209,Active,826916,NA,NA,S,1,0,112844.25,40,2007,29,12.53,16.73
110210,Active,688994,NA,NA,S,1,0,117289.525,30.95,2014,27,25.44,26.71
110211,Active,2079601,NA,NA,S,1,0,39461.55,30,2012,17,10.21,18.74
110212,Active,2143090,NA,NA,S,0,0,64669.76625,24.95,2013,17,20.61,24.95
110213,Active,3484468,NA,NA,S,1,0,48043.325,49.95,2015,31,35.92,42.99
110214,Active,3792047,NA,NA,S,0,0,91795.25,126.73,2010,39,26.78,78.43
110215,Active,654362,NA,NA,S,0,0,240139.5375,49.95,2007,49,8.59,52.99
110216,Active,2084040,NA,NA,S,0,0,60359.65,62.99,2013,13,37.98,42.19
110217,Active,615978,NA,NA,S,1,0,142340.3,31.99,2008,31,4,7.48
110218,Active,1983848,NA,NA,S,2,1,55529.1,29.99,2014,16,23.98,21.06
110219,Active,2159517,NA,NA,S,2,1,878305.1325,49.99,2009,24,11.09,22.47
110220,Active,610747,NA,NA,S,2,1,663460.4,49.95,2013,20,14.42,35.84
110221,Active,57738,NA,NA,S,7,1,102561.8313,100,2010,58,13.99,53.99
110222,Active,57741,NA,NA,S,7,1,96775.89375,99.8,2010,38,24.79,62.59
110223,Active,658072,NA,NA,S,3,1,55094.59875,52,2013,50,20.99,27.99
110224,Active,2133079,NA,NA,S,2,1,93035.25,21.95,2014,17,16.53,16.54
110225,Active,2880390,NA,NA,S,1,0,599544.5625,42.6,1997,32,3.95,37.16
110226,Active,1745252,NA,NA,S,0,0,81646.175,39.95,2010,18,18.78,25.83
110227,Active,675252,NA,NA,S,0,0,53805.25,24.99,2010,56,4,7.49
110228,Active,654716,NA,NA,S,3,1,444345.065,50,2009,24,13.48,0
110229,Active,3800741,NA,NA,S,0,0,55367.375,60,2015,15,22.49,22.49
110230,Active,1697143,NA,NA,S,0,0,86820.525,24.99,2013,40,11.66,17.35
110231,Active,1763032,NA,NA,S,0,0,106051.925,24.99,2014,25,10.72,22.98
110232,Active,801969,NA,NA,S,0,0,145884.8,52,2011,14,34.61,35.07
110233,Active,3272029,NA,NA,S,3,1,899915.9513,122.95,2004,28,16.44,73.9
110234,Active,631628,NA,NA,S,2,1,591006.3163,29.95,2009,28,26.67,28.74
110235,Active,532705,NA,NA,S,7,1,38475.2125,200.4,2007,92,44.6,113.22
110236,Active,560039,NA,NA,S,1,0,215666.775,53.5,2008,66,5.64,9.99
110237,Active,689050,NA,NA,S,0,0,17059.3,27.95,2013,31,17.8,21.94
110238,Active,686437,NA,NA,S,1,0,32520.475,28.95,2008,22,18.22,20.04
110239,Active,1761546,NA,NA,S,1,0,152283.05,29.95,2015,8,29.54,27.24
110240,Active,545845,NA,NA,S,2,1,488954.7863,31.95,2012,18,25.18,27.74
110241,Active,865485,NA,NA,S,1,0,620170.8525,32,2014,26,6.47,21.45
110242,Active,119208,NA,NA,S,4,1,23659.615,177.4,2012,62,41.92,136.94
110243,Active,877250,NA,NA,S,0,0,208420.0488,61.95,1992,20,8.67,236.45
110244,Active,107106,NA,NA,S,2,1,717877.73,37.59,1999,56,4,53.38
110245,Active,641589,NA,NA,S,1,0,95714.525,46,2008,17,36.77,35.33
110246,Active,623549,NA,NA,S,5,1,43013.20875,196.68,2008,58,31.99,85.13
110247,Active,132619,NA,NA,S,8,1,163715.6188,185.2,2008,35,35.31,110.99
110248,Active,212883,NA,NA,S,0,0,693935.2638,63.95,2000,50,5.97,20.99
110249,Active,1935399,NA,NA,S,1,0,176552.8,39,2013,16,18.99,21.55
110250,Active,556479,NA,NA,S,1,0,169751.2,44.95,2013,22,6.8,31.72
110251,Active,1755979,NA,NA,S,0,0,159716.875,25,2011,13,23.7,23.85
110252,Active,1488193,NA,NA,S,0,0,133323.85,28,2010,14,22.98,25.8
110253,Active,1495344,NA,NA,S,1,0,16006.725,35,2009,58,18.97,21.73
110254,Active,1926854,NA,NA,S,1,0,20301.625,22.99,2011,10,28.34,31.99
110255,Active,1926855,NA,NA,S,0,0,32995,22.99,2011,23,13.97,16.27
110256,Active,1926857,NA,NA,S,0,0,37570.15,22.99,2012,16,17.59,15.23
110257,Active,1926858,NA,NA,S,0,0,28647.85,22.99,2013,19,10.09,14.73
110258,Active,1926870,NA,NA,S,0,0,53981.8,22.99,2015,15,15.76,16.06
110259,Active,651718,NA,NA,S,4,1,276540.5563,62.95,2010,25,4.76,24.61
110260,Active,1684183,NA,NA,S,0,0,93431.275,29.99,2012,24,19.45,19.43
110261,Active,1433324,NA,NA,S,1,0,62820.85,27.99,2014,51,10.47,11.97
110262,Active,2288437,NA,NA,S,2,1,42328.525,0,2014,0,0,6.48
110263,Active,532686,NA,NA,S,0,0,30279,24.95,2009,24,13.88,15.99
110264,Active,1737621,NA,NA,S,4,1,34259.825,22.95,2011,19,17.06,17.96
110265,Active,274709,NA,NA,S,3,1,453115.405,20,2001,39,4,12.72
110266,Active,3610602,NA,NA,S,1,0,145151.325,24.95,2007,24,16.68,20.94
110267,Active,2245907,NA,NA,S,2,1,737844.8988,40,2011,20,25.14,31.87
110268,Active,666594,NA,NA,S,1,0,79762.85,46.95,2008,18,37.4,58.53
110269,Active,2735865,NA,NA,S,2,1,200321.685,19.99,2005,103,4,7.98
110270,Active,115290,NA,NA,S,4,1,418491.6813,92,2001,56,4,13.96
110271,Active,2263515,NA,NA,S,7,1,159732.275,77.69,2011,15,20.2,76.13
110272,Active,610325,NA,NA,S,8,1,27923.78125,115.8,2013,52,43.98,89.52
110273,Active,866591,NA,NA,S,8,1,36267.5025,115.8,2013,51,44.67,95.99
110274,Active,2167233,NA,NA,S,1,0,20124.275,49.95,2014,14,27.85,27.63
110275,Active,892117,NA,NA,S,2,1,299166.055,20.99,2009,18,20.42,20.98
110276,Active,672661,NA,NA,S,0,0,71047.7875,18,2010,171,4,0
110277,Active,2084048,NA,NA,S,0,0,65231.25,62.99,2013,5,43.98,43.98
110278,Active,639232,NA,NA,S,1,0,52032.85,48.95,2009,36,21.65,27.07
110279,Active,870910,NA,NA,S,6,1,281307.0138,43.95,2014,35,11.49,30.25
110280,Active,170141,NA,NA,S,5,1,466704.1988,45.95,2011,49,4,33.99
110281,Active,3598538,NA,NA,S,0,0,56727.75,50,2016,16,30.95,30.96
110282,Active,3624906,NA,NA,S,0,0,25290.3,85,2015,15,49.98,49.99
110283,Active,2087675,NA,NA,S,1,0,7703.15,40,2014,22,20.23,23.79
110284,Active,220852,NA,NA,S,0,0,208792.0363,79.95,1995,21,6.89,21.88
110285,Active,1970133,NA,NA,S,0,0,11828.125,23,2014,36,8.68,9.56
110286,Active,621336,NA,NA,S,1,0,56650.5,35,2010,32,15.35,22.51
110287,Active,1587603,NA,NA,S,0,0,445311.6663,54.99,2007,26,14.33,33.97
110288,Active,1526817,NA,NA,S,1,0,220761.55,22,2007,42,4,21.99
110289,Active,2170175,NA,NA,S,0,0,35044.3,24.95,2015,16,16.44,16.12
110290,Active,1628877,NA,NA,S,0,0,59040.425,23.99,2015,13,22.03,23.75
110291,Active,628253,NA,NA,S,1,0,59941.65,45,2008,25,13.81,17.39
110292,Active,731802,NA,NA,S,1,0,668881.8338,39.95,2000,27,6.97,65.49
110293,Active,920975,NA,NA,S,0,0,122666.55,22.99,2011,34,4,7.94
110294,Active,626976,NA,NA,S,1,0,581342.11,41.95,1995,39,8.83,29.98
110295,Active,1780343,NA,NA,S,1,0,57602.675,25,2013,25,15.95,16.77
110296,Active,54779,NA,NA,S,4,1,80044.92,179.4,2011,76,9.63,45.85
110297,Active,644547,NA,NA,S,1,0,216726.15,34.99,2012,15,18.11,25.82
110298,Active,2217955,NA,NA,S,0,0,172947.475,49,2014,20,47.54,45.43
110299,Active,3530998,NA,NA,S,0,0,12279.475,50,2015,13,35.07,28.1
110300,Active,1691942,NA,NA,S,0,0,161456.375,28,2011,18,17.99,18.47
110301,Active,2121414,NA,NA,S,2,1,99966.025,26.95,2009,17,6.89,17.98
110302,Active,1756559,NA,NA,S,0,0,808265.12,66.29,2009,72,4,13.48
110303,Active,661253,NA,NA,S,1,0,141139.125,53.25,2010,12,37.97,41.27
110304,Active,1696683,NA,NA,S,1,0,131312.875,67.95,2014,16,36.14,46.08
110305,Active,1982094,NA,NA,S,1,0,217529.95,24.95,2014,9,17.52,22.07
110306,Active,1990943,NA,NA,S,1,0,98153.5,26.95,2015,14,19.93,19.93
110307,Active,293068,NA,NA,S,6,1,121826.9675,115.5,2006,74,31.71,85.82
110308,Active,204176,NA,NA,S,0,0,129535.4,79.99,2010,26,33.89,35.99
110309,Active,270611,NA,NA,S,1,0,91634.575,74.99,2011,24,45.65,60.23
110310,Active,631550,NA,NA,S,1,0,18830.5,30,2010,34,18.15,19.65
110311,Active,2883300,NA,NA,S,1,0,753459.69,49.95,1991,30,9.53,42.06
110312,Active,924080,NA,NA,S,0,0,7838.68,9.99,1996,465,4,6.26
110313,Active,557558,NA,NA,S,1,0,320788.7,69.6,2012,29,5.71,23.99
110314,Active,647138,NA,NA,S,0,0,61453.9,40,2012,25,18.31,29.05
110315,Active,532651,NA,NA,S,0,0,89104.8,24.95,2012,27,15.21,22.88
110316,Active,1486302,NA,NA,S,0,0,98929.175,34,2011,15,22.69,27.15
110317,Active,541240,NA,NA,S,0,0,25440.975,29.95,2011,38,22.75,27.02
110318,Active,2875873,NA,NA,S,1,0,889740.0213,71.95,2000,28,5.98,51.68
110319,Active,3802248,NA,NA,S,0,0,40841.1,59.99,2014,64,38.33,37.49
110320,Active,3065467,NA,NA,S,0,0,85301.18,14.95,1999,149,4,8.69
110321,Active,2065210,NA,NA,S,0,0,17518.35,29.95,2011,26,16.74,19
110322,Active,679278,NA,NA,S,2,1,84380.525,29.95,2010,15,21.78,25.95
110323,Active,2013882,NA,NA,S,0,0,73045.75,20.95,2015,22,11.98,17.58
110324,Active,680600,NA,NA,S,15,1,282125.8188,24.99,2011,39,9.98,16.73
110325,Active,542950,NA,NA,S,1,0,19044.45,24.95,2007,19,11.78,14.38
110326,Active,1440645,NA,NA,S,7,1,268302.2088,114.6,2013,17,16.74,49.97
110327,Active,893177,NA,NA,S,9,1,101395.675,29.95,2014,9,18.99,18.99
110328,Active,135676,NA,NA,S,1,0,33918.35,33.95,2011,13,25,19.94
110329,Active,655216,NA,NA,S,2,1,206546.2788,102.99,2013,54,19.96,43.86
110330,Active,550512,NA,NA,S,1,0,294919.0588,74.66,2011,47,8.09,58.16
110331,Active,1433476,NA,NA,S,0,0,96633.7,29.99,2013,17,14.9,19.38
110332,Active,1660676,NA,NA,S,1,0,25921.95,24.99,2013,14,15.98,16.72
110333,Active,3566487,NA,NA,S,0,0,26439,14.99,2016,8,10.54,11.7
110334,Active,1724376,NA,NA,S,0,0,68527.275,85,2012,25,43.93,46
110335,Active,768598,NA,NA,S,0,0,447636.2225,82.4,1999,42,4,40.83
110336,Active,2649671,NA,NA,S,1,0,403471.6588,41.95,2005,38,6.97,30.26
110337,Active,1576845,NA,NA,S,0,0,528255.465,34.99,2010,22,18.74,31.49
110338,Active,3547746,NA,NA,S,1,0,600939.9,40,1955,63,5.04,16.94
110339,Active,3528848,NA,NA,S,0,0,61910.275,29.95,2013,60,22.29,23.16
110340,Active,1494253,NA,NA,S,1,0,43765.675,35,2014,28,14.12,22.97
110341,Active,1590552,NA,NA,S,1,0,213401.7,29.99,2012,20,26.79,26.8
110342,Active,628382,NA,NA,S,4,1,369629.77,100.95,2000,24,5.82,57.67
110343,Active,1716096,NA,NA,S,0,0,104840.3,24.95,2014,15,21.99,22.22
110344,Active,781492,NA,NA,S,2,1,672010.7438,29.95,2007,20,24.27,24.29
110345,Active,684109,NA,NA,S,0,0,163349.075,24.95,2013,30,11.09,17.21
110346,Active,246579,NA,NA,S,1,0,353956.535,52.95,2008,30,13.73,35.98
110347,Active,1710922,NA,NA,S,0,0,102832.65,26,2012,26,20.24,24.07
110348,Active,1861153,NA,NA,S,0,0,73375.775,26.95,2014,55,4,6.99
110349,Active,675001,NA,NA,S,1,0,109538.25,32,2007,65,4,11.77
110350,Active,291347,NA,NA,S,1,0,63131.2,29.99,2009,22,18.62,22.99
110351,Active,3776738,NA,NA,S,0,0,61712.475,26.99,2016,15,16.98,15.99
110352,Active,2162756,NA,NA,S,0,0,40550.3,29.95,2011,24,14.95,21.88
110353,Active,660404,NA,NA,S,1,0,70222.6,39.95,2008,19,23.78,31.51
110354,Active,2043878,NA,NA,S,2,1,66626.35,30,2011,13,23.86,21.99
110355,Active,1814910,NA,NA,S,0,0,83564.95,25.99,2014,23,7.98,9.98
110356,Active,2162774,NA,NA,S,2,1,45993.1975,34.95,2014,17,18.94,23.81
110357,Active,2133196,NA,NA,S,1,0,29467.575,24.95,2014,16,18.75,17.18
110358,Active,641606,NA,NA,S,1,0,134423.675,54.95,2008,18,38.78,46.89
110359,Active,1599319,NA,NA,S,0,0,182434.125,24.99,2011,18,12.95,15.18
110360,Active,643987,NA,NA,S,5,1,603937.61,96,2009,25,5.89,62.57
110361,Active,2098876,NA,NA,S,11,1,350310.1225,30,2014,17,42.74,29.71
110362,Active,293951,NA,NA,S,2,1,8174.575,22.99,2008,42,12.26,15.63
110363,Active,1433238,NA,NA,S,0,0,71714.725,21.99,2012,30,7.3,14.8
110364,Active,568077,NA,NA,S,0,0,153108.2,28.95,2012,43,5.91,11.98
110365,Active,2001645,NA,NA,S,0,0,144650.525,25,2014,10,25.98,24.87
110366,Active,2003085,NA,NA,S,0,0,27954.425,23,2015,8,20.49,20.7
110367,Active,163103,NA,NA,S,1,0,527754.2588,49.99,2010,30,4.11,12.44
110368,Active,913730,NA,NA,S,1,0,518331.0375,49.99,2014,31,12.98,28.95
110369,Active,655252,NA,NA,S,0,0,335817.395,79.96,2014,69,10.18,28.99
110370,Active,546704,NA,NA,S,20,1,602695.2175,106.64,2012,35,14.58,58.99
110371,Active,637595,NA,NA,S,1,0,489079.5475,49.99,2013,33,5.98,18.97
110372,Active,249806,NA,NA,S,1,0,727225.1388,136.95,2005,24,4.36,10.97
110373,Active,649564,NA,NA,S,1,0,43467.625,34.99,2013,28,18.99,21.17
110374,Active,612375,NA,NA,S,0,0,597997.6175,75,2013,20,13.91,28.29
110375,Active,2027600,NA,NA,S,0,0,480900.8113,75,2015,14,44.74,47.99
110376,Active,612260,NA,NA,S,0,0,694775.9038,75,2013,25,12.8,47.99
110377,Active,546405,NA,NA,S,0,0,611537.5,75,2012,62,5.44,31.66
110378,Active,3825819,NA,NA,S,0,0,20312.125,79.95,2016,17,44.88,34.03
110379,Active,1780653,NA,NA,S,1,0,110768.625,49.99,2014,15,23.94,26.51
110380,Active,635696,NA,NA,S,1,0,443732.615,49.99,2012,72,10.06,28.87
110381,Active,3830060,NA,NA,S,12,1,511272.85,51,2015,21,12.79,43.61
110382,Active,2045226,NA,NA,S,1,0,1643.4,29.95,2015,14,20.2,20.19
110383,Active,2041660,NA,NA,S,0,0,85815.45,25.95,2012,47,6.72,10.95
110384,Active,541650,NA,NA,S,9,1,72689.86875,80.8,2009,49,24.41,49.28
110385,Active,684548,NA,NA,S,0,0,19274.375,26.95,2009,20,15.64,17.48
110386,Active,686094,NA,NA,S,0,0,62645.45,26.95,2011,13,16.64,15.05
110387,Active,710092,NA,NA,S,2,1,770731.1125,77,1999,12,13.79,114.55
110388,Active,1453406,NA,NA,S,7,1,101916.525,170.8,2014,26,53.91,149.44
110389,Active,655393,NA,NA,S,4,1,72318.8275,81.95,2012,21,54.11,77.84
110390,Active,683429,NA,NA,S,0,0,17400.525,26.95,2009,20,15.48,16.43
110391,Active,2089808,NA,NA,S,0,0,38249.125,26.95,2015,13,18.34,20.86
110392,Active,126701,NA,NA,S,1,0,207309.275,21.95,2010,20,16.57,24.01
110393,Active,651895,NA,NA,S,0,0,243663.2,34.95,2009,35,5.24,19.56
110394,Active,895368,NA,NA,S,0,0,766998.9225,27,2006,33,4.98,4.98
110395,Active,1622439,NA,NA,S,0,0,12134.485,15.3,2006,20,16.41,15.3
110396,Active,1604595,NA,NA,S,1,0,104000.675,79.5,2012,30,28.98,53.99
110397,Active,2528375,NA,NA,S,2,1,510575.2113,51.95,1993,36,4.94,23.99
110398,Active,538482,NA,NA,S,3,1,21021.5875,236.25,2013,69,43.99,128.73
110399,Active,2049770,NA,NA,S,1,0,17928.8,34.99,2010,23,18.95,23.79
110400,Active,2094407,NA,NA,S,0,0,8810.775,39.99,2014,17,21.32,27.78
110401,Active,755907,NA,NA,S,1,0,82327.25,34.95,2010,46,4.83,6.87
110402,Active,1684398,NA,NA,S,0,0,98333.65,49.99,2015,25,26.48,29.57
110403,Active,3569881,NA,NA,S,0,0,294286.1,34.99,2011,50,23.48,63.98
110404,Active,1684417,NA,NA,S,0,0,94534.4,24.99,2015,16,12.8,15.84
110405,Active,1684410,NA,NA,S,0,0,44337.55,34.99,2015,10,17.9,26.56
110406,Active,1684193,NA,NA,S,0,0,32716.35875,34.99,2013,66,20.79,20.8
110407,Active,1715280,NA,NA,S,0,0,395757.3338,83.13,2009,70,4.82,53.99
110408,Active,2097812,NA,NA,S,4,1,70922.575,0,2014,22,58.19,118.98
110409,Active,278688,NA,NA,S,0,0,366904.9325,80,2003,61,4,4.82
110410,Active,864576,NA,NA,S,4,1,19921.74625,108.88,2014,86,53.46,83.48
110411,Active,300422,NA,NA,S,3,1,292591.8325,19.74,2010,31,4,18.97
110412,Active,2097816,NA,NA,S,4,1,234919.225,0,2014,1,18.99,41.99
110413,Active,546221,NA,NA,S,0,0,280390.3925,19.95,2008,36,7.92,15.15
110414,Active,2063479,NA,NA,S,0,0,667597.95,14.95,2009,22,4,10.94
110415,Active,684754,NA,NA,S,0,0,73072.775,29.95,2013,27,19.24,22.19
110416,Active,685394,NA,NA,S,0,0,54820.275,29.95,2012,27,18,22.49
110417,Active,864171,NA,NA,S,0,0,29816.025,29.95,2012,29,14,21.93
110418,Active,2008213,NA,NA,S,0,0,37924.975,29.95,2012,22,20.55,21.95
110419,Active,3022035,NA,NA,S,2,1,108930.1,12.95,2000,19,10.34,11.31
110420,Active,2008203,NA,NA,S,6,1,50601.51,16.95,2012,25,9.72,12.5
110421,Active,2098809,NA,NA,S,0,0,83312.95,24.95,2015,15,18.96,19.04
110422,Active,1936223,NA,NA,S,1,0,88163.425,45.99,2012,23,11.49,21.35
110423,Active,1729177,NA,NA,S,0,0,741682.9075,19.95,2013,5,122.98,0
110424,Active,3605621,NA,NA,S,0,0,167544.825,45,2015,18,18.31,30.88
110425,Active,1752788,NA,NA,S,0,0,37524.8,25.99,2011,14,24.24,23.39
110426,Active,1961344,NA,NA,S,1,0,49323.875,29.95,2012,9,25.94,28.98
110427,Active,623476,NA,NA,S,0,0,790338.6813,45,2010,28,6.12,26.39
110428,Active,1713400,NA,NA,S,0,0,78088.425,24,2010,16,17.18,18.11
110429,Active,2903059,NA,NA,S,2,1,290459.4025,19.95,1997,27,14.24,28.98
110430,Active,1834306,NA,NA,S,0,0,99161.775,23.95,2007,10,13.86,17.75
110431,Active,3682719,NA,NA,S,0,0,95893.625,24.99,2015,41,11.09,13.77
110432,Active,633403,NA,NA,S,0,0,101575.075,75,2007,28,39.98,45.93
110433,Active,683940,NA,NA,S,1,0,140643.3,25,2010,16,25.78,24.62
110434,Active,3786794,NA,NA,S,0,0,134779.075,27.95,2007,29,9.27,23.53
110435,Active,1760949,NA,NA,S,3,1,119434.85,27.99,2014,12,23.01,21.54
110436,Active,2597851,NA,NA,S,1,0,311148.0113,52.99,1991,90,4,12.98
110437,Active,2250264,NA,NA,S,3,1,259798,68.99,2006,15,16.99,43.99
110438,Active,2094512,NA,NA,S,0,0,46944.375,24.99,2015,17,16.86,16.83
110439,Active,1996741,NA,NA,S,2,1,36296.85,30,2012,9,30.92,27
110440,Active,559400,NA,NA,S,1,0,53118.55,24,2008,38,7.64,13.94
110441,Active,688520,NA,NA,S,0,0,43796.9,26.95,2013,21,14.7,48.1
110442,Active,791267,NA,NA,S,0,0,76162.85,25.99,2011,21,17.48,19.21
110443,Active,752167,NA,NA,S,1,0,129558.775,26.95,2010,21,6.47,17.41
110444,Active,1853561,NA,NA,S,2,1,798804.395,8.98,2010,33,4,53.34
110445,Active,3498026,NA,NA,S,25,1,52735.775,25,2011,62,4.78,10.95
110446,Active,724136,NA,NA,S,0,0,148421.725,40,2009,21,5.49,30.94
110447,Active,1704391,NA,NA,S,2,1,390621.7325,19.95,2009,29,4,47.5
110448,Active,1527394,NA,NA,S,0,0,41129.575,35,2013,47,15.97,20.66
110449,Active,1993909,NA,NA,S,0,0,71838.925,24.95,2013,11,23.9,22.46
110450,Active,3519359,NA,NA,S,1,0,25488.975,27,2016,61,12.98,14.98
110451,Active,2143469,NA,NA,S,1,0,77030.325,24.95,2013,13,20.48,24.83
110452,Active,2020951,NA,NA,S,1,0,26172.575,24.95,2015,24,11.82,13.47
110453,Active,733616,NA,NA,S,1,0,97003.55,25.99,2011,69,3.98,35.22
110454,Active,1843114,NA,NA,S,0,0,659764.88,153.93,2010,11,4.97,72.99
110455,Active,1957926,NA,NA,S,0,0,111603.075,25,2014,8,18.32,18.31
110456,Active,1655944,NA,NA,S,0,0,9516.025,25,2013,13,15.57,16.47
110457,Active,1958137,NA,NA,S,0,0,85141.875,25,2015,14,13.96,16.69
110458,Active,2108625,NA,NA,S,2,1,93448.45,23.95,2008,13,17.93,16.86
110459,Active,1933973,NA,NA,S,1,0,105465.15,28,2010,15,23.47,24.81
110460,Active,1945842,NA,NA,S,0,0,15669.875,23.99,2011,12,27.03,21.59
110461,Active,150112,NA,NA,S,0,0,98696.4,25,2011,36,4,20.97
110462,Active,2049497,NA,NA,S,0,0,199626.375,21.95,2012,35,6.51,11.72
110463,Active,2060335,NA,NA,S,0,0,37217.55,34.95,2013,19,11.48,13.48
110464,Active,1494506,NA,NA,S,0,0,104170.45,38,2015,20,12.5,26.95
110465,Active,2048314,NA,NA,S,1,0,101729.075,21.95,2007,24,9.26,15.75
110466,Active,3960226,NA,NA,S,0,0,66111.6,26.99,2015,17,17.98,18.71
110467,Active,536488,NA,NA,S,4,1,295951.48,82.33,2012,21,24.99,77.99
110468,Active,1736872,NA,NA,S,2,1,35624.175,24.95,2008,23,17.27,17.29
110469,Active,1480015,NA,NA,S,1,0,74422,24.95,2014,21,16.47,18.13
110470,Active,1660560,NA,NA,S,1,0,30229.925,21.99,2009,23,10.66,10.98
110471,Active,1660506,NA,NA,S,1,0,27017.45,21.99,2009,10,15.73,16.56
110472,Active,680665,NA,NA,S,0,0,80100.25,21.99,2008,30,9.97,9.98
110473,Active,1732641,NA,NA,S,0,0,60322.9,27.99,2008,21,13.86,18.77
110474,Active,1437059,NA,NA,S,1,0,80331.675,28,2012,30,7.8,9.87
110475,Active,2160680,NA,NA,S,1,0,125676.55,23.95,2007,14,18.72,19.11
110476,Active,671911,NA,NA,S,3,1,3386.325,24.99,2014,16,17.9,17.46
110477,Active,1728694,NA,NA,S,0,0,102650.15,24.95,2011,15,15.45,16.49
110478,Active,689705,NA,NA,S,1,0,50110.6,21.99,2011,13,14.24,14.24
110479,Active,689003,NA,NA,S,0,0,149254.6,24.95,2013,19,18.48,18.08
110480,Active,1876875,NA,NA,S,0,0,46022.825,26,2015,24,9.19,14.38
110481,Active,123590,NA,NA,S,0,0,299810.9613,16,2010,49,4,10.01
110482,Active,1814495,NA,NA,S,0,0,3833.3,20.99,2012,15,12.93,12.47
110483,Active,1815102,NA,NA,S,0,0,11382.15,20.99,2014,14,11.88,12.59
110484,Active,865939,NA,NA,S,1,0,719537.9038,59,2008,30,17.99,43.91
110485,Active,682534,NA,NA,S,0,0,108267.75,28,2013,45,5.97,8.89
110486,Active,1425031,NA,NA,S,0,0,343392.485,12.25,2009,62,4.49,9.36
110487,Active,1989645,NA,NA,S,1,0,42290.8,29.99,2015,23,17.42,19.55
110488,Active,1491436,NA,NA,S,0,0,113595.875,26.95,2008,15,19.71,20.12
110489,Active,1629867,NA,NA,S,25,1,390921.4013,46.95,2009,13,17.23,23.9
110490,Active,2149551,NA,NA,S,0,0,87928.6,29.95,2010,43,5.75,8.33
110491,Active,680269,NA,NA,S,0,0,87713.95,29.95,2010,51,8.69,14.99
110492,Active,2096774,NA,NA,S,0,0,42901.625,35,2014,12,22.55,19.98
110493,Active,621915,NA,NA,S,4,1,162832.9,33.95,2011,29,8.23,30.53
110494,Active,805546,NA,NA,S,1,0,55345,45,2008,21,19.99,61.83
110495,Active,2021326,NA,NA,S,1,0,55053.25,40,2009,39,8.3,20.78
110496,Active,1604245,NA,NA,S,0,0,17446.35,40,2014,34,20.79,23.98
110497,Active,1938763,NA,NA,S,0,0,14592.85,25,2015,21,10.23,14.88
110498,Active,810862,NA,NA,S,1,0,17408,30,2011,41,9.28,17.44
110499,Active,2061167,NA,NA,S,0,0,204459.025,25.44,2010,7,34.54,9.9
110500,Active,1507662,NA,NA,S,1,0,110872.8,29.99,2007,39,4.77,19.99
110501,Active,1779993,NA,NA,S,1,0,159643.175,50,2014,15,27.39,27.96
110502,Active,1752852,NA,NA,S,1,0,216975.675,21.95,2009,15,17.19,45.06
110503,Active,532620,NA,NA,S,4,1,701027.2325,77.95,2009,21,5.87,107.32
110504,Active,1698203,NA,NA,S,0,0,19598.825,24.95,2012,24,13.42,13.99
110505,Active,881431,NA,NA,S,0,0,71555.975,34.95,2015,12,28.24,26.76
110506,Active,3805877,NA,NA,S,1,0,13488.65,23.95,2014,49,11.16,17.95
110507,Active,3620737,NA,NA,S,0,0,811211.05,50,2001,67,6.99,39.87
110508,Active,614387,NA,NA,S,1,0,293858.275,131.95,1993,65,4,11.27
110509,Active,532619,NA,NA,S,3,1,70773.17125,21.95,2012,52,11.09,12.72
110510,Active,583842,NA,NA,S,2,1,203681.415,24.95,1993,93,7.56,13.24
110511,Active,1705895,NA,NA,S,0,0,96256.3,26.95,2010,17,25.04,26.95
110512,Active,2094844,NA,NA,S,0,0,685813.0963,40,2012,46,11.99,18.97
110513,Active,2082213,NA,NA,S,0,0,54746.775,50,2015,9,27.91,30.91
110514,Active,1961212,NA,NA,S,0,0,246305.15,21.99,2014,8,17.39,17.17
110515,Active,913765,NA,NA,S,2,1,143596.75,29.95,2014,27,20.93,23.25
110516,Active,532617,NA,NA,S,1,0,280167.8088,20.95,2011,34,6.65,15.72
110517,Active,1942716,NA,NA,S,0,0,68444.5,25.99,2013,38,4,7.93
110518,Active,894902,NA,NA,S,2,1,17534.875,24.99,2014,41,17.31,17.08
110519,Active,699415,NA,NA,S,9,1,68865.065,113.5,2012,29,40.75,40.63
110520,Active,243610,NA,NA,S,2,1,318292.005,24.95,2007,37,6.01,18.65
110521,Active,645976,NA,NA,S,2,1,720218.51,89.95,2010,28,13.46,48.05
110522,Active,173150,NA,NA,S,1,0,554578.795,39.99,1999,23,4.49,38.58
110523,Active,691221,NA,NA,S,2,1,200214.7,24.95,2012,21,20.54,19.81
110524,Active,3745913,NA,NA,S,0,0,140653.1,55,2015,59,19.48,44.99
110525,Active,683416,NA,NA,S,2,1,186564.55,25.95,2009,25,20.53,26.94
110526,Active,1434359,NA,NA,S,0,0,76053.475,29.99,2015,13,20.63,20.97
110527,Active,1938697,NA,NA,S,0,0,7836.35,40,2014,17,20.98,20.93
110528,Active,683593,NA,NA,S,0,0,236628.025,28,2013,37,5.4,13.99
110529,Active,1505623,NA,NA,S,0,0,128982.425,53,2011,12,11.12,12.49
110530,Active,2077808,NA,NA,S,0,0,88135.85,29.95,2013,10,20.2,20.87
110531,Active,1712936,NA,NA,S,1,0,144643.675,26,2010,21,19.23,20.99
110532,Active,364036,NA,NA,S,0,0,480061.185,38,2008,29,14.02,37.35
110533,Active,649513,NA,NA,S,0,0,22171.15,45,2013,18,25.84,27.76
110534,Active,616715,NA,NA,S,1,0,1820.2,35,2012,51,9.93,19.05
110535,Active,2043257,NA,NA,S,0,0,98679.85,21.99,2011,54,5,6.94
110536,Active,3960164,NA,NA,S,0,0,48410.425,26,2015,39,8.87,10.76
110537,Active,2026130,NA,NA,S,0,0,16045.525,29.95,2011,20,22.78,20.46
110538,Active,1696914,NA,NA,S,1,0,118356.425,29.95,2012,17,22.52,21.97
110539,Active,747585,NA,NA,S,0,0,486077.4763,75,2003,26,23.24,50.19
110540,Active,779387,NA,NA,S,0,0,4456.325,24.99,2009,20,15.99,19.74
110541,Active,1908455,NA,NA,S,2,1,14967.765,14.99,2015,30,8.98,10.33
110542,Active,3739144,NA,NA,S,2,1,4409,18.99,2016,17,9.87,10.95
110543,Active,1908509,NA,NA,S,0,0,661175.8025,29.99,2014,41,4,19.13
110544,Active,897308,NA,NA,S,13,1,171188,29.99,2015,18,12.93,15.01
110545,Active,3739129,NA,NA,S,8,1,7649,18.99,2016,19,10.24,10.68
110546,Active,576831,NA,NA,S,3,1,291157.965,16.99,2010,63,4,8
110547,Active,779541,NA,NA,S,0,0,108336,26.99,2008,19,12.46,20.74
110548,Active,1908349,NA,NA,S,0,0,8572.22125,18.99,2015,59,7.98,14.46
110549,Active,200886,NA,NA,S,3,1,642463.4475,16.99,2007,102,3.98,0
110550,Active,673100,NA,NA,S,2,1,103439.7238,18.99,2012,201,4,6.19
110551,Active,672379,NA,NA,S,0,0,17950.66375,18.99,2011,81,7.09,0
110552,Active,1908413,NA,NA,S,1,0,3216.575,29.99,2015,15,20.36,20.39
110553,Active,1908362,NA,NA,S,4,1,58056.45,16.99,2014,49,7.99,10.93
110554,Active,1908305,NA,NA,S,3,1,355633.8113,14.99,2013,68,4,5.43
110555,Active,1908387,NA,NA,S,3,1,320476.8775,18.99,2015,29,5.69,11.18
110556,Active,779580,NA,NA,S,15,1,598329.5975,29.99,2010,53,4,4.44
110557,Active,861904,NA,NA,S,18,1,721883.3925,34.99,2014,28,4,6.33
110558,Active,545309,NA,NA,S,18,1,280401.0063,21.99,2014,47,4,6.28
110559,Active,881369,NA,NA,S,21,1,4351.2725,18.99,2015,35,9.6,10.96
110560,Active,1908289,NA,NA,S,2,1,667303.5238,14.99,2012,66,4,7.49
110561,Active,1908373,NA,NA,S,0,0,33434.5,24.99,2014,10,17.31,17.75
110562,Active,3739161,NA,NA,S,4,1,60919,21.99,2016,15,13.17,14.5
110563,Active,2965199,NA,NA,S,6,1,4520,16.99,2016,17,14.15,10.77
110564,Active,892981,NA,NA,S,3,1,6168.975,23.99,2014,14,17.38,17.71
110565,Active,1908477,NA,NA,S,0,0,55211.8,24.99,2011,14,17.44,18.94
110566,Active,1672628,NA,NA,S,4,1,548110.8175,18.99,2011,50,4,6.59
110567,Active,200892,NA,NA,S,3,1,780070.6013,18.99,2007,57,3.9,0
110568,Active,1908454,NA,NA,S,4,1,3880.2075,16.99,2015,32,11.99,9.66
110569,Active,1672702,NA,NA,S,16,1,428049.4525,16.99,2012,97,3.99,5.64
110570,Active,2965197,NA,NA,S,1,0,6529,16.99,2016,20,7,8.43
110571,Active,576811,NA,NA,S,0,0,376757.8763,7.99,2014,104,4,7.34
110572,Active,684162,NA,NA,S,3,1,49429.35,24.99,2013,30,7.88,12.04
110573,Active,1672475,NA,NA,S,9,1,342718.0613,14.99,2010,96,4,8.99
110574,Active,2965200,NA,NA,S,4,1,16245.36125,16.99,2015,24,13.04,14.28
110575,Active,1873158,NA,NA,S,0,0,212145.775,40,2008,36,5.13,5.98
110576,Active,1529681,NA,NA,S,1,0,684624.4975,15.99,2010,35,7.4,163.7
110577,Active,1780265,NA,NA,S,5,1,47713.78375,18.99,2014,27,5.99,13.81
110578,Active,3497644,NA,NA,S,0,0,341086.85,75,2010,49,16.97,41.01
110579,Active,135952,NA,NA,S,3,1,81551.675,21,2008,12,20.76,19.27
110580,Active,1779278,NA,NA,S,4,1,69996.6675,22.99,2014,26,7.92,8.46
110581,Active,3563057,NA,NA,S,1,0,137672.45,26,2011,57,4,12.23
110582,Active,3124571,NA,NA,S,0,0,21262.55625,9.95,1993,58,4,6.5
110583,Active,1866655,NA,NA,S,0,0,143371.125,35,2011,19,13.97,25.63
110584,Active,243609,NA,NA,S,1,0,143610.875,34.95,2007,12,25.87,34.95
110585,Active,1610098,NA,NA,S,7,1,168721.7,93.88,2009,28,56.34,93.99
110586,Active,146856,NA,NA,S,1,0,571461.7375,59.95,1999,34,4,21.76
110587,Active,3285647,NA,NA,S,4,1,275713.0088,66.75,1900,24,21.21,59
110588,Active,867697,NA,NA,S,9,1,103622.9738,194.75,2013,39,19.6,123.34
110589,Active,867881,NA,NA,S,2,1,13238.94125,103.95,2014,53,52.73,53.79
110590,Active,253922,NA,NA,S,9,1,71027.86875,135.95,2010,52,51.48,68.99
110591,Active,630566,NA,NA,S,5,1,101241.7975,169.95,2012,71,43.99,99.24
110592,Active,243862,NA,NA,S,6,1,72829.36875,159.95,2011,80,46.01,123.8
110593,Active,867882,NA,NA,S,5,1,50713.38375,216.8,2014,71,44.98,84.99
110594,Active,867966,NA,NA,S,3,1,218416.1713,247,2014,36,32.34,96.98
110595,Active,540715,NA,NA,S,9,1,41241.965,216.8,2012,116,34.48,55.94
110596,Active,867862,NA,NA,S,12,1,22971.575,216.8,2014,66,45.99,162.07
110597,Active,828988,NA,NA,S,3,1,589661.4063,58.95,1991,47,5.96,0
110598,Active,664314,NA,NA,S,1,0,51378.525,57,2013,43,28.57,43.55
110599,Active,163476,NA,NA,S,9,1,76744.5275,221,2012,66,19.16,33.97
110600,Active,259664,NA,NA,S,2,1,864713.5563,104.95,2005,37,10.58,67.41
110601,Active,274428,NA,NA,S,0,0,644696.145,29.95,1998,83,4,9.19
110602,Active,920593,NA,NA,S,1,0,524324.5875,99,2014,58,4,18.99
110603,Active,2025446,NA,NA,S,1,0,101854.475,99.95,2015,19,34.73,78.96
110604,Active,549219,NA,NA,S,1,0,369657.19,269.41,1963,24,27.98,155.6
110605,Active,912474,NA,NA,S,0,0,140100.545,19.95,1996,26,7.59,8.99
110606,Active,539802,NA,NA,S,6,1,501279.9238,88,2010,26,5.19,51.78
110607,Active,1716663,NA,NA,S,2,1,81826.575,21.99,2012,22,14.68,15.49
110608,Active,867258,NA,NA,S,5,1,4215.53625,39.99,2014,35,20.31,22.47
110609,Active,1743531,NA,NA,S,0,0,398597.6038,121.18,2010,16,7.64,43.99
110610,Active,591654,NA,NA,S,1,0,690573.22,40.95,2009,20,11.04,28.66
110611,Active,2654678,NA,NA,S,5,1,693555.2038,17.33,1985,40,4,28.24
110612,Active,1617340,NA,NA,S,1,0,49577.55,49.95,2009,11,27.9,18.38
110613,Active,845224,NA,NA,S,0,0,255773.5925,74.88,1990,21,6.2,54.68
110614,Active,564595,NA,NA,S,0,0,283567.8213,38.95,2004,23,15.74,0
110615,Active,1737493,NA,NA,S,2,1,338490.25,48.46,2010,21,4,38.99
110616,Active,2025447,NA,NA,S,1,0,159229.225,99.95,2015,23,32.49,39.59
110617,Active,3504576,NA,NA,S,5,1,24650.95,69.99,2015,24,46.88,49.98
110618,Active,632694,NA,NA,S,2,1,182750.1438,134.95,2012,40,27.98,113.42
110619,Active,1704073,NA,NA,S,0,0,63043.175,24.95,2011,12,19.36,17.02
110620,Active,3745873,NA,NA,S,6,1,30772.45,103,2015,50,48.99,55.99
110621,Active,538820,NA,NA,S,19,1,6732.8825,339.75,2013,102,53.97,82.98
110622,Active,132772,NA,NA,S,12,1,110840.9463,146.8,2009,62,42.25,115.12
110623,Active,1778952,NA,NA,S,1,0,26066.125,22.99,2013,30,10.14,10.04
110624,Active,671995,NA,NA,S,1,0,150546.25,16.99,2008,69,4,8.73
110625,Active,630197,NA,NA,S,0,0,30673.1,51.47,2006,31,13.03,20.61
110626,Active,552908,NA,NA,S,1,0,705193.0838,216.8,2010,34,10.47,77.99
110627,Active,532574,NA,NA,S,5,1,79454.84875,216.8,2012,54,33.98,58.99
110628,Active,541995,NA,NA,S,4,1,148711.5513,151.95,2006,31,18.96,46.71
110629,Active,1990607,NA,NA,S,4,1,15475.475,21.95,2013,13,22.18,17.7
110630,Active,280135,NA,NA,S,1,0,521237.3875,75,2010,25,45.92,47.94
110631,Active,540974,NA,NA,S,16,1,317399.715,32.95,2012,41,10.99,30.38
110632,Active,558376,NA,NA,S,7,1,463517.1075,39.95,2000,52,4,24.89
110633,Active,2087354,NA,NA,S,0,0,288216.8625,27,2013,13,23.99,25.41
110634,Active,532571,NA,NA,S,8,1,380116.3638,160,2012,36,40.94,58.99
110635,Active,1957127,NA,NA,S,1,0,378791.9025,91.73,2012,29,6.29,91.73
110636,Active,1659076,NA,NA,S,11,1,89348.6475,122.25,2012,7,41.74,93.98
110637,Active,595059,NA,NA,S,4,1,675526.5875,129.95,2012,29,9.77,98.99
110638,Active,860005,NA,NA,S,1,0,124004.875,51,2010,13,26.17,20.98
110639,Active,690502,NA,NA,S,2,1,58356.3775,30.95,2011,21,25.74,29.71
110640,Active,683414,NA,NA,S,0,0,57625.475,22.95,2009,29,8.26,18.04
110641,Active,183323,NA,NA,S,7,1,855497.3,123.95,2006,17,4.98,4.99
110642,Active,637839,NA,NA,S,0,0,48422.3,49.95,2011,31,12.39,31.61
110643,Active,1698143,NA,NA,S,0,0,79985.675,24.95,2011,19,9.72,17.74
110644,Active,619055,NA,NA,S,4,1,305242.825,174.4,1998,38,8.23,183.58
110645,Active,170167,NA,NA,S,10,1,86462.21375,116.95,2010,56,15.15,107.48
110646,Active,532563,NA,NA,S,10,1,278282.025,280.95,2010,75,5.34,48.49
110647,Active,110560,NA,NA,S,8,1,6775.49625,293.5,2012,69,53.98,131.65
110648,Active,552055,NA,NA,S,3,1,881637.1663,67,2003,17,10.63,46.14
110649,Active,112221,NA,NA,S,8,1,114996.3475,113.5,2003,83,18.62,53.94
110650,Active,539456,NA,NA,S,10,1,26622.555,242,2013,76,15.53,167.85
110651,Active,1679691,NA,NA,S,0,0,52125.975,24.99,2011,13,16.7,16.69
110652,Active,228862,NA,NA,S,1,0,417322.62,44,1997,27,13.98,36.94
110653,Active,647087,NA,NA,S,0,0,97639.925,49.95,2012,31,11.48,30.45
110654,Active,1698144,NA,NA,S,0,0,110032.725,24.95,2012,26,11.78,17.62
110655,Active,3146363,NA,NA,S,0,0,624799.58,32.95,2005,31,4.52,20.99
110656,Active,603606,NA,NA,S,2,1,75115.075,39.95,2012,51,17.09,19.65
110657,Active,867883,NA,NA,S,15,1,24804.05625,73.2,2014,63,35.99,51.91
110658,Active,2256675,NA,NA,S,0,0,172421.15,105.42,2010,42,12.48,94.63
110659,Active,1498538,NA,NA,S,0,0,59616.375,99.99,2014,7,58.25,50.51
110660,Active,140547,NA,NA,S,2,1,14016.175,24.99,2007,37,8.46,8.47
110661,Active,897122,NA,NA,S,0,0,223803.45,0,2011,12,19.88,0
110662,Active,689991,NA,NA,S,0,0,59988.625,25,2007,10,23.76,14.99
110663,Active,1777499,NA,NA,S,3,1,35495.975,22.99,2011,36,13.81,13.84
110664,Active,194144,NA,NA,S,3,1,18579.825,24.95,2007,45,10.41,13.71
110665,Active,1569938,NA,NA,S,1,0,36516.925,22.99,2010,23,9.98,11.97
110666,Active,1780071,NA,NA,S,3,1,28454.16875,24.99,2014,17,13.99,17.16
110667,Active,2060305,NA,NA,S,0,0,26687.225,24.95,2011,26,12.94,12.98
110668,Active,796703,NA,NA,S,0,0,2710.575,24.99,2011,20,13.73,15.23
110669,Active,3725957,NA,NA,S,0,0,41153.2,24.99,2015,16,16.47,16.47
110670,Active,3035551,NA,NA,S,0,0,529334.5863,14.95,2003,16,29.99,63.69
110671,Active,1833237,NA,NA,S,25,1,52542.125,29.99,2014,20,18.82,20.34
110672,Active,683046,NA,NA,S,0,0,76371.825,21.99,2013,48,4.67,8.53
110673,Active,2898072,NA,NA,S,0,0,730288.8388,17.99,1991,20,14.86,81.29
110674,Active,796768,NA,NA,S,1,0,548439.6088,24.99,2012,25,28.48,52.69
110675,Active,3725958,NA,NA,S,0,0,89962.075,24.99,2015,15,14.88,14.82
110676,Active,3960117,NA,NA,S,0,0,28044.075,24.99,2015,23,11.25,11.99
110677,Active,1833140,NA,NA,S,0,0,8802.6,24.99,2014,21,16.89,17.42
110678,Active,591290,NA,NA,S,0,0,153588,24.99,2012,34,4.07,8.95
110679,Active,1833195,NA,NA,S,0,0,13120.85,39.99,2014,20,20.28,23.28
110680,Active,1832852,NA,NA,S,1,0,62604.675,22.99,2012,44,9.63,11.31
110681,Active,1833111,NA,NA,S,0,0,14689.225,24.99,2015,19,14.75,15.94
110682,Active,796630,NA,NA,S,0,0,110795.725,39.99,2011,21,19.43,24.4
110683,Active,796847,NA,NA,S,0,0,104042.225,24.99,2013,41,8.41,10.52
110684,Active,796729,NA,NA,S,0,0,9291.875,29.99,2012,37,15.14,16.94
110685,Active,1832993,NA,NA,S,0,0,14159.175,29.99,2012,18,19.02,19.02
110686,Active,796819,NA,NA,S,1,0,79280.225,29.99,2013,21,10.45,19.99
110687,Active,796687,NA,NA,S,0,0,46532.775,29.99,2011,24,18.94,14.98
110688,Active,1832854,NA,NA,S,0,0,65858.675,22.99,2011,30,11,14.97
110689,Active,796464,NA,NA,S,0,0,86565.95,24.99,2009,34,8.58,26.72
110690,Active,796679,NA,NA,S,1,0,70945.525,29.99,2011,26,6.99,18.97
110691,Active,688495,NA,NA,S,0,0,8009.075,29.99,2013,15,12.72,15.9
110692,Active,3035065,NA,NA,S,0,0,11679.46375,19.99,1997,103,7.96,15.26
110693,Active,796700,NA,NA,S,0,0,3185.325,24.99,2011,35,14.86,14.85
110694,Active,796670,NA,NA,S,0,0,9852.675,29.99,2011,16,18.62,18.62
110695,Active,1833148,NA,NA,S,0,0,145059.825,39.99,2014,16,25.02,25.67
110696,Active,3960123,NA,NA,S,0,0,42750.125,39.95,2016,18,21.63,22.77
110697,Active,796775,NA,NA,S,0,0,36753.975,24.99,2012,39,11.03,15.81
110698,Active,796821,NA,NA,S,52,1,56356.65,24.99,2013,23,12.8,15.96
110699,Active,3725982,NA,NA,S,0,0,40584.575,75,2015,18,34.03,38.39
110700,Active,796730,NA,NA,S,0,0,44129.925,34.99,2012,17,23.57,21.05
110701,Active,3806097,NA,NA,S,0,0,159219.1,49.99,2015,13,22.49,32.85
110702,Active,796752,NA,NA,S,1,0,53622.7,34.99,2012,19,21.49,22.31
110703,Active,684727,NA,NA,S,0,0,37626.775,24.99,2013,34,13.6,17.09
110704,Active,796803,NA,NA,S,0,0,19454.675,29.99,2012,21,20.12,19.23
110705,Active,796783,NA,NA,S,1,0,67306.375,34.99,2012,19,24.67,23.26
110706,Active,1833191,NA,NA,S,52,1,43600.2,24.99,2014,28,12.56,18.4
110707,Active,1833248,NA,NA,S,52,1,65554.25,24.99,2015,19,17.97,16.81
110708,Active,1471249,NA,NA,S,1,0,199107.575,29.95,2014,13,26.24,26.26
110709,Active,690139,NA,NA,S,1,0,118023.275,24.95,2011,17,14.81,17.18
110710,Active,888719,NA,NA,S,3,1,566502.0725,19.95,2011,9,26.01,12.8
110711,Active,1982655,NA,NA,S,0,0,190563.85,30,2014,9,19.69,22.99
110712,Active,602405,NA,NA,S,0,0,77149.2,24.99,2015,21,14.98,17.48
110713,Active,1702455,NA,NA,S,0,0,26863.125,26,2015,26,16.14,18.34
110714,Active,3732063,NA,NA,S,0,0,149158.5,24.99,2007,12,20.53,23.98
110715,Active,2037598,NA,NA,S,0,0,18785,26.95,2015,12,20.3,20.3
110716,Active,918514,NA,NA,S,0,0,34452.525,27,2011,36,5.96,12.97
110717,Active,2441300,NA,NA,S,0,0,276597.8575,65,1997,75,4,13.92
110718,Active,2204120,NA,NA,S,25,1,239391.2088,14.99,2006,30,9.18,72.94
110719,Active,1745191,NA,NA,S,1,0,149699.375,24.95,2010,14,14.9,23.98
110720,Active,1740542,NA,NA,S,0,0,31042.775,24.95,2013,13,24.67,19.69
110721,Active,1768011,NA,NA,S,1,0,409799.6925,39.99,2013,18,31.08,33.37
110722,Active,3623681,NA,NA,S,1,0,149414.275,49.95,2015,2,49.47,49.41
110723,Active,2095800,NA,NA,S,1,0,82441,49.99,2014,14,36.03,30.75
110724,Active,3498065,NA,NA,S,1,0,119152,24,2011,53,5.75,11.98
110725,Active,1568408,NA,NA,S,3,1,3450.7,21.95,2009,21,14.09,14.12
110726,Active,3466542,NA,NA,S,0,0,76527.875,22.99,2008,47,4,12.48
110727,Active,1866804,NA,NA,S,0,0,13554.8,37.5,2014,15,24.05,25.3
110728,Active,679257,NA,NA,S,0,0,3715.475,24.99,2011,21,15.94,14.37
110729,Active,916888,NA,NA,S,2,1,204717.9325,19.95,2011,52,4,19.95
110730,Active,2913522,NA,NA,S,6,1,9782.6,20.95,2014,8,15.38,19.24
110731,Active,2085201,NA,NA,S,0,0,74017.125,25.99,2015,21,11.5,17.23
110732,Active,1701491,NA,NA,S,0,0,200131.675,34.95,2012,18,18.34,30.98
110733,Active,2167409,NA,NA,S,0,0,111194.275,22.95,2013,15,13.46,18.36
110734,Active,2069326,NA,NA,S,2,1,111650.55,20.95,2011,28,4,11.35
110735,Active,3960130,NA,NA,S,2,1,50135.85,29.95,2009,17,21.67,27.56
110736,Active,1737749,NA,NA,S,1,0,61881.65,29.95,2010,14,19.98,21.49
110737,Active,1688356,NA,NA,S,0,0,97789.275,24.95,2014,16,14.6,17.76
110738,Active,2121047,NA,NA,S,0,0,37105.5,21.95,2014,12,14.67,13.3
110739,Active,1534727,NA,NA,S,0,0,88539.5,26.95,2015,18,13.99,17.96
110740,Active,1876861,NA,NA,S,0,0,79437.075,35,2013,37,7.75,13.94
110741,Active,1863041,NA,NA,S,1,0,88793.97875,16.99,2011,46,4,12.7
110742,Active,2167553,NA,NA,S,0,0,94065.3,29.95,2014,12,23.99,22.99
110743,Active,1781083,NA,NA,S,1,0,52262.45,29.95,2015,22,14.98,16.15
110744,Active,1757693,NA,NA,S,0,0,18450.3,32.95,2012,15,22.99,25.67
110745,Active,689623,NA,NA,S,0,0,567381.9813,24.99,2013,17,4.38,0
110746,Active,2133051,NA,NA,S,2,1,457260.9463,22.95,2014,11,17.48,17.56
110747,Active,1815231,NA,NA,S,0,0,143377.175,26.99,2014,50,5.8,7.98
110748,Active,3730934,NA,NA,S,0,0,221785.45,27.95,2010,55,4,16.97
110749,Active,1869070,NA,NA,S,0,0,244709.35,22.95,2012,17,14.97,18.45
110750,Active,2067975,NA,NA,S,0,0,29079.875,24.95,2013,22,9.21,16.39
110751,Active,2165922,NA,NA,S,1,0,28472.65,24.95,2013,27,12.98,16.21
110752,Active,2100293,NA,NA,S,0,0,74077,24.95,2014,9,22.16,18.52
110753,Active,2113978,NA,NA,S,0,0,148663.8088,15.95,2015,18,12.18,10.52
110754,Active,1615777,NA,NA,S,1,0,57409.1,44.99,2007,40,12.87,26.54
110755,Active,2110058,NA,NA,S,0,0,34960.2,22.95,2014,19,14.44,14.44
110756,Active,1716091,NA,NA,S,0,0,57204.7,27.95,2015,15,24.84,24.83
110757,Active,2104385,NA,NA,S,0,0,122327.925,22.99,2014,18,14.58,15.61
110758,Active,2045222,NA,NA,S,1,0,93430.35,39.95,2014,26,16.2,25.96
110759,Active,2045199,NA,NA,S,1,0,30751.675,29.95,2013,27,11.17,13.98
110760,Active,2067947,NA,NA,S,2,1,50621.525,24.95,2012,22,11.96,15.49
110761,Active,806702,NA,NA,S,0,0,87264.475,29.99,2010,29,17.96,20.16
110762,Active,3830022,NA,NA,S,0,0,145547.85,50,2015,15,33.13,35.91
110763,Active,682872,NA,NA,S,1,0,67189.825,23,2009,12,18.11,19.97
110764,Active,2018230,NA,NA,S,0,0,43403.35,24.99,2013,22,16.42,17.18
110765,Active,3621721,NA,NA,S,2,1,542271.65,15.95,2005,80,4,41.63
110766,Active,2231675,NA,NA,S,0,0,103266.175,33.99,2014,10,21.97,24.96
110767,Active,1779667,NA,NA,S,1,0,58174.45,22,2013,41,4,8.58
110768,Active,1497641,NA,NA,S,0,0,94939.875,39.99,2007,18,10.59,15.28
110769,Active,711254,NA,NA,S,3,1,772643.5075,45,2000,32,4,10.98
110770,Active,1890292,NA,NA,S,1,0,104955.2,42.95,2014,16,37.24,37.3
110771,Active,874111,NA,NA,S,6,1,43611.95125,168.25,2015,32,41.98,54.73
110772,Active,178105,NA,NA,S,1,0,101858.9,85.95,2004,31,33.74,66.39
110773,Active,625051,NA,NA,S,2,1,227721.275,31.95,1999,30,4.43,25.88
110774,Active,639819,NA,NA,S,0,0,28715.2,34.95,2012,25,13.77,15.06
110775,Active,250892,NA,NA,S,1,0,25032.15,30,2008,46,8.5,17.94
110776,Active,2266813,NA,NA,S,1,0,128129.25,46.51,1900,14,35.46,50.62
110777,Active,887357,NA,NA,S,10,1,123536.4488,95.82,2015,21,37.89,49.74
110778,Active,3473443,NA,NA,S,10,1,125610.6,76.4,2015,5,7.99,28.59
110779,Active,261383,NA,NA,S,1,0,424294.97,84,2002,22,17.23,43.99
110780,Active,635244,NA,NA,S,1,0,804963.5263,49.95,2007,35,11.9,43
110781,Active,624371,NA,NA,S,1,0,139243.725,44.99,2009,26,8.92,18.67
110782,Active,1438412,NA,NA,S,1,0,34216.275,20.05,2014,38,32.17,25.99
110783,Active,2054249,NA,NA,S,0,0,244680.875,21.95,2014,24,7.49,13.99
110784,Active,649827,NA,NA,S,0,0,42689.95,42,2012,14,32.94,32.25
110785,Active,677659,NA,NA,S,0,0,36692.65,27.95,2008,31,14.73,16.4
110786,Active,1576485,NA,NA,S,0,0,462635.16,45,2011,36,4.8,7.4
110787,Active,677663,NA,NA,S,2,1,75354.73125,27.95,2007,41,19.52,21.98
110788,Active,1693205,NA,NA,S,1,0,375694.4775,19.95,2006,19,16.98,19.15
110789,Active,805162,NA,NA,S,1,0,158622.7,25,2008,54,4,6.37
110790,Active,2406176,NA,NA,S,0,0,672678.7875,42,1993,26,13.2,36.8
110791,Active,686613,NA,NA,S,0,0,37308.575,22.99,2013,52,4,4.99
110792,Active,125700,NA,NA,S,0,0,594400.11,57.95,1996,39,4.83,31.98
110793,Active,1532263,NA,NA,S,1,0,29039.25,30,2015,34,13.24,14.43
110794,Active,3578230,NA,NA,S,0,0,881737.65,50,2015,38,12.3,17.09
110795,Active,1781167,NA,NA,S,1,0,36391.35,28,2015,15,17.47,17.65
110796,Active,1695946,NA,NA,S,0,0,67174.225,28,2015,12,23.76,20.21
110797,Active,2015375,NA,NA,S,0,0,30832.3,29.95,2014,12,22.02,21.98
110798,Active,2248114,NA,NA,S,5,1,19647.325,23.49,2009,12,18.64,21.49
110799,Active,559918,NA,NA,S,1,0,303705.6675,19.99,2003,173,4,35.16
110800,Active,1946337,NA,NA,S,0,0,237575.6,0,2014,9,35.87,82.66
110801,Active,2302335,NA,NA,S,5,1,503521.1925,43.94,1987,26,15.1,31.99
110802,Active,636630,NA,NA,S,7,1,244131.3225,119.8,1996,32,15.81,71.12
110803,Active,892970,NA,NA,S,3,1,3616.45,22.99,2015,17,16.19,15
110804,Active,2151761,NA,NA,S,0,0,60903.725,24.95,2014,33,5.4,9.44
110805,Active,3061547,NA,NA,S,0,0,630685.06,4.95,2002,17,4.45,4.95
110806,Active,1733343,NA,NA,S,1,0,131756.1,27.95,2010,26,9.77,19.59
110807,Active,2043851,NA,NA,S,0,0,5807.625,25,2015,12,21.95,15.3
110808,Active,652317,NA,NA,S,1,0,153401.225,30,2013,22,7.43,13.99
110809,Active,2834171,NA,NA,S,0,0,386049.6625,19.95,2001,31,11.31,26.96
110810,Active,1725343,NA,NA,S,0,0,21798.225,21.29,2014,65,9.05,12.43
110811,Active,806599,NA,NA,S,1,0,37623.525,24.99,2010,30,10.23,12.94
110812,Active,683576,NA,NA,S,0,0,8172.925,26,2013,28,12.98,15.47
110813,Active,1814614,NA,NA,S,0,0,62200.25,26.99,2013,46,4.75,5.48
110814,Active,2509324,NA,NA,S,3,1,450489.0525,22.95,1994,68,4.94,14.97
110815,Active,1625935,NA,NA,S,0,0,166281.6,21,2013,28,9.46,15.29
110816,Active,2014261,NA,NA,S,0,0,31303.1,21.99,2009,41,8.48,11.11
110817,Active,1859522,NA,NA,S,1,0,108649.875,21,2008,63,4,11.69
110818,Active,1740781,NA,NA,S,0,0,32109.175,24.99,2013,19,14.49,14.49
110819,Active,1929346,NA,NA,S,0,0,113194.95,22.99,2015,17,8.08,7.98
110820,Active,689681,NA,NA,S,0,0,50916.775,25.95,2012,19,14.58,18.23
110821,Active,865249,NA,NA,S,3,1,19151.475,25,2013,14,15.74,17.18
110822,Active,546400,NA,NA,S,0,0,844516.69,69.95,2012,25,10.92,47.24
110823,Active,2027535,NA,NA,S,0,0,192102.65,75,2013,14,20.69,48.98
110824,Active,2027607,NA,NA,S,0,0,61494.575,75,2014,9,44.37,50.92
110825,Active,667497,NA,NA,S,0,0,35668.925,35,2009,14,28.49,23.48
110826,Active,621957,NA,NA,S,0,0,13308.425,40,2015,34,15.44,20.67
110827,Active,2262266,NA,NA,S,3,1,597824.3438,74.85,2012,26,9.76,114.66
110828,Active,1783025,NA,NA,S,1,0,249635.525,244.95,2012,24,5.99,63.87
110829,Active,162893,NA,NA,S,1,0,86566.625,44.99,2010,66,5.51,16.23
110830,Active,630562,NA,NA,S,1,0,69341.5,44.99,2012,31,17.38,23.97
110831,Active,1780547,NA,NA,S,1,0,44096.75,44.99,2014,17,23.99,28.18
110832,Active,1721053,NA,NA,S,0,0,313065.225,42.95,2014,28,25.99,30.61
110833,Active,2058146,NA,NA,S,2,1,47440.25,34.95,2013,11,27.29,34.84
110834,Active,1886262,NA,NA,S,0,0,642871.46,49.99,2010,19,18.97,23.07
110835,Active,2618541,NA,NA,S,2,1,310342.095,139.95,2003,44,6.4,16.24
110836,Active,661024,NA,NA,S,2,1,110151.6663,34.99,2012,27,24.64,27.48
110837,Active,1535889,NA,NA,S,1,0,28366.1,41.75,2014,13,39.34,41.76
110838,Active,1886233,NA,NA,S,2,1,586390.0213,39.99,2010,35,13.48,29.59
110839,Active,2103421,NA,NA,S,0,0,97808.4,69.95,2014,16,44.49,66.78
110840,Active,1886509,NA,NA,S,1,0,195175.825,49.99,2014,27,16.59,33.96
110841,Active,655192,NA,NA,S,1,0,159048.65,49.99,2013,21,26.48,33.83
110842,Active,1780045,NA,NA,S,1,0,216138.115,45,2015,43,12.82,25.66
110843,Active,1780809,NA,NA,S,5,1,100420.8563,44.99,2015,19,22.87,28.42
110844,Active,623385,NA,NA,S,1,0,79328.75,39.99,2012,28,19.99,23.59
110845,Active,1935384,NA,NA,S,0,0,77411.975,39,2013,13,33.99,24.67
110846,Active,623160,NA,NA,S,1,0,13946.675,34.99,2008,26,19.02,22.67
110847,Active,608218,NA,NA,S,4,1,134982.7613,24.99,2006,99,4,9.13
110848,Active,867360,NA,NA,S,4,1,19091.24375,29.99,2014,44,18.26,19.41
110849,Active,1780756,NA,NA,S,1,0,21017.075,34.99,2014,16,22.37,22.18
110850,Active,3089128,NA,NA,S,1,0,498821.33,44.99,2005,28,6.48,37.99
110851,Active,371476,NA,NA,S,7,1,373415.4913,71.95,2011,43,9.94,14.06
110852,Active,623301,NA,NA,S,0,0,602355.8175,53.95,2005,37,16.82,25.63
110853,Active,1781072,NA,NA,S,1,0,51911.825,45,2015,16,29.37,29.42
110854,Active,637355,NA,NA,S,0,0,256048.9613,49.95,2003,32,34.69,46.75
110855,Active,2031441,NA,NA,S,0,0,47315.5,69.95,2012,8,57.94,61.05
110856,Active,542947,NA,NA,S,4,1,567165.625,39.99,2005,55,4,14.96
110857,Active,3634710,NA,NA,S,1,0,82086.65,45,2015,18,22.99,18.7
110858,Active,339868,NA,NA,S,1,0,621799.5863,44.99,2010,56,4.58,17.32
110859,Active,1691719,NA,NA,S,0,0,228376.775,24.99,2014,17,14.85,14.85
110860,Active,1886473,NA,NA,S,1,0,472656.65,39.99,2014,20,23.98,29.39
110861,Active,1938911,NA,NA,S,1,0,208831.525,86,2014,25,32.2,66.24
110862,Active,110390,NA,NA,S,9,1,177220.66,94.96,2008,59,4.57,49.46
110863,Active,867048,NA,NA,S,10,1,8074.475,134.95,2014,62,40.19,62.96
110864,Active,115165,NA,NA,S,4,1,301079.4963,220.2,2000,76,17.49,116.35
110865,Active,256333,NA,NA,S,2,1,166322.5525,29.95,2008,33,8.19,106.25
110866,Active,682140,NA,NA,S,1,0,140240.575,20.95,2009,13,19.18,18.02
110867,Active,3733922,NA,NA,S,2,1,183327.35,59.95,2015,13,42.99,41.06
110868,Active,661301,NA,NA,S,1,0,95159.25,49.95,2009,28,32.68,35.53
110869,Active,1445908,NA,NA,S,1,0,89695.95,59.95,2010,18,37.59,38.18
110870,Active,1710226,NA,NA,S,0,0,64021.475,27.95,2014,17,14,19.96
110871,Active,674969,NA,NA,S,1,0,13468.625,27.95,2009,68,5.78,10.99
110872,Active,1970166,NA,NA,S,1,0,105707,26,2014,9,24.64,18.53
110873,Active,651936,NA,NA,S,0,0,56431.55,49.95,2008,18,29.95,26.52
110874,Active,2168729,NA,NA,S,0,0,17555.85,24.95,2014,11,22.33,20.17
110875,Active,580673,NA,NA,S,0,0,732857.6888,50,1997,48,8.94,52.69
110876,Active,680293,NA,NA,S,1,0,34637.65,29.95,2008,25,16.02,21.98
110877,Active,3126555,NA,NA,S,0,0,108144.725,29,2015,12,21.65,21.86
110878,Active,3000663,NA,NA,S,0,0,121514.2,27.97,2014,8,26.09,26.1
110879,Active,532512,NA,NA,S,2,1,440099.69,36.95,2008,27,6.28,27.48
110880,Active,232361,NA,NA,S,2,1,592495.3738,43.95,1997,17,4,13.93
110881,Active,535978,NA,NA,S,0,0,790205.5213,25.95,2007,25,9.85,17.73
110882,Active,1908849,NA,NA,S,0,0,17130.045,18.95,2010,38,10.59,14.98
110883,Active,1615751,NA,NA,S,1,0,111278.25,24.99,2010,30,6.92,8.75
110884,Active,1495165,NA,NA,S,5,1,32742.575,22,2008,19,15.77,15.32
110885,Active,1492963,NA,NA,S,0,0,92139.125,24.95,2014,11,16.99,19.7
110886,Active,1699014,NA,NA,S,1,0,81.6,26,2014,56,15.37,15.22
110887,Active,1870756,NA,NA,S,1,0,20842.3,30,2011,45,12.9,14.96
110888,Active,636313,NA,NA,S,1,0,282682.6375,43.95,2004,25,8.27,38.99
110889,Active,3605812,NA,NA,S,0,0,75703.375,24.95,2008,29,4.36,12.2
110890,Active,2258073,NA,NA,S,4,1,204435.8,0,2007,7,33.21,0
110891,Active,1498339,NA,NA,S,0,0,122861.65,24.99,2014,29,4.58,10.23
110892,Active,791928,NA,NA,S,0,0,104989.175,29.99,2007,25,12.2,12.16
110893,Active,914277,NA,NA,S,0,0,67617.15,25,2014,26,6.98,10.83
110894,Active,1737625,NA,NA,S,0,0,37794.95,22.95,2014,14,10.98,22.95
110895,Active,1631711,NA,NA,S,0,0,134278.5,24.99,2015,43,4,4
110896,Active,642040,NA,NA,S,1,0,116297.85,34.99,2013,10,20.98,13.97
110897,Active,1761991,NA,NA,S,0,0,104482.225,21.95,2014,21,14.88,18.34
110898,Active,680294,NA,NA,S,1,0,31658.55,26.95,2008,22,18.22,18.66
110899,Active,2034794,NA,NA,S,0,0,166771.6,32.86,2008,26,4.93,23.74
110900,Active,3595147,NA,NA,S,1,0,592577.8,55,2008,43,8.65,8.66
110901,Active,2106473,NA,NA,S,0,0,125243.575,24.95,2015,18,15.54,18.52
110902,Active,690052,NA,NA,S,7,1,667328.9663,22.95,2013,23,16.99,26.48
110903,Active,685158,NA,NA,S,6,1,10552.775,22.95,2014,16,15.63,18.14
110904,Active,3740179,NA,NA,S,1,0,164241.4,29.95,2013,30,21.97,22.28
110905,Active,620962,NA,NA,S,1,0,610386.225,49.95,1991,41,7.79,30.74
110906,Active,746772,NA,NA,S,1,0,249153.925,24.95,2010,62,4,6.99
110907,Active,3583371,NA,NA,S,1,0,56762.775,65,2008,26,29.48,34.59
110908,Active,1698036,NA,NA,S,0,0,147803.325,24.95,2015,14,11.89,20.19
110909,Active,790047,NA,NA,S,0,0,241457.2563,24.95,2011,21,15.69,18.63
110910,Active,1683489,NA,NA,S,0,0,262794.1288,14.95,2011,42,12.59,12.66
110911,Active,613596,NA,NA,S,0,0,480125.9225,11.93,1986,97,4,12.77
110912,Active,2516354,NA,NA,S,1,0,279318.7113,18.99,1982,71,4,6.42
110913,Active,866683,NA,NA,S,13,1,32424.725,137.5,2014,54,53.99,58.71
110914,Active,1598605,NA,NA,S,1,0,30333.125,28,2014,27,13.28,13.98
110915,Active,673898,NA,NA,S,1,0,53922.525,24.95,2007,61,9.98,16.88
110916,Active,3043095,NA,NA,S,1,0,540667.5625,35,1999,22,21.43,78.94
110917,Active,374399,NA,NA,S,2,1,17207.075,24.99,2011,21,16.47,16.91
110918,Active,684247,NA,NA,S,2,1,34468.65,22.99,2011,23,13.62,17.62
110919,Active,3880439,NA,NA,S,0,0,94219.375,69.99,1900,29,26.97,47.88
110920,Active,1526957,NA,NA,S,1,0,176464.675,27,2014,27,7.34,7.41
110921,Active,2110640,NA,NA,S,23,1,275213.29,25.99,2014,25,4.26,46.66
110922,Active,1493956,NA,NA,S,1,0,98462.25,25,2013,19,14.01,19.58
110923,Active,288844,NA,NA,S,6,1,53645.435,119,2009,85,28.98,70.73
110924,Active,599421,NA,NA,S,1,0,3827.26875,14.99,2003,33,10.22,9.07
110925,Active,826558,NA,NA,S,1,0,150231.85,39.95,2008,21,23.65,29.57
110926,Active,686048,NA,NA,S,0,0,27210.975,26.95,2012,26,14.96,11.43
110927,Active,2156907,NA,NA,S,3,1,489588.5213,24.95,2009,18,41.69,52.98
110928,Active,1668967,NA,NA,S,1,0,175214.475,24.95,2013,18,5.48,9.13
110929,Active,1668811,NA,NA,S,3,1,126348.3575,9.95,2011,17,7.85,8.31
110930,Active,1668793,NA,NA,S,4,1,141949.5788,9.95,2011,18,7.72,7.73
110931,Active,2121770,NA,NA,S,0,0,34222.35,25,2014,15,16.21,18.48
110932,Active,610757,NA,NA,S,2,1,556985.4913,46.95,2013,29,16.84,35.08
110933,Active,682038,NA,NA,S,0,0,40853.5,24.95,2013,32,6.95,7.24
110934,Active,1956759,NA,NA,S,0,0,113062.725,26.99,2014,9,17.87,21.89
110935,Active,651875,NA,NA,S,2,1,620984.615,35.95,2009,25,20.63,25.25
110936,Active,2923973,NA,NA,S,0,0,138479.8575,24.93,2011,7,28.7,22.87
110937,Active,2043771,NA,NA,S,0,0,73043.35,40,2013,15,17.95,17.96
110938,Active,802069,NA,NA,S,0,0,148637.35,43,2012,10,33.42,32.92
110939,Active,664756,NA,NA,S,1,0,39032.05,36,2013,24,16.28,19.47
110940,Active,270909,NA,NA,S,1,0,334862.0288,43,2010,14,16.04,31.96
110941,Active,294344,NA,NA,S,0,0,352218.03,90,2001,25,4.14,44.95
110942,Active,2034642,NA,NA,S,0,0,76502.2,24.98,1900,12,18.52,28.94
110943,Active,1725442,NA,NA,S,0,0,110360.125,24.95,2013,20,15.93,19.61
110944,Active,1502281,NA,NA,S,0,0,242292.975,24.99,2011,54,4,7.48
110945,Active,2015720,NA,NA,S,2,1,113259.45,24,2008,25,8.76,17.98
110946,Active,687444,NA,NA,S,0,0,96088.15,24.99,2011,20,15.38,16.12
110947,Active,539473,NA,NA,S,3,1,592058.63,175.87,2013,31,17.74,253.98
110948,Active,1778991,NA,NA,S,1,0,26700.275,29.99,2013,38,7.91,12.23
110949,Active,923290,NA,NA,S,10,1,107584.725,24.95,1989,96,4.98,34.99
110950,Active,1598609,NA,NA,S,0,0,41256.75,29.99,2015,16,19.81,17.58
110951,Active,753370,NA,NA,S,1,0,39254.975,24.99,2011,24,5.85,5.99
110952,Active,1598488,NA,NA,S,0,0,20748.4,21.99,2014,17,14.68,10.98
110953,Active,1569458,NA,NA,S,15,1,77168.8,29.99,2011,37,4.95,6.58
110954,Active,673178,NA,NA,S,0,0,1929.29,16.99,2012,30,5.6,0
110955,Active,909896,NA,NA,S,2,1,32576.75,24.95,2013,20,18.1,18.11
110956,Active,620295,NA,NA,S,1,0,386925.5938,43.95,2008,27,5.24,23.85
110957,Active,641567,NA,NA,S,1,0,82416.065,33.95,2008,27,21.99,25.94
110958,Active,1434092,NA,NA,S,0,0,37187.875,27.5,2015,19,15.09,15.19
110959,Active,1914209,NA,NA,S,0,0,129615.05,23.99,2009,24,13.8,23.68
110960,Active,1532280,NA,NA,S,0,0,15400.9,26,2015,43,10.09,14.71
110961,Active,684230,NA,NA,S,1,0,166549.95,21.95,2011,20,10.99,16.73
110962,Active,682075,NA,NA,S,1,0,36040.45,26.95,2012,28,14.66,18.18
110963,Active,104581,NA,NA,S,1,0,189738.7838,48.5,1999,23,17.85,23.99
110964,Active,678734,NA,NA,S,1,0,9598.9,21.99,2010,31,13.94,13.98
110965,Active,676499,NA,NA,S,11,1,2788.42125,29.99,2011,50,9.84,18.06
110966,Active,921237,NA,NA,S,11,1,17928.45,21.99,2013,34,8.05,7.33
110967,Active,749664,NA,NA,S,2,1,26216.475,25.95,2008,37,4,9.46
110968,Active,2070891,NA,NA,S,0,0,62496.15,31.95,2009,31,6.06,53.01
110969,Active,2443428,NA,NA,S,0,0,388250.65,108.34,1974,26,7.34,55.25
110970,Active,1942700,NA,NA,S,0,0,36648.75,29,2013,25,14.27,14.33
110971,Active,1595290,NA,NA,S,1,0,47074.95,27.95,2015,63,7.3,13.9
110972,Active,272489,NA,NA,S,0,0,135311.1,34.95,2010,18,21.24,21.89
110973,Active,866208,NA,NA,S,1,0,158642.4425,19.99,1999,58,7.1,13.95
110974,Active,1576280,NA,NA,S,0,0,648886.665,26.95,2009,23,8.89,21.26
110975,Active,681881,NA,NA,S,0,0,71843.425,24.95,2009,33,18.59,20.74
110976,Active,480715,NA,NA,S,0,0,761044.6675,32,2004,22,31.71,29.42
110977,Active,1647060,NA,NA,S,1,0,164332.925,28.95,2008,17,9.72,17.24
110978,Active,680304,NA,NA,S,2,1,95847.525,24.95,2008,16,16.98,17.45
110979,Active,1565705,NA,NA,S,1,0,93055.075,35,2014,24,15.3,19.49
110980,Active,1534881,NA,NA,S,1,0,5888.925,24.95,2015,30,14.02,15.26
110981,Active,1699137,NA,NA,S,0,0,110752.5,28.95,2015,16,21.38,19.76
110982,Active,1716002,NA,NA,S,0,0,102261.3,24.95,2013,38,17.84,17.99
110983,Active,691149,NA,NA,S,1,0,74962.675,26,2014,12,19.75,53.98
110984,Active,660927,NA,NA,S,1,0,72953.375,34.95,2013,30,19.77,21.36
110985,Active,2970214,NA,NA,S,0,0,42950.05,22.99,2014,7,19.4,18.47
110986,Active,1433527,NA,NA,S,1,0,46208.225,27.99,2013,67,8.65,10.99
110987,Active,686049,NA,NA,S,3,1,66976.275,24.95,2012,16,16.51,19.29
110988,Active,2166309,NA,NA,S,0,0,6349.925,24.95,2014,13,18.19,18.2
110989,Active,680596,NA,NA,S,3,1,34462.225,29.99,2011,23,11.05,17.99
110990,Active,1720803,NA,NA,S,2,1,19701.55,22,2011,31,11.49,17.57
110991,Active,1581994,NA,NA,S,1,0,180622.625,29.99,2011,13,23.99,23
110992,Active,1488989,NA,NA,S,1,0,97076.1,34.95,2014,20,28.66,24.56
110993,Active,3794973,NA,NA,S,0,0,486142.55,50,2004,35,32.66,41.3
110994,Active,2105352,NA,NA,S,8,1,611703.3875,17.99,2013,37,3.99,13.56
110995,Active,1948246,NA,NA,S,0,0,105622.6,25,2011,11,20.7,24.35
110996,Active,2097671,NA,NA,S,0,0,180169.475,39.95,2013,11,26.41,27.15
110997,Active,1757599,NA,NA,S,1,0,81629.6,35,2014,52,28.99,35
110998,Active,1695678,NA,NA,S,0,0,234021.575,29,2008,23,14.77,22.37
110999,Active,665263,NA,NA,S,0,0,27014.225,32.95,2011,13,24.34,22.96
111000,Active,615534,NA,NA,S,0,0,72439.65,40,2007,34,7.21,11.89
111001,Active,2053531,NA,NA,S,0,0,172213.825,22.95,2011,22,13.49,17.11
111002,Active,254326,NA,NA,S,0,0,110286.8,32.95,2010,21,20.76,25.27
111003,Active,278255,NA,NA,S,1,0,204316.325,24.95,2007,30,8.41,21.21
111004,Active,1701422,NA,NA,S,0,0,725565.4925,32.95,2010,21,28.95,32.93
111005,Active,532479,NA,NA,S,2,1,21873.525,21.95,2010,42,18.29,18.66
111006,Active,2275505,NA,NA,S,2,1,169478,0,1900,22,0,0
111007,Active,1740367,NA,NA,S,0,0,181386.35,39.95,2013,34,9.55,12.11
111008,Active,1561442,NA,NA,S,1,0,100456.275,26.95,2015,34,9.89,13.99
111009,Active,900866,NA,NA,S,2,1,654657.9663,30,2014,21,8.92,17.83
111010,Active,2047623,NA,NA,S,0,0,145078.425,27,2014,6,21.99,22.99
111011,Active,3019366,NA,NA,S,0,0,571006.9138,55,2003,42,4.36,49.59
111012,Active,2530594,NA,NA,S,0,0,437312.4425,59.95,1995,23,6.21,54.03
111013,Active,676666,NA,NA,S,0,0,137221.7,27.99,2012,32,6.93,7.08
111014,Active,686590,NA,NA,S,1,0,59798.7,24.95,2013,29,14.83,14.83
111015,Active,633307,NA,NA,S,0,0,42290.075,33.99,2009,19,19.95,20.98
111016,Active,2015547,NA,NA,S,0,0,108353.7,34.95,2008,15,18.49,24.63
111017,Active,2105761,NA,NA,S,0,0,19966.625,29.95,2014,18,19.89,20.18
111018,Active,130950,NA,NA,S,3,1,260568.2975,98.2,2011,52,8.05,64.48
111019,Active,1925538,NA,NA,S,0,0,5089.675,26.99,2014,13,14.98,17.1
111020,Active,3741594,NA,NA,S,0,0,449502.65,59.99,2013,47,28.72,34.12
111021,Active,625454,NA,NA,S,1,0,563949.7963,77,2003,23,30.94,51.6
111022,Active,234287,NA,NA,S,0,0,26721.0775,14.95,1997,261,4,7.74
111023,Active,1553473,NA,NA,S,1,0,604414.2388,33.95,2012,21,7.97,30.84
111024,Active,686582,NA,NA,S,0,0,42613.325,29,2013,16,20.77,20.47
111025,Active,2143989,NA,NA,S,1,0,65363.6,21.95,2007,17,17.89,19.76
111026,Active,1732813,NA,NA,S,0,0,61063.4,22,2014,14,21.84,22
111027,Active,3960062,NA,NA,S,0,0,5774.325,29.99,2010,25,13.98,15.15
111028,Active,2063718,NA,NA,S,0,0,10673.025,27.99,2012,14,15.42,16.23
111029,Active,3798821,NA,NA,S,0,0,420143.1,64.99,2011,67,35.65,35.66
111030,Active,893099,NA,NA,S,0,0,33247.0725,69.95,1997,31,33.97,41.98
111031,Active,2244122,NA,NA,S,0,0,46921.2,25.99,2007,13,23.45,19.19
111032,Active,556484,NA,NA,S,2,1,370088.0413,29.95,2011,20,28.99,30.67
111033,Active,863432,NA,NA,S,3,1,18955.05,26,2007,25,15.94,16.13
111034,Active,1743215,NA,NA,S,0,0,84322.55,24.95,2010,28,17.98,28.94
111035,Active,905116,NA,NA,S,3,1,6995.75,22.99,2014,17,18.91,16.91
111036,Active,2131597,NA,NA,S,0,0,69791.1,29,2014,11,25.24,23.47
111037,Active,2224188,NA,NA,S,3,1,212654.925,39.95,2014,10,16.94,29.22
111038,Active,695584,NA,NA,S,1,0,370867.255,68.3,2008,37,4.48,14.5
111039,Active,1604588,NA,NA,S,1,0,304092.8738,41.75,2012,11,13.88,38.49
111040,Active,2102741,NA,NA,S,0,0,29601.975,29.95,2015,8,26.42,23.41
111041,Active,782569,NA,NA,S,0,0,116364.95,29.99,2007,10,26.75,23.8
111042,Active,1745212,NA,NA,S,3,1,7500.975,24.95,2013,8,19.49,20.87
111043,Active,1495691,NA,NA,S,0,0,18185.125,24.99,2009,30,13.98,16.35
111044,Active,1979139,NA,NA,S,0,0,76934.275,24.99,2014,17,16.49,18.21
111045,Active,2714037,NA,NA,S,0,0,518311.7813,29.95,2001,107,4,14.69
111046,Active,2011149,NA,NA,S,0,0,126236.5,24.95,2011,15,15.53,16.91
111047,Active,683611,NA,NA,S,1,0,68929.8,25,2012,21,7.83,14.89
111048,Active,2011058,NA,NA,S,1,0,26230.975,24.95,2009,19,16.9,18.11
111049,Active,686776,NA,NA,S,1,0,21769.375,29.95,2011,15,27.04,27.03
111050,Active,1529608,NA,NA,S,0,0,19278.625,23.96,2011,14,16.49,17.88
111051,Active,1687577,NA,NA,S,1,0,155935.8,24.95,2007,38,4,11.95
111052,Active,1446716,NA,NA,S,1,0,185202.7,29.95,2013,12,31.19,25.72
111053,Active,1870765,NA,NA,S,0,0,49104.525,30,2014,22,11.82,19.39
111054,Active,1815327,NA,NA,S,0,0,49923.225,26.99,2015,17,9.86,9.98
111055,Active,1779241,NA,NA,S,1,0,41484.575,29.99,2013,30,10.4,10.96
111056,Active,3624682,NA,NA,S,1,0,112471,60,2016,26,12.23,51.7
111057,Active,2106318,NA,NA,S,0,0,53339.55,24.95,2014,28,6.57,9.54
111058,Active,2093380,NA,NA,S,0,0,33716.195,14.95,2012,68,6.64,7.26
111059,Active,810532,NA,NA,S,1,0,105375.675,26,2010,62,5.46,7.32
111060,Active,2107762,NA,NA,S,0,0,34328.75,39.99,2015,19,21.63,25.94
111061,Active,2205811,NA,NA,S,0,0,55480.65,49.99,2015,22,28.99,28.33
111062,Active,905419,NA,NA,S,2,1,116114.45,29,2014,15,26.96,29
111063,Active,679796,NA,NA,S,0,0,174928.025,25,2009,35,4,7.98
111064,Active,805504,NA,NA,S,1,0,623072.8288,26,2008,46,3.98,7.68
111065,Active,1500614,NA,NA,S,0,0,99042.325,21.99,2008,42,4,12.61
111066,Active,2110047,NA,NA,S,0,0,386980.5288,69.95,2011,20,40.31,42.73
111067,Active,537841,NA,NA,S,9,1,91244.425,185.95,2013,70,44.15,146.8
111068,Active,2110048,NA,NA,S,0,0,498874.85,44.95,2011,31,9.34,27.83
111069,Active,683063,NA,NA,S,0,0,37006.9,24.99,2012,31,10.51,16.48
111070,Active,822475,NA,NA,S,1,0,217526.635,27.95,2000,70,4,17.89
111071,Active,2940596,NA,NA,S,1,0,512802.9838,52.95,2005,40,11.14,36.88
111072,Active,1784044,NA,NA,S,0,0,68590.6,26.99,2015,25,7.98,7.62
111073,Active,1848664,NA,NA,S,0,0,62620.625,30,2014,9,21.47,20.78
111074,Active,2791456,NA,NA,S,3,1,661736.05,22.95,1991,23,6.33,52.93
111075,Active,2159648,NA,NA,S,0,0,48990.75,38,2013,15,33.24,33.29
111076,Active,2007305,NA,NA,S,0,0,41240.95,24.99,2007,8,15.77,15.37
111077,Active,746474,NA,NA,S,1,0,833372.5975,48,2008,72,4,8.13
111078,Active,1751431,NA,NA,S,1,0,188242.525,24.95,2008,32,4,9.49
111079,Active,1522581,NA,NA,S,0,0,578151.1838,46.69,2007,52,4.18,46.64
111080,Active,3960154,NA,NA,S,0,0,54053.2,27.5,2015,18,18.94,2.3
111081,Active,1697057,NA,NA,S,0,0,57870.625,29,2014,44,4.5,19.39
111082,Active,3465731,NA,NA,S,1,0,69079.65,25.99,2012,69,4,13.78
111083,Active,1598241,NA,NA,S,0,0,54190.7,30,2015,25,14.44,18.74
111084,Active,2015449,NA,NA,S,20,1,85659.3,28,2008,25,15.68,17.98
111085,Active,3960005,NA,NA,S,0,0,5588.975,24,2015,49,5.27,5.47
111086,Active,2155032,NA,NA,S,0,0,70240.775,24.95,2007,20,14.55,19.2
111087,Active,3526682,NA,NA,S,1,0,187184.775,55,2015,16,33.94,27.97
111088,Active,624819,NA,NA,S,1,0,588929.0088,74,2002,42,8.78,56.88
111089,Active,629609,NA,NA,S,2,1,70918.28375,116.75,1976,61,22.98,77.6
111090,Active,191896,NA,NA,S,5,1,362191.4925,86.15,2002,32,10.93,82.31
111091,Active,621327,NA,NA,S,2,1,13435.6575,132.69,2011,127,18.3,70.95
111092,Active,866991,NA,NA,S,5,1,785227.14,172.95,2014,34,10.71,50.66
111093,Active,1477492,NA,NA,S,1,0,215817.175,29.95,2015,13,17.47,19.84
111094,Active,658497,NA,NA,S,1,0,739577.2038,62.95,2010,19,18.84,52.65
111095,Active,572536,NA,NA,S,1,0,480724.9438,49.95,1999,41,4,32.3
111096,Active,664300,NA,NA,S,3,1,583569.1463,134,2013,48,9.97,126.99
111097,Active,869799,NA,NA,S,0,0,344424.7738,73.33,2015,23,4,72.89
111098,Active,167351,NA,NA,S,2,1,382361.3838,136.95,2008,44,18.99,82.29
111099,Active,880552,NA,NA,S,11,1,348734.9038,321.95,2012,16,17.52,303.99
111100,Active,540605,NA,NA,S,5,1,19212.04125,271.67,2013,59,46.48,168.99
111101,Active,540755,NA,NA,S,5,1,23685.40125,90,2013,69,17.86,35.72
111102,Active,620536,NA,NA,S,1,0,361992.765,80,2004,33,4,13.22
111103,Active,548373,NA,NA,S,1,0,228070.9788,110.25,2007,37,9.99,63.99
111104,Active,533849,NA,NA,S,11,1,198580.4038,285.25,2012,30,15.85,88.99
111105,Active,631766,NA,NA,S,0,0,145886.7475,67.97,2006,34,9.09,50.35
111106,Active,561441,NA,NA,S,4,1,214138.8538,160,2010,30,6.38,73.26
111107,Active,3104283,NA,NA,S,2,1,82535.45875,35.59,2000,15,13.97,25.6
111108,Active,670455,NA,NA,S,0,0,889246.8625,85.97,2006,25,10.49,53.98
111109,Active,1872199,NA,NA,S,0,0,16138.335,6.95,2012,56,6.98,6.24
111110,Active,450897,NA,NA,S,8,1,259223.4275,390.95,2007,39,11.98,77.03
111111,Active,2254903,NA,NA,S,7,1,764665.4325,46.98,2008,35,9.16,79.13
111112,Active,705376,NA,NA,S,1,0,882924.8413,51.87,2007,35,4.97,137.37
111113,Active,109679,NA,NA,S,1,0,885066.53,157,2007,49,4.61,49.55
111114,Active,2367628,NA,NA,S,0,0,351099.595,499.51,2002,21,16.58,89.24
111115,Active,50195,NA,NA,S,8,1,396757.5088,144.3,2003,105,6.01,28.94
111116,Active,3043692,NA,NA,S,0,0,90630.49625,0,2004,3,18.94,163.94
111117,Active,1779288,NA,NA,S,1,0,95648.65,31.99,2012,6,21.31,26.55
111118,Active,2077115,NA,NA,S,4,1,204450.125,0,2011,9,29.95,30.81
111119,Active,540733,NA,NA,S,10,1,259534.7538,235.4,2013,53,37.97,167.69
111120,Active,2781955,NA,NA,S,0,0,778588.2625,60,1994,28,14.02,48.35
111121,Active,1957157,NA,NA,S,3,1,219420.6588,39.3,2013,9,38.03,41.27
111122,Active,572252,NA,NA,S,0,0,116971.475,21.95,2007,45,4,10.88
111123,Active,695192,NA,NA,S,0,0,687310.8763,52.48,2006,19,11.29,51.91
111124,Active,712509,NA,NA,S,0,0,578545.005,28.99,2002,38,7.49,29.94
111125,Active,3504118,NA,NA,S,1,0,201443.775,89.4,2014,42,8.76,17.24
111126,Active,864800,NA,NA,S,3,1,439394.485,126.25,2013,45,11.89,89.04
111127,Active,544329,NA,NA,S,3,1,428419.5863,148.95,2013,60,5.08,68.65
111128,Active,178719,NA,NA,S,2,1,733359.045,133.95,2011,25,5.98,128.7
111129,Active,664130,NA,NA,S,3,1,532756.8263,126.25,2013,36,4.32,74
111130,Active,1584027,NA,NA,S,1,0,595663.705,54.99,2010,35,14.59,47.99
111131,Active,1779810,NA,NA,S,1,0,112080.9,22.99,2014,18,16.41,16.34
111132,Active,1707361,NA,NA,S,0,0,129212.35,24.95,2011,20,22.74,24.94
111133,Active,617767,NA,NA,S,1,0,559454.6688,141.75,1980,41,13.95,67.47
111134,Active,1710722,NA,NA,S,1,0,132477.375,23,2011,11,15.58,19.03
111135,Active,3196268,NA,NA,S,2,1,286705.0713,15.89,2001,23,13.26,12.95
111136,Active,1712410,NA,NA,S,0,0,75180.9,22.5,2008,19,17.24,22.5
111137,Active,1549748,NA,NA,S,3,1,357044.995,41,2011,14,16.9,19.02
111138,Active,1779430,NA,NA,S,1,0,16391.275,22.99,2013,19,15.97,16.11
111139,Active,655550,NA,NA,S,0,0,127370.25,79.99,2011,20,45.85,57.31
111140,Active,450465,NA,NA,S,2,1,115688.0938,235.95,2006,63,10.7,73.77
111141,Active,2151624,NA,NA,S,1,0,36555.375,42,2014,12,29.43,32
111142,Active,920709,NA,NA,S,1,0,591486.5675,66.95,2005,45,4,8.94
111143,Active,190131,NA,NA,S,1,0,171527.255,32.95,2009,24,14.39,20.12
111144,Active,2137835,NA,NA,S,0,0,17066.625,29.95,2012,10,20.41,20.41
111145,Active,1704408,NA,NA,S,1,0,101220.825,60,2009,22,26.59,31.98
111146,Active,1704074,NA,NA,S,0,0,22437.2,34.95,2010,15,28.57,25.49
111147,Active,2162314,NA,NA,S,0,0,215640.025,21.95,2014,41,4,6.49
111148,Active,2101708,NA,NA,S,0,0,172863,27,2013,13,19.97,20.98
111149,Active,1590776,NA,NA,S,1,0,528656.5138,54.99,2009,20,10.88,20.47
111150,Active,665606,NA,NA,S,0,0,84622.5,39.95,2009,20,22.98,25.95
111151,Active,863858,NA,NA,S,2,1,44421.75,29.95,2010,20,23.93,21.79
111152,Active,1876830,NA,NA,S,0,0,59695.4,50,2012,27,20.24,30.25
111153,Active,1626950,NA,NA,S,0,0,37386.9,49.95,2010,13,29.49,28.96
111154,Active,1832804,NA,NA,S,1,0,243150,22.99,2011,16,5.18,18.67
111155,Active,1627526,NA,NA,S,4,1,45389.075,35,2011,6,27.42,25.72
111156,Active,2021242,NA,NA,S,1,0,44645.7,32.5,2011,38,7.85,17.33
111157,Active,1576219,NA,NA,S,0,0,168185.125,34.95,2009,19,19.62,26.16
111158,Active,1479052,NA,NA,S,1,0,527343.4463,34.95,2011,51,4,14.34
111159,Active,3800324,NA,NA,S,0,0,60194.4,29.99,2014,38,18.72,19.72
111160,Active,2813593,NA,NA,S,0,0,770055.2725,45,1997,26,16.54,37.99
111161,Active,3960065,NA,NA,S,0,0,16936.725,25,2015,21,17.49,15.31
111162,Active,2021245,NA,NA,S,1,0,7566.3,24.99,2011,22,16.17,16.17
111163,Active,2077114,NA,NA,S,4,1,29105.1,0,2012,16,33.99,54.1
111164,Active,1576768,NA,NA,S,0,0,65567.7225,27.95,2014,25,19.49,21.32
111165,Active,2031595,NA,NA,S,2,1,762474.5488,16.99,2008,30,4,7.47
111166,Active,2274958,NA,NA,S,0,0,591746.6338,80.53,2012,21,21.13,33.89
111167,Active,2042057,NA,NA,S,3,1,87212.2175,24.99,2014,29,8.1,17.33
111168,Active,2042058,NA,NA,S,0,0,18691.45,35,2014,13,23.25,24.48
111169,Active,2042091,NA,NA,S,4,1,21835.4,24.99,2015,16,17.66,18.25
111170,Active,2042050,NA,NA,S,1,0,55353.775,24.99,2013,18,6.47,10.98
111171,Active,2042049,NA,NA,S,2,1,42980.4,24.99,2013,14,15.48,16.75
111172,Active,2031623,NA,NA,S,0,0,33166.525,24.99,2011,19,14.21,15.98
111173,Active,2031603,NA,NA,S,0,0,79725.875,24.99,2009,36,11.29,15.86
111174,Active,864360,NA,NA,S,3,1,114596.65,24.99,2013,20,10.22,16.73
111175,Active,2031597,NA,NA,S,2,1,149645.45,24.99,2008,51,4.93,11.99
111176,Active,3794260,NA,NA,S,0,0,56696.775,24.99,2011,23,12.7,28.85
111177,Active,864007,NA,NA,S,2,1,39876.55,24.99,2011,29,13.95,16.98
111178,Active,864180,NA,NA,S,2,1,34255.825,24.99,2012,23,15.1,16.09
111179,Active,2042066,NA,NA,S,6,1,5753.3575,24.99,2014,23,16.73,16.83
111180,Active,2031655,NA,NA,S,2,1,112290.725,24.99,2012,17,14.84,17.46
111181,Active,2031607,NA,NA,S,0,0,29618.625,21.99,2009,34,8.38,10.97
111182,Active,1715528,NA,NA,S,0,0,63945.975,25.95,2007,23,15.18,21.99
111183,Active,1656226,NA,NA,S,0,0,133265.375,39.95,2015,14,23.93,27.86
111184,Active,1463235,NA,NA,S,1,0,566399.535,24.95,2015,24,13.53,22.7
111185,Active,254053,NA,NA,S,0,0,53330.46,19.95,2008,94,7.06,28.77
111186,Active,1964510,NA,NA,S,1,0,29216.15,24.95,2014,16,21.57,20.29
111187,Active,625323,NA,NA,S,1,0,9739.3,35,2008,38,23.25,26.92
111188,Active,637188,NA,NA,S,1,0,81273.3,29.95,2008,19,22.5,29.43
111189,Active,2045225,NA,NA,S,1,0,8918.7,34.95,2014,21,20.81,20.81
111190,Active,1726350,NA,NA,S,1,0,70370.6,24.95,2014,16,13.27,14.91
111191,Active,636432,NA,NA,S,1,0,378030.1363,170,1983,28,14.31,81.99
111192,Active,1625924,NA,NA,S,0,0,248866.35,31.5,2013,12,29.4,28.1
111193,Active,1461357,NA,NA,S,0,0,33380.075,28,2007,19,16.81,18.32
111194,Active,2408122,NA,NA,S,1,0,339731.0825,44.99,1996,30,4,22.09
111195,Active,634284,NA,NA,S,1,0,488963.8763,43.95,1999,26,8.02,23.6
111196,Active,3828994,NA,NA,S,0,0,92985.15,27.95,2014,34,17.04,18.04
111197,Active,2408561,NA,NA,S,0,0,609020.5238,7.95,2001,17,5.25,56.54
111198,Active,685133,NA,NA,S,0,0,90943.55,25.95,2009,21,16.47,18.05
111199,Active,1700846,NA,NA,S,0,0,89721.275,25.95,2014,36,8.88,8.86
111200,Active,3806337,NA,NA,S,0,0,98211.275,49.99,2016,11,32.71,32.72
111201,Active,2717463,NA,NA,S,0,0,384876.2438,28,1997,27,11.42,94.03
111202,Active,1979896,NA,NA,S,0,0,213395.3,28.99,2013,6,29.43,23.19
111203,Active,2161070,NA,NA,S,0,0,34036.05,22.95,2007,14,18.99,16.48
111204,Active,617072,NA,NA,S,1,0,222395.215,44.95,1997,36,4,21.93
111205,Active,1701390,NA,NA,S,0,0,128064.725,27.95,2009,15,19.08,22.45
111206,Active,718697,NA,NA,S,1,0,580644.2925,60,1999,36,6.04,30.27
111207,Active,3829981,NA,NA,S,0,0,172140.65,60,2015,17,28.48,33.88
111208,Active,1925951,NA,NA,S,2,1,616222.7138,35.95,2009,12,32.56,34.47
111209,Active,297944,NA,NA,S,1,0,103404.875,29.95,2007,44,9.17,23.91
111210,Active,143507,NA,NA,S,9,1,72434.32875,68.95,2010,46,21.14,28.99
111211,Active,1918117,NA,NA,S,7,1,768649.4363,29.99,2010,24,53.94,108.99
111212,Active,3809945,NA,NA,S,0,0,9427.425,29.95,2015,23,19.69,19.7
111213,Active,1754621,NA,NA,S,1,0,4314.425,26.5,2012,17,25.24,26.5
111214,Active,2046754,NA,NA,S,1,0,90665.9,28.95,2013,63,4,13.14
111215,Active,1629643,NA,NA,S,1,0,84605.7,22.5,2013,14,14.6,18.09
111216,Active,637667,NA,NA,S,0,0,116484.45,32,2012,20,18.91,22.02
111217,Active,1781013,NA,NA,S,1,0,17674.4,32.95,2014,14,21.94,21.2
111218,Active,1938959,NA,NA,S,1,0,31810.1,32.95,2012,13,25.41,28.85
111219,Active,2025887,NA,NA,S,0,0,217444.3063,24.95,2007,25,9.1,21.9
111220,Active,1479323,NA,NA,S,1,0,103774.25,36.95,2013,20,19.25,29.28
111221,Active,2086624,NA,NA,S,0,0,178205.9,34.95,2014,22,5.99,7.13
111222,Active,3828907,NA,NA,S,1,0,110900.225,30,2009,24,19.46,33.98
111223,Active,2154855,NA,NA,S,2,1,407612.4138,39.95,2014,17,33.91,33.08
111224,Active,861203,NA,NA,S,1,0,18632.4,27,2013,38,11.78,13.41
111225,Active,3583741,NA,NA,S,0,0,23826.275,22.95,2011,20,17.08,16.95
111226,Active,633842,NA,NA,S,2,1,55234.65,34.99,2012,28,10.38,21.03
111227,Active,3635060,NA,NA,S,6,1,66226,24.99,2016,12,17.21,14.59
111228,Active,881452,NA,NA,S,1,0,84624.825,22.99,2009,17,18.47,18.48
111229,Active,2085175,NA,NA,S,1,0,69356.55,35,2014,37,10.05,21.94
111230,Active,3563036,NA,NA,S,0,0,67363.95,25.99,2009,28,4.48,11.99
111231,Active,2090156,NA,NA,S,0,0,83080.85,26.95,2014,24,20.2,19.69
111232,Active,1434175,NA,NA,S,1,0,36431.925,27.99,2015,51,10.68,19.37
111233,Active,1994032,NA,NA,S,0,0,99682.63375,12.99,2014,8,14.78,12.99
111234,Active,1997134,NA,NA,S,0,0,194696.9463,13.99,2014,23,10.09,12
111235,Active,2811929,NA,NA,S,0,0,475769.4988,45,2001,51,5.64,9.98
111236,Active,3557613,NA,NA,S,1,0,241700.15,29.95,2010,32,13.72,21.99
111237,Active,1523890,NA,NA,S,0,0,77785.275,26,2014,33,4,8.54
111238,Active,1708128,NA,NA,S,0,0,99171.475,21.95,2008,49,9.1,9.63
111239,Active,174500,NA,NA,S,0,0,686377.1475,54.99,1999,22,10.34,52.67
111240,Active,2064818,NA,NA,S,0,0,61881.275,26.95,2010,62,4,4.99
111241,Active,532419,NA,NA,S,6,1,311853.1488,10.25,2011,27,7.85,0
111242,Active,2216216,NA,NA,S,0,0,11640.55,34.99,2015,6,39.98,23.8
111243,Active,264431,NA,NA,S,2,1,25781.34875,14,2005,34,7.88,0
111244,Active,1847722,NA,NA,S,0,0,28691.35,41.03,2008,24,34.38,35.98
111245,Active,1710690,NA,NA,S,0,0,197364.775,25,2010,38,24.68,24.69
111246,Active,2058745,NA,NA,S,1,0,39259.375,39.99,2009,39,12.34,24.75
111247,Active,2058749,NA,NA,S,1,0,38840.325,39.99,2010,32,22.9,29.12
111248,Active,1713820,NA,NA,S,0,0,151131.9,24.95,2011,21,18.98,18.98
111249,Active,271160,NA,NA,S,1,0,68973.9,52.5,2011,15,40,41.18
111250,Active,890959,NA,NA,S,15,1,250903.66,29.95,2014,17,19.82,23.21
111251,Active,881362,NA,NA,S,36,1,28634.99625,54.95,2015,41,24.82,29.98
111252,Active,1781291,NA,NA,S,1,0,14387.65,27.95,2015,16,18.58,17.08
111253,Active,689731,NA,NA,S,0,0,105739.675,29.95,2010,24,30.39,33.94
111254,Active,2049527,NA,NA,S,0,0,65490.025,26.95,2014,34,8.2,16.64
111255,Active,2147189,NA,NA,S,18,1,107183.275,26.95,2014,6,20.88,17.96
111256,Active,3824603,NA,NA,S,5,1,109966,26.95,2016,14,19.72,19.73
111257,Active,3136590,NA,NA,S,13,1,475736,29.95,2016,0,0,16.81
111258,Active,860632,NA,NA,S,8,1,123972.79,26.95,2012,19,13.97,18.81
111259,Active,1876914,NA,NA,S,0,0,44101.5,35,2014,25,9.13,14.83
111260,Active,2046768,NA,NA,S,3,1,30419.625,24.95,2014,28,15.41,17.25
111261,Active,1753802,NA,NA,S,0,0,20920.475,24.95,2013,31,12.48,15.63
111262,Active,734132,NA,NA,S,1,0,221180.6,24.99,2010,23,5.9,56.64
111263,Active,1508673,NA,NA,S,1,0,40677.05,27,2014,48,8.15,16.94
111264,Active,2103086,NA,NA,S,0,0,1409.85,32,2015,33,15.46,15.24
111265,Active,3578264,NA,NA,S,0,0,52969.2,22,2014,22,11.05,14.16
111266,Active,1576051,NA,NA,S,1,0,163038.2,34.95,2007,10,24.89,24.9
111267,Active,2141229,NA,NA,S,1,0,60309.775,22.95,2008,7,17.7,22.94
111268,Active,3082729,NA,NA,S,1,0,713709.6238,19.18,2003,6,56.87,20.95
111269,Active,2835958,NA,NA,S,0,0,530417.495,142.95,1984,21,18.38,108.3
111270,Active,1731832,NA,NA,S,0,0,99905.5,24.99,2014,13,16.13,17.68
111271,Active,1778179,NA,NA,S,1,0,25445.625,22.99,2012,14,12.49,14.99
111272,Active,1842737,NA,NA,S,2,1,808910.825,44.89,2007,23,4.78,42.89
111273,Active,234228,NA,NA,S,5,1,18211.605,85,2009,57,43.9,78.89
111274,Active,532405,NA,NA,S,3,1,95898.575,53,2006,38,15.98,28.81
111275,Active,700779,NA,NA,S,2,1,195838.3688,36.95,2006,25,20.99,24.55
111276,Active,2351091,NA,NA,S,4,1,18881.04375,60,2015,21,33.98,38.17
111277,Active,1756374,NA,NA,S,6,1,84115.56875,24.95,2010,90,4.08,48.74
111278,Active,677623,NA,NA,S,0,0,2949.7,24,2011,33,12.4,13.05
111279,Active,1697252,NA,NA,S,0,0,59224.525,22,2014,52,6.62,8.36
111280,Active,1495866,NA,NA,S,0,0,29626.675,35,2013,36,13.36,14.54
111281,Active,1495858,NA,NA,S,1,0,48236.55,25.95,2009,55,5.12,10.49
111282,Active,682549,NA,NA,S,3,1,73144.85,23.95,2013,19,12.9,16.12
111283,Active,673799,NA,NA,S,1,0,68021.34125,33.95,2011,33,20.42,26.07
111284,Active,617564,NA,NA,S,1,0,468990.74,41.95,1993,53,5.91,16.11
111285,Active,1694606,NA,NA,S,3,1,223316.9,35,2011,33,4.5,9.6
111286,Active,1498886,NA,NA,S,0,0,93742.075,21.29,2014,22,8.78,11.14
111287,Active,1433622,NA,NA,S,0,0,40858.875,25.99,2014,24,15.52,8.97
111288,Active,2006322,NA,NA,S,1,0,102757.325,34.95,2010,10,24.64,24.64
111289,Active,2919517,NA,NA,S,3,1,59736.35,24.99,2015,40,12.33,16.57
111290,Active,1638721,NA,NA,S,0,0,79357.9,25.99,2015,26,12.9,14.49
111291,Active,1535766,NA,NA,S,1,0,78265.25,23.95,2013,15,22.11,22.11
111292,Active,1691859,NA,NA,S,0,0,157420.125,24,2008,12,15.19,17.73
111293,Active,686428,NA,NA,S,14,1,122893.3,29.99,2009,17,10.52,29.99
111294,Active,1739031,NA,NA,S,0,0,150991.1475,24,2007,31,13.32,13.33
111295,Active,1935425,NA,NA,S,2,1,9190.75,21.95,2013,27,12.28,13.4
111296,Active,244571,NA,NA,S,1,0,123606.4,26.95,2007,42,4,39.78
111297,Active,2017137,NA,NA,S,0,0,513213.4013,6.99,2006,22,43.41,92.79
111298,Active,2135175,NA,NA,S,0,0,64403.5,29.95,2015,14,21.98,19.46
111299,Active,1918238,NA,NA,S,0,0,32781.8,24.99,2014,20,8.99,8.97
111300,Active,3960107,NA,NA,S,0,0,24387.5,22.99,2015,17,16.02,15.32
111301,Active,3553670,NA,NA,S,0,0,249366.575,38.95,2012,27,7.94,25.53
111302,Active,1969625,NA,NA,S,0,0,6564.875,28,2015,39,5.21,5.69
111303,Active,2168554,NA,NA,S,1,0,224703.85,26.95,2014,47,4,11.92
111304,Active,639672,NA,NA,S,2,1,402118.4388,32.95,2013,24,12.52,23.84
111305,Active,1640718,NA,NA,S,0,0,113091.05,24.99,2013,11,17.14,16.62
111306,Active,684245,NA,NA,S,0,0,78556.275,29.95,2011,18,21.83,22.1
111307,Active,618988,NA,NA,S,0,0,102657.175,35,2008,54,9.04,18.95
111308,Active,708234,NA,NA,S,2,1,208983.6863,29.25,2004,36,5.82,17.9
111309,Active,613752,NA,NA,S,2,1,559779.0463,118.5,2004,87,4.12,49.85
111310,Active,616954,NA,NA,S,1,0,181491.2088,121.75,2007,73,7.77,16.99
111311,Active,1655230,NA,NA,S,1,0,471015.5363,35,2006,22,9.82,100.34
111312,Active,1488364,NA,NA,S,0,0,240687.4,75,2012,27,5.13,23.99
111313,Active,1924630,NA,NA,S,0,0,132498.25,34,2015,13,32.86,30.61
111314,Active,1964489,NA,NA,S,0,0,165964.6,29.95,2014,15,19.17,23.74
111315,Active,1663231,NA,NA,S,0,0,119985.225,26.65,2013,11,18.78,23.38
111316,Active,2049373,NA,NA,S,0,0,168430.5,36.99,2014,12,21.72,17.67
111317,Active,2015601,NA,NA,S,0,0,18302.125,24.95,2015,12,18.26,18.28
111318,Active,621942,NA,NA,S,0,0,19268.25,39.95,2011,26,10.73,27.08
111319,Active,2150907,NA,NA,S,0,0,73268.95,21.95,2012,22,9.88,17.35
111320,Active,3624620,NA,NA,S,0,0,127891.75,59.95,2016,9,38.55,40.58
111321,Active,689640,NA,NA,S,1,0,10942.875,29.38,2012,19,25.05,25.78
111322,Active,2900791,NA,NA,S,1,0,278454.1475,12.95,2003,24,4.98,11.04
111323,Active,2168592,NA,NA,S,0,0,43727.35,21.95,2014,10,12.5,16.72
111324,Active,207201,NA,NA,S,0,0,397942.9688,40,2001,58,4,24.94
111325,Active,1753860,NA,NA,S,3,1,32218.575,24.95,2011,7,31.13,22.99
111326,Active,2043655,NA,NA,S,1,0,94671.475,22.99,2008,36,10.9,14.03
111327,Active,2109944,NA,NA,S,2,1,691482.6188,18.95,2010,35,4,53.19
111328,Active,532384,NA,NA,S,4,1,113618.07,14.99,2010,26,5.31,7.55
111329,Active,2036989,NA,NA,S,0,0,33.975,49.99,2007,0,0,0
111330,Active,2040210,NA,NA,S,0,0,772341.22,55,2006,34,4.82,42.91
111331,Active,1592280,NA,NA,S,1,0,519608.95,199.99,2010,16,43.61,57.36
111332,Active,1478787,NA,NA,S,1,0,138624.675,29.95,2015,35,13.98,13.98
111333,Active,1826525,NA,NA,S,1,0,191188.675,31.95,2014,11,29.97,29.75
111334,Active,2021241,NA,NA,S,1,0,103895.275,22.99,2010,34,8.03,13.47
111335,Active,532381,NA,NA,S,4,1,575951.58,24.95,2009,32,4,18
111336,Active,690738,NA,NA,S,0,0,242282.675,29.95,2012,9,34.7,27.61
111337,Active,1646638,NA,NA,S,0,0,86586.85,34.99,2012,19,23.75,36.96
111338,Active,1646653,NA,NA,S,0,0,148799.6688,24.99,2014,46,8.5,8.79
111339,Active,1433499,NA,NA,S,1,0,169620.975,35,2014,13,23.01,25.06
111340,Active,1912501,NA,NA,S,0,0,138297.75,20.99,2008,12,23.12,20.98
111341,Active,723777,NA,NA,S,1,0,249721.025,35,2010,27,4,13.98
111342,Active,1434299,NA,NA,S,0,0,75752.25,26.99,2015,17,16.8,18.87
111343,Active,1747383,NA,NA,S,1,0,67303.4,28.95,2008,15,15.98,18.95
111344,Active,1432879,NA,NA,S,1,0,156157.675,25.99,2012,65,4,6.95
111345,Active,1508800,NA,NA,S,0,0,93964.925,28,2015,49,6.49,9.98
111346,Active,2101716,NA,NA,S,1,0,98438.45,24.95,2013,21,7.19,7.83
111347,Active,1716609,NA,NA,S,0,0,44732.775,24.99,2010,14,15.1,15.97
111348,Active,2135625,NA,NA,S,0,0,84461.2,29.95,2015,14,20.37,21.01
111349,Active,2163242,NA,NA,S,1,0,71329.325,24,2009,10,17.2,23.48
111350,Active,2086178,NA,NA,S,2,1,112871.75,22,2011,14,16.21,19.8
111351,Active,2082339,NA,NA,S,0,0,143633.375,27.95,2014,8,19.69,18.58
111352,Active,904030,NA,NA,S,0,0,154135.3088,18.95,2012,22,8.73,13.97
111353,Active,300055,NA,NA,S,2,1,173525.75,31.95,2010,22,12.86,26.49
111354,Active,1670496,NA,NA,S,0,0,71495.35,24.99,2014,25,5.9,16.67
111355,Active,3498676,NA,NA,S,0,0,4768.35,26.99,2007,9,16.48,16.49
111356,Active,1433253,NA,NA,S,0,0,15081.6,28.99,2013,39,11.2,16.28
111357,Active,896894,NA,NA,S,0,0,26934.825,21.99,2007,9,16.22,15.19
111358,Active,267327,NA,NA,S,1,0,205377.8,29.95,2007,18,21.47,22.8
111359,Active,906498,NA,NA,S,0,0,18931.705,19.95,2014,38,7.33,13.51
111360,Active,3566385,NA,NA,S,0,0,35424.35,22.99,2015,22,11.07,12.94
111361,Active,1624721,NA,NA,S,0,0,20689.5,27.95,2015,17,13.8,10.73
111362,Active,3486469,NA,NA,S,0,0,3954.775,45,2016,13,34.56,29.95
111363,Active,1935467,NA,NA,S,2,1,84147.4375,19.95,2014,15,13.45,15.56
111364,Active,546661,NA,NA,S,0,0,143621.15,35,2010,12,24.62,42.19
111365,Active,781764,NA,NA,S,0,0,235232.5,29.99,2008,23,16.88,29.68
111366,Active,2050816,NA,NA,S,0,0,12417.1,34.99,2013,29,16.83,22.17
111367,Active,107655,NA,NA,S,0,0,91501.59,46.88,2003,37,13.16,19.51
111368,Active,1925420,NA,NA,S,0,0,93554.85,31.99,2012,18,19.72,19.73
111369,Active,2049806,NA,NA,S,0,0,76686.7,24.99,2015,17,12.63,16.06
111370,Active,679559,NA,NA,S,1,0,114214.4,29.95,2012,26,7.98,8.48
111371,Active,2076037,NA,NA,S,1,0,105650.975,30,2011,10,23.97,23.86
111372,Active,2021467,NA,NA,S,0,0,51382.95,22.95,2008,30,8.87,9.28
111373,Active,2901085,NA,NA,S,0,0,64376.28375,29.95,1992,25,39.76,43.93
111374,Active,1967172,NA,NA,S,0,0,188132.475,24.95,2012,10,20.89,22.54
111375,Active,1508859,NA,NA,S,1,0,331.25,28,2015,27,15.49,15.98
111376,Active,1661554,NA,NA,S,4,1,2053.46375,11.95,2012,24,7.35,9.96
111377,Active,1661553,NA,NA,S,4,1,3141.38125,11.95,2012,31,6.66,6.74
111378,Active,490068,NA,NA,S,0,0,50830.3525,15,2009,238,4,6.31
111379,Active,2287352,NA,NA,S,2,1,8410.05,0,2014,0,0,14.48
111380,Active,357851,NA,NA,S,0,0,191525.225,22,2011,14,13.98,16.15
111381,Active,684770,NA,NA,S,1,0,68720.1,28.95,2012,21,15.94,21.1
111382,Active,649094,NA,NA,S,1,0,37024.725,55,2008,17,35.08,35.09
111383,Active,532377,NA,NA,S,2,1,857932.255,75,2007,32,8.9,59.95
111384,Active,687432,NA,NA,S,1,0,51907.675,24.95,2011,16,16.52,16.78
111385,Active,676865,NA,NA,S,1,0,140370.425,24.95,2010,50,7.82,8.45
111386,Active,687891,NA,NA,S,0,0,21660.5,27.95,2014,50,12.2,14.96
111387,Active,906557,NA,NA,S,2,1,108007.2,29.95,2014,17,19.61,22.65
111388,Active,627350,NA,NA,S,0,0,73269.125,49.95,2010,14,37.29,40.91
111389,Active,410716,NA,NA,S,1,0,723752.8113,40,2010,26,13.99,43.99
111390,Active,580061,NA,NA,S,0,0,202567.475,21,2010,31,9.3,16.2
111391,Active,1710069,NA,NA,S,0,0,123527.25,25,2012,13,13.96,18.38
111392,Active,1571492,NA,NA,S,0,0,723722.7875,21.99,2006,62,4,7.85
111393,Active,679756,NA,NA,S,2,1,60714,24.99,2012,28,12.57,16.54
111394,Active,628267,NA,NA,S,1,0,54519.525,46,2009,24,23.58,25.44
111395,Active,2915329,NA,NA,S,0,0,53304.5,24.99,2015,6,21.31,19.06
111396,Active,1532638,NA,NA,S,1,0,73924.2,25,2011,55,8.91,15.55
111397,Active,239887,NA,NA,S,3,1,510094.37,74.95,2013,48,8.11,57.6
111398,Active,3567251,NA,NA,S,1,0,124903.975,45,2015,17,14.26,32.84
111399,Active,2079691,NA,NA,S,0,0,74076.55,23,2014,24,12.08,13.93
111400,Active,1632932,NA,NA,S,1,0,134015.725,22.95,2015,8,9.98,15.65
111401,Active,684118,NA,NA,S,1,0,70698.8,28,2013,50,8.12,17.59
111402,Active,2043750,NA,NA,S,1,0,18254.6,24.99,2012,33,15.19,13.48
111403,Active,890720,NA,NA,S,0,0,22052.475,25,2013,22,11.67,18.19
111404,Active,622676,NA,NA,S,2,1,192831.7625,49.95,2009,40,13.48,34.39
111405,Active,2716363,NA,NA,S,0,0,627037.265,42.79,2002,25,4,71.85
111406,Active,3496311,NA,NA,S,0,0,136755.075,22,2016,18,14.36,14.43
111407,Active,3791955,NA,NA,S,0,0,74824.075,60,2016,11,40.77,32.76
111408,Active,2108316,NA,NA,S,4,1,217474.235,8.99,2008,42,4,37.31
111409,Active,2079716,NA,NA,S,0,0,10689.575,30,2014,17,13.97,18.45
111410,Active,3598471,NA,NA,S,0,0,41424.425,35,2015,21,17.88,22.06
111411,Active,1780799,NA,NA,S,1,0,95404.625,44,2014,11,23.8,23.63
111412,Active,1983631,NA,NA,S,2,1,8378.625,22.99,2013,13,16.85,17.02
111413,Active,3561878,NA,NA,S,0,0,662026.1,60,2008,120,4.09,22.89
111414,Active,905234,NA,NA,S,0,0,40790.45,0,2009,13,9.15,9.75
111415,Active,2076308,NA,NA,S,1,0,187140.95,21.95,2011,27,8.26,18.9
111416,Active,652127,NA,NA,S,2,1,513340.0888,55,1998,23,14.69,37.36
111417,Active,1742849,NA,NA,S,0,0,160537.375,32.5,2007,41,5.67,47.44
111418,Active,56894,NA,NA,S,9,1,692888.6438,108.33,2009,37,11.79,14.99
111419,Active,2058144,NA,NA,S,0,0,24127.675,24.95,2013,28,5.04,26.69
111420,Active,479499,NA,NA,S,1,0,312880.355,64.95,2002,37,4,13.09
111421,Active,687346,NA,NA,S,2,1,65219.575,26,2012,19,20.8,22.3
111422,Active,1918501,NA,NA,S,0,0,85961.6,35,2014,22,19.22,20.26
111423,Active,534184,NA,NA,S,1,0,49092.825,55,2010,15,56.13,55
111424,Active,639534,NA,NA,S,0,0,568164.315,41.95,1995,27,13.97,34.95
111425,Active,1626435,NA,NA,S,0,0,776552.2575,10,2006,26,7.96,101.18
111426,Active,1634496,NA,NA,S,1,0,97283.725,21.95,2011,37,5.74,16.27
111427,Active,1712758,NA,NA,S,1,0,232067.375,24.95,2014,11,18.97,19.46
111428,Active,118828,NA,NA,S,4,1,308635.4688,86,2008,50,14.69,64.18
111429,Active,2079709,NA,NA,S,0,0,25503.9,23,2015,15,13.85,11.92
111430,Active,1630913,NA,NA,S,0,0,151489.95,49.95,2015,10,32.82,33.96
111431,Active,2492012,NA,NA,S,0,0,119705.4125,7.99,1985,52,4,7.02
111432,Active,582854,NA,NA,S,1,0,232419.89,69.95,1991,29,5.74,43.3
111433,Active,645238,NA,NA,S,0,0,764964.7113,75,2001,33,17.9,50.17
111434,Active,278032,NA,NA,S,0,0,45529.33625,25,2006,52,11.98,29.48
111435,Active,850760,NA,NA,S,0,0,744907.7938,112.8,1999,86,4,13.72
111436,Active,572361,NA,NA,S,1,0,218629.3875,64.5,2008,38,6.91,25.49
111437,Active,628506,NA,NA,S,1,0,236328.525,38.95,2007,17,5.18,22.98
111438,Active,3711195,NA,NA,S,9,1,224631,101.95,2016,37,46.33,48.99
111439,Active,244279,NA,NA,S,1,0,631438.1488,136,2012,25,5.53,0
111440,Active,1779902,NA,NA,S,1,0,20348.725,24,2014,18,16.28,16.35
111441,Active,627856,NA,NA,S,3,1,336791.0763,243.95,2013,53,15.49,0
111442,Active,1475195,NA,NA,S,1,0,171411,40.95,2011,14,35.98,30.37
111443,Active,593773,NA,NA,S,1,0,58417.175,24.95,2010,13,18.28,17.96
111444,Active,1699095,NA,NA,S,1,0,73386.35,26,2014,66,4,10.45
111445,Active,552025,NA,NA,S,3,1,742801.7375,74,1992,33,4,23.89
111446,Active,880369,NA,NA,S,7,1,86773.44875,158.95,2014,56,28.54,53.99
111447,Active,678138,NA,NA,S,0,0,98100.85,26,2013,61,4.08,10.39
111448,Active,2086234,NA,NA,S,0,0,99300.225,22,2015,16,16.3,16.98
111449,Active,687472,NA,NA,S,1,0,191502.575,32.95,2010,12,27.89,30.13
111450,Active,1964485,NA,NA,S,1,0,215361.525,34.95,2014,18,17.23,21.42
111451,Active,1724423,NA,NA,S,0,0,52044.325,45,2012,20,21.05,28.24
111452,Active,682858,NA,NA,S,1,0,111761.45,28,2009,18,18.35,18.98
111453,Active,865239,NA,NA,S,3,1,609490.055,26.95,2014,17,18.76,20.2
111454,Active,824894,NA,NA,S,1,0,71209.6,34.95,2004,120,4,9.96
111455,Active,613078,NA,NA,S,0,0,96085.48375,5.49,2002,288,4,6.98
111456,Active,1642263,NA,NA,S,0,0,493994.7875,60,2008,24,6.96,24.98
111457,Active,1477122,NA,NA,S,0,0,374039.0138,29.95,2014,25,16.41,24.49
111458,Active,1668853,NA,NA,S,31,1,402658.9263,18.95,2012,31,4,15.19
111459,Active,1542684,NA,NA,S,1,0,490327.075,39.95,2014,20,27.96,35.76
111460,Active,181289,NA,NA,S,2,1,676165.8613,58.99,2000,27,6.98,28.86
111461,Active,2647992,NA,NA,S,2,1,418962.18,52.95,1995,22,7.85,38.58
111462,Active,248416,NA,NA,S,1,0,253386.9988,203.95,2005,50,8.48,78.89
111463,Active,2046682,NA,NA,S,1,0,172726.225,22.5,2014,11,15.98,18.18
111464,Active,578563,NA,NA,S,0,0,629194.1013,43,2000,45,4.33,33.95
111465,Active,2600290,NA,NA,S,0,0,631395.4638,34.99,1996,22,6.12,32.93
111466,Active,1925574,NA,NA,S,0,0,111582.675,29.99,2013,16,18.17,18.31
111467,Active,3960073,NA,NA,S,1,0,16706.35,27.95,2016,22,16.18,17.38
111468,Active,1449470,NA,NA,S,1,0,853446.55,64.99,2007,21,8.37,50.82
111469,Active,254919,NA,NA,S,0,0,255722.27,67.95,2007,28,26.71,0
111470,Active,298975,NA,NA,S,1,0,201811.455,52.95,2000,25,15.33,54.25
111471,Active,917522,NA,NA,S,0,0,31224.62625,40,2010,43,16.99,23.11
111472,Active,1979233,NA,NA,S,8,1,96009.82125,24.99,2014,21,12.48,16.64
111473,Active,469527,NA,NA,S,0,0,57126.05,24.95,2009,14,13.95,17.84
111474,Active,1946831,NA,NA,S,0,0,68970.25,27.99,2011,6,18.56,20.43
111475,Active,876224,NA,NA,S,14,1,89610.25125,38.99,2014,10,45.99,51.44
111476,Active,1508499,NA,NA,S,0,0,102425.45,26,2014,31,7.97,7.98
111477,Active,1695179,NA,NA,S,0,0,45671.5,21.99,2008,34,7.72,15.85
111478,Active,556231,NA,NA,S,0,0,453054.225,44.95,2007,37,7.26,23.94
111479,Active,1768678,NA,NA,S,0,0,105531.125,34.99,2013,10,31.67,31.79
111480,Active,810445,NA,NA,S,1,0,22371.35,25,2009,30,10.89,15.49
111481,Active,1969947,NA,NA,S,0,0,22994.775,27,2014,36,7.96,5.98
111482,Active,914528,NA,NA,S,0,0,865608.5388,75,1992,29,4.01,37.58
111483,Active,798041,NA,NA,S,1,0,170273.15,25.95,2009,68,4,6.98
111484,Active,3960279,NA,NA,S,0,0,107837.825,24.99,2016,9,15.98,16.48
111485,Active,841458,NA,NA,S,0,0,78978.95,0,2012,8,19.93,19.99
111486,Active,1739430,NA,NA,S,0,0,142976.575,30,2009,25,15.29,48.3
111487,Active,1494802,NA,NA,S,0,0,49994.575,25.99,2014,61,4,5.97
111488,Active,791106,NA,NA,S,0,0,10344.375,23.95,2007,25,17.39,13.93
111489,Active,791140,NA,NA,S,3,1,153831.8,27.95,2008,23,8.68,20.78
111490,Active,2154964,NA,NA,S,0,0,132381.05,39.99,2010,7,34.01,34.03
111491,Active,2094856,NA,NA,S,0,0,136041.225,34.95,2013,10,13.63,20.83
111492,Active,127087,NA,NA,S,1,0,510914.5213,20.95,2007,39,8.1,16.13
111493,Active,3797090,NA,NA,S,0,0,80358.425,65,2011,23,43.35,43.36
111494,Active,913684,NA,NA,S,0,0,88511.87125,18.95,2001,41,6.98,13.96
111495,Active,1736336,NA,NA,S,0,0,16824.85,34.95,2008,24,19.85,21.67
111496,Active,3825499,NA,NA,S,0,0,59368.625,60,2015,13,36.49,37.8
111497,Active,2546058,NA,NA,S,0,0,582299.125,44.95,2003,46,3.98,34.99
111498,Active,1576336,NA,NA,S,0,0,74857.2,42.95,2012,18,31.16,31.2
111499,Active,1697043,NA,NA,S,0,0,39079.625,21,2014,41,4.39,10.35
111500,Active,610367,NA,NA,S,13,1,80170.4125,164.99,2013,117,45.4,56.99
111501,Active,369768,NA,NA,S,0,0,59220.225,24.99,2009,51,8.56,17.27
111502,Active,577640,NA,NA,S,9,1,585211.8738,74.99,2002,48,4,18.98
111503,Active,598514,NA,NA,S,1,0,32580.95,34.95,2011,19,23,23.46
111504,Active,784080,NA,NA,S,1,0,132291.225,29.95,2007,28,11.17,18.99
111505,Active,3798375,NA,NA,S,0,0,157351.65,24.95,2013,41,4.62,13.62
111506,Active,1620087,NA,NA,S,1,0,125765.2,40,2013,14,28.2,25.49
111507,Active,609711,NA,NA,S,18,1,616495.1388,29.95,2007,27,43.46,111.82
111508,Active,2489951,NA,NA,S,0,0,422436.2975,53,2001,34,13.58,36.98
111509,Active,2090873,NA,NA,S,1,0,87450.125,29.95,2014,23,18.19,17.98
111510,Active,1777341,NA,NA,S,2,1,18805.65,21.99,2011,36,9.79,13.31
111511,Active,359403,NA,NA,S,0,0,575884.3575,41.95,2007,30,6.98,30.96
111512,Active,2149935,NA,NA,S,3,1,199955.175,27.95,2012,14,13.98,18.47
111513,Active,1717661,NA,NA,S,0,0,385783.8913,36,2014,20,29.76,36
111514,Active,127232,NA,NA,S,1,0,112976.775,24.95,2009,19,24.42,24.43
111515,Active,2094523,NA,NA,S,0,0,46929.525,29.99,2015,15,17.98,21.61
111516,Active,2088553,NA,NA,S,0,0,39041.5,50,2012,14,23.99,29.75
111517,Active,2049836,NA,NA,S,1,0,17482.25,29.99,2012,21,16.75,20.15
111518,Active,2049859,NA,NA,S,0,0,35989.8,29.99,2012,16,21.59,21.6
111519,Active,655118,NA,NA,S,0,0,60853.875,55,2013,18,30.36,34.96
111520,Active,1688725,NA,NA,S,3,1,175837.425,24.99,2012,26,8.58,17.54
111521,Active,206802,NA,NA,S,1,0,139790.175,34.99,2008,48,4.39,16.45
111522,Active,2288610,NA,NA,S,15,1,81219.2,0,2014,0,0,7.48
111523,Active,265624,NA,NA,S,1,0,216312.64,70,2005,21,6.71,49.79
111524,Active,864386,NA,NA,S,0,0,153740.575,34.99,2013,21,7.4,9.29
111525,Active,628767,NA,NA,S,0,0,85496.55,39.99,2009,17,29.97,21.32
111526,Active,2216084,NA,NA,S,0,0,110475.425,29.99,2013,13,10.83,10.83
111527,Active,859820,NA,NA,S,1,0,31216.375,29.99,2009,28,13.75,17.89
111528,Active,652457,NA,NA,S,1,0,55324.575,50,2012,14,24.09,28.98
111529,Active,243717,NA,NA,S,1,0,733697.4325,29.95,2008,89,4,8
111530,Active,2152746,NA,NA,S,0,0,44986.7,24.95,2011,13,28.93,17.24
111531,Active,2091517,NA,NA,S,0,0,5156.05,21.95,2014,10,14.63,14.64
111532,Active,1738594,NA,NA,S,1,0,97635.125,28.95,2008,19,19.05,18.76
111533,Active,1780464,NA,NA,S,1,0,101212.9,27,2014,11,17.9,17.75
111534,Active,1534722,NA,NA,S,1,0,113341.375,27.95,2014,70,6.15,14.43
111535,Active,833317,NA,NA,S,0,0,431269.1663,110,1987,35,7.29,122.27
111536,Active,663151,NA,NA,S,1,0,209215.025,49.99,2013,16,33.37,41.7
111537,Active,1753079,NA,NA,S,2,1,9163.55,21.95,2014,33,15.79,19.41
111538,Active,228753,NA,NA,S,2,1,710587.0488,21.95,2009,14,73.43,164.95
111539,Active,1436989,NA,NA,S,1,0,76687.825,32,2012,31,4,5.83
111540,Active,924301,NA,NA,S,9,1,85981.125,78.95,2014,47,40.94,50.48
111541,Active,2257817,NA,NA,S,8,1,542110.7625,61.91,2011,39,13.48,46.64
111542,Active,688589,NA,NA,S,2,1,69795.875,21.95,2011,12,15.98,15.98
111543,Active,2592663,NA,NA,S,0,0,266120.0863,54.99,1982,19,14.98,46.52
111544,Active,2116335,NA,NA,S,4,1,424776.785,14.99,2013,52,7.73,11.8
111545,Active,681863,NA,NA,S,2,1,25037.425,24.95,2010,15,15.26,18.38
111546,Active,752789,NA,NA,S,4,1,62596.25,24.99,2010,49,4,7.98
111547,Active,906540,NA,NA,S,2,1,8063.6,26.95,2014,23,17.59,17.97
111548,Active,1778344,NA,NA,S,1,0,126454.125,45,2015,11,35.59,33.06
111549,Active,1861073,NA,NA,S,0,0,331973.0113,83.75,2008,23,4.74,43.98
111550,Active,148958,NA,NA,S,0,0,72604.85,45.63,2011,43,24.99,44.9
111551,Active,683419,NA,NA,S,0,0,77309.775,21.95,2009,18,15.72,16.37
111552,Active,1989612,NA,NA,S,1,0,237011.65,24.99,2014,19,16.18,16.85
111553,Active,2090125,NA,NA,S,0,0,112136.825,26.95,2014,41,14.63,18.8
111554,Active,1918485,NA,NA,S,0,0,56836.2,39.99,2013,16,14.33,18.79
111555,Active,1628499,NA,NA,S,0,0,232108.375,24.95,2014,11,26.47,24.37
111556,Active,633508,NA,NA,S,2,1,390469.755,34.95,2003,25,8.14,43.01
111557,Active,3797672,NA,NA,S,1,0,53334.825,64.75,2014,21,24.85,33.99
111558,Active,2141562,NA,NA,S,0,0,97028.15,24.95,2009,17,16.74,16.91
111559,Active,2115457,NA,NA,S,0,0,57711.6,49.99,2014,11,42.19,43.49
111560,Active,1918426,NA,NA,S,0,0,29127.475,21.99,2012,10,15.81,15.81
111561,Active,630273,NA,NA,S,2,1,114939.735,32.95,2003,23,14.63,21.23
111562,Active,540758,NA,NA,S,3,1,137570.925,26.6,2013,23,16.99,25.53
111563,Active,1743555,NA,NA,S,0,0,71012.025,24.99,2012,20,23.22,24.44
111564,Active,663860,NA,NA,S,0,0,88815.81375,194.95,2014,45,46.99,108.06
111565,Active,670595,NA,NA,S,0,0,108687.5,56,2012,18,32.99,37.21
111566,Active,1734479,NA,NA,S,0,0,104635.725,21.99,2014,11,19.16,16.42
111567,Active,676797,NA,NA,S,0,0,133131.5,22.95,2008,51,6.39,10.8
111568,Active,2077063,NA,NA,S,0,0,141656.15,29.95,2014,14,25.1,27.66
111569,Active,1976648,NA,NA,S,2,1,78476.45,29.95,2014,13,29.35,29.95
111570,Active,2167076,NA,NA,S,0,0,109167.875,42.95,2012,23,34.41,33.91
111571,Active,265575,NA,NA,S,2,1,750762.9638,44.95,2003,23,11.03,36.98
111572,Active,2060291,NA,NA,S,0,0,72345.175,24.95,2011,14,18.55,11.23
111573,Active,479049,NA,NA,S,0,0,133312.875,22.99,2007,24,6.66,14.73
111574,Active,627565,NA,NA,S,0,0,42089.95,30.95,2007,29,15.57,28.91
111575,Active,1875572,NA,NA,S,1,0,67392.85,24.99,2011,18,19.02,20.56
111576,Active,1435667,NA,NA,S,1,0,144792.425,22.95,2007,39,14.82,14.83
111577,Active,893159,NA,NA,S,2,1,84077.95375,35,2015,18,24.94,26.41
111578,Active,689147,NA,NA,S,0,0,87580.875,28.75,2011,21,21.17,22.29
111579,Active,663669,NA,NA,S,1,0,137509.2,65,2013,27,37.97,44.19
111580,Active,1426413,NA,NA,S,0,0,135981.425,0,2007,14,4.49,112.29
111581,Active,2042073,NA,NA,S,0,0,103847.225,22.99,2015,16,13.43,15.45
111582,Active,2142956,NA,NA,S,3,1,74432.65,20.95,2010,19,18.99,20.95
111583,Active,677170,NA,NA,S,1,0,31025.1,24.95,2007,29,9.98,11.98
111584,Active,677456,NA,NA,S,1,0,53505.85,24,2009,19,15.82,16.09
111585,Active,1490400,NA,NA,S,0,0,90655.6,39,2012,16,22.74,28.56
111586,Active,806123,NA,NA,S,0,0,45220.325,29.95,2008,59,7.21,15.73
111587,Active,666927,NA,NA,S,1,0,400258.14,79.95,2010,19,13.99,63.17
111588,Active,1886522,NA,NA,S,1,0,331849.0163,39.99,2014,23,29.49,25.3
111589,Active,687780,NA,NA,S,1,0,153420.575,29.99,2010,19,18.93,29.44
111590,Active,684802,NA,NA,S,2,1,6982.35,29.99,2012,26,25.45,26.91
111591,Active,688376,NA,NA,S,0,0,43090.65,29.99,2007,16,13.87,26.59
111592,Active,686464,NA,NA,S,0,0,27149.65,29.99,2007,12,16.86,23.92
111593,Active,635684,NA,NA,S,0,0,29807.375,37.83,2012,18,11.16,28.48
111594,Active,1932574,NA,NA,S,1,0,203373.375,34.99,2014,23,18.01,24.51
111595,Active,2081707,NA,NA,S,0,0,97686.35,21.95,2014,20,7.76,14.4
111596,Active,2405585,NA,NA,S,1,0,493769.93,45,1993,26,4,29.68
111597,Active,3514582,NA,NA,S,1,0,156617.375,50,2011,24,20.51,29.15
111598,Active,677968,NA,NA,S,1,0,65766.7,27.95,2011,44,4.13,9.51
111599,Active,767894,NA,NA,S,1,0,47221.3,24.99,2010,35,9.95,14.96
111600,Active,2069322,NA,NA,S,1,0,230513.55,27.95,2010,29,4,12.49
111601,Active,1567912,NA,NA,S,1,0,153351.875,25,2008,36,6.84,15.19
111602,Active,2149762,NA,NA,S,0,0,35048.4,60,2014,14,43.09,52.49
111603,Active,1970024,NA,NA,S,1,0,363363.275,23.55,2013,10,7.96,14
111604,Active,1520239,NA,NA,S,0,0,75733.125,26.88,2012,16,19.97,16.98
111605,Active,270867,NA,NA,S,1,0,94464.275,40,2009,31,18.94,25.96
111606,Active,2149725,NA,NA,S,0,0,16782.8,29.95,2013,8,11.81,20.73
111607,Active,1925459,NA,NA,S,0,0,9954.125,48.99,2013,12,33.19,26.93
111608,Active,2026967,NA,NA,S,1,0,145667.925,60,2010,50,6.97,6.97
111609,Active,3497974,NA,NA,S,0,0,41208.125,29.99,2012,22,14.48,19.8
111610,Active,746846,NA,NA,S,1,0,169078.225,26.95,2012,27,14.88,78.31
111611,Active,864961,NA,NA,S,2,1,24993.9,20.95,2013,27,15.94,16.23
111612,Active,2020919,NA,NA,S,1,0,31724.7,35,2012,27,17.97,20.98
111613,Active,1697020,NA,NA,S,0,0,1996,27,2013,40,6.88,8.03
111614,Active,652263,NA,NA,S,1,0,23953.725,39.99,2013,17,25.93,25.71
111615,Active,1532200,NA,NA,S,0,0,51334.025,27,2015,22,8.34,17.74
111616,Active,2581587,NA,NA,S,0,0,624095.2463,29.95,1978,115,4,13.1
111617,Active,2049530,NA,NA,S,0,0,140064.1,26.95,2014,27,12.16,19.96
111618,Active,2167857,NA,NA,S,0,0,98018.125,35,2014,22,17.98,21.94
111619,Active,847959,NA,NA,S,1,0,428916.8038,16,1997,32,8.71,58.94
111620,Active,2115415,NA,NA,S,0,0,91765.1,29.99,2014,16,20.79,25.99
111621,Active,867602,NA,NA,S,10,1,37964.42625,104.99,2014,74,33.12,52.64
111622,Active,212174,NA,NA,S,1,0,4414.84125,18,2010,89,7.88,10.46
111623,Active,2266582,NA,NA,S,0,0,171907.15,24.93,1900,18,20.41,24.92
111624,Active,456797,NA,NA,S,1,0,500444.4413,43.95,2000,33,4,13.89
111625,Active,2002545,NA,NA,S,0,0,57365.2,34.99,2014,14,24.53,25.82
111626,Active,1779279,NA,NA,S,1,0,32896.675,26.99,2013,17,18.15,18.14
111627,Active,340223,NA,NA,S,1,0,122967.475,49.95,2010,69,19.13,30.65
111628,Active,2089584,NA,NA,S,0,0,184924.975,39.95,2014,16,28.48,36.82
111629,Active,667568,NA,NA,S,10,1,457184.7688,231.1,2012,23,12.69,133.71
111630,Active,3644546,NA,NA,S,0,0,437279,59.95,2016,15,44.61,46.35
111631,Active,2100776,NA,NA,S,4,1,177304.075,24.95,2014,15,17.69,17.19
111632,Active,689074,NA,NA,S,2,1,97911.375,29.95,2013,25,9.98,9.98
111633,Active,112294,NA,NA,S,1,0,605312.88,116.75,2006,70,4.8,22.51
111634,Active,532313,NA,NA,S,3,1,29478.84625,158.6,2012,70,43.56,93.43
111635,Active,3473318,NA,NA,S,3,1,223218.425,123.33,2015,14,49.26,57.76
111636,Active,254090,NA,NA,S,4,1,30693.65875,260.95,2010,63,15.55,30.99
111637,Active,58121,NA,NA,S,5,1,695887.6388,206.95,2002,47,4,9.09
111638,Active,663113,NA,NA,S,9,1,10067.5,349.95,2014,76,54.89,123.28
111639,Active,188207,NA,NA,S,0,0,304676.8863,25.95,1996,122,4,6.66
111640,Active,1720783,NA,NA,S,0,0,98177.425,42,2010,12,24.13,25.89
111641,Active,684679,NA,NA,S,0,0,76151.6,28.99,2013,28,6.04,13.98
111642,Active,194409,NA,NA,S,0,0,370987.83,59.95,2002,77,4.93,0
111643,Active,254163,NA,NA,S,8,1,319740.2763,307.95,2010,57,7.75,52.48
111644,Active,52455,NA,NA,S,16,1,49830.01125,331.95,2010,95,7.84,44.06
111645,Active,290661,NA,NA,S,1,0,696892.81,86.95,2006,45,4,41.17
111646,Active,609921,NA,NA,S,9,1,23164.52625,335.95,2014,55,44.04,198.32
111647,Active,421028,NA,NA,S,7,1,674572.385,110,2002,80,4,5.76
111648,Active,532308,NA,NA,S,11,1,502208.5188,85.04,2011,25,5.08,75.22
111649,Active,2255966,NA,NA,S,11,1,496579.2213,69.95,2011,46,11.89,63.61
111650,Active,428983,NA,NA,S,2,1,820329.165,50,1996,26,17.98,43.98
111651,Active,308298,NA,NA,S,0,0,290365.6175,167.31,2000,30,38.5,100
111652,Active,627570,NA,NA,S,3,1,171609.7425,105.98,2006,31,23.36,68.99
111653,Active,532303,NA,NA,S,5,1,665623.4988,16.99,2010,51,4,13.98
111654,Active,541275,NA,NA,S,3,1,67484.9525,168.95,1993,43,11.98,40.21
111655,Active,878155,NA,NA,S,10,1,52446.395,103.93,2014,35,30.76,63.98
111656,Active,1582618,NA,NA,S,1,0,638422.525,54.99,2011,19,6.74,40.97
111657,Active,127419,NA,NA,S,1,0,58471.9,29.95,2008,32,11.83,23.49
111658,Active,565119,NA,NA,S,1,0,494567.5025,43.95,2009,37,7.77,31.94
111659,Active,449290,NA,NA,S,1,0,890786.3663,132.95,2004,44,4,9.2
111660,Active,873657,NA,NA,S,7,1,68422.50125,20.89,2012,18,21.28,29.68
111661,Active,162225,NA,NA,S,2,1,75001.9,22.99,2008,63,4.96,18.24
111662,Active,1720474,NA,NA,S,0,0,48543.25,26,2011,24,13.35,19.48
111663,Active,415711,NA,NA,S,12,1,377015.445,94.5,2009,10,30.34,28.57
111664,Active,193794,NA,NA,S,0,0,261926.1325,39.99,2002,64,4,7.76
111665,Active,130192,NA,NA,S,0,0,284300.1938,69.99,2003,30,10.62,18.76
111666,Active,609889,NA,NA,S,7,1,97394.555,124.8,2011,57,21.43,119.78
111667,Active,532293,NA,NA,S,8,1,479908.285,54.95,2007,19,5.29,54.39
111668,Active,494131,NA,NA,S,1,0,381825,197.95,2005,41,22.64,35.93
111669,Active,544221,NA,NA,S,10,1,17367.51375,392.95,2012,70,23.78,140.22
111670,Active,1502192,NA,NA,S,0,0,178862.1,22.99,2011,23,9.95,9.96
111671,Active,610420,NA,NA,S,10,1,42673.47,238,2013,57,39.98,93.98
111672,Active,507101,NA,NA,S,6,1,696459.6175,58.95,2004,24,7.72,37.98
111673,Active,421308,NA,NA,S,9,1,284344.25,245.6,2005,54,12.32,63.83
111674,Active,464205,NA,NA,S,7,1,562175.2113,81,1997,30,4.82,44.5
111675,Active,535823,NA,NA,S,1,0,13144.275,27.95,2012,39,11.96,15.48
111676,Active,515644,NA,NA,S,0,0,459166.905,31.25,2009,19,16.52,16.69
111677,Active,595049,NA,NA,S,0,0,202293.275,78,2012,27,16.98,26.99
111678,Active,560342,NA,NA,S,1,0,98767.025,49,2013,15,38.64,48.99
111679,Active,3801842,NA,NA,S,4,1,304462.15,135,2015,6,34.98,116.39
111680,Active,3731029,NA,NA,S,3,1,303988.5,202,2013,15,43.98,123.98
111681,Active,538533,NA,NA,S,12,1,18976.80625,312,2013,62,48.99,128.74
111682,Active,561974,NA,NA,S,8,1,651061.8363,243.95,2009,25,15.15,100.95
111683,Active,1463869,NA,NA,S,0,0,251470.3963,40.4,2012,16,9.57,14.12
111684,Active,1780073,NA,NA,S,1,0,52934.05,29.95,2014,22,16.94,19.84
111685,Active,684692,NA,NA,S,0,0,177675.55,29.95,2013,30,5.88,17.94
111686,Active,917616,NA,NA,S,2,1,72674.75375,198,2014,41,30.99,87.86
111687,Active,743098,NA,NA,S,2,1,811916.49,232.6,2013,23,15.31,223.14
111688,Active,1779654,NA,NA,S,1,0,30667.85,22.99,2013,29,7.98,7.68
111689,Active,638146,NA,NA,S,3,1,525852.9225,77,2011,23,7.33,54.49
111690,Active,2163311,NA,NA,S,1,0,90016.95,39.95,2013,12,24.99,28.99
111691,Active,1779512,NA,NA,S,1,0,57077.075,22.99,2013,25,14.07,14.55
111692,Active,3746395,NA,NA,S,1,0,153467.55,48.75,2016,14,38.83,42.49
111693,Active,1822658,NA,NA,S,5,1,487084.9,0,2015,7,45.11,45.11
111694,Active,734181,NA,NA,S,1,0,224158.725,24.99,2010,69,4,8.49
111695,Active,2091526,NA,NA,S,0,0,1104.625,23.95,2014,12,12.58,14.25
111696,Active,2088329,NA,NA,S,0,0,12930.575,24.95,2014,15,19.49,18.26
111697,Active,1739742,NA,NA,S,0,0,26127.1,49.95,2008,11,35.42,23.97
111698,Active,718457,NA,NA,S,0,0,423387.5713,55,2001,18,14.33,55
111699,Active,2714497,NA,NA,S,0,0,432374.8663,22.6,2000,27,4,55.51
111700,Active,1942839,NA,NA,S,1,0,27041.4,30,2014,22,14.58,17.28
111701,Active,1967334,NA,NA,S,0,0,71238.25,21.95,2012,12,20.74,21.25
111702,Active,1781004,NA,NA,S,1,0,150376.925,27.95,2015,36,9.92,11.49
111703,Active,1781042,NA,NA,S,1,0,23778.6,25,2015,13,16.88,16.79
111704,Active,3005029,NA,NA,S,3,1,677195.0738,15.99,2014,8,11.04,12.99
111705,Active,2113091,NA,NA,S,0,0,103937.4,26.95,2014,24,14.62,15.85
111706,Active,2014508,NA,NA,S,0,0,600823.8738,24.95,2010,32,4.76,15.94
111707,Active,2282199,NA,NA,S,9,1,350236.575,83.55,2006,18,11.48,87.95
111708,Active,2255414,NA,NA,S,7,1,723999.2,58.11,2009,20,6.29,45.19
111709,Active,2281904,NA,NA,S,0,0,90591.05,38.52,2013,13,17.39,24.56
111710,Active,2281456,NA,NA,S,5,1,43436.65,23.18,2011,23,16.14,24.48
111711,Active,2281877,NA,NA,S,5,1,44875,48.75,2013,28,45,49.11
111712,Active,2281900,NA,NA,S,2,1,177686.2,55.34,2010,13,51.31,54.12
111713,Active,2281865,NA,NA,S,10,1,317454.65,94.19,2012,21,44.34,114.28
111714,Active,2105236,NA,NA,S,1,0,43217.825,28,2014,70,4.49,7.18
111715,Active,866970,NA,NA,S,2,1,4586.22125,74.95,2014,61,39.94,53.93
111716,Active,1532246,NA,NA,S,0,0,24154.4,27,2015,19,17.49,18.53
111717,Active,2282070,NA,NA,S,3,1,174560.85,0,2008,16,32.39,65.08
111718,Active,2661803,NA,NA,S,0,0,143779.46,49.95,1995,50,5.75,38.99
111719,Active,1627259,NA,NA,S,0,0,84719.25,21.95,2009,34,10.09,12.21
111720,Active,714176,NA,NA,S,3,1,431024.2175,85,2000,52,4.76,47.99
111721,Active,532235,NA,NA,S,2,1,530978.3175,29.99,2007,44,5.7,12.7
111722,Active,681209,NA,NA,S,1,0,57111.275,24.99,2013,25,17.89,18.38
111723,Active,649553,NA,NA,S,1,0,73248.6,39.99,2013,20,25.76,24.67
111724,Active,3800097,NA,NA,S,0,0,188772.325,69.95,2013,10,46.74,47.05
111725,Active,2077840,NA,NA,S,0,0,99155,28.95,2013,14,14.86,15.32
111726,Active,2077850,NA,NA,S,0,0,160207.85,26.95,2014,21,8.01,9.13
111727,Active,107000,NA,NA,S,2,1,314939.0063,26.99,2003,70,4,18.84
111728,Active,616458,NA,NA,S,3,1,588204.1475,170.8,2002,36,4,0
111729,Active,864586,NA,NA,S,7,1,57429.4475,29.99,2014,30,12.88,12.97
111730,Active,266252,NA,NA,S,9,1,60227.0075,173.2,2013,43,41.98,78.99
111731,Active,2096555,NA,NA,S,0,0,19759.85,25.95,2015,11,18.3,18.88
111732,Active,502231,NA,NA,S,1,0,65960.75,25,2008,31,10.69,12.98
111733,Active,1710519,NA,NA,S,0,0,108990.9,26,2013,11,29.55,23.14
111734,Active,2791985,NA,NA,S,1,0,27479.46,7.99,1993,101,4,5.7
111735,Active,907859,NA,NA,S,0,0,511256.56,26,1914,24,11.89,0
111736,Active,673796,NA,NA,S,0,0,37229.325,29.95,2013,25,12.66,26.99
111737,Active,796342,NA,NA,S,0,0,183712.475,24.99,2007,25,6.25,18.93
111738,Active,627928,NA,NA,S,4,1,75856.48125,111.25,2012,67,4.28,63.99
111739,Active,613761,NA,NA,S,6,1,373660.93,44.95,2000,41,3.98,48.55
111740,Active,874421,NA,NA,S,10,1,9518.1875,77.95,2015,43,43.98,48.65
111741,Active,547075,NA,NA,S,2,1,334790.7425,92.95,2003,35,5.36,104.13
111742,Active,848455,NA,NA,S,6,1,564798.9563,72.9,1998,21,13.86,60.28
111743,Active,144600,NA,NA,S,8,1,760839.7638,164,2003,114,4.09,13.99
111744,Active,1516078,NA,NA,S,10,1,267175.25,0,2012,14,58.69,66.99
111745,Active,903907,NA,NA,S,11,1,7380.52,211.2,2015,63,43.99,109.49
111746,Active,182701,NA,NA,S,3,1,686516.7175,42.95,2002,42,4,41.81
111747,Active,3638266,NA,NA,S,7,1,522303.475,0,2011,17,5.29,0
111748,Active,1779213,NA,NA,S,1,0,11822.225,22.99,2014,27,13.17,15.84
111749,Active,2249873,NA,NA,S,6,1,47453,132.54,2006,23,14.2,78.09
111750,Active,192017,NA,NA,S,1,0,600150.395,92.73,2007,46,4.96,13.94
111751,Active,541692,NA,NA,S,0,0,529586.3138,14.98,2008,23,4.99,0
111752,Active,434951,NA,NA,S,3,1,13510.68,238.4,2010,117,22.44,90.12
111753,Active,864587,NA,NA,S,13,1,13147.18625,215.6,2014,90,48.48,102.87
111754,Active,1463026,NA,NA,S,0,0,239776.35,0,2011,11,4.98,65.22
111755,Active,571957,NA,NA,S,2,1,636858.895,220.3,2001,29,4.49,45.59
111756,Active,165390,NA,NA,S,0,0,447107.425,246,2002,57,5.64,32.97
111757,Active,165392,NA,NA,S,1,0,501348.32,259.75,2002,67,4,28.01
111758,Active,632580,NA,NA,S,2,1,282058.7438,232,2011,49,13.7,33.99
111759,Active,2261021,NA,NA,S,0,0,64022.05,202.67,2006,20,16.37,65.59
111760,Active,541835,NA,NA,S,6,1,9679.96625,209.75,2012,72,39.98,156.94
111761,Active,613564,NA,NA,S,1,0,736919.765,43.99,2007,47,4.39,43.99
111762,Active,565821,NA,NA,S,1,0,142036.85,114,2010,23,4.96,16.98
111763,Active,540629,NA,NA,S,10,1,563664.5513,235.6,2011,40,17.54,168.99
111764,Active,709012,NA,NA,S,0,0,152882.075,163.25,2007,35,7.91,42.98
111765,Active,686743,NA,NA,S,3,1,16444.25,24.95,2011,16,13.98,19.05
111766,Active,585973,NA,NA,S,3,1,389920.445,99.99,2011,26,4.67,54.77
111767,Active,612566,NA,NA,S,8,1,100744.5313,150.95,2014,19,34.24,103.98
111768,Active,180698,NA,NA,S,1,0,633083.445,71.4,2009,11,16.99,84.96
111769,Active,2067984,NA,NA,S,0,0,46290.675,24.95,2014,12,7.32,8.98
111770,Active,681241,NA,NA,S,0,0,49716.725,22.99,2012,21,7.43,7.43
111771,Active,621401,NA,NA,S,0,0,145362.375,153.5,2007,47,5.73,63.67
111772,Active,871535,NA,NA,S,0,0,840696.1563,154.08,2008,18,10.95,34.44
111773,Active,568055,NA,NA,S,1,0,121003.75,32.95,2009,19,11.49,13.98
111774,Active,641805,NA,NA,S,2,1,366913.7738,35,2002,60,7.75,31.46
111775,Active,709222,NA,NA,S,0,0,249799.7,33,2009,10,16.95,21.63
111776,Active,532201,NA,NA,S,4,1,482397.9763,90.95,2010,35,14.94,0
111777,Active,874217,NA,NA,S,13,1,62325.6325,95.95,2015,33,48.42,58.9
111778,Active,2170303,NA,NA,S,0,0,26747.125,27.99,2015,12,23.99,21.99
111779,Active,668059,NA,NA,S,1,0,125974.8,51,2010,11,35.89,32.66
111780,Active,178979,NA,NA,S,9,1,241326.4313,87.95,2010,37,23.88,28.99
111781,Active,650064,NA,NA,S,6,1,465869.9425,55.31,2010,25,4,60.51
111782,Active,178890,NA,NA,S,2,1,411671.4763,64.95,2010,39,16.48,24.95
111783,Active,888976,NA,NA,S,14,1,235825.5825,85.65,2013,10,16.76,85.65
111784,Active,2169096,NA,NA,S,2,1,635795.8225,29.95,2014,9,14.21,0
111785,Active,684536,NA,NA,S,8,1,7200,24.95,2013,20,15.96,18.26
111786,Active,1697864,NA,NA,S,3,1,67436.29,29.95,2013,22,22.58,26.74
111787,Active,1520370,NA,NA,S,0,0,53213.725,83.96,2008,14,18.97,72.45
111788,Active,1426424,NA,NA,S,0,0,138517.975,0,2007,25,33.11,90.59
111789,Active,644114,NA,NA,S,6,1,168896.375,75,2006,31,4,49.53
111790,Active,771853,NA,NA,S,0,0,85657.675,65.95,2007,27,33.98,74.86
111791,Active,1702305,NA,NA,S,0,0,876585.3013,104.95,2014,20,4,48.49
111792,Active,1432959,NA,NA,S,0,0,115412.075,27.99,2015,30,7.96,7.97
111793,Active,3058496,NA,NA,S,6,1,328970.3463,34.95,2005,29,53.94,83.97
111794,Active,635556,NA,NA,S,0,0,91437.325,34.99,2013,26,9.28,9.94
111795,Active,1990956,NA,NA,S,0,0,71596.225,24.95,2015,17,17.1,17.11
111796,Active,684751,NA,NA,S,1,0,46779.525,24.95,2013,36,8.98,15.42
111797,Active,670471,NA,NA,S,0,0,62719.4,57,2005,16,34.24,42.98
111798,Active,632063,NA,NA,S,0,0,19208.775,30,2013,24,6.98,6.98
111799,Active,1703951,NA,NA,S,0,0,88302.525,24.95,2013,7,9.08,18.69
111800,Active,1672555,NA,NA,S,0,0,152629.2,21.99,2011,50,7.54,16.66
111801,Active,858194,NA,NA,S,1,0,27193.975,39.2,2012,32,31.24,30
111802,Active,1463157,NA,NA,S,0,0,408007.875,35,2015,18,30.03,32.67
111803,Active,1583711,NA,NA,S,0,0,106886.975,35.25,2012,16,14.06,33.97
111804,Active,1767932,NA,NA,S,0,0,77407.5,31,2013,20,19.52,21.67
111805,Active,865482,NA,NA,S,4,1,164487.025,38.85,2014,10,26.73,26.73
111806,Active,1767911,NA,NA,S,2,1,143738.25,38.85,2014,13,28.53,29.1
111807,Active,1584653,NA,NA,S,0,0,339999.475,58.5,2010,10,18.99,49.99
111808,Active,1767877,NA,NA,S,0,0,222729.25,34.15,2013,18,27.32,28.96
111809,Active,1768986,NA,NA,S,0,0,94820.3,34.15,2013,16,27.98,30.36
111810,Active,1767876,NA,NA,S,1,0,130453.825,33.1,2013,20,25.75,30.7
111811,Active,542185,NA,NA,S,4,1,224226.7475,23.75,2003,39,4,19.2
111812,Active,2612300,NA,NA,S,4,1,185077.475,62.5,2001,20,53.97,62.5
111813,Active,2612301,NA,NA,S,4,1,204314.38,17.75,2001,44,4.14,14.26
111814,Active,175281,NA,NA,S,4,1,68944.93625,17.75,2001,66,5.9,13.78
111815,Active,868499,NA,NA,S,4,1,102950.5663,58.75,2014,33,22.86,40.9
111816,Active,1584412,NA,NA,S,0,0,108514.05,34,2012,8,26.7,23.98
111817,Active,3302793,NA,NA,S,5,1,240430.6525,107.24,1900,23,45.41,79.16
111818,Active,620462,NA,NA,S,1,0,66416.05,32.5,2013,45,4,11.4
111819,Active,910982,NA,NA,S,1,0,553541.6275,45,2009,45,8.98,53.94
111820,Active,594511,NA,NA,S,1,0,574489.5238,52.95,2011,27,10.18,36.56
111821,Active,2439775,NA,NA,S,0,0,633454.7575,31.95,2001,49,4,40.53
111822,Active,560206,NA,NA,S,4,1,37093.975,22.95,2010,25,15.33,19.99
111823,Active,652289,NA,NA,S,2,1,890127.1538,43.95,2013,25,18.95,13.99
111824,Active,552324,NA,NA,S,9,1,44966.0825,170.4,2011,49,46.49,137.99
111825,Active,2264074,NA,NA,S,9,1,87740.25,75.49,1900,24,28.6,66.99
111826,Active,1738738,NA,NA,S,8,1,493996.9125,17.95,2011,18,10.94,47.23
111827,Active,3566919,NA,NA,S,4,1,148897.075,24.95,2013,19,13.79,17.38
111828,Active,2029974,NA,NA,S,0,0,98506.6,22,2008,21,11.49,13.21
111829,Active,3791525,NA,NA,S,0,0,192975.05,24.99,2011,34,7.17,9.89
111830,Active,1581864,NA,NA,S,0,0,536314.9963,34.99,2013,30,8,28.05
111831,Active,864588,NA,NA,S,4,1,271164.0075,52.95,2014,22,19.87,40.95
111832,Active,2052838,NA,NA,S,0,0,69831.9,29.95,2015,8,28.49,22.25
111833,Active,650320,NA,NA,S,3,1,821980.2825,75,2012,17,8.99,67.32
111834,Active,1750728,NA,NA,S,9,1,54894.65,24.95,2011,11,17.93,18.76
111835,Active,2041092,NA,NA,S,0,0,894203.4388,69.95,2007,22,13.78,17.31
111836,Active,687128,NA,NA,S,0,0,47448.075,22.95,2008,19,21.75,21.79
111837,Active,634743,NA,NA,S,2,1,248278.055,221,2011,18,12.43,63.99
111838,Active,255824,NA,NA,S,2,1,146931.3338,27.5,1999,18,46.27,46.49
111839,Active,649994,NA,NA,S,0,0,218026.325,38.5,2011,39,8.59,7.42
111840,Active,747879,NA,NA,S,2,1,95748.225,22.75,2011,21,11.64,16.01
111841,Active,2097223,NA,NA,S,1,0,19644.675,24.95,2015,12,21.23,19.74
111842,Active,3463056,NA,NA,S,0,0,24517.26,24.95,2015,18,14,16.82
111843,Active,2020594,NA,NA,S,1,0,5658.725,22.99,2014,16,14.46,15.44
111844,Active,900522,NA,NA,S,0,0,100541.65,23,2014,16,12.75,16.65
111845,Active,2026971,NA,NA,S,0,0,27515.25,24.95,2010,49,10.12,10.48
111846,Active,2003800,NA,NA,S,0,0,27368.175,24.95,2007,19,7.49,16.7
111847,Active,1778452,NA,NA,S,1,0,102931.85,29.99,2012,15,19.96,20.04
111848,Active,685931,NA,NA,S,1,0,175762.15,26.99,2013,16,13.02,9.97
111849,Active,1778453,NA,NA,S,1,0,16918.925,29.99,2013,11,18.97,14.98
111850,Active,1779974,NA,NA,S,1,0,39793.975,29.99,2015,16,20,19.79
111851,Active,689162,NA,NA,S,1,0,97784.275,29.99,2011,19,12.24,12.81
111852,Active,681420,NA,NA,S,1,0,63525.35,29.99,2011,21,13.94,19.22
111853,Active,1780950,NA,NA,S,1,0,3211.625,29.99,2014,15,19.74,19.68
111854,Active,1779975,NA,NA,S,1,0,21423.35,29.99,2013,16,18.96,18.97
111855,Active,1455543,NA,NA,S,1,0,81247.925,24.99,2014,17,17.05,17.53
111856,Active,688580,NA,NA,S,1,0,240840.95,24.99,2011,19,6.42,13.94
111857,Active,1890622,NA,NA,S,0,0,33370.925,30,2012,21,21.73,23.02
111858,Active,2080810,NA,NA,S,1,0,2423.05,28,2014,57,13.83,16.66
111859,Active,2120983,NA,NA,S,0,0,206464.1,21.95,2013,15,3.99,6.94
111860,Active,823768,NA,NA,S,0,0,463150.3788,29.95,1979,46,3.01,0
111861,Active,148165,NA,NA,S,4,1,162034.765,237.95,2004,42,5.82,83.99
111862,Active,2046761,NA,NA,S,0,0,144483.425,28.95,2014,14,9.92,12.13
111863,Active,861924,NA,NA,S,0,0,1184.475,39.95,2014,60,20.34,25.42
111864,Active,3486193,NA,NA,S,40,1,172624.1,63,2002,56,42.58,50.65
111865,Active,1625672,NA,NA,S,0,0,150312.7,47.5,2012,20,18.49,35.96
111866,Active,1595087,NA,NA,S,1,0,71145.675,39.99,2008,30,21.5,24.88
111867,Active,1693190,NA,NA,S,1,0,215515.85,23.95,2007,15,19.08,22.66
111868,Active,1625898,NA,NA,S,0,0,71732.6,22.5,2012,16,21.29,16.05
111869,Active,2011774,NA,NA,S,0,0,99252.05,22.95,2010,10,18.62,19.07
111870,Active,3570037,NA,NA,S,0,0,230832.4,99.99,2014,46,46.95,47.85
111871,Active,1683994,NA,NA,S,0,0,78837.35,24.99,2010,31,16.14,17.08
111872,Active,204465,NA,NA,S,0,0,145939.825,24.99,2010,36,14.85,30.98
111873,Active,599990,NA,NA,S,1,0,322179.6,45,2007,49,10.37,26.61
111874,Active,690691,NA,NA,S,1,0,75213.175,29.95,2013,16,19.99,25.94
111875,Active,2133741,NA,NA,S,0,0,188239.1,21.95,2011,10,21.84,21.43
111876,Active,1576268,NA,NA,S,1,0,142241.325,34.95,2010,20,19.14,24.2
111877,Active,1493318,NA,NA,S,0,0,169974.12,24.95,2014,18,18.63,21.04
111878,Active,3804216,NA,NA,S,0,0,64652.3,22.95,2013,7,13.96,9.73
111879,Active,3960409,NA,NA,S,0,0,116640.25,39,2011,10,36.72,36.22
111880,Active,747370,NA,NA,S,1,0,34201.3,24.95,2012,33,9.16,15.53
111881,Active,611560,NA,NA,S,2,1,294651.3575,49.99,2013,22,11.78,43.98
111882,Active,2340513,NA,NA,S,1,0,725941.315,67,1994,21,5.08,33.94
111883,Active,478923,NA,NA,S,6,1,328867.1488,112.99,2009,29,11.74,54.19
111884,Active,670707,NA,NA,S,1,0,85020.225,34.95,2009,14,26.86,24.99
111885,Active,484050,NA,NA,S,6,1,57295.8725,128.95,2012,61,47.34,93.98
111886,Active,3082764,NA,NA,S,2,1,66894.46875,19.18,2004,5,11.16,17.93
111887,Active,1835985,NA,NA,S,3,1,38357.45,27.99,2014,8,20.68,20.46
111888,Active,548655,NA,NA,S,0,0,35505.10125,14.99,1994,868,4,8.69
111889,Active,206024,NA,NA,S,3,1,596885.935,36,2006,33,4,18.99
111890,Active,686752,NA,NA,S,1,0,124248.575,24.95,2011,19,16.18,18.93
111891,Active,620869,NA,NA,S,1,0,741047.5088,65,2005,27,17.54,51.49
111892,Active,624655,NA,NA,S,2,1,81057.555,125,2013,48,52.79,81.75
111893,Active,595630,NA,NA,S,4,1,61291.79625,76.44,2012,59,48.55,73.99
111894,Active,663248,NA,NA,S,1,0,90846.275,75,2013,15,28.99,52.16
111895,Active,2249968,NA,NA,S,3,1,603912.45,86.46,2008,49,16.53,50.22
111896,Active,121816,NA,NA,S,1,0,386899.4975,77.33,2001,34,4,4.93
111897,Active,643968,NA,NA,S,1,0,71137.87125,40,2009,25,28.89,28.99
111898,Active,638852,NA,NA,S,1,0,797326.76,40.95,2009,31,12.24,22.13
111899,Active,267326,NA,NA,S,2,1,35158.175,29.95,2006,40,13.37,20.99
111900,Active,673763,NA,NA,S,1,0,166732.4,30,2014,19,19.69,20.99
111901,Active,194212,NA,NA,S,0,0,87259.25,26.95,2011,35,12.92,18.64
111902,Active,2046767,NA,NA,S,1,0,166157.275,29.95,2014,48,4.78,6.31
111903,Active,1710896,NA,NA,S,0,0,241601.35,26,2013,12,18.35,22.98
111904,Active,274788,NA,NA,S,2,1,280297.425,68.95,2005,25,38.58,68.99
111905,Active,211044,NA,NA,S,5,1,128695.97,45.95,2011,144,4,15.99
111906,Active,216470,NA,NA,S,4,1,125570.0463,19.95,2008,84,4.96,14.83
111907,Active,1607160,NA,NA,S,6,1,1170.875,23,2014,25,16.98,16.99
111908,Active,2423102,NA,NA,S,0,0,388284.6813,55.74,1978,27,5.49,52.57
111909,Active,1937609,NA,NA,S,0,0,36358.975,29.99,2014,37,4,5.56
111910,Active,1814908,NA,NA,S,0,0,66644.8,29.99,2014,24,9.96,9.97
111911,Active,733841,NA,NA,S,0,0,13179.8,29.95,2008,29,13.97,13.97
111912,Active,759487,NA,NA,S,1,0,421002.2238,45,2002,42,4,9.34
111913,Active,320175,NA,NA,S,0,0,380028.1013,44.95,2003,23,10.3,35.33
111914,Active,2077807,NA,NA,S,0,0,76508.975,29.95,2013,27,10.98,14.94
111915,Active,1439724,NA,NA,S,0,0,12186.6,0,2011,15,4,4.98
111916,Active,641760,NA,NA,S,2,1,320743.3263,54.95,2004,28,11.57,46.48
111917,Active,2042047,NA,NA,S,0,0,72817.675,24.99,2014,11,17,18.8
111918,Active,3960192,NA,NA,S,0,0,63594.475,24.99,2014,11,21.52,18.35
111919,Active,2060284,NA,NA,S,0,0,63562.15,21.95,2012,26,13.27,13.97
111920,Active,712916,NA,NA,S,0,0,2460617.838,8.69,2001,15,4.27,8.69
111921,Active,3601652,NA,NA,S,0,0,80894.925,60,2015,16,30.9,33.19
111922,Active,735048,NA,NA,S,1,0,23262.425,22.99,2009,42,5.74,14.35
111923,Active,415909,NA,NA,S,1,0,13895.775,26,2010,22,15.48,15.72
111924,Active,674958,NA,NA,S,1,0,7237.475,25,2013,64,6.9,11.58
111925,Active,2300852,NA,NA,S,0,0,400168.5363,22.79,2001,22,6.92,17.67
111926,Active,1527027,NA,NA,S,1,0,78831.475,26,2014,65,4,6.94
111927,Active,2066689,NA,NA,S,0,0,68482.45,25.99,2013,54,6.21,25.99
111928,Active,3487374,NA,NA,S,0,0,170442.25,26,2011,39,6.32,17.48
111929,Active,917506,NA,NA,S,0,0,25076.65,21,2012,34,6.67,13.33
111930,Active,1618163,NA,NA,S,0,0,77940.2,39.5,2012,17,34.52,38.98
111931,Active,2094852,NA,NA,S,0,0,106707.5,35,2012,17,20.04,22.27
111932,Active,651668,NA,NA,S,3,1,286823.96,59,2010,24,11.64,55.5
111933,Active,1716671,NA,NA,S,0,0,110779.925,21.99,2010,33,8.93,15.24
111934,Active,548911,NA,NA,S,0,0,25491.62875,17.99,1991,105,4.42,13.08
111935,Active,2051194,NA,NA,S,0,0,91357.525,24.99,2013,31,7.13,6.09
111936,Active,1568287,NA,NA,S,0,0,124582.1,21,2009,17,12.12,14.5
111937,Active,3598552,NA,NA,S,0,0,77466.25,55,2016,15,35.81,33.13
111938,Active,1437190,NA,NA,S,1,0,118327.9,39,2015,11,30.41,30.34
111939,Active,858301,NA,NA,S,3,1,253140.2238,36,2014,23,8.23,12.92
111940,Active,2279071,NA,NA,S,2,1,33583,35.08,2012,13,31.49,45.32
111941,Active,702344,NA,NA,S,2,1,618134.965,35,2014,24,5.98,11.53
111942,Active,635798,NA,NA,S,1,0,699715.7113,52,2010,30,11.69,25.51
111943,Active,924226,NA,NA,S,5,1,19787.4,39,2015,27,24.99,28.81
111944,Active,3694509,NA,NA,S,5,1,23042,39,2016,12,34.96,39
111945,Active,268503,NA,NA,S,1,0,291105.21,74,2008,28,24.5,51.36
111946,Active,540082,NA,NA,S,7,1,216748.38,72.6,2012,33,15.69,34.83
111947,Active,3620755,NA,NA,S,7,1,83228.575,0,2011,32,12.72,38.99
111948,Active,1562392,NA,NA,S,0,0,279635.015,7.99,2006,146,3.88,5.74
111949,Active,532131,NA,NA,S,6,1,512759.2638,5.04,2010,64,3.92,5.04
111950,Active,247721,NA,NA,S,1,0,61858.65,69,2007,22,13.38,44.96
111951,Active,2160558,NA,NA,S,1,0,228305.65,28,2010,27,15.23,27.66
111952,Active,2407534,NA,NA,S,1,0,438154.5925,76.95,1996,28,9.72,62.91
111953,Active,261282,NA,NA,S,1,0,456218.5313,109,1998,37,17.98,65.03
111954,Active,1569846,NA,NA,S,1,0,109459.6,46,2011,23,20.99,22.4
111955,Active,874650,NA,NA,S,4,1,720873.1425,83.04,2011,28,16.34,51.55
111956,Active,1696693,NA,NA,S,1,0,150404.925,53.95,2014,44,7.43,15.13
111957,Active,230264,NA,NA,S,2,1,827295.2525,40,2009,24,16.74,39.08
111958,Active,214344,NA,NA,S,1,0,28371.925,24.95,2007,22,15.31,19.9
111959,Active,593769,NA,NA,S,1,0,56904.15,59.95,2008,26,30.56,30.61
111960,Active,532125,NA,NA,S,4,1,77193.6725,54.4,2010,30,16.02,40.58
111961,Active,615549,NA,NA,S,1,0,105277.6,141.4,1999,38,21.18,78.4
111962,Active,1942333,NA,NA,S,8,1,41047.475,39.95,2013,12,16.99,27.92
111963,Active,914291,NA,NA,S,11,1,118786.9438,39.95,2013,20,19.98,28.97
111964,Active,1942334,NA,NA,S,6,1,407198.48,39.95,2013,15,17.99,34.07
111965,Active,621977,NA,NA,S,6,1,907171.2,38.95,2009,37,4,13.99
111966,Active,865592,NA,NA,S,7,1,456664.2163,39.95,2013,14,10.24,17.18
111967,Active,293217,NA,NA,S,7,1,132145.225,43.95,2007,24,19.79,36.8
111968,Active,638537,NA,NA,S,11,1,589872.4513,34.95,2009,22,9.99,105.63
111969,Active,1942325,NA,NA,S,7,1,405210.8613,42.95,2013,16,21.17,43.37
111970,Active,865597,NA,NA,S,7,1,241579.6313,41.95,2013,21,28.46,34.99
111971,Active,1942369,NA,NA,S,8,1,53711.3275,40.95,2014,23,20.99,41.94
111972,Active,1942362,NA,NA,S,17,1,198735,39.95,2013,24,19.97,38.93
111973,Active,1942323,NA,NA,S,7,1,149013.425,40.95,2013,23,19.74,23.56
111974,Active,865428,NA,NA,S,8,1,217441.7775,43.95,2013,36,7.99,39.98
111975,Active,1942370,NA,NA,S,6,1,384395.0763,43.95,2014,15,32.94,37.57
111976,Active,865596,NA,NA,S,10,1,435118.85,42.95,2013,16,13.99,23.19
111977,Active,540468,NA,NA,S,4,1,861061.4013,220,2012,34,8.34,176.94
111978,Active,1855102,NA,NA,S,0,0,28096.825,75,2011,18,44.74,51.89
111979,Active,665028,NA,NA,S,5,1,476256.2275,210,2011,41,4.99,68.8
111980,Active,649829,NA,NA,S,8,1,806253.1113,231,2012,48,8.17,68
111981,Active,143547,NA,NA,S,6,1,330981.4625,203,2011,66,33.89,118.48
111982,Active,143104,NA,NA,S,5,1,266983.4,172,2007,54,4.89,47.44
111983,Active,117270,NA,NA,S,2,1,319932.7625,36.2,2006,29,70.97,86.4
111984,Active,907171,NA,NA,S,4,1,720812.9863,52,2014,16,6.94,40.94
111985,Active,290593,NA,NA,S,2,1,273183.5238,59.26,2005,42,4.48,49.65
111986,Active,2081815,NA,NA,S,0,0,99962.55,52,2014,21,29.84,39.76
111987,Active,603405,NA,NA,S,1,0,218370.375,87.99,2010,17,35.18,83.1
111988,Active,3756014,NA,NA,S,0,0,88975.275,32,2016,11,30.99,29.79
111989,Active,2095444,NA,NA,S,1,0,202711.2,65.95,2014,9,37.3,57.64
111990,Active,300056,NA,NA,S,3,1,127350.325,32.95,2011,24,7.72,13.99
111991,Active,861929,NA,NA,S,2,1,56887.47625,89.95,2014,48,46.99,64.72
111992,Active,3143175,NA,NA,S,1,0,282611.6625,14.99,2012,12,13.94,13.23
111993,Active,2084059,NA,NA,S,0,0,63626.9,62.99,2013,13,42.31,42.68
111994,Active,3570004,NA,NA,S,0,0,100915.025,24.99,2014,31,10.36,14.48
111995,Active,843300,NA,NA,S,0,0,17724.7225,9.95,1982,221,4,6.5
111996,Active,2162073,NA,NA,S,18,1,123207.525,34.95,2015,9,29.08,30.62
111997,Active,2361151,NA,NA,S,0,0,249519.1175,15.95,2005,44,4,10.59
111998,Active,3528713,NA,NA,S,0,0,210337.5,34.95,2011,24,20.13,23.19
111999,Active,2132213,NA,NA,S,0,0,105276.175,34.95,2015,18,19.73,21.54
112000,Active,723265,NA,NA,S,1,0,86722.725,145,2008,23,21.94,68.91
112001,Active,3053242,NA,NA,S,1,0,411049.37,132,2000,30,6.94,44.41
112002,Active,701400,NA,NA,S,1,0,136321.6875,47,2007,69,19.97,28.45
112003,Active,3008041,NA,NA,S,0,0,22684.975,29.95,2015,7,21.48,22.01
112004,Active,212160,NA,NA,S,0,0,49420.57125,21.99,2006,81,5.06,10.48
112005,Active,2243813,NA,NA,S,0,0,30239.6,24.95,2015,14,19.53,19.54
112006,Active,1429687,NA,NA,S,0,0,145672.8,44.95,2007,21,15.82,29.08
112007,Active,860018,NA,NA,S,0,0,54956.125,24,2010,27,13.62,17.74
112008,Active,2514170,NA,NA,S,5,1,184443.8463,20,1973,155,4,14.42
112009,Active,3724610,NA,NA,S,0,0,71955.725,27,2014,38,4,7.18
112010,Active,1631009,NA,NA,S,0,0,144807.35,22.99,2008,11,16.48,16.46
112011,Active,628751,NA,NA,S,0,0,33844.075,45,2009,23,26.98,28.5
112012,Active,2089464,NA,NA,S,3,1,126447.15,26.95,2013,16,21.5,21.62
112013,Active,3775886,NA,NA,S,7,1,8432,18.99,2016,10,13.98,10.39
112014,Active,1710369,NA,NA,S,0,0,197866.9,29.95,2013,15,22.02,22.02
112015,Active,2044317,NA,NA,S,3,1,105752.925,29.95,2011,11,26.37,20.95
112016,Active,600184,NA,NA,S,0,0,61599.825,25.95,2012,34,6.57,23.48
112017,Active,260911,NA,NA,S,0,0,93475.05,30,2010,20,18.98,19.88
112018,Active,3622467,NA,NA,S,0,0,76194.675,22.95,2009,33,7.42,52.76
112019,Active,2006504,NA,NA,S,1,0,71752.1,60,2011,7,40.78,45.99
112020,Active,287301,NA,NA,S,0,0,248896.7263,11.95,2008,34,5.94,0
112021,Active,3802938,NA,NA,S,0,0,399164,49.99,2012,22,33.73,29.99
112022,Active,1759995,NA,NA,S,2,1,65198.225,24.95,2012,8,24.43,29.95
112023,Active,651920,NA,NA,S,0,0,199766.25,29.95,2008,17,26.95,27.84
112024,Active,637141,NA,NA,S,0,0,153561.95,59.95,2009,19,27.76,34.7
112025,Active,1536459,NA,NA,S,1,0,10823.35,21.95,2014,20,13.49,14.76
112026,Active,3789199,NA,NA,S,0,0,163356.825,21.95,2011,10,16.88,16.93
112027,Active,3065426,NA,NA,S,0,0,33694.7375,16,1999,210,4,8.01
112028,Active,3553796,NA,NA,S,0,0,32642.675,24.95,2016,9,28.45,21.48
112029,Active,678519,NA,NA,S,0,0,18117.3,24.95,2013,25,14.99,17.74
112030,Active,1476859,NA,NA,S,1,0,599935.3013,34.95,2013,20,20.94,22.58
112031,Active,1861119,NA,NA,S,0,0,71251.45,27.95,2013,46,4,12.49
112032,Active,1966154,NA,NA,S,2,1,333154.625,47.5,2015,11,37.48,34.03
112033,Active,2737820,NA,NA,S,0,0,168894.3488,35.95,2001,24,28.39,35.95
112034,Active,721505,NA,NA,S,2,1,836889.6538,45,2004,21,6.11,27.97
112035,Active,924285,NA,NA,S,7,1,15263.8625,79.95,2015,55,36.47,51.99
112036,Active,2090498,NA,NA,S,0,0,232235.75,35,2013,8,23.98,23.98
112037,Active,657988,NA,NA,S,2,1,395904.4663,34.99,2013,29,17.11,22.65
112038,Active,1990565,NA,NA,S,0,0,77213.55,29.99,2013,8,24.74,24.99
112039,Active,2084070,NA,NA,S,1,0,84037.025,77.99,2013,19,43.32,43.33
112040,Active,627929,NA,NA,S,2,1,805139.4538,149.99,2012,13,16.59,266.77
112041,Active,639159,NA,NA,S,1,0,69237.175,44.99,2010,23,7.98,7.98
112042,Active,3633933,NA,NA,S,1,0,182256.8,49.99,2016,14,27.45,28.97
112043,Active,1779782,NA,NA,S,1,0,119874.525,49.99,2013,22,13.87,13.47
112044,Active,917664,NA,NA,S,0,0,710695.6688,55,2004,35,4,0
112045,Active,3793731,NA,NA,S,1,0,29022.775,49.99,2016,8,40.35,33.4
112046,Active,2029150,NA,NA,S,1,0,75518.375,39.99,2015,8,30.31,25.6
112047,Active,652235,NA,NA,S,1,0,649039.2963,49.95,2013,42,4.49,13.94
112048,Active,2620190,NA,NA,S,8,1,36148.025,0,2005,6,29.99,66.94
112049,Active,2084084,NA,NA,S,0,0,89024.95,27.99,2014,12,18.52,18.45
112050,Active,2082904,NA,NA,S,0,0,215542.15,24.99,2011,20,5.12,6.94
112051,Active,2082925,NA,NA,S,0,0,37313.425,49.99,2012,17,32.81,32.81
112052,Active,657855,NA,NA,S,1,0,755596.5888,30,2013,21,5.79,5.99
112053,Active,3548077,NA,NA,S,0,0,22239.2,50,2012,61,4.48,22.98
112054,Active,2007237,NA,NA,S,0,0,100402.625,24.95,2010,14,12.49,17.07
112055,Active,1498645,NA,NA,S,0,0,9224.1,29.99,2012,16,17.92,17.92
112056,Active,1736588,NA,NA,S,0,0,44854.95,28,2008,17,22.2,22.41
112057,Active,102321,NA,NA,S,25,1,1795.67875,25.99,1998,281,5.8,12.49
112058,Active,2262593,NA,NA,S,0,0,209416.525,34.53,2008,8,14.83,16.98
112059,Active,900970,NA,NA,S,2,1,460296.7925,26,2014,15,17.94,18.99
112060,Active,1551461,NA,NA,S,2,1,358968.125,56.95,2014,21,33.5,40.62
112061,Active,3497820,NA,NA,S,0,0,75216.875,45,2008,38,7.85,30.03
112062,Active,1737436,NA,NA,S,2,1,56011.875,39,2015,12,32.81,29.09
112063,Active,1859008,NA,NA,S,1,0,190397.3175,9.99,2006,319,3.66,7.15
112064,Active,535812,NA,NA,S,7,1,30983.17125,240.5,2013,92,53.99,78.99
112065,Active,291532,NA,NA,S,10,1,608955.0913,74.95,2003,22,4.02,23.98
112066,Active,3587481,NA,NA,S,0,0,67722.425,49.95,2015,11,42.32,41.1
112067,Active,612809,NA,NA,S,0,0,859295.1475,49.95,2006,46,4.45,16.05
112068,Active,639144,NA,NA,S,3,1,404985.565,112.95,2010,34,16.73,46.44
112069,Active,687468,NA,NA,S,0,0,136936.675,29.95,2010,13,18.52,21.65
112070,Active,3491198,NA,NA,S,0,0,333312.2,72,1996,55,13,91.57
112071,Active,3789201,NA,NA,S,0,0,147481.475,22.95,2015,11,19.84,16.28
112072,Active,2533111,NA,NA,S,2,1,495430.8125,48.95,1996,53,4.97,30.49
112073,Active,3829948,NA,NA,S,0,0,9285.375,72.99,2015,21,48.26,51.95
112074,Active,795448,NA,NA,S,6,1,596814.75,213.95,2011,17,40.69,186.02
112075,Active,1829830,NA,NA,S,8,1,163923.7375,79.95,2015,25,39.09,67.48
112076,Active,1984184,NA,NA,S,0,0,204849.925,27.99,2013,6,29.96,27.93
112077,Active,677811,NA,NA,S,0,0,14257.55,34.99,2012,32,18.23,20.15
112078,Active,1697039,NA,NA,S,0,0,71384.3,26,2014,26,4.63,15.17
112079,Active,172344,NA,NA,S,0,0,541532.4025,54.99,2001,39,6.38,25.79
112080,Active,3784948,NA,NA,S,0,0,159489.275,22.95,2015,25,4,22.9
112081,Active,2407866,NA,NA,S,1,0,584586.61,65,1996,105,4,10.97
112082,Active,2807477,NA,NA,S,1,0,65971.05,50,2003,34,15.99,26.98
112083,Active,2171081,NA,NA,S,0,0,199117.05,24.95,2015,17,9.13,12.28
112084,Active,1724478,NA,NA,S,0,0,190725.25,75,2013,17,31.94,42.95
112085,Active,179081,NA,NA,S,8,1,467819.1538,118.95,2005,20,4.46,22.61
112086,Active,170308,NA,NA,S,0,0,233735.3413,19.95,1999,70,1.51,0
112087,Active,1979280,NA,NA,S,0,0,27134.575,27.99,2014,19,20.15,19.93
112088,Active,1942151,NA,NA,S,0,0,37563.125,24.95,2014,14,18.55,17.28
112089,Active,1693772,NA,NA,S,2,1,530490.5375,19.95,2006,40,4,16.32
112090,Active,688028,NA,NA,S,1,0,91113.675,29.95,2011,13,26.95,29.95
112091,Active,611896,NA,NA,S,3,1,141519.125,0,2014,18,46.29,0
112092,Active,2084094,NA,NA,S,1,0,62960.275,62.99,2013,15,37.19,37.19
112093,Active,2084098,NA,NA,S,1,0,59185.325,62.99,2013,6,33.99,33.5
112094,Active,2085783,NA,NA,S,1,0,142495.575,77.99,2013,6,45.1,44.4
112095,Active,1876867,NA,NA,S,1,0,71662.725,21.95,2013,51,4.84,8.51
112096,Active,3498023,NA,NA,S,1,0,77604.1,25.99,2010,53,4.49,17.84
112097,Active,614230,NA,NA,S,0,0,557451.1725,70.95,2001,66,4.72,10.05
112098,Active,918603,NA,NA,S,0,0,592147.4813,71.95,1998,36,4.13,18.88
112099,Active,3558795,NA,NA,S,0,0,96379.75,49.95,2014,17,29.49,32.51
112100,Active,2079713,NA,NA,S,0,0,52616.575,30,2014,17,21.89,18.87
112101,Active,767001,NA,NA,S,1,0,713840.5875,59.95,2010,29,4.13,11.99
112102,Active,688592,NA,NA,S,0,0,77443.2,29.99,2011,12,25.94,23.55
112103,Active,240058,NA,NA,S,1,0,162925.25,24.95,2007,13,16.17,19.73
112104,Active,782626,NA,NA,S,0,0,115562.675,0,2013,15,4.48,18.2
112105,Active,686039,NA,NA,S,0,0,48033.5,24.95,2012,13,17.93,17.59
112106,Active,681016,NA,NA,S,0,0,58259.975,24.99,2010,37,5.65,7.06
112107,Active,3751644,NA,NA,S,0,0,62734,24.95,2016,10,20.71,20.28
112108,Active,2011289,NA,NA,S,0,0,61625.74375,19.99,2012,22,14.37,14.9
112109,Active,2011291,NA,NA,S,2,1,145329.05,27.99,2012,13,18.54,18.36
112110,Active,3812715,NA,NA,S,1,0,116583.575,65,2009,21,9.98,11.35
112111,Active,2876767,NA,NA,S,0,0,223368.04,8.95,1993,19,13.47,81
112112,Active,610063,NA,NA,S,16,1,48131.85125,222.95,2014,70,51.02,77.84
112113,Active,1574031,NA,NA,S,1,0,104520.6,76.95,2006,16,25.99,33.99
112114,Active,245920,NA,NA,S,0,0,749608.7888,49.5,2007,31,9.37,34.11
112115,Active,1484290,NA,NA,S,0,0,172877.325,29,2011,13,32.52,29.76
112116,Active,1860877,NA,NA,S,0,0,331128.9625,46.99,2009,51,7.91,22.99
112117,Active,1961699,NA,NA,S,0,0,196664.9,25,2011,18,4.3,24.92
112118,Active,2171603,NA,NA,S,1,0,350742.0688,25,2008,19,22.94,85.23
112119,Active,813041,NA,NA,S,0,0,170175.175,28.95,2012,30,6.54,16.97
112120,Active,271045,NA,NA,S,0,0,829244.6738,58,2011,94,4,13.97
112121,Active,538092,NA,NA,S,0,0,2017.95,29.99,2009,32,13.02,15.71
112122,Active,678896,NA,NA,S,1,0,22957.875,27.95,2011,20,17.55,18.34
112123,Active,1780128,NA,NA,S,1,0,73560.575,45,2014,12,38.79,35.9
112124,Active,582270,NA,NA,S,1,0,167038.7,75,2011,27,5.33,63.18
112125,Active,1970303,NA,NA,S,0,0,4761.15,22,2015,18,13.42,12.78
112126,Active,1877743,NA,NA,S,0,0,472637.5263,18.99,2010,113,4,11.32
112127,Active,1627512,NA,NA,S,1,0,220588.85,32.95,2013,27,4.3,15.68
112128,Active,715201,NA,NA,S,1,0,152853.95,29.99,2007,14,14.03,21.57
112129,Active,682337,NA,NA,S,1,0,23955.275,29.95,2010,26,12.04,23.61
112130,Active,681044,NA,NA,S,0,0,67636.525,29.99,2009,31,13.3,13.3
112131,Active,681466,NA,NA,S,4,1,430586.2375,29.5,2009,33,22.17,27.73
112132,Active,797935,NA,NA,S,0,0,74785.775,39.99,2007,14,17.77,26.86
112133,Active,723905,NA,NA,S,1,0,151197.55,24.95,2011,16,19.98,20.21
112134,Active,781983,NA,NA,S,0,0,199868.8,29.99,2009,18,20.75,26.39
112135,Active,893084,NA,NA,S,0,0,76251.75,21.95,2013,16,20.99,20.43
112136,Active,3528768,NA,NA,S,0,0,160827.9,26.95,2012,25,6.27,13.98
112137,Active,172299,NA,NA,S,1,0,795729.1013,45,2011,38,4,16.93
112138,Active,628763,NA,NA,S,0,0,147766.875,42.5,2009,31,13.83,37.49
112139,Active,1560837,NA,NA,S,1,0,353277.2225,15,2011,86,4,4.98
112140,Active,1471487,NA,NA,S,0,0,309455.96,31.95,2014,15,22.58,29.95
112141,Active,1870784,NA,NA,S,0,0,159967.95,28,2015,23,15.11,17.49
112142,Active,2837462,NA,NA,S,0,0,354017.5538,29.95,2005,22,14.81,22.72
112143,Active,1461486,NA,NA,S,0,0,9379.275,21,2008,64,7.15,11.99
112144,Active,2602037,NA,NA,S,2,1,513631.455,54.99,1996,34,4.7,23.99
112145,Active,1488317,NA,NA,S,0,0,172677.65,28,2010,9,22.75,22.76
112146,Active,468696,NA,NA,S,0,0,111065.925,31,2008,22,17.48,20.86
112147,Active,1555175,NA,NA,S,3,1,590200.275,51.95,2013,14,38.59,42.2
112148,Active,2140638,NA,NA,S,0,0,29442.75,35,2008,24,23.85,25.29
112149,Active,132618,NA,NA,S,6,1,69051.465,185.2,2008,39,53.73,116.74
112150,Active,2017636,NA,NA,S,0,0,76010.15,39.95,2014,7,26.12,26.01
112151,Active,1527469,NA,NA,S,0,0,147694.575,26.95,2007,23,4,6.67
112152,Active,1471120,NA,NA,S,1,0,77363.825,29.95,2014,14,23.99,24.49
112153,Active,682074,NA,NA,S,1,0,62256.925,29.95,2012,27,16.2,18.97
112154,Active,914356,NA,NA,S,0,0,604906.9613,34.99,2004,37,9.84,28.84
112155,Active,2605542,NA,NA,S,0,0,668866.9625,44.99,1996,35,5.24,31.97
112156,Active,1895481,NA,NA,S,1,0,618803.6488,28.92,2010,43,15.05,28.99
112157,Active,808069,NA,NA,S,0,0,166809.75,29.99,2011,32,9.5,15.53
112158,Active,2509719,NA,NA,S,0,0,348059.8938,28.95,1998,43,8.77,22.1
112159,Active,1494566,NA,NA,S,0,0,64772.35,50,2014,22,26.41,33.02
112160,Active,1703640,NA,NA,S,1,0,148962.5,45,2012,19,12.8,23.98
112161,Active,2096786,NA,NA,S,0,0,50729.075,24.95,2014,23,10.22,11.97
112162,Active,790603,NA,NA,S,1,0,317005.0275,45,1997,23,17.99,78.55
112163,Active,2512811,NA,NA,S,1,0,524805.325,8.9,1980,156,3.85,11.97
112164,Active,3622839,NA,NA,S,0,0,123630.525,29.95,2011,33,4.23,10.71
112165,Active,1760448,NA,NA,S,0,0,10978.775,24.95,2014,19,24.98,22.46
112166,Active,1760449,NA,NA,S,0,0,12490.65,26.95,2015,17,30.11,23.35
112167,Active,3072459,NA,NA,S,1,0,761814.1813,42.95,2001,39,4.7,13.93
112168,Active,1497762,NA,NA,S,0,0,126645.575,29.99,2007,23,12.53,19.58
112169,Active,1598315,NA,NA,S,1,0,108733.225,26,2013,59,4,6.35
112170,Active,2295426,NA,NA,S,2,1,57160.975,0,2015,0,0,7.48
112171,Active,1719542,NA,NA,S,0,0,154912.8,27.95,2010,15,22.36,25.83
112172,Active,1937807,NA,NA,S,1,0,30124.825,22.99,2015,61,4.38,5.18
112173,Active,1464567,NA,NA,S,1,0,77647.275,29.95,2014,37,12.43,21.64
112174,Active,2099671,NA,NA,S,0,0,3823.65,27,2015,18,17.48,16.29
112175,Active,2086219,NA,NA,S,2,1,105507.325,25,2014,20,20.68,21.25
112176,Active,123584,NA,NA,S,0,0,169819.5588,17,2010,158,4,10.38
112177,Active,1869100,NA,NA,S,0,0,224247.6,39.95,2012,15,26.07,26.02
112178,Active,1705239,NA,NA,S,0,0,90701.725,22,2007,20,14.94,15.25
112179,Active,532040,NA,NA,S,9,1,66552.715,164.4,2012,44,53.88,99.97
112180,Active,674909,NA,NA,S,1,0,92718.18875,26.95,2007,135,4,12.4
112181,Active,739610,NA,NA,S,5,1,561096.4563,160.8,2003,33,4.98,53.92
112182,Active,1932765,NA,NA,S,0,0,107256,24.99,2013,34,5.14,11.02
112183,Active,2714325,NA,NA,S,1,0,643873.2588,44.79,1996,17,4,61.17
112184,Active,2096771,NA,NA,S,0,0,51730.475,29.95,2013,28,13.75,20.77
112185,Active,747745,NA,NA,S,1,0,220292.275,30.75,2012,28,7.43,8.49
112186,Active,660565,NA,NA,S,0,0,621460.0675,99.95,1995,23,6.73,105.95
112187,Active,633647,NA,NA,S,1,0,359955.9725,39.95,1983,36,21.98,33.62
112188,Active,3273064,NA,NA,S,3,1,254203.7,88.85,2005,16,26.89,83.52
112189,Active,618386,NA,NA,S,0,0,765564.875,110.95,2000,22,4.39,70.15
112190,Active,566811,NA,NA,S,1,0,166182.35,189,2008,38,37.38,75.69
112191,Active,624594,NA,NA,S,2,1,351667.6725,49,1989,30,14.84,39.75
112192,Active,880777,NA,NA,S,5,1,861070.255,220.5,2008,29,5.56,22.92
112193,Active,747756,NA,NA,S,4,1,9021.23125,173.75,2014,123,53.45,72.24
112194,Active,640163,NA,NA,S,0,0,160582.2,130.75,2011,18,47.98,98.97
112195,Active,51809,NA,NA,S,5,1,279216.2063,381.95,2002,121,4,15.98
112196,Active,2263217,NA,NA,S,11,1,163891.65,159.28,2012,38,29.06,65.87
112197,Active,1779408,NA,NA,S,1,0,27870.125,22.99,2014,22,11.97,15.98
112198,Active,2928942,NA,NA,S,12,1,119057.8325,49.99,2015,12,41.99,42.99
112199,Active,708601,NA,NA,S,0,0,408023.8825,130,2005,32,4.47,50.96
112200,Active,866366,NA,NA,S,4,1,542795.575,11.55,2014,17,11.24,11.55
112201,Active,616611,NA,NA,S,0,0,14029.45375,173.75,2013,109,42.98,55.59
112202,Active,876068,NA,NA,S,8,1,180517.8113,223.95,2013,29,38.99,77.99
112203,Active,659727,NA,NA,S,10,1,255791.2,220.95,2013,39,20.72,0
112204,Active,545157,NA,NA,S,6,1,124179.4713,123.8,2011,68,41.42,82.17
112205,Active,252622,NA,NA,S,7,1,33247.47,145.25,2009,54,44.99,88.99
112206,Active,455501,NA,NA,S,3,1,74500.09625,384.95,2009,86,7.48,81.48
112207,Active,58330,NA,NA,S,7,1,36631.215,298.95,2011,77,17.87,53.99
112208,Active,3504144,NA,NA,S,1,0,27680.075,202.67,2014,53,33.99,57.96
112209,Active,155414,NA,NA,S,5,1,399621.595,8.46,2000,60,4,7.73
112210,Active,864594,NA,NA,S,5,1,69035.075,374.95,2014,47,29.01,83.99
112211,Active,2040657,NA,NA,S,3,1,199704.125,29.53,2009,7,29.53,29.55
112212,Active,2165138,NA,NA,S,0,0,29302.075,21.95,2014,17,15.42,15.47
112213,Active,172257,NA,NA,S,3,1,57217.52625,34.95,2009,26,21.99,0
112214,Active,1470214,NA,NA,S,17,1,867480.8025,115,2006,13,6.39,51.58
112215,Active,2020511,NA,NA,S,0,0,12107.475,27.99,2013,28,10.19,19.3
112216,Active,2149150,NA,NA,S,1,0,83259.45,29.95,2011,20,20.94,19.73
112217,Active,532019,NA,NA,S,3,1,31894.4,22.99,2011,33,6.03,15.63
112218,Active,890816,NA,NA,S,0,0,440703.3475,8.99,2013,15,12.98,8.99
112219,Active,2104053,NA,NA,S,1,0,57663.425,22.95,2015,19,11.02,14.39
112220,Active,3822665,NA,NA,S,2,1,170814.05,29.95,2010,27,14.15,22.68
112221,Active,2138076,NA,NA,S,1,0,125715.9,24.95,2007,25,13.49,16.75
112222,Active,2115891,NA,NA,S,0,0,65242.55,29.95,2015,10,20.29,21.29
112223,Active,653510,NA,NA,S,1,0,146312.1,34.95,2011,16,22.91,27.85
112224,Active,842792,NA,NA,S,0,0,66646.86125,9.99,1978,61,4,8.65
112225,Active,2154686,NA,NA,S,2,1,51536.1,29.95,2011,15,21.71,19.99
112226,Active,3786602,NA,NA,S,1,0,100233.45,29.95,2007,37,8.19,7.09
112227,Active,2010283,NA,NA,S,0,0,61924.4,29.95,2008,29,14.24,17.94
112228,Active,2100145,NA,NA,S,1,0,35591.575,29.95,2014,12,21.98,22.81
112229,Active,2010333,NA,NA,S,1,0,45086.575,29.95,2009,11,17.99,21.29
112230,Active,2089800,NA,NA,S,0,0,76879.65,26.95,2015,12,19.06,20.82
112231,Active,2006978,NA,NA,S,0,0,128536.075,25,2011,26,17.91,16.7
112232,Active,2026793,NA,NA,S,0,0,378823.2988,50,2007,74,5.46,19.94
112233,Active,2253830,NA,NA,S,4,1,182654.975,117.65,2009,19,11.2,107.47
112234,Active,646864,NA,NA,S,4,1,37151.305,249.4,2013,73,43.22,168.99
112235,Active,2246933,NA,NA,S,0,0,98249.875,24.95,2014,13,21.28,19.05
112236,Active,2022561,NA,NA,S,1,0,69467.5,21.95,2015,20,9.98,9.98
112237,Active,3960471,NA,NA,S,0,0,149983.95,22.99,2012,25,7.44,7.56
112238,Active,1484446,NA,NA,S,1,0,59419.075,22.5,2011,26,15.71,15.72
112239,Active,1688248,NA,NA,S,0,0,133589.325,29.95,2008,30,7.02,18.43
112240,Active,1660762,NA,NA,S,0,0,106713.925,40,2014,13,27.49,25.79
112241,Active,2017623,NA,NA,S,0,0,141071.35,45,2011,38,5.48,25.23
112242,Active,3060413,NA,NA,S,2,1,677077.5963,19.95,2000,112,4,13.98
112243,Active,1589757,NA,NA,S,0,0,73870.125,23.75,2008,13,16.44,13.96
112244,Active,683988,NA,NA,S,1,0,192462.5,34,2007,28,18.93,32.68
112245,Active,581305,NA,NA,S,1,0,90329.1,22.95,2009,24,17.53,18.36
112246,Active,540345,NA,NA,S,0,0,56502.21625,24.95,2011,24,17.84,0
112247,Active,1756683,NA,NA,S,3,1,473075.785,19.95,2011,22,15.94,19.69
112248,Active,1866834,NA,NA,S,0,0,145066.175,29.95,2015,16,14.99,21.4
112249,Active,3601643,NA,NA,S,2,1,162737.625,45,2011,46,13.96,28.19
112250,Active,2919463,NA,NA,S,2,1,84175.25125,28,2015,23,13.34,17.94
112251,Active,3730378,NA,NA,S,1,0,31528.9,75,2011,16,41.34,47.46
112252,Active,268494,NA,NA,S,1,0,50438.4925,29,2008,29,17.74,17.98
112253,Active,182924,NA,NA,S,1,0,119679.25,287.95,2007,26,30.24,71.99
112254,Active,110605,NA,NA,S,3,1,39374.005,186,2007,79,12.82,65.69
112255,Active,633458,NA,NA,S,1,0,743149.8838,60,2005,30,17.49,31.99
112256,Active,643158,NA,NA,S,0,0,346044.105,24.95,2010,24,22.31,22.33
112257,Active,876747,NA,NA,S,1,0,209243.5925,132,2013,24,27.16,81.18
112258,Active,553208,NA,NA,S,5,1,186552.04,184.8,2012,35,6.78,98.99
112259,Active,248222,NA,NA,S,1,0,895757.52,74,2010,16,10.48,33.32
112260,Active,627816,NA,NA,S,14,1,11344.3375,250,2013,64,39.65,118.99
112261,Active,653143,NA,NA,S,1,0,307899.3163,207.8,2012,29,34.21,109.09
112262,Active,900894,NA,NA,S,1,0,497313.9538,141.33,2012,31,6.75,112.43
112263,Active,1845067,NA,NA,S,0,0,586206.7613,49.95,2011,40,30.77,37.22
112264,Active,656743,NA,NA,S,1,0,215502.15,70,2012,19,34.54,52.11
112265,Active,897725,NA,NA,S,2,1,873138.015,54.99,2011,18,8.38,52.78
112266,Active,686682,NA,NA,S,1,0,8256.425,24.95,2012,23,16.96,19.68
112267,Active,270917,NA,NA,S,1,0,57097.375,38,2010,13,29.06,28.44
112268,Active,2794882,NA,NA,S,0,0,584857.7675,17.5,1979,11,10.92,511.49
112269,Active,1710837,NA,NA,S,0,0,158474.05,26,2014,8,30.67,24.24
112270,Active,1647782,NA,NA,S,2,1,184251.65,24.95,2015,14,23.35,23.07
112271,Active,1990874,NA,NA,S,1,0,71368.425,24.97,2013,7,23.99,23.62
112272,Active,682318,NA,NA,S,0,0,382512.085,18.95,2010,30,6.94,0
112273,Active,610084,NA,NA,S,3,1,51047.87125,124,2013,51,16.83,83.98
112274,Active,152488,NA,NA,S,0,0,241050.575,59.99,2008,19,27.03,45.72
112275,Active,624659,NA,NA,S,3,1,94593.1775,127.99,2013,53,8.04,20.59
112276,Active,2277512,NA,NA,S,2,1,203105,0,2013,0,0,7.48
112277,Active,1701372,NA,NA,S,0,0,86654.75,27.95,2009,32,9.89,21.2
112278,Active,1886091,NA,NA,S,0,0,2055.225,22.25,2014,24,8.99,15.97
112279,Active,1729410,NA,NA,S,0,0,675461.6275,21.95,2007,16,18.12,18.97
112280,Active,2080812,NA,NA,S,1,0,50263.85,28,2015,25,8.64,8.98
112281,Active,747878,NA,NA,S,0,0,111495.125,26.25,2007,12,16.49,22.42
112282,Active,1520232,NA,NA,S,0,0,220307.925,33.13,2013,21,8.99,26.98
112283,Active,3513323,NA,NA,S,1,0,118295.65,42,2016,13,23.99,33.96
112284,Active,646570,NA,NA,S,0,0,60762.4,31.99,2007,15,20.74,20.65
112285,Active,300361,NA,NA,S,2,1,326185.6475,75.95,2010,37,18.67,68.74
112286,Active,687769,NA,NA,S,4,1,130645.15,29.95,2009,32,12.84,20.79
112287,Active,2298824,NA,NA,S,2,1,11977.275,0,2015,0,0,5.48
112288,Active,1655590,NA,NA,S,0,0,49763.125,24.99,2009,20,11.49,15.97
112289,Active,1655716,NA,NA,S,0,0,80970.275,24.99,2010,31,4.59,15.99
112290,Active,866918,NA,NA,S,5,1,49039.11625,65,2014,26,51.27,57.73
112291,Active,1958165,NA,NA,S,0,0,13107.65,29.99,2014,18,15.32,20.8
112292,Active,679021,NA,NA,S,0,0,160086.625,27.95,2008,25,14.36,23.34
112293,Active,537853,NA,NA,S,4,1,328091.4088,146,2008,132,18.67,78.48
112294,Active,1473116,NA,NA,S,1,0,420332.5925,11.95,2011,34,5.99,8.28
112295,Active,1484336,NA,NA,S,1,0,253039.7513,45,2008,32,4.28,10.29
112296,Active,2137793,NA,NA,S,0,0,143420.55,35,2012,26,22,24.28
112297,Active,2556912,NA,NA,S,1,0,411560.9575,190.77,1978,11,19.52,168.23
112298,Active,3104791,NA,NA,S,8,1,26505.8475,29.99,2015,16,14.43,20.12
112299,Active,3809672,NA,NA,S,8,1,215766,24.99,2009,50,3.99,9.14
112300,Active,797715,NA,NA,S,1,0,494208.4088,89.95,2004,22,7.98,60.29
112301,Active,797714,NA,NA,S,1,0,507974.3638,79.95,2004,21,6.57,119.69
112302,Active,2100130,NA,NA,S,1,0,134053.3,35.5,2013,12,26.3,18.19
112303,Active,676687,NA,NA,S,0,0,51096.65,26.95,2007,38,9.99,19.18
112304,Active,2782641,NA,NA,S,0,0,349904.6638,45.95,1998,42,4.79,34.94
112305,Active,208788,NA,NA,S,1,0,213304.8,24.95,2009,14,23.96,13.98
112306,Active,1463078,NA,NA,S,1,0,120658.05,34.95,2015,7,33.79,33.84
112307,Active,541359,NA,NA,S,3,1,227620.1425,54.95,2012,32,14.98,47.99
112308,Active,546923,NA,NA,S,12,1,160528.925,24.99,2013,16,9.65,10.94
112309,Active,675348,NA,NA,S,1,0,233831.4313,24.99,2005,51,4.38,12.89
112310,Active,1688218,NA,NA,S,0,0,671010.005,17.5,2010,21,4.23,13.16
112311,Active,688066,NA,NA,S,0,0,49280.925,22,2010,35,15.78,20.9
112312,Active,1565837,NA,NA,S,1,0,78986.925,21.99,2011,21,10,11.69
112313,Active,677602,NA,NA,S,2,1,449264.705,49.95,1996,41,4.8,25.99
112314,Active,634940,NA,NA,S,0,0,137934,49,2011,25,17.48,37.19
112315,Active,1494670,NA,NA,S,1,0,26330.275,45,2015,21,29.99,29.73
112316,Active,1647790,NA,NA,S,1,0,354317.5788,19.95,2015,13,16.61,16.71
112317,Active,1625528,NA,NA,S,1,0,770269.745,42.5,2009,45,18.84,36.72
112318,Active,3563871,NA,NA,S,2,1,75206.95,22.95,2015,16,17.99,20.71
112319,Active,1589468,NA,NA,S,1,0,401407.6075,94.99,2008,26,19.44,63.66
112320,Active,1434113,NA,NA,S,0,0,19782.625,24.99,2014,14,13.86,16.99
112321,Active,2009681,NA,NA,S,0,0,24612.675,29.99,2013,23,20.49,22.08
112322,Active,633295,NA,NA,S,0,0,352267.1425,44,2009,24,13.87,42.49
112323,Active,115206,NA,NA,S,0,0,359139.4888,97.6,2001,38,9.85,59
112324,Active,1698107,NA,NA,S,0,0,388813.7525,49.95,2008,23,13.63,23.99
112325,Active,1964427,NA,NA,S,1,0,159152.775,31.95,2013,22,22.92,26.43
112326,Active,2063131,NA,NA,S,1,0,132963.1,27.95,2014,13,17.66,19.55
112327,Active,631705,NA,NA,S,2,1,167651.825,38.95,2008,20,24.69,34.79
112328,Active,1698201,NA,NA,S,0,0,33592.35,27.95,2014,12,16.83,19.52
112329,Active,1584829,NA,NA,S,3,1,141541.925,21.99,2011,16,9.99,17.32
112330,Active,685314,NA,NA,S,2,1,49302.075,24.99,2013,20,12.94,12.98
112331,Active,3617260,NA,NA,S,1,0,512970.75,75,1986,24,19.98,68.99
112332,Active,1918424,NA,NA,S,0,0,105914.1,29.99,2013,14,18.99,20.27
112333,Active,647317,NA,NA,S,2,1,586299.3413,81.6,2010,33,5.98,69.74
112334,Active,564835,NA,NA,S,1,0,455885.455,48.95,2010,44,8.56,36.49
112335,Active,2667299,NA,NA,S,2,1,580398.7325,60,1994,49,4,13.72
112336,Active,320117,NA,NA,S,1,0,526594.4988,72.95,1995,37,7.77,64.9
112337,Active,1434010,NA,NA,S,0,0,148385.075,27.99,2014,17,14.94,18.31
112338,Active,665072,NA,NA,S,1,0,53810.35,39.95,2011,21,36.09,37.99
112339,Active,1918570,NA,NA,S,0,0,91097.575,45,2015,14,29.53,29.53
112340,Active,740416,NA,NA,S,1,0,169927.25,31.8,2009,32,5.98,28.98
112341,Active,1740230,NA,NA,S,3,1,98647.425,38,2010,26,36.79,36.43
112342,Active,3776328,NA,NA,S,1,0,98279.75,40,2015,9,39.48,36.32
112343,Active,3733703,NA,NA,S,0,0,192247.275,42.97,2012,10,26,31.48
112344,Active,1724436,NA,NA,S,0,0,172255.25,85,2013,23,24.38,43.73
112345,Active,541677,NA,NA,S,1,0,41921,34.95,2009,30,13.41,18.59
112346,Active,2165918,NA,NA,S,0,0,16494.85,26.95,2013,20,15.99,16.89
112347,Active,3960357,NA,NA,S,0,0,87328.325,31.99,2011,12,13.26,21.65
112348,Active,867124,NA,NA,S,2,1,22039.40625,129.2,2014,72,53.49,71.99
112349,Active,2585867,NA,NA,S,1,0,732885.1088,50,1999,29,10.13,68.63
112350,Active,2610651,NA,NA,S,0,0,416476.85,39.99,2005,25,20.43,36.27
112351,Active,3778922,NA,NA,S,1,0,27848.725,29,2015,10,24.99,25.57
112352,Active,1695934,NA,NA,S,0,0,84372.825,40,2013,12,28.09,28.12
112353,Active,750286,NA,NA,S,1,0,65625.075,20.95,2008,31,11.97,14.88
112354,Active,1590141,NA,NA,S,1,0,82410.65,34.99,2010,20,28.18,31.69
112355,Active,858233,NA,NA,S,0,0,45794.825,29.99,2013,12,21.42,21.6
112356,Active,1691886,NA,NA,S,0,0,44907.6,26.99,2009,20,18.12,19.17
112357,Active,1624786,NA,NA,S,1,0,108277.425,45,2014,26,18.95,30.22
112358,Active,1702631,NA,NA,S,0,0,107220.45,29.95,2015,13,20.99,21.53
112359,Active,626228,NA,NA,S,1,0,32209.45,42,2011,18,20.86,26.09
112360,Active,687285,NA,NA,S,2,1,62053.025,32.99,2013,14,19.84,20.91
112361,Active,679611,NA,NA,S,2,1,46371.2,27.99,2009,18,20.55,20.84
112362,Active,1626477,NA,NA,S,0,0,232448.95,21.99,2007,19,15.98,16.03
112363,Active,663251,NA,NA,S,2,1,40156.375,35,2013,18,23.77,24.28
112364,Active,278543,NA,NA,S,0,0,644815.6163,13.95,2003,48,4,0
112365,Active,3575285,NA,NA,S,0,0,72700.25,36.99,2016,11,23.49,24.5
112366,Active,208382,NA,NA,S,2,1,52377.25,29.99,2010,33,15.72,19.23
112367,Active,639696,NA,NA,S,1,0,102422.75,49.95,2013,22,30.57,32.07
112368,Active,2163011,NA,NA,S,0,0,186352.55,34.95,2011,19,23.56,25.92
112369,Active,2328417,NA,NA,S,0,0,60296.8475,13.99,2005,45,6.98,11.61
112370,Active,1623634,NA,NA,S,1,0,41500.525,31.95,2009,28,13.76,21.79
112371,Active,689679,NA,NA,S,0,0,16676.1,25.95,2012,29,7.68,27.35
112372,Active,633166,NA,NA,S,0,0,117971.3,35,2011,31,21.91,27.45
112373,Active,1617902,NA,NA,S,0,0,88483.8,24.99,2011,9,31.75,22.18
112374,Active,649488,NA,NA,S,0,0,53034.575,36.99,2013,16,20.61,20.62
112375,Active,1840146,NA,NA,S,1,0,531641.0913,41.95,2010,28,5.99,31.67
112376,Active,1588824,NA,NA,S,1,0,65177.95,34.99,2008,25,13.89,26.54
112377,Active,138801,NA,NA,S,1,0,550635.9663,52,1997,129,4,8.44
112378,Active,2648473,NA,NA,S,1,0,313448.2663,82.95,1999,33,5.19,48.79
112379,Active,540087,NA,NA,S,2,1,759620.0888,62.95,2011,28,12.62,49.5
112380,Active,875016,NA,NA,S,3,1,97029.825,41.95,2015,29,24.99,30.18
112381,Active,1624744,NA,NA,S,0,0,79770.55875,45,2010,76,12.88,25.48
112382,Active,1733133,NA,NA,S,0,0,133465.65,35,2010,28,14.07,25.96
112383,Active,1645826,NA,NA,S,0,0,749334.9163,32,2011,19,13.56,29.88
112384,Active,1836631,NA,NA,S,0,0,85091.525,40,2014,13,23.99,25.21
112385,Active,900656,NA,NA,S,2,1,524380.6838,45,2014,30,13.24,32.58
112386,Active,3575278,NA,NA,S,2,1,78048.825,26,2016,6,18.09,18.56
112387,Active,2786962,NA,NA,S,2,1,181508.6663,45,1996,25,25.49,32.14
112388,Active,2025599,NA,NA,S,0,0,176166.45,34.95,2009,24,10.58,51.84
112389,Active,1781000,NA,NA,S,1,0,33853.4,24.99,2014,17,17.19,17.09
112390,Active,2584204,NA,NA,S,0,0,355409.615,34.95,1995,73,4.43,15.42
112391,Active,832749,NA,NA,S,1,0,344999.8875,95.95,2009,30,6.22,151.74
112392,Active,675471,NA,NA,S,0,0,151064.8,26,2012,40,4.77,5.97
112393,Active,2122260,NA,NA,S,0,0,124331.025,29.95,2008,6,29.05,29.95
112394,Active,625794,NA,NA,S,0,0,555008.29,49.99,2001,60,5.98,29.7
112395,Active,2100142,NA,NA,S,0,0,88846.1,29.95,2015,13,21.49,20.69
112396,Active,3829957,NA,NA,S,0,0,41096.85,47.99,2015,10,29.69,29.99
112397,Active,3801039,NA,NA,S,0,0,71691.2,62.99,2013,13,43.98,42.54
112398,Active,3879928,NA,NA,S,1,0,125923.8,60,2014,21,37.58,38.73
112399,Active,212703,NA,NA,S,1,0,776793.5713,34.99,2005,30,9.4,63.11
112400,Active,212720,NA,NA,S,3,1,66243.675,29.99,2008,19,17.57,17.6
112401,Active,3960288,NA,NA,S,0,0,86463.125,24.95,2009,7,19.08,20.12
112402,Active,678271,NA,NA,S,1,0,36136.575,24.95,2008,47,9.67,12.96
112403,Active,682298,NA,NA,S,0,0,43848.35,27,2011,19,14.09,19.3
112404,Active,3817666,NA,NA,S,0,0,525871.5,49.95,2001,74,4.08,43.36
112405,Active,2028876,NA,NA,S,1,0,58536.95,29.95,2008,33,7.92,17.47
112406,Active,735094,NA,NA,S,0,0,46113.45,45,2011,17,23.58,27.3
112407,Active,555313,NA,NA,S,0,0,310805.6638,49.95,2001,30,13.4,47.95
112408,Active,902230,NA,NA,S,3,1,672090.02,46,2003,30,8.78,40.93
112409,Active,681101,NA,NA,S,2,1,344332.5863,26,2006,23,5.58,39.99
112410,Active,2011147,NA,NA,S,0,0,125681.825,29.95,2012,13,19.24,20.22
112411,Active,628670,NA,NA,S,2,1,68619.375,39.95,2011,16,39.14,40.27
112412,Active,3598368,NA,NA,S,0,0,234407.85,55,2012,19,27.05,37.9
112413,Active,2649188,NA,NA,S,1,0,526200.9738,42.95,2001,20,8.79,35.33
112414,Active,2082352,NA,NA,S,0,0,97412.75,34.95,2015,10,23.45,21.15
112415,Active,2156885,NA,NA,S,0,0,94267.05,29.95,2009,41,10.98,19.85
112416,Active,860023,NA,NA,S,2,1,270107.175,80,2010,30,8.29,40.99
112417,Active,185154,NA,NA,S,10,1,515072.2688,259.95,1997,36,8.68,79.69
112418,Active,2038749,NA,NA,S,0,0,42633.625,21.95,2013,14,14.73,17.15
112419,Active,2049242,NA,NA,S,0,0,20909.175,29.99,2011,20,18.98,21.2
112420,Active,1779197,NA,NA,S,1,0,36132.425,22.99,2013,14,16.1,16.06
112421,Active,678635,NA,NA,S,1,0,149761.7,26.99,2008,30,10.75,14.41
112422,Active,2065249,NA,NA,S,1,0,30872.575,24.95,2012,23,9.24,15.54
112423,Active,635604,NA,NA,S,1,0,707916.8913,70,2013,41,10.45,20.65
112424,Active,265656,NA,NA,S,3,1,604080.5063,78.35,2003,73,4,11.68
112425,Active,627370,NA,NA,S,1,0,82192.85,39.99,2011,14,23.67,25.15
112426,Active,2000783,NA,NA,S,1,0,109466.4,35,2014,7,34.61,32.65
112427,Active,3468005,NA,NA,S,7,1,3791,80,2016,11,45.49,66.64
112428,Active,650639,NA,NA,S,0,0,391499.325,59.95,2008,55,10.05,38.36
112429,Active,617074,NA,NA,S,1,0,736566.6063,45.95,2004,59,3.99,11.68
112430,Active,173940,NA,NA,S,1,0,110357.45,39.99,2008,20,11.6,35.16
112431,Active,759158,NA,NA,S,1,0,723282.385,45,2000,64,3.99,13.94
112432,Active,763512,NA,NA,S,1,0,642829.5013,77.95,1997,16,4,6.08
112433,Active,650095,NA,NA,S,1,0,40690.1,55,2010,13,43.79,40.91
112434,Active,2457454,NA,NA,S,1,0,277990.805,18,1981,39,5.18,13.29
112435,Active,867365,NA,NA,S,4,1,44713.50875,59.95,2014,51,21.49,38.48
112436,Active,1566570,NA,NA,S,2,1,667750.07,24.99,2007,39,4,73.93
112437,Active,1534899,NA,NA,S,1,0,132656.425,27.95,2014,24,17.14,20.6
112438,Active,1478868,NA,NA,S,1,0,165328.15,29.95,2014,27,13.52,20.93
112439,Active,658063,NA,NA,S,0,0,205791.0713,50,2013,35,23.99,43.72
112440,Active,1471207,NA,NA,S,1,0,82833.45,29.95,2015,19,15.86,16.69
112441,Active,1918297,NA,NA,S,0,0,167926,27.99,2015,12,10.03,13.32
112442,Active,680626,NA,NA,S,0,0,18466.425,26,2010,21,14.95,17.2
112443,Active,291286,NA,NA,S,0,0,288556.5075,59.99,1997,23,19.23,23.99
112444,Active,1741251,NA,NA,S,1,0,92627.75,22.5,2010,33,13.62,20.47
112445,Active,1491174,NA,NA,S,0,0,162374.4,32.95,2012,22,13.72,22.26
112446,Active,806372,NA,NA,S,1,0,19740.05,24.99,2008,53,8.83,16.22
112447,Active,806371,NA,NA,S,1,0,16113.525,21.99,2007,42,6.95,13.37
112448,Active,2085200,NA,NA,S,1,0,155305.575,26.99,2014,35,8.27,12.58
112449,Active,867052,NA,NA,S,9,1,36161.165,113.95,2014,49,54.98,82.99
112450,Active,2304317,NA,NA,S,0,0,465067.1225,154,2000,38,7.78,23.99
112451,Active,457874,NA,NA,S,1,0,153029.1488,61.35,2009,31,6.99,18.18
112452,Active,916115,NA,NA,S,0,0,270101.6013,92.25,2007,33,12.59,57.68
112453,Active,1443181,NA,NA,S,4,1,663079.7425,11.32,2007,11,16.49,17.36
112454,Active,3131521,NA,NA,S,5,1,710232.2075,48,2000,42,4,16.32
112455,Active,550552,NA,NA,S,1,0,147790.15,222.03,2007,20,18.25,74.42
112456,Active,1638209,NA,NA,S,0,0,68143.525,33.8,2013,10,10.72,33.22
112457,Active,738665,NA,NA,S,4,1,241956.82,220,2014,55,28.99,96.32
112458,Active,617945,NA,NA,S,3,1,200998.6238,210,2012,76,9.49,0
112459,Active,650503,NA,NA,S,11,1,587518.9463,220,2013,40,42.07,135.83
112460,Active,143513,NA,NA,S,3,1,795893.2825,215,2011,69,4.98,65.98
112461,Active,3109694,NA,NA,S,0,0,188184.6075,41,2015,40,15.84,38.99
112462,Active,652250,NA,NA,S,0,0,772090.3475,40,2013,96,3.88,23.99
112463,Active,116002,NA,NA,S,2,1,444933.2638,81.95,2004,27,19.63,72.68
112464,Active,2406397,NA,NA,S,0,0,475350.3113,54.95,1992,35,4,45.99
112465,Active,200823,NA,NA,S,5,1,789994.4188,18.99,2005,44,4,0
112466,Active,2105093,NA,NA,S,0,0,73401.2,62.99,2013,9,42.97,42.72
112467,Active,902315,NA,NA,S,3,1,516223.9188,22.95,2014,19,8.48,20.76
112468,Active,1701174,NA,NA,S,0,0,117669.25,45,2015,15,30.99,30.94
112469,Active,1684171,NA,NA,S,0,0,186266.95,24.99,2012,21,7.09,14.06
112470,Active,2067910,NA,NA,S,0,0,28047.45,24.99,2015,13,17.6,17.15
112471,Active,682854,NA,NA,S,0,0,67452.825,24.95,2010,17,22.33,18.73
112472,Active,2085054,NA,NA,S,0,0,63424.175,24.95,2014,6,18.8,18.76
112473,Active,614015,NA,NA,S,0,0,60244.475,35,2011,58,6.85,21.55
112474,Active,132827,NA,NA,S,1,0,66855.47375,64.4,2009,41,10.79,28.96
112475,Active,618795,NA,NA,S,0,0,213690.3375,43.95,1995,40,8.96,32.47
112476,Active,868106,NA,NA,S,1,0,51201.65875,78.8,2015,52,29.96,45.94
112477,Active,621980,NA,NA,S,1,0,150078.5,54.95,2009,19,29.46,33.98
112478,Active,598807,NA,NA,S,0,0,188035.075,24,2010,27,14.93,19.35
112479,Active,2785560,NA,NA,S,6,1,361911.2788,32.95,1994,59,4.13,12.24
112480,Active,1569590,NA,NA,S,1,0,126930.975,21.99,2010,25,13.98,15.94
112481,Active,545758,NA,NA,S,0,0,10012.40625,16.99,2011,48,11.93,13.6
112482,Active,680918,NA,NA,S,2,1,697332.2813,35,1997,27,14.35,32.32
112483,Active,2285884,NA,NA,S,2,1,44149.975,0,2014,0,0,5.48
112484,Active,1483875,NA,NA,S,0,0,60328.575,30,2014,11,28.72,27.1
112485,Active,1574699,NA,NA,S,1,0,186784.75,45.95,2008,38,9.68,31.01
112486,Active,687371,NA,NA,S,0,0,89838.3,21.95,2012,14,10.97,11.98
112487,Active,672187,NA,NA,S,0,0,6133.925,24.95,2010,21,12.65,17.69
112488,Active,1660743,NA,NA,S,0,0,154160.475,21.99,2014,17,11.48,15.52
112489,Active,746579,NA,NA,S,0,0,49142.475,39.95,2012,16,13,28.32
112490,Active,1724366,NA,NA,S,0,0,70956.05,55,2010,37,28.29,33.95
112491,Active,2876063,NA,NA,S,0,0,563248.095,49.95,2005,30,8.75,104.06
112492,Active,483014,NA,NA,S,0,0,13255.8,40,2008,29,18.62,24.33
112493,Active,2309522,NA,NA,S,0,0,441492.705,38.95,1985,21,43.99,172.54
112494,Active,3499130,NA,NA,S,0,0,543065.8,59.99,1999,47,19.98,37.51
112495,Active,3960438,NA,NA,S,2,1,137868,21.95,2009,18,15.37,17.22
112496,Active,1724644,NA,NA,S,0,0,124738.45,29.95,2010,47,4.56,9.71
112497,Active,1836841,NA,NA,S,0,0,729325.145,16.95,2012,22,46.95,71.99
112498,Active,681917,NA,NA,S,1,0,221046.65,22.95,2007,16,13.35,14.48
112499,Active,1692077,NA,NA,S,0,0,77948.575,21.99,2013,26,9.87,15.58
112500,Active,637227,NA,NA,S,2,1,70141.25,34.95,2007,20,18.99,20.18
112501,Active,624856,NA,NA,S,0,0,164113.85,60,2005,25,37.14,47.98
112502,Active,641449,NA,NA,S,0,0,137620.875,40,2010,19,14.79,34.82
112503,Active,869266,NA,NA,S,3,1,206609.3825,49.75,2011,23,16.94,19.02
112504,Active,2919468,NA,NA,S,2,1,26098.4,24.99,2015,15,15.13,17.1
112505,Active,861952,NA,NA,S,8,1,23780.0375,104.4,2014,48,53.99,60.98
112506,Active,1728351,NA,NA,S,0,0,130239.6,39,2007,26,5.72,37.98
112507,Active,876834,NA,NA,S,2,1,795108.7738,53.35,1997,58,4.49,32.49
112508,Active,265093,NA,NA,S,0,0,772921.2238,44.95,2001,23,9.34,39.95
112509,Active,631679,NA,NA,S,1,0,38523,35,2008,25,17.99,23.24
112510,Active,1476924,NA,NA,S,1,0,104347.675,34.95,2014,18,16.89,18.94
112511,Active,1829449,NA,NA,S,0,0,71711.25,32.95,2013,26,28.47,32.11
112512,Active,1523711,NA,NA,S,0,0,55098.575,50,2013,24,13.96,13.97
112513,Active,228975,NA,NA,S,0,0,136177.525,30,2007,18,20.09,30
112514,Active,546685,NA,NA,S,5,1,41482.76625,49,2011,67,20.99,43.9
112515,Active,2620241,NA,NA,S,4,1,685697.4563,57,1995,43,4,13.96
112516,Active,619434,NA,NA,S,1,0,98137.125,89.4,2004,39,11.96,67.63
112517,Active,763378,NA,NA,S,0,0,522985.6213,79.52,2003,30,4.47,43.94
112518,Active,254400,NA,NA,S,0,0,412991.8175,92,2011,29,6.32,15.98
112519,Active,339253,NA,NA,S,5,1,110964.1875,127.95,2007,58,19.28,70.95
112520,Active,673842,NA,NA,S,0,0,82255.775,29.95,2012,16,14.01,19.1
112521,Active,3302714,NA,NA,S,1,0,286678.42,12.81,2001,28,6.75,11.54
112522,Active,1861118,NA,NA,S,2,1,22737.275,29.95,2013,8,23.15,28.93
112523,Active,118144,NA,NA,S,3,1,425932.3113,37.8,2007,49,4,20.14
112524,Active,533471,NA,NA,S,9,1,36740.9525,103,2012,61,26.96,64.93
112525,Active,689495,NA,NA,S,0,0,70778.175,28.95,2008,16,28.7,20.94
112526,Active,1590488,NA,NA,S,1,0,89022.675,40.5,2012,14,31.29,29.28
112527,Active,1707073,NA,NA,S,0,0,269484.5213,19.95,2009,30,10,15.74
112528,Active,2105778,NA,NA,S,0,0,43617.525,34.95,2015,16,18.59,19.36
112529,Active,1434086,NA,NA,S,1,0,2313.35,29.99,2014,25,16.99,17
112530,Active,649833,NA,NA,S,0,0,84523.225,30,2012,46,8.31,11.05
112531,Active,751424,NA,NA,S,1,0,73912.375,25.95,2010,30,11.95,16.7
112532,Active,669237,NA,NA,S,6,1,402542.7075,34.95,2009,26,20.47,34.95
112533,Active,1496838,NA,NA,S,0,0,5613.05,26,2014,22,12.49,15.66
112534,Active,1627375,NA,NA,S,2,1,58575.275,27.95,2011,30,20.54,21.51
112535,Active,864358,NA,NA,S,2,1,150334.15,24.95,2013,9,34.66,24.95
112536,Active,3609812,NA,NA,S,0,0,145775.4,27.95,2014,33,19.67,21.49
112537,Active,2258870,NA,NA,S,2,1,610750.525,45.67,2011,38,11,74.09
112538,Active,644574,NA,NA,S,2,1,39828.85625,34.95,2012,26,21.36,23.94
112539,Active,1639622,NA,NA,S,0,0,393677.1963,34.95,2009,38,14.96,23.99
112540,Active,531955,NA,NA,S,7,1,52432.87125,34.95,2012,33,16.99,25.97
112541,Active,1639740,NA,NA,S,2,1,117925.225,34.95,2013,13,20.09,20.16
112542,Active,3561014,NA,NA,S,0,0,240122.525,26.95,2008,22,7.93,28.98
112543,Active,655520,NA,NA,S,0,0,97292.525,34.95,2011,26,20.51,63.79
112544,Active,3561036,NA,NA,S,3,1,80832,34.95,2016,10,21.99,24.76
112545,Active,910860,NA,NA,S,0,0,125578.125,27.95,2007,23,9.02,23.96
112546,Active,912550,NA,NA,S,0,0,771340.3675,34.95,2005,35,4.1,18.97
112547,Active,531953,NA,NA,S,6,1,18474.975,34.95,2012,14,21.16,23.46
112548,Active,1639752,NA,NA,S,2,1,36933.625,34.95,2013,11,20.99,23.45
112549,Active,892773,NA,NA,S,9,1,81732.89875,34.95,2014,24,21.48,23.99
112550,Active,531952,NA,NA,S,2,1,106980.875,34.95,2012,23,14.99,23.46
112551,Active,531951,NA,NA,S,2,1,220431.8613,34.95,2012,25,18.24,25.32
112552,Active,194537,NA,NA,S,0,0,284945.9725,34.95,2005,26,17.57,24.95
112553,Active,3561038,NA,NA,S,3,1,100039,34.95,2016,11,24.7,18.72
112554,Active,660986,NA,NA,S,2,1,67549.75,34.95,2012,16,18.7,22.92
112555,Active,542656,NA,NA,S,6,1,69866.22,34.95,2013,29,17.96,21.71
112556,Active,639809,NA,NA,S,2,1,72839.9,34.95,2012,15,13.79,24.82
112557,Active,575018,NA,NA,S,0,0,568083.07,34.95,2005,68,4,12.94
112558,Active,2010544,NA,NA,S,0,0,85815,25.99,2011,35,11.02,21.46
112559,Active,672798,NA,NA,S,0,0,39937.875,22,2012,26,13.94,14.27
112560,Active,211014,NA,NA,S,1,0,40321.525,44.95,2008,42,12.92,25.99
112561,Active,1479685,NA,NA,S,1,0,86182.275,41.95,2012,16,31.83,36.68
112562,Active,1932595,NA,NA,S,1,0,219928.875,34.99,2014,20,22.11,23.38
112563,Active,565915,NA,NA,S,0,0,279756.9325,29.99,2009,66,4,0
112564,Active,1598519,NA,NA,S,2,1,29059.625,29.99,2015,21,17.88,11.98
112565,Active,3530999,NA,NA,S,0,0,51319.25,26.99,2016,9,16.59,16.82
112566,Active,3531011,NA,NA,S,3,1,420238,24.99,2016,13,14.28,14.87
112567,Active,492284,NA,NA,S,2,1,18536.675,26.99,2012,27,16.99,17.98
112568,Active,686592,NA,NA,S,1,0,95108,26.99,2013,15,17.85,17.84
112569,Active,2735955,NA,NA,S,6,1,607087.2988,17.99,2000,55,4,8.98
112570,Active,531946,NA,NA,S,2,1,28300.225,23.99,2010,44,16.14,16.47
112571,Active,647885,NA,NA,S,0,0,403676.7438,54.95,2009,19,15.37,43.48
112572,Active,1588562,NA,NA,S,0,0,101497.025,34.99,2014,16,29.29,30.84
112573,Active,902360,NA,NA,S,2,1,238657.0375,101,2014,34,8.94,69.53
112574,Active,1534620,NA,NA,S,1,0,98803.175,23.95,2012,16,7.82,16.02
112575,Active,1627770,NA,NA,S,0,0,63936.15,27.95,2015,25,13.82,13.99
112576,Active,1669006,NA,NA,S,3,1,25103.625,24.95,2013,16,18.23,18.56
112577,Active,875870,NA,NA,S,3,1,8086.17125,79.95,2015,39,48.41,50.69
112578,Active,869511,NA,NA,S,9,1,511037.2213,91.99,2011,22,39.45,63.59
112579,Active,1777726,NA,NA,S,1,0,97298.725,26.99,2012,23,10.51,7.79
112580,Active,240893,NA,NA,S,1,0,441202.1925,70,1997,51,6.94,16.6
112581,Active,279292,NA,NA,S,3,1,77594.97625,83.95,2011,32,24.97,53.99
112582,Active,542583,NA,NA,S,7,1,103536.9838,82.95,2013,46,20.56,22.99
112583,Active,690149,NA,NA,S,1,0,13812.95,22.95,2011,23,17.99,21.19
112584,Active,2994905,NA,NA,S,6,1,65955.81625,81.99,2015,24,50.94,60.99
112585,Active,580846,NA,NA,S,1,0,105284.175,66.99,2011,18,29.57,37.46
112586,Active,534749,NA,NA,S,7,1,34722.545,113.99,2013,64,53.99,68.98
112587,Active,262727,NA,NA,S,0,0,804615.0463,90.95,2007,23,15.45,58.48
112588,Active,623266,NA,NA,S,1,0,793509.6175,41.95,2010,29,7.96,38.59
112589,Active,2025372,NA,NA,S,1,0,877098.9175,92.75,2014,28,3,22.67
112590,Active,660900,NA,NA,S,1,0,892788.2125,69.95,2013,44,4,4.98
112591,Active,248750,NA,NA,S,4,1,732183.2738,27.95,2006,28,4.42,49.91
112592,Active,3806259,NA,NA,S,2,1,236471.05,31.95,2014,15,27.95,31.95
112593,Active,578964,NA,NA,S,1,0,109259.825,42.95,2012,15,34.84,37.24
112594,Active,546716,NA,NA,S,2,1,511561.7188,74.95,2010,25,5.21,8.44
112595,Active,585250,NA,NA,S,2,1,574626.1188,62,1998,22,7.78,28.9
112596,Active,531920,NA,NA,S,5,1,148029.6,56.99,2012,28,16.23,37.74
112597,Active,652731,NA,NA,S,1,0,613289.0875,65,2011,24,10.31,57.76
112598,Active,644036,NA,NA,S,2,1,243145.0638,29.95,2009,22,18.84,23.63
112599,Active,1447159,NA,NA,S,1,0,71033.2,74.2,2014,16,59.88,61.93
112600,Active,298581,NA,NA,S,0,0,714882.7488,62,2001,26,16.36,53.99
112601,Active,2028116,NA,NA,S,1,0,170622.075,72,2008,14,31.72,53.92
112602,Active,625524,NA,NA,S,1,0,454971.8825,76,1996,39,4,46.08
112603,Active,635520,NA,NA,S,27,1,92294.01125,65,2013,64,24.59,34.98
112604,Active,609839,NA,NA,S,8,1,6029.82,113,2013,158,33.49,52.49
112605,Active,200541,NA,NA,S,1,0,147220.85,70.95,2010,20,39.83,49.63
112606,Active,634776,NA,NA,S,1,0,413770.7988,44.95,2001,27,4,0
112607,Active,377684,NA,NA,S,1,0,2399.475,29.95,2007,30,20.59,20.99
112608,Active,829970,NA,NA,S,1,0,489757.2025,55.95,1997,36,4,30.27
112609,Active,397279,NA,NA,S,4,1,7175.025,24.95,2014,41,15.74,18.21
112610,Active,586347,NA,NA,S,0,0,58030.91375,24.95,2010,32,12.33,0
112611,Active,527613,NA,NA,S,7,1,745434.6175,25.95,2008,23,12.91,66.22
112612,Active,3710927,NA,NA,S,1,0,63016.45,75.95,2016,15,56.62,56.56
112613,Active,538705,NA,NA,S,5,1,522242.0725,145.25,2013,86,14.79,67.91
112614,Active,451720,NA,NA,S,8,1,18455.6325,328.95,2012,61,44.59,124.09
112615,Active,443132,NA,NA,S,1,0,417577.5538,52.95,2012,18,7.98,37.92
112616,Active,561714,NA,NA,S,3,1,447430.0613,91.95,2011,21,18.29,46.49
112617,Active,1752854,NA,NA,S,3,1,363608.21,29.95,2007,11,22.97,23.88
112618,Active,640419,NA,NA,S,1,0,129899.4,72.95,2013,28,15.59,37.77
112619,Active,689910,NA,NA,S,0,0,793215.2263,32,2013,14,25.38,28.98
112620,Active,534744,NA,NA,S,7,1,2740.14125,97.99,2013,79,53.92,76.15
112621,Active,673697,NA,NA,S,2,1,211474.125,24.96,2009,10,22.35,22.36
112622,Active,902083,NA,NA,S,3,1,11615.77625,19.95,2009,27,15.74,17.53
112623,Active,1954121,NA,NA,S,1,0,44639.85,40,2014,24,25.99,25.99
112624,Active,627950,NA,NA,S,1,0,410816.925,40.95,2001,32,9.84,40.94
112625,Active,2164838,NA,NA,S,1,0,67102.725,26.99,2013,13,18.97,20
112626,Active,2264315,NA,NA,S,7,1,24076,63.12,2010,26,40.26,51.75
112627,Active,1434295,NA,NA,S,1,0,6139.85,27.99,2015,60,10.97,13.94
112628,Active,3503491,NA,NA,S,1,0,82461.65,29.99,2010,61,6.99,13.98
112629,Active,3945561,NA,NA,S,0,0,198717.125,54.95,2011,23,33.17,37.28
112630,Active,1863546,NA,NA,S,1,0,22980.075,24.99,2011,70,6.95,12.73
112631,Active,2151887,NA,NA,S,0,0,51075.25,29.95,2015,16,21.48,22.01
112632,Active,545790,NA,NA,S,4,1,25029.8675,107,2013,55,48.84,78.98
112633,Active,684796,NA,NA,S,1,0,93237.75,28,2012,37,10.78,16.95
112634,Active,227210,NA,NA,S,1,0,707381.46,61.95,2004,27,9.03,57.88
112635,Active,1557392,NA,NA,S,1,0,90042.1,36.95,2014,13,24.37,24.34
112636,Active,906945,NA,NA,S,10,1,437999.1663,29.95,2014,22,12.14,21.94
112637,Active,3461505,NA,NA,S,1,0,306312.6225,50.91,2012,14,19.84,53.46
112638,Active,2168641,NA,NA,S,3,1,496269.0088,29.95,2014,15,26.61,26.76
112639,Active,1480563,NA,NA,S,1,0,96634.225,26.95,2013,22,18.65,21.51
112640,Active,3795023,NA,NA,S,0,0,193958.05,24.99,2009,36,7.29,10.73
112641,Active,1815352,NA,NA,S,0,0,54698.975,27.99,2014,25,9.98,18.53
112642,Active,2115470,NA,NA,S,0,0,148997.675,21.95,2015,13,24.48,19.89
112643,Active,1932414,NA,NA,S,1,0,100844.275,24.99,2012,18,18,16.76
112644,Active,3007544,NA,NA,S,0,0,62539.025,24.95,2015,13,22.24,22.46
112645,Active,680486,NA,NA,S,1,0,117459.375,32.99,2009,26,7.63,25.48
112646,Active,1432939,NA,NA,S,1,0,87474.975,40,2014,48,13.89,22.85
112647,Active,2084143,NA,NA,S,0,0,89855.35,62.99,2013,17,38.99,40.25
112648,Active,2699687,NA,NA,S,2,1,677408.87,41.95,1997,26,17.43,27.53
112649,Active,206803,NA,NA,S,1,0,15424,29.99,2009,49,12.5,15.67
112650,Active,633773,NA,NA,S,0,0,19819.65,35,2013,15,22.06,19.02
112651,Active,3144005,NA,NA,S,2,1,30314.675,26.99,2015,13,23.59,16.14
112652,Active,582517,NA,NA,S,1,0,633440.295,252.95,1994,22,16.89,77.01
112653,Active,2083963,NA,NA,S,1,0,69496.625,105.99,2013,5,59.92,58.83
112654,Active,701789,NA,NA,S,1,0,45588,29,2009,36,6.61,13.72
112655,Active,2050980,NA,NA,S,2,1,421443.8263,34.95,2006,25,13.02,33.55
112656,Active,621995,NA,NA,S,0,0,123710.75,36.95,2009,24,26.93,32.06
112657,Active,655365,NA,NA,S,0,0,27311.375,34.95,2012,15,22.61,22.61
112658,Active,685719,NA,NA,S,0,0,76915.65,28.95,2010,26,15.47,20.99
112659,Active,702436,NA,NA,S,1,0,54161.25,35,2013,37,7.44,7.98
112660,Active,865299,NA,NA,S,3,1,850464.5138,45,2007,21,4.63,61.29
112661,Active,636578,NA,NA,S,1,0,210386.075,52.95,2013,19,8.3,32.83
112662,Active,677751,NA,NA,S,1,0,19233.225,29.95,2008,36,9.52,15.98
112663,Active,2273660,NA,NA,S,3,1,548003.1,51.81,1900,40,44.59,45.93
112664,Active,1724685,NA,NA,S,0,0,83843.475,40,2015,18,23.98,24.48
112665,Active,1724647,NA,NA,S,0,0,44664.275,24.95,2011,39,9.13,15.49
112666,Active,2124575,NA,NA,S,0,0,86885.6,29.95,2008,19,15.24,18.93
112667,Active,1540226,NA,NA,S,2,1,430108.55,60.95,2008,19,7.84,50.15
112668,Active,531887,NA,NA,S,3,1,822066.8813,103,1999,34,4.06,101.71
112669,Active,1432681,NA,NA,S,0,0,36901.925,23.99,2011,50,5.14,10.32
112670,Active,2616335,NA,NA,S,0,0,461128.0538,17.95,1997,30,4,78.41
112671,Active,242134,NA,NA,S,3,1,394005.5025,24.95,2000,34,6.9,37.92
112672,Active,679892,NA,NA,S,0,0,69442.65,24.95,2011,13,18.59,18.32
112673,Active,2100288,NA,NA,S,2,1,38986.06375,19.95,2014,16,10.49,10.47
112674,Active,683698,NA,NA,S,4,1,32231.5,24.95,2011,17,16.69,12.98
112675,Active,2008578,NA,NA,S,3,1,81769.15,24.95,2007,39,9.96,12.98
112676,Active,3014713,NA,NA,S,0,0,10334.85,33.95,2015,12,29.24,33.95
112677,Active,676547,NA,NA,S,0,0,22838.475,29.99,2009,42,11.48,19.94
112678,Active,1827231,NA,NA,S,5,1,228761.5063,24.95,2014,18,16.09,22.16
112679,Active,3791648,NA,NA,S,0,0,102054.775,39.95,2008,14,27.39,39.95
112680,Active,3572175,NA,NA,S,0,0,124937,14.99,2016,9,15.36,10.49
112681,Active,661238,NA,NA,S,3,1,617496.2613,111,2010,25,14.78,120.98
112682,Active,1781001,NA,NA,S,1,0,33201.525,29.99,2015,16,19.9,19.68
112683,Active,1780970,NA,NA,S,1,0,43180.875,29.99,2014,20,13.54,13.55
112684,Active,690469,NA,NA,S,0,0,98010.275,29.99,2012,17,28.49,29.96
112685,Active,1620138,NA,NA,S,1,0,24065.8,35,2013,19,28.9,31.49
112686,Active,1781288,NA,NA,S,1,0,62197.425,29.99,2015,17,19.69,19.68
112687,Active,1576484,NA,NA,S,1,0,69555.65,29.95,2012,18,21.21,21.25
112688,Active,3749643,NA,NA,S,0,0,13768.05,22,2014,24,11.68,13.74
112689,Active,1927648,NA,NA,S,1,0,147925.225,21.95,2011,36,4.48,13.98
112690,Active,3829748,NA,NA,S,0,0,36042.85,24.95,2015,12,22.38,23.56
112691,Active,3754143,NA,NA,S,0,0,71517.525,25,2012,21,15.05,20.99
112692,Active,1967264,NA,NA,S,0,0,36250.775,25,2012,15,14.68,22.79
112693,Active,667794,NA,NA,S,1,0,170773.4,96.95,2011,21,39.73,48.74
112694,Active,658179,NA,NA,S,5,1,21377.01875,138.07,2012,53,14.28,127.53
112695,Active,760630,NA,NA,S,1,0,344485.82,76.95,2003,23,33.97,45.35
112696,Active,679810,NA,NA,S,2,1,20043.65,21.99,2010,28,13.94,15.4
112697,Active,1738034,NA,NA,S,0,0,132519.45,22.95,2015,13,12.95,12.95
112698,Active,174817,NA,NA,S,0,0,654218.5313,54.99,2004,32,5.28,41.22
112699,Active,895174,NA,NA,S,1,0,697514.3563,39.95,2014,14,35.68,28.84
112700,Active,50281,NA,NA,S,8,1,109248.37,234.4,2007,58,38.94,79.41
112701,Active,879980,NA,NA,S,3,1,301177.3513,184.12,2010,32,15.89,68.19
112702,Active,3196355,NA,NA,S,0,0,197647.975,23.88,2008,16,21.82,22.44
112703,Active,594897,NA,NA,S,5,1,33528.26125,120,2013,115,49.28,70.99
112704,Active,592134,NA,NA,S,2,1,261923.27,108,2011,44,6.88,93.94
112705,Active,646672,NA,NA,S,1,0,481162.64,42.95,2003,32,9.06,42.63
112706,Active,688593,NA,NA,S,1,0,236641.125,24.95,2011,9,20.49,20.52
112707,Active,661182,NA,NA,S,1,0,131608.95,50,2011,17,20.16,29.99
112708,Active,614155,NA,NA,S,1,0,77439.18375,48,1987,69,7.51,23.74
112709,Active,660408,NA,NA,S,1,0,39168.1,32,2008,21,23.94,20.41
112710,Active,890925,NA,NA,S,0,0,97122.85125,32,2014,24,16.11,21.44
112711,Active,622551,NA,NA,S,1,0,788859.6213,56.95,1995,27,15.01,24.94
112712,Active,270907,NA,NA,S,3,1,444449.1013,56,2010,25,9.01,38.61
112713,Active,531871,NA,NA,S,3,1,479852.6263,111,2007,24,8.98,38.95
112714,Active,684513,NA,NA,S,1,0,132107.275,24.95,2010,17,17.84,19.12
112715,Active,1954072,NA,NA,S,0,0,32197.85,28,2013,13,22.24,23.36
112716,Active,641649,NA,NA,S,1,0,83608.2,40,2007,31,27.01,37.65
112717,Active,633056,NA,NA,S,1,0,860034.2188,40,2006,57,17,26.4
112718,Active,688635,NA,NA,S,1,0,18831.7,24.99,2010,16,19.47,19.63
112719,Active,642914,NA,NA,S,1,0,110609.15,78.95,2007,23,20.9,42.81
112720,Active,750450,NA,NA,S,2,1,49605.875,21.99,2008,43,7.44,11.98
112721,Active,1614447,NA,NA,S,0,0,797027.5963,22.95,2007,12,24.02,19.68
112722,Active,1943055,NA,NA,S,0,0,129731.925,28,2015,29,13.56,15.26
112723,Active,1919214,NA,NA,S,7,1,37733.5525,11.99,2014,22,8.55,6.92
112724,Active,660784,NA,NA,S,1,0,73817.65,32,2013,21,22.49,22.95
112725,Active,683674,NA,NA,S,0,0,58981.7725,28.95,2011,36,10.98,17.97
112726,Active,758679,NA,NA,S,1,0,722184.76,49,1999,42,4,34.61
112727,Active,295661,NA,NA,S,1,0,324066.1113,45,1997,72,4,18.93
112728,Active,2747356,NA,NA,S,7,1,732915.8888,29.95,2003,22,4,41.21
112729,Active,386483,NA,NA,S,0,0,165364.2,34.95,2011,23,23.24,26.62
112730,Active,1870635,NA,NA,S,0,0,77568.475,35,2009,37,12.72,18.98
112731,Active,531606,NA,NA,S,7,1,69266.66125,172.2,2012,53,54.34,126.63
112732,Active,801781,NA,NA,S,2,1,666388.3325,31.95,2009,31,6.78,29.71
112733,Active,386460,NA,NA,S,0,0,194795.875,39.95,2009,41,5.99,29.94
112734,Active,270892,NA,NA,S,1,0,307856.4063,37,2009,27,33.24,40.25
112735,Active,107244,NA,NA,S,5,1,687200.8288,515.2,2001,32,6.47,49.37
112736,Active,1918337,NA,NA,S,0,0,32307.075,24.99,2011,32,4.45,6.05
112737,Active,1918459,NA,NA,S,0,0,67732.35,24.99,2014,12,7.24,7.55
112738,Active,2043690,NA,NA,S,8,1,87692.45,22.99,2010,48,7.48,8.59
112739,Active,1866831,NA,NA,S,1,0,44319.55,40,2014,19,27.15,25.82
112740,Active,2394300,NA,NA,S,0,0,12632.36625,23,1999,96,7.43,13.39
112741,Active,1476942,NA,NA,S,1,0,153047.3875,14.95,2013,32,7.74,10.16
112742,Active,1429991,NA,NA,S,0,0,34817.75,25.99,2007,35,12.73,15.96
112743,Active,2494867,NA,NA,S,1,0,398900.15,40,2001,80,4,48.65
112744,Active,729927,NA,NA,S,1,0,467819.3775,40,2000,33,15.59,232.53
112745,Active,782108,NA,NA,S,2,1,264935.63,29.99,2011,17,21.33,25.7
112746,Active,3739786,NA,NA,S,3,1,52354,19.99,2016,11,18.49,14.14
112747,Active,558072,NA,NA,S,0,0,231391.175,35,2012,21,24.04,26.78
112748,Active,1491945,NA,NA,S,0,0,188818.9363,39.95,2014,28,47.97,47.97
112749,Active,1870694,NA,NA,S,0,0,56761.85,30,2014,33,13.95,18.96
112750,Active,914879,NA,NA,S,17,1,574465.4425,19.95,2005,31,4.95,6.47
112751,Active,609707,NA,NA,S,3,1,666589.9075,29.95,2000,58,8.99,0
112752,Active,3567261,NA,NA,S,1,0,71831.525,59.99,2016,13,40.85,41.07
112753,Active,872107,NA,NA,S,13,1,109054.7338,255,2015,62,40.35,147.21
112754,Active,924453,NA,NA,S,12,1,71961.54,172.95,2014,49,26.09,103.98
112755,Active,544651,NA,NA,S,21,1,126582.215,253.95,2013,68,5.19,85.23
112756,Active,866710,NA,NA,S,14,1,116701.9425,96.93,2014,49,43.99,73.32
112757,Active,111242,NA,NA,S,2,1,553621.425,173.5,2010,33,15.48,34.78
112758,Active,866724,NA,NA,S,14,1,327528.8138,77.98,2014,32,17.25,93.99
112759,Active,531861,NA,NA,S,11,1,198679.7863,97.95,2012,37,5.31,155.89
112760,Active,531848,NA,NA,S,3,1,110112.6188,236.25,2012,55,37.69,39.46
112761,Active,60192,NA,NA,S,2,1,724458.5,130.67,2004,135,4,33.99
112762,Active,536542,NA,NA,S,11,1,281662.9775,240.4,2012,31,32.32,185.69
112763,Active,119796,NA,NA,S,1,0,618540.9525,86,1997,37,4.16,27.01
112764,Active,544597,NA,NA,S,9,1,43116.5525,314.95,2013,62,46.67,108.29
112765,Active,911995,NA,NA,S,3,1,731353.3463,30.69,2004,30,4.53,27.99
112766,Active,877205,NA,NA,S,6,1,792127.0488,142.82,2008,15,8.61,101.13
112767,Active,533524,NA,NA,S,5,1,62698.7575,255.2,2012,62,43.19,103.97
112768,Active,2252045,NA,NA,S,10,1,668456.4788,168.32,2008,37,9.86,79.98
112769,Active,671312,NA,NA,S,3,1,686231.2013,113.98,2012,34,18.1,61.99
112770,Active,2161751,NA,NA,S,2,1,374542.5,0,2014,13,11.16,75.94
112771,Active,600339,NA,NA,S,6,1,215502.08,128.55,2011,49,30.12,102.17
112772,Active,162838,NA,NA,S,1,0,227558.245,186.25,2010,29,11.73,22.19
112773,Active,531856,NA,NA,S,6,1,33687.695,226.4,2012,69,27.67,69.2
112774,Active,538531,NA,NA,S,3,1,89594.7,197.75,2013,81,8.16,75.07
112775,Active,2273157,NA,NA,S,4,1,19094.55,106.56,1900,44,14.08,48.11
112776,Active,1516910,NA,NA,S,4,1,300921.35,142.67,2013,13,41.32,101.29
112777,Active,146845,NA,NA,S,5,1,125676.1425,226.4,2012,61,33.42,98.16
112778,Active,627883,NA,NA,S,5,1,46919.715,233.2,2012,133,35.51,103.97
112779,Active,924418,NA,NA,S,6,1,264354.5163,79.19,2014,34,28.23,76.81
112780,Active,2888464,NA,NA,S,0,0,503464.7838,16.95,1954,28,5.02,15
112781,Active,288638,NA,NA,S,1,0,100151.575,34,2007,40,8.49,25.75
112782,Active,1442341,NA,NA,S,10,1,206198.3725,132,2014,28,7.44,83.94
112783,Active,542946,NA,NA,S,2,1,594740.1013,19.99,1999,32,4.67,48.07
112784,Active,885021,NA,NA,S,15,1,314509.9613,24.95,2009,22,4,108.76
112785,Active,614183,NA,NA,S,11,1,158484.1,0,2010,40,5.97,22.98
112786,Active,292140,NA,NA,S,1,0,184001.1075,56.95,2006,34,7.99,13.99
112787,Active,699340,NA,NA,S,4,1,322224.3175,61.45,2012,23,27.13,53.99
112788,Active,55313,NA,NA,S,7,1,10177.93,289.6,2009,110,40.99,123.99
112789,Active,607434,NA,NA,S,3,1,849717.615,105,1996,55,4.24,6.6
112790,Active,866437,NA,NA,S,10,1,117358.4838,99.95,2014,46,7.5,14.92
112791,Active,2258011,NA,NA,S,0,0,173819.65,62.57,2007,40,7.26,63.41
112792,Active,548090,NA,NA,S,5,1,847004.9625,81.95,1998,33,4,68.99
112793,Active,3829951,NA,NA,S,0,0,33105.75,42.99,2016,10,36.41,29.99
112794,Active,542945,NA,NA,S,3,1,489449.1863,19.99,1999,28,4,43.88
112795,Active,1745479,NA,NA,S,0,0,132050.15,0,2010,10,11.88,0
112796,Active,540839,NA,NA,S,12,1,588768.6488,117.73,2012,24,23.93,602.99
112797,Active,642162,NA,NA,S,1,0,91682.95,48,2012,26,33.24,35.63
112798,Active,531839,NA,NA,S,4,1,767019.3475,51.8,2012,28,10.48,43.68
112799,Active,292235,NA,NA,S,6,1,82126.55,290.95,2007,70,38.87,122.27
112800,Active,571947,NA,NA,S,0,0,148342.475,56.95,2005,35,8.98,13.99
112801,Active,1534733,NA,NA,S,1,0,137026.7,35,2014,17,17.68,24.55
112802,Active,641458,NA,NA,S,1,0,230296.4475,43.95,2010,22,6.87,23.87
112803,Active,2648987,NA,NA,S,1,0,621574.2613,63.95,2000,47,12.48,25.17
112804,Active,1540309,NA,NA,S,2,1,473111.535,26.95,2008,16,11.16,26.95
112805,Active,2530756,NA,NA,S,0,0,257966.3675,35.95,1995,21,6.1,33.25
112806,Active,2530197,NA,NA,S,0,0,554009.685,48.95,1995,17,40.99,223.63
112807,Active,647869,NA,NA,S,3,1,776859.8313,35.95,2006,21,20.38,220.88
112808,Active,2527842,NA,NA,S,1,0,675232.1175,43.95,1995,35,7.71,25.99
112809,Active,2807364,NA,NA,S,0,0,703485.8725,65,2001,37,9.74,39.88
112810,Active,686861,NA,NA,S,1,0,703868.1513,20.95,2006,29,10.03,15.22
112811,Active,581931,NA,NA,S,0,0,154777.775,34.95,2008,19,29.99,32.7
112812,Active,678986,NA,NA,S,0,0,4447.275,24.99,2010,59,16.54,16.8
112813,Active,531830,NA,NA,S,2,1,738821.52,116,2009,31,15.79,58.19
112814,Active,193048,NA,NA,S,3,1,194361.5525,64.95,2003,23,18.99,62.99
112815,Active,622611,NA,NA,S,4,1,599725.3088,54.99,2012,37,10.03,42.99
112816,Active,617456,NA,NA,S,4,1,718265.965,65,1999,31,5.45,29.99
112817,Active,547260,NA,NA,S,4,1,346992.1438,49.99,2010,32,13.94,35.61
112818,Active,265191,NA,NA,S,0,0,19862.64,20,2004,55,9.58,14.07
112819,Active,540042,NA,NA,S,6,1,85147.2375,145,2009,40,49.71,108.18
112820,Active,1670950,NA,NA,S,0,0,78288,21.99,2014,7,15.73,15.16
112821,Active,1517575,NA,NA,S,1,0,102312.2,39.99,2014,10,25.34,25.69
112822,Active,678765,NA,NA,S,0,0,91898.05,24.99,2007,23,8.59,12.77
112823,Active,640004,NA,NA,S,0,0,31376.7,40,2011,12,22.91,23.92
112824,Active,1973309,NA,NA,S,3,1,776986.795,26.95,2014,4,46.98,1803.99
112825,Active,2078788,NA,NA,S,5,1,55791.575,29.95,2013,16,32.83,33.92
112826,Active,3042659,NA,NA,S,0,0,457457.23,24.95,2000,30,16.95,73.19
112827,Active,2078776,NA,NA,S,4,1,138984.1725,29.95,2012,19,23.48,29.19
112828,Active,683396,NA,NA,S,0,0,147083.75,24.95,2010,20,19.04,0
112829,Active,1729479,NA,NA,S,0,0,94703.15,26.95,2009,13,18.49,18.66
112830,Active,1703897,NA,NA,S,0,0,49993.075,29.95,2011,16,18.81,22.23
112831,Active,3042620,NA,NA,S,0,0,518789.69,24.95,1997,30,20,57.17
112832,Active,2005787,NA,NA,S,3,1,15220.4,29.95,2011,10,22.93,20.46
112833,Active,1739290,NA,NA,S,3,1,773537.55,18.99,2010,24,9.75,15.75
112834,Active,680277,NA,NA,S,0,0,7790,25.99,2009,23,16.49,16.69
112835,Active,1532321,NA,NA,S,1,0,32525.65,25.95,2014,68,5.9,16.45
112836,Active,922612,NA,NA,S,1,0,509900.85,7.99,2000,83,4,6.97
112837,Active,1701796,NA,NA,S,1,0,154590.6,35,2012,32,10.37,24.96
112838,Active,3960475,NA,NA,S,0,0,139633.325,24.99,2010,32,4.7,5.48
112839,Active,792026,NA,NA,S,0,0,88893,27.99,2010,15,18.93,19.91
112840,Active,3476678,NA,NA,S,0,0,140697.575,27.95,2007,11,26.7,26.99
112841,Active,2137822,NA,NA,S,2,1,615581.3338,22.32,2012,15,18.97,21.91
112842,Active,1630304,NA,NA,S,0,0,825351.6425,45,2006,20,5.91,42.65
112843,Active,2151428,NA,NA,S,0,0,7339,24.95,2013,14,15.23,15.23
112844,Active,135217,NA,NA,S,0,0,418286.2988,35,2006,25,12.99,28.99
112845,Active,3611981,NA,NA,S,0,0,193950.8,24.95,2009,28,17.74,18.45
112846,Active,1918164,NA,NA,S,1,0,42900.35,25.99,2011,11,22.01,15.98
112847,Active,1733637,NA,NA,S,0,0,205540.525,65.95,2009,25,41.48,68
112848,Active,1576789,NA,NA,S,0,0,205841.025,44.95,2015,22,24.09,29.33
112849,Active,3792430,NA,NA,S,1,0,196256.425,24.95,2008,59,4,15.19
112850,Active,1620551,NA,NA,S,1,0,77898.725,24.95,2014,14,21.24,22.46
112851,Active,3945320,NA,NA,S,0,0,111170.275,54.99,2009,20,34.16,34.72
112852,Active,3945326,NA,NA,S,0,0,68473.925,59.99,2013,19,37.36,36.89
112853,Active,649026,NA,NA,S,1,0,144073.95,62.99,2009,16,33.63,43.98
112854,Active,1918362,NA,NA,S,1,0,121972.675,29.99,2011,16,15.89,19.85
112855,Active,916951,NA,NA,S,0,0,439710.7488,50,2001,36,8.55,28.79
112856,Active,563534,NA,NA,S,0,0,22109.6,23.95,2008,33,14.53,17.16
112857,Active,2017840,NA,NA,S,0,0,61186.0775,16.95,2012,43,4.09,11.69
112858,Active,1728741,NA,NA,S,0,0,40011.125,21.95,2014,18,15.45,15.54
112859,Active,3073744,NA,NA,S,0,0,734116.1588,45,2003,31,8.77,40.68
112860,Active,652609,NA,NA,S,1,0,152771.55,34.95,2012,9,31.98,34.29
112861,Active,1836801,NA,NA,S,0,0,60573.85,30,2012,26,15.43,19.67
112862,Active,687143,NA,NA,S,0,0,173527.6,27.99,2007,19,5.12,27.87
112863,Active,568075,NA,NA,S,0,0,98722.925,29.95,2011,18,18.97,19.98
112864,Active,190099,NA,NA,S,1,0,888039.2313,42,2008,35,5.54,68.89
112865,Active,295210,NA,NA,S,20,1,50245.225,31.95,2010,31,11.99,27.99
112866,Active,617776,NA,NA,S,1,0,51549.2,36,2013,66,8.69,19.99
112867,Active,595065,NA,NA,S,4,1,55133.53125,227,2012,92,13.99,72.99
112868,Active,2085012,NA,NA,S,0,0,386961.0663,29.99,2013,15,22.3,27.11
112869,Active,1571869,NA,NA,S,3,1,69179.675,20.95,2012,15,21.99,20.95
112870,Active,1699677,NA,NA,S,0,0,108482.55,39.99,2015,12,31.46,27.38
112871,Active,1707172,NA,NA,S,0,0,210561.1,39.95,2012,9,37.68,35.57
112872,Active,1692013,NA,NA,S,0,0,629626.2763,55,2010,16,9.33,37.07
112873,Active,102315,NA,NA,S,1,0,513316.7013,55,2001,28,21.74,68.99
112874,Active,546410,NA,NA,S,0,0,393135.3,75,2012,24,7.43,18.99
112875,Active,661473,NA,NA,S,4,1,189137.7725,95,2008,21,18.78,58.83
112876,Active,630527,NA,NA,S,0,0,767128.4125,44,2013,35,5.94,37.44
112877,Active,1710049,NA,NA,S,0,0,62069.125,21.95,2010,23,8.29,16.3
112878,Active,546222,NA,NA,S,7,1,249517.7525,12.95,2010,27,4.48,10.99
112879,Active,162299,NA,NA,S,1,0,11825.925,22.99,2008,21,10.99,14.63
112880,Active,681086,NA,NA,S,0,0,101786.325,24.99,2007,44,6.48,8.99
112881,Active,595062,NA,NA,S,5,1,453549.2175,233,2012,90,9.22,81.9
112882,Active,2283842,NA,NA,S,5,1,390818,236.35,2012,21,42.18,192.77
112883,Active,2615776,NA,NA,S,0,0,202663.31,44.99,2002,26,19.46,41.81
112884,Active,1426062,NA,NA,S,1,0,142502.575,25,2014,7,20.01,25.41
112885,Active,1438927,NA,NA,S,1,0,115518.2,33.5,2013,12,16.23,29.99
112886,Active,1438931,NA,NA,S,1,0,124852.7,33.5,2013,15,25.4,29.65
112887,Active,1438930,NA,NA,S,1,0,116104.95,33.5,2013,12,31.73,33.2
112888,Active,2089429,NA,NA,S,0,0,65993.875,21.99,2014,8,8.76,12
112889,Active,2089430,NA,NA,S,0,0,90594.625,21.99,2014,7,14.78,16.99
112890,Active,1780357,NA,NA,S,2,1,56531.1,32.95,2014,11,21.63,21.97
112891,Active,682302,NA,NA,S,1,0,141133.35,29.95,2011,30,11.9,18.97
112892,Active,678727,NA,NA,S,1,0,163984.4,29.95,2011,34,8.73,22.98
112893,Active,678249,NA,NA,S,1,0,136898.35,29.95,2011,47,11.89,18.99
112894,Active,2166209,NA,NA,S,0,0,226986.3,29.95,2013,23,4.46,16.36
112895,Active,2166210,NA,NA,S,0,0,154257.125,34.95,2012,22,8.75,13.95
112896,Active,1939013,NA,NA,S,1,0,50810.575,29.95,2013,15,26.88,18.99
112897,Active,655226,NA,NA,S,0,0,46386.8,29.95,2013,21,18.99,22.42
112898,Active,612176,NA,NA,S,0,0,171460.575,34.95,2013,13,32.34,32.94
112899,Active,1983106,NA,NA,S,0,0,243819.8713,9.99,2014,28,4,8.41
112900,Active,2051082,NA,NA,S,0,0,161275.275,34.95,2013,15,33.36,31.69
112901,Active,2163283,NA,NA,S,0,0,83961.775,29.95,2014,14,23.02,23.03
112902,Active,2974428,NA,NA,S,0,0,70168.9,21.99,2014,13,5.06,21.88
112903,Active,2015768,NA,NA,S,0,0,94482.65,25,2014,16,20.12,20.99
112904,Active,682837,NA,NA,S,0,0,70790.85,32.95,2011,18,18.98,20.97
112905,Active,1560024,NA,NA,S,1,0,832985.9275,45.95,2009,34,4.26,37.41
112906,Active,1627674,NA,NA,S,0,0,37150.55,27.95,2013,11,18.99,19.22
112907,Active,1498054,NA,NA,S,1,0,23675.15,24.99,2010,24,16.45,18.29
112908,Active,921796,NA,NA,S,2,1,26530.275,23.99,2010,30,13.49,13.47
112909,Active,2567997,NA,NA,S,0,0,91157.795,19.95,2000,98,4,13.66
112910,Active,624971,NA,NA,S,0,0,191419.1463,65,1996,29,30.97,43.88
112911,Active,620926,NA,NA,S,0,0,609933.415,50,1998,47,6.05,24.26
112912,Active,645466,NA,NA,S,1,0,659438.3063,42.5,2009,35,18.96,37.39
112913,Active,652781,NA,NA,S,7,1,85900.925,59.95,2004,38,11.13,53.95
112914,Active,531805,NA,NA,S,12,1,54999.175,164.4,2012,69,49.89,99.75
112915,Active,294872,NA,NA,S,1,0,421417.85,78,1998,37,6.91,61.88
112916,Active,1647395,NA,NA,S,1,0,241948.7,22.95,2011,14,16.72,17.99
112917,Active,174001,NA,NA,S,1,0,349764.9413,44.99,1999,36,6.26,38.73
112918,Active,619835,NA,NA,S,1,0,50877.57875,122.95,2006,45,29.06,100.31
112919,Active,178533,NA,NA,S,0,0,807728.0363,934.26,2007,15,5.96,59.75
112920,Active,910129,NA,NA,S,0,0,770109.8638,77,2007,27,18.26,56.23
112921,Active,247562,NA,NA,S,1,0,91248.2,81,2007,26,26.69,46.9
112922,Active,688350,NA,NA,S,1,0,641903.0675,42.95,2008,23,8,37.12
112923,Active,262803,NA,NA,S,1,0,696468.6975,53.95,2011,28,6.84,49.68
112924,Active,290947,NA,NA,S,5,1,81039.83625,209.95,2009,67,16.22,61.34
112925,Active,637591,NA,NA,S,1,0,63311.875,34.95,2013,16,22.93,22.62
112926,Active,652693,NA,NA,S,1,0,185703.15,44.99,2011,16,25.99,27.73
112927,Active,557658,NA,NA,S,5,1,283742.8475,168.53,2012,29,17.74,84.1
112928,Active,531803,NA,NA,S,1,0,540105.83,77,2000,32,5.7,41.07
112929,Active,131346,NA,NA,S,4,1,321359.2713,161.6,2002,42,4,0
112930,Active,867665,NA,NA,S,2,1,85579.72875,75,2014,44,23.27,52.42
112931,Active,298230,NA,NA,S,0,0,348512.7538,85,2005,21,47.94,63.49
112932,Active,200025,NA,NA,S,4,1,125470.2613,110.95,2005,54,18.99,39.79
112933,Active,550138,NA,NA,S,0,0,421201.1425,35.3,2006,102,4,14.79
112934,Active,587527,NA,NA,S,6,1,835504.3913,152.95,2012,29,15.65,79.02
112935,Active,2255274,NA,NA,S,5,1,720388.55,80.47,2008,39,5.59,56.36
112936,Active,2801666,NA,NA,S,0,0,361000.2263,68.95,1995,45,7.98,25.84
112937,Active,557334,NA,NA,S,1,0,83273.7,135.95,2011,30,58.99,86.72
112938,Active,689589,NA,NA,S,2,1,471302.2213,24,2013,22,18.94,22.13
112939,Active,213217,NA,NA,S,1,0,717100.8575,47.95,2006,28,5.66,39.91
112940,Active,531797,NA,NA,S,6,1,42321.9925,250.95,2010,90,27.92,83.99
112941,Active,1750543,NA,NA,S,0,0,117744.75,29.95,2011,20,28.46,29.95
112942,Active,1627964,NA,NA,S,0,0,194706.4,24.95,2015,10,20.28,20.12
112943,Active,553000,NA,NA,S,1,0,75520.4,47.6,2007,22,8.68,17.69
112944,Active,2069294,NA,NA,S,0,0,14798.0125,21.95,2009,62,8.2,12.43
112945,Active,272461,NA,NA,S,2,1,288234.25,35.95,2011,17,21.38,26.54
112946,Active,1487950,NA,NA,S,0,0,742859.3688,40,2014,16,29.93,31.93
112947,Active,203654,NA,NA,S,1,0,191636.625,64.99,2004,30,11.48,17.99
112948,Active,633424,NA,NA,S,3,1,804395.3138,49.95,2006,29,15.01,42.94
112949,Active,1538807,NA,NA,S,1,0,244110.675,38.95,2007,33,17.04,30.87
112950,Active,737294,NA,NA,S,18,1,411270.1613,42,2003,21,10.82,46.91
112951,Active,612061,NA,NA,S,10,1,33673.51375,228.95,2014,73,20.28,23.79
112952,Active,2253737,NA,NA,S,0,0,187390.425,79.65,2010,20,18.45,63.66
112953,Active,2254759,NA,NA,S,9,1,209161.2,93.7,2011,19,16.26,69.46
112954,Active,297886,NA,NA,S,10,1,40009.285,269.95,2012,48,44.8,135.16
112955,Active,848089,NA,NA,S,6,1,580738.8013,86.76,1997,94,4,14.2
112956,Active,810227,NA,NA,S,1,0,464048.8688,52.95,2010,37,4.8,11.99
112957,Active,1829862,NA,NA,S,3,1,367967.095,69.95,2015,24,19.39,54.91
112958,Active,1958195,NA,NA,S,6,1,44085.63375,15,2015,21,8.98,10.48
112959,Active,538022,NA,NA,S,2,1,157260.675,24.95,2008,24,12.55,15.24
112960,Active,1779842,NA,NA,S,10,1,329229.525,0,2014,16,5.94,0
112961,Active,732853,NA,NA,S,0,0,451539.695,24.95,2005,151,3.98,0
112962,Active,624253,NA,NA,S,1,0,168741.675,75,2010,29,38.86,52.38
112963,Active,548045,NA,NA,S,1,0,597012.4488,301.95,1992,38,5.72,48.69
112964,Active,909518,NA,NA,S,0,0,854886.045,104,1999,20,5.79,17.65
112965,Active,618291,NA,NA,S,2,1,387883.8688,82.4,2007,45,10.94,94.91
112966,Active,2271302,NA,NA,S,3,1,581172,276.27,2011,22,32.71,105.69
112967,Active,531784,NA,NA,S,12,1,814891.8013,214.8,2012,28,8.02,83.18
112968,Active,3755922,NA,NA,S,0,0,77148.625,96,2015,19,57.29,61.26
112969,Active,624208,NA,NA,S,1,0,708286.9438,87,2007,29,11.07,48.49
112970,Active,608432,NA,NA,S,5,1,865037.1775,273.95,2005,27,4,76.24
112971,Active,3484354,NA,NA,S,1,0,230328,44.95,2016,12,15.23,13.99
112972,Active,300028,NA,NA,S,3,1,116867.7625,35,2011,32,23.37,29.99
112973,Active,322131,NA,NA,S,6,1,115189.3325,88.2,2011,32,18.66,63.63
112974,Active,621276,NA,NA,S,1,0,354341.015,65.95,2008,25,10.64,61.4
112975,Active,1567734,NA,NA,S,1,0,48075,22.99,2008,32,12.87,16.09
112976,Active,254444,NA,NA,S,2,1,49406.84,54.95,2011,42,20.19,36.84
112977,Active,864600,NA,NA,S,7,1,49593.86,176.25,2014,53,49.7,114.54
112978,Active,908218,NA,NA,S,3,1,673164.2088,52.95,2013,35,18.98,45.16
112979,Active,1830414,NA,NA,S,5,1,530928.3275,21.95,2008,25,4,57.35
112980,Active,3829964,NA,NA,S,0,0,21682.525,49.99,2016,11,40.91,36.92
112981,Active,681701,NA,NA,S,1,0,76538.15,20.95,2010,16,16.26,18.47
112982,Active,1753477,NA,NA,S,0,0,72540.025,22.5,2012,16,15.97,17.41
112983,Active,298540,NA,NA,S,2,1,85087.725,24.5,2007,30,21.69,21.94
112984,Active,1618548,NA,NA,S,0,0,51034.05,24.99,2012,12,15.68,16.43
112985,Active,538829,NA,NA,S,11,1,6723.485,359.75,2013,105,23.99,105.99
112986,Active,1779918,NA,NA,S,1,0,78212.35,24,2013,20,13.43,14.99
112987,Active,683585,NA,NA,S,5,1,46824.05,33.95,2013,17,15.61,23.71
112988,Active,2161214,NA,NA,S,0,0,154179.025,29.95,2012,17,30.54,38.99
112989,Active,688345,NA,NA,S,0,0,6813.8,25,2009,15,20.69,23.75
112990,Active,1627736,NA,NA,S,0,0,146895.225,55,2013,19,25.6,25.6
112991,Active,188280,NA,NA,S,0,0,139567.0825,45,1998,46,8.06,20.99
112992,Active,175046,NA,NA,S,0,0,405111.4325,34.99,2010,25,26.63,32.44
112993,Active,1628522,NA,NA,S,2,1,31728.6,30.49,2014,13,30.39,30.4
112994,Active,525646,NA,NA,S,0,0,753651.6475,29.95,2010,24,28.97,97.49
112995,Active,1682608,NA,NA,S,1,0,5415.2,24.95,2014,17,18.48,17.46
112996,Active,1660612,NA,NA,S,1,0,38089.425,24.99,2010,19,10.98,15.99
112997,Active,1660742,NA,NA,S,0,0,48867.2,50,2015,9,34.73,30.94
112998,Active,3461537,NA,NA,S,0,0,814632.91,45.59,2009,14,11.29,31.08
112999,Active,680250,NA,NA,S,4,1,49958.2,22,2010,44,6.99,14.66
113000,Active,683445,NA,NA,S,1,0,62931.2,27.95,2008,24,19.24,25.92
113001,Active,2147508,NA,NA,S,0,0,9796,29.99,2014,7,23.11,23.06
113002,Active,531769,NA,NA,S,0,0,115593.75,26.95,2007,32,7.47,13.88
113003,Active,857222,NA,NA,S,0,0,33897.875,26.95,2008,41,4.85,17.67
113004,Active,867544,NA,NA,S,8,1,15962.62125,44.99,2014,37,20.96,22.49
113005,Active,677666,NA,NA,S,9,1,311435.1025,29.95,2007,40,6.21,99.03
113006,Active,690543,NA,NA,S,3,1,588394.4463,29.99,2009,42,14.04,63.48
113007,Active,1958071,NA,NA,S,6,1,115036.5,22,2014,16,12.84,14.94
113008,Active,700357,NA,NA,S,2,1,628323.3763,17.95,2003,22,8.99,19.6
113009,Active,865583,NA,NA,S,1,0,187950.05,39.99,2010,22,20.1,25.38
113010,Active,861962,NA,NA,S,3,1,725097.3988,59.99,2012,13,15.88,40.78
113011,Active,689680,NA,NA,S,0,0,85707,24.99,2012,12,16.46,12.91
113012,Active,2001294,NA,NA,S,1,0,164058.325,25,2014,9,19.98,19.98
113013,Active,2133138,NA,NA,S,1,0,66497.7,29.95,2013,12,19.29,21.51
113014,Active,1895733,NA,NA,S,0,0,1111119.288,20.07,2011,54,4,12.88
113015,Active,1731830,NA,NA,S,2,1,57823.875,27.99,2010,21,17.73,19.18
113016,Active,2015549,NA,NA,S,1,0,140341.375,34.95,2008,18,20.69,24.15
113017,Active,2120999,NA,NA,S,0,0,23608.65,35,2011,19,21.48,23.41
113018,Active,3514622,NA,NA,S,0,0,19187.95,30,2015,16,17.9,19.79
113019,Active,243565,NA,NA,S,0,0,116512.125,34.95,2007,23,17.22,19.23
113020,Active,2106994,NA,NA,S,0,0,106632.25,34.99,2015,17,24.88,25.47
113021,Active,525639,NA,NA,S,0,0,351609.0963,26,2011,14,102.16,82.94
113022,Active,681417,NA,NA,S,2,1,8240.125,25,2011,19,17.99,18.19
113023,Active,1655872,NA,NA,S,0,0,115591.225,35,2012,15,13.98,15.92
113024,Active,2043915,NA,NA,S,3,1,699833.62,21.95,2006,42,3.98,11.94
113025,Active,905131,NA,NA,S,1,0,34816.71875,44.99,1998,30,16.92,30.98
113026,Active,260550,NA,NA,S,0,0,25962.75,21.95,2007,19,19.13,33.98
113027,Active,1935469,NA,NA,S,2,1,99121.125,22.95,2014,6,16.48,16.98
113028,Active,3806114,NA,NA,S,0,0,152115.525,49.99,2016,13,31.42,32.72
113029,Active,1567605,NA,NA,S,2,1,62762.1,22.99,2007,41,9.89,13.96
113030,Active,2007715,NA,NA,S,1,0,160561.45,49.95,2015,14,31.41,30.91
113031,Active,687976,NA,NA,S,1,0,38754.925,23.95,2012,20,15.57,16.19
113032,Active,702088,NA,NA,S,2,1,584539.9588,32,2010,34,19.95,13.96
113033,Active,896838,NA,NA,S,5,1,189835.9063,35,2014,42,17.17,23.72
113034,Active,1467570,NA,NA,S,0,0,347398.025,80.73,2007,13,25.48,88.96
113035,Active,573185,NA,NA,S,0,0,386139.2263,31,1991,54,4,17.97
113036,Active,1830471,NA,NA,S,0,0,145041.875,29.95,2008,23,12.55,18.08
113037,Active,3960217,NA,NA,S,36,1,61051.625,29.95,2016,14,21.72,19.92
113038,Active,1655311,NA,NA,S,1,0,104986.175,25,2007,27,15.63,28.65
113039,Active,3820917,NA,NA,S,1,0,85820.3,39.95,2007,22,25.94,29.71
113040,Active,922011,NA,NA,S,1,0,453308.7525,19.95,2003,74,4,17.17
113041,Active,1640548,NA,NA,S,0,0,98952.95,29.95,2008,13,16.99,20.15
113042,Active,2300948,NA,NA,S,0,0,102167.9713,27.5,2003,60,6.75,55.29
113043,Active,675934,NA,NA,S,1,0,31158.1,24.95,2010,67,4.43,12.94
113044,Active,702195,NA,NA,S,2,1,136373.4,32,2011,18,9.1,12.31
113045,Active,2079285,NA,NA,S,0,0,573363.3125,45.99,2010,28,14.67,43.99
113046,Active,860681,NA,NA,S,1,0,59950.975,35,2012,20,28.12,31.14
113047,Active,359398,NA,NA,S,0,0,114365.475,35,2007,19,21.56,22.06
113048,Active,2330437,NA,NA,S,3,1,180428.7025,325,1979,44,29.18,124.53
113049,Active,2592622,NA,NA,S,1,0,596851.85,79.99,1983,24,10.58,64.11
113050,Active,2010540,NA,NA,S,1,0,145706.6,29.99,2009,48,12.74,20.46
113051,Active,1484456,NA,NA,S,0,0,107919.85,32,2009,27,19.82,28.92
113052,Active,889136,NA,NA,S,0,0,468252.2825,19.95,2014,23,17.58,19.95
113053,Active,1710829,NA,NA,S,0,0,202452.775,27,2015,19,19.22,22.62
113054,Active,607036,NA,NA,S,5,1,25650.74125,154.75,2007,94,17.93,37.95
113055,Active,622100,NA,NA,S,0,0,193821.35,116.95,2000,42,4.98,59.05
113056,Active,734194,NA,NA,S,1,0,892444.9275,581.51,2009,29,3.85,20.56
113057,Active,652413,NA,NA,S,1,0,50475.375,32,2013,16,16.83,23.45
113058,Active,2153882,NA,NA,S,0,0,47106.425,27.95,2009,21,19.94,21.34
113059,Active,890956,NA,NA,S,0,0,69108.3,27.95,2014,13,17.56,21.44
113060,Active,2585789,NA,NA,S,0,0,768620.7188,41.95,1998,46,4.98,25.96
113061,Active,623527,NA,NA,S,1,0,103859.65,34.99,2009,17,17.81,18.66
113062,Active,100383,NA,NA,S,1,0,208713.825,112,1999,29,17.84,87.77
113063,Active,676358,NA,NA,S,1,0,98264.125,29.99,2007,47,7.96,8.43
113064,Active,620791,NA,NA,S,0,0,103831.3,40,2009,23,18.98,39.99
113065,Active,1875493,NA,NA,S,0,0,187478.875,24.99,2007,19,9.86,20.69
113066,Active,1875491,NA,NA,S,1,0,207048.875,24.99,2007,21,4.26,19.86
113067,Active,677665,NA,NA,S,0,0,6738.45,24.38,2007,40,15.49,16.29
113068,Active,670285,NA,NA,S,0,0,192050.075,49,2009,17,14.3,49
113069,Active,617957,NA,NA,S,0,0,50572.65,39.38,2010,35,15.89,27.15
113070,Active,1520223,NA,NA,S,0,0,21910.825,36.88,2011,23,12.74,18.88
113071,Active,3745910,NA,NA,S,0,0,79779.125,59,2015,47,26.11,54.38
113072,Active,635597,NA,NA,S,0,0,447317.2575,59,2013,47,10.98,55.88
113073,Active,3745914,NA,NA,S,0,0,761563.45,41,2015,78,3.43,9
113074,Active,859235,NA,NA,S,2,1,856995.35,109.95,2005,24,10.66,83.99
113075,Active,243835,NA,NA,S,2,1,555652.245,93.95,2011,38,5.39,41.99
113076,Active,298871,NA,NA,S,3,1,188748.5763,195.95,2010,65,24.53,78.24
113077,Active,924264,NA,NA,S,5,1,45400.55,108.95,2015,34,52.99,82.74
113078,Active,119134,NA,NA,S,2,1,403386.72,148.8,2011,49,24.89,73.89
113079,Active,723565,NA,NA,S,1,0,182500.4,52,2008,13,33.19,33.24
113080,Active,655375,NA,NA,S,2,1,302301.2713,55.95,2012,23,43.89,44.38
113081,Active,582300,NA,NA,S,1,0,294709.635,75,2011,30,20.39,0
113082,Active,643577,NA,NA,S,2,1,653042.3863,89.95,2009,30,9.71,93.94
113083,Active,1688654,NA,NA,S,5,1,776635.3938,44.99,2011,54,4,18.99
113084,Active,689097,NA,NA,S,0,0,362684.8488,29.99,2012,48,4.69,0
113085,Active,2924744,NA,NA,S,9,1,821,60,2016,26,32.81,34.62
113086,Active,3634824,NA,NA,S,3,1,35577,90,2016,11,53.56,51.25
113087,Active,2919602,NA,NA,S,3,1,71338.71875,50,2015,20,30.94,29.56
113088,Active,534907,NA,NA,S,4,1,383297.94,49.99,2013,38,6.27,0
113089,Active,689015,NA,NA,S,1,0,156569.025,29.99,2013,16,22.89,22.4
113090,Active,1688819,NA,NA,S,1,0,19134.725,59.99,2015,8,37.39,37.43
113091,Active,647204,NA,NA,S,1,0,96133.525,50,2012,20,28.09,30.84
113092,Active,637716,NA,NA,S,1,0,68225.35,49.99,2012,14,27.26,31.33
113093,Active,1688821,NA,NA,S,1,0,42401.2,49.99,2015,19,31.06,31.07
113094,Active,1688824,NA,NA,S,1,0,62425.625,89.99,2015,12,45.98,52.24
113095,Active,2761962,NA,NA,S,5,1,14533.425,44.99,2015,14,29.22,29.01
113096,Active,865238,NA,NA,S,3,1,108414.85,29.99,2014,16,13.96,10.46
113097,Active,893025,NA,NA,S,2,1,56374,30,2014,13,19.12,19.96
113098,Active,2168831,NA,NA,S,2,1,65285.125,29.99,2014,14,25.73,26.9
113099,Active,1688802,NA,NA,S,4,1,244932.7,34.99,1900,0,0,34.99
113100,Active,3634821,NA,NA,S,1,0,80956,60,2016,14,34,34.28
113101,Active,2597307,NA,NA,S,3,1,571112.8038,30,1989,31,4.34,92.65
113102,Active,1586170,NA,NA,S,1,0,71331.425,59.99,2009,20,47.29,50.35
113103,Active,573019,NA,NA,S,4,1,113110.8063,154.8,1997,73,20.77,72.89
113104,Active,2606053,NA,NA,S,0,0,703058.4675,60,1999,35,18.88,69.38
113105,Active,111118,NA,NA,S,2,1,1732580.225,26.97,2008,19,4,43.81
113106,Active,531693,NA,NA,S,3,1,379180.0813,69.95,2012,34,9.13,41.02
113107,Active,52435,NA,NA,S,10,1,564337.3063,185.95,2007,91,4,25.55
113108,Active,253893,NA,NA,S,1,0,226326.98,49.99,2010,25,9.89,0
113109,Active,273295,NA,NA,S,1,0,202264.175,68.95,2003,19,25.69,38.89
113110,Active,641540,NA,NA,S,1,0,866070.3938,97.95,2009,27,9.53,38.99
113111,Active,630107,NA,NA,S,1,0,588585.5025,97.95,2009,28,9.03,60.9
113112,Active,750797,NA,NA,S,1,0,788020.9475,90,2009,33,7.24,45.98
113113,Active,876790,NA,NA,S,5,1,63498.47125,163.95,2014,55,49.11,112.64
113114,Active,199419,NA,NA,S,1,0,235166.8575,80,2004,50,6.54,36.8
113115,Active,251107,NA,NA,S,1,0,165347.05,192.95,2009,41,24.74,38.99
113116,Active,58314,NA,NA,S,0,0,347841.575,89.95,1997,101,4,8.98
113117,Active,313560,NA,NA,S,0,0,372773.75,189.2,2001,23,7.94,63.97
113118,Active,637582,NA,NA,S,1,0,537250.5225,207.6,2013,15,4,18.99
113119,Active,779017,NA,NA,S,0,0,296591.68,78.37,2013,46,4,83.49
113120,Active,910985,NA,NA,S,2,1,875424.8138,48.98,2012,29,5.6,19.39
113121,Active,531671,NA,NA,S,3,1,422096.0038,84.95,2012,34,35.66,36.67
113122,Active,3634588,NA,NA,S,4,1,38791.675,24.99,2015,15,19.76,17.08
113123,Active,675081,NA,NA,S,0,0,412228.4463,24.99,2009,127,3.98,0
113124,Active,924463,NA,NA,S,25,1,39846.54,201.25,2015,57,41.97,73.24
113125,Active,683612,NA,NA,S,1,0,133270.425,31.95,2012,14,23.73,26.35
113126,Active,1781260,NA,NA,S,1,0,364230.45,85,2015,16,18.13,32.77
113127,Active,637734,NA,NA,S,3,1,55454.31875,232,2012,36,22.06,23.98
113128,Active,544086,NA,NA,S,4,1,251759.1213,193.25,2013,20,19.3,100.52
113129,Active,2158474,NA,NA,S,1,0,152267.4,32,2011,8,28.98,28.99
113130,Active,3634516,NA,NA,S,1,0,27985.625,49.95,2016,12,29.52,29.52
113131,Active,1539827,NA,NA,S,1,0,194663.825,40.95,2010,25,35.59,31.1
113132,Active,924219,NA,NA,S,4,1,44858.6075,37.95,2015,32,17.44,28.57
113133,Active,2775423,NA,NA,S,1,0,279397.4788,23.95,1996,34,12.56,23.09
113134,Active,531665,NA,NA,S,3,1,463230.3663,59.95,2010,21,7.78,58.21
113135,Active,115011,NA,NA,S,0,0,813255.4763,93.6,2002,38,4,0
113136,Active,109521,NA,NA,S,2,1,96458.09875,128,2007,44,24.79,71.52
113137,Active,866592,NA,NA,S,0,0,213106.8125,363.95,2015,44,6.23,220.4
113138,Active,3710930,NA,NA,S,1,0,114149.55,79.95,2014,42,34.07,35.83
113139,Active,2164305,NA,NA,S,3,1,139927.33,40,2012,14,27.14,27.28
113140,Active,610083,NA,NA,S,7,1,65749.625,99.95,2014,50,43.58,52.98
113141,Active,2168053,NA,NA,S,1,0,23286.5,0,2013,15,27.77,29
113142,Active,866556,NA,NA,S,8,1,37119.765,133.95,2014,51,41.73,73.99
113143,Active,642110,NA,NA,S,10,1,63619.61875,170.25,2012,57,32.67,46.83
113144,Active,649661,NA,NA,S,17,1,68667.38,142.25,2012,36,38.98,65.81
113145,Active,599644,NA,NA,S,2,1,833149.3725,49.95,2013,24,13.78,39.95
113146,Active,647472,NA,NA,S,0,0,189917.375,93.36,2010,24,18.99,102.77
113147,Active,137195,NA,NA,S,3,1,640441.1488,55,2006,34,11.74,0
113148,Active,739223,NA,NA,S,0,0,883858.0575,69.19,2003,25,7.99,69.03
113149,Active,1453993,NA,NA,S,0,0,154291.85,24.94,2007,11,18.69,24.94
113150,Active,713215,NA,NA,S,0,0,343953.0788,72.94,2002,23,19.99,72.64
113151,Active,727134,NA,NA,S,0,0,264981.6325,105.75,1999,21,17.34,302.8
113152,Active,910131,NA,NA,S,0,0,705975.3325,44.95,1994,21,4.3,25.37
113153,Active,323649,NA,NA,S,1,0,457541.15,55.95,1997,56,4.94,11.69
113154,Active,1702601,NA,NA,S,3,1,217457.05,24.95,2013,14,9.08,19.05
113155,Active,631617,NA,NA,S,0,0,82351.6,59,2009,28,46.24,46.98
113156,Active,2047838,NA,NA,S,0,0,47877.7,20.95,2010,12,20.33,18.55
113157,Active,688553,NA,NA,S,1,0,210191.25,21.95,2012,23,14.5,18.13
113158,Active,126800,NA,NA,S,1,0,509936.225,29.95,2005,36,8.04,20.89
113159,Active,173863,NA,NA,S,0,0,125123.3,29.99,2011,20,17.99,20.64
113160,Active,3461111,NA,NA,S,11,1,50291.275,31.99,2015,27,20.92,28.99
113161,Active,747767,NA,NA,S,5,1,40821.2775,132,2014,53,53.04,89.58
113162,Active,539779,NA,NA,S,2,1,541321.3738,18.95,2010,19,6.8,13.27
113163,Active,128434,NA,NA,S,2,1,275978.9013,35,2003,28,12.08,68.2
113164,Active,546097,NA,NA,S,6,1,672021.0088,35,2013,18,7.2,0
113165,Active,1659955,NA,NA,S,2,1,45227.275,34.99,2007,20,23.97,31.99
113166,Active,665335,NA,NA,S,0,0,26811.8,49.95,2012,25,25.38,34.11
113167,Active,2008600,NA,NA,S,0,0,44355.3,21.95,2008,27,12.91,12.97
113168,Active,685110,NA,NA,S,1,0,105694,21.95,2010,61,9.96,15.96
113169,Active,1932585,NA,NA,S,1,0,59765.05,39.99,2014,14,28.12,24.81
113170,Active,1471101,NA,NA,S,0,0,650868.2325,36.95,2014,15,28.42,28.28
113171,Active,631082,NA,NA,S,0,0,86831.6,105,2010,17,43.79,46.19
113172,Active,685132,NA,NA,S,0,0,115640.475,24,2009,15,17.73,18.34
113173,Active,681652,NA,NA,S,0,0,127371.525,27.99,2012,37,11.99,15.73
113174,Active,3749566,NA,NA,S,2,1,224232.425,62.99,2015,8,46.82,61.1
113175,Active,690549,NA,NA,S,0,0,203849.9,28,2009,14,34.27,27.74
113176,Active,1783248,NA,NA,S,4,1,156992.7738,146.95,2012,39,47.34,68.99
113177,Active,2255408,NA,NA,S,3,1,594539.925,63.91,2009,38,9.35,53.74
113178,Active,2402576,NA,NA,S,1,0,316937.3113,96.34,1974,22,15.71,69.64
113179,Active,1719618,NA,NA,S,0,0,142980.425,94,2007,44,10.43,21.29
113180,Active,914242,NA,NA,S,0,0,570776.1675,50.99,2010,48,4,28
113181,Active,782198,NA,NA,S,0,0,840274.8075,49.99,2011,61,9.34,37.45
113182,Active,720441,NA,NA,S,1,0,753632.6938,74,2005,39,4.38,15.41
113183,Active,917483,NA,NA,S,0,0,97664.3,23,2012,29,18.89,19.03
113184,Active,404663,NA,NA,S,0,0,13696.475,31.88,2007,28,19.44,22.47
113185,Active,2131596,NA,NA,S,0,0,54864.375,30,2014,11,23.07,23.07
113186,Active,655145,NA,NA,S,1,0,157802.2,38,2013,12,25.06,25.06
113187,Active,682868,NA,NA,S,0,0,173246.35,24.99,2009,38,10.73,15.26
113188,Active,1873318,NA,NA,S,0,0,44402.6,30,2015,17,20.98,22.66
113189,Active,2168718,NA,NA,S,0,0,166312.85,24.95,2015,15,16.7,24.79
113190,Active,2146919,NA,NA,S,0,0,8368.425,26.95,2012,23,11.14,12.18
113191,Active,672117,NA,NA,S,0,0,5566.04375,17,2005,437,4,9.77
113192,Active,678279,NA,NA,S,0,0,63273.15,29.99,2008,24,14.98,21.3
113193,Active,2654944,NA,NA,S,9,1,403275.2313,43.96,2003,29,4,11.28
113194,Active,2011642,NA,NA,S,0,0,217730.55,23.5,2013,9,38.6,23.5
113195,Active,609583,NA,NA,S,6,1,669959.9688,68,2007,22,8.49,60.01
113196,Active,1490797,NA,NA,S,1,0,90099.05,24.95,2015,23,14.28,15.75
113197,Active,904409,NA,NA,S,2,1,804549.51,48,1995,24,4.94,23.98
113198,Active,639909,NA,NA,S,14,1,219338.1625,67.33,2011,40,19.72,41.13
113199,Active,878085,NA,NA,S,15,1,6661.2325,106.6,2015,72,51.14,53.98
113200,Active,3584567,NA,NA,S,0,0,183523.4,55,2008,46,16.62,31.99
113201,Active,624570,NA,NA,S,1,0,212492.1225,50,1994,29,16.38,27.28
113202,Active,1589958,NA,NA,S,0,0,247295.225,39.99,2010,17,14.99,31.96
113203,Active,135137,NA,NA,S,0,0,636778.6525,40,1998,37,4,10.9
113204,Active,1717600,NA,NA,S,0,0,176143.025,31,2011,18,26.1,31
113205,Active,3513345,NA,NA,S,1,0,185492.925,38.5,2014,31,21.91,21.87
113206,Active,2603562,NA,NA,S,0,0,632197.785,54.99,2003,51,8.96,35.99
113207,Active,1565840,NA,NA,S,1,0,56805.525,28.99,2015,26,11.35,12.45
113208,Active,2978865,NA,NA,S,15,1,11469.6875,76,2015,38,49.55,64.71
113209,Active,619327,NA,NA,S,10,1,46236.6875,70,2012,98,14.07,46.49
113210,Active,2029652,NA,NA,S,6,1,778124.25,29,2012,16,25.74,29
113211,Active,229186,NA,NA,S,6,1,171677.2688,61,2011,39,4.56,11.37
113212,Active,2541167,NA,NA,S,2,1,78283.45875,26.95,2002,75,14.14,19.99
113213,Active,633243,NA,NA,S,1,0,451587.2425,48,2010,27,6.77,30.86
113214,Active,689670,NA,NA,S,0,0,64109.3,32,2012,15,26.67,25.55
113215,Active,1520248,NA,NA,S,0,0,89407.3,52.5,2013,18,39.28,47
113216,Active,2009377,NA,NA,S,0,0,37398.8,24.95,2015,26,5.5,15.94
113217,Active,871745,NA,NA,S,3,1,59160.42125,118,2015,41,53.99,94.72
113218,Active,661514,NA,NA,S,3,1,451394.7425,107.2,2008,18,4.4,1003.99
113219,Active,1741645,NA,NA,S,1,0,70722.5,24.95,2014,8,19.09,19.75
113220,Active,623545,NA,NA,S,1,0,404376.5538,32,2008,60,4,8.97
113221,Active,1924539,NA,NA,S,0,0,83763,24.95,2014,15,14.59,16.1
113222,Active,894959,NA,NA,S,0,0,50495.15,23.95,2015,14,20.23,18.85
113223,Active,3043585,NA,NA,S,0,0,58146.225,254.95,2002,2,57.94,62.98
113224,Active,618219,NA,NA,S,1,0,696546.275,41.95,2006,27,4.46,32.23
113225,Active,3541756,NA,NA,S,0,0,19230.05,26,2015,17,15.97,12.48
113226,Active,679531,NA,NA,S,1,0,90741.925,27.95,2012,38,18.01,19.03
113227,Active,1710472,NA,NA,S,3,1,447797.265,34.95,2013,12,30.64,29.08
113228,Active,247800,NA,NA,S,0,0,120833.25,70,2008,15,34.73,53
113229,Active,3461580,NA,NA,S,0,0,480748.3688,31.95,2014,14,31.02,28.91
113230,Active,141933,NA,NA,S,1,0,91078.65,23,2010,29,8.74,21.08
113231,Active,54528,NA,NA,S,3,1,44331.06625,159.4,2010,64,13.33,44.61
113232,Active,2168522,NA,NA,S,0,0,92404.975,23.95,2013,16,23.19,23.34
113233,Active,2156828,NA,NA,S,1,0,2655.4,22,2015,8,20.87,18.87
113234,Active,1433696,NA,NA,S,0,0,49699.725,28.99,2014,18,10.97,27.94
113235,Active,2020082,NA,NA,S,2,1,15444.175,24.95,2012,33,11.62,13.71
113236,Active,3826383,NA,NA,S,1,0,58192.25,29.95,2011,14,18.98,23.96
113237,Active,209382,NA,NA,S,0,0,422249.5438,79,1999,28,17,42.74
113238,Active,2101859,NA,NA,S,1,0,23379.975,26.95,2013,18,11.97,14.32
113239,Active,623742,NA,NA,S,0,0,334914.9088,44.95,1984,25,18.49,33.99
113240,Active,747776,NA,NA,S,9,1,39694.77625,109.75,2014,63,38.99,68.86
113241,Active,1872200,NA,NA,S,0,0,583385.01,6.95,2012,8,9.97,9.97
113242,Active,914688,NA,NA,S,0,0,541601.13,66.09,2011,27,9.92,120.11
113243,Active,3745916,NA,NA,S,0,0,281538.3,35,2015,101,6.64,11
113244,Active,924409,NA,NA,S,5,1,6205.945,89,2015,66,42.99,48.58
113245,Active,618577,NA,NA,S,2,1,262438.48,45,2009,42,13.74,44.99
113246,Active,921136,NA,NA,S,0,0,570798.5175,34,2014,59,4,10.96
113247,Active,641711,NA,NA,S,0,0,280362.7838,31.5,2005,32,21.55,27.86
113248,Active,1692078,NA,NA,S,0,0,220682.4925,50,2013,31,8.29,35.68
113249,Active,238031,NA,NA,S,0,0,170869.025,27.95,2013,33,4.4,15.9
113250,Active,1754200,NA,NA,S,0,0,179791.525,24.95,2010,15,22.94,22.94
113251,Active,266267,NA,NA,S,2,1,104210.1013,64.8,2004,46,13.98,61.69
113252,Active,273428,NA,NA,S,0,0,194587.6,40,2010,17,26.58,52.56
113253,Active,661071,NA,NA,S,0,0,45095.275,49.98,2012,22,49.97,49.98
113254,Active,2137788,NA,NA,S,0,0,810961.9613,40,2011,20,17.64,26.92
113255,Active,638889,NA,NA,S,1,0,218141.95,135.95,2009,14,58.82,63.94
113256,Active,531614,NA,NA,S,2,1,10067.1,29.99,2010,35,11.85,14.82
113257,Active,2576764,NA,NA,S,2,1,804460.8875,275,1991,23,18.93,56.07
113258,Active,642854,NA,NA,S,4,1,886653.1138,71.95,2010,29,13.73,47.58
113259,Active,297854,NA,NA,S,1,0,26799.9,42,2011,17,27.8,32.63
113260,Active,626783,NA,NA,S,2,1,697833.79,149.4,2001,36,4,0
113261,Active,553807,NA,NA,S,3,1,747593.5525,259.5,2009,32,12.12,0
113262,Active,2597254,NA,NA,S,0,0,583655.3213,59.99,1990,27,13,42.88
113263,Active,115298,NA,NA,S,2,1,225156.335,177.33,2001,50,4.32,68.47
113264,Active,1826917,NA,NA,S,6,1,1364379.375,0,2014,22,5.17,0
113265,Active,117262,NA,NA,S,2,1,109545.44,182.2,2008,65,15.29,135.32
113266,Active,673795,NA,NA,S,2,1,249905.175,24.95,2011,16,21.4,23.08
113267,Active,800303,NA,NA,S,1,0,426349.8988,63,2007,22,6.05,35.09
113268,Active,198435,NA,NA,S,9,1,437944.5663,256.95,2005,54,11.19,82.44
113269,Active,3266079,NA,NA,S,14,1,462318.325,54.22,2005,36,13.13,61.92
113270,Active,649227,NA,NA,S,2,1,440136.2563,36,2005,25,18.53,52.28
113271,Active,516786,NA,NA,S,1,0,427312.6588,50,2010,29,11.62,31.62
113272,Active,657364,NA,NA,S,0,0,704563.1475,66,2010,25,17.99,36.24
113273,Active,1496158,NA,NA,S,1,0,56429.75,22,2013,21,14.1,14.79
113274,Active,1917393,NA,NA,S,0,0,238915.6,25.95,2014,12,17.98,22.52
113275,Active,1756432,NA,NA,S,0,0,63481.75,24.95,2011,39,8.03,10.3
113276,Active,1742105,NA,NA,S,1,0,97449.25,24.95,2009,17,20.98,24.95
113277,Active,691217,NA,NA,S,2,1,31370.725,27.95,2012,16,23.98,25.16
113278,Active,557382,NA,NA,S,1,0,789402.3888,123.6,2004,40,4,52.98
113279,Active,674957,NA,NA,S,0,0,4456.85,26,2013,40,9.8,14.52
113280,Active,752902,NA,NA,S,2,1,119279.35,21.99,2010,32,6.13,8.46
113281,Active,2418554,NA,NA,S,0,0,358230.5413,56,2001,71,4.94,47.64
113282,Active,610425,NA,NA,S,14,1,42076.565,181.25,2012,94,43.97,43.99
113283,Active,1675200,NA,NA,S,1,0,125184.075,34.99,2015,16,22.4,27.29
113284,Active,601979,NA,NA,S,0,0,525018.89,40,2012,29,16.69,24.97
113285,Active,295507,NA,NA,S,2,1,99578.275,35,2007,18,25.04,34.99
113286,Active,51103,NA,NA,S,12,1,542374.5488,153.95,2006,82,4.1,5.83
113287,Active,492162,NA,NA,S,5,1,181601.3138,246.95,2012,44,13.76,40.77
113288,Active,904365,NA,NA,S,10,1,478674.5813,43,2012,20,6.48,57.55
113289,Active,3567182,NA,NA,S,0,0,682978.35,59.99,2013,44,16.49,43.28
113290,Active,2610260,NA,NA,S,0,0,612228.3838,54.99,1999,19,6.39,32.93
113291,Active,2141264,NA,NA,S,0,0,239907.075,29.95,2010,15,18.8,29.89
113292,Active,1918246,NA,NA,S,0,0,51579.95,24.99,2014,17,0,16.43
113293,Active,336638,NA,NA,S,1,0,451694.6763,53.95,2008,97,13.2,34.99
113294,Active,1767619,NA,NA,S,1,0,219449.7263,44.99,2013,30,15.38,35.51
113295,Active,641693,NA,NA,S,0,0,276353.4625,45,2006,26,13.21,33.99
113296,Active,543779,NA,NA,S,2,1,352492.3738,121.95,2011,46,27.8,48.74
113297,Active,3563850,NA,NA,S,4,1,38937,39.95,2016,17,23.99,34.07
113298,Active,246197,NA,NA,S,1,0,719073.365,53.95,2005,34,14.96,35.76
113299,Active,664256,NA,NA,S,2,1,382582.9575,44.95,2013,20,17.87,35
113300,Active,1927649,NA,NA,S,1,0,92762.625,40.95,2013,23,26.89,33.9
113301,Active,246317,NA,NA,S,1,0,223252.8675,51.95,2007,33,8.9,33.98
113302,Active,625138,NA,NA,S,1,0,404957.535,39.95,2006,28,21.84,35.86
113303,Active,246622,NA,NA,S,1,0,342163.0563,50.95,2009,23,11.7,35.99
113304,Active,184263,NA,NA,S,1,0,697400.8025,54.95,2003,31,12.53,36.82
113305,Active,246187,NA,NA,S,0,0,506184.9988,57.95,2004,27,15.47,37.49
113306,Active,648547,NA,NA,S,1,0,665381.63,50.95,2009,25,7.91,33.28
113307,Active,624293,NA,NA,S,1,0,147342.7,35,2011,22,21.29,22.49
113308,Active,679609,NA,NA,S,0,0,53151.25,22.99,2009,24,6.82,11.08
113309,Active,1521522,NA,NA,S,0,0,665890.9113,41,2011,32,9.59,31.28
113310,Active,1647439,NA,NA,S,1,0,148543.2,34.95,2012,12,31.34,27.58
113311,Active,2389228,NA,NA,S,1,0,736109.0938,164.8,1999,31,4,49.07
113312,Active,1570734,NA,NA,S,1,0,100064.65,24.99,2011,21,15.92,16.22
113313,Active,506120,NA,NA,S,0,0,168918.975,44.95,2012,21,25.88,39.42
113314,Active,600739,NA,NA,S,0,0,173572.125,29.95,2012,11,18.93,27.42
113315,Active,866789,NA,NA,S,6,1,31331.15875,203.2,2014,46,34.97,93.57
113316,Active,125643,NA,NA,S,1,0,664257.2713,76.95,1995,48,5.92,26.92
113317,Active,125871,NA,NA,S,1,0,563008.6063,84.95,1998,33,5.96,73.97
113318,Active,551176,NA,NA,S,10,1,86354.26,302.25,2013,39,53.99,74.49
113319,Active,1634519,NA,NA,S,1,0,59541.15,79,2014,20,42.99,51.93
113320,Active,858692,NA,NA,S,0,0,786982.085,91.95,1999,25,4,46.45
113321,Active,1647317,NA,NA,S,2,1,426331.8538,28.95,2013,19,23.92,24.44
113322,Active,244054,NA,NA,S,4,1,442703,47.95,2011,29,9.44,38.99
113323,Active,1480636,NA,NA,S,1,0,68065.15,59.95,2015,11,56.93,56.95
113324,Active,3504573,NA,NA,S,7,1,4343,72.95,2016,20,49.49,58.37
113325,Active,2406399,NA,NA,S,1,0,686933.625,74.95,1993,30,7.59,53.94
113326,Active,2647660,NA,NA,S,1,0,550816.7888,54.95,1997,29,4,41.23
113327,Active,531582,NA,NA,S,14,1,121688.105,189.95,2008,47,10.96,33.97
113328,Active,576350,NA,NA,S,1,0,738403.075,71,2004,23,4.8,49.27
113329,Active,2313009,NA,NA,S,2,1,816160.8438,93.95,1996,38,4,17.49
113330,Active,1737919,NA,NA,S,0,0,238370.25,54.95,2008,14,32.47,53.94
113331,Active,536466,NA,NA,S,11,1,36355.01875,108.2,2012,45,33.95,67.98
113332,Active,900887,NA,NA,S,3,1,492936.1975,40.5,2014,19,24.96,0
113333,Active,861976,NA,NA,S,2,1,469021.4163,59.95,2014,31,9.28,44.7
113334,Active,557273,NA,NA,S,1,0,309183.5738,67.2,2012,24,13.75,33.94
113335,Active,557645,NA,NA,S,10,1,19166.77375,114.95,2012,57,36.93,50.98
113336,Active,531577,NA,NA,S,5,1,132271.9013,145.6,2010,45,16.9,63.99
113337,Active,600734,NA,NA,S,0,0,108814.55,51,2011,23,10.48,37.68
113338,Active,670541,NA,NA,S,0,0,65801.1,39,2012,14,25.99,28.51
113339,Active,676832,NA,NA,S,0,0,280366.5138,24.99,1991,73,4,10.78
113340,Active,542101,NA,NA,S,0,0,107335.9563,34.99,2009,29,20.74,0
113341,Active,587744,NA,NA,S,1,0,107356,24.99,2011,25,7.88,8.96
113342,Active,162763,NA,NA,S,1,0,90058.375,27.95,2009,25,12.98,16.05
113343,Active,685975,NA,NA,S,1,0,98076.9,29.95,2012,13,15.17,18.66
113344,Active,3479873,NA,NA,S,2,1,132278.425,34.95,2015,14,25.23,27.88
113345,Active,1473292,NA,NA,S,0,0,644839.9325,43.95,2009,16,5.27,34.88
113346,Active,644766,NA,NA,S,0,0,70958.9,35.95,2011,27,30.88,33.57
113347,Active,2603888,NA,NA,S,0,0,643564.6075,49.99,2005,33,8.97,28.49
113348,Active,1839125,NA,NA,S,1,0,883255.7438,47.95,2006,31,10.49,34.86
113349,Active,645801,NA,NA,S,1,0,704310.8113,42.95,2002,26,6.23,32.93
113350,Active,639823,NA,NA,S,1,0,26300.825,59.95,2012,15,33.62,32.35
113351,Active,184375,NA,NA,S,1,0,410434.625,78.95,2001,28,4.77,34.53
113352,Active,1583362,NA,NA,S,0,0,708074.3763,39.99,2010,11,28.67,30.21
113353,Active,531570,NA,NA,S,8,1,297751.9825,180.95,2012,36,12.14,61.91
113354,Active,1777193,NA,NA,S,1,0,174256.775,34,2012,16,16.58,25.71
113355,Active,199075,NA,NA,S,1,0,898368.02,97,2001,33,4.23,43.77
113356,Active,2115756,NA,NA,S,2,1,262078.1913,29.99,2014,11,28.49,29.48
113357,Active,2647437,NA,NA,S,0,0,198872.6825,89.95,1992,46,12.92,58.98
113358,Active,1463212,NA,NA,S,2,1,84307.2,29.95,2015,11,29.84,26.36
113359,Active,3808661,NA,NA,S,0,0,206932.9,46,2015,74,12.99,32.98
113360,Active,1466142,NA,NA,S,6,1,773301.755,75,2014,20,12.81,72.74
113361,Active,909181,NA,NA,S,0,0,478687.3463,84,1987,32,7.89,53.55
113362,Active,193387,NA,NA,S,4,1,79647.245,86,2004,48,23.68,56.08
113363,Active,193282,NA,NA,S,4,1,206851.9,72,2004,36,18.57,68.99
113364,Active,288447,NA,NA,S,5,1,997080.985,27.5,2000,35,4,22.44
113365,Active,287103,NA,NA,S,1,0,252066.0138,65.95,2002,33,12.28,57.41
113366,Active,681904,NA,NA,S,2,1,121087.15,29.95,2008,49,16.95,28.56
113367,Active,866594,NA,NA,S,8,1,217285.635,100,2012,39,32.03,99.98
113368,Active,3741380,NA,NA,S,3,1,148897.55,29.95,2016,11,19.64,23.98
113369,Active,2166772,NA,NA,S,0,0,20760.4,27.95,2013,12,18.99,16.18
113370,Active,1973594,NA,NA,S,0,0,83277.95,38.95,2013,16,31.15,34.89
113371,Active,620237,NA,NA,S,1,0,35017.45,30,2011,63,4.01,15.46
113372,Active,2007520,NA,NA,S,0,0,178283.85,22,2012,7,16.28,15.28
113373,Active,800433,NA,NA,S,0,0,615926.5488,66,2006,31,5.55,21.59
113374,Active,3799406,NA,NA,S,0,0,232309.1,25,2010,14,11.99,16.6
113375,Active,2494607,NA,NA,S,1,0,366366.805,40,1999,47,13.14,48.49
113376,Active,681451,NA,NA,S,0,0,113277.375,24.95,2010,26,11.39,11.98
113377,Active,253672,NA,NA,S,1,0,235499.55,49.95,2011,12,29,43.7
113378,Active,1433628,NA,NA,S,0,0,52697.325,25.99,2014,20,17.25,17.49
113379,Active,2164844,NA,NA,S,1,0,62667.3,29.99,2014,12,25.93,21.51
113380,Active,797087,NA,NA,S,0,0,73262.15,29.99,2011,55,4.85,8.92
113381,Active,1943077,NA,NA,S,0,0,37070.175,26,2015,38,8.26,16.94
113382,Active,2083926,NA,NA,S,1,0,71125.425,23.99,2012,34,5.59,7.47
113383,Active,2079724,NA,NA,S,0,0,35701.175,24.99,2015,19,12.95,14.82
113384,Active,1576100,NA,NA,S,1,0,464555.6875,42,2008,36,4,14.94
113385,Active,620313,NA,NA,S,0,0,109129.35,45,2007,53,12.24,21.49
113386,Active,1729119,NA,NA,S,0,0,90807.975,24.95,2011,32,7.36,15.32
113387,Active,1937713,NA,NA,S,0,0,61276.475,30,2012,59,5.03,7.12
113388,Active,1724682,NA,NA,S,0,0,48541.175,34.95,2014,19,16.42,24.04
113389,Active,1724672,NA,NA,S,0,0,41221.2,24.95,2014,27,5.4,5.46
113390,Active,1724609,NA,NA,S,0,0,39068.575,35,2014,25,12.72,17.96
113391,Active,639730,NA,NA,S,0,0,94419.225,35,2013,31,6.99,14.24
113392,Active,1644591,NA,NA,S,0,0,205839.675,35,2009,34,13.45,21.5
113393,Active,1704324,NA,NA,S,0,0,55603.05,24.95,2008,30,13.25,19.67
113394,Active,2170787,NA,NA,S,0,0,97860.05,49.95,2011,17,24.7,32.38
113395,Active,2057733,NA,NA,S,1,0,100876.2,40,2010,36,17.7,24.98
113396,Active,2026869,NA,NA,S,0,0,203055.225,40,2008,34,6.99,27.87
113397,Active,3622373,NA,NA,S,1,0,51116.65,24.95,2010,64,5.2,12.68
113398,Active,1749731,NA,NA,S,1,0,107291.65,24.95,2011,40,4.56,11.98
113399,Active,2168480,NA,NA,S,1,0,97279.975,24.95,2012,31,4,13.49
113400,Active,1753890,NA,NA,S,0,0,59336.575,0,2011,7,29.94,30.95
113401,Active,2152039,NA,NA,S,0,0,65397.35,22.95,2014,14,15.43,15.43
113402,Active,2021285,NA,NA,S,2,1,25703.125,21.99,2007,63,4,11.48
113403,Active,685341,NA,NA,S,0,0,66938.05,27,2013,22,12.07,17.94
113404,Active,1432092,NA,NA,S,1,0,103478.675,35,2013,64,5.49,12.59
113405,Active,1567780,NA,NA,S,1,0,68631.7,21.99,2008,25,9.17,14.11
113406,Active,722861,NA,NA,S,1,0,180517.4613,31.95,2007,19,21.03,31.26
113407,Active,2024037,NA,NA,S,4,1,191436.425,21,2012,24,3.98,8.97
113408,Active,110704,NA,NA,S,5,1,73082.0125,214.75,2011,47,38.99,118.55
113409,Active,2016690,NA,NA,S,0,0,67046.3,24.95,2008,17,9.2,17.99
113410,Active,3815605,NA,NA,S,0,0,186606.45,45,2011,16,28.36,23.94
113411,Active,3504917,NA,NA,S,3,1,272394.8,19.38,2015,10,22.84,19.38
113412,Active,1520183,NA,NA,S,2,1,333734.615,17.5,2008,12,103.98,103.98
113413,Active,802029,NA,NA,S,0,0,70938.5,28.95,2010,23,14.54,24.23
113414,Active,649608,NA,NA,S,0,0,835265.0513,46,2013,44,4,38.94
113415,Active,913193,NA,NA,S,9,1,377014.845,197,2013,45,13.44,172.67
113416,Active,676645,NA,NA,S,0,0,430876.8188,27,2003,53,4,12.5
113417,Active,546932,NA,NA,S,2,1,109567.6,24.95,2012,26,13.93,18.95
113418,Active,1558756,NA,NA,S,1,0,193205,39.95,2012,14,26.95,32.19
113419,Active,3479983,NA,NA,S,6,1,20570,49.95,2016,19,38.98,32.99
113420,Active,550261,NA,NA,S,1,0,160284.65,78.99,2007,26,9.64,63.69
113421,Active,876125,NA,NA,S,13,1,31455.18375,190.5,2014,80,43.34,63.54
113422,Active,909230,NA,NA,S,0,0,462122.6825,68.82,2004,35,4,73.71
113423,Active,164434,NA,NA,S,1,0,510439.9888,73.63,2003,34,4,52.97
113424,Active,2384081,NA,NA,S,5,1,32217.66,71,2015,36,49.56,62.86
113425,Active,2372048,NA,NA,S,0,0,853918.0313,42.99,1999,57,4,8.98
113426,Active,631726,NA,NA,S,1,0,54511.075,84.95,2007,20,41.87,62.81
113427,Active,1604616,NA,NA,S,0,0,128687.825,23.99,2012,8,18.82,21.5
113428,Active,1604617,NA,NA,S,0,0,89440.45,23.99,2012,13,17.96,17.99
113429,Active,1604618,NA,NA,S,1,0,37648.475,23.99,2012,14,18.18,24.5
113430,Active,1604619,NA,NA,S,1,0,40512.675,23.99,2012,16,16.74,23.97
113431,Active,1957847,NA,NA,S,0,0,94614.975,21.95,2012,23,8.72,15.41
113432,Active,128792,NA,NA,S,1,0,65746.625,60,2003,24,22.98,35.35
113433,Active,809145,NA,NA,S,3,1,24921.97875,182,2013,53,46.72,63.95
113434,Active,3749231,NA,NA,S,3,1,94901.7,136.25,2013,34,43.99,129.27
113435,Active,809144,NA,NA,S,3,1,25872.4175,182,2013,61,42.99,61.98
113436,Active,627501,NA,NA,S,1,0,181839.59,103.5,2008,35,5.53,18.99
113437,Active,735465,NA,NA,S,1,0,96132.625,24.99,2013,65,5.02,6.98
113438,Active,750318,NA,NA,S,1,0,111301.1,26.95,2010,40,4,8.96
113439,Active,612890,NA,NA,S,5,1,735257.6225,53,2007,75,4,4.82
113440,Active,2259306,NA,NA,S,2,1,270008.925,159.76,2011,14,19.95,161.17
113441,Active,861270,NA,NA,S,3,1,211069.1988,229.95,2013,24,43.94,138.99
113442,Active,876746,NA,NA,S,6,1,36680.74625,384.95,2015,68,50.8,187.33
113443,Active,2168644,NA,NA,S,2,1,234892.25,29.95,2014,11,29.98,27.04
113444,Active,537694,NA,NA,S,6,1,49600.36,170.25,2012,60,34.33,118.97
113445,Active,872046,NA,NA,S,4,1,112167.7725,60,2014,31,23.99,43.26
113446,Active,870605,NA,NA,S,3,1,56495.91,43.99,2013,12,36.91,51.83
113447,Active,619106,NA,NA,S,3,1,5358.1025,331.4,2013,68,52.12,93.94
113448,Active,531536,NA,NA,S,3,1,60974.58625,312.95,2009,61,22.06,93.94
113449,Active,618165,NA,NA,S,1,0,229131.5663,305.75,2013,67,5,29.67
113450,Active,544509,NA,NA,S,5,1,32758.925,340.95,2013,56,19.04,253.99
113451,Active,683093,NA,NA,S,1,0,11881.975,26.99,2012,21,16.05,16.05
113452,Active,626619,NA,NA,S,3,1,19375.5675,255,2013,67,29.65,89.94
113453,Active,661005,NA,NA,S,0,0,399876.8763,54.99,2012,29,5.48,39.47
113454,Active,2105396,NA,NA,S,0,0,584279.3113,49,2014,28,9.62,38.99
113455,Active,3745912,NA,NA,S,0,0,52020.45,61,2015,49,19.69,50.79
113456,Active,924470,NA,NA,S,0,0,518447.2863,59,2014,51,8.97,13.99
113457,Active,2254861,NA,NA,S,3,1,714792.7138,217.3,2008,36,9.61,130.62
113458,Active,624667,NA,NA,S,0,0,665091.1063,47,2013,38,9.08,37.59
113459,Active,270136,NA,NA,S,0,0,766047.8413,45,2011,35,4.82,23.99
113460,Active,905429,NA,NA,S,0,0,805531.2913,44.99,2011,25,18.29,35.97
113461,Active,3491766,NA,NA,S,1,0,154554.65,40,2007,15,33.98,33.43
113462,Active,639198,NA,NA,S,5,1,382171.6225,55,2010,34,19.03,51.74
113463,Active,260601,NA,NA,S,5,1,453353.7038,35,2010,86,23.77,35
113464,Active,564934,NA,NA,S,3,1,75519.68125,73.95,2011,44,24.31,63.47
113465,Active,706351,NA,NA,S,7,1,26668.5275,296,2014,76,53.32,98.98
113466,Active,657616,NA,NA,S,0,0,98386.7,35,2007,15,29.34,25.28
113467,Active,662966,NA,NA,S,0,0,84002,50.95,2007,19,48.11,47.95
113468,Active,3806107,NA,NA,S,0,0,77111.275,29.99,2015,12,24.96,19.22
113469,Active,1660704,NA,NA,S,1,0,75178.375,40,2014,19,27.29,25.01
113470,Active,1742341,NA,NA,S,1,0,34503.2,21.95,2014,6,21.15,16.33
113471,Active,3801063,NA,NA,S,0,0,155259.95,62.99,2013,18,35.57,36.69
113472,Active,2548925,NA,NA,S,0,0,333575.6088,50.53,1975,37,4,48.93
113473,Active,681627,NA,NA,S,1,0,114731.7,23.95,2012,22,8.3,19.86
113474,Active,431945,NA,NA,S,0,0,72063.425,21,2009,35,12.82,15.18
113475,Active,906529,NA,NA,S,0,0,94222.225,24.95,2013,17,18.25,18.25
113476,Active,2032231,NA,NA,S,0,0,7159.2,65.99,2009,0,0,87.5
113477,Active,503405,NA,NA,S,0,0,91049.75,21.95,2008,20,11.86,12.48
113478,Active,2053379,NA,NA,S,0,0,203430.65,30.98,2008,16,33.42,42.98
113479,Active,565577,NA,NA,S,0,0,46161.175,21,2007,37,7.94,14.73
113480,Active,618418,NA,NA,S,1,0,656605.9138,49.95,1994,53,7.83,22.98
113481,Active,537336,NA,NA,S,14,1,211281.3075,313.13,2011,70,15.75,93.94
113482,Active,686594,NA,NA,S,1,0,33535.5,26.99,2013,17,8.96,8.96
113483,Active,198421,NA,NA,S,5,1,458517.625,171.95,2005,23,12.22,74.31
113484,Active,2168640,NA,NA,S,4,1,706965.9325,29.95,2014,17,28.62,29.24
113485,Active,53093,NA,NA,S,4,1,191888.66,90.07,2007,77,6.57,24.49
113486,Active,2169845,NA,NA,S,2,1,32297.95,22.95,2015,9,15.28,15.28
113487,Active,206157,NA,NA,S,2,1,538566.2163,90,2007,25,41.97,0
113488,Active,642451,NA,NA,S,2,1,864941.0738,88.95,2005,24,14.51,0
113489,Active,542071,NA,NA,S,5,1,20070.525,24.95,2012,24,13.14,14.24
113490,Active,531519,NA,NA,S,2,1,73138.7,24.95,2010,26,15.17,16.94
113491,Active,3510586,NA,NA,S,2,1,392517.4,16,1994,52,5.18,50.03
113492,Active,577741,NA,NA,S,0,0,86790.475,29.95,2007,25,8.82,13.96
113493,Active,1777222,NA,NA,S,1,0,78161.275,29.95,2012,18,18.39,18.49
113494,Active,1484241,NA,NA,S,1,0,197104.55,49,2009,13,27.06,34.28
113495,Active,199135,NA,NA,S,1,0,597436.5888,185,2001,44,22.84,50
113496,Active,620371,NA,NA,S,6,1,645438.5525,22.38,2003,46,4,53.23
113497,Active,1720819,NA,NA,S,0,0,49079.3,25,2012,24,12.33,16.26
113498,Active,619341,NA,NA,S,0,0,22474.55,39.99,2011,25,21.13,24.28
113499,Active,2019623,NA,NA,S,3,1,348107.325,32.95,2009,26,4.99,33.97
113500,Active,644740,NA,NA,S,0,0,76343.825,43,2011,17,22.24,23.5
113501,Active,659114,NA,NA,S,1,0,744578.1613,52.95,2010,28,15.91,50.82
113502,Active,2919536,NA,NA,S,7,1,33698.35125,130,2015,33,47.94,96.48
113503,Active,667130,NA,NA,S,0,0,399861.7,52.2,2004,17,143.97,211.67
113504,Active,118627,NA,NA,S,2,1,653547.2563,158.6,2007,41,5.88,53.99
113505,Active,271702,NA,NA,S,3,1,108890.525,44.95,2006,17,26.97,0
113506,Active,662040,NA,NA,S,1,0,612889.3613,73,2004,23,10.96,35.17
113507,Active,183143,NA,NA,S,1,0,125172.75,109.95,2005,24,24.29,84
113508,Active,1741704,NA,NA,S,3,1,29984.925,12.95,2014,24,9.35,10.9
113509,Active,2130470,NA,NA,S,0,0,146749.775,32.95,2009,26,5.41,20.99
113510,Active,1680240,NA,NA,S,0,0,81121.225,25,2014,33,9.5,15.26
113511,Active,1729382,NA,NA,S,0,0,169683.95,24.95,2011,23,8.57,19.11
113512,Active,562637,NA,NA,S,1,0,35626.75,25,2009,43,8.23,16.26
113513,Active,536668,NA,NA,S,0,0,77110.55875,29.95,2006,49,4,23.98
113514,Active,574808,NA,NA,S,2,1,635528.4113,205,2012,56,5.91,136.88
113515,Active,1738172,NA,NA,S,0,0,94978.625,24.95,2011,17,13.65,15.34
113516,Active,1873179,NA,NA,S,1,0,155126.8,40,2008,48,8.94,9.13
113517,Active,677030,NA,NA,S,0,0,117126.025,24.95,2008,49,7.44,13.8
113518,Active,2097752,NA,NA,S,0,0,150918.5,24.95,2015,14,17.1,12.73
113519,Active,1964618,NA,NA,S,0,0,169529.625,29.95,2015,17,21.12,22.94
113520,Active,1736328,NA,NA,S,1,0,97955.425,22.5,2012,16,13.97,16.59
113521,Active,1498166,NA,NA,S,0,0,77113.425,22.99,2013,28,9.7,10.98
113522,Active,2572206,NA,NA,S,1,0,258382.7863,58,1992,46,4,35.99
113523,Active,2167441,NA,NA,S,0,0,41282.55,24.99,2014,11,19.63,19.73
113524,Active,735782,NA,NA,S,1,0,193720,25.99,2011,35,15.82,100.21
113525,Active,3960090,NA,NA,S,0,0,39938.225,21.99,2012,17,11.86,11.94
113526,Active,906553,NA,NA,S,1,0,194170.45,24.95,2012,20,13.9,26.95
113527,Active,797984,NA,NA,S,0,0,166293.825,24.95,2008,53,4,7.38
113528,Active,867829,NA,NA,S,0,0,80571.77625,46,2014,31,6.43,43.59
113529,Active,573808,NA,NA,S,0,0,393613.9263,64,1973,43,4,40.97
113530,Active,2060333,NA,NA,S,0,0,99641.35,24.95,2013,18,18.52,17.05
113531,Active,677827,NA,NA,S,0,0,11505.54875,24.95,2011,39,15.76,16.95
113532,Active,1720446,NA,NA,S,0,0,76450.475,23,2014,11,19.06,13.8
113533,Active,2044221,NA,NA,S,1,0,35708.35,24.95,2010,12,22.32,19.69
113534,Active,2044220,NA,NA,S,0,0,21513.1,24.95,2009,13,22.19,19.11
113535,Active,2044222,NA,NA,S,0,0,33651.825,24.95,2015,7,22.38,19.77
113536,Active,651885,NA,NA,S,0,0,129432.3,21,2009,16,20.5,23.42
113537,Active,626717,NA,NA,S,0,0,36181.325,49.95,2012,30,17.39,42.23
113538,Active,3788666,NA,NA,S,0,0,100116.325,29.95,2015,12,19.96,21.47
113539,Active,2105911,NA,NA,S,0,0,94573.85,25,2015,15,4,19.77
113540,Active,1814950,NA,NA,S,0,0,129466.9,27.99,2014,24,9.73,9.73
113541,Active,1501080,NA,NA,S,0,0,141201.875,23,2010,53,5.81,8.48
113542,Active,2015875,NA,NA,S,0,0,164563.2,20.95,2009,44,6.69,13.99
113543,Active,1780371,NA,NA,S,1,0,75644.425,34.99,2014,14,22,22.25
113544,Active,2022833,NA,NA,S,0,0,183287.725,0,2014,16,4.94,46.88
113545,Active,2084169,NA,NA,S,0,0,52020.125,62.99,2013,4,43.98,43.98
113546,Active,2031328,NA,NA,S,0,0,120502.85,114.52,2007,24,6.59,40.99
113547,Active,2027052,NA,NA,S,3,1,600850.2975,15,2006,71,4,17.86
113548,Active,633884,NA,NA,S,0,0,464608.8925,75.95,2012,22,6.15,17.24
113549,Active,864801,NA,NA,S,0,0,20361.09125,114.95,2016,100,8.44,21.99
113550,Active,867827,NA,NA,S,0,0,18981.91625,89.95,2015,71,7.13,26.23
113551,Active,2289614,NA,NA,S,3,1,64206.575,0,2014,0,0,7.48
113552,Active,628657,NA,NA,S,0,0,56965.625,39,2011,28,12.76,91.63
113553,Active,687315,NA,NA,S,1,0,38142.5,34,2013,15,27.31,28.46
113554,Active,3624894,NA,NA,S,0,0,29053.85,31.99,2015,12,22.08,19.48
113555,Active,1696929,NA,NA,S,0,0,595594.1225,31.99,2013,66,4,28.92
113556,Active,1696925,NA,NA,S,0,0,485972.3638,18.99,2013,94,4,13.98
113557,Active,1527634,NA,NA,S,0,0,768897.6125,19.99,2010,110,3.94,8.98
113558,Active,912342,NA,NA,S,0,0,149760.4225,18,2014,51,4,0
113559,Active,672912,NA,NA,S,0,0,502494.8538,18,2013,92,3.98,0
113560,Active,672939,NA,NA,S,0,0,477623.7525,18.99,2013,63,4,0
113561,Active,536352,NA,NA,S,0,0,747969.62,18.99,2011,56,4,9.81
113562,Active,3624895,NA,NA,S,0,0,196222,24.99,1900,31,10.89,14.98
113563,Active,913662,NA,NA,S,0,0,80490.56875,18.99,2014,176,4,8.1
113564,Active,687986,NA,NA,S,1,0,149384.475,30,2012,17,13.3,18.24
113565,Active,2913977,NA,NA,S,6,1,163.29,39.95,2015,28,21.97,28.98
113566,Active,654760,NA,NA,S,4,1,499789.355,40,2008,17,15.52,0
113567,Active,860318,NA,NA,S,5,1,363070.5713,39.95,2011,14,24.32,0
113568,Active,1479827,NA,NA,S,1,0,99710.475,29.95,2012,18,9.99,12.97
113569,Active,1471135,NA,NA,S,1,0,195261.5,29.95,2015,18,12.07,24.12
113570,Active,541175,NA,NA,S,0,0,499533.4725,18.99,2005,26,4.19,0
113571,Active,800679,NA,NA,S,2,1,494078.1913,33.95,2006,17,33.63,33.63
113572,Active,1696951,NA,NA,S,0,0,371526.015,23.99,2014,32,5.08,14.76
113573,Active,630491,NA,NA,S,0,0,340639.4025,37.99,2013,96,4,23.49
113574,Active,1696939,NA,NA,S,0,0,264263.0525,34.99,2014,84,4,17.34
113575,Active,3960094,NA,NA,S,0,0,6324.95,21.99,2015,18,17.22,13.19
113576,Active,3578228,NA,NA,S,0,0,723.25,35.99,2015,21,21.79,21.53
113577,Active,619752,NA,NA,S,1,0,55090.725,36,2012,15,16.95,22.12
113578,Active,679576,NA,NA,S,1,0,75908.1,29.99,2011,70,5.58,14.99
113579,Active,1757464,NA,NA,S,1,0,3880.4,39.95,2013,18,24.17,22.42
113580,Active,549722,NA,NA,S,1,0,19640.775,34,2011,28,10.39,16.89
113581,Active,913663,NA,NA,S,0,0,82654.075,21.99,2014,50,5.08,11.97
113582,Active,531474,NA,NA,S,0,0,587169.535,21.99,2011,131,4,5.92
113583,Active,1781067,NA,NA,S,2,1,23714.2,22,2014,14,15.5,14.98
113584,Active,1696938,NA,NA,S,0,0,578779.4713,34.99,2014,43,6.48,31.99
113585,Active,117593,NA,NA,S,4,1,416316.865,161.2,2003,57,16.88,68.05
113586,Active,3825212,NA,NA,S,0,0,207032.75,54.95,2015,11,30.39,37.78
113587,Active,2015706,NA,NA,S,2,1,19694.35,22,2007,38,16.92,20.64
113588,Active,2048060,NA,NA,S,0,0,19958.825,24.95,2012,33,7.59,8.99
113589,Active,2087686,NA,NA,S,0,0,71393.875,27.95,2015,22,13.48,20.37
113590,Active,685903,NA,NA,S,1,0,80313.275,30.63,2013,23,21.99,19.85
113591,Active,1778611,NA,NA,S,1,0,225109.875,24.95,2012,45,4,7.25
113592,Active,1708382,NA,NA,S,0,0,143908.475,27.95,2011,25,24.82,26.05
113593,Active,2807496,NA,NA,S,0,0,547396.92,50,2004,41,19.95,81.31
113594,Active,1783178,NA,NA,S,5,1,357847.3,34.95,2012,24,40.12,43.92
113595,Active,591239,NA,NA,S,1,0,204297.075,26,2010,59,4,8.28
113596,Active,1743557,NA,NA,S,4,1,508166.3975,14.95,2014,18,4,10.8
113597,Active,887389,NA,NA,S,4,1,506662.91,10.99,2015,28,4.14,7.43
113598,Active,3801325,NA,NA,S,2,1,721462.1,45,2014,41,18.89,44.57
113599,Active,892870,NA,NA,S,2,1,314516.435,45,2014,18,41.01,44.57
113600,Active,267391,NA,NA,S,0,0,836960.0375,45,2007,33,4,33.98
113601,Active,1632482,NA,NA,S,4,1,205388.9425,44.99,2015,11,36.8,30.64
113602,Active,746792,NA,NA,S,1,0,135926.225,24.95,2012,41,7.24,15.77
113603,Active,2041753,NA,NA,S,0,0,82848.65,27.95,2014,69,4,7.92
113604,Active,924081,NA,NA,S,1,0,12962.1175,14.99,2008,817,4,6.34
113605,Active,3734163,NA,NA,S,0,0,7208.85,29.99,2009,16,6.93,16.24
113606,Active,1918248,NA,NA,S,0,0,128206.05,24.99,2013,22,11.97,11.98
113607,Active,1532681,NA,NA,S,1,0,45558.275,25.95,2013,52,4.95,10.56
113608,Active,896752,NA,NA,S,0,0,6304,24.99,2014,16,17.19,15.97
113609,Active,1736195,NA,NA,S,0,0,56340.35,22.99,2007,31,7.44,12.54
113610,Active,905682,NA,NA,S,2,1,299294.0488,139.95,2002,16,11.84,73.39
113611,Active,637939,NA,NA,S,1,0,338845.7638,113.25,2012,37,8.7,8.82
113612,Active,1918257,NA,NA,S,0,0,21294.3,29.99,2014,9,21.56,20.1
113613,Active,185997,NA,NA,S,1,0,420064.5513,24.99,2010,58,4,6.64
113614,Active,2077783,NA,NA,S,0,0,92919.95,27.95,2011,18,17.85,19.73
113615,Active,2015866,NA,NA,S,0,0,98348.275,27.95,2008,31,16.75,17.99
113616,Active,2092752,NA,NA,S,2,1,87618.525,26.95,2014,17,18.01,19.52
113617,Active,623773,NA,NA,S,4,1,73918.3975,158.4,2013,42,29.23,78.99
113618,Active,1779698,NA,NA,S,1,0,195240.025,26.99,2014,14,12.49,18.31
113619,Active,186570,NA,NA,S,0,0,91397.975,21,2009,42,11.54,18.21
113620,Active,3529084,NA,NA,S,0,0,197127.175,89.99,2007,36,34.41,67.98
113621,Active,1551338,NA,NA,S,1,0,227780,46.95,2013,11,27.98,39.62
113622,Active,833441,NA,NA,S,0,0,549899.46,115,1961,48,7.96,66.63
113623,Active,643866,NA,NA,S,1,0,140007.2,34,2010,24,13.28,20.7
113624,Active,678728,NA,NA,S,0,0,511931.82,29.99,2011,79,4,0
113625,Active,1918529,NA,NA,S,0,0,102876.8,26.99,2014,13,23.17,18.63
113626,Active,628398,NA,NA,S,2,1,595195.51,65,2003,23,4.62,6.28
113627,Active,682362,NA,NA,S,1,0,71289.775,26.99,2008,27,12.37,19.48
113628,Active,2051192,NA,NA,S,0,0,52928.1,26.95,2013,33,5.87,5.81
113629,Active,1760876,NA,NA,S,0,0,60947.55,21.95,2013,13,8.13,21.94
113630,Active,644221,NA,NA,S,0,0,39519.675,50,2001,14,40.44,60
113631,Active,3794256,NA,NA,S,0,0,86480.625,24.95,2008,40,7.49,9.99
113632,Active,1781089,NA,NA,S,1,0,7536.225,29.95,2015,13,19.72,19.72
113633,Active,649509,NA,NA,S,1,0,499902.7988,45.95,2013,22,19.2,46.5
113634,Active,626122,NA,NA,S,0,0,233424.2,33.95,2008,25,6.07,26.8
113635,Active,131991,NA,NA,S,5,1,719835.9,109.6,2004,64,4,9.99
113636,Active,676172,NA,NA,S,1,0,7783.4,26,2008,59,11.41,13.92
113637,Active,680672,NA,NA,S,4,1,1768.675,24.95,2008,27,15.81,15.82
113638,Active,2290040,NA,NA,S,5,1,290787,78.91,2010,10,32.56,78.91
113639,Active,1778159,NA,NA,S,1,0,98405.8,45,2014,13,36.25,36.24
113640,Active,560009,NA,NA,S,1,0,61638.925,40.95,2009,38,22.39,59.94
113641,Active,676253,NA,NA,S,1,0,61332.075,28,2008,37,13.2,18.3
113642,Active,2020784,NA,NA,S,0,0,60817.15,28.95,2013,18,23.16,26.34
113643,Active,1627858,NA,NA,S,0,0,163476.025,35,2015,15,23.91,23.95
113644,Active,686091,NA,NA,S,0,0,32632.675,21.95,2011,21,12.99,13.39
113645,Active,676503,NA,NA,S,0,0,658339.0988,24.99,2006,39,4,0
113646,Active,862935,NA,NA,S,2,1,634660.5525,27.6,2001,22,4,3.5
113647,Active,2238936,NA,NA,S,0,0,112589,49.95,2015,11,32.74,31.87
113648,Active,1726618,NA,NA,S,0,0,188030.7,24.99,2014,11,20.31,16.84
113649,Active,639664,NA,NA,S,1,0,85573.45,34.99,2013,19,18.48,22.39
113650,Active,2254074,NA,NA,S,10,1,271288.425,73.02,2011,22,38.12,56.55
113651,Active,626572,NA,NA,S,8,1,93003.28,144.6,1987,73,10.69,60.87
113652,Active,1536011,NA,NA,S,1,0,410604.8763,65.25,2006,17,10.14,49.95
113653,Active,1729533,NA,NA,S,1,0,106985.95,29.95,2011,26,10.67,12.77
113654,Active,631910,NA,NA,S,0,0,324510.3538,90,1996,25,16.06,81.48
113655,Active,1938632,NA,NA,S,1,0,65359.925,29.95,2014,18,18.97,20.89
113656,Active,914310,NA,NA,S,3,1,114326.5525,19.95,2010,32,4,21.48
113657,Active,689012,NA,NA,S,0,0,3808.15,32,2013,34,14.62,16.29
113658,Active,1870772,NA,NA,S,1,0,114421.675,30,2013,39,6.37,15.49
113659,Active,690184,NA,NA,S,1,0,60657.35,29.95,2009,25,25.91,23.9
113660,Active,689083,NA,NA,S,0,0,73790,29.95,2013,26,7.72,10.61
113661,Active,669194,NA,NA,S,0,0,71095.575,34.95,2010,17,25.41,25.44
113662,Active,2154036,NA,NA,S,0,0,83201.7,23.95,2013,22,9.99,13.99
113663,Active,658301,NA,NA,S,0,0,12754.425,39.95,1900,22,22.01,26.04
113664,Active,2043707,NA,NA,S,0,0,103940.35,24.99,2010,38,6.96,8.96
113665,Active,186321,NA,NA,S,0,0,354702.4175,33.5,2002,39,10.06,29.38
113666,Active,681594,NA,NA,S,0,0,54471,28.99,2013,32,9.79,10.97
113667,Active,1777209,NA,NA,S,1,0,134252.35,29.95,2011,25,9.89,20.18
113668,Active,2067859,NA,NA,S,1,0,55147.3,24.99,2012,8,20.85,18.85
113669,Active,531446,NA,NA,S,6,1,282563.9775,136.95,2012,53,41.37,98.89
113670,Active,1624718,NA,NA,S,0,0,52809.3,27.95,2015,24,14.85,15.45
113671,Active,2011141,NA,NA,S,0,0,65263.35,24.95,2012,7,15.6,16.42
113672,Active,3517283,NA,NA,S,0,0,137748.45,49.95,2016,8,33.92,32.31
113673,Active,546662,NA,NA,S,0,0,6166.375,25,2010,58,13.97,15.38
113674,Active,870911,NA,NA,S,1,0,104662.8,60.5,2013,12,34.19,46.27
113675,Active,754451,NA,NA,S,0,0,105596.2,26.99,2012,16,14.69,16.53
113676,Active,1718948,NA,NA,S,0,0,157704.05,25.95,2008,36,7.88,19.81
113677,Active,2242726,NA,NA,S,0,0,663447.1038,43,2011,41,16.96,43
113678,Active,1705433,NA,NA,S,0,0,761.275,28,2014,48,9.88,12.99
113679,Active,1895082,NA,NA,S,0,0,56369.975,22.44,2009,12,5.93,22.98
113680,Active,1565872,NA,NA,S,1,0,81048.75,24.99,2015,25,12.3,16.51
113681,Active,127044,NA,NA,S,0,0,211278.61,19.95,2006,59,9.94,15.43
113682,Active,881528,NA,NA,S,0,0,679107.3938,24.99,2013,37,4,0
113683,Active,893167,NA,NA,S,4,1,71312.425,24.99,2014,18,12.48,12.97
113684,Active,1701949,NA,NA,S,1,0,235761.8,31.95,2010,16,31.43,31.65
113685,Active,534584,NA,NA,S,0,0,268595.445,75,2011,50,4.87,50.66
113686,Active,265041,NA,NA,S,0,0,662072.2038,59.95,2009,105,4,15.99
113687,Active,1710786,NA,NA,S,2,1,94034.775,25,2011,14,17.14,19.63
113688,Active,2250799,NA,NA,S,2,1,588162.975,177.81,2006,46,41.19,138.3
113689,Active,680743,NA,NA,S,1,0,446143.0563,26,1999,42,4,20.02
113690,Active,155685,NA,NA,S,3,1,753298.7075,48.95,2011,19,12.94,45.94
113691,Active,620636,NA,NA,S,0,0,795884.9088,68,2006,20,11.61,50.66
113692,Active,3572435,NA,NA,S,0,0,850873.4,45,2003,23,8.63,66.51
113693,Active,2653787,NA,NA,S,0,0,705128.5613,49.95,1992,20,8.98,62.98
113694,Active,198938,NA,NA,S,0,0,736918.9213,65,1998,16,16.29,61.21
113695,Active,719637,NA,NA,S,1,0,360536.125,44.99,1999,29,4,21.61
113696,Active,546148,NA,NA,S,2,1,92135.90375,83.95,2014,26,23.46,51.15
113697,Active,1446051,NA,NA,S,2,1,637130.9538,94.95,2011,26,15.48,67.72
113698,Active,120282,NA,NA,S,1,0,92156,112.6,2010,39,0,36.99
113699,Active,339045,NA,NA,S,1,0,875431.9438,84,2009,20,4,81
113700,Active,118663,NA,NA,S,1,0,68785.925,138,2007,26,55.14,116.94
113701,Active,906857,NA,NA,S,1,0,104634.675,31.95,2014,27,11.09,17.99
113702,Active,2882822,NA,NA,S,0,0,602504.6,40,1996,22,21.05,49.77
113703,Active,626332,NA,NA,S,1,0,309785.725,121.6,2008,31,4.76,38.99
113704,Active,674907,NA,NA,S,0,0,189840.075,24.95,2007,43,5.65,14.99
113705,Active,544669,NA,NA,S,8,1,37254.095,183.95,2013,39,51.49,64.14
113706,Active,864611,NA,NA,S,3,1,67265.47625,109,2014,44,49.94,70.36
113707,Active,266240,NA,NA,S,5,1,111073.0813,205.2,2012,102,10.86,67.91
113708,Active,2924821,NA,NA,S,40,1,119630,64,2016,12,46.74,50.61
113709,Active,244007,NA,NA,S,7,1,113632.0925,231.95,2005,55,13.97,63.63
113710,Active,610318,NA,NA,S,3,1,56769.09625,112.95,2013,64,34.99,51.57
113711,Active,537788,NA,NA,S,3,1,391204.9088,230,2012,90,10,39.95
113712,Active,535015,NA,NA,S,11,1,11917.14625,246.95,2013,97,27.33,41.97
113713,Active,254312,NA,NA,S,2,1,781665.7563,136.95,2011,36,18.96,112.27
113714,Active,914490,NA,NA,S,3,1,265838.6588,145.95,2014,32,7.89,56.39
113715,Active,867289,NA,NA,S,0,0,76059.36375,44.95,2010,38,20.99,32.54
113716,Active,910987,NA,NA,S,2,1,720404.0675,139,2007,23,13.13,42.83
113717,Active,560465,NA,NA,S,5,1,888074.4038,196,2013,63,4.53,166.81
113718,Active,3808668,NA,NA,S,0,0,126926.7,122,2015,30,37.98,98.99
113719,Active,3808634,NA,NA,S,0,0,64137.3,24,2015,31,11.7,21.99
113720,Active,870014,NA,NA,S,0,0,673585.3663,41,2014,36,4,38.98
113721,Active,193699,NA,NA,S,2,1,421343.4838,210,2011,89,4.5,102.98
113722,Active,628650,NA,NA,S,4,1,361121.6975,148,2011,53,4.96,13.99
113723,Active,609998,NA,NA,S,4,1,54935.0125,89.95,2011,58,40.76,48.93
113724,Active,507869,NA,NA,S,2,1,20184.75,14.95,2009,21,12.47,10.86
113725,Active,1468781,NA,NA,S,0,0,814936.765,75,2007,19,14.35,37.97
113726,Active,891016,NA,NA,S,0,0,136831.0438,14.99,2015,17,8.21,10
113727,Active,3235767,NA,NA,S,9,1,597323.1788,34.1,2005,25,6.47,81.96
113728,Active,452945,NA,NA,S,11,1,8722.375,304.95,2011,88,11.02,81.87
113729,Active,254320,NA,NA,S,0,0,215600.975,33.95,2010,18,6.94,23.94
113730,Active,477704,NA,NA,S,3,1,230880.1125,199.95,2011,87,5.56,40.73
113731,Active,2248862,NA,NA,S,10,1,271068.075,78.72,2007,25,6.91,38.29
113732,Active,534670,NA,NA,S,8,1,257046.7463,94.95,2012,76,5.37,13.99
113733,Active,1710888,NA,NA,S,1,0,119707.825,24,2011,50,13.16,23.1
113734,Active,50393,NA,NA,S,8,1,638151.9863,124.95,2003,54,4,9.82
113735,Active,2087792,NA,NA,S,1,0,129879.7,24.95,2015,11,23.99,24.95
113736,Active,183731,NA,NA,S,1,0,76853.225,60.95,2010,22,58.94,75.09
113737,Active,1649464,NA,NA,S,0,0,216493.75,39.95,2014,16,29.44,30.35
113738,Active,3614225,NA,NA,S,4,1,532111.95,15.95,2002,25,63.94,152.53
113739,Active,1836792,NA,NA,S,2,1,79416.475,30,2011,62,5.14,6.47
113740,Active,2067844,NA,NA,S,1,0,89294.85,99.95,2014,8,57.64,62.66
113741,Active,2051283,NA,NA,S,0,0,146075.5,21.99,2008,11,10.48,17.76
113742,Active,1647730,NA,NA,S,2,1,754789.8875,28.95,2015,17,6.09,24.48
113743,Active,132453,NA,NA,S,2,1,185028.2888,167.2,2003,34,13.99,0
113744,Active,600761,NA,NA,S,10,1,51389.7825,124.99,2012,61,43.99,88.18
113745,Active,549662,NA,NA,S,1,0,65731.85,32,2011,23,15.69,17.53
113746,Active,3763392,NA,NA,S,4,1,14771.85,49.99,2015,17,25.98,27.93
113747,Active,907948,NA,NA,S,2,1,417367.2113,187,2014,52,18.95,90.5
113748,Active,233130,NA,NA,S,1,0,37043.17875,19.95,2002,292,4,7.01
113749,Active,903253,NA,NA,S,5,1,894314.4175,97.77,2011,16,8.06,88.18
113750,Active,665461,NA,NA,S,0,0,186575.2163,39.95,2011,23,32.34,36.13
113751,Active,664885,NA,NA,S,1,0,199834.05,35,2014,17,23.39,27.82
113752,Active,149274,NA,NA,S,0,0,807462.7825,46,2004,38,4,30.66
113753,Active,663579,NA,NA,S,2,1,21048.50875,63.95,2014,31,31.99,39.69
113754,Active,603323,NA,NA,S,0,0,191300.175,34.95,2008,31,11.89,18.72
113755,Active,1491218,NA,NA,S,0,0,147803.775,21.95,2013,14,16.18,16.96
113756,Active,156681,NA,NA,S,1,0,502126.5375,69.95,2003,31,17.19,51.21
113757,Active,564586,NA,NA,S,2,1,611055.6375,31.95,2002,77,4,19.99
113758,Active,619480,NA,NA,S,2,1,829999.6188,43.95,1999,27,8.27,69.46
113759,Active,172196,NA,NA,S,1,0,168805.75,45.95,2007,16,36.85,38.86
113760,Active,1554148,NA,NA,S,0,0,470913.2413,29.95,2012,17,25.63,27.55
113761,Active,2834684,NA,NA,S,1,0,342755.1225,60,1975,24,11.92,52.74
113762,Active,915695,NA,NA,S,2,1,99020.3625,152.95,2014,48,23.99,73.98
113763,Active,662795,NA,NA,S,4,1,197914.1113,49.95,2012,32,10.94,41.71
113764,Active,213218,NA,NA,S,0,0,595642.9775,55.95,2006,32,17.14,41.48
113765,Active,172404,NA,NA,S,0,0,352321.6575,25.5,2001,95,4,11.29
113766,Active,616485,NA,NA,S,0,0,589559.5875,76.95,2011,78,6.99,62.32
113767,Active,647158,NA,NA,S,0,0,95421.75,45,2012,14,37.43,35.16
113768,Active,174363,NA,NA,S,1,0,439764.9713,34.99,2006,28,28.74,26.18
113769,Active,2019294,NA,NA,S,2,1,502861.1888,18,2010,28,8.85,126.55
113770,Active,678469,NA,NA,S,2,1,51242.425,32,2011,19,20.66,24.48
113771,Active,2113086,NA,NA,S,0,0,100722.65,44.95,2014,15,26.04,23.63
113772,Active,2862118,NA,NA,S,1,0,201299.6613,24,1987,49,10.97,22.79
113773,Active,106673,NA,NA,S,4,1,305664.2,34.99,2009,69,4,17.72
113774,Active,2031628,NA,NA,S,0,0,22439.325,24.99,2012,14,8.64,17.2
113775,Active,2099543,NA,NA,S,0,0,42809.075,24.99,2014,14,12.33,12.32
113776,Active,1495892,NA,NA,S,0,0,11747.725,21.99,2010,28,11.58,12.6
113777,Active,1496104,NA,NA,S,0,0,72196.825,22.99,2010,37,10.3,15.48
113778,Active,687946,NA,NA,S,0,0,22911.025,22.95,2013,23,14.44,15.86
113779,Active,682301,NA,NA,S,1,0,32537.225,24.99,2011,16,13.96,14.98
113780,Active,798886,NA,NA,S,0,0,42348.25,25.01,2009,32,4.86,8.87
113781,Active,1682606,NA,NA,S,2,1,22574.4,24.95,2014,22,15.08,17.72
113782,Active,681036,NA,NA,S,0,0,246162.65,25.95,2009,15,23.43,24.42
113783,Active,802333,NA,NA,S,1,0,351973.6,83.95,2013,28,12.8,23.99
113784,Active,557642,NA,NA,S,5,1,413951.2975,127.27,2012,17,27.57,187.68
113785,Active,1590573,NA,NA,S,3,1,170609.6738,74.99,2011,78,7.95,56.98
113786,Active,591731,NA,NA,S,1,0,801596.36,56.95,2010,28,11.62,42.22
113787,Active,198372,NA,NA,S,2,1,749878.3525,41,2009,22,8.53,36.75
113788,Active,568432,NA,NA,S,0,0,314395.6913,54.99,1984,35,9.93,35.97
113789,Active,725051,NA,NA,S,1,0,491388.9625,34.95,2008,17,31,56.99
113790,Active,1565899,NA,NA,S,0,0,44959.125,24.99,2013,42,8.41,14.32
113791,Active,1692907,NA,NA,S,1,0,139280,27.95,2014,12,18.47,18.47
113792,Active,640851,NA,NA,S,2,1,387120.25,75.95,2001,34,5.25,69.99
113793,Active,910766,NA,NA,S,3,1,1815.6,21.99,2014,27,13.97,12.35
113794,Active,902647,NA,NA,S,0,0,102904.925,24.95,2011,12,23.59,27.5
113795,Active,618238,NA,NA,S,1,0,164030.8588,41.74,2012,38,5.9,41.67
113796,Active,636156,NA,NA,S,1,0,126491.5,121.75,2012,21,21.49,74.19
113797,Active,898688,NA,NA,S,0,0,793677.2388,75,2003,24,15.97,43.47
113798,Active,3802132,NA,NA,S,0,0,50277.725,25.95,2012,25,25.27,25.95
113799,Active,673070,NA,NA,S,2,1,2234.475,21,2013,34,13.38,10.91
113800,Active,3960252,NA,NA,S,1,0,34665.425,35,2015,18,22.78,14.2
113801,Active,2039578,NA,NA,S,0,0,104218.9,32,2008,46,7.54,19.22
113802,Active,2100801,NA,NA,S,1,0,24168.525,27.95,2013,23,14.24,17.15
113803,Active,1715959,NA,NA,S,0,0,169520.45,24.95,2013,15,22.19,22.69
113804,Active,1715827,NA,NA,S,0,0,33684.325,24.95,2011,18,23.72,22.45
113805,Active,1710737,NA,NA,S,0,0,23788.4,25,2009,16,22.62,17.63
113806,Active,3800329,NA,NA,S,0,0,18868.8,27.5,2015,15,17.09,18.51
113807,Active,1942337,NA,NA,S,5,1,103844.425,36.95,2015,7,29.75,29.75
113808,Active,1942336,NA,NA,S,6,1,44247.58875,37.95,2014,31,17.96,23.95
113809,Active,776015,NA,NA,S,5,1,2114538.21,29.95,2007,42,4,11.98
113810,Active,1633787,NA,NA,S,3,1,179093.6913,34.95,2012,29,4.28,24.1
113811,Active,679283,NA,NA,S,0,0,27737.225,29.38,2009,13,21.94,26.66
113812,Active,776086,NA,NA,S,3,1,366344.6888,29.95,2008,56,4,13.98
113813,Active,2581287,NA,NA,S,1,0,433205.8213,35,2004,22,4,79.25
113814,Active,689058,NA,NA,S,1,0,33776.875,29.95,2013,12,20.99,20.99
113815,Active,1999362,NA,NA,S,3,1,677140.6425,10.97,2014,5,9.58,21.35
113816,Active,3059156,NA,NA,S,0,0,423912.6338,30.75,2004,55,4,16.57
113817,Active,108349,NA,NA,S,0,0,488655.545,103.89,2007,21,9.13,91.5
113818,Active,633706,NA,NA,S,6,1,89177.35625,158.8,2013,37,36.49,101.99
113819,Active,2665259,NA,NA,S,0,0,77259.0175,16.99,1999,64,5.99,8.98
113820,Active,642346,NA,NA,S,1,0,204001.4225,49.99,2011,23,16.9,27.7
113821,Active,2017592,NA,NA,S,0,0,24519.9,21.95,2011,15,17.74,15.48
113822,Active,2006309,NA,NA,S,0,0,36629.85,27.95,2010,9,17.97,20.6
113823,Active,264033,NA,NA,S,0,0,73583.5,64.95,2008,18,43.99,46.41
113824,Active,1886487,NA,NA,S,3,1,140302,39.99,2016,8,27.54,32.81
113825,Active,2107314,NA,NA,S,0,0,35482.775,35,2015,7,23.98,23.98
113826,Active,3801088,NA,NA,S,0,0,29249.25,62.99,2013,19,42.72,39.94
113827,Active,2006367,NA,NA,S,0,0,34711.725,26.95,2007,20,11.85,18.28
113828,Active,2020554,NA,NA,S,0,0,196409.3,24.95,2010,20,14.24,16.62
113829,Active,2022008,NA,NA,S,1,0,78400.25,25,2010,12,17.99,18.77
113830,Active,1532677,NA,NA,S,1,0,132134.825,26.95,2014,55,4.15,8.18
113831,Active,1494635,NA,NA,S,0,0,86819.9,65,2014,13,39.8,40.99
113832,Active,644379,NA,NA,S,1,0,292427.0825,59.99,2013,28,30.62,47.95
113833,Active,1576840,NA,NA,S,0,0,62244.375,29.95,2015,14,19.89,22.64
113834,Active,2524625,NA,NA,S,0,0,497765.1725,24.95,1988,73,4,889.03
113835,Active,1719665,NA,NA,S,0,0,593824.7263,115,2011,21,19.38,97.81
113836,Active,1668394,NA,NA,S,0,0,86743.975,30,2013,33,9.39,13.98
113837,Active,3818955,NA,NA,S,0,0,88164.175,49.95,2013,20,27.71,30.92
113838,Active,2165693,NA,NA,S,3,1,507191.8425,24,2014,35,4,43.94
113839,Active,661795,NA,NA,S,0,0,802721.9,49.95,2012,22,16.16,34.74
113840,Active,136898,NA,NA,S,0,0,20295.525,30,2011,50,16.63,18.93
113841,Active,1869083,NA,NA,S,0,0,61504.975,24.95,2012,18,13.99,18.74
113842,Active,2488505,NA,NA,S,0,0,77123.225,26.88,2015,11,30.48,25.36
113843,Active,1716099,NA,NA,S,0,0,99693.525,24.95,2014,11,20.93,21.68
113844,Active,2043760,NA,NA,S,0,0,66813.825,24.99,2012,26,11.21,11.97
113845,Active,2919090,NA,NA,S,2,1,496226.5713,29.95,2015,22,13.82,21.45
113846,Active,1996515,NA,NA,S,0,0,80473.625,24.99,2014,10,24.27,21.78
113847,Active,2027705,NA,NA,S,0,0,146413.325,45.95,2012,19,37.55,45.84
113848,Active,174663,NA,NA,S,1,0,710479.8275,44.99,1998,39,5.8,35.97
113849,Active,544384,NA,NA,S,2,1,32107.0175,69.95,2013,58,17.94,55.2
113850,Active,2273703,NA,NA,S,2,1,445368.925,80.97,1900,44,39.61,68.46
113851,Active,544327,NA,NA,S,11,1,23126.26125,266.95,2013,86,41.17,99
113852,Active,299716,NA,NA,S,1,0,100189.7,67.95,2011,34,52.94,66.87
113853,Active,428629,NA,NA,S,3,1,36187.635,228.6,2012,76,34.93,124.51
113854,Active,1534947,NA,NA,S,1,0,38933.7,28,2014,20,21.48,26.74
113855,Active,2006154,NA,NA,S,1,0,156816.475,66.95,2010,16,32.22,67.31
113856,Active,194162,NA,NA,S,1,0,145582.225,62,2010,13,36.2,49.46
113857,Active,2649557,NA,NA,S,1,0,706415.4438,60.95,2004,26,8.99,26.65
113858,Active,1583697,NA,NA,S,1,0,317702.3688,39.99,2012,21,32.75,37.84
113859,Active,2077854,NA,NA,S,0,0,101416.925,27.95,2014,16,18.3,19.09
113860,Active,628219,NA,NA,S,0,0,496614.2,50.95,1998,27,19.26,0
113861,Active,1623621,NA,NA,S,1,0,377772.9725,40.95,2008,19,9.12,31.43
113862,Active,211232,NA,NA,S,1,0,810454.6738,79,2000,39,10.94,63.21
113863,Active,439524,NA,NA,S,0,0,777372.9375,49.99,2008,24,7.74,39.94
113864,Active,262374,NA,NA,S,2,1,40675.125,26.95,2009,68,14.3,21.92
113865,Active,208372,NA,NA,S,0,0,74022.95,24.99,2009,40,12.48,13.31
113866,Active,531391,NA,NA,S,2,1,885597.65,49.95,2004,18,8.17,36.74
113867,Active,2046223,NA,NA,S,1,0,188233.4525,30,2006,39,20.03,25.04
113868,Active,1583726,NA,NA,S,0,0,396813.6138,39.99,2011,18,31.16,31.09
113869,Active,658292,NA,NA,S,1,0,59539.85,36.95,2012,22,24,23.99
113870,Active,494865,NA,NA,S,1,0,481185.835,44.95,2012,19,11.52,31.42
113871,Active,858823,NA,NA,S,1,0,290294.345,64.95,2001,54,7.02,40.37
113872,Active,800630,NA,NA,S,2,1,892614.1863,70,2008,36,6.79,37.21
113873,Active,2545221,NA,NA,S,0,0,382560.7175,63.95,1991,61,5.48,35.99
113874,Active,2541074,NA,NA,S,2,1,524339.3213,29.95,2002,34,4,11.26
113875,Active,158339,NA,NA,S,0,0,89669.25,56.95,2010,15,47.26,54.14
113876,Active,1875546,NA,NA,S,1,0,76681.125,29.99,2011,20,13.98,17.99
113877,Active,2076642,NA,NA,S,0,0,189857.325,25,2010,16,23.98,25
113878,Active,544980,NA,NA,S,3,1,112800.225,36.95,2011,33,13.97,20.25
113879,Active,247496,NA,NA,S,1,0,628743.7638,96,2006,39,6.71,58.11
113880,Active,531387,NA,NA,S,0,0,397510.7313,13.95,2009,41,6.95,8.62
113881,Active,1839296,NA,NA,S,1,0,617490.91,43.95,2007,30,6.34,13.99
113882,Active,627533,NA,NA,S,0,0,133693.925,34.99,2008,17,5.88,24.66
113883,Active,653525,NA,NA,S,2,1,686464.6188,78.95,2006,28,14.07,19.52
113884,Active,162548,NA,NA,S,1,0,308583.5463,85,2008,46,34.03,41.87
113885,Active,149263,NA,NA,S,0,0,308808.53,50,2003,60,4.95,33.73
113886,Active,717593,NA,NA,S,5,1,702266.3,90.95,2001,19,4.4,28.98
113887,Active,544527,NA,NA,S,8,1,208331.7863,196.95,2013,36,46.37,132.9
113888,Active,680814,NA,NA,S,1,0,224356.85,29.2,2012,23,10.53,14.98
113889,Active,664638,NA,NA,S,1,0,52842.1,37.95,2013,31,22.86,31.14
113890,Active,1494468,NA,NA,S,0,0,129238.625,26,2015,35,10.39,15.93
113891,Active,690154,NA,NA,S,0,0,169802.5,24.95,2010,7,17.62,20.71
113892,Active,909890,NA,NA,S,0,0,16412.6,22,2013,17,17.98,17.35
113893,Active,2162250,NA,NA,S,0,0,238403.4,22.95,2011,12,21.88,22.95
113894,Active,684158,NA,NA,S,1,0,295063.5575,29.4,2013,26,4.98,29.4
113895,Active,2166224,NA,NA,S,0,0,22062.45,24.95,2013,15,16.81,16.55
113896,Active,2086868,NA,NA,S,0,0,220135.425,44.95,2013,18,10.15,34.03
113897,Active,563563,NA,NA,S,0,0,116392.225,24.95,2011,43,7.26,11.09
113898,Active,1728358,NA,NA,S,6,1,749351.3775,38,2006,21,6.54,67.77
113899,Active,621825,NA,NA,S,1,0,574625.0875,83.95,1988,30,4,71.13
113900,Active,1752149,NA,NA,S,0,0,52678.1,21.98,2015,11,19,19.78
113901,Active,688058,NA,NA,S,2,1,4600.925,29.97,2010,21,26.66,26.66
113902,Active,676087,NA,NA,S,1,0,190366.425,27.95,2008,59,4,13.24
113903,Active,917486,NA,NA,S,3,1,27353.225,29.95,2009,48,11.96,21.93
113904,Active,1781128,NA,NA,S,3,1,41319.89625,26.99,2015,20,13.94,18.25
113905,Active,1772446,NA,NA,S,11,1,31797.19125,167.95,2014,55,48.59,105.98
113906,Active,137029,NA,NA,S,1,0,244284.4,29,2007,17,20.78,24.37
113907,Active,3479934,NA,NA,S,1,0,48345.95,39.95,2015,35,14.05,8.91
113908,Active,1471184,NA,NA,S,1,0,66380.5,39.95,2014,20,22.57,33.93
113909,Active,3483866,NA,NA,S,1,0,89104.25,44.95,2015,28,25.89,25.99
113910,Active,531370,NA,NA,S,1,0,500904.8588,44.8,2007,48,4.91,18.99
113911,Active,875149,NA,NA,S,4,1,108879.1325,56,2014,29,22.6,39.91
113912,Active,3694514,NA,NA,S,14,1,41009,29.95,2016,18,22.14,26.43
113913,Active,533818,NA,NA,S,6,1,69413.52625,197.4,2012,56,38.09,128.97
113914,Active,131157,NA,NA,S,5,1,396534.5,176.4,1998,30,8.41,186.9
113915,Active,642884,NA,NA,S,1,0,116799.1,114.95,2009,23,13.2,75.29
113916,Active,1954107,NA,NA,S,0,0,175440.55,35,2014,17,31.19,31.2
113917,Active,3829069,NA,NA,S,1,0,141691.5,24.95,2013,11,33.93,63.93
113918,Active,2087470,NA,NA,S,0,0,97592.35,26.95,2015,13,22.47,20.62
113919,Active,1737881,NA,NA,S,28,1,682390.3488,70,2008,20,8,48.45
113920,Active,2164235,NA,NA,S,0,0,93065.775,24.95,2012,25,16.49,20.62
113921,Active,2157175,NA,NA,S,0,0,75480.325,24.95,2011,34,9.99,17.74
113922,Active,2026873,NA,NA,S,0,0,102742.175,35,2008,60,4.95,9.16
113923,Active,1815666,NA,NA,S,0,0,99828.45,0,2012,15,9.93,9.98
113924,Active,2107349,NA,NA,S,0,0,44866.3,25,2015,18,13.59,13.62
113925,Active,644373,NA,NA,S,0,0,209193.475,34,2013,17,30.69,26.89
113926,Active,1571463,NA,NA,S,3,1,583087.1513,21.99,2006,34,4,119.66
113927,Active,866702,NA,NA,S,6,1,22354.95,151.25,2014,107,54.12,84.49
113928,Active,1710066,NA,NA,S,2,1,85036.3,22.95,2010,27,9.99,17
113929,Active,1576689,NA,NA,S,0,0,64707.025,29.95,2014,26,10.01,21.98
113930,Active,2111693,NA,NA,S,0,0,43224.05,24.95,2014,9,17.24,17.24
113931,Active,644659,NA,NA,S,2,1,58345.225,36.95,2012,22,23.98,24.96
113932,Active,3731882,NA,NA,S,0,0,129931.175,22.99,2013,25,9.98,16.55
113933,Active,2067935,NA,NA,S,0,0,88013.15,39.95,2010,6,28.02,27.95
113934,Active,3561896,NA,NA,S,0,0,555005.5,44.95,2009,70,14.53,22.99
113935,Active,2161283,NA,NA,S,0,0,223766.425,24.95,2010,10,23.85,22.99
113936,Active,1955838,NA,NA,S,1,0,115434.675,24.95,2011,14,12.39,24.76
113937,Active,2105094,NA,NA,S,0,0,122095.5,35,2013,11,23.98,23.98
113938,Active,3805377,NA,NA,S,0,0,79565.275,62.99,2013,12,43.13,41.94
113939,Active,162776,NA,NA,S,1,0,665194.3875,69.99,2010,42,11.76,0
113940,Active,1780489,NA,NA,S,1,0,238436.95,50,2014,17,22.95,28.99
113941,Active,165765,NA,NA,S,1,0,85455.825,120,2004,22,33.94,58.99
113942,Active,906901,NA,NA,S,1,0,187939.235,59.99,2008,41,5.3,45.95
113943,Active,1981491,NA,NA,S,0,0,204258.75,62.95,2015,9,53.44,53.48
113944,Active,1634413,NA,NA,S,1,0,62265.5,21.95,2009,47,4.8,11.98
113945,Active,1989598,NA,NA,S,1,0,110432.05,29.99,2015,18,19.13,20.14
113946,Active,1630865,NA,NA,S,1,0,40915.65,49.95,2013,21,28.58,34.94
113947,Active,689703,NA,NA,S,1,0,243277.375,31.95,2011,21,23.2,27.78
113948,Active,2095812,NA,NA,S,1,0,49147.15,44.99,2015,15,28.64,27.58
113949,Active,2073467,NA,NA,S,0,0,159408.65,150.7,2011,62,5.47,39.54
113950,Active,3924899,NA,NA,S,0,0,31069.45,59,1900,6,43.7,44.72
113951,Active,1724681,NA,NA,S,0,0,22247.575,24.95,2014,21,9.16,9.22
113952,Active,2051271,NA,NA,S,0,0,27229,29.99,2008,13,22.68,22.8
113953,Active,2051272,NA,NA,S,0,0,71054.275,29.99,2008,24,15.42,17.48
113954,Active,2051277,NA,NA,S,0,0,22487.175,29.99,2008,26,17.03,22.11
113955,Active,2051273,NA,NA,S,0,0,20594.075,29.99,2008,21,13.64,22.95
113956,Active,2051278,NA,NA,S,0,0,98928.675,29.99,2008,32,18.27,22.88
113957,Active,2051279,NA,NA,S,0,0,65994.8,29.99,2008,32,9.33,19.89
113958,Active,2051259,NA,NA,S,0,0,169695.1,29.99,2007,21,13.99,22.9
113959,Active,3054259,NA,NA,S,0,0,351531.7888,44.05,2002,23,4,22.1
113960,Active,3014679,NA,NA,S,0,0,77523.375,29.99,2004,31,16.18,22.57
113961,Active,559736,NA,NA,S,0,0,9562.94,4.99,2003,273,3.6,3.74
113962,Active,2080896,NA,NA,S,0,0,32373.35,21.99,2010,22,10.66,14.02
113963,Active,2006979,NA,NA,S,0,0,14479.75,21.99,2015,38,7.98,13.95
113964,Active,677904,NA,NA,S,1,0,6626.6,21.99,2015,30,11.17,16.23
113965,Active,2006980,NA,NA,S,0,0,10323,21.99,2015,37,6.41,13.98
113966,Active,2006981,NA,NA,S,1,0,12641.4,21.99,2015,40,10.06,17.17
113967,Active,2006985,NA,NA,S,1,0,26026.15,21.99,2015,21,10.74,17.34
113968,Active,2080897,NA,NA,S,0,0,43160.15,21.99,2010,20,12.75,13.99
113969,Active,228988,NA,NA,S,0,0,279783.6225,16,2008,22,12.23,15.99
113970,Active,213554,NA,NA,S,0,0,83686.06625,19.95,2009,32,15.98,16.79
113971,Active,142698,NA,NA,S,2,1,259833.225,75,2008,29,18.49,0
113972,Active,2006982,NA,NA,S,0,0,22536.85,22.99,2014,21,8.98,15.71
113973,Active,2006983,NA,NA,S,0,0,20959.725,22.99,2014,30,5.96,16.34
113974,Active,2006984,NA,NA,S,0,0,26812.475,22.99,2014,43,5.57,11.98
113975,Active,1680230,NA,NA,S,0,0,3074.75,22.99,2014,14,15.57,16.24
113976,Active,2083944,NA,NA,S,0,0,54975.05,23.99,2013,13,18.32,18.32
113977,Active,690075,NA,NA,S,0,0,89360.65,23.99,2013,15,18.57,18.58
113978,Active,2080895,NA,NA,S,0,0,25856.6,29.99,2010,22,17.11,22.83
113979,Active,2080893,NA,NA,S,0,0,59045.85,29.99,2010,8,21.25,26.33
113980,Active,2080894,NA,NA,S,0,0,14105.85,29.99,2010,15,21.48,16.99
113981,Active,2083945,NA,NA,S,0,0,46292.475,29.99,2013,13,23.5,23.5
113982,Active,682024,NA,NA,S,0,0,4984.7,24.95,2013,32,13.14,14.77
113983,Active,2051284,NA,NA,S,0,0,44188.075,29.99,2009,21,20.72,21.17
113984,Active,2051285,NA,NA,S,0,0,58719.95,29.99,2010,24,22.58,22.62
113985,Active,1599059,NA,NA,S,0,0,163991.475,27.99,2009,26,13.9,19.59
113986,Active,1719602,NA,NA,S,0,0,82004.875,27.95,2014,9,24.99,22.48
113987,Active,3580721,NA,NA,S,1,0,105282.025,22.5,2011,28,5.93,7.82
113988,Active,3882976,NA,NA,S,0,0,34842,19.99,2013,24,15.29,16.91
113989,Active,3526903,NA,NA,S,1,0,68475.35,29.95,2014,24,15.38,20.4
113990,Active,3611854,NA,NA,S,1,0,152482.4,24.99,2009,64,9.43,12.24
113991,Active,542092,NA,NA,S,1,0,100064.7538,29.95,2012,47,13.97,19.58
113992,Active,139128,NA,NA,S,1,0,536706.8538,60,2004,27,12.43,18.74
113993,Active,194193,NA,NA,S,1,0,14501.775,24.95,2010,30,13.99,16.83
113994,Active,193965,NA,NA,S,1,0,61181.425,69,2003,16,39.97,56.9
113995,Active,831223,NA,NA,S,3,1,468889.285,70,2000,30,15.18,57.44
113996,Active,641892,NA,NA,S,1,0,401568.4763,45.95,1991,56,24.4,36.25
113997,Active,919740,NA,NA,S,0,0,40209.8,22.95,2013,19,16.16,21.8
113998,Active,1937305,NA,NA,S,0,0,35039.8,28,2014,42,7.7,9.06
113999,Active,2101589,NA,NA,S,0,0,17989.15,25.99,2014,14,17.96,17.5
114000,Active,629107,NA,NA,S,1,0,77062.65,32.5,2013,63,9.98,15.87
114001,Active,1683304,NA,NA,S,2,1,384951.1388,9.95,2008,9,17.53,13.76
114002,Active,3576187,NA,NA,S,0,0,41289.3,29.99,2012,18,18.04,17.99
114003,Active,2105769,NA,NA,S,0,0,367.25,34.95,2014,32,19.29,19.65
114004,Active,866330,NA,NA,S,6,1,625997.735,49.95,1995,45,4.77,39.96
114005,Active,753033,NA,NA,S,1,0,52312.95,24.95,2011,26,9.12,16.86
114006,Active,1866751,NA,NA,S,1,0,56666.825,50,2014,19,22.14,31.03
114007,Active,3496317,NA,NA,S,0,0,69056.6,65,2016,3,53.5,42.08
114008,Active,2129859,NA,NA,S,1,0,49186.15,24.95,2011,11,18.51,18.51
114009,Active,782581,NA,NA,S,0,0,237978.1,24.99,2009,6,11.98,18.96
114010,Active,2104034,NA,NA,S,1,0,39502.975,24.95,2015,14,13.69,18.22
114011,Active,1683999,NA,NA,S,0,0,65898.575,34.99,2010,16,23.94,29.32
114012,Active,1590070,NA,NA,S,1,0,159363.275,34.99,2008,34,12.67,21
114013,Active,271684,NA,NA,S,2,1,374125.9875,26.95,2008,65,4,8.78
114014,Active,2043752,NA,NA,S,0,0,76353.725,22.99,2012,35,7.98,8.94
114015,Active,1433823,NA,NA,S,0,0,176639.1,29.99,2014,47,4,7.41
114016,Active,2034074,NA,NA,S,0,0,102987.725,21.95,2010,18,14.86,18.99
114017,Active,2084615,NA,NA,S,0,0,47983.05,22.95,2014,15,9.05,12.7
114018,Active,684080,NA,NA,S,2,1,118071.14,24.95,1999,29,19.49,45.97
114019,Active,731731,NA,NA,S,1,0,471444.2263,24.95,2001,71,4,16.19
114020,Active,3960093,NA,NA,S,1,0,17454,26.95,2015,42,8.57,16.36
114021,Active,3794491,NA,NA,S,0,0,221625.975,49.95,2010,16,27.4,43.98
114022,Active,2052914,NA,NA,S,0,0,119051.45,26.99,2015,53,8.85,12.84
114023,Active,2053340,NA,NA,S,0,0,75698.15,33.74,2007,15,21.94,39.97
114024,Active,3591810,NA,NA,S,0,0,59127.125,23.95,2015,8,23.33,23.2
114025,Active,2156153,NA,NA,S,0,0,42353.25,25.95,2009,22,14.38,18.41
114026,Active,3959997,NA,NA,S,1,0,668.1,29.95,2016,29,14.41,15.84
114027,Active,1707425,NA,NA,S,0,0,214134.925,39.95,2013,15,33.99,34.28
114028,Active,3498075,NA,NA,S,1,0,49903.725,27,2012,53,7.13,7.77
114029,Active,3826160,NA,NA,S,0,0,26664.175,49.99,2016,15,38.44,34.86
114030,Active,1646648,NA,NA,S,0,0,14307.675,34.99,2014,29,19.92,25.31
114031,Active,791113,NA,NA,S,1,0,98168.3,26,2008,39,4,15.94
114032,Active,2106785,NA,NA,S,0,0,10685.95,24.95,2014,15,15.99,18.8
114033,Active,746757,NA,NA,S,0,0,69251.25,26.95,2012,26,17.98,19.68
114034,Active,2075717,NA,NA,S,0,0,191483.075,25.95,2014,20,8.35,12.81
114035,Active,2153632,NA,NA,S,0,0,62526,39.99,2014,13,31.48,28.44
114036,Active,2136433,NA,NA,S,0,0,128556.2,28.95,2008,25,4.68,5.92
114037,Active,678847,NA,NA,S,0,0,50608.575,28.99,2013,39,12.24,14.49
114038,Active,2495699,NA,NA,S,1,0,529167.5075,25.95,2000,71,4,9.79
114039,Active,2168565,NA,NA,S,1,0,84655.075,29.95,2014,17,9.52,19.14
114040,Active,2092053,NA,NA,S,0,0,64636.4,29.95,2014,17,18.92,20.76
114041,Active,1631705,NA,NA,S,0,0,39101.15,26.99,2015,22,12.52,12.57
114042,Active,2084227,NA,NA,S,1,0,117250.65,77.99,2013,5,53.98,53.98
114043,Active,270865,NA,NA,S,1,0,370621.675,77,2008,13,28.97,72.47
114044,Active,1616025,NA,NA,S,1,0,59861.375,39.99,2010,26,10.03,20.99
114045,Active,1534921,NA,NA,S,1,0,15977.325,27.95,2015,25,12.61,15.37
114046,Active,620009,NA,NA,S,4,1,863370.6613,157,2004,31,6.71,62.15
114047,Active,1710174,NA,NA,S,0,0,196483.225,27.95,2014,23,6.47,7.18
114048,Active,3646087,NA,NA,S,2,1,73228.125,34.95,2015,10,32.97,26.48
114049,Active,637825,NA,NA,S,1,0,318415.3,102.95,2011,15,72.59,69.48
114050,Active,566219,NA,NA,S,2,1,898786.8075,127,2011,27,16.89,62.05
114051,Active,1780516,NA,NA,S,1,0,47248.35,29.99,2015,14,18.7,19.68
114052,Active,3008930,NA,NA,S,1,0,41368.75,29.99,2015,13,24.93,25.36
114053,Active,2228018,NA,NA,S,0,0,31140.575,34.99,2015,6,29.41,26.71
114054,Active,2796046,NA,NA,S,2,1,420690.925,136.6,1994,25,4,44.99
114055,Active,2795665,NA,NA,S,0,0,739254.2863,76,1994,31,4,15.97
114056,Active,1573331,NA,NA,S,3,1,119439.9,29.95,2011,10,18.99,20.2
114057,Active,648999,NA,NA,S,3,1,871028.6088,105.95,2008,19,5.93,105.95
114058,Active,892717,NA,NA,S,2,1,62167.49625,34.99,2013,31,27.32,27.33
114059,Active,174834,NA,NA,S,1,0,560777.1038,64.99,2007,37,7.3,36.98
114060,Active,1779234,NA,NA,S,1,0,89561.025,34.99,2014,15,11.54,8.78
114061,Active,2113681,NA,NA,S,0,0,147220.825,44.99,2013,20,35.99,44.98
114062,Active,2089181,NA,NA,S,0,0,10402.8,29.95,2013,19,24.64,27.99
114063,Active,652880,NA,NA,S,1,0,570022.7588,60,2013,18,10.13,32.98
114064,Active,308546,NA,NA,S,3,1,11698.44625,256.75,2002,110,43.88,78.93
114065,Active,253886,NA,NA,S,1,0,146717.675,87.95,2011,18,36.77,36.78
114066,Active,106838,NA,NA,S,2,1,41023.725,22,2010,29,12.04,15.98
114067,Active,1532262,NA,NA,S,0,0,48709.175,28,2014,40,11.83,14.48
114068,Active,566014,NA,NA,S,1,0,20251.125,29.95,2010,47,9.65,17.37
114069,Active,1433400,NA,NA,S,0,0,111528.675,29.99,2015,23,12.59,19.49
114070,Active,1668488,NA,NA,S,0,0,4718.375,27.5,2014,21,13.3,17.18
114071,Active,1969782,NA,NA,S,0,0,49574.925,26,2013,42,4,7.18
114072,Active,1745644,NA,NA,S,0,0,112257.9,29.95,2010,12,18.97,24.33
114073,Active,680094,NA,NA,S,1,0,2179.3975,21.99,2015,160,7.81,12.59
114074,Active,657590,NA,NA,S,0,0,56276.15,0,2008,15,43.96,50
114075,Active,2293600,NA,NA,S,2,1,6201.025,0,2015,0,0,5.48
114076,Active,681887,NA,NA,S,1,0,132523.225,29.99,2009,43,4.77,15.33
114077,Active,688494,NA,NA,S,1,0,43185.525,29.99,2013,17,32.1,22.13
114078,Active,684254,NA,NA,S,1,0,164158.275,29.99,2011,23,10.54,12.24
114079,Active,664723,NA,NA,S,1,0,22528.375,32.99,2013,13,23.28,22.52
114080,Active,678992,NA,NA,S,1,0,141772.35,29.99,2010,44,5.87,14.7
114081,Active,1829947,NA,NA,S,1,0,61145.4,32.99,2014,8,22.88,22.56
114082,Active,684790,NA,NA,S,1,0,90948.725,29.99,2012,15,19.95,20.79
114083,Active,1829943,NA,NA,S,1,0,90682.325,32.99,2014,8,23.59,23.37
114084,Active,1829858,NA,NA,S,1,0,52068.4,32.99,2014,8,22.3,23.1
114085,Active,682334,NA,NA,S,1,0,140800.025,29.99,2010,23,12.19,16.24
114086,Active,1829844,NA,NA,S,1,0,102398.475,32.99,2014,18,20.52,22.77
114087,Active,639183,NA,NA,S,0,0,7197.65,22.25,2010,28,15.82,24.57
114088,Active,1494390,NA,NA,S,1,0,53762.425,25,2014,29,18.16,18.5
114089,Active,2169195,NA,NA,S,0,0,76382.8,29.95,2014,25,5.75,2.77
114090,Active,3960239,NA,NA,S,0,0,60158.325,29.95,2012,21,17.19,19.44
114091,Active,2161215,NA,NA,S,0,0,36745.925,26.95,2013,15,18.84,18.69
114092,Active,1498055,NA,NA,S,0,0,47099.725,22.99,2014,40,5.99,8.93
114093,Active,3577595,NA,NA,S,15,1,405,47.95,2016,19,32.99,45.55
114094,Active,578941,NA,NA,S,1,0,28367.875,25.95,2009,39,11.28,17.6
114095,Active,625657,NA,NA,S,3,1,62708.03875,66.95,2012,63,13.89,41.49
114096,Active,1924190,NA,NA,S,1,0,103154.025,26.95,2011,19,13.99,18.63
114097,Active,2002680,NA,NA,S,0,0,84606.625,29,2014,7,25.43,25.95
114098,Active,2017981,NA,NA,S,6,1,99179.225,21.95,2015,12,12.35,14.63
114099,Active,3509732,NA,NA,S,1,0,155482.25,23,2011,33,4,15.96
114100,Active,1561197,NA,NA,S,0,0,24549.475,27.95,2015,45,10.98,9.73
114101,Active,2291180,NA,NA,S,3,1,31824.95,0,2015,0,0,7.48
114102,Active,756247,NA,NA,S,2,1,116716.9525,24.99,2011,55,5.79,8.47
114103,Active,1624545,NA,NA,S,2,1,524687.3825,31.6,2006,44,4,15.99
114104,Active,2008966,NA,NA,S,0,0,110111.5,24.95,2009,15,8.03,27.94
114105,Active,534492,NA,NA,S,4,1,9892.675,21.95,2011,26,13.8,16.23
114106,Active,3013432,NA,NA,S,0,0,254137.1975,15.95,1998,57,4.43,10.24
114107,Active,1835878,NA,NA,S,0,0,161912.725,34.99,2013,35,7.38,22.33
114108,Active,2046756,NA,NA,S,1,0,69809.475,29.95,2015,36,11.73,11.98
114109,Active,565234,NA,NA,S,0,0,78917.675,23.99,2008,32,5.24,16.55
114110,Active,1833150,NA,NA,S,0,0,65488.575,34.99,2014,15,24.91,24.28
114111,Active,1696894,NA,NA,S,0,0,208920.025,23.95,2009,8,13.33,23.95
114112,Active,3482884,NA,NA,S,2,1,454965.5,0,2015,4,27.26,20.91
114113,Active,2081987,NA,NA,S,1,0,24080.6,39.95,2013,19,25.94,26.21
114114,Active,1727060,NA,NA,S,0,0,168861.8,34.95,2013,10,16.09,21.84
114115,Active,3602891,NA,NA,S,0,0,70965.975,85,2011,41,42.94,50.63
114116,Active,644315,NA,NA,S,2,1,263000.12,55,1922,23,10.77,0
114117,Active,1702608,NA,NA,S,2,1,542074.0913,16.95,2014,9,16.58,199.02
114118,Active,1430184,NA,NA,S,0,0,357304.19,15.99,2007,67,7.35,15.98
114119,Active,1784031,NA,NA,S,0,0,27674.2,27,2015,14,12.74,9.96
114120,Active,1561067,NA,NA,S,0,0,24069.475,27.95,2015,36,12.59,16.23
114121,Active,2151388,NA,NA,S,0,0,191364.675,0,2013,55,4.67,12.76
114122,Active,3548031,NA,NA,S,0,0,119261.075,26.95,2014,38,4.99,17.68
114123,Active,2112697,NA,NA,S,0,0,130186.1513,17.99,2013,25,9.3,11.92
114124,Active,1495698,NA,NA,S,1,0,1783.3,28,2015,70,15.99,16.65
114125,Active,675931,NA,NA,S,1,0,139350.05,26.95,2012,62,4.83,12.99
114126,Active,266624,NA,NA,S,1,0,169210.875,29.95,2011,63,4,9.05
114127,Active,1918271,NA,NA,S,1,0,8423.35,21.99,2014,22,18.46,16.72
114128,Active,2125079,NA,NA,S,1,0,83864.15,39.95,2013,17,36.86,35.68
114129,Active,2103778,NA,NA,S,1,0,171464.55,24.95,2013,21,9.03,10.54
114130,Active,3569869,NA,NA,S,0,0,25391.95,39.99,2010,19,24.45,23
114131,Active,3569893,NA,NA,S,0,0,89667.025,39.99,2010,22,24.29,24.35
114132,Active,3569896,NA,NA,S,0,0,84864.025,39.99,2010,16,24.05,24.05
114133,Active,1684304,NA,NA,S,1,0,2428.175,34.99,2013,20,20.63,22.39
114134,Active,1684340,NA,NA,S,0,0,11677.95,34.99,2014,14,22.33,20.81
114135,Active,1683925,NA,NA,S,0,0,14233.3,29.99,2008,17,16.94,16.94
114136,Active,1683989,NA,NA,S,0,0,38243.75,29.99,2009,6,21.72,18.59
114137,Active,1741733,NA,NA,S,4,1,40306.425,22.94,2008,20,20.95,22.89
114138,Active,1478108,NA,NA,S,1,0,155198.05,39.95,2010,17,32.54,40.74
114139,Active,1712804,NA,NA,S,0,0,105832,34.95,2014,10,24.8,26.54
114140,Active,1814789,NA,NA,S,0,0,24274.775,27.99,2015,18,12.48,18.51
114141,Active,1989321,NA,NA,S,0,0,136888.025,24.95,2014,12,24.41,22.41
114142,Active,3528805,NA,NA,S,0,0,86143.7,29.95,2015,25,18.6,20.33
114143,Active,1942674,NA,NA,S,0,0,40758.8,32,2015,65,9.99,13.97
114144,Active,676459,NA,NA,S,2,1,469870.4213,29.95,2002,71,4,13.88
114145,Active,2028574,NA,NA,S,0,0,29167.225,21.95,2008,31,13.88,14.98
114146,Active,1970115,NA,NA,S,0,0,50081.55,27.99,2014,60,4,4.47
114147,Active,731934,NA,NA,S,1,0,743341.9513,27.95,2002,27,14.74,110.35
114148,Active,1696036,NA,NA,S,0,0,79190.7,25,2014,12,19.02,18.53
114149,Active,2029964,NA,NA,S,0,0,126509.425,24,2010,21,15.97,15.88
114150,Active,2079679,NA,NA,S,0,0,1860.55,40,2014,16,21.9,21.97
114151,Active,888392,NA,NA,S,0,0,209576.375,22.95,2008,9,20.99,22.95
114152,Active,573919,NA,NA,S,0,0,484647.1425,33.95,2006,20,15,22.97
114153,Active,3549526,NA,NA,S,1,0,236372.575,38,2008,20,26.99,31.08
114154,Active,675311,NA,NA,S,1,0,25456.7,25.95,2007,35,5.69,20.09
114155,Active,689581,NA,NA,S,1,0,44175.3,24.95,2014,23,16.87,16.94
114156,Active,796778,NA,NA,S,0,0,34651.65,29.99,2012,14,17.13,21.99
114157,Active,1482611,NA,NA,S,1,0,133058.875,89.95,2013,32,33.64,37.38
114158,Active,3799635,NA,NA,S,1,0,76574.7,29.95,2015,20,18.95,21.69
114159,Active,246337,NA,NA,S,1,0,38076.55,54.95,2005,13,36.98,38.26
114160,Active,135311,NA,NA,S,0,0,457928.6288,25,2005,30,10.79,19.72
114161,Active,1508791,NA,NA,S,1,0,76840.025,27,2014,45,6.38,17.14
114162,Active,122276,NA,NA,S,0,0,34182.3625,20,1996,140,4,11.97
114163,Active,614894,NA,NA,S,1,0,309061.52,53,2001,38,4,9.9
114164,Active,1684271,NA,NA,S,0,0,73664.375,39.99,2013,12,24.55,24.56
114165,Active,130336,NA,NA,S,11,1,25574.16625,152.95,2011,83,18.07,79.34
114166,Active,130508,NA,NA,S,2,1,238630.6838,69.6,2011,30,11.97,66.97
114167,Active,132460,NA,NA,S,1,0,103414,54.6,2009,31,12.14,46.99
114168,Active,630658,NA,NA,S,1,0,663378.4763,51.8,2000,24,4,7.98
114169,Active,2088645,NA,NA,S,0,0,6174.075,22,2014,30,12.34,12.34
114170,Active,634985,NA,NA,S,2,1,101992.525,38.95,2011,17,29.58,36.49
114171,Active,887074,NA,NA,S,2,1,409772.6575,34.99,2014,13,24.99,25.73
114172,Active,2162978,NA,NA,S,1,0,92065,34.95,2011,18,8.63,24.15
114173,Active,2660983,NA,NA,S,0,0,599242.3338,45.5,1994,31,4.84,45.5
114174,Active,628370,NA,NA,S,0,0,644903.0675,77,2002,19,11.31,46.9
114175,Active,1688768,NA,NA,S,1,0,60858.325,39.99,2013,23,20.81,25.02
114176,Active,315542,NA,NA,S,1,0,76085.275,34.99,2011,12,21.64,28.93
114177,Active,908660,NA,NA,S,0,0,702532.1463,45,2010,27,7.12,78.99
114178,Active,695988,NA,NA,S,1,0,764697.4925,67.8,2009,26,7.23,46.81
114179,Active,2021363,NA,NA,S,3,1,166647.6838,19.95,2009,81,4,7.96
114180,Active,1620418,NA,NA,S,2,1,35060.75,29.99,2013,16,26.88,26.98
114181,Active,1705323,NA,NA,S,1,0,15208.2,26,2011,34,15.62,15.63
114182,Active,1768190,NA,NA,S,0,0,184005.4,27.6,2013,25,16.14,23.85
114183,Active,1623493,NA,NA,S,1,0,520490.9013,45.95,2008,25,6.41,35.09
114184,Active,899251,NA,NA,S,0,0,743985.6825,24.95,2013,15,15.74,21.96
114185,Active,2043739,NA,NA,S,0,0,730642.28,25,2011,51,4.98,4.98
114186,Active,619342,NA,NA,S,0,0,49474.825,40,2011,51,11.28,16.99
114187,Active,1938515,NA,NA,S,0,0,149350.525,27.5,2012,34,6.98,8.01
114188,Active,1728624,NA,NA,S,1,0,59951.45,60,2014,14,32.21,40.33
114189,Active,3641544,NA,NA,S,8,1,26286,54.95,2016,14,39.52,41.26
114190,Active,1639880,NA,NA,S,0,0,120506.925,21.99,2008,17,17.72,19.34
114191,Active,892822,NA,NA,S,11,1,786507.3575,34.99,2014,45,4,13.49
114192,Active,678704,NA,NA,S,0,0,22638.8,24.99,2012,47,11.01,11.98
114193,Active,676171,NA,NA,S,2,1,86074.85,21.95,2009,61,4,10.98
114194,Active,2016701,NA,NA,S,1,0,221160,21.95,2009,31,4.21,15.54
114195,Active,2029445,NA,NA,S,1,0,119008.425,29.95,2009,21,13.49,22.31
114196,Active,2829423,NA,NA,S,1,0,162368.775,60,2005,19,34.28,35.34
114197,Active,2020607,NA,NA,S,0,0,111834.775,29.95,2014,26,7.8,8.36
114198,Active,691170,NA,NA,S,1,0,201871.825,27.95,2013,27,10.59,20.31
114199,Active,627568,NA,NA,S,1,0,17928.5,32.95,2007,29,18.7,19.32
114200,Active,173974,NA,NA,S,1,0,589460.51,55,1998,63,8.18,21.99
114201,Active,2048482,NA,NA,S,0,0,56156.05,23.95,2009,47,4.68,11.97
114202,Active,3960078,NA,NA,S,0,0,14675.775,27.99,2016,22,16.53,15.81
114203,Active,1495014,NA,NA,S,0,0,171074.775,27.5,2010,34,5.77,19.08
114204,Active,2051610,NA,NA,S,0,0,52396.95,29.99,2012,46,4,11.72
114205,Active,1577418,NA,NA,S,1,0,828291.1413,59.99,2006,29,14.33,53.97
114206,Active,1918289,NA,NA,S,1,0,78148.7,22.99,2014,9,8.23,10.68
114207,Active,568153,NA,NA,S,0,0,788523.7975,49.99,2006,22,17.56,47.09
114208,Active,1625684,NA,NA,S,0,0,111845.7,31.5,2012,13,22.77,23.67
114209,Active,129299,NA,NA,S,1,0,252667.4775,43.95,2009,24,8.99,29.98
114210,Active,3793527,NA,NA,S,0,0,92364.825,32.95,2015,10,30.03,31.29
114211,Active,3829327,NA,NA,S,3,1,195418.7,42,2014,6,27.32,44.51
114212,Active,1627771,NA,NA,S,0,0,122675.55,35,2014,8,23.07,25.97
114213,Active,592150,NA,NA,S,1,0,101234.325,31.95,2010,14,25.45,26.79
114214,Active,798047,NA,NA,S,0,0,120824.25,23.95,2009,13,13.97,18.58
114215,Active,2282693,NA,NA,S,11,1,117836.7,26.37,2011,14,18.99,26.08
114216,Active,1785524,NA,NA,S,1,0,119644.025,47.95,2014,7,28.55,33.23
114217,Active,2156118,NA,NA,S,0,0,156582.5,29.95,2007,12,37.78,29.95
114218,Active,682279,NA,NA,S,2,1,111848.8,25,2011,18,19.99,22.49
114219,Active,681823,NA,NA,S,2,1,600400.8213,25,2011,29,12.39,22.49
114220,Active,1436534,NA,NA,S,2,1,187299.9,25,2011,27,8.51,21.59
114221,Active,531309,NA,NA,S,2,1,72504.225,25,2010,40,6.68,11.99
114222,Active,1937539,NA,NA,S,1,0,85422.25,25,2014,69,4,4.46
114223,Active,1935444,NA,NA,S,1,0,44037.95,24.95,2012,27,14.28,15.34
114224,Active,680242,NA,NA,S,1,0,5851,21.95,2011,43,9.86,13.86
114225,Active,1935466,NA,NA,S,1,0,46797.4,24.95,2013,18,15.97,16.82
114226,Active,254551,NA,NA,S,1,0,15385.65,21.95,2011,32,11.43,12.66
114227,Active,890919,NA,NA,S,0,0,781857.735,109,2014,17,5.37,89.1
114228,Active,2610800,NA,NA,S,1,0,313320.7225,44.99,1999,25,6.66,37.57
114229,Active,1627464,NA,NA,S,0,0,148021.85,20.95,2011,31,8.19,10.82
114230,Active,173653,NA,NA,S,0,0,406871.0438,39.99,2002,26,32.97,38.38
114231,Active,1508732,NA,NA,S,1,0,116291.625,26,2015,42,7.6,15.98
114232,Active,3623004,NA,NA,S,0,0,8841.25,24.95,2015,17,11.99,13.33
114233,Active,2640122,NA,NA,S,0,0,124010.875,62.25,2004,68,5.18,11.99
114234,Active,3130252,NA,NA,S,0,0,41825.14875,35,1997,34,16.82,20.79
114235,Active,1778649,NA,NA,S,1,0,168473.375,60,2013,11,30.58,35.38
114236,Active,1718550,NA,NA,S,1,0,50712,65,2012,51,29.03,43.99
114237,Active,266246,NA,NA,S,5,1,184667.1575,139.95,2013,41,9.75,29.75
114238,Active,1782850,NA,NA,S,2,1,413391.0988,76.95,2014,22,16.12,49.98
114239,Active,544365,NA,NA,S,5,1,34941.135,126.95,2013,119,33.48,58.99
114240,Active,610279,NA,NA,S,3,1,877562.6925,98.95,2014,32,14.98,52.93
114241,Active,2050446,NA,NA,S,0,0,13050.125,29.99,2007,12,17.43,21.43
114242,Active,631599,NA,NA,S,0,0,28294.625,36.99,2010,22,33.3,34.18
114243,Active,2555193,NA,NA,S,0,0,628169.03,22,1987,32,4,17.83
114244,Active,629619,NA,NA,S,1,0,484506.1375,43,1980,27,7.98,79.98
114245,Active,2603787,NA,NA,S,0,0,187750.1038,39.99,2003,33,21.98,30.63
114246,Active,618425,NA,NA,S,1,0,739096.1875,50,1994,45,6.33,24.19
114247,Active,174449,NA,NA,S,0,0,255843.0888,44.99,2005,34,12.92,36.68
114248,Active,141879,NA,NA,S,1,0,57825.05,23,2008,34,13.74,17.38
114249,Active,2328768,NA,NA,S,0,0,389693.2738,20,1988,120,4,21.98
114250,Active,134699,NA,NA,S,1,0,294678.3988,54,2000,31,14.95,33.94
114251,Active,1494595,NA,NA,S,0,0,97196.5,22,2014,21,16.54,18.95
114252,Active,55375,NA,NA,S,10,1,365545.3613,309.95,2006,58,8.96,77.53
114253,Active,691154,NA,NA,S,1,0,165815.375,24.95,2013,17,17.95,23.9
114254,Active,148948,NA,NA,S,2,1,126747.3,28.13,2007,17,18.94,18.98
114255,Active,673703,NA,NA,S,0,0,773413.1113,44.95,2014,40,8.26,29.55
114256,Active,546203,NA,NA,S,1,0,59256.625,69.95,2000,23,33.99,34.97
114257,Active,915057,NA,NA,S,0,0,350102.7088,44.99,1985,24,16.36,27.99
114258,Active,1760757,NA,NA,S,0,0,116949.15,29.99,2014,11,31.65,29.45
114259,Active,2020697,NA,NA,S,0,0,27667.025,22,2009,26,11.14,15.49
114260,Active,651896,NA,NA,S,1,0,93003.85,49,2009,23,30.48,38.19
114261,Active,3009158,NA,NA,S,1,0,82314.5,22.99,2015,6,25.53,22.67
114262,Active,691178,NA,NA,S,1,0,227150.225,29.95,2013,14,26.92,28.75
114263,Active,1595463,NA,NA,S,0,0,74356,27.95,2014,35,6.06,7.97
114264,Active,1626131,NA,NA,S,0,0,75851.25,24,2013,20,15.56,17.06
114265,Active,2073505,NA,NA,S,0,0,134147.9838,125.01,2012,31,4.98,65.99
114266,Active,1943469,NA,NA,S,1,0,372460.385,45.95,2014,22,19.99,30.95
114267,Active,635461,NA,NA,S,0,0,462449.5163,39.98,1992,26,12.04,73.83
114268,Active,531294,NA,NA,S,0,0,245613.7,29.95,2009,13,19.95,22.45
114269,Active,2026985,NA,NA,S,0,0,44098.825,29.95,2012,21,12.15,18.76
114270,Active,2162427,NA,NA,S,1,0,37766.45,49.99,2011,25,25.6,32.01
114271,Active,581950,NA,NA,S,0,0,54183.325,23.95,2012,19,22.67,22.3
114272,Active,2007168,NA,NA,S,0,0,198663.175,27.95,2011,17,25.86,27.95
114273,Active,702366,NA,NA,S,3,1,478523.6688,98,2015,28,8.87,50.36
114274,Active,904258,NA,NA,S,1,0,237970.0288,125,2014,35,14.17,37.92
114275,Active,174003,NA,NA,S,0,0,21063.28125,20.99,1996,104,6.86,15.95
114276,Active,2097832,NA,NA,S,2,1,175977.75,25.54,2014,8,28.86,34.79
114277,Active,2073497,NA,NA,S,0,0,187238.825,167.81,2011,15,21.82,49
114278,Active,2073496,NA,NA,S,0,0,224346.8,76,2012,17,13.23,115.94
114279,Active,3682762,NA,NA,S,0,0,76727.25,25,2016,24,7.41,10.24
114280,Active,165049,NA,NA,S,0,0,384147.11,162,1999,32,4.81,0
114281,Active,152893,NA,NA,S,0,0,590135.84,134,2000,39,41.44,79.91
114282,Active,1617374,NA,NA,S,1,0,46990.35,29.95,2009,8,21.51,21.52
114283,Active,673775,NA,NA,S,1,0,20766.1,32.95,2013,12,26.87,30.56
114284,Active,601657,NA,NA,S,0,0,519221.2725,55,2012,20,17.98,17.98
114285,Active,295046,NA,NA,S,0,0,710881.4913,52.95,2007,30,6.23,36.6
114286,Active,687227,NA,NA,S,0,0,282417.305,29.95,1975,29,27.44,124.53
114287,Active,2096775,NA,NA,S,0,0,90205.45,40,2013,15,14.55,26.73
114288,Active,3749647,NA,NA,S,0,0,89258.65,50,2015,13,23.96,27.84
114289,Active,867513,NA,NA,S,0,0,277942.2025,89.95,2013,15,24.74,0
114290,Active,614656,NA,NA,S,1,0,73707.305,30,2007,176,4,6.86
114291,Active,599367,NA,NA,S,0,0,56287.025,29.99,2012,23,15.88,17.62
114292,Active,267814,NA,NA,S,0,0,140298.875,24.99,2011,36,7.89,7.48
114293,Active,1651593,NA,NA,S,1,0,761932.92,54.95,2008,36,12.54,45.99
114294,Active,680254,NA,NA,S,0,0,407490.4688,32.95,2010,25,12.89,22
114295,Active,110175,NA,NA,S,0,0,60887.3875,141.75,2007,50,49.14,92.89
114296,Active,299205,NA,NA,S,0,0,473680.855,45,1999,28,6.67,38.11
114297,Active,2043767,NA,NA,S,0,0,75003.35,40,2013,17,24.48,25.82
114298,Active,598084,NA,NA,S,0,0,312903.6288,42,2002,26,6.07,33.99
114299,Active,1455637,NA,NA,S,1,0,94275.25,29.99,2015,16,20.22,19.72
114300,Active,623809,NA,NA,S,1,0,44707.1,35,2012,27,22.09,24.55
114301,Active,2100777,NA,NA,S,3,1,155683.8,22.5,2014,13,15.99,15.97
114302,Active,673444,NA,NA,S,1,0,223221.7375,29.95,2013,23,22.97,27.68
114303,Active,903699,NA,NA,S,0,0,179586.175,24.95,2011,13,19.86,20.71
114304,Active,2020957,NA,NA,S,0,0,19918.35,29.95,2015,21,11.74,13.98
114305,Active,2343506,NA,NA,S,3,1,563867.8488,138.75,1989,29,14.03,79.3
114306,Active,223022,NA,NA,S,1,0,494737.21,222.95,1996,26,13.4,100
114307,Active,610478,NA,NA,S,7,1,18773.46125,104,2014,34,43.3,62.36
114308,Active,597771,NA,NA,S,0,0,106448.465,16.99,2006,42,3.99,0
114309,Active,686708,NA,NA,S,0,0,14658.65,24.99,2012,32,11.93,15.29
114310,Active,612342,NA,NA,S,0,0,125116.825,59,2013,11,35.77,59
114311,Active,620281,NA,NA,S,1,0,98008.575,34.95,2009,47,5.98,59.51
114312,Active,601656,NA,NA,S,0,0,58146.80875,39.95,2009,24,21.12,26.98
114313,Active,3634429,NA,NA,S,1,0,545877.5,55,2015,12,32.69,38.1
114314,Active,2129013,NA,NA,S,0,0,102406.325,25.95,2011,12,20.46,20.42
114315,Active,598276,NA,NA,S,1,0,23625.075,24.95,2009,19,14.92,15.93
114316,Active,1942172,NA,NA,S,0,0,37884.8,25.95,2015,18,12.84,13.47
114317,Active,1724470,NA,NA,S,0,0,63458.05,45,2013,30,15.29,28.38
114318,Active,193948,NA,NA,S,1,0,762719.5775,40,2003,61,3.79,5.78
114319,Active,661095,NA,NA,S,0,0,152029.875,45.39,2011,13,37.84,37.9
114320,Active,198380,NA,NA,S,2,1,61998.925,37.95,2010,21,18.91,35.22
114321,Active,162692,NA,NA,S,1,0,57439.575,74,2011,28,42.1,52.16
114322,Active,654502,NA,NA,S,0,0,766356.3688,51,2012,27,15.89,34.54
114323,Active,637309,NA,NA,S,0,0,772114.0425,49.95,2005,30,9.92,35.76
114324,Active,3756024,NA,NA,S,5,1,13127,68,2016,16,54.88,53.05
114325,Active,658498,NA,NA,S,1,0,280898.9288,60,2010,19,4.93,26.12
114326,Active,243757,NA,NA,S,0,0,64178.275,24.95,2009,32,11.49,15.79
114327,Active,685149,NA,NA,S,0,0,36689.55,26.95,2009,21,11.79,18.33
114328,Active,1455180,NA,NA,S,1,0,177961.025,34.99,2014,16,15.72,23.79
114329,Active,1944794,NA,NA,S,0,0,214417.55,39.5,2011,6,39.44,39.5
114330,Active,544013,NA,NA,S,7,1,101382.4,194.5,2012,38,47.73,78.99
114331,Active,279553,NA,NA,S,0,0,69873.5,34.95,2009,27,14.05,30.93
114332,Active,665098,NA,NA,S,0,0,91134.025,0,2011,15,27.74,31.99
114333,Active,676903,NA,NA,S,0,0,16237.7,29.95,2011,39,16.03,20.87
114334,Active,673934,NA,NA,S,0,0,35822.3,24.95,2011,6,25.99,24.27
114335,Active,1701628,NA,NA,S,3,1,41434.05125,26.95,2014,16,23.39,26.7
114336,Active,637853,NA,NA,S,1,0,38967.85,60,2011,34,28,33.96
114337,Active,688740,NA,NA,S,2,1,769317.5775,24.95,2009,20,23.23,26.61
114338,Active,660120,NA,NA,S,0,0,185267.4675,32.95,2009,24,23.99,30.81
114339,Active,2986260,NA,NA,S,2,1,568228.2863,49.99,2014,16,8.98,32.25
114340,Active,1647213,NA,NA,S,2,1,574472.1125,39.95,2009,36,14.33,26.54
114341,Active,601974,NA,NA,S,0,0,183037.6,40,2009,19,19.73,23.3
114342,Active,2043813,NA,NA,S,0,0,115251.975,40,2014,13,26.02,25.26
114343,Active,633807,NA,NA,S,1,0,148750.175,44.99,2012,19,19.99,27.05
114344,Active,596951,NA,NA,S,1,0,91965.95,105,2010,29,19.5,70.34
114345,Active,2067934,NA,NA,S,0,0,124661.375,34.95,2011,8,22.28,22.01
114346,Active,1954867,NA,NA,S,6,1,124848.55,23.99,2012,14,23.29,23.21
114347,Active,677169,NA,NA,S,0,0,40482.125,29.95,2007,25,14.08,19.27
114348,Active,658549,NA,NA,S,1,0,528292.9663,39.95,2009,22,21.93,20.58
114349,Active,678055,NA,NA,S,0,0,28826.525,24.99,2008,37,9.92,15.7
114350,Active,622709,NA,NA,S,1,0,23204.05,39.95,2008,32,19.88,25.12
114351,Active,677458,NA,NA,S,0,0,26948.9,24.99,2009,34,11.01,13.37
114352,Active,1716084,NA,NA,S,0,0,214698.6,24.95,2014,11,17.84,21.67
114353,Active,1484379,NA,NA,S,0,0,134736.3,22.5,2008,22,13.04,17.1
114354,Active,672009,NA,NA,S,0,0,6768.4,22.99,2009,44,12.49,12.55
114355,Active,3481078,NA,NA,S,1,0,33324.575,27.95,2015,16,22.99,22.08
114356,Active,771981,NA,NA,S,1,0,135602.15,35.95,2007,50,6.48,11.86
114357,Active,1757701,NA,NA,S,2,1,103370.9,27.95,2012,9,21.34,27.95
114358,Active,3741241,NA,NA,S,2,1,58604.775,32,2015,7,26.36,26.66
114359,Active,3790700,NA,NA,S,0,0,107835.225,21.99,2009,25,11.08,14.99
114360,Active,907867,NA,NA,S,0,0,342795.1763,72.25,1992,29,18.44,55.87
114361,Active,2082228,NA,NA,S,0,0,87102.65,24.99,2014,13,17.9,17.45
114362,Active,1646652,NA,NA,S,0,0,32327.6,36.99,2014,14,17.84,26.78
114363,Active,903812,NA,NA,S,0,0,66190.175,40,2011,17,19.08,26.29
114364,Active,3960038,NA,NA,S,0,0,9630.7,25,2015,37,8.36,13.43
114365,Active,2038934,NA,NA,S,2,1,130666.3,26.95,2008,46,5.7,15.88
114366,Active,906757,NA,NA,S,0,0,373953.2425,38.95,2013,33,24.93,34.36
114367,Active,1566033,NA,NA,S,1,0,101488.775,29.99,2015,24,10.4,10.15
114368,Active,1589680,NA,NA,S,1,0,483433.3025,49.99,2010,24,19.43,30.94
114369,Active,158283,NA,NA,S,1,0,292338.9425,52.95,2009,31,19,41.79
114370,Active,2111637,NA,NA,S,0,0,77044.175,50,2013,13,34.75,36.76
114371,Active,3810369,NA,NA,S,0,0,383812.95,29.95,2015,12,18.99,19.69
114372,Active,1973136,NA,NA,S,2,1,178001.7,24.95,2012,12,16.67,24.95
114373,Active,1684485,NA,NA,S,0,0,180219.8,21.99,2007,43,5.18,8.48
114374,Active,1497596,NA,NA,S,0,0,91070.8,44.99,2012,17,25.97,25.81
114375,Active,3590936,NA,NA,S,4,1,490460.8,69.95,1998,79,4.49,15.98
114376,Active,3590970,NA,NA,S,6,1,106870,0,2010,27,48.94,73.99
114377,Active,2271746,NA,NA,S,6,1,516134,313.49,1900,57,40.25,172.04
114378,Active,531268,NA,NA,S,10,1,81840.06625,263.95,2012,77,33.29,42.01
114379,Active,265119,NA,NA,S,1,0,205437.475,59.95,2008,29,22.83,46.94
114380,Active,626341,NA,NA,S,0,0,51424.8,71,2008,29,29.84,43.14
114381,Active,531267,NA,NA,S,7,1,18993.4725,222.25,2012,59,54.02,127.95
114382,Active,132622,NA,NA,S,3,1,471714.7625,66.4,2008,37,8.54,45.92
114383,Active,1459228,NA,NA,S,1,0,81212.7,47,2015,13,38.74,41.58
114384,Active,205661,NA,NA,S,1,0,607998.7925,48,2000,34,4,26.09
114385,Active,531263,NA,NA,S,3,1,150330.825,27.6,2012,23,15.89,15.88
114386,Active,118891,NA,NA,S,4,1,281652.8238,133.2,2008,40,17.88,64
114387,Active,1497519,NA,NA,S,0,0,175574.3,49.95,2014,14,37.49,42.25
114388,Active,641644,NA,NA,S,0,0,812680.14,64,2007,34,4.99,46.49
114389,Active,681399,NA,NA,S,1,0,87485.45,24.95,2010,17,12.86,17.15
114390,Active,2089578,NA,NA,S,0,0,232160.3,34.95,2014,9,37.19,34.11
114391,Active,1855192,NA,NA,S,1,0,178337.375,54,2013,14,38.62,39.76
114392,Active,628822,NA,NA,S,1,0,693536.4275,59.99,2007,23,15.24,29.98
114393,Active,1485176,NA,NA,S,0,0,98679.325,23,2010,21,12.74,15.53
114394,Active,3068985,NA,NA,S,0,0,97196.865,70,1999,31,13.93,167.27
114395,Active,213259,NA,NA,S,0,0,645842.6975,85.95,2006,27,5.83,42.98
114396,Active,903792,NA,NA,S,0,0,549800.9313,27.95,2005,31,6.98,34.53
114397,Active,2285944,NA,NA,S,3,1,36904.275,0,2014,0,0,7.75
114398,Active,684106,NA,NA,S,1,0,53605.3,34.8,2013,19,23.3,28.6
114399,Active,546333,NA,NA,S,2,1,370219.13,27.95,2008,16,19.24,18.98
114400,Active,661133,NA,NA,S,0,0,102409.425,48,2011,13,29.79,29.74
114401,Active,789359,NA,NA,S,1,0,146874.925,78.99,2004,41,19.4,57.38
114402,Active,654132,NA,NA,S,0,0,185236.325,36.95,2008,11,23.23,32.22
114403,Active,566045,NA,NA,S,1,0,82502.675,85,2011,17,59.5,66.56
114404,Active,255709,NA,NA,S,1,0,111191.4,62.95,2000,37,18.97,46.94
114405,Active,262619,NA,NA,S,2,1,656340.7388,41.95,2002,16,15.15,43.5
114406,Active,686064,NA,NA,S,0,0,13759.85,29.95,2011,25,22.99,29.95
114407,Active,169999,NA,NA,S,11,1,270147.2913,164.95,2010,41,8.49,69.25
114408,Active,677869,NA,NA,S,0,0,110447.06,25.95,2005,31,11.85,0
114409,Active,656580,NA,NA,S,3,1,699464.7388,32,2009,28,5.43,15.98
114410,Active,3130495,NA,NA,S,2,1,424215.0563,29,2004,29,5.47,44
114411,Active,1954104,NA,NA,S,1,0,244527.075,26,2014,19,18.48,24.19
114412,Active,897206,NA,NA,S,2,1,197961.1,34.95,2011,14,19.16,29.34
114413,Active,1634376,NA,NA,S,1,0,97385,24.95,2007,25,14.89,15.89
114414,Active,151983,NA,NA,S,0,0,19968.66125,17,2000,133,5.86,9.75
114415,Active,2528550,NA,NA,S,0,0,742510.4063,88.95,1994,55,4.63,61.98
114416,Active,190105,NA,NA,S,0,0,134161.025,39.95,2008,18,30.48,31.97
114417,Active,3645675,NA,NA,S,0,0,170947.25,79.95,2015,11,51.74,50
114418,Active,630489,NA,NA,S,6,1,83822.1825,236.8,2013,28,30.18,163.99
114419,Active,919615,NA,NA,S,10,1,89402.50375,96.17,2013,48,16.47,79.5
114420,Active,683658,NA,NA,S,0,0,22846.65,26,2011,19,20.96,23.75
114421,Active,900705,NA,NA,S,8,1,69873.725,0,2014,22,4.98,11.75
114422,Active,3718921,NA,NA,S,8,1,47475.25,0,2015,15,13.39,13.74
114423,Active,146722,NA,NA,S,8,1,614938.585,179.33,2011,16,17.58,157
114424,Active,3827407,NA,NA,S,11,1,167163.45,0,2011,16,31.17,33.89
114425,Active,2252793,NA,NA,S,6,1,581947.15,135.38,2009,39,14.32,99.8
114426,Active,670487,NA,NA,S,1,0,760146.1038,59,2002,29,8.14,43.13
114427,Active,135381,NA,NA,S,2,1,158387.775,38,2008,29,17.25,29.81
114428,Active,2869674,NA,NA,S,0,0,326554.655,43.95,1992,38,6.34,33.96
114429,Active,537034,NA,NA,S,11,1,14900.99125,134.6,2012,109,50.96,63.99
114430,Active,557008,NA,NA,S,1,0,167460.5813,96.8,2012,46,36.22,39.87
114431,Active,667395,NA,NA,S,1,0,75623.275,32.95,2011,28,10.37,23.61
114432,Active,1715787,NA,NA,S,0,0,86415.725,27.95,2011,7,24.46,23.21
114433,Active,195661,NA,NA,S,0,0,12906.065,16,2002,74,5.74,8.98
114434,Active,2505379,NA,NA,S,1,0,195545.0463,42,1990,70,14.28,30.99
114435,Active,2065414,NA,NA,S,0,0,96111.725,24.95,2009,12,13.52,17.68
114436,Active,1478770,NA,NA,S,1,0,121803.875,24.95,2012,16,20.89,19.31
114437,Active,3578259,NA,NA,S,1,0,7472.575,28,2015,53,12.39,15.19
114438,Active,2496487,NA,NA,S,0,0,298416.8125,14.95,1999,54,4,6.6
114439,Active,794885,NA,NA,S,2,1,470128.9688,21.95,2010,15,20.13,0
114440,Active,795000,NA,NA,S,1,0,10668.65,24.95,2011,16,17.94,13.8
114441,Active,680652,NA,NA,S,1,0,21735.275,24.95,2009,21,14.99,15.43
114442,Active,865242,NA,NA,S,3,1,28910.525,21.95,2014,13,16.88,16.81
114443,Active,531241,NA,NA,S,2,1,43037.975,22.95,2008,19,15.48,15.49
114444,Active,1749350,NA,NA,S,2,1,543571.405,44.95,2008,25,27.69,131.36
114445,Active,686322,NA,NA,S,1,0,71338.2,21.95,2010,11,13.17,13.67
114446,Active,3717988,NA,NA,S,3,1,67052,21.95,2016,12,17.05,16.92
114447,Active,3960282,NA,NA,S,1,0,50660.55,24.95,2015,44,7.68,10.98
114448,Active,642326,NA,NA,S,1,0,56067.5,38.95,2011,15,24.43,27.35
114449,Active,895142,NA,NA,S,4,1,28066.125,22.99,2015,17,16.05,15.97
114450,Active,1779818,NA,NA,S,1,0,13037.425,22.99,2013,16,16.24,16.06
114451,Active,2070851,NA,NA,S,0,0,83268.225,23.99,2010,35,6.46,11.98
114452,Active,677657,NA,NA,S,1,0,82815.725,24.95,2008,34,8.79,13.27
114453,Active,3633497,NA,NA,S,2,1,56464.975,24.99,2011,47,7.39,7.81
114454,Active,1741002,NA,NA,S,0,0,80840.8,75,2013,16,37.74,42.64
114455,Active,1646646,NA,NA,S,0,0,69453.825,24.99,2014,8,14.71,18.39
114456,Active,1478497,NA,NA,S,1,0,610548.0563,44.95,2010,37,4,31.97
114457,Active,2156220,NA,NA,S,6,1,633455.0763,24.95,2008,11,41.83,33.89
114458,Active,652529,NA,NA,S,1,0,148732.625,88.95,2012,35,22.14,28.87
114459,Active,612660,NA,NA,S,2,1,30979.84375,46,2014,63,22.97,25
114460,Active,538028,NA,NA,S,3,1,268585.125,55.19,1987,44,9.85,48.98
114461,Active,619408,NA,NA,S,1,0,738116.55,249,2007,35,6.71,122.73
114462,Active,837297,NA,NA,S,2,1,770997.8675,299,1998,10,6.48,675
114463,Active,665330,NA,NA,S,0,0,154173.15,49.95,2012,18,38.98,42.88
114464,Active,211687,NA,NA,S,1,0,23857.125,26.95,2007,34,15.99,20.76
114465,Active,688355,NA,NA,S,1,0,118582.725,24.95,2008,18,21.01,18.46
114466,Active,622780,NA,NA,S,0,0,740150.6375,57.95,2005,30,13.66,32.74
114467,Active,3143296,NA,NA,S,0,0,29864.05,29.99,2015,6,25.94,22.63
114468,Active,686762,NA,NA,S,0,0,6093.5,24.95,2011,19,17.49,13.4
114469,Active,2016686,NA,NA,S,1,0,34181.625,21.95,2009,23,15.87,17.82
114470,Active,2016678,NA,NA,S,1,0,103563.95,21.95,2009,20,12.93,16.6
114471,Active,268448,NA,NA,S,1,0,54309.225,57,2006,20,39.84,46.46
114472,Active,132731,NA,NA,S,1,0,109068.45,105.2,2009,16,57.1,40.97
114473,Active,2722270,NA,NA,S,0,0,825406.735,86,2003,29,17.04,72.26
114474,Active,864617,NA,NA,S,8,1,39562.7575,115.2,2014,58,40.77,93.55
114475,Active,137009,NA,NA,S,0,0,315085.6475,39.95,2001,44,8.28,22.95
114476,Active,1464220,NA,NA,S,1,0,171157.625,35,2007,44,4,8.42
114477,Active,2077837,NA,NA,S,0,0,122596.175,27.95,2013,22,4.92,8.94
114478,Active,2028878,NA,NA,S,0,0,79213.45,21.99,2008,39,7.57,12.16
114479,Active,1461452,NA,NA,S,0,0,224693.925,22,2007,68,3.98,6.06
114480,Active,3598400,NA,NA,S,0,0,112155.925,55,2013,34,22.04,34.16
114481,Active,2051806,NA,NA,S,40,1,64499.60375,39.95,2012,54,25.01,29.49
114482,Active,2495987,NA,NA,S,1,0,31912.05,100,2003,41,43.99,55.17
114483,Active,1836904,NA,NA,S,0,0,142291.85,40,2007,17,11.77,14.05
114484,Active,2295874,NA,NA,S,2,1,114297.275,0,2015,0,0,7.48
114485,Active,1493692,NA,NA,S,0,0,92244.875,23,2012,13,16.99,21.49
114486,Active,2101524,NA,NA,S,0,0,62028.905,18.95,2015,32,5.96,11.7
114487,Active,1866738,NA,NA,S,0,0,447515.1088,42,2012,28,8.6,49.97
114488,Active,1866808,NA,NA,S,0,0,6273.475,55,2013,8,24.07,24.25
114489,Active,1866845,NA,NA,S,0,0,13023.15,56,2014,14,29.78,35.77
114490,Active,875187,NA,NA,S,10,1,28979.33,239,2014,46,33.94,64.94
114491,Active,912001,NA,NA,S,7,1,459587.94,43.58,2003,21,6.18,35.92
114492,Active,56439,NA,NA,S,6,1,868753.3588,97.5,2000,69,3.98,13.78
114493,Active,756822,NA,NA,S,5,1,668618.9788,4,1997,20,4,26.02
114494,Active,1625906,NA,NA,S,0,0,91114.7,21,2012,25,14.91,16.82
114495,Active,3740323,NA,NA,S,0,0,143960.5,42.95,2011,33,19.24,30.11
114496,Active,690062,NA,NA,S,1,0,152062.025,27.95,2013,14,19.52,23.28
114497,Active,2217675,NA,NA,S,1,0,47718.425,76.99,2008,19,46,46
114498,Active,545301,NA,NA,S,5,1,95421.3875,16.99,2013,47,10.38,14.71
114499,Active,542932,NA,NA,S,11,1,282768.3988,14.99,2012,36,11.88,11.94
114500,Active,2592775,NA,NA,S,3,1,490035.755,64.99,1977,41,6.18,35.94
114501,Active,1908311,NA,NA,S,6,1,231883.48,14.99,2013,20,8.55,12.16
114502,Active,200906,NA,NA,S,4,1,339586.9775,8.99,2008,56,4,0
114503,Active,2401006,NA,NA,S,2,1,394236.1663,15.95,1983,149,4,14.99
114504,Active,2867726,NA,NA,S,1,0,862758.9713,74,1998,41,5.87,22.88
114505,Active,223397,NA,NA,S,0,0,56097.6,60,2005,14,32.71,40.7
114506,Active,647093,NA,NA,S,0,0,41445.975,60,2012,17,37.98,37.99
114507,Active,683395,NA,NA,S,0,0,82710.2,24.97,2010,23,12.68,16.99
114508,Active,2155496,NA,NA,S,2,1,73284.85875,18.95,2012,26,9.52,11.49
114509,Active,679275,NA,NA,S,2,1,16246.25,28.95,2010,25,23.34,24.37
114510,Active,1628577,NA,NA,S,0,0,102278.525,49.99,2014,9,43.79,43.85
114511,Active,544950,NA,NA,S,2,1,444940.8675,34.95,2009,22,28.05,29.39
114512,Active,531204,NA,NA,S,5,1,9279.8675,97.95,2012,31,52.56,69.92
114513,Active,533432,NA,NA,S,8,1,23541.6925,277.95,2012,56,52.33,159.2
114514,Active,622990,NA,NA,S,1,0,712438.6163,280.75,2012,37,9.94,30.98
114515,Active,750455,NA,NA,S,2,1,65771.975,26.95,2008,29,7.48,17.08
114516,Active,386406,NA,NA,S,1,0,707818.2275,37.95,2008,38,4,31.87
114517,Active,678760,NA,NA,S,0,0,128177.125,24.99,2007,38,5.4,14.99
114518,Active,599567,NA,NA,S,1,0,79073.85,30,2007,47,10.88,16.39
114519,Active,248094,NA,NA,S,2,1,150613.375,39.95,2009,18,21.18,28.89
114520,Active,279432,NA,NA,S,1,0,34527.3,42.95,2010,26,31.02,36.2
114521,Active,247784,NA,NA,S,0,0,383770.8088,38.95,2007,33,50.4,131.26
114522,Active,2045927,NA,NA,S,0,0,87007.575,29.95,2012,16,19.06,21.42
114523,Active,675093,NA,NA,S,1,0,95090.41125,29.95,2001,115,4,9.35
114524,Active,678038,NA,NA,S,1,0,23366.7,34.95,2010,35,16.61,21.31
114525,Active,2018788,NA,NA,S,0,0,52828.5,39.99,2013,13,24.69,26.84
114526,Active,2015707,NA,NA,S,1,0,77047.35,25,2007,53,7.01,12.63
114527,Active,1737320,NA,NA,S,0,0,743113.4213,117.96,2006,17,9.67,69.91
114528,Active,644291,NA,NA,S,2,1,879270.7788,58,1991,41,8.52,42.15
114529,Active,664707,NA,NA,S,1,0,37235.375,34.95,2013,26,21.07,24.6
114530,Active,1436489,NA,NA,S,4,1,17814.35,23,2011,24,10.93,13.72
114531,Active,690065,NA,NA,S,0,0,161436.6,28.95,2013,22,8.6,25.16
114532,Active,3746376,NA,NA,S,1,0,128759.8,41,2015,44,10.95,10.98
114533,Active,898710,NA,NA,S,3,1,97878.025,21.95,2015,17,15.96,14.37
114534,Active,864420,NA,NA,S,0,0,694578.2575,49.99,2013,18,13.97,25.85
114535,Active,687978,NA,NA,S,0,0,128107.175,29.99,2012,17,20.64,22.6
114536,Active,323664,NA,NA,S,2,1,806775.4925,65.95,2006,25,12.59,55.96
114537,Active,1713436,NA,NA,S,0,0,62085.05,28,2015,11,23.44,20.5
114538,Active,633222,NA,NA,S,3,1,253176.9663,59.95,2010,28,15.87,36.95
114539,Active,864802,NA,NA,S,3,1,51129.12125,116.8,2014,39,52.5,69
114540,Active,619194,NA,NA,S,3,1,723889.69,45.95,2004,43,4.94,42.22
114541,Active,652544,NA,NA,S,0,0,158926.075,34.95,2012,24,16.79,24.97
114542,Active,2100861,NA,NA,S,0,0,126157.625,29.99,2015,55,4,5.96
114543,Active,1924665,NA,NA,S,0,0,757974.98,42,2015,14,6.44,32.73
114544,Active,681619,NA,NA,S,0,0,94810.3,24.95,2013,44,4,6.59
114545,Active,678996,NA,NA,S,0,0,109155.2,24.99,2010,50,5.86,9.93
114546,Active,679292,NA,NA,S,0,0,78582.275,24.95,2009,41,7.5,10.73
114547,Active,1781242,NA,NA,S,1,0,97893.9,29.99,2015,16,19.63,19.69
114548,Active,2456926,NA,NA,S,0,0,424073.1138,16.99,2000,358,3.48,5.24
114549,Active,891638,NA,NA,S,2,1,679897.675,44.95,2004,22,6.49,136.36
114550,Active,1434255,NA,NA,S,0,0,42042.45,27.99,2015,21,14.38,15.71
114551,Active,1753184,NA,NA,S,1,0,87109.375,29.95,2009,26,25.08,31.26
114552,Active,621055,NA,NA,S,1,0,322477.1975,246.4,1995,30,4,76.3
114553,Active,1434641,NA,NA,S,0,0,412225.3863,29.32,2010,6,24.3,28.94
114554,Active,684847,NA,NA,S,1,0,87451.4,24.95,2011,25,10.41,17.12
114555,Active,665331,NA,NA,S,1,0,701166.5475,44.95,2012,24,13.56,37.45
114556,Active,1939094,NA,NA,S,1,0,20169.325,27.95,2014,17,22.99,25.07
114557,Active,553480,NA,NA,S,1,0,182109.9,244.2,1995,25,89.94,104
114558,Active,903874,NA,NA,S,2,1,148655.075,22.95,2013,12,20.9,21.9
114559,Active,622592,NA,NA,S,1,0,95381.75,55,2012,37,8.79,33.46
114560,Active,655720,NA,NA,S,9,1,515008.8038,122.25,2013,15,17.24,0
114561,Active,687367,NA,NA,S,0,0,117431.175,24.99,2012,20,15.47,17.22
114562,Active,2151831,NA,NA,S,0,0,63374.4,49.99,2014,13,31.55,31.33
114563,Active,639958,NA,NA,S,0,0,152230.775,49.99,2011,17,28.23,28.99
114564,Active,610039,NA,NA,S,5,1,45763.9,24.95,2012,32,7.97,13.01
114565,Active,677622,NA,NA,S,1,0,3959,30,2011,38,17.17,13.98
114566,Active,135519,NA,NA,S,4,1,748575.9775,30.95,2008,37,4.63,0
114567,Active,660894,NA,NA,S,0,0,125830.375,30,2013,22,13.99,16.47
114568,Active,678472,NA,NA,S,2,1,120620.65,24.99,2011,25,4.09,4
114569,Active,162195,NA,NA,S,2,1,525167.2163,169,2008,37,10.14,88.05
114570,Active,1760354,NA,NA,S,1,0,199296.075,29.99,2013,11,28.8,29.64
114571,Active,894933,NA,NA,S,5,1,42629.575,29.99,2014,15,20.01,8.96
114572,Active,2054703,NA,NA,S,2,1,294099.2425,34.99,2008,27,6.49,17.09
114573,Active,762251,NA,NA,S,1,0,331277.2375,29.99,2006,86,4,6.27
114574,Active,683443,NA,NA,S,0,0,40781.475,29.99,2008,32,14.79,14.83
114575,Active,2611808,NA,NA,S,0,0,558288.1438,44.99,2001,42,17.31,36.63
114576,Active,688562,NA,NA,S,0,0,56174.85,25.95,2012,17,11.81,22.66
114577,Active,1483920,NA,NA,S,0,0,182115.775,65,2013,18,37.77,42.99
114578,Active,689514,NA,NA,S,0,0,86010.725,21.95,2007,15,14.33,16.1
114579,Active,920012,NA,NA,S,0,0,29039.7,21.99,2013,52,5.2,11.91
114580,Active,249918,NA,NA,S,4,1,42367.1775,258.95,2007,68,19.49,39.93
114581,Active,1432721,NA,NA,S,0,0,17326.325,29.99,2012,42,9.06,15.96
114582,Active,1873313,NA,NA,S,0,0,59843.675,35,2014,22,19.62,21.98
114583,Active,1727414,NA,NA,S,1,0,56417.1,34.95,2012,21,16.7,24.21
114584,Active,1958087,NA,NA,S,0,0,6674.8,24.99,2014,26,11.46,14.85
114585,Active,778053,NA,NA,S,0,0,50577.325,21.99,2013,24,5.92,14.43
114586,Active,541177,NA,NA,S,1,0,42666.9,39.99,2007,29,23.54,25.43
114587,Active,2091527,NA,NA,S,0,0,70393.975,24.95,2014,9,25.76,15.96
114588,Active,3011543,NA,NA,S,1,0,288423.6288,49.95,2003,16,14.79,79.25
114589,Active,679305,NA,NA,S,0,0,5917.05,29.95,2008,22,18.87,21.99
114590,Active,1714005,NA,NA,S,0,0,154018.9,24.95,2014,19,23.7,24.95
114591,Active,881428,NA,NA,S,2,1,6844.1,24.95,2015,17,15.29,17.99
114592,Active,683428,NA,NA,S,0,0,130592.75,29.95,2009,24,15.99,19.6
114593,Active,1982698,NA,NA,S,0,0,152038.85,97,2015,17,44.69,58.98
114594,Active,3783526,NA,NA,S,0,0,105474,24,2007,14,19.95,17.03
114595,Active,663180,NA,NA,S,1,0,156050.975,34.95,2013,14,19.99,24.02
114596,Active,663210,NA,NA,S,0,0,175140.075,38.95,2014,15,31.34,31.41
114597,Active,2092751,NA,NA,S,0,0,119431.3,26.95,2014,19,11.97,18.71
114598,Active,618338,NA,NA,S,1,0,82117.775,56,1999,33,11.9,41.5
114599,Active,1575988,NA,NA,S,1,0,648046.7375,42,2007,29,13.23,36.95
114600,Active,3821769,NA,NA,S,0,0,59672.025,29.95,2010,7,31.28,25.15
114601,Active,1769143,NA,NA,S,0,0,164356.15,29.99,2014,23,21.91,23.98
114602,Active,2612854,NA,NA,S,0,0,292029.1813,44.99,2001,33,8.3,36.97
114603,Active,1785034,NA,NA,S,0,0,157619.6,32,2014,19,25.84,25.32
114604,Active,1698651,NA,NA,S,1,0,114180.05,22.99,2007,34,7.7,13.99
114605,Active,906549,NA,NA,S,2,1,181242.4588,59.95,2014,36,13.62,42.97
114606,Active,756159,NA,NA,S,1,0,65794.6,78.95,2012,24,17.57,55.32
114607,Active,915812,NA,NA,S,0,0,449912.4363,20.95,2008,27,10.86,13.99
114608,Active,1431236,NA,NA,S,0,0,127961.025,25.99,2013,23,13.95,13.99
114609,Active,1779876,NA,NA,S,1,0,2147.025,32,2013,29,20.88,16.97
114610,Active,874103,NA,NA,S,0,0,365092.9888,106.49,1989,24,6.93,52.1
114611,Active,1908847,NA,NA,S,0,0,209112.475,26.95,2010,9,25.56,26.94
114612,Active,1595415,NA,NA,S,0,0,115095.75,26.95,2010,51,4,13.98
114613,Active,682655,NA,NA,S,2,1,470267.3638,24.95,2004,29,11.38,15.85
114614,Active,1918401,NA,NA,S,0,0,88649.05,26.99,2012,26,7.51,6.17
114615,Active,909073,NA,NA,S,2,1,365878.8638,26.69,2007,26,9,21.93
114616,Active,918979,NA,NA,S,1,0,434459.5988,76.45,2002,46,4.83,13.94
114617,Active,257164,NA,NA,S,1,0,352221.6775,54.95,2002,110,4,11.93
114618,Active,1830012,NA,NA,S,0,0,19070.25125,233.95,2015,53,18.37,123.96
114619,Active,924240,NA,NA,S,0,0,13766,206.95,2016,108,33.93,63.99
114620,Active,1827254,NA,NA,S,1,0,495038.1588,140.95,2014,26,6.3,78.44
114621,Active,634643,NA,NA,S,2,1,241182.15,49.95,2006,17,19.63,34.33
114622,Active,543700,NA,NA,S,2,1,69634,36.5,2012,15,28.99,24
114623,Active,347571,NA,NA,S,0,0,190444.425,36,2008,40,4,17.19
114624,Active,112257,NA,NA,S,7,1,681644.6013,80.25,2004,25,14.96,23.98
114625,Active,768629,NA,NA,S,0,0,454645.7,72.4,2002,50,4,33.99
114626,Active,1604665,NA,NA,S,1,0,468720.8688,13.3,2012,17,14.42,21.51
114627,Active,596670,NA,NA,S,2,1,360597.43,47.5,2001,147,4,10.69
114628,Active,878868,NA,NA,S,4,1,741196.9813,2707.22,2008,16,14.94,15.06
114629,Active,2252336,NA,NA,S,4,1,61445.475,93.77,2008,15,19.92,61.47
114630,Active,1738329,NA,NA,S,1,0,145668.975,39.95,2007,23,22.83,39.95
114631,Active,683733,NA,NA,S,0,0,710518.7988,32,2010,23,20.14,20.98
114632,Active,607177,NA,NA,S,3,1,742866.0338,69.35,2002,56,4,18.48
114633,Active,657614,NA,NA,S,1,0,159572.45,44.99,2007,21,21.94,30.13
114634,Active,3474374,NA,NA,S,1,0,33494.725,49.99,2015,14,37.56,31.3
114635,Active,1634456,NA,NA,S,1,0,127396.9,38,2013,11,25.67,25.23
114636,Active,1576054,NA,NA,S,1,0,195162.975,34.95,2007,18,13.97,24.97
114637,Active,538837,NA,NA,S,6,1,37521.25875,159.75,2013,46,51.99,108.98
114638,Active,2268163,NA,NA,S,1,0,571269.6,68.92,1900,39,6.89,45.82
114639,Active,612239,NA,NA,S,3,1,51800.68,175,2013,46,52.98,79.89
114640,Active,3717826,NA,NA,S,2,1,391235.65,121.95,2015,40,20.83,21.09
114641,Active,246607,NA,NA,S,1,0,444103.9863,43.95,2010,37,4.98,27.98
114642,Active,3749229,NA,NA,S,3,1,132690.75,220.25,2015,88,7.95,77.48
114643,Active,206465,NA,NA,S,1,0,149692.61,29.95,2010,36,10.88,20.49
114644,Active,3473212,NA,NA,S,3,1,75102.425,123.33,2015,32,53.99,77.98
114645,Active,297882,NA,NA,S,4,1,471660.1825,84.95,2011,24,4.98,25.99
114646,Active,144385,NA,NA,S,0,0,67873.25,90.4,2003,27,16.14,54.89
114647,Active,639816,NA,NA,S,0,0,196067.45,40,2012,25,12.32,24.69
114648,Active,624471,NA,NA,S,0,0,61170,49.99,2004,20,24.74,32.31
114649,Active,223738,NA,NA,S,0,0,69338.425,49.99,2003,23,17.16,31.06
114650,Active,610070,NA,NA,S,7,1,55409.51375,135.95,2014,43,54,103.99
114651,Active,2103020,NA,NA,S,0,0,213287.075,24.95,2015,13,19.29,18.44
114652,Active,1705461,NA,NA,S,1,0,19329.975,24,2014,33,5.99,8.73
114653,Active,2059737,NA,NA,S,0,0,93996.675,26.95,2009,11,15.99,25.23
114654,Active,3620574,NA,NA,S,1,0,136395.5,24.95,2007,51,4.12,13.74
114655,Active,2238275,NA,NA,S,7,1,118617.1313,29.61,2014,9,20.86,19.68
114656,Active,697596,NA,NA,S,7,1,183943.35,0,2011,38,7.95,69.74
114657,Active,271170,NA,NA,S,0,0,757416.7375,49.99,2010,35,13.21,49.99
114658,Active,542551,NA,NA,S,3,1,286570.3613,154.85,2005,36,20.49,103.98
114659,Active,895268,NA,NA,S,0,0,420013.3213,49.5,2008,17,13.6,49.5
114660,Active,622745,NA,NA,S,3,1,49167.875,155.07,2006,55,22.99,69
114661,Active,641297,NA,NA,S,1,0,449092.7725,47.99,2009,23,4.23,13.97
114662,Active,2094481,NA,NA,S,0,0,42018.15,39.99,2014,19,20.08,23.66
114663,Active,673862,NA,NA,S,1,0,35417.275,25.95,2013,34,4.29,17.62
114664,Active,565640,NA,NA,S,1,0,42067.8,27.95,2010,52,6.67,11.64
114665,Active,3805076,NA,NA,S,0,0,94472.675,24.95,2015,11,17.81,17.33
114666,Active,1871896,NA,NA,S,0,0,54360.625,40,2014,14,18.99,24.45
114667,Active,3960302,NA,NA,S,0,0,82016.425,24.99,2015,13,15.57,16.56
114668,Active,673963,NA,NA,S,0,0,161419.325,24.99,2014,14,10.22,17.28
114669,Active,3565778,NA,NA,S,0,0,60925.175,21.99,2012,20,13.82,14.33
114670,Active,1936077,NA,NA,S,0,0,100658.1363,7.98,2013,29,4,13.94
114671,Active,3800740,NA,NA,S,0,0,12543.15,65,2015,16,35.83,35.83
114672,Active,680048,NA,NA,S,1,0,21293.875,29,2013,55,10.06,10.28
114673,Active,2941646,NA,NA,S,0,0,578867.4813,342.88,2004,17,6.76,149.56
114674,Active,2030605,NA,NA,S,2,1,156494.4863,19.57,2006,7,26.49,18.41
114675,Active,2603619,NA,NA,S,2,1,468583.9988,34.99,2003,27,20.92,26.28
114676,Active,1523953,NA,NA,S,0,0,57777.05,21,2013,13,15.92,15.93
114677,Active,1576536,NA,NA,S,3,1,37175.025,32.95,2012,18,16.69,21.97
114678,Active,677060,NA,NA,S,0,0,274080.96,25,2000,30,10.74,16.82
114679,Active,2252537,NA,NA,S,5,1,717728.7,36.03,2007,43,6.54,37.21
114680,Active,3473345,NA,NA,S,2,1,47007.6,34.99,2015,19,21.5,21.98
114681,Active,820981,NA,NA,S,1,0,371519.335,24.95,2005,54,4,7.9
114682,Active,235098,NA,NA,S,0,0,96393.225,51.5,2000,28,21.99,28.98
114683,Active,1978400,NA,NA,S,0,0,159210.525,39.95,2015,19,27.67,27.9
114684,Active,145562,NA,NA,S,1,0,218693.75,38.4,2009,29,7.94,20.83
114685,Active,144819,NA,NA,S,0,0,267378.05,57.2,2004,27,4.92,28.94
114686,Active,1978940,NA,NA,S,0,0,6200.75,24,2013,9,23.96,21.6
114687,Active,1634476,NA,NA,S,1,0,81149.55,21.95,2011,24,9.84,14.97
114688,Active,782259,NA,NA,S,0,0,94953.5,34.99,2012,21,24.71,24.72
114689,Active,890098,NA,NA,S,2,1,579986.1188,21.21,2007,23,15.29,0
114690,Active,542723,NA,NA,S,2,1,113359.3825,65,2011,30,21,38.75
114691,Active,1576799,NA,NA,S,0,0,467825.9113,29.95,2014,21,9.72,21.19
114692,Active,1690719,NA,NA,S,0,0,103074.725,25,2009,26,9.5,18.56
114693,Active,1759004,NA,NA,S,0,0,22654.125,24.95,2015,13,18.37,19
114694,Active,3292736,NA,NA,S,4,1,134409,60.36,2004,12,43.65,51.66
114695,Active,330995,NA,NA,S,0,0,70025.825,36.88,2008,16,35.93,34.8
114696,Active,51195,NA,NA,S,2,1,848834.705,106.67,2002,66,4,10.99
114697,Active,685102,NA,NA,S,1,0,47445.775,27.95,2010,15,13.29,16.7
114698,Active,177641,NA,NA,S,1,0,582967.9288,108.95,2004,55,12.32,68.9
114699,Active,169970,NA,NA,S,1,0,387011.3263,160.95,2004,35,16.04,170.81
114700,Active,1701653,NA,NA,S,0,0,133391.125,37.95,2014,12,37.94,37.94
114701,Active,388267,NA,NA,S,1,0,239215.175,49.95,2009,33,5.19,39.85
114702,Active,1968903,NA,NA,S,0,0,128130.175,34,2015,12,27.71,27.81
114703,Active,1711331,NA,NA,S,0,0,131197.775,24,2014,17,17.72,18.23
114704,Active,3473441,NA,NA,S,10,1,83436.875,59.33,2015,22,43.99,48.48
114705,Active,243874,NA,NA,S,2,1,35493.3025,157.95,2011,67,35.05,81.92
114706,Active,1555416,NA,NA,S,1,0,162829.25,75.95,2014,14,21.39,28.74
114707,Active,1558044,NA,NA,S,1,0,65707.0625,78.95,2014,33,15.9,58.59
114708,Active,557229,NA,NA,S,1,0,89124.425,128.8,2004,29,58.59,87.04
114709,Active,669778,NA,NA,S,0,0,748157.4363,55.95,2007,28,6.96,45.52
114710,Active,654804,NA,NA,S,0,0,388337.1413,119,2006,52,6.51,19.13
114711,Active,2961267,NA,NA,S,2,1,83416.79875,32.95,2015,15,24.56,25.33
114712,Active,126315,NA,NA,S,0,0,25286.1875,19.99,2001,71,10.4,14.34
114713,Active,616425,NA,NA,S,1,0,510437.5238,44.99,1992,66,5.76,26.36
114714,Active,752964,NA,NA,S,1,0,71812.4,34.95,2010,20,21.96,21.96
114715,Active,1565670,NA,NA,S,1,0,48565.225,29.99,2013,32,7.61,9.99
114716,Active,2012530,NA,NA,S,0,0,90154.95,25,2015,11,22.57,17.85
114717,Active,591594,NA,NA,S,1,0,472827.1475,48.95,2007,35,4.47,31.99
114718,Active,3021043,NA,NA,S,2,1,424552.8675,14.95,1997,24,4.45,44.98
114719,Active,1767362,NA,NA,S,0,0,148314.675,32.99,2015,10,30.64,29.87
114720,Active,2169768,NA,NA,S,0,0,212224.45,21.95,2014,15,9.83,16.7
114721,Active,3634648,NA,NA,S,1,0,42960.95,34.95,2015,11,23.62,13.98
114722,Active,2000624,NA,NA,S,1,0,39322.85,24.99,2014,7,26.05,19.99
114723,Active,681840,NA,NA,S,0,0,40161.1,21.99,2011,25,12.73,14.82
114724,Active,1697295,NA,NA,S,0,0,144679.775,22.95,2014,15,7.41,14.17
114725,Active,2096557,NA,NA,S,0,0,91806.075,26.95,2015,19,15.96,19.68
114726,Active,1780958,NA,NA,S,3,1,56414.85,22.99,2014,19,16.2,15.43
114727,Active,1957947,NA,NA,S,0,0,40897.55,25,2014,19,16.29,18.35
114728,Active,1958138,NA,NA,S,0,0,61598.525,25,2015,15,12.94,12.97
114729,Active,1958130,NA,NA,S,0,0,34930.675,25,2015,13,17.3,17.77
114730,Active,1655937,NA,NA,S,0,0,481433.9938,25,2013,32,4,15.88
114731,Active,542763,NA,NA,S,0,0,69616.025,28,2013,20,8.98,47.75
114732,Active,1957983,NA,NA,S,0,0,33864.6,30,2014,15,16.88,20.2
114733,Active,1957969,NA,NA,S,0,0,53572.7,30,2014,10,18.64,21.09
114734,Active,1957987,NA,NA,S,0,0,35446.625,25,2014,21,13.29,15.84
114735,Active,1958139,NA,NA,S,0,0,13856.175,23,2015,13,18.77,16.89
114736,Active,1655924,NA,NA,S,0,0,164612.35,23,2013,17,8.95,25.98
114737,Active,1958151,NA,NA,S,0,0,118282.225,25,2015,16,12.77,12.77
114738,Active,1655929,NA,NA,S,0,0,131381,25,2013,22,11.56,41.88
114739,Active,1957986,NA,NA,S,0,0,25807.35,30,2014,17,19.68,19.88
114740,Active,1958133,NA,NA,S,0,0,8429.4,25,2015,14,18.51,18.21
114741,Active,1957956,NA,NA,S,0,0,40739.9,30,2014,18,18.19,20.96
114742,Active,1958157,NA,NA,S,0,0,13083.825,23,2015,14,17.06,11.73
114743,Active,1957971,NA,NA,S,0,0,13722.15,30,2014,18,16.39,18.59
114744,Active,1957941,NA,NA,S,0,0,101983,25,2015,14,18.76,23.9
114745,Active,1957967,NA,NA,S,0,0,101348.4,25,2014,18,14.41,17.07
114746,Active,1957942,NA,NA,S,0,0,125107.6,30,2014,13,14.82,14.99
114747,Active,1958131,NA,NA,S,0,0,11902.95,28,2015,16,19.87,18.76
114748,Active,1957985,NA,NA,S,0,0,11810.725,25,2014,11,20.2,16.22
114749,Active,1958150,NA,NA,S,0,0,45296.05,25,2015,15,16.19,18.29
114750,Active,1957980,NA,NA,S,0,0,61305.9,25,2014,21,12.71,17.34
114751,Active,1958144,NA,NA,S,0,0,28968.125,25,2015,15,18.28,18.28
114752,Active,1957977,NA,NA,S,0,0,29079.175,30,2015,12,21.27,21.02
114753,Active,1958145,NA,NA,S,0,0,23875.875,25,2015,16,15.66,16.66
114754,Active,1958034,NA,NA,S,0,0,44933.65,25,2014,12,18.14,18.21
114755,Active,1958158,NA,NA,S,0,0,69240.75,25,2015,14,18.05,15.68
114756,Active,1957964,NA,NA,S,0,0,79411.525,25,2014,14,16.01,18.44
114757,Active,1957954,NA,NA,S,0,0,83744.725,25,2014,13,18.53,16.41
114758,Active,2971331,NA,NA,S,0,0,86365.5225,25,2015,19,13.93,16.51
114759,Active,1957981,NA,NA,S,0,0,27552.475,25,2014,16,15.3,15.3
114760,Active,1957966,NA,NA,S,0,0,39962.75,25,2014,12,14.95,15.08
114761,Active,1957951,NA,NA,S,0,0,27949.2,25,2014,8,24,47.28
114762,Active,1957945,NA,NA,S,0,0,45679.15,23,2014,12,16.6,15.04
114763,Active,1957959,NA,NA,S,0,0,45802.85,30,2014,9,21.75,21.74
114764,Active,1957911,NA,NA,S,0,0,37066.175,25,2013,16,18.25,16.85
114765,Active,1958154,NA,NA,S,0,0,21165.55,25,2015,14,18.56,17.44
114766,Active,1957972,NA,NA,S,0,0,23139.05,25,2014,15,16.38,16.66
114767,Active,1957978,NA,NA,S,0,0,58088.7,30,2015,13,19.98,18.7
114768,Active,1957982,NA,NA,S,0,0,9525.15,25,2014,14,16.46,17.81
114769,Active,1957856,NA,NA,S,0,0,43506.475,22.99,2013,22,9.74,13.98
114770,Active,660962,NA,NA,S,1,0,428502.3875,94.67,2012,19,47.54,72.68
114771,Active,2153172,NA,NA,S,0,0,116634.4,39.99,2014,6,33.53,27.5
114772,Active,3725940,NA,NA,S,0,0,112365.025,29.99,2014,13,16.29,18.92
114773,Active,2154134,NA,NA,S,0,0,107834.9,21.95,2013,14,18.5,17.54
114774,Active,112753,NA,NA,S,3,1,419244.54,103,2009,39,4.78,71.47
114775,Active,1718475,NA,NA,S,1,0,175572.95,75,2014,16,45.54,52.17
114776,Active,1718314,NA,NA,S,1,0,118766.45,75,2012,46,23.99,40.02
114777,Active,577269,NA,NA,S,0,0,154522.35,37.95,2010,18,28.74,34.15
114778,Active,741739,NA,NA,S,1,0,144669.8,29.99,2008,18,10.54,66.25
114779,Active,639697,NA,NA,S,1,0,103150.35,35,2013,22,21.77,22.4
114780,Active,1494650,NA,NA,S,0,0,172335.225,30,2015,20,16.91,16.92
114781,Active,677397,NA,NA,S,1,0,56977.5,34.95,2010,25,13.01,13.99
114782,Active,1815349,NA,NA,S,1,0,8181.625,25.99,2015,18,11.98,14.77
114783,Active,1655377,NA,NA,S,0,0,209861.1,29.99,2007,51,4.47,49.46
114784,Active,2041670,NA,NA,S,0,0,101366.15,27.95,2012,36,4,8.97
114785,Active,2041798,NA,NA,S,0,0,23994.05,26.95,2015,25,13.48,9.98
114786,Active,1607157,NA,NA,S,0,0,91356.2,26,2015,49,7.03,9.89
114787,Active,683023,NA,NA,S,1,0,49050.4,26.99,2013,18,17.1,17.09
114788,Active,1433665,NA,NA,S,0,0,34687.625,26.99,2015,21,15.34,16.94
114789,Active,3758241,NA,NA,S,1,0,66912.325,44.99,2015,17,21.61,27.49
114790,Active,150719,NA,NA,S,0,0,109757.4525,16.95,1999,74,4.98,11.12
114791,Active,3570041,NA,NA,S,0,0,47055.275,24.99,2015,23,10.72,15.47
114792,Active,898618,NA,NA,S,0,0,86756.4,25,2014,15,16.49,15.57
114793,Active,686712,NA,NA,S,2,1,11156.125,30.95,2012,27,19.25,17.12
114794,Active,1758180,NA,NA,S,0,0,101031.225,29.95,2012,16,26.47,25.36
114795,Active,255156,NA,NA,S,0,0,60657.975,21.95,2012,23,15.13,15.46
114796,Active,648861,NA,NA,S,2,1,442048.6125,32,2011,22,7.64,29.98
114797,Active,141780,NA,NA,S,1,0,62869.325,46.09,2007,28,36.29,63.98
114798,Active,2402583,NA,NA,S,1,0,417943.78,207.31,1974,20,18.49,78.53
114799,Active,2101811,NA,NA,S,0,0,109088.775,27.95,2014,7,19.2,20.32
114800,Active,2270665,NA,NA,S,3,1,791664.2375,32.32,2010,34,22.87,23.95
114801,Active,1717875,NA,NA,S,0,0,66210.4,25,2007,14,18.44,19.46
114802,Active,616634,NA,NA,S,1,0,813821.8625,53,2006,31,4,30.88
114803,Active,3743966,NA,NA,S,3,1,247237.025,44,2015,8,35.33,31.68
114804,Active,130478,NA,NA,S,6,1,146119.3313,64.6,2011,57,15.06,39.14
114805,Active,1696622,NA,NA,S,1,0,40252.525,33.95,2009,25,20.52,25.64
114806,Active,2010309,NA,NA,S,1,0,47080.675,29.95,2010,9,19,19.01
114807,Active,2010264,NA,NA,S,1,0,65852.35,29.95,2008,23,6.11,20.45
114808,Active,2100122,NA,NA,S,1,0,72090.85,29.95,2013,13,20.96,19.54
114809,Active,2010290,NA,NA,S,0,0,22481,29.95,2009,15,16.99,19.87
114810,Active,680676,NA,NA,S,1,0,168554.675,26.95,2007,31,4.57,14
114811,Active,2998103,NA,NA,S,0,0,166919.85,23,2015,7,23.41,17.83
114812,Active,685153,NA,NA,S,0,0,105248.75,25.95,2008,23,15.42,16.97
114813,Active,3788667,NA,NA,S,0,0,66227.45,45,2014,18,24.1,30.13
114814,Active,2735852,NA,NA,S,2,1,90558.41,21.99,2005,121,4,22.08
114815,Active,1628742,NA,NA,S,0,0,129931.85,29.95,2015,14,18.45,20.54
114816,Active,1928844,NA,NA,S,1,0,539166.6875,40,2013,19,26.11,25.67
114817,Active,149428,NA,NA,S,1,0,865404.13,45.98,2008,30,5.52,30.73
114818,Active,656222,NA,NA,S,1,0,346597.45,34.95,2009,23,22.98,29.9
114819,Active,648884,NA,NA,S,0,0,399339.4075,60,2009,20,12,0
114820,Active,647101,NA,NA,S,2,1,730705.1088,66,2012,24,7.97,41.25
114821,Active,688071,NA,NA,S,0,0,444198.025,30,2010,21,20.67,29.37
114822,Active,648182,NA,NA,S,1,0,404060.1213,72,2002,21,6.39,42.35
114823,Active,641092,NA,NA,S,0,0,247732.5375,84,2006,29,5.24,42.22
114824,Active,562510,NA,NA,S,2,1,883401.9213,46,2010,24,4.97,33.43
114825,Active,3513255,NA,NA,S,4,1,16747.65,90.5,2015,71,53.24,61.99
114826,Active,3484487,NA,NA,S,1,0,226217.375,29.95,2015,23,27.08,27.94
114827,Active,2144268,NA,NA,S,1,0,107940.65,25,2015,15,24.92,25
114828,Active,650090,NA,NA,S,0,0,105026.625,35,2010,21,20.23,24.49
114829,Active,686340,NA,NA,S,0,0,74056.1,25,2010,25,18.49,20.76
114830,Active,650706,NA,NA,S,1,0,478004.095,52.95,2009,28,18.68,41.86
114831,Active,631289,NA,NA,S,5,1,428388.9413,60.95,2013,28,6.99,23.85
114832,Active,169521,NA,NA,S,7,1,36462.8375,182.95,2007,90,16.99,43.46
114833,Active,613754,NA,NA,S,1,0,130568.3713,50,1980,85,4,27.98
114834,Active,199432,NA,NA,S,1,0,671885.035,110,1999,23,17.18,41.53
114835,Active,2144265,NA,NA,S,1,0,116156.375,25,2013,8,20,25
114836,Active,569762,NA,NA,S,4,1,635992.765,69.95,2001,21,4.42,601.99
114837,Active,1576577,NA,NA,S,0,0,43174.025,29.95,2013,22,15.18,21.81
114838,Active,679935,NA,NA,S,0,0,118912.275,25,2008,22,17.88,21.99
114839,Active,1495248,NA,NA,S,0,0,108721.7,27.5,2007,70,3.98,6.5
114840,Active,148955,NA,NA,S,2,1,141542.6,30.63,2010,23,23.29,23.87
114841,Active,746433,NA,NA,S,0,0,76489.65,35,2007,17,23.35,25.75
114842,Active,3800983,NA,NA,S,0,0,108360.975,24.99,2015,14,15.91,18.41
114843,Active,1995461,NA,NA,S,2,1,147689,24.95,2014,15,10.23,17.07
114844,Active,623484,NA,NA,S,2,1,132105.95,34.99,2010,20,15.9,23.99
114845,Active,742676,NA,NA,S,1,0,182975.7,59.99,2010,18,32.14,38.29
114846,Active,625198,NA,NA,S,4,1,869459.515,75,2007,24,6.75,58.81
114847,Active,637248,NA,NA,S,2,1,193089.075,75,2007,19,10.38,57.48
114848,Active,1990509,NA,NA,S,0,0,75775.5,22.5,2013,8,18.5,19.61
114849,Active,2731136,NA,NA,S,2,1,658603.38,14.99,2003,50,4.27,11.72
114850,Active,3751576,NA,NA,S,1,0,146459.85,30,2013,34,20.18,24.99
114851,Active,1970087,NA,NA,S,1,0,16856.325,35,2014,56,6.96,6.97
114852,Active,1970136,NA,NA,S,0,0,48521.3,24.99,2015,21,5.17,5.17
114853,Active,477550,NA,NA,S,1,0,149109.225,22.95,2007,54,4,10.94
114854,Active,2052071,NA,NA,S,1,0,75620.65,21.95,2009,50,6.74,16.65
114855,Active,2033819,NA,NA,S,0,0,27935.8,24.95,2007,9,17.6,15.11
114856,Active,676630,NA,NA,S,1,0,143808.3,29.95,2010,62,4,8.91
114857,Active,1777350,NA,NA,S,1,0,36636,22.95,2011,15,16.53,16.51
114858,Active,1777351,NA,NA,S,1,0,16832.75,24.95,2011,12,14.99,17.38
114859,Active,123452,NA,NA,S,6,1,453361.8275,15,2007,30,25.31,71.61
114860,Active,1434292,NA,NA,S,1,0,72778.625,22.99,2014,69,4,9.85
114861,Active,860727,NA,NA,S,9,1,296796.1538,19.95,2012,106,4,23.65
114862,Active,531123,NA,NA,S,0,0,10930.61375,15.99,2012,67,5.94,12.72
114863,Active,2277530,NA,NA,S,3,1,6584.075,0,2013,0,0,26.09
114864,Active,2002992,NA,NA,S,0,0,4737.35,23.78,2015,7,25.68,16.91
114865,Active,3523724,NA,NA,S,1,0,203951.3,24.95,2010,41,4,6.68
114866,Active,676069,NA,NA,S,1,0,116645.075,24.95,2012,45,9.3,18.49
114867,Active,2628893,NA,NA,S,0,0,15227.255,17,1999,128,4.59,9.23
114868,Active,150627,NA,NA,S,1,0,144790.425,26.95,2008,46,9.55,12.98
114869,Active,2133796,NA,NA,S,0,0,203351,23.95,2011,21,13.88,17.7
114870,Active,2754204,NA,NA,S,1,0,21770.91375,15,2000,443,4,6.68
114871,Active,735118,NA,NA,S,2,1,160103.525,22.99,2011,53,4,5.82
114872,Active,890871,NA,NA,S,0,0,77159.05,34.99,2014,12,29.76,27.99
114873,Active,804579,NA,NA,S,32,1,618268.05,104,2011,25,7.47,58.48
114874,Active,3793969,NA,NA,S,0,0,131365.15,24.5,2011,37,12.02,18.99
114875,Active,3828758,NA,NA,S,0,0,42161.7,24.95,2012,14,16.47,18.04
114876,Active,1938657,NA,NA,S,0,0,102751.7,50,2013,28,20.05,26.49
114877,Active,563559,NA,NA,S,0,0,60142.525,24.95,2010,49,7.52,17.9
114878,Active,1536482,NA,NA,S,0,0,152675.65,26.95,2015,24,4,13.54
114879,Active,52245,NA,NA,S,5,1,239000.3325,138.85,2002,148,4,11.09
114880,Active,253906,NA,NA,S,2,1,359218.115,103.95,2008,27,17.26,54.94
114881,Active,685994,NA,NA,S,0,0,81298.825,29.95,2012,20,18.17,19.97
114882,Active,2081003,NA,NA,S,0,0,34690.7,22.95,2011,35,9.66,15.9
114883,Active,900694,NA,NA,S,3,1,51897.175,35,2014,12,27.98,27.85
114884,Active,3017171,NA,NA,S,1,0,24412.2225,13.95,2005,96,4,6.97
114885,Active,555605,NA,NA,S,1,0,37660.025,31.95,2008,25,17.79,19.83
114886,Active,2025580,NA,NA,S,0,0,79156,39.95,2009,15,16.34,25.55
114887,Active,2065330,NA,NA,S,2,1,57154.575,24.95,2011,6,21.58,18.93
114888,Active,1629668,NA,NA,S,1,0,112205.05,34.95,2014,15,24.99,26.35
114889,Active,2151486,NA,NA,S,0,0,129907.325,34.95,2014,14,20.72,20.22
114890,Active,205722,NA,NA,S,1,0,650982.6888,106,2001,45,4.49,77.01
114891,Active,660640,NA,NA,S,0,0,62926.525,35,2014,18,20.89,23.63
114892,Active,2142800,NA,NA,S,1,0,48750.475,29.95,2011,11,23.93,22.79
114893,Active,2662552,NA,NA,S,0,0,19948.7525,14.95,1997,128,4,8.16
114894,Active,1872854,NA,NA,S,5,1,59950.825,32,2009,24,13.86,18.99
114895,Active,1724335,NA,NA,S,0,0,140637.7,45,2009,48,7.98,14.84
114896,Active,2020192,NA,NA,S,1,0,108422.55,24.95,2012,11,17.77,18.49
114897,Active,1753262,NA,NA,S,4,1,5611.75,21.95,2013,6,18.98,16.43
114898,Active,679248,NA,NA,S,4,1,2889.2,30,2011,37,15.94,20.56
114899,Active,1743621,NA,NA,S,2,1,28527.65,19.95,2010,14,18.63,14.66
114900,Active,476678,NA,NA,S,0,0,96970.65,24.99,2008,29,5.47,51.71
114901,Active,2106822,NA,NA,S,1,0,469522.3163,42.95,2014,16,29.65,29.64
114902,Active,2101620,NA,NA,S,0,0,11806.2,21.99,2015,12,16.5,7.47
114903,Active,2099159,NA,NA,S,2,1,65125.45,21.95,2015,9,16.43,16.74
114904,Active,1932786,NA,NA,S,0,0,71522.95,24.99,2013,46,7.62,15.74
114905,Active,2167316,NA,NA,S,0,0,26538.575,24.95,2014,20,15.49,16.21
114906,Active,2043569,NA,NA,S,1,0,50587.45,27.5,2014,31,9.92,16.97
114907,Active,2084556,NA,NA,S,1,0,88442.725,29.99,2013,31,8.99,88.31
114908,Active,672133,NA,NA,S,3,1,11798.395,22.99,2005,144,4,12.97
114909,Active,3097531,NA,NA,S,0,0,521712.3213,69.95,2005,34,4.45,13.94
114910,Active,1530417,NA,NA,S,0,0,4124.225,44.95,2011,23,22.89,28.3
114911,Active,819730,NA,NA,S,4,1,446344.3663,19.95,1984,88,4,57.19
114912,Active,3561127,NA,NA,S,0,0,123954.4,22.95,2014,15,19.85,18.87
114913,Active,1918439,NA,NA,S,0,0,92438.075,26.99,2013,20,17.92,18.38
114914,Active,1665912,NA,NA,S,0,0,78868.925,24.99,2009,68,12.75,25.97
114915,Active,3566526,NA,NA,S,0,0,445215.4,34.99,2009,35,22.49,87.7
114916,Active,2094375,NA,NA,S,0,0,12677.95,39.99,2013,15,28.58,26.73
114917,Active,687302,NA,NA,S,3,1,115312.6975,29.99,2013,27,11.56,13.47
114918,Active,3960379,NA,NA,S,0,0,137935.45,27.99,2012,8,25.19,23.74
114919,Active,3071788,NA,NA,S,9,1,57704.25,19.99,2005,130,4,6.7
114920,Active,1918308,NA,NA,S,1,0,95848.7,22.99,2010,46,7.97,12.67
114921,Active,1626830,NA,NA,S,0,0,53375.75,29.95,2012,15,18.96,21.4
114922,Active,2492040,NA,NA,S,0,0,60539.19875,7.99,1986,138,4,7.39
114923,Active,1479968,NA,NA,S,1,0,193244.925,31.95,2013,15,15.99,22.97
114924,Active,869704,NA,NA,S,5,1,352947.4463,67.2,2014,29,28.34,61.39
114925,Active,3815953,NA,NA,S,0,0,127267.85,20.95,2015,8,18.29,14.72
114926,Active,644478,NA,NA,S,1,0,424981.5063,65,2012,20,6.09,68.25
114927,Active,1579242,NA,NA,S,1,0,612924.295,49.99,2008,18,9.62,37.97
114928,Active,2111619,NA,NA,S,0,0,113321.575,24.95,2012,13,19.01,18.79
114929,Active,3960307,NA,NA,S,0,0,72341.325,22.99,2010,28,9.53,9.46
114930,Active,3960441,NA,NA,S,0,0,168523.475,26.99,2013,14,10.43,9.15
114931,Active,1918560,NA,NA,S,0,0,23102.1,24.99,2015,7,22.51,16.93
114932,Active,2160921,NA,NA,S,0,0,40191.1,42.95,2011,19,20.82,28.53
114933,Active,1471395,NA,NA,S,1,0,40975.85,49.95,2014,22,45.28,49.95
114934,Active,1918458,NA,NA,S,0,0,80395.2,26.99,2014,43,7.74,5.98
114935,Active,2043855,NA,NA,S,0,0,9822.475,24.99,2015,15,17.53,13.76
114936,Active,684217,NA,NA,S,0,0,68562.675,24.99,2012,30,13.95,15.67
114937,Active,135568,NA,NA,S,1,0,412121.88,54.95,2007,38,15.66,0
114938,Active,2096949,NA,NA,S,0,0,97127.325,24.95,2014,17,13,12.82
114939,Active,682580,NA,NA,S,0,0,32021.525,24.99,2012,27,16.48,17.27
114940,Active,2043770,NA,NA,S,0,0,110143,24.99,2012,22,10.11,10.97
114941,Active,554282,NA,NA,S,0,0,151479.0725,18,1997,69,5.28,13.54
114942,Active,2043814,NA,NA,S,0,0,87683.9,40,2015,13,25.89,21.01
114943,Active,646483,NA,NA,S,0,0,791266.3963,40,2009,18,32.87,40.33
114944,Active,547046,NA,NA,S,0,0,48821.9,40,2012,20,23.84,24.33
114945,Active,531114,NA,NA,S,3,1,120301.2275,251.95,2003,75,19.83,43.49
114946,Active,683458,NA,NA,S,0,0,29924.2,25,2007,40,14.29,14.68
114947,Active,1532205,NA,NA,S,0,0,15768.35,40,2013,13,27.11,25.42
114948,Active,676542,NA,NA,S,0,0,15439.15,22.99,2010,46,11.94,14.61
114949,Active,1716685,NA,NA,S,0,0,33609,21.99,2009,40,10.57,13.61
114950,Active,682544,NA,NA,S,0,0,18633.225,22.99,2013,17,16.46,14.7
114951,Active,3793208,NA,NA,S,4,1,40421.125,29.95,2012,16,23.22,18.89
114952,Active,2151491,NA,NA,S,0,0,53942.45,24.95,2015,13,17.89,17.41
114953,Active,673951,NA,NA,S,1,0,19777.7,24.95,2010,15,18.41,19.35
114954,Active,120636,NA,NA,S,4,1,157525.5463,134,2011,48,18.98,73.98
114955,Active,1589231,NA,NA,S,1,0,590982.94,34.99,2008,22,15.94,34.37
114956,Active,635842,NA,NA,S,0,0,6247.35,39.95,2011,13,27.95,27.98
114957,Active,463747,NA,NA,S,0,0,695310.0488,103.42,1994,20,6.25,101.29
114958,Active,630244,NA,NA,S,0,0,139957.85,106.2,2004,33,8.59,61.99
114959,Active,2043815,NA,NA,S,0,0,35472.55,40,2014,15,25.91,24.45
114960,Active,2048385,NA,NA,S,0,0,30176.775,24.95,2015,13,18.04,18.47
114961,Active,1488911,NA,NA,S,0,0,25399.85,32.95,2009,27,19.71,20.68
114962,Active,1686498,NA,NA,S,20,1,144476.325,35,2014,13,22.7,24.3
114963,Active,2010936,NA,NA,S,0,0,61580.575,27.95,2010,30,9.92,9.98
114964,Active,681615,NA,NA,S,3,1,35916.65,24.99,2013,27,11.29,14.13
114965,Active,3509349,NA,NA,S,0,0,87548.45,28,2012,55,4,8.15
114966,Active,631718,NA,NA,S,1,0,58418.775,39.95,2007,24,22.97,22.52
114967,Active,2022037,NA,NA,S,0,0,139249.8,50,2015,16,26.5,31.64
114968,Active,810890,NA,NA,S,1,0,176786.675,25,2010,45,4.7,14.19
114969,Active,2099614,NA,NA,S,1,0,8794.85,28,2015,13,17.96,11.98
114970,Active,130951,NA,NA,S,8,1,68226.5975,108.2,2011,54,42.54,87.12
114971,Active,1627469,NA,NA,S,0,0,108905.39,16.95,2010,36,8.08,10.99
114972,Active,244747,NA,NA,S,0,0,4301.31375,14.95,2004,957,4,8.02
114973,Active,722746,NA,NA,S,1,0,612659.0863,99,2007,29,4.03,60.94
114974,Active,1918535,NA,NA,S,0,0,68432.35,24.99,2014,19,15.94,15.98
114975,Active,1727509,NA,NA,S,0,0,172602.15,34.95,2015,14,23.99,24.35
114976,Active,1727579,NA,NA,S,1,0,221837.5,55,2012,12,36.98,36.99
114977,Active,215888,NA,NA,S,0,0,76964.775,50,2005,51,32.71,32.74
114978,Active,665298,NA,NA,S,1,0,214465.6338,42.95,2012,23,17.5,31.68
114979,Active,915739,NA,NA,S,0,0,69463.95,22,2009,37,8.81,15.25
114980,Active,1523505,NA,NA,S,1,0,127439.3,27,2009,31,8.78,17.37
114981,Active,2100854,NA,NA,S,0,0,9449,29.99,2015,14,21.45,18.56
114982,Active,2026943,NA,NA,S,0,0,124671.425,24.95,2010,38,4.18,11.17
114983,Active,1741177,NA,NA,S,2,1,87413.35,24.95,2009,21,12.19,18.53
114984,Active,680278,NA,NA,S,0,0,91348.25,21.99,2009,15,14.97,16.73
114985,Active,686418,NA,NA,S,0,0,40480.975,21.99,2009,12,16.21,16.45
114986,Active,159972,NA,NA,S,1,0,78772.3025,20,2006,163,4,6.99
114987,Active,1876778,NA,NA,S,0,0,18574.75,40,2010,40,6.91,24.92
114988,Active,2041651,NA,NA,S,0,0,176582.85,27.95,2014,27,8.76,9.98
114989,Active,2160432,NA,NA,S,1,0,104583.95,32.95,2010,29,5.54,15.99
114990,Active,3960341,NA,NA,S,1,0,106106.725,24.99,2015,21,10.48,11.97
114991,Active,681443,NA,NA,S,0,0,1426.1,29.95,2010,24,14.51,18.14
114992,Active,531109,NA,NA,S,7,1,495565.195,136.87,2012,18,18.35,0
114993,Active,617073,NA,NA,S,1,0,435093.2313,46.95,2000,48,4.98,37.24
114994,Active,871507,NA,NA,S,0,0,153889.675,299.95,2015,35,27.39,43.64
114995,Active,635196,NA,NA,S,1,0,100557.3,48.99,2008,12,37.72,41.25
114996,Active,1751591,NA,NA,S,1,0,719594.7325,50.23,2008,23,7.49,37.99
114997,Active,1964769,NA,NA,S,4,1,581060.9425,173.98,2013,21,43.41,162
114998,Active,2612962,NA,NA,S,1,0,699473.8238,49.99,2001,53,4,13.49
114999,Active,691257,NA,NA,S,3,1,93348.35,24.95,2009,29,8.48,13.49
115000,Active,446955,NA,NA,S,1,0,83515.2,68.95,2012,14,43.53,55.39
115001,Active,2167321,NA,NA,S,0,0,47852.525,24.95,2015,15,18.48,18.66
115002,Active,3473360,NA,NA,S,8,1,179650.725,144,2015,22,20.74,24.94
115003,Active,2275536,NA,NA,S,7,1,449767.2325,113.99,1900,21,24.06,107.03
115004,Active,133157,NA,NA,S,6,1,91132.93875,173.8,2011,65,35.22,95.24
115005,Active,1939098,NA,NA,S,1,0,90965.775,75,2014,10,50.99,57.61
115006,Active,1715753,NA,NA,S,1,0,137862.35,23.95,2012,27,12.31,18.43
115007,Active,2266053,NA,NA,S,15,1,264901.475,105.37,1900,21,27.86,52.99
115008,Active,903820,NA,NA,S,2,1,129383.525,21.94,2009,8,18.22,24.99
115009,Active,3621046,NA,NA,S,0,0,147379.925,29.95,2007,13,16.78,22.92
115010,Active,721628,NA,NA,S,1,0,724190.745,47.95,2004,31,18.53,25.05
115011,Active,1703653,NA,NA,S,1,0,56605.3,40,2010,38,11.99,13.48
115012,Active,1595287,NA,NA,S,1,0,83192.725,27.95,2015,48,11.84,16.86
115013,Active,2060326,NA,NA,S,4,1,35566.45,21.95,2012,17,13.94,11.97
115014,Active,1780545,NA,NA,S,1,0,24918.625,25,2013,20,14.98,16.05
115015,Active,320127,NA,NA,S,0,0,367377.3338,49.99,1995,44,4.92,18.75
115016,Active,651364,NA,NA,S,1,0,173547.2,65.99,2009,16,28.29,50.84
115017,Active,2672868,NA,NA,S,1,0,744997.8025,40.02,2004,32,4.76,62.77
115018,Active,865916,NA,NA,S,1,0,559623.0513,9.95,2008,47,4,6.99
115019,Active,1631662,NA,NA,S,0,0,62887.475,29.99,2014,38,9.71,14.48
115020,Active,1970347,NA,NA,S,0,0,23610.475,22.99,2015,36,6.67,5.36
115021,Active,2079680,NA,NA,S,0,0,10463.55,24.99,2013,16,15.21,15.2
115022,Active,2041732,NA,NA,S,0,0,131726.4,27.95,2014,35,4,7.21
115023,Active,2102407,NA,NA,S,0,0,13179.175,22.99,2014,38,8.02,9.52
115024,Active,3016605,NA,NA,S,0,0,472037.9238,60,2002,20,18.98,41.11
115025,Active,3731954,NA,NA,S,0,0,251597.55,59.95,2007,50,23.93,36.22
115026,Active,1686589,NA,NA,S,4,1,475769.7813,9.95,2008,22,33.99,53.94
115027,Active,1686639,NA,NA,S,0,0,117983.35,39.95,2013,17,19.2,23.98
115028,Active,2100121,NA,NA,S,1,0,19311.825,29.95,2013,14,22.29,19.08
115029,Active,682064,NA,NA,S,1,0,75039.15,24.99,2012,15,13.49,17.84
115030,Active,3578242,NA,NA,S,0,0,485900.95,60,2014,41,14.22,32.17
115031,Active,2165710,NA,NA,S,2,1,64982.175,34.95,2013,12,23.87,26.14
115032,Active,1730207,NA,NA,S,0,0,111371,22.5,2013,15,6.23,8.43
115033,Active,632012,NA,NA,S,14,1,119525.7213,64,2013,45,20.99,42.9
115034,Active,798178,NA,NA,S,0,0,90301.95,24.95,2012,13,15.95,16.93
115035,Active,1631526,NA,NA,S,0,0,63058.25,21.95,2010,8,16.73,12.84
115036,Active,184529,NA,NA,S,1,0,237553.6788,47.95,2009,49,10.03,31.98
115037,Active,2006211,NA,NA,S,1,0,106869.075,39.95,2007,19,11.01,14
115038,Active,246506,NA,NA,S,1,0,515527.4788,50,2007,26,18.29,27.97
115039,Active,137074,NA,NA,S,0,0,559930.705,44,1995,26,13.49,32.98
115040,Active,887360,NA,NA,S,18,1,408679.6263,77.8,2015,16,46.73,62.72
115041,Active,630024,NA,NA,S,0,0,491015.5738,38,2010,28,27.99,29.43
115042,Active,864620,NA,NA,S,4,1,31528.2725,125,2013,59,18.05,58.98
115043,Active,197974,NA,NA,S,9,1,250551.0775,53.88,2008,18,4,48.74
115044,Active,253605,NA,NA,S,2,1,43775.35125,54.95,2010,32,34.52,46.73
115045,Active,585720,NA,NA,S,0,0,414365.4113,83.05,1982,23,5.94,110.58
115046,Active,567176,NA,NA,S,0,0,232026.3838,39.95,2003,56,9.98,20.4
115047,Active,55162,NA,NA,S,1,0,546882.1838,105,1995,23,20.35,89.76
115048,Active,3198601,NA,NA,S,2,1,734415.6463,17,1997,22,4.78,9.58
115049,Active,3511502,NA,NA,S,0,0,21937.875,30,2015,19,17.98,17.98
115050,Active,804705,NA,NA,S,3,1,259701.0913,33,2005,22,52.09,71.99
115051,Active,1971902,NA,NA,S,0,0,26551.85,24.99,2012,9,20.54,22.82
115052,Active,542920,NA,NA,S,4,1,450434.35,18.99,2010,57,4.76,6.6
115053,Active,2093760,NA,NA,S,0,0,10697.3,21.99,2014,18,14.55,15.47
115054,Active,58029,NA,NA,S,7,1,29970.74625,175.75,2009,71,29.99,105.23
115055,Active,673743,NA,NA,S,0,0,133766.65,29.99,2014,15,25.98,22.47
115056,Active,1733181,NA,NA,S,0,0,125594.175,24.95,2007,20,7.35,9.97
115057,Active,1701631,NA,NA,S,3,1,8345.475,23.95,2014,14,23.99,22.75
115058,Active,2132898,NA,NA,S,0,0,79584.65,39.95,2012,23,26.91,32.21
115059,Active,641836,NA,NA,S,5,1,468128.0663,55,2000,26,10.72,21.98
115060,Active,1657755,NA,NA,S,1,0,786073.8538,81.9,2009,27,5.42,73.33
115061,Active,568678,NA,NA,S,0,0,578490.5988,44.99,1995,32,12.99,33.97
115062,Active,2054462,NA,NA,S,1,0,75391.05,29.95,2013,13,27.48,27.48
115063,Active,568511,NA,NA,S,0,0,167242.5938,54.99,1983,57,4,33.89
115064,Active,2072077,NA,NA,S,0,0,109527.5,39.95,2015,13,27.75,25.9
115065,Active,120069,NA,NA,S,2,1,527614.8613,118.53,2008,31,40.96,118.53
115066,Active,181130,NA,NA,S,1,0,497799.7075,58.95,1995,30,10.63,0
115067,Active,184493,NA,NA,S,1,0,738368.8275,56.95,2005,50,5.93,28.99
115068,Active,246505,NA,NA,S,1,0,569113.98,50.95,2007,25,13.93,18.99
115069,Active,1496224,NA,NA,S,1,0,187365.7488,26.95,2015,99,4,9.99
115070,Active,1665601,NA,NA,S,0,0,93846.7,22.75,2008,7,24.68,22.35
115071,Active,1665600,NA,NA,S,0,0,41129.475,21.97,2007,14,22.83,30.4
115072,Active,576056,NA,NA,S,5,1,60883.525,31.45,2012,41,23.08,31.45
115073,Active,678593,NA,NA,S,1,0,90335.9,25.99,2013,49,4,7.47
115074,Active,3731970,NA,NA,S,0,0,685628.5,44.99,2013,38,7.86,7.86
115075,Active,861935,NA,NA,S,6,1,79030.0125,74.95,2014,33,25.46,58.63
115076,Active,705369,NA,NA,S,1,0,654850.9163,51.87,2010,20,9.94,19.07
115077,Active,1677197,NA,NA,S,0,0,103943.9,25.99,2014,48,4.36,9.97
115078,Active,1490078,NA,NA,S,0,0,160497.475,45,2012,22,19.96,27.21
115079,Active,293590,NA,NA,S,0,0,146388,27.95,2007,42,5.48,21.98
115080,Active,639227,NA,NA,S,0,0,49812.82625,120.25,2009,39,23.93,91.96
115081,Active,892469,NA,NA,S,0,0,198880.69,690.91,2012,18,9.98,78.55
115082,Active,548330,NA,NA,S,1,0,364830.2013,104.8,2004,31,8.05,20.99
115083,Active,119722,NA,NA,S,0,0,91207.8875,119.5,2007,62,18.98,98.74
115084,Active,866329,NA,NA,S,0,0,59171.70625,19.99,2013,17,12.74,0
115085,Active,764719,NA,NA,S,0,0,600632.0063,103.66,1998,26,4.6,15.14
115086,Active,535806,NA,NA,S,10,1,36350.24625,187.5,2013,54,14.89,96.33
115087,Active,531065,NA,NA,S,2,1,325613.6938,37.95,2010,73,21.21,25.46
115088,Active,195161,NA,NA,S,0,0,149488.435,79,2009,39,14.84,54.97
115089,Active,189485,NA,NA,S,3,1,624109.895,49.5,2004,38,4,8.03
115090,Active,116464,NA,NA,S,10,1,261703.08,114.4,2003,52,12.31,64.09
115091,Active,1872879,NA,NA,S,0,0,51588.375,34.99,2009,18,19.74,21.97
115092,Active,135957,NA,NA,S,1,0,135423.225,22,2009,20,6.48,17.41
115093,Active,132913,NA,NA,S,5,1,53263.0575,129.2,2009,70,13.99,31.18
115094,Active,287722,NA,NA,S,0,0,464650.6513,60,2010,33,9.36,15.2
115095,Active,2883281,NA,NA,S,0,0,163623.7638,22.95,1990,38,5.95,15.05
115096,Active,185216,NA,NA,S,0,0,67605.58125,35,2003,37,8.93,20.09
115097,Active,554267,NA,NA,S,0,0,1246.41875,18,1992,177,5.45,10.97
115098,Active,1595533,NA,NA,S,0,0,20272.88625,5.99,2010,18,6.71,5.43
115099,Active,2043832,NA,NA,S,0,0,34982.1,24.99,2014,14,14.97,11.97
115100,Active,682819,NA,NA,S,0,0,15134.375,24.95,2011,69,16.27,17.13
115101,Active,577862,NA,NA,S,1,0,566984.3925,21.99,2009,58,4,14.95
115102,Active,587789,NA,NA,S,1,0,195883.85,27.95,2011,22,12.26,19.98
115103,Active,681050,NA,NA,S,0,0,78162.15,24.95,2009,38,6.39,12.88
115104,Active,1738665,NA,NA,S,0,0,79462.3,32.95,2008,28,15.48,25.98
115105,Active,654791,NA,NA,S,0,0,22127.925,0,2007,17,9,11.99
115106,Active,644085,NA,NA,S,0,0,14078.25,0,2007,12,20.39,16.37
115107,Active,106696,NA,NA,S,2,1,9429.5,21,2008,30,7.77,10.18
115108,Active,2225234,NA,NA,S,0,0,41732.1,49.9,2006,19,23.98,23.98
115109,Active,2225237,NA,NA,S,1,0,31376.375,53.3,2007,16,19.06,28.98
115110,Active,665237,NA,NA,S,1,0,140009.725,29,2011,15,33.66,33.76
115111,Active,3960168,NA,NA,S,1,0,62148.275,24.99,2015,13,17.23,18.07
115112,Active,1603644,NA,NA,S,1,0,89833.625,26,2012,58,8.23,11.43
115113,Active,2079736,NA,NA,S,0,0,69705.25,27.99,2014,21,9.49,16.78
115114,Active,2129457,NA,NA,S,0,0,28739.4,49.95,2014,10,33.35,31.34
115115,Active,2165928,NA,NA,S,0,0,23172.75,29.95,2012,37,11.49,18.49
115116,Active,1704486,NA,NA,S,0,0,27106.525,30,2011,47,6.95,11.5
115117,Active,2102409,NA,NA,S,0,0,128734.325,24.99,2014,27,6.7,9.99
115118,Active,681625,NA,NA,S,1,0,6919.5,24.95,2013,61,9.63,13.99
115119,Active,1425753,NA,NA,S,0,0,74874.95,24.99,2015,38,4.38,14.48
115120,Active,1434377,NA,NA,S,1,0,59165.875,24.99,2015,18,13.99,17.71
115121,Active,2091540,NA,NA,S,1,0,18813.4,24.95,2015,12,16.45,10.98
115122,Active,677649,NA,NA,S,1,0,37620.25,28,2009,32,7.84,21.4
115123,Active,534607,NA,NA,S,0,0,32258.7,24.95,2007,15,18.99,19.34
115124,Active,2105763,NA,NA,S,1,0,36617.5,26.95,2014,28,14.49,16.88
115125,Active,682020,NA,NA,S,1,0,399.95,29.99,2013,66,13,16.44
115126,Active,681626,NA,NA,S,1,0,42729.525,24.99,2012,61,8,12.23
115127,Active,684716,NA,NA,S,0,0,103526.825,29.95,2013,20,12.94,11.39
115128,Active,691495,NA,NA,S,1,0,59445.625,26.5,2014,40,7.47,7.97
115129,Active,2079659,NA,NA,S,1,0,25425.175,24.99,2013,20,16.48,18.66
115130,Active,2006236,NA,NA,S,1,0,18666.25,24.95,2007,41,8.81,14.48
115131,Active,1815039,NA,NA,S,0,0,46427.15,24.99,2015,19,14.41,10.97
115132,Active,684737,NA,NA,S,0,0,72654.25,24.95,2013,29,12.08,12.48
115133,Active,1433836,NA,NA,S,0,0,52031.675,26.99,2015,18,16.54,16.67
115134,Active,608273,NA,NA,S,6,1,723706.2925,24.99,2009,61,4,7.98
115135,Active,865943,NA,NA,S,2,1,119802.7,24.99,2007,49,4.48,7.49
115136,Active,169188,NA,NA,S,1,0,142335.225,65.95,2007,22,36.84,40.01
115137,Active,658097,NA,NA,S,1,0,92773.3,30,2013,38,6,8.98
115138,Active,119706,NA,NA,S,4,1,55585.765,22.25,2008,30,8.03,20.75
115139,Active,1453555,NA,NA,S,4,1,106589.875,45.25,2007,13,36.78,35.37
115140,Active,1692405,NA,NA,S,0,0,576537.275,40,2014,16,26.08,31.03
115141,Active,531046,NA,NA,S,2,1,124283.5913,31.99,2009,31,15.78,19.73
115142,Active,204023,NA,NA,S,0,0,153349.65,66.99,2009,49,28.39,43.99
115143,Active,2994916,NA,NA,S,6,1,35549.6325,49.99,2015,27,30.5,32.24
115144,Active,2154414,NA,NA,S,6,1,86471.08125,21.5,2013,37,18.09,18.53
115145,Active,193129,NA,NA,S,1,0,33462.4,55.95,2003,23,32.64,45.36
115146,Active,3557961,NA,NA,S,3,1,213738,44.99,2016,14,40.53,44.99
115147,Active,3561872,NA,NA,S,0,0,602763.9,57,2007,90,4.35,14.28
115148,Active,897652,NA,NA,S,2,1,596682.1225,60,2013,13,46.44,49.64
115149,Active,2052088,NA,NA,S,3,1,27648.125,30,2014,14,27.94,28.98
115150,Active,1478679,NA,NA,S,1,0,38433.8,129.95,2015,19,56.38,67.68
115151,Active,172248,NA,NA,S,10,1,144540.95,29.95,2008,25,5.53,20.25
115152,Active,643931,NA,NA,S,1,0,155983.4,82.5,2009,25,19.84,33.99
115153,Active,212553,NA,NA,S,0,0,89076.125,103.8,2006,23,49.35,94.48
115154,Active,189128,NA,NA,S,0,0,34270.625,125,2000,23,42.91,46.08
115155,Active,689616,NA,NA,S,1,0,30231.3,26.99,2013,17,18.35,18.12
115156,Active,872062,NA,NA,S,5,1,850480.4125,73,1998,19,4.48,82.82
115157,Active,130165,NA,NA,S,8,1,478453.335,134.4,2002,50,4,23.98
115158,Active,563033,NA,NA,S,1,0,730685.1763,99,2005,27,16.03,66.31
115159,Active,531032,NA,NA,S,2,1,400895.6975,85.95,2009,19,6.04,65.54
115160,Active,161075,NA,NA,S,1,0,42972.675,26,2008,64,6.68,21.47
115161,Active,624326,NA,NA,S,0,0,597499.8788,58.95,2010,41,9.54,31.88
115162,Active,645074,NA,NA,S,2,1,492169.3238,47,2010,53,15.48,15.48
115163,Active,169906,NA,NA,S,10,1,452077.7313,331.95,2003,50,5.25,127.9
115164,Active,547743,NA,NA,S,3,1,233487.835,123,1994,69,14.79,94.07
115165,Active,174137,NA,NA,S,5,1,874976.8625,94.99,1997,59,18.87,51.97
115166,Active,3468863,NA,NA,S,20,1,142839.975,273,2014,37,55.99,102.99
115167,Active,538759,NA,NA,S,9,1,19601.8425,363.75,2012,50,41.63,77.48
115168,Active,3749236,NA,NA,S,4,1,108004.125,0,2015,12,53.94,53.89
115169,Active,544210,NA,NA,S,10,1,365697.3475,379.95,2012,55,35.04,228.95
115170,Active,531030,NA,NA,S,9,1,97743.50375,258.95,2012,42,29.01,45.96
115171,Active,2606656,NA,NA,S,1,0,414174.8338,44.99,2001,33,4.33,38.12
115172,Active,192001,NA,NA,S,1,0,516384.2063,43.97,2006,50,4,29.69
115173,Active,911898,NA,NA,S,0,0,852648.6263,71.23,1995,28,4.36,15.99
115174,Active,2099664,NA,NA,S,0,0,63449.675,30,2014,28,11.15,10.98
115175,Active,1602914,NA,NA,S,1,0,583095.1613,150,2010,8,18.99,18.99
115176,Active,570740,NA,NA,S,1,0,124889.1738,73.95,2009,50,9.98,19.98
115177,Active,570510,NA,NA,S,4,1,548667.0675,69.99,1997,41,5.59,49.52
115178,Active,563400,NA,NA,S,4,1,501404.8563,43.98,2006,29,44.88,85.49
115179,Active,531006,NA,NA,S,19,1,58593.12875,363.75,2009,41,45,134.96
115180,Active,897226,NA,NA,S,4,1,841506.905,105.5,2013,22,9.75,110.78
115181,Active,1785928,NA,NA,S,3,1,417159.765,29.95,2014,22,21.83,25.3
115182,Active,886726,NA,NA,S,6,1,505150.4913,120,2013,7,41.51,48.75
115183,Active,531025,NA,NA,S,2,1,9462.125,21.99,2011,47,8.18,8.97
115184,Active,880441,NA,NA,S,0,0,323850.465,55.97,2014,13,27.14,48.99
115185,Active,148303,NA,NA,S,1,0,740254.26,61.95,2004,23,4,50.02
115186,Active,3567792,NA,NA,S,0,0,204638.35,78.95,2014,27,43.97,51.99
115187,Active,144682,NA,NA,S,7,1,300123.7638,28,2003,36,5.14,12.64
115188,Active,553258,NA,NA,S,3,1,295711.7088,276.93,2012,38,21.25,223.98
115189,Active,2383875,NA,NA,S,19,1,82925.855,47.8,2015,34,34.89,34.9
115190,Active,752048,NA,NA,S,5,1,700551.7875,146.3,2009,25,12.98,79.35
115191,Active,556303,NA,NA,S,5,1,654488.2175,75,2012,29,16.52,36.88
115192,Active,50629,NA,NA,S,12,1,75484.97875,348.95,2011,78,8.89,13.99
115193,Active,548288,NA,NA,S,1,0,92357.075,123.85,2001,56,8.41,18.49
115194,Active,628851,NA,NA,S,0,0,276205.925,61.97,2006,24,28.96,46.44
115195,Active,112151,NA,NA,S,1,0,222729.0888,129,2002,87,4,16.4
115196,Active,632017,NA,NA,S,17,1,210227.6363,266.27,2013,35,9.04,183.97
115197,Active,2177624,NA,NA,S,4,1,804452.15,49.99,2009,74,16.2,32.52
115198,Active,1491172,NA,NA,S,0,0,220224.325,29,2012,28,6.23,22.98
115199,Active,1627496,NA,NA,S,0,0,488948.42,49.95,2011,38,5.91,23.97
115200,Active,1716749,NA,NA,S,1,0,783790.0225,45,2007,22,9.95,10.3
115201,Active,2058123,NA,NA,S,0,0,75999.8,25.95,2008,8,21.28,25.95
115202,Active,2759927,NA,NA,S,1,0,656475.4313,55.95,1996,49,4.54,25.88
115203,Active,1651328,NA,NA,S,2,1,831159.8288,58.95,2009,20,13.78,45.9
115204,Active,747302,NA,NA,S,1,0,91591.14625,29.95,2007,30,16.99,19.29
115205,Active,1703759,NA,NA,S,0,0,87059.175,21.95,2011,31,11.84,15.58
115206,Active,856986,NA,NA,S,1,0,307779.95,115.95,2007,46,5.48,15.57
115207,Active,2110878,NA,NA,S,0,0,209992.65,55,2012,17,34.34,36.26
115208,Active,3801978,NA,NA,S,0,0,482837.4,70,2014,48,25.71,33.94
115209,Active,3810100,NA,NA,S,4,1,511499,29.95,2016,8,26.1,23.02
115210,Active,691155,NA,NA,S,0,0,51618.35,29.95,2013,15,21.47,21.88
115211,Active,1598356,NA,NA,S,0,0,62130.1,23,2014,27,7.98,7.43
115212,Active,531000,NA,NA,S,2,1,503549.595,24.95,2010,29,7.46,48.32
115213,Active,3139690,NA,NA,S,0,0,102703.85,75,2005,16,50.49,51.17
115214,Active,1620089,NA,NA,S,0,0,34901.75,24.95,2013,17,17.39,18.72
115215,Active,1489499,NA,NA,S,1,0,50009.75,24.95,2009,17,18.65,18.77
115216,Active,683937,NA,NA,S,0,0,36688.225,24.99,2010,18,17.9,18.02
115217,Active,638797,NA,NA,S,11,1,515969.6513,85,1997,31,30.22,0
115218,Active,1836566,NA,NA,S,0,0,116889.875,29.95,2013,27,9.47,14.93
115219,Active,639168,NA,NA,S,1,0,148766.425,75,2010,13,22.49,48.23
115220,Active,3468718,NA,NA,S,7,1,287387.4,265.75,2011,27,28.88,83.51
115221,Active,2924419,NA,NA,S,11,1,95404.525,219.33,2015,46,28.99,78.99
115222,Active,241878,NA,NA,S,3,1,51919.925,25,2010,23,13.26,13.85
115223,Active,1565966,NA,NA,S,1,0,91827.775,27.99,2013,21,8.93,16.72
115224,Active,2168397,NA,NA,S,0,0,148096.95,21.95,2012,14,22.15,21.95
115225,Active,214388,NA,NA,S,0,0,88197.9,27.95,2010,17,21.53,26.95
115226,Active,2089212,NA,NA,S,0,0,139274.05,29.95,2014,12,20.62,29.42
115227,Active,877049,NA,NA,S,0,0,525180.9463,71.46,2011,29,16.66,49.84
115228,Active,173442,NA,NA,S,1,0,514865.1125,54.99,1995,49,4,40.51
115229,Active,2600949,NA,NA,S,0,0,467676.9188,48,1994,76,4,12.98
115230,Active,905127,NA,NA,S,3,1,49765.9,22,2011,21,16.49,19.8
115231,Active,909991,NA,NA,S,1,0,654677.52,16.95,2014,16,13.47,12.98
115232,Active,673917,NA,NA,S,0,0,153530.2,30.95,2013,26,15.09,30.95
115233,Active,1966475,NA,NA,S,0,0,94241.375,39.95,2015,11,33.98,30.82
115234,Active,1558925,NA,NA,S,1,0,66059.525,36.95,2013,6,38.31,30.76
115235,Active,683330,NA,NA,S,0,0,130843.65,26.95,2011,15,14.56,16.17
115236,Active,655426,NA,NA,S,0,0,64327.85,39.99,2012,29,21.88,33.18
115237,Active,2724177,NA,NA,S,1,0,514748.8563,71,2004,48,17.49,28.86
115238,Active,461740,NA,NA,S,1,0,91044.375,190.95,2007,21,59.99,106.99
115239,Active,664866,NA,NA,S,1,0,281268.8788,53.95,2013,24,13.98,21.97
115240,Active,247888,NA,NA,S,0,0,231593.1,108,2010,18,32.16,80.2
115241,Active,215639,NA,NA,S,0,0,399471.9125,51,2002,22,9.64,30.82
115242,Active,553305,NA,NA,S,12,1,10631.81,226.2,2013,60,26.62,113.07
115243,Active,368772,NA,NA,S,0,0,497377.9663,86.95,2002,36,14.03,64.99
115244,Active,253601,NA,NA,S,1,0,133420,34.95,2008,13,36.11,36.33
115245,Active,908294,NA,NA,S,2,1,735021.9488,120.7,2012,24,5.24,67.88
115246,Active,890777,NA,NA,S,2,1,569605.2913,69.95,2013,28,17.02,57.36
115247,Active,2250408,NA,NA,S,2,1,793198.1313,93.45,2007,85,6.8,23.9
115248,Active,2254225,NA,NA,S,8,1,165224.575,103.13,2010,36,11.16,48.99
115249,Active,725182,NA,NA,S,2,1,646977.59,40,2014,17,36.23,37.27
115250,Active,162130,NA,NA,S,1,0,553505.095,208.5,2009,37,17.54,66.92
115251,Active,607871,NA,NA,S,7,1,425996.905,127.2,2002,71,4,53.99
115252,Active,535700,NA,NA,S,10,1,72396.97375,187.5,2013,40,41.23,110.77
115253,Active,206036,NA,NA,S,1,0,183141.025,49.95,2007,23,23.97,29.98
115254,Active,231391,NA,NA,S,1,0,693751.7013,218.25,2007,29,15.81,69.32
115255,Active,2611696,NA,NA,S,0,0,613068.775,44.99,2000,25,7.23,41.06
115256,Active,870870,NA,NA,S,0,0,27272.45,24.99,2010,40,16.49,17.48
115257,Active,2205727,NA,NA,S,25,1,667239.995,14.99,2012,19,13.29,16.59
115258,Active,3960112,NA,NA,S,0,0,41278.525,22.99,2015,17,9.8,9.48
115259,Active,1929340,NA,NA,S,0,0,7847.25,22.99,2014,18,12.6,12.89
115260,Active,3791920,NA,NA,S,0,0,330435.75,65,2009,76,17.82,18.97
115261,Active,536019,NA,NA,S,0,0,54923.275,55,2000,25,28.99,33.99
115262,Active,1957164,NA,NA,S,2,1,227835.125,39.5,2013,39,30.5,93.99
115263,Active,1701634,NA,NA,S,0,0,82661.325,29.95,2014,16,26.98,29.95
115264,Active,368758,NA,NA,S,0,0,464261.2625,114.95,1998,33,9.54,66.85
115265,Active,162836,NA,NA,S,1,0,113482.35,52,2013,29,20.99,32.49
115266,Active,530981,NA,NA,S,14,1,14881.67875,97.66,2012,102,21.99,94.99
115267,Active,683074,NA,NA,S,1,0,64957.5,29.95,2012,23,14.51,18.3
115268,Active,2141086,NA,NA,S,13,1,3132.99125,13.95,2014,15,12.52,12.52
115269,Active,867754,NA,NA,S,7,1,30438.05625,79.95,2014,37,23.29,60.79
115270,Active,889053,NA,NA,S,7,1,41759.725,24.95,2014,14,26.14,22.81
115271,Active,127173,NA,NA,S,1,0,25098.1,76,2008,23,30.09,55.98
115272,Active,545073,NA,NA,S,1,0,22991.4,27.95,2011,46,11.99,17.78
115273,Active,649125,NA,NA,S,2,1,528301.635,115,2008,27,33.09,74.67
115274,Active,864625,NA,NA,S,10,1,12234.17,82,2014,19,40,63.94
115275,Active,296440,NA,NA,S,1,0,73407.075,91,2006,14,43.98,44.4
115276,Active,278628,NA,NA,S,0,0,136480.525,59.95,2002,17,44.04,59.95
115277,Active,3743358,NA,NA,S,1,0,158872.075,49.99,2014,15,38.56,34.44
115278,Active,1627979,NA,NA,S,0,0,19027.275,45,2015,15,30.56,24.97
115279,Active,663680,NA,NA,S,2,1,509105.355,44.99,2013,61,18.84,28.37
115280,Active,1607176,NA,NA,S,1,0,9944.575,26,2015,26,15.79,15.83
115281,Active,218503,NA,NA,S,7,1,674624.5913,78.95,1999,45,4.48,11.98
115282,Active,1508681,NA,NA,S,0,0,28138.35,40,2014,22,19.52,23.27
115283,Active,673312,NA,NA,S,0,0,33624.35,24,2013,21,6.98,8.98
115284,Active,2214085,NA,NA,S,0,0,178271.35,29.99,2015,9,22.62,22.66
115285,Active,2581431,NA,NA,S,8,1,565851.55,10.95,1983,93,4,9.89
115286,Active,620646,NA,NA,S,1,0,378263.0338,75,2001,52,4,39.86
115287,Active,1970297,NA,NA,S,0,0,75985.725,24.95,2015,68,4.45,4.47
115288,Active,1815003,NA,NA,S,0,0,91157.625,25.99,2015,30,6.98,8.98
115289,Active,1938782,NA,NA,S,0,0,95103.025,29.95,2014,18,11.27,17.99
115290,Active,1526858,NA,NA,S,1,0,107132.375,30,2007,30,7.56,30.51
115291,Active,3563279,NA,NA,S,0,0,499655.3,49.95,2007,58,7.99,22.98
115292,Active,1535301,NA,NA,S,0,0,145024,24.95,2009,31,7.71,11.47
115293,Active,3043394,NA,NA,S,2,1,717031.7388,47.58,2000,17,11.78,47.58
115294,Active,1437213,NA,NA,S,1,0,234997.125,30,2015,17,15.84,17.87
115295,Active,660792,NA,NA,S,1,0,86107.775,59,2013,19,38.55,40.42
115296,Active,1866780,NA,NA,S,0,0,49062.35,21.95,2014,20,14.27,16.11
115297,Active,708162,NA,NA,S,1,0,236075.75,110.75,2005,26,23.99,44.99
115298,Active,2224254,NA,NA,S,0,0,80055.55,22.99,2010,37,9.96,15.62
115299,Active,537415,NA,NA,S,1,0,341553.8925,62.2,1974,39,12.96,48.98
115300,Active,544459,NA,NA,S,2,1,64881.0475,217.95,2013,46,32.73,109.63
115301,Active,691647,NA,NA,S,0,0,702193.7088,59.95,1997,33,4,31.98
115302,Active,820894,NA,NA,S,0,0,17169.075,23.95,2007,36,6.1,12.97
115303,Active,2095799,NA,NA,S,1,0,28100.65,44.99,2015,15,28.24,28.48
115304,Active,3491343,NA,NA,S,0,0,99832.175,21.95,2015,13,18.68,16.66
115305,Active,923111,NA,NA,S,0,0,21814.1425,26.99,2011,107,7.83,33.47
115306,Active,2507243,NA,NA,S,0,0,452854.7725,45,1972,359,3.88,8.68
115307,Active,1995250,NA,NA,S,0,0,100007.575,34.95,2014,6,34.58,33.53
115308,Active,2134761,NA,NA,S,0,0,157446.075,26.99,2014,20,20,21.99
115309,Active,556657,NA,NA,S,6,1,744167.2788,96,1999,34,4.57,56.49
115310,Active,2907886,NA,NA,S,0,0,384011.1263,104.27,2003,21,4,73.93
115311,Active,673834,NA,NA,S,0,0,44654.925,29.9,2010,15,25.2,25.45
115312,Active,2137095,NA,NA,S,2,1,230473.125,22.95,2007,8,10.2,10.21
115313,Active,807122,NA,NA,S,2,1,392703.1438,34.95,2008,21,18.02,22.52
115314,Active,655485,NA,NA,S,7,1,425831.3788,133.5,2011,31,34.64,0
115315,Active,717193,NA,NA,S,1,0,728673.525,132,2008,25,6.38,0
115316,Active,665444,NA,NA,S,7,1,289000.4313,130.75,2011,37,16.47,85
115317,Active,631632,NA,NA,S,4,1,56584.25,30,2009,24,24.96,31.6
115318,Active,530945,NA,NA,S,3,1,188520.2738,124,2012,37,11.88,21.94
115319,Active,612643,NA,NA,S,4,1,303443.6325,99,2013,24,32.19,60.99
115320,Active,2016513,NA,NA,S,0,0,59627.25,59.95,2014,13,46.2,41.86
115321,Active,663290,NA,NA,S,7,1,72553.68375,139.95,2013,66,44.39,61.99
115322,Active,1573808,NA,NA,S,0,0,236555.6688,34.95,2015,13,21.96,23.33
115323,Active,1767330,NA,NA,S,1,0,438410.2988,39.99,2015,21,30.11,33.6
115324,Active,681824,NA,NA,S,2,1,21754.4,23,2012,26,8.98,11.47
115325,Active,858580,NA,NA,S,2,1,827809.14,105,1996,14,13.28,675
115326,Active,2342495,NA,NA,S,6,1,332635.6775,535.95,1990,42,8.05,108.89
115327,Active,1979257,NA,NA,S,0,0,93118.4,24.99,2015,13,17.35,16.93
115328,Active,113715,NA,NA,S,1,0,346293.4913,223,2003,32,18.94,189.35
115329,Active,873251,NA,NA,S,3,1,825989.4275,110,1998,29,5.61,39.99
115330,Active,530928,NA,NA,S,2,1,653519.1488,51.95,2012,30,3.43,51.35
115331,Active,598505,NA,NA,S,5,1,512167.05,495.48,2012,20,42.24,56.99
115332,Active,646530,NA,NA,S,2,1,647894.535,64.95,2008,28,5.97,0
115333,Active,287748,NA,NA,S,5,1,370945.82,77.95,2006,35,24.21,58.11
115334,Active,622692,NA,NA,S,0,0,343058.875,80,2009,23,7.74,29.09
115335,Active,655334,NA,NA,S,0,0,11274.275,34.99,2012,21,18.97,18.11
115336,Active,3634779,NA,NA,S,3,1,26160.175,29.99,2015,16,19.96,10.97
115337,Active,297282,NA,NA,S,0,0,77176.55,24.95,2008,70,4.48,13.89
115338,Active,2094863,NA,NA,S,0,0,51469.625,40,2012,16,19.97,25.25
115339,Active,533750,NA,NA,S,7,1,210793.4263,168.13,2012,27,7.93,32.99
115340,Active,548117,NA,NA,S,6,1,384072.34,100,2000,40,4,26.81
115341,Active,728448,NA,NA,S,0,0,372836,126.67,2003,22,4.76,62.99
115342,Active,917250,NA,NA,S,1,0,473757.4338,193.95,2013,29,18.02,128.99
115343,Active,742858,NA,NA,S,3,1,650839.6688,246.4,2010,18,15.97,224.18
115344,Active,795445,NA,NA,S,5,1,206733.4888,204.95,2012,23,38.94,53.99
115345,Active,101326,NA,NA,S,0,0,767748.045,102.95,2000,42,4.23,47.51
115346,Active,224735,NA,NA,S,6,1,131150.7688,334.95,2011,51,11.99,88.71
115347,Active,1516987,NA,NA,S,3,1,489910.3775,159.33,2013,39,9.53,43.99
115348,Active,872334,NA,NA,S,4,1,571132.0725,233.4,2014,48,8.44,114.83
115349,Active,113729,NA,NA,S,1,0,696066.8263,113,2000,52,4.97,23.9
115350,Active,2002126,NA,NA,S,1,0,86511.8,24,2014,8,23.98,21.6
115351,Active,121234,NA,NA,S,6,1,79990.42375,133.2,2011,55,13.07,46.49
115352,Active,630430,NA,NA,S,4,1,591223.6588,139,1982,38,10.17,82.97
115353,Active,772615,NA,NA,S,4,1,454428.01,103.95,2006,22,7.99,12.11
115354,Active,3161662,NA,NA,S,0,0,189613.7913,29.95,2015,10,22.02,21.86
115355,Active,2790164,NA,NA,S,0,0,305625.1013,59.95,2005,32,5.48,33.98
115356,Active,858336,NA,NA,S,2,1,44088.43625,29.95,2014,18,20.78,21.75
115357,Active,285715,NA,NA,S,2,1,172258.4438,141,1995,32,29.64,113.51
115358,Active,654956,NA,NA,S,1,0,190222.095,116.6,1988,46,4,45.23
115359,Active,566594,NA,NA,S,0,0,778166.0825,54.45,2005,31,4,0
115360,Active,1572989,NA,NA,S,2,1,60274.6325,14.95,2008,31,8.24,9.2
115361,Active,174746,NA,NA,S,0,0,541741.405,20.99,1999,41,6.48,16.23
115362,Active,635212,NA,NA,S,2,1,509796.4063,33.95,2008,22,13.83,33.95
115363,Active,168754,NA,NA,S,0,0,420520.1488,17.95,2004,19,9.57,11.49
115364,Active,178867,NA,NA,S,11,1,32104.785,323.95,2011,78,37.99,93.77
115365,Active,879017,NA,NA,S,3,1,655173.48,21.99,2006,33,4.48,63.99
115366,Active,2252635,NA,NA,S,10,1,809321.7188,48.99,2007,30,14.74,42.01
115367,Active,130182,NA,NA,S,9,1,116488.0413,117.35,2003,112,5.46,22.9
115368,Active,655317,NA,NA,S,12,1,55768.635,151.33,2012,67,27.99,48.97
115369,Active,539386,NA,NA,S,4,1,48803.99625,182.4,2013,48,54.43,92.97
115370,Active,864630,NA,NA,S,4,1,30967.63125,221.8,2014,67,43.99,134.99
115371,Active,881415,NA,NA,S,0,0,67106,29.95,2015,17,17.01,20.56
115372,Active,1778498,NA,NA,S,1,0,42971.85,22.95,2013,14,16.1,16.52
115373,Active,129981,NA,NA,S,0,0,417065.4813,85,1996,29,19.02,70.14
115374,Active,876129,NA,NA,S,11,1,4817.85,73.66,2014,51,50.87,68.72
115375,Active,1829205,NA,NA,S,9,1,382956.64,106.25,2015,15,43.97,46.8
115376,Active,2167759,NA,NA,S,4,1,470349.5563,39.95,2013,14,23.03,23.04
115377,Active,530899,NA,NA,S,2,1,75494.1575,14.99,1988,29,7.98,10.97
115378,Active,694280,NA,NA,S,1,0,746260.1063,41.7,2001,22,7.83,45.15
115379,Active,101576,NA,NA,S,0,0,362046.0138,89.2,2002,64,4.57,10.19
115380,Active,683405,NA,NA,S,1,0,155056.5,24.6,2009,23,11.39,18.94
115381,Active,680838,NA,NA,S,1,0,149391.225,25.6,2009,19,18.71,28.99
115382,Active,696180,NA,NA,S,1,0,558314.58,24.6,2009,29,10.71,19.94
115383,Active,695865,NA,NA,S,0,0,280375.725,60.98,2009,7,57.14,59.98
115384,Active,692990,NA,NA,S,1,0,220619.025,108.25,2007,68,9.58,12.99
115385,Active,548198,NA,NA,S,1,0,292804.9763,105.8,2007,105,4.63,25.21
115386,Active,764295,NA,NA,S,0,0,721832.0925,42.95,2004,19,3.99,62.33
115387,Active,861321,NA,NA,S,6,1,147901.9763,129.95,2013,27,40.42,47.69
115388,Active,2343395,NA,NA,S,4,1,233776.2113,149.55,1982,41,7.01,97.03
115389,Active,1514503,NA,NA,S,1,0,105911.2,39.99,2009,7,31.53,31.96
115390,Active,1969879,NA,NA,S,0,0,1940.875,35,2014,27,14.17,19.53
115391,Active,1463457,NA,NA,S,0,0,102602.45,61.88,2014,13,21.98,42.88
115392,Active,1463459,NA,NA,S,0,0,39079.375,61.88,2014,13,38.37,37.1
115393,Active,536295,NA,NA,S,3,1,598792.74,56.95,2013,18,13.06,40.9
115394,Active,2172805,NA,NA,S,0,0,129198.45,39,2014,17,27.83,25.09
115395,Active,101469,NA,NA,S,0,0,321044.91,75.7,1998,71,4,8.98
115396,Active,3827534,NA,NA,S,0,0,33248.45,24.95,2007,32,12.17,13.53
115397,Active,1830675,NA,NA,S,1,0,48496.6,28,2014,56,7.65,16.92
115398,Active,2075888,NA,NA,S,1,0,125094.825,39.95,2012,21,18.55,28.27
115399,Active,530892,NA,NA,S,10,1,294473.2388,103.95,2011,29,19.98,82.38
115400,Active,3544563,NA,NA,S,2,1,418007,55.95,2000,113,4.98,26.49
115401,Active,2901064,NA,NA,S,4,1,59550.53,18,1981,50,9.49,15.53
115402,Active,802099,NA,NA,S,0,0,222960.175,33.95,2012,17,24.04,25.5
115403,Active,2011029,NA,NA,S,1,0,74159.825,29.95,2008,35,16.63,19.24
115404,Active,1433892,NA,NA,S,0,0,443.575,28.99,2015,24,16.24,16.59
115405,Active,639916,NA,NA,S,1,0,76137.725,49.99,2011,35,21.69,30.93
115406,Active,733661,NA,NA,S,0,0,25182.7275,9.99,2007,270,4,5.99
115407,Active,1561265,NA,NA,S,0,0,36456,26.95,2014,43,9.12,9.11
115408,Active,3730383,NA,NA,S,0,0,193351.75,24.95,2013,24,4.39,14.58
115409,Active,866598,NA,NA,S,25,1,19835.7925,44.95,2014,30,27.96,29.62
115410,Active,3745969,NA,NA,S,11,1,30098.25,45.95,2015,20,33.99,30.84
115411,Active,193632,NA,NA,S,6,1,743808.97,35.95,2009,68,4.14,16.98
115412,Active,893251,NA,NA,S,8,1,46516.1925,44.95,2015,21,33.89,39.18
115413,Active,861322,NA,NA,S,30,1,65471.5,44.95,2013,53,20.99,24.71
115414,Active,2968637,NA,NA,S,3,1,392098.8525,44.95,2014,13,39.88,44.94
115415,Active,3745851,NA,NA,S,10,1,142429.65,44.95,2015,42,30.99,37.98
115416,Active,867682,NA,NA,S,7,1,38716.3775,44.95,2013,46,23.95,32.71
115417,Active,574794,NA,NA,S,7,1,275851.5963,43.95,2010,48,11.98,28.98
115418,Active,530886,NA,NA,S,4,1,817342.8188,74.95,2012,60,9.07,22.88
115419,Active,301265,NA,NA,S,0,0,17239.675,35.95,2011,34,16.17,17.98
115420,Active,113152,NA,NA,S,1,0,688246.585,89.95,2010,61,17.49,60.97
115421,Active,3143895,NA,NA,S,1,0,33183.15,29.95,2015,11,25.43,22.73
115422,Active,1528088,NA,NA,S,0,0,26389.9,22,2014,29,10.96,13.96
115423,Active,1910877,NA,NA,S,0,0,80145.85,23.99,2009,57,4,8.45
115424,Active,2078335,NA,NA,S,0,0,146262.575,24,2012,18,13.78,20.99
115425,Active,1661341,NA,NA,S,0,0,36603.175,24.95,2011,41,9.18,14.49
115426,Active,151939,NA,NA,S,1,0,129773.85,23.95,2008,29,12.21,68.29
115427,Active,660395,NA,NA,S,1,0,301748.7638,35,2008,21,22.47,29.04
115428,Active,649011,NA,NA,S,1,0,141101.85,44.95,2009,18,39.97,40.83
115429,Active,127509,NA,NA,S,1,0,164762.9,29.95,2010,39,4.42,8.99
115430,Active,1493667,NA,NA,S,1,0,149019.175,30,2007,17,9.46,33.11
115431,Active,691476,NA,NA,S,8,1,3522.36875,23.95,2013,32,19.87,19.16
115432,Active,118791,NA,NA,S,12,1,150976.5238,146,2011,48,21.84,107.03
115433,Active,607287,NA,NA,S,10,1,807103.6488,69.33,2004,63,5.36,16.55
115434,Active,610374,NA,NA,S,10,1,5432.16,133.95,2013,82,26.84,83.98
115435,Active,200554,NA,NA,S,10,1,123869.445,111.95,2010,52,18.29,118.99
115436,Active,210964,NA,NA,S,1,0,118485.675,74.95,2009,29,38.67,49.45
115437,Active,530875,NA,NA,S,4,1,253931.2963,127.95,2012,70,18.99,70.98
115438,Active,2924739,NA,NA,S,4,1,80583,35,2016,19,22.05,32.89
115439,Active,586698,NA,NA,S,5,1,620781.5825,74.95,2010,39,13.1,48.19
115440,Active,279339,NA,NA,S,0,0,153631.375,29.95,2008,38,8.99,19.46
115441,Active,1567417,NA,NA,S,1,0,31126.875,22.95,2007,27,11.49,11.96
115442,Active,1924661,NA,NA,S,0,0,683122.62,37,2015,31,29.74,33.52
115443,Active,1431535,NA,NA,S,0,0,53463.25,25.99,2013,33,10.24,13.26
115444,Active,1563685,NA,NA,S,1,0,156932.7,27.99,2012,55,4,9.1
115445,Active,913046,NA,NA,S,0,0,37141.75,22,2010,29,7.76,14.85
115446,Active,560952,NA,NA,S,2,1,177990.975,31.8,2007,15,21.53,23.99
115447,Active,3763602,NA,NA,S,0,0,120096.95,45,2015,15,32.93,32.31
115448,Active,2914031,NA,NA,S,2,1,24500.3,0,2012,3,31.96,20.99
115449,Active,3795803,NA,NA,S,0,0,566486.7,44.95,2005,41,21.17,27.08
115450,Active,1495164,NA,NA,S,0,0,42376.975,23,2007,40,7.49,13.99
115451,Active,1779283,NA,NA,S,1,0,32755.5,22.99,2013,11,16.48,16.26
115452,Active,1499017,NA,NA,S,0,0,31781.8,36.99,2014,14,23.38,21.58
115453,Active,169115,NA,NA,S,1,0,192332.95,117.95,2010,21,28.99,51.54
115454,Active,1466245,NA,NA,S,0,0,326610.615,39.95,2014,19,29.4,29.41
115455,Active,144286,NA,NA,S,1,0,147661.425,31.8,2009,32,16.72,26.31
115456,Active,3489133,NA,NA,S,0,0,240427.325,40,2015,12,18.49,28.69
115457,Active,1690685,NA,NA,S,0,0,211472.4,45,2007,18,5.83,28.98
115458,Active,1589611,NA,NA,S,0,0,364796.765,29.99,2008,25,17.08,29.98
115459,Active,578356,NA,NA,S,1,0,353120.8675,21,2013,27,12.41,21
115460,Active,1669082,NA,NA,S,0,0,47370.9,26.95,2014,28,9.37,19.76
115461,Active,1625975,NA,NA,S,0,0,211019.65,21,2014,16,12.73,16.53
115462,Active,1627530,NA,NA,S,0,0,23189.02,28.95,2011,32,15.45,16.96
115463,Active,682057,NA,NA,S,0,0,109358.2213,21.99,2012,29,12.49,15.59
115464,Active,1697992,NA,NA,S,0,0,173007.325,45,2015,14,36.99,37.47
115465,Active,675296,NA,NA,S,1,0,100564.9,27,2010,33,4.8,9.99
115466,Active,912588,NA,NA,S,0,0,466210.5838,60,2006,27,10.48,37.89
115467,Active,132692,NA,NA,S,5,1,202531.67,143,2009,38,19.44,73.58
115468,Active,1982660,NA,NA,S,0,0,201755.65,35,2014,23,22.59,27.49
115469,Active,641536,NA,NA,S,1,0,306078.475,39.95,2009,22,6.06,21.97
115470,Active,592724,NA,NA,S,0,0,47045.725,30,2010,66,4,7.92
115471,Active,574807,NA,NA,S,2,1,554673.7963,216,2011,50,11.64,13.99
115472,Active,2165465,NA,NA,S,2,1,626047.9863,98,2012,13,12.81,97.42
115473,Active,199179,NA,NA,S,0,0,526823.3263,102,2003,38,10.07,46.9
115474,Active,631633,NA,NA,S,0,0,45451.55,39,2009,19,34.41,39
115475,Active,1483623,NA,NA,S,0,0,232378.825,31,2012,14,21.99,21.49
115476,Active,2164284,NA,NA,S,1,0,186854.6,34.95,2013,7,11.61,11.65
115477,Active,643902,NA,NA,S,2,1,92655.41125,33,2010,38,21.12,20.89
115478,Active,547087,NA,NA,S,0,0,17281.75,21.95,2011,12,18.04,0
115479,Active,881416,NA,NA,S,9,1,7502.825,23.95,2015,17,23.83,22.36
115480,Active,2084248,NA,NA,S,1,0,72929.6,62.99,2013,14,36.87,34.99
115481,Active,2084253,NA,NA,S,0,0,155252.6,62.99,2013,11,38.26,38.26
115482,Active,147701,NA,NA,S,4,1,862159.7788,99.95,2011,37,5.81,10.29
115483,Active,442083,NA,NA,S,0,0,265828.6813,54.95,2008,43,30.36,50.34
115484,Active,162748,NA,NA,S,8,1,213140.8588,101.15,2008,60,13.98,53.99
115485,Active,864631,NA,NA,S,9,1,119399.9563,190.95,2011,45,37.99,75.16
115486,Active,770613,NA,NA,S,0,0,435199.435,110.15,2003,37,4.58,11.87
115487,Active,688504,NA,NA,S,0,0,62208.55,27.95,2013,26,21.18,24.74
115488,Active,1729558,NA,NA,S,0,0,105421.025,24.99,2014,16,15.36,17.56
115489,Active,530850,NA,NA,S,3,1,204724.6538,69.99,2012,75,18.97,22.14
115490,Active,1716703,NA,NA,S,1,0,22393,29.99,2010,21,20.98,18.28
115491,Active,1918349,NA,NA,S,0,0,124833.25,24.99,2011,14,17.55,24.76
115492,Active,2051126,NA,NA,S,0,0,200926.15,24.95,2009,39,4.49,7.45
115493,Active,2395576,NA,NA,S,0,0,108098.6238,8.99,2003,64,4,6.53
115494,Active,2608554,NA,NA,S,0,0,565973.0275,49.99,1998,25,4.98,43.55
115495,Active,2127361,NA,NA,S,0,0,170588.15,28.26,2013,13,13.98,22.74
115496,Active,573991,NA,NA,S,0,0,66977.275,28.95,2011,24,20.07,18.96
115497,Active,268876,NA,NA,S,0,0,67249.5425,26.95,2009,137,4.35,20.11
115498,Active,689021,NA,NA,S,2,1,44968.325,29.99,2013,18,20.88,20.75
115499,Active,2648351,NA,NA,S,1,0,355437.7513,79.95,2001,34,7.85,28.49
115500,Active,900446,NA,NA,S,2,1,107094.325,27.99,2014,17,13.44,19.62
115501,Active,2769811,NA,NA,S,3,1,10894.745,49.99,2015,18,31.35,32.88
115502,Active,899045,NA,NA,S,0,0,396345.7138,40,2005,18,23.17,28.94
115503,Active,626557,NA,NA,S,4,1,623418.985,131.95,1991,24,4.78,66.84
115504,Active,680994,NA,NA,S,0,0,42386.05,29.99,2011,26,11.97,14.96
115505,Active,627451,NA,NA,S,0,0,24255.075,34.99,2009,19,21.97,24.28
115506,Active,3604724,NA,NA,S,0,0,350610.55,87,1994,43,5.52,52
115507,Active,678270,NA,NA,S,0,0,41221.05,24.95,2008,43,7.97,16.49
115508,Active,543273,NA,NA,S,0,0,432361.405,87.5,2008,28,4,73.98
115509,Active,902071,NA,NA,S,0,0,17257.1,24.99,2013,20,18.24,17.8
115510,Active,104006,NA,NA,S,1,0,417806.7588,50,1998,26,16.35,30.93
115511,Active,1932467,NA,NA,S,1,0,23625.15,29.99,2014,18,20.02,20.02
115512,Active,2110289,NA,NA,S,0,0,58675.85,49.95,2014,18,26.33,32.26
115513,Active,1544488,NA,NA,S,1,0,443029.7913,44.95,2014,38,35.99,39.72
115514,Active,1432362,NA,NA,S,1,0,82920.85,32.99,2011,27,16.96,21.62
115515,Active,1576143,NA,NA,S,0,0,89414.675,42.95,2009,33,12.97,15.99
115516,Active,618267,NA,NA,S,1,0,58644.425,34.99,2009,26,24.8,23.79
115517,Active,530840,NA,NA,S,2,1,52346.275,26.95,2011,18,18.48,18.49
115518,Active,677636,NA,NA,S,1,0,38921.9,28.95,2010,41,10.37,17.61
115519,Active,3782219,NA,NA,S,0,0,170739.925,75,2011,17,46.62,46.63
115520,Active,2754111,NA,NA,S,3,1,350189.93,50,1998,35,7.09,58.06
115521,Active,1434303,NA,NA,S,0,0,87398.375,34.99,2014,13,25.72,25.13
115522,Active,293812,NA,NA,S,0,0,91971.84375,29.99,2006,39,6.98,53.96
115523,Active,1461785,NA,NA,S,0,0,131498.45,22,2012,53,6.9,7.38
115524,Active,2407869,NA,NA,S,0,0,728734.495,60,1996,77,4,10.93
115525,Active,3731956,NA,NA,S,0,0,792254.8,57.99,2008,25,13.79,42.98
115526,Active,1677662,NA,NA,S,0,0,23083.25,24.97,2013,12,16.73,16.23
115527,Active,2637523,NA,NA,S,2,1,95391.8,29.95,2014,48,35.49,26.96
115528,Active,2096807,NA,NA,S,0,0,42676.175,29.95,2015,20,13.97,18.71
115529,Active,117748,NA,NA,S,6,1,323870.6275,180,2006,61,19.42,75.18
115530,Active,294274,NA,NA,S,2,1,53949.1325,14.95,1999,407,4,9.17
115531,Active,1581680,NA,NA,S,1,0,546141.1138,49.99,2009,27,10.23,42.53
115532,Active,664590,NA,NA,S,8,1,92509.565,82.95,2014,48,28.99,43.87
115533,Active,688738,NA,NA,S,1,0,11293.1,22,2009,17,13.99,15.94
115534,Active,910885,NA,NA,S,2,1,154831.9,35,2013,16,21.24,29.48
115535,Active,2066283,NA,NA,S,1,0,119027.1375,16.95,2013,33,7.53,13.13
115536,Active,162362,NA,NA,S,1,0,19742.5,24.95,2007,52,4.21,8.64
115537,Active,1878731,NA,NA,S,2,1,206794.3,0,2012,16,19.19,48.99
115538,Active,3575153,NA,NA,S,51,1,144430.975,24,2009,33,13.43,16.65
115539,Active,1647706,NA,NA,S,1,0,179842.225,24.95,2013,14,22.39,23.44
115540,Active,752876,NA,NA,S,1,0,222345.325,24.95,2010,64,4,8.48
115541,Active,1623934,NA,NA,S,0,0,225286.275,25,2007,26,6.46,10.98
115542,Active,154046,NA,NA,S,0,0,20784.4,25.5,2010,20,21.99,23.99
115543,Active,690041,NA,NA,S,0,0,664135.0063,39.95,2013,20,34.56,31.3
115544,Active,2020742,NA,NA,S,1,0,111660.35,25,2012,21,17.32,23.99
115545,Active,1558441,NA,NA,S,0,0,350050.67,39.95,2011,19,36.73,34.57
115546,Active,199225,NA,NA,S,1,0,503026.665,81,2004,26,10.29,51.97
115547,Active,1756149,NA,NA,S,1,0,90927.05,28,2009,35,6.97,16.72
115548,Active,158919,NA,NA,S,0,0,65215.825,21.99,2007,49,8.45,10.28
115549,Active,1861115,NA,NA,S,0,0,7048.025,26.95,2013,16,21.99,17.84
115550,Active,1691842,NA,NA,S,0,0,218472.8,30,2008,16,22.64,24.94
115551,Active,2007077,NA,NA,S,0,0,164003.625,35,2007,19,17.08,35
115552,Active,543044,NA,NA,S,0,0,81450.25,52,2007,19,19.09,31.97
115553,Active,213069,NA,NA,S,1,0,364812.8275,84.95,2003,22,7.36,50.35
115554,Active,681460,NA,NA,S,0,0,108060.725,25.63,2009,32,19.95,20.49
115555,Active,278881,NA,NA,S,0,0,19518.325,26.95,2007,21,17.29,19.32
115556,Active,673892,NA,NA,S,0,0,33163.95,26.95,2012,11,19.53,19.53
115557,Active,912565,NA,NA,S,0,0,724462.9163,75,2014,24,11.9,46.98
115558,Active,530817,NA,NA,S,2,1,397904.6613,164.2,2011,43,13.9,60.01
115559,Active,652226,NA,NA,S,1,0,740839.5563,120,2013,40,5.75,31.61
115560,Active,663815,NA,NA,S,0,0,85351.225,75,2013,34,5.89,43.98
115561,Active,2027564,NA,NA,S,0,0,75176.05,75,2014,16,33.18,43.98
115562,Active,110561,NA,NA,S,7,1,225587.1888,82.16,2007,37,10.99,53.99
115563,Active,2335786,NA,NA,S,13,1,482589.345,70.89,1986,34,4.08,70.89
115564,Active,1822311,NA,NA,S,7,1,74956.6175,27.52,2011,30,19.07,19.97
115565,Active,2563639,NA,NA,S,6,1,850541.6963,67.53,1996,26,4.13,40.62
115566,Active,110758,NA,NA,S,6,1,28874.71625,282.75,2011,66,30.11,53.57
115567,Active,265034,NA,NA,S,0,0,80160.5,47.5,2007,25,29.69,44.43
115568,Active,299919,NA,NA,S,0,0,256849.8888,59.95,2003,32,13.93,58.63
115569,Active,867909,NA,NA,S,0,0,101022.7075,75,2014,25,19.96,43.99
115570,Active,649164,NA,NA,S,0,0,217218.1,59.95,2007,13,24.56,52.67
115571,Active,663622,NA,NA,S,1,0,348854.3675,121,2013,42,39.59,52.54
115572,Active,2380084,NA,NA,S,1,0,300528.0338,177,1994,21,19.67,134.01
115573,Active,273045,NA,NA,S,2,1,444454.7175,59.95,2002,26,18.39,46.94
115574,Active,116619,NA,NA,S,1,0,140656.74,189,2004,35,8.34,0
115575,Active,615522,NA,NA,S,6,1,630069.69,86.83,2009,49,4.52,63.47
115576,Active,114228,NA,NA,S,3,1,639585.2875,153,2001,27,5.82,91.91
115577,Active,129991,NA,NA,S,1,0,478948.545,79.99,1995,25,4.98,39.89
115578,Active,277019,NA,NA,S,2,1,238252.55,70,2005,13,46.99,70
115579,Active,1757592,NA,NA,S,2,1,59232.8,39.99,2013,20,31.98,35.74
115580,Active,619548,NA,NA,S,1,0,119718.25,30,2013,64,4.2,8.97
115581,Active,1928516,NA,NA,S,0,0,565036.265,16,2015,17,8.26,10.55
115582,Active,2673192,NA,NA,S,1,0,536668.705,62.1,2003,37,4.97,57.97
115583,Active,2398246,NA,NA,S,2,1,446361.2275,105.1,1972,26,11.52,104.79
115584,Active,900974,NA,NA,S,0,0,631260.2975,27,2008,19,16.79,19.05
115585,Active,1589246,NA,NA,S,0,0,149406.7,31.25,2008,20,20.69,22.04
115586,Active,543384,NA,NA,S,0,0,137823.3,60,2011,17,30.09,34.58
115587,Active,3816830,NA,NA,S,1,0,120049.775,40,2012,26,6.4,28.88
115588,Active,454365,NA,NA,S,2,1,439435.815,34.75,2003,28,19.49,31.12
115589,Active,3214175,NA,NA,S,0,0,366324.8513,178.98,1963,38,4,103.98
115590,Active,2396196,NA,NA,S,0,0,549071.6288,52.95,1982,39,5.98,107.02
115591,Active,1590108,NA,NA,S,1,0,83210.375,34.99,2010,31,23.37,29.97
115592,Active,586174,NA,NA,S,2,1,44919.68,19.95,1993,42,11.52,11.99
115593,Active,543691,NA,NA,S,3,1,226878.7,20.75,2012,15,15.95,15.95
115594,Active,3629382,NA,NA,S,4,1,38108.85,43.25,2015,17,27.51,31.19
115595,Active,678039,NA,NA,S,4,1,84583.25,34.65,2009,28,17.98,32.92
115596,Active,530773,NA,NA,S,2,1,63820.025,29.95,2010,16,23.48,25.99
115597,Active,148967,NA,NA,S,1,0,48449.375,35,2009,19,31.77,31.79
115598,Active,148954,NA,NA,S,0,0,22944.275,30.63,2009,34,14.23,19.49
115599,Active,1982535,NA,NA,S,2,1,67660.925,31.95,2014,8,29.07,26.44
115600,Active,174932,NA,NA,S,0,0,95414.35,27.5,2007,22,16.48,18.98
115601,Active,154347,NA,NA,S,1,0,33718.225,96.5,2002,32,58.83,73.46
115602,Active,867851,NA,NA,S,9,1,30476.235,150,2014,59,39.98,62.99
115603,Active,683950,NA,NA,S,0,0,38285.375,29.99,2009,20,16.99,22.06
115604,Active,2637912,NA,NA,S,0,0,118072.175,75.4,2001,75,4.97,8.97
115605,Active,1582526,NA,NA,S,2,1,156585.6125,37.25,2010,22,24.64,23.14
115606,Active,914368,NA,NA,S,1,0,145809.3013,47.95,2006,29,9.04,36.25
115607,Active,1468827,NA,NA,S,0,0,741972.5175,51,2007,24,9.98,40.99
115608,Active,1471167,NA,NA,S,12,1,45683.2,0,2014,5,28.77,33.67
115609,Active,2930920,NA,NA,S,1,0,599821.6413,146.95,2015,29,46.96,143.54
115610,Active,249474,NA,NA,S,1,0,46687.775,26.95,2010,31,4.97,7.01
115611,Active,1758790,NA,NA,S,0,0,82567.975,29.95,2013,15,19.97,19.98
115612,Active,917805,NA,NA,S,1,0,324480.6975,21.95,2004,64,4.98,12.65
115613,Active,1966938,NA,NA,S,1,0,191421.55,24.99,2014,12,13.4,14.48
115614,Active,687790,NA,NA,S,0,0,210695.45,26.95,2007,23,17.43,23.1
115615,Active,905439,NA,NA,S,1,0,898796.9338,40,2013,29,14.8,28.84
115616,Active,534180,NA,NA,S,1,0,104346.175,26,2010,52,5.96,11.51
115617,Active,1877740,NA,NA,S,0,0,226587.8,29.99,2009,14,12.26,20.48
115618,Active,265513,NA,NA,S,0,0,201635.675,27.95,2009,48,4,9.54
115619,Active,667470,NA,NA,S,0,0,89421.975,35,2010,19,24.49,23.99
115620,Active,2048239,NA,NA,S,0,0,101050.2,24.95,2010,28,13.67,17.89
115621,Active,797976,NA,NA,S,0,0,109560.725,39.95,2007,15,16.73,19.76
115622,Active,2602797,NA,NA,S,1,0,736720.515,54.99,1997,24,13.97,51.57
115623,Active,655290,NA,NA,S,1,0,220256.15,49.99,2012,31,10.39,18.89
115624,Active,226080,NA,NA,S,1,0,738003.1713,89.95,2008,32,4.82,0
115625,Active,2167046,NA,NA,S,0,0,233293.5,24.95,2015,9,26.94,23.4
115626,Active,165382,NA,NA,S,1,0,59346.95,80,2002,30,11.37,23.98
115627,Active,3756301,NA,NA,S,2,1,151974.1,89.99,2015,12,57.75,54.8
115628,Active,1554372,NA,NA,S,1,0,78828.525,49.95,2014,10,45.03,34.48
115629,Active,1698150,NA,NA,S,0,0,53827.975,27.95,2010,19,19.55,19.55
115630,Active,3629195,NA,NA,S,0,0,242060.65,143.75,2015,28,30.94,40.99
115631,Active,860340,NA,NA,S,5,1,421607.5363,65,2011,28,9.73,15.98
115632,Active,530757,NA,NA,S,6,1,23535.02375,282.95,2012,60,23.99,71.05
115633,Active,3830926,NA,NA,S,0,0,99014.625,22.95,2007,32,6.01,10.92
115634,Active,2164669,NA,NA,S,1,0,38206.7,24.95,2010,32,11.76,11.26
115635,Active,271024,NA,NA,S,0,0,130568.475,38,2011,12,18.69,26.49
115636,Active,2049544,NA,NA,S,0,0,38684.725,29.95,2014,16,9.76,9.85
115637,Active,537597,NA,NA,S,9,1,23819.69625,309.75,2012,82,25.2,112.92
115638,Active,2289930,NA,NA,S,3,1,525005.6938,100.05,2012,41,21.41,73.68
115639,Active,644669,NA,NA,S,0,0,37803.6,49.95,2012,23,33.99,29.33
115640,Active,538525,NA,NA,S,32,1,854386.8538,78,2013,81,5.97,71.31
115641,Active,604736,NA,NA,S,0,0,205186.2,34.95,2012,14,13.97,23.83
115642,Active,3473392,NA,NA,S,2,1,212892.25,117.53,2015,44,23.54,106.73
115643,Active,139195,NA,NA,S,0,0,109717.0513,57.5,2008,47,11.45,34.32
115644,Active,614550,NA,NA,S,2,1,865918.8838,119.6,2006,40,4,9.86
115645,Active,177693,NA,NA,S,1,0,788554.9238,166.95,2002,24,4,48.99
115646,Active,621403,NA,NA,S,3,1,506564.0138,115.4,2007,51,9.98,33.99
115647,Active,201705,NA,NA,S,3,1,675119.81,48.95,2006,26,8.72,30.08
115648,Active,113386,NA,NA,S,2,1,623849.825,111,2006,44,9.58,57.32
115649,Active,246302,NA,NA,S,1,0,806654.6213,137.95,2007,22,7.96,40.59
115650,Active,163954,NA,NA,S,1,0,139596.5,210.95,2000,40,53.62,93.97
115651,Active,165903,NA,NA,S,3,1,92873.95125,183.5,2004,75,8.34,61.73
115652,Active,809024,NA,NA,S,2,1,145351.96,182,2014,33,41.99,78.4
115653,Active,222335,NA,NA,S,1,0,64374.7,85,2002,21,17.48,61.86
115654,Active,622633,NA,NA,S,1,0,296996.2675,109.95,2011,49,12.18,62.99
115655,Active,544633,NA,NA,S,4,1,193242.925,69.6,2012,29,15.84,47.99
115656,Active,269443,NA,NA,S,2,1,118432.0788,110,2011,44,41.41,88.99
115657,Active,193658,NA,NA,S,4,1,205165.9763,225,2010,60,8.43,142.43
115658,Active,546727,NA,NA,S,20,1,451524.8888,99,2009,43,5.49,32.99
115659,Active,638221,NA,NA,S,3,1,808741.19,215,2012,34,5.75,166.87
115660,Active,2157280,NA,NA,S,1,0,503390.8863,43.95,2006,32,4.95,31.83
115661,Active,530729,NA,NA,S,2,1,528865.0013,74.95,2006,36,19.98,50.06
115662,Active,242267,NA,NA,S,3,1,481457.5863,78,2001,20,5.74,79.9
115663,Active,213260,NA,NA,S,5,1,557725.215,115,2005,47,11.75,95.36
115664,Active,877781,NA,NA,S,10,1,79991.54875,183.95,2014,47,39.8,57.95
115665,Active,641411,NA,NA,S,0,0,74456.69125,122.25,2010,46,47.98,86.47
115666,Active,109897,NA,NA,S,1,0,84195.4925,63.46,2007,58,7.71,38.89
115667,Active,112358,NA,NA,S,11,1,732431.125,178.25,2009,34,9.91,24.49
115668,Active,1767790,NA,NA,S,0,0,474276.2338,51.2,2012,26,10.99,36.98
115669,Active,3629423,NA,NA,S,2,1,471944,54,2016,12,40.45,45.81
115670,Active,668329,NA,NA,S,0,0,742033.52,159,2003,21,8.62,117.53
115671,Active,156570,NA,NA,S,1,0,816599.4088,67.95,2007,31,3.43,47.04
115672,Active,1521226,NA,NA,S,0,0,50574.875,25.65,2015,11,13.18,18.17
115673,Active,2489261,NA,NA,S,0,0,133233.575,0,2015,23,13.99,23.94
115674,Active,631729,NA,NA,S,0,0,79178.25375,10.65,2007,41,4.78,13.42
115675,Active,630087,NA,NA,S,0,0,83284.15,103.5,2009,71,4.41,22.91
115676,Active,1701426,NA,NA,S,2,1,639915.7613,33.95,2010,17,35.07,31.95
115677,Active,2121459,NA,NA,S,1,0,83960.125,27.95,2010,30,7.59,19.06
115678,Active,626330,NA,NA,S,1,0,49131.375,71.25,2008,14,29.31,602.99
115679,Active,1497611,NA,NA,S,0,0,78308.175,39.99,2010,22,23.42,23.64
115680,Active,1691703,NA,NA,S,0,0,95791.775,46.99,2010,9,38.04,31.14
115681,Active,688998,NA,NA,S,1,0,12010.775,28,2013,26,16.77,16.79
115682,Active,135354,NA,NA,S,0,0,742764.8688,95,2005,37,4.39,47
115683,Active,640450,NA,NA,S,0,0,61487.475,89.99,2009,19,38.99,52.42
115684,Active,1471062,NA,NA,S,1,0,110189.35,47.95,2014,18,33.27,36.69
115685,Active,156956,NA,NA,S,1,0,313992.0163,49.95,2002,40,17.97,33.32
115686,Active,742786,NA,NA,S,1,0,207038.6,29.99,2010,31,4,15.74
115687,Active,3682769,NA,NA,S,0,0,36301.125,26.99,2016,11,17.5,17.01
115688,Active,639367,NA,NA,S,0,0,370928.9763,40.95,2007,28,19.69,26.99
115689,Active,626837,NA,NA,S,0,0,534189.4263,50,1995,37,11.49,31.4
115690,Active,220141,NA,NA,S,1,0,695644.8075,41.95,2005,44,4,19.87
115691,Active,749339,NA,NA,S,2,1,126939.9,29.99,2007,23,19.18,20.86
115692,Active,626113,NA,NA,S,4,1,548730.8888,91.95,2004,30,4,0
115693,Active,1477787,NA,NA,S,12,1,607513.095,65,2012,22,6.59,48.19
115694,Active,550220,NA,NA,S,0,0,399035.6488,61.98,2006,22,13.84,0
115695,Active,1529622,NA,NA,S,0,0,52104.375,24.99,2009,38,5.17,16.55
115696,Active,3754908,NA,NA,S,0,0,69236.25,24.99,2014,12,15.99,18.88
115697,Active,3811539,NA,NA,S,0,0,202442.025,49.95,2016,9,37.12,34.39
115698,Active,1895655,NA,NA,S,0,0,17405.525,28.84,2011,15,28.46,28.65
115699,Active,541934,NA,NA,S,0,0,709389.655,19.95,2004,73,4,0
115700,Active,921251,NA,NA,S,0,0,100355.9063,25,1974,75,7.94,15.48
115701,Active,120002,NA,NA,S,10,1,47737.03625,53.4,2009,42,23.47,40.4
115702,Active,1587537,NA,NA,S,1,0,150367.45,39.99,2011,17,28.96,28.74
115703,Active,2612726,NA,NA,S,0,0,618214.4675,39.99,2000,26,4.63,25.94
115704,Active,684218,NA,NA,S,1,0,170313.175,25.99,2012,46,6.24,7.85
115705,Active,1432510,NA,NA,S,1,0,103986.4,27.99,2011,51,4,11.96
115706,Active,679284,NA,NA,S,1,0,87011.45,25,2009,27,4,34.07
115707,Active,676254,NA,NA,S,1,0,131741.85,32,2007,33,6.98,17.28
115708,Active,678509,NA,NA,S,0,0,217788.625,29.95,2007,28,9.49,13.79
115709,Active,2783120,NA,NA,S,0,0,745346.2263,27,2000,25,8.55,19.3
115710,Active,1639753,NA,NA,S,2,1,232315.775,24.95,2013,20,10.7,18.82
115711,Active,1725707,NA,NA,S,0,0,36973.025,30,2007,37,12.61,16.31
115712,Active,2088783,NA,NA,S,0,0,72652.875,48.95,2012,21,36.6,48.95
115713,Active,2092878,NA,NA,S,0,0,202990.2,83.95,2011,16,34.99,63.99
115714,Active,2097764,NA,NA,S,0,0,20256.65,24.95,2015,16,16.75,12.98
115715,Active,250444,NA,NA,S,3,1,255493.3188,12.95,2006,27,10.84,10.84
115716,Active,1598489,NA,NA,S,1,0,85939.75,22,2014,28,11.99,15.73
115717,Active,224347,NA,NA,S,5,1,131053.765,143.95,2003,52,14.44,68.45
115718,Active,683103,NA,NA,S,1,0,149082.75,24,2012,36,6.41,14.49
115719,Active,665227,NA,NA,S,2,1,90423.15,0,2006,8,33.37,38.8
115720,Active,1920614,NA,NA,S,0,0,115054.105,9.95,2009,19,8.92,9.95
115721,Active,171893,NA,NA,S,0,0,122767.915,41.95,2002,34,15.76,34
115722,Active,1908351,NA,NA,S,4,1,74444.39875,13.99,2014,31,8.99,10.97
115723,Active,1779591,NA,NA,S,1,0,178789.4,60,2013,15,33.84,33.83
115724,Active,1527548,NA,NA,S,0,0,237542.05,26.99,2012,12,12.84,7.98
115725,Active,889107,NA,NA,S,0,0,83689.805,30,2014,16,20.2,24.25
115726,Active,174299,NA,NA,S,1,0,645262.67,84.99,2006,27,17.94,53.97
115727,Active,1454965,NA,NA,S,1,0,239824.95,29.99,2014,11,19.99,21.58
115728,Active,878090,NA,NA,S,2,1,596541.4275,77.5,2013,39,23.99,74.99
115729,Active,209502,NA,NA,S,0,0,830158.5975,50,2004,39,13.72,28.98
115730,Active,146155,NA,NA,S,1,0,64019.84125,104.8,2009,55,26.69,74.06
115731,Active,2039561,NA,NA,S,0,0,124301.675,0,2014,9,16.27,20.85
115732,Active,924430,NA,NA,S,7,1,29542.19875,135.95,2015,43,54.44,59.88
115733,Active,1625591,NA,NA,S,0,0,53861.025,63,2014,22,33.73,35.99
115734,Active,394698,NA,NA,S,1,0,427607.2375,15,2004,33,4,12.17
115735,Active,355982,NA,NA,S,0,0,5203.76875,16.99,1999,72,6,11.23
115736,Active,184695,NA,NA,S,0,0,76243.6825,49.99,1999,17,19.24,35.29
115737,Active,572631,NA,NA,S,0,0,34024.3275,10.99,1999,38,6.87,8.24
115738,Active,262613,NA,NA,S,1,0,72619.6,51.95,2002,21,34.12,43.99
115739,Active,388277,NA,NA,S,1,0,77731.85,49.95,2010,15,39.16,57.99
115740,Active,642172,NA,NA,S,2,1,97190.10375,37.95,2012,32,20.75,33.96
115741,Active,866821,NA,NA,S,7,1,47267.05625,257.6,2014,58,45.34,133.98
115742,Active,3831856,NA,NA,S,0,0,667324,10.95,1997,48,4,38.99
115743,Active,1786244,NA,NA,S,2,1,192365.35,38.95,2015,14,31.97,31.98
115744,Active,2141233,NA,NA,S,0,0,128488.975,24,2011,6,22.63,21.98
115745,Active,544711,NA,NA,S,3,1,216162.9175,59.95,2012,51,4,32.97
115746,Active,2021470,NA,NA,S,0,0,68659.825,24.95,2008,13,18.37,17.16
115747,Active,658262,NA,NA,S,0,0,119216.55,113.95,2012,43,27.67,46.01
115748,Active,609846,NA,NA,S,3,1,547045.2475,163.95,2013,33,38.97,66.38
115749,Active,262777,NA,NA,S,2,1,116930.4275,36.95,2009,26,15.46,32.48
115750,Active,644748,NA,NA,S,1,0,122691.15,44.99,2011,13,15.89,22.97
115751,Active,803748,NA,NA,S,1,0,188280.65,28.35,2007,68,4,15.98
115752,Active,3827532,NA,NA,S,0,0,64669.2,0,2007,11,16.98,14.2
115753,Active,137602,NA,NA,S,0,0,617919.8188,41.95,1995,29,9.74,36.98
115754,Active,1517528,NA,NA,S,1,0,167637.9,39.99,2014,18,24.76,25.43
115755,Active,647190,NA,NA,S,2,1,86564.4,35,2012,19,27.99,30.62
115756,Active,1761024,NA,NA,S,6,1,458.025,23.89,2014,14,25.96,25.52
115757,Active,128381,NA,NA,S,1,0,598563.8775,60,2010,45,17.49,40.92
115758,Active,767705,NA,NA,S,0,0,5762.425,40,2011,50,14.45,22.99
115759,Active,2067962,NA,NA,S,0,0,74744.375,39.95,2015,9,26.61,26.62
115760,Active,1971540,NA,NA,S,0,0,231209.81,45,2012,19,15.19,43.56
115761,Active,1535751,NA,NA,S,1,0,71736.35,39.95,2014,14,22.56,28.99
115762,Active,684160,NA,NA,S,0,0,21505.35,26.95,2013,46,13.38,14.98
115763,Active,225244,NA,NA,S,1,0,71299.875,61,2001,45,8.29,34.28
115764,Active,620471,NA,NA,S,7,1,150354.1588,80,2013,40,8.36,38.77
115765,Active,1704030,NA,NA,S,0,0,182630.375,25.95,2007,17,15.34,15.34
115766,Active,410546,NA,NA,S,0,0,99881.55,31.95,2007,16,18.1,26.58
115767,Active,410649,NA,NA,S,2,1,728867.1813,13.95,2005,17,7.73,15.99
115768,Active,182761,NA,NA,S,1,0,503052.605,152.95,2003,32,5.77,22.37
115769,Active,2120975,NA,NA,S,0,0,59741.25,21.95,2011,17,13.38,13.14
115770,Active,530665,NA,NA,S,3,1,569013.7563,30,2012,12,23.98,44.97
115771,Active,678993,NA,NA,S,15,1,477005.1588,24.95,2010,51,12.12,16.62
115772,Active,1717688,NA,NA,S,0,0,187996.125,25,2014,14,23.94,24.48
115773,Active,872687,NA,NA,S,3,1,42737.88625,116.8,2015,38,53.94,80.97
115774,Active,874340,NA,NA,S,3,1,46956.9675,116.8,2015,29,51.92,95.78
115775,Active,3739136,NA,NA,S,4,1,15206,14.99,2016,18,10.99,8.64
115776,Active,1908510,NA,NA,S,5,1,139665.105,18.99,2014,23,7.93,16.23
115777,Active,1697010,NA,NA,S,1,0,448.95,24,2014,54,14.88,15.55
115778,Active,3960318,NA,NA,S,0,0,102292.275,24.95,2012,23,7.15,10.87
115779,Active,1551802,NA,NA,S,0,0,164183.9,34.95,2013,12,28.58,28.87
115780,Active,254530,NA,NA,S,2,1,641555.7813,101.95,2011,28,17.49,52.92
115781,Active,286205,NA,NA,S,1,0,141270.8613,105.33,2010,35,40.79,88.13
115782,Active,2263445,NA,NA,S,6,1,137977.5,23.53,1900,32,10.74,54.68
115783,Active,664801,NA,NA,S,1,0,324647.9438,219.25,2013,24,38.59,113.93
115784,Active,290505,NA,NA,S,0,0,130357.175,101.5,2003,26,12.44,67.02
115785,Active,626932,NA,NA,S,1,0,206369.525,59.95,2011,21,9.18,31.99
115786,Active,270606,NA,NA,S,3,1,101422.6213,79.99,2009,34,17.98,61.66
115787,Active,706206,NA,NA,S,4,1,5947.28125,216.75,2014,117,51.42,103.04
115788,Active,795582,NA,NA,S,9,1,124452.3975,186.25,2013,37,9.38,109.19
115789,Active,864636,NA,NA,S,5,1,35118.0525,281.25,2014,56,21.48,62.99
115790,Active,586439,NA,NA,S,3,1,496534.2813,69,2003,33,11.31,73.71
115791,Active,149155,NA,NA,S,0,0,280598.87,75.08,1995,19,13.99,79.07
115792,Active,51803,NA,NA,S,4,1,212084.44,179.8,2011,60,8.49,49.04
115793,Active,148030,NA,NA,S,3,1,621063.105,198.95,2004,36,4.73,33.99
115794,Active,924271,NA,NA,S,5,1,7012.38125,86.25,2015,53,47.05,57.98
115795,Active,866730,NA,NA,S,6,1,4793.6,264.25,2014,73,27.65,94.99
115796,Active,2271863,NA,NA,S,8,1,585340.35,148.99,1900,24,16.13,86.9
115797,Active,3513242,NA,NA,S,1,0,44105.85,83.5,2015,36,44.99,51.44
115798,Active,565845,NA,NA,S,1,0,164571.8,55,2008,14,39.86,39.98
115799,Active,538504,NA,NA,S,3,1,37666.25,276.25,2013,68,38.99,64.99
115800,Active,3513236,NA,NA,S,1,0,156842.65,208.5,2015,50,37.99,39.99
115801,Active,872286,NA,NA,S,4,1,200738.0513,175.2,2014,25,18.35,81.3
115802,Active,864638,NA,NA,S,4,1,94536.2225,257.6,2014,58,21.81,123.94
115803,Active,2378861,NA,NA,S,5,1,862884.145,67,1991,15,5.23,172.69
115804,Active,875653,NA,NA,S,4,1,310979.695,49.24,2014,32,8.99,24.09
115805,Active,553110,NA,NA,S,1,0,377333.6963,64.8,2011,17,14.83,59.14
115806,Active,655382,NA,NA,S,2,1,10646.74625,99.95,2012,67,54.88,67.16
115807,Active,875114,NA,NA,S,3,1,391031.9475,101.95,2013,27,47.84,108.02
115808,Active,751573,NA,NA,S,1,0,142852.675,55,2012,17,29.8,38.59
115809,Active,915754,NA,NA,S,0,0,151477.3013,174.9,2015,45,12.33,43.99
115810,Active,617364,NA,NA,S,0,0,470294.5875,145,2011,18,4,39.97
115811,Active,101387,NA,NA,S,1,0,364103.2163,294.95,2000,59,5.34,103.11
115812,Active,52426,NA,NA,S,8,1,416872.65,89.4,2002,61,4,45.29
115813,Active,2275576,NA,NA,S,4,1,76281,122.5,1900,20,50.5,80.25
115814,Active,534773,NA,NA,S,2,1,33147.5,99.95,2012,54,25.72,83.65
115815,Active,924230,NA,NA,S,6,1,97549.5625,85.95,2015,46,48.99,55.31
115816,Active,2131655,NA,NA,S,0,0,716861.0125,53.95,2013,27,6.76,33.14
115817,Active,287485,NA,NA,S,1,0,581608.7588,174.4,1997,23,8.47,43.94
115818,Active,624702,NA,NA,S,1,0,125740.45,86.25,2012,43,8.81,38.54
115819,Active,262733,NA,NA,S,0,0,420563.2438,48.95,2007,22,7.44,75.68
115820,Active,2272199,NA,NA,S,3,1,163210.175,91.5,1900,21,44.67,124.1
115821,Active,178695,NA,NA,S,9,1,29834.53125,260.95,2011,71,31.85,163.78
115822,Active,51593,NA,NA,S,7,1,32774.40625,302.95,2011,94,9.59,105.94
115823,Active,867852,NA,NA,S,14,1,4616.615,204,2014,81,29.24,109.61
115824,Active,543797,NA,NA,S,3,1,272144.2663,215.95,2013,19,43.99,47.98
115825,Active,1438509,NA,NA,S,3,1,41773.10125,73.98,2015,31,39.98,63.98
115826,Active,245229,NA,NA,S,3,1,83994.085,147.95,2007,43,23.99,70.32
115827,Active,866854,NA,NA,S,11,1,4878.89875,262.6,2014,79,20.7,145.99
115828,Active,167136,NA,NA,S,1,0,126460.375,180.75,2008,21,42.99,49.99
115829,Active,1441889,NA,NA,S,6,1,7671.70625,181.33,2015,72,46.67,86.89
115830,Active,56084,NA,NA,S,2,1,700328.8513,51.85,2000,52,3.79,9.62
115831,Active,339042,NA,NA,S,1,0,127974.1888,78,2006,29,18.09,53.97
115832,Active,530629,NA,NA,S,0,0,805446.9438,158.95,2003,22,9.78,73.09
115833,Active,561939,NA,NA,S,1,0,864355.4038,52.43,2003,21,4.8,70.49
115834,Active,872049,NA,NA,S,13,1,8563.03125,185.2,2015,82,41.49,123.85
115835,Active,3711061,NA,NA,S,2,1,226836,59.95,2016,18,41.8,52.85
115836,Active,3743882,NA,NA,S,3,1,14066,109.99,2016,21,54.04,76.25
115837,Active,3516835,NA,NA,S,0,0,258235.3,59.95,2015,12,54.61,42.88
115838,Active,862028,NA,NA,S,7,1,28333.1375,116.95,2014,75,26.77,82.13
115839,Active,522122,NA,NA,S,9,1,14961.64875,174.95,2012,76,39.77,73.94
115840,Active,53064,NA,NA,S,10,1,69483.4475,259.95,2011,56,38.66,87.41
115841,Active,3763482,NA,NA,S,0,0,81312.625,69.99,2016,15,46.74,48.99
115842,Active,544585,NA,NA,S,6,1,23027.0425,208.95,2013,95,9.9,99.7
115843,Active,254505,NA,NA,S,3,1,102399.3563,123.95,2011,46,39.31,82.54
115844,Active,600039,NA,NA,S,0,0,146379.3,29.95,2009,21,12.33,16.63
115845,Active,2378977,NA,NA,S,3,1,717279.445,40,1991,15,4.93,44.3
115846,Active,184504,NA,NA,S,1,0,452425.7613,55.95,2004,45,4,29.84
115847,Active,169116,NA,NA,S,1,0,84475.85,157.95,2005,35,40.07,89.69
115848,Active,344383,NA,NA,S,1,0,76941.875,40,2007,18,23.9,26.84
115849,Active,878933,NA,NA,S,5,1,3657.33375,107,2014,85,38.99,45
115850,Active,862031,NA,NA,S,11,1,1514.32,188,2014,148,23.86,53.99
115851,Active,50126,NA,NA,S,3,1,563195.215,194.95,2002,46,4,9.57
115852,Active,638833,NA,NA,S,8,1,65619.59875,161.95,2013,46,39.49,51.24
115853,Active,706315,NA,NA,S,4,1,11307.535,234.5,2014,65,37.88,111.99
115854,Active,169143,NA,NA,S,10,1,779784.595,163.95,2007,69,4,48.12
115855,Active,2256651,NA,NA,S,3,1,514737.9,75.98,2010,17,25.07,51.08
115856,Active,269721,NA,NA,S,1,0,97833.85,29.95,2010,24,19.39,25.95
115857,Active,880226,NA,NA,S,10,1,232510.805,208.4,2013,22,38.45,63.25
115858,Active,130214,NA,NA,S,0,0,593595.8663,80,2002,41,4,59.04
115859,Active,410091,NA,NA,S,0,0,125914.5,79,2011,18,45.81,57.54
115860,Active,566092,NA,NA,S,1,0,163385.4,39.95,2010,24,20.99,24.6
115861,Active,110004,NA,NA,S,1,0,780765.5275,63.31,2007,38,4,63.25
115862,Active,1778674,NA,NA,S,1,0,100404.275,50,2014,13,40.92,38.53
115863,Active,1778822,NA,NA,S,2,1,11945.8,26.99,2013,16,18.33,18.14
115864,Active,665065,NA,NA,S,15,1,295675.9975,99.99,2012,46,5.78,92.99
115865,Active,614931,NA,NA,S,4,1,416055.045,205,2011,76,8.23,96.98
115866,Active,621996,NA,NA,S,0,0,2995.125,22.25,2008,46,12.98,19.75
115867,Active,107497,NA,NA,S,5,1,368442.1413,272,2001,23,22.89,80.71
115868,Active,3960370,NA,NA,S,0,0,118123.375,24.99,2011,10,18,18.58
115869,Active,1890825,NA,NA,S,0,0,576213.225,19.99,2012,18,17.52,51.91
115870,Active,1890858,NA,NA,S,0,0,20331.925,39.99,2013,13,19.94,22.49
115871,Active,1890609,NA,NA,S,0,0,50143.425,49.99,2008,6,42.56,35.06
115872,Active,881657,NA,NA,S,0,0,51981.1,27.99,2015,11,23.45,20.79
115873,Active,1890877,NA,NA,S,0,0,113423.8,39.99,2013,7,20.94,19.95
115874,Active,1890880,NA,NA,S,0,0,21538.225,39.99,2013,12,28.45,28.51
115875,Active,1890836,NA,NA,S,0,0,130545.625,29.99,2013,6,39.35,25.07
115876,Active,1890924,NA,NA,S,0,0,416961.6225,44.99,2014,17,29.94,29.98
115877,Active,1890695,NA,NA,S,0,0,375233.4013,27.99,2010,26,46.98,87.66
115878,Active,1890851,NA,NA,S,0,0,10135.3,26.99,2013,14,24.17,20.84
115879,Active,1890738,NA,NA,S,0,0,330053.7663,79.99,2011,24,7.8,54.12
115880,Active,690816,NA,NA,S,0,0,130473.25,27.99,2013,12,15.94,21.1
115881,Active,746812,NA,NA,S,1,0,138565,35,2011,51,5.44,13.94
115882,Active,127317,NA,NA,S,1,0,20902.225,35.95,2011,28,31.39,31.41
115883,Active,253645,NA,NA,S,4,1,92098.13375,49.95,2008,93,18.23,33.99
115884,Active,634042,NA,NA,S,1,0,394909.1675,39.99,2005,32,4,9.03
115885,Active,633309,NA,NA,S,1,0,652332.485,89.95,2009,34,9.36,38.99
115886,Active,654805,NA,NA,S,2,1,582135.9638,39.95,2006,33,29.27,338.27
115887,Active,196163,NA,NA,S,2,1,725545.4,49.95,2007,29,10.39,33.75
115888,Active,687104,NA,NA,S,0,0,153993.025,25,2009,21,17.58,19.46
115889,Active,2383951,NA,NA,S,5,1,9701.1275,135.2,2015,54,54.96,91.97
115890,Active,876962,NA,NA,S,0,0,44972.225,36,2014,21,20.1,36.99
115891,Active,228300,NA,NA,S,1,0,754182.9975,34.99,1998,32,4.4,54.65
115892,Active,530605,NA,NA,S,9,1,21955.8625,159.6,2012,54,53.99,113.31
115893,Active,3461843,NA,NA,S,6,1,115610.0625,89.95,2015,57,45.78,43.93
115894,Active,544203,NA,NA,S,4,1,5283.415,178.95,2013,62,34.32,51.66
115895,Active,210941,NA,NA,S,1,0,82391.075,49.95,2007,34,10.94,28.99
115896,Active,117823,NA,NA,S,1,0,180870.525,109.8,2006,34,21.44,73.93
115897,Active,1589025,NA,NA,S,0,0,161121.1,34.99,2012,20,22.48,24.94
115898,Active,130485,NA,NA,S,7,1,21774.535,138.8,2011,72,22.34,61.79
115899,Active,127187,NA,NA,S,1,0,59120.4,56,2009,24,37.69,48.51
115900,Active,2862177,NA,NA,S,2,1,43707.3,15,1992,55,8.79,12.75
115901,Active,184300,NA,NA,S,1,0,394040.3813,51.95,1998,29,10.75,33.67
115902,Active,292660,NA,NA,S,1,0,34752.035,16.99,1995,86,5.32,9.99
115903,Active,3638288,NA,NA,S,1,0,103858,59.95,2013,32,16.99,48.97
115904,Active,1491332,NA,NA,S,0,0,129802.575,24.95,2015,9,19.23,18.85
115905,Active,1570843,NA,NA,S,1,0,89045.6,44,2013,7,28.97,25.13
115906,Active,163075,NA,NA,S,1,0,118470.4,22.99,2010,43,10.42,13.96
115907,Active,620052,NA,NA,S,0,0,365717.3775,31.95,1991,48,4,31.65
115908,Active,866867,NA,NA,S,6,1,14587.2725,119.2,2014,52,27.63,91.99
115909,Active,250896,NA,NA,S,1,0,49725.4,32,2008,18,18.21,19.75
115910,Active,587587,NA,NA,S,1,0,208014.95,131.95,2012,19,51.99,61.95
115911,Active,199141,NA,NA,S,1,0,722294.0575,77,2003,26,8.96,46.9
115912,Active,3634330,NA,NA,S,1,0,72285.4,97.25,2015,32,53.98,68.49
115913,Active,530602,NA,NA,S,5,1,61955.82125,169.95,2012,31,53.93,154.95
115914,Active,110162,NA,NA,S,1,0,146896.125,2346.73,2008,24,33.79,75.57
115915,Active,1698027,NA,NA,S,0,0,110199.05,27.95,2015,10,22.84,22.84
115916,Active,108143,NA,NA,S,4,1,42694.5825,61.61,2004,54,14.85,46.87
115917,Active,569123,NA,NA,S,2,1,539312.5513,69.99,2011,34,11.17,50.97
115918,Active,262741,NA,NA,S,6,1,129009.025,35.95,2007,31,23.9,35.12
115919,Active,864643,NA,NA,S,4,1,39977.2675,66.95,2014,39,25.68,36.24
115920,Active,247485,NA,NA,S,1,0,534249.355,64,2006,39,4,22.99
115921,Active,3121219,NA,NA,S,0,0,715546.4963,29.95,2000,26,11.75,30.59
115922,Active,2250722,NA,NA,S,6,1,128376,28.99,2007,27,17.5,28.99
115923,Active,197709,NA,NA,S,2,1,485919.475,86.5,2006,27,11,104.19
115924,Active,862802,NA,NA,S,0,0,325782.7813,44.95,2000,24,4,25.83
115925,Active,1571827,NA,NA,S,0,0,507369.5175,29.95,2009,7,38.65,29.95
115926,Active,133819,NA,NA,S,0,0,126714.025,22,2009,23,11.27,20.56
115927,Active,261420,NA,NA,S,1,0,75536.80375,52,2002,39,15.85,36.78
115928,Active,690462,NA,NA,S,0,0,59201.425,24.95,2012,37,11.33,17.68
115929,Active,1720225,NA,NA,S,0,0,66336.525,30,2008,11,23.99,23.4
115930,Active,199500,NA,NA,S,0,0,271324.6763,86,2005,36,11.72,43.96
115931,Active,690453,NA,NA,S,1,0,219593.725,24.95,2013,7,23.71,20.19
115932,Active,632517,NA,NA,S,1,0,584735.7675,89.95,1994,34,15.79,48.99
115933,Active,1566903,NA,NA,S,2,1,69620.275,21.99,2007,56,5.52,9.97
115934,Active,234334,NA,NA,S,1,0,374284.26,45,2005,30,12.99,36
115935,Active,2086296,NA,NA,S,0,0,232087.5,39,2013,11,36.38,34.84
115936,Active,827094,NA,NA,S,0,0,319303.195,50,1993,50,8.67,23.91
115937,Active,3125774,NA,NA,S,1,0,389781.3725,40,1998,96,5.86,21.99
115938,Active,135946,NA,NA,S,2,1,614223.005,28,2007,36,6.31,23.96
115939,Active,1694875,NA,NA,S,0,0,30408.5,25,2014,66,8.67,10.67
115940,Active,2152272,NA,NA,S,0,0,92583.225,22.75,2014,13,29.15,22.75
115941,Active,631715,NA,NA,S,1,0,679443.8013,44.95,2007,24,12.49,27.47
115942,Active,619866,NA,NA,S,4,1,499157.105,132.4,2003,58,4.42,48.13
115943,Active,912505,NA,NA,S,1,0,423403.145,45,2008,36,13.88,73.59
115944,Active,292005,NA,NA,S,2,1,487772.3413,62.95,2006,30,6.31,0
115945,Active,912440,NA,NA,S,0,0,39209.775,22,2014,25,8.43,15.26
115946,Active,686772,NA,NA,S,0,0,155767.075,21.99,2011,18,10.89,17.34
115947,Active,141618,NA,NA,S,1,0,97523.225,60.32,2007,32,22.02,52.94
115948,Active,3110378,NA,NA,S,0,0,93852.20625,29.99,2015,20,18.47,20.14
115949,Active,1689982,NA,NA,S,0,0,130452.45,24.99,2014,8,21.99,23.3
115950,Active,288292,NA,NA,S,5,1,817696.4013,68.75,2007,26,4.3,54.39
115951,Active,612093,NA,NA,S,0,0,169344.25,30,2013,9,23.92,23.93
115952,Active,624927,NA,NA,S,0,0,355952.7363,45.95,1988,40,6.03,0
115953,Active,656136,NA,NA,S,1,0,744984.1138,47.95,2002,29,15.88,40.03
115954,Active,632710,NA,NA,S,0,0,720648.68,44,2010,36,15.99,32.87
115955,Active,141839,NA,NA,S,1,0,361310.135,49.99,2007,24,12.74,27.99
115956,Active,266061,NA,NA,S,3,1,312172.3638,15.78,2003,53,4,14.65
115957,Active,1760456,NA,NA,S,0,0,221061.75,50,2014,12,33.38,34.05
115958,Active,3744139,NA,NA,S,0,0,146085.8,50,2013,34,6.41,18.92
115959,Active,270875,NA,NA,S,1,0,76466.575,38,2009,16,32.67,32.79
115960,Active,104312,NA,NA,S,4,1,383657.3725,33.76,1998,60,4,30.77
115961,Active,247879,NA,NA,S,2,1,313693.1175,36.95,2008,13,15.84,29.91
115962,Active,162679,NA,NA,S,1,0,192738.3388,85,2010,25,34.11,0
115963,Active,210963,NA,NA,S,1,0,41070.5,61.95,2008,28,12.99,34.99
115964,Active,131861,NA,NA,S,1,0,115321.625,140.2,2004,34,6.04,74.53
115965,Active,1617456,NA,NA,S,1,0,165975.925,62.24,2010,18,52.49,63.74
115966,Active,545975,NA,NA,S,3,1,807787.6413,89.95,2012,22,12.29,77.21
115967,Active,270916,NA,NA,S,1,0,63169.775,48,2010,41,22.89,32.94
115968,Active,530572,NA,NA,S,6,1,51443.82,95,2012,33,17.89,94.99
115969,Active,639814,NA,NA,S,1,0,96971.575,75,2012,21,33.13,53.99
115970,Active,60364,NA,NA,S,2,1,886028.8775,71.95,2001,84,4.32,33.53
115971,Active,503919,NA,NA,S,0,0,144102.55,30,2007,17,10.99,21.91
115972,Active,807887,NA,NA,S,0,0,107457.75,29.99,2011,19,17.37,18.28
115973,Active,791991,NA,NA,S,0,0,49771.35,24.99,2009,25,15.38,18.36
115974,Active,2628790,NA,NA,S,0,0,40131.54125,16,1990,179,4,9.41
115975,Active,3503736,NA,NA,S,1,0,13987.775,26,2016,41,12.43,14.29
115976,Active,1615918,NA,NA,S,1,0,115052.85,34.99,2009,40,6.45,20.94
115977,Active,530570,NA,NA,S,2,1,58196.54,89.4,2003,46,26.92,62.99
115978,Active,1453007,NA,NA,S,3,1,80176.925,34.99,2014,21,18.89,24.93
115979,Active,121158,NA,NA,S,2,1,99353.925,24.99,2009,59,8.6,21.89
115980,Active,3733679,NA,NA,S,0,0,174841.925,21.99,2009,12,12.94,13.99
115981,Active,1589809,NA,NA,S,0,0,214161,29.99,2011,30,20.69,29.98
115982,Active,2604427,NA,NA,S,0,0,346602.8588,39.99,2004,29,28.99,33.81
115983,Active,1779533,NA,NA,S,1,0,164305.7,26.99,2013,23,17.16,18.06
115984,Active,530567,NA,NA,S,2,1,51623.53625,70,2012,32,23.98,23.98
115985,Active,1508738,NA,NA,S,0,0,5822.95,45,2014,23,17.48,22.68
115986,Active,546471,NA,NA,S,4,1,94600.025,28.5,2010,23,16.74,18.99
115987,Active,1494659,NA,NA,S,0,0,134592.925,50,2014,15,30.83,32.37
115988,Active,2655135,NA,NA,S,3,1,459358.5225,90.05,1998,22,4,43.05
115989,Active,2034063,NA,NA,S,1,0,42200.475,22.95,2010,12,13.51,15.27
115990,Active,1536607,NA,NA,S,0,0,58743.85,26.95,2015,47,5.85,16.03
115991,Active,1705463,NA,NA,S,1,0,73921.575,23,2014,34,7.32,12.43
115992,Active,1595431,NA,NA,S,0,0,37978.2,26.95,2012,31,10.49,19.58
115993,Active,652278,NA,NA,S,1,0,4719.55,35,2013,20,25.23,24.25
115994,Active,2947949,NA,NA,S,12,1,22766.54,39.99,2015,13,24.31,24.43
115995,Active,2105773,NA,NA,S,0,0,64139.35,34.95,2014,25,19.83,20.17
115996,Active,3763573,NA,NA,S,0,0,40511.45,59.99,2015,14,38.98,33.49
115997,Active,1995768,NA,NA,S,0,0,77966.425,59.99,2015,10,47.72,41.48
115998,Active,893176,NA,NA,S,0,0,655069.43,34.99,2013,24,4,0
115999,Active,2043539,NA,NA,S,0,0,20426.85,35,2014,17,20.49,21.47
116000,Active,1855505,NA,NA,S,8,1,405995.5275,34.99,2015,23,19.56,23.55
116001,Active,1943094,NA,NA,S,0,0,32768.4,28,2015,21,13.89,17.99
116002,Active,683565,NA,NA,S,0,0,46892.1,25,2013,22,16.69,16.73
116003,Active,3466538,NA,NA,S,0,0,169251.55,21.99,2008,9,9.97,9.98
116004,Active,3746340,NA,NA,S,0,0,115649.925,44,2013,28,28.31,39.19
116005,Active,1780820,NA,NA,S,1,0,1591.15,25,2014,17,17.48,14.22
116006,Active,898881,NA,NA,S,15,1,655581.39,29.99,2014,37,3.99,23.69
116007,Active,676356,NA,NA,S,0,0,20089,24.95,2008,47,11.94,14.76
116008,Active,1523850,NA,NA,S,0,0,32672.625,24,2013,43,12.32,14.99
116009,Active,1924531,NA,NA,S,0,0,27293.95,32,2014,16,28.84,23.96
116010,Active,1966704,NA,NA,S,0,0,226176.625,24.95,2015,18,16.74,13.26
116011,Active,677284,NA,NA,S,1,0,15401.275,24.99,2011,67,4.86,11.98
116012,Active,688917,NA,NA,S,2,1,15897.55,22.95,2008,19,15.85,17.04
116013,Active,683941,NA,NA,S,1,0,133250.9,29.95,2010,24,5.32,19.51
116014,Active,2087426,NA,NA,S,0,0,449264.5563,40,2013,11,28.32,36.85
116015,Active,2088166,NA,NA,S,0,0,679896.35,44.95,2012,55,4,24.73
116016,Active,1624041,NA,NA,S,0,0,144334.625,26,2009,19,15.17,17.5
116017,Active,2537333,NA,NA,S,1,0,616728.12,41.95,2001,29,12.49,36.8
116018,Active,1490059,NA,NA,S,0,0,158017.5,26,2011,38,11.22,21.77
116019,Active,902446,NA,NA,S,3,1,110723.45,30,2014,22,19.52,23.48
116020,Active,909212,NA,NA,S,0,0,350789.745,14.8,2011,48,4,5.11
116021,Active,2354704,NA,NA,S,2,1,403393.1913,510.79,2002,26,5.23,51.98
116022,Active,1438959,NA,NA,S,0,0,157829.2,34.81,2012,9,15.05,31.93
116023,Active,1438946,NA,NA,S,3,1,348869.1925,8.4,2012,27,3.9,5.87
116024,Active,613115,NA,NA,S,3,1,32513.95,47.75,2007,143,4,9.69
116025,Active,1438940,NA,NA,S,0,0,293163.9138,14.8,2011,55,4,5.98
116026,Active,1438937,NA,NA,S,0,0,132135.6738,14.8,2011,34,4,7.91
116027,Active,1438623,NA,NA,S,3,1,690547.6025,28.99,2008,52,4.72,23.84
116028,Active,859528,NA,NA,S,3,1,170420.5688,15.4,2007,54,4,8.19
116029,Active,906638,NA,NA,S,0,0,318600.285,14.8,2011,59,4,6.48
116030,Active,613132,NA,NA,S,0,0,49170.6025,30.2,2007,212,3.9,7.98
116031,Active,550652,NA,NA,S,2,1,701307.6475,37.88,2004,112,3.98,6.5
116032,Active,613685,NA,NA,S,0,0,312807.0038,47.75,2006,121,3.98,7.79
116033,Active,169148,NA,NA,S,4,1,591713.1838,169.95,2006,67,8.75,73.48
116034,Active,2105762,NA,NA,S,0,0,75924.125,29.95,2014,15,19.37,18.53
116035,Active,681252,NA,NA,S,0,0,13717.6,29.95,2012,63,9.15,17.37
116036,Active,2166497,NA,NA,S,0,0,175097.525,25.95,2013,9,22.81,25.71
116037,Active,1479164,NA,NA,S,1,0,91279.075,21.95,2011,15,18.96,20.95
116038,Active,2060342,NA,NA,S,0,0,105410.625,22.95,2013,37,8.76,13.92
116039,Active,2158422,NA,NA,S,0,0,89121.6,22.95,2008,19,13.83,20.99
116040,Active,3467028,NA,NA,S,0,0,3958,34.99,2015,18,23.33,23.39
116041,Active,1698259,NA,NA,S,0,0,105161.9,24.95,2013,37,11.77,17.81
116042,Active,681500,NA,NA,S,0,0,47315.3,26.99,2007,23,12.1,15.13
116043,Active,204490,NA,NA,S,1,0,2803.75,25.99,2010,70,10.85,14.39
116044,Active,1710759,NA,NA,S,2,1,165369.125,26,2014,17,19.06,23.12
116045,Active,3513371,NA,NA,S,2,1,25948,47,2016,10,49.48,66.49
116046,Active,3513249,NA,NA,S,2,1,5346,58,2016,14,54.94,43.94
116047,Active,152998,NA,NA,S,1,0,431829.88,46,2003,57,4.48,23.98
116048,Active,752202,NA,NA,S,1,0,56297.625,24.95,2009,30,6.48,15.83
116049,Active,677036,NA,NA,S,0,0,42670.25,23.95,2007,58,10.32,16.29
116050,Active,1712483,NA,NA,S,1,0,58829.95,21.95,2009,36,10.43,13.83
116051,Active,3746379,NA,NA,S,1,0,79645.875,58.5,2015,49,21.74,17.34
116052,Active,3746443,NA,NA,S,7,1,40274.45,0,2015,92,36.88,43.98
116053,Active,1737817,NA,NA,S,1,0,115718.3,39.95,2013,19,16.98,25.74
116054,Active,3496281,NA,NA,S,0,0,168362.225,50,2016,12,33.99,44.98
116055,Active,618558,NA,NA,S,4,1,515642.9663,220,2011,55,11.58,78.99
116056,Active,1700963,NA,NA,S,0,0,123719,24,2009,47,4.66,14.48
116057,Active,649905,NA,NA,S,6,1,497236.495,43,2011,20,14.77,35.98
116058,Active,1742403,NA,NA,S,1,0,499311.0788,37,2010,25,23.99,43.99
116059,Active,640502,NA,NA,S,1,0,858029.8525,73.95,2002,34,4.3,56.44
116060,Active,3777366,NA,NA,S,1,0,14521.9,42.99,2015,13,32.98,33.49
116061,Active,3284380,NA,NA,S,0,0,585313,103.83,2004,27,20.86,83.18
116062,Active,878291,NA,NA,S,2,1,572436.75,57.74,2011,26,12.99,74.75
116063,Active,270866,NA,NA,S,1,0,59708.375,50,2009,16,40.68,42.46
116064,Active,247852,NA,NA,S,1,0,94031.9,36.95,2007,24,28,30.23
116065,Active,905323,NA,NA,S,2,1,312656.265,32.95,2014,19,23.83,31.47
116066,Active,652347,NA,NA,S,1,0,69879.275,39.99,2013,22,25.22,24.99
116067,Active,189747,NA,NA,S,0,0,252092.9225,42,2002,53,5.25,10.59
116068,Active,628268,NA,NA,S,1,0,117149.25,34,2010,20,20.98,20.99
116069,Active,546710,NA,NA,S,3,1,13847.0025,164.5,2013,66,46.08,71.08
116070,Active,612574,NA,NA,S,1,0,864701.0713,44.95,2013,29,7.26,30.35
116071,Active,626225,NA,NA,S,0,0,31515.075,30,2011,25,16.27,20.61
116072,Active,684740,NA,NA,S,1,0,50256.7,27,2013,30,8.3,14.72
116073,Active,128668,NA,NA,S,2,1,293783.1738,85,2008,59,12.78,62.68
116074,Active,637160,NA,NA,S,1,0,759080.1138,62.95,2008,31,12.67,49.98
116075,Active,125835,NA,NA,S,0,0,698104.1975,45,1996,42,4.98,13.72
116076,Active,2526974,NA,NA,S,0,0,246857.785,45.95,1991,40,7.79,39.36
116077,Active,108082,NA,NA,S,8,1,59475.8875,261.25,2009,58,41.86,139.37
116078,Active,2604924,NA,NA,S,1,0,599956.0525,34.99,1996,49,4.2,22.93
116079,Active,136891,NA,NA,S,0,0,217049.825,40,2010,13,17.94,24.93
116080,Active,3820594,NA,NA,S,0,0,47055.75,0,2013,11,4,6.63
116081,Active,1982787,NA,NA,S,0,0,123135.7,21,2014,8,20.79,20.9
116082,Active,3799605,NA,NA,S,1,0,122534.8,68.95,2015,15,41.4,41.99
116083,Active,876045,NA,NA,S,5,1,6286.9175,177.95,2014,64,27.76,70.82
116084,Active,876033,NA,NA,S,1,0,572825.2475,69.8,1998,38,9.48,54.71
116085,Active,1718298,NA,NA,S,1,0,246060.1,35,2013,15,22.34,31.08
116086,Active,115771,NA,NA,S,2,1,96073.8275,175,2003,48,24.79,73.28
116087,Active,917030,NA,NA,S,1,0,143725.4,29.95,2009,34,4.04,8.98
116088,Active,293604,NA,NA,S,1,0,149039.75,24.95,2007,52,5.93,17.65
116089,Active,2085641,NA,NA,S,0,0,441765.975,75,2015,11,40.84,42.99
116090,Active,2095670,NA,NA,S,0,0,96386.5,28.95,2015,25,9.77,10.97
116091,Active,1493080,NA,NA,S,0,0,67953.55,24.95,2014,13,23.99,23.6
116092,Active,796418,NA,NA,S,0,0,229875.425,29.99,2008,20,18.74,26.76
116093,Active,644436,NA,NA,S,0,0,126103.5313,173.75,2013,43,13.84,0
116094,Active,641434,NA,NA,S,1,0,196454.0725,53.69,2010,33,11.09,83.98
116095,Active,645862,NA,NA,S,1,0,192438.525,48.75,2011,23,5.91,31.48
116096,Active,635817,NA,NA,S,1,0,835885.6175,118.25,2011,34,4.79,31.39
116097,Active,778587,NA,NA,S,1,0,657708.3463,39.95,2007,17,39.55,39.65
116098,Active,778342,NA,NA,S,1,0,466209.3675,39.95,2006,22,4,20.73
116099,Active,778494,NA,NA,S,1,0,240959.085,51.95,2006,23,39.08,37.49
116100,Active,1633932,NA,NA,S,1,0,35558.1975,39.99,2014,38,18.99,25.48
116101,Active,647079,NA,NA,S,1,0,190334.125,39.99,2012,16,6.99,22.83
116102,Active,1633949,NA,NA,S,1,0,94221.525,39.99,2015,16,23.97,26.05
116103,Active,1633950,NA,NA,S,1,0,67134.475,39.99,2015,10,32.85,32.8
116104,Active,3960193,NA,NA,S,1,0,40048.4,39.99,2015,18,25.53,27.07
116105,Active,1827224,NA,NA,S,0,0,30067.85,38.95,2015,15,34.12,34.12
116106,Active,3624208,NA,NA,S,3,1,163014.275,39.95,2014,9,39.48,38.54
116107,Active,530527,NA,NA,S,3,1,26311.35,24.99,2010,22,15.01,18.75
116108,Active,660867,NA,NA,S,1,0,127485.95,69.99,2013,27,18.09,20.61
116109,Active,631309,NA,NA,S,0,0,512402.6263,65,2009,26,18.22,48.98
116110,Active,637118,NA,NA,S,1,0,785601.1625,35,2009,26,9.06,33.83
116111,Active,3745958,NA,NA,S,3,1,207467.65,49.95,2016,10,49.41,36.45
116112,Active,622381,NA,NA,S,1,0,138150.8,39.99,2007,21,12.56,20.98
116113,Active,618809,NA,NA,S,1,0,12330.3,34.99,2010,32,16.64,21.22
116114,Active,57981,NA,NA,S,1,0,14856.7,24.99,2010,49,5.84,13.98
116115,Active,629110,NA,NA,S,1,0,6604.275,34.99,2013,31,20.29,20.29
116116,Active,686597,NA,NA,S,1,0,12825.6,24.99,2013,23,11.23,14.07
116117,Active,644409,NA,NA,S,1,0,54481.975,39.99,2013,26,21.48,25.58
116118,Active,543061,NA,NA,S,1,0,115142.3975,39.99,2013,32,23.97,27.38
116119,Active,3960050,NA,NA,S,1,0,10096.175,39.99,2015,14,24.97,22.98
116120,Active,3634642,NA,NA,S,1,0,38555.75,54.99,2016,15,22.78,26.67
116121,Active,3634641,NA,NA,S,1,0,26486.925,54.99,2016,16,31.49,31.57
116122,Active,161633,NA,NA,S,1,0,764253.9388,50,2007,42,4.12,25.37
116123,Active,635585,NA,NA,S,1,0,30485.25,39.99,2013,26,8.83,25.7
116124,Active,748952,NA,NA,S,0,0,519407.0313,44.99,2007,31,4,24.53
116125,Active,1780521,NA,NA,S,2,1,69300.45,29.99,2014,17,19.27,14.47
116126,Active,163074,NA,NA,S,3,1,126637.2,29.99,2010,25,4.54,10.46
116127,Active,3634659,NA,NA,S,4,1,126348.7,29.99,2015,16,19.66,19.67
116128,Active,544068,NA,NA,S,3,1,445890.9525,24.99,2013,43,6.93,12.97
116129,Active,1781324,NA,NA,S,1,0,26389.45,29.99,2015,15,19.81,19.54
116130,Active,912536,NA,NA,S,5,1,184691.4438,57.2,2014,25,11.17,47.95
116131,Active,683583,NA,NA,S,1,0,113767.05,24.99,2013,14,13.66,52.03
116132,Active,2092050,NA,NA,S,0,0,56850.3,24.95,2013,16,16.98,18.04
116133,Active,3461851,NA,NA,S,4,1,45803.16,34.99,2015,23,22.16,22.18
116134,Active,196446,NA,NA,S,2,1,288389.5788,72.95,1999,37,4.76,37.64
116135,Active,2089714,NA,NA,S,0,0,111917.725,39,2012,19,37.04,39
116136,Active,1756152,NA,NA,S,1,0,159483.525,28,2009,45,4,9.38
116137,Active,537379,NA,NA,S,10,1,197028.595,217.2,2012,38,21.16,162.95
116138,Active,1459125,NA,NA,S,12,1,453547.0688,29.43,2012,15,18.76,24.64
116139,Active,3473118,NA,NA,S,8,1,72176.325,0,2015,22,32.97,57.03
116140,Active,685996,NA,NA,S,0,0,213268.7,24.95,2012,18,16.9,15.97
116141,Active,1710054,NA,NA,S,0,0,50996.65,21.95,2010,50,6.86,6.98
116142,Active,651038,NA,NA,S,2,1,612333.195,149,2001,43,11.98,61.99
116143,Active,654762,NA,NA,S,0,0,306506.6513,52.08,2008,30,4.24,0
116144,Active,113825,NA,NA,S,4,1,418175.1675,100,2000,59,4,31.92
116145,Active,906526,NA,NA,S,0,0,34415.525,25,2011,17,7.21,13.77
116146,Active,652827,NA,NA,S,1,0,77833.55,34.95,2010,27,27.14,32.73
116147,Active,658272,NA,NA,S,1,0,73860.5,37,2012,15,28.02,29.49
116148,Active,701839,NA,NA,S,1,0,96755.275,33,2009,30,7.98,15.99
116149,Active,1433515,NA,NA,S,0,0,12445.65,26.99,2014,27,10.05,15.07
116150,Active,1437086,NA,NA,S,1,0,34741.975,24,2011,24,8.25,12.51
116151,Active,681084,NA,NA,S,0,0,154796.375,27.95,2007,22,4.99,9.43
116152,Active,1481132,NA,NA,S,13,1,171291.125,23,2012,15,20.42,20.59
116153,Active,265140,NA,NA,S,2,1,408903.75,34.95,2005,26,6.87,60.82
116154,Active,204179,NA,NA,S,1,0,63070.075,73.99,2010,18,48.97,52.65
116155,Active,538765,NA,NA,S,7,1,30987.25875,175.75,2013,86,40.94,92.08
116156,Active,142133,NA,NA,S,7,1,22180.15,0,2010,19,11.94,13.38
116157,Active,1565969,NA,NA,S,0,0,25717.95,24.99,2014,23,13.13,16.99
116158,Active,875869,NA,NA,S,9,1,81817.40625,95.2,2015,31,53.93,84.28
116159,Active,1981382,NA,NA,S,1,0,103064.4,41.95,2014,17,38.11,35.58
116160,Active,2807672,NA,NA,S,2,1,89263.53625,14.95,1981,43,5.79,10.99
116161,Active,2007174,NA,NA,S,0,0,92195.075,29.95,2011,18,29.91,30.68
116162,Active,1491309,NA,NA,S,0,0,122255.525,24.95,2014,11,19.59,19.37
116163,Active,686419,NA,NA,S,1,0,44572.225,24.95,2009,25,21.97,18.95
116164,Active,1647487,NA,NA,S,1,0,158417.375,24.95,2014,7,23.89,23.13
116165,Active,2068533,NA,NA,S,0,0,73796.875,24.95,2009,11,27.47,24.95
116166,Active,2085105,NA,NA,S,0,0,241473.45,29.99,2012,48,6.13,6.92
116167,Active,2586440,NA,NA,S,0,0,542418.3138,34.99,2005,27,14.03,30.31
116168,Active,688012,NA,NA,S,1,0,35379.8,29.99,2012,20,21.63,22.89
116169,Active,793855,NA,NA,S,0,0,505949.5388,49.95,2004,44,4,4.99
116170,Active,663216,NA,NA,S,1,0,58972.975,33.95,2013,16,25.98,32.99
116171,Active,1481933,NA,NA,S,1,0,164100.5,45.4,2008,23,18.86,19.38
116172,Active,687937,NA,NA,S,0,0,58123.125,26.95,2013,52,6.06,7.89
116173,Active,3613694,NA,NA,S,60,1,640505,59.95,1998,28,7.95,59.55
116174,Active,2581395,NA,NA,S,0,0,403799.12,15.95,2000,34,5.08,12.79
116175,Active,2257690,NA,NA,S,7,1,636809.8,113.45,2010,40,37.75,100.25
116176,Active,612271,NA,NA,S,8,1,73233.24125,213,2013,42,46.39,119.59
116177,Active,870831,NA,NA,S,1,0,822683.6813,43.95,1994,40,4,26.69
116178,Active,861353,NA,NA,S,2,1,39071.5075,200,2013,51,23.44,55.14
116179,Active,2272181,NA,NA,S,2,1,127826.9,93.47,1900,23,27.98,49.75
116180,Active,705706,NA,NA,S,1,0,502217.8388,156.25,2011,20,20.49,111.48
116181,Active,243900,NA,NA,S,6,1,738045.315,213.95,2011,30,18.89,63.96
116182,Active,1954159,NA,NA,S,1,0,115385.85,35,2015,16,27.94,28.94
116183,Active,536833,NA,NA,S,2,1,470948.995,128.87,2012,18,14.39,2830.14
116184,Active,2798818,NA,NA,S,0,0,19745.97,21,1990,140,4.45,41.25
116185,Active,1886094,NA,NA,S,0,0,41020.9,0,2013,7,9.46,9.47
116186,Active,922534,NA,NA,S,0,0,1796.03125,14.99,2008,118,5.33,8.27
116187,Active,663450,NA,NA,S,2,1,223324.2013,110.95,2013,36,13.98,63.99
116188,Active,3474876,NA,NA,S,2,1,730061.1,206.4,2009,87,3.88,32.32
116189,Active,1957266,NA,NA,S,1,0,419529.55,70,2013,26,3.85,56.44
116190,Active,288921,NA,NA,S,2,1,783035.8875,97.95,2006,23,8.47,44.37
116191,Active,1621114,NA,NA,S,7,1,209606,85.95,2007,36,5.9,9.98
116192,Active,129309,NA,NA,S,3,1,88693.68,44.95,2010,35,24.98,31.93
116193,Active,2148875,NA,NA,S,0,0,103160.375,27.95,2011,18,18.63,18.62
116194,Active,2135610,NA,NA,S,0,0,40353.3,27.95,2014,16,15.99,13.48
116195,Active,164714,NA,NA,S,1,0,301532.38,218.25,2000,50,23.99,79.98
116196,Active,1908926,NA,NA,S,2,1,245057.58,26.95,2012,20,21.56,25.78
116197,Active,530493,NA,NA,S,10,1,91684.39625,257.95,2014,41,32.3,103.99
116198,Active,162746,NA,NA,S,7,1,614086.2175,155.75,2008,43,14.97,103.51
116199,Active,290871,NA,NA,S,2,1,57766.005,264.95,2005,69,28.93,34.07
116200,Active,212906,NA,NA,S,1,0,453825.9225,55.95,2003,30,11.91,51.94
116201,Active,1753564,NA,NA,S,1,0,146152.9,29.95,2013,16,26.8,29.5
116202,Active,2151863,NA,NA,S,1,0,112263.8,29.95,2014,11,20.51,7.9
116203,Active,749966,NA,NA,S,1,0,203661.35,34.99,2007,31,4.39,9.11
116204,Active,899031,NA,NA,S,0,0,580517.9075,34.95,2012,18,17.58,24.15
116205,Active,665548,NA,NA,S,1,0,211261.225,49.95,2010,22,31.24,39.83
116206,Active,639257,NA,NA,S,0,0,586209.005,48,2009,27,15.1,38.53
116207,Active,2153649,NA,NA,S,0,0,56069.175,29.99,2014,16,23.98,22.6
116208,Active,2153648,NA,NA,S,0,0,107495,26.99,2014,17,7.83,18.99
116209,Active,132369,NA,NA,S,1,0,129841.025,29.2,2008,27,9.84,25.03
116210,Active,2916021,NA,NA,S,1,0,108555.325,29.99,2015,10,27.91,27.91
116211,Active,870097,NA,NA,S,2,1,15553.1375,166.95,2015,91,47.94,123.95
116212,Active,1783596,NA,NA,S,1,0,180814.725,48.95,2013,14,38.36,47.33
116213,Active,2854560,NA,NA,S,1,0,510492.1325,50.95,1996,26,4.13,43.52
116214,Active,290272,NA,NA,S,5,1,717551.0688,162.5,2010,25,6.48,18.94
116215,Active,198355,NA,NA,S,0,0,112935.2,46,2011,15,25.96,41.3
116216,Active,178130,NA,NA,S,1,0,153716.45,140.95,2004,40,9.99,64.07
116217,Active,164947,NA,NA,S,1,0,359939.475,164.13,2002,14,46.01,55.95
116218,Active,924419,NA,NA,S,6,1,283615.4425,99.95,2015,21,33.99,84.56
116219,Active,3490995,NA,NA,S,1,0,154343.15,40,2016,14,38.96,38.99
116220,Active,2022525,NA,NA,S,4,1,55737.225,21.95,2014,11,13.69,16.14
116221,Active,533208,NA,NA,S,3,1,665468.03,17.95,2006,30,4,0
116222,Active,1733227,NA,NA,S,4,1,171893.2,21.95,2012,19,6.34,13.74
116223,Active,2022544,NA,NA,S,10,1,19111.125,21.95,2014,28,9.47,15.67
116224,Active,2022575,NA,NA,S,18,1,54229,21.95,2016,15,14.39,17.82
116225,Active,1733199,NA,NA,S,7,1,89942.375,21.95,2010,30,4,13.15
116226,Active,1733226,NA,NA,S,2,1,66422.55,21.95,2012,24,7.88,15.81
116227,Active,2022562,NA,NA,S,4,1,124477.52,19.95,2015,18,11.5,15.35
116228,Active,2022515,NA,NA,S,6,1,218402.7288,21.95,2013,30,5.5,14.84
116229,Active,2022564,NA,NA,S,14,1,63461.15,21.95,2015,13,14.55,10.98
116230,Active,3793197,NA,NA,S,0,0,183730.875,26.95,2008,33,6.81,18.98
116231,Active,544436,NA,NA,S,1,0,232856.5813,76.95,2012,46,18.61,63.33
116232,Active,858343,NA,NA,S,1,0,401493.365,79.95,2013,20,47.08,52.78
116233,Active,1779409,NA,NA,S,1,0,8366.025,34.99,2013,29,17.77,21.17
116234,Active,1780953,NA,NA,S,1,0,14861.8,35,2014,15,22.86,21.12
116235,Active,651836,NA,NA,S,0,0,278355.3413,65.95,2009,26,17.3,66.15
116236,Active,1720420,NA,NA,S,0,0,173273.225,30,2014,12,18.55,23.15
116237,Active,300438,NA,NA,S,0,0,83144,79.95,2011,22,29.54,79.95
116238,Active,2155427,NA,NA,S,0,0,186344.425,29,2013,12,27.94,25.98
116239,Active,2163257,NA,NA,S,0,0,101475.35,25.08,2012,6,18.51,24.36
116240,Active,2169497,NA,NA,S,3,1,195003.2,22,2014,6,14.98,20.93
116241,Active,665595,NA,NA,S,0,0,14648.075,39,2010,30,23.45,29.17
116242,Active,278699,NA,NA,S,0,0,26803.6,39,2012,33,20.45,32.32
116243,Active,644052,NA,NA,S,0,0,49161.25,39,2008,29,26.96,32.75
116244,Active,1646898,NA,NA,S,2,1,730841.8,29.95,2008,22,6.42,24.96
116245,Active,688629,NA,NA,S,11,1,579417.2625,26.64,2010,8,66.92,201.97
116246,Active,618875,NA,NA,S,1,0,466976.5275,108.95,2003,37,7.24,9.41
116247,Active,639673,NA,NA,S,4,1,104463.6338,93.95,2013,47,22.58,23.68
116248,Active,2274080,NA,NA,S,4,1,392291.45,76,1900,17,29.55,37.88
116249,Active,2363571,NA,NA,S,4,1,161176.8625,99.95,2015,17,45.99,72.25
116250,Active,3479935,NA,NA,S,4,1,15953,54.95,2016,18,45.9,54.95
116251,Active,298001,NA,NA,S,3,1,828996.3813,148.95,2005,50,4,18.9
116252,Active,907220,NA,NA,S,2,1,549983.7663,119.25,2012,22,13.97,49.88
116253,Active,867159,NA,NA,S,14,1,24691.545,102.8,2014,47,42.59,81.49
116254,Active,1482674,NA,NA,S,2,1,573438.7838,112.67,2010,18,12.03,52.9
116255,Active,1933354,NA,NA,S,0,0,731068.905,95.95,2014,19,9.53,17.94
116256,Active,132911,NA,NA,S,3,1,95204.3975,47.95,2009,41,24.8,31.56
116257,Active,626091,NA,NA,S,3,1,763718.13,53.95,2004,38,7.98,17.2
116258,Active,108927,NA,NA,S,2,1,348769.8038,154.56,2005,55,18.26,0
116259,Active,1692100,NA,NA,S,0,0,116036.625,26.99,2014,17,13.99,15.86
116260,Active,115324,NA,NA,S,6,1,480868.2913,95.2,2002,46,4.39,47.96
116261,Active,130578,NA,NA,S,8,1,17581.06875,173.8,2011,84,51.42,88.99
116262,Active,680830,NA,NA,S,0,0,25522.025,24.99,2012,18,6.16,6.16
116263,Active,530462,NA,NA,S,6,1,54560.12375,141.87,2010,58,50.62,78.46
116264,Active,137552,NA,NA,S,9,1,341075.905,156.6,2011,30,4.84,155.6
116265,Active,1703917,NA,NA,S,2,1,106723.8,21.95,2012,20,15.29,14.73
116266,Active,2082183,NA,NA,S,0,0,510104.6575,55,2013,30,18.19,33.42
116267,Active,173736,NA,NA,S,0,0,417170.5413,50.75,2003,54,6.86,32.7
116268,Active,875903,NA,NA,S,3,1,31577.3225,115.8,2015,55,54.71,67.59
116269,Active,906911,NA,NA,S,1,0,818990.2138,52.95,2012,35,13.34,30.75
116270,Active,1718022,NA,NA,S,0,0,164281,31.99,2009,9,30.75,24.17
116271,Active,295947,NA,NA,S,0,0,43238.1,30,2008,29,15.19,21
116272,Active,534560,NA,NA,S,0,0,26096.325,26.95,2008,51,4.98,14.98
116273,Active,860347,NA,NA,S,0,0,185325.275,31,2011,15,21.68,25.98
116274,Active,626118,NA,NA,S,1,0,425477.2188,123,2012,31,13.77,19.39
116275,Active,2471511,NA,NA,S,1,0,301239.2863,98,1996,45,4.12,24.78
116276,Active,1891547,NA,NA,S,1,0,237420.375,29.95,2013,9,23.98,23.98
116277,Active,1918432,NA,NA,S,0,0,153978.5,24.99,2012,18,7.72,8.77
116278,Active,537648,NA,NA,S,3,1,47981.87625,146,2012,53,12.38,60.99
116279,Active,646861,NA,NA,S,1,0,434184.1,181.4,2013,33,32.32,51.99
116280,Active,629315,NA,NA,S,1,0,48358.14375,199.25,2013,52,32.94,60.23
116281,Active,657881,NA,NA,S,1,0,293695.5938,150,2013,45,13.2,86.69
116282,Active,658694,NA,NA,S,1,0,335544.6625,106.8,2013,44,4,10.99
116283,Active,217161,NA,NA,S,0,0,355504.17,43,1996,38,5.37,9.97
116284,Active,566033,NA,NA,S,1,0,799889.5313,19.99,2009,51,4,7.93
116285,Active,669068,NA,NA,S,1,0,104015.475,39,2012,16,24.23,30.17
116286,Active,695124,NA,NA,S,1,0,535956.6513,88.25,2006,39,4.99,41.57
116287,Active,716001,NA,NA,S,1,0,182970.025,57.32,2012,15,31.49,43.98
116288,Active,747315,NA,NA,S,0,0,132227.175,24.95,2008,13,16.3,19.65
116289,Active,680656,NA,NA,S,1,0,89322.325,24.95,2009,30,18.93,19.2
116290,Active,2060044,NA,NA,S,1,0,155002.9,26.99,2009,33,4,5.03
116291,Active,638372,NA,NA,S,1,0,71533.8,45.95,2009,17,37.99,38.08
116292,Active,539978,NA,NA,S,3,1,118261.9263,142.8,2012,55,15.53,43.99
116293,Active,1626071,NA,NA,S,1,0,60958.575,29.95,2014,19,18.87,22.63
116294,Active,639921,NA,NA,S,0,0,22114.875,35.63,2011,24,18.93,18.94
116295,Active,256320,NA,NA,S,1,0,200524.2,34.95,2009,34,7.96,15.85
116296,Active,3522487,NA,NA,S,1,0,165461.75,24.95,2010,67,4,7.64
116297,Active,1532235,NA,NA,S,0,0,5462.3,32.5,2014,23,16.21,16.97
116298,Active,683082,NA,NA,S,0,0,20399.375,25.99,2012,19,18.3,17.21
116299,Active,677967,NA,NA,S,1,0,204896.225,27.95,2009,41,4,12.44
116300,Active,545166,NA,NA,S,9,1,117768.6038,62.99,2010,52,7.94,22.87
116301,Active,2724959,NA,NA,S,1,0,751979.5138,6.21,2004,182,4,6.95
116302,Active,2004771,NA,NA,S,0,0,79129.15,24.95,2011,28,14.26,18.78
116303,Active,2129227,NA,NA,S,0,0,161059.55,49.95,2014,14,22.96,20.37
116304,Active,627564,NA,NA,S,0,0,92274.675,80,2007,23,31.25,34.98
116305,Active,1952865,NA,NA,S,0,0,177444.2,39.99,2013,13,36.55,39.87
116306,Active,1918310,NA,NA,S,0,0,90029.425,24.99,2010,40,12,17.54
116307,Active,3682749,NA,NA,S,1,0,247.025,26.99,2015,44,14.98,14.68
116308,Active,549684,NA,NA,S,1,0,438121.775,85,2010,21,23.89,55.29
116309,Active,3529419,NA,NA,S,0,0,271095.35,79.99,2001,49,4,21.77
116310,Active,797365,NA,NA,S,0,0,101083.215,29.99,2012,27,11,20.8
116311,Active,573834,NA,NA,S,5,1,474751.2825,28.95,1997,73,4,17.95
116312,Active,2159055,NA,NA,S,1,0,193169.15,39,2013,6,38.31,37.99
116313,Active,779130,NA,NA,S,4,1,186251.4288,14.99,2006,54,4,0
116314,Active,536072,NA,NA,S,5,1,158140.755,14.99,2009,40,4,0
116315,Active,1672528,NA,NA,S,0,0,149840.445,16.99,2010,37,4,11.99
116316,Active,2156249,NA,NA,S,0,0,21660.775,27.9,2013,6,28.99,28.99
116317,Active,2597928,NA,NA,S,0,0,556216.4038,115,1991,30,8.63,75.94
116318,Active,1929333,NA,NA,S,0,0,13629.825,24.99,2014,11,17.76,15.88
116319,Active,1991341,NA,NA,S,1,0,124039.525,49.99,2014,10,44.4,44.12
116320,Active,1833515,NA,NA,S,0,0,97909.475,30,2014,30,9.92,10.56
116321,Active,797026,NA,NA,S,0,0,32352,24.99,2013,56,7.11,7.9
116322,Active,806583,NA,NA,S,0,0,10843.9725,7.99,2007,271,4,4.98
116323,Active,639985,NA,NA,S,0,0,2413.25,39.95,2011,13,21.97,23.15
116324,Active,796522,NA,NA,S,0,0,17520.125,29.99,2009,34,15.23,18.73
116325,Active,2031577,NA,NA,S,0,0,57091.2,22.95,2007,45,7.06,8.98
116326,Active,893045,NA,NA,S,0,0,181736.6738,40,2014,17,26.21,29.58
116327,Active,1929314,NA,NA,S,0,0,104270.8,27.99,2013,17,19.16,19.93
116328,Active,2151787,NA,NA,S,0,0,57509.25,29.99,2015,19,19.4,20.67
116329,Active,2065232,NA,NA,S,0,0,52501.675,29.95,2013,22,16,17.37
116330,Active,2065207,NA,NA,S,0,0,59526.5,29.95,2011,32,13.63,18.83
116331,Active,2027023,NA,NA,S,0,0,35854.7,22.5,2012,23,9.98,11.77
116332,Active,2511149,NA,NA,S,1,0,79424.275,75,2002,64,7.03,28.98
116333,Active,1432925,NA,NA,S,1,0,49660.1,28.99,2014,33,18.04,18.06
116334,Active,2150507,NA,NA,S,0,0,235249.475,55,2014,14,23.52,25.12
116335,Active,1780267,NA,NA,S,2,1,93878.25,29.99,2014,15,13.93,14.47
116336,Active,3634894,NA,NA,S,6,1,5399,21.99,2016,14,15.67,15
116337,Active,587801,NA,NA,S,2,1,311365.1375,29.99,2012,34,6.45,6.47
116338,Active,1670794,NA,NA,S,0,0,59313.475,21.99,2013,25,4.97,11.97
116339,Active,201821,NA,NA,S,0,0,583523.84,44.95,2001,29,12.33,35.84
116340,Active,569483,NA,NA,S,1,0,78240.25,176.95,2001,31,35.07,72.22
116341,Active,1716686,NA,NA,S,0,0,90729.775,21.95,2008,20,15.18,15.41
116342,Active,755985,NA,NA,S,1,0,231680,45,2011,19,20.97,27.53
116343,Active,201828,NA,NA,S,1,0,286064.825,52,2000,57,7.62,30.3
116344,Active,890686,NA,NA,S,3,1,87701.51875,17.95,2012,22,13.74,14.61
116345,Active,1718319,NA,NA,S,1,0,74071.825,59,2012,10,31.99,48.92
116346,Active,1753570,NA,NA,S,0,0,95031.2,29.95,2011,26,10.36,19.61
116347,Active,3879916,NA,NA,S,0,0,153338.65,60,2015,16,27.55,21.33
116348,Active,2013436,NA,NA,S,0,0,95568.9,22,2015,7,20.9,20.49
116349,Active,1754768,NA,NA,S,0,0,12630.65,29.95,2012,17,19.46,20.21
116350,Active,747620,NA,NA,S,0,0,772540.4125,35,2005,28,18.54,19.44
116351,Active,2539745,NA,NA,S,1,0,515408.6213,41.95,2001,23,8.99,41.65
116352,Active,1753569,NA,NA,S,2,1,93583.1775,29.95,2008,39,15,40.76
116353,Active,1991390,NA,NA,S,1,0,206920.925,22,2013,12,20.04,21.96
116354,Active,865584,NA,NA,S,5,1,555088.1588,29.95,2013,20,20.13,22.07
116355,Active,702507,NA,NA,S,1,0,84102.4,50,2014,20,20.3,32.79
116356,Active,3824814,NA,NA,S,0,0,114916.175,64.95,2015,9,43.11,38.69
116357,Active,3490102,NA,NA,S,0,0,110630.775,50,2016,14,30.28,36.4
116358,Active,667896,NA,NA,S,2,1,578607.9188,43.95,2011,27,15.24,38.96
116359,Active,733092,NA,NA,S,1,0,321235.4113,24.95,2005,77,4,17.63
116360,Active,1759015,NA,NA,S,0,0,164543.975,30,2015,11,20.66,23.18
116361,Active,1918388,NA,NA,S,0,0,96370.625,24.99,2012,18,7.8,10.18
116362,Active,3583388,NA,NA,S,0,0,26648.15,35,2010,22,18.77,23.27
116363,Active,534720,NA,NA,S,0,0,62.3675,15.99,2013,210,6.3,9.52
116364,Active,3960070,NA,NA,S,0,0,8029.075,24.99,2012,34,11.49,15.76
116365,Active,1870804,NA,NA,S,0,0,196155.4,30,2014,23,11.2,15.44
116366,Active,638462,NA,NA,S,2,1,659081.11,245,1993,38,16.49,94.61
116367,Active,3741266,NA,NA,S,6,1,67415,34,2016,15,28.19,28.22
116368,Active,860768,NA,NA,S,2,1,508448.36,110,2012,28,14.89,57.21
116369,Active,3824895,NA,NA,S,0,0,220817.95,60,2011,21,36.43,39.24
116370,Active,1831221,NA,NA,S,0,0,132307.425,22.99,2015,38,4,4
116371,Active,1549936,NA,NA,S,2,1,118956.8,29.95,2011,14,23.96,25.45
116372,Active,678458,NA,NA,S,1,0,113244.25,27.95,2012,47,4.95,7.14
116373,Active,2602094,NA,NA,S,0,0,743188.1138,54.99,1995,19,11.09,41.52
116374,Active,1720949,NA,NA,S,2,1,405879.1513,35,2006,17,18.98,24.75
116375,Active,127216,NA,NA,S,1,0,785838.0463,74,2007,88,3.99,6.72
116376,Active,1624035,NA,NA,S,0,0,68294.5,30,2014,13,18.76,22.16
116377,Active,1624830,NA,NA,S,0,0,37818.125,28.95,2015,20,18.33,19.24
116378,Active,676796,NA,NA,S,1,0,164731.175,24.99,2008,55,4.49,11.87
116379,Active,1526864,NA,NA,S,1,0,68364.425,23,2014,24,8.27,8.98
116380,Active,1710987,NA,NA,S,0,0,212828.525,24,2008,26,4,13.33
116381,Active,2046483,NA,NA,S,0,0,86712.25,23.99,2014,37,4,6.48
116382,Active,2109924,NA,NA,S,0,0,578556.2825,9.99,2009,29,4.07,8.99
116383,Active,2607921,NA,NA,S,0,0,695477.0675,27.99,2005,27,4.49,18.99
116384,Active,644616,NA,NA,S,1,0,74545.775,33.95,2012,24,25.39,27.98
116385,Active,3477024,NA,NA,S,0,0,277186.6,59.95,2010,70,6.32,32.25
116386,Active,1694906,NA,NA,S,1,0,45841.2,26,2015,64,7.44,10.74
116387,Active,673243,NA,NA,S,0,0,14462.275,25,2013,22,21.75,22.55
116388,Active,2066285,NA,NA,S,1,0,30470.95625,17.95,2013,58,9.01,14.26
116389,Active,1665880,NA,NA,S,0,0,93134.09125,24.99,2008,87,6.99,53.85
116390,Active,1495930,NA,NA,S,0,0,38509.725,24.99,2010,29,18.99,73.56
116391,Active,1500572,NA,NA,S,0,0,70307.275,21.99,2008,21,5.91,13.29
116392,Active,1455668,NA,NA,S,3,1,140011.4588,175.33,2015,41,13.62,78.8
116393,Active,1855187,NA,NA,S,0,0,162513.05,38,2011,16,27.99,32
116394,Active,690503,NA,NA,S,0,0,102037.65,27,2011,20,25.94,26
116395,Active,634278,NA,NA,S,2,1,489614.1038,86.95,2012,39,13.11,61.89
116396,Active,763886,NA,NA,S,1,0,686998.265,61.95,2001,26,4,7.68
116397,Active,535037,NA,NA,S,4,1,42651.5125,183.95,2013,50,7.49,50.32
116398,Active,680617,NA,NA,S,2,1,48815.4,23,2010,19,13.18,22.11
116399,Active,859531,NA,NA,S,0,0,63036.825,23.95,2007,22,19.3,21.58
116400,Active,867023,NA,NA,S,9,1,50318.2125,125.95,2014,56,53.99,70.73
116401,Active,1701667,NA,NA,S,0,0,128637.25,34.95,2015,10,34.33,34.94
116402,Active,1777991,NA,NA,S,1,0,23097.25,29.95,2012,61,9.78,17.98
116403,Active,1762992,NA,NA,S,1,0,95233.925,30,2014,69,4.48,12.48
116404,Active,657899,NA,NA,S,17,1,15678.015,119.4,2013,73,32.08,78.24
116405,Active,619550,NA,NA,S,6,1,52889.18375,169.95,2013,61,8.79,71.38
116406,Active,904218,NA,NA,S,2,1,330786.2575,58,2014,17,4.3,37.71
116407,Active,645937,NA,NA,S,0,0,160700.4,55,2011,26,30.89,32.91
116408,Active,671355,NA,NA,S,1,0,481610.15,66.95,2009,23,3.85,41.84
116409,Active,2085765,NA,NA,S,0,0,51301.625,62.99,2013,17,29.99,34.23
116410,Active,2080707,NA,NA,S,1,0,15184.925,21,2009,24,12.46,15.71
116411,Active,1918436,NA,NA,S,0,0,64207.225,26.99,2013,16,14.29,18.66
116412,Active,2063791,NA,NA,S,0,0,518746.0575,49.95,2012,20,19.41,39.95
116413,Active,1480520,NA,NA,S,1,0,135050.775,34.95,2013,22,13.96,34.25
116414,Active,768192,NA,NA,S,0,0,144655.25,35,2013,34,6.63,6.78
116415,Active,1720467,NA,NA,S,0,0,82520.025,40,2008,17,27.99,21.16
116416,Active,3073739,NA,NA,S,1,0,785899.795,48.95,2005,43,6.7,25.48
116417,Active,199164,NA,NA,S,0,0,293874.175,87,2003,42,3.85,35
116418,Active,1696690,NA,NA,S,1,0,64897.2,49.95,2015,26,22.98,24.98
116419,Active,1631690,NA,NA,S,1,0,89679.575,34.99,2007,38,8.92,18.98
116420,Active,688452,NA,NA,S,0,0,95203.25,24.99,2013,20,8.76,15.16
116421,Active,679317,NA,NA,S,0,0,115211.575,28,2007,27,9.15,25.03
116422,Active,1634360,NA,NA,S,2,1,112441.975,22.95,2007,63,5.37,11.09
116423,Active,2526749,NA,NA,S,1,0,183368.5713,43.95,1981,65,22.66,27.19
116424,Active,1918546,NA,NA,S,0,0,59411.775,24.99,2014,15,18.44,18.23
116425,Active,1687585,NA,NA,S,1,0,205016.25,24.95,2007,28,13.09,16.65
116426,Active,646652,NA,NA,S,0,0,76705.675,59.95,2004,15,47.13,37.98
116427,Active,2110027,NA,NA,S,0,0,98619.925,29.95,2014,14,13.13,18.36
116428,Active,1763029,NA,NA,S,0,0,44270.875,24.99,2014,59,8.97,12.72
116429,Active,511828,NA,NA,S,0,0,454529.6663,33,2008,19,21.99,63.96
116430,Active,592224,NA,NA,S,3,1,870612.475,51.95,2006,26,6.43,45.65
116431,Active,2093287,NA,NA,S,0,0,37045.075,25.95,2014,16,15.85,16.68
116432,Active,686633,NA,NA,S,1,0,242012.05,26.95,2013,23,8.59,17.6
116433,Active,2011271,NA,NA,S,0,0,39736.75,24.99,2012,18,16.25,16.75
116434,Active,3566378,NA,NA,S,0,0,78293.3,21.99,2014,27,6.25,14.92
116435,Active,2065481,NA,NA,S,0,0,18955.55,39.95,2014,14,31.96,28.86
116436,Active,687328,NA,NA,S,0,0,69990.175,29.95,2013,16,21.24,21.83
116437,Active,3731224,NA,NA,S,1,0,110576.8,60,2007,40,11.14,42.79
116438,Active,2135145,NA,NA,S,0,0,110272.075,45,2013,14,27.99,27.06
116439,Active,2135112,NA,NA,S,0,0,161440.1,45,2010,23,17.98,23.13
116440,Active,2497510,NA,NA,S,0,0,407790.74,27,1999,62,4,8.97
116441,Active,2151620,NA,NA,S,1,0,95052.45,49.95,2014,13,38.99,44.56
116442,Active,633254,NA,NA,S,1,0,56247.925,34.95,2010,17,20.45,23.72
116443,Active,1431376,NA,NA,S,0,0,45078.15,26.99,2010,61,9.4,10.14
116444,Active,1966601,NA,NA,S,0,0,175705.925,34.95,2014,15,26.32,23.93
116445,Active,682095,NA,NA,S,0,0,79257.2,29.95,2012,24,17.99,20.67
116446,Active,139274,NA,NA,S,2,1,559736.4938,45,2007,36,11.18,30
116447,Active,627296,NA,NA,S,1,0,127748.075,90,2008,28,24.55,61.76
116448,Active,625374,NA,NA,S,0,0,47493.5,59.99,2007,29,23.06,38.82
116449,Active,477782,NA,NA,S,1,0,32904.375,23.99,2010,29,12.86,17.97
116450,Active,2111659,NA,NA,S,0,0,173289.85,29.95,2014,12,20.99,21.52
116451,Active,3882938,NA,NA,S,0,0,131479.7,69.99,1900,11,39.44,51.28
116452,Active,663255,NA,NA,S,2,1,565747.6,34.95,2013,22,14.03,23.76
116453,Active,655633,NA,NA,S,9,1,840448.2238,49.99,2010,21,13.03,103.47
116454,Active,627924,NA,NA,S,1,0,84269.2,90,2012,14,50.37,54.71
116455,Active,678724,NA,NA,S,0,0,12094.525,26.99,2011,28,16.39,17.57
116456,Active,687998,NA,NA,S,0,0,30880.375,27.99,2012,19,11.13,17.83
116457,Active,2128983,NA,NA,S,0,0,116576.25,42.95,2009,18,17.04,24.91
116458,Active,3802557,NA,NA,S,0,0,246983.875,75,2013,17,37.56,37.61
116459,Active,1724573,NA,NA,S,0,0,126859.8,55,2015,24,25.15,24.69
116460,Active,628683,NA,NA,S,1,0,148357.7,144.6,2010,27,20.99,144.6
116461,Active,2228304,NA,NA,S,0,0,208125.5,39.95,2014,9,28.39,26.01
116462,Active,477779,NA,NA,S,0,0,139791.2,23.99,2008,31,5.43,6.35
116463,Active,2135609,NA,NA,S,0,0,71886.2,27.95,2014,19,20.73,20.74
116464,Active,346491,NA,NA,S,2,1,83171.025,21.95,2010,36,12.58,13.23
116465,Active,2167532,NA,NA,S,1,0,6242.9,21.95,2015,20,14.92,14.92
116466,Active,582279,NA,NA,S,1,0,65007.525,35,2012,17,24.27,30.66
116467,Active,1718455,NA,NA,S,1,0,65223.55,35,2014,14,19.37,21.08
116468,Active,1718523,NA,NA,S,1,0,139790.425,35,2013,20,15.99,21.8
116469,Active,652538,NA,NA,S,1,0,128287.675,35,2012,18,27.98,33.88
116470,Active,1718522,NA,NA,S,1,0,86726.775,35,2014,13,31.19,31.19
116471,Active,1718433,NA,NA,S,1,0,64029.075,35,2014,15,19.37,21.07
116472,Active,1718462,NA,NA,S,2,1,78550.4,35,2015,12,31.21,33.54
116473,Active,102599,NA,NA,S,1,0,73238.86625,14.99,2005,625,4,6.59
116474,Active,1704322,NA,NA,S,1,0,77046.975,24.95,2010,67,5.58,10.98
116475,Active,1434344,NA,NA,S,1,0,55709.725,25.99,2015,14,15.43,17.14
116476,Active,1967676,NA,NA,S,0,0,152625.7,22.95,2012,7,21.64,22.8
116477,Active,634747,NA,NA,S,1,0,172750.625,52.95,2009,18,24.98,43.98
116478,Active,2021308,NA,NA,S,0,0,69516.125,35,2008,29,17.55,22.07
116479,Active,1942112,NA,NA,S,1,0,61791.3,21.95,2012,16,14.69,15.18
116480,Active,1710598,NA,NA,S,2,1,82537.325,25,2011,17,21.69,22.17
116481,Active,2167525,NA,NA,S,0,0,69304.7,29.95,2014,17,19.79,22.76
116482,Active,755920,NA,NA,S,1,0,182911.975,27.95,2011,40,4,7.43
116483,Active,3806338,NA,NA,S,0,0,64890.3,49.99,2015,15,33.16,33.34
116484,Active,1625677,NA,NA,S,0,0,131735.175,32.95,2015,16,26.49,27.36
116485,Active,3796258,NA,NA,S,1,0,1959.375,27.95,2015,61,15.07,17.91
116486,Active,153924,NA,NA,S,2,1,62370.975,20.5,2008,31,12.2,17.71
116487,Active,1693139,NA,NA,S,1,0,182206.1,26.95,2015,13,19.41,20.97
116488,Active,1929339,NA,NA,S,0,0,127138.35,22.99,2014,20,12.08,15.36
116489,Active,1645988,NA,NA,S,0,0,232317.225,22,2012,36,4,4
116490,Active,1529628,NA,NA,S,0,0,116337.225,24.95,2009,10,16.7,16.7
116491,Active,2149002,NA,NA,S,0,0,43818.175,29.95,2009,15,20.57,20.63
116492,Active,57368,NA,NA,S,0,0,141663.4413,86,2000,61,6.14,26.46
116493,Active,57367,NA,NA,S,3,1,9939.3725,142,2010,79,47.14,73.99
116494,Active,2058094,NA,NA,S,1,0,163931.425,21.99,2009,45,4,7.94
116495,Active,1684128,NA,NA,S,0,0,26703.075,29.99,2012,32,18.94,19.36
116496,Active,408493,NA,NA,S,0,0,138890.825,24.95,2009,29,8.93,14.59
116497,Active,2103744,NA,NA,S,0,0,58586.4,24.95,2014,33,9.53,9.52
116498,Active,673838,NA,NA,S,0,0,46821.35,30.63,2013,13,19.96,28.98
116499,Active,1468215,NA,NA,S,1,0,367642.915,50,2007,46,4,14.58
116500,Active,1938507,NA,NA,S,0,0,82442.45,35,2013,31,10.4,14.41
116501,Active,1623965,NA,NA,S,0,0,195453.075,40,2014,11,15.94,14.84
116502,Active,1623944,NA,NA,S,1,0,543881.565,45,2009,41,8.36,24.14
116503,Active,1624141,NA,NA,S,0,0,147965.45,25,2014,15,15.94,18.25
116504,Active,3547700,NA,NA,S,0,0,559906.05,45,2011,69,7,26.99
116505,Active,1624142,NA,NA,S,0,0,61333.675,25,2014,13,18.93,19.76
116506,Active,684523,NA,NA,S,3,1,67377.975,23.95,2010,14,14.31,17.89
116507,Active,133149,NA,NA,S,7,1,79967.21125,153,2010,55,23.09,59.36
116508,Active,1702285,NA,NA,S,0,0,601001.695,99,2014,19,4.82,98.97
116509,Active,669229,NA,NA,S,6,1,369167.5625,40.95,2009,19,4.45,0
116510,Active,3581560,NA,NA,S,0,0,53919,77,2015,92,22.59,68.99
116511,Active,2087268,NA,NA,S,0,0,103142.25,37,2013,11,24.49,36.34
116512,Active,2045540,NA,NA,S,2,1,616391.9038,19.95,2006,34,4.76,45.49
116513,Active,674265,NA,NA,S,0,0,97485.31375,8,2010,95,4,0
116514,Active,1616821,NA,NA,S,0,0,201557.45,34.95,2008,14,27.09,34.94
116515,Active,682830,NA,NA,S,5,1,51622.8,21.95,2011,18,17.78,19.76
116516,Active,865507,NA,NA,S,0,0,891736.0725,57,2014,17,10.14,103.79
116517,Active,616527,NA,NA,S,0,0,819165.8213,48,2012,52,4.85,22.49
116518,Active,1942346,NA,NA,S,0,0,712908.5788,55,2014,47,5.98,20.33
116519,Active,3745980,NA,NA,S,0,0,82473,58,2015,6,42.99,50.33
116520,Active,910899,NA,NA,S,0,0,538541.7963,55,2014,36,4.99,23.41
116521,Active,623363,NA,NA,S,0,0,751939.295,39,2012,48,4,0
116522,Active,900497,NA,NA,S,0,0,433568.7,61,2015,26,6.48,59.17
116523,Active,3808670,NA,NA,S,0,0,136756.25,65,2015,17,31.94,48.98
116524,Active,663245,NA,NA,S,0,0,878170.05,84.95,2013,30,5.92,20.97
116525,Active,914288,NA,NA,S,3,1,198767.7975,89.95,2014,27,5.04,33.99
116526,Active,3581558,NA,NA,S,0,0,214437.575,95,2015,17,28.99,73.69
116527,Active,922394,NA,NA,S,0,0,156702.6488,252,2014,58,6.18,14.48
116528,Active,637585,NA,NA,S,0,0,237106.2913,240,2013,118,3.93,18.26
116529,Active,2604364,NA,NA,S,2,1,684550.3563,34.99,2004,28,12.97,31.72
116530,Active,599513,NA,NA,S,1,0,134973.525,183,2012,27,35.48,35.44
116531,Active,639267,NA,NA,S,6,1,807899.0625,209,2009,43,4.32,68.31
116532,Active,649913,NA,NA,S,1,0,383026.08,49.95,2011,30,13.09,45.28
116533,Active,3794890,NA,NA,S,1,0,79430.75,21.99,2015,18,7.78,8.81
116534,Active,686650,NA,NA,S,1,0,7420.7,24.95,2013,20,16.37,17.51
116535,Active,556564,NA,NA,S,1,0,202991.3788,66.67,1977,34,12.04,43.98
116536,Active,655050,NA,NA,S,1,0,130451.375,51,2013,20,41.45,40.97
116537,Active,1484001,NA,NA,S,0,0,144074.525,27.5,2015,13,26.98,22.24
116538,Active,620578,NA,NA,S,1,0,318378.9563,48.95,2003,36,19.16,41.13
116539,Active,2554835,NA,NA,S,0,0,194497.995,15,1993,214,4,9.98
116540,Active,2437062,NA,NA,S,0,0,491302.995,57.5,2000,24,6.29,32.85
116541,Active,1507672,NA,NA,S,1,0,26361.4,26,2008,27,14.85,16.96
116542,Active,1625505,NA,NA,S,0,0,58872.75,20.5,2009,14,18.77,15.06
116543,Active,3604912,NA,NA,S,0,0,90910.625,25,2010,15,28.33,22.35
116544,Active,2394528,NA,NA,S,0,0,287491.4025,17,1995,54,4,11.33
116545,Active,1736208,NA,NA,S,0,0,201095.275,29.99,2009,16,12.33,92.21
116546,Active,618799,NA,NA,S,0,0,449495.5525,43.95,1990,56,10.33,39.48
116547,Active,881449,NA,NA,S,2,1,20281.73,24.95,2014,32,20.5,23.7
116548,Active,3232008,NA,NA,S,0,0,610677,65.26,2000,15,21.68,33.98
116549,Active,2647991,NA,NA,S,1,0,656415.5088,52.95,1999,33,5.65,35.99
116550,Active,1925627,NA,NA,S,0,0,128790.35,32.95,2012,29,21.94,25.94
116551,Active,2533854,NA,NA,S,2,1,601062.4025,58.95,1998,43,4.54,50.17
116552,Active,1490068,NA,NA,S,0,0,198665.75,28,2011,15,20.83,21.03
116553,Active,533740,NA,NA,S,9,1,11296.32,178,2011,57,45.97,73.48
116554,Active,597130,NA,NA,S,1,0,632129.5438,50.95,1993,31,5.57,79.85
116555,Active,620306,NA,NA,S,0,0,42443.925,40.25,2007,13,27.99,28.58
116556,Active,1587890,NA,NA,S,1,0,420417.9463,44.99,2006,45,5.78,27.97
116557,Active,1489732,NA,NA,S,1,0,42369.575,27,2013,16,20.15,21.37
116558,Active,56073,NA,NA,S,2,1,49756.135,22,2000,27,17.92,62.53
116559,Active,687113,NA,NA,S,1,0,130665.275,24.95,2009,15,19.28,17.95
116560,Active,2773916,NA,NA,S,0,0,563659.1275,49.95,1992,21,18.94,74.85
116561,Active,257110,NA,NA,S,0,0,77929.15,25,2008,26,4.71,16.52
116562,Active,2165592,NA,NA,S,0,0,32079.575,21.95,2011,28,11.99,17.05
116563,Active,782136,NA,NA,S,2,1,276819.9275,39.99,2012,21,29.8,29.84
116564,Active,2088357,NA,NA,S,0,0,1238.25,24.95,2014,11,16.98,15.02
116565,Active,2231410,NA,NA,S,0,0,131564.65,26.95,2015,9,35.98,24.3
116566,Active,1660764,NA,NA,S,0,0,158047.425,75,2014,17,39.24,39.25
116567,Active,685100,NA,NA,S,2,1,178671.0925,28.95,2010,22,19.09,19.86
116568,Active,743305,NA,NA,S,5,1,640019.4663,41.95,2001,25,4,66.45
116569,Active,1492795,NA,NA,S,0,0,218184.575,25,2008,19,20.41,22.22
116570,Active,623407,NA,NA,S,1,0,356499.1713,45.95,2008,28,4,21.98
116571,Active,1523650,NA,NA,S,0,0,91064.25,25,2012,31,8.48,7.07
116572,Active,2070710,NA,NA,S,0,0,225575.225,25.99,2013,35,4,6.47
116573,Active,635805,NA,NA,S,1,0,171856.12,45,2011,21,23.98,28.43
116574,Active,915870,NA,NA,S,2,1,899104.3625,82,2014,17,11.01,11.17
116575,Active,701516,NA,NA,S,1,0,30859.125,26,2010,20,14.88,17.75
116576,Active,1780929,NA,NA,S,1,0,56443,24.99,2014,17,17.23,11.65
116577,Active,909944,NA,NA,S,0,0,82230.225,22,2009,27,13.34,14.49
116578,Active,1576464,NA,NA,S,1,0,259416.64,34.95,2012,20,17.55,26.11
116579,Active,2081810,NA,NA,S,0,0,107641.6,45,2011,12,30.49,41.97
116580,Active,1576330,NA,NA,S,1,0,190334.475,28.95,2011,18,10.59,16.93
116581,Active,1576666,NA,NA,S,0,0,60503.1,26.95,2014,8,18.24,18.74
116582,Active,1634364,NA,NA,S,2,1,164315.85,24.95,2008,42,4,17.47
116583,Active,683622,NA,NA,S,0,0,144981.975,25,2012,41,12.69,25
116584,Active,269281,NA,NA,S,1,0,77125.86,16,2006,280,4,6.68
116585,Active,210585,NA,NA,S,0,0,178470.425,22.95,2008,24,8.36,13.5
116586,Active,208795,NA,NA,S,1,0,502270.9713,39.95,2011,25,11.74,41.9
116587,Active,687291,NA,NA,S,0,0,53448.8,25,2013,22,16.94,18.56
116588,Active,1648830,NA,NA,S,1,0,216748.1,34.95,2015,14,26.12,23.19
116589,Active,668223,NA,NA,S,0,0,580556.3675,53,2012,44,10.99,35.11
116590,Active,1831216,NA,NA,S,0,0,41325.025,24.99,2014,21,7.43,10.54
116591,Active,1830684,NA,NA,S,1,0,62089.925,28,2014,30,9.73,11.85
116592,Active,746337,NA,NA,S,1,0,49312.8,35,2010,63,4.74,11.13
116593,Active,791180,NA,NA,S,1,0,85129.525,25,2009,38,4,13.94
116594,Active,1965755,NA,NA,S,0,0,110663.3,29.99,2012,8,27.23,29.86
116595,Active,1980950,NA,NA,S,0,0,108948.775,29.99,2013,10,30.78,28.56
116596,Active,1948301,NA,NA,S,0,0,41667.525,29.99,2011,9,25.55,22.21
116597,Active,2027043,NA,NA,S,0,0,18121.225,24.95,2012,32,11.9,18.46
116598,Active,2026870,NA,NA,S,0,0,21076.9,24.95,2008,50,6.94,11.98
116599,Active,2026962,NA,NA,S,0,0,20013.075,24.95,2010,28,10.83,10.96
116600,Active,546179,NA,NA,S,0,0,33003.1,29.95,2011,23,14.68,26.63
116601,Active,3511121,NA,NA,S,0,0,372116.35,55,2012,69,16.58,23.25
116602,Active,3511501,NA,NA,S,0,0,56387.75,80.85,2013,21,36.4,40.77
116603,Active,1455101,NA,NA,S,5,1,8357.34125,56,2015,30,32.99,41.97
116604,Active,917305,NA,NA,S,0,0,559327.7013,45,1997,37,4.13,16.49
116605,Active,1859568,NA,NA,S,0,0,105999.15,21.99,2012,27,7.16,7.47
116606,Active,734996,NA,NA,S,1,0,83094.625,26.99,2010,30,12.05,57.35
116607,Active,1784011,NA,NA,S,1,0,110285.825,28,2014,21,7.86,8.98
116608,Active,264605,NA,NA,S,1,0,220878.3,22.95,2011,27,4.96,11.48
116609,Active,1716078,NA,NA,S,0,0,119201.95,23.95,2014,10,23.31,21.01
116610,Active,2822983,NA,NA,S,1,0,773535.5338,25,2005,21,17.6,21.27
116611,Active,128948,NA,NA,S,0,0,691045.5913,55,2004,13,17.09,58.71
116612,Active,637846,NA,NA,S,0,0,3913.95,39.95,2011,23,26.18,26.18
116613,Active,606390,NA,NA,S,0,0,92253.2175,34.99,2010,26,16.86,45.51
116614,Active,689704,NA,NA,S,0,0,105914.45,24.99,2011,22,8.09,18.19
116615,Active,671917,NA,NA,S,1,0,99966.7,24.99,2014,19,13.3,17.73
116616,Active,683032,NA,NA,S,0,0,52713.275,24.99,2013,24,17.63,16.23
116617,Active,1694311,NA,NA,S,0,0,383812.6588,32,2009,21,20.59,26.42
116618,Active,1626501,NA,NA,S,0,0,200721.6,27.99,2007,19,18.99,19.63
116619,Active,635158,NA,NA,S,0,0,103980.55,34.95,2009,36,13.19,22.97
116620,Active,684210,NA,NA,S,0,0,127776.525,25,2012,23,10.11,13.97
116621,Active,645897,NA,NA,S,1,0,506997.065,42.95,2012,27,10.91,24.87
116622,Active,686566,NA,NA,S,2,1,141238.125,24.95,2013,20,19.96,21.13
116623,Active,135397,NA,NA,S,0,0,7198.2,32,2009,28,23.98,24.34
116624,Active,572540,NA,NA,S,1,0,62673.1675,57.95,2000,25,28.69,34.1
116625,Active,355562,NA,NA,S,1,0,785966.4263,84.95,2000,39,9.91,38.99
116626,Active,685365,NA,NA,S,1,0,145362.675,29.95,2012,18,19.37,23.05
116627,Active,679918,NA,NA,S,2,1,43244.4,20.95,2010,35,10.36,15.23
116628,Active,1760984,NA,NA,S,0,0,143782.225,27.95,2014,18,19.65,20.21
116629,Active,1500365,NA,NA,S,0,0,795090.2138,7.99,2010,34,4,25.44
116630,Active,2217621,NA,NA,S,0,0,83250.65,36.42,2010,13,36.23,36.94
116631,Active,1763039,NA,NA,S,0,0,26134.175,34.99,2015,26,21.48,20.97
116632,Active,195753,NA,NA,S,0,0,16481.275,14.99,2002,38,17.72,53.98
116633,Active,2217619,NA,NA,S,0,0,57166.975,21.3,2008,14,26.59,20.67
116634,Active,1496592,NA,NA,S,0,0,51289.4,24.99,2012,39,13.69,16
116635,Active,3619365,NA,NA,S,1,0,603430.45,39,1992,32,70.16,212.99
116636,Active,530401,NA,NA,S,3,1,567003.195,34.99,2012,20,11.97,24.84
116637,Active,2164212,NA,NA,S,2,1,718139.4725,19.95,2014,16,16.81,115.23
116638,Active,161149,NA,NA,S,6,1,545766.2775,22,2010,52,5.38,22.97
116639,Active,51724,NA,NA,S,3,1,50907.15625,321.6,2010,67,21.99,38.98
116640,Active,162545,NA,NA,S,6,1,866346.6413,332.31,2010,16,18.82,282.46
116641,Active,627004,NA,NA,S,1,0,76053.575,62.5,2008,12,39.98,35.01
116642,Active,889126,NA,NA,S,18,1,497456.545,59.39,2014,16,15.99,29.99
116643,Active,866808,NA,NA,S,3,1,121862.9925,321.6,2014,48,23.24,93.98
116644,Active,866807,NA,NA,S,10,1,11769.2825,321.6,2014,90,22.47,78.97
116645,Active,670129,NA,NA,S,17,1,533618.57,35.95,2012,33,4,43.35
116646,Active,679577,NA,NA,S,1,0,15478.9,24.99,2011,22,11.27,11.28
116647,Active,535818,NA,NA,S,7,1,4466.74375,346,2012,165,8.54,90.02
116648,Active,2268340,NA,NA,S,2,1,743933.9975,97.67,2012,38,10.89,84.94
116649,Active,861366,NA,NA,S,1,0,166467.2963,111.95,2013,47,33.59,53.99
116650,Active,549734,NA,NA,S,1,0,67419.325,35,2011,28,8.45,15.55
116651,Active,680799,NA,NA,S,2,1,3655.925,30,2013,34,14.44,16.53
116652,Active,250894,NA,NA,S,0,0,12932.025,32,2008,30,15.92,18.49
116653,Active,250893,NA,NA,S,0,0,59279.725,32,2008,22,14.44,18.69
116654,Active,577632,NA,NA,S,4,1,510332.9988,88.19,1999,25,4.4,45.15
116655,Active,872124,NA,NA,S,3,1,32399.44,149.2,2015,59,29.85,63.99
116656,Active,539642,NA,NA,S,2,1,513541.1875,233.29,2010,17,33.32,61.61
116657,Active,155642,NA,NA,S,2,1,577067.99,73.25,2004,27,4.58,61.95
116658,Active,367126,NA,NA,S,3,1,256050.4888,74.99,2006,50,11.53,31.62
116659,Active,530378,NA,NA,S,4,1,30669.25875,278.6,2012,60,52.02,237.38
116660,Active,879549,NA,NA,S,13,1,182591.85,103.98,2009,32,27.85,103.98
116661,Active,277119,NA,NA,S,2,1,747358.1088,59.95,2008,24,13.69,23.99
116662,Active,2167207,NA,NA,S,0,0,394995.5,999.11,1900,13,38.62,149.99
116663,Active,699413,NA,NA,S,5,1,135117.6413,48.18,2012,19,30.64,42.88
116664,Active,1718469,NA,NA,S,1,0,243762.525,70,2014,24,44.15,66.27
116665,Active,672995,NA,NA,S,1,0,20852.15,22,2013,51,6.46,6.47
116666,Active,2089167,NA,NA,S,0,0,119768.075,29.95,2012,19,18.96,29.67
116667,Active,1979614,NA,NA,S,0,0,228925.9,29.99,2011,7,31.12,28.44
116668,Active,755990,NA,NA,S,1,0,172886.975,49.95,2011,22,20.89,22.54
116669,Active,922405,NA,NA,S,1,0,114458.15,26,2008,55,4,10.44
116670,Active,2286877,NA,NA,S,3,1,46577.225,0,2014,0,0,7.48
116671,Active,1720593,NA,NA,S,0,0,79968.575,22,2007,47,4.15,16.35
116672,Active,1520192,NA,NA,S,0,0,34129.35,30,2013,16,26.26,28.29
116673,Active,2016589,NA,NA,S,1,0,46739.475,25.95,2007,24,14.65,14.23
116674,Active,2100856,NA,NA,S,1,0,126234.825,27.99,2015,41,4,8.58
116675,Active,1520245,NA,NA,S,0,0,76048,25,2013,20,21.48,23.74
116676,Active,2030464,NA,NA,S,0,0,232461.775,24,2008,16,10.83,12.79
116677,Active,1682933,NA,NA,S,0,0,10558.875,22.99,2015,15,16.41,16.41
116678,Active,162512,NA,NA,S,1,0,62546.75,25.95,2008,35,4.77,16.74
116679,Active,3623727,NA,NA,S,1,0,246255.425,0,2013,22,5.36,45.98
116680,Active,1784040,NA,NA,S,1,0,90685.725,26,2015,16,11.99,5.97
116681,Active,2169668,NA,NA,S,0,0,58814.45,22,2014,17,15.41,15.2
116682,Active,860060,NA,NA,S,1,0,92939.275,39.95,2010,25,24.41,24.98
116683,Active,683233,NA,NA,S,2,1,242327.625,21.95,2010,8,9.93,7.52
116684,Active,682820,NA,NA,S,0,0,119041.5,29.99,2011,26,16.64,19.62
116685,Active,3622813,NA,NA,S,0,0,73098.175,24.99,2009,42,7.49,19.2
116686,Active,1914266,NA,NA,S,1,0,207130.525,25,2009,13,23.55,23.56
116687,Active,2100280,NA,NA,S,0,0,85790.925,24.95,2013,15,18.78,12.97
116688,Active,1917923,NA,NA,S,0,0,215355.175,23.95,2010,14,18.24,22.14
116689,Active,2953641,NA,NA,S,0,0,111176.525,185,2005,23,9.65,46.91
116690,Active,2041662,NA,NA,S,0,0,65647.525,27.95,2013,20,6.2,19.76
116691,Active,2164677,NA,NA,S,1,0,23934.175,29.95,2011,25,15.96,18.98
116692,Active,665067,NA,NA,S,1,0,99874.925,83.95,2011,29,17.28,65.91
116693,Active,665887,NA,NA,S,9,1,719288.01,169.33,2011,15,16.98,0
116694,Active,540801,NA,NA,S,11,1,17590.64,215.6,2013,85,30.38,131.87
116695,Active,692299,NA,NA,S,5,1,749138.9788,80.95,2001,34,4.67,43.17
116696,Active,3879075,NA,NA,S,0,0,126602.275,55,2014,14,35.36,36.31
116697,Active,1924816,NA,NA,S,0,0,100571.275,49.95,2012,8,33.38,33.16
116698,Active,1701641,NA,NA,S,2,1,16854.23875,24.95,2014,26,18.95,23.49
116699,Active,913066,NA,NA,S,0,0,39210.85,20.99,2007,19,9.84,11.36
116700,Active,909188,NA,NA,S,5,1,242884.6313,118.75,2011,24,43.44,0
116701,Active,2082745,NA,NA,S,0,0,133958.85,21.99,2014,32,13.62,19.94
116702,Active,858137,NA,NA,S,0,0,89528.675,22.99,2011,15,13.38,18.87
116703,Active,2054339,NA,NA,S,0,0,131135.725,24.95,2007,35,5.07,16.23
116704,Active,612820,NA,NA,S,1,0,670679.3738,42,2001,465,3.79,5.33
116705,Active,627916,NA,NA,S,1,0,103540.4,40,2012,25,12.11,14.89
116706,Active,2168677,NA,NA,S,0,0,89471.4,60,2013,26,41,41
116707,Active,636784,NA,NA,S,1,0,519919.2213,156.95,2007,18,16.66,144.88
116708,Active,2089258,NA,NA,S,0,0,106115.925,37.95,2014,11,25.92,27.91
116709,Active,3519323,NA,NA,S,1,0,7314.8,27,2016,16,16.47,16.02
116710,Active,3801524,NA,NA,S,6,1,691108,18.95,2016,12,14.51,13.02
116711,Active,268293,NA,NA,S,0,0,184371.475,69,2007,25,35.43,47.45
116712,Active,3099714,NA,NA,S,1,0,348838.65,28.95,2003,37,6.81,26.95
116713,Active,3711085,NA,NA,S,7,1,413024,14.95,2016,10,16.07,12.1
116714,Active,3711063,NA,NA,S,7,1,6223,64.95,2016,12,46.96,60
116715,Active,3710939,NA,NA,S,7,1,44833,15.95,2016,13,16.7,13.56
116716,Active,3694526,NA,NA,S,0,0,390,50,2016,37,31.47,36.97
116717,Active,3467983,NA,NA,S,9,1,2391.3,50,2015,33,27.98,36.34
116718,Active,254383,NA,NA,S,4,1,41276.225,24,2011,26,16.24,16.52
116719,Active,610609,NA,NA,S,5,1,570633.47,205,2013,36,5.75,110.54
116720,Active,2407887,NA,NA,S,5,1,459047.3725,60,1996,28,8.4,25.31
116721,Active,1624106,NA,NA,S,0,0,117343.25,30,2012,13,15.75,19.13
116722,Active,3960141,NA,NA,S,0,0,28855.725,27.99,2015,36,13.89,16.91
116723,Active,2277076,NA,NA,S,3,1,31555.075,0,2013,0,0,14.48
116724,Active,1691879,NA,NA,S,0,0,35556.175,22,2011,17,13.04,14.31
116725,Active,2648299,NA,NA,S,1,0,545163.3988,52.95,2004,34,6.94,37.41
116726,Active,1866839,NA,NA,S,0,0,69206.075,21.95,2015,18,5.76,16.73
116727,Active,1814601,NA,NA,S,0,0,62083.475,25.99,2015,67,5.5,8.98
116728,Active,1504188,NA,NA,S,1,0,119773.45,22.99,2011,45,4,33.94
116729,Active,2085209,NA,NA,S,0,0,83438.85,28.99,2015,28,6.18,15.94
116730,Active,677308,NA,NA,S,0,0,32921.475,29.95,2007,46,14.49,20.99
116731,Active,3795384,NA,NA,S,0,0,167487.175,29.95,2008,61,21.13,33.12
116732,Active,1815206,NA,NA,S,0,0,84278.175,28.99,2015,17,12.98,16.76
116733,Active,439727,NA,NA,S,1,0,175842.1,24.95,2012,43,4,7.97
116734,Active,623775,NA,NA,S,0,0,128401.4,30,2013,35,4.39,4.34
116735,Active,2077823,NA,NA,S,0,0,16409.325,24.95,2013,15,18.52,16.25
116736,Active,1694910,NA,NA,S,1,0,126503.275,25,2015,28,6.61,13.98
116737,Active,1712526,NA,NA,S,0,0,188441.525,25,2010,18,18.98,18.99
116738,Active,1701585,NA,NA,S,0,0,120579.55,39.95,2013,16,26.32,33.96
116739,Active,679888,NA,NA,S,0,0,391144.3363,24.99,2011,38,9.93,0
116740,Active,2063363,NA,NA,S,0,0,119700.275,34,2014,17,33.78,33.79
116741,Active,1668393,NA,NA,S,0,0,87035.675,22,2013,16,9.46,9.95
116742,Active,772044,NA,NA,S,0,0,42534.675,35,2008,45,4.26,15.97
116743,Active,3742362,NA,NA,S,0,0,34754.9,0,2014,16,11.45,7.05
116744,Active,1576807,NA,NA,S,0,0,104063.2425,34.95,2015,14,27.07,29.32
116745,Active,1705636,NA,NA,S,1,0,166520.875,24.95,2007,10,11.99,14.06
116746,Active,1570964,NA,NA,S,2,1,22713.8,21.99,2011,24,9.94,15.54
116747,Active,1705754,NA,NA,S,0,0,79029.925,21,2009,13,13.24,15.68
116748,Active,864650,NA,NA,S,11,1,30171.7,163.33,2014,45,43.18,68.78
116749,Active,1822416,NA,NA,S,10,1,721112.3,0,2013,12,17.66,63.99
116750,Active,1618297,NA,NA,S,0,0,126348.9,21.95,2011,37,9.79,21.89
116751,Active,875262,NA,NA,S,4,1,47268.59375,79.95,2015,51,37.73,48.58
116752,Active,610042,NA,NA,S,4,1,118616.4,21.99,2010,37,4.73,7.98
116753,Active,540829,NA,NA,S,9,1,300061.5888,70.6,2013,44,11.75,15.59
116754,Active,3746483,NA,NA,S,0,0,42891.05,22.99,2012,6,19.85,15.44
116755,Active,1701545,NA,NA,S,0,0,121709.4,29.95,2013,14,36.16,29.95
116756,Active,1461887,NA,NA,S,0,0,89745.15,23,2013,15,14.96,15.32
116757,Active,903992,NA,NA,S,0,0,457992.285,69.39,1999,22,4.72,76.66
116758,Active,178350,NA,NA,S,5,1,289339.8025,149.71,2006,36,11.99,103.97
116759,Active,2003105,NA,NA,S,2,1,135680.15,31,2015,7,31.44,30.86
116760,Active,1861127,NA,NA,S,0,0,192693.625,27.95,2014,16,10.76,22.96
116761,Active,1994853,NA,NA,S,1,0,58115.275,24.99,2014,14,13.53,22.49
116762,Active,2035589,NA,NA,S,1,0,183708.025,40,2007,11,30.95,30.94
116763,Active,3713157,NA,NA,S,3,1,722819.75,24.99,2015,15,15.55,15.59
116764,Active,675936,NA,NA,S,1,0,104394.025,24.95,2009,49,5.99,8.75
116765,Active,1607196,NA,NA,S,0,0,86961.775,23,2015,24,9.43,8.98
116766,Active,2597709,NA,NA,S,0,0,175661.9188,48.75,1992,42,7.32,19.49
116767,Active,2168638,NA,NA,S,3,1,364317.275,29.95,2014,14,29.74,28.21
116768,Active,2011128,NA,NA,S,0,0,61803.825,22.95,2011,18,16.18,16.18
116769,Active,2134698,NA,NA,S,0,0,98207.35,54.99,2014,19,35.79,36.89
116770,Active,403638,NA,NA,S,1,0,40313.5,20.95,2009,28,13.91,16.94
116771,Active,720015,NA,NA,S,0,0,568125.6363,99,2001,39,6.97,28.94
116772,Active,1924839,NA,NA,S,0,0,51037,29.99,2014,11,13.99,20.37
116773,Active,796720,NA,NA,S,0,0,5397.2325,16.99,2012,25,9.48,9.49
116774,Active,1758984,NA,NA,S,0,0,222407.55,24.95,2014,16,12.84,15.79
116775,Active,2103772,NA,NA,S,1,0,113742.6,24.95,2013,18,6.81,15.66
116776,Active,2070860,NA,NA,S,0,0,73237.15,0,2008,10,17.47,50
116777,Active,153245,NA,NA,S,1,0,234038.8,25.95,2009,40,3.99,5.42
116778,Active,623495,NA,NA,S,0,0,50360.775,45,2010,27,21.7,24.84
116779,Active,2020936,NA,NA,S,1,0,22227,35,2014,15,17.98,20.97
116780,Active,1918315,NA,NA,S,0,0,87780.375,24.99,2011,55,5.32,5.97
116781,Active,599724,NA,NA,S,0,0,79707.2,40,2011,32,20.24,35.37
116782,Active,265794,NA,NA,S,0,0,69688.975,22,2007,24,5.95,18.21
116783,Active,2096789,NA,NA,S,0,0,16336.525,25.95,2014,29,11.99,16.81
116784,Active,2287066,NA,NA,S,2,1,5801.525,0,2014,0,0,5.48
116785,Active,1632173,NA,NA,S,1,0,224258.425,35,2014,8,25.49,25.5
116786,Active,3583761,NA,NA,S,0,0,64032.3,49.95,2016,15,33.13,32.37
116787,Active,1669159,NA,NA,S,1,0,124532.075,25.95,2014,18,6.34,29.06
116788,Active,2093597,NA,NA,S,0,0,61888.175,40,2013,9,25.38,92.85
116789,Active,1444524,NA,NA,S,3,1,254318.9513,89.95,2012,32,19.74,51.82
116790,Active,1523284,NA,NA,S,0,0,51993.4,27,2007,52,8,11.71
116791,Active,1523285,NA,NA,S,0,0,105545.375,27,2007,33,14.91,17.3
116792,Active,1523197,NA,NA,S,0,0,161556.35,24.95,2007,41,8.73,19.99
116793,Active,3607884,NA,NA,S,0,0,193326.2,16.95,2009,21,9.49,14.34
116794,Active,530300,NA,NA,S,4,1,92357.07875,46.95,2012,62,24.84,34.99
116795,Active,2025297,NA,NA,S,0,0,33914.7,35,2013,17,28.99,23.49
116796,Active,3719098,NA,NA,S,1,0,97755.15,48.75,2015,11,37.4,37.82
116797,Active,1619809,NA,NA,S,1,0,106902.95,29.95,2013,21,21.66,27.05
116798,Active,1780320,NA,NA,S,2,1,9052.6,22.99,2014,17,13.49,13.49
116799,Active,1943137,NA,NA,S,0,0,151077.9,24.95,2013,29,4.4,9.95
116800,Active,2054487,NA,NA,S,1,0,45630.7,29.95,2014,13,27.02,29.94
116801,Active,3918502,NA,NA,S,0,0,101675.2,49.99,2012,16,35.67,35.97
116802,Active,3475735,NA,NA,S,0,0,576269.35,37.5,2004,38,12.46,21.52
116803,Active,1718387,NA,NA,S,1,0,212301.1,45,2010,17,22.95,36.43
116804,Active,1736727,NA,NA,S,10,1,10585,24.95,2012,8,19.51,19.02
116805,Active,2042013,NA,NA,S,1,0,42179.975,24.99,2012,6,37.99,30.26
116806,Active,1668564,NA,NA,S,1,0,92317.475,34.95,2007,19,21.24,24.42
116807,Active,2042069,NA,NA,S,0,0,75227.125,24.99,2014,16,13.32,16.47
116808,Active,1706211,NA,NA,S,0,0,97980.325,29.95,2013,14,19.84,23.03
116809,Active,631533,NA,NA,S,2,1,296268.9513,98,2011,47,13.52,190.67
116810,Active,2008688,NA,NA,S,1,0,25226.95,21.95,2007,26,12.97,15.74
116811,Active,2079666,NA,NA,S,0,0,8437.175,35,2014,16,23.57,23.56
116812,Active,3744138,NA,NA,S,1,0,24252.025,35,2013,28,13.01,21.32
116813,Active,600655,NA,NA,S,1,0,777.9,35,2012,25,19.49,19.73
116814,Active,810922,NA,NA,S,0,0,98985.45,26,2011,47,8.78,24.48
116815,Active,1697923,NA,NA,S,0,0,82153.7,24.95,2014,20,15.9,18.49
116816,Active,1938641,NA,NA,S,0,0,60123.875,27.95,2014,17,10.75,16.98
116817,Active,1739944,NA,NA,S,0,0,28856.475,49.95,2012,21,27.16,30.17
116818,Active,685177,NA,NA,S,1,0,90089.275,29.95,2007,20,10.39,21.23
116819,Active,3802612,NA,NA,S,0,0,38321.175,85,2016,9,56.3,55.01
116820,Active,866856,NA,NA,S,6,1,10833.8875,160.8,2014,66,49.98,92.99
116821,Active,689648,NA,NA,S,1,0,114812.75,29.95,2012,19,17.83,21.99
116822,Active,286425,NA,NA,S,4,1,512369.0888,239.4,1998,46,5.79,34.49
116823,Active,2583103,NA,NA,S,0,0,91722.05625,36.95,1995,33,13.68,23.25
116824,Active,679279,NA,NA,S,1,0,85729.3,26,2009,29,8.38,13.57
116825,Active,924425,NA,NA,S,6,1,18666.38,50.99,2015,40,29.49,32.13
116826,Active,2089335,NA,NA,S,0,0,158860.1,23.99,2014,16,4,12.91
116827,Active,1568929,NA,NA,S,1,0,38530.325,22.99,2009,22,16.12,14.49
116828,Active,3566903,NA,NA,S,1,0,150614.6,24.95,2011,11,14.2,15.94
116829,Active,3827133,NA,NA,S,3,1,39639.45,29.95,2012,26,11.34,19.86
116830,Active,2155533,NA,NA,S,2,1,104910.15,29.95,2013,6,26.42,22.94
116831,Active,2038793,NA,NA,S,0,0,166078.875,22.95,2009,8,14.2,15.7
116832,Active,573763,NA,NA,S,0,0,315434.0713,22.95,1979,46,7.11,11.78
116833,Active,1660561,NA,NA,S,1,0,106459.775,28,2008,20,10.09,16.58
116834,Active,1660776,NA,NA,S,0,0,137536.325,40,2014,16,19.9,20.95
116835,Active,1914237,NA,NA,S,0,0,64397.775,24.95,2009,23,17.98,23.46
116836,Active,554150,NA,NA,S,1,0,597526.0113,138.4,1999,27,4.93,52.73
116837,Active,629768,NA,NA,S,1,0,222272.275,36.95,2009,22,10.47,14.19
116838,Active,666672,NA,NA,S,1,0,220405.6,56.99,2012,20,32.37,48.94
116839,Active,862052,NA,NA,S,2,1,439567.5525,63.95,2014,34,14.73,48.47
116840,Active,875511,NA,NA,S,4,1,19181.69625,76.95,2015,48,38.34,60.39
116841,Active,2164768,NA,NA,S,0,0,127197.075,29,2012,15,13.99,24.99
116842,Active,2164779,NA,NA,S,0,0,199657.7,29,2012,21,17.49,18.99
116843,Active,2266213,NA,NA,S,4,1,56171.675,45.98,1900,26,31.89,55.22
116844,Active,1449126,NA,NA,S,4,1,323561.0875,34.65,2011,18,19.39,27.55
116845,Active,1449147,NA,NA,S,4,1,259229.2,34.65,2011,13,23.99,31.26
116846,Active,1449152,NA,NA,S,4,1,103399.2,34.65,2011,22,14.55,27.64
116847,Active,2164771,NA,NA,S,0,0,67754.75,29,2012,14,29.04,25.98
116848,Active,2164772,NA,NA,S,0,0,172683.8,26,2012,18,19.74,25.39
116849,Active,2164777,NA,NA,S,0,0,176623.1,26,2012,15,20.1,25.43
116850,Active,2164776,NA,NA,S,0,0,89006.10625,29,2012,17,16.95,23.75
116851,Active,691440,NA,NA,S,0,0,144899.15,26,2013,12,20.07,21.31
116852,Active,690483,NA,NA,S,0,0,84910.225,29,2012,12,22.99,23.27
116853,Active,2164783,NA,NA,S,0,0,226701.825,26,2012,19,9.7,22.85
116854,Active,2164782,NA,NA,S,0,0,120921.7,29,2012,13,26.39,28.07
116855,Active,632859,NA,NA,S,0,0,118611,53.95,2007,39,25.24,66.61
116856,Active,1946591,NA,NA,S,1,0,151726.5088,106.25,2014,34,16.16,18.99
116857,Active,3483818,NA,NA,S,1,0,89137.15,59.95,2016,15,48.87,48.89
116858,Active,2869325,NA,NA,S,1,0,418761.9188,47.95,1999,27,21.94,32.51
116859,Active,299562,NA,NA,S,1,0,104552.755,39,1998,53,18.97,27.99
116860,Active,1697131,NA,NA,S,8,1,26858.475,25.99,2015,17,17.23,17.82
116861,Active,3960051,NA,NA,S,0,0,4846.8,22.99,2015,16,13.47,14.42
116862,Active,1697103,NA,NA,S,22,1,18827,24.99,2014,18,12.94,16.66
116863,Active,1697120,NA,NA,S,0,0,165759.45,24.99,2014,26,4.39,24.49
116864,Active,1763010,NA,NA,S,6,1,20735.2,22.99,2015,14,17.21,16.53
116865,Active,3624886,NA,NA,S,0,0,11576.075,29.99,2015,13,21.24,18.13
116866,Active,3624880,NA,NA,S,0,0,33971.25,21.99,2015,20,14.98,15.48
116867,Active,1697098,NA,NA,S,2,1,37054.825,24.99,2014,17,14.23,17.99
116868,Active,1697097,NA,NA,S,0,0,42566.125,24.99,2014,16,16.97,17.97
116869,Active,1763006,NA,NA,S,3,1,56747.8,25.99,2015,15,16.2,17.64
116870,Active,1697129,NA,NA,S,0,0,52117.525,21.99,2014,18,12.99,16.28
116871,Active,3624891,NA,NA,S,28,1,36354,24.99,2016,15,13.4,15.47
116872,Active,898684,NA,NA,S,11,1,62230.95375,24.99,2015,19,13.97,17.99
116873,Active,1763004,NA,NA,S,0,0,28516.275,24.99,2015,18,15.78,16.12
116874,Active,3624888,NA,NA,S,0,0,4871.6,24.99,2015,16,12.86,13.99
116875,Active,1697107,NA,NA,S,0,0,120016.075,24.99,2014,50,7.66,18.99
116876,Active,865477,NA,NA,S,4,1,396924.045,12.99,2014,43,4,16.8
116877,Active,1734966,NA,NA,S,9,1,160634.3063,24.99,2013,21,6.58,21.4
116878,Active,3624885,NA,NA,S,10,1,26411.95,24.99,2015,17,13.62,15.48
116879,Active,3624892,NA,NA,S,22,1,38880,25.99,2016,14,16.94,17.49
116880,Active,1496626,NA,NA,S,5,1,668506.4625,22.99,2012,35,4,9.91
116881,Active,3624879,NA,NA,S,6,1,135293.95,22.99,2015,21,7.91,15.52
116882,Active,1763012,NA,NA,S,6,1,39830.385,19.99,2015,20,14.2,14.73
116883,Active,3624884,NA,NA,S,18,1,5209.575,24.99,2015,17,18.39,15.47
116884,Active,1697112,NA,NA,S,0,0,34969.4,21.99,2014,12,16.11,16.12
116885,Active,1697089,NA,NA,S,0,0,45681.225,21.99,2014,13,14.66,15.72
116886,Active,1763008,NA,NA,S,0,0,15726,24.99,2015,15,17.9,18
116887,Active,1734965,NA,NA,S,47,1,401561.7488,22.99,2013,44,4,10.94
116888,Active,3624883,NA,NA,S,48,1,65042.4,22.99,2015,22,11.91,12.98
116889,Active,1763011,NA,NA,S,0,0,24480.98375,29.99,2015,17,21.35,19.57
116890,Active,1697080,NA,NA,S,5,1,40042.725,23.99,2014,13,13.81,15.95
116891,Active,903649,NA,NA,S,4,1,36769.225,24.99,2014,15,16.34,16.91
116892,Active,1697087,NA,NA,S,9,1,99231.6,21.99,2014,19,9.59,10.98
116893,Active,3624889,NA,NA,S,5,1,15225.925,21.99,2015,14,15.58,12.4
116894,Active,3624882,NA,NA,S,2,1,37206.9,21.99,2015,18,12.58,14.16
116895,Active,1496094,NA,NA,S,11,1,138022.7813,19.99,2011,24,5.23,57.45
116896,Active,259722,NA,NA,S,14,1,462212.595,21.95,2005,37,4,0
116897,Active,107225,NA,NA,S,1,0,744952.2138,44.21,1999,22,4.85,47.34
116898,Active,690047,NA,NA,S,0,0,85125.425,24.95,2013,22,12.57,16.96
116899,Active,630007,NA,NA,S,0,0,83098.8,35,2011,14,26.91,22.4
116900,Active,1599144,NA,NA,S,0,0,16843.9125,17.99,2009,20,14.27,14.28
116901,Active,1731262,NA,NA,S,1,0,135819.875,24.95,2013,40,12.92,23.99
116902,Active,1735304,NA,NA,S,1,0,66620.275,25.99,2011,41,7.57,8.85
116903,Active,1494882,NA,NA,S,0,0,107908.725,30,2015,14,21.64,19.93
116904,Active,2380380,NA,NA,S,0,0,532610.0375,46.91,1980,21,4,46.91
116905,Active,2067865,NA,NA,S,0,0,90553.975,26.99,2012,17,16.19,16.18
116906,Active,874446,NA,NA,S,6,1,62336.1175,122.25,2015,44,47,60.98
116907,Active,2919509,NA,NA,S,6,1,542071.5963,44.5,2015,15,29.63,34.83
116908,Active,530275,NA,NA,S,6,1,20874.5425,223.95,2011,59,25.98,106.97
116909,Active,172643,NA,NA,S,0,0,51976.3,28.99,2011,22,17.48,19.85
116910,Active,680082,NA,NA,S,1,0,102682.2,29.95,2012,32,15.99,23.1
116911,Active,2093190,NA,NA,S,0,0,58418.425,21,2012,43,7.06,13.66
116912,Active,2156265,NA,NA,S,0,0,155234.275,32.95,2014,56,4,7.67
116913,Active,2156256,NA,NA,S,0,0,615277.4563,32.95,2013,95,4,7.42
116914,Active,167353,NA,NA,S,1,0,55015.525,63.95,2007,16,31.19,43.1
116915,Active,593753,NA,NA,S,1,0,223645.225,44.95,2011,21,22.14,39.35
116916,Active,1759244,NA,NA,S,0,0,145082.925,25.99,2011,14,18.7,19.72
116917,Active,637075,NA,NA,S,1,0,70992.575,47,2010,16,16.11,47
116918,Active,685407,NA,NA,S,0,0,110923.525,29.95,2012,17,22.95,23.03
116919,Active,3528554,NA,NA,S,1,0,91241.325,39.95,2007,42,18.62,28.99
116920,Active,677467,NA,NA,S,0,0,52879.85,24.95,2008,35,16.89,21.23
116921,Active,2048175,NA,NA,S,3,1,145326.15,26.95,2008,19,14.74,18.97
116922,Active,1557409,NA,NA,S,0,0,213504.1,24.95,2014,17,18.49,20
116923,Active,667464,NA,NA,S,0,0,199475.7,73,2010,8,58.99,1353.98
116924,Active,530272,NA,NA,S,10,1,85579.22875,192.2,2012,48,32.59,74.95
116925,Active,2086214,NA,NA,S,2,1,89864.375,23,2013,13,14.84,17.42
116926,Active,2048362,NA,NA,S,0,0,30956.075,24.95,2012,7,19,19.87
116927,Active,678459,NA,NA,S,0,0,19779.7,23,2012,48,9.89,15.56
116928,Active,898834,NA,NA,S,0,0,791575.5388,28,2004,21,15.45,28
116929,Active,149531,NA,NA,S,0,0,501506.0988,53.95,2000,59,4.63,45.43
116930,Active,1623625,NA,NA,S,1,0,524321.9125,47.95,2006,27,10.45,29.25
116931,Active,157953,NA,NA,S,1,0,159289.45,73.95,2002,44,8.99,51.57
116932,Active,2015368,NA,NA,S,1,0,175437.05,29.95,2012,16,18.93,19.87
116933,Active,1947163,NA,NA,S,1,0,98818.4,24.99,2014,16,14.52,17.18
116934,Active,3479767,NA,NA,S,1,0,222603.95,45,2015,9,39.6,39.09
116935,Active,1946574,NA,NA,S,1,0,9991.925,32,2014,28,23.33,27.16
116936,Active,2108960,NA,NA,S,0,0,184106.375,25.19,2008,17,5.76,23.94
116937,Active,1942141,NA,NA,S,0,0,145181.625,29.95,2012,18,8.84,14.75
116938,Active,679600,NA,NA,S,0,0,28968.95,29.95,2010,16,18.97,19.09
116939,Active,2144034,NA,NA,S,0,0,40497.15,29.95,2010,23,13.73,17.94
116940,Active,530271,NA,NA,S,5,1,127581.9088,79.16,2005,28,15.32,75.99
116941,Active,2122383,NA,NA,S,0,0,176597.2,34.95,2010,29,17.39,26.5
116942,Active,2102416,NA,NA,S,0,0,26276.8,21.99,2014,19,12.85,16.04
116943,Active,2144033,NA,NA,S,0,0,181153.6,24.95,2009,45,4,13.46
116944,Active,2079741,NA,NA,S,0,0,3308.575,35,2015,17,17.98,19.63
116945,Active,1704209,NA,NA,S,0,0,35652.45,22.95,2007,20,10.98,13.32
116946,Active,689127,NA,NA,S,0,0,21462,21.99,2012,15,16.93,13.96
116947,Active,2042076,NA,NA,S,0,0,70751.575,24.99,2015,17,15.03,15.82
116948,Active,530268,NA,NA,S,5,1,433729.285,102.4,2003,68,4,14.3
116949,Active,534866,NA,NA,S,2,1,44373.7,28,2008,44,6.79,6.79
116950,Active,3960211,NA,NA,S,0,0,58941.8,27.95,2014,20,18.42,18.89
116951,Active,1607152,NA,NA,S,1,0,52881.725,28,2014,21,10.48,10.48
116952,Active,2054252,NA,NA,S,0,0,149375.975,30,2014,32,6.15,16.99
116953,Active,162081,NA,NA,S,3,1,69391.49625,19.99,2007,109,4,8.29
116954,Active,3560411,NA,NA,S,1,0,69715.6,21.95,2009,37,8.17,10.83
116955,Active,1634490,NA,NA,S,2,1,81274.05,24.95,2012,27,8.84,13.99
116956,Active,791253,NA,NA,S,0,0,69596.625,30,2010,34,15.59,16.12
116957,Active,3496125,NA,NA,S,1,0,120323.95,49.95,2014,16,12.66,3.74
116958,Active,1973231,NA,NA,S,0,0,181176.9988,11,2006,11,11,9.9
116959,Active,157128,NA,NA,S,0,0,356401.825,67.95,2005,30,4.98,45.99
116960,Active,1836683,NA,NA,S,1,0,135446.725,30,2011,42,5.51,11.81
116961,Active,2061067,NA,NA,S,0,0,20364.975,23.95,2009,39,11.87,13.26
116962,Active,678851,NA,NA,S,0,0,204409.375,25.95,2013,26,5.7,9.96
116963,Active,682897,NA,NA,S,0,0,37530.55,24.99,2008,12,17.98,20.07
116964,Active,1433624,NA,NA,S,0,0,55987.65,25.99,2014,24,11.51,13.99
116965,Active,266787,NA,NA,S,1,0,64234.93875,14.99,2006,265,4,6.46
116966,Active,802758,NA,NA,S,11,1,249055.4325,29.99,2014,17,16.94,21.22
116967,Active,1961406,NA,NA,S,0,0,218007,35.99,2013,13,18.49,33.47
116968,Active,1835789,NA,NA,S,0,0,93670.65,22.99,2010,34,4,11.98
116969,Active,1718123,NA,NA,S,0,0,244954.55,34.99,2015,10,29.78,22.9
116970,Active,810315,NA,NA,S,1,0,160796.875,26,2011,25,17.46,28.16
116971,Active,1729441,NA,NA,S,1,0,118590.025,22.95,2015,8,17.18,18.32
116972,Active,2204487,NA,NA,S,0,0,276279.5563,95,2013,59,39.67,65.28
116973,Active,3959994,NA,NA,S,0,0,306.225,22.99,2015,60,10.96,10.98
116974,Active,563647,NA,NA,S,2,1,733831.9938,46.9,2003,35,4,0
116975,Active,3513268,NA,NA,S,6,1,9224,33,2016,42,24.83,26.99
116976,Active,1631675,NA,NA,S,0,0,18403.55,24.99,2015,41,4,4.7
116977,Active,2061105,NA,NA,S,0,0,109117.9,31.99,2013,12,21.51,20.56
116978,Active,118799,NA,NA,S,2,1,338104.785,45.32,2007,30,17.22,36.55
116979,Active,1669079,NA,NA,S,1,0,21560.3,22.95,2014,7,17.35,17.34
116980,Active,1669019,NA,NA,S,1,0,21950.475,22.95,2013,10,17.38,15.56
116981,Active,719240,NA,NA,S,0,0,725671.375,29.95,1998,25,19.63,31.8
116982,Active,1701398,NA,NA,S,0,0,139595.7,34.95,2010,9,37.15,33.55
116983,Active,684817,NA,NA,S,1,0,278243.6925,29.95,2011,19,27.74,28.01
116984,Active,682884,NA,NA,S,1,0,262291.275,29.95,2008,34,10.31,21.75
116985,Active,679240,NA,NA,S,0,0,29999.43875,29.95,2012,159,12.99,16.61
116986,Active,2089772,NA,NA,S,0,0,37870.05,26.95,2013,15,18.69,19.31
116987,Active,2100133,NA,NA,S,1,0,67156.225,29.95,2013,11,19.9,19.9
116988,Active,530228,NA,NA,S,1,0,101449.05,29.95,2010,23,9.84,15.95
116989,Active,2010305,NA,NA,S,1,0,86279.75,29.95,2010,17,21.47,21.09
116990,Active,2100110,NA,NA,S,1,0,45320.95,29.95,2012,17,19.73,21.47
116991,Active,2100152,NA,NA,S,2,1,98303.175,29.95,2014,11,22,19.06
116992,Active,3566389,NA,NA,S,0,0,49817.95,60,2015,16,40.87,33.94
116993,Active,2010254,NA,NA,S,1,0,122664.325,35.5,2007,23,22.31,22.67
116994,Active,2010258,NA,NA,S,1,0,159924.975,29.95,2007,18,16.54,23.19
116995,Active,2100144,NA,NA,S,1,0,21153.25,29.95,2014,13,21.93,21.48
116996,Active,2010256,NA,NA,S,1,0,216080.9,35.5,2007,20,13.22,56.33
116997,Active,2100124,NA,NA,S,1,0,36192.425,29.95,2013,16,18.99,19.56
116998,Active,688625,NA,NA,S,1,0,26760.95,29.95,2010,18,13.77,18.98
116999,Active,1588586,NA,NA,S,1,0,112402.1488,54.99,2007,23,8.97,52.78
117000,Active,687375,NA,NA,S,0,0,32268.9325,21.95,2012,17,18.26,17.96
117001,Active,1589283,NA,NA,S,0,0,187418.125,29.99,2013,17,20.93,25.97
117002,Active,1619734,NA,NA,S,0,0,86609.25,32.5,2013,12,30.37,29.34
117003,Active,685415,NA,NA,S,1,0,72465.675,24.99,2011,15,16.37,13.98
117004,Active,875359,NA,NA,S,6,1,48455.9825,190,2013,58,7.13,71.49
117005,Active,868612,NA,NA,S,2,1,18917.9225,151.5,2014,47,53.99,102.38
117006,Active,2119668,NA,NA,S,0,0,577834.0588,57.95,2011,18,16.23,47.52
117007,Active,3118149,NA,NA,S,1,0,628443.9938,120,1998,27,13.97,45.98
117008,Active,639403,NA,NA,S,0,0,130240.15,75.99,2005,26,27.04,53.99
117009,Active,254378,NA,NA,S,0,0,245003.05,32,2010,15,20.79,19.35
117010,Active,225835,NA,NA,S,2,1,613352.1975,41.95,2005,16,4.49,9.23
117011,Active,557463,NA,NA,S,2,1,95491.025,39.95,2008,26,18.99,29.98
117012,Active,3068159,NA,NA,S,5,1,623872.9638,54.95,2000,21,6.23,56.38
117013,Active,242890,NA,NA,S,1,0,142774.1325,461.11,2003,19,17.29,26.94
117014,Active,3882999,NA,NA,S,0,0,73767.95,39.99,2014,20,24.38,25.93
117015,Active,686586,NA,NA,S,0,0,58926.025,29.95,2013,45,11.49,19.29
117016,Active,1833193,NA,NA,S,0,0,66158.975,24.99,2014,29,12.27,13.94
117017,Active,746470,NA,NA,S,0,0,90720.6,26.95,2007,36,4,5.98
117018,Active,906649,NA,NA,S,0,0,304558.945,22.95,2013,22,16.84,18.54
117019,Active,1994104,NA,NA,S,1,0,32322.625,29.99,2013,10,25.75,22.21
117020,Active,2236870,NA,NA,S,0,0,92772.275,39.9,2011,19,24.86,35.23
117021,Active,1870789,NA,NA,S,0,0,32636.8,22,2013,43,7.98,11.34
117022,Active,782303,NA,NA,S,0,0,97805.975,29.99,2012,18,18.36,18.37
117023,Active,1498493,NA,NA,S,0,0,136123.7,22.99,2014,21,10.43,10.54
117024,Active,2597640,NA,NA,S,0,0,242301.3175,59.99,1998,24,13.97,36.92
117025,Active,157104,NA,NA,S,1,0,649584.9988,46.95,2004,27,5.94,32.26
117026,Active,200793,NA,NA,S,3,1,575698.79,16.99,2003,115,4,8.99
117027,Active,772934,NA,NA,S,1,0,130013.45,30,2013,45,8.77,9.13
117028,Active,1464274,NA,NA,S,1,0,159900.275,36.95,2013,14,27.74,29.55
117029,Active,2100825,NA,NA,S,1,0,110596,29.99,2014,47,6.91,16.93
117030,Active,788504,NA,NA,S,0,0,9996.3,29.99,2010,14,10.88,17.5
117031,Active,2149549,NA,NA,S,0,0,33114.55,40,2010,17,9.54,28.92
117032,Active,627772,NA,NA,S,2,1,137451.305,241.95,1979,84,18.71,71.91
117033,Active,678035,NA,NA,S,1,0,55053.95,24.95,2010,28,17.28,17.97
117034,Active,2437846,NA,NA,S,0,0,472993.7538,66,1993,55,19.63,34.79
117035,Active,1716123,NA,NA,S,0,0,80401,27.95,2014,12,25.08,25.39
117036,Active,243758,NA,NA,S,0,0,21999.725,29.95,2009,27,14.24,18.3
117037,Active,248089,NA,NA,S,1,0,79966,31.95,2010,22,15.24,23.98
117038,Active,1861156,NA,NA,S,0,0,141835.6,30.95,2015,22,16.42,28.03
117039,Active,2023777,NA,NA,S,3,1,55987.375,22.99,2009,32,7.22,16.84
117040,Active,1814848,NA,NA,S,0,0,52481.225,22,2013,27,8.18,8.98
117041,Active,1627821,NA,NA,S,0,0,32863.725,29.95,2015,11,30.31,22.91
117042,Active,1474435,NA,NA,S,1,0,132014.125,42.95,2010,16,38.43,35.64
117043,Active,2050158,NA,NA,S,0,0,96815.625,28,2015,20,14.1,21.07
117044,Active,3509811,NA,NA,S,1,0,205132.9,35,2012,29,4.39,22.86
117045,Active,2263329,NA,NA,S,0,0,119755.325,0,2012,20,27.69,37.88
117046,Active,2043600,NA,NA,S,0,0,48166.175,32.49,2007,26,10.98,32.49
117047,Active,2043601,NA,NA,S,0,0,74158.7,82.86,2007,27,29.42,101.15
117048,Active,651879,NA,NA,S,2,1,680214.8713,55.95,2009,25,15.78,43.2
117049,Active,682918,NA,NA,S,0,0,151459.25,24.95,2007,20,9.14,22.59
117050,Active,672383,NA,NA,S,1,0,2897.975,22.99,2011,27,13.99,15.49
117051,Active,630027,NA,NA,S,0,0,38207.7,30,2010,19,21.38,19.76
117052,Active,1886429,NA,NA,S,1,0,194511.35,44.99,2012,38,13.59,26.94
117053,Active,905240,NA,NA,S,2,1,24532.675,24.95,2012,23,11.98,12.18
117054,Active,301264,NA,NA,S,0,0,60823.6,59.95,2011,15,44.64,54.47
117055,Active,686579,NA,NA,S,2,1,121583,25,2013,13,13.99,15.98
117056,Active,1680256,NA,NA,S,0,0,17967.275,24.99,2014,18,15.7,16.41
117057,Active,2166484,NA,NA,S,1,0,68485.35,599,2011,31,20.24,134.25
117058,Active,1490430,NA,NA,S,0,0,67727.075,57,2012,19,18.61,40.2
117059,Active,533355,NA,NA,S,7,1,45496.93125,156.2,2010,72,28.47,83.73
117060,Active,1573455,NA,NA,S,0,0,322269.2238,34.95,2013,16,22.36,24.59
117061,Active,864652,NA,NA,S,2,1,222840.9488,131.95,2014,47,31.99,95.23
117062,Active,913854,NA,NA,S,1,0,832064.8538,67,2008,48,9.95,54.84
117063,Active,618913,NA,NA,S,1,0,168107.6913,98.4,2012,58,16.34,66.73
117064,Active,2047886,NA,NA,S,0,0,68310.075,26.95,2015,14,26.5,23.2
117065,Active,543975,NA,NA,S,14,1,78601.8,168.25,2013,34,19.98,106.99
117066,Active,543922,NA,NA,S,14,1,11589.4825,246,2012,78,16.64,38.99
117067,Active,2273134,NA,NA,S,14,1,591997.6775,91.65,2012,24,35.03,51.48
117068,Active,1871416,NA,NA,S,0,0,212414.6713,52,2012,22,15.71,49
117069,Active,2661073,NA,NA,S,0,0,742105.2488,30,1983,21,27.27,100.36
117070,Active,157714,NA,NA,S,1,0,204865.8675,52.95,2010,47,10.59,45.46
117071,Active,249732,NA,NA,S,5,1,200365.73,341.95,2006,74,33.99,94.81
117072,Active,127062,NA,NA,S,1,0,408052.9513,39.95,2006,35,4.76,42.94
117073,Active,875570,NA,NA,S,8,1,294186.4288,44.99,2013,16,11.71,52.13
117074,Active,880079,NA,NA,S,15,1,143027.875,300.99,2014,47,43.99,143.15
117075,Active,120603,NA,NA,S,2,1,96495.38375,116.6,2011,64,54.99,87.98
117076,Active,163084,NA,NA,S,1,0,168812.875,102.95,2011,35,4.99,12.63
117077,Active,657035,NA,NA,S,0,0,775294.9575,52,2012,23,7.99,33.95
117078,Active,1871413,NA,NA,S,0,0,494616.5788,52,2012,8,16.29,20.85
117079,Active,902529,NA,NA,S,4,1,230993.3838,104.68,2005,21,27.24,122.62
117080,Active,902190,NA,NA,S,0,0,75437.2,22.95,2010,18,15.44,15.98
117081,Active,113059,NA,NA,S,1,0,73401.375,74.95,2006,24,49.76,61.16
117082,Active,290144,NA,NA,S,6,1,108650.9525,11.97,2008,84,6.32,36.89
117083,Active,2085539,NA,NA,S,0,0,109632.5,55,2014,14,49.96,54.3
117084,Active,610148,NA,NA,S,7,1,58597.62875,171.95,2014,54,13.94,54.96
117085,Active,610331,NA,NA,S,4,1,2362.6325,116,2013,106,41.52,61.99
117086,Active,641613,NA,NA,S,0,0,75088.225,39.99,2008,12,27.99,26.93
117087,Active,924373,NA,NA,S,4,1,68016.96125,88.99,2015,31,50.47,56.03
117088,Active,737031,NA,NA,S,1,0,697871.075,81.44,1997,40,4,38.73
117089,Active,574893,NA,NA,S,1,0,21515.025,84,2012,34,35.71,41.98
117090,Active,1445977,NA,NA,S,1,0,242727.325,64.95,2011,17,57.72,51.51
117091,Active,627756,NA,NA,S,1,0,288853.0625,113,1990,27,9.85,62.95
117092,Active,912575,NA,NA,S,0,0,438136.7988,85,2007,40,7.91,43.99
117093,Active,552327,NA,NA,S,1,0,829833.2788,86.63,2010,40,18.81,31.19
117094,Active,895691,NA,NA,S,2,1,599678.6138,135,2009,13,47.23,0
117095,Active,1935483,NA,NA,S,6,1,6188.36625,112,2014,116,44.97,49.43
117096,Active,2257900,NA,NA,S,5,1,101127.725,118.05,2010,31,20.81,46.33
117097,Active,136730,NA,NA,S,1,0,30484.75,105,1999,22,55.99,67.79
117098,Active,897222,NA,NA,S,1,0,720787.0213,52,2012,32,7.44,31.61
117099,Active,662417,NA,NA,S,2,1,475283.825,52,2012,23,10.28,33.8
117100,Active,1517192,NA,NA,S,1,0,211035.2,34.99,2013,20,13.54,22.64
117101,Active,675256,NA,NA,S,2,1,54005.525,25.99,2007,60,6.49,12.33
117102,Active,1565909,NA,NA,S,1,0,69111.775,27.99,2014,46,5.61,16.74
117103,Active,1876860,NA,NA,S,0,0,87166.7,40,2014,38,13.93,23.99
117104,Active,258144,NA,NA,S,2,1,505952.2713,70,2001,26,4.5,66.95
117105,Active,902174,NA,NA,S,0,0,600321.415,39.95,2012,17,16.25,25.72
117106,Active,2170109,NA,NA,S,6,1,379500.9325,26,2014,49,4,17.76
117107,Active,1565812,NA,NA,S,0,0,78296.25,32,2015,22,11.06,18.54
117108,Active,2158291,NA,NA,S,1,0,31751.3,22.95,2011,32,4.57,17.97
117109,Active,556500,NA,NA,S,1,0,127378.125,24.95,2011,27,12.66,20.59
117110,Active,685731,NA,NA,S,0,0,6119.65,24.95,2010,30,18.74,18.75
117111,Active,174389,NA,NA,S,0,0,404920.3863,54.99,2006,21,10.44,52.1
117112,Active,170357,NA,NA,S,1,0,350645.0025,75,2002,29,7.01,56.55
117113,Active,2107636,NA,NA,S,0,0,29963.9,24.95,2015,16,16.49,18.99
117114,Active,2060268,NA,NA,S,0,0,49802.425,22.95,2010,14,13.99,13.97
117115,Active,1494396,NA,NA,S,1,0,131202.15,27.5,2015,18,9.49,16.86
117116,Active,2418935,NA,NA,S,0,0,589030.9288,34.99,2003,42,7.91,23.75
117117,Active,530179,NA,NA,S,4,1,222545.765,45,2011,28,13.8,24.99
117118,Active,691199,NA,NA,S,1,0,52907.675,29.95,2012,27,19.87,21.97
117119,Active,922519,NA,NA,S,1,0,213103.1863,35,2010,72,3.99,53.99
117120,Active,3879998,NA,NA,S,0,0,108191.55,65,2015,20,39.38,42.81
117121,Active,1676608,NA,NA,S,0,0,93589.04375,18.95,2011,0,0,411.9
117122,Active,918111,NA,NA,S,1,0,454352.045,75,1993,38,13.33,126.01
117123,Active,784579,NA,NA,S,0,0,302152.6825,24.95,2005,24,22.39,148.16
117124,Active,1724346,NA,NA,S,0,0,162796.425,30,2009,27,6.71,18.43
117125,Active,747667,NA,NA,S,0,0,714987.09,25,2009,26,4.98,16.99
117126,Active,3496299,NA,NA,S,0,0,39182.5,65,2015,16,47.37,44.9
117127,Active,431090,NA,NA,S,11,1,350922.3738,115,2008,17,10.45,123.71
117128,Active,3499513,NA,NA,S,3,1,92890.7,0,2015,30,12.44,17.07
117129,Active,683038,NA,NA,S,0,0,148948.9,26,2013,33,4,7.27
117130,Active,2020920,NA,NA,S,1,0,58183.225,24.95,2010,43,7.74,13.93
117131,Active,2079733,NA,NA,S,0,0,266.225,29.99,2015,14,17.14,16.82
117132,Active,678988,NA,NA,S,1,0,99537.05,33,2010,56,11.92,13.89
117133,Active,2020931,NA,NA,S,0,0,79841.65,35,2013,34,14.52,17.48
117134,Active,879474,NA,NA,S,2,1,483434.4463,106.27,2007,26,42.84,76.76
117135,Active,749824,NA,NA,S,1,0,215274.625,35.95,2007,37,7.82,17.11
117136,Active,1536231,NA,NA,S,1,0,154178.25,24.95,2007,38,6.4,18.76
117137,Active,172303,NA,NA,S,1,0,219977.055,29.95,2011,32,8.17,17.58
117138,Active,681419,NA,NA,S,1,0,138461.25,24.95,2011,23,6.96,16.79
117139,Active,2162942,NA,NA,S,0,0,44729.925,24.95,2010,22,16.45,18.23
117140,Active,125684,NA,NA,S,2,1,56083.59,18.95,1995,81,6,11.79
117141,Active,797115,NA,NA,S,1,0,69127.025,24.99,2013,32,4,15.61
117142,Active,190141,NA,NA,S,3,1,102682.725,26.95,2009,46,4.36,17.23
117143,Active,689211,NA,NA,S,2,1,147095.5,22,2009,19,18.71,19.8
117144,Active,1546319,NA,NA,S,1,0,145040.75,23.95,2013,17,18.33,18.69
117145,Active,2105764,NA,NA,S,0,0,48128.625,44.95,2014,21,28.86,28.58
117146,Active,600677,NA,NA,S,0,0,101403.95,25,2010,45,4.6,9.59
117147,Active,1878578,NA,NA,S,0,0,529844.2838,59.99,2010,52,4,21.45
117148,Active,640261,NA,NA,S,0,0,698747.4188,40.95,2010,29,17.99,31.52
117149,Active,429373,NA,NA,S,3,1,356375.6463,19.95,2008,52,5.48,10.82
117150,Active,647306,NA,NA,S,0,0,291913.0088,44.75,2011,44,21.71,16.15
117151,Active,651357,NA,NA,S,1,0,327695.75,56.95,2007,25,11.59,36.97
117152,Active,613069,NA,NA,S,1,0,269186.635,45,1999,215,4.19,15.99
117153,Active,1759684,NA,NA,S,0,0,70733.225,49.95,2014,16,29.8,33.56
117154,Active,682380,NA,NA,S,1,0,235868.8,24.95,2008,14,17.92,27.31
117155,Active,732434,NA,NA,S,0,0,529176.5238,44,2003,30,8.12,32.58
117156,Active,1503974,NA,NA,S,1,0,23783.275,75.75,2012,29,35.86,57.9
117157,Active,1697307,NA,NA,S,0,0,187409.65,25,2015,36,3.99,7.98
117158,Active,1769281,NA,NA,S,0,0,34421.4,29.99,2014,14,28.71,25.25
117159,Active,2067899,NA,NA,S,0,0,54260.35,26.99,2014,7,20.38,16.89
117160,Active,682594,NA,NA,S,0,0,28614.575,22.95,2012,17,13.99,16.22
117161,Active,633841,NA,NA,S,1,0,15979.325,34.99,2012,38,21.46,22.59
117162,Active,1672692,NA,NA,S,5,1,318899.3838,8.99,2012,26,4,8.42
117163,Active,1873317,NA,NA,S,0,0,33265.9,30,2014,15,18.97,22.01
117164,Active,678022,NA,NA,S,2,1,140672.475,25,2011,64,4.48,15.61
117165,Active,676779,NA,NA,S,2,1,82176.525,24.99,2011,29,9.04,16.88
117166,Active,2651921,NA,NA,S,0,0,484676.96,56.92,1985,37,4,53.88
117167,Active,629018,NA,NA,S,5,1,80848.01,234.95,1993,58,21.67,95.07
117168,Active,1873192,NA,NA,S,0,0,145337.8,50,2010,20,6,20.36
117169,Active,2901699,NA,NA,S,5,1,472424.52,19.95,2002,96,4,14
117170,Active,641990,NA,NA,S,3,1,38598.495,46,2013,33,19.42,40.34
117171,Active,679750,NA,NA,S,1,0,56789.1,24.99,2012,65,6.48,9.39
117172,Active,670710,NA,NA,S,0,0,5875.5,0,2009,12,18.97,0
117173,Active,686614,NA,NA,S,5,1,44679.75,29.99,2013,28,9.85,21.41
117174,Active,1672614,NA,NA,S,3,1,72474.17625,6.99,2011,29,4,6.99
117175,Active,1872234,NA,NA,S,0,0,113650.6675,15.95,2013,16,12.1,13.71
117176,Active,913702,NA,NA,S,10,1,114543.62,24,2009,48,11.97,51
117177,Active,3560154,NA,NA,S,1,0,57627.5,29.99,2014,10,22.52,22.51
117178,Active,3549672,NA,NA,S,0,0,207488.3,20.5,2010,61,12.48,19.21
117179,Active,1496106,NA,NA,S,0,0,112061.525,22.99,2010,32,8.27,9.99
117180,Active,1576610,NA,NA,S,1,0,3327.3,29.95,2013,25,22.99,22.29
117181,Active,1495733,NA,NA,S,0,0,68254.95,22.5,2009,30,11.55,15.24
117182,Active,3796884,NA,NA,S,0,0,138038.225,26.95,2010,41,4.47,4.47
117183,Active,1598871,NA,NA,S,0,0,92457.5,23.99,2010,31,11.91,11.98
117184,Active,1946879,NA,NA,S,0,0,71362.95,24.99,2013,13,17.62,18.69
117185,Active,3006566,NA,NA,S,2,1,40643.025,24.95,2015,7,25.63,21.66
117186,Active,536663,NA,NA,S,10,1,33559.895,15.95,2000,313,4,0
117187,Active,1680227,NA,NA,S,0,0,30107.275,22.5,2014,27,9.49,8.88
117188,Active,1944707,NA,NA,S,0,0,132848.725,49.99,2011,16,38.35,44.68
117189,Active,1965179,NA,NA,S,0,0,202319.4,29.99,2012,7,29.17,29.32
117190,Active,686777,NA,NA,S,1,0,81949.35,29.95,2011,18,21.84,26.92
117191,Active,1690752,NA,NA,S,0,0,180350.55,29,2010,11,17.28,18
117192,Active,1777486,NA,NA,S,1,0,209205.55,32.5,2012,31,6.2,9.73
117193,Active,1720435,NA,NA,S,0,0,141339.675,24,2007,21,13.65,19.09
117194,Active,218181,NA,NA,S,0,0,122729.975,29.95,2009,54,22.45,23.48
117195,Active,2437361,NA,NA,S,0,0,429046.2238,20.95,2004,22,5.38,9.67
117196,Active,2027710,NA,NA,S,2,1,77623.85,22.95,2013,15,22.69,22.95
117197,Active,755930,NA,NA,S,1,0,29948.75,24.95,2011,21,16.26,16.44
117198,Active,569004,NA,NA,S,0,0,491841.735,54.99,2001,33,11.93,32.96
117199,Active,2794293,NA,NA,S,2,1,295935.695,10.95,1976,21,26.55,73.04
117200,Active,557162,NA,NA,S,1,0,106899.6,50.4,2003,23,8.99,38.89
117201,Active,530170,NA,NA,S,1,0,20925.455,24.95,2011,80,10.38,16.44
117202,Active,2405288,NA,NA,S,1,0,628267.7813,125,1991,23,4.39,31.98
117203,Active,651839,NA,NA,S,1,0,114551.175,34.95,2009,27,23.29,34.95
117204,Active,3819677,NA,NA,S,0,0,129953.225,24.95,2008,33,7.42,16.9
117205,Active,426245,NA,NA,S,1,0,197905.975,21.95,2010,34,7.45,16.96
117206,Active,685910,NA,NA,S,1,0,168178.775,29.95,2013,18,22.67,22.95
117207,Active,1471598,NA,NA,S,1,0,67051.25,21.95,2015,18,15.18,18.09
117208,Active,1695210,NA,NA,S,0,0,44569.575,21.99,2012,10,14.66,16.51
117209,Active,2501014,NA,NA,S,0,0,63864.94375,17,1998,83,4,10.36
117210,Active,3484462,NA,NA,S,1,0,96503.65,24.95,2015,21,17.54,21.98
117211,Active,170177,NA,NA,S,13,1,93149.78125,195.95,2011,68,7.39,58.46
117212,Active,106862,NA,NA,S,1,0,112633.575,38,2011,31,5.99,23.49
117213,Active,3794541,NA,NA,S,0,0,241140.125,52.95,2015,12,22.56,11.22
117214,Active,678315,NA,NA,S,0,0,788682.3238,24.95,2015,32,4,0
117215,Active,3043645,NA,NA,S,0,0,342132.1338,179.95,2004,24,15.88,16.03
117216,Active,555629,NA,NA,S,1,0,95550.39375,20.95,2006,45,11.88,17.29
117217,Active,921053,NA,NA,S,1,0,731114.095,60,1996,73,4,25.78
117218,Active,1446437,NA,NA,S,1,0,248577.7475,99.95,2014,28,28.16,63.43
117219,Active,530167,NA,NA,S,3,1,312978.105,85,2011,30,38.89,62.9
117220,Active,673841,NA,NA,S,0,0,132946.55,25.95,2012,24,18.23,22.98
117221,Active,3043500,NA,NA,S,0,0,151877.0013,254.99,2002,8,15.69,27.99
117222,Active,639389,NA,NA,S,3,1,230315.525,48,2006,23,20.63,37.93
117223,Active,259923,NA,NA,S,1,0,132975.45,24.95,2008,42,4.48,10.13
117224,Active,681226,NA,NA,S,3,1,33807.925,29.99,2012,30,12.72,15.9
117225,Active,653087,NA,NA,S,1,0,648939.54,51,2007,24,17.32,39.21
117226,Active,1593040,NA,NA,S,1,0,450560.5138,54.99,2006,32,6.01,47.98
117227,Active,108806,NA,NA,S,9,1,20021.795,201.75,2010,62,41.99,99.89
117228,Active,733755,NA,NA,S,1,0,100997.875,32.5,2011,17,9.52,21.24
117229,Active,646961,NA,NA,S,1,0,46728.025,34.95,2013,28,23.13,23.99
117230,Active,2582521,NA,NA,S,0,0,158502.56,7.95,2003,40,5.08,7.64
117231,Active,1735221,NA,NA,S,1,0,112869.175,25.95,2009,20,18.8,21.4
117232,Active,619620,NA,NA,S,0,0,485070.8325,43.95,1982,43,4.22,19.97
117233,Active,663353,NA,NA,S,0,0,27122.3,44.95,2013,18,28.49,31.67
117234,Active,667465,NA,NA,S,1,0,42160.575,39.95,2010,36,23.06,33.73
117235,Active,3070164,NA,NA,S,3,1,95560.17875,18.95,1999,140,4,6.81
117236,Active,752770,NA,NA,S,0,0,447957.2638,19.99,2010,28,9.54,0
117237,Active,755999,NA,NA,S,9,1,753662.215,19.99,2011,17,20.32,0
117238,Active,751946,NA,NA,S,2,1,171843.3863,19.99,2009,43,4,0
117239,Active,1777509,NA,NA,S,13,1,589007.8638,21.99,2012,18,5.89,487.55
117240,Active,1777253,NA,NA,S,3,1,423263.4663,22.99,2011,26,4,49.95
117241,Active,1570728,NA,NA,S,12,1,799054.1563,16.99,2011,27,4,44.79
117242,Active,754376,NA,NA,S,1,0,729210.6975,12.99,2011,25,4.6,65.27
117243,Active,1570713,NA,NA,S,12,1,736003.735,22.99,2011,33,4,43.9
117244,Active,530161,NA,NA,S,5,1,796440.2063,19.99,2012,18,4.59,43.06
117245,Active,865677,NA,NA,S,2,1,484494.6638,13.99,2012,17,19.55,42.89
117246,Active,1777748,NA,NA,S,16,1,665343.7438,17.99,2012,25,4,70.09
117247,Active,865730,NA,NA,S,2,1,576873.6888,25.99,2011,28,4,59.1
117248,Active,530159,NA,NA,S,5,1,740030.645,29.99,2012,30,4,18.99
117249,Active,1570714,NA,NA,S,11,1,717259.2375,16.99,2010,30,4,69.8
117250,Active,530156,NA,NA,S,11,1,611623.6975,24.99,2010,54,4,9
117251,Active,910961,NA,NA,S,8,1,635828.2613,21.99,2012,26,4,95.3
117252,Active,608277,NA,NA,S,6,1,669673.6075,21.99,2010,35,3.99,0
117253,Active,895057,NA,NA,S,11,1,426875.2088,25.99,2012,25,4,73.43
117254,Active,1567585,NA,NA,S,1,0,688774.5388,12.99,2008,30,3.98,5.97
117255,Active,1570693,NA,NA,S,4,1,590763.2463,16.99,2011,30,4,48.07
117256,Active,1777370,NA,NA,S,17,1,635295.0525,23.99,2011,29,4,780.78
117257,Active,1778255,NA,NA,S,9,1,699221.085,19.99,2012,20,12.96,43.4
117258,Active,906676,NA,NA,S,6,1,726960.5,22.99,2012,26,9.97,174.22
117259,Active,1567291,NA,NA,S,4,1,522735.035,19.99,2009,23,5.09,45.29
117260,Active,535787,NA,NA,S,6,1,935854.5438,21.99,2012,23,4,53.55
117261,Active,1777510,NA,NA,S,6,1,772809.895,12.99,2011,21,13.74,123.66
117262,Active,3633635,NA,NA,S,4,1,647553.25,12.99,2012,24,4.29,60.22
117263,Active,1777543,NA,NA,S,22,1,724777.9063,22.99,2012,27,5.98,53.75
117264,Active,755793,NA,NA,S,2,1,767184.5938,14.99,2011,19,4,30.48
117265,Active,1567635,NA,NA,S,1,0,512358.875,12.99,2008,58,4,7.98
117266,Active,1781623,NA,NA,S,12,1,501316.4425,21.99,2011,29,4,54.76
117267,Active,2106030,NA,NA,S,20,1,75265.2,24.95,2014,18,6.84,11.58
117268,Active,753214,NA,NA,S,3,1,664674.6725,19.99,2010,23,4.55,0
117269,Active,1777544,NA,NA,S,9,1,544160.0975,19.99,2012,25,5.73,86.98
117270,Active,1569110,NA,NA,S,10,1,797986.4838,18.99,2010,39,3.98,15.63
117271,Active,535858,NA,NA,S,8,1,693038.0913,12.99,2012,26,6.33,123.54
117272,Active,2106031,NA,NA,S,0,0,146987.325,22.95,2014,17,4,14.98
117273,Active,2170385,NA,NA,S,1,0,42544.9,23,2015,14,16.94,17.14
117274,Active,867213,NA,NA,S,2,1,71108.4625,74.95,2014,24,38.98,51.72
117275,Active,1668531,NA,NA,S,0,0,35161.925,25,2015,19,12,17
117276,Active,746943,NA,NA,S,1,0,61914.625,24.95,2012,25,12.04,15.24
117277,Active,186513,NA,NA,S,0,0,85326.05,26.5,2007,26,12.66,23.57
117278,Active,3520329,NA,NA,S,1,0,58706.45,26.95,2013,50,4.97,9.97
117279,Active,172009,NA,NA,S,0,0,261429.2438,55,2004,40,4,29.49
117280,Active,2100306,NA,NA,S,0,0,66778.95,35,2013,12,21.99,23.98
117281,Active,2084268,NA,NA,S,0,0,143336.425,62.99,2013,15,28.99,36.98
117282,Active,1639762,NA,NA,S,0,0,60036.125,39.95,2013,10,27.6,26.3
117283,Active,2079983,NA,NA,S,0,0,511989.0013,32.99,2014,28,5.8,24.93
117284,Active,2079818,NA,NA,S,3,1,663178.04,27.45,2010,18,10.44,28.98
117285,Active,1639769,NA,NA,S,6,1,21104.575,32.95,2014,7,23.45,21.99
117286,Active,1716462,NA,NA,S,1,0,458140.6663,28.95,2006,20,7.94,27.79
117287,Active,1972787,NA,NA,S,0,0,68572.3,28.75,2012,15,21.02,23.31
117288,Active,1588908,NA,NA,S,0,0,219256.8,28.99,2008,23,10.61,17.64
117289,Active,2494591,NA,NA,S,0,0,269124.4888,50,1999,54,10.09,73.98
117290,Active,2069334,NA,NA,S,2,1,133232.2,22.95,2011,31,4.79,17.24
117291,Active,2148300,NA,NA,S,0,0,57468.975,32.95,2010,10,14.78,14.46
117292,Active,1634486,NA,NA,S,2,1,80636.5,21.95,2010,58,11.28,16.03
117293,Active,2087651,NA,NA,S,0,0,52373.95,29.95,2012,8,20.72,19.98
117294,Active,1767381,NA,NA,S,3,1,760608.9213,31.5,2015,14,19.82,21.08
117295,Active,1767380,NA,NA,S,3,1,509877.7213,31.5,2015,14,21.5,21.2
117296,Active,1727421,NA,NA,S,0,0,37087.825,39.95,2013,21,21.97,27.09
117297,Active,806707,NA,NA,S,0,0,48058.5,24.99,2008,27,8.97,15.47
117298,Active,1668865,NA,NA,S,7,1,239921.3163,14.95,2012,26,4,7.94
117299,Active,1668735,NA,NA,S,8,1,459673.7825,14.95,2011,34,4,12.19
117300,Active,298949,NA,NA,S,0,0,215494.8975,67.99,2011,51,17.76,34.4
117301,Active,217726,NA,NA,S,4,1,174141.315,97.99,2009,53,37.15,65.62
117302,Active,618125,NA,NA,S,1,0,298027.2325,207.6,1991,39,9.29,87.25
117303,Active,637117,NA,NA,S,4,1,733679.0938,229,2009,24,10.74,13.71
117304,Active,3776982,NA,NA,S,2,1,207817.4,21.99,2015,9,20.03,19.25
117305,Active,192852,NA,NA,S,1,0,697835.0738,42.95,2003,51,4,35.99
117306,Active,2095767,NA,NA,S,1,0,19558.2,44.99,2014,19,28.66,27.96
117307,Active,194151,NA,NA,S,1,0,168550.5,94,2009,25,34.22,49.49
117308,Active,535547,NA,NA,S,5,1,80029.05375,290.95,2013,51,23.87,71.99
117309,Active,2254161,NA,NA,S,3,1,279144.3,48.88,2006,32,8.99,48.72
117310,Active,625123,NA,NA,S,0,0,96948.825,69.95,2010,33,34.34,36.89
117311,Active,57562,NA,NA,S,2,1,397199.5075,73.73,2003,103,4,28.99
117312,Active,755945,NA,NA,S,3,1,442279.925,94.5,2007,14,5.41,0
117313,Active,2380837,NA,NA,S,2,1,392290.2575,47.6,1983,25,7.97,73.97
117314,Active,2143086,NA,NA,S,0,0,155632.325,24.95,2007,30,8.13,23.16
117315,Active,679806,NA,NA,S,1,0,52248.95,24.99,2009,15,13.94,13.98
117316,Active,386745,NA,NA,S,3,1,587844.9163,252.95,2009,72,17.45,110.99
117317,Active,268431,NA,NA,S,1,0,712172.7875,44,2007,22,12.24,40.71
117318,Active,610285,NA,NA,S,7,1,31279.4075,369.5,2013,56,21.79,102.98
117319,Active,145704,NA,NA,S,4,1,285131.69,161,2008,46,4.4,87.27
117320,Active,2084265,NA,NA,S,0,0,86150.1,62.99,2013,6,38.99,41.93
117321,Active,2026742,NA,NA,S,1,0,49537.25,85,2007,11,42.99,48.99
117322,Active,2433180,NA,NA,S,0,0,544511.4788,52.5,1994,49,5.45,21.89
117323,Active,689030,NA,NA,S,1,0,43772.225,22,2013,21,13.05,16.62
117324,Active,872131,NA,NA,S,3,1,292652.88,89.95,2001,36,21.79,96.67
117325,Active,866760,NA,NA,S,5,1,167134.2738,120,2014,32,16.56,47.18
117326,Active,1714850,NA,NA,S,0,0,147133.1,59.4,2009,21,12.54,33.94
117327,Active,542026,NA,NA,S,9,1,35338.8825,411.95,2013,62,35.45,129.89
117328,Active,878977,NA,NA,S,4,1,440768.5138,122.95,2015,41,38.99,71.39
117329,Active,566080,NA,NA,S,1,0,175950.65,254.25,2012,29,14.95,68.37
117330,Active,2238274,NA,NA,S,6,1,218102.325,27.34,2012,4,22.52,23.56
117331,Active,879012,NA,NA,S,0,0,386097.46,177.28,1985,35,4.67,43.98
117332,Active,879424,NA,NA,S,5,1,9440.9875,167.95,2015,39,49.76,78.02
117333,Active,2265009,NA,NA,S,4,1,192611.225,172.81,1900,22,38.24,99.79
117334,Active,912587,NA,NA,S,2,1,171991.2988,200.33,2011,23,17.58,22.93
117335,Active,705326,NA,NA,S,7,1,2679434.664,22.99,2006,12,11.98,22.99
117336,Active,920027,NA,NA,S,3,1,65703.34125,213.8,2014,31,33.98,171.91
117337,Active,552826,NA,NA,S,2,1,494729,54.2,2011,19,8.56,0
117338,Active,656111,NA,NA,S,7,1,572743.1175,65.95,2003,25,15.09,73.77
117339,Active,200375,NA,NA,S,2,1,333355.0625,187.95,2010,39,10.32,43.99
117340,Active,658096,NA,NA,S,0,0,34325.75,60,2013,32,11.44,53.13
117341,Active,237934,NA,NA,S,2,1,395025.575,89.95,2007,21,16.64,34.49
117342,Active,609315,NA,NA,S,3,1,529041.0575,95,1999,76,4,11.7
117343,Active,553353,NA,NA,S,1,0,275386.36,246.4,1988,43,4.47,64.57
117344,Active,594550,NA,NA,S,0,0,138734.375,59.95,2012,25,33.96,34
117345,Active,1822376,NA,NA,S,5,1,122739.375,20.36,2013,26,23.07,23.72
117346,Active,2254826,NA,NA,S,6,1,197207.45,32.28,2009,49,6.29,19.6
117347,Active,612483,NA,NA,S,3,1,36028.1475,125.95,2013,37,53.93,73.63
117348,Active,113181,NA,NA,S,1,0,82290.5,49.95,2009,23,28.55,33.46
117349,Active,200562,NA,NA,S,1,0,174614.15,69.95,2010,23,27.96,40.66
117350,Active,630890,NA,NA,S,0,0,234056.15,89.99,2007,24,24.18,42.99
117351,Active,690166,NA,NA,S,0,0,122716.425,25,2010,15,24.9,24.99
117352,Active,255375,NA,NA,S,0,0,658314.5525,80,2011,45,4.28,0
117353,Active,163921,NA,NA,S,1,0,138948.575,227.95,2002,37,54.49,188.73
117354,Active,2226091,NA,NA,S,7,1,27552.375,24.98,2011,13,23.58,23.51
117355,Active,529482,NA,NA,S,11,1,20392.935,155.67,2012,64,25.91,92.98
117356,Active,263608,NA,NA,S,0,0,355763.25,99,2003,18,38.69,56.43
117357,Active,243680,NA,NA,S,2,1,579217.5538,284.05,2008,47,4.11,17.47
117358,Active,1760566,NA,NA,S,0,0,85201.275,24.99,2013,9,20,22.49
117359,Active,544226,NA,NA,S,5,1,75908.34,126.95,2013,58,46.69,73.99
117360,Active,921919,NA,NA,S,9,1,6911.4975,247.4,2014,72,20.88,125.29
117361,Active,3472973,NA,NA,S,8,1,687701.35,157.6,2012,31,17.08,62.42
117362,Active,618984,NA,NA,S,9,1,134799.6738,288.95,2008,50,16.65,118.98
117363,Active,120340,NA,NA,S,5,1,131862.805,105.6,2008,56,13.73,78.34
117364,Active,909049,NA,NA,S,3,1,74652.28,219.95,2014,27,49.57,57
117365,Active,530093,NA,NA,S,6,1,31026.945,138,2012,50,46.38,63.99
117366,Active,2011342,NA,NA,S,8,1,16779.325,17.99,2013,85,4.14,10.99
117367,Active,582079,NA,NA,S,4,1,548295.2,130,2002,15,39.34,50.48
117368,Active,109058,NA,NA,S,5,1,218884.605,14.98,2004,32,5.88,21.06
117369,Active,867033,NA,NA,S,9,1,17891.25125,147.8,2014,69,53.99,124.71
117370,Active,60417,NA,NA,S,1,0,656187.4975,85.2,1998,38,4,48.71
117371,Active,2266100,NA,NA,S,3,1,198659.825,217.12,1900,31,17.12,128.28
117372,Active,2053435,NA,NA,S,0,0,47151.5,73.98,2012,5,58.99,63.99
117373,Active,562793,NA,NA,S,0,0,122395.2,26.95,2008,53,6.44,15.51
117374,Active,1778363,NA,NA,S,9,1,682696.325,0,2011,14,6.79,29.49
117375,Active,1494436,NA,NA,S,0,0,14398.4,25,2014,17,21.89,21.99
117376,Active,290231,NA,NA,S,0,0,361873.3938,117.75,2009,34,7.26,38.43
117377,Active,1777719,NA,NA,S,9,1,797232.1325,134.75,2011,20,10.86,79.77
117378,Active,663833,NA,NA,S,0,0,51537.55,49.95,2013,14,44.69,40.26
117379,Active,563591,NA,NA,S,0,0,58481.1,22.95,2011,15,15.01,21.44
117380,Active,246761,NA,NA,S,1,0,112432.955,48.95,2010,34,21.05,31.94
117381,Active,271476,NA,NA,S,1,0,413376.9663,76.95,2009,23,18,26.24
117382,Active,2054965,NA,NA,S,0,0,85520.65,0,2012,11,28.99,70
117383,Active,596233,NA,NA,S,0,0,212086.65,64.95,2009,30,15.09,55.08
117384,Active,391746,NA,NA,S,0,0,87892,27.5,2011,25,12.95,16.16
117385,Active,2475109,NA,NA,S,3,1,362424.7663,30.95,1992,43,12.22,172.17
117386,Active,608281,NA,NA,S,3,1,77018.425,21.99,2010,40,8.96,10.65
117387,Active,2143081,NA,NA,S,2,1,118050.175,24.95,2013,8,23.83,24.95
117388,Active,431098,NA,NA,S,3,1,731479.85,37.5,2007,35,4.7,12.24
117389,Active,1939063,NA,NA,S,1,0,19315.525,34.95,2013,27,23.63,23.63
117390,Active,3960275,NA,NA,S,0,0,108226.275,34.99,2015,12,22.46,17.49
117391,Active,655255,NA,NA,S,0,0,56032.85,40,2013,16,24.09,26.63
117392,Active,684166,NA,NA,S,0,0,24201.125,24.95,2013,20,18.22,18.23
117393,Active,1648110,NA,NA,S,0,0,227429.9,35,2009,36,15.08,20.29
117394,Active,3882935,NA,NA,S,0,0,218805.725,59.99,1900,22,18.61,18.93
117395,Active,1630532,NA,NA,S,0,0,251938.3688,19.95,2008,46,4.55,52.31
117396,Active,869293,NA,NA,S,2,1,513666.615,110.95,2015,30,18.78,73.98
117397,Active,1448197,NA,NA,S,1,0,79927.175,33.32,2009,15,10.14,23.97
117398,Active,658509,NA,NA,S,1,0,13585.775,35.99,2009,13,36.73,32.81
117399,Active,641492,NA,NA,S,1,0,9195.1,35.99,2009,16,28.05,28.11
117400,Active,649003,NA,NA,S,1,0,10007.3,35.99,2009,12,23.95,31.49
117401,Active,3472709,NA,NA,S,1,0,103733.025,33.32,2009,46,8.29,22.48
117402,Active,654668,NA,NA,S,1,0,14858.075,35.99,2009,13,30,36.67
117403,Active,651834,NA,NA,S,1,0,23793.875,35.99,2009,12,29.09,29.44
117404,Active,3472708,NA,NA,S,1,0,109642.675,33.32,2009,30,9.43,19.44
117405,Active,553035,NA,NA,S,1,0,58361.475,35.99,2009,19,26.26,32.83
117406,Active,1448200,NA,NA,S,1,0,167622,22.65,2009,31,7.48,13.99
117407,Active,2092761,NA,NA,S,0,0,110888.725,22.95,2015,18,15.2,16.01
117408,Active,110780,NA,NA,S,2,1,769023.4738,46.25,2005,27,4,11.93
117409,Active,2023869,NA,NA,S,0,0,723001.6888,22,2012,11,18.99,23
117410,Active,262323,NA,NA,S,2,1,461801.0838,27.95,2000,39,4,8.29
117411,Active,3472369,NA,NA,S,1,0,148220.475,37.32,2011,27,4,18.98
117412,Active,683949,NA,NA,S,0,0,167099.075,22.65,2009,20,10.07,20.89
117413,Active,2335137,NA,NA,S,0,0,245736.8675,118.05,1992,15,5.88,42.34
117414,Active,689277,NA,NA,S,9,1,170013.35,27.95,2013,11,19.94,18.88
117415,Active,748305,NA,NA,S,0,0,443871.405,136,2007,29,28.38,71.01
117416,Active,2158511,NA,NA,S,0,0,211352.625,86.77,2010,15,21.37,51.93
117417,Active,1476082,NA,NA,S,0,0,726002.53,35.95,2012,27,29.55,28.3
117418,Active,2250055,NA,NA,S,0,0,158992.525,63.11,2007,21,24.54,86.01
117419,Active,3829596,NA,NA,S,0,0,41456.1,34.95,2015,13,31.53,32.77
117420,Active,2022906,NA,NA,S,0,0,156854.175,38.45,2008,21,20.58,27.21
117421,Active,2107184,NA,NA,S,0,0,65094.225,62.99,2014,7,42.78,42.73
117422,Active,559379,NA,NA,S,2,1,64393.25,35,2007,23,18.23,22.42
117423,Active,627100,NA,NA,S,0,0,327251.8325,99.95,1998,53,33.79,64.38
117424,Active,1627342,NA,NA,S,0,0,87368.025,29.95,2010,15,21.1,22.96
117425,Active,2117002,NA,NA,S,3,1,47706.375,22.99,2011,15,13.15,16.95
117426,Active,688526,NA,NA,S,0,0,11121.175,22.99,2013,19,15.96,17.99
117427,Active,3498916,NA,NA,S,0,0,176933.75,44.99,2015,12,32.97,28.09
117428,Active,3497853,NA,NA,S,1,0,49519.875,27.5,2009,69,5.76,12.07
117429,Active,3496120,NA,NA,S,0,0,103073.625,22,2013,22,12.69,19.34
117430,Active,3495610,NA,NA,S,0,0,332292.4,45,2010,102,6.08,29.6
117431,Active,2046810,NA,NA,S,1,0,71101.525,27.95,2015,15,18.8,18.81
117432,Active,193944,NA,NA,S,1,0,380517.235,84.99,2003,56,4,28.98
117433,Active,635150,NA,NA,S,3,1,332012.2975,59.99,2009,30,8.8,40.83
117434,Active,566930,NA,NA,S,1,0,353669.6463,50,2007,27,15.94,79.99
117435,Active,599963,NA,NA,S,2,1,498043.4,39.95,2009,11,7.49,9.06
117436,Active,530041,NA,NA,S,2,1,822621.6075,129.95,2012,23,14.01,67.99
117437,Active,644456,NA,NA,S,1,0,168818.725,44.99,2013,10,24.6,23.99
117438,Active,1561268,NA,NA,S,0,0,467786.1725,7.99,2013,32,4,7.44
117439,Active,1761708,NA,NA,S,1,0,9875.6,39.95,2014,12,33.45,35.95
117440,Active,224739,NA,NA,S,8,1,405566.65,71.95,2011,40,7.82,51.73
117441,Active,2539061,NA,NA,S,2,1,819796.1275,83.95,2004,21,13.83,56.34
117442,Active,3553767,NA,NA,S,0,0,224255.95,39.95,2016,10,37.91,32.67
117443,Active,1781023,NA,NA,S,1,0,203852.35,40,2015,17,25.81,24.27
117444,Active,3111134,NA,NA,S,0,0,127463.875,24.99,2015,10,28.28,20.99
117445,Active,1625388,NA,NA,S,0,0,236965.225,27.5,2007,19,7.98,14.88
117446,Active,2053372,NA,NA,S,2,1,101968.175,22.9,2008,20,12.87,21.98
117447,Active,1616041,NA,NA,S,1,0,9411.4,29.99,2010,49,13.16,18.22
117448,Active,2166775,NA,NA,S,0,0,132540.175,24.95,2014,16,14.22,14.23
117449,Active,1702419,NA,NA,S,1,0,188581.375,23,2009,21,7.44,7.48
117450,Active,621954,NA,NA,S,0,0,829486.6313,41.95,2010,32,7.66,13.99
117451,Active,3544480,NA,NA,S,1,0,216585.575,53.95,2001,26,5.78,45.35
117452,Active,268595,NA,NA,S,1,0,61158.725,25.95,2008,61,7.65,12.49
117453,Active,1488370,NA,NA,S,0,0,228832.675,30,2013,16,20.66,23.69
117454,Active,1759527,NA,NA,S,2,1,23199.65,25,2013,16,17.9,19.38
117455,Active,2067365,NA,NA,S,0,0,122903.325,21.95,2014,11,18.64,18.91
117456,Active,758774,NA,NA,S,1,0,386827.1513,60,1999,82,4.35,18.99
117457,Active,189744,NA,NA,S,1,0,65657.00625,29.95,2004,42,15.93,18
117458,Active,1724442,NA,NA,S,0,0,831049.9925,45,2012,31,14.49,15.99
117459,Active,748879,NA,NA,S,3,1,138837.45,24.99,2007,59,4.74,16.25
117460,Active,2043820,NA,NA,S,0,0,21188.875,24.99,2014,15,16.8,14.48
117461,Active,1576068,NA,NA,S,1,0,212408.35,31.95,2007,19,4.03,24.94
117462,Active,3782027,NA,NA,S,0,0,77032.775,27.95,2007,35,7.99,23.92
117463,Active,2022050,NA,NA,S,0,0,52748.95,45,2014,14,28.99,31.57
117464,Active,615184,NA,NA,S,14,1,517374.05,87.95,2012,74,7.12,28.99
117465,Active,868549,NA,NA,S,15,1,200667.9513,93.95,2015,25,46.5,60.99
117466,Active,2263522,NA,NA,S,13,1,99216.275,123.48,2008,41,38.99,86.84
117467,Active,544549,NA,NA,S,14,1,47223.19,180.95,2013,60,53.23,142.94
117468,Active,765656,NA,NA,S,11,1,222360.2588,94.95,2002,29,12.32,38.49
117469,Active,1683309,NA,NA,S,2,1,406986.165,19.18,2008,7,26.4,24.44
117470,Active,3763394,NA,NA,S,1,0,88634.525,59.99,2016,10,57.98,54.19
117471,Active,1487972,NA,NA,S,1,0,244647.55,22.95,2010,34,6.08,13.18
117472,Active,1500882,NA,NA,S,0,0,65210.15,25,2007,43,6.08,6.49
117473,Active,1534916,NA,NA,S,1,0,40209.125,26.95,2015,38,7.87,10.49
117474,Active,3526812,NA,NA,S,2,1,328176.95,41.75,2015,67,5.4,10.2
117475,Active,877305,NA,NA,S,3,1,46187.65875,162.95,2015,36,48.04,48.06
117476,Active,877318,NA,NA,S,3,1,160011.8125,158.95,2015,50,35.58,55
117477,Active,877230,NA,NA,S,3,1,27750.46875,125.95,2015,46,50.94,76.46
117478,Active,287642,NA,NA,S,1,0,69735.65,67.2,2011,20,27.48,61.35
117479,Active,1695585,NA,NA,S,0,0,134721.65,30,2007,20,17.93,20.55
117480,Active,827137,NA,NA,S,0,0,760580.7275,40,2011,43,9.32,30.52
117481,Active,635180,NA,NA,S,0,0,170293.175,32,2008,22,11.49,21.01
117482,Active,1494962,NA,NA,S,1,0,90629.575,27.95,2014,21,9.33,17.81
117483,Active,907909,NA,NA,S,0,0,152529.35,20.95,2012,25,9.9,15.76
117484,Active,1718762,NA,NA,S,0,0,65900.025,21.95,2008,24,11.68,16.92
117485,Active,1660765,NA,NA,S,0,0,63031.975,30,2014,14,21.65,21.15
117486,Active,1672396,NA,NA,S,3,1,509153.115,13.99,2009,31,4.54,5.39
117487,Active,2100360,NA,NA,S,0,0,105775.175,29.99,2014,11,22.99,22.9
117488,Active,3633952,NA,NA,S,3,1,225595.7,29.99,2014,19,11.19,19.85
117489,Active,2085203,NA,NA,S,0,0,50882.7,27.99,2015,23,12.15,13.82
117490,Active,1815123,NA,NA,S,0,0,61866.725,21.99,2015,18,11.81,11.83
117491,Active,1938810,NA,NA,S,0,0,74149.6,40,2014,24,15.84,22.05
117492,Active,1918531,NA,NA,S,0,0,28121.35,24.99,2014,16,17.43,17.2
117493,Active,3804949,NA,NA,S,2,1,287321.225,44.95,2014,11,36.94,44.95
117494,Active,2051168,NA,NA,S,0,0,41276.1,29.99,2012,13,18.92,18.92
117495,Active,685946,NA,NA,S,5,1,5290.1,24.95,2013,27,14.76,15.36
117496,Active,3694704,NA,NA,S,8,1,214139.075,205.75,2015,16,137.74,175.82
117497,Active,624009,NA,NA,S,1,0,761722.2113,38.95,2004,41,6.46,30.83
117498,Active,671578,NA,NA,S,0,0,761454.245,38.95,2010,29,18.56,32.73
117499,Active,156632,NA,NA,S,1,0,317940.9238,50.95,2000,26,16.05,33.99
117500,Active,157664,NA,NA,S,2,1,626439.645,59.95,2010,27,4.73,36.9
117501,Active,634536,NA,NA,S,1,0,658375.1875,60,1997,30,13.58,37.66
117502,Active,2243009,NA,NA,S,0,0,175998.35,36,2014,28,8.89,31.96
117503,Active,1588142,NA,NA,S,1,0,208396.35,29.99,2011,19,23.66,26.97
117504,Active,111964,NA,NA,S,1,0,189384.4,64,2010,19,34.85,57.64
117505,Active,1553211,NA,NA,S,1,0,187544.825,40.95,2012,26,13.6,33.05
117506,Active,2722327,NA,NA,S,0,0,765049.205,69,2005,25,5.14,16.49
117507,Active,2598229,NA,NA,S,0,0,669429.0063,49.99,1994,54,4,27.87
117508,Active,2419041,NA,NA,S,1,0,413223.4,62,2003,19,12.82,23.56
117509,Active,913446,NA,NA,S,0,0,604357.0663,43.98,1993,30,5.75,28.99
117510,Active,184418,NA,NA,S,0,0,567046.5725,45.95,2006,21,13.98,35.17
117511,Active,2534410,NA,NA,S,0,0,540663.3863,78.95,1999,23,15.1,59.13
117512,Active,218373,NA,NA,S,2,1,64756.375,35,2007,13,23.43,32.49
117513,Active,364040,NA,NA,S,1,0,166908.3,34.95,2007,24,30.98,33.09
117514,Active,689077,NA,NA,S,0,0,7848.825,24.95,2013,15,19.3,17.46
117515,Active,1627756,NA,NA,S,0,0,109288.375,45,2014,13,36.29,33.4
117516,Active,864657,NA,NA,S,7,1,62285.8625,24.99,2014,25,13.59,17.99
117517,Active,533678,NA,NA,S,10,1,8324.505,387.95,2012,129,28.99,87.99
117518,Active,1957348,NA,NA,S,5,1,653184.225,60.06,2014,8,14.34,63.05
117519,Active,540671,NA,NA,S,2,1,24771.635,298,2013,122,45.13,87.98
117520,Active,876475,NA,NA,S,4,1,368199.6363,249.65,2004,47,4.86,23.48
117521,Active,2100475,NA,NA,S,0,0,233030.1,93.95,2012,30,30.99,38.08
117522,Active,1656934,NA,NA,S,2,1,118037.95,40.08,2006,11,39.5,42.08
117523,Active,185115,NA,NA,S,10,1,379580.425,427.95,1996,26,5.93,43.99
117524,Active,764000,NA,NA,S,2,1,645512.3325,206.95,2000,41,4.83,61.91
117525,Active,2010335,NA,NA,S,1,0,53515.475,29.95,2012,12,19.75,20.43
117526,Active,2010252,NA,NA,S,1,0,147263.2,29.95,2007,36,7.49,19.55
117527,Active,621578,NA,NA,S,8,1,15715.25125,309.25,2013,65,33.99,89.89
117528,Active,2253190,NA,NA,S,6,1,523789.7,130.51,2007,45,8.26,78.19
117529,Active,530010,NA,NA,S,4,1,376579.2525,263.2,2012,33,11.2,149.88
117530,Active,1829905,NA,NA,S,7,1,221383.5688,216.95,2015,33,19.32,196.51
117531,Active,517565,NA,NA,S,1,0,236599.225,130,2009,26,46.6,87.6
117532,Active,244461,NA,NA,S,3,1,688311.9575,146.2,2011,48,18.94,106.29
117533,Active,175617,NA,NA,S,1,0,173397.425,105,2006,23,49.29,82.33
117534,Active,895186,NA,NA,S,0,0,818489.745,80.97,2006,28,4.97,31.99
117535,Active,685137,NA,NA,S,0,0,213998.75,24.95,2009,12,22.69,24.52
117536,Active,111459,NA,NA,S,1,0,588648.0913,26.11,2009,17,18.54,305.56
117537,Active,132307,NA,NA,S,5,1,362409.6413,184.6,2007,39,7.86,101.63
117538,Active,603460,NA,NA,S,1,0,61203.025,39.99,2011,24,20.13,25
117539,Active,616939,NA,NA,S,1,0,89002.51125,30,2010,31,16.09,19.02
117540,Active,3595777,NA,NA,S,0,0,82994.525,55,2016,32,22.02,32.12
117541,Active,1993625,NA,NA,S,0,0,13444.425,24.95,2013,9,26.93,22.46
117542,Active,3793763,NA,NA,S,0,0,95564.05,32.99,2010,20,19.93,22.77
117543,Active,1455478,NA,NA,S,2,1,147597.7,151,2014,16,12.66,118.98
117544,Active,1477204,NA,NA,S,2,1,404280.1275,133.95,2014,15,38.39,45.24
117545,Active,243736,NA,NA,S,4,1,97557.2,25,2014,25,18.48,18.99
117546,Active,1956534,NA,NA,S,5,1,296774.1188,165.5,2013,45,46.98,64.14
117547,Active,876797,NA,NA,S,4,1,680202.5225,88.1,2012,32,18.67,73.64
117548,Active,596547,NA,NA,S,1,0,73554.425,38.95,2008,37,22.33,38.95
117549,Active,621056,NA,NA,S,1,0,97027.575,75.6,2012,26,41.99,64.41
117550,Active,699266,NA,NA,S,4,1,189026.655,52.45,2011,24,15.99,38.04
117551,Active,867074,NA,NA,S,14,1,80503.29625,107,2014,44,52.54,84.52
117552,Active,1732771,NA,NA,S,1,0,722803.3788,97,2009,29,18.54,18.53
117553,Active,1464564,NA,NA,S,1,0,119387.75,36.95,2014,17,23.43,29.3
117554,Active,1508567,NA,NA,S,0,0,178830.1,26,2014,39,4,7.68
117555,Active,689598,NA,NA,S,0,0,72316.275,23.75,2013,20,20.03,21.18
117556,Active,621880,NA,NA,S,6,1,627391.215,45,2005,35,4.12,6.25
117557,Active,1480943,NA,NA,S,3,1,376408.185,20.98,2012,21,4.73,20.74
117558,Active,1620403,NA,NA,S,1,0,39185.5,24.2,2013,19,14.32,17.9
117559,Active,689719,NA,NA,S,2,1,201638.225,23.95,2011,16,17.59,19.55
117560,Active,2143246,NA,NA,S,0,0,489360.3925,19.95,2006,14,17.46,19.95
117561,Active,643141,NA,NA,S,1,0,362367.4113,93,2005,41,6.99,63.95
117562,Active,293638,NA,NA,S,5,1,612715.0288,63.07,2007,17,6.99,83.94
117563,Active,2204616,NA,NA,S,0,0,460769.0588,29.99,2010,17,30.43,85.78
117564,Active,862068,NA,NA,S,2,1,465076.2225,73.95,2014,38,12.14,45
117565,Active,615539,NA,NA,S,0,0,159273.2725,56,2006,76,5.86,15.85
117566,Active,920170,NA,NA,S,0,0,273497.1575,56,2006,64,4.72,17.83
117567,Active,620708,NA,NA,S,2,1,285259.1325,39,1998,45,4.22,69.55
117568,Active,1583118,NA,NA,S,2,1,624049.1613,61.45,2010,46,9.99,36.99
117569,Active,664443,NA,NA,S,1,0,462136.06,74.99,2012,20,9.94,53.49
117570,Active,609906,NA,NA,S,16,1,3796.15375,194.5,2013,96,42.92,63.99
117571,Active,1867406,NA,NA,S,2,1,645046.4138,99.95,2014,22,4.78,65.5
117572,Active,2079756,NA,NA,S,1,0,91772.35,29.95,2011,18,21.01,22.79
117573,Active,544372,NA,NA,S,7,1,80385.07125,300.95,2013,49,52.49,133.98
117574,Active,492256,NA,NA,S,1,0,50389.5,22.99,2011,35,11.3,16.07
117575,Active,262717,NA,NA,S,2,1,835050.8,61.95,2006,36,10.82,61.95
117576,Active,688542,NA,NA,S,1,0,122528.5,24,2012,17,15.33,19.09
117577,Active,486161,NA,NA,S,1,0,132481.95,24,2010,16,9.98,17.52
117578,Active,571887,NA,NA,S,0,0,65370.4075,5.1,2002,43,4.71,4.9
117579,Active,852354,NA,NA,S,0,0,558908.1938,191.8,2001,33,11.99,48.09
117580,Active,1780570,NA,NA,S,1,0,47135.15,22.99,2015,15,16.4,16.1
117581,Active,768572,NA,NA,S,0,0,212531.8525,79.65,2000,35,8.19,33.97
117582,Active,1447740,NA,NA,S,0,0,476584.8525,41.94,2008,17,13.78,41.94
117583,Active,53812,NA,NA,S,0,0,5032.6575,96.6,2000,182,23.99,65.91
117584,Active,614068,NA,NA,S,0,0,741684.1325,114.75,2000,72,4.93,19.94
117585,Active,529997,NA,NA,S,1,0,36790.9175,112.5,2011,98,42.93,64.19
117586,Active,1566732,NA,NA,S,2,1,18202.64625,19.99,2008,124,4.81,8.36
117587,Active,688692,NA,NA,S,2,1,72256,29.99,2009,17,20.22,20.36
117588,Active,677143,NA,NA,S,0,0,795961.525,26,2012,101,4,0
117589,Active,770957,NA,NA,S,0,0,726441.8363,88.95,2003,22,4.71,19.89
117590,Active,2167505,NA,NA,S,4,1,78917.90625,20,2014,50,6.28,10.09
117591,Active,271164,NA,NA,S,2,1,28261.95,24.95,2011,23,16.05,16.05
117592,Active,1908520,NA,NA,S,0,0,46765,19.99,2016,17,14.94,16.74
117593,Active,770610,NA,NA,S,0,0,355245.9838,173.1,2003,33,18.46,84.43
117594,Active,1622134,NA,NA,S,0,0,178129.6,69.55,2006,13,56.56,66.53
117595,Active,2203804,NA,NA,S,1,0,150384.525,60,2012,12,35.49,43.86
117596,Active,1461786,NA,NA,S,0,0,57256.25,23,2012,61,7.13,7.78
117597,Active,1534742,NA,NA,S,1,0,102336.575,39.95,2014,15,27.9,28.79
117598,Active,1575986,NA,NA,S,1,0,155369.925,54.95,2007,37,8.78,39.47
117599,Active,1668467,NA,NA,S,1,0,98577.925,60,2013,20,25.03,37.32
117600,Active,3583383,NA,NA,S,1,0,108260.15,55,2008,39,11.92,31.98
117601,Active,746205,NA,NA,S,0,0,530467.0425,59.95,2002,40,15.97,46.23
117602,Active,1698975,NA,NA,S,0,0,79627.1,25,2015,26,7.94,7.98
117603,Active,3523626,NA,NA,S,1,0,110901.525,22.95,2007,45,4,15.03
117604,Active,2042037,NA,NA,S,0,0,141368.425,24.99,2013,13,12.61,12.61
117605,Active,2042077,NA,NA,S,0,0,101340.65,24.99,2015,15,13.98,14.38
117606,Active,1866681,NA,NA,S,0,0,94034.875,55,2012,21,23.12,34.15
117607,Active,2226282,NA,NA,S,0,0,630023.6138,21.98,2007,36,25.25,22.51
117608,Active,3485589,NA,NA,S,0,0,141715.25,65,2013,30,16.7,16.69
117609,Active,3829614,NA,NA,S,0,0,32426.275,65,2016,6,45.8,41.5
117610,Active,3878951,NA,NA,S,0,0,551040.2,60,1900,22,40.19,40.66
117611,Active,642043,NA,NA,S,1,0,27092.1,34.99,2013,20,21.88,21.77
117612,Active,863709,NA,NA,S,1,0,239053,34.99,2009,17,12.94,23.64
117613,Active,1584184,NA,NA,S,0,0,180098.375,29.99,2012,25,15.99,24.63
117614,Active,2155247,NA,NA,S,7,1,79189.725,34.95,2014,14,23.91,23.93
117615,Active,622384,NA,NA,S,4,1,358363.6663,208.5,2003,34,43.97,153.99
117616,Active,2038708,NA,NA,S,0,0,218686.35,34.95,2012,12,31.9,30.45
117617,Active,863024,NA,NA,S,0,0,427029.39,39.99,2002,25,25.98,35.68
117618,Active,735939,NA,NA,S,0,0,63462.75,22,2011,29,8.92,14.8
117619,Active,2414451,NA,NA,S,1,0,582456.0963,39.95,1978,94,4,28.98
117620,Active,149293,NA,NA,S,0,0,765414.7575,42.95,2004,28,7.97,31.99
117621,Active,860360,NA,NA,S,1,0,148197.275,49,2011,19,12.34,32.08
117622,Active,893337,NA,NA,S,2,1,103824.005,60,2015,27,17.26,33.97
117623,Active,2254534,NA,NA,S,2,1,586834.925,127.46,2009,17,39.2,118.14
117624,Active,2096780,NA,NA,S,0,0,20870.675,35,2014,14,23.01,23.01
117625,Active,2027045,NA,NA,S,0,0,50922.425,35,2012,19,14.57,23.23
117626,Active,2027703,NA,NA,S,0,0,401120.2763,69.95,2011,26,43.19,63.78
117627,Active,892821,NA,NA,S,6,1,4094.83125,24.99,2014,22,14.31,0
117628,Active,802716,NA,NA,S,4,1,218113.5,24.99,2010,46,4.36,15.57
117629,Active,540683,NA,NA,S,3,1,782992.8675,55,2012,38,4,5.99
117630,Active,540680,NA,NA,S,3,1,331783.035,66.2,2012,36,12.08,17.99
117631,Active,618272,NA,NA,S,1,0,343539.7213,67.2,2009,29,7.95,46.38
117632,Active,3503738,NA,NA,S,0,0,12903,17.99,2016,13,14.96,11.92
117633,Active,861392,NA,NA,S,1,0,602605.3463,24.99,2014,19,6.48,11.07
117634,Active,1433490,NA,NA,S,1,0,56230.825,25.99,2013,28,13.76,15.81
117635,Active,679944,NA,NA,S,2,1,141593.55,24.95,2008,15,13.14,18.8
117636,Active,2027808,NA,NA,S,1,0,64944.075,24,2012,20,14.41,20.99
117637,Active,3461952,NA,NA,S,5,1,64545.1075,30,2015,18,17.95,18.19
117638,Active,2043287,NA,NA,S,1,0,143955.225,21.99,2013,21,4.56,4.56
117639,Active,2043747,NA,NA,S,0,0,232174.65,24.99,2011,19,7.52,7.63
117640,Active,1942772,NA,NA,S,0,0,54539.35,22,2015,43,4.67,13.52
117641,Active,1836825,NA,NA,S,0,0,13862.05,22.95,2011,23,15.35,13.05
117642,Active,702447,NA,NA,S,1,0,155423.05,25,2013,30,4,9.22
117643,Active,1571844,NA,NA,S,0,0,172557.025,23.95,2010,26,12.42,14.95
117644,Active,639285,NA,NA,S,1,0,134183.575,32.95,2008,30,16.33,23.88
117645,Active,2015551,NA,NA,S,2,1,72465.175,22.95,2009,19,14.14,14.34
117646,Active,1778861,NA,NA,S,1,0,54555.9,22.99,2013,14,16.01,15.64
117647,Active,677293,NA,NA,S,0,0,8713.125,22.99,2010,54,4.74,13.87
117648,Active,687446,NA,NA,S,0,0,137847.175,20.95,2011,18,13.41,14.8
117649,Active,1970014,NA,NA,S,0,0,132533.625,25,2014,54,5.39,6.6
117650,Active,2091697,NA,NA,S,0,0,96508.75,30.44,2010,18,4.7,30.43
117651,Active,1736058,NA,NA,S,1,0,68238.575,21,2007,17,9.83,88.87
117652,Active,680280,NA,NA,S,0,0,56028.475,21.95,2009,31,11.06,15.9
117653,Active,2160754,NA,NA,S,0,0,195428.1,21.95,2009,14,8.45,18.99
117654,Active,1710731,NA,NA,S,1,0,129403.65,26,2008,32,21.58,25.96
117655,Active,1939037,NA,NA,S,1,0,61651.975,46,2014,13,33.58,33.9
117656,Active,689260,NA,NA,S,1,0,219603.9,29.95,2008,18,18.88,19.43
117657,Active,2737568,NA,NA,S,0,0,812742.5,44.95,2004,47,14.72,36.52
117658,Active,679938,NA,NA,S,1,0,198507.075,22.95,2008,34,6.92,14.48
117659,Active,1780615,NA,NA,S,2,1,24647.275,24.95,2014,20,17.43,17
117660,Active,1988571,NA,NA,S,1,0,109744.45,21.99,2013,7,23.62,21.49
117661,Active,529976,NA,NA,S,5,1,396077.0888,31.95,2013,59,4,11.95
117662,Active,1996781,NA,NA,S,0,0,171131.375,24.95,2014,9,21.54,22.29
117663,Active,1946070,NA,NA,S,1,0,155997.2,26.99,2014,20,17.92,17.92
117664,Active,1932371,NA,NA,S,2,1,305405.96,14.99,2011,51,4.48,7.99
117665,Active,3960191,NA,NA,S,1,0,41679.2,24.99,2015,20,14.49,15.72
117666,Active,676257,NA,NA,S,1,0,157344.5,23.95,2013,38,4,14.72
117667,Active,1989617,NA,NA,S,1,0,162835.475,29.99,2014,15,18.94,19.5
117668,Active,671950,NA,NA,S,0,0,6167.025,21.95,2007,30,18.98,18.95
117669,Active,2010742,NA,NA,S,0,0,220263.55,40.95,2011,20,23.61,30.91
117670,Active,617967,NA,NA,S,1,0,179269.8713,44.95,2009,51,15.6,36.13
117671,Active,1932381,NA,NA,S,1,0,123942.275,22.99,2012,15,16.46,15.59
117672,Active,1475153,NA,NA,S,1,0,101285.175,38.95,2012,12,23.94,28.85
117673,Active,689206,NA,NA,S,0,0,17196.55,21.95,2009,23,17.43,20.66
117674,Active,2099569,NA,NA,S,0,0,96851.45,29.95,2014,7,26.99,27.44
117675,Active,2899619,NA,NA,S,0,0,92575.49875,21.95,2001,49,4.98,71.79
117676,Active,1701562,NA,NA,S,0,0,61966.2,26.95,2013,14,26.73,26.95
117677,Active,1693270,NA,NA,S,0,0,242901.275,24.95,2008,18,14.38,18.99
117678,Active,634927,NA,NA,S,1,0,53085.45,39.95,2011,22,28.62,29.05
117679,Active,1866858,NA,NA,S,0,0,10835.95,24.95,2015,18,14.43,14.75
117680,Active,274690,NA,NA,S,0,0,831983.94,59.95,2001,62,4,17.97
117681,Active,1626285,NA,NA,S,0,0,68512.3,22,2007,26,5.03,12.68
117682,Active,626321,NA,NA,S,0,0,82035.25,35,2009,31,14.89,17.99
117683,Active,1784159,NA,NA,S,0,0,132746,38,2013,18,24.87,30.51
117684,Active,672190,NA,NA,S,0,0,8502.92875,16,1991,968,4,8.14
117685,Active,3959840,NA,NA,S,0,0,119427.45,16,2011,13,9.82,17.22
117686,Active,1434260,NA,NA,S,1,0,47587.85,26.99,2015,21,14.95,16.52
117687,Active,1433534,NA,NA,S,0,0,69995.55,21.99,2014,14,11.65,14.17
117688,Active,676605,NA,NA,S,1,0,139394.7,25.95,2013,53,4,6.96
117689,Active,1532628,NA,NA,S,0,0,26374.25,28,2015,35,11.39,9.48
117690,Active,1489621,NA,NA,S,1,0,70237.2,28,2014,13,27.59,24.94
117691,Active,3566355,NA,NA,S,1,0,46145.275,25,2011,37,13.48,17.14
117692,Active,909094,NA,NA,S,1,0,149495.575,24.99,2013,12,16.11,16.75
117693,Active,771801,NA,NA,S,1,0,101639.3,28,2008,69,4,8.98
117694,Active,596799,NA,NA,S,0,0,12614.02875,14.99,2001,70,7.82,11.78
117695,Active,3800737,NA,NA,S,0,0,21104.675,50,2015,21,26.51,27.38
117696,Active,1712468,NA,NA,S,2,1,111418.55,22.5,2008,24,19.95,21.38
117697,Active,637557,NA,NA,S,1,0,5993.65,32.5,2013,61,12.88,16.98
117698,Active,2066700,NA,NA,S,0,0,71446.15,25.99,2008,13,13.29,14.99
117699,Active,747225,NA,NA,S,0,0,96894.895,24.95,2001,38,9.98,18.54
117700,Active,1732636,NA,NA,S,0,0,89465.4,24.95,2007,21,15.36,16.99
117701,Active,1502347,NA,NA,S,6,1,617638.0613,19.99,2012,35,4,11.58
117702,Active,257250,NA,NA,S,0,0,443207.2938,47.5,2004,22,4.98,22.57
117703,Active,1988372,NA,NA,S,0,0,11604.125,29.95,2013,15,26.27,26.95
117704,Active,2001812,NA,NA,S,0,0,11422.85,29.99,2014,15,23.03,24.99
117705,Active,261077,NA,NA,S,2,1,292292.3825,24.95,2002,38,4.02,30.91
117706,Active,554855,NA,NA,S,0,0,710381.3263,28.95,2001,42,4.12,0
117707,Active,124357,NA,NA,S,12,1,163747.875,42,2007,22,16.93,29.93
117708,Active,749780,NA,NA,S,1,0,199809.65,25.95,2009,36,8.92,18.1
117709,Active,2022034,NA,NA,S,0,0,72846.05,50,2013,10,32.84,30.49
117710,Active,1565476,NA,NA,S,1,0,103851.75,25,2009,60,4,8.24
117711,Active,2167220,NA,NA,S,1,0,94712.05,39.95,2013,14,28.08,26.95
117712,Active,863846,NA,NA,S,2,1,64811.425,24.95,2010,12,19.49,18.27
117713,Active,1433863,NA,NA,S,1,0,87367.475,27.99,2015,37,10.38,16.43
117714,Active,1595490,NA,NA,S,0,0,107149.075,26.95,2015,24,6.5,16.73
117715,Active,2509484,NA,NA,S,0,0,37225.6225,15.95,1996,57,6.28,9.99
117716,Active,1710819,NA,NA,S,0,0,183121.6,25,2009,22,10.58,21.98
117717,Active,1536533,NA,NA,S,1,0,3997.65,26.95,2014,65,10.1,13.43
117718,Active,862070,NA,NA,S,4,1,189569.3488,53.95,2014,23,18.08,42.94
117719,Active,1856582,NA,NA,S,0,0,136713.2525,44.99,2010,27,11.99,29.78
117720,Active,625261,NA,NA,S,5,1,264266.075,39.8,2010,15,7.79,32.09
117721,Active,679462,NA,NA,S,1,0,90699.975,29.99,2009,18,18.93,19.39
117722,Active,624397,NA,NA,S,0,0,298820.92,79.95,2008,40,43.79,163.57
117723,Active,3882962,NA,NA,S,0,0,16853.325,69.99,2016,7,59.41,46.75
117724,Active,2592215,NA,NA,S,0,0,520553.965,64.99,1987,24,8.92,52.2
117725,Active,1716152,NA,NA,S,0,0,37639.575,24.95,2015,13,21.67,21.68
117726,Active,644395,NA,NA,S,4,1,9552.25,82,2013,69,44.26,54.97
117727,Active,2737291,NA,NA,S,0,0,149393.9638,16.99,2005,40,7,14.37
117728,Active,689602,NA,NA,S,2,1,87994.15,25.95,2013,21,20.76,25.95
117729,Active,2460416,NA,NA,S,0,0,168715.4588,17,2004,38,4.28,12.93
117730,Active,1873278,NA,NA,S,0,0,20043.8,24.99,2012,39,11.5,17.7
117731,Active,869523,NA,NA,S,2,1,150227.7325,44.95,2014,20,33.98,39.72
117732,Active,893279,NA,NA,S,4,1,181732.9225,44.95,2014,22,13.99,29.57
117733,Active,3745863,NA,NA,S,3,1,308670.05,45.95,2015,36,27.04,28.4
117734,Active,2031099,NA,NA,S,0,0,202488.675,35,2012,29,8.74,23.57
117735,Active,1673174,NA,NA,S,0,0,20777.5,34.99,2014,12,24.31,25.05
117736,Active,551307,NA,NA,S,5,1,726067.7713,113.75,2003,25,4.93,7.88
117737,Active,651989,NA,NA,S,1,0,129949.7388,51.25,2006,26,10.92,59.69
117738,Active,709265,NA,NA,S,0,0,263024.7775,182.56,2008,17,22.94,74.27
117739,Active,551430,NA,NA,S,0,0,50496.54,162,2013,59,42.95,53.96
117740,Active,678147,NA,NA,S,0,0,356323.8788,32.75,2004,24,5.89,0
117741,Active,613346,NA,NA,S,0,0,682572.81,141.1,1998,94,4.42,13.69
117742,Active,708843,NA,NA,S,2,1,127255.62,167.5,2007,87,6.14,53.98
117743,Active,547814,NA,NA,S,0,0,251143.7525,161,2000,46,5.6,79.96
117744,Active,2302753,NA,NA,S,0,0,307885.6788,131.5,2000,66,4.25,24.8
117745,Active,2302754,NA,NA,S,0,0,632182.195,152.5,2000,67,4.45,8.64
117746,Active,637156,NA,NA,S,1,0,137119.3388,126.25,2008,41,17.22,43.99
117747,Active,2305629,NA,NA,S,0,0,661544.2475,128.25,1999,88,4.3,14.74
117748,Active,533001,NA,NA,S,0,0,43270.0725,123.5,2011,66,40.93,64.2
117749,Active,547900,NA,NA,S,0,0,409970.54,153.25,1999,98,5.99,26.95
117750,Active,112338,NA,NA,S,1,0,169797.6138,160.75,2010,78,18.76,52.53
117751,Active,625352,NA,NA,S,1,0,152137.46,127.5,2007,54,8.29,45.79
117752,Active,1443232,NA,NA,S,0,0,156641.85,0,2008,19,5.28,90.85
117753,Active,538946,NA,NA,S,1,0,400443.9138,32.75,2007,26,3.85,0
117754,Active,706995,NA,NA,S,0,0,645502.795,104.85,2003,29,7.97,103.89
117755,Active,706608,NA,NA,S,0,0,39998.31375,0,2010,6,17.62,0
117756,Active,3107621,NA,NA,S,0,0,65873.55,24.95,2013,9,13.98,18.25
117757,Active,2002478,NA,NA,S,0,0,17097.525,21,2014,12,16.95,17.05
117758,Active,1527475,NA,NA,S,1,0,111600.975,30,2012,40,10.47,13.18
117759,Active,3491335,NA,NA,S,0,0,166852.55,55,2015,12,35.99,35.39
117760,Active,1760157,NA,NA,S,1,0,62772.125,25.99,2015,11,21.75,23.39
117761,Active,652914,NA,NA,S,8,1,176002.5188,190.06,2013,22,26.31,204.31
117762,Active,1475366,NA,NA,S,1,0,57721.175,27.95,2011,11,22.91,22.91
117763,Active,2133514,NA,NA,S,0,0,150748.175,40,2015,19,25.89,30.46
117764,Active,547026,NA,NA,S,2,1,624073.055,80,2011,22,11.25,49.16
117765,Active,1437643,NA,NA,S,1,0,124240.3,22,2014,19,6.99,12.67
117766,Active,685323,NA,NA,S,0,0,43283.7,30,2013,23,18.08,18.07
117767,Active,915364,NA,NA,S,2,1,480115.6113,64.95,2008,31,19.46,28.63
117768,Active,156808,NA,NA,S,1,0,643099.6763,73.95,2000,24,4.42,54.94
117769,Active,3516688,NA,NA,S,1,0,67220.925,52.95,2012,21,43.7,40.66
117770,Active,657946,NA,NA,S,1,0,463745.57,46.95,2013,21,7.54,37.94
117771,Active,639802,NA,NA,S,2,1,391156.035,99,2012,38,12.83,66.73
117772,Active,1647614,NA,NA,S,1,0,115492.275,24.95,2013,21,17.55,18.62
117773,Active,864076,NA,NA,S,1,0,128940.95,84.99,2011,17,53.99,58.97
117774,Active,620300,NA,NA,S,2,1,334204.5763,33.95,2008,34,5.37,27.48
117775,Active,529960,NA,NA,S,2,1,721171.8638,35,2011,26,5.93,23.23
117776,Active,1716144,NA,NA,S,0,0,172918.8,26.95,2015,10,26.05,24.18
117777,Active,157206,NA,NA,S,0,0,662796.9313,69.95,2006,28,4.14,54.98
117778,Active,1437137,NA,NA,S,1,0,732567.2288,94,2014,36,10.69,26.14
117779,Active,1625594,NA,NA,S,0,0,152740.725,42,2014,24,18.99,35.29
117780,Active,206035,NA,NA,S,1,0,592985.8,60,2006,33,4,0
117781,Active,545837,NA,NA,S,0,0,750415.7175,46,2013,59,4,11.94
117782,Active,924327,NA,NA,S,31,1,140455.825,56,2015,28,12.42,56.31
117783,Active,658754,NA,NA,S,1,0,732499.85,45.95,2009,17,13.96,35.46
117784,Active,213282,NA,NA,S,1,0,647380.4625,56.95,2008,22,7.06,43.89
117785,Active,381486,NA,NA,S,2,1,101324.23,83.95,2011,51,25.84,47.03
117786,Active,551181,NA,NA,S,1,0,127386.7813,76.94,2012,40,24.59,0
117787,Active,698895,NA,NA,S,5,1,614055.705,94.5,2010,21,5.13,59.94
117788,Active,529957,NA,NA,S,8,1,105024.1588,279.4,2013,52,13.4,113.99
117789,Active,3516686,NA,NA,S,0,0,276717.55,54.95,2016,5,46.28,40.15
117790,Active,1720720,NA,NA,S,0,0,111872.475,22,2009,41,6.61,12.85
117791,Active,172204,NA,NA,S,1,0,108979.625,34.95,2007,34,11.78,24.64
117792,Active,863448,NA,NA,S,1,0,170565.7,34.95,2007,17,20.17,24.94
117793,Active,632693,NA,NA,S,2,1,539873.0188,85,2011,20,15.74,56.22
117794,Active,157582,NA,NA,S,1,0,217405.5975,59.95,2011,36,9.89,34.41
117795,Active,533268,NA,NA,S,3,1,47736.34125,114.2,2012,46,29.63,38.54
117796,Active,540134,NA,NA,S,6,1,20131.4225,120,2013,77,39.64,73.98
117797,Active,1927600,NA,NA,S,1,0,130938.225,86,2012,16,59.53,48.98
117798,Active,1576278,NA,NA,S,0,0,716400.32,29.95,2009,34,7.97,13.98
117799,Active,2435245,NA,NA,S,1,0,692446.1663,44.95,2001,53,10.63,31.83
117800,Active,543835,NA,NA,S,3,1,110837.2625,171.95,2012,51,6.26,23.55
117801,Active,2268323,NA,NA,S,3,1,398332.325,103.04,1900,37,11.95,94.95
117802,Active,595934,NA,NA,S,3,1,126197.175,35,2013,25,15.12,37.13
117803,Active,1713538,NA,NA,S,0,0,685796.6638,34.95,2008,18,15.17,31.29
117804,Active,544601,NA,NA,S,3,1,60695.53125,294.95,2013,54,39.74,150.21
117805,Active,538798,NA,NA,S,14,1,266310.2625,71.25,2012,34,13.94,43.98
117806,Active,336776,NA,NA,S,0,0,579512.4575,73.95,2008,50,13.97,21.14
117807,Active,702361,NA,NA,S,1,0,399914.3888,73,2013,31,9.89,23.57
117808,Active,1768641,NA,NA,S,0,0,168090.525,34.99,2012,33,15.62,23.93
117809,Active,1767477,NA,NA,S,5,1,55513.32,54.99,2015,27,19.98,45.68
117810,Active,529946,NA,NA,S,2,1,378972.815,11.95,2009,49,4,3.94
117811,Active,1593213,NA,NA,S,1,0,143841.675,44.99,2011,21,20.98,28.87
117812,Active,680425,NA,NA,S,1,0,126472.6,22.95,2012,39,4,6.09
117813,Active,243902,NA,NA,S,3,1,57877.25125,84.95,2011,55,36.77,63.98
117814,Active,680436,NA,NA,S,3,1,62371.55,29,2012,14,25.42,25.52
117815,Active,659878,NA,NA,S,0,0,178955.3,35.95,2013,19,29.47,29.45
117816,Active,685417,NA,NA,S,0,0,43810.1,27,2011,28,8.16,24.98
117817,Active,1589598,NA,NA,S,1,0,880478.9475,44.99,2008,31,6.74,28.97
117818,Active,626121,NA,NA,S,0,0,768684.29,57,2008,43,4,28.91
117819,Active,1480316,NA,NA,S,1,0,27977.55,37.95,2013,12,30.61,40.23
117820,Active,904005,NA,NA,S,2,1,313100.8288,29.95,2014,24,16.97,19.7
117821,Active,658376,NA,NA,S,0,0,508453.9075,53,2011,33,9.17,34.11
117822,Active,915832,NA,NA,S,1,0,782959.0263,80,2004,36,4,16.28
117823,Active,1939170,NA,NA,S,1,0,94482.1,76,2015,29,39.44,49.64
117824,Active,2025759,NA,NA,S,0,0,100326.3,39.95,2014,14,29.33,29.24
117825,Active,1496302,NA,NA,S,1,0,61162.9,26,2012,36,7.84,14.57
117826,Active,3792210,NA,NA,S,0,0,728246.35,22.99,2002,46,37.92,63.94
117827,Active,607534,NA,NA,S,7,1,581017.5425,87.95,1998,104,3.75,12.13
117828,Active,1781285,NA,NA,S,1,0,28973.475,26.99,2015,16,10.62,18.04
117829,Active,2015290,NA,NA,S,0,0,70549.7,24.95,2012,22,6.23,15.48
117830,Active,1814585,NA,NA,S,1,0,22182.35,29.99,2014,22,18.9,17.61
117831,Active,2144843,NA,NA,S,4,1,130220.25,26.95,2010,56,4.39,30.48
117832,Active,2155968,NA,NA,S,0,0,62809.9,26.95,2008,15,17.99,19.33
117833,Active,2010265,NA,NA,S,1,0,47844.825,35.5,2007,27,14.85,21.93
117834,Active,2089766,NA,NA,S,0,0,71829.475,26.95,2013,11,18.04,18.26
117835,Active,1660595,NA,NA,S,1,0,34532.15,27.99,2011,11,25.48,20.02
117836,Active,2170120,NA,NA,S,2,1,10712.125,24.99,2015,16,15.17,17.71
117837,Active,2238452,NA,NA,S,0,0,184305.8,25,2012,10,20,23.95
117838,Active,2134183,NA,NA,S,0,0,248946.175,44.99,2011,13,38.99,44.37
117839,Active,2095803,NA,NA,S,1,0,43696.55,44.99,2015,17,29.55,27.1
117840,Active,767901,NA,NA,S,1,0,71566.675,24.3,2010,12,21.84,33.19
117841,Active,1603718,NA,NA,S,0,0,36337.025,22.25,2011,52,9.68,25.12
117842,Active,768167,NA,NA,S,1,0,31084.675,23.15,2011,41,12.81,20.83
117843,Active,1603717,NA,NA,S,1,0,66688.075,23.15,2011,26,19.98,34.68
117844,Active,3531489,NA,NA,S,1,0,183327.55,23.15,2011,65,4.77,7.96
117845,Active,3530929,NA,NA,S,1,0,83552.2,21.65,2013,14,19.49,23.98
117846,Active,3530930,NA,NA,S,1,0,30915.875,21.65,2013,15,23.95,24.43
117847,Active,3467109,NA,NA,S,0,0,38578.725,27.99,2015,44,4.98,15.17
117848,Active,118974,NA,NA,S,1,0,133454.75,106.8,2010,44,4,13.48
117849,Active,1823157,NA,NA,S,0,0,90703,2321.21,2014,17,15.34,143.82
117850,Active,632279,NA,NA,S,1,0,247579.9338,106.8,2013,48,4.94,0
117851,Active,1453142,NA,NA,S,1,0,43825.475,42.4,2013,16,22.99,33.35
117852,Active,635966,NA,NA,S,1,0,123804.05,106.8,2013,39,12.85,33.98
117853,Active,3124435,NA,NA,S,3,1,469860.0375,22.95,1997,40,4.62,42.99
117854,Active,2039828,NA,NA,S,1,0,62741.625,24,2014,18,17.36,17.38
117855,Active,2539784,NA,NA,S,1,0,692705.34,45.95,2003,23,14.18,42.64
117856,Active,2886922,NA,NA,S,1,0,171479.8538,18.95,1986,71,4,11.99
117857,Active,1469694,NA,NA,S,1,0,154876.225,110,2012,19,58.03,73.74
117858,Active,2776400,NA,NA,S,0,0,482452.635,23.95,1990,32,10.78,23.95
117859,Active,2093297,NA,NA,S,2,1,64725.35,26,2014,31,10.47,13.89
117860,Active,3547697,NA,NA,S,0,0,235998.65,45,2008,21,23.78,25
117861,Active,545221,NA,NA,S,0,0,59047.9475,15.99,2011,32,7.69,11.99
117862,Active,1911552,NA,NA,S,1,0,191610.2,22.99,2010,37,6.45,10.39
117863,Active,1496195,NA,NA,S,1,0,16548.375,24.95,2015,44,13.48,14.04
117864,Active,750153,NA,NA,S,1,0,58497.35,24.95,2008,29,7.98,15.24
117865,Active,503509,NA,NA,S,1,0,667685.1588,12.95,2002,117,4,4.08
117866,Active,284717,NA,NA,S,1,0,46417.2,26.99,2010,39,5.99,16
117867,Active,2100574,NA,NA,S,0,0,38164.5,24.99,2014,53,6.98,14.83
117868,Active,2896340,NA,NA,S,2,1,648735.6488,15.95,1991,81,4,11.74
117869,Active,534177,NA,NA,S,2,1,37826.85,22.99,2010,21,15.39,16.28
117870,Active,1587058,NA,NA,S,0,0,75390.475,29.99,2013,19,28.29,26.98
117871,Active,3605619,NA,NA,S,2,1,215382.45,65,1995,56,24.47,37.46
117872,Active,895259,NA,NA,S,2,1,639716.475,29.99,2014,39,12.2,18.96
117873,Active,3139491,NA,NA,S,1,0,835844.36,62,2003,24,4.44,15.28
117874,Active,1925421,NA,NA,S,0,0,15183.8,27.99,2012,25,10.78,15.38
117875,Active,1925587,NA,NA,S,0,0,38876.375,23.99,2013,13,17.38,16.17
117876,Active,2081685,NA,NA,S,0,0,26031.95,24.95,2013,17,16.47,16.97
117877,Active,892720,NA,NA,S,30,1,51758.285,15.99,2014,26,9.47,11.48
117878,Active,1834773,NA,NA,S,1,0,1239.625,25.99,2015,25,12.42,15.84
117879,Active,1701750,NA,NA,S,1,0,863450.4325,55,2010,55,11.39,31.82
117880,Active,923907,NA,NA,S,1,0,27196.96125,7.99,1998,260,3.17,5.99
117881,Active,1498621,NA,NA,S,0,0,82540.525,27.99,2013,13,19.8,19.81
117882,Active,1860449,NA,NA,S,0,0,23541.25,32,2015,42,5.09,5.97
117883,Active,1431077,NA,NA,S,0,0,68609.05,24.99,2009,24,9.98,14.48
117884,Active,1692004,NA,NA,S,0,0,89327.705,50,2009,37,36.74,39.93
117885,Active,723041,NA,NA,S,1,0,55349.8,36.95,2013,20,28.76,29.3
117886,Active,617482,NA,NA,S,2,1,263964.9063,14.76,1986,53,4,15.55
117887,Active,1479237,NA,NA,S,1,0,78667.3,24.95,2013,31,14.96,18.54
117888,Active,1687594,NA,NA,S,1,0,277449.85,24.95,2007,25,53.6,107.4
117889,Active,1431791,NA,NA,S,1,0,164524.2,25.99,2013,22,11.3,16.09
117890,Active,2770133,NA,NA,S,0,0,539511.1275,24.99,1978,28,30.48,176.53
117891,Active,679304,NA,NA,S,1,0,52502.875,29.95,2008,35,18.99,21.16
117892,Active,1830651,NA,NA,S,1,0,67210.65,40,2015,22,19.51,15.98
117893,Active,675727,NA,NA,S,0,0,16200.1,23,2010,55,6.37,9.96
117894,Active,1729914,NA,NA,S,2,1,619591.1613,55.75,2010,32,4.95,48.85
117895,Active,3733881,NA,NA,S,0,0,73538.35,49.99,2016,6,30.59,32.2
117896,Active,3509318,NA,NA,S,0,0,159963.475,22,2011,51,4,11
117897,Active,2159732,NA,NA,S,2,1,114219.7,21.95,2009,44,4.59,10.86
117898,Active,260104,NA,NA,S,4,1,103164.5,62,2006,49,8.45,40.37
117899,Active,2043722,NA,NA,S,0,0,90249.65,24.99,2011,38,9.17,10.86
117900,Active,3718972,NA,NA,S,4,1,95320.25,0,2015,38,23.29,25.19
117901,Active,3796256,NA,NA,S,1,0,53447.2,27.95,2015,25,11.98,12.95
117902,Active,3561079,NA,NA,S,0,0,119165.525,29.95,2007,8,24.99,24.23
117903,Active,3561101,NA,NA,S,0,0,76821.775,34.95,2010,8,25.58,27
117904,Active,920038,NA,NA,S,1,0,135479.425,24.95,2011,51,5.03,12.27
117905,Active,2015270,NA,NA,S,3,1,26174.025,29.95,2010,17,14.72,19.35
117906,Active,1575911,NA,NA,S,0,0,33626.2,28.95,2007,26,9.49,23.08
117907,Active,1523808,NA,NA,S,1,0,7656.6,25,2015,29,12.45,15.79
117908,Active,534791,NA,NA,S,7,1,107627.4,27.99,2013,17,13.84,17.65
117909,Active,1918298,NA,NA,S,8,1,29802.925,27.99,2015,15,18.36,20.87
117910,Active,574891,NA,NA,S,1,0,67478.05,21.95,2010,39,9.97,13.5
117911,Active,2064828,NA,NA,S,0,0,118052.15,32,2009,65,8.71,11.67
117912,Active,3743765,NA,NA,S,2,1,148025.375,22.95,2014,24,14.83,17.68
117913,Active,2007670,NA,NA,S,0,0,813864.6138,44.95,2012,53,9.93,20.14
117914,Active,3511126,NA,NA,S,0,0,384259.6,50,2012,67,6.99,21.97
117915,Active,3541748,NA,NA,S,0,0,527938.85,50,2014,55,8.14,13.49
117916,Active,2882013,NA,NA,S,4,1,178939.385,10.95,1997,21,9.45,61.59
117917,Active,139342,NA,NA,S,0,0,186354.775,22,2009,35,5.18,7.24
117918,Active,1433494,NA,NA,S,0,0,38718.875,25.99,2014,37,6.39,15.34
117919,Active,2026987,NA,NA,S,0,0,11128.825,37.5,2011,27,17.87,25.94
117920,Active,617644,NA,NA,S,0,0,9200.2,37.5,2010,55,15.32,20.12
117921,Active,2015279,NA,NA,S,0,0,46155.925,29.95,2011,30,9.25,13.94
117922,Active,1523839,NA,NA,S,0,0,84272.375,35,2015,24,13.48,22.37
117923,Active,691278,NA,NA,S,1,0,129916.1,24.95,2011,21,21.49,23.97
117924,Active,1526845,NA,NA,S,1,0,57486.5,27,2014,48,4.15,6.92
117925,Active,1942929,NA,NA,S,0,0,12043.275,27,2014,20,10.97,10.98
117926,Active,327239,NA,NA,S,0,0,10563.625,28,2011,36,11.89,15.16
117927,Active,1982536,NA,NA,S,1,0,164680.35,27.95,2014,20,7.42,24.31
117928,Active,2026945,NA,NA,S,1,0,101181.4,29.95,2010,38,11.33,14.49
117929,Active,1909059,NA,NA,S,0,0,113038.375,29.95,2014,13,34.24,29.94
117930,Active,1698040,NA,NA,S,1,0,60348.825,25,2015,9,19.72,19.27
117931,Active,148963,NA,NA,S,0,0,114389.375,25.63,2008,46,10.94,15.48
117932,Active,1600170,NA,NA,S,0,0,92759.45,0,2011,18,4,8.99
117933,Active,681836,NA,NA,S,3,1,58215.625,24.99,2011,15,17.38,17.49
117934,Active,1781286,NA,NA,S,1,0,95071.4,30,2015,19,17.01,18.48
117935,Active,750338,NA,NA,S,1,0,41835.6,24.99,2008,24,8.54,9.46
117936,Active,655225,NA,NA,S,1,0,98390.8,29.95,2013,17,15.64,22.99
117937,Active,681716,NA,NA,S,1,0,151464.45,29.99,2010,45,6.36,7.95
117938,Active,1517315,NA,NA,S,1,0,21431.85,34.99,2014,21,24.18,24.24
117939,Active,1781187,NA,NA,S,1,0,74428.225,24.99,2014,11,17.12,17.11
117940,Active,689056,NA,NA,S,0,0,3551.875,32,2013,21,20.28,17.98
117941,Active,922512,NA,NA,S,0,0,46276.08375,9,1987,76,4.32,8.93
117942,Active,1472081,NA,NA,S,0,0,112241.6188,8.95,2008,45,4,8.24
117943,Active,1498094,NA,NA,S,0,0,36360.225,36.99,2010,17,25.27,22.55
117944,Active,686765,NA,NA,S,0,0,168024.85,32.95,2011,13,25.45,27.44
117945,Active,2166231,NA,NA,S,0,0,81560.4,29.95,2012,12,20.6,20.61
117946,Active,1687576,NA,NA,S,1,0,156604.225,29.95,2007,28,8.07,20.58
117947,Active,1833264,NA,NA,S,0,0,61594.975,24.99,2015,16,16.32,18.43
117948,Active,862073,NA,NA,S,5,1,4653.69,102,2014,90,44.48,60.08
117949,Active,2164862,NA,NA,S,0,0,201707.5,34.95,2011,14,23.34,33.69
117950,Active,1746175,NA,NA,S,1,0,46078.275,42.99,2007,16,38.66,42.99
117951,Active,3284190,NA,NA,S,1,0,213230.075,67.91,2004,33,30.82,66.22
117952,Active,1780042,NA,NA,S,1,0,98723.05,48,2014,11,28.57,28.55
117953,Active,218907,NA,NA,S,0,0,238593.3688,19.95,2004,34,6.39,19.77
117954,Active,1697804,NA,NA,S,0,0,208879.475,29.95,2013,13,15.74,23.87
117955,Active,1908952,NA,NA,S,6,1,99273.925,31.95,2012,8,39.17,31.95
117956,Active,666483,NA,NA,S,1,0,132138.45,63.6,2011,17,29.97,57
117957,Active,642025,NA,NA,S,7,1,148883.3363,54,2013,39,18.97,39.76
117958,Active,649694,NA,NA,S,25,1,64047.75875,219.2,2012,58,17.27,45.64
117959,Active,557659,NA,NA,S,10,1,37947.6,160.8,2012,49,20.99,72.99
117960,Active,739538,NA,NA,S,10,1,792289.0113,87.29,2002,54,4.48,13
117961,Active,259844,NA,NA,S,0,0,235873.725,42,2007,12,35.97,43.48
117962,Active,875990,NA,NA,S,7,1,40216.19875,69.95,2015,45,25.91,52.99
117963,Active,3717965,NA,NA,S,8,1,35669,75,2016,39,19.11,61.99
117964,Active,635745,NA,NA,S,1,0,489753.0063,78.95,2011,23,19.42,42.05
117965,Active,741373,NA,NA,S,0,0,501815.3088,74.99,2007,26,27.32,143.78
117966,Active,621293,NA,NA,S,1,0,13739.6,35,2012,63,13.74,21.34
117967,Active,894934,NA,NA,S,0,0,103149.15,24.99,2013,25,4.48,11.05
117968,Active,1837822,NA,NA,S,0,0,65730.425,22.99,2008,38,6.76,13.93
117969,Active,2083731,NA,NA,S,0,0,2784.6,24.99,2015,11,18.79,14.81
117970,Active,1720053,NA,NA,S,1,0,133366.15,52.95,2010,25,15.77,67.65
117971,Active,1720055,NA,NA,S,1,0,115811.25,54.95,2010,20,37.48,106.22
117972,Active,2653372,NA,NA,S,1,0,488798.7475,143.95,1990,35,4.02,53.58
117973,Active,3232369,NA,NA,S,4,1,447503.0063,79.57,2005,37,12.16,70.2
117974,Active,1861141,NA,NA,S,0,0,23082.075,28.95,2014,29,15.36,22.37
117975,Active,2095788,NA,NA,S,1,0,91821,44.99,2014,19,28.66,28.64
117976,Active,603485,NA,NA,S,2,1,711017.4225,14.95,2011,27,33.78,163.45
117977,Active,3568448,NA,NA,S,50,1,301666.8,54.95,2015,53,5.09,31.77
117978,Active,3733939,NA,NA,S,1,0,81365.4,34.95,2015,17,23.69,26.21
117979,Active,1918335,NA,NA,S,0,0,73539.125,24.99,2011,21,7.98,7.99
117980,Active,2060025,NA,NA,S,1,0,26509.95,22.99,2009,45,5.99,6.97
117981,Active,1710662,NA,NA,S,0,0,162608,22,2011,9,26.65,21.04
117982,Active,1703533,NA,NA,S,1,0,118750.3,35,2009,30,12.82,19.98
117983,Active,893017,NA,NA,S,1,0,48031.3,30,2013,8,18.16,18.18
117984,Active,2229373,NA,NA,S,0,0,94064.475,34.95,2009,16,25.17,34.94
117985,Active,2170902,NA,NA,S,3,1,57298.9,24.95,2013,10,13.12,12.66
117986,Active,2170900,NA,NA,S,0,0,38281.56375,48.95,2013,15,22.44,22.19
117987,Active,1582878,NA,NA,S,0,0,65936,49.75,2012,29,21.76,23.99
117988,Active,1768085,NA,NA,S,0,0,206167.275,35,2013,11,28.99,34.27
117989,Active,1585889,NA,NA,S,0,0,96970.725,23.75,2012,25,9.39,18.98
117990,Active,665365,NA,NA,S,1,0,131290.35,59,2012,16,38.98,57.9
117991,Active,1582899,NA,NA,S,1,0,209027.05,28.5,2012,32,10.47,24.19
117992,Active,679237,NA,NA,S,1,0,119506.975,23.75,2012,44,6.49,19.8
117993,Active,682073,NA,NA,S,1,0,53116.525,23.75,2012,26,12.13,19.98
117994,Active,1714807,NA,NA,S,0,0,130855.25,26.24,2010,20,5.97,25.03
117995,Active,635213,NA,NA,S,2,1,122841.475,32.95,2008,18,21.35,28.35
117996,Active,1571867,NA,NA,S,1,0,56107.375,25.95,2012,14,31.05,22.48
117997,Active,802270,NA,NA,S,1,0,627125.3588,64.95,2007,49,5.98,23.1
117998,Active,660401,NA,NA,S,4,1,298074.9213,52.2,2008,27,6.36,36.98
117999,Active,597910,NA,NA,S,0,0,180035.5888,14.95,2007,24,4.03,0
118000,Active,129841,NA,NA,S,1,0,199720.6688,57.2,2001,20,5.98,42.99
118001,Active,681075,NA,NA,S,0,0,42505.975,28.13,2007,30,8.24,18.29
118002,Active,1714803,NA,NA,S,0,0,244419.875,56.2,2009,21,7.97,53.73
118003,Active,284768,NA,NA,S,0,0,779265.7975,45.94,2007,31,8.07,54.99
118004,Active,3717511,NA,NA,S,6,1,425718.85,62.95,2015,15,45.94,57.02
118005,Active,3717510,NA,NA,S,6,1,111645,62.95,2016,11,52.24,36.99
118006,Active,542181,NA,NA,S,0,0,364881.3825,40,2009,26,13.3,0
118007,Active,1982681,NA,NA,S,0,0,10240.825,34.95,2015,12,28.09,30.64
118008,Active,130497,NA,NA,S,1,0,53672.525,59,2011,31,11.43,43.99
118009,Active,2015766,NA,NA,S,0,0,26085.8,24,2014,13,25.99,24
118010,Active,686537,NA,NA,S,0,0,249784.3963,29.95,1991,28,13.19,17.85
118011,Active,683029,NA,NA,S,3,1,74637.25,29.95,2013,59,20.59,25.81
118012,Active,1463686,NA,NA,S,0,0,229938.675,30.94,2012,15,17.55,27.37
118013,Active,916934,NA,NA,S,0,0,841612.7538,44.94,2005,39,4,48.36
118014,Active,872904,NA,NA,S,5,1,254597.8663,76.95,2015,19,20.51,69.97
118015,Active,3945333,NA,NA,S,0,0,130550.675,89.99,2013,15,51.98,49.82
118016,Active,805729,NA,NA,S,0,0,157887.825,26.99,2013,37,4,4.49
118017,Active,745974,NA,NA,S,1,0,466016.65,45,1999,51,4.13,38.97
118018,Active,1942846,NA,NA,S,1,0,82893.25,30,2013,35,4.48,16.22
118019,Active,286922,NA,NA,S,1,0,586478.6188,40,1996,66,4.94,37.12
118020,Active,758509,NA,NA,S,0,0,196614.0175,60,2000,29,6.72,26.48
118021,Active,616263,NA,NA,S,0,0,25193.7,36.99,2013,42,10.71,11.99
118022,Active,1646657,NA,NA,S,0,0,37114.425,24.99,2014,30,12.49,13.97
118023,Active,3960113,NA,NA,S,0,0,9779.8,22.95,2015,18,15.53,15.45
118024,Active,2090127,NA,NA,S,1,0,18893.175,26.95,2014,21,19.44,16.03
118025,Active,3960532,NA,NA,S,3,1,198474.85,0,2008,54,4,4.56
118026,Active,1655909,NA,NA,S,0,0,11710.75,22,2012,13,14.65,14.66
118027,Active,739902,NA,NA,S,1,0,160791.65,131.6,2003,35,27.84,86.46
118028,Active,665799,NA,NA,S,1,0,534205.135,87.07,2012,21,45.49,78.56
118029,Active,1436577,NA,NA,S,1,0,217577.675,22,2010,23,7.9,12.28
118030,Active,865488,NA,NA,S,5,1,11900.05,26.99,2014,28,13.98,14.25
118031,Active,2663368,NA,NA,S,9,1,720522.3163,56,1991,57,4,10.29
118032,Active,1932529,NA,NA,S,1,0,218259.8275,29.99,2013,40,5.46,9.97
118033,Active,2426384,NA,NA,S,0,0,836004.405,88,1994,23,7.98,70.75
118034,Active,1626099,NA,NA,S,0,0,74460.075,25,2014,17,17.99,18.51
118035,Active,1942150,NA,NA,S,0,0,58179.75,27.95,2015,16,18.96,18.17
118036,Active,3107276,NA,NA,S,2,1,5946.33125,35,2015,20,23.69,22.68
118037,Active,670620,NA,NA,S,1,0,193859.25,0,2012,18,24.74,53.98
118038,Active,622674,NA,NA,S,1,0,363812.1163,49,2009,27,13.41,38.98
118039,Active,267816,NA,NA,S,0,0,21473.475,35,2011,35,21.95,23.66
118040,Active,664250,NA,NA,S,5,1,29036.35625,50,2013,39,24.96,41.98
118041,Active,260402,NA,NA,S,1,0,49950.55,24.95,2009,20,12.89,16.71
118042,Active,260407,NA,NA,S,1,0,12349.5,24.95,2011,32,14.89,16.87
118043,Active,689210,NA,NA,S,3,1,73717.65,24.95,2009,23,11.48,13.98
118044,Active,2438323,NA,NA,S,0,0,171888.625,29.95,2015,14,29.89,29.95
118045,Active,1535156,NA,NA,S,0,0,32296.725,22.95,2008,52,11.06,17.43
118046,Active,628290,NA,NA,S,1,0,430607.7175,85,1979,35,6.99,50.63
118047,Active,237052,NA,NA,S,8,1,438500.89,79.5,2004,26,10.31,76.13
118048,Active,1498426,NA,NA,S,3,1,9557.775,22.99,2012,31,11.99,15.41
118049,Active,3522585,NA,NA,S,0,0,609897.8,23.95,2008,69,85.99,206.61
118050,Active,2541427,NA,NA,S,0,0,154645.105,24.95,2002,41,14.24,19.13
118051,Active,1766170,NA,NA,S,1,0,67299.275,94.99,2014,15,58.97,69.89
118052,Active,579475,NA,NA,S,0,0,87408.85125,116.6,2003,74,49.39,83.9
118053,Active,805624,NA,NA,S,1,0,46037.9,24,2013,18,13.15,16.93
118054,Active,628774,NA,NA,S,1,0,92843.025,39.95,2009,46,14.32,21.38
118055,Active,3511125,NA,NA,S,0,0,263812.1,45,2014,77,6.98,24.99
118056,Active,2896118,NA,NA,S,0,0,62787.45625,18.95,1974,262,4,9.64
118057,Active,2103027,NA,NA,S,0,0,199754.2338,24.99,2015,37,7.39,15.33
118058,Active,864430,NA,NA,S,0,0,160991.775,62.99,2013,13,36.97,36.97
118059,Active,1679798,NA,NA,S,3,1,352193.335,17.95,2009,30,8.04,64.29
118060,Active,890991,NA,NA,S,8,1,21952.63125,29.99,2015,19,18.48,19.84
118061,Active,3802500,NA,NA,S,0,0,183554.275,62.99,2013,12,43.98,38.91
118062,Active,616447,NA,NA,S,0,0,38761.85,34.95,2015,49,8.67,27.49
118063,Active,1979714,NA,NA,S,1,0,116758,24.95,2013,14,20.49,22.74
118064,Active,822890,NA,NA,S,0,0,458266.9188,28.95,1989,38,4.11,52.75
118065,Active,865816,NA,NA,S,6,1,484657.02,42.95,2010,25,8.91,57.03
118066,Active,2098006,NA,NA,S,4,1,2040.5825,18.99,2014,35,12,13.47
118067,Active,2109190,NA,NA,S,1,0,78237.975,39.99,2012,23,18.99,28.48
118068,Active,913711,NA,NA,S,0,0,43487.2,25,2013,23,19.49,19.33
118069,Active,2011117,NA,NA,S,0,0,23274.875,24.95,2011,17,15.39,15.98
118070,Active,1444750,NA,NA,S,0,0,99045.475,29.95,2014,14,22.76,13.66
118071,Active,1655985,NA,NA,S,1,0,98176.7,30,2012,24,8.99,20.64
118072,Active,1471230,NA,NA,S,1,0,168470.6,29.95,2015,16,16.41,17.69
118073,Active,863664,NA,NA,S,11,1,199064.625,21.12,2008,16,4.48,28.94
118074,Active,2053404,NA,NA,S,0,0,148601.1,36.9,2010,6,32.99,13.99
118075,Active,1958001,NA,NA,S,0,0,112481.925,30,2013,30,5.87,16.48
118076,Active,2205660,NA,NA,S,0,0,33030.75,39.99,2010,20,28.07,31.64
118077,Active,678492,NA,NA,S,0,0,95336.725,24,2009,23,16.54,16.18
118078,Active,1480052,NA,NA,S,1,0,180429.425,31.95,2012,23,3.85,25.78
118079,Active,680833,NA,NA,S,0,0,34135.05,21.99,2012,34,8.93,7.97
118080,Active,2043286,NA,NA,S,0,0,143599.55,21.99,2013,33,6.85,4.97
118081,Active,686591,NA,NA,S,1,0,30800.6,29.95,2013,38,11.87,17.99
118082,Active,1630397,NA,NA,S,0,0,167753.4,65,2012,58,35.09,41.43
118083,Active,1760788,NA,NA,S,1,0,97952.225,54.95,2013,17,30.35,38.04
118084,Active,2084726,NA,NA,S,1,0,76433.975,22.95,2012,64,4.66,6.98
118085,Active,1958122,NA,NA,S,0,0,7223,25,2014,26,9.87,15.72
118086,Active,1655834,NA,NA,S,0,0,155777.775,30,2011,28,11.48,20.61
118087,Active,542399,NA,NA,S,2,1,340473.6738,32.9,2007,39,4,10.74
118088,Active,2655745,NA,NA,S,4,1,214981.9,28.9,2005,13,13.96,28.96
118089,Active,2655517,NA,NA,S,1,0,630662.2288,8.9,2002,31,4.86,7.72
118090,Active,54860,NA,NA,S,12,1,21795.84375,197.95,2007,92,33.89,62.98
118091,Active,2474113,NA,NA,S,0,0,298313.11,69,1985,30,4,64.05
118092,Active,684683,NA,NA,S,1,0,50898.8,25,2013,47,4,7.75
118093,Active,682378,NA,NA,S,1,0,74487.95,29.99,2008,24,15.6,19.98
118094,Active,665382,NA,NA,S,1,0,881049.1025,42.95,2012,14,16.04,30.51
118095,Active,628207,NA,NA,S,0,0,568681.2913,46.95,1989,36,13.22,35.99
118096,Active,2581839,NA,NA,S,0,0,518483.5525,14.95,1991,24,4,12.73
118097,Active,1497801,NA,NA,S,2,1,66143.475,32.99,2013,18,15.38,20.24
118098,Active,623748,NA,NA,S,0,0,79022.26875,65.5,1956,47,19.99,48.99
118099,Active,3600971,NA,NA,S,2,1,425401.15,42.95,1991,51,19.11,33.47
118100,Active,2646373,NA,NA,S,1,0,449381.56,44.95,1991,60,8.25,23.12
118101,Active,2015085,NA,NA,S,0,0,96057.15,34.95,2010,18,23,26.34
118102,Active,870768,NA,NA,S,12,1,223266.0338,52.01,1969,54,4.94,48.98
118103,Active,1938773,NA,NA,S,1,0,9505.5,35,2015,14,20.68,21.44
118104,Active,1627762,NA,NA,S,0,0,74603.525,35,2014,14,24.76,24.97
118105,Active,1705519,NA,NA,S,1,0,759202.1075,24.95,2006,17,6.41,21.46
118106,Active,1616688,NA,NA,S,1,0,29448.825,34.99,2008,14,23.43,23.74
118107,Active,675552,NA,NA,S,0,0,42776.025,29.95,2008,55,4.35,10.97
118108,Active,3575786,NA,NA,S,0,0,95856.675,25,2015,27,11.1,14.97
118109,Active,1696245,NA,NA,S,0,0,110050.925,29.95,2012,25,13.15,21.81
118110,Active,559421,NA,NA,S,0,0,175353.35,22,2010,29,6.11,20.11
118111,Active,2109493,NA,NA,S,0,0,43168.35,35,2014,16,23.49,24.3
118112,Active,796712,NA,NA,S,1,0,48448.025,29.99,2011,16,18.97,19.24
118113,Active,796770,NA,NA,S,0,0,46147.975,29.99,2012,19,14.94,18.59
118114,Active,162669,NA,NA,S,0,0,65452.45,21.95,2009,69,4.66,7.95
118115,Active,1661786,NA,NA,S,0,0,348628.4925,14.99,2014,8,34.22,19.95
118116,Active,529879,NA,NA,S,3,1,880474.9375,42.95,2011,21,4.39,38.97
118117,Active,105893,NA,NA,S,7,1,607758.635,56.95,2003,33,4,52.86
118118,Active,3513368,NA,NA,S,1,0,112220.225,36.5,2015,33,17.13,32.94
118119,Active,1703932,NA,NA,S,2,1,74393.275,24.95,2013,10,18.09,18.98
118120,Active,622945,NA,NA,S,11,1,29132.76125,219.25,2013,87,20.94,49.79
118121,Active,2336563,NA,NA,S,0,0,618834.8738,21.95,1983,36,4,62.63
118122,Active,2339545,NA,NA,S,0,0,356933.2963,96.2,1980,47,4,59.27
118123,Active,1588474,NA,NA,S,1,0,198187.95,29.99,2010,14,31.22,29.99
118124,Active,1716672,NA,NA,S,0,0,27823.45,40,2013,21,22.14,24.71
118125,Active,3796623,NA,NA,S,1,0,134965.475,24.99,2012,50,11.48,17.35
118126,Active,684831,NA,NA,S,0,0,68382.75,27.95,2011,27,16.6,20.24
118127,Active,685914,NA,NA,S,1,0,194249.375,26.95,2013,21,13.66,23.85
118128,Active,638629,NA,NA,S,0,0,478856.4725,69.95,2005,30,6.53,10.44
118129,Active,2102401,NA,NA,S,0,0,220590.125,21.99,2014,32,4.97,9.97
118130,Active,1568536,NA,NA,S,2,1,74314.575,21.99,2009,36,4,5.97
118131,Active,1665103,NA,NA,S,1,0,732664.8738,15.95,2008,33,4,73.67
118132,Active,2078413,NA,NA,S,0,0,1416.025,24.99,2011,14,17.48,14.84
118133,Active,1431835,NA,NA,S,0,0,122412.775,24.99,2013,32,10.35,16.52
118134,Active,2915362,NA,NA,S,1,0,83242.35,28.95,2015,7,14.49,18.99
118135,Active,2086598,NA,NA,S,0,0,142456.3,24.95,2012,20,14.68,18.93
118136,Active,109699,NA,NA,S,1,0,78863.15,249,2006,33,27.91,94.9
118137,Active,534188,NA,NA,S,1,0,113711.825,49.95,2009,15,39.9,49.9
118138,Active,723179,NA,NA,S,1,0,164289.7,26.95,2012,14,11.49,19.42
118139,Active,2076189,NA,NA,S,2,1,86376.6,29.95,2013,16,25.86,23.33
118140,Active,2577502,NA,NA,S,2,1,501710.7613,60.66,1980,30,4.77,67.95
118141,Active,1929266,NA,NA,S,2,1,302556.6813,48,2015,24,19.79,32.86
118142,Active,157676,NA,NA,S,1,0,328791.0663,43.95,2010,36,15.77,33.24
118143,Active,645791,NA,NA,S,1,0,387742.3675,172.95,1997,24,32.49,124.62
118144,Active,2019603,NA,NA,S,1,0,848704.15,89.95,2006,39,17.78,88.35
118145,Active,599277,NA,NA,S,4,1,172859.6425,30,2007,28,15.59,45.32
118146,Active,599276,NA,NA,S,4,1,88370.775,30,2007,24,26.67,40.22
118147,Active,682569,NA,NA,S,1,0,26997.325,30,2012,12,18.93,19.99
118148,Active,2099643,NA,NA,S,1,0,69656.8,35,2014,16,17.97,23.4
118149,Active,131840,NA,NA,S,2,1,264555.3525,154.8,2004,56,8.59,79.49
118150,Active,658414,NA,NA,S,1,0,156491.875,42,2011,20,21.99,24.82
118151,Active,846229,NA,NA,S,5,1,367283.14,66.76,1992,32,4.6,13.53
118152,Active,219890,NA,NA,S,0,0,556145.155,52,1995,22,25.73,48.54
118153,Active,56022,NA,NA,S,7,1,329611.4488,82.58,2005,18,24.8,130.34
118154,Active,724197,NA,NA,S,2,1,154132.45,27.95,2009,30,8.16,15.49
118155,Active,676244,NA,NA,S,1,0,88653.65,27.5,2011,55,4,6.85
118156,Active,2015283,NA,NA,S,0,0,36315.725,29.95,2012,31,12.04,20.67
118157,Active,3565723,NA,NA,S,0,0,71239.325,22.95,2010,34,6.77,10.99
118158,Active,2060301,NA,NA,S,0,0,78474.85,24.95,2012,40,10.55,10.97
118159,Active,2083898,NA,NA,S,0,0,91948.075,21.99,2013,35,7.98,9.41
118160,Active,1728735,NA,NA,S,0,0,59743.05,39.95,2014,15,27.88,23.99
118161,Active,3130889,NA,NA,S,1,0,437105.9488,29.95,2000,21,15.98,25.84
118162,Active,1576368,NA,NA,S,2,1,95010.075,28.95,2012,10,18.24,21.02
118163,Active,3788723,NA,NA,S,0,0,27445.075,39,2016,9,38.99,37.05
118164,Active,679772,NA,NA,S,0,0,643195.43,29.99,1978,38,4,18.99
118165,Active,2067991,NA,NA,S,0,0,75040.075,24.95,2015,8,10.28,11.91
118166,Active,1508182,NA,NA,S,1,0,26327.425,27,2012,20,16.44,16.44
118167,Active,1693643,NA,NA,S,1,0,139100.85,22.95,2014,9,17.96,20.06
118168,Active,529871,NA,NA,S,3,1,232110.0313,99.95,2013,29,11.62,51.7
118169,Active,2841652,NA,NA,S,7,1,701323.8713,10.99,1999,55,4,10.85
118170,Active,1836027,NA,NA,S,4,1,480186.615,20.99,2014,31,5.92,53.99
118171,Active,1835620,NA,NA,S,2,1,345830.2138,15.99,2008,33,4,89.87
118172,Active,1677847,NA,NA,S,0,0,310852.8938,44.95,2014,40,12.89,30.96
118173,Active,2109358,NA,NA,S,2,1,435455.7013,29.95,2010,23,4.18,29.95
118174,Active,1684393,NA,NA,S,0,0,27428.875,34.99,2014,30,16.73,20.92
118175,Active,3569975,NA,NA,S,0,0,159420.725,24.99,2013,31,4.98,20.57
118176,Active,1478561,NA,NA,S,0,0,546331.0588,17.95,2011,62,4,7.06
118177,Active,3591739,NA,NA,S,0,0,175266.325,23.95,2011,31,20.18,13.99
118178,Active,3756181,NA,NA,S,0,0,82122.975,24.95,2013,9,25.36,23.45
118179,Active,244323,NA,NA,S,3,1,51204.15,21.95,2011,70,5.87,13.98
118180,Active,269916,NA,NA,S,1,0,71667.225,21.95,2010,27,9.42,6.98
118181,Active,587762,NA,NA,S,1,0,51932.875,94.5,2012,22,47.99,54.9
118182,Active,682052,NA,NA,S,1,0,143410.15,25.95,2013,53,4,8.66
118183,Active,628856,NA,NA,S,1,0,55319.1,62.95,2006,17,42.36,50.88
118184,Active,864544,NA,NA,S,9,1,32363.0075,118.8,2014,63,51.57,89.49
118185,Active,673955,NA,NA,S,2,1,9444.275,34.95,2012,14,26.09,29
118186,Active,586265,NA,NA,S,3,1,293966.3438,13.98,1983,67,8.43,29.75
118187,Active,863859,NA,NA,S,3,1,10531.925,34.95,2010,20,28.26,28.8
118188,Active,569839,NA,NA,S,3,1,803315.4663,87.95,2004,40,12.15,87.95
118189,Active,543121,NA,NA,S,2,1,80537.97,34.95,2008,89,4,7.95
118190,Active,262293,NA,NA,S,7,1,773912.3925,29.95,2010,37,9.73,33.99
118191,Active,3774499,NA,NA,S,2,1,400881,60,2016,9,39.69,44.85
118192,Active,892967,NA,NA,S,15,1,3235.275,21.95,2014,17,14.17,14.92
118193,Active,871570,NA,NA,S,8,1,7001.315,28.95,2015,24,16.46,21.53
118194,Active,1939492,NA,NA,S,0,0,247141.8,24.99,2013,10,28.09,24.83
118195,Active,2006887,NA,NA,S,1,0,208837.975,39.95,2011,11,34.34,36.77
118196,Active,3960072,NA,NA,S,25,1,73053.8,29.99,2015,17,22.76,11.48
118197,Active,866309,NA,NA,S,24,1,278519.6963,29.99,2014,37,4,0
118198,Active,3615550,NA,NA,S,2,1,442979.6,25.95,1994,32,7.2,65.93
118199,Active,690327,NA,NA,S,4,1,471231.2838,25,2012,16,22.44,22.42
118200,Active,192458,NA,NA,S,2,1,646827.5913,70.95,2006,47,8.74,0
118201,Active,2161502,NA,NA,S,3,1,27495.65,29.95,2011,19,22.66,23.42
118202,Active,3778897,NA,NA,S,2,1,85411.45,49.95,2015,5,47.63,43.36
118203,Active,924436,NA,NA,S,7,1,83247.12625,39.56,2015,7,33.78,39.17
118204,Active,3206549,NA,NA,S,2,1,223210.9125,24.95,1986,59,5.26,29.4
118205,Active,211915,NA,NA,S,3,1,619484.535,24.95,2003,45,4,0
118206,Active,617673,NA,NA,S,1,0,192590.5,206.95,2007,39,19.99,30.16
118207,Active,671308,NA,NA,S,1,0,794270.205,55.95,2012,26,16.99,39.44
118208,Active,3490115,NA,NA,S,0,0,92380.15,68,2016,11,47.6,47.66
118209,Active,1704023,NA,NA,S,0,0,82967.125,21.95,2007,6,18.24,15.23
118210,Active,583940,NA,NA,S,2,1,151615.425,42.95,2009,16,26.19,33.09
118211,Active,2166076,NA,NA,S,1,0,226771.05,23.95,2013,20,14.67,13.98
118212,Active,683422,NA,NA,S,1,0,20249,31.99,2009,34,15.97,20.98
118213,Active,2051075,NA,NA,S,0,0,38103.05,34.95,2013,18,34,32.19
118214,Active,2041317,NA,NA,S,0,0,141788.225,24.95,2010,13,9.9,18.22
118215,Active,673962,NA,NA,S,1,0,26300.45,29.95,2014,14,19.68,20.69
118216,Active,683649,NA,NA,S,1,0,28034.525,29.95,2012,17,17.76,18.76
118217,Active,660790,NA,NA,S,1,0,101140.6,75,2013,20,37.09,40.02
118218,Active,1617846,NA,NA,S,0,0,138425.5,23.95,2011,12,29.99,23.95
118219,Active,287436,NA,NA,S,1,0,638640.2275,83.4,1995,41,4,28.94
118220,Active,2151406,NA,NA,S,0,0,13213.15,28.95,2014,55,4,19.94
118221,Active,2098172,NA,NA,S,0,0,75764.6,50,2013,31,15.97,31.85
118222,Active,1780797,NA,NA,S,1,0,142161.45,24.99,2014,14,17.31,13.98
118223,Active,751182,NA,NA,S,1,0,93877.475,22.99,2008,51,8.44,15.42
118224,Active,3634842,NA,NA,S,4,1,54333.025,24.99,2015,15,17.28,17.1
118225,Active,685318,NA,NA,S,1,0,13692.55,24.99,2013,15,17.36,17.43
118226,Active,1900580,NA,NA,S,1,0,67604.55,34.99,2011,17,22.73,22.99
118227,Active,2082239,NA,NA,S,0,0,140966.725,29.99,2015,20,8.49,10.01
118228,Active,1595486,NA,NA,S,0,0,36020.95,26.95,2015,23,13.94,11.98
118229,Active,3610723,NA,NA,S,0,0,128602.65,30,2010,33,17.39,18.99
118230,Active,864907,NA,NA,S,67,1,425848.16,34.99,2012,58,4,7.75
118231,Active,3739782,NA,NA,S,70,1,31753.3,35.99,2015,18,10.74,14.98
118232,Active,864198,NA,NA,S,2,1,30224.825,27.99,2012,14,16.72,16.96
118233,Active,1918158,NA,NA,S,0,0,51872.4,22.99,2011,8,12.99,15.98
118234,Active,1918263,NA,NA,S,1,0,134314.075,32.99,2014,24,6.06,6.08
118235,Active,1508321,NA,NA,S,0,0,122210.5,25.99,2013,51,4,8.97
118236,Active,3960213,NA,NA,S,37,1,40076.675,29.99,2015,17,17.85,17.85
118237,Active,1463176,NA,NA,S,1,0,163454.275,24.95,2015,16,20.31,20.55
118238,Active,1685068,NA,NA,S,0,0,141256.975,24.99,2014,11,14.99,17.86
118239,Active,1918122,NA,NA,S,1,0,25702.55,27.99,2010,14,20.98,21.33
118240,Active,1527261,NA,NA,S,0,0,68609,25,2012,20,14.15,14.29
118241,Active,684541,NA,NA,S,0,0,47394.3,24.99,2009,19,16.46,17.21
118242,Active,1691297,NA,NA,S,0,0,171216.2,24.99,2011,10,10.48,9
118243,Active,3730905,NA,NA,S,0,0,9394.075,22.99,2015,15,15.52,15.55
118244,Active,2090836,NA,NA,S,0,0,78576.925,50,2014,15,33.49,33.44
118245,Active,2171413,NA,NA,S,0,0,51677.875,50,2009,24,24.58,33.44
118246,Active,1434019,NA,NA,S,0,0,90748.775,45,2014,12,30.24,28.58
118247,Active,1694901,NA,NA,S,1,0,3983.725,26,2015,38,19,16.08
118248,Active,1565896,NA,NA,S,1,0,73797.1,26.99,2014,31,10.97,17.99
118249,Active,1716070,NA,NA,S,0,0,18380.675,23.95,2014,16,16.66,20.95
118250,Active,1527454,NA,NA,S,1,0,10959.45,37.5,2011,43,19.01,21.02
118251,Active,3475131,NA,NA,S,1,0,102802.025,29.99,2008,49,4.97,21.08
118252,Active,2287466,NA,NA,S,2,1,1002.8,0,2014,0,0,7.48
118253,Active,529835,NA,NA,S,0,0,23968.975,24.95,2008,38,10.96,16.96
118254,Active,680651,NA,NA,S,0,0,31308.775,26.95,2009,24,13.93,13.93
118255,Active,3746411,NA,NA,S,1,0,59582.125,0,2015,43,15.43,20.88
118256,Active,172231,NA,NA,S,1,0,42267.2,29.95,2007,35,9.37,22.42
118257,Active,1748557,NA,NA,S,0,0,60445.325,0,2010,12,11.03,14.94
118258,Active,888721,NA,NA,S,0,0,280596.7025,24.99,2011,26,4.54,15.98
118259,Active,3623980,NA,NA,S,0,0,58779.775,0,2013,16,10.93,15.98
118260,Active,1873128,NA,NA,S,1,0,110582.325,39.99,2008,29,8.97,18.56
118261,Active,3800121,NA,NA,S,1,0,91381.075,34.99,2012,15,19.97,24.05
118262,Active,3800110,NA,NA,S,0,0,76299.025,29.99,2010,26,18.97,20.99
118263,Active,612535,NA,NA,S,2,1,96257.595,99.95,2013,27,40.09,42.08
118264,Active,915684,NA,NA,S,1,0,40788.775,21.99,2010,35,9.6,15.31
118265,Active,660656,NA,NA,S,1,0,29786.55,30,2013,16,17.97,19.16
118266,Active,529833,NA,NA,S,7,1,31295.045,50,2012,44,16.94,25.62
118267,Active,621598,NA,NA,S,3,1,228124.3,55,2007,21,7.19,26.44
118268,Active,3634845,NA,NA,S,5,1,22140.575,29.99,2015,16,19.68,19.67
118269,Active,1759579,NA,NA,S,0,0,240030.95,26.99,2012,12,12.26,21
118270,Active,3006390,NA,NA,S,0,0,50367.4,29,2015,7,22.78,25.05
118271,Active,2136262,NA,NA,S,0,0,93319.95,29.95,2009,21,18.93,22.88
118272,Active,1779568,NA,NA,S,1,0,77275.4,29.99,2014,14,15.99,13.97
118273,Active,2162414,NA,NA,S,1,0,63670.935,44.99,2010,34,12.89,27.08
118274,Active,534574,NA,NA,S,0,0,12022.4,22.95,2012,17,12.18,16.02
118275,Active,1623706,NA,NA,S,0,0,141495.175,29.99,2014,13,21.85,22.15
118276,Active,3588155,NA,NA,S,0,0,102041.325,24.95,2008,26,14.44,19.54
118277,Active,903873,NA,NA,S,0,0,425141.2788,34.99,2004,32,53.74,87.99
118278,Active,1565993,NA,NA,S,0,0,170010.325,29.99,2015,33,5.7,5.99
118279,Active,1491122,NA,NA,S,0,0,182999.375,21,2011,21,11.05,16.82
118280,Active,1471601,NA,NA,S,1,0,32030.25,29.95,2015,28,18.01,21.38
118281,Active,2047741,NA,NA,S,0,0,193239.35,27.95,2015,29,6.91,16.51
118282,Active,1498523,NA,NA,S,0,0,64079.34,21.99,2014,19,13.29,14.93
118283,Active,1498524,NA,NA,S,0,0,30009.575,36.99,2014,14,23.49,23.67
118284,Active,3524839,NA,NA,S,0,0,192376.975,35,2015,7,30.89,35
118285,Active,1665934,NA,NA,S,0,0,112508.2,24.99,2009,54,4,6.93
118286,Active,1677565,NA,NA,S,0,0,52161.7,26.97,2010,19,14.93,16.05
118287,Active,1677648,NA,NA,S,0,0,54114.325,26.97,2012,9,19.25,17.55
118288,Active,1727410,NA,NA,S,0,0,124689.75,34.95,2011,19,12.98,25.44
118289,Active,1684214,NA,NA,S,0,0,72903.875,49.99,2013,14,25.16,29.55
118290,Active,687300,NA,NA,S,2,1,6178.725,24.99,2013,17,18.06,16.85
118291,Active,687460,NA,NA,S,2,1,66101.775,29.95,2010,43,15.06,23.94
118292,Active,2537737,NA,NA,S,1,0,731052.15,51.95,2001,24,9.8,49.06
118293,Active,2257336,NA,NA,S,0,0,215222.9,26.49,2009,43,5.9,13.89
118294,Active,3752344,NA,NA,S,2,1,22754,17,2016,13,15.12,13.17
118295,Active,1732626,NA,NA,S,0,0,81734,21.95,2014,23,16.31,17.19
118296,Active,225096,NA,NA,S,6,1,543632.4338,34.95,2001,26,4,47.75
118297,Active,258458,NA,NA,S,0,0,233662.35,95,2009,31,34.35,91.2
118298,Active,1969917,NA,NA,S,0,0,102188.875,22,2015,32,5.15,5.17
118299,Active,619828,NA,NA,S,1,0,92228.4,35,2007,40,11.14,18.24
118300,Active,1536580,NA,NA,S,0,0,73073,25.95,2014,58,10.29,10.73
118301,Active,688408,NA,NA,S,0,0,43208.9575,24.95,2002,21,17.79,18.22
118302,Active,863986,NA,NA,S,4,1,718477.2913,194.29,2010,14,10.58,186.11
118303,Active,256322,NA,NA,S,1,0,38069.275,36.95,2007,15,33.97,32.48
118304,Active,209593,NA,NA,S,1,0,579458.3363,35,2006,32,11.68,101.9
118305,Active,529829,NA,NA,S,2,1,93316.25,26.95,2011,22,13.35,19.99
118306,Active,2759759,NA,NA,S,1,0,532651.755,41.95,2004,21,8.54,32.16
118307,Active,804710,NA,NA,S,2,1,1379080.563,30,2006,26,28.41,35.99
118308,Active,614663,NA,NA,S,1,0,188020,57.45,2002,78,4.24,13.99
118309,Active,164457,NA,NA,S,1,0,51402.65,125,2004,22,47.45,72.99
118310,Active,253644,NA,NA,S,1,0,239659.575,49.95,2008,22,7.99,36.24
118311,Active,184841,NA,NA,S,3,1,509147.7988,30,2001,76,4,8.97
118312,Active,723784,NA,NA,S,1,0,579471.945,51,2009,18,19.38,43.77
118313,Active,679014,NA,NA,S,0,0,45096.725,24.95,2009,30,13.24,13.53
118314,Active,127314,NA,NA,S,0,0,189110.125,24.95,2008,34,19.77,23.34
118315,Active,200418,NA,NA,S,1,0,195733.05,75.95,2009,21,28.64,65.31
118316,Active,555506,NA,NA,S,1,0,241507.7,69.95,2005,19,12.59,28.64
118317,Active,213248,NA,NA,S,3,1,225384.495,131.95,2006,42,49.94,81.75
118318,Active,642253,NA,NA,S,0,0,177417.1,73.98,2012,24,22.62,149.99
118319,Active,165633,NA,NA,S,1,0,92328.425,110,2004,24,22.19,66.98
118320,Active,174128,NA,NA,S,1,0,148607.74,74.99,1998,33,7.36,38.99
118321,Active,1552396,NA,NA,S,0,0,635046.83,56.95,2012,22,16.11,52.42
118322,Active,251785,NA,NA,S,13,1,51285.705,23.99,2010,64,9.79,17.99
118323,Active,3517914,NA,NA,S,3,1,167543,52.95,2016,13,45.55,47.52
118324,Active,862889,NA,NA,S,3,1,895332.7988,59.95,2000,28,4.86,12.86
118325,Active,113147,NA,NA,S,1,0,60359,51.95,2009,20,17.69,18.84
118326,Active,300257,NA,NA,S,1,0,607360.6263,56,2007,27,7.66,47.7
118327,Active,547954,NA,NA,S,0,0,374608.4013,100,1996,31,6.44,73.98
118328,Active,104635,NA,NA,S,3,1,851159.135,227,1998,40,11.61,62.94
118329,Active,205862,NA,NA,S,3,1,121641.7788,90,2006,33,9.07,62.99
118330,Active,2801563,NA,NA,S,0,0,633906.8225,124.95,1993,37,7.73,67.25
118331,Active,529787,NA,NA,S,5,1,7139.075,80.2,2012,76,26.71,65.99
118332,Active,723218,NA,NA,S,0,0,122655.6,24.95,2008,23,14.95,22.38
118333,Active,3474331,NA,NA,S,8,1,456814,59,2016,23,35.16,46.38
118334,Active,592723,NA,NA,S,1,0,59271.45,45,2010,32,18.86,26.48
118335,Active,3763520,NA,NA,S,15,1,40240,49.99,2016,13,48.96,49.99
118336,Active,622789,NA,NA,S,0,0,488529.7,65,2004,43,4,33.25
118337,Active,1936289,NA,NA,S,1,0,202351,70.99,2013,14,38.44,44.34
118338,Active,3828913,NA,NA,S,7,1,106745.225,0,2012,7,15.81,15.82
118339,Active,3748937,NA,NA,S,0,0,73307.3,50,2015,14,34.2,25.46
118340,Active,903771,NA,NA,S,2,1,392854.6938,110,2014,40,41.35,68
118341,Active,1954154,NA,NA,S,2,1,619524.3913,110,2014,25,13.18,86.42
118342,Active,864334,NA,NA,S,2,1,647519.8788,399,2012,17,11.98,0
118343,Active,1738526,NA,NA,S,3,1,745514.36,24.95,2010,12,19.62,64.25
118344,Active,633305,NA,NA,S,1,0,150332.85,39.95,2009,19,32.24,42.9
118345,Active,623521,NA,NA,S,0,0,91511.525,36.99,2009,25,20.51,23.42
118346,Active,617507,NA,NA,S,1,0,210258.85,55.95,2002,50,4.38,26.82
118347,Active,694517,NA,NA,S,1,0,147666.975,55.9,2002,77,4,13.99
118348,Active,2903072,NA,NA,S,4,1,374643.1188,83.89,1974,24,5.19,78.43
118349,Active,529744,NA,NA,S,5,1,123426.7988,122.95,2010,32,10.46,23.84
118350,Active,689625,NA,NA,S,2,1,47455.2,24.99,2013,13,18.48,18.84
118351,Active,621359,NA,NA,S,1,0,629882.2425,44.99,2009,48,4,6.76
118352,Active,1496606,NA,NA,S,1,0,215542.35,29.95,2013,34,7.59,14.99
118353,Active,1918206,NA,NA,S,1,0,107997.725,21.99,2013,13,10.74,10.74
118354,Active,1663455,NA,NA,S,0,0,125745.3,26.65,2014,19,12.5,22.38
118355,Active,3726788,NA,NA,S,0,0,97375.65,24.99,2010,59,5.8,5.88
118356,Active,1724435,NA,NA,S,1,0,51644.85,45,2012,27,23.73,29.47
118357,Active,2011155,NA,NA,S,0,0,53315.9,22.95,2011,15,14.7,15.85
118358,Active,1929325,NA,NA,S,0,0,140218.8,26.99,2013,8,17.4,18.6
118359,Active,2169818,NA,NA,S,0,0,18571.45,27.95,2015,12,24.21,9.99
118360,Active,1943086,NA,NA,S,0,0,43476.275,26,2014,37,7.48,9.74
118361,Active,913051,NA,NA,S,0,0,17957.6875,19.99,2010,35,6.73,13.71
118362,Active,544772,NA,NA,S,4,1,95009.22125,87.95,2013,28,21.55,43.98
118363,Active,253908,NA,NA,S,1,0,200791.425,122.95,2009,34,19.75,43.43
118364,Active,2156408,NA,NA,S,3,1,124648.525,24.95,2015,9,20.99,20.98
118365,Active,678989,NA,NA,S,0,0,46260.625,24.95,2010,52,6.06,18.04
118366,Active,806149,NA,NA,S,0,0,73573.9,26.95,2014,42,4,9.28
118367,Active,1493996,NA,NA,S,1,0,98809.65,38,2015,17,26.64,29.29
118368,Active,1895889,NA,NA,S,0,0,107826.55,22.08,2012,9,14.71,23.49
118369,Active,2104174,NA,NA,S,0,0,16471.95,24.99,2014,19,16.45,17.54
118370,Active,685964,NA,NA,S,1,0,127319.325,29.95,2013,22,6.18,6.67
118371,Active,174404,NA,NA,S,0,0,481841.0488,34.99,2004,31,6.99,28.97
118372,Active,686564,NA,NA,S,0,0,115190.25,27,2013,24,14.47,18.94
118373,Active,1842831,NA,NA,S,0,0,696622.7975,132.61,2007,55,4,51.81
118374,Active,391506,NA,NA,S,0,0,672917.1838,19.95,2006,27,5.03,77.62
118375,Active,917900,NA,NA,S,0,0,374744.6113,65.4,2002,47,4.49,19.91
118376,Active,554597,NA,NA,S,0,0,726608.0138,75,2002,35,4.48,10.45
118377,Active,2396479,NA,NA,S,0,0,877092.9738,62.45,2002,43,4,6.99
118378,Active,2396383,NA,NA,S,0,0,382555.5963,104.6,2002,54,4,54.83
118379,Active,2396463,NA,NA,S,0,0,529905.1013,99.15,2002,35,6.24,27.95
118380,Active,767780,NA,NA,S,1,0,48619.85,27.65,2009,27,10.99,13.28
118381,Active,2396687,NA,NA,S,1,0,485008.7625,92.2,2005,54,6.24,23.91
118382,Active,2396409,NA,NA,S,0,0,737222.8488,81.9,2002,58,5.43,11.98
118383,Active,3478400,NA,NA,S,1,0,88989.175,95.9,2005,50,7.93,17.47
118384,Active,2396686,NA,NA,S,1,0,516986.465,50.4,2005,29,7.98,50.98
118385,Active,2396688,NA,NA,S,0,0,139823.9275,92.2,2005,34,9.17,38.74
118386,Active,2396491,NA,NA,S,1,0,457316.6613,81.05,2003,24,23.94,79.77
118387,Active,2396487,NA,NA,S,1,0,691144.1338,52.2,2003,27,8.7,19.22
118388,Active,2396488,NA,NA,S,1,0,295662.265,50.15,2003,37,11.98,38.01
118389,Active,2396489,NA,NA,S,1,0,399455.6775,55.45,2003,29,26.03,67.33
118390,Active,859539,NA,NA,S,1,0,98368.125,74.05,2007,41,27.39,62.54
118391,Active,2396178,NA,NA,S,0,0,153253.975,117.5,1999,42,5.68,29.57
118392,Active,554587,NA,NA,S,0,0,285871.1188,67.5,2001,86,3.99,7.91
118393,Active,554588,NA,NA,S,1,0,302427.1375,77.95,2000,91,3.97,7.95
118394,Active,2396531,NA,NA,S,0,0,196692.9375,60.75,2003,109,4,9.97
118395,Active,2396534,NA,NA,S,1,0,585017.5888,82.5,2003,63,4,8.1
118396,Active,767910,NA,NA,S,1,0,119115,20.05,2011,29,4.24,18.36
118397,Active,2396538,NA,NA,S,1,0,677725.5925,70.65,2003,48,7.49,12.77
118398,Active,2396540,NA,NA,S,1,0,276726.1038,79.85,2003,46,4.57,19.49
118399,Active,1462550,NA,NA,S,1,0,622563.8163,73.2,2006,33,4.98,76.49
118400,Active,3478149,NA,NA,S,0,0,129485.9,83.05,2006,49,11.46,33.94
118401,Active,554600,NA,NA,S,0,0,300554.7,98.4,2001,95,5.71,27.99
118402,Active,3477843,NA,NA,S,1,0,63841.275,102.35,2002,44,8.98,30.49
118403,Active,1462453,NA,NA,S,1,0,160184.1875,42.55,2006,39,12.99,36.72
118404,Active,2396630,NA,NA,S,1,0,102127.4325,8.3,2005,28,6.88,7.88
118405,Active,918324,NA,NA,S,0,0,213470.675,48.3,2005,46,5.66,25.99
118406,Active,893270,NA,NA,S,1,0,677547.1725,60.85,2005,19,13.32,22.98
118407,Active,1462595,NA,NA,S,1,0,811660.555,62.6,2007,28,9.3,19.94
118408,Active,3531493,NA,NA,S,0,0,148339,0,2012,23,7.42,17.99
118409,Active,702151,NA,NA,S,1,0,102728.025,32,2010,36,6.35,13.98
118410,Active,1984608,NA,NA,S,0,0,27606.35,24.95,2013,12,21.24,22.46
118411,Active,674968,NA,NA,S,0,0,32107.825,27,2012,63,4,18.37
118412,Active,1715991,NA,NA,S,0,0,175677.525,24.95,2014,11,22.47,22.22
118413,Active,2131292,NA,NA,S,0,0,50261.875,34.95,2011,18,24.24,26.27
118414,Active,2615576,NA,NA,S,1,0,450357.7638,54.99,2005,67,4,15.67
118415,Active,690038,NA,NA,S,0,0,7232.55,26,2013,40,10.66,14.84
118416,Active,1925495,NA,NA,S,0,0,54048.575,23.99,2013,18,14.07,15.41
118417,Active,2077773,NA,NA,S,0,0,88830.95,26.95,2010,16,14.95,18.54
118418,Active,1833194,NA,NA,S,0,0,36686.375,24.99,2014,15,16.02,16.03
118419,Active,1833283,NA,NA,S,0,0,76137.125,24.99,2015,19,16.22,16.24
118420,Active,1660625,NA,NA,S,1,0,242531.3,26.99,2011,25,4,5.47
118421,Active,3803986,NA,NA,S,0,0,82660.35,51.95,2016,6,51.21,33.48
118422,Active,1536589,NA,NA,S,0,0,57293.575,22.95,2014,27,8.95,10.98
118423,Active,1678022,NA,NA,S,0,0,208375.275,34.95,2007,24,36.45,38.08
118424,Active,567228,NA,NA,S,0,0,750657.8125,12.95,2005,19,8.13,11.59
118425,Active,287602,NA,NA,S,10,1,244423.93,160.4,2009,39,8.85,71.81
118426,Active,902104,NA,NA,S,2,1,15585.8,24.99,2014,19,15.97,16.77
118427,Active,675087,NA,NA,S,0,0,148991.65,29.99,2010,44,4,41.98
118428,Active,1425224,NA,NA,S,1,0,464158.9,54,2010,10,14,55.37
118429,Active,2051118,NA,NA,S,0,0,96792.875,22.95,2008,31,7.7,7.97
118430,Active,529733,NA,NA,S,1,0,217001.9963,63.95,2012,25,19.74,51
118431,Active,3730418,NA,NA,S,0,0,184925.45,65,2015,14,36.45,28.63
118432,Active,872580,NA,NA,S,1,0,150452.1213,44,1993,66,7.82,51
118433,Active,1866634,NA,NA,S,1,0,121827.725,70,2011,37,29.31,41.06
118434,Active,1430834,NA,NA,S,0,0,60005.53125,47.99,2011,27,18.02,23.98
118435,Active,734522,NA,NA,S,1,0,18054.75,23,2013,12,16.99,17.34
118436,Active,2140809,NA,NA,S,1,0,85439.225,34.95,2008,41,13.76,25.44
118437,Active,103886,NA,NA,S,15,1,472044.41,125,2001,49,4.49,23.98
118438,Active,3526945,NA,NA,S,1,0,50844.275,65,2015,17,42,39.73
118439,Active,2666344,NA,NA,S,0,0,491537.8425,6.99,1991,95,3.88,5.5
118440,Active,1640795,NA,NA,S,0,0,9963.775,20.99,2012,39,15.15,14.95
118441,Active,529724,NA,NA,S,0,0,14068.25,24.95,2011,15,15.88,11.34
118442,Active,1598703,NA,NA,S,0,0,2658.08125,34.99,2007,1010,4,14.95
118443,Active,3531020,NA,NA,S,0,0,752750.05,65,2007,125,7.97,12.75
118444,Active,3580797,NA,NA,S,0,0,26981.9,69.95,2000,71,33.17,37.24
118445,Active,158915,NA,NA,S,0,0,625720.7438,60,2003,88,4.88,12.99
118446,Active,289909,NA,NA,S,1,0,1583.27625,29.99,2003,827,4.84,10.95
118447,Active,822041,NA,NA,S,0,0,728327.4288,25.95,2004,31,22.91,83.9
118448,Active,2961927,NA,NA,S,16,1,478148.1775,14.99,2014,1,114.32,42.53
118449,Active,3945619,NA,NA,S,0,0,511264.2,49.95,2015,47,31.09,29.62
118450,Active,212081,NA,NA,S,1,0,95414.05,26,2008,41,4.85,13.49
118451,Active,867805,NA,NA,S,4,1,23240.06125,28.5,2014,38,22.84,26.79
118452,Active,250913,NA,NA,S,0,0,162905.475,22,2011,26,6.49,13.99
118453,Active,250912,NA,NA,S,0,0,221497.3,22,2011,23,14.03,60.09
118454,Active,262911,NA,NA,S,1,0,568791.1288,22,1999,83,3.89,5.44
118455,Active,529722,NA,NA,S,1,0,11289.2,24.95,2011,40,12.68,11.99
118456,Active,1870754,NA,NA,S,0,0,246436.525,22,2011,54,6.68,15.8
118457,Active,122298,NA,NA,S,0,0,89754.915,17,2001,146,4,12.88
118458,Active,684845,NA,NA,S,0,0,43544.425,22.95,2011,23,16.67,12.97
118459,Active,2103661,NA,NA,S,0,0,210737.9,21.99,2015,7,16.88,16.66
118460,Active,2077637,NA,NA,S,1,0,76156,34.99,2015,14,25.48,25.09
118461,Active,1937763,NA,NA,S,0,0,4940.275,22,2012,39,6.91,10.98
118462,Active,1725230,NA,NA,S,0,0,57147.95,22.99,2011,29,11.33,12.67
118463,Active,3624654,NA,NA,S,1,0,106757.725,40,2015,11,38.81,31.16
118464,Active,1619829,NA,NA,S,0,0,377.675,28.5,2013,14,22.84,18.41
118465,Active,3498152,NA,NA,S,0,0,54606.475,90,2011,33,42.8,55.42
118466,Active,2041712,NA,NA,S,1,0,69682.475,28.95,2013,54,4,6.96
118467,Active,158026,NA,NA,S,0,0,266398.745,63.95,2003,45,19.14,53.74
118468,Active,2227765,NA,NA,S,3,1,9870.775,30,2013,25,20.93,21.57
118469,Active,630022,NA,NA,S,0,0,162146.175,39.95,2010,18,28.74,25.92
118470,Active,3528827,NA,NA,S,0,0,163578.625,34.95,2014,17,28.98,33.36
118471,Active,1712448,NA,NA,S,0,0,61066.9,22.5,2008,29,9.61,20.78
118472,Active,2142952,NA,NA,S,0,0,42640.95,25,2013,17,18.96,19.29
118473,Active,1701967,NA,NA,S,1,0,148328.425,35,2011,20,21.28,28.15
118474,Active,1496356,NA,NA,S,0,0,22386.65,34.99,2013,14,23.15,22.3
118475,Active,1496358,NA,NA,S,0,0,139612.4,39.99,2014,10,24.79,25.81
118476,Active,1777280,NA,NA,S,1,0,195471.075,31.95,2012,14,27.6,26.72
118477,Active,755809,NA,NA,S,6,1,31180.8,21.99,2010,31,11.96,14.48
118478,Active,1750869,NA,NA,S,5,1,236581.5813,16.95,2008,107,4,10.97
118479,Active,796234,NA,NA,S,1,0,123683.425,49.95,2005,13,23.48,20.98
118480,Active,858210,NA,NA,S,2,1,43154.725,26,2012,16,13.22,15.99
118481,Active,3035662,NA,NA,S,3,1,571736.2563,24.95,2000,47,4.41,9.21
118482,Active,677029,NA,NA,S,1,0,8744.425,29.95,2008,34,9.37,18.97
118483,Active,638478,NA,NA,S,1,0,505429.0013,71.95,2006,31,17.38,119.07
118484,Active,2108093,NA,NA,S,0,0,26728.375,110,2015,9,38.32,38.34
118485,Active,250903,NA,NA,S,1,0,21028.975,24.95,2010,37,11.54,15.74
118486,Active,250911,NA,NA,S,1,0,6929.775,24.95,2011,32,14,14.29
118487,Active,1870798,NA,NA,S,0,0,53308.875,24.95,2013,23,14.98,15.04
118488,Active,682543,NA,NA,S,0,0,8794.475,24.95,2013,26,14.29,14.29
118489,Active,2108090,NA,NA,S,0,0,4950.075,24.95,2015,14,14.7,15.7
118490,Active,685324,NA,NA,S,1,0,93366.15,24.95,2013,33,14.5,15.05
118491,Active,676538,NA,NA,S,1,0,6749.9,24.95,2011,48,13.14,15.44
118492,Active,683591,NA,NA,S,0,0,31368.275,24.95,2013,35,16.01,15.05
118493,Active,680238,NA,NA,S,1,0,5788.9,24.95,2011,47,9.25,12.39
118494,Active,861410,NA,NA,S,0,0,27202.1,24.95,2013,50,13.4,15.6
118495,Active,250910,NA,NA,S,0,0,6243.525,24.95,2011,42,13.74,13.25
118496,Active,1870797,NA,NA,S,0,0,35270.225,24.95,2013,31,14.74,15.05
118497,Active,1757811,NA,NA,S,0,0,64383.75,24.97,2012,10,22.88,24.97
118498,Active,1918610,NA,NA,S,0,0,144992.325,24.97,2008,48,4,26.19
118499,Active,2002574,NA,NA,S,1,0,6404.3,24.95,2015,6,27.29,21.62
118500,Active,2486715,NA,NA,S,0,0,73401,102,2016,69,20.24,45.04
118501,Active,624718,NA,NA,S,0,0,569561.755,99.95,2012,43,4,17.36
118502,Active,2486716,NA,NA,S,0,0,137043,83.95,2016,21,37.14,70.16
118503,Active,1890988,NA,NA,S,0,0,90444.125,29.99,2013,16,19.67,20.72
118504,Active,1890987,NA,NA,S,0,0,68117.3,29.99,2013,14,21.46,19.44
118505,Active,1890969,NA,NA,S,0,0,32834.2,24.99,2012,12,17.64,17.72
118506,Active,687393,NA,NA,S,0,0,68273.075,24.99,2012,17,14.98,18.74
118507,Active,2028720,NA,NA,S,0,0,165729.975,29.99,2014,6,16.08,16.11
118508,Active,924402,NA,NA,S,4,1,11442.145,79.95,2015,71,43.99,58.26
118509,Active,665031,NA,NA,S,1,0,86611.275,0,2009,19,19.22,23.94
118510,Active,2022372,NA,NA,S,0,0,158043.875,40,2007,18,19.99,23.71
118511,Active,1615813,NA,NA,S,1,0,127478.525,34.99,2009,29,5.74,15.82
118512,Active,1932674,NA,NA,S,1,0,47904.525,49.99,2012,28,19.77,27.99
118513,Active,1932651,NA,NA,S,1,0,174438.75,39.99,2011,27,18.99,25.29
118514,Active,1616026,NA,NA,S,1,0,67132.95,49.99,2009,39,5.68,21.23
118515,Active,1615962,NA,NA,S,1,0,50087.025,49.99,2008,38,15.99,27.99
118516,Active,1615970,NA,NA,S,1,0,87149.85,34.99,2008,45,8.65,18.94
118517,Active,535901,NA,NA,S,4,1,412768.0288,177.95,2012,48,19.56,58.98
118518,Active,3800055,NA,NA,S,1,0,72655.1,24.99,2015,28,7.59,13.32
118519,Active,2016643,NA,NA,S,1,0,55117.275,21.95,2009,25,6.89,17.16
118520,Active,166472,NA,NA,S,1,0,383427.775,63,2006,19,4,47.22
118521,Active,2024655,NA,NA,S,1,0,3981.95,21.95,2012,21,14.24,14.72
118522,Active,2609282,NA,NA,S,1,0,435615.8763,44.99,1998,33,6.4,38.96
118523,Active,1957879,NA,NA,S,1,0,89902.325,25,2013,26,11.95,17.82
118524,Active,1682925,NA,NA,S,0,0,40151.37375,12.99,2015,17,9.25,9.74
118525,Active,137734,NA,NA,S,0,0,641462.055,48,2004,21,9.01,36.98
118526,Active,3960008,NA,NA,S,2,1,2476.85,24.95,2015,9,17.33,17.34
118527,Active,1625532,NA,NA,S,1,0,106091.3,27.95,2009,19,7.23,39.99
118528,Active,679887,NA,NA,S,1,0,8051.825,24.95,2011,28,17.44,16.91
118529,Active,2145979,NA,NA,S,1,0,34053.025,30,2008,19,23.5,23.51
118530,Active,637125,NA,NA,S,4,1,9640.075,23.9,2010,28,27.37,28.94
118531,Active,163071,NA,NA,S,1,0,119190.675,24.95,2011,60,4,7.99
118532,Active,3623333,NA,NA,S,0,0,75655.125,24.95,2011,18,18.95,18.85
118533,Active,214330,NA,NA,S,0,0,174456.22,35.95,2006,35,29.79,34.14
118534,Active,864514,NA,NA,S,2,1,30021.25,29.99,2014,13,31.12,23.36
118535,Active,2066244,NA,NA,S,0,0,500732.9688,21.95,2011,33,8.67,15.49
118536,Active,2041181,NA,NA,S,0,0,11587.0225,14.95,2008,46,8.13,11.17
118537,Active,1760985,NA,NA,S,0,0,22379.975,24.99,2014,14,21.35,16.65
118538,Active,1534699,NA,NA,S,1,0,33417.95,21.95,2015,22,13.01,15.24
118539,Active,3009026,NA,NA,S,0,0,39016,25,2015,6,26.73,24.31
118540,Active,541358,NA,NA,S,3,1,236193.4625,79.95,2013,33,15.35,71.67
118541,Active,1487017,NA,NA,S,0,0,646726.5075,50,2010,23,10.23,18.98
118542,Active,627538,NA,NA,S,0,0,126717.585,92,2008,46,5.78,0
118543,Active,200621,NA,NA,S,3,1,585575.5588,67.95,2010,26,12.94,53.02
118544,Active,202289,NA,NA,S,2,1,780584.5625,175.95,2001,42,4.33,7.98
118545,Active,417615,NA,NA,S,1,0,323582.1463,111,2008,26,47.59,93.96
118546,Active,1822647,NA,NA,S,36,1,681462,64,2014,31,4.88,55.33
118547,Active,270178,NA,NA,S,2,1,23972.025,39.95,2011,17,28.75,39.95
118548,Active,690274,NA,NA,S,1,0,221987.65,25,2012,20,13.98,19.99
118549,Active,543455,NA,NA,S,3,1,826266.94,110,2008,27,15.42,75.87
118550,Active,545633,NA,NA,S,4,1,660391.2388,15.95,2011,30,7.18,0
118551,Active,584951,NA,NA,S,2,1,621745.99,33.95,1992,46,4,22.97
118552,Active,1557044,NA,NA,S,1,0,59303.525,70.95,2014,12,58.94,58.92
118553,Active,213100,NA,NA,S,1,0,604259.2675,71.95,2005,31,11.82,52.96
118554,Active,860801,NA,NA,S,5,1,204687.9675,111.45,2012,13,45.06,62.99
118555,Active,543945,NA,NA,S,5,1,42949.71875,234.75,2012,63,28.13,92.99
118556,Active,624682,NA,NA,S,1,0,19142.875,82,2012,43,28.97,41.16
118557,Active,194017,NA,NA,S,4,1,459483.2413,62,2003,74,4.22,15.94
118558,Active,2896030,NA,NA,S,2,1,265845.2325,14.95,1996,30,4,43.97
118559,Active,686063,NA,NA,S,0,0,36674.85,21,2011,22,8.41,8.9
118560,Active,1648853,NA,NA,S,1,0,618834.6088,35,2014,14,27.96,23.03
118561,Active,2019346,NA,NA,S,3,1,142052.45,24.95,2013,16,8.18,16.93
118562,Active,869931,NA,NA,S,5,1,25252.095,96.95,2014,49,35.58,71.69
118563,Active,689173,NA,NA,S,1,0,220454.975,22.5,2011,15,8.34,20.37
118564,Active,568109,NA,NA,S,1,0,445100.3463,54.99,2002,41,3.99,31.83
118565,Active,232187,NA,NA,S,3,1,608891.0738,55,2007,34,14.38,52.99
118566,Active,1780481,NA,NA,S,2,1,661264.6138,90,2014,28,14.08,49.2
118567,Active,584309,NA,NA,S,2,1,648201.1125,53,1991,28,4,46.44
118568,Active,891003,NA,NA,S,3,1,829567.67,53,2015,43,5.37,33.97
118569,Active,529695,NA,NA,S,3,1,44609.31375,191.95,2012,73,23.8,83.6
118570,Active,872545,NA,NA,S,7,1,14419.82,99.8,2014,47,53.09,78.79
118571,Active,206052,NA,NA,S,1,0,103823.525,75,2006,30,19.49,46.99
118572,Active,649503,NA,NA,S,8,1,5952.105,99.95,2013,72,45.68,59.81
118573,Active,2252534,NA,NA,S,7,1,274011.9,87.92,2008,20,12.11,55.01
118574,Active,546069,NA,NA,S,4,1,15387.235,198.75,2014,59,36.99,94.96
118575,Active,862089,NA,NA,S,8,1,19191.415,248.75,2014,95,24.5,46.49
118576,Active,868240,NA,NA,S,11,1,75636.78625,87.07,2014,40,30.23,74.36
118577,Active,539387,NA,NA,S,4,1,229205.7388,162.8,2013,49,19.6,80.65
118578,Active,637646,NA,NA,S,1,0,64850.7,60,2013,25,23.45,36.99
118579,Active,1878223,NA,NA,S,0,0,87632.7,34.95,2010,21,20.46,33
118580,Active,1936369,NA,NA,S,1,0,194642.5,76.99,2014,21,24.03,43.74
118581,Active,3568147,NA,NA,S,0,0,73620.95,59.99,2015,6,44.15,39.3
118582,Active,2277534,NA,NA,S,4,1,28094.2,0,2013,0,0,7.48
118583,Active,2021688,NA,NA,S,2,1,99075.55,21.95,2012,12,13.5,15.95
118584,Active,1598584,NA,NA,S,0,0,33182.7,25,2015,19,15.29,15.72
118585,Active,2141597,NA,NA,S,14,1,47905.64125,32.95,2011,23,14.97,23.27
118586,Active,2248276,NA,NA,S,0,0,244047.125,0,2009,21,13.47,62.58
118587,Active,204042,NA,NA,S,1,0,97617.8,99.99,2007,46,31.89,71.57
118588,Active,690892,NA,NA,S,2,1,43442.025,30,2010,32,20.07,20.07
118589,Active,1725952,NA,NA,S,0,0,178812.425,35,2008,10,28.4,27.18
118590,Active,1683222,NA,NA,S,2,1,328518.885,9.95,2008,6,68.6,19.24
118591,Active,614135,NA,NA,S,0,0,151715.325,35,2010,62,9.1,9.73
118592,Active,675997,NA,NA,S,0,0,99265.55,25,2012,63,4.69,5.98
118593,Active,1745293,NA,NA,S,1,0,16038.975,23.49,2012,6,16.75,15.15
118594,Active,1729745,NA,NA,S,0,0,104495.65,24.95,2010,19,10.77,19.96
118595,Active,3530988,NA,NA,S,0,0,40371.725,30,2015,21,15.71,10.73
118596,Active,3803064,NA,NA,S,1,0,194860.5,240.75,2011,10,27.94,133.85
118597,Active,271158,NA,NA,S,0,0,21869.05,22.25,2011,53,9.21,12.97
118598,Active,1942094,NA,NA,S,0,0,42120.35,27.95,2012,14,18.17,10.98
118599,Active,650222,NA,NA,S,3,1,451314.4025,218.8,2001,39,16.34,89.98
118600,Active,875737,NA,NA,S,0,0,707656.6213,11.93,1998,39,4.49,11.99
118601,Active,750900,NA,NA,S,0,0,25673.3,25.95,2008,20,17.71,20.43
118602,Active,2692782,NA,NA,S,0,0,32775.49,16,2002,48,7.49,11.99
118603,Active,1749464,NA,NA,S,0,0,177868.025,24.95,2014,13,7.95,19.2
118604,Active,1749463,NA,NA,S,0,0,160762.3,24.95,2011,43,4,11.93
118605,Active,2114600,NA,NA,S,0,0,146747.875,29.95,2015,14,21.42,19.15
118606,Active,2999849,NA,NA,S,0,0,67279.275,21.95,2014,6,24.63,16.67
118607,Active,2441745,NA,NA,S,0,0,466023.3488,65,2001,30,32.32,32.33
118608,Active,290258,NA,NA,S,1,0,350159.4163,152,2004,29,12.62,111.15
118609,Active,2592972,NA,NA,S,1,0,551046.185,49.99,1979,32,6.39,34.72
118610,Active,273783,NA,NA,S,2,1,687912.5088,22.95,2001,101,7.9,17.31
118611,Active,3529651,NA,NA,S,0,0,758724.35,44.99,2005,67,14.97,28.99
118612,Active,1474783,NA,NA,S,1,0,127253.2,34.95,2012,24,14.18,58.25
118613,Active,1704240,NA,NA,S,1,0,26320.075,22.95,2008,24,13.79,17.49
118614,Active,3803922,NA,NA,S,0,0,85180.725,85,2015,16,28.98,36.35
118615,Active,3598381,NA,NA,S,0,0,233540.775,50,2013,32,20.5,19.97
118616,Active,3486176,NA,NA,S,0,0,217119.8,45,2016,14,36.69,37.32
118617,Active,1494817,NA,NA,S,1,0,106507.5,25.99,2015,31,8.95,11.99
118618,Active,804979,NA,NA,S,0,0,77972.05,26,2007,42,6.97,16.42
118619,Active,2286590,NA,NA,S,2,1,14780.5,0,2014,0,0,5.48
118620,Active,2038703,NA,NA,S,0,0,118978.025,36.95,2009,29,15.46,25.43
118621,Active,1669155,NA,NA,S,0,0,174826.425,26.95,2014,23,14.89,18.39
118622,Active,2044710,NA,NA,S,0,0,31163,49.99,2008,19,28.84,28.81
118623,Active,2044724,NA,NA,S,0,0,26114.125,49.99,2008,20,31.34,32.45
118624,Active,3796573,NA,NA,S,0,0,31378.225,49.99,2009,25,29.18,32.7
118625,Active,2049801,NA,NA,S,0,0,73539.35,49.99,2011,17,28.98,33.07
118626,Active,3797118,NA,NA,S,0,0,160875.8,65,2015,11,49.74,39.06
118627,Active,1769090,NA,NA,S,0,0,597691.9475,39.99,2014,18,33.78,32.72
118628,Active,139119,NA,NA,S,0,0,274936.0488,42,2004,41,7.94,37.44
118629,Active,870901,NA,NA,S,0,0,704009.4463,40,2003,40,7.09,23.94
118630,Active,2095794,NA,NA,S,1,0,91247.8,39.99,2014,15,24.74,26.09
118631,Active,286726,NA,NA,S,1,0,147120.95,26,2008,23,4,21.66
118632,Active,1561417,NA,NA,S,1,0,58918.45,27.95,2015,27,10.98,19.34
118633,Active,3882978,NA,NA,S,0,0,506273.95,59.99,2013,50,31.17,45.35
118634,Active,1744605,NA,NA,S,2,1,642527.9913,24.95,2008,45,5.33,17.44
118635,Active,2016605,NA,NA,S,2,1,73714.6,21.95,2007,37,4,11.46
118636,Active,2069332,NA,NA,S,0,0,20386.525,20.95,2011,29,7.78,15.48
118637,Active,867381,NA,NA,S,11,1,36320.415,228,2014,41,31.36,65.98
118638,Active,677664,NA,NA,S,0,0,176631.2,24.95,2007,34,4.95,16.71
118639,Active,206119,NA,NA,S,1,0,87636.65,45,2008,24,33.97,31.59
118640,Active,1701669,NA,NA,S,0,0,194559.1,31.95,2015,12,31.85,31.94
118641,Active,2028169,NA,NA,S,1,0,151746.225,58,2014,11,37.74,43.66
118642,Active,690208,NA,NA,S,1,0,376280.4013,30,2011,12,25.02,25.06
118643,Active,914562,NA,NA,S,1,0,551749.1188,50,2002,30,4,10.98
118644,Active,1567592,NA,NA,S,1,0,337980.3663,48,2009,24,9.66,33.75
118645,Active,268461,NA,NA,S,1,0,633580.2788,38,2007,17,30.17,35.58
118646,Active,118650,NA,NA,S,3,1,77032.5525,124,2011,52,43.3,112.37
118647,Active,2383220,NA,NA,S,1,0,382259.9325,73.05,1972,29,7.12,66.83
118648,Active,688471,NA,NA,S,1,0,42744.975,32.95,2013,18,22.88,25.4
118649,Active,3763393,NA,NA,S,3,1,25478.85,49.99,2015,21,23.98,34.75
118650,Active,2994906,NA,NA,S,8,1,45611.68375,79.99,2015,30,40.54,50.05
118651,Active,873384,NA,NA,S,7,1,803943.66,70.36,2011,32,14.45,26.79
118652,Active,3526941,NA,NA,S,1,0,87095.875,75,2014,26,37.98,46.81
118653,Active,2033424,NA,NA,S,1,0,214181.375,29.95,2013,18,18.67,21.47
118654,Active,920633,NA,NA,S,1,0,251744.5325,40,1993,61,4.23,17.99
118655,Active,613452,NA,NA,S,0,0,581162.7125,50,1984,106,4,12.94
118656,Active,3727708,NA,NA,S,2,1,575622.15,43.5,2006,42,23.8,31.07
118657,Active,2285458,NA,NA,S,2,1,9594.6,0,2014,0,0,7.48
118658,Active,735822,NA,NA,S,1,0,122780.375,25.99,2013,67,4,8.1
118659,Active,2075553,NA,NA,S,1,0,170876.675,27.95,2012,43,4,9.08
118660,Active,681655,NA,NA,S,2,1,5074.075,24.95,2012,26,14.47,15.23
118661,Active,687944,NA,NA,S,1,0,13228.825,24.95,2013,19,16.2,16.2
118662,Active,3784538,NA,NA,S,0,0,120839.375,24.95,2012,30,11.3,13.97
118663,Active,903681,NA,NA,S,0,0,12555.575,30,2015,15,17.75,18.06
118664,Active,2159443,NA,NA,S,2,1,65001.575,29.95,2009,21,19.49,19.55
118665,Active,734059,NA,NA,S,1,0,179788.91,21.99,2008,56,4.5,15.78
118666,Active,1527346,NA,NA,S,1,0,18786.55,35,2014,20,24.88,20.94
118667,Active,920017,NA,NA,S,0,0,39873.2825,18,1995,103,4.76,8.8
118668,Active,1875443,NA,NA,S,0,0,71652.55,21.99,2007,22,20.52,18.75
118669,Active,2671675,NA,NA,S,0,0,231698.2125,6.99,2002,73,4,5.49
118670,Active,1700797,NA,NA,S,0,0,113851.8,118.63,2009,22,5.5,73.41
118671,Active,2224366,NA,NA,S,0,0,62258.35,29.95,2013,18,12.98,9.99
118672,Active,1669466,NA,NA,S,1,0,61082.725,21.99,2007,51,4.54,15.17
118673,Active,1890163,NA,NA,S,4,1,499309.1775,46.95,2014,29,18.81,42.49
118674,Active,1434124,NA,NA,S,0,0,42473.475,27.99,2015,25,13.68,14.28
118675,Active,2020930,NA,NA,S,1,0,3408.9,40,2014,47,17.9,17.73
118676,Active,120545,NA,NA,S,2,1,268722.7613,66.2,2010,30,6,117.69
118677,Active,568451,NA,NA,S,0,0,206844.0325,54.99,1981,33,6.96,24.49
118678,Active,480575,NA,NA,S,2,1,22837.75,21.99,2007,23,16.28,15.42
118679,Active,2020474,NA,NA,S,0,0,119800.65,30,2009,15,26.49,30
118680,Active,1970028,NA,NA,S,1,0,9478.575,24.95,2013,61,5.23,5.97
118681,Active,2732185,NA,NA,S,0,0,50632.3225,14.99,2005,50,7.01,9.14
118682,Active,141669,NA,NA,S,1,0,46219.75,23,2009,30,8.52,19.39
118683,Active,557846,NA,NA,S,1,0,114559.0475,16,1988,137,4,10.3
118684,Active,2034604,NA,NA,S,0,0,66371.525,24.98,1900,13,5.91,17.94
118685,Active,650665,NA,NA,S,1,0,771909.325,45.95,2013,27,17.89,35.98
118686,Active,536180,NA,NA,S,1,0,418031.6188,89.99,2007,59,37.99,58.09
118687,Active,2084376,NA,NA,S,1,0,65516.5,62.99,2013,10,43.98,42.94
118688,Active,649635,NA,NA,S,1,0,32058.45,44.99,2013,19,27.66,27.59
118689,Active,1519156,NA,NA,S,4,1,582614.225,65.95,2014,1,0,65.94
118690,Active,3960724,NA,NA,S,5,1,3996,69.95,2016,11,54.08,56.33
118691,Active,579035,NA,NA,S,1,0,249641.3125,62,1990,30,7.26,43.67
118692,Active,2067883,NA,NA,S,0,0,119778.975,26.99,2014,16,20.23,17.89
118693,Active,1434276,NA,NA,S,0,0,43554.675,21.99,2014,36,4.37,7.81
118694,Active,3634865,NA,NA,S,5,1,4348,25,2016,19,17.48,15.51
118695,Active,2728779,NA,NA,S,1,0,305331.1238,16.99,2000,46,4,29.84
118696,Active,618571,NA,NA,S,0,0,94224.2,34.95,2009,22,19.49,23.3
118697,Active,2167082,NA,NA,S,2,1,57148.075,23.95,2013,12,15.51,17.75
118698,Active,255118,NA,NA,S,2,1,94001.625,24.95,2009,22,11.28,18.98
118699,Active,2111511,NA,NA,S,0,0,144561.9,39.95,2014,14,22.52,22.57
118700,Active,580657,NA,NA,S,0,0,528633.62,45,1997,45,6.99,28.97
118701,Active,2046481,NA,NA,S,0,0,55197.45,27.99,2015,19,15.03,16.35
118702,Active,1624076,NA,NA,S,0,0,60607.25,45,2014,23,22.37,31.39
118703,Active,1660712,NA,NA,S,1,0,42636.25,30,2013,14,20.99,21.78
118704,Active,1660761,NA,NA,S,0,0,95734.575,30,2014,15,14.8,8.98
118705,Active,1720779,NA,NA,S,0,0,40835.05,24,2009,36,12.34,15.99
118706,Active,2216453,NA,NA,S,0,0,38970.75,60,2014,20,39.1,39.27
118707,Active,3001527,NA,NA,S,2,1,101884.0288,29.99,2014,7,21.62,27.02
118708,Active,3784251,NA,NA,S,0,0,84380.2,24.95,2008,43,6.79,29.84
118709,Active,2061142,NA,NA,S,1,0,19633.375,21.99,2015,21,14.11,15.14
118710,Active,3495820,NA,NA,S,0,0,141757.575,50,2012,22,13.99,13.99
118711,Active,1932519,NA,NA,S,1,0,84324.475,44.99,2013,21,27.54,28.99
118712,Active,1616031,NA,NA,S,1,0,51885.85,34.99,2010,28,11.21,20.76
118713,Active,1932557,NA,NA,S,1,0,98403.925,39.99,2014,24,24.9,24.88
118714,Active,1615998,NA,NA,S,1,0,121195.575,29.99,2007,40,4.48,16.61
118715,Active,852639,NA,NA,S,1,0,667314.6425,82.95,2001,64,3.93,6.57
118716,Active,686549,NA,NA,S,0,0,94308.6,26.99,2013,53,12.11,17.03
118717,Active,909966,NA,NA,S,0,0,321445.2438,87.95,2008,13,18.19,18.68
118718,Active,577512,NA,NA,S,0,0,148834.25,77.97,2009,34,9.02,23.48
118719,Active,678508,NA,NA,S,0,0,153180.4,24.95,2008,48,10.48,20.94
118720,Active,1496865,NA,NA,S,1,0,113411.775,40,2011,41,4,11.62
118721,Active,687770,NA,NA,S,0,0,42480.825,26.95,2009,18,19.62,19.62
118722,Active,2089783,NA,NA,S,0,0,79483.875,26.95,2014,12,16.24,20.32
118723,Active,2089793,NA,NA,S,0,0,96241.975,24.95,2007,12,22.78,21.42
118724,Active,1935456,NA,NA,S,1,0,34728.825,27.95,2014,18,17.98,19.35
118725,Active,699432,NA,NA,S,2,1,352594.2838,49,1999,34,10.89,0
118726,Active,1935496,NA,NA,S,2,1,54085.125,21.95,2015,12,20.18,17.78
118727,Active,3503629,NA,NA,S,0,0,34326.575,60,2011,21,34.7,37.26
118728,Active,655078,NA,NA,S,0,0,70244.175,60,2013,18,33.4,34.39
118729,Active,1730987,NA,NA,S,1,0,127640.55,24.95,2013,9,18.16,22.45
118730,Active,2043554,NA,NA,S,0,0,117002.425,28,2014,24,4.22,9.98
118731,Active,1668782,NA,NA,S,2,1,650403.4488,21.95,2012,14,23.91,139.89
118732,Active,1634358,NA,NA,S,1,0,205224.15,21.95,2007,48,4.49,7.47
118733,Active,1669000,NA,NA,S,3,1,75793.475,22.95,2015,12,16.53,17.21
118734,Active,1736875,NA,NA,S,1,0,27832.025,29.95,2008,16,20.8,19.4
118735,Active,1668845,NA,NA,S,4,1,13091.125,21.95,2012,10,16.77,15.94
118736,Active,1669038,NA,NA,S,5,1,82312.625,24.95,2014,13,18.77,17.52
118737,Active,1669056,NA,NA,S,10,1,139497.6,24.95,2014,8,16.96,17.94
118738,Active,1964473,NA,NA,S,1,0,57555.85,22,2014,16,15.29,15.64
118739,Active,1708801,NA,NA,S,2,1,236457.55,21.95,2015,12,13.94,15.49
118740,Active,2048355,NA,NA,S,0,0,34726.2,21.95,2012,7,19.49,18.02
118741,Active,1669003,NA,NA,S,0,0,37948.9,22.95,2014,9,10.73,16.59
118742,Active,1668970,NA,NA,S,1,0,53685.075,21.95,2013,9,16.97,16.98
118743,Active,1669088,NA,NA,S,1,0,89595.125,24.95,2014,8,16.81,16.53
118744,Active,1668833,NA,NA,S,1,0,66645.075,21.95,2011,19,12.91,16.18
118745,Active,1669086,NA,NA,S,1,0,37190.925,21.95,2014,9,16.76,17.2
118746,Active,1669166,NA,NA,S,1,0,103925.4,21.95,2015,14,9.53,13.94
118747,Active,1668846,NA,NA,S,3,1,27945.65,21.95,2012,14,13.23,16.1
118748,Active,2725645,NA,NA,S,2,1,357506.8688,14.95,2005,38,5.22,23.18
118749,Active,1669024,NA,NA,S,3,1,15285.45,21.95,2013,9,17.12,17.21
118750,Active,2271349,NA,NA,S,7,1,695450.8763,82.88,2010,12,15.41,92.39
118751,Active,1597877,NA,NA,S,0,0,404956.7738,278.95,2010,26,39.06,152.35
118752,Active,678034,NA,NA,S,1,0,47714.7,24,2010,25,5.81,23.94
118753,Active,640542,NA,NA,S,0,0,22892.575,31.99,2007,23,13.42,20.85
118754,Active,645338,NA,NA,S,0,0,20159.325,31.99,2007,15,18.97,22.19
118755,Active,3598421,NA,NA,S,0,0,79294.3,65,2014,20,36.4,39.6
118756,Active,124982,NA,NA,S,0,0,126363.995,11.95,2000,121,4.05,7.17
118757,Active,1839789,NA,NA,S,1,0,88967.65,60.95,2008,28,12.81,32.98
118758,Active,659539,NA,NA,S,0,0,170923.625,29.95,2007,17,25.46,29.98
118759,Active,1889979,NA,NA,S,1,0,97362.225,40.95,2012,19,11.94,32.71
118760,Active,534537,NA,NA,S,3,1,330880.4725,79.95,2013,18,14.74,49.11
118761,Active,3828877,NA,NA,S,0,0,25924.025,55,2015,14,39.33,35.7
118762,Active,678468,NA,NA,S,1,0,22311.4,28,2011,28,8.64,14.93
118763,Active,3598424,NA,NA,S,0,0,91839.3,55,2014,18,24.01,34.16
118764,Active,3882933,NA,NA,S,0,0,85038.05,39.99,2010,29,36.42,40.66
118765,Active,681026,NA,NA,S,1,0,148826.225,21.95,2009,46,11.1,16.52
118766,Active,2283442,NA,NA,S,2,1,13535.525,0,2014,0,0,7.48
118767,Active,2767628,NA,NA,S,15,1,44582.25,19.99,2001,432,4,5.88
118768,Active,2105032,NA,NA,S,0,0,48014.575,29.99,2013,15,20.74,20.77
118769,Active,273359,NA,NA,S,2,1,188000.6275,46.95,2011,28,15.94,40.7
118770,Active,621402,NA,NA,S,1,0,169187.025,112.95,2007,29,16.27,54.34
118771,Active,1532673,NA,NA,S,0,0,85712.375,28.95,2015,28,16.49,19.34
118772,Active,147683,NA,NA,S,3,1,183421.71,82.95,2011,36,22.23,58.99
118773,Active,873981,NA,NA,S,7,1,15449.95,89.99,2015,68,44.28,57.99
118774,Active,1689061,NA,NA,S,4,1,50877.375,39.99,2010,10,33.53,29.53
118775,Active,3803609,NA,NA,S,0,0,78849.025,23.05,2014,15,21.83,19.67
118776,Active,865849,NA,NA,S,0,0,682190.57,39.95,2010,15,28.18,29.99
118777,Active,2174495,NA,NA,S,0,0,155339.4,79.99,2014,14,58.33,56.91
118778,Active,659008,NA,NA,S,3,1,865756.8913,59.95,1993,32,6.34,44.98
118779,Active,144042,NA,NA,S,8,1,403374.93,42.67,1998,24,4,55.89
118780,Active,663666,NA,NA,S,0,0,204982.75,35,2013,11,28.98,30.63
118781,Active,3553759,NA,NA,S,0,0,167860.2,60,2016,9,39.99,40.6
118782,Active,133729,NA,NA,S,3,1,106201.1363,30,2007,46,19.25,23.99
118783,Active,2971336,NA,NA,S,3,1,26059.25375,50,2015,17,24.6,26.95
118784,Active,2526375,NA,NA,S,0,0,742651.0413,49.95,1993,30,4,37.89
118785,Active,921125,NA,NA,S,0,0,49398.14125,45.95,2003,72,4,20.71
118786,Active,614308,NA,NA,S,0,0,339542.4888,67.95,2002,67,6.3,25.75
118787,Active,3073609,NA,NA,S,0,0,30090.95,59.95,2004,55,8.19,37.98
118788,Active,2024439,NA,NA,S,0,0,134697.125,97.09,2011,20,47.54,123.98
118789,Active,908275,NA,NA,S,0,0,626924.5963,12.95,2002,22,6.09,6.09
118790,Active,118019,NA,NA,S,1,0,157242.125,57.4,2010,18,28.54,53.99
118791,Active,278070,NA,NA,S,10,1,731043.1563,14.95,2002,23,12.28,129.85
118792,Active,175180,NA,NA,S,1,0,173009.93,49.99,2000,39,8.97,33.98
118793,Active,642241,NA,NA,S,4,1,269167.7875,107.05,2012,44,18.98,82.83
118794,Active,510079,NA,NA,S,2,1,422959.23,44.95,2007,27,12.98,19.9
118795,Active,1768703,NA,NA,S,0,0,589061.5463,40.95,2012,21,11.42,30.73
118796,Active,540078,NA,NA,S,3,1,346454.5475,62.8,2013,32,16.4,47.94
118797,Active,1494347,NA,NA,S,1,0,216091.875,30,2012,29,8.93,11.97
118798,Active,1639099,NA,NA,S,0,0,69596.675,21.99,2008,13,14.98,15.32
118799,Active,3043491,NA,NA,S,0,0,79379.46,42.11,1999,14,15.48,39.12
118800,Active,225523,NA,NA,S,1,0,146882.5225,45,2004,51,15.97,68.85
118801,Active,3565754,NA,NA,S,0,0,156076.25,40,2011,33,21.84,30.66
118802,Active,1658620,NA,NA,S,2,1,295902.3025,133.25,2010,18,22.06,75.87
118803,Active,1494472,NA,NA,S,0,0,75514.325,80,2013,24,43.89,52.97
118804,Active,2096808,NA,NA,S,0,0,12072.25,22.5,2015,13,17.37,13.39
118805,Active,165773,NA,NA,S,2,1,277367.7363,99,2005,37,18.63,175.61
118806,Active,919013,NA,NA,S,2,1,450782.5138,73.07,1979,42,7.24,57.57
118807,Active,681925,NA,NA,S,1,0,119875.7588,34.95,2006,28,15.75,17.25
118808,Active,2300979,NA,NA,S,0,0,350258.7888,65.62,2003,16,41.34,62.64
118809,Active,860081,NA,NA,S,2,1,94915.85625,38.34,2010,25,33.99,35.33
118810,Active,654782,NA,NA,S,0,0,182106.75,27.95,2007,19,6.46,30.43
118811,Active,909151,NA,NA,S,1,0,313563.2975,65.07,2003,31,10.29,43.93
118812,Active,638006,NA,NA,S,0,0,226012.9,89.99,2008,33,5.01,69.18
118813,Active,638675,NA,NA,S,1,0,818116.9513,56.95,2006,52,5.97,36.99
118814,Active,3785000,NA,NA,S,2,1,78509.1,28.95,2014,16,15.54,27.94
118815,Active,910330,NA,NA,S,2,1,552678.6588,93.94,2006,19,4.12,8.7
118816,Active,3749517,NA,NA,S,4,1,348402.1,70.05,1900,23,7.57,63.94
118817,Active,3256558,NA,NA,S,5,1,464709.1025,75.99,2004,38,7.48,33.98
118818,Active,2592103,NA,NA,S,0,0,464762.6863,79.99,1983,36,8.44,56.53
118819,Active,617222,NA,NA,S,0,0,513730.6013,44.95,1986,60,8.47,39.84
118820,Active,689675,NA,NA,S,0,0,20349.85,29.95,2012,20,21.9,23.09
118821,Active,2394522,NA,NA,S,0,0,389038.4788,26,1996,46,8.97,16.65
118822,Active,885874,NA,NA,S,1,0,755844.445,39.95,2011,14,40.74,39.95
118823,Active,2007693,NA,NA,S,0,0,143107.525,21.95,2012,30,9.98,14.45
118824,Active,2155216,NA,NA,S,0,0,114800.7,32,2008,13,14.15,17.7
118825,Active,635325,NA,NA,S,1,0,329565.6825,91,2004,30,18.21,80.96
118826,Active,130769,NA,NA,S,13,1,34725.6625,170.6,2011,48,54.51,92.94
118827,Active,1946645,NA,NA,S,11,1,29511.83,146,2013,26,43.89,74.87
118828,Active,847373,NA,NA,S,4,1,816720.2625,97.95,1996,35,4,54.97
118829,Active,690821,NA,NA,S,0,0,7201,24.99,2013,26,12.28,15.47
118830,Active,1783892,NA,NA,S,0,0,105667.325,44,2013,25,15.95,19.39
118831,Active,898613,NA,NA,S,0,0,83638.65,0,2007,15,26.48,53.57
118832,Active,747338,NA,NA,S,0,0,33326.1,25.95,2010,29,15.86,20.09
118833,Active,540074,NA,NA,S,7,1,82668.25125,86.4,2013,35,43.99,84.49
118834,Active,1826398,NA,NA,S,7,1,238708.0163,24.95,2014,10,24.39,13.99
118835,Active,135964,NA,NA,S,1,0,240196.075,27,2010,16,16.95,24.99
118836,Active,1645665,NA,NA,S,0,0,121858.225,21,2007,33,13.39,13.4
118837,Active,1686652,NA,NA,S,5,1,2265.2,29.95,2014,23,14.14,15.73
118838,Active,1634400,NA,NA,S,0,0,72170.2,26.95,2008,41,7.23,13.97
118839,Active,1634417,NA,NA,S,1,0,34410.15,21.95,2009,21,13.74,13.88
118840,Active,3730837,NA,NA,S,0,0,89255.225,29.95,2015,13,23.49,23.27
118841,Active,3798140,NA,NA,S,0,0,150986.15,0,2010,23,39.65,93.99
118842,Active,2105250,NA,NA,S,0,0,64540.4,26,2015,21,12.37,8.48
118843,Active,1437165,NA,NA,S,1,0,11073.85,25,2012,27,11.78,13.73
118844,Active,896749,NA,NA,S,0,0,4684.25,28.25,2011,16,13.23,13.64
118845,Active,1508654,NA,NA,S,1,0,3039.175,32,2015,19,18.99,19
118846,Active,2329902,NA,NA,S,0,0,84425.9975,4.95,1989,26,4,53.99
118847,Active,862094,NA,NA,S,12,1,12490.46,214,2014,127,51.77,101.99
118848,Active,158472,NA,NA,S,0,0,52332.08,7.99,1998,159,4,5.99
118849,Active,3773534,NA,NA,S,0,0,230047.7,25.99,2014,16,19.99,23.32
118850,Active,1535781,NA,NA,S,1,0,110021.4,37.5,2015,17,31.99,34.35
118851,Active,2024724,NA,NA,S,0,0,24211.475,29.95,2015,15,17,18.57
118852,Active,1701367,NA,NA,S,2,1,7433.9,24.95,2009,45,11.69,13.97
118853,Active,688634,NA,NA,S,12,1,86699.5,25.95,2010,21,15.18,19.62
118854,Active,546362,NA,NA,S,2,1,28742.525,24.95,2010,16,18.16,18
118855,Active,2099157,NA,NA,S,0,0,27376.9,24.95,2014,7,18.76,17.77
118856,Active,721831,NA,NA,S,1,0,376052.6125,29.95,2011,47,4,10.57
118857,Active,2167866,NA,NA,S,1,0,131243.475,29.99,2014,17,21.97,19.08
118858,Active,405166,NA,NA,S,0,0,650049.55,47.95,2002,36,9.27,34.66
118859,Active,3528876,NA,NA,S,0,0,121690.475,34.95,2014,12,25.27,25.27
118860,Active,792258,NA,NA,S,0,0,15457.25,29.99,2014,16,21.26,22.13
118861,Active,2064904,NA,NA,S,1,0,53812.575,21.95,2012,17,14.63,22.99
118862,Active,2326246,NA,NA,S,1,0,574956.8525,90.6,1996,87,4.17,5.99
118863,Active,695335,NA,NA,S,1,0,748367.4688,69.25,2007,17,6.99,9.93
118864,Active,1427962,NA,NA,S,1,0,637371.1125,16.6,2008,15,12.14,28.99
118865,Active,101482,NA,NA,S,0,0,643293.34,89.25,2000,98,4,11.19
118866,Active,2317577,NA,NA,S,1,0,101852.375,152.5,2000,141,4.99,27.06
118867,Active,2321325,NA,NA,S,1,0,231418.47,53.8,2002,54,4,15.95
118868,Active,548415,NA,NA,S,1,0,802288.9163,108.45,2009,35,6.75,45.86
118869,Active,692715,NA,NA,S,1,0,399305.285,119.2,2007,15,15.56,43.89
118870,Active,692716,NA,NA,S,0,0,686738.2925,116.85,2007,23,8.6,39.43
118871,Active,1604149,NA,NA,S,1,0,315572.1113,5.1,2011,15,5.87,5.1
118872,Active,905510,NA,NA,S,0,0,234908.5275,104,2006,28,25.88,57.66
118873,Active,895468,NA,NA,S,0,0,890639.6213,81.5,2006,17,4,20.76
118874,Active,1491651,NA,NA,S,1,0,67916.125,25,2014,28,6.98,6.98
118875,Active,768208,NA,NA,S,1,0,456735.8338,10.4,2011,54,4,20.96
118876,Active,1603883,NA,NA,S,1,0,117371.1,94.55,2011,66,27.65,0
118877,Active,1604016,NA,NA,S,1,0,122702.5,74.9,2011,37,35.24,62.99
118878,Active,1603412,NA,NA,S,1,0,858545.4175,76.85,2010,24,11.99,67.83
118879,Active,1428094,NA,NA,S,1,0,112165.225,103.65,2008,27,8.75,28.97
118880,Active,692580,NA,NA,S,1,0,583997.475,138.7,2009,22,43.99,112.99
118881,Active,548219,NA,NA,S,0,0,228835.9563,18.8,2007,37,4.4,12.4
118882,Active,284546,NA,NA,S,0,0,641042.0313,131.67,2004,30,8.43,54.99
118883,Active,548374,NA,NA,S,1,0,615303.1125,108.35,2007,36,9.1,13.63
118884,Active,1426781,NA,NA,S,0,0,147400.1,90.4,2007,43,5.57,28.72
118885,Active,1427133,NA,NA,S,0,0,177663.4,93.5,2007,50,13.88,58.97
118886,Active,1428534,NA,NA,S,1,0,82345.875,20.65,2008,15,8.99,27.61
118887,Active,3729579,NA,NA,S,0,0,95162.65,49.99,2014,64,34.8,33.98
118888,Active,1424581,NA,NA,S,0,0,134977,27.5,2011,16,16.63,15.4
118889,Active,2006503,NA,NA,S,1,0,74677.075,29.97,2011,16,16.9,25.45
118890,Active,1526885,NA,NA,S,1,0,44021.55,24,2015,24,8.87,10.98
118891,Active,1494570,NA,NA,S,1,0,96056.875,32.5,2014,21,20.03,25.88
118892,Active,683558,NA,NA,S,1,0,49248,24.95,2013,30,13.95,14.39
118893,Active,1830627,NA,NA,S,3,1,195084.85,30,2010,29,9.18,22.89
118894,Active,570792,NA,NA,S,0,0,48182.075,22,2010,28,12.24,15.13
118895,Active,629010,NA,NA,S,1,0,254414.315,55.95,1994,18,35.99,41.11
118896,Active,1688756,NA,NA,S,1,0,142273.575,29.99,2013,18,15.93,20.79
118897,Active,900620,NA,NA,S,11,1,739186.9175,34.99,2014,23,4,23.43
118898,Active,3960060,NA,NA,S,0,0,20786.975,35,2015,35,13.54,16.99
118899,Active,797227,NA,NA,S,0,0,866438.6225,44.95,2008,21,6.73,49.95
118900,Active,678003,NA,NA,S,1,0,419070.1813,25.99,2012,34,4,6.49
118901,Active,1754586,NA,NA,S,0,0,46852.7,22.95,2011,14,22.29,21.56
118902,Active,634876,NA,NA,S,1,0,71066.825,40,2011,30,13.8,24.25
118903,Active,1437314,NA,NA,S,1,0,179841.4,25,2013,15,6.99,15.57
118904,Active,2084379,NA,NA,S,0,0,57395.875,62.99,2013,9,43.13,42.62
118905,Active,635933,NA,NA,S,0,0,53534.825,40,2011,19,14.52,24.31
118906,Active,639753,NA,NA,S,0,0,123006.3,35,2013,34,7.26,19.98
118907,Active,635732,NA,NA,S,1,0,131780.575,35,2012,27,20.36,25.22
118908,Active,1568603,NA,NA,S,2,1,9418.275,21.99,2009,22,12.96,12.97
118909,Active,633317,NA,NA,S,0,0,79167.75,30,2009,32,15.7,14.04
118910,Active,687982,NA,NA,S,0,0,25332.35,26.95,2012,18,15,18.75
118911,Active,1943040,NA,NA,S,1,0,102859.025,22,2014,54,5.33,7.01
118912,Active,685923,NA,NA,S,0,0,40633.3,29.95,2013,25,23.97,26.45
118913,Active,1889877,NA,NA,S,1,0,126938.95,39.95,2014,15,33.6,33.61
118914,Active,2142572,NA,NA,S,5,1,744154.42,59.95,2006,33,6.92,38.99
118915,Active,3960155,NA,NA,S,0,0,35601.075,24.99,2015,18,12.48,12.08
118916,Active,1814864,NA,NA,S,0,0,18810.3,23.99,2014,13,16.94,10.98
118917,Active,627870,NA,NA,S,1,0,46139.975,64.95,2012,37,19.54,37.38
118918,Active,106877,NA,NA,S,2,1,89676.36875,90,2012,74,8.79,45.9
118919,Active,1434114,NA,NA,S,0,0,121731.425,22.99,2015,31,4.4,9.24
118920,Active,860084,NA,NA,S,0,0,87651.175,27.95,2010,12,15.62,20.08
118921,Active,1741441,NA,NA,S,3,1,83381.925,22.95,2013,12,21.12,18.65
118922,Active,2011012,NA,NA,S,0,0,70186.15,24.95,2009,32,11.95,16.93
118923,Active,1589066,NA,NA,S,0,0,797281.5925,34.99,2010,19,29.36,32.35
118924,Active,3818097,NA,NA,S,2,1,887963.2,42.95,1998,42,8.48,35.36
118925,Active,1697966,NA,NA,S,0,0,102971.65,24.95,2014,22,17.45,19.71
118926,Active,3579536,NA,NA,S,4,1,116104.9,34.95,2012,24,31.84,33.2
118927,Active,551279,NA,NA,S,6,1,399720.2288,83.75,2001,63,5.8,8.53
118928,Active,911005,NA,NA,S,1,0,861343.56,42,2008,31,4.29,32.18
118929,Active,2103833,NA,NA,S,0,0,773284.5425,14.95,2014,38,4,8.2
118930,Active,723726,NA,NA,S,1,0,247392.175,31.95,2011,18,23.21,23.94
118931,Active,2135125,NA,NA,S,0,0,184796.6,29.95,2012,24,7.97,13.26
118932,Active,2063475,NA,NA,S,0,0,96487.7925,24.95,2009,76,7.05,13.41
118933,Active,612294,NA,NA,S,9,1,139871.075,36,2013,3,353.99,68.03
118934,Active,579349,NA,NA,S,0,0,15006.26125,23,2006,58,7.29,13.27
118935,Active,681446,NA,NA,S,1,0,22691.35,29.95,2010,22,17.97,19.03
118936,Active,2010314,NA,NA,S,1,0,103227.85,35.5,2010,15,20.74,21.93
118937,Active,2089787,NA,NA,S,0,0,136149.925,26.95,2014,16,18.34,20.88
118938,Active,2010268,NA,NA,S,1,0,231888.3,26.95,2008,21,16.46,40.45
118939,Active,663651,NA,NA,S,3,1,15781.49125,92.95,2013,59,50.21,66.49
118940,Active,1627366,NA,NA,S,0,0,34950.55,29.95,2010,20,20.63,21.97
118941,Active,1563795,NA,NA,S,0,0,43047.65,22,2007,57,5.9,8.15
118942,Active,2041804,NA,NA,S,0,0,1440.2,25.95,2014,18,19.06,12.99
118943,Active,2068683,NA,NA,S,0,0,21513.925,79.98,2009,21,37.87,43.41
118944,Active,2068676,NA,NA,S,0,0,175755.325,39.99,2009,28,5.61,20.99
118945,Active,2068675,NA,NA,S,0,0,17467.075,59.98,2009,12,37.29,36.77
118946,Active,2068673,NA,NA,S,0,0,50604.925,29.99,2009,24,13.98,20.34
118947,Active,2068681,NA,NA,S,0,0,236832.5,39.99,2009,27,9.08,9.89
118948,Active,218450,NA,NA,S,0,0,67211.3,25,2008,55,11.46,15.38
118949,Active,1613709,NA,NA,S,1,0,107727.9,24.35,2011,25,13.34,23.84
118950,Active,1837865,NA,NA,S,0,0,10905.55,22.99,2012,53,4.97,14.1
118951,Active,592425,NA,NA,S,0,0,353391.445,59.99,2009,28,21.71,21.94
118952,Active,723971,NA,NA,S,1,0,109380.275,33.95,2009,27,4.39,24.39
118953,Active,2052086,NA,NA,S,0,0,219611.7,35,2010,26,17.31,28.87
118954,Active,2530097,NA,NA,S,0,0,695598.4113,45.95,1993,27,12.77,36.94
118955,Active,2593880,NA,NA,S,0,0,398076.8963,44.99,1990,18,23.98,40.86
118956,Active,862095,NA,NA,S,6,1,122862.4313,157.95,2014,17,38.99,150.96
118957,Active,609929,NA,NA,S,6,1,24166.65875,266.95,2014,50,53.99,139.14
118958,Active,535339,NA,NA,S,13,1,26811.19875,240.95,2013,77,32.5,93.99
118959,Active,2947502,NA,NA,S,3,1,41921.2425,0,2005,5,7.29,0
118960,Active,1644478,NA,NA,S,0,0,142201.1,21.49,2008,12,5.32,21.49
118961,Active,1761556,NA,NA,S,0,0,12066.375,25,2014,10,15.48,11.69
118962,Active,644487,NA,NA,S,1,0,143612.6,32.99,2013,36,7.34,8.19
118963,Active,866786,NA,NA,S,10,1,141387.255,342.6,2013,50,14.53,118.12
118964,Active,1455287,NA,NA,S,11,1,67679.5375,328.67,2015,39,53.41,73.99
118965,Active,2048996,NA,NA,S,0,0,110473.45,35,2007,30,6.19,23.49
118966,Active,1929295,NA,NA,S,0,0,83816.025,29.99,2012,12,27.53,21.16
118967,Active,246173,NA,NA,S,4,1,896943.9913,63.99,2003,34,5.94,51.65
118968,Active,1567752,NA,NA,S,1,0,136747.85,21.99,2008,33,4,10.97
118969,Active,2081721,NA,NA,S,0,0,117364.325,45,2014,12,19,24
118970,Active,1994018,NA,NA,S,4,1,537802.2138,24.95,2013,9,24.2,24.75
118971,Active,2015550,NA,NA,S,1,0,25438.375,31.95,2009,19,21.01,21.02
118972,Active,1566776,NA,NA,S,1,0,66047.8,21.99,2007,59,4.92,7.99
118973,Active,3598468,NA,NA,S,0,0,171410.4,75,2014,25,34.08,43.82
118974,Active,3498905,NA,NA,S,0,0,147796.925,49.99,2014,17,28.53,30.22
118975,Active,723432,NA,NA,S,3,1,448110.635,65,2008,21,6.19,18.87
118976,Active,167054,NA,NA,S,1,0,355703.8125,109.75,2007,25,31.99,49.97
118977,Active,2257383,NA,NA,S,3,1,409360.225,57.24,2008,20,16.48,60.52
118978,Active,166633,NA,NA,S,9,1,588885.1513,65.5,2006,27,22.64,28.99
118979,Active,245036,NA,NA,S,1,0,283301.575,177.95,2003,32,5.86,17.99
118980,Active,52542,NA,NA,S,7,1,74058.845,111.95,2010,45,34.83,78.92
118981,Active,2249867,NA,NA,S,6,1,701741.7413,108.43,2006,50,7.29,41.76
118982,Active,153695,NA,NA,S,0,0,139695.05,22.95,2011,34,8.16,13.49
118983,Active,802249,NA,NA,S,1,0,483965.6125,50.95,2006,29,18.91,36.44
118984,Active,115582,NA,NA,S,4,1,517956.0625,173.6,2002,30,15.45,69.31
118985,Active,266249,NA,NA,S,7,1,205839.8975,97.33,2012,28,47.94,75.35
118986,Active,1526887,NA,NA,S,1,0,157441.3,30,2014,44,6.77,9.92
118987,Active,2640823,NA,NA,S,0,0,195675.8575,78.35,2002,41,5.65,23.98
118988,Active,3531647,NA,NA,S,1,0,66127.825,60.55,2012,21,23.99,39.98
118989,Active,3530984,NA,NA,S,1,0,114593.6,58.75,2014,8,23.98,28.98
118990,Active,772292,NA,NA,S,0,0,674094.7788,162.45,2008,11,10.99,150.81
118991,Active,1622676,NA,NA,S,0,0,650224.5688,41.55,2008,28,4.99,29.87
118992,Active,1622679,NA,NA,S,0,0,390126.5138,72.5,2008,38,4.44,23.98
118993,Active,3546420,NA,NA,S,1,0,215972.35,67.35,2008,32,7.81,30.89
118994,Active,3546421,NA,NA,S,1,0,148257.025,76.15,2007,38,15.73,45.06
118995,Active,1622702,NA,NA,S,0,0,173716.3363,71.8,2008,25,8.99,33.69
118996,Active,2641960,NA,NA,S,0,0,267605.1863,81.15,2004,26,16.99,59.98
118997,Active,1621022,NA,NA,S,0,0,316357.1488,11.75,2008,25,4,8.44
118998,Active,905407,NA,NA,S,1,0,667481.3663,40.99,2004,25,8.98,35.19
118999,Active,644011,NA,NA,S,4,1,152757.425,25.5,2008,27,4,18.12
119000,Active,2030706,NA,NA,S,0,0,100653.2,40,2012,24,13.97,22.37
119001,Active,1945176,NA,NA,S,1,0,98786.225,24.95,2011,31,16.54,18.59
119002,Active,733770,NA,NA,S,1,0,15189.15,35.99,2009,70,14.79,21.24
119003,Active,1814633,NA,NA,S,0,0,14430.625,39.99,2012,15,21.49,21.72
119004,Active,673946,NA,NA,S,1,0,97764.175,28,2014,53,4,5.13
119005,Active,3528702,NA,NA,S,1,0,432598.25,52.95,2011,67,8.95,38.62
119006,Active,2900774,NA,NA,S,3,1,394777.7938,8.95,1995,65,4,41.39
119007,Active,681083,NA,NA,S,0,0,34121.225,27.95,2007,22,18.06,19.83
119008,Active,1724374,NA,NA,S,0,0,80740.375,60,2010,20,26.98,38.58
119009,Active,3730372,NA,NA,S,1,0,115531.7,75,2012,27,14.03,31.82
119010,Active,1724469,NA,NA,S,0,0,127786.075,39.95,2013,24,11.52,24.1
119011,Active,2137815,NA,NA,S,0,0,88219.65,40,2012,11,16.48,17.87
119012,Active,1750973,NA,NA,S,0,0,6379.625,12.04,2008,86,7.46,15.67
119013,Active,2058603,NA,NA,S,0,0,88974.05,24.99,2007,19,13.68,19.15
119014,Active,1694818,NA,NA,S,0,0,64225.8,27,2013,24,9.5,14.92
119015,Active,1435759,NA,NA,S,1,0,20550.875,21,2007,27,7.62,10.72
119016,Active,1958190,NA,NA,S,0,0,51418.15,25,2015,18,12.92,16.8
119017,Active,2130472,NA,NA,S,0,0,45064.45,24.95,2011,15,16.48,17.88
119018,Active,664270,NA,NA,S,0,0,105096.6,34,2013,22,26.4,26.4
119019,Active,1970294,NA,NA,S,0,0,12686.35,26,2015,19,10.57,11.96
119020,Active,1432291,NA,NA,S,1,0,175395.275,26.99,2010,65,4,4
119021,Active,2170174,NA,NA,S,1,0,23044.55,29.95,2015,16,17.72,20.34
119022,Active,3960044,NA,NA,S,1,0,6685.15,29.95,2015,25,19.94,19.11
119023,Active,1598361,NA,NA,S,1,0,19765.55,25,2013,33,12.61,16.81
119024,Active,213125,NA,NA,S,0,0,621662.7113,46.95,2004,28,4.99,36.77
119025,Active,682068,NA,NA,S,0,0,204895.55,24.95,2012,11,18.79,20.71
119026,Active,291311,NA,NA,S,0,0,169736.995,43,1998,54,4.94,30.15
119027,Active,673873,NA,NA,S,0,0,31939.6,24.95,2011,14,17.85,18.1
119028,Active,290641,NA,NA,S,1,0,515876.2,56.95,2006,52,4.57,18.23
119029,Active,562667,NA,NA,S,1,0,188497.35,24,2008,42,7.63,17.84
119030,Active,1576647,NA,NA,S,1,0,13471.575,29.95,2013,24,21.07,21.87
119031,Active,679749,NA,NA,S,0,0,43946.475,25.99,2012,35,11.28,15.17
119032,Active,2015556,NA,NA,S,0,0,96288.225,29.95,2011,25,20.34,20.63
119033,Active,655309,NA,NA,S,1,0,77360.325,39.99,2012,12,26.2,26.9
119034,Active,1943072,NA,NA,S,0,0,2549.525,30,2014,55,8.78,9.98
119035,Active,1777876,NA,NA,S,1,0,55876.325,30,2014,12,18.99,19.41
119036,Active,2051628,NA,NA,S,1,0,59393.375,27.95,2008,35,10.76,14.22
119037,Active,1973342,NA,NA,S,3,1,64414.725,27.95,2012,12,24.22,24.23
119038,Active,722823,NA,NA,S,1,0,90184.3,29.95,2013,13,10.49,23.03
119039,Active,1431632,NA,NA,S,1,0,81333.3,27.99,2014,35,7.7,10.98
119040,Active,1706754,NA,NA,S,0,0,744287.2025,19.95,2012,21,13.87,19.93
119041,Active,562666,NA,NA,S,1,0,168416.775,28,2009,40,6.73,12.51
119042,Active,1777962,NA,NA,S,2,1,723721.29,49.95,2012,21,14.86,30.09
119043,Active,624721,NA,NA,S,0,0,305940.2613,32,2012,34,27.12,116.51
119044,Active,543053,NA,NA,S,7,1,313665.8463,39.99,2004,91,4,82.73
119045,Active,2046782,NA,NA,S,0,0,13920.925,27.95,2014,50,8.07,11.97
119046,Active,3959993,NA,NA,S,1,0,114.725,27.99,2015,28,15.98,13.62
119047,Active,1576726,NA,NA,S,0,0,60129.05,27.95,2014,16,21.37,20.35
119048,Active,594180,NA,NA,S,0,0,86381.225,29.95,2011,17,24.72,24.71
119049,Active,3495822,NA,NA,S,0,0,122901,22,2010,48,5.99,15.98
119050,Active,2163440,NA,NA,S,0,0,231115.75,34.95,2011,12,20.15,20.99
119051,Active,896769,NA,NA,S,2,1,21571.39375,23.99,2014,28,9.44,14.86
119052,Active,103396,NA,NA,S,0,0,45012.225,14.99,2010,107,4,6.98
119053,Active,2591960,NA,NA,S,1,0,334621.4625,34.99,1989,29,10.94,33.13
119054,Active,1566034,NA,NA,S,0,0,107135.4,28.99,2014,41,6.85,18.59
119055,Active,892128,NA,NA,S,0,0,100039.85,24.98,2009,12,16.42,15.67
119056,Active,1861129,NA,NA,S,0,0,82341.525,24.95,2014,32,4,18.2
119057,Active,292870,NA,NA,S,0,0,88093.26,26.95,2011,17,17.39,17.43
119058,Active,1494195,NA,NA,S,0,0,101927.1,25,2015,14,17.83,17.51
119059,Active,644099,NA,NA,S,1,0,204629.5638,43.95,2006,22,18.56,29.98
119060,Active,686665,NA,NA,S,2,1,226669.5875,31.95,2012,20,18.95,23.49
119061,Active,2033363,NA,NA,S,1,0,100005.25,26.95,2011,41,4,5.98
119062,Active,680127,NA,NA,S,1,0,46116,26.95,2008,22,25.73,25.15
119063,Active,3483805,NA,NA,S,1,0,188829.25,49.5,2016,11,39.51,38.23
119064,Active,153965,NA,NA,S,0,0,222609.15,24.25,2009,46,4.88,16.98
119065,Active,2104010,NA,NA,S,1,0,85044.55,24.95,2014,47,7.79,7.94
119066,Active,2782876,NA,NA,S,0,0,475185.52,25,1999,46,6.38,23.03
119067,Active,1433428,NA,NA,S,0,0,12439.45,29.99,2014,48,11.03,15.35
119068,Active,1618218,NA,NA,S,0,0,7159.775,29.95,2011,27,17.31,26.95
119069,Active,1918421,NA,NA,S,0,0,97138.9,24.99,2012,13,18.29,17.48
119070,Active,1918582,NA,NA,S,0,0,58354.975,25.99,2015,11,18.08,16.03
119071,Active,915327,NA,NA,S,0,0,595787.4263,194.65,1990,34,4.57,107.6
119072,Active,3728249,NA,NA,S,1,0,27834.825,39.95,2013,21,24.39,21.24
119073,Active,1565946,NA,NA,S,0,0,39126.775,27.5,2015,18,13.86,17.46
119074,Active,3960128,NA,NA,S,0,0,20206.525,28,2015,46,9.51,16.54
119075,Active,260408,NA,NA,S,0,0,15642.3,24.95,2010,27,15.97,16.58
119076,Active,268879,NA,NA,S,4,1,773077.675,19.99,2006,55,4,0
119077,Active,2104009,NA,NA,S,1,0,59633.725,26.95,2014,19,16.2,19.46
119078,Active,1437507,NA,NA,S,1,0,86026.1,25,2014,43,7.27,12.74
119079,Active,1729609,NA,NA,S,1,0,25782.875,29.95,2014,22,13.2,20.39
119080,Active,2111694,NA,NA,S,2,1,124416.175,24.95,2014,15,18.96,18.8
119081,Active,1625984,NA,NA,S,0,0,173734.575,21,2014,15,16.69,17.01
119082,Active,1870747,NA,NA,S,0,0,66826.85,24,2011,24,13.06,15.31
119083,Active,1781264,NA,NA,S,1,0,53864.375,26,2015,14,17.18,17.29
119084,Active,3467063,NA,NA,S,0,0,8926.9,25.99,2016,18,16.97,15.72
119085,Active,544624,NA,NA,S,3,1,37869.125,25.99,2012,23,14.78,14.78
119086,Active,1532699,NA,NA,S,0,0,4068.95,25,2014,42,11.79,14.81
119087,Active,3127263,NA,NA,S,2,1,525704.735,18.95,1997,22,18.22,53.97
119088,Active,1716613,NA,NA,S,0,0,33842.875,21.99,2013,18,12.98,14.95
119089,Active,1524081,NA,NA,S,0,0,23468.575,24.95,2015,8,14.51,14.5
119090,Active,3566319,NA,NA,S,1,0,140171.075,25.95,2008,39,11.03,15.49
119091,Active,1627158,NA,NA,S,0,0,31578.65,43.95,2012,21,28.41,30.65
119092,Active,1660606,NA,NA,S,1,0,56459.975,29.99,2010,20,15.93,17.92
119093,Active,1785139,NA,NA,S,0,0,125582.175,30,2015,14,24.95,23.57
119094,Active,1660588,NA,NA,S,1,0,14349.65,27.99,2009,17,20.55,18.68
119095,Active,2161206,NA,NA,S,0,0,54061.45,26.95,2010,18,18.49,20.94
119096,Active,3104711,NA,NA,S,1,0,30505.8,21.99,2015,8,18.79,18.36
119097,Active,2144261,NA,NA,S,1,0,62310.4,24,2012,17,18.06,23.99
119098,Active,1835877,NA,NA,S,7,1,125492.625,20.99,2012,25,8.99,12.94
119099,Active,1855501,NA,NA,S,15,1,266612.0288,34.99,2015,15,19.99,24.3
119100,Active,689037,NA,NA,S,1,0,59802.125,24.95,2013,18,13.99,14.99
119101,Active,2474975,NA,NA,S,8,1,152997.4625,15.95,1994,91,4,43.79
119102,Active,674757,NA,NA,S,1,0,178060.8,27.95,2009,57,4,7.75
119103,Active,540253,NA,NA,S,0,0,744487.125,44.95,2012,71,6.57,25.9
119104,Active,664214,NA,NA,S,1,0,47676.95,44.95,2013,18,31.44,31.16
119105,Active,912392,NA,NA,S,1,0,692464.2288,44.95,2012,36,5.98,22.28
119106,Active,529590,NA,NA,S,1,0,778636.2288,44.95,2010,41,5.36,19.98
119107,Active,1627678,NA,NA,S,0,0,59492.3,24.95,2015,19,16.44,15.97
119108,Active,806143,NA,NA,S,0,0,76535.65,27.95,2012,31,12.32,19.28
119109,Active,685322,NA,NA,S,0,0,46373.425,27.95,2013,43,12.73,16.19
119110,Active,1938965,NA,NA,S,1,0,73433.85,31,2013,10,20.1,27.42
119111,Active,2091980,NA,NA,S,1,0,25744.925,26.95,2009,8,25.6,20.52
119112,Active,1437524,NA,NA,S,1,0,28590.1,22,2013,25,12.95,15.58
119113,Active,615897,NA,NA,S,1,0,86137.075,93,2001,34,27.25,42.95
119114,Active,615071,NA,NA,S,1,0,339525.315,53,1990,75,4,7.98
119115,Active,677818,NA,NA,S,1,0,55941.6,25,2011,15,13.18,16.79
119116,Active,583370,NA,NA,S,0,0,57033.575,51,2012,20,16.99,33.77
119117,Active,190004,NA,NA,S,0,0,393847.8325,22.95,2006,63,10.5,20.97
119118,Active,680224,NA,NA,S,1,0,75429.35,27,2011,26,8.86,13.4
119119,Active,1437579,NA,NA,S,1,0,71028.925,25,2014,19,10.51,15.67
119120,Active,702510,NA,NA,S,2,1,93191.05,25,2014,31,9.73,13.89
119121,Active,680422,NA,NA,S,0,0,39280.775,25,2012,28,7.98,17.69
119122,Active,1672252,NA,NA,S,1,0,112103.725,21.99,2008,24,10.65,16.14
119123,Active,1672568,NA,NA,S,0,0,38658.05,22.99,2010,20,15.22,17.69
119124,Active,1672644,NA,NA,S,0,0,101711.05,21.99,2011,14,10.22,11.77
119125,Active,3827838,NA,NA,S,0,0,156629.95,54.95,2013,76,28.76,38.5
119126,Active,2656966,NA,NA,S,0,0,3664.04625,17.99,1984,157,6.99,7.17
119127,Active,3739804,NA,NA,S,0,0,16761.625,22.99,2015,13,14,16.77
119128,Active,2064656,NA,NA,S,0,0,90527.125,22,2015,18,13.97,14.22
119129,Active,688574,NA,NA,S,1,0,54806,29.95,2012,21,20.14,22.84
119130,Active,529582,NA,NA,S,2,1,143570.3,24.95,2010,18,20.35,19.13
119131,Active,688507,NA,NA,S,0,0,23239.85,27.95,2013,24,15.06,16
119132,Active,1583042,NA,NA,S,0,0,613802.3013,34.99,2011,23,23.89,32.32
119133,Active,795492,NA,NA,S,2,1,892883.0525,117.95,2012,39,6.71,87.9
119134,Active,689667,NA,NA,S,0,0,108054.525,29.99,2012,14,26.91,23.42
119135,Active,2019098,NA,NA,S,2,1,31009.475,20.95,2007,47,8.42,10.99
119136,Active,542353,NA,NA,S,2,1,83552.875,24.95,2009,24,12.89,24.95
119137,Active,1517011,NA,NA,S,1,0,109647.575,29.99,2013,24,14.19,14.94
119138,Active,2067911,NA,NA,S,0,0,50334.15,24.95,2010,16,10.12,15.23
119139,Active,2021277,NA,NA,S,7,1,115051.5125,19.99,2006,72,4.5,11.47
119140,Active,3787329,NA,NA,S,2,1,509646.95,64,1994,55,4,26.99
119141,Active,2160265,NA,NA,S,1,0,51697.7,29.95,2011,10,21.83,21.57
119142,Active,677192,NA,NA,S,0,0,14199.6275,30,2001,34,18.52,20.42
119143,Active,686677,NA,NA,S,2,1,29547.25,24.95,2012,20,10.44,18.7
119144,Active,858539,NA,NA,S,0,0,2711.28,12.95,1993,196,4.38,6.81
119145,Active,2507932,NA,NA,S,1,0,515459.565,10.95,1954,60,4,39.95
119146,Active,529575,NA,NA,S,4,1,858266.0875,41.95,2010,33,16.54,35.22
119147,Active,2110237,NA,NA,S,2,1,235875,29.95,2012,30,6.99,9.96
119148,Active,2291822,NA,NA,S,2,1,27596.9,0,2015,0,0,7.79
119149,Active,676898,NA,NA,S,1,0,20230.8,25,2012,49,8.93,14.49
119150,Active,751725,NA,NA,S,1,0,81077.5,70,2010,19,29.85,40.38
119151,Active,628743,NA,NA,S,1,0,137845.575,51.95,2009,26,27.16,30.01
119152,Active,1495265,NA,NA,S,1,0,48832.375,25,2007,42,8.91,15.28
119153,Active,2043557,NA,NA,S,0,0,102865.6,25,2013,36,7.76,14.82
119154,Active,2011118,NA,NA,S,0,0,105437.9,24.95,2011,20,14.18,16.41
119155,Active,902355,NA,NA,S,2,1,630123.0713,34.99,2014,24,8.84,23.95
119156,Active,2011287,NA,NA,S,0,0,82405.4,22.99,2013,12,16.12,15.79
119157,Active,2243908,NA,NA,S,1,0,100033.775,29.99,2008,16,19.48,22.93
119158,Active,2000897,NA,NA,S,1,0,67410.55,25,2014,9,23.88,21.16
119159,Active,3615953,NA,NA,S,2,1,40365,24.95,2016,11,16.35,19.39
119160,Active,2023238,NA,NA,S,0,0,207205.85,14.99,2008,27,9.74,56.98
119161,Active,687427,NA,NA,S,2,1,43513.15,27.99,2011,16,16.24,19.05
119162,Active,2060956,NA,NA,S,0,0,127409.225,24.95,2014,11,9.95,11.98
119163,Active,1470280,NA,NA,S,0,0,337837.1363,39.95,2007,17,33.79,33.98
119164,Active,677396,NA,NA,S,1,0,155904.4,24.95,2011,44,4.77,10.29
119165,Active,1660489,NA,NA,S,1,0,113773.45,27.99,2007,28,13.22,18.16
119166,Active,1861094,NA,NA,S,0,0,200842.35,22.95,2011,16,14.94,16.08
119167,Active,1955688,NA,NA,S,0,0,74142.675,30,2011,9,28.79,28.79
119168,Active,1936361,NA,NA,S,1,0,91761.1,69.99,2013,11,34.33,51.28
119169,Active,3927065,NA,NA,S,0,0,378150.4,25.95,2009,55,30.4,25.95
119170,Active,542869,NA,NA,S,9,1,114527.4,21.95,2011,14,8.44,15.72
119171,Active,2060781,NA,NA,S,0,0,54448.25,29.95,2007,17,12.15,22.1
119172,Active,2060980,NA,NA,S,2,1,109004.4,29.95,2014,9,16.46,21.91
119173,Active,2060771,NA,NA,S,0,0,171545.425,29.95,2008,20,16.44,16.46
119174,Active,2060979,NA,NA,S,2,1,170254.9,29.95,2012,10,16.46,22.51
119175,Active,505178,NA,NA,S,0,0,170199.175,29.95,2008,20,15.63,19.88
119176,Active,1748779,NA,NA,S,3,1,148846.375,34.95,2011,12,34.35,32.87
119177,Active,865552,NA,NA,S,0,0,68806.2,27.99,2013,16,20.47,17.97
119178,Active,861416,NA,NA,S,31,1,771129.2188,20,2013,39,4,9.94
119179,Active,2026894,NA,NA,S,2,1,120162.975,29.95,2009,44,4.19,13.99
119180,Active,1660520,NA,NA,S,1,0,42363.25,27.99,2007,25,12.04,12.97
119181,Active,637148,NA,NA,S,1,0,113050.675,30,2009,25,12.23,23.35
119182,Active,581618,NA,NA,S,3,1,248314.5,27.95,2007,17,14.24,27.95
119183,Active,529561,NA,NA,S,4,1,660896.64,16.99,2011,32,4,9.85
119184,Active,861902,NA,NA,S,3,1,65099.38875,24.99,2015,25,14.48,16.9
119185,Active,3739118,NA,NA,S,7,1,70694.1,19.99,2015,47,8.31,13.51
119186,Active,866282,NA,NA,S,3,1,4907.885,16.99,2013,20,9.07,0
119187,Active,1908441,NA,NA,S,0,0,148934.35,18.99,2015,22,11.52,12.84
119188,Active,2947946,NA,NA,S,23,1,113700,49.99,2016,15,31.98,33.52
119189,Active,1891603,NA,NA,S,1,0,212290.85,29.95,2014,11,21.08,21.08
119190,Active,2105238,NA,NA,S,0,0,5050.925,27,2015,21,17.48,16.18
119191,Active,682663,NA,NA,S,1,0,27735.525,29.95,2010,16,19.63,20.16
119192,Active,642313,NA,NA,S,1,0,82212.35,32.95,2011,21,11.93,21.19
119193,Active,889113,NA,NA,S,0,0,77218.75,30,2014,19,18.97,17.99
119194,Active,1866737,NA,NA,S,0,0,98598.825,39.95,2013,18,12.78,21.81
119195,Active,1966992,NA,NA,S,2,1,515695.5363,36,2015,9,23.97,22.89
119196,Active,2041299,NA,NA,S,1,0,26735.54625,14.95,2010,39,11.45,12.21
119197,Active,1493292,NA,NA,S,0,0,162849.325,44.95,2014,15,21.99,31.61
119198,Active,1433231,NA,NA,S,1,0,67386.95,26.99,2015,15,18.95,17.05
119199,Active,1434174,NA,NA,S,0,0,121584.875,26.99,2015,15,16.43,17.55
119200,Active,1645852,NA,NA,S,0,0,46223.85,22,2008,46,6.68,12.23
119201,Active,2143311,NA,NA,S,4,1,31312.8,29.95,2010,44,20.14,20.55
119202,Active,2161220,NA,NA,S,0,0,54262.05,26.95,2012,18,16.79,19.77
119203,Active,2161208,NA,NA,S,0,0,31759.65,26.95,2011,17,16.98,19.28
119204,Active,2089781,NA,NA,S,0,0,106066.1,24.95,2009,13,20.99,21.21
119205,Active,2161213,NA,NA,S,0,0,59161.975,26.95,2012,13,23.74,17.5
119206,Active,2155969,NA,NA,S,0,0,18274.425,26.95,2008,16,18.49,20.18
119207,Active,2089767,NA,NA,S,0,0,62378.55,26.95,2011,16,14.59,19.47
119208,Active,3827839,NA,NA,S,0,0,107608.9,59.95,2014,72,37.86,36.01
119209,Active,1435751,NA,NA,S,4,1,66732.525,24,2007,28,16.66,16.63
119210,Active,2124080,NA,NA,S,0,0,157380.8,90,2008,14,39.98,52.78
119211,Active,2089768,NA,NA,S,0,0,69937.475,29.95,2013,17,19.69,21.78
119212,Active,1507852,NA,NA,S,1,0,58847.55,35,2009,62,7.9,8.86
119213,Active,620608,NA,NA,S,1,0,695829.3263,200,1993,29,4,11.31
119214,Active,677646,NA,NA,S,3,1,13843.95,22,2009,38,10.03,12.52
119215,Active,2002777,NA,NA,S,1,0,31920.025,27.99,2015,10,28.79,25.19
119216,Active,750473,NA,NA,S,1,0,228560.7,27.95,2008,31,4,13.2
119217,Active,652621,NA,NA,S,2,1,76174.625,30,2012,18,23.98,20.97
119218,Active,1534914,NA,NA,S,1,0,40472.45,26.95,2014,36,8.49,9.23
119219,Active,1598593,NA,NA,S,0,0,119874.4,25,2015,42,8.65,9.92
119220,Active,1668785,NA,NA,S,3,1,506811.5,18.95,2011,22,8.22,14.92
119221,Active,1476378,NA,NA,S,1,0,58437.125,24.95,2013,6,22.92,22.37
119222,Active,1900646,NA,NA,S,7,1,328823.1125,13.99,2011,28,5.59,16.95
119223,Active,1671460,NA,NA,S,1,0,60023.9,47.95,2012,7,27.59,33.99
119224,Active,535063,NA,NA,S,11,1,162401.7038,160.95,2013,37,30.04,82.36
119225,Active,663831,NA,NA,S,2,1,86243.9,35,2013,16,34.57,31.2
119226,Active,2089802,NA,NA,S,0,0,56669.95,24.95,2010,14,19.78,21
119227,Active,1698739,NA,NA,S,6,1,302780.5563,22.99,2009,33,22.49,35.02
119228,Active,806050,NA,NA,S,0,0,20246.075,28,2008,36,5.44,5.52
119229,Active,1780513,NA,NA,S,1,0,108197.3,30,2014,15,24.82,20.73
119230,Active,1656098,NA,NA,S,0,0,299186.43,29.95,2006,22,21.99,78.47
119231,Active,1587353,NA,NA,S,0,0,702277.6575,49.99,2008,33,4.71,27.75
119232,Active,1466508,NA,NA,S,1,0,68591.1,24.95,2014,15,24.48,20.93
119233,Active,263791,NA,NA,S,1,0,83530.75,24.95,2007,34,9.97,13.99
119234,Active,637802,NA,NA,S,2,1,42708.29875,53,2011,29,28.69,39.68
119235,Active,1690834,NA,NA,S,3,1,18417.10875,19,2013,18,13.89,15.27
119236,Active,655077,NA,NA,S,0,0,377593.31,63,2013,23,28.4,36.84
119237,Active,1996835,NA,NA,S,1,0,38254.925,31.99,2014,8,28.28,28.57
119238,Active,1536476,NA,NA,S,0,0,69092,27.5,2014,43,5.76,5.77
119239,Active,1672503,NA,NA,S,0,0,32166.125,23.99,2010,26,12.33,15.78
119240,Active,1734459,NA,NA,S,2,1,87804.7,21.95,2008,19,18.87,16.33
119241,Active,3504285,NA,NA,S,1,0,168585.35,64.99,2016,10,49.78,41.04
119242,Active,1710797,NA,NA,S,0,0,97127.325,29,2013,19,16.95,19.14
119243,Active,681061,NA,NA,S,1,0,6598.975,24.99,2008,17,16.13,16.99
119244,Active,656535,NA,NA,S,1,0,29200.65,34.99,2009,14,30.43,28.27
119245,Active,534798,NA,NA,S,0,0,9720.95,27,2009,50,11.48,15.73
119246,Active,1855511,NA,NA,S,9,1,68417.5,34.99,2015,13,21.98,23.87
119247,Active,2174391,NA,NA,S,3,1,558390.9325,39.99,2014,27,30.57,29.38
119248,Active,1613693,NA,NA,S,0,0,67413.95,24.95,2011,28,7.99,21.14
119249,Active,1749668,NA,NA,S,0,0,467576.0425,49.95,2008,19,10.81,42.68
119250,Active,1575462,NA,NA,S,1,0,44531.725,24.95,2014,15,14.77,14.78
119251,Active,2106047,NA,NA,S,0,0,73896.4,27.95,2015,11,21.57,22.45
119252,Active,3740074,NA,NA,S,8,1,132650,61,2016,10,41.18,42.98
119253,Active,682284,NA,NA,S,7,1,88725.0575,33,2011,34,22.32,31.33
119254,Active,1946610,NA,NA,S,3,1,17396.3375,84.75,2014,71,28.28,56.74
119255,Active,878567,NA,NA,S,3,1,93324.14375,65.5,2014,30,29.47,45.78
119256,Active,1534880,NA,NA,S,1,0,47457.6,35,2014,22,23.42,25.21
119257,Active,3718962,NA,NA,S,3,1,294781.975,105.75,2015,14,52.55,55.14
119258,Active,1908314,NA,NA,S,3,1,418503.0038,16.99,2013,29,5.88,10.41
119259,Active,683469,NA,NA,S,1,0,58579.575,24.95,2007,17,17.23,24.95
119260,Active,279526,NA,NA,S,1,0,107751.6,59.95,2009,23,37.99,41.91
119261,Active,529536,NA,NA,S,2,1,87820.075,24.99,2009,35,9.12,17.99
119262,Active,1428717,NA,NA,S,0,0,340749.815,5.99,2007,37,7.42,41.98
119263,Active,1988668,NA,NA,S,1,0,103928.475,24.52,2013,7,26.13,20.86
119264,Active,2435290,NA,NA,S,0,0,610589.3388,41.95,2004,32,4,23.98
119265,Active,643949,NA,NA,S,0,0,213587.5,35,2009,22,10.36,24.97
119266,Active,529534,NA,NA,S,2,1,132736.75,26.95,2010,20,18.39,23.16
119267,Active,1705448,NA,NA,S,0,0,32910.975,27,2014,32,10.63,10.98
119268,Active,1761161,NA,NA,S,1,0,101152.625,27,2013,44,13.44,29.81
119269,Active,676768,NA,NA,S,0,0,2509.7,25.99,2012,39,13.14,15.03
119270,Active,623617,NA,NA,S,2,1,794431.3438,34.99,2005,33,9.07,45.59
119271,Active,3484431,NA,NA,S,1,0,115434.275,49.95,2014,26,24.02,32.87
119272,Active,688549,NA,NA,S,2,1,3869.525,24.95,2012,14,13.98,14.62
119273,Active,639689,NA,NA,S,13,1,47456.905,129.95,2013,38,23.97,102.31
119274,Active,646465,NA,NA,S,1,0,217597.65,83.95,2009,20,13.62,39.93
119275,Active,868557,NA,NA,S,3,1,12395.41625,79.95,2015,87,21.99,66.34
119276,Active,537711,NA,NA,S,1,0,22638.575,32,2012,29,17.85,19.98
119277,Active,635992,NA,NA,S,1,0,488793.5563,53.55,2010,22,7.77,9.19
119278,Active,2090535,NA,NA,S,0,0,52145.7,35,2013,16,23.98,23.98
119279,Active,2351433,NA,NA,S,1,0,823788.4338,69.99,2004,23,5.5,18.42
119280,Active,533500,NA,NA,S,6,1,29305.58875,155.95,2011,58,48.01,62.99
119281,Active,773482,NA,NA,S,3,1,622258.2213,107.95,2004,24,4,42.99
119282,Active,538334,NA,NA,S,5,1,360210.3138,35,2013,36,7.16,14.4
119283,Active,616385,NA,NA,S,0,0,323259.585,50,2008,82,5.03,24.5
119284,Active,910774,NA,NA,S,0,0,32366.09,29.95,2014,21,18.38,22.26
119285,Active,1938670,NA,NA,S,1,0,9861.55,35,2014,23,13.81,19.93
119286,Active,2582134,NA,NA,S,0,0,48573.43875,2.5,1998,101,3.42,2.25
119287,Active,285157,NA,NA,S,1,0,31526.825,78,2001,24,40.42,69.02
119288,Active,618706,NA,NA,S,1,0,599811.6963,49,1962,41,4.58,30.42
119289,Active,109391,NA,NA,S,1,0,85754.74,79.5,2005,55,8.46,30.02
119290,Active,1516462,NA,NA,S,1,0,148762.3825,100,2015,63,9.65,50.99
119291,Active,529519,NA,NA,S,12,1,531906.4225,43.99,2009,29,2.6,43.66
119292,Active,285303,NA,NA,S,1,0,419042.1,68.25,2005,13,38.99,53.57
119293,Active,1829105,NA,NA,S,7,1,441741.465,35.1,2013,11,41.49,51.19
119294,Active,643117,NA,NA,S,1,0,708293.5463,81.45,2011,21,4.98,78.99
119295,Active,1958067,NA,NA,S,0,0,85494.35,30,2014,30,11.48,17.2
119296,Active,507014,NA,NA,S,0,0,613026.3463,24.95,2006,45,8.59,114.99
119297,Active,110601,NA,NA,S,2,1,86901.175,176.25,2011,38,47.04,114.42
119298,Active,481230,NA,NA,S,3,1,696329.3488,76.4,2000,21,5.24,38.99
119299,Active,544700,NA,NA,S,4,1,39166.6,186.95,2013,53,54.53,108.99
119300,Active,600585,NA,NA,S,1,0,504745.8888,42,2010,20,9.19,33.98
119301,Active,645170,NA,NA,S,0,0,13364.575,0,2008,8,4,0
119302,Active,644513,NA,NA,S,13,1,124427.5925,273.5,2012,35,15.85,224.78
119303,Active,1655904,NA,NA,S,0,0,51896.6,24.99,2012,42,18.51,17.95
119304,Active,476667,NA,NA,S,1,0,487335.2625,50,2004,70,4.74,46.93
119305,Active,751686,NA,NA,S,1,0,590388.3113,60,1999,22,15.23,45.04
119306,Active,538849,NA,NA,S,5,1,22143.80625,192.5,2012,70,31.99,49.12
119307,Active,892689,NA,NA,S,5,1,742614.885,62,2013,39,4.99,58.99
119308,Active,2383921,NA,NA,S,4,1,789703.555,111.33,2015,34,16.27,63.38
119309,Active,424353,NA,NA,S,3,1,185078.64,171.95,1995,47,10.15,77.55
119310,Active,867026,NA,NA,S,3,1,61249.28875,121.2,2014,43,38.54,48.99
119311,Active,2019529,NA,NA,S,0,0,41831.45,27.95,2010,35,9.8,18.95
119312,Active,110147,NA,NA,S,3,1,101289.2038,71.75,2007,76,19.27,46.64
119313,Active,416684,NA,NA,S,10,1,29821.39125,296,2011,72,15.65,85.31
119314,Active,699289,NA,NA,S,12,1,218153.9338,91.88,2011,26,11.63,28.93
119315,Active,902606,NA,NA,S,0,0,431536.4288,44.99,2011,46,12.06,38.99
119316,Active,269438,NA,NA,S,2,1,421352.9488,50,2011,17,9.23,28.96
119317,Active,609917,NA,NA,S,4,1,21196.9125,113.95,2014,91,25.89,49.92
119318,Active,545939,NA,NA,S,5,1,130751.4125,78.95,2013,46,11.01,46.89
119319,Active,128368,NA,NA,S,1,0,628424.0463,100.95,2007,35,15.26,61.92
119320,Active,189750,NA,NA,S,0,0,706564.6588,77,2002,34,7.29,47.69
119321,Active,131485,NA,NA,S,7,1,897103.4588,92.8,2001,67,4,17.73
119322,Active,137908,NA,NA,S,0,0,488278.1913,59.95,1999,21,19.7,28.48
119323,Active,206168,NA,NA,S,1,0,100878.05,64.95,2007,18,37.49,48.83
119324,Active,2082622,NA,NA,S,0,0,110122.75,115,2013,25,47.34,49.48
119325,Active,416314,NA,NA,S,8,1,515647.6475,143.75,2003,19,4.91,33.84
119326,Active,1479969,NA,NA,S,1,0,44869.95,49.95,2014,25,34.84,45.99
119327,Active,1778981,NA,NA,S,1,0,112840.05,41.95,2014,15,31.69,24.46
119328,Active,544515,NA,NA,S,11,1,48220.4075,217.95,2013,54,22.48,78.87
119329,Active,177791,NA,NA,S,2,1,208530.1675,244.95,2002,58,8.98,34.28
119330,Active,537833,NA,NA,S,12,1,34530.815,120.62,2011,63,22.99,138.16
119331,Active,444570,NA,NA,S,10,1,892364.24,89.95,1999,15,7.61,71.85
119332,Active,892575,NA,NA,S,0,0,614800.9763,29.95,2012,22,4,23.14
119333,Active,433307,NA,NA,S,3,1,664126.5163,144.95,1997,44,4,14.9
119334,Active,240608,NA,NA,S,0,0,27457.85,35,2010,42,9.96,23.09
119335,Active,456676,NA,NA,S,6,1,28060.71375,312.95,2011,78,49.04,128.47
119336,Active,612237,NA,NA,S,6,1,190509.9513,78,2012,31,23.51,76.81
119337,Active,699399,NA,NA,S,6,1,367647.375,102.5,2012,19,34.99,67.97
119338,Active,51005,NA,NA,S,7,1,13216.9,160.95,2010,78,40.17,98.99
119339,Active,706313,NA,NA,S,9,1,4443.82875,317.25,2014,79,42.3,130.99
119340,Active,892760,NA,NA,S,2,1,311837.0363,78.95,2014,17,17.29,30.12
119341,Active,532853,NA,NA,S,21,1,855522.68,137.92,2012,27,4,56.43
119342,Active,535714,NA,NA,S,3,1,37943.89,34.99,2012,41,13.04,18.48
119343,Active,542675,NA,NA,S,2,1,567079.7988,29.95,2007,19,31.94,32.99
119344,Active,247785,NA,NA,S,0,0,157206.6925,73,2007,43,14.08,46.72
119345,Active,189824,NA,NA,S,0,0,316952.9463,31.95,2003,64,4,10.96
119346,Active,483048,NA,NA,S,1,0,398043.555,40,2007,20,19.94,34.2
119347,Active,689733,NA,NA,S,1,0,187564.475,29.95,2010,27,21.7,28.45
119348,Active,533680,NA,NA,S,8,1,11665.92375,250,2012,126,28.59,93.4
119349,Active,131810,NA,NA,S,6,1,392396.3438,100,2004,57,4,6.98
119350,Active,611932,NA,NA,S,8,1,21808.98875,150.2,2013,65,46.21,88.99
119351,Active,3082664,NA,NA,S,2,1,5935.6825,9.95,2004,12,18.31,13.13
119352,Active,1488432,NA,NA,S,0,0,93318.825,27.95,2013,22,15.27,19.21
119353,Active,453771,NA,NA,S,0,0,66483.375,29.99,2010,33,19.09,24.57
119354,Active,635946,NA,NA,S,1,0,45716,35,2011,24,28.9,30.41
119355,Active,1425555,NA,NA,S,0,0,125555.1,29.99,2014,17,17.24,22.19
119356,Active,505343,NA,NA,S,1,0,47119.125,24.95,2008,25,15.42,17.15
119357,Active,664116,NA,NA,S,10,1,32153.78375,133.95,2014,54,50.77,73.88
119358,Active,1649511,NA,NA,S,1,0,133069.35,39.95,2015,13,32.98,27.14
119359,Active,1728678,NA,NA,S,0,0,94862.5,21.95,2010,21,16.48,15.69
119360,Active,626682,NA,NA,S,0,0,71341.675,62.5,2012,17,36.96,43.98
119361,Active,1942685,NA,NA,S,1,0,74675.875,27,2013,54,5.05,5.88
119362,Active,2022057,NA,NA,S,0,0,33021.2,50,2015,11,34.83,34
119363,Active,782568,NA,NA,S,0,0,221003.875,29.99,2007,20,5.24,12.75
119364,Active,186369,NA,NA,S,0,0,233252.2813,28,2003,29,9.66,25.47
119365,Active,2611735,NA,NA,S,1,0,429274.4613,59.99,2001,42,14.61,38.97
119366,Active,1660701,NA,NA,S,1,0,46037.925,24.99,2013,13,22.36,19.94
119367,Active,3960287,NA,NA,S,0,0,105728.875,26.95,2015,13,25.74,25.31
119368,Active,2103809,NA,NA,S,1,0,84253.8,22.95,2014,57,7.43,6.95
119369,Active,479197,NA,NA,S,2,1,598349.4125,15,2003,61,4,12.87
119370,Active,686112,NA,NA,S,2,1,152849.4,27.5,2008,20,5.86,16.23
119371,Active,2228081,NA,NA,S,3,1,33853.8,20.85,2010,14,27.55,21.39
119372,Active,623440,NA,NA,S,1,0,30584.825,46,2011,48,13.63,18.1
119373,Active,415959,NA,NA,S,13,1,811956.1563,77,2012,51,10.89,26.99
119374,Active,864440,NA,NA,S,4,1,49556.09,124.25,2013,29,52.47,79.6
119375,Active,1918469,NA,NA,S,0,0,16607.65,27.99,2013,14,16.98,19.78
119376,Active,1728968,NA,NA,S,7,1,698394.39,50.95,2006,22,11.94,128.85
119377,Active,168881,NA,NA,S,0,0,218231.2,32.95,2007,15,19.99,22.29
119378,Active,3492269,NA,NA,S,5,1,177021.2,82.96,2012,30,44.99,49.6
119379,Active,1981492,NA,NA,S,0,0,65937.425,30.95,2015,15,24.55,24.55
119380,Active,2038096,NA,NA,S,0,0,150453,29.99,2007,20,12.98,23.91
119381,Active,2056823,NA,NA,S,0,0,103338.9,24.95,2014,19,22.83,24.94
119382,Active,673947,NA,NA,S,0,0,40674.75,24.95,2013,21,14.49,18.91
119383,Active,1488043,NA,NA,S,1,0,714549.0588,85,2008,45,6.53,13.98
119384,Active,638876,NA,NA,S,1,0,207217.925,145,2010,18,36.76,86.41
119385,Active,2100149,NA,NA,S,0,0,72772.375,29.95,2015,13,22.29,19.29
119386,Active,1490775,NA,NA,S,1,0,46074.7,40,2015,16,27.65,29.17
119387,Active,2105776,NA,NA,S,0,0,61995.05,26.95,2015,21,16.73,17.15
119388,Active,689156,NA,NA,S,0,0,4645.9,21.95,2011,15,20.62,20.83
119389,Active,2881898,NA,NA,S,0,0,673499.4113,4.95,1976,34,53.96,158.54
119390,Active,1520273,NA,NA,S,0,0,27818.275,29.38,2015,15,23.86,26.2
119391,Active,1735409,NA,NA,S,2,1,6250.975,28.95,2012,13,24.65,26.06
119392,Active,683101,NA,NA,S,1,0,55739.925,24.95,2012,67,7.72,10.39
119393,Active,1836590,NA,NA,S,0,0,60401,22.95,2010,65,4,13.99
119394,Active,1834746,NA,NA,S,0,0,37461.6,27.95,2014,63,4.48,8.49
119395,Active,1738279,NA,NA,S,0,0,146436.4,24.95,2013,13,32.89,24.95
119396,Active,896795,NA,NA,S,0,0,64773.925,23.98,2012,17,14.27,14.49
119397,Active,3013596,NA,NA,S,0,0,637119.7513,24.95,1989,141,4,24.99
119398,Active,2167078,NA,NA,S,0,0,46373.25,30.95,2013,14,23.6,25.01
119399,Active,1970316,NA,NA,S,0,0,36240.35,22.99,2015,32,9.04,8.13
119400,Active,3088360,NA,NA,S,0,0,680915.4038,47.9,2003,23,7.8,47.85
119401,Active,3122528,NA,NA,S,0,0,662497.4863,50.58,2003,26,4.74,19.98
119402,Active,2041786,NA,NA,S,0,0,21642.35,27.95,2015,20,9.97,9.98
119403,Active,3624942,NA,NA,S,0,0,4365.675,26,2016,14,16.98,16.65
119404,Active,1617484,NA,NA,S,2,1,771198.18,22.95,2009,28,13.58,20.69
119405,Active,633771,NA,NA,S,0,0,36869.75,50,2013,17,26.6,31
119406,Active,1756528,NA,NA,S,0,0,54152.125,23.95,2009,22,10.99,18.99
119407,Active,1433951,NA,NA,S,1,0,37350.75,26.99,2014,59,4.96,15.77
119408,Active,1599727,NA,NA,S,1,0,84827.525,0,2010,15,4.38,0
119409,Active,1697294,NA,NA,S,0,0,5207.6,25,2014,33,13.21,15.08
119410,Active,1565308,NA,NA,S,0,0,46780.3,26.95,2015,42,10.65,10.93
119411,Active,1744885,NA,NA,S,0,0,163819.875,26.95,2012,15,8.81,24.9
119412,Active,2161288,NA,NA,S,0,0,197497.7,21.95,2011,16,19.89,19.98
119413,Active,805143,NA,NA,S,0,0,96309.9,27,2007,30,9.3,24.32
119414,Active,1588165,NA,NA,S,1,0,767415.66,44.99,2008,55,4.21,19.75
119415,Active,672544,NA,NA,S,0,0,29514.34125,19.99,2006,50,15.69,0
119416,Active,3773122,NA,NA,S,0,0,17499.15,48.75,2015,27,32.94,36.98
119417,Active,1604597,NA,NA,S,1,0,184517.85,79.5,2012,26,23.54,40.99
119418,Active,1465851,NA,NA,S,1,0,415871.0975,46,2012,57,5.42,33.98
119419,Active,556148,NA,NA,S,1,0,222979.7,52,2012,18,37.04,46.35
119420,Active,1467268,NA,NA,S,0,0,210794.5,38,2013,19,12.09,14.57
119421,Active,1465872,NA,NA,S,1,0,211462.875,38,2014,16,34.59,37.99
119422,Active,685976,NA,NA,S,1,0,132064.425,38,2012,27,32.54,37.99
119423,Active,556023,NA,NA,S,0,0,58554.475,38,2013,23,35.01,37.39
119424,Active,1465849,NA,NA,S,0,0,81230.025,46,2012,25,32.03,45.69
119425,Active,2084387,NA,NA,S,1,0,58592.9,62.99,2013,9,41.94,37.02
119426,Active,2084386,NA,NA,S,1,0,202673.15,62.99,2013,12,24.79,35.29
119427,Active,660698,NA,NA,S,13,1,45192.90125,99.4,2013,25,37.82,79.98
119428,Active,2554776,NA,NA,S,0,0,382031.295,30,1978,28,7.46,100.88
119429,Active,2657816,NA,NA,S,2,1,673381.175,24.95,1983,21,4.77,2415
119430,Active,810195,NA,NA,S,1,0,899096.2713,111.95,2012,12,7.69,10.69
119431,Active,868603,NA,NA,S,1,0,36218.04625,94.95,2015,30,54.79,69.48
119432,Active,2006352,NA,NA,S,0,0,539764.1325,102.95,2014,28,4.97,8.31
119433,Active,629124,NA,NA,S,0,0,298963.1938,99.95,2013,38,7.52,47.87
119434,Active,665013,NA,NA,S,0,0,62389.775,99.95,2013,22,23.13,30.94
119435,Active,3804239,NA,NA,S,0,0,35046.925,104.95,2015,41,44.79,50
119436,Active,647493,NA,NA,S,1,0,542595.1688,132,2012,11,16.66,217.14
119437,Active,907989,NA,NA,S,0,0,756025.76,104.95,2013,30,4,28.99
119438,Active,867941,NA,NA,S,0,0,267051.3363,102.95,2015,45,4.95,45.07
119439,Active,300431,NA,NA,S,0,0,523218.5575,98.75,2011,35,3.98,0
119440,Active,2101261,NA,NA,S,0,0,115288.675,103.95,2015,29,37.11,38.64
119441,Active,2101259,NA,NA,S,0,0,175278.1,99.95,2014,23,15.34,53.89
119442,Active,270402,NA,NA,S,0,0,825350.3063,94.95,2011,38,4,18.04
119443,Active,655254,NA,NA,S,0,0,206718.135,99.95,2013,49,4.01,28.98
119444,Active,623417,NA,NA,S,0,0,784544.0263,94.95,2012,45,4,6.87
119445,Active,2110685,NA,NA,S,7,1,31319.125,23.99,2014,17,16.68,16.72
119446,Active,2111312,NA,NA,S,2,1,211950.1513,40,2014,16,31.84,35.31
119447,Active,623835,NA,NA,S,0,0,1454.4,35.2,2012,39,24.98,35.99
119448,Active,2041714,NA,NA,S,1,0,68287.825,26.95,2013,40,4,6.47
119449,Active,3814787,NA,NA,S,1,0,60277.825,39.95,2010,25,27.44,27.41
119450,Active,569110,NA,NA,S,1,0,194080.9,52.5,2009,20,4.76,13.7
119451,Active,687462,NA,NA,S,3,1,18123.9,22.95,2014,18,17.13,17.48
119452,Active,867031,NA,NA,S,9,1,20893.40875,94.95,2014,42,4.26,68.36
119453,Active,1482737,NA,NA,S,1,0,540565.89,96.6,2015,57,17.54,66.99
119454,Active,2102751,NA,NA,S,0,0,90521.75,29,2014,13,27.92,27.94
119455,Active,540268,NA,NA,S,2,1,86727.9,39.95,2013,18,18.24,26.77
119456,Active,679907,NA,NA,S,0,0,88034.375,25,2010,41,7.08,16.98
119457,Active,2508824,NA,NA,S,2,1,183686.0388,18.95,1979,73,4,14.31
119458,Active,2101670,NA,NA,S,0,0,118410.825,35,2013,15,28,35
119459,Active,881455,NA,NA,S,3,1,16479.175,34.95,2015,26,22.15,25.89
119460,Active,1704013,NA,NA,S,1,0,29566.525,31.95,2007,64,22.52,22.59
119461,Active,1623526,NA,NA,S,1,0,518882.2988,65.95,2007,30,16.09,44.22
119462,Active,1480313,NA,NA,S,1,0,43607.65,37.95,2013,27,23.92,25.48
119463,Active,3595848,NA,NA,S,0,0,55318.075,22,2015,11,19.1,16.16
119464,Active,1833255,NA,NA,S,10,1,112615.375,29.99,2014,14,20.93,20.43
119465,Active,799310,NA,NA,S,2,1,165178.325,35.95,2007,14,45.81,33.94
119466,Active,2399933,NA,NA,S,0,0,318054.2488,22.95,1955,52,4.89,18.97
119467,Active,601477,NA,NA,S,0,0,116758.7,24.95,2007,21,13.24,16.14
119468,Active,3117273,NA,NA,S,2,1,342490.665,70,1992,43,42.84,49.78
119469,Active,202648,NA,NA,S,1,0,66681.6,26,2009,66,5.31,28.2
119470,Active,2092241,NA,NA,S,0,0,303123.2888,21.95,2014,25,4.67,10.89
119471,Active,1462183,NA,NA,S,0,0,22048.1,21.98,2014,32,11.49,11.5
119472,Active,624445,NA,NA,S,4,1,123391.5,41.95,2005,19,27.83,26.03
119473,Active,2497030,NA,NA,S,0,0,11434.16875,16.95,2003,37,12.3,12.39
119474,Active,2175669,NA,NA,S,2,1,56736.975,29.99,2015,19,26.99,26.35
119475,Active,2084609,NA,NA,S,0,0,57531.175,21.95,2014,36,7.87,13.18
119476,Active,227296,NA,NA,S,0,0,209373.2075,16.99,2000,128,4,10.41
119477,Active,753264,NA,NA,S,1,0,14285.875,24.95,2010,26,13.31,14.01
119478,Active,2110337,NA,NA,S,0,0,114800.325,24,2013,20,29.06,125.29
119479,Active,565996,NA,NA,S,1,0,116486.325,104.25,2009,40,4,13.28
119480,Active,742070,NA,NA,S,3,1,497015.3875,69.03,2009,29,6.39,0
119481,Active,681020,NA,NA,S,0,0,4428.55,24.95,2010,29,14.41,17.51
119482,Active,260977,NA,NA,S,0,0,87021.525,21,2009,28,16.99,17.29
119483,Active,2169010,NA,NA,S,0,0,47059.8,24.95,2013,8,17.77,17.95
119484,Active,676239,NA,NA,S,1,0,27185.425,23.95,2012,42,15.52,16.15
119485,Active,2101600,NA,NA,S,0,0,15290.875,35,2014,15,16.38,15.98
119486,Active,3927035,NA,NA,S,0,0,474930.3,49.95,2008,35,13.92,76.48
119487,Active,708533,NA,NA,S,1,0,830222.7575,77.32,2005,33,4.58,10.99
119488,Active,911671,NA,NA,S,0,0,634582.4413,45,1997,23,10.67,36.99
119489,Active,1937487,NA,NA,S,1,0,68022.725,26,2014,38,5.39,5.97
119490,Active,1576775,NA,NA,S,1,0,145601.125,29.95,2014,11,21.98,22.56
119491,Active,3005468,NA,NA,S,0,0,52923,26.9,2015,7,22.55,23.24
119492,Active,1436175,NA,NA,S,1,0,201662.525,125,2009,17,9.1,28.85
119493,Active,663773,NA,NA,S,0,0,68138.6,49.99,2013,67,10.22,12.9
119494,Active,2076373,NA,NA,S,0,0,71620.45,25.99,2011,16,19.59,20.5
119495,Active,655396,NA,NA,S,2,1,261585.535,49.99,2012,39,17.97,39.72
119496,Active,680673,NA,NA,S,0,0,29109.675,24.95,2008,23,13.18,15.72
119497,Active,178939,NA,NA,S,1,0,587007.1888,70.95,2010,33,4,24.93
119498,Active,861428,NA,NA,S,1,0,587233.3188,75.95,2014,25,6.94,70.06
119499,Active,767004,NA,NA,S,1,0,727888.4463,70.95,2010,47,4,12.15
119500,Active,542287,NA,NA,S,1,0,736698.8888,70.95,2011,25,4.98,18.94
119501,Active,1654037,NA,NA,S,0,0,218072.975,35,2012,15,23.51,22.99
119502,Active,688727,NA,NA,S,5,1,22975.93375,29.95,2009,32,30.78,33.38
119503,Active,500927,NA,NA,S,1,0,29955,34.99,2012,16,20.77,22.78
119504,Active,1615815,NA,NA,S,1,0,23948.475,29.99,2008,29,11.07,21.33
119505,Active,1877912,NA,NA,S,0,0,103054.85,24.99,2013,16,16.16,17.69
119506,Active,339730,NA,NA,S,1,0,65304.85,65,2010,19,47.95,50.14
119507,Active,3763560,NA,NA,S,0,0,49105.35,49.99,2015,58,22.18,31.16
119508,Active,2486464,NA,NA,S,9,1,78449.3,54.95,2015,30,34.05,36.54
119509,Active,558388,NA,NA,S,1,0,396075.2325,52.95,2002,36,7.64,28.49
119510,Active,861429,NA,NA,S,1,0,283312.7425,49.99,2013,30,16.45,19.32
119511,Active,146435,NA,NA,S,1,0,348412.5488,34.99,2010,112,4,13.97
119512,Active,1639763,NA,NA,S,0,0,90448.1,34.95,2013,11,24.68,25.06
119513,Active,3143497,NA,NA,S,1,0,17089.875,59.95,2015,8,42.99,46.99
119514,Active,1743173,NA,NA,S,3,1,27939.725,22,2010,23,6.04,14.74
119515,Active,684125,NA,NA,S,1,0,73545.75,26,2013,51,4,9.95
119516,Active,2830220,NA,NA,S,0,0,342659.535,47.95,2004,29,10.24,37.94
119517,Active,3635023,NA,NA,S,9,1,37559,24.99,2016,17,17.16,16.85
119518,Active,676575,NA,NA,S,0,0,276457.6788,25.95,2003,44,7.85,0
119519,Active,629809,NA,NA,S,1,0,754745.1888,80,2006,19,18.93,38.26
119520,Active,631948,NA,NA,S,5,1,427761.3913,189.95,1990,37,16.92,67.81
119521,Active,873625,NA,NA,S,0,0,641536.21,62,2005,86,4,63.93
119522,Active,2073477,NA,NA,S,2,1,326066,0,2011,17,11.09,107.05
119523,Active,2097843,NA,NA,S,3,1,182256.125,0,2015,16,21.57,233.87
119524,Active,1644649,NA,NA,S,1,0,17767.1,24.99,2009,32,13.94,16.64
119525,Active,2258280,NA,NA,S,1,0,50931.325,20.98,2012,46,11.02,14.26
119526,Active,552410,NA,NA,S,1,0,335146.97,157.6,2010,27,6.6,71.41
119527,Active,3600842,NA,NA,S,0,0,469400.95,59.95,1991,23,19.42,90.31
119528,Active,613213,NA,NA,S,1,0,252832.6625,63,2007,75,4.66,0
119529,Active,2058668,NA,NA,S,1,0,81891.375,112.2,2007,17,13.31,48.49
119530,Active,664927,NA,NA,S,3,1,516927.9,256.99,2013,33,9.68,45.93
119531,Active,3823741,NA,NA,S,1,0,218476.95,39.95,2008,23,15.79,29.76
119532,Active,681502,NA,NA,S,0,0,96704.575,24.95,2007,30,10.49,21.76
119533,Active,3960109,NA,NA,S,1,0,19696.925,28,2016,21,15.44,17.02
119534,Active,308009,NA,NA,S,1,0,75986.6,50,2003,32,16.87,23.84
119535,Active,3746640,NA,NA,S,0,0,87061.05,34.95,2011,6,34.95,34.95
119536,Active,915262,NA,NA,S,4,1,31361.25,29.95,2014,12,25.48,24.18
119537,Active,1701299,NA,NA,S,0,0,70971.45,27.95,2007,29,15.99,22.96
119538,Active,143515,NA,NA,S,7,1,68722.79125,225,2011,67,8.77,178.99
119539,Active,916877,NA,NA,S,0,0,71142.6575,49,2014,31,20.63,44.7
119540,Active,1478860,NA,NA,S,1,0,165386.175,31.95,2014,11,25.69,25.47
119541,Active,555227,NA,NA,S,0,0,437030.1313,65.95,1990,50,4,14.99
119542,Active,898640,NA,NA,S,0,0,93266.24875,7.99,2015,25,5.62,7.75
119543,Active,684184,NA,NA,S,1,0,102483.05,25,2012,22,14.25,16.86
119544,Active,624366,NA,NA,S,1,0,6368.55,35,2009,53,15.68,0
119545,Active,641233,NA,NA,S,1,0,392487.0938,99.95,2012,23,4.98,73.49
119546,Active,681882,NA,NA,S,1,0,22775.625,24.95,2011,20,17.62,17.62
119547,Active,1866664,NA,NA,S,0,0,72411.525,65,2012,25,20.58,39.26
119548,Active,627369,NA,NA,S,1,0,111968.8,34.95,2011,23,15.58,20.98
119549,Active,551417,NA,NA,S,1,0,223515.8313,115.75,2008,44,5.43,16.61
119550,Active,1590768,NA,NA,S,1,0,103652.05,34.99,2009,18,16.29,25.99
119551,Active,3477333,NA,NA,S,0,0,77165.325,35,2010,26,17.53,21.94
119552,Active,616703,NA,NA,S,1,0,604728.4638,55,2009,27,5.64,25.97
119553,Active,1715916,NA,NA,S,0,0,141862.325,25.95,2013,12,24.23,23.44
119554,Active,189918,NA,NA,S,0,0,476111.68,38.95,2004,39,4,23.99
119555,Active,1839511,NA,NA,S,1,0,304535.455,58.95,2009,70,10.47,35.57
119556,Active,3605285,NA,NA,S,4,1,260740.6,104.37,1999,33,7.67,49.85
119557,Active,1938927,NA,NA,S,1,0,120914.075,33.95,2013,16,18.98,28.63
119558,Active,635726,NA,NA,S,2,1,615768.4013,69.99,2012,28,17.37,44.57
119559,Active,200647,NA,NA,S,1,0,140375.725,128.95,2011,20,41.03,61.54
119560,Active,2236427,NA,NA,S,1,0,619220.5263,58,2008,19,18.68,54.99
119561,Active,2105456,NA,NA,S,0,0,162869.85,34.95,2014,11,23.24,22.77
119562,Active,247811,NA,NA,S,0,0,133298.025,27.95,2007,32,15.55,22.16
119563,Active,649710,NA,NA,S,1,0,294335.345,44.99,2012,53,19.84,27.27
119564,Active,612277,NA,NA,S,1,0,55794.475,39.95,2013,19,31.54,31.31
119565,Active,538184,NA,NA,S,1,0,628733.8,75,2008,33,13.28,39.15
119566,Active,620601,NA,NA,S,2,1,95118.485,100,2003,44,22.09,67.97
119567,Active,2216119,NA,NA,S,0,0,87796.825,49.95,2014,19,31.41,35.27
119568,Active,1627824,NA,NA,S,0,0,21326.675,22.95,2014,19,17.53,17.53
119569,Active,2235787,NA,NA,S,0,0,43214.9,26.95,2014,16,18.81,18.59
119570,Active,873785,NA,NA,S,4,1,22562.23375,74.67,2015,33,48.98,65.99
119571,Active,538502,NA,NA,S,7,1,60026.51625,136.25,2012,35,26.76,84.49
119572,Active,687788,NA,NA,S,0,0,91900.975,27.95,2008,14,13.94,15.98
119573,Active,904269,NA,NA,S,1,0,236652.695,366.93,2013,22,10.98,125.19
119574,Active,534192,NA,NA,S,4,1,5397.875,20,2009,33,11.63,17.98
119575,Active,751676,NA,NA,S,0,0,27606.6325,7.34,2009,11,5.96,7.34
119576,Active,1640405,NA,NA,S,0,0,112140.25,39.95,2007,16,26.79,30.6
119577,Active,1746005,NA,NA,S,0,0,29347.75,22.95,2015,11,19.81,17.33
119578,Active,1757341,NA,NA,S,0,0,79504.7,59,2013,14,34.16,34.21
119579,Active,1715907,NA,NA,S,1,0,53025.05,23.95,2012,25,16.05,21.09
119580,Active,2099529,NA,NA,S,0,0,44379.1,27.99,2014,17,10.97,5.89
119581,Active,1494478,NA,NA,S,1,0,52236.4,40,2014,22,15.54,23.88
119582,Active,2054195,NA,NA,S,0,0,16487.225,34.95,2009,9,22.76,23.7
119583,Active,2054194,NA,NA,S,0,0,133521.95,34.95,2009,8,31.85,34.95
119584,Active,1434237,NA,NA,S,1,0,120234.025,25.99,2015,37,8.97,14.84
119585,Active,672348,NA,NA,S,1,0,2584.15,21.95,2010,38,11.98,12.04
119586,Active,1873288,NA,NA,S,0,0,124009.125,50,2014,23,21.44,29.29
119587,Active,150704,NA,NA,S,0,0,449340.6213,23,2002,68,4.38,12.93
119588,Active,1534933,NA,NA,S,1,0,54864.65,23.95,2015,21,13.07,15.96
119589,Active,2103100,NA,NA,S,0,0,50482.075,21,2015,14,22.98,21
119590,Active,1784050,NA,NA,S,0,0,35674.275,27,2015,16,13.64,11.98
119591,Active,2904413,NA,NA,S,3,1,363796.6138,16.95,1997,44,4,6.48
119592,Active,1479866,NA,NA,S,1,0,91428.125,29.95,2014,22,15.49,19.94
119593,Active,1697286,NA,NA,S,0,0,122354.025,30,2014,16,16.97,16.71
119594,Active,127282,NA,NA,S,1,0,715749.955,62.95,2005,33,13.63,57.24
119595,Active,2254780,NA,NA,S,7,1,187108.25,78.98,2010,19,23.98,78.75
119596,Active,2046772,NA,NA,S,0,0,62893.35,29.95,2015,22,11.96,11.98
119597,Active,641638,NA,NA,S,1,0,147360.575,45,2007,14,37.39,40.54
119598,Active,173848,NA,NA,S,3,1,121259.25,45,2005,30,25.98,33.99
119599,Active,188180,NA,NA,S,1,0,9260.71625,14,1996,211,4,8.26
119600,Active,3483945,NA,NA,S,1,0,167941.05,75,2015,37,32.98,32.99
119601,Active,641428,NA,NA,S,1,0,62155.65,36.25,2010,23,19.54,21.69
119602,Active,631120,NA,NA,S,0,0,197396.55,36,2007,21,23.94,34.37
119603,Active,3022210,NA,NA,S,2,1,18521.7,15.99,1992,41,7.82,10.39
119604,Active,626710,NA,NA,S,7,1,50608.055,212.95,2012,42,46.09,68.99
119605,Active,678518,NA,NA,S,0,0,65235.2,29.95,2006,32,7.73,20.93
119606,Active,254903,NA,NA,S,3,1,347310.8013,34.95,2007,16,33.94,36.34
119607,Active,2087653,NA,NA,S,1,0,50748.35,26.95,2013,20,16.71,19.87
119608,Active,2503914,NA,NA,S,1,0,99125.40625,21.95,1984,50,6.03,16.81
119609,Active,1693375,NA,NA,S,1,0,166548.85,24.95,2010,23,12.09,15.79
119610,Active,3513215,NA,NA,S,1,0,195107.975,26.95,2015,24,11.19,14.83
119611,Active,682320,NA,NA,S,1,0,103000.45,24.95,2010,29,9.88,15.68
119612,Active,681814,NA,NA,S,0,0,143640,29.95,2012,15,17.51,20.83
119613,Active,114800,NA,NA,S,2,1,66199.5025,21.2,2001,39,6.31,13.63
119614,Active,3570737,NA,NA,S,0,0,133366.175,38,2011,21,28.94,35
119615,Active,679735,NA,NA,S,1,0,224398.975,28.95,2013,19,7.15,7.74
119616,Active,266199,NA,NA,S,0,0,391868.9888,45,2006,33,5.94,13.89
119617,Active,2103101,NA,NA,S,0,0,15525.575,23,2015,19,22.81,21.85
119618,Active,658107,NA,NA,S,0,0,44630.625,40,2013,16,27.12,24.59
119619,Active,1493759,NA,NA,S,0,0,51195.575,22,2005,35,8.81,15.96
119620,Active,529384,NA,NA,S,4,1,32120.89375,107.95,2012,59,31.66,92.95
119621,Active,2104328,NA,NA,S,1,0,108900.15,24,2013,21,14.93,18.03
119622,Active,689123,NA,NA,S,0,0,120692.7,24.95,2012,13,16.79,16.92
119623,Active,127099,NA,NA,S,1,0,406425.3488,74,2007,32,5.92,28.79
119624,Active,2085053,NA,NA,S,0,0,84099.35,24.95,2013,13,18.47,18.52
119625,Active,3509388,NA,NA,S,1,0,87189.6,30,2012,52,4,6.75
119626,Active,1969751,NA,NA,S,0,0,47287.05,25.99,2014,39,4,4.47
119627,Active,539706,NA,NA,S,0,0,211920.26,24.95,1980,52,4.67,23.12
119628,Active,679608,NA,NA,S,2,1,147333.675,25.99,2009,16,16.01,17.63
119629,Active,806047,NA,NA,S,1,0,29533.9,29.95,2011,63,7.9,9.96
119630,Active,2554579,NA,NA,S,0,0,548655.9938,8.99,2004,64,4,6.82
119631,Active,1722038,NA,NA,S,0,0,47334.025,22,2010,20,12.99,17.13
119632,Active,543098,NA,NA,S,4,1,360298.0625,24.95,2009,20,13.44,16.8
119633,Active,150618,NA,NA,S,1,0,85096.04875,50,2004,118,6.96,15.88
119634,Active,3802566,NA,NA,S,0,0,103577.225,50,2013,14,28.74,31.24
119635,Active,3802552,NA,NA,S,0,0,86586.3,50,2012,40,29.19,32.09
119636,Active,1497786,NA,NA,S,0,0,37927.9,24.99,2007,34,13.96,17.58
119637,Active,2020922,NA,NA,S,0,0,95543.85,24.95,2010,33,6.49,9.55
119638,Active,539920,NA,NA,S,6,1,184736.93,54.95,2013,41,14.69,37.22
119639,Active,756283,NA,NA,S,1,0,151256.725,24.95,2011,41,4,12.48
119640,Active,2148200,NA,NA,S,5,1,75768.05,22.95,2013,11,17.27,15.3
119641,Active,529380,NA,NA,S,4,1,152180.925,22.95,2011,15,9.93,48.54
119642,Active,2286914,NA,NA,S,3,1,79624.9,0,2014,0,0,40.85
119643,Active,2405945,NA,NA,S,0,0,644037.7088,19.95,1990,119,4,10.03
119644,Active,141797,NA,NA,S,1,0,108488.1,23,2009,33,15.28,20.04
119645,Active,2070180,NA,NA,S,0,0,194684.965,29.99,2008,22,27.4,29.99
119646,Active,1471302,NA,NA,S,1,0,149232.075,27.95,2015,13,24.99,24.49
119647,Active,256331,NA,NA,S,3,1,578183.7075,46.95,2008,32,8.29,8.29
119648,Active,800092,NA,NA,S,1,0,777711.2888,40.95,2004,35,4,9.93
119649,Active,1549321,NA,NA,S,2,1,719592.3913,50.95,2010,19,13.84,73.04
119650,Active,1831720,NA,NA,S,1,0,436639.8513,19.99,2008,28,18.92,48.94
119651,Active,702349,NA,NA,S,1,0,66479.1,40,2012,24,4,6
119652,Active,910945,NA,NA,S,0,0,844234.2563,80.05,1994,30,4,18.98
119653,Active,811140,NA,NA,S,7,1,124543.425,23.99,2009,13,18.98,23.93
119654,Active,3800812,NA,NA,S,0,0,51199.65,26.99,2011,50,6.65,9.48
119655,Active,688575,NA,NA,S,2,1,9165.525,23.95,2012,16,12,16.94
119656,Active,1683825,NA,NA,S,0,0,13175.825,34.99,2008,37,12.72,21.67
119657,Active,2045223,NA,NA,S,1,0,60322.35,29.95,2014,28,14.37,20.18
119658,Active,1740768,NA,NA,S,0,0,112427.375,29.95,2013,18,17.17,21.24
119659,Active,1814945,NA,NA,S,1,0,69612.8,26.99,2015,58,8.88,10.23
119660,Active,526091,NA,NA,S,2,1,337569.8013,17.95,2008,26,4,10.9
119661,Active,141043,NA,NA,S,0,0,654750.7375,23.99,1998,122,4,9.93
119662,Active,2003563,NA,NA,S,0,0,191154,21,2008,18,8.24,23.49
119663,Active,908074,NA,NA,S,1,0,34475.155,44.99,2014,35,23.99,29.85
119664,Active,163102,NA,NA,S,1,0,211221.075,49.99,2010,30,4.67,15.66
119665,Active,1684338,NA,NA,S,0,0,138723.025,24.99,2014,16,6.95,13.85
119666,Active,1684106,NA,NA,S,0,0,176963.925,24.99,2014,19,5.92,9.23
119667,Active,624444,NA,NA,S,2,1,504643.1563,49,2005,60,13.97,28.96
119668,Active,169161,NA,NA,S,7,1,293462.0575,160.95,2007,33,5.46,97.12
119669,Active,101937,NA,NA,S,1,0,82445.825,34.95,2007,38,10.36,53.08
119670,Active,722856,NA,NA,S,1,0,867530.8913,41.95,2008,38,4.58,6.48
119671,Active,1463085,NA,NA,S,2,1,129340.075,24.95,2015,18,11.12,24.49
119672,Active,129381,NA,NA,S,0,0,190669.375,24.95,2010,25,6.84,21.52
119673,Active,2884213,NA,NA,S,3,1,469400.3725,18.95,1997,27,17.13,79.15
119674,Active,2017637,NA,NA,S,0,0,30749.625,35,2014,33,14.06,19.4
119675,Active,2149881,NA,NA,S,3,1,171875.775,24.95,2014,16,16.95,17.34
119676,Active,2004391,NA,NA,S,0,0,147249.35,22.95,2012,13,11.29,25.94
119677,Active,913078,NA,NA,S,2,1,84302.895,24.95,2013,30,11.7,18.44
119678,Active,2597164,NA,NA,S,0,0,369475.955,54.99,1990,35,4.6,41.97
119679,Active,1575450,NA,NA,S,1,0,674735.865,34.95,2014,19,24.04,22.96
119680,Active,865154,NA,NA,S,2,1,672153.87,33.95,2004,35,6.7,28.99
119681,Active,686701,NA,NA,S,0,0,207486.975,26.95,2012,23,17.47,26.94
119682,Active,2086899,NA,NA,S,0,0,563468.2175,24.95,2013,12,19.01,19.11
119683,Active,1681011,NA,NA,S,0,0,407121.54,39.95,2011,21,15.44,36.75
119684,Active,905831,NA,NA,S,0,0,580348.72,80,1998,23,15.59,112.11
119685,Active,622782,NA,NA,S,0,0,41985.15,57,2005,13,35.36,35.35
119686,Active,2042053,NA,NA,S,3,1,34094.925,22.99,2014,15,14.59,14.6
119687,Active,114260,NA,NA,S,1,0,246957.6625,194.6,2002,32,14.94,212.5
119688,Active,671857,NA,NA,S,1,0,331171.275,89.95,2001,19,39.89,97.35
119689,Active,118208,NA,NA,S,1,0,33421.025,196.8,2005,30,39.64,101.75
119690,Active,615662,NA,NA,S,1,0,705423.775,80,1996,74,8.35,37.98
119691,Active,615921,NA,NA,S,1,0,448793.4513,80,1987,65,10.35,46.49
119692,Active,106665,NA,NA,S,4,1,776763.6488,177,2008,29,12.58,0
119693,Active,2545814,NA,NA,S,1,0,650382.46,43.95,2003,49,3.85,26.65
119694,Active,128087,NA,NA,S,1,0,290593.9775,47.95,2000,46,9.83,35.34
119695,Active,154358,NA,NA,S,1,0,39695.85,72.5,2009,43,25.01,41.97
119696,Active,1626064,NA,NA,S,1,0,31347.9,29.95,2015,14,24.22,17.83
119697,Active,189335,NA,NA,S,1,0,311563.5275,49.95,1996,90,4,14.63
119698,Active,1707759,NA,NA,S,0,0,194716.775,35,2014,18,11.95,15.83
119699,Active,1697973,NA,NA,S,0,0,62819.15,24.95,2014,16,19.91,20.55
119700,Active,674578,NA,NA,S,2,1,314105.145,25.95,1993,107,4,13.94
119701,Active,1453062,NA,NA,S,3,1,100747.35,61,2013,7,55.79,53.71
119702,Active,269457,NA,NA,S,1,0,140651.45,91.95,2010,29,33.89,54.98
119703,Active,252009,NA,NA,S,2,1,208310.9188,190.95,2008,47,9.53,43.49
119704,Active,3638379,NA,NA,S,8,1,874874.95,153.95,2013,14,9.63,153.95
119705,Active,903995,NA,NA,S,1,0,346412.2925,27.5,2011,34,5.48,23.99
119706,Active,3578232,NA,NA,S,0,0,115815.2,50,2013,78,13.75,27.38
119707,Active,682518,NA,NA,S,1,0,92116.075,29.95,2013,43,4,6.33
119708,Active,1532719,NA,NA,S,0,0,14625.575,40,2014,14,17.99,16.98
119709,Active,3806088,NA,NA,S,0,0,248237.15,29.99,2014,18,11.52,19.22
119710,Active,1576301,NA,NA,S,1,0,18441.8,29.95,2010,41,15.81,21.64
119711,Active,3796253,NA,NA,S,0,0,75918.375,27.95,2015,25,9.37,15.09
119712,Active,1684296,NA,NA,S,1,0,52985.85,34.99,2013,16,17.99,18.84
119713,Active,1684127,NA,NA,S,0,0,4106.175,24.99,2011,19,13.79,15.22
119714,Active,607831,NA,NA,S,4,1,55497.42,26,2000,162,4,5.99
119715,Active,1777420,NA,NA,S,1,0,164251.85,24.95,2012,20,17.45,16.46
119716,Active,679241,NA,NA,S,1,0,102105.35,29.95,2012,17,16.65,19.99
119717,Active,1780268,NA,NA,S,1,0,82875.725,29.99,2014,28,13.62,6.89
119718,Active,1667174,NA,NA,S,0,0,124867.2,29.99,2010,25,21.16,23.78
119719,Active,158196,NA,NA,S,1,0,844950.6675,49.95,2008,16,18.99,49.75
119720,Active,1989633,NA,NA,S,4,1,41240.24,44.99,2015,29,24.23,27.96
119721,Active,1437385,NA,NA,S,1,0,100040.4,60,2014,10,31.53,35.77
119722,Active,529346,NA,NA,S,3,1,102466.5588,40,2011,24,22.87,39.62
119723,Active,197912,NA,NA,S,4,1,820219.2275,65,2008,26,4,18.99
119724,Active,667495,NA,NA,S,0,0,287061.775,52,2009,24,8.98,27.99
119725,Active,627191,NA,NA,S,0,0,104218.475,55,2008,20,43.56,50.97
119726,Active,245046,NA,NA,S,1,0,179586.935,162.95,2003,33,7.53,81.99
119727,Active,550669,NA,NA,S,4,1,379415.2213,95.98,2006,20,10.71,59.41
119728,Active,1962062,NA,NA,S,0,0,110774.7,28.99,2011,25,22.06,25.74
119729,Active,1740543,NA,NA,S,1,0,17237.875,25.95,2015,10,26.64,23.35
119730,Active,2342091,NA,NA,S,4,1,317018.7888,167.6,1990,25,6.39,77.66
119731,Active,117220,NA,NA,S,1,0,64390.8,52.4,2008,12,33.98,38.74
119732,Active,1946549,NA,NA,S,1,0,216694.875,57.75,2015,12,9.38,6.19
119733,Active,3800752,NA,NA,S,0,0,105916.775,37.95,2016,15,24.91,22.65
119734,Active,3513293,NA,NA,S,0,0,92854.9,35,2014,22,19.24,25.26
119735,Active,863268,NA,NA,S,0,0,564042.3988,49.95,2005,45,14.22,63.47
119736,Active,1697305,NA,NA,S,0,0,13510.775,25,2015,16,13.68,13.98
119737,Active,2090923,NA,NA,S,0,0,101105.625,39.99,2007,8,27.33,30.36
119738,Active,3576698,NA,NA,S,0,0,107095.55,25,2009,28,16.48,16.61
119739,Active,3561881,NA,NA,S,0,0,455621.15,60,2011,45,15.46,33.84
119740,Active,3498105,NA,NA,S,0,0,57988.875,95.44,2011,27,23.43,48.5
119741,Active,127153,NA,NA,S,3,1,530090.32,63,2007,23,15.65,19.95
119742,Active,1690691,NA,NA,S,0,0,31973.075,34,2009,19,25.14,25.4
119743,Active,3725989,NA,NA,S,0,0,4256.45,24.99,2016,15,17.31,16.28
119744,Active,3725980,NA,NA,S,0,0,25065,24.99,2016,18,18.81,16.61
119745,Active,2014273,NA,NA,S,0,0,110935.6,27.99,2015,17,13.5,17.41
119746,Active,1561793,NA,NA,S,0,0,15088.84125,10.99,2007,235,4,7.35
119747,Active,2060287,NA,NA,S,0,0,26801.025,24.95,2011,53,6.02,8.91
119748,Active,2087516,NA,NA,S,0,0,107131.1,24.95,2015,13,8.44,15.59
119749,Active,163384,NA,NA,S,1,0,82463.3,21.95,2010,47,4,9.63
119750,Active,536681,NA,NA,S,4,1,24067.66875,226,2012,84,53.07,66.16
119751,Active,181249,NA,NA,S,1,0,515876.28,111.33,2001,36,4,44.35
119752,Active,276758,NA,NA,S,0,0,112888.75,134.5,2000,30,44.94,83.99
119753,Active,867669,NA,NA,S,3,1,149774.5025,33.95,2013,27,22.24,24.99
119754,Active,1555434,NA,NA,S,0,0,81026.575,34.95,2014,9,35.44,29.19
119755,Active,652913,NA,NA,S,14,1,310241.3888,367.75,2013,16,24.51,221.78
119756,Active,2855463,NA,NA,S,0,0,261061.9838,10,1982,97,4,8.99
119757,Active,250748,NA,NA,S,2,1,190529.55,25,2011,26,12.97,18.22
119758,Active,675723,NA,NA,S,0,0,79542.75,25.95,2012,49,4,10.7
119759,Active,2065271,NA,NA,S,0,0,249292.225,27,2009,15,20.14,21.53
119760,Active,241596,NA,NA,S,3,1,20116.85,22.95,2011,35,12.41,15.99
119761,Active,566956,NA,NA,S,0,0,54860.275,27.95,2010,17,23.95,27.95
119762,Active,574772,NA,NA,S,0,0,40222.175,42.95,2010,18,25.94,31.07
119763,Active,2030849,NA,NA,S,1,0,147116.775,32.5,2013,19,23.99,30.57
119764,Active,923047,NA,NA,S,1,0,231143.9775,57,1992,118,4,8
119765,Active,1625446,NA,NA,S,0,0,221348.45,42,2008,16,28.97,35.45
119766,Active,118173,NA,NA,S,0,0,203843.48,31.25,2006,80,3.98,14.87
119767,Active,529320,NA,NA,S,2,1,112439.365,77.4,2008,48,23.76,54.97
119768,Active,2088909,NA,NA,S,2,1,668826.255,14.95,2012,20,7.76,119.41
119769,Active,1600490,NA,NA,S,0,0,65801.975,35.99,2014,15,24.15,26.66
119770,Active,1992168,NA,NA,S,0,0,81144.9,49.99,2014,23,30.11,31.7
119771,Active,776909,NA,NA,S,1,0,268577.84,59.99,2011,52,4,10.82
119772,Active,254402,NA,NA,S,3,1,31675.77,75,2011,68,34.29,52.97
119773,Active,533363,NA,NA,S,3,1,14469.5325,173.75,2012,93,53.89,85.84
119774,Active,2093290,NA,NA,S,0,0,44930.275,25,2014,27,7.83,12.95
119775,Active,135292,NA,NA,S,0,0,15307.74,24.95,2006,107,9.87,12.92
119776,Active,1918553,NA,NA,S,0,0,69020.65,35,2014,27,5.98,5.99
119777,Active,1756628,NA,NA,S,0,0,172325.325,25,2009,17,21.94,20.32
119778,Active,1756630,NA,NA,S,0,0,163427.7,25,2009,16,21.98,21.99
119779,Active,2051153,NA,NA,S,0,0,90219.275,24.95,2011,29,4.78,4.98
119780,Active,599710,NA,NA,S,2,1,139447.075,35,2009,9,26.99,33.74
119781,Active,661986,NA,NA,S,1,0,346650.8388,69.95,2009,25,19.22,48.86
119782,Active,1924502,NA,NA,S,0,0,184927.475,37,2014,24,26.16,29.73
119783,Active,776879,NA,NA,S,1,0,898375.0388,49.99,2009,40,4,8.81
119784,Active,2008628,NA,NA,S,0,0,62048.275,21.95,2007,40,9.8,13.25
119785,Active,1532203,NA,NA,S,1,0,53589.375,35,2014,26,17.19,18.98
119786,Active,811297,NA,NA,S,0,0,168293.65,27,2008,14,16.49,27
119787,Active,1876862,NA,NA,S,0,0,148321.425,40,2013,58,5.41,11.9
119788,Active,3804906,NA,NA,S,1,0,137811.375,49.95,2015,13,31.44,34
119789,Active,1942544,NA,NA,S,0,0,139658.475,45,2014,22,16.95,18.99
119790,Active,3598549,NA,NA,S,0,0,24232.9,60,2016,11,38.73,38.74
119791,Active,597523,NA,NA,S,0,0,39428.175,21.5,2007,46,6.2,13.28
119792,Active,3480743,NA,NA,S,1,0,193638.625,47.44,2014,24,29.04,40.89
119793,Active,612664,NA,NA,S,1,0,78913.575,29.95,2013,16,14.99,22.93
119794,Active,678474,NA,NA,S,1,0,21124.425,25,2011,41,10.15,14.25
119795,Active,1619775,NA,NA,S,0,0,56007.425,39.99,2013,18,25.06,29.54
119796,Active,3748951,NA,NA,S,0,0,11376.85,29.95,2016,12,25.9,18.9
119797,Active,1668861,NA,NA,S,5,1,406481.9325,18.95,2012,30,4,14.84
119798,Active,1668862,NA,NA,S,7,1,288277.3938,16.95,2012,21,7.41,13.53
119799,Active,682922,NA,NA,S,0,0,57488.2,24.95,2007,24,14.93,18.2
119800,Active,2110691,NA,NA,S,8,1,55293.925,24.99,2015,14,16.42,17.67
119801,Active,2110695,NA,NA,S,6,1,63450.075,24.99,2015,16,17.02,18.19
119802,Active,2110679,NA,NA,S,6,1,61108.15,22.99,2015,15,11.74,15.72
119803,Active,1433893,NA,NA,S,0,0,62967.375,26.99,2015,17,16.39,16.02
119804,Active,2033918,NA,NA,S,0,0,9972.625,24.95,2008,33,14.96,16.37
119805,Active,1622817,NA,NA,S,1,0,136692.25,126.95,2008,17,16.92,36.94
119806,Active,659350,NA,NA,S,4,1,892328.6063,56.65,2010,17,4.97,57.21
119807,Active,649040,NA,NA,S,1,0,86759.025,49.95,2009,28,29.23,34.67
119808,Active,1856882,NA,NA,S,0,0,100066.725,25.99,2014,10,19.37,17.8
119809,Active,529309,NA,NA,S,6,1,56507.325,34.95,2010,15,25.32,20.93
119810,Active,1918566,NA,NA,S,0,0,59867.9,26.99,2014,20,6.47,6.64
119811,Active,3960002,NA,NA,S,0,0,5837.875,49.99,2016,15,28.98,31.99
119812,Active,2114212,NA,NA,S,0,0,235322.575,24.95,2014,13,10.16,10.18
119813,Active,3793209,NA,NA,S,0,0,205811.15,24.95,2012,37,4,7.18
119814,Active,3731252,NA,NA,S,0,0,91124.625,45,2014,23,12.99,13.98
119815,Active,688914,NA,NA,S,1,0,12036.3,29.95,2008,16,21.67,48.12
119816,Active,2067846,NA,NA,S,0,0,37252.25,22.99,2011,13,12.8,17.37
119817,Active,529306,NA,NA,S,3,1,139088.475,29.95,2007,37,13.45,14.99
119818,Active,1437453,NA,NA,S,1,0,86388.15,22,2013,34,14.28,14.24
119819,Active,1740522,NA,NA,S,0,0,75947.525,24.95,2009,25,17.03,17.96
119820,Active,153772,NA,NA,S,3,1,86547.775,22.95,2009,29,11.39,17.19
119821,Active,657576,NA,NA,S,1,0,483981.6175,35.95,2008,12,27.45,25.99
119822,Active,651887,NA,NA,S,1,0,341780.5825,35.95,2009,23,28.39,30.11
119823,Active,1695561,NA,NA,S,0,0,335325.04,41,2009,19,22.77,22.77
119824,Active,1590649,NA,NA,S,1,0,580549.725,39.99,2011,20,26.53,35.97
119825,Active,126693,NA,NA,S,0,0,272943.3863,69.99,2005,59,4,5.98
119826,Active,126659,NA,NA,S,0,0,341616.9025,69.99,2005,42,4,11.99
119827,Active,721450,NA,NA,S,1,0,380703.8975,69.99,2005,50,4,8.05
119828,Active,243478,NA,NA,S,2,1,63597.325,34.95,2012,56,7.73,8.79
119829,Active,121290,NA,NA,S,7,1,29143.09375,188.6,2010,90,7.8,85.49
119830,Active,165331,NA,NA,S,3,1,318222.3463,196,2004,44,43.97,98.99
119831,Active,1990775,NA,NA,S,1,0,55775.975,22.99,2013,9,16.05,20.06
119832,Active,279537,NA,NA,S,6,1,15899.9,26.95,2009,55,10.72,15.89
119833,Active,2460050,NA,NA,S,0,0,267191.05,66.7,2004,19,11.86,62.8
119834,Active,774277,NA,NA,S,0,0,771259.8575,42.74,2007,15,4.39,0
119835,Active,1440164,NA,NA,S,11,1,513474.9988,244.78,2012,15,7.86,20.86
119836,Active,624529,NA,NA,S,0,0,61896.33,81.95,2000,60,18.93,43.72
119837,Active,2098764,NA,NA,S,0,0,22720.675,24.95,2013,23,15.7,19.05
119838,Active,2671393,NA,NA,S,1,0,833342.2225,62.81,1996,21,11.29,114.9
119839,Active,1719652,NA,NA,S,6,1,219324.5225,33,2014,11,26.4,32.99
119840,Active,162827,NA,NA,S,2,1,36827.775,21.99,2009,42,10.5,12.97
119841,Active,2165906,NA,NA,S,3,1,172322.225,0,2013,8,27.23,21.97
119842,Active,172411,NA,NA,S,1,0,151933.5813,39.99,2003,21,34.27,29.97
119843,Active,3486241,NA,NA,S,0,0,120426.775,45,2015,15,29.36,37.03
119844,Active,135313,NA,NA,S,1,0,572821.425,85,2006,66,4,4.9
119845,Active,1908974,NA,NA,S,0,0,208699.125,24.95,2013,8,31.73,19.47
119846,Active,676684,NA,NA,S,0,0,87321.2,22.95,2008,41,12.59,15.6
119847,Active,686615,NA,NA,S,0,0,105453.775,24.95,2013,43,22.04,19.25
119848,Active,657594,NA,NA,S,0,0,145294.85,42,2015,18,27.01,21.44
119849,Active,647064,NA,NA,S,1,0,96160.1,64,2012,13,53.05,55.49
119850,Active,543522,NA,NA,S,3,1,2372.6,23.99,2008,40,12.49,20.36
119851,Active,906849,NA,NA,S,3,1,294079.2375,64.99,2008,21,17.89,99.01
119852,Active,678274,NA,NA,S,3,1,30923.285,26.99,2008,20,14.22,23.99
119853,Active,676441,NA,NA,S,3,1,1939.55,26.99,2008,37,21.53,25.64
119854,Active,296879,NA,NA,S,2,1,295865.3988,42.99,2006,40,4.59,23.98
119855,Active,233381,NA,NA,S,3,1,17993.2,24.99,2008,21,15.98,20.82
119856,Active,233380,NA,NA,S,3,1,2888.125,27.99,2008,17,28.99,28.9
119857,Active,705694,NA,NA,S,1,0,562637.3388,149,2011,8,17.54,100.22
119858,Active,709505,NA,NA,S,0,0,242720.2875,108.84,2011,28,19.75,25.93
119859,Active,582202,NA,NA,S,2,1,24723.15,31,2012,18,21.2,28.27
119860,Active,689103,NA,NA,S,2,1,26021.95,25,2012,19,23.38,24.99
119861,Active,571840,NA,NA,S,0,0,628809.1463,95,2002,56,6.87,17.86
119862,Active,678678,NA,NA,S,2,1,267508.0475,23.33,1989,27,4,49.94
119863,Active,639457,NA,NA,S,0,0,237785.3,110.25,2002,41,4.98,33.46
119864,Active,3084152,NA,NA,S,0,0,579653.1488,64.95,2002,21,4,67.21
119865,Active,675059,NA,NA,S,0,0,411263.5863,26,2012,141,3.92,0
119866,Active,1778089,NA,NA,S,1,0,67957.6,38,2013,13,29.67,23.75
119867,Active,747475,NA,NA,S,1,0,168286.5,35,2008,13,22.94,23.33
119868,Active,666131,NA,NA,S,1,0,198350.35,56.95,2011,9,48.29,46.43
119869,Active,553221,NA,NA,S,6,1,226043.645,168.4,2012,29,23.62,96.15
119870,Active,582685,NA,NA,S,0,0,193035.825,25,2010,19,14.57,14.58
119871,Active,248058,NA,NA,S,0,0,89709.7,52,2009,12,40.36,41.27
119872,Active,609910,NA,NA,S,9,1,78252.19875,226.95,2013,48,35.52,63.12
119873,Active,224566,NA,NA,S,2,1,638457.5788,128.4,2005,39,16.69,0
119874,Active,199019,NA,NA,S,1,0,543749.985,102,1999,46,6.94,47.95
119875,Active,1713681,NA,NA,S,0,0,696025.2738,37.95,2006,18,11.58,23.98
119876,Active,679879,NA,NA,S,1,0,114846.875,24.95,2011,24,18.95,20.96
119877,Active,2114927,NA,NA,S,0,0,85822.025,50,2014,12,53.13,45.19
119878,Active,1437082,NA,NA,S,1,0,130516.775,57,2014,16,17.68,35.91
119879,Active,1479589,NA,NA,S,1,0,116494.475,63,2014,25,34.88,51.38
119880,Active,902098,NA,NA,S,3,1,59262.5,24.95,2014,30,12.8,15.23
119881,Active,1535748,NA,NA,S,1,0,51155,22.95,2014,30,19.29,20.97
119882,Active,298317,NA,NA,S,0,0,142067.15,91,2011,37,12.89,28.09
119883,Active,644962,NA,NA,S,1,0,896668.16,53,2005,35,7.98,35.99
119884,Active,1571998,NA,NA,S,0,0,124883.525,30,2014,9,23.24,25.25
119885,Active,142823,NA,NA,S,1,0,356426.45,115,2008,31,30.39,61.62
119886,Active,595077,NA,NA,S,6,1,42445.27625,224,2012,111,19.19,107.13
119887,Active,679737,NA,NA,S,0,0,27185.425,25.99,2013,22,11.98,15.95
119888,Active,2691717,NA,NA,S,0,0,465240.595,54.95,2005,39,16.97,43.85
119889,Active,1629536,NA,NA,S,0,0,87053.4,22.5,2008,15,13.97,15.58
119890,Active,2605533,NA,NA,S,1,0,536200.1538,54.99,1996,60,5.93,22.94
119891,Active,243381,NA,NA,S,0,0,26312.925,20.95,2009,22,19.9,19.94
119892,Active,652416,NA,NA,S,1,0,67066.7,52,2013,16,40.37,32.98
119893,Active,802167,NA,NA,S,0,0,99094.4,25.95,2012,15,24.84,20.85
119894,Active,3746043,NA,NA,S,0,0,1941.075,27,2015,21,13.51,16.68
119895,Active,2099518,NA,NA,S,0,0,91100.85,26.99,2014,22,4.5,4.83
119896,Active,802278,NA,NA,S,5,1,25421.85,0,2005,5,4.98,0
119897,Active,2268465,NA,NA,S,13,1,240244.6,113.9,1900,17,53.74,102.02
119898,Active,664127,NA,NA,S,6,1,589067.2425,68.25,2013,17,37.89,0
119899,Active,139218,NA,NA,S,0,0,106599.5113,16,2006,77,8.21,28.97
119900,Active,649215,NA,NA,S,0,0,486823.285,45,2005,29,11.54,32.97
119901,Active,538675,NA,NA,S,6,1,246013.6625,55.25,2012,50,11.24,24.99
119902,Active,664359,NA,NA,S,6,1,153844.695,68.25,2013,20,20.88,64.02
119903,Active,646842,NA,NA,S,6,1,123381.0425,55.25,2013,57,8.15,32.16
119904,Active,3808430,NA,NA,S,0,0,592821.95,44,2015,38,15.99,31.99
119905,Active,1480475,NA,NA,S,1,0,54002.4,35,2015,12,39.48,31.17
119906,Active,1552911,NA,NA,S,1,0,248773.875,54.95,2013,19,39.79,40.05
119907,Active,3018312,NA,NA,S,0,0,422888.18,51.9,2000,29,5.12,12.92
119908,Active,2007728,NA,NA,S,0,0,744689.5713,43.95,2012,31,4,20.82
119909,Active,2144264,NA,NA,S,1,0,83999,24,2012,22,17.82,20.99
119910,Active,791566,NA,NA,S,1,0,726399.6663,208.5,2008,17,8.93,13.74
119911,Active,620270,NA,NA,S,0,0,227890.8,24.5,2009,20,4.44,8.15
119912,Active,617966,NA,NA,S,0,0,89255.4,24.5,2009,55,4,5.49
119913,Active,1521056,NA,NA,S,0,0,134056.6,23.47,2010,21,5.79,13.6
119914,Active,655606,NA,NA,S,0,0,109810.725,25.47,2012,24,4.76,22.69
119915,Active,1767841,NA,NA,S,4,1,672832.3575,15.75,2012,12,6.39,15.75
119916,Active,3629545,NA,NA,S,4,1,214306.15,27.75,2012,13,31.12,25.49
119917,Active,543709,NA,NA,S,0,0,68266.55375,18.75,2012,22,15,0
119918,Active,644589,NA,NA,S,4,1,83820.90625,35.75,2012,26,24.76,30
119919,Active,291262,NA,NA,S,3,1,698002.0588,18.75,2004,39,4,0
119920,Active,174309,NA,NA,S,3,1,702620.765,19.75,2004,33,5.06,0
119921,Active,1976365,NA,NA,S,1,0,218892.275,51.95,2014,17,23.84,49.38
119922,Active,1927514,NA,NA,S,1,0,118379.6,95.95,2014,10,44.5,44.5
119923,Active,689503,NA,NA,S,3,1,125213.575,23.95,2008,16,13.35,15.82
119924,Active,529264,NA,NA,S,2,1,462913.1038,26.95,2010,42,17.85,19.46
119925,Active,144472,NA,NA,S,1,0,726194.395,96.6,2002,54,4,64.35
119926,Active,624278,NA,NA,S,3,1,514843.0925,36.95,2011,35,8.84,35.63
119927,Active,1517105,NA,NA,S,1,0,61896.875,39.99,2013,20,24.86,27.25
119928,Active,690156,NA,NA,S,0,0,111729.75,26.95,2010,12,29.95,19.19
119929,Active,612460,NA,NA,S,3,1,135118.6863,32,2013,9,61.45,32
119930,Active,652291,NA,NA,S,1,0,121561.9,75,2013,17,25.86,26.77
119931,Active,265073,NA,NA,S,0,0,364018.295,69.95,2011,20,33.87,63.94
119932,Active,3791950,NA,NA,S,0,0,100368.925,60,2015,13,39.67,35.89
119933,Active,110620,NA,NA,S,5,1,30194.445,237,2010,52,50.27,163.99
119934,Active,658215,NA,NA,S,0,0,47638.375,55,2012,17,28.15,35.68
119935,Active,543930,NA,NA,S,15,1,3855.265,263.84,2013,112,24.93,252.56
119936,Active,2254957,NA,NA,S,0,0,539745.3513,56.89,2011,29,23.99,44.34
119937,Active,3472747,NA,NA,S,1,0,59875.4,321.6,2015,52,47.94,61.99
119938,Active,2272521,NA,NA,S,1,0,791456.705,54.15,2013,24,15.35,116.39
119939,Active,685383,NA,NA,S,1,0,39054.925,26.99,2012,30,16.31,12.72
119940,Active,3473471,NA,NA,S,1,0,63597.125,238.73,2015,17,107.8,213.67
119941,Active,609977,NA,NA,S,7,1,226190.8663,220,2012,62,15.05,112.49
119942,Active,543928,NA,NA,S,15,1,66954.63875,271,2013,71,11.23,117.7
119943,Active,629056,NA,NA,S,7,1,407281.9613,602.99,2013,63,4.8,16.98
119944,Active,543929,NA,NA,S,14,1,143892.9363,93.99,2013,57,23.95,133.12
119945,Active,603517,NA,NA,S,0,0,71079.05125,61.31,2012,28,28.99,37.74
119946,Active,637682,NA,NA,S,7,1,66021.1525,159.33,2012,20,23.7,130.96
119947,Active,53950,NA,NA,S,9,1,828300.6813,134.67,2004,146,4.15,11.93
119948,Active,795420,NA,NA,S,1,0,847250.825,145.95,2011,31,6.89,42.56
119949,Active,244391,NA,NA,S,9,1,298768.2463,271.95,2012,42,10.95,54.57
119950,Active,1447559,NA,NA,S,4,1,835156.69,58.47,2007,22,5.15,58.19
119951,Active,875593,NA,NA,S,4,1,784956.8038,154,2014,28,13.28,50.5
119952,Active,1822424,NA,NA,S,4,1,208710.1,0,2014,18,51.98,59.75
119953,Active,621934,NA,NA,S,7,1,316854.3375,145.33,2011,28,10.83,15.75
119954,Active,2288908,NA,NA,S,0,0,898020.0688,59.55,2013,14,11.39,36.99
119955,Active,544728,NA,NA,S,6,1,113172.4963,266.95,2013,57,32.99,121.85
119956,Active,276234,NA,NA,S,7,1,190467.85,82.65,2007,34,5.88,78.37
119957,Active,110235,NA,NA,S,7,1,88507.645,269.25,2011,88,33.13,66.98
119958,Active,110415,NA,NA,S,1,0,87683.25,269.25,2011,29,57.33,128.77
119959,Active,875079,NA,NA,S,4,1,412282.9363,54.51,2014,24,11.05,47.68
119960,Active,121788,NA,NA,S,5,1,879274.5488,97.33,1999,48,4,33.38
119961,Active,742739,NA,NA,S,6,1,264388.5513,240.4,2012,35,40.6,166.97
119962,Active,145742,NA,NA,S,3,1,825726.7688,172.67,2007,21,12.65,67.98
119963,Active,1816653,NA,NA,S,2,1,334548.275,0,2013,25,5.86,27.99
119964,Active,871808,NA,NA,S,7,1,570242.55,239.57,2008,22,11.19,174.25
119965,Active,564596,NA,NA,S,0,0,381558.7,41.95,2006,29,18.89,37.53
119966,Active,148658,NA,NA,S,11,1,69104.36375,367.95,2009,52,31.32,112.03
119967,Active,691700,NA,NA,S,7,1,810234.4063,97.5,1997,30,4,12.49
119968,Active,612077,NA,NA,S,0,0,112451.8,49.95,2013,23,15.33,30.03
119969,Active,691164,NA,NA,S,0,0,167772.8,27.95,2013,35,13.73,18.84
119970,Active,1617886,NA,NA,S,2,1,122500.975,0,2010,8,28.99,18.94
119971,Active,664657,NA,NA,S,1,0,187491.9513,36.95,2013,23,28.15,28.32
119972,Active,1437452,NA,NA,S,1,0,48801.1,40,2014,27,19.13,22.34
119973,Active,529232,NA,NA,S,6,1,446547.9838,127.5,2014,30,5.25,73.99
119974,Active,623793,NA,NA,S,13,1,88008.605,288.3,2012,74,44.69,153.98
119975,Active,417295,NA,NA,S,13,1,7288.435,353.5,2012,83,53.93,138.99
119976,Active,706314,NA,NA,S,10,1,2256.535,332.5,2014,90,46.65,107.96
119977,Active,464107,NA,NA,S,1,0,633877.7663,99,1997,26,4,66.19
119978,Active,560448,NA,NA,S,11,1,221818.0088,225,2012,62,5.73,68.99
119979,Active,687859,NA,NA,S,0,0,258668.885,16.8,2001,21,7.57,13.06
119980,Active,283678,NA,NA,S,1,0,373794.0438,60,2001,25,14.16,54.28
119981,Active,289767,NA,NA,S,1,0,45525.78875,54.95,2009,29,17.75,0
119982,Active,766422,NA,NA,S,11,1,769104.6475,107.25,2012,14,18.35,53.98
119983,Active,751442,NA,NA,S,1,0,498790.855,75.95,2008,30,39.93,62.83
119984,Active,800875,NA,NA,S,0,0,685597.4763,64,2008,21,7.75,31.88
119985,Active,1546950,NA,NA,S,1,0,579245.225,34.95,2011,21,31.46,31.67
119986,Active,538758,NA,NA,S,8,1,73758.755,302.25,2013,76,9.12,52.69
119987,Active,284336,NA,NA,S,3,1,545504.8588,68,2011,41,18.52,55.69
119988,Active,157645,NA,NA,S,1,0,613573.275,92.95,2009,29,13.99,66.78
119989,Active,699291,NA,NA,S,15,1,252521.5788,76.04,2012,18,19.94,34.28
119990,Active,669779,NA,NA,S,1,0,730014.6763,52.95,2008,19,9.69,41.72
119991,Active,715969,NA,NA,S,2,1,253150.4,57.62,2011,9,45.85,70.62
119992,Active,862109,NA,NA,S,7,1,4768.3825,312.5,2014,87,36.03,123.54
119993,Active,535544,NA,NA,S,11,1,173498.6475,240.95,2012,47,16.09,90.69
119994,Active,196575,NA,NA,S,1,0,542963.9725,62.95,2007,21,15.52,0
119995,Active,664278,NA,NA,S,6,1,92225.97125,158.95,2013,30,42.63,49.36
119996,Active,537166,NA,NA,S,1,0,63314.4875,65.95,2012,46,25.98,55.36
119997,Active,433461,NA,NA,S,3,1,393164.7425,31,2002,33,4,16.65
119998,Active,1702298,NA,NA,S,0,0,282743.9338,119.5,2014,24,18.16,67.14
119999,Active,3037129,NA,NA,S,0,0,256368.37,42.99,1993,52,15.98,115.66
120000,Active,592058,NA,NA,S,0,0,540492.895,48,2011,43,12.98,32.4
120001,Active,867699,NA,NA,S,2,1,189586.7025,49.95,2014,24,29.98,41.01
120002,Active,128773,NA,NA,S,3,1,398156.5575,65,2008,28,9.74,42.65
120003,Active,867688,NA,NA,S,0,0,336411.35,59,2013,31,23.45,41.56
120004,Active,128954,NA,NA,S,1,0,368941.745,55,2007,24,11.02,38.98
120005,Active,556372,NA,NA,S,1,0,138080.425,76.95,2010,20,39.2,44.06
120006,Active,2030806,NA,NA,S,2,1,178916.175,26.5,2010,24,15.18,26.49
120007,Active,874468,NA,NA,S,4,1,305360.8088,93.5,2013,32,38.99,79.58
120008,Active,247884,NA,NA,S,3,1,382511.2963,130,2008,36,17.19,53.99
120009,Active,108887,NA,NA,S,5,1,827041.6013,69.28,2003,14,18.59,68.86
120010,Active,2290608,NA,NA,S,0,0,119649,402.99,2011,7,47.71,133.44
120011,Active,544421,NA,NA,S,10,1,29514.1325,416.95,2012,79,18.99,157.85
120012,Active,157640,NA,NA,S,5,1,875379.4413,104.95,2008,32,8.88,55.24
120013,Active,137555,NA,NA,S,7,1,104967.6225,131.4,2011,53,12.43,54.69
120014,Active,594894,NA,NA,S,1,0,83290.9,140,2012,56,19.59,44.05
120015,Active,551543,NA,NA,S,8,1,170811.4825,99.95,2012,67,9.11,50.13
120016,Active,906928,NA,NA,S,0,0,666523.8363,66,2006,33,6.61,52.67
120017,Active,130509,NA,NA,S,5,1,11864.6575,67.95,2013,66,24,51.53
120018,Active,154053,NA,NA,S,5,1,39196.7625,72.5,2009,59,24.44,48.96
120019,Active,600735,NA,NA,S,0,0,45480.075,118,2012,20,33.98,69.37
120020,Active,247662,NA,NA,S,0,0,677018.7738,61,2009,24,15.29,33.79
120021,Active,3828876,NA,NA,S,0,0,126707.55,85,2015,15,54.65,55.16
120022,Active,247583,NA,NA,S,1,0,102600.3763,82,2007,26,23.24,28.99
120023,Active,900925,NA,NA,S,3,1,544811.0375,46,2014,14,11.9,37.58
120024,Active,258427,NA,NA,S,2,1,157359.8025,95,2007,35,11.28,63.98
120025,Active,575962,NA,NA,S,3,1,830795.0163,48.3,2012,14,14.67,112.01
120026,Active,196708,NA,NA,S,1,0,126125.475,62.95,2011,25,26.23,47.44
120027,Active,876482,NA,NA,S,3,1,24037.68375,197.25,2014,55,34.83,63.93
120028,Active,633868,NA,NA,S,2,1,142096.6738,216,2012,47,21.16,111.21
120029,Active,642945,NA,NA,S,1,0,189901.225,60,2010,22,26.38,41.17
120030,Active,1490300,NA,NA,S,0,0,692269.12,47,2010,47,7.57,10.03
120031,Active,533324,NA,NA,S,9,1,34454.1775,193.95,2012,74,7.99,55.99
120032,Active,114207,NA,NA,S,1,0,461765.555,90,2000,24,19.81,61.54
120033,Active,684209,NA,NA,S,3,1,43791.3,27.95,2012,26,20.08,20.34
120034,Active,2169065,NA,NA,S,5,1,194551.7125,34.95,2013,8,31.53,32.99
120035,Active,641471,NA,NA,S,0,0,831072.3538,42,2010,23,5.53,79.96
120036,Active,110418,NA,NA,S,2,1,6112.29625,192.5,2011,86,33.99,81.9
120037,Active,1772003,NA,NA,S,13,1,261379,0,2010,13,31.77,242.23
120038,Active,663656,NA,NA,S,7,1,345974.0875,109.33,2013,31,33.26,100.1
120039,Active,625171,NA,NA,S,1,0,538182.8738,51.95,1994,34,8.23,23.28
120040,Active,1539895,NA,NA,S,1,0,758048.6975,37.95,2009,18,11.14,20.99
120041,Active,658486,NA,NA,S,0,0,163312.2,42,2010,17,31.99,42
120042,Active,1480392,NA,NA,S,12,1,176895.825,0,2013,9,24.1,58.97
120043,Active,663719,NA,NA,S,2,1,346123.115,52.95,2013,21,5.52,49.98
120044,Active,652688,NA,NA,S,0,0,506176.58,115,2011,16,22.19,0
120045,Active,2005785,NA,NA,S,0,0,33054.25,60,2013,16,41.65,42.07
120046,Active,1645472,NA,NA,S,0,0,189776.975,35,2009,34,9.62,30.03
120047,Active,213066,NA,NA,S,1,0,288569.0675,56.95,2003,44,7.29,32.97
120048,Active,1629559,NA,NA,S,2,1,799109.4363,18.95,2010,15,13.68,18.95
120049,Active,652534,NA,NA,S,1,0,94668.125,75,2012,28,43.99,49.89
120050,Active,647094,NA,NA,S,2,1,133110.725,34,2012,12,24.02,24.02
120051,Active,1691899,NA,NA,S,2,1,106303.025,22,2011,14,15.34,15.35
120052,Active,1717993,NA,NA,S,0,0,224951.7,21.99,2009,20,14.49,16.77
120053,Active,1717994,NA,NA,S,0,0,41823.875,20.99,2007,16,13.84,16
120054,Active,126041,NA,NA,S,1,0,385550.1163,70,2000,28,4.48,10.93
120055,Active,1551689,NA,NA,S,0,0,152134,47.95,2015,13,39.72,39.72
120056,Active,1668532,NA,NA,S,0,0,74954.3,45,2014,23,16.2,27.96
120057,Active,53846,NA,NA,S,6,1,852005.2563,97.95,1999,49,4.58,21.09
120058,Active,664788,NA,NA,S,0,0,138005.775,0,2013,10,15.69,19.95
120059,Active,2285823,NA,NA,S,2,1,46236.875,0,2014,0,0,14.44
120060,Active,1628902,NA,NA,S,1,0,18876.725,28,2015,13,22.98,25.05
120061,Active,250976,NA,NA,S,2,1,444368.5463,25.95,2010,25,19.99,25.47
120062,Active,127130,NA,NA,S,1,0,109419.35,44.95,2007,16,24.89,33.09
120063,Active,299572,NA,NA,S,1,0,517183.6788,47,2001,39,4.94,35.89
120064,Active,270894,NA,NA,S,1,0,167495.7988,35,2009,27,19.77,23.99
120065,Active,660924,NA,NA,S,0,0,157989.775,42.95,2013,15,25.96,39.4
120066,Active,2159056,NA,NA,S,1,0,27026.2,39,2013,13,28.57,31.78
120067,Active,676166,NA,NA,S,0,0,40271.25,24.99,2011,24,11.99,15.08
120068,Active,1969898,NA,NA,S,0,0,128156.025,24,2015,27,4,4.47
120069,Active,557763,NA,NA,S,2,1,380217.3038,18,1998,59,4,56.64
120070,Active,132011,NA,NA,S,2,1,189586.1638,119.95,2010,64,10.46,61.95
120071,Active,51074,NA,NA,S,3,1,819094.905,67.1,2001,63,4,38.2
120072,Active,285444,NA,NA,S,8,1,26803.1975,244.25,2010,73,38.15,90.73
120073,Active,2286732,NA,NA,S,2,1,21762.25,0,2014,0,0,8.48
120074,Active,687376,NA,NA,S,0,0,114974.525,22.95,2012,20,16.97,17.4
120075,Active,675476,NA,NA,S,1,0,17624.55,33.2,2008,33,23.98,23.99
120076,Active,206113,NA,NA,S,0,0,201183.66,17.95,2006,53,5.89,10.69
120077,Active,2504654,NA,NA,S,1,0,408408.8663,45,1984,51,4,32.89
120078,Active,2789569,NA,NA,S,1,0,156428.7388,7.99,2002,125,3.99,7.97
120079,Active,2407728,NA,NA,S,0,0,243416.4638,50,1995,65,4,13.99
120080,Active,1565130,NA,NA,S,1,0,161308.4,23.95,2008,26,4.43,38.45
120081,Active,109814,NA,NA,S,1,0,524612.9175,78.5,2007,31,23.93,67.79
120082,Active,601175,NA,NA,S,0,0,77293.35,0,2012,28,15.59,148.84
120083,Active,133092,NA,NA,S,3,1,209715.555,151.8,2010,56,9.9,21.49
120084,Active,2007345,NA,NA,S,0,0,218430.225,32.99,2007,10,28.36,22.05
120085,Active,610297,NA,NA,S,6,1,28668.75875,200,2013,58,52.9,100.98
120086,Active,637583,NA,NA,S,0,0,649587.8838,39,2013,18,7.99,26.48
120087,Active,543920,NA,NA,S,1,0,681592.285,49.99,2012,54,4,6.98
120088,Active,157490,NA,NA,S,1,0,198228.6475,44.95,2009,32,16.79,42.74
120089,Active,2769809,NA,NA,S,3,1,73261.41125,36.99,2015,17,19.42,25.14
120090,Active,157636,NA,NA,S,1,0,495240.9013,44.95,2008,31,7.06,40.48
120091,Active,677833,NA,NA,S,0,0,47210.6,29.99,2010,47,12.06,15.95
120092,Active,1586950,NA,NA,S,1,0,350283.2188,44.99,2009,24,13.44,33.96
120093,Active,598897,NA,NA,S,4,1,387069.04,48,2008,71,4,16.49
120094,Active,3116773,NA,NA,S,4,1,778203.5213,9.95,2004,26,4.9,8.17
120095,Active,2871804,NA,NA,S,2,1,583549.0425,32.95,2003,27,11.95,28.99
120096,Active,626226,NA,NA,S,2,1,80045.03,41,2011,82,15.67,33.72
120097,Active,265804,NA,NA,S,0,0,48020.3,32.99,2008,53,11.06,18.97
120098,Active,1544431,NA,NA,S,1,0,602965.275,44.95,2015,32,9.62,34.77
120099,Active,544032,NA,NA,S,6,1,34976.815,187.5,2013,55,48.24,96.73
120100,Active,50778,NA,NA,S,4,1,32401.2425,140,2010,68,24.79,68.29
120101,Active,545592,NA,NA,S,1,0,63511.125,39.99,2012,21,16.25,24.25
120102,Active,860096,NA,NA,S,1,0,495068.9575,49.99,2010,30,16.78,41.72
120103,Active,542688,NA,NA,S,2,1,572430.0425,24.95,2011,16,21.8,22.95
120104,Active,117412,NA,NA,S,0,0,237535.725,73.2,2004,18,54.69,67.7
120105,Active,644726,NA,NA,S,2,1,440656.2938,39,2011,28,13.98,34.14
120106,Active,689712,NA,NA,S,0,0,12988.15,24.95,2011,15,16.96,16.96
120107,Active,1713394,NA,NA,S,3,1,154073.9,28,2009,16,12.68,23.76
120108,Active,639173,NA,NA,S,3,1,97371.15,29,2010,18,18.97,23.28
120109,Active,872460,NA,NA,S,2,1,52662.1575,99,2013,42,43.98,75.05
120110,Active,2165625,NA,NA,S,0,0,107140.7,49.95,2012,28,22.26,35.58
120111,Active,3504164,NA,NA,S,1,0,6060.35,49.99,2012,10,32.12,31.9
120112,Active,320143,NA,NA,S,1,0,285346.0188,49.95,1997,22,40.1,51.51
120113,Active,3754328,NA,NA,S,2,1,222451.275,21.95,2015,6,19.75,21.95
120114,Active,610194,NA,NA,S,0,0,586396.7275,52,2013,45,4,30.42
120115,Active,867709,NA,NA,S,0,0,247254.9188,52,2014,31,8.91,32.57
120116,Active,174733,NA,NA,S,1,0,699843.8313,84.99,1999,44,9.38,50.14
120117,Active,2159966,NA,NA,S,2,1,233131.875,20.96,2009,13,12.68,14.99
120118,Active,614034,NA,NA,S,1,0,165214.7425,69.95,1990,85,8.87,33.99
120119,Active,870546,NA,NA,S,3,1,11405.18625,34.5,2010,43,30.33,0
120120,Active,663203,NA,NA,S,1,0,435267.86,92.75,2013,18,41.74,53.6
120121,Active,1482751,NA,NA,S,1,0,241615.375,56,2012,15,35.39,51.18
120122,Active,334993,NA,NA,S,2,1,257504.8138,37.95,2008,17,34.91,37.95
120123,Active,250089,NA,NA,S,3,1,616891.2338,189.95,2007,37,4,0
120124,Active,628571,NA,NA,S,0,0,864104.9875,75,2011,24,6.18,8.94
120125,Active,2226312,NA,NA,S,3,1,99677.175,20.34,2008,11,24.22,23.3
120126,Active,593895,NA,NA,S,6,1,335186.4125,271.95,2012,51,5.25,38.99
120127,Active,875131,NA,NA,S,6,1,186513.095,83.15,2011,15,38.7,93.08
120128,Active,140571,NA,NA,S,0,0,47585.075,34.99,2007,21,21.45,20.35
120129,Active,120601,NA,NA,S,2,1,866476.04,170.4,2009,29,17.77,62.39
120130,Active,1465668,NA,NA,S,1,0,82173.85,34.95,2014,9,26.32,14.9
120131,Active,291695,NA,NA,S,7,1,258649.8075,391.95,2010,53,22.74,138.99
120132,Active,171977,NA,NA,S,0,0,532517.2538,23.95,2003,31,9.49,19.98
120133,Active,1576317,NA,NA,S,0,0,92443.525,24.95,2010,15,12.41,14.98
120134,Active,639687,NA,NA,S,1,0,127993.875,54.99,2013,17,21.09,42.97
120135,Active,669167,NA,NA,S,2,1,144530.5513,54.98,2011,24,40.56,54.94
120136,Active,2027473,NA,NA,S,0,0,193106.575,59.95,2009,15,34.38,41.07
120137,Active,1658193,NA,NA,S,1,0,255287.765,63.26,2009,26,11.06,143.8
120138,Active,540686,NA,NA,S,11,1,28173.41125,172.2,2013,53,53.99,99.38
120139,Active,559718,NA,NA,S,0,0,192851.7,29.99,2008,11,10.99,11.86
120140,Active,363525,NA,NA,S,0,0,588603.6913,57,2005,31,4,51.85
120141,Active,544014,NA,NA,S,2,1,119067.4288,253,2014,61,23.55,97.86
120142,Active,284208,NA,NA,S,0,0,678239.4188,47,2000,17,11.98,47
120143,Active,174992,NA,NA,S,1,0,642362.0025,69.99,2010,28,17.1,50.99
120144,Active,543831,NA,NA,S,2,1,434806.6063,190.95,2012,53,7.04,123.1
120145,Active,687255,NA,NA,S,0,0,21162.3825,28,2013,26,17.74,23.33
120146,Active,335913,NA,NA,S,1,0,386756.1988,99,1995,21,4,78.81
120147,Active,347516,NA,NA,S,1,0,652852.6625,74.99,2007,24,15.54,49.97
120148,Active,1942340,NA,NA,S,0,0,279404.8275,114.95,2014,26,19.19,21.85
120149,Active,277445,NA,NA,S,0,0,356822.6213,44.95,2014,20,39.34,34.99
120150,Active,544682,NA,NA,S,14,1,695316.2913,154.95,2013,23,8.09,171.47
120151,Active,1697628,NA,NA,S,0,0,205002.525,34.95,2013,20,26.91,30.64
120152,Active,277954,NA,NA,S,3,1,593368.375,183.95,2001,21,4.39,0
120153,Active,3472268,NA,NA,S,0,0,352312.7,79.79,2007,30,6.61,45.98
120154,Active,909187,NA,NA,S,3,1,128477.325,48,2013,25,18.25,43.89
120155,Active,2170073,NA,NA,S,1,0,136889.6,24.99,2014,12,26.93,24.38
120156,Active,116879,NA,NA,S,3,1,510811.9688,36,2004,40,4.99,28.72
120157,Active,249861,NA,NA,S,1,0,762514.6725,308.95,2007,28,5.14,103.99
120158,Active,312945,NA,NA,S,1,0,651323.7175,48.6,2001,26,4.05,7.49
120159,Active,243837,NA,NA,S,6,1,314148.6538,235.95,2011,36,42.26,90.94
120160,Active,2931159,NA,NA,S,0,0,241384.225,34.96,2014,10,35.58,34.95
120161,Active,254291,NA,NA,S,1,0,140772.8763,79.95,2011,29,43.86,57.89
120162,Active,861451,NA,NA,S,4,1,101367.2638,80.8,2013,40,43.98,60.68
120163,Active,107280,NA,NA,S,1,0,75538.825,194.25,2000,47,22.99,78.11
120164,Active,165558,NA,NA,S,1,0,94389.425,90.37,2008,50,12.08,61.39
120165,Active,302370,NA,NA,S,1,0,595402.1275,75,1998,28,4,9.99
120166,Active,3711039,NA,NA,S,7,1,104555.5,83.95,2015,26,53.7,60.72
120167,Active,670069,NA,NA,S,6,1,630226.6938,105.95,2012,35,6.7,108.39
120168,Active,1976350,NA,NA,S,1,0,60964.6,28.95,2013,9,20.94,28.95
120169,Active,177775,NA,NA,S,1,0,537427.4813,202.95,2002,33,5.16,65.38
120170,Active,231783,NA,NA,S,3,1,656896.155,40.5,2005,34,16.23,32.99
120171,Active,3272643,NA,NA,S,5,1,688446.2663,23.77,1999,39,7.71,56.55
120172,Active,164983,NA,NA,S,3,1,145714.05,261.25,2002,47,54.34,54.51
120173,Active,541985,NA,NA,S,0,0,53367.475,24.95,2011,13,16.98,16.51
120174,Active,1479381,NA,NA,S,1,0,249156.2,62.95,2012,21,16.29,59.83
120175,Active,361401,NA,NA,S,7,1,610332.3188,83.98,2000,25,6.39,73.83
120176,Active,2253379,NA,NA,S,13,1,859273.0388,79.66,2011,39,10.16,64.59
120177,Active,905382,NA,NA,S,6,1,244449.1275,201.4,2013,29,47.41,155.99
120178,Active,1891312,NA,NA,S,0,0,122838.575,34.99,2014,17,21.78,23.31
120179,Active,321071,NA,NA,S,1,0,97057.45,44.95,2011,17,26.49,33.99
120180,Active,392035,NA,NA,S,2,1,159340.75,39.95,2008,27,22.24,32.49
120181,Active,2363597,NA,NA,S,5,1,58711.39125,99.95,2015,28,54.17,60.98
120182,Active,265164,NA,NA,S,1,0,138836.375,61,2010,21,23.94,44.65
120183,Active,716394,NA,NA,S,6,1,474608.2863,101.5,2012,12,43.88,72.83
120184,Active,116103,NA,NA,S,0,0,115765.225,109.4,2005,39,7.87,72.67
120185,Active,536945,NA,NA,S,6,1,30928.53875,212,2012,61,27.23,68.99
120186,Active,325173,NA,NA,S,1,0,27457.075,71,2000,38,23.98,42.86
120187,Active,299618,NA,NA,S,0,0,84630.025,59.5,2011,12,47.6,59.5
120188,Active,895344,NA,NA,S,16,1,370020.1088,54.18,2012,22,23.99,37.34
120189,Active,910930,NA,NA,S,5,1,125732.495,89.94,2013,22,27.28,106.23
120190,Active,339802,NA,NA,S,1,0,68779.575,115.5,2011,20,56.11,62.42
120191,Active,421328,NA,NA,S,7,1,73597.7275,186.2,2005,72,8.97,61.68
120192,Active,633878,NA,NA,S,0,0,71582.25,91.95,2012,24,56.94,61.37
120193,Active,1869373,NA,NA,S,1,0,165531.875,49.95,2015,13,43.84,40.28
120194,Active,199232,NA,NA,S,0,0,325812.1413,84,2003,33,6.53,21.99
120195,Active,869390,NA,NA,S,2,1,114876.2475,41.95,2015,31,24.72,31.51
120196,Active,641976,NA,NA,S,6,1,41966.54875,193.95,2013,49,21.43,71.19
120197,Active,248946,NA,NA,S,1,0,240027.95,54.95,2007,21,9.97,46.26
120198,Active,1575463,NA,NA,S,1,0,51774.05,48.75,2015,20,29.11,30.19
120199,Active,529025,NA,NA,S,5,1,427630.6488,47.95,2014,40,13.91,48.65
120200,Active,117500,NA,NA,S,6,1,133875.175,143,2003,46,28.99,87.51
120201,Active,135478,NA,NA,S,1,0,499804.2325,52.95,2002,44,3.85,39.16
120202,Active,109518,NA,NA,S,4,1,154073.3238,74.54,2010,35,43.74,177.15
120203,Active,546420,NA,NA,S,2,1,65988.03125,34.95,2013,42,11.53,30.27
120204,Active,308789,NA,NA,S,1,0,158562.5963,73.1,2004,37,34.35,102.99
120205,Active,130015,NA,NA,S,5,1,77987.05625,207.6,2001,72,23.93,72.7
120206,Active,50425,NA,NA,S,14,1,17465.61875,195.95,2010,80,30.34,87.73
120207,Active,1741878,NA,NA,S,2,1,299912.5613,24.95,2014,9,25.5,24.43
120208,Active,895484,NA,NA,S,5,1,23158.02875,79.67,2013,21,4.99,40.07
120209,Active,916910,NA,NA,S,0,0,284909.8788,177.09,2010,40,4,29.99
120210,Active,538685,NA,NA,S,6,1,104044.6025,363.75,2012,34,16.77,133.96
120211,Active,108578,NA,NA,S,2,1,748652.4013,202.75,2004,64,4.58,35.65
120212,Active,368157,NA,NA,S,1,0,38403.825,39.95,2007,24,28.7,28.32
120213,Active,862121,NA,NA,S,8,1,9576.71375,201.25,2014,92,29.7,82.99
120214,Active,867746,NA,NA,S,7,1,17579.2625,89.95,2014,75,34.88,70.98
120215,Active,864670,NA,NA,S,3,1,50641.9125,78.4,2014,42,43.44,72.13
120216,Active,529006,NA,NA,S,6,1,866035.9938,104.95,2007,23,4.76,33.99
120217,Active,544521,NA,NA,S,3,1,208992.43,111.95,2014,29,40.68,50.2
120218,Active,408886,NA,NA,S,0,0,104713.55,34.95,2011,20,23.5,30.99
120219,Active,310050,NA,NA,S,0,0,410650.2675,76.52,2010,28,7.73,45.79
120220,Active,2618704,NA,NA,S,2,1,731532.565,69.95,1993,37,4,37.72
120221,Active,299714,NA,NA,S,3,1,102568.2413,35.95,2008,22,20.49,31.95
120222,Active,392933,NA,NA,S,2,1,201488.025,39.99,2008,13,32.23,36.49
120223,Active,2583034,NA,NA,S,2,1,459992.325,28.95,1987,63,9.53,12.57
120224,Active,289424,NA,NA,S,2,1,112166.4188,201.5,2007,58,10.18,28.98
120225,Active,543895,NA,NA,S,5,1,89808.69625,298.75,2012,63,36.25,83.74
120226,Active,2312498,NA,NA,S,3,1,302715.0538,77.75,1987,55,4,32.98
120227,Active,635024,NA,NA,S,1,0,308274.145,41.95,2010,30,29.52,29.02
120228,Active,236374,NA,NA,S,0,0,66742.4725,16.95,1997,23,42.66,39.94
120229,Active,290113,NA,NA,S,8,1,61668.2025,265.5,2007,79,16.43,44.27
120230,Active,2769265,NA,NA,S,2,1,188702.7313,34,1987,66,6.1,21.45
120231,Active,535004,NA,NA,S,14,1,17920.8975,194.95,2013,87,52.98,109.67
120232,Active,1570000,NA,NA,S,2,1,826142.7388,102.95,2014,19,14.04,55.99
120233,Active,2087361,NA,NA,S,0,0,147785.25,60,2014,4,50.32,50.49
120234,Active,870516,NA,NA,S,2,1,544702.045,60.95,1991,24,6.56,33.99
120235,Active,291207,NA,NA,S,1,0,831211.9963,99.99,2004,27,4.49,50.99
120236,Active,314739,NA,NA,S,3,1,167099.7088,181,2004,43,26.09,194.99
120237,Active,170031,NA,NA,S,2,1,140025.6775,153.95,2010,46,11.96,58.99
120238,Active,322716,NA,NA,S,1,0,148648.7,119.6,2009,60,4.88,21.99
120239,Active,697485,NA,NA,S,0,0,454764,25.58,1900,23,9.43,0
120240,Active,312179,NA,NA,S,7,1,357869.4463,83.95,2000,39,4.49,28.99
120241,Active,1761741,NA,NA,S,0,0,19405.25,38.5,2014,13,39.08,36.31
120242,Active,162104,NA,NA,S,3,1,331237.2125,205.75,2008,39,5.91,53.99
120243,Active,184034,NA,NA,S,4,1,621495.0138,217.95,2004,22,9.11,73.43
120244,Active,2530617,NA,NA,S,1,0,558196.3163,47.95,1995,25,5.78,44.23
120245,Active,765667,NA,NA,S,10,1,337145.4663,21.99,2004,26,8.76,18.99
120246,Active,593911,NA,NA,S,1,0,196691.15,29.99,2011,8,17.94,19.39
120247,Active,199178,NA,NA,S,2,1,446961.1325,63.95,2003,43,4,20.44
120248,Active,1718419,NA,NA,S,1,0,118863.675,80,2014,26,50.17,55.3
120249,Active,199493,NA,NA,S,0,0,748140.8638,84,2001,27,9.34,35.18
120250,Active,3951285,NA,NA,S,2,1,85460.2,0,2015,21,18.74,16.67
120251,Active,924420,NA,NA,S,6,1,22364.61375,81.95,2015,36,48.79,51.44
120252,Active,233212,NA,NA,S,0,0,43928.475,29.95,2009,26,24.76,29.95
120253,Active,113743,NA,NA,S,1,0,171687.975,147.6,2000,34,27.94,35.82
120254,Active,132000,NA,NA,S,9,1,256246.605,150.95,2005,46,4,51.73
120255,Active,250618,NA,NA,S,0,0,96289.95,109.95,2009,25,31.44,63.54
120256,Active,563726,NA,NA,S,0,0,355427.355,68.5,1982,25,23.94,45.79
120257,Active,2268641,NA,NA,S,2,1,565127.8,30.62,2007,7,23.14,70.52
120258,Active,1447007,NA,NA,S,1,0,168553.525,59.95,2015,24,43.95,42.73
120259,Active,582969,NA,NA,S,4,1,18330.18875,222.95,2012,77,20.34,37.3
120260,Active,862123,NA,NA,S,2,1,47221.9875,83.95,2014,58,35.34,44.93
120261,Active,3513247,NA,NA,S,10,1,668,62.5,2016,40,39.98,37.99
120262,Active,2168051,NA,NA,S,1,0,102485.125,33.2,2012,23,18.28,56.98
120263,Active,876990,NA,NA,S,0,0,564369.7313,103,2013,13,13.53,70.89
120264,Active,1748295,NA,NA,S,3,1,226268.3763,71.48,2012,14,7.37,0
120265,Active,1748296,NA,NA,S,4,1,213901.9,0,2014,22,27.88,103.98
120266,Active,3462191,NA,NA,S,11,1,98281.5575,100.75,2015,34,39.94,82.53
120267,Active,259292,NA,NA,S,3,1,89875.7625,191.95,1999,64,18.29,59.98
120268,Active,375668,NA,NA,S,4,1,839170.885,75.08,2011,40,4.78,18.18
120269,Active,50489,NA,NA,S,7,1,8712.48125,207.6,2009,102,19.45,93.99
120270,Active,399499,NA,NA,S,0,0,164734.45,34.95,2007,19,7.89,17.98
120271,Active,901000,NA,NA,S,0,0,795362.1575,59.99,2010,13,7.99,52.97
120272,Active,177201,NA,NA,S,2,1,518783.2563,118.95,2004,57,5.39,69.25
120273,Active,339060,NA,NA,S,1,0,646307.6738,62,2005,27,13.16,40.5
120274,Active,2595379,NA,NA,S,1,0,574835.9075,79.99,1989,33,10.6,39.76
120275,Active,892638,NA,NA,S,0,0,160858.4975,24.95,2013,15,15.76,16.97
120276,Active,650764,NA,NA,S,1,0,178237.575,51.95,2012,19,36.86,36.86
120277,Active,1731547,NA,NA,S,2,1,103270.4,20.99,2007,17,15.24,17.09
120278,Active,227069,NA,NA,S,0,0,71762.0425,16.95,2001,58,4.85,0
120279,Active,539290,NA,NA,S,5,1,24602.53875,206,2013,106,36.03,50.34
120280,Active,194200,NA,NA,S,0,0,69100.725,64,2011,39,28.22,32.26
120281,Active,908000,NA,NA,S,8,1,515303.2513,75,2010,32,19.84,74.27
120282,Active,310039,NA,NA,S,1,0,305216.8925,74.5,2008,26,15.63,19.28
120283,Active,245117,NA,NA,S,2,1,271735.3413,305.95,2004,41,9.28,39.16
120284,Active,136606,NA,NA,S,0,0,160255.775,104,2004,18,51.97,69.2
120285,Active,567303,NA,NA,S,2,1,140083.125,24.95,2012,17,7.92,17.58
120286,Active,909027,NA,NA,S,10,1,30937.1375,215.5,2014,54,53.68,77.35
120287,Active,628527,NA,NA,S,1,0,238840.7075,69.95,2013,18,5.29,38.02
120288,Active,2066060,NA,NA,S,0,0,650593.6025,4.47,2010,15,7.02,4.47
120289,Active,100618,NA,NA,S,1,0,146947.8238,165.6,1995,34,17.99,116.28
120290,Active,347048,NA,NA,S,1,0,404050.9588,69.99,1995,24,5.86,56.27
120291,Active,252600,NA,NA,S,6,1,144926.1125,125.17,2007,64,4,49.14
120292,Active,3749254,NA,NA,S,8,1,109960.175,176.5,2014,35,50.19,158.46
120293,Active,252814,NA,NA,S,7,1,407589.3613,167.67,2010,53,4.99,73.87
120294,Active,369031,NA,NA,S,0,0,121366.75,29.95,2007,20,21.98,22.43
120295,Active,1619758,NA,NA,S,3,1,56280.825,39,2013,13,38.94,38.57
120296,Active,289760,NA,NA,S,1,0,137324.05,34.95,2008,25,11.77,28.89
120297,Active,911003,NA,NA,S,2,1,104093.55,35,2012,12,21.64,24.65
120298,Active,2621933,NA,NA,S,0,0,516129.2588,40.95,1996,19,6.18,75.51
120299,Active,2226246,NA,NA,S,3,1,70428.09375,20.01,2014,14,14.69,16.97
120300,Active,556675,NA,NA,S,0,0,165057.2363,69,1991,30,12.04,43.14
120301,Active,178414,NA,NA,S,0,0,555763.9,63.4,1900,30,8.92,70.75
120302,Active,390347,NA,NA,S,0,0,115869.525,32.95,2007,43,7.69,16.95
120303,Active,1939115,NA,NA,S,1,0,114666.375,22,2014,8,19.2,18.74
120304,Active,245073,NA,NA,S,1,0,799085.3063,108.95,2008,26,8.99,59.31
120305,Active,367552,NA,NA,S,0,0,550287.8175,79.95,2003,22,4,45.4
120306,Active,715864,NA,NA,S,1,0,582315.03,105,2008,32,12.68,73.98
120307,Active,208132,NA,NA,S,0,0,833752.3088,65,2011,27,5.83,13.91
120308,Active,603518,NA,NA,S,0,0,167914.925,73.99,2012,25,32.98,75.48
120309,Active,864673,NA,NA,S,3,1,99488.15625,247,2014,50,53.98,111.23
120310,Active,670739,NA,NA,S,0,0,574090.58,32,2008,1,23.19,0
120311,Active,862127,NA,NA,S,5,1,390059.6925,277.95,2014,37,19.49,118.84
120312,Active,528911,NA,NA,S,3,1,136390.0125,216.8,2012,69,15.75,59.79
120313,Active,544274,NA,NA,S,6,1,127013.325,308.95,2013,33,17.31,60.03
120314,Active,864675,NA,NA,S,5,1,37974.115,233.4,2014,65,41.24,118.98
120315,Active,540792,NA,NA,S,5,1,45489.84125,233.4,2013,84,48.25,58.68
120316,Active,3234949,NA,NA,S,5,1,590067.3163,88.9,2004,62,7.97,31.38
120317,Active,607523,NA,NA,S,9,1,334625.515,115,1999,50,4.64,31.94
120318,Active,285959,NA,NA,S,6,1,726579.5225,199.6,2004,44,10.89,548.85
120319,Active,115927,NA,NA,S,6,1,616329.4175,138.8,2004,30,6.05,130.2
120320,Active,914263,NA,NA,S,4,1,498766.3913,150,2014,31,19.94,28.44
120321,Active,2226244,NA,NA,S,5,1,25308.3625,26.16,2014,21,21.76,22.87
120322,Active,117274,NA,NA,S,7,1,550813.7963,146,2005,27,15.87,103.2
120323,Active,893101,NA,NA,S,5,1,142639.525,28.95,2015,13,25.2,22.17
120324,Active,545702,NA,NA,S,3,1,55983.61375,89.99,2013,52,27.24,44.79
120325,Active,243977,NA,NA,S,8,1,77064.80375,184.95,2011,45,28.99,149.14
120326,Active,3196843,NA,NA,S,1,0,581833.855,33.49,1988,5,33.46,33.52
120327,Active,2141009,NA,NA,S,0,0,138923.325,90.49,2010,20,12,142.41
120328,Active,682273,NA,NA,S,2,1,626548.6688,26,1997,33,4,54.27
120329,Active,653569,NA,NA,S,1,0,89998.375,61.25,2006,17,23.43,43.99
120330,Active,1957145,NA,NA,S,1,0,204569.85,124.95,2014,22,35.74,126.79
120331,Active,656205,NA,NA,S,1,0,357281.2163,78.95,2012,43,19.74,20.94
120332,Active,3143365,NA,NA,S,1,0,25279.825,0,2014,11,31.82,33.5
120333,Active,874167,NA,NA,S,8,1,301332.4563,73.01,2012,20,28.93,112.55
120334,Active,566724,NA,NA,S,4,1,40425.36125,258.5,1990,106,13.36,73.94
120335,Active,272480,NA,NA,S,0,0,722563.8463,67,2010,29,17.24,27.28
120336,Active,176495,NA,NA,S,4,1,416408.4038,217.95,1996,46,13.9,133.94
120337,Active,525589,NA,NA,S,6,1,110260.8075,266.95,2012,67,54.99,74.71
120338,Active,119202,NA,NA,S,0,0,576449.7925,131,1998,26,35.82,128.99
120339,Active,680404,NA,NA,S,1,0,62080.7,28.95,2013,37,9.99,10.97
120340,Active,2015877,NA,NA,S,0,0,94980.625,27.95,2009,11,16.89,20.68
120341,Active,556167,NA,NA,S,1,0,514212.0025,70,2009,24,10.07,51.56
120342,Active,2048206,NA,NA,S,1,0,117411.025,22.95,2010,15,13.74,16.37
120343,Active,1697246,NA,NA,S,0,0,7408.1,25,2014,31,10.68,14.04
120344,Active,1760660,NA,NA,S,0,0,14027.525,34.95,2013,17,31.96,31.44
120345,Active,2002408,NA,NA,S,3,1,93312.225,25.01,2015,6,21.72,21.72
120346,Active,2451931,NA,NA,S,0,0,484507.75,65,1995,28,4.71,48.56
120347,Active,687245,NA,NA,S,0,0,69486.05,26.99,2013,56,8.67,8.67
120348,Active,685785,NA,NA,S,1,0,680256.6613,29.99,2007,31,16.55,26.4
120349,Active,296824,NA,NA,S,4,1,403476.7438,27.95,2007,30,9.97,23.98
120350,Active,2667508,NA,NA,S,0,0,438689.1238,43.95,2001,22,4.92,32.33
120351,Active,1626047,NA,NA,S,0,0,86851.225,35,2014,18,20.08,25.1
120352,Active,746543,NA,NA,S,0,0,138765.3,28.95,2012,47,4,6.39
120353,Active,686996,NA,NA,S,5,1,606611.47,24.99,2008,26,20.48,151.03
120354,Active,528886,NA,NA,S,3,1,107429.33,181.95,2012,58,40.86,130.99
120355,Active,805807,NA,NA,S,0,0,50697.05,22.95,2007,21,15.57,20.1
120356,Active,654908,NA,NA,S,1,0,76141.275,69.95,2001,14,49.98,67.42
120357,Active,555804,NA,NA,S,1,0,92699.7,44.95,2012,25,26.46,41.98
120358,Active,618926,NA,NA,S,3,1,99236.02625,203.5,2012,87,37.41,113.38
120359,Active,130889,NA,NA,S,2,1,76526.515,208.4,1999,117,13.49,26.95
120360,Active,528884,NA,NA,S,2,1,560253.5338,97.95,2004,26,4.3,51.98
120361,Active,2252592,NA,NA,S,4,1,166700.025,0,2009,8,10.14,10.14
120362,Active,705930,NA,NA,S,1,0,599293.7863,186.5,2013,22,12.13,0
120363,Active,169301,NA,NA,S,1,0,729865.9638,169.95,2005,22,4.98,57.59
120364,Active,716452,NA,NA,S,1,0,599811.235,165.79,2007,27,4,76.69
120365,Active,619391,NA,NA,S,1,0,108226.275,91.4,2007,18,21.03,63.66
120366,Active,795280,NA,NA,S,2,1,859430.565,92.95,2010,15,4.12,68.94
120367,Active,613976,NA,NA,S,0,0,150251.4,29.25,2007,66,3.98,7.19
120368,Active,684113,NA,NA,S,2,1,140992.65,27.95,2013,18,14.89,19.98
120369,Active,680286,NA,NA,S,1,0,24814.95,24.95,2008,56,13.99,18.19
120370,Active,3474515,NA,NA,S,2,1,259448.55,49.99,2015,30,38.98,36.75
120371,Active,528881,NA,NA,S,7,1,62999.9325,19.95,2012,24,11.49,14.4
120372,Active,823886,NA,NA,S,0,0,166017.725,29.95,2010,13,28.45,29.95
120373,Active,528878,NA,NA,S,7,1,754353.0663,24.99,2010,59,4,14.92
120374,Active,701468,NA,NA,S,1,0,147367.8,33,2008,27,11.18,19.65
120375,Active,1778085,NA,NA,S,1,0,241740.45,24.95,2012,30,11.45,17.31
120376,Active,662936,NA,NA,S,1,0,109868.35,43,2008,13,38.89,40.85
120377,Active,106631,NA,NA,S,1,0,118652.65,52,2008,22,20.24,28.98
120378,Active,1779606,NA,NA,S,1,0,28643.275,26.99,2014,16,18.35,18.13
120379,Active,161514,NA,NA,S,1,0,118459.725,120,2006,28,48.97,58.94
120380,Active,543921,NA,NA,S,3,1,24084.41375,95,2012,84,43.32,49.97
120381,Active,535259,NA,NA,S,11,1,72411.46875,374.95,2013,39,38.87,98.99
120382,Active,535738,NA,NA,S,12,1,57779.96875,181.32,2012,44,21.48,115.99
120383,Active,148263,NA,NA,S,7,1,436084.7338,302.95,2005,27,4,4.99
120384,Active,876621,NA,NA,S,10,1,219312.8063,51.25,2013,16,13.2,40
120385,Active,3800116,NA,NA,S,0,0,147844.7,64.99,2011,41,40.63,39.67
120386,Active,3800126,NA,NA,S,0,0,56036.875,64.99,2013,15,43.19,43.74
120387,Active,1729615,NA,NA,S,1,0,69475.5,21.95,2013,30,13.17,13.32
120388,Active,153197,NA,NA,S,1,0,185585.575,26.95,2009,43,4.41,11.73
120389,Active,3794762,NA,NA,S,1,0,193848.9,24.95,2011,12,16.39,21.25
120390,Active,746923,NA,NA,S,1,0,80632.3,25.95,2012,29,11.48,18.12
120391,Active,1625841,NA,NA,S,0,0,89262.9,29.95,2011,20,10.08,26.76
120392,Active,521269,NA,NA,S,0,0,36306.2,46.99,2011,17,32.99,32.3
120393,Active,222145,NA,NA,S,0,0,61970.425,29.99,2007,22,19.24,21.41
120394,Active,617518,NA,NA,S,1,0,464313.3813,60.96,2006,21,10.61,0
120395,Active,873535,NA,NA,S,7,1,58619.625,132.95,2014,44,51.95,66.96
120396,Active,1702617,NA,NA,S,0,0,201392.7,29.95,2014,8,26.41,23.94
120397,Active,1956599,NA,NA,S,2,1,23149.775,133.5,2014,30,71.24,102.34
120398,Active,483251,NA,NA,S,0,0,51126.075,38.99,2010,17,27.45,28.88
120399,Active,3483934,NA,NA,S,2,1,21299.85,84.95,2015,75,51.99,68.99
120400,Active,262628,NA,NA,S,2,1,781845.13,21.95,2002,58,4,15.93
120401,Active,620795,NA,NA,S,4,1,7246.1,21.95,2009,21,21.93,21.95
120402,Active,663779,NA,NA,S,1,0,732076.1725,54.99,2013,35,5.52,10.86
120403,Active,3758251,NA,NA,S,1,0,85166.9,49.99,2015,27,22.74,28.99
120404,Active,3758250,NA,NA,S,1,0,94569,44.99,2016,21,21.98,26.78
120405,Active,1780680,NA,NA,S,1,0,85786.32125,34.99,2014,21,17.95,22.42
120406,Active,686726,NA,NA,S,0,0,41453,24.95,2012,18,18.22,18.77
120407,Active,3572332,NA,NA,S,5,1,684814.3,24.99,2015,19,15.97,17.73
120408,Active,898636,NA,NA,S,7,1,197096.5488,24.99,2014,16,4,13.81
120409,Active,3634819,NA,NA,S,8,1,10534.2,24.99,2015,15,16.99,17.2
120410,Active,903714,NA,NA,S,3,1,84364.35375,24.99,2015,23,9.91,13.97
120411,Active,867791,NA,NA,S,7,1,23329.45,24.99,2014,21,12.54,17.58
120412,Active,2235897,NA,NA,S,3,1,428554.7875,22.95,2012,55,4,55.29
120413,Active,1778655,NA,NA,S,2,1,193878.3525,24.99,2012,31,10.81,43.89
120414,Active,640002,NA,NA,S,1,0,219566.3,69.95,2011,20,44.08,47.4
120415,Active,866610,NA,NA,S,5,1,189288.7225,24.99,2011,131,4,9.86
120416,Active,3634818,NA,NA,S,9,1,7964.925,24.99,2015,16,18.01,13.25
120417,Active,1437201,NA,NA,S,1,0,155034.775,22,2012,25,3.98,6.45
120418,Active,684233,NA,NA,S,1,0,170108.675,29.99,2011,25,5.17,8.65
120419,Active,1569909,NA,NA,S,1,0,72886.425,21.99,2010,26,4,8.46
120420,Active,3634875,NA,NA,S,3,1,67740.15,25,2015,16,13.48,17.53
120421,Active,686663,NA,NA,S,1,0,200600.95,24.99,2012,23,4.37,8.99
120422,Active,1777800,NA,NA,S,3,1,605801.8813,24.99,2011,56,4,5.94
120423,Active,913692,NA,NA,S,2,1,122004.8888,79.95,2015,40,18.84,66.33
120424,Active,3812945,NA,NA,S,4,1,68707.5,26.99,2014,20,17.1,19.79
120425,Active,1629669,NA,NA,S,0,0,102326.825,34.95,2014,12,25.32,26.09
120426,Active,1815207,NA,NA,S,0,0,50671.275,35,2014,14,21.47,13.98
120427,Active,3798025,NA,NA,S,0,0,119239.875,60,2013,28,29.64,37.61
120428,Active,645258,NA,NA,S,0,0,706099.4,41.95,1996,25,16.87,36.8
120429,Active,3132848,NA,NA,S,2,1,75811.6025,14.95,2004,33,8.35,11.99
120430,Active,637787,NA,NA,S,0,0,68333.125,35,2012,30,14.04,22.04
120431,Active,2443344,NA,NA,S,0,0,91032.40625,18.99,2002,59,8.65,13.55
120432,Active,1532497,NA,NA,S,1,0,74459.675,35,2012,70,6.49,7.97
120433,Active,3570022,NA,NA,S,1,0,106617.85,39.99,2015,13,20.43,23.92
120434,Active,683955,NA,NA,S,1,0,17845.625,27.5,2009,29,17.3,17.31
120435,Active,3829243,NA,NA,S,1,0,667476.2,26.95,2012,57,27.53,63.75
120436,Active,3569799,NA,NA,S,0,0,97689.625,24.99,2007,44,13.26,14.93
120437,Active,2023193,NA,NA,S,2,1,327454.6025,14.99,2006,32,4.66,11.98
120438,Active,2527878,NA,NA,S,1,0,670042.185,45.95,1994,33,11.25,42.36
120439,Active,1698011,NA,NA,S,0,0,134485.275,24.95,2014,17,19.54,19.71
120440,Active,577879,NA,NA,S,2,1,444940.91,440,1991,28,5.92,84.77
120441,Active,3960225,NA,NA,S,0,0,41809.95,45,2015,18,23.47,31.88
120442,Active,1576252,NA,NA,S,1,0,96463.625,46.95,2009,10,31.61,31.61
120443,Active,295171,NA,NA,S,0,0,12352.395,32.95,2011,34,25.39,28.48
120444,Active,3514619,NA,NA,S,1,0,115995.65,26.95,2015,32,7.27,12.45
120445,Active,2152962,NA,NA,S,1,0,12107.35,29.95,2014,15,20.53,26.96
120446,Active,1709624,NA,NA,S,0,0,608806.8038,25,2012,16,23.94,25
120447,Active,679603,NA,NA,S,0,0,74454.75,29.99,2009,15,18.77,21.27
120448,Active,673734,NA,NA,S,0,0,273067.85,24.95,2013,11,20.77,0
120449,Active,663191,NA,NA,S,0,0,2110.95,30,2013,24,19,19.13
120450,Active,735258,NA,NA,S,1,0,115018.425,34.99,2010,25,7.95,9.47
120451,Active,2650979,NA,NA,S,1,0,106360.225,75,2000,22,33.95,37.29
120452,Active,3804012,NA,NA,S,0,0,55510.55,48.99,2013,13,33.98,33.98
120453,Active,2104956,NA,NA,S,0,0,81748.4,48.99,2013,17,23.98,29.56
120454,Active,2104957,NA,NA,S,0,0,59181.175,48.99,2013,12,33.98,33.98
120455,Active,2017600,NA,NA,S,0,0,63898.325,22.95,2013,9,20.9,18.77
120456,Active,615696,NA,NA,S,1,0,652787.9663,41.95,1996,44,4,9.5
120457,Active,2406601,NA,NA,S,1,0,660033.8763,74,1993,47,5.59,22.97
120458,Active,145393,NA,NA,S,1,0,413995.5375,78.95,2010,41,18.09,0
120459,Active,1449259,NA,NA,S,1,0,166432.025,21.99,2008,26,12.85,71.33
120460,Active,639967,NA,NA,S,1,0,132750.425,35.95,2011,18,27.06,25.98
120461,Active,751626,NA,NA,S,1,0,168648.025,26.99,2012,26,9.5,6.98
120462,Active,217126,NA,NA,S,1,0,123552.3,45,2010,27,26.98,34.48
120463,Active,2608735,NA,NA,S,0,0,567992.57,34.99,2002,27,17.08,31.94
120464,Active,2592820,NA,NA,S,0,0,533785.35,54.99,1976,32,8.22,39.97
120465,Active,2884880,NA,NA,S,0,0,560871.1275,34.95,1999,39,18.98,22.76
120466,Active,1590148,NA,NA,S,1,0,109145.05,39.99,2012,30,27.42,31.97
120467,Active,735544,NA,NA,S,1,0,158838.825,25.99,2013,30,4,9.98
120468,Active,1430996,NA,NA,S,0,0,16646.01125,15.99,2009,48,8.5,9.27
120469,Active,3494233,NA,NA,S,2,1,236069.275,30,2014,19,20.82,20.82
120470,Active,1814966,NA,NA,S,0,0,100857.425,24.99,2014,27,4,6.47
120471,Active,3574911,NA,NA,S,0,0,132477.75,24.95,2008,24,11.98,17.89
120472,Active,2395401,NA,NA,S,0,0,340634.3275,6.99,2001,153,3.9,6.68
120473,Active,258901,NA,NA,S,0,0,15586.75,24.95,2007,20,16.48,19.96
120474,Active,2075753,NA,NA,S,1,0,76002.625,26.95,2015,9,8.47,19.48
120475,Active,859706,NA,NA,S,0,0,138038.35,26.95,2008,14,30.88,166.27
120476,Active,2226076,NA,NA,S,3,1,315752.8313,36.54,2012,11,34.46,35.04
120477,Active,1751234,NA,NA,S,0,0,775583.9088,29.95,2009,13,38.6,29.95
120478,Active,542706,NA,NA,S,3,1,72716.375,22.95,2012,25,18.6,18.49
120479,Active,2087455,NA,NA,S,0,0,70618.5,29.95,2014,12,16.76,21.54
120480,Active,1494064,NA,NA,S,0,0,186318.525,38,2012,28,10.07,18.88
120481,Active,229898,NA,NA,S,2,1,87283.45,40,2007,16,20.44,34.98
120482,Active,175790,NA,NA,S,1,0,681116.7988,49.99,2005,41,4,12.89
120483,Active,133463,NA,NA,S,3,1,28096.9975,133.73,2011,71,37.29,62.8
120484,Active,646871,NA,NA,S,2,1,673970.9238,51,2013,25,13.23,0
120485,Active,866734,NA,NA,S,7,1,22479.5775,220.25,2014,55,53.98,101.03
120486,Active,298323,NA,NA,S,2,1,352394.6663,55,2010,40,5.94,33.99
120487,Active,686344,NA,NA,S,3,1,161117.5138,26.95,2010,29,10.91,19.06
120488,Active,2108875,NA,NA,S,7,1,398386.6038,20.99,2013,38,4,43.28
120489,Active,1532296,NA,NA,S,0,0,86963.475,27.95,2014,17,17.94,19.39
120490,Active,663154,NA,NA,S,1,0,47842.15,30,2013,24,13.86,18.13
120491,Active,639744,NA,NA,S,1,0,599983.8388,30,2013,39,5.43,28.46
120492,Active,2049341,NA,NA,S,0,0,24860.675,24.99,2011,41,4.91,5.98
120493,Active,639886,NA,NA,S,1,0,62658.775,36.95,2012,18,26.77,26.69
120494,Active,615883,NA,NA,S,0,0,42961.875,32,2009,38,10.34,18.49
120495,Active,2105774,NA,NA,S,1,0,61.975,26.95,2014,38,15.53,15.72
120496,Active,1584413,NA,NA,S,0,0,69206.975,29.99,2010,22,21.73,29.44
120497,Active,683678,NA,NA,S,2,1,242722.875,24.95,2011,23,11.64,15.36
120498,Active,3621995,NA,NA,S,0,0,119751.25,24.99,2007,46,6.73,15.82
120499,Active,2077568,NA,NA,S,1,0,180346.15,24.99,2010,40,12.69,18.73
120500,Active,660808,NA,NA,S,1,0,19925.725,34.99,2013,17,22.88,22.66
120501,Active,902565,NA,NA,S,1,0,395394.8263,40,2008,17,25.59,28.98
120502,Active,528844,NA,NA,S,2,1,46173.95,24.99,2011,34,8.89,8.96
120503,Active,3610516,NA,NA,S,1,0,100532.375,60,2014,19,32.97,40.47
120504,Active,1908279,NA,NA,S,3,1,52433.5375,6.99,2012,22,4.99,6.99
120505,Active,545067,NA,NA,S,1,0,89704.875,32,2011,30,7.87,5.54
120506,Active,2020904,NA,NA,S,0,0,44292.225,35,2009,29,14.47,18.98
120507,Active,1671953,NA,NA,S,3,1,707975.74,14.99,2006,27,6.41,49.71
120508,Active,2013702,NA,NA,S,0,0,56923.45,24.77,2010,7,24.06,27.95
120509,Active,568080,NA,NA,S,2,1,281530.955,29.99,2002,89,4,12.16
120510,Active,756187,NA,NA,S,6,1,38827.025,21.99,2011,35,12.34,14.13
120511,Active,2107329,NA,NA,S,0,0,121122.85,48.99,2015,9,33.98,33.98
120512,Active,2107330,NA,NA,S,0,0,102352.3,48.99,2015,12,33.98,33.98
120513,Active,1781430,NA,NA,S,0,0,51834.95,34.99,2012,47,21.46,21.72
120514,Active,651246,NA,NA,S,2,1,233757.975,50.95,2005,19,42.74,55.24
120515,Active,1508892,NA,NA,S,1,0,5716.475,30,2015,64,13.6,15
120516,Active,177926,NA,NA,S,4,1,386154.8888,124.95,2011,56,11.49,26.98
120517,Active,2169127,NA,NA,S,0,0,68817.175,29.95,2014,59,16.45,18.36
120518,Active,1741663,NA,NA,S,0,0,167383.075,21.95,2008,7,17.99,21.95
120519,Active,2165169,NA,NA,S,2,1,95409.725,28.95,2012,9,21.22,22.97
120520,Active,1470898,NA,NA,S,1,0,216407.225,24.95,2014,25,11.99,9.88
120521,Active,864504,NA,NA,S,1,0,26872.95,25,2014,50,6.18,10.94
120522,Active,2157531,NA,NA,S,2,1,721793.5375,19.95,2007,26,5.71,73.45
120523,Active,1517707,NA,NA,S,1,0,121665.7,49.99,2015,19,28.75,31.33
120524,Active,805407,NA,NA,S,1,0,80452.875,25,2007,49,4.93,10.99
120525,Active,267468,NA,NA,S,0,0,39155.125,24.95,2011,47,10.68,17.25
120526,Active,2103074,NA,NA,S,0,0,83008.925,28,2014,23,17.36,17.41
120527,Active,2544658,NA,NA,S,0,0,85685.325,34.95,2015,9,28.89,26.92
120528,Active,751375,NA,NA,S,1,0,508548.5575,61.95,2009,21,19.84,45.51
120529,Active,1569709,NA,NA,S,1,0,85718.575,23.95,2010,50,7.78,8.98
120530,Active,649667,NA,NA,S,1,0,71441.3,39.95,2012,17,32.26,32.13
120531,Active,3566989,NA,NA,S,20,1,104828.55,22.99,2014,29,14.81,15.26
120532,Active,2046785,NA,NA,S,1,0,17010.825,29.95,2015,24,18.9,19.56
120533,Active,678020,NA,NA,S,10,1,2588.2,28,2012,47,8.97,10.98
120534,Active,683577,NA,NA,S,1,0,65572.4,24.99,2013,29,14.86,18.89
120535,Active,210953,NA,NA,S,1,0,234660.9625,26.95,2006,32,6.32,15.49
120536,Active,1777727,NA,NA,S,1,0,38242.5,24.99,2012,26,11.98,11.98
120537,Active,689068,NA,NA,S,0,0,10115.925,29.99,2013,23,18.31,18.31
120538,Active,2045092,NA,NA,S,0,0,67422.025,63.49,2006,25,11.94,40.91
120539,Active,172214,NA,NA,S,2,1,27144.9,34.95,2007,26,21.98,26.24
120540,Active,626224,NA,NA,S,0,0,126690.5,44.99,2011,24,13.77,21.46
120541,Active,639836,NA,NA,S,1,0,745215.2363,59.99,2012,28,7.85,7.88
120542,Active,1761172,NA,NA,S,1,0,76522.275,35,2015,7,33.21,23.95
120543,Active,1932654,NA,NA,S,1,0,93636.275,39.99,2014,29,24.37,25.83
120544,Active,746457,NA,NA,S,1,0,531783.7138,45,2006,111,4,13.78
120545,Active,1836169,NA,NA,S,0,0,29369.525,35,2010,20,18.85,24.76
120546,Active,2014110,NA,NA,S,0,0,18761.325,25,2012,16,19.38,17.33
120547,Active,3725987,NA,NA,S,0,0,47309.85,75,2015,15,45.96,43.55
120548,Active,2249959,NA,NA,S,4,1,285253.75,58.09,2006,30,12.57,49.07
120549,Active,3774531,NA,NA,S,11,1,208597.8,115,2015,12,50.04,88.87
120550,Active,1989908,NA,NA,S,1,0,100987.275,22.5,2013,7,23.56,21.69
120551,Active,2919608,NA,NA,S,6,1,65125.055,22.95,2015,16,14.99,12.89
120552,Active,685892,NA,NA,S,1,0,952.975,29.99,2013,56,16.97,17.01
120553,Active,2032016,NA,NA,S,1,0,21976.575,25.95,2009,11,18.89,18.06
120554,Active,2054213,NA,NA,S,1,0,41252.725,35,2007,31,23.95,24.46
120555,Active,796693,NA,NA,S,1,0,704322.2775,39.99,2011,23,51.87,147.83
120556,Active,796812,NA,NA,S,1,0,763078.2475,29.99,2012,27,71.98,77.29
120557,Active,652412,NA,NA,S,1,0,95471.425,23,2013,14,14.22,21.72
120558,Active,287590,NA,NA,S,1,0,210570.7,31.8,2009,27,3.4,27.22
120559,Active,3583352,NA,NA,S,1,0,62812.225,55,2010,31,23.98,35.95
120560,Active,3622556,NA,NA,S,0,0,516588.35,34.95,2009,65,37.55,109.91
120561,Active,1535282,NA,NA,S,0,0,211093.175,27.95,2009,37,4,11.75
120562,Active,2045920,NA,NA,S,0,0,80558.675,39.95,2012,17,26.47,28.08
120563,Active,747814,NA,NA,S,0,0,102700.625,22,2007,19,13.94,16.65
120564,Active,2829404,NA,NA,S,0,0,443913.6188,50,2001,59,7.41,49.73
120565,Active,2164513,NA,NA,S,0,0,83296.825,26.95,2014,49,6.47,15.93
120566,Active,564311,NA,NA,S,1,0,557536.6938,45.95,1990,63,5.49,35.31
120567,Active,769816,NA,NA,S,0,0,11616.25,32,2008,55,9.8,11.69
120568,Active,627927,NA,NA,S,0,0,9008.375,39.95,2012,27,21.6,22.83
120569,Active,3791539,NA,NA,S,1,0,134487.5,24.99,2009,62,7.02,15.1
120570,Active,1815234,NA,NA,S,0,0,93058.975,24.99,2014,18,13.48,17.68
120571,Active,1527373,NA,NA,S,0,0,127986.35,40,2015,21,23.3,25.89
120572,Active,2293599,NA,NA,S,2,1,3824.8,0,2015,0,0,5.48
120573,Active,2203811,NA,NA,S,1,0,50199.35,75,2013,15,49.48,50.94
120574,Active,916899,NA,NA,S,0,0,123459.675,29.95,2008,12,22.19,22.2
120575,Active,797108,NA,NA,S,0,0,66255.675,35,2013,35,7.97,11.56
120576,Active,797122,NA,NA,S,0,0,45270.975,35,2012,16,15.94,22.6
120577,Active,797109,NA,NA,S,1,0,21768.95,35,2011,47,12.58,21.46
120578,Active,1631825,NA,NA,S,0,0,95460.55,35,2010,25,6.98,24.16
120579,Active,797015,NA,NA,S,0,0,33441.25,24.99,2011,23,13.92,16.66
120580,Active,132590,NA,NA,S,1,0,164144.25,31.8,2011,21,10.99,27.64
120581,Active,746771,NA,NA,S,0,0,110501.075,28.95,2010,70,8.03,13.98
120582,Active,1588384,NA,NA,S,0,0,540854.0963,34.99,2006,48,5.97,33.29
120583,Active,1624994,NA,NA,S,1,0,126882.175,27.95,2013,24,9.92,9.97
120584,Active,129136,NA,NA,S,0,0,137691.365,7.95,2008,48,4,7.95
120585,Active,916062,NA,NA,S,0,0,18034.325,22,2009,31,13.38,15.01
120586,Active,2015561,NA,NA,S,0,0,27499.55,34.95,2011,23,23.76,24.84
120587,Active,2138422,NA,NA,S,0,0,212062.525,60,2009,12,12.99,12
120588,Active,3465643,NA,NA,S,4,1,503924.65,24.95,2005,38,4,45.83
120589,Active,736700,NA,NA,S,0,0,83411.4,26.97,2007,46,9.5,12.26
120590,Active,1571219,NA,NA,S,1,0,56690.075,14.95,2007,82,4.53,8.96
120591,Active,710463,NA,NA,S,6,1,803126.0575,77.77,2001,45,4.48,76.77
120592,Active,130739,NA,NA,S,8,1,408952.99,99.6,2011,41,5.38,90.31
120593,Active,563830,NA,NA,S,0,0,117474.7863,71,2002,44,10.19,52.19
120594,Active,2217789,NA,NA,S,0,0,494281.1925,34.95,2013,26,16.2,23.06
120595,Active,258131,NA,NA,S,0,0,161051.225,52.95,2005,27,23.37,41.61
120596,Active,865231,NA,NA,S,3,1,59504.6225,21.95,2014,33,11.99,12.99
120597,Active,614471,NA,NA,S,0,0,41751.30375,51,1987,63,12.23,24.69
120598,Active,2101515,NA,NA,S,0,0,20469.2,24.99,2014,11,17.04,17.79
120599,Active,2217786,NA,NA,S,0,0,95727.75,24.95,2014,29,12.09,17.87
120600,Active,2038746,NA,NA,S,0,0,117949.4913,22.95,2011,28,13.97,16.84
120601,Active,1932750,NA,NA,S,0,0,26418.65,40,2012,18,25.07,25.66
120602,Active,684844,NA,NA,S,3,1,43967.92625,29,2011,27,14.15,19.44
120603,Active,546262,NA,NA,S,3,1,123023.075,32,2012,16,23.32,23.22
120604,Active,684782,NA,NA,S,2,1,16006.75,24.99,2012,20,14.85,14.68
120605,Active,2217966,NA,NA,S,0,0,132910.425,29,2008,24,13.91,21.5
120606,Active,2014105,NA,NA,S,0,0,71438.725,28,2012,14,18.99,20.89
120607,Active,687156,NA,NA,S,5,1,2866.8,29.95,2014,24,21.69,23.85
120608,Active,1761177,NA,NA,S,1,0,42936.65,29.95,2013,17,21.54,26.93
120609,Active,1698098,NA,NA,S,0,0,63147.6,34.95,2007,63,22.59,23.36
120610,Active,2217698,NA,NA,S,0,0,157890.725,34.95,2008,32,17.66,21.98
120611,Active,2021322,NA,NA,S,0,0,17429.2,25,2009,24,14.13,16.03
120612,Active,2217770,NA,NA,S,0,0,87190.5,24.95,2014,20,14.35,17.28
120613,Active,528832,NA,NA,S,0,0,83036.625,24.95,2012,34,9.97,17.72
120614,Active,1756678,NA,NA,S,0,0,47861.825,44,2010,11,25.98,28.26
120615,Active,2217686,NA,NA,S,0,0,98988.05,26.95,2010,40,11.6,19
120616,Active,2136387,NA,NA,S,0,0,251036.25,45,2012,23,18.96,29.11
120617,Active,546264,NA,NA,S,0,0,40923.2,22,2012,15,12.98,16.86
120618,Active,690826,NA,NA,S,0,0,4507.95,27.5,2013,14,19.96,18
120619,Active,1715926,NA,NA,S,0,0,130445.475,24.95,2013,11,21.21,22.69
120620,Active,2095810,NA,NA,S,1,0,14785.3,49.99,2014,16,41.13,41.13
120621,Active,1932604,NA,NA,S,1,0,49632.775,39.99,2014,15,23.96,24.55
120622,Active,703230,NA,NA,S,5,1,662959.4513,49.99,2004,32,4,25.68
120623,Active,244339,NA,NA,S,2,1,52348.51375,154.25,2011,48,39.05,81.57
120624,Active,652225,NA,NA,S,3,1,30062.67,174.2,2013,40,33.98,107.99
120625,Active,607266,NA,NA,S,5,1,749706.29,95,2002,79,4.74,10.58
120626,Active,871811,NA,NA,S,3,1,563389.3163,456.21,2002,20,18.98,53.98
120627,Active,866219,NA,NA,S,2,1,612615.1225,44.95,1999,21,4,73.99
120628,Active,137193,NA,NA,S,2,1,549079.2775,25,2005,37,4,0
120629,Active,1779973,NA,NA,S,1,0,141563.625,39.99,2014,16,14.96,10.96
120630,Active,52118,NA,NA,S,4,1,747476.7563,90.8,2004,30,4.42,21.5
120631,Active,913092,NA,NA,S,1,0,163525.8238,34.99,2009,51,4,20.96
120632,Active,2095808,NA,NA,S,1,0,71626.15,39.99,2015,15,24.55,25.57
120633,Active,1615853,NA,NA,S,1,0,3166.25,29.99,2008,53,13.99,19.29
120634,Active,2045189,NA,NA,S,1,0,30072.075,34.95,2014,19,18.91,23.31
120635,Active,860102,NA,NA,S,1,0,15923.675,29.99,2010,30,12.41,15.99
120636,Active,1461353,NA,NA,S,0,0,51121.35,32.95,2010,14,12.4,12.35
120637,Active,910159,NA,NA,S,0,0,508929.2125,58.95,1997,24,4,56.79
120638,Active,533651,NA,NA,S,12,1,54033.88375,153,2012,40,54.42,110.75
120639,Active,1724499,NA,NA,S,0,0,87086.175,50,2013,16,24.05,31.88
120640,Active,552116,NA,NA,S,0,0,73952.0025,106.4,2004,28,29.04,77.87
120641,Active,1534674,NA,NA,S,1,0,45457.325,49.95,2009,36,20.97,32.11
120642,Active,573471,NA,NA,S,0,0,156796.6625,45,2002,50,8.59,18.34
120643,Active,613067,NA,NA,S,1,0,98828.52875,80,2000,159,6.49,28.99
120644,Active,1706412,NA,NA,S,0,0,137740.25,22.5,2015,9,31.75,22.5
120645,Active,539585,NA,NA,S,11,1,148638.475,37,2008,13,9.31,16.93
120646,Active,1640670,NA,NA,S,0,0,29082,29.99,2010,13,17.95,19.4
120647,Active,2008814,NA,NA,S,0,0,70159.175,31.49,2010,11,19.18,19.99
120648,Active,537123,NA,NA,S,11,1,21049.75,145.8,2011,58,50.79,100.91
120649,Active,2167686,NA,NA,S,0,0,77263.125,26.95,2013,29,6.43,11.22
120650,Active,2120997,NA,NA,S,0,0,27416.4,35,2012,15,24.66,24.19
120651,Active,1724536,NA,NA,S,0,0,83346.025,65,2014,17,30.03,38.88
120652,Active,3878950,NA,NA,S,1,0,108890.5,65,2010,71,40.45,43.46
120653,Active,3598459,NA,NA,S,0,0,40552.05,100,2015,16,55.4,58.64
120654,Active,564514,NA,NA,S,1,0,599384.27,43.95,2000,36,12.96,33.02
120655,Active,2521219,NA,NA,S,0,0,214902.8438,6.95,1995,19,4,31.79
120656,Active,3960041,NA,NA,S,0,0,15412.3,27.99,2016,13,20.13,18.84
120657,Active,150067,NA,NA,S,1,0,80905.875,30,2007,17,16.31,21.13
120658,Active,2089804,NA,NA,S,0,0,74054.7,26.95,2015,13,17.94,19.68
120659,Active,657715,NA,NA,S,0,0,52565.425,49.95,2003,12,40.61,40.65
120660,Active,2100148,NA,NA,S,0,0,45321,29.95,2014,15,20.91,19.96
120661,Active,2100146,NA,NA,S,0,0,96637.625,29.95,2014,13,20.23,19.88
120662,Active,2010340,NA,NA,S,1,0,14384.45,29.95,2012,19,19.24,19.86
120663,Active,2081720,NA,NA,S,24,1,92996.785,29.95,2014,26,13.9,20.49
120664,Active,1494467,NA,NA,S,0,0,120265.75,65,2014,23,32.84,41.21
120665,Active,3598486,NA,NA,S,0,0,68674.475,65,2015,16,42.8,38.47
120666,Active,1631033,NA,NA,S,0,0,37004.775,24.99,2008,31,9.2,16.21
120667,Active,735119,NA,NA,S,0,0,90553.5,27.99,2009,47,8.4,13.97
120668,Active,1814506,NA,NA,S,0,0,116725.025,24.99,2012,28,10.48,14.9
120669,Active,2020962,NA,NA,S,0,0,36592.2,23.95,2014,51,5.82,7.47
120670,Active,2020926,NA,NA,S,1,0,9540.65,23.95,2011,65,8.4,13.82
120671,Active,1932340,NA,NA,S,1,0,88064.025,44.99,2011,21,29.07,28.57
120672,Active,1638705,NA,NA,S,1,0,82122.25,25.99,2014,52,4,7.95
120673,Active,1493774,NA,NA,S,0,0,841201.4588,48,2011,60,10.9,13.02
120674,Active,637226,NA,NA,S,0,0,199398.225,49.98,2007,9,21.98,21.98
120675,Active,3803519,NA,NA,S,0,0,59313.375,79.99,2015,10,58.07,53.69
120676,Active,633876,NA,NA,S,1,0,78759.325,23,2012,14,11.23,12.7
120677,Active,1432710,NA,NA,S,1,0,86020.65,27.99,2014,50,9.57,15.94
120678,Active,826917,NA,NA,S,0,0,126158.375,40,2007,50,5.59,48.98
120679,Active,641800,NA,NA,S,1,0,112367.15,55,2002,15,38.93,43.98
120680,Active,653377,NA,NA,S,1,0,130705.65,50.95,2008,18,33.95,46.07
120681,Active,622609,NA,NA,S,0,0,440.9,35,2012,28,19.87,18.87
120682,Active,2782967,NA,NA,S,0,0,269950.1525,35,2000,28,9.86,27.96
120683,Active,1432452,NA,NA,S,0,0,9558.85,27.99,2014,28,14.97,19.22
120684,Active,2015441,NA,NA,S,0,0,176327.125,25,2008,10,19.4,21.41
120685,Active,1691912,NA,NA,S,0,0,196647.875,29,2011,17,9.04,14.96
120686,Active,1936713,NA,NA,S,0,0,227895.775,39,2014,10,28.64,29.44
120687,Active,3796285,NA,NA,S,0,0,18817.125,26.95,2014,18,24.52,25.38
120688,Active,210446,NA,NA,S,0,0,91751.85,30,2008,23,14.06,15.95
120689,Active,682289,NA,NA,S,1,0,20580.175,21.99,2011,22,14.23,13.98
120690,Active,3576665,NA,NA,S,0,0,64784.3,55,2015,17,35.85,37.34
120691,Active,719335,NA,NA,S,0,0,238397.455,60,1999,48,4.55,15.49
120692,Active,652447,NA,NA,S,0,0,68170.475,49.99,2014,22,36.3,34.01
120693,Active,3960235,NA,NA,S,0,0,81499.475,22.99,2016,19,13.94,14.37
120694,Active,1831382,NA,NA,S,10,1,1205.4,29.99,2014,20,18.1,15.66
120695,Active,808054,NA,NA,S,0,0,394212.6688,59.99,2011,17,31.41,21.93
120696,Active,3960018,NA,NA,S,0,0,2333.825,22.99,2015,23,12.12,5.97
120697,Active,677149,NA,NA,S,0,0,49445.35,25.95,2011,38,10.9,23.48
120698,Active,546576,NA,NA,S,0,0,13885.825,26.95,2010,62,4.98,18.74
120699,Active,865606,NA,NA,S,0,0,160084.225,33.95,2013,8,23.02,29.49
120700,Active,1627240,NA,NA,S,0,0,106728.2088,29.95,2009,16,23.48,17.52
120701,Active,278404,NA,NA,S,2,1,160771.1213,68,2008,42,5.09,15.98
120702,Active,2015501,NA,NA,S,0,0,150395.85,30,2011,20,9.44,17.48
120703,Active,680246,NA,NA,S,1,0,27782.1,24.95,2011,51,10.94,13.98
120704,Active,1680231,NA,NA,S,0,0,23336.575,23,2014,17,16.52,15.47
120705,Active,2016025,NA,NA,S,0,0,40180.85,26.95,2010,6,26.76,21.28
120706,Active,223468,NA,NA,S,0,0,10306,32,2008,23,20.98,20.07
120707,Active,1831364,NA,NA,S,0,0,26664.275,21.3,2013,23,11,12.64
120708,Active,1523778,NA,NA,S,1,0,77521.95,28,2014,59,9.7,10.89
120709,Active,1970246,NA,NA,S,0,0,17929.925,28,2014,64,4.39,5.97
120710,Active,845358,NA,NA,S,0,0,735662.7763,7.95,1990,23,20.5,157.14
120711,Active,1848396,NA,NA,S,0,0,171969.525,44.95,2013,23,14.08,13.93
120712,Active,2051111,NA,NA,S,0,0,152656.625,22.95,2008,30,9.09,9.41
120713,Active,1489999,NA,NA,S,1,0,143210.325,28,2010,16,11.93,18.13
120714,Active,2012499,NA,NA,S,0,0,191811.375,25,2013,18,6.99,13.98
120715,Active,584238,NA,NA,S,0,0,105739.225,24,2008,20,14.46,16.48
120716,Active,2693582,NA,NA,S,1,0,649754.0413,22.95,1997,31,6.25,38.98
120717,Active,1590024,NA,NA,S,1,0,244499.7288,29.99,2009,33,26.76,28.56
120718,Active,1942758,NA,NA,S,1,0,150197.05,26.99,2012,61,4,3.99
120719,Active,860389,NA,NA,S,2,1,376329.815,35,2011,47,18.66,23.63
120720,Active,616087,NA,NA,S,1,0,489390.205,186.4,1980,52,8.98,51.39
120721,Active,817368,NA,NA,S,1,0,37385.97625,16.95,2009,92,6.32,12.3
120722,Active,2087429,NA,NA,S,0,0,242618,27.95,2015,18,15.88,20.93
120723,Active,1494287,NA,NA,S,0,0,165471.025,28,2015,28,8.5,11.76
120724,Active,597480,NA,NA,S,1,0,33424.175,25,2008,69,9.96,16.99
120725,Active,3750406,NA,NA,S,1,0,129321.525,70,2016,6,38.94,46.24
120726,Active,244958,NA,NA,S,5,1,199907.1088,246.95,2003,30,46.78,43.99
120727,Active,682754,NA,NA,S,0,0,204101.525,29.95,2007,32,10.76,36.92
120728,Active,1942129,NA,NA,S,1,0,88012.575,27.95,2012,16,16.58,20.54
120729,Active,781273,NA,NA,S,2,1,412223.345,29.95,2007,20,23.47,24.31
120730,Active,892700,NA,NA,S,1,0,41414.05,24.99,2013,19,13.76,14.99
120731,Active,681903,NA,NA,S,0,0,69530.475,30,2008,13,25.21,22.03
120732,Active,1523656,NA,NA,S,0,0,65915.9,35,2013,57,11.2,11.31
120733,Active,1935463,NA,NA,S,2,1,9335.4,23.95,2014,18,16.97,15.8
120734,Active,1646217,NA,NA,S,0,0,826170.7875,45,2007,32,4.95,65.73
120735,Active,626354,NA,NA,S,1,0,2985.1,39.95,2008,32,24.69,25.96
120736,Active,1943050,NA,NA,S,1,0,17476.425,28,2015,17,18.02,18.94
120737,Active,865491,NA,NA,S,0,0,424151.6813,22.95,2014,29,5.84,0
120738,Active,1780928,NA,NA,S,5,1,128703.3838,24.95,2014,23,13.55,16.74
120739,Active,796771,NA,NA,S,0,0,64734.18125,24.99,2012,22,13.97,18.44
120740,Active,796833,NA,NA,S,0,0,88073.275,24.99,2013,19,16.23,16.49
120741,Active,1833138,NA,NA,S,0,0,18255.8,24.99,2014,16,18.65,18.43
120742,Active,1832235,NA,NA,S,0,0,775075.03,19.99,2008,19,103.77,185.07
120743,Active,2104353,NA,NA,S,0,0,32414.325,22,2014,14,16.45,16.45
120744,Active,3602912,NA,NA,S,0,0,117584.05,60,2015,15,36.94,14.36
120745,Active,3504708,NA,NA,S,2,1,284941.95,57.95,2015,43,17.64,47.98
120746,Active,2045607,NA,NA,S,5,1,617052.0613,21.95,2012,20,7.97,260.24
120747,Active,3925613,NA,NA,S,1,0,63063.85,90,2015,19,55.23,54.74
120748,Active,735718,NA,NA,S,1,0,194626.375,25.99,2012,27,4,11.99
120749,Active,2038633,NA,NA,S,0,0,89818.675,26.95,2013,17,15.28,16.79
120750,Active,796627,NA,NA,S,0,0,586052.3725,29.99,2011,24,11.87,42.44
120751,Active,2089713,NA,NA,S,0,0,189072.2675,14.99,2015,15,11.73,11.74
120752,Active,3829610,NA,NA,S,0,0,119732.4,59.95,2015,19,39.38,42.2
120753,Active,747233,NA,NA,S,0,0,197614.0988,23.95,2001,49,6.33,18.48
120754,Active,792020,NA,NA,S,0,0,54781.075,24.99,2008,53,4.48,11.97
120755,Active,2157442,NA,NA,S,0,0,264833.4,198,2009,11,48.92,75.94
120756,Active,2768812,NA,NA,S,0,0,46892.95,52.99,2004,17,28.99,28.14
120757,Active,2013801,NA,NA,S,0,0,67146.85,27,2009,19,15.8,19.19
120758,Active,796772,NA,NA,S,0,0,31503.1,24.99,2012,18,18.01,17.01
120759,Active,637215,NA,NA,S,0,0,56307.7,26.25,2007,40,11.69,16.41
120760,Active,3484120,NA,NA,S,1,0,61237.15,49.5,2015,9,40.39,36.98
120761,Active,368403,NA,NA,S,1,0,184296.9,50,2011,42,7.38,13.74
120762,Active,599992,NA,NA,S,0,0,607973.5263,40,2010,23,20.98,170.25
120763,Active,620451,NA,NA,S,1,0,214947.5438,125,1957,37,6.99,79.98
120764,Active,1839377,NA,NA,S,1,0,473990.6213,51.95,2009,36,15.54,38.95
120765,Active,892789,NA,NA,S,5,1,9725.295,18.95,2014,20,13.15,13.66
120766,Active,2140418,NA,NA,S,0,0,25443.775,21.95,2014,12,19.11,15.84
120767,Active,1890901,NA,NA,S,0,0,84728.3,22.99,2013,18,17.94,18.15
120768,Active,2023459,NA,NA,S,1,0,83887.55,24,2007,59,5.52,15.15
120769,Active,2711851,NA,NA,S,0,0,38537.85,49.99,2002,9,19.93,32.78
120770,Active,1493022,NA,NA,S,0,0,58414.75,24.95,2015,13,18.51,19.69
120771,Active,830495,NA,NA,S,0,0,69316.775,60,2013,16,41.34,41.42
120772,Active,2441451,NA,NA,S,1,0,278238.5338,45,2000,25,15.99,84.94
120773,Active,3581461,NA,NA,S,0,0,157501.375,22,2012,29,13.94,17.77
120774,Active,3797570,NA,NA,S,0,0,286077.35,75,2013,61,30.98,41.11
120775,Active,642242,NA,NA,S,0,0,118317.6,45,2012,29,12.98,22.49
120776,Active,3800719,NA,NA,S,0,0,215192.5,50,2013,87,8.78,19.04
120777,Active,1694228,NA,NA,S,0,0,182953.325,30,2009,15,20.52,19.95
120778,Active,3463125,NA,NA,S,2,1,804604.7263,50,2014,13,17.2,40.56
120779,Active,686754,NA,NA,S,0,0,561055.9988,27.95,2011,25,45.06,0
120780,Active,1735348,NA,NA,S,0,0,131667.375,38.95,2008,26,11.98,23.99
120781,Active,3789198,NA,NA,S,0,0,107179.075,21.95,2011,11,18,16.6
120782,Active,756183,NA,NA,S,1,0,117653.125,51,2011,23,14.8,20.49
120783,Active,865509,NA,NA,S,2,1,89204.645,77.25,2014,93,21.49,40.14
120784,Active,1647497,NA,NA,S,1,0,807854.085,69.95,2011,52,4.32,11.98
120785,Active,609916,NA,NA,S,11,1,61317.175,160.8,2012,57,38.17,99.81
120786,Active,2418447,NA,NA,S,1,0,348238.3838,68,2005,23,7.68,42.45
120787,Active,1753366,NA,NA,S,1,0,13249.875,24.95,2010,26,19.8,20.78
120788,Active,1718440,NA,NA,S,11,1,6100.97875,90,2015,47,42.64,64.06
120789,Active,1494095,NA,NA,S,1,0,149211.125,35,2013,63,8.9,18.46
120790,Active,2109998,NA,NA,S,1,0,20069.45,29.95,2014,17,15.98,19.09
120791,Active,558317,NA,NA,S,0,0,244413.45,24,2008,17,12.75,19.05
120792,Active,2094888,NA,NA,S,0,0,198283.875,60,2013,18,32.96,32.97
120793,Active,2656608,NA,NA,S,0,0,23333.9325,16.99,1999,135,4,10.94
120794,Active,1938573,NA,NA,S,0,0,32299.475,27.5,2014,18,14.62,15.88
120795,Active,1497635,NA,NA,S,0,0,127010.475,59.99,2009,13,28.79,28.98
120796,Active,864051,NA,NA,S,1,0,123180.25,48,2011,21,12.52,30.67
120797,Active,162850,NA,NA,S,1,0,80117.3,46,2009,30,23.13,28.9
120798,Active,1773310,NA,NA,S,3,1,774525.4125,39.95,2012,14,27.95,74.36
120799,Active,685907,NA,NA,S,1,0,765447.9013,43.95,2013,28,17.76,33.41
120800,Active,680271,NA,NA,S,3,1,24520.375,24.95,2010,26,14.93,16.21
120801,Active,537197,NA,NA,S,0,0,146796.175,51.75,2008,66,4.41,21.34
120802,Active,1462732,NA,NA,S,0,0,200927.2,33.5,2008,51,3.99,18.72
120803,Active,627738,NA,NA,S,1,0,674990.7488,49.95,1994,28,11.97,47.95
120804,Active,682092,NA,NA,S,0,0,91551.125,29.95,2012,18,17.09,17.1
120805,Active,2395602,NA,NA,S,0,0,156131.9663,7.99,2003,97,3.9,6.38
120806,Active,2632044,NA,NA,S,1,0,43488.64875,4.99,1999,227,4,4.1
120807,Active,3531648,NA,NA,S,1,0,110192.975,60.55,2012,20,34.44,33.54
120808,Active,767796,NA,NA,S,1,0,791914.535,9.45,2009,24,4,8.94
120809,Active,1604569,NA,NA,S,1,0,445638.8713,7.5,2012,20,5.06,12.33
120810,Active,2083873,NA,NA,S,0,0,14279.325,22.99,2011,66,5.03,11.48
120811,Active,2041704,NA,NA,S,0,0,146605.7,27.95,2013,44,6.88,6.96
120812,Active,923490,NA,NA,S,0,0,93415.9375,35,1985,209,4,26.33
120813,Active,1532230,NA,NA,S,0,0,42415.575,30,2014,19,18.04,20.6
120814,Active,592053,NA,NA,S,0,0,32605.875,33.95,2008,25,21.93,25.99
120815,Active,3960084,NA,NA,S,0,0,67188.85,23.99,2015,25,12.99,15.19
120816,Active,1768418,NA,NA,S,0,0,103756.475,34.99,2014,17,26.99,29.27
120817,Active,1719887,NA,NA,S,1,0,119798.675,35,2009,31,16.76,26.95
120818,Active,2095807,NA,NA,S,1,0,143520.325,44.99,2014,12,33.34,28.29
120819,Active,3558816,NA,NA,S,0,0,97582.075,59.95,2015,21,35.19,40.76
120820,Active,769258,NA,NA,S,1,0,132938.37,29.95,2000,28,12.54,19.88
120821,Active,3620623,NA,NA,S,3,1,215908.15,45,2008,21,54.96,63.94
120822,Active,1778794,NA,NA,S,2,1,22717.125,22.99,2013,24,10.65,14.24
120823,Active,2531240,NA,NA,S,1,0,542529.3238,48.95,1995,50,5.01,9.49
120824,Active,1742529,NA,NA,S,1,0,96176.15,23.95,2011,11,21.51,16.99
120825,Active,2149400,NA,NA,S,1,0,666698.215,23.39,2009,12,17.92,19.52
120826,Active,3825335,NA,NA,S,0,0,24728.9,22.99,2013,27,18.11,17.8
120827,Active,1710910,NA,NA,S,0,0,136492.2,25,2012,8,18.31,21.46
120828,Active,2901547,NA,NA,S,0,0,590775.1388,22.95,1993,46,4,24.69
120829,Active,637821,NA,NA,S,1,0,403235.965,49.95,2011,26,18.95,42.15
120830,Active,635141,NA,NA,S,1,0,51420.525,57.95,2009,28,41.49,42.12
120831,Active,2276731,NA,NA,S,2,1,119761.5,0,2013,0,0,7.48
120832,Active,260116,NA,NA,S,3,1,590469.12,76,2005,73,7.32,58.98
120833,Active,2603055,NA,NA,S,1,0,481784.59,44.99,2003,41,4,42.75
120834,Active,2015873,NA,NA,S,1,0,43826,22.95,2009,10,16.47,17.07
120835,Active,1980248,NA,NA,S,0,0,23641.5,55.99,2014,10,33.77,33.77
120836,Active,1460764,NA,NA,S,0,0,1408.325,34.95,2007,27,15.08,17.64
120837,Active,687139,NA,NA,S,0,0,72494.625,27.95,2007,17,19.87,21.53
120838,Active,2105779,NA,NA,S,1,0,1103.75,34.95,2015,13,16.99,20.8
120839,Active,2083723,NA,NA,S,0,0,3793.85,24.99,2014,9,21.32,14.81
120840,Active,2143872,NA,NA,S,0,0,87134.65,39.95,2010,11,29.14,39.95
120841,Active,2415029,NA,NA,S,3,1,709041.1888,9.95,2002,95,4,13.88
120842,Active,1724351,NA,NA,S,0,0,119469.475,60,2010,18,30.4,37.79
120843,Active,3598290,NA,NA,S,0,0,68234.525,55,2008,33,34.8,34.82
120844,Active,108213,NA,NA,S,5,1,150393.4638,90.75,2004,68,13.39,40.37
120845,Active,1760426,NA,NA,S,0,0,16071.55,34.99,2013,16,28.27,31.49
120846,Active,2163250,NA,NA,S,0,0,45700.125,24.54,2011,15,24.38,24.39
120847,Active,3467971,NA,NA,S,14,1,69269.95,75,2015,30,37.14,60.97
120848,Active,3514834,NA,NA,S,2,1,616697.3,50,2005,44,6.85,39.15
120849,Active,1616994,NA,NA,S,1,0,43078.125,58,2008,14,48.55,52.2
120850,Active,1565295,NA,NA,S,0,0,143785.225,26.95,2014,40,4,5.98
120851,Active,483616,NA,NA,S,0,0,48436.45,22,2008,39,9.73,13.99
120852,Active,686565,NA,NA,S,1,0,74885.425,24.95,2013,33,5.37,13.43
120853,Active,540583,NA,NA,S,4,1,66007.125,34.2,2012,34,16.95,23.79
120854,Active,638570,NA,NA,S,0,0,673751.07,31.25,2007,26,10.03,54.99
120855,Active,1534622,NA,NA,S,0,0,108218.925,26.95,2014,22,17.92,19.68
120856,Active,568537,NA,NA,S,0,0,243518.9638,54.99,1985,26,10.35,27.98
120857,Active,2020692,NA,NA,S,0,0,248573.475,26,2009,8,27.07,22
120858,Active,921236,NA,NA,S,1,0,40844.5,27,2010,36,13.69,17.48
120859,Active,1433157,NA,NA,S,0,0,630330.7925,19.99,2012,13,15.34,14.35
120860,Active,676249,NA,NA,S,1,0,37718.8,24.95,2009,50,6.3,8.76
120861,Active,222659,NA,NA,S,0,0,26862.525,34.95,2008,30,17.46,19.01
120862,Active,1705453,NA,NA,S,0,0,4619.325,28,2014,47,11.04,17.23
120863,Active,268690,NA,NA,S,0,0,808095.0788,58.95,2007,26,6.24,41.49
120864,Active,690870,NA,NA,S,0,0,50991.15,26,2011,28,14.14,24.68
120865,Active,660991,NA,NA,S,2,1,868712.2,61.95,2012,13,4.55,49.89
120866,Active,683639,NA,NA,S,0,0,78707.975,30,2012,26,11.57,15.67
120867,Active,2104334,NA,NA,S,0,0,90139.55,28,2014,15,17.39,18.04
120868,Active,295391,NA,NA,S,0,0,259874.6088,45,1995,39,4,28.99
120869,Active,689695,NA,NA,S,0,0,96457.275,29.95,2011,25,20.63,19.96
120870,Active,687988,NA,NA,S,0,0,82173.7,29.99,2012,18,21.56,21.41
120871,Active,864679,NA,NA,S,8,1,42760.945,71.95,2014,49,40.74,57.13
120872,Active,2046930,NA,NA,S,0,0,71744.4,22.5,2007,43,4,10.94
120873,Active,912338,NA,NA,S,1,0,10553.855,16.99,2013,42,8.94,9.6
120874,Active,872480,NA,NA,S,5,1,55239.0725,101.95,2014,47,49.27,67.54
120875,Active,664718,NA,NA,S,4,1,172055.0075,196.95,2013,41,46.9,83.99
120876,Active,2250118,NA,NA,S,3,1,237893.725,132.19,2006,36,33.36,93.8
120877,Active,3496322,NA,NA,S,0,0,224982.275,45,2016,11,36.32,36.23
120878,Active,1760451,NA,NA,S,0,0,21232.25,24.95,2014,22,21.98,22.46
120879,Active,2104699,NA,NA,S,0,0,87853.525,21.95,2015,18,14.48,14.92
120880,Active,3960234,NA,NA,S,0,0,66946.875,26.95,2015,17,20.01,19.57
120881,Active,3960108,NA,NA,S,0,0,44484.55,24.95,2014,17,12.45,11.98
120882,Active,2026951,NA,NA,S,0,0,55841.6,35,2010,18,23.19,21.99
120883,Active,1767233,NA,NA,S,0,0,146448.6,26.99,2014,20,24.27,21.49
120884,Active,613161,NA,NA,S,1,0,58507.6325,29.24,1986,122,4,34.85
120885,Active,543839,NA,NA,S,13,1,57493.175,167.95,2012,49,38.6,83.94
120886,Active,2115013,NA,NA,S,0,0,14495.175,44.99,2015,15,22.89,20.69
120887,Active,690764,NA,NA,S,0,0,175535.125,29.95,2007,24,9.35,29.95
120888,Active,3624361,NA,NA,S,1,0,5580.55,32.95,2015,16,21.99,26
120889,Active,1758110,NA,NA,S,0,0,93757.75,40,2014,11,27.95,27.46
120890,Active,2095780,NA,NA,S,1,0,65697.075,44.99,2014,17,27.91,27.91
120891,Active,2217676,NA,NA,S,0,0,53124.1,26.94,2009,18,25.32,25.33
120892,Active,2087487,NA,NA,S,1,0,39325.675,27.95,2014,7,21.16,21.18
120893,Active,1629689,NA,NA,S,0,0,49613.95,24.95,2015,9,31.69,24.94
120894,Active,3791538,NA,NA,S,1,0,20770.975,35,2010,30,23.99,22.67
120895,Active,2594887,NA,NA,S,0,0,479964.4538,74.99,1987,32,16.29,54.35
120896,Active,175346,NA,NA,S,1,0,410880.2575,59.99,2001,25,7.68,23.99
120897,Active,871569,NA,NA,S,9,1,107583.9025,24.99,2015,29,4.57,16.45
120898,Active,2103034,NA,NA,S,0,0,51662.915,19.99,2015,34,10.96,11.49
120899,Active,672871,NA,NA,S,0,0,575024.7025,17.99,2013,35,4,45.69
120900,Active,2098023,NA,NA,S,0,0,60132.9,29.99,2014,27,14.53,48.99
120901,Active,2103031,NA,NA,S,0,0,48286.05,29.99,2015,9,20.66,16.97
120902,Active,592564,NA,NA,S,4,1,593440.7238,23.99,2011,25,4.75,37.15
120903,Active,1865886,NA,NA,S,3,1,370621.3,27,2008,18,42.73,2362.38
120904,Active,689188,NA,NA,S,0,0,285289.2,26.99,2010,25,33.99,0
120905,Active,3804713,NA,NA,S,0,0,18684.45,79.99,2015,13,48.08,43.06
120906,Active,3959996,NA,NA,S,13,1,346.5,22.99,2015,24,13.97,9.5
120907,Active,2098044,NA,NA,S,12,1,65028.675,29.99,2015,12,19.98,19.47
120908,Active,2097988,NA,NA,S,9,1,49291.975,24.99,2014,31,16.6,16.66
120909,Active,916185,NA,NA,S,3,1,85788.65,24.99,2013,26,4.49,15.97
120910,Active,922615,NA,NA,S,0,0,743642.2,21.99,2012,91,3.78,5.45
120911,Active,496011,NA,NA,S,5,1,405815.4338,20,2010,26,58.76,113.66
120912,Active,624336,NA,NA,S,2,1,46373.6,20.98,2010,44,8.01,39.99
120913,Active,2098012,NA,NA,S,0,0,37404.2,29.99,2014,29,16.62,20.75
120914,Active,3804707,NA,NA,S,0,0,747.15,59.99,2016,11,30.94,31.13
120915,Active,686635,NA,NA,S,0,0,516036.1813,29.99,2013,63,4,0
120916,Active,3108197,NA,NA,S,2,1,300085.6525,44.99,2015,32,15.11,26.67
120917,Active,3108194,NA,NA,S,2,1,486522.1175,44.99,2015,22,13.98,26.06
120918,Active,2098007,NA,NA,S,3,1,6575.97375,34.99,2014,37,18.32,18.49
120919,Active,3108206,NA,NA,S,7,1,28686.35375,49.99,2015,20,23.99,25.97
120920,Active,681246,NA,NA,S,0,0,678006.4425,24.99,2012,41,4,0
120921,Active,251830,NA,NA,S,3,1,749681.2638,16.95,2008,95,3.9,9.54
120922,Active,684265,NA,NA,S,0,0,435140.8688,26.99,2011,33,15.68,0
120923,Active,672624,NA,NA,S,0,0,98432.64125,18.99,2011,89,8.72,0
120924,Active,2084551,NA,NA,S,7,1,253199.4863,17.99,2013,11,11.95,12.03
120925,Active,2098029,NA,NA,S,6,1,194110.5588,79.99,2014,32,27.68,46.97
120926,Active,629126,NA,NA,S,1,0,464291.1238,44.99,2013,75,4,11.01
120927,Active,3775870,NA,NA,S,0,0,2096.5,54.99,2016,15,30.77,30.78
120928,Active,2103037,NA,NA,S,0,0,110184.7088,19.99,2015,17,13.99,11.49
120929,Active,2103036,NA,NA,S,3,1,90564.225,19.99,2015,15,11.38,13.86
120930,Active,592566,NA,NA,S,4,1,583411.5163,16.99,2011,75,4,13.88
120931,Active,2098045,NA,NA,S,0,0,9426.975,22.99,2015,7,17.87,16.81
120932,Active,2103038,NA,NA,S,0,0,2839,16.99,2016,17,11.56,9.81
120933,Active,680255,NA,NA,S,0,0,50808.025,25.99,2010,25,11.98,16.71
120934,Active,1677666,NA,NA,S,1,0,169582.7,25.99,2015,19,11.72,15.21
120935,Active,1612427,NA,NA,S,0,0,162521.775,39.95,2012,14,27.75,26.38
120936,Active,2289780,NA,NA,S,2,1,2576.9,0,2014,0,0,7.48
120937,Active,3564898,NA,NA,S,0,0,227963.15,65,2016,12,39.06,39.16
120938,Active,896761,NA,NA,S,0,0,31034.22375,40,2014,30,21.9,25.54
120939,Active,687434,NA,NA,S,0,0,224247.175,24.95,2011,17,22.88,22.95
120940,Active,1602527,NA,NA,S,1,0,82574.275,21,2011,11,12.95,12.95
120941,Active,1918259,NA,NA,S,0,0,21155.4,22.99,2014,13,16.27,14.8
120942,Active,2083727,NA,NA,S,0,0,14822.925,24.99,2014,11,14.08,19.11
120943,Active,2144139,NA,NA,S,2,1,63177.325,24.95,2010,17,15.14,15.3
120944,Active,635182,NA,NA,S,1,0,160352.8,25.75,2008,26,9.49,20.99
120945,Active,1969846,NA,NA,S,0,0,97570.2,24,2014,34,4,4.42
120946,Active,1498993,NA,NA,S,0,0,10719.575,26.99,2015,8,17.98,16.5
120947,Active,2135174,NA,NA,S,0,0,73041.6,29.95,2015,18,17.02,19.98
120948,Active,749364,NA,NA,S,1,0,165376.55,80,2007,22,35.75,45.05
120949,Active,689631,NA,NA,S,0,0,28697.65,26.99,2013,26,9.11,16.3
120950,Active,865951,NA,NA,S,1,0,92863.3,20.95,2007,25,12.04,17.63
120951,Active,3487370,NA,NA,S,0,0,280225.1,50,2010,67,12.42,35.95
120952,Active,2545868,NA,NA,S,1,0,705990.7625,49.95,2003,28,4.98,43.92
120953,Active,867855,NA,NA,S,7,1,110699.6825,125,2014,45,49.63,79.99
120954,Active,1870791,NA,NA,S,0,0,32104.25,30,2013,18,15.99,19.46
120955,Active,2203838,NA,NA,S,0,0,33927.75,49.95,2015,8,35.86,35.75
120956,Active,163059,NA,NA,S,2,1,29787.525,29.95,2010,37,12.67,17.74
120957,Active,1704266,NA,NA,S,0,0,70145.2,35,2008,32,8.13,20.98
120958,Active,1523340,NA,NA,S,1,0,42610.775,27,2008,35,9.96,17.34
120959,Active,685307,NA,NA,S,0,0,47709.55,24.95,2013,22,14,18.8
120960,Active,636526,NA,NA,S,1,0,727965.075,72.44,2012,23,9.94,73.55
120961,Active,3598556,NA,NA,S,0,0,37719.85,65,2016,15,43.04,38.23
120962,Active,2105757,NA,NA,S,0,0,1128.55,26.95,2014,22,16.09,16.76
120963,Active,2165930,NA,NA,S,0,0,75141.075,34.95,2011,19,11.84,22.55
120964,Active,1942474,NA,NA,S,0,0,200970.31,27.95,2013,54,33.98,88.95
120965,Active,572040,NA,NA,S,1,0,827601.1263,54.95,2005,45,4,23.98
120966,Active,771497,NA,NA,S,1,0,334023.465,54.95,2005,35,5.97,21.91
120967,Active,651963,NA,NA,S,0,0,761641.4288,63,2007,21,13.98,31.76
120968,Active,2128899,NA,NA,S,1,0,758229.3063,45,2013,42,4.24,24.35
120969,Active,592005,NA,NA,S,1,0,523537.95,57,2008,17,6.52,33.35
120970,Active,247847,NA,NA,S,0,0,153582.1625,60,2009,19,31.83,33.62
120971,Active,247734,NA,NA,S,0,0,836254.3175,63,2009,28,14.6,32.37
120972,Active,1785531,NA,NA,S,0,0,145228.25,39.95,2014,14,36.74,34.76
120973,Active,248048,NA,NA,S,0,0,396660.5875,48,2010,27,9.45,28.98
120974,Active,2688921,NA,NA,S,1,0,572870.5313,47.19,2004,46,4,51.03
120975,Active,633795,NA,NA,S,1,0,57563.34125,39.99,2012,24,24.42,30.94
120976,Active,635662,NA,NA,S,1,0,98486.55,69.95,2012,27,27.69,40.25
120977,Active,858838,NA,NA,S,1,0,428093.8875,63.95,2001,28,13.73,40.98
120978,Active,246199,NA,NA,S,1,0,441019.1225,49.95,2007,37,8.19,38.19
120979,Active,753621,NA,NA,S,1,0,872784.905,98.95,2013,21,4.78,62.06
120980,Active,2114821,NA,NA,S,0,0,172849.5,29.95,2014,15,15.74,21.06
120981,Active,1966606,NA,NA,S,0,0,108979.8,32.95,2014,16,24.11,21.2
120982,Active,864681,NA,NA,S,8,1,47636.52,106.2,2014,63,19.13,35.45
120983,Active,2071476,NA,NA,S,3,1,144624.36,9.95,2011,9,18.37,11.95
120984,Active,610450,NA,NA,S,3,1,37140.5775,105.2,2009,55,19.58,82.91
120985,Active,686164,NA,NA,S,0,0,12938.075,28.95,2009,25,21.18,21.19
120986,Active,895019,NA,NA,S,0,0,60347.925,23.95,2014,18,13.19,18.99
120987,Active,910810,NA,NA,S,2,1,20452.775,25,2014,24,19.18,20.33
120988,Active,673789,NA,NA,S,0,0,178483.8,25,2011,14,17.93,24.52
120989,Active,683077,NA,NA,S,1,0,72790.65,23,2012,37,5.55,11.79
120990,Active,1434242,NA,NA,S,0,0,20988.4,21.99,2015,15,14.43,14.99
120991,Active,288757,NA,NA,S,2,1,362052.7525,37,1999,34,43.44,120.33
120992,Active,2053284,NA,NA,S,0,0,576345.5738,24.95,2006,10,24.94,24.95
120993,Active,2043844,NA,NA,S,0,0,45895.625,21.99,2015,7,19.24,12.72
120994,Active,623520,NA,NA,S,0,0,70793.725,34.95,2009,16,28.12,31.45
120995,Active,271719,NA,NA,S,1,0,193153.2863,44.95,2005,85,4,10.29
120996,Active,469524,NA,NA,S,0,0,12354.55,22.95,2008,14,15.81,17.13
120997,Active,1979213,NA,NA,S,1,0,37152.25,22.99,2014,9,16.36,16.12
120998,Active,687761,NA,NA,S,0,0,16427.15,24.99,2009,16,14.53,19.32
120999,Active,689752,NA,NA,S,0,0,48092.95,25.99,2009,16,16.98,18.92
121000,Active,2054315,NA,NA,S,0,0,59035.125,22.95,2009,22,13,16.27
121001,Active,1587303,NA,NA,S,1,0,56980.48375,22.99,2006,33,14.12,20.62
121002,Active,2148199,NA,NA,S,4,1,25326.5,22.95,2014,15,16.72,15.58
121003,Active,1729588,NA,NA,S,1,0,103021.075,27.95,2014,57,7.43,13.57
121004,Active,733545,NA,NA,S,1,0,166431.25,24.95,2007,47,4,13.94
121005,Active,1659809,NA,NA,S,0,0,184156.675,25,2015,28,8.44,9.73
121006,Active,2203827,NA,NA,S,0,0,100336.275,55,2014,16,35.17,33.87
121007,Active,2503875,NA,NA,S,0,0,529069.4288,122.89,1978,25,5.15,58.21
121008,Active,1625611,NA,NA,S,0,0,117376.675,22,2010,23,9.98,20.38
121009,Active,913045,NA,NA,S,0,0,36630.15,29.99,2013,34,8.64,10.43
121010,Active,3731963,NA,NA,S,0,0,23979.525,29.99,2011,60,10.53,19.42
121011,Active,3960082,NA,NA,S,0,0,10064.175,34.99,2015,17,15.43,16.24
121012,Active,2154088,NA,NA,S,1,0,75456.25,21.95,2008,58,7.02,12.94
121013,Active,1707053,NA,NA,S,1,0,199251.025,25,2009,20,11.49,17.99
121014,Active,673832,NA,NA,S,0,0,162711.8,26.95,2012,23,20.48,25.6
121015,Active,1942145,NA,NA,S,0,0,58013.8,35,2014,9,21.32,22.25
121016,Active,2110928,NA,NA,S,0,0,97626.8,29,2014,43,18.49,18.97
121017,Active,3618765,NA,NA,S,0,0,166525.525,34.95,2013,18,22.87,25.22
121018,Active,3799557,NA,NA,S,0,0,10243.875,79.98,2009,25,37.93,42.6
121019,Active,658722,NA,NA,S,1,0,669125.6738,50,2002,40,7.32,31.23
121020,Active,164513,NA,NA,S,2,1,256829.5175,218.95,2003,49,22.99,165.99
121021,Active,1682607,NA,NA,S,1,0,7497.025,24.95,2014,23,13.96,18.29
121022,Active,797471,NA,NA,S,2,1,5885.27125,34.99,2013,18,21.05,22.91
121023,Active,528745,NA,NA,S,2,1,701736.6588,12.9,2009,50,4,11.27
121024,Active,679997,NA,NA,S,2,1,164678.505,22.95,2002,42,10.31,20.36
121025,Active,416981,NA,NA,S,2,1,411507.0888,182.75,2010,57,5.52,0
121026,Active,2113379,NA,NA,S,0,0,91448.425,29.99,2013,15,21.33,21.33
121027,Active,1984008,NA,NA,S,0,0,3902.35,25.99,2014,8,12.95,15.84
121028,Active,2032309,NA,NA,S,0,0,33263.175,22.99,2012,50,9.84,14.09
121029,Active,1943580,NA,NA,S,0,0,79626.55,0,2014,31,5.75,14.61
121030,Active,58504,NA,NA,S,8,1,895271.1975,61.95,1999,45,4.49,14.91
121031,Active,545983,NA,NA,S,12,1,377407.27,49.95,2013,57,40.93,49.95
121032,Active,3728866,NA,NA,S,0,0,47723.125,36.99,2013,22,4,15.49
121033,Active,407080,NA,NA,S,1,0,875672.4313,64.95,2004,37,12.67,29.99
121034,Active,643940,NA,NA,S,1,0,108196.025,55,2009,19,37.29,43.72
121035,Active,120171,NA,NA,S,7,1,38102.51125,133.33,2011,41,43.61,86.04
121036,Active,3579487,NA,NA,S,0,0,147324.625,21.95,2008,26,9.9,15.24
121037,Active,2083725,NA,NA,S,0,0,8667.825,24.99,2014,9,21.32,14.81
121038,Active,665249,NA,NA,S,0,0,108962.025,39.95,2010,18,8.81,18.49
121039,Active,2787309,NA,NA,S,0,0,532101.6488,14.95,1966,86,4,9.46
121040,Active,677466,NA,NA,S,1,0,111912.3,29.95,2008,43,5.78,22.88
121041,Active,1938532,NA,NA,S,0,0,76937,29.95,2015,25,11.49,14.87
121042,Active,681450,NA,NA,S,2,1,128800.65,25,2010,16,19.83,22.76
121043,Active,1814831,NA,NA,S,0,0,103650.2,32.5,2013,41,4.98,8.97
121044,Active,2043829,NA,NA,S,0,0,3471.575,24.99,2014,13,17.25,17.13
121045,Active,686328,NA,NA,S,0,0,71578.275,29.95,2010,21,15.8,81.94
121046,Active,528739,NA,NA,S,0,0,138164.95,29.95,2008,35,9.62,23.41
121047,Active,781771,NA,NA,S,2,1,768001.0425,29.99,2008,22,17.35,24.87
121048,Active,3960359,NA,NA,S,0,0,92328.55,44.99,2012,12,29.42,28.69
121049,Active,1498411,NA,NA,S,0,0,14275.275,69.99,2012,14,46.11,39.86
121050,Active,140713,NA,NA,S,0,0,52934.2,49.99,2010,18,31.9,29.99
121051,Active,1589017,NA,NA,S,0,0,439560.6025,80,2007,20,48,55.27
121052,Active,3793492,NA,NA,S,0,0,90667.3,59.99,2013,15,29.98,37.95
121053,Active,1890950,NA,NA,S,0,0,55439.525,49.99,2012,22,19.89,22.96
121054,Active,256593,NA,NA,S,0,0,734602.0563,49.99,1997,57,18.22,33.86
121055,Active,3960306,NA,NA,S,0,0,56159.25,39.99,2012,10,27.88,23.66
121056,Active,1526830,NA,NA,S,1,0,53657.625,40,2015,17,26.65,25.96
121057,Active,651925,NA,NA,S,4,1,534829.65,45.95,2008,33,11.97,0
121058,Active,2248846,NA,NA,S,17,1,517608.3688,76.99,2006,35,14.29,29.39
121059,Active,2056470,NA,NA,S,0,0,38770.925,21.95,2010,34,9.71,15.77
121060,Active,751290,NA,NA,S,1,0,103171.65,24.95,2009,31,11.17,22.54
121061,Active,922183,NA,NA,S,0,0,26371.38625,7.99,2006,126,4,6.98
121062,Active,746471,NA,NA,S,0,0,101458.925,29.95,2007,43,7.72,11.96
121063,Active,2087407,NA,NA,S,0,0,153868.8,24.95,2014,25,7.4,18.89
121064,Active,2157177,NA,NA,S,0,0,76266.525,24.95,2014,22,15.11,18.18
121065,Active,667384,NA,NA,S,1,0,86922.625,32,2011,19,30.99,31.99
121066,Active,1752051,NA,NA,S,1,0,58294.9,34.95,2011,12,36.1,34.5
121067,Active,685345,NA,NA,S,0,0,49546.125,24.95,2013,15,13.85,17.85
121068,Active,2096804,NA,NA,S,0,0,18602.95,24.95,2015,16,17,18.42
121069,Active,2097776,NA,NA,S,0,0,70683.3,29.95,2015,8,18.94,21.6
121070,Active,477480,NA,NA,S,0,0,187781.12,19.95,1999,41,4.21,18.5
121071,Active,2051158,NA,NA,S,0,0,9014.3,29.95,2012,17,15.19,15.54
121072,Active,2060051,NA,NA,S,1,0,25331.225,27.99,2010,14,18.49,18.5
121073,Active,2010555,NA,NA,S,4,1,68471.875,27.99,2007,44,8.39,17.45
121074,Active,861471,NA,NA,S,3,1,92557.8725,24.99,2013,19,13.03,13.97
121075,Active,2164699,NA,NA,S,0,0,15751.3,24.95,2014,14,18.77,17.11
121076,Active,2026827,NA,NA,S,1,0,179896.05,22.95,2007,60,4,9.48
121077,Active,1777316,NA,NA,S,1,0,59574.525,26.99,2011,22,18.31,18.17
121078,Active,684128,NA,NA,S,1,0,118033.925,24.95,2013,54,4,10.36
121079,Active,896754,NA,NA,S,11,1,32531.6925,14.99,2014,42,6.98,8.09
121080,Active,673404,NA,NA,S,0,0,161.925,4.99,2013,134,3.85,2.94
121081,Active,1527778,NA,NA,S,0,0,622358.2,10.95,2009,15,4,13.49
121082,Active,3497602,NA,NA,S,0,0,513664.75,11.95,2013,45,14.45,169.84
121083,Active,1734926,NA,NA,S,0,0,80292.65,40,2012,6,39.99,40
121084,Active,676250,NA,NA,S,0,0,71675.45,24.99,2008,28,8.53,23.98
121085,Active,895433,NA,NA,S,1,0,723523.0625,81.95,2012,10,14.58,17.1
121086,Active,627529,NA,NA,S,0,0,146689.475,27.98,2008,17,9.98,27.98
121087,Active,1491876,NA,NA,S,0,0,158507.025,29.95,2011,14,33.91,29.95
121088,Active,1491063,NA,NA,S,0,0,50123.325,23,2010,17,7.56,16.17
121089,Active,690449,NA,NA,S,0,0,53619,27.95,2013,37,7.34,14.91
121090,Active,690820,NA,NA,S,0,0,2507.85,29.99,2013,28,15.97,16.94
121091,Active,1433123,NA,NA,S,0,0,46234.775,30,2014,21,17.52,19.89
121092,Active,577720,NA,NA,S,1,0,253375.2588,49,2005,48,4,13.97
121093,Active,2048730,NA,NA,S,1,0,109997.2763,36,2011,261,4,7.33
121094,Active,587134,NA,NA,S,2,1,284855.8075,30,2012,29,12.89,29.77
121095,Active,896831,NA,NA,S,0,0,38990.4,30,2012,20,17.52,17.67
121096,Active,2393967,NA,NA,S,20,1,43356.925,18,1995,32,11.99,13.75
121097,Active,692641,NA,NA,S,0,0,451753.7263,76.85,2006,58,4.26,11.26
121098,Active,692640,NA,NA,S,0,0,309302.3725,76.85,2006,44,7.91,30.35
121099,Active,3927074,NA,NA,S,0,0,60222.15,62.5,2012,31,23.97,34.3
121100,Active,1698219,NA,NA,S,0,0,22965.875,22.95,2012,31,13.25,14.99
121101,Active,909226,NA,NA,S,1,0,512544.8663,27.5,2000,24,51.9,161.34
121102,Active,733505,NA,NA,S,1,0,212900.95,24.95,2007,39,3.99,9.38
121103,Active,1698069,NA,NA,S,0,0,490812.535,44.95,2006,52,8.98,28.87
121104,Active,748874,NA,NA,S,1,0,80748.2,24.99,2008,37,5.82,16.49
121105,Active,2001953,NA,NA,S,1,0,76063.05,24.99,2014,7,26.69,23.74
121106,Active,1996807,NA,NA,S,1,0,14103.3,24.99,2014,9,20.91,22.13
121107,Active,2011896,NA,NA,S,0,0,523078.8675,26.5,2012,9,12.21,13.99
121108,Active,2243825,NA,NA,S,0,0,95650.475,34.95,2011,18,22.92,24.84
121109,Active,3957436,NA,NA,S,0,0,101885.325,34.95,2012,16,23.99,25.58
121110,Active,2243828,NA,NA,S,0,0,207204.625,24.95,2015,9,22.86,19.94
121111,Active,2243808,NA,NA,S,1,0,85293.75,24.95,2014,11,13.95,13.98
121112,Active,2020606,NA,NA,S,47,1,90089.9,27.95,2014,24,10.49,13.61
121113,Active,2077881,NA,NA,S,0,0,137126.925,21.95,2014,14,16.26,16.49
121114,Active,2046880,NA,NA,S,0,0,36204.05,24.95,2012,18,15.75,18.48
121115,Active,2041161,NA,NA,S,0,0,109026.275,22.95,2007,48,4.35,8.96
121116,Active,1640178,NA,NA,S,0,0,31050.725,23.95,2013,10,18.99,17.56
121117,Active,1759319,NA,NA,S,0,0,12773.675,23.95,2012,10,17.1,21.38
121118,Active,691484,NA,NA,S,0,0,10681.3,21.99,2013,17,15.65,15.53
121119,Active,3592348,NA,NA,S,0,0,35816.225,21.99,2011,32,10.99,15.49
121120,Active,2217670,NA,NA,S,0,0,372108.5,9.95,2012,21,4.52,12.08
121121,Active,683654,NA,NA,S,8,1,23174.425,25,2012,18,10.58,15.84
121122,Active,689513,NA,NA,S,2,1,49713.35,29.95,2007,15,28.45,27.76
121123,Active,2113564,NA,NA,S,0,0,141798.9,21.95,2014,16,7.99,13.99
121124,Active,2082241,NA,NA,S,0,0,76643.65,35,2015,30,9.58,14.14
121125,Active,652308,NA,NA,S,0,0,116970.025,40,2013,21,8.99,13.88
121126,Active,2217697,NA,NA,S,0,0,81277.85,24.95,2011,20,13.99,18.52
121127,Active,2217708,NA,NA,S,0,0,67010.775,22.95,2013,36,12.6,16.21
121128,Active,687893,NA,NA,S,0,0,25312.8,29.99,2013,35,14.12,16.68
121129,Active,1856703,NA,NA,S,0,0,51040.425,26.99,2012,14,21,21.29
121130,Active,2228536,NA,NA,S,6,1,89454.025,26.95,2013,14,27.47,18.44
121131,Active,616948,NA,NA,S,0,0,34410.25,45,2009,22,20.6,28.59
121132,Active,1834212,NA,NA,S,0,0,86319.675,21.95,2010,13,18.33,18.34
121133,Active,576129,NA,NA,S,5,1,46481.1075,163.95,2003,72,23.99,46.02
121134,Active,2031610,NA,NA,S,0,0,113891.2,24.99,2009,19,7.22,13.33
121135,Active,1739164,NA,NA,S,1,0,145660.65,39.95,2008,19,27.97,28.77
121136,Active,2034028,NA,NA,S,1,0,108151.75,35,2012,44,8.97,13.64
121137,Active,2657407,NA,NA,S,1,0,183151.7763,10.95,1978,56,12.64,110.89
121138,Active,2224492,NA,NA,S,0,0,34514.85,23.95,2014,16,17.57,17.51
121139,Active,624780,NA,NA,S,1,0,761588.5663,70,2009,24,5.48,60.41
121140,Active,716379,NA,NA,S,1,0,232363.6975,63.2,2012,22,23.38,50.98
121141,Active,868036,NA,NA,S,4,1,44632.6075,106.75,2014,28,50.29,71.99
121142,Active,664354,NA,NA,S,10,1,321506.8563,133.5,2013,21,13.13,88.99
121143,Active,914957,NA,NA,S,4,1,504672.7338,40.51,2003,31,3.99,33.97
121144,Active,689735,NA,NA,S,0,0,2546.925,21,2010,15,15.18,17.87
121145,Active,676789,NA,NA,S,2,1,59188.35,28.95,2009,16,19.27,19.44
121146,Active,909974,NA,NA,S,2,1,99598.2225,125,2014,28,17.68,84.84
121147,Active,119230,NA,NA,S,11,1,295565.4588,140.8,1997,32,6.39,78.17
121148,Active,232800,NA,NA,S,8,1,140906.2813,48.95,2010,41,17.48,27.2
121149,Active,877345,NA,NA,S,4,1,370057.79,66.33,2012,12,43.97,67.04
121150,Active,668152,NA,NA,S,1,0,358323.8588,100,2012,26,39.43,89.99
121151,Active,298943,NA,NA,S,10,1,326643.545,88.95,2011,55,12.49,47.38
121152,Active,668055,NA,NA,S,2,1,487599.705,38.5,2010,17,75.71,71.19
121153,Active,101330,NA,NA,S,4,1,479652.0413,189.95,2000,25,20.06,0
121154,Active,56214,NA,NA,S,5,1,706421.6963,55,1997,25,3.99,29.99
121155,Active,887015,NA,NA,S,7,1,192484.8513,24.95,2014,17,13.21,13.62
121156,Active,417127,NA,NA,S,14,1,207263.985,244,2010,40,29.18,124.91
121157,Active,169256,NA,NA,S,3,1,66239.4,38.95,2006,37,6.19,23.98
121158,Active,212477,NA,NA,S,2,1,121332.1075,142,2002,60,16.84,62.99
121159,Active,617124,NA,NA,S,1,0,18846.025,77,2012,27,59.62,69.71
121160,Active,653270,NA,NA,S,1,0,110489.85,72,2013,22,30.09,58.7
121161,Active,864683,NA,NA,S,12,1,54226.37625,168.75,2014,35,48.59,103.71
121162,Active,108087,NA,NA,S,3,1,673221.9825,154.75,2006,18,4.76,0
121163,Active,667210,NA,NA,S,2,1,898426.4663,148.15,2012,20,5.04,30.89
121164,Active,1822726,NA,NA,S,3,1,265641.2,182.75,2015,12,14.78,54.98
121165,Active,3474207,NA,NA,S,8,1,17887,56.8,2016,12,54.84,47.59
121166,Active,484076,NA,NA,S,6,1,79184.93125,209.95,2012,33,54.18,0
121167,Active,868242,NA,NA,S,10,1,5049.6725,108.4,2014,65,43.99,74.98
121168,Active,250086,NA,NA,S,4,1,742428.7025,86.95,2006,26,4,15.04
121169,Active,528698,NA,NA,S,5,1,518352.7125,115.12,2009,51,8.79,59.15
121170,Active,644573,NA,NA,S,4,1,230530.2,0,2012,36,6.71,31.18
121171,Active,924260,NA,NA,S,4,1,13784.11875,60.52,2014,81,43.99,72.18
121172,Active,647903,NA,NA,S,1,0,570437.9388,39.95,2006,27,7.96,40.98
121173,Active,1672421,NA,NA,S,2,1,300989.1338,12.99,2009,54,4,7.99
121174,Active,1570321,NA,NA,S,2,1,44024.425,21.99,2010,44,5.94,12.84
121175,Active,2282766,NA,NA,S,2,1,33763.15,0,2014,0,0,8.48
121176,Active,1434341,NA,NA,S,0,0,150794.525,27.99,2014,25,4.82,11.99
121177,Active,545911,NA,NA,S,7,1,214922.855,54.95,2013,26,9.81,28.89
121178,Active,3755113,NA,NA,S,0,0,199460,24.99,2015,27,8.93,8.98
121179,Active,1718851,NA,NA,S,0,0,198187.05,39.95,2015,13,28.43,28.49
121180,Active,2101181,NA,NA,S,0,0,11350.6,29.95,2013,10,10.73,10.73
121181,Active,1493077,NA,NA,S,0,0,69684.1,45,2014,13,31.47,31.35
121182,Active,627355,NA,NA,S,12,1,106423.9625,64.4,2011,51,13.78,45.13
121183,Active,628866,NA,NA,S,3,1,629316.775,75,2005,26,5.8,54.08
121184,Active,3826445,NA,NA,S,6,1,30608,45,2016,3,45.81,44.18
121185,Active,1630809,NA,NA,S,0,0,135467.425,24.95,2010,32,12.96,18.2
121186,Active,1466203,NA,NA,S,4,1,754176.5225,23.95,2014,14,12.64,18.78
121187,Active,624343,NA,NA,S,1,0,68859.675,49.95,2010,47,23.6,23.64
121188,Active,295377,NA,NA,S,0,0,218589.325,24.95,2008,34,15.03,21.29
121189,Active,1462110,NA,NA,S,0,0,184966.4863,24.99,2013,17,17.36,9.56
121190,Active,552985,NA,NA,S,0,0,295144.6188,81.25,2007,23,13.69,0
121191,Active,288448,NA,NA,S,4,1,396324.6663,25.5,2000,34,4,102.07
121192,Active,1815077,NA,NA,S,1,0,61709.275,24.99,2014,70,5.81,10.47
121193,Active,3064530,NA,NA,S,10,1,689418.2588,29.99,2005,41,18.94,137.59
121194,Active,1716074,NA,NA,S,0,0,136412.4,23.95,2014,18,17.92,20.91
121195,Active,2111671,NA,NA,S,0,0,165878.4,40,2014,29,17.76,24.33
121196,Active,1704588,NA,NA,S,0,0,128041.45,22.5,2009,11,25.26,18.59
121197,Active,626317,NA,NA,S,1,0,44703.4,35,2009,23,24.25,23.92
121198,Active,1918543,NA,NA,S,0,0,19839.15,24.99,2015,12,17.29,17.28
121199,Active,528694,NA,NA,S,0,0,24131,24.99,2009,25,16.33,18.01
121200,Active,719915,NA,NA,S,0,0,396735.2988,74,2000,43,7.72,17.81
121201,Active,2067980,NA,NA,S,0,0,186121.075,34.95,2014,17,16.68,16.68
121202,Active,252061,NA,NA,S,7,1,116103.3025,233.95,2009,33,18.74,54.98
121203,Active,1660671,NA,NA,S,2,1,125286.3,27.99,2011,7,20.6,20.59
121204,Active,542851,NA,NA,S,2,1,86605.725,24.99,2013,12,12.24,9.23
121205,Active,1660536,NA,NA,S,1,0,239530.45,24.99,2007,23,12.93,12.93
121206,Active,664352,NA,NA,S,1,0,139324.35,50,2013,21,11.61,7.98
121207,Active,663120,NA,NA,S,3,1,88665.51,39,2013,25,24.98,35.69
121208,Active,2351139,NA,NA,S,10,1,33903.245,60,2015,45,44.31,51.39
121209,Active,690888,NA,NA,S,0,0,6066.375,22.99,2011,18,10.77,12.27
121210,Active,867623,NA,NA,S,13,1,41041.27625,82.99,2014,38,34.89,59.87
121211,Active,1439081,NA,NA,S,0,0,215802.7,70.64,2013,11,17.94,18.94
121212,Active,174391,NA,NA,S,1,0,251043.3938,59.99,2006,44,10.05,49.89
121213,Active,622632,NA,NA,S,2,1,119677.03,58.95,2011,28,17.83,36.7
121214,Active,117317,NA,NA,S,4,1,300505.3438,127,2006,40,10.14,30.71
121215,Active,117372,NA,NA,S,2,1,240903.7,84.4,2006,23,14.97,43.98
121216,Active,793617,NA,NA,S,1,0,604641.72,56.95,2001,23,4,47.38
121217,Active,3746439,NA,NA,S,12,1,12454,75,2016,24,54.22,38.98
121218,Active,1480314,NA,NA,S,1,0,49801.125,37.95,2013,9,30.36,35.1
121219,Active,653815,NA,NA,S,0,0,603292.7638,73.95,2001,31,7.29,61.42
121220,Active,2648133,NA,NA,S,0,0,505435.7413,60.95,1996,24,10.26,31.83
121221,Active,573351,NA,NA,S,1,0,811396.3138,202,1994,61,4,41.19
121222,Active,2830244,NA,NA,S,0,0,451612.28,47.92,2003,44,8.74,15.6
121223,Active,217943,NA,NA,S,9,1,512791.195,40.95,2004,73,3.98,26.94
121224,Active,675805,NA,NA,S,1,0,141240.875,27.95,2008,43,7.87,11.9
121225,Active,860106,NA,NA,S,1,0,137388.55,34.95,2010,30,18.92,22.74
121226,Active,291368,NA,NA,S,0,0,373595.3963,54.99,2004,52,9.61,40.97
121227,Active,665217,NA,NA,S,1,0,27530.075,39.95,2012,9,34.86,23.35
121228,Active,770869,NA,NA,S,0,0,584613.9975,94.88,2002,48,7.27,36.91
121229,Active,921442,NA,NA,S,0,0,304161.9438,108.15,2005,100,6.62,13.64
121230,Active,1502844,NA,NA,S,1,0,67520.25,37.5,2014,23,10.19,28.39
121231,Active,299655,NA,NA,S,1,0,701393.2163,65,2002,125,3.98,43.99
121232,Active,174283,NA,NA,S,0,0,463917.15,61,1997,26,26.48,42.94
121233,Active,2609262,NA,NA,S,0,0,473890.4113,42.5,1999,23,4.12,17.99
121234,Active,1820775,NA,NA,S,0,0,779292.5575,41.95,2013,7,7.17,40.55
121235,Active,1584219,NA,NA,S,1,0,54375.625,39.99,2012,35,26.81,31.98
121236,Active,813034,NA,NA,S,0,0,249758.8,30.95,2011,15,23.49,25.9
121237,Active,685425,NA,NA,S,0,0,766219.9988,24.99,2011,37,4,0
121238,Active,903698,NA,NA,S,5,1,612511.99,24.99,2012,53,4,7.78
121239,Active,3828312,NA,NA,S,0,0,347750.3,20,2012,27,40.15,89.25
121240,Active,279637,NA,NA,S,0,0,120339.825,45,2007,21,21.98,29.18
121241,Active,2170561,NA,NA,S,0,0,154309.025,22.95,2009,24,11.94,14.46
121242,Active,528680,NA,NA,S,0,0,35627.8625,12.95,2009,45,4.88,9.06
121243,Active,2636426,NA,NA,S,0,0,478586.5875,85,2001,51,16.76,83.99
121244,Active,1624424,NA,NA,S,0,0,559954.25,96.96,2006,33,4.48,41.48
121245,Active,768253,NA,NA,S,1,0,52455.2025,91.95,2011,47,35.87,73.92
121246,Active,767688,NA,NA,S,1,0,599899.825,106.25,2009,24,8.54,79
121247,Active,3741789,NA,NA,S,2,1,211224.125,49.95,2015,11,46.02,47.39
121248,Active,2224233,NA,NA,S,0,0,181671.625,27.95,2014,11,20.24,20.24
121249,Active,2228609,NA,NA,S,0,0,40733.075,33.99,2009,12,27.62,24.17
121250,Active,3796462,NA,NA,S,0,0,52313.325,26.99,2015,33,5.37,4.97
121251,Active,922449,NA,NA,S,0,0,238596.8875,18.99,1995,131,4,10.98
121252,Active,299355,NA,NA,S,0,0,4219.54,15.95,2008,336,6.12,8.57
121253,Active,543110,NA,NA,S,0,0,90757.66375,18,2014,19,11.94,11.97
121254,Active,3623309,NA,NA,S,0,0,198361.75,60,2011,14,33.44,41.73
121255,Active,2026828,NA,NA,S,0,0,38340.125,27.5,2007,49,10.76,19.95
121256,Active,654794,NA,NA,S,1,0,91287.575,63.95,2007,18,50.29,50.33
121257,Active,2143503,NA,NA,S,1,0,12989.65,21.95,2008,35,12.04,15.35
121258,Active,2053339,NA,NA,S,0,0,63413.8,45.82,2007,10,21.02,29.48
121259,Active,689986,NA,NA,S,0,0,105269.975,24.95,2008,20,15.96,21.21
121260,Active,2059746,NA,NA,S,0,0,172242.65,29.95,2010,27,17.52,27.27
121261,Active,130489,NA,NA,S,3,1,396319.8975,102.6,2011,40,19.49,56.26
121262,Active,183698,NA,NA,S,2,1,591523.3738,168.95,2006,28,4,21.7
121263,Active,172634,NA,NA,S,1,0,35613.3,34.99,2011,42,16.78,25.96
121264,Active,1555201,NA,NA,S,2,1,540721.3288,54.95,2015,28,14.64,38.93
121265,Active,195139,NA,NA,S,0,0,571794.3663,44,2008,37,7.39,31.93
121266,Active,2109694,NA,NA,S,7,1,7661.77125,9.99,2015,22,6.98,6.66
121267,Active,708754,NA,NA,S,0,0,118995.2963,94.04,2006,78,6.97,80.06
121268,Active,684763,NA,NA,S,1,0,46621.8,25,2012,14,15.75,18.96
121269,Active,1555988,NA,NA,S,2,1,110347.5,26.95,2009,18,19.02,15.19
121270,Active,685157,NA,NA,S,0,0,138780.2175,22,2008,22,17.64,18.06
121271,Active,1452606,NA,NA,S,0,0,208817.1,71,2012,12,34.71,52.62
121272,Active,1533908,NA,NA,S,0,0,98920.975,69.95,2007,18,34.19,37.97
121273,Active,2085196,NA,NA,S,0,0,44940.175,26.99,2014,19,11.01,12.06
121274,Active,1627908,NA,NA,S,0,0,215190.725,24.95,2014,14,18.28,17.97
121275,Active,261290,NA,NA,S,1,0,682135.98,55,1998,30,4,33.99
121276,Active,594179,NA,NA,S,0,0,177392.05,28.95,2010,18,14.79,23.07
121277,Active,1647710,NA,NA,S,2,1,71539.55,26.95,2014,8,24.97,24.76
121278,Active,565691,NA,NA,S,1,0,65750.525,22.99,2012,24,9,16.39
121279,Active,528671,NA,NA,S,4,1,52394.34875,150.2,2010,63,41.04,106.2
121280,Active,55928,NA,NA,S,4,1,54434.57,207.95,2007,56,47.82,94.53
121281,Active,2051893,NA,NA,S,1,0,51461.15,30,2015,14,14.34,17.53
121282,Active,1665013,NA,NA,S,2,1,150528.325,47.07,2010,13,4.39,28.93
121283,Active,2876707,NA,NA,S,0,0,228636.6288,77.59,1981,25,4.69,48.61
121284,Active,3828678,NA,NA,S,0,0,26240.5,59.99,2008,4,33.39,39.46
121285,Active,1753616,NA,NA,S,0,0,105611.175,24.95,2011,20,9.58,17.77
121286,Active,3960483,NA,NA,S,0,0,181962.95,24.99,2014,13,22.49,22.92
121287,Active,545921,NA,NA,S,5,1,30361.02875,73.95,2013,47,32.24,35.04
121288,Active,916053,NA,NA,S,4,1,9303.39125,27.95,2014,27,18.97,20.42
121289,Active,115995,NA,NA,S,2,1,272967.8163,151.4,2004,18,17.13,0
121290,Active,246194,NA,NA,S,1,0,553971.2513,61.95,2004,27,14.72,24.04
121291,Active,119073,NA,NA,S,6,1,26706.0125,269.6,2011,61,23.36,134.36
121292,Active,1438510,NA,NA,S,7,1,19873.2325,137,2015,80,36.45,76.44
121293,Active,690980,NA,NA,S,0,0,105285.225,49.95,2013,19,31.74,43.99
121294,Active,200501,NA,NA,S,2,1,204089.8713,149.95,2010,28,19.58,88.98
121295,Active,581133,NA,NA,S,0,0,711173.645,58.95,1995,29,6.16,55.66
121296,Active,578647,NA,NA,S,3,1,196959.675,67,2007,22,23.29,58.4
121297,Active,682907,NA,NA,S,0,0,206894,30,2007,12,6.58,28.28
121298,Active,577178,NA,NA,S,2,1,341651.9688,182,2012,22,18.76,182
121299,Active,2586907,NA,NA,S,1,0,505658.4763,44.99,2002,24,7.39,42.91
121300,Active,574782,NA,NA,S,0,0,172675.55,84,2009,26,17.87,53.99
121301,Active,544936,NA,NA,S,2,1,591193.7513,58,2009,29,13.28,37.34
121302,Active,2257381,NA,NA,S,5,1,348075.425,182.78,2009,22,21.35,94.25
121303,Active,1942339,NA,NA,S,0,0,445962.255,47,2014,41,6.74,13.99
121304,Active,907891,NA,NA,S,0,0,118091.5638,44.95,2013,57,19.92,27.49
121305,Active,900465,NA,NA,S,0,0,68367.94375,44.95,2014,22,34.53,34.55
121306,Active,637833,NA,NA,S,0,0,692803.1538,43.95,2011,43,12.43,29.29
121307,Active,776088,NA,NA,S,0,0,581363.1325,43.95,2009,17,21.96,32.98
121308,Active,630000,NA,NA,S,0,0,68075.025,49,2011,23,23.47,49.99
121309,Active,1503267,NA,NA,S,3,1,20340.975,22.99,2011,63,9.97,10.98
121310,Active,1613345,NA,NA,S,1,0,59037.225,27,2009,17,16.95,17.99
121311,Active,599315,NA,NA,S,0,0,97389.025,28.95,2007,28,16.15,23.97
121312,Active,1942272,NA,NA,S,0,0,786660.6538,249,2013,17,8.87,60.01
121313,Active,1748380,NA,NA,S,1,0,120335.775,24.95,2009,8,18.99,24.95
121314,Active,665538,NA,NA,S,1,0,177685.375,34.95,2010,22,17.29,24.41
121315,Active,504419,NA,NA,S,0,0,23305.175,25,2011,14,17.72,15.21
121316,Active,216745,NA,NA,S,0,0,128339.3888,16,2003,160,4,0
121317,Active,1527356,NA,NA,S,1,0,107578.825,45,2008,24,15.49,27.86
121318,Active,3462261,NA,NA,S,1,0,34022.6775,299.5,2009,3,19.05,41.03
121319,Active,2151776,NA,NA,S,0,0,68114.075,60,2013,18,38.35,32.27
121320,Active,2122678,NA,NA,S,1,0,20044.75,29.99,2013,16,11.97,22.39
121321,Active,3144383,NA,NA,S,0,0,18013.655,19.95,1994,59,4,9.89
121322,Active,2079660,NA,NA,S,1,0,55036.75,40,2013,13,24,22.73
121323,Active,2080781,NA,NA,S,0,0,101245.6,26,2012,16,9.83,18.74
121324,Active,1437538,NA,NA,S,1,0,242203.125,33,2014,21,8.88,21
121325,Active,1576821,NA,NA,S,0,0,176232.4,29.95,2014,9,20.56,24.09
121326,Active,677814,NA,NA,S,0,0,13457.875,24.95,2012,47,11.58,14.47
121327,Active,1993815,NA,NA,S,0,0,91879.975,24.95,2014,9,18.96,23.7
121328,Active,676440,NA,NA,S,0,0,94137.575,24.95,2008,28,10.2,24.35
121329,Active,687892,NA,NA,S,0,0,498.05,27.95,2014,39,15.93,16.29
121330,Active,2084727,NA,NA,S,2,1,68638.05,29.95,2012,38,6.13,11.98
121331,Active,673939,NA,NA,S,1,0,12840.15,29.95,2011,32,13.13,18.22
121332,Active,687890,NA,NA,S,1,0,15801.6,29.95,2014,27,19.76,19.77
121333,Active,1428839,NA,NA,S,2,1,290799.0875,16.99,2007,112,4,8.32
121334,Active,893231,NA,NA,S,2,1,623117.5525,58,2013,25,18.28,41.4
121335,Active,626313,NA,NA,S,1,0,180919.175,79.99,2009,22,14.38,51.49
121336,Active,247572,NA,NA,S,1,0,465423.5113,83,2005,26,22.88,59.28
121337,Active,1433949,NA,NA,S,0,0,8524.1625,22.99,2013,48,9.95,11.35
121338,Active,688414,NA,NA,S,2,1,319781.0338,21.95,2001,94,4,11.93
121339,Active,2160602,NA,NA,S,0,0,47730.2,0,2011,7,21.94,21.94
121340,Active,1822666,NA,NA,S,8,1,82367.82875,50.45,2014,8,38.99,46.94
121341,Active,630740,NA,NA,S,1,0,315786.6475,66,1997,31,33.91,58.37
121342,Active,875888,NA,NA,S,7,1,521.3475,90,2015,30,43.8,52.06
121343,Active,652817,NA,NA,S,1,0,48086.65,51.95,2010,18,29.27,51.93
121344,Active,620817,NA,NA,S,0,0,100706.95,35,2009,28,12.71,20.72
121345,Active,1990823,NA,NA,S,1,0,119130.9,21.99,2013,12,15.39,19.3
121346,Active,1554591,NA,NA,S,0,0,406966.625,50.95,2014,11,45.46,42.27
121347,Active,802024,NA,NA,S,1,0,222441.025,27.95,2010,16,20.91,26.59
121348,Active,632050,NA,NA,S,2,1,53929.53625,90.95,2013,41,41.98,57.31
121349,Active,1786246,NA,NA,S,0,0,74593.05,54.95,2015,8,56.79,51.55
121350,Active,262373,NA,NA,S,2,1,25392.15,21.95,2008,61,8.48,12.96
121351,Active,199600,NA,NA,S,1,0,99261.625,89,2005,20,57.89,62.31
121352,Active,710275,NA,NA,S,1,0,728290.075,75,2001,21,4.39,0
121353,Active,1634513,NA,NA,S,1,0,171017,64,2014,10,38.94,49.67
121354,Active,678491,NA,NA,S,1,0,227180.425,42,2009,53,4,8.22
121355,Active,673844,NA,NA,S,1,0,142948.725,29.95,2012,27,12.66,24.99
121356,Active,3516207,NA,NA,S,1,0,612948.5,46.95,2009,38,8.92,31.19
121357,Active,1631773,NA,NA,S,0,0,18192.075,24.99,2015,14,17.59,15.44
121358,Active,268910,NA,NA,S,0,0,232411.975,24.95,2007,23,11.5,29.88
121359,Active,1982677,NA,NA,S,2,1,88153.4,34.95,2015,15,22.66,26.64
121360,Active,298433,NA,NA,S,1,0,48635,27.95,2010,33,19.18,23.98
121361,Active,121160,NA,NA,S,1,0,36682.875,34.99,2009,65,10.35,23.24
121362,Active,386464,NA,NA,S,0,0,119413.65,38.95,2009,32,4.02,18.98
121363,Active,683461,NA,NA,S,0,0,76522.7,29.95,2007,12,20.48,21.38
121364,Active,630114,NA,NA,S,2,1,786488.0775,35,2009,57,4.64,18.89
121365,Active,623552,NA,NA,S,0,0,117915,34.95,2008,12,26.99,29.21
121366,Active,2103083,NA,NA,S,0,0,49915.15,32,2014,25,19.88,20.61
121367,Active,2161272,NA,NA,S,0,0,61061.775,29,2009,17,21.79,19.37
121368,Active,642307,NA,NA,S,1,0,48862.45,32,2011,19,25.93,21.9
121369,Active,1701506,NA,NA,S,0,0,140815.725,27.95,2012,17,18.92,27.95
121370,Active,2069338,NA,NA,S,1,0,20147.85,24.95,2013,25,14.85,18.53
121371,Active,300287,NA,NA,S,0,0,803665.7088,47.95,2010,26,14.93,33.95
121372,Active,1757315,NA,NA,S,0,0,101212.025,21.95,2015,15,20.23,21.29
121373,Active,751399,NA,NA,S,1,0,111731.8,33,2010,19,22.29,22.4
121374,Active,1710123,NA,NA,S,0,0,137988.85,29.95,2013,18,15.4,20.84
121375,Active,681873,NA,NA,S,1,0,148835.825,29.95,2009,19,11.03,11.99
121376,Active,625142,NA,NA,S,0,0,202960.8,81,2012,23,38.77,50.17
121377,Active,1710225,NA,NA,S,2,1,26297.875,26.95,2015,17,19.12,20.66
121378,Active,651379,NA,NA,S,0,0,246241.625,31.95,2009,15,23.3,24.66
121379,Active,1709990,NA,NA,S,0,0,42360.375,24.95,2008,43,4,9.91
121380,Active,636421,NA,NA,S,0,0,357632.8513,115.95,2005,43,21.78,89.92
121381,Active,205740,NA,NA,S,2,1,219284.2438,24.95,2001,92,4,6.64
121382,Active,3960129,NA,NA,S,0,0,34954.8,28,2015,23,14.86,19.25
121383,Active,1932472,NA,NA,S,1,0,12824.875,34.99,2013,27,18,21.97
121384,Active,1480620,NA,NA,S,1,0,286870.15,53,2014,13,38.61,41.46
121385,Active,1932530,NA,NA,S,1,0,39111.925,24.99,2014,20,16.06,17.08
121386,Active,1932593,NA,NA,S,1,0,34505.675,24.99,2015,21,13.44,12.99
121387,Active,684781,NA,NA,S,2,1,73067.675,26.99,2012,26,10.74,16.97
121388,Active,2160444,NA,NA,S,1,0,191447.85,30,2011,23,15.98,18.74
121389,Active,2102425,NA,NA,S,1,0,36087.8,22.99,2015,16,16.27,16.67
121390,Active,3511131,NA,NA,S,0,0,83546.65,35,2013,13,24.7,21.43
121391,Active,1532341,NA,NA,S,0,0,12639.25,24.95,2014,36,13.79,14.44
121392,Active,1741980,NA,NA,S,5,1,77241.65,25,2006,14,21.08,25
121393,Active,575375,NA,NA,S,2,1,15571.09875,32,2003,158,4,18.69
121394,Active,681210,NA,NA,S,1,0,11166.725,29.99,2013,36,16.13,17.05
121395,Active,1660772,NA,NA,S,0,0,54017.575,28,2014,15,9.97,9.98
121396,Active,3831778,NA,NA,S,1,0,408931.3,53.32,2013,59,5.92,27.17
121397,Active,2023546,NA,NA,S,0,0,83907.45,25,2013,29,14.92,15.06
121398,Active,2095784,NA,NA,S,1,0,70801.525,44.99,2014,16,27.95,27.95
121399,Active,629158,NA,NA,S,1,0,627502.6213,64.99,2012,26,6.93,41.12
121400,Active,3474403,NA,NA,S,1,0,89032.275,49.99,2016,8,28.99,29.83
121401,Active,1886155,NA,NA,S,4,1,730035.3125,39.99,2009,60,4,4.42
121402,Active,505928,NA,NA,S,0,0,1114.125,179,1900,0,0,99
121403,Active,1740046,NA,NA,S,1,0,100746.45,24.99,2009,69,10.66,17.74
121404,Active,685430,NA,NA,S,0,0,108574.775,29.99,2011,34,17.82,20.93
121405,Active,2151698,NA,NA,S,0,0,12644.7,24.99,2014,15,19.54,22.49
121406,Active,3803228,NA,NA,S,1,0,86498.1,39.99,2015,18,29.69,25.38
121407,Active,1938272,NA,NA,S,0,0,22582.2,40,2010,16,28.05,25.4
121408,Active,1908515,NA,NA,S,4,1,28014.56,29.99,2014,31,10.89,20.82
121409,Active,2914644,NA,NA,S,0,0,21502.2,24.95,2015,14,20.89,19.06
121410,Active,2583248,NA,NA,S,9,1,16352.125,0,2005,9,10.64,20.08
121411,Active,1488604,NA,NA,S,0,0,71335.225,29.95,2014,17,14.26,19.82
121412,Active,1672400,NA,NA,S,2,1,153511.0213,18.99,2009,37,5.21,11.98
121413,Active,619549,NA,NA,S,1,0,249895.125,106.95,2013,34,4.98,7.78
121414,Active,2095813,NA,NA,S,1,0,103412.375,34.99,2014,17,22.53,22.15
121415,Active,1517351,NA,NA,S,1,0,95941.6,29.99,2014,13,19.79,20.97
121416,Active,633589,NA,NA,S,0,0,338221.6725,50,1997,34,4.97,21.33
121417,Active,2031669,NA,NA,S,0,0,13793.85,22.99,2015,14,15.72,18.42
121418,Active,2160902,NA,NA,S,0,0,190060.9,42.95,2009,10,19.99,31.39
121419,Active,2107582,NA,NA,S,0,0,7569.575,22.99,2015,12,19.98,14.21
121420,Active,678749,NA,NA,S,2,1,29338.575,24.95,2009,33,13.94,16.12
121421,Active,2045209,NA,NA,S,1,0,5447.3,34.95,2014,18,25.18,23.27
121422,Active,2067902,NA,NA,S,0,0,19563.55,24.99,2015,12,20,18.01
121423,Active,683959,NA,NA,S,3,1,23401.625,29.99,2009,22,18.96,20.29
121424,Active,2045183,NA,NA,S,1,0,33590.75,44.95,2011,21,27.89,27.89
121425,Active,121253,NA,NA,S,4,1,76265.17375,171,2011,84,26.98,123.99
121426,Active,186586,NA,NA,S,1,0,112810.775,23,2010,27,11.69,15.2
121427,Active,543450,NA,NA,S,2,1,716351.2875,11,2009,21,53.97,300.58
121428,Active,628833,NA,NA,S,0,0,11998.325,44.95,2007,24,28.99,28.48
121429,Active,625073,NA,NA,S,1,0,261761.2263,44,2002,38,4,21.38
121430,Active,592434,NA,NA,S,0,0,28474.8,30.95,2009,52,11.73,22.99
121431,Active,132788,NA,NA,S,4,1,44634.86625,169.67,2008,78,38.29,102.94
121432,Active,1759561,NA,NA,S,0,0,183335.725,38.95,2012,10,30.12,27.99
121433,Active,3634594,NA,NA,S,1,0,39323.25,50,2016,13,40.79,42.09
121434,Active,1534943,NA,NA,S,1,0,30124.675,34.75,2014,12,22.99,33.75
121435,Active,277300,NA,NA,S,1,0,469846.2075,69.99,2009,51,4,17.48
121436,Active,598274,NA,NA,S,2,1,85918.9,24.95,2008,15,17.54,13.8
121437,Active,555562,NA,NA,S,1,0,429538.4313,49.95,2005,27,15.17,40.24
121438,Active,132063,NA,NA,S,1,0,64665.8,149,2005,30,4.34,38.98
121439,Active,620832,NA,NA,S,6,1,261572.1288,186.67,2007,38,3.99,103.98
121440,Active,1520243,NA,NA,S,0,0,41313.05,28.75,2014,13,25.55,27.26
121441,Active,2875895,NA,NA,S,1,0,627003.5788,40.95,2004,33,16.08,36.1
121442,Active,2161268,NA,NA,S,0,0,161857.375,29.95,2008,15,17.47,29.92
121443,Active,249475,NA,NA,S,0,0,65760.675,25.95,2010,24,14.98,22.66
121444,Active,742964,NA,NA,S,6,1,468191.01,35.2,2012,16,27.5,0
121445,Active,3581036,NA,NA,S,0,0,242406.475,33.95,2011,16,29.94,33.91
121446,Active,1861135,NA,NA,S,0,0,77158.125,26.95,2014,38,10.73,20.87
121447,Active,896856,NA,NA,S,2,1,38718.34,13.95,2014,23,8.54,11.31
121448,Active,3811932,NA,NA,S,0,0,71749.35,44.99,2015,14,24,28.79
121449,Active,900883,NA,NA,S,1,0,871875.6488,71.5,2007,23,4.47,65.31
121450,Active,3758234,NA,NA,S,1,0,88668.175,49.99,2016,13,39.83,33.36
121451,Active,1932536,NA,NA,S,1,0,82334.875,34.99,2013,18,16.74,20.99
121452,Active,1932565,NA,NA,S,1,0,89344.175,39.99,2014,23,14.82,23.97
121453,Active,2016770,NA,NA,S,1,0,186607.775,49.95,2010,24,24.29,30.33
121454,Active,2002946,NA,NA,S,0,0,627114,38.99,2015,4,39.74,37.8
121455,Active,1939132,NA,NA,S,1,0,168580.25,83,2014,11,46.89,65.57
121456,Active,676070,NA,NA,S,1,0,33017.975,26.95,2012,58,9.18,12.44
121457,Active,1708568,NA,NA,S,0,0,149748.975,26.95,2012,37,10.71,23.92
121458,Active,143286,NA,NA,S,1,0,122574.775,30,2008,19,22.19,30
121459,Active,2020804,NA,NA,S,2,1,61921.85,27.5,2013,15,19.27,25.75
121460,Active,528629,NA,NA,S,1,0,717465.5113,73.95,2011,18,4.66,27.35
121461,Active,528628,NA,NA,S,1,0,645783.095,84.99,2011,21,4.94,13.34
121462,Active,2089225,NA,NA,S,0,0,14326.7,35,2015,10,30.74,33.25
121463,Active,679992,NA,NA,S,2,1,209882.47,22.99,2003,80,4,9.96
121464,Active,157494,NA,NA,S,2,1,103389.15,29.95,2008,28,15.53,22.16
121465,Active,806132,NA,NA,S,0,0,43523.775,23.95,2010,20,21.49,21.52
121466,Active,1688805,NA,NA,S,1,0,34735.1,34.99,2014,18,22.14,22.47
121467,Active,1730776,NA,NA,S,2,1,135143.225,47.75,2013,9,27.92,36.55
121468,Active,546590,NA,NA,S,0,0,16139.425,26.99,2009,17,15.04,16.97
121469,Active,615535,NA,NA,S,1,0,31330.85,44.95,1900,56,19.92,26.73
121470,Active,2142886,NA,NA,S,0,0,158872.575,21.95,2007,47,7.49,14.21
121471,Active,1932600,NA,NA,S,1,0,101324.95,34.99,2014,18,18.99,22.4
121472,Active,3621834,NA,NA,S,1,0,157377.4,24.95,2007,10,13.09,22.99
121473,Active,802736,NA,NA,S,9,1,581667.1213,29.99,2011,35,4,5.88
121474,Active,301163,NA,NA,S,0,0,151779.49,55,2007,34,17.61,35.11
121475,Active,1943083,NA,NA,S,0,0,5764.3,26,2015,16,16.95,15.99
121476,Active,723287,NA,NA,S,1,0,157483.4525,74,2008,23,4.97,32.99
121477,Active,168897,NA,NA,S,0,0,2140.86625,3.5,2007,84,4,3.5
121478,Active,2009289,NA,NA,S,0,0,60541.85,38.95,2012,13,31.56,33.3
121479,Active,2009372,NA,NA,S,0,0,145053.325,32.95,2014,12,29.63,29.98
121480,Active,687145,NA,NA,S,1,0,94737.95,31,2007,24,17.56,22.12
121481,Active,3578233,NA,NA,S,0,0,182183.25,45,2014,52,4.69,24.9
121482,Active,2263002,NA,NA,S,10,1,852056.3388,46.76,2010,25,5.97,30.27
121483,Active,753849,NA,NA,S,9,1,343985.8988,48.95,2013,29,16.38,35.34
121484,Active,292528,NA,NA,S,0,0,241700.4988,27,2008,25,20.94,27
121485,Active,1837602,NA,NA,S,0,0,236883.1863,42,2013,25,21.47,30.33
121486,Active,558714,NA,NA,S,0,0,27941.975,39,2011,16,24.53,29.11
121487,Active,3496160,NA,NA,S,0,0,109431.225,50,2014,16,33.97,34.25
121488,Active,2166201,NA,NA,S,0,0,171159.15,37.95,2014,14,22.02,24.41
121489,Active,2293811,NA,NA,S,2,1,5767.625,0,2015,0,0,5.48
121490,Active,1575796,NA,NA,S,0,0,26311.975,29.97,2012,16,18.94,20.94
121491,Active,1918344,NA,NA,S,0,0,56790.9,24.99,2012,14,18.4,18.2
121492,Active,133915,NA,NA,S,0,0,743034.8763,45,2010,46,8.36,11.96
121493,Active,2495876,NA,NA,S,0,0,209199.5625,24.95,2000,104,4,14.99
121494,Active,1966158,NA,NA,S,0,0,5047.3,22.95,2013,6,11.02,11.05
121495,Active,1686641,NA,NA,S,0,0,69579.975,34.95,2013,22,19.01,21.37
121496,Active,1639930,NA,NA,S,0,0,30596.05,28.99,2009,12,15.99,20.67
121497,Active,2808202,NA,NA,S,2,1,579760.6525,45,2005,34,4.49,42.72
121498,Active,592852,NA,NA,S,1,0,146153.3,81.75,2012,46,19.1,66
121499,Active,649598,NA,NA,S,2,1,50794.0275,119.95,2013,60,37.77,87.84
121500,Active,646561,NA,NA,S,0,0,375315.8313,66,2007,27,8.49,0
121501,Active,610160,NA,NA,S,3,1,65785.93375,157.95,2012,37,42.82,76.64
121502,Active,665340,NA,NA,S,0,0,847698.8663,56,2012,30,4.9,7.97
121503,Active,893181,NA,NA,S,8,1,514798.45,29.99,2014,41,4,0
121504,Active,910960,NA,NA,S,2,1,504165.4638,34.95,2006,20,7.2,18.61
121505,Active,199027,NA,NA,S,2,1,204464.18,131,1998,43,10.93,89.43
121506,Active,873248,NA,NA,S,2,1,73445.97875,99.95,2014,23,51.99,57.53
121507,Active,867696,NA,NA,S,7,1,404516.3138,109,2014,44,45.69,73.98
121508,Active,2104814,NA,NA,S,0,0,247441.125,49.95,2014,12,25.27,33.02
121509,Active,2416118,NA,NA,S,0,0,668407.16,80,1994,16,13.3,46.49
121510,Active,621590,NA,NA,S,7,1,50684.55625,120,2013,84,29.76,33.98
121511,Active,592846,NA,NA,S,3,1,140360.47,85,2011,43,25.27,21.06
121512,Active,535485,NA,NA,S,3,1,42710.57,169.95,2013,61,52.8,68.97
121513,Active,612440,NA,NA,S,7,1,11532.98625,159.95,2013,68,50.59,107.91
121514,Active,872826,NA,NA,S,4,1,100510.4538,96,2015,42,35.99,43.33
121515,Active,2047576,NA,NA,S,2,1,294022.1663,65,2013,21,17.99,59.86
121516,Active,895307,NA,NA,S,3,1,219220.315,95,2015,34,36.98,50.95
121517,Active,866612,NA,NA,S,6,1,34168.95875,120,2014,61,43.99,54.96
121518,Active,645992,NA,NA,S,7,1,821182.955,42,2010,26,13.3,27.99
121519,Active,1697047,NA,NA,S,0,0,35000.15,27,2015,40,10.69,12.98
121520,Active,691163,NA,NA,S,0,0,48859.91875,24.99,2013,18,12.53,12.55
121521,Active,1496588,NA,NA,S,1,0,75700.725,24.99,2011,22,18.41,42.28
121522,Active,1665827,NA,NA,S,0,0,274411.2613,29.99,2007,35,9.23,18.74
121523,Active,1716010,NA,NA,S,0,0,84782.3,45,2013,7,26.87,32.47
121524,Active,1437353,NA,NA,S,1,0,32966.275,23,2014,28,7.16,8.77
121525,Active,686644,NA,NA,S,0,0,110310.725,29,2013,38,8.81,13.93
121526,Active,3510937,NA,NA,S,0,0,38334,15,1980,99,4,111.01
121527,Active,1575322,NA,NA,S,1,0,98550.75,24.95,2009,33,9.43,14.53
121528,Active,2112943,NA,NA,S,0,0,206479.125,29.95,2014,21,20.56,20.57
121529,Active,1814420,NA,NA,S,0,0,60387.85,42,2012,15,18.98,24.54
121530,Active,642821,NA,NA,S,1,0,424170.4063,47.95,1998,29,19.51,41.7
121531,Active,672893,NA,NA,S,0,0,18512.25,21.99,2012,42,5.23,12.39
121532,Active,1600625,NA,NA,S,0,0,34748.675,24.99,2015,22,16,16.48
121533,Active,1655801,NA,NA,S,0,0,49227.45,21.99,2011,40,4.46,28.7
121534,Active,864174,NA,NA,S,1,0,84417.675,24.95,2012,68,13.76,16.26
121535,Active,681883,NA,NA,S,2,1,217339.85,29.95,2009,18,5.03,15.98
121536,Active,624664,NA,NA,S,0,0,13768.35,40,2013,23,12.93,20.27
121537,Active,1958109,NA,NA,S,0,0,40314.95,21.99,2014,37,8.22,16.66
121538,Active,3960197,NA,NA,S,0,0,66486.075,24.99,2015,25,8.04,15.99
121539,Active,687319,NA,NA,S,0,0,4296.9,24.99,2013,42,8.25,13.54
121540,Active,2045203,NA,NA,S,1,0,70588.475,24.95,2013,25,13.52,14.97
121541,Active,905109,NA,NA,S,0,0,5560.125,21.99,2014,34,7.99,10.35
121542,Active,2133040,NA,NA,S,1,0,67365.225,24.95,2014,16,15.99,18.41
121543,Active,2874221,NA,NA,S,2,1,765020.05,118.45,1993,63,4.22,12.97
121544,Active,545884,NA,NA,S,2,1,232674.1763,39.95,2011,24,13.27,16.98
121545,Active,893198,NA,NA,S,5,1,223497.3875,51.99,2013,21,18.98,65.66
121546,Active,860107,NA,NA,S,3,1,442933.4475,75,2010,22,12.96,42.94
121547,Active,610198,NA,NA,S,1,0,510443.8813,16.95,2003,89,4,6.25
121548,Active,194153,NA,NA,S,1,0,68483,69,2008,15,44.98,44.97
121549,Active,1971259,NA,NA,S,6,1,474277.2338,12.95,2012,30,4.48,33.94
121550,Active,2072021,NA,NA,S,0,0,126547.8,49.95,2010,15,29.63,31.36
121551,Active,683071,NA,NA,S,2,1,108764.8,33.95,2012,22,18.95,21.49
121552,Active,771391,NA,NA,S,1,0,66952.475,110.95,2008,29,58.94,76.69
121553,Active,1830568,NA,NA,S,0,0,78921.175,35,2010,45,8.22,8.47
121554,Active,559828,NA,NA,S,0,0,826702.61,47,1999,54,9.01,28.72
121555,Active,3812717,NA,NA,S,0,0,109827.125,29.99,2014,18,12.93,18.97
121556,Active,682094,NA,NA,S,0,0,26877.35,25,2012,18,12.21,15.26
121557,Active,538487,NA,NA,S,13,1,54743.22,294.25,2013,83,52.91,71.79
121558,Active,1565947,NA,NA,S,0,0,41601.7,27.5,2015,18,14.09,18.23
121559,Active,2604074,NA,NA,S,0,0,674178.46,49.99,2005,22,11.46,40.48
121560,Active,662964,NA,NA,S,0,0,246598.575,37.95,2007,26,23.99,37.95
121561,Active,1982683,NA,NA,S,0,0,66883.85,34.95,2015,8,31.88,31.88
121562,Active,1937901,NA,NA,S,0,0,10595.375,23,2012,37,10.84,13.59
121563,Active,1870661,NA,NA,S,0,0,30903.5,25,2008,33,8.77,10.2
121564,Active,612579,NA,NA,S,0,0,173363.775,44.99,2013,18,27.41,37.14
121565,Active,2039075,NA,NA,S,0,0,118904.95,24.95,2008,32,10.72,17.29
121566,Active,684832,NA,NA,S,0,0,12387.375,29.99,2011,30,17.29,19.47
121567,Active,3634934,NA,NA,S,1,0,161528.075,75,2016,8,56.03,55.54
121568,Active,1698861,NA,NA,S,0,0,99359.15,22.99,2009,55,4,7.93
121569,Active,2021299,NA,NA,S,0,0,96420.8,27,2008,20,9.33,16.21
121570,Active,651212,NA,NA,S,0,0,575905.62,97.5,2002,42,32.99,114.3
121571,Active,680258,NA,NA,S,1,0,501459.9738,27.45,1996,37,10.37,15.69
121572,Active,2041098,NA,NA,S,0,0,801506.14,69.95,2006,16,10.38,10.93
121573,Active,918128,NA,NA,S,0,0,132402,25.95,2009,30,4.08,11.64
121574,Active,1463818,NA,NA,S,4,1,657120.4988,24.94,2011,12,19.9,19.88
121575,Active,3823218,NA,NA,S,0,0,82225.4,20.99,2016,11,20.71,20.72
121576,Active,580937,NA,NA,S,2,1,497761.0813,29.99,2010,41,20.13,29.99
121577,Active,1908452,NA,NA,S,0,0,8691.215,14.99,2015,54,5.58,10.13
121578,Active,3739126,NA,NA,S,0,0,28690,14.99,2016,17,7.99,8.43
121579,Active,528602,NA,NA,S,4,1,76702.7525,14.99,2009,54,4,7.03
121580,Active,779564,NA,NA,S,3,1,477045.2138,18.99,2009,23,5.14,0
121581,Active,1493631,NA,NA,S,0,0,569967.7888,62,2007,17,32.64,50.47
121582,Active,1919979,NA,NA,S,0,0,56562.35,24.95,2014,25,11.46,11.85
121583,Active,1588590,NA,NA,S,2,1,44659.7,32,2007,36,10.56,17.99
121584,Active,1588593,NA,NA,S,2,1,69005.1,32,2007,31,7.68,30.2
121585,Active,1588587,NA,NA,S,2,1,29533.975,32,2007,29,21.71,21.71
121586,Active,677650,NA,NA,S,1,0,116425.05,24.95,2009,31,13.97,16.57
121587,Active,917814,NA,NA,S,0,0,135354.9438,21.95,2004,47,6.22,16.74
121588,Active,538016,NA,NA,S,1,0,67723.7075,16.95,1997,61,17.83,75.99
121589,Active,3599569,NA,NA,S,0,0,102547.15,27,2007,26,17.43,21.06
121590,Active,2027813,NA,NA,S,1,0,41752.8,25,2014,9,24,25
121591,Active,2100803,NA,NA,S,0,0,96226.9,24.95,2013,28,13.86,15.64
121592,Active,679122,NA,NA,S,1,0,60699.8,21.95,2013,41,7.98,16.05
121593,Active,2164757,NA,NA,S,7,1,76439.975,24.95,2011,17,23.84,24.74
121594,Active,2164758,NA,NA,S,0,0,148130.725,24.95,2011,15,21.86,22.7
121595,Active,671918,NA,NA,S,0,0,35532.475,26.99,2014,61,8.46,10.63
121596,Active,627899,NA,NA,S,1,0,5226.3,34.95,2012,33,17.69,22.93
121597,Active,690874,NA,NA,S,0,0,121848.575,33.95,2011,22,23.96,23.95
121598,Active,2394493,NA,NA,S,0,0,7899.59375,12,1982,150,5.12,7.36
121599,Active,1715980,NA,NA,S,0,0,201742.1,23.95,2014,13,21.26,21.2
121600,Active,2604566,NA,NA,S,0,0,605620.1438,44.99,2005,26,5.93,9.7
121601,Active,1460379,NA,NA,S,0,0,55899.85,35,2012,17,19.98,20.08
121602,Active,1587848,NA,NA,S,0,0,278605.6238,44.99,2010,27,10.51,35.92
121603,Active,1701588,NA,NA,S,0,0,276012.455,29.95,2013,25,28.98,29.59
121604,Active,1432806,NA,NA,S,0,0,58865.6,27.99,2014,56,11.1,13.99
121605,Active,909914,NA,NA,S,25,1,42148.3,25.95,2014,21,18.05,19.03
121606,Active,2940743,NA,NA,S,1,0,703474.72,41.95,2004,29,18.98,23.29
121607,Active,542489,NA,NA,S,0,0,126382.925,24.95,2012,18,15.48,18.97
121608,Active,2468579,NA,NA,S,0,0,383681.6675,7.99,2004,143,3.93,5.98
121609,Active,859146,NA,NA,S,4,1,525195.7438,78.95,2004,21,6.49,22.13
121610,Active,866613,NA,NA,S,7,1,137034.5338,145.95,2015,33,40.95,56.94
121611,Active,1830017,NA,NA,S,7,1,107488.3475,82.95,2015,28,44.89,61.36
121612,Active,2151818,NA,NA,S,0,0,68756.95,70,2014,14,35.97,44.72
121613,Active,1703417,NA,NA,S,1,0,150729.2,76,2013,14,16.63,58.25
121614,Active,2814621,NA,NA,S,0,0,595226.5388,26,2000,37,4,8.98
121615,Active,863443,NA,NA,S,0,0,146658.575,29.95,2007,18,25.24,33.94
121616,Active,1532293,NA,NA,S,0,0,2118.775,35,2013,18,20.3,20.3
121617,Active,1496209,NA,NA,S,1,0,4614.6,24.95,2012,30,12.99,15.88
121618,Active,1496210,NA,NA,S,1,0,33984.925,35,2011,54,10.47,21.73
121619,Active,119512,NA,NA,S,1,0,72881.4,24.99,2009,12,17.18,19.26
121620,Active,676925,NA,NA,S,0,0,40145.675,26.95,2008,42,10.57,16.71
121621,Active,680621,NA,NA,S,1,0,143536.725,25.99,2010,27,12.55,17.46
121622,Active,923492,NA,NA,S,0,0,587395.1825,65,1999,157,4,19.98
121623,Active,534408,NA,NA,S,6,1,211509.2225,602.99,2006,42,6.89,111.23
121624,Active,634979,NA,NA,S,0,0,108892.075,36.95,2011,20,18.22,73.98
121625,Active,1878920,NA,NA,S,0,0,398054.975,0,2009,31,8.56,38.99
121626,Active,2275348,NA,NA,S,0,0,57531.55,0,2008,26,5.81,20.98
121627,Active,2166771,NA,NA,S,0,0,91433.925,22.95,2013,20,12.45,6.91
121628,Active,3467108,NA,NA,S,0,0,22651.4,16.99,2015,21,11.39,13.11
121629,Active,528590,NA,NA,S,2,1,49363.38375,19.95,2010,28,8.38,12.71
121630,Active,3528853,NA,NA,S,2,1,27014.1,29.95,2015,25,18.54,21.17
121631,Active,186565,NA,NA,S,1,0,122832.45,22,2009,25,12.33,19.62
121632,Active,1871898,NA,NA,S,1,0,20379.7,26.99,2014,25,12.84,17.99
121633,Active,1856862,NA,NA,S,0,0,82687.7,69.99,2014,13,44.81,46.07
121634,Active,3499032,NA,NA,S,0,0,831063.7,69.99,2000,59,17.53,35.39
121635,Active,1856688,NA,NA,S,0,0,13876.4475,39.99,2011,49,11.61,21.82
121636,Active,679758,NA,NA,S,0,0,1797.7,29.99,2012,26,18.08,18.44
121637,Active,248697,NA,NA,S,0,0,63147.15,79.99,2006,14,57.94,59.3
121638,Active,3729538,NA,NA,S,0,0,159715.45,59.99,2011,20,33.78,41.24
121639,Active,1745889,NA,NA,S,1,0,193189.025,22,2012,29,4,11.89
121640,Active,1576792,NA,NA,S,0,0,48760.675,29.95,2014,15,23.43,22.72
121641,Active,919889,NA,NA,S,0,0,109257.725,29.95,2007,52,4.72,35.99
121642,Active,597275,NA,NA,S,0,0,59029.26375,22.95,2008,25,13.44,0
121643,Active,178893,NA,NA,S,1,0,116628.1575,83,2010,75,6.82,41.41
121644,Active,919757,NA,NA,S,0,0,91345.575,34.98,2010,20,13.49,19.99
121645,Active,1918437,NA,NA,S,0,0,140252.55,26.99,2013,19,12.19,13.18
121646,Active,2028707,NA,NA,S,0,0,110611.975,44.99,2011,28,21.88,22.93
121647,Active,768331,NA,NA,S,0,0,180142.05,25,2012,19,11.85,13.25
121648,Active,1576603,NA,NA,S,0,0,89569.525,29.95,2013,22,16.87,21.2
121649,Active,132514,NA,NA,S,3,1,784275.49,40.4,2008,36,3.99,5.29
121650,Active,895103,NA,NA,S,3,1,857744.2788,57,2006,18,7.74,51.36
121651,Active,858589,NA,NA,S,1,0,384936.0513,44.99,1996,40,5.87,25.94
121652,Active,134410,NA,NA,S,0,0,112499.425,25,2007,24,10.55,15.18
121653,Active,483632,NA,NA,S,0,0,87995.525,27,2009,40,20.19,17.87
121654,Active,689638,NA,NA,S,1,0,86042.875,22.95,2013,69,8.04,13.54
121655,Active,1716032,NA,NA,S,0,0,91917.5,23.95,2014,13,19.85,18.42
121656,Active,1970343,NA,NA,S,1,0,64641.625,25,2015,25,6.29,11.4
121657,Active,2794042,NA,NA,S,0,0,623570.9213,12.76,1962,44,4,48.9
121658,Active,1864805,NA,NA,S,0,0,9109.4575,9.99,2007,79,4,6.02
121659,Active,923197,NA,NA,S,0,0,429479.6188,2999.99,1997,121,3.72,5.4
121660,Active,2064830,NA,NA,S,0,0,141541.075,24.95,2009,29,4,5.95
121661,Active,1710782,NA,NA,S,0,0,91555.275,25,2008,14,13.99,19.59
121662,Active,615774,NA,NA,S,0,0,516468.0813,54.95,2005,49,5.48,18.9
121663,Active,1607447,NA,NA,S,1,0,17563.175,30,2009,50,8.18,15.47
121664,Active,2358243,NA,NA,S,0,0,269165.5525,105.32,2005,20,36.98,47.99
121665,Active,2305232,NA,NA,S,0,0,327238.0125,94.64,1998,86,4.06,17.28
121666,Active,2031340,NA,NA,S,0,0,145474.725,66.99,2007,20,21.24,73.25
121667,Active,708991,NA,NA,S,0,0,231406.5338,98.49,2008,13,31.93,98.34
121668,Active,679232,NA,NA,S,1,0,219569.775,28.95,2012,33,4,15.49
121669,Active,555565,NA,NA,S,1,0,593857.0025,18.95,2004,38,4,13.95
121670,Active,3620577,NA,NA,S,6,1,81787,16.95,2016,7,13.62,13.77
121671,Active,1684602,NA,NA,S,0,0,70843.975,59.97,2006,33,6.21,14.95
121672,Active,630488,NA,NA,S,2,1,394890.6938,150,2013,43,5.18,123.38
121673,Active,1947378,NA,NA,S,0,0,84926.3,24.99,2014,11,27.84,24.99
121674,Active,630583,NA,NA,S,10,1,70232.01375,101.5,2012,35,19.98,30.4
121675,Active,2492202,NA,NA,S,3,1,16068.9525,7.99,1995,74,4,7.38
121676,Active,2098175,NA,NA,S,1,0,88195.55,27.95,2014,11,8.45,12.98
121677,Active,1496060,NA,NA,S,0,0,111421.755,35,2013,27,19.93,21.53
121678,Active,2100985,NA,NA,S,1,0,108951.5138,15.95,2013,18,9.49,12.75
121679,Active,2160907,NA,NA,S,1,0,28022.4,21.95,2009,22,17.03,17.81
121680,Active,548615,NA,NA,S,1,0,226208.2,24.95,2008,66,4,11.34
121681,Active,2064827,NA,NA,S,0,0,118417.375,29.95,2009,64,4.86,8.39
121682,Active,1815346,NA,NA,S,0,0,53190.675,29.99,2015,31,9.97,11.75
121683,Active,2141651,NA,NA,S,5,1,45734.6,26.95,2011,26,16.81,26.95
121684,Active,1627632,NA,NA,S,0,0,72686.725,24.95,2015,23,16.92,16.97
121685,Active,3800340,NA,NA,S,1,0,144259.275,24.95,2012,21,16.46,19.05
121686,Active,678631,NA,NA,S,0,0,80754.675,27.99,2012,17,15.94,15.98
121687,Active,1536263,NA,NA,S,1,0,226794.775,24.95,2009,43,4,9.42
121688,Active,1498473,NA,NA,S,0,0,66333.275,32.99,2013,21,17.41,17.37
121689,Active,2263916,NA,NA,S,6,1,926506.975,107.09,1900,38,14.5,82.32
121690,Active,3815587,NA,NA,S,0,0,91964.3,45,2014,41,16.94,20
121691,Active,695993,NA,NA,S,1,0,87685.17625,84.05,2009,40,17.84,29.94
121692,Active,695994,NA,NA,S,1,0,323277.345,108.4,2009,22,11.99,18.84
121693,Active,2594992,NA,NA,S,1,0,668581.6713,94.99,1992,28,7.31,75
121694,Active,1758157,NA,NA,S,1,0,106749.7,21.95,2014,14,15.87,17.63
121695,Active,2137777,NA,NA,S,0,0,60136.3,29.95,2011,20,19.34,22.16
121696,Active,563275,NA,NA,S,0,0,27560.075,109,1999,36,47.76,56.99
121697,Active,810593,NA,NA,S,1,0,228318.55,26,2010,69,4,6.67
121698,Active,2079692,NA,NA,S,0,0,52628.95,24.99,2015,27,13.13,17.81
121699,Active,1471329,NA,NA,S,1,0,21873.725,27.95,2014,26,4.32,3.65
121700,Active,1669076,NA,NA,S,2,1,89946.6,24.95,2013,36,8.83,19.02
121701,Active,2110264,NA,NA,S,1,0,113759.1,35,2013,16,10.72,28.24
121702,Active,685984,NA,NA,S,1,0,70645.625,24.99,2012,21,13.56,18.57
121703,Active,649870,NA,NA,S,0,0,225606.175,40,2012,20,22.97,23.66
121704,Active,2676958,NA,NA,S,0,0,33756.85,49.99,2002,30,20,31.24
121705,Active,2123497,NA,NA,S,0,0,63023.45,39.99,2008,9,27.19,28.25
121706,Active,649443,NA,NA,S,1,0,92672.5,35,2013,42,4.48,13.67
121707,Active,1873123,NA,NA,S,0,0,121097.475,22.99,2011,34,4,9.63
121708,Active,2385908,NA,NA,S,1,0,395264.4013,56.01,1969,38,4,63.55
121709,Active,767954,NA,NA,S,1,0,86367.525,26,2013,66,4,4.4
121710,Active,1478499,NA,NA,S,0,0,635579.22,17.95,2010,74,7.64,10.79
121711,Active,1815252,NA,NA,S,0,0,81479.675,40,2015,17,15.98,18.98
121712,Active,1706499,NA,NA,S,0,0,675400.4738,50,2007,36,4,5.44
121713,Active,1964620,NA,NA,S,1,0,87506.05,35,2015,23,15.96,21.3
121714,Active,2049333,NA,NA,S,1,0,74983.175,22.99,2012,57,6.35,7.29
121715,Active,866051,NA,NA,S,1,0,509271.2875,17.95,2005,50,4.1,8.38
121716,Active,811501,NA,NA,S,0,0,39200.925,20.56,2010,7,21.5,16.65
121717,Active,877252,NA,NA,S,5,1,1379.2875,207.6,2015,99,48.99,56.12
121718,Active,569577,NA,NA,S,2,1,616825.07,313.95,2004,30,4,0
121719,Active,1476013,NA,NA,S,1,0,72107.125,49.95,2013,7,41.85,42.31
121720,Active,3210768,NA,NA,S,0,0,542510.4438,114,2005,55,4,8.39
121721,Active,545606,NA,NA,S,2,1,814153.39,256.95,2010,42,5.08,14.66
121722,Active,126161,NA,NA,S,2,1,671548.0163,140,2001,27,5.9,47.65
121723,Active,546416,NA,NA,S,0,0,49062.61,26,2005,21,18,23.99
121724,Active,265127,NA,NA,S,2,1,7091.575,32,2011,40,21.77,30.4
121725,Active,858769,NA,NA,S,0,0,532597.2025,60.95,2000,25,8.99,45.61
121726,Active,246250,NA,NA,S,1,0,164389.31,52.95,2007,25,11.99,11.94
121727,Active,3635044,NA,NA,S,4,1,52234,24.99,2016,16,17.25,17.31
121728,Active,2612202,NA,NA,S,1,0,526823.825,79.99,2000,27,16.14,58.9
121729,Active,677153,NA,NA,S,1,0,171648.725,26,2010,29,4,13.24
121730,Active,3805096,NA,NA,S,0,0,71586.75,21.99,2015,15,16.87,16.91
121731,Active,1607506,NA,NA,S,1,0,28142.65,27,2011,39,8.82,16.26
121732,Active,3763462,NA,NA,S,2,1,167419.45,40.99,2016,8,36.23,28.69
121733,Active,906959,NA,NA,S,0,0,618121.1288,39.99,2006,21,4,11.47
121734,Active,264287,NA,NA,S,1,0,537571.8913,51.99,2006,35,6.99,32.99
121735,Active,528554,NA,NA,S,1,0,657325.7438,42.95,2010,95,4,4
121736,Active,2972515,NA,NA,S,7,1,75625.94625,79.99,2015,22,48.04,50.77
121737,Active,1936424,NA,NA,S,4,1,36486.6375,71.99,2015,30,36.8,49.64
121738,Active,204110,NA,NA,S,1,0,576590.2763,92.99,2008,23,6.99,12.5
121739,Active,650102,NA,NA,S,1,0,117632.35,48.99,2010,29,20.29,35.75
121740,Active,3763461,NA,NA,S,6,1,43978,42.99,2016,17,20.41,23.46
121741,Active,3462280,NA,NA,S,12,1,5079,59.99,2016,23,30.44,41.98
121742,Active,2071503,NA,NA,S,1,0,109894.55,31.99,2009,9,4,4
121743,Active,1534744,NA,NA,S,1,0,3548.475,35,2014,15,19.25,20.83
121744,Active,687110,NA,NA,S,0,0,43573.85,25.95,2009,41,13.51,17.08
121745,Active,890524,NA,NA,S,0,0,788414.3688,23.99,2011,14,21.79,0
121746,Active,3485528,NA,NA,S,3,1,222951.175,80.67,2014,49,4.99,12.98
121747,Active,2670166,NA,NA,S,8,1,325627.9138,50.77,1993,29,4,38.99
121748,Active,591705,NA,NA,S,0,0,208516.025,57.95,2010,21,22.92,21.02
121749,Active,1783543,NA,NA,S,4,1,174333.275,38.12,2013,27,12.04,23.98
121750,Active,634867,NA,NA,S,1,0,519276.4688,53.32,2011,38,4,35.98
121751,Active,1480498,NA,NA,S,1,0,89366.975,72.95,2015,18,31.12,63.98
121752,Active,622872,NA,NA,S,1,0,366868.235,46.95,1994,17,17.58,59.94
121753,Active,2257758,NA,NA,S,5,1,133630.35,117.95,2008,13,13.12,141.7
121754,Active,3058278,NA,NA,S,0,0,665920.175,12.95,1994,43,4,8.98
121755,Active,603420,NA,NA,S,3,1,141239.6488,57,2010,25,16.11,49.57
121756,Active,1598698,NA,NA,S,0,0,200437.95,20.24,2008,33,6.04,9
121757,Active,686435,NA,NA,S,0,0,116578.125,26.95,2008,20,22.03,29.99
121758,Active,170028,NA,NA,S,2,1,127883.2563,235.95,2010,46,18.22,41.99
121759,Active,2373371,NA,NA,S,0,0,803200.6238,78,2002,47,4,9.98
121760,Active,608754,NA,NA,S,5,1,544034.5888,53.96,2002,50,4,4.49
121761,Active,172347,NA,NA,S,1,0,399825.6038,54.99,2001,40,14.39,38.97
121762,Active,826705,NA,NA,S,1,0,659760.9588,43.95,1992,28,13.98,16.49
121763,Active,886979,NA,NA,S,4,1,503100.85,76.4,2014,14,15.49,0
121764,Active,638328,NA,NA,S,0,0,487471.8663,45.95,2003,26,4.99,31.67
121765,Active,288958,NA,NA,S,0,0,33599.125,34.38,2009,31,23.82,28.84
121766,Active,148928,NA,NA,S,0,0,383219.3813,43.13,2005,35,4.68,28.98
121767,Active,300475,NA,NA,S,2,1,195893.2688,52,2011,24,19.98,26.93
121768,Active,683424,NA,NA,S,2,1,110173.175,29.95,2009,50,10.86,29.42
121769,Active,528549,NA,NA,S,5,1,42815.36875,99,2011,65,43.78,75.78
121770,Active,2546072,NA,NA,S,0,0,810894.3275,40.95,2004,35,14.99,25.87
121771,Active,584092,NA,NA,S,5,1,231078.5138,37.5,2008,37,16,0
121772,Active,2529558,NA,NA,S,0,0,441639.5263,43.95,1999,45,7.5,20.94
121773,Active,1719269,NA,NA,S,0,0,68626.6,22.95,2007,43,10.89,19.61
121774,Active,831968,NA,NA,S,0,0,605050.765,77.95,1994,31,11.27,55.74
121775,Active,627802,NA,NA,S,1,0,525141.4713,155.95,1970,42,11.75,80.91
121776,Active,130830,NA,NA,S,5,1,172847.86,119,2011,31,11.89,23.99
121777,Active,461744,NA,NA,S,0,0,138746.725,103.3,2007,54,10.52,70.12
121778,Active,743097,NA,NA,S,6,1,6484.06125,114.6,2014,71,45.97,83.96
121779,Active,157575,NA,NA,S,0,0,361763.2825,49.95,2010,25,11.47,45.92
121780,Active,130828,NA,NA,S,6,1,55273.16875,139,2011,43,12.38,104.99
121781,Active,130829,NA,NA,S,4,1,273097.04,139,2011,46,27.89,107.43
121782,Active,581824,NA,NA,S,0,0,594243.815,79.95,2001,65,5.48,10.23
121783,Active,635638,NA,NA,S,2,1,54095.7375,88.4,2012,50,23.99,33.99
121784,Active,553998,NA,NA,S,0,0,648239.7075,97.25,1994,99,4.13,25.92
121785,Active,613230,NA,NA,S,7,1,230834.4038,72,2001,104,4,14.89
121786,Active,1869205,NA,NA,S,0,0,179754.25,22.95,2013,8,16.56,16.56
121787,Active,113849,NA,NA,S,5,1,248720.6425,113.87,2000,60,6.12,112.95
121788,Active,881764,NA,NA,S,13,1,170999.425,143.2,2015,35,41.44,106.43
121789,Active,2248376,NA,NA,S,6,1,82210.275,92.98,2007,19,45.98,78.23
121790,Active,614676,NA,NA,S,3,1,824571.8163,48.75,1994,50,4,26.99
121791,Active,543764,NA,NA,S,8,1,46770.02625,199.95,2012,54,46.22,110.23
121792,Active,614139,NA,NA,S,0,0,122245.825,89.7,2005,85,5.86,28.99
121793,Active,543276,NA,NA,S,3,1,834671.5175,60,2011,13,17.71,67.05
121794,Active,709712,NA,NA,S,0,0,122199.75,101.8,2010,17,5.98,29.24
121795,Active,633142,NA,NA,S,0,0,147233.5,129.25,2011,33,43.97,85.61
121796,Active,1454261,NA,NA,S,0,0,206714.6,33.99,2011,11,9.98,53.99
121797,Active,924237,NA,NA,S,12,1,102496.7313,37.99,2015,61,38.09,43.98
121798,Active,613420,NA,NA,S,7,1,90843.325,85.99,2003,90,5.48,47.88
121799,Active,551898,NA,NA,S,7,1,140687.8,107.9,2011,55,6.48,13.43
121800,Active,3719007,NA,NA,S,3,1,174788,66,2016,26,28.94,57.92
121801,Active,614037,NA,NA,S,0,0,176864.4,123.75,1999,53,3.98,43.04
121802,Active,910801,NA,NA,S,0,0,79238.825,0,2012,33,4,8.97
121803,Active,768097,NA,NA,S,0,0,133339.975,26.99,2010,51,17.98,17.98
121804,Active,1602525,NA,NA,S,0,0,7822.90625,6.99,2009,188,4,4.45
121805,Active,1603675,NA,NA,S,0,0,57086.2,6.99,2011,97,4,5.74
121806,Active,1680224,NA,NA,S,0,0,96832.025,22.99,2014,19,15.96,16.78
121807,Active,2896034,NA,NA,S,3,1,129461.785,14.95,1994,102,4.3,45
121808,Active,1918366,NA,NA,S,0,0,123822.15,22.99,2012,30,12.91,12.92
121809,Active,675047,NA,NA,S,1,0,79274.075,32.99,2009,63,4,11.93
121810,Active,1710374,NA,NA,S,0,0,487582.9888,49.95,2011,28,21.58,42.98
121811,Active,1668886,NA,NA,S,2,1,116694.5025,19.95,2011,20,9.7,12.99
121812,Active,1859688,NA,NA,S,1,0,116356.025,21.99,2008,54,4,4
121813,Active,1625796,NA,NA,S,0,0,200948.3,35,2013,18,25.89,26.54
121814,Active,1565372,NA,NA,S,0,0,77683.43,3.95,2012,54,3.95,3.95
121815,Active,160669,NA,NA,S,0,0,671360.66,3.95,2004,73,3.42,6.98
121816,Active,1669104,NA,NA,S,1,0,93238.975,26.95,2014,19,14.19,19.98
121817,Active,1856454,NA,NA,S,0,0,140487.25,24.99,2008,41,10.05,16.49
121818,Active,2225276,NA,NA,S,0,0,163698.75,312.27,2007,12,12.09,8.65
121819,Active,1508746,NA,NA,S,0,0,27815.95,30,2014,26,10.93,20.31
121820,Active,1970195,NA,NA,S,0,0,37673.1,22.99,2014,53,7.35,12
121821,Active,689660,NA,NA,S,0,0,99602,29.95,2012,18,24.06,25.81
121822,Active,1536457,NA,NA,S,1,0,48994.425,26.95,2015,37,4.08,16.91
121823,Active,675963,NA,NA,S,1,0,241320.61,29.95,1996,60,4.92,17.99
121824,Active,622064,NA,NA,S,1,0,423940.03,49.99,2004,26,6.37,23.59
121825,Active,1462342,NA,NA,S,0,0,122641.45,20.99,2014,13,11.96,15.95
121826,Active,1462341,NA,NA,S,0,0,94644.975,20.99,2013,46,6.01,10.71
121827,Active,2021465,NA,NA,S,1,0,70521.275,24.95,2007,16,14.96,13.99
121828,Active,2157221,NA,NA,S,1,0,22569.6,29.9,2009,25,17.59,21.25
121829,Active,2114917,NA,NA,S,0,0,36653.9,35.5,2013,24,31.25,31.82
121830,Active,1744107,NA,NA,S,1,0,210949.325,75,2007,19,26.05,71.25
121831,Active,2008706,NA,NA,S,0,0,69649.075,21.95,2011,18,15.39,15.74
121832,Active,1618558,NA,NA,S,1,0,28361.975,21.99,2011,18,14.27,17.13
121833,Active,2096784,NA,NA,S,0,0,28330.625,24.95,2014,30,10.97,16.22
121834,Active,1576818,NA,NA,S,0,0,151429.3,29.95,2014,13,22.37,22.38
121835,Active,639781,NA,NA,S,4,1,265031.0163,168.73,2012,31,16.49,0
121836,Active,686714,NA,NA,S,1,0,115476.35,26.95,2012,20,12.87,15.99
121837,Active,126862,NA,NA,S,1,0,359277.3225,94.95,2007,33,5.47,31.94
121838,Active,691249,NA,NA,S,1,0,149702.05,28,2010,23,13.98,25.2
121839,Active,684434,NA,NA,S,7,1,95621.975,23.95,2012,13,16.98,16.55
121840,Active,1743377,NA,NA,S,2,1,627228.1025,18.95,2014,10,68.99,1353.99
121841,Active,679098,NA,NA,S,1,0,599137.4763,25,1996,41,5.87,18.98
121842,Active,277034,NA,NA,S,5,1,554698.41,30,2005,26,4,22.87
121843,Active,1942828,NA,NA,S,0,0,60953.45,28,2014,35,5.88,5.97
121844,Active,2204420,NA,NA,S,0,0,494985.5475,65,2015,18,43.47,44.08
121845,Active,1464091,NA,NA,S,1,0,95723.375,25.95,2009,22,7.9,15.62
121846,Active,3558782,NA,NA,S,0,0,174479.6,69.95,2011,19,33.98,41.09
121847,Active,176858,NA,NA,S,12,1,491918.3975,111.95,2001,68,4.7,12.99
121848,Active,1503942,NA,NA,S,0,0,126087.775,21.99,2011,27,4,15.67
121849,Active,915694,NA,NA,S,0,0,79681.34125,24,2011,33,9.45,0
121850,Active,668996,NA,NA,S,0,0,17844.875,49.99,2012,19,26.94,27.82
121851,Active,911153,NA,NA,S,1,0,429834.5938,109.95,2011,21,41.06,0
121852,Active,1932857,NA,NA,S,0,0,590087.5325,14.99,2014,10,19.98,120.51
121853,Active,1496912,NA,NA,S,0,0,52223.875,49.99,2012,8,29.14,30.55
121854,Active,1496918,NA,NA,S,0,0,56930.35,49.99,2012,9,31.6,30.19
121855,Active,1496909,NA,NA,S,0,0,52461.075,49.95,2013,7,31.35,29.92
121856,Active,1496072,NA,NA,S,0,0,63295.175,22.99,2011,11,17.36,16.62
121857,Active,668997,NA,NA,S,0,0,8493.325,49.99,2012,12,31.69,31.55
121858,Active,1496076,NA,NA,S,0,0,132048.5,22.99,2012,15,17.65,16.03
121859,Active,660707,NA,NA,S,0,0,14517.775,49.95,2013,14,27.98,25.99
121860,Active,1496073,NA,NA,S,0,0,168365.975,22.99,2011,11,15.98,16.06
121861,Active,2101576,NA,NA,S,0,0,82390,21.99,2014,31,5.98,7.48
121862,Active,3960101,NA,NA,S,1,0,57718.275,26.99,2016,28,12.92,15.73
121863,Active,751107,NA,NA,S,1,0,19337.425,24.95,2009,30,16.72,16.7
121864,Active,920023,NA,NA,S,0,0,434866.2763,3.95,1971,49,10.89,39.09
121865,Active,1978489,NA,NA,S,0,0,99926.95,27,2013,18,24.1,23.55
121866,Active,540006,NA,NA,S,3,1,43114.84125,92.2,2011,71,30.93,41.99
121867,Active,2101624,NA,NA,S,0,0,17299.3,29.99,2015,21,9.98,11.98
121868,Active,3808761,NA,NA,S,1,0,69214.425,71.95,2015,17,18.37,20.41
121869,Active,2794156,NA,NA,S,0,0,358675.595,98.51,1973,30,9.76,53.99
121870,Active,691240,NA,NA,S,2,1,51250.1,28.5,2012,32,10.04,28.5
121871,Active,641568,NA,NA,S,1,0,75997.625,34,2008,18,28.18,27.24
121872,Active,2076291,NA,NA,S,1,0,56182.375,23.95,2011,21,13.44,13.46
121873,Active,923151,NA,NA,S,1,0,494997.0775,42.95,1998,107,4,8.98
121874,Active,236512,NA,NA,S,0,0,11982.45,26.95,2008,32,15.51,20.33
121875,Active,1478773,NA,NA,S,1,0,72721.075,23.95,2012,18,16.86,17.7
121876,Active,663364,NA,NA,S,0,0,88829.825,32,2013,20,22.34,27.46
121877,Active,2081977,NA,NA,S,1,0,116174.6,22.95,2014,8,11.99,14.64
121878,Active,810937,NA,NA,S,0,0,82008.325,31.99,2011,37,4.48,23.21
121879,Active,1575981,NA,NA,S,0,0,450963.6863,38.95,2006,40,8.5,23.99
121880,Active,1624712,NA,NA,S,0,0,1124.825,23.96,2013,17,16.15,13.24
121881,Active,1855491,NA,NA,S,6,1,561831.5788,24.99,2014,19,16.98,18.53
121882,Active,1640132,NA,NA,S,0,0,93582.85,28.99,2014,18,10.61,17.24
121883,Active,1639839,NA,NA,S,0,0,16589.575,21.99,2007,26,12.86,14.94
121884,Active,1640080,NA,NA,S,0,0,29088.825,29.99,2013,16,20.98,22.61
121885,Active,1640202,NA,NA,S,0,0,30750.975,24.99,2015,11,16.85,17
121886,Active,1640037,NA,NA,S,0,0,43739.025,21.95,2012,23,15.14,15.14
121887,Active,2094871,NA,NA,S,0,0,191489.525,50,2014,19,21.49,29.45
121888,Active,618990,NA,NA,S,1,0,88369.7,39.99,2008,37,14.94,21.94
121889,Active,685715,NA,NA,S,0,0,120589.65,28.95,2010,33,17.64,18.65
121890,Active,1570862,NA,NA,S,1,0,214582.575,22.95,2011,47,4.64,13.98
121891,Active,1677670,NA,NA,S,1,0,68300.55,24.99,2014,50,6.13,9.59
121892,Active,2121381,NA,NA,S,0,0,136139,24.95,2008,38,8.23,15.41
121893,Active,2107494,NA,NA,S,0,0,76505.125,49.99,2015,18,24.99,33.8
121894,Active,3806112,NA,NA,S,0,0,35568.925,49.99,2016,12,34.12,33.23
121895,Active,2058784,NA,NA,S,1,0,60435.55,24.99,2011,32,10.48,15.65
121896,Active,2107477,NA,NA,S,0,0,36301.05,24.99,2014,20,13.94,19.06
121897,Active,684195,NA,NA,S,1,0,12024.425,24.95,2012,28,17.79,18.01
121898,Active,1724669,NA,NA,S,1,0,7754.6,24.95,2014,19,13.47,16.63
121899,Active,2816386,NA,NA,S,0,0,475233.26,25.95,1989,26,11.2,20.46
121900,Active,2052356,NA,NA,S,1,0,156182.75,49.95,2012,16,29.01,28.99
121901,Active,919530,NA,NA,S,9,1,724573.0625,81.95,2001,50,3.99,9.99
121902,Active,544483,NA,NA,S,12,1,16238.95,168.95,2013,46,44.94,82.64
121903,Active,646681,NA,NA,S,1,0,551971.1425,156,2002,26,19.39,52.1
121904,Active,564459,NA,NA,S,0,0,428260.635,49.95,1999,35,14.74,40
121905,Active,664284,NA,NA,S,1,0,205653.075,45,2013,9,39.75,30.86
121906,Active,1573763,NA,NA,S,1,0,100157.625,32.95,2015,12,21,22.39
121907,Active,2592851,NA,NA,S,0,0,394946.8213,59.99,1977,35,8.17,40.97
121908,Active,153602,NA,NA,S,0,0,83468.90125,16.95,2005,61,5.22,9.72
121909,Active,206075,NA,NA,S,1,0,56618.25,60,2007,15,46.41,47.41
121910,Active,1557997,NA,NA,S,1,0,93461.55,50.95,2014,11,35.32,35.1
121911,Active,1780701,NA,NA,S,1,0,33070.175,29.99,2014,13,19.73,19.73
121912,Active,152336,NA,NA,S,0,0,878267.0188,89.99,2006,64,8.89,64.3
121913,Active,2532087,NA,NA,S,0,0,590822.8013,43.95,1997,26,11.1,33.49
121914,Active,650377,NA,NA,S,0,0,549254.6138,71.95,2013,28,23.1,71.71
121915,Active,156875,NA,NA,S,1,0,402949.4963,41.95,2001,46,19.36,34.25
121916,Active,2051393,NA,NA,S,0,0,5466.575,25,2009,68,11.68,16.51
121917,Active,3713149,NA,NA,S,5,1,529203,83.5,2016,14,44.51,53.49
121918,Active,599359,NA,NA,S,0,0,533806.8875,25,2006,92,4,8.97
121919,Active,3744152,NA,NA,S,0,0,86014.175,60,2015,22,25.01,31.98
121920,Active,3819007,NA,NA,S,1,0,97678.4,31.95,2013,21,15.55,15.57
121921,Active,752499,NA,NA,S,6,1,655546.2088,18.99,2010,27,4.21,0
121922,Active,712839,NA,NA,S,0,0,225584.1438,90.85,2003,45,8.69,65.02
121923,Active,903726,NA,NA,S,4,1,32528.75,86,2015,32,48.99,53.99
121924,Active,677440,NA,NA,S,1,0,56612.2,28,2012,37,7.44,15.97
121925,Active,1716133,NA,NA,S,0,0,214758.825,26.95,2015,10,26.03,24.15
121926,Active,676918,NA,NA,S,1,0,74010.725,22.99,2009,55,4.39,13.96
121927,Active,2109079,NA,NA,S,1,0,144667.7,22.99,2011,44,4.65,8.64
121928,Active,2109127,NA,NA,S,11,1,34751.30625,24.99,2015,32,15.98,17.12
121929,Active,2108768,NA,NA,S,5,1,62984.3,28.99,2012,27,13.53,19.02
121930,Active,2109155,NA,NA,S,9,1,89892.86125,27.99,2014,40,7.86,19.62
121931,Active,2109679,NA,NA,S,15,1,16232.815,27.99,2015,25,15.99,16.9
121932,Active,2109088,NA,NA,S,14,1,314351.135,25.99,2013,37,4.32,23.39
121933,Active,3809751,NA,NA,S,4,1,12544,19.99,2016,18,14.21,15.37
121934,Active,2108767,NA,NA,S,7,1,730371.4038,26.99,2012,38,9.54,16.93
121935,Active,2109183,NA,NA,S,9,1,23483.65,21.99,2014,24,14.98,14.66
121936,Active,2109102,NA,NA,S,5,1,26268.8,21.99,2013,27,9.49,14.63
121937,Active,2109680,NA,NA,S,9,1,44338.05,24.99,2015,25,16.48,16.66
121938,Active,2109059,NA,NA,S,5,1,25488.575,29.99,2014,16,15.93,17.12
121939,Active,3809837,NA,NA,S,6,1,66509.95,19.99,2015,24,14.97,15.45
121940,Active,2109672,NA,NA,S,5,1,180398.525,8.99,2014,24,5.34,6.41
121941,Active,2109149,NA,NA,S,6,1,74146.6,24.99,2014,20,11.54,16.92
121942,Active,2109667,NA,NA,S,6,1,20076.75,21.99,2015,19,16.87,14.66
121943,Active,2109074,NA,NA,S,7,1,67345.35,21.99,2014,26,15.9,16.55
121944,Active,2109128,NA,NA,S,7,1,48559.67125,24.99,2015,31,15.88,16.63
121945,Active,687950,NA,NA,S,2,1,14913.5,22.99,2013,31,7.96,15.63
121946,Active,2108731,NA,NA,S,11,1,794249.7488,26.99,2011,38,4,27
121947,Active,2109082,NA,NA,S,12,1,102527.3463,27.99,2014,35,7.33,17.93
121948,Active,2109029,NA,NA,S,6,1,47971.2,21.99,2013,23,13.97,16.63
121949,Active,3809840,NA,NA,S,8,1,77241.45,21.99,2015,26,14.29,15.45
121950,Active,2108310,NA,NA,S,5,1,421465.6013,24.99,2008,56,3.85,7.99
121951,Active,2109026,NA,NA,S,8,1,29582.7,29.99,2013,25,15.26,20.31
121952,Active,2108868,NA,NA,S,6,1,76316.01625,34.99,2014,26,16.72,21.14
121953,Active,528514,NA,NA,S,9,1,731137.0725,29.99,2011,35,4,6.54
121954,Active,688523,NA,NA,S,10,1,57424.085,29.99,2013,29,15.17,20.85
121955,Active,3809756,NA,NA,S,10,1,16300.85,26.99,2015,27,16.23,18.3
121956,Active,3809758,NA,NA,S,7,1,16234.7,26.99,2015,26,16.89,18.34
121957,Active,2109106,NA,NA,S,2,1,22950.225,23.99,2014,16,12.97,16.58
121958,Active,680633,NA,NA,S,0,0,639931.8113,21.99,2010,18,15.38,0
121959,Active,2109180,NA,NA,S,11,1,5968.05,24.99,2014,28,13.98,16.98
121960,Active,3809754,NA,NA,S,6,1,105127,19.99,2016,21,8.98,14.86
121961,Active,2109095,NA,NA,S,7,1,306720.2863,24.99,2013,22,4.82,24.99
121962,Active,3809865,NA,NA,S,8,1,3721.35,24.99,2015,27,15.07,16.15
121963,Active,2109130,NA,NA,S,7,1,36908.9,24.99,2015,21,16.22,16.54
121964,Active,2109067,NA,NA,S,3,1,60769.85,24.99,2014,21,18.28,15.26
121965,Active,2109107,NA,NA,S,3,1,182649.2388,27.99,2014,34,4.43,20.4
121966,Active,2109683,NA,NA,S,3,1,38051,21.99,2015,23,9.95,15.77
121967,Active,2109131,NA,NA,S,3,1,95351.8,24.99,2015,18,14.98,14.99
121968,Active,2109722,NA,NA,S,1,0,75921.35,25.99,2014,25,14.93,19.19
121969,Active,2109122,NA,NA,S,2,1,443537.7938,27.99,2013,39,4,29.44
121970,Active,2109188,NA,NA,S,3,1,43282.15,24.99,2015,28,14.84,18.56
121971,Active,2109109,NA,NA,S,3,1,488991.4163,29.99,2013,39,4,22.17
121972,Active,2109684,NA,NA,S,4,1,90911.925,25.99,2015,19,16.72,17.32
121973,Active,2109058,NA,NA,S,2,1,655384.0325,24.99,2013,41,4,13.98
121974,Active,2109132,NA,NA,S,2,1,19740.375,21.99,2014,22,11.96,14.66
121975,Active,3110383,NA,NA,S,3,1,194925.7925,27.99,2015,29,14.07,20.94
121976,Active,2109111,NA,NA,S,2,1,397495.305,27.99,2013,31,4,12.04
121977,Active,2109150,NA,NA,S,3,1,454628.1013,24.99,2014,37,4,13.98
121978,Active,2109133,NA,NA,S,2,1,12278.7,21.99,2014,23,14.98,17.01
121979,Active,2109695,NA,NA,S,3,1,92510.05,21.99,2015,26,9.12,16.25
121980,Active,2109696,NA,NA,S,4,1,70675.25,27.99,2015,15,18.12,19.13
121981,Active,2108305,NA,NA,S,4,1,662242.9038,24.99,2007,39,24.98,153.95
121982,Active,2109100,NA,NA,S,6,1,21166.05,22.99,2014,19,16.51,16.44
121983,Active,3462289,NA,NA,S,10,1,109096.6575,34.99,2015,22,17.99,21.71
121984,Active,3110377,NA,NA,S,13,1,99100.13875,27.99,2015,24,17.37,19.55
121985,Active,689075,NA,NA,S,12,1,510589.7425,29.99,2013,62,7.32,22.79
121986,Active,3809883,NA,NA,S,3,1,49426,24.99,2016,18,17.76,18.35
121987,Active,2109697,NA,NA,S,8,1,114014.4813,24.99,2015,28,16.15,17.33
121988,Active,2108823,NA,NA,S,5,1,140873.175,27.99,2013,21,16.32,18.45
121989,Active,686643,NA,NA,S,8,1,22895.75,29.99,2013,30,18.72,18.73
121990,Active,2109135,NA,NA,S,8,1,22474.205,24.99,2015,26,14,16.81
121991,Active,3809867,NA,NA,S,9,1,30986,24.99,2016,26,15.1,16.57
121992,Active,2108834,NA,NA,S,2,1,48525.1,24.99,2014,24,10.98,17.01
121993,Active,896827,NA,NA,S,7,1,26447.25,24.99,2015,19,18.32,18.07
121994,Active,2109693,NA,NA,S,6,1,12128.03125,9.99,2015,28,6.59,7.34
121995,Active,3809755,NA,NA,S,5,1,74147,24.99,2016,15,16.37,16.7
121996,Active,546910,NA,NA,S,0,0,78651.6225,27.99,2013,41,4.96,0
121997,Active,2109699,NA,NA,S,11,1,53108.68375,29.99,2015,30,18.98,20.17
121998,Active,2109137,NA,NA,S,11,1,73736.875,24.99,2014,30,6.94,16.09
121999,Active,3809880,NA,NA,S,9,1,53213,24.99,2016,24,13.76,16.15
122000,Active,2109194,NA,NA,S,5,1,258982.27,8.99,2013,24,6.98,6.89
122001,Active,2109027,NA,NA,S,5,1,30620.4,24.99,2013,26,14.86,15.92
122002,Active,2109700,NA,NA,S,16,1,11533.25,21.99,2015,19,14.96,16.54
122003,Active,3110381,NA,NA,S,16,1,11808.78875,34.99,2015,37,18.41,22.54
122004,Active,546911,NA,NA,S,10,1,44911.85875,33.99,2013,58,7.38,21.99
122005,Active,2108717,NA,NA,S,6,1,47309.025,26.99,2012,20,16.2,19.4
122006,Active,2109192,NA,NA,S,1,0,23044.725,24.99,2013,20,17.24,18.02
122007,Active,3809909,NA,NA,S,8,1,21500.4,24.99,2015,24,15.47,16.82
122008,Active,2109702,NA,NA,S,8,1,174942.5575,21.99,2015,31,14.1,15.19
122009,Active,2109690,NA,NA,S,6,1,27837.3225,9.99,2015,29,4.98,6.68
122010,Active,3809760,NA,NA,S,9,1,59448.45,24.99,2015,24,15.97,17.62
122011,Active,3809757,NA,NA,S,9,1,35380.45,27.99,2015,21,19.96,18.51
122012,Active,3809850,NA,NA,S,10,1,42257,27.99,2016,24,13.98,18.02
122013,Active,2109097,NA,NA,S,3,1,147654.775,24.99,2014,15,16.39,16.06
122014,Active,3809763,NA,NA,S,6,1,15620.95,22.99,2015,25,11.99,16.05
122015,Active,2108869,NA,NA,S,8,1,70882.125,27.99,2014,22,16.32,15.8
122016,Active,3809876,NA,NA,S,10,1,13264,21.99,2016,22,15.78,15.75
122017,Active,2109083,NA,NA,S,4,1,14158.975,21.99,2015,23,16.27,17.09
122018,Active,3809851,NA,NA,S,8,1,81217,22.99,2016,21,11.67,14.35
122019,Active,3809841,NA,NA,S,9,1,52615.35,24.99,2015,26,15.79,15.79
122020,Active,3809852,NA,NA,S,6,1,46325,19.99,2016,21,12.49,13.28
122021,Active,3809862,NA,NA,S,9,1,34712.55,9.99,2015,22,7.6,7.63
122022,Active,2109093,NA,NA,S,11,1,116958.325,29.99,2013,34,15.17,21.69
122023,Active,2109140,NA,NA,S,7,1,36590.475,21.99,2015,23,14.49,14.97
122024,Active,2109084,NA,NA,S,7,1,28957.675,29.99,2014,20,19.77,17.51
122025,Active,2108788,NA,NA,S,2,1,59014.625,24.99,2013,24,14.6,15.78
122026,Active,2108871,NA,NA,S,3,1,347748.915,19.99,2012,37,4,18.04
122027,Active,2108710,NA,NA,S,4,1,236362.09,8.99,2014,26,6.24,6.43
122028,Active,2109197,NA,NA,S,6,1,127994.6,21.99,2015,19,16.82,15.64
122029,Active,3809844,NA,NA,S,5,1,51251,21.99,2016,20,16.96,16.54
122030,Active,2109116,NA,NA,S,12,1,13986.825,29.99,2014,22,17.24,17.52
122031,Active,3809853,NA,NA,S,5,1,17431,21.99,2016,20,11.15,15.14
122032,Active,3110376,NA,NA,S,10,1,31812.53375,29.99,2015,32,18.89,19.15
122033,Active,2108832,NA,NA,S,2,1,13843.725,22.99,2013,25,14.8,16.29
122034,Active,3809838,NA,NA,S,7,1,51203.85,19.99,2015,26,15.13,15.67
122035,Active,2108835,NA,NA,S,2,1,55640.525,24.99,2014,24,12.72,16.66
122036,Active,2108430,NA,NA,S,3,1,574699.3388,22.99,2011,23,4,72.63
122037,Active,2109156,NA,NA,S,17,1,13463.8075,27.99,2014,21,17.78,17.97
122038,Active,528503,NA,NA,S,16,1,357320.275,26.99,2012,40,4.94,26.58
122039,Active,2108803,NA,NA,S,3,1,23930.275,24.99,2013,20,14.07,16.86
122040,Active,2109069,NA,NA,S,6,1,9426.95,24.99,2015,18,18.58,17.15
122041,Active,2108836,NA,NA,S,2,1,26176.65,22.99,2013,29,6.76,16.31
122042,Active,2109028,NA,NA,S,6,1,70207.525,24.99,2013,29,16.13,17.68
122043,Active,2108748,NA,NA,S,9,1,69353.15,29.99,2012,24,13.24,17.31
122044,Active,3809855,NA,NA,S,9,1,13432,25.99,2016,22,16.75,18.6
122045,Active,2108801,NA,NA,S,11,1,484031.345,29.99,2012,27,6.08,14.98
122046,Active,2109154,NA,NA,S,12,1,25699.37125,29.99,2015,26,19.37,18.78
122047,Active,2108807,NA,NA,S,2,1,670549.5,13.99,2013,29,4.99,13.28
122048,Active,2109172,NA,NA,S,4,1,507076.0713,13.99,2014,26,4,9.5
122049,Active,3809857,NA,NA,S,4,1,76754,13.99,2016,21,8.65,9.78
122050,Active,2109181,NA,NA,S,4,1,24611.55625,13.99,2015,35,7.94,10.38
122051,Active,3809762,NA,NA,S,4,1,75302,12.99,2016,20,8.99,9.65
122052,Active,3809878,NA,NA,S,5,1,51320,13.99,2016,18,10.35,10.61
122053,Active,2109049,NA,NA,S,9,1,17046.275,24.99,2014,19,17.58,17.58
122054,Active,2109184,NA,NA,S,11,1,46352.925,21.99,2014,19,15.15,15.11
122055,Active,3809858,NA,NA,S,8,1,82493,21.99,2016,22,14.95,15.45
122056,Active,2108773,NA,NA,S,5,1,496441.0875,19.99,2011,49,4,23.91
122057,Active,3809749,NA,NA,S,7,1,50479.525,24.99,2014,26,17.19,17.22
122058,Active,3110268,NA,NA,S,4,1,29660.3625,26.99,2015,25,17.18,17.06
122059,Active,2109051,NA,NA,S,8,1,385109.0675,21.99,2013,33,3.99,14.92
122060,Active,2108866,NA,NA,S,6,1,25060.175,25.99,2013,20,14.17,16.68
122061,Active,2109117,NA,NA,S,8,1,498618.5988,21.99,2013,33,4,15.69
122062,Active,3809866,NA,NA,S,9,1,31535,21.99,2016,23,12.95,15.14
122063,Active,3809875,NA,NA,S,10,1,74226,21.99,2016,23,14.98,14.65
122064,Active,3110379,NA,NA,S,12,1,53256.72375,27.99,2015,23,17.59,18.9
122065,Active,2109094,NA,NA,S,11,1,451362.9038,25.99,2013,29,5.45,22.49
122066,Active,2109709,NA,NA,S,8,1,10705.0075,24.99,2015,33,15.97,16.38
122067,Active,2109195,NA,NA,S,3,1,33757.6,21.99,2015,12,17.63,16.26
122068,Active,3809836,NA,NA,S,8,1,35961,21.99,2016,20,14.99,15.04
122069,Active,2109045,NA,NA,S,6,1,10728.925,21.99,2014,23,15.49,15.56
122070,Active,2109666,NA,NA,S,10,1,15016.525,23.99,2015,21,13.6,15.27
122071,Active,3809839,NA,NA,S,10,1,30671.5,27.99,2015,23,17.8,19.02
122072,Active,2108819,NA,NA,S,5,1,149678.35,28.99,2012,22,12.93,19.18
122073,Active,2109668,NA,NA,S,3,1,86099.1075,9.99,2013,26,6.84,6.8
122074,Active,2108779,NA,NA,S,1,0,28053.1,29.99,2013,20,12.55,19.54
122075,Active,2108844,NA,NA,S,6,1,93047.1,34.99,2013,28,11.16,20.94
122076,Active,2109152,NA,NA,S,2,1,100567.1075,24.99,2014,28,13.98,16.45
122077,Active,2109144,NA,NA,S,7,1,22977.49,24.99,2015,26,16.22,16.9
122078,Active,2108833,NA,NA,S,2,1,64252,24.99,2014,21,18.53,18.96
122079,Active,2109691,NA,NA,S,6,1,47637.56,9.99,2015,26,7.48,6.96
122080,Active,528499,NA,NA,S,12,1,512074.6113,23.99,2012,38,4.94,23.99
122081,Active,867833,NA,NA,S,13,1,33622.55,24.99,2015,31,15.81,17.44
122082,Active,2109196,NA,NA,S,7,1,81077.875,21.99,2015,17,16.82,15.67
122083,Active,2109677,NA,NA,S,5,1,59788.14,9.99,2014,24,7.11,6.91
122084,Active,2109145,NA,NA,S,6,1,32695.125,24.99,2015,20,18.58,17.5
122085,Active,2109153,NA,NA,S,8,1,39293.0525,24.99,2015,24,16.16,17.2
122086,Active,3809859,NA,NA,S,11,1,104315.65,22.99,2015,25,13.49,16.04
122087,Active,2109060,NA,NA,S,9,1,36192.1,27.99,2014,25,16.84,17.53
122088,Active,3110269,NA,NA,S,6,1,32696.195,27.99,2015,23,18.69,17.63
122089,Active,2108738,NA,NA,S,5,1,368637.1688,25.99,2012,32,4,12.91
122090,Active,2108769,NA,NA,S,6,1,738003.8825,24.99,2011,26,4,23.24
122091,Active,3809886,NA,NA,S,10,1,34569,24.99,2016,15,18.09,21.14
122092,Active,682336,NA,NA,S,1,0,198219.8,24.99,2010,27,5.52,22.73
122093,Active,3809854,NA,NA,S,6,1,92826,24.99,2016,18,15.65,16.86
122094,Active,2109815,NA,NA,S,1,0,16578.6,29.99,2014,28,20.3,21.14
122095,Active,2108778,NA,NA,S,4,1,547350.93,21.99,2012,29,5.6,12.33
122096,Active,2108404,NA,NA,S,9,1,408793.0675,22.99,2009,36,5.82,18.42
122097,Active,3110246,NA,NA,S,10,1,94090,22.99,2016,19,17.97,16.54
122098,Active,2109711,NA,NA,S,14,1,79388.1075,27.99,2015,33,15.49,19.6
122099,Active,3809881,NA,NA,S,9,1,26530,29.99,2016,21,20.1,20.52
122100,Active,2109052,NA,NA,S,2,1,12302.875,24.99,2014,19,16.97,18.01
122101,Active,2109061,NA,NA,S,6,1,15011.725,21.99,2014,29,12.78,15.23
122102,Active,2108864,NA,NA,S,7,1,92367.875,21.99,2013,30,9.73,15.29
122103,Active,2109120,NA,NA,S,4,1,10767.45,27.99,2014,17,20.69,18.31
122104,Active,2109086,NA,NA,S,6,1,30346.75875,24.99,2014,37,13.49,17.49
122105,Active,2108824,NA,NA,S,8,1,100543.675,34.99,2013,17,15.53,19.09
122106,Active,3809861,NA,NA,S,12,1,99666.55,27.99,2015,26,16.98,20.02
122107,Active,2109148,NA,NA,S,2,1,211914.2363,24.99,2014,23,4.76,16.36
122108,Active,2109715,NA,NA,S,1,0,60508.975,39.99,2013,25,23.83,29.51
122109,Active,2807386,NA,NA,S,1,0,668345.2238,39.95,1983,56,4.35,20.88
122110,Active,1489510,NA,NA,S,1,0,100558.075,37,2009,28,8.88,8.97
122111,Active,1595479,NA,NA,S,1,0,208436.575,27.95,2014,43,4,5.51
122112,Active,125995,NA,NA,S,1,0,745281.9238,41.95,2001,36,6.71,8.79
122113,Active,2024686,NA,NA,S,1,0,27132,29.95,2013,16,17.9,20.35
122114,Active,2154628,NA,NA,S,1,0,194256.25,20.93,2009,32,4,25.81
122115,Active,663615,NA,NA,S,1,0,163463.65,53.32,2013,27,11.45,22.51
122116,Active,1930777,NA,NA,S,3,1,50157.605,55.99,2013,20,43.98,49.97
122117,Active,2268903,NA,NA,S,3,1,804438.5,41.49,1900,36,9.24,41.06
122118,Active,181264,NA,NA,S,1,0,26286,26.65,1999,38,10.88,13.99
122119,Active,900742,NA,NA,S,4,1,769535.5513,179.41,2006,19,6.99,73.98
122120,Active,626495,NA,NA,S,0,0,684346.0325,68,2000,32,7.16,68.86
122121,Active,641770,NA,NA,S,1,0,126385.525,51.73,2003,29,11.64,43.76
122122,Active,1448098,NA,NA,S,0,0,328687.4188,69.5,2007,31,10.21,18.91
122123,Active,1634497,NA,NA,S,1,0,158580.85,53,2013,12,39.83,40.94
122124,Active,799065,NA,NA,S,0,0,120176.025,35,2007,38,4,28.49
122125,Active,3497992,NA,NA,S,1,0,48859.3,45,2011,50,8.4,8.39
122126,Active,1937220,NA,NA,S,0,0,161591.3,23.99,2010,18,12,21.27
122127,Active,2101867,NA,NA,S,0,0,70431.675,25.99,2015,12,18.43,17.67
122128,Active,133208,NA,NA,S,3,1,44706.27375,55.8,2010,49,19.99,31.3
122129,Active,274045,NA,NA,S,0,0,525508.565,45,2007,44,14.14,29.49
122130,Active,228162,NA,NA,S,0,0,89352.72125,45,2009,37,16.17,27.71
122131,Active,689564,NA,NA,S,0,0,158448.9825,28,1992,24,13.27,21.52
122132,Active,2097775,NA,NA,S,0,0,46273.325,29.95,2014,15,18.94,21.79
122133,Active,132231,NA,NA,S,10,1,101350.295,173.8,2007,55,23.97,60.8
122134,Active,610372,NA,NA,S,14,1,21213.64375,212.95,2013,92,31.43,68.99
122135,Active,679632,NA,NA,S,0,0,20245.5,24.95,2007,41,13.47,16.97
122136,Active,1833453,NA,NA,S,0,0,313976.05,13.99,2009,242,3.72,4.25
122137,Active,2072088,NA,NA,S,0,0,8803.65,29.95,2014,13,21.75,20.44
122138,Active,705481,NA,NA,S,8,1,415300.3138,166.75,2011,24,18.78,27.24
122139,Active,705601,NA,NA,S,9,1,770604.2638,92.19,2011,20,16.97,0
122140,Active,3694379,NA,NA,S,4,1,174994.425,89,2014,24,49.95,78.98
122141,Active,1822805,NA,NA,S,13,1,446265.925,187.5,2014,19,10.54,122.97
122142,Active,1440703,NA,NA,S,8,1,787961.7025,130.3,2011,18,12.19,685.44
122143,Active,1822774,NA,NA,S,12,1,58199.63875,150,2015,37,17.08,34.99
122144,Active,2924521,NA,NA,S,7,1,199483.975,57.4,2015,11,46.59,57.24
122145,Active,921142,NA,NA,S,1,0,109444.25,22,2009,36,7.71,8.3
122146,Active,639319,NA,NA,S,0,0,63970.025,21,2008,18,14.49,25.72
122147,Active,2492081,NA,NA,S,0,0,59468.525,7.99,1987,179,3.98,7.89
122148,Active,3795802,NA,NA,S,0,0,894590.1,89.95,2005,28,18.5,45.59
122149,Active,2048278,NA,NA,S,0,0,40790.85,24.95,2012,33,16.23,17.51
122150,Active,1523499,NA,NA,S,0,0,34987.275,28,2015,11,16.18,18.62
122151,Active,1433572,NA,NA,S,1,0,110140.025,29.99,2014,50,4.56,9.94
122152,Active,2224491,NA,NA,S,0,0,88947.575,20.95,2014,21,13.98,16.53
122153,Active,1576243,NA,NA,S,2,1,72216.45,28.95,2009,19,28.36,21.68
122154,Active,3925802,NA,NA,S,0,0,245614.15,60,2010,17,38.24,40.92
122155,Active,1495773,NA,NA,S,1,0,151972.975,25,2010,34,12.58,16.67
122156,Active,2101623,NA,NA,S,1,0,33851.175,26.99,2015,26,9.88,9.98
122157,Active,2101621,NA,NA,S,1,0,48786.775,25.99,2015,20,7.27,7.27
122158,Active,1815263,NA,NA,S,0,0,32784.975,27.99,2015,25,11.66,11.97
122159,Active,1599546,NA,NA,S,0,0,44466.3,21.99,2011,26,9.43,17.14
122160,Active,1627849,NA,NA,S,1,0,36952.8,29.95,2014,18,18.95,21.86
122161,Active,249401,NA,NA,S,1,0,72706.45,26,2008,43,10.38,28.57
122162,Active,2158519,NA,NA,S,0,0,81915.525,41.95,2011,13,28.06,28.68
122163,Active,721862,NA,NA,S,0,0,55489.4775,19.99,2005,159,5.91,9.94
122164,Active,1655709,NA,NA,S,0,0,35098.525,45,2010,28,17.85,43.98
122165,Active,1627966,NA,NA,S,0,0,70898.675,22.95,2015,10,21.26,18.43
122166,Active,542089,NA,NA,S,0,0,64064.7025,23.95,2011,47,8.32,16.48
122167,Active,2158060,NA,NA,S,0,0,20029.025,21.99,2011,9,15.54,15.86
122168,Active,641545,NA,NA,S,0,0,63304.275,40,2009,22,30.04,29.49
122169,Active,906720,NA,NA,S,0,0,141832.925,21.99,2014,20,16.72,16.53
122170,Active,3794635,NA,NA,S,0,0,45895.725,27.95,2015,22,15.99,17.5
122171,Active,719078,NA,NA,S,0,0,732420.995,27.5,1999,26,7.87,50.06
122172,Active,3598214,NA,NA,S,1,0,707181.95,49.5,2005,56,15.69,62.39
122173,Active,1724534,NA,NA,S,0,0,88060.55,65,2014,20,32.05,42.78
122174,Active,2461548,NA,NA,S,0,0,642848.1563,14.99,1982,21,33.91,110.34
122175,Active,2276862,NA,NA,S,2,1,11090.425,0,2013,0,0,8.48
122176,Active,2286475,NA,NA,S,2,1,24876.375,0,2014,0,0,7.48
122177,Active,2289063,NA,NA,S,2,1,20109.025,0,2014,0,0,7.48
122178,Active,1713634,NA,NA,S,0,0,63420.975,24.95,2013,14,24.3,22.45
122179,Active,622882,NA,NA,S,1,0,193027.7663,45,1993,55,4,26.16
122180,Active,153773,NA,NA,S,0,0,117202.65,29.95,2011,29,21.42,22.32
122181,Active,2087720,NA,NA,S,0,0,40401.725,32.95,2014,13,18.97,24.14
122182,Active,3557076,NA,NA,S,0,0,465116.325,59.99,2016,6,58.37,58.1
122183,Active,1835984,NA,NA,S,3,1,80361.475,29.99,2014,14,21.1,21.61
122184,Active,241111,NA,NA,S,3,1,25161.1125,22.95,1995,61,8.56,18.97
122185,Active,1526816,NA,NA,S,1,0,126112.525,27,2012,48,4,81.46
122186,Active,3730388,NA,NA,S,0,0,63835,80,2012,34,23.54,26
122187,Active,1576740,NA,NA,S,1,0,110861.6,29.95,2014,18,14.28,29.93
122188,Active,689010,NA,NA,S,0,0,6724.15,27,2013,23,9.97,6.97
122189,Active,921042,NA,NA,S,1,0,42936.15,23.95,2009,51,5.98,15.99
122190,Active,3960049,NA,NA,S,0,0,7769.775,30,2015,29,15.6,15.98
122191,Active,2662403,NA,NA,S,0,0,49488.24625,16,1997,101,4,7.49
122192,Active,528459,NA,NA,S,7,1,639007.7425,499.99,2013,27,14.82,114.99
122193,Active,1918241,NA,NA,S,0,0,26493.8,24.99,2014,14,17.29,16.95
122194,Active,2277405,NA,NA,S,2,1,11600.45,0,2013,0,0,5.48
122195,Active,622152,NA,NA,S,0,0,429673.9375,44.95,1992,38,13.59,32.14
122196,Active,1534927,NA,NA,S,1,0,126093.525,26.95,2015,13,16.69,19.46
122197,Active,571213,NA,NA,S,1,0,236380.425,49.2,2010,17,31.4,39.25
122198,Active,1535725,NA,NA,S,0,0,137432.625,34,2013,8,28.59,29.2
122199,Active,1971120,NA,NA,S,0,0,96017,23.95,2012,19,18.94,23.93
122200,Active,1834723,NA,NA,S,1,0,32960.725,25.99,2014,19,14.36,17.66
122201,Active,3595321,NA,NA,S,0,0,704625.3,51,2000,44,4.98,57.59
122202,Active,893119,NA,NA,S,4,1,231091.56,20,2012,36,17.48,14.27
122203,Active,2089786,NA,NA,S,0,0,83375.525,26.95,2014,20,18.84,20.42
122204,Active,1779822,NA,NA,S,2,1,18695.225,22.99,2014,21,14.66,14.66
122205,Active,637285,NA,NA,S,3,1,498781.085,42.75,2005,44,8.43,39.32
122206,Active,1749579,NA,NA,S,4,1,16360.4725,15.95,2009,14,11.95,12.99
122207,Active,2230348,NA,NA,S,0,0,150221.85,44.9,2008,22,24.93,33.29
122208,Active,1472879,NA,NA,S,1,0,171863.7125,14.95,2009,28,9.74,10
122209,Active,3818964,NA,NA,S,0,0,86442.05,70,2016,5,47.32,42.11
122210,Active,1833163,NA,NA,S,0,0,58577.625,29.99,2014,10,19.17,20.89
122211,Active,1833162,NA,NA,S,1,0,32624.5,29.99,2014,15,21.53,21.53
122212,Active,1833120,NA,NA,S,1,0,36421.45,29.99,2013,32,18.99,20.31
122213,Active,1432647,NA,NA,S,0,0,73760.65,27.99,2012,64,3.99,9.97
122214,Active,2435788,NA,NA,S,0,0,156420.7288,15,1968,96,4,11.96
122215,Active,1532830,NA,NA,S,0,0,157367.4,21.95,2010,17,16.32,15.82
122216,Active,2418560,NA,NA,S,2,1,736059.1025,40.95,2001,16,15.38,39.81
122217,Active,1695097,NA,NA,S,0,0,81645.3,29.99,2013,6,19.99,16.99
122218,Active,916873,NA,NA,S,0,0,130445.9075,36.99,1996,33,15.99,21.89
122219,Active,688708,NA,NA,S,0,0,115844.55,30,2009,17,19.94,18.94
122220,Active,1720899,NA,NA,S,0,0,78066.525,23,2008,8,13.32,15.14
122221,Active,2162400,NA,NA,S,0,0,348230.09,4.99,2014,27,4,4.99
122222,Active,1866788,NA,NA,S,1,0,116542.525,24.95,2014,21,10.24,10.7
122223,Active,546947,NA,NA,S,6,1,565454.2313,109.95,2012,37,14.93,56.62
122224,Active,3742417,NA,NA,S,2,1,225572.4,64.95,2015,11,38.98,32.81
122225,Active,1700783,NA,NA,S,0,0,174804.6063,43.75,2009,37,11.89,34.29
122226,Active,1660000,NA,NA,S,0,0,91262.85,20.99,2010,24,15.85,32.58
122227,Active,1565978,NA,NA,S,1,0,69253.775,27.5,2015,23,10.5,17.78
122228,Active,3125331,NA,NA,S,2,1,273943.335,14.95,1994,28,4,60.57
122229,Active,132523,NA,NA,S,1,0,246700.04,64.2,2007,36,10.74,145.12
122230,Active,560959,NA,NA,S,1,0,150276.175,31.8,2007,59,8.76,10.98
122231,Active,1698594,NA,NA,S,1,0,108575.925,26,2010,43,7.05,14.99
122232,Active,596020,NA,NA,S,0,0,110012.55,21.95,2008,18,9.37,23.55
122233,Active,1494395,NA,NA,S,0,0,171494.05,25,2015,24,11.01,18.56
122234,Active,868574,NA,NA,S,3,1,49670.52125,79.95,2015,35,27.18,73.92
122235,Active,1822688,NA,NA,S,4,1,715750.54,130.25,2014,32,13.88,53.98
122236,Active,1822677,NA,NA,S,3,1,389289.5238,142.25,2014,33,16.27,111.73
122237,Active,1676326,NA,NA,S,0,0,231828.2025,18.95,2010,0,0,28
122238,Active,924398,NA,NA,S,3,1,40169.905,88.97,2015,46,43.24,87.22
122239,Active,924407,NA,NA,S,4,1,20730.3,85.98,2015,57,42.99,66.82
122240,Active,1822689,NA,NA,S,4,1,89900.015,139,2014,36,15.47,102.47
122241,Active,1441632,NA,NA,S,3,1,32107.575,111.9,2015,32,47.99,60.43
122242,Active,685131,NA,NA,S,1,0,408134.9875,30.95,2009,27,33.65,93.68
122243,Active,1598371,NA,NA,S,0,0,1120.075,30,2015,31,10.04,8.99
122244,Active,3610010,NA,NA,S,1,0,118152.05,45,2016,8,35.24,32.55
122245,Active,1576638,NA,NA,S,1,0,152181.125,29.95,2013,7,20.97,20.98
122246,Active,3825262,NA,NA,S,0,0,109205.925,55,2011,25,23.34,25.69
122247,Active,3634820,NA,NA,S,6,1,18742.7,24.99,2015,20,17.19,17.09
122248,Active,1779819,NA,NA,S,5,1,136303.075,30,2013,19,6.9,5.98
122249,Active,655127,NA,NA,S,1,0,98646.575,34.99,2013,12,22.65,25.2
122250,Active,583958,NA,NA,S,0,0,44042.07625,12,1994,68,4,9.99
122251,Active,2595434,NA,NA,S,0,0,46222.87,15.99,1988,117,5.52,9.47
122252,Active,631521,NA,NA,S,0,0,108114.15,32.99,2011,19,9.99,10.2
122253,Active,655452,NA,NA,S,1,0,66340.65,44.99,2012,20,22.55,24.5
122254,Active,905460,NA,NA,S,20,1,233631.6113,311,1977,21,25.99,97.95
122255,Active,1720992,NA,NA,S,1,0,392340.2063,21.95,2012,14,20.53,52.63
122256,Active,1426389,NA,NA,S,0,0,125033.625,73.48,2006,36,15.92,57.78
122257,Active,1814793,NA,NA,S,0,0,8480.65,22.99,2013,14,17.06,12.98
122258,Active,537243,NA,NA,S,6,1,7818.2,269.6,2012,78,37.91,143.98
122259,Active,624789,NA,NA,S,8,1,298049.9475,254.73,2013,27,36.39,193.99
122260,Active,539548,NA,NA,S,8,1,120229.585,276.93,2013,27,34.52,212.88
122261,Active,2260888,NA,NA,S,10,1,492544.85,202.99,2010,28,17.43,118.31
122262,Active,3749237,NA,NA,S,4,1,203120.675,0,2015,33,51.29,74.94
122263,Active,528432,NA,NA,S,19,1,331466.9,156.18,2009,38,9.71,63.99
122264,Active,563822,NA,NA,S,6,1,377587.6125,193,2005,54,18.22,132.92
122265,Active,564929,NA,NA,S,1,0,451103.9925,82.95,2011,35,13.5,53.69
122266,Active,861504,NA,NA,S,11,1,29783.71375,194.5,2013,57,38.78,86.99
122267,Active,1956506,NA,NA,S,3,1,262393.75,189,2014,29,19.91,19.47
122268,Active,533475,NA,NA,S,6,1,26604.395,302.95,2012,88,16.79,103.99
122269,Active,2238240,NA,NA,S,10,1,52900.775,23.17,2012,8,23.99,28.88
122270,Active,144643,NA,NA,S,0,0,279036.75,49.99,2003,29,4.78,0
122271,Active,161656,NA,NA,S,9,1,2313754.023,21.99,2006,60,3.79,5.27
122272,Active,686012,NA,NA,S,2,1,23148.325,24.99,2012,21,11.45,16.83
122273,Active,1937346,NA,NA,S,0,0,168048.4,24.99,2011,20,13.28,20.49
122274,Active,791319,NA,NA,S,0,0,108107.975,27,2014,29,4,7.47
122275,Active,3960138,NA,NA,S,0,0,35426.525,24.95,2015,18,15,15
122276,Active,3525581,NA,NA,S,0,0,193175.6,36.95,2012,25,15.53,27.79
122277,Active,892994,NA,NA,S,0,0,69238.875,23,2015,14,15.48,16.01
122278,Active,1706097,NA,NA,S,0,0,120163.625,24.95,2012,13,18.35,18.52
122279,Active,3511476,NA,NA,S,1,0,54220,27.95,2013,69,4.4,12.25
122280,Active,1697228,NA,NA,S,0,0,74016.325,47.85,2014,14,32.59,29.71
122281,Active,2151480,NA,NA,S,0,0,89227.95,24.95,2014,12,16.26,15.16
122282,Active,3042997,NA,NA,S,1,0,408133.4688,25,1997,16,23.9,29.98
122283,Active,655269,NA,NA,S,0,0,396108.1213,45,2012,24,10.35,14.97
122284,Active,622702,NA,NA,S,1,0,22485.2,35,2008,45,11.6,21.7
122285,Active,3606517,NA,NA,S,0,0,45823.9,50,2015,16,33.98,33.71
122286,Active,674153,NA,NA,S,0,0,116108.2,29.95,2007,16,12.92,19.26
122287,Active,3527389,NA,NA,S,1,0,405277.95,40,1999,94,7.45,49.38
122288,Active,3523493,NA,NA,S,1,0,690651.05,30,1992,33,18.98,58.93
122289,Active,2158374,NA,NA,S,1,0,27255.1,25,2012,25,15.93,17.28
122290,Active,864203,NA,NA,S,0,0,77696.3,30,2012,38,15.51,20.83
122291,Active,209839,NA,NA,S,0,0,141963.5,30.95,2007,8,26.91,26.47
122292,Active,3575723,NA,NA,S,2,1,250270.4,40.95,2011,17,28.98,37.34
122293,Active,662946,NA,NA,S,1,0,581132.5713,42.95,2008,28,6.67,32.44
122294,Active,2612209,NA,NA,S,2,1,419853.2775,26.99,2000,42,6.98,21.94
122295,Active,892364,NA,NA,S,0,0,238750.9675,56.75,2011,32,8.56,29.02
122296,Active,1743753,NA,NA,S,0,0,190337.325,24.95,2014,17,22.19,24.95
122297,Active,1642247,NA,NA,S,0,0,48450.025,28,2007,16,15.99,17.14
122298,Active,3232442,NA,NA,S,7,1,346402.875,150.37,2005,26,10.75,78.09
122299,Active,127526,NA,NA,S,2,1,102450.525,27.95,2009,29,19.83,24.74
122300,Active,537578,NA,NA,S,9,1,35383.54375,148,2012,54,53.99,92.43
122301,Active,1627509,NA,NA,S,0,0,120940.075,29.95,2011,39,11.96,14.96
122302,Active,663623,NA,NA,S,0,0,34877.89375,122.25,2013,35,47.45,62.69
122303,Active,875762,NA,NA,S,0,0,795550.535,87.3,1997,60,4,13.1
122304,Active,1534723,NA,NA,S,1,0,153169.8,39.95,2015,13,28.81,29.89
122305,Active,2026032,NA,NA,S,1,0,247635.075,35,2010,13,20.49,31.82
122306,Active,565050,NA,NA,S,2,1,271473.7688,59.95,2002,43,12.98,42.32
122307,Active,2008908,NA,NA,S,0,0,97467.425,29.95,1900,10,10.6,17.28
122308,Active,1719922,NA,NA,S,0,0,96999.425,34.95,2015,12,24.66,25.91
122309,Active,1668801,NA,NA,S,9,1,374322.1975,14.95,2011,25,7.65,12.49
122310,Active,632070,NA,NA,S,12,1,367078.1325,328,2012,36,17.24,32.6
122311,Active,1886621,NA,NA,S,1,0,131195.425,39.99,2014,14,37.59,33.58
122312,Active,182441,NA,NA,S,1,0,138327.15,124.95,2005,41,9.13,52.44
122313,Active,183292,NA,NA,S,2,1,82673.51125,143.95,2009,30,23.84,51.98
122314,Active,3717782,NA,NA,S,4,1,22900,143.95,2016,60,46.41,68.92
122315,Active,1771956,NA,NA,S,1,0,341178.425,88.95,2014,15,53.01,68.5
122316,Active,183674,NA,NA,S,3,1,78104.3725,143.95,2010,46,53.08,71.24
122317,Active,182423,NA,NA,S,2,1,150114.365,143.95,2002,42,18.99,49.9
122318,Active,619615,NA,NA,S,1,0,224989.3,46.2,2007,56,3.85,28.43
122319,Active,1484492,NA,NA,S,2,1,30984.05,21,2009,18,17.7,20.15
122320,Active,246756,NA,NA,S,1,0,454167.0938,41.95,2010,67,4,73.03
122321,Active,53719,NA,NA,S,6,1,32453.90625,162.6,2011,44,49.36,63.99
122322,Active,1932521,NA,NA,S,1,0,19701.1,22.99,2013,18,17.38,17.74
122323,Active,1932645,NA,NA,S,1,0,58447.9,34.99,2011,37,10.99,13.5
122324,Active,542344,NA,NA,S,1,0,37682.05,34.99,2009,37,23.94,54.99
122325,Active,202561,NA,NA,S,0,0,348707.5175,15,1999,35,6.62,29.89
122326,Active,3960230,NA,NA,S,0,0,52402.2,22.97,2010,23,17.15,20.15
122327,Active,1495909,NA,NA,S,1,0,1818.025,35,2014,61,13.21,17.89
122328,Active,1628347,NA,NA,S,1,0,23068.3,24.95,2014,14,21,21.66
122329,Active,3490945,NA,NA,S,0,0,122893.95,29.95,2015,15,16.76,22.51
122330,Active,2165927,NA,NA,S,1,0,37477.025,34.95,2011,68,8.44,20.25
122331,Active,1626166,NA,NA,S,0,0,1495.05,27.95,2014,25,19.52,18.51
122332,Active,688601,NA,NA,S,0,0,11937.3,26.95,2011,20,25.18,25.6
122333,Active,1982619,NA,NA,S,0,0,102259.25,29.95,2014,16,25.48,24.95
122334,Active,3960124,NA,NA,S,0,0,14683,24.95,2015,19,15.49,16.11
122335,Active,2286583,NA,NA,S,2,1,43858.7,0,2014,0,0,7.48
122336,Active,749592,NA,NA,S,1,0,631138.45,27.95,2007,67,4,6.89
122337,Active,1932515,NA,NA,S,1,0,36635.525,34.99,2014,15,23.71,23.72
122338,Active,1932590,NA,NA,S,1,0,31297.25,34.99,2014,18,22.62,22.63
122339,Active,2167087,NA,NA,S,0,0,36247.95,27.95,2014,14,15.98,19.02
122340,Active,1532691,NA,NA,S,0,0,56651.35,26.95,2015,20,12.95,16.33
122341,Active,3634864,NA,NA,S,1,0,64745.35,60,2016,10,38.06,31.5
122342,Active,1946069,NA,NA,S,1,0,82201.45,24.99,2015,10,13.72,16.97
122343,Active,300571,NA,NA,S,1,0,510003.055,29.99,2007,54,4.15,15.99
122344,Active,1932554,NA,NA,S,1,0,67476.0475,19.99,2013,37,7.95,9.59
122345,Active,1697008,NA,NA,S,0,0,39875.7,23,2014,40,7.43,8.98
122346,Active,545585,NA,NA,S,1,0,20025.075,24.99,2012,17,17.36,15.25
122347,Active,1932476,NA,NA,S,1,0,72469.825,34.99,2014,22,22.41,22.42
122348,Active,528417,NA,NA,S,0,0,566461.3688,17.95,2006,46,16.62,43.93
122349,Active,1437354,NA,NA,S,1,0,10239.3,30,2014,18,20.1,20.48
122350,Active,1834757,NA,NA,S,1,0,94619.65,24.99,2014,31,6.51,13.26
122351,Active,3960025,NA,NA,S,2,1,3335.7,34.99,2015,25,22.62,16.03
122352,Active,2165917,NA,NA,S,0,0,15914.8,29.95,2013,28,13.1,18.99
122353,Active,2022053,NA,NA,S,0,0,51680.9,50,2015,13,34.69,33.98
122354,Active,677139,NA,NA,S,1,0,101519,26,2012,68,7.08,7.26
122355,Active,2043228,NA,NA,S,0,0,59765.825,22.99,2012,20,12.27,14.93
122356,Active,1937211,NA,NA,S,1,0,52127.3,26,2012,39,5.52,5.86
122357,Active,1724400,NA,NA,S,0,0,109158.75,45,2011,27,23.03,29.74
122358,Active,1431937,NA,NA,S,1,0,143287.1,26.99,2012,53,4,8.69
122359,Active,2599322,NA,NA,S,0,0,553826.49,26.99,1991,117,3.99,7.99
122360,Active,182443,NA,NA,S,2,1,126176.5925,137.95,2000,21,4.98,28.24
122361,Active,3036373,NA,NA,S,0,0,889662.8913,50,2003,24,16.52,85.66
122362,Active,683102,NA,NA,S,0,0,2946.925,24.99,2012,18,16.08,16.99
122363,Active,1713602,NA,NA,S,0,0,156602.2,24.95,2014,15,19.61,19.64
122364,Active,635072,NA,NA,S,1,0,459479.9013,45.95,2010,30,8.63,30.92
122365,Active,635446,NA,NA,S,0,0,649266.4413,49.27,1994,37,5.09,28.94
122366,Active,1779727,NA,NA,S,1,0,155443.95,45,2014,12,36.44,29.46
122367,Active,190072,NA,NA,S,0,0,179062.725,46,2009,34,17.96,31.97
122368,Active,2408018,NA,NA,S,0,0,671543.4575,60,1996,49,4.03,35.22
122369,Active,628722,NA,NA,S,2,1,64332.13625,44,2010,34,19.18,31.47
122370,Active,221316,NA,NA,S,25,1,15228.575,21.99,2011,23,16.99,16.45
122371,Active,672295,NA,NA,S,0,0,6808.20875,24.99,2006,65,11.36,15.42
122372,Active,276641,NA,NA,S,2,1,887667.9513,56,2006,23,12.74,56
122373,Active,3629324,NA,NA,S,2,1,486986.1,41.75,2015,15,27.51,29.37
122374,Active,539538,NA,NA,S,2,1,23916.56625,71,2013,64,38.94,50.07
122375,Active,555423,NA,NA,S,0,0,655861.2588,45,1999,32,6.87,25.39
122376,Active,2153959,NA,NA,S,3,1,53418.275,24.95,2013,6,21.13,24.95
122377,Active,3524492,NA,NA,S,2,1,599142.55,119.95,1991,48,6.39,58.02
122378,Active,647788,NA,NA,S,0,0,844168.1288,48.95,2007,48,5.05,41.66
122379,Active,262155,NA,NA,S,0,0,65870.025,39.99,2009,33,11.6,19.39
122380,Active,3574645,NA,NA,S,0,0,636851.4,25,1900,43,4,13.51
122381,Active,294933,NA,NA,S,2,1,31727.3,23.99,2007,32,12.42,16.11
122382,Active,1932323,NA,NA,S,1,0,68017.075,39.99,2011,29,24.63,25.47
122383,Active,2060022,NA,NA,S,0,0,58169.375,22.99,2008,29,13.97,13.48
122384,Active,1964900,NA,NA,S,0,0,116057.7,25.01,2012,13,17.38,18.52
122385,Active,687370,NA,NA,S,0,0,82064.1,24.95,2012,21,15.09,15.9
122386,Active,610145,NA,NA,S,1,0,626.235,17,2007,768,4,10.09
122387,Active,2273408,NA,NA,S,2,1,476844.2,42.4,1900,48,17.12,41.38
122388,Active,269442,NA,NA,S,1,0,85005.05,40,2011,15,26.21,33.82
122389,Active,678853,NA,NA,S,0,0,93240.8,26,2013,37,4,11.38
122390,Active,676248,NA,NA,S,1,0,84447.825,26.95,2010,70,5.81,9.35
122391,Active,2070774,NA,NA,S,0,0,69285.475,21,2011,20,10.97,10.98
122392,Active,286253,NA,NA,S,4,1,33396.54625,108.13,2010,49,49.54,84.99
122393,Active,805412,NA,NA,S,0,0,99499.275,24.95,2008,37,4,24.49
122394,Active,2672986,NA,NA,S,0,0,352997.1625,24.95,2004,29,13.44,55.07
122395,Active,879614,NA,NA,S,6,1,27890.64,106.25,2014,66,48.54,43.98
122396,Active,2804403,NA,NA,S,0,0,389018.1475,14.95,1991,49,8.13,61.26
122397,Active,2027026,NA,NA,S,0,0,172233.85,30,2012,10,15.93,20.88
122398,Active,2149996,NA,NA,S,0,0,96792.2,35,2015,8,23.86,18.62
122399,Active,131614,NA,NA,S,1,0,203614.225,50.8,2003,41,4.6,18.57
122400,Active,2015769,NA,NA,S,0,0,3750.9,23,2015,12,31.89,21.85
122401,Active,2034258,NA,NA,S,3,1,892306.2725,59.95,2006,17,5.38,4.87
122402,Active,2051100,NA,NA,S,1,0,78757.65,24.95,2007,44,10.94,9.72
122403,Active,2054441,NA,NA,S,1,0,233821.875,39.95,2014,11,34.42,35.07
122404,Active,2077859,NA,NA,S,0,0,90050.8,24.95,2013,18,15.49,16.61
122405,Active,742972,NA,NA,S,1,0,633133.4225,55.67,2012,14,16.77,102.82
122406,Active,555910,NA,NA,S,5,1,551511.0313,24.95,2012,36,4,23.91
122407,Active,2416215,NA,NA,S,6,1,411878.3225,24.95,2015,15,13.22,22.81
122408,Active,285918,NA,NA,S,2,1,756494.3,102.6,2002,26,14.23,62.11
122409,Active,539895,NA,NA,S,2,1,86977.9475,49.95,2012,48,18.54,38.98
122410,Active,627623,NA,NA,S,1,0,233433.39,133.95,2004,43,21.59,112.54
122411,Active,659065,NA,NA,S,1,0,142348.075,60.95,2013,20,38.99,42.38
122412,Active,2030840,NA,NA,S,0,0,239889.975,28.5,2012,12,19.81,28.5
122413,Active,1488453,NA,NA,S,0,0,608064.7213,28,2014,17,20.23,22.75
122414,Active,1433443,NA,NA,S,0,0,3581.025,23.99,2014,25,13.89,15.8
122415,Active,2140609,NA,NA,S,2,1,58739.825,24.95,2008,33,4.98,20.48
122416,Active,2129229,NA,NA,S,0,0,81789.7,22.95,2014,10,17.14,12.85
122417,Active,1946065,NA,NA,S,1,0,47806.2,24.99,2015,17,16.09,17.08
122418,Active,1626212,NA,NA,S,0,0,134558.475,27.95,2014,22,17.99,21.24
122419,Active,3125603,NA,NA,S,10,1,318132.97,22.95,1997,169,4.05,17.89
122420,Active,902338,NA,NA,S,0,0,773268.6238,21.95,2011,21,13.5,21.86
122421,Active,1434177,NA,NA,S,0,0,54870.25,26.99,2015,42,10.31,11.94
122422,Active,660921,NA,NA,S,0,0,156826.475,35,2013,21,20.14,21.16
122423,Active,617381,NA,NA,S,0,0,19790.9,35,2009,36,12.99,18.79
122424,Active,715140,NA,NA,S,1,0,36488.1,39.6,2011,21,31.73,33.9
122425,Active,555814,NA,NA,S,1,0,125356.8,24.95,2010,25,9.75,15.99
122426,Active,710150,NA,NA,S,1,0,424161.17,80,1999,35,4,12.99
122427,Active,722017,NA,NA,S,1,0,788101.895,30,2005,27,19.88,27.19
122428,Active,623462,NA,NA,S,1,0,14464.85,30,2010,33,15.8,15.91
122429,Active,618243,NA,NA,S,1,0,130354.3,39.99,2012,22,6.07,13.19
122430,Active,541851,NA,NA,S,1,0,2488.825,29.95,2011,37,17.91,17.2
122431,Active,679293,NA,NA,S,0,0,54191.075,24.99,2009,37,16.47,12.98
122432,Active,568864,NA,NA,S,0,0,173829.7375,39.99,1997,21,32.71,38.39
122433,Active,1481746,NA,NA,S,1,0,122641.125,37.6,2008,19,18.31,26.47
122434,Active,623535,NA,NA,S,1,0,103374.15,37.6,2008,16,26.39,24.39
122435,Active,572815,NA,NA,S,1,0,61935.075,30,2011,64,7.02,14.97
122436,Active,2225346,NA,NA,S,0,0,34074.1,44.95,2015,19,30.94,38.99
122437,Active,2020947,NA,NA,S,0,0,4242.9,40,2014,47,17.98,13.97
122438,Active,1576409,NA,NA,S,3,1,46326.3,29.95,2011,17,21.94,23.86
122439,Active,1631714,NA,NA,S,0,0,74886.475,24.99,2015,30,4.47,4.44
122440,Active,3883003,NA,NA,S,0,0,713754,19.99,2016,11,16.33,12.82
122441,Active,878306,NA,NA,S,0,0,690424.96,114.7,1998,30,4.31,28.92
122442,Active,3802924,NA,NA,S,0,0,13312.025,35,2015,17,23.17,23.27
122443,Active,1433347,NA,NA,S,0,0,18299.075,27.99,2013,37,12.61,15.54
122444,Active,559172,NA,NA,S,0,0,623604.4263,34.95,2003,38,25.32,31.06
122445,Active,1497600,NA,NA,S,1,0,91385.8,32.99,2009,22,17.02,19.51
122446,Active,1527725,NA,NA,S,1,0,65797.4,30,2015,23,15.96,18.73
122447,Active,2494017,NA,NA,S,0,0,76200.71625,16,1976,66,6.5,10.3
122448,Active,1661544,NA,NA,S,0,0,72856.725,24.95,2014,37,7.15,11.81
122449,Active,1707752,NA,NA,S,0,0,532338.9288,45,2008,33,4.67,41.92
122450,Active,906660,NA,NA,S,0,0,61411.025,22.95,2011,25,6.86,9.63
122451,Active,1752106,NA,NA,S,2,1,59955.85,24.95,2013,13,22.68,22.69
122452,Active,528396,NA,NA,S,2,1,39271.02,77.33,2012,100,11.83,61.14
122453,Active,638018,NA,NA,S,2,1,306114.4475,77.33,2012,42,16.49,63.07
122454,Active,528367,NA,NA,S,7,1,18912.01625,349.95,2012,72,9.97,98.99
122455,Active,537601,NA,NA,S,14,1,33462.0075,257,2012,54,37.98,120.98
122456,Active,314972,NA,NA,S,1,0,155230.2088,168.4,2011,49,22.75,87.59
122457,Active,343080,NA,NA,S,4,1,181452.1625,148.75,2007,51,15.96,64.83
122458,Active,528360,NA,NA,S,4,1,455675.815,18.99,2008,40,4,0
122459,Active,879250,NA,NA,S,11,1,11387.95125,338,2014,78,52.7,128.74
122460,Active,161825,NA,NA,S,3,1,258308.3013,168.95,2010,50,19.44,58.92
122461,Active,309107,NA,NA,S,3,1,43875.64125,178.25,2007,47,53.27,107.37
122462,Active,109338,NA,NA,S,12,1,174606.3025,331.25,2006,65,11.79,103.21
122463,Active,184362,NA,NA,S,0,0,799530.6363,46.95,2004,37,5.7,23.99
122464,Active,385538,NA,NA,S,3,1,740087.78,47,2006,17,9.18,30.04
122465,Active,872194,NA,NA,S,3,1,15935.45875,223.75,2014,44,22.73,56.85
122466,Active,861506,NA,NA,S,13,1,138309.6975,195.6,2013,46,17.68,108.87
122467,Active,610455,NA,NA,S,9,1,6642.77,264.25,2012,75,48.94,133.97
122468,Active,106675,NA,NA,S,1,0,71950.61875,30,2008,81,4,9.71
122469,Active,528376,NA,NA,S,10,1,74660.26875,240.8,2012,45,54.99,86.39
122470,Active,342764,NA,NA,S,2,1,217119.075,140,2005,29,29.84,102.66
122471,Active,649563,NA,NA,S,4,1,15249.9925,241.75,2013,69,5.79,44.89
122472,Active,194182,NA,NA,S,4,1,44002.78875,85,2011,55,32.97,49.75
122473,Active,394659,NA,NA,S,2,1,254132.6,43.95,2002,16,4.64,24.37
122474,Active,544025,NA,NA,S,2,1,53500.60375,319.5,2012,60,19.98,89.85
122475,Active,699107,NA,NA,S,8,1,304609.2913,110,2008,27,5.81,32.51
122476,Active,656922,NA,NA,S,2,1,47552.08,319.5,2013,57,26.89,73.39
122477,Active,706210,NA,NA,S,15,1,710.715,369.5,2014,147,25.74,78.99
122478,Active,861508,NA,NA,S,10,1,5399.34875,369.5,2013,104,35.99,104
122479,Active,685310,NA,NA,S,1,0,25539.7,26.99,2013,22,12.22,12.22
122480,Active,873332,NA,NA,S,8,1,25301.13375,268.25,2014,53,17.99,28.91
122481,Active,2238290,NA,NA,S,8,1,150506.975,24.07,2013,37,20.35,20.99
122482,Active,544823,NA,NA,S,13,1,73139.0075,379.95,2013,61,33.07,70.98
122483,Active,3749530,NA,NA,S,2,1,318266.1,65.05,2014,4,56,65.81
122484,Active,148131,NA,NA,S,1,0,216138,286.95,2005,38,31.77,105.05
122485,Active,164602,NA,NA,S,1,0,596931.4725,157,2005,58,4.77,20.96
122486,Active,106748,NA,NA,S,1,0,56813.925,22,2009,27,11.81,15.85
122487,Active,534723,NA,NA,S,0,0,42345.99125,18,2012,35,7.99,9.96
122488,Active,549661,NA,NA,S,1,0,48610.1,38,2009,39,8.48,18.49
122489,Active,1780228,NA,NA,S,1,0,118236.9,34.99,2014,22,19,22.65
122490,Active,2271143,NA,NA,S,5,1,421377.7725,68.99,2012,37,19.45,98.22
122491,Active,181814,NA,NA,S,2,1,384288.5025,39.99,2002,63,4,10.67
122492,Active,294366,NA,NA,S,1,0,549495.1313,52,2005,31,7.12,25.89
122493,Active,345587,NA,NA,S,0,0,558524.3225,75,1997,15,6.38,49.02
122494,Active,426201,NA,NA,S,1,0,122847.85,105,2007,17,23.98,29.86
122495,Active,199047,NA,NA,S,1,0,212419.69,87,2001,36,13.61,52.69
122496,Active,528338,NA,NA,S,4,1,715654.7163,65.95,2010,27,13.17,22.89
122497,Active,1737978,NA,NA,S,15,1,19730.1875,31.95,2014,26,27.3,30.35
122498,Active,377528,NA,NA,S,0,0,361618.1938,49.95,2004,18,12.9,46.73
122499,Active,296514,NA,NA,S,0,0,133075.175,81,2009,30,38.79,62.16
122500,Active,2031466,NA,NA,S,0,0,104474.25,29.95,2012,14,29.94,21.76
122501,Active,649787,NA,NA,S,9,1,92850.34,127.6,2012,32,51.58,117.39
122502,Active,917507,NA,NA,S,3,1,32468.375,22.99,2010,46,7.39,10.97
122503,Active,668232,NA,NA,S,9,1,47032.81625,99.95,2012,64,24.44,63.74
122504,Active,300350,NA,NA,S,2,1,197100.625,40,2007,23,7.69,14.98
122505,Active,594673,NA,NA,S,0,0,91799.91875,123.95,2012,31,20.92,65.46
122506,Active,553307,NA,NA,S,5,1,64860.73125,104.27,2012,53,48.99,82.31
122507,Active,626691,NA,NA,S,5,1,110659.0375,105.95,2012,34,45.44,59.94
122508,Active,528332,NA,NA,S,2,1,73429.725,24.99,2012,21,14.84,21.58
122509,Active,528329,NA,NA,S,2,1,839081.0938,47,2009,21,12.99,38.99
122510,Active,339316,NA,NA,S,3,1,83489.725,45,2007,28,15.57,26.54
122511,Active,632127,NA,NA,S,3,1,115623.4263,64.95,2012,30,26.2,163.98
122512,Active,247985,NA,NA,S,0,0,65621.15,29.95,2009,15,18.96,21.64
122513,Active,109162,NA,NA,S,1,0,157837.705,74.99,2006,28,4.97,34.07
122514,Active,367604,NA,NA,S,1,0,154068.6288,65,2001,53,6.9,38.01
122515,Active,1480565,NA,NA,S,1,0,129369.475,54.95,2014,14,27.54,55.99
122516,Active,1867784,NA,NA,S,1,0,239171.66,83.95,2010,26,34.9,41.23
122517,Active,248019,NA,NA,S,0,0,777620.955,70,2010,29,11.97,26.38
122518,Active,396078,NA,NA,S,0,0,97490.075,59.95,2007,27,32.32,57.54
122519,Active,1935470,NA,NA,S,3,1,28832.48625,92,2015,40,48.99,48.98
122520,Active,157417,NA,NA,S,1,0,856746.2213,65.95,2006,39,4.98,47.98
122521,Active,646903,NA,NA,S,1,0,46428.375,80,2013,47,35.94,37.8
122522,Active,126150,NA,NA,S,2,1,383874.4238,99.95,2004,44,18.84,73.85
122523,Active,861512,NA,NA,S,8,1,8284.515,155.95,2013,62,44.66,75.68
122524,Active,366221,NA,NA,S,1,0,287871.2225,77,2002,18,19.14,63.26
122525,Active,1568372,NA,NA,S,1,0,444012.9,125,2014,19,43.83,73.99
122526,Active,679344,NA,NA,S,0,0,655762.4763,28,2004,36,4.01,15.89
122527,Active,2043702,NA,NA,S,0,0,87765.1,40,2010,17,22.06,23.99
122528,Active,1780142,NA,NA,S,1,0,227132.05,29.95,2014,15,18.91,19.37
122529,Active,678639,NA,NA,S,1,0,40908.625,26.95,2015,18,16.37,16.85
122530,Active,1436623,NA,NA,S,1,0,186225.575,29,2010,34,4,12.99
122531,Active,635241,NA,NA,S,1,0,205296.05,60,2007,17,32.97,32.99
122532,Active,686688,NA,NA,S,2,1,19911.85,33,2012,25,15.71,18.71
122533,Active,336620,NA,NA,S,1,0,362721.8363,67.95,2005,29,12.83,56.87
122534,Active,687772,NA,NA,S,1,0,222189.3325,24.95,2008,37,18.48,26.34
122535,Active,763289,NA,NA,S,2,1,58502.45,0,1900,6,12.71,0
122536,Active,678636,NA,NA,S,1,0,41021.75,29.99,2008,30,13.75,20.12
122537,Active,278230,NA,NA,S,3,1,515509.6838,49.95,2007,42,12.9,77
122538,Active,528302,NA,NA,S,0,0,62691.39625,17,2011,42,7.97,9.98
122539,Active,1780161,NA,NA,S,1,0,87839.85,22.99,2014,15,16.27,16.05
122540,Active,680434,NA,NA,S,1,0,18074.35,24.99,2012,23,15.78,17.38
122541,Active,1918565,NA,NA,S,0,0,39587.25,22.99,2015,17,9.85,13.32
122542,Active,1716637,NA,NA,S,0,0,15257,21.95,2008,59,6.07,9.95
122543,Active,1716619,NA,NA,S,0,0,40661.075,21.99,2010,31,8.36,12.91
122544,Active,1716643,NA,NA,S,0,0,72106.225,21.99,2010,48,4.97,12.97
122545,Active,2404170,NA,NA,S,1,0,494979.82,74,1987,59,4,39.76
122546,Active,679952,NA,NA,S,0,0,9777,21,2007,26,10.99,13.85
122547,Active,3828785,NA,NA,S,0,0,205793.375,40,2011,27,9.92,13.07
122548,Active,3578261,NA,NA,S,0,0,76139.55,25,2014,34,7.91,6.9
122549,Active,1710618,NA,NA,S,0,0,130015.25,25,2008,16,17.87,23.32
122550,Active,655501,NA,NA,S,1,0,38381.825,23,2011,26,14.24,17.36
122551,Active,1625810,NA,NA,S,0,0,134856.45,25.5,2011,18,16.27,21.99
122552,Active,3800323,NA,NA,S,0,0,24547.2,50,2013,31,29.51,30.58
122553,Active,1795218,NA,NA,S,0,0,405598.28,22.36,2010,9,21.03,22.36
122554,Active,1700947,NA,NA,S,0,0,5283.925,22.95,2014,16,15.71,16.92
122555,Active,751825,NA,NA,S,1,0,39564.225,24.95,2009,19,13.72,17.04
122556,Active,628747,NA,NA,S,0,0,660195.225,36.99,2009,17,26.53,31.43
122557,Active,860116,NA,NA,S,3,1,65496,34.95,2010,17,39.88,32.93
122558,Active,637706,NA,NA,S,1,0,135376.325,60,2012,24,24.98,35
122559,Active,2098144,NA,NA,S,0,0,4047.775,29.95,2014,12,23.8,20.71
122560,Active,870569,NA,NA,S,1,0,696875.4638,126.95,1995,24,4,22.98
122561,Active,501029,NA,NA,S,7,1,819152.1075,70.99,2012,34,10.62,18.99
122562,Active,2226055,NA,NA,S,23,1,164235.4,38.98,2007,13,39.84,38.57
122563,Active,2166907,NA,NA,S,0,0,78347.3,69,2013,16,48.99,38.98
122564,Active,805642,NA,NA,S,0,0,122002.05,27.99,2011,23,7.8,9.98
122565,Active,113826,NA,NA,S,2,1,756667.9075,92.6,2000,16,4.77,0
122566,Active,564287,NA,NA,S,2,1,664164.7863,219,1994,27,6.39,152.2
122567,Active,620402,NA,NA,S,0,0,390641.6775,46,1999,47,7.48,26.21
122568,Active,221098,NA,NA,S,0,0,205846.55,22.95,2010,23,12.69,16.67
122569,Active,569195,NA,NA,S,0,0,359590.8025,39.99,2001,47,6.51,29.68
122570,Active,671922,NA,NA,S,0,0,47231.3,24.99,2014,21,13.94,10.93
122571,Active,3558813,NA,NA,S,0,0,28470.1,59.95,2015,23,31.99,39.99
122572,Active,792254,NA,NA,S,0,0,219530,29.99,2012,6,26.44,23.97
122573,Active,1704601,NA,NA,S,0,0,105732.475,37.5,2009,11,36.99,85.18
122574,Active,1575310,NA,NA,S,1,0,111246.05,50,2014,23,21.96,28.95
122575,Active,1576354,NA,NA,S,1,0,65512.6,34.95,2010,31,13.98,13.98
122576,Active,1753272,NA,NA,S,0,0,68912.55,36.95,2013,16,26.17,31.14
122577,Active,778061,NA,NA,S,0,0,1510.375,35,2013,23,17.5,17.58
122578,Active,541239,NA,NA,S,1,0,42945.1,28.95,2007,27,19.99,19.52
122579,Active,542090,NA,NA,S,2,1,49750.35,29.95,2011,28,15.44,21.49
122580,Active,681468,NA,NA,S,1,0,175461.375,24.99,2009,44,4,4.46
122581,Active,1871909,NA,NA,S,0,0,62744.5,40,2014,13,26.92,24.23
122582,Active,1942124,NA,NA,S,0,0,131983.95,27.95,2013,20,15.47,18.62
122583,Active,138886,NA,NA,S,1,0,597811.8063,61,1999,46,4,23.47
122584,Active,1571021,NA,NA,S,1,0,41409.4,35,2014,28,11.72,9.23
122585,Active,1496876,NA,NA,S,1,0,35395.775,35,2013,31,9.97,7.94
122586,Active,806555,NA,NA,S,0,0,36571.3,21.99,2007,29,11.22,11.22
122587,Active,555442,NA,NA,S,0,0,674711.6,44.95,2006,26,12.46,32.91
122588,Active,3513340,NA,NA,S,0,0,71544.9,0,2015,18,11.89,15.08
122589,Active,1692737,NA,NA,S,1,0,201625.925,69.95,2008,27,16.27,18.97
122590,Active,2140560,NA,NA,S,5,1,94108.3,39.95,2008,9,27.03,29.24
122591,Active,1761757,NA,NA,S,0,0,26048.525,29.95,2014,12,24.13,24.31
122592,Active,682327,NA,NA,S,0,0,6651.79375,29.95,2010,39,18.95,20.31
122593,Active,687374,NA,NA,S,0,0,39479.1,29.95,2012,17,19.53,19.33
122594,Active,2791987,NA,NA,S,0,0,484219.1088,19.95,1993,33,4.22,27.99
122595,Active,633128,NA,NA,S,1,0,107572.05,45,2011,22,28.57,28.58
122596,Active,684539,NA,NA,S,3,1,101594.075,24.95,2009,31,11.58,21.35
122597,Active,633396,NA,NA,S,3,1,216472.1825,55,2007,27,18.09,37.52
122598,Active,883453,NA,NA,S,2,1,700270.8113,42,2004,32,8.05,45
122599,Active,3584958,NA,NA,S,0,0,554852.5,133.46,1986,47,10.66,74.78
122600,Active,1737491,NA,NA,S,0,0,53560.9,27.95,2010,42,6.88,18.98
122601,Active,623685,NA,NA,S,0,0,576226.3363,85,1998,33,9.04,27.83
122602,Active,1724475,NA,NA,S,1,0,69949.85,75,2013,21,27.98,46.93
122603,Active,569665,NA,NA,S,1,0,220777.65,194.95,2001,34,26.36,66.11
122604,Active,1690822,NA,NA,S,3,1,111190.025,24,2012,21,11.09,13.97
122605,Active,2281296,NA,NA,S,2,1,33801.425,0,2014,0,0,7.48
122606,Active,1497609,NA,NA,S,0,0,82426.7,44.99,2014,10,25.2,24.44
122607,Active,2838140,NA,NA,S,2,1,523376.3975,55,2005,31,11.99,26.66
122608,Active,2057933,NA,NA,S,0,0,44898.925,0,1900,10,14.81,0
122609,Active,2051193,NA,NA,S,0,0,129333.7,28.95,2013,23,8.61,10.46
122610,Active,1668863,NA,NA,S,2,1,339607.66,16.95,2011,35,8.31,12.51
122611,Active,2441396,NA,NA,S,0,0,692202.7825,45,2000,21,18.77,179.98
122612,Active,2013816,NA,NA,S,0,0,49839.775,27,2011,18,16.98,19.48
122613,Active,688514,NA,NA,S,2,1,120769.05,29.95,2013,18,19.78,21.52
122614,Active,1582698,NA,NA,S,0,0,364158.7363,39.99,2012,19,20.94,38.17
122615,Active,415938,NA,NA,S,1,0,139763.95,30,2012,41,7.67,7.95
122616,Active,679355,NA,NA,S,6,1,549434.0463,22.95,2002,42,4,73.13
122617,Active,3758402,NA,NA,S,0,0,83091.975,35,2015,13,25.48,23.84
122618,Active,675996,NA,NA,S,1,0,4914.925,26.95,2012,25,14.81,15.14
122619,Active,866706,NA,NA,S,12,1,174445.6838,200,2014,36,28.21,92.08
122620,Active,2254175,NA,NA,S,10,1,807588.5938,68.9,2010,71,6.12,51.14
122621,Active,475878,NA,NA,S,1,0,522861.1088,67.95,2006,40,5.98,39.49
122622,Active,634988,NA,NA,S,1,0,101513.95,44.95,2011,27,23.98,29.43
122623,Active,865489,NA,NA,S,4,1,27010.35,24.99,2014,18,16.88,17.08
122624,Active,566049,NA,NA,S,1,0,134552.725,33,2010,14,21.49,20.27
122625,Active,575683,NA,NA,S,4,1,676038.3375,64.95,2009,29,6.95,48.74
122626,Active,879402,NA,NA,S,15,1,4998.86,291.4,2015,85,43.99,138.88
122627,Active,50927,NA,NA,S,4,1,23666.06125,294.4,2010,63,41.35,103.99
122628,Active,537624,NA,NA,S,11,1,20395.50875,325,2012,74,54.36,169.75
122629,Active,706214,NA,NA,S,2,1,23144.14625,325,2014,55,33.99,73.99
122630,Active,539454,NA,NA,S,5,1,30322.02375,102.2,2012,53,43.94,73.98
122631,Active,2154516,NA,NA,S,4,1,724747.0738,2122.52,2012,9,18.49,0
122632,Active,539447,NA,NA,S,7,1,9943.1,287.6,2013,68,31.98,103.99
122633,Active,874754,NA,NA,S,10,1,18227.70625,262.5,2014,41,36.27,103.5
122634,Active,2226350,NA,NA,S,6,1,449571.0775,40.56,2011,25,12.92,40.55
122635,Active,698949,NA,NA,S,4,1,388248.5363,60.18,2008,15,6.19,65.93
122636,Active,544694,NA,NA,S,6,1,23643.75375,286.95,2012,72,51.16,171.08
122637,Active,51663,NA,NA,S,1,0,685145.7375,69.5,2003,52,4,4.88
122638,Active,1710157,NA,NA,S,0,0,30383.025,24.95,2013,27,9.49,17.98
122639,Active,2310277,NA,NA,S,0,0,676673.41,19.99,1983,19,24.49,163.4
122640,Active,599890,NA,NA,S,2,1,19589.325,22.5,2007,30,9.3,21.04
122641,Active,632020,NA,NA,S,1,0,138814.5425,73.6,2013,26,13.25,52.66
122642,Active,893677,NA,NA,S,1,0,599035.7575,75.87,2013,14,13.24,75.87
122643,Active,677152,NA,NA,S,1,0,181505.2,29.95,2011,56,3.99,6.94
122644,Active,1715954,NA,NA,S,0,0,143801.6,22.95,2013,20,16.73,20.32
122645,Active,1733009,NA,NA,S,0,0,80540.475,21.95,2014,16,17.56,18.19
122646,Active,867609,NA,NA,S,2,1,379738.7513,78.99,2014,25,9.96,29.98
122647,Active,2331271,NA,NA,S,8,1,567878.1425,46.93,1978,43,5.68,63.12
122648,Active,53071,NA,NA,S,8,1,14668.1225,214.75,2011,62,53.98,120.01
122649,Active,675479,NA,NA,S,0,0,139492.325,26.95,2007,40,7.02,25.95
122650,Active,126287,NA,NA,S,1,0,721681.9663,41.95,2001,25,5.08,28.61
122651,Active,846606,NA,NA,S,0,0,228794.315,57.55,1994,31,4,56.36
122652,Active,637553,NA,NA,S,7,1,450942.8375,206.27,2013,34,6.19,230.04
122653,Active,764758,NA,NA,S,7,1,727701.2063,91.95,1999,54,4,26.17
122654,Active,2031114,NA,NA,S,0,0,96489.975,29.95,2014,13,18.73,21.6
122655,Active,1919068,NA,NA,S,0,0,151401.95,26.95,2012,63,6,6.82
122656,Active,3498143,NA,NA,S,0,0,45268.95,60,2015,26,22.13,27.75
122657,Active,3498142,NA,NA,S,0,0,14153.9,27.5,2015,30,14.49,15.48
122658,Active,686560,NA,NA,S,0,0,19415.625,24.99,2013,31,13.32,16.66
122659,Active,3497870,NA,NA,S,1,0,48614.325,35,2010,55,7.46,18.16
122660,Active,685278,NA,NA,S,0,0,102696.625,24.99,2013,28,13.25,17.68
122661,Active,3497822,NA,NA,S,1,0,41204.675,60,2007,58,12.97,34.74
122662,Active,1495651,NA,NA,S,0,0,40410.175,40,2012,51,7.89,16.99
122663,Active,3960015,NA,NA,S,0,0,3169.675,28.95,2016,11,24.49,19.6
122664,Active,2015523,NA,NA,S,0,0,40869.85,26,2012,15,19.37,19.36
122665,Active,1872732,NA,NA,S,0,0,78074.375,45,2009,8,27.97,29.33
122666,Active,3730405,NA,NA,S,0,0,108689.85,40,2014,22,24.99,28.81
122667,Active,2067862,NA,NA,S,0,0,46714.35,27.99,2012,22,15.94,13.94
122668,Active,742417,NA,NA,S,1,0,108949.7,49.99,2009,18,5.01,30.71
122669,Active,3503704,NA,NA,S,0,0,31068.2,55,2015,5,37.17,31.53
122670,Active,633297,NA,NA,S,0,0,67351.775,40,2009,37,17.77,94.6
122671,Active,1958018,NA,NA,S,0,0,1361.65,40,2014,22,19.97,20.97
122672,Active,3570015,NA,NA,S,0,0,77830.3,49.99,2015,15,35.96,28.92
122673,Active,1684318,NA,NA,S,1,0,162112.675,24.99,2014,12,13.17,15.82
122674,Active,3570003,NA,NA,S,0,0,86790.75,49.99,2014,16,24.93,25.02
122675,Active,1684308,NA,NA,S,0,0,82845,49.99,2014,11,38.95,62.47
122676,Active,1684261,NA,NA,S,0,0,79294.575,49.99,2013,17,28.98,29.95
122677,Active,658332,NA,NA,S,0,0,193806.275,36.95,2011,17,33.95,31.7
122678,Active,2649308,NA,NA,S,1,0,311118.8525,56.95,2002,48,16.94,29.28
122679,Active,3814919,NA,NA,S,0,0,7551.675,49.95,2010,89,21.54,27.18
122680,Active,3797104,NA,NA,S,0,0,59118.775,50,2015,12,39.22,34.07
122681,Active,900379,NA,NA,S,0,0,5116,24.99,2014,39,8.96,8.98
122682,Active,3518243,NA,NA,S,1,0,491461.25,44.95,1989,61,4.91,39.17
122683,Active,1878904,NA,NA,S,12,1,683853.5725,27.64,2008,26,4,155.63
122684,Active,2093050,NA,NA,S,1,0,89696.6,26.95,2012,33,10.55,10.56
122685,Active,864690,NA,NA,S,3,1,138543.9163,175,2014,30,29.68,37.99
122686,Active,2014411,NA,NA,S,4,1,193854.3,34.95,2010,15,35.13,32.23
122687,Active,2060321,NA,NA,S,0,0,113331.8,21.95,2012,22,12.99,11.98
122688,Active,2267030,NA,NA,S,4,1,658829.4375,48.47,2012,46,9.16,24.76
122689,Active,627457,NA,NA,S,1,0,135181.75,87.95,2009,27,23.24,42.97
122690,Active,686794,NA,NA,S,1,0,85260.075,25.95,2010,11,24.22,24.14
122691,Active,639752,NA,NA,S,0,0,57859.3,59.99,2013,16,32.67,33.25
122692,Active,2094509,NA,NA,S,0,0,33320.075,49.99,2015,13,34.66,30.8
122693,Active,225748,NA,NA,S,1,0,331557.09,87.95,1999,25,11.69,79.14
122694,Active,684139,NA,NA,S,1,0,106483.75,29.95,2013,35,5.86,17.51
122695,Active,2049494,NA,NA,S,0,0,121292.35,26.95,2014,16,15.84,15.97
122696,Active,669163,NA,NA,S,0,0,124781.575,0,2011,10,18.99,19.95
122697,Active,538871,NA,NA,S,18,1,581567.8375,64,2012,54,7.3,16.99
122698,Active,1751114,NA,NA,S,0,0,217467.45,29.95,2010,18,18.07,21.49
122699,Active,649748,NA,NA,S,1,0,66474.825,82.99,2012,20,21.99,51.89
122700,Active,1696563,NA,NA,S,1,0,116637.125,37.95,2013,8,27.94,27.97
122701,Active,1570860,NA,NA,S,1,0,56036.85,75,2011,22,43.09,44.65
122702,Active,2082321,NA,NA,S,2,1,82585.8,27.95,2014,14,15.82,19.17
122703,Active,627543,NA,NA,S,1,0,199313.625,52,2007,13,15.98,23.98
122704,Active,2275702,NA,NA,S,0,0,185937,44.52,2009,8,23.88,24.01
122705,Active,689683,NA,NA,S,2,1,95001.3,29.95,2012,18,19.48,20.48
122706,Active,683106,NA,NA,S,2,1,19123.175,26.95,2012,25,18.96,18.8
122707,Active,601004,NA,NA,S,2,1,35566.625,26.95,2011,20,19.22,21.03
122708,Active,2092748,NA,NA,S,0,0,54487.7,26.95,2013,16,18.98,19.42
122709,Active,1679862,NA,NA,S,23,1,352739.0175,35.95,2015,18,7.13,23.99
122710,Active,2143058,NA,NA,S,0,0,374158.1775,49.95,2011,73,3.88,10.74
122711,Active,202767,NA,NA,S,18,1,530786.5213,24.95,2008,75,4,0
122712,Active,1679843,NA,NA,S,9,1,38613.25,24.95,2013,18,14.28,17.43
122713,Active,675802,NA,NA,S,8,1,47142.675,24.95,2009,68,6.63,10.36
122714,Active,678708,NA,NA,S,1,0,88014.975,29.95,2012,46,7.89,17.49
122715,Active,1679790,NA,NA,S,12,1,33809.175,20.95,2009,19,12.37,14.7
122716,Active,528233,NA,NA,S,15,1,532240.7,18.99,2006,24,4.61,68.73
122717,Active,2085174,NA,NA,S,0,0,98598.825,25.99,2015,40,5.7,14.68
122718,Active,3780078,NA,NA,S,0,0,547471.85,59.95,2015,4,52.61,52.61
122719,Active,1918367,NA,NA,S,0,0,70895.7,24.99,2011,18,14.18,16.49
122720,Active,1983838,NA,NA,S,1,0,129275.55,39.99,2014,17,30.37,30.31
122721,Active,742910,NA,NA,S,10,1,60425.225,0,2011,8,28.93,11.99
122722,Active,1683525,NA,NA,S,2,1,87242.67,19.95,2015,10,17.69,15.33
122723,Active,1683524,NA,NA,S,3,1,26844.11,40,2015,14,22.78,29.02
122724,Active,652613,NA,NA,S,1,0,22012.15,40,2012,17,28.42,28.25
122725,Active,629189,NA,NA,S,1,0,797615.24,79.99,2012,24,13.49,27.16
122726,Active,649560,NA,NA,S,1,0,248002.8925,69.99,2013,45,13.09,21.12
122727,Active,871738,NA,NA,S,1,0,381610.505,79.99,2014,26,39.67,48.04
122728,Active,1932625,NA,NA,S,1,0,7549.675,34.99,2014,25,21.97,21.98
122729,Active,642071,NA,NA,S,0,0,88355.975,40,2013,16,20.15,23.99
122730,Active,641509,NA,NA,S,0,0,45927.75,40,2009,17,29.76,31.98
122731,Active,665077,NA,NA,S,1,0,79168.775,34.99,2012,56,11.97,20.87
122732,Active,1436296,NA,NA,S,1,0,57947.675,26,2009,28,15.65,16.97
122733,Active,682392,NA,NA,S,0,0,88631.45,29.99,2007,19,20.24,21.34
122734,Active,2112888,NA,NA,S,0,0,52854.9,29.95,2015,14,22.49,21.44
122735,Active,639491,NA,NA,S,0,0,165009.85,49.99,2000,15,35.45,33.24
122736,Active,2141957,NA,NA,S,0,0,647691.5488,21,2012,8,14.24,20.97
122737,Active,2166217,NA,NA,S,0,0,125285.525,29.95,2014,13,8.97,20.75
122738,Active,689739,NA,NA,S,0,0,121104.125,27,2010,15,28.99,27
122739,Active,1752511,NA,NA,S,2,1,131330.625,39.95,2007,10,32.23,35.98
122740,Active,378822,NA,NA,S,0,0,3250.475,21.95,2007,15,17.49,18.93
122741,Active,626432,NA,NA,S,2,1,628694.9913,104.99,2004,38,4.88,46.69
122742,Active,1607174,NA,NA,S,0,0,90502.3,25,2014,23,14.54,11.38
122743,Active,874503,NA,NA,S,5,1,64683.505,78.95,2015,41,49.24,56.59
122744,Active,2044251,NA,NA,S,0,0,63353.575,39.95,2012,19,28.07,29.2
122745,Active,1938437,NA,NA,S,0,0,35650.45,29.95,2015,23,10.57,17.79
122746,Active,2024264,NA,NA,S,1,0,183212.4,85.95,2011,20,26.69,59.95
122747,Active,910843,NA,NA,S,2,1,221111.885,85,2012,22,18.79,43.99
122748,Active,1918447,NA,NA,S,0,0,5119.4,24.99,2013,23,16.49,16.95
122749,Active,676667,NA,NA,S,0,0,1181.7,22.99,2012,56,11.92,13.25
122750,Active,1627548,NA,NA,S,0,0,4749.125,35,2014,17,27.19,27.2
122751,Active,565836,NA,NA,S,1,0,789461.5163,59.99,2008,42,5.2,21.64
122752,Active,557309,NA,NA,S,1,0,51770.98875,146,2011,49,19.99,108.97
122753,Active,1675129,NA,NA,S,0,0,243825.975,34.99,2013,13,28.45,34.08
122754,Active,679595,NA,NA,S,2,1,11920.575,24.95,2010,35,12.98,17.17
122755,Active,2003005,NA,NA,S,1,0,70774.15,39.99,2015,7,39.1,34.85
122756,Active,298414,NA,NA,S,1,0,168138.6,53.95,2009,15,31.39,53.94
122757,Active,2079703,NA,NA,S,0,0,2637.225,29.99,2015,13,22.57,18.34
122758,Active,2141961,NA,NA,S,0,0,758082.465,48.24,2008,13,13.63,48.24
122759,Active,655580,NA,NA,S,1,0,107396.075,39.95,2011,25,31.94,32.58
122760,Active,612488,NA,NA,S,3,1,73334.13125,56,2013,45,23.63,49.23
122761,Active,321067,NA,NA,S,1,0,174099.175,67,2011,17,22.24,52.29
122762,Active,688356,NA,NA,S,0,0,50994.075,21.95,2008,18,17.38,17.4
122763,Active,1455252,NA,NA,S,1,0,162155.5,59.99,2014,14,25.68,49.84
122764,Active,2087306,NA,NA,S,2,1,379340.2075,33,2013,23,23.97,24.98
122765,Active,528223,NA,NA,S,6,1,193871.295,80.6,2012,77,18.68,49.35
122766,Active,1704014,NA,NA,S,1,0,88550.475,20.95,2007,24,10.89,14.91
122767,Active,3634978,NA,NA,S,1,0,272471,60,2016,16,33.12,35.69
122768,Active,2281051,NA,NA,S,0,0,294686.4938,111.89,2014,25,40.1,108.81
122769,Active,1919399,NA,NA,S,0,0,157853.325,37,2014,9,29.78,43.61
122770,Active,683410,NA,NA,S,0,0,13889.7,29.99,2009,36,12.65,18.53
122771,Active,2243322,NA,NA,S,0,0,38224.075,25,2014,12,20.99,22.35
122772,Active,3513416,NA,NA,S,1,0,171051.1,60,1970,181,7.22,32.98
122773,Active,1918207,NA,NA,S,0,0,199419.425,29.99,2013,15,15.34,21.84
122774,Active,889072,NA,NA,S,2,1,69336.475,27.95,2014,14,20.96,21.58
122775,Active,637751,NA,NA,S,1,0,69918.95,45,2012,38,18.15,24.02
122776,Active,684697,NA,NA,S,1,0,97163.825,26,2013,49,7.06,10.65
122777,Active,1942990,NA,NA,S,0,0,125015.375,25,2015,15,16.67,17.83
122778,Active,665245,NA,NA,S,0,0,131296.9063,31.25,2011,21,26.03,128.81
122779,Active,2165836,NA,NA,S,8,1,466513.5825,19.95,2011,22,12.08,19.95
122780,Active,676741,NA,NA,S,2,1,31799.65,24.95,2010,46,9.97,13.99
122781,Active,1686285,NA,NA,S,0,0,129584.575,35,2015,14,39.6,34.3
122782,Active,690470,NA,NA,S,0,0,40869.4,26.99,2012,14,20.91,23.89
122783,Active,865574,NA,NA,S,2,1,222211.0138,15.99,2013,22,5.24,7.86
122784,Active,1598860,NA,NA,S,0,0,94593.325,22.99,2008,38,7.11,14.23
122785,Active,2159403,NA,NA,S,1,0,91492,39.95,2009,27,11.47,23.49
122786,Active,2167224,NA,NA,S,1,0,23554.075,39.95,2013,21,25.98,26.74
122787,Active,2167249,NA,NA,S,1,0,30311.125,39.95,2014,18,25.86,27.63
122788,Active,2159415,NA,NA,S,1,0,95894.95,34.95,2009,31,15.98,18.2
122789,Active,2163217,NA,NA,S,2,1,92629.975,24.95,2012,17,15.2,16.12
122790,Active,919112,NA,NA,S,1,0,130855.755,24.95,2010,108,4,19.54
122791,Active,2041558,NA,NA,S,1,0,113702.375,25.95,2010,38,5.23,13.37
122792,Active,3484795,NA,NA,S,4,1,258563.25,100,2010,22,18.87,38.96
122793,Active,2002863,NA,NA,S,1,0,43149.275,29.95,2015,10,30.5,26.95
122794,Active,145973,NA,NA,S,0,0,124871.9,0,2008,15,14.15,14.89
122795,Active,680783,NA,NA,S,0,0,72869.875,25,2013,63,4,5.96
122796,Active,2172698,NA,NA,S,0,0,243605.975,49.95,2010,16,34.24,34.03
122797,Active,678488,NA,NA,S,0,0,251243.9475,24.95,2010,25,34.96,66.68
122798,Active,132437,NA,NA,S,0,0,244683.725,117,2007,23,36.39,117
122799,Active,2585420,NA,NA,S,0,0,153996.5563,31.95,1986,76,4,14.94
122800,Active,1645850,NA,NA,S,0,0,61140.925,21,2007,35,7.47,13.95
122801,Active,673252,NA,NA,S,0,0,639.325,22,2013,21,13.44,11.67
122802,Active,795533,NA,NA,S,5,1,606117.3325,115.85,2011,32,7.5,74.94
122803,Active,1584239,NA,NA,S,0,0,884031.3013,44.99,2010,27,12.98,40.6
122804,Active,2406350,NA,NA,S,0,0,199988.4763,44.99,1991,46,8.57,27.33
122805,Active,2014479,NA,NA,S,1,0,180369.825,40,2009,14,23.99,24.97
122806,Active,686759,NA,NA,S,0,0,207600.8,24.95,2011,19,11.48,16.57
122807,Active,921658,NA,NA,S,1,0,68442.65875,45,1994,69,7.85,27.94
122808,Active,636322,NA,NA,S,0,0,86240.425,55,2010,16,38.99,40.79
122809,Active,245047,NA,NA,S,1,0,811889.92,147.95,2005,23,4.15,42.25
122810,Active,2226080,NA,NA,S,0,0,203630.375,29.99,2013,12,20.45,28.25
122811,Active,2094890,NA,NA,S,0,0,88768.1,50,2014,12,40.63,35.44
122812,Active,110440,NA,NA,S,3,1,774363.995,97.75,2008,32,9.77,65.52
122813,Active,267784,NA,NA,S,0,0,312057.7875,30,2006,25,69.92,151.11
122814,Active,477649,NA,NA,S,2,1,561488.0113,95.95,2006,16,15.6,56.73
122815,Active,646854,NA,NA,S,4,1,11072.26375,170.4,2013,67,16.33,104.98
122816,Active,2282797,NA,NA,S,2,1,55303,0,2013,0,0,32.86
122817,Active,646885,NA,NA,S,5,1,6360.27,150,2013,128,44.09,85.19
122818,Active,2003176,NA,NA,S,1,0,91248.85,59.95,2007,17,39.27,59.15
122819,Active,657990,NA,NA,S,1,0,76844.375,37.95,2013,27,20.88,26.14
122820,Active,617133,NA,NA,S,11,1,280361.6513,57.95,2011,55,12.99,40.82
122821,Active,624700,NA,NA,S,2,1,472937.24,134.95,2012,40,17.74,58.94
122822,Active,727318,NA,NA,S,0,0,800342.5563,91.55,1999,105,4,9.98
122823,Active,665453,NA,NA,S,0,0,21488.25,0,2011,22,7.03,12.94
122824,Active,670630,NA,NA,S,0,0,29651.275,13.75,2011,28,4.14,11.59
122825,Active,1521228,NA,NA,S,0,0,100015.575,0,2014,11,12.58,13.93
122826,Active,1749319,NA,NA,S,0,0,168231.05,0,2007,25,26.43,57.99
122827,Active,924269,NA,NA,S,5,1,108536.3238,149.33,2015,44,53.91,98.19
122828,Active,1976988,NA,NA,S,1,0,50879.9,29.99,2013,9,24.94,22.49
122829,Active,528210,NA,NA,S,2,1,52105.9925,72.95,2012,47,8.48,17.52
122830,Active,633133,NA,NA,S,1,0,131841.89,96.75,2011,43,10.29,84.47
122831,Active,1425901,NA,NA,S,1,0,195188.075,27.75,2007,12,6.63,15.4
122832,Active,2015741,NA,NA,S,1,0,75502.9,24,2011,29,19.94,23.28
122833,Active,1604525,NA,NA,S,1,0,138181.15,33.15,2012,14,18.97,20.73
122834,Active,902270,NA,NA,S,0,0,96705.225,33.15,2012,20,15.5,19.72
122835,Active,896854,NA,NA,S,1,0,184011.125,33.15,2012,13,11.67,11.95
122836,Active,771947,NA,NA,S,0,0,712918.7738,119.05,2005,24,5.46,35.94
122837,Active,767372,NA,NA,S,1,0,629581.9125,104.75,2008,21,13.64,24.89
122838,Active,635840,NA,NA,S,1,0,211833.98,274,2013,32,13.94,48.98
122839,Active,897088,NA,NA,S,5,1,734310.0063,156.46,2013,18,18.99,137.24
122840,Active,609894,NA,NA,S,11,1,254254.6213,167.95,2014,42,37.55,125.87
122841,Active,541728,NA,NA,S,1,0,17735.725,35,2013,31,15.39,27.01
122842,Active,664340,NA,NA,S,0,0,60937.325,36.95,2013,14,31.19,27.68
122843,Active,1624260,NA,NA,S,1,0,35845.03375,11.15,2009,36,5.4,16.94
122844,Active,648048,NA,NA,S,1,0,470994.8575,116.45,2009,24,13.25,35.89
122845,Active,678043,NA,NA,S,1,0,67325.575,29.2,2009,33,8.94,23.74
122846,Active,863686,NA,NA,S,0,0,340959.4988,29.2,2009,142,5.46,14.99
122847,Active,1604608,NA,NA,S,1,0,79987.25,25.05,2012,18,5.98,30.46
122848,Active,677840,NA,NA,S,1,0,88914.225,29.2,2009,45,7.89,13.47
122849,Active,1603631,NA,NA,S,1,0,105520.525,38.25,2012,16,11.87,59.85
122850,Active,1624236,NA,NA,S,1,0,139678.4,29.2,2009,41,6.4,27.88
122851,Active,1624237,NA,NA,S,0,0,79822.25,24.05,2009,35,7.95,13.49
122852,Active,1624313,NA,NA,S,1,0,95370.675,46.05,2009,13,38.08,41.89
122853,Active,1624290,NA,NA,S,1,0,215790.8,28.2,2013,21,16.94,27.94
122854,Active,1624235,NA,NA,S,0,0,74888.625,29.2,2009,22,11.83,22.79
122855,Active,664192,NA,NA,S,1,0,99696.20875,144.87,2013,38,20.99,36.24
122856,Active,888947,NA,NA,S,1,0,94381.15625,128.67,2013,19,45.95,149.96
122857,Active,679604,NA,NA,S,1,0,33839.95,24.95,2009,13,17.48,17.49
122858,Active,772276,NA,NA,S,0,0,102256.45,37.55,2008,19,7.86,39.86
122859,Active,631592,NA,NA,S,0,0,8611.075,34,2011,41,24.52,31.73
122860,Active,663048,NA,NA,S,2,1,337982.9838,147.8,2002,25,5.44,92.87
122861,Active,619641,NA,NA,S,1,0,207678.925,127,2012,25,4.5,33.99
122862,Active,130094,NA,NA,S,2,1,73525.705,123,2001,45,24.99,73.99
122863,Active,2014364,NA,NA,S,0,0,163268.075,27.95,2007,21,23.99,26.54
122864,Active,2894764,NA,NA,S,3,1,146897.1013,48,1981,18,10.91,18.77
122865,Active,633336,NA,NA,S,2,1,149909.8225,69.95,2008,31,45.93,0
122866,Active,658219,NA,NA,S,1,0,92750.575,31.65,2012,12,30.26,31.85
122867,Active,690096,NA,NA,S,1,0,60399.65,29.99,2012,14,36.96,38.95
122868,Active,686680,NA,NA,S,0,0,110009.85,29.99,2012,15,32.93,37.84
122869,Active,661311,NA,NA,S,0,0,84911.45,0,2009,12,33.98,37.98
122870,Active,686321,NA,NA,S,0,0,103228.825,29.99,2010,22,26.01,38.98
122871,Active,910054,NA,NA,S,0,0,174078.925,24.95,2011,28,16.83,26.76
122872,Active,540740,NA,NA,S,5,1,23518.67625,209.2,2012,97,31.4,43.98
122873,Active,3553744,NA,NA,S,0,0,64288.25,49.5,2015,21,34.46,34.46
122874,Active,2093137,NA,NA,S,0,0,181951.7,26,2014,29,8.11,15.02
122875,Active,1684661,NA,NA,S,0,0,812142.6675,51.47,2006,33,4,11.93
122876,Active,168568,NA,NA,S,0,0,81243.4125,39.95,1999,41,18.94,26.44
122877,Active,285606,NA,NA,S,0,0,326760.6038,109.25,2001,76,4,13.63
122878,Active,622574,NA,NA,S,1,0,144984.975,81.75,2007,36,13.98,28.95
122879,Active,1451746,NA,NA,S,1,0,145441.375,41.8,2013,13,29.26,30.98
122880,Active,2053411,NA,NA,S,0,0,210483.325,127.67,2011,1,43.94,63.94
122881,Active,709303,NA,NA,S,1,0,74191.55,114,2009,29,41.99,80
122882,Active,246303,NA,NA,S,2,1,565706.6188,65.5,2004,33,7.46,39.98
122883,Active,174010,NA,NA,S,1,0,569234.5738,74.99,1996,36,13.76,47.97
122884,Active,742389,NA,NA,S,4,1,841911.5475,140.67,2010,26,14.99,37.98
122885,Active,570484,NA,NA,S,1,0,120575.55,205.95,2012,39,53.98,80.42
122886,Active,1701618,NA,NA,S,0,0,470435.4925,44.95,2014,17,7.98,44.95
122887,Active,350303,NA,NA,S,8,1,340870.6638,106.95,1997,59,3,38.91
122888,Active,542029,NA,NA,S,4,1,71631.495,288.95,2009,73,10.43,78.99
122889,Active,637979,NA,NA,S,2,1,452847.55,214,1999,31,7.79,80.15
122890,Active,592111,NA,NA,S,0,0,49909.525,36.95,2011,19,27.32,27.3
122891,Active,2053383,NA,NA,S,0,0,202835.65,28.31,2009,11,23.98,24.16
122892,Active,1768263,NA,NA,S,0,0,483103.5838,17.6,2013,39,11.18,20.61
122893,Active,2301835,NA,NA,S,0,0,638314.2138,35.7,1994,26,4.41,31.99
122894,Active,190037,NA,NA,S,0,0,735059.7113,45,2006,31,16.94,22.97
122895,Active,617939,NA,NA,S,10,1,275454.1713,319.95,2012,62,7.63,53.99
122896,Active,417579,NA,NA,S,6,1,445859.3925,107.36,2006,44,15.72,42.97
122897,Active,707611,NA,NA,S,5,1,845703.63,53.99,2003,15,16.29,20.35
122898,Active,876102,NA,NA,S,0,0,360632.3213,48.99,2011,49,14.28,48.99
122899,Active,1780397,NA,NA,S,2,1,71434.175,29.99,2014,17,19.8,19.7
122900,Active,866828,NA,NA,S,4,1,13039.89375,107,2014,52,45.53,71.99
122901,Active,1574833,NA,NA,S,1,0,153062.375,95.95,2012,25,29.69,66.99
122902,Active,3498657,NA,NA,S,0,0,93696.95,52.99,2010,15,30.61,33.15
122903,Active,3796752,NA,NA,S,0,0,207003.75,59.99,2008,14,23.99,45.95
122904,Active,1691704,NA,NA,S,0,0,96776.175,54.99,2008,16,32.84,34.93
122905,Active,630400,NA,NA,S,0,0,613228.3813,40,1993,80,4,11.08
122906,Active,3498597,NA,NA,S,0,0,439106.1,59.99,2010,46,35.33,37.18
122907,Active,2054308,NA,NA,S,0,0,543541.815,39.95,2010,16,23.99,27.58
122908,Active,1750871,NA,NA,S,5,1,74569.12875,18.95,2010,115,4,6.93
122909,Active,781006,NA,NA,S,3,1,195021.15,24.95,2004,27,8.92,13.82
122910,Active,1615849,NA,NA,S,1,0,182723.7788,34.99,2008,81,8.27,17.84
122911,Active,1613504,NA,NA,S,0,0,16435.525,26.95,2009,20,13.99,23.98
122912,Active,1680197,NA,NA,S,0,0,137433.7,32.5,2013,29,6.02,5.98
122913,Active,1508204,NA,NA,S,0,0,28396.65,29.99,2010,26,10.49,18.29
122914,Active,718915,NA,NA,S,1,0,505004.5875,41.95,1999,65,3.99,13.87
122915,Active,1561383,NA,NA,S,0,0,42328.15,45,2013,17,20.93,29.49
122916,Active,3598495,NA,NA,S,1,0,85081.45,75,2015,24,35.98,42.97
122917,Active,650035,NA,NA,S,1,0,225815.75,49.99,2010,14,32.65,191.63
122918,Active,648170,NA,NA,S,0,0,194435.4,32.99,2009,17,25.34,29.26
122919,Active,1724687,NA,NA,S,0,0,68335.225,21.95,2015,14,17.3,14.25
122920,Active,1724667,NA,NA,S,0,0,30566.7,24.95,2013,40,9.97,11.38
122921,Active,270566,NA,NA,S,2,1,69626.075,25.95,2010,64,0,9.51
122922,Active,1724684,NA,NA,S,0,0,37499.725,25.95,2014,29,8.97,10.01
122923,Active,2008556,NA,NA,S,1,0,62710.525,23.99,2015,30,4,4.52
122924,Active,677282,NA,NA,S,0,0,1356.7,22.95,2012,51,10.53,15.71
122925,Active,2010313,NA,NA,S,1,0,117939.675,35.5,2010,7,18.99,23.97
122926,Active,1660524,NA,NA,S,1,0,69959.125,25.95,2007,12,18.93,19.91
122927,Active,1660773,NA,NA,S,0,0,147572.85,40,2014,15,19.41,20.94
122928,Active,686031,NA,NA,S,1,0,58183.6,29.95,2011,16,18.99,19.55
122929,Active,541128,NA,NA,S,2,1,92950.85,34,2010,24,20.24,25.21
122930,Active,660981,NA,NA,S,0,0,254297.15,59.95,2012,28,22.03,0
122931,Active,3775879,NA,NA,S,3,1,223986,44.99,2016,11,29.8,31.84
122932,Active,562756,NA,NA,S,1,0,354006.4813,45,2010,288,3.96,22.95
122933,Active,3775881,NA,NA,S,3,1,333186,44.99,2016,11,30.94,31.2
122934,Active,3624923,NA,NA,S,3,1,215638,45,2016,31,7.47,22.17
122935,Active,3775884,NA,NA,S,3,1,275166,44.99,2016,12,28.9,31.2
122936,Active,3624924,NA,NA,S,3,1,147852,45,2016,35,10.17,24.18
122937,Active,3624925,NA,NA,S,3,1,98928,45,2016,32,13.97,26.51
122938,Active,3008388,NA,NA,S,0,0,17814,34.95,2015,8,26.39,26.4
122939,Active,170719,NA,NA,S,1,0,632360.3913,65,1998,38,8.1,73.23
122940,Active,1607740,NA,NA,S,1,0,137978.975,90.15,2009,47,6.99,51.81
122941,Active,570797,NA,NA,S,1,0,164707.075,24.75,2011,20,13.04,27.77
122942,Active,768196,NA,NA,S,1,0,39272.225,101.55,2011,45,39.74,0
122943,Active,767483,NA,NA,S,1,0,141234.6,103.65,2009,25,6.47,13.48
122944,Active,767480,NA,NA,S,1,0,229841.125,106.05,2010,43,9.99,11.91
122945,Active,769232,NA,NA,S,1,0,458751.2613,63.4,2001,23,16.89,23.99
122946,Active,768553,NA,NA,S,0,0,299480.49,87.65,2000,30,4.49,13.7
122947,Active,908277,NA,NA,S,0,0,675630.425,40.05,2006,26,4,9.88
122948,Active,571842,NA,NA,S,0,0,129880.13,5.1,2000,54,4,5.16
122949,Active,1622873,NA,NA,S,0,0,70115.85,115.9,2007,18,28.59,160.77
122950,Active,770608,NA,NA,S,0,0,216488.0038,160.35,2003,25,38.89,91.99
122951,Active,1622879,NA,NA,S,0,0,313827.5175,115.9,2008,23,21.75,48.87
122952,Active,771439,NA,NA,S,0,0,592042.9438,111.95,2003,41,4,4
122953,Active,771441,NA,NA,S,0,0,405391.825,135.65,2004,50,7.18,48.99
122954,Active,847938,NA,NA,S,0,0,443923.0863,156.5,1997,68,4.35,13.99
122955,Active,3245645,NA,NA,S,0,0,75811.875,123.9,2004,26,12,53.99
122956,Active,769175,NA,NA,S,0,0,680868.3388,95,2000,51,4.85,26.23
122957,Active,2638148,NA,NA,S,0,0,735952.28,21.85,2000,32,4,8.24
122958,Active,155317,NA,NA,S,0,0,151880.95,127.9,1998,64,8.84,42.99
122959,Active,915276,NA,NA,S,1,0,378910.7025,106.05,2008,34,8.95,17.96
122960,Active,772178,NA,NA,S,0,0,141824.925,98.7,2007,37,10.05,21.95
122961,Active,771219,NA,NA,S,0,0,628392.0213,38.4,2004,23,4,5.15
122962,Active,771926,NA,NA,S,0,0,190325.7275,85.8,2004,86,4.23,36.17
122963,Active,770600,NA,NA,S,0,0,145576.95,125.1,2003,71,5.98,17.83
122964,Active,770604,NA,NA,S,0,0,546114.3575,208.65,2003,30,5.24,47.98
122965,Active,571993,NA,NA,S,0,0,644990.0625,84.85,2004,46,6.57,27.91
122966,Active,771833,NA,NA,S,0,0,876542.5925,86.05,2004,39,4.19,64.29
122967,Active,2642210,NA,NA,S,0,0,772009.7225,86.75,2004,22,5.6,144.81
122968,Active,848265,NA,NA,S,7,1,708411.435,116.05,1997,58,4,8.95
122969,Active,617000,NA,NA,S,0,0,428360.95,150.9,1991,26,7.86,47.99
122970,Active,772581,NA,NA,S,0,0,372195.5075,85.05,2006,28,8.54,28.98
122971,Active,771451,NA,NA,S,0,0,418089.215,121.1,2004,61,5.04,28.3
122972,Active,769270,NA,NA,S,0,0,214485.4313,85.05,2001,26,5.3,53.67
122973,Active,771458,NA,NA,S,0,0,553287.205,80.55,2005,31,4.99,26.99
122974,Active,767319,NA,NA,S,0,0,143242.7663,91.35,2008,26,16.64,18.37
122975,Active,771466,NA,NA,S,0,0,299257.605,116.4,2004,30,4.83,14.99
122976,Active,769698,NA,NA,S,0,0,416601.8888,126.9,2002,124,5.36,10.34
122977,Active,1622970,NA,NA,S,1,0,294092.6963,98.7,2007,24,6.99,53.69
122978,Active,768255,NA,NA,S,1,0,126463.325,72,2011,37,18.52,58.97
122979,Active,620782,NA,NA,S,1,0,56567.975,89.95,2009,45,13.96,28.79
122980,Active,1603842,NA,NA,S,1,0,214408.35,82.95,2011,16,39.17,86.97
122981,Active,538246,NA,NA,S,2,1,634789.13,16,2010,65,4,7.38
122982,Active,858925,NA,NA,S,0,0,87916,82.4,2002,67,6.96,22.93
122983,Active,917810,NA,NA,S,0,0,71178.4775,61.72,2002,54,8.16,18.98
122984,Active,864511,NA,NA,S,2,1,10296.95,28,2014,39,15.47,16.97
122985,Active,1437261,NA,NA,S,1,0,57919.8,22,2014,16,14.69,15.2
122986,Active,1437115,NA,NA,S,1,0,54761.35,22,2014,14,6.84,9.87
122987,Active,1437260,NA,NA,S,1,0,41362.525,23,2014,32,14.79,15.28
122988,Active,1437371,NA,NA,S,1,0,51763.225,22,2014,15,14.77,15.26
122989,Active,3694645,NA,NA,S,4,1,33238,20,2016,11,16.95,20
122990,Active,1437657,NA,NA,S,2,1,39088.825,22,2015,14,15.75,15.51
122991,Active,1437654,NA,NA,S,11,1,117038.835,20,2015,14,10.44,11
122992,Active,3694499,NA,NA,S,4,1,384654,18,2016,18,13.57,12.11
122993,Active,3694501,NA,NA,S,4,1,397048,18,2016,24,11.1,12.11
122994,Active,3694494,NA,NA,S,4,1,395033,18,2016,22,7.74,12.65
122995,Active,3694500,NA,NA,S,4,1,348615,18,2016,15,6.99,11.41
122996,Active,3694520,NA,NA,S,4,1,45859,20,2016,18,10.07,14.04
122997,Active,1437286,NA,NA,S,1,0,100736.675,22,2014,13,6.93,9.48
122998,Active,1437287,NA,NA,S,1,0,121827.85,22,2014,51,9.53,10.86
122999,Active,547638,NA,NA,S,0,0,45600.075,71.4,2001,47,7.99,23.88
123000,Active,110446,NA,NA,S,1,0,461868.2638,93.5,2007,56,4.57,15.48
123001,Active,1426044,NA,NA,S,0,0,58573.925,24.5,2013,11,15.46,23.88
123002,Active,1426039,NA,NA,S,0,0,41965.4,24.5,2013,32,6.16,14.49
123003,Active,549737,NA,NA,S,7,1,108796.1,29.95,2013,27,6.48,6.49
123004,Active,547644,NA,NA,S,0,0,54729.675,68.64,2002,60,8.76,29.98
123005,Active,2302140,NA,NA,S,0,0,50121.55,68.64,2002,43,9.39,21.49
123006,Active,683066,NA,NA,S,1,0,13456.425,29,2013,24,17.68,20.97
123007,Active,1437016,NA,NA,S,3,1,106722.8063,18,2012,68,4,5.89
123008,Active,866673,NA,NA,S,28,1,78573.07125,103,2014,20,30.96,71.37
123009,Active,538337,NA,NA,S,2,1,50938.45,24,2013,34,13.49,18.5
123010,Active,647309,NA,NA,S,1,0,39028.175,31,2010,18,17.13,19.01
123011,Active,415951,NA,NA,S,3,1,250261.645,18,2012,46,3.99,0
123012,Active,1436870,NA,NA,S,3,1,726376.0113,18,2012,31,4,11.66
123013,Active,619785,NA,NA,S,1,0,371217.5213,69.99,2010,37,9.18,97.58
123014,Active,637174,NA,NA,S,1,0,835931.395,229.99,2008,33,5.89,73.53
123015,Active,535249,NA,NA,S,14,1,15048.9525,115.95,2013,68,29.68,78.29
123016,Active,761219,NA,NA,S,1,0,721322.2513,45,2004,58,4,11.24
123017,Active,2818829,NA,NA,S,0,0,529181.215,17.14,1994,36,4.06,17.94
123018,Active,3635046,NA,NA,S,1,0,53017,60,2016,16,27.07,34.28
123019,Active,1780671,NA,NA,S,1,0,68144.05,39.99,2015,19,25.44,25.5
123020,Active,633237,NA,NA,S,1,0,62946.925,59.99,2010,36,14.4,36.43
123021,Active,528139,NA,NA,S,1,0,377930.0225,69.99,2009,33,4.35,55.23
123022,Active,193909,NA,NA,S,1,0,793704.09,69.99,2011,45,4,18.49
123023,Active,1633838,NA,NA,S,1,0,591932.1925,69.99,2010,66,4,44.9
123024,Active,3960019,NA,NA,S,1,0,4647.45,27.95,2012,27,16.62,17.62
123025,Active,923526,NA,NA,S,0,0,48494.14375,18,1996,188,4,8.95
123026,Active,1434044,NA,NA,S,0,0,21764.675,26.99,2014,39,7.95,8.98
123027,Active,2028937,NA,NA,S,1,0,89399.1,26.99,2014,38,10.98,11.94
123028,Active,682591,NA,NA,S,1,0,16465.225,29.95,2012,19,18.93,21.55
123029,Active,702416,NA,NA,S,1,0,32023.45,29,2012,22,10.88,15.36
123030,Active,1431132,NA,NA,S,1,0,65985.825,24.99,2009,16,16.59,16.87
123031,Active,539867,NA,NA,S,1,0,206739.5,25.95,2011,6,22.49,18.62
123032,Active,3553663,NA,NA,S,0,0,39953.075,21.95,2012,36,13.04,16.95
123033,Active,2512459,NA,NA,S,1,0,111997.4738,60,1990,258,3.98,10.66
123034,Active,2100840,NA,NA,S,0,0,69410.85,27.99,2014,34,8.96,9.65
123035,Active,677010,NA,NA,S,1,0,100232.925,27.95,2011,37,6.16,11.98
123036,Active,276647,NA,NA,S,1,0,83102.7,57,2008,28,32.89,48.32
123037,Active,2225559,NA,NA,S,0,0,194430.96,23.97,2011,6,28.96,29.21
123038,Active,633212,NA,NA,S,1,0,69260.7,34.95,2010,18,27.99,27.25
123039,Active,861523,NA,NA,S,5,1,135724.8675,84,2013,38,16.84,66.21
123040,Active,625389,NA,NA,S,1,0,154286.8,85,2006,40,25.99,59.67
123041,Active,1988102,NA,NA,S,0,0,73294.2,24.95,2013,12,24.19,23.71
123042,Active,621651,NA,NA,S,0,0,610419.7388,53,1997,37,5.66,49.47
123043,Active,1969729,NA,NA,S,1,0,4823.925,39.99,2014,15,21.48,23.7
123044,Active,1434030,NA,NA,S,1,0,15618.925,24.99,2014,16,14.73,15.08
123045,Active,683031,NA,NA,S,1,0,5446.1,25,2013,35,12.97,14.88
123046,Active,2105101,NA,NA,S,0,0,83156,35,2013,11,23.98,23.98
123047,Active,2277125,NA,NA,S,3,1,53151.65,0,2013,0,0,8.48
123048,Active,112136,NA,NA,S,13,1,306037.1138,140,2002,92,4.8,55.99
123049,Active,276245,NA,NA,S,10,1,427545.0638,110,1997,27,43.59,151.25
123050,Active,2603671,NA,NA,S,0,0,328522.8775,26.8,2002,33,4.71,20.04
123051,Active,2226342,NA,NA,S,0,0,193155.85,25.19,2009,14,22.98,23.17
123052,Active,57548,NA,NA,S,5,1,289191.87,149.95,2000,57,4.5,16.98
123053,Active,166875,NA,NA,S,1,0,444178.4825,255.75,2007,52,4.48,35.99
123054,Active,862167,NA,NA,S,7,1,6381.11,272.75,2014,89,47.99,173.72
123055,Active,1571028,NA,NA,S,1,0,64648.75,21.99,2011,32,14.57,15.94
123056,Active,632648,NA,NA,S,4,1,575680.2,93.99,1987,45,12.84,79.99
123057,Active,1491154,NA,NA,S,0,0,91100.225,25,2012,16,15.98,16.48
123058,Active,3588728,NA,NA,S,0,0,190561.1,29.95,2014,25,18.49,23.44
123059,Active,1761545,NA,NA,S,1,0,74130.4,21,2014,13,22.19,20.52
123060,Active,3577599,NA,NA,S,4,1,23657.6,33.95,2016,19,23.44,27.15
123061,Active,636769,NA,NA,S,0,0,191063.5125,70,2007,24,6.7,34.74
123062,Active,887380,NA,NA,S,3,1,100572.19,48,2015,23,23.71,30.69
123063,Active,1537578,NA,NA,S,1,0,838624.7575,44.95,2011,18,7.78,31.97
123064,Active,669125,NA,NA,S,0,0,364286.82,46.95,2011,41,5.98,29.43
123065,Active,594474,NA,NA,S,3,1,218652.885,37,2012,47,12.49,32.39
123066,Active,626703,NA,NA,S,0,0,73302.725,81,2012,22,33.94,57.95
123067,Active,864692,NA,NA,S,5,1,27283.6875,148.95,2014,54,48.99,95.98
123068,Active,247665,NA,NA,S,1,0,467571.7713,67,2010,33,19.94,33.33
123069,Active,576337,NA,NA,S,1,0,447629.115,84,2004,29,18.97,28.99
123070,Active,3746430,NA,NA,S,3,1,45980.6,0,2015,57,53.73,78.99
123071,Active,538549,NA,NA,S,8,1,24808.3525,170,2013,69,22.17,73.97
123072,Active,660708,NA,NA,S,1,0,64216.475,52.25,2013,18,32.93,32.96
123073,Active,3756000,NA,NA,S,8,1,30671,75,2016,19,38.98,61.28
123074,Active,217492,NA,NA,S,0,0,190154.7738,24.95,1997,34,8.31,18.99
123075,Active,582384,NA,NA,S,2,1,657312.6138,49.95,2012,33,14.14,44.95
123076,Active,2001681,NA,NA,S,3,1,58240.815,89.95,2014,18,36.17,71.49
123077,Active,579611,NA,NA,S,0,0,355617.4588,62.95,2003,24,16,56.21
123078,Active,2029636,NA,NA,S,0,0,101305.775,27,2012,18,26.02,27
123079,Active,688126,NA,NA,S,1,0,111941.45,24.95,2012,16,9.31,16.93
123080,Active,385765,NA,NA,S,1,0,460408.0438,57.95,2009,36,7.59,36.59
123081,Active,641447,NA,NA,S,3,1,161939.975,40,2010,18,26.1,40
123082,Active,907473,NA,NA,S,1,0,751266.1763,165,1998,24,15.38,159.52
123083,Active,661293,NA,NA,S,1,0,295254.97,52.95,2009,29,17.12,35.89
123084,Active,829775,NA,NA,S,0,0,348921.3638,55,1998,48,4.16,46.19
123085,Active,828751,NA,NA,S,1,0,628311.6263,54,2002,35,5.98,24.16
123086,Active,528104,NA,NA,S,4,1,125171.2963,83.95,2012,59,15.73,50.44
123087,Active,913190,NA,NA,S,6,1,260988.58,52,2014,28,19.4,28.99
123088,Active,253951,NA,NA,S,1,0,328366.5363,118.95,2010,44,15.21,56.39
123089,Active,203849,NA,NA,S,1,0,851393.7738,57.99,2007,61,4,6.99
123090,Active,870304,NA,NA,S,5,1,133345.6663,50.42,2014,73,11.74,79.97
123091,Active,1781113,NA,NA,S,2,1,7089.65,22.99,2015,18,15.98,14.88
123092,Active,655803,NA,NA,S,1,0,691187.2738,133.33,2012,17,12.86,0
123093,Active,2104209,NA,NA,S,0,0,57800.725,0,2014,10,7.43,11.99
123094,Active,864693,NA,NA,S,0,0,470940.595,106,2014,36,7.32,16.88
123095,Active,1570962,NA,NA,S,1,0,10644.125,21.99,2011,23,13.95,13.96
123096,Active,105977,NA,NA,S,4,1,339272.4538,69,2004,40,4.97,77
123097,Active,862170,NA,NA,S,7,1,11633.61,100.62,2014,79,35.99,55.94
123098,Active,659125,NA,NA,S,2,1,563103.5913,40.95,2008,22,4.94,31.93
123099,Active,577377,NA,NA,S,1,0,229730.05,54.99,2005,32,5.96,33.99
123100,Active,3285910,NA,NA,S,0,0,23108,58.38,2003,15,51.65,58.38
123101,Active,630504,NA,NA,S,1,0,146114.075,89.95,2013,43,9.93,17.99
123102,Active,545981,NA,NA,S,5,1,208981.3288,28.95,2013,82,4.74,16.69
123103,Active,875389,NA,NA,S,5,1,15320.8725,91,2015,86,41.26,57.97
123104,Active,528086,NA,NA,S,1,0,514177.3113,39.95,2008,61,12.13,30.27
123105,Active,467994,NA,NA,S,5,1,196971.3775,85.95,2012,48,18.99,23.98
123106,Active,723311,NA,NA,S,1,0,113370.225,33.95,2008,20,18.89,21.67
123107,Active,864694,NA,NA,S,3,1,115084.9263,102,2014,36,34.08,92.25
123108,Active,2167821,NA,NA,S,1,0,61087.95,29.95,2014,9,28.94,27.34
123109,Active,2271783,NA,NA,S,3,1,535897,52.25,2008,10,46.72,66.79
123110,Active,204118,NA,NA,S,3,1,113500.3563,50.99,2008,71,11.94,23.73
123111,Active,623523,NA,NA,S,3,1,170690.6338,46.95,2009,41,15.3,31.21
123112,Active,3462378,NA,NA,S,8,1,12462,86.99,2016,23,53.22,72.54
123113,Active,253867,NA,NA,S,10,1,31855.36375,149.95,2009,83,41.81,114.43
123114,Active,913897,NA,NA,S,0,0,608254.8913,105.95,2010,30,6.26,47.4
123115,Active,876427,NA,NA,S,6,1,11457.435,118.8,2015,63,42.13,78.87
123116,Active,2098856,NA,NA,S,1,0,643695.7025,53.28,2014,12,16.07,43.98
123117,Active,877192,NA,NA,S,3,1,93992.17125,110.4,2015,38,48.99,78.42
123118,Active,109734,NA,NA,S,1,0,521483.8363,139.75,2006,25,33.41,103.95
123119,Active,890993,NA,NA,S,2,1,20919.7,22.99,2015,16,16.07,16.14
123120,Active,2145246,NA,NA,S,2,1,501691.1313,143,2009,16,17.96,175.51
123121,Active,2229792,NA,NA,S,0,0,143295.9,30.45,2011,13,14.98,23.44
123122,Active,555338,NA,NA,S,3,1,607957.7938,59.95,2005,41,5.25,13.14
123123,Active,528067,NA,NA,S,1,0,18568.05,24.95,2011,14,22.58,18.44
123124,Active,1869229,NA,NA,S,1,0,616318.9138,24.95,2014,14,19.27,18.56
123125,Active,2140967,NA,NA,S,10,1,65779.4175,16.95,2014,16,11.96,16.1
123126,Active,683942,NA,NA,S,6,1,107389.975,29.95,2010,15,20.85,21.95
123127,Active,905200,NA,NA,S,6,1,43892.19875,26.99,2015,20,23.53,16.87
123128,Active,637079,NA,NA,S,4,1,371675.5413,51.99,2010,22,17.89,21.95
123129,Active,217247,NA,NA,S,2,1,55106.90125,80,2004,44,21.98,56.48
123130,Active,2538374,NA,NA,S,0,0,698813.925,48.95,2001,35,11.3,35.13
123131,Active,2065937,NA,NA,S,1,0,734072.4563,60,2012,20,15.41,60
123132,Active,254410,NA,NA,S,2,1,376686.9363,46.95,2000,28,17.37,35.54
123133,Active,232354,NA,NA,S,0,0,863804.4725,78.95,1997,27,6.92,61.19
123134,Active,216408,NA,NA,S,1,0,571463.3288,34.95,1997,38,6.61,21.99
123135,Active,2432897,NA,NA,S,2,1,718330.7925,40,1997,27,12.5,28.94
123136,Active,2940539,NA,NA,S,1,0,426617.4213,57.95,2004,23,8.99,41.99
123137,Active,887397,NA,NA,S,4,1,532214.5525,49.95,2015,18,12.16,43.88
123138,Active,617227,NA,NA,S,1,0,290692,75.75,1978,35,17.24,38.43
123139,Active,2489821,NA,NA,S,0,0,846940.44,45,2004,27,8.53,32.51
123140,Active,685777,NA,NA,S,0,0,138785.9,22,2008,21,10.93,16.29
123141,Active,762130,NA,NA,S,2,1,660301.75,24.99,2006,89,4,4.26
123142,Active,2041221,NA,NA,S,0,0,31879.85,24.95,2009,9,16.54,17.92
123143,Active,2153611,NA,NA,S,6,1,199220.1263,21.95,2013,18,10.19,107.07
123144,Active,1958058,NA,NA,S,0,0,52721.7,35,2014,18,18.97,18.98
123145,Active,2105768,NA,NA,S,0,0,9184.95,39.95,2014,19,23.97,25.56
123146,Active,2096779,NA,NA,S,0,0,24422.75,35,2014,15,21.4,21.63
123147,Active,204014,NA,NA,S,1,0,122629.8,54.99,2007,43,19.05,39.8
123148,Active,210968,NA,NA,S,2,1,771469.1438,23.95,2007,25,4,0
123149,Active,210898,NA,NA,S,0,0,755275.4363,23.95,2004,41,5.48,13.99
123150,Active,2788063,NA,NA,S,3,1,12697,49.95,2016,4,45.3,47.45
123151,Active,2404665,NA,NA,S,1,0,567630.1925,49.95,1988,32,6.75,31.97
123152,Active,2170393,NA,NA,S,4,1,259189.2713,14.99,2012,17,32.99,231.94
123153,Active,681047,NA,NA,S,0,0,23243.925,26.95,2009,50,12.96,18.33
123154,Active,547149,NA,NA,S,0,0,128887.825,48.99,2011,33,27.36,41.94
123155,Active,681915,NA,NA,S,0,0,56938.3,29.95,2007,20,22.76,26.67
123156,Active,2089208,NA,NA,S,0,0,41625.525,26.95,2014,13,22.72,25.6
123157,Active,1568076,NA,NA,S,1,0,112237.075,24.95,2009,20,4.89,17.22
123158,Active,1624405,NA,NA,S,0,0,763425.2563,160.95,2006,18,8.39,28.99
123159,Active,1750146,NA,NA,S,15,1,80050.15,12.5,2011,38,5.49,8.24
123160,Active,683401,NA,NA,S,1,0,84242.05,26.95,2010,20,13.21,24.58
123161,Active,629919,NA,NA,S,4,1,679525.2588,49.95,2001,26,5.28,32.47
123162,Active,2352771,NA,NA,S,9,1,784673.995,63.75,2002,32,4,9.98
123163,Active,2037607,NA,NA,S,1,0,211221.15,26.95,2013,23,18.34,18.46
123164,Active,2098138,NA,NA,S,0,0,96355.55,24.95,2014,17,16.91,18.31
123165,Active,1483931,NA,NA,S,0,0,98578.73375,25,2012,24,19.85,21.13
123166,Active,2306534,NA,NA,S,1,0,39519.25125,15.35,1996,65,5.84,14.07
123167,Active,2261182,NA,NA,S,2,1,208665.125,67.25,2009,35,51.4,58.15
123168,Active,1911522,NA,NA,S,1,0,180230.825,24,2010,37,9.97,26.98
123169,Active,2031458,NA,NA,S,3,1,160057.6,21.95,2012,21,18.96,18.96
123170,Active,1969876,NA,NA,S,0,0,26984.125,27,2015,52,9.41,17.42
123171,Active,572853,NA,NA,S,0,0,82240.5725,19,1986,106,4.31,12.69
123172,Active,2782569,NA,NA,S,12,1,617371.11,370,1998,26,12.35,190.1
123173,Active,721775,NA,NA,S,1,0,450901.8925,35,2005,25,16.88,28.5
123174,Active,1634445,NA,NA,S,2,1,156836.575,21.95,2010,41,5.54,13.97
123175,Active,2070929,NA,NA,S,0,0,63379.1,23.99,2008,50,4.22,13.98
123176,Active,2083920,NA,NA,S,0,0,48863.5,23.99,2013,18,17.36,12.77
123177,Active,2101610,NA,NA,S,0,0,76309.125,26.99,2014,17,16.83,17.99
123178,Active,2101609,NA,NA,S,1,0,11619.575,24.99,2014,18,14.47,13.98
123179,Active,638983,NA,NA,S,1,0,776677.3288,42.95,1999,20,6.44,38.62
123180,Active,652720,NA,NA,S,1,0,149399.4,160.75,2011,22,36.79,43.69
123181,Active,1981969,NA,NA,S,2,1,109961.7988,19.96,2013,13,15.99,18.73
123182,Active,1677078,NA,NA,S,0,0,44841.125,27.99,2014,33,7.93,7.93
123183,Active,1520221,NA,NA,S,0,0,132531.125,22.5,2011,29,11.83,21.34
123184,Active,2015697,NA,NA,S,0,0,29538.8,24,2007,19,20.5,20.56
123185,Active,1737460,NA,NA,S,0,0,238556.65,21.95,2007,18,8.44,14.9
123186,Active,604824,NA,NA,S,0,0,78721.5,59.99,2011,37,22.24,31.09
123187,Active,2776387,NA,NA,S,0,0,420536.6938,23.95,1990,37,12.69,17.99
123188,Active,2010285,NA,NA,S,0,0,111673.7,29.95,2009,18,20.48,20.74
123189,Active,115610,NA,NA,S,0,0,328096.3188,130.2,2003,33,12.64,73.06
123190,Active,735536,NA,NA,S,0,0,73982.55,28.99,2010,20,7.76,17.35
123191,Active,1565559,NA,NA,S,2,1,135813.5388,18,2012,53,7.98,10.95
123192,Active,1702474,NA,NA,S,0,0,33344.95,29.95,2014,9,21.7,22.75
123193,Active,777983,NA,NA,S,0,0,1292,29.99,2011,20,19.94,16.94
123194,Active,777960,NA,NA,S,0,0,12944.8325,5.99,2011,107,3.7,5.58
123195,Active,919875,NA,NA,S,1,0,16562.5,24.99,2009,41,7.48,17.69
123196,Active,2362202,NA,NA,S,1,0,764362.8138,79.95,2001,26,4.39,22.49
123197,Active,892008,NA,NA,S,2,1,833083.5138,43,2008,24,10.96,28.99
123198,Active,1568209,NA,NA,S,1,0,26368.25,24.99,2011,25,11.11,13.74
123199,Active,2162309,NA,NA,S,0,0,71181.85,24.95,2010,18,13.3,18.71
123200,Active,1958117,NA,NA,S,0,0,1387.2,22.99,2015,13,20.01,17.99
123201,Active,676784,NA,NA,S,2,1,8854.9,21.95,2010,32,8.78,11.2
123202,Active,2870086,NA,NA,S,4,1,32854.51375,7.99,2015,18,8.23,7.52
123203,Active,528041,NA,NA,S,0,0,75625.6,20.5,2010,17,15.43,17.27
123204,Active,1732013,NA,NA,S,0,0,28912.25,21.95,2012,60,6.26,8.87
123205,Active,1732033,NA,NA,S,0,0,89535.525,24.95,2007,48,4.92,8.81
123206,Active,146986,NA,NA,S,10,1,629375.0525,210,2003,33,15.97,51.99
123207,Active,924315,NA,NA,S,13,1,432341.0025,125,2015,19,46.3,74.96
123208,Active,924337,NA,NA,S,13,1,531903.3925,125,2015,26,23.85,58.94
123209,Active,1781211,NA,NA,S,1,0,95518.575,35,2015,13,22.02,22
123210,Active,3126958,NA,NA,S,1,0,428634.2375,16.95,2003,27,6.2,28.24
123211,Active,1736024,NA,NA,S,1,0,117343,24.95,2013,19,11.53,15.98
123212,Active,2051175,NA,NA,S,1,0,25860.525,29.95,2012,12,19.89,19.39
123213,Active,1736173,NA,NA,S,0,0,80934.05,29.99,2007,37,5.61,6.97
123214,Active,2058757,NA,NA,S,0,0,91197.425,29.99,2010,18,18.48,19.99
123215,Active,1721048,NA,NA,S,0,0,69639.5,34.95,2013,15,27.81,27.34
123216,Active,3510220,NA,NA,S,0,0,27185.35,35,2011,42,13.57,20.67
123217,Active,2435781,NA,NA,S,0,0,56558.7825,12,1960,201,4,8.87
123218,Active,746291,NA,NA,S,1,0,825722.8525,57,2003,29,6.96,47.45
123219,Active,563649,NA,NA,S,0,0,400475.4825,21.75,2009,45,9.3,14.71
123220,Active,2598108,NA,NA,S,2,1,897589.1763,84.99,1993,30,6.82,51.56
123221,Active,555759,NA,NA,S,2,1,154489.85,26.95,2010,14,22.49,23.87
123222,Active,1588303,NA,NA,S,1,0,677054.4913,49.99,2008,21,14.07,44.15
123223,Active,2015721,NA,NA,S,0,0,126221.925,23,2009,19,12.95,15.99
123224,Active,395933,NA,NA,S,2,1,312700.18,24.95,1999,85,8.36,17.22
123225,Active,1576747,NA,NA,S,0,0,137314.875,34.95,2015,13,23.93,26.34
123226,Active,610184,NA,NA,S,4,1,30329.62375,180.95,2013,54,24.41,37.98
123227,Active,2913440,NA,NA,S,25,1,114730.225,44,2005,10,38.76,33.94
123228,Active,547047,NA,NA,S,2,1,35807.93875,19.95,2012,39,8.94,11.25
123229,Active,2263092,NA,NA,S,11,1,158155.95,78.68,2011,27,23.92,50.91
123230,Active,181347,NA,NA,S,2,1,429808.855,69.99,2005,31,4.97,52.25
123231,Active,2893641,NA,NA,S,0,0,528014.54,61,2002,26,4.29,55.04
123232,Active,635503,NA,NA,S,2,1,239974.35,0,1976,27,29.79,165.65
123233,Active,637933,NA,NA,S,1,0,379385.15,75.62,2002,29,4,49.33
123234,Active,687932,NA,NA,S,0,0,5308.3,20.33,2013,16,14.62,16.38
123235,Active,2106726,NA,NA,S,0,0,28800.8,34.99,2015,11,29.03,21.66
123236,Active,1489453,NA,NA,S,0,0,220135.375,28,2008,20,15.73,23.11
123237,Active,1496561,NA,NA,S,1,0,15699.525,27.5,2011,21,15.27,18.19
123238,Active,678741,NA,NA,S,2,1,85155.355,26,2009,34,19.99,19.97
123239,Active,1575443,NA,NA,S,7,1,15534.625,26.95,2013,33,15.56,17.5
123240,Active,3829956,NA,NA,S,0,0,96899.75,52.99,2015,13,31.75,39.49
123241,Active,1557008,NA,NA,S,0,0,93451.2,41.95,2014,11,39.67,39.01
123242,Active,2851049,NA,NA,S,0,0,710390.5138,45,2004,38,8.83,17.1
123243,Active,3749646,NA,NA,S,7,1,31909.75,25,2015,16,18.82,15.36
123244,Active,1738691,NA,NA,S,6,1,562188.8663,36.95,2008,22,59.97,506.72
123245,Active,1508344,NA,NA,S,1,0,27678.5,30,2014,22,10.97,18.8
123246,Active,1572806,NA,NA,S,0,0,83784.45,22.95,2015,8,16.36,15.66
123247,Active,1502785,NA,NA,S,1,0,87032.65,21.99,2008,40,4,5.53
123248,Active,3598340,NA,NA,S,0,0,577640.25,55,2013,79,16.08,28.98
123249,Active,2596202,NA,NA,S,0,0,344688.5663,74.99,1989,23,18,58.99
123250,Active,617005,NA,NA,S,2,1,429512.7763,50,1985,81,4,33.99
123251,Active,2170739,NA,NA,S,9,1,50370.6,23.99,2015,21,11.82,17.5
123252,Active,2170719,NA,NA,S,8,1,320216.9338,23.99,2014,18,6.97,17.82
123253,Active,3830875,NA,NA,S,9,1,364733,23.99,2016,17,17.5,18.31
123254,Active,2170718,NA,NA,S,12,1,366442.4425,23.99,2014,25,4.08,18.21
123255,Active,3830874,NA,NA,S,13,1,54126,23.99,2016,15,18.7,17.44
123256,Active,2170738,NA,NA,S,9,1,125734.725,21.99,2015,18,6.49,16.48
123257,Active,3830869,NA,NA,S,0,0,72909,29.99,2016,21,19.56,21.81
123258,Active,2170731,NA,NA,S,6,1,505514.75,29.99,2015,28,14.88,19.43
123259,Active,3830867,NA,NA,S,43,1,147484.6,27.99,2015,13,13.89,20.07
123260,Active,3830872,NA,NA,S,35,1,220245,29.99,2016,14,19.59,21.5
123261,Active,2170727,NA,NA,S,34,1,621597.2988,29.99,2015,16,11.17,20.97
123262,Active,2170724,NA,NA,S,10,1,376845.6375,18.99,2014,27,4,13.88
123263,Active,3830870,NA,NA,S,0,0,378919,19.99,2016,24,4,13.82
123264,Active,2170728,NA,NA,S,5,1,622584.6925,19.99,2015,21,4.98,15.58
123265,Active,3830871,NA,NA,S,44,1,141383,29.99,2016,20,19.59,21.07
123266,Active,3830866,NA,NA,S,18,1,15147.55,22,2014,23,16.64,16.76
123267,Active,3830873,NA,NA,S,0,0,63374,12.95,2016,14,10.51,8.75
123268,Active,746816,NA,NA,S,1,0,111668.425,26.95,2009,22,5.68,11.79
123269,Active,1496874,NA,NA,S,0,0,43784.65,27.95,2015,26,7.73,17.53
123270,Active,2971090,NA,NA,S,3,1,67229.25,35.95,2014,8,35.17,37.75
123271,Active,2041979,NA,NA,S,0,0,166071.075,24.99,2014,9,14.39,16.71
123272,Active,2104383,NA,NA,S,0,0,26980.175,21.99,2014,19,13.35,14.42
123273,Active,1425707,NA,NA,S,0,0,53003.3,21.99,2014,17,15.17,17.01
123274,Active,534169,NA,NA,S,1,0,208010.375,55,2010,30,25.31,33.7
123275,Active,879558,NA,NA,S,9,1,6755.315,258.5,2014,72,34.13,74.14
123276,Active,913106,NA,NA,S,7,1,173134.1838,114.73,2011,30,23.11,135.04
123277,Active,870511,NA,NA,S,2,1,544503.0175,186.67,2010,33,4,13.98
123278,Active,1780684,NA,NA,S,1,0,24498.125,22.99,2014,22,16.05,16.04
123279,Active,186222,NA,NA,S,6,1,267587.825,154.4,1996,51,9.57,186.67
123280,Active,235111,NA,NA,S,1,0,276024.7788,49.95,2002,19,36.85,107.41
123281,Active,861534,NA,NA,S,2,1,449406.795,189.95,2013,28,15.66,90.1
123282,Active,625883,NA,NA,S,3,1,421401.825,215.07,2011,22,24.05,185.22
123283,Active,574006,NA,NA,S,0,0,44880.7,45,2012,22,33.86,34.27
123284,Active,860878,NA,NA,S,11,1,452382.0225,112.57,2011,20,18.51,53.98
123285,Active,564870,NA,NA,S,2,1,292657.0575,88.95,2013,22,18.54,80.22
123286,Active,538638,NA,NA,S,9,1,8036.70625,276.25,2012,92,18.81,32.22
123287,Active,566118,NA,NA,S,4,1,441345.83,43.96,2011,21,7.92,73.53
123288,Active,862174,NA,NA,S,15,1,28508.95875,302.95,2014,83,46.98,82.84
123289,Active,877522,NA,NA,S,3,1,367781.7763,180.67,2013,31,22.14,140.57
123290,Active,705798,NA,NA,S,20,1,2095.71,276.25,2014,105,49.61,122.9
123291,Active,630535,NA,NA,S,8,1,284218.32,190.87,2012,39,18.68,46.04
123292,Active,613526,NA,NA,S,1,0,805881.87,153.33,2004,53,4,13.15
123293,Active,861535,NA,NA,S,11,1,61691.8925,194.5,2013,49,48.85,79.41
123294,Active,3634907,NA,NA,S,1,0,150141.15,22.99,2016,13,18.67,15.97
123295,Active,591628,NA,NA,S,1,0,708939.9863,52.95,2008,40,18.99,35.37
123296,Active,916925,NA,NA,S,3,1,40356,67.95,2013,40,22,39.66
123297,Active,917214,NA,NA,S,3,1,89597.94875,252.25,2013,42,22.45,30.79
123298,Active,1989658,NA,NA,S,1,0,58417.4,29.99,2013,17,17.8,18.85
123299,Active,113882,NA,NA,S,5,1,481555.1075,143.6,2002,19,7.46,72.73
123300,Active,2336889,NA,NA,S,2,1,484293.2363,40.5,1991,30,4.35,105.48
123301,Active,114810,NA,NA,S,6,1,187832.6525,260,2002,37,15.01,131.93
123302,Active,639139,NA,NA,S,1,0,80067,44,2010,21,20.98,22
123303,Active,655177,NA,NA,S,1,0,161226.2688,146.95,2013,47,4.76,99.04
123304,Active,664719,NA,NA,S,1,0,92827.2425,179.95,2013,48,24.08,78.99
123305,Active,544785,NA,NA,S,1,0,54217.31375,82.95,2013,65,5.29,12.58
123306,Active,628702,NA,NA,S,1,0,330082.5138,59.99,2010,40,12.79,139.33
123307,Active,779022,NA,NA,S,0,0,29441.275,63.92,2014,16,48.8,67.93
123308,Active,685911,NA,NA,S,1,0,41829.02125,34.99,2013,44,9.68,22.76
123309,Active,767005,NA,NA,S,1,0,818441.6938,70.95,2011,22,3.43,38.99
123310,Active,544444,NA,NA,S,4,1,540087.245,34.99,2011,22,9.43,18.63
123311,Active,1780409,NA,NA,S,1,0,58767.85,49.99,2014,15,27.38,28.48
123312,Active,3815255,NA,NA,S,0,0,435711.7,49.99,2009,16,47.49,47.49
123313,Active,669151,NA,NA,S,1,0,568753.1413,103.21,2011,20,17.62,72.8
123314,Active,293246,NA,NA,S,1,0,403631.3975,49.99,2010,43,5.87,31.9
123315,Active,652307,NA,NA,S,1,0,67551.3,36.99,2013,21,23.91,24.92
123316,Active,914238,NA,NA,S,1,0,17307.65,29.99,2014,16,20.19,20.22
123317,Active,269765,NA,NA,S,3,1,96852.5,29.99,2007,14,13.18,19.13
123318,Active,658197,NA,NA,S,1,0,403668.2063,49.99,2012,42,7.67,30.93
123319,Active,677667,NA,NA,S,1,0,15938.475,29.99,2007,35,8.91,18.94
123320,Active,682573,NA,NA,S,4,1,50273.55,29.99,2012,26,15.98,19.57
123321,Active,1826854,NA,NA,S,1,0,293499.1188,222.95,2014,26,19.21,102.67
123322,Active,610180,NA,NA,S,1,0,316599.545,219.95,2013,48,13.76,99.99
123323,Active,244153,NA,NA,S,2,1,199071.6988,114.95,2011,33,12.14,0
123324,Active,527996,NA,NA,S,4,1,739204.8488,65.8,2012,18,5.84,50.63
123325,Active,904347,NA,NA,S,1,0,461603.9913,179.95,2013,20,9.76,135.38
123326,Active,1633900,NA,NA,S,1,0,87804.85,49.99,2013,22,30.98,33.32
123327,Active,869780,NA,NA,S,1,0,888283.1675,120.35,2010,13,6.57,23.99
123328,Active,613311,NA,NA,S,1,0,403924.0775,187.95,2007,50,4,45.48
123329,Active,1910446,NA,NA,S,0,0,721623.2138,222.95,2011,20,6.76,48.99
123330,Active,178947,NA,NA,S,1,0,222177.4863,81.95,2010,53,4,33.74
123331,Active,193886,NA,NA,S,1,0,161052.625,39.99,2007,55,4.72,52.58
123332,Active,121316,NA,NA,S,0,0,707560.7713,94.6,2007,24,5.89,15.86
123333,Active,776980,NA,NA,S,1,0,95577.175,34.99,2013,23,4.72,24.52
123334,Active,613185,NA,NA,S,1,0,897476.0625,69.95,2007,61,4,4
123335,Active,776794,NA,NA,S,1,0,160827.45,29.99,2007,47,4,10.47
123336,Active,1826575,NA,NA,S,1,0,690885.6638,81.95,2014,21,15.35,73.99
123337,Active,627567,NA,NA,S,0,0,532461.5288,73.95,2007,41,10.84,35.04
123338,Active,776893,NA,NA,S,1,0,89732.825,29.99,2010,38,4.39,11.91
123339,Active,635580,NA,NA,S,1,0,201439.8238,148.95,2013,48,13.76,73.87
123340,Active,776975,NA,NA,S,1,0,103587.875,29.99,2013,16,22.39,20.98
123341,Active,776894,NA,NA,S,1,0,96000.05,29.99,2010,42,4,15.01
123342,Active,680060,NA,NA,S,1,0,74074.2,29.99,2013,25,16.21,20.91
123343,Active,622219,NA,NA,S,1,0,53203.6625,134.95,2013,56,19.02,88.99
123344,Active,664273,NA,NA,S,1,0,130513.1438,179.95,2013,44,7.77,53.24
123345,Active,162644,NA,NA,S,1,0,169544,60,2009,20,17.15,39.76
123346,Active,624965,NA,NA,S,1,0,588903.0075,116.75,2011,51,4.49,38.99
123347,Active,193902,NA,NA,S,1,0,257452.75,54.99,2011,14,15.98,70
123348,Active,676349,NA,NA,S,1,0,23974.525,29.99,2010,49,7.96,17.46
123349,Active,682528,NA,NA,S,1,0,8980.5,34.99,2013,37,20.41,22.97
123350,Active,542264,NA,NA,S,1,0,357790.8025,179.95,2011,63,5.41,16.16
123351,Active,861540,NA,NA,S,1,0,152650.6513,192.95,2013,40,16.6,88.38
123352,Active,649578,NA,NA,S,1,0,125663.4888,144.95,2013,51,8.36,64.9
123353,Active,1633840,NA,NA,S,1,0,244915.4713,24.99,2011,106,4,11.94
123354,Active,1633885,NA,NA,S,1,0,165795.425,29.99,2013,11,22.4,21.63
123355,Active,612762,NA,NA,S,1,0,57688.1,49.99,2013,24,30.96,33.52
123356,Active,689016,NA,NA,S,1,0,16015.075,29.99,2013,17,18.48,18.76
123357,Active,686575,NA,NA,S,1,0,52647.225,34.99,2013,22,26.47,23.46
123358,Active,662339,NA,NA,S,1,0,849286.6625,119.95,2013,38,4.76,43.96
123359,Active,544287,NA,NA,S,7,1,890866.4588,62.95,2012,19,8.7,17.99
123360,Active,456675,NA,NA,S,4,1,361232.8613,220.95,2010,39,6.94,63.99
123361,Active,3776707,NA,NA,S,8,1,12006.5,54.99,2015,21,30.35,35.08
123362,Active,1633915,NA,NA,S,1,0,230787.4213,49.99,2013,46,17.82,33
123363,Active,683177,NA,NA,S,1,0,119028.225,34.99,2010,23,12.81,19.43
123364,Active,639705,NA,NA,S,1,0,84204.925,34.99,2013,14,22.93,22.7
123365,Active,681439,NA,NA,S,0,0,77833.04375,27.99,2010,54,4,0
123366,Active,1671818,NA,NA,S,0,0,52945.76625,71.49,2013,49,23.49,110.54
123367,Active,612489,NA,NA,S,1,0,125841.775,146.95,2013,49,5.29,0
123368,Active,544740,NA,NA,S,1,0,205769.6375,47.95,2013,27,10.05,0
123369,Active,876973,NA,NA,S,0,0,239387.4188,51.58,2014,10,12.81,85.59
123370,Active,685295,NA,NA,S,0,0,82380.81125,29.99,2013,30,13.81,0
123371,Active,2974401,NA,NA,S,0,0,95646.35,29.95,2015,19,29.93,29.95
123372,Active,269779,NA,NA,S,3,1,791548.4288,34.99,2008,38,4,33.27
123373,Active,3621983,NA,NA,S,0,0,215073.8,49.99,2014,6,22.53,49.99
123374,Active,2089428,NA,NA,S,1,0,57944.875,24.95,2011,47,7.93,11.67
123375,Active,2042030,NA,NA,S,1,0,26452.75,22.99,2013,12,9.59,12.41
123376,Active,2022046,NA,NA,S,0,0,61022.975,65,2014,12,43.77,37.71
123377,Active,1554570,NA,NA,S,1,0,151279.325,35.95,2014,31,21.7,32.79
123378,Active,663246,NA,NA,S,6,1,175234.3863,60,2013,46,13.9,38.98
123379,Active,582029,NA,NA,S,0,0,426405.6075,56.95,1990,41,4.78,33.89
123380,Active,1452489,NA,NA,S,0,0,195923.65,111.25,2011,30,21.74,41.99
123381,Active,628740,NA,NA,S,0,0,103854.65,24.5,2009,23,5.93,8.95
123382,Active,641493,NA,NA,S,0,0,55697.5,24.5,2009,25,5.85,10.38
123383,Active,620269,NA,NA,S,0,0,66857.85,24.5,2009,39,4,7.2
123384,Active,553399,NA,NA,S,0,0,44714.9,24.5,2009,26,5.87,12.78
123385,Active,639228,NA,NA,S,0,0,147855.225,24.5,2009,32,4,6.93
123386,Active,667215,NA,NA,S,0,0,93001.775,28.97,2012,21,11.54,25.53
123387,Active,668984,NA,NA,S,0,0,70936.775,40.25,2012,13,17.48,19.99
123388,Active,665291,NA,NA,S,0,0,95663.325,28.97,2012,21,10.69,24.99
123389,Active,658510,NA,NA,S,1,0,187788.45,107,2009,36,6.03,73.94
123390,Active,630073,NA,NA,S,0,0,181633.3,116,2009,41,8.86,43.98
123391,Active,1453886,NA,NA,S,0,0,69345.875,94.5,2010,7,45.83,47.25
123392,Active,900424,NA,NA,S,0,0,24838.475,0,2014,23,4.77,49.11
123393,Active,614194,NA,NA,S,1,0,69821.1,97.3,2002,83,5.87,15.68
123394,Active,2165706,NA,NA,S,1,0,26558.975,25.95,2012,14,23.01,18.56
123395,Active,649871,NA,NA,S,0,0,124006.825,100,2012,33,59.48,78.99
123396,Active,1534875,NA,NA,S,1,0,54975.825,26.95,2014,49,9.49,18.72
123397,Active,2042034,NA,NA,S,1,0,62482.025,24.99,2013,16,9.12,9.97
123398,Active,259410,NA,NA,S,1,0,618665.4125,51.95,1999,49,4.78,41.99
123399,Active,1890626,NA,NA,S,0,0,87865.875,24.99,2010,21,6.24,15.86
123400,Active,721048,NA,NA,S,0,0,511668.1113,47.95,2003,52,7.95,13.96
123401,Active,568068,NA,NA,S,0,0,119188.125,29.95,2010,29,13.31,23.68
123402,Active,688590,NA,NA,S,1,0,94675.725,24.95,2011,21,16.43,17.88
123403,Active,1576668,NA,NA,S,0,0,241416.375,34.95,2014,11,25.09,25.09
123404,Active,1484871,NA,NA,S,1,0,200844.175,48,2011,16,38.34,38.62
123405,Active,2064914,NA,NA,S,0,0,56485.375,21.95,2013,26,8.15,12.05
123406,Active,3694646,NA,NA,S,5,1,82818.925,61.25,2016,14,39.34,39.59
123407,Active,866670,NA,NA,S,4,1,74663.5925,30,2014,23,10.93,18.83
123408,Active,649153,NA,NA,S,1,0,301404.4013,49.95,2007,26,25.93,46.88
123409,Active,649368,NA,NA,S,1,0,781527,106.95,1994,15,78.94,111.95
123410,Active,2144040,NA,NA,S,0,0,4598.125,34.95,2015,15,25.06,24.02
123411,Active,1724546,NA,NA,S,0,0,96506.1,45,2014,13,15.24,29.86
123412,Active,2307181,NA,NA,S,3,1,380095.3713,24.95,1997,22,27.18,136.46
123413,Active,174600,NA,NA,S,1,0,105271.9725,54.99,1998,39,22.71,35
123414,Active,1704426,NA,NA,S,0,0,168824.05,24.95,2011,41,4.62,7.99
123415,Active,1680223,NA,NA,S,0,0,31565.65,35,2015,19,14.18,17.98
123416,Active,2087389,NA,NA,S,0,0,196915.775,29.95,2012,19,10.95,21.25
123417,Active,791139,NA,NA,S,0,0,142294.125,25,2011,30,13.75,18.28
123418,Active,2106587,NA,NA,S,0,0,42428.025,24.95,2014,17,14.98,14.98
123419,Active,919903,NA,NA,S,7,1,760197.1713,150.67,2004,63,4.09,42.99
123420,Active,1452718,NA,NA,S,0,0,229425.275,116,2012,18,49.94,61.98
123421,Active,626301,NA,NA,S,0,0,144603.75,20.25,2009,32,4,7.3
123422,Active,3814484,NA,NA,S,1,0,474166.25,50,2013,58,13.98,17.67
123423,Active,3814478,NA,NA,S,0,0,140792.825,50,2008,27,5.01,26.21
123424,Active,3812101,NA,NA,S,0,0,65470.5,45,2015,19,13.81,22.76
123425,Active,2122671,NA,NA,S,0,0,37528.925,39.99,2012,24,19.36,23.81
123426,Active,863998,NA,NA,S,1,0,33701.5,24.95,2011,17,15.83,16.66
123427,Active,1752268,NA,NA,S,6,1,218513.575,30,2008,19,7.82,22.99
123428,Active,1437444,NA,NA,S,1,0,84433.6,23,2014,15,7.56,10.23
123429,Active,544904,NA,NA,S,2,1,790486.065,49.95,2006,45,17.44,28.98
123430,Active,3583244,NA,NA,S,1,0,120228.8,35,2001,35,22.32,73.99
123431,Active,748185,NA,NA,S,0,0,160181.7,23.75,2010,15,11.49,20.54
123432,Active,911574,NA,NA,S,0,0,30331.3,24.95,2013,24,9.84,14.97
123433,Active,3526813,NA,NA,S,1,0,79679.5,45,2016,11,31.89,26.01
123434,Active,858666,NA,NA,S,2,1,637015.2463,24.99,1998,31,4,24.99
123435,Active,246605,NA,NA,S,3,1,641139.7525,74.95,2008,40,13.83,40.73
123436,Active,1479903,NA,NA,S,1,0,51829.725,24.95,2012,20,17.84,20.59
123437,Active,2081964,NA,NA,S,0,0,47316.025,21.95,2011,20,14.3,16.59
123438,Active,782375,NA,NA,S,0,0,91718.95,29.99,2012,21,10.35,12.88
123439,Active,1476440,NA,NA,S,1,0,180576.325,34.95,2013,15,21.23,26.41
123440,Active,1705446,NA,NA,S,0,0,117453.65,28,2015,26,8.46,11.98
123441,Active,2000490,NA,NA,S,0,0,78948.7775,48.29,2014,11,24.78,20.96
123442,Active,1434111,NA,NA,S,0,0,131991.9,26.99,2014,31,6.31,15.99
123443,Active,862176,NA,NA,S,5,1,20166.56625,257.95,2014,64,51.84,137.93
123444,Active,2016773,NA,NA,S,0,0,47842.5,22.95,2010,42,13.28,17
123445,Active,798155,NA,NA,S,1,0,142669.875,34.95,2012,35,5.54,15.99
123446,Active,264436,NA,NA,S,0,0,174714.725,27.95,2008,46,4,18.71
123447,Active,630146,NA,NA,S,1,0,62953.5,38,2008,21,18.84,18.84
123448,Active,1535787,NA,NA,S,1,0,603513.72,27.95,2015,15,20.73,24.44
123449,Active,2423572,NA,NA,S,1,0,343913.2525,2620.66,1989,28,5.25,63.49
123450,Active,2100989,NA,NA,S,1,0,79976.925,25.95,2013,15,16.99,17.39
123451,Active,893055,NA,NA,S,2,1,67102.975,26.99,2014,16,18.24,17.46
123452,Active,1535744,NA,NA,S,1,0,11493.55,22.95,2015,12,22.09,19.39
123453,Active,2087648,NA,NA,S,0,0,139326.525,21.95,2015,21,9.48,15.16
123454,Active,2167442,NA,NA,S,0,0,29844.175,29.99,2014,12,23.48,21.33
123455,Active,2164841,NA,NA,S,1,0,11344.875,29.99,2013,18,25.31,23.47
123456,Active,1779306,NA,NA,S,1,0,103446.525,26.99,2013,21,12.31,16.97
123457,Active,1779265,NA,NA,S,1,0,157349.725,30.95,2015,16,23.55,23.13
123458,Active,898778,NA,NA,S,2,1,450880.3688,58,2014,15,31.01,47.73
123459,Active,2063781,NA,NA,S,0,0,80554.625,24.95,2011,22,15.44,24.95
123460,Active,1520242,NA,NA,S,1,0,73514.275,30.63,2012,22,21.07,27.28
123461,Active,545241,NA,NA,S,2,1,94432.77125,128.95,2013,46,31.67,87.98
123462,Active,2097654,NA,NA,S,0,0,2303.875,21.95,2013,21,13.11,13.12
123463,Active,2555350,NA,NA,S,2,1,63269.07375,19.5,1993,74,10.72,15.53
123464,Active,911663,NA,NA,S,25,1,724544.3388,26.95,2014,29,8.3,18.62
123465,Active,612796,NA,NA,S,0,0,266802.275,0,2013,57,4,78.25
123466,Active,1600523,NA,NA,S,0,0,4608.925,31.96,2014,32,14.27,21.48
123467,Active,1989644,NA,NA,S,1,0,34344.025,29.99,2015,18,19.48,19.06
123468,Active,1737277,NA,NA,S,1,0,75608.95,25,2013,22,13.93,15.16
123469,Active,1836427,NA,NA,S,2,1,737058.89,14.95,2008,24,4,50.61
123470,Active,689171,NA,NA,S,1,0,25175.9,29.95,2012,19,19.92,16.57
123471,Active,2042038,NA,NA,S,0,0,50209.775,22.99,2014,18,14.03,14.03
123472,Active,1478936,NA,NA,S,1,0,84035.875,24.95,2012,15,17.65,6.99
123473,Active,685748,NA,NA,S,0,0,138408.35,27,2009,13,19.6,19.53
123474,Active,1690813,NA,NA,S,0,0,107404.7,29,2012,16,18.86,23.01
123475,Active,865542,NA,NA,S,12,1,584561.995,45,2013,34,4,38.99
123476,Active,2217945,NA,NA,S,2,1,163964.325,34.92,2012,19,32.63,35.95
123477,Active,615591,NA,NA,S,0,0,663082.5738,45.95,1993,55,5.17,22.5
123478,Active,2100827,NA,NA,S,0,0,64178.425,27.99,2014,22,12.98,19.08
123479,Active,2074179,NA,NA,S,0,0,116276.775,0,2008,11,4.23,28.67
123480,Active,1595602,NA,NA,S,0,0,35498.325,22.99,2015,15,15.76,14.21
123481,Active,1684098,NA,NA,S,0,0,43962.875,29.99,2014,25,11.49,15.93
123482,Active,1684099,NA,NA,S,0,0,44739.625,34.99,2014,15,23.45,21.96
123483,Active,1684100,NA,NA,S,0,0,52708.85,39.99,2015,14,23.58,24.65
123484,Active,1734871,NA,NA,S,0,0,518006.3613,14.99,2012,35,4,10.51
123485,Active,1508862,NA,NA,S,0,0,52046.175,24,2015,27,13.58,14.98
123486,Active,3466954,NA,NA,S,1,0,54362.75,25.99,2012,45,8.21,14.92
123487,Active,1834756,NA,NA,S,0,0,89576.8,24.95,2014,49,4.86,7.63
123488,Active,2553120,NA,NA,S,0,0,50035.57625,8,1990,194,4,7.03
123489,Active,170361,NA,NA,S,0,0,764405.0388,45,2007,32,15.99,22.99
123490,Active,142167,NA,NA,S,5,1,57607.7125,82.42,2011,53,7.5,44.8
123491,Active,1654821,NA,NA,S,0,0,54694.025,27.95,2014,36,5.44,8.94
123492,Active,543978,NA,NA,S,2,1,625302.9825,57,2012,21,8.81,45.99
123493,Active,615885,NA,NA,S,4,1,146491.2425,94.2,2008,62,9.6,55.07
123494,Active,1534715,NA,NA,S,1,0,8365.9,27.95,2015,16,16.95,17.74
123495,Active,734010,NA,NA,S,1,0,105441.55,24.99,2011,51,4,7.41
123496,Active,3713155,NA,NA,S,11,1,79413.45,0,1900,17,28.18,46.99
123497,Active,1565878,NA,NA,S,0,0,102538.175,28.99,2012,36,8.68,8.68
123498,Active,1595289,NA,NA,S,0,0,35538.725,26.95,2015,31,12.98,19.2
123499,Active,3796307,NA,NA,S,0,0,390,56.97,2015,22,33.02,33.4
123500,Active,784267,NA,NA,S,1,0,5240.025,22.95,2008,46,13.27,13.82
123501,Active,1699073,NA,NA,S,1,0,33828,28,2014,44,10.95,10.98
123502,Active,1590272,NA,NA,S,1,0,307512.1488,34.99,2010,37,8.44,23.9
123503,Active,1680265,NA,NA,S,1,0,42538.525,23,2013,39,4.48,7.97
123504,Active,1569865,NA,NA,S,1,0,151614.775,24.95,2011,18,13.38,16.72
123505,Active,1464352,NA,NA,S,1,0,228777.275,26.95,2011,21,20.04,27.95
123506,Active,684573,NA,NA,S,0,0,206432.925,27,2007,22,13.83,17.98
123507,Active,2444086,NA,NA,S,0,0,338508.0263,22.99,1996,57,4,4.14
123508,Active,1462196,NA,NA,S,0,0,723936.93,45,2015,18,17.06,26.99
123509,Active,123646,NA,NA,S,1,0,119141.5,25,2007,37,10.91,33.97
123510,Active,691493,NA,NA,S,0,0,1255.2,26.97,2009,27,15.97,16.05
123511,Active,634874,NA,NA,S,1,0,91048.275,38.95,2011,19,21.82,22.37
123512,Active,1918493,NA,NA,S,0,0,165979.2,24.99,2015,14,18.26,14.23
123513,Active,1918569,NA,NA,S,0,0,62095.15,24.99,2015,14,16.99,15.39
123514,Active,681832,NA,NA,S,0,0,46044.5,21.95,2011,12,12.74,15.41
123515,Active,600571,NA,NA,S,1,0,792996.4088,44,2010,17,10.39,26.43
123516,Active,913930,NA,NA,S,1,0,851858.54,67.5,2004,37,8.98,8.09
123517,Active,2043630,NA,NA,S,0,0,142576.75,24.99,2007,40,5.83,6.21
123518,Active,2043751,NA,NA,S,0,0,61449.575,24.99,2012,15,15.24,11.73
123519,Active,1623509,NA,NA,S,1,0,435273.1625,49.95,2009,40,6.89,34.55
123520,Active,1762388,NA,NA,S,1,0,165980.175,24.99,2014,13,24.06,24.09
123521,Active,2168116,NA,NA,S,16,1,381981.0313,45.99,2013,20,7.97,20.99
123522,Active,2227143,NA,NA,S,7,1,102657.075,20.89,2008,17,14.24,19.98
123523,Active,913704,NA,NA,S,7,1,35915.975,20.69,2009,29,15.97,23.23
123524,Active,54246,NA,NA,S,6,1,55565.355,17.5,2003,1244,3.99,4.78
123525,Active,1703719,NA,NA,S,0,0,180818.225,40,2011,35,10.97,26.21
123526,Active,1942643,NA,NA,S,1,0,63238.825,27,2013,63,5.94,6.97
123527,Active,1437432,NA,NA,S,1,0,80096.15,35,2014,13,8.54,8.54
123528,Active,669570,NA,NA,S,1,0,168492.0963,40.95,2011,17,7.39,36.36
123529,Active,748303,NA,NA,S,2,1,790472.2563,155,2005,20,4.39,68.67
123530,Active,2163850,NA,NA,S,1,0,21587.45,29.95,2013,20,14.21,20.2
123531,Active,859911,NA,NA,S,1,0,188042.075,34.99,2009,25,16.47,31.91
123532,Active,3527563,NA,NA,S,0,0,345782.35,73.95,1981,46,14.02,56.93
123533,Active,921920,NA,NA,S,2,1,15124.07875,23.75,1999,49,14.15,17.26
123534,Active,1669944,NA,NA,S,1,0,770501.8963,12.99,2009,29,4,9.99
123535,Active,1737260,NA,NA,S,0,0,139154.075,60,2014,18,33.34,56.38
123536,Active,2104874,NA,NA,S,0,0,298352.2825,29.95,2014,17,26.9,53.92
123537,Active,1767834,NA,NA,S,1,0,620929.0625,39.99,2014,19,25.7,30.69
123538,Active,2784670,NA,NA,S,0,0,460639.1638,32.95,1981,41,5.98,65.01
123539,Active,1582838,NA,NA,S,1,0,716863.8588,59.99,2010,48,16.78,27.99
123540,Active,773884,NA,NA,S,2,1,192750.775,201.5,2006,36,5.13,9.51
123541,Active,211726,NA,NA,S,2,1,683741.5975,72.5,2002,31,17.91,43.99
123542,Active,298141,NA,NA,S,1,0,58800.8,60.99,2010,13,43.22,42.78
123543,Active,2607448,NA,NA,S,1,0,417461.5863,44.99,2005,30,10.32,37.99
123544,Active,877521,NA,NA,S,12,1,3274.04,69.5,2015,58,34.02,43.89
123545,Active,2272645,NA,NA,S,11,1,132825.175,86.27,1900,33,24.11,48.55
123546,Active,261289,NA,NA,S,1,0,584493.2675,44,1998,37,4,24.97
123547,Active,230626,NA,NA,S,1,0,286817.1825,48.95,1998,34,36.34,42.34
123548,Active,1434185,NA,NA,S,1,0,80872.975,40,2015,24,19.66,19.98
123549,Active,2164872,NA,NA,S,0,0,236797.85,28.95,2011,13,23.16,28.95
123550,Active,658476,NA,NA,S,1,0,96331.15,34.95,2010,19,21.96,32.99
123551,Active,2612655,NA,NA,S,2,1,392814.985,59.99,2001,31,4,54.65
123552,Active,1728199,NA,NA,S,0,0,161634.65,21.95,2008,23,15.41,15.75
123553,Active,601911,NA,NA,S,0,0,363922.5613,56,1982,31,4,43
123554,Active,170362,NA,NA,S,0,0,64787.175,29.95,2008,50,13.9,22.7
123555,Active,552669,NA,NA,S,3,1,24817.22,208.8,2004,104,36.81,105.39
123556,Active,568532,NA,NA,S,0,0,495022.1575,59.99,1987,53,4,48.61
123557,Active,692561,NA,NA,S,1,0,333806.1625,115.8,2009,22,43.98,53.99
123558,Active,2077797,NA,NA,S,0,0,98592.65,24.95,2011,46,9.71,9.7
123559,Active,2255754,NA,NA,S,4,1,706197.25,242.47,2011,36,12.11,65.25
123560,Active,3089418,NA,NA,S,0,0,140937.5025,93.28,2005,38,13.33,65.47
123561,Active,636841,NA,NA,S,2,1,751338.5288,131,2003,23,12.88,92.19
123562,Active,1814566,NA,NA,S,0,0,4140.775,24.99,2013,19,17.28,13.48
123563,Active,546236,NA,NA,S,0,0,646641.5538,56,1999,63,5.79,23.99
123564,Active,1716612,NA,NA,S,0,0,24208.125,21.99,2013,22,14.42,15.5
123565,Active,693986,NA,NA,S,0,0,714514.8538,57.98,2003,22,12.44,33.93
123566,Active,548820,NA,NA,S,1,0,114293.7,34.95,2008,43,4.52,16.31
123567,Active,2609626,NA,NA,S,0,0,597016.8713,44.99,1999,36,7.26,36.99
123568,Active,2395135,NA,NA,S,0,0,346129.8163,22,2001,43,4.5,10.37
123569,Active,874091,NA,NA,S,2,1,578294.6175,82,1990,33,4.44,45.96
123570,Active,2238251,NA,NA,S,12,1,173958.95,27.98,2010,10,24.98,26.89
123571,Active,618313,NA,NA,S,3,1,170858.2413,338.95,2005,47,16.49,27.54
123572,Active,2105404,NA,NA,S,13,1,765416.8113,29,2014,51,4,18.99
123573,Active,50951,NA,NA,S,7,1,893095.6688,154.67,2004,49,4,11.94
123574,Active,862177,NA,NA,S,11,1,11519.93625,124,2014,65,42.86,79.98
123575,Active,922970,NA,NA,S,0,0,809719.0788,87.5,1998,126,4,14.83
123576,Active,527912,NA,NA,S,9,1,50934.2575,232,2007,45,23.11,53.99
123577,Active,2167486,NA,NA,S,6,1,21089.22125,27.29,2014,25,24.1,23.97
123578,Active,1742607,NA,NA,S,0,0,655325.6213,43.95,2009,36,8.62,42.94
123579,Active,246631,NA,NA,S,1,0,534872.5963,47.95,2008,55,4.98,35.83
123580,Active,3522029,NA,NA,S,0,0,218775.1,27.95,2012,21,12.07,14.97
123581,Active,874832,NA,NA,S,0,0,585789.7325,113.05,1998,52,4.46,23.02
123582,Active,848850,NA,NA,S,0,0,772718.3425,65,1998,29,4.76,30.57
123583,Active,1979176,NA,NA,S,2,1,180823.15,29.99,2014,14,19.27,19.27
123584,Active,1479636,NA,NA,S,1,0,414208.5975,44.95,2012,68,10.94,16.43
123585,Active,2077824,NA,NA,S,0,0,183080.175,23.95,2013,28,5.62,7.73
123586,Active,145471,NA,NA,S,1,0,628992.2113,59.8,2010,32,5.54,64.58
123587,Active,113863,NA,NA,S,5,1,775565.285,156.2,2000,50,10.8,69.25
123588,Active,591613,NA,NA,S,1,0,419281.4975,46.95,2011,34,10.18,30.04
123589,Active,642144,NA,NA,S,1,0,47440.875,54.99,2012,29,25.98,35.85
123590,Active,1938709,NA,NA,S,0,0,16504.575,35,2015,19,13.37,17.84
123591,Active,664635,NA,NA,S,8,1,12181.50375,80.95,2013,72,32.36,66.6
123592,Active,684504,NA,NA,S,0,0,26240.9,34.99,2010,24,18.65,18.83
123593,Active,622063,NA,NA,S,9,1,157931.45,134.33,2004,31,37.99,73.99
123594,Active,1557489,NA,NA,S,1,0,88246.55,40.95,2013,15,28.16,29.4
123595,Active,2077800,NA,NA,S,0,0,90122.875,22.95,2012,15,8.28,11.89
123596,Active,556488,NA,NA,S,3,1,89939.8,29.95,2011,19,27.37,23.74
123597,Active,3487400,NA,NA,S,1,0,200854.225,28,2012,27,4,7.46
123598,Active,1627740,NA,NA,S,0,0,71402.475,99.5,2015,16,57.98,73.87
123599,Active,613335,NA,NA,S,1,0,518691.675,80,1992,59,3.99,22.31
123600,Active,1724507,NA,NA,S,1,0,49614.85,50,2014,17,27.5,31.59
123601,Active,2648732,NA,NA,S,1,0,504054.8163,75.95,2002,23,4.9,35.54
123602,Active,710589,NA,NA,S,3,1,521452.4525,37.6,1999,32,4,0
123603,Active,1989614,NA,NA,S,1,0,27643.9,29.99,2015,18,19.62,20.22
123604,Active,2323321,NA,NA,S,0,0,365321.5088,92.75,1990,48,4,67.23
123605,Active,1839906,NA,NA,S,3,1,876522.0213,54.95,2009,24,11.87,38.89
123606,Active,619769,NA,NA,S,2,1,41969.225,40,2011,38,17.52,20.98
123607,Active,169041,NA,NA,S,0,0,56096.535,19.95,1996,36,9.76,10.06
123608,Active,2098824,NA,NA,S,19,1,704833.71,32,2013,17,25.98,32
123609,Active,2098823,NA,NA,S,19,1,49727.575,32,2013,14,30.23,30.4
123610,Active,3272090,NA,NA,S,3,1,551957.3988,159.47,2005,23,17.2,105.31
123611,Active,557205,NA,NA,S,3,1,363601.9425,143.95,2004,64,13.82,58.94
123612,Active,2135149,NA,NA,S,0,0,43464.15,29.95,2013,15,19.99,20.19
123613,Active,629177,NA,NA,S,0,0,31840.6,35,2012,22,14.73,20.56
123614,Active,132484,NA,NA,S,1,0,272793.465,142,2007,41,47.5,103.97
123615,Active,1485970,NA,NA,S,4,1,466293.775,0,2014,16,43.26,43.72
123616,Active,442521,NA,NA,S,1,0,710326.5663,48.95,2012,18,4.98,22.49
123617,Active,877056,NA,NA,S,0,0,751462.4325,42,1992,40,4,28.99
123618,Active,182579,NA,NA,S,0,0,165808.0275,127.85,2002,49,4.9,73.77
123619,Active,868353,NA,NA,S,1,0,73880.29125,77.7,2010,40,22.9,56.47
123620,Active,2006208,NA,NA,S,0,0,94241.725,21.95,2007,59,5.98,12.74
123621,Active,2136337,NA,NA,S,0,0,895463.9613,49.95,2008,42,16.35,32.96
123622,Active,881365,NA,NA,S,0,0,4470.9,24.5,2014,16,16.12,19.4
123623,Active,720763,NA,NA,S,0,0,170955.34,51,2002,25,11.06,23.99
123624,Active,1768783,NA,NA,S,1,0,203435.175,29.99,2012,18,25.94,25.98
123625,Active,201781,NA,NA,S,4,1,205298.57,49.95,2014,55,5.86,41.61
123626,Active,664773,NA,NA,S,3,1,134050.4775,34.95,2013,19,31.18,32.5
123627,Active,1716044,NA,NA,S,0,0,48201.15,23.95,2014,6,23.52,23.53
123628,Active,721550,NA,NA,S,0,0,594815,45,2004,23,5.23,23.89
123629,Active,254484,NA,NA,S,4,1,178076.6475,256.95,2011,47,14.17,62.14
123630,Active,57975,NA,NA,S,4,1,109310.7888,119.95,2009,57,32.25,73.97
123631,Active,2110253,NA,NA,S,0,0,34784.15,29.95,2013,10,20.94,20.94
123632,Active,622673,NA,NA,S,1,0,476269.6888,99.95,2009,22,23.78,26.49
123633,Active,2020602,NA,NA,S,0,0,3227.625,29.99,2014,22,18.95,19.63
123634,Active,3946224,NA,NA,S,0,0,3547.675,54.95,2011,7,44.04,40.21
123635,Active,2231136,NA,NA,S,0,0,17594.725,29.95,2009,17,18.78,20.41
123636,Active,2231277,NA,NA,S,0,0,21496.575,22.95,2014,11,20.61,16.3
123637,Active,2231274,NA,NA,S,0,0,18187.475,22.95,2014,15,16.69,17.55
123638,Active,2231276,NA,NA,S,0,0,8537.85,22.95,2014,14,15.66,13.09
123639,Active,2231275,NA,NA,S,0,0,7887.3,22.95,2014,14,16.07,15.57
123640,Active,685165,NA,NA,S,0,0,2711.25,22.95,2008,17,20.17,14.99
123641,Active,2231479,NA,NA,S,0,0,1183.675,21.95,2009,13,23.9,14.27
123642,Active,2231480,NA,NA,S,0,0,13460.8,22.95,2009,19,19.97,17.64
123643,Active,3946214,NA,NA,S,0,0,36945.15,70,2012,7,55.94,54.93
123644,Active,3946222,NA,NA,S,0,0,55017.85,70,2013,6,55.94,27.86
123645,Active,2231278,NA,NA,S,0,0,9798.325,32.95,2014,7,27.04,21.98
123646,Active,2231224,NA,NA,S,0,0,36004.3,29.95,2013,13,24.88,21
123647,Active,2231221,NA,NA,S,0,0,61104.325,24.95,2013,16,14.19,15.99
123648,Active,3946210,NA,NA,S,0,0,681.525,89.95,2010,7,55.22,45.48
123649,Active,2231135,NA,NA,S,0,0,13061.95,24.95,2009,20,15.81,17.95
123650,Active,688741,NA,NA,S,0,0,30904.425,24.95,2009,10,32.96,32.96
123651,Active,687771,NA,NA,S,0,0,72644.875,29.95,2009,14,21.71,23.14
123652,Active,3946219,NA,NA,S,0,0,47402.3,59.95,2012,9,35.81,35.81
123653,Active,2231160,NA,NA,S,0,0,191884.325,29.95,2010,7,21.99,19.98
123654,Active,2231144,NA,NA,S,0,0,41012.55,22.95,2010,24,11.58,13.74
123655,Active,1937407,NA,NA,S,0,0,18990,25,2015,28,5.18,5.97
123656,Active,1729391,NA,NA,S,3,1,68942.925,24.95,2013,25,9.81,14.97
123657,Active,1937888,NA,NA,S,0,0,50045.475,28,2014,31,6.71,6.73
123658,Active,1496309,NA,NA,S,1,0,5479.625,35,2011,25,20.83,20.47
123659,Active,1777315,NA,NA,S,1,0,110456.55,29.95,2011,23,13.53,16.95
123660,Active,2205673,NA,NA,S,0,0,51004.75,29.99,2010,15,16.49,25.86
123661,Active,682860,NA,NA,S,0,0,245707.725,30,2009,17,23.41,25.26
123662,Active,2154114,NA,NA,S,1,0,742005.9363,15.95,2001,41,4,10.98
123663,Active,1946438,NA,NA,S,1,0,18138.725,32,2013,25,19.19,23.1
123664,Active,1437408,NA,NA,S,1,0,68225.575,28,2014,54,7.95,9.13
123665,Active,3043761,NA,NA,S,2,1,353921.7288,14.95,2004,22,7.71,11.88
123666,Active,690834,NA,NA,S,2,1,570640.3075,29.99,2012,25,9.56,19.74
123667,Active,3598324,NA,NA,S,0,0,48137.475,60,2010,22,40.7,40.15
123668,Active,2394204,NA,NA,S,0,0,79896.31625,16,1998,162,4,4.91
123669,Active,1508776,NA,NA,S,0,0,95291.775,39,2013,22,12.28,13.68
123670,Active,2646859,NA,NA,S,1,0,584724.1838,54.95,1991,26,8.83,40.15
123671,Active,3746425,NA,NA,S,1,0,115865.875,0,2015,31,18.09,19.49
123672,Active,3797666,NA,NA,S,1,0,94641.975,52,2012,50,17.55,30.98
123673,Active,680785,NA,NA,S,0,0,46870.475,26,2013,56,4,13.57
123674,Active,214152,NA,NA,S,30,1,87091.70625,24.95,2008,30,11.85,18.49
123675,Active,686436,NA,NA,S,2,1,19674.475,22.95,2012,15,17.99,18.43
123676,Active,3577347,NA,NA,S,0,0,650983.15,18.95,1981,41,26.9,73.94
123677,Active,2025550,NA,NA,S,0,0,77450.9,39.95,2007,26,13.76,21.24
123678,Active,2041938,NA,NA,S,0,0,73940.65,24.99,2008,21,14.98,18.29
123679,Active,1598941,NA,NA,S,0,0,109775.525,22.99,2009,19,13.87,14.98
123680,Active,3815221,NA,NA,S,1,0,208353.1,39.99,2007,43,4,20.98
123681,Active,2145109,NA,NA,S,0,0,70817.2,24.95,2007,22,13.56,16.71
123682,Active,3809944,NA,NA,S,0,0,141385.45,69.95,2014,49,42.99,42.52
123683,Active,2107398,NA,NA,S,7,1,84393.925,21.99,2015,10,15.39,15.45
123684,Active,2107402,NA,NA,S,19,1,69969.9825,24.99,2015,60,13.63,17.04
123685,Active,3802154,NA,NA,S,9,1,64382.6,24.99,2012,23,16.9,16.42
123686,Active,3520325,NA,NA,S,1,0,753996.15,19.95,2010,24,62.14,224.89
123687,Active,2089027,NA,NA,S,6,1,43479.55125,24.99,2015,22,16.51,17.01
123688,Active,3051076,NA,NA,S,4,1,646676.0513,21.95,2004,49,4,8.96
123689,Active,3569774,NA,NA,S,0,0,542759.2,14.99,2007,27,25,48.98
123690,Active,2089007,NA,NA,S,2,1,29922.8,21.99,2014,23,14.53,15.66
123691,Active,2088917,NA,NA,S,8,1,788594.3875,19.99,2012,32,4,29.2
123692,Active,2107403,NA,NA,S,5,1,47162.2,21.99,2015,15,11.01,15.44
123693,Active,2089032,NA,NA,S,7,1,53897.425,21.99,2015,16,15.46,15.39
123694,Active,2089022,NA,NA,S,11,1,100813.8,24.99,2014,12,11.69,14.84
123695,Active,2089037,NA,NA,S,4,1,63180.35,21.99,2014,11,15.96,15.94
123696,Active,2089024,NA,NA,S,4,1,16612.325,24.99,2015,13,17.89,17.74
123697,Active,608540,NA,NA,S,5,1,616001.3838,329.95,2004,41,8.87,83.33
123698,Active,3594718,NA,NA,S,0,0,70998.55,55,2015,13,35.4,36.19
123699,Active,527878,NA,NA,S,2,1,98397.865,128.2,2005,51,15.76,98.7
123700,Active,688489,NA,NA,S,0,0,13802.9,29.99,2013,30,14.48,17.94
123701,Active,321060,NA,NA,S,1,0,118893.075,20.95,2009,25,12.59,15.93
123702,Active,658210,NA,NA,S,2,1,596033.705,33.95,2012,33,9.96,31.95
123703,Active,721409,NA,NA,S,0,0,676356.9975,50,2003,26,11.58,29.77
123704,Active,555320,NA,NA,S,0,0,216308.9925,81.95,1996,50,6.97,35.98
123705,Active,1541727,NA,NA,S,1,0,895253.9688,41.95,2010,16,6.11,41.03
123706,Active,254900,NA,NA,S,2,1,803476.8275,46.95,2006,27,4,44.16
123707,Active,539875,NA,NA,S,1,0,246483.72,18.95,2010,55,10.29,11.96
123708,Active,881801,NA,NA,S,1,0,376335.945,609.04,1960,31,10.31,822.12
123709,Active,556467,NA,NA,S,0,0,102046.275,20.95,2009,30,9.76,13.55
123710,Active,1544016,NA,NA,S,1,0,84333.975,49.95,2014,14,42.96,37.22
123711,Active,3081212,NA,NA,S,1,0,77733.30375,12,2003,37,7.89,12
123712,Active,550181,NA,NA,S,1,0,389948.9288,41.28,2004,38,4,29.95
123713,Active,547077,NA,NA,S,1,0,42812.9,24.95,2009,23,11.44,16.95
123714,Active,3586879,NA,NA,S,1,0,138733.525,25,2011,27,8.98,22.12
123715,Active,2162354,NA,NA,S,1,0,255138.6125,19.95,2010,22,16.14,19.95
123716,Active,627660,NA,NA,S,0,0,759398.7213,50,2002,38,11.72,30.63
123717,Active,3294509,NA,NA,S,1,0,163626,54.83,1996,18,18.78,54.82
123718,Active,2158435,NA,NA,S,0,0,120920.175,24.95,2009,10,14.71,15.99
123719,Active,543748,NA,NA,S,2,1,60565.65,36.95,2010,19,11.92,9
123720,Active,1635931,NA,NA,S,0,0,146966.35,20.99,2008,63,8.91,9.87
123721,Active,676419,NA,NA,S,0,0,108530.05,24.99,2008,41,7.29,11.91
123722,Active,2054472,NA,NA,S,1,0,62184.95,54.95,2014,13,46.22,50.26
123723,Active,1534719,NA,NA,S,1,0,14027.2,35,2015,19,18.35,23.67
123724,Active,674685,NA,NA,S,0,0,42711.1,29.95,2010,67,4.63,16.55
123725,Active,3786792,NA,NA,S,0,0,172084.05,27.95,2007,31,18.19,76.15
123726,Active,3621950,NA,NA,S,0,0,18754.375,24.95,2015,16,19.73,18.44
123727,Active,1432276,NA,NA,S,0,0,149061.85,24.99,2010,58,5.13,8.98
123728,Active,1856537,NA,NA,S,0,0,4252.3975,6.99,2009,129,4,6.23
123729,Active,721985,NA,NA,S,1,0,155821.95,29.95,2010,21,22.17,26.15
123730,Active,527873,NA,NA,S,0,0,62995.625,34.95,2011,31,9.76,16.99
123731,Active,1866712,NA,NA,S,0,0,55832.825,70,2012,18,28.3,47.52
123732,Active,1487894,NA,NA,S,0,0,745845.1225,30,2006,22,5.99,28.24
123733,Active,746662,NA,NA,S,1,0,139909.6,24.95,2009,27,8.19,14.99
123734,Active,639357,NA,NA,S,1,0,80968.475,39.95,2007,20,38.96,32.36
123735,Active,542088,NA,NA,S,0,0,38627.45,34.95,2008,17,19,22.97
123736,Active,1762285,NA,NA,S,1,0,7802.975,24.95,2014,20,19.98,20.31
123737,Active,2160685,NA,NA,S,0,0,144840.85,32.95,2008,14,21.85,28.34
123738,Active,728209,NA,NA,S,2,1,471523.9525,28,1997,31,4,14.39
123739,Active,2067872,NA,NA,S,0,0,57499.55,24.99,2013,9,15.47,15.89
123740,Active,2603432,NA,NA,S,2,1,149982.0925,16.99,2002,65,5.29,15.95
123741,Active,1737416,NA,NA,S,0,0,17505.775,21.95,2011,14,17.74,16.17
123742,Active,3609005,NA,NA,S,2,1,396609.2,32.95,1966,74,13.34,66.24
123743,Active,1691603,NA,NA,S,0,0,324569.7588,19.99,2015,21,9.41,12.64
123744,Active,190065,NA,NA,S,0,0,226920.755,43.95,2007,31,8.44,26.97
123745,Active,864186,NA,NA,S,2,1,79815.725,25,2012,14,20.46,19.76
123746,Active,3791910,NA,NA,S,0,0,220192.825,50,2007,13,23.99,32.69
123747,Active,3614751,NA,NA,S,5,1,311027.6,59.95,2008,19,19.51,36.98
123748,Active,193911,NA,NA,S,1,0,86409.55,44.99,2011,37,14.92,26.89
123749,Active,193914,NA,NA,S,1,0,135120.375,49.99,2011,26,17.89,28.8
123750,Active,1633875,NA,NA,S,1,0,100075.65,24.99,2013,22,8.48,17.55
123751,Active,1633879,NA,NA,S,1,0,60406.275,24.99,2013,13,18.56,16.86
123752,Active,864702,NA,NA,S,6,1,10003.0325,240.2,2014,83,46.79,63.99
123753,Active,114186,NA,NA,S,3,1,609998.0088,109.6,2001,111,4,19.91
123754,Active,868216,NA,NA,S,6,1,14469.29125,95.4,2014,60,22.94,51.27
123755,Active,1483451,NA,NA,S,6,1,65968.05875,95.4,2014,44,18.99,70.8
123756,Active,1483424,NA,NA,S,6,1,159952.3725,95.4,2014,40,10.13,74.39
123757,Active,898162,NA,NA,S,4,1,844067.3638,60,2011,23,7.84,57.41
123758,Active,540819,NA,NA,S,6,1,792179.4363,129.53,2013,21,12.67,370.45
123759,Active,673745,NA,NA,S,2,1,67188.05,25.95,2014,19,19.56,23.87
123760,Active,689011,NA,NA,S,2,1,22909.675,29.95,2013,27,21.57,21.58
123761,Active,678041,NA,NA,S,1,0,232948.25,29.95,2009,37,9.13,13.87
123762,Active,3462456,NA,NA,S,10,1,17223,44.95,2016,21,36.62,40.45
123763,Active,3462457,NA,NA,S,12,1,18021,43.95,2016,17,34.88,30.99
123764,Active,540933,NA,NA,S,2,1,15431.925,24.95,2009,25,18.84,20.84
123765,Active,3504667,NA,NA,S,10,1,46423,43.95,2016,16,24.92,26.15
123766,Active,686313,NA,NA,S,2,1,535673.9763,27.95,2010,18,19.19,21.18
123767,Active,673865,NA,NA,S,1,0,28131.275,24.95,2011,29,16.21,17.87
123768,Active,677449,NA,NA,S,2,1,22009.1,24.95,2010,37,13.83,16.39
123769,Active,691194,NA,NA,S,2,1,246918.1238,27.95,2012,19,23.76,20.7
123770,Active,1943544,NA,NA,S,4,1,25916.32125,89.95,2015,36,50.62,57.32
123771,Active,614363,NA,NA,S,5,1,336874.4738,42.95,1999,81,4.58,23.74
123772,Active,691146,NA,NA,S,0,0,27941.89125,27.95,2014,33,20.59,0
123773,Active,3504405,NA,NA,S,9,1,11125,37.95,2016,12,34.2,35.1
123774,Active,676620,NA,NA,S,5,1,573285.365,24.95,2000,30,6.99,29.16
123775,Active,2243595,NA,NA,S,4,1,327493.565,24.95,2015,16,17.38,19.73
123776,Active,1586237,NA,NA,S,1,0,58240.975,27.99,2010,33,17.91,25.99
123777,Active,527850,NA,NA,S,8,1,498053.8263,385.99,2012,24,39.7,173.66
123778,Active,2164137,NA,NA,S,0,0,142250.8,27.95,2013,12,27.67,27.67
123779,Active,681503,NA,NA,S,1,0,50374.3,21.45,2007,28,9.49,10.18
123780,Active,1745576,NA,NA,S,3,1,73344.40875,18.95,2007,51,13.45,100.57
123781,Active,186629,NA,NA,S,0,0,65397.375,22,2011,32,7.89,18.76
123782,Active,2060258,NA,NA,S,0,0,64499.925,28,2009,55,4.46,10.97
123783,Active,2446249,NA,NA,S,1,0,443115.295,21.95,1988,42,4.29,33.94
123784,Active,214450,NA,NA,S,0,0,283052.7488,65.95,1996,69,4,22.16
123785,Active,898725,NA,NA,S,0,0,157293.1,22.95,2011,8,17.95,18.6
123786,Active,544262,NA,NA,S,6,1,23459.99875,262.95,2013,70,12.13,91.81
123787,Active,3752474,NA,NA,S,0,0,165583,49.95,2016,11,32.99,31.03
123788,Active,1855071,NA,NA,S,1,0,119050.55,20.95,2009,49,4,8.63
123789,Active,1436104,NA,NA,S,1,0,126185.35,26,2009,39,4.24,7.46
123790,Active,275318,NA,NA,S,0,0,585030.305,34.95,2000,49,4,8.98
123791,Active,1779353,NA,NA,S,1,0,215025.575,34,2013,15,22.52,21.72
123792,Active,641984,NA,NA,S,4,1,30158.02375,171.95,2013,83,17.92,51.99
123793,Active,622853,NA,NA,S,3,1,106709.0138,195.2,1987,38,18,162.51
123794,Active,644774,NA,NA,S,0,0,147653.15,40,2011,20,23.19,28.69
123795,Active,2023108,NA,NA,S,1,0,72577.05,42.95,2013,14,39.84,27.3
123796,Active,631573,NA,NA,S,1,0,192667.425,76.95,2010,21,35.48,51.87
123797,Active,1718479,NA,NA,S,1,0,65406,50,2013,12,33.24,36.49
123798,Active,527847,NA,NA,S,5,1,53312.11875,109,2011,46,41.49,88.75
123799,Active,864704,NA,NA,S,5,1,25091.52125,99,2013,68,42.78,42.84
123800,Active,2141588,NA,NA,S,0,0,52397.1,29.95,2012,16,18.16,20.06
123801,Active,2141554,NA,NA,S,5,1,386339.45,29.95,2013,47,12.1,21.57
123802,Active,2141586,NA,NA,S,3,1,364805.8875,27.95,2011,11,50.03,27.67
123803,Active,1567776,NA,NA,S,0,0,41787.35,21.99,2008,42,8.88,11.97
123804,Active,1669077,NA,NA,S,2,1,206386.725,21.95,2014,9,16.3,16.31
123805,Active,1727171,NA,NA,S,1,0,493607.0575,43,2011,9,42.56,29.29
123806,Active,2026841,NA,NA,S,0,0,121206.5,45,2007,25,23.5,25.97
123807,Active,1575560,NA,NA,S,1,0,107133.35,35,2014,6,23.96,23.98
123808,Active,2020923,NA,NA,S,0,0,65774.275,40,2011,19,19.98,23.98
123809,Active,1489807,NA,NA,S,0,0,84456.9,30,2014,19,11.03,21.61
123810,Active,3827263,NA,NA,S,1,0,20660.95,24.95,2009,51,8.78,15.05
123811,Active,1534931,NA,NA,S,1,0,66091.6,26.95,2015,32,9.08,10.89
123812,Active,1495581,NA,NA,S,1,0,48169.925,24.99,2009,58,12.99,16.22
123813,Active,1761175,NA,NA,S,1,0,8189.34,24.95,2014,27,15.98,16.84
123814,Active,623144,NA,NA,S,0,0,593442.0188,43.95,2003,64,4.94,31.98
123815,Active,2040419,NA,NA,S,2,1,584246.0775,45,2009,17,19.44,41.28
123816,Active,681868,NA,NA,S,1,0,132542.35,26,2009,20,22.98,27.45
123817,Active,2015731,NA,NA,S,0,0,159456.65,22.5,2011,19,18.71,22.5
123818,Active,2509483,NA,NA,S,0,0,656031.295,40,1996,28,4.48,31.99
123819,Active,1624822,NA,NA,S,0,0,131062.725,25.95,2013,27,7.65,10.55
123820,Active,133901,NA,NA,S,1,0,231488.175,26,2009,26,17.95,18.35
123821,Active,2066747,NA,NA,S,1,0,86599.575,22,2008,47,5.46,11.44
123822,Active,1723998,NA,NA,S,0,0,3430.825,26,2011,7,23.61,19.13
123823,Active,1969976,NA,NA,S,1,0,6179.665,30,2014,204,4,6.97
123824,Active,920688,NA,NA,S,1,0,71505.05,25,2012,64,7.59,30.87
123825,Active,1972412,NA,NA,S,1,0,372962.4138,16.99,2015,46,7.85,10.08
123826,Active,1711324,NA,NA,S,0,0,111045.95,32,2015,20,21.76,23.93
123827,Active,3960080,NA,NA,S,0,0,9004.675,21.95,2015,16,13.93,10.06
123828,Active,577316,NA,NA,S,1,0,424214.72,289,1999,31,12.99,249.93
123829,Active,1595473,NA,NA,S,0,0,75086.6,26.95,2015,43,8.77,17.15
123830,Active,1534888,NA,NA,S,1,0,46152.825,35,2014,19,20.11,25.94
123831,Active,3570057,NA,NA,S,0,0,53914.95,34.99,2015,16,21.24,20.71
123832,Active,2019585,NA,NA,S,0,0,514017.39,15,2013,25,3.43,1803.99
123833,Active,2085662,NA,NA,S,0,0,107981.0363,62.99,2013,23,30.94,42.44
123834,Active,2105044,NA,NA,S,0,0,291973.46,62.99,2013,31,38.48,42.59
123835,Active,2931438,NA,NA,S,0,0,83712.4,24.47,2015,8,25.76,24.16
123836,Active,2024690,NA,NA,S,0,0,99473.325,22.95,2013,14,10,15.27
123837,Active,859165,NA,NA,S,1,0,3828.5175,5.99,2004,183,4,4.59
123838,Active,3529655,NA,NA,S,2,1,728163.2,12.25,2005,81,4,8.58
123839,Active,3815726,NA,NA,S,0,0,62036.5,25,2013,30,30.46,22.03
123840,Active,3558786,NA,NA,S,0,0,63062.925,49.95,2012,37,21.24,22.66
123841,Active,1742981,NA,NA,S,1,0,47167.675,30,2012,17,14.19,30
123842,Active,644747,NA,NA,S,1,0,156017.8,59.95,2011,9,32.38,36.89
123843,Active,211352,NA,NA,S,1,0,287475.8163,92,1998,37,11.02,39.49
123844,Active,793734,NA,NA,S,1,0,874007.9063,40.95,2005,63,4,35.76
123845,Active,924424,NA,NA,S,6,1,19820.285,113.8,2014,45,47.75,78.99
123846,Active,527828,NA,NA,S,8,1,218289.7388,162.6,2009,81,5.44,96.58
123847,Active,673843,NA,NA,S,0,0,135300.1,29.95,2013,21,19.27,28.99
123848,Active,591720,NA,NA,S,1,0,455911.1238,45.95,2009,25,4,35.77
123849,Active,620761,NA,NA,S,0,0,113846.825,37.5,2011,17,32.27,37.49
123850,Active,1849589,NA,NA,S,1,0,77143.15,20.95,2008,14,14.44,16.06
123851,Active,2008215,NA,NA,S,6,1,171487.2438,12.95,2012,14,10.57,10.78
123852,Active,669240,NA,NA,S,0,0,159046.925,78,2009,18,27.98,42.98
123853,Active,268360,NA,NA,S,1,0,607779.65,45,2004,38,9.44,43.05
123854,Active,750737,NA,NA,S,1,0,21148.425,30,2008,23,16.45,18.82
123855,Active,527826,NA,NA,S,3,1,860764.5713,102.95,2012,21,10.92,43.98
123856,Active,205929,NA,NA,S,2,1,321078.4463,72,2004,21,19.78,49.99
123857,Active,660811,NA,NA,S,10,1,27766.09625,272.25,2013,51,45.1,186.12
123858,Active,2161412,NA,NA,S,8,1,185118.125,0,2012,10,25.56,29.86
123859,Active,249469,NA,NA,S,3,1,74560.825,25.95,2009,39,18.84,18.99
123860,Active,2106041,NA,NA,S,0,0,89493.125,21.95,2013,17,15.28,19.1
123861,Active,527823,NA,NA,S,2,1,66157.2,22.99,2012,26,9.72,11.03
123862,Active,274601,NA,NA,S,6,1,549482.75,19.95,2007,38,4.43,21.99
123863,Active,1432078,NA,NA,S,1,0,2232.25,26.99,2010,59,12.94,13
123864,Active,269727,NA,NA,S,0,0,31117.75,32.95,2011,16,31.95,25.86
123865,Active,1633676,NA,NA,S,0,0,499254.8063,39.95,2008,7,41.93,43.99
123866,Active,776339,NA,NA,S,3,1,225762.8375,52.95,2011,23,9.19,43.81
123867,Active,2334654,NA,NA,S,0,0,638586.1375,38.35,1993,32,4,23.99
123868,Active,763804,NA,NA,S,4,1,396674.5025,104.95,1999,57,4,27.99
123869,Active,100425,NA,NA,S,4,1,773079.5738,80.67,1995,30,4,23.99
123870,Active,2759434,NA,NA,S,1,0,853451.125,55.95,2004,28,5.98,44.53
123871,Active,2089789,NA,NA,S,0,0,72618.675,26.95,2014,13,17.79,18.98
123872,Active,3629216,NA,NA,S,0,0,192658.8,85.25,2015,8,22.79,23.99
123873,Active,276613,NA,NA,S,4,1,664309.1713,54.5,2011,21,13.7,0
123874,Active,3822937,NA,NA,S,0,0,90519.15,57.5,2015,12,43.99,44.99
123875,Active,622065,NA,NA,S,0,0,60191.75,59.5,2005,18,42.96,49.34
123876,Active,642259,NA,NA,S,0,0,19055.07,54.5,2012,47,19.15,34.42
123877,Active,2035742,NA,NA,S,0,0,58742.71375,14.95,2006,22,11.5,12.4
123878,Active,1565194,NA,NA,S,1,0,56303.175,26.95,2014,16,6.97,6.97
123879,Active,2035850,NA,NA,S,0,0,75511.82125,14.95,2007,20,10.09,12.38
123880,Active,3728827,NA,NA,S,0,0,126355.4,26.99,2011,12,17.99,26.99
123881,Active,1696444,NA,NA,S,0,0,67859.375,35,2015,7,26.97,26.97
123882,Active,633766,NA,NA,S,1,0,28052.525,34.95,2013,15,18.87,24.13
123883,Active,1696732,NA,NA,S,1,0,128643.25,48.95,2014,14,30.34,34.99
123884,Active,1532335,NA,NA,S,1,0,112756.2,25,2015,35,5.92,7.28
123885,Active,2966149,NA,NA,S,0,0,82695.6,32,2015,6,29.9,30.28
123886,Active,3782223,NA,NA,S,2,1,99293.75,29.95,2010,55,17.01,23.28
123887,Active,1733325,NA,NA,S,1,0,20721.45,27.95,2009,20,19.74,19.85
123888,Active,2068007,NA,NA,S,0,0,63544.525,27.95,2015,14,16.23,17.42
123889,Active,1822641,NA,NA,S,8,1,51962.9075,97.67,2014,26,11.3,20.18
123890,Active,2078303,NA,NA,S,0,0,189163.825,31,2010,12,25.34,27.94
123891,Active,52479,NA,NA,S,8,1,107255.4238,59.13,2003,80,4.76,40.88
123892,Active,706028,NA,NA,S,8,1,1589.81625,168.5,2014,146,52.88,61.91
123893,Active,1647027,NA,NA,S,1,0,166767.5,24.95,2011,22,9.91,21.83
123894,Active,134717,NA,NA,S,0,0,71797.025,25,2008,25,18.86,23.83
123895,Active,658083,NA,NA,S,0,0,94341.075,50,2013,38,15.94,25.97
123896,Active,2252316,NA,NA,S,7,1,294174.575,103.12,2011,54,11.9,30.02
123897,Active,611900,NA,NA,S,2,1,96834.11125,70.95,2014,48,14.18,43.94
123898,Active,1567661,NA,NA,S,1,0,52965.325,21.99,2008,22,13.98,15.49
123899,Active,639956,NA,NA,S,0,0,61100.625,34.99,2011,14,21.98,24.65
123900,Active,652707,NA,NA,S,1,0,133082.3,34.99,2011,24,16.94,34.98
123901,Active,647311,NA,NA,S,6,1,170449.13,163.3,2010,34,34.12,156.99
123902,Active,127489,NA,NA,S,7,1,88609.46,112.95,2009,47,30.09,93.49
123903,Active,630487,NA,NA,S,9,1,3633.08125,135.2,2013,83,48.99,98.99
123904,Active,688604,NA,NA,S,1,0,48111.75,24.95,2011,13,17.99,22.67
123905,Active,612479,NA,NA,S,2,1,85224.22875,99.95,2013,30,49.59,66.18
123906,Active,126235,NA,NA,S,0,0,215537.5313,44.95,2004,36,10.61,32.45
123907,Active,637205,NA,NA,S,0,0,217907.565,44.95,2007,39,19.93,26.45
123908,Active,126237,NA,NA,S,0,0,802258.59,44.95,2004,30,4.96,31.3
123909,Active,2608607,NA,NA,S,1,0,583139.9638,44.99,2000,44,5.61,37.17
123910,Active,126294,NA,NA,S,0,0,414036.9613,44.95,2004,27,6.3,32.48
123911,Active,723627,NA,NA,S,0,0,200496.1,44.95,2011,23,9.21,31.18
123912,Active,2308633,NA,NA,S,1,0,590504.7475,82.95,1999,22,19.74,36.85
123913,Active,126211,NA,NA,S,0,0,203010.1725,44.95,2003,28,8.25,32.36
123914,Active,127075,NA,NA,S,1,0,834131.575,44.95,2007,35,4.47,22.99
123915,Active,652506,NA,NA,S,0,0,58447.15,49,2012,16,34.22,34.75
123916,Active,158261,NA,NA,S,0,0,425853.9313,43.95,2007,20,10.12,40.29
123917,Active,660969,NA,NA,S,0,0,187929.875,49,2012,15,34.59,35.31
123918,Active,126210,NA,NA,S,1,0,463642.0038,45,2008,47,9.99,15.11
123919,Active,864705,NA,NA,S,9,1,47558.74,168.5,2014,35,43.99,97.48
123920,Active,640247,NA,NA,S,1,0,346804.48,44.95,2010,31,8.7,26.45
123921,Active,127456,NA,NA,S,1,0,105920.925,20.95,2009,25,11.59,18.42
123922,Active,2947939,NA,NA,S,0,0,95030.6725,39.99,2015,20,20.15,27.19
123923,Active,612376,NA,NA,S,5,1,76543.46125,92.95,2014,37,14.39,73.34
123924,Active,687758,NA,NA,S,0,0,30112.325,24.99,2009,22,16.1,14.93
123925,Active,1979220,NA,NA,S,0,0,65646.8,29.99,2014,15,22.88,21.9
123926,Active,527807,NA,NA,S,3,1,92561.43,193.95,2012,60,50.66,133.94
123927,Active,1640870,NA,NA,S,0,0,40031.675,79.99,2013,9,43.99,44.39
123928,Active,602464,NA,NA,S,3,1,194831.9,55,2007,13,43.94,55
123929,Active,266269,NA,NA,S,9,1,240545.6838,134.5,2013,39,29.94,66.33
123930,Active,1999259,NA,NA,S,1,0,41417.875,24.99,2014,7,26.55,22.49
123931,Active,621999,NA,NA,S,1,0,14539.775,34.99,2008,20,20.64,20.48
123932,Active,1781135,NA,NA,S,3,1,18370.2,24.99,2015,16,16.8,16.79
123933,Active,784109,NA,NA,S,1,0,138323.75,24.99,2007,23,9.44,21.21
123934,Active,2142036,NA,NA,S,1,0,200702.925,75,2011,6,53.95,75
123935,Active,2085712,NA,NA,S,0,0,240841.1,62.99,2013,6,37.04,36.84
123936,Active,1954150,NA,NA,S,1,0,86680.675,85,2015,14,49.92,50.19
123937,Active,691127,NA,NA,S,1,0,181068.35,29,2007,13,32.74,32.92
123938,Active,643877,NA,NA,S,0,0,82967.7775,39.95,2010,21,19.89,24.2
123939,Active,1872900,NA,NA,S,0,0,167675.725,24.99,2010,6,18.63,18.64
123940,Active,1946827,NA,NA,S,0,0,551528.225,44.99,2011,13,29.99,30.33
123941,Active,1872901,NA,NA,S,0,0,209448.2,24.99,2010,10,17.79,17.56
123942,Active,624555,NA,NA,S,1,0,573855.81,142.95,1997,46,5.97,18.96
123943,Active,644557,NA,NA,S,0,0,52020.75,69,2012,19,42.31,48.77
123944,Active,1491125,NA,NA,S,0,0,75695.95,34,2011,22,23.79,23.2
123945,Active,581038,NA,NA,S,0,0,124776.675,26,2008,11,30.38,23.96
123946,Active,2162148,NA,NA,S,1,0,81751.1,25.95,2009,66,4.63,12.38
123947,Active,527804,NA,NA,S,4,1,247449.81,51.95,2011,46,18.99,36.21
123948,Active,679775,NA,NA,S,1,0,199636.225,33.95,2007,15,19.09,25.99
123949,Active,2594927,NA,NA,S,0,0,272631.0463,54.99,1986,28,10.25,43.94
123950,Active,1626905,NA,NA,S,0,0,684676.1475,36.95,2006,47,19.44,26.97
123951,Active,735675,NA,NA,S,1,0,159321.425,25.99,2012,25,4,6.35
123952,Active,790056,NA,NA,S,0,0,108105.3725,22.5,2012,31,12.26,18.51
123953,Active,1742932,NA,NA,S,0,0,74969.85,26.95,2010,16,23.96,26.88
123954,Active,651974,NA,NA,S,1,0,81472.925,32.5,2007,21,18.74,19.86
123955,Active,1571791,NA,NA,S,0,0,104897.25,22.95,2007,23,9.91,20.34
123956,Active,2020578,NA,NA,S,1,0,153370.925,23.95,2012,52,4,9.74
123957,Active,679005,NA,NA,S,0,0,6513.25,29.95,2009,33,14.33,17.37
123958,Active,676725,NA,NA,S,0,0,66633.325,22,2013,43,6.16,12.24
123959,Active,1433875,NA,NA,S,0,0,112739.05,26.99,2014,35,5.56,8.47
123960,Active,1911016,NA,NA,S,0,0,510890.745,15.99,2009,67,4,7.98
123961,Active,2044318,NA,NA,S,0,0,32150.325,24.95,2011,13,10.48,15.49
123962,Active,186612,NA,NA,S,0,0,58468.325,23,2010,39,6.82,12.99
123963,Active,1433835,NA,NA,S,1,0,16593.7,22.99,2014,37,8.25,13.36
123964,Active,1688822,NA,NA,S,2,1,10654.35,24.99,2014,18,17.89,17.67
123965,Active,2906564,NA,NA,S,0,0,166617.44,7.95,2001,26,4,57.65
123966,Active,123285,NA,NA,S,0,0,16471.96125,16,2004,83,7.01,9.44
123967,Active,1932715,NA,NA,S,1,0,45169.375,35,2011,32,12.73,22.92
123968,Active,1433013,NA,NA,S,1,0,67413.85,35,2014,27,16.06,19.07
123969,Active,2170172,NA,NA,S,1,0,13702.275,27.95,2015,50,12.21,16.91
123970,Active,2266936,NA,NA,S,0,0,59386.025,26.78,2009,21,13.43,20.98
123971,Active,1661555,NA,NA,S,4,1,2475.75625,11.95,2012,22,9.16,6.74
123972,Active,2098135,NA,NA,S,0,0,79030.775,24.95,2012,44,4,17.97
123973,Active,3585227,NA,NA,S,0,0,178076.5,35,2015,27,12.73,20.1
123974,Active,2091542,NA,NA,S,0,0,25336.5,24.95,2015,19,14.83,14.84
123975,Active,1661753,NA,NA,S,0,0,177055.9138,14.95,2013,22,7.36,7.82
123976,Active,3572331,NA,NA,S,3,1,17518.45,24.99,2015,19,17.5,17.32
123977,Active,2051377,NA,NA,S,1,0,37397.03,42.5,2007,38,8.83,30.01
123978,Active,1938779,NA,NA,S,0,0,112674.9,35,2014,30,7.19,15.77
123979,Active,1508331,NA,NA,S,0,0,46955.15,24.99,2015,15,18.42,15.49
123980,Active,1861985,NA,NA,S,0,0,140601.275,24.99,2009,35,4,17.06
123981,Active,791334,NA,NA,S,1,0,85739.35,28,2013,58,4,9.47
123982,Active,900463,NA,NA,S,1,0,180995.425,24.99,2014,21,8.58,17.46
123983,Active,682089,NA,NA,S,1,0,99798.5,25,2012,27,6.93,16.64
123984,Active,1644640,NA,NA,S,0,0,21905.8,45,2009,33,16.88,28.08
123985,Active,1697284,NA,NA,S,0,0,11395.1,29.99,2015,22,17.98,17.74
123986,Active,3960460,NA,NA,S,1,0,155321.875,26.99,2013,70,4,4.47
123987,Active,1688720,NA,NA,S,1,0,140826.675,24.99,2012,13,17.18,17.08
123988,Active,1688786,NA,NA,S,1,0,105313.225,24.99,2015,18,14.68,17.89
123989,Active,3578263,NA,NA,S,1,0,24095.975,24.99,2015,20,14.27,14.98
123990,Active,2079630,NA,NA,S,0,0,4918.925,35,2014,20,20.99,20.48
123991,Active,1532228,NA,NA,S,0,0,26019.475,30,2014,17,16.93,17.98
123992,Active,2096800,NA,NA,S,1,0,35436.825,35,2014,13,22.99,23.03
123993,Active,3960142,NA,NA,S,1,0,51274.725,24.95,2014,49,8.58,11.1
123994,Active,1532650,NA,NA,S,1,0,13103.025,25,2010,67,4,13.85
123995,Active,684776,NA,NA,S,0,0,109513.15,22.99,2012,57,6.58,8.62
123996,Active,1632993,NA,NA,S,1,0,220510,53.67,2007,17,5.87,93.18
123997,Active,1631834,NA,NA,S,2,1,232812.975,29.95,2012,48,4.75,18.55
123998,Active,2021327,NA,NA,S,0,0,46012.05,30,2010,30,12.99,18.61
123999,Active,3124844,NA,NA,S,0,0,84206.175,19.95,1991,25,8.06,15.13
124000,Active,1972057,NA,NA,S,1,0,6902.125,21.95,2012,14,16.99,18.29
124001,Active,923663,NA,NA,S,1,0,5964.44375,22.99,1996,232,4,12.54
124002,Active,1713556,NA,NA,S,1,0,173487.625,27.95,2010,15,16.41,17.91
124003,Active,2045667,NA,NA,S,0,0,31967.275,29.95,2009,17,13.93,18.49
124004,Active,3572329,NA,NA,S,1,0,11347.675,24.99,2015,18,13.95,15.74
124005,Active,1454901,NA,NA,S,0,0,159377,109,2012,24,12.67,78.91
124006,Active,1454904,NA,NA,S,0,0,203306.6,21.5,2010,14,4.44,20.75
124007,Active,2110699,NA,NA,S,9,1,313975.2688,24.99,2013,22,4.65,15.99
124008,Active,3811573,NA,NA,S,1,0,50242.35,25.99,2015,50,9.1,15
124009,Active,1935452,NA,NA,S,1,0,87957.025,34,2014,14,31.97,30.26
124010,Active,1455326,NA,NA,S,7,1,159393.675,112.67,2014,6,25.51,58.99
124011,Active,640582,NA,NA,S,1,0,183248.4,60,2009,37,30.01,35.73
124012,Active,3823271,NA,NA,S,0,0,108495.775,74.95,2014,8,57.99,58.98
124013,Active,2048751,NA,NA,S,0,0,182139.85,27.95,2007,9,22.94,27.95
124014,Active,1565447,NA,NA,S,5,1,400107.17,18,2008,39,4,33.33
124015,Active,3561119,NA,NA,S,0,0,100810.525,28.99,2014,27,17.1,22.19
124016,Active,1702027,NA,NA,S,0,0,166188.8,36.95,2011,26,23.63,34.68
124017,Active,636022,NA,NA,S,0,0,544343.86,57.95,1978,35,4,36.97
124018,Active,555301,NA,NA,S,1,0,633580.1288,49.95,1996,33,9.75,15.49
124019,Active,3960126,NA,NA,S,0,0,19887.425,28,2013,39,14.25,16.98
124020,Active,1655519,NA,NA,S,0,0,56247.85,25,2009,32,10.21,17.23
124021,Active,148942,NA,NA,S,2,1,62021.1,31.88,2007,26,15.35,24.78
124022,Active,655212,NA,NA,S,2,1,116887.735,75.95,2013,46,20.2,59.37
124023,Active,2250507,NA,NA,S,5,1,389953.55,99.82,2008,19,27.63,134.13
124024,Active,652840,NA,NA,S,0,0,28115.875,44.95,2010,19,29.47,32.48
124025,Active,2228460,NA,NA,S,0,0,394123.7825,12.95,2009,46,4,10.03
124026,Active,1755550,NA,NA,S,0,0,77903.825,24.95,2011,25,19.98,20.99
124027,Active,3816832,NA,NA,S,0,0,70747.975,21.95,2015,22,19.25,15.28
124028,Active,2264134,NA,NA,S,0,0,256427.47,15.02,2010,46,9.65,14.2
124029,Active,563359,NA,NA,S,1,0,32888.6,26.95,2013,60,8.59,14.99
124030,Active,2425785,NA,NA,S,0,0,357968.735,21,1998,38,4,13.97
124031,Active,2051808,NA,NA,S,0,0,44904.075,35,2014,10,24.67,24.79
124032,Active,1724548,NA,NA,S,0,0,14203.95,50,2014,21,24.05,33.45
124033,Active,616553,NA,NA,S,1,0,151655.5,34.95,2007,42,4.07,8.24
124034,Active,1564303,NA,NA,S,0,0,5045.50375,32.99,2012,36,15.01,20.11
124035,Active,1814509,NA,NA,S,0,0,22122.55,49.99,2012,20,24.84,29.83
124036,Active,1918282,NA,NA,S,0,0,126342.875,31.99,2014,16,21.49,22.09
124037,Active,447482,NA,NA,S,2,1,101455.05,24.99,2011,41,14.18,14.18
124038,Active,859726,NA,NA,S,0,0,83011.5,45,2008,22,21.94,28.9
124039,Active,2505873,NA,NA,S,1,0,628339.4875,45,1993,35,4.92,72.61
124040,Active,3878953,NA,NA,S,0,0,70227.975,60,2011,17,37.81,37.99
124041,Active,276739,NA,NA,S,2,1,158294.75,45,2008,20,14.77,28.98
124042,Active,559786,NA,NA,S,0,0,404375.42,51,1994,45,4.38,38.95
124043,Active,1480124,NA,NA,S,1,0,209711.925,29.95,2014,18,13.3,17.58
124044,Active,559988,NA,NA,S,1,0,53843.825,23,2007,18,18.99,22.04
124045,Active,3960027,NA,NA,S,0,0,3767.8,26.99,2016,17,15,15.53
124046,Active,2248665,NA,NA,S,6,1,74431.4,0,2008,3,50.15,50.28
124047,Active,2537855,NA,NA,S,2,1,696690.0875,53.95,2001,29,7.56,40.98
124048,Active,564587,NA,NA,S,2,1,491867.8125,34.95,2002,33,5.47,26.48
124049,Active,141248,NA,NA,S,2,1,25828.81,23,2002,82,9.74,17.18
124050,Active,1709891,NA,NA,S,0,0,65077.15,34.95,2012,12,21.99,34.39
124051,Active,3092889,NA,NA,S,0,0,38995.71875,9.99,2003,218,4,8.41
124052,Active,2022442,NA,NA,S,0,0,26010.825,36.95,2013,7,28.21,28.21
124053,Active,608266,NA,NA,S,3,1,223668.925,21.99,2009,32,9.74,75.7
124054,Active,1713998,NA,NA,S,0,0,228701.75,26.95,2015,15,33.84,26.94
124055,Active,795505,NA,NA,S,4,1,851116.1438,59.95,2014,21,7.59,56.47
124056,Active,637244,NA,NA,S,1,0,145455.675,35,2007,21,21.38,22.59
124057,Active,652507,NA,NA,S,2,1,109400.6,20.25,2012,30,9.24,16.45
124058,Active,620082,NA,NA,S,0,0,581823.8925,43.95,1990,44,8.99,32.98
124059,Active,301252,NA,NA,S,2,1,283062.05,52.95,2005,19,20.7,42
124060,Active,2031115,NA,NA,S,0,0,101340.175,40,2014,22,16.41,14.98
124061,Active,683693,NA,NA,S,2,1,84191.875,24.95,2011,18,8.91,8.91
124062,Active,924390,NA,NA,S,0,0,654.38,130.75,2015,50,40.98,98.14
124063,Active,1826936,NA,NA,S,2,1,3774.05375,17.5,2013,11,23.38,16.38
124064,Active,545127,NA,NA,S,0,0,1204.375,24.95,2012,32,8.79,14.1
124065,Active,1876711,NA,NA,S,0,0,32175.35,40,2010,53,4.43,12.68
124066,Active,1876693,NA,NA,S,0,0,18250.25,21.95,2009,27,8.36,15.87
124067,Active,684791,NA,NA,S,0,0,48167.625,24.95,2012,21,6.24,17
124068,Active,1876872,NA,NA,S,1,0,85929.325,24,2014,22,11.27,13.96
124069,Active,621326,NA,NA,S,0,0,32170.7,40,2011,35,9.74,26.79
124070,Active,632055,NA,NA,S,0,0,64894.6,40,2013,17,14.23,24.98
124071,Active,652382,NA,NA,S,1,0,113412.025,40,2013,52,7.27,10.89
124072,Active,644454,NA,NA,S,0,0,50960.075,50,2013,19,28.23,30.17
124073,Active,637752,NA,NA,S,1,0,64076.65,40,2012,33,13.97,26.87
124074,Active,3960000,NA,NA,S,8,1,752.125,28,2016,16,16.49,16.91
124075,Active,864187,NA,NA,S,4,1,10542.775,25,2012,22,11.65,16.82
124076,Active,615523,NA,NA,S,0,0,634679.4313,50,2009,64,4.23,12.23
124077,Active,1877273,NA,NA,S,0,0,114047.135,14.99,2014,99,4,10.89
124078,Active,1877196,NA,NA,S,0,0,80085.425,21.9,2012,19,4,16.74
124079,Active,1877296,NA,NA,S,0,0,191728.8,21.9,2014,14,7.97,20.36
124080,Active,684512,NA,NA,S,0,0,4015.75,24.95,2010,33,9.06,16.62
124081,Active,1877266,NA,NA,S,4,1,39053.64125,24.99,2013,23,12.97,14.94
124082,Active,3731819,NA,NA,S,0,0,72491.85,44.85,2014,6,29.34,29.35
124083,Active,2263529,NA,NA,S,0,0,27077.05,0,2014,8,20.08,22.26
124084,Active,1876840,NA,NA,S,0,0,11199.825,22.95,2013,18,15.48,13.65
124085,Active,617373,NA,NA,S,1,0,44099.175,40,2010,51,10.51,18.76
124086,Active,3731809,NA,NA,S,0,0,5166.925,50,2015,24,21.83,29.02
124087,Active,3960081,NA,NA,S,0,0,18405.6,40,2015,30,14.23,18.94
124088,Active,1876851,NA,NA,S,3,1,73561.55,22.95,2013,22,8.23,14.97
124089,Active,1876865,NA,NA,S,5,1,32444.375,27.95,2014,22,13.45,18.77
124090,Active,527784,NA,NA,S,4,1,384370.5463,27.95,2012,32,4.6,13.1
124091,Active,1876900,NA,NA,S,4,1,276725.8363,27.95,2015,27,7.99,17.74
124092,Active,1876870,NA,NA,S,4,1,159692.325,27.95,2014,15,19.25,18.71
124093,Active,1876811,NA,NA,S,4,1,15994.45,27.95,2013,25,15.97,17.81
124094,Active,1876850,NA,NA,S,2,1,44621.5,25.95,2013,25,8.81,17.59
124095,Active,1876916,NA,NA,S,3,1,32368.975,22.95,2015,9,16.48,16.5
124096,Active,1876672,NA,NA,S,0,0,115564.875,22.95,2007,32,8.32,13.53
124097,Active,679926,NA,NA,S,0,0,489023.1875,27.95,2009,62,3.82,0
124098,Active,1876896,NA,NA,S,3,1,42544.2,22.95,2015,17,15.39,15.39
124099,Active,1876899,NA,NA,S,5,1,88574.475,22.95,2015,18,8.57,15.26
124100,Active,679306,NA,NA,S,3,1,20944.9,24.95,2008,30,4.89,14.65
124101,Active,1485128,NA,NA,S,1,0,613064.8488,110,2011,37,14.98,37.99
124102,Active,2085148,NA,NA,S,1,0,71833.45,29.99,2014,54,8.36,17.86
124103,Active,1981029,NA,NA,S,0,0,147184.625,24.5,2013,8,12.92,8.99
124104,Active,1756691,NA,NA,S,17,1,119831.0838,154.75,2013,41,19.82,130.79
124105,Active,1463104,NA,NA,S,1,0,104522.15,31.95,2014,15,23.95,24.74
124106,Active,3745907,NA,NA,S,0,0,864691.75,47,2015,24,8.26,39.47
124107,Active,2157602,NA,NA,S,0,0,145990.025,24.95,2008,16,13.1,24.95
124108,Active,1935490,NA,NA,S,0,0,25428.225,35,2014,15,21.17,26.45
124109,Active,2093966,NA,NA,S,0,0,560438.035,26.99,2011,12,29.85,23.92
124110,Active,3302234,NA,NA,S,0,0,718873.3425,82.55,1994,14,12.29,60.24
124111,Active,542699,NA,NA,S,2,1,141926.675,24.95,2010,26,23.02,20.94
124112,Active,1693321,NA,NA,S,2,1,44547.05,21,2009,18,18.09,17.65
124113,Active,625271,NA,NA,S,1,0,545993.31,61.95,2010,29,19.55,43.99
124114,Active,690428,NA,NA,S,0,0,69793.675,25,2013,14,22.92,24.64
124115,Active,3012768,NA,NA,S,0,0,676436.985,13.95,2000,42,4,7.99
124116,Active,2834804,NA,NA,S,0,0,730684.0925,60,2004,30,5.9,42.45
124117,Active,548930,NA,NA,S,1,0,385696.9125,61,1988,51,6.41,27.97
124118,Active,1447191,NA,NA,S,1,0,23637.65,70.4,2014,15,26.93,56.42
124119,Active,2067964,NA,NA,S,0,0,49819.275,39.95,2014,13,28.35,27.16
124120,Active,232551,NA,NA,S,0,0,29712.65,34.95,2007,27,15.89,19.03
124121,Active,1576517,NA,NA,S,1,0,115308.475,50,2014,10,32.93,32.88
124122,Active,875573,NA,NA,S,6,1,95578.41375,49.95,2014,20,27.29,46.55
124123,Active,1972866,NA,NA,S,0,0,151139.65,22.95,2012,6,23.7,21.1
124124,Active,1496205,NA,NA,S,1,0,55879.875,26.95,2015,40,14.49,17.49
124125,Active,3468182,NA,NA,S,3,1,832371.2,82.19,2001,41,4,10.77
124126,Active,1778177,NA,NA,S,1,0,594293.3163,44.95,2013,29,6.29,34.69
124127,Active,661007,NA,NA,S,0,0,93821.85,39.99,2012,18,0,28.95
124128,Active,1575383,NA,NA,S,0,0,88880.55,29.95,2009,27,18.93,18.97
124129,Active,691268,NA,NA,S,3,1,109402.5,24.95,2008,14,19.67,21.33
124130,Active,172008,NA,NA,S,0,0,567941.8588,36.95,2003,34,18.47,24.85
124131,Active,2440877,NA,NA,S,2,1,313249.92,34.95,2002,29,11.38,24.81
124132,Active,685348,NA,NA,S,2,1,85790.525,22.95,2013,16,16.8,15.93
124133,Active,107163,NA,NA,S,1,0,721157.29,63.12,2000,20,4.58,28.98
124134,Active,1737278,NA,NA,S,2,1,81049.175,25,2012,16,17.68,19.06
124135,Active,684224,NA,NA,S,0,0,195553.675,20.75,2012,19,11.11,17.53
124136,Active,3484811,NA,NA,S,7,1,421158.825,77.4,2011,22,27.37,53.99
124137,Active,1471847,NA,NA,S,0,0,612743.3888,15.95,2008,29,8.88,9.99
124138,Active,3799097,NA,NA,S,0,0,47544.7,25.95,2009,14,22.19,20.66
124139,Active,2114215,NA,NA,S,0,0,113290.95,24.95,2014,16,20.88,17.53
124140,Active,2664986,NA,NA,S,0,0,422439.045,60,1996,53,6.23,29.99
124141,Active,199800,NA,NA,S,1,0,176162.1,24.95,2008,15,18.54,15.6
124142,Active,1575346,NA,NA,S,1,0,165569.325,34.95,2015,17,21.97,26.71
124143,Active,643903,NA,NA,S,0,0,40241.05,39.95,2010,18,19.98,26.89
124144,Active,1858290,NA,NA,S,0,0,69487.075,22.95,2013,17,10.93,15.45
124145,Active,555616,NA,NA,S,3,1,732934.08,29.95,2007,25,16.48,33.99
124146,Active,555548,NA,NA,S,0,0,141314.2913,41.95,2004,28,10.12,20.72
124147,Active,652137,NA,NA,S,1,0,666028.39,43.63,1995,19,17.93,24.95
124148,Active,1565900,NA,NA,S,0,0,102155.35,26.99,2013,57,4,6.62
124149,Active,687463,NA,NA,S,0,0,4332.25,24.95,2010,20,17.1,17.99
124150,Active,643729,NA,NA,S,1,0,125229.925,38.95,2009,21,29.99,30.49
124151,Active,722577,NA,NA,S,1,0,705343.06,78,2007,22,12.29,43.94
124152,Active,3730898,NA,NA,S,0,0,16645.725,60,2012,21,37.25,38.67
124153,Active,1620363,NA,NA,S,1,0,163176.125,23.33,2014,12,21.15,22.99
124154,Active,663766,NA,NA,S,1,0,81406.725,37.95,2013,12,33.97,33.97
124155,Active,691186,NA,NA,S,1,0,88929.6,26.95,2012,24,19.96,24.66
124156,Active,1479754,NA,NA,S,1,0,33958.225,20.95,2012,24,13.99,15.77
124157,Active,1447008,NA,NA,S,1,0,208846.725,44.95,2014,14,38.67,38.46
124158,Active,660514,NA,NA,S,0,0,449589.8375,47,2003,35,12.52,28.23
124159,Active,687337,NA,NA,S,1,0,85810.15,24.95,2013,15,21.81,17.05
124160,Active,3581409,NA,NA,S,1,0,237745.15,35,2007,33,16.29,23.33
124161,Active,3628138,NA,NA,S,0,0,118296.7,95,2014,18,10.94,11.17
124162,Active,3529782,NA,NA,S,0,0,295680.25,44.99,2000,73,5.38,14.94
124163,Active,3488113,NA,NA,S,0,0,245452.55,42,2008,22,18.94,27.61
124164,Active,1576045,NA,NA,S,1,0,198222.15,34.95,2007,67,5.79,8.02
124165,Active,3775871,NA,NA,S,1,0,22527.6,29.99,2016,14,21.22,15.77
124166,Active,3775873,NA,NA,S,1,0,5382.875,34.99,2016,15,22.29,19.47
124167,Active,2103052,NA,NA,S,0,0,190084.6825,40,2015,34,7.48,43.99
124168,Active,527775,NA,NA,S,3,1,664491.845,34.99,2010,46,7.99,33.89
124169,Active,3828765,NA,NA,S,4,1,416547,29.95,2016,4,27.98,29.95
124170,Active,680794,NA,NA,S,2,1,109421.7863,34.95,2013,32,13.29,20.23
124171,Active,2290669,NA,NA,S,4,1,92956,31.21,2013,7,30.62,31.18
124172,Active,3775872,NA,NA,S,1,0,1311.85,54.99,2016,19,23.93,23.98
124173,Active,3763463,NA,NA,S,7,1,74888,57.99,2016,9,47.86,40.59
124174,Active,2085755,NA,NA,S,0,0,78029.325,62.99,2013,4,43.98,34.23
124175,Active,807816,NA,NA,S,0,0,283837.0863,29.99,2010,21,30.78,73.98
124176,Active,677620,NA,NA,S,0,0,2813.95,27.99,2011,42,13.03,14.85
124177,Active,270609,NA,NA,S,1,0,829911.8138,74.99,2010,42,14.94,55.99
124178,Active,1613216,NA,NA,S,0,0,43184.1,46.95,2008,18,28.25,27.24
124179,Active,2010541,NA,NA,S,0,0,91506.575,24.99,2012,49,5.47,16.28
124180,Active,1942290,NA,NA,S,0,0,182922.125,74,2013,14,39.93,47.99
124181,Active,117716,NA,NA,S,1,0,445037.7325,131.4,2007,45,10.28,61.9
124182,Active,1452010,NA,NA,S,1,0,612664.175,34.99,2012,25,3.99,23.09
124183,Active,186514,NA,NA,S,1,0,109339.1513,39.5,2007,24,16,32.77
124184,Active,626662,NA,NA,S,1,0,317381.4038,148.8,2012,58,41.98,105.34
124185,Active,860134,NA,NA,S,1,0,97718.755,17.95,2010,24,12.3,13.84
124186,Active,1758576,NA,NA,S,0,0,234716.625,25,2012,14,23.45,22.69
124187,Active,1836874,NA,NA,S,0,0,220367.125,29.95,2012,29,5.37,16.59
124188,Active,1872643,NA,NA,S,0,0,105788.4,24.99,2012,15,15.85,16.98
124189,Active,2251035,NA,NA,S,1,0,116443.125,22.54,2010,45,13.03,20.82
124190,Active,797402,NA,NA,S,0,0,97283.475,24.99,2012,19,10.06,16.19
124191,Active,1595587,NA,NA,S,0,0,65432.625,49.99,2014,14,30.83,32.48
124192,Active,2847632,NA,NA,S,0,0,153346.5075,49.99,1995,59,7.97,25.99
124193,Active,1508506,NA,NA,S,0,0,63038.825,27,2015,13,16.99,14.85
124194,Active,276092,NA,NA,S,3,1,526811.4075,59.95,2003,22,7.16,494.06
124195,Active,647289,NA,NA,S,6,1,696074.5488,64.95,2011,35,14.1,53.98
124196,Active,1507859,NA,NA,S,1,0,108407.25,25.99,2011,33,7.78,55.07
124197,Active,55863,NA,NA,S,0,0,365329.5413,6.94,2004,133,4,12.99
124198,Active,2105106,NA,NA,S,0,0,78914.975,35,2013,11,23.98,23.97
124199,Active,2105057,NA,NA,S,0,0,53304.55,62.99,2013,10,42.74,42.62
124200,Active,628629,NA,NA,S,7,1,316463.9088,153.36,2011,32,25.03,205.94
124201,Active,1704488,NA,NA,S,0,0,104181.625,29.95,2011,21,15.23,18.48
124202,Active,1636923,NA,NA,S,0,0,60820.45,59.99,2006,5,47.72,38.98
124203,Active,2048240,NA,NA,S,0,0,52837.6,40,2012,19,22.05,28.3
124204,Active,677609,NA,NA,S,0,0,136028.8,24.95,2012,39,8.31,9.99
124205,Active,2041653,NA,NA,S,0,0,203368.025,26.95,2012,19,6.14,6.16
124206,Active,750359,NA,NA,S,1,0,70953.8,24.99,2010,23,11.06,15.25
124207,Active,865691,NA,NA,S,1,0,97804.5275,39.95,2012,15,33.99,35.49
124208,Active,674559,NA,NA,S,1,0,118384.615,22.95,2009,110,4,17.48
124209,Active,277974,NA,NA,S,1,0,725853.775,59.95,2003,32,7.51,57.39
124210,Active,1943677,NA,NA,S,1,0,111498.875,39.95,2013,12,30.98,26.29
124211,Active,249070,NA,NA,S,1,0,67194.3,39.95,2009,25,23.99,29.52
124212,Active,593923,NA,NA,S,1,0,863982.9463,88.95,2010,27,3.85,41.36
124213,Active,553864,NA,NA,S,1,0,453105.98,238,1993,33,36.94,163.91
124214,Active,551835,NA,NA,S,2,1,86775.12875,89.99,2002,46,21.32,54.82
124215,Active,2919615,NA,NA,S,6,1,34820,39.99,2016,17,21.48,26.16
124216,Active,609964,NA,NA,S,10,1,372603.5738,26.99,2013,26,4.42,12.98
124217,Active,279591,NA,NA,S,0,0,164734.325,24.95,2010,62,4,6.46
124218,Active,677837,NA,NA,S,1,0,119575.85,21.95,2010,46,4.42,8.88
124219,Active,647956,NA,NA,S,1,0,133457.325,70,2009,17,28.97,30.26
124220,Active,1491278,NA,NA,S,0,0,157177.875,26.95,2014,13,19.76,18.38
124221,Active,849385,NA,NA,S,5,1,382197.34,66.95,1998,21,4.47,62.25
124222,Active,527749,NA,NA,S,4,1,448768.35,262.99,2008,61,16.24,148.74
124223,Active,2437405,NA,NA,S,0,0,838924.29,46,2004,30,8.33,39.9
124224,Active,639248,NA,NA,S,1,0,37206.55,35.95,2009,21,22.94,28.66
124225,Active,742020,NA,NA,S,1,0,116756.6,34.99,2009,32,10.27,12.94
124226,Active,658367,NA,NA,S,0,0,616062.0838,34.95,2011,21,26.66,31.99
124227,Active,439808,NA,NA,S,0,0,124910.65,29.95,2013,19,21.6,26.38
124228,Active,1779856,NA,NA,S,1,0,69095.525,22.99,2014,14,16.28,14.42
124229,Active,2150391,NA,NA,S,0,0,19769.95,24.95,2014,22,16.23,16.64
124230,Active,686021,NA,NA,S,0,0,14908.3,24.95,2012,15,20.48,14.91
124231,Active,621951,NA,NA,S,1,0,65767.15,39,2010,32,22.48,29.98
124232,Active,1488381,NA,NA,S,0,0,120434.35,24.95,2011,18,15.89,16.69
124233,Active,865807,NA,NA,S,2,1,219004.355,21.99,2010,43,4.54,17.21
124234,Active,1935460,NA,NA,S,5,1,339347.5938,98,2015,35,36.56,53
124235,Active,655406,NA,NA,S,5,1,520039.6775,59.95,2012,30,16.73,0
124236,Active,287010,NA,NA,S,1,0,140727.15,85,2003,24,52.81,68.99
124237,Active,3748927,NA,NA,S,1,0,194218,40,2016,18,26.4,28.75
124238,Active,57636,NA,NA,S,5,1,12352.20375,125.95,2011,111,53.85,82.95
124239,Active,1777547,NA,NA,S,1,0,53159.775,21.99,2011,39,10.09,14.93
124240,Active,639269,NA,NA,S,1,0,170342.175,149.99,2009,22,37.24,42.52
124241,Active,2545288,NA,NA,S,1,0,333546.2675,59.95,1995,34,6.1,13.79
124242,Active,686791,NA,NA,S,3,1,16612.175,22.95,2010,9,19.64,20.6
124243,Active,1532250,NA,NA,S,0,0,3586.175,28,2014,25,17.98,18.72
124244,Active,785669,NA,NA,S,0,0,202694.45,25.27,2009,9,9.47,23.92
124245,Active,1634961,NA,NA,S,0,0,3639.275,24.96,2014,12,16.91,14.85
124246,Active,1748351,NA,NA,S,1,0,240096.175,29.99,2009,31,17.68,30
124247,Active,2100816,NA,NA,S,1,0,72294.225,27.95,2013,65,4,5.5
124248,Active,1762001,NA,NA,S,0,0,26862.5,24.95,2013,18,20.74,22.98
124249,Active,3528859,NA,NA,S,0,0,121801.875,39.95,2015,17,23.34,32.39
124250,Active,279570,NA,NA,S,0,0,84552.425,24.95,2010,28,5.86,19.24
124251,Active,548877,NA,NA,S,0,0,78306.35,29.99,2012,20,11.77,20.56
124252,Active,133328,NA,NA,S,7,1,145136.315,133,2011,52,17.69,73.17
124253,Active,119018,NA,NA,S,3,1,299030.955,209.2,2000,39,9.08,0
124254,Active,3638668,NA,NA,S,0,0,231288.35,105,2013,13,35.97,14.74
124255,Active,1684109,NA,NA,S,0,0,77725.85,24.99,2014,24,7.81,11.48
124256,Active,618961,NA,NA,S,4,1,116173.17,47.8,2009,54,14.58,33.98
124257,Active,1708306,NA,NA,S,0,0,159056.725,27.95,2010,27,15.48,23.94
124258,Active,2044322,NA,NA,S,0,0,12242.725,39.95,2011,23,19.18,24.66
124259,Active,2107571,NA,NA,S,0,0,89102.625,29.99,2015,16,16.98,18.45
124260,Active,1620574,NA,NA,S,2,1,56812.925,0,2015,1,59.13,19.97
124261,Active,3551985,NA,NA,S,0,0,50411.175,34.99,2007,29,11.96,20.44
124262,Active,2021386,NA,NA,S,3,1,191960.7788,9.95,2010,20,16.98,74.45
124263,Active,1918361,NA,NA,S,2,1,90636.1,29.99,2011,29,11.99,12.18
124264,Active,1570708,NA,NA,S,10,1,52168.45,24.99,2011,41,6.17,8.96
124265,Active,223359,NA,NA,S,0,0,29201.35,55,2000,27,30.25,31.85
124266,Active,157710,NA,NA,S,1,0,311121.1625,54.95,2010,35,4,31.25
124267,Active,592101,NA,NA,S,0,0,361515.71,76,2009,26,14.21,62.23
124268,Active,1558997,NA,NA,S,1,0,119179.625,54.95,2012,22,33.98,41.99
124269,Active,1544441,NA,NA,S,1,0,304115.9813,54.95,2012,39,11.44,49.05
124270,Active,2051177,NA,NA,S,0,0,78786.7,22.95,2013,18,4.37,4.37
124271,Active,1661305,NA,NA,S,0,0,52535.4,24.95,2015,19,11.73,11.97
124272,Active,675811,NA,NA,S,0,0,11107.975,24.99,2007,39,11.76,14.98
124273,Active,125987,NA,NA,S,1,0,486051.3125,56,1999,65,4,13.96
124274,Active,865276,NA,NA,S,3,1,644596.6113,34,2011,22,14.81,14.76
124275,Active,1938720,NA,NA,S,0,0,73733.125,40,2015,14,12.93,17.43
124276,Active,1865779,NA,NA,S,7,1,323624.0825,19.99,2011,178,4,8.26
124277,Active,1473601,NA,NA,S,2,1,501820.8675,24.95,2014,19,14.19,15.08
124278,Active,1623547,NA,NA,S,1,0,439873.45,58.95,2007,28,8.87,44.09
124279,Active,609922,NA,NA,S,5,1,12087.12125,137.95,2014,72,32.31,78.99
124280,Active,2444339,NA,NA,S,0,0,15611.525,129.99,2004,1,0,202.99
124281,Active,1708664,NA,NA,S,4,1,688249.3975,34.95,2013,25,23.52,31.46
124282,Active,642298,NA,NA,S,3,1,843869.7138,46,2011,39,13.74,33.6
124283,Active,267787,NA,NA,S,1,0,369512.105,50,2006,31,8.95,58.99
124284,Active,906904,NA,NA,S,4,1,252859.1863,39.95,2014,22,22.72,36.81
124285,Active,689657,NA,NA,S,7,1,37265.81375,22.95,2012,20,14.99,17.11
124286,Active,3561855,NA,NA,S,0,0,587765.4,54,2006,127,4,17.5
124287,Active,1890890,NA,NA,S,1,0,683.025,22.99,2014,17,15.48,15.48
124288,Active,626670,NA,NA,S,2,1,130944.5,46.8,2012,38,7.38,43.98
124289,Active,869861,NA,NA,S,2,1,322873.04,52.4,2014,41,18.99,24.39
124290,Active,2410206,NA,NA,S,0,0,657945.83,49.99,1991,27,13.12,70.64
124291,Active,3472923,NA,NA,S,1,0,519912.4,46.65,2009,55,4.98,36.98
124292,Active,3719696,NA,NA,S,1,0,391368.175,59.95,2016,3,59.91,59.91
124293,Active,527721,NA,NA,S,3,1,67002.05625,167.95,2012,40,48.99,77.29
124294,Active,244057,NA,NA,S,6,1,363601.6175,114.95,2011,48,12.47,33.99
124295,Active,254097,NA,NA,S,2,1,183077.8013,132.95,2009,39,6.43,97.26
124296,Active,1712967,NA,NA,S,1,0,194776.8,59.95,2015,18,4.33,5.44
124297,Active,627851,NA,NA,S,1,0,44575.425,86.95,2013,67,7.84,50.99
124298,Active,652374,NA,NA,S,0,0,19873.52125,171.95,2013,94,7.93,0
124299,Active,1830024,NA,NA,S,1,0,162544.28,171.95,2015,31,41.64,128.23
124300,Active,861564,NA,NA,S,1,0,3923.37625,187.95,2013,160,14.45,63.99
124301,Active,608801,NA,NA,S,2,1,559938.4188,90.95,2001,23,4,34.39
124302,Active,544774,NA,NA,S,1,0,83493.8225,169.95,2013,57,5.09,23.98
124303,Active,662338,NA,NA,S,1,0,193112.5713,134.95,2013,40,4.26,80.65
124304,Active,244058,NA,NA,S,1,0,355462.57,192.95,2011,44,11.44,141.45
124305,Active,544709,NA,NA,S,1,0,750395.8638,199.95,2013,56,4.75,89.85
124306,Active,881542,NA,NA,S,2,1,347233.32,26,2012,19,19.99,20.35
124307,Active,2225244,NA,NA,S,2,1,9696.525,21.95,2010,34,14.69,16.94
124308,Active,2017640,NA,NA,S,0,0,57523.575,29.95,2015,22,11.37,20.49
124309,Active,1695791,NA,NA,S,0,0,30216.85,28,2010,26,13.19,16.49
124310,Active,646083,NA,NA,S,0,0,20486.6,36.99,2010,16,24.73,24.98
124311,Active,1626579,NA,NA,S,1,0,28424.2,49.99,2009,17,28.1,33.83
124312,Active,2008601,NA,NA,S,1,0,61767.2,40,2007,28,18.89,26.99
124313,Active,1633151,NA,NA,S,0,0,174980.625,25.95,2015,31,4,7.7
124314,Active,3613007,NA,NA,S,0,0,76394.55,29.95,2012,36,4.88,22.94
124315,Active,1736769,NA,NA,S,0,0,10011.775,23.95,2012,35,10.87,18.13
124316,Active,2003097,NA,NA,S,0,0,18455.825,29.99,2015,10,27.33,27.33
124317,Active,1660155,NA,NA,S,0,0,247757.325,34,2007,15,29.01,29.05
124318,Active,1833826,NA,NA,S,0,0,80197.3,44.99,2013,13,30.31,29.93
124319,Active,807860,NA,NA,S,0,0,148469.125,29.97,2010,28,14.5,21.98
124320,Active,3786338,NA,NA,S,0,0,122825.7,69.95,2015,14,39.28,44.5
124321,Active,2051179,NA,NA,S,0,0,59779.6,24.99,2014,10,17.48,17.69
124322,Active,690855,NA,NA,S,2,1,211981.7463,23.95,2012,14,23.94,23.95
124323,Active,2769410,NA,NA,S,11,1,563304.51,49.99,1980,38,13.48,33.93
124324,Active,559430,NA,NA,S,0,0,140056.65,22,2012,29,12.98,16.04
124325,Active,1691875,NA,NA,S,0,0,514705.0663,40,2008,20,9.73,31.92
124326,Active,1691701,NA,NA,S,0,0,75610.925,50,2008,18,39.51,39.99
124327,Active,1703725,NA,NA,S,1,0,28434.125,40,2009,48,13.87,22.85
124328,Active,2258016,NA,NA,S,0,0,672075.3238,119.22,2009,32,8.96,83.91
124329,Active,317182,NA,NA,S,1,0,101272.425,79.6,2008,18,63.94,69.44
124330,Active,1499064,NA,NA,S,0,0,267719.9038,29.99,2006,88,4,16.99
124331,Active,2255594,NA,NA,S,4,1,167474.15,0,2010,5,29.22,43.98
124332,Active,2102806,NA,NA,S,0,0,37963.55,15.6,2013,29,8.92,12.46
124333,Active,538511,NA,NA,S,5,1,93841.6375,151.25,2013,116,13.04,56.66
124334,Active,294683,NA,NA,S,1,0,213803.1063,25,1998,140,4,9.87
124335,Active,1595774,NA,NA,S,0,0,766224.1963,40,2007,25,4,8.36
124336,Active,3775887,NA,NA,S,0,0,11645,17.99,2016,13,14.07,10.34
124337,Active,679832,NA,NA,S,3,1,234162.075,27.95,2007,13,4,25.13
124338,Active,3566368,NA,NA,S,2,1,84372.075,30,2012,10,31.85,13.98
124339,Active,1724371,NA,NA,S,1,0,235534.4,55,2010,29,10.07,22.71
124340,Active,860892,NA,NA,S,5,1,506256.7888,67.95,2012,22,16.09,56.95
124341,Active,2938671,NA,NA,S,1,0,643154.9,45,2003,85,7.33,16.99
124342,Active,860895,NA,NA,S,4,1,56277.75,24.95,2012,25,4.34,19.98
124343,Active,546506,NA,NA,S,1,0,157206.25,29.95,2009,20,18.57,21.93
124344,Active,747672,NA,NA,S,1,0,226179.725,85,2009,13,37.46,54.97
124345,Active,539986,NA,NA,S,9,1,80523.74625,75.73,2011,45,9.99,49.66
124346,Active,199055,NA,NA,S,1,0,230067.2325,92,1999,31,8.24,74.2
124347,Active,2121358,NA,NA,S,1,0,99573.6,22.95,2012,27,7.29,8.95
124348,Active,624662,NA,NA,S,11,1,27200.84625,137,2013,73,43.99,64.38
124349,Active,3622229,NA,NA,S,30,1,28961.15,39.95,2016,18,26.04,25.85
124350,Active,873317,NA,NA,S,3,1,278181.3425,91.99,2013,38,11.23,49.95
124351,Active,1757348,NA,NA,S,23,1,151708.0925,14.95,2013,22,5.58,124.3
124352,Active,1497485,NA,NA,S,0,0,89766.25,49.95,2013,18,40.44,43.99
124353,Active,1502094,NA,NA,S,1,0,224359.475,21.99,2009,22,4,7.98
124354,Active,610073,NA,NA,S,0,0,860328.2863,93.95,2013,56,4.12,15.97
124355,Active,1599957,NA,NA,S,0,0,49390.85,59.99,2013,18,34.18,35.96
124356,Active,1613879,NA,NA,S,2,1,110752.025,35.95,2014,11,29.75,29.75
124357,Active,571821,NA,NA,S,0,0,306521.74,36.45,2000,49,4,33.55
124358,Active,354669,NA,NA,S,1,0,166864.14,44,2001,26,13.99,35.31
124359,Active,571928,NA,NA,S,0,0,799474.11,44,2003,37,4,10.97
124360,Active,682780,NA,NA,S,0,0,89551.65,25,2010,17,6.17,19.94
124361,Active,642068,NA,NA,S,1,0,151946.45,49,2013,27,28.16,28.02
124362,Active,641659,NA,NA,S,0,0,77447.675,65,2006,12,40.98,35.19
124363,Active,1517716,NA,NA,S,1,0,83638.125,29.99,2014,22,20.02,19.72
124364,Active,3557044,NA,NA,S,1,0,64383.65,65,2016,14,41.7,42.2
124365,Active,2151881,NA,NA,S,0,0,116897.45,29.95,2014,23,16.93,20.92
124366,Active,3831715,NA,NA,S,0,0,168001.525,49.95,2012,23,27.59,28.41
124367,Active,2896372,NA,NA,S,0,0,742786.0825,9.95,1985,130,4,29.1
124368,Active,228881,NA,NA,S,2,1,690848.1025,45,1999,27,10.53,39.06
124369,Active,614880,NA,NA,S,4,1,241750.6313,32.5,1975,58,7.19,33.68
124370,Active,912418,NA,NA,S,0,0,211605.0188,35,2013,25,11.45,30.08
124371,Active,1522417,NA,NA,S,0,0,61941.7,0,2009,17,9.67,11.13
124372,Active,3960315,NA,NA,S,1,0,104241.45,27.95,2014,33,5.92,17.36
124373,Active,687900,NA,NA,S,1,0,46006.45,24.99,2013,14,17.03,17.07
124374,Active,2723558,NA,NA,S,1,0,320935.4775,75,1999,37,4,37.72
124375,Active,681013,NA,NA,S,1,0,42566.525,29.99,2010,33,5.85,16.97
124376,Active,686016,NA,NA,S,1,0,11440.625,29.99,2012,19,16.71,17.61
124377,Active,1455303,NA,NA,S,1,0,20307.575,29.99,2014,59,20.44,19.73
124378,Active,1777882,NA,NA,S,1,0,117177.825,24.99,2014,16,11.9,8.97
124379,Active,1778087,NA,NA,S,1,0,3804.075,29.99,2014,14,19.97,19.77
124380,Active,752594,NA,NA,S,1,0,52865.775,29.99,2009,39,8.41,9.2
124381,Active,686070,NA,NA,S,1,0,83275.725,29.99,2011,27,8.42,8.42
124382,Active,690057,NA,NA,S,1,0,37032.675,29.99,2013,23,18.96,15.89
124383,Active,1780692,NA,NA,S,1,0,14180.35,29.99,2014,10,20.04,17.49
124384,Active,1781339,NA,NA,S,1,0,8150.65,29.99,2015,17,19.23,19.37
124385,Active,684818,NA,NA,S,1,0,72427.125,24.99,2011,19,16.81,49.57
124386,Active,1779350,NA,NA,S,1,0,58602.025,29.99,2013,18,18.09,18.98
124387,Active,1456239,NA,NA,S,1,0,59278.975,29.99,2014,9,20.43,20.41
124388,Active,1478649,NA,NA,S,1,0,151257.075,29.95,2013,18,16.7,22.38
124389,Active,190159,NA,NA,S,0,0,133270.425,27.95,2012,21,14.99,36.98
124390,Active,702415,NA,NA,S,1,0,53826.65,25,2012,26,14.83,13.79
124391,Active,808401,NA,NA,S,0,0,599315.0463,44.99,2007,29,11.25,44.98
124392,Active,1692929,NA,NA,S,1,0,105713.325,27.95,2014,15,16.74,27.95
124393,Active,1697158,NA,NA,S,0,0,105590.9825,9.99,2014,15,12.98,13.99
124394,Active,3960120,NA,NA,S,0,0,10487.15,24.99,2014,17,14.99,16.12
124395,Active,2010284,NA,NA,S,1,0,189848.7,35.5,2008,17,7.63,8.49
124396,Active,2010280,NA,NA,S,0,0,63261.675,29.95,2008,22,17.49,18.73
124397,Active,2100125,NA,NA,S,1,0,62696.6,29.95,2013,6,21.47,21.22
124398,Active,2010323,NA,NA,S,0,0,170480.55,29.95,2011,15,18.94,19.79
124399,Active,2010255,NA,NA,S,1,0,126378.55,35.5,2007,32,13.99,25.87
124400,Active,2100143,NA,NA,S,0,0,59297.1,29.95,2014,10,22.29,20.73
124401,Active,3498997,NA,NA,S,0,0,237526.375,39.99,2013,19,17.77,23.52
124402,Active,1498372,NA,NA,S,0,0,46160.175,44.99,2011,18,23.95,28.94
124403,Active,1498406,NA,NA,S,0,0,329050.105,39.99,2012,17,16.9,19.98
124404,Active,1498370,NA,NA,S,0,0,68929.625,69.99,2012,7,43.84,43.96
124405,Active,1498803,NA,NA,S,0,0,25790.675,22.99,2011,21,14.56,15.72
124406,Active,1498895,NA,NA,S,0,0,123404.225,27.99,2012,14,19.13,17.64
124407,Active,3960106,NA,NA,S,0,0,16826.9,49.99,2016,16,29.5,31.37
124408,Active,3960086,NA,NA,S,0,0,26791.025,49.99,2016,14,30.08,29.74
124409,Active,1498390,NA,NA,S,0,0,69328,34.99,2011,17,19.95,22.95
124410,Active,1498807,NA,NA,S,0,0,4717.775,24.99,2011,15,18.78,17.49
124411,Active,1498826,NA,NA,S,0,0,8101.375,24.99,2011,16,14.9,16.02
124412,Active,1498805,NA,NA,S,0,0,44693.675,24.99,2012,17,13.96,16.86
124413,Active,684185,NA,NA,S,0,0,2760.7,27.99,2012,20,17.69,17.78
124414,Active,1498383,NA,NA,S,0,0,31348.275,34.99,2012,24,15.68,22.04
124415,Active,3498989,NA,NA,S,0,0,20396.65,24.99,2011,25,10.98,18.03
124416,Active,687349,NA,NA,S,0,0,10649.575,27.99,2012,18,17.5,17.96
124417,Active,1498382,NA,NA,S,0,0,57206.75,29.99,2012,16,9.34,17.98
124418,Active,3498849,NA,NA,S,0,0,242505.25,69.99,2012,63,6.97,23.99
124419,Active,1498340,NA,NA,S,0,0,414030.1475,89.99,2014,21,44.97,45.38
124420,Active,1498409,NA,NA,S,0,0,68670.575,24.99,2012,15,18.28,16.31
124421,Active,1498353,NA,NA,S,0,0,5178.075,24.99,2011,19,16.95,16.99
124422,Active,1498804,NA,NA,S,0,0,129399.75,22.99,2011,16,14.58,16.57
124423,Active,140701,NA,NA,S,0,0,267168.6838,69.99,1997,53,6.19,78.48
124424,Active,3498798,NA,NA,S,0,0,85235.475,79.99,2011,17,39.61,41.96
124425,Active,3498876,NA,NA,S,0,0,56203.15,79.99,2015,6,43.88,43.78
124426,Active,3960326,NA,NA,S,0,0,79591.275,29.99,2015,6,18.96,19.01
124427,Active,1498412,NA,NA,S,0,0,17155.65,34.99,2013,23,11.77,15.9
124428,Active,1833881,NA,NA,S,0,0,90297.35,44.99,2014,14,29.4,16.97
124429,Active,860430,NA,NA,S,0,0,128980.525,34.99,2011,25,10.14,22.62
124430,Active,1891222,NA,NA,S,0,0,47360.925,39.99,2015,9,26.69,21.75
124431,Active,635541,NA,NA,S,0,0,40127.975,34.99,2013,28,6.39,14.43
124432,Active,3960560,NA,NA,S,0,0,239451.775,47.99,2014,14,19.46,18.97
124433,Active,2444746,NA,NA,S,2,1,210399.1738,34.99,1990,39,8.34,152.7
124434,Active,1498350,NA,NA,S,0,0,495536.2375,34.99,2011,62,21.14,22.36
124435,Active,1498379,NA,NA,S,0,0,18483.25,34.99,2012,22,16.17,22.36
124436,Active,865724,NA,NA,S,0,0,37939.3125,27.99,2011,27,11.98,19.21
124437,Active,3498839,NA,NA,S,0,0,69594.35,34.99,2011,29,14.41,17.83
124438,Active,896784,NA,NA,S,0,0,96533.88625,39.99,2011,19,4.98,20.32
124439,Active,3498844,NA,NA,S,0,0,40662.525,84.99,2011,19,41.49,43.71
124440,Active,1498373,NA,NA,S,0,0,7150.825,39.99,2014,12,27.94,25.93
124441,Active,3960262,NA,NA,S,0,0,38933.825,34.99,2011,17,20.32,23.96
124442,Active,3498826,NA,NA,S,0,0,2522.25,29.99,2011,21,14.66,15.43
124443,Active,3498827,NA,NA,S,0,0,28248.325,39.99,2011,16,27.1,23.66
124444,Active,685485,NA,NA,S,0,0,14205.1,24.99,2011,18,14.93,16.98
124445,Active,904503,NA,NA,S,0,0,839741.035,44.99,2011,16,7.84,27.04
124446,Active,628783,NA,NA,S,0,0,401314.2388,44.99,2008,26,10.15,54.99
124447,Active,1498377,NA,NA,S,0,0,24578.625,34.99,2012,17,18.46,23.14
124448,Active,3498850,NA,NA,S,0,0,129142.45,69.99,2015,19,33.98,31.98
124449,Active,3960321,NA,NA,S,0,0,47337.9,24.99,2015,32,14.31,16.3
124450,Active,3960212,NA,NA,S,0,0,68954.125,29.99,2014,17,15.59,19.34
124451,Active,3960007,NA,NA,S,0,0,2401.275,39.99,2015,15,25.03,21.34
124452,Active,1733307,NA,NA,S,0,0,64869.325,34.95,2007,17,23.87,23.88
124453,Active,1645857,NA,NA,S,0,0,31324.125,20.99,2009,53,7.32,14.74
124454,Active,735862,NA,NA,S,1,0,142505.675,25.99,2012,41,4,8.97
124455,Active,2106334,NA,NA,S,0,0,89902.5,24.95,2014,54,8.97,9.78
124456,Active,1639682,NA,NA,S,2,1,757833.83,15.95,2010,25,4,42.81
124457,Active,575028,NA,NA,S,0,0,753629.9213,15.95,2010,27,6.55,0
124458,Active,3882992,NA,NA,S,0,0,44182.6,59.99,1900,14,34.15,10.47
124459,Active,2028745,NA,NA,S,0,0,85864.275,39.99,2014,8,33.1,26
124460,Active,1631629,NA,NA,S,0,0,80713.75,22.99,2014,18,11.1,16.18
124461,Active,1891036,NA,NA,S,0,0,127374.125,24.99,2013,9,17.94,23.98
124462,Active,1891119,NA,NA,S,0,0,113710.25,24.99,2013,12,19.46,18.38
124463,Active,1891020,NA,NA,S,0,0,143092.8,29.99,2013,6,21.98,22.71
124464,Active,1891095,NA,NA,S,0,0,78363.425,29.99,2013,10,25.17,23.06
124465,Active,1891103,NA,NA,S,0,0,129278.55,29.99,2013,8,26.44,22.96
124466,Active,1891021,NA,NA,S,0,0,54275.95,29.99,2013,10,26.17,20.78
124467,Active,1631638,NA,NA,S,0,0,78852.425,29.99,2014,11,21.44,19.37
124468,Active,1865029,NA,NA,S,0,0,113131.0538,94.99,2009,16,50.94,53.98
124469,Active,1891154,NA,NA,S,0,0,58557.225,39.99,2013,10,21.73,21.73
124470,Active,893020,NA,NA,S,0,0,156659.725,24.99,2014,15,18.54,17.49
124471,Active,2017857,NA,NA,S,0,0,76051.15,24.95,2012,14,11,12
124472,Active,3729569,NA,NA,S,0,0,64551.175,59.99,2014,12,47.7,40.79
124473,Active,1466193,NA,NA,S,2,1,318175.5513,30.15,2015,9,18.99,20.52
124474,Active,635951,NA,NA,S,7,1,168628.915,58.99,2011,24,5.07,19.77
124475,Active,225434,NA,NA,S,0,0,395735.5225,44,2001,31,5.39,35.97
124476,Active,1508817,NA,NA,S,0,0,43235.575,28,2015,23,17.66,19.11
124477,Active,2095472,NA,NA,S,0,0,202830.175,35,2011,18,13.28,22.48
124478,Active,2803871,NA,NA,S,0,0,606212.6025,19.95,1994,24,5.73,15.96
124479,Active,1479582,NA,NA,S,3,1,118318.675,38.95,2012,23,16.92,19.07
124480,Active,690064,NA,NA,S,0,0,44534.6,24.99,2013,19,14.67,15.98
124481,Active,618321,NA,NA,S,1,0,82267.5675,60,2003,47,18.8,38.99
124482,Active,1698899,NA,NA,S,1,0,76018.775,27,2014,29,10.97,10.98
124483,Active,2100800,NA,NA,S,0,0,152558.725,27.95,2012,62,4,5.88
124484,Active,1479468,NA,NA,S,1,0,164964.95,31.95,2012,11,23.79,29.95
124485,Active,2754016,NA,NA,S,0,0,105485.2988,6.99,2002,222,4,6.04
124486,Active,752488,NA,NA,S,1,0,239141,25.95,2011,34,4,13.02
124487,Active,1520266,NA,NA,S,0,0,38193.45,20.63,2013,20,15.02,17.5
124488,Active,1520268,NA,NA,S,0,0,51524.975,20.63,2014,14,22.22,20.62
124489,Active,1520258,NA,NA,S,0,0,92870.25,20.63,2014,11,19.36,18.45
124490,Active,630280,NA,NA,S,0,0,663320.74,45,2003,39,9.95,14.92
124491,Active,2103084,NA,NA,S,0,0,29660.875,22,2015,20,12.6,12.6
124492,Active,674617,NA,NA,S,1,0,49748.85,27.95,2010,67,5.49,13.99
124493,Active,2085211,NA,NA,S,0,0,81748.35,27.99,2015,26,11.35,15.24
124494,Active,908924,NA,NA,S,0,0,134941.75,37.5,2013,20,6.94,8.23
124495,Active,2608741,NA,NA,S,1,0,568404.5663,49.99,2001,34,16.48,34.97
124496,Active,158167,NA,NA,S,2,1,607065.1363,53.95,2007,21,13.44,23.94
124497,Active,2405534,NA,NA,S,0,0,287816.795,55.95,1989,55,4,33.98
124498,Active,720058,NA,NA,S,1,0,682072.185,99,2000,50,4.35,22.51
124499,Active,2077628,NA,NA,S,1,0,379462.5763,35,2013,20,21.32,24.99
124500,Active,844017,NA,NA,S,0,0,268318.8963,7.95,1985,28,26.74,128.25
124501,Active,686010,NA,NA,S,1,0,82396.625,24.95,2012,18,16.32,16.75
124502,Active,2163574,NA,NA,S,1,0,59838.025,24.95,2010,15,22.71,19
124503,Active,2443490,NA,NA,S,1,0,752411.5375,45,2005,63,4.97,59.96
124504,Active,3927100,NA,NA,S,0,0,75001.475,39.95,2012,21,25.82,27.08
124505,Active,2095765,NA,NA,S,1,0,68223.3,44.99,2013,36,19.97,23.94
124506,Active,1523886,NA,NA,S,0,0,10366.4,26,2014,19,16.67,16.55
124507,Active,802711,NA,NA,S,5,1,710455.3188,34.99,2010,22,9.44,13.94
124508,Active,3729377,NA,NA,S,6,1,86421,24.99,2016,14,15.95,16.55
124509,Active,1855513,NA,NA,S,8,1,62189,39.99,2016,17,23.04,27.61
124510,Active,1855512,NA,NA,S,8,1,52459.825,29.99,2015,11,20.98,21.42
124511,Active,1703937,NA,NA,S,5,1,241809.3913,16.95,2013,18,9.2,13.79
124512,Active,663780,NA,NA,S,1,0,733.325,35,2013,31,19.86,20.49
124513,Active,3802613,NA,NA,S,0,0,83015,85,2016,9,58.51,52.66
124514,Active,685989,NA,NA,S,1,0,64904.85,28.95,2012,12,16.26,20.89
124515,Active,2015704,NA,NA,S,0,0,52043.625,24,2009,33,4.74,21.17
124516,Active,1496111,NA,NA,S,0,0,104471.5,24.99,2012,30,11.47,16.99
124517,Active,2427646,NA,NA,S,1,0,472659.205,70,1994,26,28.98,93.84
124518,Active,627078,NA,NA,S,1,0,118732.125,85.95,2000,20,59.67,59.98
124519,Active,1970161,NA,NA,S,0,0,64989.85,30,2015,26,4,5.1
124520,Active,1756739,NA,NA,S,1,0,8008.625,29.95,2011,20,17.94,17.37
124521,Active,3462509,NA,NA,S,4,1,635508.785,55,2010,22,4,34.67
124522,Active,1568618,NA,NA,S,1,0,37166.35,21.99,2009,30,11.66,12.96
124523,Active,344321,NA,NA,S,1,0,715356.9713,58.5,2006,36,5.59,36.99
124524,Active,162036,NA,NA,S,1,0,628450.3125,50,2013,38,9.97,33.99
124525,Active,3005347,NA,NA,S,1,0,133826,29.95,2015,10,29.76,28.22
124526,Active,381476,NA,NA,S,1,0,109178.05,60,2011,23,30.42,38.02
124527,Active,166804,NA,NA,S,1,0,94336.875,49,2008,22,21.45,26.94
124528,Active,339717,NA,NA,S,1,0,13518.325,34.95,2011,37,18.56,20.64
124529,Active,591974,NA,NA,S,1,0,110539.55,153,2006,27,52.49,100.14
124530,Active,130469,NA,NA,S,7,1,49130.1225,116.8,2011,55,50.99,93.99
124531,Active,262736,NA,NA,S,2,1,256236.7463,60.95,2007,26,15.22,53.58
124532,Active,1561405,NA,NA,S,0,0,60515.85,48,2013,29,17.43,28.93
124533,Active,3519355,NA,NA,S,0,0,87306.475,51,2014,24,18.93,29.99
124534,Active,1575703,NA,NA,S,0,0,13500.825,23.97,2009,15,14.87,18.5
124535,Active,1910845,NA,NA,S,1,0,80074.775,27,2014,68,4,5.17
124536,Active,1639057,NA,NA,S,0,0,169506.35,21.99,2007,16,12.93,19.4
124537,Active,1575457,NA,NA,S,1,0,661618.5825,40,2014,45,27.96,26.3
124538,Active,618658,NA,NA,S,0,0,316988.1563,49.95,1999,67,23.77,31.97
124539,Active,2256771,NA,NA,S,1,0,114792.125,23.99,2011,20,5.55,9.18
124540,Active,3591867,NA,NA,S,0,0,84569.025,23.95,2015,19,19.23,18.32
124541,Active,3091748,NA,NA,S,2,1,648327.1138,4.95,2005,9,128.97,143.94
124542,Active,2054887,NA,NA,S,3,1,195449.5613,15.95,2008,24,7.98,11.87
124543,Active,3503392,NA,NA,S,1,0,92429.1,40,2009,50,11.84,23.98
124544,Active,1703603,NA,NA,S,0,0,134244.225,27.5,2009,45,4,17.73
124545,Active,723585,NA,NA,S,0,0,290773.5425,26.95,2012,15,23,24.95
124546,Active,2164703,NA,NA,S,0,0,99532.65,24.95,2015,14,16.26,16.27
124547,Active,2083938,NA,NA,S,0,0,169247,21.99,2011,13,16.01,17.02
124548,Active,3629921,NA,NA,S,5,1,86140.075,31.19,2015,9,34.01,31.19
124549,Active,3629891,NA,NA,S,5,1,192481.225,59.94,2015,11,40.12,40.17
124550,Active,296534,NA,NA,S,6,1,727920.9913,26.95,1998,44,6.86,38.99
124551,Active,2807468,NA,NA,S,1,0,475397.1113,75,1999,42,18.56,79.84
124552,Active,1924273,NA,NA,S,0,0,866982.0275,68,2014,28,14.68,37.95
124553,Active,2605144,NA,NA,S,2,1,491752.7088,89.99,1999,41,9.09,73.99
124554,Active,2079674,NA,NA,S,0,0,31735.5,40,2014,12,27.88,24.75
124555,Active,618972,NA,NA,S,1,0,167518.025,54.95,2009,31,35.16,44.93
124556,Active,1712247,NA,NA,S,0,0,121354.225,39.95,2015,14,29.51,30.22
124557,Active,2067983,NA,NA,S,0,0,20980.6,24.95,2014,14,18.15,18.16
124558,Active,2093426,NA,NA,S,0,0,127439.275,24,2009,12,8.44,120.27
124559,Active,2117014,NA,NA,S,3,1,94073.4,25.99,2013,21,11.94,17.35
124560,Active,857281,NA,NA,S,3,1,351814.225,81.8,2008,13,8.13,8.09
124561,Active,1456190,NA,NA,S,4,1,88987.7575,13.33,2014,4,16.04,13.33
124562,Active,2248153,NA,NA,S,3,1,141145.35,41.73,2009,23,16.54,40.65
124563,Active,1493317,NA,NA,S,0,0,74962.2,30,2014,14,21.54,22.58
124564,Active,2015280,NA,NA,S,2,1,218535.075,24.95,2010,65,4.23,4.32
124565,Active,2042061,NA,NA,S,0,0,40604.6,24.99,2014,11,12.33,16.41
124566,Active,610141,NA,NA,S,2,1,16994.5075,84.75,2014,59,37.39,68.14
124567,Active,2511717,NA,NA,S,2,1,718251.5313,27.95,1988,44,4,8.89
124568,Active,3513370,NA,NA,S,12,1,12222.15,90.5,2015,80,48.87,75.24
124569,Active,2530656,NA,NA,S,2,1,605383.4863,73.95,1994,65,8.29,30.35
124570,Active,527667,NA,NA,S,0,0,198118.7288,26.95,2007,24,5.97,0
124571,Active,676384,NA,NA,S,1,0,54008.7,28.99,2013,51,5.04,13.98
124572,Active,1456022,NA,NA,S,1,0,92275.025,49.99,2015,16,29.94,31.32
124573,Active,1484472,NA,NA,S,0,0,82459.775,23,2010,18,23.71,22.82
124574,Active,3623063,NA,NA,S,0,0,6078.1,69.99,2011,12,37.83,44.95
124575,Active,1969826,NA,NA,S,0,0,31034.525,26,2015,19,10.25,13.01
124576,Active,1646211,NA,NA,S,0,0,89518.96625,16,2012,30,10.86,11.99
124577,Active,916974,NA,NA,S,1,0,500457.6625,58.95,2010,36,3.1,13.93
124578,Active,3553544,NA,NA,S,1,0,110990.025,22.95,2010,53,6.86,12.96
124579,Active,2106340,NA,NA,S,13,1,210280.025,21.95,2014,16,14.99,15.62
124580,Active,3754721,NA,NA,S,1,0,22962.8,25,2015,24,16.49,19.69
124581,Active,1970239,NA,NA,S,0,0,38682.55,25,2015,46,4,5.97
124582,Active,2012679,NA,NA,S,1,0,20865.975,28.95,2010,20,14.99,22.35
124583,Active,1979306,NA,NA,S,0,0,103878.225,25.99,2013,20,12.69,19.26
124584,Active,1710572,NA,NA,S,0,0,225201.75,25,2012,26,5.77,19.49
124585,Active,1484541,NA,NA,S,0,0,140004.675,29,2011,22,21.21,27.87
124586,Active,1753631,NA,NA,S,1,0,98466.625,24.95,2011,14,10.97,18.91
124587,Active,904820,NA,NA,S,2,1,364293.9963,48.6,2014,24,4.93,8.09
124588,Active,2015269,NA,NA,S,0,0,161127.5,24.95,2009,26,4.48,7.65
124589,Active,673383,NA,NA,S,0,0,81307.475,22.99,2014,52,4.29,4.49
124590,Active,2911242,NA,NA,S,0,0,59851.8,98.74,2004,15,59.95,63.94
124591,Active,575154,NA,NA,S,2,1,97373.7,39.95,2008,18,23.79,26.28
124592,Active,2581482,NA,NA,S,1,0,60033.575,6.95,1969,184,4,6.27
124593,Active,902311,NA,NA,S,0,0,744265.025,6.99,2010,25,4,6.99
124594,Active,564161,NA,NA,S,0,0,274503.7775,44.99,1992,35,13.94,22.87
124595,Active,122611,NA,NA,S,0,0,104981.4313,16,1998,49,6.78,10.82
124596,Active,527665,NA,NA,S,15,1,62639.90375,17.95,2009,81,8.99,12.12
124597,Active,2085183,NA,NA,S,1,0,79221.85,25.99,2014,34,10.14,12.49
124598,Active,2068749,NA,NA,S,0,0,447108.6175,11.5,2008,18,4.4,57.95
124599,Active,676913,NA,NA,S,1,0,53172.875,27,2009,47,9.18,14.67
124600,Active,2102424,NA,NA,S,1,0,24995.125,28,2015,16,18.99,17.9
124601,Active,1942877,NA,NA,S,0,0,2377.275,23,2014,16,15.86,13.85
124602,Active,3796891,NA,NA,S,0,0,95128.175,24.95,2012,54,11.21,11.98
124603,Active,2176298,NA,NA,S,0,0,135559.65,57.99,2012,16,23.98,27.46
124604,Active,677566,NA,NA,S,1,0,17586.525,26.99,2012,54,8.73,12.39
124605,Active,640853,NA,NA,S,1,0,689324.4413,48.95,2000,22,9.23,48.94
124606,Active,683183,NA,NA,S,1,0,67304.775,24.95,2011,24,8.08,16.79
124607,Active,3829958,NA,NA,S,0,0,110667.35,53.99,2015,14,29.03,42.4
124608,Active,655585,NA,NA,S,0,0,44389.025,34.99,2010,15,19.32,19.32
124609,Active,1431760,NA,NA,S,0,0,94150.3,24.99,2009,18,13.98,17.15
124610,Active,681456,NA,NA,S,0,0,22243.925,26.99,2009,25,12.95,18.81
124611,Active,3466369,NA,NA,S,1,0,37518.675,34.99,2007,23,15.02,24.05
124612,Active,1431995,NA,NA,S,0,0,62742.6,37.99,2010,18,21.04,26.3
124613,Active,194198,NA,NA,S,2,1,23933.8575,102,2011,58,53.74,61.48
124614,Active,1634452,NA,NA,S,1,0,101270.8,53,2012,19,33.42,44.45
124615,Active,632174,NA,NA,S,1,0,127137.025,89.99,2012,29,49,56.2
124616,Active,678068,NA,NA,S,0,0,640350.2825,32,2005,34,4,22.49
124617,Active,633434,NA,NA,S,4,1,269277.425,59.95,2006,22,11.99,16.89
124618,Active,695130,NA,NA,S,0,0,183153.945,77.9,2006,42,6.8,20.98
124619,Active,694228,NA,NA,S,1,0,702522.0763,21.55,2002,26,4,11.14
124620,Active,865376,NA,NA,S,5,1,585249.5088,26,2012,115,4,0
124621,Active,656559,NA,NA,S,1,0,36245.425,32.95,2009,20,6.46,29.48
124622,Active,686760,NA,NA,S,0,0,12277.275,23,2011,26,16.99,21.46
124623,Active,162747,NA,NA,S,1,0,72110.575,189,2010,29,46.98,119.44
124624,Active,639514,NA,NA,S,0,0,555054.8738,64.95,1997,30,20.57,38.27
124625,Active,106743,NA,NA,S,1,0,75261.25,30,2010,54,7.04,9.75
124626,Active,658472,NA,NA,S,2,1,224386.855,91,2010,27,10.99,58.42
124627,Active,163821,NA,NA,S,2,1,648128.9838,180,1998,20,6.34,130.37
124628,Active,862528,NA,NA,S,2,1,42706.42,24.95,1987,80,7.94,12.9
124629,Active,112900,NA,NA,S,1,0,83302.375,124,2005,28,34.33,100.67
124630,Active,609925,NA,NA,S,4,1,8607.96625,127.95,2013,53,53.13,77.58
124631,Active,2027071,NA,NA,S,3,1,590066.5788,88,2012,16,38.85,0
124632,Active,2105887,NA,NA,S,0,0,71244.125,24.99,2015,18,17.64,17.64
124633,Active,2694422,NA,NA,S,0,0,412183.4313,218.15,2005,22,11.05,92.46
124634,Active,876749,NA,NA,S,4,1,1696.345,82.95,2014,58,30.99,54.5
124635,Active,598379,NA,NA,S,1,0,501408.475,57.99,2006,26,5.75,15.99
124636,Active,678717,NA,NA,S,8,1,593078.0588,15,2012,58,4,8.77
124637,Active,3577573,NA,NA,S,14,1,2616,48.95,2016,26,40.99,39.13
124638,Active,2274130,NA,NA,S,0,0,211452,58.81,2008,10,37.1,39.31
124639,Active,879222,NA,NA,S,8,1,306746.3288,222.95,1998,31,5.44,44.92
124640,Active,2019281,NA,NA,S,4,1,716381.78,19.95,2009,36,4,31.6
124641,Active,222313,NA,NA,S,1,0,120752.625,80,2011,22,34.53,59.79
124642,Active,3504411,NA,NA,S,11,1,1784,68.95,2016,22,54.72,61.41
124643,Active,3577572,NA,NA,S,5,1,18481,68.95,2016,35,41.04,43.93
124644,Active,743262,NA,NA,S,3,1,460130.34,38.95,2000,23,7.03,41.96
124645,Active,3763440,NA,NA,S,0,0,1399.65,44.99,2017,26,28.79,36.55
124646,Active,867778,NA,NA,S,0,0,86525.52125,44.99,2015,41,13.56,41.02
124647,Active,114153,NA,NA,S,1,0,219587.4,96.6,2001,38,3.85,55.23
124648,Active,685145,NA,NA,S,2,1,84871.675,31.99,2009,24,12.98,19.73
124649,Active,681004,NA,NA,S,1,0,63072.1,31,2010,28,13.47,15.67
124650,Active,868591,NA,NA,S,2,1,31433.60625,116.99,2014,76,45.99,73.98
124651,Active,256569,NA,NA,S,1,0,94330.425,29.95,2008,67,4,21.6
124652,Active,582304,NA,NA,S,1,0,127915.825,70,2011,23,40.54,52.08
124653,Active,380511,NA,NA,S,3,1,17551.4675,180.95,2011,79,36.48,55.99
124654,Active,1718321,NA,NA,S,1,0,221862.35,59,2013,24,24.07,52.74
124655,Active,586411,NA,NA,S,5,1,230500.15,35.25,2011,17,21.62,22.12
124656,Active,561704,NA,NA,S,1,0,142414.1,47.95,2009,20,18.94,36.17
124657,Active,3763464,NA,NA,S,4,1,54985,50.99,2016,11,34.91,36.42
124658,Active,3763409,NA,NA,S,10,1,15321,36.99,2016,15,28.24,33.9
124659,Active,2282761,NA,NA,S,9,1,94446.4,0,2012,8,28.98,36.48
124660,Active,3775891,NA,NA,S,7,1,4993,24.99,2016,14,19.15,16.55
124661,Active,1718334,NA,NA,S,2,1,468860.3225,75,2012,19,12.01,38.77
124662,Active,684810,NA,NA,S,1,0,143523.025,24.95,2012,13,19.99,23.24
124663,Active,1589605,NA,NA,S,1,0,762452.2225,49.99,2010,30,13.61,34.43
124664,Active,3778513,NA,NA,S,3,1,112339.1,7.77,2015,11,7.76,7.77
124665,Active,1743706,NA,NA,S,4,1,155833.2475,24.95,2007,35,6.08,226.77
124666,Active,1750781,NA,NA,S,5,1,38496.35,27.95,2014,7,15.22,19.99
124667,Active,545621,NA,NA,S,5,1,411594.9913,178.95,2013,33,35.71,93.73
124668,Active,923149,NA,NA,S,0,0,321743.7888,19.95,1996,118,4,0
124669,Active,609864,NA,NA,S,11,1,57464.94125,175.95,2013,76,39.9,73.93
124670,Active,864714,NA,NA,S,3,1,7058.70375,173.6,2014,76,24,61.39
124671,Active,561592,NA,NA,S,1,0,244121.05,166.4,2012,42,10.47,91.68
124672,Active,561247,NA,NA,S,1,0,453051.34,133.73,2010,52,4.78,27.94
124673,Active,3504105,NA,NA,S,2,1,157787.55,115.8,2011,24,15.87,30.48
124674,Active,911726,NA,NA,S,3,1,527119.0775,54,2011,51,12.3,54
124675,Active,2273614,NA,NA,S,3,1,242349.7,54.72,1900,19,36.78,63.99
124676,Active,894987,NA,NA,S,13,1,474247.18,78.98,2012,45,8.98,78.98
124677,Active,3634805,NA,NA,S,6,1,46764,22.99,2016,13,16.19,14.33
124678,Active,535710,NA,NA,S,8,1,52085.93125,29.11,2013,90,21.76,23.98
124679,Active,544343,NA,NA,S,5,1,42699.8,284.95,2013,76,39.13,83.85
124680,Active,217784,NA,NA,S,1,0,623538.9525,52.99,2007,24,6.48,0
124681,Active,1455896,NA,NA,S,3,1,461929.9538,134.53,2015,28,21.29,121.95
124682,Active,537489,NA,NA,S,3,1,333585.6163,99.95,2012,33,18.78,75.88
124683,Active,924276,NA,NA,S,6,1,11291.1525,89.95,2015,53,46.24,54.96
124684,Active,668308,NA,NA,S,3,1,301310.9713,251.95,2012,33,41.98,161.01
124685,Active,2009626,NA,NA,S,0,0,36104.375,29.99,2015,15,20.13,21.68
124686,Active,1918572,NA,NA,S,0,0,79686.6,29.99,2014,17,6.11,6.57
124687,Active,2085788,NA,NA,S,0,0,64873.95,62.99,2013,5,37.25,37.25
124688,Active,153835,NA,NA,S,1,0,115543.825,21.25,2007,36,4.33,16
124689,Active,673921,NA,NA,S,0,0,7302.725,32.99,2013,15,20.97,23
124690,Active,3805991,NA,NA,S,0,0,487205.8,62.99,2014,21,10.88,42.52
124691,Active,527614,NA,NA,S,3,1,471733.6438,16.95,2009,91,4,9.99
124692,Active,647348,NA,NA,S,0,0,64914.05,55,2010,18,47.09,49.38
124693,Active,1485220,NA,NA,S,0,0,217469.65,28,2012,26,4,7.97
124694,Active,1590134,NA,NA,S,2,1,635459.6,34.25,2010,19,16.45,27.1
124695,Active,865669,NA,NA,S,1,0,128050.825,29.99,2012,22,16.27,10.97
124696,Active,687476,NA,NA,S,0,0,84248.775,29.95,2010,19,24.36,21.28
124697,Active,287368,NA,NA,S,1,0,589149.095,64.99,1996,45,5.64,18.78
124698,Active,2148098,NA,NA,S,0,0,175141.8,50,2014,12,39.74,43.96
124699,Active,866618,NA,NA,S,7,1,62958.935,54.95,2014,39,30.24,42.99
124700,Active,539331,NA,NA,S,8,1,48360.1925,105,2013,50,47.93,78.99
124701,Active,625898,NA,NA,S,0,0,247233.95,39.95,2007,16,23.26,25.29
124702,Active,2140966,NA,NA,S,0,0,627138.5275,16.95,2013,15,10.4,16.1
124703,Active,623791,NA,NA,S,2,1,542348.035,50,2012,29,12.46,0
124704,Active,1826385,NA,NA,S,1,0,266096.8,84.95,2015,7,51.18,58.36
124705,Active,2055602,NA,NA,S,0,0,218956.7,23,2014,17,9.58,25
124706,Active,876355,NA,NA,S,4,1,81078.33125,102.95,2015,19,54.11,54.12
124707,Active,2054474,NA,NA,S,1,0,107447.75,29.95,2013,6,27.21,28.48
124708,Active,57420,NA,NA,S,3,1,893164.0938,63,1996,45,4.23,17.95
124709,Active,144159,NA,NA,S,4,1,719820.9475,58,1999,26,8.92,42.51
124710,Active,1924306,NA,NA,S,0,0,156011.9,25,2013,20,9.6,19.85
124711,Active,893127,NA,NA,S,0,0,88334.87375,50,2014,37,16.46,29.45
124712,Active,1661857,NA,NA,S,0,0,5006.325,25.95,2014,28,8.39,15.23
124713,Active,2053415,NA,NA,S,0,0,121798.675,374.95,2011,15,33.16,50.98
124714,Active,477590,NA,NA,S,0,0,41055.3,21.99,2009,41,4.98,16.31
124715,Active,431623,NA,NA,S,0,0,333872.175,100,2009,25,40.99,43.95
124716,Active,2085820,NA,NA,S,1,0,96423.85,62.99,2013,9,43.98,43.98
124717,Active,2105069,NA,NA,S,1,0,77410.825,48.99,2013,9,33.98,32.18
124718,Active,669211,NA,NA,S,1,0,52180.2,62.99,2013,16,37.15,33.5
124719,Active,902163,NA,NA,S,0,0,891782.9775,125.55,2014,23,8.95,17.91
124720,Active,896966,NA,NA,S,1,0,753700.465,59.99,2014,20,11.46,11.46
124721,Active,3634643,NA,NA,S,1,0,38019.575,50,2015,19,30.1,30.13
124722,Active,3558831,NA,NA,S,0,0,81683.25,59.95,2016,10,44.9,38.28
124723,Active,2067918,NA,NA,S,1,0,50226.175,27.95,2010,16,15.53,17.02
124724,Active,3791512,NA,NA,S,1,0,70169.375,35,2011,26,21.47,21.85
124725,Active,616798,NA,NA,S,1,0,606882.8513,75,1991,40,6.98,40.02
124726,Active,911009,NA,NA,S,0,0,644371.2463,45,2000,17,7.24,37.85
124727,Active,3960253,NA,NA,S,0,0,55782.9,26,2013,39,4.81,6.07
124728,Active,1962535,NA,NA,S,1,0,75224.975,27.95,2015,13,18.99,21.13
124729,Active,3479870,NA,NA,S,3,1,35371.45,69.95,2015,79,42.26,38.99
124730,Active,3479871,NA,NA,S,3,1,399393.25,69.95,2015,78,22.19,43.97
124731,Active,195391,NA,NA,S,0,0,673057.4475,45,2004,26,8.72,32.45
124732,Active,1946687,NA,NA,S,11,1,400719.875,59.25,2014,10,55.15,48.33
124733,Active,2047701,NA,NA,S,1,0,28944.15,21.95,2011,67,7.33,11.14
124734,Active,1667991,NA,NA,S,0,0,1263.45,30,2009,32,19.47,13.99
124735,Active,1742429,NA,NA,S,1,0,31302.775,24.95,2007,28,8.64,18.52
124736,Active,2082296,NA,NA,S,0,0,111225.2,34.95,2011,21,19.75,24.14
124737,Active,678485,NA,NA,S,1,0,97442.175,29.99,2010,62,5.13,9.96
124738,Active,621961,NA,NA,S,1,0,132303.4,34.99,2011,55,4.76,17.47
124739,Active,685932,NA,NA,S,1,0,65553.825,29.99,2013,23,15.68,20.06
124740,Active,3960040,NA,NA,S,1,0,3559.475,34.99,2015,19,23.19,22.59
124741,Active,1886575,NA,NA,S,0,0,447084.9263,39.99,2013,25,21.37,31.44
124742,Active,663745,NA,NA,S,1,0,26241.625,34.99,2013,26,18.39,18.49
124743,Active,917158,NA,NA,S,1,0,62665.9,39.99,2013,44,5.35,13.41
124744,Active,686595,NA,NA,S,1,0,79935.375,27.99,2013,20,16.92,8.87
124745,Active,684153,NA,NA,S,1,0,65509.7,24.99,2013,29,11.59,16.42
124746,Active,624970,NA,NA,S,1,0,39380.625,34.99,2011,24,14.37,22.7
124747,Active,684235,NA,NA,S,1,0,104728.4,24.99,2011,39,4.7,12.43
124748,Active,114671,NA,NA,S,6,1,330371.3038,153.6,2002,31,14.4,134.3
124749,Active,55859,NA,NA,S,8,1,57135.3725,163.4,2010,66,33.87,97.93
124750,Active,2747304,NA,NA,S,6,1,506649.9688,24.95,2002,22,18.06,78.96
124751,Active,1569673,NA,NA,S,1,0,64790.35,22.99,2011,48,6.14,8.96
124752,Active,1528047,NA,NA,S,6,1,645151.9163,8.99,2013,25,4,9.99
124753,Active,1528050,NA,NA,S,6,1,269842.6013,8.99,2013,23,8.64,126.67
124754,Active,1827182,NA,NA,S,5,1,83799.01125,121.95,2014,47,24.48,76.78
124755,Active,1437650,NA,NA,S,1,0,137,70,2015,20,39.99,38.3
124756,Active,1437673,NA,NA,S,1,0,7918.975,37,2015,13,23.93,22.55
124757,Active,2167497,NA,NA,S,0,0,214604.075,24,2013,16,6.28,17.56
124758,Active,3635050,NA,NA,S,1,0,39376,19.95,2016,14,10.05,11.63
124759,Active,681855,NA,NA,S,1,0,72179.6,26.95,2010,24,13.98,16.64
124760,Active,682578,NA,NA,S,1,0,67628.525,26.95,2012,29,9.5,15.99
124761,Active,2247075,NA,NA,S,1,0,474261.9688,51.73,2009,15,32.94,36.81
124762,Active,1946095,NA,NA,S,0,0,14.3,24.99,2015,14,17.81,16.65
124763,Active,3467998,NA,NA,S,2,1,25836,36,2015,17,18.74,22.7
124764,Active,3468003,NA,NA,S,1,0,15617,36,2016,15,16.44,20.3
124765,Active,1627554,NA,NA,S,0,0,72182.275,65,2011,16,37.04,50.28
124766,Active,1434054,NA,NA,S,0,0,70890.4,29.99,2015,18,17.68,18.34
124767,Active,1434179,NA,NA,S,0,0,33784.775,27.5,2015,21,12.47,15.47
124768,Active,3541787,NA,NA,S,0,0,323546,15,2016,29,4,11.27
124769,Active,1529305,NA,NA,S,20,1,144239.59,28.99,2010,29,28.02,228.96
124770,Active,1668791,NA,NA,S,2,1,417309.8463,16.95,2011,33,7.1,13.91
124771,Active,543635,NA,NA,S,1,0,19248.8,29.95,2009,20,25.62,27.08
124772,Active,1733811,NA,NA,S,2,1,361916.5,79,2008,16,59.99,90
124773,Active,173478,NA,NA,S,0,0,336720.5713,49.99,1995,37,4.44,23.86
124774,Active,683175,NA,NA,S,1,0,66984.775,24.99,2008,53,12.63,16.99
124775,Active,2060071,NA,NA,S,1,0,94828.4,24.99,2010,30,5.99,6.06
124776,Active,1918472,NA,NA,S,0,0,95106.875,29.99,2014,14,19.7,20.73
124777,Active,229443,NA,NA,S,1,0,401807.8363,34.95,2009,29,12.72,26.16
124778,Active,2145186,NA,NA,S,0,0,31011.05,39.99,2008,26,24.77,29.61
124779,Active,3925178,NA,NA,S,0,0,297934.65,65,1900,10,41.8,36.54
124780,Active,1669798,NA,NA,S,0,0,334293.4675,6.99,2008,15,8.95,17.29
124781,Active,1859243,NA,NA,S,1,0,44370.55,21,2008,70,4.37,14.33
124782,Active,685156,NA,NA,S,0,0,164397.65,25,2008,19,16.67,16.86
124783,Active,2649729,NA,NA,S,1,0,849705.735,44.95,2004,49,9.76,27.74
124784,Active,2157997,NA,NA,S,1,0,17835.5475,17,2006,256,4,7.73
124785,Active,1724320,NA,NA,S,0,0,90063.75,55,2010,15,27.13,34.01
124786,Active,2014146,NA,NA,S,0,0,71121.5,22,2013,14,16.49,16.56
124787,Active,1677697,NA,NA,S,0,0,32868.55,23.97,2014,9,17.48,16.48
124788,Active,1627010,NA,NA,S,0,0,85926.025,26.95,2007,17,19.19,24.97
124789,Active,223553,NA,NA,S,0,0,41256.125,35,2011,16,22.18,20.47
124790,Active,527563,NA,NA,S,4,1,75389.425,26,2009,22,17.27,17.15
124791,Active,677034,NA,NA,S,3,1,33829.925,24.95,2007,25,13.14,14.4
124792,Active,691166,NA,NA,S,0,0,105646.3,27,2012,10,16.45,19.7
124793,Active,2768378,NA,NA,S,0,0,611158.1788,29.99,2005,26,8.98,41.95
124794,Active,627424,NA,NA,S,3,1,120616.55,35,2010,16,27.98,26.64
124795,Active,637845,NA,NA,S,0,0,116463.325,32,2011,19,11.85,20.49
124796,Active,627825,NA,NA,S,0,0,85348.975,30,2013,36,7.87,11.99
124797,Active,3960505,NA,NA,S,0,0,176527.8,26.95,2015,16,17.04,20
124798,Active,1660647,NA,NA,S,1,0,101063.45,25,2011,20,8.89,17.77
124799,Active,2026994,NA,NA,S,0,0,112257.85,27.5,2011,22,13.71,18.95
124800,Active,2205747,NA,NA,S,0,0,37385.975,39.99,2013,23,29.28,28.06
124801,Active,3960224,NA,NA,S,0,0,73742.725,25,2013,15,13.98,13.99
124802,Active,2001046,NA,NA,S,0,0,30440.65,25.99,2014,10,22.2,23.38
124803,Active,1976985,NA,NA,S,0,0,81278.575,25,2012,15,17.83,22.97
124804,Active,691168,NA,NA,S,0,0,29399.525,24.99,2013,21,12.87,15
124805,Active,2399969,NA,NA,S,1,0,166836.4763,19.95,1974,46,4,16.95
124806,Active,684575,NA,NA,S,0,0,65302.05,29.95,2007,23,17.24,19.42
124807,Active,1835688,NA,NA,S,0,0,23893.425,21.99,2009,16,14.94,15.99
124808,Active,1559595,NA,NA,S,1,0,174338.1888,45.95,2010,40,11.86,42.05
124809,Active,3496020,NA,NA,S,0,0,235621.725,45,2014,18,33.94,35.06
124810,Active,793974,NA,NA,S,1,0,839388.09,48.95,2006,22,7.66,44.17
124811,Active,293772,NA,NA,S,3,1,546384.9763,31.95,2005,33,11.88,0
124812,Active,1715868,NA,NA,S,0,0,73265.2,22.95,2012,19,20.24,20.24
124813,Active,716764,NA,NA,S,1,0,866239.1225,62.4,2008,22,8.72,33.49
124814,Active,2329345,NA,NA,S,0,0,84231.285,14.99,1972,66,7.96,13.86
124815,Active,918511,NA,NA,S,0,0,19035.30875,20,2012,48,11.94,13.17
124816,Active,139206,NA,NA,S,1,0,685426.2538,42,2006,27,7.97,19.73
124817,Active,3619765,NA,NA,S,2,1,157020.6,24.95,2007,22,7.69,53.99
124818,Active,241593,NA,NA,S,3,1,2543.55,24.95,2008,31,16.46,15.12
124819,Active,298576,NA,NA,S,0,0,297050.865,45,2008,51,18.66,23.49
124820,Active,612520,NA,NA,S,5,1,81112.865,32.95,2013,26,21.91,33.56
124821,Active,188273,NA,NA,S,0,0,124114.2025,16,1997,286,4,8.98
124822,Active,1693252,NA,NA,S,1,0,745572.965,23.95,2008,28,9,23.58
124823,Active,679274,NA,NA,S,3,1,75023.325,24.99,2010,32,8.98,8.99
124824,Active,1540246,NA,NA,S,2,1,1243116.764,34.95,2008,33,4,45.82
124825,Active,687915,NA,NA,S,0,0,86635.45,25,2013,12,22.33,19.47
124826,Active,3040154,NA,NA,S,0,0,495762.7413,54,2002,9,47.38,48.56
124827,Active,676603,NA,NA,S,0,0,91083.775,21.99,2013,70,4.32,7.24
124828,Active,195475,NA,NA,S,1,0,75091.27,26,2005,93,4.81,16.19
124829,Active,1527714,NA,NA,S,0,0,72000.575,38,2014,67,10.47,18.78
124830,Active,2005883,NA,NA,S,0,0,65509.275,24,2014,48,8.75,10.98
124831,Active,143828,NA,NA,S,1,0,76494.67125,15.99,1996,150,4.09,10.22
124832,Active,129138,NA,NA,S,1,0,88959.2325,9.95,2008,55,4.08,11.89
124833,Active,679125,NA,NA,S,1,0,89838.475,27,2013,61,4,5.18
124834,Active,690305,NA,NA,S,0,0,106114.775,21.95,2008,15,25.21,25.94
124835,Active,635540,NA,NA,S,1,0,95081.9,35,2013,48,6.08,9.46
124836,Active,3814165,NA,NA,S,0,0,157128.325,26.95,2007,30,15.43,16.07
124837,Active,3566901,NA,NA,S,0,0,228912.8,24.95,2011,22,8.51,11.23
124838,Active,3763439,NA,NA,S,1,0,62958.2,49.99,2015,14,38.85,38.86
124839,Active,1488046,NA,NA,S,1,0,167275.75,24.95,2007,19,14.85,18.24
124840,Active,1778895,NA,NA,S,1,0,54269.8,22,2013,44,6.43,13.95
124841,Active,3731220,NA,NA,S,0,0,59582.975,24.99,2012,15,17.71,18.47
124842,Active,2907130,NA,NA,S,3,1,293695.575,34.95,2003,27,4,24.99
124843,Active,2783139,NA,NA,S,1,0,589972.8663,65,2001,37,4.92,64.23
124844,Active,254052,NA,NA,S,1,0,171108.075,44.95,2008,20,17.34,36.82
124845,Active,1942903,NA,NA,S,0,0,32158.3,27,2014,58,6.28,8.98
124846,Active,133879,NA,NA,S,0,0,119142.675,21,2009,25,17.32,21.25
124847,Active,2152001,NA,NA,S,0,0,288110.1625,35,2014,37,30.87,31.5
124848,Active,647386,NA,NA,S,1,0,29273.85,63.75,2010,21,20.62,35
124849,Active,1532326,NA,NA,S,1,0,10332,27.95,2015,15,20.38,16.63
124850,Active,2394710,NA,NA,S,0,0,115628.2188,15,1994,81,4,10.82
124851,Active,2113079,NA,NA,S,0,0,113278.65,22.95,2014,25,8.59,15.87
124852,Active,617393,NA,NA,S,0,0,85627.9,35,2008,41,14.51,17.56
124853,Active,1584578,NA,NA,S,0,0,140974.8,27.99,2013,13,33.29,27.98
124854,Active,1727382,NA,NA,S,0,0,127553.825,39.95,2012,21,23.94,27.09
124855,Active,2437519,NA,NA,S,0,0,644779.8263,23,2002,22,9.72,19.78
124856,Active,2104366,NA,NA,S,0,0,78477.975,24,2015,12,19.98,18.66
124857,Active,684518,NA,NA,S,4,1,136144.35,24.95,2010,16,13.89,19.67
124858,Active,2038888,NA,NA,S,1,0,112027.625,36.95,2013,15,36.87,36.95
124859,Active,3591778,NA,NA,S,1,0,208163.3,23.95,2014,16,15.96,16.98
124860,Active,128825,NA,NA,S,0,0,96653.25875,55,2002,32,18.76,34.97
124861,Active,542474,NA,NA,S,0,0,14199.83375,45,1989,88,16.98,24.97
124862,Active,810962,NA,NA,S,0,0,7670.8,27,2010,21,10.53,15.51
124863,Active,706222,NA,NA,S,4,1,318883.7225,124,2010,27,20.87,124
124864,Active,2163436,NA,NA,S,1,0,41525.7,24.95,2014,12,16.43,17.96
124865,Active,906538,NA,NA,S,0,0,26886.325,21.99,2013,25,11.5,14.9
124866,Active,1684404,NA,NA,S,0,0,38811.875,24.99,2015,16,15.14,15.23
124867,Active,1536508,NA,NA,S,1,0,7462.25,26.99,2014,27,6.96,17.16
124868,Active,735370,NA,NA,S,0,0,176545.2,0,2009,26,6.98,35.99
124869,Active,642356,NA,NA,S,5,1,386165.8863,99.95,2011,31,16.85,43.98
124870,Active,1708654,NA,NA,S,0,0,146591.875,25.95,2013,23,13.84,23.28
124871,Active,687364,NA,NA,S,1,0,163720.675,24.95,2012,27,13.86,17.94
124872,Active,527542,NA,NA,S,2,1,14523.025,21.99,2008,51,5.24,13.38
124873,Active,686576,NA,NA,S,0,0,113529.5,22,2013,30,8.91,12.96
124874,Active,1627945,NA,NA,S,0,0,217010.425,24.95,2015,21,10.16,10.87
124875,Active,1425751,NA,NA,S,0,0,22341.775,21.99,2014,49,4.78,8.48
124876,Active,55720,NA,NA,S,0,0,148500.5,29.95,2009,19,15.23,17.52
124877,Active,683598,NA,NA,S,0,0,39518.85,25.95,2013,52,5.03,10.3
124878,Active,858776,NA,NA,S,1,0,51721.075,50,2000,34,10.91,28.99
124879,Active,870301,NA,NA,S,5,1,17584.22625,56.6,2014,42,21.98,48.81
124880,Active,2137902,NA,NA,S,0,0,134305.25,45,2010,16,22.7,35.37
124881,Active,898963,NA,NA,S,1,0,221275.75,29.89,2011,11,9.01,101.67
124882,Active,1728516,NA,NA,S,0,0,129631.225,26.95,2012,9,23.93,21.47
124883,Active,1498202,NA,NA,S,0,0,54241.95,22.99,2013,44,4,4.47
124884,Active,1990963,NA,NA,S,0,0,163974.575,26.95,2014,15,13.94,14.98
124885,Active,1696406,NA,NA,S,0,0,205844.15,21.95,2007,22,10.29,18.57
124886,Active,1431139,NA,NA,S,0,0,84010.425,26.99,2015,46,4,10.83
124887,Active,1532315,NA,NA,S,1,0,20427.25,24.95,2014,68,8.94,15.18
124888,Active,1565942,NA,NA,S,0,0,18117.4,29.99,2015,22,14.65,16.83
124889,Active,126873,NA,NA,S,1,0,352452.2113,23.5,2005,55,6.35,13.85
124890,Active,2285509,NA,NA,S,2,1,15673.675,0,2014,0,0,5.74
124891,Active,1526982,NA,NA,S,1,0,77531.9,28,2015,16,19.67,19.03
124892,Active,612723,NA,NA,S,0,0,127774.55,35,2013,22,24.84,26.48
124893,Active,1870760,NA,NA,S,1,0,60785.925,35,2010,36,6.48,21.93
124894,Active,684735,NA,NA,S,0,0,3270.575,24.95,2013,24,9.86,15.02
124895,Active,797421,NA,NA,S,0,0,19296.975,29.99,2013,45,10.63,13.35
124896,Active,1777430,NA,NA,S,1,0,125551.525,27.95,2011,27,10.48,12.89
124897,Active,1496837,NA,NA,S,0,0,4882.475,26,2014,16,15.66,15.66
124898,Active,1937722,NA,NA,S,0,0,158142.35,22.99,2013,39,4,4.47
124899,Active,1676961,NA,NA,S,1,0,16358.3,27.99,2009,36,8.08,19.5
124900,Active,797105,NA,NA,S,1,0,61859.225,24.99,2012,46,4,7.52
124901,Active,1437204,NA,NA,S,1,0,121830.825,22,2012,24,7.22,10.15
124902,Active,1834811,NA,NA,S,1,0,15664.675,24.99,2015,10,14.44,16.99
124903,Active,2043798,NA,NA,S,0,0,66263.225,22.99,2013,16,14.51,14.92
124904,Active,1814890,NA,NA,S,1,0,40416.05,29.99,2014,29,7.24,6.97
124905,Active,3729478,NA,NA,S,0,0,119716.275,34.99,2007,21,19.18,26.04
124906,Active,683646,NA,NA,S,0,0,2318.825,22.99,2012,38,11.22,13.62
124907,Active,2015868,NA,NA,S,0,0,29877.35,24.95,2008,35,13.76,17.63
124908,Active,1741765,NA,NA,S,2,1,64742.995,20,2006,75,4.48,13.76
124909,Active,1695193,NA,NA,S,0,0,207637.35,22.99,2011,29,9.44,14.68
124910,Active,2102427,NA,NA,S,0,0,10346.7,21.99,2015,13,15.98,14.05
124911,Active,679931,NA,NA,S,0,0,18936.05,24.95,2009,64,6.2,12.99
124912,Active,162985,NA,NA,S,2,1,118849.6838,70,2011,44,22.18,39.95
124913,Active,3809937,NA,NA,S,30,1,53317.4,24.95,2011,65,15.24,15.28
124914,Active,1758772,NA,NA,S,1,0,5195.875,20.99,2012,24,13.76,23.89
124915,Active,543568,NA,NA,S,0,0,54253.225,24.95,2009,16,22.96,24.95
124916,Active,595046,NA,NA,S,0,0,61380.95,32.95,2011,35,14.48,17.69
124917,Active,858933,NA,NA,S,0,0,164811.0738,132,2002,58,4,12.23
124918,Active,613492,NA,NA,S,0,0,101449.0838,98.5,2002,96,4,51.46
124919,Active,619582,NA,NA,S,0,0,177372.325,48.69,2008,35,4.29,50.29
124920,Active,1496560,NA,NA,S,1,0,100968.975,24,2012,14,17.08,17.09
124921,Active,262939,NA,NA,S,0,0,784497.62,40,2003,71,4,7.76
124922,Active,239933,NA,NA,S,3,1,488976.9925,24.95,2006,65,4,7.46
124923,Active,177330,NA,NA,S,3,1,586858.345,58.95,2000,24,3.97,29.76
124924,Active,1575482,NA,NA,S,1,0,195614.5,24.95,2015,11,16.71,15.79
124925,Active,226666,NA,NA,S,25,1,9138.385,22,1997,82,7.99,14.96
124926,Active,682889,NA,NA,S,0,0,75335.225,24.95,2008,20,16.3,16.77
124927,Active,2167586,NA,NA,S,1,0,134006.925,38,2013,19,22.72,23.92
124928,Active,527531,NA,NA,S,3,1,618176.415,64.99,2009,34,9.78,40.48
124929,Active,537681,NA,NA,S,7,1,45421.19875,151.25,2013,63,8.21,45.81
124930,Active,1645696,NA,NA,S,0,0,68379.95,37,2014,7,37.39,34.61
124931,Active,2115630,NA,NA,S,0,0,117069.025,29.99,2015,13,25.92,26.99
124932,Active,2414276,NA,NA,S,0,0,394570.9488,45,1969,61,12.78,25.1
124933,Active,321882,NA,NA,S,3,1,158463.32,220,2003,68,9.35,51.99
124934,Active,129947,NA,NA,S,5,1,589663.2913,96,2000,51,4,8.49
124935,Active,614551,NA,NA,S,0,0,581270.1663,66,1987,59,4,23.93
124936,Active,1583875,NA,NA,S,0,0,245941.0563,29.99,2011,23,19.99,24.99
124937,Active,1784030,NA,NA,S,1,0,137291,28,2015,32,4,6.47
124938,Active,2038695,NA,NA,S,0,0,158698.2,23.95,2009,25,5.99,18.09
124939,Active,2093299,NA,NA,S,0,0,29139.475,24,2015,17,15.03,16.74
124940,Active,735838,NA,NA,S,1,0,192082.475,24.99,2011,47,3.97,4.79
124941,Active,1508740,NA,NA,S,1,0,57262.1,28,2015,22,18.28,18.94
124942,Active,3066592,NA,NA,S,1,0,488215.2513,27.95,2003,31,15,19.95
124943,Active,663099,NA,NA,S,1,0,75957.3,30,2014,58,7.04,6.97
124944,Active,690522,NA,NA,S,7,1,8743.875,27,2010,35,15.62,18.6
124945,Active,543915,NA,NA,S,5,1,34925.64875,300,2012,73,47.04,83.99
124946,Active,1779416,NA,NA,S,1,0,26180.275,26.99,2013,20,18.35,18.13
124947,Active,166466,NA,NA,S,1,0,131693.95,98.95,2004,22,54.19,65.62
124948,Active,534731,NA,NA,S,4,1,231014.7413,209.99,2013,29,18.02,68.85
124949,Active,664023,NA,NA,S,2,1,708515.4638,277.99,2013,27,10.37,24.19
124950,Active,689687,NA,NA,S,5,1,107381.425,23.95,2012,17,26.97,20.99
124951,Active,899293,NA,NA,S,0,0,348425.8725,55.65,2013,15,17.86,38.99
124952,Active,1870711,NA,NA,S,0,0,35336.175,22,2009,49,4.08,12.15
124953,Active,1647134,NA,NA,S,1,0,74540.575,26.95,2009,13,21.26,21.68
124954,Active,3078748,NA,NA,S,0,0,496150.9725,70,2004,22,12.29,122.97
124955,Active,527512,NA,NA,S,3,1,348734.1438,97.95,2009,33,15.43,46.92
124956,Active,2577381,NA,NA,S,2,1,403936.525,233.95,1986,28,4.58,72.59
124957,Active,2594875,NA,NA,S,0,0,545588.6525,84.99,1992,34,15.18,56.97
124958,Active,2002656,NA,NA,S,2,1,118383.35,34.99,2014,8,34.21,32.01
124959,Active,2940658,NA,NA,S,1,0,461991.4,58.95,2004,14,26.89,43.99
124960,Active,174225,NA,NA,S,0,0,195118.1425,54.99,1999,45,6.97,41.97
124961,Active,1628323,NA,NA,S,0,0,92800,29.99,2014,15,21.49,26.73
124962,Active,542597,NA,NA,S,5,1,34232.9725,100,2012,43,36.92,39.87
124963,Active,117690,NA,NA,S,3,1,574445.8388,85.8,1996,56,4,11.84
124964,Active,527508,NA,NA,S,2,1,600912.3125,34.99,2010,25,4.3,22.99
124965,Active,1942550,NA,NA,S,0,0,135732.125,50,2014,15,28.1,29.55
124966,Active,538181,NA,NA,S,1,0,425172.5888,54,2010,25,10.22,27
124967,Active,537735,NA,NA,S,3,1,380191.0538,70,2012,23,10.99,16.5
124968,Active,3504281,NA,NA,S,1,0,146721.175,54.99,2015,14,33.33,33.88
124969,Active,2017599,NA,NA,S,0,0,88502.725,22.95,2014,9,19.13,17.16
124970,Active,616352,NA,NA,S,1,0,758376.91,54.99,2000,47,4,27.1
124971,Active,627959,NA,NA,S,1,0,148852.95,44,2009,21,15.87,21.93
124972,Active,2001428,NA,NA,S,0,0,98967.05,38.99,2014,9,34.03,34.04
124973,Active,183989,NA,NA,S,1,0,404089.32,180.95,2003,40,4,13.84
124974,Active,115707,NA,NA,S,1,0,500382.275,75.4,2005,34,10.46,35.92
124975,Active,846081,NA,NA,S,8,1,521311.3438,65.56,1992,26,4,38.99
124976,Active,55851,NA,NA,S,2,1,448796.665,31.95,2002,63,5.51,26.75
124977,Active,1866833,NA,NA,S,0,0,115529.675,24.95,2014,34,11.13,15.85
124978,Active,1706987,NA,NA,S,0,0,80636.975,50,2015,12,46.43,45
124979,Active,146419,NA,NA,S,1,0,209554.275,29.99,2010,13,29.16,48.01
124980,Active,863867,NA,NA,S,0,0,100931.65,29.99,2010,21,27.69,27.74
124981,Active,1494521,NA,NA,S,0,0,101414.45,28,2013,13,20.61,21.32
124982,Active,2169090,NA,NA,S,0,0,159645.825,60,2014,6,39.99,47.8
124983,Active,270890,NA,NA,S,3,1,127237.7625,45,2009,29,18.89,30.99
124984,Active,3744059,NA,NA,S,1,0,62298.45,24.99,2013,48,5.57,22.83
124985,Active,212115,NA,NA,S,1,0,119848.125,27,2009,24,10.86,24.96
124986,Active,1716154,NA,NA,S,1,0,115965.55,26.95,2015,17,20.35,20.85
124987,Active,1736724,NA,NA,S,7,1,60733.25,24.04,2004,37,9.08,16.84
124988,Active,1729411,NA,NA,S,2,1,150295.5888,22.95,2008,23,16.88,17.88
124989,Active,687759,NA,NA,S,6,1,14875.475,22.95,2014,18,9.55,16.47
124990,Active,685886,NA,NA,S,1,0,115135.5,26.95,2014,55,4,10.44
124991,Active,1753746,NA,NA,S,0,0,75596.825,29.95,2013,13,28.99,29.95
124992,Active,2019423,NA,NA,S,0,0,123082.825,49.95,2014,19,27.37,33.11
124993,Active,877114,NA,NA,S,7,1,18657.8625,293.25,2014,80,53.99,68.64
124994,Active,176766,NA,NA,S,6,1,760879.2063,434.95,1998,29,5.73,129.96
124995,Active,861574,NA,NA,S,11,1,369355.2988,429.25,2013,33,23.98,54.99
124996,Active,2919563,NA,NA,S,4,1,17471,61.25,2016,14,51.51,43.96
124997,Active,1534779,NA,NA,S,1,0,111149.4,178,2014,22,53.94,140.82
124998,Active,57537,NA,NA,S,4,1,402874.5625,139,1998,98,4.42,33.98
124999,Active,107180,NA,NA,S,3,1,788418.4138,73.37,2001,47,4.78,48.99
125000,Active,165689,NA,NA,S,2,1,508701.4063,166,2004,39,14.4,63.3
125001,Active,2919564,NA,NA,S,4,1,4454,61.25,2016,20,35.99,58.37
125002,Active,201334,NA,NA,S,1,0,46597.38,19.99,2005,230,4,7.99
125003,Active,714938,NA,NA,S,0,0,545227.385,46.25,2006,13,32.97,36.52
125004,Active,178734,NA,NA,S,5,1,302188.0538,195.95,2010,20,22.88,0
125005,Active,688632,NA,NA,S,0,0,73699.75,29.72,2013,22,14.14,20.29
125006,Active,3634661,NA,NA,S,12,1,257632.25,212.5,2016,16,58.93,85.14
125007,Active,743029,NA,NA,S,6,1,611933.1563,84,2011,24,15.22,23.98
125008,Active,2159441,NA,NA,S,0,0,217449.425,24.95,2014,17,15.82,17.89
125009,Active,685920,NA,NA,S,0,0,81482.75,24.95,2013,25,18.94,19.07
125010,Active,2065467,NA,NA,S,0,0,17630.5,39.95,2014,13,28.07,28.55
125011,Active,527487,NA,NA,S,6,1,252194.57,75.6,2008,36,9.6,20.42
125012,Active,1490802,NA,NA,S,0,0,74322.125,29,2015,12,26.02,23.44
125013,Active,1729554,NA,NA,S,0,0,90350.25,21.99,2014,11,14.97,15.5
125014,Active,612490,NA,NA,S,10,1,16040.105,336.95,2014,78,53.99,175.72
125015,Active,867668,NA,NA,S,3,1,20554.42625,103,2014,44,53.99,68.99
125016,Active,262353,NA,NA,S,0,0,233732.8275,49.95,2005,63,12.31,34.7
125017,Active,286263,NA,NA,S,6,1,381398.4538,191,1998,80,5.62,102.34
125018,Active,2066867,NA,NA,S,0,0,309453.15,80,2014,17,51.74,57.85
125019,Active,114262,NA,NA,S,6,1,380909.3588,223.2,2002,49,4,35.67
125020,Active,549793,NA,NA,S,0,0,804667.3425,51.67,2000,26,4.07,0
125021,Active,533743,NA,NA,S,8,1,7602.37,335.95,2012,91,37.27,117.41
125022,Active,570685,NA,NA,S,8,1,705033.6525,187.95,1997,31,4,54.92
125023,Active,533882,NA,NA,S,8,1,57626.16375,261.8,2006,47,51.22,152.99
125024,Active,866838,NA,NA,S,16,1,1328.10375,279.4,2014,124,33.82,102.98
125025,Active,533591,NA,NA,S,5,1,5083.9825,205.75,2011,119,23.56,69.75
125026,Active,550563,NA,NA,S,1,0,334569.64,40.88,2007,62,12.18,56.86
125027,Active,137539,NA,NA,S,4,1,232289.3138,130,2010,40,18.99,31.23
125028,Active,2875869,NA,NA,S,0,0,588108.0475,49.95,1997,48,20.24,42.56
125029,Active,527474,NA,NA,S,4,1,278421.615,71,2010,43,36.69,51.9
125030,Active,1720851,NA,NA,S,0,0,154651.425,26,2014,14,18.6,18.63
125031,Active,575549,NA,NA,S,1,0,99843.4,24.95,2010,18,14.75,20.98
125032,Active,874973,NA,NA,S,7,1,168615.2588,82.35,2012,16,46.92,46.89
125033,Active,1854428,NA,NA,S,1,0,186359.9,56,2014,22,19.84,38.99
125034,Active,1778607,NA,NA,S,1,0,86101.7,24.99,2013,23,9.65,9.68
125035,Active,538005,NA,NA,S,0,0,610559.4238,47.99,1992,45,4,40.28
125036,Active,273333,NA,NA,S,1,0,213013.375,99.95,2007,19,54.01,67.2
125037,Active,678982,NA,NA,S,0,0,108734.125,28,2010,27,17.84,22.8
125038,Active,3526720,NA,NA,S,0,0,85872,44.95,2008,48,13.94,28.62
125039,Active,2167849,NA,NA,S,1,0,157070.1,25,2013,22,13.75,10.66
125040,Active,2014388,NA,NA,S,0,0,113362.45,28.95,2008,28,21.05,21.5
125041,Active,919465,NA,NA,S,0,0,161773.3988,105.34,1976,73,4,43.72
125042,Active,1712854,NA,NA,S,0,0,71856.675,55,2007,19,33.19,34.28
125043,Active,654786,NA,NA,S,0,0,54771.175,36.99,2007,16,19.98,25.58
125044,Active,3570008,NA,NA,S,0,0,97115.15,75,2014,19,27.33,32.29
125045,Active,3569917,NA,NA,S,0,0,65596,34.99,2015,16,20.91,20.66
125046,Active,2034066,NA,NA,S,1,0,165457.2,24.95,2012,27,12.02,17.91
125047,Active,195601,NA,NA,S,1,0,152607.875,26,2010,60,4,7.2
125048,Active,173771,NA,NA,S,1,0,141080.9025,74.99,2008,34,16.3,22.18
125049,Active,1474215,NA,NA,S,1,0,515229.8525,44.95,2010,24,19.89,34.38
125050,Active,564649,NA,NA,S,2,1,489004.4513,43.95,2005,24,6.78,38.64
125051,Active,3552805,NA,NA,S,0,0,297013.65,46,1991,82,7.98,22.98
125052,Active,3725964,NA,NA,S,0,0,75001.575,75,2015,12,49.93,43.64
125053,Active,1751166,NA,NA,S,1,0,96407.75,29.99,2009,15,26.99,26.99
125054,Active,2216296,NA,NA,S,1,0,168757.9,125,2007,21,32.87,33.97
125055,Active,892978,NA,NA,S,0,0,30797,24.99,2014,23,16.48,17.69
125056,Active,1814450,NA,NA,S,0,0,83156.85,26.99,2015,12,15.95,9.98
125057,Active,664689,NA,NA,S,3,1,9370.225,34.95,2013,24,23.6,26.16
125058,Active,478929,NA,NA,S,1,0,102641.725,115.99,2010,22,25.49,27.93
125059,Active,685159,NA,NA,S,1,0,49120.125,24.95,2009,22,18.22,18.21
125060,Active,2787891,NA,NA,S,1,0,479881.8113,37.95,1998,28,4.99,67.13
125061,Active,267685,NA,NA,S,0,0,5869.575,24.95,2007,31,14.73,16.96
125062,Active,3474509,NA,NA,S,1,0,32963.8,69.99,2016,11,58.51,53.62
125063,Active,1989664,NA,NA,S,1,0,52496.975,34.99,2015,57,16.05,22.62
125064,Active,3598527,NA,NA,S,0,0,39278,50,2015,9,30.76,30.77
125065,Active,161200,NA,NA,S,0,0,29077.325,22.99,2007,46,10.59,13.04
125066,Active,3752505,NA,NA,S,2,1,49526,17,2016,10,13.72,13.35
125067,Active,1484603,NA,NA,S,0,0,545845.1813,54,2007,44,17.73,33.89
125068,Active,1595429,NA,NA,S,0,0,152879.35,28.95,2013,24,5.66,6.97
125069,Active,2079653,NA,NA,S,1,0,3689.5,35,2013,24,20.23,19.14
125070,Active,690537,NA,NA,S,2,1,762745.5538,30,2010,20,15.77,24.07
125071,Active,2109929,NA,NA,S,0,0,58670.5,24.99,2010,11,22.89,20.38
125072,Active,681429,NA,NA,S,0,0,53553.25,25.99,2011,38,10.36,18.79
125073,Active,914330,NA,NA,S,0,0,456126.34,26,2010,36,13.41,24.2
125074,Active,865776,NA,NA,S,0,0,77645.2525,26.95,2011,37,6.43,24.82
125075,Active,1877216,NA,NA,S,4,1,25201.125,24.95,2013,12,11.83,12.12
125076,Active,1684998,NA,NA,S,0,0,126808.275,24.99,2012,17,5.24,10.98
125077,Active,1970130,NA,NA,S,0,0,24173.45,28,2015,43,11.72,14.14
125078,Active,675386,NA,NA,S,1,0,65510.2,23.99,2009,34,4,15.96
125079,Active,2076365,NA,NA,S,0,0,83885.5,29.99,2009,21,13.92,29.99
125080,Active,2041803,NA,NA,S,0,0,33858.4,27.95,2015,28,16.24,18.85
125081,Active,655012,NA,NA,S,1,0,82019.15,30,2014,34,7.98,11.58
125082,Active,121165,NA,NA,S,1,0,126601.575,56.6,2010,26,17.99,37.32
125083,Active,2143345,NA,NA,S,2,1,208722.275,0,2009,10,39.82,28.98
125084,Active,229894,NA,NA,S,2,1,115343.565,35,2004,42,11.9,23.01
125085,Active,2394536,NA,NA,S,0,0,59706.44375,13,1998,123,4.24,11.01
125086,Active,1433052,NA,NA,S,0,0,165801.025,27.99,2013,49,6.97,10.98
125087,Active,2098340,NA,NA,S,0,0,73612.55,24,2015,20,11.73,18.01
125088,Active,747771,NA,NA,S,3,1,4672.4875,159.75,2014,73,51.63,63.99
125089,Active,643112,NA,NA,S,4,1,701641.0313,97.75,2006,30,12.39,69.39
125090,Active,2093264,NA,NA,S,0,0,138625.5,24.95,2013,45,11.05,17.8
125091,Active,544490,NA,NA,S,12,1,7117.80625,221.95,2013,61,47.31,103.99
125092,Active,874761,NA,NA,S,5,1,25987.825,103,2015,95,45.99,69.73
125093,Active,3755964,NA,NA,S,4,1,40273.35,84,2015,86,43.98,43.99
125094,Active,1763003,NA,NA,S,1,0,3835.8,24,2015,23,12.36,14.32
125095,Active,2519184,NA,NA,S,0,0,164632.5,15,1992,24,15.24,73.47
125096,Active,2098345,NA,NA,S,0,0,148107.4,25,2015,43,5.03,7.64
125097,Active,688370,NA,NA,S,2,1,45789.475,25.99,2007,12,28.21,23.37
125098,Active,127083,NA,NA,S,1,0,506130.7538,82,2006,42,4,12.99
125099,Active,617668,NA,NA,S,0,0,122583.15,35,2008,33,7.98,13.99
125100,Active,165883,NA,NA,S,2,1,282547.705,114.95,2004,73,11.68,71.06
125101,Active,2301925,NA,NA,S,0,0,700250.59,97.28,2005,28,11.5,36.24
125102,Active,1700958,NA,NA,S,1,0,45692,24.95,2007,21,16.13,16.75
125103,Active,916141,NA,NA,S,0,0,468320.1838,98.75,2002,50,4.81,57.67
125104,Active,1983488,NA,NA,S,0,0,242118.275,24.99,2013,11,15.04,24.44
125105,Active,3829568,NA,NA,S,1,0,229723.35,75,2015,18,28.99,35.99
125106,Active,2154795,NA,NA,S,0,0,167589.3,23.95,2007,21,5.83,20.74
125107,Active,218305,NA,NA,S,1,0,151769.475,26,2009,11,15.22,20.99
125108,Active,2005537,NA,NA,S,0,0,248584.1,27.95,2008,16,10.78,27.95
125109,Active,1627546,NA,NA,S,0,0,72707.175,39.5,2015,19,24.7,27.96
125110,Active,1866633,NA,NA,S,0,0,167904.15,40,2015,20,12.33,13.71
125111,Active,916265,NA,NA,S,5,1,691310.4425,19.96,2007,32,4,23.65
125112,Active,115553,NA,NA,S,3,1,357580.3675,91.96,2002,80,5.48,43.99
125113,Active,115500,NA,NA,S,4,1,867339.2175,77.33,2002,52,4,11.74
125114,Active,277863,NA,NA,S,2,1,41059.065,27.95,2011,80,10.01,15.45
125115,Active,600511,NA,NA,S,0,0,77701.425,21.95,2009,44,5.93,10.97
125116,Active,559409,NA,NA,S,0,0,155219.1,25,2009,17,14.03,18.76
125117,Active,1589077,NA,NA,S,1,0,19303.725,29.99,2008,23,20.09,26.24
125118,Active,1761692,NA,NA,S,0,0,88679.5,34.95,2015,15,25.64,26.54
125119,Active,151936,NA,NA,S,0,0,154055.3,24.95,2009,62,4,8.99
125120,Active,1555251,NA,NA,S,0,0,121243.725,34.95,2015,15,31.9,29.88
125121,Active,194042,NA,NA,S,1,0,69769.1,54,2005,33,38.54,42
125122,Active,564710,NA,NA,S,1,0,383509.8788,71.95,2008,30,4.3,64.7
125123,Active,3960149,NA,NA,S,0,0,43708,49.99,2006,22,28.75,35.27
125124,Active,3960057,NA,NA,S,20,1,5996.375,35,2011,22,21.25,21.21
125125,Active,687591,NA,NA,S,0,0,734447.4813,25,2004,24,26.09,73.11
125126,Active,1526932,NA,NA,S,0,0,28821.5,26,2015,14,16.7,19.99
125127,Active,251074,NA,NA,S,0,0,549440.51,60,2009,28,13.17,17.72
125128,Active,807909,NA,NA,S,0,0,50752.975,34.99,2010,7,13.71,21.7
125129,Active,752073,NA,NA,S,1,0,104497.025,34.99,2010,22,11.8,22.71
125130,Active,865567,NA,NA,S,1,0,48522.35,24.99,2013,18,16.16,16.06
125131,Active,527446,NA,NA,S,0,0,551659.755,16.95,2009,22,41.29,168.87
125132,Active,1970302,NA,NA,S,0,0,6383.525,22,2014,20,13.74,13.74
125133,Active,1604661,NA,NA,S,1,0,61204.6,25,2012,34,6.99,10.06
125134,Active,677022,NA,NA,S,2,1,11229.075,26.95,2009,66,15.62,19.24
125135,Active,1437197,NA,NA,S,1,0,194378.85,22,2012,42,4,5.98
125136,Active,3803440,NA,NA,S,0,0,27128.5,50,2015,18,28.83,30.38
125137,Active,2057752,NA,NA,S,0,0,185016.975,22.99,2009,40,4,5.99
125138,Active,1526785,NA,NA,S,0,0,51254.15,29.95,2014,21,19.58,19.94
125139,Active,688608,NA,NA,S,1,0,118553.175,29.99,2011,13,20.82,20.98
125140,Active,2110063,NA,NA,S,1,0,44251.225,24.95,2014,34,7.84,17.04
125141,Active,1757474,NA,NA,S,2,1,18103,24.95,2012,31,9.85,17.59
125142,Active,1671013,NA,NA,S,0,0,62923.425,21.99,2015,18,15.22,16.85
125143,Active,527445,NA,NA,S,2,1,78512.4,21.99,2010,32,6.84,11.7
125144,Active,680614,NA,NA,S,1,0,40640.65,26.95,2010,24,19.78,20.2
125145,Active,2167439,NA,NA,S,0,0,133427.625,29.99,2014,6,20.04,21.11
125146,Active,3523388,NA,NA,S,3,1,79442.975,22.99,2009,34,6.89,9.35
125147,Active,245942,NA,NA,S,1,0,156310.2,38,2007,15,25.96,29.04
125148,Active,3733756,NA,NA,S,0,0,22974.55,25,2015,12,22.37,19.5
125149,Active,1997099,NA,NA,S,0,0,47405.225,24.99,2014,11,21.82,22.13
125150,Active,881388,NA,NA,S,3,1,22285.7,0,2008,15,23.69,24.95
125151,Active,2082004,NA,NA,S,1,0,8388.225,21.95,2012,16,15.04,12.73
125152,Active,677444,NA,NA,S,0,0,77022.125,25.95,2012,30,7.04,17.99
125153,Active,1784010,NA,NA,S,0,0,118585.85,28,2014,57,7.96,7.98
125154,Active,1726357,NA,NA,S,1,0,96498.275,22,2015,12,15.2,13.6
125155,Active,1728355,NA,NA,S,0,0,217935.475,29,2008,23,13.33,29
125156,Active,2636552,NA,NA,S,0,0,414893.5313,16,2000,63,4,7.72
125157,Active,1693051,NA,NA,S,1,0,43868.5,35,2012,19,17.03,23.95
125158,Active,1870781,NA,NA,S,1,0,37207.025,28,2013,28,11.75,16.94
125159,Active,3591869,NA,NA,S,0,0,162529.525,26.95,2016,9,26.06,20.98
125160,Active,702277,NA,NA,S,1,0,46214.9,28,2011,23,12.98,19.17
125161,Active,751258,NA,NA,S,1,0,153201.325,34.95,2009,27,7.64,13.05
125162,Active,537188,NA,NA,S,8,1,91337.775,24.69,2011,26,16.12,20.47
125163,Active,658732,NA,NA,S,0,0,790262.24,56,2010,17,9.09,0
125164,Active,723716,NA,NA,S,0,0,558985.135,24.95,2008,42,5.57,17.99
125165,Active,556507,NA,NA,S,0,0,34832.45,49.95,2012,37,23.79,44.95
125166,Active,626666,NA,NA,S,0,0,26915.125,54.95,2012,28,18.87,43.03
125167,Active,660954,NA,NA,S,0,0,62649.925,54.95,2012,32,20.04,20.75
125168,Active,664157,NA,NA,S,20,1,512665.76,89.95,2013,25,24.05,57.6
125169,Active,1476669,NA,NA,S,2,1,604658.86,11.95,2013,23,6.65,9.34
125170,Active,1467111,NA,NA,S,0,0,439109.88,32.3,2010,16,23.77,34.3
125171,Active,722066,NA,NA,S,0,0,482791.8588,24.95,1997,48,4,37.16
125172,Active,635753,NA,NA,S,1,0,456311.2988,170,2011,16,46.07,83.98
125173,Active,539723,NA,NA,S,2,1,86023.03125,29.99,1999,39,14.05,25.52
125174,Active,539778,NA,NA,S,1,0,52916.5,29.95,2011,20,16.49,16.56
125175,Active,527404,NA,NA,S,2,1,23468.775,21.19,2008,44,7.37,17.93
125176,Active,1463449,NA,NA,S,2,1,49362.75,26.19,2012,17,25.84,24.89
125177,Active,527406,NA,NA,S,2,1,12610.95,27.44,2008,21,13.45,25.22
125178,Active,527405,NA,NA,S,2,1,88772.9,27.44,2008,22,14.77,17.68
125179,Active,683432,NA,NA,S,2,1,26598.725,27.44,2008,19,22.94,21.44
125180,Active,682881,NA,NA,S,2,1,94003.725,27.44,2008,23,21.14,21.14
125181,Active,678750,NA,NA,S,2,1,37250.375,27.44,2008,21,17.27,17.29
125182,Active,681054,NA,NA,S,2,1,56796.375,27.44,2008,23,23.97,20.97
125183,Active,1463701,NA,NA,S,2,1,76668.075,26.19,2010,37,11.47,19.99
125184,Active,678751,NA,NA,S,2,1,10739.025,21.19,2008,39,11.24,18.38
125185,Active,682364,NA,NA,S,2,1,20246.05,21.19,2008,18,13.2,19.5
125186,Active,1463887,NA,NA,S,2,1,383691.05,61.45,2008,16,35.94,59.91
125187,Active,527398,NA,NA,S,0,0,788904.9375,36.19,2009,18,5.87,19.24
125188,Active,1478851,NA,NA,S,0,0,208603.8,76.95,2012,18,19.86,76.95
125189,Active,1463273,NA,NA,S,0,0,301786.075,18.95,2013,17,13.52,17.45
125190,Active,527393,NA,NA,S,3,1,825210.165,45,2008,7,11.78,40.99
125191,Active,1463532,NA,NA,S,3,1,475815.005,33.44,2008,27,5.74,28.98
125192,Active,1495244,NA,NA,S,0,0,26817.9,32.5,2010,20,17.99,20.64
125193,Active,1748864,NA,NA,S,0,0,84171.975,24.95,2010,44,4.47,16.05
125194,Active,746690,NA,NA,S,1,0,9061.575,35,2011,30,13.63,15.88
125195,Active,2048331,NA,NA,S,0,0,142689.325,21.95,2010,15,7.09,17.58
125196,Active,1752779,NA,NA,S,3,1,60549.225,21.95,2012,21,13.39,17.12
125197,Active,2160072,NA,NA,S,0,0,114372.875,34.95,2014,10,18.84,23.06
125198,Active,663824,NA,NA,S,0,0,101224.15,45,2013,21,26.28,23.98
125199,Active,534565,NA,NA,S,0,0,31239.45,25,2011,46,18.55,13.42
125200,Active,640018,NA,NA,S,0,0,218460.1,52.5,2011,7,14.62,18.99
125201,Active,2597143,NA,NA,S,0,0,714060.205,44.99,1991,32,8.63,35.49
125202,Active,2081007,NA,NA,S,0,0,109842.825,22.95,2011,18,15.47,18.39
125203,Active,2404283,NA,NA,S,2,1,460953.2963,70,1986,38,4.97,28.09
125204,Active,1563072,NA,NA,S,3,1,767224.9938,94.95,2007,12,12.11,67.64
125205,Active,684758,NA,NA,S,1,0,121427.3,22.95,2012,18,12.98,15.81
125206,Active,1672650,NA,NA,S,2,1,649782.5038,9.99,2011,93,4,6.34
125207,Active,3739141,NA,NA,S,3,1,111541,9.99,2016,15,7.13,9.99
125208,Active,2563569,NA,NA,S,1,0,344117.7175,29.95,1994,26,32.64,125.21
125209,Active,2060053,NA,NA,S,1,0,119737.85,24.99,2009,19,8.88,16.5
125210,Active,652647,NA,NA,S,1,0,425210.0638,47.95,2011,29,5.79,32.41
125211,Active,2120924,NA,NA,S,0,0,48917.7,25.95,2008,29,14.2,16.31
125212,Active,2120955,NA,NA,S,0,0,95877.975,25.95,2011,26,16.24,16.15
125213,Active,658218,NA,NA,S,0,0,36704.2,40,2012,16,24.51,26.66
125214,Active,1918468,NA,NA,S,0,0,85469.125,26.99,2014,15,19.19,19.34
125215,Active,1918422,NA,NA,S,0,0,94409.975,26.99,2013,14,18.37,18.88
125216,Active,1491086,NA,NA,S,1,0,95562.7,26.95,2011,17,13.96,17.83
125217,Active,1716706,NA,NA,S,0,0,10198.35,21.99,2009,12,15.12,12.74
125218,Active,2110283,NA,NA,S,0,0,39896.525,35,2014,17,20.63,25.58
125219,Active,2129175,NA,NA,S,0,0,180425.925,49.95,2012,17,20.77,20.98
125220,Active,3960313,NA,NA,S,0,0,69189.6,24.99,2011,17,14.99,15.96
125221,Active,2121063,NA,NA,S,0,0,105212.775,24.95,2015,15,17.86,15.63
125222,Active,1918317,NA,NA,S,0,0,109084.725,24.99,2011,15,21.99,23.16
125223,Active,2121020,NA,NA,S,0,0,62202.975,25.95,2012,17,15.04,15.81
125224,Active,1576636,NA,NA,S,1,0,76576.825,34.95,2013,34,24.24,24.24
125225,Active,2022759,NA,NA,S,1,0,98710.55,24.99,2007,24,15.05,15.26
125226,Active,1575295,NA,NA,S,1,0,77828.425,45,2008,19,28.19,23.93
125227,Active,2085100,NA,NA,S,0,0,70389.6,23.99,2012,34,6.85,16.21
125228,Active,894956,NA,NA,S,0,0,204407.025,35,2011,14,22.72,23.98
125229,Active,3526590,NA,NA,S,1,0,147437.45,34.95,2008,44,9.54,22.37
125230,Active,1781232,NA,NA,S,1,0,52080.775,26.99,2015,11,18.38,18.38
125231,Active,1779588,NA,NA,S,1,0,72104.1,22.99,2013,19,11.46,10.97
125232,Active,2102414,NA,NA,S,0,0,70686.4,21.99,2014,26,10.84,13.63
125233,Active,678128,NA,NA,S,1,0,154604.775,27.95,2013,31,4,10.98
125234,Active,680639,NA,NA,S,0,0,98977.25,27.95,2009,19,15.3,15.99
125235,Active,2247190,NA,NA,S,0,0,75654.525,39.95,2012,9,34.99,144.47
125236,Active,3560997,NA,NA,S,0,0,244326.7,21.99,2013,10,19.14,15.21
125237,Active,3601651,NA,NA,S,0,0,23607.775,75,2015,17,39.99,43.99
125238,Active,1724565,NA,NA,S,0,0,87491.075,40,2015,18,21,25.65
125239,Active,810668,NA,NA,S,1,0,109287.775,24,2010,43,4.1,35.31
125240,Active,2153612,NA,NA,S,5,1,69747.9,21.95,2014,13,10.37,17.3
125241,Active,782591,NA,NA,S,0,0,46754.975,0,2011,12,15.98,24.84
125242,Active,1641625,NA,NA,S,0,0,186167,35,2013,7,26.32,32.71
125243,Active,3803435,NA,NA,S,4,1,236121.4,122.4,2013,22,25.52,0
125244,Active,664783,NA,NA,S,4,1,147979.825,23.94,2013,20,8.39,26.59
125245,Active,649640,NA,NA,S,4,1,91291.22625,86.99,2013,22,20.46,58.95
125246,Active,2149644,NA,NA,S,0,0,711610.3338,35,2013,10,37.52,26.05
125247,Active,3816308,NA,NA,S,1,0,124176.7,24.95,2012,20,12.75,50.71
125248,Active,623450,NA,NA,S,1,0,25870.375,40,2011,19,27.41,26.75
125249,Active,1938600,NA,NA,S,0,0,97106.775,35,2014,32,9.98,14.68
125250,Active,3567176,NA,NA,S,0,0,481066.85,79.99,2014,48,38.18,56.15
125251,Active,2087929,NA,NA,S,0,0,58776.625,32.95,2015,9,23.96,20.12
125252,Active,1938579,NA,NA,S,0,0,41785.45,40,2014,19,14.83,23.99
125253,Active,623479,NA,NA,S,0,0,35520.625,40,2010,29,12.98,22.98
125254,Active,1716021,NA,NA,S,0,0,127487.075,26.95,2014,17,24.15,26.95
125255,Active,682296,NA,NA,S,0,0,145618.4,27.5,2011,34,12.85,14.9
125256,Active,623547,NA,NA,S,0,0,138514.475,80,2008,24,19.36,25.24
125257,Active,1573207,NA,NA,S,0,0,138870.475,25.95,2011,20,17.11,17.09
125258,Active,2077889,NA,NA,S,0,0,59343.475,26.95,2015,13,19.47,19.48
125259,Active,2063132,NA,NA,S,0,0,42670.65,24.95,2014,10,19.08,18.96
125260,Active,688463,NA,NA,S,0,0,19129.975,24.99,2013,30,15.93,15.88
125261,Active,811516,NA,NA,S,0,0,63651.175,0,2010,9,18.32,18.44
125262,Active,1704665,NA,NA,S,0,0,36377.325,28.95,2013,13,21.33,22.09
125263,Active,632047,NA,NA,S,2,1,112036.5838,169.95,2013,45,17.11,32.98
125264,Active,541623,NA,NA,S,0,0,4213.1125,15,2000,88,6.78,11.02
125265,Active,1884392,NA,NA,S,0,0,40282.425,34.95,2011,18,23.03,24.23
125266,Active,688546,NA,NA,S,1,0,16274.6,24.95,2012,17,14.97,17.07
125267,Active,1758413,NA,NA,S,0,0,26771.45,24.95,2013,12,16.97,18.61
125268,Active,640773,NA,NA,S,5,1,424364.115,69.95,2006,19,4.94,62.85
125269,Active,173560,NA,NA,S,1,0,515280.2025,65,1995,42,7.97,20.19
125270,Active,907881,NA,NA,S,0,0,88315.9,24.95,2013,18,13.99,16.99
125271,Active,1839379,NA,NA,S,0,0,567485.3513,41.95,2007,34,22.14,29.33
125272,Active,3578663,NA,NA,S,0,0,108524.15,24.95,2011,30,9.44,14.99
125273,Active,1705865,NA,NA,S,0,0,76035.525,24.95,2009,27,6.31,13.96
125274,Active,3788811,NA,NA,S,0,0,200643.225,31.95,2009,37,18.48,29.95
125275,Active,247809,NA,NA,S,0,0,640798.4025,62,2007,30,13.42,28.98
125276,Active,649371,NA,NA,S,7,1,519263.8988,118.6,1993,47,9.08,53.23
125277,Active,687971,NA,NA,S,0,0,49184,33.75,2012,19,21.57,26.96
125278,Active,690036,NA,NA,S,0,0,115123.175,31.88,2013,14,34.93,30.93
125279,Active,685335,NA,NA,S,5,1,90540.4,21.95,2013,23,10.18,12.9
125280,Active,262468,NA,NA,S,3,1,653737.4275,19.95,2007,36,4,24.99
125281,Active,870094,NA,NA,S,0,0,83871.96375,75,2015,23,13.96,46.25
125282,Active,2027598,NA,NA,S,0,0,204033.8,75,2014,14,29.29,60.96
125283,Active,2027510,NA,NA,S,0,0,899936.8563,75,2012,31,6.06,18.99
125284,Active,3829950,NA,NA,S,0,0,37058.2,49.99,2016,10,33.78,33.93
125285,Active,681042,NA,NA,S,1,0,40211.1,29.95,2009,19,19.84,26.29
125286,Active,629164,NA,NA,S,1,0,636511.9675,89.99,2012,31,16.72,43.58
125287,Active,1978467,NA,NA,S,0,0,176139.25,24,2014,10,19.57,20.96
125288,Active,2045871,NA,NA,S,0,0,56925.675,21.95,2010,24,5.88,14.18
125289,Active,675003,NA,NA,S,0,0,1178.16,24.99,2006,221,6.85,13.39
125290,Active,680675,NA,NA,S,2,1,176598.65,34.95,1991,29,4.22,20.27
125291,Active,1938577,NA,NA,S,0,0,66099.375,27.5,2012,23,16.83,17.07
125292,Active,687312,NA,NA,S,0,0,75776.725,24.99,2013,16,15.62,19.72
125293,Active,1534917,NA,NA,S,0,0,76073,24.95,2015,38,9.73,14.25
125294,Active,683054,NA,NA,S,1,0,44356.45,24.95,2013,26,10.1,16.33
125295,Active,1724309,NA,NA,S,0,0,174731.325,35,2007,38,4.67,22.46
125296,Active,2247917,NA,NA,S,2,1,105304.875,24.95,2008,36,7.44,31.74
125297,Active,1869182,NA,NA,S,3,1,65577.305,19.95,2013,63,11.93,15.38
125298,Active,622046,NA,NA,S,0,0,25069.775,129.25,2005,46,37.94,65.29
125299,Active,860143,NA,NA,S,4,1,71303.005,76.48,2010,37,14.09,68.96
125300,Active,910004,NA,NA,S,0,0,230852.4838,29.95,2010,19,16.3,20.97
125301,Active,560059,NA,NA,S,1,0,84534.275,26.99,2009,63,5.91,16.92
125302,Active,299707,NA,NA,S,0,0,576469.7063,72.95,2003,21,17.93,0
125303,Active,541991,NA,NA,S,0,0,12252.72,17.95,1993,77,8.63,10.36
125304,Active,1854810,NA,NA,S,1,0,180304.325,29,2007,12,20.23,25.58
125305,Active,2055125,NA,NA,S,0,0,179995.65,39.95,2013,18,27.09,34.94
125306,Active,649896,NA,NA,S,2,1,262147.565,76.95,2011,24,19.84,31.89
125307,Active,2454387,NA,NA,S,0,0,612246.1138,44,1997,34,6.22,28
125308,Active,255635,NA,NA,S,2,1,368166.8925,48.95,2002,24,45.34,195.99
125309,Active,1480302,NA,NA,S,1,0,688086.5563,62.95,2011,30,10.75,59.68
125310,Active,2135166,NA,NA,S,0,0,45965.5,24.95,2014,16,16.42,16.38
125311,Active,538579,NA,NA,S,7,1,114256.6888,135.25,2009,54,23.85,67.97
125312,Active,1908440,NA,NA,S,8,1,723922.0025,9.99,2015,24,4.97,8.91
125313,Active,3646039,NA,NA,S,2,1,101948.225,49.95,2016,13,43.99,41.28
125314,Active,3623113,NA,NA,S,2,1,46451,80,2016,31,20.59,65.9
125315,Active,612609,NA,NA,S,0,0,63438.675,39.99,2013,18,37.81,37.99
125316,Active,1973289,NA,NA,S,0,0,96768.025,24.99,2012,9,16.35,20.44
125317,Active,1999520,NA,NA,S,2,1,74488.935,15.95,2014,28,17.96,15.15
125318,Active,1619052,NA,NA,S,0,0,72319.4,49.95,2012,6,45.98,49.95
125319,Active,619508,NA,NA,S,1,0,111596.875,100,1991,46,26.54,123.99
125320,Active,2896339,NA,NA,S,2,1,429706.925,13.95,1993,128,4,17.15
125321,Active,675952,NA,NA,S,1,0,435048.2975,29.95,2002,61,4,7.79
125322,Active,542161,NA,NA,S,0,0,600505.025,35.75,2008,48,5.24,0
125323,Active,1768150,NA,NA,S,3,1,503790.31,15.75,2014,12,15.27,15.42
125324,Active,1768140,NA,NA,S,3,1,298938.435,35.75,2014,14,34.94,29.72
125325,Active,123854,NA,NA,S,1,0,473117.455,74.95,1998,22,7.66,30.31
125326,Active,615531,NA,NA,S,0,0,40446,21,2007,29,11.83,15.09
125327,Active,889114,NA,NA,S,0,0,99968.64625,29.95,2014,44,30.94,27.11
125328,Active,655280,NA,NA,S,1,0,21546.95,50,2012,25,27.25,29.2
125329,Active,2408013,NA,NA,S,0,0,632664.9925,31.95,1996,39,4,22.54
125330,Active,2505892,NA,NA,S,1,0,641046.8313,45,1993,40,4,32.95
125331,Active,622038,NA,NA,S,2,1,65680.525,40,2006,30,15.32,26.08
125332,Active,3828767,NA,NA,S,0,0,55227.025,69.95,2016,14,48.34,49.51
125333,Active,3828770,NA,NA,S,0,0,26195.5,69.95,2016,11,46.89,49.75
125334,Active,2163872,NA,NA,S,0,0,87637.325,65.95,2015,21,33.87,52.97
125335,Active,3798685,NA,NA,S,0,0,20249.8,12.99,2012,13,8.71,10.32
125336,Active,2030504,NA,NA,S,17,1,70804.55,25.95,2015,14,14.54,16.68
125337,Active,610316,NA,NA,S,6,1,31937.0625,92.95,2013,50,33.49,73.99
125338,Active,3598535,NA,NA,S,0,0,49450.425,55,2016,14,34.23,34.24
125339,Active,614974,NA,NA,S,1,0,177978.25,129.2,2002,47,4.77,49.88
125340,Active,2166477,NA,NA,S,0,0,71957.6,22,2013,23,12.9,14.82
125341,Active,1938655,NA,NA,S,0,0,23467.825,25,2015,17,13.97,17.35
125342,Active,2099508,NA,NA,S,0,0,119257.475,22,2013,11,18.23,18.31
125343,Active,1891261,NA,NA,S,0,0,139537.55,24.99,2011,16,19.98,18.45
125344,Active,2152185,NA,NA,S,4,1,32303.8,22.95,2015,30,19.38,16.09
125345,Active,2077885,NA,NA,S,0,0,97135.525,25.95,2014,18,19.31,15.89
125346,Active,2105382,NA,NA,S,0,0,873615.8375,49,2014,16,12.95,28.7
125347,Active,3729372,NA,NA,S,18,1,24385,49.99,2016,15,31.77,33.13
125348,Active,2947943,NA,NA,S,7,1,110167.4125,34.99,2015,20,21.99,24.67
125349,Active,751002,NA,NA,S,2,1,48843.925,24.99,2008,18,13.64,16.14
125350,Active,2060249,NA,NA,S,0,0,97416.625,26.95,2014,25,10.29,16.98
125351,Active,3798434,NA,NA,S,1,0,36826.45,49.99,2011,32,23.97,34.71
125352,Active,2060630,NA,NA,S,0,0,34166.625,39.99,2013,18,19.36,22.92
125353,Active,2060616,NA,NA,S,1,0,46307.12875,39.99,2012,49,20.93,23.48
125354,Active,2060623,NA,NA,S,1,0,28615.2,39.99,2013,24,18.96,19.67
125355,Active,2060612,NA,NA,S,1,0,29732.95,39.99,2011,39,20.99,21.99
125356,Active,2060637,NA,NA,S,0,0,13408.9,39.99,2014,24,20.48,26.67
125357,Active,2060633,NA,NA,S,0,0,83513.675,29.99,2015,14,20.92,17.23
125358,Active,686739,NA,NA,S,1,0,11359.7,32.95,2011,19,28.87,27.9
125359,Active,239587,NA,NA,S,1,0,60782.825,29.95,2007,28,10.99,21.99
125360,Active,541197,NA,NA,S,2,1,406509.73,259,2004,21,9.84,141.77
125361,Active,621301,NA,NA,S,5,1,11453.71,116,2012,76,46.79,74.75
125362,Active,1437485,NA,NA,S,1,0,110247.425,45,2014,12,16.27,16.12
125363,Active,3743887,NA,NA,S,6,1,25680.65,53.99,2015,24,33.98,43.25
125364,Active,655019,NA,NA,S,1,0,111484.75,30,2013,22,17.9,20.2
125365,Active,3574565,NA,NA,S,0,0,8396.75,0,2009,45,4.49,7.98
125366,Active,2140048,NA,NA,S,2,1,167109.575,29.95,2007,20,27.27,27.74
125367,Active,1627439,NA,NA,S,0,0,219530.425,35,2015,14,23.65,22.61
125368,Active,587928,NA,NA,S,1,0,92103.35625,53.95,2013,46,23.27,44.98
125369,Active,1782931,NA,NA,S,1,0,48326.4,53.95,2013,28,17.04,22.54
125370,Active,1656045,NA,NA,S,0,0,169638.925,30.95,2007,34,8.34,33.43
125371,Active,689720,NA,NA,S,4,1,180737.9888,24,2011,23,53.9,48.32
125372,Active,1708467,NA,NA,S,1,0,177124.85,24.95,2011,19,21.99,24.95
125373,Active,1449290,NA,NA,S,1,0,164682.425,138.4,2014,54,4.99,39.83
125374,Active,1708439,NA,NA,S,0,0,701379.7638,29.95,2011,27,23.99,29.95
125375,Active,682034,NA,NA,S,1,0,19557.025,24.95,2013,23,13.91,14.97
125376,Active,1715867,NA,NA,S,0,0,158555.55,22.95,2012,19,11.98,18.68
125377,Active,1981298,NA,NA,S,2,1,720716.93,32.95,2014,16,18.43,26.12
125378,Active,2099527,NA,NA,S,0,0,19900.75,34.99,2014,8,21.8,21.79
125379,Active,1873251,NA,NA,S,0,0,42509.375,35,2011,31,13.21,26.57
125380,Active,1629115,NA,NA,S,0,0,114613.15,34.95,2008,27,7.34,13.99
125381,Active,768245,NA,NA,S,0,0,6468.725,30,2013,31,12.87,16.63
125382,Active,3598385,NA,NA,S,0,0,166906.35,85,2013,27,32.98,51.19
125383,Active,1565696,NA,NA,S,1,0,126704.85,28,2011,36,7.47,10.49
125384,Active,2032817,NA,NA,S,1,0,134813.125,30,2013,51,4.39,9.31
125385,Active,2048740,NA,NA,S,0,0,65241.575,38,2013,13,19.22,7.47
125386,Active,1535895,NA,NA,S,2,1,110998.78,36.5,2015,31,17.83,28.53
125387,Active,2116381,NA,NA,S,0,0,149544.5,34.99,2010,29,13.32,26.54
125388,Active,680299,NA,NA,S,0,0,23488.1,24.99,2008,12,11.84,17.23
125389,Active,679895,NA,NA,S,0,0,31131.775,24.95,2011,24,14.65,16.83
125390,Active,679602,NA,NA,S,0,0,38622.325,24.95,2010,24,14.8,16.96
125391,Active,1761570,NA,NA,S,1,0,28008.45,21.95,2014,15,17.43,17.78
125392,Active,651371,NA,NA,S,0,0,568678.2263,55,2011,18,33.34,36.67
125393,Active,1716630,NA,NA,S,0,0,96224.325,24.99,2010,21,11.14,14.89
125394,Active,915342,NA,NA,S,1,0,256622.6563,474.9,1987,37,25.58,108.89
125395,Active,2238235,NA,NA,S,5,1,21362.655,27.98,2009,17,28.3,26.91
125396,Active,3008441,NA,NA,S,0,0,140067.9038,16.25,2004,7,15.29,15.51
125397,Active,2250689,NA,NA,S,11,1,226215.2,87.86,2008,22,9.47,67.14
125398,Active,144830,NA,NA,S,1,0,264218.9963,64.99,2004,35,12.51,79.09
125399,Active,1448037,NA,NA,S,2,1,204698.8,26.5,2012,15,9.99,19
125400,Active,2592682,NA,NA,S,2,1,554782.9888,84.99,1989,29,4.47,72.28
125401,Active,683342,NA,NA,S,0,0,98146.125,21.95,2011,22,13.2,14.64
125402,Active,681218,NA,NA,S,2,1,33751.525,26,2012,44,13.81,19.18
125403,Active,631971,NA,NA,S,3,1,96265.425,39.95,2005,23,22.98,33
125404,Active,174042,NA,NA,S,2,1,609329.5913,99.99,1999,45,16.73,61.97
125405,Active,543747,NA,NA,S,3,1,400894.89,212.95,2013,38,43.99,112.28
125406,Active,127320,NA,NA,S,1,0,245391.8438,62.95,2011,52,18.96,47.51
125407,Active,868185,NA,NA,S,2,1,21637.49875,83.95,2014,37,46.98,54.98
125408,Active,2007726,NA,NA,S,1,0,83765.7,32.95,2011,35,11.74,27.48
125409,Active,810360,NA,NA,S,0,0,82599.575,26,2012,31,9.18,10.97
125410,Active,1691932,NA,NA,S,0,0,115333.55,22,2010,17,8.96,13.96
125411,Active,2650996,NA,NA,S,0,0,331033.2525,45,2000,43,16.7,28.94
125412,Active,623798,NA,NA,S,0,0,113375.225,34.99,2012,23,14.49,15.65
125413,Active,914300,NA,NA,S,0,0,71538.075,29,2009,27,12.09,16.98
125414,Active,1849408,NA,NA,S,0,0,82474.75,42,2014,13,16.22,15.12
125415,Active,1735173,NA,NA,S,1,0,93234.375,39.95,2009,25,13.45,28.31
125416,Active,2499413,NA,NA,S,0,0,659077.4888,3.99,2004,35,4,50.45
125417,Active,1720802,NA,NA,S,0,0,52066.325,35,2011,9,27.56,24.95
125418,Active,1936678,NA,NA,S,0,0,88032.3,39,2015,11,32.83,27.48
125419,Active,2101571,NA,NA,S,0,0,295706.7,0,2011,26,5.83,18.82
125420,Active,1724568,NA,NA,S,0,0,125167.525,35,2014,19,20.03,24.21
125421,Active,3791956,NA,NA,S,0,0,75643.625,65,2016,11,43.83,36.64
125422,Active,1695587,NA,NA,S,1,0,58220.85,60,2011,12,34.53,38.91
125423,Active,690080,NA,NA,S,0,0,44747.3,21.95,2013,6,19.78,16.63
125424,Active,3960294,NA,NA,S,1,0,36097.475,26,2015,19,17.94,19.03
125425,Active,663830,NA,NA,S,1,0,71773.7,48.99,2013,13,29.55,26.81
125426,Active,1598571,NA,NA,S,0,0,51861.6,28,2014,63,7.9,9.89
125427,Active,2090562,NA,NA,S,1,0,94405.65,62.99,2013,13,34.95,35
125428,Active,1758778,NA,NA,S,1,0,72669.7,25,2014,7,0,28.99
125429,Active,3829953,NA,NA,S,0,0,55531.325,52.99,2015,11,40.73,40.73
125430,Active,660022,NA,NA,S,2,1,235232.5638,66.95,2012,20,43.31,0
125431,Active,144557,NA,NA,S,1,0,64202.925,89.99,2003,23,23.4,48.82
125432,Active,608238,NA,NA,S,4,1,2029203.836,29.99,2008,85,4,22.87
125433,Active,685311,NA,NA,S,12,1,281960.7263,24.99,2013,95,4,8.81
125434,Active,643991,NA,NA,S,3,1,892114.5375,41.95,2009,27,18.63,40.09
125435,Active,527332,NA,NA,S,64,1,631097.0463,74.95,2009,15,6.37,17.97
125436,Active,633879,NA,NA,S,0,0,889951.6513,43.95,2012,42,6.14,12.37
125437,Active,2156244,NA,NA,S,0,0,143127.825,64,2010,13,33.99,64
125438,Active,655674,NA,NA,S,0,0,523762.9913,64,2010,22,43.98,48.98
125439,Active,569006,NA,NA,S,0,0,398988.0875,34.99,2008,29,13.12,27.97
125440,Active,1701844,NA,NA,S,1,0,176767.4,27.5,2007,25,15.98,24.99
125441,Active,2554190,NA,NA,S,0,0,373948.9913,6.99,1990,28,11.06,75.84
125442,Active,3031328,NA,NA,S,2,1,530612.9438,47.95,1993,30,6.21,39.94
125443,Active,1768251,NA,NA,S,0,0,78589.325,34.99,2014,47,28.94,29.73
125444,Active,1654822,NA,NA,S,0,0,114420.8,25.95,2014,25,5.79,5.96
125445,Active,1587491,NA,NA,S,0,0,239973.4,34.99,2007,29,7.76,21.97
125446,Active,864720,NA,NA,S,9,1,50206.685,122.25,2014,44,18.97,73.12
125447,Active,2104189,NA,NA,S,0,0,47164.475,24.95,2015,12,18.65,16.69
125448,Active,810728,NA,NA,S,0,0,46125.25,40,2011,41,5.46,6.99
125449,Active,1452770,NA,NA,S,0,0,56956.475,114.35,2015,14,22.21,68.7
125450,Active,1452778,NA,NA,S,0,0,495788.325,0,2014,6,28.98,38.99
125451,Active,3542459,NA,NA,S,0,0,102044.975,56.4,2012,29,24.16,61.98
125452,Active,1452771,NA,NA,S,0,0,167929.2,91.99,2015,12,42,46.99
125453,Active,655592,NA,NA,S,0,0,141428.3,113.25,2010,21,30.77,80.91
125454,Active,3474533,NA,NA,S,1,0,56131.75,59.93,2016,12,43.37,43.44
125455,Active,866281,NA,NA,S,0,0,226719.2525,52.8,2014,44,11.57,32.98
125456,Active,1447438,NA,NA,S,0,0,40195.45,100,2013,15,35.99,100.86
125457,Active,1823066,NA,NA,S,1,0,165555.175,28.6,2013,7,25.3,21
125458,Active,2107225,NA,NA,S,0,0,86151.95,62.99,2014,16,42.78,42.56
125459,Active,1624001,NA,NA,S,0,0,108877.375,25,2008,14,15.74,15.78
125460,Active,3802380,NA,NA,S,0,0,181161.4,24.95,2014,31,7.78,18.45
125461,Active,628675,NA,NA,S,6,1,224988.9875,179.99,2011,39,18.48,32.46
125462,Active,789689,NA,NA,S,2,1,571483.3975,249.99,2007,22,12.8,33.4
125463,Active,1936230,NA,NA,S,2,1,857762.5913,239.99,2014,30,5.26,9.08
125464,Active,644584,NA,NA,S,0,0,133080.625,89.99,2012,20,33.99,68.29
125465,Active,527319,NA,NA,S,2,1,451414.9738,199,2009,28,16.09,135.99
125466,Active,634500,NA,NA,S,3,1,589906.01,71.99,2011,32,6.77,45.77
125467,Active,2266068,NA,NA,S,13,1,125136,41.87,2013,10,37.32,41.87
125468,Active,2351165,NA,NA,S,14,1,25881,35,2016,23,24.99,31.31
125469,Active,2275540,NA,NA,S,6,1,202291,111.78,2006,12,31.71,106.56
125470,Active,1598485,NA,NA,S,1,0,57274.9,28,2015,27,4.84,7.72
125471,Active,680260,NA,NA,S,1,0,25712.75,34.95,2010,21,17.14,20.85
125472,Active,665369,NA,NA,S,1,0,513940.1763,51,2012,38,10.4,33.42
125473,Active,2085208,NA,NA,S,0,0,76667.275,26.99,2015,17,11.52,16.15
125474,Active,676973,NA,NA,S,2,1,282622.7338,29.95,2001,24,9.19,63.67
125475,Active,2045213,NA,NA,S,1,0,15434.25,49.95,2014,19,27.16,27.58
125476,Active,1491905,NA,NA,S,0,0,647613.3338,24.95,2012,27,32.88,24.95
125477,Active,2042078,NA,NA,S,0,0,112266.425,24.99,2015,16,15.63,16.59
125478,Active,861932,NA,NA,S,10,1,48298.0675,82.95,2014,38,29.22,49.87
125479,Active,246251,NA,NA,S,0,0,373686.1863,44.95,2006,34,9.02,20.98
125480,Active,1712161,NA,NA,S,1,0,447566.5713,35,2010,11,37.56,29.97
125481,Active,625730,NA,NA,S,10,1,836195.7488,71,2000,38,4,51.11
125482,Active,3800211,NA,NA,S,0,0,149196.1,34.99,2014,14,29.91,24.65
125483,Active,665044,NA,NA,S,0,0,220546.3,44.99,2012,21,23.65,42.1
125484,Active,1631708,NA,NA,S,0,0,27189.15,24.99,2015,21,11.74,13.88
125485,Active,101432,NA,NA,S,0,0,222773.88,93.3,2005,37,6.03,35.88
125486,Active,687405,NA,NA,S,0,0,93485.825,24.95,2012,20,29.97,139.49
125487,Active,2243811,NA,NA,S,0,0,76938.15,24.95,2014,13,15.97,17.97
125488,Active,2676074,NA,NA,S,1,0,468745.0225,46,1985,78,4,9.88
125489,Active,698026,NA,NA,S,5,1,529945.6913,88,2005,22,8.63,73.43
125490,Active,874088,NA,NA,S,2,1,731039.8288,63.91,2010,41,7.37,46.94
125491,Active,1984032,NA,NA,S,0,0,161.65,35,2014,16,21.88,23.01
125492,Active,3731104,NA,NA,S,0,0,12002.375,89.99,2010,26,38.99,45.98
125493,Active,1871682,NA,NA,S,0,0,28222.875,35,2011,35,8.87,12.95
125494,Active,1871906,NA,NA,S,1,0,4545.55,24.99,2014,47,11.84,14.23
125495,Active,3578251,NA,NA,S,0,0,578808.25,50,2014,42,10.92,26.92
125496,Active,2048473,NA,NA,S,0,0,63468.8,25.99,2008,22,11.97,18.09
125497,Active,2154993,NA,NA,S,0,0,28767.175,35,2007,16,20.98,20.99
125498,Active,1705441,NA,NA,S,0,0,152988.225,25,2014,57,4,7.98
125499,Active,594849,NA,NA,S,1,0,95338.925,28,2012,43,9.6,18.11
125500,Active,2015758,NA,NA,S,0,0,84824.425,28,2014,11,38.27,28
125501,Active,1523643,NA,NA,S,0,0,88766.85,25,2011,56,5.72,10.3
125502,Active,2067891,NA,NA,S,0,0,25558.8,28.99,2014,14,19.69,20.61
125503,Active,538247,NA,NA,S,1,0,21491.75,28,2011,15,14.68,14.7
125504,Active,156809,NA,NA,S,1,0,610013.5088,50.95,2001,34,4.82,32.22
125505,Active,170338,NA,NA,S,3,1,52180.925,21.95,2011,22,12.98,13.07
125506,Active,683373,NA,NA,S,0,0,25865.65,29.95,2011,17,20.97,20.97
125507,Active,631678,NA,NA,S,0,0,155337.225,120,2008,23,31.25,71.02
125508,Active,2089788,NA,NA,S,1,0,143364.975,26.95,2014,8,17.89,19.44
125509,Active,688061,NA,NA,S,0,0,33717.8,25,2010,12,18.53,18.42
125510,Active,634327,NA,NA,S,1,0,624725.4613,55,2009,27,7.97,18.58
125511,Active,339483,NA,NA,S,1,0,368146.55,100,2009,21,68.99,71.16
125512,Active,157635,NA,NA,S,1,0,320796.2888,57.95,2008,23,6.9,37.75
125513,Active,630178,NA,NA,S,2,1,263505.0838,34.5,2007,27,10.01,155.51
125514,Active,680597,NA,NA,S,1,0,158549.1,26.95,2011,22,13.98,18.07
125515,Active,1485932,NA,NA,S,0,0,155076.175,37,2015,9,32.05,32.1
125516,Active,1483842,NA,NA,S,0,0,129247.975,30,2014,15,26.25,27.64
125517,Active,3528701,NA,NA,S,0,0,216251.975,29.95,2011,29,11.09,18.99
125518,Active,661112,NA,NA,S,1,0,343569.2838,44.95,2011,24,15.1,40.35
125519,Active,1696998,NA,NA,S,0,0,15669.05,26,2015,24,9.98,9.98
125520,Active,3794084,NA,NA,S,0,0,36017.9,65,2016,12,41.49,45
125521,Active,2610080,NA,NA,S,0,0,568372.2888,49.99,1999,27,7.69,23.98
125522,Active,2896848,NA,NA,S,4,1,10866.92125,9.99,2001,54,4,5.76
125523,Active,649382,NA,NA,S,0,0,245047.67,60,1991,20,47.39,60
125524,Active,1741075,NA,NA,S,0,0,236589.025,39.95,2014,9,34.31,34.01
125525,Active,1935482,NA,NA,S,3,1,44145.8,24.95,2015,18,16.32,16.31
125526,Active,651468,NA,NA,S,0,0,66585.75,59.99,2011,16,45.74,45.77
125527,Active,1484669,NA,NA,S,0,0,228213.625,26,2008,15,26.85,23.37
125528,Active,2045202,NA,NA,S,1,0,79899.25,24.95,2013,23,12.19,15.55
125529,Active,678130,NA,NA,S,1,0,119676.7,28.99,2013,48,4.42,10.55
125530,Active,805073,NA,NA,S,0,0,55833.725,0,2007,18,9.19,10.27
125531,Active,2508759,NA,NA,S,0,0,530584.7963,35,1988,48,4,28.7
125532,Active,607548,NA,NA,S,10,1,485253.5463,89.95,2002,53,3.79,10.24
125533,Active,2012534,NA,NA,S,0,0,19926.475,35,2014,11,29.92,25.01
125534,Active,2153166,NA,NA,S,0,0,87931.25,39.99,2012,13,25.4,26.97
125535,Active,897165,NA,NA,S,6,1,428051.14,35,2014,13,14.46,35
125536,Active,3711044,NA,NA,S,1,0,124798.725,41.95,2015,18,25.98,29.93
125537,Active,903700,NA,NA,S,2,1,57351.275,24.99,2014,16,17.28,13.22
125538,Active,1647729,NA,NA,S,2,1,91474.425,22.95,2015,15,20.85,20.09
125539,Active,858850,NA,NA,S,8,1,345730.1713,24.68,2001,21,10.23,101.91
125540,Active,3634762,NA,NA,S,8,1,4071.1,22.99,2015,16,16.25,13.6
125541,Active,675696,NA,NA,S,1,0,44673.325,21.99,2010,48,7.04,8.33
125542,Active,670649,NA,NA,S,7,1,325179.73,93.99,2011,26,7.9,53.99
125543,Active,543856,NA,NA,S,13,1,32157.48125,281.95,2013,66,24.19,109.64
125544,Active,680241,NA,NA,S,0,0,78055.75,24.99,2011,37,8.72,13.97
125545,Active,1576173,NA,NA,S,2,1,107379.875,34.95,2008,15,20.51,22.44
125546,Active,1735480,NA,NA,S,2,1,68347.325,0,2011,3,48.43,0
125547,Active,2140706,NA,NA,S,2,1,194133.3663,18,2008,15,19.98,139.03
125548,Active,1932633,NA,NA,S,1,0,102219.3,21.99,2010,35,4,10.98
125549,Active,686755,NA,NA,S,0,0,25225.175,24.95,2011,17,15.96,19.25
125550,Active,613129,NA,NA,S,0,0,292836.6113,47.95,1981,98,4,30.99
125551,Active,544477,NA,NA,S,8,1,456368.065,23.95,2013,51,3.9,13.43
125552,Active,544015,NA,NA,S,12,1,29694.28375,233.5,2013,68,30.57,128.8
125553,Active,2432205,NA,NA,S,6,1,47427.61,166.67,2015,27,52.36,85.79
125554,Active,654814,NA,NA,S,1,0,667340.475,43.95,2006,25,14.17,34.59
125555,Active,3003309,NA,NA,S,1,0,116400.55,24.95,2014,13,19.52,24.82
125556,Active,877406,NA,NA,S,5,1,102346.7188,58.52,2013,25,33.91,37.79
125557,Active,428546,NA,NA,S,1,0,49936.45625,168.4,2011,63,22.98,127.64
125558,Active,597946,NA,NA,S,6,1,200721.02,82.95,2001,59,17.49,75.31
125559,Active,162756,NA,NA,S,4,1,116519.2825,37.8,2008,56,6.64,101.92
125560,Active,868502,NA,NA,S,3,1,47474.92125,251.5,2014,52,24.53,46.96
125561,Active,2107575,NA,NA,S,0,0,219560.15,35,2015,14,20.95,20.95
125562,Active,3513254,NA,NA,S,6,1,28696,33,2016,40,16.96,23.64
125563,Active,203436,NA,NA,S,1,0,129063.725,97.99,2003,59,18.16,38.99
125564,Active,248024,NA,NA,S,0,0,40549.975,54,2009,16,19.99,46.5
125565,Active,291168,NA,NA,S,0,0,387980.075,69.99,1999,22,15.41,53.57
125566,Active,864721,NA,NA,S,8,1,23414.42125,108.4,2014,103,33.69,92.53
125567,Active,611994,NA,NA,S,7,1,31865.13375,138.95,2014,59,52.37,93.98
125568,Active,157883,NA,NA,S,1,0,805382.3013,65.95,1999,51,4,25.41
125569,Active,3775983,NA,NA,S,5,1,17543,105,2016,36,53.99,73.98
125570,Active,214374,NA,NA,S,5,1,127420.625,24.95,2009,21,16.93,20.52
125571,Active,203306,NA,NA,S,1,0,110688.25,74.99,1999,37,12.41,64.45
125572,Active,867721,NA,NA,S,4,1,131812.0513,67,2014,37,12.89,53.99
125573,Active,287132,NA,NA,S,1,0,137263.975,44.95,2009,23,10.18,35.98
125574,Active,2151764,NA,NA,S,0,0,87118.975,24.95,2014,13,17.72,17.73
125575,Active,1891247,NA,NA,S,0,0,102588.75,24.99,2015,8,22.89,15.56
125576,Active,792022,NA,NA,S,0,0,175765.875,24.99,2011,6,23.83,20.64
125577,Active,2543209,NA,NA,S,3,1,320123.1225,55.95,2005,26,6.75,44.38
125578,Active,2781441,NA,NA,S,3,1,798997.255,48,1991,31,17.45,52.97
125579,Active,537211,NA,NA,S,0,0,36586.35,22,2012,18,15.97,14.73
125580,Active,626623,NA,NA,S,5,1,13676.11625,145.95,2013,69,53.48,68.99
125581,Active,2147585,NA,NA,S,0,0,53619.675,25,2009,25,12.36,22.91
125582,Active,625335,NA,NA,S,1,0,179176.4063,69.95,2008,28,9.99,53.79
125583,Active,913094,NA,NA,S,3,1,236658.6113,107,2013,37,15.46,51.57
125584,Active,3804010,NA,NA,S,0,0,51861.875,62.99,2013,19,37.19,37.19
125585,Active,1455741,NA,NA,S,1,0,103520.4,24.99,2014,16,17.06,17.31
125586,Active,1871884,NA,NA,S,0,0,108062.7,30,2012,31,13.11,18.56
125587,Active,2204370,NA,NA,S,0,0,147040.6,59.95,2013,15,37.67,44.98
125588,Active,881383,NA,NA,S,0,0,59879.925,27.99,2015,16,18.33,17.72
125589,Active,2021329,NA,NA,S,0,0,15946.375,30,2009,28,18.55,19.03
125590,Active,2021269,NA,NA,S,1,0,22336.9,35,2007,27,15.82,21.07
125591,Active,778023,NA,NA,S,0,0,8340.45,40,2012,12,27.13,27.12
125592,Active,572413,NA,NA,S,1,0,28519.65,26,2008,19,14.38,16.65
125593,Active,1602469,NA,NA,S,2,1,12394.5,21,2011,25,13.97,11.03
125594,Active,767718,NA,NA,S,0,0,69360.325,29,2012,19,13.27,13.58
125595,Active,767708,NA,NA,S,0,0,136733.825,35,2013,15,12.62,13.97
125596,Active,572346,NA,NA,S,1,0,50236.825,35,2011,19,15.87,15.46
125597,Active,1602052,NA,NA,S,0,0,38024.925,30,2015,15,21.74,19.56
125598,Active,3583995,NA,NA,S,0,0,122513.025,50,2009,14,30.79,31.13
125599,Active,1464781,NA,NA,S,0,0,626942.965,16.95,2010,52,4.39,6.98
125600,Active,3816568,NA,NA,S,0,0,105340.575,24.95,2014,27,4.77,15.86
125601,Active,3960035,NA,NA,S,1,0,8635.7,30,2015,28,11.48,10.98
125602,Active,2896353,NA,NA,S,2,1,84318.77,9,1977,66,4.39,8.55
125603,Active,688585,NA,NA,S,0,0,520390.3438,24.95,2011,32,8.45,16.56
125604,Active,1677346,NA,NA,S,0,0,19160.7975,9.99,2007,173,4,6.84
125605,Active,538260,NA,NA,S,3,1,347224.1575,94,2012,59,8.58,18.79
125606,Active,1562846,NA,NA,S,3,1,889601.2863,43.04,2007,23,8.08,30.87
125607,Active,862223,NA,NA,S,8,1,3398.0825,110,2014,137,43.37,70
125608,Active,635654,NA,NA,S,2,1,221109.9588,77.95,2012,35,17.1,52.67
125609,Active,499511,NA,NA,S,2,1,72866.85875,78.95,2010,42,21.13,47.17
125610,Active,380510,NA,NA,S,2,1,731633.8375,115.95,2011,20,18.06,65.26
125611,Active,592325,NA,NA,S,2,1,630575.0038,142,2007,57,6.25,69.99
125612,Active,687894,NA,NA,S,1,0,74148.3,28,2013,22,20.59,25.27
125613,Active,538228,NA,NA,S,1,0,232821,61,2011,23,14.97,17.68
125614,Active,617339,NA,NA,S,2,1,756685.89,35.95,2008,50,7.73,29.98
125615,Active,610346,NA,NA,S,2,1,91998.70875,81.95,2012,47,20.53,34.36
125616,Active,3792374,NA,NA,S,2,1,403365.125,39.95,2005,26,4.01,13.99
125617,Active,902503,NA,NA,S,3,1,503300.72,67,2014,23,10.19,43.75
125618,Active,2023109,NA,NA,S,4,1,85927.175,33.95,2014,26,22.58,32.58
125619,Active,546423,NA,NA,S,3,1,358643.6838,53,2010,49,13.14,0
125620,Active,546321,NA,NA,S,0,0,69211.35,39.95,2010,26,23.96,33.98
125621,Active,3528740,NA,NA,S,1,0,427706.6,41.95,2012,57,13.98,32.65
125622,Active,1647489,NA,NA,S,1,0,149226.125,24.95,2015,12,22.88,20.66
125623,Active,2086937,NA,NA,S,0,0,271459.6488,39.95,2014,19,29.99,34.75
125624,Active,454348,NA,NA,S,1,0,235452.25,29.99,2008,17,28.95,29.53
125625,Active,617169,NA,NA,S,0,0,35048.85,35,2007,17,21.27,26.19
125626,Active,2050564,NA,NA,S,0,0,199220.95,29.99,2013,8,20.08,20.79
125627,Active,3498913,NA,NA,S,0,0,187406.725,44.99,2015,13,25.98,27.56
125628,Active,2110659,NA,NA,S,12,1,136640.125,23.99,2013,18,11.01,16.9
125629,Active,1768670,NA,NA,S,0,0,629015.5475,39.99,2014,13,39.01,37.68
125630,Active,2235994,NA,NA,S,0,0,86819.775,24,2014,21,16.8,17.36
125631,Active,1627316,NA,NA,S,0,0,133794.475,35,2014,15,23.95,23.53
125632,Active,564488,NA,NA,S,1,0,442640.7288,51.95,1998,34,4.23,42.45
125633,Active,184434,NA,NA,S,1,0,410653.7525,61.95,2002,41,9.64,27.94
125634,Active,527267,NA,NA,S,1,0,769838.9375,17.95,2010,40,7.71,13.19
125635,Active,2377569,NA,NA,S,2,1,436915.8238,38.6,1996,39,4.06,28.99
125636,Active,133281,NA,NA,S,6,1,164480.3438,123,2010,57,25.14,72
125637,Active,527266,NA,NA,S,6,1,89053.65125,123.2,2010,33,34.44,83.31
125638,Active,114661,NA,NA,S,3,1,350191.2338,115.2,2002,43,9.77,96.23
125639,Active,198171,NA,NA,S,2,1,527515.5125,68.25,2011,20,4,49.88
125640,Active,690458,NA,NA,S,1,0,212668.97,22.95,2012,22,14.11,17.12
125641,Active,637178,NA,NA,S,0,0,642803.1925,41,2008,41,7.88,28.83
125642,Active,2612398,NA,NA,S,0,0,746951.7963,44.99,2000,25,6.98,37.9
125643,Active,2648705,NA,NA,S,1,0,408440.2563,51.95,2002,29,7.85,34.99
125644,Active,3634510,NA,NA,S,4,1,579034.3,24.95,2015,17,21.2,18.71
125645,Active,2126461,NA,NA,S,1,0,155221.775,46.95,2008,16,37.96,36.62
125646,Active,149382,NA,NA,S,1,0,183712.95,66,2003,20,28.7,42.47
125647,Active,202502,NA,NA,S,2,1,774357.2538,148.5,2001,27,11.74,108.11
125648,Active,254923,NA,NA,S,0,0,162650.4,49.95,2009,22,20.56,48.79
125649,Active,1920013,NA,NA,S,1,0,205289.65,27.95,2011,19,17.49,18.98
125650,Active,1627184,NA,NA,S,0,0,95044.875,39.95,2009,39,28.48,23.97
125651,Active,681427,NA,NA,S,2,1,91751.65,23,2011,29,12.66,19.78
125652,Active,2659771,NA,NA,S,1,0,723983.5463,29.99,1982,71,4,57.09
125653,Active,246542,NA,NA,S,1,0,567537.5525,69.95,2009,33,6.39,41.96
125654,Active,626980,NA,NA,S,2,1,520963.7875,35.95,2004,36,9.82,29.93
125655,Active,630264,NA,NA,S,1,0,596569.7663,61.95,2004,50,6.5,7.98
125656,Active,184899,NA,NA,S,2,1,31623.875,32,2007,22,14.47,20.5
125657,Active,169111,NA,NA,S,1,0,111130.375,78.95,2005,24,43.89,58.99
125658,Active,591619,NA,NA,S,1,0,270674.4388,62.95,2005,43,6.79,40.67
125659,Active,625039,NA,NA,S,0,0,808546.8813,49.95,2007,25,15.28,46.99
125660,Active,184274,NA,NA,S,1,0,281789.7463,61.95,2003,29,5.57,44.48
125661,Active,298145,NA,NA,S,1,0,292555.1638,64.95,2009,28,16.18,41.42
125662,Active,624204,NA,NA,S,1,0,116530.0275,43.95,2006,32,8.77,33.52
125663,Active,909079,NA,NA,S,3,1,365527.48,43.95,2012,36,15.79,34.73
125664,Active,644754,NA,NA,S,1,0,407008.1563,44.95,2011,22,19.94,29.71
125665,Active,1560088,NA,NA,S,1,0,794676.19,41.95,2010,34,18.14,36.09
125666,Active,628425,NA,NA,S,0,0,389706.93,50,1992,31,8.42,38.46
125667,Active,2648758,NA,NA,S,1,0,496736.325,66.95,2003,27,4.28,41.96
125668,Active,184298,NA,NA,S,1,0,383707.605,66.95,1999,29,11.98,33.94
125669,Active,156535,NA,NA,S,0,0,628435.25,39.95,1999,26,4,0
125670,Active,764821,NA,NA,S,3,1,771555.2438,92.95,1997,36,4,14.16
125671,Active,3100200,NA,NA,S,2,1,646635.455,43,2003,23,16.26,41
125672,Active,689000,NA,NA,S,1,0,98297.35,24.95,2013,15,18.74,24.95
125673,Active,156948,NA,NA,S,0,0,603488.65,40.95,2001,29,11.98,38.98
125674,Active,659027,NA,NA,S,1,0,588161.145,41.95,2003,32,15.99,33.82
125675,Active,3479700,NA,NA,S,1,0,161351.375,79.95,2015,36,40.44,71.78
125676,Active,684771,NA,NA,S,5,1,197046.6538,24.95,2012,58,10.75,21.03
125677,Active,865321,NA,NA,S,4,1,99826.8,27.95,2014,16,20,24.17
125678,Active,3553777,NA,NA,S,1,0,11257.075,24.95,2015,19,13.48,14.56
125679,Active,872688,NA,NA,S,4,1,39632.37875,77.95,2015,42,33.34,52.53
125680,Active,876864,NA,NA,S,6,1,7386.38875,84.99,2015,47,47.54,50.14
125681,Active,3801392,NA,NA,S,1,0,93700.025,62.99,2013,9,32.53,34.23
125682,Active,878346,NA,NA,S,6,1,35808.93625,76.99,2015,27,51.96,62.2
125683,Active,690463,NA,NA,S,1,0,20587.275,29.95,2012,12,20.84,20.99
125684,Active,617350,NA,NA,S,2,1,72489.90625,74.2,2012,46,31.28,54.97
125685,Active,184528,NA,NA,S,0,0,329771.2725,66.95,2003,23,13.99,39.52
125686,Active,621089,NA,NA,S,2,1,258323.11,132,1991,28,4.3,76.54
125687,Active,269533,NA,NA,S,3,1,161490.595,55,2005,23,11.04,0
125688,Active,1779246,NA,NA,S,1,0,68038.35,22.99,2013,14,13.68,16.16
125689,Active,1487265,NA,NA,S,2,1,483800.025,42,2013,16,33.98,38.11
125690,Active,1456293,NA,NA,S,1,0,115828.45,29.99,2015,15,18.71,19.72
125691,Active,3473622,NA,NA,S,1,0,8788.775,49.99,2015,7,27.88,12
125692,Active,3824693,NA,NA,S,0,0,43897,50,2015,15,27.93,32.19
125693,Active,2167834,NA,NA,S,0,0,93468.05,24.95,2012,18,20.84,24.65
125694,Active,527252,NA,NA,S,2,1,147557.65,24.99,2010,36,5.03,7.29
125695,Active,3960788,NA,NA,S,8,1,124900,47.22,2016,8,42.67,47.21
125696,Active,135516,NA,NA,S,4,1,590440.73,27.95,2008,26,6.31,49.64
125697,Active,3579593,NA,NA,S,1,0,63633.125,39.95,2016,12,33.88,39.95
125698,Active,685928,NA,NA,S,1,0,89407.9,29.99,2013,14,13.03,13.05
125699,Active,916171,NA,NA,S,0,0,700735.87,50,1996,25,9.21,35.01
125700,Active,1737598,NA,NA,S,3,1,99396.08,29.8,2015,16,20.6,21.93
125701,Active,2139362,NA,NA,S,0,0,67761.05,29.95,2011,15,11.77,22.98
125702,Active,688031,NA,NA,S,4,1,66976.925,24.95,2011,15,16.98,19.69
125703,Active,3602909,NA,NA,S,0,0,57189.425,75,2015,17,44.68,46.5
125704,Active,683973,NA,NA,S,0,0,158247,24.95,2009,37,6.56,17.58
125705,Active,637779,NA,NA,S,0,0,31782.425,39.95,2012,24,19.87,25.96
125706,Active,558379,NA,NA,S,4,1,631997.76,33.95,2007,36,8.49,36.18
125707,Active,3797121,NA,NA,S,0,0,60691.3,49.95,2015,14,34.24,34.24
125708,Active,2048376,NA,NA,S,0,0,17422.7,21.95,2014,17,15.94,17.47
125709,Active,749733,NA,NA,S,1,0,131874.1,29.99,2007,32,4.76,16.82
125710,Active,663695,NA,NA,S,0,0,120386.9,49.95,2013,13,34.98,33.45
125711,Active,687301,NA,NA,S,1,0,52560.675,29.99,2013,18,20.38,20.34
125712,Active,624964,NA,NA,S,1,0,106980.75,39.99,2010,29,10.76,18.98
125713,Active,1455089,NA,NA,S,1,0,111581.9,49.99,2014,19,23.13,31.08
125714,Active,681835,NA,NA,S,1,0,148816.175,29.99,2011,48,4.77,6.48
125715,Active,685388,NA,NA,S,1,0,108542.375,29.99,2012,38,5.38,11.46
125716,Active,1780055,NA,NA,S,1,0,84834.45,39.99,2013,11,14.96,10.63
125717,Active,1932499,NA,NA,S,1,0,73924.75,44.99,2013,28,6.19,21.99
125718,Active,677756,NA,NA,S,1,0,197732.3,29.99,2010,57,3.98,8.44
125719,Active,635680,NA,NA,S,0,0,70948.5,35,2012,22,17.99,22.61
125720,Active,1517580,NA,NA,S,1,0,64839.6,39.99,2013,14,19.61,25.03
125721,Active,777151,NA,NA,S,0,0,603311.0463,45,2002,46,4,11.95
125722,Active,3925852,NA,NA,S,0,0,86687.9,55,1900,9,41.81,40.07
125723,Active,680889,NA,NA,S,1,0,17040.725,24.99,2010,13,16.24,16.48
125724,Active,649546,NA,NA,S,1,0,82369.675,44.99,2013,22,27.9,27.81
125725,Active,891914,NA,NA,S,2,1,184695,53,2007,17,27.98,53
125726,Active,1733754,NA,NA,S,0,0,182722.425,0,2013,19,4.73,6.96
125727,Active,867445,NA,NA,S,8,1,20862.24875,71.95,2014,38,48.99,61.93
125728,Active,527238,NA,NA,S,4,1,498908.4,94.99,2008,33,11.55,67.54
125729,Active,1996752,NA,NA,S,0,0,104722.05,34.99,2014,8,34.42,31.49
125730,Active,642054,NA,NA,S,4,1,90226.83875,125.95,2013,25,24.69,50.27
125731,Active,194032,NA,NA,S,1,0,52698.05,84,2004,24,41.97,62.16
125732,Active,2924581,NA,NA,S,25,1,205917.65,64,2015,15,26.94,43.99
125733,Active,871853,NA,NA,S,1,0,635937.2988,11.95,2014,17,10.33,8.44
125734,Active,895047,NA,NA,S,0,0,58397.4425,0,2005,17,33.44,33.43
125735,Active,581151,NA,NA,S,0,0,778550.9113,67,2006,22,5.26,44.97
125736,Active,577068,NA,NA,S,1,0,154149.25,68.16,2012,33,22.59,53.52
125737,Active,861586,NA,NA,S,8,1,100381.0113,143.95,2013,32,19.48,31.22
125738,Active,880698,NA,NA,S,7,1,543.8925,125,2015,92,49.9,73.99
125739,Active,556058,NA,NA,S,2,1,139549.7325,107.95,1988,38,17.48,74.15
125740,Active,541662,NA,NA,S,4,1,837940.4388,64.03,2007,29,4,44.87
125741,Active,862226,NA,NA,S,2,1,103870.1813,168.25,2014,42,18.27,33.16
125742,Active,875224,NA,NA,S,2,1,403745.8575,118.25,2014,27,13.57,84.55
125743,Active,551412,NA,NA,S,0,0,47640.275,108.84,2011,26,57.83,113.94
125744,Active,633742,NA,NA,S,6,1,5523.63625,119.95,2013,50,49.87,80.97
125745,Active,891823,NA,NA,S,0,0,440024.215,23.98,2007,17,16.34,26.51
125746,Active,548020,NA,NA,S,2,1,662022.1213,202.95,1995,40,4,50.13
125747,Active,2040644,NA,NA,S,0,0,192489,61,2008,39,10.8,43.99
125748,Active,527217,NA,NA,S,3,1,117609.61,245.95,2008,42,14.72,44.94
125749,Active,637732,NA,NA,S,1,0,138442.425,34.99,2012,13,13.98,22.65
125750,Active,210995,NA,NA,S,3,1,270578.6688,74.95,2009,50,18.49,43.9
125751,Active,869503,NA,NA,S,0,0,317737.7588,89.95,2015,37,7.69,12.98
125752,Active,3033705,NA,NA,S,0,0,85840,97.95,2016,25,25.69,30.16
125753,Active,864038,NA,NA,S,0,0,68080.725,36.95,2011,16,26.99,28.19
125754,Active,897119,NA,NA,S,0,0,775634.8575,107.11,2012,14,4.22,54.97
125755,Active,612989,NA,NA,S,0,0,159277.1663,153.25,2002,118,4,22.76
125756,Active,620456,NA,NA,S,1,0,263773.1125,214.95,1967,28,4.92,180.38
125757,Active,569532,NA,NA,S,3,1,180959.965,238.95,2002,52,8.09,60.66
125758,Active,619844,NA,NA,S,7,1,87034.14875,191.5,2005,56,49.1,82.1
125759,Active,527193,NA,NA,S,4,1,108278.6613,18.99,2009,92,4.13,0
125760,Active,3084162,NA,NA,S,0,0,209875.675,66.85,2004,50,4.97,52.35
125761,Active,3596867,NA,NA,S,0,0,99796.975,79.95,2015,16,58.27,56.57
125762,Active,2312628,NA,NA,S,4,1,594662.1163,72.5,1996,41,4.06,22.28
125763,Active,878910,NA,NA,S,1,0,284750.77,189.6,2003,23,21.82,185.67
125764,Active,114115,NA,NA,S,3,1,423783.4813,55.8,2000,27,7.72,41.49
125765,Active,544541,NA,NA,S,9,1,113749.0825,203.95,2013,37,48.99,63.94
125766,Active,298743,NA,NA,S,6,1,757825.2113,57.75,2007,23,11.44,18.53
125767,Active,118542,NA,NA,S,4,1,27371.5725,165.2,2007,53,43.63,120.22
125768,Active,561461,NA,NA,S,3,1,153735.0063,52,2012,49,15.19,15.76
125769,Active,527205,NA,NA,S,3,1,191528.1013,52,2012,32,14.88,43.99
125770,Active,3835853,NA,NA,S,0,0,56429,49.99,2015,17,44.1,38.82
125771,Active,113224,NA,NA,S,1,0,69343.7575,40.95,2011,66,16.13,25.09
125772,Active,57436,NA,NA,S,2,1,797761.545,236.95,1997,27,4.13,43.99
125773,Active,672859,NA,NA,S,0,0,16338.0325,16,2012,148,5.73,10.98
125774,Active,480720,NA,NA,S,1,0,632758.26,45,2010,30,8.52,28.47
125775,Active,3739156,NA,NA,S,5,1,372671.75,19.99,2015,12,18.91,16.5
125776,Active,1517114,NA,NA,S,4,1,359323.625,196.93,2013,31,22.09,71.97
125777,Active,608360,NA,NA,S,4,1,443461.4288,11.99,1992,54,4,20
125778,Active,706986,NA,NA,S,0,0,286116.8088,52.93,2002,28,5.98,28.98
125779,Active,1517126,NA,NA,S,0,0,98695.48125,8.94,2013,49,4.99,11.26
125780,Active,592309,NA,NA,S,2,1,493940.7613,44.95,2004,43,4,23.99
125781,Active,1780495,NA,NA,S,1,0,16332.825,34.99,2014,16,22.64,22.65
125782,Active,254195,NA,NA,S,6,1,152830.6988,79.95,2010,20,30.99,0
125783,Active,735731,NA,NA,S,1,0,721513.81,24.99,2010,30,4,32.16
125784,Active,678824,NA,NA,S,2,1,64607.20625,29.95,1997,65,14.71,19.86
125785,Active,2249262,NA,NA,S,0,0,37990.55,54.95,2006,2,48.99,50.36
125786,Active,170230,NA,NA,S,7,1,166429.9063,216.95,2011,29,24.84,156.77
125787,Active,3602911,NA,NA,S,0,0,26861.1,85,2015,14,56.98,49.24
125788,Active,2067895,NA,NA,S,0,0,89045.325,24.99,2015,13,16.89,16.89
125789,Active,214745,NA,NA,S,0,0,455293.8413,23,2003,35,5.25,17.94
125790,Active,1932797,NA,NA,S,0,0,38360.45,40,2013,47,12.74,16.21
125791,Active,1508643,NA,NA,S,1,0,46780.9,26,2015,28,10.44,16.99
125792,Active,2077834,NA,NA,S,0,0,56259.775,29.95,2014,13,20.14,18.99
125793,Active,2214059,NA,NA,S,1,0,27106.95,29.99,2013,13,20.99,21.8
125794,Active,622686,NA,NA,S,0,0,84257.85,35,2009,32,13.71,20.99
125795,Active,3829346,NA,NA,S,1,0,12521.45,49.95,2016,16,32.53,32.55
125796,Active,2043837,NA,NA,S,0,0,120841.775,24.99,2014,21,7.03,6.37
125797,Active,1715819,NA,NA,S,0,0,233528.575,27.95,2012,12,32.77,24.96
125798,Active,591634,NA,NA,S,1,0,625445.0638,41.95,2010,35,4,25.99
125799,Active,2026981,NA,NA,S,0,0,86948.175,25.95,2013,23,3.99,15.45
125800,Active,2015308,NA,NA,S,1,0,25557.35,24.95,2014,29,12.7,15.84
125801,Active,1990335,NA,NA,S,0,0,207560.6,24.99,2015,30,6.46,12.97
125802,Active,1964531,NA,NA,S,1,0,127368.45,29.95,2014,17,28.43,29.94
125803,Active,1675221,NA,NA,S,1,0,5111.95,24.99,2015,15,21.46,20.29
125804,Active,2406596,NA,NA,S,1,0,737605.7375,74,1996,35,4,26.99
125805,Active,1935437,NA,NA,S,2,1,19466.275,22.95,2014,15,13.98,17.46
125806,Active,3282824,NA,NA,S,0,0,786673.8888,49.86,2007,29,7.63,49.84
125807,Active,624648,NA,NA,S,0,0,55296.65,36.99,2013,23,19.66,21.91
125808,Active,390423,NA,NA,S,0,0,94726.225,24.95,2009,34,11.47,20.94
125809,Active,2098762,NA,NA,S,0,0,17805.9,24.95,2013,19,17.99,18.12
125810,Active,2006478,NA,NA,S,0,0,129285.625,22,2014,14,13.24,15.57
125811,Active,1437251,NA,NA,S,1,0,160923.65,22,2012,20,10.29,15.11
125812,Active,546353,NA,NA,S,0,0,52193.175,24.99,2009,28,12.61,16.26
125813,Active,3832772,NA,NA,S,0,0,509659.3,39,2015,11,27.92,26.94
125814,Active,386607,NA,NA,S,0,0,34173.25,35,2009,31,17.49,20.08
125815,Active,154058,NA,NA,S,4,1,57910.7325,114,2011,57,46.39,53.99
125816,Active,3882948,NA,NA,S,0,0,103864.25,59.99,2011,22,39.55,40.55
125817,Active,3751594,NA,NA,S,0,0,184789.05,45,2015,15,34.57,33.49
125818,Active,2277571,NA,NA,S,4,1,49553.55,0,2013,0,0,7.48
125819,Active,3883000,NA,NA,S,0,0,43641.35,69.99,2015,21,39.99,45.92
125820,Active,672076,NA,NA,S,1,0,2514.075,23,2011,34,13.96,12.3
125821,Active,1629472,NA,NA,S,2,1,287229.3825,16.95,2013,58,4,13.13
125822,Active,2085883,NA,NA,S,0,0,484230.2125,62.99,2013,22,43.1,42.38
125823,Active,1748604,NA,NA,S,7,1,567362.93,24.99,2007,53,4,70.89
125824,Active,689903,NA,NA,S,0,0,128649.65,34,2012,21,6.49,31.83
125825,Active,625345,NA,NA,S,0,0,119333.5,49.95,2008,19,15.98,27.2
125826,Active,2103831,NA,NA,S,1,0,16041.55,26.95,2014,14,19.99,18.76
125827,Active,2116395,NA,NA,S,1,0,59496.95,34.99,2014,23,16.36,23.93
125828,Active,3462643,NA,NA,S,13,1,16915,44.99,2016,15,23.62,28.53
125829,Active,679242,NA,NA,S,1,0,170279.875,26.95,2012,61,4,6.49
125830,Active,173747,NA,NA,S,1,0,399801.4463,105,2007,26,14.63,91.93
125831,Active,1483988,NA,NA,S,0,0,54176.375,45,2015,18,31.13,31.98
125832,Active,664263,NA,NA,S,1,0,118998.65,97.25,2013,20,38.03,79.13
125833,Active,132713,NA,NA,S,4,1,354094.925,104.8,2009,36,33.99,78.37
125834,Active,544465,NA,NA,S,5,1,78206.18625,126.95,2013,41,53.98,96.05
125835,Active,658264,NA,NA,S,2,1,623865.5888,75,2012,23,17.03,34.97
125836,Active,670130,NA,NA,S,11,1,753990.9825,62.9,2011,26,4,0
125837,Active,1491166,NA,NA,S,0,0,131088.35,29,2012,13,18.94,19.97
125838,Active,682853,NA,NA,S,0,0,144028.675,24.95,2010,12,25.51,19.82
125839,Active,275645,NA,NA,S,1,0,38728.525,62,2002,23,27.99,58.4
125840,Active,2827421,NA,NA,S,0,0,415257.605,129,1991,25,47.57,97.08
125841,Active,2039821,NA,NA,S,1,0,29144.5,26,2014,17,18.46,18.47
125842,Active,2085896,NA,NA,S,0,0,90955.95,62.99,2013,6,36.97,36.97
125843,Active,112746,NA,NA,S,5,1,66053.6725,96.95,2005,83,39.69,63.94
125844,Active,832868,NA,NA,S,2,1,798942.3263,95.95,1998,36,4.13,43.99
125845,Active,1433663,NA,NA,S,0,0,97319.75,29.99,2014,17,17.66,19.42
125846,Active,186627,NA,NA,S,0,0,731794.8113,22,2011,20,15.42,21.24
125847,Active,639748,NA,NA,S,0,0,15806.375,39.95,2013,15,28.29,26.7
125848,Active,3624582,NA,NA,S,0,0,148513.575,55,2016,11,35.04,35.23
125849,Active,2042027,NA,NA,S,1,0,68690.15,24.99,2014,20,15.89,15.9
125850,Active,2162523,NA,NA,S,0,0,15776.925,32.95,2011,34,15.5,20.97
125851,Active,2067931,NA,NA,S,0,0,106938.25,24.95,2011,23,12.66,13.99
125852,Active,2091519,NA,NA,S,0,0,108007.675,21.95,2014,20,6.62,6.97
125853,Active,2067941,NA,NA,S,4,1,122815.2325,34.95,2013,21,24.87,23.92
125854,Active,3010819,NA,NA,S,0,0,97879.89125,19.95,1994,53,9.58,22.43
125855,Active,3578725,NA,NA,S,1,0,64228.975,45,2014,15,26.99,28.01
125856,Active,2814415,NA,NA,S,0,0,810174.9638,59,2003,34,17.69,49.61
125857,Active,676342,NA,NA,S,1,0,6153.95,24.99,2012,58,9.18,9.98
125858,Active,1446487,NA,NA,S,1,0,99072.925,44.95,2013,13,37.26,38.84
125859,Active,2302408,NA,NA,S,1,0,319794.55,6.4,1952,72,4,6.6
125860,Active,2595419,NA,NA,S,0,0,399003.0563,34.99,1993,22,15.51,30.22
125861,Active,920278,NA,NA,S,1,0,108426.525,24.95,2009,47,4,12.92
125862,Active,131762,NA,NA,S,1,0,156849.15,130.4,2004,33,29.54,59.95
125863,Active,3748961,NA,NA,S,2,1,53225,25,2016,13,19.8,21.55
125864,Active,1508890,NA,NA,S,1,0,82014.05,30,2014,42,4,10.88
125865,Active,1769144,NA,NA,S,1,0,785770.155,39.99,2013,18,31.21,28.97
125866,Active,3557052,NA,NA,S,2,1,306245.05,29.95,2008,10,21.97,29.93
125867,Active,1670695,NA,NA,S,0,0,232152.25,24,2012,65,6.85,11.99
125868,Active,1856732,NA,NA,S,0,0,161494.825,29.97,2011,23,4,21.98
125869,Active,190029,NA,NA,S,0,0,200415.55,43.95,2009,23,14.35,29.37
125870,Active,2034071,NA,NA,S,0,0,26457.9,22.95,2011,38,9.72,14.98
125871,Active,2046809,NA,NA,S,0,0,36289.7,27,2014,32,13.63,13.64
125872,Active,1693329,NA,NA,S,0,0,353961.7588,18.95,2009,23,13.68,18.96
125873,Active,3623631,NA,NA,S,1,0,96763.775,24.99,2013,17,7.98,13.98
125874,Active,626368,NA,NA,S,1,0,157136.175,83,2007,52,30.26,53.97
125875,Active,1720740,NA,NA,S,0,0,95137.05,25,2013,27,16.89,18.3
125876,Active,138796,NA,NA,S,1,0,303163.76,50,1998,32,10.37,24
125877,Active,677932,NA,NA,S,1,0,3792.025,30,2013,49,10.48,13.87
125878,Active,648279,NA,NA,S,0,0,645396.36,84.95,2006,25,7.07,57.23
125879,Active,2043769,NA,NA,S,0,0,149912.575,40,2013,23,6.74,7.43
125880,Active,2043797,NA,NA,S,0,0,90686.7,24.99,2013,20,16.74,17.01
125881,Active,2043801,NA,NA,S,0,0,135687.425,29.99,2013,9,18.81,18.82
125882,Active,1675356,NA,NA,S,0,0,274292.4988,59.99,2009,7,43.98,59.99
125883,Active,1772705,NA,NA,S,4,1,97252.88875,240.25,2011,23,41.81,188.19
125884,Active,55696,NA,NA,S,4,1,14039.74125,252.95,2011,101,19.84,51.31
125885,Active,1433565,NA,NA,S,0,0,73099.3,26.99,2015,30,9.82,15.77
125886,Active,2046471,NA,NA,S,0,0,86267.275,23.99,2014,18,14.07,17.81
125887,Active,623456,NA,NA,S,0,0,430.475,35,2011,32,18.99,19.86
125888,Active,2079706,NA,NA,S,1,0,1832.075,35,2014,22,15.55,19.21
125889,Active,736698,NA,NA,S,0,0,16347.3,26.97,2007,33,10.48,18.47
125890,Active,1504861,NA,NA,S,0,0,29076.45,26.97,2007,41,9.98,16.28
125891,Active,736699,NA,NA,S,0,0,75038.85,26.97,2007,61,8.13,13.98
125892,Active,734786,NA,NA,S,0,0,75307.1,26.97,2010,25,13.17,16.45
125893,Active,1500401,NA,NA,S,1,0,621651.7575,215.4,2008,648,3.5,4
125894,Active,3786201,NA,NA,S,0,0,41872.125,21.95,2009,35,10.97,12.89
125895,Active,1840557,NA,NA,S,1,0,331293.4138,43.95,2008,24,14.19,33.8
125896,Active,1618944,NA,NA,S,0,0,154825.475,21.99,2012,22,12.01,19.49
125897,Active,684689,NA,NA,S,1,0,100658.05,27.95,2013,26,14.17,20.81
125898,Active,2065216,NA,NA,S,0,0,83438.95,24.95,2012,19,14.59,18.17
125899,Active,665015,NA,NA,S,8,1,1081.16375,99,2013,44,47.38,65.23
125900,Active,109520,NA,NA,S,3,1,58876.37,83,2007,81,29.76,47.21
125901,Active,2237350,NA,NA,S,2,1,72623.55,24,2013,7,24.13,23.39
125902,Active,192803,NA,NA,S,3,1,493509.9288,65.95,2000,18,12.48,41.37
125903,Active,743298,NA,NA,S,3,1,635932.7375,15.95,2001,22,4.73,0
125904,Active,527153,NA,NA,S,4,1,847844.7988,40.95,2009,17,16.98,20.01
125905,Active,516956,NA,NA,S,0,0,33176.6,29.95,2012,15,24.92,22.44
125906,Active,527149,NA,NA,S,6,1,114309.1538,46.95,2008,22,23.99,24.74
125907,Active,619136,NA,NA,S,1,0,676102.28,66.8,2005,26,8.05,51.33
125908,Active,2100285,NA,NA,S,0,0,88095.525,24.95,2014,20,17.46,17.91
125909,Active,634977,NA,NA,S,0,0,24121.075,32,2011,15,15.97,15.98
125910,Active,685999,NA,NA,S,1,0,89949.85,29.95,2012,21,19.38,21.12
125911,Active,3743864,NA,NA,S,1,0,118582.575,54.99,2015,17,26.59,25.94
125912,Active,128472,NA,NA,S,3,1,710426.3413,12.95,2006,32,4.4,47.05
125913,Active,683025,NA,NA,S,0,0,89038.0475,21.95,2013,36,9.1,15.01
125914,Active,685178,NA,NA,S,0,0,127539.5663,25,2007,15,30.98,0
125915,Active,2142142,NA,NA,S,5,1,780234.8163,14.95,2009,27,12.44,43.94
125916,Active,678498,NA,NA,S,1,0,41788.05,33.95,2009,19,18.81,24.56
125917,Active,750763,NA,NA,S,2,1,51310.625,26.99,2008,30,9.79,12.48
125918,Active,2666390,NA,NA,S,0,0,710062.7763,25,1996,34,8.32,48.69
125919,Active,3830030,NA,NA,S,0,0,90945.325,24.99,2015,13,17.96,19.02
125920,Active,428034,NA,NA,S,7,1,54819.6825,57.2,2011,62,19.75,48.94
125921,Active,1735234,NA,NA,S,1,0,146135.925,24.95,2015,11,18.57,18.57
125922,Active,2317098,NA,NA,S,0,0,105921.49,0.62,1979,45,4,59.92
125923,Active,1494331,NA,NA,S,0,0,114313.6,35,2015,14,26.57,26.41
125924,Active,3960242,NA,NA,S,29,1,54615.5,29.99,2015,17,24.94,11.48
125925,Active,2077610,NA,NA,S,1,0,68210,39.99,2012,13,26.39,28.33
125926,Active,1494681,NA,NA,S,0,0,49176.48,22,2015,23,12.89,15.39
125927,Active,1480246,NA,NA,S,2,1,11236.475,23.95,2014,18,20.59,19.73
125928,Active,2629022,NA,NA,S,0,0,63235.71125,7.99,1993,216,4,5.17
125929,Active,127255,NA,NA,S,1,0,168341.5838,54.95,2002,29,19.53,40.8
125930,Active,869038,NA,NA,S,2,1,111399.45,180,2013,11,22.12,140.43
125931,Active,527140,NA,NA,S,2,1,59767.17875,192.2,2012,55,15.76,61.72
125932,Active,301052,NA,NA,S,3,1,160618.925,59.95,2004,28,32.49,51
125933,Active,110369,NA,NA,S,11,1,94418.5575,31.98,2007,47,4.39,31.97
125934,Active,1503170,NA,NA,S,0,0,121926.8,29.99,2011,16,11.15,12.98
125935,Active,646983,NA,NA,S,1,0,5213.4,35,2013,29,18.94,19.98
125936,Active,3730897,NA,NA,S,0,0,3195.9,54.99,2012,21,33.1,33.97
125937,Active,1870154,NA,NA,S,0,0,11956.125,54.99,2012,9,37.17,34.06
125938,Active,3730892,NA,NA,S,0,0,66083.35,59.99,2011,16,37.11,37.13
125939,Active,1927510,NA,NA,S,1,0,203982.05,36.95,2014,9,30.94,27.31
125940,Active,864726,NA,NA,S,6,1,14498.97375,98.95,2014,66,45.99,66.38
125941,Active,909106,NA,NA,S,0,0,249623.7788,45,2013,13,15.55,27.49
125942,Active,662705,NA,NA,S,1,0,753227.82,50.95,2009,31,8.36,43.47
125943,Active,539562,NA,NA,S,8,1,43259.27,109.8,2013,69,43.98,73.93
125944,Active,534228,NA,NA,S,0,0,123514.2125,54.99,2006,48,13.75,39.97
125945,Active,1625563,NA,NA,S,0,0,551148.1363,28,2009,23,23.94,25.09
125946,Active,690180,NA,NA,S,0,0,86743.8,25,2009,13,21.44,22.96
125947,Active,864727,NA,NA,S,8,1,22956.57125,175.8,2014,97,54.18,118.86
125948,Active,661019,NA,NA,S,0,0,137193.625,96,2012,18,56.03,67.96
125949,Active,887019,NA,NA,S,2,1,484638.4088,34.95,2014,8,23.39,31.16
125950,Active,872684,NA,NA,S,7,1,2908.51875,99.95,2015,61,49.39,68.97
125951,Active,645001,NA,NA,S,1,0,465659.8725,47.95,2006,19,16.97,35.68
125952,Active,686692,NA,NA,S,1,0,30787.15,24.99,2012,28,15.15,17.24
125953,Active,3837023,NA,NA,S,1,0,111065.45,59.99,2016,16,42.99,42.94
125954,Active,1589344,NA,NA,S,0,0,242727.25,29.99,2013,22,20.04,25.97
125955,Active,579912,NA,NA,S,0,0,420985.165,26.95,2003,41,4,15.93
125956,Active,1626079,NA,NA,S,1,0,171428.2,35,2013,20,5.88,18.63
125957,Active,864729,NA,NA,S,9,1,33782.8625,94.95,2013,49,18.47,81.71
125958,Active,1526931,NA,NA,S,0,0,59354.425,35,2014,39,11.38,13.98
125959,Active,139221,NA,NA,S,0,0,88616.18125,40,2006,47,12.25,21.08
125960,Active,912509,NA,NA,S,3,1,509510.7263,24.95,2013,40,12.83,21.32
125961,Active,1645699,NA,NA,S,2,1,765951.2213,31,2008,24,17.16,26.52
125962,Active,555745,NA,NA,S,1,0,103349.575,49.95,2012,16,33.98,43.21
125963,Active,242002,NA,NA,S,2,1,135373.1513,28.5,1999,41,10.34,52.55
125964,Active,655637,NA,NA,S,0,0,71461.075,64,2010,23,25.39,45.25
125965,Active,637718,NA,NA,S,1,0,164969.925,45,2012,21,22.93,36.35
125966,Active,141317,NA,NA,S,1,0,556310.3063,48.95,2001,25,15.73,39.48
125967,Active,2337068,NA,NA,S,3,1,678654.8225,55.51,1992,22,4.39,54.98
125968,Active,169160,NA,NA,S,5,1,369698.075,225.95,2006,65,15.26,73.57
125969,Active,254916,NA,NA,S,3,1,672981.3213,64.95,2008,17,10.36,28.99
125970,Active,540107,NA,NA,S,10,1,86862.4275,219.2,2012,73,5.96,56.91
125971,Active,217262,NA,NA,S,3,1,498714.0763,45,2007,40,4,33.99
125972,Active,655447,NA,NA,S,0,0,128318.15,60,2012,29,17.94,40.38
125973,Active,1707768,NA,NA,S,0,0,155177.875,34,2014,25,6.99,15.98
125974,Active,1841113,NA,NA,S,1,0,821710.8825,53.95,2014,17,14.96,15
125975,Active,542485,NA,NA,S,0,0,80167.67625,28.95,2011,49,18.81,21.96
125976,Active,618942,NA,NA,S,6,1,322874.08,75,2011,51,4.99,28.99
125977,Active,177818,NA,NA,S,6,1,662377.9763,158.95,2007,37,3.99,14.25
125978,Active,636283,NA,NA,S,2,1,237787.6413,41.95,2000,38,10.14,32.19
125979,Active,646658,NA,NA,S,0,0,622806.7163,99.95,2004,52,4.99,83.99
125980,Active,2080829,NA,NA,S,0,0,33265.075,50,2012,17,34.07,31.39
125981,Active,2160429,NA,NA,S,1,0,97836.75,24.95,2010,24,14.89,17.05
125982,Active,541493,NA,NA,S,2,1,395850.95,39.95,2013,29,18.6,0
125983,Active,156966,NA,NA,S,0,0,673603.255,41.95,2004,30,4.55,33.98
125984,Active,1660791,NA,NA,S,0,0,59200.675,50,2015,17,23.44,25.39
125985,Active,527108,NA,NA,S,2,1,8755.52375,169.8,2012,84,41.99,96.67
125986,Active,3583377,NA,NA,S,1,0,20525.9,85,2007,23,47.73,43.13
125987,Active,1693607,NA,NA,S,1,0,174705.35,22.95,2013,12,15.09,22.03
125988,Active,751381,NA,NA,S,1,0,66796.875,24.95,2009,25,6.47,29.57
125989,Active,547328,NA,NA,S,0,0,533286.605,14.99,2007,36,8.74,0
125990,Active,1707780,NA,NA,S,1,0,57263.875,36,2014,31,20.8,26.22
125991,Active,1496979,NA,NA,S,0,0,28993.175,21.99,2013,49,14.97,15.69
125992,Active,613806,NA,NA,S,1,0,157974.2,71.63,2007,55,4,35
125993,Active,688054,NA,NA,S,1,0,90993.925,29.99,2010,19,15.01,21.34
125994,Active,652565,NA,NA,S,7,1,496475.8588,71.05,2012,37,4.98,50.31
125995,Active,199525,NA,NA,S,1,0,158482.6125,89,2005,31,13.99,43.98
125996,Active,2100857,NA,NA,S,0,0,17207.4,27.99,2015,20,16.4,18.19
125997,Active,1647560,NA,NA,S,3,1,529813.7813,28.95,2014,13,17.98,20.7
125998,Active,533288,NA,NA,S,4,1,49526.59,160.95,2011,41,41.73,73.99
125999,Active,1918528,NA,NA,S,0,0,98191.9,27.99,2014,13,20.16,19.17
126000,Active,724955,NA,NA,S,2,1,533804.2613,83.95,2012,20,17.65,39.99
126001,Active,621367,NA,NA,S,1,0,258526.5988,106.95,2009,44,18.5,59.31
126002,Active,391018,NA,NA,S,1,0,145580.675,124.25,2003,21,37.82,59
126003,Active,1713098,NA,NA,S,2,1,680917.1975,34.95,2012,19,14.49,34.95
126004,Active,1587411,NA,NA,S,1,0,632480.9563,54.99,2007,28,15.66,41.44
126005,Active,1838611,NA,NA,S,0,0,101886,28.95,2007,14,4.99,79.99
126006,Active,1736020,NA,NA,S,0,0,117302.9,29.95,2013,15,10.2,24.98
126007,Active,1660804,NA,NA,S,3,1,49934.525,24.99,2015,12,21.29,15.56
126008,Active,863564,NA,NA,S,2,1,120560.1,29.95,2008,19,13.71,13.98
126009,Active,663328,NA,NA,S,3,1,27129.55,20.25,2013,22,12.81,12.83
126010,Active,682842,NA,NA,S,0,0,87419.0425,27.95,2010,35,11.79,22.77
126011,Active,55192,NA,NA,S,10,1,43448.06625,137.95,2010,43,43.73,55.86
126012,Active,55189,NA,NA,S,10,1,109540.8988,137.95,2010,53,34.93,57
126013,Active,1703718,NA,NA,S,1,0,99871.475,35,2010,49,7.84,21.99
126014,Active,1716702,NA,NA,S,0,0,88971.425,35,2010,24,22.55,22.66
126015,Active,1517444,NA,NA,S,1,0,91914.875,29.99,2014,20,19.44,19.63
126016,Active,1469271,NA,NA,S,1,0,237483.575,45,2010,19,22.84,23.98
126017,Active,1891368,NA,NA,S,0,0,13609.975,24.99,2014,16,7.29,8.91
126018,Active,864979,NA,NA,S,2,1,20921.075,24.99,2013,14,13.98,15.1
126019,Active,3519324,NA,NA,S,0,0,85710.45,27,2016,18,14.86,17.97
126020,Active,916586,NA,NA,S,0,0,660987.08,34.95,2004,46,4,11.96
126021,Active,655159,NA,NA,S,1,0,130816.05,44,2013,19,28.02,27.63
126022,Active,248181,NA,NA,S,0,0,63918.45,33.95,2011,26,20.96,27.38
126023,Active,1697074,NA,NA,S,0,0,15229.9725,16.99,2015,18,11.77,11.68
126024,Active,672266,NA,NA,S,0,0,15144.26125,16.99,2007,159,4,0
126025,Active,683650,NA,NA,S,1,0,12937.3,23.95,2012,43,11.9,15.88
126026,Active,438094,NA,NA,S,1,0,68459.6,50,2011,21,34.94,33.94
126027,Active,1595362,NA,NA,S,1,0,47988.65,22,2008,22,4.78,15.11
126028,Active,280336,NA,NA,S,0,0,127095.175,59.99,2007,20,36.98,38.99
126029,Active,624411,NA,NA,S,3,1,291567.0025,51,2007,39,17.14,40.87
126030,Active,907085,NA,NA,S,2,1,635661.7025,64,2011,21,4.85,53.44
126031,Active,1739273,NA,NA,S,6,1,19862.85,24.95,2015,12,18.98,19.16
126032,Active,883744,NA,NA,S,0,0,486763.1825,42.01,2005,21,4,15.94
126033,Active,1535779,NA,NA,S,1,0,167217.25,29.95,2014,14,18.87,23.99
126034,Active,2143069,NA,NA,S,0,0,42624.25,24.95,2015,13,20.09,19.69
126035,Active,3530065,NA,NA,S,0,0,469787.4,50,2006,63,4,66.94
126036,Active,1460287,NA,NA,S,0,0,23735.875,25,2010,19,13.09,14.86
126037,Active,2124896,NA,NA,S,0,0,65953.3,25,2012,21,16.86,15.09
126038,Active,2532774,NA,NA,S,0,0,722690.3275,50.95,1997,29,4.26,45.62
126039,Active,1716092,NA,NA,S,0,0,114123.9,29.95,2015,13,23.45,23.45
126040,Active,157478,NA,NA,S,2,1,637993.6813,30.95,2007,33,4.3,44.85
126041,Active,687954,NA,NA,S,1,0,80598,29.95,2013,20,17.23,18.66
126042,Active,1999212,NA,NA,S,0,0,413582.8138,39.99,2014,29,30.77,33.76
126043,Active,646588,NA,NA,S,1,0,399762.115,39.95,2006,30,34.94,33.57
126044,Active,1871621,NA,NA,S,0,0,42733.075,40,2012,11,22.19,25.84
126045,Active,1716157,NA,NA,S,0,0,120535.6,25.95,2015,14,21.14,22.3
126046,Active,1932622,NA,NA,S,2,1,143381.275,29.99,2014,18,15.98,19.97
126047,Active,601570,NA,NA,S,1,0,697452.9563,72.5,2007,23,17.9,31.39
126048,Active,3829354,NA,NA,S,0,0,209432.675,24.95,2013,12,19.69,19.89
126049,Active,1612300,NA,NA,S,1,0,186042.975,25.95,2013,12,18.16,18.16
126050,Active,1576779,NA,NA,S,0,0,71045,34.95,2013,12,27.99,26.93
126051,Active,2111663,NA,NA,S,0,0,98384.425,40,2014,6,29.97,28.48
126052,Active,1566382,NA,NA,S,1,0,158171.825,21.99,2012,33,4.98,11.97
126053,Active,630180,NA,NA,S,1,0,171355.8563,57.95,2007,23,16.2,39.45
126054,Active,2043640,NA,NA,S,0,0,103293.975,24.99,2007,30,7.79,13.97
126055,Active,1924648,NA,NA,S,2,1,48174.325,36,2015,8,31.97,32.56
126056,Active,212988,NA,NA,S,1,0,288609.4225,46.95,2004,38,7.32,28.99
126057,Active,1471333,NA,NA,S,1,0,157055.9,37.95,2014,23,20.39,30.86
126058,Active,3804415,NA,NA,S,0,0,63043.15,29.99,2014,18,21.19,21.36
126059,Active,3062638,NA,NA,S,1,0,381814.6975,22.5,1999,24,4,27.58
126060,Active,678705,NA,NA,S,1,0,175271.325,26.95,2012,42,4,13.92
126061,Active,132659,NA,NA,S,9,1,76950.8925,120.27,2008,49,22.35,99.8
126062,Active,2805389,NA,NA,S,0,0,342932.4975,46.5,1984,54,17.97,31
126063,Active,720537,NA,NA,S,0,0,337298.5613,41.95,2001,27,5.63,39.02
126064,Active,2166849,NA,NA,S,1,0,594228.6263,14.99,2011,16,9.62,14.99
126065,Active,1568439,NA,NA,S,1,0,31904.85,21.99,2009,30,11.8,15.45
126066,Active,676245,NA,NA,S,1,0,9430.825,29.99,2010,38,14.6,16.08
126067,Active,624447,NA,NA,S,2,1,45836.575,40,2005,19,28.98,31.84
126068,Active,1870805,NA,NA,S,0,0,51778.85,25,2014,24,15.26,17.26
126069,Active,2348644,NA,NA,S,0,0,731320.0638,21.86,2011,11,19.31,24.35
126070,Active,1832824,NA,NA,S,1,0,529446.5225,14.99,2011,17,9.89,13.98
126071,Active,2106782,NA,NA,S,0,0,71700.225,24.95,2014,14,13.97,16.96
126072,Active,568562,NA,NA,S,0,0,409047.8925,44.99,1988,48,4.09,16.99
126073,Active,706200,NA,NA,S,1,0,140304.6038,113.25,2013,46,14.98,57.01
126074,Active,676533,NA,NA,S,0,0,107668.1,25.95,2012,22,5.84,17.93
126075,Active,2065771,NA,NA,S,0,0,64922.75,22.99,2014,12,17.37,18.45
126076,Active,2270690,NA,NA,S,2,1,147956,70.99,1900,8,38.93,83.81
126077,Active,681643,NA,NA,S,1,0,9257.55,22.95,2012,34,12.24,11.37
126078,Active,1779517,NA,NA,S,1,0,92276.25,25,2014,20,13.92,16.79
126079,Active,1523880,NA,NA,S,0,0,77244.125,26,2015,39,5.58,9.89
126080,Active,647199,NA,NA,S,1,0,41760.425,39.95,2012,19,20.85,25.57
126081,Active,701069,NA,NA,S,1,0,34444.6,24,2007,16,11.89,15.67
126082,Active,527077,NA,NA,S,2,1,98313.65,24.95,2007,27,8.79,16.43
126083,Active,1701357,NA,NA,S,0,0,111281.425,30.95,2008,19,20.33,28.38
126084,Active,162531,NA,NA,S,1,0,90902.125,29.95,2008,34,9.72,13.86
126085,Active,2397146,NA,NA,S,1,0,634494.0963,68.95,1996,31,4,21.99
126086,Active,3798353,NA,NA,S,0,0,57243.15,29.99,2011,15,16.22,19.76
126087,Active,622021,NA,NA,S,1,0,34901.25,42.95,2007,30,30.02,39.14
126088,Active,688484,NA,NA,S,1,0,33708.975,26.99,2013,18,16.72,18.2
126089,Active,2610298,NA,NA,S,0,0,605626.6338,44.99,1999,34,8.29,37.94
126090,Active,1753601,NA,NA,S,1,0,38857.725,39.99,2010,21,28.99,32.84
126091,Active,1753597,NA,NA,S,0,0,308242.575,49.99,2010,12,39.96,49.99
126092,Active,790533,NA,NA,S,1,0,236313.255,50,1999,27,11.89,48.99
126093,Active,246531,NA,NA,S,1,0,216514.9,91.95,2009,24,28.99,41.06
126094,Active,908087,NA,NA,S,2,1,353091.3513,36.95,2006,27,10.98,33.4
126095,Active,612693,NA,NA,S,4,1,24280.3075,135.95,2013,59,48.99,68.83
126096,Active,592770,NA,NA,S,0,0,188634.025,66,2009,31,37.14,58.99
126097,Active,257460,NA,NA,S,5,1,455517.6625,24.95,2011,19,27.44,28.94
126098,Active,549797,NA,NA,S,0,0,837480.5938,143.66,1999,25,6.11,50.39
126099,Active,1483771,NA,NA,S,0,0,63081.225,25,2013,16,18.11,17.75
126100,Active,538725,NA,NA,S,11,1,198880.7438,237,2013,45,15.45,71.65
126101,Active,641960,NA,NA,S,11,1,159149.3275,347.34,2013,70,15.99,79.79
126102,Active,1917188,NA,NA,S,0,0,326081.085,50.95,2013,16,46.36,39.19
126103,Active,610343,NA,NA,S,4,1,112492.99,219.95,2013,44,42.76,77.46
126104,Active,594610,NA,NA,S,1,0,182713.475,24.99,2012,19,17,18.12
126105,Active,2115575,NA,NA,S,0,0,125657.575,49.99,2014,16,35.74,39.99
126106,Active,2095797,NA,NA,S,1,0,32832.325,49.99,2014,18,30.74,30.86
126107,Active,257239,NA,NA,S,1,0,440459.9575,45,2004,26,10.38,13.09
126108,Active,768730,NA,NA,S,7,1,560805.985,64.95,2000,25,4.48,56.31
126109,Active,596240,NA,NA,S,3,1,284827.45,14.25,2008,19,11.18,504.68
126110,Active,204977,NA,NA,S,0,0,70435.375,35,2011,26,16.49,33.94
126111,Active,649022,NA,NA,S,2,1,507499.35,29.95,2009,22,25.8,28.8
126112,Active,1660618,NA,NA,S,1,0,64691.1,24.99,2010,16,18.76,17.97
126113,Active,2060271,NA,NA,S,0,0,147686.075,27.95,2009,14,16.27,18.94
126114,Active,2140124,NA,NA,S,0,0,164686.7,25,2007,16,23.15,17.65
126115,Active,3755954,NA,NA,S,5,1,14425.45,39,2015,36,24.99,31.57
126116,Active,864730,NA,NA,S,4,1,52700.74625,119,2014,67,27.87,34.99
126117,Active,3743769,NA,NA,S,1,0,62175.425,39,2016,11,36.86,35.57
126118,Active,903934,NA,NA,S,0,0,217884.2013,55,2005,22,43.99,46.08
126119,Active,248727,NA,NA,S,1,0,144609.725,61.95,2006,40,16.25,33.96
126120,Active,595506,NA,NA,S,1,0,175319.05,50,2012,19,30.89,39.52
126121,Active,1647680,NA,NA,S,2,1,653705.6588,34.95,2013,34,6.94,20.81
126122,Active,623514,NA,NA,S,1,0,385634.7013,59.99,2009,33,8.49,38.24
126123,Active,633881,NA,NA,S,1,0,12401.775,59.95,2012,12,40.8,40.86
126124,Active,644374,NA,NA,S,1,0,221004.825,40.95,2013,9,27.99,26.53
126125,Active,2019273,NA,NA,S,4,1,245492.52,18,2009,44,4,58.99
126126,Active,288803,NA,NA,S,6,1,348275.6275,105,2008,21,9.43,73.97
126127,Active,621924,NA,NA,S,0,0,6281.05,39.95,2012,61,15.34,22.57
126128,Active,609931,NA,NA,S,7,1,538141.9988,138.95,2013,29,19.98,70.39
126129,Active,2067990,NA,NA,S,0,0,11270.825,29.95,2015,14,18.85,18.57
126130,Active,865256,NA,NA,S,3,1,527837.7525,39.95,2013,24,27.25,35.15
126131,Active,527054,NA,NA,S,3,1,620351.1375,99.95,2012,40,12.74,32.34
126132,Active,1943681,NA,NA,S,1,0,67634.4,54.95,2014,8,55.47,53.78
126133,Active,645548,NA,NA,S,0,0,833096.1688,96.4,2008,25,4.97,73.47
126134,Active,1996939,NA,NA,S,0,0,687912.7213,7.99,2014,2,11.94,7.99
126135,Active,878905,NA,NA,S,11,1,5215.80125,119.6,2015,62,44.89,97.99
126136,Active,1651558,NA,NA,S,4,1,853846.6238,50.95,2006,19,9.2,22.9
126137,Active,1886292,NA,NA,S,2,1,841798.8663,54.99,2011,26,5.12,29.48
126138,Active,1983847,NA,NA,S,1,0,59851.075,49.99,2014,15,37.51,36.61
126139,Active,165982,NA,NA,S,1,0,314156.0575,71.95,2002,26,18.09,52.52
126140,Active,2028684,NA,NA,S,0,0,63498.525,21.95,2014,20,16.16,17.34
126141,Active,480810,NA,NA,S,0,0,93770.8,25,2008,27,17.94,17.98
126142,Active,2124392,NA,NA,S,1,0,185184.35,70,2010,16,31.84,35.78
126143,Active,645554,NA,NA,S,1,0,770887.7775,69.25,2010,23,4,137.27
126144,Active,500145,NA,NA,S,1,0,57579.57,50.95,2011,50,7.39,26.87
126145,Active,390201,NA,NA,S,1,0,119542.375,42.95,2009,21,26.91,33.71
126146,Active,146339,NA,NA,S,1,0,134406.0625,85.6,2011,21,7.73,21.49
126147,Active,3002961,NA,NA,S,0,0,579505.9938,24.97,2014,6,22.33,23.98
126148,Active,741463,NA,NA,S,1,0,111299.65,58.2,2007,18,28.94,44.99
126149,Active,1993487,NA,NA,S,0,0,30054.075,29.95,2013,10,28.35,26.81
126150,Active,2965208,NA,NA,S,8,1,104658.9725,34.99,2015,17,20.57,23.65
126151,Active,660659,NA,NA,S,1,0,38445.7,36,2013,23,18.72,22.55
126152,Active,701319,NA,NA,S,1,0,117769.5738,13,2008,59,4.65,6.64
126153,Active,705748,NA,NA,S,1,0,898374.3325,222.75,2012,16,12.21,179.98
126154,Active,286474,NA,NA,S,7,1,290838.5838,100,1997,44,4.14,7.04
126155,Active,682076,NA,NA,S,1,0,38614.05,26.95,2012,45,12.35,15.99
126156,Active,300995,NA,NA,S,11,1,563233.4675,80,2001,22,33.54,72.98
126157,Active,1762263,NA,NA,S,1,0,163477.55,39.95,2013,12,39.23,37.53
126158,Active,2166994,NA,NA,S,0,0,17220.425,0,2011,9,38.98,39.95
126159,Active,2166989,NA,NA,S,0,0,173260.675,0,2011,9,28.99,39.95
126160,Active,1761883,NA,NA,S,0,0,142685.825,39.99,2013,13,29.82,29.32
126161,Active,1751155,NA,NA,S,0,0,194620.5,0,2008,16,19.12,29.95
126162,Active,3624869,NA,NA,S,1,0,74679.625,49.99,2016,8,50.02,43.96
126163,Active,1628918,NA,NA,S,1,0,75563.25,24.95,2015,11,21.24,22.45
126164,Active,1452085,NA,NA,S,1,0,88805.5,49.99,2013,19,36.89,33.54
126165,Active,1692102,NA,NA,S,0,0,50562.85,22.99,2014,25,15.96,16.15
126166,Active,873965,NA,NA,S,7,1,193002.4025,99.95,2015,32,31.99,80.8
126167,Active,243695,NA,NA,S,10,1,768352.415,79.95,2008,17,13.9,69.04
126168,Active,640593,NA,NA,S,1,0,62594.8,50,2010,30,28.44,30.49
126169,Active,2724094,NA,NA,S,1,0,599924.6375,85,2004,24,4.77,43.92
126170,Active,3109579,NA,NA,S,0,0,93658.2,24.95,2015,15,24.45,24.95
126171,Active,3946371,NA,NA,S,1,0,106863.6,135,2010,32,33.98,72.5
126172,Active,1784016,NA,NA,S,0,0,96842.75,28,2014,20,6.46,6.47
126173,Active,2160439,NA,NA,S,1,0,153773.75,25,2010,24,14.6,15.49
126174,Active,2160414,NA,NA,S,1,0,140335.875,34.95,2008,48,12.59,20.58
126175,Active,644396,NA,NA,S,1,0,169043.375,50.95,2013,18,29.52,34.05
126176,Active,2503988,NA,NA,S,1,0,165771.6038,27,1967,40,9.56,48.89
126177,Active,1938719,NA,NA,S,0,0,136849.475,30,2014,21,7.98,17.47
126178,Active,665085,NA,NA,S,2,1,45385.50375,54,2012,76,9.97,18.68
126179,Active,2019366,NA,NA,S,0,0,19982.45,22.95,2014,23,15.58,15.58
126180,Active,1639777,NA,NA,S,0,0,36439.75,29.95,2015,12,22.64,22.39
126181,Active,1779356,NA,NA,S,1,0,3325.975,26.99,2014,29,17.9,17.91
126182,Active,2019369,NA,NA,S,2,1,46996.675,22.95,2014,23,14.76,15.41
126183,Active,1639741,NA,NA,S,2,1,51258.65,34.95,2013,15,22.98,24.96
126184,Active,890398,NA,NA,S,0,0,42340.3425,24.95,2010,19,13.96,17.92
126185,Active,2107305,NA,NA,S,0,0,172714.2538,62.99,2015,11,43.98,43.98
126186,Active,3829968,NA,NA,S,0,0,45761.125,41.99,2016,6,29.96,26.91
126187,Active,2085915,NA,NA,S,0,0,82887.97875,62.99,2013,35,31.86,37
126188,Active,2107233,NA,NA,S,0,0,56710.95,62.99,2014,12,42.77,39.46
126189,Active,865644,NA,NA,S,2,1,122948.9563,32.95,2012,29,15.63,23.99
126190,Active,1639778,NA,NA,S,3,1,17259.825,34.95,2014,15,25.68,25.94
126191,Active,2085926,NA,NA,S,0,0,459154.63,62.99,2013,36,40.84,41.93
126192,Active,1639764,NA,NA,S,0,0,35769.775,31.95,2014,17,22.96,23.7
126193,Active,194526,NA,NA,S,2,1,216037.1825,22.95,2004,27,4.72,94.73
126194,Active,2085929,NA,NA,S,0,0,363607.735,62.99,2013,40,41.88,41.94
126195,Active,2085931,NA,NA,S,0,0,76873.65625,62.99,2013,30,42.75,42.37
126196,Active,2085932,NA,NA,S,0,0,137730.2788,62.99,2013,30,40.44,41.94
126197,Active,2107160,NA,NA,S,0,0,117443.0925,62.99,2014,29,23.72,40.24
126198,Active,194561,NA,NA,S,2,1,488351.4963,34.95,2011,32,5.49,78.99
126199,Active,3806002,NA,NA,S,0,0,158940.55,62.99,2014,20,31.87,36.65
126200,Active,2105082,NA,NA,S,0,0,102988.675,35,2013,8,22.58,23.98
126201,Active,2079972,NA,NA,S,2,1,182725.05,23.99,2013,14,15.97,19.25
126202,Active,1595466,NA,NA,S,0,0,15403.125,26.95,2014,32,12.12,17.14
126203,Active,3586339,NA,NA,S,0,0,174514.7,39.95,2008,17,18.9,29.8
126204,Active,856972,NA,NA,S,0,0,692861.495,77.54,2007,21,5.88,57.23
126205,Active,2248037,NA,NA,S,0,0,78688.625,0,2007,30,10.75,21.48
126206,Active,796637,NA,NA,S,0,0,117616.5,39.99,2010,12,27.28,24.91
126207,Active,3551996,NA,NA,S,0,0,31250.625,24.99,2010,34,11.92,17.59
126208,Active,1695582,NA,NA,S,0,0,139149.825,38,2007,16,26.22,26.45
126209,Active,916518,NA,NA,S,1,0,526673.6975,49.95,1993,42,4,0
126210,Active,2165511,NA,NA,S,1,0,255880.25,100.37,2014,19,39.24,75.49
126211,Active,619993,NA,NA,S,4,1,513203.91,247,2013,29,15.39,57.99
126212,Active,712488,NA,NA,S,0,0,465436.8263,22.98,2001,25,6.63,17.9
126213,Active,879936,NA,NA,S,4,1,22998.4825,233.4,2014,74,27.02,93.41
126214,Active,613017,NA,NA,S,0,0,365071.14,134.75,2001,139,4.87,23.81
126215,Active,52240,NA,NA,S,4,1,549318.54,126.67,2003,66,4.49,27.98
126216,Active,527025,NA,NA,S,1,0,28578.58875,102.75,2011,36,29.99,65.82
126217,Active,864923,NA,NA,S,2,1,99732.11125,247,2014,45,21.49,58.22
126218,Active,544278,NA,NA,S,6,1,131452.9425,275.95,2013,43,31.53,111.84
126219,Active,669164,NA,NA,S,0,0,6121.3,49,2011,16,31.94,38.77
126220,Active,619777,NA,NA,S,8,1,16292.75625,158.63,2010,90,35.83,53.98
126221,Active,1516651,NA,NA,S,5,1,824556.6513,166,2012,32,7.41,15.44
126222,Active,874231,NA,NA,S,2,1,172211.7913,122.25,2012,21,41.39,63.99
126223,Active,1780572,NA,NA,S,1,0,21125.575,22.99,2014,13,15.98,13.97
126224,Active,611846,NA,NA,S,2,1,119745.4138,272.25,2013,39,47.29,56.16
126225,Active,3638387,NA,NA,S,6,1,429646.35,176.95,2013,54,13.83,69.99
126226,Active,224759,NA,NA,S,12,1,39435.63625,341.95,2011,70,30.77,157.61
126227,Active,61209,NA,NA,S,4,1,194386.0325,277.95,2001,133,4.15,19.24
126228,Active,1447414,NA,NA,S,4,1,188025.65,141.29,2007,42,29.87,102.93
126229,Active,298893,NA,NA,S,5,1,312975.3,252.95,2009,26,24.84,65.1
126230,Active,2168606,NA,NA,S,2,1,139314.085,189.88,2015,29,17.37,63.94
126231,Active,2430177,NA,NA,S,2,1,687953.2825,86.6,1993,29,8.24,62.46
126232,Active,651526,NA,NA,S,2,1,517481.6013,250,2007,16,6.59,48.16
126233,Active,752465,NA,NA,S,1,0,42683.15,21.99,2009,43,4.98,8.46
126234,Active,1639928,NA,NA,S,0,0,135501.65,26.95,2009,16,19,18.25
126235,Active,649750,NA,NA,S,1,0,34696.025,39.99,2012,29,21.18,25.05
126236,Active,3634834,NA,NA,S,2,1,9408.275,24,2016,19,15.55,15.74
126237,Active,1779998,NA,NA,S,1,0,31986.975,29.99,2014,14,17.95,19.1
126238,Active,685291,NA,NA,S,0,0,55069.325,30,2013,28,15.93,20.49
126239,Active,1860313,NA,NA,S,2,1,16068.175,26.99,2010,54,6.2,15.48
126240,Active,709103,NA,NA,S,0,0,142034.35,67.32,2011,16,32.99,56.3
126241,Active,1703642,NA,NA,S,0,0,49339.125,27.5,2010,45,7.24,7.97
126242,Active,905856,NA,NA,S,0,0,585571.3575,71.95,1987,21,35.4,112.17
126243,Active,218440,NA,NA,S,0,0,439042.025,26,2007,25,12.61,21.38
126244,Active,1958016,NA,NA,S,0,0,40621.28375,40,2013,27,12.58,24.04
126245,Active,3467566,NA,NA,S,4,1,510674,98,1995,87,4,8.26
126246,Active,1655995,NA,NA,S,0,0,88194.52625,28.95,2012,31,15.33,22.56
126247,Active,131512,NA,NA,S,1,0,138098.7,80.95,2007,17,56.94,69.98
126248,Active,2599187,NA,NA,S,2,1,634453.185,59.99,1992,39,6.49,28.97
126249,Active,625327,NA,NA,S,1,0,107583.825,74.95,2008,30,16.79,35.02
126250,Active,128914,NA,NA,S,0,0,81021.125,58,2003,21,19.92,49.25
126251,Active,1517273,NA,NA,S,1,0,65599.6,39.99,2013,12,26.03,26.07
126252,Active,1686638,NA,NA,S,0,0,51308.85,49.95,2013,15,31.13,33.75
126253,Active,1686636,NA,NA,S,1,0,238986.3788,49.95,2013,14,32.6,45.6
126254,Active,1856740,NA,NA,S,0,0,32070.35,39.99,2012,11,33.53,28.22
126255,Active,3729547,NA,NA,S,0,0,70723.7,20.99,2012,14,17.11,15.08
126256,Active,535400,NA,NA,S,3,1,82386.70375,152.95,2013,58,33.99,72.97
126257,Active,1571106,NA,NA,S,1,0,83882.35,90.99,2014,27,56.24,62.38
126258,Active,2373989,NA,NA,S,0,0,327082.1325,94.5,2004,52,4,9.31
126259,Active,1454847,NA,NA,S,0,0,129124.275,48.97,2011,34,4.87,43.64
126260,Active,1448063,NA,NA,S,0,0,711466.5663,94.4,2006,43,4.62,15.98
126261,Active,868107,NA,NA,S,0,0,100867.4513,125,2009,47,18.44,55.96
126262,Active,552216,NA,NA,S,0,0,108887.3838,5.65,2003,34,4,12.98
126263,Active,116218,NA,NA,S,0,0,720985.3963,102.99,2005,20,13.94,75.45
126264,Active,1453856,NA,NA,S,0,0,241515.4,34.75,2007,19,5.99,11.95
126265,Active,266273,NA,NA,S,10,1,190758.9025,134,2013,85,12.48,57.75
126266,Active,872628,NA,NA,S,0,0,463879.6325,121.5,1998,75,4.07,42.99
126267,Active,637091,NA,NA,S,0,0,204299.855,114,2009,137,10.7,23.99
126268,Active,864734,NA,NA,S,11,1,38805.97125,100.8,2014,61,36.99,61.9
126269,Active,422660,NA,NA,S,0,0,81573.9625,143.25,2009,48,40.99,91.99
126270,Active,551771,NA,NA,S,0,0,361274.2875,100.75,2003,52,4,5.14
126271,Active,551772,NA,NA,S,0,0,403639.3675,100.75,2003,67,4,9.13
126272,Active,3960175,NA,NA,S,1,0,16024.3,22,2015,20,14.79,14.81
126273,Active,2093603,NA,NA,S,0,0,43607.35,29,2014,15,15.39,15.49
126274,Active,1741523,NA,NA,S,0,0,52642.8,29.95,2013,6,19.99,20.99
126275,Active,652007,NA,NA,S,0,0,531867.45,36.95,2006,21,5.88,33.69
126276,Active,115954,NA,NA,S,2,1,682339.5738,28.2,2004,25,4,61.53
126277,Active,1717992,NA,NA,S,0,0,161998.1,24.99,2008,11,21.93,19.91
126278,Active,1723597,NA,NA,S,0,0,134849.8575,41.95,2012,31,5.36,19.92
126279,Active,242444,NA,NA,S,14,1,18151.175,0,1998,52,18.75,26.98
126280,Active,679001,NA,NA,S,1,0,88712.225,29.95,2010,43,6.07,17.93
126281,Active,274794,NA,NA,S,3,1,72308.09,22.95,1997,54,13.78,79.73
126282,Active,2165774,NA,NA,S,5,1,172263.185,65,2015,13,43.99,47.02
126283,Active,2007704,NA,NA,S,1,0,78346.65,29.95,2013,17,15.88,19.61
126284,Active,919145,NA,NA,S,0,0,64197.06625,26,2011,25,12.99,16.49
126285,Active,2072086,NA,NA,S,0,0,149516.85,24.95,2014,9,17.96,17.9
126286,Active,2145233,NA,NA,S,0,0,84653.4,34.95,2014,12,30.59,32.18
126287,Active,1634523,NA,NA,S,1,0,42959.85,21.95,2011,23,12.88,12.99
126288,Active,613413,NA,NA,S,1,0,75350.39,34.99,2008,169,4,11.49
126289,Active,2274802,NA,NA,S,0,0,170229,38.12,2009,14,26.82,33.12
126290,Active,742307,NA,NA,S,1,0,123004.125,29.99,2009,1,45.71,299.9
126291,Active,1456236,NA,NA,S,1,0,85533.475,34.99,2008,11,23.59,25.5
126292,Active,615764,NA,NA,S,1,0,69009.3,34.99,2008,32,14.21,44.83
126293,Active,3821683,NA,NA,S,0,0,136915.3,22.95,2014,10,16.81,16.94
126294,Active,1668458,NA,NA,S,0,0,24566.875,23,2014,25,13.14,16.29
126295,Active,2158074,NA,NA,S,0,0,20639.8,25,2007,32,15.21,18.3
126296,Active,2043290,NA,NA,S,0,0,35114.175,21.99,2013,26,10.44,12.92
126297,Active,2054258,NA,NA,S,1,0,52757.8,29.95,2015,32,9.67,10.97
126298,Active,2048053,NA,NA,S,0,0,76034.175,40,2012,14,16.1,24.35
126299,Active,2408750,NA,NA,S,0,0,137379.545,19.99,2004,96,4.13,10.52
126300,Active,2591971,NA,NA,S,0,0,341665.3188,44.99,1982,64,4,19.43
126301,Active,610336,NA,NA,S,9,1,42663.35125,181.95,2013,48,19.86,65.43
126302,Active,2055567,NA,NA,S,5,1,85830.34625,12.95,2009,48,4,15.64
126303,Active,2817267,NA,NA,S,2,1,470756.7363,27.95,1999,77,9.19,22.31
126304,Active,1431712,NA,NA,S,0,0,4811.75,29.99,2009,67,13.49,16.66
126305,Active,673782,NA,NA,S,0,0,96541.525,24.95,2010,24,19.94,22.72
126306,Active,2096814,NA,NA,S,0,0,111532.325,24.95,2015,22,9.86,9.28
126307,Active,1432371,NA,NA,S,0,0,67267.925,22.99,2010,20,16.84,16.48
126308,Active,1780982,NA,NA,S,3,1,96146.625,22.99,2015,13,12.98,12.97
126309,Active,1720596,NA,NA,S,0,0,56031.675,22,2007,35,8.88,9.99
126310,Active,688616,NA,NA,S,2,1,81573.5,28.95,2010,15,11.98,21.86
126311,Active,126345,NA,NA,S,2,1,236421.8763,56,2002,23,19.16,41.99
126312,Active,2070670,NA,NA,S,0,0,53777.3,0,2010,8,9.24,12.68
126313,Active,3479758,NA,NA,S,1,0,215646.5,65,2016,8,55.96,55.73
126314,Active,612644,NA,NA,S,1,0,45550.975,42.95,2013,15,34.99,36.45
126315,Active,173677,NA,NA,S,7,1,218192.4388,74.99,2005,41,12.22,49.97
126316,Active,2789936,NA,NA,S,1,0,68144.325,64.95,2005,24,39.71,44.91
126317,Active,1576470,NA,NA,S,0,0,100521.1,29.95,2011,29,11.64,21.51
126318,Active,537212,NA,NA,S,0,0,23771.175,23,2009,24,15.31,15.34
126319,Active,129134,NA,NA,S,0,0,45895.0525,7.95,2008,79,4,6.6
126320,Active,922114,NA,NA,S,0,0,33012.325,24.95,2009,44,6.77,8.99
126321,Active,3513239,NA,NA,S,4,1,17161,16.75,2016,14,13.98,12.73
126322,Active,3623962,NA,NA,S,0,0,146429.575,24.95,2014,12,21.94,19.98
126323,Active,1757427,NA,NA,S,1,0,67765.025,29.95,2012,32,15.76,16.93
126324,Active,678028,NA,NA,S,1,0,2460.8,29.99,2011,45,14.63,15.18
126325,Active,644419,NA,NA,S,1,0,18172.2,34.95,2013,36,12.16,19.24
126326,Active,2057732,NA,NA,S,0,0,247298,37.5,2010,42,5.47,25.92
126327,Active,3960029,NA,NA,S,1,0,4632.2,29.95,2016,17,17.7,20.1
126328,Active,1870763,NA,NA,S,0,0,4679.375,24,2013,29,13.48,13.66
126329,Active,1755629,NA,NA,S,2,1,71052.925,29.95,2011,51,9.11,15.74
126330,Active,636010,NA,NA,S,0,0,669747.3763,41.95,1998,38,8.97,36.7
126331,Active,2140731,NA,NA,S,0,0,136520.4,0,2011,7,17.95,17.96
126332,Active,667526,NA,NA,S,0,0,188188.925,20.44,2008,13,13.97,20.25
126333,Active,1665597,NA,NA,S,0,0,110516.8,429.26,2008,10,7.6,34.89
126334,Active,1665598,NA,NA,S,0,0,192852.35,0,2008,7,33.98,28.89
126335,Active,666665,NA,NA,S,3,1,58078.55,0,2008,14,22.98,21.3
126336,Active,626813,NA,NA,S,1,0,808760.0363,49.8,2008,17,11.21,33.98
126337,Active,538987,NA,NA,S,3,1,172186.4325,89.95,2013,77,13.41,45.24
126338,Active,1481340,NA,NA,S,1,0,74389.575,61.95,2013,28,18.5,50.31
126339,Active,539852,NA,NA,S,2,1,769135.81,100,2013,28,12.12,69.76
126340,Active,667410,NA,NA,S,0,0,68714.175,39.95,2011,16,24.99,26.87
126341,Active,264561,NA,NA,S,1,0,570635.56,47.95,1999,52,23.56,39.89
126342,Active,105660,NA,NA,S,2,1,500711.4013,139,2000,31,15.87,70.29
126343,Active,2432676,NA,NA,S,0,0,719477.9813,20,1967,57,4,15.49
126344,Active,734074,NA,NA,S,1,0,176143.3,34.99,2011,34,6.75,11.16
126345,Active,1561310,NA,NA,S,0,0,93748.075,26.95,2014,23,10.01,12.98
126346,Active,3800065,NA,NA,S,0,0,44309.85,35,2015,20,20.19,23.64
126347,Active,2077631,NA,NA,S,0,0,79761.125,35,2014,20,13.72,25.27
126348,Active,2077579,NA,NA,S,0,0,72856.375,29.99,2011,21,18.89,22.26
126349,Active,3801237,NA,NA,S,1,0,45114.325,28.99,2015,50,8.37,15.06
126350,Active,190104,NA,NA,S,0,0,48928.15,43.95,2009,44,21.44,29.97
126351,Active,909995,NA,NA,S,13,1,19445.63875,156.95,2015,48,48.28,94.27
126352,Active,875914,NA,NA,S,10,1,83690.62375,129.95,2015,30,38.54,87.6
126353,Active,893364,NA,NA,S,0,0,359607.9663,75,2014,22,12.79,56.99
126354,Active,1517524,NA,NA,S,1,0,213983.775,181,2014,18,34.68,51.24
126355,Active,1826330,NA,NA,S,5,1,7248.38125,124.95,2014,84,50.49,69.27
126356,Active,652394,NA,NA,S,2,1,330526.35,130.95,2013,38,16.34,47.61
126357,Active,105748,NA,NA,S,3,1,323349.66,209,2004,42,11.49,0
126358,Active,2128549,NA,NA,S,0,0,778867.29,39.95,2012,17,14.95,27.93
126359,Active,132032,NA,NA,S,16,1,534537.0875,144.2,2006,26,4.35,0
126360,Active,610458,NA,NA,S,3,1,25827.97,104.25,2013,94,43.98,76.98
126361,Active,575842,NA,NA,S,1,0,735697.77,91,2006,26,15.1,90.82
126362,Active,109789,NA,NA,S,1,0,122014.3013,105.33,2006,47,7.26,93.49
126363,Active,586192,NA,NA,S,0,0,242986.7363,69.95,1982,29,4,59.51
126364,Active,566287,NA,NA,S,2,1,575430.3713,155,2005,29,47.91,117.9
126365,Active,862240,NA,NA,S,7,1,164896.3813,229.25,2014,48,5.3,33.8
126366,Active,3804680,NA,NA,S,0,0,197914.45,64.95,2015,15,35.39,43.67
126367,Active,142916,NA,NA,S,0,0,805528.09,42,2003,34,4,8.99
126368,Active,663818,NA,NA,S,2,1,216479.6813,40,2013,27,37.63,35.4
126369,Active,190064,NA,NA,S,1,0,720099.4013,46,2007,20,18.99,30.97
126370,Active,665273,NA,NA,S,5,1,573066.1788,602.99,2012,22,14.86,103.97
126371,Active,261827,NA,NA,S,0,0,368001.1838,16.99,1997,28,4.98,12.44
126372,Active,633700,NA,NA,S,11,1,31290.875,324.2,2013,77,17.95,98.98
126373,Active,544592,NA,NA,S,7,1,172811.1738,228.95,2013,32,39.76,109.66
126374,Active,2168055,NA,NA,S,0,0,44392.575,0,2013,11,38.49,38.5
126375,Active,178639,NA,NA,S,7,1,247967.4775,339.95,2011,49,8.41,179.05
126376,Active,301286,NA,NA,S,0,0,224197.45,103.99,2009,19,35.98,103.99
126377,Active,254298,NA,NA,S,1,0,272764.925,94.95,2010,28,46.99,0
126378,Active,544475,NA,NA,S,12,1,68161.27125,403.95,2013,73,33.99,172.86
126379,Active,874653,NA,NA,S,0,0,175867.5338,164.98,2015,47,45.64,101.99
126380,Active,57910,NA,NA,S,9,1,34597.81,146,2008,126,14.67,35.88
126381,Active,550506,NA,NA,S,3,1,22678.50375,267.25,2012,86,42.24,49.03
126382,Active,502136,NA,NA,S,2,1,86927.91875,24.95,2006,46,4.98,16.84
126383,Active,642038,NA,NA,S,13,1,22429.695,275,2013,59,48.84,71.7
126384,Active,876877,NA,NA,S,6,1,229702.35,72.99,2006,15,34.98,49.98
126385,Active,2226247,NA,NA,S,6,1,94212.86125,28.13,2014,17,24.09,26.25
126386,Active,3110891,NA,NA,S,0,0,758288.215,29.95,2015,12,12.73,28.16
126387,Active,864737,NA,NA,S,6,1,12080.09625,75.53,2014,29,46.99,60
126388,Active,174129,NA,NA,S,1,0,501693.2313,74.99,1997,23,18.16,61.02
126389,Active,610309,NA,NA,S,11,1,7489.39125,247.4,2013,95,12.84,103.94
126390,Active,544674,NA,NA,S,7,1,116641.855,227.95,2013,66,6.96,75.98
126391,Active,538120,NA,NA,S,3,1,36125.04,170,1976,63,53.98,125.04
126392,Active,1734744,NA,NA,S,0,0,157542.55,34.99,2015,12,19.73,19.73
126393,Active,147642,NA,NA,S,3,1,279649.1913,77.95,2011,53,15.6,51.75
126394,Active,178637,NA,NA,S,7,1,55856.3025,239.95,2011,33,53.36,233.79
126395,Active,921260,NA,NA,S,0,0,333259.6375,153.99,2014,45,19.73,83.99
126396,Active,610364,NA,NA,S,7,1,641.715,300.95,2014,202,50.05,60.97
126397,Active,593539,NA,NA,S,1,0,248850.925,175,2012,27,16.94,23.17
126398,Active,504264,NA,NA,S,2,1,464631.4638,71.95,2010,32,18.3,0
126399,Active,538166,NA,NA,S,5,1,6846.83125,159,2012,83,48.84,73.98
126400,Active,1453199,NA,NA,S,9,1,499745.7163,182.4,2013,22,43.17,150.75
126401,Active,613055,NA,NA,S,0,0,786485.0488,125,1993,152,4.26,19.95
126402,Active,1471029,NA,NA,S,1,0,15037.525,99,2015,42,47.08,58.99
126403,Active,632059,NA,NA,S,6,1,100387.1613,70.95,2013,30,23.44,47.07
126404,Active,867344,NA,NA,S,3,1,675915.3063,100.95,2014,23,15.33,50.99
126405,Active,2000832,NA,NA,S,5,1,66193.95,39.95,2014,10,33.95,38.77
126406,Active,136608,NA,NA,S,0,0,59755.9,83,2005,15,48.97,61.94
126407,Active,560350,NA,NA,S,1,0,131185.875,49,2007,16,38.99,48.99
126408,Active,556521,NA,NA,S,1,0,135653.4,39.99,2013,17,39.25,39.07
126409,Active,875721,NA,NA,S,0,0,337023.0475,83.99,2015,79,4.98,34.76
126410,Active,1730993,NA,NA,S,0,0,11689.675,28.95,2014,12,26,26
126411,Active,664816,NA,NA,S,11,1,669679.8825,173.13,2013,15,14.41,0
126412,Active,2111684,NA,NA,S,0,0,293089.7563,29.95,2013,60,13.51,21.65
126413,Active,2171970,NA,NA,S,0,0,239255.5,45,2009,13,31.35,46.18
126414,Active,2203776,NA,NA,S,0,0,179539.6,49.95,2015,15,25.26,31
126415,Active,623841,NA,NA,S,6,1,18182.55625,98,2012,52,40.59,76.49
126416,Active,3551510,NA,NA,S,0,0,653322,40,1999,44,5.16,53.72
126417,Active,2026854,NA,NA,S,0,0,43231.175,29.95,2008,54,9.69,13.2
126418,Active,2325023,NA,NA,S,0,0,169580.2288,237.95,1978,54,6.42,36.56
126419,Active,898952,NA,NA,S,5,1,168466.6438,71,2013,17,44.35,68.98
126420,Active,1982499,NA,NA,S,0,0,86713.75,44,2014,9,34.99,33.95
126421,Active,1768341,NA,NA,S,1,0,104373.2,34.99,2014,13,30.63,28
126422,Active,579242,NA,NA,S,0,0,81957.125,25.95,2009,41,18.39,18.78
126423,Active,193244,NA,NA,S,3,1,716571.6975,80,2011,32,5.26,39.41
126424,Active,646950,NA,NA,S,0,0,42065.575,50,2013,23,20.47,35.83
126425,Active,904148,NA,NA,S,0,0,640646.0438,49.95,2012,36,6.35,10.99
126426,Active,3791937,NA,NA,S,1,0,91666.05,65,2013,12,20.98,20.98
126427,Active,684506,NA,NA,S,0,0,219088.525,33,2010,14,19.53,23.67
126428,Active,2505184,NA,NA,S,1,0,367495.2138,45,1989,84,4,11.93
126429,Active,910777,NA,NA,S,10,1,16034.9425,12.95,2012,39,8.69,10.69
126430,Active,665510,NA,NA,S,0,0,162882.625,65,2011,14,33.97,41.46
126431,Active,1679860,NA,NA,S,36,1,437846.9213,39.95,2015,25,4,25.99
126432,Active,1693297,NA,NA,S,1,0,158234.925,24.95,2010,15,18.97,21.51
126433,Active,3283482,NA,NA,S,2,1,1081645.225,63.36,1900,36,43.69,56.4
126434,Active,1886563,NA,NA,S,1,0,24443.15,44.99,2014,21,38.74,33.33
126435,Active,647141,NA,NA,S,1,0,195314.475,44.99,2012,21,21.04,20.98
126436,Active,643892,NA,NA,S,0,0,411684.245,44.99,2010,36,4.59,32.79
126437,Active,615114,NA,NA,S,4,1,752804.4913,44.99,2008,66,4,9.29
126438,Active,3756284,NA,NA,S,1,0,45667.175,39.99,2015,12,32.12,26.12
126439,Active,910148,NA,NA,S,1,0,301974.7188,44.99,2011,16,22.28,30.11
126440,Active,3243279,NA,NA,S,0,0,19042.275,139,2010,0,0,119.99
126441,Active,2164813,NA,NA,S,8,1,295508.05,0,2010,3,0,0
126442,Active,526904,NA,NA,S,3,1,94376.015,34.99,2012,50,15.55,17.57
126443,Active,1886620,NA,NA,S,1,0,62928.675,44.99,2014,15,39.73,36.7
126444,Active,526903,NA,NA,S,3,1,786480.2075,59.99,2011,50,4.45,24.83
126445,Active,686071,NA,NA,S,2,1,119210.9,29,2011,14,23.2,26.07
126446,Active,656867,NA,NA,S,2,1,563599.325,59.95,1988,24,17.52,113
126447,Active,2377989,NA,NA,S,5,1,844569.5688,101.33,1996,44,4.59,42.52
126448,Active,751152,NA,NA,S,1,0,898536.8825,140,2008,18,10.42,106.36
126449,Active,220684,NA,NA,S,0,0,468903.5925,76,2009,37,19.53,37.46
126450,Active,676916,NA,NA,S,1,0,39949.8,23.95,2009,42,8.84,15.45
126451,Active,650769,NA,NA,S,1,0,212787.05,60,2011,14,36.69,42.11
126452,Active,55186,NA,NA,S,4,1,784083.7188,110.6,2003,26,4,9.27
126453,Active,526890,NA,NA,S,7,1,83402.6325,56.95,2009,57,19.83,44.63
126454,Active,905355,NA,NA,S,2,1,292044.4788,41.95,2001,29,20.24,27.66
126455,Active,626643,NA,NA,S,10,1,276660.0813,141.95,2013,45,18.14,0
126456,Active,619749,NA,NA,S,10,1,320907.5713,206,2012,61,47.43,128.75
126457,Active,3798559,NA,NA,S,0,0,124376.55,65,2015,19,12.47,63.99
126458,Active,184335,NA,NA,S,1,0,314584.5225,51.95,2001,23,13.95,39.42
126459,Active,660994,NA,NA,S,1,0,384472.3163,60,2012,21,27.13,38
126460,Active,114421,NA,NA,S,4,1,380986.0838,147.6,2001,41,17.68,59.54
126461,Active,103973,NA,NA,S,5,1,702885.0575,182,1999,25,17.47,73.57
126462,Active,2533021,NA,NA,S,1,0,738327.6675,43.95,1997,49,4.97,20.5
126463,Active,120356,NA,NA,S,1,0,132574.9,142.6,2009,24,37.43,100.09
126464,Active,2141000,NA,NA,S,0,0,140105.65,29.95,2008,8,28.94,33.94
126465,Active,1778082,NA,NA,S,1,0,130186.475,24.95,2013,16,16.77,16.73
126466,Active,655675,NA,NA,S,0,0,14966.85,39.95,2010,19,28.98,29.42
126467,Active,684382,NA,NA,S,0,0,245745.3,26.5,2009,63,5.61,9.77
126468,Active,1731820,NA,NA,S,3,1,426873.5613,39.95,2008,31,4,18.69
126469,Active,1744963,NA,NA,S,0,0,188589.45,39.95,2013,19,29.08,36.56
126470,Active,2156880,NA,NA,S,0,0,59521.9,22.95,2008,26,11.97,15.08
126471,Active,170480,NA,NA,S,0,0,138073.8,29.95,2011,16,19.96,20.15
126472,Active,1517269,NA,NA,S,1,0,96440.6,34.99,2013,25,21.55,22.4
126473,Active,870258,NA,NA,S,5,1,659764.6325,132.1,2004,31,17.43,141.55
126474,Active,147781,NA,NA,S,8,1,651558.38,111.95,1999,25,5.86,52.62
126475,Active,132882,NA,NA,S,5,1,281056.2863,144.4,2009,40,15.49,111.93
126476,Active,2589263,NA,NA,S,0,0,712815.8475,18.95,1975,21,68.32,131.68
126477,Active,2892431,NA,NA,S,0,0,67894.05,29.95,2015,14,25,22.75
126478,Active,1861083,NA,NA,S,1,0,63304.75,21.95,2009,61,4,6.7
126479,Active,639040,NA,NA,S,3,1,386842.9788,210,2011,29,13.73,33.99
126480,Active,900419,NA,NA,S,3,1,637350.5663,59.99,2014,43,13.08,23.46
126481,Active,162892,NA,NA,S,1,0,695960.085,59.99,2010,57,5.1,28.93
126482,Active,681227,NA,NA,S,1,0,31596,32.95,2012,34,24.76,27.63
126483,Active,862248,NA,NA,S,8,1,146178.0063,53,2014,23,24.1,48.23
126484,Active,683460,NA,NA,S,4,1,215295.75,22.95,2007,11,20.98,18.35
126485,Active,797102,NA,NA,S,0,0,93317.45,25.99,2011,50,4,8.99
126486,Active,2266640,NA,NA,S,7,1,468579.85,66.59,1900,23,27.37,54.67
126487,Active,593263,NA,NA,S,1,0,230501.625,100.95,2010,22,4.94,45.62
126488,Active,3561291,NA,NA,S,0,0,159351.125,59.99,2015,19,35.67,37.01
126489,Active,637199,NA,NA,S,2,1,223431.675,34,2007,23,8.98,22.98
126490,Active,3808667,NA,NA,S,0,0,153990.25,47,2015,13,40.02,47
126491,Active,667269,NA,NA,S,1,0,165221.3,39.99,2012,12,19.16,19.28
126492,Active,869388,NA,NA,S,1,0,132301.4038,103.95,2015,24,18.74,93.07
126493,Active,906891,NA,NA,S,1,0,650445.735,106.95,2014,25,4.98,32.99
126494,Active,890998,NA,NA,S,1,0,321755.8413,119.95,2015,20,5.86,98.92
126495,Active,1827286,NA,NA,S,0,0,200064.4613,123.95,2015,27,9.99,71.98
126496,Active,610170,NA,NA,S,1,0,569788.0938,97.95,2014,46,11.65,73.99
126497,Active,623812,NA,NA,S,1,0,259105.2488,91.95,2012,30,5.08,29.32
126498,Active,618466,NA,NA,S,1,0,145883.9,49.99,2010,52,5.62,7.38
126499,Active,657985,NA,NA,S,0,0,79307.775,39.99,2013,16,27.55,25.52
126500,Active,650439,NA,NA,S,1,0,85010.525,39.95,2012,15,33.12,28.47
126501,Active,644427,NA,NA,S,1,0,705689.09,59.99,2013,35,4.13,13.34
126502,Active,3634644,NA,NA,S,1,0,42813.1,60,2015,17,31.98,33.7
126503,Active,541741,NA,NA,S,1,0,190775.3813,49.99,2010,36,5.99,28.43
126504,Active,652669,NA,NA,S,1,0,128117.95,44.99,2011,23,14.87,27.84
126505,Active,144376,NA,NA,S,1,0,48549.825,100.2,2002,32,33.23,76.73
126506,Active,587156,NA,NA,S,3,1,526033.8175,37,2010,27,7.86,36.99
126507,Active,877169,NA,NA,S,4,1,21930.22375,90.6,2015,49,43.98,68
126508,Active,2151704,NA,NA,S,0,0,20834.65,24,2013,16,19.24,16.71
126509,Active,3811275,NA,NA,S,0,0,42812.725,50,2015,15,40.63,34.43
126510,Active,2099155,NA,NA,S,2,1,18984.63375,24.95,2013,18,19.46,19.67
126511,Active,3739124,NA,NA,S,33,1,17232,29.99,2016,13,23.94,19.87
126512,Active,251826,NA,NA,S,2,1,36971.925,22,2007,26,13.33,14.93
126513,Active,1751575,NA,NA,S,0,0,7345.75,24.95,2014,10,17.96,18.33
126514,Active,3068727,NA,NA,S,1,0,477318.35,32,2001,116,4,8.59
126515,Active,615261,NA,NA,S,1,0,452287.2938,50,2002,58,4,5.99
126516,Active,860458,NA,NA,S,2,1,300618.6513,90,2011,37,47.57,51.48
126517,Active,3946092,NA,NA,S,0,0,47856.275,60.95,2009,21,37.85,34.22
126518,Active,543189,NA,NA,S,2,1,76726.3075,23.95,2011,25,19.43,23.95
126519,Active,133376,NA,NA,S,8,1,37357.28375,173,2010,59,52.77,68.08
126520,Active,663381,NA,NA,S,1,0,150073.6,103,2013,20,13,51.44
126521,Active,284947,NA,NA,S,1,0,712496.0775,50,2000,40,4.05,25
126522,Active,632052,NA,NA,S,6,1,163689.2675,165.95,2013,38,28.21,46.26
126523,Active,292251,NA,NA,S,1,0,579748.285,175.95,2001,42,4.58,23.66
126524,Active,639885,NA,NA,S,2,1,614066.1338,35,2012,34,9.22,20.49
126525,Active,594608,NA,NA,S,1,0,69134.975,49.99,2012,22,25.98,30.3
126526,Active,685433,NA,NA,S,0,0,437490.1475,24.99,2011,31,12.78,0
126527,Active,684578,NA,NA,S,1,0,98590.025,29.99,2007,28,10.95,21.42
126528,Active,2167584,NA,NA,S,1,0,217749.8188,35,2013,44,21.48,24.41
126529,Active,1932409,NA,NA,S,1,0,92872.4,39.99,2012,24,25.99,25.37
126530,Active,129701,NA,NA,S,2,1,838572.235,52.99,1998,18,9.03,70.87
126531,Active,54432,NA,NA,S,0,0,27126.23625,200,2010,67,41.83,98.6
126532,Active,175091,NA,NA,S,1,0,263199.2775,99.99,2010,29,7.92,72.71
126533,Active,860460,NA,NA,S,1,0,872795.3338,59.99,2011,29,4.34,26.13
126534,Active,647284,NA,NA,S,1,0,127099.975,39.99,2011,23,18.07,25.04
126535,Active,665118,NA,NA,S,0,0,75257.25,49.98,2012,18,49.98,49.98
126536,Active,3099607,NA,NA,S,2,1,649741.8888,49.99,2004,57,4.48,21.55
126537,Active,2891086,NA,NA,S,3,1,348192.94,24.95,1981,21,8.24,73.98
126538,Active,634906,NA,NA,S,1,0,128675.8,199.95,2011,27,19.86,19.84
126539,Active,526843,NA,NA,S,3,1,562487.7075,183.95,2009,23,4.5,46.3
126540,Active,2160446,NA,NA,S,1,0,241234.475,33,2012,16,18.68,42.15
126541,Active,1714816,NA,NA,S,1,0,173790.4,66.98,2009,39,5.01,46.87
126542,Active,1714813,NA,NA,S,0,0,183205.4,31.94,2009,13,23.24,42.36
126543,Active,2829828,NA,NA,S,0,0,751337.0688,42.2,2005,25,8.99,35.99
126544,Active,1714846,NA,NA,S,0,0,413716.9925,76,2006,45,7.36,44.81
126545,Active,1714818,NA,NA,S,0,0,104659.4,63.61,2009,25,9.78,42.98
126546,Active,1714848,NA,NA,S,0,0,63669.475,76,2006,29,14.92,18.24
126547,Active,1714849,NA,NA,S,0,0,434463.4325,76,2006,29,10.58,54.99
126548,Active,911979,NA,NA,S,0,0,782829.7738,118,2012,21,4,17.68
126549,Active,617368,NA,NA,S,2,1,45489.61,99.95,2010,40,27.98,57.03
126550,Active,1617519,NA,NA,S,1,0,130122.55,0,2009,13,18.26,24.99
126551,Active,637893,NA,NA,S,0,0,76965.625,59.99,2011,17,43.98,36.06
126552,Active,2238295,NA,NA,S,6,1,30302.5,24.35,2014,18,24.15,24.16
126553,Active,2168375,NA,NA,S,3,1,153355.875,24.95,2013,13,6.48,10.95
126554,Active,535694,NA,NA,S,4,1,6980.83875,26.99,2013,67,14.74,14.25
126555,Active,868016,NA,NA,S,3,1,82148.56,114,2014,35,14.94,37.79
126556,Active,329846,NA,NA,S,1,0,185072.175,54.99,2007,27,23.99,27.22
126557,Active,526835,NA,NA,S,3,1,555855.8738,41.95,2011,41,4,5.62
126558,Active,657603,NA,NA,S,1,0,576849.3325,51.95,2007,26,34.46,40.84
126559,Active,2094864,NA,NA,S,0,0,129339.75,21.95,2012,17,16.46,14.18
126560,Active,790670,NA,NA,S,1,0,439186.595,26,2002,33,22.53,100.62
126561,Active,675472,NA,NA,S,0,0,216453.75,25,2012,52,3.99,5.47
126562,Active,1520227,NA,NA,S,1,0,132111.15,25.63,2012,17,16.24,19.85
126563,Active,2137414,NA,NA,S,0,0,126531.7,45,2013,16,26.48,29.41
126564,Active,3545858,NA,NA,S,2,1,177297.125,43,2011,26,15.05,38.39
126565,Active,3803596,NA,NA,S,0,0,175438.575,0,2014,17,39.94,75.82
126566,Active,3035537,NA,NA,S,0,0,140664.03,17.99,2003,31,9.21,12.99
126567,Active,2548935,NA,NA,S,0,0,130793.09,7.99,1987,103,4,7.49
126568,Active,172051,NA,NA,S,1,0,239193.1725,45,2005,38,5.42,35
126569,Active,542366,NA,NA,S,3,1,82048.78875,152.95,2004,45,14.98,85.94
126570,Active,544942,NA,NA,S,0,0,211398.775,34.95,2010,21,15.15,28.4
126571,Active,680654,NA,NA,S,3,1,112591.725,28,2009,17,19.99,23.99
126572,Active,1935485,NA,NA,S,1,0,151161.975,52,2015,13,35.76,33.34
126573,Active,1701599,NA,NA,S,0,0,104064.5,32.95,2013,8,30.99,32.95
126574,Active,639377,NA,NA,S,1,0,398635.9675,64,2006,54,7.42,25.98
126575,Active,687928,NA,NA,S,3,1,23111.725,24.99,2013,18,18.49,18.27
126576,Active,526823,NA,NA,S,3,1,100075.275,74.95,2011,41,23.05,30
126577,Active,690162,NA,NA,S,2,1,136032.775,21.95,2010,16,18.68,18.68
126578,Active,174889,NA,NA,S,2,1,44501.925,34.5,2007,42,24.49,27.23
126579,Active,1604643,NA,NA,S,1,0,49983.375,26,2014,21,7.48,10.63
126580,Active,3741526,NA,NA,S,0,0,56381.075,29.99,2012,18,10.98,19.65
126581,Active,900891,NA,NA,S,2,1,494256.6513,74.95,2013,20,46.04,56.23
126582,Active,611701,NA,NA,S,2,1,362047.8375,32.95,2013,16,24.93,44.88
126583,Active,1954167,NA,NA,S,1,0,216351.525,55,2015,12,37.99,49.53
126584,Active,2085948,NA,NA,S,0,0,66687.725,62.99,2013,21,40.78,42.36
126585,Active,1768521,NA,NA,S,0,0,120708.775,34.99,2014,11,35.16,31.76
126586,Active,612409,NA,NA,S,6,1,53977.32875,237,2014,105,43.99,114.04
126587,Active,688483,NA,NA,S,1,0,94017.9,26.99,2013,20,10.09,12.98
126588,Active,3549566,NA,NA,S,1,0,220288.675,24,2010,26,9.51,18.87
126589,Active,1695549,NA,NA,S,0,0,77601.425,23,2011,18,11.98,15.35
126590,Active,1840882,NA,NA,S,1,0,802302.935,41.95,2011,34,13.69,33.96
126591,Active,573263,NA,NA,S,0,0,332522.695,42.5,1986,28,4,23.99
126592,Active,2055604,NA,NA,S,1,0,642987.3913,179,2014,91,4.21,135.43
126593,Active,621972,NA,NA,S,2,1,94456.875,26.75,2009,25,17.29,20.15
126594,Active,1780341,NA,NA,S,1,0,36848.125,30,2014,15,18.92,17.98
126595,Active,203406,NA,NA,S,1,0,148117.475,93.99,2002,33,40.38,64.98
126596,Active,1637058,NA,NA,S,0,0,766309.3875,33.8,2006,6,40,1395.39
126597,Active,278300,NA,NA,S,25,1,484748.205,24.95,2002,47,6.27,58.73
126598,Active,2154132,NA,NA,S,1,0,76654.575,21.95,2011,18,19.13,16.97
126599,Active,1575406,NA,NA,S,0,0,136657.925,29.95,2011,15,19.96,20.5
126600,Active,1938811,NA,NA,S,0,0,32901.8,27.95,2015,19,10.55,17.99
126601,Active,808095,NA,NA,S,0,0,237119.5538,59.99,2013,18,18.93,23.98
126602,Active,636975,NA,NA,S,1,0,262411.3538,49,2005,39,42.98,75.44
126603,Active,190052,NA,NA,S,0,0,50530.2,31.95,2007,23,21.99,25.09
126604,Active,1576319,NA,NA,S,0,0,392440.6513,59.95,2015,38,11.42,38.99
126605,Active,1720911,NA,NA,S,0,0,70475.55,24,2014,7,15.96,14.94
126606,Active,1691794,NA,NA,S,0,0,154891.125,24,2012,13,16.32,15.63
126607,Active,633332,NA,NA,S,0,0,39095.475,52.99,2008,13,30.67,31.27
126608,Active,1718900,NA,NA,S,10,1,41512.68625,22.95,2006,33,12.91,19.27
126609,Active,1874479,NA,NA,S,0,0,24192.2,24.99,2015,13,16.82,17.08
126610,Active,1691775,NA,NA,S,0,0,214300.1,50,2008,10,30.11,31.53
126611,Active,1691714,NA,NA,S,0,0,133538.275,50,2007,13,29.84,31.01
126612,Active,3801413,NA,NA,S,0,0,174892.675,62.99,2013,15,27.98,39.99
126613,Active,2104997,NA,NA,S,0,0,81074.55,35,2013,7,22.27,22.27
126614,Active,2105003,NA,NA,S,1,0,28410.925,39.99,2013,14,28.81,28.47
126615,Active,526815,NA,NA,S,2,1,222395.4188,46,2007,34,4,15.34
126616,Active,924403,NA,NA,S,4,1,6006.0725,69.95,2015,78,27.29,51.68
126617,Active,2282938,NA,NA,S,4,1,84343.45,0,2013,0,0,22.82
126618,Active,2037595,NA,NA,S,0,0,169402.025,26.95,2015,26,15.39,18.99
126619,Active,655612,NA,NA,S,1,0,562143.745,50.95,2010,14,17.47,38.22
126620,Active,3462733,NA,NA,S,6,1,296462,41.95,2016,15,30.87,34.53
126621,Active,646577,NA,NA,S,1,0,416514.205,83,2006,30,14.13,68.73
126622,Active,546789,NA,NA,S,8,1,44840.075,99.99,2012,86,11.44,28.94
126623,Active,866625,NA,NA,S,7,1,18094.6825,97.95,2014,39,41.34,66.5
126624,Active,2007009,NA,NA,S,2,1,68526.225,32.95,2014,11,29.11,36.94
126625,Active,582258,NA,NA,S,1,0,525180.6975,85,2012,45,9.31,42.98
126626,Active,898751,NA,NA,S,1,0,163066.7938,36.95,2014,22,32.84,32.8
126627,Active,2160363,NA,NA,S,0,0,695799.6275,12.95,2009,23,48.87,103.99
126628,Active,689668,NA,NA,S,1,0,131975.5,24.95,2012,12,19.27,19.18
126629,Active,629869,NA,NA,S,0,0,574244.9925,41.95,1977,33,11.9,40.63
126630,Active,2530615,NA,NA,S,0,0,572789.34,47.95,1994,27,16.99,35.74
126631,Active,427945,NA,NA,S,3,1,654112.66,33.6,2010,62,4,11.6
126632,Active,661239,NA,NA,S,1,0,224707.925,80,2010,17,35.12,57.31
126633,Active,690108,NA,NA,S,0,0,102039.6113,30,2012,18,20.04,21.5
126634,Active,689119,NA,NA,S,0,0,44078.6325,32,2012,29,21.03,22.29
126635,Active,1992289,NA,NA,S,0,0,101970.25,69.99,2014,16,47.73,46.58
126636,Active,563827,NA,NA,S,1,0,172126.6613,154.75,2001,27,4.39,33.93
126637,Active,879386,NA,NA,S,1,0,866414.9275,246.47,2013,20,11.42,184
126638,Active,663545,NA,NA,S,0,0,116647.75,57.95,2012,20,42.14,50.99
126639,Active,1592992,NA,NA,S,2,1,192261.375,120,2006,33,33.48,76.49
126640,Active,640816,NA,NA,S,1,0,261276.3013,49.95,2003,25,15.84,43.25
126641,Active,690894,NA,NA,S,0,0,64694.625,28.95,2010,19,24.76,26.06
126642,Active,3694225,NA,NA,S,2,1,567444.85,279.4,2013,26,21.53,73.39
126643,Active,526786,NA,NA,S,8,1,9455.3625,201.5,2010,76,32.29,142.98
126644,Active,614929,NA,NA,S,7,1,19386.73375,216.4,2012,83,21.87,20.99
126645,Active,544578,NA,NA,S,9,1,89876.1825,247.95,2013,54,16.33,68.99
126646,Active,866721,NA,NA,S,3,1,25969.07,266.5,2014,80,53.99,108.74
126647,Active,533684,NA,NA,S,11,1,14608.83125,266.5,2011,80,52.94,107.99
126648,Active,117806,NA,NA,S,12,1,174898.3175,122.67,2004,58,6.04,63.99
126649,Active,223514,NA,NA,S,2,1,24184.65,25,2010,20,16.24,16.88
126650,Active,50162,NA,NA,S,16,1,476419.1838,101.8,2001,78,4,53.38
126651,Active,132879,NA,NA,S,10,1,24424.5425,209,2009,95,8.99,75.74
126652,Active,3231826,NA,NA,S,9,1,1476512,61.23,2005,33,6.5,29.15
126653,Active,537794,NA,NA,S,2,1,721937.3175,140.25,1993,68,4,11.89
126654,Active,285419,NA,NA,S,2,1,47925.71625,185.25,2012,90,10.38,50.46
126655,Active,866289,NA,NA,S,1,0,172871.505,63.9,2009,40,4.48,49.45
126656,Active,253641,NA,NA,S,1,0,111571.425,29.95,2008,32,8.87,15.8
126657,Active,544470,NA,NA,S,9,1,8152.7375,203.95,2013,137,11.99,61.49
126658,Active,515352,NA,NA,S,1,0,215996.9713,116.8,2008,80,7.99,42.71
126659,Active,3485453,NA,NA,S,7,1,158555.35,147.33,2012,35,25.44,120.01
126660,Active,1956570,NA,NA,S,6,1,48709.73375,83.99,2014,67,10.23,81.31
126661,Active,3694381,NA,NA,S,46,1,223345.95,64,2015,18,13.94,48.92
126662,Active,1957222,NA,NA,S,2,1,741169.8263,128,2013,33,5.93,63.88
126663,Active,2261516,NA,NA,S,5,1,589919.7975,118.89,2007,32,16.4,108.57
126664,Active,864747,NA,NA,S,3,1,3943.68625,235.5,2014,120,53.43,83.99
126665,Active,587098,NA,NA,S,0,0,130548.825,34.95,2011,19,30.84,32.05
126666,Active,51303,NA,NA,S,10,1,65231.2725,285.95,2011,60,44.93,200.28
126667,Active,533771,NA,NA,S,9,1,48073.8925,206.95,2012,69,43.26,129.92
126668,Active,872618,NA,NA,S,7,1,16064.83125,197.4,2013,88,44.13,93.99
126669,Active,555459,NA,NA,S,1,0,103081.975,31.95,2007,24,18.98,19.52
126670,Active,618373,NA,NA,S,3,1,17854.49,256.2,2013,79,37.97,49.52
126671,Active,446647,NA,NA,S,9,1,345445.0263,602.99,2008,36,5.01,90.13
126672,Active,864750,NA,NA,S,3,1,2562.17375,121.75,2014,143,38.99,83.99
126673,Active,808991,NA,NA,S,1,0,173765.9788,90.9,2009,23,13.85,57.41
126674,Active,1956569,NA,NA,S,9,1,31657.0875,113.99,2014,47,43.31,129.93
126675,Active,609898,NA,NA,S,13,1,20855.41125,249.95,2014,88,54.85,82.39
126676,Active,247610,NA,NA,S,0,0,72885.6,103,2009,26,36.94,49.52
126677,Active,864751,NA,NA,S,4,1,36349.11,59,2014,41,33.98,50.87
126678,Active,601714,NA,NA,S,2,1,276088.005,60.95,2011,32,8.94,38.63
126679,Active,2582418,NA,NA,S,0,0,547522.97,14.95,2003,18,10.94,13.5
126680,Active,1718577,NA,NA,S,1,0,221969.175,30,2014,12,19.32,27.95
126681,Active,3542024,NA,NA,S,1,0,372396.3,112.75,2009,11,12.94,14.32
126682,Active,246281,NA,NA,S,1,0,415212.305,49.95,2003,28,9.13,29.47
126683,Active,2676142,NA,NA,S,1,0,177554.46,41,2003,115,4,24.41
126684,Active,3694966,NA,NA,S,3,1,41344.95,0,2012,33,4.98,26.44
126685,Active,794090,NA,NA,S,0,0,353892.7725,46.95,2004,30,10.42,40.47
126686,Active,2048218,NA,NA,S,0,0,68129.875,24.95,2010,14,16.96,16.58
126687,Active,2921128,NA,NA,S,4,1,175551.54,64.95,2015,17,47.48,50.83
126688,Active,261412,NA,NA,S,1,0,834134.8925,60,2002,34,9.96,48.97
126689,Active,3785154,NA,NA,S,3,1,77095.6,24.99,2015,13,17.94,18.97
126690,Active,1535752,NA,NA,S,1,0,145508.675,23.95,2013,17,15.31,20.95
126691,Active,1891561,NA,NA,S,1,0,56344.825,34.95,2013,15,27,26.03
126692,Active,663849,NA,NA,S,1,0,110003.2213,75,2013,30,18.09,99.8
126693,Active,1756686,NA,NA,S,3,1,722583.15,81.63,2010,15,12.93,96.31
126694,Active,3829947,NA,NA,S,0,0,4260.925,51.99,2015,19,36,44.84
126695,Active,697235,NA,NA,S,4,1,695225.955,79.55,1997,22,4.68,69.21
126696,Active,2225573,NA,NA,S,0,0,57712.275,20.89,2011,8,26.27,20.89
126697,Active,127283,NA,NA,S,1,0,583161.3163,65.95,2006,21,10.23,28.99
126698,Active,537612,NA,NA,S,7,1,20741.34375,163,2012,47,43.33,67.97
126699,Active,2273647,NA,NA,S,6,1,520070.4,52.25,1900,41,11.51,50.75
126700,Active,1441363,NA,NA,S,7,1,374329.095,205.75,2012,20,39.33,144.32
126701,Active,246589,NA,NA,S,1,0,313113.2925,44.95,2008,21,18.99,31.46
126702,Active,2151513,NA,NA,S,0,0,163184.3,50,2015,13,37.07,31.42
126703,Active,559178,NA,NA,S,0,0,114429.975,55,2005,23,24.39,45.36
126704,Active,721668,NA,NA,S,1,0,770211.5813,99,2007,60,4,11.9
126705,Active,579267,NA,NA,S,0,0,243382.2,24.95,2010,14,21.97,21.71
126706,Active,175120,NA,NA,S,2,1,487882.2213,74.99,2009,50,11.74,56.51
126707,Active,539055,NA,NA,S,3,1,837489.2888,89.95,2014,32,17.19,29.95
126708,Active,415783,NA,NA,S,15,1,259857.7338,301,2007,29,10.83,24.34
126709,Active,594336,NA,NA,S,1,0,770884.7225,169,2010,26,7.74,53.97
126710,Active,1475689,NA,NA,S,2,1,279298.6075,75,2013,16,12.56,49.84
126711,Active,201736,NA,NA,S,0,0,89604.625,106.95,2008,24,13.14,39.37
126712,Active,560727,NA,NA,S,2,1,200390.9288,162.2,2001,29,7.94,80.97
126713,Active,861617,NA,NA,S,0,0,87206.225,42,2013,28,23.4,33.3
126714,Active,542953,NA,NA,S,3,1,547840.095,52.95,2010,49,12.14,46.67
126715,Active,1667878,NA,NA,S,0,0,781918.895,68,2012,18,18.74,33.99
126716,Active,3473364,NA,NA,S,11,1,236172.125,170,2015,21,54.49,57.42
126717,Active,583076,NA,NA,S,4,1,885991,68.25,1999,43,4,6.46
126718,Active,130952,NA,NA,S,7,1,26400.36,183.2,2012,107,29.84,128.98
126719,Active,540179,NA,NA,S,3,1,273884.4913,122.67,2013,30,16.48,110.93
126720,Active,2002782,NA,NA,S,4,1,80579.35,7.99,2015,11,10.76,7.99
126721,Active,140941,NA,NA,S,1,0,485337.5388,51.08,1999,76,4,39.16
126722,Active,570362,NA,NA,S,7,1,768977.885,151.2,2005,22,5.99,60.29
126723,Active,864753,NA,NA,S,3,1,343005.5488,148.95,2012,36,46.99,98.97
126724,Active,127257,NA,NA,S,1,0,791769.9463,49.95,2006,28,9.35,41.74
126725,Active,599361,NA,NA,S,0,0,746161.4338,25,2007,44,4,67.72
126726,Active,53985,NA,NA,S,5,1,35108.335,27.95,2001,1631,4,5.09
126727,Active,2094898,NA,NA,S,0,0,107683.6,30,2014,8,20.96,18.25
126728,Active,601645,NA,NA,S,0,0,522139.69,48,2011,59,15.24,29.97
126729,Active,2090157,NA,NA,S,5,1,73186.99875,26.95,2014,16,19.28,19.61
126730,Active,544584,NA,NA,S,6,1,36924.68,197.95,2013,77,9.98,41.47
126731,Active,3598174,NA,NA,S,1,0,552729.8,60,2004,27,17.97,60
126732,Active,3784958,NA,NA,S,0,0,103654.45,26.95,2014,27,17.46,25.86
126733,Active,580051,NA,NA,S,1,0,82367.425,26.95,2009,36,28.85,29.03
126734,Active,3050921,NA,NA,S,4,1,448787.9063,15.95,2001,26,4,10.98
126735,Active,3802570,NA,NA,S,0,0,151137.625,85,2014,13,17.31,12.56
126736,Active,1483818,NA,NA,S,1,0,76593.325,25,2014,20,16.64,25
126737,Active,647255,NA,NA,S,3,1,615732.6675,82.95,2011,37,13.04,84.58
126738,Active,2141935,NA,NA,S,5,1,110874.7713,27.95,2012,64,16.11,21.54
126739,Active,650049,NA,NA,S,0,0,82827.725,35.99,2010,16,20.15,25.04
126740,Active,1493259,NA,NA,S,0,0,435769.3488,90,2012,55,4.95,19.93
126741,Active,1736223,NA,NA,S,0,0,83702.875,29.99,2009,10,28.5,29.98
126742,Active,1710883,NA,NA,S,0,0,2052.15,24,2011,33,17.99,15.15
126743,Active,3569927,NA,NA,S,0,0,24629.175,24.99,2011,29,16.49,16.54
126744,Active,3960045,NA,NA,S,0,0,14910.7,34.99,2016,14,21.92,20.8
126745,Active,204412,NA,NA,S,0,0,96722.52375,14.99,2006,39,6,10.81
126746,Active,1478489,NA,NA,S,1,0,830389.9463,82,2011,23,8.94,52.53
126747,Active,628061,NA,NA,S,0,0,552364.7713,41.95,2003,22,4.65,44.29
126748,Active,555530,NA,NA,S,0,0,565702.2488,45,2003,26,4.04,27.33
126749,Active,1937809,NA,NA,S,1,0,58436.675,28,2015,41,8.96,9.65
126750,Active,3725946,NA,NA,S,0,0,183907.5,39.99,2014,21,21.93,23.07
126751,Active,867870,NA,NA,S,5,1,21969.2925,181.25,2014,54,44.5,108.87
126752,Active,2143632,NA,NA,S,2,1,20717.5,24.95,2011,17,19.09,20.11
126753,Active,1779291,NA,NA,S,1,0,157433.225,97.25,2014,27,19.99,35.99
126754,Active,1866781,NA,NA,S,0,0,143808.975,24.95,2014,26,10.27,13.93
126755,Active,2501323,NA,NA,S,0,0,58132.9275,21,2004,34,10.93,15.79
126756,Active,267460,NA,NA,S,0,0,3653.45,23.95,2009,49,12.47,14.02
126757,Active,3553693,NA,NA,S,0,0,74894.25,35,2016,8,28.79,29.86
126758,Active,2083876,NA,NA,S,0,0,23650.875,26.99,2011,32,11.44,15.49
126759,Active,2285290,NA,NA,S,2,1,15525.925,0,2014,0,0,7.48
126760,Active,1583700,NA,NA,S,1,0,237870.775,29.99,2010,33,5.24,25.97
126761,Active,667082,NA,NA,S,0,0,9855.175,22.95,2007,24,17.07,15.66
126762,Active,1970345,NA,NA,S,1,0,76301.975,30,2014,35,5.22,5.24
126763,Active,1433800,NA,NA,S,0,0,228290.175,24.99,2014,25,5.19,8.03
126764,Active,1730990,NA,NA,S,1,0,175296.1,35.95,2013,9,30.46,35.61
126765,Active,1891505,NA,NA,S,3,1,70017.30875,12.95,2012,22,11.25,11.56
126766,Active,2015993,NA,NA,S,0,0,45863.4,24.95,2011,41,6.98,17.86
126767,Active,564741,NA,NA,S,3,1,818242.165,44.95,2010,33,11.45,36.54
126768,Active,690037,NA,NA,S,0,0,30727.125,26.88,2013,21,16.24,17.88
126769,Active,676083,NA,NA,S,1,0,44608.6,29.99,2009,50,4,13.99
126770,Active,1918425,NA,NA,S,2,1,700191.1613,24.99,2012,14,48.99,51.57
126771,Active,749767,NA,NA,S,1,0,187394.575,24.99,2007,28,4,8.95
126772,Active,1701378,NA,NA,S,1,0,71769.55,27.95,2009,15,16.29,26.83
126773,Active,2011801,NA,NA,S,1,0,152438.3,26.95,2008,58,4,7.99
126774,Active,201103,NA,NA,S,4,1,338369.78,29.99,2008,20,19.93,22.35
126775,Active,650110,NA,NA,S,0,0,151528.35,49.99,2010,21,35.98,39.98
126776,Active,1932587,NA,NA,S,1,0,209855.65,29.99,2013,14,15.98,19.55
126777,Active,1990173,NA,NA,S,1,0,26845.375,39,2013,10,34.79,34.41
126778,Active,632172,NA,NA,S,1,0,4905.8,34.95,2012,22,16,20.44
126779,Active,1446722,NA,NA,S,1,0,113170.475,69.95,2014,20,45.85,45.85
126780,Active,646898,NA,NA,S,2,1,120711.625,34.99,2013,26,22.07,22.4
126781,Active,545653,NA,NA,S,2,1,49249.64625,166.95,2013,49,35.34,48.99
126782,Active,2163651,NA,NA,S,5,1,97375.75,29.95,2013,10,19.5,19.49
126783,Active,397136,NA,NA,S,4,1,681949.7013,29.95,2009,28,3.99,66.77
126784,Active,924063,NA,NA,S,0,0,481188.9588,7.99,2003,293,3.32,4.94
126785,Active,868172,NA,NA,S,2,1,54372.09,60.25,2015,35,13.49,17.98
126786,Active,1466407,NA,NA,S,8,1,485064.3463,24.95,2015,11,19.56,18.41
126787,Active,690511,NA,NA,S,0,0,85730.45,24.95,2011,17,14.99,18.1
126788,Active,2129924,NA,NA,S,1,0,144809.65,24.95,2015,10,18.99,21.22
126789,Active,545011,NA,NA,S,3,1,2559.65375,89,2012,93,28.94,41.99
126790,Active,198902,NA,NA,S,1,0,532006.2113,71.95,1998,27,4,43.23
126791,Active,3755940,NA,NA,S,0,0,81499.55,65,2015,17,58.37,56.82
126792,Active,653505,NA,NA,S,1,0,151534.45,85,2011,16,33.99,56.39
126793,Active,2086282,NA,NA,S,0,0,108671.875,35,2011,23,28.49,28.69
126794,Active,627458,NA,NA,S,0,0,596461.9738,42,2009,22,18.99,21.99
126795,Active,576376,NA,NA,S,0,0,700145.095,74,2003,33,4,32.09
126796,Active,682377,NA,NA,S,1,0,97613.075,29.95,2008,22,17.75,24.58
126797,Active,249457,NA,NA,S,2,1,58983.76125,25.95,2007,75,7.28,14.99
126798,Active,541653,NA,NA,S,1,0,220249.7575,22.99,2012,28,7.29,13.95
126799,Active,120332,NA,NA,S,2,1,660392.9413,69.99,2009,18,5.9,77.55
126800,Active,3600436,NA,NA,S,1,0,36927.1,54.99,2016,15,31.13,35.29
126801,Active,649018,NA,NA,S,0,0,122509,54,2009,22,29.35,30.65
126802,Active,911302,NA,NA,S,3,1,676147.0113,192.75,2005,18,5.37,162.25
126803,Active,308041,NA,NA,S,1,0,214579.6625,25,2005,42,6.94,18.3
126804,Active,200073,NA,NA,S,2,1,754001.4713,119.95,2004,42,9.71,53.13
126805,Active,913681,NA,NA,S,3,1,21045.05,22.99,2014,19,14.8,12.76
126806,Active,916966,NA,NA,S,0,0,719088.1613,41.95,1991,33,4.39,28.99
126807,Active,546737,NA,NA,S,2,1,463107.12,35,2010,35,4.4,20.64
126808,Active,636342,NA,NA,S,1,0,855002.5438,88,2008,28,4.8,54.98
126809,Active,262722,NA,NA,S,3,1,180554.475,49.95,2006,27,47.48,47.48
126810,Active,864124,NA,NA,S,1,0,124468.425,162,2011,24,32.48,39.58
126811,Active,649731,NA,NA,S,2,1,178293.0563,201.5,2012,54,14.83,51.68
126812,Active,592093,NA,NA,S,0,0,831195.0313,69,2008,21,16.99,54.95
126813,Active,1585635,NA,NA,S,1,0,96877.8,44.99,2013,22,26.4,27.98
126814,Active,631987,NA,NA,S,3,1,340706.8325,227.95,1989,49,13.87,33.97
126815,Active,619413,NA,NA,S,1,0,872322.255,78,2006,47,5.44,23.36
126816,Active,689579,NA,NA,S,2,1,109701.85,26.99,2014,26,12.27,19.35
126817,Active,682335,NA,NA,S,0,0,82538.6,28,2010,46,7.95,12.94
126818,Active,770520,NA,NA,S,1,0,98763.625,219.95,2004,23,23.99,63.97
126819,Active,2247951,NA,NA,S,7,1,28600.125,48.48,2006,35,11.83,35.84
126820,Active,109598,NA,NA,S,7,1,140892.0513,28.75,2006,74,4,27.89
126821,Active,1814402,NA,NA,S,0,0,200175.375,25.99,2014,34,4,8.48
126822,Active,1500924,NA,NA,S,1,0,75886.375,22,2007,56,8.36,14.26
126823,Active,2543055,NA,NA,S,1,0,894066.3413,47.95,2004,33,9.92,37.58
126824,Active,3584722,NA,NA,S,0,0,71828.6,45,2016,14,39.28,37.94
126825,Active,628881,NA,NA,S,0,0,470495.6688,41,2005,26,10.71,23.31
126826,Active,2087685,NA,NA,S,0,0,127574.55,24.95,2014,27,9.28,11.61
126827,Active,109780,NA,NA,S,2,1,79668.575,55.25,2006,44,4.48,36.85
126828,Active,1733468,NA,NA,S,0,0,188520,24.95,2012,25,5.39,16.09
126829,Active,254347,NA,NA,S,0,0,28951.325,25.95,2011,59,9.23,16.99
126830,Active,1478467,NA,NA,S,1,0,153362.175,27.95,2010,21,15.2,23.99
126831,Active,1758791,NA,NA,S,0,0,39595.25,24.95,2014,13,20.68,20.35
126832,Active,1714144,NA,NA,S,0,0,128172.675,24.99,2010,19,11.98,23.98
126833,Active,673809,NA,NA,S,2,1,46175.35,24.99,2011,17,8.17,18.99
126834,Active,1871411,NA,NA,S,3,1,107378.65,24.99,2012,11,22.13,23.3
126835,Active,676559,NA,NA,S,2,1,43322.35,24.99,2007,32,11.11,19.69
126836,Active,2106854,NA,NA,S,2,1,37536.075,24.99,2014,6,18.99,19.99
126837,Active,1680117,NA,NA,S,3,1,98537.5,24.99,2012,24,18.49,21.99
126838,Active,690803,NA,NA,S,3,1,25790.2,31,2013,21,15.99,21.98
126839,Active,890872,NA,NA,S,2,1,119934.775,24.99,2014,19,11.67,16.49
126840,Active,682915,NA,NA,S,0,0,106857.125,24.99,2007,20,16.99,24.99
126841,Active,148959,NA,NA,S,0,0,149161.35,31.88,2008,24,17.2,25.19
126842,Active,1737120,NA,NA,S,6,1,887493.5213,48.79,2008,11,14.49,40.78
126843,Active,1816702,NA,NA,S,7,1,136868.725,0,2013,13,34.49,0
126844,Active,3462759,NA,NA,S,8,1,12937,63.95,2016,13,53.98,58.71
126845,Active,681865,NA,NA,S,0,0,9814.375,21.95,2015,26,13.16,15.73
126846,Active,1526777,NA,NA,S,0,0,49100.375,25.95,2013,25,9.56,17.1
126847,Active,2031584,NA,NA,S,0,0,95133.5,21.95,2008,27,7.25,25.34
126848,Active,1855484,NA,NA,S,7,1,103970.375,24.99,2014,15,17.92,18.04
126849,Active,3743906,NA,NA,S,5,1,108288.5,52.99,2015,24,23.29,29.97
126850,Active,233743,NA,NA,S,1,0,527222.86,66,2006,19,18.99,66
126851,Active,1691541,NA,NA,S,4,1,45081.495,14.99,2013,15,9.98,12.27
126852,Active,766773,NA,NA,S,1,0,713760.0975,30.95,2000,23,6.98,17.88
126853,Active,625212,NA,NA,S,1,0,118695.875,30,2011,69,4,10.98
126854,Active,1779955,NA,NA,S,1,0,73047.9,34.99,2013,33,18.92,12.97
126855,Active,1780902,NA,NA,S,1,0,46998.025,34.99,2014,15,22.65,21.32
126856,Active,1780901,NA,NA,S,1,0,30716.525,26.99,2014,19,16.78,17.57
126857,Active,3960137,NA,NA,S,1,0,20371.7,34.99,2015,17,20.96,22.14
126858,Active,3694513,NA,NA,S,2,1,32179.65,30,2015,16,19.77,20.68
126859,Active,1456328,NA,NA,S,16,1,224466.2388,196,2015,46,41.34,100.59
126860,Active,618572,NA,NA,S,0,0,653317.9675,36.99,2009,66,4,23.67
126861,Active,902499,NA,NA,S,0,0,803484.9575,178.16,2013,21,5.19,54.12
126862,Active,2915529,NA,NA,S,2,1,55824.11625,24.95,2014,14,22.07,20.67
126863,Active,687304,NA,NA,S,1,0,46227.35,26.99,2013,19,10.94,9.96
126864,Active,638395,NA,NA,S,1,0,221791.25,45.95,2009,27,9.24,37.48
126865,Active,660774,NA,NA,S,1,0,779717.2563,39.99,2013,33,6.34,25.98
126866,Active,1908752,NA,NA,S,0,0,74078.875,34.95,2013,9,27.96,33.46
126867,Active,1780900,NA,NA,S,1,0,32045.05,24.99,2014,17,17.31,16.77
126868,Active,3729391,NA,NA,S,0,0,77627,49.99,2016,5,39.48,49.99
126869,Active,1855476,NA,NA,S,0,0,106134.575,49.99,2013,27,12.49,51.98
126870,Active,683989,NA,NA,S,1,0,94895.525,24.95,2007,29,17.05,18.99
126871,Active,3795880,NA,NA,S,1,0,103489.075,37.95,2010,48,4.76,10.95
126872,Active,3561859,NA,NA,S,0,0,53103.95,40,2012,12,26.53,26.54
126873,Active,2016685,NA,NA,S,1,0,18811.925,21.95,2009,33,12.18,16.6
126874,Active,2077877,NA,NA,S,0,0,7621.95,21.95,2014,7,16.41,14.89
126875,Active,1918268,NA,NA,S,0,0,25709.2,26.99,2015,15,16.61,15.17
126876,Active,2015874,NA,NA,S,0,0,66584.2,27.95,2009,20,17.97,20.27
126877,Active,2015878,NA,NA,S,0,0,45191.325,27.95,2010,11,19.7,13.98
126878,Active,2077847,NA,NA,S,0,0,97997.325,25.95,2013,27,7.89,8.05
126879,Active,2051150,NA,NA,S,0,0,24433.85,26.99,2012,19,13.66,13.66
126880,Active,1680211,NA,NA,S,0,0,28652.3,21.99,2013,18,14.34,14.66
126881,Active,781457,NA,NA,S,0,0,213473.025,29.99,2006,30,16.67,20.99
126882,Active,2009719,NA,NA,S,1,0,875640.2063,47.95,2014,18,5.61,99.27
126883,Active,3493700,NA,NA,S,1,0,122335.425,24.95,2010,16,20.21,23.51
126884,Active,1661352,NA,NA,S,4,1,38695.1375,15.95,2010,35,7.24,13
126885,Active,2175813,NA,NA,S,0,0,37991.3,64.99,2015,18,38.84,50.47
126886,Active,2115650,NA,NA,S,0,0,177256.35,29.99,2015,17,31.13,29.98
126887,Active,2249906,NA,NA,S,3,1,678353.9738,60.36,2008,45,5.98,25.51
126888,Active,136008,NA,NA,S,0,0,91664.6,22,2009,54,12.47,17.99
126889,Active,2089224,NA,NA,S,0,0,45387.575,32,2015,12,37.37,30.4
126890,Active,642337,NA,NA,S,0,0,135188.5,89,2011,17,49.99,70.36
126891,Active,649141,NA,NA,S,1,0,204660.575,33.95,2007,19,31.24,33.94
126892,Active,117619,NA,NA,S,3,1,713740.6013,50.4,2004,38,4.23,68.61
126893,Active,628882,NA,NA,S,0,0,669029.14,116,2005,53,4.94,81.13
126894,Active,117568,NA,NA,S,1,0,52810.925,60.95,2010,27,44.12,52.96
126895,Active,2405683,NA,NA,S,1,0,559316.7038,74,1990,24,12.99,70.77
126896,Active,2648373,NA,NA,S,1,0,257980.9275,58.95,1999,22,10.46,16.36
126897,Active,685371,NA,NA,S,1,0,38290.225,27.95,2012,30,16.98,21.23
126898,Active,724020,NA,NA,S,1,0,201123.4,24.95,2012,29,6.79,8.94
126899,Active,2648450,NA,NA,S,1,0,643770.945,63.95,1998,21,12.18,48.87
126900,Active,647905,NA,NA,S,1,0,731539.8625,65.95,2005,28,5.92,52.01
126901,Active,1701601,NA,NA,S,0,0,569731.9175,39.95,2014,10,45.96,39.95
126902,Active,3801865,NA,NA,S,1,0,86383.7,45,2015,10,32.98,36.66
126903,Active,876134,NA,NA,S,7,1,11993.1,103,2014,74,43.99,64
126904,Active,3513349,NA,NA,S,1,0,89577.975,93.75,2015,46,38.35,46.94
126905,Active,689099,NA,NA,S,0,0,74640.4,24.95,2012,21,17.83,21.47
126906,Active,1576445,NA,NA,S,0,0,106628.675,29.95,2012,16,18.99,18.3
126907,Active,881703,NA,NA,S,2,1,344720.3838,31.95,2014,16,28.99,31.94
126908,Active,598011,NA,NA,S,3,1,112836.05,25,2007,25,9.39,19.48
126909,Active,217611,NA,NA,S,2,1,338275.545,26.95,2006,26,21.61,0
126910,Active,247441,NA,NA,S,1,0,674280.7613,60,2010,21,15.63,36.99
126911,Active,626273,NA,NA,S,1,0,62710.8,34.99,2010,22,21.98,21.99
126912,Active,1958502,NA,NA,S,2,1,222882.85,24.95,2011,8,23.73,23.73
126913,Active,680092,NA,NA,S,1,0,129365.325,26.95,2012,19,9.33,23.16
126914,Active,655256,NA,NA,S,0,0,23203.25,35,2013,20,17.98,23.38
126915,Active,1639877,NA,NA,S,0,0,51178.475,26.99,2008,25,14.76,18.93
126916,Active,2264240,NA,NA,S,13,1,169986.175,83.66,2011,19,22.14,32.61
126917,Active,130421,NA,NA,S,9,1,67071.36625,148.4,2011,43,45.06,101.09
126918,Active,172252,NA,NA,S,2,1,81069.825,29.95,2008,12,20.63,27.76
126919,Active,597481,NA,NA,S,0,0,53066.15,26,2010,27,15.13,19.19
126920,Active,3800846,NA,NA,S,2,1,367113.575,91.95,2010,20,28.96,30.47
126921,Active,558704,NA,NA,S,2,1,52109.85,26.95,2009,30,15.87,17.53
126922,Active,1489850,NA,NA,S,0,0,111102.655,28,2015,18,17.63,20.27
126923,Active,2167524,NA,NA,S,1,0,21148.225,24.95,2014,20,16.71,16.77
126924,Active,1687887,NA,NA,S,1,0,894911.6938,62.95,2006,22,7.54,49.32
126925,Active,2541697,NA,NA,S,2,1,404596.585,51.95,2003,17,6.26,50.15
126926,Active,682545,NA,NA,S,4,1,8344.985,35,2013,41,22.69,0
126927,Active,1444516,NA,NA,S,3,1,754141.0963,99.95,2014,30,8.8,77.25
126928,Active,664200,NA,NA,S,7,1,16955.085,80.95,2013,48,48.96,48
126929,Active,2085092,NA,NA,S,1,0,144827.55,28.99,2013,19,14.72,17.71
126930,Active,1908953,NA,NA,S,2,1,381312.5825,36.95,2013,16,34.4,34.4
126931,Active,2041259,NA,NA,S,0,0,62876,24.95,2009,7,19.68,19.89
126932,Active,1625436,NA,NA,S,0,0,60990.875,21,2008,39,12.5,12.82
126933,Active,1433620,NA,NA,S,0,0,27978.975,25.99,2014,64,9.21,13.89
126934,Active,650609,NA,NA,S,1,0,700478.8925,48.95,1998,31,14.33,41.15
126935,Active,2070780,NA,NA,S,1,0,129114.6,35,2010,30,5.89,5.97
126936,Active,2005545,NA,NA,S,0,0,71821.8,25.95,2013,13,11.75,19.59
126937,Active,2019391,NA,NA,S,0,0,170311.85,29.95,2008,24,9.98,10.38
126938,Active,537765,NA,NA,S,1,0,26012.925,29.99,2010,42,14.62,17.26
126939,Active,866627,NA,NA,S,4,1,71002.85625,97.95,2015,39,48.54,53.99
126940,Active,2251978,NA,NA,S,3,1,247952.975,56.04,2008,42,9.93,49.29
126941,Active,545971,NA,NA,S,4,1,263538.185,116.01,2012,30,46.94,88.27
126942,Active,435263,NA,NA,S,10,1,15058.2875,128,2012,86,52.43,73.2
126943,Active,1833589,NA,NA,S,0,0,48719.2,26.99,2014,40,5.05,17.26
126944,Active,682325,NA,NA,S,1,0,97570.75,24.99,2010,14,11.54,13.98
126945,Active,1684999,NA,NA,S,0,0,37636.55,29.95,2012,35,11.43,16.89
126946,Active,1600149,NA,NA,S,0,0,25867.125,28.42,2012,7,36.79,37.88
126947,Active,1745947,NA,NA,S,0,0,52927.7,39.95,2007,8,24.8,28.82
126948,Active,526698,NA,NA,S,2,1,26125.75,29.95,2013,22,18.63,19.94
126949,Active,1576633,NA,NA,S,0,0,124080.075,24.95,2014,16,12.88,15.98
126950,Active,1598380,NA,NA,S,0,0,12612.7,26,2013,21,12.89,15.49
126951,Active,650277,NA,NA,S,3,1,463837.7638,59.99,2009,19,5.49,42.98
126952,Active,1747087,NA,NA,S,0,0,64362.45,24.95,2007,12,19.89,19.84
126953,Active,3758283,NA,NA,S,2,1,38897.75,29,2009,8,29.05,26.61
126954,Active,689512,NA,NA,S,2,1,71129.475,29.95,2007,30,21.64,28.44
126955,Active,2078559,NA,NA,S,2,1,748028.8013,20.99,2010,28,29.98,575.37
126956,Active,644579,NA,NA,S,3,1,87958.9,34.95,2012,23,18.93,21.89
126957,Active,689610,NA,NA,S,0,0,46074.9,24.95,2013,16,18.9,16.98
126958,Active,1780162,NA,NA,S,1,0,45875.65,26.95,2015,15,17.78,17.78
126959,Active,719546,NA,NA,S,1,0,360102.0063,39.99,2003,43,4,6.23
126960,Active,1701651,NA,NA,S,0,0,88071.925,34.95,2014,17,33.11,34.94
126961,Active,2133174,NA,NA,S,1,0,107793.525,29.95,2015,15,24.16,24.16
126962,Active,568071,NA,NA,S,0,0,236684.8,29.95,2011,21,6.88,20.62
126963,Active,1595553,NA,NA,S,2,1,49238.79875,14.95,2010,5,49.87,18.26
126964,Active,150859,NA,NA,S,3,1,60496.525,21.99,2008,32,11.26,11.67
126965,Active,1527977,NA,NA,S,0,0,138193.425,24.95,2007,58,7.84,17
126966,Active,870109,NA,NA,S,2,1,476768.6025,49.95,2001,23,9.39,54.92
126967,Active,630242,NA,NA,S,0,0,108105.55,52.95,2004,26,40.12,45.28
126968,Active,915784,NA,NA,S,6,1,85404.945,43.89,2000,40,34.58,41.68
126969,Active,1660280,NA,NA,S,2,1,596409.7225,38,2014,14,25.25,32.2
126970,Active,702350,NA,NA,S,1,0,172427.35,35,2012,15,7.23,6.05
126971,Active,147650,NA,NA,S,2,1,208425.7438,42.95,2011,29,18.99,32.42
126972,Active,2054638,NA,NA,S,3,1,90926.62,21.99,2006,71,4.48,10.96
126973,Active,571974,NA,NA,S,5,1,737832.2713,164.95,2003,21,5.13,76.91
126974,Active,2058246,NA,NA,S,1,0,328068.3763,19.99,2008,28,4.06,77.26
126975,Active,3526848,NA,NA,S,1,0,33240.75,65,2007,30,24.79,29.9
126976,Active,1989751,NA,NA,S,2,1,71804.8,21.99,2013,13,19.09,19.79
126977,Active,896781,NA,NA,S,2,1,38381.95,24.99,2014,16,17.44,16.84
126978,Active,1932561,NA,NA,S,1,0,158973.625,24.99,2014,25,15.65,16.91
126979,Active,687247,NA,NA,S,1,0,18788.05,25,2013,22,13.77,15.08
126980,Active,2907159,NA,NA,S,0,0,631812.1275,12.95,2000,39,4,94.71
126981,Active,534848,NA,NA,S,1,0,25433.75,27,2009,40,13.99,16.99
126982,Active,593778,NA,NA,S,3,1,127613.625,24.95,2011,15,15.53,18.61
126983,Active,1760267,NA,NA,S,0,0,81561.775,23.95,2014,17,20.03,22.81
126984,Active,1494078,NA,NA,S,0,0,61045,25,2014,16,21.31,22
126985,Active,2043776,NA,NA,S,0,0,12475.275,24.99,2013,27,14.1,15.52
126986,Active,3795045,NA,NA,S,0,0,70832.425,24.99,2015,37,11.11,15.45
126987,Active,2024033,NA,NA,S,0,0,107920.875,25,2011,33,5.97,8.23
126988,Active,3774219,NA,NA,S,0,0,88485.275,26,2015,44,5.89,10.19
126989,Active,2054223,NA,NA,S,1,0,58938.45,40,2009,22,23.52,23.53
126990,Active,3829935,NA,NA,S,0,0,30919.325,65,2016,13,41.1,39.91
126991,Active,858117,NA,NA,S,1,0,168474.975,64.95,2010,9,36.15,0
126992,Active,1461077,NA,NA,S,0,0,9502.63125,9.99,2013,65,4.88,7.98
126993,Active,681068,NA,NA,S,1,0,63368.25,29.95,2008,22,18.99,25.82
126994,Active,612770,NA,NA,S,0,0,11164.6,34.95,2013,41,23.74,23.49
126995,Active,1814811,NA,NA,S,1,0,78186.375,25.99,2014,40,6.13,6.97
126996,Active,1719792,NA,NA,S,0,0,114723.725,24.99,2007,23,12.04,22
126997,Active,1497544,NA,NA,S,0,0,245142.65,39.95,2015,11,32.44,36.35
126998,Active,3472837,NA,NA,S,1,0,454004.5,39.99,2007,29,4.69,30.99
126999,Active,526687,NA,NA,S,4,1,62670.1125,153.95,2009,57,24.42,82.03
127000,Active,526685,NA,NA,S,2,1,79282.9,22,2012,26,8.96,16.05
127001,Active,866290,NA,NA,S,3,1,666727.2238,13,2010,18,26.49,0
127002,Active,1926912,NA,NA,S,1,0,330482.605,16.99,2010,15,10.7,14.25
127003,Active,684215,NA,NA,S,0,0,105032.725,24,2012,15,17.95,17.95
127004,Active,688501,NA,NA,S,0,0,70107,24,2013,19,17.19,17.19
127005,Active,706218,NA,NA,S,11,1,15789.25125,185.25,2014,80,46.57,68.99
127006,Active,1520281,NA,NA,S,0,0,62538.3,37.5,2014,20,27.21,34.57
127007,Active,224627,NA,NA,S,3,1,461801.9263,42,2005,28,10.27,38.08
127008,Active,167758,NA,NA,S,5,1,24272.55,28.95,2008,45,10.51,23.85
127009,Active,610245,NA,NA,S,5,1,124628.4075,115.95,2014,62,13.39,53.95
127010,Active,2724887,NA,NA,S,0,0,98767.67625,29.95,1998,29,13.52,29.98
127011,Active,1718200,NA,NA,S,0,0,101259.825,29.95,2008,12,17.13,19.35
127012,Active,1686588,NA,NA,S,1,0,157491.925,29.95,2008,36,5.21,11.85
127013,Active,2015742,NA,NA,S,0,0,132979.625,21,2014,13,19.32,21
127014,Active,1521199,NA,NA,S,0,0,140661.35,48.75,2012,30,4.34,14.46
127015,Active,864756,NA,NA,S,6,1,59001.63875,129,2014,70,24.99,86.04
127016,Active,550570,NA,NA,S,10,1,441711.5238,151.25,2012,44,11.69,36.8
127017,Active,1453797,NA,NA,S,0,0,243772.25,26.05,2007,10,21.58,25.98
127018,Active,1826873,NA,NA,S,0,0,57881.55,50.95,2013,15,35.7,35.98
127019,Active,1826874,NA,NA,S,1,0,57741.05,50.95,2013,19,28.98,32.06
127020,Active,1826875,NA,NA,S,0,0,139808.475,40.47,2014,6,37.75,37.61
127021,Active,148976,NA,NA,S,0,0,72552.825,32.5,2011,25,25.96,29.21
127022,Active,132082,NA,NA,S,5,1,619454.0425,123,2005,29,5.99,52.52
127023,Active,896970,NA,NA,S,2,1,151872.35,29.95,2015,15,14.15,19.14
127024,Active,115766,NA,NA,S,6,1,319947.7788,165.2,2003,43,34.71,93.69
127025,Active,268418,NA,NA,S,1,0,185890.5875,62,2006,29,13.53,54.98
127026,Active,177280,NA,NA,S,2,1,160138.7688,285.95,2003,35,9.99,138.18
127027,Active,2883879,NA,NA,S,2,1,689571.6975,17.99,1990,58,4,10.66
127028,Active,916690,NA,NA,S,2,1,719878.35,66.97,2006,52,5.56,20.54
127029,Active,3528648,NA,NA,S,1,0,172402.7,45,2010,57,6.57,18.99
127030,Active,2167508,NA,NA,S,4,1,12815.855,20,2014,51,5.83,14.55
127031,Active,2170113,NA,NA,S,6,1,92090.47125,26,2014,45,4.72,18.52
127032,Active,2691070,NA,NA,S,0,0,6435.9125,12.99,2003,36,7.54,8.03
127033,Active,2019337,NA,NA,S,5,1,50021.01,18,2012,25,7.16,13.99
127034,Active,795201,NA,NA,S,1,0,811597.5575,43.95,2010,30,7.22,21.64
127035,Active,533688,NA,NA,S,8,1,27072.5175,108.2,2011,89,29.35,59.94
127036,Active,297016,NA,NA,S,1,0,31929.65,23.99,2013,21,19.82,23.75
127037,Active,295073,NA,NA,S,1,0,65741.05,33,2008,19,22.98,33
127038,Active,591632,NA,NA,S,0,0,760515.3413,46.95,2006,22,3.85,28.99
127039,Active,587666,NA,NA,S,1,0,315568.0888,50.95,2011,78,4.28,16.49
127040,Active,3717557,NA,NA,S,2,1,79602.95,45.95,2015,10,32.63,39.49
127041,Active,144161,NA,NA,S,5,1,737674.355,169.8,2000,49,4.77,0
127042,Active,893032,NA,NA,S,3,1,58234.89,22.99,2013,22,15.74,16.86
127043,Active,1516819,NA,NA,S,1,0,789019.9038,129,2014,23,18.86,60.91
127044,Active,1709791,NA,NA,S,0,0,165580.8,39.95,2010,16,19.39,31.49
127045,Active,911183,NA,NA,S,2,1,104785.1413,129,2014,32,5.43,74.99
127046,Active,597532,NA,NA,S,0,0,171854,22.5,2008,26,7.27,13.98
127047,Active,610149,NA,NA,S,8,1,87372.48,82.95,2014,46,19.03,58.99
127048,Active,681222,NA,NA,S,2,1,96106.395,29.95,2012,61,17.87,19.63
127049,Active,1520672,NA,NA,S,0,0,230192.675,32.47,2009,31,4.09,14.03
127050,Active,918580,NA,NA,S,1,0,133165.275,27.95,2009,67,4.77,20.38
127051,Active,672891,NA,NA,S,1,0,10005.7,22.95,2013,25,15.93,14.99
127052,Active,631634,NA,NA,S,0,0,53561.65,49.99,2009,26,23.69,39.85
127053,Active,2431176,NA,NA,S,3,1,724606.7225,47,1993,24,18.58,67.67
127054,Active,544323,NA,NA,S,4,1,127959.0675,86.95,2013,39,7.44,55.95
127055,Active,1691935,NA,NA,S,0,0,54240,49.99,2014,13,31.98,33.13
127056,Active,770564,NA,NA,S,0,0,113261.45,62.75,2004,70,4,20.6
127057,Active,543190,NA,NA,S,2,1,64189.03,29.95,2012,22,30.27,26.96
127058,Active,2017756,NA,NA,S,0,0,245083.55,24,2013,20,14.62,23.14
127059,Active,572107,NA,NA,S,2,1,833996.3138,47.95,2006,32,4,18.56
127060,Active,292146,NA,NA,S,1,0,783092.88,118.95,2004,28,12.71,35.05
127061,Active,1687575,NA,NA,S,5,1,38671.025,24.95,2007,23,13.91,16.95
127062,Active,596329,NA,NA,S,0,0,74227.125,22,2008,16,14.61,18.26
127063,Active,1695982,NA,NA,S,0,0,106247.775,45,2014,12,35.48,28.56
127064,Active,686732,NA,NA,S,1,0,44797.375,30,2011,15,25.49,26.18
127065,Active,618244,NA,NA,S,1,0,19936.5,38.25,2012,35,14.54,25.35
127066,Active,654149,NA,NA,S,2,1,615792.515,47,2006,23,16.83,72.5
127067,Active,637109,NA,NA,S,1,0,129042.175,80,2009,35,41.97,46.96
127068,Active,657559,NA,NA,S,1,0,868368.765,45.95,2008,52,15.32,32.85
127069,Active,562334,NA,NA,S,3,1,110204.325,38.13,2009,11,36.87,36.88
127070,Active,573588,NA,NA,S,1,0,118007.0413,18.99,1999,133,4,9.28
127071,Active,547121,NA,NA,S,5,1,33982.55,20.95,2011,29,14.34,17.96
127072,Active,596457,NA,NA,S,1,0,229006.4,32.95,2008,28,9.48,13.82
127073,Active,2076022,NA,NA,S,0,0,61121.325,27,2010,16,22.09,21.53
127074,Active,560832,NA,NA,S,2,1,475796.3363,122.8,2004,45,4,18.99
127075,Active,1709810,NA,NA,S,0,0,67311.7,37.95,2009,11,21.94,37.95
127076,Active,770179,NA,NA,S,0,0,829286.15,104.45,2002,14,8.04,8.99
127077,Active,1520661,NA,NA,S,0,0,145912.9,25.97,2011,20,9.96,18.6
127078,Active,1520665,NA,NA,S,0,0,136733.975,25.97,2011,19,7.97,12.68
127079,Active,562364,NA,NA,S,0,0,293407.8813,45.47,2007,112,4,13.49
127080,Active,1520669,NA,NA,S,0,0,176788.125,32.47,2011,33,6.11,29.08
127081,Active,616127,NA,NA,S,0,0,73447.125,43.97,2007,60,4.36,13.99
127082,Active,3832773,NA,NA,S,0,0,130457.175,60,2016,14,39.22,38.97
127083,Active,772462,NA,NA,S,0,0,808526.1088,87.5,2005,41,4,14.09
127084,Active,770467,NA,NA,S,0,0,315961.69,40.1,2004,71,4,8.99
127085,Active,770468,NA,NA,S,0,0,280430.9425,40.1,2004,63,4,8.59
127086,Active,770469,NA,NA,S,0,0,354654.1213,40.1,2004,68,4,7.49
127087,Active,2599257,NA,NA,S,0,0,718392.2888,59.99,1992,30,13.95,39.97
127088,Active,1490788,NA,NA,S,0,0,61533.25,27.95,2015,19,15.28,21.46
127089,Active,682069,NA,NA,S,0,0,100115.1,24.99,2012,20,16.98,17.87
127090,Active,915390,NA,NA,S,2,1,224425.9375,62.95,2013,48,19.98,37.07
127091,Active,902198,NA,NA,S,2,1,347614.445,48.95,2013,36,15.99,28.28
127092,Active,580194,NA,NA,S,2,1,11121.525,24.95,2012,36,13.96,16.18
127093,Active,57883,NA,NA,S,2,1,537845.9313,99.95,1999,34,4,24.97
127094,Active,2529130,NA,NA,S,1,0,744757.6975,43.95,1994,58,6.39,33.07
127095,Active,873594,NA,NA,S,3,1,11052.745,72.25,2015,56,40.09,57.48
127096,Active,915805,NA,NA,S,0,0,460594.3588,25.95,2002,46,9.97,66.89
127097,Active,1701611,NA,NA,S,0,0,53912.625,31.95,2014,11,24.39,31.95
127098,Active,580394,NA,NA,S,2,1,72224,23.95,2010,14,15.74,16.44
127099,Active,579951,NA,NA,S,0,0,206917.625,27.95,2011,22,11.74,22.26
127100,Active,276042,NA,NA,S,1,0,157887.55,47.5,2008,30,9.01,42.07
127101,Active,144952,NA,NA,S,0,0,135259.875,111,2007,28,34.54,57.98
127102,Active,862261,NA,NA,S,3,1,8314.5275,54.25,2014,60,13.89,37.39
127103,Active,208119,NA,NA,S,0,0,172150.275,39,2009,14,4.33,35.99
127104,Active,573931,NA,NA,S,0,0,181584.2,58,2008,11,39.99,50.05
127105,Active,632019,NA,NA,S,2,1,44981.06875,56.95,2013,66,22.68,46.93
127106,Active,526667,NA,NA,S,6,1,217491.5113,64.4,2011,35,15.29,43.99
127107,Active,2335267,NA,NA,S,0,0,805488.5238,45.1,1993,23,4,61.93
127108,Active,638044,NA,NA,S,2,1,860559.3063,115.4,1991,42,4,50.43
127109,Active,538635,NA,NA,S,8,1,88753.83375,96,2013,61,17.12,68.08
127110,Active,587548,NA,NA,S,0,0,570081.8375,35.2,2010,31,4.79,0
127111,Active,115225,NA,NA,S,1,0,156898.8138,127.4,2001,58,8.14,14.94
127112,Active,2096475,NA,NA,S,0,0,29283.25,0,2014,24,3.55,12.49
127113,Active,2079646,NA,NA,S,0,0,30995.775,24.99,2012,22,9.61,16.25
127114,Active,1600537,NA,NA,S,0,0,76476.725,0,2013,29,4,0
127115,Active,140307,NA,NA,S,0,0,35634.7,22.95,2007,70,5.95,7.09
127116,Active,2105759,NA,NA,S,0,0,4162.375,29.95,2014,20,19.36,19.41
127117,Active,689685,NA,NA,S,0,0,89827.5,29,2012,15,22.52,23.15
127118,Active,3960229,NA,NA,S,0,0,59495.575,29.95,2014,14,20.74,20.23
127119,Active,189809,NA,NA,S,0,0,86624.025,105,2005,24,47.98,51.97
127120,Active,189862,NA,NA,S,0,0,88643.025,125,2007,20,42.39,70.97
127121,Active,640570,NA,NA,S,1,0,201634.475,87.5,2008,18,4.28,10
127122,Active,1640663,NA,NA,S,0,0,93325.975,20.99,2010,10,14.77,13.99
127123,Active,545099,NA,NA,S,0,0,94125.65,40,2009,37,7.68,21.51
127124,Active,630083,NA,NA,S,1,0,44459.175,35,2009,40,20.42,21.71
127125,Active,622043,NA,NA,S,0,0,74075.65,79.99,2005,21,26.7,47.18
127126,Active,665619,NA,NA,S,3,1,218673.685,33,2009,19,23.99,31.3
127127,Active,108911,NA,NA,S,12,1,320444.4588,83.94,2004,42,12.84,451.44
127128,Active,541073,NA,NA,S,9,1,248916.785,64.95,2012,27,18.94,39.22
127129,Active,889166,NA,NA,S,3,1,12147.965,22.99,2015,28,15.98,12.14
127130,Active,672940,NA,NA,S,2,1,2077.85,22.99,2013,37,16.18,12.39
127131,Active,627624,NA,NA,S,1,0,82251.95,177.95,2004,31,29.48,62.99
127132,Active,586752,NA,NA,S,0,0,716627.9588,212.89,2001,18,17.57,116.23
127133,Active,679762,NA,NA,S,0,0,21649.225,24.99,2012,23,13.52,12.98
127134,Active,682531,NA,NA,S,0,0,113612.025,24.95,2013,18,7.99,9.99
127135,Active,1495683,NA,NA,S,1,0,189853.35,23,2009,56,4,10.77
127136,Active,2105772,NA,NA,S,0,0,47324.475,39.95,2014,24,17.99,23.27
127137,Active,422302,NA,NA,S,2,1,226428.7325,164.8,2009,43,9.88,33.29
127138,Active,2257174,NA,NA,S,2,1,904771.525,0,2009,26,27.31,39.21
127139,Active,526656,NA,NA,S,2,1,670025.0588,90,2005,28,18.16,42.75
127140,Active,553784,NA,NA,S,1,0,86143.925,51.99,2010,25,21.98,28.42
127141,Active,1946611,NA,NA,S,1,0,53962.875,106.25,2014,23,27.9,28.89
127142,Active,586858,NA,NA,S,0,0,168743.375,23.95,2010,23,9.93,11.94
127143,Active,676086,NA,NA,S,0,0,128945.4,27.95,2009,65,5.47,10.85
127144,Active,675258,NA,NA,S,0,0,49329.85,21.95,2007,64,4.99,16.95
127145,Active,677828,NA,NA,S,0,0,106179.15,24.95,2011,46,6.21,11.91
127146,Active,681245,NA,NA,S,0,0,73408.25,24.95,2012,42,4.57,7.68
127147,Active,632061,NA,NA,S,1,0,68303.95,41.75,2013,33,11.57,23.99
127148,Active,3746440,NA,NA,S,4,1,466298.95,106.25,2015,36,33.34,18.99
127149,Active,3484523,NA,NA,S,1,0,93395.45,99,2015,20,48.98,48.99
127150,Active,540504,NA,NA,S,3,1,242085.425,79.99,2004,32,23.96,64.58
127151,Active,1872781,NA,NA,S,0,0,166964.325,35,2008,14,20.97,20.98
127152,Active,146462,NA,NA,S,1,0,454836.8888,59.99,2010,56,5.64,18.98
127153,Active,660725,NA,NA,S,1,0,247182.335,74.99,2013,19,45.99,48.4
127154,Active,637684,NA,NA,S,1,0,351862.375,59.99,2012,60,10.17,42.33
127155,Active,146463,NA,NA,S,1,0,719437.0088,49.99,2010,33,3.98,23.98
127156,Active,300854,NA,NA,S,8,1,152152.1,34.95,2011,26,4,16.99
127157,Active,711638,NA,NA,S,0,0,12211.275,19.38,2003,31,8.39,16.49
127158,Active,667628,NA,NA,S,0,0,58251.225,21.5,2012,27,11.01,15.96
127159,Active,667216,NA,NA,S,0,0,72044.975,23,2012,22,6.71,17.47
127160,Active,665139,NA,NA,S,0,0,32511.175,23,2012,20,11.19,13.99
127161,Active,665721,NA,NA,S,0,0,121739.7,23,2012,22,4,19.98
127162,Active,1452540,NA,NA,S,0,0,207625.95,23,2012,10,18.93,18.94
127163,Active,647502,NA,NA,S,0,0,189504.8,21,2009,23,3.85,20.46
127164,Active,649004,NA,NA,S,0,0,22449.1,23,2009,26,11.94,13.99
127165,Active,2120979,NA,NA,S,0,0,31947.95,25.95,2011,9,18.37,15.58
127166,Active,678953,NA,NA,S,0,0,207387.625,27.99,2011,18,10.13,19.35
127167,Active,580056,NA,NA,S,1,0,84285.175,28,2010,24,14.99,22.17
127168,Active,679266,NA,NA,S,1,0,21014.5,27.95,2010,49,7.1,16.99
127169,Active,2002211,NA,NA,S,2,1,45002.9,38.9,2014,5,38.8,35
127170,Active,1720265,NA,NA,S,0,0,202314.175,39.99,2007,9,29.87,29.89
127171,Active,2045198,NA,NA,S,1,0,89434.05,39.95,2013,16,25.24,26.06
127172,Active,537135,NA,NA,S,5,1,77454.11125,61.95,2012,42,28.99,49.32
127173,Active,1498615,NA,NA,S,0,0,68939.725,36.99,2010,16,24.69,22.46
127174,Active,1890578,NA,NA,S,3,1,9652.1,26,2008,31,13.13,13.29
127175,Active,2598191,NA,NA,S,0,0,452904.7425,49.99,1993,27,4.98,35.97
127176,Active,1532474,NA,NA,S,0,0,28038.375,24,2007,45,9.96,13.98
127177,Active,2096805,NA,NA,S,0,0,38723.1,29.95,2015,16,18.53,20.59
127178,Active,2045989,NA,NA,S,0,0,119276.025,29.95,2009,23,11.49,40.58
127179,Active,2112312,NA,NA,S,0,0,67860.35,29.95,2015,9,26.41,22.78
127180,Active,1937704,NA,NA,S,1,0,9095.8,35,2014,59,5.17,13.17
127181,Active,3741532,NA,NA,S,0,0,617170.05,59.99,2014,56,4.98,23.88
127182,Active,1814405,NA,NA,S,1,0,107329.55,29.99,2014,37,7.95,9.98
127183,Active,2283448,NA,NA,S,2,1,39037.525,0,2013,0,0,7.48
127184,Active,722496,NA,NA,S,1,0,672112.15,41.95,2007,45,4.82,15.43
127185,Active,2814204,NA,NA,S,2,1,453092.8075,61,1999,42,4.45,31.74
127186,Active,526648,NA,NA,S,3,1,15236.27875,18.95,1999,239,4,8.94
127187,Active,2089806,NA,NA,S,0,0,30499.025,39.95,2015,13,25.99,27.55
127188,Active,601410,NA,NA,S,1,0,178507.55,34.95,2010,22,19.99,25.83
127189,Active,3521993,NA,NA,S,0,0,61452.05,27.96,2014,25,16.17,19.65
127190,Active,1984187,NA,NA,S,0,0,8796.85,22.95,2013,8,18.9,19.09
127191,Active,686768,NA,NA,S,1,0,16352.225,24.99,2011,17,17.45,19.37
127192,Active,810270,NA,NA,S,0,0,32798.175,25,2008,39,4.47,13.86
127193,Active,2101572,NA,NA,S,0,0,23721.625,23.99,2013,27,10.45,13.76
127194,Active,3795908,NA,NA,S,0,0,2107.55,27.95,2015,34,19.08,17.17
127195,Active,686642,NA,NA,S,1,0,127593.25,26.95,2013,27,4.15,9.38
127196,Active,2441750,NA,NA,S,0,0,754841.6475,50,1995,21,13.99,35.14
127197,Active,2082483,NA,NA,S,0,0,418167.57,24,2010,11,21.82,22
127198,Active,127097,NA,NA,S,1,0,31848.375,28.95,2007,25,21.97,23.4
127199,Active,2112364,NA,NA,S,0,0,35344.875,26.95,2014,14,17.1,17.72
127200,Active,2140658,NA,NA,S,0,0,54719.85,24.95,2009,67,8.63,11.86
127201,Active,1490476,NA,NA,S,0,0,192614.9,34,2012,11,20.34,22.16
127202,Active,1707781,NA,NA,S,1,0,79659.075,75,2014,31,34.7,62.5
127203,Active,749489,NA,NA,S,1,0,456291.7975,65,2005,25,17.09,46.78
127204,Active,871859,NA,NA,S,1,0,195304.7988,78.04,2010,14,18.14,63.93
127205,Active,261279,NA,NA,S,1,0,700339.1538,45,1999,62,4,4.4
127206,Active,2812907,NA,NA,S,0,0,679905.8888,58,1996,32,4,45.54
127207,Active,2529539,NA,NA,S,2,1,620509.4,48.95,1993,18,14.97,37.46
127208,Active,621642,NA,NA,S,0,0,291120.0613,50,1989,55,4,28.49
127209,Active,898620,NA,NA,S,0,0,19184.6,24.99,2014,19,17.87,17.59
127210,Active,1935977,NA,NA,S,0,0,181167.6563,19.99,2010,46,4.99,59.47
127211,Active,1488810,NA,NA,S,3,1,166882.175,34.95,2010,13,33.77,33.18
127212,Active,618671,NA,NA,S,3,1,77413.32375,36,1995,29,21.89,31.56
127213,Active,1890847,NA,NA,S,0,0,30639.7,28,2012,16,19.62,19.62
127214,Active,1720836,NA,NA,S,0,0,195745.45,27,2013,15,18.36,17.69
127215,Active,1720801,NA,NA,S,2,1,175641.775,25,2011,17,7.83,16.55
127216,Active,689205,NA,NA,S,1,0,34435.1,29.95,2009,17,21.4,20.42
127217,Active,194154,NA,NA,S,0,0,96364.175,69,2009,35,32.75,35.89
127218,Active,3814890,NA,NA,S,1,0,69962.45,29.95,2009,37,9.72,21.11
127219,Active,2020615,NA,NA,S,0,0,16401.2,28,2015,15,20.6,16.83
127220,Active,2115946,NA,NA,S,0,0,148192.9,20.95,2010,42,6.48,11.98
127221,Active,163233,NA,NA,S,1,0,234673.41,29.95,2011,36,4,33.98
127222,Active,861627,NA,NA,S,0,0,325690.5638,39.95,2013,9,36.43,0
127223,Active,639695,NA,NA,S,1,0,393238.545,59.99,2013,28,26.85,33.99
127224,Active,1430399,NA,NA,S,2,1,92942.45,21.99,2009,23,12.01,15.23
127225,Active,1831179,NA,NA,S,0,0,73522.375,22.99,2012,48,8.34,8.68
127226,Active,1432356,NA,NA,S,1,0,59387.325,26.99,2011,68,4.48,15.58
127227,Active,1523806,NA,NA,S,1,0,9836.05,25,2014,23,7.68,11.86
127228,Active,796608,NA,NA,S,0,0,555838.165,19.99,2010,14,71.92,53.99
127229,Active,1832913,NA,NA,S,0,0,786583.4675,19.99,2012,13,35.91,48.99
127230,Active,3541936,NA,NA,S,1,0,84805.05,23,2007,27,7.43,13.52
127231,Active,1712707,NA,NA,S,1,0,24082.25,22.5,2014,19,20.7,17.92
127232,Active,1493081,NA,NA,S,0,0,205072.7,29.95,2014,10,26.34,22.94
127233,Active,1715826,NA,NA,S,0,0,89758.375,26.95,2012,20,18.78,24.15
127234,Active,1715702,NA,NA,S,0,0,119447.325,26.95,2010,13,22.99,24.37
127235,Active,920104,NA,NA,S,1,0,568832.4613,52.5,2002,52,4,16.96
127236,Active,1626013,NA,NA,S,0,0,39073.575,35,2015,14,31.25,31.25
127237,Active,635222,NA,NA,S,0,0,700257.8388,37.95,2008,16,25.07,34.51
127238,Active,1478176,NA,NA,S,1,0,141953.65,26.95,2012,15,22.21,22.08
127239,Active,483639,NA,NA,S,0,0,168025.15,25,2011,15,19.1,19.39
127240,Active,1576736,NA,NA,S,0,0,99228.575,34.95,2014,17,21.46,25.81
127241,Active,221066,NA,NA,S,0,0,212064.925,32.95,2007,20,11.99,11.99
127242,Active,1697762,NA,NA,S,0,0,110239.75,21.95,2011,16,16.7,18.36
127243,Active,3123879,NA,NA,S,0,0,760827.5913,32.95,1993,43,4.48,8.52
127244,Active,2140501,NA,NA,S,1,0,80423.475,48,2010,8,39.22,35.89
127245,Active,3820443,NA,NA,S,1,0,97293.225,29.95,2011,13,23.79,23.82
127246,Active,3805930,NA,NA,S,0,0,118979.7,45,2015,17,13.6,31.5
127247,Active,3730849,NA,NA,S,0,0,88693.575,32.95,2016,13,24.51,24.76
127248,Active,914469,NA,NA,S,5,1,517959.8763,124.99,2002,42,7.46,16.23
127249,Active,2111685,NA,NA,S,0,0,117852.05,35,2013,20,23.33,23.76
127250,Active,2167490,NA,NA,S,0,0,68971,33.99,2014,5,48.97,48.32
127251,Active,665507,NA,NA,S,0,0,225210.325,72,2011,30,5.77,53.66
127252,Active,662550,NA,NA,S,1,0,173165.45,70,2011,20,53.84,64.99
127253,Active,2104049,NA,NA,S,1,0,80929.95,22.95,2015,40,9.39,15.61
127254,Active,864030,NA,NA,S,2,1,67242.425,34.95,2011,21,24.14,24.15
127255,Active,2396490,NA,NA,S,1,0,25315.7,68,2003,26,33.94,63.99
127256,Active,217266,NA,NA,S,0,0,805960.0863,42,2004,41,6.8,28.42
127257,Active,2163197,NA,NA,S,1,0,87177.125,39.95,2012,18,33.45,35.22
127258,Active,2912069,NA,NA,S,1,0,56386.70625,24.95,2005,20,16.77,19.57
127259,Active,1471191,NA,NA,S,1,0,67290.925,31.95,2013,18,24.09,24.57
127260,Active,2023578,NA,NA,S,0,0,74405.75,24,2015,22,5.18,5.37
127261,Active,3787173,NA,NA,S,0,0,64784.6,100,2015,37,53.94,63.15
127262,Active,2265856,NA,NA,S,4,1,222797,42.08,2012,14,36.86,40.27
127263,Active,1691693,NA,NA,S,0,0,85659.375,54.99,2006,18,33.89,35.72
127264,Active,1557322,NA,NA,S,1,0,327167.895,39.95,2014,11,31.94,35.48
127265,Active,2162482,NA,NA,S,0,0,106126.475,22,2013,9,25.31,25.18
127266,Active,3462246,NA,NA,S,8,1,146693,58.95,2016,14,46.72,56.94
127267,Active,268827,NA,NA,S,4,1,384913.125,105,2011,31,13.37,99.81
127268,Active,720359,NA,NA,S,0,0,616226.37,45,2001,54,4,23.98
127269,Active,679538,NA,NA,S,1,0,171784.95,28,2012,38,6.66,9.94
127270,Active,538464,NA,NA,S,5,1,69652.465,105.25,2013,54,35.19,60.32
127271,Active,161911,NA,NA,S,7,1,58510.44125,155.75,2008,44,24.97,50.72
127272,Active,899247,NA,NA,S,2,1,560123.7275,51,2014,36,11.74,13.98
127273,Active,2025366,NA,NA,S,5,1,157079.8125,99,2014,32,18.64,2346.73
127274,Active,871683,NA,NA,S,0,0,273854.255,52,2014,36,6.94,23.99
127275,Active,594653,NA,NA,S,1,0,123187.4,119.95,2011,30,45.99,57.03
127276,Active,1593485,NA,NA,S,6,1,385352.8038,130,2009,21,9.94,96.9
127277,Active,3880024,NA,NA,S,0,0,38126.85,55,1900,12,41.64,38.2
127278,Active,684741,NA,NA,S,1,0,67053.275,29.95,2013,41,4,5.23
127279,Active,1964522,NA,NA,S,1,0,95706.25,25.95,2014,14,22.91,19.97
127280,Active,1747976,NA,NA,S,1,0,49955.95,27.95,2011,22,16.51,19.55
127281,Active,2054260,NA,NA,S,0,0,30875.625,40,2015,13,22.97,25.39
127282,Active,2085150,NA,NA,S,1,0,62031.95,26.99,2014,34,10.23,17.38
127283,Active,1924200,NA,NA,S,0,0,77113.425,26,2013,15,23.55,22.77
127284,Active,3799065,NA,NA,S,0,0,71359.95,29.95,2013,39,15.77,22.32
127285,Active,677635,NA,NA,S,0,0,197850.1,26.95,2010,25,5.84,15.98
127286,Active,1870726,NA,NA,S,0,0,30074.4,27,2013,26,15.16,17.71
127287,Active,866021,NA,NA,S,0,0,99340.55,53,2006,43,10.12,24.95
127288,Active,1697076,NA,NA,S,0,0,29072.9,25,2015,25,13.61,16.24
127289,Active,1557002,NA,NA,S,2,1,41133.725,22.95,2013,11,17.29,17.29
127290,Active,2079715,NA,NA,S,0,0,15881.45,50,2014,16,34.66,28
127291,Active,2021546,NA,NA,S,1,0,96012.825,24.99,2013,37,10.75,16.58
127292,Active,683965,NA,NA,S,1,0,46695.525,24.95,2009,21,14.91,18.65
127293,Active,2698068,NA,NA,S,2,1,767287.835,55.95,2002,28,5.45,45.91
127294,Active,2283102,NA,NA,S,2,1,58375,0,2014,0,0,4.49
127295,Active,2154346,NA,NA,S,2,1,10651.675,23.95,2011,30,9.79,16.96
127296,Active,641642,NA,NA,S,1,0,33187.225,34.95,2007,35,16.95,21.21
127297,Active,577695,NA,NA,S,1,0,58581.25,32,2000,29,19.86,21.23
127298,Active,687931,NA,NA,S,0,0,34906.05,26,2013,23,15.12,16.27
127299,Active,2442379,NA,NA,S,2,1,260980.3288,229,1992,41,15.44,58.94
127300,Active,2808875,NA,NA,S,0,0,12164.5375,8.99,1996,141,4,5.82
127301,Active,2010992,NA,NA,S,0,0,746331.8775,19.95,2008,43,7.05,51.24
127302,Active,555533,NA,NA,S,1,0,324450.3438,44.95,2004,24,8.49,24.97
127303,Active,1486595,NA,NA,S,0,0,872351.0775,43,2012,23,8.25,29.73
127304,Active,269498,NA,NA,S,0,0,273235.325,43,2005,25,12.02,38.56
127305,Active,677746,NA,NA,S,2,1,83575.175,24.95,2008,35,5.91,20.18
127306,Active,662192,NA,NA,S,1,0,170243.175,60,2012,22,24.99,32.92
127307,Active,1488404,NA,NA,S,0,0,229592.425,36,2014,13,28.58,35.66
127308,Active,129490,NA,NA,S,2,1,16956.225,24.95,2011,42,15.27,15.73
127309,Active,117781,NA,NA,S,8,1,87282.33875,140.8,2015,83,11.14,16.72
127310,Active,246264,NA,NA,S,0,0,500761.5038,46.95,2006,27,19.56,30.24
127311,Active,658181,NA,NA,S,0,0,722250.9375,69.95,2013,23,7.39,49.51
127312,Active,2116553,NA,NA,S,0,0,218707.925,30.95,2010,19,31.51,32.44
127313,Active,903932,NA,NA,S,2,1,59048.725,24.95,2013,13,17.85,24.95
127314,Active,2053329,NA,NA,S,0,0,393257.4975,103.27,2007,21,13.36,74.62
127315,Active,54332,NA,NA,S,9,1,172891.06,62,2003,45,4,39.37
127316,Active,120992,NA,NA,S,7,1,525080.38,49,1998,41,4,15.99
127317,Active,3749436,NA,NA,S,1,0,431683.95,76.44,2013,28,4.66,74.01
127318,Active,542308,NA,NA,S,0,0,26111.2,22,2009,21,15.44,15.45
127319,Active,678848,NA,NA,S,0,0,44393.45,27.5,2013,69,5.09,8.48
127320,Active,3793472,NA,NA,S,0,0,31832.9,24.95,2014,22,4.91,5.08
127321,Active,669008,NA,NA,S,1,0,435961.85,52.95,2012,32,12.84,43.34
127322,Active,656128,NA,NA,S,0,0,640253.255,75.95,1998,22,4.53,55.13
127323,Active,1696167,NA,NA,S,0,0,161062.725,29.95,2009,27,9.85,26.99
127324,Active,823366,NA,NA,S,1,0,103620.55,32,2007,41,7.32,10.49
127325,Active,1743990,NA,NA,S,0,0,126811.85,49.95,2008,16,29.56,33.6
127326,Active,2137906,NA,NA,S,0,0,69148.85,60,2014,18,38.87,41.23
127327,Active,139364,NA,NA,S,1,0,188206.975,28.5,2011,46,4,12.9
127328,Active,1508826,NA,NA,S,0,0,112670.7,45,2014,17,21.88,26.18
127329,Active,3043177,NA,NA,S,0,0,275225.6763,55,2001,31,8.62,68.45
127330,Active,1639390,NA,NA,S,0,0,133618.975,21.99,2011,20,7.24,15.56
127331,Active,781778,NA,NA,S,3,1,678834.8175,29.99,2008,22,17.21,24.12
127332,Active,3043015,NA,NA,S,0,0,650034.585,49.95,1998,36,4.39,12.76
127333,Active,1717626,NA,NA,S,4,1,51498.625,32,2012,8,30.4,30.4
127334,Active,2026876,NA,NA,S,0,0,134139.075,45,2008,19,12.41,33.99
127335,Active,2060288,NA,NA,S,2,1,34383.325,22.95,2010,20,9.55,11.98
127336,Active,637630,NA,NA,S,1,0,14715.575,37.5,2013,44,16.98,20.89
127337,Active,673078,NA,NA,S,1,0,13125.375,23,2013,44,6.08,7.63
127338,Active,117799,NA,NA,S,2,1,31147.49875,206.8,2006,53,53.98,78.99
127339,Active,3206742,NA,NA,S,2,1,138106.92,29.94,2013,22,24.99,24.29
127340,Active,650009,NA,NA,S,1,0,97732.675,55,2010,34,35.94,42.77
127341,Active,1738681,NA,NA,S,2,1,193034.4,24.95,2008,19,5.81,24.94
127342,Active,246544,NA,NA,S,1,0,400184.8813,49.95,2007,19,7.49,39.53
127343,Active,2648852,NA,NA,S,2,1,726372.6225,66.95,2000,50,6.98,25.3
127344,Active,544872,NA,NA,S,2,1,249852.7975,66.95,2009,35,5.19,48.54
127345,Active,2162468,NA,NA,S,2,1,93709.175,22,2011,19,8.71,13.44
127346,Active,908043,NA,NA,S,2,1,532360.9563,48.95,2012,23,11.3,23.99
127347,Active,2063804,NA,NA,S,0,0,178874.9,49.95,2014,15,36.19,49.95
127348,Active,3495762,NA,NA,S,1,0,144622.575,80,2012,31,31.47,33.94
127349,Active,557052,NA,NA,S,1,0,154174.2,21.95,2012,32,6.96,12.55
127350,Active,802745,NA,NA,S,7,1,663514.6463,24.99,2012,33,4,0
127351,Active,1630873,NA,NA,S,0,0,66075.25,59.95,2013,24,37.67,37.28
127352,Active,262333,NA,NA,S,2,1,596575.3513,17.95,2002,93,4,9.66
127353,Active,544095,NA,NA,S,7,1,60456.47875,101.5,2013,31,48.89,68.99
127354,Active,1652422,NA,NA,S,1,0,104019.2,39.95,2012,17,24.99,28.48
127355,Active,866823,NA,NA,S,6,1,129155.8275,81,2014,33,37.95,53.94
127356,Active,615404,NA,NA,S,0,0,84854.8,39.99,2012,29,9.11,21.82
127357,Active,1741518,NA,NA,S,2,1,76632.425,29.99,2013,17,17.53,19.99
127358,Active,3499011,NA,NA,S,0,0,8885.675,24.99,2007,10,19.26,15.54
127359,Active,1484556,NA,NA,S,0,0,178443.025,21,2008,16,19.94,20.76
127360,Active,638391,NA,NA,S,1,0,161665.95,62.95,2009,62,31.87,39.51
127361,Active,913278,NA,NA,S,1,0,512623.22,40,1989,24,4.39,172.37
127362,Active,3746446,NA,NA,S,10,1,2219,0,2016,28,48.99,32.79
127363,Active,1434062,NA,NA,S,1,0,140647.95,27.99,2015,46,5.88,10.11
127364,Active,1946546,NA,NA,S,6,1,8723.7,20.25,2014,15,21.98,19.75
127365,Active,288598,NA,NA,S,1,0,374479.5725,24.4,2007,30,4,15.97
127366,Active,217791,NA,NA,S,2,1,722496.22,110.95,2004,29,15.38,82.29
127367,Active,1938922,NA,NA,S,1,0,196686.875,81,2013,27,14.57,14.66
127368,Active,243722,NA,NA,S,8,1,573708.345,79.99,2009,18,7.89,80.98
127369,Active,162605,NA,NA,S,1,0,105973.625,80,2009,31,17.27,40.99
127370,Active,2111686,NA,NA,S,0,0,77020.625,40,2013,19,22.64,24.17
127371,Active,612588,NA,NA,S,0,0,69999.89,0,2014,23,27.99,0
127372,Active,1890274,NA,NA,S,1,0,162563.175,41.95,2014,16,30.99,30.99
127373,Active,213290,NA,NA,S,2,1,95359.32375,115,2009,35,53.42,95.98
127374,Active,602491,NA,NA,S,2,1,168451.6863,43.95,2011,33,5.48,75.43
127375,Active,1645774,NA,NA,S,0,0,283895.4138,69,2010,22,15.3,44.54
127376,Active,556541,NA,NA,S,1,0,109236.825,76.95,2013,29,37.88,46.26
127377,Active,244432,NA,NA,S,8,1,120468.2338,155.95,2012,39,13.64,119.39
127378,Active,892404,NA,NA,S,1,0,447925.0275,111.95,2011,11,33.99,80.51
127379,Active,1654721,NA,NA,S,0,0,90023.825,0,2009,9,33.16,36.84
127380,Active,1522184,NA,NA,S,0,0,899525.9788,40,2012,19,9.18,26.96
127381,Active,619323,NA,NA,S,4,1,182004.2375,69.95,2012,72,4.53,18.96
127382,Active,867152,NA,NA,S,8,1,49806.0425,33.4,2014,35,24.54,28.99
127383,Active,1459109,NA,NA,S,1,0,140814.85,76.2,2012,25,28.14,43.95
127384,Active,680321,NA,NA,S,0,0,37552.725,21.95,2007,39,7.54,12.98
127385,Active,907924,NA,NA,S,0,0,232519.2475,83,2005,22,18.81,37.47
127386,Active,900997,NA,NA,S,0,0,723378.77,18.99,2010,24,4,10.98
127387,Active,865493,NA,NA,S,25,1,63362.12125,19.99,2014,22,14.42,14.99
127388,Active,195754,NA,NA,S,0,0,217184.02,14.99,2002,25,33.94,116.83
127389,Active,918124,NA,NA,S,0,0,513807.5063,19.99,2012,40,4.13,7.98
127390,Active,1437036,NA,NA,S,1,0,212677.025,48,2014,24,10.83,13.92
127391,Active,526581,NA,NA,S,3,1,364439.2075,118.95,2011,28,14.59,46.74
127392,Active,592490,NA,NA,S,1,0,125880.9,153.95,2007,28,17.11,78.97
127393,Active,243915,NA,NA,S,3,1,120255.3525,154.95,2011,40,38.27,103.86
127394,Active,244973,NA,NA,S,1,0,269286.0475,187.95,2003,28,8.73,13.84
127395,Active,621937,NA,NA,S,2,1,241932.7975,148.95,2011,39,43.33,72.56
127396,Active,2027626,NA,NA,S,0,0,81845.95,75,2015,2,46.19,57.94
127397,Active,612298,NA,NA,S,0,0,456246.3763,75,2013,18,17.49,68.47
127398,Active,546407,NA,NA,S,0,0,364637.6313,75,2012,28,8.44,48.98
127399,Active,546412,NA,NA,S,0,0,576453.515,75,2012,47,5.26,39.99
127400,Active,2140742,NA,NA,S,6,1,159894.1263,50.92,2012,13,35.99,49.88
127401,Active,526579,NA,NA,S,6,1,189137.8513,123.95,2011,31,37.45,89.9
127402,Active,1598530,NA,NA,S,0,0,18739.925,26,2015,19,14.47,14.49
127403,Active,1585365,NA,NA,S,1,0,13063.3,26.99,2012,19,24.87,22
127404,Active,1647744,NA,NA,S,1,0,152060.4,24.95,2014,12,22.31,22.25
127405,Active,2051169,NA,NA,S,0,0,87218.775,24.95,2013,10,16.67,16.18
127406,Active,163448,NA,NA,S,3,1,25774.525,22.95,2011,29,12.27,12.61
127407,Active,676494,NA,NA,S,1,0,3753.55,29.95,2010,49,13.59,15.13
127408,Active,121226,NA,NA,S,6,1,224094.99,190.2,2010,45,12.09,57.63
127409,Active,623550,NA,NA,S,5,1,70603.3175,43.99,2008,37,12.27,0
127410,Active,2256918,NA,NA,S,9,1,669800.24,33.49,2011,49,9.12,43.25
127411,Active,1598363,NA,NA,S,0,0,103748.075,25,2014,24,4.47,6.33
127412,Active,1508352,NA,NA,S,0,0,92391.675,30,2014,38,7.22,10.4
127413,Active,675495,NA,NA,S,2,1,3015.85,22.95,2008,57,11.66,11.96
127414,Active,3796880,NA,NA,S,1,0,52414.575,22.99,2009,25,12.28,15.81
127415,Active,642090,NA,NA,S,0,0,58202.05,30,2013,21,12.94,10.98
127416,Active,285263,NA,NA,S,5,1,199841.105,123.99,2005,47,12.6,73.75
127417,Active,643975,NA,NA,S,0,0,55866.7,33.95,2009,20,26.56,28.03
127418,Active,640193,NA,NA,S,1,0,192106.95,34.2,2010,15,6.99,28.19
127419,Active,2144257,NA,NA,S,1,0,87298.95,24,2011,14,20.18,24
127420,Active,3811933,NA,NA,S,2,1,87574,39.99,2015,14,38.26,36.53
127421,Active,1716225,NA,NA,S,0,0,193180.375,33.32,2008,48,18.17,18.22
127422,Active,1932539,NA,NA,S,1,0,77577.425,44.99,2013,20,24.74,29.03
127423,Active,1616018,NA,NA,S,1,0,45585.9,39.99,2010,21,23.37,25.15
127424,Active,1565960,NA,NA,S,0,0,202969.775,22.5,2015,12,11.75,15.44
127425,Active,612746,NA,NA,S,1,0,17270.4,30,2013,12,21.41,21.11
127426,Active,2648466,NA,NA,S,1,0,481106.1575,94.95,2000,28,10.69,46.76
127427,Active,594893,NA,NA,S,0,0,58577.65,56,2012,21,29.58,39.45
127428,Active,1991638,NA,NA,S,2,1,83121.5,21.98,2014,9,19.83,20.03
127429,Active,2052074,NA,NA,S,2,1,617945.1925,32,2010,30,18.14,20.74
127430,Active,2089199,NA,NA,S,0,0,79012.57125,29.95,2014,19,16.46,26.95
127431,Active,189973,NA,NA,S,0,0,776745.6413,35,2005,31,4,25.89
127432,Active,1918549,NA,NA,S,0,0,99425.125,27.99,2014,13,15.99,19.73
127433,Active,3795580,NA,NA,S,4,1,77309.625,20.95,2010,53,4.81,15.06
127434,Active,1570618,NA,NA,S,6,1,447153.9238,16.99,2011,91,4,6.97
127435,Active,3545705,NA,NA,S,0,0,48223.225,22.95,2008,28,17.83,18.61
127436,Active,1437631,NA,NA,S,1,0,89926.85,26,2014,16,9.48,16.99
127437,Active,544535,NA,NA,S,8,1,40151.2225,388.95,2013,68,31.4,87.83
127438,Active,1535747,NA,NA,S,1,0,43323.6,21.95,2014,17,14.19,16.78
127439,Active,1762236,NA,NA,S,1,0,66803.05,27.95,2014,21,17.77,19.94
127440,Active,2060010,NA,NA,S,0,0,55689.625,29.99,2008,47,7.27,11.04
127441,Active,1556581,NA,NA,S,0,0,240641.925,39.95,2014,17,38.04,40.04
127442,Active,214377,NA,NA,S,1,0,19928.175,26.95,2009,43,11.73,13.94
127443,Active,293692,NA,NA,S,0,0,676882.2663,44.95,2007,19,11.75,41.58
127444,Active,632330,NA,NA,S,1,0,339685.0013,80.95,2006,30,8.92,65.88
127445,Active,2155099,NA,NA,S,0,0,585589.8413,51.95,2006,24,4.98,21.94
127446,Active,186621,NA,NA,S,0,0,110687.85,22,2010,24,14.93,19.08
127447,Active,1757743,NA,NA,S,0,0,91588.875,29.95,2012,14,20.7,20.91
127448,Active,896923,NA,NA,S,2,1,60058.9,24.95,2013,26,17.64,19.81
127449,Active,906558,NA,NA,S,2,1,24202.8125,24.95,2014,57,18.37,19.97
127450,Active,1649467,NA,NA,S,1,0,101047.175,39.95,2015,19,28.1,27.83
127451,Active,673813,NA,NA,S,1,0,215901.125,29.95,2012,20,23.15,25.11
127452,Active,1479223,NA,NA,S,1,0,168707.8,24.95,2011,30,18.95,21.25
127453,Active,3751600,NA,NA,S,0,0,165241.325,32.95,2015,15,22.54,23.98
127454,Active,111906,NA,NA,S,5,1,8892.93625,163,2011,86,33.94,101.18
127455,Active,2535254,NA,NA,S,0,0,697780.215,67.95,1999,31,9.96,51.36
127456,Active,621073,NA,NA,S,1,0,207594.0888,53,1998,27,10.2,27.73
127457,Active,1693237,NA,NA,S,1,0,536116.6,23.95,2007,27,5.59,21.97
127458,Active,749434,NA,NA,S,7,1,88289.075,24.99,2007,21,4,31.95
127459,Active,3598488,NA,NA,S,0,0,33072.6,55,2015,15,36.88,34.91
127460,Active,2039871,NA,NA,S,0,0,25107.625,22,2015,10,15.76,16.27
127461,Active,898920,NA,NA,S,2,1,195456.2763,34.95,2014,25,16.53,24.88
127462,Active,600123,NA,NA,S,7,1,450550.305,184,2009,27,35,73.43
127463,Active,1695867,NA,NA,S,0,0,41040.625,35,2015,17,22.89,24.54
127464,Active,791772,NA,NA,S,0,0,163449.9,29.99,2012,16,19.99,20.67
127465,Active,1695311,NA,NA,S,0,0,47447.475,29.99,2011,32,16.57,16.29
127466,Active,1691894,NA,NA,S,0,0,51831.65,22.99,2015,17,16.39,16.86
127467,Active,2814034,NA,NA,S,0,0,722082.0975,41,1998,17,16.48,42.21
127468,Active,1613222,NA,NA,S,0,0,684241.085,12.53,2008,21,7.86,12.46
127469,Active,570273,NA,NA,S,4,1,670713.0838,89,2002,32,4.39,46.96
127470,Active,639509,NA,NA,S,0,0,468234.58,39.95,1998,25,28.84,42.41
127471,Active,2019065,NA,NA,S,2,1,422974.045,79.95,2009,31,18.37,39.97
127472,Active,1493765,NA,NA,S,1,0,173614.56,18,2007,44,4,12.98
127473,Active,568082,NA,NA,S,0,0,71197.68625,29.99,2004,40,14.7,19.88
127474,Active,194185,NA,NA,S,1,0,59634.825,48,2011,12,38.06,45.56
127475,Active,2347091,NA,NA,S,6,1,579324.7088,49.95,1995,22,4.21,68.57
127476,Active,1519161,NA,NA,S,9,1,65828.4275,72.95,2015,22,53.99,53.81
127477,Active,3504402,NA,NA,S,5,1,98889,69.95,2016,16,48.99,59.48
127478,Active,639667,NA,NA,S,2,1,176861.8763,59.95,2013,46,11.48,41.07
127479,Active,557050,NA,NA,S,9,1,360133.5875,142.8,2012,46,35.39,99.94
127480,Active,2013763,NA,NA,S,2,1,217268.775,22.97,2010,12,17.68,22.61
127481,Active,552552,NA,NA,S,1,0,63602.275,39,2008,14,9.61,17.63
127482,Active,2162813,NA,NA,S,1,0,15553.525,21.95,2009,13,20.43,17.07
127483,Active,598410,NA,NA,S,2,1,269250.83,16.99,2008,37,8.99,15.98
127484,Active,148962,NA,NA,S,0,0,107478.25,36.25,2008,25,24.76,30.99
127485,Active,2102195,NA,NA,S,0,0,657500.8688,45.99,2015,38,9.21,45.99
127486,Active,1718008,NA,NA,S,0,0,151580.025,29.99,2011,14,23.78,20.41
127487,Active,3803600,NA,NA,S,4,1,138766.1,0,2014,31,33.98,147.73
127488,Active,2027586,NA,NA,S,0,0,85265.65,75,2014,8,29.99,41.91
127489,Active,719535,NA,NA,S,0,0,516922.9313,44.99,1999,43,4,24.12
127490,Active,1712206,NA,NA,S,0,0,112083.95,30,2014,17,15.64,25.21
127491,Active,1763021,NA,NA,S,1,0,37141.4,26,2014,40,12.47,14.99
127492,Active,1709963,NA,NA,S,0,0,140826.075,24.95,2013,20,16.31,19.98
127493,Active,1554336,NA,NA,S,2,1,213918.46,73.95,2007,22,17.98,56.68
127494,Active,2006390,NA,NA,S,3,1,28932.15125,18.95,2007,33,11.7,15.99
127495,Active,3578746,NA,NA,S,1,0,243453.575,28.95,2010,13,27.65,27.81
127496,Active,541595,NA,NA,S,2,1,103878.125,39.95,2008,24,25.05,32.55
127497,Active,1704590,NA,NA,S,0,0,104705.9788,22.5,2008,33,10.99,23.71
127498,Active,746495,NA,NA,S,1,0,44033.575,29.95,2007,24,15.11,22.2
127499,Active,628049,NA,NA,S,0,0,464553.0838,60,1991,33,6.65,32.52
127500,Active,2132584,NA,NA,S,0,0,228357.6,29.95,2014,27,7.77,10.96
127501,Active,1698879,NA,NA,S,1,0,71199.175,28,2014,31,9.17,10.98
127502,Active,542483,NA,NA,S,2,1,56648.775,32.95,2009,23,18.99,24.82
127503,Active,644205,NA,NA,S,3,1,92208.8025,170.95,2002,43,45.41,59.99
127504,Active,1479544,NA,NA,S,1,0,128407.46,11.95,2014,22,6.94,8.59
127505,Active,1494651,NA,NA,S,0,0,90351.85,35,2015,20,22.84,25.83
127506,Active,797367,NA,NA,S,0,0,504442.615,44.99,2013,22,17.99,23.98
127507,Active,3788294,NA,NA,S,0,0,210178.15,45,2000,55,4.39,18.7
127508,Active,2047743,NA,NA,S,0,0,120099.375,25.95,2014,26,7.93,8.71
127509,Active,2092750,NA,NA,S,2,1,169511.875,22.95,2013,16,14.49,15.9
127510,Active,1704222,NA,NA,S,1,0,112760.725,35,2007,24,11.99,24.76
127511,Active,1815059,NA,NA,S,0,0,53519.025,25.99,2015,35,10.97,18.24
127512,Active,1729620,NA,NA,S,1,0,111794.675,24.95,2015,19,15.98,19.67
127513,Active,1483965,NA,NA,S,0,0,205980.2,30,2015,11,27.28,24.32
127514,Active,867636,NA,NA,S,4,1,76707.74,81,2014,74,30.24,38.99
127515,Active,132455,NA,NA,S,1,0,51331.7,33.8,2010,30,21.07,25.86
127516,Active,635132,NA,NA,S,0,0,96095.6,44.95,2009,34,7.75,39.24
127517,Active,2006275,NA,NA,S,0,0,115085.25,27.95,2009,16,18.99,20.13
127518,Active,1970416,NA,NA,S,0,0,52247.15,24.99,2014,8,17.24,18.76
127519,Active,1979089,NA,NA,S,0,0,146647.05,24.99,2013,13,18.38,18.16
127520,Active,2077788,NA,NA,S,0,0,53771.775,26.95,2012,13,18.91,19.75
127521,Active,3803823,NA,NA,S,0,0,76025.1,24.98,2013,11,15.49,15.79
127522,Active,160073,NA,NA,S,0,0,54611.865,16.95,2000,1227,2.27,0
127523,Active,2089426,NA,NA,S,0,0,25517.335,16.95,2014,23,7.03,9.9
127524,Active,1757428,NA,NA,S,1,0,59371.275,24.95,2013,52,4,10.86
127525,Active,2230528,NA,NA,S,1,0,87438.375,75,2007,18,41.63,50.07
127526,Active,1829421,NA,NA,S,0,0,82236.55,39.95,2012,13,31.96,33.52
127527,Active,1529381,NA,NA,S,0,0,128944.625,27.99,2009,28,5.95,18.59
127528,Active,642288,NA,NA,S,1,0,108215.25,50,2011,19,33.99,36.38
127529,Active,2058766,NA,NA,S,0,0,93225.3,24.99,2010,55,4,7.89
127530,Active,746239,NA,NA,S,0,0,792482.775,60,2003,22,6.85,24.59
127531,Active,1786643,NA,NA,S,0,0,27817.875,34.95,2015,20,26.06,24.2
127532,Active,2088963,NA,NA,S,9,1,59792.8725,21.99,2013,24,4,49.9
127533,Active,2089039,NA,NA,S,0,0,25321.975,29.99,2014,18,15.36,17.41
127534,Active,3802164,NA,NA,S,5,1,73521.15,21.99,2014,16,14.97,14.99
127535,Active,2107404,NA,NA,S,8,1,17266.26,26.99,2015,15,18.59,18.64
127536,Active,684805,NA,NA,S,0,0,211371.9863,26.99,2012,26,4,0
127537,Active,3802161,NA,NA,S,0,0,20616.025,24.99,2013,7,18.96,19.04
127538,Active,3802162,NA,NA,S,0,0,139928.125,99.99,2013,18,39.11,57.97
127539,Active,2089045,NA,NA,S,0,0,30957.09625,25.99,2014,31,4.99,20.07
127540,Active,526534,NA,NA,S,6,1,147065.5838,8.95,2008,72,4,10.7
127541,Active,2089046,NA,NA,S,0,0,40963.525,25.99,2015,12,19.65,19.75
127542,Active,2089048,NA,NA,S,0,0,58883.075,22.99,2014,12,14.16,14.47
127543,Active,3960001,NA,NA,S,0,0,689.9,22.99,2015,18,16.47,15.63
127544,Active,2088982,NA,NA,S,0,0,84290.525,25.99,2013,52,4.03,7.97
127545,Active,2089043,NA,NA,S,0,0,14298.85,25.99,2014,15,15.03,18.85
127546,Active,3959995,NA,NA,S,0,0,378.325,25.99,2015,17,16.99,17.01
127547,Active,2089020,NA,NA,S,3,1,13966.525,26.99,2014,18,13.28,15.62
127548,Active,2089044,NA,NA,S,0,0,46718.45,21.99,2014,31,7.19,8.93
127549,Active,2107405,NA,NA,S,8,1,8682.0975,19.99,2015,24,12.64,13.65
127550,Active,2088934,NA,NA,S,7,1,258255.7325,17.99,2012,43,4,6.92
127551,Active,3109237,NA,NA,S,11,1,19555.625,21.99,2015,16,14.2,15.45
127552,Active,3806046,NA,NA,S,14,1,11413.95,23.99,2015,21,14.74,16.37
127553,Active,3806049,NA,NA,S,4,1,18000.95,11.99,2015,14,9.16,9.41
127554,Active,2088994,NA,NA,S,3,1,296357.4088,9.99,2013,33,4.34,9.89
127555,Active,3806050,NA,NA,S,4,1,17083.25,11.99,2015,18,7.97,9.53
127556,Active,2089003,NA,NA,S,3,1,282038.1838,11.99,2014,20,4.69,7.97
127557,Active,2089001,NA,NA,S,3,1,156511.3525,11.99,2014,32,11.69,95.42
127558,Active,3806048,NA,NA,S,4,1,22635.5,11.99,2015,15,10.53,8.9
127559,Active,2088993,NA,NA,S,3,1,334348.5363,9.99,2013,26,4.48,10.33
127560,Active,2089047,NA,NA,S,0,0,65345.9,25.99,2014,19,7.72,11.98
127561,Active,766313,NA,NA,S,9,1,854284.4375,37.95,2008,9,52.16,0
127562,Active,761388,NA,NA,S,1,0,142412.425,32.95,2007,26,8.97,21.28
127563,Active,128698,NA,NA,S,0,0,207980.775,25.95,2007,22,9.14,10.29
127564,Active,1466515,NA,NA,S,2,1,97026.975,25.95,2015,13,13.83,11.99
127565,Active,2015563,NA,NA,S,0,0,53920.95,29.95,2011,15,19.37,21.19
127566,Active,1814782,NA,NA,S,1,0,16796.475,25.99,2015,14,18.67,17.54
127567,Active,2141573,NA,NA,S,0,0,97845.85,29.95,2009,19,6.9,18.82
127568,Active,623150,NA,NA,S,0,0,547985.795,42.95,2003,41,4,62.79
127569,Active,2146815,NA,NA,S,3,1,366294.65,36.75,2012,20,8.89,24.26
127570,Active,1745078,NA,NA,S,0,0,118823.45,23.5,2009,16,15.48,17.86
127571,Active,1634404,NA,NA,S,1,0,108508.275,23.95,2008,26,11.18,15.47
127572,Active,655064,NA,NA,S,1,0,87397.1,44.95,2013,22,36.79,33.9
127573,Active,2784011,NA,NA,S,1,0,392551.6275,26,2005,21,7.37,21.8
127574,Active,2166551,NA,NA,S,0,0,44866.575,28.95,2013,14,25.98,28.95
127575,Active,2166552,NA,NA,S,0,0,113580.4,29.95,2013,12,21.95,21.95
127576,Active,1576140,NA,NA,S,0,0,10844.325,34.95,2009,36,26.91,27.11
127577,Active,564590,NA,NA,S,0,0,663878.94,43.95,2006,54,4,34.42
127578,Active,526529,NA,NA,S,0,0,564438.2113,39,2007,21,23.46,29.08
127579,Active,677662,NA,NA,S,0,0,182384.1413,29.95,2008,91,4,6.98
127580,Active,665008,NA,NA,S,1,0,25805.3,34.95,2013,22,23.28,23.99
127581,Active,3825616,NA,NA,S,0,0,164171.4,59.95,2014,13,31.92,27.78
127582,Active,1565759,NA,NA,S,1,0,79316.6,40,2014,29,17.94,22.57
127583,Active,3926486,NA,NA,S,0,0,238297,75,2014,17,35.77,35.76
127584,Active,587798,NA,NA,S,1,0,215394.45,27.95,2012,28,5.59,8.24
127585,Active,1517316,NA,NA,S,1,0,117064.25,34.99,2013,17,19.98,21.99
127586,Active,1565967,NA,NA,S,0,0,16856.85,28.99,2015,16,21.23,19.53
127587,Active,3960219,NA,NA,S,0,0,55116.75,34.99,2015,18,16.99,16.98
127588,Active,1768294,NA,NA,S,0,0,84413.275,32.99,2014,11,33.75,32.33
127589,Active,685957,NA,NA,S,1,0,108809.425,27.99,2013,31,15.49,119.81
127590,Active,2038282,NA,NA,S,1,0,160630.15,26,2009,38,4,10.49
127591,Active,3624910,NA,NA,S,0,0,33667.375,35,2015,7,24.4,21.35
127592,Active,2041806,NA,NA,S,0,0,70420.375,26.95,2015,30,8.82,8.87
127593,Active,526524,NA,NA,S,4,1,60473.88625,69.95,2012,48,14.95,38.69
127594,Active,685423,NA,NA,S,1,0,140406.5,27.95,2011,30,5.1,15.91
127595,Active,294188,NA,NA,S,1,0,202892.975,51.99,2008,16,19.82,26.54
127596,Active,2052371,NA,NA,S,1,0,60641.15,59.95,2013,13,49.1,41.21
127597,Active,688560,NA,NA,S,1,0,244578.475,32,2012,21,18.99,20.31
127598,Active,1488553,NA,NA,S,0,0,439260.4775,40,2014,10,44.84,29.9
127599,Active,2156520,NA,NA,S,8,1,15066.125,34,2013,13,24.64,23
127600,Active,3612989,NA,NA,S,0,0,53556.575,23.95,2011,12,23.99,23.95
127601,Active,898629,NA,NA,S,0,0,43469.6,27.95,2014,18,10.98,21.41
127602,Active,2079667,NA,NA,S,1,0,20033.15,35,2013,21,19.02,24.26
127603,Active,2156827,NA,NA,S,0,0,56204.575,22,2012,19,20.18,21.26
127604,Active,1625590,NA,NA,S,1,0,68202.6,35,2013,37,16.51,19.68
127605,Active,1607503,NA,NA,S,0,0,83925.35,27,2011,24,15.15,18.83
127606,Active,3591747,NA,NA,S,0,0,243350.6,26.95,2013,24,10.79,10.81
127607,Active,3960105,NA,NA,S,0,0,41064.05,27.99,2014,18,13.93,9.98
127608,Active,3566359,NA,NA,S,1,0,130544.325,30,2011,29,8.08,19.29
127609,Active,603268,NA,NA,S,8,1,99255.1,13.87,2010,213,4.46,13.88
127610,Active,644480,NA,NA,S,9,1,10862.975,18.99,2013,53,7.99,23.99
127611,Active,633398,NA,NA,S,1,0,640074.81,49.99,2007,41,4,18.47
127612,Active,2011348,NA,NA,S,6,1,13072.25,20.65,2013,80,8.71,18.7
127613,Active,631493,NA,NA,S,2,1,11093.75,33.95,2011,19,21.44,24.54
127614,Active,2090201,NA,NA,S,1,0,139043.7,24.99,2012,49,4.63,5.97
127615,Active,2141653,NA,NA,S,0,0,190774.3875,25.95,2008,13,43.99,55.55
127616,Active,1781081,NA,NA,S,1,0,189114.375,29.95,2015,19,18.29,19.37
127617,Active,1752023,NA,NA,S,2,1,131009.125,32,2013,12,28.74,30.04
127618,Active,2089034,NA,NA,S,7,1,7119.15,29.99,2015,12,21.97,19.93
127619,Active,902086,NA,NA,S,9,1,21125.65,21.99,2014,29,10.98,16.12
127620,Active,669031,NA,NA,S,0,0,54098.775,35,2012,9,36.19,34.95
127621,Active,1732476,NA,NA,S,3,1,33125.475,26,2014,17,15.47,19.75
127622,Active,486160,NA,NA,S,1,0,149389.875,26,2009,12,18.57,19.97
127623,Active,1732478,NA,NA,S,2,1,52130.65,26,2014,14,17.99,20.53
127624,Active,2103969,NA,NA,S,0,0,124619.6,24.95,2014,15,25.94,24.95
127625,Active,1732477,NA,NA,S,2,1,65844.2,26,2014,11,16.8,20.07
127626,Active,1732460,NA,NA,S,2,1,93871.425,24,2011,17,15.99,18.23
127627,Active,526513,NA,NA,S,5,1,797035.5325,85.4,2012,55,4,53.98
127628,Active,1460909,NA,NA,S,0,0,12414.325,27.96,2010,20,11.94,13.46
127629,Active,1582078,NA,NA,S,1,0,652468.48,34.99,2010,16,34.62,34.98
127630,Active,671509,NA,NA,S,3,1,806152.2838,45,2008,26,17.2,136.37
127631,Active,3925627,NA,NA,S,0,0,60449,40,2016,18,22.1,26.49
127632,Active,1536536,NA,NA,S,1,0,47864.775,26.95,2014,67,4,9.24
127633,Active,623578,NA,NA,S,2,1,75151.75,26.25,2007,31,8.8,17.9
127634,Active,1724553,NA,NA,S,0,0,130278.875,60,2014,20,25.05,38.05
127635,Active,145357,NA,NA,S,1,0,170584.225,31.8,2007,15,9.26,20
127636,Active,2216167,NA,NA,S,0,0,128264.975,30,2012,11,22.81,22.75
127637,Active,746762,NA,NA,S,1,0,531007.7388,45,2009,56,4,9.52
127638,Active,3558198,NA,NA,S,0,0,57026.95,55,2016,12,37.41,31.75
127639,Active,1815223,NA,NA,S,1,0,71258.375,25.99,2014,26,6.98,6.99
127640,Active,3799667,NA,NA,S,1,0,70720.75,59.95,2016,13,41.77,39.71
127641,Active,2231055,NA,NA,S,0,0,147430.375,55,2014,13,38.01,36
127642,Active,2150395,NA,NA,S,0,0,121019.925,24.95,2014,16,9.95,17.5
127643,Active,684704,NA,NA,S,0,0,203064.825,22.95,2013,21,13.13,17.01
127644,Active,3635024,NA,NA,S,3,1,18960,19.99,2016,16,14.85,14.65
127645,Active,906626,NA,NA,S,11,1,40978.05,39.95,2011,27,20.49,25.31
127646,Active,1833292,NA,NA,S,0,0,45606.25,39.99,2015,17,28.38,26.34
127647,Active,1783533,NA,NA,S,1,0,120773.525,34.99,2014,13,15.74,17.18
127648,Active,718906,NA,NA,S,1,0,319858.2075,74,1998,46,4,12.07
127649,Active,600522,NA,NA,S,2,1,372371.4638,29.28,2010,14,8.34,24.98
127650,Active,1866766,NA,NA,S,0,0,139689.325,60,2013,17,33.68,36.94
127651,Active,1669107,NA,NA,S,1,0,25377.025,21.95,2014,15,16.18,15.79
127652,Active,2048381,NA,NA,S,2,1,31719.5,22.95,2014,14,19.08,18.59
127653,Active,2216429,NA,NA,S,0,0,73975,60,2013,18,39.56,39.5
127654,Active,1433638,NA,NA,S,1,0,35475.05,27.99,2015,50,4.81,11.16
127655,Active,3694512,NA,NA,S,1,0,93903.075,30,2015,21,8.75,15.98
127656,Active,3569968,NA,NA,S,1,0,100571.7,29.99,2013,40,9.99,17.83
127657,Active,3570043,NA,NA,S,0,0,121803.95,24.99,2015,30,9.12,15.27
127658,Active,1668830,NA,NA,S,2,1,70893.86875,16.95,2011,15,13.08,13.57
127659,Active,1669036,NA,NA,S,1,0,100210.575,21.95,2014,14,16.96,17.22
127660,Active,637427,NA,NA,S,1,0,647663.105,49.99,1997,29,10.73,30.45
127661,Active,3741605,NA,NA,S,0,0,88859.775,44.95,2015,18,28.59,36.6
127662,Active,3020294,NA,NA,S,0,0,38493.29625,7.95,2001,49,4,6.65
127663,Active,2042011,NA,NA,S,0,0,42103.025,24.99,2012,15,12.93,16.86
127664,Active,2048484,NA,NA,S,0,0,58859.2,26.99,2009,69,6.92,11.93
127665,Active,3055531,NA,NA,S,3,1,295112.2288,18.95,2005,62,4,8.13
127666,Active,2032233,NA,NA,S,0,0,131924.45,59.95,2009,13,36.98,51.98
127667,Active,1523784,NA,NA,S,1,0,24375.1,30,2014,38,8,13.28
127668,Active,582256,NA,NA,S,1,0,111328.7,80,2010,60,19.54,53.98
127669,Active,3817208,NA,NA,S,0,0,144708.65,55,2015,15,33.3,33.6
127670,Active,672114,NA,NA,S,0,0,7584.325,20.99,2009,15,14.36,14.78
127671,Active,1640502,NA,NA,S,0,0,17638.325,20.99,2009,23,13.65,14.34
127672,Active,3572278,NA,NA,S,1,0,483510.7,50,2002,65,6.67,33.98
127673,Active,660997,NA,NA,S,1,0,70974.65,75,2012,15,39.09,47.17
127674,Active,1641030,NA,NA,S,0,0,664653.4275,24.95,2006,20,22.46,24.95
127675,Active,2594018,NA,NA,S,0,0,746410.0813,54.99,1991,39,9.89,44.97
127676,Active,1646389,NA,NA,S,0,0,73157.675,24.95,2008,7,19.41,17
127677,Active,157235,NA,NA,S,0,0,116263.125,47.95,2007,21,33.07,35.19
127678,Active,2151370,NA,NA,S,0,0,17715.2,22.99,2014,11,19.21,18.79
127679,Active,1660046,NA,NA,S,0,0,76778.325,54.99,2013,10,45.87,53
127680,Active,2152250,NA,NA,S,0,0,16051,22.99,2015,12,18.41,17.98
127681,Active,582646,NA,NA,S,6,1,831043.3588,40,1998,53,6.07,6.99
127682,Active,2329773,NA,NA,S,0,0,591497.67,55,1979,119,4,18.99
127683,Active,2667009,NA,NA,S,1,0,548362.15,55,2002,32,5.48,7.49
127684,Active,3564111,NA,NA,S,1,0,165941.5,49.95,2012,32,44.87,35.89
127685,Active,2231447,NA,NA,S,0,0,182221.825,149.95,2008,15,3.98,39.94
127686,Active,201430,NA,NA,S,2,1,57683.98,11.99,2000,110,4,8.98
127687,Active,1434045,NA,NA,S,0,0,78810.575,28.99,2014,20,14.98,15.47
127688,Active,2048708,NA,NA,S,0,0,85608.5,29.95,2014,22,13.98,15.73
127689,Active,2048705,NA,NA,S,0,0,45237,29.95,2014,33,8.49,8.73
127690,Active,2048709,NA,NA,S,0,0,61884.575,29.95,2014,19,9.22,9.23
127691,Active,2939707,NA,NA,S,0,0,454855.8063,86.14,2004,10,7.69,8.37
127692,Active,665613,NA,NA,S,0,0,82791.45,60,2009,16,22.55,32.61
127693,Active,2492580,NA,NA,S,0,0,620455.2363,16,2005,21,30,71.98
127694,Active,2079727,NA,NA,S,0,0,98675.175,25,2015,20,17.33,18.38
127695,Active,740511,NA,NA,S,0,0,135609.075,64.99,2005,41,15.6,23.94
127696,Active,642179,NA,NA,S,1,0,63641.525,40,2012,24,14.01,22.49
127697,Active,689063,NA,NA,S,2,1,83496.45,29.95,2013,18,23.43,23.46
127698,Active,764943,NA,NA,S,2,1,857179.0575,74.95,1998,24,4,94.51
127699,Active,682369,NA,NA,S,0,0,204540.275,26.5,2008,17,9.64,21.23
127700,Active,165276,NA,NA,S,0,0,76029.75,173,2002,56,40.89,125.13
127701,Active,616088,NA,NA,S,1,0,49842.98,59.2,1964,37,22.84,36.75
127702,Active,2050438,NA,NA,S,10,1,2537.875,29.99,2015,22,16.13,16.98
127703,Active,2050452,NA,NA,S,0,0,85972.225,29.99,2008,46,16.94,22.44
127704,Active,2050470,NA,NA,S,0,0,99018.375,29.99,2012,27,20.19,20.41
127705,Active,1668515,NA,NA,S,0,0,20504.625,30,2015,21,13.23,14.93
127706,Active,1936364,NA,NA,S,5,1,119234.355,99.99,2014,24,27.7,58.99
127707,Active,2054261,NA,NA,S,0,0,44822.625,37.5,2015,22,22.51,23.26
127708,Active,1925788,NA,NA,S,0,0,134953.325,49.95,2013,6,26.93,30.52
127709,Active,153632,NA,NA,S,0,0,93818.775,28.95,2007,29,9.18,16.62
127710,Active,3120529,NA,NA,S,2,1,646386.65,26.95,2000,54,4.06,21.59
127711,Active,1479459,NA,NA,S,1,0,90997.775,31.95,2014,17,29.61,25.34
127712,Active,2281129,NA,NA,S,2,1,38682.675,0,2014,0,0,5.78
127713,Active,619389,NA,NA,S,1,0,740758.1375,64.75,2007,38,4.19,28.99
127714,Active,568647,NA,NA,S,0,0,177155.2613,21.99,1997,40,9.8,16.35
127715,Active,1742734,NA,NA,S,16,1,421943.9763,21.95,2013,11,7.62,19.99
127716,Active,3624030,NA,NA,S,17,1,10791.35,27.95,2015,3,30,22.3
127717,Active,1660645,NA,NA,S,1,0,65330.525,30,2011,19,13.98,13.98
127718,Active,639203,NA,NA,S,1,0,76578.775,39.95,2010,28,30.98,36.94
127719,Active,113395,NA,NA,S,1,0,369264.775,82.95,2004,19,38.2,59.87
127720,Active,2029108,NA,NA,S,1,0,867658.34,66.67,2014,22,6.84,51.49
127721,Active,919182,NA,NA,S,0,0,792663.715,75,1998,41,5.84,74.63
127722,Active,1541249,NA,NA,S,0,0,107670.325,85.95,2011,12,33.74,67.83
127723,Active,1540581,NA,NA,S,0,0,722991.4125,32.95,2013,23,23.93,24.14
127724,Active,1634488,NA,NA,S,2,1,124805.225,26.95,2011,31,12.89,15.9
127725,Active,2080790,NA,NA,S,0,0,112655.775,22,2013,31,6.81,9.98
127726,Active,1778450,NA,NA,S,0,0,83589.35,115,2012,23,35.59,81.5
127727,Active,262154,NA,NA,S,0,0,130586.325,39.99,2009,49,19.28,32.96
127728,Active,1716025,NA,NA,S,0,0,113006,26.95,2014,9,26.02,23.65
127729,Active,3825107,NA,NA,S,0,0,158661.4,75,2014,14,48.84,47.51
127730,Active,3753746,NA,NA,S,0,0,177742.1,36,2013,17,27.57,33.46
127731,Active,3752684,NA,NA,S,6,1,667013.15,25,2015,19,8.86,17.31
127732,Active,1777422,NA,NA,S,3,1,21895.55,21.99,2011,27,12.05,14.58
127733,Active,1713901,NA,NA,S,0,0,147812.875,24.95,2012,22,18.8,23.75
127734,Active,1491117,NA,NA,S,0,0,96508.2,26.95,2011,14,19.94,19.18
127735,Active,1523083,NA,NA,S,1,0,124145.8,25.95,2007,17,6.55,81.45
127736,Active,3746412,NA,NA,S,8,1,11568.8,0,2015,55,37.8,37.8
127737,Active,277069,NA,NA,S,2,1,31963.15,24,2011,24,19.77,18.26
127738,Active,867712,NA,NA,S,0,0,82752.20375,50,2015,41,23.74,34.96
127739,Active,136862,NA,NA,S,0,0,28286.5,62,2003,29,32.74,46.79
127740,Active,2418188,NA,NA,S,0,0,723688.8475,40.95,2001,55,7.81,28.9
127741,Active,297874,NA,NA,S,2,1,230943.0388,215.95,2011,34,35.73,53.16
127742,Active,683024,NA,NA,S,1,0,11846.625,27.99,2013,53,8.97,15.95
127743,Active,2298719,NA,NA,S,2,1,18011.6,0,2015,0,0,6.48
127744,Active,3828086,NA,NA,S,0,0,181387.05,29.95,2009,48,5.81,24.83
127745,Active,685409,NA,NA,S,2,1,36506.75,20.95,2012,18,15.95,14.94
127746,Active,1684309,NA,NA,S,0,0,30698.125,34.99,2014,13,22.6,22.1
127747,Active,1684313,NA,NA,S,0,0,91091.15,34.99,2014,20,25.49,33.97
127748,Active,2083903,NA,NA,S,0,0,41081.975,21.99,2012,45,7.1,12.98
127749,Active,892804,NA,NA,S,2,1,20839.575,22.99,2014,16,8.46,8.46
127750,Active,1568581,NA,NA,S,1,0,15767.975,21.99,2009,43,6.37,11.85
127751,Active,1778270,NA,NA,S,1,0,11652.8,22.99,2012,40,13.95,15.22
127752,Active,526477,NA,NA,S,2,1,18447.425,22.99,2011,28,11.93,14.09
127753,Active,574888,NA,NA,S,1,0,54093.85,21.95,2009,56,8.98,13.97
127754,Active,1471631,NA,NA,S,1,0,47904.975,21.95,2015,21,12.7,16.52
127755,Active,681237,NA,NA,S,2,1,6432.1,24.99,2012,26,13.02,14.49
127756,Active,858235,NA,NA,S,1,0,143889.525,29.95,2013,21,17.75,20.26
127757,Active,648179,NA,NA,S,1,0,193582.89,74,2005,24,6.98,41.15
127758,Active,683336,NA,NA,S,1,0,138058.75,29.95,2011,27,17.34,21.87
127759,Active,680625,NA,NA,S,0,0,786449.3725,22.95,2010,31,5.56,10.34
127760,Active,201645,NA,NA,S,0,0,314894.2663,49.95,1998,29,18.99,30.99
127761,Active,526474,NA,NA,S,6,1,463094.0463,29.99,2012,33,6.94,9.46
127762,Active,684826,NA,NA,S,2,1,161445.975,29,2011,22,9.98,23
127763,Active,115503,NA,NA,S,6,1,250747.2175,147.6,2002,23,20.74,0
127764,Active,1740263,NA,NA,S,0,0,30491.3,32.95,2009,11,24.99,23.92
127765,Active,1869079,NA,NA,S,0,0,94264.55,30,2012,12,20.65,20.11
127766,Active,543456,NA,NA,S,0,0,120902.475,49.95,1992,24,27.98,38.46
127767,Active,526472,NA,NA,S,2,1,45010.5,24.99,2012,13,16.21,16.82
127768,Active,2028762,NA,NA,S,0,0,12171.875,39.99,2015,11,33.53,27.18
127769,Active,3960527,NA,NA,S,0,0,188617.35,32.99,2014,11,24.76,24.76
127770,Active,652251,NA,NA,S,0,0,1501.925,35,2013,45,13.49,21.97
127771,Active,3753993,NA,NA,S,0,0,89060.65,27,2015,32,7.8,12.99
127772,Active,3586295,NA,NA,S,0,0,169224.9,29.95,2008,13,25.15,23.86
127773,Active,2025181,NA,NA,S,0,0,167944.875,30,2013,10,25.49,26.46
127774,Active,871902,NA,NA,S,1,0,285619.9288,59.95,1999,21,7.41,35
127775,Active,680603,NA,NA,S,0,0,19839.125,22.95,2011,29,15,12.89
127776,Active,1697044,NA,NA,S,0,0,11212.775,25,2014,15,16.31,17.9
127777,Active,542677,NA,NA,S,2,1,281815.0738,33,2008,30,12.58,30.99
127778,Active,2039788,NA,NA,S,0,0,63726.1,35,2008,19,23.45,25.1
127779,Active,1498168,NA,NA,S,0,0,110003.225,22.99,2011,33,9.99,13.77
127780,Active,721314,NA,NA,S,1,0,508174.645,41.95,2003,41,18.98,35.53
127781,Active,1639905,NA,NA,S,0,0,174551.7,21.99,2008,28,8.96,18.94
127782,Active,2047819,NA,NA,S,0,0,125519.25,26.95,2013,23,9.98,25.81
127783,Active,1696199,NA,NA,S,0,0,204473.15,34.95,2010,21,21.74,25.98
127784,Active,1560157,NA,NA,S,0,0,52175.37875,9.99,2008,256,3.97,7.94
127785,Active,2169669,NA,NA,S,0,0,41708.4,24.95,2014,54,13.92,14.75
127786,Active,747534,NA,NA,S,1,0,41243.525,29.95,2012,19,17.83,18.96
127787,Active,791413,NA,NA,S,1,0,119687.6,26.95,2011,34,11.98,18.03
127788,Active,704864,NA,NA,S,1,0,708562.1925,301.63,2006,20,11.48,243.91
127789,Active,1697943,NA,NA,S,0,0,72723.65,21.95,2014,19,12.66,18.59
127790,Active,1661515,NA,NA,S,0,0,11065.8,25.95,2012,48,4.19,14.97
127791,Active,2012663,NA,NA,S,0,0,117714.125,27.95,2009,34,10.63,19.71
127792,Active,1715963,NA,NA,S,0,0,113800.35,25.95,2013,16,17.86,18.48
127793,Active,247196,NA,NA,S,0,0,463561.3775,44.95,2010,44,7.99,65.22
127794,Active,244967,NA,NA,S,2,1,740585.9013,142.95,2002,40,4.75,13.92
127795,Active,2919476,NA,NA,S,3,1,208051.8863,26.99,2015,16,18.23,18.2
127796,Active,1982697,NA,NA,S,1,0,58514,29,2015,15,18.99,26.78
127797,Active,1780470,NA,NA,S,1,0,221338.4,29.99,2014,8,7.96,5.89
127798,Active,1436519,NA,NA,S,1,0,47720.7,24,2013,18,17.42,17.06
127799,Active,3598370,NA,NA,S,0,0,57725.425,100,2013,22,43.21,60.71
127800,Active,1752320,NA,NA,S,0,0,12134.175,24.95,2010,16,31.44,25.94
127801,Active,780817,NA,NA,S,0,0,42654.075,25,2007,20,12.36,13.84
127802,Active,2089392,NA,NA,S,0,0,35922.4,65.94,2013,12,39.14,39.17
127803,Active,1736750,NA,NA,S,0,0,53341.65,36.95,2011,14,32.6,32.7
127804,Active,1736755,NA,NA,S,0,0,58823.75,32.5,2011,18,19.19,27.26
127805,Active,139220,NA,NA,S,3,1,506473.5275,22,2006,50,5.87,13.48
127806,Active,2662383,NA,NA,S,0,0,733307.4275,16,1995,23,6.99,11.62
127807,Active,1576774,NA,NA,S,1,0,100497.7,24.95,2014,12,12.98,18.12
127808,Active,1724429,NA,NA,S,0,0,30773.75,35,2012,23,15.95,22.99
127809,Active,1697306,NA,NA,S,0,0,30789,25,2015,18,15.26,16.15
127810,Active,2093569,NA,NA,S,1,0,29751.225,34.95,2012,27,18.99,20.27
127811,Active,895379,NA,NA,S,2,1,806109.3338,43.63,2012,9,6.29,39.9
127812,Active,676549,NA,NA,S,2,1,119443.975,32,2008,34,4.49,11.44
127813,Active,1677968,NA,NA,S,9,1,79830.31,83.95,2015,43,39.56,68.34
127814,Active,3635012,NA,NA,S,6,1,31096,29.99,2016,15,19.82,19.84
127815,Active,2167855,NA,NA,S,0,0,11234.7,25,2014,13,14.28,14.28
127816,Active,1729435,NA,NA,S,1,0,201781.275,22.95,2013,11,18.93,18.34
127817,Active,186594,NA,NA,S,0,0,55689.15,21,2010,31,12.66,16.3
127818,Active,906551,NA,NA,S,2,1,95260.1,22.95,2012,22,10.23,17.36
127819,Active,1932806,NA,NA,S,0,0,1741.525,24.99,2013,47,11.03,15.44
127820,Active,1688345,NA,NA,S,0,0,61617.075,55,2014,13,34.72,35.14
127821,Active,3609536,NA,NA,S,2,1,91063.75,21.95,2008,31,16.18,16.59
127822,Active,2021240,NA,NA,S,0,0,56912.9,35,2010,36,14.12,21.73
127823,Active,542437,NA,NA,S,0,0,43417.275,23,2008,27,12.56,18.88
127824,Active,133051,NA,NA,S,1,0,159129.975,132.6,2011,27,36.48,69.98
127825,Active,3733671,NA,NA,S,0,0,234875.775,40,2011,10,26.09,28.58
127826,Active,791927,NA,NA,S,0,0,126867.275,24.99,2010,14,17.84,18.94
127827,Active,2014138,NA,NA,S,1,0,69948.075,50,2013,5,34.93,34.89
127828,Active,3960042,NA,NA,S,0,0,18191.55,32,2015,30,12.88,14.13
127829,Active,3621879,NA,NA,S,0,0,103724.4,20.24,2015,12,18.1,16.73
127830,Active,899042,NA,NA,S,0,0,741433.0675,28,2014,15,7.1,23.65
127831,Active,301070,NA,NA,S,0,0,175463.275,24,2010,21,8.8,18.15
127832,Active,1625201,NA,NA,S,2,1,488643.6913,39.99,2014,21,13.21,26.03
127833,Active,684155,NA,NA,S,1,0,51717.275,24.99,2013,41,10.03,11.96
127834,Active,1780903,NA,NA,S,1,0,23853.025,24.99,2014,21,11.97,13.97
127835,Active,1780180,NA,NA,S,1,0,35648.1,24.99,2013,24,6.54,6.54
127836,Active,3588705,NA,NA,S,0,0,129761.35,24.95,2012,31,10.2,20.49
127837,Active,3805680,NA,NA,S,0,0,752263,34.95,2016,14,24.75,25.26
127838,Active,1612511,NA,NA,S,0,0,560859.6513,39.95,2014,12,32.51,26.06
127839,Active,3092892,NA,NA,S,1,0,393507.875,7.95,2003,20,5.16,7.95
127840,Active,3960549,NA,NA,S,0,0,217205.25,24.99,2013,23,9.87,6.98
127841,Active,2466376,NA,NA,S,0,0,35878.825,8.99,1991,131,4,5.62
127842,Active,1720170,NA,NA,S,0,0,52765.3,44.99,2011,12,29,28.92
127843,Active,2043163,NA,NA,S,3,1,597167.3325,117.15,2012,15,9.8,100
127844,Active,1434007,NA,NA,S,1,0,200.99125,29.99,2015,30,17.49,17.73
127845,Active,2028050,NA,NA,S,0,0,764519.1538,19.95,2007,28,13.07,17.09
127846,Active,3598506,NA,NA,S,0,0,12802.775,40,2015,16,28.59,23
127847,Active,3495999,NA,NA,S,0,0,101238.825,45,2013,29,18.92,29.55
127848,Active,1970255,NA,NA,S,0,0,27459.55,26,2014,24,8.41,14.35
127849,Active,569879,NA,NA,S,1,0,544848.0475,225.95,1991,39,5.07,67.2
127850,Active,546495,NA,NA,S,2,1,330877.2213,68.95,2003,28,11.18,53.99
127851,Active,2079537,NA,NA,S,1,0,654762.8813,100,2008,20,12.65,43.99
127852,Active,600654,NA,NA,S,1,0,59920.975,49.95,2011,24,20.15,40.21
127853,Active,1431502,NA,NA,S,0,0,70451.685,19.99,2009,46,8.08,17.99
127854,Active,2452779,NA,NA,S,0,0,674061.33,15,1996,83,4,40.55
127855,Active,3739145,NA,NA,S,4,1,37447,14.99,2016,16,11.6,9.69
127856,Active,3634290,NA,NA,S,9,1,101688,29.99,2016,15,16.97,19.15
127857,Active,2011858,NA,NA,S,0,0,172644.35,44.5,2009,15,32.14,44.5
127858,Active,3780483,NA,NA,S,3,1,29351,25.99,2016,9,19.73,16.49
127859,Active,866063,NA,NA,S,5,1,371337.41,17.95,2005,16,197.99,428.62
127860,Active,1748356,NA,NA,S,0,0,70188.1,26.95,2007,10,20.9,26.95
127861,Active,1639733,NA,NA,S,2,1,53134.825,22.95,2012,32,4,14.49
127862,Active,1709781,NA,NA,S,0,0,138500.575,29.95,2015,13,17.44,23.23
127863,Active,1496192,NA,NA,S,1,0,67486.25,24,2015,18,17.95,15.64
127864,Active,1710617,NA,NA,S,0,0,138707.925,26,2009,19,13.34,21.41
127865,Active,2010263,NA,NA,S,1,0,185758.375,35.5,2007,21,8.92,10.93
127866,Active,1706881,NA,NA,S,0,0,184319.625,40,2014,16,37.44,38.31
127867,Active,2137798,NA,NA,S,0,0,73986.175,85,2011,19,48.99,50.05
127868,Active,249039,NA,NA,S,1,0,554835.9338,105,2006,38,4.6,23.99
127869,Active,526434,NA,NA,S,1,0,434891.2463,46.95,2011,20,13.05,33.98
127870,Active,3504718,NA,NA,S,12,1,49394,20.95,2016,19,17.8,17.81
127871,Active,1938407,NA,NA,S,0,0,14050.05,35,2014,16,18.02,20.3
127872,Active,2156874,NA,NA,S,0,0,31222.425,24.95,2007,35,13.4,13.68
127873,Active,1704497,NA,NA,S,1,0,65063.375,35,2011,27,3.75,20.46
127874,Active,2093607,NA,NA,S,1,0,27450.15,40,2014,32,19.97,23.3
127875,Active,1964518,NA,NA,S,1,0,203492.125,27.5,2014,24,21.65,24.49
127876,Active,897058,NA,NA,S,0,0,440607.4388,35,2015,18,4.97,16.23
127877,Active,3960417,NA,NA,S,0,0,133650.175,29.99,2015,14,20.64,19.72
127878,Active,1891243,NA,NA,S,1,0,22705.2,26.99,2010,34,10.7,14.32
127879,Active,1471142,NA,NA,S,0,0,160260.825,24.95,2014,21,15.48,18.94
127880,Active,636054,NA,NA,S,0,0,285512.96,44.95,2003,49,5.97,29.46
127881,Active,689049,NA,NA,S,4,1,14578.525,29.99,2013,17,21.21,17.82
127882,Active,630490,NA,NA,S,0,0,45900.675,35,2013,29,15.28,21.86
127883,Active,1742443,NA,NA,S,2,1,292858.2338,39.95,2008,17,36.65,43.94
127884,Active,2082708,NA,NA,S,0,0,79456.45,27.99,2012,33,7.97,15.9
127885,Active,913703,NA,NA,S,1,0,372075.3475,80.3,2003,27,42.34,83.97
127886,Active,641847,NA,NA,S,1,0,441457.3338,55.85,1999,41,16.21,38.99
127887,Active,2064297,NA,NA,S,1,0,128572.325,53.25,2009,32,26.94,43.99
127888,Active,2059259,NA,NA,S,1,0,29652.8,20.55,2007,15,18.95,26.57
127889,Active,3042407,NA,NA,S,1,0,100906.7113,16.5,1996,21,15,23.95
127890,Active,3042340,NA,NA,S,1,0,688495.635,41.9,2003,15,11.21,63.96
127891,Active,3242834,NA,NA,S,2,1,736771.8563,29.43,2001,41,12.59,28.91
127892,Active,2059239,NA,NA,S,1,0,270490.8,64,2007,24,11.66,21.37
127893,Active,2039696,NA,NA,S,1,0,237625.6163,55.85,2006,19,34.32,42.98
127894,Active,2039717,NA,NA,S,1,0,352893.505,64.45,2006,28,43.96,168.96
127895,Active,2059236,NA,NA,S,1,0,284656.8725,64.55,2007,24,18.1,72.99
127896,Active,2059264,NA,NA,S,0,0,232244,99.85,2007,11,34.48,53.89
127897,Active,2059240,NA,NA,S,1,0,463156.1625,64,2007,20,6.87,12.87
127898,Active,905649,NA,NA,S,1,0,392449.9575,61.5,2007,22,6.97,12.58
127899,Active,2059258,NA,NA,S,1,0,204934.9125,18.35,2007,17,10.88,18.34
127900,Active,3042343,NA,NA,S,0,0,566456.0025,74.5,1998,35,17.91,68.96
127901,Active,3042360,NA,NA,S,1,0,162496.7525,27.9,2000,35,6.91,26.4
127902,Active,3042341,NA,NA,S,1,0,446008.2288,74.5,1998,32,18.65,57.9
127903,Active,746521,NA,NA,S,1,0,373400.59,45,2006,41,8.74,24.4
127904,Active,1778842,NA,NA,S,1,0,174099.925,22.95,2013,42,4,8.43
127905,Active,237072,NA,NA,S,0,0,73415.9,27.95,2010,21,15.6,15.47
127906,Active,1959896,NA,NA,S,1,0,193995.225,49.95,2013,12,32.75,34.51
127907,Active,2041782,NA,NA,S,0,0,82875.75,27.95,2014,10,19.03,19.36
127908,Active,2594216,NA,NA,S,1,0,298311.9088,49.99,1984,49,5.77,32.97
127909,Active,641574,NA,NA,S,1,0,157816.05,59.99,2008,35,13.91,29.06
127910,Active,2029109,NA,NA,S,1,0,196175.7,30,2013,25,16.84,17.71
127911,Active,1758921,NA,NA,S,0,0,1288.3,29.95,2014,23,22.5,17.63
127912,Active,1532256,NA,NA,S,1,0,19187.925,26,2014,35,9.09,11.57
127913,Active,3725973,NA,NA,S,0,0,71456.325,29.99,2015,15,18.43,19.17
127914,Active,3725952,NA,NA,S,0,0,98711.95,29.99,2015,14,18.98,18.98
127915,Active,526428,NA,NA,S,2,1,371431.575,44.95,2009,31,9.96,28.97
127916,Active,684711,NA,NA,S,0,0,64297.9,28,2013,58,8.41,6.87
127917,Active,805767,NA,NA,S,1,0,108119.15,25,2012,66,3.98,6.53
127918,Active,134942,NA,NA,S,0,0,636035.525,70,2009,49,13.71,36.31
127919,Active,638166,NA,NA,S,1,0,405510.8863,49.95,1998,32,5.64,32.95
127920,Active,1668644,NA,NA,S,2,1,609145.4838,15.95,2011,24,8.1,14.07
127921,Active,1668803,NA,NA,S,3,1,56736.0025,15.95,2011,19,10.28,12.76
127922,Active,1669042,NA,NA,S,1,0,52745.15,24.95,2013,14,16.75,16.71
127923,Active,621352,NA,NA,S,1,0,34290.5,32,2009,46,15.69,16
127924,Active,104500,NA,NA,S,2,1,293465.3463,21.95,1997,33,6.32,15.06
127925,Active,1436396,NA,NA,S,1,0,44351.75,22,2009,22,13.52,14.78
127926,Active,106763,NA,NA,S,2,1,27568.525,21,2009,17,13.61,13.61
127927,Active,106469,NA,NA,S,3,1,87832.275,24,2011,31,10.19,14
127928,Active,549203,NA,NA,S,0,0,344017.235,18.95,1999,123,4,0
127929,Active,1437521,NA,NA,S,4,1,42724.575,22,2013,21,10.58,16.24
127930,Active,526411,NA,NA,S,3,1,27376.325,22,2009,44,7.97,13.25
127931,Active,526409,NA,NA,S,6,1,51649.3,25,2010,28,11.79,14.87
127932,Active,1436524,NA,NA,S,1,0,39352,22,2010,27,8.99,15.67
127933,Active,1437489,NA,NA,S,2,1,28907.275,22,2013,18,11.36,15.96
127934,Active,679630,NA,NA,S,1,0,86967.975,25,2007,17,18.23,18.88
127935,Active,106737,NA,NA,S,5,1,42535.7,22,2010,57,6.89,13.99
127936,Active,538338,NA,NA,S,4,1,505656.845,22,2013,27,5.83,10.16
127937,Active,538195,NA,NA,S,2,1,38127.025,22,2009,21,8.97,14.84
127938,Active,285060,NA,NA,S,2,1,28583.4,22,2010,66,4.97,14.43
127939,Active,106855,NA,NA,S,2,1,25086.375,22,2011,47,7.67,8.56
127940,Active,549721,NA,NA,S,2,1,24462.8,22,2011,35,8.78,10.02
127941,Active,106766,NA,NA,S,1,0,56746.8,22,2009,46,7.12,11.11
127942,Active,106653,NA,NA,S,1,0,177394.775,22,2008,28,8.45,14.59
127943,Active,1436813,NA,NA,S,2,1,43877.75,22,2011,30,6.65,13.49
127944,Active,1437306,NA,NA,S,5,1,54196.2,22,2013,23,8.12,15.47
127945,Active,538340,NA,NA,S,3,1,34269.85,24,2013,21,8.9,15.26
127946,Active,1437160,NA,NA,S,3,1,17417.5,22,2012,36,7.03,13.86
127947,Active,106342,NA,NA,S,1,0,150283.8,22,2008,26,8.18,16.46
127948,Active,1436810,NA,NA,S,2,1,27694,22,2011,30,7.98,15.26
127949,Active,285056,NA,NA,S,2,1,39626.45,23,2009,25,10.89,15.46
127950,Active,861644,NA,NA,S,3,1,16709.9,22,2013,35,8.97,15.92
127951,Active,104734,NA,NA,S,3,1,536725.6275,17.95,1998,73,4,6.85
127952,Active,903803,NA,NA,S,6,1,50452.075,23,2013,12,15.1,15.58
127953,Active,865021,NA,NA,S,2,1,72893.25,22,2011,26,15.27,16.32
127954,Active,1540906,NA,NA,S,0,0,134479.2,20.95,2010,30,14.73,16.06
127955,Active,2087250,NA,NA,S,2,1,421343.5963,35,2012,22,11.62,30.24
127956,Active,3634479,NA,NA,S,2,1,81062.95,38,2015,16,19.06,20.06
127957,Active,1679849,NA,NA,S,19,1,579419.1188,33.95,2014,53,4,10.96
127958,Active,158966,NA,NA,S,0,0,69195.325,21.37,2007,42,4,13.79
127959,Active,1561938,NA,NA,S,0,0,5281.84,9.99,2006,86,4,8.59
127960,Active,526393,NA,NA,S,5,1,44985.5,24.95,2009,14,15.46,19.87
127961,Active,688556,NA,NA,S,1,0,175771.65,29.95,2012,19,17.37,25.79
127962,Active,247833,NA,NA,S,1,0,32688.275,31.95,2007,23,24.67,23.86
127963,Active,320204,NA,NA,S,2,1,417550.9075,49.95,2006,41,6.54,15
127964,Active,1861157,NA,NA,S,0,0,9678.3,26.95,2015,29,14.98,17.98
127965,Active,876517,NA,NA,S,6,1,13465.22875,154.2,2015,56,49.44,103.68
127966,Active,624407,NA,NA,S,1,0,47378.25,34.4,2007,34,21.47,23.87
127967,Active,1626772,NA,NA,S,0,0,881043.985,52.5,2008,16,16.69,51.91
127968,Active,670092,NA,NA,S,0,0,473228.0825,34,2012,32,26.96,32.15
127969,Active,1937623,NA,NA,S,0,0,138112.05,35,2014,24,4,5.17
127970,Active,2169815,NA,NA,S,0,0,36167.3,24.95,2014,17,16.93,17.69
127971,Active,2006868,NA,NA,S,1,0,211899.9,41.95,2007,16,12.73,28.99
127972,Active,799204,NA,NA,S,0,0,494452.8213,14.98,2008,18,48.54,69.98
127973,Active,890749,NA,NA,S,0,0,44420.125,23.95,2013,14,23.15,23.95
127974,Active,386617,NA,NA,S,1,0,89927.175,30.95,2007,63,4.7,15.7
127975,Active,1483793,NA,NA,S,0,0,589126.5138,25,2013,42,9.76,22.16
127976,Active,2089205,NA,NA,S,0,0,35814.225,29.95,2014,15,15.38,23.89
127977,Active,685716,NA,NA,S,0,0,112891.475,24.95,2010,54,5.69,8.86
127978,Active,752212,NA,NA,S,1,0,83552.425,29.95,2010,30,14.76,16.49
127979,Active,630546,NA,NA,S,0,0,24055.85,37.5,2012,24,24.49,24.49
127980,Active,1520203,NA,NA,S,0,0,141643.05,33.75,2011,17,18.99,19.99
127981,Active,626216,NA,NA,S,0,0,50106.425,35,2011,31,22.79,27.57
127982,Active,1496889,NA,NA,S,1,0,22958.15,29,2015,19,18.08,18.1
127983,Active,1502074,NA,NA,S,0,0,71943.35,21.99,2009,24,8.19,16.65
127984,Active,101457,NA,NA,S,1,0,106485.05,72.6,2006,54,13.14,53.78
127985,Active,2488737,NA,NA,S,0,0,53722.7,76.25,2004,49,5.72,53.94
127986,Active,2488763,NA,NA,S,0,0,89524.89625,7.88,2005,38,3.99,7.82
127987,Active,1958086,NA,NA,S,0,0,18674.65,29.99,2014,13,12.14,18.42
127988,Active,2305332,NA,NA,S,0,0,576881.755,11.49,1999,19,4.59,11.48
127989,Active,2262749,NA,NA,S,0,0,235242.2,0,2011,17,13.35,29.94
127990,Active,1474157,NA,NA,S,1,0,197897.525,21.95,2010,28,7.15,11.69
127991,Active,1655599,NA,NA,S,1,0,634974.1663,50,2009,76,6.45,41.98
127992,Active,772805,NA,NA,S,0,0,120942.475,69.75,2006,29,24.3,67.62
127993,Active,912593,NA,NA,S,0,0,407695.6113,46.15,2000,31,4,20.25
127994,Active,2376138,NA,NA,S,0,0,494083.2338,6.36,2004,22,4,6.74
127995,Active,1454014,NA,NA,S,0,0,130930.35,32.75,2007,40,4,16.68
127996,Active,712498,NA,NA,S,0,0,551791.6513,82.35,2001,55,4.72,42.29
127997,Active,714888,NA,NA,S,0,0,346625.5588,51.25,2006,52,4,27.95
127998,Active,591657,NA,NA,S,1,0,84728.8,24.95,2009,29,13.63,16.02
127999,Active,560010,NA,NA,S,0,0,79640.4,55,2008,16,33.87,86.99
128000,Active,2607232,NA,NA,S,1,0,331768.8438,49.99,2001,36,5.84,27.98
128001,Active,2103783,NA,NA,S,1,0,53647.175,24.95,2014,22,10.39,13.94
128002,Active,768300,NA,NA,S,0,0,105464.775,0,2012,16,11.54,33.78
128003,Active,118146,NA,NA,S,11,1,371113.4125,203,2007,49,14.97,54.33
128004,Active,1520283,NA,NA,S,2,1,17590.925,23.75,2014,10,21.87,21.88
128005,Active,610464,NA,NA,S,3,1,5010.2575,266.5,2013,88,49.99,62.99
128006,Active,1956119,NA,NA,S,0,0,213547.175,21.95,2011,9,17.35,21.93
128007,Active,2129634,NA,NA,S,1,0,70977.675,25,2009,19,21.79,23.74
128008,Active,126563,NA,NA,S,0,0,561653.53,40,2003,38,9.62,25.99
128009,Active,862924,NA,NA,S,0,0,717454.4963,142.5,1999,46,6.2,22.49
128010,Active,1603771,NA,NA,S,1,0,179104.1738,90.05,2011,14,28.99,39.98
128011,Active,3749205,NA,NA,S,1,0,108756.275,173,2014,69,33.24,51.99
128012,Active,1483544,NA,NA,S,0,0,151125.4,30,2015,15,16.04,21.89
128013,Active,526378,NA,NA,S,3,1,372114.5638,33,2011,33,14.19,31.82
128014,Active,2225572,NA,NA,S,10,1,365958.8188,23.2,2011,12,15.02,24.35
128015,Active,1746871,NA,NA,S,1,0,98325.875,55,2008,12,30.99,31.99
128016,Active,905565,NA,NA,S,0,0,604557.4075,39.95,2010,11,36.65,30.78
128017,Active,603482,NA,NA,S,0,0,41519.35,29.95,2010,20,31.4,29.63
128018,Active,661197,NA,NA,S,0,0,180364.775,35,2011,20,27.22,34.99
128019,Active,1741071,NA,NA,S,0,0,67290.95,24.95,2014,8,18.09,18.2
128020,Active,2066721,NA,NA,S,0,0,85728.295,4.49,2010,19,3.99,4.49
128021,Active,1743939,NA,NA,S,3,1,708401.315,18.95,2006,47,4,14.98
128022,Active,2161344,NA,NA,S,0,0,95430.53625,19.95,2012,36,14.92,19.9
128023,Active,689198,NA,NA,S,4,1,505959.925,29.95,2010,32,23.63,350.07
128024,Active,1735494,NA,NA,S,5,1,813561.84,69.99,2008,16,16.35,78.63
128025,Active,3611315,NA,NA,S,0,0,452909.85,119.99,2014,30,24.17,53.98
128026,Active,562344,NA,NA,S,0,0,349433.9,67.97,2001,45,4,15.98
128027,Active,1520488,NA,NA,S,0,0,59362.85,98,2006,64,4,52.98
128028,Active,1520487,NA,NA,S,0,0,385141.0775,55.75,2006,31,4.81,38.99
128029,Active,2488567,NA,NA,S,0,0,187003.15,98,2003,72,5.98,21.94
128030,Active,2660496,NA,NA,S,0,0,287182.1575,85.45,2000,77,4.43,8.54
128031,Active,616218,NA,NA,S,0,0,488116.6688,83.5,2001,51,4,28.99
128032,Active,572987,NA,NA,S,0,0,607066.0388,67.96,1999,47,4,9.71
128033,Active,3504966,NA,NA,S,0,0,94799.125,91,2006,40,16.52,35.97
128034,Active,2488540,NA,NA,S,0,0,313317.4125,76.5,2003,50,4,65.19
128035,Active,2488595,NA,NA,S,0,0,341007.875,76.5,2003,21,4.13,42.58
128036,Active,2099161,NA,NA,S,0,0,11554.725,24.99,2012,27,8.92,14.15
128037,Active,2099162,NA,NA,S,0,0,31263.975,24.99,2012,26,8.94,16.54
128038,Active,2099163,NA,NA,S,0,0,16631.6,24.99,2013,23,13.94,19.81
128039,Active,687336,NA,NA,S,0,0,15452.45,24.99,2013,15,17.26,18.42
128040,Active,2099164,NA,NA,S,0,0,32019.7,24.99,2014,16,9.99,19.81
128041,Active,2099165,NA,NA,S,0,0,26256.875,24.99,2015,20,10.98,18.39
128042,Active,1735507,NA,NA,S,1,0,179105.275,119.99,2014,11,53.9,111.94
128043,Active,1735508,NA,NA,S,1,0,158496.65,119.99,2014,20,19.17,81.33
128044,Active,3812925,NA,NA,S,0,0,79515.75,30.95,2011,17,27.9,22.91
128045,Active,3564952,NA,NA,S,3,1,27277.025,24.95,2012,21,19.39,18.65
128046,Active,3583760,NA,NA,S,0,0,63405.275,49.95,2014,14,32.33,18.98
128047,Active,690045,NA,NA,S,1,0,151049.725,27.95,2013,14,23.95,23.93
128048,Active,688034,NA,NA,S,0,0,68829.675,24.99,2011,31,14.27,16.66
128049,Active,2077872,NA,NA,S,0,0,155295.4,24.95,2014,22,7.73,7.94
128050,Active,2169816,NA,NA,S,0,0,45817.175,26.95,2014,14,17.95,17.5
128051,Active,2060296,NA,NA,S,0,0,51808.275,24.95,2011,23,14.75,17.98
128052,Active,1829794,NA,NA,S,2,1,115571.95,29.99,2014,15,14.55,15.82
128053,Active,103342,NA,NA,S,0,0,133719.0988,14.99,2010,130,4,9.8
128054,Active,1781204,NA,NA,S,1,0,55368.15,29.99,2015,15,19.75,14.47
128055,Active,1679351,NA,NA,S,1,0,88245.4,23.99,2011,27,4.22,14.95
128056,Active,2162629,NA,NA,S,2,1,40292.65,24.95,2012,29,16.49,19.94
128057,Active,1489069,NA,NA,S,1,0,181540.425,25.95,2012,15,15.02,16.1
128058,Active,675597,NA,NA,S,0,0,153738.1,26.95,2011,67,4,4.63
128059,Active,902101,NA,NA,S,0,0,9101.65,26.99,2013,22,15.45,16.25
128060,Active,537206,NA,NA,S,0,0,359887.4388,16,2005,139,4,5.98
128061,Active,751256,NA,NA,S,1,0,859901.7713,128,2008,24,8.83,97.66
128062,Active,1575436,NA,NA,S,1,0,95248.2,29.95,2012,34,20.79,22.21
128063,Active,175104,NA,NA,S,1,0,100002.625,29.99,2008,24,25.99,23.99
128064,Active,683635,NA,NA,S,1,0,34663.075,24.99,2012,33,17.24,17.29
128065,Active,3039312,NA,NA,S,2,1,424575.8038,14.95,2004,19,12.65,125.95
128066,Active,2837404,NA,NA,S,0,0,273213.5738,45,2001,34,5.63,12.95
128067,Active,2236455,NA,NA,S,0,0,128351.1,24.99,2013,16,22.77,20.93
128068,Active,1532244,NA,NA,S,0,0,3626.525,27,2014,21,14.03,15.15
128069,Active,1780824,NA,NA,S,1,0,55598.7,29.99,2015,14,19.94,19.72
128070,Active,608948,NA,NA,S,4,1,111000.125,28.95,2009,44,12.21,17.76
128071,Active,1634285,NA,NA,S,1,0,215264.175,27.95,2007,28,4,18.63
128072,Active,3566794,NA,NA,S,0,0,27301.2,40,2015,24,14.98,21.95
128073,Active,1866639,NA,NA,S,1,0,55134.7,55,2011,30,26.39,34.46
128074,Active,1461610,NA,NA,S,0,0,125130.625,25,2009,11,18.51,17.12
128075,Active,210136,NA,NA,S,0,0,697393.61,17,2007,62,4.48,40.73
128076,Active,1627697,NA,NA,S,0,0,132826.025,35,2015,10,36.84,25.97
128077,Active,845835,NA,NA,S,0,0,526107.78,32,1991,27,11.3,59.66
128078,Active,672449,NA,NA,S,0,0,56360.425,21.95,2011,48,9.34,15.57
128079,Active,1932709,NA,NA,S,0,0,34636.125,35,2012,46,10.04,11.31
128080,Active,2919289,NA,NA,S,3,1,92219.0275,39.99,2015,19,23.95,25.33
128081,Active,860962,NA,NA,S,5,1,127260.2813,29.99,2012,46,4.72,16.86
128082,Active,3063764,NA,NA,S,2,1,613284.7125,24.95,1996,42,4.53,43.39
128083,Active,678017,NA,NA,S,1,0,40190.95,26.99,2012,40,15.78,16.19
128084,Active,571703,NA,NA,S,1,0,195397.225,39.99,2010,31,6.99,12.99
128085,Active,667888,NA,NA,S,1,0,401422.825,54.95,2011,17,32.39,44.27
128086,Active,607633,NA,NA,S,10,1,111736.8025,141,1999,38,13.98,87.52
128087,Active,810313,NA,NA,S,1,0,57147.5,28,2012,35,13.19,33.94
128088,Active,1703959,NA,NA,S,0,0,210385.35,24.95,2014,8,24.34,16.63
128089,Active,1691851,NA,NA,S,1,0,68002.975,22,2009,22,13.3,13.29
128090,Active,805809,NA,NA,S,0,0,36604.85375,16,2008,307,4,7.97
128091,Active,1571864,NA,NA,S,1,0,111432.825,24,2012,19,19.9,24
128092,Active,2647708,NA,NA,S,1,0,442134.3588,92.95,2001,23,17.86,50.22
128093,Active,560115,NA,NA,S,1,0,595109.6125,20.87,2010,35,8.35,21.94
128094,Active,1523702,NA,NA,S,0,0,7493.425,25,2014,32,14.18,15.23
128095,Active,616725,NA,NA,S,1,0,44472.95,40,2011,29,6.33,23.92
128096,Active,2904172,NA,NA,S,2,1,109976.975,20,1991,12,19.99,19.99
128097,Active,2250182,NA,NA,S,2,1,63419.675,0,2010,2,15.99,21.99
128098,Active,1684154,NA,NA,S,3,1,16506.575,34.99,2011,21,17.09,21.36
128099,Active,1684148,NA,NA,S,1,0,123378.3,29.99,2011,19,16.28,19.47
128100,Active,1684444,NA,NA,S,0,0,56716.075,34.99,2015,17,22.47,20.91
128101,Active,3960261,NA,NA,S,0,0,96966.4,35,2010,25,22.45,26.23
128102,Active,1434096,NA,NA,S,1,0,47932.575,26.99,2015,18,18.92,17.97
128103,Active,2285226,NA,NA,S,3,1,42813.55,0,2014,0,0,7.48
128104,Active,2021289,NA,NA,S,0,0,43380.3,29.99,2007,24,17.98,20.38
128105,Active,2163306,NA,NA,S,1,0,55127.225,49.95,2012,16,28.43,29.93
128106,Active,2039870,NA,NA,S,1,0,58995.7,25,2015,22,12.33,15.5
128107,Active,300134,NA,NA,S,0,0,43332.025,24,2008,21,15.56,16.49
128108,Active,1617753,NA,NA,S,0,0,140721.375,39.95,2010,12,39.93,39.95
128109,Active,789970,NA,NA,S,0,0,775545.3663,24.95,2004,21,13.14,102.46
128110,Active,903671,NA,NA,S,0,0,22252.4975,16.99,2010,44,8.05,0
128111,Active,2146423,NA,NA,S,1,0,70766.675,29.95,2011,8,19.98,21.44
128112,Active,696531,NA,NA,S,2,1,891357.1263,49.95,1997,15,13.81,34.25
128113,Active,1704443,NA,NA,S,0,0,103679.7,24.95,2011,28,8.23,28.94
128114,Active,2084221,NA,NA,S,1,0,73652,48.99,2013,12,33.98,27.21
128115,Active,649636,NA,NA,S,0,0,9132.25,48.99,2013,13,29.61,29.61
128116,Active,1431833,NA,NA,S,1,0,85836.7,29.99,2009,45,11.37,17.81
128117,Active,1707021,NA,NA,S,0,0,457001.7688,19.95,2008,24,9.98,13.99
128118,Active,534594,NA,NA,S,1,0,33670.225,32.5,2010,29,18.12,20.49
128119,Active,2086034,NA,NA,S,0,0,64399.875,62.99,2013,9,41.94,41.94
128120,Active,3743988,NA,NA,S,0,0,84345.675,22.5,2009,23,12.73,21.87
128121,Active,489448,NA,NA,S,4,1,301902.3613,29.95,1997,47,7.93,48.87
128122,Active,2880403,NA,NA,S,0,0,550404.94,45.45,1998,21,38.23,128.53
128123,Active,1534064,NA,NA,S,2,1,776875.925,159,2008,19,4,4
128124,Active,1731280,NA,NA,S,1,0,184958.7,24.95,2014,13,18.13,22.68
128125,Active,722941,NA,NA,S,1,0,170443.275,31.95,2008,16,15.96,20.39
128126,Active,635596,NA,NA,S,7,1,44665.73125,229,2013,74,36.85,124.17
128127,Active,665422,NA,NA,S,12,1,743620.6463,219,2012,53,5.99,59.04
128128,Active,574728,NA,NA,S,0,0,109754.025,31,2008,21,16.39,19.5
128129,Active,227595,NA,NA,S,2,1,896492.5613,94.95,1999,42,4,16.1
128130,Active,2273995,NA,NA,S,4,1,584401.1213,103.36,2013,41,12.39,66.82
128131,Active,2609261,NA,NA,S,0,0,463486.7263,59.99,1998,51,6.68,15.95
128132,Active,161752,NA,NA,S,2,1,66719.0175,85,2008,50,20.42,42.98
128133,Active,1446868,NA,NA,S,1,0,205724.05,49.95,2014,14,42.76,38.47
128134,Active,640001,NA,NA,S,1,0,83978.825,49.95,2011,22,34.95,33.45
128135,Active,3727676,NA,NA,S,0,0,392805,42,2007,52,8.64,27.69
128136,Active,2875890,NA,NA,S,0,0,553094.7663,43.95,2002,48,15.64,32.25
128137,Active,631490,NA,NA,S,1,0,94116.875,39.99,2011,26,23.25,25.05
128138,Active,2058139,NA,NA,S,0,0,168971.85,22.95,2013,9,17.78,22.95
128139,Active,2142427,NA,NA,S,1,0,36842.825,39.95,2012,12,26.16,39.85
128140,Active,916549,NA,NA,S,0,0,213158.4825,19.95,2005,19,8.47,19.04
128141,Active,3746015,NA,NA,S,0,0,125895.425,26.99,2013,30,8.5,10.49
128142,Active,733963,NA,NA,S,1,0,246174.675,25.95,2009,57,4,6.59
128143,Active,1759996,NA,NA,S,0,0,25670.2,24.95,2015,15,18.54,18.71
128144,Active,2010346,NA,NA,S,0,0,129704.425,0,2010,9,11.98,14.48
128145,Active,537852,NA,NA,S,4,1,802238.435,103.2,2006,32,15.21,100.57
128146,Active,877112,NA,NA,S,4,1,34462.76125,181.6,2007,57,13.94,61.14
128147,Active,1703723,NA,NA,S,0,0,95141.525,21.95,2009,32,7.78,11.38
128148,Active,1576162,NA,NA,S,1,0,11571.05,32.95,2009,56,25.57,24.11
128149,Active,1728730,NA,NA,S,0,0,68237.97875,19.95,2014,15,14.43,14.43
128150,Active,2273391,NA,NA,S,2,1,769384.2213,93.49,2013,40,8.41,47.13
128151,Active,625622,NA,NA,S,1,0,124686.625,62.95,2013,34,17.62,29.89
128152,Active,262366,NA,NA,S,2,1,261769.5775,32.95,2007,73,19.5,22.76
128153,Active,683105,NA,NA,S,1,0,11211.75,21.95,2012,60,7.93,11.18
128154,Active,557403,NA,NA,S,1,0,376362.9975,46.8,2007,42,4,12.98
128155,Active,1471538,NA,NA,S,1,0,70184.525,24.95,2015,11,20.64,18.33
128156,Active,690912,NA,NA,S,1,0,52986.7,24.95,2009,19,18.91,24.95
128157,Active,1576421,NA,NA,S,0,0,112072.3,34.95,2011,16,18.01,24.93
128158,Active,664108,NA,NA,S,4,1,14249.575,194.95,2014,66,54.92,118.98
128159,Active,686638,NA,NA,S,0,0,111764.325,27.99,2013,22,13.15,23.96
128160,Active,1692354,NA,NA,S,0,0,39038.65,29.95,2010,12,25.24,20.83
128161,Active,735322,NA,NA,S,0,0,33827.6,28.99,2011,23,17.42,19.15
128162,Active,2276986,NA,NA,S,2,1,47869.375,0,2013,0,0,7.48
128163,Active,3490957,NA,NA,S,0,0,188567.5,59.95,2015,15,15.5,17.38
128164,Active,3960499,NA,NA,S,0,0,191169.3,24.95,2012,13,18.99,13.98
128165,Active,623152,NA,NA,S,1,0,297841.9163,49.95,2008,31,5.32,33.98
128166,Active,1626465,NA,NA,S,0,0,162025.975,25.99,2007,23,9.99,17.73
128167,Active,209454,NA,NA,S,3,1,395446.5963,23,2002,101,4,15.98
128168,Active,924332,NA,NA,S,0,0,191558.605,56,2014,29,13.28,2346.73
128169,Active,655076,NA,NA,S,0,0,585047.7675,48,2013,33,5.28,127.23
128170,Active,540466,NA,NA,S,0,0,436417.4,46,2011,20,5.96,68.82
128171,Active,612498,NA,NA,S,0,0,553015.1125,48,2013,36,12.47,108.23
128172,Active,613592,NA,NA,S,0,0,846206.3488,50,2011,59,4.15,37.95
128173,Active,3109678,NA,NA,S,0,0,33678,55,2016,42,18.98,42.68
128174,Active,2105380,NA,NA,S,0,0,784461.2438,50,2014,29,4.23,7.98
128175,Active,2018932,NA,NA,S,0,0,164217.275,40,2011,19,34.4,38.93
128176,Active,129217,NA,NA,S,0,0,111124.015,14.95,2008,34,6.57,10.77
128177,Active,1702922,NA,NA,S,0,0,93578.5,24.95,2011,13,16.19,19.68
128178,Active,2108211,NA,NA,S,0,0,160208.6038,35,2015,21,10.45,35
128179,Active,3808645,NA,NA,S,0,0,253980.55,41,2015,27,10.77,41
128180,Active,2383381,NA,NA,S,7,1,208681.0288,89.4,2015,26,15.98,19.28
128181,Active,2248991,NA,NA,S,9,1,898556.8788,68.72,2006,14,18.95,66.46
128182,Active,2108204,NA,NA,S,0,0,138449.2513,47,2014,34,17.75,45.7
128183,Active,1598282,NA,NA,S,0,0,104863.875,28,2013,22,18.53,18.94
128184,Active,2006475,NA,NA,S,1,0,210237.875,40,2013,23,13.98,23.25
128185,Active,1814416,NA,NA,S,0,0,130537.975,29.99,2012,45,4,5.97
128186,Active,663580,NA,NA,S,4,1,88229.25875,75,2014,44,36.13,61.99
128187,Active,3634096,NA,NA,S,5,1,19024,75,2016,17,47.9,59.1
128188,Active,3808650,NA,NA,S,0,0,176876.1,47,2015,30,14.99,43.44
128189,Active,1640497,NA,NA,S,0,0,10708.575,24.99,2008,22,16.06,17.98
128190,Active,772084,NA,NA,S,5,1,754182.0663,35.95,2005,26,4,12.77
128191,Active,635313,NA,NA,S,1,0,424359.0963,56.95,2005,27,17.92,37.23
128192,Active,580044,NA,NA,S,0,0,183001.5,26.95,2007,25,7.98,23.6
128193,Active,2681155,NA,NA,S,3,1,65548.525,10.45,1995,14,8.89,9.83
128194,Active,2389305,NA,NA,S,0,0,308101.195,59.93,1980,41,4,63.03
128195,Active,296307,NA,NA,S,1,0,295568.9075,59.95,1999,20,16.54,58.06
128196,Active,1729503,NA,NA,S,0,0,112346.8,32.99,2013,6,30.24,32.99
128197,Active,679568,NA,NA,S,1,0,22265.65,26.99,2011,49,7.93,15.47
128198,Active,635106,NA,NA,S,1,0,106524.65,35.95,2009,22,18.81,27.89
128199,Active,898616,NA,NA,S,0,0,49837.075,24.95,2011,18,18.88,19.87
128200,Active,646247,NA,NA,S,0,0,844861.4738,45.99,2006,21,13.99,38.75
128201,Active,2606684,NA,NA,S,0,0,748799.6988,54.99,1997,30,10.3,43.99
128202,Active,672067,NA,NA,S,0,0,24314.3525,17.95,2000,188,4,0
128203,Active,1815151,NA,NA,S,0,0,48033.775,26,2015,20,17.2,17.26
128204,Active,535919,NA,NA,S,4,1,52398.52625,29.95,2014,34,20.77,20.78
128205,Active,865559,NA,NA,S,3,1,88216.125,24.99,2013,15,17.08,16.9
128206,Active,1554705,NA,NA,S,0,0,338458.24,39.95,2015,12,39.25,37.07
128207,Active,2164846,NA,NA,S,0,0,9218.675,26.99,2014,15,19.13,16.15
128208,Active,801924,NA,NA,S,0,0,83021.125,68,2010,26,27.98,45.6
128209,Active,1756807,NA,NA,S,2,1,28723.35,19.95,2012,39,15.88,17.05
128210,Active,2081019,NA,NA,S,0,0,4784.875,24.95,2012,15,16.07,17.57
128211,Active,490100,NA,NA,S,2,1,17917.325,21.45,2015,20,13.98,15.66
128212,Active,641594,NA,NA,S,5,1,579971.935,67.99,2008,73,4.26,46.02
128213,Active,635786,NA,NA,S,7,1,755689.6975,90.25,2008,20,4,31.49
128214,Active,545150,NA,NA,S,5,1,90620.03,261.95,2008,43,16.01,62.99
128215,Active,1781064,NA,NA,S,4,1,92378.35,22.99,2015,12,16.05,13.97
128216,Active,914294,NA,NA,S,0,0,323309.7325,21.99,2011,31,6.2,0
128217,Active,1613624,NA,NA,S,1,0,798280.8613,18.95,2010,25,5.44,22.94
128218,Active,679162,NA,NA,S,1,0,76735.725,29.95,2009,18,15.35,18.75
128219,Active,106752,NA,NA,S,1,0,72749.975,27.95,2009,48,4.85,12.95
128220,Active,552137,NA,NA,S,9,1,799811.0625,146.7,2003,70,4,42.79
128221,Active,686014,NA,NA,S,1,0,94052.925,22.95,2012,20,11.05,11.99
128222,Active,678891,NA,NA,S,1,0,112311,24.99,2008,40,5.3,14.29
128223,Active,2150356,NA,NA,S,0,0,68842.65,29.95,2011,9,13.5,13.51
128224,Active,3960003,NA,NA,S,0,0,2074.05,22.99,2015,37,5.11,5.14
128225,Active,645017,NA,NA,S,2,1,695838.1613,55,2011,23,10.44,41.69
128226,Active,677102,NA,NA,S,2,1,78432.15,25.95,2007,29,21.93,22.65
128227,Active,1753233,NA,NA,S,1,0,136745.1,25.95,2010,30,11.11,18.99
128228,Active,911918,NA,NA,S,0,0,218125.475,36.96,2010,17,18.89,42.87
128229,Active,831264,NA,NA,S,0,0,698713.82,71.7,1995,37,5.05,31.49
128230,Active,2140373,NA,NA,S,9,1,190164.2,27.31,2010,23,10.62,23.62
128231,Active,3824745,NA,NA,S,0,0,66999.875,55,2014,13,21.69,29.2
128232,Active,544582,NA,NA,S,9,1,12642.63,267.95,2013,80,35.49,57.99
128233,Active,132521,NA,NA,S,5,1,293128.8188,167.95,2009,64,19.26,72.71
128234,Active,905118,NA,NA,S,0,0,16388.41625,17,2014,19,12.24,10.64
128235,Active,911567,NA,NA,S,0,0,21230.55,23,2009,31,13.42,15.32
128236,Active,703798,NA,NA,S,2,1,898604.4663,63.45,2001,17,4.15,11.53
128237,Active,544328,NA,NA,S,7,1,96082.55125,159.95,2013,47,37.62,127.35
128238,Active,2073436,NA,NA,S,0,0,434994.2675,109.35,2011,17,6.64,56.14
128239,Active,3608633,NA,NA,S,0,0,180115.95,45,2008,25,18.95,19.95
128240,Active,2151906,NA,NA,S,0,0,503079.415,75,2014,37,40.5,51.16
128241,Active,1697959,NA,NA,S,1,0,218594.7,29.95,2014,19,18.7,23.92
128242,Active,2065449,NA,NA,S,0,0,13927.8,29.95,2011,10,22.63,19.86
128243,Active,864762,NA,NA,S,6,1,21572.70625,81.8,2014,59,40.58,64.81
128244,Active,1586870,NA,NA,S,1,0,707694.6213,54.99,2007,27,13.69,45.23
128245,Active,1736905,NA,NA,S,0,0,84128.325,24.95,2012,14,8.49,15.87
128246,Active,526338,NA,NA,S,1,0,700603.3675,17.95,2008,22,12.29,50.93
128247,Active,3801436,NA,NA,S,0,0,77287.975,91.99,2013,13,53.99,60.61
128248,Active,1480227,NA,NA,S,1,0,58885.325,49.95,2014,15,37.31,49.03
128249,Active,1598395,NA,NA,S,0,0,43020.7,29.99,2014,33,11.9,16.48
128250,Active,3800941,NA,NA,S,0,0,121666.35,26.98,2011,30,3.93,13.17
128251,Active,1498066,NA,NA,S,0,0,73713.975,29.99,2013,25,20.24,14.98
128252,Active,1833571,NA,NA,S,0,0,198153.625,23.99,2012,61,4,10.57
128253,Active,902544,NA,NA,S,0,0,358413.57,55.15,1977,28,4,76.4
128254,Active,1978441,NA,NA,S,15,1,40912.45,25,2013,16,21.31,21.34
128255,Active,3578917,NA,NA,S,2,1,195084.95,22.95,2015,19,17.73,19
128256,Active,685283,NA,NA,S,1,0,16089.95,25,2013,36,5.98,6.97
128257,Active,1437542,NA,NA,S,1,0,42594.775,30,2014,27,10.94,20
128258,Active,116506,NA,NA,S,0,0,316093.6688,54.99,2004,75,4,0
128259,Active,314762,NA,NA,S,1,0,668619.2375,109.8,2006,39,5.9,69.14
128260,Active,3830205,NA,NA,S,8,1,224823.95,59.9,2016,9,49.98,52.05
128261,Active,878290,NA,NA,S,6,1,15144.80625,102.31,2014,27,43.5,78.99
128262,Active,2023669,NA,NA,S,6,1,110686.0013,0,2012,37,18.84,78.98
128263,Active,3792560,NA,NA,S,0,0,160789.15,83.5,2014,36,15.52,53.98
128264,Active,3473552,NA,NA,S,6,1,113771.625,116.31,2015,10,91.95,109.05
128265,Active,613182,NA,NA,S,0,0,691292.2275,27.89,2010,85,4.27,0
128266,Active,2266634,NA,NA,S,5,1,635654.625,0,1900,32,5.57,58.51
128267,Active,526331,NA,NA,S,6,1,113847.0475,86.32,2012,44,31.12,116.87
128268,Active,2023670,NA,NA,S,6,1,109066.325,0,2014,4,50.96,83.98
128269,Active,2132467,NA,NA,S,0,0,126311.225,24,2011,19,17.1,24
128270,Active,906776,NA,NA,S,0,0,259626.1988,34.95,2005,25,19.86,27.32
128271,Active,2438085,NA,NA,S,1,0,149012.375,29,2015,16,21.99,23.98
128272,Active,671969,NA,NA,S,1,0,93688.7575,15,2001,310,4,6.64
128273,Active,2954295,NA,NA,S,0,0,24794.6,27.95,2015,13,28.01,24.47
128274,Active,675874,NA,NA,S,2,1,90805.025,22.95,2008,59,4.42,13.97
128275,Active,1713545,NA,NA,S,0,0,166248.45,22.95,2010,8,33.38,19.22
128276,Active,669091,NA,NA,S,1,0,35333.8,35,2012,22,22.02,22.66
128277,Active,1691928,NA,NA,S,0,0,77439.85,21.99,2013,23,14.99,15.88
128278,Active,2020901,NA,NA,S,1,0,4435.2,35,2009,23,21.87,21.87
128279,Active,3803193,NA,NA,S,0,0,165365.2,24.95,2011,16,33.38,30.48
128280,Active,1526945,NA,NA,S,1,0,233279.8,23,2009,41,4,9.98
128281,Active,1697040,NA,NA,S,0,0,51540.1,22,2015,14,16.73,16.56
128282,Active,635079,NA,NA,S,2,1,140505.75,32.5,2010,21,20.24,25.68
128283,Active,1724503,NA,NA,S,0,0,178570.325,35,2014,33,13.54,21.96
128284,Active,2079711,NA,NA,S,0,0,35860.35,27.5,2015,16,16.98,17.18
128285,Active,125615,NA,NA,S,0,0,601595.2325,40.95,1996,77,3.98,0
128286,Active,3617375,NA,NA,S,0,0,170646.8,24.95,2009,34,11.38,14.13
128287,Active,1433133,NA,NA,S,1,0,10650.475,35,2015,43,14.74,19.7
128288,Active,2020145,NA,NA,S,0,0,9908.475,22.95,2007,25,11.94,14.92
128289,Active,898892,NA,NA,S,0,0,129934.275,27.5,2012,13,15.68,16.88
128290,Active,1677167,NA,NA,S,2,1,56182.125,29.99,2014,31,7.52,20.22
128291,Active,684568,NA,NA,S,0,0,9638.225,29.95,2007,39,11.05,16.98
128292,Active,2077848,NA,NA,S,1,0,49290.775,22.95,2014,19,15.36,17.7
128293,Active,1918178,NA,NA,S,0,0,150127.7,24.99,2013,14,16.36,14.97
128294,Active,3739762,NA,NA,S,0,0,142741.3,29.99,2011,37,5.84,9.17
128295,Active,2027017,NA,NA,S,0,0,59568.1,25.95,2011,26,9.98,21.55
128296,Active,2077878,NA,NA,S,0,0,10321.7,25.95,2014,13,17.77,15.98
128297,Active,1715840,NA,NA,S,0,0,548758.1688,26.95,2012,25,9.37,23.99
128298,Active,3618768,NA,NA,S,0,0,80354.175,32.95,2015,9,34.59,32.94
128299,Active,1890837,NA,NA,S,0,0,57623.375,22.99,2013,15,12.15,18
128300,Active,2023353,NA,NA,S,1,0,111904.45,26,2012,22,7.58,17.08
128301,Active,624559,NA,NA,S,1,0,717337.105,49.95,1996,47,4,40.78
128302,Active,1483814,NA,NA,S,0,0,218220.5,30,2010,17,25.99,28.08
128303,Active,287318,NA,NA,S,0,0,286441.4075,16.95,2010,95,4,8.74
128304,Active,305036,NA,NA,S,1,0,64698.65,25.99,2010,54,11.39,17.98
128305,Active,3199705,NA,NA,S,1,0,291495.8313,19.5,1992,33,80.84,303.25
128306,Active,3562852,NA,NA,S,1,0,314900.7,51,2003,112,4,28.88
128307,Active,618916,NA,NA,S,2,1,55555.98375,54.95,2012,38,17.98,43.94
128308,Active,895354,NA,NA,S,2,1,380901.0825,75,2014,27,12.16,68.23
128309,Active,2532881,NA,NA,S,1,0,467603.7513,43.95,1997,40,4.62,33.24
128310,Active,255908,NA,NA,S,1,0,198662.475,24.95,2009,35,6.58,14.74
128311,Active,211344,NA,NA,S,0,0,475376.3188,47.99,1997,42,5.96,47.99
128312,Active,1559114,NA,NA,S,5,1,45528.925,23.95,2012,16,16,19.2
128313,Active,136230,NA,NA,S,0,0,823731.7913,60,1998,21,15.76,50.39
128314,Active,1954187,NA,NA,S,3,1,72868.125,35,2015,9,33.26,29.51
128315,Active,1710804,NA,NA,S,0,0,73610.575,24,2014,6,24.91,23.34
128316,Active,135297,NA,NA,S,0,0,157098.74,50,2006,39,13.32,39.67
128317,Active,918057,NA,NA,S,0,0,554697.8463,65,1990,52,12.74,16.94
128318,Active,556374,NA,NA,S,1,0,593832.0663,70,2009,30,13.09,70.98
128319,Active,2648546,NA,NA,S,1,0,527474.905,56.95,1999,32,9.34,41.7
128320,Active,1491308,NA,NA,S,0,0,104564.95,24.95,2014,12,18.58,18.58
128321,Active,2534462,NA,NA,S,0,0,818054.3275,41.95,2005,28,9.45,28.42
128322,Active,2137410,NA,NA,S,0,0,209747.85,27,2011,50,12.95,16.49
128323,Active,3082767,NA,NA,S,2,1,238914.605,11.95,2004,3,0,17.69
128324,Active,1496564,NA,NA,S,1,0,209169.625,27.5,2012,28,4,9.32
128325,Active,3826153,NA,NA,S,0,0,73711.525,59.99,2014,15,39.88,41.45
128326,Active,727050,NA,NA,S,3,1,260185.975,118.25,2000,49,3.98,24.97
128327,Active,2100839,NA,NA,S,0,0,53888.2,27.99,2014,40,8.38,14.67
128328,Active,1628970,NA,NA,S,0,0,73795.225,23.95,2015,12,16.75,19.7
128329,Active,3819531,NA,NA,S,1,0,224280.55,49.95,2008,27,20.94,25.54
128330,Active,3494180,NA,NA,S,1,0,207483.8,26.95,2010,25,17.32,22.81
128331,Active,732423,NA,NA,S,0,0,614132.1013,43,2002,19,17.7,20.82
128332,Active,1707891,NA,NA,S,2,1,468850.7375,24.95,2006,18,16.46,23.8
128333,Active,2014091,NA,NA,S,1,0,68485.725,27.95,2011,29,15.01,19.37
128334,Active,2171898,NA,NA,S,0,0,122257.675,49.99,2012,11,29.6,31.99
128335,Active,1757842,NA,NA,S,0,0,52011.95,22.95,2015,14,17.33,16.65
128336,Active,3561094,NA,NA,S,0,0,42573.15,28.95,2010,21,18.86,22.09
128337,Active,3561108,NA,NA,S,0,0,30830.425,22.99,2011,14,18.49,17.95
128338,Active,1697304,NA,NA,S,0,0,4291.675,25,2014,26,13.45,14.88
128339,Active,2495264,NA,NA,S,1,0,571275.0763,40,2004,36,13.25,47.06
128340,Active,2103184,NA,NA,S,0,0,216799.875,20.95,2013,13,18.93,20.52
128341,Active,919005,NA,NA,S,0,0,358041.5813,54,2003,51,4,9.45
128342,Active,1493708,NA,NA,S,1,0,184873.35,30,2007,34,5.15,19.93
128343,Active,2539237,NA,NA,S,4,1,716113.33,19.95,2001,36,7.57,17.8
128344,Active,3553621,NA,NA,S,0,0,110851.175,28.95,2011,23,13.01,20.97
128345,Active,189892,NA,NA,S,0,0,62977.29875,43.95,2004,45,23.39,24.62
128346,Active,2033825,NA,NA,S,0,0,17244.9875,8.99,2007,40,6.76,5.26
128347,Active,1565989,NA,NA,S,0,0,67659.45,25.99,2015,26,10.6,13.96
128348,Active,2070704,NA,NA,S,1,0,99585.45,24.99,2011,69,4,11.99
128349,Active,2077844,NA,NA,S,0,0,12977.125,22.95,2014,17,17.11,16.88
128350,Active,2051181,NA,NA,S,0,0,125493.55,24.95,2013,26,7.02,7.53
128351,Active,2126201,NA,NA,S,0,0,80044.275,22.95,2011,17,13.48,13.96
128352,Active,665459,NA,NA,S,1,0,84340.425,53.95,2011,29,40.94,43.46
128353,Active,295831,NA,NA,S,1,0,402283.19,75,2010,38,23.35,72.2
128354,Active,665439,NA,NA,S,0,0,72402.15,39,2012,18,25.63,23.86
128355,Active,612480,NA,NA,S,0,0,61768.775,82,2013,32,43.9,61.26
128356,Active,622057,NA,NA,S,1,0,547089.325,76.8,2004,33,16.97,32.98
128357,Active,1651501,NA,NA,S,1,0,711940.0688,54.95,2011,34,5.75,50.56
128358,Active,678964,NA,NA,S,1,0,176648.525,29.99,2012,38,4.48,5.31
128359,Active,3828572,NA,NA,S,1,0,245393.425,44.99,2011,44,21.99,25.96
128360,Active,1779280,NA,NA,S,1,0,65869.15,29.99,2013,36,18.93,19.68
128361,Active,2136224,NA,NA,S,0,0,147568.025,29.95,2008,26,21.18,21.19
128362,Active,1980251,NA,NA,S,0,0,49928.25,23.99,2015,14,15.39,15.39
128363,Active,3566793,NA,NA,S,0,0,90636.525,30,2014,22,11.23,19.37
128364,Active,2022641,NA,NA,S,0,0,197622.1,23,2009,14,18.2,17.28
128365,Active,679954,NA,NA,S,0,0,75384.675,26.95,2007,29,18.86,20.72
128366,Active,893007,NA,NA,S,0,0,176900.975,39.99,2015,14,28.08,25.76
128367,Active,905206,NA,NA,S,0,0,131787.85,26,2014,27,11.2,15.98
128368,Active,1692842,NA,NA,S,1,0,771121.1088,59.95,2010,41,4,13.64
128369,Active,2004597,NA,NA,S,3,1,66189.33375,19.95,2007,33,12.13,16.24
128370,Active,1660525,NA,NA,S,1,0,56966.125,27.99,2008,16,18.57,15.93
128371,Active,3068400,NA,NA,S,1,0,352751.3425,50,2003,23,8.07,52.29
128372,Active,1936375,NA,NA,S,1,0,167299.675,34.99,2014,16,17.14,18.6
128373,Active,3803505,NA,NA,S,0,0,101842.1,24.99,2013,56,12.47,16.01
128374,Active,1735282,NA,NA,S,0,0,97194.225,40,2011,16,19.89,23.99
128375,Active,2079694,NA,NA,S,0,0,78008.6,24.99,2014,24,13.74,13.98
128376,Active,914398,NA,NA,S,1,0,855724.035,82.95,1996,32,4.85,74.43
128377,Active,1746729,NA,NA,S,2,1,4603.65,24.95,2015,14,18.75,18.02
128378,Active,923288,NA,NA,S,1,0,6670.775,24,2008,129,7.6,9.98
128379,Active,673122,NA,NA,S,0,0,5136,20.99,2013,13,14.99,15.31
128380,Active,1716121,NA,NA,S,0,0,94478.325,26.95,2015,12,24.02,21.24
128381,Active,1624995,NA,NA,S,0,0,49126.525,27.95,2014,17,13.94,20.89
128382,Active,616623,NA,NA,S,0,0,264354.9688,8.89,2003,32,4,8.94
128383,Active,3565651,NA,NA,S,1,0,510691.45,40,2004,77,6.74,63.23
128384,Active,3565740,NA,NA,S,0,0,177613.375,24.95,2010,48,4.92,17
128385,Active,1693951,NA,NA,S,0,0,489922.0675,26,2007,12,17.43,23.11
128386,Active,2054227,NA,NA,S,1,0,28907.175,35,2010,25,22.97,24.87
128387,Active,3603703,NA,NA,S,0,0,783953.45,15.95,2015,15,9.39,11.28
128388,Active,2041757,NA,NA,S,1,0,94143.15,27.95,2014,34,4.27,9.98
128389,Active,1759335,NA,NA,S,0,0,38590.7,24.95,2012,12,27.29,24.87
128390,Active,1918521,NA,NA,S,0,0,68485.6,24.99,2014,16,9,9.02
128391,Active,2060048,NA,NA,S,1,0,51061.9,22.99,2009,63,6.54,8
128392,Active,1918372,NA,NA,S,0,0,109802.075,22.99,2012,28,6.99,7.02
128393,Active,1535610,NA,NA,S,1,0,64504.725,21.95,2008,14,17.66,17.67
128394,Active,3476748,NA,NA,S,0,0,138254.1,22,2009,17,9.06,9.08
128395,Active,2140618,NA,NA,S,0,0,116277.25,30,2010,8,31.28,28.2
128396,Active,543211,NA,NA,S,0,0,94898.65,29.95,2011,16,18.99,19.79
128397,Active,2043804,NA,NA,S,0,0,83102.8,24.99,2013,17,17.53,16.74
128398,Active,2011308,NA,NA,S,2,1,17718.95,24.99,2014,7,17.19,16.74
128399,Active,130615,NA,NA,S,12,1,114194.9375,66.2,2011,50,20.89,61
128400,Active,130947,NA,NA,S,11,1,30472.83125,109.4,2011,43,54.74,79.48
128401,Active,1767782,NA,NA,S,0,0,227666.4613,29.99,2012,21,20.67,25.39
128402,Active,1430985,NA,NA,S,0,0,71919.6,25.99,2014,29,10.74,18.98
128403,Active,526297,NA,NA,S,11,1,74445.92,71.8,2012,45,21.94,44.9
128404,Active,1752116,NA,NA,S,0,0,41369.475,34.95,2008,22,30.3,31.46
128405,Active,620385,NA,NA,S,0,0,217762.2925,44,2002,28,5.9,41.98
128406,Active,126709,NA,NA,S,2,1,89832.54875,24.99,2006,38,8.84,0
128407,Active,3960203,NA,NA,S,0,0,75726.075,24.99,2015,19,18.57,16.18
128408,Active,865514,NA,NA,S,2,1,83691.4,33.95,2014,17,25.44,28.22
128409,Active,2160919,NA,NA,S,0,0,113655.225,27.95,2011,15,17.32,20.26
128410,Active,2110059,NA,NA,S,1,0,52857,24.95,2013,20,17.85,17.91
128411,Active,2110062,NA,NA,S,0,0,53603.125,24.95,2014,18,15.22,17.78
128412,Active,2110067,NA,NA,S,0,0,84306.05,24.95,2014,11,15.22,17.31
128413,Active,796409,NA,NA,S,0,0,558848.4675,16.99,2007,19,23.99,73.98
128414,Active,1832438,NA,NA,S,0,0,600766.3875,16.99,2009,16,32.58,38.74
128415,Active,861660,NA,NA,S,1,0,501279.8025,19.99,2013,44,13.92,21.98
128416,Active,2043542,NA,NA,S,1,0,85365.3,30,2014,33,4.4,5.99
128417,Active,1942126,NA,NA,S,1,0,51410.025,21.95,2012,30,7.69,6.47
128418,Active,1932847,NA,NA,S,0,0,55222.675,35,2014,22,9.13,21.12
128419,Active,2022551,NA,NA,S,1,0,18028.125,24.95,2014,13,15.52,16.64
128420,Active,3077747,NA,NA,S,0,0,355301.0663,12,2002,24,7.96,13.45
128421,Active,2028090,NA,NA,S,0,0,249313.725,88.56,2008,22,18.98,43.99
128422,Active,2016621,NA,NA,S,2,1,8969.15,24.95,2008,40,11.85,14.45
128423,Active,1493919,NA,NA,S,1,0,129484.925,22,2008,38,6.26,17.21
128424,Active,2505007,NA,NA,S,1,0,219694.1863,42,1987,105,4,18.98
128425,Active,657622,NA,NA,S,0,0,90155.8,34.95,2007,20,16.09,28.25
128426,Active,682363,NA,NA,S,3,1,50634.35,22.65,2008,25,9.96,17.74
128427,Active,1458706,NA,NA,S,3,1,71215.7,22.65,2008,21,12.65,15.19
128428,Active,684526,NA,NA,S,3,1,80840.5,22.65,2009,20,13.39,16.94
128429,Active,114035,NA,NA,S,3,1,66802.46375,22.65,2001,67,8.61,16.21
128430,Active,681654,NA,NA,S,0,0,45931.825,24.95,2012,29,12.93,15.8
128431,Active,1457015,NA,NA,S,3,1,28041.1,35.99,2008,6,29.98,32.82
128432,Active,1457025,NA,NA,S,3,1,49012.825,35.99,2008,7,36.68,35.99
128433,Active,677366,NA,NA,S,1,0,106435.45,25.95,2013,48,4,9.67
128434,Active,1437098,NA,NA,S,3,1,438120.0125,14,2012,51,6.99,9.55
128435,Active,591237,NA,NA,S,0,0,117776.7,26,2011,52,4,13.44
128436,Active,865590,NA,NA,S,5,1,412347.8763,34.95,2013,22,27.49,34.95
128437,Active,293202,NA,NA,S,0,0,644702.765,29.95,2005,44,4,13.99
128438,Active,1668956,NA,NA,S,2,1,82307.025,24.95,2013,17,13.02,18.52
128439,Active,2022638,NA,NA,S,0,0,62140.325,46,2008,12,32.99,32.33
128440,Active,2094859,NA,NA,S,0,0,62121.25,24.95,2012,29,16.98,17
128441,Active,2168222,NA,NA,S,0,0,77907.225,45,2015,14,29.98,32.96
128442,Active,626363,NA,NA,S,2,1,68992.9725,10.97,2008,34,19.98,20.75
128443,Active,526284,NA,NA,S,2,1,15117.05,22.99,2012,21,13.71,14.8
128444,Active,263816,NA,NA,S,0,0,25893.525,57.93,2008,84,9.87,29
128445,Active,2512884,NA,NA,S,0,0,391263.175,100.65,1971,32,4,95.48
128446,Active,1748418,NA,NA,S,0,0,90183.1,28.99,2007,9,34.02,34.3
128447,Active,1655405,NA,NA,S,0,0,27295.625,25,2008,34,14.15,16.48
128448,Active,637877,NA,NA,S,1,0,109110.15,40,2011,33,13.71,16.71
128449,Active,2017030,NA,NA,S,0,0,471830.5438,25.95,2012,15,23.36,25.95
128450,Active,151923,NA,NA,S,0,0,10412.925,23,2009,35,11.38,15.3
128451,Active,564387,NA,NA,S,1,0,704178.1775,46.95,1996,44,4.76,32.22
128452,Active,3595952,NA,NA,S,0,0,17487.2,26,2016,10,22.77,18.73
128453,Active,1433371,NA,NA,S,1,0,51507.775,24.99,2015,16,16.24,16.48
128454,Active,2446272,NA,NA,S,1,0,51503.20625,24.95,1988,185,4,43.99
128455,Active,3798152,NA,NA,S,0,0,46716.875,24.99,2008,43,17.8,17.8
128456,Active,622010,NA,NA,S,1,0,130221.425,45,2007,20,21.19,32.88
128457,Active,1749973,NA,NA,S,1,0,215738.725,0,2010,28,6.51,54.31
128458,Active,182742,NA,NA,S,40,1,2378.485,14.95,2002,297,5.19,7.07
128459,Active,240856,NA,NA,S,2,1,328574.9375,229.95,1999,26,19.43,85.96
128460,Active,861662,NA,NA,S,2,1,131873.5,24.99,2013,12,17.14,18.05
128461,Active,3024161,NA,NA,S,0,0,76038.925,99.99,2002,11,16.85,53.97
128462,Active,3796893,NA,NA,S,0,0,74464.35,30,2012,17,19.23,20.25
128463,Active,690444,NA,NA,S,2,1,67353.575,29.95,2013,17,19.22,20.49
128464,Active,3803439,NA,NA,S,0,0,25974.8,29.95,2013,24,20.9,22.26
128465,Active,2067877,NA,NA,S,0,0,49347.075,28.99,2014,13,19.54,18.89
128466,Active,2067909,NA,NA,S,0,0,34435.875,22.99,2015,15,15.79,16.96
128467,Active,684738,NA,NA,S,0,0,92882.675,26.99,2013,40,4,5.91
128468,Active,132444,NA,NA,S,1,0,155067.7475,55.6,2010,32,18.56,43.98
128469,Active,1814563,NA,NA,S,0,0,104153.675,24.99,2012,23,12.8,12.98
128470,Active,2168209,NA,NA,S,0,0,37381.375,24.95,2014,9,18.98,18.98
128471,Active,2010592,NA,NA,S,0,0,58653.95,28.99,2010,14,16.29,16.88
128472,Active,2287580,NA,NA,S,2,1,40058.875,0,2014,0,0,7.48
128473,Active,893371,NA,NA,S,0,0,585707.0425,45,2004,15,8.99,76.98
128474,Active,622112,NA,NA,S,1,0,641868.3013,112.95,1998,39,16.05,58.4
128475,Active,2080994,NA,NA,S,0,0,17586.025,21.95,2011,15,15.95,16.92
128476,Active,251078,NA,NA,S,5,1,87893.88125,245.95,2006,51,11.33,28.99
128477,Active,1598592,NA,NA,S,0,0,35477.775,27,2015,22,17.88,15.16
128478,Active,1731858,NA,NA,S,0,0,167573.275,24.95,2007,22,9.94,14.48
128479,Active,2051160,NA,NA,S,0,0,25349.475,29.95,2012,10,23.93,20.24
128480,Active,3828172,NA,NA,S,0,0,74561.025,0,2008,10,9.86,21.53
128481,Active,2026856,NA,NA,S,0,0,61720.35,35,2009,36,6.99,13
128482,Active,2699627,NA,NA,S,0,0,661969.8338,54.95,1996,20,6.9,53.25
128483,Active,1918438,NA,NA,S,0,0,79499.925,29.99,2013,16,19.98,21.07
128484,Active,673932,NA,NA,S,0,0,42746.2,36.95,2011,15,21.15,21.76
128485,Active,687906,NA,NA,S,1,0,127102.85,34,2011,12,31.07,35.7
128486,Active,3611849,NA,NA,S,0,0,109338.925,29.99,2008,28,13.98,23.98
128487,Active,2079697,NA,NA,S,0,0,50663.4,27.5,2015,12,19.98,17.56
128488,Active,675726,NA,NA,S,1,0,8671.05,24.99,2010,44,11.74,13.36
128489,Active,1870778,NA,NA,S,0,0,94001.075,30,2009,27,4.01,18.45
128490,Active,1434128,NA,NA,S,0,0,46201.8,24.99,2015,17,17.11,16.93
128491,Active,679244,NA,NA,S,0,0,10454.675,24.99,2011,34,12.99,13.57
128492,Active,3824981,NA,NA,S,1,0,67112.15,29.95,2010,55,13.63,16.59
128493,Active,3682753,NA,NA,S,1,0,12010.6,35,2015,22,18.6,19.64
128494,Active,2077825,NA,NA,S,0,0,35661.125,22.95,2013,10,17.33,15.52
128495,Active,1969952,NA,NA,S,1,0,119837.6,25,2014,33,4.3,4.48
128496,Active,797322,NA,NA,S,0,0,43942.075,24.99,2007,58,4,7.56
128497,Active,2077792,NA,NA,S,0,0,26985.325,24.95,2012,22,16.42,18.29
128498,Active,553264,NA,NA,S,4,1,489213.3163,160,2012,47,7.5,14.27
128499,Active,2089558,NA,NA,S,0,0,237943.075,62.95,2013,13,33.84,50.9
128500,Active,126195,NA,NA,S,0,0,741847.6875,44.95,2006,19,7.99,25.94
128501,Active,1943652,NA,NA,S,1,0,272524.325,69.95,2013,6,11.04,54.56
128502,Active,492148,NA,NA,S,6,1,674750.9088,50.95,2012,14,11.48,42.24
128503,Active,1429730,NA,NA,S,1,0,155039.05,23.95,2008,68,4,23.97
128504,Active,3526907,NA,NA,S,1,0,43971.875,60,2015,43,23.85,32.97
128505,Active,2020913,NA,NA,S,1,0,106009.05,25.95,2012,44,7.4,9.96
128506,Active,219276,NA,NA,S,0,0,119208.325,29.95,2011,27,12.53,20.11
128507,Active,1698294,NA,NA,S,0,0,122580.35,21.95,2014,52,13.53,16.25
128508,Active,2031599,NA,NA,S,0,0,14826.2,24.99,2009,40,10.95,12.49
128509,Active,1640593,NA,NA,S,0,0,168884.475,29.99,2009,8,23.71,22.28
128510,Active,1872766,NA,NA,S,1,0,62068.3,21.99,2008,15,15.37,15.91
128511,Active,1872599,NA,NA,S,0,0,771889.9525,42.99,2007,27,12.78,28.55
128512,Active,127123,NA,NA,S,0,0,44784.55,29.95,2007,30,20.71,26.27
128513,Active,863848,NA,NA,S,2,1,49770.275,24.99,2010,28,7.9,16.34
128514,Active,1733480,NA,NA,S,0,0,25545.875,45,2008,27,12.93,28.37
128515,Active,1561471,NA,NA,S,1,0,67332.625,27.95,2015,18,17.12,17.73
128516,Active,2095768,NA,NA,S,1,0,67249.025,44.99,2013,23,24.98,28.49
128517,Active,51260,NA,NA,S,4,1,15397.5725,299.95,2010,99,44.27,113.99
128518,Active,923238,NA,NA,S,2,1,21472.56,139,2014,84,36.59,51.19
128519,Active,608543,NA,NA,S,5,1,801511.515,67.95,2004,34,4.47,40.6
128520,Active,679589,NA,NA,S,0,0,573845.4375,25.95,2010,29,4.99,0
128521,Active,807960,NA,NA,S,0,0,618400.1563,59.99,2011,14,18.62,43.94
128522,Active,1437590,NA,NA,S,1,0,56291.4,23,2014,17,15.89,15.89
128523,Active,1756366,NA,NA,S,0,0,63729.7,24.95,2011,17,13.98,16.74
128524,Active,153964,NA,NA,S,1,0,20705.35,22,2009,27,13.99,15.22
128525,Active,3824364,NA,NA,S,3,1,194736,26.95,2011,19,18.96,22.24
128526,Active,1815261,NA,NA,S,1,0,137888.175,34.99,2014,13,10.98,18.94
128527,Active,685123,NA,NA,S,0,0,86177.575,22,2010,22,14.76,13.2
128528,Active,677146,NA,NA,S,1,0,126078.7,28,2011,45,9.82,21.67
128529,Active,3558189,NA,NA,S,0,0,217890.15,60,2011,25,17.99,20.48
128530,Active,3572256,NA,NA,S,0,0,322587.45,60,2000,86,7.79,38.48
128531,Active,3088329,NA,NA,S,1,0,360836.6963,14.99,2003,137,4,4.47
128532,Active,3531123,NA,NA,S,0,0,68385.65,24.99,2014,19,8.75,16.95
128533,Active,918959,NA,NA,S,1,0,628569.7313,31.95,2004,53,4,10.55
128534,Active,2140807,NA,NA,S,1,0,156316.175,24.95,2007,68,5.5,13.94
128535,Active,1706041,NA,NA,S,0,0,190236.1,27.5,2011,8,18.46,18.99
128536,Active,2089411,NA,NA,S,0,0,56252.75,49.98,2012,17,49.93,49.98
128537,Active,3758247,NA,NA,S,1,0,2898.275,44.99,2016,17,22.49,26.33
128538,Active,1497880,NA,NA,S,0,0,14653.575,21.99,2009,44,10.66,14.57
128539,Active,2536397,NA,NA,S,1,0,669614.51,59.95,1999,23,7.43,44.83
128540,Active,1491009,NA,NA,S,0,0,180106.75,26.95,2009,23,15.39,18.16
128541,Active,2504589,NA,NA,S,1,0,249156.8025,52.14,1984,50,4,42.12
128542,Active,793491,NA,NA,S,1,0,547976.13,46.95,2003,40,35.81,41.32
128543,Active,617492,NA,NA,S,2,1,356888.2238,40.7,1999,44,6.99,44.68
128544,Active,1508846,NA,NA,S,0,0,78446.35,23,2014,29,10.81,15.91
128545,Active,2158450,NA,NA,S,2,1,727156.6088,14.95,2007,48,4,27.63
128546,Active,562988,NA,NA,S,0,0,243373.55,25,2009,33,4,9.03
128547,Active,864193,NA,NA,S,2,1,17761.1,26.99,2012,16,16.7,16.05
128548,Active,700242,NA,NA,S,1,0,234004.675,83,2002,45,7.95,24.58
128549,Active,897216,NA,NA,S,1,0,275300.5025,69.99,2004,22,35.61,44.16
128550,Active,2169975,NA,NA,S,0,0,73674.95,45.99,2014,12,38.98,38.99
128551,Active,1870799,NA,NA,S,0,0,94105.675,32,2014,22,14.78,21.46
128552,Active,2082716,NA,NA,S,0,0,25832.5,21.99,2013,19,15.35,14.99
128553,Active,1939048,NA,NA,S,1,0,96321.325,52,2013,7,31.04,42.37
128554,Active,685355,NA,NA,S,0,0,74320.35,26.95,2013,33,11.8,13.02
128555,Active,665408,NA,NA,S,0,0,96355.975,144,2012,12,48.99,49.99
128556,Active,635312,NA,NA,S,1,0,813344.0625,65,2005,27,4.62,51.76
128557,Active,1815001,NA,NA,S,1,0,123493.2,25.99,2014,30,6.48,7.57
128558,Active,133117,NA,NA,S,4,1,48506.3375,81.8,2011,40,20.53,41.4
128559,Active,2905956,NA,NA,S,1,0,314480.2125,19.95,2004,103,4,9.37
128560,Active,3960195,NA,NA,S,0,0,81386.825,30,2015,22,9.99,18.84
128561,Active,2432702,NA,NA,S,1,0,673080.945,55,2003,39,7.72,19.88
128562,Active,3565707,NA,NA,S,0,0,89791.35,22.95,2009,38,9.04,13.98
128563,Active,622699,NA,NA,S,0,0,37153.1,49,2009,36,23.98,26.59
128564,Active,547366,NA,NA,S,0,0,29770.075,45,2011,34,27.02,28.06
128565,Active,688527,NA,NA,S,1,0,24918.9,29.99,2013,15,20.95,20.21
128566,Active,2151832,NA,NA,S,0,0,58387.6,29.99,2014,11,21.57,23.89
128567,Active,1780416,NA,NA,S,1,0,19972.35,29.99,2014,15,20.03,19.47
128568,Active,3624774,NA,NA,S,0,0,119684.425,39,2015,14,23.29,29.72
128569,Active,3572098,NA,NA,S,1,0,193415.55,50,2008,37,12.74,81.32
128570,Active,3530890,NA,NA,S,1,0,181662.7,120.95,2007,28,6.23,37.92
128571,Active,905514,NA,NA,S,2,1,438280.3025,46.99,2006,19,4,16.98
128572,Active,1993536,NA,NA,S,1,0,37963.475,29.95,2013,9,24.59,24.84
128573,Active,680643,NA,NA,S,2,1,57498.475,24.95,2009,32,12.28,15.49
128574,Active,296619,NA,NA,S,4,1,491797.3963,100.95,1998,51,4,7.08
128575,Active,679797,NA,NA,S,1,0,42618.95,33.95,2007,25,11.95,22.97
128576,Active,172083,NA,NA,S,1,0,680975.2325,42,2006,56,4,13.6
128577,Active,1434116,NA,NA,S,0,0,18643.8,24.99,2015,21,16.49,14.95
128578,Active,3801981,NA,NA,S,0,0,389009.85,49.95,2014,23,34.98,48
128579,Active,1697266,NA,NA,S,1,0,16920.8,22,2014,41,8.54,9.72
128580,Active,1839832,NA,NA,S,1,0,240550.2413,41.95,2007,34,13.33,32.07
128581,Active,1532314,NA,NA,S,0,0,16904.525,25.95,2015,22,15.99,16.68
128582,Active,2020590,NA,NA,S,0,0,16057.025,29.99,2013,22,16.91,19.35
128583,Active,1478159,NA,NA,S,1,0,149455.2,36.95,2010,16,28.12,28.12
128584,Active,186515,NA,NA,S,0,0,143211.825,26.5,2007,27,13.46,20.44
128585,Active,1480083,NA,NA,S,2,1,548209.58,20.95,2013,43,8.21,12.97
128586,Active,2408815,NA,NA,S,0,0,59357.63375,19.99,2004,32,12.62,14.86
128587,Active,2039837,NA,NA,S,2,1,50521.275,25,2012,23,11.88,16.02
128588,Active,2595377,NA,NA,S,0,0,718723.88,39.99,1990,44,6.48,34.45
128589,Active,1713927,NA,NA,S,0,0,144242,34.95,2014,32,11.49,11.94
128590,Active,214518,NA,NA,S,1,0,702098.8625,55,2006,23,9.16,17.94
128591,Active,214837,NA,NA,S,1,0,60012.5,26.95,2008,25,13.87,21.82
128592,Active,151863,NA,NA,S,0,0,164525.6325,29.95,2008,33,10.42,49.99
128593,Active,559931,NA,NA,S,1,0,95393.975,23,2007,30,9.56,20.87
128594,Active,625791,NA,NA,S,1,0,627666.6938,95,2002,36,14.18,27.49
128595,Active,1758174,NA,NA,S,1,0,80594.45,21.95,2014,13,19.99,16.25
128596,Active,3588739,NA,NA,S,0,0,112268.45,22.5,2015,20,19.94,22.5
128597,Active,1708370,NA,NA,S,0,0,183036.7,28.95,2011,22,14.87,25.99
128598,Active,2276932,NA,NA,S,3,1,41444.2,0,2013,0,0,14.48
128599,Active,1565483,NA,NA,S,0,0,9228.875,48,2012,14,31.46,28.99
128600,Active,677086,NA,NA,S,1,0,211170.025,26,2013,48,4,4.47
128601,Active,3583302,NA,NA,S,1,0,61334.525,85,2005,34,25,41.42
128602,Active,1433095,NA,NA,S,1,0,22480.8,26.99,2014,37,12.91,15.77
128603,Active,1433969,NA,NA,S,0,0,49385.975,26.99,2015,33,8.03,13.94
128604,Active,1856910,NA,NA,S,0,0,84819.975,24.99,2015,13,21.98,17.13
128605,Active,1834786,NA,NA,S,0,0,101318.85,29.95,2014,16,13.76,18.97
128606,Active,2105083,NA,NA,S,0,0,80274.625,62.99,2013,10,43.12,42.61
128607,Active,526254,NA,NA,S,5,1,500686.1888,60.95,2011,26,5.19,47.79
128608,Active,679587,NA,NA,S,0,0,1723.8,26.95,2011,46,9.02,16.23
128609,Active,685356,NA,NA,S,0,0,4921.4,26.95,2013,30,13.92,16.71
128610,Active,2434216,NA,NA,S,0,0,141750.3,17.95,2004,52,4,11.94
128611,Active,1563711,NA,NA,S,0,0,62230.875,24.99,2011,16,13.98,16.98
128612,Active,1625933,NA,NA,S,0,0,30420.3,21,2013,16,12.93,16.16
128613,Active,323363,NA,NA,S,0,0,81508.375,31,2010,22,12.94,26.98
128614,Active,670564,NA,NA,S,1,0,105838.75,65.99,2012,28,41.85,43.89
128615,Active,405427,NA,NA,S,1,0,39095.525,24.99,2007,26,7.94,12.98
128616,Active,526250,NA,NA,S,4,1,10759.65,22.99,2011,32,6.98,13.49
128617,Active,477844,NA,NA,S,2,1,100250.7575,29.99,2004,182,4,8.65
128618,Active,537602,NA,NA,S,7,1,28391.345,315,2012,72,41.09,83.52
128619,Active,870643,NA,NA,S,0,0,480924.0388,173.95,2009,32,8.04,79.28
128620,Active,477851,NA,NA,S,2,1,744923.1638,19.99,2005,74,4,5.98
128621,Active,864365,NA,NA,S,1,0,34251.25,26.99,2013,16,17.73,13.96
128622,Active,2087423,NA,NA,S,1,0,191213.8,29.95,2014,16,15.61,21.45
128623,Active,658462,NA,NA,S,0,0,46774.35,35,2010,29,15.04,22.43
128624,Active,672782,NA,NA,S,1,0,26048.525,21.95,2012,35,9.94,11.73
128625,Active,141755,NA,NA,S,2,1,48022.77875,16,2010,66,5.84,12.23
128626,Active,2701906,NA,NA,S,1,0,807069.2175,47.62,2004,25,4.97,43.97
128627,Active,677140,NA,NA,S,0,0,58210.625,29.99,2012,38,5.13,6.91
128628,Active,2015840,NA,NA,S,1,0,94734.2,29.95,2010,31,6.71,28.41
128629,Active,677757,NA,NA,S,1,0,66593.375,21.99,2011,18,5.98,7.84
128630,Active,2015739,NA,NA,S,0,0,94085.5,21,2012,30,10.97,18.99
128631,Active,3748884,NA,NA,S,1,0,485692.05,53,2012,39,35.14,45.05
128632,Active,1778259,NA,NA,S,1,0,22759.3,24.95,2014,16,17.29,17.03
128633,Active,3808470,NA,NA,S,0,0,57336.95,35,2015,31,18.03,21.79
128634,Active,2021361,NA,NA,S,1,0,286526.2938,10.95,2008,63,4,4.48
128635,Active,2166712,NA,NA,S,0,0,2125.4,24.99,2014,61,11.85,11.91
128636,Active,585928,NA,NA,S,2,1,81048.48,15.95,2010,142,4,14.49
128637,Active,1433828,NA,NA,S,0,0,107179.75,26.99,2014,16,4.43,7.74
128638,Active,1855503,NA,NA,S,4,1,442816.0063,34.99,2015,17,18.98,23.93
128639,Active,626293,NA,NA,S,1,0,213182.1563,30,2010,50,6.48,30.61
128640,Active,1447546,NA,NA,S,1,0,568967.38,44.99,2010,33,16.39,55.59
128641,Active,1433903,NA,NA,S,0,0,57498.8,26.99,2014,12,17.97,15.16
128642,Active,2089171,NA,NA,S,0,0,166146.925,29.95,2012,7,26.99,25.99
128643,Active,1520286,NA,NA,S,0,0,64103.675,23.13,2014,12,16.49,20.63
128644,Active,687353,NA,NA,S,0,0,25035.75,23.13,2012,22,13.07,14.26
128645,Active,2041740,NA,NA,S,0,0,80702.75,26.95,2013,47,4,5.97
128646,Active,1434226,NA,NA,S,1,0,142383.425,27.99,2015,31,12.41,14.83
128647,Active,1600584,NA,NA,S,0,0,2686.675,21.98,2014,11,11.35,13.4
128648,Active,2065708,NA,NA,S,0,0,38622.75,29.99,2008,21,19.99,21.98
128649,Active,624372,NA,NA,S,1,0,58602.4,39.99,2008,23,15.74,23.62
128650,Active,2020934,NA,NA,S,0,0,13516.725,29.95,2013,26,14.49,15.27
128651,Active,903644,NA,NA,S,3,1,10915.475,24.95,2014,18,9.4,9.4
128652,Active,1724460,NA,NA,S,0,0,33337.8,40,2013,25,15.46,17.49
128653,Active,1534884,NA,NA,S,1,0,26745.05,24.95,2014,37,10.89,16.08
128654,Active,2102421,NA,NA,S,0,0,2355.9,21.99,2015,15,13.93,14.66
128655,Active,1743672,NA,NA,S,5,1,21338.475,24.95,2011,14,19.43,19.43
128656,Active,263469,NA,NA,S,0,0,295534.0725,19.95,2005,33,10.95,65.23
128657,Active,1932837,NA,NA,S,0,0,59706.95,22.99,2014,15,16.78,16.64
128658,Active,672554,NA,NA,S,0,0,1993.025,22,2011,26,11.17,13.25
128659,Active,117436,NA,NA,S,6,1,429771.5575,81.4,2006,30,11.59,58.49
128660,Active,687410,NA,NA,S,1,0,1718,29.95,2012,15,19.37,17.84
128661,Active,1815051,NA,NA,S,0,0,82588.125,26.99,2015,17,14.93,18.78
128662,Active,1688381,NA,NA,S,0,0,134929.675,27.5,2015,28,13.71,18.47
128663,Active,2294273,NA,NA,S,2,1,16829.7,0,2015,0,0,8.48
128664,Active,1575557,NA,NA,S,1,0,30392.85,29.95,2014,25,13.19,20.31
128665,Active,1471113,NA,NA,S,1,0,44387.325,34.95,2014,29,15.29,19.08
128666,Active,3623386,NA,NA,S,2,1,225727.975,24.95,2011,19,12.58,18.68
128667,Active,559131,NA,NA,S,0,0,173664.65,24.95,2007,12,20.74,24.94
128668,Active,680832,NA,NA,S,0,0,3045.4,26,2012,26,13.52,14.78
128669,Active,682382,NA,NA,S,0,0,72216,26.95,2008,30,18.99,23.18
128670,Active,1938797,NA,NA,S,0,0,26600.825,40,2014,9,15.46,21.98
128671,Active,1508587,NA,NA,S,1,0,70532.625,26,2014,32,8.93,8.98
128672,Active,2015713,NA,NA,S,0,0,73014.025,22.5,2011,22,14.74,16.95
128673,Active,1480337,NA,NA,S,1,0,20367.75,24.95,2013,27,14.44,22.98
128674,Active,750635,NA,NA,S,1,0,186214.15,35.95,2008,22,9.17,22.5
128675,Active,133334,NA,NA,S,3,1,123251.8013,95.8,2010,38,11.32,36.99
128676,Active,1982157,NA,NA,S,1,0,48129.825,24,2013,6,24.64,21.34
128677,Active,2396077,NA,NA,S,1,0,212082.2475,7.99,2001,198,4,4.7
128678,Active,660440,NA,NA,S,4,1,100984.9,75,2007,60,36.99,0
128679,Active,2047019,NA,NA,S,0,0,10270.875,27.95,2015,33,16.91,16.98
128680,Active,646653,NA,NA,S,1,0,162576.6288,32.99,2004,23,29.46,33.82
128681,Active,1918121,NA,NA,S,0,0,87912.85,24.99,2010,26,12.28,16.2
128682,Active,687801,NA,NA,S,1,0,7299.325,29.99,2007,31,12.33,20.99
128683,Active,172302,NA,NA,S,0,0,140749.3,29.95,2011,26,11.8,21.24
128684,Active,3633821,NA,NA,S,2,1,21775.95,22.99,2013,29,9.97,10.97
128685,Active,2158687,NA,NA,S,1,0,134382.375,24.95,2007,47,4,11.95
128686,Active,127636,NA,NA,S,1,0,102368.25,97.95,2008,16,38.52,72.91
128687,Active,3779364,NA,NA,S,0,0,42991.025,50.99,2015,7,47.6,10.9
128688,Active,542709,NA,NA,S,2,1,208770.4,24.95,2013,20,18.87,22.03
128689,Active,617341,NA,NA,S,1,0,748477.9788,69,2004,38,11.02,51.38
128690,Active,366369,NA,NA,S,1,0,748487.5088,83,2003,30,10.43,37.34
128691,Active,1710578,NA,NA,S,0,0,59334.075,26,2012,20,25.04,24.92
128692,Active,1466637,NA,NA,S,1,0,191621.475,45,2015,15,35.27,43.99
128693,Active,246780,NA,NA,S,1,0,452536.5463,62.95,2011,24,9.14,37.59
128694,Active,163149,NA,NA,S,1,0,27432.025,34.99,2010,35,19.3,20.41
128695,Active,724501,NA,NA,S,1,0,595148.3288,84,2010,25,7.24,59.91
128696,Active,621890,NA,NA,S,1,0,148334.2,32,2013,33,8.83,18.99
128697,Active,201787,NA,NA,S,0,0,684948.7138,44.95,2014,32,4.01,36.76
128698,Active,57855,NA,NA,S,8,1,17180.015,211.25,2011,84,42.79,83.99
128699,Active,556103,NA,NA,S,1,0,672738.95,65,1999,54,13.67,42.06
128700,Active,2631458,NA,NA,S,1,0,677943.5413,73.95,2001,41,4,46.39
128701,Active,630309,NA,NA,S,1,0,608985.8088,55,2001,25,8.43,58.03
128702,Active,1994604,NA,NA,S,0,0,45233.525,24.95,2014,9,23.96,23.04
128703,Active,891805,NA,NA,S,0,0,719010,50.99,2006,13,14.33,37.1
128704,Active,369342,NA,NA,S,0,0,121597.125,27.95,2007,38,13.91,27.08
128705,Active,555763,NA,NA,S,1,0,284291.2763,24.95,2006,32,14.94,24.68
128706,Active,591607,NA,NA,S,1,0,735294.1525,51.95,2004,28,17.28,36.32
128707,Active,665489,NA,NA,S,0,0,83119.225,59,2011,22,49,42.02
128708,Active,158199,NA,NA,S,1,0,572230.635,57.95,2009,25,19.35,52.56
128709,Active,157713,NA,NA,S,1,0,512109.6988,55.95,2010,20,10.99,28.83
128710,Active,198890,NA,NA,S,1,0,736665.7525,109,1997,35,9.24,63.23
128711,Active,909026,NA,NA,S,1,0,88388.6,32,2013,20,10.77,20.05
128712,Active,637699,NA,NA,S,0,0,226721.4088,48.95,2012,43,11.16,33.32
128713,Active,1928961,NA,NA,S,0,0,170731.9188,46,2013,30,18.04,30.63
128714,Active,3006030,NA,NA,S,0,0,81871.05,27.22,2015,10,14.99,17.3
128715,Active,1924434,NA,NA,S,0,0,250090.4,29,2014,35,13.87,23.39
128716,Active,652555,NA,NA,S,1,0,145606.9,40,2012,14,21.86,22.57
128717,Active,1814391,NA,NA,S,0,0,172998.75,34.99,2012,34,4.39,5.97
128718,Active,1781003,NA,NA,S,3,1,12004.7,29.99,2015,16,20.58,15.83
128719,Active,565885,NA,NA,S,1,0,701060.6175,29.99,2008,153,3.99,6.44
128720,Active,687431,NA,NA,S,1,0,240565.95,29.99,2011,25,9.74,7.97
128721,Active,1765775,NA,NA,S,1,0,104704.7,64.99,2014,17,28.34,54.68
128722,Active,1781208,NA,NA,S,1,0,56360.9,26.99,2015,17,11.83,11.97
128723,Active,526230,NA,NA,S,2,1,202004.9475,50.95,2006,48,6.96,35.02
128724,Active,555761,NA,NA,S,1,0,204551.3863,44.95,2010,52,4.68,23.48
128725,Active,1583066,NA,NA,S,0,0,196491.475,34.99,2014,13,20.68,24.97
128726,Active,2940204,NA,NA,S,1,0,323223.66,58.95,2004,23,12.07,44.83
128727,Active,1854415,NA,NA,S,2,1,106014.2,22,2007,20,17.51,17.51
128728,Active,661979,NA,NA,S,1,0,406164.875,105,2012,23,11.14,85.74
128729,Active,2046793,NA,NA,S,0,0,56928.05,27.95,2014,53,7.92,9.97
128730,Active,131231,NA,NA,S,3,1,663530.8563,63.2,1999,31,3.98,37.25
128731,Active,246436,NA,NA,S,1,0,338420.5225,64.95,2006,48,19.22,34.01
128732,Active,913218,NA,NA,S,0,0,442938.4075,55,1995,41,4,28.99
128733,Active,2978813,NA,NA,S,5,1,9937.205,107,2015,56,52.99,63.96
128734,Active,538809,NA,NA,S,13,1,41937.02625,214.75,2013,60,43.99,47.99
128735,Active,52560,NA,NA,S,9,1,525608.8475,89,2002,40,3.99,4.96
128736,Active,601202,NA,NA,S,6,1,282244.5863,155.57,2012,26,46.59,228.99
128737,Active,130933,NA,NA,S,13,1,24388.71,252.8,2011,114,31.01,63.99
128738,Active,576264,NA,NA,S,8,1,700108.815,103,1999,28,8.98,14.03
128739,Active,448238,NA,NA,S,1,0,73499.2975,230.75,2009,55,13.88,18.99
128740,Active,163006,NA,NA,S,1,0,635981.5675,122.25,2009,20,13.34,44.07
128741,Active,3775930,NA,NA,S,0,0,128576.35,90,2016,36,21.94,35.19
128742,Active,194092,NA,NA,S,1,0,92133.075,77,2006,17,47.54,56.87
128743,Active,879324,NA,NA,S,1,0,629435.6025,48.99,2010,29,11.59,72.6
128744,Active,2128808,NA,NA,S,2,1,354762.8713,66,2011,36,8.91,42.98
128745,Active,258436,NA,NA,S,0,0,141432.675,90,2009,26,23.98,51.21
128746,Active,689721,NA,NA,S,1,0,8240.9,23.95,2011,27,16.54,16.76
128747,Active,612232,NA,NA,S,15,1,13529.2725,142.33,2015,52,43.94,53.79
128748,Active,689658,NA,NA,S,1,0,757795.695,29.95,2012,51,7.94,28.98
128749,Active,2947948,NA,NA,S,21,1,72604,29.99,2016,17,17.18,21.66
128750,Active,2118450,NA,NA,S,1,0,101750.95,29.95,2008,20,21.99,22.68
128751,Active,1983048,NA,NA,S,0,0,21036.325,27.99,2014,14,19.49,21.8
128752,Active,2047097,NA,NA,S,0,0,211711.225,43.95,2007,20,10.34,43.95
128753,Active,2338847,NA,NA,S,2,1,886278.5188,58.6,1991,17,5.51,46.23
128754,Active,285596,NA,NA,S,8,1,54238.2925,192.5,2011,62,45.89,104.87
128755,Active,918080,NA,NA,S,1,0,58201.385,66.75,2006,52,7.53,16.18
128756,Active,2488681,NA,NA,S,0,0,212703.625,98,2004,55,9.94,43.94
128757,Active,1521105,NA,NA,S,0,0,212888.325,29.25,2011,24,5.75,15.81
128758,Active,1521108,NA,NA,S,0,0,105270.55,29.25,2011,16,5.45,23.99
128759,Active,1521104,NA,NA,S,4,1,175163.625,36.25,2010,23,5.08,22.49
128760,Active,1521106,NA,NA,S,0,0,131445.8,36.25,2011,16,4.72,19.51
128761,Active,2024431,NA,NA,S,0,0,105891.25,29.97,2010,29,5.41,29.96
128762,Active,1729810,NA,NA,S,1,0,196694.025,0,2011,42,4.01,17.09
128763,Active,1453446,NA,NA,S,1,0,161274.075,87.8,2015,25,19.94,61.5
128764,Active,846714,NA,NA,S,0,0,527522.9125,69.96,1994,35,4.22,43.98
128765,Active,1462441,NA,NA,S,1,0,50516.25,72.15,2007,54,13.87,17.99
128766,Active,920531,NA,NA,S,0,0,750785.535,91.75,2002,48,4.35,14.78
128767,Active,771837,NA,NA,S,0,0,98624.525,63.7,2004,34,10.99,16.07
128768,Active,1520403,NA,NA,S,0,0,103533.0588,71.47,2008,48,14.05,75.48
128769,Active,57472,NA,NA,S,14,1,22614.0175,177.4,2011,64,52.99,129.78
128770,Active,1701535,NA,NA,S,0,0,77873.05,31.95,2013,26,25.35,31.93
128771,Active,1622703,NA,NA,S,0,0,145744.675,80.05,2008,30,5.29,67.8
128772,Active,562323,NA,NA,S,1,0,67545.375,35,2007,17,18.74,32.07
128773,Active,548193,NA,NA,S,0,0,195905.7,90.4,2007,42,13.89,28.99
128774,Active,670646,NA,NA,S,0,0,127174.15,36.95,2011,12,36.16,28.67
128775,Active,141184,NA,NA,S,0,0,217419.55,52,2000,20,39.78,49.45
128776,Active,585123,NA,NA,S,0,0,55806.675,22,2011,14,27.99,27.99
128777,Active,130343,NA,NA,S,8,1,40320.36,147,2011,62,53.85,98.99
128778,Active,643485,NA,NA,S,1,0,57778.65,71,2010,28,16.34,45.56
128779,Active,1938948,NA,NA,S,1,0,333353.775,107,2015,22,38.49,38.54
128780,Active,526216,NA,NA,S,2,1,867583.0975,42.95,2011,21,8.08,14.29
128781,Active,2258936,NA,NA,S,7,1,184720.825,260.96,2011,17,17.21,90.72
128782,Active,3594236,NA,NA,S,0,0,16587.775,55,2015,6,52.11,41.4
128783,Active,1718543,NA,NA,S,1,0,4128.95,85,2015,29,31.39,29.2
128784,Active,623065,NA,NA,S,12,1,583363.9288,167.67,2011,25,43.52,167.05
128785,Active,130458,NA,NA,S,12,1,49174.12125,161,2011,51,25.38,0
128786,Active,910062,NA,NA,S,5,1,413643.815,52.75,2011,17,16,26.99
128787,Active,876498,NA,NA,S,0,0,407820.43,50.51,1993,58,3.99,10.8
128788,Active,126474,NA,NA,S,2,1,398775.9175,59.95,2003,35,10.39,53.89
128789,Active,2896044,NA,NA,S,6,1,129672.46,14.5,1981,37,10.58,14.75
128790,Active,751974,NA,NA,S,1,0,171394.75,24.95,2009,61,4,8.98
128791,Active,2801932,NA,NA,S,0,0,389102.8475,43.95,1995,30,6.49,39.77
128792,Active,580715,NA,NA,S,0,0,77182.2,69,2013,30,26.19,26.99
128793,Active,610466,NA,NA,S,5,1,107307.15,165.95,2013,42,35.66,111.71
128794,Active,172245,NA,NA,S,0,0,149055.275,29.95,2010,25,13.98,22.7
128795,Active,543566,NA,NA,S,0,0,22446.06875,10,2000,32,7.26,7.01
128796,Active,711876,NA,NA,S,0,0,60463.0925,116.94,2001,3,6.57,116.94
128797,Active,581077,NA,NA,S,0,0,112199,25,2010,21,20.49,22.45
128798,Active,891017,NA,NA,S,2,1,260915.9325,29.95,2015,12,29.24,23.36
128799,Active,526210,NA,NA,S,2,1,295874.9938,45.95,2011,55,15.38,35.85
128800,Active,568836,NA,NA,S,2,1,388213.1263,54.99,1996,33,5.2,37.64
128801,Active,492169,NA,NA,S,4,1,336380.5163,128.95,2012,63,7.52,26.44
128802,Active,2348476,NA,NA,S,6,1,398802.3413,74.45,2003,11,8.34,58.18
128803,Active,2256325,NA,NA,S,2,1,751676.975,90.65,2009,41,12.31,88.53
128804,Active,1938974,NA,NA,S,1,0,97506.95,40,2014,21,21.93,28.37
128805,Active,244182,NA,NA,S,11,1,41971.95625,127.95,2012,67,28.75,58.45
128806,Active,623774,NA,NA,S,12,1,7788.21625,242,2013,88,43.64,74.98
128807,Active,641050,NA,NA,S,9,1,57993.8425,207.95,2014,64,53.97,58.98
128808,Active,3694331,NA,NA,S,1,0,49284.675,170.25,2015,41,12.66,17.93
128809,Active,552028,NA,NA,S,11,1,555346.0313,155.27,1999,24,5.76,9.26
128810,Active,556382,NA,NA,S,4,1,334392.85,65.95,2011,25,5.98,31.49
128811,Active,637555,NA,NA,S,15,1,9609.17375,242,2013,98,39.6,128.48
128812,Active,2277111,NA,NA,S,0,0,204171.0025,69.74,2013,9,42.96,69.72
128813,Active,428149,NA,NA,S,5,1,112792.4213,85,2011,55,6.08,41.25
128814,Active,57645,NA,NA,S,0,0,156404.5075,190.8,2011,87,3.87,39.07
128815,Active,521143,NA,NA,S,0,0,81821.1,52,2012,13,39.57,45.64
128816,Active,569026,NA,NA,S,0,0,775191.2713,44.99,2008,31,4.49,41.09
128817,Active,127639,NA,NA,S,0,0,177264.9,76.95,2008,22,55.54,64
128818,Active,644348,NA,NA,S,8,1,6144.06625,190.95,2014,100,20.35,61.99
128819,Active,1607580,NA,NA,S,1,0,69251.125,63.95,2010,26,30.98,48.94
128820,Active,169157,NA,NA,S,4,1,151186.5663,176.95,2007,58,15.96,45.9
128821,Active,2167168,NA,NA,S,0,0,74982.425,26.95,2014,13,23.28,23.75
128822,Active,2051122,NA,NA,S,0,0,125503.625,22.95,2009,45,4.46,10.94
128823,Active,3530093,NA,NA,S,0,0,136110.225,27.95,2011,42,4,8.87
128824,Active,2095818,NA,NA,S,1,0,10865.025,34.99,2014,18,24.18,28.52
128825,Active,193708,NA,NA,S,4,1,803038.645,221,2011,47,8.19,98.69
128826,Active,2978919,NA,NA,S,0,0,63549.375,29.95,2015,9,24.61,26.41
128827,Active,164270,NA,NA,S,1,0,655105.5638,129.95,2003,32,4,132.44
128828,Active,904123,NA,NA,S,9,1,307476.66,90.65,2010,16,38.98,53.11
128829,Active,2226362,NA,NA,S,4,1,303408.7388,23,2013,22,11.05,18.77
128830,Active,620850,NA,NA,S,1,0,195732.6013,44.99,2006,52,8.16,24.94
128831,Active,2290675,NA,NA,S,3,1,55750,106.56,2013,25,31.48,37.88
128832,Active,2231722,NA,NA,S,0,0,68365.75,52.99,2008,12,19.99,28.99
128833,Active,2231761,NA,NA,S,0,0,108175.5,43.68,2008,13,18.45,37.98
128834,Active,217744,NA,NA,S,5,1,207050.9388,72.95,2008,32,19.52,62.98
128835,Active,2022356,NA,NA,S,1,0,72428.8,45,2012,16,25.99,29.47
128836,Active,55495,NA,NA,S,3,1,12060.945,208.5,2011,70,36.8,122.27
128837,Active,2150343,NA,NA,S,0,0,31950.96625,17.99,2015,12,21.48,17.09
128838,Active,1554680,NA,NA,S,0,0,42057.225,33.95,2014,7,34.49,32.24
128839,Active,2664945,NA,NA,S,0,0,200301.0825,16,1997,150,3.99,8.48
128840,Active,676343,NA,NA,S,0,0,33322.225,29.95,2011,23,18.4,19.63
128841,Active,373392,NA,NA,S,2,1,312211.225,24.95,2010,35,9.53,11.99
128842,Active,1918295,NA,NA,S,0,0,30290.4,24.99,2015,13,18.23,15.13
128843,Active,680262,NA,NA,S,0,0,20078.45,21.95,2010,25,13.77,14.8
128844,Active,1576277,NA,NA,S,1,0,310486.3288,34.95,2009,20,6.48,21.42
128845,Active,546398,NA,NA,S,0,0,831000.0525,75,2011,31,16.62,42.89
128846,Active,2027568,NA,NA,S,0,0,77226,75,2014,14,47.42,53.99
128847,Active,784241,NA,NA,S,0,0,671488.9913,29.99,2005,33,7.35,48.99
128848,Active,2000479,NA,NA,S,1,0,50259.3,21.95,2014,11,19.48,19.75
128849,Active,3803502,NA,NA,S,0,0,135512.525,24.99,2011,9,26.58,16.57
128850,Active,688537,NA,NA,S,1,0,64414.7,28.95,2012,16,27.15,24.61
128851,Active,550922,NA,NA,S,11,1,95156.06625,67.74,2012,43,19.59,83.2
128852,Active,639517,NA,NA,S,0,0,717918.0475,46.95,1997,25,7.68,71.37
128853,Active,2247728,NA,NA,S,2,1,74369.8,40.96,2006,43,10.48,17.48
128854,Active,669116,NA,NA,S,0,0,175193.55,31.88,2011,13,13.09,30.13
128855,Active,534633,NA,NA,S,7,1,121529.305,68.75,2011,34,13.53,44.22
128856,Active,526183,NA,NA,S,8,1,15872.42,160,2012,79,33.78,68.98
128857,Active,866694,NA,NA,S,7,1,75900.935,130.25,2014,74,23.26,78.48
128858,Active,276780,NA,NA,S,4,1,42564.5,28,2011,30,19.64,28
128859,Active,544071,NA,NA,S,5,1,76899.325,33,2013,15,12.62,25.51
128860,Active,538642,NA,NA,S,11,1,83657.19375,98.75,2013,51,7.94,67.93
128861,Active,1517417,NA,NA,S,13,1,105245.845,96.8,2014,36,17.19,25.84
128862,Active,802690,NA,NA,S,12,1,697113.0288,24.99,2009,40,4,0
128863,Active,690846,NA,NA,S,0,0,20728.25,24.99,2012,8,18.94,16.68
128864,Active,2054481,NA,NA,S,1,0,54967.9,24.95,2014,11,23.46,23.24
128865,Active,647195,NA,NA,S,1,0,86571.725,37.95,2012,18,29.98,28.75
128866,Active,709165,NA,NA,S,0,0,67205.125,0,2008,22,10.29,23.99
128867,Active,687253,NA,NA,S,0,0,33422.8,29.95,2013,20,18.12,21.52
128868,Active,3798872,NA,NA,S,2,1,105630.25,26.95,2011,18,4.49,15.99
128869,Active,2076202,NA,NA,S,0,0,145336.825,21.95,2014,13,18.91,17.13
128870,Active,547092,NA,NA,S,0,0,155547.525,27,2009,34,9.88,21.98
128871,Active,1833333,NA,NA,S,1,0,56192.175,22,2008,47,5.57,8.98
128872,Active,1728594,NA,NA,S,1,0,223408.575,22,2009,31,6.47,15.99
128873,Active,2277457,NA,NA,S,3,1,13095.525,0,2013,0,0,10.48
128874,Active,1715845,NA,NA,S,0,0,77092.25,25.95,2012,10,22.99,24.54
128875,Active,3794934,NA,NA,S,0,0,119228.625,25,2013,54,5.15,5.97
128876,Active,914299,NA,NA,S,0,0,42082.625,21,2012,19,13.1,18.98
128877,Active,1607139,NA,NA,S,0,0,76369.425,27,2015,48,4,16.37
128878,Active,1433619,NA,NA,S,1,0,88624.275,25.99,2015,24,14.15,17.56
128879,Active,2028678,NA,NA,S,0,0,12026.775,22.95,2014,26,14.84,17.35
128880,Active,1434207,NA,NA,S,0,0,91666.575,27.99,2014,20,8.54,15.98
128881,Active,3815318,NA,NA,S,2,1,156828.05,33.25,2013,18,20.55,103.98
128882,Active,746737,NA,NA,S,0,0,200303.375,24.95,2009,30,4,6.97
128883,Active,1979209,NA,NA,S,1,0,130633.9,24.99,2013,7,16.62,18.36
128884,Active,625699,NA,NA,S,3,1,726418.1438,71.95,2002,30,8.86,64.21
128885,Active,685779,NA,NA,S,0,0,16208.675,24.95,2008,27,16.91,22.45
128886,Active,127505,NA,NA,S,2,1,176923.2,24.95,2010,48,20.7,26.95
128887,Active,2404942,NA,NA,S,0,0,601104.2863,24.95,1988,55,4,35
128888,Active,866303,NA,NA,S,37,1,262180.3588,26.99,2013,46,4,0
128889,Active,1732591,NA,NA,S,0,0,148818.125,24.99,2008,37,5.93,16.02
128890,Active,526178,NA,NA,S,2,1,26520.875,21.99,2010,36,11.12,14.99
128891,Active,1598515,NA,NA,S,3,1,12202.675,29.99,2015,39,9.56,19.47
128892,Active,1724581,NA,NA,S,0,0,173591.075,75,2015,8,37.13,42.88
128893,Active,172959,NA,NA,S,0,0,296614.345,44.99,1999,25,23.98,31.56
128894,Active,1484192,NA,NA,S,3,1,68748.22625,13,2013,31,11.67,12.9
128895,Active,1724450,NA,NA,S,0,0,104122.025,50,2012,19,32.85,31.99
128896,Active,2103113,NA,NA,S,0,0,56955.575,34.95,2014,16,31.45,31.45
128897,Active,1697023,NA,NA,S,0,0,87451.225,30,2015,22,18.35,18.86
128898,Active,1497776,NA,NA,S,0,0,2245.675,22.99,2014,40,14.96,15.8
128899,Active,1498650,NA,NA,S,0,0,49339.75,36.99,2014,14,23.36,21.2
128900,Active,2076056,NA,NA,S,0,0,210849.825,35,2012,13,20.94,27.7
128901,Active,804830,NA,NA,S,0,0,8213.79625,15,2006,150,4,8.2
128902,Active,2044310,NA,NA,S,1,0,32928.75,26.95,2010,15,18.34,22.21
128903,Active,678739,NA,NA,S,1,0,104429.55,26.95,2009,32,12.69,20.81
128904,Active,633632,NA,NA,S,1,0,290022.7775,49.8,1991,43,4,29.69
128905,Active,2399373,NA,NA,S,8,1,40363.7475,46.95,1991,100,4,38.98
128906,Active,641623,NA,NA,S,1,0,92570.65,48.95,2007,27,31.09,32.32
128907,Active,1489903,NA,NA,S,0,0,82574.475,28,2009,18,26.75,23.05
128908,Active,2093567,NA,NA,S,0,0,8040.025,34.95,2012,20,15.85,19.87
128909,Active,3827897,NA,NA,S,1,0,55219.275,35,2010,46,9.22,14.16
128910,Active,247816,NA,NA,S,0,0,647076.1038,89,2006,32,7.62,56.81
128911,Active,110373,NA,NA,S,4,1,69598.185,71.75,2006,63,11.29,26.98
128912,Active,110153,NA,NA,S,3,1,329456.3163,196.59,2008,31,4.48,85.09
128913,Active,1471640,NA,NA,S,2,1,112341.775,24.95,2014,11,22.37,19.95
128914,Active,286243,NA,NA,S,1,0,66219.05,78.2,2009,31,43.99,61.62
128915,Active,622589,NA,NA,S,1,0,90882.675,38.25,2012,26,12.21,25.71
128916,Active,2275063,NA,NA,S,0,0,144689.7,37.25,2012,12,25.72,65.24
128917,Active,135398,NA,NA,S,0,0,59504.575,40,2008,17,20.97,33.98
128918,Active,558352,NA,NA,S,0,0,120556.95,40,2008,16,26.98,35.98
128919,Active,558292,NA,NA,S,2,1,88438.435,45,2002,35,13.9,21.97
128920,Active,130486,NA,NA,S,8,1,40521.85375,102.8,2011,54,13.41,28.74
128921,Active,130488,NA,NA,S,8,1,261453.4988,102.8,2011,61,12.44,40.47
128922,Active,877503,NA,NA,S,0,0,635592.4675,165.97,2011,48,6.53,62.35
128923,Active,544457,NA,NA,S,9,1,29129.0275,145.95,2012,77,33.75,79.02
128924,Active,183281,NA,NA,S,1,0,284883.76,71.95,2005,54,5.31,43.99
128925,Active,2281012,NA,NA,S,11,1,130537.875,0,2013,0,0,28.28
128926,Active,286116,NA,NA,S,3,1,391785.28,64.6,2003,52,4,0
128927,Active,170192,NA,NA,S,5,1,63804.64625,158.95,2011,51,41.28,122.31
128928,Active,170193,NA,NA,S,5,1,109068.1675,158.95,2011,56,27.49,124.52
128929,Active,2152131,NA,NA,S,0,0,128846.2,59.95,2014,12,30.65,33.15
128930,Active,1677934,NA,NA,S,0,0,760678.9575,49.95,2014,42,9.7,15.48
128931,Active,2110676,NA,NA,S,10,1,112057.9163,23.99,2013,27,11.02,16.31
128932,Active,1590519,NA,NA,S,1,0,738382.8975,34.99,2010,25,21.39,27.55
128933,Active,1642288,NA,NA,S,0,0,635155.0375,45,2009,33,4.48,27.42
128934,Active,1496603,NA,NA,S,0,0,60160.325,24.99,2014,15,11.77,12.28
128935,Active,2058928,NA,NA,S,0,0,162028.775,24.95,2012,11,4,23.97
128936,Active,543234,NA,NA,S,7,1,472917.835,50,2012,26,18.86,37.21
128937,Active,2109742,NA,NA,S,11,1,22718.25,26.95,2013,27,14.76,14.77
128938,Active,2068000,NA,NA,S,0,0,40260.35,24.95,2015,14,14.48,14.8
128939,Active,2116999,NA,NA,S,2,1,217461.45,26.99,2011,20,9.11,19.17
128940,Active,2079628,NA,NA,S,1,0,199885.675,35,2012,40,5.84,8.49
128941,Active,125612,NA,NA,S,0,0,565344.9925,44.99,1995,51,4.98,15.99
128942,Active,1777808,NA,NA,S,1,0,73205.1,29.99,2013,23,8.61,8.64
128943,Active,2042031,NA,NA,S,1,0,59208.125,22.99,2013,23,5.62,12.43
128944,Active,690072,NA,NA,S,0,0,51161.95,29.99,2013,18,20.99,20.67
128945,Active,644418,NA,NA,S,0,0,73543.825,34.95,2013,20,4.99,14.99
128946,Active,1724683,NA,NA,S,0,0,24010.125,32,2015,13,22.53,22.54
128947,Active,1724686,NA,NA,S,0,0,12697.9,24.95,2015,14,13.49,15.63
128948,Active,2159728,NA,NA,S,4,1,138589.725,23.95,2015,8,17.61,16.93
128949,Active,1704393,NA,NA,S,0,0,50586.05,22.95,2010,23,8.65,11.99
128950,Active,3960209,NA,NA,S,0,0,73528.925,29.95,2015,15,22.17,21.82
128951,Active,1744410,NA,NA,S,2,1,71003.9,21.95,2008,21,9.93,16.3
128952,Active,2042068,NA,NA,S,0,0,32465.075,22.99,2014,6,17.57,17.57
128953,Active,1739292,NA,NA,S,5,1,680026,14.99,2011,19,6.49,12.53
128954,Active,917793,NA,NA,S,0,0,231140.3675,349.95,2015,44,31.23,152.86
128955,Active,868545,NA,NA,S,38,1,46037.69125,365.95,2014,81,5.86,131.52
128956,Active,867959,NA,NA,S,0,0,29310.65,363.95,2015,92,5.98,78.99
128957,Active,1724326,NA,NA,S,1,0,511589.4225,55,2008,25,12.67,63.05
128958,Active,3773591,NA,NA,S,0,0,71190.825,24.95,2014,10,19.89,23.58
128959,Active,1480544,NA,NA,S,1,0,216626.35,29.95,2014,12,23.33,27.49
128960,Active,1717673,NA,NA,S,0,0,165650.6,39,2014,10,36.07,38.76
128961,Active,2203869,NA,NA,S,0,0,211694.125,24.95,2015,11,18.31,19.11
128962,Active,1700834,NA,NA,S,0,0,170727.25,22,2010,27,6.98,11.97
128963,Active,623403,NA,NA,S,0,0,79363.925,50,2012,35,14.78,29.57
128964,Active,678255,NA,NA,S,0,0,9447.125,24.99,2010,29,8,15.16
128965,Active,1877188,NA,NA,S,0,0,5260.875,24.95,2013,48,7.98,14.83
128966,Active,2586128,NA,NA,S,0,0,663750.3038,32.95,2002,26,17.01,25.1
128967,Active,618289,NA,NA,S,0,0,58225.475,30,2008,66,4,14.74
128968,Active,681459,NA,NA,S,0,0,176467.475,26.95,2009,16,17.99,16.22
128969,Active,1836026,NA,NA,S,1,0,83347.65,24.99,2014,41,8.98,11.99
128970,Active,3097112,NA,NA,S,2,1,129831.925,60,2004,26,21,27.19
128971,Active,617845,NA,NA,S,1,0,13969.85,34.99,2009,28,17.82,22.67
128972,Active,2013749,NA,NA,S,4,1,100078.75,32,2008,24,12.42,28.54
128973,Active,679246,NA,NA,S,2,1,73505.625,25,2011,26,8.66,16.45
128974,Active,683411,NA,NA,S,0,0,58473.275,24.99,2009,19,17.31,19.35
128975,Active,2059743,NA,NA,S,0,0,143127.5,21.95,2008,18,13.65,21.95
128976,Active,1742191,NA,NA,S,2,1,151132.1,31.95,2008,12,23.99,23.99
128977,Active,678025,NA,NA,S,2,1,11528.35,24.99,2011,45,13.95,15.51
128978,Active,682396,NA,NA,S,0,0,450837.7738,24.99,2006,40,4,0
128979,Active,2730576,NA,NA,S,2,1,148265.1425,10.99,1999,109,4,7.92
128980,Active,1672250,NA,NA,S,3,1,419187.3463,11.99,2008,29,4.98,10.07
128981,Active,3739125,NA,NA,S,4,1,246941,14.99,2016,7,9,12.74
128982,Active,224351,NA,NA,S,1,0,677667.6125,85.95,2000,36,3.78,58.98
128983,Active,1624409,NA,NA,S,0,0,168704.31,91.12,2006,63,4,21.41
128984,Active,860972,NA,NA,S,3,1,287436.725,48.95,2012,16,38.22,38.2
128985,Active,630271,NA,NA,S,0,0,48397.9,69.95,2004,14,28.64,40.16
128986,Active,676678,NA,NA,S,0,0,97813.665,26.95,2010,30,8.95,0
128987,Active,1730057,NA,NA,S,1,0,657675.1063,45,2006,21,10.93,17.99
128988,Active,675487,NA,NA,S,3,1,57444.15625,27.5,2000,74,4.45,36.01
128989,Active,3739152,NA,NA,S,8,1,10476.05,24.99,2015,15,14.18,16.32
128990,Active,1672354,NA,NA,S,3,1,54463.55,21.99,2009,20,5.97,16.96
128991,Active,711629,NA,NA,S,0,0,55060.75,91,2003,71,4,33.96
128992,Active,526165,NA,NA,S,5,1,65582.78875,16.99,2009,74,4,11.99
128993,Active,1672691,NA,NA,S,3,1,21852.07,6.99,2012,27,4.97,6.99
128994,Active,1861148,NA,NA,S,0,0,90445.375,26.95,2014,65,4,7.98
128995,Active,609731,NA,NA,S,0,0,756771.1525,48.95,2004,119,4,18.26
128996,Active,2264869,NA,NA,S,1,0,97656.05,30.12,1900,38,10.99,26.17
128997,Active,2009714,NA,NA,S,0,0,160331.5075,47.95,2014,97,5.89,44.9
128998,Active,3926468,NA,NA,S,0,0,627521,24.99,2016,16,17.52,17.82
128999,Active,3802289,NA,NA,S,2,1,414280.25,49.95,2014,46,9.93,10.8
129000,Active,1598487,NA,NA,S,0,0,15220.125,24,2014,35,7.34,7.34
129001,Active,3800067,NA,NA,S,1,0,157094.5,29.99,2015,14,14.96,20.24
129002,Active,132245,NA,NA,S,10,1,235867.5338,160,2007,64,18.99,72.93
129003,Active,1946495,NA,NA,S,1,0,89354.225,25.75,2013,25,6.99,8.98
129004,Active,684516,NA,NA,S,0,0,29147.55,24.99,2010,23,12.93,16.14
129005,Active,1437512,NA,NA,S,1,0,163355.7,22,2014,22,7.01,9.08
129006,Active,174926,NA,NA,S,1,0,241173.6775,44.99,2006,28,12.58,31.94
129007,Active,635088,NA,NA,S,0,0,59570.6,34.95,2015,28,18.54,23.71
129008,Active,569997,NA,NA,S,5,1,464897.7125,57.33,2006,24,17.64,103.61
129009,Active,1932577,NA,NA,S,1,0,108089.25,49.99,2014,19,28.94,32.58
129010,Active,870205,NA,NA,S,1,0,771163.46,119.95,2003,23,4,7.34
129011,Active,673733,NA,NA,S,0,0,95016.3,24.95,2013,15,7.94,22.69
129012,Active,685035,NA,NA,S,0,0,178452.3,30.95,2012,26,14,25.18
129013,Active,2130666,NA,NA,S,0,0,77231.875,30.95,2013,14,15.76,18.13
129014,Active,2021547,NA,NA,S,1,0,159082.775,34.99,2013,13,24.26,28.98
129015,Active,3749598,NA,NA,S,3,1,49448.55,14.95,1900,10,12.74,14.2
129016,Active,687389,NA,NA,S,0,0,103771.025,26.95,2012,20,19.3,26.68
129017,Active,1536581,NA,NA,S,1,0,52644.775,32,2014,35,6.12,17.16
129018,Active,635961,NA,NA,S,0,0,36881.45,34.95,2011,19,22.67,28.98
129019,Active,877367,NA,NA,S,4,1,52139.26125,76.4,2013,19,47.99,42.44
129020,Active,242784,NA,NA,S,0,0,1111353.395,34.95,2007,42,4,28.8
129021,Active,825870,NA,NA,S,1,0,492280.6275,40.95,2003,27,18.63,25.49
129022,Active,677134,NA,NA,S,1,0,208653.3,24.95,2008,49,6.63,14.29
129023,Active,1855508,NA,NA,S,6,1,37102,34.99,2015,13,22.28,24.3
129024,Active,610056,NA,NA,S,5,1,628480.4388,34.99,2013,39,6.59,49.53
129025,Active,625741,NA,NA,S,1,0,358678.5,61.8,2007,23,8.24,80.47
129026,Active,631656,NA,NA,S,0,0,92416.025,52.5,2009,25,25.84,41.22
129027,Active,2006178,NA,NA,S,1,0,130556.3,56.95,2010,9,56.49,60.94
129028,Active,636345,NA,NA,S,3,1,457964.3525,50,2007,63,8.24,21.7
129029,Active,231596,NA,NA,S,0,0,352844.8825,51.95,2005,25,6.28,63.38
129030,Active,2095747,NA,NA,S,1,0,110124.375,49.99,2011,23,18.98,30.32
129031,Active,2054199,NA,NA,S,0,0,106588.025,36.95,2010,10,35.12,36.95
129032,Active,2876795,NA,NA,S,0,0,448706.02,74.26,2001,93,4,47.98
129033,Active,1688357,NA,NA,S,0,0,18656.425,25,2014,18,12.76,18.66
129034,Active,214363,NA,NA,S,0,0,54189.8,26.95,2008,35,12.53,18.82
129035,Active,866633,NA,NA,S,8,1,70730.765,246,2014,41,48.36,79.79
129036,Active,1679874,NA,NA,S,0,0,42436.0325,9.95,2007,97,4,6.48
129037,Active,1679875,NA,NA,S,0,0,35318.69,9.95,2007,78,4,7.21
129038,Active,1983151,NA,NA,S,0,0,6560.02875,11.99,2014,17,7.71,8.11
129039,Active,1983173,NA,NA,S,0,0,13713.07,11.99,2014,15,7.99,8.23
129040,Active,1983174,NA,NA,S,0,0,19324.94625,11.99,2014,21,8.08,8.48
129041,Active,1983175,NA,NA,S,0,0,13591.12625,11.99,2014,18,8.89,10.1
129042,Active,1490577,NA,NA,S,1,0,32761.05,34.95,2013,13,22.18,20.07
129043,Active,2589028,NA,NA,S,0,0,207418.9288,54.99,1970,54,9.05,31.79
129044,Active,2238244,NA,NA,S,2,1,90271.425,29.98,2014,9,28.23,27.99
129045,Active,1994031,NA,NA,S,0,0,98372.625,24.99,2014,11,33.25,34.04
129046,Active,596446,NA,NA,S,1,0,227933.4363,34.95,2000,95,4,6.69
129047,Active,2147241,NA,NA,S,0,0,619992.0725,12.99,2006,190,3.99,8.69
129048,Active,1494606,NA,NA,S,0,0,185431.975,28.5,2014,27,3.85,20.87
129049,Active,3007159,NA,NA,S,0,0,151496.35,29.99,2015,7,13.25,12.62
129050,Active,3794891,NA,NA,S,0,0,107882.475,22.99,2015,14,10.73,10.73
129051,Active,847945,NA,NA,S,0,0,419438.28,45.8,1997,58,4,13.97
129052,Active,1937306,NA,NA,S,0,0,157352.725,26,2013,65,4,4.47
129053,Active,1879800,NA,NA,S,0,0,175310.575,20.97,2011,11,21.18,21.18
129054,Active,1879801,NA,NA,S,0,0,189320.8,20.97,2011,12,23.76,21.62
129055,Active,1710963,NA,NA,S,0,0,242931.575,25,2008,15,11.73,16
129056,Active,2085983,NA,NA,S,0,0,65831.2,48.99,2013,14,33.98,33.98
129057,Active,3495825,NA,NA,S,0,0,214147.625,24,2010,63,7.98,9.92
129058,Active,675925,NA,NA,S,1,0,81820.275,28.95,2012,54,9.66,14.28
129059,Active,831421,NA,NA,S,0,0,759925.5913,73,1992,27,4,18.99
129060,Active,1866778,NA,NA,S,0,0,22370.15,50,2014,13,24.65,27.39
129061,Active,514609,NA,NA,S,1,0,145714.175,35,2008,49,4,13.19
129062,Active,654896,NA,NA,S,1,0,382423.0863,79,2002,25,38.64,67.23
129063,Active,1586860,NA,NA,S,1,0,85120.325,27.99,2007,32,19.49,23.99
129064,Active,2586441,NA,NA,S,0,0,433655.8363,39.99,2001,33,13.38,36.08
129065,Active,1532259,NA,NA,S,0,0,32877.5,26,2015,30,12.64,11.49
129066,Active,1967800,NA,NA,S,2,1,161952.8,119.99,2012,16,56.98,99.13
129067,Active,3284073,NA,NA,S,0,0,150772,67.83,2005,21,43.73,67.82
129068,Active,2106596,NA,NA,S,0,0,143362.35,27.95,2015,12,18.93,19.96
129069,Active,1624043,NA,NA,S,0,0,130790.15,27,2010,19,15.16,19.19
129070,Active,2081671,NA,NA,S,0,0,226168,29.95,2012,19,7.98,12.93
129071,Active,2020200,NA,NA,S,0,0,74534.725,21.95,2013,10,16.24,16.49
129072,Active,646308,NA,NA,S,0,0,565852.5975,39.95,2013,15,30.94,30.46
129073,Active,2132872,NA,NA,S,1,0,108421.575,29.95,2011,17,19.99,24.43
129074,Active,1494548,NA,NA,S,0,0,126933.4,26,2015,18,18.51,19.9
129075,Active,2136662,NA,NA,S,0,0,214195.825,28.99,2008,12,20.32,21.51
129076,Active,3595955,NA,NA,S,0,0,15356.55,22,2015,12,19.36,16.11
129077,Active,1750280,NA,NA,S,0,0,70866.075,29.95,2011,19,21.62,18.49
129078,Active,1691730,NA,NA,S,0,0,42188.075,24.99,2008,25,9.99,12.82
129079,Active,3553230,NA,NA,S,0,0,688924.85,36.95,2001,97,4,12
129080,Active,659455,NA,NA,S,1,0,194883.725,47,2009,18,25.12,32.24
129081,Active,577778,NA,NA,S,1,0,277058.405,61.95,2004,33,4,50.14
129082,Active,1777887,NA,NA,S,1,0,185173.1,48,2013,23,38.98,39.44
129083,Active,2759575,NA,NA,S,1,0,441070.72,50.5,2003,30,8.43,38.74
129084,Active,1814997,NA,NA,S,0,0,84674,27.99,2015,23,7.97,9.98
129085,Active,2006485,NA,NA,S,1,0,46766.8,23,2014,21,10.81,15.55
129086,Active,3098058,NA,NA,S,0,0,672925.6188,7.99,2004,30,4,7.21
129087,Active,194098,NA,NA,S,1,0,128699.325,77,2010,24,14.11,39.49
129088,Active,1826335,NA,NA,S,0,0,26202.6,107.95,2015,3,57.5,57.63
129089,Active,397270,NA,NA,S,2,1,84928.0875,62,2010,27,27.73,63.99
129090,Active,293271,NA,NA,S,2,1,153665.215,99,2009,79,37.14,66.8
129091,Active,213280,NA,NA,S,4,1,80063.53,120,2008,56,23.64,107.4
129092,Active,620812,NA,NA,S,1,0,56688.2,44,2008,25,33.66,34.12
129093,Active,289773,NA,NA,S,0,0,722869.69,53.95,2010,25,14.47,37.46
129094,Active,1660554,NA,NA,S,2,1,175400.625,27.99,2008,18,7.52,12.21
129095,Active,2144393,NA,NA,S,0,0,46178.225,24.95,2008,20,19.98,21.01
129096,Active,1688328,NA,NA,S,0,0,51273.35,45,2012,14,28.82,29.59
129097,Active,545384,NA,NA,S,0,0,241174.9,29.95,2012,20,17.33,23.99
129098,Active,684114,NA,NA,S,0,0,118459.4,24.95,2013,19,15.14,17.63
129099,Active,622290,NA,NA,S,0,0,196574.0813,50,1990,41,8.47,28.83
129100,Active,184387,NA,NA,S,1,0,703725.2913,56.95,2003,40,7.94,38.32
129101,Active,663363,NA,NA,S,0,0,18319.125,32.95,2013,43,5.98,18.4
129102,Active,2098156,NA,NA,S,0,0,23015.8,32.95,2014,20,18.98,19.98
129103,Active,279371,NA,NA,S,0,0,35937.75,29.95,2007,70,5.22,14.03
129104,Active,622610,NA,NA,S,0,0,53586.45,32.95,2012,28,5.4,64.18
129105,Active,2098168,NA,NA,S,0,0,109261.1275,50,2013,32,10.89,14.77
129106,Active,2098184,NA,NA,S,0,0,148042.775,34.95,2014,18,18.98,21.83
129107,Active,679916,NA,NA,S,0,0,143475,29.95,2010,28,7.25,13.76
129108,Active,194084,NA,NA,S,1,0,85229.5,82,2008,29,34.59,41.89
129109,Active,163163,NA,NA,S,2,1,113318.1838,61.95,2011,40,21.94,48.81
129110,Active,193990,NA,NA,S,3,1,365774.8913,92,2000,23,13.8,57
129111,Active,622684,NA,NA,S,0,0,428377.955,46,2009,25,18.22,46.24
129112,Active,652701,NA,NA,S,7,1,449583.4488,198,2011,43,5.77,33.99
129113,Active,143319,NA,NA,S,4,1,296885.915,43,2011,23,14.99,43.22
129114,Active,1826328,NA,NA,S,0,0,119317.35,53.95,2015,11,33.44,35.11
129115,Active,665643,NA,NA,S,2,1,732203.9463,84.25,2010,21,5.48,55.27
129116,Active,547181,NA,NA,S,3,1,63718.475,21.95,2012,65,6.2,15.28
129117,Active,2875100,NA,NA,S,2,1,520115.5888,17.95,1997,60,3.99,8.11
129118,Active,2144226,NA,NA,S,0,0,98151.4,21.95,2007,17,10.67,15.42
129119,Active,3828338,NA,NA,S,0,0,59212.45,21.95,2015,9,17.26,17.26
129120,Active,2079608,NA,NA,S,0,0,129573.375,35,2012,12,23.33,23.12
129121,Active,680408,NA,NA,S,0,0,31335.1,29.95,2013,27,18.89,21.7
129122,Active,744979,NA,NA,S,5,1,683869.1463,318.95,2006,57,7.93,89.99
129123,Active,1942542,NA,NA,S,0,0,31489.925,27.95,2014,35,15.44,17.39
129124,Active,2088314,NA,NA,S,0,0,17260.25,35,2013,16,25.39,22
129125,Active,658925,NA,NA,S,1,0,745686.5113,69.33,2009,22,6.37,135.13
129126,Active,146193,NA,NA,S,1,0,555836.7963,90.67,2009,40,4,68.99
129127,Active,547068,NA,NA,S,3,1,109661.485,64.75,2011,32,8.01,38.35
129128,Active,1781127,NA,NA,S,3,1,50582.46875,34.99,2015,24,22.14,22.59
129129,Active,1535894,NA,NA,S,1,0,28681,43.75,2014,19,21.38,30
129130,Active,1669125,NA,NA,S,1,0,187739.975,25.95,2014,25,13,16.73
129131,Active,623177,NA,NA,S,2,1,20781.65,39.99,2011,20,24.65,25.29
129132,Active,2152158,NA,NA,S,0,0,127326.925,29.99,2014,11,16.53,20.7
129133,Active,2042054,NA,NA,S,0,0,43299.1,24.99,2014,21,12.28,12.53
129134,Active,1779503,NA,NA,S,1,0,69867.175,24.99,2013,19,8.45,8.46
129135,Active,1660693,NA,NA,S,1,0,76847.425,35,2013,20,21.22,22.54
129136,Active,1438814,NA,NA,S,0,0,754504.325,217.85,2008,14,13.58,18.88
129137,Active,3468561,NA,NA,S,0,0,179271.75,0,2007,9,22.69,13.48
129138,Active,3805369,NA,NA,S,0,0,126853.925,48.99,2013,10,33.98,29.72
129139,Active,3805370,NA,NA,S,0,0,104074.275,48.99,2013,8,33.98,33.98
129140,Active,3589524,NA,NA,S,10,1,126320.85,24,2015,12,17.28,17.58
129141,Active,2164216,NA,NA,S,0,0,86675.925,36,2014,19,27.58,27.92
129142,Active,2100321,NA,NA,S,0,0,106555.525,27.99,2014,10,18.98,18.98
129143,Active,616192,NA,NA,S,1,0,44079.25,40,2008,42,17.14,23.96
129144,Active,2263172,NA,NA,S,7,1,262518.1988,62.06,2011,42,23.89,74.91
129145,Active,2397288,NA,NA,S,2,1,535175.5375,39.95,1995,22,13.28,73.53
129146,Active,3061414,NA,NA,S,0,0,710475.8425,4.95,2001,23,4,4.95
129147,Active,753032,NA,NA,S,1,0,73456.425,24.99,2010,29,15.72,15.98
129148,Active,3601649,NA,NA,S,0,0,123279.225,75,2013,16,18.93,18.93
129149,Active,2649454,NA,NA,S,1,0,283740.55,56.95,2002,25,13.99,38.19
129150,Active,2408011,NA,NA,S,0,0,622916.7138,44.95,1996,31,9.67,39.07
129151,Active,3129365,NA,NA,S,1,0,414293.6375,44.95,2000,26,9.98,55.6
129152,Active,1716596,NA,NA,S,0,0,62252.85,24.99,2010,51,10.8,15.49
129153,Active,1716692,NA,NA,S,0,0,64877.875,24.99,2013,19,16.65,16.91
129154,Active,1677154,NA,NA,S,1,0,63469.925,21.99,2011,15,10.49,8.73
129155,Active,526119,NA,NA,S,2,1,112115.55,26.95,2007,25,6.33,20.4
129156,Active,592925,NA,NA,S,0,0,293885.5063,26.95,2007,30,4.28,0
129157,Active,682921,NA,NA,S,0,0,338837.775,26.95,2007,23,13.99,0
129158,Active,2041791,NA,NA,S,0,0,56972,26.95,2015,19,13.95,13.99
129159,Active,865894,NA,NA,S,2,1,388867.5963,58.07,2009,13,12.47,34.99
129160,Active,2086700,NA,NA,S,0,0,160476.725,32.95,2014,10,21.31,22.72
129161,Active,2104362,NA,NA,S,0,0,38198.075,24,2015,17,14.93,14.99
129162,Active,684804,NA,NA,S,1,0,44321.75,29.95,2012,23,17.37,20.92
129163,Active,526117,NA,NA,S,0,0,695952.3463,29.99,2011,27,4.13,0
129164,Active,1918180,NA,NA,S,3,1,154868.4,27.99,2011,13,19.98,21.52
129165,Active,1918234,NA,NA,S,2,1,60975.35,34.99,2013,19,17.97,18.97
129166,Active,1736191,NA,NA,S,0,0,240613.025,29.99,2007,25,8.98,10.47
129167,Active,526115,NA,NA,S,31,1,528270.985,31.99,2012,26,4,8.12
129168,Active,3066082,NA,NA,S,2,1,258811.7925,9.95,1998,20,16.11,79.05
129169,Active,526110,NA,NA,S,16,1,217813.975,162,2012,52,46.68,102.01
129170,Active,2337515,NA,NA,S,3,1,478209.7163,110,1994,43,5.11,25.91
129171,Active,905758,NA,NA,S,5,1,261525.7775,197,2014,29,19.64,24.6
129172,Active,627943,NA,NA,S,2,1,549310.0888,234,1997,21,6.99,99.53
129173,Active,639250,NA,NA,S,0,0,64536.65,39,2009,17,29.8,37.44
129174,Active,2504976,NA,NA,S,1,0,525000.4075,59.95,1988,24,5.17,72.43
129175,Active,2205684,NA,NA,S,0,0,698645.9975,14.99,2011,19,28.97,88.49
129176,Active,2100793,NA,NA,S,0,0,73755.8,24.99,2015,15,16.5,17.55
129177,Active,2529717,NA,NA,S,1,0,386911.8538,46.95,1994,48,6.39,29.94
129178,Active,1660621,NA,NA,S,1,0,80578.15,35,2010,11,20.23,33.99
129179,Active,3800738,NA,NA,S,0,0,42694,60,2015,15,32.15,32.15
129180,Active,805491,NA,NA,S,0,0,201518.925,40.99,2008,56,3.99,4
129181,Active,1660696,NA,NA,S,1,0,179554.9,40,2012,24,10.97,10.48
129182,Active,680267,NA,NA,S,0,0,77578.15,27,2010,18,13.92,17.15
129183,Active,1599352,NA,NA,S,0,0,14024.725,36.99,2012,18,20.99,23.23
129184,Active,158967,NA,NA,S,0,0,8221.425,34.99,2007,65,11.49,19.64
129185,Active,907833,NA,NA,S,0,0,278112.7688,40,2014,23,13.99,23.77
129186,Active,1957885,NA,NA,S,0,0,52186.325,35,2013,23,19.59,19.6
129187,Active,2104190,NA,NA,S,0,0,7168.3,24.95,2015,13,19.63,16.27
129188,Active,1684443,NA,NA,S,0,0,65194,34.99,2015,19,20.97,21.64
129189,Active,686544,NA,NA,S,1,0,116506.675,27,2014,24,11.55,17.47
129190,Active,1523739,NA,NA,S,0,0,36541.2,30,2012,12,20.86,22.45
129191,Active,1866740,NA,NA,S,1,0,38287.05,40,2014,15,21.76,24.19
129192,Active,1523096,NA,NA,S,0,0,40463.925,33,2009,22,19.75,20.79
129193,Active,1655988,NA,NA,S,0,0,20170.95,40,2012,14,22.52,25.75
129194,Active,1523319,NA,NA,S,0,0,11659.125,22,2007,19,11.34,14.49
129195,Active,615746,NA,NA,S,0,0,98172.1,40,2012,17,21.98,24.99
129196,Active,922331,NA,NA,S,1,0,103918.4838,7.99,2007,103,4,7.19
129197,Active,681866,NA,NA,S,1,0,94762.75,24.95,2009,21,15.17,19.33
129198,Active,3513360,NA,NA,S,1,0,612911.05,48.75,2015,32,6.13,33.99
129199,Active,2834478,NA,NA,S,0,0,553406.6013,30,1983,22,6.13,30
129200,Active,1686583,NA,NA,S,0,0,312775.0763,34.95,2007,32,53.99,93.47
129201,Active,526104,NA,NA,S,4,1,41570.15,21.95,2011,22,13.27,16.8
129202,Active,2003777,NA,NA,S,0,0,212534.675,20.95,2009,21,8.85,15.54
129203,Active,2122508,NA,NA,S,2,1,166283.25,34,2011,15,18.98,19.77
129204,Active,2109959,NA,NA,S,2,1,94235.8,23.95,2013,11,16.79,17.7
129205,Active,2837929,NA,NA,S,2,1,359281.7663,25,1993,116,4,9.49
129206,Active,2109947,NA,NA,S,1,0,54322.525,22.95,2011,25,9.84,16.31
129207,Active,221378,NA,NA,S,3,1,32467.025,21.95,2009,45,4.95,12.98
129208,Active,2083867,NA,NA,S,0,0,20368.1,21.99,2011,35,4,12.69
129209,Active,609351,NA,NA,S,5,1,754314.6038,24.95,2005,42,4.34,12.53
129210,Active,2161285,NA,NA,S,0,0,43462.125,23.95,2010,21,9.69,23.95
129211,Active,260761,NA,NA,S,0,0,10401.0075,14.95,2001,148,4,8.6
129212,Active,918032,NA,NA,S,0,0,4298.5,26.95,2009,23,16,16.36
129213,Active,269900,NA,NA,S,2,1,356357.5775,17.95,2006,25,4.93,0
129214,Active,2056144,NA,NA,S,4,1,87434.68625,19.95,2015,18,13.25,14.38
129215,Active,526095,NA,NA,S,2,1,626073.1063,19.95,2007,21,15.97,66.21
129216,Active,889130,NA,NA,S,0,0,85657.17125,19.95,2014,13,15.27,0
129217,Active,2056055,NA,NA,S,2,1,783921.0475,17.95,2008,24,4,42.6
129218,Active,526093,NA,NA,S,2,1,446249.3938,17.95,2010,29,5.23,0
129219,Active,526087,NA,NA,S,4,1,138013.5713,19.95,2012,24,10.4,14.99
129220,Active,526086,NA,NA,S,2,1,275875.6525,17.95,2010,26,5.86,0
129221,Active,915273,NA,NA,S,0,0,396280.36,19.99,2010,46,4.47,12.75
129222,Active,1781281,NA,NA,S,1,0,4360.75,29.99,2015,17,20.04,16.17
129223,Active,526078,NA,NA,S,4,1,100203.5813,26.99,2011,58,5.01,8.96
129224,Active,867413,NA,NA,S,4,1,28808.1725,34.99,2014,33,16.98,15.39
129225,Active,1855493,NA,NA,S,6,1,104831.6538,34.99,2015,23,20.09,24.55
129226,Active,686082,NA,NA,S,2,1,222632.0525,23,2011,21,18.6,20
129227,Active,2138085,NA,NA,S,2,1,232938.325,25.95,2009,19,20.24,19.99
129228,Active,539496,NA,NA,S,3,1,39332.9975,110,2012,48,32.12,58.99
129229,Active,903983,NA,NA,S,3,1,101701.49,86.8,2014,33,46.13,73.43
129230,Active,1780154,NA,NA,S,1,0,201057.7,25,2014,8,16.83,16.78
129231,Active,1779404,NA,NA,S,1,0,58159.075,29.95,2013,22,17.96,20
129232,Active,1486607,NA,NA,S,1,0,163702.325,27,2013,37,4,5.97
129233,Active,1781109,NA,NA,S,1,0,51363.25,26,2014,20,12.88,15.68
129234,Active,573140,NA,NA,S,1,0,246499.55,20.5,2009,28,6.49,19.69
129235,Active,110617,NA,NA,S,9,1,125363.6938,43.94,2008,44,8.94,83.23
129236,Active,3756015,NA,NA,S,0,0,440751.4,45,2015,39,17.98,22.27
129237,Active,1982676,NA,NA,S,0,0,706024.6488,42,2014,28,4.32,33
129238,Active,654734,NA,NA,S,0,0,704577.4738,109,2008,35,14.26,50.85
129239,Active,733789,NA,NA,S,1,0,148851,25.95,2008,27,5.11,8.62
129240,Active,679748,NA,NA,S,1,0,29787.2,26.99,2013,23,13.85,15.59
129241,Active,1937113,NA,NA,S,0,0,9002.93625,9.99,2011,51,4,9.15
129242,Active,913809,NA,NA,S,0,0,115505.9225,22.95,2013,25,11.26,13.13
129243,Active,922149,NA,NA,S,1,0,111254.15,25,2013,62,4,18.99
129244,Active,631907,NA,NA,S,2,1,485481.9488,180,1997,28,10.88,95.18
129245,Active,2599104,NA,NA,S,0,0,357209.02,44.99,1994,51,4.1,32.97
129246,Active,2406359,NA,NA,S,0,0,828689.0138,45,1991,45,8.49,26.94
129247,Active,2250748,NA,NA,S,3,1,377298.25,76.01,2006,41,19.16,64.62
129248,Active,1496884,NA,NA,S,0,0,133362.85,25,2013,27,4,6.98
129249,Active,898658,NA,NA,S,1,0,94789.82875,39.99,2014,29,23.8,26.55
129250,Active,652650,NA,NA,S,1,0,153215.225,49,2011,14,38.99,36.89
129251,Active,162808,NA,NA,S,2,1,498364.8188,29.99,2009,44,4,11.36
129252,Active,169541,NA,NA,S,1,0,778353.1838,211.95,2005,16,18.98,58.45
129253,Active,2583035,NA,NA,S,0,0,701390.7188,22.95,1987,35,9.75,18.43
129254,Active,566078,NA,NA,S,3,1,588433.5513,140,2011,32,11.19,63.39
129255,Active,132849,NA,NA,S,3,1,722447.0463,241.8,2008,23,17.57,98.47
129256,Active,652106,NA,NA,S,6,1,247686.055,142.25,2000,20,31.35,0
129257,Active,637388,NA,NA,S,6,1,286780.605,152.5,2000,23,8.39,52.98
129258,Active,386471,NA,NA,S,0,0,174531.85,142,2010,32,32.57,72.49
129259,Active,702056,NA,NA,S,1,0,134650.05,25,2011,17,11,17.95
129260,Active,833228,NA,NA,S,1,0,726908.2163,107.95,1996,37,4,43.75
129261,Active,1816172,NA,NA,S,2,1,80520.85,0,2010,24,12.97,12.97
129262,Active,2311325,NA,NA,S,6,1,196644.5125,120.95,1996,32,4.49,11.98
129263,Active,866634,NA,NA,S,7,1,9159.44,222.25,2014,88,17.51,42.63
129264,Active,1780198,NA,NA,S,1,0,60987.175,22.99,2014,12,4.98,10.97
129265,Active,1628851,NA,NA,S,0,0,82525.3,39.95,2015,16,33.99,36.95
129266,Active,538380,NA,NA,S,6,1,363734.5588,323.74,1999,12,9.54,34.99
129267,Active,655156,NA,NA,S,10,1,25499.55,212.5,2013,53,33.44,49.19
129268,Active,2045232,NA,NA,S,1,0,12750.525,24.95,2015,18,16.62,13.32
129269,Active,172660,NA,NA,S,2,1,616377.325,49.99,2011,54,12.15,47.15
129270,Active,1718581,NA,NA,S,1,0,245429.025,90,2014,16,39.14,69.98
129271,Active,919781,NA,NA,S,12,1,92801.875,171.27,2012,45,39.96,68.99
129272,Active,592182,NA,NA,S,1,0,137443.1,104,2013,22,29.37,61.94
129273,Active,1447934,NA,NA,S,1,0,316312.2488,55.95,2011,21,32.59,40.98
129274,Active,658132,NA,NA,S,7,1,79429.25,22.01,2013,26,22.82,23.72
129275,Active,646855,NA,NA,S,7,1,638096.1325,188.73,2013,36,18.65,71.05
129276,Active,874845,NA,NA,S,2,1,557942.3225,48.95,2003,103,4,9.98
129277,Active,533955,NA,NA,S,4,1,136583.2575,283.95,2002,60,10.17,76.94
129278,Active,246561,NA,NA,S,1,0,189392.5,47.95,2008,16,20.24,29.88
129279,Active,51070,NA,NA,S,5,1,17880.24625,208.6,2010,101,48.57,157.45
129280,Active,533956,NA,NA,S,4,1,52161.245,146.03,2002,78,23.74,40.49
129281,Active,278660,NA,NA,S,1,0,741241.735,89.95,2004,35,5.93,72.19
129282,Active,545646,NA,NA,S,4,1,393130.1563,159.95,2012,55,4.53,40.93
129283,Active,538996,NA,NA,S,3,1,443130.2088,74.95,2012,35,8.14,41.16
129284,Active,1816445,NA,NA,S,2,1,312955.4325,222.86,2013,33,15.79,105.2
129285,Active,867376,NA,NA,S,7,1,142839.2063,62.5,2014,24,11.99,43.99
129286,Active,536424,NA,NA,S,3,1,214736.1188,229.2,2012,54,21.73,193.19
129287,Active,1448017,NA,NA,S,2,1,503562.4075,87.3,2007,26,32.29,35
129288,Active,273364,NA,NA,S,2,1,378623.425,61.95,2010,35,4.97,49.95
129289,Active,1576721,NA,NA,S,1,0,69693.325,27.95,2013,20,13.23,20.52
129290,Active,1494345,NA,NA,S,0,0,65418.825,26,2013,21,10.72,17.75
129291,Active,189721,NA,NA,S,1,0,168858.4775,43.95,2002,31,12.78,19.82
129292,Active,1660802,NA,NA,S,1,0,71952.925,30,2015,19,16.49,9.98
129293,Active,269095,NA,NA,S,0,0,25061.275,21.95,2012,23,11.84,14.97
129294,Active,1499024,NA,NA,S,0,0,100123.525,29.99,2010,12,20.99,20.05
129295,Active,748580,NA,NA,S,1,0,567748.5738,77.95,2006,47,13.59,28.83
129296,Active,633299,NA,NA,S,1,0,193308.375,45,2009,24,16.47,28.2
129297,Active,1624861,NA,NA,S,1,0,132171.725,24.95,2007,70,4,5.97
129298,Active,1660702,NA,NA,S,1,0,520974.6425,35,2012,49,8,10.61
129299,Active,702211,NA,NA,S,1,0,28410.075,25,2011,36,9.49,15.19
129300,Active,2112709,NA,NA,S,0,0,133144.775,24.95,2014,25,8.17,11.72
129301,Active,1598500,NA,NA,S,1,0,40703.85,29.2,2014,8,22.11,23.54
129302,Active,1598498,NA,NA,S,1,0,77891.59,29.2,2014,26,25.59,23
129303,Active,619346,NA,NA,S,2,1,313605.5525,63.99,2011,41,18.37,37.99
129304,Active,620794,NA,NA,S,1,0,219112,38.99,2009,41,4,7.99
129305,Active,789538,NA,NA,S,4,1,706601.5113,47.99,2006,40,4.83,9.08
129306,Active,609228,NA,NA,S,4,1,431443.09,47.99,2008,32,5.28,28.99
129307,Active,690795,NA,NA,S,1,0,43776.9,29.38,2013,19,22.94,25.43
129308,Active,1781177,NA,NA,S,1,0,46372.875,24.95,2015,19,17.43,17.62
129309,Active,3584011,NA,NA,S,0,0,96815.975,24.95,2011,34,13.26,15.48
129310,Active,683947,NA,NA,S,0,0,42907.025,26.95,2010,21,18.44,20.72
129311,Active,3462931,NA,NA,S,3,1,782743.76,46,2015,9,13.46,10.47
129312,Active,1463633,NA,NA,S,0,0,119782.35,30.5,2008,15,24.05,21.73
129313,Active,3059517,NA,NA,S,2,1,364815.0625,25.49,2003,25,7.47,15.49
129314,Active,910063,NA,NA,S,0,0,426755.345,79.95,2003,27,35.84,61.99
129315,Active,651606,NA,NA,S,1,0,667736.7325,58.95,2003,14,8.92,43.98
129316,Active,2096554,NA,NA,S,0,0,31927.75,24.95,2015,14,18.8,17.08
129317,Active,2486711,NA,NA,S,0,0,76351.7,101,2015,53,39.98,83.78
129318,Active,2051827,NA,NA,S,0,0,74383.1,65,2014,13,44.5,43.12
129319,Active,627039,NA,NA,S,1,0,64405.05,39.99,2011,19,23.83,25.21
129320,Active,2791044,NA,NA,S,0,0,51249.01625,13,1990,135,4,22.98
129321,Active,327840,NA,NA,S,2,1,95641.74125,106.25,2012,84,29.99,73.98
129322,Active,652110,NA,NA,S,3,1,299032.8163,53.95,2000,30,19.29,20.29
129323,Active,3743918,NA,NA,S,1,0,83428.025,54.99,2015,17,32.34,38.82
129324,Active,3763400,NA,NA,S,4,1,16999.1,54.99,2015,22,32.73,38.97
129325,Active,778999,NA,NA,S,1,0,113363.25,90.58,2012,18,42.88,52.59
129326,Active,1999245,NA,NA,S,0,0,13439.8,21.45,2014,9,23.95,17.51
129327,Active,2000338,NA,NA,S,5,1,16351.875,24.95,2014,12,18,18.01
129328,Active,2000430,NA,NA,S,0,0,83433.775,24.75,2014,14,19.83,22.98
129329,Active,1999437,NA,NA,S,0,0,64327.075,33.95,2014,19,33.64,33.6
129330,Active,2000375,NA,NA,S,0,0,141616.75,31.95,2014,17,25.56,26.06
129331,Active,1760816,NA,NA,S,9,1,242773.125,29.95,2013,21,18.91,31.85
129332,Active,2000302,NA,NA,S,0,0,50861.675,29.95,2014,12,22.82,30.9
129333,Active,1997106,NA,NA,S,0,0,48925.85,20.95,2014,14,15.48,20.93
129334,Active,3498169,NA,NA,S,0,0,104071.1,22.95,2015,33,5.88,4
129335,Active,3741515,NA,NA,S,0,0,749473.5,49.99,2011,99,4,6.02
129336,Active,900390,NA,NA,S,0,0,90986.8825,59.95,2012,35,20.13,37.3
129337,Active,3558822,NA,NA,S,1,0,127986.075,95,2015,13,58.99,60.73
129338,Active,2137747,NA,NA,S,0,0,95375.425,24.95,2008,29,14.77,17.24
129339,Active,1947158,NA,NA,S,0,0,56039.525,22.99,2015,6,18.97,18.96
129340,Active,1499019,NA,NA,S,0,0,23695.85,21.99,2012,16,15.23,13.2
129341,Active,3498001,NA,NA,S,0,0,65210.2,99,2010,35,23.47,35.99
129342,Active,3784824,NA,NA,S,0,0,179769.2,22.95,2009,35,8.98,16.75
129343,Active,3587643,NA,NA,S,0,0,203819.725,21,2014,30,4.87,11.04
129344,Active,685304,NA,NA,S,0,0,117892.05,24,2013,31,4.98,9.43
129345,Active,2023545,NA,NA,S,0,0,113693.15,22,2012,24,4,4.99
129346,Active,624335,NA,NA,S,0,0,5912.325,35,2011,29,21.23,22.13
129347,Active,1528246,NA,NA,S,0,0,785980.5975,17.99,2008,18,22.53,142.62
129348,Active,2104398,NA,NA,S,0,0,44893,22.99,2015,11,17.36,15.32
129349,Active,629567,NA,NA,S,2,1,311851.4238,110.63,1995,38,42,113.49
129350,Active,3635011,NA,NA,S,5,1,13244,24.99,2016,19,12.74,15.93
129351,Active,1437232,NA,NA,S,4,1,525764.0338,27,2012,26,4,13.73
129352,Active,2276597,NA,NA,S,5,1,34821.125,0,2014,0,0,24.13
129353,Active,2003063,NA,NA,S,0,0,44606.85,38,2015,6,37.05,34.17
129354,Active,1565722,NA,NA,S,1,0,152277.875,29.99,2014,37,10.17,18.99
129355,Active,243681,NA,NA,S,1,0,101625.075,24.95,2007,38,7.49,13.99
129356,Active,1712812,NA,NA,S,0,0,192001.025,25.95,2015,15,16.98,19.68
129357,Active,1532706,NA,NA,S,0,0,60320.575,25.95,2014,54,4,15.76
129358,Active,3803936,NA,NA,S,1,0,23302.3,60,2016,15,40.49,36.7
129359,Active,2308617,NA,NA,S,1,0,187716.4925,83.75,1997,65,8.31,36.92
129360,Active,3960158,NA,NA,S,1,0,49448.35,25.99,2015,23,9.13,13.42
129361,Active,752028,NA,NA,S,1,0,92684.125,30.95,2009,44,8.59,11.47
129362,Active,660853,NA,NA,S,0,0,480430.9163,44,2013,14,23.64,39.79
129363,Active,1908342,NA,NA,S,0,0,52317.6,23.99,2013,12,17.42,17.95
129364,Active,1779251,NA,NA,S,1,0,195119.675,35,2013,16,19.91,20.65
129365,Active,1758497,NA,NA,S,0,0,8420.125,22.95,2014,17,22.55,22.55
129366,Active,2025200,NA,NA,S,1,0,379815.715,65,2009,18,40.07,47.18
129367,Active,680072,NA,NA,S,0,0,90421.975,24.95,2013,17,11.5,18.17
129368,Active,2021457,NA,NA,S,1,0,43596.675,24.95,2007,28,14.97,18.14
129369,Active,687359,NA,NA,S,2,1,47459.225,26,2012,23,14.99,14.11
129370,Active,3549509,NA,NA,S,1,0,108399.475,23,2007,20,21.9,25.51
129371,Active,690313,NA,NA,S,0,0,56063.175,22.95,2008,16,14.75,15.95
129372,Active,637349,NA,NA,S,1,0,746500.235,60,2003,21,6.95,26.61
129373,Active,368388,NA,NA,S,0,0,30310.025,58,2008,29,28.42,34.33
129374,Active,2153923,NA,NA,S,3,1,38440.55,22.95,2008,19,15.47,17.46
129375,Active,684550,NA,NA,S,0,0,101846.85,22.5,2008,18,10.98,10.89
129376,Active,477776,NA,NA,S,0,0,61503.125,24.99,2007,20,12.31,12.07
129377,Active,1780417,NA,NA,S,1,0,91351.625,30,2014,42,12.44,19.69
129378,Active,1461758,NA,NA,S,0,0,47266.325,22,2012,45,8.03,10.27
129379,Active,162630,NA,NA,S,2,1,35803.9,29.95,2009,33,17.46,20.76
129380,Active,1464756,NA,NA,S,1,0,26593.925,21.95,2014,9,19.93,17.1
129381,Active,3634504,NA,NA,S,1,0,1484.925,39.95,2015,32,24.99,21
129382,Active,623292,NA,NA,S,2,1,382936.2888,42,1997,34,6.11,29.56
129383,Active,2396585,NA,NA,S,0,0,268244.5525,74.05,2004,352,4.53,17.94
129384,Active,2396582,NA,NA,S,0,0,115776.8388,51.6,2004,87,4.13,8.98
129385,Active,2396583,NA,NA,S,0,0,84105.13625,53.05,2004,204,4,8.94
129386,Active,2396584,NA,NA,S,0,0,113733.8763,53.05,2004,159,4,10.11
129387,Active,3478205,NA,NA,S,0,0,68056.9,77.05,2004,292,5.48,22.74
129388,Active,1938561,NA,NA,S,0,0,65462.225,27.5,2014,39,5.92,10.97
129389,Active,2443241,NA,NA,S,0,0,325310.665,22,1994,38,10.04,16.46
129390,Active,3748892,NA,NA,S,4,1,59954,17.95,2016,15,14.24,11.61
129391,Active,1565301,NA,NA,S,1,0,60472.275,26.95,2015,8,15.94,20.23
129392,Active,3882988,NA,NA,S,0,0,88335.45,59.99,2015,9,41.7,43.88
129393,Active,1491931,NA,NA,S,0,0,223613.4,51.95,2013,12,56.67,51.58
129394,Active,672922,NA,NA,S,0,0,20977.675,22.99,2013,45,11.03,13.9
129395,Active,1565750,NA,NA,S,0,0,167780.5,28.99,2013,39,5.22,9.13
129396,Active,2519277,NA,NA,S,0,0,325698.4813,16.95,1995,39,4,22.34
129397,Active,1576475,NA,NA,S,0,0,204727.925,34.95,2012,12,22.49,23.74
129398,Active,2540374,NA,NA,S,0,0,313351.2188,47.95,2002,32,14.57,36.33
129399,Active,878901,NA,NA,S,11,1,158793.695,222.27,2013,29,30.78,132.29
129400,Active,526015,NA,NA,S,4,1,685680.7988,95.95,2012,27,15.54,28.99
129401,Active,163148,NA,NA,S,3,1,159515.985,95,2011,27,16.74,57.11
129402,Active,371840,NA,NA,S,5,1,748547.895,59.95,1999,27,3.5,28.99
129403,Active,3473388,NA,NA,S,8,1,285108.275,165.33,2015,23,55,59.16
129404,Active,2014021,NA,NA,S,1,0,301240.45,100.75,2006,19,8.19,15.48
129405,Active,756439,NA,NA,S,1,0,128199.025,49,2012,22,15.45,19.39
129406,Active,1550430,NA,NA,S,0,0,893471.4763,63.95,2011,22,13.06,6.36
129407,Active,752605,NA,NA,S,1,0,125183.025,29.95,2010,39,5.94,11.99
129408,Active,51119,NA,NA,S,9,1,891170.7088,136.67,2003,51,4.03,17.33
129409,Active,148461,NA,NA,S,1,0,764295.3838,136.95,2009,25,15.32,67.99
129410,Active,862304,NA,NA,S,11,1,11040.06,370.95,2014,81,36.39,153.99
129411,Active,147857,NA,NA,S,5,1,290010.61,215.95,2002,47,4.55,22.08
129412,Active,1583276,NA,NA,S,0,0,187756.725,39.99,2010,20,33.05,34.05
129413,Active,876851,NA,NA,S,15,1,12068.02375,279.4,2014,85,27.74,97.33
129414,Active,876823,NA,NA,S,15,1,23156.3825,192,2014,61,19.63,150.48
129415,Active,610264,NA,NA,S,11,1,9759.9325,258.95,2014,58,35.89,111.66
129416,Active,864773,NA,NA,S,7,1,24843.455,241.5,2013,51,42.98,99.65
129417,Active,533463,NA,NA,S,6,1,41083.4075,178.6,2012,49,37.74,119.45
129418,Active,902501,NA,NA,S,1,0,767871.5388,80,2006,30,8.93,53.96
129419,Active,861684,NA,NA,S,7,1,7528.23625,339.25,2013,60,53.23,180.59
129420,Active,642047,NA,NA,S,10,1,36083.51,159.75,2013,38,53.95,103.99
129421,Active,1477319,NA,NA,S,3,1,818442.8413,97.95,2015,17,18.58,63.61
129422,Active,2263841,NA,NA,S,7,1,189095.8,25.55,2008,9,15.51,21.99
129423,Active,526001,NA,NA,S,7,1,74138.9025,268.6,2007,57,28.99,106.88
129424,Active,2165838,NA,NA,S,8,1,13660.21,44.95,2014,26,40.84,43.85
129425,Active,873356,NA,NA,S,13,1,300310.9013,74.23,2012,17,33.76,33.76
129426,Active,541443,NA,NA,S,3,1,511308.4213,79.95,2013,29,4.78,57.63
129427,Active,525999,NA,NA,S,7,1,111674.3325,99.95,2012,56,13.29,51.02
129428,Active,678182,NA,NA,S,1,0,45298.475,29.95,2009,36,13.21,19.61
129429,Active,291645,NA,NA,S,1,0,174312.025,173.95,2011,31,24.39,155.87
129430,Active,121213,NA,NA,S,1,0,549846.8925,54.99,2007,24,32.4,37.95
129431,Active,592432,NA,NA,S,0,0,15776.025,27.95,2007,33,19.06,21.08
129432,Active,690077,NA,NA,S,0,0,152181.75,29.95,2013,17,20.85,21.07
129433,Active,163985,NA,NA,S,0,0,57258.85,55,2002,35,8.97,16.63
129434,Active,663118,NA,NA,S,1,0,118622.425,32,2014,19,20.2,20.63
129435,Active,628638,NA,NA,S,3,1,27664.96875,116.95,2011,56,52.04,57.34
129436,Active,136621,NA,NA,S,0,0,18909.525,95,1999,39,35.5,59.68
129437,Active,896804,NA,NA,S,5,1,73719.70625,45.95,2014,32,22.37,28.98
129438,Active,560745,NA,NA,S,2,1,546151.1138,157,2003,40,4,0
129439,Active,2697157,NA,NA,S,0,0,746984.285,68.95,1996,40,4,56.73
129440,Active,2097696,NA,NA,S,3,1,308451.3538,29.95,2014,21,20,20.78
129441,Active,163873,NA,NA,S,1,0,591987.73,92.95,2001,30,23.97,37.21
129442,Active,223035,NA,NA,S,1,0,47019.4,174.95,2000,22,40.14,66.68
129443,Active,285900,NA,NA,S,1,0,635386.1025,139,2006,51,12.01,18.94
129444,Active,682813,NA,NA,S,1,0,432119.9275,25.75,2011,29,4.23,23.94
129445,Active,2953984,NA,NA,S,2,1,854376.915,47,2005,14,7.93,63.99
129446,Active,677658,NA,NA,S,1,0,81307.625,29.95,2008,29,11.29,18.99
129447,Active,652998,NA,NA,S,1,0,78125.95,41.8,2013,27,23.24,29.05
129448,Active,635620,NA,NA,S,3,1,67640.03375,122.4,2012,43,50.27,93.24
129449,Active,286128,NA,NA,S,1,0,77636.3,54.2,2011,19,45.85,50.01
129450,Active,671472,NA,NA,S,7,1,303808.6963,64.95,2008,21,11.49,54.47
129451,Active,2047760,NA,NA,S,1,0,68312.175,25.95,2014,28,9.83,9.84
129452,Active,427537,NA,NA,S,1,0,688663.425,133.33,1999,30,4,29.48
129453,Active,1749552,NA,NA,S,1,0,73323.85,29.99,2008,46,7.11,14.82
129454,Active,126532,NA,NA,S,1,0,455095.0525,53,2005,23,8.78,31.99
129455,Active,109576,NA,NA,S,2,1,496171.4588,41.86,2005,45,4,12.92
129456,Active,657377,NA,NA,S,0,0,521265.28,93,2011,30,11.24,52.52
129457,Active,2236321,NA,NA,S,0,0,433896.075,24.95,2012,16,20.94,24.95
129458,Active,1697988,NA,NA,S,0,0,104955.7,29.95,2014,17,17.87,24.13
129459,Active,1434310,NA,NA,S,0,0,62171.825,29.99,2015,26,10.61,15.2
129460,Active,628503,NA,NA,S,3,1,129558.8763,83.95,2010,43,12.61,65.4
129461,Active,2042093,NA,NA,S,0,0,4767.325,24.99,2015,16,16.47,16.57
129462,Active,3800130,NA,NA,S,0,0,162563.1,59.99,2014,21,28.98,35.94
129463,Active,1498230,NA,NA,S,0,0,31988.2,22.99,2013,16,15.21,15.59
129464,Active,2153637,NA,NA,S,0,0,59823.775,34.99,2015,7,28.84,24.58
129465,Active,320198,NA,NA,S,1,0,526067.4525,35,2006,29,6.98,32.84
129466,Active,285629,NA,NA,S,8,1,188400.2725,149,2009,71,38.64,76.99
129467,Active,1575402,NA,NA,S,0,0,76462.225,29.95,2012,31,17.98,16.98
129468,Active,2006971,NA,NA,S,0,0,115633.45,25,2009,17,17.98,18.41
129469,Active,269919,NA,NA,S,2,1,69553.3,21.95,2011,29,6.98,9.69
129470,Active,1532238,NA,NA,S,0,0,37910.625,25,2015,17,18.91,15.82
129471,Active,1491061,NA,NA,S,0,0,81733.125,28,2010,21,17,21.12
129472,Active,1866817,NA,NA,S,1,0,78940.8,40,2014,24,14.64,24.01
129473,Active,1989701,NA,NA,S,0,0,187077.35,25,2013,11,22.25,22.53
129474,Active,1730967,NA,NA,S,1,0,83760.2,29.95,2012,10,24.81,26.14
129475,Active,671926,NA,NA,S,0,0,9543.675,24,2010,39,12.98,13.13
129476,Active,1958010,NA,NA,S,1,0,31703.925,22.95,2013,21,9.69,13.96
129477,Active,1935433,NA,NA,S,1,0,15480.8,21.95,2014,21,11.97,13.97
129478,Active,2167534,NA,NA,S,2,1,20183.25,21.95,2015,14,16.81,16.15
129479,Active,2103962,NA,NA,S,0,0,175093.75,21.95,2015,12,22.94,21.95
129480,Active,905183,NA,NA,S,2,1,78414.025,22.99,2013,18,10.35,10.46
129481,Active,1697165,NA,NA,S,0,0,410906.58,50,2014,18,7.99,31.77
129482,Active,126499,NA,NA,S,5,1,836552.975,89.95,2003,40,11.94,83.11
129483,Active,1966872,NA,NA,S,0,0,43091.075,25,2015,15,18.05,17.83
129484,Active,3804109,NA,NA,S,5,1,59826.5,62,2015,5,40.86,62
129485,Active,594205,NA,NA,S,0,0,65231.575,29.99,2011,28,8.95,13.18
129486,Active,1568829,NA,NA,S,1,0,113100.65,21.99,2009,26,10.37,12.97
129487,Active,2067851,NA,NA,S,0,0,104888.025,24.99,2011,27,11.93,18.09
129488,Active,1956342,NA,NA,S,1,0,211109.425,34.74,2012,19,10.88,33.25
129489,Active,1956549,NA,NA,S,2,1,48366.775,0,2014,5,12.32,30.98
129490,Active,686320,NA,NA,S,1,0,19481.475,29.99,2010,23,19.45,24.41
129491,Active,1534910,NA,NA,S,1,0,86886.875,27.95,2015,13,15.68,21.46
129492,Active,649648,NA,NA,S,0,0,4929.4,34.95,2013,18,22.8,22.33
129493,Active,1598285,NA,NA,S,0,0,70095.075,27,2014,47,4,6.84
129494,Active,684812,NA,NA,S,0,0,78138.675,24.95,2012,15,17.81,17.54
129495,Active,632472,NA,NA,S,0,0,895695.0263,249,2004,27,10.67,61.58
129496,Active,103784,NA,NA,S,2,1,364766.0625,148,1996,34,40.61,140.64
129497,Active,191839,NA,NA,S,1,0,327896.075,227.85,1998,25,20.11,183.48
129498,Active,649733,NA,NA,S,1,0,200036.075,80,2012,24,33.24,53.67
129499,Active,689157,NA,NA,S,1,0,94435.825,29.95,2011,21,20.83,22.38
129500,Active,3231799,NA,NA,S,5,1,703237.615,81.42,2001,23,10.98,123.93
129501,Active,630923,NA,NA,S,1,0,559019.3563,41.95,1996,43,10.19,34.92
129502,Active,657910,NA,NA,S,1,0,72699.4,30,2013,22,17.08,22.44
129503,Active,2487378,NA,NA,S,9,1,58486.40875,0,2004,4,4.91,0
129504,Active,1482913,NA,NA,S,2,1,708779.2563,55.6,2012,20,4.98,38.99
129505,Active,663173,NA,NA,S,4,1,86678.05125,110,2013,29,32.99,68.99
129506,Active,610220,NA,NA,S,1,0,130915.375,64.8,2010,26,11.35,47.89
129507,Active,716730,NA,NA,S,1,0,244785.7,86.8,2008,21,8.39,26.15
129508,Active,285264,NA,NA,S,3,1,208381.2,107,2006,9,58.98,69.14
129509,Active,1463634,NA,NA,S,0,0,27537.15,30.5,2008,14,20.99,21.95
129510,Active,3480719,NA,NA,S,0,0,61905.275,30.5,2008,12,29.98,21.95
129511,Active,3480720,NA,NA,S,0,0,149264.8,30.5,2008,20,30.73,21.95
129512,Active,807055,NA,NA,S,1,0,890831.57,82.95,2007,19,4.98,6.47
129513,Active,141898,NA,NA,S,4,1,1183936.756,6.99,2008,37,4,0
129514,Active,3517861,NA,NA,S,1,0,226966.5,45.95,2015,15,39.6,33.71
129515,Active,682055,NA,NA,S,0,0,10843.5,23.25,2013,17,13.74,17.86
129516,Active,545736,NA,NA,S,0,0,104993.875,46.99,2012,32,7.03,12.87
129517,Active,910322,NA,NA,S,5,1,747914.4088,48.6,2012,20,4.29,8.99
129518,Active,690835,NA,NA,S,3,1,111676.6,30.6,2012,21,19.22,30.6
129519,Active,866322,NA,NA,S,11,1,117959.6263,82.95,2014,46,11.99,47.77
129520,Active,1447506,NA,NA,S,9,1,188276.25,45.6,2006,50,6.34,27.27
129521,Active,2970896,NA,NA,S,3,1,90689.5,0,2015,6,51.74,55.04
129522,Active,658165,NA,NA,S,1,0,354377.9838,45.6,2012,19,21.98,36.38
129523,Active,791435,NA,NA,S,0,0,571240.4788,47.8,2007,19,6.46,20.2
129524,Active,652757,NA,NA,S,2,1,748411.4388,44.2,2010,26,4.98,10.99
129525,Active,1516516,NA,NA,S,5,1,371295.1825,42,2014,16,13.49,41.5
129526,Active,626415,NA,NA,S,2,1,115814.425,45.6,2005,29,24.43,33.99
129527,Active,791480,NA,NA,S,1,0,539581.5313,40.4,2006,40,4,38.99
129528,Active,540589,NA,NA,S,0,0,216673.05,32.2,2011,30,10.84,0
129529,Active,587709,NA,NA,S,10,1,61497.88,134.95,2012,61,13.04,88.32
129530,Active,177230,NA,NA,S,1,0,773126.6338,72.95,2011,28,4,37.95
129531,Active,866372,NA,NA,S,5,1,296557.6513,117.95,2008,25,11.93,0
129532,Active,611759,NA,NA,S,10,1,269692.9063,93.95,2013,23,33.24,0
129533,Active,795472,NA,NA,S,7,1,360068.4238,80.95,2011,27,14.53,63.66
129534,Active,349976,NA,NA,S,3,1,644109.0975,103.95,2011,33,15.64,39.72
129535,Active,1509237,NA,NA,S,7,1,108490.65,37.8,2006,19,8.85,37.8
129536,Active,868247,NA,NA,S,5,1,625356.0238,45.6,2015,21,13.93,42.53
129537,Active,868573,NA,NA,S,8,1,72756.41875,106.95,2015,30,14.52,19.28
129538,Active,2930764,NA,NA,S,8,1,21021.47375,96.95,2015,45,33.99,42.11
129539,Active,868572,NA,NA,S,8,1,96175.415,123.95,2015,26,41.16,73.94
129540,Active,862314,NA,NA,S,5,1,539118.1275,103.95,2014,19,13.51,86.04
129541,Active,561136,NA,NA,S,0,0,516193.68,45.6,2008,43,4,18.99
129542,Active,741200,NA,NA,S,1,0,615099.4625,45.6,2007,22,13.99,44.96
129543,Active,561165,NA,NA,S,1,0,321191.84,45.6,2008,23,4.38,13.98
129544,Active,3491347,NA,NA,S,0,0,145357.5,35,2015,9,30.46,31
129545,Active,301043,NA,NA,S,0,0,59786.675,62,2005,19,39.36,47.96
129546,Active,3828402,NA,NA,S,9,1,224488.325,0,2011,9,32.97,53.99
129547,Active,177072,NA,NA,S,6,1,370477.975,90.95,2003,60,4,35.91
129548,Active,298770,NA,NA,S,0,0,547185.075,48,2009,17,4.98,73.81
129549,Active,747857,NA,NA,S,3,1,154693.525,38.5,2007,15,18.86,19.5
129550,Active,867530,NA,NA,S,10,1,60129.97,99.95,2014,36,10.99,20.91
129551,Active,552579,NA,NA,S,6,1,375453.645,64.8,2006,16,7.62,0
129552,Active,697607,NA,NA,S,6,1,621727.2813,84.25,1997,30,4,20.94
129553,Active,3468868,NA,NA,S,5,1,296372.95,100.5,2014,24,26.84,93.19
129554,Active,868551,NA,NA,S,2,1,36855.28375,84.95,2015,30,42.99,44.24
129555,Active,525924,NA,NA,S,13,1,594263.975,63.95,2008,23,5.06,35.13
129556,Active,108822,NA,NA,S,1,0,49275.125,60.27,2005,20,9.84,61.03
129557,Active,1782594,NA,NA,S,8,1,514082.375,55.95,2012,10,33.99,54.99
129558,Active,915305,NA,NA,S,7,1,20256.75,27.95,2014,18,21.98,22.94
129559,Active,691094,NA,NA,S,1,0,159222.75,31.99,2011,29,5.95,6.27
129560,Active,3473587,NA,NA,S,4,1,421199.35,100.2,2016,15,52.16,40
129561,Active,550975,NA,NA,S,3,1,326249.45,0,2012,21,8.59,39.28
129562,Active,538609,NA,NA,S,11,1,268046.48,57.89,2011,53,4.98,65.72
129563,Active,561487,NA,NA,S,1,0,777687.7025,20.4,2011,28,4.29,9.98
129564,Active,1939172,NA,NA,S,1,0,78906.6,31.95,2013,15,30.92,27.16
129565,Active,681713,NA,NA,S,1,0,38919.475,29,2011,21,16.98,20.47
129566,Active,134716,NA,NA,S,4,1,23918.85375,15,2010,89,5.28,12.67
129567,Active,1856379,NA,NA,S,2,1,130379.42,24.99,2006,35,8.2,68.79
129568,Active,665312,NA,NA,S,1,0,98904.7,45.6,2012,21,19.94,37.99
129569,Active,902359,NA,NA,S,12,1,362445.6988,44.2,2014,17,15.89,41.99
129570,Active,1517643,NA,NA,S,10,1,397869.5288,45.6,2015,14,14.72,34.99
129571,Active,2485499,NA,NA,S,4,1,260964.0663,45.6,2015,16,10.99,33.99
129572,Active,525938,NA,NA,S,7,1,216012.9075,95.95,2011,41,11.81,53.59
129573,Active,574429,NA,NA,S,1,0,134689.95,23.99,2007,52,7.74,59.33
129574,Active,554265,NA,NA,S,0,0,81769.07875,15,1990,70,4.08,11.69
129575,Active,630412,NA,NA,S,1,0,636403.8938,34.95,1991,41,8.09,23.56
129576,Active,228187,NA,NA,S,3,1,94741.95,29.95,2010,21,23.77,23.96
129577,Active,1456200,NA,NA,S,1,0,21015.45,34.99,2015,17,25.11,24.9
129578,Active,632175,NA,NA,S,1,0,572418.7838,50,2012,23,22.14,41.92
129579,Active,621407,NA,NA,S,1,0,145361.3,38.95,2007,28,14.43,23.34
129580,Active,1701554,NA,NA,S,2,1,21819.375,30.95,2013,12,20.44,20.48
129581,Active,182598,NA,NA,S,7,1,390948.3988,11.94,2001,91,4,13.79
129582,Active,690081,NA,NA,S,1,0,124115.325,24.95,2013,21,19.66,19.67
129583,Active,525891,NA,NA,S,7,1,496163.9738,147.95,2010,21,7.17,151.96
129584,Active,540721,NA,NA,S,7,1,31567.50875,155.6,2013,72,37.67,53.99
129585,Active,3694629,NA,NA,S,5,1,14191,196.75,2016,25,48.9,133.91
129586,Active,669484,NA,NA,S,1,0,137267.35,66.95,2012,20,15.29,51.59
129587,Active,2282481,NA,NA,S,6,1,795215.0213,74.32,2010,27,16.64,70.67
129588,Active,563702,NA,NA,S,8,1,25448.175,28.5,2010,17,21.43,23.99
129589,Active,872831,NA,NA,S,9,1,204975.5113,59.95,2015,16,34.14,47.64
129590,Active,525876,NA,NA,S,10,1,848333.2138,56.95,2010,28,4.28,48.99
129591,Active,540779,NA,NA,S,5,1,323070.09,70,2013,36,19.98,41.89
129592,Active,142014,NA,NA,S,6,1,50533.425,23,2009,20,16.85,18.01
129593,Active,765828,NA,NA,S,2,1,5125230.06,27.95,2004,15,4,14.94
129594,Active,663618,NA,NA,S,17,1,682465.6388,56.6,2013,22,4.99,31.48
129595,Active,116975,NA,NA,S,5,1,742480.4488,47,2006,16,4,4
129596,Active,3743883,NA,NA,S,3,1,488598,36.99,2016,12,31.39,28.98
129597,Active,545704,NA,NA,S,6,1,92398.15,37.99,2012,28,21.83,25.99
129598,Active,525861,NA,NA,S,4,1,246648.8075,67.95,2010,36,4.84,21.48
129599,Active,435029,NA,NA,S,9,1,83757.485,81.2,2011,38,25.27,55.99
129600,Active,1519372,NA,NA,S,1,0,134665.3,36.95,2015,11,8.89,28.98
129601,Active,642731,NA,NA,S,2,1,483636.6575,73.2,2013,29,12.34,59.99
129602,Active,3504336,NA,NA,S,4,1,224144.225,38.95,2015,8,32.24,33.43
129603,Active,1864356,NA,NA,S,1,0,182722.225,42.95,2011,13,25.78,40.48
129604,Active,867510,NA,NA,S,9,1,327999.7438,118.95,2014,33,11.39,88.98
129605,Active,545703,NA,NA,S,2,1,46669.5,32.99,2012,22,24.14,26.93
129606,Active,560984,NA,NA,S,1,0,674236.2238,46.67,2007,25,4.24,84.03
129607,Active,1884947,NA,NA,S,0,0,102192.975,60.5,2013,16,36.81,38.55
129608,Active,637015,NA,NA,S,2,1,248526.4363,49,2010,19,45.59,0
129609,Active,595598,NA,NA,S,3,1,275082.5625,47.5,2012,61,6.21,39.94
129610,Active,551654,NA,NA,S,5,1,376365.1225,49,2000,44,4,7.99
129611,Active,535663,NA,NA,S,7,1,543124.5825,53.95,2012,61,4.76,55.57
129612,Active,866370,NA,NA,S,5,1,899548.0788,63.19,2008,26,5.75,48.99
129613,Active,435209,NA,NA,S,6,1,529905.8713,33.95,2010,166,4,8.88
129614,Active,543004,NA,NA,S,2,1,136159.675,35.99,2012,17,17.04,18.49
129615,Active,1519222,NA,NA,S,9,1,25098.24875,36.95,2015,29,24.9,25.24
129616,Active,2925760,NA,NA,S,4,1,864398.665,89.95,2015,25,18.19,58.39
129617,Active,525826,NA,NA,S,15,1,772168.0275,67.95,2009,23,7.1,77.17
129618,Active,608542,NA,NA,S,7,1,736263.9175,136.95,2004,39,4,11.99
129619,Active,567675,NA,NA,S,7,1,331576.3463,100.95,2008,23,9.91,52.91
129620,Active,625105,NA,NA,S,7,1,649414.93,102.95,2011,42,15.58,78.93
129621,Active,3504611,NA,NA,S,15,1,37223.225,38.95,2015,15,27.79,32.99
129622,Active,603085,NA,NA,S,0,0,713273.8588,14.95,2006,5,503.99,0
129623,Active,924215,NA,NA,S,3,1,240817.55,48.95,2015,19,25.09,38.03
129624,Active,542037,NA,NA,S,8,1,738579.1575,109.95,2009,48,3.88,24.98
129625,Active,545732,NA,NA,S,10,1,92503.32,37.99,2013,32,20.17,23.96
129626,Active,668606,NA,NA,S,3,1,143025.175,33.99,2011,16,10.06,9.95
129627,Active,165760,NA,NA,S,8,1,303039.1888,44.95,2003,29,8.02,36.74
129628,Active,669219,NA,NA,S,0,0,595122.3813,129.31,2009,16,5.93,0
129629,Active,265282,NA,NA,S,1,0,558494.4725,81,2002,82,4,10.99
129630,Active,190453,NA,NA,S,11,1,256339.725,170.25,2004,31,38.77,119.73
129631,Active,197616,NA,NA,S,1,0,342255.2225,65,2004,37,21.07,102.67
129632,Active,1625615,NA,NA,S,1,0,141207.5,39.95,2015,16,34.76,28.67
129633,Active,1647242,NA,NA,S,1,0,119433.25,22.95,2009,49,17.1,18.74
129634,Active,1598432,NA,NA,S,0,0,11899.25,26,2014,39,7.37,9.18
129635,Active,546844,NA,NA,S,2,1,26480.095,19.95,2012,44,7.14,12.9
129636,Active,1705473,NA,NA,S,0,0,57578.3,26,2015,24,12.87,13.97
129637,Active,679929,NA,NA,S,0,0,77995.075,22.5,2009,46,5.08,19.52
129638,Active,635675,NA,NA,S,0,0,35467.175,30,2012,42,11.48,19.25
129639,Active,2082613,NA,NA,S,0,0,45838.65,75,2013,17,43.94,44.14
129640,Active,1929324,NA,NA,S,0,0,143495.625,24.99,2013,17,4.28,4.28
129641,Active,3578265,NA,NA,S,0,0,1275.325,32.5,2015,20,23.74,19.09
129642,Active,573175,NA,NA,S,0,0,24046.8,23,2012,22,16.18,14.72
129643,Active,2010253,NA,NA,S,1,0,77417.2,29.95,2007,26,14.54,20.26
129644,Active,2100111,NA,NA,S,1,0,32216.225,29.95,2012,9,29.95,24.94
129645,Active,1575972,NA,NA,S,1,0,147978.25,34.95,2007,17,23.44,24.93
129646,Active,811503,NA,NA,S,0,0,92653.525,0,2010,7,21.87,17.92
129647,Active,1753337,NA,NA,S,0,0,76090.3,34.95,2012,10,20.72,21.37
129648,Active,643699,NA,NA,S,5,1,669830.715,274.99,2011,32,12.92,75.28
129649,Active,667541,NA,NA,S,0,0,43133.775,49.95,2008,14,31.98,27.14
129650,Active,525748,NA,NA,S,5,1,26068.27,144.2,2012,33,49.38,83.97
129651,Active,261342,NA,NA,S,1,0,899653.8438,55,2001,32,4,17.42
129652,Active,627127,NA,NA,S,1,0,545617.3875,75,2003,22,3.85,41.7
129653,Active,3622776,NA,NA,S,7,1,138241.575,24.95,2008,60,4.48,14.75
129654,Active,189531,NA,NA,S,0,0,508364.5175,57.5,2001,19,17.95,75.65
129655,Active,1627963,NA,NA,S,0,0,91777.05,27.95,2015,13,21.56,22.24
129656,Active,1526959,NA,NA,S,1,0,123641,40,2012,43,7.97,10.98
129657,Active,2790650,NA,NA,S,0,0,601492.7125,22,1988,42,11.87,117.83
129658,Active,793313,NA,NA,S,1,0,742265.445,63.95,2001,42,4,23.98
129659,Active,1638563,NA,NA,S,3,1,60480.425,0,2015,29,13.29,83.91
129660,Active,1730973,NA,NA,S,1,0,187543.025,41.95,2013,9,25.65,37.75
129661,Active,2266502,NA,NA,S,7,1,789962.125,53.31,1900,37,24.69,46.46
129662,Active,2168776,NA,NA,S,0,0,13014.05,26.95,2013,16,19.29,24.26
129663,Active,2168777,NA,NA,S,0,0,20317.325,26.95,2013,15,19.49,24.94
129664,Active,3829641,NA,NA,S,0,0,17212.5,21.95,2013,16,12.2,20.57
129665,Active,3829642,NA,NA,S,2,1,16622.35,26.95,2014,18,22.46,23.94
129666,Active,633171,NA,NA,S,1,0,68999.75,39.95,2011,32,11.27,11.49
129667,Active,892940,NA,NA,S,0,0,167243.1,21.95,2015,19,8.04,13.91
129668,Active,845747,NA,NA,S,1,0,141310.445,48.06,1991,23,5.09,77.05
129669,Active,828694,NA,NA,S,0,0,286643.8013,45.04,1974,54,4,34.34
129670,Active,3462969,NA,NA,S,6,1,385475.8288,102.25,2015,22,26.74,61.16
129671,Active,3719028,NA,NA,S,6,1,64811.6,106.25,2015,99,44.99,53.99
129672,Active,639818,NA,NA,S,1,0,21712.225,39.95,2012,15,27.09,27.1
129673,Active,247170,NA,NA,S,3,1,682034.8638,57.99,2010,15,12.45,41.98
129674,Active,635841,NA,NA,S,0,0,89036.075,49.95,2011,21,36.87,39.87
129675,Active,3471380,NA,NA,S,1,0,277238.575,49.95,2015,11,43.81,37.73
129676,Active,1733334,NA,NA,S,0,0,26989.25,29.95,2010,26,19.16,20.18
129677,Active,686632,NA,NA,S,0,0,5724.45,24.95,2013,21,13.88,15.23
129678,Active,2286924,NA,NA,S,4,1,44897,0,2014,0,0,4.49
129679,Active,1947379,NA,NA,S,0,0,426191.295,41.99,2015,28,11.99,12.49
129680,Active,2073448,NA,NA,S,2,1,625443.2725,118.46,2011,33,4,103.98
129681,Active,3805049,NA,NA,S,3,1,163430.625,0,2015,39,24.95,141.86
129682,Active,1690808,NA,NA,S,0,0,82502.475,21,2011,16,13.94,18
129683,Active,3753918,NA,NA,S,0,0,103711.725,24.95,2013,13,21.65,21.66
129684,Active,772217,NA,NA,S,1,0,32231.325,21.99,2010,47,8.36,8.37
129685,Active,676075,NA,NA,S,0,0,113846.3,24.99,2011,36,4.73,6.29
129686,Active,1680203,NA,NA,S,0,0,32318.65,40,2014,22,23.07,23.21
129687,Active,3517998,NA,NA,S,1,0,117079.025,44.95,2014,20,34.93,35
129688,Active,2046484,NA,NA,S,0,0,90407.32875,17.99,2014,19,12.24,13.84
129689,Active,1631710,NA,NA,S,0,0,70504.875,26.99,2014,35,4.59,4.97
129690,Active,660557,NA,NA,S,0,0,489229.895,42.5,1997,44,5.56,29.99
129691,Active,1983300,NA,NA,S,0,0,35181.60625,14.99,2015,39,4,5.84
129692,Active,1873217,NA,NA,S,1,0,154565.85,35,2011,36,6.76,20.17
129693,Active,715524,NA,NA,S,2,1,236178.575,26.65,2012,17,17.64,20.22
129694,Active,715669,NA,NA,S,2,1,625565.7,37.32,2012,11,19.99,9.28
129695,Active,129466,NA,NA,S,0,0,146108.125,19.95,2011,26,4.97,16.97
129696,Active,1938650,NA,NA,S,0,0,46795.45,24.95,2014,49,9.26,11.25
129697,Active,680834,NA,NA,S,0,0,20032.7,22.95,2012,13,14.36,17.38
129698,Active,1704232,NA,NA,S,0,0,51361.875,24.95,2008,58,4,10.06
129699,Active,1532223,NA,NA,S,1,0,22892.3,32.5,2014,31,17.12,19.43
129700,Active,683048,NA,NA,S,0,0,52589.325,22.5,2013,44,9.18,15
129701,Active,1531980,NA,NA,S,0,0,20404.275,22.95,2015,8,17.83,15.3
129702,Active,171467,NA,NA,S,1,0,486965.7025,47.95,2005,40,4,51.23
129703,Active,3510323,NA,NA,S,8,1,70352.45,39.95,2007,26,7.25,18.4
129704,Active,1531977,NA,NA,S,0,0,28600.525,24.95,2015,10,14.92,17.46
129705,Active,1531976,NA,NA,S,0,0,22990.3,29.95,2014,19,13.79,13.8
129706,Active,1780478,NA,NA,S,1,0,108719.8,25,2014,16,11.29,16.85
129707,Active,673043,NA,NA,S,0,0,8724.7975,19.95,2013,32,9.98,0
129708,Active,881469,NA,NA,S,0,0,108490.975,35,2012,15,23.58,21.16
129709,Active,1739792,NA,NA,S,0,0,31744.025,20.95,2015,15,18.53,15.83
129710,Active,1632366,NA,NA,S,0,0,67092.575,37.5,2011,17,28.61,30.62
129711,Active,1655968,NA,NA,S,0,0,91978.8,24.99,2012,24,10.85,16.05
129712,Active,641364,NA,NA,S,1,0,139124.975,34.95,2007,24,23.95,23.73
129713,Active,2043322,NA,NA,S,0,0,8917.5,22.99,2014,9,16.45,15.15
129714,Active,1958226,NA,NA,S,0,0,17751.425,24.99,2015,14,12.98,17.28
129715,Active,1697160,NA,NA,S,0,0,71372.275,24.99,2014,45,8,12.19
129716,Active,2153170,NA,NA,S,0,0,89115.425,34.95,2015,14,29.15,21.83
129717,Active,796697,NA,NA,S,1,0,159476.35,24.99,2011,21,12.48,13.62
129718,Active,1748553,NA,NA,S,0,0,52661.325,72.99,2009,6,36.99,27.99
129719,Active,684214,NA,NA,S,1,0,14463.675,24.95,2012,44,12.43,13.97
129720,Active,3725988,NA,NA,S,0,0,65523.475,75,2016,5,50.65,48.3
129721,Active,1477052,NA,NA,S,1,0,13350.4,29.95,2014,15,19.79,19.8
129722,Active,2153883,NA,NA,S,0,0,45162.05,27.95,2009,19,19.95,21.36
129723,Active,1433869,NA,NA,S,1,0,47969.05,26.99,2015,17,16.24,17.03
129724,Active,3725932,NA,NA,S,0,0,38001.025,39.99,2013,31,18.76,25.01
129725,Active,3615572,NA,NA,S,1,0,520094.75,49.95,1997,57,13.99,38.98
129726,Active,1832851,NA,NA,S,1,0,47127.425,22.99,2012,33,13.97,17.4
129727,Active,1833110,NA,NA,S,0,0,35786.05,22.99,2015,18,16.18,15.84
129728,Active,796521,NA,NA,S,0,0,374961.6775,24.99,2009,25,46.27,103.99
129729,Active,3725949,NA,NA,S,52,1,40945.025,24.99,2015,20,15.54,15.55
129730,Active,3802434,NA,NA,S,0,0,134749.3,49.99,2013,20,7.93,9.98
129731,Active,1957886,NA,NA,S,0,0,32802.25,24.99,2013,26,10.99,15.61
129732,Active,2110071,NA,NA,S,0,0,33935.25,22.95,2015,21,13.76,13.78
129733,Active,117818,NA,NA,S,1,0,79688.6,103.95,2008,41,24.48,79.89
129734,Active,746701,NA,NA,S,1,0,71931.6,24.95,2010,44,5.54,8.64
129735,Active,2041794,NA,NA,S,0,0,56835.7,27.95,2015,19,12.5,9.98
129736,Active,701878,NA,NA,S,1,0,117251.25,26,2010,27,9.97,11.38
129737,Active,1684446,NA,NA,S,0,0,109650.175,34.99,2015,13,16.13,21.85
129738,Active,639770,NA,NA,S,5,1,51245.77125,97.33,2012,47,18.46,68.58
129739,Active,2005917,NA,NA,S,3,1,586758.1375,52.95,2007,19,6.99,170.08
129740,Active,868410,NA,NA,S,1,0,409356.0875,99.95,2001,32,4.99,42.69
129741,Active,617386,NA,NA,S,11,1,121625.9825,70.4,2008,32,19.53,46.09
129742,Active,1438431,NA,NA,S,7,1,917436.9813,23.75,2008,53,4,8.99
129743,Active,2155596,NA,NA,S,0,0,51565.4,59.95,2008,21,35,42.26
129744,Active,533834,NA,NA,S,5,1,19170.57375,263.6,2012,103,47.88,98.99
129745,Active,2593251,NA,NA,S,0,0,276027.2613,31.99,1979,50,5.72,19.74
129746,Active,1520291,NA,NA,S,0,0,194295.025,23.75,2015,9,17.84,23.5
129747,Active,639903,NA,NA,S,1,0,82084.075,47,2011,20,18.53,31.92
129748,Active,1619917,NA,NA,S,0,0,166330.8,29.95,2013,21,20.43,19.54
129749,Active,752289,NA,NA,S,2,1,612747.6825,105,2009,24,5.74,69.88
129750,Active,2104788,NA,NA,S,0,0,69553.175,22.95,2014,27,6.76,6.43
129751,Active,1724356,NA,NA,S,0,0,64139.325,50,2010,25,27.98,31.98
129752,Active,1496859,NA,NA,S,1,0,75066.525,24,2013,29,6.52,8.48
129753,Active,610467,NA,NA,S,6,1,49366.05625,197.95,2013,66,47.48,134.1
129754,Active,2093595,NA,NA,S,0,0,48867.425,40,2013,18,11.56,23.3
129755,Active,1490680,NA,NA,S,0,0,26289.8,29.95,2014,12,22.92,23.2
129756,Active,1565753,NA,NA,S,1,0,54865.325,35,2013,45,8.94,11.52
129757,Active,1630688,NA,NA,S,0,0,238792.575,29.95,2011,11,21.41,24.82
129758,Active,1668999,NA,NA,S,2,1,93724.975,24.95,2013,10,18.8,18.8
129759,Active,625340,NA,NA,S,0,0,105768.7,44.95,2008,25,5.38,34.47
129760,Active,264312,NA,NA,S,1,0,78652.025,49.99,2006,22,18.31,42.7
129761,Active,1696663,NA,NA,S,1,0,36053.75,27.95,2014,11,25.94,20.98
129762,Active,1737953,NA,NA,S,3,1,355178.15,118.75,2013,24,19.81,949.83
129763,Active,2257215,NA,NA,S,5,1,710142.15,58.78,2009,32,10.96,48.02
129764,Active,2089163,NA,NA,S,0,0,97433.95,29.95,2011,12,23.55,28.99
129765,Active,1430947,NA,NA,S,0,0,6178.475,24.99,2008,35,11.89,14.17
129766,Active,1499026,NA,NA,S,0,0,94132.375,36.99,2010,14,24.94,25.06
129767,Active,1561429,NA,NA,S,0,0,99913.45,48,2014,13,25.94,31.34
129768,Active,481124,NA,NA,S,0,0,230277.675,20.95,2009,29,15.61,16.97
129769,Active,1957104,NA,NA,S,2,1,866086.6125,122.8,2013,34,17.87,194.14
129770,Active,862332,NA,NA,S,4,1,8860.64375,179.65,2014,71,33.61,100.88
129771,Active,271062,NA,NA,S,5,1,495938.6075,35,2010,70,4,8.99
129772,Active,2298513,NA,NA,S,2,1,30651.7,0,2015,0,0,7.49
129773,Active,1486586,NA,NA,S,0,0,99027.475,25,2012,22,5.24,11.97
129774,Active,2281311,NA,NA,S,3,1,14035.425,0,2014,0,0,5.48
129775,Active,1924446,NA,NA,S,0,0,112945.075,42,2014,6,29.94,35.05
129776,Active,906528,NA,NA,S,6,1,20562.73875,16.99,2013,28,11.63,11.45
129777,Active,746921,NA,NA,S,1,0,172098.875,26.95,2012,41,5.98,12.42
129778,Active,3624744,NA,NA,S,3,1,33909.75,19.99,2015,13,17.19,17.99
129779,Active,2143101,NA,NA,S,3,1,179525.2075,14.95,2012,22,7.76,10.37
129780,Active,2098313,NA,NA,S,0,0,105868.225,25,2014,39,4,4.57
129781,Active,1480315,NA,NA,S,1,0,62680.675,37.95,2013,19,24.81,32.27
129782,Active,1946478,NA,NA,S,1,0,107384.9,32,2014,32,12.59,25.2
129783,Active,622599,NA,NA,S,0,0,109851.325,84,2012,33,23.99,58.99
129784,Active,870191,NA,NA,S,0,0,860599.39,54.99,2010,31,15.22,33.97
129785,Active,665618,NA,NA,S,1,0,82457.77125,49.95,2009,69,10.6,27.02
129786,Active,1727507,NA,NA,S,0,0,170668.85,34.95,2015,10,23.85,23.86
129787,Active,657999,NA,NA,S,0,0,24159.725,34.95,2013,16,20.99,23.09
129788,Active,553818,NA,NA,S,1,0,304648.94,79.6,2011,37,12.83,97.84
129789,Active,1575441,NA,NA,S,1,0,112579.45,29.95,2013,13,20.74,19.99
129790,Active,1437200,NA,NA,S,1,0,72133.375,115,2014,28,21.6,24.16
129791,Active,635978,NA,NA,S,1,0,380081.5713,66,2013,19,21.64,45
129792,Active,126711,NA,NA,S,0,0,46590.825,36.95,2008,39,15.3,21.99
129793,Active,672268,NA,NA,S,0,0,3440.775,20.99,2008,19,12.97,16.32
129794,Active,1568178,NA,NA,S,12,1,443492.2038,16.99,2009,29,4,41.75
129795,Active,651975,NA,NA,S,0,0,27317.425,49.95,2007,18,29.71,29.71
129796,Active,2108434,NA,NA,S,4,1,569558.62,8.99,2008,37,3.98,37.67
129797,Active,3463679,NA,NA,S,0,0,145737,0,2015,10,11.35,10.21
129798,Active,3484034,NA,NA,S,1,0,190312.65,95,2016,12,22.35,22.39
129799,Active,905253,NA,NA,S,0,0,165452.85,26,2013,14,17.2,16.5
129800,Active,681207,NA,NA,S,0,0,85914.55,26,2013,21,5.53,5.95
129801,Active,2529220,NA,NA,S,1,0,723235.5663,58,1994,18,18.92,73.91
129802,Active,2104696,NA,NA,S,0,0,28518.85,24.95,2013,11,21.91,18.46
129803,Active,1873135,NA,NA,S,0,0,181818.775,39.95,2007,42,6.55,22.65
129804,Active,1938496,NA,NA,S,0,0,186203.325,35,2014,33,7.45,16.67
129805,Active,679617,NA,NA,S,0,0,138284.675,25,2008,22,20.13,21.13
129806,Active,1697017,NA,NA,S,0,0,53408.025,25,2014,19,9.96,16.79
129807,Active,2079619,NA,NA,S,0,0,30317.375,24.99,2012,23,13.34,16.9
129808,Active,797107,NA,NA,S,1,0,60189.175,27.99,2012,60,4.98,7.78
129809,Active,1638713,NA,NA,S,0,0,60874.05,23.99,2014,19,10.98,16.99
129810,Active,3783409,NA,NA,S,0,0,40333.275,24.95,2008,41,11.75,17.13
129811,Active,2024078,NA,NA,S,0,0,32203.175,25,2015,19,10.04,10.04
129812,Active,1669117,NA,NA,S,0,0,112581.475,29.95,2013,20,14.62,20.98
129813,Active,1701980,NA,NA,S,0,0,211634.475,35,2011,23,10.99,33.23
129814,Active,3725976,NA,NA,S,0,0,54657.15,29.99,2015,14,19.18,19.18
129815,Active,2112353,NA,NA,S,0,0,53062.35,22.95,2013,13,16.53,12.99
129816,Active,3960032,NA,NA,S,0,0,10073.725,28.99,2015,18,14.98,14.98
129817,Active,3795044,NA,NA,S,0,0,115414.2,24.99,2015,26,11.62,14.99
129818,Active,1938439,NA,NA,S,0,0,93915.1,29.95,2012,38,7.52,9.95
129819,Active,1781230,NA,NA,S,1,0,139819.8,29.99,2015,13,15.95,19.68
129820,Active,2449935,NA,NA,S,0,0,649003.6775,14.95,1992,32,4.47,155.28
129821,Active,2043310,NA,NA,S,0,0,56080.95,22.99,2014,17,15.74,15.52
129822,Active,2167528,NA,NA,S,0,0,22162.875,21.95,2014,20,15.82,16.14
129823,Active,2167514,NA,NA,S,0,0,31427.55,29.95,2013,12,24.39,23.85
129824,Active,2159753,NA,NA,S,2,1,50635.3,29.95,2011,34,16.79,21.2
129825,Active,574885,NA,NA,S,1,0,55114.75,23.95,2009,48,5.93,15.61
129826,Active,1681545,NA,NA,S,0,0,405797.5863,7.99,2010,57,3.98,60.37
129827,Active,1488876,NA,NA,S,1,0,245250.475,24.95,2007,25,4.86,15.05
129828,Active,3553512,NA,NA,S,1,0,133772.35,26.95,2008,24,13.91,17.67
129829,Active,3138507,NA,NA,S,2,1,510142.66,49.95,2003,29,4.68,48.71
129830,Active,750946,NA,NA,S,1,0,84051.725,24.99,2008,23,15.19,16.34
129831,Active,1669959,NA,NA,S,1,0,176672.975,21.99,2010,23,6.47,7.98
129832,Active,702386,NA,NA,S,2,1,511463.4225,125,2014,31,19.34,48.13
129833,Active,686746,NA,NA,S,0,0,45658.05,24.99,2011,33,7.96,10.79
129834,Active,1989665,NA,NA,S,1,0,91817.075,29.99,2015,23,8.77,20.41
129835,Active,1508497,NA,NA,S,0,0,71125.825,29.99,2012,16,14.95,19.64
129836,Active,3519358,NA,NA,S,0,0,9341.425,62,2015,14,41.53,40.58
129837,Active,1706873,NA,NA,S,0,0,99641.35,29.95,2014,16,21.18,21.98
129838,Active,1610044,NA,NA,S,0,0,765593.9113,74.73,2011,26,4,50.3
129839,Active,3818636,NA,NA,S,0,0,530248.4,40,2011,34,41.67,83.99
129840,Active,2783508,NA,NA,S,1,0,478135.7625,61,2003,20,13.12,31.43
129841,Active,2084716,NA,NA,S,2,1,95431.2,22.95,2011,32,11.23,16.05
129842,Active,1587474,NA,NA,S,0,0,781071.2738,44.99,2006,32,9.97,35.96
129843,Active,173541,NA,NA,S,0,0,663125.17,64.99,1997,31,7.7,23.27
129844,Active,3729707,NA,NA,S,2,1,60262.55,0,2016,4,59.94,59.97
129845,Active,573727,NA,NA,S,0,0,548624.9963,49.95,1998,69,4.66,24.97
129846,Active,106829,NA,NA,S,1,0,243527.025,93,2011,40,6.48,10.84
129847,Active,3817759,NA,NA,S,2,1,280364.325,41.95,2011,21,29.71,33.14
129848,Active,2113389,NA,NA,S,0,0,202100.05,39.99,2014,6,33.54,27.56
129849,Active,612795,NA,NA,S,0,0,29679.325,49.99,2013,17,32.96,33.98
129850,Active,873554,NA,NA,S,6,1,22805.405,212.5,2014,42,52.18,76.13
129851,Active,873056,NA,NA,S,5,1,37733.1025,228,2015,46,52.32,66.64
129852,Active,544824,NA,NA,S,10,1,164741.5163,291.95,2013,55,11.5,74.76
129853,Active,200612,NA,NA,S,1,0,106013.175,55.95,2010,21,32.8,32.98
129854,Active,638310,NA,NA,S,0,0,596044.9275,41.95,1992,57,6.82,32.48
129855,Active,541716,NA,NA,S,1,0,40345.525,44.5,2010,20,29.06,29.34
129856,Active,541966,NA,NA,S,1,0,385612.3575,70.95,1999,42,8.97,53.01
129857,Active,2496262,NA,NA,S,1,0,331396.6975,13.95,1998,73,4,7.98
129858,Active,189167,NA,NA,S,0,0,649197.8938,50,1997,111,4,11.45
129859,Active,643919,NA,NA,S,0,0,28048.675,35,2013,17,21.93,22.29
129860,Active,790192,NA,NA,S,18,1,345404.9963,34.95,1997,94,4,6.99
129861,Active,1723717,NA,NA,S,3,1,191697.525,0,2011,15,5.98,21
129862,Active,290989,NA,NA,S,3,1,70575.24875,182.95,2011,55,17.55,73.07
129863,Active,681195,NA,NA,S,0,0,496418.435,26,1931,31,10.99,22.59
129864,Active,2079690,NA,NA,S,0,0,18855.825,22,2014,17,12.94,15.01
129865,Active,3541758,NA,NA,S,0,0,4200.625,32.5,2015,16,22.69,18.34
129866,Active,2086217,NA,NA,S,0,0,27105.725,25,2015,15,18.08,20.02
129867,Active,747682,NA,NA,S,0,0,111599.275,24.95,2009,14,18.28,18.28
129868,Active,1698112,NA,NA,S,0,0,121075.9,24.95,2010,17,15.25,17.89
129869,Active,2046878,NA,NA,S,0,0,37678.4,24.95,2010,52,13.24,13.29
129870,Active,2046887,NA,NA,S,3,1,213428.025,26.95,2015,15,17.84,18.64
129871,Active,538331,NA,NA,S,1,0,68241.45,35,2012,20,14.9,19.52
129872,Active,691151,NA,NA,S,1,0,186972.5,22.95,2014,29,13.98,17.82
129873,Active,3812949,NA,NA,S,2,1,56316.35,26.99,2014,23,16.6,19.21
129874,Active,2243591,NA,NA,S,2,1,730053.4613,34.95,2011,17,23.83,24.4
129875,Active,2283060,NA,NA,S,2,1,41064.9,0,2014,0,0,14.48
129876,Active,1742190,NA,NA,S,2,1,37453.425,0,2014,5,18.96,32
129877,Active,1693983,NA,NA,S,1,0,147932.1,20.95,2007,29,5.96,15.31
129878,Active,2167028,NA,NA,S,0,0,51964.8,23.95,2013,20,17.19,17.58
129879,Active,2083943,NA,NA,S,0,0,96555.4,23.99,2013,11,19.61,19.92
129880,Active,2019398,NA,NA,S,0,0,37578.925,24.95,2010,37,16.42,16.89
129881,Active,2044567,NA,NA,S,0,0,30061.625,34.95,2009,48,8.85,18.99
129882,Active,2093561,NA,NA,S,0,0,165860.125,22.95,2011,24,11.2,17.49
129883,Active,2022804,NA,NA,S,0,0,152097,24.95,2007,27,11.97,17.16
129884,Active,116417,NA,NA,S,4,1,410458.3063,162.8,2003,77,5.25,52.13
129885,Active,1752157,NA,NA,S,0,0,97254.65,24.54,2011,33,6.84,31.95
129886,Active,1638629,NA,NA,S,8,1,269514.2588,19.95,2009,105,4,8.94
129887,Active,536085,NA,NA,S,0,0,271018.72,14.95,2013,21,9.91,0
129888,Active,1477288,NA,NA,S,0,0,499472.7638,34.95,2013,12,23.99,26.63
129889,Active,2077584,NA,NA,S,0,0,246590.9,29.99,2011,21,16.74,43.98
129890,Active,309804,NA,NA,S,1,0,391921.705,70.25,2010,28,7.99,30.29
129891,Active,1830067,NA,NA,S,11,1,183770.525,0,2013,8,36.8,48.98
129892,Active,538862,NA,NA,S,6,1,517681.1363,16.52,2012,51,5.61,32.94
129893,Active,867432,NA,NA,S,18,1,104138.9613,70.25,2014,44,12.92,38.33
129894,Active,1478648,NA,NA,S,1,0,160382.05,23.95,2012,18,8.36,13.99
129895,Active,652801,NA,NA,S,0,0,68103.4,38.95,2010,17,9.35,11.98
129896,Active,1780672,NA,NA,S,1,0,147519.275,29.95,2014,16,15.38,18.49
129897,Active,680051,NA,NA,S,1,0,94431.275,28,2013,45,4.98,10.49
129898,Active,688344,NA,NA,S,1,0,94532.775,21,2009,27,16.47,26.26
129899,Active,1870626,NA,NA,S,1,0,140111.45,40,2008,36,4.52,11.18
129900,Active,1494106,NA,NA,S,1,0,221884.425,35,2013,32,12.75,19.98
129901,Active,3806130,NA,NA,S,0,0,124429.125,34.99,2015,10,18.93,18.98
129902,Active,767571,NA,NA,S,1,0,21849.1,28,2008,34,17.63,19.95
129903,Active,182200,NA,NA,S,0,0,60192.62625,14.95,2002,293,4,6.8
129904,Active,3488937,NA,NA,S,0,0,128814.625,25,2008,32,19.79,19.79
129905,Active,1460524,NA,NA,S,0,0,96010.975,30,2015,19,15.28,14.99
129906,Active,1697157,NA,NA,S,0,0,106289.725,39.99,2014,20,15.74,21.2
129907,Active,1738482,NA,NA,S,0,0,38389.075,21.95,2011,23,11.69,17.55
129908,Active,591712,NA,NA,S,1,0,485375.09,48.95,2010,26,6.65,37.36
129909,Active,624818,NA,NA,S,0,0,649953.7263,60,1998,37,4,23.34
129910,Active,769826,NA,NA,S,2,1,897906.6338,47.95,2001,19,6.49,6.44
129911,Active,1569049,NA,NA,S,1,0,76970,21.95,2009,31,8.94,12.17
129912,Active,1814911,NA,NA,S,0,0,16932,25.99,2014,26,12.07,10.98
129913,Active,2231672,NA,NA,S,0,0,38667.825,21.99,2013,8,19,19.79
129914,Active,251040,NA,NA,S,0,0,58516.05,24.99,2010,15,18.99,18.41
129915,Active,2814557,NA,NA,S,0,0,438009.675,59,2000,27,11.96,49.73
129916,Active,668418,NA,NA,S,1,0,145495.45,39.95,2010,12,31.62,31.63
129917,Active,1480170,NA,NA,S,1,0,765923.0825,39.95,2015,14,28.18,33.05
129918,Active,597531,NA,NA,S,0,0,24278.825,26,2007,22,17.91,23.94
129919,Active,1627017,NA,NA,S,0,0,129701.65,29.95,2007,13,18.96,22
129920,Active,1688794,NA,NA,S,3,1,334107.9975,19.99,2014,19,7.66,14.37
129921,Active,539904,NA,NA,S,4,1,70511.4175,44.95,2012,52,24.6,38.95
129922,Active,1627471,NA,NA,S,1,0,113276.3,29.95,2014,10,18.96,18.97
129923,Active,629187,NA,NA,S,1,0,112714.8,49.95,2012,24,15.93,15.93
129924,Active,1733313,NA,NA,S,0,0,49669.55,29.95,2008,20,17.99,20.74
129925,Active,3068506,NA,NA,S,0,0,22920.925,49.99,2001,15,33.49,36.86
129926,Active,1690651,NA,NA,S,0,0,178843.325,59,2011,11,29.89,33.98
129927,Active,649813,NA,NA,S,1,0,201539.6,44,2012,18,37.98,37.97
129928,Active,1761270,NA,NA,S,2,1,55136.275,29.95,2013,21,23.7,52.85
129929,Active,1965123,NA,NA,S,0,0,98322.425,32.99,2012,7,30.46,32.99
129930,Active,1736342,NA,NA,S,0,0,6902.1,29.95,2011,31,15.74,16.12
129931,Active,140209,NA,NA,S,0,0,21806.05,22,2011,24,12.06,15.86
129932,Active,2328614,NA,NA,S,0,0,5017.43,14.99,1992,47,7.56,9.31
129933,Active,1494878,NA,NA,S,0,0,37203.45,30,2007,38,7.48,18.49
129934,Active,1444769,NA,NA,S,0,0,60584.35,36.95,2013,10,19,21.65
129935,Active,781646,NA,NA,S,0,0,155946.625,59.95,2007,12,36.46,42.36
129936,Active,615337,NA,NA,S,2,1,623842.8138,49.95,1999,49,4,4.48
129937,Active,798162,NA,NA,S,0,0,69205,27.95,2012,49,5.9,14.18
129938,Active,2144317,NA,NA,S,0,0,486211.3513,43.98,2008,24,7.73,31.33
129939,Active,1932631,NA,NA,S,1,0,106990.15,39.99,2010,40,8.43,14.85
129940,Active,2007620,NA,NA,S,1,0,54959.15,24.95,2007,24,10.61,18.19
129941,Active,1671378,NA,NA,S,4,1,205521.74,19.95,2008,33,12.38,15.48
129942,Active,1671427,NA,NA,S,4,1,773907.5038,20.95,2008,37,15.99,74.63
129943,Active,3711042,NA,NA,S,30,1,2198.25,19.95,2015,23,10.5,18.27
129944,Active,254510,NA,NA,S,13,1,548321.4088,26.95,2011,56,4,7.57
129945,Active,3711041,NA,NA,S,17,1,2190.925,29.95,2015,17,28.42,28.42
129946,Active,1933312,NA,NA,S,4,1,22545.83,19.95,2014,19,17.3,18.71
129947,Active,1759348,NA,NA,S,2,1,47977.67625,20.99,2012,11,14.74,18.49
129948,Active,3566369,NA,NA,S,1,0,100284.55,32,2013,41,7.22,7.97
129949,Active,1534747,NA,NA,S,1,0,86226.15,35,2015,29,13.53,23.33
129950,Active,1710211,NA,NA,S,0,0,43801.825,24.95,2014,18,14.28,18.79
129951,Active,1600480,NA,NA,S,0,0,94315.925,24.99,2014,11,21.28,18.94
129952,Active,2076203,NA,NA,S,0,0,137896.725,26.95,2014,12,25.88,21.4
129953,Active,2010415,NA,NA,S,0,0,394863.275,19.99,2008,23,4.78,16.78
129954,Active,1640161,NA,NA,S,0,0,17544.325,29.95,2013,10,22.11,22.11
129955,Active,3561107,NA,NA,S,0,0,55769.825,22.95,2011,19,19.79,17.35
129956,Active,3561110,NA,NA,S,0,0,43955.1,28.99,2013,16,19.82,20.85
129957,Active,3561111,NA,NA,S,0,0,105263.1,28.95,2011,12,25.21,22.87
129958,Active,3796628,NA,NA,S,0,0,207307.15,49.99,2012,12,28.34,32.49
129959,Active,3883004,NA,NA,S,2,1,129570.6,39.99,2014,14,10.55,24.33
129960,Active,1777880,NA,NA,S,1,0,88052.875,37.5,2012,23,15.29,23.58
129961,Active,3612238,NA,NA,S,0,0,129609.025,24.95,2009,36,4.76,26.8
129962,Active,917801,NA,NA,S,0,0,97931.3,22,2013,35,5.98,8.14
129963,Active,2107583,NA,NA,S,0,0,36365.65,24.99,2015,16,13.98,16.56
129964,Active,1937785,NA,NA,S,1,0,125724.15,26,2015,36,4.93,5.18
129965,Active,1613781,NA,NA,S,0,0,63009.35,24.95,2012,23,11.08,13.98
129966,Active,2164238,NA,NA,S,0,0,47477.575,27.95,2014,15,17.06,17.06
129967,Active,810548,NA,NA,S,1,0,26058.325,25,2010,69,6.24,15.9
129968,Active,897062,NA,NA,S,0,0,162115.575,27.95,2014,10,21.32,20.72
129969,Active,2060257,NA,NA,S,0,0,123425.025,24.95,2009,20,13.98,13.98
129970,Active,3581609,NA,NA,S,0,0,213640.325,55,2015,18,48.99,52.25
129971,Active,2612730,NA,NA,S,1,0,593130.3338,54.99,2000,45,13.41,25.97
129972,Active,867629,NA,NA,S,4,1,11950.55875,111.99,2014,71,49.98,53.9
129973,Active,769986,NA,NA,S,0,0,393639.405,60,2001,31,8.09,0
129974,Active,1938399,NA,NA,S,0,0,86214.775,22.95,2011,46,4.94,9.9
129975,Active,2265225,NA,NA,S,2,1,115909,67.75,2011,13,52.82,57.94
129976,Active,616069,NA,NA,S,1,0,314508.15,84.99,1995,45,11.79,41.98
129977,Active,525647,NA,NA,S,2,1,623389.275,30.95,2008,22,16.65,21.88
129978,Active,3809963,NA,NA,S,2,1,25394,24.95,2013,41,21.04,18.47
129979,Active,1636117,NA,NA,S,0,0,240542.7,24.99,2009,19,4.68,16.23
129980,Active,543908,NA,NA,S,1,0,32056,34.95,2012,44,14.28,16.97
129981,Active,689105,NA,NA,S,0,0,1839.775,24.95,2012,32,17.7,19.2
129982,Active,1861161,NA,NA,S,0,0,109181,26.95,2015,54,5.45,6.49
129983,Active,2051087,NA,NA,S,1,0,230146.125,29.95,2013,20,23.93,25.83
129984,Active,1749300,NA,NA,S,0,0,52303.325,90.59,2010,12,45.53,38.99
129985,Active,2045231,NA,NA,S,1,0,38054.275,29.95,2015,14,19.98,19.3
129986,Active,2350170,NA,NA,S,3,1,783650.735,18.95,2004,40,4.91,22.79
129987,Active,702239,NA,NA,S,4,1,525859.74,32,2011,15,10.43,0
129988,Active,702123,NA,NA,S,0,0,372350.7325,26,2011,20,47.99,0
129989,Active,2349931,NA,NA,S,1,0,499969.68,18.95,2003,30,10.94,61.97
129990,Active,700540,NA,NA,S,0,0,456097.2375,16.95,2003,24,6.4,0
129991,Active,1927401,NA,NA,S,2,1,218969.145,16.99,2012,11,11.15,10.99
129992,Active,2349934,NA,NA,S,2,1,297520.3038,15.95,2003,38,4,30.23
129993,Active,683633,NA,NA,S,1,0,102370.875,29.99,2012,30,13.72,15.98
129994,Active,1779721,NA,NA,S,1,0,81223.075,29.99,2013,24,5.2,8.42
129995,Active,1568693,NA,NA,S,1,0,89543,21.99,2009,27,6.69,8.01
129996,Active,680145,NA,NA,S,2,1,37506.65,24.99,2011,27,6.87,16.96
129997,Active,544091,NA,NA,S,1,0,70073.825,29.99,2013,21,10.72,10.72
129998,Active,163056,NA,NA,S,1,0,76383.9,29.99,2010,32,13.62,16.95
129999,Active,900386,NA,NA,S,3,1,46110.225,29.99,2014,14,20.03,13.97
130000,Active,1779947,NA,NA,S,2,1,772502.1375,29.99,2013,40,4,4.47
130001,Active,3634873,NA,NA,S,3,1,24365.15,24.99,2015,19,17.14,16.41
130002,Active,678887,NA,NA,S,1,0,16582.95,24.99,2007,68,9.04,13.98
130003,Active,676629,NA,NA,S,2,1,104473.9313,24.99,2010,88,4,12.45
130004,Active,679800,NA,NA,S,1,0,133521.525,29.99,2008,19,8.41,19.68
130005,Active,1780378,NA,NA,S,2,1,72903.425,29.99,2013,17,16.38,13.98
130006,Active,685316,NA,NA,S,1,0,64906.25,29.99,2013,34,13.91,17.6
130007,Active,687921,NA,NA,S,1,0,150940.525,29.99,2013,16,8.95,8.96
130008,Active,1781056,NA,NA,S,1,0,98637.475,29.99,2014,20,13.43,13.34
130009,Active,889167,NA,NA,S,2,1,55128.6,29.99,2015,16,18.98,12.97
130010,Active,681288,NA,NA,S,1,0,87960.7525,29.99,2010,81,4,10.28
130011,Active,2919464,NA,NA,S,3,1,41868.82625,29.99,2015,19,19.6,19.37
130012,Active,865014,NA,NA,S,2,1,608728.7538,29.99,2012,67,4,5.98
130013,Active,691174,NA,NA,S,0,0,68825.75,28.95,2013,18,20.07,21.35
130014,Active,673989,NA,NA,S,1,0,293327.685,26,2005,639,4,4
130015,Active,641406,NA,NA,S,9,1,292884.15,19.95,2010,11,19.09,19.15
130016,Active,269246,NA,NA,S,1,0,684540.7388,34.95,2008,56,4,40.25
130017,Active,612578,NA,NA,S,0,0,550626.6563,112.12,1995,25,20.98,153.89
130018,Active,1438654,NA,NA,S,0,0,240762.725,42.39,2007,41,4.77,23.8
130019,Active,688564,NA,NA,S,1,0,93046.825,30,2012,15,28.98,27.79
130020,Active,658145,NA,NA,S,1,0,116050.2,40.8,2012,17,23.46,28.99
130021,Active,3794057,NA,NA,S,0,0,136751.525,49.95,2007,25,29.92,28.6
130022,Active,178093,NA,NA,S,1,0,740468.2438,60.95,2005,33,4.13,49.23
130023,Active,650370,NA,NA,S,1,0,91985.9,39.95,2011,21,35.24,38.25
130024,Active,119020,NA,NA,S,5,1,81480.18875,80.2,2011,46,24.28,68.99
130025,Active,1701665,NA,NA,S,4,1,105024.4,31.95,2015,13,33.9,31.94
130026,Active,255800,NA,NA,S,1,0,58041.85,54.95,2011,30,31.44,42.61
130027,Active,3634326,NA,NA,S,1,0,55815.9,45,2016,11,39.08,35.28
130028,Active,1701661,NA,NA,S,0,0,126111.5,31.95,2014,13,29.24,31.95
130029,Active,642296,NA,NA,S,0,0,19857,34.38,2011,23,21.31,22.45
130030,Active,2539275,NA,NA,S,0,0,623682.8763,57.95,2002,22,4.97,43.74
130031,Active,1556324,NA,NA,S,1,0,513269.3413,45.95,2012,49,29.84,35.74
130032,Active,3634717,NA,NA,S,4,1,67726,46,2016,11,34,39.27
130033,Active,878539,NA,NA,S,4,1,18792.83875,75.53,2015,23,54.13,56.81
130034,Active,651985,NA,NA,S,0,0,85934.85,32.95,2007,17,25.96,32.95
130035,Active,614538,NA,NA,S,0,0,33031.03625,32,2002,107,8.18,18.95
130036,Active,749486,NA,NA,S,1,0,722096.26,34.95,2015,23,24.5,26.34
130037,Active,299364,NA,NA,S,2,1,338321.275,26.95,1996,21,9.99,13.99
130038,Active,2053386,NA,NA,S,0,0,334855.775,93.98,2009,6,56.33,85.6
130039,Active,2053394,NA,NA,S,0,0,126947.175,0,2009,8,28.48,33.02
130040,Active,2053392,NA,NA,S,0,0,147454.775,28,2009,16,17.92,21.99
130041,Active,2258103,NA,NA,S,0,0,53980.375,78.94,2011,11,40,63.94
130042,Active,525614,NA,NA,S,5,1,202223.0063,181.95,2007,60,14.24,92.96
130043,Active,131748,NA,NA,S,1,0,118090.95,73.2,2003,43,8.49,16.93
130044,Active,1958361,NA,NA,S,0,0,211912.95,30,2011,9,22.87,26.7
130045,Active,1892389,NA,NA,S,0,0,232347.675,22,2007,21,16.34,25.43
130046,Active,1479112,NA,NA,S,1,0,234109.45,79,2014,23,27.6,64.06
130047,Active,630054,NA,NA,S,1,0,43979.1,38.95,2010,39,15.98,18.98
130048,Active,562321,NA,NA,S,0,0,41445.025,35,2007,25,23.74,24.21
130049,Active,249473,NA,NA,S,0,0,84116.8,23.95,2010,24,16.97,21.4
130050,Active,525608,NA,NA,S,2,1,718987.4213,70,2012,22,11.57,57
130051,Active,2159646,NA,NA,S,0,0,42089.6,39.95,2012,18,33.74,33.94
130052,Active,3758327,NA,NA,S,3,1,176566.525,44,2016,11,38.34,38.36
130053,Active,2077054,NA,NA,S,0,0,77103.35,26.5,2009,20,16.1,17.2
130054,Active,3829661,NA,NA,S,0,0,222148.3,24.95,2014,9,26.93,24.87
130055,Active,652833,NA,NA,S,0,0,166104.2,36,2010,23,23.87,26.34
130056,Active,872987,NA,NA,S,5,1,491471.2988,247.18,2009,21,7.82,70
130057,Active,612500,NA,NA,S,0,0,177577.25,38.95,2013,8,36.44,38.95
130058,Active,806141,NA,NA,S,0,0,205178.25,26.95,2011,16,22.97,24.16
130059,Active,2075873,NA,NA,S,1,0,111843.325,30,2011,15,20.94,26.67
130060,Active,2072049,NA,NA,S,0,0,91261.475,39.95,2012,19,23.78,23.94
130061,Active,117059,NA,NA,S,1,0,150591.075,58.6,2008,18,31.09,55.99
130062,Active,248113,NA,NA,S,0,0,59064.175,34.95,2010,13,34.66,28.94
130063,Active,262000,NA,NA,S,0,0,117239.2,39.95,2007,25,19.38,23.19
130064,Active,262151,NA,NA,S,0,0,581522.6988,36.95,2005,36,4,27.5
130065,Active,2018802,NA,NA,S,3,1,139141.5,39.99,2014,10,27.97,26.83
130066,Active,256312,NA,NA,S,1,0,110064.875,52.95,2006,36,21.46,41.99
130067,Active,1751632,NA,NA,S,0,0,63504.15,42.95,2010,13,30.97,31.02
130068,Active,642116,NA,NA,S,3,1,679040.61,49.4,2012,44,4.3,178.31
130069,Active,269723,NA,NA,S,1,0,67783.95,42.95,2011,17,34.81,34.84
130070,Active,270940,NA,NA,S,0,0,720303.1788,46,2010,23,3.85,33.98
130071,Active,100910,NA,NA,S,2,1,168630.8388,165.95,1998,53,13.37,69.31
130072,Active,2020274,NA,NA,S,0,0,699910.1088,37.95,2006,20,10,33.68
130073,Active,663166,NA,NA,S,1,0,123546.075,35,2013,17,29.31,29.31
130074,Active,1464748,NA,NA,S,1,0,73347.3,24.95,2011,24,17.94,22.24
130075,Active,1855142,NA,NA,S,0,0,66871.325,34.95,2011,11,30.99,27.99
130076,Active,2162260,NA,NA,S,1,0,73528.825,69.95,2012,19,39.74,46.48
130077,Active,1954137,NA,NA,S,2,1,88682.925,30,2015,11,23.49,28
130078,Active,148966,NA,NA,S,0,0,16883.9,33.75,2010,26,25.77,27.04
130079,Active,2144381,NA,NA,S,2,1,782155.2813,24.95,2010,11,18.95,26.98
130080,Active,592444,NA,NA,S,3,1,54114.775,33.95,2012,25,22.38,22.39
130081,Active,55141,NA,NA,S,11,1,38401.60625,217.95,2011,48,49.04,160.77
130082,Active,625310,NA,NA,S,1,0,77010.5,32,2009,18,26.79,26.87
130083,Active,131918,NA,NA,S,3,1,560102.34,82.6,2004,37,4,33.66
130084,Active,635064,NA,NA,S,0,0,26856.1,35.95,2010,14,25.74,26.94
130085,Active,202162,NA,NA,S,1,0,95411.775,181.95,2000,24,44.48,94.5
130086,Active,126192,NA,NA,S,1,0,724132.9888,84,2001,45,12.85,32.26
130087,Active,646982,NA,NA,S,0,0,36557.775,39.95,2013,18,26.76,25.76
130088,Active,646476,NA,NA,S,1,0,87796.275,42.95,2009,27,27.74,38.25
130089,Active,2106359,NA,NA,S,0,0,492949.7188,14.95,2014,16,10.5,10.7
130090,Active,120071,NA,NA,S,2,1,633466.0825,159.93,2008,30,17.79,0
130091,Active,612148,NA,NA,S,1,0,557589.1125,54.6,2012,35,8.19,2723.29
130092,Active,279493,NA,NA,S,0,0,180166.925,27.95,2013,17,19.94,20.01
130093,Active,546731,NA,NA,S,2,1,36014.975,24.95,2011,13,18.49,18.87
130094,Active,647115,NA,NA,S,1,0,70398.9,32.95,2012,21,19.97,20.98
130095,Active,1861114,NA,NA,S,0,0,29623.875,27.95,2013,19,15.88,21.38
130096,Active,1720430,NA,NA,S,0,0,103906.725,35,2009,24,17.99,21.19
130097,Active,194145,NA,NA,S,2,1,776340.2738,34,2008,11,24.94,33.99
130098,Active,278303,NA,NA,S,0,0,117726.7,53.34,2002,18,20.3,23.98
130099,Active,652618,NA,NA,S,4,1,33399.60125,76.95,2012,67,46.72,54.55
130100,Active,533456,NA,NA,S,10,1,65521.6,144,2012,55,53.99,103.49
130101,Active,599648,NA,NA,S,0,0,194644.3,47.95,2010,18,26.98,29.41
130102,Active,689066,NA,NA,S,1,0,205623.05,29.95,2013,11,25.6,28.13
130103,Active,267362,NA,NA,S,2,1,448582.2863,40,2004,25,4.08,37.77
130104,Active,1854947,NA,NA,S,0,0,187276.35,31.95,2008,24,15.24,24.76
130105,Active,2020668,NA,NA,S,0,0,79789.35,27.5,2008,27,10.24,20.47
130106,Active,902161,NA,NA,S,0,0,92024.225,36.95,2008,27,17.74,28
130107,Active,535996,NA,NA,S,0,0,20243.65,25.95,2009,27,16.21,17.89
130108,Active,260978,NA,NA,S,0,0,47194.75,22.5,2008,69,5.97,9.78
130109,Active,545070,NA,NA,S,1,0,3781.15,26.95,2009,62,13.87,16.94
130110,Active,1875547,NA,NA,S,1,0,73131.025,39.99,2012,13,25.16,29.27
130111,Active,2023925,NA,NA,S,2,1,115768.475,21,2011,20,8.18,15.67
130112,Active,793715,NA,NA,S,1,0,440030.3063,39.95,2005,28,21.79,34.68
130113,Active,1598878,NA,NA,S,0,0,37600.375,20.99,2008,20,10.24,16.16
130114,Active,672307,NA,NA,S,0,0,2037.975,22.95,2010,35,12.44,15.6
130115,Active,118162,NA,NA,S,5,1,360931.96,173.8,2007,52,8.15,66.98
130116,Active,1536551,NA,NA,S,0,0,78946.875,27.95,2015,23,12.86,17.87
130117,Active,2041795,NA,NA,S,0,0,1930.425,29.95,2015,38,15.59,17.68
130118,Active,560062,NA,NA,S,1,0,16285.225,25.75,2010,34,16.84,18.98
130119,Active,2020753,NA,NA,S,0,0,147976.8,32,2012,20,20.16,30.9
130120,Active,680083,NA,NA,S,1,0,29868.525,29.95,2012,41,15.93,21.68
130121,Active,525593,NA,NA,S,0,0,8366.9125,24.95,2010,28,17.47,16.58
130122,Active,2067961,NA,NA,S,0,0,14956.025,24.95,2013,12,18.71,18.16
130123,Active,1575935,NA,NA,S,1,0,738357.3188,42,2007,47,4.23,19
130124,Active,673905,NA,NA,S,1,0,58884.6,24,2013,18,19.19,20.99
130125,Active,862333,NA,NA,S,6,1,168016.2363,89.95,2014,53,15.79,23.09
130126,Active,170975,NA,NA,S,1,0,515621.3963,25,1998,53,11.61,59.17
130127,Active,914420,NA,NA,S,0,0,565894.8563,69.99,2005,31,14.97,59
130128,Active,889082,NA,NA,S,3,1,23552.525,26.99,2014,44,18.12,17.56
130129,Active,642502,NA,NA,S,1,0,164935.575,35.99,2012,11,24.17,24.49
130130,Active,119432,NA,NA,S,8,1,32849.18125,152.6,2012,75,47.69,100.98
130131,Active,544248,NA,NA,S,8,1,27957.08125,225.95,2013,58,45.43,93.94
130132,Active,714503,NA,NA,S,5,1,697589.7138,86.6,2002,43,4,12.81
130133,Active,182699,NA,NA,S,2,1,448951.555,214.95,2002,35,5.96,0
130134,Active,54478,NA,NA,S,2,1,53139.1675,153.2,2009,75,29.75,72.98
130135,Active,1815641,NA,NA,S,0,0,274798.1,0,2012,22,8.58,41.99
130136,Active,614041,NA,NA,S,9,1,679683.415,80,1991,73,4.31,23.87
130137,Active,2618269,NA,NA,S,1,0,728813.1938,50.95,1991,26,17.98,61.57
130138,Active,533972,NA,NA,S,4,1,423087.9088,222,2008,31,27.14,78.57
130139,Active,162954,NA,NA,S,6,1,107899.0913,246,2011,47,21.86,64.91
130140,Active,638807,NA,NA,S,3,1,197891.975,35.95,2009,24,19.36,24.79
130141,Active,1739439,NA,NA,S,8,1,10931.85,21.95,2014,6,19.81,19.81
130142,Active,543785,NA,NA,S,6,1,63303.65875,188.95,2012,57,53.98,114.97
130143,Active,1697603,NA,NA,S,0,0,84478.625,27.95,2010,9,21.31,22.6
130144,Active,248071,NA,NA,S,0,0,132363.425,70,2009,22,41.95,45
130145,Active,644662,NA,NA,S,0,0,104090.125,35,2012,17,21.19,20.41
130146,Active,673845,NA,NA,S,0,0,182465.225,29.95,2008,12,19.67,17.3
130147,Active,1759066,NA,NA,S,0,0,16659.8,24.95,2014,9,23.81,20.03
130148,Active,2156155,NA,NA,S,0,0,58569.375,22.95,2010,21,14.98,15.73
130149,Active,1822765,NA,NA,S,21,1,96342.9175,64,2015,18,43.68,46.96
130150,Active,1787126,NA,NA,S,0,0,195090.3,65.95,2015,14,59.36,56.76
130151,Active,724946,NA,NA,S,0,0,729647.2213,55,2012,17,9.83,0
130152,Active,137065,NA,NA,S,0,0,51603.975,49,2008,38,25.42,34.73
130153,Active,200343,NA,NA,S,1,0,183561.4,90.95,2008,24,16.96,23.2
130154,Active,1487890,NA,NA,S,0,0,102651.925,30,2010,16,18.26,23.71
130155,Active,246553,NA,NA,S,1,0,182876.395,61.95,2009,34,12.84,40.99
130156,Active,626970,NA,NA,S,0,0,447291.3925,45.95,1989,43,4.57,43.22
130157,Active,1464389,NA,NA,S,1,0,143285.775,20.95,2009,31,11.92,17.37
130158,Active,1471175,NA,NA,S,1,0,59249.075,37.95,2014,8,37.99,39.66
130159,Active,551760,NA,NA,S,0,0,645241.18,77.35,2004,34,5.38,11.99
130160,Active,2541080,NA,NA,S,2,1,853293.3125,62.95,2005,29,4,46.16
130161,Active,182473,NA,NA,S,1,0,301142.525,151.95,2002,39,4,55.41
130162,Active,879575,NA,NA,S,11,1,341425.8913,189.8,2014,17,16.9,177.36
130163,Active,1455523,NA,NA,S,1,0,201916.2,168.13,2014,24,17.87,144.76
130164,Active,708740,NA,NA,S,3,1,604419.65,74.25,2006,24,4,46.16
130165,Active,1934884,NA,NA,S,0,0,76832.875,22.95,2010,14,17.95,22.95
130166,Active,1665401,NA,NA,S,1,0,647852.5613,22.95,2010,37,4,57.61
130167,Active,708574,NA,NA,S,0,0,528496.0588,110.25,2006,30,8.53,0
130168,Active,551392,NA,NA,S,1,0,603932.23,92.5,2008,41,8.84,33.99
130169,Active,616828,NA,NA,S,6,1,510525.7725,86.75,2004,40,7.33,9.89
130170,Active,551393,NA,NA,S,1,0,168776.8913,95.75,2008,33,19.72,42.95
130171,Active,551362,NA,NA,S,0,0,674851.3413,114.25,2006,48,4.92,15.99
130172,Active,1856523,NA,NA,S,0,0,7076.55,22.99,2012,28,10.67,13.33
130173,Active,2036870,NA,NA,S,5,1,657704.1488,62.64,2008,29,4.93,53.98
130174,Active,3729533,NA,NA,S,2,1,65130.7,24.99,2012,12,7.99,18.95
130175,Active,1498963,NA,NA,S,0,0,23623.95,34.99,2014,13,24.21,21.24
130176,Active,1498950,NA,NA,S,0,0,83542.2175,24.99,2014,42,14.09,15.35
130177,Active,1833156,NA,NA,S,0,0,55836.125,22.99,2014,30,12.42,12.44
130178,Active,2090218,NA,NA,S,0,0,73904.8675,49.99,2013,18,22.92,31.68
130179,Active,2082194,NA,NA,S,0,0,30086.15,50,2014,28,21.23,29.67
130180,Active,469528,NA,NA,S,0,0,128411.825,24.99,2009,13,16.51,17.36
130181,Active,1780137,NA,NA,S,1,0,61816.95,22.99,2014,16,16.53,16.56
130182,Active,621729,NA,NA,S,1,0,237962.95,37.95,2008,31,9.05,34.24
130183,Active,624010,NA,NA,S,2,1,132105.275,30.95,2007,31,5.49,26.1
130184,Active,2166358,NA,NA,S,1,0,35511.975,30,2013,17,23.7,24.98
130185,Active,1499441,NA,NA,S,1,0,196311.425,23.95,2008,29,4,25.78
130186,Active,1720750,NA,NA,S,4,1,61940.725,22,2012,23,15.49,15.67
130187,Active,791930,NA,NA,S,0,0,714470.045,29.99,2006,42,4.23,11.25
130188,Active,619759,NA,NA,S,5,1,38904.52375,106.25,2012,45,38.37,53.99
130189,Active,682906,NA,NA,S,1,0,108231.325,27.5,2007,30,15.88,26.42
130190,Active,649052,NA,NA,S,2,1,215649.2513,27,2008,18,17.09,0
130191,Active,1496976,NA,NA,S,0,0,59735.025,24.99,2012,62,8.48,10.08
130192,Active,126645,NA,NA,S,1,0,105486.975,74.95,2004,24,30.68,63.94
130193,Active,2513024,NA,NA,S,1,0,556802.8325,27.95,1972,50,4,79.96
130194,Active,894116,NA,NA,S,0,0,679086.7838,42.95,2012,20,7.88,42.95
130195,Active,2042464,NA,NA,S,5,1,790625.3525,17.94,2008,35,4,13.99
130196,Active,547200,NA,NA,S,2,1,5162.7,19.95,2012,41,13.02,14.12
130197,Active,683582,NA,NA,S,1,0,7677.075,29.95,2013,31,14.33,16.49
130198,Active,1532306,NA,NA,S,0,0,42987.125,24.95,2015,15,17.15,17.06
130199,Active,2032511,NA,NA,S,0,0,100604,22.95,2007,26,10.37,16.86
130200,Active,3607513,NA,NA,S,1,0,339191.45,99.99,1993,222,4,7.56
130201,Active,2066269,NA,NA,S,1,0,40165.375,29.95,2014,22,16.09,17.98
130202,Active,1576733,NA,NA,S,0,0,55272.8,34.95,2013,7,30.13,24.93
130203,Active,2042009,NA,NA,S,2,1,86376.9,24.99,2012,17,7.73,16.18
130204,Active,715350,NA,NA,S,0,0,549277.2,53.87,2012,20,20.66,41.55
130205,Active,3063355,NA,NA,S,0,0,564990.2613,18.95,1998,28,6.14,63.99
130206,Active,1534563,NA,NA,S,1,0,82187.825,39.95,2014,41,11.97,20.99
130207,Active,1634478,NA,NA,S,0,0,23711.575,26.95,2011,22,13.95,17.79
130208,Active,3595506,NA,NA,S,0,0,80030.3,34.99,2007,20,20.27,24.26
130209,Active,640473,NA,NA,S,0,0,316970.095,63.95,1997,22,12.53,52.01
130210,Active,221084,NA,NA,S,0,0,79620.625,27.95,2008,31,13.92,26.09
130211,Active,254314,NA,NA,S,3,1,405125.6625,99.95,2011,33,5.79,83.2
130212,Active,685130,NA,NA,S,1,0,90619.625,24.95,2009,20,13.64,23.06
130213,Active,644694,NA,NA,S,0,0,425201.3213,46,2011,32,8.74,36.8
130214,Active,904256,NA,NA,S,7,1,364884.635,99,2013,19,13.35,73.91
130215,Active,2005943,NA,NA,S,3,1,149820.6,48.95,2009,13,36.39,36.45
130216,Active,295719,NA,NA,S,0,0,82396.5,25.95,2007,28,17.38,23.17
130217,Active,1426292,NA,NA,S,1,0,653294.985,43,2008,17,13.99,16.93
130218,Active,1426295,NA,NA,S,1,0,268504.325,76.5,2008,19,13.98,39.31
130219,Active,914264,NA,NA,S,0,0,40718.6,23,2009,23,14.86,15.44
130220,Active,2142530,NA,NA,S,0,0,60263.625,21.95,2009,19,11.97,16.26
130221,Active,1932431,NA,NA,S,1,0,74936.075,34.99,2013,23,5.74,7.98
130222,Active,687991,NA,NA,S,2,1,158628.325,29.95,2012,10,20.77,22.71
130223,Active,2014016,NA,NA,S,0,0,119410.025,24.95,2015,17,18.98,18.99
130224,Active,3960280,NA,NA,S,0,0,90209.45,24.95,2015,18,17.81,20.61
130225,Active,1492816,NA,NA,S,0,0,122030.95,24.95,2008,9,22.38,15.24
130226,Active,673901,NA,NA,S,7,1,21412,24.95,2009,30,12.71,19.36
130227,Active,631778,NA,NA,S,8,1,171802.55,41,2005,14,17.3,37.42
130228,Active,683625,NA,NA,S,0,0,56665.475,25,2012,26,13.73,13.98
130229,Active,683645,NA,NA,S,0,0,40652.8,22.99,2012,24,7.79,13.55
130230,Active,708732,NA,NA,S,0,0,226519.5,0,2007,48,5.85,11.04
130231,Active,2042065,NA,NA,S,0,0,66750.375,24.99,2014,14,13.13,16.47
130232,Active,3463207,NA,NA,S,13,1,397549.005,148.95,2012,13,6.23,89.09
130233,Active,525565,NA,NA,S,4,1,291744.585,136.2,2011,64,4,37.03
130234,Active,630951,NA,NA,S,0,0,196647.8313,54.95,2012,22,13.04,0
130235,Active,909043,NA,NA,S,7,1,640321.0613,99.99,2012,19,7.65,0
130236,Active,651956,NA,NA,S,3,1,604605.4338,57.95,2007,21,14.55,51.55
130237,Active,3561035,NA,NA,S,3,1,83187,28.95,2016,11,20.93,20.5
130238,Active,1504422,NA,NA,S,1,0,133773.45,22,2010,32,11.97,15.74
130239,Active,1426317,NA,NA,S,0,0,341511.3813,67.36,2009,28,12.64,59.9
130240,Active,3778600,NA,NA,S,0,0,52004.625,62.99,2015,7,43.98,43.98
130241,Active,1639765,NA,NA,S,0,0,25953.575,39.95,2013,15,26.34,28.99
130242,Active,2085997,NA,NA,S,0,0,552298.5175,62.99,2013,23,28.58,42.38
130243,Active,673950,NA,NA,S,2,1,161901.085,28.95,2013,33,10.58,0
130244,Active,2079867,NA,NA,S,0,0,113323.725,29.99,2009,19,20.21,23.84
130245,Active,2079996,NA,NA,S,0,0,121315.925,26.99,2014,11,22.71,20.66
130246,Active,2086003,NA,NA,S,0,0,261570.2888,62.99,2013,20,42.74,42.38
130247,Active,2086007,NA,NA,S,0,0,100158.425,62.99,2013,41,42.75,42.38
130248,Active,612772,NA,NA,S,5,1,20840.08,34.95,2014,30,21.46,25.91
130249,Active,194559,NA,NA,S,4,1,500196.2313,28.95,2011,30,15.29,0
130250,Active,1639699,NA,NA,S,4,1,565078.5088,35.95,2011,15,31.84,119.48
130251,Active,2086012,NA,NA,S,0,0,169893.9,62.99,2013,7,39.99,42.73
130252,Active,2086014,NA,NA,S,0,0,370781.3988,62.99,2013,18,43.16,42.94
130253,Active,1639761,NA,NA,S,0,0,28508.95,39.95,2013,25,21.34,26.87
130254,Active,3805339,NA,NA,S,0,0,73946.975,62.99,2013,15,43.09,41.47
130255,Active,2174246,NA,NA,S,0,0,117898.6,49.99,2014,19,38.83,37.54
130256,Active,1729855,NA,NA,S,0,0,34141.3,24.95,2012,27,11.99,20.99
130257,Active,687399,NA,NA,S,1,0,144089.925,24.99,2012,13,20.7,23.74
130258,Active,1571098,NA,NA,S,1,0,33381.825,49.99,2014,16,35.7,36.56
130259,Active,275442,NA,NA,S,1,0,71914.625,50,2007,15,31.9,42.98
130260,Active,203320,NA,NA,S,7,1,258015.9375,60.95,1999,20,5.29,46.98
130261,Active,525552,NA,NA,S,4,1,413266.7075,89.99,2009,40,13.47,46.99
130262,Active,3577507,NA,NA,S,1,0,139546.3,69.95,2016,36,18.34,23.89
130263,Active,1943597,NA,NA,S,13,1,3882.98125,124.99,2015,35,43.99,84.72
130264,Active,637704,NA,NA,S,1,0,96665.625,90.95,2012,23,35.03,48.99
130265,Active,1982532,NA,NA,S,0,0,47871.7,34.95,2014,14,31.02,31.08
130266,Active,1982531,NA,NA,S,0,0,14274.525,34.95,2014,21,29.04,30.56
130267,Active,3284118,NA,NA,S,0,0,48766,64.69,2001,9,39.99,98.03
130268,Active,263290,NA,NA,S,0,0,454704.9113,29.95,1996,34,6.88,51.11
130269,Active,3526807,NA,NA,S,1,0,95574.2,34.95,2014,17,21.99,23.61
130270,Active,1575444,NA,NA,S,1,0,413767.0275,39.95,2013,13,28.79,28.8
130271,Active,525540,NA,NA,S,7,1,258150.7288,165.95,2008,91,43.98,93.99
130272,Active,612793,NA,NA,S,1,0,52088.275,38.75,2013,26,21.2,29.94
130273,Active,2105240,NA,NA,S,1,0,17800.9,23,2014,44,5.1,14.45
130274,Active,649270,NA,NA,S,1,0,347430.805,80,2003,24,17.84,35.46
130275,Active,829361,NA,NA,S,0,0,397965.5863,50.95,1994,56,4,17.36
130276,Active,3809849,NA,NA,S,8,1,17510.05,9.99,2015,27,7.69,7.91
130277,Active,3791508,NA,NA,S,0,0,51021.7,60,2010,27,36.33,38.74
130278,Active,3558788,NA,NA,S,0,0,65123.95,49.95,2014,18,19.55,23.12
130279,Active,140028,NA,NA,S,0,0,61275.025,15,2007,138,4,14.99
130280,Active,687236,NA,NA,S,1,0,91379.675,27.95,2014,28,9.58,14.57
130281,Active,3570040,NA,NA,S,0,0,65787.225,24.99,2015,14,17.94,15.48
130282,Active,1684409,NA,NA,S,0,0,110981.175,24.99,2014,18,12.09,14.98
130283,Active,2432212,NA,NA,S,0,0,195024.7575,9.99,2001,24,43.59,259.55
130284,Active,631728,NA,NA,S,0,0,61003.575,33.13,2007,34,12.11,15.05
130285,Active,3463020,NA,NA,S,0,0,28409.46,13.5,2011,17,6.99,8.29
130286,Active,660846,NA,NA,S,1,0,67463.925,59.95,2013,12,37.57,40.84
130287,Active,618453,NA,NA,S,2,1,54413.8175,64.95,2011,96,18.29,51.26
130288,Active,675469,NA,NA,S,1,0,121592.85,24.99,2012,54,4,5.9
130289,Active,673186,NA,NA,S,1,0,2069.825,24,2012,62,12.28,12.35
130290,Active,323497,NA,NA,S,0,0,57695.70125,18,2010,46,8.98,0
130291,Active,597034,NA,NA,S,0,0,121163.1588,13.95,2007,138,4,0
130292,Active,565635,NA,NA,S,0,0,120009.6863,17.99,2010,32,8.38,0
130293,Active,1876789,NA,NA,S,0,0,85531.175,21.95,2011,37,10.64,16.15
130294,Active,140127,NA,NA,S,0,0,128193.4738,15.99,2009,45,4.85,0
130295,Active,223328,NA,NA,S,0,0,607410.7925,14.99,2007,53,3.9,0
130296,Active,503281,NA,NA,S,0,0,373610.7388,24.95,2000,53,4,0
130297,Active,503282,NA,NA,S,0,0,567468.73,19.95,2002,65,4,0
130298,Active,1835690,NA,NA,S,1,0,123786.55,24.99,2010,21,15.09,17.12
130299,Active,232412,NA,NA,S,4,1,649121.245,19.95,2005,66,4,6.01
130300,Active,631649,NA,NA,S,0,0,86119.025,34.95,2009,20,20.45,22.15
130301,Active,579740,NA,NA,S,0,0,56793.86375,22.5,2000,60,4.67,0
130302,Active,208173,NA,NA,S,0,0,145288.2888,19.99,1998,94,5.32,0
130303,Active,533253,NA,NA,S,2,1,314070.9425,14.95,2011,24,10.98,0
130304,Active,681414,NA,NA,S,1,0,711.775,24.95,2011,22,18.49,14.55
130305,Active,101931,NA,NA,S,0,0,694478.0213,21,2000,61,4,0
130306,Active,2796733,NA,NA,S,0,0,265535.5575,17.99,1994,37,11.27,41.08
130307,Active,368736,NA,NA,S,0,0,710896.545,19.99,2005,46,4,0
130308,Active,806148,NA,NA,S,0,0,94958.35,28.95,2013,19,12.64,24.99
130309,Active,2349431,NA,NA,S,2,1,92860.465,16.95,2002,35,9.98,12.73
130310,Active,1779267,NA,NA,S,1,0,2058.775,23,2013,19,10.7,13.08
130311,Active,546658,NA,NA,S,0,0,38178.1125,26,2012,103,5.5,0
130312,Active,751425,NA,NA,S,1,0,207608.475,25.95,2010,29,4,25.3
130313,Active,183523,NA,NA,S,0,0,436264.8425,30,2006,64,4,0
130314,Active,2043252,NA,NA,S,0,0,58943.65,24.99,2010,39,6.73,10
130315,Active,2043268,NA,NA,S,1,0,60363.5,24.99,2012,26,7.74,11.93
130316,Active,675218,NA,NA,S,1,0,11162.575,26,2012,66,8.47,8.47
130317,Active,543023,NA,NA,S,0,0,57872.225,19.99,2006,91,7.15,0
130318,Active,204568,NA,NA,S,0,0,69591.6325,24.99,2001,357,4,0
130319,Active,141257,NA,NA,S,0,0,138656.52,23,2002,30,8.96,0
130320,Active,142603,NA,NA,S,0,0,562999.6388,75,2003,29,13.95,0
130321,Active,1961201,NA,NA,S,1,0,121385.175,22.99,2014,11,15.24,15.79
130322,Active,658109,NA,NA,S,1,0,79598.475,0,2013,62,4,10.42
130323,Active,2169055,NA,NA,S,1,0,870.25,26,2015,44,13.99,17.55
130324,Active,1758825,NA,NA,S,0,0,146782.825,17.99,2012,59,12.11,12.12
130325,Active,543024,NA,NA,S,0,0,11660.655,19.99,2007,111,5.92,0
130326,Active,543021,NA,NA,S,0,0,487.7975,25.99,2007,199,9.24,14.13
130327,Active,917475,NA,NA,S,0,0,192629.0588,17.99,2002,72,6.92,0
130328,Active,537762,NA,NA,S,0,0,127677.5863,14.99,2011,60,4,0
130329,Active,649647,NA,NA,S,0,0,3202.1,34.95,2013,42,18.02,22.82
130330,Active,664343,NA,NA,S,0,0,10657.925,34.95,2013,25,23.11,24.15
130331,Active,2092897,NA,NA,S,3,1,617104.4675,17.95,2010,32,7.73,11.67
130332,Active,631155,NA,NA,S,1,0,348984.085,44,1999,24,17.69,28.92
130333,Active,101755,NA,NA,S,0,0,26794.2625,18.99,2002,148,4.17,0
130334,Active,535936,NA,NA,S,0,0,4764.99875,15.99,1994,167,4,0
130335,Active,548894,NA,NA,S,0,0,281301.1688,14.99,1996,110,4,0
130336,Active,1565337,NA,NA,S,1,0,7910.475,27.95,2015,23,17,13.98
130337,Active,392152,NA,NA,S,0,0,202886.3463,18.99,2002,142,3.9,0
130338,Active,409408,NA,NA,S,0,0,642362.1013,21.95,2005,49,4,0
130339,Active,1779985,NA,NA,S,1,0,9983.35,28,2014,14,19.11,17.6
130340,Active,249398,NA,NA,S,0,0,479908.2375,20.99,2007,39,4,0
130341,Active,264377,NA,NA,S,0,0,25429.44375,16.99,2005,60,6.27,0
130342,Active,1942920,NA,NA,S,1,0,6393.05,27,2014,68,6.98,9.82
130343,Active,586676,NA,NA,S,0,0,338974.9813,14.95,1999,84,4,0
130344,Active,537202,NA,NA,S,0,0,3844.295,25,2007,46,11.93,0
130345,Active,585734,NA,NA,S,0,0,270436.3263,12.99,1997,95,4,0
130346,Active,299675,NA,NA,S,0,0,180294.5563,22.95,2002,59,4,0
130347,Active,603378,NA,NA,S,0,0,348773.3113,14.95,2009,26,11.91,0
130348,Active,122366,NA,NA,S,0,0,170.06375,25,2000,153,12.94,0
130349,Active,3498015,NA,NA,S,0,0,57068.1,22,2010,19,13.78,13.78
130350,Active,1969642,NA,NA,S,0,0,16139.65,28,2014,34,5.46,5.47
130351,Active,278095,NA,NA,S,0,0,732759.62,27.99,2001,45,5.77,0
130352,Active,534540,NA,NA,S,0,0,56472.4225,27,2011,96,7.97,0
130353,Active,1780925,NA,NA,S,1,0,54920.4,24.95,2014,18,13.96,15.98
130354,Active,504867,NA,NA,S,0,0,98343.94,27.95,2011,67,4,0
130355,Active,2242609,NA,NA,S,0,0,47084.175,23,2015,18,15.17,16.49
130356,Active,1431620,NA,NA,S,0,0,4735.85,22.99,2009,41,11.54,14.18
130357,Active,1523490,NA,NA,S,0,0,171420.2,25,2010,55,4,7.72
130358,Active,3960247,NA,NA,S,0,0,46903.2,29.95,2015,13,24.98,24.33
130359,Active,3960021,NA,NA,S,0,0,2473.175,21.98,2015,18,12.66,13.37
130360,Active,209156,NA,NA,S,2,1,318725.725,36.95,1995,28,17.82,0
130361,Active,140143,NA,NA,S,3,1,11846.53875,16.99,1997,433,4,0
130362,Active,3826301,NA,NA,S,15,1,438684.45,49.95,2011,40,4.58,17.98
130363,Active,902077,NA,NA,S,0,0,9458.22875,16.99,2014,38,5.14,0
130364,Active,683081,NA,NA,S,2,1,98338.125,24.95,2012,25,8.98,12.71
130365,Active,449356,NA,NA,S,0,0,672087.5213,18.95,2005,93,3.98,0
130366,Active,278312,NA,NA,S,3,1,123452.4825,21.95,2007,19,19.95,57.33
130367,Active,689110,NA,NA,S,1,0,151833.925,27,2012,29,6.91,13.5
130368,Active,103009,NA,NA,S,0,0,425364.8913,13.99,2001,56,4,0
130369,Active,155820,NA,NA,S,0,0,138986.32,14.95,2000,112,4,0
130370,Active,210031,NA,NA,S,0,0,386410.4163,14.99,2003,45,4.76,0
130371,Active,276164,NA,NA,S,0,0,98887.15,24.95,2008,42,7.57,16.9
130372,Active,483751,NA,NA,S,0,0,505078,11.99,2011,17,8.84,0
130373,Active,505297,NA,NA,S,0,0,477190.565,14.95,2008,82,3.75,0
130374,Active,2002657,NA,NA,S,1,0,34279.15,25.77,2015,14,24.45,24.91
130375,Active,270737,NA,NA,S,0,0,53173.3575,22.95,2011,31,14.3,0
130376,Active,275003,NA,NA,S,0,0,226388.4863,16.99,2001,36,4,0
130377,Active,679733,NA,NA,S,0,0,128218.575,27,2013,26,7.08,10.5
130378,Active,2138273,NA,NA,S,0,0,137871.975,21.95,2014,9,16.26,14.98
130379,Active,439231,NA,NA,S,0,0,12375.455,16,1999,114,5.37,0
130380,Active,115354,NA,NA,S,4,1,331793.8225,260,2002,38,19.68,70.45
130381,Active,2023908,NA,NA,S,0,0,145477.2,22.95,2009,37,4,9.98
130382,Active,148902,NA,NA,S,0,0,384071.5013,28.13,2005,30,7.97,0
130383,Active,288137,NA,NA,S,0,0,18297.79125,15.99,2006,237,4,0
130384,Active,1748810,NA,NA,S,1,0,135370.575,23.95,2010,24,16.38,17.99
130385,Active,617402,NA,NA,S,1,0,116074.325,23,2007,31,8.97,17.36
130386,Active,1705045,NA,NA,S,0,0,51537.25,34.95,2007,18,22.84,54.73
130387,Active,1815340,NA,NA,S,0,0,31188.725,27.99,2015,11,14.48,11.98
130388,Active,1858940,NA,NA,S,0,0,111960.3663,17,2006,36,6.27,12.53
130389,Active,212045,NA,NA,S,0,0,476114.0275,17.99,1999,141,4,0
130390,Active,203867,NA,NA,S,1,0,363798.8725,67.99,2006,37,4,0
130391,Active,591461,NA,NA,S,0,0,21416.4075,14.95,2009,88,4,0
130392,Active,601938,NA,NA,S,0,0,144393.4688,12.22,1989,69,4,0
130393,Active,667385,NA,NA,S,1,0,11134.875,39.95,2011,30,18.71,27.39
130394,Active,639012,NA,NA,S,1,0,393872.5688,79.99,2003,36,13.98,86.65
130395,Active,599187,NA,NA,S,2,1,793731.9613,46.87,2011,13,9.29,51.03
130396,Active,1954094,NA,NA,S,0,0,63642.025,35,2014,19,22.99,27.82
130397,Active,2082013,NA,NA,S,1,0,101705.9,49.95,2011,24,26.82,32.92
130398,Active,176751,NA,NA,S,0,0,502965.5125,128.95,1998,23,4.3,0
130399,Active,195340,NA,NA,S,0,0,485393.0413,19.99,2004,54,4,0
130400,Active,266673,NA,NA,S,0,0,709345.8375,29.95,2004,22,14.29,0
130401,Active,102352,NA,NA,S,0,0,6567.295,12.99,2015,87,6.4,0
130402,Active,910164,NA,NA,S,1,0,785370.3675,40,2004,31,4.13,0
130403,Active,215873,NA,NA,S,0,0,220590.04,40,2005,43,5.94,0
130404,Active,534559,NA,NA,S,0,0,130798.5388,21,2006,169,4,0
130405,Active,263240,NA,NA,S,0,0,653643.4913,24.95,2004,310,3.95,0
130406,Active,268921,NA,NA,S,0,0,328673.0113,8.99,2005,257,3.93,0
130407,Active,268943,NA,NA,S,0,0,178092.3163,24.95,2007,205,4,0
130408,Active,639991,NA,NA,S,1,0,374244.8013,99.95,2011,44,5.52,47.98
130409,Active,1729529,NA,NA,S,0,0,47322.35,21.95,2010,28,9.07,13.99
130410,Active,379133,NA,NA,S,0,0,304206.3,9.95,2008,15,11.76,0
130411,Active,2084719,NA,NA,S,0,0,19721.275,20.95,2012,17,17.64,15.73
130412,Active,1523879,NA,NA,S,1,0,117933.425,30,2014,33,8.7,10.98
130413,Active,205666,NA,NA,S,0,0,668002.0713,61.95,1999,39,4,0
130414,Active,105623,NA,NA,S,1,0,257845.6013,35,2000,92,4,0
130415,Active,126953,NA,NA,S,1,0,640829.24,42.99,1999,45,4,19.96
130416,Active,2060329,NA,NA,S,1,0,50292.8,32.95,2012,29,11.99,11.97
130417,Active,597887,NA,NA,S,0,0,352996.0925,24.95,2008,56,4,0
130418,Active,1971250,NA,NA,S,0,0,155378.775,29.07,2012,15,20.3,27.53
130419,Active,1626132,NA,NA,S,0,0,122484.6,21,2013,18,14.69,16.43
130420,Active,227376,NA,NA,S,0,0,621307.5375,15,2005,126,3.98,0
130421,Active,2018157,NA,NA,S,0,0,196934.8,39.5,2015,13,36.74,39.5
130422,Active,2015264,NA,NA,S,1,0,228673.625,23.95,2008,25,4,88.51
130423,Active,123429,NA,NA,S,0,0,143276.87,16,2006,86,4,0
130424,Active,542436,NA,NA,S,0,0,227589.3375,24,2008,36,11.74,0
130425,Active,533173,NA,NA,S,0,0,775808.2738,15.95,2011,44,6.48,0
130426,Active,265493,NA,NA,S,0,0,428440.9113,26.95,2006,56,4,0
130427,Active,686736,NA,NA,S,1,0,44043.5,24.95,2011,15,13.74,14.78
130428,Active,1943081,NA,NA,S,1,0,17565.125,28,2014,14,18.38,18.48
130429,Active,153506,NA,NA,S,0,0,406653.815,17.95,1999,100,4,0
130430,Active,541160,NA,NA,S,0,0,69418.5275,16,2002,157,4,0
130431,Active,230251,NA,NA,S,0,0,512825.1938,12.99,2005,28,6.98,0
130432,Active,260792,NA,NA,S,0,0,712709.4463,18.95,1998,91,4,0
130433,Active,245729,NA,NA,S,0,0,6432.045,19.95,2008,77,8.67,0
130434,Active,893133,NA,NA,S,2,1,605407.5488,29.95,2014,17,26.46,0
130435,Active,2079623,NA,NA,S,1,0,100864.15,21.99,2012,38,9.35,13.99
130436,Active,546580,NA,NA,S,0,0,79384.5575,12.95,2006,139,4,0
130437,Active,234476,NA,NA,S,0,0,745092.345,12.95,2003,80,3.93,0
130438,Active,212708,NA,NA,S,0,0,733435.11,14.99,2005,212,3.33,0
130439,Active,1672983,NA,NA,S,1,0,31770.6,22.99,2010,28,10.27,17.15
130440,Active,676540,NA,NA,S,0,0,522.6,26.99,2010,68,12.48,13.97
130441,Active,577691,NA,NA,S,0,0,84205.10125,16.95,1999,81,5.11,0
130442,Active,3606673,NA,NA,S,2,1,225492.7,24.99,2012,29,13.96,15.17
130443,Active,731250,NA,NA,S,1,0,588761.57,26.95,2000,39,8.71,45.49
130444,Active,554221,NA,NA,S,0,0,218565.8875,16,1987,158,4,0
130445,Active,2024698,NA,NA,S,0,0,94446.275,22.95,2013,24,9,17.11
130446,Active,2048161,NA,NA,S,1,0,64203.775,34.95,2007,23,15.91,25.22
130447,Active,3815732,NA,NA,S,0,0,88066.775,24.95,2015,8,23.9,22.46
130448,Active,784663,NA,NA,S,1,0,63527.175,39.95,2010,17,23.98,29.47
130449,Active,548793,NA,NA,S,0,0,570956.1563,14.99,2010,43,4,0
130450,Active,1746890,NA,NA,S,1,0,67435.1,25,2007,10,26.61,25
130451,Active,260206,NA,NA,S,2,1,16462.885,15.95,1996,168,4,0
130452,Active,1741418,NA,NA,S,0,0,133156.175,21.95,2012,18,20.15,21.95
130453,Active,579319,NA,NA,S,0,0,203140.2825,21.99,1998,65,4.1,0
130454,Active,214362,NA,NA,S,4,1,158866.3725,30.95,2008,62,4,14.49
130455,Active,3463024,NA,NA,S,4,1,426539,79.95,2016,17,32.09,47.97
130456,Active,1508077,NA,NA,S,1,0,65138.65,30,2012,56,8.44,11.74
130457,Active,1455629,NA,NA,S,1,0,110233.975,59.99,2014,13,36.66,41.66
130458,Active,146333,NA,NA,S,1,0,749241.3425,59.99,2010,93,4,0
130459,Active,649155,NA,NA,S,1,0,142450.85,31.95,2007,23,4.68,29.71
130460,Active,533077,NA,NA,S,13,1,18840.90625,220.2,2010,71,50.63,124.5
130461,Active,631875,NA,NA,S,1,0,801230.5925,49.95,2000,22,9.49,50.75
130462,Active,1697060,NA,NA,S,1,0,4143.5,26,2014,29,14.24,15.54
130463,Active,240123,NA,NA,S,6,1,192709.5338,15,2008,52,4,0
130464,Active,669198,NA,NA,S,1,0,82253.825,49.99,2010,12,29.79,26.07
130465,Active,2226068,NA,NA,S,0,0,84968.275,0,2012,8,0,16.13
130466,Active,2088556,NA,NA,S,0,0,170995.2013,99.99,2012,25,42.93,59.97
130467,Active,137675,NA,NA,S,0,0,585008.2688,36.95,1999,36,3.5,0
130468,Active,806751,NA,NA,S,0,0,72430.4575,3.99,2009,33,3.43,3.99
130469,Active,820482,NA,NA,S,1,0,170454.1,22.95,2008,35,4,13.99
130470,Active,172098,NA,NA,S,0,0,116321.0225,25.95,2004,60,4,0
130471,Active,268646,NA,NA,S,0,0,22076.95375,16,2008,116,4,0
130472,Active,922192,NA,NA,S,0,0,202460.4363,3,1995,63,3.42,0
130473,Active,2078399,NA,NA,S,0,0,93385.65,24.99,2011,42,6.19,15.33
130474,Active,533042,NA,NA,S,0,0,714594.4025,12.95,2009,46,4.98,0
130475,Active,923273,NA,NA,S,0,0,14057.97125,4.5,1998,176,3.42,0
130476,Active,299603,NA,NA,S,0,0,175458.2625,14.95,2007,22,7.77,0
130477,Active,477339,NA,NA,S,1,0,617365.285,113,1999,21,6.39,0
130478,Active,3620512,NA,NA,S,0,0,74880.25,34.95,2015,12,28.08,26.15
130479,Active,339141,NA,NA,S,0,0,66079.59625,24,2006,44,13.94,0
130480,Active,1490753,NA,NA,S,1,0,142278.15,29.95,2015,15,17.94,22.21
130481,Active,136103,NA,NA,S,0,0,436489.6488,30,2000,26,8.46,0
130482,Active,646716,NA,NA,S,1,0,104411.575,50,1999,20,26.69,33.51
130483,Active,221097,NA,NA,S,0,0,102893.4238,26.95,2010,27,22.31,0
130484,Active,1673131,NA,NA,S,0,0,88636.2,22.99,2013,21,4.32,11.54
130485,Active,334598,NA,NA,S,0,0,149631.5938,15,1998,64,4.81,0
130486,Active,667242,NA,NA,S,0,0,109968.475,54.95,2012,26,35.81,40.2
130487,Active,220559,NA,NA,S,0,0,391755.3638,24.95,2006,35,4.94,0
130488,Active,598086,NA,NA,S,0,0,238034.9838,22.95,2009,59,4.51,0
130489,Active,223932,NA,NA,S,0,0,378021.5838,20.96,1996,54,4,0
130490,Active,369070,NA,NA,S,0,0,306283.635,24.95,2006,14,19.52,0
130491,Active,599667,NA,NA,S,2,1,253729.3363,60,2007,23,13.12,0
130492,Active,732432,NA,NA,S,0,0,770841.2475,47,2004,28,8.04,31.64
130493,Active,1834602,NA,NA,S,1,0,42763.775,34.99,2013,19,18.72,23.15
130494,Active,173715,NA,NA,S,0,0,485514.655,29.99,2007,24,6.37,0
130495,Active,2021781,NA,NA,S,0,0,463284.8563,85,2013,37,12.91,46.98
130496,Active,631555,NA,NA,S,0,0,83810.25,30,2010,24,15.43,17.83
130497,Active,1690635,NA,NA,S,0,0,64510.85,39,2009,14,29.06,21.57
130498,Active,188411,NA,NA,S,0,0,621660.2238,19,2002,81,4,0
130499,Active,286424,NA,NA,S,1,0,347019.0513,75,1999,41,4.35,26.69
130500,Active,655057,NA,NA,S,6,1,41818.74875,134.2,2013,65,53.38,101.08
130501,Active,663657,NA,NA,S,6,1,15004.5575,134.2,2013,47,34.5,94.99
130502,Active,1715674,NA,NA,S,0,0,69695.5,32.95,2010,11,23.74,29.63
130503,Active,195646,NA,NA,S,0,0,319220.32,24.99,2003,86,4,0
130504,Active,1508306,NA,NA,S,0,0,58976.925,28,2015,19,17.19,18.68
130505,Active,150621,NA,NA,S,0,0,83941.17,26,2008,177,4,0
130506,Active,684827,NA,NA,S,0,0,153098.475,22.95,2011,16,18.84,16.98
130507,Active,151968,NA,NA,S,0,0,709836.3213,24.95,2012,78,4,0
130508,Active,1815344,NA,NA,S,0,0,48345.575,27.99,2015,39,6.98,8.98
130509,Active,137076,NA,NA,S,3,1,114613.4525,27.95,1997,109,4,0
130510,Active,140136,NA,NA,S,0,0,227567.2025,25.99,2009,27,8.82,0
130511,Active,573395,NA,NA,S,0,0,80040.45375,19.95,1996,114,5.11,0
130512,Active,151991,NA,NA,S,0,0,113269.8175,19.95,2003,102,4,0
130513,Active,902424,NA,NA,S,0,0,703055.8738,24,2009,27,7.55,0
130514,Active,618925,NA,NA,S,1,0,16529.775,50,2012,42,11.99,15.98
130515,Active,245304,NA,NA,S,0,0,530047.9263,22.95,2008,246,4,0
130516,Active,295361,NA,NA,S,0,0,573562.3025,16,2006,48,4,0
130517,Active,182609,NA,NA,S,0,0,611290.28,16.95,2002,99,4,0
130518,Active,259853,NA,NA,S,0,0,117810.41,17.98,1997,56,5.24,0
130519,Active,541221,NA,NA,S,0,0,423783.1988,43.75,1976,62,4,0
130520,Active,137787,NA,NA,S,0,0,555374.385,55,2006,36,4.69,0
130521,Active,584380,NA,NA,S,0,0,662286.4663,16,1995,77,3.97,0
130522,Active,102437,NA,NA,S,0,0,83257.9525,17.99,2009,45,4.48,0
130523,Active,573418,NA,NA,S,0,0,252818.5713,16.95,1992,70,4,0
130524,Active,563855,NA,NA,S,0,0,162647.8488,14.95,1960,67,4,0
130525,Active,563362,NA,NA,S,0,0,286395.635,43.75,1979,40,7.61,0
130526,Active,163178,NA,NA,S,0,0,642728.4363,45,2011,38,10.11,0
130527,Active,187733,NA,NA,S,0,0,38922.8575,17,1996,69,5.91,0
130528,Active,216775,NA,NA,S,0,0,382703.0225,18,2003,111,4,0
130529,Active,122373,NA,NA,S,0,0,51550.64,19,2000,227,4,0
130530,Active,1488634,NA,NA,S,0,0,10849.965,39.95,2015,26,25.99,25
130531,Active,265840,NA,NA,S,0,0,345616.6588,22,2002,22,6.31,0
130532,Active,143742,NA,NA,S,0,0,79064.57,16,2010,79,4,0
130533,Active,123551,NA,NA,S,0,0,73259.76875,21,2008,190,4,0
130534,Active,921665,NA,NA,S,0,0,226836.6313,40,2009,98,4,0
130535,Active,559240,NA,NA,S,0,0,634122.6738,25,1979,61,4,6.38
130536,Active,563436,NA,NA,S,0,0,344260.8038,20.95,1995,46,4,0
130537,Active,3633850,NA,NA,S,1,0,189681.675,39.95,2013,20,22.28,22.77
130538,Active,923242,NA,NA,S,0,0,11603.61375,9.99,1987,155,4,0
130539,Active,3633681,NA,NA,S,1,0,155196.625,29.95,2013,42,6.48,15.98
130540,Active,547061,NA,NA,S,0,0,59134.61375,12.95,1993,60,4,0
130541,Active,2257692,NA,NA,S,7,1,175198.9,84.03,2010,54,39.64,84.87
130542,Active,3960013,NA,NA,S,0,0,2993.55,24.99,2016,17,13.94,13.98
130543,Active,103081,NA,NA,S,1,0,2468.77375,14.99,1993,628,4,7.28
130544,Active,129172,NA,NA,S,0,0,270660.25,11.95,2009,39,8.07,0
130545,Active,914788,NA,NA,S,0,0,29781.87875,22.99,2010,29,10.48,0
130546,Active,140053,NA,NA,S,0,0,48350.15125,15,2009,48,7.97,0
130547,Active,251013,NA,NA,S,0,0,205078.3138,19.99,2008,37,4.73,0
130548,Active,1829685,NA,NA,S,0,0,128537.175,25,2014,11,18.69,21.62
130549,Active,534140,NA,NA,S,0,0,127039.3963,18.95,2000,69,3.99,0
130550,Active,1656414,NA,NA,S,0,0,120528.9,24.95,2008,27,4,12.93
130551,Active,239943,NA,NA,S,0,0,196481.2963,15.95,2005,248,4,0
130552,Active,150976,NA,NA,S,0,0,405860.2875,16,2002,35,7.3,0
130553,Active,578551,NA,NA,S,0,0,158286.8788,26,1997,33,10.03,0
130554,Active,300932,NA,NA,S,0,0,589681.1325,24.95,1995,23,13.99,0
130555,Active,295745,NA,NA,S,0,0,371991.42,29.95,2007,27,11.98,0
130556,Active,1834785,NA,NA,S,1,0,43655.9,25.99,2014,50,4,6
130557,Active,2030118,NA,NA,S,0,0,41091.525,25,2009,46,6.86,10.78
130558,Active,3567442,NA,NA,S,1,0,16001.675,25.99,2011,48,4.53,9.32
130559,Active,1432926,NA,NA,S,0,0,34301.9,26.99,2015,12,19.3,17.98
130560,Active,1463188,NA,NA,S,1,0,173319.05,24.95,2015,10,19.84,21.11
130561,Active,1494235,NA,NA,S,1,0,111380.775,25,2013,20,11.74,20.9
130562,Active,127135,NA,NA,S,0,0,297189.3875,18.95,2006,28,8.71,0
130563,Active,913732,NA,NA,S,1,0,359990.2738,90,2013,55,5.56,28.26
130564,Active,1815300,NA,NA,S,0,0,44945.95,26,2015,25,10.97,14.59
130565,Active,862596,NA,NA,S,1,0,243886.87,45,1995,60,4,12.95
130566,Active,126469,NA,NA,S,1,0,265428.87,39.95,2010,43,12.96,0
130567,Active,1471485,NA,NA,S,1,0,129044.05,24.95,2015,16,18.95,20.2
130568,Active,1730286,NA,NA,S,1,0,168201.425,34.95,2012,7,27.95,34.95
130569,Active,565232,NA,NA,S,1,0,334478.5313,7.99,2006,32,4,7.73
130570,Active,690098,NA,NA,S,0,0,8578.95,26.95,2012,21,24.19,24.2
130571,Active,2079730,NA,NA,S,0,0,6480.4,23,2015,14,17.66,15.71
130572,Active,679923,NA,NA,S,1,0,239384.075,28,2009,26,7.17,28
130573,Active,636621,NA,NA,S,1,0,253426.775,52,2001,19,42.89,52
130574,Active,267112,NA,NA,S,1,0,208298.275,27.95,2013,21,19.98,21.62
130575,Active,1607187,NA,NA,S,0,0,84734.45,24,2014,22,15.98,17.03
130576,Active,745950,NA,NA,S,1,0,313761.0363,60,1999,61,5.97,63.92
130577,Active,923206,NA,NA,S,1,0,664283.7188,60,1998,149,4.02,20.99
130578,Active,663965,NA,NA,S,7,1,271451.325,49.95,2013,25,14.26,41.49
130579,Active,663124,NA,NA,S,3,1,76554.6675,71,2013,33,12.1,16.57
130580,Active,659784,NA,NA,S,0,0,311270.5,89.95,2013,15,4.3,7.72
130581,Active,107367,NA,NA,S,1,0,160973.55,168.91,2000,36,12.7,73.11
130582,Active,177463,NA,NA,S,6,1,505853.9475,76.95,2002,40,4,8.98
130583,Active,2776246,NA,NA,S,0,0,432520.87,29.95,1987,31,23.99,29.95
130584,Active,175087,NA,NA,S,1,0,75406.675,54.99,2008,52,6.98,22.18
130585,Active,861732,NA,NA,S,3,1,187800.92,59.99,2012,40,14.98,61.98
130586,Active,200391,NA,NA,S,0,0,95354.35,171.95,2009,25,46.14,80.39
130587,Active,911082,NA,NA,S,1,0,248268.4,29.95,2013,25,12.64,18.54
130588,Active,621194,NA,NA,S,0,0,709252.785,99.95,2011,25,6.74,47.53
130589,Active,2899266,NA,NA,S,0,0,397491.3863,18.95,1997,42,8.61,48.98
130590,Active,179132,NA,NA,S,3,1,156790.8038,117.95,2008,39,8.94,168.7
130591,Active,289330,NA,NA,S,0,0,413420.3675,50,1995,29,18.85,36.66
130592,Active,2787385,NA,NA,S,0,0,337528.24,24.95,1986,38,11.48,24.23
130593,Active,182510,NA,NA,S,4,1,604497.5763,26,2002,145,4,11.98
130594,Active,905275,NA,NA,S,3,1,58052.775,21.95,2011,21,13.98,14.91
130595,Active,555283,NA,NA,S,0,0,619354.305,50,1992,37,11.91,29.67
130596,Active,127578,NA,NA,S,6,1,82571.03125,62.95,2011,45,7.94,43.27
130597,Active,3479897,NA,NA,S,7,1,460691.95,59.95,2015,12,43.14,51.83
130598,Active,919011,NA,NA,S,1,0,521026.3338,104.24,2000,44,5.48,19.78
130599,Active,551395,NA,NA,S,1,0,120197.725,151.75,2008,33,23.69,76.41
130600,Active,3473652,NA,NA,S,8,1,181511.175,60,2016,2,59.64,59.64
130601,Active,667643,NA,NA,S,3,1,207425.2,33.95,2007,54,5.57,8.63
130602,Active,2100938,NA,NA,S,4,1,244848.5113,15.95,2014,17,5.68,48.21
130603,Active,3829332,NA,NA,S,0,0,51103.25,64.95,2015,13,43.13,43.12
130604,Active,893117,NA,NA,S,14,1,766820.9213,272.7,2012,55,4,92.87
130605,Active,876373,NA,NA,S,15,1,105899.82,130.2,2015,68,8.99,58.15
130606,Active,712860,NA,NA,S,0,0,575312.8425,112.15,2002,66,4.69,16.27
130607,Active,693185,NA,NA,S,0,0,836747.6825,99.35,1998,58,4.91,29.99
130608,Active,876177,NA,NA,S,15,1,112403.4025,104.8,2015,30,51.19,79.99
130609,Active,739599,NA,NA,S,11,1,808298.3713,95.2,2002,50,4,9.59
130610,Active,626719,NA,NA,S,1,0,60374.925,60,2012,26,8.09,37.74
130611,Active,873990,NA,NA,S,7,1,465846.805,82.47,2010,24,37.69,85.43
130612,Active,428473,NA,NA,S,1,0,156382.265,98.4,2008,37,8.98,79.49
130613,Active,132727,NA,NA,S,1,0,122730.5313,101.4,2008,38,9.61,84.97
130614,Active,1990290,NA,NA,S,1,0,103380.8,26.99,2014,42,4.32,11.69
130615,Active,1711329,NA,NA,S,0,0,216313.7,36,2014,11,23.32,31.3
130616,Active,876665,NA,NA,S,2,1,272727.8025,97.25,2015,18,42.05,48.99
130617,Active,175090,NA,NA,S,0,0,418775.4625,49.99,2010,51,5.36,19.64
130618,Active,625867,NA,NA,S,5,1,70410.04,87,2013,33,18.19,36.67
130619,Active,1946669,NA,NA,S,6,1,7185.3275,68.75,2014,41,39.33,56.96
130620,Active,560065,NA,NA,S,5,1,298110.6713,127.25,2012,23,7.71,103.99
130621,Active,108738,NA,NA,S,5,1,447309.0275,301.33,2005,39,4,39.19
130622,Active,921135,NA,NA,S,1,0,240039.3463,22,1992,77,4,22.26
130623,Active,602381,NA,NA,S,0,0,611544.0938,16.95,2003,26,6.99,7.49
130624,Active,772473,NA,NA,S,0,0,154067.7,30,2008,45,8.49,22.86
130625,Active,3013471,NA,NA,S,1,0,44516.535,16.95,2002,53,5.4,9.99
130626,Active,173533,NA,NA,S,0,0,276880.1913,44.99,1995,59,4.99,22.24
130627,Active,2084773,NA,NA,S,1,0,102569.35,29.95,2014,18,4.69,4.46
130628,Active,532927,NA,NA,S,2,1,46444.44375,49.95,2010,30,26.16,33.09
130629,Active,2010033,NA,NA,S,0,0,83072.425,24.95,2007,13,11.54,24.95
130630,Active,1436825,NA,NA,S,1,0,10178.7,26,2011,21,14.45,17.46
130631,Active,169986,NA,NA,S,12,1,79458.52,150.95,2009,59,18.94,39.11
130632,Active,157703,NA,NA,S,1,0,249113.5025,64.95,2010,44,8.5,54.01
130633,Active,417614,NA,NA,S,0,0,72039.755,133.75,2010,54,25.4,94.98
130634,Active,141829,NA,NA,S,1,0,41838.975,23,2008,37,12.44,17.34
130635,Active,2010795,NA,NA,S,1,0,104890.05,24.95,2007,21,7.64,19.99
130636,Active,768136,NA,NA,S,1,0,332831.09,113.75,2010,12,38.59,84.68
130637,Active,768135,NA,NA,S,1,0,46813.6925,80.85,2010,33,34.84,58.98
130638,Active,916147,NA,NA,S,0,0,861228.3975,105.7,2007,45,7.98,11.31
130639,Active,770204,NA,NA,S,0,0,630361.55,131.8,2001,71,4.16,48.04
130640,Active,771454,NA,NA,S,0,0,105522.1963,138.5,2003,71,8.08,60.42
130641,Active,770157,NA,NA,S,0,0,443045.7075,4.9,2002,29,4,6.99
130642,Active,770143,NA,NA,S,0,0,218199.555,7.4,2002,34,4,5.14
130643,Active,2165716,NA,NA,S,0,0,2117.125,45,2013,21,23.39,27.1
130644,Active,683113,NA,NA,S,0,0,21628.55,26.95,2012,27,15.06,17.8
130645,Active,238982,NA,NA,S,0,0,286375.72,34.95,2005,40,13.97,0
130646,Active,2165721,NA,NA,S,0,0,27775.075,40,2014,30,11.19,25.87
130647,Active,622668,NA,NA,S,0,0,27828.225,34.95,2010,20,19.6,38.91
130648,Active,633892,NA,NA,S,0,0,79689.95,34.95,2012,31,16.12,27.89
130649,Active,621970,NA,NA,S,0,0,97356.2,35,2009,34,13.87,23.49
130650,Active,244341,NA,NA,S,7,1,56591.93125,283.5,2011,58,23.94,90.79
130651,Active,264898,NA,NA,S,6,1,119678.225,83.95,2003,24,22.64,27.05
130652,Active,1780697,NA,NA,S,1,0,140737.675,49.95,2014,11,21.6,28.99
130653,Active,3800416,NA,NA,S,0,0,21212.9,29.99,2013,23,22.21,22.99
130654,Active,3283463,NA,NA,S,3,1,62240.05,66.69,1900,18,5.59,38.89
130655,Active,212414,NA,NA,S,3,1,82128.64125,22.95,2001,406,4,11.98
130656,Active,860200,NA,NA,S,0,0,600524.7738,50,2010,22,10.69,48.98
130657,Active,141928,NA,NA,S,6,1,63472.19875,65.5,2009,96,19.69,23.98
130658,Active,598486,NA,NA,S,2,1,7556.275,24.95,2011,12,15.28,16.98
130659,Active,685971,NA,NA,S,0,0,80121.075,25.99,2012,20,19.5,20.05
130660,Active,1672655,NA,NA,S,1,0,114694.675,29.99,2011,38,8.82,18.99
130661,Active,2105755,NA,NA,S,0,0,32930.925,34.95,2014,19,20.83,22.18
130662,Active,128644,NA,NA,S,1,0,448609.6525,42.5,1998,46,5.68,30.99
130663,Active,184334,NA,NA,S,0,0,655125.5425,84.95,2000,33,4.78,63.58
130664,Active,646901,NA,NA,S,1,0,141485.55,37,2013,19,20.68,23.24
130665,Active,632108,NA,NA,S,0,0,803763.2263,51.95,2012,38,15.28,40.36
130666,Active,679647,NA,NA,S,0,0,359365.2325,29.95,2006,43,7.75,21.99
130667,Active,619426,NA,NA,S,6,1,56544.375,38.95,2005,32,18.89,28.02
130668,Active,126439,NA,NA,S,1,0,680746.3775,107.95,2004,25,18.99,44.14
130669,Active,3960151,NA,NA,S,1,0,27478.55,25,2016,20,17.07,13.46
130670,Active,190160,NA,NA,S,0,0,55368.72125,49.95,2010,36,22.11,28.96
130671,Active,2402289,NA,NA,S,0,0,442573.1238,49.95,1971,87,4,12.23
130672,Active,54811,NA,NA,S,5,1,363734.1938,61.2,2001,35,4,29.79
130673,Active,132902,NA,NA,S,4,1,342188.2138,85,2009,34,4.23,128.69
130674,Active,2062358,NA,NA,S,1,0,488684.35,16.99,2014,23,11.42,12.07
130675,Active,1504168,NA,NA,S,3,1,406282.0013,19.99,2010,29,8.63,15.5
130676,Active,1607144,NA,NA,S,0,0,87637.45,27,2015,34,4,9.38
130677,Active,899199,NA,NA,S,0,0,527863.7188,47.5,1982,27,13.46,63.99
130678,Active,1858691,NA,NA,S,2,1,74371.95,28,2008,11,33.98,33.99
130679,Active,689061,NA,NA,S,0,0,22397.175,24.99,2013,31,10.23,16.74
130680,Active,1603627,NA,NA,S,0,0,10275.2,24.99,2013,38,5.89,6.28
130681,Active,1983344,NA,NA,S,1,0,8539.275,65,2012,5,58.33,54.89
130682,Active,680670,NA,NA,S,1,0,71177.25,28,2008,19,22.37,24.21
130683,Active,295278,NA,NA,S,1,0,137612.4,29.95,2008,30,13.76,14.49
130684,Active,667259,NA,NA,S,4,1,2437.9725,35,2012,86,15.54,19.79
130685,Active,1625803,NA,NA,S,1,0,82268.1,25.5,2011,32,10.09,16.07
130686,Active,3513218,NA,NA,S,0,0,12024.45,39.95,2015,53,18.05,24.96
130687,Active,1969678,NA,NA,S,0,0,54674.35,30,2012,45,7.93,9.96
130688,Active,1529548,NA,NA,S,0,0,46849.775,29.99,2011,19,16.01,20.65
130689,Active,680133,NA,NA,S,1,0,28905.825,29.99,2008,26,13.63,17.05
130690,Active,246249,NA,NA,S,1,0,710895.4625,64.95,2006,32,8.24,42.96
130691,Active,659104,NA,NA,S,1,0,98182.025,53.95,1999,21,39.86,41.97
130692,Active,283496,NA,NA,S,1,0,716002.8688,113.95,1998,17,6.38,71.77
130693,Active,244178,NA,NA,S,3,1,127475.7688,100.95,2012,41,21.59,73.21
130694,Active,918359,NA,NA,S,1,0,671298.1788,65.95,2002,33,7.85,34.33
130695,Active,184455,NA,NA,S,1,0,520524.1225,60.95,2002,31,13.74,40.77
130696,Active,534253,NA,NA,S,1,0,599478.1163,65.95,2003,36,14.3,38.2
130697,Active,1534741,NA,NA,S,1,0,121919.4,26.95,2015,24,10.67,16.34
130698,Active,3744148,NA,NA,S,1,0,5640.5,27.95,2016,13,21.48,18.78
130699,Active,615832,NA,NA,S,1,0,303015.035,135,1994,80,4,19.52
130700,Active,2039786,NA,NA,S,0,0,153986.7,35,2008,20,20.94,22.92
130701,Active,685444,NA,NA,S,1,0,3389.8,21.95,2011,30,9.84,12.61
130702,Active,2289516,NA,NA,S,6,1,47056.675,0,2014,0,0,10.44
130703,Active,2910684,NA,NA,S,0,0,85064.96625,38.95,2004,22,27.76,29.21
130704,Active,2028703,NA,NA,S,0,0,402767.87,39.99,2007,51,6.48,21.99
130705,Active,1724446,NA,NA,S,0,0,54203.1,50,2012,17,31.05,31.06
130706,Active,746624,NA,NA,S,1,0,66802.725,29.95,2011,34,8.79,16.52
130707,Active,690556,NA,NA,S,0,0,116656.025,29.95,2008,12,23.96,29.95
130708,Active,860201,NA,NA,S,2,1,631645.54,56.78,2010,15,4,38.51
130709,Active,682579,NA,NA,S,0,0,104610.1,30,2012,41,7.86,13.17
130710,Active,1476315,NA,NA,S,1,0,37269.2,34.95,2015,9,27.12,26.07
130711,Active,1488377,NA,NA,S,0,0,176870.425,30,2014,17,18.98,18.99
130712,Active,747839,NA,NA,S,1,0,153425.975,23.5,2009,21,12.65,16.79
130713,Active,3510237,NA,NA,S,0,0,74338.75,25.95,2014,13,18.79,18.65
130714,Active,1484828,NA,NA,S,3,1,701419.3775,42.95,2007,23,6.04,42.95
130715,Active,1565996,NA,NA,S,1,0,179017.375,35,2009,24,11.64,66.69
130716,Active,3483956,NA,NA,S,1,0,193740.925,39.95,2016,10,35.62,28.99
130717,Active,659084,NA,NA,S,0,0,822005.4825,73.95,2007,22,8.82,57.99
130718,Active,174515,NA,NA,S,0,0,273298.4575,64.99,2001,35,11.24,38.49
130719,Active,299938,NA,NA,S,0,0,206174.3175,27.95,2000,33,19.71,27.51
130720,Active,683441,NA,NA,S,0,0,246704.75,29.95,2008,15,7.14,30.99
130721,Active,2667121,NA,NA,S,2,1,31421.5525,39.95,1981,61,15.87,23.73
130722,Active,546280,NA,NA,S,0,0,74173.625,40,2011,20,28.54,25
130723,Active,215687,NA,NA,S,0,0,148692.775,44,2008,20,37.52,42.24
130724,Active,1489120,NA,NA,S,1,0,208275.2363,48.99,2006,39,3.62,36.14
130725,Active,543631,NA,NA,S,2,1,78988.9575,68,2012,37,41.76,59.98
130726,Active,2605668,NA,NA,S,0,0,449291.7875,54.99,1996,39,7.33,38.57
130727,Active,667271,NA,NA,S,0,0,180015.075,35,2012,12,30.34,31.5
130728,Active,647099,NA,NA,S,0,0,53452.025,50,2012,17,23.3,32.55
130729,Active,2043790,NA,NA,S,0,0,12328.175,25,2013,14,16.04,19.49
130730,Active,689656,NA,NA,S,2,1,92529.875,21.95,2012,15,16.52,16.26
130731,Active,3960014,NA,NA,S,0,0,4345.15,26.99,2016,20,19.01,16.05
130732,Active,772163,NA,NA,S,0,0,174766.4788,26.95,2005,41,4.86,23.46
130733,Active,3529988,NA,NA,S,0,0,89742.1,26,2016,47,5.1,8.48
130734,Active,2864628,NA,NA,S,19,1,623014.61,30,2000,21,8.7,95.68
130735,Active,673954,NA,NA,S,10,1,74633.625,29.95,2012,12,27.58,27.58
130736,Active,2291848,NA,NA,S,8,1,26250.225,0,2015,0,0,24.44
130737,Active,2103405,NA,NA,S,3,1,907.25,29.95,2014,23,23.18,23.3
130738,Active,1730280,NA,NA,S,7,1,771014.715,49.95,2009,18,16.67,23.97
130739,Active,1730259,NA,NA,S,3,1,413126.2463,29.95,2010,14,23.94,29.95
130740,Active,1690779,NA,NA,S,0,0,165186.625,22,2010,12,17.09,14.1
130741,Active,600045,NA,NA,S,2,1,313012.1288,39.95,2010,23,17.6,36.51
130742,Active,1871635,NA,NA,S,0,0,51987.025,45,2014,16,26.42,27.03
130743,Active,2158951,NA,NA,S,0,0,388791.925,50,2009,29,11.48,31.13
130744,Active,2115160,NA,NA,S,0,0,83624.25,24.95,2015,13,20.17,15.28
130745,Active,2115153,NA,NA,S,0,0,47028.625,25,2015,18,17.04,17.09
130746,Active,253654,NA,NA,S,1,0,78919.65,59.95,2009,12,38.63,59.19
130747,Active,1954175,NA,NA,S,1,0,165467.325,45,2015,15,31.64,31.63
130748,Active,574285,NA,NA,S,1,0,362186.5125,45,1994,47,10.31,36.94
130749,Active,1630889,NA,NA,S,0,0,99199.5325,12.95,2014,32,7.62,8.81
130750,Active,2043721,NA,NA,S,0,0,56343.8,24.99,2011,55,8.33,8.13
130751,Active,631498,NA,NA,S,0,0,60801.35,125,2011,31,41.3,68.63
130752,Active,2138258,NA,NA,S,0,0,37312.675,29.95,2010,23,17.11,17.12
130753,Active,1942245,NA,NA,S,0,0,22573.275,33,2013,22,20.94,25.85
130754,Active,181991,NA,NA,S,1,0,97088.825,39.99,2007,41,8.85,25.94
130755,Active,2049808,NA,NA,S,1,0,39621.95,34.99,2011,22,22.33,21.98
130756,Active,2112717,NA,NA,S,0,0,44268.025,34.95,2014,15,25.81,19.98
130757,Active,186554,NA,NA,S,0,0,17548.52125,34.5,2008,34,27.18,37.72
130758,Active,683943,NA,NA,S,0,0,24600.025,22.95,2010,18,15.98,17.09
130759,Active,673875,NA,NA,S,0,0,91273.15,24.95,2010,12,23.48,23.48
130760,Active,128740,NA,NA,S,2,1,62629.725,29.95,2009,33,17.55,16.22
130761,Active,1943059,NA,NA,S,1,0,49673.55,27,2014,45,9.08,16.42
130762,Active,2112702,NA,NA,S,0,0,115646.125,34.95,2014,26,10.95,15.98
130763,Active,1703606,NA,NA,S,0,0,101929.1,32.5,2009,59,5.83,17.47
130764,Active,1660714,NA,NA,S,0,0,98633.5425,40,2013,22,20.93,23.97
130765,Active,2033965,NA,NA,S,1,0,130586.2638,34.95,2009,31,14.97,22.16
130766,Active,2203816,NA,NA,S,0,0,74867.625,34.95,2013,23,22.29,26.08
130767,Active,1704505,NA,NA,S,1,0,226064.175,40,2011,21,11.58,24.49
130768,Active,3517719,NA,NA,S,1,0,134122.525,54.95,2014,31,34.49,43.11
130769,Active,261010,NA,NA,S,0,0,471675.5388,34.95,2000,84,4,11.47
130770,Active,3634991,NA,NA,S,3,1,49391,22,2016,15,15.69,14.1
130771,Active,686593,NA,NA,S,1,0,6752.65,29.95,2013,20,20.35,19.7
130772,Active,130276,NA,NA,S,2,1,424926.4013,79.99,1998,40,18.37,33.99
130773,Active,680052,NA,NA,S,1,0,164694.925,27.95,2013,49,4,7.91
130774,Active,689036,NA,NA,S,1,0,44654.375,29.95,2013,17,18.94,20.34
130775,Active,220300,NA,NA,S,0,0,45358.825,29.95,2008,19,28.47,31.63
130776,Active,573575,NA,NA,S,0,0,261346.5825,13.99,1997,62,4.58,11.09
130777,Active,2112691,NA,NA,S,0,0,63223.075,34.95,2013,23,18.01,23.83
130778,Active,639327,NA,NA,S,1,0,107193.05,39.95,2008,47,22.25,24.51
130779,Active,599160,NA,NA,S,0,0,57540.625,22.99,2007,38,6.53,12.98
130780,Active,2082227,NA,NA,S,0,0,19987.425,45,2014,16,22.08,26.64
130781,Active,1488771,NA,NA,S,4,1,675549.4075,90,2008,20,12.35,73.98
130782,Active,2043692,NA,NA,S,0,0,71097.4,24.99,2009,30,11.06,15.89
130783,Active,2094390,NA,NA,S,0,0,23887.875,39.99,2014,22,17.53,23.22
130784,Active,1866800,NA,NA,S,1,0,48650.725,50,2014,21,33.49,32.99
130785,Active,626286,NA,NA,S,0,0,29588.15,45,2010,41,21.99,22.84
130786,Active,667320,NA,NA,S,0,0,42154.975,40,2012,39,20.98,25.5
130787,Active,215883,NA,NA,S,0,0,327881.8088,49.5,1996,35,12.46,73.99
130788,Active,635087,NA,NA,S,1,0,62881.625,34.95,2010,21,19.31,24.66
130789,Active,3566377,NA,NA,S,0,0,97291.35,60,2014,20,33.46,34.06
130790,Active,1719483,NA,NA,S,0,0,122848.05,21.95,2008,28,11.43,16.41
130791,Active,2019428,NA,NA,S,0,0,12892.225,35,2014,14,25.67,21.87
130792,Active,199212,NA,NA,S,0,0,713644.2063,65,2007,52,4.54,15.91
130793,Active,682078,NA,NA,S,1,0,43411.2,27.95,2012,34,12.64,18.32
130794,Active,126767,NA,NA,S,0,0,128359.575,80.95,2007,24,17.42,38.94
130795,Active,827257,NA,NA,S,0,0,388719.635,43.63,1995,17,16.97,24.95
130796,Active,3580167,NA,NA,S,0,0,468129.7,24.95,2002,38,32.64,241.41
130797,Active,1630885,NA,NA,S,1,0,58221.75,35,2015,22,21.32,22.66
130798,Active,1630840,NA,NA,S,0,0,106177.9,45,2011,33,17.34,22.57
130799,Active,663185,NA,NA,S,1,0,13501.375,40,2013,37,20.18,24.51
130800,Active,2255290,NA,NA,S,10,1,26524,24.48,2009,20,8.68,25.75
130801,Active,270229,NA,NA,S,9,1,65282.75,39.95,2009,25,26.81,31.45
130802,Active,650106,NA,NA,S,3,1,228523.7688,29.95,2010,25,13.86,26.6
130803,Active,650107,NA,NA,S,4,1,267436.2313,34.95,2010,20,28.62,31.73
130804,Active,697047,NA,NA,S,0,0,408188.6513,49.95,1998,41,4,18.43
130805,Active,1938780,NA,NA,S,0,0,28453.75,40,2015,19,17.01,21.93
130806,Active,1491305,NA,NA,S,0,0,60093.325,30,2014,18,23.45,22.2
130807,Active,631524,NA,NA,S,0,0,16877.65,35,2011,17,23.57,23.57
130808,Active,2046743,NA,NA,S,1,0,48437.18875,27.95,2012,160,6.48,7.97
130809,Active,201336,NA,NA,S,1,0,438745.77,45,2005,52,4,13.99
130810,Active,2167214,NA,NA,S,1,0,62699.625,44.95,2013,22,19.34,30.74
130811,Active,2021021,NA,NA,S,1,0,185283.375,24.95,2008,19,8.93,24.94
130812,Active,2112708,NA,NA,S,0,0,79913.575,34.95,2014,19,19.21,24.71
130813,Active,195529,NA,NA,S,0,0,162278.15,25,2007,27,11.25,47.25
130814,Active,2045212,NA,NA,S,1,0,95675.425,24.95,2014,22,15.98,17.34
130815,Active,2045215,NA,NA,S,1,0,20270.3,34.95,2014,15,29.76,24.96
130816,Active,2079600,NA,NA,S,0,0,33314.675,40,2011,21,23.56,23.58
130817,Active,2167861,NA,NA,S,0,0,24877.1,25,2015,17,17.15,13.95
130818,Active,121211,NA,NA,S,1,0,458976.6938,34.99,2010,21,23.49,46.95
130819,Active,2062809,NA,NA,S,1,0,59346.475,0,2011,17,13.08,76.16
130820,Active,3783676,NA,NA,S,2,1,240101.025,65,2010,25,10.49,28.98
130821,Active,667224,NA,NA,S,1,0,103490.95,50,2012,18,35.86,35.96
130822,Active,881478,NA,NA,S,0,0,32250.2325,36.95,2014,21,20.98,19.44
130823,Active,1716704,NA,NA,S,0,0,107029.75,24.99,2010,20,10.24,12.89
130824,Active,1495396,NA,NA,S,2,1,38787.05,30,2008,36,17.24,19.96
130825,Active,3682738,NA,NA,S,3,1,118747.55,15.99,2015,21,8.49,8.48
130826,Active,2169196,NA,NA,S,0,0,169216.875,29.95,2015,13,21.12,19
130827,Active,1576478,NA,NA,S,0,0,146520.3,42.95,2012,13,28.51,33.48
130828,Active,271998,NA,NA,S,3,1,765143.4688,24.95,2005,43,4.15,18.43
130829,Active,250766,NA,NA,S,1,0,83830.175,24.99,2007,49,5.06,14.49
130830,Active,684734,NA,NA,S,0,0,86752.4,26,2013,29,8.46,14.47
130831,Active,139361,NA,NA,S,0,0,23481.125,26,2010,17,18.43,19.44
130832,Active,2102738,NA,NA,S,0,0,51475.2,39.95,2014,15,22.35,27.86
130833,Active,678514,NA,NA,S,0,0,53359.125,24.99,2007,31,11.66,18.25
130834,Active,251005,NA,NA,S,0,0,144634.1,50,2007,19,23.98,63.99
130835,Active,103186,NA,NA,S,1,0,193368.275,24.95,2007,51,5.2,13.98
130836,Active,1870234,NA,NA,S,0,0,81238.8,34.99,2014,13,25.41,24.27
130837,Active,617083,NA,NA,S,1,0,319393.4188,47,1987,53,4,13.98
130838,Active,1912578,NA,NA,S,0,0,65951.775,21.95,2008,29,4.91,16.81
130839,Active,1441290,NA,NA,S,11,1,16481.925,0,2012,22,14.07,105.99
130840,Active,679880,NA,NA,S,2,1,815.675,27,2011,39,13.55,15.94
130841,Active,630500,NA,NA,S,4,1,34345.265,121,2013,61,52.99,69.97
130842,Active,619848,NA,NA,S,6,1,98731.3625,144,2005,68,21.99,86.79
130843,Active,2368151,NA,NA,S,2,1,213383.3225,54.98,1977,44,7.49,54.85
130844,Active,631004,NA,NA,S,1,0,210410.675,80,2008,18,38.38,46.84
130845,Active,3828070,NA,NA,S,0,0,144711.8,22.95,2009,24,13.97,22.95
130846,Active,2112677,NA,NA,S,1,0,22156.975,34.95,2014,18,19.21,24.76
130847,Active,2838531,NA,NA,S,0,0,136289.175,32.95,2015,11,27.84,25.69
130848,Active,2051186,NA,NA,S,0,0,153552.625,26.99,2013,17,7.87,10.02
130849,Active,892803,NA,NA,S,2,1,78267.78125,28,2014,25,18.39,18.59
130850,Active,1989673,NA,NA,S,3,1,66130.6475,49.99,2015,22,22.74,29.82
130851,Active,2041696,NA,NA,S,0,0,90832.125,25.95,2013,47,8,9.03
130852,Active,633722,NA,NA,S,1,0,43790.625,35,2013,25,22.02,22.27
130853,Active,2041808,NA,NA,S,0,0,6374.625,25.95,2014,32,13.37,15.44
130854,Active,1660780,NA,NA,S,0,0,102592.9,35,2014,13,25.48,16.98
130855,Active,153239,NA,NA,S,1,0,143078.425,28.95,2008,57,13.35,33.92
130856,Active,650059,NA,NA,S,0,0,30401.7,40,2010,19,25,24.77
130857,Active,3815977,NA,NA,S,1,0,111570.375,35,2009,38,11.98,55.11
130858,Active,2094472,NA,NA,S,0,0,45998.825,34.99,2014,18,16.17,18.67
130859,Active,1938730,NA,NA,S,0,0,113048.775,40,2014,43,13.45,18.51
130860,Active,2045224,NA,NA,S,1,0,32517.8,29.95,2014,19,18.37,19.14
130861,Active,532737,NA,NA,S,2,1,236321.7563,25,2009,20,19.08,20.49
130862,Active,1990921,NA,NA,S,1,0,91283.375,24.95,2014,23,14.49,14.49
130863,Active,1871828,NA,NA,S,1,0,88952.95,35,2014,19,19.61,19.76
130864,Active,1660763,NA,NA,S,0,0,87024.8625,45,2014,50,18.04,29.21
130865,Active,2217739,NA,NA,S,0,0,107769.625,29.95,2011,22,14.13,19.54
130866,Active,2094383,NA,NA,S,0,0,22147.1,39.99,2013,35,22.7,24.35
130867,Active,1836546,NA,NA,S,0,0,121843.8,40,2012,24,12,17.61
130868,Active,623840,NA,NA,S,1,0,25037.3,39.99,2012,18,18.66,27.18
130869,Active,1680196,NA,NA,S,0,0,90089.125,29.99,2013,20,21.36,20.08
130870,Active,2170173,NA,NA,S,0,0,51915.675,26.95,2015,25,9.95,18.94
130871,Active,558075,NA,NA,S,1,0,25110.4,28,2012,18,19.85,21.53
130872,Active,1688303,NA,NA,S,0,0,42730.3,50,2011,16,34.91,32.25
130873,Active,1630856,NA,NA,S,0,0,102453.975,39.95,2012,34,20.29,25
130874,Active,599608,NA,NA,S,1,0,101451.1,27.95,2012,49,4,5.2
130875,Active,267723,NA,NA,S,1,0,43184.2,25,2007,54,7.82,10.94
130876,Active,2041805,NA,NA,S,0,0,5697.5,29.95,2015,24,16.79,16.8
130877,Active,264774,NA,NA,S,0,0,117043.425,29.95,2008,43,10.92,19.28
130878,Active,2094455,NA,NA,S,0,0,82107.6,39.99,2015,15,26.86,26.18
130879,Active,244005,NA,NA,S,3,1,37358.335,203.95,2012,76,36.98,38.99
130880,Active,682504,NA,NA,S,1,0,54925.85,25.99,2013,43,8.12,14.74
130881,Active,2093600,NA,NA,S,1,0,9724.475,32.5,2014,21,11.97,21.13
130882,Active,2115134,NA,NA,S,1,0,78913.625,34.95,2014,26,10.39,10.35
130883,Active,1704331,NA,NA,S,0,0,110407.4,40,2009,25,21.05,27.72
130884,Active,677617,NA,NA,S,0,0,44010.725,26.99,2012,44,10.83,10.84
130885,Active,655441,NA,NA,S,1,0,60294.025,40,2012,30,13.99,27.19
130886,Active,867249,NA,NA,S,5,1,47163,29.95,2014,19,22.73,25.07
130887,Active,1432855,NA,NA,S,0,0,92111.375,22.99,2012,18,11.93,14.8
130888,Active,3810192,NA,NA,S,0,0,89081.4,24.95,2012,33,18.09,19.05
130889,Active,3511418,NA,NA,S,1,0,121602.625,21.95,2007,69,4,8.97
130890,Active,2099520,NA,NA,S,0,0,5997.9,24.99,2014,32,16.47,16.98
130891,Active,2094470,NA,NA,S,0,0,87948.75,39.99,2014,18,28.55,24.75
130892,Active,1938524,NA,NA,S,0,0,70691.975,40,2012,29,14.87,21.51
130893,Active,3960011,NA,NA,S,0,0,5369.725,40,2016,11,26.24,26.25
130894,Active,2167237,NA,NA,S,1,0,53184.45,39.95,2015,15,25.61,27.62
130895,Active,496306,NA,NA,S,0,0,155346.05,24.99,2009,14,17.98,19.2
130896,Active,1778953,NA,NA,S,2,1,58407.675,34.95,2014,9,23.05,23.07
130897,Active,689080,NA,NA,S,1,0,77707.4,24.95,2013,17,11.62,17.12
130898,Active,2034159,NA,NA,S,0,0,38718.6,21.95,2013,31,12.02,13.96
130899,Active,2087692,NA,NA,S,0,0,41836.3,24.95,2015,16,15.44,16.21
130900,Active,532732,NA,NA,S,6,1,370314.545,18.95,2006,111,4,0
130901,Active,3829694,NA,NA,S,2,1,68858.85,24.99,2016,10,18.48,14.98
130902,Active,1762339,NA,NA,S,0,0,119139.075,27.95,2014,13,20.07,20.08
130903,Active,1918527,NA,NA,S,0,0,126327.35,24.99,2014,17,10.68,12.69
130904,Active,1716604,NA,NA,S,2,1,50613.25,24.95,2008,25,16.47,16.74
130905,Active,1716598,NA,NA,S,0,0,65966.25,35,2011,20,24.99,22.98
130906,Active,197449,NA,NA,S,3,1,403635.5788,24.95,2009,36,6.69,18.22
130907,Active,685439,NA,NA,S,0,0,10260.3,29.95,2011,14,21.71,20.73
130908,Active,647257,NA,NA,S,0,0,512702.2138,44.95,2011,23,15.57,37.13
130909,Active,918055,NA,NA,S,1,0,78610.75,40,2008,31,6.99,10.95
130910,Active,623056,NA,NA,S,0,0,167717.65,63,1999,37,6.75,48.41
130911,Active,686626,NA,NA,S,0,0,90721.925,24.95,2013,21,11,17.55
130912,Active,2167080,NA,NA,S,0,0,86356.625,35.95,2013,17,19.98,27.99
130913,Active,3097484,NA,NA,S,0,0,39080.975,49.95,2004,2,0,43.47
130914,Active,685162,NA,NA,S,0,0,115987.3,26.95,2008,17,19.98,22.29
130915,Active,1536561,NA,NA,S,0,0,53463.6,28.95,2014,60,4,10.97
130916,Active,906712,NA,NA,S,0,0,582890.1063,56.11,2000,27,7.83,53.83
130917,Active,1554615,NA,NA,S,1,0,67909.45,39.95,2014,16,31.79,29.73
130918,Active,3614839,NA,NA,S,0,0,29539.575,0,2015,45,17.19,28.99
130919,Active,238809,NA,NA,S,0,0,731380.0775,26.95,1999,24,7.51,49.97
130920,Active,797943,NA,NA,S,0,0,102271.425,39.95,2007,17,13.83,16.9
130921,Active,2901395,NA,NA,S,0,0,385988.6413,24.95,1987,41,11.66,19.64
130922,Active,584434,NA,NA,S,5,1,281991.65,19.95,2010,19,3.43,18.14
130923,Active,679764,NA,NA,S,1,0,49403.975,25.99,2012,36,7.81,10.98
130924,Active,2167536,NA,NA,S,1,0,28356.175,24.95,2015,12,18.8,16.52
130925,Active,1829612,NA,NA,S,0,0,317427.945,30,2009,13,32.38,22.5
130926,Active,914867,NA,NA,S,1,0,109837.7563,54.99,2009,32,22.69,41.51
130927,Active,1576509,NA,NA,S,0,0,60451.15,24.95,2013,8,18.99,20.49
130928,Active,1576659,NA,NA,S,0,0,82858.975,29.95,2013,24,13.27,28.99
130929,Active,182567,NA,NA,S,0,0,37224.68875,25,2001,87,5.29,14.43
130930,Active,170474,NA,NA,S,2,1,461895.7825,34.95,2010,63,5.69,19.84
130931,Active,172258,NA,NA,S,2,1,104161.8,26.95,2009,13,18.91,22.95
130932,Active,640234,NA,NA,S,0,0,675072.1263,25,2005,27,7,27.49
130933,Active,592398,NA,NA,S,0,0,196487.575,27,2009,27,7.94,21.49
130934,Active,917515,NA,NA,S,2,1,41683.425,22.95,2008,51,7.03,16.23
130935,Active,3556999,NA,NA,S,0,0,50116.575,69.99,2015,16,43.44,50.44
130936,Active,336445,NA,NA,S,0,0,687495.8225,45.95,2002,50,4.22,36.3
130937,Active,642133,NA,NA,S,1,0,144184.675,61.95,2012,26,39.04,41.11
130938,Active,862689,NA,NA,S,0,0,441485.9875,44.99,1997,32,19.59,39.44
130939,Active,2053552,NA,NA,S,0,0,81058.05,27,2010,27,17.48,22.88
130940,Active,614630,NA,NA,S,0,0,750982.4188,50,2006,64,4,26.94
130941,Active,2133195,NA,NA,S,1,0,39205,24.95,2014,15,18.75,18.75
130942,Active,287718,NA,NA,S,0,0,112374.7,35,2007,32,17.21,27.14
130943,Active,116101,NA,NA,S,0,0,732526.1175,129.8,2004,30,5.44,129.79
130944,Active,1613864,NA,NA,S,0,0,599.975,34.95,2014,17,21.94,23.44
130945,Active,1434196,NA,NA,S,1,0,867.425,27.99,2015,22,16.99,16.58
130946,Active,2041793,NA,NA,S,0,0,24647.725,27.95,2015,12,19.53,15.7
130947,Active,818855,NA,NA,S,0,0,504884.1225,19.95,2006,208,3.67,3.89
130948,Active,1655865,NA,NA,S,0,0,102589.45,24.99,2012,27,4,15.54
130949,Active,573127,NA,NA,S,0,0,121179.8,24,2008,18,13.56,16.99
130950,Active,1876847,NA,NA,S,0,0,44077.825,30,2013,53,8.85,20.62
130951,Active,1752789,NA,NA,S,0,0,26246.8,21.95,2012,15,18.98,21.63
130952,Active,2104011,NA,NA,S,1,0,59540.4,22.95,2014,24,13.36,16.25
130953,Active,1777968,NA,NA,S,1,0,150756.85,24.95,2012,29,4.15,14.56
130954,Active,1661864,NA,NA,S,0,0,21734.025,26.95,2015,18,8.18,8.19
130955,Active,1682600,NA,NA,S,2,1,81470.675,24.95,2013,16,12.43,17.64
130956,Active,675573,NA,NA,S,0,0,11368.7,21,2013,38,8.62,9.89
130957,Active,1704282,NA,NA,S,0,0,74142.375,24.95,2008,52,30.89,92.63
130958,Active,2088300,NA,NA,S,0,0,35854.225,24.95,2014,14,18.83,17.57
130959,Active,2065237,NA,NA,S,1,0,9721.075,24.95,2011,18,19.06,16.96
130960,Active,3619415,NA,NA,S,2,1,73505.9,24.95,2015,16,17.82,18.61
130961,Active,3006032,NA,NA,S,0,0,13830.675,21.5,2015,9,21.01,17.2
130962,Active,1434349,NA,NA,S,1,0,3743.225,27.99,2015,13,20.36,16.91
130963,Active,3753984,NA,NA,S,0,0,2528.1,26,2016,16,15.74,15.93
130964,Active,1631061,NA,NA,S,0,0,26688.575,24.99,2010,35,13.97,15.97
130965,Active,1691318,NA,NA,S,0,0,77275.45,39.99,2012,32,8.01,9.04
130966,Active,368090,NA,NA,S,1,0,72586.375,39.99,2011,39,7.94,19.67
130967,Active,1691408,NA,NA,S,0,0,48317.575,29.99,2013,17,15.49,21.18
130968,Active,689500,NA,NA,S,1,0,108615.9563,28,2008,75,6.97,17.99
130969,Active,2082166,NA,NA,S,0,0,103989.775,39.95,2011,24,20.4,38.76
130970,Active,1600782,NA,NA,S,0,0,351812.3525,15.95,2008,31,4,12.05
130971,Active,1925549,NA,NA,S,0,0,23911.625,22.99,2014,43,6.99,11.03
130972,Active,845551,NA,NA,S,0,0,131030.3288,48.98,1991,40,10.95,43.94
130973,Active,1938576,NA,NA,S,1,0,7234.025,30,2014,15,15.84,19.97
130974,Active,1661211,NA,NA,S,2,1,4421.73875,22.95,2008,81,7.38,13.34
130975,Active,2049345,NA,NA,S,0,0,93035.825,24.99,2011,30,6.66,10.96
130976,Active,1704053,NA,NA,S,1,0,122202.225,25.95,2008,20,12.24,18.82
130977,Active,1724425,NA,NA,S,0,0,55951.3,40,2012,14,34.01,43.99
130978,Active,1496890,NA,NA,S,1,0,176388.975,26.95,2013,32,6.75,7.99
130979,Active,579659,NA,NA,S,0,0,284527.4588,47.95,2005,35,13.85,40.73
130980,Active,1657895,NA,NA,S,3,1,882602.5538,52.09,2009,19,4.99,45.71
130981,Active,248171,NA,NA,S,2,1,98140.57,101,2011,70,13.02,29.99
130982,Active,141949,NA,NA,S,1,0,45737.625,32.99,2008,20,20.27,19.12
130983,Active,687248,NA,NA,S,2,1,35247.39,29.95,2013,32,14.98,19.16
130984,Active,269493,NA,NA,S,1,0,458667.4925,29.95,2011,25,10.14,29.95
130985,Active,258155,NA,NA,S,2,1,74240.275,22.95,2011,31,17.59,20.28
130986,Active,1479761,NA,NA,S,1,0,34407.225,45,2012,17,29.33,36.34
130987,Active,3561876,NA,NA,S,0,0,160622.175,37,2008,32,17.92,22.66
130988,Active,1815150,NA,NA,S,0,0,105876.625,27.99,2015,26,6.48,8.73
130989,Active,127145,NA,NA,S,0,0,530436.2075,28.95,2006,21,15.4,19.66
130990,Active,721497,NA,NA,S,1,0,643161.1238,74,2008,70,4,10.88
130991,Active,3947783,NA,NA,S,3,1,117185.1,27.95,2010,20,23.74,24.19
130992,Active,580403,NA,NA,S,0,0,123106.4175,40,2002,64,6.73,18.68
130993,Active,2509623,NA,NA,S,2,1,468522.0125,16.95,2004,107,4,9.94
130994,Active,1508651,NA,NA,S,1,0,30079.525,35,2014,37,15.92,20.99
130995,Active,3829434,NA,NA,S,0,0,154900.05,50,2013,34,8.97,5.56
130996,Active,1508663,NA,NA,S,0,0,44958.39625,50,2013,65,17.59,17.59
130997,Active,1507592,NA,NA,S,0,0,73844.175,24.99,2007,33,6.9,18.99
130998,Active,1532307,NA,NA,S,0,0,37120.625,26,2015,18,17.93,18.65
130999,Active,1720487,NA,NA,S,0,0,123883.8,24,2007,15,14.99,15.38
131000,Active,3576543,NA,NA,S,0,0,390987.9,42,2004,71,19.99,30.44
131001,Active,616818,NA,NA,S,2,1,46496.19875,89,2013,74,33.39,70.94
131002,Active,632026,NA,NA,S,2,1,104627.9,89,2013,59,40.76,53.99
131003,Active,655235,NA,NA,S,9,1,16299.5875,105.75,2013,85,35.64,77.46
131004,Active,141028,NA,NA,S,5,1,717023.6588,46.5,1999,57,6.24,23.94
131005,Active,637875,NA,NA,S,1,0,2776.925,35,2011,19,23.19,23.2
131006,Active,675866,NA,NA,S,0,0,77090.3,25,2011,63,5.55,10.29
131007,Active,2083899,NA,NA,S,1,0,120291.3,32.5,2014,55,11.14,12.94
131008,Active,1508897,NA,NA,S,0,0,61416.575,35,2015,24,16.54,20.32
131009,Active,3499009,NA,NA,S,0,0,199930.35,129.99,2014,20,16.05,16.05
131010,Active,3814816,NA,NA,S,0,0,125551.425,49.95,2014,19,28.04,28.53
131011,Active,1489832,NA,NA,S,0,0,179270.975,50,2015,13,35.57,36.23
131012,Active,198939,NA,NA,S,0,0,356716.88,67,1997,28,6.38,59.04
131013,Active,58275,NA,NA,S,2,1,17981.375,25,2008,55,11.66,14.96
131014,Active,690476,NA,NA,S,1,0,16867.35,29.95,2012,12,25.75,37.1
131015,Active,2089219,NA,NA,S,1,0,19672.875,27.95,2014,8,39.23,27.95
131016,Active,599266,NA,NA,S,1,0,23788.7,24.95,2012,47,12.63,14.01
131017,Active,652519,NA,NA,S,0,0,121387.975,60,2012,21,33.99,36.27
131018,Active,798173,NA,NA,S,0,0,18725.16375,7.95,2012,69,4.84,7.22
131019,Active,1937479,NA,NA,S,0,0,127975.75,26,2012,40,4,6.47
131020,Active,2058912,NA,NA,S,0,0,164707.325,24.95,2011,10,8.16,15.91
131021,Active,1434022,NA,NA,S,0,0,78105.375,35,2015,21,17.86,19.76
131022,Active,1937486,NA,NA,S,0,0,69922.325,32.5,2011,50,6.19,12.61
131023,Active,3799656,NA,NA,S,1,0,178411.9,50,2014,16,37.37,40.82
131024,Active,3530947,NA,NA,S,0,0,152978.225,25,2015,23,15.55,15.75
131025,Active,922585,NA,NA,S,0,0,115490.6263,14.95,2013,135,4,4.65
131026,Active,1640790,NA,NA,S,0,0,152542.625,24.99,2011,16,8.99,17.77
131027,Active,2043311,NA,NA,S,0,0,5883.025,24.99,2014,16,13.96,15.94
131028,Active,2043541,NA,NA,S,1,0,67322.45,28,2014,32,11.48,11.48
131029,Active,1455482,NA,NA,S,1,0,41949.875,34.99,2015,13,22.86,22.68
131030,Active,2165728,NA,NA,S,0,0,3253.25,26.95,2015,14,17.74,15.95
131031,Active,3569167,NA,NA,S,0,0,184353.65,24.95,2014,11,19.17,19.18
131032,Active,1942103,NA,NA,S,1,0,131759.55,30,2012,19,13.98,15.98
131033,Active,2165724,NA,NA,S,0,0,73948.75,35,2014,25,15.61,60.85
131034,Active,3829085,NA,NA,S,0,0,72350.525,35,2012,31,4,19.29
131035,Active,646991,NA,NA,S,0,0,121792.025,35,2013,32,8.98,19.45
131036,Active,1683467,NA,NA,S,0,0,799166.9125,19.95,2008,23,4.75,15.43
131037,Active,1644604,NA,NA,S,0,0,88502.325,39.99,2010,18,21.14,24.05
131038,Active,600074,NA,NA,S,1,0,102890.525,21.95,2011,29,12.65,14.89
131039,Active,2099546,NA,NA,S,0,0,106124.625,22.99,2015,15,8.99,5.99
131040,Active,2051146,NA,NA,S,0,0,168243.925,24.95,2011,27,4,4.47
131041,Active,1615805,NA,NA,S,1,0,57783.05,34.99,2007,25,16.31,22.98
131042,Active,1644545,NA,NA,S,0,0,61172.675,24.95,2007,46,7.32,11.35
131043,Active,2012574,NA,NA,S,0,0,71203.425,28.95,2007,38,7.63,21.56
131044,Active,2025554,NA,NA,S,2,1,584350.3175,34.95,2007,18,12.2,13.59
131045,Active,2371161,NA,NA,S,0,0,523626.195,7.95,1979,18,20.92,143.97
131046,Active,1625571,NA,NA,S,1,0,221341.475,35.5,2009,18,23.98,28.92
131047,Active,139955,NA,NA,S,0,0,120057.4,32,2007,22,19.85,20.65
131048,Active,1732588,NA,NA,S,0,0,789326.9988,49.95,2008,26,4,37.83
131049,Active,102161,NA,NA,S,0,0,45036,21.99,2007,68,5.09,10.99
131050,Active,688379,NA,NA,S,0,0,22893.825,27.99,2007,24,15.75,18.98
131051,Active,678260,NA,NA,S,1,0,48859.1,26.95,2010,42,14.98,36.93
131052,Active,3827895,NA,NA,S,1,0,56343.075,35,2009,50,6.98,21.3
131053,Active,1567486,NA,NA,S,1,0,161615.525,22.95,2009,64,4.39,5.99
131054,Active,1595591,NA,NA,S,0,0,38772.875,36.99,2014,14,18.56,23.38
131055,Active,641429,NA,NA,S,0,0,135859.45,39.99,2009,19,36.69,32.54
131056,Active,2077853,NA,NA,S,0,0,17097.25,26.95,2014,12,20.09,20.1
131057,Active,2101632,NA,NA,S,1,0,13343,26.99,2015,14,17.49,16.32
131058,Active,881495,NA,NA,S,0,0,65700.225,35.95,2011,7,32.44,35.95
131059,Active,1713140,NA,NA,S,0,0,243355.975,24.99,2011,24,4.48,10.77
131060,Active,505312,NA,NA,S,0,0,97869.5,29.95,2010,13,20.63,32.08
131061,Active,677446,NA,NA,S,1,0,12015.275,25.95,2011,45,6.28,25
131062,Active,722767,NA,NA,S,1,0,176750.325,27.95,2011,30,15.08,17.74
131063,Active,1433651,NA,NA,S,0,0,78005.1,26.99,2014,21,10.18,16.48
131064,Active,564697,NA,NA,S,0,0,231885.275,24.95,2010,20,13.95,22.46
131065,Active,1815046,NA,NA,S,1,0,83660.75,25.99,2014,20,13.01,10.98
131066,Active,1692023,NA,NA,S,0,0,603188.225,40,2006,20,21.64,34.67
131067,Active,2103354,NA,NA,S,0,0,193845,29,2014,9,27.05,23.81
131068,Active,2162739,NA,NA,S,0,0,127621.25,39.99,2010,12,33.53,28.56
131069,Active,2101584,NA,NA,S,0,0,55401.275,21.99,2014,33,8.62,10.97
131070,Active,2070791,NA,NA,S,6,1,474873.8813,999.11,2010,17,14.52,99.99
131071,Active,2138903,NA,NA,S,0,0,53535.35,35,2015,13,23.68,18.98
131072,Active,2082019,NA,NA,S,1,0,34824.275,49.95,2014,6,26.02,32.93
131073,Active,1495993,NA,NA,S,0,0,118828.475,25,2011,34,6.93,16.44
131074,Active,1729536,NA,NA,S,0,0,36081.65,21.95,2010,26,13.93,13.17
131075,Active,1692262,NA,NA,S,0,0,45740.65,29.99,2008,16,19.75,19.81
131076,Active,1691412,NA,NA,S,0,0,79513.9,26.99,2012,26,14.74,19.96
131077,Active,2016028,NA,NA,S,0,0,59308.85,24.95,2010,21,12.57,17.93
131078,Active,1720267,NA,NA,S,0,0,104254.45,29.99,2007,14,8.86,25.74
131079,Active,2092910,NA,NA,S,0,0,25327.425,22.95,2010,12,14.99,16.27
131080,Active,781171,NA,NA,S,2,1,620295.1713,29.95,2002,21,21.68,29.41
131081,Active,2099541,NA,NA,S,0,0,26776.075,29.99,2014,11,26.44,20.04
131082,Active,2092986,NA,NA,S,1,0,41932.925,22.95,2012,22,13.52,15.65
131083,Active,684524,NA,NA,S,0,0,1356.25,21.95,2010,68,9.22,13.08
131084,Active,2067907,NA,NA,S,0,0,43108.225,22.99,2014,12,20.08,17.35
131085,Active,2093605,NA,NA,S,0,0,12099.275,29,2014,19,14.95,17.98
131086,Active,2010579,NA,NA,S,0,0,39114.025,27.99,2011,22,16.71,15.94
131087,Active,679295,NA,NA,S,0,0,13009.65,24.99,2009,29,13.98,16.99
131088,Active,1523888,NA,NA,S,0,0,37643.95,30,2014,19,17.44,20.26
131089,Active,3607800,NA,NA,S,0,0,99014.925,24.99,2010,34,4.2,18.47
131090,Active,537741,NA,NA,S,1,0,28627.95,25,2009,23,15.74,17.18
131091,Active,1759841,NA,NA,S,0,0,44741.9,29.99,2013,20,21.33,27.52
131092,Active,806565,NA,NA,S,0,0,109966.55,24.99,2008,28,5.75,15.98
131093,Active,684103,NA,NA,S,0,0,67665.4,26.99,2013,47,4,8.19
131094,Active,849937,NA,NA,S,1,0,169207.525,49.95,1999,41,6.95,23.49
131095,Active,1891041,NA,NA,S,0,0,50633.975,29.99,2014,20,15.34,21.1
131096,Active,1890910,NA,NA,S,0,0,9349.95,25.99,2014,15,14.89,18
131097,Active,1870762,NA,NA,S,0,0,25354.85,30,2014,20,14.48,16.54
131098,Active,3956675,NA,NA,S,0,0,176416.4,24.99,2015,16,17.79,18.73
131099,Active,746778,NA,NA,S,1,0,4289.9,27.95,2010,48,4.03,19.26
131100,Active,772836,NA,NA,S,0,0,74766.4,25,2008,53,4,7.58
131101,Active,804774,NA,NA,S,0,0,86547.725,285.45,2005,15,7.71,195.88
131102,Active,1430726,NA,NA,S,1,0,80208.3,40,2009,32,11.24,21.69
131103,Active,810278,NA,NA,S,1,0,88627.2,26.99,2011,57,7.54,18.99
131104,Active,3487922,NA,NA,S,1,0,109200.325,26,2013,55,6.83,9.18
131105,Active,2094899,NA,NA,S,0,0,42478.525,29.95,2014,15,19.89,19.96
131106,Active,641769,NA,NA,S,4,1,257284.0563,116.8,2003,49,4.3,0
131107,Active,1537994,NA,NA,S,2,1,314765.385,54.95,2007,29,4.78,43.34
131108,Active,1862475,NA,NA,S,0,0,32398.325,21,2008,53,4,8.47
131109,Active,2831606,NA,NA,S,7,1,589276.57,24.95,2000,31,5.17,60.11
131110,Active,681203,NA,NA,S,1,0,65091.7,27,2013,67,4,12.69
131111,Active,2016651,NA,NA,S,1,0,15496,24.95,2009,30,12.04,14.94
131112,Active,177308,NA,NA,S,2,1,346615.6038,230.95,2000,30,11.81,0
131113,Active,256931,NA,NA,S,0,0,319723.0825,24.95,2006,24,4.17,24.95
131114,Active,174345,NA,NA,S,2,1,303952.5438,99.99,2006,31,8.47,26.92
131115,Active,1942500,NA,NA,S,0,0,58607.1,29.95,2015,24,15.73,15.73
131116,Active,202657,NA,NA,S,3,1,60822.20625,17.99,2007,105,4,8.69
131117,Active,2082040,NA,NA,S,0,0,24943.3,21.95,2014,12,16.61,15.68
131118,Active,1954179,NA,NA,S,2,1,100594.4363,23.95,2015,16,15.47,15.48
131119,Active,1693461,NA,NA,S,1,0,44011.15,35,2010,21,23.93,25.68
131120,Active,2768346,NA,NA,S,0,0,413577.9963,14.99,2001,42,4,40.94
131121,Active,1778099,NA,NA,S,1,0,130949.275,29.95,2013,23,8.99,14.49
131122,Active,3072647,NA,NA,S,0,0,91607.025,24,2014,8,14.87,19.82
131123,Active,2028941,NA,NA,S,0,0,108456.25,26.99,2014,37,9.85,15.06
131124,Active,629351,NA,NA,S,1,0,303382.925,44.99,1998,30,4.97,43.73
131125,Active,729941,NA,NA,S,0,0,20617.75,22,2010,17,14.95,14.35
131126,Active,641079,NA,NA,S,0,0,615437.2738,41.95,2006,24,6.5,27.35
131127,Active,722782,NA,NA,S,1,0,891648.6313,74,2009,86,4,7.22
131128,Active,532431,NA,NA,S,1,0,104883.7013,29,2010,43,5.16,17.49
131129,Active,2433237,NA,NA,S,3,1,326109.7913,13,1993,156,4,5.43
131130,Active,680611,NA,NA,S,4,1,33833.75,29.95,2011,19,16,17.2
131131,Active,1716026,NA,NA,S,0,0,173070.65,23.95,2014,10,20.68,20.75
131132,Active,3503476,NA,NA,S,0,0,108460.575,29.99,2012,30,4.35,19.67
131133,Active,918854,NA,NA,S,1,0,426157.005,90,2005,19,8.85,27.78
131134,Active,2310135,NA,NA,S,0,0,422706.8988,19.95,1985,120,4,7.78
131135,Active,2828532,NA,NA,S,1,0,670751.5325,28.95,1987,26,50.91,75.56
131136,Active,3610008,NA,NA,S,0,0,246639.6,45,2014,12,28.94,36.77
131137,Active,3528868,NA,NA,S,0,0,133634.4,29.95,2014,15,22.52,24.87
131138,Active,602169,NA,NA,S,2,1,191662.705,16.95,1994,50,4,43.98
131139,Active,591693,NA,NA,S,1,0,526254.0475,63.95,2007,42,9.41,39.98
131140,Active,2940801,NA,NA,S,0,0,348796.3413,63.95,2004,22,14.99,43.99
131141,Active,1839513,NA,NA,S,2,1,629089.1975,57.95,2006,24,18.42,41.3
131142,Active,1839227,NA,NA,S,1,0,472064.0225,51.95,2006,27,11.89,30.95
131143,Active,182929,NA,NA,S,2,1,134744.0238,136.95,2005,82,15.83,53.99
131144,Active,2049491,NA,NA,S,0,0,198184.55,25.95,2011,26,8.6,12.09
131145,Active,654874,NA,NA,S,0,0,639675.9388,41,2004,34,7.48,21.58
131146,Active,1508820,NA,NA,S,1,0,915.05,30,2015,16,21.82,17.83
131147,Active,683035,NA,NA,S,1,0,3745.325,29.99,2013,61,10.23,12.98
131148,Active,2079614,NA,NA,S,0,0,8074.375,24.99,2012,20,15.45,15.61
131149,Active,652780,NA,NA,S,1,0,52902.45,40,2010,26,21.28,25.82
131150,Active,1479274,NA,NA,S,1,0,91920.325,31.95,2012,17,23.98,27.7
131151,Active,1876868,NA,NA,S,1,0,3446.075,26,2015,40,12.43,14.45
131152,Active,767276,NA,NA,S,0,0,77288.65,28,2012,33,5.2,12.97
131153,Active,3556966,NA,NA,S,20,1,2008.4,38.5,2015,25,29.98,38.94
131154,Active,2254598,NA,NA,S,19,1,934416,87.41,2010,13,28.29,74.37
131155,Active,702310,NA,NA,S,1,0,84561.775,36,2012,14,21.95,23.79
131156,Active,701018,NA,NA,S,1,0,90821.825,39.95,2007,16,14.99,14.74
131157,Active,1433501,NA,NA,S,1,0,144267.9,26.99,2014,25,5.95,8.98
131158,Active,2101575,NA,NA,S,1,0,28982.45,26.99,2014,23,12.95,17.53
131159,Active,859769,NA,NA,S,2,1,18163.05,24.95,2008,27,12.48,13.4
131160,Active,542705,NA,NA,S,2,1,455913.8138,24.95,2013,20,8.24,15.99
131161,Active,1624997,NA,NA,S,1,0,4864.025,27.95,2014,22,17.89,18.83
131162,Active,678140,NA,NA,S,1,0,51372.8,25.99,2013,56,4,8.28
131163,Active,546339,NA,NA,S,3,1,83684.3,24.95,2011,20,13.03,16.65
131164,Active,679461,NA,NA,S,1,0,71285.6525,21.95,2007,41,11,16.96
131165,Active,751827,NA,NA,S,1,0,131772.75,24.95,2009,31,11.66,14.78
131166,Active,923040,NA,NA,S,0,0,4209.56375,15.99,2006,170,4.95,0
131167,Active,735014,NA,NA,S,1,0,191170.6,24.99,2011,49,4,48.59
131168,Active,3467082,NA,NA,S,0,0,262235.6,65.99,2015,49,8.99,39.49
131169,Active,735888,NA,NA,S,0,0,177808.8,25.99,2011,23,4,9.9
131170,Active,2007048,NA,NA,S,1,0,53725.075,29.95,2011,31,10.89,14.98
131171,Active,1477118,NA,NA,S,1,0,115151.6,50,2014,17,35.94,36.44
131172,Active,543106,NA,NA,S,0,0,256782.7925,25,2009,18,16.48,18.25
131173,Active,1993538,NA,NA,S,0,0,40349.05,21.95,2014,10,15.93,17.56
131174,Active,3615230,NA,NA,S,1,0,107677.725,60,2011,15,30.99,29.95
131175,Active,2045177,NA,NA,S,1,0,65737.075,34.95,2011,27,24.67,23.71
131176,Active,1778407,NA,NA,S,1,0,152479.4,24.95,2012,67,4,5.88
131177,Active,1627614,NA,NA,S,1,0,89704.925,24.95,2013,14,17.86,17.97
131178,Active,1461399,NA,NA,S,0,0,43263.825,21,2012,16,12.64,13.54
131179,Active,539725,NA,NA,S,0,0,79747.11,34.99,1993,25,21.97,26.23
131180,Active,3547566,NA,NA,S,0,0,246257.8,65,1974,60,8.99,49.98
131181,Active,1433229,NA,NA,S,0,0,63314.875,25.99,2014,17,10.44,17.23
131182,Active,688600,NA,NA,S,0,0,100510.875,29.95,2011,19,20.79,26.12
131183,Active,3486898,NA,NA,S,0,0,181015.875,55,2011,24,36.2,38.3
131184,Active,2045185,NA,NA,S,1,0,86923.5,49.95,2013,20,29.93,32.92
131185,Active,678461,NA,NA,S,1,0,131819.375,25,2012,44,4.18,8.81
131186,Active,2584318,NA,NA,S,2,1,32880.935,19.95,1995,198,4,11.78
131187,Active,1724489,NA,NA,S,1,0,41031.975,45,2013,32,22.1,29.34
131188,Active,671914,NA,NA,S,1,0,12203.2,28.95,2014,67,4,13.78
131189,Active,1589655,NA,NA,S,2,1,536635.1163,34.99,2008,28,25.11,26.43
131190,Active,3788185,NA,NA,S,1,0,53392.875,64.99,1999,34,23.23,59.73
131191,Active,2005500,NA,NA,S,0,0,38339.05,24.95,2007,19,18.64,19.21
131192,Active,680682,NA,NA,S,1,0,28775.925,21.95,2007,18,14.67,17.08
131193,Active,1502979,NA,NA,S,0,0,102588.575,26.99,2009,22,8.58,17.97
131194,Active,791371,NA,NA,S,1,0,88207.425,35,2008,26,13.46,19.92
131195,Active,2111013,NA,NA,S,0,0,21087.475,35,2013,25,13.21,20.49
131196,Active,546192,NA,NA,S,0,0,68490.25,24.95,2010,25,15.58,16.99
131197,Active,897035,NA,NA,S,3,1,337030.885,34.95,2014,31,23.98,23.88
131198,Active,859193,NA,NA,S,0,0,64191.7,60,2004,15,33.78,38.66
131199,Active,2786835,NA,NA,S,0,0,276137.83,52,1997,45,15.99,27.65
131200,Active,748960,NA,NA,S,0,0,34001.025,21.99,2008,26,10.4,13.75
131201,Active,1831213,NA,NA,S,0,0,17349.3,22.99,2014,18,10.94,10.01
131202,Active,892976,NA,NA,S,0,0,7109.025,29.95,2015,15,18,22.1
131203,Active,1669299,NA,NA,S,1,0,782205.9,15.99,2006,47,4,11.98
131204,Active,2205657,NA,NA,S,0,0,6322.125,39.99,2010,26,26.93,27.2
131205,Active,2094897,NA,NA,S,0,0,49444.275,29.95,2014,24,14.97,18.26
131206,Active,532390,NA,NA,S,11,1,70568.125,27.95,2011,30,7.94,16.94
131207,Active,1532304,NA,NA,S,1,0,56667.125,24.95,2014,62,7.18,10.47
131208,Active,2664883,NA,NA,S,0,0,868877.27,64.02,1995,24,5.13,30.35
131209,Active,162258,NA,NA,S,7,1,787237.395,5.93,2007,26,4,4.99
131210,Active,3528742,NA,NA,S,1,0,20698.175,29.95,2015,15,27.61,23.08
131211,Active,3576484,NA,NA,S,0,0,130433.375,58,2016,13,37.6,37.61
131212,Active,2914899,NA,NA,S,1,0,2697.35,24.99,2013,10,22,22.09
131213,Active,1760486,NA,NA,S,1,0,1634.9,24.99,2013,17,18.99,18.74
131214,Active,2165779,NA,NA,S,2,1,1988.1,25.49,2011,12,22.6,14.39
131215,Active,1988413,NA,NA,S,0,0,8130.1,24.99,2013,18,25.38,17.09
131216,Active,1498280,NA,NA,S,0,0,16128.025,24.99,2012,23,5.98,5.97
131217,Active,848137,NA,NA,S,1,0,553597.7488,13.95,1997,169,3.9,5.04
131218,Active,903831,NA,NA,S,7,1,787944.0913,172.75,1992,38,10.91,121.68
131219,Active,566827,NA,NA,S,2,1,53536.05,37.95,2006,31,17.86,24.14
131220,Active,686154,NA,NA,S,0,0,176835.275,29.95,2010,12,26.42,27.55
131221,Active,3486526,NA,NA,S,0,0,106286.75,50,2016,13,33.5,34.1
131222,Active,613713,NA,NA,S,1,0,68681.05,35,2007,49,8.66,12.98
131223,Active,782391,NA,NA,S,2,1,387497.2675,34.99,2012,18,23.54,27.06
131224,Active,573942,NA,NA,S,0,0,62813.625,20.95,2008,64,11.38,11.58
131225,Active,1701198,NA,NA,S,0,0,1435.825,59.99,2010,19,32.98,33.65
131226,Active,1599277,NA,NA,S,0,0,154468.95,28,2008,54,4,18.77
131227,Active,1861947,NA,NA,S,0,0,207046.225,21.99,2007,21,4.95,6.97
131228,Active,683042,NA,NA,S,1,0,1065.2,28.95,2013,57,13.86,16.25
131229,Active,1572164,NA,NA,S,0,0,105178.575,39.95,2009,21,29.75,37.19
131230,Active,2110240,NA,NA,S,1,0,70655.05,45,2012,13,16.98,31.33
131231,Active,1536998,NA,NA,S,0,0,211555.7938,45.95,2010,25,5.99,35.45
131232,Active,3960047,NA,NA,S,1,0,5490.5,24.99,2015,21,15.23,16.61
131233,Active,683667,NA,NA,S,0,0,60470.725,29.95,2011,14,29.14,25.67
131234,Active,1970037,NA,NA,S,0,0,90039.775,21.99,2014,28,9.75,14.83
131235,Active,539735,NA,NA,S,0,0,73616.35,20.95,2008,37,11.21,13.9
131236,Active,578598,NA,NA,S,2,1,219880.1563,27,2006,54,8.88,21.38
131237,Active,3083658,NA,NA,S,7,1,278806.205,32,2013,10,32,32
131238,Active,410686,NA,NA,S,1,0,144953.175,40,2008,18,22.94,23.07
131239,Active,1768622,NA,NA,S,0,0,387441.6513,39.99,2012,20,23.99,39.16
131240,Active,1433576,NA,NA,S,0,0,55709.15,26.99,2015,37,4.87,8.99
131241,Active,687949,NA,NA,S,1,0,7352.95,29.95,2013,32,10.92,20.36
131242,Active,1942464,NA,NA,S,0,0,21459.325,24.95,2013,17,3.49,18.76
131243,Active,426209,NA,NA,S,1,0,597597.0538,49.95,2005,34,4,17.94
131244,Active,3711194,NA,NA,S,9,1,342441,101.95,2016,34,32.99,53.94
131245,Active,2261047,NA,NA,S,0,0,172441.1,94.4,2012,41,8.13,41.12
131246,Active,2075919,NA,NA,S,1,0,17767.275,24.95,2014,21,17.95,18.01
131247,Active,1932706,NA,NA,S,0,0,131417.55,29.99,2011,35,8.44,11.67
131248,Active,863705,NA,NA,S,1,0,117723.05,29.99,2009,32,14.24,27.07
131249,Active,345655,NA,NA,S,0,0,227593.425,32.5,2008,14,10.64,289.04
131250,Active,828237,NA,NA,S,0,0,147127.775,45,2012,14,31.75,33.89
131251,Active,1532214,NA,NA,S,0,0,28184.4,35,2015,11,19.99,17.91
131252,Active,57729,NA,NA,S,2,1,244983.3425,56.95,2010,31,22.55,45.17
131253,Active,2003452,NA,NA,S,0,0,104999.5,87.68,2011,18,39.34,67.78
131254,Active,501560,NA,NA,S,0,0,114830.175,59.95,2012,16,44.9,65.36
131255,Active,1508024,NA,NA,S,0,0,50626.675,28,2014,60,6.32,14.04
131256,Active,2032842,NA,NA,S,0,0,136686.525,30,2014,38,9.93,17.01
131257,Active,2104834,NA,NA,S,0,0,236221.5,49.95,2014,10,27.68,33
131258,Active,652320,NA,NA,S,1,0,34688.85,30,2013,53,12.94,18.96
131259,Active,922326,NA,NA,S,0,0,5083.62,18,2002,95,7.71,0
131260,Active,1965905,NA,NA,S,0,0,59894.65,29.99,2014,10,21.02,21.86
131261,Active,3829401,NA,NA,S,0,0,67213.9,45,2016,6,35.05,32.38
131262,Active,2101627,NA,NA,S,1,0,806.675,26.99,2014,46,11.98,11.98
131263,Active,682158,NA,NA,S,1,0,82871.225,24.95,2011,14,9.47,15.99
131264,Active,793187,NA,NA,S,1,0,553159.5563,45.95,2000,43,5.79,32.84
131265,Active,532324,NA,NA,S,0,0,324143.2338,28.95,2010,59,15.98,24.59
131266,Active,1698685,NA,NA,S,0,0,211800,22.99,2007,33,4.48,13.97
131267,Active,1494953,NA,NA,S,1,0,20829.575,26.95,2015,60,10.82,14.99
131268,Active,1697070,NA,NA,S,1,0,2887.525,26,2014,31,10.68,10.98
131269,Active,1429676,NA,NA,S,0,0,68480.025,25.99,2010,60,4.59,18.69
131270,Active,1958013,NA,NA,S,0,0,17604.325,25,2014,22,15.83,16.91
131271,Active,1777903,NA,NA,S,1,0,159428.5,32,2012,23,12.57,20.45
131272,Active,1829196,NA,NA,S,1,0,66777.725,34.99,2015,7,29.35,26.36
131273,Active,206151,NA,NA,S,2,1,399714.9313,69,2007,29,13.16,48.98
131274,Active,644777,NA,NA,S,1,0,43497.525,40,2011,16,26.85,25.93
131275,Active,287754,NA,NA,S,1,0,227756.1725,34.95,2009,45,4.33,22.69
131276,Active,481950,NA,NA,S,2,1,528955.2813,29.95,2008,39,10.13,18.79
131277,Active,658313,NA,NA,S,0,0,3623,22.98,2012,20,13.98,16.95
131278,Active,2572470,NA,NA,S,0,0,264031.4488,45,1994,39,4,11.99
131279,Active,520987,NA,NA,S,9,1,333204.37,24.95,2002,25,31.49,79.21
131280,Active,537713,NA,NA,S,2,1,52577.275,22,2012,20,11.98,11.99
131281,Active,1496252,NA,NA,S,1,0,123118.65,27.5,2011,23,10.55,13.99
131282,Active,1564441,NA,NA,S,1,0,64258.225,27.95,2013,22,11.47,11.48
131283,Active,1532207,NA,NA,S,0,0,65199.8,22.99,2012,23,10.49,16.02
131284,Active,2571117,NA,NA,S,1,0,590344.995,42.5,1992,21,5.19,51.31
131285,Active,2179255,NA,NA,S,1,0,83223.55,49.95,2009,25,30.91,33.18
131286,Active,622641,NA,NA,S,1,0,35102.25,37.99,2010,30,18.17,25.88
131287,Active,861741,NA,NA,S,4,1,72803.14875,84.99,2013,27,51.69,54.38
131288,Active,1623259,NA,NA,S,0,0,17195.9325,10.99,2008,25,9.46,9.46
131289,Active,1978841,NA,NA,S,0,0,17489.025,21.96,2012,6,18.99,19.76
131290,Active,573930,NA,NA,S,1,0,7701.525,24.95,2007,58,11.85,13.99
131291,Active,620957,NA,NA,S,1,0,167847.8913,125,1993,45,8.74,23.98
131292,Active,667258,NA,NA,S,0,0,40531.6,55,2012,22,35.41,35.73
131293,Active,1758173,NA,NA,S,7,1,184039.1,22.95,2015,16,13.79,16.48
131294,Active,1576601,NA,NA,S,0,0,40966.45,34.95,2013,13,25.83,27.39
131295,Active,621978,NA,NA,S,0,0,58780.775,35,2009,24,23.28,23.47
131296,Active,1576403,NA,NA,S,0,0,93704.2,29.95,2012,13,21.76,21.76
131297,Active,1876841,NA,NA,S,0,0,95354.55,35,2013,20,11.07,11.01
131298,Active,2168210,NA,NA,S,0,0,46196.825,27.95,2014,17,16.98,18.49
131299,Active,687246,NA,NA,S,1,0,103784.075,25.99,2013,68,5.63,8.98
131300,Active,2091518,NA,NA,S,1,0,167275.9,24.95,2014,26,4,8.97
131301,Active,1587723,NA,NA,S,2,1,768828.7825,34.99,2007,25,6.16,27.96
131302,Active,569186,NA,NA,S,1,0,493179.37,33,2001,35,4.2,27.98
131303,Active,1591515,NA,NA,S,1,0,190891.45,34.99,2008,20,29.14,29.12
131304,Active,1586897,NA,NA,S,0,0,783668.0125,39.99,2014,17,31.49,34.51
131305,Active,2615656,NA,NA,S,0,0,746356.6463,39.99,2004,22,24.97,32.92
131306,Active,1589790,NA,NA,S,0,0,93218.775,34.99,2013,18,26.14,30.29
131307,Active,2600832,NA,NA,S,0,0,598978.7513,49.99,1996,28,6.36,12.93
131308,Active,2600264,NA,NA,S,0,0,453489.0575,49.99,1995,76,6.87,18.24
131309,Active,1586850,NA,NA,S,2,1,690831.9063,49.99,2006,25,17.23,40.68
131310,Active,2596245,NA,NA,S,0,0,257781.4763,49.99,1992,68,5.9,21.99
131311,Active,2602058,NA,NA,S,0,0,585064.345,49.99,1997,34,8.48,27.73
131312,Active,2596246,NA,NA,S,0,0,564464.9088,54.99,1994,37,14.2,28.99
131313,Active,1768196,NA,NA,S,0,0,128520.8,29.99,2013,12,21.01,21.41
131314,Active,1588086,NA,NA,S,2,1,272161.5413,34.99,2008,28,4.96,28.97
131315,Active,863464,NA,NA,S,0,0,339634.5275,49.99,2007,23,12.59,38.48
131316,Active,2596244,NA,NA,S,0,0,214780.0125,49.99,1996,43,10.73,22.59
131317,Active,864976,NA,NA,S,2,1,729531.3175,39.99,2013,21,25.99,29.97
131318,Active,1590233,NA,NA,S,1,0,202779.55,29.99,2012,15,22.68,21.66
131319,Active,2597747,NA,NA,S,0,0,654297.2513,49.99,1995,51,11.28,15.33
131320,Active,1586899,NA,NA,S,1,0,826675.3988,44.99,2006,28,10.39,28.78
131321,Active,2613264,NA,NA,S,0,0,229960.0038,39.99,2004,21,35.79,38.34
131322,Active,174904,NA,NA,S,2,1,621118.7325,34.99,2008,55,9.74,32.54
131323,Active,173277,NA,NA,S,0,0,702809.465,54.99,1998,33,15.63,54.88
131324,Active,174959,NA,NA,S,1,0,354148.1888,49.99,2010,39,16.27,34.92
131325,Active,860516,NA,NA,S,2,1,101112.8563,69.99,2011,43,11.71,38.99
131326,Active,1588546,NA,NA,S,0,0,179293.3,29.99,2012,19,21.21,22.97
131327,Active,2610691,NA,NA,S,0,0,480272.6975,54.99,1999,30,13.22,48.87
131328,Active,174793,NA,NA,S,0,0,519408.5338,54.99,2000,32,3,52.73
131329,Active,2589267,NA,NA,S,0,0,320361.3675,114.99,1975,36,6.99,85.42
131330,Active,907015,NA,NA,S,0,0,788995.7088,39.99,2012,26,23.59,36.68
131331,Active,173658,NA,NA,S,0,0,748628.0375,49.99,2002,27,5.48,38.19
131332,Active,2599708,NA,NA,S,0,0,693152.5713,57.99,1996,36,5.66,13.69
131333,Active,173319,NA,NA,S,0,0,804587.5275,57.99,1995,28,8.2,79.19
131334,Active,2600695,NA,NA,S,0,0,572728.9838,55,1996,28,7.98,86.84
131335,Active,568084,NA,NA,S,0,0,692123.7663,44.99,2001,30,4.87,78.9
131336,Active,2599704,NA,NA,S,0,0,872307.2675,57.99,1996,36,4.35,23.98
131337,Active,174828,NA,NA,S,0,0,219041.44,54.99,1996,55,6.47,20.71
131338,Active,175121,NA,NA,S,0,0,118554.6975,39.99,2008,46,9.78,30.97
131339,Active,1587035,NA,NA,S,0,0,491876.9525,39.99,2012,15,33.29,33.97
131340,Active,2613018,NA,NA,S,3,1,718924.4125,35,2001,39,4.97,16.8
131341,Active,3521710,NA,NA,S,1,0,143918.85,42.99,2005,71,4.64,34.82
131342,Active,2101614,NA,NA,S,1,0,55369.375,25.99,2015,16,8.99,9.98
131343,Active,3477358,NA,NA,S,1,0,82410.675,23,2011,36,7.82,15.8
131344,Active,1925634,NA,NA,S,5,1,854185.3675,44.95,2012,31,6.64,35.87
131345,Active,665153,NA,NA,S,0,0,13122.875,0,2012,11,26.99,26.97
131346,Active,670617,NA,NA,S,2,1,413566.2225,29.95,2012,23,18.78,29.95
131347,Active,546465,NA,NA,S,1,0,1110.9,32.5,2009,47,15.58,18.58
131348,Active,1479933,NA,NA,S,1,0,361694.9475,27.95,2012,57,4,4.82
131349,Active,1560533,NA,NA,S,0,0,83886.175,22,2009,55,7.96,12.12
131350,Active,1980094,NA,NA,S,0,0,21383.77125,7.99,2014,38,4,7.95
131351,Active,679932,NA,NA,S,2,1,5861.525,28,2009,30,15.48,18.44
131352,Active,684733,NA,NA,S,0,0,11053.625,27.99,2013,53,4.76,5.94
131353,Active,3795388,NA,NA,S,1,0,30703.85,49.95,2016,10,29.19,30.29
131354,Active,653851,NA,NA,S,3,1,853340.815,54.95,1999,20,10.87,55.26
131355,Active,2021286,NA,NA,S,3,1,473959.8325,14.99,2007,118,4,10.21
131356,Active,644891,NA,NA,S,4,1,647707.2738,87.4,2013,41,4.99,47.98
131357,Active,134464,NA,NA,S,0,0,43813.225,40,2011,47,18.14,27.38
131358,Active,568579,NA,NA,S,0,0,585165.0863,54.99,1992,53,4,33.96
131359,Active,199540,NA,NA,S,2,1,559286.7975,30.95,2001,68,4,5.91
131360,Active,1570726,NA,NA,S,1,0,3347.875,23,2014,18,13.39,13.41
131361,Active,2089774,NA,NA,S,0,0,130853.85,39.95,2013,13,38.14,92.6
131362,Active,548687,NA,NA,S,1,0,8302.94375,17.99,2005,131,9.04,11.29
131363,Active,2329689,NA,NA,S,0,0,7374.59875,17.99,1991,155,4.99,11.76
131364,Active,102481,NA,NA,S,0,0,35427.075,23.99,2009,28,9.07,12.53
131365,Active,916628,NA,NA,S,1,0,176232.025,23.5,2007,20,10.59,16.96
131366,Active,1624823,NA,NA,S,1,0,115000.775,30,2014,33,10.32,16.98
131367,Active,2444089,NA,NA,S,1,0,88610.77875,14.99,1998,586,3.48,6.48
131368,Active,898865,NA,NA,S,1,0,410262.5363,44.98,1998,30,4,50.99
131369,Active,1498674,NA,NA,S,0,0,97631.225,26.99,2013,1,24.13,19.53
131370,Active,1498675,NA,NA,S,0,0,128864.225,36.99,2014,8,20.44,17.3
131371,Active,1498246,NA,NA,S,0,0,203490.5225,2.99,2014,107,3.42,4
131372,Active,1497646,NA,NA,S,0,0,23016.625,22.99,2015,31,10.72,13.52
131373,Active,1487903,NA,NA,S,0,0,241479.3038,24.95,2006,35,9.02,16.92
131374,Active,672907,NA,NA,S,0,0,68058.25,22.99,2013,27,8.56,15.2
131375,Active,288775,NA,NA,S,2,1,418775.1513,53.95,2002,37,11.46,96.09
131376,Active,122622,NA,NA,S,0,0,511989.4138,10,2002,66,4,0
131377,Active,917169,NA,NA,S,0,0,32177.85375,7.95,2002,51,4.37,6.59
131378,Active,1607512,NA,NA,S,4,1,47416.075,26,2013,21,11.8,12.67
131379,Active,2648496,NA,NA,S,1,0,517184.4563,58.95,1998,26,6.39,37.03
131380,Active,1704690,NA,NA,S,0,0,598421.095,22.5,2014,11,13.3,20.86
131381,Active,2058140,NA,NA,S,0,0,4730.05,27.95,2013,12,23.44,24.9
131382,Active,1733790,NA,NA,S,0,0,150862.55,30.45,2008,17,13.35,30.45
131383,Active,1702625,NA,NA,S,2,1,55545.475,24.95,2014,16,18.95,19.35
131384,Active,3609002,NA,NA,S,8,1,177584.85,20.95,2009,57,4,19.43
131385,Active,894896,NA,NA,S,3,1,25572.65,22.95,2013,30,8.89,22.84
131386,Active,2089470,NA,NA,S,0,0,59937.7,29.95,2014,15,19.38,20.54
131387,Active,3463058,NA,NA,S,0,0,13162,49.99,2016,14,33,34.11
131388,Active,3497637,NA,NA,S,0,0,38778.675,45,2015,26,20.92,22.72
131389,Active,2065154,NA,NA,S,1,0,21418.1,24.95,2009,19,18.17,18.18
131390,Active,1607499,NA,NA,S,1,0,170092.9,35,2013,35,12.17,11.67
131391,Active,810829,NA,NA,S,1,0,108818.875,24.95,2009,20,17.88,17.88
131392,Active,2164835,NA,NA,S,0,0,2709.025,28.95,2012,11,20.14,20.4
131393,Active,603357,NA,NA,S,0,0,713217.155,19.95,2008,23,14.98,99.43
131394,Active,2082907,NA,NA,S,1,0,20445.8,59.99,2013,19,23.49,37.79
131395,Active,1630881,NA,NA,S,0,0,159688.55,39.95,2014,20,20.97,28.22
131396,Active,598755,NA,NA,S,1,0,761488.275,40,2009,21,19.19,0
131397,Active,279561,NA,NA,S,0,0,304103.15,21.95,2011,16,13.8,0
131398,Active,644759,NA,NA,S,0,0,47346.875,40,2011,20,25.38,27.19
131399,Active,645180,NA,NA,S,0,0,797004.0863,54.99,2011,22,10.38,0
131400,Active,636933,NA,NA,S,5,1,328043.51,419.99,2012,23,18.52,235.62
131401,Active,2168646,NA,NA,S,2,1,23431.425,29.95,2014,13,25.99,28.34
131402,Active,1468594,NA,NA,S,1,0,67901.275,27.95,2007,18,13.79,31.94
131403,Active,140397,NA,NA,S,0,0,690476.185,32.99,2001,25,31.83,105.05
131404,Active,678475,NA,NA,S,0,0,1183.475,28.95,2011,57,15.49,17.56
131405,Active,2101581,NA,NA,S,1,0,56519.225,24.99,2014,21,9.67,18.38
131406,Active,1565247,NA,NA,S,0,0,59207.825,27.95,2015,27,10.7,10.73
131407,Active,722504,NA,NA,S,1,0,741702.3713,74,2006,49,4,9.95
131408,Active,647231,NA,NA,S,0,0,186379.0063,30,2011,24,11.21,18.2
131409,Active,632529,NA,NA,S,1,0,739686,55.95,2000,22,8.48,33.94
131410,Active,690807,NA,NA,S,0,0,62763.75,25,2013,25,12.99,22.91
131411,Active,1496533,NA,NA,S,0,0,63743.025,24,2013,27,5.9,11.41
131412,Active,808099,NA,NA,S,0,0,26333.5475,39.99,2013,21,18.43,23.49
131413,Active,808100,NA,NA,S,0,0,33950.43625,39.99,2013,26,19.57,23.51
131414,Active,271404,NA,NA,S,0,0,428772.075,50,2005,29,4,22.99
131415,Active,1869159,NA,NA,S,0,0,42793.1,22.95,2013,24,16.62,17.32
131416,Active,1682570,NA,NA,S,0,0,36159.2,24.95,2008,25,7.81,18.79
131417,Active,313960,NA,NA,S,2,1,581052.7725,119.6,2006,30,12.91,83.31
131418,Active,663280,NA,NA,S,1,0,92552.025,41.95,2013,23,25.72,33.81
131419,Active,2081998,NA,NA,S,0,0,82746.475,21.95,2012,19,14.98,16.65
131420,Active,236848,NA,NA,S,0,0,43688.5,24.95,2012,23,19.89,23.7
131421,Active,3811138,NA,NA,S,2,1,431130.825,63.99,2015,11,48.94,45.01
131422,Active,582376,NA,NA,S,0,0,91803.175,21.95,2008,17,16.74,17.03
131423,Active,2101886,NA,NA,S,0,0,104951.25,26.99,2015,32,6.52,13.99
131424,Active,3486064,NA,NA,S,0,0,11219.225,45,2016,12,34.1,31.47
131425,Active,1483983,NA,NA,S,2,1,62556.925,25,2015,8,24.94,23.71
131426,Active,918775,NA,NA,S,1,0,276954.8775,25,2009,43,4.07,8.94
131427,Active,653355,NA,NA,S,1,0,382718.2113,50.95,2006,40,7.98,40.21
131428,Active,2028927,NA,NA,S,1,0,99321.825,26.99,2013,37,7.53,10.52
131429,Active,649167,NA,NA,S,1,0,112408.825,50,2007,15,28.99,31.01
131430,Active,1708377,NA,NA,S,0,0,237657.375,24.95,2010,16,26.62,24.95
131431,Active,299353,NA,NA,S,0,0,129359.15,24.95,2007,61,4,9.56
131432,Active,1927642,NA,NA,S,1,0,155809.275,64.95,2012,13,35.85,36.54
131433,Active,1784037,NA,NA,S,0,0,96353.175,30,2015,20,17.75,7.97
131434,Active,1463113,NA,NA,S,1,0,88627.125,50,2015,15,38.99,38.99
131435,Active,477875,NA,NA,S,0,0,778527.8825,49.95,2014,21,9.83,47.27
131436,Active,652504,NA,NA,S,0,0,20897.775,30,2012,17,21.09,21.26
131437,Active,3002497,NA,NA,S,0,0,46835.425,24.95,2015,16,19.09,22.16
131438,Active,1680221,NA,NA,S,1,0,20766.925,27.5,2014,29,8.82,14.71
131439,Active,1738073,NA,NA,S,0,0,146135.075,21.95,2013,18,11.16,15.98
131440,Active,2648603,NA,NA,S,1,0,479693.38,56.95,2001,28,12.48,27.12
131441,Active,2166562,NA,NA,S,0,0,145932.725,29.95,2011,14,30.98,29.95
131442,Active,687313,NA,NA,S,0,0,99383.2,25,2013,17,15.1,19.98
131443,Active,431658,NA,NA,S,0,0,64991.425,27.5,2011,25,25.89,23.57
131444,Active,624384,NA,NA,S,0,0,741580.885,75,2008,39,6.42,38.99
131445,Active,670443,NA,NA,S,1,0,787239.465,48,2007,41,7.89,28.98
131446,Active,615775,NA,NA,S,1,0,4961.50125,32.99,2004,68,8.44,17.69
131447,Active,3467279,NA,NA,S,0,0,219733.75,55.93,1994,92,14.31,29.03
131448,Active,1814362,NA,NA,S,0,0,5285.2,34.95,2011,15,21.3,21.12
131449,Active,3960325,NA,NA,S,0,0,70492.35,29.99,2010,31,15.92,18.29
131450,Active,807835,NA,NA,S,0,0,45241.675,24.99,2010,26,12.42,14.35
131451,Active,3612827,NA,NA,S,0,0,207970,39.99,2007,17,26.12,38.99
131452,Active,1692084,NA,NA,S,0,0,83097.25,26.99,2014,12,19.1,18.86
131453,Active,2688673,NA,NA,S,0,0,537041.7638,21.95,2005,36,8.83,19.51
131454,Active,682832,NA,NA,S,1,0,17280.975,25.95,2011,37,10.66,19.83
131455,Active,3828910,NA,NA,S,0,0,194920.2,0,2010,11,11.7,13.98
131456,Active,3828909,NA,NA,S,0,0,74322.275,33.96,2010,27,19.17,29.97
131457,Active,1936741,NA,NA,S,0,0,208481.875,29,2015,9,24.19,20.38
131458,Active,2770276,NA,NA,S,3,1,660376.5238,17.99,1998,24,22.27,53.99
131459,Active,1720107,NA,NA,S,1,0,47763.475,22.95,2014,18,13.52,15.39
131460,Active,1836796,NA,NA,S,0,0,159353.4,34.95,2012,33,9.55,13.99
131461,Active,2047759,NA,NA,S,1,0,35117.775,27.95,2014,57,8.88,17.46
131462,Active,1495912,NA,NA,S,0,0,20482.75,24.99,2010,26,10.69,15.94
131463,Active,2082196,NA,NA,S,2,1,194580.325,29.95,2012,27,8.96,12.97
131464,Active,624931,NA,NA,S,1,0,633903.6275,75.95,1997,40,5.99,59.07
131465,Active,1870757,NA,NA,S,0,0,179872.175,32,2010,51,4,11.49
131466,Active,660905,NA,NA,S,1,0,54641.375,46,2013,14,27.84,31.05
131467,Active,454542,NA,NA,S,1,0,846573.0625,395,2005,26,12.76,64.67
131468,Active,411153,NA,NA,S,4,1,76896.4,24.95,2009,28,14.74,18.44
131469,Active,2921466,NA,NA,S,6,1,48150.06875,79.95,2015,14,52.45,48.71
131470,Active,1668238,NA,NA,S,0,0,20779.9,35,2009,23,22.22,23.3
131471,Active,865526,NA,NA,S,0,0,282445.1338,20.95,2013,28,15.94,17.62
131472,Active,2143645,NA,NA,S,0,0,118946.375,24.95,2012,14,18.9,19.13
131473,Active,579252,NA,NA,S,3,1,55343.675,21.95,2007,24,9.33,17.98
131474,Active,1582350,NA,NA,S,1,0,145549.975,29.99,2010,20,16.89,17.97
131475,Active,206434,NA,NA,S,1,0,482934.7263,45,1996,23,13.51,86.96
131476,Active,2662323,NA,NA,S,0,0,114200.425,17,1994,114,4,8.86
131477,Active,1703973,NA,NA,S,0,0,70381.2,24.95,2014,16,15.4,15.4
131478,Active,1958188,NA,NA,S,0,0,76467.675,24.95,2015,24,10.74,14.32
131479,Active,612838,NA,NA,S,1,0,170008.0725,75,1990,425,4,15.69
131480,Active,674247,NA,NA,S,0,0,121768.2688,26,1986,153,4.36,12.49
131481,Active,295453,NA,NA,S,0,0,199420.2188,27.5,2002,50,14.95,139.37
131482,Active,189455,NA,NA,S,0,0,600915.1863,41.95,2002,45,6.44,28.85
131483,Active,891441,NA,NA,S,0,0,552006.3088,49.95,2002,14,4.41,0
131484,Active,188150,NA,NA,S,1,0,234536.8088,26,1996,50,6.94,45.87
131485,Active,1490410,NA,NA,S,0,0,184384.375,21.95,2012,60,4,7.88
131486,Active,573745,NA,NA,S,0,0,139384.1613,49.95,1999,50,15.98,32.79
131487,Active,679544,NA,NA,S,1,0,22232.675,29.95,2012,34,15.14,19.38
131488,Active,1587602,NA,NA,S,1,0,241923.225,34.99,2009,27,14.63,33.48
131489,Active,686717,NA,NA,S,1,0,136974.9,24.95,2012,14,19.5,19.28
131490,Active,1979105,NA,NA,S,0,0,68824.325,24.99,2013,14,18.27,18.83
131491,Active,915251,NA,NA,S,0,0,69621.60625,24.95,1998,59,9.99,18.02
131492,Active,1565832,NA,NA,S,0,0,123035.55,21.99,2008,49,7.33,11.49
131493,Active,1745116,NA,NA,S,1,0,2771.1,36.95,2014,26,23.78,26.53
131494,Active,679161,NA,NA,S,3,1,495832.3375,29.95,2009,43,7.21,16.47
131495,Active,2022798,NA,NA,S,0,0,39293.175,24.99,2007,42,6.46,9.84
131496,Active,1437457,NA,NA,S,1,0,28625.625,30,2014,37,7.03,11.46
131497,Active,175105,NA,NA,S,1,0,34129.2,39.99,2010,47,18.39,26.29
131498,Active,265284,NA,NA,S,1,0,336735.0013,83,2001,35,4.32,33.99
131499,Active,265283,NA,NA,S,1,0,461981.1063,104,2001,22,10.4,38.99
131500,Active,3960017,NA,NA,S,0,0,20595.325,27.99,2015,18,17.96,15.41
131501,Active,174250,NA,NA,S,0,0,536369.6913,54.99,1997,47,4.11,21.97
131502,Active,1508879,NA,NA,S,1,0,76985.325,28,2014,70,4,8.38
131503,Active,917587,NA,NA,S,6,1,200395.85,0,2006,37,4.71,113.65
131504,Active,3474229,NA,NA,S,1,0,150887.925,29.99,2015,20,17.91,18.98
131505,Active,658546,NA,NA,S,0,0,69383.85,25.99,2009,21,24.94,25.99
131506,Active,3713151,NA,NA,S,4,1,627734,31.5,2016,13,18.66,18.77
131507,Active,1694943,NA,NA,S,1,0,142785.1375,18,2007,56,5.86,11.97
131508,Active,2096764,NA,NA,S,0,0,83635.425,22.5,2014,29,9.01,11.62
131509,Active,680681,NA,NA,S,1,0,98332.95,23.95,2007,43,4,16.03
131510,Active,2156894,NA,NA,S,0,0,76217.925,24.95,2010,25,11.77,17.11
131511,Active,636942,NA,NA,S,0,0,670583.9825,41.95,2005,35,12.33,44.07
131512,Active,2103693,NA,NA,S,2,1,5870.675,24.95,2014,14,13.99,18.59
131513,Active,546771,NA,NA,S,2,1,8681.44,24.95,2012,37,13.98,16.89
131514,Active,637801,NA,NA,S,2,1,482599.3663,34.95,2011,39,23.43,30.39
131515,Active,622117,NA,NA,S,1,0,626796.3225,49.95,1997,29,6.51,35.76
131516,Active,3482324,NA,NA,S,1,0,167003.675,38,2015,13,21.98,37.21
131517,Active,1780316,NA,NA,S,1,0,83979.45,29.95,2014,45,10.56,13.98
131518,Active,577598,NA,NA,S,0,0,42870.21375,19,2008,160,4.73,10.73
131519,Active,797215,NA,NA,S,0,0,843823.2825,44.95,2007,24,7.98,27.23
131520,Active,1918151,NA,NA,S,0,0,34804.175,29.99,2011,20,13.74,17.99
131521,Active,1565984,NA,NA,S,0,0,103412.55,27.99,2014,34,9.52,16.89
131522,Active,3798959,NA,NA,S,1,0,38886.6,29.95,2009,41,11.26,18.86
131523,Active,1496835,NA,NA,S,0,0,38841.375,45,2012,18,15.25,15.24
131524,Active,811490,NA,NA,S,0,0,170165.9,28.95,2008,9,23.03,28.95
131525,Active,2821550,NA,NA,S,0,0,594012.8613,38.5,1998,31,5.98,25
131526,Active,3575197,NA,NA,S,0,0,125895.75,29.95,2012,12,21.98,21.98
131527,Active,3547733,NA,NA,S,0,0,110874.225,30,2011,24,17.88,20.7
131528,Active,1501068,NA,NA,S,1,0,88665.35,30,2010,59,4.97,13.72
131529,Active,735798,NA,NA,S,7,1,14162.25,22,2010,33,11.39,13.83
131530,Active,2114004,NA,NA,S,0,0,57381.825,40,2013,23,17.98,24.64
131531,Active,1494900,NA,NA,S,1,0,22442.7,30,2007,20,19.86,19.88
131532,Active,3616520,NA,NA,S,0,0,65946.075,31.95,2010,21,20.63,31.95
131533,Active,3800698,NA,NA,S,0,0,71872.85,29.99,2014,18,10.22,14.19
131534,Active,2585217,NA,NA,S,1,0,681111.465,45,1996,62,4.03,21.62
131535,Active,553242,NA,NA,S,2,1,29867.15,26.99,2012,47,9.9,17.12
131536,Active,862347,NA,NA,S,5,1,22561,167.95,2014,57,37.99,73.99
131537,Active,1758872,NA,NA,S,0,0,119227.15,29.99,2012,10,31.46,29.8
131538,Active,684701,NA,NA,S,1,0,122725,25.95,2013,38,4,6.75
131539,Active,903872,NA,NA,S,0,0,186354.025,26.95,2012,11,27.79,24.95
131540,Active,621907,NA,NA,S,1,0,176869.6,32.5,2012,35,14.37,33.99
131541,Active,1716106,NA,NA,S,0,0,143671.55,29.95,2015,11,26.38,26.36
131542,Active,1942689,NA,NA,S,0,0,49460.775,26,2015,20,13.98,16.79
131543,Active,558344,NA,NA,S,0,0,106551.475,40,2008,10,32.39,36.55
131544,Active,1493976,NA,NA,S,0,0,34070.725,26,2009,40,12.24,15.28
131545,Active,2807533,NA,NA,S,1,0,543521.975,50,2004,40,8.44,32.96
131546,Active,2395692,NA,NA,S,0,0,36401.22,21,2005,95,6.48,14
131547,Active,746403,NA,NA,S,0,0,673035.5213,45,2005,33,5.86,71.83
131548,Active,140894,NA,NA,S,1,0,355622.1125,50.39,1998,38,4,7.98
131549,Active,650743,NA,NA,S,1,0,203497.675,80,2008,20,36.94,47.99
131550,Active,1729912,NA,NA,S,0,0,54693.175,32.95,2012,10,23.09,32.95
131551,Active,664299,NA,NA,S,0,0,26135.075,35.95,2013,18,27.58,27.59
131552,Active,1982600,NA,NA,S,0,0,10060.925,35.95,2014,14,30.35,29.9
131553,Active,1982601,NA,NA,S,0,0,25991.55,35.95,2014,14,36.32,31.2
131554,Active,1760450,NA,NA,S,0,0,133549.9,32.95,2013,24,7,30.01
131555,Active,1982714,NA,NA,S,0,0,41186.7,33.95,2015,11,25.98,30.82
131556,Active,652277,NA,NA,S,0,0,32964.3,37.5,2013,19,28.48,33.98
131557,Active,2217919,NA,NA,S,0,0,247226.1,29.95,2013,14,33.45,29.95
131558,Active,1937894,NA,NA,S,0,0,59365.275,27,2012,50,4,8.31
131559,Active,625650,NA,NA,S,2,1,87965.3,22.75,2012,24,15.05,15.91
131560,Active,874026,NA,NA,S,4,1,54240.9375,87,2015,29,37.92,36.37
131561,Active,118084,NA,NA,S,2,1,333269.25,44.6,2008,29,4,28.99
131562,Active,867757,NA,NA,S,10,1,3624.1,97.25,2014,97,33.04,68
131563,Active,3593982,NA,NA,S,0,0,147096.75,54.99,1990,64,29.92,33.57
131564,Active,690146,NA,NA,S,9,1,144714.125,29.95,2014,16,16.13,20.42
131565,Active,625442,NA,NA,S,1,0,111719.025,43.95,2003,17,39.74,31.71
131566,Active,1686634,NA,NA,S,1,0,96614.425,27.95,2013,50,4.4,10.23
131567,Active,1730838,NA,NA,S,0,0,206345.875,30,2008,21,14.92,16.22
131568,Active,1576724,NA,NA,S,1,0,85796.95,34.95,2014,12,24.79,24.8
131569,Active,678994,NA,NA,S,1,0,81762.2,24.95,2010,28,10.09,10.99
131570,Active,2081970,NA,NA,S,1,0,74851.5,20.95,2012,16,12.94,13.94
131571,Active,1831173,NA,NA,S,0,0,44427.275,24.99,2012,39,10.18,12.86
131572,Active,767953,NA,NA,S,0,0,13928.85,29.99,2010,49,13.15,19.56
131573,Active,1462274,NA,NA,S,0,0,16097.375,34.99,2011,21,22.98,21.33
131574,Active,1955850,NA,NA,S,2,1,151002.35,24.95,2011,8,25.54,24.76
131575,Active,2165725,NA,NA,S,15,1,64530.12,45,2014,31,15.98,110.81
131576,Active,1646014,NA,NA,S,0,0,102577.6,23,2007,17,14.97,43.94
131577,Active,1938708,NA,NA,S,0,0,96848.75,29.95,2014,22,16.47,18.47
131578,Active,299936,NA,NA,S,1,0,54082.6,32.95,2007,49,9.62,18.01
131579,Active,1836861,NA,NA,S,0,0,2947.8,24.95,2013,28,12.21,12.74
131580,Active,1837825,NA,NA,S,0,0,78095.075,22.99,2009,26,13.74,14.98
131581,Active,1639917,NA,NA,S,0,0,32769.625,24.95,2009,25,16.26,18.38
131582,Active,2063494,NA,NA,S,0,0,53594.75,24.95,2010,18,21.65,30.44
131583,Active,1733319,NA,NA,S,0,0,69020.5,45,2008,19,24.48,29.56
131584,Active,1908376,NA,NA,S,0,0,54769.05,24.99,2014,28,9.79,16.29
131585,Active,531772,NA,NA,S,0,0,3027.46625,14.95,2009,37,7.58,9.75
131586,Active,2060280,NA,NA,S,0,0,48167.725,27.95,2010,21,9.98,11.98
131587,Active,531771,NA,NA,S,0,0,164816.0825,14.95,2009,46,4,9.98
131588,Active,3566391,NA,NA,S,0,0,58715.775,50,2015,19,26.1,26.21
131589,Active,1750040,NA,NA,S,0,0,19283.625,29.95,2009,39,8.98,22.27
131590,Active,2144904,NA,NA,S,2,1,142542.925,21.95,2009,8,15.44,16.39
131591,Active,621350,NA,NA,S,0,0,1239.9,34.99,2009,38,19.99,20.1
131592,Active,625668,NA,NA,S,0,0,1441.15,100,2012,15,58.39,58.5
131593,Active,2610748,NA,NA,S,1,0,419313.8113,59.99,2004,23,11.96,59.92
131594,Active,3791140,NA,NA,S,0,0,126474.95,60,2004,194,6.48,25.88
131595,Active,1575280,NA,NA,S,1,0,66298.15,50,2014,14,26.97,27.95
131596,Active,723607,NA,NA,S,1,0,80370.35,26.95,2009,26,24.46,19.14
131597,Active,2165719,NA,NA,S,1,0,283.625,29.95,2014,25,17.6,17.97
131598,Active,1932835,NA,NA,S,0,0,95284.325,75,2014,13,42.2,42.2
131599,Active,859956,NA,NA,S,0,0,151030.675,27.5,2009,25,17.19,21.45
131600,Active,916063,NA,NA,S,7,1,10482.125,22,2012,29,14.58,12.89
131601,Active,1942108,NA,NA,S,0,0,46409.675,21.95,2012,12,13.79,13.98
131602,Active,200915,NA,NA,S,0,0,225063.825,23.99,2010,21,6.7,7.91
131603,Active,1619335,NA,NA,S,0,0,44786.025,29.95,2012,7,25.43,29.95
131604,Active,2043258,NA,NA,S,0,0,62220.875,22.99,2011,19,14.21,16.31
131605,Active,2168189,NA,NA,S,0,0,18442.325,24.95,2013,14,18.33,18.76
131606,Active,2135614,NA,NA,S,0,0,101735.125,27.95,2013,13,18.46,18.63
131607,Active,3763258,NA,NA,S,0,0,41333.65,29.95,2014,11,31.72,28.93
131608,Active,2006643,NA,NA,S,1,0,109684.8,26.99,2008,20,16.83,19.96
131609,Active,2107342,NA,NA,S,0,0,9692.275,35,2014,12,26.9,20.53
131610,Active,649815,NA,NA,S,0,0,8445.3,41.99,2012,15,28.76,24.4
131611,Active,1607194,NA,NA,S,0,0,24999.9,43,2014,12,18.99,27.41
131612,Active,3797499,NA,NA,S,0,0,115450.975,45,2012,21,27.23,33.72
131613,Active,664346,NA,NA,S,0,0,21527.75,30,2013,18,22.69,21.17
131614,Active,907994,NA,NA,S,0,0,238722.7525,59.95,2001,29,9.98,45.84
131615,Active,369424,NA,NA,S,1,0,694965.3738,79.95,2001,67,4,20.95
131616,Active,1995572,NA,NA,S,0,0,11420.425,28.95,2014,13,24.98,25.03
131617,Active,271709,NA,NA,S,1,0,249175.9925,60,2006,49,9.9,26.98
131618,Active,1636098,NA,NA,S,0,0,641078.4588,14.99,2009,38,5.99,10.31
131619,Active,2007314,NA,NA,S,4,1,12764.9,24.99,2010,23,16.84,15.68
131620,Active,869854,NA,NA,S,0,0,34939.525,29.99,2011,9,21.83,21.78
131621,Active,690879,NA,NA,S,0,0,51820.275,24.95,2011,17,22.09,22.46
131622,Active,657416,NA,NA,S,2,1,898445.3425,69.95,2002,25,9.56,79.14
131623,Active,1908300,NA,NA,S,0,0,33707.75,24.99,2012,16,14.89,18.7
131624,Active,2104695,NA,NA,S,0,0,15069.175,24.95,2015,14,19.09,18.17
131625,Active,1848472,NA,NA,S,0,0,47702.45,28.95,2012,10,19.47,22.4
131626,Active,2138898,NA,NA,S,0,0,93523.125,24.95,2013,10,18.98,17.8
131627,Active,1814412,NA,NA,S,0,0,19213.65,22.99,2012,20,13.42,15.19
131628,Active,1660746,NA,NA,S,0,0,32203.425,24.99,2014,14,17.13,13.98
131629,Active,1942152,NA,NA,S,0,0,11943.425,29.95,2014,13,17.83,18.76
131630,Active,2141587,NA,NA,S,0,0,68541.35,29.95,2011,12,21.67,21.91
131631,Active,676251,NA,NA,S,3,1,20167.95,24.95,2008,27,11.96,18.07
131632,Active,901111,NA,NA,S,0,0,308923.1763,49.95,1996,24,4.28,37.39
131633,Active,860203,NA,NA,S,0,0,389021.7275,21.95,2010,22,15.84,0
131634,Active,1634424,NA,NA,S,0,0,27640.475,24.95,2013,17,15.66,17.62
131635,Active,2991420,NA,NA,S,0,0,23604.15,21.96,2013,9,19.65,19.76
131636,Active,778492,NA,NA,S,2,1,239718.65,41.95,2007,16,18.51,24.67
131637,Active,681000,NA,NA,S,0,0,47147.875,24.95,2011,13,17.29,18.15
131638,Active,1697019,NA,NA,S,0,0,63344.7,24.99,2015,24,12.2,17.99
131639,Active,541757,NA,NA,S,2,1,60131.875,24.95,2010,18,18.73,18.58
131640,Active,1866044,NA,NA,S,0,0,125382.5875,18.99,2007,17,29.23,18.99
131641,Active,652796,NA,NA,S,1,0,253198.6013,57.95,2010,29,13.77,40.95
131642,Active,734082,NA,NA,S,0,0,156122.35,24.95,2009,23,11.74,16.77
131643,Active,2023806,NA,NA,S,2,1,312897.0325,19.99,2010,32,4.38,8.18
131644,Active,2137856,NA,NA,S,0,0,100658.5,24.99,2010,16,10.17,10.54
131645,Active,267835,NA,NA,S,3,1,789937.455,19.95,2005,76,4,7.94
131646,Active,267882,NA,NA,S,5,1,93799.08625,19.95,2009,92,5.36,10.97
131647,Active,267875,NA,NA,S,4,1,187206.2975,20.95,2008,34,4,0
131648,Active,921137,NA,NA,S,0,0,280659.7375,8.86,1998,71,4,48.36
131649,Active,531753,NA,NA,S,0,0,33157.86625,19.95,2010,29,8.98,13.32
131650,Active,267829,NA,NA,S,0,0,418584.7275,18.95,2004,67,4,18.99
131651,Active,546859,NA,NA,S,0,0,64103.525,21.95,2011,17,6.93,13.93
131652,Active,531752,NA,NA,S,4,1,364323.105,19.95,2009,48,4,13.08
131653,Active,2092194,NA,NA,S,4,1,166719.0463,24.95,2012,29,7.82,13
131654,Active,2044158,NA,NA,S,5,1,122821.125,21.95,2009,28,5.53,28.97
131655,Active,302953,NA,NA,S,3,1,687456.98,16.95,2001,38,3.7,9.99
131656,Active,2044188,NA,NA,S,5,1,787204.8825,18.95,2010,36,4,49.94
131657,Active,2307819,NA,NA,S,0,0,566339.3288,8.99,2002,56,4,8.93
131658,Active,2044083,NA,NA,S,0,0,107750.65,24.95,2008,32,6.15,17.08
131659,Active,2307816,NA,NA,S,0,0,434348.0375,104.24,1999,59,4,15.08
131660,Active,861744,NA,NA,S,3,1,48670.52375,19.95,2013,16,15.03,13.95
131661,Active,531746,NA,NA,S,6,1,393179.5925,24.95,2012,39,8.52,16.65
131662,Active,3100562,NA,NA,S,3,1,794221.1425,16.95,2005,57,4,6.76
131663,Active,3100430,NA,NA,S,2,1,207403.64,17.95,2003,31,5.19,57.73
131664,Active,531745,NA,NA,S,3,1,423058.5463,19.95,2011,30,4.59,13.24
131665,Active,3100469,NA,NA,S,2,1,760257.2013,18.95,2004,59,4,9
131666,Active,300483,NA,NA,S,2,1,651362.0813,18.95,2010,27,9.04,184.03
131667,Active,2043987,NA,NA,S,3,1,298442.835,21.95,2007,50,4,12.06
131668,Active,2092202,NA,NA,S,4,1,751236.2363,19.95,2012,18,5.96,53.44
131669,Active,905321,NA,NA,S,8,1,289525.3925,34.99,2014,32,19.32,24.3
131670,Active,1636905,NA,NA,S,0,0,1068.275,24.99,2014,8,22.89,17.97
131671,Active,477775,NA,NA,S,0,0,18583.825,21.99,2007,18,13.38,13.47
131672,Active,2143857,NA,NA,S,9,1,468551.6988,18.95,2007,24,8.85,60.31
131673,Active,1682612,NA,NA,S,1,0,56927.725,24.95,2015,7,17.2,18.42
131674,Active,2160117,NA,NA,S,0,0,1895.375,24.95,2014,22,16.95,20.16
131675,Active,1661610,NA,NA,S,0,0,155440.425,39.95,2011,14,4.97,13.98
131676,Active,1523360,NA,NA,S,0,0,42564.6,40,2008,19,8.85,24.85
131677,Active,921706,NA,NA,S,0,0,10990.26,21.95,1991,71,7.94,12.02
131678,Active,1925577,NA,NA,S,0,0,25082.2,47.99,2013,13,30.09,28.35
131679,Active,666567,NA,NA,S,0,0,135737.525,79.99,2010,9,23.98,30.94
131680,Active,2088554,NA,NA,S,0,0,80117.18625,99.99,2012,14,43.41,59.99
131681,Active,1815403,NA,NA,S,0,0,40941.35,30,2015,18,12.47,12.48
131682,Active,3800037,NA,NA,S,0,0,26592.6,49.99,2010,18,28.94,34.72
131683,Active,2077588,NA,NA,S,0,0,70262.925,49.99,2011,10,34.94,33.79
131684,Active,647181,NA,NA,S,1,0,50317.05,49.99,2012,18,28.94,34.03
131685,Active,2077640,NA,NA,S,1,0,52493.1,59.99,2014,7,41.01,39.68
131686,Active,3800074,NA,NA,S,1,0,53807.175,29.99,2015,15,20.23,15.94
131687,Active,3800083,NA,NA,S,1,0,29603.8,29.99,2016,10,22.65,18.29
131688,Active,691449,NA,NA,S,1,0,1169.4975,24.95,2007,251,8.98,11.76
131689,Active,2031640,NA,NA,S,0,0,141940.55,24.99,2012,26,13.35,16.01
131690,Active,682090,NA,NA,S,0,0,14858.25,24.99,2012,28,11.5,13.94
131691,Active,2031657,NA,NA,S,0,0,90352.05,24.99,2014,13,17.91,17.28
131692,Active,682042,NA,NA,S,0,0,45005.825,24.99,2013,16,12.95,14.57
131693,Active,681448,NA,NA,S,1,0,37048.925,24.99,2010,31,11.39,11.92
131694,Active,2031612,NA,NA,S,0,0,189625.15,24.99,2010,37,10.6,9.94
131695,Active,2031641,NA,NA,S,0,0,68834.925,24.99,2012,17,20.37,18.79
131696,Active,2031598,NA,NA,S,0,0,82361.55,24.99,2009,31,9.6,12.98
131697,Active,2031615,NA,NA,S,0,0,65190.5,24.99,2010,34,9.8,11.74
131698,Active,2031646,NA,NA,S,0,0,75524.75,24.99,2013,23,15.15,16.09
131699,Active,684798,NA,NA,S,0,0,5680.975,24.99,2012,13,16.94,15.99
131700,Active,685404,NA,NA,S,0,0,89133.675,29,2012,66,9.2,11.81
131701,Active,1816832,NA,NA,S,0,0,40094.825,39.95,2011,8,31.43,31.36
131702,Active,1527288,NA,NA,S,0,0,53806.875,25,2013,36,10.23,14.94
131703,Active,187418,NA,NA,S,0,0,41626.825,55,2007,30,28.99,32.58
131704,Active,1705477,NA,NA,S,1,0,12676.075,30,2015,17,18.47,19.97
131705,Active,1575272,NA,NA,S,0,0,81260.5,40,2007,17,19.47,24.98
131706,Active,1654055,NA,NA,S,0,0,38181.375,21.99,2009,18,12.82,16.17
131707,Active,684259,NA,NA,S,11,1,100873.175,24.95,2011,30,12.56,18.44
131708,Active,2080733,NA,NA,S,0,0,162854.7,26,2010,31,9.49,38.49
131709,Active,1575398,NA,NA,S,0,0,47402,26.95,2011,52,11.66,17.97
131710,Active,621690,NA,NA,S,5,1,734231.9775,153.6,2003,31,5.09,0
131711,Active,1704032,NA,NA,S,1,0,165156,49.95,2008,9,26.39,33.29
131712,Active,3960056,NA,NA,S,0,0,16918.775,28.95,2015,17,21.41,19.68
131713,Active,1925575,NA,NA,S,0,0,26563.1,29.99,2013,19,18.99,18.87
131714,Active,2167860,NA,NA,S,0,0,29385.425,35,2014,11,25.66,23.49
131715,Active,2034077,NA,NA,S,0,0,77261.4,27.95,2011,15,16.93,19.13
131716,Active,3798145,NA,NA,S,0,0,162176.725,49.99,2007,31,29.95,35.52
131717,Active,1682614,NA,NA,S,1,0,40430.025,24.95,2015,16,17.04,17.09
131718,Active,732800,NA,NA,S,3,1,666423.2988,27.95,2004,27,5.99,69.34
131719,Active,2584206,NA,NA,S,0,0,213802.5788,39.95,2002,53,5.12,55.67
131720,Active,2165727,NA,NA,S,0,0,596,29.95,2015,18,20.98,18.31
131721,Active,2060260,NA,NA,S,0,0,52440.175,45,2014,16,21.98,23.98
131722,Active,254332,NA,NA,S,0,0,5198.95,29.99,2010,16,20.11,20.11
131723,Active,3041530,NA,NA,S,0,0,222140.78,62.37,2000,31,8.88,75.81
131724,Active,746015,NA,NA,S,1,0,478783.1813,45,2001,51,5.48,18.97
131725,Active,2017712,NA,NA,S,0,0,36324.17,45.99,2013,31,24.93,28.99
131726,Active,3603379,NA,NA,S,0,0,65800.825,100,2015,12,59.87,58.93
131727,Active,617984,NA,NA,S,0,0,21804.35,34.95,2008,39,16.48,22.98
131728,Active,2157863,NA,NA,S,1,0,61330.875,29.95,2015,10,21.92,21.64
131729,Active,189159,NA,NA,S,0,0,206528.8075,43.95,1997,71,7.89,21.47
131730,Active,877265,NA,NA,S,5,1,114694.045,192.95,2015,84,53.96,113.98
131731,Active,874780,NA,NA,S,5,1,51927.43375,104.95,2015,40,44.54,69.21
131732,Active,881396,NA,NA,S,0,0,54361.025,0,2010,16,21.95,23.95
131733,Active,2015973,NA,NA,S,0,0,432157.55,34.95,2013,36,22,24.33
131734,Active,1583264,NA,NA,S,1,0,701444.9225,39.99,2014,20,9.84,28.12
131735,Active,555433,NA,NA,S,0,0,873142.2,49.99,2000,29,12.13,36.66
131736,Active,1946543,NA,NA,S,1,0,206592.6,65.5,2014,56,18.99,34.34
131737,Active,895008,NA,NA,S,3,1,32048.525,29.95,2014,13,13.7,20.08
131738,Active,911020,NA,NA,S,0,0,432766.0975,54,2007,20,7.79,18.98
131739,Active,1780115,NA,NA,S,1,0,101920.625,51.95,2014,11,37.88,40.59
131740,Active,689053,NA,NA,S,3,1,220906.9913,37,2013,28,23.19,27.2
131741,Active,544254,NA,NA,S,4,1,91646.375,68.95,2013,47,13.48,21.34
131742,Active,1625844,NA,NA,S,1,0,12135.425,21,2011,16,15.72,11.85
131743,Active,2397147,NA,NA,S,1,0,562854.2038,53.95,1995,22,8.49,52.99
131744,Active,3561886,NA,NA,S,0,0,666248.5,45,2010,84,4,10.94
131745,Active,150715,NA,NA,S,1,0,66433.37625,14.95,1998,82,4.33,11.02
131746,Active,1433427,NA,NA,S,1,0,4100.525,27.99,2014,54,13.67,15.48
131747,Active,615866,NA,NA,S,8,1,165679.1438,122.95,2012,105,8.92,77.87
131748,Active,829795,NA,NA,S,1,0,672654.2288,64.95,2002,30,10.96,40.57
131749,Active,637816,NA,NA,S,0,0,63232.1,20.25,2011,15,13.08,15.46
131750,Active,2163444,NA,NA,S,0,0,104383.575,34.95,2011,22,11.97,22.33
131751,Active,2408035,NA,NA,S,1,0,539079.7863,99,1996,30,6.1,26.97
131752,Active,545219,NA,NA,S,0,0,65551.7575,16.99,2009,75,9.38,12.74
131753,Active,3467042,NA,NA,S,0,0,16685.15,27.99,2015,42,10.97,14.24
131754,Active,1756990,NA,NA,S,0,0,17469.225,25,2011,9,26.37,23.42
131755,Active,134098,NA,NA,S,0,0,29426.825,25,2011,40,11.8,14.78
131756,Active,3483495,NA,NA,S,1,0,586816.95,35,2015,32,24.2,29.64
131757,Active,2287269,NA,NA,S,2,1,39752.2,0,2014,0,0,6.18
131758,Active,2284246,NA,NA,S,2,1,36358.475,0,2014,0,0,6.18
131759,Active,1490758,NA,NA,S,0,0,75038.925,29.95,2015,17,20.04,21.15
131760,Active,690490,NA,NA,S,0,0,28956.325,24.99,2011,31,8.98,14.18
131761,Active,571489,NA,NA,S,1,0,495245.8488,75.95,2004,33,11.09,57.66
131762,Active,631300,NA,NA,S,1,0,754721.6513,41.95,2011,38,10.28,33.54
131763,Active,591646,NA,NA,S,1,0,197961.7375,46.95,2008,39,12.88,35
131764,Active,610680,NA,NA,S,1,0,50506.5,52.95,2013,19,34.94,40.33
131765,Active,584419,NA,NA,S,2,1,16081.775,24.99,2010,24,10.24,14.95
131766,Active,1582649,NA,NA,S,0,0,459227.095,49.99,2012,25,13.89,44.09
131767,Active,3799777,NA,NA,S,0,0,59221.95,21.99,2009,22,14.05,19.15
131768,Active,148943,NA,NA,S,0,0,427959.5738,31.25,2007,35,14.35,0
131769,Active,685172,NA,NA,S,1,0,217966,26.95,2007,18,22,24.04
131770,Active,2099668,NA,NA,S,1,0,85866.975,26,2015,20,12.07,16.49
131771,Active,2133190,NA,NA,S,2,1,37332.2,24.95,2014,13,14.99,18.57
131772,Active,616388,NA,NA,S,1,0,69621.325,34.95,2008,46,5.4,36.98
131773,Active,2165717,NA,NA,S,0,0,19216.075,40,2013,33,15.8,23.78
131774,Active,624310,NA,NA,S,0,0,2794.1,40,2011,41,13.48,24.35
131775,Active,2165722,NA,NA,S,0,0,9363.55,40,2014,21,18.97,24.04
131776,Active,1526844,NA,NA,S,1,0,121581.275,26,2014,30,9.68,9.98
131777,Active,1785906,NA,NA,S,2,1,68916.125,34.95,2015,10,33.81,29.71
131778,Active,2394377,NA,NA,S,0,0,115422.1088,5.99,1993,145,4,4.47
131779,Active,1661029,NA,NA,S,0,0,129793.725,23.95,2007,39,7.85,15.99
131780,Active,646461,NA,NA,S,2,1,125382.725,28.95,2009,26,23.95,24.99
131781,Active,677248,NA,NA,S,0,0,68752.525,29.95,2009,36,9.73,17.09
131782,Active,1937736,NA,NA,S,0,0,61773.475,26.99,2012,43,4,6.47
131783,Active,873164,NA,NA,S,2,1,28538.96875,107.4,2015,46,44.97,87.52
131784,Active,614720,NA,NA,S,4,1,620930.01,42.19,2005,33,4.85,42.19
131785,Active,675176,NA,NA,S,1,0,103525.975,26,2012,43,4,5.25
131786,Active,1777305,NA,NA,S,1,0,156689.5,29.95,2012,24,16.99,19.78
131787,Active,317398,NA,NA,S,3,1,91375.65,27.2,2010,21,15.48,21.29
131788,Active,914246,NA,NA,S,0,0,81746.95,27.5,2009,21,13.86,13.11
131789,Active,672171,NA,NA,S,0,0,4431.9925,16,2003,96,5.99,8.58
131790,Active,2648566,NA,NA,S,1,0,668250.1325,68.95,1999,21,4.49,35.98
131791,Active,1704083,NA,NA,S,0,0,127817.575,50,2007,31,10.76,27.33
131792,Active,2163593,NA,NA,S,0,0,58697.9,0,2013,20,4.29,16.23
131793,Active,2135531,NA,NA,S,0,0,194750.95,47.95,2011,13,10.3,18.2
131794,Active,3528830,NA,NA,S,0,0,145911.325,26.95,2014,19,12.28,17.48
131795,Active,1741415,NA,NA,S,0,0,27862.175,24.95,2011,23,21.46,24.59
131796,Active,1695650,NA,NA,S,0,0,51581.375,26,2008,29,12.8,14.94
131797,Active,3065483,NA,NA,S,3,1,78149.99375,16.95,2001,119,4,8.98
131798,Active,677024,NA,NA,S,4,1,14218.6725,25.99,2008,111,7.34,18.6
131799,Active,609794,NA,NA,S,3,1,60379.575,22.95,2009,40,11.1,15.47
131800,Active,264386,NA,NA,S,3,1,58210.525,23.99,2007,33,11.62,13.95
131801,Active,2404918,NA,NA,S,0,0,473922.755,60,1988,51,4,29.99
131802,Active,1943063,NA,NA,S,0,0,89461.375,26,2015,13,13.79,17.22
131803,Active,1872851,NA,NA,S,0,0,164428.15,24.99,2009,17,16.63,18.2
131804,Active,125914,NA,NA,S,1,0,489767.84,44.95,1998,32,5.95,44.95
131805,Active,557724,NA,NA,S,1,0,618731.3963,14,1995,214,3.98,6.21
131806,Active,633262,NA,NA,S,0,0,166728.925,42.95,2010,20,29.82,38.83
131807,Active,1925592,NA,NA,S,0,0,24483.125,38.99,2013,10,32.82,21.2
131808,Active,677252,NA,NA,S,1,0,93061.3,27.95,2011,48,7.96,14.98
131809,Active,1563880,NA,NA,S,0,0,31212.625,28,2013,32,11.98,16.9
131810,Active,3060316,NA,NA,S,2,1,541744.9125,19.95,2001,66,4.12,13.81
131811,Active,2404916,NA,NA,S,0,0,68187.47625,19.95,1987,71,5.49,9.97
131812,Active,214673,NA,NA,S,0,0,79165.20125,35,1998,38,11.99,23.99
131813,Active,2903104,NA,NA,S,2,1,690146.9675,35.66,2001,45,4,51.55
131814,Active,878923,NA,NA,S,0,0,88062,39.95,2010,15,24.21,63.99
131815,Active,2157043,NA,NA,S,1,0,814732.765,45.5,2008,15,7.73,33.99
131816,Active,546357,NA,NA,S,2,1,78446.175,21.99,2009,25,8.85,18.46
131817,Active,1572698,NA,NA,S,0,0,443689.7325,11.95,2010,21,7.79,8.58
131818,Active,691488,NA,NA,S,5,1,2772.325,24.5,2010,30,18.99,19.76
131819,Active,1736063,NA,NA,S,3,1,95766.975,34.95,2007,39,9.96,26.05
131820,Active,790932,NA,NA,S,1,0,406076.5338,45,2011,58,4.98,20.23
131821,Active,1710879,NA,NA,S,0,0,239654.425,27,2008,10,31.29,20.6
131822,Active,542560,NA,NA,S,6,1,575491.2475,110,2005,76,6.99,36.65
131823,Active,107575,NA,NA,S,3,1,664130.8213,16.91,2003,57,4,44.85
131824,Active,2947934,NA,NA,S,14,1,106089.3838,39.99,2015,23,23.41,27.66
131825,Active,910087,NA,NA,S,0,0,385633.1788,73.95,2000,39,4.97,54.65
131826,Active,3503650,NA,NA,S,1,0,181572.525,26,2014,22,10.25,17.95
131827,Active,157774,NA,NA,S,2,1,608920.0363,79.95,2011,39,11.47,64.32
131828,Active,1924572,NA,NA,S,0,0,82891.575,47,2014,12,29.95,33.9
131829,Active,1977141,NA,NA,S,0,0,50978.75,36.95,2013,23,5.79,26.94
131830,Active,652547,NA,NA,S,0,0,29507.6,32.95,2012,35,19.59,25.1
131831,Active,542488,NA,NA,S,2,1,511990.2875,24.95,2013,26,11.21,14.97
131832,Active,2022375,NA,NA,S,0,0,144168.3025,45,2006,46,18.88,28.01
131833,Active,2104299,NA,NA,S,0,0,5703.475,24,2013,27,17.79,15.03
131834,Active,1627688,NA,NA,S,0,0,29541.15,29.95,2013,20,20.23,21.96
131835,Active,1941812,NA,NA,S,0,0,179807.6538,9.49,2012,17,7.97,9.41
131836,Active,735115,NA,NA,S,0,0,4379.03,15.99,2011,39,11.13,11.84
131837,Active,1739368,NA,NA,S,0,0,9969.26875,33.95,2014,14,23.93,25.48
131838,Active,3488990,NA,NA,S,0,0,140453.175,24,2011,21,17.32,17.99
131839,Active,1627305,NA,NA,S,0,0,765670.4775,30.95,2011,13,18.66,22.39
131840,Active,2023793,NA,NA,S,4,1,24187.3,21.99,2009,22,13.96,16.81
131841,Active,2057804,NA,NA,S,0,0,13212.8,21.99,2013,10,14.49,14.8
131842,Active,1660796,NA,NA,S,0,0,49497.75,24.99,2015,18,16.45,12.98
131843,Active,1740901,NA,NA,S,0,0,70836.6,25.95,2013,16,24.64,25.95
131844,Active,1814827,NA,NA,S,0,0,14421.125,35,2014,11,14.98,17.98
131845,Active,2170098,NA,NA,S,1,0,53670.525,36,2015,15,22.98,24.39
131846,Active,1715766,NA,NA,S,1,0,192845.975,24.95,2010,15,22.42,22.44
131847,Active,2648091,NA,NA,S,1,0,559793.1963,42.95,1997,33,5.66,25.87
131848,Active,900530,NA,NA,S,2,1,83660.375,21.95,2013,19,9.88,14.08
131849,Active,3819246,NA,NA,S,0,0,496983.85,39.95,1998,46,13.67,59.51
131850,Active,157461,NA,NA,S,1,0,108087.2,68.95,2008,26,26.29,45.16
131851,Active,652585,NA,NA,S,3,1,329388.635,53,2012,34,14.78,37.98
131852,Active,295475,NA,NA,S,0,0,122280.575,22,2011,42,6.33,14.67
131853,Active,184508,NA,NA,S,1,0,358507.1688,57.95,2005,53,7.04,24.36
131854,Active,614451,NA,NA,S,1,0,783921.9863,34.95,2004,73,4,6.18
131855,Active,1780992,NA,NA,S,1,0,32482.3,25,2014,12,17.04,17.04
131856,Active,2085127,NA,NA,S,0,0,5786.25,26.99,2014,27,11.43,15.16
131857,Active,673879,NA,NA,S,1,0,81549.575,24.95,2013,33,16.96,19.59
131858,Active,1589823,NA,NA,S,1,0,213654.75,34.99,2008,19,4.97,26.97
131859,Active,2504073,NA,NA,S,1,0,435806.1338,51.21,1978,46,4.96,63.37
131860,Active,1432794,NA,NA,S,0,0,38939.05,23.99,2011,39,4,11.98
131861,Active,2143303,NA,NA,S,0,0,37526.05,24.99,2008,23,18.44,21.79
131862,Active,1757431,NA,NA,S,3,1,30521.01375,14.99,2011,37,8.77,14.99
131863,Active,2135165,NA,NA,S,0,0,14551.275,24.95,2015,14,18.97,17.39
131864,Active,2135147,NA,NA,S,0,0,12226.025,24.95,2013,30,14.47,14.47
131865,Active,3569105,NA,NA,S,0,0,6822.775,24.99,2016,16,16.99,17.14
131866,Active,2205778,NA,NA,S,0,0,33352.95,29.99,2014,17,26.17,22.66
131867,Active,2046729,NA,NA,S,0,0,127952.3,25.95,2009,66,4,13.09
131868,Active,3809947,NA,NA,S,1,0,138053.725,24.95,2011,21,13.08,69.05
131869,Active,1919201,NA,NA,S,0,0,128914.95,22.99,2013,21,7.34,12.94
131870,Active,182554,NA,NA,S,1,0,283995.0075,59.95,2002,66,3.99,4.88
131871,Active,2103748,NA,NA,S,0,0,60825.8,24.95,2015,15,16.34,19.1
131872,Active,1780714,NA,NA,S,1,0,55569.4,30,2014,14,19.67,20.19
131873,Active,565000,NA,NA,S,1,0,233745.625,62.95,1995,30,28.98,51.99
131874,Active,2087416,NA,NA,S,0,0,100132.425,27.95,2013,16,18.49,18.26
131875,Active,127428,NA,NA,S,2,1,101497.15,24.95,2010,24,17.54,18.19
131876,Active,1779162,NA,NA,S,1,0,97746.5,40,2012,17,21.76,24.15
131877,Active,677844,NA,NA,S,0,0,23027.7075,24.95,2009,61,10.99,0
131878,Active,1433099,NA,NA,S,0,0,28186.925,35,2012,37,13.22,20.15
131879,Active,858206,NA,NA,S,0,0,13128.19125,24.99,2012,32,10.97,14.74
131880,Active,676548,NA,NA,S,1,0,90687.775,22.95,2009,64,7.42,12.42
131881,Active,597529,NA,NA,S,1,0,25664.7775,20,2006,204,5.13,17.84
131882,Active,2058654,NA,NA,S,2,1,126288.625,24.99,2011,29,6.29,16.13
131883,Active,1568328,NA,NA,S,1,0,79695.975,45,2009,18,25.27,28.33
131884,Active,671891,NA,NA,S,0,0,2237.275,39.99,2015,14,23.5,24.47
131885,Active,3803077,NA,NA,S,0,0,81183.625,55,2015,14,31.49,31.5
131886,Active,2403111,NA,NA,S,0,0,546113.1938,44.99,1979,50,7.84,23.99
131887,Active,228458,NA,NA,S,2,1,337115.9,29.95,2003,56,4.04,31.22
131888,Active,293973,NA,NA,S,0,0,758810.2038,47.95,2014,36,4,26.44
131889,Active,538406,NA,NA,S,5,1,97175.1725,82.75,2004,70,16.88,18.68
131890,Active,881398,NA,NA,S,0,0,9288.55,22.99,2013,17,9.85,11.69
131891,Active,686543,NA,NA,S,0,0,1689.075,29.99,2014,35,10.94,10.96
131892,Active,1499007,NA,NA,S,0,0,110548,34.99,2013,13,21.71,13.31
131893,Active,1778533,NA,NA,S,1,0,21527.35,29.95,2013,16,19.02,20.07
131894,Active,686857,NA,NA,S,1,0,166768.55,24.95,2010,15,24.84,19.88
131895,Active,1677080,NA,NA,S,1,0,42953.3,25.99,2011,40,4,6.47
131896,Active,1677148,NA,NA,S,1,0,108404.825,22.99,2010,27,6.67,8.63
131897,Active,806616,NA,NA,S,0,0,71062.975,29.99,2007,27,8.88,21.99
131898,Active,1925502,NA,NA,S,0,0,26440.26125,39.99,2013,52,19.94,22.1
131899,Active,2030449,NA,NA,S,1,0,105522.55,25,2013,15,20.7,21.84
131900,Active,1504659,NA,NA,S,0,0,683204.17,7.99,2009,52,3.73,43.99
131901,Active,1582696,NA,NA,S,0,0,645764.0625,44.99,2010,75,12.94,34.97
131902,Active,798165,NA,NA,S,1,0,79144.925,24.95,2012,9,19.95,18.58
131903,Active,1632750,NA,NA,S,1,0,194668.375,32.95,2015,12,18.47,22.82
131904,Active,139896,NA,NA,S,2,1,102589.4,24.95,2008,26,12.18,16.45
131905,Active,189980,NA,NA,S,0,0,860300.5438,41.95,2005,31,6.38,31.72
131906,Active,805666,NA,NA,S,1,0,168898.65,27,2009,42,4.17,13.93
131907,Active,1523821,NA,NA,S,0,0,48224.925,28,2015,25,12.94,10.98
131908,Active,1937680,NA,NA,S,1,0,199050.025,26,2012,55,4,5.23
131909,Active,678966,NA,NA,S,1,0,1092.05,26,2012,55,10.54,13.99
131910,Active,1942973,NA,NA,S,1,0,9855.125,26,2014,25,12.98,17.39
131911,Active,3618510,NA,NA,S,0,0,97008.625,35,2007,67,8.94,15.99
131912,Active,917523,NA,NA,S,1,0,108262.575,22.99,2009,27,8.74,15.99
131913,Active,2087450,NA,NA,S,0,0,150991.4,24.95,2014,17,15.12,17.98
131914,Active,1532208,NA,NA,S,0,0,31184.95,24.99,2013,25,15.23,15.23
131915,Active,1716700,NA,NA,S,0,0,68656.625,22.99,2009,32,9.76,15.99
131916,Active,683017,NA,NA,S,1,0,85920.325,24,2014,49,5.05,10.53
131917,Active,1695805,NA,NA,S,2,1,85079.9,22,2010,29,8.99,12.99
131918,Active,1685966,NA,NA,S,1,0,64735.65,45,2011,36,29.61,37.89
131919,Active,2113051,NA,NA,S,0,0,217549.05,26.95,2014,27,7.65,12.36
131920,Active,187426,NA,NA,S,0,0,34442.8,23,2011,23,15.45,16.32
131921,Active,3503750,NA,NA,S,0,0,55236.725,22,2013,37,6.01,14.63
131922,Active,1937672,NA,NA,S,1,0,73601.525,27,2015,36,4.54,4.54
131923,Active,2808881,NA,NA,S,1,0,423633.5063,8.99,1996,113,4,8.88
131924,Active,1783977,NA,NA,S,0,0,215948.825,28,2013,22,6.16,9.72
131925,Active,1535510,NA,NA,S,0,0,68813.245,14.95,2012,65,4.4,11.03
131926,Active,746119,NA,NA,S,0,0,511704.9913,45,2001,152,4,5.96
131927,Active,125963,NA,NA,S,0,0,654352.4738,35,1997,70,4,0
131928,Active,2022056,NA,NA,S,0,0,175844.45,24.95,2015,9,17.89,17.91
131929,Active,215416,NA,NA,S,4,1,147113.65,22,2011,17,20.55,24.89
131930,Active,3513342,NA,NA,S,0,0,122512.125,25,2015,16,17.29,17.24
131931,Active,2092914,NA,NA,S,0,0,197861.275,22.95,2010,32,5.73,10.48
131932,Active,679584,NA,NA,S,1,0,142067.2,27.95,2011,24,6.48,17.3
131933,Active,1599910,NA,NA,S,0,0,77746.475,22.99,2013,13,13.75,14.97
131934,Active,689126,NA,NA,S,0,0,41590.35,24.99,2012,19,15.95,17.99
131935,Active,3960104,NA,NA,S,0,0,19889.525,28,2016,26,18.93,17.97
131936,Active,531314,NA,NA,S,3,1,134511.97,39.99,2012,24,16.99,26.86
131937,Active,679915,NA,NA,S,3,1,76303.125,25,2010,23,6.99,14.99
131938,Active,1453215,NA,NA,S,1,0,92128.5,89.99,2014,16,56.93,76.48
131939,Active,1649382,NA,NA,S,2,1,752934.0563,24.95,2012,18,4.54,27.98
131940,Active,677162,NA,NA,S,0,0,4668.575,24.95,2009,23,13.69,16.63
131941,Active,1999740,NA,NA,S,0,0,75107.175,29.07,2014,13,23.98,27.33
131942,Active,1701124,NA,NA,S,1,0,223118.525,29.95,2012,20,13.24,23.17
131943,Active,894900,NA,NA,S,2,1,19052.4,29.99,2015,14,13.99,22.66
131944,Active,901382,NA,NA,S,0,0,898443.5975,90,2003,17,4.77,89.99
131945,Active,544376,NA,NA,S,6,1,51807.6875,128.95,2014,48,36.89,104.33
131946,Active,688450,NA,NA,S,0,0,32143.35,27.95,2014,58,10.43,13.94
131947,Active,149876,NA,NA,S,0,0,3356.32,17,1997,234,4.32,11.44
131948,Active,652551,NA,NA,S,2,1,580370.66,32,2012,24,18.5,18.5
131949,Active,1532210,NA,NA,S,0,0,55050.525,21.99,2013,12,15.72,15.72
131950,Active,250921,NA,NA,S,3,1,19924.6,30,2009,33,12.68,16.87
131951,Active,267797,NA,NA,S,0,0,614881.7825,30,2006,41,5.36,38.99
131952,Active,161319,NA,NA,S,0,0,43890.64125,16.95,2002,107,5.57,18.85
131953,Active,1918393,NA,NA,S,1,0,120657.775,35,2012,27,4,6.39
131954,Active,691150,NA,NA,S,1,0,2277.525,22,2014,21,14.98,11.88
131955,Active,172350,NA,NA,S,0,0,482560.4825,29.99,2001,48,7.99,22.87
131956,Active,137012,NA,NA,S,0,0,570965.3463,49.95,2003,23,17.91,28.69
131957,Active,673302,NA,NA,S,1,0,11398.375,23,2013,35,11.98,14.04
131958,Active,534527,NA,NA,S,3,1,152932.5925,16.99,2012,39,4,12.1
131959,Active,2083892,NA,NA,S,1,0,86612.2,26.99,2013,49,4,8.14
131960,Active,2261288,NA,NA,S,0,0,633635.5263,82.31,2010,20,9.74,77.63
131961,Active,869295,NA,NA,S,2,1,21333.1925,40,2015,27,29.4,24.99
131962,Active,617337,NA,NA,S,1,0,650960.1275,60,1999,58,4.16,12.88
131963,Active,880806,NA,NA,S,9,1,42498.085,166.75,2014,45,43.99,118.99
131964,Active,639295,NA,NA,S,1,0,639512.5813,77.95,2008,43,7.4,47.97
131965,Active,214861,NA,NA,S,30,1,120040.475,30,2010,25,18.73,26.66
131966,Active,1576769,NA,NA,S,1,0,106242.325,29.95,2014,7,21.1,22.6
131967,Active,2772873,NA,NA,S,1,0,440920.8413,42.5,1977,74,6.31,20.49
131968,Active,1575907,NA,NA,S,1,0,560523.495,44.95,2012,47,7.49,23.93
131969,Active,1565883,NA,NA,S,1,0,92382.1,29.99,2014,42,5.69,14.23
131970,Active,2601486,NA,NA,S,0,0,677705.7688,44.99,1994,28,11.39,34.97
131971,Active,3559088,NA,NA,S,0,0,593161.3,39.99,2005,37,6.9,67.98
131972,Active,748950,NA,NA,S,1,0,13121.075,34.95,2007,36,22.02,21.46
131973,Active,1526779,NA,NA,S,0,0,59880.675,25.95,2014,40,4,11.57
131974,Active,1661742,NA,NA,S,1,0,86267.475,25.95,2015,22,8.94,9.97
131975,Active,2079704,NA,NA,S,1,0,82653.975,24.99,2014,42,8.74,10.59
131976,Active,672707,NA,NA,S,1,0,309,22.95,2007,69,13.2,13.66
131977,Active,2628902,NA,NA,S,0,0,22166.855,16,2000,137,4,7.95
131978,Active,125962,NA,NA,S,0,0,284579.1288,19.95,1998,81,4,14.98
131979,Active,682322,NA,NA,S,0,0,19074.5,24.95,2010,19,17.27,17.27
131980,Active,1691986,NA,NA,S,0,0,78195.75,25,2010,14,28.96,23.13
131981,Active,1697014,NA,NA,S,1,0,49590.075,25.99,2014,39,8.98,18.03
131982,Active,1433891,NA,NA,S,1,0,29542.3,27.99,2015,17,15.38,16.18
131983,Active,617981,NA,NA,S,0,0,61825.525,29.95,2008,26,15.94,18.85
131984,Active,612842,NA,NA,S,1,0,66717.2375,8.95,1999,409,4,6.89
131985,Active,1520129,NA,NA,S,0,0,102600.45,31.25,2007,34,4.96,15.81
131986,Active,1437689,NA,NA,S,1,0,13247.525,30,2015,24,18.23,18.98
131987,Active,2343598,NA,NA,S,1,0,747786.7138,24.95,1995,75,4,2.95
131988,Active,644712,NA,NA,S,1,0,50032.475,49.99,2011,16,22.66,18.07
131989,Active,680078,NA,NA,S,1,0,60723.5,24.99,2012,35,9.03,10.85
131990,Active,1455310,NA,NA,S,1,0,50038.525,24.99,2014,25,14.8,15.98
131991,Active,562332,NA,NA,S,1,0,104366,28.13,2009,16,15.68,25.2
131992,Active,2022048,NA,NA,S,0,0,319349.8738,45,2014,11,14.05,28.17
131993,Active,642845,NA,NA,S,0,0,45224.325,39.95,2008,30,25.81,31.76
131994,Active,2170164,NA,NA,S,0,0,88535.625,22.95,2015,17,10.93,10.98
131995,Active,665221,NA,NA,S,2,1,121516.4,34.95,2011,24,22.3,29.17
131996,Active,921179,NA,NA,S,1,0,89414.4,28,2010,45,7.76,18.28
131997,Active,543249,NA,NA,S,2,1,101237.7425,59.95,2010,39,15.98,28.99
131998,Active,1491207,NA,NA,S,0,0,44481.825,42,2013,17,27.34,28.98
131999,Active,292529,NA,NA,S,0,0,122829.55,22,2008,25,9.31,17.82
132000,Active,1526859,NA,NA,S,1,0,80323.525,26,2015,27,10.16,10.98
132001,Active,3960058,NA,NA,S,0,0,7933.95,30,2015,21,18.27,17.85
132002,Active,106526,NA,NA,S,0,0,231804.4488,18.95,2006,73,4,0
132003,Active,2407233,NA,NA,S,1,0,309495.2038,60,1995,29,4.92,31.87
132004,Active,660920,NA,NA,S,0,0,69403.45,35,2013,14,31.91,31.92
132005,Active,1508443,NA,NA,S,1,0,118134.45,28,2013,48,4.02,5.47
132006,Active,186622,NA,NA,S,0,0,30621.525,25.5,2010,30,12.93,18.99
132007,Active,685001,NA,NA,S,0,0,216092.45,24.95,2012,17,16.67,24.86
132008,Active,369455,NA,NA,S,0,0,100204.875,34.95,2009,23,21.14,24.74
132009,Active,2404693,NA,NA,S,0,0,315049.9038,50,1991,49,5.47,28.66
132010,Active,613991,NA,NA,S,0,0,609358.31,62.95,1992,91,4,10.13
132011,Active,2078491,NA,NA,S,0,0,67892.38625,24.99,2013,22,16.45,16.59
132012,Active,905182,NA,NA,S,1,0,575167.5738,86.04,1977,33,18.98,137.08
132013,Active,654936,NA,NA,S,0,0,873124.2275,45,1996,23,4.77,71.91
132014,Active,554461,NA,NA,S,0,0,15197.18,15,2002,105,4.73,8.62
132015,Active,1433865,NA,NA,S,0,0,142162.975,25.99,2014,27,7.38,15.16
132016,Active,1499025,NA,NA,S,0,0,131841.275,31.99,2010,10,21.61,22.1
132017,Active,686738,NA,NA,S,0,0,13273.775,24.99,2011,16,17.78,15.52
132018,Active,188254,NA,NA,S,0,0,97979.9025,18.95,1997,58,13.93,48.98
132019,Active,2016659,NA,NA,S,1,0,538516.9988,14.95,2008,18,47.45,18.94
132020,Active,1908677,NA,NA,S,1,0,115003.925,24.95,2009,10,15.97,22.46
132021,Active,2169054,NA,NA,S,1,0,39513.9,27.95,2014,23,16.94,18.97
132022,Active,255155,NA,NA,S,0,0,38402.6,21.95,2012,44,8.59,16.81
132023,Active,2005503,NA,NA,S,0,0,65619.6,21.95,2012,26,11.66,18.9
132024,Active,1744475,NA,NA,S,2,1,15375.9,34.95,2011,23,20.24,26.44
132025,Active,2055230,NA,NA,S,7,1,64665.875,24.99,2011,14,12.12,13.35
132026,Active,2055164,NA,NA,S,2,1,91903.925,21.95,2009,37,4,11.92
132027,Active,3604152,NA,NA,S,1,0,41880.025,22.95,2007,24,11.13,18.91
132028,Active,779406,NA,NA,S,0,0,74539.975,24.99,2010,35,5.86,15.99
132029,Active,3960034,NA,NA,S,0,0,3273.525,24.95,2015,27,10.68,12.97
132030,Active,810571,NA,NA,S,0,0,61581.25,38.99,2009,33,14.66,27.22
132031,Active,179252,NA,NA,S,1,0,193189.625,27,2011,69,4,6.95
132032,Active,2065145,NA,NA,S,1,0,40899.4,24.95,2008,25,17.24,18.27
132033,Active,796308,NA,NA,S,0,0,74437.75,49.99,2006,12,32.17,23.76
132034,Active,796972,NA,NA,S,1,0,367385.04,45,2006,56,8.63,26.99
132035,Active,531120,NA,NA,S,0,0,8334.9375,14.99,2009,40,8.99,9.76
132036,Active,881806,NA,NA,S,0,0,488113.3688,96.91,1963,30,10.27,79.8
132037,Active,1969716,NA,NA,S,2,1,42377.1,27,2015,29,4.56,4.65
132038,Active,1749315,NA,NA,S,2,1,38189.075,29.95,2014,7,29.06,29.92
132039,Active,1863113,NA,NA,S,0,0,112923.425,29.99,2014,26,11.97,13.98
132040,Active,163110,NA,NA,S,1,0,35526.1,25.95,2010,44,11.79,13.74
132041,Active,922474,NA,NA,S,0,0,55066.7825,20,1988,117,4.77,9.03
132042,Active,221414,NA,NA,S,1,0,804689.3013,45,2007,16,15.03,40
132043,Active,909894,NA,NA,S,2,1,11930.325,22.99,2014,13,18.19,16.81
132044,Active,1565711,NA,NA,S,0,0,40255.7,22.99,2008,31,10.94,12.22
132045,Active,226515,NA,NA,S,15,1,259111.9388,32.84,2001,20,7.39,32.94
132046,Active,679637,NA,NA,S,1,0,70168.3,22.95,2007,21,11.43,14.24
132047,Active,619437,NA,NA,S,2,1,29819.2325,36.95,2004,44,16.94,27.99
132048,Active,688605,NA,NA,S,1,0,14722.925,29.95,2011,21,21.97,21.51
132049,Active,3615016,NA,NA,S,0,0,70868,16.95,2016,12,15.63,13.88
132050,Active,1872718,NA,NA,S,0,0,52959.35,75,2012,9,48.52,50.46
132051,Active,2656639,NA,NA,S,1,0,698053.2475,29.95,2001,72,12.78,132.27
132052,Active,1535606,NA,NA,S,1,0,79847.06,15.95,2013,34,9.57,12.57
132053,Active,740599,NA,NA,S,1,0,2270833.67,17.6,2006,34,4,6.01
132054,Active,1697917,NA,NA,S,0,0,172817.925,24.95,2013,21,18.79,20.1
132055,Active,865092,NA,NA,S,2,1,8207.925,22.95,2009,51,11.25,11.81
132056,Active,1523436,NA,NA,S,1,0,64674.925,25,2009,35,5.29,15.83
132057,Active,2109499,NA,NA,S,0,0,35302.175,24.95,2014,24,13.42,15.58
132058,Active,2051138,NA,NA,S,0,0,31099.15,26.99,2010,12,16.94,17.28
132059,Active,680067,NA,NA,S,1,0,79859.1,29.95,2013,22,14.97,16.98
132060,Active,2281256,NA,NA,S,2,1,58672,0,2014,0,0,4.49
132061,Active,913182,NA,NA,S,6,1,450270.1038,32.95,2003,30,15.54,37.94
132062,Active,1607180,NA,NA,S,0,0,5702.425,24.99,2014,29,10.48,15.48
132063,Active,1600079,NA,NA,S,0,0,170135.2,24.99,2014,14,18.27,19.09
132064,Active,1938475,NA,NA,S,1,0,38207.9,40,2012,61,8.64,23.74
132065,Active,3624937,NA,NA,S,1,0,78149.2,27.95,2015,26,13.97,16.14
132066,Active,1937270,NA,NA,S,0,0,152872.75,25,2014,67,4,4.96
132067,Active,2586675,NA,NA,S,0,0,654154.9025,44.99,2002,34,4.13,24.88
132068,Active,2813381,NA,NA,S,0,0,692296.1225,52,1993,33,4.81,12.45
132069,Active,874904,NA,NA,S,3,1,895693.9425,104,2008,10,10.99,104
132070,Active,1544095,NA,NA,S,1,0,28987.775,71.95,2013,19,40.46,54.99
132071,Active,148953,NA,NA,S,0,0,53647.625,32.5,2010,16,19.98,26.5
132072,Active,685904,NA,NA,S,1,0,18044.325,27,2013,14,17.87,17.87
132073,Active,1925564,NA,NA,S,0,0,68907.175,23.99,2013,14,13.35,13.35
132074,Active,2028653,NA,NA,S,1,0,45657.925,24.95,2013,53,14.71,16.76
132075,Active,669154,NA,NA,S,1,0,20556.7,39.95,2011,13,35.97,37.35
132076,Active,661067,NA,NA,S,1,0,164950.05,36.95,2012,6,34.39,31.95
132077,Active,664770,NA,NA,S,1,0,136569.7,34.95,2013,14,30.46,29.95
132078,Active,1701623,NA,NA,S,0,0,103946.05,29.95,2014,29,12.97,14.24
132079,Active,3497915,NA,NA,S,1,0,124054.875,21.99,2010,44,8.22,12.04
132080,Active,862995,NA,NA,S,2,1,535369.4163,203.95,2001,58,5.21,19.04
132081,Active,862359,NA,NA,S,6,1,44857.5475,217.95,2014,90,53.49,101.71
132082,Active,861934,NA,NA,S,6,1,52368.46625,74.95,2014,29,32.37,58.6
132083,Active,663112,NA,NA,S,6,1,63757.86,217.95,2014,41,54.16,149.43
132084,Active,691451,NA,NA,S,1,0,23133.25,24.95,2007,13,23.71,24.95
132085,Active,2006254,NA,NA,S,1,0,29957.775,29.95,2009,13,21.36,19.27
132086,Active,1866557,NA,NA,S,1,0,20558.075,22,2009,20,19.68,19.7
132087,Active,173924,NA,NA,S,0,0,505313.2813,54.99,2004,34,11.91,38.96
132088,Active,3960222,NA,NA,S,0,0,37192.05,21.99,2015,18,15.01,15.02
132089,Active,2043329,NA,NA,S,0,0,33813.825,22.99,2015,15,13.54,11.97
132090,Active,3782029,NA,NA,S,0,0,137937.725,22.95,2012,56,4.35,11.38
132091,Active,2094508,NA,NA,S,0,0,274104.6675,49.99,2015,20,25.2,30.32
132092,Active,3803007,NA,NA,S,0,0,134176.625,49.99,2014,18,26.86,28.11
132093,Active,3803032,NA,NA,S,0,0,178755.325,49.99,2015,10,35.9,30.33
132094,Active,3803019,NA,NA,S,0,0,125693.6,49.99,2015,14,34.3,29.3
132095,Active,3802991,NA,NA,S,0,0,167990.85,49.99,2014,16,33.36,28.11
132096,Active,664674,NA,NA,S,8,1,386600.985,33.95,2013,27,10.95,18.99
132097,Active,1625868,NA,NA,S,0,0,110589.4763,21,2012,29,15.92,17.73
132098,Active,568047,NA,NA,S,1,0,123880.275,65,2008,41,19.39,60.93
132099,Active,2613297,NA,NA,S,2,1,657305.085,49.99,2005,36,5.4,37.76
132100,Active,682574,NA,NA,S,0,0,9096.2,25,2012,38,12.82,14.04
132101,Active,631666,NA,NA,S,0,0,140050.275,79,2008,19,28.99,48.94
132102,Active,583509,NA,NA,S,0,0,204998.6,20.95,2007,24,4,9.58
132103,Active,716278,NA,NA,S,7,1,130404.6375,94.38,2012,22,43.18,45.98
132104,Active,137005,NA,NA,S,3,1,607723.6363,38,1997,31,7.77,27.98
132105,Active,262637,NA,NA,S,5,1,394935.5538,66.95,2003,22,8.75,0
132106,Active,136892,NA,NA,S,2,1,270904.0513,42,2010,42,11.75,0
132107,Active,1626007,NA,NA,S,0,0,88818.3,49.95,2015,11,37.84,43.92
132108,Active,1539616,NA,NA,S,1,0,442865.525,73.95,2009,14,17.99,55.89
132109,Active,560235,NA,NA,S,1,0,428801.7125,138.95,1994,28,4.46,101.39
132110,Active,1691845,NA,NA,S,0,0,132221.45,22,2012,13,17.12,15.77
132111,Active,690824,NA,NA,S,0,0,88905.75,24.95,2013,39,12.21,17.88
132112,Active,1715612,NA,NA,S,0,0,75297.85,26.95,2009,25,12.1,18.72
132113,Active,1682602,NA,NA,S,1,0,10270.8,24.95,2013,25,16.84,17.72
132114,Active,1642605,NA,NA,S,0,0,803653.42,73.28,2008,19,4,26.48
132115,Active,2075769,NA,NA,S,1,0,81189.775,27.95,2015,14,20.3,16.63
132116,Active,1658322,NA,NA,S,3,1,663146.2,58.96,2010,16,30.19,57.89
132117,Active,646464,NA,NA,S,0,0,17367.75,36.95,2009,15,28.99,30.65
132118,Active,1783990,NA,NA,S,0,0,18612.475,26.99,2014,28,10.02,9.97
132119,Active,2067725,NA,NA,S,0,0,323937.9125,9.49,2009,33,7.15,9.49
132120,Active,115397,NA,NA,S,3,1,134487.6875,133,2001,39,12.97,73.25
132121,Active,2096027,NA,NA,S,0,0,47875.575,45.99,2012,16,37.5,45.99
132122,Active,889046,NA,NA,S,8,1,50511.9675,27.95,2014,31,23.2,26.55
132123,Active,1649528,NA,NA,S,0,0,55030.275,65,2014,13,48.15,46.85
132124,Active,655410,NA,NA,S,3,1,617170.9025,137.95,2012,52,6.69,86.47
132125,Active,1762936,NA,NA,S,1,0,29933.725,39,2015,10,37.96,32.98
132126,Active,867076,NA,NA,S,4,1,66268.32,65,2014,40,9.29,48.41
132127,Active,684744,NA,NA,S,0,0,20775.575,29.95,2013,30,16.32,16.8
132128,Active,1938821,NA,NA,S,20,1,9138.035,35,2015,17,17.77,22.63
132129,Active,1699135,NA,NA,S,1,0,182786.6,24.95,2011,44,4.67,10.93
132130,Active,2115149,NA,NA,S,0,0,28742.875,34.99,2015,15,20.1,13.98
132131,Active,1938945,NA,NA,S,0,0,193205,36,2013,37,4.21,27.49
132132,Active,633391,NA,NA,S,0,0,476720.7588,9.85,2007,71,4,13.84
132133,Active,919454,NA,NA,S,0,0,7146.725,29.99,2009,38,14.43,19.39
132134,Active,1488560,NA,NA,S,0,0,42805.02875,20,2014,20,17.59,17.35
132135,Active,631022,NA,NA,S,1,0,93150.9475,50,1970,33,26.49,97.36
132136,Active,641808,NA,NA,S,1,0,403437.025,53.2,2001,13,49.21,49.2
132137,Active,263802,NA,NA,S,2,1,23135.5,29.95,2011,29,19.99,18.18
132138,Active,683051,NA,NA,S,0,0,8693.2,22.95,2013,36,12.63,12.63
132139,Active,145139,NA,NA,S,1,0,135318.125,49.6,2008,31,11.92,30.85
132140,Active,2331137,NA,NA,S,5,1,439657.2188,81.25,1988,29,4,41.99
132141,Active,540243,NA,NA,S,0,0,54135.6,24,2008,49,11.67,18.35
132142,Active,880425,NA,NA,S,8,1,1677.08625,118.5,2014,86,23.99,32.94
132143,Active,130881,NA,NA,S,0,0,725202.2413,56.2,1997,45,3.99,0
132144,Active,686069,NA,NA,S,0,0,45576.225,29.95,2011,21,23.89,26.29
132145,Active,1630882,NA,NA,S,0,0,87678.7,39.95,2014,17,29.43,27.16
132146,Active,872535,NA,NA,S,1,0,350280.455,43.98,1959,45,6.41,43.98
132147,Active,555706,NA,NA,S,0,0,560038.01,14.95,2007,43,5.79,13.99
132148,Active,1943065,NA,NA,S,0,0,5180.15,27,2015,13,16.98,17.44
132149,Active,900697,NA,NA,S,0,0,552077.4163,25,2012,26,13.37,26.98
132150,Active,722828,NA,NA,S,1,0,93547.4,33.95,2008,22,7.49,8.75
132151,Active,2667727,NA,NA,S,0,0,843855.4113,58,2004,25,6.36,13.97
132152,Active,664287,NA,NA,S,0,0,36701.575,30,2013,29,8.88,11.29
132153,Active,685553,NA,NA,S,0,0,225839.75,28,2010,14,15.9,18.75
132154,Active,1690810,NA,NA,S,0,0,118146.475,39,2012,17,27.53,36.83
132155,Active,1648803,NA,NA,S,0,0,793257.9813,39.95,2012,21,32.08,29.36
132156,Active,2015498,NA,NA,S,0,0,58326.225,22,2011,31,11.27,16.56
132157,Active,637822,NA,NA,S,1,0,67029.95,47.95,2011,23,35.64,37.12
132158,Active,3498903,NA,NA,S,0,0,15882.975,22.99,2015,14,15.89,15.63
132159,Active,1499012,NA,NA,S,0,0,103074.375,36.99,2014,7,24.8,21.31
132160,Active,656919,NA,NA,S,1,0,246354.5525,57,2001,22,12.77,40.55
132161,Active,3724772,NA,NA,S,0,0,265400,49.99,2010,31,28.74,39.37
132162,Active,2140471,NA,NA,S,12,1,19906.275,24.95,2010,24,36.29,29.79
132163,Active,530860,NA,NA,S,2,1,80098.15,27.95,2009,70,4,7.8
132164,Active,2667282,NA,NA,S,1,0,606702.8725,60,1994,29,18.48,20.76
132165,Active,2796328,NA,NA,S,0,0,543162.8288,17.99,1994,28,7.99,34.43
132166,Active,3960127,NA,NA,S,1,0,25444.4,27.99,2015,25,8.99,11.98
132167,Active,752192,NA,NA,S,1,0,59134.9,24.95,2010,27,16.43,16.31
132168,Active,543640,NA,NA,S,0,0,123640.125,24.95,2011,16,20.32,20.28
132169,Active,2097727,NA,NA,S,0,0,191046.7,24.95,2013,12,21.99,24.95
132170,Active,1755274,NA,NA,S,0,0,135275.05,24.95,2012,12,24.45,23.98
132171,Active,3623232,NA,NA,S,0,0,7681.975,24.95,2015,12,26.57,16.82
132172,Active,3107478,NA,NA,S,0,0,85115.65,24.95,2015,11,30.81,24.95
132173,Active,2051151,NA,NA,S,0,0,65269.725,26.95,2012,24,12.81,13.43
132174,Active,1534712,NA,NA,S,1,0,194180.65,23.95,2011,26,4.92,7.47
132175,Active,685202,NA,NA,S,2,1,158000.3238,24.95,2004,28,8.38,19.84
132176,Active,677913,NA,NA,S,0,0,356058.4613,27.95,1994,54,8.98,0
132177,Active,2090105,NA,NA,S,2,1,132999.675,24.95,2012,19,10.13,19.29
132178,Active,482410,NA,NA,S,1,0,54698.1,24.95,2009,19,18.12,18.95
132179,Active,672899,NA,NA,S,1,0,40892.35,23,2013,33,6.67,11.13
132180,Active,1576133,NA,NA,S,0,0,131277.425,45,2008,29,13.44,26.32
132181,Active,2312590,NA,NA,S,1,0,248167.0038,45.91,1977,96,4.58,49.93
132182,Active,260155,NA,NA,S,1,0,877443.5963,41.95,1995,53,17.74,37.43
132183,Active,553216,NA,NA,S,1,0,857487.4075,49.99,2011,27,17.6,37.98
132184,Active,1836782,NA,NA,S,0,0,114944.6,24.95,2012,27,12.47,13.98
132185,Active,3587858,NA,NA,S,3,1,304158.875,75,2009,20,17.76,80.37
132186,Active,1626201,NA,NA,S,0,0,98443.275,39.95,2015,12,23.98,36.51
132187,Active,644453,NA,NA,S,0,0,84530.925,32,2013,40,13.18,17.97
132188,Active,2408061,NA,NA,S,0,0,682322.71,53,1996,60,4,21.93
132189,Active,1432620,NA,NA,S,0,0,58600.9,27.99,2012,61,11.77,17.08
132190,Active,682517,NA,NA,S,1,0,112721.125,27,2013,29,5.96,7.68
132191,Active,139368,NA,NA,S,0,0,219379.725,33,2012,26,7.9,23.46
132192,Active,1565653,NA,NA,S,0,0,160948.075,25.99,2013,33,4,6.78
132193,Active,3528557,NA,NA,S,1,0,131779.775,26.95,2008,56,6.12,13.98
132194,Active,660823,NA,NA,S,0,0,82984.25,35,2013,17,29.87,22.95
132195,Active,2041320,NA,NA,S,1,0,298237.8725,69.95,2008,19,25.45,59.56
132196,Active,620813,NA,NA,S,0,0,9022.55,33.96,2008,31,18.07,21.06
132197,Active,671890,NA,NA,S,0,0,21938.825,33.96,2008,28,18.9,23.41
132198,Active,650696,NA,NA,S,0,0,579640.62,40,2005,28,8.72,12.94
132199,Active,1970170,NA,NA,S,0,0,63847.175,26,2014,42,4,4.47
132200,Active,3576730,NA,NA,S,0,0,72785.675,65,2016,12,48.22,43.87
132201,Active,918322,NA,NA,S,4,1,58289.585,158.95,2015,42,45.4,93.99
132202,Active,182882,NA,NA,S,5,1,482817.61,144.95,2003,54,5.4,42.49
132203,Active,533277,NA,NA,S,7,1,110772.41,184.95,2012,50,21.94,87.96
132204,Active,533278,NA,NA,S,5,1,283157.8313,98.95,2003,29,6.98,37.97
132205,Active,1942459,NA,NA,S,0,0,36375.625,29.95,2015,19,19.59,20.61
132206,Active,617352,NA,NA,S,0,0,152511.3,34.75,2012,28,16.25,26.31
132207,Active,620730,NA,NA,S,0,0,82058.025,34.75,2012,25,18.9,24.95
132208,Active,660795,NA,NA,S,0,0,107848.225,55,2013,15,37.09,37.07
132209,Active,1630384,NA,NA,S,0,0,77336.825,40,2014,15,26.8,28.29
132210,Active,681640,NA,NA,S,2,1,374694.8138,19.99,2012,28,11.72,16.51
132211,Active,174490,NA,NA,S,0,0,568194.4488,39.99,1998,23,20.99,33.56
132212,Active,246361,NA,NA,S,1,0,487545.1363,40.95,2004,33,4.34,21.9
132213,Active,683663,NA,NA,S,1,0,181754.15,24.95,2011,16,13.55,16.94
132214,Active,681286,NA,NA,S,2,1,53463.35,29.95,2011,15,19.99,20.32
132215,Active,299820,NA,NA,S,0,0,151569.0088,60,2006,21,40.74,0
132216,Active,880780,NA,NA,S,12,1,2586.60875,128,2015,127,53.99,80.64
132217,Active,685308,NA,NA,S,0,0,110553.7388,29.99,2013,34,11.84,0
132218,Active,687134,NA,NA,S,0,0,155620.45,32.95,2007,17,23.92,24.93
132219,Active,555182,NA,NA,S,1,0,563870.3313,55.95,1978,33,4.29,24.48
132220,Active,2053533,NA,NA,S,2,1,170699.2,22.95,2011,16,9.54,17.57
132221,Active,1452741,NA,NA,S,2,1,600295.0538,39.99,2013,19,23.98,33.99
132222,Active,1761850,NA,NA,S,0,0,13114.625,29.95,2015,8,25.32,21.44
132223,Active,587179,NA,NA,S,0,0,53757.95,20.27,2010,21,11.48,17.9
132224,Active,270683,NA,NA,S,3,1,39315.305,64,2011,63,11.87,40.79
132225,Active,1720426,NA,NA,S,0,0,10879.725,26,2008,31,15.48,17.05
132226,Active,1480038,NA,NA,S,1,0,203565.9988,35,2012,22,28.45,33.69
132227,Active,480813,NA,NA,S,1,0,194241.025,42,2009,10,23.78,27.93
132228,Active,3576501,NA,NA,S,0,0,434534.05,45,1990,31,17.06,23.99
132229,Active,1695576,NA,NA,S,0,0,53167.1,60,2012,26,31,37.3
132230,Active,3576491,NA,NA,S,0,0,43114.275,80,2016,7,58.19,51.92
132231,Active,680595,NA,NA,S,3,1,33857.9,29.95,2011,32,11.49,18.2
132232,Active,3043639,NA,NA,S,0,0,85326.5175,374.99,2003,5,43.99,93.98
132233,Active,1925493,NA,NA,S,0,0,122611.725,34.99,2013,13,11.46,21.26
132234,Active,2447216,NA,NA,S,1,0,242695.3888,19.95,1990,28,31.97,118.85
132235,Active,1781245,NA,NA,S,1,0,129451.95,39.95,2014,18,24.34,23.99
132236,Active,683085,NA,NA,S,1,0,10936.625,29.95,2012,26,18.09,20.1
132237,Active,1728906,NA,NA,S,4,1,444846.9988,29,2007,25,4,98.23
132238,Active,680899,NA,NA,S,0,0,38653.4,29,2010,24,19.54,32.78
132239,Active,2394708,NA,NA,S,0,0,37535.16875,17,1994,87,4,10.8
132240,Active,2874851,NA,NA,S,0,0,322132.1,13.99,1989,64,5.84,9.91
132241,Active,2650843,NA,NA,S,0,0,137402.625,25,2014,7,21.26,18.77
132242,Active,2014111,NA,NA,S,1,0,151989.35,22,2012,18,16.8,16.73
132243,Active,3012159,NA,NA,S,1,0,393926.21,44.95,1993,29,11.35,74.95
132244,Active,334162,NA,NA,S,0,0,186801.9875,67.75,2001,20,15.98,49.44
132245,Active,1682590,NA,NA,S,1,0,65981.05,24.95,2012,16,7.19,11.94
132246,Active,2049422,NA,NA,S,0,0,33226.55,21.95,2008,60,8.91,11.93
132247,Active,3497848,NA,NA,S,0,0,57358.05,35,2008,39,18.99,21.62
132248,Active,288144,NA,NA,S,0,0,81859.375,24,2009,17,13.93,15.95
132249,Active,3829607,NA,NA,S,0,0,74605.55,75,2014,18,49.43,49.89
132250,Active,1437119,NA,NA,S,1,0,42518.225,35,2012,30,19.48,22.01
132251,Active,1619413,NA,NA,S,0,0,88386.925,22,2012,10,22.9,19.69
132252,Active,183758,NA,NA,S,1,0,34428.85,25,2008,66,13.16,16.81
132253,Active,872309,NA,NA,S,5,1,18022.10375,128.6,2014,51,51.58,78.96
132254,Active,2903561,NA,NA,S,2,1,140506.4738,19.95,1998,39,7.72,54.99
132255,Active,2153168,NA,NA,S,0,0,77871.975,39.99,2015,11,26.42,23.94
132256,Active,584997,NA,NA,S,2,1,177927.6125,34.95,2009,45,9.99,18.99
132257,Active,1640079,NA,NA,S,0,0,79815.75,24.99,2013,7,19.66,19.66
132258,Active,2088318,NA,NA,S,0,0,60219.475,24.95,2014,12,17.29,17.35
132259,Active,655515,NA,NA,S,2,1,580845.8788,65,2011,34,7.44,36.05
132260,Active,392870,NA,NA,S,0,0,24675.35,24.95,2007,18,14.14,15.8
132261,Active,395748,NA,NA,S,1,0,948198.32,29.95,2007,39,4,14.5
132262,Active,530683,NA,NA,S,5,1,65875.41375,56.99,2012,40,24.88,29.39
132263,Active,3804907,NA,NA,S,1,0,61843,49.95,2016,6,38.45,31.06
132264,Active,1523094,NA,NA,S,0,0,54181.55,30,2012,13,16.99,19.78
132265,Active,1640145,NA,NA,S,0,0,39185.4,21.99,2014,14,14.98,16.9
132266,Active,906760,NA,NA,S,2,1,106762.4588,103.95,2015,40,41.96,43.99
132267,Active,2152505,NA,NA,S,0,0,859084.6988,53.25,2010,21,7.26,31.76
132268,Active,1836836,NA,NA,S,0,0,48389.4,24.95,2014,26,8.28,14.99
132269,Active,3960067,NA,NA,S,0,0,13233.95,22,2015,52,4.21,11.98
132270,Active,3549683,NA,NA,S,1,0,90876.1,39.95,2011,34,15.45,34.85
132271,Active,128008,NA,NA,S,1,0,480710.2888,45.95,2004,26,18.3,30.58
132272,Active,1461662,NA,NA,S,1,0,83016.175,25,2011,13,18.56,16.43
132273,Active,1834752,NA,NA,S,0,0,99054.05,29.95,2013,12,21.43,22.56
132274,Active,1738638,NA,NA,S,0,0,180018.625,22,2009,17,19.02,19.59
132275,Active,56245,NA,NA,S,1,0,466721.6613,62.6,2001,46,4,40.98
132276,Active,564986,NA,NA,S,3,1,613095.9163,88.95,2012,20,15.99,20.51
132277,Active,271034,NA,NA,S,4,1,13834.455,81,2011,90,10.97,54.83
132278,Active,569408,NA,NA,S,1,0,654004.3938,82.95,1993,21,4.7,47.33
132279,Active,173711,NA,NA,S,0,0,369031.5388,49.99,2004,28,4.9,21.16
132280,Active,575300,NA,NA,S,0,0,164588.175,28,2011,13,14.89,23.04
132281,Active,222767,NA,NA,S,1,0,130898.65,21.95,2008,26,9.73,15.28
132282,Active,663168,NA,NA,S,1,0,207620.175,36.95,2013,15,24.49,23.99
132283,Active,110715,NA,NA,S,7,1,76622.2275,143.75,2010,47,42.48,88.09
132284,Active,156627,NA,NA,S,1,0,669211.93,46.95,1998,25,6.22,31.55
132285,Active,623324,NA,NA,S,1,0,538979.9463,71.95,2006,26,19.51,40.9
132286,Active,246465,NA,NA,S,1,0,69267.55,28.95,2007,45,7.04,19.97
132287,Active,548204,NA,NA,S,0,0,106226.91,175.95,1979,65,8.39,108.45
132288,Active,2649070,NA,NA,S,1,0,305267.055,56.95,2000,35,17.8,41.66
132289,Active,3586327,NA,NA,S,0,0,64674.475,39.95,2012,14,33.77,34.5
132290,Active,1697835,NA,NA,S,0,0,248030.85,25.95,2014,16,20.37,20.86
132291,Active,2406989,NA,NA,S,0,0,508013.0538,49.95,1993,43,5.27,48.98
132292,Active,911119,NA,NA,S,0,0,574319.1788,78.5,2006,16,18.98,18.44
132293,Active,660950,NA,NA,S,2,1,196446.2463,47.95,2012,44,16.52,33.75
132294,Active,616228,NA,NA,S,1,0,438091.155,54.95,1996,63,4.65,21.93
132295,Active,646909,NA,NA,S,5,1,97233.475,45,2013,47,6.99,27.6
132296,Active,300254,NA,NA,S,2,1,294674.3713,68,2011,43,7.44,28.98
132297,Active,2099367,NA,NA,S,2,1,105373.45,35,2012,9,21.98,26
132298,Active,682548,NA,NA,S,1,0,1519.95,26,2013,22,15.46,15.47
132299,Active,887142,NA,NA,S,0,0,544367.0925,65,2014,37,14.53,32.88
132300,Active,1938715,NA,NA,S,0,0,36219.2,24.95,2015,21,10.24,13.96
132301,Active,1435947,NA,NA,S,1,0,139378.15,22,2008,28,6.78,9.74
132302,Active,683642,NA,NA,S,0,0,34757.425,21.95,2012,29,7.24,14.63
132303,Active,3746441,NA,NA,S,6,1,7035,0,2016,48,46.79,67.1
132304,Active,1697251,NA,NA,S,0,0,36975.95,22,2014,70,4.51,9.01
132305,Active,1833592,NA,NA,S,1,0,8812.075,25,2013,32,6.09,6.77
132306,Active,1919175,NA,NA,S,3,1,167969.0225,17.99,2013,20,10,14.95
132307,Active,869287,NA,NA,S,3,1,84556.0475,18.99,2014,32,17.78,12.14
132308,Active,3739871,NA,NA,S,9,1,35760,9.99,2016,16,9.28,7.34
132309,Active,1919216,NA,NA,S,4,1,11263.88875,9.99,2014,21,5.45,9.23
132310,Active,545394,NA,NA,S,0,0,92400.17875,19.95,2011,30,5.36,0
132311,Active,545399,NA,NA,S,4,1,781595.4538,19.95,2012,29,4,14.36
132312,Active,867571,NA,NA,S,4,1,21115.94875,18.99,2013,44,6.4,12.03
132313,Active,661135,NA,NA,S,0,0,23651.325,39.99,2011,13,24.94,29.76
132314,Active,190828,NA,NA,S,3,1,307699.5263,62.95,2011,55,5.5,36.04
132315,Active,1925688,NA,NA,S,1,0,124692.55,26.95,2011,17,9.69,19.69
132316,Active,555192,NA,NA,S,1,0,444286.5975,49.95,1981,23,9.16,37.58
132317,Active,216477,NA,NA,S,3,1,253065.2913,34.95,2011,30,16.49,26.98
132318,Active,271173,NA,NA,S,0,0,162086.25,29.99,2011,31,11.18,21.26
132319,Active,291329,NA,NA,S,1,0,513769.2038,69.99,2010,31,13.87,53.34
132320,Active,1587420,NA,NA,S,1,0,655684.4688,39.99,2014,18,43.84,39.98
132321,Active,1694304,NA,NA,S,1,0,569933.4088,42,2009,24,11.77,23.99
132322,Active,2593177,NA,NA,S,0,0,462345.81,54.99,1989,48,7.8,40.96
132323,Active,1754179,NA,NA,S,0,0,331033.7238,25.03,2014,39,23.65,24.13
132324,Active,1946175,NA,NA,S,0,0,736643.2613,34.95,2012,14,26.21,33.4
132325,Active,644948,NA,NA,S,1,0,519555.9313,58,1996,38,4.99,31.39
132326,Active,1563874,NA,NA,S,0,0,20843.3,22,2012,26,10.16,14.88
132327,Active,824361,NA,NA,S,1,0,555134.5413,32,2002,35,14.49,28.25
132328,Active,1959837,NA,NA,S,1,0,85305.1,29.95,2013,17,27.93,28.18
132329,Active,764931,NA,NA,S,3,1,730842.1663,186.95,2002,34,8.97,54.63
132330,Active,3945777,NA,NA,S,0,0,465475.45,34.95,1900,23,18.09,40.98
132331,Active,130903,NA,NA,S,3,1,424428.4563,87.4,1998,92,4,21.38
132332,Active,1781246,NA,NA,S,1,0,36925.6,25,2015,12,17.05,17.47
132333,Active,677823,NA,NA,S,0,0,9741.575,28,2011,39,11.22,15.05
132334,Active,2033866,NA,NA,S,1,0,116168.2,22.95,2008,19,9.54,17.02
132335,Active,2285510,NA,NA,S,5,1,46301.25,0,2014,0,0,7.98
132336,Active,1918339,NA,NA,S,0,0,101547.225,27.99,2011,21,15.16,16.15
132337,Active,102821,NA,NA,S,2,1,33634.9575,14,2001,211,4,28.15
132338,Active,3498739,NA,NA,S,0,0,367069.95,41.99,1984,73,19.47,20.12
132339,Active,660447,NA,NA,S,1,0,44142.625,31.95,2007,18,22.69,25.15
132340,Active,2096792,NA,NA,S,0,0,24336.725,24.95,2014,25,17.44,16.94
132341,Active,3483688,NA,NA,S,4,1,153070,34.95,2016,12,20.96,31.64
132342,Active,150111,NA,NA,S,1,0,34261.65,26,2011,65,5.97,7.38
132343,Active,701971,NA,NA,S,1,0,33901.675,32.95,2010,24,11.15,18
132344,Active,558929,NA,NA,S,1,0,197037.85,39,2008,35,8.16,9.94
132345,Active,547222,NA,NA,S,4,1,73193.2,24.95,2013,14,19.9,19.72
132346,Active,578553,NA,NA,S,1,0,715158.065,23,1998,63,4,18.05
132347,Active,917176,NA,NA,S,0,0,296299.7125,17,2007,67,4.34,11.4
132348,Active,2038063,NA,NA,S,1,0,95117.75,28.99,2007,51,9.69,17.82
132349,Active,2047238,NA,NA,S,0,0,61876.5,24.95,2011,31,11.16,21.73
132350,Active,746622,NA,NA,S,1,0,238777,24.95,2009,58,4,5.98
132351,Active,1710098,NA,NA,S,3,1,499666.9025,45,2012,20,15.24,23.85
132352,Active,369495,NA,NA,S,0,0,707018.5513,49.95,2003,17,17.39,32.94
132353,Active,649144,NA,NA,S,0,0,198326.6713,39.95,2007,26,17.69,30.03
132354,Active,2603925,NA,NA,S,0,0,619197.4325,54.99,2003,33,4.95,8.94
132355,Active,636752,NA,NA,S,2,1,410054.215,37.95,2007,24,15.12,23.32
132356,Active,3960043,NA,NA,S,1,0,5678.3,28.95,2015,15,23.13,19.64
132357,Active,1736795,NA,NA,S,0,0,177735.65,24.99,2007,10,22.8,22.13
132358,Active,1691991,NA,NA,S,0,0,190717.9,25,2010,30,11.59,18.98
132359,Active,2888322,NA,NA,S,0,0,367743.6013,21.95,1980,30,8.94,16.47
132360,Active,915772,NA,NA,S,0,0,175331.6,22,2010,22,7.53,19
132361,Active,1534920,NA,NA,S,1,0,77070.925,26.95,2015,22,12.82,18.65
132362,Active,245857,NA,NA,S,2,1,545165.35,52,2003,87,4.12,11.24
132363,Active,1598368,NA,NA,S,1,0,93367.7,25,2013,53,12.78,16.17
132364,Active,1488471,NA,NA,S,0,0,63449.575,35,2015,9,29.19,27.42
132365,Active,124695,NA,NA,S,0,0,47762.8725,19.99,2006,55,8.33,11.32
132366,Active,1437505,NA,NA,S,1,0,132305.65,35,2013,20,8.57,8.6
132367,Active,1565816,NA,NA,S,1,0,9711.325,32,2015,23,16.99,18.89
132368,Active,2301682,NA,NA,S,0,0,406426.73,13.95,1990,38,4.49,100.05
132369,Active,126503,NA,NA,S,1,0,410139.3,45,2005,34,6.81,22.99
132370,Active,1626081,NA,NA,S,0,0,85226.35,39.95,2013,22,17.98,18.94
132371,Active,1527901,NA,NA,S,1,0,12976.45,25,2015,26,14.99,14.88
132372,Active,683603,NA,NA,S,0,0,108971.675,23.95,2013,32,6.63,13.98
132373,Active,642016,NA,NA,S,1,0,138391.425,32,2013,41,4,6.04
132374,Active,591979,NA,NA,S,1,0,390455.935,85,2006,32,4.33,17.55
132375,Active,678723,NA,NA,S,1,0,18517.675,29.95,2011,33,13.97,14.37
132376,Active,1918552,NA,NA,S,0,0,79443.825,34.99,2014,10,20.86,20.86
132377,Active,1918586,NA,NA,S,0,0,77022.9,39.99,2015,13,20.53,23.83
132378,Active,679890,NA,NA,S,0,0,32432.325,24.99,2011,18,15.17,16.37
132379,Active,2465287,NA,NA,S,0,0,240351.1438,19.99,2002,25,7.69,55.03
132380,Active,3569986,NA,NA,S,1,0,84964.5,99.99,2013,17,54.38,60.87
132381,Active,768147,NA,NA,S,1,0,71318.625,30,2012,39,7.97,7.99
132382,Active,1876891,NA,NA,S,0,0,50149.775,45,2014,25,8.28,25.97
132383,Active,1736243,NA,NA,S,0,0,21271.325,27.99,2009,45,16.98,18.58
132384,Active,2531122,NA,NA,S,0,0,687941.6913,41.95,1998,47,4.2,33.07
132385,Active,734484,NA,NA,S,1,0,217169.775,23,2012,8,16.85,20.92
132386,Active,3558829,NA,NA,S,0,0,78519,39.95,2016,19,24.99,29.36
132387,Active,2043792,NA,NA,S,0,0,70234.925,25,2013,20,15.49,15.73
132388,Active,251829,NA,NA,S,0,0,16146.25,22.95,2008,40,11.42,12.89
132389,Active,366589,NA,NA,S,1,0,8229.4,35,2011,31,23.98,24.29
132390,Active,676595,NA,NA,S,1,0,76.575,26,2013,49,13.99,14.23
132391,Active,685916,NA,NA,S,0,0,292.4,26,2013,28,11.19,14.69
132392,Active,680450,NA,NA,S,1,0,113559.425,31.95,2007,18,15.66,24.49
132393,Active,675443,NA,NA,S,0,0,81172.475,25.99,2013,60,4.64,10.57
132394,Active,2047756,NA,NA,S,0,0,67152.525,26.95,2013,32,10.85,16.98
132395,Active,3800478,NA,NA,S,1,0,44748.975,50,2009,33,25.96,25.97
132396,Active,271123,NA,NA,S,0,0,45059.55,23.99,2011,49,10.99,15.62
132397,Active,1523895,NA,NA,S,1,0,54190.1,28,2015,38,10.67,17.69
132398,Active,2080735,NA,NA,S,1,0,98405.05,25,2010,46,5.94,13.04
132399,Active,2159338,NA,NA,S,0,0,47145.575,24.95,2010,21,12,16.73
132400,Active,1692003,NA,NA,S,0,0,302789.7663,55,2007,10,45.63,37.88
132401,Active,162074,NA,NA,S,1,0,224418.3,37.95,2008,51,6.53,11.98
132402,Active,1834754,NA,NA,S,0,0,73748.8,25.99,2015,18,15.61,17.63
132403,Active,688017,NA,NA,S,0,0,146818.225,30,2011,17,23.93,23.89
132404,Active,1936657,NA,NA,S,0,0,109357.775,24,2015,10,18.97,18.86
132405,Active,2083862,NA,NA,S,1,0,94231.175,24.99,2013,18,12.91,14.09
132406,Active,681431,NA,NA,S,1,0,6736.625,24.95,2011,48,12.46,15.9
132407,Active,3960079,NA,NA,S,1,0,54582.825,21.95,2016,19,14.98,11.89
132408,Active,1526867,NA,NA,S,1,0,67048.4,35,2015,20,20.82,20.82
132409,Active,632520,NA,NA,S,0,0,516209.4025,41.95,1992,57,6.69,36.16
132410,Active,681603,NA,NA,S,1,0,96505.825,25.95,2013,12,15.87,21.35
132411,Active,2007245,NA,NA,S,0,0,35036.7,22.95,2013,17,12.99,16.4
132412,Active,1741786,NA,NA,S,1,0,54069.1,27.95,2007,42,8.96,15.96
132413,Active,3544165,NA,NA,S,0,0,86907.3,29.99,2009,16,5.37,29.99
132414,Active,630972,NA,NA,S,0,0,76158.63625,45,2011,54,20,28.27
132415,Active,1633024,NA,NA,S,9,1,65694.7,29.99,2013,11,26.44,24.01
132416,Active,691256,NA,NA,S,2,1,95922.9,22.95,2010,13,22.89,22.95
132417,Active,686444,NA,NA,S,0,0,647149.745,29.95,2008,20,22.95,0
132418,Active,562904,NA,NA,S,0,0,73123.8525,24.95,1994,503,4,0
132419,Active,2084888,NA,NA,S,0,0,65959.05,33,2012,9,28.57,22.28
132420,Active,624668,NA,NA,S,7,1,57965.175,36.99,2012,23,13.32,22.82
132421,Active,877311,NA,NA,S,4,1,7081.625,103.19,2014,54,53.95,72.99
132422,Active,630057,NA,NA,S,4,1,200107.225,45,2010,19,22.51,31.29
132423,Active,135655,NA,NA,S,1,0,14562.85,29.95,2010,36,17.1,19.28
132424,Active,1557877,NA,NA,S,0,0,58661.2,49.95,2014,9,46.57,42.45
132425,Active,541631,NA,NA,S,4,1,2887.2125,30,2012,47,14.88,18.49
132426,Active,201759,NA,NA,S,5,1,522695.6613,52.95,2014,42,14.03,41.01
132427,Active,2064756,NA,NA,S,0,0,52297.9,39.95,2008,14,26.92,28.07
132428,Active,3808553,NA,NA,S,6,1,498990,16.95,2016,12,15.38,12.78
132429,Active,1576433,NA,NA,S,0,0,145507.525,39.95,2011,16,12.13,17.98
132430,Active,899258,NA,NA,S,0,0,523359.1475,78,1987,21,25.51,93.54
132431,Active,733223,NA,NA,S,1,0,562916.8838,24.95,2005,21,8.22,60.74
132432,Active,1625598,NA,NA,S,1,0,30431.35,20.5,2010,31,12.66,16.64
132433,Active,684161,NA,NA,S,0,0,504.325,30,2013,49,13.9,16.5
132434,Active,1587301,NA,NA,S,1,0,772273.355,44.99,2008,22,10.58,34.48
132435,Active,143610,NA,NA,S,5,1,79859.81875,192,2011,49,5.57,182.49
132436,Active,1938352,NA,NA,S,0,0,50919.8,24.99,2011,13,29.17,20.36
132437,Active,2589114,NA,NA,S,0,0,593905.8975,54.99,1979,27,7.14,48.48
132438,Active,1911376,NA,NA,S,1,0,45264.95,25,2015,49,4,5.97
132439,Active,1479703,NA,NA,S,1,0,38903.975,24.95,2014,14,21.51,21.51
132440,Active,1946444,NA,NA,S,1,0,38145.725,23,2014,10,15.45,15.99
132441,Active,2538456,NA,NA,S,2,1,249637.5238,45.95,2000,26,15.76,33.95
132442,Active,2649206,NA,NA,S,1,0,713206.0388,61.95,2000,46,14.44,33.52
132443,Active,621899,NA,NA,S,1,0,32040.55,30,2012,14,17.24,19.67
132444,Active,3960052,NA,NA,S,0,0,8492.425,26.99,2015,54,13.61,15.94
132445,Active,923139,NA,NA,S,0,0,269496.425,47,1994,114,4,6.82
132446,Active,679747,NA,NA,S,0,0,135748.65,27.95,2013,31,6.78,9.96
132447,Active,2144269,NA,NA,S,2,1,7177.025,24,2015,19,19.63,22.8
132448,Active,1494529,NA,NA,S,0,0,20248.4,22,2013,25,12.7,17.24
132449,Active,560026,NA,NA,S,1,0,30302.575,23,2012,26,16.93,18.39
132450,Active,575258,NA,NA,S,0,0,488659.655,29.95,2010,23,4.37,18.99
132451,Active,2146904,NA,NA,S,0,0,136516.175,50,2014,16,20.5,28.99
132452,Active,626336,NA,NA,S,1,0,113271.5,49.2,2008,16,29.93,37.19
132453,Active,153666,NA,NA,S,0,0,18921.225,29.95,2008,37,14.77,17.97
132454,Active,579386,NA,NA,S,1,0,28036.7575,37.5,2000,40,13.49,23.64
132455,Active,652556,NA,NA,S,1,0,174317.4725,70,2012,23,38.93,51.78
132456,Active,922419,NA,NA,S,0,0,85848.36125,14.99,2004,123,4,8.49
132457,Active,792263,NA,NA,S,0,0,789523.6325,174.46,2006,18,7.19,0
132458,Active,1762514,NA,NA,S,0,0,853.875,0,2013,11,22.95,22.95
132459,Active,2028924,NA,NA,S,0,0,87273.5,27.99,2011,34,6.78,16.7
132460,Active,268801,NA,NA,S,2,1,498045.4313,28,2007,34,4.65,22.49
132461,Active,530309,NA,NA,S,2,1,83885.33625,19.95,2012,58,10.99,15.96
132462,Active,2277511,NA,NA,S,2,1,56509.75,0,2014,0,0,7.48
132463,Active,1762256,NA,NA,S,0,0,52092.65,30,2014,23,15.4,24.24
132464,Active,796633,NA,NA,S,0,0,12607.35,14.99,2011,34,9.45,11.98
132465,Active,1833247,NA,NA,S,0,0,32981.5,39.99,2015,19,19.31,23.29
132466,Active,1832542,NA,NA,S,0,0,245112.7275,19.99,2010,28,15.48,43.98
132467,Active,796781,NA,NA,S,1,0,60228.875,24.99,2012,20,18.83,18.72
132468,Active,796854,NA,NA,S,0,0,78207.425,24.99,2013,32,11.44,16.8
132469,Active,796859,NA,NA,S,52,1,64264.1,24.99,2014,25,14.64,17.04
132470,Active,214371,NA,NA,S,0,0,6846.75,26.95,2010,48,12.24,14.98
132471,Active,1830246,NA,NA,S,0,0,49269.375,25,2014,10,29.37,22.5
132472,Active,617164,NA,NA,S,1,0,399.75,38,2008,41,21.49,21.89
132473,Active,3800501,NA,NA,S,0,0,16862.45,27,2012,65,13.96,15.61
132474,Active,2065213,NA,NA,S,1,0,57376.525,35,2011,22,21.76,23.51
132475,Active,2101580,NA,NA,S,0,0,44201.65,21.99,2014,20,9.43,11.98
132476,Active,2008210,NA,NA,S,5,1,141169.6413,29.95,2012,39,20.62,21.94
132477,Active,2162154,NA,NA,S,1,0,57877.45,25.95,2011,43,7.01,17.76
132478,Active,3108964,NA,NA,S,0,0,63450.7,21.99,2015,12,16.85,17.85
132479,Active,2020944,NA,NA,S,0,0,10236,24.95,2013,22,16.44,15.98
132480,Active,179107,NA,NA,S,2,1,20642.825,29.99,2010,29,11.56,19.69
132481,Active,2053117,NA,NA,S,0,0,162202,34.95,2008,19,20.04,24.05
132482,Active,3825370,NA,NA,S,0,0,138641.45,29.99,2014,46,5.92,19.62
132483,Active,2145873,NA,NA,S,0,0,75459.95,29.99,2012,31,7.66,18.34
132484,Active,2145868,NA,NA,S,1,0,61184.675,29.99,2010,34,8.16,8.42
132485,Active,3741012,NA,NA,S,0,0,217474.925,46,2012,25,11.36,36.52
132486,Active,1508849,NA,NA,S,1,0,11448.7,27,2015,46,10.43,11.39
132487,Active,1432112,NA,NA,S,1,0,107595.1,45,2011,25,14.55,24.84
132488,Active,1598508,NA,NA,S,0,0,85317.65,30,2015,18,16.23,16.98
132489,Active,660917,NA,NA,S,0,0,130024.65,50,2013,15,26.03,29.78
132490,Active,261682,NA,NA,S,10,1,55574.05,21.95,2010,44,5.83,13.87
132491,Active,631461,NA,NA,S,0,0,44820.4,35,2011,34,11.98,12.89
132492,Active,138421,NA,NA,S,1,0,220293.2,26.95,2010,31,18.46,20.63
132493,Active,864953,NA,NA,S,2,1,118035.775,28.5,2014,12,28.99,28.49
132494,Active,2096782,NA,NA,S,0,0,3865.65,35,2014,23,17.45,20.83
132495,Active,1701097,NA,NA,S,0,0,80634.375,24.95,2013,12,18.75,19.04
132496,Active,1471586,NA,NA,S,0,0,784794.5325,26.95,2014,29,7.74,13.99
132497,Active,1969963,NA,NA,S,1,0,959.6,25.99,2014,28,14.97,15.83
132498,Active,1861098,NA,NA,S,1,0,64448.275,23.95,2011,19,16.48,20.96
132499,Active,1455222,NA,NA,S,1,0,222311.1425,44.99,2009,94,19.04,26.4
132500,Active,2013977,NA,NA,S,0,0,75113.95,22.95,2012,21,12.21,14.49
132501,Active,1495141,NA,NA,S,1,0,17131.425,32.38,2011,12,25.96,28.71
132502,Active,1466246,NA,NA,S,2,1,165066.3325,24.95,2015,15,21.41,21.41
132503,Active,690812,NA,NA,S,0,0,186404.25,29.99,2013,15,25.43,22.97
132504,Active,918178,NA,NA,S,1,0,404587.8725,53,2010,36,18.48,19.94
132505,Active,1625987,NA,NA,S,0,0,91404.575,23.5,2014,8,23.5,23.5
132506,Active,2012709,NA,NA,S,1,0,41664.275,23,2012,20,6.48,22
132507,Active,2051604,NA,NA,S,0,0,105749.8,24.95,2012,24,7.99,8.91
132508,Active,796206,NA,NA,S,0,0,125660.6425,19.99,2006,29,8.52,90.48
132509,Active,2140517,NA,NA,S,0,0,2738.375,29.95,2008,20,17.65,19.7
132510,Active,1942798,NA,NA,S,0,0,9424.9,30,2013,13,17.85,17.85
132511,Active,642460,NA,NA,S,1,0,155734.4,41.95,2011,21,31.99,28.39
132512,Active,1607452,NA,NA,S,0,0,37193.775,26,2011,31,12.88,15.94
132513,Active,2129920,NA,NA,S,1,0,73851.45,29.95,2014,9,26.14,24.27
132514,Active,1584504,NA,NA,S,0,0,569594.655,44.99,2011,20,33.3,33.98
132515,Active,3598548,NA,NA,S,0,0,34533.425,50,2016,14,34.68,31.68
132516,Active,105809,NA,NA,S,1,0,96905.61125,29.95,2002,95,4.63,16.74
132517,Active,1969914,NA,NA,S,0,0,16655.8,24,2014,23,15.53,15.77
132518,Active,1739029,NA,NA,S,2,1,73989.85125,13.95,2012,23,9.92,10.24
132519,Active,2542418,NA,NA,S,2,1,481018.2838,40.95,2003,32,4.21,25.48
132520,Active,3619202,NA,NA,S,0,0,286597.45,49.95,2013,25,35.71,36.45
132521,Active,2149816,NA,NA,S,0,0,77545.825,29.5,2012,14,27.99,29.5
132522,Active,2046786,NA,NA,S,0,0,77467.35,27.95,2014,48,6.94,8.97
132523,Active,1625962,NA,NA,S,0,0,178832.925,37,2013,17,19.99,23.31
132524,Active,2162248,NA,NA,S,0,0,139377.475,22.95,2011,13,9.34,17.25
132525,Active,2606528,NA,NA,S,1,0,527583.56,49.99,2003,88,7.09,11.99
132526,Active,3682744,NA,NA,S,0,0,197150.175,25.99,2015,31,5.12,8.48
132527,Active,2022620,NA,NA,S,0,0,69311.45,36,2007,27,11.66,25.71
132528,Active,408208,NA,NA,S,0,0,41636.675,21.95,2007,55,5.09,14.8
132529,Active,292830,NA,NA,S,0,0,703711.9963,38.95,2004,60,4,21.99
132530,Active,2027019,NA,NA,S,0,0,37489.6,29.95,2011,23,7.56,20.35
132531,Active,2170796,NA,NA,S,0,0,487599.5325,14.98,2012,20,4.56,14.03
132532,Active,687926,NA,NA,S,0,0,58553.925,21.99,2013,18,11.6,15.62
132533,Active,2027034,NA,NA,S,1,0,76364.775,29.95,2012,33,7.11,22.17
132534,Active,2149711,NA,NA,S,0,0,71447.775,29.95,2010,17,17.8,20.56
132535,Active,156710,NA,NA,S,2,1,713956.635,57.95,2000,24,7.12,41.04
132536,Active,682511,NA,NA,S,1,0,43923.4,22.5,2013,29,14.96,15.16
132537,Active,2656782,NA,NA,S,1,0,455908.0875,141.62,1970,28,19.97,139.68
132538,Active,688737,NA,NA,S,1,0,222355.55,31.95,2009,16,23.06,30.89
132539,Active,1603519,NA,NA,S,0,0,19375,22,2012,36,11.91,14.97
132540,Active,3754891,NA,NA,S,0,0,187396.85,44.99,2013,8,31.45,31.28
132541,Active,653341,NA,NA,S,0,0,696959.6313,58.95,1997,36,4.98,45.96
132542,Active,682019,NA,NA,S,0,0,36627.875,24.99,2013,32,12.76,15.62
132543,Active,3744137,NA,NA,S,0,0,122393.1,24.95,2012,38,5.43,11.22
132544,Active,2065197,NA,NA,S,0,0,11787.725,24.95,2011,7,18.68,18.16
132545,Active,438828,NA,NA,S,0,0,646863.235,25,2012,42,7.78,15.9
132546,Active,3618615,NA,NA,S,0,0,97822.725,31.41,2015,15,31.59,27.56
132547,Active,3531004,NA,NA,S,1,0,1126.425,24.99,2016,15,14.35,13.48
132548,Active,2114431,NA,NA,S,0,0,50953.575,24.95,2015,13,22.86,17.29
132549,Active,689168,NA,NA,S,1,0,65966.075,24.95,2011,22,15.75,22.43
132550,Active,125665,NA,NA,S,1,0,73491.44875,19.95,1995,34,11.92,15.28
132551,Active,2762890,NA,NA,S,0,0,725792.8725,31.95,1994,55,4,19.9
132552,Active,603597,NA,NA,S,0,0,581661.595,34.95,2009,34,8.19,23.93
132553,Active,194780,NA,NA,S,0,0,76173.35,22.95,2007,19,18.46,18.98
132554,Active,3634197,NA,NA,S,1,0,187501.325,49.95,2015,12,34.71,34.76
132555,Active,2020946,NA,NA,S,0,0,9044.825,35,2014,18,15.98,18.98
132556,Active,563331,NA,NA,S,0,0,27907.69625,13.95,1989,188,4,7.98
132557,Active,1496514,NA,NA,S,1,0,91313.325,25,2014,70,5.63,10.47
132558,Active,631110,NA,NA,S,1,0,418974.235,54.95,2011,44,4,38.99
132559,Active,140315,NA,NA,S,1,0,66073.325,79.95,2011,34,27.44,49.49
132560,Active,2085078,NA,NA,S,0,0,120073.6338,17.99,2011,71,6.94,10.96
132561,Active,900799,NA,NA,S,1,0,892505.615,49.95,2008,20,4.98,45.08
132562,Active,1463195,NA,NA,S,1,0,210467.45,29.95,2015,14,28.59,25.7
132563,Active,652540,NA,NA,S,0,0,565879.6013,40,2011,24,10.88,41.78
132564,Active,1780708,NA,NA,S,1,0,24604.6,25,2014,22,16.4,16.8
132565,Active,1490426,NA,NA,S,0,0,109177.025,29.95,2012,18,21.94,22.46
132566,Active,624952,NA,NA,S,1,0,195910.475,80,2008,21,37.87,52.39
132567,Active,1640175,NA,NA,S,0,0,51694.85,23.95,2013,10,18.99,18.99
132568,Active,1980074,NA,NA,S,0,0,57634.525,23.99,2014,11,15.3,15.09
132569,Active,1565912,NA,NA,S,1,0,139576.15,27.99,2014,29,10.46,16.94
132570,Active,2060247,NA,NA,S,30,1,164000.5075,19.95,2013,59,8.03,13.64
132571,Active,1489054,NA,NA,S,1,0,812685.5025,63.95,2011,22,4.78,39.87
132572,Active,627441,NA,NA,S,1,0,149340.975,39.99,2010,23,19.49,24.99
132573,Active,2249630,NA,NA,S,0,0,18747.925,51.32,2010,2,51.99,49.99
132574,Active,2014283,NA,NA,S,0,0,101081.625,26.99,2014,33,6.9,11.4
132575,Active,2167702,NA,NA,S,0,0,57572.825,22,2012,23,14.33,14.63
132576,Active,2218131,NA,NA,S,3,1,36237.85,16.99,2008,8,32.35,18.48
132577,Active,3611271,NA,NA,S,0,0,555996.2,17.95,1900,177,4,6.93
132578,Active,3818958,NA,NA,S,0,0,85753.025,70,2015,14,46.03,42.77
132579,Active,1925568,NA,NA,S,0,0,29395.275,31.99,2013,16,15.67,15.68
132580,Active,3567435,NA,NA,S,1,0,147961,24.99,2013,52,4,5.97
132581,Active,209858,NA,NA,S,1,0,179641.325,24,2007,27,4,36.72
132582,Active,3744099,NA,NA,S,0,0,22809.8,35,2015,21,15.73,13.83
132583,Active,1569506,NA,NA,S,2,1,455258.5838,17.99,2010,34,4.1,8.46
132584,Active,2107352,NA,NA,S,0,0,10833.3,21.99,2015,15,11.87,12.53
132585,Active,2106588,NA,NA,S,0,0,137248,29.95,2014,18,15.55,19.56
132586,Active,158302,NA,NA,S,0,0,39420.825,69.95,2011,59,15.49,54.86
132587,Active,1777795,NA,NA,S,1,0,82456.85,62,2012,13,35.66,48.09
132588,Active,905290,NA,NA,S,3,1,110081.1625,29.95,2014,26,22.43,25
132589,Active,2273230,NA,NA,S,5,1,646075.325,82.81,1900,20,43.95,77.48
132590,Active,1624699,NA,NA,S,1,0,76460.075,27.95,2015,19,14.53,15.18
132591,Active,3486012,NA,NA,S,0,0,731042.1,27.5,2014,45,15.37,25.44
132592,Active,134829,NA,NA,S,0,0,481747.6363,41,2007,23,4.98,53.98
132593,Active,1625814,NA,NA,S,0,0,55050.725,22,2011,28,11.05,12.79
132594,Active,689604,NA,NA,S,0,0,18775.825,26,2013,17,15.84,14.6
132595,Active,2868501,NA,NA,S,0,0,288516.4963,16.99,1982,103,4,8.48
132596,Active,2600246,NA,NA,S,0,0,602295.4038,49.99,1994,47,4.76,33.29
132597,Active,3797586,NA,NA,S,0,0,48677.525,69.95,2007,27,42.98,44.99
132598,Active,2217797,NA,NA,S,0,0,67400.35,27.95,2014,19,19.22,19.27
132599,Active,1691802,NA,NA,S,0,0,74239.675,24,2008,15,12.65,18.86
132600,Active,219459,NA,NA,S,0,0,95520.325,24.95,2010,19,18.45,19.39
132601,Active,747525,NA,NA,S,0,0,80255.9,23.95,2011,30,12.69,14.59
132602,Active,3598542,NA,NA,S,0,0,13233.05,55,2016,13,36.99,33.9
132603,Active,913089,NA,NA,S,0,0,46408.325,21.99,2012,21,11.23,14.99
132604,Active,134595,NA,NA,S,2,1,358901.67,60,2001,29,8.44,33.94
132605,Active,904229,NA,NA,S,0,0,666733.205,39.98,2008,21,4,17.64
132606,Active,2581583,NA,NA,S,2,1,193364.9888,11.95,1977,66,4,8.44
132607,Active,645335,NA,NA,S,1,0,716868.4888,48.95,2010,29,7.09,32.4
132608,Active,629149,NA,NA,S,1,0,129286.625,23,2012,28,12.65,18.88
132609,Active,2163098,NA,NA,S,0,0,66991.125,26.99,2010,21,12.95,18.9
132610,Active,2065332,NA,NA,S,0,0,684082.1263,23.95,2011,15,19.4,19.81
132611,Active,2087687,NA,NA,S,0,0,59118,21.95,2015,19,10.62,16.52
132612,Active,657573,NA,NA,S,1,0,17700.825,34.95,2008,25,26.88,27.34
132613,Active,1640843,NA,NA,S,0,0,85014.625,22.99,2013,18,15.5,15.64
132614,Active,868451,NA,NA,S,0,0,595275.1763,19.95,2006,25,4,7.98
132615,Active,58243,NA,NA,S,1,0,2644.2,15.99,2009,105,9.49,10.36
132616,Active,3033073,NA,NA,S,2,1,349156.755,14.95,2005,22,9.44,68.29
132617,Active,1927499,NA,NA,S,1,0,139333.5,42.95,2012,25,28.91,32.89
132618,Active,555528,NA,NA,S,1,0,284484.4375,31.95,2003,34,10.23,28.99
132619,Active,1598567,NA,NA,S,0,0,1539.2,39.99,2014,50,22.78,23.28
132620,Active,1598569,NA,NA,S,1,0,11824.275,29.99,2014,41,12.27,13.98
132621,Active,2324319,NA,NA,S,1,0,351310.775,177.47,1969,25,14.62,112.52
132622,Active,1534890,NA,NA,S,1,0,44701.225,26.95,2014,38,10.29,13.48
132623,Active,810603,NA,NA,S,0,0,77585.475,30,2009,34,8.27,18.58
132624,Active,2026116,NA,NA,S,0,0,161821.55,85,2010,16,17.19,23.44
132625,Active,858725,NA,NA,S,0,0,2753.74875,11.95,1999,669,4,4.99
132626,Active,1724559,NA,NA,S,0,0,199272.6,29.95,2014,26,12.99,20.82
132627,Active,636288,NA,NA,S,1,0,119619.595,79.95,2006,31,22.77,0
132628,Active,1589043,NA,NA,S,0,0,35050.45,27.99,2007,37,13.99,16.05
132629,Active,3644464,NA,NA,S,0,0,187431,52.95,2016,9,43.79,43.72
132630,Active,2111107,NA,NA,S,2,1,415534.8225,14.95,2013,28,8.57,72.18
132631,Active,1743767,NA,NA,S,0,0,143419.775,22.95,2015,12,17.89,18.08
132632,Active,872354,NA,NA,S,5,1,33001.31125,54.95,2014,60,23.99,33.54
132633,Active,3802888,NA,NA,S,0,0,140794.85,27,2011,21,9.5,16.55
132634,Active,2170253,NA,NA,S,0,0,60045.025,21.95,2014,13,18.5,18.29
132635,Active,2096778,NA,NA,S,0,0,117187.2,29.95,2014,29,4.76,11.78
132636,Active,2170167,NA,NA,S,1,0,80494.075,24.95,2015,22,14.25,15.98
132637,Active,2030071,NA,NA,S,0,0,22919.1,22.99,2011,30,11.95,15.64
132638,Active,681043,NA,NA,S,0,0,23148.975,34.95,2009,15,22.57,18.82
132639,Active,629004,NA,NA,S,0,0,609538.395,45,1995,28,18.68,25.66
132640,Active,3804217,NA,NA,S,0,0,42505.575,39.95,2014,15,19.98,28
132641,Active,54241,NA,NA,S,3,1,45122.14875,24.95,2004,343,4,7.67
132642,Active,653934,NA,NA,S,3,1,1401193.305,34.95,1998,36,5.99,43.46
132643,Active,3622892,NA,NA,S,0,0,17689.2,0,2013,8,30.57,19.99
132644,Active,1980214,NA,NA,S,0,0,40142.525,29.99,2014,12,16.2,16.13
132645,Active,287069,NA,NA,S,1,0,469622.7875,44.95,2005,36,13.38,33.01
132646,Active,2035239,NA,NA,S,1,0,195783.525,26.95,2014,39,4,5.98
132647,Active,2205775,NA,NA,S,0,0,85429.975,39.99,2013,38,23.97,28.44
132648,Active,3794638,NA,NA,S,0,0,1437.6,24.95,2015,20,17.95,16.18
132649,Active,759113,NA,NA,S,0,0,556395.075,36.95,1999,44,4,21.07
132650,Active,1508760,NA,NA,S,0,0,34669.425,24,2015,18,13.59,18.23
132651,Active,591681,NA,NA,S,1,0,86068.0525,45.95,2007,33,13.76,32.17
132652,Active,1724569,NA,NA,S,0,0,54679.4,35,2015,20,19.02,22.99
132653,Active,2110262,NA,NA,S,0,0,123084.5,49.95,2013,35,13.84,23.98
132654,Active,913693,NA,NA,S,3,1,45491.02375,17.95,2009,38,8.71,13.95
132655,Active,2301735,NA,NA,S,0,0,296433.8588,16,1985,118,4.51,10.79
132656,Active,3622356,NA,NA,S,0,0,194744.775,26.95,2011,59,4,18.87
132657,Active,1528816,NA,NA,S,0,0,208235.95,60,2007,32,7.44,34.85
132658,Active,2549192,NA,NA,S,1,0,9564.63875,7.99,2001,344,4,6.12
132659,Active,2167848,NA,NA,S,1,0,31629.425,30,2013,17,9.59,19.09
132660,Active,2098304,NA,NA,S,0,0,166376.8,30,2014,17,4,14.88
132661,Active,2024504,NA,NA,S,3,1,347964.4663,49.95,2009,15,18.76,36.3
132662,Active,1720631,NA,NA,S,0,0,9485.15,24,2010,39,6.65,15.69
132663,Active,1720630,NA,NA,S,0,0,2499.75,24,2009,46,11.73,15.93
132664,Active,582679,NA,NA,S,0,0,7232.8,24,2009,42,11.97,16.98
132665,Active,1695498,NA,NA,S,0,0,83333.25,22,2013,25,11.05,12.98
132666,Active,594842,NA,NA,S,0,0,209411.675,24.99,2011,31,4,17.48
132667,Active,249278,NA,NA,S,0,0,465871.2713,6.99,2005,185,3.99,6.98
132668,Active,676242,NA,NA,S,0,0,60124.325,26,2012,65,4.95,5.48
132669,Active,3569099,NA,NA,S,0,0,54467.575,24.95,2014,52,6.96,15.99
132670,Active,830935,NA,NA,S,0,0,153055.625,0,1973,71,5.33,105.47
132671,Active,1627928,NA,NA,S,0,0,86245.45,35,2015,9,37.4,26.97
132672,Active,1598358,NA,NA,S,1,0,34116.825,25,2014,20,13.48,16.24
132673,Active,701426,NA,NA,S,1,0,148838.6,24.95,2008,52,3.99,13
132674,Active,1870801,NA,NA,S,0,0,79530.05,25,2013,41,7.29,11.18
132675,Active,3583632,NA,NA,S,1,0,78643.4,45,2013,33,26.85,28.8
132676,Active,521268,NA,NA,S,0,0,118499.025,27.99,2012,20,14.65,18.38
132677,Active,1497910,NA,NA,S,0,0,25531.1,21.99,2008,58,8.46,14.83
132678,Active,719012,NA,NA,S,0,0,682064.8763,70,1997,28,18.6,40.31
132679,Active,210348,NA,NA,S,0,0,43455.175,52,2001,18,36.99,35.77
132680,Active,1691892,NA,NA,S,0,0,34133.525,22.99,2015,14,15.04,16.24
132681,Active,1695566,NA,NA,S,0,0,83363.125,68,2010,10,35.68,44.68
132682,Active,1692058,NA,NA,S,0,0,442275.795,34,2012,19,20.88,20.97
132683,Active,1691854,NA,NA,S,1,0,25081.775,21.99,2008,21,12.04,14.27
132684,Active,1691863,NA,NA,S,2,1,30216.175,22.99,2010,16,15.13,15.35
132685,Active,1695578,NA,NA,S,0,0,61215.975,70,2007,11,36.89,38.64
132686,Active,2075992,NA,NA,S,0,0,227635.65,22,2011,8,22.11,20
132687,Active,2166246,NA,NA,S,0,0,26752.575,29.99,2011,20,21.97,23.86
132688,Active,172307,NA,NA,S,2,1,114764.7,26.95,2011,19,18.62,22.18
132689,Active,1982482,NA,NA,S,1,0,80322.225,32.95,2014,13,8.58,27.35
132690,Active,2065472,NA,NA,S,0,0,224808.225,49.95,2014,12,25.37,28.99
132691,Active,1502749,NA,NA,S,0,0,118991,22,2011,30,13.89,14.82
132692,Active,1980190,NA,NA,S,1,0,32292.725,27.99,2015,21,6.14,7.73
132693,Active,1508799,NA,NA,S,1,0,2096.9,30,2014,38,11.03,14.54
132694,Active,1433945,NA,NA,S,1,0,16301.825,29.99,2014,19,17,18.62
132695,Active,1569357,NA,NA,S,1,0,42768.8,21.95,2010,19,15.13,15.14
132696,Active,1727941,NA,NA,S,0,0,356852.5525,34.95,2011,17,8.09,214.8
132697,Active,555750,NA,NA,S,1,0,327632.495,27.95,2010,54,4.45,14.48
132698,Active,2046414,NA,NA,S,1,0,29774.65,27.95,2010,68,4.98,4.99
132699,Active,862878,NA,NA,S,0,0,538727.315,45,2000,41,6.25,42.47
132700,Active,3794265,NA,NA,S,0,0,50721.475,24.99,2011,40,13.94,16.74
132701,Active,1937397,NA,NA,S,0,0,147726.5,25.99,2014,21,7.9,8.98
132702,Active,629217,NA,NA,S,0,0,89276.325,39.95,2012,47,9.45,23.85
132703,Active,2084572,NA,NA,S,0,0,54304.8,44.95,2013,51,11.65,27.42
132704,Active,2043793,NA,NA,S,0,0,71994.1,25,2013,15,18.07,16.65
132705,Active,1691551,NA,NA,S,0,0,55782.1,22.99,2014,66,6.82,6.85
132706,Active,2277021,NA,NA,S,39,1,66250.1,0,2013,0,0,7.48
132707,Active,555770,NA,NA,S,1,0,515713.225,21.95,2008,43,5.98,15.62
132708,Active,2106784,NA,NA,S,0,0,80773.65,24.95,2015,19,15.89,17
132709,Active,251031,NA,NA,S,0,0,26690.675,24.95,2007,21,13.99,14.72
132710,Active,1872841,NA,NA,S,0,0,115579.675,24.99,2010,13,17.36,18.97
132711,Active,2028828,NA,NA,S,0,0,191746.475,35,2010,50,4.39,10.94
132712,Active,1697283,NA,NA,S,0,0,1193.2,25,2015,15,14.31,15.06
132713,Active,3020095,NA,NA,S,0,0,656910.8438,16.95,1991,43,4,20.94
132714,Active,2011175,NA,NA,S,0,0,23341.925,24.95,2012,12,16.45,18.23
132715,Active,3816853,NA,NA,S,0,0,17003.4,42.95,2015,10,24.68,25.32
132716,Active,2135538,NA,NA,S,0,0,164438.1425,42.95,2012,28,5.15,23.66
132717,Active,918968,NA,NA,S,13,1,340106.7238,26.5,1976,76,6.87,17.99
132718,Active,2593887,NA,NA,S,0,0,245420.23,59.99,1986,28,18.58,39.97
132719,Active,679020,NA,NA,S,0,0,80172.5,29.95,2008,69,8.77,17.97
132720,Active,862364,NA,NA,S,7,1,25735.7175,95.95,2014,62,54.48,82.53
132721,Active,3043698,NA,NA,S,0,0,76015.975,71.46,2004,19,15.95,76.87
132722,Active,2011803,NA,NA,S,0,0,44638.2,0,2007,11,23.76,73.85
132723,Active,689600,NA,NA,S,0,0,79607.3,27.99,2013,50,9.08,16.18
132724,Active,910782,NA,NA,S,1,0,43019.325,24.99,2014,30,9.73,16.25
132725,Active,2072103,NA,NA,S,0,0,79152.075,24.95,2015,12,18.02,16.69
132726,Active,1534938,NA,NA,S,1,0,29445.075,28.95,2015,22,15.51,9.98
132727,Active,913072,NA,NA,S,1,0,102602.35,23.99,2009,23,16.24,17.12
132728,Active,1433570,NA,NA,S,1,0,82496.975,28.99,2015,23,13.97,13.98
132729,Active,1430032,NA,NA,S,1,0,92489.275,27.99,2009,35,4,10.49
132730,Active,1756231,NA,NA,S,0,0,352270.6,0,2010,18,9.98,43.99
132731,Active,2808854,NA,NA,S,0,0,7263.35375,7.99,1991,253,4,7.98
132732,Active,123419,NA,NA,S,0,0,22899.815,18,2005,360,4,7.75
132733,Active,2087753,NA,NA,S,1,0,244691.775,29.95,2013,16,16.3,22.86
132734,Active,3782180,NA,NA,S,1,0,763157.1,42.95,2007,52,15.91,29.45
132735,Active,560605,NA,NA,S,0,0,180890.275,24.99,2010,69,4.42,10.94
132736,Active,3105066,NA,NA,S,0,0,27731.725,24.95,2014,9,16.46,17.1
132737,Active,1618137,NA,NA,S,1,0,40436.05,21.95,2011,17,17.33,18.29
132738,Active,480877,NA,NA,S,0,0,230581.575,34,2010,18,21.35,23.94
132739,Active,1783987,NA,NA,S,0,0,75093.825,27,2014,27,13.95,9.99
132740,Active,1593626,NA,NA,S,1,0,107380.875,54.99,2007,29,10.67,30.39
132741,Active,2105237,NA,NA,S,1,0,83705.5,30,2014,42,4.74,8.98
132742,Active,2142606,NA,NA,S,0,0,841849.0488,55,2006,86,4,7.88
132743,Active,539944,NA,NA,S,0,0,46687.185,19.95,2013,42,9.31,10.99
132744,Active,245803,NA,NA,S,0,0,237285.785,29.95,2009,23,7.51,51.93
132745,Active,1943092,NA,NA,S,0,0,12699.775,28,2015,25,15.23,15.93
132746,Active,1607504,NA,NA,S,0,0,72280.175,26,2012,47,7.74,16.93
132747,Active,676313,NA,NA,S,1,0,351979.0538,27.95,2011,66,4,9.47
132748,Active,918357,NA,NA,S,0,0,359675.6375,49.99,2011,27,5.67,34.55
132749,Active,647035,NA,NA,S,0,0,43305.9,45,2012,19,23.74,31.99
132750,Active,1835706,NA,NA,S,0,0,75582.35,20.99,2009,64,4.48,9.98
132751,Active,1433573,NA,NA,S,1,0,107536.775,27.99,2014,26,13.62,18.7
132752,Active,1434130,NA,NA,S,1,0,65477.775,25.99,2014,23,10.59,13.46
132753,Active,1489173,NA,NA,S,0,0,105752.1,34.25,2011,11,22.03,15.64
132754,Active,2509230,NA,NA,S,0,0,52009.81625,14.95,1993,142,4,9.16
132755,Active,583915,NA,NA,S,0,0,594207.5075,45,1983,70,4,20.94
132756,Active,1527711,NA,NA,S,0,0,783477.2988,45,2009,27,13.94,101.53
132757,Active,1431110,NA,NA,S,0,0,60210.825,29.95,2008,34,11.09,21.34
132758,Active,675799,NA,NA,S,0,0,184441.725,24.95,2010,35,4,9.04
132759,Active,686081,NA,NA,S,0,0,86342.35,24.99,2011,12,15.97,18.8
132760,Active,1534937,NA,NA,S,1,0,47376.975,26.95,2015,36,11.28,18.22
132761,Active,3561130,NA,NA,S,0,0,24520.2,28.99,2015,12,24.61,20.63
132762,Active,2133075,NA,NA,S,0,0,80353.75,24.95,2014,8,26.81,23.65
132763,Active,633258,NA,NA,S,1,0,451170.14,94.99,2010,23,19.56,58.98
132764,Active,3803071,NA,NA,S,1,0,178228.525,45,2013,20,26.23,26.24
132765,Active,1459302,NA,NA,S,1,0,96616.05,39.99,2009,19,4,34.87
132766,Active,2329044,NA,NA,S,2,1,84828.06125,13,1998,185,4,15.17
132767,Active,1932784,NA,NA,S,0,0,53395.475,45,2013,19,21.75,25.34
132768,Active,915003,NA,NA,S,2,1,799353.6675,41.95,1997,33,4.39,47.29
132769,Active,656125,NA,NA,S,0,0,334839.3763,52.95,2001,25,13.23,43.58
132770,Active,222199,NA,NA,S,1,0,73753.975,70,2010,13,48.99,52.16
132771,Active,1478026,NA,NA,S,1,0,116630.975,34.95,2015,12,27.96,28.53
132772,Active,1925385,NA,NA,S,0,0,43754.475,44.99,2012,22,21.98,26.75
132773,Active,690129,NA,NA,S,0,0,89709.275,29.95,2011,16,19.38,22.75
132774,Active,2143108,NA,NA,S,0,0,138653.975,22.5,2015,19,15.08,16.69
132775,Active,3927040,NA,NA,S,0,0,101651,29.95,2016,15,20.66,21.76
132776,Active,1432176,NA,NA,S,0,0,69051.375,24.99,2012,17,12.81,16.27
132777,Active,3960163,NA,NA,S,0,0,56734.6,40,2015,21,8.49,18.97
132778,Active,1979256,NA,NA,S,2,1,56421.825,29.99,2015,14,22.35,22.13
132779,Active,918940,NA,NA,S,0,0,38773.705,26.99,1991,50,11.98,20.4
132780,Active,1732643,NA,NA,S,0,0,99441.375,24.95,2009,21,16.48,19.15
132781,Active,678058,NA,NA,S,0,0,185703.25,21.99,2007,44,7.3,11.99
132782,Active,1471166,NA,NA,S,1,0,125500.3525,16.95,2014,33,7,13.16
132783,Active,1918215,NA,NA,S,3,1,49122,34.99,2013,10,12.98,19.89
132784,Active,1918181,NA,NA,S,3,1,54775.25,36.99,2012,11,21.53,22.8
132785,Active,1918152,NA,NA,S,0,0,193390.35,24.99,2011,20,7.87,7.88
132786,Active,920145,NA,NA,S,0,0,7485.05,22,2014,66,7.9,9.93
132787,Active,2101611,NA,NA,S,1,0,3936.65,26.99,2015,12,19.66,16.31
132788,Active,1994416,NA,NA,S,0,0,32019.91875,24.99,2014,21,17.61,22.49
132789,Active,1565664,NA,NA,S,0,0,5087.675,35,2014,23,21.24,23.18
132790,Active,1925593,NA,NA,S,0,0,19073.75,23.99,2014,10,14.55,14.57
132791,Active,1590644,NA,NA,S,1,0,96217.225,34.99,2009,19,27.54,27.97
132792,Active,1946807,NA,NA,S,0,0,101348.475,29.99,2011,12,17.96,19.31
132793,Active,1942891,NA,NA,S,1,0,89797.05,26,2015,41,6.76,13.29
132794,Active,545069,NA,NA,S,1,0,42411.125,27.95,2008,23,20.45,25.56
132795,Active,529819,NA,NA,S,2,1,797333.3713,48.95,2009,28,18.92,40.16
132796,Active,594519,NA,NA,S,1,0,603749.0188,56.95,2010,39,4.78,47.15
132797,Active,285033,NA,NA,S,1,0,127799.525,90,2006,21,23.99,45
132798,Active,1538074,NA,NA,S,3,1,839161.995,68.95,2006,24,9.11,58.34
132799,Active,205689,NA,NA,S,1,0,554457.2663,80,2000,29,11.13,81.99
132800,Active,164952,NA,NA,S,0,0,636673.285,141.95,1999,30,4.99,54.54
132801,Active,2129904,NA,NA,S,1,0,157415.725,45,2014,15,35.17,33.94
132802,Active,205679,NA,NA,S,1,0,171979.725,70,1999,46,19.46,46.42
132803,Active,246473,NA,NA,S,1,0,500644.5863,69.95,2005,38,9.97,39.98
132804,Active,620693,NA,NA,S,2,1,170860.4288,129,2008,46,18.29,0
132805,Active,876649,NA,NA,S,11,1,23647.30875,43.99,2015,31,37.01,49.64
132806,Active,3141435,NA,NA,S,3,1,604975.7863,335.83,2005,17,18.4,68.57
132807,Active,682567,NA,NA,S,0,0,9266.775,22.99,2012,24,13.32,13.88
132808,Active,2092946,NA,NA,S,0,0,88950.38125,29.95,2011,17,17.98,20.45
132809,Active,3960328,NA,NA,S,0,0,107527.9,24.95,2014,21,18.78,18.76
132810,Active,2289419,NA,NA,S,2,1,32495.375,0,2014,0,0,14.48
132811,Active,1496618,NA,NA,S,1,0,34578,24.95,2014,70,4,9.68
132812,Active,2051108,NA,NA,S,0,0,31061.65,36.99,2007,15,24.13,23.63
132813,Active,676679,NA,NA,S,2,1,133450.025,21.95,2009,38,6.22,14.42
132814,Active,1713701,NA,NA,S,0,0,184507.9,23.95,2007,28,12.1,25.99
132815,Active,1444781,NA,NA,S,1,0,18750.175,23.95,2014,13,13.61,14.06
132816,Active,1781350,NA,NA,S,1,0,4921.3,23,2015,13,15.73,13.41
132817,Active,1433658,NA,NA,S,0,0,1015.125,29.99,2014,31,14.96,13.69
132818,Active,3488297,NA,NA,S,1,0,215871.6,27,2009,29,8.94,17.99
132819,Active,1980114,NA,NA,S,0,0,8398.275,29.99,2014,10,21.2,11.92
132820,Active,626683,NA,NA,S,0,0,2747.6,32.99,2012,28,17.08,20.1
132821,Active,1526882,NA,NA,S,0,0,15154.35,40,2012,23,19.46,24.17
132822,Active,559930,NA,NA,S,1,0,85984.675,23,2007,24,20.79,24.43
132823,Active,642322,NA,NA,S,1,0,81584.475,30,2011,20,13.92,18.87
132824,Active,615420,NA,NA,S,0,0,47287.28375,39.99,2006,44,18.64,26.96
132825,Active,529730,NA,NA,S,0,0,2716.3025,34.99,2006,101,5.86,24.67
132826,Active,675561,NA,NA,S,0,0,62968.9525,30,2002,70,4.76,14.98
132827,Active,1536471,NA,NA,S,0,0,78551.325,26.95,2015,28,12.51,18.8
132828,Active,3480794,NA,NA,S,0,0,332368.65,74,1986,81,7.34,36.93
132829,Active,2445728,NA,NA,S,1,0,241996.2775,16.95,1988,44,8.62,28.99
132830,Active,3756322,NA,NA,S,0,0,7588.85,22.99,2015,14,13.99,14.87
132831,Active,1728626,NA,NA,S,0,0,75152.775,75,2014,11,48.97,48.98
132832,Active,1493899,NA,NA,S,0,0,735391.0563,28,2010,31,18.89,41.3
132833,Active,684510,NA,NA,S,1,0,69813.675,28,2010,17,19.56,41.56
132834,Active,1756823,NA,NA,S,0,0,10716.6,24.95,2010,36,14.8,21.37
132835,Active,678062,NA,NA,S,1,0,153502.85,21.95,2007,22,10.02,22.95
132836,Active,2065497,NA,NA,S,1,0,2753.8,29.95,2014,15,21.02,22.55
132837,Active,637106,NA,NA,S,1,0,44120.625,42.5,2009,22,33.28,34.91
132838,Active,3122439,NA,NA,S,0,0,403576.3488,15.95,1997,26,7.32,52.34
132839,Active,1659462,NA,NA,S,2,1,310862.5925,14,2006,146,4,8.64
132840,Active,683440,NA,NA,S,1,0,151098.925,29.95,2008,25,15.78,27.27
132841,Active,2165923,NA,NA,S,1,0,13425.7,34.95,2012,57,11.67,20.99
132842,Active,2020583,NA,NA,S,0,0,138452.375,22.95,2013,17,5.93,8.09
132843,Active,2043298,NA,NA,S,0,0,91424.225,21.99,2013,24,10.1,12.92
132844,Active,2079634,NA,NA,S,1,0,8222.9,29.99,2015,7,22.49,18.06
132845,Active,675260,NA,NA,S,1,0,481142.7513,24.95,2006,95,4,10.08
132846,Active,2165726,NA,NA,S,0,0,2139.325,26.95,2015,17,16.17,16.23
132847,Active,2153938,NA,NA,S,0,0,75521.975,24.95,2009,15,17.08,18.3
132848,Active,1666521,NA,NA,S,1,0,106674,28,2008,14,27.5,31.05
132849,Active,680435,NA,NA,S,1,0,5848.5,32,2012,41,9.68,17.62
132850,Active,649605,NA,NA,S,1,0,98707.25,30,2013,28,15.7,54.69
132851,Active,680487,NA,NA,S,1,0,59203.375,24.95,2010,49,5.66,13.59
132852,Active,2084767,NA,NA,S,1,0,14305.475,22.95,2013,23,10.2,13.72
132853,Active,3013259,NA,NA,S,1,0,292232.9163,45,1996,26,25.77,147.06
132854,Active,163063,NA,NA,S,3,1,748147.7525,138.72,2009,22,16.41,66.35
132855,Active,257167,NA,NA,S,1,0,512633.0475,69.95,1999,62,4,15.02
132856,Active,172292,NA,NA,S,2,1,157383.375,23.95,2010,13,4.29,20.3
132857,Active,1603645,NA,NA,S,1,0,27761,34.99,2013,41,15.49,18.98
132858,Active,544252,NA,NA,S,7,1,80313.43125,111.95,2013,75,14.94,24.48
132859,Active,1589667,NA,NA,S,1,0,789700.6963,34.99,2007,22,24.47,24.48
132860,Active,1777958,NA,NA,S,1,0,169281.65,34.95,2012,21,4.65,19.94
132861,Active,2126482,NA,NA,S,1,0,226717.125,32.95,2013,16,26.02,25.8
132862,Active,914281,NA,NA,S,0,0,90780.85,22,2013,24,13.76,14.99
132863,Active,1783238,NA,NA,S,2,1,742066.6275,30.95,2013,15,26.99,28.99
132864,Active,797106,NA,NA,S,1,0,85961.275,30,2011,22,17.51,19.31
132865,Active,2022815,NA,NA,S,0,0,16999.875,22.99,2008,24,15.65,17.11
132866,Active,1734659,NA,NA,S,0,0,143759.9088,39.99,2012,19,27.05,29.07
132867,Active,2020176,NA,NA,S,0,0,39639.4,21.95,2011,19,15.08,16.48
132868,Active,133478,NA,NA,S,5,1,58021.7175,147.6,2011,51,23.98,83.51
132869,Active,3526869,NA,NA,S,0,0,85287.85,95,2010,24,48.73,58.23
132870,Active,3598323,NA,NA,S,0,0,61589,95,2010,18,58.95,59.38
132871,Active,1676953,NA,NA,S,1,0,42919.4,34.99,2008,21,11.98,24.59
132872,Active,1984072,NA,NA,S,0,0,765.8,27.95,2014,18,19.93,17.04
132873,Active,625025,NA,NA,S,0,0,751992.1938,55,2009,26,9.53,21.97
132874,Active,2034605,NA,NA,S,0,0,120813.525,29.95,2009,18,8.3,15.92
132875,Active,126793,NA,NA,S,1,0,69906.115,19.99,2005,59,5.28,14.46
132876,Active,2167074,NA,NA,S,0,0,84063.35,23.95,2012,15,16.98,13.19
132877,Active,1728129,NA,NA,S,0,0,71536.15,50,2011,12,18.98,35.88
132878,Active,1623613,NA,NA,S,1,0,347181.8663,43.95,2006,29,17.31,31.09
132879,Active,2140359,NA,NA,S,0,0,116464.55,30,2007,10,30.91,26.6
132880,Active,2169153,NA,NA,S,1,0,35324.725,34.95,2013,14,23.82,22.44
132881,Active,2024742,NA,NA,S,0,0,242947.7,21.95,2015,18,7.6,16.52
132882,Active,2092746,NA,NA,S,0,0,11406.95,26.95,2013,22,17.84,18.59
132883,Active,633202,NA,NA,S,0,0,29893.3,34.95,2011,21,24.92,24.93
132884,Active,1736684,NA,NA,S,3,1,27403.325,32.95,2009,11,28.55,23.22
132885,Active,3549785,NA,NA,S,0,0,26628.875,25.95,2016,15,21.58,19.07
132886,Active,677835,NA,NA,S,0,0,18307.925,29.95,2010,47,12.63,13.99
132887,Active,2022558,NA,NA,S,1,0,15709.15,23.95,2015,16,12.68,14.25
132888,Active,1970051,NA,NA,S,0,0,121260.175,26,2014,41,4,4.47
132889,Active,700283,NA,NA,S,1,0,520630.7988,26.95,2002,26,4.96,22.97
132890,Active,1690788,NA,NA,S,0,0,128528.725,34,2011,25,23.34,34
132891,Active,914803,NA,NA,S,0,0,47184.6,25,2010,39,14.99,17.36
132892,Active,678746,NA,NA,S,0,0,47476.025,30,2009,37,13.24,14.74
132893,Active,644578,NA,NA,S,0,0,175313.425,54,2012,6,35.18,34.68
132894,Active,1720469,NA,NA,S,2,1,32464.975,27,2007,25,13.32,13.33
132895,Active,893096,NA,NA,S,0,0,39319.325,23,2015,17,16.07,15.93
132896,Active,189337,NA,NA,S,0,0,430368.94,87,1996,40,7.91,43.94
132897,Active,687440,NA,NA,S,0,0,144967.1,24.95,2011,17,19.71,19.71
132898,Active,1431303,NA,NA,S,0,0,85097.55,40,2011,8,28.99,28.97
132899,Active,1627431,NA,NA,S,0,0,114552.9,35,2014,13,30.2,26.97
132900,Active,1703534,NA,NA,S,0,0,78002.25,80,2009,13,47.79,49.68
132901,Active,663234,NA,NA,S,2,1,601724.7038,123.39,2011,37,7.57,77.98
132902,Active,2115465,NA,NA,S,4,1,191874.2688,31.95,2014,39,19.94,27.84
132903,Active,564838,NA,NA,S,1,0,111305.05,39.95,2012,15,29.52,37.11
132904,Active,565824,NA,NA,S,1,0,63710.725,65,2009,23,25.79,36.67
132905,Active,1706249,NA,NA,S,1,0,134954.125,34.95,2013,19,20.94,24.84
132906,Active,172240,NA,NA,S,0,0,49681.4,34.95,2008,18,25.24,27.27
132907,Active,142709,NA,NA,S,2,1,592275.8188,55,2009,30,12.58,54.47
132908,Active,529640,NA,NA,S,0,0,154053.12,10.95,2008,40,4.62,8.24
132909,Active,1893510,NA,NA,S,0,0,138849.005,29.95,2013,35,27.08,28.76
132910,Active,3804998,NA,NA,S,0,0,36965.95,64.95,2013,14,14.95,25.81
132911,Active,2469738,NA,NA,S,0,0,479912.255,61,1999,40,4,33.23
132912,Active,172161,NA,NA,S,1,0,135997.4,34.95,2007,28,15.94,17.37
132913,Active,1713064,NA,NA,S,1,0,269255.6975,39.95,2009,16,37,30.4
132914,Active,289344,NA,NA,S,1,0,6564.025,35,2007,49,14.95,19.81
132915,Active,2033051,NA,NA,S,1,0,46225.525,45,2014,15,23.99,30.86
132916,Active,2112241,NA,NA,S,0,0,70841.25,45,2012,11,25.49,31.94
132917,Active,2150202,NA,NA,S,0,0,209656.675,24.95,2012,21,10.4,14.68
132918,Active,646887,NA,NA,S,0,0,28434.4,35,2013,21,20.72,22.5
132919,Active,3739978,NA,NA,S,2,1,525021.3,63,2016,10,33.74,44.94
132920,Active,1942588,NA,NA,S,0,0,74911.425,24.95,2015,14,15.27,10.98
132921,Active,1735213,NA,NA,S,0,0,63485.6,26.95,2014,18,7.98,14.35
132922,Active,3531668,NA,NA,S,0,0,367357.2,55,2012,94,8.67,19.97
132923,Active,918750,NA,NA,S,0,0,11725.325,25,2007,38,10.51,17.53
132924,Active,641957,NA,NA,S,0,0,98713.45,39.99,2013,36,8.99,13.21
132925,Active,2028670,NA,NA,S,0,0,102922.325,21.95,2014,18,11.8,16.76
132926,Active,2254737,NA,NA,S,17,1,154874.6,60.72,2008,17,8.48,18.99
132927,Active,649874,NA,NA,S,0,0,13556.85,39.95,2012,14,26.99,26.88
132928,Active,540220,NA,NA,S,2,1,36038.625,22.5,2008,41,12.64,14.43
132929,Active,636751,NA,NA,S,1,0,822163.3225,42.95,2008,40,15.89,32.36
132930,Active,680658,NA,NA,S,2,1,6910.75,24.95,2009,32,11.94,13.39
132931,Active,571473,NA,NA,S,1,0,612332.0225,25.33,1999,34,4,18.22
132932,Active,575294,NA,NA,S,2,1,120057.5,26.95,2009,32,6.23,12.99
132933,Active,922148,NA,NA,S,0,0,173945.9163,30,1987,115,4,18.94
132934,Active,637302,NA,NA,S,1,0,212804.975,52.95,2005,52,4.87,31.84
132935,Active,2162810,NA,NA,S,0,0,37801.9,29.95,2009,15,23.35,22.34
132936,Active,2093006,NA,NA,S,1,0,98801.95,60,2011,26,14.98,28.98
132937,Active,2002612,NA,NA,S,0,0,59432.05,22,2014,7,23.62,19.8
132938,Active,2162812,NA,NA,S,0,0,70980.725,49.95,2009,15,28.98,34.28
132939,Active,2093748,NA,NA,S,0,0,33380.975,24.99,2013,14,14.68,17.97
132940,Active,688997,NA,NA,S,0,0,89129.325,24.99,2014,18,17.52,15.85
132941,Active,2066839,NA,NA,S,3,1,284414.0025,30.5,2010,22,3.4,77.95
132942,Active,297809,NA,NA,S,0,0,39130.475,58.99,2003,12,42.99,47.99
132943,Active,2092182,NA,NA,S,0,0,73980.525,21,2012,22,11.94,14.86
132944,Active,2105777,NA,NA,S,1,0,74079.05,39.95,2015,19,24.97,25.53
132945,Active,2043307,NA,NA,S,0,0,10265.325,24.99,2014,15,17.73,15.89
132946,Active,1496547,NA,NA,S,1,0,24673.7,24.99,2012,39,14.91,15.13
132947,Active,3960156,NA,NA,S,0,0,24836.975,27.99,2015,18,17,17
132948,Active,2021438,NA,NA,S,1,0,38933.05,29.95,2007,33,8.24,9.89
132949,Active,1437660,NA,NA,S,1,0,74148.675,25,2014,14,13.21,17.98
132950,Active,3528867,NA,NA,S,1,0,245732.5,24.95,2014,26,17.55,20.19
132951,Active,679254,NA,NA,S,1,0,19815.2,30,2011,32,17.51,18.98
132952,Active,2079677,NA,NA,S,1,0,14221.375,29.99,2014,21,16.25,18.22
132953,Active,174988,NA,NA,S,0,0,60154.675,39.99,2007,24,28.94,30.97
132954,Active,153260,NA,NA,S,0,0,170068.825,25.95,2010,40,4,10.99
132955,Active,2017632,NA,NA,S,0,0,44104.1,29.95,2013,19,20.53,20.31
132956,Active,3744080,NA,NA,S,1,0,46239.925,28,2013,58,8.48,17.24
132957,Active,1434009,NA,NA,S,1,0,7210.375,27.99,2015,42,12.31,14.54
132958,Active,1970114,NA,NA,S,1,0,17760.55,25,2015,69,5.14,5.18
132959,Active,638326,NA,NA,S,1,0,724738.0338,41.95,2000,44,16.85,36.68
132960,Active,2015568,NA,NA,S,0,0,56234.825,24.95,2012,13,12.82,17.35
132961,Active,733649,NA,NA,S,1,0,172449.5,24.95,2007,26,10.22,97.91
132962,Active,1627397,NA,NA,S,0,0,74922.9,29.95,2010,77,18.99,24.61
132963,Active,923947,NA,NA,S,0,0,32885.98625,10,2008,294,4,0
132964,Active,2120532,NA,NA,S,0,0,486897.4,50,2007,29,43.99,133.89
132965,Active,658155,NA,NA,S,2,1,156064.4588,36.95,2012,41,30.99,31.24
132966,Active,1969791,NA,NA,S,1,0,57371.175,26,2014,39,4,4.19
132967,Active,1694835,NA,NA,S,1,0,153379.475,25,2012,51,4,7.97
132968,Active,616037,NA,NA,S,1,0,54644.425,54.99,2009,46,7.7,26.99
132969,Active,2776452,NA,NA,S,5,1,671114.1075,23.95,1996,31,6.24,20.96
132970,Active,1494938,NA,NA,S,0,0,197902.5,26.95,2011,57,4,5.91
132971,Active,870898,NA,NA,S,0,0,4083.7425,16,2010,60,8.78,9.33
132972,Active,1694974,NA,NA,S,0,0,6657.725,22,2010,34,12.18,13.09
132973,Active,672653,NA,NA,S,0,0,238.195,11.95,1991,1092,4,6.48
132974,Active,2030709,NA,NA,S,1,0,64045.475,60,2012,27,34.92,37.82
132975,Active,2165718,NA,NA,S,1,0,1152.65,26.95,2014,35,10.84,16.04
132976,Active,681418,NA,NA,S,2,1,30991.6,24.95,2011,20,12.95,13.84
132977,Active,1534889,NA,NA,S,1,0,94850.45,27.95,2014,55,5.91,12.6
132978,Active,426157,NA,NA,S,0,0,464490.2325,50,1999,57,4,23.02
132979,Active,683971,NA,NA,S,3,1,146171.925,24.99,2009,15,22.92,22.12
132980,Active,509647,NA,NA,S,0,0,69076.08,85,2001,65,11.75,55.99
132981,Active,476682,NA,NA,S,0,0,6243.75,21.95,2011,47,7.26,12.19
132982,Active,2928483,NA,NA,S,0,0,228987.3,20.84,2015,10,22.86,20.84
132983,Active,502040,NA,NA,S,1,0,718442.9963,93.97,2001,25,11.82,28.99
132984,Active,3733927,NA,NA,S,1,0,238580.725,49.95,2015,15,34.23,33.94
132985,Active,594242,NA,NA,S,1,0,704489.7588,39.95,2011,34,36.73,35.89
132986,Active,443579,NA,NA,S,0,0,323370.1488,36.95,2004,48,13.51,27.85
132987,Active,915334,NA,NA,S,0,0,98685.64875,46,2012,20,28.54,35.68
132988,Active,509625,NA,NA,S,0,0,148570.425,31.99,2004,42,6.89,27.33
132989,Active,542077,NA,NA,S,3,1,30822.1275,109.75,2013,59,45.99,79.95
132990,Active,3582481,NA,NA,S,0,0,611514.75,29.95,2008,50,21.3,29.95
132991,Active,426211,NA,NA,S,1,0,602079.7788,44.95,2005,32,9.91,35.95
132992,Active,690457,NA,NA,S,1,0,59498.15,27.95,2012,17,19.51,23.48
132993,Active,1759535,NA,NA,S,0,0,91051.625,38.99,2012,19,13.4,32.56
132994,Active,827337,NA,NA,S,1,0,852279.7788,42,1996,55,4,4.68
132995,Active,533545,NA,NA,S,9,1,17527.71875,244.25,2012,64,34.14,73.99
132996,Active,867573,NA,NA,S,2,1,481532.2288,34,2013,35,4.88,28.25
132997,Active,2271506,NA,NA,S,6,1,420290.05,195.42,1900,27,24.84,115.36
132998,Active,420894,NA,NA,S,1,0,344731.35,45.6,2007,52,4,12.99
132999,Active,420895,NA,NA,S,1,0,356197.0825,44.2,2007,45,4,6.49
133000,Active,1785474,NA,NA,S,0,0,129090.675,23,2015,14,18.61,18.61
133001,Active,913799,NA,NA,S,3,1,118582.3375,185,2014,75,44.19,101.88
133002,Active,2092130,NA,NA,S,0,0,36874.3,21.95,2011,39,7.4,13.89
133003,Active,676917,NA,NA,S,1,0,30810.625,21.95,2009,60,5.26,15.83
133004,Active,2044134,NA,NA,S,0,0,28193.825,21.95,2009,45,7.61,14.99
133005,Active,684220,NA,NA,S,0,0,28148,21.95,2012,22,15.48,16.17
133006,Active,686729,NA,NA,S,3,1,69253.775,27.95,2011,21,13.99,26.55
133007,Active,2105219,NA,NA,S,0,0,22291.3,30,2015,32,13.62,11.98
133008,Active,3531152,NA,NA,S,0,0,2019.875,38.97,2014,31,18.99,19.85
133009,Active,3831418,NA,NA,S,0,0,564440.7,49.95,2011,61,4.98,22
133010,Active,3531136,NA,NA,S,0,0,64451.175,40,2013,49,5.11,18.17
133011,Active,1815390,NA,NA,S,1,0,66298.475,27.99,2015,23,16.38,19.67
133012,Active,1626191,NA,NA,S,0,0,151328.75,35,2015,9,21.47,32.54
133013,Active,2093617,NA,NA,S,0,0,12491.95,29,2014,18,18.97,19.87
133014,Active,2314560,NA,NA,S,2,1,366205.995,36.95,1990,24,10.24,86.21
133015,Active,2075408,NA,NA,S,1,0,99864.6,25.95,2010,48,4,13.98
133016,Active,3803438,NA,NA,S,0,0,132877.6,65,2012,30,12.02,38.99
133017,Active,2046742,NA,NA,S,0,0,49593.175,29.95,2012,63,8.6,13.42
133018,Active,679249,NA,NA,S,1,0,132864.975,25.95,2011,69,7.47,9.38
133019,Active,157470,NA,NA,S,1,0,592175.5713,19.95,2007,29,6.48,13.86
133020,Active,676592,NA,NA,S,0,0,141906.2963,29,1982,37,8.55,18.23
133021,Active,268611,NA,NA,S,1,0,100644.875,29.95,2011,68,4,9.9
133022,Active,175349,NA,NA,S,0,0,600555.9775,39.99,2002,30,18.75,36.13
133023,Active,426164,NA,NA,S,0,0,477204.1963,41.95,2000,58,5.52,20.49
133024,Active,186631,NA,NA,S,0,0,49703.925,27,2011,17,19.25,20.48
133025,Active,533350,NA,NA,S,0,0,512502.45,12.96,1981,42,4,12.19
133026,Active,914421,NA,NA,S,0,0,773602.8938,23.95,2007,20,9.04,22.1
133027,Active,620416,NA,NA,S,0,0,278004.6463,45.33,1995,54,4.05,30.52
133028,Active,2054477,NA,NA,S,1,0,112294.325,34.95,2014,12,30.59,31.24
133029,Active,682814,NA,NA,S,2,1,39659.8,29.95,2011,23,18.63,18.73
133030,Active,1895974,NA,NA,S,0,0,607489.7163,24.49,2014,14,22.6,26.87
133031,Active,3118428,NA,NA,S,0,0,96875.80375,5.99,1997,161,4,3.95
133032,Active,287072,NA,NA,S,0,0,340855.4738,29.95,2005,39,4.75,14.49
133033,Active,626361,NA,NA,S,1,0,79595.375,23.99,2008,41,6.5,19.22
133034,Active,623808,NA,NA,S,0,0,32381.8,50,2012,29,17.63,28.99
133035,Active,2713236,NA,NA,S,0,0,482370.2463,42.34,2000,47,4.83,38.99
133036,Active,681002,NA,NA,S,1,0,88633.2,29.95,2011,38,9.59,14
133037,Active,3122451,NA,NA,S,0,0,172781.8025,49.95,1998,95,4.75,28.97
133038,Active,2110816,NA,NA,S,0,0,244259.1075,18.99,2014,15,14.75,14.66
133039,Active,722060,NA,NA,S,0,0,358719.1088,45,1998,40,4,45.3
133040,Active,1465521,NA,NA,S,0,0,201953.325,24.95,2009,8,13.55,13.55
133041,Active,1654022,NA,NA,S,0,0,93875.525,35,2013,51,16.19,23.45
133042,Active,647253,NA,NA,S,0,0,54586.95,35,2011,31,18.01,22.34
133043,Active,633296,NA,NA,S,0,0,47662.35,35,2009,20,24.39,24.18
133044,Active,2098139,NA,NA,S,0,0,42693.425,22.95,2013,14,15.35,9.88
133045,Active,2143205,NA,NA,S,0,0,64853.75,29.95,2014,9,30.78,23.56
133046,Active,682547,NA,NA,S,1,0,1119.6,27.99,2013,37,15.32,17.06
133047,Active,733391,NA,NA,S,1,0,27029.15,26.99,2007,36,10.99,17.35
133048,Active,2070671,NA,NA,S,0,0,114839.1,27.99,2010,29,9.73,42.79
133049,Active,1463170,NA,NA,S,0,0,829310.43,41.95,2014,16,9.98,38.14
133050,Active,1627718,NA,NA,S,0,0,123926.4,21.95,2013,12,13.79,17.08
133051,Active,1786264,NA,NA,S,2,1,348135.4238,43.95,2015,35,19.67,37.05
133052,Active,1966779,NA,NA,S,0,0,80380.075,40,2014,13,24.53,27.28
133053,Active,1670334,NA,NA,S,1,0,133586.15,22.99,2012,29,5.2,13.02
133054,Active,2096803,NA,NA,S,0,0,14432.25,27.5,2015,15,19.42,18.83
133055,Active,622798,NA,NA,S,0,0,437477.4088,38.95,2003,49,4.6,0
133056,Active,2166766,NA,NA,S,1,0,50140.45,34.95,2013,12,21.78,23.36
133057,Active,669241,NA,NA,S,0,0,51903.225,36,2009,17,26,24.09
133058,Active,1712793,NA,NA,S,1,0,46886.475,24.95,2013,29,12.21,18.29
133059,Active,572658,NA,NA,S,0,0,107293.5,29.99,2008,16,19.95,22.39
133060,Active,157512,NA,NA,S,1,0,613959.1825,45.95,2003,21,18.94,40.21
133061,Active,555189,NA,NA,S,1,0,341539.15,49.95,1981,49,4,42.68
133062,Active,2511881,NA,NA,S,0,0,675209.5963,25,1991,60,4,17.88
133063,Active,2051656,NA,NA,S,0,0,52060.575,27.95,2012,18,13.74,16.38
133064,Active,2007944,NA,NA,S,0,0,228455.675,0,2012,15,11.59,28.83
133065,Active,2043789,NA,NA,S,0,0,26306.8,25,2013,18,15.79,16.64
133066,Active,543229,NA,NA,S,4,1,248992.42,45,2012,35,19.38,33.87
133067,Active,217338,NA,NA,S,2,1,17813.0975,72,2011,75,24.99,48.51
133068,Active,2103342,NA,NA,S,2,1,79374.8,31,2014,8,21.99,26.24
133069,Active,2599175,NA,NA,S,0,0,514011.84,54.99,1992,28,4.62,42.98
133070,Active,3741590,NA,NA,S,0,0,31548.35,64.99,2013,52,26.72,37.49
133071,Active,3522751,NA,NA,S,30,1,490395.15,5.95,2001,237,3.98,6.63
133072,Active,2539167,NA,NA,S,2,1,862416.1488,43.95,2001,25,14.09,37.83
133073,Active,567088,NA,NA,S,0,0,62858.08,17.95,1987,76,7.36,11.08
133074,Active,1534696,NA,NA,S,1,0,138450.1,23.95,2011,44,5.72,21.99
133075,Active,639784,NA,NA,S,1,0,116904.6,23,2012,17,21.32,22.44
133076,Active,224430,NA,NA,S,6,1,284083.1613,111.95,2003,54,4,17.55
133077,Active,846898,NA,NA,S,5,1,497407.1013,61.16,1994,23,4.28,56.19
133078,Active,1724589,NA,NA,S,0,0,112136.8,50,2015,18,20.15,19.98
133079,Active,1627652,NA,NA,S,0,0,101559.4,27.95,2012,15,11.26,14.97
133080,Active,140942,NA,NA,S,1,0,489910.695,24.95,1995,32,7.57,76.42
133081,Active,3800380,NA,NA,S,0,0,63945.35,39.98,2012,29,4,5.99
133082,Active,655268,NA,NA,S,0,0,107648.175,45,2013,18,25.01,26.33
133083,Active,683435,NA,NA,S,1,0,117550.85,24.95,2008,30,10.45,19.39
133084,Active,250904,NA,NA,S,1,0,6483.95,32,2011,66,15.69,21.32
133085,Active,1490739,NA,NA,S,1,0,39579.675,21.95,2014,6,18.63,18.15
133086,Active,2103073,NA,NA,S,0,0,52516.05,30,2014,18,19.33,20.33
133087,Active,613153,NA,NA,S,1,0,66056.35875,34.95,2003,219,4,6.98
133088,Active,529327,NA,NA,S,2,1,54634.875,29.95,2012,22,16.31,20.33
133089,Active,911130,NA,NA,S,0,0,412527.4125,44.99,2009,20,15.22,38.9
133090,Active,2016073,NA,NA,S,0,0,81162.675,28.95,2013,9,16.94,16.24
133091,Active,701352,NA,NA,S,1,0,74564.075,34,2007,30,7.68,28.92
133092,Active,2091111,NA,NA,S,2,1,148514.4,24.95,2013,14,17.49,18.19
133093,Active,1436067,NA,NA,S,1,0,98793.375,22,2009,14,11.82,15.04
133094,Active,688013,NA,NA,S,0,0,110062.625,24.95,2012,20,24.99,24.95
133095,Active,1815050,NA,NA,S,41,1,13822.575,24.99,2014,24,12,13.94
133096,Active,253664,NA,NA,S,1,0,116033.4,29.95,2010,27,8.53,20.99
133097,Active,859959,NA,NA,S,1,0,18599.325,21.95,2009,17,14.96,15.68
133098,Active,1433031,NA,NA,S,0,0,93354.5,35,2013,24,13.97,15.95
133099,Active,2768735,NA,NA,S,0,0,71524.41375,20,1987,70,4.48,8.74
133100,Active,3634712,NA,NA,S,1,0,91021.975,60,2016,11,38.09,38.13
133101,Active,539819,NA,NA,S,1,0,482304.6575,37.95,2012,24,30.52,33.07
133102,Active,127105,NA,NA,S,0,0,312181.815,39.95,2006,31,5.92,33.56
133103,Active,722688,NA,NA,S,1,0,746355.4488,39.99,2006,51,5.98,7.77
133104,Active,676730,NA,NA,S,0,0,54470.8,28,2013,41,4,4.74
133105,Active,753894,NA,NA,S,1,0,77187.425,50,2010,21,13.44,20.32
133106,Active,1753141,NA,NA,S,1,0,230877.575,25,2013,16,18.29,22.99
133107,Active,2160903,NA,NA,S,0,0,207985.5,28.95,2009,13,20.84,21.22
133108,Active,680462,NA,NA,S,1,0,580849.1763,26,2000,21,11.94,11.99
133109,Active,1626175,NA,NA,S,0,0,155070.825,39.95,2014,20,29.86,29.9
133110,Active,1753411,NA,NA,S,0,0,149270.7363,15.95,2010,16,11.6,15.95
133111,Active,919111,NA,NA,S,7,1,29696,16.98,2003,44,0,0
133112,Active,2140815,NA,NA,S,0,0,142681.7,29.95,2011,12,17.11,22.81
133113,Active,500174,NA,NA,S,1,0,234004.4,21.99,2010,43,4,16.7
133114,Active,2082193,NA,NA,S,0,0,85262.075,27.99,2013,21,8.18,15.09
133115,Active,624004,NA,NA,S,0,0,531691.0875,47.95,1996,50,6.81,29.89
133116,Active,1712580,NA,NA,S,0,0,145965.125,34.95,2011,22,19.76,21.49
133117,Active,2043791,NA,NA,S,0,0,8542.95,25,2013,16,18.8,17.2
133118,Active,229657,NA,NA,S,2,1,289589.475,30,2007,15,24.99,30
133119,Active,1587007,NA,NA,S,0,0,356615.5113,49.99,2006,24,14.94,43.81
133120,Active,465701,NA,NA,S,0,0,394387.6425,41.95,2012,15,14.96,24.97
133121,Active,1780112,NA,NA,S,1,0,37180.15,25,2014,23,15.75,16.37
133122,Active,697221,NA,NA,S,1,0,52927.5,45,2008,28,15.23,27.64
133123,Active,430254,NA,NA,S,0,0,811163.5613,53,2008,32,4.76,43.29
133124,Active,1437569,NA,NA,S,1,0,158088.3,25,2015,14,12.31,17.16
133125,Active,1535735,NA,NA,S,1,0,104808.225,35,2014,13,27.36,28.98
133126,Active,635062,NA,NA,S,0,0,360062.3888,45,2010,44,5.3,40.94
133127,Active,161164,NA,NA,S,1,0,7268.51625,12.99,2010,63,7.44,7.55
133128,Active,540953,NA,NA,S,3,1,452556.76,77.99,2012,30,18.13,52.79
133129,Active,3591794,NA,NA,S,0,0,30698.25,24.95,2015,14,23.72,22.46
133130,Active,701763,NA,NA,S,6,1,81410.725,29.95,2010,21,19.96,19.02
133131,Active,246557,NA,NA,S,1,0,567339.0738,42.95,2007,50,8.61,16.98
133132,Active,1433812,NA,NA,S,0,0,11465.875,24.99,2015,20,14.95,14.87
133133,Active,555211,NA,NA,S,0,0,468007.46,49.95,1986,51,4,36.98
133134,Active,2914955,NA,NA,S,0,0,55450.425,24.95,2015,19,22.91,22.95
133135,Active,905430,NA,NA,S,0,0,122332.9,21.95,2012,15,24.28,20.15
133136,Active,679621,NA,NA,S,0,0,82523.7,25.95,2008,24,16.57,25.15
133137,Active,1627602,NA,NA,S,0,0,343146.78,41.95,2012,19,18.1,18.09
133138,Active,1690782,NA,NA,S,0,0,232666.125,22,2011,13,15.1,17.41
133139,Active,2121420,NA,NA,S,1,0,127868.275,34.95,2009,28,11.91,14.97
133140,Active,546969,NA,NA,S,2,1,183337.65,29.95,2012,13,20.96,19.58
133141,Active,919900,NA,NA,S,2,1,523680.18,9.95,1993,66,4.88,28.94
133142,Active,528887,NA,NA,S,3,1,417186.6125,24.99,2010,34,4.22,0
133143,Active,141796,NA,NA,S,5,1,345427.0388,121.57,2009,27,37.92,69.74
133144,Active,752211,NA,NA,S,1,0,73468,24.95,2009,63,5.83,12.16
133145,Active,3753989,NA,NA,S,0,0,59741.4,21,2015,30,6.97,9.23
133146,Active,1523692,NA,NA,S,0,0,134722.325,26,2013,36,7.24,12.98
133147,Active,3497897,NA,NA,S,1,0,48094.8,27,2010,51,7.45,22.95
133148,Active,1624800,NA,NA,S,2,1,102341.025,27.95,2014,53,8.02,10.98
133149,Active,1833147,NA,NA,S,0,0,38288.3,29.99,2014,16,20.87,20.86
133150,Active,1758937,NA,NA,S,1,0,5259.725,22.95,2013,19,12.44,12.39
133151,Active,3830077,NA,NA,S,4,1,443719.25,54,2015,40,38.49,43.98
133152,Active,2439978,NA,NA,S,0,0,583002.7738,55,2003,35,6.34,2.58
133153,Active,1835710,NA,NA,S,2,1,62967.475,24.99,2009,12,11.47,19.01
133154,Active,2498194,NA,NA,S,0,0,35420.36875,6.99,1999,52,4,4.76
133155,Active,3749642,NA,NA,S,0,0,126170.625,30,2014,41,6.67,12.61
133156,Active,903824,NA,NA,S,0,0,105855.675,21.95,2014,20,13.74,17.71
133157,Active,717533,NA,NA,S,11,1,819477.1288,74.95,1999,34,3.99,10.98
133158,Active,2273972,NA,NA,S,16,1,358081.6,182.43,1900,34,43.33,141.24
133159,Active,2408599,NA,NA,S,1,0,824256.66,74,2001,37,5.34,29.94
133160,Active,123546,NA,NA,S,7,1,38835.825,21,2008,33,12.48,13.99
133161,Active,673956,NA,NA,S,4,1,34938.5,25,2014,23,8.78,14.84
133162,Active,673716,NA,NA,S,3,1,17201.75,34.99,2014,30,19.49,29.4
133163,Active,2649579,NA,NA,S,1,0,552842.635,58.95,2003,29,8.63,40.32
133164,Active,2649210,NA,NA,S,1,0,573424.7825,57.95,2002,30,10.31,35.27
133165,Active,900721,NA,NA,S,3,1,175714.115,29.95,2014,17,22.96,22.97
133166,Active,767275,NA,NA,S,0,0,4810.025,22,2010,46,11.12,14.8
133167,Active,3531665,NA,NA,S,0,0,86472.3,30,2014,25,9.95,11.48
133168,Active,223551,NA,NA,S,0,0,179284.025,25,2011,24,8.95,18.57
133169,Active,3741595,NA,NA,S,0,0,86286.825,23.99,2013,22,17.78,15.53
133170,Active,2130686,NA,NA,S,0,0,115644.975,26.95,2015,14,13.74,14.75
133171,Active,2021264,NA,NA,S,0,0,11531.7,25,2011,23,14.92,16.67
133172,Active,1743655,NA,NA,S,2,1,55830.925,34.95,2014,12,24.56,24.25
133173,Active,2384960,NA,NA,S,0,0,520717.8088,61.77,1975,29,4,48.94
133174,Active,3794062,NA,NA,S,0,0,30006.525,35,2011,31,17.92,19.67
133175,Active,3493808,NA,NA,S,0,0,26304.95,45,2015,16,31.97,29.99
133176,Active,1924591,NA,NA,S,0,0,26882.75,22,2014,21,13.69,15.91
133177,Active,1498622,NA,NA,S,0,0,33603.575,36.99,2013,14,24.06,22.67
133178,Active,1498913,NA,NA,S,0,0,50024.925,39.99,2012,10,23.39,26.39
133179,Active,2043807,NA,NA,S,0,0,71422.05,24.99,2014,20,16.38,11.98
133180,Active,626209,NA,NA,S,1,0,6727.2,35,2011,26,21.05,26.03
133181,Active,1688389,NA,NA,S,16,1,338001.0613,14.99,2015,13,6.3,7.42
133182,Active,1688390,NA,NA,S,16,1,356136.6538,14.99,2015,11,12.06,7.42
133183,Active,3572173,NA,NA,S,0,0,11350,14.99,2016,10,15.36,11.83
133184,Active,3572174,NA,NA,S,0,0,8701,14.99,2016,10,13.78,11.4
133185,Active,682874,NA,NA,S,0,0,115978.45,22.95,2009,19,15.49,17.37
133186,Active,1627827,NA,NA,S,0,0,178252,22.95,2014,18,16.74,16.97
133187,Active,568930,NA,NA,S,0,0,865670.415,44.99,2007,23,15.21,34.82
133188,Active,1532713,NA,NA,S,0,0,86007.225,25.95,2015,33,10.58,10.94
133189,Active,802648,NA,NA,S,2,1,497326.4738,29.99,2008,28,4,11.48
133190,Active,2136589,NA,NA,S,2,1,137220.6,24.95,2015,14,19.11,17.47
133191,Active,1688314,NA,NA,S,0,0,139426.475,35,2011,37,14.61,23.72
133192,Active,1833173,NA,NA,S,52,1,12815.175,24.99,2014,21,15,13.98
133193,Active,2015102,NA,NA,S,1,0,51970.325,49.95,2008,30,24.92,36.97
133194,Active,2127328,NA,NA,S,0,0,117792.25,32.82,2007,17,28.99,27.5
133195,Active,2060063,NA,NA,S,1,0,69867.15,24.99,2010,67,5.68,7.03
133196,Active,2032676,NA,NA,S,0,0,76092.575,22.95,2009,17,14.62,15.46
133197,Active,3744136,NA,NA,S,1,0,93365.15,24.95,2011,43,10.24,18.89
133198,Active,1484746,NA,NA,S,0,0,237631.0375,27,2012,32,9.05,25.82
133199,Active,691188,NA,NA,S,0,0,38720.675,27,2012,15,17.67,21.24
133200,Active,907894,NA,NA,S,0,0,142766.225,23,2014,18,13.67,13.67
133201,Active,2027027,NA,NA,S,0,0,32628.525,50,2012,24,22.43,32.32
133202,Active,2276971,NA,NA,S,2,1,31725.7,0,2013,0,0,9.48
133203,Active,2079613,NA,NA,S,1,0,32937.9,30,2012,31,15.97,19.03
133204,Active,672219,NA,NA,S,0,0,7643.225,23,2009,47,12.49,17.08
133205,Active,2078764,NA,NA,S,3,1,66624.705,29.99,2014,21,20.24,20.25
133206,Active,2043221,NA,NA,S,0,0,24652.65,21.99,2007,65,6.25,10.6
133207,Active,2165559,NA,NA,S,0,0,199213.425,29.95,2014,20,4,6.99
133208,Active,1982505,NA,NA,S,0,0,148081.15,80,2015,16,55.64,56.44
133209,Active,777972,NA,NA,S,0,0,3310.375,48,2011,23,22.82,28.55
133210,Active,1599340,NA,NA,S,0,0,230945.75,22.99,2010,16,15.96,16.47
133211,Active,683666,NA,NA,S,1,0,175858.575,27.95,2011,33,10.49,20.52
133212,Active,3814283,NA,NA,S,0,0,158109.325,50,2015,18,30.12,28.74
133213,Active,3815906,NA,NA,S,0,0,67576.375,57.95,2016,12,40.72,37.65
133214,Active,1703978,NA,NA,S,0,0,75373.875,24.95,2014,10,18.39,18.51
133215,Active,1871937,NA,NA,S,0,0,1254.975,26.99,2013,19,16.44,16.45
133216,Active,1706592,NA,NA,S,0,0,69888,24.95,2010,47,10.03,17.61
133217,Active,624370,NA,NA,S,3,1,772.8,34.95,2009,42,23.96,20.25
133218,Active,630112,NA,NA,S,3,1,1949.45,34.95,2009,23,25.1,18.43
133219,Active,1733889,NA,NA,S,0,0,56926.975,29.99,2010,19,24.76,33.98
133220,Active,641996,NA,NA,S,1,0,57523.325,35,2013,70,4.94,10.15
133221,Active,3471964,NA,NA,S,2,1,552566.6,48.4,2001,20,10.37,43.99
133222,Active,3746053,NA,NA,S,0,0,44491.65,26,2016,26,11.01,15.42
133223,Active,3503680,NA,NA,S,1,0,39493.075,26,2015,54,7.55,14.76
133224,Active,747107,NA,NA,S,0,0,76883.31625,15.95,2007,83,5.43,11.75
133225,Active,1433605,NA,NA,S,0,0,24481.575,25.99,2015,38,11.72,15.76
133226,Active,2072054,NA,NA,S,2,1,124003.375,24.95,2013,18,18.26,16.78
133227,Active,652800,NA,NA,S,0,0,48260.725,31.95,2010,13,27.49,24.57
133228,Active,3960059,NA,NA,S,0,0,7140.725,35,2015,18,20.16,20.38
133229,Active,639742,NA,NA,S,1,0,11745.225,35,2013,30,16.93,19.44
133230,Active,676162,NA,NA,S,1,0,10771.45,24.95,2012,19,19.64,19.67
133231,Active,675572,NA,NA,S,1,0,60308.85,24.95,2013,23,13.44,17.35
133232,Active,1498428,NA,NA,S,0,0,25398.475,21.99,2011,30,12.98,13.99
133233,Active,2039857,NA,NA,S,1,0,74750.725,24,2013,22,5.98,17.12
133234,Active,1697564,NA,NA,S,1,0,123092.9,24.95,2011,14,18.89,19.31
133235,Active,486577,NA,NA,S,1,0,49898.375,34.95,2010,18,16,19.37
133236,Active,807736,NA,NA,S,5,1,55698.875,29.99,2008,28,15.62,15.98
133237,Active,1652857,NA,NA,S,0,0,29920.7,24.99,2010,30,10.29,17.84
133238,Active,649929,NA,NA,S,3,1,16553.5,34.99,2011,15,21.28,22.7
133239,Active,1866775,NA,NA,S,0,0,23283.15,24.95,2013,36,16.74,16.74
133240,Active,1561451,NA,NA,S,1,0,89325.45,26.95,2014,29,4.39,10.32
133241,Active,3744078,NA,NA,S,1,0,165720.925,25,2012,40,4,8.23
133242,Active,2089233,NA,NA,S,1,0,55961.45,23.95,2012,41,6.87,10.65
133243,Active,2155923,NA,NA,S,0,0,28868.225,8.65,2009,92,4,11.04
133244,Active,1680216,NA,NA,S,0,0,48807.2,32.5,2014,21,19.76,19.77
133245,Active,680608,NA,NA,S,0,0,7333.975,29.99,2011,26,14.47,18.29
133246,Active,2105506,NA,NA,S,0,0,135523.35,54.99,2014,13,30.3,30.29
133247,Active,1564486,NA,NA,S,0,0,16649.4,22.99,2013,16,18.86,17.05
133248,Active,1496112,NA,NA,S,0,0,72366.425,30,2011,23,18.99,19.53
133249,Active,1495255,NA,NA,S,0,0,51637.8,30,2007,48,9.99,11.94
133250,Active,3565756,NA,NA,S,0,0,82222.55,40,2011,57,9.66,18.64
133251,Active,687277,NA,NA,S,0,0,110.25,29.99,2013,24,18.24,19.11
133252,Active,1929332,NA,NA,S,0,0,17375.8,24.99,2014,14,15.61,16.85
133253,Active,2067967,NA,NA,S,0,0,25061.65,24.95,2014,23,11.45,15.83
133254,Active,679012,NA,NA,S,0,0,31475.025,24.95,2009,41,6.97,14.47
133255,Active,2046783,NA,NA,S,1,0,99242.05,27.95,2014,22,17.22,17.23
133256,Active,2088291,NA,NA,S,0,0,24881.925,24.95,2014,19,13.7,15.24
133257,Active,664313,NA,NA,S,1,0,10624.325,34,2013,17,24.96,24.74
133258,Active,894918,NA,NA,S,0,0,41938.40375,45,2013,23,23.54,25.67
133259,Active,1488485,NA,NA,S,0,0,90540.1,27,2014,11,21.85,21.58
133260,Active,2517918,NA,NA,S,3,1,371138.74,7.95,1988,18,26.76,86.99
133261,Active,1815238,NA,NA,S,0,0,215034.9,26.99,2015,20,10.96,16.29
133262,Active,1536500,NA,NA,S,0,0,55767.5,26.95,2015,33,13.27,16.98
133263,Active,1494881,NA,NA,S,1,0,42047.2,32,2012,56,10.94,18.94
133264,Active,1638727,NA,NA,S,1,0,123855.55,30,2014,36,9.78,13.99
133265,Active,2132471,NA,NA,S,0,0,490223.6913,28,2012,23,24.19,28
133266,Active,900520,NA,NA,S,0,0,141488.055,50,2014,20,7.37,30.87
133267,Active,536163,NA,NA,S,0,0,19236.8375,8.99,2011,106,4,6.1
133268,Active,1830508,NA,NA,S,0,0,8786.85,29.95,2009,68,8,13.99
133269,Active,805944,NA,NA,S,0,0,103368.325,45,2008,29,20.59,26.41
133270,Active,665268,NA,NA,S,0,0,9040.5,40,2012,30,20.04,23.32
133271,Active,1493321,NA,NA,S,0,0,147069.175,59.95,2015,8,38.99,40.53
133272,Active,859197,NA,NA,S,1,0,59153.285,15.95,2004,76,6.73,11.83
133273,Active,1918573,NA,NA,S,0,0,47409.075,49.99,2015,16,30.58,30.59
133274,Active,2043799,NA,NA,S,0,0,42520.075,40,2014,19,23.99,25.82
133275,Active,278067,NA,NA,S,1,0,17781.625,29.95,2007,21,16.76,19.52
133276,Active,540448,NA,NA,S,2,1,13079.865,104.25,2012,48,42.79,65.19
133277,Active,2041261,NA,NA,S,0,0,17235.61875,18.95,2010,46,9.11,14.53
133278,Active,1972356,NA,NA,S,0,0,95752.6175,14.95,2014,32,5.12,7.99
133279,Active,287066,NA,NA,S,0,0,855585.2113,40,2007,39,17.93,32.99
133280,Active,768638,NA,NA,S,0,0,38565.4,0,1900,4,6.95,0
133281,Active,2637943,NA,NA,S,0,0,32150.1,18.98,1900,0,0,9.68
133282,Active,182631,NA,NA,S,0,0,135935.95,115.4,2001,78,5.98,38.48
133283,Active,880001,NA,NA,S,9,1,707924.41,503.98,2010,14,12.74,25.94
133284,Active,2025165,NA,NA,S,0,0,130394.1,40,2012,13,31.9,26.01
133285,Active,223546,NA,NA,S,0,0,81429.325,22,2011,31,9.01,15.98
133286,Active,1522625,NA,NA,S,2,1,247720.475,23.95,2008,16,7.04,9.64
133287,Active,683420,NA,NA,S,1,0,145090.675,27.95,2009,24,19.44,24.9
133288,Active,2596342,NA,NA,S,0,0,235702.535,74.99,1990,25,13.99,49.97
133289,Active,1778218,NA,NA,S,1,0,124366.1,22.95,2012,29,12.67,15.88
133290,Active,1869270,NA,NA,S,0,0,127905.325,29.95,2014,14,21.49,21.49
133291,Active,3558807,NA,NA,S,0,0,74797.75,39.95,2015,20,20.58,25.6
133292,Active,635787,NA,NA,S,2,1,393379.5325,55,1999,23,8.54,38.96
133293,Active,1500374,NA,NA,S,0,0,146103.625,21.99,2010,25,6.24,8.04
133294,Active,913952,NA,NA,S,0,0,606068.3413,40,2005,26,12.94,12.94
133295,Active,680395,NA,NA,S,1,0,94416.3,25.99,2013,36,9.91,16.94
133296,Active,2046770,NA,NA,S,1,0,76225.2,27.95,2015,64,4.32,9.98
133297,Active,791005,NA,NA,S,1,0,31871.3,25,2008,43,9.87,29.41
133298,Active,1536330,NA,NA,S,1,0,82493.9,35,2013,31,10.96,15.69
133299,Active,293392,NA,NA,S,1,0,156552.475,30,2007,21,16.98,63.87
133300,Active,1565961,NA,NA,S,1,0,116231.025,32,2014,38,11.08,19.72
133301,Active,3509295,NA,NA,S,1,0,178697.45,26,2010,36,16.97,97.71
133302,Active,757282,NA,NA,S,0,0,621142.575,27,1997,36,4,17.69
133303,Active,3531053,NA,NA,S,1,0,364256.3,18.99,2010,27,64.94,85.05
133304,Active,719917,NA,NA,S,1,0,792576.9075,35,2009,77,4,9.93
133305,Active,797233,NA,NA,S,0,0,62489.175,21.95,2008,68,4.36,12.89
133306,Active,1566004,NA,NA,S,0,0,153175,26.99,2013,30,5.56,14.84
133307,Active,3724481,NA,NA,S,0,0,132711.925,30,2007,35,6.93,22.89
133308,Active,1646649,NA,NA,S,0,0,58106.825,24.99,2014,20,16.48,17.2
133309,Active,746907,NA,NA,S,0,0,156613.325,27.95,2012,28,6.41,7.99
133310,Active,3790551,NA,NA,S,0,0,38739.925,45,2016,12,30.86,25.63
133311,Active,536138,NA,NA,S,0,0,33972.675,21,2012,21,14.57,18.06
133312,Active,1964497,NA,NA,S,1,0,241310.1,34.95,2014,20,16.68,29.67
133313,Active,1697838,NA,NA,S,2,1,84358.73375,22.95,2013,34,16.74,19.67
133314,Active,1526997,NA,NA,S,1,0,100374.6,25,2014,69,4,9.96
133315,Active,1710840,NA,NA,S,0,0,224601.375,29,2014,20,11.59,20.62
133316,Active,616529,NA,NA,S,0,0,878309.5525,44,2012,40,4,18.99
133317,Active,798012,NA,NA,S,0,0,46479.3,39.99,2007,12,22.95,21.9
133318,Active,1506676,NA,NA,S,12,1,290611.2875,49,2014,31,19.07,48.98
133319,Active,672968,NA,NA,S,0,0,47427.25,23.99,2012,56,9.9,13.49
133320,Active,652407,NA,NA,S,5,1,91265.185,223,2013,65,18.24,83.97
133321,Active,612747,NA,NA,S,0,0,305957.11,24.95,2013,14,18.1,0
133322,Active,1565986,NA,NA,S,0,0,74732.6,29.99,2015,23,13.98,15.98
133323,Active,1477096,NA,NA,S,9,1,820749.5475,62.95,2014,15,6.59,2.85
133324,Active,689920,NA,NA,S,0,0,228741.525,25,2008,10,15.7,28.99
133325,Active,679321,NA,NA,S,0,0,16571.45,25,2007,20,10.49,13.53
133326,Active,687999,NA,NA,S,0,0,23854.9,24.95,2012,12,18.94,19.24
133327,Active,637881,NA,NA,S,2,1,836485.3863,89.95,2011,22,15.16,56.4
133328,Active,861037,NA,NA,S,0,0,38298.525,34.95,2012,12,23.95,24.01
133329,Active,637655,NA,NA,S,1,0,61907.075,40.6,2012,19,23.17,24.99
133330,Active,682319,NA,NA,S,1,0,44736.65,29.95,2010,46,9.06,17.09
133331,Active,865728,NA,NA,S,2,1,112393.25,27.95,2011,27,12.64,18.57
133332,Active,874049,NA,NA,S,1,0,136950.7,55,2010,17,21.74,28.99
133333,Active,2050944,NA,NA,S,5,1,70152.625,39.98,2013,6,23.99,26.13
133334,Active,865668,NA,NA,S,3,1,10895.675,22.95,2012,39,11.07,15.3
133335,Active,1569448,NA,NA,S,4,1,192591.505,22,2010,17,9.99,16.12
133336,Active,2043568,NA,NA,S,0,0,89911.75,27,2014,26,8.9,9.9
133337,Active,892868,NA,NA,S,0,0,89557.525,29.95,2014,19,13.63,22.47
133338,Active,1833101,NA,NA,S,1,0,29796.9475,29.99,2013,77,19.97,19.62
133339,Active,796217,NA,NA,S,2,1,48227.86125,16.99,2011,92,5.61,9.99
133340,Active,2048087,NA,NA,S,0,0,32247.55,24.95,2015,21,10.98,13.98
133341,Active,3799067,NA,NA,S,0,0,6719.45,29.95,2015,14,24.98,19.64
133342,Active,2101615,NA,NA,S,1,0,23110.375,27.99,2014,20,11.74,9.98
133343,Active,1981537,NA,NA,S,1,0,221489.4,55.95,2014,15,39.93,39.98
133344,Active,1781040,NA,NA,S,1,0,20040.3,35,2015,12,22.89,22.3
133345,Active,752590,NA,NA,S,1,0,126257.15,35,2010,14,18.9,18.99
133346,Active,140205,NA,NA,S,1,0,288.775,28,2011,54,13.49,14.38
133347,Active,1437206,NA,NA,S,1,0,66573.85,35,2012,26,15.99,20.45
133348,Active,1701516,NA,NA,S,0,0,54069.025,32.95,2012,15,30.99,31.94
133349,Active,2121466,NA,NA,S,0,0,200878.4,26.95,2012,18,14.82,19.24
133350,Active,1478562,NA,NA,S,1,0,482843.3575,19.95,2010,109,4.57,14.6
133351,Active,123970,NA,NA,S,8,1,645496.1038,73.95,2002,55,4,46.97
133352,Active,1630859,NA,NA,S,0,0,75300.275,49.95,2012,27,22.89,33.05
133353,Active,650028,NA,NA,S,0,0,105312.025,31.95,2010,15,23.98,26
133354,Active,2166713,NA,NA,S,1,0,15379.6,22.99,2014,21,12.88,12.99
133355,Active,133958,NA,NA,S,0,0,46977.625,25,2007,28,17.4,19.73
133356,Active,879599,NA,NA,S,7,1,501530.1288,106.93,2012,30,23.33,101.04
133357,Active,1962181,NA,NA,S,0,0,131644.425,109.59,2011,28,17.43,86.29
133358,Active,110102,NA,NA,S,1,0,60669.55,43.97,2010,56,11.44,39.95
133359,Active,867722,NA,NA,S,6,1,302921.9738,51,2014,35,10.24,16.99
133360,Active,2094386,NA,NA,S,1,0,47199.775,34.99,2013,25,14.98,19.99
133361,Active,637638,NA,NA,S,0,0,973.975,34.99,2013,31,18.92,22.48
133362,Active,3960140,NA,NA,S,0,0,45187.7,39.99,2016,12,26.94,26.95
133363,Active,1763036,NA,NA,S,0,0,60126.1,24.99,2015,16,17.48,18.08
133364,Active,3138557,NA,NA,S,0,0,306007.775,34.99,2004,32,6.68,18.99
133365,Active,3960026,NA,NA,S,0,0,4955.35,27.95,2016,24,13.1,16.74
133366,Active,3561567,NA,NA,S,0,0,108963.15,48,2008,22,27.24,34.79
133367,Active,2045193,NA,NA,S,1,0,23259.975,24.95,2012,21,16.44,17.83
133368,Active,2045201,NA,NA,S,1,0,38568.9,24.95,2013,19,8.94,12.87
133369,Active,3960181,NA,NA,S,1,0,62020.5,24.95,2015,23,13.06,16.15
133370,Active,1655714,NA,NA,S,0,0,11487.875,24.99,2012,53,7.38,15.83
133371,Active,2045172,NA,NA,S,1,0,93604.245,29.95,2010,144,4,8.27
133372,Active,2045227,NA,NA,S,1,0,4074.35,24.95,2014,14,17.3,16.43
133373,Active,2045207,NA,NA,S,1,0,60227.375,34.95,2013,19,18.99,22.91
133374,Active,664717,NA,NA,S,0,0,8202.85,30,2013,16,19.57,19.28
133375,Active,189857,NA,NA,S,1,0,887518.5138,42,2004,51,3.98,13.94
133376,Active,1563719,NA,NA,S,0,0,149415.175,23.99,2012,59,4,5.93
133377,Active,1695588,NA,NA,S,0,0,64900.95,55,2011,18,28.98,36.7
133378,Active,569285,NA,NA,S,1,0,129052.025,39.99,2011,50,5.98,10.63
133379,Active,1593403,NA,NA,S,0,0,139049.5,49.99,2014,23,25.79,34.54
133380,Active,543113,NA,NA,S,0,0,60153.4,48,2008,15,34.35,34.28
133381,Active,1695579,NA,NA,S,0,0,51948.9,62,2006,17,38.65,38.7
133382,Active,1484549,NA,NA,S,0,0,109922.25,21,2008,19,17.49,17.89
133383,Active,2028150,NA,NA,S,1,0,253381.575,68,2012,13,55.17,54.67
133384,Active,1778325,NA,NA,S,1,0,49722.425,29.95,2014,27,14.67,19.38
133385,Active,1561312,NA,NA,S,0,0,44077.975,26.95,2015,18,10.94,10.98
133386,Active,1969956,NA,NA,S,0,0,19785.25,27.95,2015,51,4.43,4.97
133387,Active,1969957,NA,NA,S,0,0,51713.5,24.95,2015,17,7.98,9.98
133388,Active,1626104,NA,NA,S,0,0,114582.175,25,2014,15,18.33,18.81
133389,Active,3730385,NA,NA,S,0,0,36038.95,50,2012,34,16.48,29.65
133390,Active,1866830,NA,NA,S,0,0,57055.15,50,2014,18,27.71,31.05
133391,Active,3730421,NA,NA,S,0,0,15739.2,50,2015,14,33.29,30.99
133392,Active,123194,NA,NA,S,0,0,65150.2025,13,2003,74,4.4,9.68
133393,Active,1720821,NA,NA,S,0,0,213357.275,28,2012,12,18.43,18.58
133394,Active,2509761,NA,NA,S,0,0,43577.53,14.95,1998,45,8.91,9.88
133395,Active,126307,NA,NA,S,2,1,436186.1513,34.99,2002,41,6.12,14.9
133396,Active,122608,NA,NA,S,0,0,53185.675,22,2008,25,13,15.98
133397,Active,1856921,NA,NA,S,0,0,17190.4,34.99,2014,13,29.98,27.32
133398,Active,1761531,NA,NA,S,0,0,88833.475,24.95,2014,19,18.71,24.95
133399,Active,1431779,NA,NA,S,0,0,168701.6,24.99,2009,23,13.03,18.14
133400,Active,1498977,NA,NA,S,0,0,187610.525,31.99,2015,12,21.4,20.19
133401,Active,859078,NA,NA,S,2,1,563358.5,138,2003,35,4.72,13.11
133402,Active,1767770,NA,NA,S,2,1,111878.7,34.99,2013,21,22.37,29.2
133403,Active,3960169,NA,NA,S,0,0,26174.45,26,2015,30,11.65,13.61
133404,Active,3831749,NA,NA,S,0,0,34610.425,75,2007,30,10.04,44.84
133405,Active,1943121,NA,NA,S,0,0,39271.625,26,2015,19,12.32,15.44
133406,Active,3731085,NA,NA,S,0,0,71634.325,21.99,2010,54,4.47,11.58
133407,Active,1477595,NA,NA,S,0,0,558023.0663,43.95,2011,17,16.4,43.9
133408,Active,2855482,NA,NA,S,0,0,416654.9275,12,1993,27,6.09,11.99
133409,Active,746644,NA,NA,S,1,0,95151.925,35,2008,32,6.87,22.99
133410,Active,2048735,NA,NA,S,1,0,72141.225,29.95,2014,55,7.45,8.48
133411,Active,3622742,NA,NA,S,0,0,47036.925,29.95,2008,28,22.99,23.03
133412,Active,614102,NA,NA,S,1,0,464601.2338,30,2004,85,4,9.39
133413,Active,1520238,NA,NA,S,0,0,12302.55,29.38,2013,13,26.11,26.13
133414,Active,1520277,NA,NA,S,0,0,21889.85,31.25,2014,18,12.09,15.89
133415,Active,620310,NA,NA,S,1,0,160772.55,163.95,2007,16,21.84,36.74
133416,Active,900889,NA,NA,S,2,1,77136.2025,152.95,2015,53,19.91,50.98
133417,Active,651172,NA,NA,S,0,0,487533.1088,36,1989,26,6.39,39.58
133418,Active,2251106,NA,NA,S,0,0,233657.075,20.48,2008,30,6.89,12.99
133419,Active,673998,NA,NA,S,0,0,168186.025,29,2011,43,3.98,7.45
133420,Active,3498112,NA,NA,S,0,0,676312.3,45,2011,64,4.99,16.52
133421,Active,679610,NA,NA,S,0,0,16979.025,24.95,2009,37,4.93,13.93
133422,Active,2057726,NA,NA,S,0,0,78271.125,24.95,2010,48,4.34,9.99
133423,Active,682876,NA,NA,S,0,0,36695.475,24.95,2009,22,14.62,16.62
133424,Active,163176,NA,NA,S,1,0,22143.7,24.95,2010,21,13.48,15.72
133425,Active,161938,NA,NA,S,0,0,894.375,24.95,2007,43,13.94,15.11
133426,Active,754697,NA,NA,S,1,0,119990.6,24.95,2010,24,12.95,15.83
133427,Active,1777920,NA,NA,S,1,0,93246.55,22.95,2012,20,16.9,17.15
133428,Active,682538,NA,NA,S,1,0,223846.775,22.95,2013,33,4,11.76
133429,Active,1780609,NA,NA,S,1,0,64789.725,24.95,2014,14,16.35,16.35
133430,Active,3620772,NA,NA,S,3,1,119016.025,30,2013,12,30.37,28.16
133431,Active,3960054,NA,NA,S,1,0,8615.275,24.99,2015,25,13.48,14.11
133432,Active,3815585,NA,NA,S,0,0,32506.225,22,2012,18,12.94,9.08
133433,Active,1777473,NA,NA,S,1,0,116902.9,24.95,2011,17,14.78,15.79
133434,Active,244290,NA,NA,S,1,0,23889.3,24.95,2011,29,16.48,16.74
133435,Active,1779424,NA,NA,S,1,0,129174.1,22.95,2014,21,8.23,15.77
133436,Active,536248,NA,NA,S,1,0,5327.1,24.95,2010,38,11.98,13.73
133437,Active,879754,NA,NA,S,9,1,13234.54375,101.2,2015,65,40.06,63.99
133438,Active,144398,NA,NA,S,5,1,888462.3663,50,2003,102,4,6.53
133439,Active,867178,NA,NA,S,8,1,121629.4138,54.93,2014,26,39.21,50.86
133440,Active,861766,NA,NA,S,21,1,795781.7963,19.95,2013,15,123.99,301.87
133441,Active,2012901,NA,NA,S,0,0,55832.15,25,2015,18,16.68,16.78
133442,Active,2106319,NA,NA,S,0,0,97860.25,24.95,2014,21,13.21,16.98
133443,Active,3803145,NA,NA,S,1,0,95905.55,26.95,2013,21,24.42,26.58
133444,Active,2054241,NA,NA,S,0,0,77724.9,75,2012,7,49.72,45.43
133445,Active,655221,NA,NA,S,1,0,15633.65,35,2013,50,11.77,18.86
133446,Active,867135,NA,NA,S,4,1,18742.1375,39.2,2014,53,19.84,28.99
133447,Active,1604696,NA,NA,S,0,0,5929.375,24.99,2013,38,5.93,8.98
133448,Active,767822,NA,NA,S,0,0,71147.1,35,2009,16,22.31,45.53
133449,Active,2274526,NA,NA,S,0,0,153364.925,42.95,2009,27,25.99,53.16
133450,Active,688609,NA,NA,S,1,0,113334.575,33.95,2010,17,29.66,26.49
133451,Active,862371,NA,NA,S,2,1,658.26,29.25,2014,113,18.4,20.88
133452,Active,1746379,NA,NA,S,2,1,94648.625,29.95,2008,53,4.34,13.98
133453,Active,639716,NA,NA,S,0,0,10273.275,34.99,2013,15,26.37,26.38
133454,Active,678732,NA,NA,S,1,0,65039.675,21.95,2010,17,12.3,16.73
133455,Active,2067982,NA,NA,S,1,0,19368.35,39.95,2014,21,18.57,26
133456,Active,865611,NA,NA,S,2,1,68378.3,37.95,2013,16,22.94,26.43
133457,Active,2022527,NA,NA,S,2,1,38583.55,24.95,2013,15,15.86,19.13
133458,Active,1768429,NA,NA,S,0,0,103859.15,34.99,2013,20,27.82,23.98
133459,Active,2610076,NA,NA,S,2,1,566211.84,34.99,2004,53,5.76,22.74
133460,Active,1918321,NA,NA,S,0,0,61690.025,39.99,2012,29,11.99,12.02
133461,Active,2033039,NA,NA,S,1,0,437748.9663,24.95,2008,95,4,7.55
133462,Active,1713933,NA,NA,S,0,0,488168.6925,24.95,2013,42,26.9,29.94
133463,Active,1729642,NA,NA,S,0,0,48241.35,35,2014,18,21.99,25.85
133464,Active,116047,NA,NA,S,3,1,356212.9338,105.2,2004,27,9.79,0
133465,Active,3739148,NA,NA,S,0,0,467964.4,59.99,2014,23,14.49,34.8
133466,Active,546743,NA,NA,S,1,0,11579.075,29.99,2013,18,15.25,20.63
133467,Active,144608,NA,NA,S,1,0,734772.2988,55.4,2004,60,4.68,20.81
133468,Active,322713,NA,NA,S,1,0,135482.65,112,2007,33,17.84,68.04
133469,Active,133096,NA,NA,S,3,1,249735.4925,45.6,2011,59,18.2,38.99
133470,Active,876986,NA,NA,S,11,1,6843.34625,97.8,2015,76,36.99,68.98
133471,Active,924452,NA,NA,S,11,1,349228.6413,97.2,2015,26,44.81,49.99
133472,Active,1529761,NA,NA,S,0,0,69841.575,29.99,2012,34,7.71,18.78
133473,Active,3038462,NA,NA,S,0,0,605418.6013,89.95,2002,30,13.79,53.94
133474,Active,2087603,NA,NA,S,0,0,49529.575,39.99,2012,20,16.09,27.46
133475,Active,871094,NA,NA,S,0,0,4471.4625,20,2005,98,7.89,10.45
133476,Active,3960184,NA,NA,S,0,0,40798.6,30,2013,38,8.72,17.85
133477,Active,3561273,NA,NA,S,0,0,91448.025,21.99,2009,17,15.46,17.3
133478,Active,624342,NA,NA,S,1,0,59499.65,30,2010,24,14.88,18.49
133479,Active,2783200,NA,NA,S,0,0,629905.2838,27,2001,30,14.01,23.93
133480,Active,1565917,NA,NA,S,0,0,62508,28.99,2014,27,11.43,18.93
133481,Active,1625953,NA,NA,S,1,0,56307.625,35,2013,26,18.23,19.73
133482,Active,1536834,NA,NA,S,1,0,68849.5,21,2010,40,6.97,6.24
133483,Active,1432035,NA,NA,S,0,0,80110.675,29.99,2011,22,13.72,20.28
133484,Active,1851001,NA,NA,S,0,0,242088.375,32.95,2010,20,4.43,38.69
133485,Active,896756,NA,NA,S,1,0,72834.7,26.95,2015,26,10.98,10.98
133486,Active,1814832,NA,NA,S,0,0,84864.075,26.99,2015,18,6.98,8.98
133487,Active,805582,NA,NA,S,0,0,108872.3,25,2008,29,24.91,58.47
133488,Active,677299,NA,NA,S,0,0,47875.6,23,2009,23,11.97,15.83
133489,Active,2062278,NA,NA,S,1,0,70623.375,21.99,2012,16,9.86,14.98
133490,Active,1434101,NA,NA,S,0,0,108434.775,26.99,2014,16,10.68,9.97
133491,Active,1720840,NA,NA,S,0,0,39718.625,25,2013,9,17.32,18.58
133492,Active,1534901,NA,NA,S,1,0,36531.625,27.95,2015,16,17,19.73
133493,Active,1910734,NA,NA,S,1,0,221865.625,24,2010,18,10.31,17.3
133494,Active,676863,NA,NA,S,1,0,56863.4,22,2009,42,5.02,12.09
133495,Active,2032017,NA,NA,S,0,0,158337.175,26.95,2009,18,10.56,16.74
133496,Active,1725333,NA,NA,S,0,0,18128.575,22.99,2011,31,9.87,10.28
133497,Active,1508856,NA,NA,S,0,0,103752.85,30,2015,21,17.1,19.56
133498,Active,212726,NA,NA,S,0,0,60596.625,34.99,2009,21,15.28,23.32
133499,Active,768322,NA,NA,S,0,0,70538.5,26,2013,53,4,4.45
133500,Active,1869157,NA,NA,S,1,0,53657.475,34.95,2014,17,23.01,24.24
133501,Active,1744714,NA,NA,S,1,0,48325.95,21.95,2007,28,16.12,18.53
133502,Active,1900596,NA,NA,S,1,0,207190.075,24.99,2011,28,7.75,12.31
133503,Active,690526,NA,NA,S,0,0,39905.95,29.95,2010,15,21.98,26.96
133504,Active,688360,NA,NA,S,1,0,39609.225,29.95,2008,15,26.36,29.95
133505,Active,2142980,NA,NA,S,0,0,49113.425,27.36,2011,6,36.99,30.33
133506,Active,893136,NA,NA,S,0,0,67361.2,24.99,2014,20,14.98,16.3
133507,Active,209606,NA,NA,S,2,1,101418.3,27,2007,30,14.89,21.59
133508,Active,678032,NA,NA,S,2,1,67722.475,25,2010,29,14.74,17.04
133509,Active,255327,NA,NA,S,0,0,41444.6,22.95,2011,30,12.41,15.98
133510,Active,174048,NA,NA,S,0,0,567587.6575,59.99,2002,34,15.36,43.5
133511,Active,3073158,NA,NA,S,3,1,234398.1813,16,2004,137,4,5.92
133512,Active,2001137,NA,NA,S,1,0,60031.525,29.99,2014,14,23.13,23.36
133513,Active,1755307,NA,NA,S,1,0,48899.7,24.95,2011,15,17.38,18.48
133514,Active,1434157,NA,NA,S,0,0,47235.325,35,2015,30,18.78,22.47
133515,Active,587161,NA,NA,S,0,0,153294.875,22.95,2012,26,4.19,13.95
133516,Active,2090067,NA,NA,S,1,0,207463.75,24.95,2015,29,6.93,6.93
133517,Active,678072,NA,NA,S,3,1,396006.05,21.95,2005,38,8.82,13.97
133518,Active,614799,NA,NA,S,0,0,343909.0275,49.95,1990,44,4,12.98
133519,Active,3523529,NA,NA,S,0,0,12342.2,26.99,2015,17,15,16.51
133520,Active,690060,NA,NA,S,0,0,56519.925,24.99,2013,17,17.38,10.88
133521,Active,1661653,NA,NA,S,0,0,85245.975,22.95,2014,28,10.12,10.23
133522,Active,2386305,NA,NA,S,0,0,553418.6863,9.95,1977,27,4.88,53.99
133523,Active,1437257,NA,NA,S,1,0,236889.35,22,2013,50,4.12,6.76
133524,Active,1624706,NA,NA,S,1,0,53942,27.95,2014,33,13.89,17.81
133525,Active,3960033,NA,NA,S,0,0,6828.075,48,2015,10,32.81,28.29
133526,Active,1595294,NA,NA,S,0,0,50243.725,81.85,2014,8,58.85,56.83
133527,Active,1938570,NA,NA,S,0,0,137273.45,24.95,2013,32,7.48,15.91
133528,Active,2008963,NA,NA,S,0,0,895537.5875,76.39,2008,24,4.22,62.64
133529,Active,3495584,NA,NA,S,0,0,149228.85,38,2009,14,21.48,23.99
133530,Active,2165720,NA,NA,S,1,0,4705.525,26.95,2014,38,12.46,14.47
133531,Active,1437374,NA,NA,S,1,0,69889.475,26,2013,21,9.28,13.78
133532,Active,1932525,NA,NA,S,1,0,93878.1,29.99,2013,15,18.99,20
133533,Active,1668315,NA,NA,S,0,0,97709.325,23,2011,51,6.99,12.99
133534,Active,581939,NA,NA,S,0,0,77689.8,23.95,2009,29,10.45,21.45
133535,Active,1725327,NA,NA,S,0,0,150450.2,22.99,2014,66,4,4
133536,Active,1645669,NA,NA,S,0,0,81425.475,23,2007,26,8.99,19.58
133537,Active,153676,NA,NA,S,0,0,5887.85,21.95,2010,35,13.49,12.73
133538,Active,298562,NA,NA,S,1,0,149826.3,25,2011,26,11.01,17.43
133539,Active,3753973,NA,NA,S,0,0,39089.2,29.95,2015,24,10.62,10.71
133540,Active,1703737,NA,NA,S,0,0,192546.575,40,2010,33,8.56,19.24
133541,Active,126821,NA,NA,S,1,0,139815,31.95,2008,44,31.48,27.4
133542,Active,1717696,NA,NA,S,0,0,174304.625,30,2015,11,35.26,30
133543,Active,3031600,NA,NA,S,2,1,540464.8775,52.95,1996,30,4,51.45
133544,Active,546967,NA,NA,S,2,1,214697.1713,29.95,2010,23,11.96,21.67
133545,Active,1591564,NA,NA,S,1,0,649340.3275,39.99,2009,23,24.23,30.83
133546,Active,2813116,NA,NA,S,0,0,553635.4688,56,1992,36,7.7,23.74
133547,Active,184319,NA,NA,S,1,0,244142.3825,53.95,2006,35,6.98,33.31
133548,Active,672904,NA,NA,S,0,0,5478.175,22,2012,36,9.96,12.94
133549,Active,3483429,NA,NA,S,1,0,121490,35,2015,33,32.52,27.68
133550,Active,540441,NA,NA,S,4,1,162800.1313,141.09,2012,46,23.34,112.09
133551,Active,3746408,NA,NA,S,5,1,38216.15,84.25,2015,60,45.94,62.49
133552,Active,642839,NA,NA,S,0,0,546124.1413,70.95,2004,28,15.16,60.13
133553,Active,1668522,NA,NA,S,0,0,107150.15,22,2015,16,12.79,16.32
133554,Active,163325,NA,NA,S,1,0,312120.05,15.95,2004,26,5.4,8.76
133555,Active,587116,NA,NA,S,0,0,164888.375,24.95,2010,15,20.28,20.28
133556,Active,687340,NA,NA,S,1,0,63196.55,24.95,2013,53,11.29,13.98
133557,Active,188354,NA,NA,S,0,0,1398.2225,15.99,1998,204,4,0
133558,Active,3826856,NA,NA,S,20,1,616573.3,25,2005,75,4,18.49
133559,Active,3498014,NA,NA,S,0,0,582326,60,2012,30,20.14,35.4
133560,Active,1508562,NA,NA,S,0,0,21688.15,27,2015,18,17.77,17.18
133561,Active,3513485,NA,NA,S,0,0,337642.95,75,1995,28,33.41,123.73
133562,Active,542091,NA,NA,S,3,1,219794.0975,29.95,2012,97,18.24,22.11
133563,Active,1989313,NA,NA,S,0,0,67803.975,29.99,2014,11,31.47,28.81
133564,Active,910815,NA,NA,S,0,0,649497.8038,59.07,2008,29,11.12,66.73
133565,Active,320912,NA,NA,S,2,1,755157.96,49.95,2008,23,8.88,21.95
133566,Active,155271,NA,NA,S,5,1,218809.2438,333.95,1998,68,5.89,73.91
133567,Active,908930,NA,NA,S,2,1,54226.8,24.95,2013,19,15.04,17.71
133568,Active,1836524,NA,NA,S,0,0,36641.55,24.95,2010,22,13.86,14.4
133569,Active,681653,NA,NA,S,1,0,33843.775,24.95,2012,16,17.07,17.08
133570,Active,861041,NA,NA,S,7,1,125542.025,30,2012,15,8.49,18.86
133571,Active,1507802,NA,NA,S,0,0,216308.675,23.99,2009,27,4,7.98
133572,Active,1604430,NA,NA,S,1,0,60427.775,30,2014,34,6.78,9.98
133573,Active,688622,NA,NA,S,0,0,10100.875,29.95,2010,17,18.99,22.18
133574,Active,841682,NA,NA,S,1,0,597682.8688,223.57,1975,27,7.46,62.92
133575,Active,167836,NA,NA,S,0,0,26721.125,26.95,2007,13,20.94,21.12
133576,Active,1768396,NA,NA,S,0,0,228045.05,29.99,2013,15,23.98,29.98
133577,Active,865556,NA,NA,S,2,1,107357.575,27.5,2013,18,10.89,12.89
133578,Active,1970111,NA,NA,S,1,0,37361.725,21.99,2014,35,3.99,4.47
133579,Active,1462189,NA,NA,S,0,0,40030.7875,16,2015,30,8.33,8.47
133580,Active,449338,NA,NA,S,2,1,754933.3975,190,2005,27,15.45,73.11
133581,Active,1491234,NA,NA,S,0,0,150438.975,26.95,2013,7,19.77,19.99
133582,Active,1728734,NA,NA,S,0,0,2310.125,24.95,2014,16,18.51,14.38
133583,Active,555303,NA,NA,S,1,0,238376.1863,24.99,1994,57,4.92,15.7
133584,Active,679885,NA,NA,S,1,0,98515.05,29.95,2011,24,13.12,19.25
133585,Active,549962,NA,NA,S,3,1,548616.3475,18.14,2001,55,4,63.91
133586,Active,1911323,NA,NA,S,0,0,54048.025,35,2015,36,4.99,5.17
133587,Active,139958,NA,NA,S,1,0,202343.025,25.95,2009,30,9.52,11.98
133588,Active,2596745,NA,NA,S,0,0,501915.35,54.99,1989,35,4,32.15
133589,Active,1508589,NA,NA,S,0,0,92510.925,29,2014,43,9.91,8.89
133590,Active,1697041,NA,NA,S,1,0,3071.175,25,2014,38,13.23,14.75
133591,Active,446582,NA,NA,S,1,0,88605.425,33,2008,51,4.01,10.53
133592,Active,184474,NA,NA,S,1,0,177768.0338,61.95,2002,32,12.89,40.17
133593,Active,683619,NA,NA,S,0,0,20972.875,30,2012,30,15.99,19.13
133594,Active,2100997,NA,NA,S,1,0,46584.5,21.95,2014,24,9.98,10.98
133595,Active,528229,NA,NA,S,1,0,687292.3013,59.95,2012,35,10.87,41.46
133596,Active,1502696,NA,NA,S,0,0,132823.5,21.99,2011,29,8.2,13.95
133597,Active,800462,NA,NA,S,2,1,759212.2163,42.95,2007,21,13.66,0
133598,Active,646793,NA,NA,S,1,0,265656.1188,68.5,1980,31,4,46
133599,Active,670704,NA,NA,S,0,0,711380.6113,66,2009,28,14.33,65.36
133600,Active,1607198,NA,NA,S,0,0,5857.15,24,2015,19,14.54,14.69
133601,Active,759912,NA,NA,S,1,0,622771.7975,47,2003,56,4,10.49
133602,Active,1833907,NA,NA,S,0,0,39756.08875,44.99,2014,17,23.98,23.98
133603,Active,1631595,NA,NA,S,0,0,283382.8563,74.99,2014,17,29.98,43.95
133604,Active,899176,NA,NA,S,2,1,186695.9563,44.99,2014,16,22.12,25.93
133605,Active,2008544,NA,NA,S,1,0,75798.775,25.99,2011,52,8.88,11.39
133606,Active,215390,NA,NA,S,3,1,703276.23,27.5,2005,44,4.97,16.21
133607,Active,1532380,NA,NA,S,0,0,43926.625,29.97,2013,17,28.98,30.86
133608,Active,267462,NA,NA,S,0,0,82028.8,24.95,2010,29,6.46,6.48
133609,Active,1861724,NA,NA,S,0,0,119574.75,21.99,2008,26,5.96,11.45
133610,Active,106632,NA,NA,S,1,0,25255.55,29.95,2008,41,12.2,15.52
133611,Active,1977302,NA,NA,S,0,0,19626.25,21.95,2012,6,20.19,21.95
133612,Active,2170246,NA,NA,S,1,0,112092.2,22,2014,18,12.42,13.06
133613,Active,3514616,NA,NA,S,0,0,24886.25,26.95,2015,17,18.5,16.39
133614,Active,3748875,NA,NA,S,0,0,62271.25,24.99,2014,16,18.48,19.33
133615,Active,1729585,NA,NA,S,1,0,21912.225,23.95,2014,41,5.84,16.41
133616,Active,920857,NA,NA,S,0,0,10843.8,25.95,2011,65,7.96,13.13
133617,Active,2081455,NA,NA,S,2,1,135121.1313,17,2014,20,8.99,13.29
133618,Active,1691844,NA,NA,S,0,0,68909.6,24,2009,17,21.68,22.16
133619,Active,286532,NA,NA,S,8,1,108907.1238,71.6,2008,37,18.78,65.28
133620,Active,1484273,NA,NA,S,0,0,85931.975,25,2008,9,21.72,16.39
133621,Active,3520183,NA,NA,S,1,0,21378.95,28,2011,69,8.98,10.51
133622,Active,3645144,NA,NA,S,3,1,265529.7,44.95,2015,12,38.82,31.98
133623,Active,528111,NA,NA,S,11,1,26563.5775,181.2,2012,74,53.99,88.98
133624,Active,690848,NA,NA,S,0,0,73986.35,24.95,2012,18,18.46,20.47
133625,Active,555571,NA,NA,S,1,0,319512.7338,65.95,2007,22,6.74,57.06
133626,Active,677613,NA,NA,S,1,0,41245.325,29.95,2012,24,14.07,20.46
133627,Active,690484,NA,NA,S,0,0,509606.77,27.95,2012,50,4,0
133628,Active,1746861,NA,NA,S,2,1,113788.15,25,2011,20,20,23.18
133629,Active,578601,NA,NA,S,1,0,135104.475,24,2007,38,12.6,17.48
133630,Active,1942496,NA,NA,S,1,0,75898.225,24.95,2013,8,14.54,12.97
133631,Active,873263,NA,NA,S,2,1,364365.02,43.95,2013,37,12.99,33.45
133632,Active,1627867,NA,NA,S,0,0,228201.7,22.95,2014,9,27.48,18.88
133633,Active,613623,NA,NA,S,0,0,547955.6525,49.95,1976,86,4,9.35
133634,Active,1876751,NA,NA,S,1,0,86297.225,40,2010,53,8.23,19.75
133635,Active,555753,NA,NA,S,3,1,404790.0325,49.95,2011,35,19.41,33.99
133636,Active,3514613,NA,NA,S,40,1,81120.15,25,2013,55,4.24,7.8
133637,Active,768323,NA,NA,S,0,0,16169.225,22,2013,29,10.86,11.97
133638,Active,1697274,NA,NA,S,0,0,5704.9,27,2014,15,10.98,10.98
133639,Active,1561762,NA,NA,S,0,0,36710.925,23.99,2007,9,18.92,18.94
133640,Active,1716951,NA,NA,S,1,0,184079.275,28,2013,10,23.88,25.6
133641,Active,1507840,NA,NA,S,1,0,122353.925,24,2009,27,7.13,16.02
133642,Active,1437620,NA,NA,S,1,0,16373.25,28,2015,21,14.69,14.78
133643,Active,914837,NA,NA,S,2,1,71869.95,31.95,2013,15,22.44,25.5
133644,Active,650071,NA,NA,S,1,0,215423.175,36.5,2010,14,16.35,16.46
133645,Active,1761127,NA,NA,S,1,0,16491.275,24,2013,11,17.13,15.66
133646,Active,2083918,NA,NA,S,1,0,38511.75,27.99,2012,33,8.47,13.48
133647,Active,677163,NA,NA,S,1,0,8331.425,25.99,2009,63,9.9,16.99
133648,Active,678490,NA,NA,S,0,0,28188.3,26.99,2010,18,9.43,17.53
133649,Active,1755956,NA,NA,S,0,0,49645.85,34.95,2013,11,25.91,22.97
133650,Active,1618011,NA,NA,S,1,0,27374.275,29.95,2011,15,16.94,18.09
133651,Active,166443,NA,NA,S,0,0,525241.2413,80,2004,24,7.99,68.69
133652,Active,1569116,NA,NA,S,1,0,187732.325,55,2009,16,29.71,29.88
133653,Active,859961,NA,NA,S,1,0,44411.475,28,2009,21,15.59,19.37
133654,Active,174445,NA,NA,S,2,1,489133.6063,11.55,2005,90,4,16.98
133655,Active,3717347,NA,NA,S,0,0,189353.075,23.95,2015,8,23.24,23.95
133656,Active,3613672,NA,NA,S,11,1,9824,65,2016,11,52.07,52
133657,Active,1924324,NA,NA,S,3,1,157770.0813,35,2013,39,21.67,26.17
133658,Active,907805,NA,NA,S,0,0,45412.18375,14.99,2008,14,8.04,11.71
133659,Active,3790483,NA,NA,S,0,0,246500.55,59.99,2007,20,11.32,39.97
133660,Active,2089617,NA,NA,S,0,0,99778.425,34.99,2014,14,28.96,25.7
133661,Active,2091613,NA,NA,S,0,0,174723.275,29.99,2010,10,18.61,24.01
133662,Active,682864,NA,NA,S,0,0,102862.2,32.95,2009,15,14.1,19.46
133663,Active,2089604,NA,NA,S,0,0,22933.975,39.99,2013,12,27.94,28.71
133664,Active,2096575,NA,NA,S,0,0,19623.8,49.99,2012,16,34.32,31.16
133665,Active,871935,NA,NA,S,0,0,62278.875,29.95,2013,14,19.95,22.74
133666,Active,2089610,NA,NA,S,0,0,14856.3,39.99,2014,11,33.51,28.94
133667,Active,1473871,NA,NA,S,1,0,480178.9475,38.95,2010,18,28.41,28.73
133668,Active,1877934,NA,NA,S,0,0,57384.625,34.99,2014,15,23.37,16.99
133669,Active,1494268,NA,NA,S,0,0,58263.875,24.95,2012,40,13.57,15.82
133670,Active,1638720,NA,NA,S,0,0,60262.575,25.99,2014,24,9.22,15.99
133671,Active,3804331,NA,NA,S,0,0,13872.275,26.99,2015,37,9.92,10.98
133672,Active,3621302,NA,NA,S,1,0,195579.75,21.95,2013,22,21.47,21.48
133673,Active,620053,NA,NA,S,6,1,545911.8775,43.95,1994,33,6.51,42.19
133674,Active,3775976,NA,NA,S,1,0,208979.75,87,2016,10,58.24,77.62
133675,Active,1677689,NA,NA,S,1,0,126480.825,24.99,2014,49,4,7.54
133676,Active,805321,NA,NA,S,1,0,86989.275,25,2008,64,4,9.73
133677,Active,2793433,NA,NA,S,0,0,250067.7213,22,2000,113,4,7.97
133678,Active,3959999,NA,NA,S,68,1,1960.5,34.95,2016,18,18.99,24.03
133679,Active,1891250,NA,NA,S,0,0,76594.4,22.99,2011,27,12.17,12.17
133680,Active,580952,NA,NA,S,0,0,90689.275,30,2009,17,20.69,22.55
133681,Active,1910624,NA,NA,S,1,0,71554.525,27,2015,30,5.17,5.18
133682,Active,689158,NA,NA,S,1,0,6434.55,22.95,2011,23,15.78,12.79
133683,Active,1942940,NA,NA,S,0,0,33574.3,27,2014,52,4,11.99
133684,Active,1710110,NA,NA,S,2,1,94364.475,30,2013,16,20.18,22.54
133685,Active,2099672,NA,NA,S,1,0,92003,25,2015,27,10.77,15.55
133686,Active,607136,NA,NA,S,2,1,793251.535,81,2000,68,4,10.85
133687,Active,650072,NA,NA,S,0,0,214824.325,44.5,2010,19,11.32,17.79
133688,Active,134958,NA,NA,S,1,0,173996.1,32.99,2008,17,28.27,31.1
133689,Active,2101001,NA,NA,S,1,0,59433.75,24.95,2014,16,17.02,17.72
133690,Active,2070818,NA,NA,S,0,0,116033.35,25.99,2010,28,4,10.98
133691,Active,2170211,NA,NA,S,0,0,10553.625,21.95,2015,16,15.34,15.39
133692,Active,676357,NA,NA,S,1,0,18026.75,30,2007,41,17.37,17.38
133693,Active,2075510,NA,NA,S,0,0,236611.875,26.95,2012,29,7.49,10.19
133694,Active,1937641,NA,NA,S,0,0,66241.775,24.99,2015,25,4,4.73
133695,Active,681438,NA,NA,S,1,0,15925.5,30,2010,30,15,16.02
133696,Active,3795708,NA,NA,S,0,0,567947.2,45,2007,63,11.97,38.49
133697,Active,1954064,NA,NA,S,0,0,3293.775,24.95,2014,15,17.54,19.56
133698,Active,261234,NA,NA,S,0,0,26130.6,24.95,2008,48,11.83,18.07
133699,Active,2016619,NA,NA,S,0,0,29299.425,24.95,2008,33,12.04,15.75
133700,Active,2076264,NA,NA,S,1,0,49917.25125,16.95,2010,59,7.92,9.57
133701,Active,2164849,NA,NA,S,1,0,6154.3,29.99,2014,11,25.09,20.91
133702,Active,686718,NA,NA,S,0,0,6212.725,24.95,2012,22,18.36,17.22
133703,Active,2082059,NA,NA,S,1,0,3866.775,21.95,2013,18,14.18,14.92
133704,Active,287563,NA,NA,S,1,0,99998.425,50.6,2007,25,23.14,42.76
133705,Active,1599659,NA,NA,S,1,0,6952.575,24.99,2011,17,17.09,17.08
133706,Active,1599660,NA,NA,S,1,0,10185.325,24.99,2011,20,17.08,17.09
133707,Active,1599658,NA,NA,S,1,0,4769.55,24.99,2011,19,13.89,17.09
133708,Active,240163,NA,NA,S,3,1,22412.525,4,2009,14,29.78,7.98
133709,Active,2083915,NA,NA,S,1,0,157025.15,26.99,2013,16,6.41,9.98
133710,Active,2150333,NA,NA,S,0,0,303442.0288,17.99,2011,15,20.13,17.99
133711,Active,797116,NA,NA,S,1,0,34627.45,24.99,2012,29,6.98,9.9
133712,Active,2097486,NA,NA,S,3,1,94105.575,22.99,2014,38,7.89,14.33
133713,Active,820724,NA,NA,S,1,0,169695.725,22.95,2007,32,4,13.24
133714,Active,1969919,NA,NA,S,0,0,25565.95,26,2015,32,4,7.83
133715,Active,161275,NA,NA,S,0,0,170736.2363,27.5,2004,56,6.91,0
133716,Active,2441138,NA,NA,S,0,0,247048.7925,75,1991,41,18.89,37.83
133717,Active,219462,NA,NA,S,2,1,107325.45,21.95,2010,22,8.99,17.24
133718,Active,1500261,NA,NA,S,1,0,215186.875,22.99,2007,27,4.62,5.48
133719,Active,677014,NA,NA,S,0,0,18931.55,24.99,2010,37,16.29,16.55
133720,Active,504752,NA,NA,S,0,0,173020.6,24.99,2009,27,11.08,18.93
133721,Active,1778456,NA,NA,S,1,0,65775.4,31,2015,9,25.73,24
133722,Active,137229,NA,NA,S,0,0,257714.305,80,2001,28,8.49,43.94
133723,Active,527934,NA,NA,S,2,1,371502.0738,40,2002,31,19.53,24.43
133724,Active,2093282,NA,NA,S,1,0,119963.1,24.95,2014,22,12.11,12.28
133725,Active,2141079,NA,NA,S,2,1,58088.625,35.95,2012,10,27.22,27.49
133726,Active,639731,NA,NA,S,0,0,48761.55,35,2013,25,12.73,21.23
133727,Active,1734463,NA,NA,S,0,0,45827.35,21.95,2010,8,17.03,16
133728,Active,2077839,NA,NA,S,0,0,156901.2,24.95,2014,16,6.78,10.94
133729,Active,2139838,NA,NA,S,0,0,138317.525,50,2012,15,26.11,28.18
133730,Active,2121036,NA,NA,S,0,0,34667.875,35,2014,14,23.42,22.25
133731,Active,2015553,NA,NA,S,1,0,40541.925,29.95,2009,20,19.94,21.39
133732,Active,797382,NA,NA,S,0,0,703428.0213,49.99,2014,18,14.96,18.51
133733,Active,2111682,NA,NA,S,0,0,224863.675,40,2013,10,26.97,26.97
133734,Active,1471319,NA,NA,S,1,0,126324.625,29.95,2015,16,24.04,23.59
133735,Active,172060,NA,NA,S,0,0,1596099.446,26.95,2005,69,4,8.93
133736,Active,2940184,NA,NA,S,1,0,802782.4625,48.95,2004,24,9.87,36.86
133737,Active,3228209,NA,NA,S,0,0,35221.7,49.95,2008,0,0,47.44
133738,Active,688348,NA,NA,S,1,0,28004.325,24.95,2009,20,22.45,22.46
133739,Active,576970,NA,NA,S,0,0,313009.1925,44.95,2012,75,7.04,44.73
133740,Active,2783803,NA,NA,S,0,0,575280.8488,45,2004,24,4,58.99
133741,Active,2274334,NA,NA,S,0,0,156556.4725,41.55,2008,30,13.75,38.25
133742,Active,1870802,NA,NA,S,0,0,63792.375,30,2014,34,9.04,17.97
133743,Active,2137648,NA,NA,S,0,0,55689.4,24.95,2013,15,16.92,17.08
133744,Active,599593,NA,NA,S,0,0,111349.275,29.95,2007,29,8.82,77.98
133745,Active,2216436,NA,NA,S,0,0,75345.35,60,2013,18,38.99,40.83
133746,Active,3925833,NA,NA,S,0,0,18677.525,60,1900,18,27.99,28.99
133747,Active,2216449,NA,NA,S,0,0,30921.425,60,2014,19,37.59,37.66
133748,Active,3744041,NA,NA,S,1,0,148886.5,24,2012,20,16.14,16.08
133749,Active,778047,NA,NA,S,0,0,205082.045,3.99,2013,26,3.41,3.57
133750,Active,1979552,NA,NA,S,0,0,59348.14125,13.49,2012,7,13.98,12.4
133751,Active,892780,NA,NA,S,0,0,26335.62125,44.99,2014,54,23.99,28.08
133752,Active,682913,NA,NA,S,0,0,68744.575,21.95,2007,15,8.83,16.22
133753,Active,1496621,NA,NA,S,0,0,89798.95,26.95,2014,34,8.89,14.81
133754,Active,681040,NA,NA,S,1,0,121800.575,24.99,2009,65,6.27,13.9
133755,Active,2041792,NA,NA,S,0,0,12504.6,27.95,2014,25,17.59,18.6
133756,Active,1494341,NA,NA,S,0,0,144094.35,25,2012,17,11.99,16.47
133757,Active,619155,NA,NA,S,1,0,824118.3325,41.95,2005,48,7.32,21.01
133758,Active,2314779,NA,NA,S,1,0,896805.0388,53,1991,21,4.38,48.51
133759,Active,2647744,NA,NA,S,1,0,595762.08,48.95,1994,24,5.42,32.53
133760,Active,135947,NA,NA,S,1,0,634277.1313,28,2007,24,12.25,24.96
133761,Active,2407730,NA,NA,S,0,0,509875.3238,51,1995,27,10.63,39.78
133762,Active,2144266,NA,NA,S,3,1,6209.52875,24,2014,26,21.64,22.8
133763,Active,1482706,NA,NA,S,1,0,169513.55,65,2011,36,4,13.94
133764,Active,2141076,NA,NA,S,6,1,84171.1,22.95,2013,14,19.19,19.24
133765,Active,1866768,NA,NA,S,0,0,115134.275,65,2013,20,21.54,23.4
133766,Active,1575426,NA,NA,S,1,0,39917.85,26.95,2012,15,13.6,16.49
133767,Active,1575427,NA,NA,S,1,0,58277.125,26.95,2012,14,15.46,16.59
133768,Active,1937218,NA,NA,S,3,1,26214.25,21,2013,29,4,10.95
133769,Active,1590252,NA,NA,S,0,0,471542.9,29.99,2011,22,21.24,23.96
133770,Active,2167310,NA,NA,S,2,1,40776.875,24.95,2012,18,16.49,16.46
133771,Active,1494281,NA,NA,S,1,0,40247.3,25,2015,27,15.89,15.9
133772,Active,1488304,NA,NA,S,1,0,14049.1,29.95,2011,42,12.37,16.95
133773,Active,1488466,NA,NA,S,0,0,6119.15,29.95,2013,18,19.59,18.5
133774,Active,1532303,NA,NA,S,1,0,19457.225,35,2013,54,11.53,12.54
133775,Active,244683,NA,NA,S,1,0,127341.8,28,2010,51,5.15,19.43
133776,Active,644654,NA,NA,S,0,0,4899.575,35,2012,25,13.31,15.49
133777,Active,201326,NA,NA,S,1,0,464183.8175,15.99,2002,233,3.89,6.03
133778,Active,195274,NA,NA,S,3,1,58253.9425,20,2004,69,4,10.83
133779,Active,1494974,NA,NA,S,0,0,32465.725,35,2011,36,13.91,21.99
133780,Active,3526809,NA,NA,S,1,0,448239.25,85,2015,38,46.98,56.27
133781,Active,231486,NA,NA,S,1,0,261545.8163,28.95,2006,38,4.38,77.49
133782,Active,618350,NA,NA,S,1,0,693703.485,46.95,1995,23,4,10.99
133783,Active,1939078,NA,NA,S,1,0,39944.025,23.95,2013,32,20.73,22.11
133784,Active,2667808,NA,NA,S,0,0,29833.375,24.95,2015,22,17.95,18.18
133785,Active,2105933,NA,NA,S,0,0,127011.025,24.95,2014,26,13.48,15.62
133786,Active,3509387,NA,NA,S,1,0,68590.4,26,2013,42,6.44,10.49
133787,Active,154254,NA,NA,S,3,1,47827.04875,60.75,1997,45,21.34,46.38
133788,Active,3484441,NA,NA,S,1,0,243525.825,38.95,2012,36,8.88,12.62
133789,Active,1640815,NA,NA,S,0,0,153387.525,21.99,2012,14,11.93,7.89
133790,Active,555739,NA,NA,S,1,0,107464.775,24.95,2009,15,26.08,23.95
133791,Active,1703832,NA,NA,S,1,0,124371.3,29.95,2015,14,15.77,19.98
133792,Active,689811,NA,NA,S,1,0,167870.15,29.95,2007,15,22.46,24.86
133793,Active,3513273,NA,NA,S,3,1,15924,59.75,2016,25,24.8,59.27
133794,Active,3242214,NA,NA,S,0,0,868312.315,48.14,2004,16,10.64,67.39
133795,Active,3513237,NA,NA,S,3,1,9695,57,2016,10,54.96,54.75
133796,Active,679003,NA,NA,S,1,0,16982.675,24.95,2009,23,14.88,15.37
133797,Active,1747279,NA,NA,S,0,0,73991.7,29.99,2008,18,28.99,29.99
133798,Active,2165320,NA,NA,S,1,0,153469.5,24.95,2014,8,17.86,17.87
133799,Active,3497703,NA,NA,S,0,0,609211.2,51,2007,45,10.99,28.73
133800,Active,612792,NA,NA,S,0,0,2441.85,31,2013,15,23.05,18.52
133801,Active,1794929,NA,NA,S,0,0,784461.4675,19.96,2010,8,24.04,19.96
133802,Active,753848,NA,NA,S,1,0,250134.14,30.95,2013,24,18.74,21.38
133803,Active,3823270,NA,NA,S,1,0,67170.375,59.95,2008,23,42.89,47.98
133804,Active,631542,NA,NA,S,0,0,161630.975,30.99,2011,40,4.75,25.94
133805,Active,1756086,NA,NA,S,1,0,112996,24.95,2011,17,12.98,19.07
133806,Active,2781870,NA,NA,S,0,0,286878.0613,60,1993,19,6.37,43.98
133807,Active,2048083,NA,NA,S,0,0,43103.05,24.95,2015,30,11.77,15.94
133808,Active,1691831,NA,NA,S,0,0,57414.2,22,2008,45,17.87,18.58
133809,Active,1735660,NA,NA,S,0,0,32532.05,29.95,2012,29,11.06,21.98
133810,Active,2900955,NA,NA,S,0,0,543428.2,15.95,2003,29,6.28,11.99
133811,Active,681059,NA,NA,S,0,0,182847.575,30.95,2008,20,11.74,17.79
133812,Active,1970866,NA,NA,S,0,0,63870.525,23.95,2012,11,28.36,21.56
133813,Active,3487925,NA,NA,S,0,0,177218.15,27,2013,21,8.48,9.98
133814,Active,2087419,NA,NA,S,0,0,117864.975,22.95,2013,28,12.73,17.59
133815,Active,1964504,NA,NA,S,1,0,118987.75,34.95,2014,22,23.41,29.53
133816,Active,1915352,NA,NA,S,0,0,95906.4,21.95,2008,9,33.64,21.95
133817,Active,2532237,NA,NA,S,0,0,573868.8613,53.95,1996,21,11.99,39.72
133818,Active,2969813,NA,NA,S,2,1,571104.17,24.95,2015,9,17.9,258.85
133819,Active,136183,NA,NA,S,0,0,174275.3,24,2010,22,15.23,17.03
133820,Active,1627117,NA,NA,S,0,0,31783.2,27.95,2008,22,12.89,18.97
133821,Active,3552774,NA,NA,S,0,0,467263,60,1981,137,4.35,28.64
133822,Active,2075910,NA,NA,S,1,0,221752.175,25,2014,13,22.96,23.7
133823,Active,672173,NA,NA,S,1,0,4748.95,25.99,2009,34,13.91,14.49
133824,Active,742637,NA,NA,S,1,0,39438.5,24.99,2010,40,6.46,14.11
133825,Active,1464161,NA,NA,S,0,0,68443.075,36.95,2007,17,29.91,30.82
133826,Active,1980113,NA,NA,S,0,0,4198.575,24.99,2014,12,18.55,14.93
133827,Active,1479370,NA,NA,S,1,0,692068.4088,21.95,2011,31,4.79,8.61
133828,Active,850315,NA,NA,S,0,0,51799.14,42.99,1999,41,9.98,23.98
133829,Active,2444541,NA,NA,S,0,0,150807.1363,44.99,1993,24,16.57,63.94
133830,Active,288954,NA,NA,S,2,1,136243.4313,24.38,2005,29,4.24,16.98
133831,Active,1704531,NA,NA,S,0,0,77630.3,24.95,2007,42,8.97,16.09
133832,Active,881574,NA,NA,S,0,0,734420.6763,29.99,2014,18,29.08,29.99
133833,Active,683653,NA,NA,S,0,0,91454.275,29.95,2012,15,18.91,19.6
133834,Active,1733845,NA,NA,S,0,0,174214,0,2011,7,11.68,133.94
133835,Active,637046,NA,NA,S,0,0,77783.875,30,2010,14,18.04,20.03
133836,Active,2513411,NA,NA,S,0,0,426075.0825,71.03,1975,54,4,74.06
133837,Active,2598201,NA,NA,S,0,0,53972.0725,44.99,1992,32,18.43,35.32
133838,Active,626723,NA,NA,S,11,1,378841.2313,98,1996,37,4,26.56
133839,Active,690099,NA,NA,S,1,0,31085.875,29.95,2012,14,26.14,25.99
133840,Active,258778,NA,NA,S,1,0,155559.925,29.99,2011,47,4,11.5
133841,Active,1491407,NA,NA,S,0,0,294460.5238,56,2009,27,10.03,21.13
133842,Active,629350,NA,NA,S,1,0,373952.2038,44.95,2002,28,18.84,29.72
133843,Active,242757,NA,NA,S,0,0,163508.85,80,2004,40,19.44,80
133844,Active,191536,NA,NA,S,2,1,37340.13875,24.95,2010,25,14.19,17.73
133845,Active,3731989,NA,NA,S,0,0,109929.325,39.99,2015,12,23.74,20.47
133846,Active,3585421,NA,NA,S,3,1,216115.1,57,2015,31,18.99,34.55
133847,Active,2038919,NA,NA,S,3,1,83401.375,32.95,2011,13,21.03,28.04
133848,Active,596435,NA,NA,S,0,0,154599.075,75,2013,28,12.29,48.99
133849,Active,1697018,NA,NA,S,1,0,88583.85,25,2015,16,13.72,10.98
133850,Active,2537291,NA,NA,S,0,0,134923.1163,47.95,2002,24,18.79,44.3
133851,Active,2666275,NA,NA,S,1,0,112591.5375,15.99,2000,277,4,6.77
133852,Active,3553132,NA,NA,S,0,0,538698.2,43.95,2000,95,7.98,17.99
133853,Active,1604038,NA,NA,S,1,0,83783.575,28,2014,41,9.86,9.99
133854,Active,2033984,NA,NA,S,1,0,63732.175,34.95,2010,16,23.26,24.26
133855,Active,575442,NA,NA,S,0,0,18501.7775,16,2002,55,6.8,8.97
133856,Active,657018,NA,NA,S,2,1,443770.595,99.95,2011,18,19.99,31.49
133857,Active,617571,NA,NA,S,1,0,103807.525,34.95,2010,16,20.07,22.91
133858,Active,209534,NA,NA,S,2,1,367016.3363,48,2006,20,12.85,38.55
133859,Active,1535777,NA,NA,S,1,0,85798.275,37.5,2015,12,30.98,31.98
133860,Active,2053406,NA,NA,S,0,0,250792.35,56.39,2010,8,50.53,58.52
133861,Active,1634953,NA,NA,S,0,0,1071.95,23.96,2013,20,13.33,14.26
133862,Active,3483616,NA,NA,S,1,0,119249.7,39.95,2016,13,33.91,33
133863,Active,1754546,NA,NA,S,0,0,223456.3,39.95,2013,10,32.91,39.95
133864,Active,2816965,NA,NA,S,0,0,483151.2263,49.95,1995,24,4.35,92.42
133865,Active,1564487,NA,NA,S,0,0,74137.975,27.5,2014,14,20.77,19.63
133866,Active,1729607,NA,NA,S,0,0,15861.375,39.95,2014,16,22.52,25.04
133867,Active,217552,NA,NA,S,0,0,608467.7588,45,2003,38,7.67,28.99
133868,Active,688490,NA,NA,S,2,1,1058.3,29.99,2013,28,16.49,17.35
133869,Active,610057,NA,NA,S,5,1,715086.8963,24.99,2013,47,4,8.88
133870,Active,2096811,NA,NA,S,1,0,3561.1,35,2015,15,25.39,20.82
133871,Active,2079635,NA,NA,S,0,0,40144.05,35,2013,22,19.44,19.72
133872,Active,1942455,NA,NA,S,0,0,3121.05,24.95,2014,20,12.94,12.94
133873,Active,2006501,NA,NA,S,0,0,66592.975,39.95,2012,15,7.94,32.4
133874,Active,2098134,NA,NA,S,0,0,25421.85,24.95,2012,10,16.44,20.57
133875,Active,905112,NA,NA,S,0,0,13295.84875,19.99,2013,30,8.95,10.73
133876,Active,1842963,NA,NA,S,0,0,70251.825,24.31,2009,10,22.7,22.78
133877,Active,2065473,NA,NA,S,0,0,12801.25,44.95,2013,6,33.98,32.23
133878,Active,1710328,NA,NA,S,1,0,34210.325,29.95,2009,13,20.68,23.52
133879,Active,1680254,NA,NA,S,0,0,62081.775,24.99,2014,17,16.77,16.49
133880,Active,2142058,NA,NA,S,0,0,283165.2438,14.95,2007,39,5.47,12.34
133881,Active,621349,NA,NA,S,0,0,11095.6925,35,2010,67,11.38,17.82
133882,Active,2168643,NA,NA,S,3,1,59568.455,29.95,2014,21,25.95,28.41
133883,Active,1444758,NA,NA,S,0,0,99430.125,22.95,2014,17,8.2,13.59
133884,Active,182713,NA,NA,S,3,1,23963.94625,29.95,2002,127,8.06,0
133885,Active,454111,NA,NA,S,0,0,422672.9025,54.99,1995,29,4.48,31.96
133886,Active,3802193,NA,NA,S,0,0,642702.9,33,2015,34,21.79,31.01
133887,Active,527732,NA,NA,S,0,0,647665.4488,40,2008,31,5.99,97.09
133888,Active,3572169,NA,NA,S,1,0,111475.9,39.95,2014,25,20.39,25.95
133889,Active,2405241,NA,NA,S,0,0,476844.125,60,1988,54,5.23,11.96
133890,Active,3882951,NA,NA,S,0,0,241350.25,59.99,1900,22,24,35.79
133891,Active,664777,NA,NA,S,0,0,64034.1,45,2013,20,27.32,33.17
133892,Active,189708,NA,NA,S,0,0,371908.0275,60,2003,45,4,11.5
133893,Active,1908317,NA,NA,S,5,1,16727.68125,16.99,2013,40,7.76,8.99
133894,Active,682836,NA,NA,S,1,0,20399.925,29.95,2011,22,17.91,33.99
133895,Active,911816,NA,NA,S,3,1,106009.975,35,2013,11,24.29,28.31
133896,Active,3812545,NA,NA,S,1,0,259543.1,45,2006,33,15.05,65.5
133897,Active,3814472,NA,NA,S,0,0,782329.9,45,2007,27,4.48,67.5
133898,Active,2509894,NA,NA,S,0,0,473087.8025,22.95,2000,78,4,14.46
133899,Active,2660769,NA,NA,S,1,0,563628.7475,58,2004,38,5.84,29.84
133900,Active,912450,NA,NA,S,3,1,145767.2,24.99,2010,16,9.73,18.96
133901,Active,2067886,NA,NA,S,0,0,16965.525,26.99,2014,11,22.7,20.7
133902,Active,620835,NA,NA,S,0,0,745169.5563,41.95,2007,28,6.51,22.97
133903,Active,188601,NA,NA,S,0,0,212829.915,65.99,1996,46,10.53,39.89
133904,Active,269065,NA,NA,S,1,0,3976.275,27.95,2010,36,13.14,16.21
133905,Active,1544557,NA,NA,S,1,0,464401.7188,46.95,2014,25,12.07,39.64
133906,Active,1526788,NA,NA,S,0,0,30375,25.95,2013,36,11.74,17.75
133907,Active,2065495,NA,NA,S,0,0,70690.275,29.95,2015,14,15.99,21.61
133908,Active,294747,NA,NA,S,0,0,159824.5225,29.99,2005,41,12.93,14.92
133909,Active,2044429,NA,NA,S,1,0,88745.1,27.95,2008,41,6.65,11.98
133910,Active,2064899,NA,NA,S,2,1,39047.1,24.95,2012,33,7.18,8.58
133911,Active,630945,NA,NA,S,1,0,194535.125,58.95,2011,23,27.34,45.08
133912,Active,1607088,NA,NA,S,1,0,11234.15,35,2008,64,13.68,17.76
133913,Active,646877,NA,NA,S,0,0,31400.025,35,2013,29,18.98,20.42
133914,Active,2104371,NA,NA,S,0,0,50379.15,25,2015,9,21.32,17.64
133915,Active,1695046,NA,NA,S,0,0,30451.075,49.99,2009,22,29.59,27.16
133916,Active,735010,NA,NA,S,0,0,49541.675,25.99,2011,18,9.54,16.66
133917,Active,2109502,NA,NA,S,0,0,74373.1,39.95,2015,10,29.94,26.17
133918,Active,2271828,NA,NA,S,4,1,148748.5775,42.72,1900,15,24.13,33.24
133919,Active,691472,NA,NA,S,1,0,562987.9888,21.95,2001,43,4.96,13.93
133920,Active,2012346,NA,NA,S,1,0,41566.075,25,2008,32,7.89,12.99
133921,Active,687329,NA,NA,S,1,0,21310.6,24.99,2013,25,16.44,16
133922,Active,2814572,NA,NA,S,0,0,606487.5938,42,1998,38,4,16.37
133923,Active,556018,NA,NA,S,1,0,674554.9,55,2001,36,6.54,46.02
133924,Active,2060327,NA,NA,S,0,0,90019.2,22.95,2012,28,11.92,11.98
133925,Active,367605,NA,NA,S,2,1,576491.6013,65,2002,57,4,4.67
133926,Active,288058,NA,NA,S,0,0,105187.775,25,2008,35,14.71,19.74
133927,Active,558151,NA,NA,S,1,0,566082.9275,47,2007,22,17.62,18.98
133928,Active,898746,NA,NA,S,4,1,75248.75,22.95,2014,20,12.47,13.98
133929,Active,2015542,NA,NA,S,0,0,89999.75,31.95,2008,20,19.09,22.5
133930,Active,664223,NA,NA,S,0,0,80011.95,0,2013,12,8.3,8.91
133931,Active,903668,NA,NA,S,2,1,32402.55,27.99,2014,32,8.78,9.98
133932,Active,2046466,NA,NA,S,0,0,95563.2,21.5,2014,18,8.97,8.99
133933,Active,1490559,NA,NA,S,0,0,83941.925,47,2013,11,29.79,29.63
133934,Active,1655322,NA,NA,S,0,0,126300.6275,21.95,2008,34,7.95,14.27
133935,Active,2096794,NA,NA,S,0,0,28602.625,40,2015,15,25.82,25.9
133936,Active,3791954,NA,NA,S,0,0,84900.475,60,2015,15,30.43,32.2
133937,Active,3802918,NA,NA,S,0,0,119184.175,34.95,2011,47,5.52,34
133938,Active,3960039,NA,NA,S,0,0,8668.95,32,2015,18,23.38,21.75
133939,Active,157499,NA,NA,S,2,1,436259.7725,63.95,2008,19,6.99,33.99
133940,Active,1836752,NA,NA,S,1,0,72174,22.95,2011,28,10.24,10.98
133941,Active,1724676,NA,NA,S,0,0,10391.8,34.95,2015,15,26.09,23.03
133942,Active,2121366,NA,NA,S,0,0,115937.45,49.95,2007,29,23.94,28.98
133943,Active,290006,NA,NA,S,0,0,11781.1475,18,2005,266,4,0
133944,Active,874849,NA,NA,S,0,0,411399.7,34.99,1990,188,4.63,17.24
133945,Active,583058,NA,NA,S,1,0,45444.1825,18.97,2004,276,4,8.23
133946,Active,160108,NA,NA,S,0,0,37093.26125,18,2005,135,4,8.13
133947,Active,3622220,NA,NA,S,2,1,150845.325,22.95,2008,19,9.98,26.94
133948,Active,685751,NA,NA,S,1,0,113119.6,25.95,2009,22,12.48,18.35
133949,Active,2400630,NA,NA,S,6,1,26958.22,70.95,2015,30,54.98,60.85
133950,Active,1877849,NA,NA,S,0,0,182368.2963,39.99,2013,15,24.12,27.19
133951,Active,673825,NA,NA,S,0,0,180511.875,25.95,2012,13,3.43,23.98
133952,Active,682827,NA,NA,S,0,0,28684.7,26.99,2011,12,17.67,17.68
133953,Active,632138,NA,NA,S,1,0,45526.4,34.95,2012,26,20.48,22.86
133954,Active,790053,NA,NA,S,0,0,187279.5,29.95,2012,17,21.69,21.88
133955,Active,2079687,NA,NA,S,0,0,6550.6,40,2014,14,19.04,23.79
133956,Active,2113067,NA,NA,S,0,0,126457.725,29.95,2014,15,17.62,19.67
133957,Active,1872977,NA,NA,S,0,0,108994.675,29.99,2010,20,18.47,21.75
133958,Active,1739017,NA,NA,S,0,0,81662.95,30,2012,8,25.57,29.99
133959,Active,1461621,NA,NA,S,0,0,62403.525,23,2010,40,9.9,13.68
133960,Active,174611,NA,NA,S,0,0,332496.96,34.99,2001,44,4.49,25.41
133961,Active,2277262,NA,NA,S,2,1,11121.75,0,2014,0,0,7.48
133962,Active,3730424,NA,NA,S,0,0,532541,55,2016,16,19.12,30.75
133963,Active,635327,NA,NA,S,1,0,105013.1,69.95,2004,20,17.98,77.51
133964,Active,1627269,NA,NA,S,0,0,126964.65,29.95,2013,39,14.1,18.87
133965,Active,2065787,NA,NA,S,0,0,75946.925,0,2012,20,32.48,261.58
133966,Active,863607,NA,NA,S,0,0,433884.8163,60,2008,48,6.98,62.44
133967,Active,2020592,NA,NA,S,0,0,57101.275,40,2013,31,15.31,17.54
133968,Active,2020571,NA,NA,S,0,0,24251.875,29.95,2012,25,7.12,10.39
133969,Active,2020548,NA,NA,S,1,0,109930.3,40,2010,52,7.18,21.8
133970,Active,684786,NA,NA,S,2,1,51835.95,24.95,2012,25,6.12,16.74
133971,Active,1704480,NA,NA,S,1,0,4491.725,35,2011,55,7.82,18.94
133972,Active,57652,NA,NA,S,4,1,698158.6825,52.25,1997,27,4,48.97
133973,Active,2085153,NA,NA,S,0,0,21566.725,26.99,2014,53,9.31,18.04
133974,Active,568078,NA,NA,S,1,0,27110.0325,20.95,2012,24,15.24,13.51
133975,Active,527696,NA,NA,S,2,1,40611.45,26.95,2010,35,5.08,13.79
133976,Active,2113101,NA,NA,S,0,0,189945.125,26.95,2015,15,15.25,17.77
133977,Active,866412,NA,NA,S,0,0,139649.4913,96.95,2014,58,5.33,19.99
133978,Active,179109,NA,NA,S,1,0,1202.375,28.99,2009,45,17.49,16.63
133979,Active,3528762,NA,NA,S,0,0,221078.9,29.95,2012,27,8.47,20.18
133980,Active,1869161,NA,NA,S,0,0,67398.725,22.95,2013,19,18.45,18.49
133981,Active,1669620,NA,NA,S,0,0,234392.2763,19.99,2007,48,4,14.08
133982,Active,922594,NA,NA,S,0,0,550593.84,5.95,2007,87,3.78,4
133983,Active,1502834,NA,NA,S,1,0,30.875,27.99,2015,34,17.98,15.99
133984,Active,3623376,NA,NA,S,1,0,89151.55,24.95,2011,19,16.68,19.65
133985,Active,1607193,NA,NA,S,1,0,62664.2,26,2015,31,5.08,10.83
133986,Active,690372,NA,NA,S,0,0,131352.5,24.95,2008,18,6.79,24.95
133987,Active,1938423,NA,NA,S,0,0,133105.925,40,2013,23,24.86,24.87
133988,Active,682585,NA,NA,S,1,0,58832.35,27.95,2012,34,10.49,14.23
133989,Active,2541968,NA,NA,S,1,0,695830.4575,40.95,2003,26,11.43,31.35
133990,Active,2103788,NA,NA,S,1,0,210148.4,22.95,2013,46,7.4,11.33
133991,Active,377652,NA,NA,S,0,0,226410.15,21.95,2008,64,4.38,13.84
133992,Active,2167952,NA,NA,S,1,0,102003.575,39.95,2013,10,32.81,28.99
133993,Active,645380,NA,NA,S,1,0,180980.275,52,2010,18,26.47,30.33
133994,Active,641592,NA,NA,S,0,0,62082.255,34.95,2008,61,20.75,22.76
133995,Active,639749,NA,NA,S,1,0,583145.6463,32,2013,22,16.78,52.42
133996,Active,2591871,NA,NA,S,0,0,660953.0363,54.99,1992,23,15.57,43.88
133997,Active,2512680,NA,NA,S,0,0,8700.99125,18.95,1981,76,7.75,10.42
133998,Active,892993,NA,NA,S,0,0,62927.6975,19.99,2015,18,15.85,17.95
133999,Active,2775820,NA,NA,S,1,0,728113.6063,24.95,2004,27,13.86,18.99
134000,Active,2136590,NA,NA,S,2,1,65700.25,24.95,2015,14,21.26,17.91
134001,Active,922337,NA,NA,S,3,1,41293.76625,68.25,2014,81,33.84,53.94
134002,Active,154428,NA,NA,S,6,1,132978.15,68.25,2003,117,4.44,25.62
134003,Active,154043,NA,NA,S,8,1,38836.22125,58.5,2011,125,8.04,17.06
134004,Active,154072,NA,NA,S,7,1,651240.1963,62.5,2001,49,4,19.73
134005,Active,439816,NA,NA,S,3,1,25744.3,58.5,2012,117,6.43,13.48
134006,Active,615659,NA,NA,S,0,0,216050.4613,69.5,1997,88,5.94,36.92
134007,Active,154186,NA,NA,S,6,1,630021.4175,56.8,1995,44,4,15.97
134008,Active,1534610,NA,NA,S,0,0,38749.29375,100,2014,31,47.33,51.6
134009,Active,1535818,NA,NA,S,0,0,86591.05,52.25,2015,14,36.29,40.48
134010,Active,3513233,NA,NA,S,4,1,3994,58,2016,44,51.42,47.99
134011,Active,154360,NA,NA,S,8,1,673804.615,62.5,2001,67,4,10.94
134012,Active,3513228,NA,NA,S,14,1,20859,40,2016,31,39.06,42.48
134013,Active,637039,NA,NA,S,11,1,172797.115,119.75,2010,29,19.66,23.98
134014,Active,633159,NA,NA,S,11,1,264815.685,67.75,2011,38,18.47,50.6
134015,Active,3513362,NA,NA,S,3,1,349159.825,58.5,2015,12,35.05,45.13
134016,Active,732330,NA,NA,S,0,0,14378.35125,17.99,2002,168,4,9.77
134017,Active,2060286,NA,NA,S,0,0,23604.6,24.95,2009,23,14.5,13.97
134018,Active,1627990,NA,NA,S,0,0,27041.8,29.95,2015,16,23.66,20.97
134019,Active,675510,NA,NA,S,1,0,41431.25,25.99,2011,36,7.97,12.77
134020,Active,2079665,NA,NA,S,0,0,10772.05,27.99,2014,25,15.9,18.08
134021,Active,686589,NA,NA,S,1,0,8258.85,25,2013,20,16.48,17.36
134022,Active,1752857,NA,NA,S,0,0,23620.3,34,2015,16,23.54,22.66
134023,Active,2895463,NA,NA,S,0,0,190896.8,56.65,2005,74,6.45,58.68
134024,Active,1432353,NA,NA,S,0,0,62100.275,25.99,2012,23,13.3,16.49
134025,Active,2667117,NA,NA,S,0,0,396537.9063,49.95,1972,90,5.49,28.97
134026,Active,1716715,NA,NA,S,0,0,123580.8,29.95,2007,36,16.4,19.74
134027,Active,1485222,NA,NA,S,0,0,153489.075,21.99,2011,31,4.37,14.4
134028,Active,687416,NA,NA,S,0,0,121902.025,26.95,2011,47,16.09,23.43
134029,Active,652619,NA,NA,S,0,0,76723.35,75,2012,22,38.99,44.61
134030,Active,1584387,NA,NA,S,0,0,647497.0663,54.99,2010,20,5.52,42.24
134031,Active,635061,NA,NA,S,1,0,27240.125,32,2010,58,8.63,18.87
134032,Active,2082074,NA,NA,S,1,0,48529.55,26.95,2015,20,15.39,17.25
134033,Active,635203,NA,NA,S,2,1,116367.1838,85.95,2008,40,18.74,62.5
134034,Active,1463087,NA,NA,S,1,0,97588.8,24.95,2015,11,18.04,15.63
134035,Active,144637,NA,NA,S,2,1,616034.8788,44.99,2003,21,5.8,38.34
134036,Active,183807,NA,NA,S,2,1,657954.3425,88.95,2001,50,4,9
134037,Active,2041734,NA,NA,S,0,0,474.025,24.95,2014,34,17.85,14.85
134038,Active,1470882,NA,NA,S,1,0,48290.1,29.95,2015,16,13.9,20.27
134039,Active,1626189,NA,NA,S,1,0,108763.25,35,2015,18,18.77,23.49
134040,Active,1628551,NA,NA,S,0,0,90322.925,25.57,2014,11,27.83,25.11
134041,Active,914247,NA,NA,S,0,0,11780.525,24,2010,26,14.25,14.25
134042,Active,3817862,NA,NA,S,2,1,36767.35,5.99,2002,238,4,5.62
134043,Active,164145,NA,NA,S,1,0,367581.0413,99,1997,70,3.9,40.48
134044,Active,2282644,NA,NA,S,3,1,22895.8,0,2014,0,0,14.48
134045,Active,685357,NA,NA,S,13,1,179716.425,24,2013,22,4.77,17.74
134046,Active,679310,NA,NA,S,2,1,91719.6,24.95,2008,33,8.6,16.9
134047,Active,2019587,NA,NA,S,4,1,10730.575,30,2014,23,22.71,28.99
134048,Active,2170462,NA,NA,S,0,0,19894.925,22.99,2015,22,12.8,12.97
134049,Active,199881,NA,NA,S,1,0,204059.9413,25.95,1997,32,5.29,24.84
134050,Active,1918229,NA,NA,S,2,1,46823.55,29.99,2013,6,18.89,18.89
134051,Active,3960136,NA,NA,S,14,1,32640.85,29.95,2015,15,22.46,19.77
134052,Active,289098,NA,NA,S,18,1,185586.775,26.95,2007,14,23.96,308.12
134053,Active,642176,NA,NA,S,1,0,556381.9425,49.99,2012,44,4.13,0
134054,Active,2024058,NA,NA,S,0,0,193.675,25,2014,31,13.39,14.09
134055,Active,625545,NA,NA,S,2,1,664901.1675,56,1993,48,4,37.97
134056,Active,2791843,NA,NA,S,0,0,47824.465,18.99,1993,61,4,13.5
134057,Active,722279,NA,NA,S,0,0,75250.97125,34.95,1999,20,23.79,18.58
134058,Active,619753,NA,NA,S,3,1,133288.65,35,2012,40,14.99,24.43
134059,Active,2500835,NA,NA,S,1,0,300796.3513,55,1985,36,16.81,85.2
134060,Active,3548073,NA,NA,S,1,0,100672.775,27.95,2012,49,8.36,33.88
134061,Active,1483676,NA,NA,S,1,0,15525.4,60,2014,39,29.08,31.75
134062,Active,2085079,NA,NA,S,0,0,113585.05,21.99,2011,19,16.67,15.4
134063,Active,2046470,NA,NA,S,1,0,117774.975,27.99,2014,25,8.27,15.94
134064,Active,3520331,NA,NA,S,0,0,17633.575,25,2011,48,6.57,7.41
134065,Active,685349,NA,NA,S,1,0,67412,25.99,2013,69,5.03,6.47
134066,Active,508990,NA,NA,S,0,0,203744.975,34.95,2007,13,18.01,18.01
134067,Active,1660668,NA,NA,S,1,0,52193.7,29.99,2011,16,18.89,19.25
134068,Active,678856,NA,NA,S,1,0,317.8,24.95,2013,44,14.2,13.99
134069,Active,2169120,NA,NA,S,0,0,85574.3,24.95,2014,17,16.31,15.49
134070,Active,674748,NA,NA,S,1,0,87243.6,26.99,2012,69,4,11.69
134071,Active,1856626,NA,NA,S,0,0,34955.175,22.99,2010,18,10.77,17.66
134072,Active,3729534,NA,NA,S,0,0,147493.825,39.99,2011,13,16.38,27.42
134073,Active,1856646,NA,NA,S,0,0,57154.55,44.99,2011,13,32.99,31.73
134074,Active,3960241,NA,NA,S,0,0,81366.6,24.99,2007,45,4,19.67
134075,Active,1779992,NA,NA,S,1,0,227373.4,25,2013,27,7.2,16.78
134076,Active,2041797,NA,NA,S,1,0,14952.5,24.95,2015,28,12.98,14.01
134077,Active,527538,NA,NA,S,2,1,44990.825,22.95,2012,24,15.25,15.97
134078,Active,1569021,NA,NA,S,1,0,214421.45,22.95,2010,23,4,13.88
134079,Active,672958,NA,NA,S,0,0,3656.66375,19.95,2012,60,14.64,13.74
134080,Active,2019075,NA,NA,S,1,0,74178,27.95,2010,34,11.3,12.43
134081,Active,3774221,NA,NA,S,0,0,16269.425,24,2016,44,5.87,7.99
134082,Active,290105,NA,NA,S,1,0,695574.005,27.95,2006,139,3.99,4.94
134083,Active,797119,NA,NA,S,0,0,31833.95,26.99,2012,56,4,11.48
134084,Active,797401,NA,NA,S,0,0,535900.0588,39.99,2012,24,23.49,27.04
134085,Active,2060158,NA,NA,S,0,0,87884.85,34.95,2008,26,5.96,14.64
134086,Active,2103088,NA,NA,S,0,0,50563.55,30,2015,16,16.39,17
134087,Active,618705,NA,NA,S,5,1,467053.58,41.95,1971,59,5.98,13.73
134088,Active,750389,NA,NA,S,0,0,115484.575,45,2008,20,18.99,28.33
134089,Active,2033924,NA,NA,S,1,0,35677.15,22.95,2008,35,6.2,15.2
134090,Active,1669123,NA,NA,S,0,0,25993.675,25.95,2014,27,6.49,6.35
134091,Active,1433519,NA,NA,S,0,0,16474.025,26.99,2015,33,14.51,16.58
134092,Active,1616873,NA,NA,S,1,0,87995.95,49.95,2009,17,47.78,47.06
134093,Active,649884,NA,NA,S,2,1,234869.47,34.99,2011,18,14.82,22.98
134094,Active,3634953,NA,NA,S,1,0,73964.575,60,2016,11,32.9,34.16
134095,Active,1646654,NA,NA,S,0,0,135880.55,24.99,2015,60,5.1,17.6
134096,Active,2662306,NA,NA,S,0,0,23076.40875,16.95,1994,70,6.56,11.61
134097,Active,2464436,NA,NA,S,1,0,737616.6713,23.95,1995,43,4,23.96
134098,Active,465675,NA,NA,S,0,0,749445.8775,55,2002,27,12.44,33.94
134099,Active,1696420,NA,NA,S,0,0,82526.95,29.95,2015,16,20.95,22.94
134100,Active,621553,NA,NA,S,1,0,502503.7338,59.95,1975,31,33.93,55.62
134101,Active,2043830,NA,NA,S,0,0,22550.575,24.99,2015,12,17.71,16.63
134102,Active,639268,NA,NA,S,0,0,31015.675,34.95,2009,13,24.99,25.07
134103,Active,678258,NA,NA,S,0,0,51176.95,29.95,2010,28,19.56,20.84
134104,Active,592704,NA,NA,S,0,0,58684.6,30,2012,21,13.91,20.67
134105,Active,609780,NA,NA,S,3,1,263993.4625,70,2008,35,25.76,59.48
134106,Active,1595467,NA,NA,S,1,0,33662.15,27.95,2014,49,7.55,15.98
134107,Active,702058,NA,NA,S,1,0,428218.495,24.95,2010,22,5.47,13.94
134108,Active,685972,NA,NA,S,1,0,107618.05,26,2012,17,16.69,17.97
134109,Active,1750392,NA,NA,S,3,1,38008.325,26.95,2010,19,24.84,25.89
134110,Active,426149,NA,NA,S,0,0,579203.025,99,2000,57,4,12
134111,Active,2596809,NA,NA,S,0,0,400653.0938,44.99,1989,36,8.93,34.57
134112,Active,2053400,NA,NA,S,0,0,176374.9,76.28,2010,12,20.39,49.72
134113,Active,918780,NA,NA,S,1,0,63541.025,25,2007,35,10.09,14.61
134114,Active,1627818,NA,NA,S,1,0,5591.5,35,2014,19,24.67,24.97
134115,Active,3828051,NA,NA,S,0,0,116063.625,29.95,2011,25,12.96,20.65
134116,Active,1732872,NA,NA,S,0,0,31039.325,24,2012,19,13.53,15.36
134117,Active,906828,NA,NA,S,1,0,441124.405,71,2005,20,18.77,41.66
134118,Active,172662,NA,NA,S,1,0,101221.725,34.99,2011,29,17.49,22.97
134119,Active,126593,NA,NA,S,0,0,665438.8313,35,2003,51,32.93,33.05
134120,Active,209430,NA,NA,S,0,0,583378.8425,37,2001,30,8.6,27.05
134121,Active,1629543,NA,NA,S,0,0,118282.6,24.95,2007,19,18.73,24.95
134122,Active,181308,NA,NA,S,1,0,295200.875,57.95,2002,47,4.93,42.27
134123,Active,527465,NA,NA,S,3,1,200955.3738,53.95,2007,33,18.15,41.38
134124,Active,554640,NA,NA,S,2,1,568838.7413,61.95,1997,33,4.8,33.96
134125,Active,893107,NA,NA,S,0,0,626976.7863,45,2012,22,11.96,26.85
134126,Active,2039155,NA,NA,S,1,0,38851.375,49.95,2014,18,29.89,37.25
134127,Active,3797897,NA,NA,S,0,0,76584.475,22.95,2008,18,17.4,16.21
134128,Active,3572158,NA,NA,S,0,0,55497.125,35,2011,29,22.86,23.05
134129,Active,735100,NA,NA,S,1,0,189057.325,34.99,2010,34,6.95,8.34
134130,Active,682291,NA,NA,S,1,0,199998.725,24.95,2011,23,12.62,16.23
134131,Active,627763,NA,NA,S,0,0,258535.1675,45,1986,56,4,41.83
134132,Active,1781214,NA,NA,S,1,0,102620.1,25,2015,17,12.89,12.54
134133,Active,3509841,NA,NA,S,0,0,32346.625,28,2015,18,19.2,18.4
134134,Active,2399005,NA,NA,S,3,1,284745.9975,18.29,1984,29,4,67.53
134135,Active,643582,NA,NA,S,0,0,712556.0825,55,1997,30,10.19,44.98
134136,Active,3795906,NA,NA,S,1,0,41382.8,35,2015,16,24.65,17.83
134137,Active,181199,NA,NA,S,1,0,562128.7888,66.95,1997,45,17.59,55.2
134138,Active,3517053,NA,NA,S,1,0,108274.075,42.95,2015,13,39.65,34.48
134139,Active,688457,NA,NA,S,1,0,58431.875,34.95,2013,18,26.11,22.45
134140,Active,2538338,NA,NA,S,3,1,664172.275,41.95,2001,23,18.99,36.16
134141,Active,1666949,NA,NA,S,0,0,707891.295,39.95,2009,17,34.49,42.7
134142,Active,155815,NA,NA,S,1,0,61372.73375,14.95,1998,348,4,7.41
134143,Active,1480034,NA,NA,S,1,0,77854.025,31.95,2014,15,22.96,22.94
134144,Active,2216443,NA,NA,S,0,0,85552.875,60,2014,21,40.32,40.47
134145,Active,682592,NA,NA,S,0,0,7947.5,30,2012,64,12.62,15.97
134146,Active,702311,NA,NA,S,1,0,62854.05,30,2012,14,13.82,18.09
134147,Active,720638,NA,NA,S,0,0,621209.1325,45,2002,24,16.74,26.9
134148,Active,909939,NA,NA,S,2,1,147737.175,24.95,2010,15,18.93,18.94
134149,Active,555177,NA,NA,S,1,0,521455.5075,112.95,1973,56,4.31,29.94
134150,Active,664624,NA,NA,S,1,0,111863.125,36.95,2013,12,18.64,29.71
134151,Active,2406231,NA,NA,S,1,0,682729.2475,44.99,1992,106,4,21.99
134152,Active,922273,NA,NA,S,0,0,275772.9175,45,1991,85,4,11.54
134153,Active,719328,NA,NA,S,1,0,121261.3,49.95,2009,24,8.49,39.96
134154,Active,556164,NA,NA,S,0,0,209021.05,34.95,2008,57,4.98,15.43
134155,Active,126094,NA,NA,S,0,0,495505.9813,44.99,1999,65,4,18.94
134156,Active,866994,NA,NA,S,3,1,307484.1925,65,2014,45,15.5,34.69
134157,Active,1466118,NA,NA,S,1,0,548348.605,65,2006,42,4,43.14
134158,Active,719348,NA,NA,S,1,0,359809.5738,99,2000,41,4.98,37.98
134159,Active,2400712,NA,NA,S,0,0,311506.6338,75,1992,268,4,13.24
134160,Active,2405382,NA,NA,S,0,0,576365.4913,70,1992,162,4,8.13
134161,Active,2415969,NA,NA,S,4,1,21226.46375,65,2015,20,41.43,40.21
134162,Active,539808,NA,NA,S,6,1,533888.7463,49.95,2012,16,18.24,0
134163,Active,3483285,NA,NA,S,3,1,65369,17.95,2016,14,13.91,11.35
134164,Active,1480230,NA,NA,S,1,0,68430.725,39.95,2015,7,39.92,39.94
134165,Active,896826,NA,NA,S,4,1,70748.4,24.95,2015,18,20.34,20.34
134166,Active,129030,NA,NA,S,1,0,712113.9775,88.75,2005,35,12.57,61.02
134167,Active,898899,NA,NA,S,0,0,447876.5425,56,2012,20,11.99,43.98
134168,Active,907293,NA,NA,S,1,0,581373.9138,200,2008,17,45.94,118.07
134169,Active,903822,NA,NA,S,0,0,715376.535,44.95,2005,26,17.64,34.96
134170,Active,646536,NA,NA,S,1,0,394915.4425,51,2007,29,14.99,38.86
134171,Active,1478311,NA,NA,S,1,0,315297.725,170,2012,24,60.7,94.13
134172,Active,896915,NA,NA,S,0,0,296574.5025,58,2013,28,8.16,49.22
134173,Active,126798,NA,NA,S,1,0,432795.8175,59.95,2005,28,19.47,55.19
134174,Active,556271,NA,NA,S,1,0,250172.9275,71,2005,32,13.98,43.99
134175,Active,861773,NA,NA,S,1,0,750899.8713,31.95,2013,16,26.45,28.9
134176,Active,723189,NA,NA,S,1,0,632770.6075,38.95,2007,20,23.97,35.91
134177,Active,129412,NA,NA,S,1,0,470755.2738,55,2010,32,8.59,53.72
134178,Active,556332,NA,NA,S,1,0,649823.2213,62,2008,32,12.33,46.5
134179,Active,1471218,NA,NA,S,1,0,323441.3563,74,2013,17,16.99,62.5
134180,Active,1470880,NA,NA,S,0,0,761949.0713,78,2013,31,17.74,57.13
134181,Active,129294,NA,NA,S,1,0,539506.8188,55,2009,39,13.09,45.54
134182,Active,124650,NA,NA,S,0,0,63699.255,19.95,2004,75,7.06,11.98
134183,Active,539838,NA,NA,S,0,0,651883.1375,27.95,2013,25,20.24,22.04
134184,Active,2401684,NA,NA,S,0,0,330525.0688,99,1965,139,4.58,46.46
134185,Active,125846,NA,NA,S,0,0,627142.8788,60,1996,63,5.52,18.99
134186,Active,556226,NA,NA,S,0,0,190481.875,60,2001,24,28.95,45.88
134187,Active,124640,NA,NA,S,0,0,375099.78,29.95,2004,29,7.52,59.77
134188,Active,129236,NA,NA,S,0,0,668718.3963,34.95,2009,47,7.58,20.23
134189,Active,919346,NA,NA,S,0,0,617788.0863,45,1997,41,7.2,13.97
134190,Active,127883,NA,NA,S,1,0,262239.4538,55,1995,58,4,37.53
134191,Active,1474953,NA,NA,S,1,0,91002.225,39.95,2015,14,20.68,24.97
134192,Active,129393,NA,NA,S,1,0,99507.25,20.95,2010,21,8.46,13.69
134193,Active,158639,NA,NA,S,3,1,47776.3525,8.99,2009,50,4,0
134194,Active,125102,NA,NA,S,2,1,30858.07875,17.95,1998,58,8.56,26.49
134195,Active,2057717,NA,NA,S,1,0,527619.1888,50,2008,52,4.24,46.93
134196,Active,2067992,NA,NA,S,0,0,60525.575,24.95,2014,20,10.48,11.33
134197,Active,892719,NA,NA,S,0,0,7028.4,21.99,2014,21,10.76,15.14
134198,Active,2647608,NA,NA,S,0,0,301673.8325,48.95,1993,38,13.49,32.86
134199,Active,1529793,NA,NA,S,0,0,43058.95,23.96,2010,9,14.14,17.67
134200,Active,1834809,NA,NA,S,1,0,72152.775,25.99,2015,8,19.52,17.92
134201,Active,2095373,NA,NA,S,0,0,194360.4,35,2013,15,7.98,6.29
134202,Active,1573745,NA,NA,S,1,0,76869.5,21.95,2014,11,17.78,17.9
134203,Active,2586100,NA,NA,S,1,0,56113.65,57.95,2002,17,37.86,40.46
134204,Active,441804,NA,NA,S,1,0,741666.1888,40.95,2010,30,8.96,33.94
134205,Active,2105758,NA,NA,S,1,0,6844.55,39.95,2014,24,22.99,24.99
134206,Active,2106950,NA,NA,S,1,0,17651.05,21.95,2015,13,14.83,16.79
134207,Active,3829135,NA,NA,S,0,0,51430.2,29.95,2013,31,9.23,18.06
134208,Active,2105760,NA,NA,S,0,0,8192.6,34.95,2014,39,17.89,22.13
134209,Active,2167846,NA,NA,S,1,0,38249.45,27,2013,33,11.28,14.98
134210,Active,3746025,NA,NA,S,0,0,406298.9,46.99,2012,56,4,12.93
134211,Active,820400,NA,NA,S,0,0,784656.78,21.95,2004,21,4.48,16.99
134212,Active,688351,NA,NA,S,0,0,83101.025,24.99,2008,12,23.44,20.69
134213,Active,797493,NA,NA,S,0,0,81734.075,24.99,2012,26,5.84,16.13
134214,Active,1576393,NA,NA,S,1,0,233307.225,34.95,2010,32,3.56,22.62
134215,Active,2773632,NA,NA,S,1,0,529140.415,46.5,1993,21,13.46,59.67
134216,Active,686330,NA,NA,S,0,0,532569.2913,24.99,2010,25,43,0
134217,Active,722355,NA,NA,S,1,0,327414.2688,44.99,1997,26,14.62,56.33
134218,Active,1738599,NA,NA,S,2,1,100198.825,21.95,2007,42,5.65,14.65
134219,Active,1434336,NA,NA,S,0,0,93415.7,25,2015,20,15.51,17.55
134220,Active,3803441,NA,NA,S,0,0,49398.525,60,2015,17,40.98,36.69
134221,Active,578413,NA,NA,S,1,0,288741.1425,26.95,1998,27,14.1,26.95
134222,Active,673940,NA,NA,S,0,0,49096.125,25.95,2013,8,22.3,25.95
134223,Active,3530099,NA,NA,S,1,0,50877.175,27.95,2012,53,4,8.97
134224,Active,3553508,NA,NA,S,1,0,435761.1,45,2009,50,4,8.87
134225,Active,2098630,NA,NA,S,0,0,76477.9,28,2014,23,13.4,23.76
134226,Active,1484341,NA,NA,S,1,0,182583.425,22,2009,20,18.81,19.99
134227,Active,1483812,NA,NA,S,0,0,12105.3,22.5,2008,24,20.8,21.2
134228,Active,2058128,NA,NA,S,1,0,42243.275,25.95,2011,60,5.92,17.99
134229,Active,189162,NA,NA,S,20,1,305061.9338,30.95,1997,31,4.98,15.8
134230,Active,817099,NA,NA,S,1,0,143556.8038,14.95,1979,52,4,63.92
134231,Active,3466791,NA,NA,S,1,0,91166.925,25.99,2011,50,8.52,8.98
134232,Active,1576290,NA,NA,S,1,0,24028.325,29.95,2010,23,17.99,23.37
134233,Active,1641981,NA,NA,S,0,0,582001.6013,41.99,2013,24,11.08,32.71
134234,Active,2066268,NA,NA,S,1,0,115170.725,24.95,2012,24,13.87,18.77
134235,Active,2087681,NA,NA,S,0,0,67630.25,29.95,2014,15,21.73,20.99
134236,Active,1565950,NA,NA,S,0,0,9137.4,28.99,2015,31,11.87,16.94
134237,Active,3960178,NA,NA,S,1,0,25517.075,24.95,2015,40,8.75,15.75
134238,Active,1908298,NA,NA,S,0,0,113226.65,23.99,2012,21,12.13,15.48
134239,Active,2018799,NA,NA,S,0,0,94780.075,39.99,2014,12,24.73,26.88
134240,Active,1617015,NA,NA,S,1,0,12689.325,28.95,2009,22,17.98,18
134241,Active,1836716,NA,NA,S,0,0,10040.45,24.95,2011,28,14.94,16.49
134242,Active,1693257,NA,NA,S,1,0,340866.3388,23.95,2007,31,9.94,23.95
134243,Active,1503721,NA,NA,S,0,0,78225.95,27.99,2010,25,10.94,19.27
134244,Active,689700,NA,NA,S,0,0,72951.4,28.95,2011,25,12.45,28.93
134245,Active,1568100,NA,NA,S,1,0,176570.95,24,2008,18,17.6,18.48
134246,Active,676848,NA,NA,S,0,0,19310.35,26,2013,22,18.75,18.33
134247,Active,123557,NA,NA,S,4,1,11807.55,22,2008,56,9.98,11
134248,Active,554420,NA,NA,S,8,1,239685.675,22.95,2011,14,13.98,11.24
134249,Active,527315,NA,NA,S,0,0,596235.6175,40,2009,21,43.98,99.99
134250,Active,556896,NA,NA,S,4,1,462388.8988,116,2011,45,13.04,40.31
134251,Active,1461268,NA,NA,S,0,0,185125.725,28,2007,26,5.84,17.65
134252,Active,1460565,NA,NA,S,2,1,136219.3,24.95,2013,13,17.99,17.61
134253,Active,1460309,NA,NA,S,0,0,161648.975,30,2010,20,17.84,20.51
134254,Active,1830608,NA,NA,S,1,0,152561.125,32.95,2007,68,4,19.16
134255,Active,2329864,NA,NA,S,1,0,11700.15375,12.99,2005,525,4,4.98
134256,Active,741022,NA,NA,S,1,0,213029.4,34,2007,27,14.44,28.29
134257,Active,288011,NA,NA,S,1,0,197960,34.95,2010,17,14.99,26.39
134258,Active,1718130,NA,NA,S,0,0,146786.225,20.99,2014,19,10.37,12.98
134259,Active,646988,NA,NA,S,0,0,144162.45,30,2013,22,5.26,14.11
134260,Active,626353,NA,NA,S,0,0,59981.925,35,2008,16,18.96,26.6
134261,Active,680623,NA,NA,S,0,0,208440.45,29,2010,19,20.22,24.99
134262,Active,686041,NA,NA,S,14,1,51386.45,24.99,2012,19,11.95,16.66
134263,Active,1619673,NA,NA,S,0,0,105598.725,28,2014,12,24.49,21.3
134264,Active,1740359,NA,NA,S,0,0,32946.65,39,2014,16,20.75,23.51
134265,Active,1536518,NA,NA,S,0,0,82894.525,27.95,2014,31,8.64,16.91
134266,Active,261058,NA,NA,S,0,0,191279.4425,39.95,2005,30,6.48,28.27
134267,Active,626217,NA,NA,S,1,0,16534.1,30,2011,47,12.35,16.9
134268,Active,2102423,NA,NA,S,1,0,6045.1,21.99,2015,20,15.98,13.21
134269,Active,1959154,NA,NA,S,0,0,48838.5,25,2011,15,17.81,22.27
134270,Active,1728683,NA,NA,S,0,0,73950.675,44.95,2012,14,27.9,27.99
134271,Active,569168,NA,NA,S,1,0,199250.25,34.99,2009,22,21.31,27.99
134272,Active,1494152,NA,NA,S,0,0,109554.775,40,2010,9,22.94,25.7
134273,Active,162614,NA,NA,S,4,1,749147.0713,19.95,2008,95,4,6.96
134274,Active,564211,NA,NA,S,1,0,134777.6,24.95,2007,46,4,13.24
134275,Active,1535809,NA,NA,S,6,1,376915.2988,60,2013,12,43.99,0
134276,Active,1523878,NA,NA,S,0,0,58216.375,26,2014,42,6.04,6.12
134277,Active,2032586,NA,NA,S,0,0,744390.035,18.95,2006,33,5.76,12.72
134278,Active,685396,NA,NA,S,7,1,313593.79,24.95,2012,65,28.36,53.97
134279,Active,3598557,NA,NA,S,0,0,98204.375,55,2016,16,33.07,33.1
134280,Active,677294,NA,NA,S,2,1,56896.8,23.95,2010,52,12.07,16.4
134281,Active,911775,NA,NA,S,4,1,561315.3313,79.95,2009,32,12.42,361.61
134282,Active,822329,NA,NA,S,1,0,222502.425,27,2011,38,4,11
134283,Active,853369,NA,NA,S,2,1,688802.8363,73.15,2002,24,5.37,15.98
134284,Active,2257687,NA,NA,S,5,1,272660.1,42.13,2010,51,9.67,29.98
134285,Active,680227,NA,NA,S,0,0,5703.65,25,2011,36,13.44,15.23
134286,Active,631797,NA,NA,S,1,0,252278.4,51.95,2005,31,16.58,34.17
134287,Active,556193,NA,NA,S,1,0,497034.055,70,2011,13,40.94,48.99
134288,Active,2416084,NA,NA,S,1,0,312016.69,49.95,1977,38,5.96,48.43
134289,Active,1839255,NA,NA,S,0,0,612617.79,46.95,2008,28,5.81,32.48
134290,Active,217046,NA,NA,S,1,0,147798.6,35,2007,22,4.09,26.49
134291,Active,246373,NA,NA,S,1,0,289370.1038,41.95,2007,33,13.28,33.22
134292,Active,911710,NA,NA,S,0,0,583926.5813,51,1997,28,15.92,37.94
134293,Active,1706709,NA,NA,S,0,0,286323.39,19.95,2012,26,9.43,12.05
134294,Active,894865,NA,NA,S,0,0,1253.375,21.95,2014,20,11.15,13.17
134295,Active,2050719,NA,NA,S,0,0,36182.925,34.99,2009,43,13.94,20.94
134296,Active,859609,NA,NA,S,0,0,23023.55,29.95,2007,57,16.46,16.27
134297,Active,558397,NA,NA,S,1,0,8029.525,29.95,2007,52,16.98,33.94
134298,Active,687470,NA,NA,S,0,0,417622.32,24.95,2010,33,4,0
134299,Active,685986,NA,NA,S,1,0,110461.6,29.99,2012,20,19.72,19.72
134300,Active,2051815,NA,NA,S,0,0,9539.15,24.95,2014,15,18.87,19.69
134301,Active,673949,NA,NA,S,0,0,4979.65,24.99,2010,20,16.76,17.94
134302,Active,686032,NA,NA,S,0,0,114614.25,24.95,2012,13,25.39,16.64
134303,Active,677816,NA,NA,S,3,1,185132.625,24.99,2012,14,10.39,11.73
134304,Active,739745,NA,NA,S,1,0,529557.9938,49.99,2003,70,4,11.27
134305,Active,642000,NA,NA,S,2,1,237799.6713,59.99,2013,35,12.07,41.01
134306,Active,777215,NA,NA,S,1,0,693403.8038,39.99,2003,95,4,5
134307,Active,1517410,NA,NA,S,1,0,116040.6,49.99,2013,29,21.42,31.69
134308,Active,1455951,NA,NA,S,1,0,65271.325,49.99,2015,15,28.99,28.99
134309,Active,2273923,NA,NA,S,15,1,664359.525,143.69,1900,34,18.99,28.98
134310,Active,677288,NA,NA,S,1,0,33457.925,29.95,2011,56,14.15,20.03
134311,Active,859321,NA,NA,S,6,1,855218.0538,83,2005,35,6.36,61.82
134312,Active,2458683,NA,NA,S,1,0,727953.1788,22.95,2003,46,4.48,33.99
134313,Active,2879185,NA,NA,S,0,0,778841.0388,59.99,2005,26,15.34,39.28
134314,Active,918948,NA,NA,S,0,0,78162.85,26.99,2009,33,4.49,20.28
134315,Active,3576756,NA,NA,S,0,0,74219.925,25,2014,16,15.58,18.73
134316,Active,3477419,NA,NA,S,0,0,600496.25,59.95,2007,59,14.14,32.96
134317,Active,677004,NA,NA,S,1,0,707.925,29.99,2012,64,13.15,17.37
134318,Active,1434014,NA,NA,S,0,0,180945.35,27.99,2014,33,4,8.08
134319,Active,2542819,NA,NA,S,0,0,541041.0475,51.95,2003,35,4,19.84
134320,Active,2079702,NA,NA,S,0,0,3888.15,29.99,2014,16,12.44,18.57
134321,Active,1713592,NA,NA,S,0,0,141105.5,29.95,2014,18,20.32,22.79
134322,Active,672418,NA,NA,S,1,0,2777.0575,14.95,2002,126,5.81,10.24
134323,Active,898631,NA,NA,S,3,1,34156.7,24.99,2014,18,21.84,18.28
134324,Active,1958123,NA,NA,S,0,0,14809.525,30,2014,26,14.57,15.89
134325,Active,2068001,NA,NA,S,0,0,207365.075,24.95,2015,16,11.62,14.22
134326,Active,2020948,NA,NA,S,0,0,28054.35,24.95,2014,23,13.48,13.91
134327,Active,622952,NA,NA,S,0,0,43569.35,36,2013,33,13.93,21.84
134328,Active,1834693,NA,NA,S,1,0,56627.6,25.95,2014,33,10.48,17.61
134329,Active,295170,NA,NA,S,2,1,87600.075,27.95,2011,19,18.99,27.94
134330,Active,208607,NA,NA,S,3,1,98791.4625,112.8,2002,64,13.99,63.99
134331,Active,771933,NA,NA,S,0,0,846472.8563,45,2004,27,4,13.89
134332,Active,3801953,NA,NA,S,0,0,171212.825,35.95,2013,10,10.23,31.94
134333,Active,151588,NA,NA,S,1,0,266669.8525,26.95,1999,52,8.99,51.94
134334,Active,1753826,NA,NA,S,5,1,2743.625,24.95,2013,13,18.55,14.84
134335,Active,1753824,NA,NA,S,5,1,33111.86625,29.95,2013,38,24.38,24.16
134336,Active,531751,NA,NA,S,3,1,207499.4863,9.95,2006,60,4,8.39
134337,Active,569016,NA,NA,S,2,1,359707.6713,17.99,2006,37,6.92,9.83
134338,Active,3528545,NA,NA,S,1,0,57465.7,26.95,2007,28,12.66,22.42
134339,Active,186938,NA,NA,S,0,0,305876.09,40,1999,20,47.22,138.93
134340,Active,3730864,NA,NA,S,0,0,31293.075,44.95,2015,18,37.27,40.1
134341,Active,1727914,NA,NA,S,5,1,186673.15,39.95,2008,27,20.68,25.98
134342,Active,2166688,NA,NA,S,0,0,90819.875,29.99,2012,8,20.39,29.99
134343,Active,2406504,NA,NA,S,0,0,139697.93,44.99,1992,28,5.73,25.99
134344,Active,3622854,NA,NA,S,1,0,156490.65,49.95,2010,25,25.11,36.99
134345,Active,557657,NA,NA,S,1,0,80549.825,47.6,2012,20,28.04,37.15
134346,Active,262692,NA,NA,S,3,1,153563.05,45.95,2006,23,12.19,38.68
134347,Active,667296,NA,NA,S,0,0,289007.8275,49.95,2012,15,32.05,0
134348,Active,2435571,NA,NA,S,0,0,709912.8925,22,1996,23,8.74,16.99
134349,Active,1558607,NA,NA,S,1,0,136951.525,38.95,2014,14,26.94,36.42
134350,Active,158330,NA,NA,S,0,0,121615.0538,49.95,2010,20,29.91,0
134351,Active,1584512,NA,NA,S,2,1,135374.8,34.99,2011,22,20.47,28.97
134352,Active,1590434,NA,NA,S,0,0,657335.9063,34.99,2014,15,5.98,23.45
134353,Active,2051645,NA,NA,S,1,0,76141.6,21.99,2011,31,7.8,14.45
134354,Active,2051627,NA,NA,S,0,0,78204.65,21.99,2008,58,7.97,14.09
134355,Active,3513278,NA,NA,S,1,0,10188.825,28.95,2016,12,22.49,19.16
134356,Active,684739,NA,NA,S,0,0,15531.6,25,2013,40,10.22,16.24
134357,Active,157757,NA,NA,S,1,0,291801.5388,55.95,2010,34,17.99,47.36
134358,Active,689661,NA,NA,S,0,0,102386.275,29.99,2012,33,23.03,28.61
134359,Active,718923,NA,NA,S,0,0,659317.1463,50,1997,33,4,27.21
134360,Active,527118,NA,NA,S,3,1,498015.2963,54.99,2011,39,15.59,32.99
134361,Active,2088189,NA,NA,S,0,0,173098.075,34.95,2014,24,15.52,35.53
134362,Active,575794,NA,NA,S,3,1,536135.6138,57.57,2003,22,4.3,73.97
134363,Active,771666,NA,NA,S,1,0,134350.85,113.95,2006,27,35.77,63.98
134364,Active,255894,NA,NA,S,0,0,55897.7625,32.95,2003,44,13.69,18.22
134365,Active,1647086,NA,NA,S,1,0,137166.45,24.95,2013,13,20.88,22.04
134366,Active,2406031,NA,NA,S,0,0,736135.2163,50,1991,54,4,21.49
134367,Active,1483999,NA,NA,S,0,0,219219.4,27.5,2015,16,19.49,24.37
134368,Active,637172,NA,NA,S,0,0,126660.25,36.95,2008,13,26.95,27.97
134369,Active,539865,NA,NA,S,3,1,91725.17125,62.95,2013,44,12.53,23.33
134370,Active,359420,NA,NA,S,0,0,104649.0788,24.95,2010,40,12.66,13.97
134371,Active,172337,NA,NA,S,1,0,647836.7563,54.99,2001,41,4,39.97
134372,Active,1969892,NA,NA,S,0,0,43508.65,30,2014,58,5.18,5.97
134373,Active,2005002,NA,NA,S,0,0,126038.775,34.95,2013,16,23,23.98
134374,Active,649441,NA,NA,S,1,0,52254.95,35,2014,63,6.26,9.97
134375,Active,690797,NA,NA,S,0,0,28211.375,26.99,2013,17,23.36,18.56
134376,Active,2093063,NA,NA,S,1,0,187476.3,24.95,2013,31,7.72,16.47
134377,Active,632537,NA,NA,S,1,0,226704.4475,54.95,2005,24,16.21,42.86
134378,Active,681867,NA,NA,S,1,0,64972.465,22.95,2009,26,10.43,22.91
134379,Active,1461427,NA,NA,S,0,0,100423.725,23,2014,17,13.31,12.47
134380,Active,1461363,NA,NA,S,0,0,85002.4,22,2007,19,10.43,12.98
134381,Active,626360,NA,NA,S,0,0,76145.55,55,2008,36,34.54,48
134382,Active,1697296,NA,NA,S,1,0,20569.4,24.95,2014,31,10.03,12.98
134383,Active,719758,NA,NA,S,1,0,721528.1575,62.95,1999,24,6.27,10.85
134384,Active,2043742,NA,NA,S,0,0,108842.725,24.99,2011,14,12.8,13.97
134385,Active,2160893,NA,NA,S,0,0,119576.4,23.95,2008,23,8.88,16.49
134386,Active,2540734,NA,NA,S,2,1,179425.9488,20.95,2002,44,15.57,16.17
134387,Active,721876,NA,NA,S,0,0,751998.915,45,2005,40,7.78,22.68
134388,Active,1716137,NA,NA,S,0,0,127940.4,21.95,2014,13,20.87,19.57
134389,Active,909927,NA,NA,S,1,0,163522.4463,65,1974,63,24.01,63.94
134390,Active,1924808,NA,NA,S,0,0,11549.25,29.95,2010,16,15.99,19.97
134391,Active,126109,NA,NA,S,0,0,54270.14875,19.95,2000,86,6.93,13.15
134392,Active,3804912,NA,NA,S,3,1,50810,19.95,2016,15,15.36,15.55
134393,Active,194322,NA,NA,S,1,0,73015.91125,13.99,2007,295,4,10.99
134394,Active,2087640,NA,NA,S,1,0,27920.15,21.95,2013,25,11.99,13.05
134395,Active,125822,NA,NA,S,0,0,336327.2288,34.99,1996,43,7.84,26.43
134396,Active,249388,NA,NA,S,0,0,154372.975,25,2007,67,4.33,11.44
134397,Active,408558,NA,NA,S,0,0,585815.2688,34.95,2009,31,5.29,39.49
134398,Active,260038,NA,NA,S,1,0,625102.36,55,2002,43,7.58,40.21
134399,Active,1779157,NA,NA,S,1,0,36299.825,24.95,2013,39,8.14,13.43
134400,Active,3483953,NA,NA,S,5,1,18056.35,88.95,2015,75,47.33,75.99
134401,Active,650029,NA,NA,S,0,0,691255.6763,36.95,2010,20,23.71,34.28
134402,Active,1860048,NA,NA,S,0,0,73637.625,28,2013,46,8.36,10.97
134403,Active,642137,NA,NA,S,0,0,29798.125,40,2012,17,27.34,23.81
134404,Active,3960004,NA,NA,S,0,0,7377.225,26,2015,52,10.53,13.32
134405,Active,246779,NA,NA,S,2,1,270583.8813,45.95,2009,33,7.56,34.74
134406,Active,527083,NA,NA,S,5,1,13834.9425,250,2012,72,45.69,106.89
134407,Active,1598264,NA,NA,S,1,0,37512.25,25,2013,47,4,6.3
134408,Active,898646,NA,NA,S,3,1,97863.0925,25,2015,17,15.2,17.04
134409,Active,289030,NA,NA,S,0,0,4773.325,16,1996,511,4,0
134410,Active,911550,NA,NA,S,2,1,8208.5,24,2013,20,23.99,22.8
134411,Active,678736,NA,NA,S,0,0,34754.975,30,2010,29,13.65,20.09
134412,Active,1710090,NA,NA,S,0,0,19755.275,22,2011,21,11.31,15.75
134413,Active,214348,NA,NA,S,2,1,513195.7263,22.95,2007,60,4,5.66
134414,Active,3682714,NA,NA,S,0,0,113649.05,22.99,2014,19,11.98,11.98
134415,Active,135418,NA,NA,S,0,0,59656.375,25,2011,17,20.49,19.28
134416,Active,689057,NA,NA,S,0,0,91099.65,24,2013,65,4.07,6.39
134417,Active,2054471,NA,NA,S,1,0,132931.4,39.95,2014,10,37.89,33.34
134418,Active,685389,NA,NA,S,1,0,55338.875,24.95,2012,22,15.57,16.34
134419,Active,1555401,NA,NA,S,1,0,105338.425,44.95,2014,12,37.11,37.11
134420,Active,3828666,NA,NA,S,0,0,166561.525,24.95,2011,11,14.89,24.95
134421,Active,1437610,NA,NA,S,1,0,73246.225,25,2015,32,7.86,12.5
134422,Active,250886,NA,NA,S,1,0,90032.6,35,2008,35,12.83,18.23
134423,Active,1437412,NA,NA,S,1,0,47044.65,29,2015,28,10.99,18.07
134424,Active,1565330,NA,NA,S,0,0,30210.875,24.95,2015,20,14.47,16.6
134425,Active,1781173,NA,NA,S,1,0,56122.75,25,2014,25,4,9.98
134426,Active,2018706,NA,NA,S,0,0,733617.5725,14.99,2006,23,4,12.9
134427,Active,1993734,NA,NA,S,0,0,36636.425,21.95,2013,11,18.42,21.31
134428,Active,3620971,NA,NA,S,0,0,613891.25,64.99,2004,101,3.59,31.46
134429,Active,631635,NA,NA,S,0,0,68725.175,39.99,2009,14,22.99,33.13
134430,Active,2869273,NA,NA,S,0,0,503741.9875,30.95,1989,21,15.5,28.77
134431,Active,757334,NA,NA,S,1,0,587269.8075,55,1999,29,22.53,66.66
134432,Active,665523,NA,NA,S,0,0,78668.075,55,2011,15,47.94,49.5
134433,Active,543605,NA,NA,S,0,0,674748.5838,69.95,2012,29,16.23,60.35
134434,Active,679277,NA,NA,S,0,0,37736.95,24.95,2010,40,8.56,15.98
134435,Active,629693,NA,NA,S,1,0,492223.7275,48.95,1998,24,5.94,41.12
134436,Active,740642,NA,NA,S,1,0,385155.71,17.6,2005,30,6.57,10.99
134437,Active,2275322,NA,NA,S,0,0,792420.6325,43.64,2009,37,15.81,27.35
134438,Active,250888,NA,NA,S,1,0,4007.475,32,2009,56,15.07,17.17
134439,Active,802046,NA,NA,S,0,0,140452.1,33.95,2011,13,22.98,28.52
134440,Active,574355,NA,NA,S,1,0,471266.4675,27.99,2003,53,4,47.29
134441,Active,716391,NA,NA,S,2,1,371372.9188,135.6,2012,25,31.61,125.49
134442,Active,684846,NA,NA,S,0,0,107224.975,29.95,2011,31,15.52,18.99
134443,Active,2427226,NA,NA,S,0,0,667227.83,130.67,1991,31,4,37.99
134444,Active,527042,NA,NA,S,3,1,24913.4025,29.95,2011,28,22.49,20.8
134445,Active,2619207,NA,NA,S,1,0,351436.5175,80.95,1994,37,4,18.98
134446,Active,1679708,NA,NA,S,0,0,58227.825,24.99,2012,13,16.21,16.22
134447,Active,2033778,NA,NA,S,0,0,152995.125,22.95,2007,38,13.36,15.96
134448,Active,867670,NA,NA,S,2,1,87949.36,127,2012,34,23.99,59.97
134449,Active,1624100,NA,NA,S,0,0,32668.875,30,2014,15,22.46,23.25
134450,Active,615785,NA,NA,S,1,0,53988.775,49.99,1999,36,19.3,28.79
134451,Active,763759,NA,NA,S,6,1,818847.6988,67.95,1998,22,4,60.95
134452,Active,1938942,NA,NA,S,0,0,177565.1,49,2015,16,28.99,37.45
134453,Active,2082065,NA,NA,S,0,0,79193.45,22.95,2014,16,14.58,16.44
134454,Active,2606745,NA,NA,S,0,0,543643.6363,44.99,1997,43,4.99,35.11
134455,Active,2060256,NA,NA,S,0,0,88837.95,22.95,2008,70,8.48,10.98
134456,Active,1966660,NA,NA,S,0,0,93096.4,22.95,2014,33,17.34,16.24
134457,Active,2016649,NA,NA,S,1,0,14302.875,21.95,2009,21,7.66,16.61
134458,Active,1576515,NA,NA,S,0,0,221206.9,34.95,2012,16,16.04,23.7
134459,Active,1995517,NA,NA,S,0,0,3744.225,22,2014,7,20.99,19.8
134460,Active,1598365,NA,NA,S,0,0,131802.45,26,2013,22,8.26,9.43
134461,Active,2407228,NA,NA,S,0,0,547727.2575,60,1993,25,8.49,33.3
134462,Active,3800322,NA,NA,S,0,0,64079.975,29.99,2012,46,15.35,19.94
134463,Active,1924656,NA,NA,S,0,0,102458.675,24.95,2015,20,17.58,15.49
134464,Active,2407089,NA,NA,S,0,0,424434.3463,49.95,1993,39,4,43.94
134465,Active,677161,NA,NA,S,3,1,23908.8,33.95,2009,20,19.99,23.97
134466,Active,3754734,NA,NA,S,0,0,82565.975,45,2016,11,37.34,37.99
134467,Active,684680,NA,NA,S,0,0,35807.9,24.99,2013,17,12.99,13.47
134468,Active,2020610,NA,NA,S,0,0,95452,26.95,2015,14,18.69,17.46
134469,Active,1669170,NA,NA,S,1,0,109313.05,28.95,2014,30,11.1,16.47
134470,Active,2024074,NA,NA,S,1,0,1602.6,25,2014,15,14.87,14.88
134471,Active,3801845,NA,NA,S,0,0,168228.875,25,2013,21,12.1,18.99
134472,Active,190143,NA,NA,S,0,0,73004.475,21.95,2009,36,9.48,11.96
134473,Active,2539291,NA,NA,S,2,1,332347.665,45.95,2001,24,9.38,32.4
134474,Active,1627069,NA,NA,S,0,0,103733.225,28.95,2008,19,26.96,26.97
134475,Active,679580,NA,NA,S,1,0,2513.825,22.95,2011,52,11.98,13.31
134476,Active,680824,NA,NA,S,1,0,53538.1,22.95,2012,28,7.38,16.24
134477,Active,1752545,NA,NA,S,1,0,10058.25,29.99,2010,67,13.2,20.98
134478,Active,679123,NA,NA,S,1,0,75890.2,24.95,2013,55,7.14,10.58
134479,Active,3624907,NA,NA,S,1,0,1134.625,26,2016,17,19.43,15.48
134480,Active,732348,NA,NA,S,1,0,557694.9075,54.99,2001,25,7.95,41.8
134481,Active,2044241,NA,NA,S,1,0,31461.2,29.95,2010,22,19.86,22.65
134482,Active,1625628,NA,NA,S,0,0,137881.625,35,2015,15,27.55,26.21
134483,Active,1778003,NA,NA,S,1,0,64629.725,29.95,2012,25,10.61,16.2
134484,Active,3572163,NA,NA,S,0,0,193342.45,35,2012,20,23,122.01
134485,Active,1598392,NA,NA,S,0,0,4389.575,25,2013,25,13.35,14.05
134486,Active,542482,NA,NA,S,0,0,151608.525,45,2009,20,25.07,28.97
134487,Active,407428,NA,NA,S,0,0,91121.825,35,2010,28,16.59,19.6
134488,Active,1779502,NA,NA,S,1,0,7988.1,27.95,2014,22,17.94,18.33
134489,Active,685742,NA,NA,S,3,1,140608,25,2009,38,21.41,22.64
134490,Active,634919,NA,NA,S,0,0,46411.375,41.95,2011,32,28.93,29.79
134491,Active,386455,NA,NA,S,0,0,104847.375,36.95,2008,28,13.89,30.95
134492,Active,592382,NA,NA,S,0,0,178069.9025,60,2012,63,23.24,27.48
134493,Active,2045208,NA,NA,S,1,0,11154.45,24.95,2014,16,15.86,15.87
134494,Active,1517506,NA,NA,S,0,0,168875.225,175,2014,18,22.15,43.99
134495,Active,547201,NA,NA,S,1,0,30966.475,39.95,2009,18,23.92,25.22
134496,Active,450297,NA,NA,S,0,0,142820.9,25.95,2010,29,11.39,13.55
134497,Active,300272,NA,NA,S,1,0,39267.275,29.95,2007,70,4.95,15.09
134498,Active,543699,NA,NA,S,2,1,97600.66125,19.99,2012,66,13.96,15.3
134499,Active,628797,NA,NA,S,0,0,64940.7,50,2008,37,27.59,33.31
134500,Active,1588109,NA,NA,S,0,0,224861.5888,34.99,2006,24,13.77,29.2
134501,Active,913781,NA,NA,S,1,0,88341.4,24.99,2010,26,6.1,6.97
134502,Active,1761573,NA,NA,S,0,0,63594.675,30,2015,9,29.29,29.32
134503,Active,3531606,NA,NA,S,0,0,25396,27,2015,50,12.98,16.43
134504,Active,545333,NA,NA,S,0,0,2874.775,22,2008,64,10.98,12.63
134505,Active,665377,NA,NA,S,0,0,109712.05,44,2012,19,30.66,30.66
134506,Active,718579,NA,NA,S,0,0,735599.9575,60,1997,23,4.48,28.82
134507,Active,126019,NA,NA,S,2,1,310344.26,30,1999,27,19.11,32.49
134508,Active,1715828,NA,NA,S,0,0,48847.05,23.95,2011,19,23.45,21.85
134509,Active,113941,NA,NA,S,3,1,684055.5863,56.8,1999,57,3.79,18.95
134510,Active,1498647,NA,NA,S,0,0,45566.5,36.99,2013,7,23.88,24.46
134511,Active,685894,NA,NA,S,1,0,19845,25,2013,28,12.19,15.26
134512,Active,162325,NA,NA,S,1,0,97114.00875,48,2007,36,18.64,27.67
134513,Active,622218,NA,NA,S,5,1,78381.96625,93.95,2013,50,21.99,26.97
134514,Active,585787,NA,NA,S,0,0,62272.6,21.95,2007,29,4.87,14.85
134515,Active,2567334,NA,NA,S,0,0,539992.2388,34.95,1999,61,4.47,19.31
134516,Active,765629,NA,NA,S,1,0,716250.1225,174.95,2004,33,4,85.45
134517,Active,3960399,NA,NA,S,0,0,140405.925,26.95,2015,29,11.96,14.19
134518,Active,298579,NA,NA,S,1,0,24863.275,30,2011,24,17.33,18.49
134519,Active,685111,NA,NA,S,0,0,65704.925,24.95,2010,23,21.58,21.67
134520,Active,2110056,NA,NA,S,0,0,69629.275,24.95,2013,26,8.83,15.99
134521,Active,2284366,NA,NA,S,2,1,24566,0,2014,0,0,4.49
134522,Active,3797583,NA,NA,S,0,0,50057.975,29.95,2007,24,13.89,18.15
134523,Active,2059214,NA,NA,S,0,0,5672.125,34.95,2013,14,21.99,18.5
134524,Active,1700820,NA,NA,S,0,0,71354.65,24,2011,25,11.18,17.33
134525,Active,1677317,NA,NA,S,1,0,67248.4,27.99,2015,23,14.43,17.73
134526,Active,2054418,NA,NA,S,1,0,71859.025,24.95,2012,17,18.28,23.24
134527,Active,2060275,NA,NA,S,2,1,31447.425,21.95,2010,27,11.94,15.74
134528,Active,3582006,NA,NA,S,0,0,138042.725,24.95,2014,12,18.47,18.42
134529,Active,1484162,NA,NA,S,1,0,210796.35,29,2012,25,5.83,20.58
134530,Active,1460333,NA,NA,S,0,0,154378.05,22,2008,12,14.2,11.77
134531,Active,476683,NA,NA,S,0,0,8992.575,25,2012,42,13.16,17
134532,Active,2930649,NA,NA,S,4,1,25649.12375,73.95,2015,15,49.33,64.54
134533,Active,2406990,NA,NA,S,0,0,465811.29,55,1993,34,4,38.24
134534,Active,649868,NA,NA,S,5,1,502028.13,45,2012,31,11.55,34
134535,Active,2345809,NA,NA,S,1,0,725106.3013,123.19,1991,31,7.5,94.15
134536,Active,658046,NA,NA,S,1,0,125589.8263,47.95,2013,32,17.62,33.18
134537,Active,760582,NA,NA,S,5,1,533671.54,75.95,2003,19,7.01,39.99
134538,Active,1649522,NA,NA,S,0,0,223003.225,29.95,2015,14,24.87,22.03
134539,Active,1589528,NA,NA,S,1,0,765310.7363,34.99,2008,20,31.71,28.97
134540,Active,1778561,NA,NA,S,1,0,473723.635,129.95,2014,26,36.61,100.43
134541,Active,597606,NA,NA,S,1,0,346093.7325,40,1997,22,4,23.87
134542,Active,793579,NA,NA,S,0,0,383897.3125,56.95,2004,42,4.98,36.9
134543,Active,291338,NA,NA,S,1,0,830079.6763,54.99,2010,23,3.85,33.94
134544,Active,526791,NA,NA,S,2,1,96779.94875,90.2,2005,59,10.61,87.5
134545,Active,261344,NA,NA,S,1,0,747154.37,60,2001,35,18.4,59
134546,Active,889112,NA,NA,S,0,0,126485.125,30,2014,7,19.45,20.98
134547,Active,113315,NA,NA,S,0,0,283270.115,50.95,2001,31,17.79,41.61
134548,Active,268385,NA,NA,S,1,0,452952.1813,75,2005,32,5.5,62.76
134549,Active,3629122,NA,NA,S,2,1,176134.075,39.99,2015,10,40.19,37.86
134550,Active,2649667,NA,NA,S,1,0,377534.045,41.95,2005,34,9.89,20.98
134551,Active,672969,NA,NA,S,0,0,8456.975,16,2012,107,6.1,6.57
134552,Active,622398,NA,NA,S,1,0,880007.1225,49.95,1998,38,4,50.61
134553,Active,3804908,NA,NA,S,3,1,20382,24.95,2016,13,19.21,18.03
134554,Active,1731074,NA,NA,S,1,0,283546,113.75,2009,17,10.51,55.03
134555,Active,682658,NA,NA,S,0,0,224255.225,30.95,2010,25,22.49,30.95
134556,Active,1939173,NA,NA,S,0,0,25233.825,70,2015,9,56.41,61.27
134557,Active,3477457,NA,NA,S,0,0,8192.075,64,2015,16,43.22,38.11
134558,Active,676071,NA,NA,S,1,0,8886.375,26.95,2012,40,13.95,15.63
134559,Active,1710537,NA,NA,S,0,0,714635.2013,70,2013,45,18.93,25.96
134560,Active,799397,NA,NA,S,2,1,625494.7138,41.95,2008,34,17.19,17.19
134561,Active,3814345,NA,NA,S,0,0,195054.125,22,2009,21,12.78,25.56
134562,Active,881402,NA,NA,S,1,0,5338.85,0,2011,26,8.21,10.2
134563,Active,672549,NA,NA,S,1,0,17650.0275,21.99,2002,2542,3,4.83
134564,Active,620784,NA,NA,S,1,0,122819.175,22.94,2010,40,5.06,21
134565,Active,1461500,NA,NA,S,0,0,75999.85,25,2008,42,5.56,13.92
134566,Active,701713,NA,NA,S,1,0,48071.075,24,2009,41,8.56,11.86
134567,Active,195107,NA,NA,S,3,1,112766.3963,49.95,2007,68,10.77,35.91
134568,Active,732736,NA,NA,S,1,0,349287.4275,60,2003,107,4.56,46.97
134569,Active,176609,NA,NA,S,1,0,572933.9,177.95,2003,45,6.39,0
134570,Active,1677615,NA,NA,S,0,0,128385.6138,7.99,2012,45,4,7.02
134571,Active,1532336,NA,NA,S,1,0,10614.2,27.95,2015,27,17.49,18.21
134572,Active,2508744,NA,NA,S,0,0,416548.4925,18.95,1988,36,4.44,16.53
134573,Active,805440,NA,NA,S,0,0,221830.875,26,2007,17,8.96,166.49
134574,Active,1433810,NA,NA,S,1,0,42353.225,26.99,2014,44,7.48,10.67
134575,Active,1715804,NA,NA,S,0,0,31903.725,22.95,2011,12,19.85,18.55
134576,Active,1461773,NA,NA,S,0,0,11680.375,21,2012,63,7.22,7.22
134577,Active,2497165,NA,NA,S,1,0,263621.3263,15.95,2001,56,4,9.75
134578,Active,1494204,NA,NA,S,0,0,124168.475,40,2015,8,31.62,31.19
134579,Active,687756,NA,NA,S,0,0,59744.75,27.99,2009,23,13.82,17.12
134580,Active,680259,NA,NA,S,0,0,88526.275,26.99,2010,36,12.83,15.99
134581,Active,1706684,NA,NA,S,1,0,761206.105,50,2011,31,10.25,21.99
134582,Active,3602569,NA,NA,S,1,0,106133.375,22.95,2013,43,12.71,18.27
134583,Active,2038591,NA,NA,S,0,0,178039.65,25.95,2009,21,14.9,18.64
134584,Active,1918245,NA,NA,S,0,0,111850.4,28.99,2014,16,14.15,14.17
134585,Active,3827724,NA,NA,S,0,0,101093.225,49.95,2009,24,24.05,33.97
134586,Active,2077869,NA,NA,S,0,0,84977.825,29.95,2015,15,21.37,21.38
134587,Active,2167913,NA,NA,S,1,0,90442.275,25.95,2013,40,11.68,17.36
134588,Active,858728,NA,NA,S,1,0,23033.29875,21,1999,33,16.88,17.67
134589,Active,568622,NA,NA,S,0,0,255489.7363,39.99,1991,90,6.82,36.95
134590,Active,2066265,NA,NA,S,1,0,7453.85,21.95,2014,14,17.32,17.66
134591,Active,654222,NA,NA,S,0,0,248169.6,34.95,2010,15,21.99,33.3
134592,Active,626352,NA,NA,S,2,1,362406.5025,52.95,2008,44,11.58,38.39
134593,Active,3088524,NA,NA,S,0,0,2785.55125,15.99,2005,195,6.24,8.94
134594,Active,3828647,NA,NA,S,0,0,98629.425,34.95,2011,30,22.95,24.17
134595,Active,2900236,NA,NA,S,0,0,356579.5688,34.5,1983,62,4,30.66
134596,Active,1430375,NA,NA,S,0,0,951.8,22.99,2013,32,8.83,13.02
134597,Active,1430376,NA,NA,S,0,0,12190.575,22.99,2013,18,12.94,14.13
134598,Active,1460841,NA,NA,S,0,0,79491.4,26.97,2008,29,6.69,16.35
134599,Active,1565904,NA,NA,S,0,0,91469.3,26.99,2013,25,9.03,11.82
134600,Active,1584240,NA,NA,S,0,0,111165.075,34.99,2013,19,24.79,30.99
134601,Active,3561139,NA,NA,S,0,0,10627.025,28.99,2015,11,21.69,21.74
134602,Active,2085583,NA,NA,S,0,0,73926.475,55,2014,16,43.99,55
134603,Active,1724491,NA,NA,S,0,0,208480.45,26.95,2013,23,5.93,15.93
134604,Active,1480365,NA,NA,S,0,0,62498.225,20.95,2013,10,17.6,18.21
134605,Active,677357,NA,NA,S,1,0,47454.07125,29.95,1981,139,12.82,151.96
134606,Active,924275,NA,NA,S,6,1,41876.08375,34.95,2015,15,21.15,22.92
134607,Active,612647,NA,NA,S,1,0,53832.775,0,2013,12,29.94,33.77
134608,Active,2267192,NA,NA,S,0,0,215553.725,0,2011,25,12.99,36.94
134609,Active,674661,NA,NA,S,1,0,122871.975,24.95,2007,46,4,40.76
134610,Active,2165708,NA,NA,S,0,0,149006.075,24.95,2014,23,8.39,10.95
134611,Active,1623656,NA,NA,S,0,0,58761.225,29.99,2011,11,20.13,20.75
134612,Active,1623662,NA,NA,S,2,1,46812.35,39.99,2006,9,20.9,25.36
134613,Active,644140,NA,NA,S,6,1,5773.325,39.99,2005,15,23.98,23.58
134614,Active,1872529,NA,NA,S,2,1,215230.45,39.99,2007,12,23.55,24.88
134615,Active,647298,NA,NA,S,1,0,117077.5,38.95,2011,13,25.07,33.48
134616,Active,898622,NA,NA,S,2,1,21386.225,27.99,2014,25,8.98,17.48
134617,Active,1780485,NA,NA,S,1,0,23630.9,25,2014,10,14.94,14.95
134618,Active,1780331,NA,NA,S,1,0,10539.175,25,2014,8,15.98,15.9
134619,Active,2080796,NA,NA,S,0,0,123509.95,32,2014,21,10.07,10.98
134620,Active,1834800,NA,NA,S,1,0,226978.625,24.95,2014,29,4.48,10.11
134621,Active,3466804,NA,NA,S,0,0,127900.7,29.99,2013,37,4.61,12.98
134622,Active,1872490,NA,NA,S,0,0,48571.475,30,2014,9,18.32,21.35
134623,Active,2174022,NA,NA,S,0,0,141930.3,49.99,2013,16,37.77,41.05
134624,Active,1598509,NA,NA,S,1,0,15559.2,35,2015,22,13.98,13.98
134625,Active,1724673,NA,NA,S,0,0,56182.55,24.95,2015,30,10.54,16.53
134626,Active,1946818,NA,NA,S,0,0,190510.8263,35,2014,6,25.69,26.5
134627,Active,1471039,NA,NA,S,1,0,46992.725,49.95,2015,28,24.32,43.94
134628,Active,1872696,NA,NA,S,0,0,200502.2,29.99,2011,9,19.28,19.87
134629,Active,2034135,NA,NA,S,0,0,54454.375,21.95,2011,21,15.95,16.67
134630,Active,682537,NA,NA,S,1,0,53129.125,27.95,2013,65,6.74,10.98
134631,Active,1814999,NA,NA,S,1,0,10664.875,27.99,2015,33,8.98,10.73
134632,Active,1625756,NA,NA,S,0,0,107972.7,23,2010,17,16.86,21.85
134633,Active,898650,NA,NA,S,0,0,33660.2,26.99,2010,14,17.9,16.46
134634,Active,1479440,NA,NA,S,1,0,134503.625,26.95,2014,9,27.05,26.87
134635,Active,1778265,NA,NA,S,1,0,135568.1,24.99,2013,54,5.96,5.97
134636,Active,1565895,NA,NA,S,1,0,48435.5,28.99,2014,25,12.15,13.49
134637,Active,1500573,NA,NA,S,1,0,52252.075,21.99,2009,25,6.68,14.65
134638,Active,1619849,NA,NA,S,0,0,174382.4,35,2013,17,14.49,28.46
134639,Active,2118557,NA,NA,S,0,0,115641.25,21.95,2008,8,15.99,16.96
134640,Active,1431973,NA,NA,S,1,0,122411.45,25.99,2011,27,16.43,16.44
134641,Active,908062,NA,NA,S,0,0,295685.1638,57.99,2002,14,19.98,38.78
134642,Active,657894,NA,NA,S,1,0,423440.095,44.95,2013,24,9.98,26.72
134643,Active,1612628,NA,NA,S,1,0,37966.625,25,2009,18,16.32,18.46
134644,Active,2077882,NA,NA,S,0,0,95587.4,24.95,2014,13,18.51,18.51
134645,Active,2605490,NA,NA,S,0,0,710680.4375,44.99,1996,38,8.98,43.98
134646,Active,3102721,NA,NA,S,1,0,137179.7213,24.95,2005,46,8.21,17.65
134647,Active,2648959,NA,NA,S,1,0,687769.79,72.95,2001,26,13.44,40.54
134648,Active,918884,NA,NA,S,1,0,724462.9213,47.95,1993,70,4,9.42
134649,Active,664746,NA,NA,S,2,1,201612.9438,229,2013,76,16.21,63.99
134650,Active,2126038,NA,NA,S,0,0,70082.325,24.95,2008,17,13.99,15.29
134651,Active,153256,NA,NA,S,0,0,150701.175,29.95,2010,70,4.71,12.49
134652,Active,1840671,NA,NA,S,1,0,823697.7575,56.95,2011,28,4.81,29.81
134653,Active,685328,NA,NA,S,0,0,27077.275,25,2013,41,7.29,14.4
134654,Active,1474240,NA,NA,S,1,0,672951.1175,44.95,2010,39,13.27,27.97
134655,Active,3787552,NA,NA,S,0,0,140586.475,22,2007,15,16.73,22
134656,Active,1589782,NA,NA,S,0,0,310447.8575,49.99,2008,31,5,42.97
134657,Active,570871,NA,NA,S,1,0,72755.15,26,2010,44,4,7.94
134658,Active,763880,NA,NA,S,4,1,899986.0488,72.95,2000,39,3.97,4
134659,Active,1693239,NA,NA,S,0,0,437301.9588,23.95,2007,19,14.67,21.39
134660,Active,630279,NA,NA,S,0,0,506096.9325,43.95,2003,31,9.59,37.5
134661,Active,644180,NA,NA,S,1,0,266102.3688,109.43,2003,29,11.42,76.67
134662,Active,687140,NA,NA,S,1,0,44973.2,24.95,2007,18,23.67,24.95
134663,Active,3800807,NA,NA,S,1,0,73949.775,22.99,2012,33,10.97,18.53
134664,Active,218285,NA,NA,S,0,0,219886.025,30,2008,25,17.42,27.05
134665,Active,913060,NA,NA,S,0,0,93500.26875,24.95,2013,26,12.49,20.1
134666,Active,858528,NA,NA,S,2,1,2309.7475,22.99,1991,184,7.27,12.09
134667,Active,2401820,NA,NA,S,0,0,66263.0825,29.95,1951,168,4,23.65
134668,Active,1607463,NA,NA,S,1,0,108493.55,28,2013,34,6.52,9.32
134669,Active,1562062,NA,NA,S,0,0,99190.5525,5.99,2006,56,4,60.02
134670,Active,406295,NA,NA,S,1,0,412216.93,84.99,2007,27,12.13,31.99
134671,Active,3960147,NA,NA,S,0,0,57686.2,29.95,2012,18,23.3,20.08
134672,Active,1755386,NA,NA,S,0,0,18941.575,29.95,2011,14,14.34,20.32
134673,Active,612798,NA,NA,S,0,0,13473.25,40,2013,14,23.98,27.14
134674,Active,683944,NA,NA,S,1,0,27515.75,29.95,2010,20,25,23
134675,Active,145339,NA,NA,S,1,0,71678.575,128,2007,28,31.17,122.96
134676,Active,2071474,NA,NA,S,2,1,501724.52,19.18,2009,8,38.52,20.27
134677,Active,446929,NA,NA,S,1,0,128201.025,45,2011,13,24.35,27.56
134678,Active,683446,NA,NA,S,0,0,53548.05,27.95,2008,30,23.87,24.26
134679,Active,1780837,NA,NA,S,1,0,211757,28,2014,18,14.85,15.84
134680,Active,1478100,NA,NA,S,1,0,79046.975,83.95,2014,29,40.04,45.06
134681,Active,1500943,NA,NA,S,0,0,18446.1,22,2008,59,9.87,11.92
134682,Active,3486317,NA,NA,S,0,0,97394.65,40,2016,15,31,31.55
134683,Active,2048064,NA,NA,S,1,0,7919.475,24.95,2013,27,16.48,14.77
134684,Active,1779176,NA,NA,S,1,0,115722.6,28,2013,22,10.81,13.98
134685,Active,560096,NA,NA,S,1,0,233646.4,27.99,2010,60,5.16,13.75
134686,Active,174043,NA,NA,S,1,0,685478.675,44.99,1996,57,4,21.13
134687,Active,1433533,NA,NA,S,1,0,92679.55,29.99,2014,42,4.39,4.37
134688,Active,1815357,NA,NA,S,0,0,9656.2,26,2015,10,18.37,15.6
134689,Active,3634684,NA,NA,S,1,0,40909.375,25,2015,16,16.98,16.99
134690,Active,896860,NA,NA,S,2,1,99032.19125,25,2014,30,22.7,24.54
134691,Active,1996779,NA,NA,S,0,0,197063.725,40,2014,9,34.48,33.98
134692,Active,262757,NA,NA,S,3,1,98508.05,28.95,2009,13,23.97,28.75
134693,Active,196812,NA,NA,S,0,0,385099.1538,54.95,1998,40,8.7,31.11
134694,Active,805203,NA,NA,S,1,0,195510.35,26,2007,45,4,8.17
134695,Active,752487,NA,NA,S,1,0,112095.45,25.95,2010,40,4,8.3
134696,Active,2783291,NA,NA,S,0,0,163710.1913,20.95,2001,61,8.31,15.99
134697,Active,641771,NA,NA,S,2,1,145339.7213,39.95,2003,24,13.95,25.07
134698,Active,1762345,NA,NA,S,0,0,9959.6,22.99,2015,17,14.87,15.38
134699,Active,2372713,NA,NA,S,0,0,2560.05,120.73,2000,0,0,0
134700,Active,161087,NA,NA,S,0,0,76072.475,24,2009,35,12.68,18.7
134701,Active,581006,NA,NA,S,3,1,427615.1963,26,2004,35,4,24.46
134702,Active,3802998,NA,NA,S,0,0,43190.8,29.99,2014,20,12.91,20.56
134703,Active,2503859,NA,NA,S,0,0,148112.5388,22.95,1977,77,4,12.98
134704,Active,1750271,NA,NA,S,2,1,94669.025,16.95,2008,39,9.93,88.63
134705,Active,3558379,NA,NA,S,0,0,129665.85,29.95,2007,26,18.67,18.67
134706,Active,2007246,NA,NA,S,0,0,52887.525,34.95,2014,21,23.41,23.99
134707,Active,915293,NA,NA,S,0,0,45578.825,22,2013,25,13.94,14.06
134708,Active,103109,NA,NA,S,0,0,158592.025,21.99,2011,25,9.63,15.8
134709,Active,1626123,NA,NA,S,1,0,94661.725,39.95,2015,15,34.88,31.71
134710,Active,127506,NA,NA,S,1,0,87414.85,65.95,2009,20,24.66,36
134711,Active,2443224,NA,NA,S,0,0,333288.79,25.95,1990,31,12.48,19.89
134712,Active,622328,NA,NA,S,2,1,500653.8975,37,1994,46,5.94,27.36
134713,Active,907791,NA,NA,S,0,0,11391.725,29.99,2011,27,14.27,17.85
134714,Active,3744051,NA,NA,S,0,0,62555.55,45,2011,78,14.62,26.47
134715,Active,141841,NA,NA,S,1,0,43237.75,23,2007,16,13.99,18.75
134716,Active,2629059,NA,NA,S,1,0,38181.99,7.99,1998,56,4,7.38
134717,Active,2600922,NA,NA,S,0,0,801781.5125,54.99,1993,22,18.97,21.92
134718,Active,1972183,NA,NA,S,1,0,9618.55,26,2014,36,12.19,15.69
134719,Active,526525,NA,NA,S,2,1,61561.05,28.99,2012,34,10.2,21.93
134720,Active,3724607,NA,NA,S,0,0,50688.9,37.95,2010,36,19.23,23.29
134721,Active,1686653,NA,NA,S,0,0,3292.775,29.95,2014,17,14.89,15.73
134722,Active,2044298,NA,NA,S,0,0,52956.85,22.95,2014,16,11.72,16.24
134723,Active,2079740,NA,NA,S,0,0,14635.775,22,2015,14,16.2,15.11
134724,Active,2021288,NA,NA,S,1,0,90403.025,40,2007,24,19.31,23.95
134725,Active,3791503,NA,NA,S,1,0,113835.925,22,2010,35,8.95,14.4
134726,Active,526516,NA,NA,S,2,1,457414.07,19.95,2010,41,4.98,12.72
134727,Active,2254156,NA,NA,S,14,1,390886.6088,16.99,2011,73,5.57,15.98
134728,Active,1705438,NA,NA,S,1,0,565.15,28,2015,49,14.36,14.84
134729,Active,3960400,NA,NA,S,0,0,101491.45,45,2015,12,22.28,26.41
134730,Active,555258,NA,NA,S,0,0,262690.4663,29.95,1991,72,4.38,9.86
134731,Active,187374,NA,NA,S,0,0,277425.6125,40,2005,74,12.05,43.99
134732,Active,134113,NA,NA,S,1,0,3696.57125,17,2007,324,7.44,10.03
134733,Active,795176,NA,NA,S,9,1,310109.9813,116.95,2012,20,5.42,0
134734,Active,921766,NA,NA,S,1,0,124920.875,29.99,2009,45,4,8.49
134735,Active,2087618,NA,NA,S,0,0,7521.075,29.95,2013,6,16.82,17.16
134736,Active,675971,NA,NA,S,0,0,153841.775,28,2013,45,4,4.96
134737,Active,619395,NA,NA,S,0,0,130590.95,40,2007,36,8.03,24
134738,Active,1761042,NA,NA,S,1,0,16474.125,28.95,2014,8,39.89,28.95
134739,Active,3798163,NA,NA,S,0,0,452676.4,75,2009,46,38.67,45.97
134740,Active,2070808,NA,NA,S,0,0,91826.225,35,2009,28,8.89,23.95
134741,Active,2105766,NA,NA,S,1,0,7240.25,39.95,2014,14,25.56,25.01
134742,Active,1576836,NA,NA,S,2,1,578686.66,29.95,2014,19,29.44,29.45
134743,Active,2416329,NA,NA,S,2,1,713217.4475,12.95,1998,17,12.18,101.47
134744,Active,2154247,NA,NA,S,3,1,585569.7188,44.95,2014,18,19.63,44.73
134745,Active,1710352,NA,NA,S,0,0,97334.35,39.95,2012,14,20.73,29.89
134746,Active,627620,NA,NA,S,1,0,680884.4675,61.8,2004,23,15.43,33.93
134747,Active,2648923,NA,NA,S,1,0,299158.3825,64.95,2001,37,4.2,43.26
134748,Active,678757,NA,NA,S,1,0,476649.03,23.95,2008,38,5.58,16.34
134749,Active,1508354,NA,NA,S,5,1,46706.625,0,2011,18,7.81,0
134750,Active,1979249,NA,NA,S,0,0,103174.125,24.99,2014,22,10.13,12.46
134751,Active,2598987,NA,NA,S,0,0,429401.5938,49.99,1992,48,6.55,35.38
134752,Active,2776219,NA,NA,S,1,0,257064.7263,29.95,1987,24,7.56,23.24
134753,Active,162271,NA,NA,S,8,1,142930.5738,65.1,2009,47,18.9,151.61
134754,Active,644278,NA,NA,S,2,1,448938.0625,215,1994,30,6.6,43.19
134755,Active,1970126,NA,NA,S,1,0,86638.5,25.99,2014,50,4,5.47
134756,Active,1843738,NA,NA,S,7,1,734293.6388,21.99,2012,28,4,49.26
134757,Active,1849776,NA,NA,S,8,1,397459.8738,23.99,2015,18,12.99,15.88
134758,Active,3728282,NA,NA,S,8,1,68245.625,24.99,2014,27,15.72,15.78
134759,Active,1849737,NA,NA,S,6,1,19455.25,21.99,2014,15,15.51,13.32
134760,Active,3489314,NA,NA,S,0,0,31575.225,21.99,2015,17,12.79,14.34
134761,Active,1849780,NA,NA,S,5,1,34010.2475,21.99,2015,16,15.35,15.57
134762,Active,1843726,NA,NA,S,4,1,692522.3163,21.99,2012,39,4,21.99
134763,Active,3489325,NA,NA,S,4,1,345320.7,29.99,2015,19,18.92,17.13
134764,Active,1849674,NA,NA,S,3,1,794378.2313,26.99,2013,32,4.04,18.52
134765,Active,3489315,NA,NA,S,6,1,37104.875,25.99,2015,18,15.98,16.66
134766,Active,1849729,NA,NA,S,7,1,46950.3,24.99,2014,23,16.09,17.33
134767,Active,892817,NA,NA,S,4,1,212937.3675,28.99,2014,18,13.37,13.48
134768,Active,1849760,NA,NA,S,4,1,322049.3325,18.99,2013,39,4.98,12.64
134769,Active,3489330,NA,NA,S,5,1,177276,19.99,2016,19,11.95,13.84
134770,Active,544923,NA,NA,S,0,0,725664.2313,18.99,2013,46,4,0
134771,Active,3489324,NA,NA,S,6,1,79284.85,24.99,2015,20,16.28,14.51
134772,Active,1843747,NA,NA,S,5,1,645485.6825,21.99,2012,25,4,16.9
134773,Active,2435327,NA,NA,S,11,1,234220.4413,24.99,2015,16,16.45,16.18
134774,Active,1849750,NA,NA,S,11,1,742962.8125,26.99,2013,31,4,17.46
134775,Active,3489334,NA,NA,S,12,1,98750,26.99,2016,15,15.49,16.4
134776,Active,3489323,NA,NA,S,6,1,91007.275,21.99,2015,16,14.94,15
134777,Active,2130520,NA,NA,S,5,1,441017.3713,28.99,2011,30,4,16.92
134778,Active,3489329,NA,NA,S,3,1,270312.25,25.99,2015,18,12.31,16.31
134779,Active,3728281,NA,NA,S,5,1,112143.575,25.99,2014,22,12.72,14.35
134780,Active,3489327,NA,NA,S,0,0,250208,26.99,2015,22,16.32,17.17
134781,Active,1849748,NA,NA,S,10,1,480246.5275,25.99,2013,31,4,16.41
134782,Active,3489335,NA,NA,S,0,0,148693,25.99,2016,19,15.99,15.48
134783,Active,1843728,NA,NA,S,6,1,73526.925,22.99,2012,19,12.97,13.64
134784,Active,1849741,NA,NA,S,2,1,87513.7,24.99,2014,19,16.31,16.59
134785,Active,3489328,NA,NA,S,15,1,137337,21.99,2016,19,8.13,13.98
134786,Active,1849746,NA,NA,S,14,1,41106.075,23.99,2013,15,18.08,15.12
134787,Active,2130526,NA,NA,S,6,1,134698.875,23.99,2011,15,11.35,13.45
134788,Active,3728277,NA,NA,S,7,1,61048.7,20.99,2014,26,13.25,13.79
134789,Active,3728279,NA,NA,S,9,1,94466.825,21.99,2014,35,13.77,14.39
134790,Active,1849781,NA,NA,S,8,1,68439.475,27.99,2015,16,17.67,17.67
134791,Active,1849752,NA,NA,S,6,1,407414.4063,24.99,2013,18,6.58,14.57
134792,Active,1849768,NA,NA,S,15,1,61122.95,28.99,2015,16,20.74,17.99
134793,Active,1843724,NA,NA,S,6,1,143112.15,23.99,2012,29,4.82,14.37
134794,Active,1849740,NA,NA,S,6,1,84140,22.99,2014,17,14.37,14.48
134795,Active,1843695,NA,NA,S,3,1,789838.8038,26.99,2011,38,4,15.51
134796,Active,1849739,NA,NA,S,4,1,409593.195,26.99,2014,27,9.04,17.22
134797,Active,1849779,NA,NA,S,9,1,110383.25,24.99,2015,14,17.64,15.53
134798,Active,1849782,NA,NA,S,8,1,85604.875,24.99,2015,13,16.97,15.99
134799,Active,3728284,NA,NA,S,8,1,454702.7,24.99,2015,19,14.09,15.13
134800,Active,1843735,NA,NA,S,7,1,657832.9575,21.99,2012,31,4.47,20.83
134801,Active,2119209,NA,NA,S,5,1,555778.6275,34.99,2008,24,6.91,46.87
134802,Active,526487,NA,NA,S,8,1,292816.145,31.95,2010,24,17.06,23.95
134803,Active,647062,NA,NA,S,10,1,430936.305,34.95,2012,30,23.62,27.39
134804,Active,661730,NA,NA,S,0,0,803841.7438,56.95,2008,19,16.02,49.18
134805,Active,647887,NA,NA,S,0,0,427045.7175,56.95,2009,36,18.79,40.24
134806,Active,1553020,NA,NA,S,1,0,247545.95,32.95,2013,18,23.94,26.75
134807,Active,1541675,NA,NA,S,1,0,137053.375,72.95,2009,23,30.09,58.51
134808,Active,2535339,NA,NA,S,0,0,645627.0825,55.95,2000,26,7.86,51.18
134809,Active,2531368,NA,NA,S,1,0,314553.7413,45.95,1996,31,9.86,42.33
134810,Active,2007716,NA,NA,S,0,0,66009.975,34.95,2015,13,23.53,23.54
134811,Active,1626181,NA,NA,S,1,0,87920.6,29.95,2014,14,22.04,22.05
134812,Active,631600,NA,NA,S,1,0,106563.075,38.95,2010,45,8.99,23.18
134813,Active,288957,NA,NA,S,0,0,32770.15,40,2010,20,31,26.34
134814,Active,1815265,NA,NA,S,0,0,31937.3,30.99,2014,12,22,17.99
134815,Active,2785885,NA,NA,S,0,0,574501.6725,36.95,1981,36,10.42,33.95
134816,Active,553055,NA,NA,S,1,0,158935.15,24.99,2010,38,5.45,13.99
134817,Active,3713152,NA,NA,S,4,1,693287.25,26.99,2015,15,13.36,13.45
134818,Active,687338,NA,NA,S,0,0,5953.725,27.5,2013,26,15.67,15.98
134819,Active,1629703,NA,NA,S,1,0,102965.625,34.95,2015,17,28.78,28.56
134820,Active,1479706,NA,NA,S,1,0,179416.175,33.95,2012,14,24.11,25.55
134821,Active,181178,NA,NA,S,1,0,479544.7263,75.95,2001,52,18.94,60.13
134822,Active,682873,NA,NA,S,0,0,153889.55,28.95,2009,14,19.89,21.12
134823,Active,3752299,NA,NA,S,0,0,548483,39.95,2016,11,33.5,27.7
134824,Active,238751,NA,NA,S,3,1,192352.505,29.95,2001,71,5.61,0
134825,Active,1695316,NA,NA,S,0,0,115427,39.99,2011,16,23.96,23.97
134826,Active,1695347,NA,NA,S,0,0,51495.1,44.99,2012,16,27.99,31.09
134827,Active,1875548,NA,NA,S,5,1,87522.175,24.99,2013,14,14.31,17.49
134828,Active,635157,NA,NA,S,1,0,117138.2,33.97,2009,37,4.89,25.94
134829,Active,689129,NA,NA,S,0,0,39116.15,25.95,2012,44,4.99,23.36
134830,Active,3041311,NA,NA,S,0,0,467184.1925,49.95,1995,41,5.98,22.99
134831,Active,255069,NA,NA,S,3,1,68095.25875,17.95,2007,82,6.32,12.18
134832,Active,679407,NA,NA,S,6,1,169745.795,24.95,1977,58,4.72,21.89
134833,Active,912671,NA,NA,S,1,0,580127.9088,65,1995,27,4,52.99
134834,Active,2004438,NA,NA,S,1,0,316225.4838,45,2011,30,6.03,13.99
134835,Active,689751,NA,NA,S,0,0,39606.825,24,2009,16,25.97,22.8
134836,Active,1488190,NA,NA,S,1,0,178975.075,23.95,2009,22,13.46,16.68
134837,Active,1667925,NA,NA,S,1,0,533091.2463,62,2006,23,6.98,35.52
134838,Active,1695583,NA,NA,S,4,1,80997.6,24,2007,18,17.97,15.98
134839,Active,865558,NA,NA,S,4,1,51137.175,21.95,2013,29,15.96,19.95
134840,Active,621929,NA,NA,S,1,0,15945.45,23,2011,34,15.25,17.18
134841,Active,1781279,NA,NA,S,1,0,12939.875,25,2015,15,16.84,16.79
134842,Active,1781120,NA,NA,S,2,1,36906.1,20,2014,42,14.74,14.14
134843,Active,631203,NA,NA,S,2,1,597836.2175,75,1998,29,4,11.23
134844,Active,680301,NA,NA,S,1,0,50307.375,25,2008,55,4,15.75
134845,Active,2015323,NA,NA,S,0,0,92891.6,24.95,2015,15,13.12,17.87
134846,Active,490124,NA,NA,S,1,0,98253.4,24.95,2009,22,10.96,20.43
134847,Active,3725936,NA,NA,S,0,0,5104.475,24.99,2015,48,15.03,15.04
134848,Active,920966,NA,NA,S,0,0,426837.9175,19.99,1993,63,4.09,7.94
134849,Active,796212,NA,NA,S,1,0,285560.49,24.95,2003,62,4.84,13.98
134850,Active,682891,NA,NA,S,0,0,144313.15,29.95,2008,12,23.99,27.32
134851,Active,683061,NA,NA,S,0,0,55934.45,25.99,2013,12,15.75,17.14
134852,Active,2080734,NA,NA,S,1,0,59148.4,28,2013,43,4.49,8.19
134853,Active,3479676,NA,NA,S,1,0,101204.6,29.95,2015,12,26.78,24.17
134854,Active,1815197,NA,NA,S,1,0,48840.85,26.99,2015,27,8.95,10.23
134855,Active,1779260,NA,NA,S,1,0,44189.125,35,2013,30,10.43,10.98
134856,Active,685734,NA,NA,S,0,0,234247.1,25,2009,23,25.47,25.5
134857,Active,3528814,NA,NA,S,0,0,68280.85,29.95,2015,19,20.99,24.68
134858,Active,683413,NA,NA,S,0,0,155674.275,28.95,2009,17,22.14,22.3
134859,Active,655369,NA,NA,S,1,0,54636.225,34.95,2012,16,23.75,22.74
134860,Active,1958070,NA,NA,S,0,0,26155.45,25,2014,12,15.95,17.27
134861,Active,679258,NA,NA,S,0,0,20530.85,25.95,2011,26,14.87,17.8
134862,Active,2566743,NA,NA,S,1,0,28125.7625,15.95,1994,87,4,9.5
134863,Active,2562768,NA,NA,S,1,0,688581.16,16,1996,44,4,10.98
134864,Active,1676859,NA,NA,S,1,0,106868.175,22.99,2010,18,9.73,9.98
134865,Active,536067,NA,NA,S,0,0,103162.45,21.99,2009,23,10.96,16.78
134866,Active,636758,NA,NA,S,1,0,510685.945,40.95,2009,45,4.3,30.16
134867,Active,153763,NA,NA,S,1,0,49782.3,34,2007,27,21.64,21.69
134868,Active,689159,NA,NA,S,0,0,43612.725,24.95,2011,18,21.06,22.46
134869,Active,1479935,NA,NA,S,1,0,125743.2,31.95,2013,8,22.01,25.94
134870,Active,526381,NA,NA,S,2,1,321079.815,39.99,2008,29,11.94,27.52
134871,Active,2093230,NA,NA,S,0,0,90656.125,21,2012,36,9.46,13.63
134872,Active,920879,NA,NA,S,1,0,100881.4,24.95,2008,43,4,16.98
134873,Active,1526782,NA,NA,S,0,0,57855.775,24.95,2014,18,15.76,17.93
134874,Active,1535694,NA,NA,S,1,0,4056.95,24.95,2014,25,12.53,19.61
134875,Active,544883,NA,NA,S,1,0,208504.425,106.95,2013,24,35.69,39.78
134876,Active,548598,NA,NA,S,1,0,79306.35,26.99,2010,56,4,9.98
134877,Active,684151,NA,NA,S,1,0,15422.35,26.95,2013,18,17.96,18.11
134878,Active,888826,NA,NA,S,0,0,501946.0238,90,2012,15,46.97,50
134879,Active,1956913,NA,NA,S,1,0,163997.1,23.99,2012,21,21.14,118.99
134880,Active,1620486,NA,NA,S,1,0,41088.1,24.99,2014,13,22.11,22.48
134881,Active,1779122,NA,NA,S,1,0,228486.325,24.95,2012,27,6.13,11
134882,Active,559852,NA,NA,S,1,0,396048.48,18.99,2000,41,4,12.98
134883,Active,675632,NA,NA,S,1,0,23252.45,24.95,2007,33,36.23,108.99
134884,Active,1455937,NA,NA,S,1,0,77649.6,54.99,2015,14,41.99,43.45
134885,Active,644555,NA,NA,S,0,0,103702.425,47.5,2012,20,33.91,37.38
134886,Active,3143386,NA,NA,S,0,0,734806.6063,24.95,2014,32,22.45,24.95
134887,Active,1627712,NA,NA,S,0,0,138392.95,24.95,2013,12,19.61,19.97
134888,Active,1568428,NA,NA,S,1,0,11632.125,21.95,2010,17,15.87,15.78
134889,Active,533744,NA,NA,S,7,1,20154.02625,209.75,2012,82,19.26,141.36
134890,Active,339943,NA,NA,S,6,1,400681.405,140.5,2009,27,17.97,48.48
134891,Active,162622,NA,NA,S,1,0,140777.3,25.95,2010,32,6.06,12.48
134892,Active,650737,NA,NA,S,2,1,455781.7675,99,2009,21,5.39,78.39
134893,Active,649008,NA,NA,S,1,0,59421.875,23,2009,26,14.64,15.99
134894,Active,1584306,NA,NA,S,0,0,419493.9325,89.99,2011,37,11.31,66.69
134895,Active,2041517,NA,NA,S,1,0,118528.725,25.95,2009,37,9.62,62.99
134896,Active,1815869,NA,NA,S,5,1,302876.8,0,2011,23,5.21,34.78
134897,Active,1728617,NA,NA,S,0,0,120792.025,50,2012,10,34.71,34.43
134898,Active,2032244,NA,NA,S,0,0,38518.275,39.99,2009,18,15.99,25.69
134899,Active,592378,NA,NA,S,2,1,5583.2,21,2007,55,11.98,14.45
134900,Active,1691784,NA,NA,S,2,1,495378.9588,21.99,2006,18,11.98,21.98
134901,Active,1462738,NA,NA,S,0,0,162465.025,25.95,2007,31,7.98,18.71
134902,Active,597954,NA,NA,S,4,1,601522.22,47.95,2003,33,6.34,39.96
134903,Active,2278092,NA,NA,S,2,1,1367644,0,1900,46,6.38,29.64
134904,Active,1562061,NA,NA,S,0,0,242511.5988,5.99,2006,74,4,28.73
134905,Active,568811,NA,NA,S,0,0,675446.2713,44.99,2004,30,8.06,31.75
134906,Active,1576101,NA,NA,S,1,0,891774.5663,42,2007,19,7.86,18.98
134907,Active,563818,NA,NA,S,1,0,170850.5263,21.48,1999,85,4.09,9.99
134908,Active,1658817,NA,NA,S,4,1,305378.08,59.8,2012,23,7.7,59.8
134909,Active,126910,NA,NA,S,2,1,213159.5813,31.95,2002,22,10.04,27.76
134910,Active,184285,NA,NA,S,0,0,698285.445,43.95,1997,41,6.48,18.96
134911,Active,2080732,NA,NA,S,1,0,123357.075,28,2013,51,4,9.98
134912,Active,1688325,NA,NA,S,0,0,63544.45,24.95,2012,15,18.09,18.11
134913,Active,2148011,NA,NA,S,0,0,136570.9,21.95,2010,23,6.71,15.75
134914,Active,896887,NA,NA,S,1,0,88319.7,21.95,2008,13,21.01,17.57
134915,Active,791287,NA,NA,S,0,0,123916.8,29,2012,24,5.85,6.47
134916,Active,1494879,NA,NA,S,0,0,134968.65,40,2010,64,13.98,20.77
134917,Active,865624,NA,NA,S,0,0,34980.34125,17,2012,63,9.55,10.41
134918,Active,1618235,NA,NA,S,1,0,83332.25,21.99,2011,15,19.42,19.79
134919,Active,2158736,NA,NA,S,0,0,515973.0425,16.95,2009,17,20.25,16.95
134920,Active,916849,NA,NA,S,0,0,3556.775,0,2007,33,7.85,13.98
134921,Active,1431387,NA,NA,S,0,0,66834.225,21.99,2009,54,5.12,12.42
134922,Active,919475,NA,NA,S,0,0,118662.25,29.95,2008,45,8.39,47.7
134923,Active,1532344,NA,NA,S,1,0,27199.425,29.95,2014,41,11.89,17.94
134924,Active,150705,NA,NA,S,1,0,665528.8875,26.95,2004,32,4.73,37.79
134925,Active,2020600,NA,NA,S,0,0,204070.375,22.95,2014,33,4.52,11.45
134926,Active,1595286,NA,NA,S,0,0,5494.055,30,2013,26,15.99,16.68
134927,Active,2121870,NA,NA,S,0,0,106719.55,35,2010,17,17.99,16.8
134928,Active,686625,NA,NA,S,1,0,17601.65,29.99,2013,33,15.88,18.26
134929,Active,917474,NA,NA,S,0,0,12733.425,30,2013,21,15.16,18.97
134930,Active,2023570,NA,NA,S,1,0,164079.3,24,2014,29,4,4
134931,Active,1536306,NA,NA,S,1,0,70900.4,26.95,2014,41,4,5.29
134932,Active,2238813,NA,NA,S,0,0,205518.95,22.95,2011,19,4,11.94
134933,Active,1735431,NA,NA,S,0,0,43020.55,24.95,2014,17,15.89,15.99
134934,Active,667233,NA,NA,S,0,0,15104.9,38.99,2012,18,23.32,23.33
134935,Active,676574,NA,NA,S,0,0,13897.68625,24.95,2003,43,14.99,16.65
134936,Active,2014144,NA,NA,S,0,0,106875.125,29,2013,12,21.83,21.57
134937,Active,2141707,NA,NA,S,2,1,12509.75,0,2014,8,22.47,16.99
134938,Active,676163,NA,NA,S,0,0,22939.35,26,2011,22,13.99,15.68
134939,Active,1496296,NA,NA,S,1,0,99047.55,26,2011,51,4,11.61
134940,Active,1530531,NA,NA,S,0,0,36979,30.97,2010,22,18.95,19.49
134941,Active,2093949,NA,NA,S,0,0,528480.9275,6.99,2010,9,11.46,6.99
134942,Active,678400,NA,NA,S,1,0,14129.125,23,2011,35,9.65,12.01
134943,Active,673752,NA,NA,S,0,0,168450.1,25,2013,10,24.92,25
134944,Active,1494903,NA,NA,S,0,0,198839.925,40,2014,30,6.05,8.96
134945,Active,1434368,NA,NA,S,0,0,4362.5,29.97,2015,14,18.98,18.81
134946,Active,2049473,NA,NA,S,0,0,109647.025,31.95,2013,23,11.84,16.97
134947,Active,125917,NA,NA,S,1,0,268444.4388,54.95,1999,25,16.87,47.98
134948,Active,3467050,NA,NA,S,0,0,66092.4,26.99,2015,31,7.56,12.98
134949,Active,2041799,NA,NA,S,1,0,85414,27.95,2014,24,13.97,17.99
134950,Active,526347,NA,NA,S,0,0,9095.975,35,2009,24,21.98,22.24
134951,Active,2043590,NA,NA,S,0,0,35537.4,26.95,2015,22,16.04,16.04
134952,Active,1526962,NA,NA,S,1,0,34054.325,26,2015,17,17.96,18.03
134953,Active,3549674,NA,NA,S,0,0,159169.2,27,2010,27,18.16,23.78
134954,Active,863716,NA,NA,S,2,1,63321.125,39.95,2009,12,21.48,25.62
134955,Active,1624807,NA,NA,S,1,0,19859.175,27.95,2014,36,12.24,17.63
134956,Active,1814936,NA,NA,S,0,0,15640.2,22.99,2014,17,16.1,15.99
134957,Active,3575257,NA,NA,S,0,0,69318.025,24,2011,30,6.97,6.97
134958,Active,1890788,NA,NA,S,0,0,525844.3663,65,2012,12,38.96,49.96
134959,Active,1742779,NA,NA,S,1,0,84960.7,21.95,2010,59,9.66,16.33
134960,Active,2140760,NA,NA,S,0,0,130712.275,22.13,2007,16,17.98,23.94
134961,Active,902467,NA,NA,S,0,0,573521.1388,124.25,1978,23,5.97,78.09
134962,Active,461267,NA,NA,S,1,0,4105.40375,15,1999,505,4,11.49
134963,Active,1871936,NA,NA,S,0,0,23567.425,37.99,2013,9,21.36,21.79
134964,Active,660709,NA,NA,S,1,0,48028.075,23,2013,23,15.1,20.99
134965,Active,2109447,NA,NA,S,0,0,37982.275,29.99,2015,6,0,0
134966,Active,1504364,NA,NA,S,0,0,15317.375,22.99,2011,10,15.46,14.07
134967,Active,681423,NA,NA,S,1,0,17397.45,27.99,2011,13,19.68,20.24
134968,Active,1815053,NA,NA,S,0,0,23217.425,22.99,2014,15,11.98,11.98
134969,Active,266381,NA,NA,S,0,0,177210.4,29.95,2008,28,5.98,29.13
134970,Active,3498147,NA,NA,S,1,0,64292.375,21.99,2011,49,5.33,10.55
134971,Active,647148,NA,NA,S,0,0,13854.45,55.99,2012,18,35.42,31.59
134972,Active,1690678,NA,NA,S,0,0,109138.525,23,2007,26,15.44,18.27
134973,Active,541579,NA,NA,S,0,0,51063.15,45,2011,22,32.73,34.42
134974,Active,1461953,NA,NA,S,0,0,65937.375,27,2014,16,18.98,18.98
134975,Active,1924964,NA,NA,S,1,0,7773.875,24.99,2013,32,12.02,9.98
134976,Active,1500064,NA,NA,S,0,0,154646.025,21.99,2008,47,4,10.94
134977,Active,1565056,NA,NA,S,1,0,87718.925,27.95,2015,50,7.69,15.03
134978,Active,2087431,NA,NA,S,0,0,73839.975,27.95,2014,8,21.43,21.43
134979,Active,1958194,NA,NA,S,0,0,55891.05,25,2015,16,15.94,15.22
134980,Active,746777,NA,NA,S,1,0,20199.6,26.95,2010,68,7.48,13.95
134981,Active,3488897,NA,NA,S,0,0,242296.625,35,2015,12,26.12,26.12
134982,Active,1471217,NA,NA,S,1,0,104084.45,29.95,2015,13,25.78,25.95
134983,Active,870270,NA,NA,S,0,0,825595.3788,59.95,2013,18,17.99,17.67
134984,Active,1925643,NA,NA,S,1,0,221358.775,44.95,2013,19,23.94,37.58
134985,Active,2328331,NA,NA,S,0,0,645877.48,15.99,2005,56,4,9.94
134986,Active,224957,NA,NA,S,0,0,105181.4738,29.95,2003,53,7.73,27.2
134987,Active,1741402,NA,NA,S,0,0,80671.55,25,2010,33,12.85,18.56
134988,Active,291899,NA,NA,S,0,0,33115.78875,8.99,2003,254,3.98,7.46
134989,Active,1815264,NA,NA,S,1,0,4893.35,25.99,2015,22,12.98,16.35
134990,Active,798083,NA,NA,S,0,0,40808.2,29.95,2009,15,4.49,49.99
134991,Active,3802911,NA,NA,S,1,0,49292,24.95,2015,39,10.68,15.46
134992,Active,190152,NA,NA,S,0,0,745374.245,41.95,2010,46,10.53,29.97
134993,Active,2046788,NA,NA,S,0,0,93573.825,35,2014,45,12.95,17.34
134994,Active,2031666,NA,NA,S,0,0,30153.3,26.99,2015,13,18.62,17.12
134995,Active,213915,NA,NA,S,1,0,306726.2788,24,1999,38,8.64,48.81
134996,Active,641497,NA,NA,S,0,0,26217.15,30,2009,26,14.93,19.2
134997,Active,2139743,NA,NA,S,0,0,168060.45,22.95,2012,10,21.98,19.88
134998,Active,2004618,NA,NA,S,0,0,168291.325,24.95,2007,35,6.98,15.5
134999,Active,1815285,NA,NA,S,1,0,12158.125,27.99,2015,16,18.09,17.74
135000,Active,244573,NA,NA,S,0,0,100160.7988,39.95,2009,44,10.36,22.74
135001,Active,1527390,NA,NA,S,0,0,10433.7,39.95,2009,34,23.96,26.01
135002,Active,2076193,NA,NA,S,0,0,171104.8,21.95,2014,14,19.12,17.19
135003,Active,1836741,NA,NA,S,0,0,686073.0625,14.95,2011,22,14.42,263.33
135004,Active,924028,NA,NA,S,0,0,13095.95,8.99,1991,317,3.9,5.14
135005,Active,1681360,NA,NA,S,0,0,160111.625,24.95,2015,43,4.31,14.3
135006,Active,2100859,NA,NA,S,0,0,13635.8,27.99,2015,43,9.41,13.31
135007,Active,336443,NA,NA,S,1,0,397122.9463,54.95,2003,35,8.02,42.97
135008,Active,755812,NA,NA,S,1,0,85618.575,24.95,2011,25,12.91,16.76
135009,Active,750743,NA,NA,S,1,0,148763.7,24.95,2008,26,4,13.2
135010,Active,1627785,NA,NA,S,0,0,218828.375,35,2014,17,22.81,22.97
135011,Active,1814503,NA,NA,S,0,0,16115.9,27.99,2014,49,7.48,9.97
135012,Active,3479744,NA,NA,S,1,0,53629.425,21.95,2015,18,15.65,15.24
135013,Active,127356,NA,NA,S,1,0,93705.225,20.95,2010,31,12.66,13.36
135014,Active,871136,NA,NA,S,2,1,26286.3,8.99,2002,196,4,6
135015,Active,690411,NA,NA,S,2,1,492308.3063,29,2000,28,49.99,104.06
135016,Active,496272,NA,NA,S,0,0,447811.0638,42.99,2007,19,17.69,25.99
135017,Active,496273,NA,NA,S,0,0,777671.1663,42.99,2007,21,17.21,32.13
135018,Active,3731174,NA,NA,S,0,0,247776.3,42.99,2007,20,12.43,13.93
135019,Active,1872603,NA,NA,S,0,0,684302.0925,42.99,2007,21,18.09,29.77
135020,Active,496269,NA,NA,S,0,0,267485.8113,42.99,2007,23,13.67,27.62
135021,Active,496271,NA,NA,S,0,0,618348.6513,42.99,2007,20,15.58,31.1
135022,Active,496285,NA,NA,S,1,0,141487.225,21.99,2008,16,15.79,15.54
135023,Active,3763130,NA,NA,S,0,0,347265,42.99,2016,10,31.78,28.89
135024,Active,747762,NA,NA,S,3,1,31038.8725,118.25,2014,48,41.21,83.52
135025,Active,1766732,NA,NA,S,1,0,109229.6,29.99,2014,16,18.79,22.97
135026,Active,132682,NA,NA,S,1,0,78171.025,47,2009,36,12.82,21.99
135027,Active,132683,NA,NA,S,1,0,146782,47,2010,34,10.82,18.32
135028,Active,735078,NA,NA,S,1,0,142831.2,24.99,2013,33,4,5
135029,Active,896791,NA,NA,S,0,0,112644.775,20.95,2011,19,13.98,16.66
135030,Active,2628841,NA,NA,S,0,0,7499.07625,18,1995,147,6.6,10.01
135031,Active,105644,NA,NA,S,1,0,304507.6,40,2000,210,4,6.97
135032,Active,677637,NA,NA,S,1,0,114679.175,24.95,2010,44,6.74,11.74
135033,Active,632345,NA,NA,S,1,0,337334.7138,37.95,2006,23,5.49,40.22
135034,Active,690026,NA,NA,S,1,0,6267.575,28,2014,61,9.23,10.98
135035,Active,2030627,NA,NA,S,2,1,306128.3825,7.04,2006,6,49.33,36.68
135036,Active,3575782,NA,NA,S,1,0,108125.325,25,2014,63,4,10.97
135037,Active,684183,NA,NA,S,0,0,152493.85,21.99,2012,28,9.51,14.6
135038,Active,1516842,NA,NA,S,1,0,11244.55,34.99,2012,29,18.98,22.03
135039,Active,3497720,NA,NA,S,1,0,127179.95,30,2007,36,4.39,19.21
135040,Active,205858,NA,NA,S,1,0,42986.725,69.5,2005,47,33.99,35.76
135041,Active,867106,NA,NA,S,4,1,130576.02,65,2014,47,13.19,49.98
135042,Active,898630,NA,NA,S,3,1,81589.76125,28,2015,22,22.06,19.61
135043,Active,3082704,NA,NA,S,2,1,57520.295,19.57,2004,8,27.32,19.01
135044,Active,1900745,NA,NA,S,1,0,83700.775,40.95,2010,11,23.99,29.56
135045,Active,1925586,NA,NA,S,0,0,86182.75,33.99,2013,12,24.56,16.98
135046,Active,2070817,NA,NA,S,0,0,96093.825,25.99,2010,14,17.44,65.7
135047,Active,1607175,NA,NA,S,1,0,22526.95,26,2014,45,11.14,15.49
135048,Active,1532227,NA,NA,S,1,0,79.05,30,2014,23,22.42,17.84
135049,Active,1523726,NA,NA,S,1,0,32118.8,28,2015,26,15.9,16.66
135050,Active,3531012,NA,NA,S,0,0,67356.725,25,2016,18,5.92,9.49
135051,Active,602701,NA,NA,S,0,0,599000.2288,24.95,2000,24,10.88,19.76
135052,Active,2079609,NA,NA,S,1,0,21174.525,40,2014,15,22.88,23.28
135053,Active,613944,NA,NA,S,2,1,46688.85625,55.95,1979,83,10.19,50.69
135054,Active,172298,NA,NA,S,2,1,18455.45,24.95,2010,32,11.38,18.17
135055,Active,681197,NA,NA,S,1,0,37576.475,29.99,2013,39,13.48,17.24
135056,Active,2231504,NA,NA,S,1,0,214390.45,34.95,2010,18,8.22,20.94
135057,Active,1943084,NA,NA,S,0,0,19805.975,28,2014,29,9.85,9.85
135058,Active,526251,NA,NA,S,3,1,49121.65,22.95,2012,24,16.36,16.53
135059,Active,545037,NA,NA,S,0,0,207487.8313,29.99,2012,40,4,0
135060,Active,895027,NA,NA,S,10,1,600233.755,29.99,2014,27,4.53,33.97
135061,Active,2065477,NA,NA,S,0,0,104685.675,34.95,2014,11,22.74,22.86
135062,Active,644772,NA,NA,S,0,0,12914.25,39.95,2011,17,27.84,26.88
135063,Active,676787,NA,NA,S,1,0,74959.175,25,2009,33,8.27,9.81
135064,Active,1646008,NA,NA,S,0,0,169282.825,24.95,2008,23,16.48,20.41
135065,Active,1478723,NA,NA,S,1,0,33834.7,29.95,2014,22,11.59,9.59
135066,Active,1466408,NA,NA,S,1,0,179526.95,39.95,2014,12,21.58,22.59
135067,Active,1496208,NA,NA,S,1,0,1918.7,35,2012,50,12.69,18.53
135068,Active,796943,NA,NA,S,0,0,121709.85,24.95,2008,51,4,10.94
135069,Active,3960150,NA,NA,S,0,0,33060.325,26.95,2015,16,23.24,18.32
135070,Active,3561853,NA,NA,S,0,0,153750.15,40,2008,38,7.11,23.28
135071,Active,583852,NA,NA,S,1,0,33290.775,27.95,2012,66,6.16,20.56
135072,Active,172412,NA,NA,S,0,0,574359.9663,49.99,2001,22,9.11,41.85
135073,Active,186270,NA,NA,S,0,0,235949.76,31.5,2000,33,8.82,27.24
135074,Active,559909,NA,NA,S,5,1,131229.975,66.72,2003,33,5.82,43.93
135075,Active,1437327,NA,NA,S,1,0,150314.225,22,2013,35,4,10.95
135076,Active,1436808,NA,NA,S,1,0,129372.9,25,2012,20,6.98,7.28
135077,Active,584383,NA,NA,S,1,0,422441.09,30,2000,145,4,6.6
135078,Active,174365,NA,NA,S,1,0,572500.5175,44.99,2005,46,19.99,34.75
135079,Active,189452,NA,NA,S,1,0,644130.7838,41.95,1997,29,14.47,29.97
135080,Active,543966,NA,NA,S,3,1,68460.425,29.95,2012,43,6.94,15.56
135081,Active,1778103,NA,NA,S,1,0,155643.5,60,2012,17,35.38,36.49
135082,Active,702253,NA,NA,S,1,0,68305.1,34,2012,20,10.57,16.54
135083,Active,287105,NA,NA,S,1,0,172490.5613,98.95,2004,48,25.87,75.2
135084,Active,297864,NA,NA,S,5,1,42977.93375,260.95,2011,43,44.09,153.88
135085,Active,1697958,NA,NA,S,0,0,172192.575,29.95,2014,16,19.85,24.12
135086,Active,649034,NA,NA,S,1,0,92511.4,69.25,2009,12,35.88,35.99
135087,Active,544813,NA,NA,S,4,1,61611.485,189.95,2013,39,21.78,74.86
135088,Active,190068,NA,NA,S,0,0,133213.925,27.95,2007,17,19.34,18.97
135089,Active,130755,NA,NA,S,1,0,288457.7663,206.8,1996,22,35.74,171.12
135090,Active,217331,NA,NA,S,3,1,332452.7163,70,2011,23,19.98,59.72
135091,Active,443193,NA,NA,S,1,0,414506.4538,48.95,2012,20,26.51,44.46
135092,Active,866898,NA,NA,S,8,1,32868.53125,135.8,2014,61,50.92,71.87
135093,Active,591919,NA,NA,S,0,0,686432.9938,45.95,2008,19,17.1,21.22
135094,Active,541246,NA,NA,S,2,1,31518.525,29.25,2011,12,20.95,26.99
135095,Active,573051,NA,NA,S,0,0,420244.9425,41.5,1998,36,13.42,31.56
135096,Active,156823,NA,NA,S,2,1,461723.4288,55.95,2001,33,5.31,36.46
135097,Active,127501,NA,NA,S,1,0,54572.7,89.95,2009,27,41.94,75.8
135098,Active,1456267,NA,NA,S,2,1,14139.775,86,2015,32,28.94,53.93
135099,Active,2024692,NA,NA,S,1,0,211991.025,32.95,2013,16,9,22.99
135100,Active,216052,NA,NA,S,2,1,69833.35,39.95,2006,18,26.7,27.56
135101,Active,329872,NA,NA,S,1,0,259962.8775,54.99,2008,52,15.99,36.65
135102,Active,2083896,NA,NA,S,0,0,26453.1,23.99,2014,20,16.9,15.98
135103,Active,1978497,NA,NA,S,0,0,98318.675,35.99,2012,10,28.43,33.44
135104,Active,2075336,NA,NA,S,0,0,149551.7,35,2009,39,5.04,23.89
135105,Active,339710,NA,NA,S,1,0,7655.1,35,2010,24,23.99,27.41
135106,Active,3498094,NA,NA,S,0,0,626384.1,50,2011,53,12.02,30.05
135107,Active,3513216,NA,NA,S,1,0,16040.2,26.95,2015,22,17.34,18.86
135108,Active,1488080,NA,NA,S,0,0,145197.8,30,2010,9,20.99,21.06
135109,Active,2394955,NA,NA,S,0,0,349989.1588,9,2001,91,4,7.45
135110,Active,810781,NA,NA,S,3,1,234436.175,26,2011,42,3.99,13.67
135111,Active,2028916,NA,NA,S,1,0,582216.0475,16.95,2010,89,4,4.58
135112,Active,2014095,NA,NA,S,1,0,46721.725,48,2012,7,33.19,33.17
135113,Active,1937890,NA,NA,S,1,0,4289.45,26,2015,16,11.97,14.08
135114,Active,1523893,NA,NA,S,0,0,12225.35,26,2015,18,16.7,16.71
135115,Active,1713404,NA,NA,S,0,0,79550.375,28,2010,14,19.41,19.41
135116,Active,2408056,NA,NA,S,1,0,229443.8063,49.99,1996,71,8.21,28.92
135117,Active,2512076,NA,NA,S,2,1,67495.52,21.5,1993,109,4.48,53.55
135118,Active,679029,NA,NA,S,0,0,41198.85,26.95,2008,42,9.28,15.58
135119,Active,242414,NA,NA,S,4,1,467683.0763,21.99,2004,67,4,0
135120,Active,2044237,NA,NA,S,1,0,207343.65,24.95,2009,28,4,53.45
135121,Active,806528,NA,NA,S,0,0,155867.15,26.99,2009,14,5.31,26.99
135122,Active,1815337,NA,NA,S,0,0,80762.325,28.99,2015,27,10.97,16.89
135123,Active,1502977,NA,NA,S,0,0,87864.275,26.99,2009,53,4,8.73
135124,Active,1840994,NA,NA,S,1,0,74136.55,55.95,2013,24,33.96,35.36
135125,Active,1704455,NA,NA,S,0,0,188038.125,60,2010,32,27.97,83.92
135126,Active,184252,NA,NA,S,1,0,399218.3775,84.95,1996,31,24.95,41.18
135127,Active,1969669,NA,NA,S,0,0,397279.3175,30,2013,117,4,7.9
135128,Active,1680217,NA,NA,S,0,0,70558.775,25,2015,19,16.44,17.82
135129,Active,625328,NA,NA,S,1,0,61111.8,34.95,2008,32,16.97,18.41
135130,Active,2404311,NA,NA,S,1,0,687304.945,39.95,1988,36,4,56.31
135131,Active,2169155,NA,NA,S,1,0,60464.275,25.99,2014,16,17.05,17.86
135132,Active,685350,NA,NA,S,0,0,62322.925,27.99,2013,38,6.14,7.96
135133,Active,675427,NA,NA,S,1,0,5847.6,28.99,2010,45,11.04,17.98
135134,Active,1494352,NA,NA,S,1,0,71163.6,35,2014,18,22.51,22.51
135135,Active,2408680,NA,NA,S,0,0,141202.1675,19.99,2002,59,7.21,10.52
135136,Active,2161318,NA,NA,S,0,0,194658.675,29.95,2009,14,9.08,23.93
135137,Active,1833817,NA,NA,S,0,0,68534.55,24.99,2014,19,8.59,9.34
135138,Active,797355,NA,NA,S,0,0,141498.525,24.99,2013,32,4.65,5.84
135139,Active,2811622,NA,NA,S,0,0,392767.725,40,1993,23,33.16,38.66
135140,Active,1724679,NA,NA,S,0,0,24226.375,29.95,2014,22,17.5,20.76
135141,Active,1833804,NA,NA,S,0,0,50435.775,24.99,2014,25,11.02,11.92
135142,Active,540239,NA,NA,S,0,0,210307.1,28,2012,31,7.67,10.96
135143,Active,797351,NA,NA,S,0,0,55337.55,24.99,2013,22,12.91,13.68
135144,Active,682506,NA,NA,S,0,0,5981.1,27.99,2013,29,13.88,16
135145,Active,2150704,NA,NA,S,0,0,36324.35,24.95,2015,15,19.34,18.89
135146,Active,616731,NA,NA,S,7,1,375433.2375,44.95,2010,46,7,10.53
135147,Active,684729,NA,NA,S,1,0,103076.225,29.95,2013,20,15.88,16.34
135148,Active,621323,NA,NA,S,1,0,664481.4588,40,2011,27,9.94,43.99
135149,Active,1584148,NA,NA,S,0,0,154888.825,29.99,2012,15,25.78,27.11
135150,Active,152994,NA,NA,S,0,0,341534.0513,15.95,1996,101,4,9.52
135151,Active,1767316,NA,NA,S,2,1,527719.1963,19.99,2014,16,6.72,17.14
135152,Active,1490015,NA,NA,S,0,0,231935.55,24.95,2010,27,20.72,20.73
135153,Active,3797674,NA,NA,S,3,1,45908.4,69.75,2015,24,37.35,56.99
135154,Active,3717598,NA,NA,S,5,1,67116.175,40.95,2016,20,35.46,38.89
135155,Active,2054966,NA,NA,S,1,0,25166.775,53,2013,20,28.23,35.74
135156,Active,3594045,NA,NA,S,0,0,167029.75,26.99,2009,19,16.94,18.7
135157,Active,658290,NA,NA,S,1,0,43946.925,42.95,2012,18,37.01,38.17
135158,Active,1576784,NA,NA,S,0,0,141212.5,29.95,2015,9,24.82,26.05
135159,Active,187750,NA,NA,S,1,0,13864.78375,16.95,1997,70,7.74,11.16
135160,Active,2150914,NA,NA,S,0,0,41604.575,20.95,2011,22,15.78,19.25
135161,Active,2572779,NA,NA,S,1,0,430617.6375,75.95,1994,32,23.78,38.89
135162,Active,1642246,NA,NA,S,0,0,111494.5,30,2007,20,9.77,16.38
135163,Active,3552263,NA,NA,S,0,0,204005.45,59.99,2004,98,11.2,25.98
135164,Active,1925478,NA,NA,S,0,0,6843.6,39.99,2013,22,17.4,19.99
135165,Active,2065221,NA,NA,S,0,0,61576.475,27.5,2013,12,16.46,16.48
135166,Active,2667114,NA,NA,S,1,0,494062.005,23.95,1971,55,4,12.99
135167,Active,2080715,NA,NA,S,0,0,114425.55,28,2009,46,7.48,15.55
135168,Active,2053434,NA,NA,S,0,0,48051.2,57.31,2012,7,33.84,36.97
135169,Active,1814772,NA,NA,S,0,0,24873.075,27.99,2015,32,8.78,9.98
135170,Active,690508,NA,NA,S,0,0,140903.775,25,2011,18,16.99,23
135171,Active,2048143,NA,NA,S,0,0,95449.275,21.95,2008,25,14.99,16.26
135172,Active,504659,NA,NA,S,0,0,129742.225,24.95,2007,22,14.3,17.73
135173,Active,1495222,NA,NA,S,1,0,55672.2,35,2008,69,5.25,16.49
135174,Active,1496150,NA,NA,S,0,0,66049.125,35,2011,53,4.99,7.98
135175,Active,2348887,NA,NA,S,2,1,314132.2238,13.95,2000,45,4.49,11.94
135176,Active,1918205,NA,NA,S,0,0,77740.2,24.99,2012,15,13.97,13.98
135177,Active,681620,NA,NA,S,0,0,41465.475,26.95,2013,49,8.39,15.77
135178,Active,1471199,NA,NA,S,1,0,108228.3,29.95,2014,17,12.66,13.94
135179,Active,2715179,NA,NA,S,0,0,710487.9163,14.95,2001,22,10.22,120.47
135180,Active,628653,NA,NA,S,1,0,522673.1838,54.95,2011,77,4,7.87
135181,Active,2286233,NA,NA,S,2,1,10312.575,0,2014,0,0,7.48
135182,Active,2079718,NA,NA,S,0,0,6517.2,25,2015,16,16.23,14.68
135183,Active,2079612,NA,NA,S,1,0,19994.425,25,2012,32,11.15,14.98
135184,Active,221111,NA,NA,S,0,0,157343.4,34.95,2011,18,20.2,25.83
135185,Active,559936,NA,NA,S,1,0,46420.25,23,2008,26,16.5,20.04
135186,Active,880244,NA,NA,S,8,1,9334.235,101.5,2015,56,48.99,63.97
135187,Active,560107,NA,NA,S,4,1,37233.75,25.75,2011,24,15.56,19.45
135188,Active,526121,NA,NA,S,9,1,121597.1288,95.55,2005,127,11.67,49.47
135189,Active,688464,NA,NA,S,0,0,46014.625,29.95,2013,21,25.9,23.53
135190,Active,3960006,NA,NA,S,0,0,1908.525,29.94,2015,14,19.5,16.93
135191,Active,1642492,NA,NA,S,0,0,530439.0525,146.82,2007,17,15.87,53.76
135192,Active,919882,NA,NA,S,1,0,42395.425,26.99,2012,42,10.29,16.84
135193,Active,682596,NA,NA,S,0,0,194750.225,27,2012,42,4.41,7.79
135194,Active,1734645,NA,NA,S,0,0,165375.575,35,2012,20,22.97,22.97
135195,Active,796405,NA,NA,S,0,0,473719.1025,49.99,2008,24,22.79,53.48
135196,Active,1523885,NA,NA,S,1,0,47165.225,25,2013,59,4,7.89
135197,Active,881661,NA,NA,S,0,0,102516.65,0,2013,8,14.78,14.77
135198,Active,1938433,NA,NA,S,0,0,22280.525,29.99,2013,25,16.2,16.84
135199,Active,612026,NA,NA,S,1,0,202766.125,49.95,2013,12,37.06,38.32
135200,Active,623574,NA,NA,S,1,0,57719.525,49.95,2007,14,51.08,43.1
135201,Active,684191,NA,NA,S,12,1,447768.1363,24.95,2012,33,7.93,19.08
135202,Active,545094,NA,NA,S,2,1,245338.9525,25,2011,23,15.24,17.45
135203,Active,1437467,NA,NA,S,1,0,44453.85,25,2013,20,8.99,11.9
135204,Active,676778,NA,NA,S,6,1,20837.65,24.95,2011,49,12.96,18.72
135205,Active,1640010,NA,NA,S,0,0,11767.15,28.95,2012,26,16.7,16.84
135206,Active,1866756,NA,NA,S,0,0,39746.975,24.95,2014,19,14.47,17.09
135207,Active,504470,NA,NA,S,1,0,441015.9513,25.95,2009,26,9.98,29.66
135208,Active,1576553,NA,NA,S,0,0,81693.65,29.95,2012,17,23.73,21.51
135209,Active,1932791,NA,NA,S,0,0,96216.675,26.99,2012,25,5.74,15.3
135210,Active,1929302,NA,NA,S,0,0,33521.05,23.99,2012,17,12.48,15.15
135211,Active,1507653,NA,NA,S,0,0,20425.3,25,2010,32,10.27,13.97
135212,Active,797926,NA,NA,S,0,0,194381.225,24.95,2007,14,12.73,17.97
135213,Active,1535769,NA,NA,S,3,1,213907.4675,12,2013,30,13.35,11.99
135214,Active,1494927,NA,NA,S,1,0,36755.375,32,2010,15,20.81,21.02
135215,Active,1814885,NA,NA,S,0,0,116741.075,25.99,2014,51,3.9,7.97
135216,Active,672841,NA,NA,S,0,0,44267.225,21.99,2014,60,5.82,6.14
135217,Active,54374,NA,NA,S,6,1,344708.8275,82.6,2002,109,4.2,33.88
135218,Active,1659997,NA,NA,S,0,0,72467.975,29.99,2011,34,10.55,20.8
135219,Active,1498773,NA,NA,S,1,0,8343.5,20.99,2011,38,9.67,12.09
135220,Active,3143128,NA,NA,S,0,0,28551.125,35,2015,12,28.27,27.09
135221,Active,1433564,NA,NA,S,0,0,130427.275,25.99,2014,31,4,10.81
135222,Active,1498331,NA,NA,S,0,0,38327.2,20.99,2013,31,4,4.94
135223,Active,3620565,NA,NA,S,0,0,281111.95,69,2000,50,14.5,46.05
135224,Active,1876911,NA,NA,S,0,0,101260.5,40,2014,38,8.47,14.94
135225,Active,920307,NA,NA,S,0,0,175099.0225,17.98,1997,58,4.57,12.38
135226,Active,680820,NA,NA,S,1,0,134187.775,27.95,2012,30,11.9,19.35
135227,Active,1625021,NA,NA,S,0,0,764831.4413,17,2012,72,4,4.47
135228,Active,658418,NA,NA,S,0,0,76968.975,34.95,2013,20,22.87,25.15
135229,Active,1746315,NA,NA,S,0,0,127409.15,35,2011,14,22.91,27.22
135230,Active,1895719,NA,NA,S,2,1,130447.325,34.25,2011,21,12.15,20.97
135231,Active,3575284,NA,NA,S,0,0,141721.275,22.99,2015,19,12.92,13.97
135232,Active,2075683,NA,NA,S,1,0,153585,27.95,2014,25,15.25,20.33
135233,Active,689092,NA,NA,S,1,0,73101.675,30,2012,20,26.49,28.06
135234,Active,540364,NA,NA,S,0,0,25564.125,23,2007,35,9.68,12.19
135235,Active,682081,NA,NA,S,1,0,89541.925,27.95,2012,33,6.62,13.76
135236,Active,266193,NA,NA,S,1,0,68130,27.95,2007,45,9.76,15.98
135237,Active,1534912,NA,NA,S,1,0,20903.825,26.95,2015,16,19.7,20.87
135238,Active,242434,NA,NA,S,2,1,143117.0513,22.95,2009,22,14.69,22.95
135239,Active,684116,NA,NA,S,1,0,66308.625,27.95,2013,27,14.5,23.49
135240,Active,1428788,NA,NA,S,1,0,45514.525,39.99,2014,28,10.09,24.72
135241,Active,616967,NA,NA,S,3,1,2555.525,36.95,2006,45,15.36,20.07
135242,Active,622001,NA,NA,S,2,1,5247.475,36.95,2008,50,22.64,26.1
135243,Active,2087418,NA,NA,S,2,1,266277.1525,24.95,2015,13,9.99,19.19
135244,Active,170458,NA,NA,S,2,1,52505.925,24.95,2007,41,9.84,14.69
135245,Active,2092738,NA,NA,S,0,0,178583.075,24.95,2012,23,16.84,17.02
135246,Active,1603072,NA,NA,S,1,0,51305.625,24,2012,33,10.6,20.97
135247,Active,359421,NA,NA,S,0,0,27865.975,22.95,2011,16,21.97,18.97
135248,Active,2094527,NA,NA,S,0,0,174332.65,29.99,2015,21,17.71,18.48
135249,Active,598663,NA,NA,S,0,0,730180.425,19.95,2007,36,10.44,21.68
135250,Active,1656194,NA,NA,S,1,0,155493.5,29.95,2015,23,12.47,19.97
135251,Active,1508023,NA,NA,S,0,0,91344.325,29,2014,64,6.41,10.44
135252,Active,1494972,NA,NA,S,1,0,766019.9838,27.95,2011,94,4,7.78
135253,Active,1565803,NA,NA,S,1,0,137144.95,21.99,2011,16,10.97,13.99
135254,Active,2020796,NA,NA,S,0,0,78693.35,26,2014,14,22.68,24.65
135255,Active,1627593,NA,NA,S,0,0,238985.5,28.95,2012,14,20.33,19.97
135256,Active,637126,NA,NA,S,0,0,117965.775,60,2009,17,36.99,37.02
135257,Active,649113,NA,NA,S,0,0,80059.7,35.95,2008,19,13.49,30.01
135258,Active,681630,NA,NA,S,1,0,85532.825,29.99,2012,28,13.6,21.58
135259,Active,542446,NA,NA,S,0,0,104055.3488,31.5,1981,44,13.59,27.94
135260,Active,1575454,NA,NA,S,1,0,53680.55,21.95,2014,19,15.46,14.97
135261,Active,2494156,NA,NA,S,1,0,602560.8575,21,2002,27,4.87,9.49
135262,Active,2986018,NA,NA,S,0,0,158433.375,22.95,2015,8,27.59,22.95
135263,Active,254549,NA,NA,S,1,0,8273.275,24.95,2011,38,11.99,14.9
135264,Active,545658,NA,NA,S,1,0,5838.2,24.95,2012,24,14.07,15.19
135265,Active,612313,NA,NA,S,12,1,681056.4388,66.95,2013,17,9.61,105
135266,Active,873409,NA,NA,S,7,1,397045.845,68.5,2010,37,5.59,48.85
135267,Active,900755,NA,NA,S,2,1,195502.5275,29.99,2014,41,6.56,17.97
135268,Active,163509,NA,NA,S,1,0,136685.475,224.95,1999,28,21.5,29.98
135269,Active,625577,NA,NA,S,0,0,313293.7775,76.95,1980,57,9.58,38.31
135270,Active,576918,NA,NA,S,0,0,659200.965,44.95,1997,39,7.39,38.98
135271,Active,615465,NA,NA,S,1,0,194841.4238,44.95,1976,42,4,20.94
135272,Active,3066963,NA,NA,S,1,0,460749.93,14.99,2000,83,4,7.99
135273,Active,1777596,NA,NA,S,1,0,129976.325,30,2013,15,20.78,21.86
135274,Active,1777597,NA,NA,S,1,0,271603.69,15,2013,15,9.86,14.82
135275,Active,3623918,NA,NA,S,2,1,225636.375,0,2014,3,23.99,26.49
135276,Active,294367,NA,NA,S,2,1,95186.02625,6,2005,20,8.14,4.68
135277,Active,686797,NA,NA,S,10,1,6633.175,24.95,2008,21,14.49,13.27
135278,Active,862949,NA,NA,S,9,1,560002.2888,39.99,2001,54,5.77,22.22
135279,Active,533315,NA,NA,S,9,1,43161.715,185.25,2012,56,48.98,68.89
135280,Active,684192,NA,NA,S,4,1,39496.05,26.95,2012,22,21.96,22.91
135281,Active,657572,NA,NA,S,1,0,513721.0775,46.95,2008,32,15.5,35.44
135282,Active,525910,NA,NA,S,2,1,299923.0813,43.95,2008,38,8.49,36.61
135283,Active,175080,NA,NA,S,2,1,774286.3338,74.99,2009,42,13.9,46.99
135284,Active,690861,NA,NA,S,0,0,344689.9313,24.99,2012,17,17.51,24.98
135285,Active,3597175,NA,NA,S,0,0,238070.35,50,2015,14,36.89,48.94
135286,Active,1872852,NA,NA,S,0,0,182736.475,34.99,2009,20,11.98,17.98
135287,Active,2028759,NA,NA,S,0,0,80180.875,69.99,2014,3,44,43.51
135288,Active,2028712,NA,NA,S,0,0,16996.75,39.99,2014,21,19.76,26.2
135289,Active,154268,NA,NA,S,4,1,64440.23375,87,1998,55,22.74,49.03
135290,Active,2404387,NA,NA,S,0,0,217263.9525,80.95,1986,69,4,49.49
135291,Active,905343,NA,NA,S,4,1,640763.4825,25,2013,12,21.9,25
135292,Active,2581403,NA,NA,S,0,0,544891.685,22.95,1959,85,4.34,15.89
135293,Active,3880801,NA,NA,S,0,0,74717.325,55,2015,15,35.51,29.41
135294,Active,629044,NA,NA,S,0,0,373267.8025,49.95,1984,33,8.77,31.94
135295,Active,1491044,NA,NA,S,0,0,143191.625,26.95,2010,12,17.26,17.39
135296,Active,534211,NA,NA,S,2,1,26462.9,24.95,2009,20,15.37,9.98
135297,Active,680806,NA,NA,S,1,0,32489.175,27.95,2013,19,18.59,20.21
135298,Active,685390,NA,NA,S,0,0,29606.675,30,2012,27,11.57,18.99
135299,Active,898579,NA,NA,S,10,1,2630.53125,19.99,2015,78,11.94,14.92
135300,Active,176736,NA,NA,S,1,0,871900.69,42.95,1998,37,4,41.13
135301,Active,367626,NA,NA,S,0,0,773535.2888,65,2006,16,12.42,73.74
135302,Active,641535,NA,NA,S,1,0,41921.875,44.95,2009,33,24.76,37.94
135303,Active,3801002,NA,NA,S,1,0,69582.55,25.99,2012,31,5.33,7.47
135304,Active,663354,NA,NA,S,0,0,79205.825,39.95,2013,19,25.13,30.92
135305,Active,1943101,NA,NA,S,1,0,33332.325,28,2015,53,7.17,10.74
135306,Active,911561,NA,NA,S,0,0,41635.175,26,2014,20,15.59,15.6
135307,Active,380534,NA,NA,S,5,1,123291.8188,139.95,2012,71,6.56,78.05
135308,Active,2095360,NA,NA,S,0,0,144078.4,30,2013,9,19.44,26.49
135309,Active,3743369,NA,NA,S,1,0,110684.275,75,2013,45,17.15,24.95
135310,Active,2101567,NA,NA,S,1,0,14885.725,24.99,2014,63,11.86,17.93
135311,Active,2154304,NA,NA,S,2,1,156511.525,30,2013,6,29.94,30
135312,Active,591460,NA,NA,S,0,0,795568.095,9.95,2007,70,4,7.99
135313,Active,2509014,NA,NA,S,0,0,27112.545,15.95,1992,232,4,8.28
135314,Active,2282924,NA,NA,S,2,1,49642.35,0,2014,0,0,9.48
135315,Active,1607148,NA,NA,S,1,0,23656.525,26,2015,39,12.34,14.07
135316,Active,1680229,NA,NA,S,0,0,51438.05,22.99,2015,17,14.72,14.72
135317,Active,1494768,NA,NA,S,1,0,120684.9,40,2011,41,8.96,13.18
135318,Active,2243319,NA,NA,S,2,1,82922.75,24.99,2013,11,20.76,21.65
135319,Active,690087,NA,NA,S,0,0,207665.325,29,2012,14,26.7,24.47
135320,Active,1694904,NA,NA,S,1,0,3862.5,26,2015,27,12.96,13.94
135321,Active,2405609,NA,NA,S,1,0,363762.6438,45,1995,61,4.12,35.94
135322,Active,1966003,NA,NA,S,1,0,53657.5,31.95,2012,15,27.02,27.85
135323,Active,1595452,NA,NA,S,0,0,61763.25,29.95,2013,39,10.97,10.98
135324,Active,1778538,NA,NA,S,1,0,135339.075,39.95,2012,24,23.64,29.13
135325,Active,3479991,NA,NA,S,1,0,25724.825,24.95,2016,13,19.26,19.13
135326,Active,680403,NA,NA,S,1,0,36016.65,27.95,2013,68,4.97,7.98
135327,Active,1464531,NA,NA,S,1,0,171272.425,29.95,2014,25,10.59,10.59
135328,Active,164313,NA,NA,S,8,1,102628.8788,196.95,2004,49,23.22,100.8
135329,Active,637076,NA,NA,S,0,0,41408.05,70,2010,20,31.57,39.46
135330,Active,810764,NA,NA,S,0,0,68673.4,39.99,2011,20,5.25,19.86
135331,Active,702402,NA,NA,S,1,0,57193.025,25,2013,18,13.97,17.48
135332,Active,1508290,NA,NA,S,0,0,59079.775,27,2014,31,8.56,8.98
135333,Active,3477221,NA,NA,S,0,0,49354.55,30,2014,22,15.98,20.56
135334,Active,1607489,NA,NA,S,1,0,2836.625,26,2009,55,13.51,16.7
135335,Active,1499883,NA,NA,S,1,0,106788.4,25,2011,25,11.98,13.57
135336,Active,2134786,NA,NA,S,1,0,68164.15,24.99,2014,9,13.37,17.71
135337,Active,3741545,NA,NA,S,0,0,355196.55,49.99,2015,47,27.39,32.5
135338,Active,679301,NA,NA,S,1,0,33822.275,24.95,2008,55,9.99,16.68
135339,Active,2045187,NA,NA,S,1,0,49085.35,49.95,2011,40,20.13,27.81
135340,Active,1894642,NA,NA,S,0,0,223681.525,21.65,2007,24,24.83,19.95
135341,Active,767884,NA,NA,S,1,0,102484.125,25,2011,43,4,16.95
135342,Active,1834776,NA,NA,S,1,0,36800.35,25.99,2015,16,11.98,13.68
135343,Active,565366,NA,NA,S,0,0,23758.075,8,2008,322,4,0
135344,Active,3561077,NA,NA,S,0,0,80322.275,28.95,2010,16,16.72,21.46
135345,Active,2034084,NA,NA,S,0,0,45955.50375,21.95,2011,32,7.95,13.66
135346,Active,2096706,NA,NA,S,4,1,22366.45,29.99,2014,31,15.02,14.73
135347,Active,1532680,NA,NA,S,0,0,32826.725,26.95,2014,41,4.71,10.93
135348,Active,1569076,NA,NA,S,1,0,26561.825,24.95,2010,19,17.62,17.37
135349,Active,276526,NA,NA,S,0,0,171925.825,39.95,2007,32,18.99,23.99
135350,Active,633180,NA,NA,S,0,0,147413.075,41.95,2011,22,26.94,30.66
135351,Active,1942584,NA,NA,S,0,0,54754.8025,14.95,2015,19,8.42,10.98
135352,Active,3043670,NA,NA,S,0,0,466378.1,51.44,2004,8,27.36,50.49
135353,Active,3043499,NA,NA,S,0,0,20264.35,76.83,2000,15,36.76,53.94
135354,Active,3043605,NA,NA,S,2,1,284936.2313,521.33,2003,13,15.98,123.74
135355,Active,2053376,NA,NA,S,0,0,180178.975,0,2008,15,26.95,28.97
135356,Active,690479,NA,NA,S,1,0,85438.675,25,2012,18,13.45,18.33
135357,Active,670723,NA,NA,S,0,0,31447.025,49.99,2008,15,25.94,30.94
135358,Active,873407,NA,NA,S,13,1,369883.2775,66.22,1973,40,4,10.24
135359,Active,270672,NA,NA,S,0,0,227131.3,137,2010,15,34.81,92.41
135360,Active,141254,NA,NA,S,3,1,121262.1663,22.38,2001,21,13.94,35.13
135361,Active,3550048,NA,NA,S,0,0,129902.4,39.95,2016,13,23.43,23.45
135362,Active,691138,NA,NA,S,0,0,149456.7163,25,2003,16,18.47,25
135363,Active,2065815,NA,NA,S,0,0,151439.6,22.99,2011,7,15.58,17.04
135364,Active,1432597,NA,NA,S,0,0,21864.675,27.99,2015,22,13.74,16.98
135365,Active,593756,NA,NA,S,1,0,581014.6813,41.95,2010,28,15.43,35.83
135366,Active,910014,NA,NA,S,2,1,83464.35,25,2014,16,16.99,18.79
135367,Active,2041494,NA,NA,S,0,0,238107.15,24.95,2008,57,4,33.06
135368,Active,1748302,NA,NA,S,1,0,168437.5,24.95,2007,21,4.86,15.98
135369,Active,685929,NA,NA,S,1,0,13580.9,29.95,2013,18,19.39,19.39
135370,Active,1483975,NA,NA,S,0,0,138227.25,30,2015,13,21.15,22.6
135371,Active,2156781,NA,NA,S,2,1,544971.8788,16.95,2006,64,5.12,13.82
135372,Active,898869,NA,NA,S,0,0,123116.75,23,2014,22,13.74,15.54
135373,Active,1500962,NA,NA,S,0,0,190397.65,25,2008,43,4.29,6.6
135374,Active,2085178,NA,NA,S,0,0,95518.25,25.99,2015,36,4.28,11.72
135375,Active,1523729,NA,NA,S,0,0,29396.99375,9.99,2011,176,3.9,7.54
135376,Active,2833958,NA,NA,S,0,0,221275.1988,11.99,1995,42,4,8.99
135377,Active,1598651,NA,NA,S,0,0,111063.25,49.99,2014,11,25.03,28.93
135378,Active,2786696,NA,NA,S,2,1,489484.525,30,1994,39,6.27,7.67
135379,Active,2129012,NA,NA,S,0,0,86863.475,42.95,2012,22,31.76,31.76
135380,Active,1937196,NA,NA,S,0,0,32735.4,16,2012,317,4,6.97
135381,Active,205815,NA,NA,S,1,0,255.36125,24.95,2002,666,6.43,11.31
135382,Active,1600495,NA,NA,S,0,0,11369.2,36.97,2014,29,13.94,19.65
135383,Active,1600175,NA,NA,S,0,0,73615.35,29.99,2013,12,18.58,18.58
135384,Active,905444,NA,NA,S,1,0,375554.9925,110.25,2013,22,43.48,52.09
135385,Active,908100,NA,NA,S,1,0,166592.895,110.25,2013,23,21.93,63.99
135386,Active,2205751,NA,NA,S,0,0,146393.7138,29.99,2013,10,27.97,33.98
135387,Active,618284,NA,NA,S,2,1,352622.9075,16.49,2008,129,4,12.49
135388,Active,3513357,NA,NA,S,3,1,56920.4,34.75,2014,55,15.72,20.17
135389,Active,3578638,NA,NA,S,1,0,246624.55,55,2005,66,24.98,37.94
135390,Active,3578823,NA,NA,S,0,0,248911.15,55,2014,63,35.98,38.45
135391,Active,170305,NA,NA,S,3,1,305863.6763,21.95,1998,76,4,20.19
135392,Active,615955,NA,NA,S,2,1,626620.745,222.95,1996,26,10.5,43.99
135393,Active,1484149,NA,NA,S,0,0,70734.9,22.5,2009,19,20.99,19.02
135394,Active,686578,NA,NA,S,0,0,188199.5,26,2013,20,15.01,15.07
135395,Active,188642,NA,NA,S,0,0,39960.8,38.99,2007,23,26.98,26.61
135396,Active,890892,NA,NA,S,4,1,150083.6663,79,2014,36,16.83,62.64
135397,Active,2588804,NA,NA,S,0,0,538667.54,54.99,1935,24,8.28,53.24
135398,Active,184338,NA,NA,S,1,0,346577.0363,75,1999,37,16.49,28.67
135399,Active,681470,NA,NA,S,0,0,69465.075,29.95,2009,20,18.87,19.48
135400,Active,2875877,NA,NA,S,0,0,451392.34,52.95,2001,40,33.97,46.74
135401,Active,2167364,NA,NA,S,0,0,249345.275,22.95,2013,15,15.26,15.89
135402,Active,1626318,NA,NA,S,1,0,40326.05,40,2012,31,19.65,24.26
135403,Active,291755,NA,NA,S,20,1,35003.9,24,2010,37,13.58,16.51
135404,Active,3960144,NA,NA,S,1,0,21460.925,25.99,2016,33,13.75,17.51
135405,Active,1479161,NA,NA,S,1,0,45992.6,54.95,2014,18,32.27,48.99
135406,Active,2163941,NA,NA,S,0,0,30846.9,30,2014,22,21.44,21.97
135407,Active,2046752,NA,NA,S,1,0,24303.35,29.95,2014,35,8.91,11.97
135408,Active,1461586,NA,NA,S,0,0,80161.45,23,2010,56,5.43,13.97
135409,Active,2648363,NA,NA,S,1,0,715084.5013,54.95,1999,26,7.65,4.95
135410,Active,636765,NA,NA,S,1,0,270152.0663,53.99,2008,28,9.84,48.16
135411,Active,1463175,NA,NA,S,1,0,76444.6,29.95,2015,24,14.49,18.13
135412,Active,291358,NA,NA,S,1,0,565279.0113,44.99,2009,68,4,9.15
135413,Active,3528818,NA,NA,S,0,0,173087.275,65,2013,28,27.79,49.69
135414,Active,1856616,NA,NA,S,0,0,38396.925,26.99,2015,50,4,11.45
135415,Active,1703668,NA,NA,S,1,0,28222.675,32.5,2010,54,10.14,21.99
135416,Active,1488628,NA,NA,S,1,0,168286.7,29.95,2015,16,25.55,21.23
135417,Active,1625852,NA,NA,S,0,0,19615.275,25,2011,25,14.76,16.11
135418,Active,1711280,NA,NA,S,0,0,218861.9,32.95,2013,17,16.99,21.99
135419,Active,1565813,NA,NA,S,1,0,49161.125,29.99,2011,23,14.32,17.98
135420,Active,2593748,NA,NA,S,0,0,258524.5325,49.99,1989,50,7.5,35.99
135421,Active,609513,NA,NA,S,5,1,109362.1263,175.95,2008,54,8.49,97.69
135422,Active,1687600,NA,NA,S,1,0,36768.55,24.95,2008,54,7.32,11.98
135423,Active,1701461,NA,NA,S,0,0,58387.675,26.95,2011,19,17.49,25.87
135424,Active,1677683,NA,NA,S,0,0,5812.625,25.99,2014,30,12.36,15.33
135425,Active,199250,NA,NA,S,1,0,52008.08625,38.95,2004,88,4,19.93
135426,Active,3513366,NA,NA,S,4,1,116384.45,36.5,2015,51,19.99,31.54
135427,Active,1496616,NA,NA,S,1,0,11007.55,28.95,2015,10,21.22,18.42
135428,Active,1461358,NA,NA,S,0,0,3128.75,23,2007,24,11.85,13.52
135429,Active,2497021,NA,NA,S,0,0,18966.45875,15,2000,156,4,7.97
135430,Active,2032333,NA,NA,S,0,0,85700.475,24.99,2014,6,19.72,19.3
135431,Active,3608209,NA,NA,S,0,0,41864.5,49.95,2011,20,32.02,32.04
135432,Active,2453765,NA,NA,S,0,0,470987.4625,25.99,1996,38,4,16.45
135433,Active,495685,NA,NA,S,1,0,120474.475,27,2008,34,4,8.28
135434,Active,1484698,NA,NA,S,0,0,80548.35,25,2012,25,10.86,25.73
135435,Active,1777861,NA,NA,S,1,0,39123,22.95,2012,41,4.27,14.98
135436,Active,1703551,NA,NA,S,1,0,106090.475,40,2009,41,8.16,21.74
135437,Active,1834782,NA,NA,S,1,0,61251.225,24.95,2014,34,8.49,14.82
135438,Active,859323,NA,NA,S,0,0,431954.7063,64.95,2005,29,36.99,175.28
135439,Active,3795103,NA,NA,S,0,0,175519.175,49.95,2015,13,38.79,38.8
135440,Active,750152,NA,NA,S,1,0,117421.075,21.99,2008,31,10.34,15.51
135441,Active,616175,NA,NA,S,8,1,93905.4025,229,2012,96,16.99,68.99
135442,Active,2093599,NA,NA,S,0,0,18305.35,29,2013,28,12.63,16.14
135443,Active,3960202,NA,NA,S,0,0,83251.2,29,2015,40,11.66,12.01
135444,Active,2093590,NA,NA,S,0,0,6792.225,29,2013,18,20.6,15.85
135445,Active,1640402,NA,NA,S,0,0,38705.3,25.99,2011,10,16.86,18.15
135446,Active,2093623,NA,NA,S,0,0,78290.6,29,2015,15,20.01,15.74
135447,Active,2093570,NA,NA,S,0,0,99564.05,29,2012,43,6.7,11.94
135448,Active,577501,NA,NA,S,0,0,9484.96875,24.99,2007,362,5.49,0
135449,Active,683453,NA,NA,S,0,0,82956.45,25.99,2007,18,19.42,19.42
135450,Active,685960,NA,NA,S,0,0,22340.975,29,2013,32,11.96,15.85
135451,Active,3797865,NA,NA,S,1,0,240103.525,0,2009,26,13.49,67.11
135452,Active,545236,NA,NA,S,2,1,184284.975,29.99,2012,11,14.02,14.19
135453,Active,3817639,NA,NA,S,4,1,28807.925,24.95,2015,16,17.62,15.08
135454,Active,907841,NA,NA,S,1,0,204628.05,29.95,2013,30,20.09,20.88
135455,Active,621433,NA,NA,S,1,0,109073.6,54.95,2006,25,33.39,46.64
135456,Active,1435463,NA,NA,S,1,0,93140,34,2011,49,8.83,16.86
135457,Active,2085173,NA,NA,S,0,0,51432.025,22.99,2014,37,7.93,3.68
135458,Active,1937858,NA,NA,S,1,0,48915.8,30,2015,34,6.95,8.23
135459,Active,1508258,NA,NA,S,1,0,212167.575,29.99,2008,42,4.58,13.48
135460,Active,1946890,NA,NA,S,1,0,206682.7,22.99,2013,11,15.59,15.89
135461,Active,2805970,NA,NA,S,0,0,341813.4975,14,1991,87,4,10.24
135462,Active,633627,NA,NA,S,0,0,451626.9263,49.99,1992,37,5.83,30.27
135463,Active,1627377,NA,NA,S,0,0,80114.2,39.95,2014,20,28.9,25.97
135464,Active,673860,NA,NA,S,0,0,56637.475,24.95,2011,12,23.29,23.33
135465,Active,660802,NA,NA,S,1,0,107438.225,47.95,2013,25,20.13,28.73
135466,Active,2602480,NA,NA,S,1,0,390084.0663,54.99,1995,18,5.38,54.99
135467,Active,615633,NA,NA,S,2,1,53376.075,28.5,2009,37,13.99,16.98
135468,Active,1527850,NA,NA,S,0,0,60267.3,30,2013,19,17.73,19.03
135469,Active,911612,NA,NA,S,0,0,93394.675,27,2008,19,15,18.29
135470,Active,799319,NA,NA,S,0,0,296830.41,24.95,2006,30,14.86,23.95
135471,Active,1767750,NA,NA,S,1,0,169830.15,29.99,2012,19,18.98,24.99
135472,Active,2007661,NA,NA,S,1,0,389105.1988,49.95,2010,20,32.81,30.55
135473,Active,237463,NA,NA,S,2,1,33038.64625,14.97,2002,66,7.23,11.78
135474,Active,623659,NA,NA,S,1,0,730388.73,44.95,2001,38,5.54,38.93
135475,Active,1535884,NA,NA,S,1,0,141399.2,38.5,2014,12,23.48,31.08
135476,Active,3719020,NA,NA,S,2,1,168636.025,23,2016,21,13.64,13.98
135477,Active,675389,NA,NA,S,3,1,14373.7575,24.95,2009,103,8.39,0
135478,Active,3511489,NA,NA,S,1,0,113559.6,26.95,2011,65,5.38,11.52
135479,Active,1980118,NA,NA,S,0,0,36213.925,31.99,2014,12,22.96,20.87
135480,Active,1466278,NA,NA,S,0,0,761736.7275,30,2014,16,17.26,22.2
135481,Active,1565959,NA,NA,S,1,0,40505.05,26.99,2015,35,14.19,15.44
135482,Active,2057542,NA,NA,S,0,0,57802.775,21.99,2010,19,17.82,17.83
135483,Active,1724372,NA,NA,S,0,0,128242.225,50,2011,19,31.41,32.98
135484,Active,294379,NA,NA,S,1,0,185403.2,24.95,2008,22,8.17,11.94
135485,Active,1583534,NA,NA,S,0,0,202453.875,34.99,2010,28,23.43,28.97
135486,Active,723849,NA,NA,S,1,0,162544.7,24.95,2010,19,23,25.27
135487,Active,542079,NA,NA,S,3,1,58253.45,22.95,2013,13,16.74,16.49
135488,Active,1937411,NA,NA,S,1,0,161167.35,25,2013,31,7.87,7.97
135489,Active,525395,NA,NA,S,2,1,22338.775,24.95,2009,59,9.2,16.49
135490,Active,2102397,NA,NA,S,1,0,171505.875,22.99,2013,25,9.47,7.97
135491,Active,676532,NA,NA,S,0,0,52685.825,25.99,2012,35,11.07,15.08
135492,Active,1777540,NA,NA,S,1,0,46391.8,27.95,2011,27,7.62,17.5
135493,Active,264342,NA,NA,S,2,1,79173.6,25,2007,41,10.87,12.97
135494,Active,1449740,NA,NA,S,1,0,220466.05,22.99,2008,31,6.54,16.88
135495,Active,1953933,NA,NA,S,0,0,79425.5,21.99,2013,11,15.59,15.67
135496,Active,675810,NA,NA,S,2,1,451250.7288,22.99,2007,71,4,0
135497,Active,865621,NA,NA,S,3,1,460570.2838,26.99,2012,53,12.66,8.29
135498,Active,3588544,NA,NA,S,1,0,573334.2,60,2005,23,11.56,43.93
135499,Active,121374,NA,NA,S,1,0,96690.25,22.99,2009,62,9.5,13.99
135500,Active,111927,NA,NA,S,3,1,151159.0863,140.75,2011,41,11.82,38.99
135501,Active,1532167,NA,NA,S,0,0,34668.075,28,2015,63,9.59,10.98
135502,Active,684543,NA,NA,S,0,0,43892.625,24.99,2009,12,14.89,18.72
135503,Active,677087,NA,NA,S,1,0,211454.8,27,2013,45,4,5.66
135504,Active,3467013,NA,NA,S,0,0,60862.025,21.99,2014,41,4,11.49
135505,Active,1697983,NA,NA,S,0,0,175367.6,27.95,2014,12,22,24.02
135506,Active,3504202,NA,NA,S,1,0,17475.3,49.99,2016,16,37.58,35.97
135507,Active,1937597,NA,NA,S,0,0,46080.7,35,2012,34,8.22,17.99
135508,Active,1969833,NA,NA,S,0,0,36231.175,30,2014,33,4,5.17
135509,Active,1894918,NA,NA,S,0,0,161381.775,24.84,2009,38,6.25,23.9
135510,Active,1496516,NA,NA,S,0,0,21110.5,29.99,2012,44,15.98,18.67
135511,Active,1557261,NA,NA,S,1,0,30030.875,32.95,2013,17,20.46,21.44
135512,Active,3582493,NA,NA,S,0,0,150061.35,22.95,2011,36,16.1,17.03
135513,Active,610676,NA,NA,S,3,1,505270.8425,54.95,2013,23,18.12,43.29
135514,Active,149286,NA,NA,S,0,0,578533.3713,50,2001,32,7.72,28.97
135515,Active,1565881,NA,NA,S,0,0,162585.3,26.99,2014,16,17.58,17.99
135516,Active,3503425,NA,NA,S,0,0,100180.9,83,2008,268,4.63,28.83
135517,Active,3503669,NA,NA,S,0,0,25789.725,65,2012,20,22.59,33.98
135518,Active,909956,NA,NA,S,0,0,130002.6013,21.99,2013,23,9.27,13.99
135519,Active,805971,NA,NA,S,1,0,103424.675,46,2010,51,7.95,10.86
135520,Active,217854,NA,NA,S,0,0,465278.16,47.5,2002,24,5.53,35.54
135521,Active,1700850,NA,NA,S,0,0,172516.575,24.95,2015,26,9.22,12.75
135522,Active,665360,NA,NA,S,1,0,21098.4,40,2012,14,28.7,108.99
135523,Active,141228,NA,NA,S,1,0,34035.475,23,2007,27,18.21,21.21
135524,Active,1710903,NA,NA,S,0,0,125066.925,27,2010,16,23.29,21.64
135525,Active,2022571,NA,NA,S,1,0,78644.025,24.95,2015,18,9.63,13.48
135526,Active,2022557,NA,NA,S,1,0,77689.075,24.95,2015,15,14.02,15.48
135527,Active,2107848,NA,NA,S,4,1,24332.425,24.99,2015,11,17.74,14.65
135528,Active,2169678,NA,NA,S,0,0,156247.75,29.95,2015,30,4.91,10.94
135529,Active,1703957,NA,NA,S,0,0,708.55,24.95,2014,15,17.6,16.08
135530,Active,2021660,NA,NA,S,1,0,37122.625,21.95,2009,26,12.47,15.96
135531,Active,2016054,NA,NA,S,0,0,132924.8,22.95,2013,20,9.54,17.68
135532,Active,675601,NA,NA,S,1,0,75938.975,29.95,2008,57,9.17,12.91
135533,Active,2701777,NA,NA,S,0,0,620824.5063,29.99,2003,31,4.59,46.86
135534,Active,525379,NA,NA,S,2,1,79949.58125,15,2012,39,6.85,10.41
135535,Active,2164695,NA,NA,S,0,0,79129.9,24.95,2014,15,15.8,16.29
135536,Active,2060061,NA,NA,S,0,0,27177.6,29.99,2010,17,16.98,16.82
135537,Active,275943,NA,NA,S,3,1,88485.00375,34.95,2005,24,11.53,34.95
135538,Active,2012116,NA,NA,S,3,1,72640.875,24.95,2010,14,15.94,19.96
135539,Active,2105938,NA,NA,S,0,0,21907.05,29.99,2014,18,19.62,21.08
135540,Active,2043328,NA,NA,S,0,0,4349.75,24.99,2015,6,22.51,18.55
135541,Active,685893,NA,NA,S,1,0,111878.75,27,2013,23,20.71,20.75
135542,Active,1918269,NA,NA,S,0,0,38678.375,27.99,2014,12,24.76,18.49
135543,Active,1872582,NA,NA,S,2,1,215129.25,21.99,2007,36,4.56,11.49
135544,Active,170731,NA,NA,S,0,0,271729.275,19.99,2005,21,13.89,105.7
135545,Active,864041,NA,NA,S,2,1,64087.715,39.99,2011,31,23.07,24.97
135546,Active,2051633,NA,NA,S,0,0,95140.15,29.99,2009,32,4,9.49
135547,Active,2043323,NA,NA,S,0,0,27794.8,22.99,2015,17,14.59,15.45
135548,Active,1704446,NA,NA,S,0,0,39972.35,35,2010,23,9.15,19.98
135549,Active,2102428,NA,NA,S,0,0,9978.3,30,2015,13,20.71,19.41
135550,Active,2017808,NA,NA,S,0,0,155959.175,21.95,2008,54,4.93,16.5
135551,Active,2164634,NA,NA,S,0,0,60895.45,26.95,2010,22,6.09,13.61
135552,Active,2022554,NA,NA,S,1,0,59808.725,22.95,2014,26,12.74,12.98
135553,Active,1918952,NA,NA,S,4,1,17069.245,14.95,2011,26,9.29,9.99
135554,Active,919885,NA,NA,S,0,0,79555.35,24.95,2007,61,6.87,13.95
135555,Active,2096634,NA,NA,S,8,1,24645.425,26.99,2015,12,20.53,17.53
135556,Active,679557,NA,NA,S,0,0,10849.55,29,2012,38,13.07,13.35
135557,Active,547189,NA,NA,S,2,1,80873.3,34.95,2009,14,6.24,28.04
135558,Active,900462,NA,NA,S,2,1,136169.175,29.99,2013,17,14.28,22.56
135559,Active,3569895,NA,NA,S,1,0,67118.375,34.99,2010,19,18.98,21.43
135560,Active,3794633,NA,NA,S,0,0,93380.5,25.95,2012,27,4,4.1
135561,Active,805361,NA,NA,S,0,0,9843.575,29.95,2007,66,5.91,13.89
135562,Active,2104315,NA,NA,S,0,0,35068.2,22,2013,22,12.77,13.36
135563,Active,682801,NA,NA,S,0,0,446909.6463,29.95,2001,26,18.35,108.49
135564,Active,1487038,NA,NA,S,0,0,169666.3,38,2009,15,13.49,16.6
135565,Active,1496828,NA,NA,S,1,0,55967.725,25,2014,48,7.99,10.98
135566,Active,1507938,NA,NA,S,1,0,82822.275,28.99,2010,31,9.97,11.99
135567,Active,1536609,NA,NA,S,0,0,157198.425,26.95,2015,38,4,6.17
135568,Active,1480106,NA,NA,S,2,1,40058.25,20.95,2013,14,21.48,17.98
135569,Active,630927,NA,NA,S,0,0,644847.2288,50.95,1995,29,18.76,38.82
135570,Active,2100851,NA,NA,S,1,0,62747.15,29.99,2014,46,8.42,12
135571,Active,751995,NA,NA,S,1,0,76768.575,22.95,2009,29,10.37,13.94
135572,Active,3694295,NA,NA,S,8,1,51914.8,102.25,2015,27,35.94,58.98
135573,Active,2264380,NA,NA,S,7,1,443684.8163,103.63,2013,10,25.36,72.96
135574,Active,681247,NA,NA,S,0,0,115091.675,25.95,2012,25,17.22,18.97
135575,Active,1751617,NA,NA,S,0,0,222880.45,23,2010,17,24.8,22.92
135576,Active,267621,NA,NA,S,0,0,103368.875,30.95,2009,24,17.49,22.58
135577,Active,647071,NA,NA,S,1,0,101664.775,39.95,2012,28,21.96,30.69
135578,Active,2405615,NA,NA,S,0,0,442583.9713,50,1989,41,6.95,26.74
135579,Active,3620043,NA,NA,S,1,0,632639.5,19.95,1997,29,11.06,59.39
135580,Active,1878013,NA,NA,S,0,0,412983.14,23.99,2015,13,20.59,19.57
135581,Active,644416,NA,NA,S,7,1,120503.58,48,2013,50,5.81,32.79
135582,Active,556287,NA,NA,S,0,0,284428.8638,47.95,2005,26,14.85,28.67
135583,Active,232803,NA,NA,S,3,1,72534.575,24.95,2011,18,17.85,22.75
135584,Active,1777835,NA,NA,S,2,1,93765.45,26.99,2014,13,19.48,20.2
135585,Active,781942,NA,NA,S,0,0,129786.075,24.99,2009,19,9.48,16.49
135586,Active,246647,NA,NA,S,1,0,184563.035,41.95,2009,21,7.8,32.71
135587,Active,859966,NA,NA,S,5,1,5730.325,25,2009,56,12.37,12.44
135588,Active,2142778,NA,NA,S,1,0,105910.05,24.95,2014,13,9.42,19.99
135589,Active,2508980,NA,NA,S,0,0,265726.835,21.95,1991,89,4,9.33
135590,Active,3787496,NA,NA,S,1,0,53892.675,35,2013,17,22.99,24.9
135591,Active,2392012,NA,NA,S,1,0,466920.7513,52.75,1978,33,5.73,51.14
135592,Active,1729600,NA,NA,S,0,0,521528.8613,15.95,2013,14,11.98,12.7
135593,Active,1576150,NA,NA,S,1,0,626781.0663,47.95,2008,24,6.36,36
135594,Active,1919043,NA,NA,S,0,0,23086.6,21.95,2012,42,6.21,12.94
135595,Active,2308080,NA,NA,S,1,0,103851.525,16.99,1999,67,7.3,38.19
135596,Active,2045191,NA,NA,S,1,0,14661.1,29.95,2012,18,16.28,20.25
135597,Active,2060340,NA,NA,S,0,0,72205.05,29.95,2013,14,21.98,21.98
135598,Active,2085212,NA,NA,S,0,0,12702.55,28.99,2015,19,15.04,21.16
135599,Active,2072027,NA,NA,S,0,0,141762.475,29.95,2011,16,19.75,19.57
135600,Active,3790702,NA,NA,S,0,0,3842.175,27.95,2015,14,17.97,18.91
135601,Active,1526993,NA,NA,S,0,0,75691.7,26,2014,41,5.93,10.28
135602,Active,1937511,NA,NA,S,1,0,38608.275,24.99,2012,18,6.22,8.98
135603,Active,894888,NA,NA,S,0,0,10535.625,21.95,2013,18,14.67,15.53
135604,Active,1876798,NA,NA,S,1,0,57608.925,40,2011,54,10.74,17.44
135605,Active,916523,NA,NA,S,1,0,110521.2913,30,2012,66,4.8,43.89
135606,Active,1748395,NA,NA,S,2,1,67487.125,25,2009,36,6.42,15.22
135607,Active,2604978,NA,NA,S,0,0,632644.2663,54.99,1998,43,5.97,23.96
135608,Active,676296,NA,NA,S,1,0,99887.0325,27,2013,251,4,6.97
135609,Active,677931,NA,NA,S,1,0,17267.775,24,2013,48,9.98,11.58
135610,Active,1815087,NA,NA,S,1,0,111760.25,24.99,2015,20,10,12.48
135611,Active,2141572,NA,NA,S,0,0,153964.4,29.95,2010,20,17.27,21.2
135612,Active,918320,NA,NA,S,1,0,472375.7875,45,2006,18,8.21,42.99
135613,Active,2024076,NA,NA,S,2,1,25257.85,26.95,2015,22,17.48,15.42
135614,Active,250410,NA,NA,S,2,1,578542.8063,18.95,2006,29,14.08,54.4
135615,Active,3960223,NA,NA,S,0,0,36817.225,24.95,2008,29,8.78,9.2
135616,Active,684120,NA,NA,S,0,0,84499.925,27,2013,32,6.24,6.47
135617,Active,636286,NA,NA,S,0,0,867195.1663,83.95,2005,29,17.81,51.08
135618,Active,289736,NA,NA,S,1,0,262792.95,75.95,2006,40,13.99,52.94
135619,Active,1918520,NA,NA,S,0,0,12301.2,26.99,2014,18,12.95,13.36
135620,Active,874774,NA,NA,S,10,1,78683.15125,89.95,2014,38,50.85,52.45
135621,Active,207878,NA,NA,S,0,0,193078.2975,19.99,2003,50,5.59,13.23
135622,Active,612775,NA,NA,S,0,0,31998.35,34.95,2013,21,28.34,24.37
135623,Active,2159057,NA,NA,S,1,0,43124.075,39,2013,7,30.79,32.4
135624,Active,2088637,NA,NA,S,0,0,82117.075,26.95,2015,30,18.27,18.84
135625,Active,2407726,NA,NA,S,0,0,738542.0163,74,1995,35,4,8.75
135626,Active,171689,NA,NA,S,1,0,631894.6913,28.95,1999,60,4,11.48
135627,Active,1779613,NA,NA,S,1,0,82565.1,103,2014,13,59.91,57.82
135628,Active,690486,NA,NA,S,1,0,666143.56,29.95,2012,21,13.02,54.98
135629,Active,655304,NA,NA,S,1,0,216314.125,23,2012,13,15.13,17.99
135630,Active,123535,NA,NA,S,0,0,33393.025,21,2007,67,6.13,6.13
135631,Active,2020591,NA,NA,S,0,0,31831.725,75,2013,15,45.6,43.7
135632,Active,3529983,NA,NA,S,0,0,45687.8,27.95,2015,18,20.33,15.93
135633,Active,1532211,NA,NA,S,0,0,20223.575,29.95,2014,28,13.98,16.93
135634,Active,3541759,NA,NA,S,0,0,18800.575,21,2016,7,24.02,13.58
135635,Active,3751568,NA,NA,S,1,0,216415.7,42,2013,10,14.18,17.6
135636,Active,1508630,NA,NA,S,0,0,7494.925,40,2014,26,15.23,17.69
135637,Active,1682577,NA,NA,S,0,0,138112.875,27.95,2010,35,4.11,8.98
135638,Active,1498815,NA,NA,S,0,0,56652.7,27.99,2013,15,9.47,15.98
135639,Active,2066963,NA,NA,S,0,0,51600.25,24.95,2014,13,18.4,17.68
135640,Active,617410,NA,NA,S,2,1,254355.0925,46,2006,31,9.01,34.28
135641,Active,1565782,NA,NA,S,1,0,109111.675,21.99,2010,45,8.85,12.68
135642,Active,3682660,NA,NA,S,0,0,91803.275,22.99,2013,22,9.98,9.98
135643,Active,1895494,NA,NA,S,0,0,181933.275,0,2010,10,4.59,2166
135644,Active,2041629,NA,NA,S,4,1,161334.65,22,2011,20,5.98,8.91
135645,Active,1479430,NA,NA,S,1,0,204767.325,26.95,2011,40,6.1,10.24
135646,Active,3513628,NA,NA,S,1,0,145908.9,37.95,1982,94,5.1,66.42
135647,Active,1496839,NA,NA,S,1,0,72532.225,26,2012,42,5.09,7.67
135648,Active,2121189,NA,NA,S,0,0,342037.7925,38,2014,19,31.83,22.74
135649,Active,1786593,NA,NA,S,0,0,238909.225,54.95,2014,12,37.82,48.45
135650,Active,647913,NA,NA,S,1,0,759010.5738,46.95,2008,26,18.94,38.35
135651,Active,919357,NA,NA,S,4,1,137692.425,24.95,2007,42,4.09,8.99
135652,Active,1479955,NA,NA,S,1,0,179552.1,24.95,2014,19,15.37,24.95
135653,Active,719236,NA,NA,S,0,0,400939.56,49.95,2002,28,5.93,43.01
135654,Active,1830680,NA,NA,S,0,0,102755.7,26,2014,22,9.24,9.24
135655,Active,1699141,NA,NA,S,0,0,22658.35,30,2015,20,15.64,21.42
135656,Active,2102197,NA,NA,S,0,0,19416.85,21.95,2013,16,10.34,19.76
135657,Active,1978463,NA,NA,S,0,0,100986.575,26,2014,17,18.99,23.85
135658,Active,2041788,NA,NA,S,0,0,31433.125,29.95,2014,20,18.93,21.14
135659,Active,2127408,NA,NA,S,0,0,486846.26,45,2009,28,13.99,71.65
135660,Active,1920113,NA,NA,S,0,0,108440.05,42.95,2014,10,30.48,29.62
135661,Active,1836580,NA,NA,S,0,0,139252.125,27.95,2012,21,13.98,15.28
135662,Active,1780290,NA,NA,S,1,0,190909.125,50,2014,19,28.95,28.96
135663,Active,1456203,NA,NA,S,1,0,24654.225,39.99,2015,13,26.06,28.61
135664,Active,2024729,NA,NA,S,1,0,88897.65,24.95,2014,7,13,18.1
135665,Active,3513195,NA,NA,S,1,0,16454.325,27.95,2015,7,21.5,21.49
135666,Active,1935414,NA,NA,S,1,0,17201.7,21.95,2012,23,12.85,13.98
135667,Active,546614,NA,NA,S,0,0,128111.1,30,2009,13,28.5,28.96
135668,Active,2020206,NA,NA,S,0,0,71214.725,21.95,2014,9,16.02,16.02
135669,Active,2020185,NA,NA,S,0,0,68376.725,24.95,2011,15,17.95,17.28
135670,Active,798001,NA,NA,S,1,0,133363.55,39.95,2009,19,18.17,19.96
135671,Active,3830227,NA,NA,S,0,0,20287.475,79.95,2015,12,57.62,73.49
135672,Active,1708585,NA,NA,S,0,0,110448.05,26.95,2012,20,23.14,24.36
135673,Active,680287,NA,NA,S,0,0,45804.2,27,2008,19,17.55,17.57
135674,Active,272031,NA,NA,S,0,0,51033.525,24.95,2007,38,10.47,15.97
135675,Active,2024055,NA,NA,S,0,0,9372.7,28,2014,37,11.79,16.35
135676,Active,3959998,NA,NA,S,0,0,345.7,24,2016,13,18.23,12.21
135677,Active,1833154,NA,NA,S,0,0,95481.375,24.99,2014,39,8.82,15.4
135678,Active,1754267,NA,NA,S,0,0,78313.55,25,2012,8,22.67,21.54
135679,Active,2107709,NA,NA,S,0,0,14753,34.99,2014,19,20.56,24.29
135680,Active,2107774,NA,NA,S,0,0,12506.775,34.99,2015,19,18.99,22.25
135681,Active,2023208,NA,NA,S,0,0,17135.45,34.99,2007,43,15.88,20.45
135682,Active,2023227,NA,NA,S,0,0,13231.075,34.99,2010,45,15.76,16.98
135683,Active,2077893,NA,NA,S,1,0,12188.95,34.99,2008,46,19.39,23.84
135684,Active,2077949,NA,NA,S,1,0,19717.15,34.99,2010,40,15.81,23.8
135685,Active,2077972,NA,NA,S,1,0,26518.3,34.99,2011,38,18.96,22.25
135686,Active,2078066,NA,NA,S,1,0,15582.7,34.99,2013,41,21.47,23.97
135687,Active,3800735,NA,NA,S,0,0,24826.15,65,2015,19,34.53,34.53
135688,Active,2073624,NA,NA,S,0,0,11085.75,49.99,2013,1,31.61,36.15
135689,Active,525221,NA,NA,S,0,0,74985.585,13.99,2006,104,4,8.71
135690,Active,525219,NA,NA,S,2,1,73122.975,25,2011,23,17.21,17.85
135691,Active,923766,NA,NA,S,1,0,254208.6225,50,2007,232,4,10.81
135692,Active,175001,NA,NA,S,2,1,552994.9313,34.99,2007,21,28.9,0
135693,Active,908980,NA,NA,S,0,0,118754.05,24.95,2012,26,12.12,17.91
135694,Active,673375,NA,NA,S,0,0,380.0225,12.95,2012,80,7.87,10.31
135695,Active,2450251,NA,NA,S,1,0,659936.4113,65,1993,31,9.01,42
135696,Active,627737,NA,NA,S,1,0,616338.4825,70,1994,52,6.41,26.79
135697,Active,652375,NA,NA,S,0,0,60541.05,35,2013,58,9.24,11.4
135698,Active,1471464,NA,NA,S,1,0,21561.475,27.95,2015,19,19.46,19.22
135699,Active,1627615,NA,NA,S,0,0,26146.875,29.95,2013,20,17.5,21.97
135700,Active,678960,NA,NA,S,1,0,111274.025,23,2012,47,6.8,12.49
135701,Active,3553525,NA,NA,S,0,0,188886.5,29.95,2008,25,14.95,17.97
135702,Active,760153,NA,NA,S,1,0,597667.1913,65,2001,54,4,7.97
135703,Active,2667048,NA,NA,S,0,0,252393.9125,46,1999,60,8.73,28.97
135704,Active,889081,NA,NA,S,0,0,449317.1713,24.99,2014,16,19.91,20.55
135705,Active,2085131,NA,NA,S,1,0,123386.975,25.99,2013,27,8.3,13.45
135706,Active,2492233,NA,NA,S,0,0,42048.04,17,1996,151,4,8.73
135707,Active,1624832,NA,NA,S,0,0,53296.425,36,2014,25,16.58,21.23
135708,Active,3763469,NA,NA,S,2,1,220825.025,64.99,2016,11,59.94,50.29
135709,Active,3548093,NA,NA,S,0,0,368631.3,35,2003,32,32.78,78.99
135710,Active,2110470,NA,NA,S,0,0,196103.425,24.95,2015,13,12.69,14.25
135711,Active,3880866,NA,NA,S,0,0,41489.375,85,2015,12,59.36,58.75
135712,Active,1532330,NA,NA,S,1,0,32147.075,25.95,2015,39,13.08,15.44
135713,Active,1698167,NA,NA,S,1,0,66511.875,29.95,2010,33,11.33,20.63
135714,Active,2088323,NA,NA,S,0,0,80597.675,24.95,2015,19,13.1,15.3
135715,Active,676308,NA,NA,S,0,0,24335.4,25,2009,37,9.89,16.85
135716,Active,1429294,NA,NA,S,1,0,151954.675,24.95,2007,51,4,13.96
135717,Active,2509336,NA,NA,S,0,0,188996.5263,21.95,1995,86,4,11.65
135718,Active,1677142,NA,NA,S,0,0,12393.225,34.99,2010,60,13.78,21.36
135719,Active,1535775,NA,NA,S,1,0,26847.15,24.95,2014,16,22.15,22.39
135720,Active,1432968,NA,NA,S,0,0,17928.95,24.99,2014,44,4.41,10.05
135721,Active,682877,NA,NA,S,1,0,51676.275,29.95,2009,19,18.39,18.47
135722,Active,431593,NA,NA,S,0,0,505563.8263,34,2000,32,6.02,24.99
135723,Active,677726,NA,NA,S,1,0,36050.8,29.95,2013,67,4.34,6.99
135724,Active,3161606,NA,NA,S,1,0,582349.0113,35,2004,50,7.94,45.94
135725,Active,690829,NA,NA,S,0,0,10462.375,21.99,2013,28,8.98,10.98
135726,Active,3497994,NA,NA,S,0,0,8491.475,24.95,2009,20,8.8,16.45
135727,Active,2046764,NA,NA,S,0,0,87470.4,35,2014,23,11.96,12.49
135728,Active,3528668,NA,NA,S,1,0,176792.725,24.95,2010,38,7.21,20.43
135729,Active,543353,NA,NA,S,7,1,56363.38375,129.95,2012,62,17.99,47.57
135730,Active,1429982,NA,NA,S,1,0,210475.5613,25.95,2006,106,4,6.99
135731,Active,677651,NA,NA,S,1,0,76139.3,24.95,2009,28,11.51,16.34
135732,Active,1694908,NA,NA,S,0,0,123723.775,25,2015,30,8.42,10.97
135733,Active,903796,NA,NA,S,0,0,101330.725,30,2007,20,21.49,22.56
135734,Active,139191,NA,NA,S,0,0,712678.1,47,2006,48,4,18.69
135735,Active,1734886,NA,NA,S,0,0,167906.925,24.99,2013,17,11.85,19.67
135736,Active,733826,NA,NA,S,1,0,218857.225,24.95,2008,43,4,12.98
135737,Active,3511117,NA,NA,S,0,0,82375.075,26,2015,11,19.12,16.97
135738,Active,1493197,NA,NA,S,1,0,85868.75,29.95,2008,43,6.15,21.82
135739,Active,681449,NA,NA,S,0,0,16573.85,29.99,2010,16,21.01,19.9
135740,Active,2051171,NA,NA,S,0,0,32758.875,29.99,2012,10,20.26,21.06
135741,Active,2289926,NA,NA,S,0,0,11550,58.97,1900,20,44.58,58.35
135742,Active,2275946,NA,NA,S,2,1,10274,57.39,2011,22,46.7,57.39
135743,Active,635701,NA,NA,S,1,0,357274.4363,89.95,2012,56,6.15,18.99
135744,Active,617915,NA,NA,S,1,0,668304.765,121.95,2009,37,4.35,18.95
135745,Active,627853,NA,NA,S,0,0,74475.775,30,2013,27,6.92,7.92
135746,Active,644384,NA,NA,S,1,0,117810.475,39.99,2013,18,18.48,20.2
135747,Active,914900,NA,NA,S,3,1,360331.6675,25,2008,30,9.95,19.49
135748,Active,687749,NA,NA,S,1,0,255584.0525,24.95,2009,42,11.18,17.98
135749,Active,1751019,NA,NA,S,0,0,100401.4,24.99,2014,13,18.21,18.39
135750,Active,691198,NA,NA,S,0,0,1558.45,29.95,2012,20,19.18,19.19
135751,Active,3743373,NA,NA,S,0,0,36742.95,29.99,2015,18,18.12,18.12
135752,Active,1762852,NA,NA,S,0,0,111553.975,24.95,2015,10,17.56,18.28
135753,Active,2543664,NA,NA,S,2,1,413477.4175,43.95,2004,27,14.99,38.15
135754,Active,1677277,NA,NA,S,0,0,52606.325,32.99,2012,19,16.48,21.46
135755,Active,643731,NA,NA,S,0,0,840205.9138,76,2005,26,18.07,72.15
135756,Active,628058,NA,NA,S,2,1,671898.4975,32.95,2003,29,7.27,29.71
135757,Active,1676952,NA,NA,S,1,0,40585.5,34.99,2007,23,15.92,21.33
135758,Active,1684496,NA,NA,S,0,0,145968.725,24.99,2009,55,5.37,15.94
135759,Active,2167520,NA,NA,S,0,0,38597.25,24.95,2014,19,17.07,18.76
135760,Active,2265488,NA,NA,S,4,1,459820.675,119.15,1900,18,35.64,130.81
135761,Active,1733337,NA,NA,S,0,0,43855.075,24.95,2009,42,4.31,12.86
135762,Active,219997,NA,NA,S,0,0,26997.75625,41.95,2010,54,19.14,30.98
135763,Active,256902,NA,NA,S,0,0,100758.6713,32.95,1997,25,15.09,32.95
135764,Active,285516,NA,NA,S,4,1,122914.94,172.25,2010,69,6.79,88.27
135765,Active,635139,NA,NA,S,2,1,276171.9613,65,2009,13,37.27,41.46
135766,Active,1970236,NA,NA,S,0,0,74972.8,55,2014,49,4.75,5.17
135767,Active,1576417,NA,NA,S,1,0,651258.2463,45,2013,31,7.8,26.09
135768,Active,111091,NA,NA,S,10,1,47354.2875,209.25,2009,62,11.94,72.75
135769,Active,550299,NA,NA,S,9,1,871963.8538,170.66,2007,29,6.8,202.87
135770,Active,557244,NA,NA,S,11,1,34018.905,176.4,2012,57,34.58,133.98
135771,Active,568717,NA,NA,S,1,0,408984.4213,64.99,1995,35,13.48,50.97
135772,Active,525175,NA,NA,S,0,0,374106.9813,29.95,2009,46,17,0
135773,Active,733529,NA,NA,S,1,0,480331.3063,24.95,2007,26,4.97,80.95
135774,Active,2539236,NA,NA,S,2,1,666264.2538,22.95,2001,28,14.16,18.79
135775,Active,2516217,NA,NA,S,0,0,30323.775,9.99,1982,86,4,8.86
135776,Active,559975,NA,NA,S,0,0,97703.125,25,2008,41,8.26,16.78
135777,Active,1762315,NA,NA,S,1,0,2663.825,24.99,2014,16,18.69,18.69
135778,Active,734749,NA,NA,S,1,0,94952.625,25.99,2010,47,4,6.68
135779,Active,1565786,NA,NA,S,1,0,17745.8,21.99,2010,21,13.48,14.43
135780,Active,103392,NA,NA,S,0,0,164204.275,27.99,2011,39,9.94,17.44
135781,Active,3046806,NA,NA,S,1,0,723012.0875,67.5,1996,31,6.79,13.44
135782,Active,3467093,NA,NA,S,0,0,47615.325,50,2015,19,23.94,24.48
135783,Active,1938728,NA,NA,S,0,0,144755.4,24.95,2014,54,7.29,7.6
135784,Active,414543,NA,NA,S,1,0,703755.4988,24.95,1996,92,4,9.98
135785,Active,2100689,NA,NA,S,1,0,8680.925,24.99,2014,25,6.96,6.98
135786,Active,1943066,NA,NA,S,1,0,8367.3,26,2014,21,5.28,5.28
135787,Active,1598654,NA,NA,S,0,0,6.275,30,2015,23,17.46,18
135788,Active,3541953,NA,NA,S,1,0,27223.625,25,2011,35,11.97,15.7
135789,Active,2164845,NA,NA,S,0,0,6271.75,24.99,2015,11,22.34,18.57
135790,Active,2016641,NA,NA,S,1,0,86829.55,23.95,2009,32,9.49,15.24
135791,Active,2091312,NA,NA,S,0,0,104527.125,25,2013,17,23.18,19.12
135792,Active,1564020,NA,NA,S,0,0,28701.06625,16,2006,318,3.98,8.01
135793,Active,580556,NA,NA,S,0,0,38416.48875,16,2009,483,3.99,0
135794,Active,3562775,NA,NA,S,0,0,639034.1,58,2001,77,4,28.49
135795,Active,2024081,NA,NA,S,1,0,5901.35,27.95,2015,14,20.87,16.77
135796,Active,1733333,NA,NA,S,0,0,121609.225,29.95,2009,25,14.11,20.27
135797,Active,676900,NA,NA,S,1,0,115495.075,26.99,2011,48,7.03,11.98
135798,Active,1527020,NA,NA,S,1,0,22375.85,26,2015,24,13.59,16.8
135799,Active,2065484,NA,NA,S,0,0,20144.65,29.95,2014,12,26.26,22.75
135800,Active,293074,NA,NA,S,4,1,669672.0775,7.93,2006,55,4,7.55
135801,Active,1693414,NA,NA,S,1,0,26393.675,29.95,2010,25,19.32,22.62
135802,Active,912420,NA,NA,S,1,0,96246.98875,22.95,2010,33,8.71,16.28
135803,Active,581929,NA,NA,S,0,0,124201.875,26.95,2007,22,11.67,21.73
135804,Active,2163432,NA,NA,S,0,0,61365.875,24.95,2011,35,5.73,15
135805,Active,669877,NA,NA,S,0,0,125717.8,56,2011,12,29.91,50.24
135806,Active,805727,NA,NA,S,1,0,32623.4,34.95,2008,54,5.85,18.61
135807,Active,2024034,NA,NA,S,1,0,24733.525,26,2011,63,8.51,13.73
135808,Active,127482,NA,NA,S,1,0,200992.36,20.95,2009,30,13.77,17.2
135809,Active,2071436,NA,NA,S,1,0,36754.375,25,2010,12,18.54,19.31
135810,Active,881435,NA,NA,S,0,0,57380.95375,6.99,2014,15,6.61,6.99
135811,Active,1625542,NA,NA,S,0,0,153217.8,35,2009,23,19.46,19.73
135812,Active,1669942,NA,NA,S,1,0,93967.07125,14.99,2009,46,5.34,9.51
135813,Active,3950161,NA,NA,S,0,0,88037,45,2015,11,32.8,38.41
135814,Active,752474,NA,NA,S,1,0,619187.76,87.5,2009,25,11.58,42.73
135815,Active,3566481,NA,NA,S,2,1,972.425,24.95,2015,20,18.69,14.85
135816,Active,633561,NA,NA,S,3,1,673139.6513,50,1999,38,8.75,29.93
135817,Active,196631,NA,NA,S,4,1,287845.9925,93.95,2001,29,15.11,63.73
135818,Active,681049,NA,NA,S,0,0,9104.425,29.95,2009,23,17.41,18.32
135819,Active,729164,NA,NA,S,3,1,35818.15625,17.99,1997,169,4,11.79
135820,Active,678995,NA,NA,S,0,0,184143.35,22.95,2010,25,4.04,19.17
135821,Active,542309,NA,NA,S,0,0,3682.825,24,2012,51,9.36,15.71
135822,Active,681220,NA,NA,S,1,0,88243.15,26,2012,18,17.89,32.77
135823,Active,1752464,NA,NA,S,0,0,512719.6525,12.5,2009,37,4.28,9.99
135824,Active,1955745,NA,NA,S,0,0,71890.625,29.95,2011,22,25.15,25.98
135825,Active,1436734,NA,NA,S,1,0,103533.55,24,2010,44,4,11.85
135826,Active,2016776,NA,NA,S,1,0,39616.475,21.95,2012,19,12.04,15.73
135827,Active,156413,NA,NA,S,1,0,476780.5075,45.95,1996,47,5.46,33.92
135828,Active,3466755,NA,NA,S,1,0,67371.575,26.99,2014,66,4.47,6.57
135829,Active,1697153,NA,NA,S,0,0,99957.8325,39.99,2015,46,28.86,62.91
135830,Active,2020181,NA,NA,S,0,0,44825.45,21.95,2011,17,15.28,16.17
135831,Active,1715522,NA,NA,S,0,0,162622.975,22.95,2007,12,13.98,21.38
135832,Active,2833917,NA,NA,S,0,0,60304.90125,14.99,2003,31,9.4,11.24
135833,Active,649444,NA,NA,S,0,0,60442.7,40,2013,26,17.91,24.73
135834,Active,686034,NA,NA,S,0,0,92527.45,24,2012,45,4.54,15.66
135835,Active,634698,NA,NA,S,1,0,393484.89,41.95,2010,36,15.69,26.07
135836,Active,1607479,NA,NA,S,1,0,73749.075,25,2007,32,8.25,33.99
135837,Active,686083,NA,NA,S,2,1,159395.25,27.5,2011,11,22.98,23.73
135838,Active,1532298,NA,NA,S,1,0,60383.85,25.95,2013,57,4.09,9.73
135839,Active,1937529,NA,NA,S,0,0,69367.125,26,2014,68,4.16,5.23
135840,Active,123188,NA,NA,S,0,0,22376.9475,10,2003,86,6.16,7.35
135841,Active,2075456,NA,NA,S,0,0,218295.725,29.95,2011,29,6.05,8.13
135842,Active,625623,NA,NA,S,0,0,94249.78875,44.99,2013,20,16.76,22.74
135843,Active,2154338,NA,NA,S,0,0,150132.275,24.95,2007,34,8.98,14.79
135844,Active,597975,NA,NA,S,1,0,134959.85,31.95,2007,30,9.43,9.94
135845,Active,689714,NA,NA,S,0,0,33719.35,26.99,2011,48,5.95,10.22
135846,Active,2083919,NA,NA,S,1,0,150998.425,26.99,2012,62,7.17,12.9
135847,Active,687948,NA,NA,S,0,0,40118.375,26.99,2013,21,17.4,15.35
135848,Active,683651,NA,NA,S,1,0,35150.075,26.99,2012,26,14.73,16.99
135849,Active,1855485,NA,NA,S,3,1,404296.9775,29.99,2014,33,4,19.54
135850,Active,1918154,NA,NA,S,2,1,44982.425,27.99,2011,15,18.84,19.01
135851,Active,733689,NA,NA,S,0,0,14791.025,24.99,2008,39,4,16.36
135852,Active,690084,NA,NA,S,0,0,1080.925,24.95,2013,33,15.53,15.66
135853,Active,2205718,NA,NA,S,0,0,31418.6,29.99,2013,32,18.22,22.78
135854,Active,2004705,NA,NA,S,2,1,198815.175,29.95,2010,26,18.62,21.94
135855,Active,525096,NA,NA,S,2,1,103285.725,29.95,2009,31,7.74,10.98
135856,Active,1701893,NA,NA,S,1,0,150781.175,24.95,2008,28,17.57,18.97
135857,Active,2796568,NA,NA,S,0,0,185645.035,19.99,1999,77,4.16,33.62
135858,Active,2847610,NA,NA,S,0,0,226369.8888,39.99,1996,27,43.36,366.73
135859,Active,630705,NA,NA,S,0,0,367283.575,45,1993,23,16.94,39.46
135860,Active,480817,NA,NA,S,0,0,136254.65,23,2008,18,16.96,17.86
135861,Active,807839,NA,NA,S,0,0,371886.5825,79.99,2009,14,41.35,38.94
135862,Active,1732901,NA,NA,S,3,1,162982.175,25.9,2007,18,7.94,23.88
135863,Active,1705444,NA,NA,S,1,0,38167.45,25,2015,57,4,10.82
135864,Active,1716013,NA,NA,S,0,0,94180.975,22.95,2014,8,20.25,20.49
135865,Active,1779674,NA,NA,S,1,0,44781.675,24.95,2013,20,16.64,16.54
135866,Active,2605526,NA,NA,S,0,0,845761.1438,44.99,1996,40,12.92,25.33
135867,Active,1918369,NA,NA,S,0,0,44833.175,34.99,2011,14,25.16,25.4
135868,Active,2051130,NA,NA,S,1,0,35740.8,34.99,2010,11,19.42,21.83
135869,Active,1491366,NA,NA,S,0,0,87922.05,29,2007,22,8.94,18.98
135870,Active,683595,NA,NA,S,0,0,222471.925,25.99,2013,68,4,4
135871,Active,1767875,NA,NA,S,0,0,793701.3025,29.99,2014,26,9.63,28.23
135872,Active,543579,NA,NA,S,0,0,81553.43625,17.97,1993,82,9.17,13.47
135873,Active,212706,NA,NA,S,0,0,56330.1,44.99,2011,34,20.97,24.88
135874,Active,864205,NA,NA,S,0,0,24949.275,30,2012,55,11.47,18.61
135875,Active,2110297,NA,NA,S,0,0,3407.925,35,2014,19,21.08,21.08
135876,Active,664189,NA,NA,S,0,0,39078.35,35,2013,18,23.34,25.72
135877,Active,1527023,NA,NA,S,0,0,78584.85,26,2015,20,16.89,16.95
135878,Active,1655586,NA,NA,S,1,0,131778.9,25,2009,39,10.23,14.78
135879,Active,608047,NA,NA,S,6,1,705425.5788,216.95,2002,38,4.51,18.8
135880,Active,651678,NA,NA,S,0,0,563285.1413,45,2012,22,11.87,18.99
135881,Active,255113,NA,NA,S,0,0,787944.815,59.95,2007,40,4.53,97.61
135882,Active,1654064,NA,NA,S,0,0,60271.7,35,2010,18,15.71,23.8
135883,Active,3814256,NA,NA,S,0,0,140868.675,24.99,2010,23,18.29,15.97
135884,Active,598900,NA,NA,S,4,1,18846.775,27.5,2009,23,19.25,26.72
135885,Active,3496312,NA,NA,S,0,0,161495.1,50,2015,17,25.55,34.98
135886,Active,346817,NA,NA,S,0,0,36676.7,39.95,2011,28,17.13,28.98
135887,Active,555554,NA,NA,S,1,0,78160.525,44.95,2010,25,28.66,37.81
135888,Active,3825201,NA,NA,S,0,0,156452.275,54.95,2014,20,33.99,35.81
135889,Active,3731800,NA,NA,S,0,0,95164.9,26,2009,58,6.56,15.69
135890,Active,3510137,NA,NA,S,0,0,850239.3,69.65,2006,56,4.09,53.24
135891,Active,244303,NA,NA,S,1,0,104903.3,22.95,2011,26,7.02,11.89
135892,Active,2060379,NA,NA,S,3,1,180440.475,24.99,2009,18,13.88,19.9
135893,Active,184323,NA,NA,S,1,0,653917.3738,52.95,2003,48,4,15.95
135894,Active,111896,NA,NA,S,7,1,63419.2425,154.25,2011,59,23.2,73.48
135895,Active,564915,NA,NA,S,1,0,228017.2925,22.95,2008,32,14.73,18.44
135896,Active,3479782,NA,NA,S,1,0,155332.075,74.95,2015,42,38.21,47.62
135897,Active,2260448,NA,NA,S,7,1,219635.8,105.11,2010,25,50.08,98.43
135898,Active,2453220,NA,NA,S,0,0,328424.3963,30,1996,47,4.49,49.55
135899,Active,242596,NA,NA,S,2,1,170048.9838,22.5,2002,14,43.46,42.74
135900,Active,2214080,NA,NA,S,0,0,93695,49.99,2013,12,39.05,39.07
135901,Active,663242,NA,NA,S,0,0,81855.05,49.99,2013,17,27.95,28.72
135902,Active,685118,NA,NA,S,3,1,214844.3,29.95,2010,23,8.05,16.99
135903,Active,1713666,NA,NA,S,1,0,238291.55,28.95,2012,18,7.29,28.99
135904,Active,133035,NA,NA,S,1,0,106826.175,108.2,2010,36,28.44,52.67
135905,Active,896766,NA,NA,S,0,0,19453.2,24.95,2013,25,14.59,16.73
135906,Active,546474,NA,NA,S,7,1,607171.3738,28.5,2009,45,4.38,8.98
135907,Active,1471421,NA,NA,S,2,1,70634.375,29.95,2014,20,21.98,26.99
135908,Active,1645208,NA,NA,S,0,0,257530.4613,28,2011,14,26.68,25
135909,Active,641419,NA,NA,S,1,0,328005.5888,58.33,2010,24,4.48,112.13
135910,Active,2537392,NA,NA,S,0,0,587614.79,47.95,2004,29,5.7,33.94
135911,Active,544846,NA,NA,S,0,0,772112.9325,29.99,2010,19,56.47,70.25
135912,Active,2692121,NA,NA,S,1,0,684109.1963,75,2005,57,4.57,38.99
135913,Active,1434216,NA,NA,S,0,0,46335.45,26.99,2015,16,15.98,18.04
135914,Active,2600295,NA,NA,S,0,0,384657.28,44.99,1993,45,4,29.18
135915,Active,1830650,NA,NA,S,0,0,50918.325,28,2015,16,19.55,19.56
135916,Active,860255,NA,NA,S,0,0,27088.35,24.99,2010,31,13.03,16.27
135917,Active,540206,NA,NA,S,2,1,90982.57375,20,2013,27,13.97,15.84
135918,Active,678598,NA,NA,S,0,0,87322.55,25,2013,42,4.12,13.13
135919,Active,2020954,NA,NA,S,0,0,29981.475,24.95,2014,27,11.48,13.81
135920,Active,3960098,NA,NA,S,0,0,15805.125,29.99,2015,15,18.48,18.53
135921,Active,3013478,NA,NA,S,1,0,265825.045,18.95,2003,45,4.71,11.64
135922,Active,622009,NA,NA,S,0,0,1649.875,34.99,2007,24,17.31,19.64
135923,Active,867085,NA,NA,S,3,1,69620.29375,142.8,2014,52,12.49,89.73
135924,Active,1620611,NA,NA,S,0,0,179031.125,87.95,2014,6,18.25,85.98
135925,Active,691482,NA,NA,S,3,1,1705.225,27.95,2007,65,14.26,14.47
135926,Active,878523,NA,NA,S,8,1,4309.54375,76.5,2014,60,37.1,58.99
135927,Active,525009,NA,NA,S,5,1,136575.1375,115.95,2008,41,18.51,26.36
135928,Active,683455,NA,NA,S,0,0,28248.5,24.95,2007,18,17.3,18.04
135929,Active,639713,NA,NA,S,10,1,615738.1263,168.95,2013,22,5.94,58.99
135930,Active,867084,NA,NA,S,3,1,48921.36875,142.8,2014,107,4.92,21.96
135931,Active,629960,NA,NA,S,11,1,117054.985,134,2011,76,7.89,55.77
135932,Active,1729843,NA,NA,S,0,0,25880.025,28.95,2014,8,26.19,27.5
135933,Active,639171,NA,NA,S,3,1,81522.04,55,2010,37,39.15,41
135934,Active,2170247,NA,NA,S,0,0,109647.8,29.95,2015,53,4,5.87
135935,Active,1834017,NA,NA,S,0,0,93480.05875,9.99,2013,27,5.62,5.38
135936,Active,1502699,NA,NA,S,0,0,94507.275,24.99,2010,43,8.38,9.98
135937,Active,731920,NA,NA,S,1,0,313543.5525,29.99,2000,43,7.57,20.4
135938,Active,2457822,NA,NA,S,1,0,512596.0663,19.95,2002,58,3.98,10.98
135939,Active,906940,NA,NA,S,0,0,623565.2238,40,2012,26,4.46,23.94
135940,Active,1625782,NA,NA,S,0,0,175161.3,39.95,2015,16,24.61,31.27
135941,Active,2115847,NA,NA,S,0,0,184836.3,28,2014,11,17.02,16.8
135942,Active,2070846,NA,NA,S,1,0,98567.325,22.99,2010,62,4,4
135943,Active,1728542,NA,NA,S,1,0,6358,35,2009,31,16.63,18.18
135944,Active,649066,NA,NA,S,2,1,40450.01125,57.19,2009,26,23.69,51.48
135945,Active,645370,NA,NA,S,1,0,127453.925,45,2008,23,26.74,27.41
135946,Active,2105765,NA,NA,S,0,0,42906.575,29.95,2014,21,18.97,19.36
135947,Active,685942,NA,NA,S,0,0,45310.9,22.99,2013,21,7.95,7.95
135948,Active,1783974,NA,NA,S,0,0,58613.625,28,2014,34,5.02,8.73
135949,Active,2154790,NA,NA,S,2,1,585319.2538,57.95,2007,23,10.82,41.94
135950,Active,284527,NA,NA,S,2,1,681428.3588,59.95,2003,38,4,32.59
135951,Active,3578826,NA,NA,S,0,0,39396.775,75,2016,11,48.99,48.05
135952,Active,635054,NA,NA,S,0,0,33424.175,37.95,2010,27,19.87,25.09
135953,Active,684549,NA,NA,S,0,0,122653.175,29,2008,14,20.98,23.97
135954,Active,632218,NA,NA,S,6,1,342830.9813,64.06,2003,19,8.35,18.76
135955,Active,533604,NA,NA,S,4,1,30594.975,163.4,2012,77,40.94,97.93
135956,Active,3741452,NA,NA,S,2,1,177356.6,45,2016,11,38.64,38.98
135957,Active,266275,NA,NA,S,10,1,104469.1575,170.25,2013,48,46.25,81.67
135958,Active,2619111,NA,NA,S,4,1,874440.215,73.95,1994,30,4,8.59
135959,Active,922153,NA,NA,S,1,0,682182.31,107.5,1999,124,4.47,10.24
135960,Active,646556,NA,NA,S,1,0,44045.775,43,2007,22,27.98,29.82
135961,Active,2156158,NA,NA,S,0,0,120523.875,29.95,2010,16,19.24,19.71
135962,Active,3561140,NA,NA,S,0,0,28126.975,26.95,2015,11,20.21,21.21
135963,Active,1737080,NA,NA,S,1,0,162084.125,25,2014,10,24.62,24.62
135964,Active,1859677,NA,NA,S,0,0,121367.5,22.99,2008,61,4,8.48
135965,Active,636963,NA,NA,S,0,0,245622.2,35,2008,17,23.46,24.68
135966,Active,126547,NA,NA,S,0,0,658974.0725,37.95,2005,42,6.73,0
135967,Active,1462175,NA,NA,S,0,0,4313.4,31.96,2015,9,19.34,19.46
135968,Active,3529982,NA,NA,S,0,0,400498.75,50.97,2013,39,18.77,27.24
135969,Active,134840,NA,NA,S,0,0,877088.3563,48,2010,79,4,25.61
135970,Active,3617504,NA,NA,S,1,0,230547.475,39.95,2010,20,17.45,26.45
135971,Active,902381,NA,NA,S,0,0,483006.8225,65,1974,33,11.7,72.85
135972,Active,647295,NA,NA,S,2,1,101474.05,31.95,2011,20,10.36,26.48
135973,Active,210109,NA,NA,S,0,0,43564.65,49.99,2003,15,26.56,27.15
135974,Active,127371,NA,NA,S,1,0,596412.2425,21.95,2008,26,7.92,19.77
135975,Active,140565,NA,NA,S,0,0,56576.4,29.99,2007,51,9.75,14.49
135976,Active,220038,NA,NA,S,2,1,676430.6263,29.95,2003,46,4.95,48.33
135977,Active,2095446,NA,NA,S,3,1,644373.175,67.95,2015,16,18.33,64.23
135978,Active,287519,NA,NA,S,5,1,219423.6513,163,2002,42,18.08,0
135979,Active,612366,NA,NA,S,3,1,13030.31375,132.95,2014,67,44.9,97.93
135980,Active,639492,NA,NA,S,0,0,697687.1625,43.95,2000,25,17.79,40.35
135981,Active,681472,NA,NA,S,1,0,46775.05,24.95,2009,24,16.91,16.91
135982,Active,127461,NA,NA,S,6,1,184403.6538,29.95,2009,50,8.28,26.64
135983,Active,2607330,NA,NA,S,0,0,258129.38,44.99,1997,23,4.64,23.99
135984,Active,1645446,NA,NA,S,0,0,761177.7413,39.95,2006,21,17.49,43.61
135985,Active,184525,NA,NA,S,1,0,369119.135,48.95,2005,28,17.33,31.98
135986,Active,1854387,NA,NA,S,0,0,457237.2325,71,2008,24,22.25,46.28
135987,Active,620604,NA,NA,S,4,1,166823.7288,204.95,1997,41,9.39,74.95
135988,Active,543824,NA,NA,S,10,1,63536.77875,287.95,2012,65,28.95,103.04
135989,Active,625319,NA,NA,S,1,0,43094.48625,199.6,2008,45,20.6,67.93
135990,Active,211829,NA,NA,S,2,1,36287.05,34.95,2009,30,16.03,27.11
135991,Active,199195,NA,NA,S,1,0,347008.6738,107,2004,37,15.83,53.96
135992,Active,639676,NA,NA,S,1,0,288889.0188,45.95,2013,28,12.55,36.23
135993,Active,1559561,NA,NA,S,1,0,563450.6038,49.95,2008,30,32.66,42.68
135994,Active,876382,NA,NA,S,6,1,38743.66375,262.5,2014,32,39.63,65.74
135995,Active,2226234,NA,NA,S,9,1,27684.85375,18.55,2013,34,8.29,17.75
135996,Active,555469,NA,NA,S,1,0,405136.0725,57.5,2003,37,4,30.38
135997,Active,678080,NA,NA,S,1,0,40302.73375,29,2003,84,20.1,23.99
135998,Active,158241,NA,NA,S,0,0,512338.8163,38.95,2005,32,16.93,26.8
135999,Active,1573053,NA,NA,S,2,1,93350.32125,19.95,2009,21,15.34,15.35
136000,Active,2666972,NA,NA,S,0,0,718410.5075,14.95,1981,34,4.47,64.85
136001,Active,2090683,NA,NA,S,0,0,74672.425,25,2012,14,16.36,25
136002,Active,747648,NA,NA,S,0,0,138902.675,25,2007,12,17.07,18.55
136003,Active,646477,NA,NA,S,1,0,72836.3,31.95,2009,36,19.49,25.74
136004,Active,875902,NA,NA,S,13,1,15679.09375,52.95,2015,26,36.22,46.58
136005,Active,637049,NA,NA,S,1,0,32575.225,34.95,2010,17,30.99,23.88
136006,Active,649919,NA,NA,S,1,0,88490.85,60,2011,18,43.56,43.75
136007,Active,648626,NA,NA,S,1,0,123537.7,59.95,2011,11,38.49,41.32
136008,Active,131426,NA,NA,S,3,1,539357.64,125,2000,36,4,0
136009,Active,2238479,NA,NA,S,0,0,175667.525,36.78,2012,14,36.49,34.2
136010,Active,1741844,NA,NA,S,0,0,18540.9,24,2013,12,20.28,19.07
136011,Active,2024667,NA,NA,S,0,0,33207.975,22.95,2013,23,11,14.99
136012,Active,624946,NA,NA,S,1,0,503751.98,41.95,2006,35,5.48,22.4
136013,Active,1624717,NA,NA,S,0,0,169899.925,35,2015,18,20.59,20.92
136014,Active,1492818,NA,NA,S,0,0,239714.9,29.95,2008,13,21.97,22.17
136015,Active,1699058,NA,NA,S,1,0,172374.125,28,2014,35,5.24,8.47
136016,Active,574309,NA,NA,S,2,1,61402.25875,192.99,1980,69,19.98,65.98
136017,Active,2694813,NA,NA,S,2,1,481625.0913,73.95,1993,30,9.34,50.93
136018,Active,1777210,NA,NA,S,1,0,33248.575,21.99,2011,20,15.76,15.52
136019,Active,1534713,NA,NA,S,1,0,160710.725,35,2014,28,9.59,17.93
136020,Active,596677,NA,NA,S,0,0,699775.0963,42.5,1994,32,5.94,35.33
136021,Active,1760750,NA,NA,S,0,0,53287.95,39.95,2013,8,24.95,24.95
136022,Active,675109,NA,NA,S,0,0,122279.875,27.95,2010,47,5.95,18.74
136023,Active,1627369,NA,NA,S,1,0,87489.775,35,2015,17,22.11,23.97
136024,Active,2062334,NA,NA,S,10,1,48895.66125,15.99,2014,31,11.5,12.91
136025,Active,2014271,NA,NA,S,0,0,158799.15,26.99,2015,37,6.43,16.87
136026,Active,143810,NA,NA,S,1,0,406087.4513,50,2004,143,4,11.97
136027,Active,879909,NA,NA,S,3,1,1159.61875,55.75,2015,156,18.99,22.49
136028,Active,914290,NA,NA,S,1,0,193405.0688,26.95,2012,23,15.48,19.47
136029,Active,2089257,NA,NA,S,0,0,94615.7,34.95,2015,19,19.19,24.72
136030,Active,3489039,NA,NA,S,0,0,230647.2,35,2012,24,11.18,26.38
136031,Active,2143510,NA,NA,S,1,0,715042.4088,21.95,2009,23,19.11,82.84
136032,Active,2107840,NA,NA,S,0,0,144247.075,25.99,2014,29,8.06,12.73
136033,Active,1758811,NA,NA,S,0,0,171768.275,29,2012,15,26.67,28.99
136034,Active,1575550,NA,NA,S,1,0,39870.775,29.95,2013,41,15.19,15.98
136035,Active,153997,NA,NA,S,0,0,52669.175,23.75,2008,61,9.49,16.48
136036,Active,3730402,NA,NA,S,0,0,74161.225,50,2013,35,23.76,30.03
136037,Active,1500685,NA,NA,S,1,0,152208.175,23.95,2008,31,4,13.91
136038,Active,1526980,NA,NA,S,0,0,97615.2,28,2014,12,21.9,21.9
136039,Active,612033,NA,NA,S,3,1,8400.7375,195.5,2014,77,42.51,85.08
136040,Active,678747,NA,NA,S,1,0,188895.125,30,2009,42,5.6,10.84
136041,Active,525506,NA,NA,S,4,1,73203.8725,101,2012,71,9.63,35.74
136042,Active,265204,NA,NA,S,0,0,135.98625,10,2005,121,6.95,5.65
136043,Active,888413,NA,NA,S,0,0,92626.025,24.98,2008,14,13.98,17.02
136044,Active,2554013,NA,NA,S,1,0,21216.025,7.99,1983,302,4,4.99
136045,Active,675722,NA,NA,S,1,0,42770.95,22.95,2012,38,8.33,14.9
136046,Active,1932605,NA,NA,S,1,0,52238.5,29.99,2013,26,18.59,21.36
136047,Active,1890619,NA,NA,S,0,0,79195.9,21.99,2009,23,9.43,14.2
136048,Active,3797878,NA,NA,S,0,0,88374.725,24.95,2015,25,10.22,14.04
136049,Active,1437613,NA,NA,S,1,0,161468.05,30,2014,23,7.95,16.71
136050,Active,2006876,NA,NA,S,1,0,163328.85,39.95,2009,15,10.25,35.08
136051,Active,688559,NA,NA,S,1,0,80918.675,39.99,2012,19,18.99,24.38
136052,Active,1755916,NA,NA,S,3,1,130212.625,21.95,2012,10,16.25,16.68
136053,Active,675553,NA,NA,S,0,0,45226.75,25,2007,33,7.89,15.93
136054,Active,649849,NA,NA,S,1,0,32778.175,34.95,2012,19,23.02,23.03
136055,Active,1437255,NA,NA,S,1,0,127172.85,22,2013,25,6.69,8.75
136056,Active,677298,NA,NA,S,0,0,40906.4,21.99,2009,35,20.55,25.99
136057,Active,685135,NA,NA,S,0,0,76288.675,24.95,2009,28,18.8,20.21
136058,Active,1780002,NA,NA,S,1,0,68986.625,25,2014,23,16.79,14.04
136059,Active,898738,NA,NA,S,2,1,93392.3175,34.99,2014,22,23.43,23.44
136060,Active,625380,NA,NA,S,4,1,89103.68125,102.6,2006,66,9.44,53.99
136061,Active,910821,NA,NA,S,0,0,177857.325,21.95,2012,13,8.31,12.88
136062,Active,764867,NA,NA,S,1,0,508386.2463,40.95,1997,21,4,8.98
136063,Active,2117129,NA,NA,S,1,0,611823.4075,54.95,2012,45,16.5,38.98
136064,Active,3746421,NA,NA,S,1,0,180522.65,0,2015,28,7.69,7.84
136065,Active,879908,NA,NA,S,1,0,166176.9,91.95,2003,36,20.91,70.5
136066,Active,654817,NA,NA,S,0,0,655023.6138,52.5,2006,23,17.97,42.99
136067,Active,1540031,NA,NA,S,3,1,251602.2475,23.95,2007,54,9.98,19.03
136068,Active,1576704,NA,NA,S,0,0,120121.025,44.95,2013,25,28.96,35.63
136069,Active,1925622,NA,NA,S,3,1,792986.2475,76.95,2011,36,15.5,65.5
136070,Active,681204,NA,NA,S,0,0,51989.825,28,2013,47,4.69,5.44
136071,Active,2310215,NA,NA,S,0,0,269071.0938,49.95,1986,39,5.49,43.95
136072,Active,126126,NA,NA,S,0,0,340694.4588,63.95,2003,35,11.26,52.93
136073,Active,227948,NA,NA,S,1,0,80379.725,29.95,2008,20,20.48,22.08
136074,Active,1625856,NA,NA,S,0,0,43871.35,21,2012,60,18.92,18.9
136075,Active,109546,NA,NA,S,1,0,52787.9,65.29,2007,34,23.6,70.89
136076,Active,2141792,NA,NA,S,0,0,164988.85,0,2007,11,26.13,50.04
136077,Active,295872,NA,NA,S,1,0,656655.9388,46.95,2003,22,9.3,36.32
136078,Active,555479,NA,NA,S,0,0,601989.9488,41.95,2002,51,4,28.98
136079,Active,637124,NA,NA,S,3,1,61189.51,33.95,2009,34,9.82,20.02
136080,Active,602604,NA,NA,S,2,1,816105.2563,51,2002,32,11.5,31.99
136081,Active,540123,NA,NA,S,7,1,48710.5275,137.2,2014,84,47.18,102.37
136082,Active,1498135,NA,NA,S,0,0,79093.4,44.99,2014,13,29.53,27.79
136083,Active,802079,NA,NA,S,0,0,39781.975,36.95,2011,20,26.61,28.01
136084,Active,864788,NA,NA,S,5,1,71431.0125,110.95,2014,58,42.54,64
136085,Active,1932564,NA,NA,S,1,0,139213,29.99,2014,18,18.12,19.93
136086,Active,3960076,NA,NA,S,1,0,8952.925,28,2015,34,13.01,13.74
136087,Active,2535991,NA,NA,S,2,1,812371.4888,50.95,2000,26,18.33,47.68
136088,Active,542388,NA,NA,S,2,1,581244.7225,58.95,2002,34,4.4,32.98
136089,Active,663838,NA,NA,S,1,0,117119.275,44.99,2013,15,29.28,28.19
136090,Active,920626,NA,NA,S,0,0,424178.455,42.66,1969,61,4,35.29
136091,Active,3530107,NA,NA,S,0,0,8968.7,28,2015,17,16.04,16.04
136092,Active,556542,NA,NA,S,1,0,39557.625,39.95,2012,25,26.17,29.14
136093,Active,734879,NA,NA,S,1,0,52994.45,25.99,2012,25,6.54,7.02
136094,Active,611966,NA,NA,S,5,1,98559.43375,83,2013,31,13.96,36.02
136095,Active,2895844,NA,NA,S,2,1,129526.46,11.95,1984,46,25.97,75.95
136096,Active,3558830,NA,NA,S,0,0,20347.85,49.95,2016,14,34.63,31.77
136097,Active,221362,NA,NA,S,0,0,32964.5,24.95,2007,39,9.98,16.46
136098,Active,221366,NA,NA,S,10,1,20561.15,29.95,2007,50,11.71,16.3
136099,Active,483029,NA,NA,S,0,0,629568.7588,24.95,2006,36,4.22,19.91
136100,Active,2098323,NA,NA,S,0,0,37625.4,20.95,2014,14,15.6,15.87
136101,Active,567940,NA,NA,S,0,0,657417.4225,31.95,1993,33,4,18.84
136102,Active,2399989,NA,NA,S,1,0,62125.045,14.95,1980,254,4,4.87
136103,Active,1668812,NA,NA,S,1,0,100237.4,21.95,2012,24,10.32,10.96
136104,Active,1563558,NA,NA,S,1,0,159258.55,24.99,2011,65,4,22.04
136105,Active,921716,NA,NA,S,2,1,78236.425,26.95,2007,49,4.39,18.98
136106,Active,1570145,NA,NA,S,1,0,112994.55,34.95,2013,18,32.4,30.28
136107,Active,1724564,NA,NA,S,0,0,35415.375,35,2014,30,18.52,23.15
136108,Active,2081230,NA,NA,S,0,0,134787.175,24.95,2011,14,25.78,24.22
136109,Active,547045,NA,NA,S,2,1,53786.45,29.95,2012,25,21.27,22.34
136110,Active,555806,NA,NA,S,1,0,468296.63,17.95,2009,49,4.97,8.55
136111,Active,1724652,NA,NA,S,0,0,75718.675,22.95,2011,28,9.53,10.99
136112,Active,613624,NA,NA,S,0,0,649208.0725,39.99,1977,82,4,13.98
136113,Active,1691969,NA,NA,S,0,0,49739.05,22.99,2015,20,14.89,15.09
136114,Active,2435419,NA,NA,S,1,0,720089.0025,56.95,1992,80,5.43,23.95
136115,Active,861069,NA,NA,S,2,1,112167.05,35,2012,15,28.12,34.99
136116,Active,1479090,NA,NA,S,1,0,778100.5725,29.95,2011,23,28.27,27.05
136117,Active,1471509,NA,NA,S,1,0,438191.6013,29.95,2014,21,28.49,28.49
136118,Active,1516167,NA,NA,S,12,1,326572.775,192.67,2010,11,132.18,183.99
136119,Active,2006359,NA,NA,S,0,0,215590.3925,16.95,2006,36,6.96,9.49
136120,Active,2402637,NA,NA,S,0,0,571193.0913,61,1975,35,5.19,39.99
136121,Active,3960189,NA,NA,S,0,0,40170.275,30,2015,15,14.39,16.94
136122,Active,1709124,NA,NA,S,4,1,505014.4275,14.95,2011,23,9.98,20.84
136123,Active,1724480,NA,NA,S,0,0,60393.325,60,2013,14,31.13,38.59
136124,Active,920865,NA,NA,S,0,0,61457.44375,24.99,1996,72,10.08,31.98
136125,Active,1684403,NA,NA,S,0,0,81406.575,34.99,2014,15,16.96,21.85
136126,Active,1684291,NA,NA,S,0,0,115880.25,24.99,2013,21,12.06,13.89
136127,Active,1684419,NA,NA,S,0,0,21053.525,24.99,2015,22,13.54,15.26
136128,Active,245714,NA,NA,S,1,0,46926.9,24.99,2007,27,4.45,19.05
136129,Active,3682690,NA,NA,S,0,0,34604.275,26.99,2015,31,9.99,8.97
136130,Active,752052,NA,NA,S,2,1,9015.675,29.95,2009,66,13.62,13.98
136131,Active,2154454,NA,NA,S,0,0,273875.425,16.99,2014,17,5.4,103.97
136132,Active,2243396,NA,NA,S,0,0,666790.1775,6.99,2008,26,4,7.87
136133,Active,2060313,NA,NA,S,0,0,69804.425,21.95,2012,22,14.81,10.97
136134,Active,2060283,NA,NA,S,0,0,77233.7,34.95,2011,37,16.4,25.92
136135,Active,3041963,NA,NA,S,1,0,556482.9263,30,1996,22,17.32,120.65
136136,Active,1586235,NA,NA,S,1,0,693949.4988,39.99,2010,17,33.91,35.75
136137,Active,3194140,NA,NA,S,0,0,49127.06,32.98,1995,22,25.55,30.97
136138,Active,1697268,NA,NA,S,0,0,69159.075,26,2015,41,5.08,13.23
136139,Active,1526981,NA,NA,S,1,0,122412.9,30,2014,35,3.98,8.98
136140,Active,1565841,NA,NA,S,0,0,112414,27.99,2013,37,8.88,11.39
136141,Active,797016,NA,NA,S,0,0,43998.2,23.99,2011,19,4.61,15.72
136142,Active,1703582,NA,NA,S,0,0,39183.275,22.95,2008,24,10.59,12.95
136143,Active,1520267,NA,NA,S,0,0,50906.8,22.5,2014,14,14.76,18.99
136144,Active,1638716,NA,NA,S,0,0,15911.775,22.99,2014,27,10.13,15.94
136145,Active,876141,NA,NA,S,3,1,113186.7463,44.95,2013,32,12.43,33.99
136146,Active,1957110,NA,NA,S,2,1,279646.1075,59.8,2013,32,19.53,28.99
136147,Active,1640468,NA,NA,S,2,1,71368.6,39.99,2008,8,27.41,25.74
136148,Active,1626791,NA,NA,S,0,0,242751.225,32.95,2008,14,23.99,25.49
136149,Active,898711,NA,NA,S,0,0,39057.225,24.95,2014,19,17.02,17.96
136150,Active,268822,NA,NA,S,2,1,520255.1875,45,2010,24,12.97,37.52
136151,Active,616391,NA,NA,S,0,0,44333.3,35,2007,28,13.99,21.74
136152,Active,1645780,NA,NA,S,0,0,478481.0875,28,2013,22,12.78,24.04
136153,Active,1925341,NA,NA,S,1,0,56116.925,22.99,2014,22,12.75,15.53
136154,Active,3463256,NA,NA,S,4,1,52425.7925,86.18,2015,28,47.6,77.61
136155,Active,2813927,NA,NA,S,0,0,484597.63,45,1996,33,7.28,36.98
136156,Active,2101607,NA,NA,S,1,0,17.1,25.99,2014,28,13.32,14.99
136157,Active,1684372,NA,NA,S,0,0,164137.475,24.99,2015,19,8.9,15.75
136158,Active,266384,NA,NA,S,0,0,51001.075,26.95,2009,31,19.98,24.85
136159,Active,1779537,NA,NA,S,2,1,12178.025,21.99,2013,23,14.69,15.52
136160,Active,3812944,NA,NA,S,3,1,120657.725,26.99,2012,20,4.45,17.24
136161,Active,3496079,NA,NA,S,0,0,85001.375,25,2013,17,16.04,18.51
136162,Active,2086182,NA,NA,S,1,0,248787.925,29.95,2012,30,7.31,17.99
136163,Active,2024675,NA,NA,S,0,0,69908.575,24.95,2013,16,13.53,16.56
136164,Active,639259,NA,NA,S,0,0,96797.475,36.95,2009,17,27.99,31.62
136165,Active,2549170,NA,NA,S,0,0,102584.21,6.99,2000,124,4,6.78
136166,Active,3531453,NA,NA,S,1,0,123343.375,28,2011,36,7.18,10.22
136167,Active,1724520,NA,NA,S,0,0,118362.9,50,2014,18,21.81,27.78
136168,Active,3823105,NA,NA,S,0,0,460949.4,16.95,2003,21,6.17,49.99
136169,Active,1929300,NA,NA,S,0,0,80658.375,24.99,2011,38,7.72,12.65
136170,Active,3730389,NA,NA,S,0,0,94083.5,80,2012,17,33.98,36.97
136171,Active,3880815,NA,NA,S,0,0,252752.05,65,2015,16,39.85,41.11
136172,Active,2064926,NA,NA,S,0,0,70196.325,29.95,2012,24,9.02,9.99
136173,Active,2647594,NA,NA,S,0,0,682085.0825,16.95,1993,12,52.99,124.53
136174,Active,662954,NA,NA,S,0,0,13489.475,0,2008,12,11.99,12.23
136175,Active,682852,NA,NA,S,0,0,94944.9,29.95,2010,28,6.7,22.21
136176,Active,2051649,NA,NA,S,1,0,32890.675,27.95,2011,36,5.94,29.96
136177,Active,721811,NA,NA,S,1,0,436001.4275,41.95,2005,36,6.4,17.92
136178,Active,3745814,NA,NA,S,1,0,59385.775,27.95,2016,15,19.05,18.51
136179,Active,586376,NA,NA,S,1,0,247243,30,2007,39,5.4,29.44
136180,Active,3622201,NA,NA,S,4,1,20190.825,34.95,2007,29,32.11,34.95
136181,Active,713068,NA,NA,S,7,1,720092.2,6.98,2001,19,5.92,6.98
136182,Active,635832,NA,NA,S,0,0,35647.35,50,2011,25,16.39,28.98
136183,Active,1426095,NA,NA,S,1,0,147647.855,61.75,2007,24,9.23,32.97
136184,Active,1426094,NA,NA,S,1,0,306547.0388,53,2007,33,4,10.13
136185,Active,1426093,NA,NA,S,0,0,217460.725,79.5,2007,23,18.93,26.58
136186,Active,1871877,NA,NA,S,0,0,103496.075,40,2013,11,24.38,25.29
136187,Active,2087667,NA,NA,S,0,0,9525.3,21.95,2014,21,14.97,12.99
136188,Active,2160279,NA,NA,S,0,0,148296.7,24.95,2010,39,9.04,18.07
136189,Active,1777230,NA,NA,S,2,1,9181.875,21.99,2011,27,11.97,15.54
136190,Active,1729105,NA,NA,S,0,0,519113.71,35,2011,27,20.34,41.49
136191,Active,680085,NA,NA,S,0,0,38056.275,28.95,2012,31,18.97,19.47
136192,Active,1738596,NA,NA,S,0,0,53127.55,28.95,2014,19,14.56,18.41
136193,Active,1619296,NA,NA,S,0,0,33697.65,29.99,2012,14,26.19,26.99
136194,Active,1918500,NA,NA,S,0,0,8949.1,26.99,2014,15,18.96,19
136195,Active,113101,NA,NA,S,1,0,251033.3663,125,2008,27,12.82,0
136196,Active,218250,NA,NA,S,0,0,734557.08,79,1995,54,4,25.96
136197,Active,2111654,NA,NA,S,0,0,117816.825,40,2014,10,33.54,28.1
136198,Active,3731898,NA,NA,S,0,0,240569.125,49.99,2013,19,31.65,31.83
136199,Active,2101006,NA,NA,S,0,0,28704.225,24.95,2015,14,15.99,17.98
136200,Active,3803407,NA,NA,S,0,0,126544.2,25.95,2011,13,21.12,22.2
136201,Active,1754000,NA,NA,S,0,0,20218.95,28.95,2013,30,10.84,18.41
136202,Active,676551,NA,NA,S,1,0,1990.3,22.95,2008,37,11.63,12.95
136203,Active,677829,NA,NA,S,1,0,38166.075,29.95,2010,22,23.96,26.66
136204,Active,2168545,NA,NA,S,2,1,296146.3413,34.95,2014,33,23.05,26.99
136205,Active,919165,NA,NA,S,1,0,116015.775,29.99,2009,21,12.79,17.54
136206,Active,189042,NA,NA,S,0,0,705756.6975,43.95,1995,65,4,27.97
136207,Active,1434192,NA,NA,S,1,0,52434.125,28.99,2015,16,20.75,19.87
136208,Active,680080,NA,NA,S,0,0,145987.75,27.95,2012,29,8.28,18
136209,Active,630326,NA,NA,S,0,0,684021.6063,44.99,2000,57,4.71,26.84
136210,Active,858517,NA,NA,S,0,0,33.06125,8.99,1988,461,4,6.11
136211,Active,2889584,NA,NA,S,1,0,203095.495,14.67,1993,38,4,8.49
136212,Active,3960134,NA,NA,S,11,1,21905.725,34.99,2008,31,9.9,11
136213,Active,1576562,NA,NA,S,1,0,105794.425,34.95,2012,23,20.99,27.35
136214,Active,616090,NA,NA,S,0,0,67563.215,22.25,1997,93,4.63,18.75
136215,Active,1565825,NA,NA,S,0,0,64543.225,29.99,2014,25,13.39,14.94
136216,Active,115805,NA,NA,S,1,0,136503.925,102.6,2003,24,45.79,87.72
136217,Active,1576639,NA,NA,S,1,0,37739.25,26.95,2013,29,15.01,19.98
136218,Active,1625760,NA,NA,S,8,1,27321.825,20.5,2010,23,18.98,22.48
136219,Active,3048774,NA,NA,S,1,0,59451.80375,15.95,1998,87,4,13.42
136220,Active,579943,NA,NA,S,3,1,20252.225,25.95,2010,26,21.88,25.6
136221,Active,621386,NA,NA,S,1,0,219877.075,79.2,2008,23,28.09,32.47
136222,Active,889134,NA,NA,S,0,0,98650.815,9.5,2014,16,14.52,9.5
136223,Active,1684987,NA,NA,S,0,0,575807.2225,14.99,2012,32,18.99,103.75
136224,Active,633292,NA,NA,S,1,0,65129.675,39.95,2009,19,21.46,26.98
136225,Active,908986,NA,NA,S,1,0,556757.035,29.95,1993,21,6.38,46.97
136226,Active,3473769,NA,NA,S,1,0,199564.075,49.99,2015,18,36.34,30.11
136227,Active,2217927,NA,NA,S,0,0,36625.95,62.5,2010,22,32.93,32.7
136228,Active,644489,NA,NA,S,1,0,91679.25,39.99,2013,17,12.95,27.4
136229,Active,662328,NA,NA,S,6,1,391894.0688,138.95,2013,33,25.39,73.47
136230,Active,1762529,NA,NA,S,0,0,77148.85,23.99,2013,16,22.41,23.06
136231,Active,1640844,NA,NA,S,0,0,24559.325,20.99,2013,14,14.89,15.66
136232,Active,1737419,NA,NA,S,3,1,435890.0213,14.95,2008,64,4,10.99
136233,Active,113999,NA,NA,S,11,1,207102.9838,97.4,1999,37,18.35,52.37
136234,Active,868267,NA,NA,S,3,1,584374.6988,118,2015,28,45.94,79.94
136235,Active,525462,NA,NA,S,7,1,62047.81625,203.25,2012,70,35.83,104.41
136236,Active,788346,NA,NA,S,3,1,577708.3525,171.95,2003,43,4.47,29.91
136237,Active,673870,NA,NA,S,2,1,64681.25,29.99,2014,13,16.1,16.97
136238,Active,2143170,NA,NA,S,4,1,86451.7875,14.95,2012,65,3.5,30.01
136239,Active,1988024,NA,NA,S,5,1,235460.125,34,2013,8,29.7,29.75
136240,Active,1556531,NA,NA,S,1,0,236022.825,29.95,2014,10,25.99,24.73
136241,Active,2217744,NA,NA,S,0,0,23522.125,22.95,2011,44,8.94,13.74
136242,Active,3477513,NA,NA,S,1,0,105889.5,35,2011,36,8.08,10.55
136243,Active,2293942,NA,NA,S,2,1,7039.95,0,2015,0,0,5.48
136244,Active,3477460,NA,NA,S,0,0,505132.45,55,2015,53,21.74,31
136245,Active,3823995,NA,NA,S,0,0,196379.95,49.95,2013,15,33.98,34.69
136246,Active,3598546,NA,NA,S,0,0,64030.7,55,2016,15,35.3,33.73
136247,Active,2087421,NA,NA,S,0,0,146075.3,27.95,2015,16,11.76,13.06
136248,Active,1476612,NA,NA,S,1,0,32589.8,20.95,2013,32,15.65,16.88
136249,Active,2339400,NA,NA,S,3,1,670728.7713,71.73,1994,73,3.98,12.98
136250,Active,2101635,NA,NA,S,1,0,32294.1,24.99,2015,35,7.43,7.47
136251,Active,3960186,NA,NA,S,0,0,44926.775,21.95,2016,18,14.99,16
136252,Active,680635,NA,NA,S,1,0,56109.4,28.99,2009,22,15.6,17.86
136253,Active,1759709,NA,NA,S,1,0,28127.7,24.99,2014,19,15.73,16.69
136254,Active,688547,NA,NA,S,2,1,1497.05,24.99,2012,20,16.31,18
136255,Active,1759708,NA,NA,S,1,0,18739,24.99,2013,12,18.98,17.45
136256,Active,1779683,NA,NA,S,1,0,668985.2525,50,2013,57,9.95,13.26
136257,Active,3498967,NA,NA,S,0,0,44630.375,26.99,2013,7,18.93,6.21
136258,Active,1493617,NA,NA,S,0,0,452997.4913,45,2010,24,17.29,76.55
136259,Active,2018753,NA,NA,S,2,1,602742.605,15.99,2010,17,4,35.83
136260,Active,793339,NA,NA,S,0,0,502393.6863,63.95,2000,30,8.43,22.81
136261,Active,689517,NA,NA,S,0,0,46802.675,21.95,2007,16,11.47,10.02
136262,Active,165273,NA,NA,S,1,0,364907.1238,104.25,2000,50,4.04,48.99
136263,Active,562327,NA,NA,S,0,0,167897,23.13,2007,21,12.93,20.98
136264,Active,612250,NA,NA,S,0,0,470269.7588,75,2013,23,6.33,44.84
136265,Active,631845,NA,NA,S,0,0,469078.4413,38.95,2003,78,5.77,28.98
136266,Active,685788,NA,NA,S,1,0,97644.675,29.95,2007,18,15.74,21
136267,Active,577748,NA,NA,S,0,0,143511.625,34.95,2007,24,22.94,22.99
136268,Active,1640743,NA,NA,S,0,0,33108.725,20.99,2011,6,16.07,17.36
136269,Active,1640817,NA,NA,S,0,0,8777.2,20.99,2012,19,15.06,16.63
136270,Active,2135525,NA,NA,S,0,0,93037.125,39.95,2013,19,21.61,27.89
136271,Active,3472917,NA,NA,S,2,1,67063.8,35.73,2011,28,11.08,27.93
136272,Active,1736891,NA,NA,S,2,1,269198.0688,17.95,2009,25,5.24,60.99
136273,Active,2065470,NA,NA,S,0,0,17536,24.95,2012,16,19.29,19.12
136274,Active,2041667,NA,NA,S,3,1,67718.375,29.95,2012,66,16.25,18.72
136275,Active,189846,NA,NA,S,1,0,200901.1,91,2007,28,23.95,64.84
136276,Active,3553641,NA,NA,S,0,0,85091.75,88,2013,20,46.19,55.97
136277,Active,3595251,NA,NA,S,0,0,76755.15,64.95,2015,9,51.24,50.15
136278,Active,1918351,NA,NA,S,0,0,71623.775,24.99,2011,28,9.98,10.32
136279,Active,2167936,NA,NA,S,0,0,54370.2,35,2013,19,17.92,20.42
136280,Active,143493,NA,NA,S,4,1,718841.2925,225,2004,47,16.72,75.91
136281,Active,592853,NA,NA,S,4,1,285590.7625,213,2011,51,4.53,123.98
136282,Active,1629693,NA,NA,S,0,0,205905.4,37.5,2015,11,23.88,27.56
136283,Active,613489,NA,NA,S,2,1,113697.975,229,2009,79,10,109.67
136284,Active,614724,NA,NA,S,0,0,125528.25,45,2007,25,15.81,38.29
136285,Active,2021208,NA,NA,S,0,0,50970.4,24,2014,49,9.94,13.17
136286,Active,1437209,NA,NA,S,2,1,536542.28,90,2013,31,14.32,56.03
136287,Active,898644,NA,NA,S,2,1,42133.26,29.99,2015,15,10.73,13.97
136288,Active,867166,NA,NA,S,6,1,143397.4113,110.8,2014,33,40.06,93.99
136289,Active,1966867,NA,NA,S,0,0,35266.325,25,2014,19,14.36,9.98
136290,Active,906601,NA,NA,S,2,1,216659.7025,24.85,1999,18,33.98,28.99
136291,Active,2103085,NA,NA,S,0,0,29785.15,22,2014,24,13.84,13.87
136292,Active,677822,NA,NA,S,1,0,11632.9,26.95,2011,41,14.72,17.82
136293,Active,2021076,NA,NA,S,0,0,117577.325,32.95,2012,16,24.2,24.13
136294,Active,3728864,NA,NA,S,0,0,88040.05,32.99,2012,21,15.73,31.97
136295,Active,2657446,NA,NA,S,0,0,32944.37375,17,1993,89,6.23,7.98
136296,Active,2125956,NA,NA,S,0,0,86682.375,26.95,2012,32,18.1,18.44
136297,Active,545217,NA,NA,S,0,0,10991.1,23.99,2008,57,10.23,12.73
136298,Active,1441578,NA,NA,S,10,1,261331.775,0,2012,7,62.64,63.07
136299,Active,1754964,NA,NA,S,4,1,45405.7675,21.95,2013,34,6.48,17.27
136300,Active,717925,NA,NA,S,0,0,393981.2988,57.95,1997,39,9.73,20.94
136301,Active,3803636,NA,NA,S,1,0,99634.6,34.95,2012,22,18.85,70.82
136302,Active,670570,NA,NA,S,0,0,59821.725,45.95,2012,14,30.48,33.73
136303,Active,3960099,NA,NA,S,0,0,12594.3,24,2015,15,15.26,15.26
136304,Active,805526,NA,NA,S,0,0,223394.225,26,2008,68,4,6.49
136305,Active,2020167,NA,NA,S,0,0,164121.225,28,2011,29,8.2,18.79
136306,Active,249316,NA,NA,S,1,0,8936,21,2007,35,15.66,14.68
136307,Active,568995,NA,NA,S,1,0,613684.4775,35.75,2004,21,4,25.73
136308,Active,2610680,NA,NA,S,1,0,571574.965,35.75,2005,36,5.09,25.04
136309,Active,864935,NA,NA,S,2,1,109627.2,31.5,2014,18,24.49,24.99
136310,Active,1946452,NA,NA,S,1,0,112066.075,69.5,2013,10,53.69,62.15
136311,Active,680057,NA,NA,S,0,0,98123.875,26.95,2013,45,7.36,17.14
136312,Active,2122932,NA,NA,S,2,1,623202.4588,59.95,2014,10,16.43,16.44
136313,Active,629915,NA,NA,S,0,0,460666.295,49.95,2007,25,6.39,29.63
136314,Active,2104394,NA,NA,S,5,1,86243.325,21.99,2015,14,16.52,15.06
136315,Active,262648,NA,NA,S,0,0,554426.7725,31.95,2004,31,4,45.71
136316,Active,221078,NA,NA,S,0,0,133962.5,26.95,2007,32,11.21,18.99
136317,Active,2140808,NA,NA,S,3,1,127013.15,29.95,2007,28,8.05,21.92
136318,Active,748255,NA,NA,S,1,0,728005.0988,136.64,2002,29,4.85,91.71
136319,Active,644778,NA,NA,S,0,0,76850.575,45,2011,12,26.49,30.94
136320,Active,2105170,NA,NA,S,0,0,48380.5025,7.99,2014,3,12.74,7.99
136321,Active,2822792,NA,NA,S,0,0,733269.7263,25,1996,44,4,24.34
136322,Active,674840,NA,NA,S,0,0,204341.45,25,2010,57,4,11.95
136323,Active,679035,NA,NA,S,1,0,100125.1263,24.95,2007,25,18.23,23.4
136324,Active,1964580,NA,NA,S,0,0,128150.2,27.95,2015,18,20.71,21.84
136325,Active,2486580,NA,NA,S,9,1,61045.3725,85.95,2015,35,51.67,59.11
136326,Active,627893,NA,NA,S,4,1,120825,34.95,2012,28,17.64,20.99
136327,Active,3118918,NA,NA,S,0,0,492650.55,52.95,2003,17,33.21,52.95
136328,Active,921150,NA,NA,S,1,0,579589.3175,60,1999,43,4,11.73
136329,Active,680315,NA,NA,S,2,1,124086.15,27.95,2007,23,12.55,19.44
136330,Active,3731961,NA,NA,S,0,0,662350.15,79.99,2010,48,10,15.32
136331,Active,3112675,NA,NA,S,0,0,201532.0725,19.95,2003,22,11.99,12.48
136332,Active,1493240,NA,NA,S,0,0,144772.425,24.95,2011,18,21.89,23.33
136333,Active,3495894,NA,NA,S,0,0,154824.825,22,2011,38,12.93,17.93
136334,Active,3466894,NA,NA,S,0,0,93121.35,22.99,2011,35,10.37,45.06
136335,Active,1978458,NA,NA,S,0,0,55517.15,25,2014,22,17.87,23.35
136336,Active,797343,NA,NA,S,0,0,151889.475,24.99,2008,65,4,5.12
136337,Active,565954,NA,NA,S,1,0,81082.9,27.95,2009,22,16.67,17.72
136338,Active,1532269,NA,NA,S,1,0,12839.75,26,2015,37,8.98,15.85
136339,Active,2010321,NA,NA,S,1,0,70319.55,29.95,2011,18,19.67,18.88
136340,Active,2010337,NA,NA,S,1,0,68465.5,29.95,2012,16,22.03,19.7
136341,Active,549636,NA,NA,S,1,0,81305.425,34,2008,56,6.73,8.99
136342,Active,2100151,NA,NA,S,0,0,79124.2,29.95,2014,12,22.31,21.87
136343,Active,2010334,NA,NA,S,1,0,41688.575,29.95,2012,14,17.94,20.71
136344,Active,683996,NA,NA,S,0,0,25451.125,29.95,2007,25,16.88,21.43
136345,Active,2010308,NA,NA,S,1,0,37526.15,29.95,2010,13,20.28,21.24
136346,Active,2599210,NA,NA,S,0,0,386684.29,69.99,1991,67,4,22.93
136347,Active,2539242,NA,NA,S,2,1,117597.975,24.95,2001,54,5.09,8.75
136348,Active,702445,NA,NA,S,1,0,65293.85,29,2013,35,15.39,18.98
136349,Active,753208,NA,NA,S,1,0,81628.925,65,2010,30,26.93,37.89
136350,Active,600115,NA,NA,S,6,1,144881.9863,220,2010,50,16.94,209.13
136351,Active,193705,NA,NA,S,0,0,233294.55,229,2011,42,17.88,93.99
136352,Active,540223,NA,NA,S,2,1,188679.5,22,2013,15,18.97,20.36
136353,Active,1595450,NA,NA,S,0,0,89199.825,27.95,2013,40,4,6.47
136354,Active,1779332,NA,NA,S,1,0,71672.175,40,2013,12,23.76,25.01
136355,Active,859208,NA,NA,S,2,1,517914.7088,80,2004,36,16.37,41.77
136356,Active,894891,NA,NA,S,3,1,43749.2675,26.99,2013,32,14.44,18.48
136357,Active,3634792,NA,NA,S,1,0,84469.575,60,2016,12,37.62,37.21
136358,Active,680483,NA,NA,S,1,0,67569.5,24.99,2008,44,6,8.68
136359,Active,1781114,NA,NA,S,2,1,18745.85,26.99,2015,17,16.84,14.25
136360,Active,2147818,NA,NA,S,0,0,82369.05,34.99,2009,14,24.67,25.89
136361,Active,781729,NA,NA,S,0,0,97018.2,25,2008,17,11.75,19.6
136362,Active,651931,NA,NA,S,1,0,106900.6,39.95,2008,40,28.33,32.99
136363,Active,1918470,NA,NA,S,0,0,129306.85,26.99,2013,14,14.57,10.48
136364,Active,2877666,NA,NA,S,0,0,1343.28375,6.99,1999,31,6.27,6.74
136365,Active,919329,NA,NA,S,0,0,445987.465,40,1999,38,11.72,32.74
136366,Active,2354084,NA,NA,S,3,1,240908.025,113.06,2005,45,6.74,53.89
136367,Active,525437,NA,NA,S,5,1,71499.25875,131.77,2010,44,23.29,78.21
136368,Active,125626,NA,NA,S,1,0,370712.4525,99.95,2001,46,11.04,27.4
136369,Active,688939,NA,NA,S,0,0,485952.9975,27.95,2006,37,7.94,27.94
136370,Active,568695,NA,NA,S,0,0,501005.7363,44.99,1993,33,4.55,32.97
136371,Active,696076,NA,NA,S,1,0,83691.325,39.2,2008,42,11.95,43.68
136372,Active,101690,NA,NA,S,1,0,67658.6,39.2,2008,39,6.41,21.54
136373,Active,616537,NA,NA,S,1,0,99033.925,104.4,2010,52,28.32,52.89
136374,Active,898992,NA,NA,S,0,0,894409.3275,55,2002,23,6.97,54.09
136375,Active,641921,NA,NA,S,0,0,18180.25,38,1975,15,33.41,33.94
136376,Active,319933,NA,NA,S,1,0,515840.775,11.95,2005,28,6.25,6.89
136377,Active,864790,NA,NA,S,5,1,1067.88375,91.93,2014,80,50.2,59.07
136378,Active,689736,NA,NA,S,4,1,101717.9763,30.67,2010,19,19.64,0
136379,Active,243773,NA,NA,S,0,0,388915.27,30.67,2010,21,47.75,0
136380,Active,1754239,NA,NA,S,5,1,8359.96625,24.95,2014,40,23.89,23.94
136381,Active,881531,NA,NA,S,2,1,457224.9513,29.95,2014,20,29.35,29.95
136382,Active,1778236,NA,NA,S,1,0,97419.525,24.95,2012,29,11.5,17.07
136383,Active,684921,NA,NA,S,1,0,138692.25,24.99,2010,38,5.93,14.94
136384,Active,677643,NA,NA,S,2,1,10016.075,24.95,2010,27,13.21,16.59
136385,Active,678183,NA,NA,S,1,0,12711.825,23,2009,50,13,14.92
136386,Active,679620,NA,NA,S,2,1,46743.825,24.95,2008,15,18.94,17.62
136387,Active,676261,NA,NA,S,2,1,349503.4875,23.95,2005,88,4,14.92
136388,Active,2168207,NA,NA,S,0,0,8493.075,35,2014,8,31.32,23.36
136389,Active,667529,NA,NA,S,1,0,47348.125,57,2008,19,31.6,38.13
136390,Active,660983,NA,NA,S,1,0,639805.7338,59.99,2012,24,15.99,43.98
136391,Active,176663,NA,NA,S,4,1,99294.07125,169.95,2001,44,18.73,134.11
136392,Active,689086,NA,NA,S,2,1,41326.925,24.95,2013,15,17.97,18.92
136393,Active,898842,NA,NA,S,2,1,99731.625,29.95,2012,14,20.59,19.23
136394,Active,631798,NA,NA,S,0,0,79734.675,62.95,2005,12,55.26,49.88
136395,Active,1598720,NA,NA,S,0,0,72013.4,32.99,2010,32,11.93,17.98
136396,Active,1942250,NA,NA,S,0,0,150809.05,29,2012,28,7.66,16.62
136397,Active,677035,NA,NA,S,2,1,139477.45,26.95,2007,46,7.91,18.48
136398,Active,2148194,NA,NA,S,5,1,98520.725,22.95,2011,25,8.84,11.99
136399,Active,672807,NA,NA,S,0,0,72077.3,20.99,2012,22,10.6,13.41
136400,Active,1794525,NA,NA,S,0,0,776498.845,18.36,2010,6,18.99,18.36
136401,Active,129399,NA,NA,S,1,0,103245,21.95,2010,17,7.99,8.98
136402,Active,620145,NA,NA,S,2,1,478525.0763,140.95,2004,49,8.88,75.41
136403,Active,2257863,NA,NA,S,6,1,275648.875,37.93,2011,48,9.32,20.78
136404,Active,1935246,NA,NA,S,2,1,37205,23.95,2011,20,18.49,19.05
136405,Active,2082063,NA,NA,S,0,0,72099.975,54.95,2014,12,33.69,36.07
136406,Active,1954085,NA,NA,S,1,0,222380.5,57,2013,13,34.64,32.93
136407,Active,2041224,NA,NA,S,0,0,57637.75,29.95,2009,14,16.35,20.98
136408,Active,620078,NA,NA,S,0,0,626051.255,74.95,1996,37,4.22,28.83
136409,Active,676246,NA,NA,S,0,0,69771.5,22.99,2010,68,7.67,12.57
136410,Active,1781046,NA,NA,S,1,0,66712.675,27.95,2014,9,19.25,15.99
136411,Active,536184,NA,NA,S,3,1,624530.1625,34.99,2011,51,21.99,29.12
136412,Active,629986,NA,NA,S,1,0,172823.375,34.95,2011,28,5.83,11.94
136413,Active,617586,NA,NA,S,1,0,388489.6163,72.95,1997,59,4.23,51.21
136414,Active,1972196,NA,NA,S,0,0,74898.325,99.99,2013,33,33.18,57.99
136415,Active,639653,NA,NA,S,0,0,27292.4,37,2013,25,7.98,13.98
136416,Active,3806092,NA,NA,S,0,0,74926.75,49.99,2014,15,32.15,32.2
136417,Active,2090287,NA,NA,S,0,0,88775.825,49.99,2014,23,24.92,33.12
136418,Active,3798175,NA,NA,S,0,0,38040.15,49.99,2010,20,26.48,34.96
136419,Active,3798183,NA,NA,S,0,0,133032.9,49.99,2011,19,22.79,31.24
136420,Active,3583401,NA,NA,S,0,0,77267.125,37.5,2011,37,17.27,25.32
136421,Active,2058758,NA,NA,S,0,0,44597.175,49.99,2010,18,31.99,39.19
136422,Active,1697709,NA,NA,S,0,0,170348,24.95,2011,16,15.37,20.84
136423,Active,546229,NA,NA,S,1,0,51799.4,45.95,2010,40,11.74,31.82
136424,Active,1778552,NA,NA,S,1,0,212422.975,75,2013,22,20.32,45.93
136425,Active,1779252,NA,NA,S,1,0,153336.8,55,2013,21,31.6,37.3
136426,Active,539518,NA,NA,S,2,1,52803.4425,147.8,2013,68,30.6,47.98
136427,Active,2876737,NA,NA,S,0,0,292650.2175,32,1991,65,4.87,18.13
136428,Active,576565,NA,NA,S,1,0,295274.375,62.95,2000,31,4,43.46
136429,Active,2159660,NA,NA,S,0,0,18610.475,24.95,2009,59,7.64,8.44
136430,Active,1780046,NA,NA,S,1,0,60239.125,29.95,2015,12,18.29,18.29
136431,Active,1742045,NA,NA,S,1,0,23089.125,24.95,2008,28,6.47,18.69
136432,Active,1691715,NA,NA,S,0,0,44945.55,28,2008,28,18.49,18.38
136433,Active,661170,NA,NA,S,1,0,220736.425,32.95,2011,17,23.28,27.45
136434,Active,123536,NA,NA,S,2,1,57697.325,26,2007,48,5.11,15.98
136435,Active,3801486,NA,NA,S,0,0,106315,50,2016,14,38.95,46.35
136436,Active,637940,NA,NA,S,0,0,92183.83,73.32,2008,36,13.99,0
136437,Active,690885,NA,NA,S,1,0,190486.15,29.95,2011,7,22,27.12
136438,Active,644525,NA,NA,S,1,0,558181.4888,82.67,2012,33,17.55,33.99
136439,Active,285452,NA,NA,S,1,0,345924.1788,50.63,2006,30,11.96,39.22
136440,Active,660399,NA,NA,S,0,0,698798.3113,36.95,2008,26,18.97,32.04
136441,Active,2060682,NA,NA,S,0,0,133785.4,21.95,2010,13,18.78,17.11
136442,Active,174884,NA,NA,S,1,0,711775.905,54.99,2006,29,9.88,48.99
136443,Active,1939153,NA,NA,S,0,0,81668.975,32.95,2013,10,20.26,25.33
136444,Active,1781091,NA,NA,S,1,0,133451.55,35,2015,16,22.23,22.25
136445,Active,686611,NA,NA,S,0,0,120387.925,28,2013,21,14.75,17.81
136446,Active,668631,NA,NA,S,1,0,184731.225,61.95,2012,6,56.89,59.48
136447,Active,1618943,NA,NA,S,0,0,139651.6,24.95,2012,13,19.36,22.58
136448,Active,2168699,NA,NA,S,0,0,114797.7,34.95,2013,8,14.54,28.94
136449,Active,601329,NA,NA,S,3,1,317701.6638,71,2010,35,17.24,62.03
136450,Active,1464383,NA,NA,S,1,0,173398,20.95,2010,36,4.52,17.6
136451,Active,2148201,NA,NA,S,9,1,105218.775,22.95,2014,22,11.24,15.3
136452,Active,184906,NA,NA,S,3,1,40495.625,27,2009,19,19.99,19.22
136453,Active,2087469,NA,NA,S,0,0,121537.025,35,2015,13,31.77,24.63
136454,Active,686781,NA,NA,S,1,0,127361.625,27.95,2010,17,23.9,25.42
136455,Active,1814739,NA,NA,S,0,0,73868.125,27.99,2015,58,4,6.96
136456,Active,688729,NA,NA,S,1,0,36087,24.99,2009,19,18.17,19.74
136457,Active,1969739,NA,NA,S,0,0,136915.425,28,2014,66,4,4
136458,Active,661116,NA,NA,S,1,0,80012.15,48.95,2011,21,39.33,40.34
136459,Active,1535785,NA,NA,S,1,0,35495.325,29.95,2015,12,27.47,25.44
136460,Active,1542934,NA,NA,S,1,0,71139.625,49.95,2013,10,42.28,38.88
136461,Active,552532,NA,NA,S,1,0,189930.2,147.8,2007,23,24.96,43.99
136462,Active,1660717,NA,NA,S,0,0,36919.525,21.99,2014,11,16.79,16.5
136463,Active,896783,NA,NA,S,6,1,11435.025,21.95,2014,14,14.99,15.85
136464,Active,2012240,NA,NA,S,4,1,46202.625,29.95,2014,22,17.86,21.86
136465,Active,633870,NA,NA,S,3,1,115162.215,222,2012,67,30.99,102.26
136466,Active,2506096,NA,NA,S,1,0,619709.9963,46,1994,36,8.96,37.06
136467,Active,3476759,NA,NA,S,0,0,110953.65,22,2010,29,13.94,14.04
136468,Active,3477163,NA,NA,S,0,0,347651.1,44.95,2006,23,11.95,91.34
136469,Active,3463836,NA,NA,S,0,0,175185.525,0,2010,19,14.1,28.11
136470,Active,629221,NA,NA,S,1,0,79839.775,47.25,2007,47,4.4,18.98
136471,Active,859618,NA,NA,S,1,0,124515.1075,125.5,2007,58,4.98,39.89
136472,Active,1426137,NA,NA,S,0,0,461285.4813,42.98,2007,89,4.48,40.98
136473,Active,547623,NA,NA,S,1,0,192845.855,65.5,2007,61,6.27,24.34
136474,Active,547625,NA,NA,S,1,0,135425.4425,98,2007,50,8.52,22.99
136475,Active,709671,NA,NA,S,0,0,74348.625,0,2011,23,24.8,53.6
136476,Active,547626,NA,NA,S,0,0,207107.575,91.84,2011,28,8.03,24.98
136477,Active,1426142,NA,NA,S,1,0,203760.9,21.98,2007,31,8.94,17.98
136478,Active,1758216,NA,NA,S,1,0,242915.1,21.99,2014,16,11.96,17.05
136479,Active,2732528,NA,NA,S,0,0,520804.4438,14.99,2001,108,4,9.89
136480,Active,1877261,NA,NA,S,0,0,28916.525,24.95,2013,31,9.34,11.7
136481,Active,864005,NA,NA,S,0,0,7578.975,24.95,2011,31,8.91,15.48
136482,Active,1946182,NA,NA,S,0,0,21193.3,25.95,2012,16,23.98,23.36
136483,Active,2054512,NA,NA,S,1,0,17849.65,29.95,2007,23,18.94,20
136484,Active,1743625,NA,NA,S,5,1,68845.275,21.95,2013,15,16.76,17.79
136485,Active,895029,NA,NA,S,2,1,118306.1525,30,2014,16,23,22.98
136486,Active,1542933,NA,NA,S,1,0,577503.205,34.95,2014,18,32.37,32.51
136487,Active,644166,NA,NA,S,1,0,300208.9538,41.95,2004,26,19.59,36.41
136488,Active,3073729,NA,NA,S,1,0,658326.3225,42.95,2001,37,12.48,36.99
136489,Active,3594378,NA,NA,S,1,0,62755.65,85,2015,15,56.19,61.87
136490,Active,599551,NA,NA,S,1,0,677065.7413,50,2004,38,6.26,37.23
136491,Active,2082012,NA,NA,S,1,0,161779.15,49.95,2014,16,25.74,28.07
136492,Active,881538,NA,NA,S,2,1,242404.9463,39.95,2014,18,32.78,29.86
136493,Active,918575,NA,NA,S,1,0,497619.4438,80,1998,73,4,14.78
136494,Active,691184,NA,NA,S,2,1,28888.05,30.95,2012,16,27.98,23.92
136495,Active,1748437,NA,NA,S,0,0,92357.225,25,2008,27,13.49,13.49
136496,Active,256291,NA,NA,S,1,0,66239.1,64.95,2006,31,36.64,51.96
136497,Active,1954176,NA,NA,S,1,0,127466.65,40,2015,8,38.69,33.93
136498,Active,2094870,NA,NA,S,0,0,191610.775,40,2013,19,25.98,22.97
136499,Active,567854,NA,NA,S,1,0,65436.525,24.95,2009,28,14.65,17.89
136500,Active,2067951,NA,NA,S,0,0,40891.05,27.95,2014,14,18.35,18.35
136501,Active,1627328,NA,NA,S,0,0,172355.9488,29.95,2014,13,22.52,21.97
136502,Active,3817640,NA,NA,S,4,1,148207,27.95,2016,16,17.78,16.69
136503,Active,1938506,NA,NA,S,0,0,55977.125,29.95,2013,21,10.99,18.99
136504,Active,619820,NA,NA,S,1,0,83260.8,42,2007,30,13.93,17.47
136505,Active,1780687,NA,NA,S,1,0,89745.85,26.99,2014,10,18.35,17.71
136506,Active,650175,NA,NA,S,5,1,632044.0075,85.32,2005,24,9.54,0
136507,Active,2205644,NA,NA,S,1,0,193506.6,39.99,2010,18,19.15,47.92
136508,Active,689578,NA,NA,S,1,0,65522.125,28,2014,23,7.36,8.58
136509,Active,625943,NA,NA,S,1,0,144656.825,55,2008,18,38.21,41.48
136510,Active,178386,NA,NA,S,4,1,296223.7013,169.19,2007,26,8.49,135.59
136511,Active,1470682,NA,NA,S,1,0,445763.1988,50,2010,59,4.97,14.23
136512,Active,1935403,NA,NA,S,1,0,149834.2,21.95,2012,28,10.43,16.67
136513,Active,3598507,NA,NA,S,0,0,37339.225,45,2015,18,27.74,27.75
136514,Active,3810166,NA,NA,S,0,0,180635.625,24.95,2013,44,16.41,16.54
136515,Active,2015559,NA,NA,S,0,0,74844.325,22.95,2011,18,15.79,16.84
136516,Active,2005780,NA,NA,S,1,0,37254.175,25.95,2010,36,17.3,21.2
136517,Active,3744057,NA,NA,S,1,0,67139.925,24.99,2012,47,4.57,18.43
136518,Active,789669,NA,NA,S,2,1,190813.595,32.83,2007,8,40.49,34.06
136519,Active,1434100,NA,NA,S,0,0,23812.4,26.99,2015,35,11.18,14.75
136520,Active,735579,NA,NA,S,0,0,67911.275,34.99,2012,43,4,7.98
136521,Active,1697075,NA,NA,S,0,0,3433.4,27,2015,34,15.95,16.61
136522,Active,768822,NA,NA,S,5,1,835970.9338,240.95,2001,39,4.95,59.97
136523,Active,57542,NA,NA,S,4,1,132645.5638,100.95,1998,59,10.14,26.32
136524,Active,544542,NA,NA,S,9,1,111903.1638,314.95,2013,144,37.32,167.8
136525,Active,2008593,NA,NA,S,0,0,51227.625,21.95,2008,44,7.92,10.98
136526,Active,669037,NA,NA,S,0,0,2565.925,35,2012,33,21.24,25.99
136527,Active,680812,NA,NA,S,1,0,78702.975,28,2012,56,4,9.99
136528,Active,1697298,NA,NA,S,0,0,5822.425,29.99,2015,23,13.69,17.94
136529,Active,3216706,NA,NA,S,1,0,591277.1738,105.16,1963,30,5.78,128.96
136530,Active,2103383,NA,NA,S,0,0,188575.875,24,2014,8,19.99,20.11
136531,Active,881423,NA,NA,S,0,0,24560.15,29.5,2015,17,13.2,13.47
136532,Active,2396527,NA,NA,S,0,0,379429.5125,40.05,2003,78,4,10.01
136533,Active,2245681,NA,NA,S,0,0,106893.75,30,2011,21,20.24,20.02
136534,Active,1693228,NA,NA,S,0,0,467223.5238,35,2007,32,12.04,25.69
136535,Active,776987,NA,NA,S,1,0,379968.3025,49.99,2012,30,4,34.25
136536,Active,700555,NA,NA,S,3,1,222941.54,41,2004,31,7.48,24.6
136537,Active,643317,NA,NA,S,4,1,347005.5838,74,2010,26,13.5,61.99
136538,Active,1908397,NA,NA,S,0,0,55023.65,21.99,2014,13,10.15,16.94
136539,Active,3829366,NA,NA,S,0,0,100993.575,27.95,2013,16,15.98,17.94
136540,Active,702455,NA,NA,S,1,0,865416.6538,150,2014,27,13.61,24.73
136541,Active,2079640,NA,NA,S,1,0,13354.275,23,2013,22,13.27,13.28
136542,Active,638193,NA,NA,S,0,0,212026.15,30,2009,20,27.49,27.49
136543,Active,3790528,NA,NA,S,0,0,86783.175,60,2008,25,32.98,35.5
136544,Active,1607508,NA,NA,S,0,0,33503.3,26,2013,49,6.9,7.73
136545,Active,525396,NA,NA,S,3,1,219459.475,37.32,2007,32,20.73,26.38
136546,Active,208052,NA,NA,S,0,0,84082.425,35,2007,12,26.97,25.94
136547,Active,1631614,NA,NA,S,0,0,18615.85,21.99,2015,22,13.05,14.01
136548,Active,2101592,NA,NA,S,0,0,22827.45,27.5,2015,19,13.65,14.83
136549,Active,752157,NA,NA,S,1,0,31202.75,35,2011,27,11.22,16.98
136550,Active,680138,NA,NA,S,2,1,185492.4938,24.95,2009,31,4.71,17.04
136551,Active,751801,NA,NA,S,2,1,531958.4775,24.95,2010,33,4.97,15.78
136552,Active,2100855,NA,NA,S,0,0,67528.65,27.99,2015,45,4.6,5.77
136553,Active,1433246,NA,NA,S,0,0,62938.75,22.99,2013,40,4.4,10.29
136554,Active,906621,NA,NA,S,2,1,473050.1925,29.95,2004,29,19.96,46.9
136555,Active,1706153,NA,NA,S,0,0,60098.025,27.5,2012,11,18.9,21.61
136556,Active,1680267,NA,NA,S,1,0,109882.8,26,2014,43,8.78,9.99
136557,Active,2843647,NA,NA,S,3,1,361315.5,60.97,2002,6,38.94,197.47
136558,Active,623359,NA,NA,S,0,0,83624.025,84,2012,32,36.69,63.97
136559,Active,680797,NA,NA,S,1,0,67457.125,29.99,2013,40,6.79,9.96
136560,Active,260927,NA,NA,S,0,0,64047.25,24.95,2007,29,13.46,17.29
136561,Active,1918191,NA,NA,S,0,0,10790.525,27.99,2013,17,20.1,18.46
136562,Active,2506256,NA,NA,S,1,0,381503.4413,45,1996,74,4,18.99
136563,Active,1830849,NA,NA,S,1,0,47665.375,40,2013,30,23.96,26.44
136564,Active,2582598,NA,NA,S,0,0,401448.2925,14.95,2004,25,10.82,12.02
136565,Active,1932678,NA,NA,S,0,0,27454.425,29.99,2011,38,8.47,18.71
136566,Active,2155965,NA,NA,S,0,0,36622.875,26.95,2008,19,11.79,17.81
136567,Active,1660526,NA,NA,S,1,0,70430.5,29.95,2007,19,21.41,25.07
136568,Active,1494020,NA,NA,S,1,0,668312.0388,75,2010,51,4,12.7
136569,Active,1527422,NA,NA,S,1,0,144972.1,29.95,2012,37,5.78,16.98
136570,Active,688506,NA,NA,S,0,0,1309.425,26.95,2013,29,12.81,13.48
136571,Active,685927,NA,NA,S,1,0,30019.775,26.95,2013,18,17.76,17.75
136572,Active,2087682,NA,NA,S,0,0,89572.825,24.95,2014,16,16.49,18.28
136573,Active,649080,NA,NA,S,1,0,201843.6,34.99,2008,11,18.99,24.57
136574,Active,1870212,NA,NA,S,0,0,58625.15,29.99,2014,13,20.91,20.66
136575,Active,619333,NA,NA,S,3,1,158008.2138,97.6,2011,42,17.11,24.98
136576,Active,3472626,NA,NA,S,1,0,95505.05,29.99,2007,32,4,10.99
136577,Active,1723578,NA,NA,S,0,0,9532.5,0,2008,11,20.37,47.99
136578,Active,681453,NA,NA,S,1,0,135472.2,24.95,2010,17,15.85,21.99
136579,Active,1599274,NA,NA,S,0,0,198777.25,20.99,2009,11,14.94,14.94
136580,Active,3467021,NA,NA,S,1,0,116239.55,27.99,2014,57,6.48,9.98
136581,Active,2116954,NA,NA,S,0,0,602320.7125,15.95,2011,14,12.24,13.9
136582,Active,3558779,NA,NA,S,1,0,110656.1,39.95,2011,37,11.86,21.78
136583,Active,903762,NA,NA,S,0,0,654269.1175,55.51,2007,19,10.06,28.99
136584,Active,612425,NA,NA,S,0,0,340744.7388,75,2013,19,15.09,42.94
136585,Active,667310,NA,NA,S,0,0,877649.0738,75,2012,24,8.92,42.09
136586,Active,678061,NA,NA,S,0,0,20409.85,29.95,2007,44,13.98,20.63
136587,Active,1701458,NA,NA,S,0,0,158019.375,34.95,2011,13,31.99,33.94
136588,Active,865805,NA,NA,S,2,1,218761.6113,24.95,2010,33,12.49,16.68
136589,Active,1433634,NA,NA,S,0,0,8486.75,26.99,2014,20,15.95,16.05
136590,Active,1741781,NA,NA,S,0,0,53509.65,22,2010,16,14.5,16.6
136591,Active,1498652,NA,NA,S,0,0,19041.15,34.99,2012,14,23.81,22.13
136592,Active,919210,NA,NA,S,9,1,722633.9413,58,1999,36,4,46.39
136593,Active,641071,NA,NA,S,1,0,616241.8175,43.95,2006,21,18.66,23.99
136594,Active,2648422,NA,NA,S,1,0,661618.2138,60.95,1999,25,4.72,38.94
136595,Active,615878,NA,NA,S,7,1,53008.92875,203.95,2010,58,52.62,93.93
136596,Active,868214,NA,NA,S,2,1,284252.075,72.6,2015,32,18.99,52.11
136597,Active,681776,NA,NA,S,1,0,169377.625,26.95,2013,29,9.09,26.68
136598,Active,2998214,NA,NA,S,2,1,450585.4075,59.95,2015,14,38.99,54.68
136599,Active,3503648,NA,NA,S,0,0,71682.825,24.99,2012,23,7.57,13.54
136600,Active,1924349,NA,NA,S,1,0,102556.475,29.95,2014,26,17.99,21.75
136601,Active,2010586,NA,NA,S,0,0,97185.15,27.99,2009,20,18.7,20.29
136602,Active,1673175,NA,NA,S,0,0,27275.45,21.99,2014,16,11.67,11.99
136603,Active,2031948,NA,NA,S,0,0,112664.375,24.95,2012,35,7.22,10.87
136604,Active,1781011,NA,NA,S,3,1,40115.45,24.99,2014,15,16.48,15.34
136605,Active,1570413,NA,NA,S,2,1,370513.8875,21.99,2010,62,4,4.23
136606,Active,1434072,NA,NA,S,0,0,105425.6,25.99,2015,23,9.63,9.99
136607,Active,920326,NA,NA,S,0,0,150320.275,28.99,2012,45,4.83,9.53
136608,Active,3530977,NA,NA,S,1,0,52630,22,2015,20,7.42,7.47
136609,Active,2063794,NA,NA,S,0,0,316046.3938,39.95,2012,31,51.33,29.96
136610,Active,3729489,NA,NA,S,1,0,216833.925,22.99,2008,61,4,13.92
136611,Active,3585228,NA,NA,S,1,0,65988.25,28,2015,53,7.41,15.41
136612,Active,642875,NA,NA,S,1,0,138913.225,39.95,2007,22,26.16,34.86
136613,Active,729163,NA,NA,S,1,0,520900.7738,29.95,1997,24,5.17,26.94
136614,Active,538204,NA,NA,S,1,0,26590.1,25,2009,15,14.98,13.05
136615,Active,1937468,NA,NA,S,0,0,18668.1,27.5,2015,30,6.22,7.94
136616,Active,2054301,NA,NA,S,0,0,101854.2,49.95,2008,9,37.94,34.81
136617,Active,1567454,NA,NA,S,1,0,42585.25,21.99,2008,38,5.85,8.46
136618,Active,2138438,NA,NA,S,0,0,88011.6,29.95,2012,34,18.42,19.48
136619,Active,2094886,NA,NA,S,0,0,33125.1,24.95,2014,32,16.19,16.32
136620,Active,2023892,NA,NA,S,0,0,65701.525,23.95,2008,21,10.73,42.99
136621,Active,260395,NA,NA,S,1,0,52750.525,24.95,2007,36,15.43,16.23
136622,Active,2094845,NA,NA,S,1,0,40379.45,40,2011,26,24.98,24.39
136623,Active,2586528,NA,NA,S,2,1,874606.6625,49.99,2003,23,16.7,46.97
136624,Active,1767824,NA,NA,S,0,0,211312.3,29.99,2013,15,26.44,23.84
136625,Active,3751580,NA,NA,S,1,0,232311.175,23,2013,20,11.52,13.39
136626,Active,2555157,NA,NA,S,1,0,142623.8813,15.95,2003,74,4.03,8.36
136627,Active,2106639,NA,NA,S,1,0,28820.925,21.95,2015,10,32.56,36.12
136628,Active,1780748,NA,NA,S,3,1,21402.9825,19.99,2014,23,13.49,14.47
136629,Active,1707758,NA,NA,S,0,0,114622.975,35,2015,18,18.68,16.99
136630,Active,1702318,NA,NA,S,0,0,568951.6363,115.95,2014,17,16.85,110.12
136631,Active,2176296,NA,NA,S,0,0,72420.575,57.95,2014,15,28.98,29.12
136632,Active,2152328,NA,NA,S,0,0,119582.8,29,2014,17,23.75,25
136633,Active,623493,NA,NA,S,4,1,200680.325,34.95,2010,35,16.54,21.8
136634,Active,3474163,NA,NA,S,0,0,185020.05,54.99,2015,56,33.78,34.82
136635,Active,3493898,NA,NA,S,1,0,73753.45,39.95,2011,34,23.89,26.83
136636,Active,1438696,NA,NA,S,0,0,482773.8175,42.76,2008,35,5.01,42.77
136637,Active,1994783,NA,NA,S,1,0,73724.475,24.95,2014,12,22.45,22.46
136638,Active,2117016,NA,NA,S,7,1,36872.7,26.99,2013,18,16.19,19.66
136639,Active,644629,NA,NA,S,0,0,12756.9675,47.99,2012,29,21.99,27.43
136640,Active,1625364,NA,NA,S,0,0,119820.75,24,2007,17,22.1,21.91
136641,Active,1671603,NA,NA,S,1,0,44589.9,22.95,2010,7,29.14,18.98
136642,Active,3563283,NA,NA,S,2,1,134193.525,49.95,2008,7,30.26,29.68
136643,Active,1779255,NA,NA,S,1,0,61657.25,22.99,2013,17,15.97,15.75
136644,Active,684825,NA,NA,S,1,0,38485.275,24.99,2011,20,13.27,29.65
136645,Active,677813,NA,NA,S,2,1,26298.625,24.95,2012,15,16.46,19.13
136646,Active,1877329,NA,NA,S,0,0,17622.875,24.99,2014,38,7.91,9.2
136647,Active,1877258,NA,NA,S,0,0,4307.575,24.95,2013,28,8.84,9.91
136648,Active,1684027,NA,NA,S,0,0,106861.7,39.99,2011,13,12.61,17.99
136649,Active,525378,NA,NA,S,0,0,8102.75,21,2009,20,14.31,14.28
136650,Active,1736484,NA,NA,S,0,0,137817.45,34.84,2008,36,4.8,7.24
136651,Active,3070107,NA,NA,S,2,1,762844.3288,19.95,2005,57,4,7.98
136652,Active,892939,NA,NA,S,2,1,17242.65,21.95,2015,21,15.48,16.05
136653,Active,2056137,NA,NA,S,4,1,22285.43875,24.95,2014,26,11.96,15.25
136654,Active,2002693,NA,NA,S,0,0,73478.6,48.41,2014,9,17.1,16.98
136655,Active,3791543,NA,NA,S,2,1,311761.3,19.95,1900,58,4.81,45.21
136656,Active,2056142,NA,NA,S,2,1,77945.6,21.95,2015,12,16.67,15.92
136657,Active,2056132,NA,NA,S,2,1,68874,21.95,2014,17,13.97,13.98
136658,Active,2056117,NA,NA,S,0,0,117503.7,21.95,2013,28,6.9,6.98
136659,Active,3804914,NA,NA,S,1,0,151216.95,24.95,2013,32,10.71,12.82
136660,Active,1957877,NA,NA,S,0,0,27628.35,25,2013,20,9.64,15.71
136661,Active,3564462,NA,NA,S,3,1,206352.7,19.95,2015,16,11.85,14.63
136662,Active,544836,NA,NA,S,0,0,25816.725,21,2009,17,11.95,16.15
136663,Active,525373,NA,NA,S,0,0,81146.945,21,2009,19,11.12,0
136664,Active,1660659,NA,NA,S,1,0,16745.45,26.99,2011,20,20.17,19.18
136665,Active,577477,NA,NA,S,0,0,60279.725,24.99,2007,17,17.99,65.98
136666,Active,1958229,NA,NA,S,0,0,3528.925,40,2015,19,19.54,23.98
136667,Active,1655836,NA,NA,S,0,0,112681.4525,42,2011,27,13.45,27.98
136668,Active,1938487,NA,NA,S,0,0,61016.575,27.5,2012,44,4.94,9.97
136669,Active,701160,NA,NA,S,1,0,42027.1,24.95,2007,21,13.72,17.1
136670,Active,3621000,NA,NA,S,2,1,272726.7,70,2010,25,46.36,63.74
136671,Active,2163309,NA,NA,S,1,0,374913.6088,39.95,2013,13,41.31,39.79
136672,Active,690904,NA,NA,S,3,1,91570.8425,21.95,2010,22,13.16,16.03
136673,Active,2453771,NA,NA,S,0,0,631839.0275,53,1996,43,4.98,30.92
136674,Active,321068,NA,NA,S,0,0,135364.85,20.95,2010,22,12.69,19.95
136675,Active,1433886,NA,NA,S,0,0,54484.6,25.99,2013,36,4.47,9.97
136676,Active,2022017,NA,NA,S,0,0,185692.525,45,2011,24,4.97,23.94
136677,Active,3006948,NA,NA,S,3,1,1666.775,21.99,2015,11,19.09,15.16
136678,Active,678027,NA,NA,S,2,1,61568.575,20.99,2008,42,10.37,17.11
136679,Active,2080794,NA,NA,S,0,0,25331.625,28,2012,50,6.71,13.12
136680,Active,1654837,NA,NA,S,0,0,66193.825,24.95,2015,26,9.18,18.19
136681,Active,1684086,NA,NA,S,0,0,58578.375,24.99,2015,21,10.38,10.41
136682,Active,1684323,NA,NA,S,0,0,56911.525,39.99,2014,20,22.34,24.83
136683,Active,2405010,NA,NA,S,0,0,499145.9413,65,1988,30,9.72,28.89
136684,Active,2047254,NA,NA,S,0,0,716769.7125,36.95,2014,19,31.79,34.05
136685,Active,683399,NA,NA,S,0,0,72218.15,26.95,2010,49,4.84,13.94
136686,Active,1980134,NA,NA,S,0,0,75433.675,29.99,2014,12,17.11,17.07
136687,Active,2082417,NA,NA,S,0,0,51785.4,25,2011,15,17.93,21.53
136688,Active,1565749,NA,NA,S,2,1,29065.45,21.99,2010,46,8.42,11.92
136689,Active,677614,NA,NA,S,0,0,10427.45,32,2012,49,7.49,21.19
136690,Active,1701604,NA,NA,S,0,0,144563.35,27.95,2014,10,25.87,27.95
136691,Active,2043519,NA,NA,S,1,0,28764.8,27.5,2011,23,16.43,17.55
136692,Active,1942851,NA,NA,S,1,0,39575.7,28,2014,32,9.12,11.79
136693,Active,106777,NA,NA,S,1,0,40172.575,32,2010,31,7.32,7.28
136694,Active,1576115,NA,NA,S,0,0,548167.6675,52.95,2009,26,20.23,55.99
136695,Active,1937835,NA,NA,S,0,0,31095.375,24,2015,12,14.18,15.49
136696,Active,670619,NA,NA,S,0,0,172512.275,37.95,2012,8,36.89,36.93
136697,Active,2164867,NA,NA,S,0,0,67527.35,31.95,2011,10,25.56,23.99
136698,Active,229519,NA,NA,S,0,0,113177.475,31.95,2007,28,16.63,26.29
136699,Active,801112,NA,NA,S,0,0,657738.0863,44.95,2007,28,7.8,43.99
136700,Active,558363,NA,NA,S,0,0,90620.525,23.95,2011,25,14.76,17.45
136701,Active,188204,NA,NA,S,1,0,4317.7375,18,1997,1010,4,7.06
136702,Active,1703382,NA,NA,S,0,0,234688.225,72,2012,16,19.06,47.99
136703,Active,1970346,NA,NA,S,0,0,39788.3,26.99,2015,34,5.92,5.37
136704,Active,1814452,NA,NA,S,1,0,15304.4,25.99,2014,53,7.75,14.94
136705,Active,190122,NA,NA,S,0,0,384054.0375,35,2008,38,10.29,0
136706,Active,923968,NA,NA,S,1,0,85325.27625,35,2009,386,4,10.49
136707,Active,3624432,NA,NA,S,0,0,58026.725,24.95,2014,22,18.99,19.93
136708,Active,689101,NA,NA,S,1,0,205545.275,29.95,2012,9,17.31,29.95
136709,Active,545227,NA,NA,S,0,0,155662.1,29.95,2012,18,15.56,16.31
136710,Active,2049478,NA,NA,S,0,0,89985.075,21.95,2014,15,16.26,13.97
136711,Active,3717828,NA,NA,S,11,1,68257.1,202.95,2015,19,49.89,93.74
136712,Active,647110,NA,NA,S,10,1,306489.7475,192.95,2012,19,25.99,86.17
136713,Active,243268,NA,NA,S,2,1,632360.0238,49.95,2007,24,4.98,40.49
136714,Active,1645701,NA,NA,S,1,0,129659.4,51,2008,21,4.98,31.16
136715,Active,540736,NA,NA,S,1,0,223066.4338,59.99,2012,41,4.3,50.29
136716,Active,3082798,NA,NA,S,2,1,357531.0663,19.18,2005,6,51.7,24.44
136717,Active,1742342,NA,NA,S,3,1,208282.925,28.95,2007,8,28.95,28.95
136718,Active,3298020,NA,NA,S,1,0,77741,96.63,2002,11,47.39,109.39
136719,Active,3296202,NA,NA,S,0,0,754938.0663,45.06,2001,23,17.03,45.02
136720,Active,906678,NA,NA,S,2,1,192486.575,39.95,2013,18,23.83,25.16
136721,Active,2154084,NA,NA,S,3,1,497824.2963,39.95,2013,2,153.6,39.95
136722,Active,1690688,NA,NA,S,0,0,89361.25,22,2007,19,11.99,17.83
136723,Active,120014,NA,NA,S,4,1,61294.9675,66.8,2009,53,23.99,48.74
136724,Active,3012242,NA,NA,S,0,0,591338.5475,42,1991,49,4,11.74
136725,Active,1597609,NA,NA,S,0,0,821446.6475,187.4,2006,22,4.97,30.51
136726,Active,157632,NA,NA,S,1,0,253200.3738,64.95,2009,34,7.18,43.64
136727,Active,3801873,NA,NA,S,3,1,23695.8,30,2015,14,20.66,27.32
136728,Active,121876,NA,NA,S,3,1,604557.2863,36.33,2000,28,4.93,47.79
136729,Active,121878,NA,NA,S,3,1,424598.32,25,2000,32,4.33,19.63
136730,Active,278670,NA,NA,S,4,1,308916.6563,21.95,2005,121,4,7.48
136731,Active,157171,NA,NA,S,2,1,353418.99,48.95,2005,28,4.3,43.81
136732,Active,1630793,NA,NA,S,0,0,126734.1,85,2012,23,48.97,53.97
136733,Active,611797,NA,NA,S,9,1,37164.88125,133.95,2014,36,53.94,68.99
136734,Active,3082795,NA,NA,S,2,1,252756.305,9.95,2005,6,36.06,14.34
136735,Active,3733268,NA,NA,S,0,0,60114.525,39.95,2008,20,39.94,39.95
136736,Active,583993,NA,NA,S,2,1,65042.525,29.95,2010,19,25.68,26.72
136737,Active,771198,NA,NA,S,3,1,369597.3675,119.16,2003,44,4.03,13.91
136738,Active,911971,NA,NA,S,1,0,519025.2213,67.95,2006,17,12.99,44.17
136739,Active,112263,NA,NA,S,1,0,846787.1925,101.5,2004,56,4.59,22.12
136740,Active,178687,NA,NA,S,3,1,58916.8575,223.95,2011,85,6.98,54.25
136741,Active,632153,NA,NA,S,1,0,98962.925,26.95,2012,37,11.62,18.98
136742,Active,545072,NA,NA,S,1,0,6432.225,26.95,2011,56,15.51,15.48
136743,Active,2053401,NA,NA,S,0,0,235188.5,58.48,2010,18,8.45,43.49
136744,Active,126190,NA,NA,S,3,1,323076.695,134.95,2005,23,38.99,44.66
136745,Active,2149005,NA,NA,S,0,0,159439.6,24.95,2012,14,15.81,17.02
136746,Active,678262,NA,NA,S,0,0,84966.45,25.95,2009,40,11.75,16.87
136747,Active,867509,NA,NA,S,6,1,106304.0925,156.95,2014,49,13.98,75.6
136748,Active,525352,NA,NA,S,14,1,367045.5338,144.95,2012,38,17.38,72.38
136749,Active,591948,NA,NA,S,0,0,713040.8538,78,2008,28,16.17,37.13
136750,Active,639712,NA,NA,S,6,1,60982.7425,116.95,2013,50,8.91,76.96
136751,Active,792465,NA,NA,S,1,0,573792.3225,140,2001,33,12.93,27.99
136752,Active,556004,NA,NA,S,0,0,363901.98,62,1993,36,8.09,50.12
136753,Active,686711,NA,NA,S,5,1,54778.8,27.5,2012,25,19.26,23.56
136754,Active,515792,NA,NA,S,1,0,837156.545,44.95,2012,37,13.08,19.98
136755,Active,645827,NA,NA,S,0,0,303843.095,32.95,2004,25,26.61,41.47
136756,Active,3959991,NA,NA,S,7,1,18984.95,49,2015,22,33.99,46.99
136757,Active,2723251,NA,NA,S,1,0,488409.9375,59,2004,16,6.95,36.98
136758,Active,576445,NA,NA,S,1,0,762797.0875,80,2007,40,16.85,37.34
136759,Active,555302,NA,NA,S,1,0,339998.3663,80,1997,35,6.97,49.02
136760,Active,2156100,NA,NA,S,1,0,117914.7,24.95,2008,19,14.44,18.92
136761,Active,1683208,NA,NA,S,2,1,147957.39,9.95,2007,6,18.71,24.92
136762,Active,3740071,NA,NA,S,0,0,168320.675,37,2016,9,33.99,36.65
136763,Active,247648,NA,NA,S,0,0,41278.675,31.95,2007,15,20.95,31.95
136764,Active,598896,NA,NA,S,3,1,63001.975,23.5,2007,30,12.61,18.59
136765,Active,3082660,NA,NA,S,2,1,681714.985,5.99,2004,7,6.74,24.92
136766,Active,649985,NA,NA,S,0,0,159591.825,55,2011,20,30.98,31.56
136767,Active,910833,NA,NA,S,3,1,54870.725,29.95,2014,25,20.63,21.73
136768,Active,1485520,NA,NA,S,2,1,489814.3425,41,2009,24,14.99,31.14
136769,Active,156736,NA,NA,S,1,0,453668.1225,48.95,2000,30,8.53,39.72
136770,Active,622752,NA,NA,S,0,0,477570.145,34,2006,34,4,22.93
136771,Active,3800330,NA,NA,S,4,1,2101.775,26.99,2016,14,15.75,15.91
136772,Active,219612,NA,NA,S,0,0,99753.78875,25.95,2004,208,4,8.22
136773,Active,1919981,NA,NA,S,0,0,76819.925,29.95,2013,28,13.14,23.58
136774,Active,2904574,NA,NA,S,6,1,661614.2775,24.95,2005,29,9.87,91.82
136775,Active,2053352,NA,NA,S,0,0,148176.05,43.48,2008,8,38.99,49.79
136776,Active,1742929,NA,NA,S,2,1,21170.275,21.95,2015,6,16.73,16.83
136777,Active,576403,NA,NA,S,1,0,613604.3463,81,1998,34,6.39,34.68
136778,Active,660443,NA,NA,S,1,0,129638.825,54,2007,13,34.97,47.47
136779,Active,862400,NA,NA,S,12,1,259907.36,184.95,2014,40,17.33,121.98
136780,Active,545925,NA,NA,S,3,1,177095.3788,97.95,2013,96,6.3,47.98
136781,Active,663632,NA,NA,S,12,1,2234.98875,103.95,2013,95,53.99,77.44
136782,Active,2168142,NA,NA,S,0,0,50592.45,21.95,2013,22,13.92,16.73
136783,Active,1481404,NA,NA,S,3,1,148168.2825,130,2012,25,36.75,103.98
136784,Active,540009,NA,NA,S,3,1,12607.52375,191,2012,92,53.14,97.99
136785,Active,507867,NA,NA,S,0,0,218586.225,29.95,2009,26,6.56,26.4
136786,Active,247580,NA,NA,S,1,0,53304.525,92,2006,36,7.11,61.01
136787,Active,532077,NA,NA,S,11,1,25089.925,147.95,2012,63,45.55,99.4
136788,Active,3082670,NA,NA,S,1,0,101786.9825,9.95,2000,8,8.02,16.17
136789,Active,870444,NA,NA,S,6,1,639988.0375,135.35,2007,34,16.31,103.99
136790,Active,177084,NA,NA,S,6,1,67243.0175,256.95,2005,110,7.7,53.97
136791,Active,1841240,NA,NA,S,1,0,352609.9588,61.95,2010,23,17.87,39.43
136792,Active,669141,NA,NA,S,3,1,199145.7275,49,2011,25,18.96,73.66
136793,Active,582444,NA,NA,S,0,0,804839.5163,25.95,2007,47,4,11.27
136794,Active,1571882,NA,NA,S,3,1,176171.225,30,2014,16,23.09,29.49
136795,Active,565751,NA,NA,S,3,1,326838.7538,78.99,2008,37,19.3,61.21
136796,Active,572103,NA,NA,S,1,0,349481.7475,104.95,2004,36,5,38.99
136797,Active,2901978,NA,NA,S,6,1,665731.4925,29.95,2015,14,22.08,22.08
136798,Active,3229723,NA,NA,S,0,0,378682.5125,87.15,1964,54,5.96,39.76
136799,Active,905838,NA,NA,S,0,0,644179.525,21.95,2005,32,9.99,21.27
136800,Active,540293,NA,NA,S,0,0,32361.44875,32.95,1994,115,9.83,16.98
136801,Active,867308,NA,NA,S,5,1,63628.03625,86.95,2015,69,43.98,54.98
136802,Active,2028173,NA,NA,S,1,0,36821.85,24.95,2015,15,23.35,21.72
136803,Active,676908,NA,NA,S,1,0,17913.125,28,2011,39,13.97,15.42
136804,Active,144714,NA,NA,S,1,0,596906.8588,236.4,2004,46,4,49.99
136805,Active,548141,NA,NA,S,0,0,551571.9988,63.95,1991,26,4,51.32
136806,Active,607170,NA,NA,S,9,1,129788.6988,67.2,2001,70,4,73.74
136807,Active,641980,NA,NA,S,13,1,13419.725,146.8,2013,104,53.98,104.73
136808,Active,651702,NA,NA,S,0,0,240561.725,53,2011,17,5.07,27.92
136809,Active,624912,NA,NA,S,0,0,414198.615,84.95,1995,38,8.87,28.88
136810,Active,663761,NA,NA,S,7,1,30095.525,271.95,2013,62,37.91,84.2
136811,Active,865456,NA,NA,S,2,1,6054.99,20,2014,33,13.43,12.98
136812,Active,868281,NA,NA,S,2,1,6552.8625,121,2014,90,43.36,52.95
136813,Active,575535,NA,NA,S,2,1,91983.375,29.95,2010,15,26.47,27.3
136814,Active,211285,NA,NA,S,0,0,238591,150,1995,23,68.33,109.6
136815,Active,1924598,NA,NA,S,0,0,792598.1,36,2014,12,33.96,36
136816,Active,2027793,NA,NA,S,1,0,57753,71,2012,20,46.15,54.25
136817,Active,679298,NA,NA,S,3,1,140996.475,26.95,2008,20,22.42,22.52
136818,Active,563272,NA,NA,S,0,0,280434.8963,99,2002,33,4.99,25.87
136819,Active,541912,NA,NA,S,1,0,397614.6963,191.45,2004,48,12.49,99.99
136820,Active,1558888,NA,NA,S,1,0,186093.3,83.95,2015,20,35.54,63.59
136821,Active,625381,NA,NA,S,1,0,138068.185,35,2006,49,16.26,33.95
136822,Active,2605054,NA,NA,S,0,0,655415.1338,69.99,1996,27,9.84,61.36
136823,Active,272516,NA,NA,S,3,1,220732.455,62,2009,27,9.25,33.09
136824,Active,1625556,NA,NA,S,0,0,53904.975,24,2010,23,18.99,21.82
136825,Active,112099,NA,NA,S,0,0,431061.0738,165.75,2000,52,5.47,23.94
136826,Active,886208,NA,NA,S,0,0,264940.495,99.08,2012,19,22.34,38.44
136827,Active,1447664,NA,NA,S,1,0,118536.975,57.8,2014,12,47.98,49
136828,Active,229190,NA,NA,S,3,1,477489.5263,84,2009,37,11.74,58.49
136829,Active,710992,NA,NA,S,10,1,588133.7438,65,2001,48,4,15.68
136830,Active,591644,NA,NA,S,1,0,198695.06,46.95,2010,24,13.99,31.34
136831,Active,663368,NA,NA,S,9,1,14855.695,123.75,2013,63,53.98,73.94
136832,Active,599999,NA,NA,S,1,0,137631.025,39.95,2011,15,38.97,35.9
136833,Active,679303,NA,NA,S,1,0,43631,25.99,2008,42,9.13,11.95
136834,Active,2071469,NA,NA,S,2,1,47648.4875,19.18,2011,6,51.97,20.33
136835,Active,599653,NA,NA,S,0,0,571248.9938,39.95,2011,24,30.98,34.68
136836,Active,555774,NA,NA,S,1,0,54588,24.95,2011,20,16.27,20.19
136837,Active,867893,NA,NA,S,5,1,64763.79375,122.95,2015,56,45.63,67.36
136838,Active,1479739,NA,NA,S,1,0,184962.55,39.95,2015,13,33.89,33.98
136839,Active,1471190,NA,NA,S,3,1,266515.5313,44.95,2015,33,13.99,34.97
136840,Active,1956968,NA,NA,S,1,0,188095.9,85.05,2012,26,10.01,82
136841,Active,875207,NA,NA,S,5,1,31990.7625,99,2015,43,52.94,69.86
136842,Active,525335,NA,NA,S,7,1,86810.08625,125.8,2008,31,10.34,84.76
136843,Active,2276100,NA,NA,S,2,1,38839.875,0,2014,0,0,7.48
136844,Active,918302,NA,NA,S,2,1,114807.66,91,2013,36,21.3,23.99
136845,Active,921883,NA,NA,S,2,1,57781.17375,73,2013,54,24.35,32.8
136846,Active,556471,NA,NA,S,1,0,38162,31.95,2010,26,16.08,20.65
136847,Active,2053346,NA,NA,S,0,0,90012.95,68.6,2007,21,13.83,53.94
136848,Active,690070,NA,NA,S,4,1,100404.85,27.5,2013,18,26.19,26.97
136849,Active,2053331,NA,NA,S,0,0,92035.475,0,2007,9,30.98,46.84
136850,Active,132981,NA,NA,S,1,0,382068.925,89.95,2009,11,109.76,340.62
136851,Active,1924119,NA,NA,S,0,0,87374.31,24,2010,28,5.87,21.95
136852,Active,3043484,NA,NA,S,0,0,244248.7563,519.95,1996,12,42.2,88.94
136853,Active,654439,NA,NA,S,2,1,541973.7738,105.1,2003,14,31.11,129.89
136854,Active,540094,NA,NA,S,7,1,210341.6663,126.95,2012,41,16.59,66.34
136855,Active,268277,NA,NA,S,0,0,75990.5,120,2010,16,42.23,70.46
136856,Active,3775906,NA,NA,S,0,0,49484.725,80,2016,21,46.5,33.99
136857,Active,392746,NA,NA,S,2,1,46686.425,0,2006,9,53.98,93.99
136858,Active,620573,NA,NA,S,0,0,671922.1425,104,1997,63,10.42,30.71
136859,Active,246364,NA,NA,S,0,0,245185.125,46.95,2005,44,5.96,29.4
136860,Active,554176,NA,NA,S,0,0,200746.7938,126.8,1986,60,4,33.41
136861,Active,1589908,NA,NA,S,0,0,618523.4313,59.99,2008,21,14.92,44.65
136862,Active,1683257,NA,NA,S,2,1,457125.4013,12.9,2007,5,50.1,19.12
136863,Active,871455,NA,NA,S,2,1,143754.6,95.99,2014,30,46.89,78.19
136864,Active,623670,NA,NA,S,1,0,32056.06125,39.95,2000,39,19.29,202.97
136865,Active,671889,NA,NA,S,0,0,9846.9,34.95,2010,18,23.26,24.02
136866,Active,2814419,NA,NA,S,0,0,775539.185,45,2004,45,4.91,23.94
136867,Active,905594,NA,NA,S,2,1,363899.1875,48,2014,39,17.24,40.08
136868,Active,559715,NA,NA,S,2,1,83767.275,39.99,2011,24,15.89,22.43
136869,Active,595236,NA,NA,S,1,0,107707.2,28.94,2012,47,21.94,35
136870,Active,1830377,NA,NA,S,2,1,303694.35,76.99,2015,14,40.99,42.84
136871,Active,1508688,NA,NA,S,0,0,20065.8,21,2014,42,4.4,10.98
136872,Active,805338,NA,NA,S,0,0,611306.1113,55,2007,32,6.65,27.48
136873,Active,1563542,NA,NA,S,1,0,71566.85,27.99,2011,53,4.25,5.87
136874,Active,2163016,NA,NA,S,0,0,12212.075,29.95,2015,18,21.99,20.26
136875,Active,897068,NA,NA,S,3,1,285116.0725,66,2007,15,38.96,61.29
136876,Active,1627428,NA,NA,S,1,0,232729.325,24.95,2011,27,8.86,10.29
136877,Active,2103790,NA,NA,S,0,0,153343.6,24.95,2014,20,9.98,16.7
136878,Active,650705,NA,NA,S,1,0,330332.4475,47.95,2008,21,14.13,38.69
136879,Active,3603435,NA,NA,S,1,0,73011.825,35,2015,11,23.93,23.99
136880,Active,676080,NA,NA,S,0,0,53106.825,22.95,2010,32,12.66,15.53
136881,Active,1729639,NA,NA,S,0,0,156201.075,35,2014,17,24.51,25.8
136882,Active,1713727,NA,NA,S,3,1,89496.95,23.95,2008,19,22.88,26.44
136883,Active,2051143,NA,NA,S,0,0,32149,22.99,2012,21,11.22,14.03
136884,Active,3744147,NA,NA,S,0,0,84180.9,27.5,2015,23,10.73,17.05
136885,Active,1713434,NA,NA,S,0,0,162483.55,24,2015,7,18.51,18.89
136886,Active,1576576,NA,NA,S,0,0,44379.2,29.95,2013,26,18.97,22.67
136887,Active,3585226,NA,NA,S,0,0,54465.85,28,2015,40,9.84,12.06
136888,Active,3794083,NA,NA,S,0,0,13606.175,65,2016,8,42.72,45.53
136889,Active,1626209,NA,NA,S,0,0,3849.975,22.95,2015,15,19.61,16.45
136890,Active,2041554,NA,NA,S,1,0,55796.1,25,2009,62,5.98,8.77
136891,Active,719387,NA,NA,S,1,0,442170.6588,60,1998,36,10.91,10.89
136892,Active,1815283,NA,NA,S,0,0,56255.675,24.99,2015,58,4.57,5.48
136893,Active,1499035,NA,NA,S,0,0,55060.375,34.99,2012,16,23.02,22.26
136894,Active,1710905,NA,NA,S,0,0,851674.5475,79,2011,46,4,18.79
136895,Active,720750,NA,NA,S,1,0,471594.1063,74,2002,85,4,9.24
136896,Active,676043,NA,NA,S,1,0,137006.625,21.95,2010,42,4,5.94
136897,Active,172107,NA,NA,S,1,0,786488.4438,40,2005,58,4,42.55
136898,Active,688511,NA,NA,S,1,0,97980.275,28.95,2013,67,3.5,6.95
136899,Active,911066,NA,NA,S,1,0,719223.5863,24.95,2006,30,11.29,17.45
136900,Active,910142,NA,NA,S,0,0,221810.175,22,2008,14,18.41,18.69
136901,Active,663241,NA,NA,S,0,0,76419.075,34.99,2014,12,32.47,28.49
136902,Active,1603361,NA,NA,S,1,0,88620.8,73.95,2011,33,53.17,65.24
136903,Active,768141,NA,NA,S,1,0,216087.0438,115.4,2011,20,18.92,28.99
136904,Active,613152,NA,NA,S,0,0,175166.5263,121.5,2003,116,4.46,24.86
136905,Active,768104,NA,NA,S,1,0,650610.49,96.25,2010,11,18.99,27.98
136906,Active,1603455,NA,NA,S,1,0,59184.5825,66.75,2010,27,43.19,61.83
136907,Active,422331,NA,NA,S,0,0,199541.25,100.8,2007,35,5.29,80.6
136908,Active,696226,NA,NA,S,1,0,380969.325,86.1,2009,38,10.03,23.98
136909,Active,1454460,NA,NA,S,0,0,227670.2,141.75,2009,20,38.08,99.95
136910,Active,1454684,NA,NA,S,1,0,612470.4875,46.08,2009,20,4,44.77
136911,Active,709709,NA,NA,S,13,1,84539.95,38.75,2009,26,8.91,27.75
136912,Active,1603475,NA,NA,S,1,0,188213.9,67.45,2010,23,36.99,68.99
136913,Active,693038,NA,NA,S,1,0,257540.63,51.95,2007,15,27.99,42.99
136914,Active,692841,NA,NA,S,0,0,711274.2613,90.4,2007,25,9,17.99
136915,Active,618641,NA,NA,S,3,1,231895.9675,39,2002,36,15.13,37.99
136916,Active,3960760,NA,NA,S,0,0,3402,30.5,2016,18,24.73,34.02
136917,Active,696158,NA,NA,S,1,0,227804.65,90.4,2008,25,9.18,12.99
136918,Active,691213,NA,NA,S,2,1,45399.325,22.99,2012,16,15.8,17.3
136919,Active,3803226,NA,NA,S,1,0,20501.675,44.99,2015,18,28.11,27.45
136920,Active,2915200,NA,NA,S,1,0,20149.025,59.99,2013,5,48.79,48.79
136921,Active,686029,NA,NA,S,1,0,36698.55,30,2012,19,22.84,24.09
136922,Active,1639837,NA,NA,S,0,0,185446.125,22.95,2007,9,18.49,18.43
136923,Active,632171,NA,NA,S,0,0,12617.975,40,2012,34,25.93,25.9
136924,Active,2107573,NA,NA,S,0,0,196557.675,35,2014,16,21.58,21.59
136925,Active,611861,NA,NA,S,5,1,107437.1363,84.99,2013,39,46.38,92.44
136926,Active,546079,NA,NA,S,5,1,161994.8588,107.11,2013,47,43.37,122.37
136927,Active,726692,NA,NA,S,4,1,698621.9638,141.4,2000,24,7.12,72.24
136928,Active,1924388,NA,NA,S,0,0,49080.075,34,2015,11,20.89,32.65
136929,Active,161376,NA,NA,S,0,0,661949.085,18.95,2006,38,4.66,11.47
136930,Active,920430,NA,NA,S,0,0,289296.4863,25,1986,58,4,18.99
136931,Active,2111910,NA,NA,S,0,0,538850.435,19.99,2013,11,18.52,15.73
136932,Active,895754,NA,NA,S,0,0,776515.71,2707.22,1999,17,18.93,118.49
136933,Active,649803,NA,NA,S,1,0,186414.6663,155.75,2012,30,34.96,151.19
136934,Active,550848,NA,NA,S,1,0,631239.0425,184.75,2010,25,6.91,43.89
136935,Active,569500,NA,NA,S,1,0,347762.6413,227.95,1999,28,8.67,79.99
136936,Active,626614,NA,NA,S,2,1,71753.79,367.25,2013,71,15.68,65.85
136937,Active,615049,NA,NA,S,2,1,373257.8288,34.95,1995,60,4,28.98
136938,Active,900673,NA,NA,S,1,0,574414.1013,58,1984,24,9.97,115.84
136939,Active,622792,NA,NA,S,2,1,92039.735,89.99,2003,43,23.8,62.45
136940,Active,1711081,NA,NA,S,0,0,171589.825,27.95,2013,13,19.98,21.34
136941,Active,635591,NA,NA,S,0,0,84325.425,30,2013,46,6.62,8.46
136942,Active,1756681,NA,NA,S,0,0,61290.35,0,2010,7,28.99,28.99
136943,Active,1924824,NA,NA,S,0,0,2323.05,29.99,2012,12,14.41,16.96
136944,Active,1497959,NA,NA,S,1,0,99672.625,24.99,2009,19,9.35,13.48
136945,Active,2283271,NA,NA,S,2,1,584.45,0,2014,0,0,9.48
136946,Active,3014172,NA,NA,S,1,0,698840.2388,32.95,2003,25,4.88,10.98
136947,Active,908493,NA,NA,S,0,0,783140.835,79.06,2010,44,8.53,88.3
136948,Active,2270617,NA,NA,S,2,1,595421.75,72.58,1900,42,8.09,102.89
136949,Active,1555337,NA,NA,S,0,0,167235.225,44.95,2014,11,35.96,31.63
136950,Active,674442,NA,NA,S,1,0,213935.1,25,2011,49,3.3,4.45
136951,Active,1918542,NA,NA,S,3,1,3055.325,24.99,2014,18,19.94,17.07
136952,Active,3739808,NA,NA,S,0,0,80363.4,25.99,2015,13,17.28,18.01
136953,Active,1532716,NA,NA,S,0,0,84265.875,25.95,2015,28,8.46,8.97
136954,Active,1758987,NA,NA,S,0,0,237801.15,34.95,2015,18,22.24,25.26
136955,Active,2052100,NA,NA,S,2,1,162689.25,23,2010,26,12.41,22.47
136956,Active,368911,NA,NA,S,2,1,68161.2,27.95,2009,16,10.7,26.56
136957,Active,1749149,NA,NA,S,0,0,109142.9,0,2007,16,20.22,38.28
136958,Active,3960087,NA,NA,S,0,0,20050.1,35,2016,14,25.31,23.37
136959,Active,1598313,NA,NA,S,1,0,38946.3,25,2014,29,10.18,9.73
136960,Active,247914,NA,NA,S,0,0,291831.425,54,2009,36,19.45,26.49
136961,Active,2770137,NA,NA,S,0,0,501202.0988,24.99,1980,28,8.99,69.35
136962,Active,2913487,NA,NA,S,0,0,18988.45,26.99,2015,12,31.98,24.29
136963,Active,1701323,NA,NA,S,2,1,94901.75,29.95,2007,16,26.36,29.95
136964,Active,613513,NA,NA,S,1,0,201866.1,32,2007,56,4,6.82
136965,Active,2014272,NA,NA,S,1,0,96441,25.99,2014,51,5.88,10.36
136966,Active,810539,NA,NA,S,1,0,74606.82375,16,2010,34,7.78,11.4
136967,Active,791414,NA,NA,S,1,0,104358.2,24.95,2012,46,7.1,9.97
136968,Active,734147,NA,NA,S,0,0,85704.95,22.99,2008,37,5.42,12.89
136969,Active,1536328,NA,NA,S,1,0,107174.125,27.95,2014,25,13.46,11.73
136970,Active,1755440,NA,NA,S,2,1,678113.1913,21.95,2012,9,82.44,231.27
136971,Active,1856908,NA,NA,S,0,0,11658.7,24.99,2014,34,6.96,13.98
136972,Active,782612,NA,NA,S,0,0,52519.325,0,1900,7,19.94,0
136973,Active,1748967,NA,NA,S,3,1,56727.545,19.95,2013,15,14.85,14.86
136974,Active,912673,NA,NA,S,1,0,626260.8363,89.95,2013,33,5.26,37.44
136975,Active,2096791,NA,NA,S,0,0,21521.575,29.95,2014,13,21.69,18.55
136976,Active,777858,NA,NA,S,0,0,52547.225,24.99,2008,12,11.62,15.37
136977,Active,529119,NA,NA,S,0,0,5127.28875,4,1995,163,4,3.6
136978,Active,1687548,NA,NA,S,0,0,33870,22.95,2007,43,14.33,14.98
136979,Active,610020,NA,NA,S,1,0,42165.775,24.99,2010,24,12.25,16.85
136980,Active,2761660,NA,NA,S,0,0,266416.3588,54.99,2003,37,4.56,23.94
136981,Active,924461,NA,NA,S,22,1,42814.19125,59.99,2015,23,33.63,33.45
136982,Active,1757436,NA,NA,S,2,1,95970.725,24.95,2012,23,4.39,14.97
136983,Active,1697271,NA,NA,S,1,0,42460.45,25,2015,16,15.51,14.88
136984,Active,652037,NA,NA,S,0,0,677084.3475,58.95,2005,28,9.79,43.09
136985,Active,134636,NA,NA,S,2,1,441132.525,30,2007,16,32.2,29.72
136986,Active,2248963,NA,NA,S,6,1,420540.15,97.13,2007,26,29.4,104.71
136987,Active,634815,NA,NA,S,2,1,264243.7813,59.95,2007,20,18.05,53.75
136988,Active,1576125,NA,NA,S,0,0,173385.5,34.95,2007,24,21.75,26.39
136989,Active,620821,NA,NA,S,0,0,113520.825,35,2008,43,7.94,14.7
136990,Active,631578,NA,NA,S,0,0,86570.3,40,2010,18,17.6,28.5
136991,Active,802057,NA,NA,S,1,0,107728.175,57,2014,22,32.35,40.07
136992,Active,574898,NA,NA,S,1,0,113417.75,35,2012,13,26.06,26.06
136993,Active,629981,NA,NA,S,8,1,216480.5088,158,2011,42,6.24,29.9
136994,Active,2236708,NA,NA,S,0,0,48945.5,21,2010,14,28.17,19.99
136995,Active,474540,NA,NA,S,5,1,518131.5988,69,2010,39,6.49,55.83
136996,Active,1680226,NA,NA,S,0,0,15601.725,22.99,2014,17,16.4,16.32
136997,Active,1646422,NA,NA,S,16,1,194965.9113,49.95,2010,8,29.94,29.76
136998,Active,628873,NA,NA,S,3,1,685216.255,88.95,2005,41,15.74,67.18
136999,Active,612245,NA,NA,S,5,1,238857.3388,59.99,2013,30,9.75,27.87
137000,Active,111482,NA,NA,S,6,1,484068.145,102.75,2011,48,11.45,25.69
137001,Active,1441346,NA,NA,S,6,1,605397.775,0,2012,7,52.01,0
137002,Active,623353,NA,NA,S,2,1,105234.0538,62.95,2012,45,22.05,40.91
137003,Active,3751628,NA,NA,S,0,0,112160.525,30,2016,11,15.39,16.24
137004,Active,924435,NA,NA,S,7,1,19588.71125,92.42,2014,43,52.99,56.15
137005,Active,2117010,NA,NA,S,8,1,52582.875,24.99,2012,10,18.52,16.66
137006,Active,2094496,NA,NA,S,0,0,32023.125,24.99,2015,20,8.99,18.5
137007,Active,1989613,NA,NA,S,1,0,6828.55,34.99,2014,18,21.53,22.69
137008,Active,665955,NA,NA,S,0,0,587763.3088,39.95,2006,25,28.99,34.9
137009,Active,2133139,NA,NA,S,1,0,128650,49.95,2013,20,28.99,38.33
137010,Active,691250,NA,NA,S,1,0,118583.575,24.95,2010,16,17.98,59.15
137011,Active,176845,NA,NA,S,2,1,704411.1325,76.95,2002,22,4,33.98
137012,Active,583927,NA,NA,S,0,0,572713.15,21.95,2009,19,24.84,0
137013,Active,889066,NA,NA,S,0,0,357412.1413,95.01,2014,17,16.99,71.03
137014,Active,615125,NA,NA,S,1,0,584893.9338,44.95,2002,63,4,18.99
137015,Active,1861112,NA,NA,S,0,0,118682.8,23.95,2013,30,16.93,21.17
137016,Active,592105,NA,NA,S,0,0,117938.275,35.95,2008,27,11.98,24.9
137017,Active,116320,NA,NA,S,6,1,18462.64375,280.6,2010,64,51.83,124.63
137018,Active,683963,NA,NA,S,0,0,79644.65,28.95,2009,22,18.61,23.77
137019,Active,610171,NA,NA,S,4,1,77790.1875,147.95,2014,30,11.55,88.94
137020,Active,657004,NA,NA,S,0,0,241120.475,30.95,2011,19,11.68,21.54
137021,Active,914259,NA,NA,S,5,1,99540.4,37,2014,20,23.61,27.82
137022,Active,866692,NA,NA,S,11,1,45694.155,202.5,2014,73,19.99,57.49
137023,Active,2609651,NA,NA,S,0,0,654188.5113,54.99,2000,27,14.82,45.59
137024,Active,2605590,NA,NA,S,1,0,743471.1188,64.99,1996,29,10.93,41.46
137025,Active,545675,NA,NA,S,2,1,181691.5338,93.99,2012,64,15.99,28.98
137026,Active,3065680,NA,NA,S,0,0,234820.7263,43.95,2001,45,4,24.76
137027,Active,2892684,NA,NA,S,1,0,525385.3013,45,1994,48,4,9.99
137028,Active,1762072,NA,NA,S,0,0,70155.025,24.95,2014,14,26.56,24.81
137029,Active,2020773,NA,NA,S,0,0,92852.8,29.95,2013,18,26.11,28.34
137030,Active,1619721,NA,NA,S,0,0,192065.05,29.95,2013,8,29.88,27.61
137031,Active,2043188,NA,NA,S,2,1,424120.0288,29.95,2014,12,25.85,28.44
137032,Active,543812,NA,NA,S,2,1,532272.05,145.95,2013,84,4.91,21.69
137033,Active,3107348,NA,NA,S,2,1,48522.7075,24.99,2015,20,17.89,18.12
137034,Active,117242,NA,NA,S,4,1,206182.025,118,2005,43,4.94,70.53
137035,Active,3775865,NA,NA,S,1,0,271318.9,54.99,2015,43,33.98,34.97
137036,Active,3828764,NA,NA,S,6,1,428743.1,29.95,2015,5,28.98,29.25
137037,Active,923423,NA,NA,S,0,0,106912.6013,3,1997,194,3.42,2.7
137038,Active,2106719,NA,NA,S,0,0,65840.35,24.99,2014,29,6.39,12.18
137039,Active,1932470,NA,NA,S,1,0,37082.7,29.99,2013,21,15.01,19.71
137040,Active,1932619,NA,NA,S,1,0,19208.75,34.99,2015,14,21.91,22.54
137041,Active,1870214,NA,NA,S,0,0,3469,27.99,2013,14,17.13,17.13
137042,Active,676088,NA,NA,S,1,0,120057.775,27.95,2007,50,4,10.96
137043,Active,897752,NA,NA,S,2,1,777865.9313,195,1994,18,15.99,76.52
137044,Active,1706045,NA,NA,S,1,0,232194,29.95,2011,15,28.94,29.95
137045,Active,3466792,NA,NA,S,1,0,106789.1,27.99,2012,57,9.07,13.99
137046,Active,600193,NA,NA,S,1,0,118136.925,39.95,2008,17,30.98,32.73
137047,Active,3826064,NA,NA,S,0,0,71976.75,49.99,2011,19,36.99,31.48
137048,Active,2031969,NA,NA,S,0,0,122244.15,22.95,2014,26,6.49,12.46
137049,Active,3463331,NA,NA,S,6,1,117079.5713,85,2015,20,54.84,47.89
137050,Active,165131,NA,NA,S,3,1,691239.34,215,2000,17,7.86,461.52
137051,Active,678392,NA,NA,S,1,0,45645.25,29.95,2010,20,12.23,19.58
137052,Active,165230,NA,NA,S,1,0,225730.515,49.95,2001,32,16.44,37.99
137053,Active,636379,NA,NA,S,1,0,94222.95,49,2009,18,23.5,30.08
137054,Active,1781066,NA,NA,S,1,0,1734.675,35,2014,17,22.95,20.41
137055,Active,688037,NA,NA,S,0,0,136031.425,26.95,2011,11,21.56,26.95
137056,Active,634851,NA,NA,S,1,0,107523.875,40,2011,19,10.52,19.72
137057,Active,1490685,NA,NA,S,1,0,203163.875,25,2014,14,16.49,20.98
137058,Active,477598,NA,NA,S,1,0,47645.7,21.99,2010,61,5.38,16.76
137059,Active,3741593,NA,NA,S,0,0,35223.875,51.99,2013,15,32.72,35.53
137060,Active,1528095,NA,NA,S,0,0,20020.1,25,2012,38,8.84,10.63
137061,Active,3485646,NA,NA,S,0,0,125390.175,35,2014,20,27.99,30.03
137062,Active,1659278,NA,NA,S,0,0,207668.075,34.99,2007,20,12.86,22.16
137063,Active,1461816,NA,NA,S,0,0,82367.075,30,2012,30,13.92,16.43
137064,Active,1498243,NA,NA,S,0,0,10211.675,22.99,2014,36,11.68,13.88
137065,Active,1522522,NA,NA,S,4,1,431541.8838,35,2006,18,24.83,31.73
137066,Active,622810,NA,NA,S,1,0,554025.75,65,2001,25,17.73,40.67
137067,Active,2238847,NA,NA,S,5,1,98164.225,40.32,2014,9,44.99,39.42
137068,Active,263830,NA,NA,S,6,1,607657.16,29.95,2007,27,26.57,129.94
137069,Active,912469,NA,NA,S,6,1,321408.3163,29.95,2005,38,4,29.95
137070,Active,263824,NA,NA,S,6,1,470890.905,29.95,2005,35,4,40.78
137071,Active,266386,NA,NA,S,1,0,129180.225,32.95,2008,21,23.14,28.94
137072,Active,244426,NA,NA,S,4,1,94311.40625,178.95,2011,29,37.89,137.76
137073,Active,1751631,NA,NA,S,1,0,30157.45,69.95,2008,26,44.67,48.3
137074,Active,1688797,NA,NA,S,1,0,188077.425,59.99,2014,20,32.4,36.9
137075,Active,1688766,NA,NA,S,1,0,166394.225,59.99,2013,25,31.39,43.6
137076,Active,909310,NA,NA,S,0,0,626584.6888,29.95,2006,20,14.7,25.75
137077,Active,106718,NA,NA,S,2,1,28027.125,22,2009,34,12.02,14.48
137078,Active,634378,NA,NA,S,1,0,411921.8463,228,2007,36,16.34,63.99
137079,Active,619573,NA,NA,S,2,1,195842.705,116.6,2000,33,15.89,0
137080,Active,2091509,NA,NA,S,0,0,80851.55,24.95,2013,29,12.87,13.97
137081,Active,3558759,NA,NA,S,1,0,29049.525,49.95,2009,44,24.49,32.86
137082,Active,1668405,NA,NA,S,1,0,72240.675,30,2013,13,18.79,20.3
137083,Active,2017626,NA,NA,S,0,0,49797.575,21.95,2012,55,7.58,10.82
137084,Active,2043321,NA,NA,S,0,0,15454.525,22.99,2015,15,13.97,13.97
137085,Active,2170132,NA,NA,S,0,0,1272.6,22.95,2015,12,17.04,13.44
137086,Active,1758306,NA,NA,S,0,0,43049.275,21.95,2014,12,16.75,11.84
137087,Active,3058726,NA,NA,S,0,0,54703.1525,17.95,2005,148,4,8.94
137088,Active,2004733,NA,NA,S,0,0,214407.675,24.95,2010,17,7.43,8.98
137089,Active,1429124,NA,NA,S,1,0,176225.95,36.99,2007,69,4,9.1
137090,Active,629125,NA,NA,S,1,0,14093.8,40,2013,30,19.99,23.99
137091,Active,2093591,NA,NA,S,0,0,41980.225,34.95,2013,20,22.05,22.48
137092,Active,359321,NA,NA,S,1,0,144538.825,70,2001,34,14.6,42.16
137093,Active,751567,NA,NA,S,1,0,100900.9,34.99,2012,30,7.92,9.74
137094,Active,1724456,NA,NA,S,1,0,143131.825,35,2013,21,17.9,23.78
137095,Active,1466198,NA,NA,S,1,0,175939.325,34.95,2014,17,17.28,21.23
137096,Active,3503882,NA,NA,S,0,0,78146.65,28,2015,61,7.89,13.78
137097,Active,2779820,NA,NA,S,0,0,522013.03,52,1973,32,4.35,56.98
137098,Active,138858,NA,NA,S,1,0,377092.0525,60,1999,56,4.54,17.46
137099,Active,1738354,NA,NA,S,3,1,552159.9963,29.95,2008,27,12.83,21.29
137100,Active,3758293,NA,NA,S,1,0,39615.725,49.99,2015,12,39.81,44.2
137101,Active,1587130,NA,NA,S,1,0,50689.175,23.75,2008,18,16.29,23.89
137102,Active,1769104,NA,NA,S,2,1,33705.95,32.25,2013,13,27.11,28.34
137103,Active,1768397,NA,NA,S,2,1,66569.6,26.5,2013,18,10.98,20.97
137104,Active,1767853,NA,NA,S,2,1,13241.575,32.25,2013,12,26.97,29.28
137105,Active,1768654,NA,NA,S,2,1,25589.825,32.25,2013,7,33.99,33.98
137106,Active,1769105,NA,NA,S,2,1,45827.15,26.5,2013,17,14.73,21.49
137107,Active,1768050,NA,NA,S,2,1,43558.7,32.25,2013,14,25.73,30.64
137108,Active,1769069,NA,NA,S,2,1,46761.2,26.5,2013,16,16.47,25.35
137109,Active,1768512,NA,NA,S,2,1,14197.95,32.25,2013,12,22.09,30.96
137110,Active,1769025,NA,NA,S,2,1,84123.3,26.5,2013,14,18.55,26.07
137111,Active,1768682,NA,NA,S,0,0,44978.825,32.35,2013,13,26.99,28.99
137112,Active,3803585,NA,NA,S,0,0,63800.95,60,2013,55,28.19,33.98
137113,Active,3803587,NA,NA,S,0,0,19325.75,60,2015,30,9.5,35.78
137114,Active,2867433,NA,NA,S,0,0,87940.8275,25,1991,16,20.18,24.74
137115,Active,810557,NA,NA,S,1,0,106905.3,25,2010,33,6.67,14.77
137116,Active,735393,NA,NA,S,1,0,321105.4688,21.99,2010,44,8.69,14.99
137117,Active,1441504,NA,NA,S,3,1,504506.9338,202.25,2014,30,34.75,79.71
137118,Active,2924351,NA,NA,S,14,1,289307.3413,187.5,2015,26,38.94,42.44
137119,Active,1440183,NA,NA,S,12,1,815870.9413,87.55,2011,23,18.22,115
137120,Active,3468830,NA,NA,S,14,1,678769.5,165.75,2013,19,12.65,63.98
137121,Active,1440501,NA,NA,S,3,1,756115.65,200.75,2012,18,26.09,110.1
137122,Active,528466,NA,NA,S,6,1,259293.9938,277.25,2012,46,16.89,33.25
137123,Active,1440873,NA,NA,S,13,1,560370.3688,217.25,2012,24,38.98,88.99
137124,Active,1715892,NA,NA,S,0,0,179854.875,24.95,2012,11,23.86,21.2
137125,Active,2070678,NA,NA,S,1,0,18122.25,23.99,2011,20,13.56,10.98
137126,Active,2070677,NA,NA,S,0,0,61175.5,0,2011,34,12.33,0
137127,Active,1731289,NA,NA,S,1,0,117217.175,28.95,2015,15,28.93,28.91
137128,Active,1854713,NA,NA,S,0,0,784565.2763,32,2009,22,9.47,19.54
137129,Active,1943679,NA,NA,S,2,1,6740.9425,34.95,2015,26,21.5,23.9
137130,Active,525263,NA,NA,S,2,1,200887.9475,105.99,2012,42,43.79,64.89
137131,Active,622425,NA,NA,S,1,0,155187.675,123,2004,30,48.79,71.01
137132,Active,749065,NA,NA,S,1,0,452089.8775,177.81,2007,22,15.88,152.99
137133,Active,1675233,NA,NA,S,1,0,59250.825,34.99,2015,17,22.1,25.26
137134,Active,2136575,NA,NA,S,1,0,60661.075,24.95,2010,17,21.26,17.95
137135,Active,1715684,NA,NA,S,0,0,12663.825,22.95,2010,31,21.34,20.24
137136,Active,1713830,NA,NA,S,0,0,102131.575,20.95,2011,13,15.33,17.93
137137,Active,615348,NA,NA,S,1,0,202290.7788,47.5,1971,61,6.74,29.98
137138,Active,533314,NA,NA,S,9,1,52312.6875,218.95,2012,55,51.4,103.98
137139,Active,866835,NA,NA,S,4,1,34100.52625,124.4,2014,62,54.97,67.99
137140,Active,525261,NA,NA,S,2,1,792226.5,96.95,2012,24,10.11,73.92
137141,Active,626279,NA,NA,S,0,0,15353.925,50,2010,22,21.89,32.78
137142,Active,3803586,NA,NA,S,0,0,63767.825,24.95,2014,15,16.49,16.79
137143,Active,2649706,NA,NA,S,1,0,745355.3988,67.95,2004,22,18.98,40.17
137144,Active,735438,NA,NA,S,1,0,154341.25,27.99,2012,68,4,7.99
137145,Active,170437,NA,NA,S,0,0,439707.1275,34.95,2007,25,12.72,0
137146,Active,170358,NA,NA,S,0,0,545039.17,45,2003,32,4.94,48.81
137147,Active,1772534,NA,NA,S,1,0,265783.7375,76.95,2011,7,4.98,203.98
137148,Active,1826855,NA,NA,S,1,0,863872.4938,69.95,2013,10,4.99,18.24
137149,Active,2098836,NA,NA,S,2,1,359198.05,36,2013,14,23.99,32.99
137150,Active,1701445,NA,NA,S,0,0,127140.075,32.95,2011,20,23.94,29.24
137151,Active,644562,NA,NA,S,1,0,693132.1388,54.95,2012,29,11.01,31.65
137152,Active,1866750,NA,NA,S,0,0,108383.575,40,2013,25,19.43,27.25
137153,Active,922865,NA,NA,S,2,1,43946.03,24,1997,130,3,14.21
137154,Active,191523,NA,NA,S,0,0,767763.4188,45,2006,26,16,29.49
137155,Active,644655,NA,NA,S,1,0,13380.25,35,2012,20,19.98,22.35
137156,Active,1582275,NA,NA,S,0,0,101754.3,31.25,2012,16,26.83,24.79
137157,Active,1626865,NA,NA,S,0,0,49571.225,52,2011,18,17.35,28.97
137158,Active,663812,NA,NA,S,1,0,26275.575,39.99,2013,17,27.01,32.9
137159,Active,1693663,NA,NA,S,1,0,64394.05,35,2014,10,31.31,31.08
137160,Active,1433224,NA,NA,S,1,0,115644.25,27.99,2014,45,4,12.75
137161,Active,3606778,NA,NA,S,0,0,543867.75,41.95,1987,66,12.49,51.48
137162,Active,2079611,NA,NA,S,0,0,16011.175,24,2012,29,9.92,14.18
137163,Active,1557945,NA,NA,S,1,0,207053.675,44.95,2014,13,31.94,34.98
137164,Active,652531,NA,NA,S,0,0,43555.925,37.5,2012,15,18.32,18.33
137165,Active,3790548,NA,NA,S,0,0,74311.2,60,2016,15,34.88,31.73
137166,Active,1688272,NA,NA,S,0,0,32875.925,29.95,2009,22,18.09,21.7
137167,Active,1929338,NA,NA,S,0,0,34935.975,24.99,2014,9,22.25,18.08
137168,Active,1938412,NA,NA,S,0,0,173084.7,30,2012,59,4.87,6.93
137169,Active,3960296,NA,NA,S,0,0,109959.475,24.95,2015,17,17.12,16.78
137170,Active,2455906,NA,NA,S,0,0,742317.505,53,1999,45,7.4,37.75
137171,Active,681639,NA,NA,S,0,0,192836.9,29.99,2012,18,21.82,22.88
137172,Active,601646,NA,NA,S,0,0,333611.6738,57,2011,28,7.96,32.41
137173,Active,573975,NA,NA,S,0,0,481820.4538,43.95,2009,25,12.98,23.97
137174,Active,184448,NA,NA,S,1,0,96644.8875,60.95,2003,24,20.62,38.15
137175,Active,1762167,NA,NA,S,1,0,53689.975,34.99,2014,12,23.96,29.62
137176,Active,2892916,NA,NA,S,2,1,301340.0175,18.95,2000,46,4,12.93
137177,Active,1781234,NA,NA,S,3,1,13202.61625,24.99,2015,16,15.72,16.77
137178,Active,755090,NA,NA,S,1,0,659142.1375,24.99,2007,49,5.13,31.98
137179,Active,2582839,NA,NA,S,0,0,418233.1175,21.95,2005,29,6.97,15.96
137180,Active,3119085,NA,NA,S,0,0,538111.3438,42.95,1998,32,6.75,19.94
137181,Active,3818095,NA,NA,S,0,0,508589.4,42.95,1998,55,17.64,31.93
137182,Active,660441,NA,NA,S,1,0,740166.8575,46.95,2007,26,13.8,33.48
137183,Active,573299,NA,NA,S,0,0,142936.75,31,2007,58,4.14,16.98
137184,Active,1709766,NA,NA,S,0,0,188151.15,24.95,2014,16,18.94,17.83
137185,Active,1938858,NA,NA,S,0,0,205591.25,29,2013,9,22.82,23.19
137186,Active,1668864,NA,NA,S,11,1,742439.175,14.95,2011,25,3.99,12.36
137187,Active,2137127,NA,NA,S,0,0,634731.4888,45,2014,31,13,21.1
137188,Active,626417,NA,NA,S,3,1,184778.4,44.6,2005,22,4,15.96
137189,Active,867740,NA,NA,S,4,1,567671.135,74.95,2013,61,4,7.96
137190,Active,624694,NA,NA,S,9,1,192600.3725,74.95,2012,47,4,24.54
137191,Active,867203,NA,NA,S,9,1,367092.0938,74.95,2013,54,4.85,21.77
137192,Active,1517952,NA,NA,S,3,1,664575.4425,58.95,2007,19,4,6.59
137193,Active,620227,NA,NA,S,1,0,43588.525,39.99,2012,33,14.49,18.94
137194,Active,3814206,NA,NA,S,0,0,111073.9,24.95,2007,35,6.77,15.08
137195,Active,885819,NA,NA,S,0,0,100953.8763,47.99,2011,23,22.93,19.4
137196,Active,920438,NA,NA,S,1,0,430683.5688,50.25,2011,26,43.43,47.23
137197,Active,868672,NA,NA,S,4,1,80776.61125,115,2014,39,23.21,88.48
137198,Active,3141036,NA,NA,S,0,0,408968.5325,19.95,2005,26,8.84,45.83
137199,Active,2649882,NA,NA,S,1,0,587215.4888,109.95,1993,34,4.55,31.61
137200,Active,607477,NA,NA,S,5,1,175470.4663,110,2008,47,13.98,56.19
137201,Active,2432207,NA,NA,S,3,1,102031,493.97,2016,18,41.46,91.49
137202,Active,2393942,NA,NA,S,0,0,191556.2388,18,1993,107,4,12.9
137203,Active,898739,NA,NA,S,0,0,103561.5938,29.95,2014,23,20.51,26
137204,Active,3805053,NA,NA,S,5,1,32837.875,0,2016,17,42.19,73.99
137205,Active,618929,NA,NA,S,4,1,50397.375,26.97,2012,30,5.98,27.7
137206,Active,2096726,NA,NA,S,4,1,221334.65,0,2012,17,23.9,33.99
137207,Active,1517446,NA,NA,S,1,0,332482.7325,95,2014,25,34.54,78.99
137208,Active,2130275,NA,NA,S,0,0,141999.3,60,2013,7,37.08,36.99
137209,Active,119964,NA,NA,S,1,0,605973.5513,76,1996,38,4,110.95
137210,Active,1900615,NA,NA,S,3,1,313680.8163,34.99,2010,30,6.87,18.26
137211,Active,633843,NA,NA,S,1,0,564221.5775,44.99,2012,92,11.18,15.98
137212,Active,1543521,NA,NA,S,0,0,193664.35,59.95,2012,27,20.66,42.04
137213,Active,635929,NA,NA,S,0,0,229668.6838,50,2011,39,17.88,31.91
137214,Active,199464,NA,NA,S,1,0,237025.4613,85,1999,24,24.23,39.2
137215,Active,689094,NA,NA,S,0,0,121599.03,26.95,2012,33,15.15,0
137216,Active,1517576,NA,NA,S,1,0,112085.3,39.99,2014,16,25.92,25.6
137217,Active,2150058,NA,NA,S,0,0,159988.275,40,2013,16,9.84,23.94
137218,Active,2162364,NA,NA,S,1,0,95973.125,22.5,2009,16,12.57,19.47
137219,Active,644433,NA,NA,S,1,0,68798.325,65,2013,29,39.15,38.04
137220,Active,691477,NA,NA,S,3,1,2318.025,24.95,2007,15,16.91,19.24
137221,Active,864513,NA,NA,S,0,0,108008.025,29.95,2014,19,12.29,12.99
137222,Active,682590,NA,NA,S,1,0,66756.275,29.95,2012,23,19.62,19.86
137223,Active,582007,NA,NA,S,0,0,294384.2163,27.95,2000,40,4.93,39.48
137224,Active,678897,NA,NA,S,1,0,38249.075,29.95,2010,42,14.92,18.75
137225,Active,685358,NA,NA,S,0,0,64449.95,26.99,2012,24,11.73,18.7
137226,Active,635671,NA,NA,S,1,0,88549.125,44.99,2012,25,24.04,29.95
137227,Active,547249,NA,NA,S,2,1,170816.58,52.5,2011,39,41.98,70.89
137228,Active,681834,NA,NA,S,1,0,66567.475,29.95,2011,17,19.65,19.65
137229,Active,679763,NA,NA,S,0,0,145923.525,24.95,2012,16,17.5,17.49
137230,Active,633327,NA,NA,S,1,0,23813.8,49.95,2008,14,41.83,33.59
137231,Active,2089197,NA,NA,S,1,0,73794.75,26.95,2013,10,31.25,26.95
137232,Active,904373,NA,NA,S,1,0,641394.0575,154.99,2011,18,15.69,25.39
137233,Active,610597,NA,NA,S,0,0,38512.4,79.95,2014,13,58.81,70.69
137234,Active,3624049,NA,NA,S,0,0,199808.975,29.95,2015,9,37.92,29.95
137235,Active,166902,NA,NA,S,1,0,185065.25,184.75,2008,66,7.55,108.95
137236,Active,543937,NA,NA,S,4,1,8171.92875,157,2013,59,40.47,101.08
137237,Active,2270852,NA,NA,S,3,1,353902.925,107,1900,38,33.99,83.49
137238,Active,880541,NA,NA,S,3,1,164414.305,116.75,2014,27,47.69,82.97
137239,Active,871626,NA,NA,S,4,1,102972.2338,159,2015,62,5.54,26.23
137240,Active,656266,NA,NA,S,1,0,427554.1125,111.25,2008,22,26.97,83.69
137241,Active,911728,NA,NA,S,1,0,44425.075,29.95,2013,19,18.7,22.99
137242,Active,2161705,NA,NA,S,0,0,31131.95,29.95,2008,25,23.24,23.29
137243,Active,1749557,NA,NA,S,1,0,164470.975,29.95,2007,25,22.44,29.95
137244,Active,3802771,NA,NA,S,1,0,230276.025,24.95,2011,36,12.49,14.61
137245,Active,1630906,NA,NA,S,0,0,64238.625,49.95,2014,17,26.45,33.83
137246,Active,646902,NA,NA,S,0,0,60376.125,69.95,2013,23,26.83,31.31
137247,Active,2170892,NA,NA,S,0,0,83465.125,39.95,2013,18,31.53,25.41
137248,Active,2097849,NA,NA,S,3,1,31083.525,0,2015,15,29.89,92.87
137249,Active,633198,NA,NA,S,0,0,162905.025,124.99,2011,21,9.73,186.2
137250,Active,637874,NA,NA,S,1,0,13584.925,39.95,2011,17,25.99,25.13
137251,Active,2170907,NA,NA,S,0,0,299980.42,48.95,2013,38,11.82,34.31
137252,Active,2655753,NA,NA,S,4,1,378702.8825,22.4,2005,31,17.27,23.96
137253,Active,859333,NA,NA,S,4,1,36031.21625,28.9,2005,42,7.93,21.99
137254,Active,1758789,NA,NA,S,1,0,39726.725,34.95,2013,22,17.93,24.13
137255,Active,816414,NA,NA,S,3,1,40734.76125,13.25,1995,80,4,8.48
137256,Active,1752665,NA,NA,S,0,0,61520.65,34.95,2010,35,14.33,18.98
137257,Active,525240,NA,NA,S,2,1,45319.21125,34.2,2010,38,17.47,22.49
137258,Active,1982588,NA,NA,S,0,0,69330.35,26.95,2014,13,23.88,23.72
137259,Active,1449242,NA,NA,S,1,0,54150.25,45.32,2007,37,14.45,29.97
137260,Active,872060,NA,NA,S,0,0,372424.3838,328.97,2002,18,15.89,53.99
137261,Active,3097466,NA,NA,S,0,0,838311.845,59.95,2004,29,8.52,33.93
137262,Active,665184,NA,NA,S,1,0,23371.75,35.95,2012,12,27.39,35.95
137263,Active,680298,NA,NA,S,0,0,16081.55,24.95,2008,24,15.89,15.96
137264,Active,1640867,NA,NA,S,0,0,95364.975,34.99,2013,7,22.93,23
137265,Active,3798066,NA,NA,S,0,0,83867.125,27.95,2013,40,11.97,18.99
137266,Active,3944502,NA,NA,S,0,0,202434.35,65,2015,13,44.75,46.88
137267,Active,3828926,NA,NA,S,0,0,85459.925,24.95,2012,41,9.95,15.98
137268,Active,2054674,NA,NA,S,2,1,211711,29.99,2008,22,10.44,21.17
137269,Active,679422,NA,NA,S,0,0,38349.025,23.95,2013,28,13.98,18.09
137270,Active,2156898,NA,NA,S,0,0,80039.475,26.95,2011,17,19.83,21
137271,Active,2901605,NA,NA,S,0,0,569749.2625,15,2002,90,4,16.53
137272,Active,126464,NA,NA,S,1,0,711226.0138,45,2004,48,4,26.02
137273,Active,127430,NA,NA,S,1,0,113813.6,44.95,2009,19,33.99,38.01
137274,Active,1946399,NA,NA,S,1,0,55701.6,23,2014,6,20.98,20.37
137275,Active,1677930,NA,NA,S,0,0,234130.725,52.95,2015,11,49.21,45.04
137276,Active,859973,NA,NA,S,4,1,19329.8,37.32,2009,17,21.54,33.63
137277,Active,2366699,NA,NA,S,2,1,592498.44,16.46,1993,29,4,12.5
137278,Active,654066,NA,NA,S,6,1,126261.94,282.95,2013,29,47.9,163.99
137279,Active,189878,NA,NA,S,0,0,615804.9838,35,2004,32,8.57,15.98
137280,Active,2842755,NA,NA,S,0,0,588217.575,79.95,2001,28,18.84,113.15
137281,Active,1723205,NA,NA,S,0,0,55551.45,49.95,2010,18,31.49,31.63
137282,Active,1634408,NA,NA,S,1,0,83461.675,26.95,2009,34,5.84,14.62
137283,Active,1737830,NA,NA,S,0,0,123404.675,34.95,2008,14,25.52,23.79
137284,Active,1735350,NA,NA,S,1,0,120650.7,38.95,2008,16,0,26.69
137285,Active,559616,NA,NA,S,0,0,109819.825,21,2008,48,8.03,7.98
137286,Active,544390,NA,NA,S,3,1,113307.7075,269.95,2012,55,18.99,102.67
137287,Active,1590308,NA,NA,S,1,0,195594.2,29.99,2008,16,27.98,29.99
137288,Active,741811,NA,NA,S,5,1,13057.925,0,2008,9,4.07,6.73
137289,Active,1720054,NA,NA,S,1,0,126815.225,54.95,2010,19,7.88,97.6
137290,Active,525227,NA,NA,S,3,1,385757.0188,223.95,2005,38,7.18,78.96
137291,Active,2086021,NA,NA,S,0,0,56350.3,77.99,2013,16,44.18,43.52
137292,Active,2010276,NA,NA,S,0,0,102045.35,29.95,2008,22,14.94,20.27
137293,Active,2010329,NA,NA,S,1,0,64119.625,29.95,2011,19,18.82,21.58
137294,Active,2010275,NA,NA,S,0,0,52274.25,29.95,2008,43,7.79,18.64
137295,Active,1768336,NA,NA,S,0,0,78926.75,34.99,2014,15,36.51,31.75
137296,Active,173723,NA,NA,S,0,0,503488.3813,49.99,2003,32,7.59,45.82
137297,Active,2792123,NA,NA,S,1,0,688400.365,30,1995,48,4,68.98
137298,Active,1630874,NA,NA,S,0,0,63858.725,79.95,2014,20,41.98,48.98
137299,Active,1918412,NA,NA,S,0,0,37635.075,24.99,2013,15,10.23,16.84
137300,Active,639361,NA,NA,S,0,0,105040.9,62.95,2007,21,26.98,40.94
137301,Active,610082,NA,NA,S,2,1,47896.97125,61.95,2013,68,7.74,43.87
137302,Active,2014314,NA,NA,S,0,0,68171.075,26.99,2015,18,13.96,16.98
137303,Active,3484413,NA,NA,S,1,0,55412.85,44.95,2015,24,23.69,35.86
137304,Active,3526753,NA,NA,S,0,0,62170.525,29.95,2010,20,21.84,21.19
137305,Active,2085072,NA,NA,S,1,0,174493.65,26.99,2012,37,4,10.24
137306,Active,2055557,NA,NA,S,0,0,82895.875,22.95,2007,21,4.48,7.74
137307,Active,572809,NA,NA,S,1,0,218770.125,24.95,2008,33,5.23,13.94
137308,Active,1487980,NA,NA,S,0,0,33493.825,32.95,2014,16,20.94,23.75
137309,Active,2039150,NA,NA,S,3,1,45224.6,21.95,2013,21,11.39,14.41
137310,Active,1937342,NA,NA,S,1,0,14615.1,26,2014,63,6.04,7.74
137311,Active,1705475,NA,NA,S,0,0,76695.175,26,2015,12,17.98,17.66
137312,Active,673936,NA,NA,S,2,1,15366.55,24.95,2010,13,23.94,22.99
137313,Active,3602893,NA,NA,S,0,0,22217.225,40,2012,23,21.05,26.78
137314,Active,224729,NA,NA,S,6,1,239992.905,77.95,2011,54,13.13,51.49
137315,Active,169830,NA,NA,S,4,1,593225.9438,71.95,2011,46,13.04,46.81
137316,Active,1783986,NA,NA,S,0,0,91902.45,27,2014,22,9.82,9.98
137317,Active,3803659,NA,NA,S,1,0,57818.825,23.95,2014,17,21.42,23.95
137318,Active,482463,NA,NA,S,2,1,132238.475,24.95,2012,20,16.98,19.57
137319,Active,1563830,NA,NA,S,1,0,52269.625,22,2007,57,4.06,10.98
137320,Active,2160182,NA,NA,S,0,0,18468.95,24.95,2010,35,11.57,18.98
137321,Active,2023980,NA,NA,S,3,1,26355.625,21.95,2009,22,15.54,21.95
137322,Active,1595425,NA,NA,S,1,0,44546,26.95,2013,30,7.52,16.96
137323,Active,1532272,NA,NA,S,0,0,38260.5,21,2013,20,14.38,14.73
137324,Active,2771789,NA,NA,S,0,0,346340.3675,14.95,1976,38,9.1,66.15
137325,Active,525220,NA,NA,S,0,0,93273.8,30,2011,23,16.17,20.93
137326,Active,1953962,NA,NA,S,0,0,156157.05,34.99,2014,16,24.63,24.64
137327,Active,2147733,NA,NA,S,0,0,52508.2,25,2012,10,19.72,16.86
137328,Active,1715910,NA,NA,S,0,0,230148.65,22.95,2012,17,13.9,16.88
137329,Active,592878,NA,NA,S,0,0,93550.425,60,2010,16,34.86,34.68
137330,Active,1626326,NA,NA,S,0,0,16257.4,23,2007,59,6.95,12.74
137331,Active,3800058,NA,NA,S,1,0,86259.875,28.99,2013,29,17.8,20.76
137332,Active,2077624,NA,NA,S,1,0,522396.6375,28.99,2013,23,22.35,53.98
137333,Active,3800051,NA,NA,S,1,0,298854.05,49.99,2012,37,32.6,34.92
137334,Active,3800046,NA,NA,S,0,0,158892.95,49.99,2011,11,25.81,27.17
137335,Active,3800049,NA,NA,S,1,0,52838.1,29.99,2012,18,19.96,21.45
137336,Active,186471,NA,NA,S,0,0,252931.5938,27.5,2006,19,14.49,18.05
137337,Active,665299,NA,NA,S,0,0,99904.255,44.95,2012,40,21.95,32.89
137338,Active,2101604,NA,NA,S,0,0,9905.975,26.99,2015,13,17.45,16.61
137339,Active,2014282,NA,NA,S,0,0,31155.925,28.99,2015,17,16,16.98
137340,Active,684196,NA,NA,S,0,0,77684.18,27,2012,12,18.98,19.42
137341,Active,863092,NA,NA,S,0,0,222270.4275,44.99,2003,32,16.75,31
137342,Active,3741204,NA,NA,S,3,1,9427.575,39,2016,17,32.67,30.94
137343,Active,3118413,NA,NA,S,0,0,16687.8375,7.99,1997,163,4,3.95
137344,Active,1693322,NA,NA,S,1,0,104758.325,22.95,2009,23,9.72,16.54
137345,Active,2407463,NA,NA,S,1,0,528195.0463,74,1996,45,9.72,28.99
137346,Active,674801,NA,NA,S,1,0,243119.725,24.95,2009,35,4,9.33
137347,Active,683467,NA,NA,S,0,0,82538.1,24.95,2007,14,18.56,14.77
137348,Active,128764,NA,NA,S,1,0,184073.8625,33.95,2008,25,11.99,26.78
137349,Active,1477417,NA,NA,S,0,0,256221.4038,39.95,2013,18,29.4,30.95
137350,Active,125712,NA,NA,S,0,0,324560.355,45,1995,26,13.67,25.54
137351,Active,805579,NA,NA,S,0,0,135961.4,24.99,2011,21,6.98,8.98
137352,Active,686406,NA,NA,S,0,0,103660.8,30,2009,21,17.92,27.21
137353,Active,2407360,NA,NA,S,0,0,558055.955,50,1994,54,4,28.8
137354,Active,1684394,NA,NA,S,0,0,65259.025,24.99,2014,17,10.24,15.91
137355,Active,1662510,NA,NA,S,0,0,155661.975,33.32,2012,11,22.32,23.95
137356,Active,2141124,NA,NA,S,0,0,93790.925,23.95,2009,12,18.46,17.59
137357,Active,1713900,NA,NA,S,0,0,127242.925,24.95,2012,18,17.31,17.43
137358,Active,1527016,NA,NA,S,0,0,98711.325,30,2014,39,7.79,10.71
137359,Active,647041,NA,NA,S,0,0,105332.975,90,2012,24,36.9,46.72
137360,Active,699344,NA,NA,S,9,1,603936.25,43.99,2012,28,13.09,50.99
137361,Active,629952,NA,NA,S,9,1,239677.0963,187.01,2011,21,18.63,347.43
137362,Active,2265478,NA,NA,S,9,1,434948.075,103.89,1900,26,29.74,78.21
137363,Active,687251,NA,NA,S,0,0,144750.15,21.95,2013,23,19.53,22.18
137364,Active,3960077,NA,NA,S,1,0,8665.15,29.99,2015,20,17.56,17.15
137365,Active,2373141,NA,NA,S,4,1,487609.2213,92,1999,28,4.71,53.83
137366,Active,2099545,NA,NA,S,0,0,174706.425,24.99,2015,17,14.95,16.45
137367,Active,1918299,NA,NA,S,49,1,227921.015,29.99,2015,47,4.8,13.97
137368,Active,1918255,NA,NA,S,0,0,67779.4,26.99,2014,12,16.53,19.55
137369,Active,1918258,NA,NA,S,6,1,45642.875,27.99,2014,9,19.41,20.21
137370,Active,249407,NA,NA,S,1,0,15377.925,24.95,2008,50,6.63,13.76
137371,Active,696060,NA,NA,S,1,0,169556.425,38.25,2008,29,4.95,20.96
137372,Active,543597,NA,NA,S,1,0,35924,22.95,2010,47,16,18.6
137373,Active,1480463,NA,NA,S,1,0,180604.25,24.95,2014,16,10.49,22.86
137374,Active,889146,NA,NA,S,0,0,1586.93875,39.99,2015,24,19.95,24.38
137375,Active,1677029,NA,NA,S,1,0,108861.875,27.99,2010,38,4.77,17.68
137376,Active,3731795,NA,NA,S,0,0,142631,30,2008,38,7.98,18.45
137377,Active,3466988,NA,NA,S,0,0,6582.775,27.99,2016,29,17.98,16.98
137378,Active,660647,NA,NA,S,0,0,52734.575,36.99,2013,6,23.98,25.74
137379,Active,284707,NA,NA,S,0,0,85071.0175,6.99,2007,94,3.88,5.59
137380,Active,1536441,NA,NA,S,1,0,87162.2,27.95,2014,19,4,13.18
137381,Active,184907,NA,NA,S,0,0,119848.85,30,2011,29,13.8,20.79
137382,Active,1461708,NA,NA,S,0,0,1501.8,21,2011,31,12.18,12.49
137383,Active,3758332,NA,NA,S,1,0,84451.625,24.99,2015,16,16.44,17.32
137384,Active,690053,NA,NA,S,6,1,14793.075,22.95,2013,21,15.47,16.71
137385,Active,2048377,NA,NA,S,2,1,128604,24.95,2014,12,21.87,19.04
137386,Active,3960024,NA,NA,S,0,0,4139.625,28,2016,17,18.85,18.84
137387,Active,1762995,NA,NA,S,0,0,136198.4,30,2015,23,7.01,18.36
137388,Active,1697142,NA,NA,S,0,0,148890.775,34.99,2014,17,15.62,25.99
137389,Active,269848,NA,NA,S,4,1,164027.9763,21.95,2006,45,5.13,42.99
137390,Active,267111,NA,NA,S,15,1,121899.7,28.95,2007,16,17.76,26.12
137391,Active,1924252,NA,NA,S,3,1,356510.5563,17.95,2011,42,4,16.42
137392,Active,2138241,NA,NA,S,0,0,112468.8025,18.95,2008,72,4.18,7.98
137393,Active,244838,NA,NA,S,0,0,437532.9075,99.99,2005,47,28.98,54.47
137394,Active,1494229,NA,NA,S,0,0,104855.175,28.5,2014,21,16.97,25.48
137395,Active,909127,NA,NA,S,3,1,428594.7788,125,2014,37,14.09,71.77
137396,Active,620982,NA,NA,S,1,0,265260.8763,221.95,1980,47,35.24,89.77
137397,Active,1908567,NA,NA,S,0,0,120534.15,49.95,2008,10,47.81,46.74
137398,Active,916096,NA,NA,S,0,0,14022.975,24,2010,30,12.43,12.43
137399,Active,2043714,NA,NA,S,0,0,56645.25,22.99,2011,31,9.18,13.43
137400,Active,627792,NA,NA,S,4,1,494827.61,514.55,1991,32,8.49,70.77
137401,Active,1619493,NA,NA,S,1,0,106697.1,24.95,2013,11,26.96,24.49
137402,Active,2225567,NA,NA,S,8,1,270525.9075,50.34,2011,10,24.99,45.8
137403,Active,3795632,NA,NA,S,5,1,231738.875,0,2006,20,22.49,23.22
137404,Active,2060030,NA,NA,S,0,0,68667.525,29.99,2009,27,17.26,17.95
137405,Active,684544,NA,NA,S,0,0,109375.575,24.99,2009,18,11.44,18.1
137406,Active,1716608,NA,NA,S,0,0,27428.75,35,2012,20,21.98,23.71
137407,Active,750267,NA,NA,S,1,0,30936.325,24.99,2008,42,10.95,12.98
137408,Active,1938560,NA,NA,S,0,0,61875.15,27.5,2013,25,12.4,16.99
137409,Active,2113970,NA,NA,S,0,0,56575.2,25,2014,17,17.86,18.13
137410,Active,1433972,NA,NA,S,0,0,79257.89875,35,2015,48,12.42,21.37
137411,Active,1716687,NA,NA,S,0,0,137010,24.95,2008,17,13.89,16.37
137412,Active,679893,NA,NA,S,1,0,55136.45,24.95,2011,15,10.25,12.8
137413,Active,3629799,NA,NA,S,2,1,306330.4,59.99,2014,13,46.43,39.97
137414,Active,643845,NA,NA,S,1,0,81586.2,79,2010,24,47.78,65.12
137415,Active,1918399,NA,NA,S,0,0,173310.4,24.99,2012,25,8.99,11.98
137416,Active,1696018,NA,NA,S,0,0,97583.55,22,2014,18,9.94,12.49
137417,Active,680221,NA,NA,S,0,0,156995.8,22.95,2007,45,5.52,9.99
137418,Active,628834,NA,NA,S,0,0,59612.025,35,2007,16,18.98,22.7
137419,Active,1964539,NA,NA,S,0,0,34687.35,39.95,2014,20,24.99,28.06
137420,Active,131898,NA,NA,S,0,0,298049.9,68.2,2004,29,14.12,75.8
137421,Active,635743,NA,NA,S,1,0,272410.17,153,2011,36,4.42,0
137422,Active,1625851,NA,NA,S,0,0,177133.7,22,2011,22,23.82,21.97
137423,Active,1719912,NA,NA,S,0,0,161949.3,34.95,2013,16,21.92,26.91
137424,Active,1924838,NA,NA,S,0,0,877360.9575,49.99,2014,19,9.07,26.98
137425,Active,1705430,NA,NA,S,1,0,102046.575,30,2014,24,8.58,17.49
137426,Active,687897,NA,NA,S,1,0,72073.525,29.95,2013,17,21.72,21.7
137427,Active,1701507,NA,NA,S,0,0,158594.4,24.95,2012,22,16.93,23.55
137428,Active,3541744,NA,NA,S,0,0,50258.05,27,2015,53,4,9.85
137429,Active,2101568,NA,NA,S,0,0,108593.25,24.99,2014,26,4,6.47
137430,Active,879602,NA,NA,S,10,1,13685.2675,136.25,2014,52,34.62,102.93
137431,Active,1748534,NA,NA,S,1,0,70546.3,24.95,2007,19,20.12,20.13
137432,Active,879601,NA,NA,S,10,1,1835.135,97.25,2014,77,51.98,62.69
137433,Active,2251051,NA,NA,S,0,0,210518.4,0,2007,11,14.98,28.99
137434,Active,573054,NA,NA,S,0,0,314589.3963,34,2000,26,14.74,28.57
137435,Active,905270,NA,NA,S,0,0,301625.2,23,2014,19,18.84,21.24
137436,Active,572568,NA,NA,S,1,0,592546.5775,67.95,2002,29,7.66,50.23
137437,Active,129328,NA,NA,S,1,0,121532.4125,44.95,2010,23,16.99,29.3
137438,Active,1431576,NA,NA,S,0,0,46874.75,24.99,2015,14,16.85,16.85
137439,Active,696487,NA,NA,S,4,1,712569.0138,29.95,1997,62,4,15.27
137440,Active,1494326,NA,NA,S,1,0,200491.45,37.5,2012,25,23.94,27.54
137441,Active,3796883,NA,NA,S,0,0,115870.775,22.95,2010,48,12.23,14.47
137442,Active,871513,NA,NA,S,4,1,88686.50125,52.95,2015,17,23.17,43.5
137443,Active,2099538,NA,NA,S,0,0,37393.2,24.99,2015,9,17.04,16.51
137444,Active,162124,NA,NA,S,1,0,53990.4,29.99,2007,65,5.1,39.34
137445,Active,639835,NA,NA,S,1,0,107817.775,50,2012,14,11.43,6.35
137446,Active,639892,NA,NA,S,1,0,72913.25,40,2011,22,9.98,25.73
137447,Active,610168,NA,NA,S,1,0,257170.3238,89.95,2013,14,42.29,58.94
137448,Active,681641,NA,NA,S,3,1,265843.8375,29.99,2012,39,4,4.91
137449,Active,181920,NA,NA,S,3,1,742884.3938,39.99,2006,121,4,12.94
137450,Active,658170,NA,NA,S,1,0,72287.425,39.99,2012,27,16.33,16.96
137451,Active,525195,NA,NA,S,2,1,732609.5775,44.95,2001,40,4.13,23.99
137452,Active,1989675,NA,NA,S,1,0,40941,29.99,2014,19,16.12,18.75
137453,Active,677026,NA,NA,S,0,0,86888.475,30.95,2008,58,4,11.28
137454,Active,540271,NA,NA,S,2,1,378412.8013,39.95,2012,27,18.62,26.32
137455,Active,3613511,NA,NA,S,0,0,144137.125,29.95,2012,22,4.87,19.91
137456,Active,2635254,NA,NA,S,2,1,619638.5588,49.99,2002,57,4,23.77
137457,Active,251109,NA,NA,S,1,0,394701.865,158.95,2008,41,5.72,48.49
137458,Active,525194,NA,NA,S,3,1,45591.875,30,2009,60,4.01,18.97
137459,Active,1531974,NA,NA,S,0,0,5561.275,24.95,2013,58,5.06,13.42
137460,Active,1531972,NA,NA,S,1,0,15138.525,21.99,2012,36,6.38,17.9
137461,Active,1517103,NA,NA,S,1,0,69176.625,49.99,2013,18,27.19,31.28
137462,Active,3797026,NA,NA,S,5,1,86697.6,8.99,2015,13,10.6,8.99
137463,Active,100877,NA,NA,S,4,1,39526.8925,24.99,1999,173,4,5.98
137464,Active,1598389,NA,NA,S,5,1,23099.45,25.95,2014,21,15.13,17.74
137465,Active,547924,NA,NA,S,0,0,184786.1225,22.99,1999,50,4.76,0
137466,Active,541704,NA,NA,S,5,1,529291.0725,16.99,2009,28,6.72,66.39
137467,Active,1778609,NA,NA,S,3,1,70187.055,22.99,2012,47,6.48,15.97
137468,Active,1491131,NA,NA,S,0,0,67684.625,26.95,2011,16,16.34,16.49
137469,Active,2026966,NA,NA,S,0,0,66748.825,27.5,2010,36,9.21,12.08
137470,Active,2098188,NA,NA,S,1,0,133057.5,27.95,2015,20,14.15,18.58
137471,Active,1483731,NA,NA,S,0,0,122281.625,35,2014,18,24.26,26.46
137472,Active,1713717,NA,NA,S,0,0,48161.55,40.95,2009,18,33.07,33.21
137473,Active,1660587,NA,NA,S,1,0,218180.4,29.99,2009,17,18.84,20.33
137474,Active,2093555,NA,NA,S,0,0,10609.55,29.95,2011,37,13.78,19.63
137475,Active,2093592,NA,NA,S,0,0,46045.975,29.95,2013,21,20.61,22.59
137476,Active,1778806,NA,NA,S,1,0,10813.575,29.99,2013,20,14.65,15.97
137477,Active,682558,NA,NA,S,1,0,23156.5,27.5,2012,29,11.99,16.14
137478,Active,686550,NA,NA,S,0,0,30070.1,29.99,2013,29,13.94,15.97
137479,Active,864019,NA,NA,S,1,0,87727.125,29.95,2011,21,20.54,22.53
137480,Active,690312,NA,NA,S,4,1,187838.4,22.95,2008,21,4.96,16.29
137481,Active,1778311,NA,NA,S,2,1,22527.225,22.99,2012,24,13.72,15.22
137482,Active,1780971,NA,NA,S,4,1,65333.855,22.99,2014,17,12.78,12.79
137483,Active,55050,NA,NA,S,10,1,111220.9325,95.95,2011,96,23.99,59.04
137484,Active,3624717,NA,NA,S,0,0,76278.225,59.99,2016,14,49.16,53.97
137485,Active,1718768,NA,NA,S,0,0,82361.025,21.95,2009,12,16.93,17.88
137486,Active,911582,NA,NA,S,0,0,94479.525,27.95,2013,20,19.49,18.97
137487,Active,1866692,NA,NA,S,1,0,51152.325,29.95,2012,42,8.31,13.96
137488,Active,1877235,NA,NA,S,0,0,21938.2,23.95,2012,12,11.48,17.27
137489,Active,2151803,NA,NA,S,0,0,31455.425,24.95,2014,14,21.28,19.18
137490,Active,1713889,NA,NA,S,0,0,179054.05,24.95,2011,24,10.44,23.98
137491,Active,1433897,NA,NA,S,1,0,98872.45,25.99,2015,36,5.24,9.98
137492,Active,252026,NA,NA,S,3,1,179359.9363,216.95,2009,45,19.34,62.71
137493,Active,2253358,NA,NA,S,3,1,555744.9,123.19,2008,44,14.67,49.67
137494,Active,1876887,NA,NA,S,0,0,33384.65,24,2014,32,4.4,14.93
137495,Active,596495,NA,NA,S,0,0,76020.57375,19.95,2007,41,7.28,12.92
137496,Active,681710,NA,NA,S,1,0,17425.875,24.99,2010,28,15.55,16.48
137497,Active,868065,NA,NA,S,3,1,599173.3825,89.33,2003,25,16.87,68.34
137498,Active,635027,NA,NA,S,4,1,530677.0825,130.75,2010,38,11.73,71.74
137499,Active,370529,NA,NA,S,4,1,136471.575,29,2009,14,33.98,29
137500,Active,3595301,NA,NA,S,0,0,212340.15,0,2014,8,29.83,35.33
137501,Active,600517,NA,NA,S,4,1,86648.65,32,2009,14,14.75,28.88
137502,Active,619584,NA,NA,S,0,0,314575.8825,60,1997,49,4,23.94
137503,Active,689032,NA,NA,S,0,0,2654.45,24.95,2013,21,16.09,16.93
137504,Active,1618665,NA,NA,S,2,1,771.75,29.95,2011,41,16.83,17.37
137505,Active,1978454,NA,NA,S,0,0,517827.5525,26,2014,14,26.77,24.79
137506,Active,1494376,NA,NA,S,0,0,194030.3763,40,2015,22,14.98,25.32
137507,Active,2261442,NA,NA,S,0,0,504486.3675,123.38,2011,36,45.43,99.75
137508,Active,890941,NA,NA,S,2,1,54574.09125,29.95,2014,39,25.63,24.16
137509,Active,806532,NA,NA,S,0,0,44082.475,29.99,2007,25,10.37,20.48
137510,Active,1612862,NA,NA,S,0,0,44222.025,40,2014,23,22.49,25.77
137511,Active,1877854,NA,NA,S,2,1,31468.075,29.99,2013,17,20.33,20.84
137512,Active,805416,NA,NA,S,0,0,65412.8,23,2008,63,4,18.94
137513,Active,291986,NA,NA,S,1,0,296065.46,71.95,1998,55,11.79,55.52
137514,Active,1508347,NA,NA,S,0,0,242376.775,29.99,2011,22,7.57,12.98
137515,Active,1873260,NA,NA,S,0,0,159362.4,50,2012,15,19.99,33.05
137516,Active,1712668,NA,NA,S,0,0,245942.275,39.95,2011,20,14.33,29.74
137517,Active,1534883,NA,NA,S,1,0,139470.675,26.95,2014,46,9.94,13.73
137518,Active,610401,NA,NA,S,4,1,54729.61125,111.4,2013,69,21.95,38.98
137519,Active,2107292,NA,NA,S,0,0,129564.925,35,2014,10,23.38,23.98
137520,Active,2086024,NA,NA,S,0,0,76910.625,62.99,2013,8,37.21,36.98
137521,Active,569818,NA,NA,S,3,1,614950.8625,131.95,2004,44,4.43,12.18
137522,Active,576956,NA,NA,S,0,0,212716.9875,47.95,2012,19,28.99,48.41
137523,Active,576955,NA,NA,S,0,0,392382.9425,44.95,2012,28,5.24,38.63
137524,Active,644349,NA,NA,S,9,1,10969.9525,217.95,2014,61,54.25,106.35
137525,Active,552699,NA,NA,S,3,1,331149.875,95.6,2005,41,4.13,0
137526,Active,861937,NA,NA,S,9,1,122901.16,149.95,2014,67,33.77,74.69
137527,Active,535346,NA,NA,S,7,1,150368.7663,82.95,2013,57,27.25,65.27
137528,Active,544405,NA,NA,S,7,1,126570.1525,82.95,2013,70,31.33,60.99
137529,Active,861938,NA,NA,S,9,1,354225.4375,149.95,2014,35,42.54,58.44
137530,Active,765579,NA,NA,S,5,1,704455.28,93.95,2002,49,4.13,30.94
137531,Active,552700,NA,NA,S,3,1,599342.8875,99.6,2005,31,4.09,46.49
137532,Active,770836,NA,NA,S,7,1,312863.7875,23.98,2003,34,4,0
137533,Active,251219,NA,NA,S,6,1,426129.0475,184.95,2010,26,4.83,109.81
137534,Active,867234,NA,NA,S,18,1,108984.5913,133.5,2013,43,24.99,64.99
137535,Active,2268056,NA,NA,S,3,1,304511.425,112.02,1900,22,43.53,82.03
137536,Active,626632,NA,NA,S,18,1,21320.38125,126.5,2013,70,48.99,67.95
137537,Active,653322,NA,NA,S,18,1,223107.4625,107,2013,32,31.46,70.08
137538,Active,1587431,NA,NA,S,1,0,425156.01,69.99,2008,24,7,56.96
137539,Active,677830,NA,NA,S,0,0,31131.725,25.95,2010,54,6.46,17.63
137540,Active,1448184,NA,NA,S,9,1,341540.225,45.99,2007,13,32.62,45.99
137541,Active,866941,NA,NA,S,11,1,499464.83,103.47,2012,18,9.86,83.6
137542,Active,610120,NA,NA,S,0,0,86187.5125,15.99,1993,116,4,8.97
137543,Active,721376,NA,NA,S,0,0,524658.685,45,2003,39,5.53,16.94
137544,Active,3823156,NA,NA,S,1,0,64630.2,29.95,2009,15,22.98,26.56
137545,Active,217210,NA,NA,S,2,1,273548.6263,45,2001,37,25.99,49.14
137546,Active,2651306,NA,NA,S,1,0,295391.8638,30,1996,84,4.78,13.78
137547,Active,875978,NA,NA,S,5,1,35275.815,130,2015,31,54.98,58.98
137548,Active,750279,NA,NA,S,1,0,52341.9,24.95,2008,42,4,15.15
137549,Active,166638,NA,NA,S,1,0,612066.2938,29.95,2004,30,3.85,19.67
137550,Active,659048,NA,NA,S,0,0,176408.825,45.95,2008,24,4.97,36.33
137551,Active,623890,NA,NA,S,2,1,783471.6013,37.32,2011,29,3.4,33.34
137552,Active,688042,NA,NA,S,2,1,701711.705,22.95,2011,11,14.96,16.89
137553,Active,2006484,NA,NA,S,1,0,45345,40,2015,14,27.94,25.38
137554,Active,677367,NA,NA,S,0,0,72516.35,24.99,2013,64,4.92,9.2
137555,Active,2086363,NA,NA,S,0,0,114784.4,24,2013,16,16.09,21.01
137556,Active,687100,NA,NA,S,0,0,44828.35,27.5,2009,23,26.7,25.7
137557,Active,2079688,NA,NA,S,0,0,15532.51125,18.99,2014,79,4.97,10.98
137558,Active,685096,NA,NA,S,1,0,98236.625,24.95,2010,30,16.22,21.24
137559,Active,1786954,NA,NA,S,0,0,46022.3,29.95,2015,14,26.07,25.2
137560,Active,3486724,NA,NA,S,2,1,575376.95,43,2005,44,17,38.32
137561,Active,2096959,NA,NA,S,0,0,185970.725,27.95,2015,21,17.28,17.51
137562,Active,2781824,NA,NA,S,0,0,706311.1013,27,1993,27,8.94,23.11
137563,Active,134846,NA,NA,S,0,0,194067.425,39,2010,23,11.98,29.8
137564,Active,702410,NA,NA,S,1,0,57322.95,30,2013,26,13.08,17.39
137565,Active,1677932,NA,NA,S,0,0,157348.025,47.95,2014,24,26.19,27.97
137566,Active,247998,NA,NA,S,2,1,74035.175,25.95,2008,17,15.05,21.68
137567,Active,132617,NA,NA,S,1,0,26640.025,25.4,2008,27,13.55,19.94
137568,Active,674210,NA,NA,S,1,0,2880.97625,27,2007,285,5.35,11.93
137569,Active,1779584,NA,NA,S,1,0,30598.925,27.99,2014,15,19.29,18.61
137570,Active,683695,NA,NA,S,2,1,9316.75,29.95,2011,30,22.4,28.45
137571,Active,702262,NA,NA,S,1,0,77269.775,34,2012,24,15.99,16.7
137572,Active,685325,NA,NA,S,0,0,66206.25,28,2013,29,4.28,14.98
137573,Active,1983494,NA,NA,S,2,1,49424.25,24.99,2013,7,25.39,21.82
137574,Active,250909,NA,NA,S,0,0,126787.525,28,2010,30,13.07,18.65
137575,Active,1815165,NA,NA,S,0,0,2408.825,24.99,2014,41,12.92,14.36
137576,Active,1488502,NA,NA,S,1,0,29548.275,27.95,2013,22,19.51,19.52
137577,Active,563495,NA,NA,S,0,0,155457.42,16.95,2004,35,10.1,12.76
137578,Active,1431520,NA,NA,S,0,0,43384,22.99,2009,45,6.93,13.01
137579,Active,2168684,NA,NA,S,0,0,175000.075,45,2014,20,23.75,27.39
137580,Active,1475136,NA,NA,S,1,0,186790.425,35,2013,16,12.62,12.97
137581,Active,1956314,NA,NA,S,2,1,895201.095,48.99,2011,40,4.85,48.26
137582,Active,1712536,NA,NA,S,0,0,148396.475,24.95,2009,19,12.66,17.96
137583,Active,297870,NA,NA,S,3,1,119230.21,236.95,2011,81,17.49,58.67
137584,Active,543830,NA,NA,S,2,1,165520.7438,183.95,2012,110,5.22,47.99
137585,Active,673757,NA,NA,S,4,1,102511.305,22,2013,25,14.66,22
137586,Active,675940,NA,NA,S,1,0,9462.25,24.95,2008,46,14.91,17.98
137587,Active,1779299,NA,NA,S,1,0,66515.5,40,2013,21,8.95,17.72
137588,Active,1595306,NA,NA,S,0,0,30993.825,40,2015,19,23.08,23.54
137589,Active,3553526,NA,NA,S,0,0,213057.975,23.95,2008,30,10.85,14.48
137590,Active,2502359,NA,NA,S,2,1,635309.9438,84.95,1998,44,8.48,64.72
137591,Active,1777750,NA,NA,S,1,0,44716.3,26.95,2012,52,4.97,10.68
137592,Active,636303,NA,NA,S,1,0,116730.45,33.95,2010,23,20.07,26.21
137593,Active,1762861,NA,NA,S,0,0,26155.175,24.95,2014,25,12.03,14.2
137594,Active,776328,NA,NA,S,0,0,622499.9313,24.95,2010,16,10.13,19.97
137595,Active,1498659,NA,NA,S,0,0,58681.65,49.99,2013,16,28.47,31.09
137596,Active,1500610,NA,NA,S,0,0,36751.05,32.99,2008,14,19.99,23.93
137597,Active,652665,NA,NA,S,1,0,734960.4413,39.95,2011,18,33.74,33.8
137598,Active,2801556,NA,NA,S,1,0,289723.09,88.95,1993,35,15.01,70.15
137599,Active,1520209,NA,NA,S,0,0,154334.625,31.88,2012,15,23.88,24.25
137600,Active,190659,NA,NA,S,0,0,200548.25,24.95,2010,13,23.71,24
137601,Active,865952,NA,NA,S,1,0,151142.175,20.95,2007,31,10.01,17.37
137602,Active,1701494,NA,NA,S,0,0,204433.35,31.95,2012,26,24.46,31.09
137603,Active,2085172,NA,NA,S,0,0,156462.75,27.99,2014,37,4,6.96
137604,Active,1738552,NA,NA,S,1,0,54699.775,24.95,2007,15,21.99,22.46
137605,Active,806131,NA,NA,S,0,0,80451.3,27.95,2010,27,11.66,25.24
137606,Active,573176,NA,NA,S,0,0,8724.075,26,2012,64,13.14,18.49
137607,Active,1720335,NA,NA,S,3,1,52738.73125,17.99,2011,23,11.53,11.98
137608,Active,1717980,NA,NA,S,0,0,66041.95,45.99,2013,17,21.48,26.86
137609,Active,264185,NA,NA,S,0,0,18639.925,22.99,2008,48,4.96,8.99
137610,Active,215638,NA,NA,S,0,0,411855.8975,47.95,2002,51,15.55,46.03
137611,Active,3558777,NA,NA,S,0,0,56154.05,39.95,2010,36,13.63,23.29
137612,Active,801044,NA,NA,S,3,1,178365.4,40.95,2008,14,25.99,30.61
137613,Active,1715887,NA,NA,S,0,0,120540.625,26.95,2013,20,20.46,20.92
137614,Active,676177,NA,NA,S,0,0,182933.4,25,2007,56,4,15.61
137615,Active,1978434,NA,NA,S,0,0,42086.425,24.95,2014,29,8.96,11.41
137616,Active,890928,NA,NA,S,0,0,90423.375,36,2014,20,28.05,28.04
137617,Active,212980,NA,NA,S,1,0,406863.4713,69.95,2003,34,15.14,58.65
137618,Active,1705427,NA,NA,S,1,0,93896.175,26,2013,41,4.79,11.15
137619,Active,678276,NA,NA,S,0,0,5835.125,24.95,2008,29,16.81,18.52
137620,Active,894890,NA,NA,S,0,0,20083.475,22,2014,27,10.49,14.67
137621,Active,683037,NA,NA,S,0,0,19428.84375,22,2013,50,10.61,13.67
137622,Active,1532153,NA,NA,S,0,0,21060.85,22,2008,66,7.62,15.42
137623,Active,680411,NA,NA,S,0,0,49419.875,27,2013,53,6.02,13.95
137624,Active,2041718,NA,NA,S,1,0,94858.125,32,2012,16,14.93,10.3
137625,Active,3727047,NA,NA,S,0,0,82384.325,24.95,2012,34,6.92,12.51
137626,Active,3467060,NA,NA,S,0,0,138990.75,25.99,2015,67,4,6.68
137627,Active,702356,NA,NA,S,1,0,89490.575,34,2012,32,8.96,22.68
137628,Active,1498440,NA,NA,S,0,0,14515.95,21.99,2014,24,14.83,14.65
137629,Active,879296,NA,NA,S,4,1,3625.01,101.5,2015,55,54.96,76.48
137630,Active,331000,NA,NA,S,0,0,116877.65,31.25,2010,24,13.63,22.36
137631,Active,1624071,NA,NA,S,1,0,358430.8388,15,2011,87,4,6.99
137632,Active,690176,NA,NA,S,0,0,33627.675,29.95,2009,39,9.05,18.34
137633,Active,2067929,NA,NA,S,0,0,43005.6,24.95,2011,20,10.13,15.29
137634,Active,619741,NA,NA,S,1,0,26817.6,45,2012,20,27.74,33.28
137635,Active,525166,NA,NA,S,2,1,142698.775,24.95,2010,33,5.23,13.37
137636,Active,685966,NA,NA,S,1,0,1009.85,27.99,2013,48,13.24,15.93
137637,Active,3960009,NA,NA,S,0,0,2238,25.99,2015,24,14.07,14.07
137638,Active,2101613,NA,NA,S,1,0,8227.925,26.99,2014,63,11.95,13.97
137639,Active,3561109,NA,NA,S,0,0,80518.7,22.95,2011,7,39.43,19.82
137640,Active,1677627,NA,NA,S,0,0,17656.9,26.97,2011,11,14.49,18.52
137641,Active,2167915,NA,NA,S,0,0,27584.8,26.95,2015,11,23.32,20.63
137642,Active,681636,NA,NA,S,1,0,147316.15,27.95,2012,52,4.44,9.19
137643,Active,2104694,NA,NA,S,0,0,119480.1,24.95,2015,15,17.92,17.39
137644,Active,1598646,NA,NA,S,1,0,46507.05,25,2014,35,10.23,6
137645,Active,1942950,NA,NA,S,0,0,74888.375,28,2014,22,8.97,8.97
137646,Active,2110340,NA,NA,S,0,0,32475.25,24,2013,14,13.23,13.45
137647,Active,1777804,NA,NA,S,1,0,53019.3,24.95,2012,23,8.98,16.48
137648,Active,1694036,NA,NA,S,0,0,674523.6875,28,2007,26,14.47,18.49
137649,Active,2100814,NA,NA,S,0,0,90694.9,21.95,2013,25,6.41,11.96
137650,Active,791417,NA,NA,S,1,0,119731.975,24.95,2012,37,10.5,17.53
137651,Active,2018809,NA,NA,S,2,1,81343.325,23.99,2015,7,19.21,20.09
137652,Active,1494872,NA,NA,S,1,0,111873.825,28.95,2012,28,8.37,10.89
137653,Active,525164,NA,NA,S,0,0,10224.0075,15.99,2009,108,4.23,9.93
137654,Active,1498663,NA,NA,S,0,0,106437.7,34.99,2012,13,23.53,22.01
137655,Active,3798957,NA,NA,S,0,0,176810.375,25.95,2014,8,33.48,25.95
137656,Active,1576673,NA,NA,S,0,0,71459.175,27.95,2013,17,14.33,18.99
137657,Active,126399,NA,NA,S,0,0,408656.3475,41.95,2002,31,9.05,28.99
137658,Active,1464512,NA,NA,S,1,0,192399.1113,18.95,2008,45,6.12,16.25
137659,Active,1496858,NA,NA,S,1,0,48229.575,30,2014,41,4.75,18.58
137660,Active,1500211,NA,NA,S,1,0,778872.8538,26.99,2007,58,4,9.97
137661,Active,2167085,NA,NA,S,2,1,6925.5,21.95,2013,9,11,12.74
137662,Active,720647,NA,NA,S,0,0,734382.3188,50,2002,20,13.99,24.23
137663,Active,683574,NA,NA,S,1,0,91186.9,32.95,2013,16,22.9,22.95
137664,Active,1587158,NA,NA,S,1,0,98848.85,34.99,2010,15,28.97,34.33
137665,Active,3609767,NA,NA,S,1,0,110719.6,39.8,2011,12,11.07,15.6
137666,Active,2259316,NA,NA,S,0,0,513158.225,50.91,2007,25,43.01,52.39
137667,Active,752968,NA,NA,S,1,0,47781.65,27.95,2011,22,12.15,15.19
137668,Active,548900,NA,NA,S,0,0,282275.1188,13.99,1988,164,4,7.94
137669,Active,617548,NA,NA,S,0,0,28230.775,81.8,2005,28,18.22,22.99
137670,Active,1710470,NA,NA,S,0,0,220549.375,29.95,2013,14,19.64,23.28
137671,Active,1434334,NA,NA,S,0,0,24101.675,25.99,2015,21,14.67,15.36
137672,Active,2015599,NA,NA,S,0,0,61386.65,34.95,2014,14,25.5,25.03
137673,Active,1536588,NA,NA,S,1,0,110978.675,26.95,2015,25,12.48,14.1
137674,Active,1630909,NA,NA,S,0,0,15923.375,24.95,2015,39,11.42,13.91
137675,Active,2041759,NA,NA,S,1,0,28524.275,27.95,2014,37,7.05,11.86
137676,Active,2015567,NA,NA,S,0,0,68680.95,26.95,2011,13,20.53,20.56
137677,Active,806758,NA,NA,S,0,0,550597.75,135.73,2008,17,4,428.01
137678,Active,2021535,NA,NA,S,1,0,243235.65,24.99,2011,17,16.84,19.68
137679,Active,1532672,NA,NA,S,0,0,61292.7,26.95,2014,59,7.18,9.44
137680,Active,2160380,NA,NA,S,0,0,117637.85,22.95,2012,11,13.47,22.84
137681,Active,539890,NA,NA,S,1,0,45486,27.95,2011,20,22.46,21.46
137682,Active,2113552,NA,NA,S,1,0,86183.825,25.95,2014,22,11.63,18.12
137683,Active,1836851,NA,NA,S,0,0,64711.3,30,2013,28,5.88,10.37
137684,Active,1668805,NA,NA,S,7,1,765282.3475,18.95,2011,50,4,13.99
137685,Active,563576,NA,NA,S,1,0,4609.06375,20.95,1993,70,8.15,18.99
137686,Active,1836830,NA,NA,S,1,0,133749.975,24.95,2012,23,10.98,15.84
137687,Active,1739184,NA,NA,S,1,0,70919.4,27,2014,39,5.77,20.99
137688,Active,1942892,NA,NA,S,0,0,19461.275,25,2015,19,14.76,15.72
137689,Active,112049,NA,NA,S,10,1,285784.6225,50.31,2010,19,17.59,22.41
137690,Active,647603,NA,NA,S,1,0,458839.0425,66,2004,23,4.42,61.98
137691,Active,1532184,NA,NA,S,1,0,221653.675,27,2011,26,4,23.94
137692,Active,1576209,NA,NA,S,1,0,211214.5,32.95,2009,11,35.58,29.99
137693,Active,2099605,NA,NA,S,0,0,103003.825,30,2015,20,18.56,18.57
137694,Active,2014861,NA,NA,S,0,0,108433.95,27.95,2015,14,20.06,20.05
137695,Active,2043318,NA,NA,S,0,0,42468.35,22.99,2014,6,17.43,13.94
137696,Active,1484148,NA,NA,S,1,0,170475.1,35,2007,35,10.26,18.97
137697,Active,2088839,NA,NA,S,0,0,45857.6,26.95,2013,20,17,17.98
137698,Active,1627934,NA,NA,S,0,0,84831.25,29.95,2015,9,19.96,19.97
137699,Active,2277378,NA,NA,S,2,1,19450.325,0,2013,0,0,5.49
137700,Active,2243111,NA,NA,S,0,0,121071.85,28,2015,12,36.46,28
137701,Active,687120,NA,NA,S,1,0,67774.975,29,2009,28,23.14,19.48
137702,Active,688911,NA,NA,S,0,0,14726.65,27,2008,22,14.99,17.23
137703,Active,893555,NA,NA,S,1,0,333073.4438,115,2013,16,28.79,88.23
137704,Active,625936,NA,NA,S,1,0,322116.2363,49.95,2009,47,3.98,35.96
137705,Active,3486685,NA,NA,S,0,0,186492.775,22.5,2010,22,10.39,15.44
137706,Active,680310,NA,NA,S,0,0,33643.725,29.95,2007,30,19.99,20.97
137707,Active,2493921,NA,NA,S,1,0,202622.3113,25,2005,39,4.81,24.44
137708,Active,1493988,NA,NA,S,0,0,83980.225,22,2009,28,12.89,15.29
137709,Active,2115879,NA,NA,S,25,1,33511.575,39.99,2015,16,20.75,27.74
137710,Active,2122650,NA,NA,S,0,0,88254.175,24.99,2009,17,23.97,33.98
137711,Active,1588552,NA,NA,S,1,0,486086.87,44.99,2011,42,6.77,28.67
137712,Active,3781878,NA,NA,S,2,1,94971.675,24.95,2007,24,4,7.94
137713,Active,637837,NA,NA,S,0,0,107142.175,30,2011,19,17.94,27.85
137714,Active,2159720,NA,NA,S,29,1,5247.55,24.95,2012,9,13.21,17.7
137715,Active,627013,NA,NA,S,1,0,138391.45,82.5,2009,26,10.22,31.99
137716,Active,555196,NA,NA,S,1,0,377723.1875,19.95,1982,66,4.94,19.95
137717,Active,677555,NA,NA,S,1,0,504064.2838,50,1999,32,10,19.73
137718,Active,621108,NA,NA,S,0,0,732255.6438,43,2001,53,7.97,17.46
137719,Active,171978,NA,NA,S,0,0,722606.2125,52.95,2003,30,6.39,54.35
137720,Active,746932,NA,NA,S,1,0,86647.25,26.95,2013,60,4,8.84
137721,Active,2163815,NA,NA,S,1,0,25019.025,28.95,2014,14,20.88,22.2
137722,Active,905718,NA,NA,S,0,0,639268.2963,46.95,2010,22,13.99,32.97
137723,Active,2689139,NA,NA,S,1,0,560876.8638,721.05,2005,18,38.18,79.99
137724,Active,3822975,NA,NA,S,0,0,248039.275,32.95,2007,19,14.77,15.77
137725,Active,675872,NA,NA,S,1,0,3978.075,26,2008,64,8.68,14.6
137726,Active,127372,NA,NA,S,1,0,250369.5263,15.95,2008,39,4.18,12.15
137727,Active,3591850,NA,NA,S,0,0,192561.775,25.95,2015,10,22.39,23.5
137728,Active,678967,NA,NA,S,0,0,110421.675,26.99,2012,45,4,7.48
137729,Active,2163243,NA,NA,S,1,0,42355.575,39,2009,18,18.99,28.48
137730,Active,2434302,NA,NA,S,0,0,97837.75,30,2015,10,22.4,23.18
137731,Active,1717528,NA,NA,S,0,0,112382.85,30,2007,9,24.97,28.05
137732,Active,677222,NA,NA,S,1,0,117403.75,28,2013,61,4,5.98
137733,Active,2163433,NA,NA,S,0,0,62713.475,24.95,2012,20,12.49,16
137734,Active,2528915,NA,NA,S,1,0,692023.63,73.95,1994,29,5.68,36.76
137735,Active,2167909,NA,NA,S,1,0,67463.5,25.95,2013,40,7.59,7.98
137736,Active,1480311,NA,NA,S,1,0,27551.375,22.95,2013,27,16.73,20.98
137737,Active,661198,NA,NA,S,2,1,282743.6225,42,2011,27,19.02,32.65
137738,Active,1494943,NA,NA,S,1,0,106120.8,40,2009,27,8.43,13.97
137739,Active,2049541,NA,NA,S,1,0,80012.8,22.95,2008,48,5.23,10.84
137740,Active,1502735,NA,NA,S,0,0,103337.25,32.99,2014,21,9.57,10.98
137741,Active,619457,NA,NA,S,1,0,606398.225,31.89,2002,43,5.35,56.13
137742,Active,1733797,NA,NA,S,0,0,114164.8,27.95,2008,19,20.81,50.01
137743,Active,1710224,NA,NA,S,2,1,38903.075,24.95,2015,16,19.07,19.77
137744,Active,1938391,NA,NA,S,0,0,11921.5,40,2011,8,25.39,26.41
137745,Active,679427,NA,NA,S,1,0,25338,26.95,2013,52,7.8,10.9
137746,Active,630534,NA,NA,S,1,0,189404.35,37.6,2012,24,17.18,25.67
137747,Active,1660759,NA,NA,S,0,0,51035.925,24.99,2015,12,18.6,16.47
137748,Active,2096759,NA,NA,S,0,0,87570.8,24.95,2012,29,7.69,7.34
137749,Active,686600,NA,NA,S,1,0,73873.425,24.95,2013,29,17.58,17.07
137750,Active,1742252,NA,NA,S,1,0,94375.1,21.95,2011,14,15.54,18
137751,Active,2079675,NA,NA,S,0,0,47063.275,22,2013,21,12.73,13.99
137752,Active,2082642,NA,NA,S,6,1,526968.4925,105,2014,43,15.55,71.99
137753,Active,653435,NA,NA,S,0,0,803835.13,46.95,2009,39,4.7,39.15
137754,Active,792088,NA,NA,S,0,0,119256.175,24.99,2010,24,15.48,16.5
137755,Active,690489,NA,NA,S,1,0,148711.625,30.95,2011,13,20.21,21.97
137756,Active,555655,NA,NA,S,1,0,870942.9963,49.95,2008,24,7.37,19.94
137757,Active,2159705,NA,NA,S,0,0,70601.875,23.95,2011,13,19.88,19
137758,Active,1576725,NA,NA,S,0,0,84553.425,24.95,2013,13,10.24,9.89
137759,Active,688491,NA,NA,S,1,0,3729.875,29.99,2013,19,13.98,19.24
137760,Active,800130,NA,NA,S,2,1,530310.5513,34.95,2005,37,4.77,25.28
137761,Active,2046458,NA,NA,S,1,0,86501,25.99,2013,20,19.34,16.88
137762,Active,1942733,NA,NA,S,0,0,123363.2,24.99,2012,61,4,6.99
137763,Active,1969755,NA,NA,S,0,0,80475.65,26,2014,40,7.97,8.99
137764,Active,920153,NA,NA,S,2,1,38066.15,29.95,2009,47,11.97,13.99
137765,Active,127271,NA,NA,S,1,0,732340.4638,65.95,2004,51,3.79,36.59
137766,Active,1719512,NA,NA,S,0,0,167519.4,27.95,2007,19,17.08,22.74
137767,Active,1857287,NA,NA,S,0,0,77630.9,20.74,2012,26,12.89,17.94
137768,Active,686427,NA,NA,S,1,0,46884.85,22.95,2009,22,16.18,16.87
137769,Active,2092764,NA,NA,S,0,0,204073.4,24.95,2015,18,16.68,16.68
137770,Active,1924629,NA,NA,S,0,0,168073.45,29.95,2014,6,26.28,29.95
137771,Active,1627856,NA,NA,S,0,0,104871.1,27.95,2014,33,12.27,14.49
137772,Active,2105239,NA,NA,S,1,0,50339.475,30,2014,30,7.98,9.98
137773,Active,679941,NA,NA,S,1,0,32846.825,25,2008,22,25.16,28.99
137774,Active,2093212,NA,NA,S,0,0,81599.25,21,2012,20,11.4,16.28
137775,Active,688444,NA,NA,S,1,0,141355.425,25,2014,38,5.91,9.61
137776,Active,1565940,NA,NA,S,0,0,36322.375,26.99,2015,20,13.3,16.33
137777,Active,584766,NA,NA,S,0,0,125931.775,22.99,2007,16,15.38,16.56
137778,Active,691491,NA,NA,S,0,0,11024.125,24.95,2013,19,21.91,21.38
137779,Active,1735299,NA,NA,S,1,0,102147.05,22,2012,38,6.2,9.47
137780,Active,1558256,NA,NA,S,2,1,69168.4,26.95,2014,20,21.04,20.94
137781,Active,3796147,NA,NA,S,0,0,331923,44.95,2011,27,33.58,44.71
137782,Active,1780121,NA,NA,S,1,0,117231.4,40,2014,19,23.64,24.64
137783,Active,2104026,NA,NA,S,1,0,41779.325,24.95,2014,25,14.4,18.45
137784,Active,540376,NA,NA,S,1,0,21840.15,30,2012,47,13.99,19.45
137785,Active,1555216,NA,NA,S,1,0,87543.125,28.95,2014,12,27.22,26.03
137786,Active,190149,NA,NA,S,0,0,526560.8413,27.95,2010,33,7.34,22.03
137787,Active,813025,NA,NA,S,2,1,78071.95,29.95,2011,36,8.82,24.48
137788,Active,1483573,NA,NA,S,0,0,64595.275,22,2011,28,15.85,23.76
137789,Active,634024,NA,NA,S,0,0,330086.7725,54.95,1989,16,15.46,43.99
137790,Active,1625394,NA,NA,S,1,0,41289.875,21.5,2007,29,12.11,14.37
137791,Active,555673,NA,NA,S,1,0,90053.225,39.95,2010,28,14.94,30.87
137792,Active,214385,NA,NA,S,1,0,18291.225,30.95,2010,19,19.83,24.79
137793,Active,2563602,NA,NA,S,0,0,742274.7063,12.95,1995,22,4.9,22.99
137794,Active,1565270,NA,NA,S,1,0,157491.25,26.95,2014,39,4,5.97
137795,Active,1942945,NA,NA,S,0,0,57787.825,22,2014,29,6.52,10.98
137796,Active,634937,NA,NA,S,0,0,412703.77,75,2011,36,6.2,45.11
137797,Active,1503484,NA,NA,S,0,0,41200.325,24,2011,36,9.93,14.3
137798,Active,2038880,NA,NA,S,1,0,137059.7,38.95,2008,24,6.1,27.93
137799,Active,1558045,NA,NA,S,0,0,94984.6,28.95,2013,19,25.62,22.36
137800,Active,1488611,NA,NA,S,0,0,208528.475,30,2015,9,22.26,21.9
137801,Active,1598578,NA,NA,S,1,0,57411.3,28,2014,31,11.29,13.98
137802,Active,1701642,NA,NA,S,0,0,39092.8,29.95,2014,14,28.97,29.95
137803,Active,3545652,NA,NA,S,0,0,51844.95,24.95,2015,23,23.4,24.64
137804,Active,576011,NA,NA,S,1,0,87115.025,56.5,2010,10,39.97,98.07
137805,Active,2015738,NA,NA,S,0,0,19463.425,22,2011,31,13.43,16.34
137806,Active,1964591,NA,NA,S,0,0,139961.625,29.95,2015,7,25.51,23.44
137807,Active,1619471,NA,NA,S,1,0,152314,25,2013,17,16.56,24.76
137808,Active,2076362,NA,NA,S,0,0,141580,34.99,2009,48,5.13,12.03
137809,Active,1894961,NA,NA,S,0,0,114437.6,26.98,2008,41,8.69,24.27
137810,Active,782349,NA,NA,S,0,0,171130.075,24.99,2012,15,17.09,20.86
137811,Active,908024,NA,NA,S,2,1,575583.9663,81,2013,23,19.26,51.04
137812,Active,788611,NA,NA,S,0,0,30716.025,44.99,2007,17,31.49,32.46
137813,Active,651964,NA,NA,S,0,0,32956.1,49.99,2007,18,29.59,27.77
137814,Active,1748643,NA,NA,S,0,0,146348.625,25,2007,27,10.17,17.31
137815,Active,681648,NA,NA,S,0,0,76685.725,24.95,2012,38,6.2,13.99
137816,Active,2077870,NA,NA,S,0,0,55099.2,29.95,2014,12,19.94,19.96
137817,Active,3801483,NA,NA,S,0,0,108101.4,45,2016,14,36.47,37.1
137818,Active,1716654,NA,NA,S,0,0,23582.7,24.99,2010,21,12.99,14
137819,Active,2034062,NA,NA,S,0,0,203230.45,22.95,2010,31,8.86,12.94
137820,Active,3879921,NA,NA,S,0,0,129947.5,49.95,2014,10,10.23,12.79
137821,Active,2103676,NA,NA,S,1,0,119811.25,25,2013,14,8.83,19.57
137822,Active,495719,NA,NA,S,0,0,28759.3,29.99,2010,23,13.17,18.77
137823,Active,1693292,NA,NA,S,1,0,67391.925,29.95,2010,27,16.64,20.81
137824,Active,3796341,NA,NA,S,4,1,502098.05,19.95,2013,22,10.52,15.49
137825,Active,235924,NA,NA,S,3,1,791997.7938,17.95,2004,41,4,0
137826,Active,214863,NA,NA,S,1,0,53922.975,26,2011,19,16.98,19.39
137827,Active,3020242,NA,NA,S,0,0,59141.69625,7.95,1998,44,4,4.84
137828,Active,899135,NA,NA,S,0,0,791868.2038,35,2007,15,10.79,27.11
137829,Active,2003426,NA,NA,S,2,1,42190.1,27.95,2012,12,22.96,22.47
137830,Active,3613121,NA,NA,S,0,0,221243.775,22.95,2015,9,16.11,16.11
137831,Active,682862,NA,NA,S,2,1,135286.05,29.95,2009,29,22.23,22.31
137832,Active,637395,NA,NA,S,1,0,500587.3038,181.95,2000,36,14.89,120.85
137833,Active,1483721,NA,NA,S,0,0,762932.4888,48,2012,37,11.95,37.79
137834,Active,2116985,NA,NA,S,1,0,87992.875,25.99,2008,23,10.73,17.78
137835,Active,543513,NA,NA,S,0,0,46238.175,27.95,2010,14,19.6,19.51
137836,Active,2110294,NA,NA,S,0,0,502226.9913,49.95,2014,18,12.13,32
137837,Active,2899617,NA,NA,S,2,1,69729.78375,17.95,1992,47,9.57,12.44
137838,Active,2919574,NA,NA,S,14,1,275977.295,65,2015,20,22.94,31.86
137839,Active,1780876,NA,NA,S,13,1,238721.4363,65,2014,26,7.97,31.99
137840,Active,162660,NA,NA,S,0,0,337309.2913,86.95,2009,24,13.78,0
137841,Active,543889,NA,NA,S,2,1,360616.8113,90.5,2012,48,16.48,52.99
137842,Active,617403,NA,NA,S,1,0,152974.95,86.95,2007,23,25.4,43.99
137843,Active,1970001,NA,NA,S,0,0,46625.025,25,2015,21,6.67,8.32
137844,Active,805406,NA,NA,S,0,0,169030.125,24,2008,36,14.13,59.53
137845,Active,1695947,NA,NA,S,0,0,138763.675,24,2012,19,12.85,17.88
137846,Active,1504454,NA,NA,S,0,0,183269.425,21.99,2011,17,7.74,11.88
137847,Active,665586,NA,NA,S,1,0,130635.65,40,2010,10,34.37,32.96
137848,Active,755921,NA,NA,S,1,0,138221.575,34.95,2014,19,26.44,21.56
137849,Active,567266,NA,NA,S,0,0,89473.875,22.95,2008,17,16.46,16.25
137850,Active,3074194,NA,NA,S,0,0,452975.0488,14.95,2004,9,48.17,14.95
137851,Active,1575566,NA,NA,S,1,0,147828.15,65,2014,18,28.21,34.19
137852,Active,1698876,NA,NA,S,0,0,66854.8,23,2012,17,7.98,15.49
137853,Active,586342,NA,NA,S,0,0,571779.2125,40,1992,53,7.48,14.38
137854,Active,3496189,NA,NA,S,0,0,61736.775,60,2016,7,45.1,41.82
137855,Active,2419529,NA,NA,S,2,1,52490.5,37.5,2005,18,18.49,24.98
137856,Active,2010039,NA,NA,S,0,0,82711.65,24.95,2007,7,18.94,19.9
137857,Active,1534893,NA,NA,S,1,0,231889.475,35,2014,30,12.59,20.99
137858,Active,2263405,NA,NA,S,14,1,174711.95,64.53,2011,32,32.71,58.55
137859,Active,874740,NA,NA,S,11,1,16143.74375,89.95,2014,34,48.99,56.72
137860,Active,681501,NA,NA,S,3,1,50995.3,30.95,2007,13,33.54,27.09
137861,Active,1724631,NA,NA,S,1,0,75706.725,34.95,2008,37,7.96,49.98
137862,Active,1724639,NA,NA,S,1,0,23699,34.95,2008,44,7.35,22.36
137863,Active,3598576,NA,NA,S,0,0,158352.175,34.95,2009,68,4.22,10.48
137864,Active,1494783,NA,NA,S,1,0,145167.725,26.99,2013,39,8.4,15.97
137865,Active,1927236,NA,NA,S,2,1,745406.7788,27.95,2012,17,12.3,24.61
137866,Active,1567930,NA,NA,S,1,0,28887.725,24.99,2008,26,11.03,16.6
137867,Active,1449095,NA,NA,S,1,0,286866.375,154.2,2014,23,49.53,115.82
137868,Active,51780,NA,NA,S,6,1,709971.1363,102,1999,42,4.01,28.83
137869,Active,143258,NA,NA,S,4,1,371324.0588,115,2010,26,10.24,88.74
137870,Active,3809934,NA,NA,S,1,0,38615.975,21.95,2010,44,10.23,14.59
137871,Active,1561344,NA,NA,S,0,0,50392.9,22,2014,38,7.38,12.98
137872,Active,2041556,NA,NA,S,1,0,101437.225,25.95,2010,46,6.31,37.98
137873,Active,1684790,NA,NA,S,0,0,73834.6,29.99,2008,26,16.48,27.99
137874,Active,620521,NA,NA,S,1,0,125687.975,38.95,2009,20,13.08,13.08
137875,Active,1600092,NA,NA,S,0,0,14611.775,21.99,2012,16,8.92,9.95
137876,Active,3634587,NA,NA,S,1,0,8471.325,24.99,2015,21,15.23,14.32
137877,Active,1616066,NA,NA,S,1,0,34610.275,39.99,2010,56,7.19,22.87
137878,Active,642324,NA,NA,S,0,0,219605.6625,88.61,2011,33,15.93,80.81
137879,Active,679807,NA,NA,S,1,0,54428.1575,27.99,2009,39,7.31,13.69
137880,Active,678895,NA,NA,S,1,0,79977.175,24.99,2009,64,4.24,10.78
137881,Active,619797,NA,NA,S,1,0,341682.8075,69.99,2009,66,6.48,38.74
137882,Active,626311,NA,NA,S,1,0,661785.47,49.99,2009,52,4.35,0
137883,Active,639807,NA,NA,S,1,0,706069.0275,34.99,2012,66,4,9.21
137884,Active,1932609,NA,NA,S,1,0,96524.85,39.99,2013,62,6.1,13.98
137885,Active,1780404,NA,NA,S,1,0,68336.825,27.99,2013,23,11.34,16.92
137886,Active,683760,NA,NA,S,1,0,60807.475,29.99,2010,41,12.77,13.97
137887,Active,619812,NA,NA,S,2,1,110359.25,34.99,2008,16,21.89,33.99
137888,Active,368908,NA,NA,S,2,1,72649.175,26.95,2007,18,19.82,28.47
137889,Active,1829920,NA,NA,S,3,1,63471.12125,34.99,2014,18,20.46,21.54
137890,Active,651918,NA,NA,S,1,0,529669.4588,159.99,2008,31,8.91,43.98
137891,Active,655344,NA,NA,S,0,0,463714.5463,34.99,2012,61,4,23.87
137892,Active,865232,NA,NA,S,0,0,763506.535,39.99,2014,45,15.12,25.02
137893,Active,614627,NA,NA,S,0,0,462437.6113,64.99,1995,45,4,17.95
137894,Active,615544,NA,NA,S,0,0,115452.245,110,2003,37,18.85,67.08
137895,Active,1833586,NA,NA,S,0,0,185396.45,23.99,2013,27,4.68,14.81
137896,Active,2287519,NA,NA,S,2,1,11572.25,0,2014,0,0,8.48
137897,Active,680139,NA,NA,S,1,0,44083.025,29.99,2009,25,11.3,20.07
137898,Active,817289,NA,NA,S,0,0,12070.67375,15,2002,236,4,10.71
137899,Active,1704466,NA,NA,S,0,0,16247.4,24.95,2011,61,4.4,13.57
137900,Active,1957872,NA,NA,S,0,0,18933.275,25,2013,17,16.53,17.26
137901,Active,3634780,NA,NA,S,6,1,23208.225,22.99,2015,15,16.42,16.06
137902,Active,1576405,NA,NA,S,0,0,156664,23.95,2010,27,7.26,15.87
137903,Active,1704364,NA,NA,S,0,0,67825.025,22.95,2009,13,12.98,17.2
137904,Active,719570,NA,NA,S,1,0,637844.8825,60,1999,28,7.49,27.01
137905,Active,1757796,NA,NA,S,0,0,49712.7,69.95,2012,18,56.84,56.85
137906,Active,161213,NA,NA,S,4,1,34698.325,29.99,2011,29,10.96,20.07
137907,Active,646571,NA,NA,S,1,0,28863.8,75,2007,23,56.07,71.25
137908,Active,527368,NA,NA,S,1,0,541301.225,60,2011,21,33.96,35.4
137909,Active,2656794,NA,NA,S,0,0,100547.2738,11,1971,28,22.99,164.55
137910,Active,2235756,NA,NA,S,0,0,218153.675,29.95,2009,13,19.29,20.19
137911,Active,1886250,NA,NA,S,0,0,117593.9,29.99,2010,25,13.82,15.29
137912,Active,609261,NA,NA,S,2,1,407580.6238,29,2002,79,4,0
137913,Active,250917,NA,NA,S,0,0,89576.95,38,2010,39,8.1,11.81
137914,Active,2087417,NA,NA,S,0,0,136010.075,27.95,2014,38,7.98,12.99
137915,Active,1756285,NA,NA,S,3,1,157583.375,34.95,2012,11,29.96,26.85
137916,Active,1672554,NA,NA,S,1,0,182976.6,21.99,2010,21,6.98,8.71
137917,Active,3579091,NA,NA,S,4,1,150888.375,30,2013,23,6.18,6.96
137918,Active,1870723,NA,NA,S,0,0,21898.7,30,2012,33,14.33,19.98
137919,Active,1740696,NA,NA,S,1,0,98929.7,24.95,2010,49,4,7.42
137920,Active,759819,NA,NA,S,2,1,710312.3288,49.99,2003,25,4,49.94
137921,Active,3497561,NA,NA,S,0,0,73653.675,26.99,2015,30,8.99,11.18
137922,Active,1737616,NA,NA,S,2,1,214834,45,2006,27,5.79,31.73
137923,Active,3499532,NA,NA,S,0,0,771.1,22.99,2015,44,12.88,13.46
137924,Active,895250,NA,NA,S,0,0,535424.0238,69.99,2011,13,17.98,30.98
137925,Active,2140597,NA,NA,S,0,0,61750.3,44,2007,16,33.94,41.71
137926,Active,1894333,NA,NA,S,0,0,22388.425,29.95,2007,12,30.53,26.95
137927,Active,617376,NA,NA,S,1,0,65110.65,34.99,2009,33,7.91,13.68
137928,Active,894941,NA,NA,S,5,1,14766.25,24.95,2014,12,19.34,18.17
137929,Active,2060349,NA,NA,S,2,1,45405.45,21.95,2013,23,10.82,15.39
137930,Active,3805095,NA,NA,S,0,0,68993.475,21.99,2015,12,14.88,16.44
137931,Active,2042385,NA,NA,S,2,1,368445.315,14.95,2011,24,7.64,68.49
137932,Active,2017631,NA,NA,S,1,0,16411.05,35,2013,21,21.31,21.73
137933,Active,1728041,NA,NA,S,0,0,59450.8,22.95,2011,20,15.99,16.84
137934,Active,1703617,NA,NA,S,0,0,850875.1963,50,2008,79,4.64,21.7
137935,Active,2101007,NA,NA,S,1,0,128313.4,21.95,2014,21,11.98,13.91
137936,Active,1870658,NA,NA,S,0,0,33918.9,27,2014,22,15.99,17.99
137937,Active,798149,NA,NA,S,0,0,44155.2,24.95,2012,18,13.53,16.23
137938,Active,3561084,NA,NA,S,2,1,223690.475,27.99,2008,10,18.04,19.27
137939,Active,571474,NA,NA,S,1,0,591659.1763,55.95,2001,37,11.03,43.72
137940,Active,1640047,NA,NA,S,0,0,34422.925,28.99,2012,14,18.98,21.77
137941,Active,1693510,NA,NA,S,1,0,222040.8,22.95,2012,19,17.75,21.27
137942,Active,3499025,NA,NA,S,0,0,237131.65,49.99,2015,12,28.53,28.3
137943,Active,1496313,NA,NA,S,4,1,33230.2,24,2014,45,11.35,16.15
137944,Active,2886984,NA,NA,S,0,0,163037.3375,19.95,1987,37,10.97,21.5
137945,Active,2821521,NA,NA,S,0,0,547026.185,29.5,1998,35,15.94,29.5
137946,Active,3598499,NA,NA,S,0,0,36974.925,65,2016,13,42.86,38.47
137947,Active,1527022,NA,NA,S,1,0,40690.875,24,2014,46,7.57,8.73
137948,Active,1683926,NA,NA,S,0,0,5979.45,29.99,2010,22,18.28,18.29
137949,Active,1655539,NA,NA,S,0,0,66059.475,24.99,2009,23,4.68,15.99
137950,Active,428911,NA,NA,S,0,0,82566.2,30,2007,25,17.26,17.28
137951,Active,271678,NA,NA,S,2,1,46293.99875,14.95,2007,42,4.35,18.97
137952,Active,576847,NA,NA,S,0,0,626564.8275,12.99,2004,90,3.95,6.88
137953,Active,2022548,NA,NA,S,1,0,45986.875,24.95,2015,21,13.41,19.09
137954,Active,110471,NA,NA,S,3,1,35407.4125,170.25,2010,67,54.3,78.99
137955,Active,1568846,NA,NA,S,1,0,186299.85,29,2010,19,4.98,18.47
137956,Active,174990,NA,NA,S,3,1,144689.4,29.99,2008,20,18.99,28.79
137957,Active,288584,NA,NA,S,1,0,66783.675,62.6,2004,13,43.94,48.86
137958,Active,172353,NA,NA,S,1,0,362167.3025,34.99,2001,50,8.26,23.96
137959,Active,246591,NA,NA,S,1,0,643499.7725,73.95,2007,25,14.66,47.16
137960,Active,626383,NA,NA,S,1,0,49684.5,50,2007,19,31.5,30.46
137961,Active,568868,NA,NA,S,0,0,505953.3338,44.99,2000,45,6.31,28.62
137962,Active,2648502,NA,NA,S,0,0,380294.65,63.95,2000,27,4.39,44.93
137963,Active,336342,NA,NA,S,1,0,400194.2275,43.95,2000,31,11.48,35.84
137964,Active,110260,NA,NA,S,5,1,90994.88375,148,2010,53,39,53.66
137965,Active,270081,NA,NA,S,1,0,148657.85,45,2010,15,35.94,45
137966,Active,909123,NA,NA,S,1,0,271218.8613,50,2000,28,15.86,70.98
137967,Active,612302,NA,NA,S,0,0,184073.175,54.95,2013,21,19.91,39.23
137968,Active,135395,NA,NA,S,0,0,154206.075,25,2010,16,12.51,13.94
137969,Active,1536474,NA,NA,S,0,0,29764.725,30,2014,26,14.38,12.48
137970,Active,1924370,NA,NA,S,0,0,169126.075,34,2015,12,31.74,31.84
137971,Active,210435,NA,NA,S,0,0,219185.4213,55,2001,38,14.25,37.96
137972,Active,1701854,NA,NA,S,1,0,147406.675,27.5,2007,25,16.8,28.84
137973,Active,228589,NA,NA,S,1,0,551630.96,25,1998,91,4,13.31
137974,Active,141156,NA,NA,S,0,0,369798.125,60,1999,25,6.34,38.29
137975,Active,1691797,NA,NA,S,1,0,172829.875,30,2009,20,12.81,19.33
137976,Active,1752374,NA,NA,S,1,0,462703.7363,28.95,2009,33,4.89,21.57
137977,Active,3496215,NA,NA,S,0,0,8464.8,65,2016,5,51.43,45.2
137978,Active,719340,NA,NA,S,1,0,511632.4413,50,1999,47,4,13.91
137979,Active,1876878,NA,NA,S,0,0,43425.45,30,2014,22,8.23,21.86
137980,Active,2056700,NA,NA,S,0,0,109387.325,24.95,2015,13,18.81,17.44
137981,Active,687913,NA,NA,S,0,0,175768.075,27.95,2013,19,21.97,21.97
137982,Active,2600953,NA,NA,S,1,0,216454.9175,44.99,1993,28,9.14,41.65
137983,Active,1669039,NA,NA,S,1,0,107795.65,24.95,2013,16,16.97,17.85
137984,Active,690527,NA,NA,S,2,1,35542.125,24.95,2010,16,19.66,19.67
137985,Active,1576722,NA,NA,S,1,0,41051.175,29.95,2014,10,22.18,21.2
137986,Active,617563,NA,NA,S,1,0,487899.3788,41.95,1987,42,4,35.15
137987,Active,288065,NA,NA,S,0,0,235473.85,32,2011,19,20.5,21.16
137988,Active,792251,NA,NA,S,0,0,793710.6013,39.99,2011,20,25.92,26.95
137989,Active,200410,NA,NA,S,1,0,79783.3,100.95,2009,28,55.88,71.99
137990,Active,3577594,NA,NA,S,2,1,169088.575,0,2015,22,6.94,14.83
137991,Active,2101622,NA,NA,S,1,0,29038.375,24.99,2015,13,7.98,9.98
137992,Active,618016,NA,NA,S,1,0,666225.9688,65,2004,30,4.31,23.97
137993,Active,1748617,NA,NA,S,0,0,46725.45,24.95,2012,22,17.79,17.8
137994,Active,140857,NA,NA,S,1,0,168235.8938,23,2000,54,6.36,20.46
137995,Active,3729567,NA,NA,S,0,0,142138.925,24.99,2013,17,9.99,18.46
137996,Active,261430,NA,NA,S,1,0,787738.3975,45,2003,25,4.95,32.49
137997,Active,3725965,NA,NA,S,0,0,69713.325,75,2015,12,49.91,44.76
137998,Active,2934198,NA,NA,S,1,0,578599.9538,19.99,2005,16,43.56,43.99
137999,Active,1866695,NA,NA,S,0,0,4899.375,24.95,2013,29,16.48,16.99
138000,Active,2027976,NA,NA,S,0,0,100288.5,22.95,2010,39,8.16,17.27
138001,Active,688451,NA,NA,S,0,0,43843.475,29.99,2013,16,12.9,16.96
138002,Active,721524,NA,NA,S,0,0,783795.0688,99,2004,31,5.91,43.94
138003,Active,561735,NA,NA,S,9,1,565849.8838,147.66,2012,34,44.61,56.34
138004,Active,877106,NA,NA,S,10,1,5552.79375,128,2014,93,53.89,77.93
138005,Active,3121866,NA,NA,S,0,0,584822.2613,29.95,2004,24,4.98,53.94
138006,Active,1918342,NA,NA,S,0,0,26337.5,21.99,2011,9,16.64,15.47
138007,Active,2008629,NA,NA,S,1,0,67624.275,45,2010,24,24.32,18.98
138008,Active,2011103,NA,NA,S,0,0,31902,24.95,2011,23,15.43,16.9
138009,Active,2011071,NA,NA,S,0,0,89700.275,24.95,2010,29,9.81,15.22
138010,Active,2011275,NA,NA,S,0,0,83663.475,22.99,2012,13,15.96,15.77
138011,Active,2011059,NA,NA,S,1,0,45135.1,24.95,2009,23,14.32,16.76
138012,Active,2004671,NA,NA,S,0,0,559376.135,24.95,2009,20,6.48,18.42
138013,Active,3809962,NA,NA,S,0,0,75951.075,49.95,2014,16,10.93,25.17
138014,Active,2151907,NA,NA,S,0,0,92522.125,49.95,2014,14,33.14,33.14
138015,Active,2393878,NA,NA,S,0,0,72403.20625,16,1991,94,4.17,11.19
138016,Active,2011264,NA,NA,S,0,0,100740.775,22.99,2012,21,12.87,15.77
138017,Active,2011003,NA,NA,S,0,0,45241.475,24.95,2008,25,15.53,16.49
138018,Active,2060307,NA,NA,S,0,0,32843.75,24.95,2012,21,10.98,8.49
138019,Active,2724904,NA,NA,S,4,1,411624.5825,19.95,1998,63,4.98,18.09
138020,Active,2011067,NA,NA,S,0,0,83201.225,34.95,2009,8,22.77,25.17
138021,Active,631569,NA,NA,S,1,0,122776.175,34.99,2010,20,5.42,22.64
138022,Active,3960074,NA,NA,S,1,0,10576.575,26.99,2015,16,18.71,18.02
138023,Active,857829,NA,NA,S,2,1,80119.025,30.65,2009,18,25.71,24.45
138024,Active,710658,NA,NA,S,1,0,680450.8025,30.75,1999,30,8,32.71
138025,Active,685315,NA,NA,S,1,0,29962.65,24.99,2013,22,17.32,17.1
138026,Active,2015757,NA,NA,S,0,0,16360.4,21,2013,20,14.63,19.59
138027,Active,3617131,NA,NA,S,2,1,593602.55,12.95,1993,51,4,10.47
138028,Active,2163962,NA,NA,S,5,1,594209.7925,26,2012,114,4,6.48
138029,Active,667542,NA,NA,S,2,1,35502.3,0,2012,12,14.73,15.75
138030,Active,2316125,NA,NA,S,5,1,172072.6,45.8,1978,37,4,139.87
138031,Active,2603445,NA,NA,S,0,0,590291.93,49.99,2003,59,6.93,37.97
138032,Active,814357,NA,NA,S,0,0,529110.5388,5.65,2007,19,16.68,18.98
138033,Active,815550,NA,NA,S,0,0,598293.5338,10.15,1998,63,4,0
138034,Active,815903,NA,NA,S,0,0,3946.145,12.4,2011,24,8.98,0
138035,Active,224615,NA,NA,S,0,0,428004.6425,13.25,2007,26,10.28,0
138036,Active,814353,NA,NA,S,0,0,774391.6138,5.65,2007,20,22.98,43.99
138037,Active,1723397,NA,NA,S,3,1,185340.875,41.61,2012,7,33.98,43.9
138038,Active,909902,NA,NA,S,2,1,38640.075,29.99,2014,17,18.78,20.27
138039,Active,1680214,NA,NA,S,0,0,50783.6,24.99,2014,20,17.87,17.88
138040,Active,2029820,NA,NA,S,0,0,245895.8,28.95,2007,34,8.16,21.5
138041,Active,680428,NA,NA,S,1,0,56378.975,27,2012,17,13.89,32.63
138042,Active,1720463,NA,NA,S,0,0,62807.425,24,2009,19,15.98,17.78
138043,Active,661204,NA,NA,S,0,0,42459.9625,37.5,2010,35,21.98,27.02
138044,Active,1677143,NA,NA,S,1,0,8842.075,28.99,2014,41,9.97,11.95
138045,Active,557385,NA,NA,S,1,0,48119.775,70.4,2008,23,38.62,52.85
138046,Active,1450019,NA,NA,S,1,0,179054.45,32,2008,18,17.99,20.77
138047,Active,1450062,NA,NA,S,1,0,14489.45,27.2,2014,21,22.54,22.78
138048,Active,634911,NA,NA,S,0,0,200543.75,34.95,2011,12,24.97,34.95
138049,Active,1729604,NA,NA,S,1,0,94919.3,29.95,2015,31,9.37,11.98
138050,Active,876622,NA,NA,S,6,1,49213.4875,113.2,2015,43,50.49,72.74
138051,Active,876515,NA,NA,S,6,1,331434.3225,122.53,2015,15,33.39,34.89
138052,Active,893947,NA,NA,S,6,1,94366.38375,113.2,2015,31,53.95,63.99
138053,Active,2394454,NA,NA,S,0,0,124311.5838,17,1994,51,4,12.44
138054,Active,1942977,NA,NA,S,1,0,1710.425,30,2015,16,18.95,0
138055,Active,2041785,NA,NA,S,0,0,74748.05,26.95,2015,25,15.93,17.25
138056,Active,682312,NA,NA,S,3,1,36095.275,25,2011,18,14.09,17.99
138057,Active,1436761,NA,NA,S,1,0,242237.9,25,2011,47,4,7.71
138058,Active,2007311,NA,NA,S,0,0,77379.5,31.99,2007,23,16.94,21.03
138059,Active,650230,NA,NA,S,1,0,345503.3113,63.4,2005,21,32.98,59.74
138060,Active,1827062,NA,NA,S,2,1,71598.25,28.95,2014,23,12.71,27.84
138061,Active,1455472,NA,NA,S,3,1,201999.9863,63.2,2015,27,10.34,57.38
138062,Active,869294,NA,NA,S,6,1,370522.8538,103.95,2015,25,22.94,74.49
138063,Active,544304,NA,NA,S,13,1,749086.1375,112.95,2013,36,16.39,88.66
138064,Active,3504544,NA,NA,S,2,1,270789.175,35.95,2016,3,39.38,35.93
138065,Active,1597852,NA,NA,S,1,0,60501.05,34.95,2010,22,20.75,20.75
138066,Active,860551,NA,NA,S,5,1,603377.485,30.95,2011,27,4.49,26.99
138067,Active,861832,NA,NA,S,3,1,67355.9525,20,2013,20,12.53,15.2
138068,Active,892869,NA,NA,S,4,1,24744.1425,16.25,2014,18,11.74,12.35
138069,Active,245265,NA,NA,S,5,1,505447.95,106.95,2006,18,3.99,15.88
138070,Active,534691,NA,NA,S,1,0,836268.83,41.95,2012,53,4.98,18.45
138071,Active,3461061,NA,NA,S,14,1,134747,45.95,2016,16,26.99,45.94
138072,Active,684925,NA,NA,S,0,0,118035.375,26.95,2009,18,17.89,24.88
138073,Active,545697,NA,NA,S,0,0,331648.4475,34.99,2012,25,12.4,0
138074,Active,1936425,NA,NA,S,4,1,42487.2,37.99,2015,16,20.99,33.92
138075,Active,900646,NA,NA,S,9,1,41847.0875,103,2014,40,32.54,83.36
138076,Active,683364,NA,NA,S,0,0,164456.2563,21,2011,29,7.13,0
138077,Active,540965,NA,NA,S,1,0,210981.7113,48.95,2011,18,9.79,53.17
138078,Active,2066841,NA,NA,S,4,1,314595.1038,20.25,2012,10,15.77,16.25
138079,Active,2486534,NA,NA,S,9,1,315609.55,42.95,2015,10,32.94,37.68
138080,Active,2486712,NA,NA,S,0,0,71703.045,43.95,2015,34,16.4,38.99
138081,Active,618620,NA,NA,S,1,0,863058.5575,110,2005,25,4,20.98
138082,Active,1827293,NA,NA,S,5,1,166098.8888,87.95,2015,42,14.73,66.79
138083,Active,525070,NA,NA,S,6,1,47657.78,153,2011,81,7.99,75.04
138084,Active,1721038,NA,NA,S,2,1,134364.825,29.95,2014,7,33.46,24.95
138085,Active,892721,NA,NA,S,9,1,145108.25,103,2014,24,28.37,66.78
138086,Active,546019,NA,NA,S,0,0,296838.1638,33.5,2012,13,30.49,0
138087,Active,915730,NA,NA,S,2,1,92046.75,25.95,2015,19,15.82,20.64
138088,Active,3694613,NA,NA,S,10,1,477352,104,2016,11,47.38,88.23
138089,Active,248411,NA,NA,S,1,0,810495.7463,110.95,2007,19,4,0
138090,Active,248349,NA,NA,S,1,0,485499.3238,128.95,2007,23,4.07,36.98
138091,Active,107715,NA,NA,S,3,1,86867.475,117.25,2006,25,52.65,0
138092,Active,108450,NA,NA,S,1,0,477327.0238,46.98,2003,23,4,45.28
138093,Active,109618,NA,NA,S,1,0,1344691.166,14.98,2006,34,4,15.49
138094,Active,654728,NA,NA,S,1,0,53470.05,48.94,2008,17,34.64,48.94
138095,Active,3513272,NA,NA,S,1,0,37435,48.75,2016,15,29.58,51.23
138096,Active,1478978,NA,NA,S,1,0,837389.3738,44.95,2011,21,8.88,33.99
138097,Active,243434,NA,NA,S,2,1,584784.2738,48.95,2009,44,4.98,48.65
138098,Active,1432157,NA,NA,S,1,0,14390,22.99,2010,32,12.5,13.94
138099,Active,2041578,NA,NA,S,0,0,699284.1813,16,2010,41,4,10.22
138100,Active,533817,NA,NA,S,6,1,9656.22375,160,2012,80,31.99,118.98
138101,Active,158198,NA,NA,S,1,0,231284.125,36.95,2009,14,27.66,29.91
138102,Active,1939133,NA,NA,S,1,0,142907.275,68,2014,19,46.99,46.99
138103,Active,639317,NA,NA,S,0,0,112596.475,36,2008,21,26.69,29.3
138104,Active,2545890,NA,NA,S,1,0,678461.685,48.95,2004,29,8.94,41.65
138105,Active,1731184,NA,NA,S,1,0,247650.7,29.95,2015,14,29.94,28.94
138106,Active,272486,NA,NA,S,1,0,397937.7213,53,2010,19,15.64,15.69
138107,Active,205819,NA,NA,S,1,0,321485.4725,30,2002,154,4,6.07
138108,Active,1829987,NA,NA,S,26,1,29559.285,61.95,2015,25,37.24,59.02
138109,Active,685436,NA,NA,S,0,0,253914.3875,29.95,2011,22,15.99,22.9
138110,Active,1969737,NA,NA,S,1,0,34897.025,25,2014,42,4,4.96
138111,Active,636060,NA,NA,S,1,0,717158.27,42.95,2009,18,14.7,40.19
138112,Active,639210,NA,NA,S,1,0,52790.775,45,2010,21,23.98,27.24
138113,Active,199333,NA,NA,S,1,0,186139.365,34.95,2004,29,18.54,30.49
138114,Active,2721612,NA,NA,S,2,1,744263.1338,103,1997,24,4,66.05
138115,Active,680302,NA,NA,S,2,1,15887.7,29.95,2008,30,18.02,18.32
138116,Active,148941,NA,NA,S,2,1,45425.825,30.63,2007,42,14.39,21
138117,Active,121339,NA,NA,S,1,0,97382.275,107.2,2011,19,55.79,69.13
138118,Active,650981,NA,NA,S,4,1,282030.76,119.95,2005,34,11.02,122.44
138119,Active,1858693,NA,NA,S,4,1,623647.84,48,2009,19,4.39,51.88
138120,Active,3775913,NA,NA,S,4,1,395933.7,44,2015,27,8.39,8.45
138121,Active,633526,NA,NA,S,1,0,331754.5038,84,2001,32,19.33,34.81
138122,Active,1471360,NA,NA,S,1,0,191154.45,34.95,2014,18,23.01,24.01
138123,Active,1718254,NA,NA,S,1,0,861642.45,60,2006,27,7.99,6.86
138124,Active,546700,NA,NA,S,7,1,62438.00625,85.28,2011,52,16.19,68.49
138125,Active,174367,NA,NA,S,0,0,885369.2138,49.99,2005,38,5.76,32.97
138126,Active,612716,NA,NA,S,0,0,88661.675,48.99,2013,19,31.6,33.26
138127,Active,563714,NA,NA,S,8,1,82012.48,27.99,2010,56,8.9,39.61
138128,Active,615148,NA,NA,S,1,0,125317.175,109.6,2006,28,7.98,16.09
138129,Active,1438922,NA,NA,S,1,0,185490.225,30,2011,14,11.51,18.94
138130,Active,561473,NA,NA,S,5,1,405875.6,48.6,2012,30,4,9.78
138131,Active,743009,NA,NA,S,3,1,325622.35,35.2,2012,20,6.22,28.99
138132,Active,2721727,NA,NA,S,1,0,153742.7463,97,1999,38,5.07,62.93
138133,Active,195963,NA,NA,S,1,0,176393.275,24.95,2008,22,18.08,15.39
138134,Active,2056442,NA,NA,S,0,0,41117.8,29.95,2009,26,22,20.97
138135,Active,2041640,NA,NA,S,0,0,155349.175,26.95,2011,50,4,11.91
138136,Active,3805093,NA,NA,S,0,0,153683.925,48,2016,7,37,31.3
138137,Active,862424,NA,NA,S,7,1,101552.0675,324.95,2014,48,42.19,106.99
138138,Active,611576,NA,NA,S,7,1,60836.6875,173,2014,44,36.19,130.14
138139,Active,689209,NA,NA,S,0,0,147434.825,21.95,2009,18,16.16,16.17
138140,Active,673896,NA,NA,S,0,0,24591.5,24.99,2014,12,20.26,16.24
138141,Active,2052797,NA,NA,S,0,0,85243.5,24.99,2014,7,21.99,20.38
138142,Active,701895,NA,NA,S,1,0,87348.95,49.95,2010,19,15.94,17.52
138143,Active,2649380,NA,NA,S,1,0,483424.6838,45.95,2005,37,4.47,24.37
138144,Active,572239,NA,NA,S,0,0,589493.7063,83.4,2007,47,6,18.5
138145,Active,1621334,NA,NA,S,1,0,189284.075,85.25,2007,39,6.2,57.72
138146,Active,691480,NA,NA,S,0,0,3945.4,24.99,2013,11,22.11,16.79
138147,Active,567024,NA,NA,S,0,0,135309.35,29.95,2011,22,4,15.99
138148,Active,1587427,NA,NA,S,0,0,175430.45,54,2007,20,34.1,35
138149,Active,1730199,NA,NA,S,1,0,157570.85,22.95,2011,17,11.97,16.29
138150,Active,1689991,NA,NA,S,0,0,20017.725,24.99,2014,15,21.59,19.75
138151,Active,2116885,NA,NA,S,0,0,137346.55,22,2011,22,12.98,15.67
138152,Active,768127,NA,NA,S,1,0,280909.7163,102.05,2010,16,18.25,42.86
138153,Active,2263622,NA,NA,S,0,0,201017.675,20.84,2010,21,8.49,20.77
138154,Active,619974,NA,NA,S,0,0,192906.325,85.6,2007,39,6.62,65.87
138155,Active,693698,NA,NA,S,0,0,460151.15,337.6,2000,21,7.22,15.93
138156,Active,896908,NA,NA,S,5,1,118743.75,29.95,2014,44,8.84,12.93
138157,Active,897175,NA,NA,S,1,0,771079.355,64.85,2008,21,5.98,7.04
138158,Active,1829829,NA,NA,S,8,1,366215.4375,99.95,2015,32,40.99,46.49
138159,Active,694401,NA,NA,S,4,1,445800.1813,33.99,2002,30,8.98,23.99
138160,Active,544104,NA,NA,S,2,1,95736.465,34.95,2013,30,27.58,29.97
138161,Active,2702332,NA,NA,S,2,1,237145.0188,50,2005,38,14.41,50.8
138162,Active,547885,NA,NA,S,0,0,582061.9275,171.75,1996,69,4.81,55.72
138163,Active,768126,NA,NA,S,1,0,52013.93125,62.35,2010,27,23.66,72.45
138164,Active,2425505,NA,NA,S,3,1,387536.4113,88,1991,28,4,23.99
138165,Active,630186,NA,NA,S,0,0,156741.4875,92.25,2006,48,8.01,57.94
138166,Active,532072,NA,NA,S,5,1,282409.68,105.95,2011,66,8.14,55
138167,Active,2881728,NA,NA,S,2,1,281343.14,37,1994,57,4,15.78
138168,Active,695780,NA,NA,S,1,0,225113.7375,73.5,2008,31,16.05,68.99
138169,Active,557673,NA,NA,S,8,1,123915.9675,71.8,2012,43,16.9,62.43
138170,Active,514765,NA,NA,S,0,0,64010.21875,132.25,2009,58,20,96.3
138171,Active,578822,NA,NA,S,0,0,95404.125,25,2008,38,7.38,24.12
138172,Active,1684605,NA,NA,S,0,0,51236.05,74.47,2006,56,6.89,23.97
138173,Active,1452428,NA,NA,S,0,0,135070.125,72.97,2013,15,15.84,0
138174,Active,1684607,NA,NA,S,0,0,194384.05,90.55,2006,21,16.88,68.47
138175,Active,514313,NA,NA,S,1,0,143447.85,127.1,2005,46,8.06,118.21
138176,Active,693825,NA,NA,S,1,0,205866.0863,149.05,2000,69,5.17,20.67
138177,Active,919890,NA,NA,S,1,0,84250.5,24,2008,42,4,23.99
138178,Active,2268432,NA,NA,S,3,1,417497.9,199.18,1900,17,48.39,115.55
138179,Active,2650645,NA,NA,S,0,0,461618.05,19.99,2004,11,13.92,15.8
138180,Active,225221,NA,NA,S,0,0,167223.945,70.76,2001,32,25.33,62.94
138181,Active,426249,NA,NA,S,1,0,72305.2,29.99,2006,20,15.99,18.99
138182,Active,875927,NA,NA,S,2,1,451304.2988,110.1,2007,23,30.91,85.53
138183,Active,769152,NA,NA,S,0,0,577976.88,14.99,2002,23,8.52,14.94
138184,Active,1734626,NA,NA,S,0,0,166511.5,24.99,2011,20,15.99,19.78
138185,Active,170475,NA,NA,S,1,0,84939.15,24.95,2010,47,4.85,14.74
138186,Active,810763,NA,NA,S,0,0,47130.3,21,2010,29,10.82,13.9
138187,Active,1646656,NA,NA,S,0,0,72043.35,24.99,2014,16,11.3,12.98
138188,Active,1911807,NA,NA,S,0,0,108764.8975,8.99,2012,31,5.18,8.72
138189,Active,1832459,NA,NA,S,0,0,462255.295,14.99,2010,32,11.2,42.69
138190,Active,3794108,NA,NA,S,0,0,82686.075,39.99,2007,18,29.9,80.85
138191,Active,2082198,NA,NA,S,0,0,54390.5,24.99,2013,19,16.5,16.5
138192,Active,2094528,NA,NA,S,0,0,422.125,39.99,2016,9,24.99,23.99
138193,Active,2087626,NA,NA,S,0,0,634588.5025,45,2014,13,13.79,30.13
138194,Active,678930,NA,NA,S,1,0,423937.8025,19.95,2005,19,5.75,18.43
138195,Active,914878,NA,NA,S,0,0,620623.8025,79.95,2000,34,11.46,53.9
138196,Active,866640,NA,NA,S,35,1,174739.3013,64,2014,20,18.99,48.98
138197,Active,1848701,NA,NA,S,1,0,596793.02,58.95,2010,24,12.98,48.42
138198,Active,531087,NA,NA,S,1,0,791111.7638,175.95,2008,64,4.5,43.99
138199,Active,1827031,NA,NA,S,15,1,119700.53,189.95,2015,44,33.82,68.98
138200,Active,195925,NA,NA,S,1,0,514380.925,32.95,2002,25,6.55,8.74
138201,Active,906876,NA,NA,S,2,1,121447.4963,35,2014,42,14.99,23.2
138202,Active,533606,NA,NA,S,7,1,29622.72625,194.95,2012,80,36.69,105.51
138203,Active,677842,NA,NA,S,3,1,30417.05,26.25,2009,41,10.15,25.2
138204,Active,859489,NA,NA,S,0,0,12190.595,18.95,2006,96,9.53,13.04
138205,Active,864884,NA,NA,S,4,1,41758.31375,93.95,2014,60,43.54,51.63
138206,Active,292334,NA,NA,S,3,1,312546.525,24.95,2003,90,4,12.62
138207,Active,874243,NA,NA,S,5,1,24998.89125,91.95,2014,52,44.9,59.99
138208,Active,677946,NA,NA,S,4,1,676437.5513,26.95,2005,38,4.19,8.96
138209,Active,2040789,NA,NA,S,3,1,236920.375,31.95,2011,12,22.68,32.04
138210,Active,902208,NA,NA,S,0,0,93587.15,24.95,2010,16,26.8,24.95
138211,Active,1683880,NA,NA,S,0,0,19856.275,24.99,2008,24,15.67,16.82
138212,Active,1655550,NA,NA,S,2,1,72654.725,24.95,2009,28,10.22,16.67
138213,Active,1958063,NA,NA,S,0,0,13310.55,40,2014,17,19.21,23.36
138214,Active,617649,NA,NA,S,0,0,134928.5,40,2009,36,18.96,29.99
138215,Active,1655559,NA,NA,S,0,0,167944.375,24.95,2009,51,5.14,11.98
138216,Active,1958230,NA,NA,S,0,0,9867.125,40,2015,16,20.93,23.98
138217,Active,175114,NA,NA,S,0,0,57915.375,39.99,2011,17,35.04,34.99
138218,Active,215940,NA,NA,S,0,0,83355,27.5,2011,62,5.18,9.94
138219,Active,2015598,NA,NA,S,0,0,27074.65,39.95,2015,9,25.74,27.16
138220,Active,658375,NA,NA,S,1,0,836771.8988,41.95,2011,16,4.99,26.94
138221,Active,1876907,NA,NA,S,0,0,37988,40,2014,21,14.84,23.3
138222,Active,2043247,NA,NA,S,1,0,52195.875,24.99,2010,25,12.91,16.08
138223,Active,629195,NA,NA,S,0,0,13519.25,40,2012,45,14.31,24.18
138224,Active,2149521,NA,NA,S,0,0,33991.675,26.99,2009,10,21.03,21.05
138225,Active,729174,NA,NA,S,1,0,521418.0075,43.75,1999,52,4,8.99
138226,Active,867943,NA,NA,S,3,1,47246.8825,54.95,2014,58,23.99,43.94
138227,Active,1535827,NA,NA,S,0,0,29138.7275,97.25,2015,48,46.89,48.98
138228,Active,153803,NA,NA,S,0,0,30571.15,34.75,2010,23,20.99,25.96
138229,Active,747010,NA,NA,S,4,1,47192.14875,141.75,2013,39,51.57,103.16
138230,Active,867236,NA,NA,S,4,1,29063.97375,132,2013,82,36.18,62.06
138231,Active,3513351,NA,NA,S,2,1,168366.875,25,2016,33,11.73,14.98
138232,Active,620467,NA,NA,S,4,1,5605.91625,132,2013,86,53.89,73.99
138233,Active,3513352,NA,NA,S,2,1,242782.1,25,2016,31,12.37,14.98
138234,Active,656106,NA,NA,S,4,1,114489.5925,109.75,2013,46,22.27,63.99
138235,Active,1754916,NA,NA,S,4,1,263846.4,19.99,2014,18,8.04,19.98
138236,Active,748335,NA,NA,S,1,0,744521.3063,83.95,2006,28,11.99,28.99
138237,Active,2597634,NA,NA,S,1,0,866609.155,59.99,1992,21,13.99,58.06
138238,Active,1624029,NA,NA,S,0,0,36812.075,35,2013,18,23.95,24.25
138239,Active,1691872,NA,NA,S,0,0,119598.075,26,2009,12,20.9,21.25
138240,Active,2046806,NA,NA,S,1,0,64424.59125,36,2014,199,4,8.24
138241,Active,1697001,NA,NA,S,0,0,93037.375,25,2014,27,13.68,16.48
138242,Active,873408,NA,NA,S,1,0,374582.1813,133.5,1998,35,4.09,12.13
138243,Active,1760460,NA,NA,S,0,0,165194.775,24.99,2013,20,25.49,23.54
138244,Active,631654,NA,NA,S,1,0,160005.95,39.99,2009,20,20.04,20.49
138245,Active,924222,NA,NA,S,4,1,51871.0275,72.99,2015,18,44.59,50.35
138246,Active,2090279,NA,NA,S,0,0,46395.7,29.99,2014,28,12.19,15.68
138247,Active,2051136,NA,NA,S,0,0,145094.4,26.95,2010,45,7.08,10.48
138248,Active,673414,NA,NA,S,0,0,1197.61,15,2012,113,4.32,6.98
138249,Active,1498257,NA,NA,S,0,0,22136,22.99,2015,28,8.47,11.62
138250,Active,667077,NA,NA,S,1,0,544282.025,47.95,2007,26,14.94,33.98
138251,Active,1856796,NA,NA,S,0,0,118083.025,22.99,2013,19,15.48,16.52
138252,Active,276967,NA,NA,S,2,1,11440.9,29.95,2007,49,13.44,16.28
138253,Active,3960204,NA,NA,S,0,0,39682.05,37.5,2015,16,24.96,24.69
138254,Active,1938923,NA,NA,S,0,0,192940.325,38,2015,15,29.73,29.78
138255,Active,2155885,NA,NA,S,0,0,149896.8,0,2011,13,33.2,53.94
138256,Active,1957310,NA,NA,S,4,1,855939.44,65,2014,27,4.78,67.59
138257,Active,671988,NA,NA,S,1,0,8344.875,23,2011,42,16.45,16.45
138258,Active,1624219,NA,NA,S,1,0,111885.475,42.75,2008,20,10.48,38.78
138259,Active,2604451,NA,NA,S,2,1,109958.725,45,2005,31,19.18,29.98
138260,Active,2056141,NA,NA,S,0,0,105918.75,24.95,2015,15,18.51,17.88
138261,Active,1848668,NA,NA,S,0,0,308797.57,34.95,2014,29,5.26,12.76
138262,Active,1581505,NA,NA,S,0,0,111817.775,39.75,2010,28,8.62,23.99
138263,Active,617517,NA,NA,S,1,0,380824.0738,102.5,2004,59,5.28,17.49
138264,Active,616456,NA,NA,S,0,0,171726.95,148.25,2009,37,7.27,39.49
138265,Active,633944,NA,NA,S,0,0,246783.05,149,2008,26,8.32,78.2
138266,Active,615884,NA,NA,S,0,0,185019.725,144,2008,30,11.47,22.32
138267,Active,3960031,NA,NA,S,95,1,31657.05,29.99,2015,22,12.78,11.48
138268,Active,631307,NA,NA,S,6,1,547501.2563,67,2007,23,4.63,46.28
138269,Active,610032,NA,NA,S,9,1,66199.565,126.95,2014,39,47.62,88.99
138270,Active,266279,NA,NA,S,8,1,38012.78375,190.95,2013,70,10.49,32.79
138271,Active,864798,NA,NA,S,4,1,22851.41625,142.8,2014,74,36.42,74.9
138272,Active,618515,NA,NA,S,2,1,343534.9738,131.95,2011,51,8.37,71.41
138273,Active,200907,NA,NA,S,3,1,799158.1725,18.99,2008,59,4,7.66
138274,Active,910919,NA,NA,S,3,1,82772.275,20.99,2010,23,8.98,18.97
138275,Active,287607,NA,NA,S,6,1,54252.34875,57.2,2008,56,20.93,40.72
138276,Active,131021,NA,NA,S,13,1,139383.965,87.8,2011,47,43.53,66.4
138277,Active,1576751,NA,NA,S,3,1,113158.195,29.95,2014,18,20.53,21.45
138278,Active,131163,NA,NA,S,1,0,433739.5675,80.8,1998,32,6.41,61.69
138279,Active,1731273,NA,NA,S,1,0,61743.5,24.95,2014,10,19.96,24.93
138280,Active,862427,NA,NA,S,7,1,10312.475,116.95,2014,79,41.99,68.68
138281,Active,677084,NA,NA,S,0,0,42416.59625,25,1978,48,8.87,19.07
138282,Active,3791185,NA,NA,S,2,1,539345.55,17.5,2000,18,7.99,23.94
138283,Active,711689,NA,NA,S,0,0,644615.7588,52.25,2002,53,4.95,7.91
138284,Active,1448263,NA,NA,S,0,0,160535.975,104.25,2006,57,5.82,17.99
138285,Active,616462,NA,NA,S,0,0,134028.575,104.25,2006,77,4.98,16.48
138286,Active,1672621,NA,NA,S,0,0,25878.65,23.99,2011,12,13.44,15.64
138287,Active,561595,NA,NA,S,5,1,51901.50875,86.2,2013,74,28.64,48.99
138288,Active,1946653,NA,NA,S,2,1,70234.225,28,2014,7,30.46,30.49
138289,Active,560119,NA,NA,S,1,0,76248.95,28,2010,48,8.53,15.04
138290,Active,875048,NA,NA,S,10,1,21536.26,106.2,2015,68,49.83,76.98
138291,Active,876605,NA,NA,S,7,1,76573.8525,86.2,2015,38,48.83,65.75
138292,Active,686407,NA,NA,S,1,0,59687.65,25.63,2009,17,18.99,22.36
138293,Active,545143,NA,NA,S,1,0,444970.495,149.95,2009,35,9.99,55.81
138294,Active,1716148,NA,NA,S,0,0,203264.925,24.95,2015,11,21.58,21.32
138295,Active,215403,NA,NA,S,4,1,110837.325,35,2007,35,7.37,27.99
138296,Active,566161,NA,NA,S,0,0,33563.65,21.99,2012,23,12.61,13.95
138297,Active,599828,NA,NA,S,1,0,53536.4,21.95,2011,19,19.8,19.86
138298,Active,641997,NA,NA,S,3,1,490423.9813,129.73,2013,22,15.53,186.97
138299,Active,595038,NA,NA,S,0,0,128618.15,53,2011,26,26.71,33.99
138300,Active,591337,NA,NA,S,1,0,99321.425,155.95,2004,32,47.1,73.6
138301,Active,3106694,NA,NA,S,2,1,107822.55,24,2014,12,10.23,18.98
138302,Active,200812,NA,NA,S,2,1,554695.87,14.95,2004,34,4,33.98
138303,Active,3012082,NA,NA,S,0,0,156147.65,29.95,2015,12,20.04,29.49
138304,Active,3461072,NA,NA,S,9,1,37132,69.01,2016,46,39.97,38.99
138305,Active,1761709,NA,NA,S,0,0,45416.325,24.99,2014,14,21.7,22.26
138306,Active,132644,NA,NA,S,4,1,59505.80625,88.8,2009,52,12.99,44.37
138307,Active,3461073,NA,NA,S,2,1,96668.28875,26.94,2015,53,14.87,20.74
138308,Active,562336,NA,NA,S,0,0,57911.775,33.13,2011,23,18.61,28.92
138309,Active,691185,NA,NA,S,1,0,140771.275,27.95,2012,16,30.76,154.85
138310,Active,126636,NA,NA,S,1,0,108296.325,37.95,2010,27,11.93,19.67
138311,Active,1599941,NA,NA,S,0,0,134988.925,24.3,2013,16,9.93,9.82
138312,Active,877870,NA,NA,S,6,1,10342.33375,80.5,2015,21,52.94,63.94
138313,Active,866643,NA,NA,S,8,1,12431.22375,86.2,2014,34,48.89,76.78
138314,Active,269686,NA,NA,S,10,1,54882.425,24.95,2008,27,16.34,14.97
138315,Active,141964,NA,NA,S,1,0,313775.4825,102.25,2010,61,12.95,61.46
138316,Active,248453,NA,NA,S,6,1,330069.1675,182.95,2008,38,19.52,78.99
138317,Active,539991,NA,NA,S,8,1,38543.72375,81.2,2011,60,29.49,53.98
138318,Active,3472826,NA,NA,S,1,0,112035.8,53.32,2012,21,12.9,21.94
138319,Active,544259,NA,NA,S,9,1,81416.1825,169.95,2013,125,17.99,52.48
138320,Active,538098,NA,NA,S,6,1,44331.4775,27.99,2012,36,12.01,0
138321,Active,542620,NA,NA,S,2,1,136667.5,49.99,2002,64,5.46,15
138322,Active,1482357,NA,NA,S,1,0,426668.81,81,2014,27,18.51,38.85
138323,Active,1875468,NA,NA,S,1,0,139684.25,39.99,2008,19,7.64,29.98
138324,Active,3694503,NA,NA,S,6,1,339473,18,2016,11,13.48,18
138325,Active,601005,NA,NA,S,3,1,30627.875,26.95,2011,27,16.77,18.95
138326,Active,327635,NA,NA,S,1,0,701412.3488,80.78,2000,47,4,67.24
138327,Active,878800,NA,NA,S,3,1,14508.91125,104.8,2015,73,48.43,73.99
138328,Active,1517685,NA,NA,S,3,1,55638.17,85.4,2015,40,35.49,70.27
138329,Active,1778088,NA,NA,S,1,0,142514.275,40,2014,13,21.99,23.26
138330,Active,415923,NA,NA,S,3,1,82070.825,25,2010,26,13.51,13.62
138331,Active,1480012,NA,NA,S,1,0,177781.15,29.95,2012,18,20.63,25.67
138332,Active,681250,NA,NA,S,0,0,18987.15,28.95,2012,28,16.21,21.9
138333,Active,2157858,NA,NA,S,1,0,91183.25,30.95,2013,11,20.49,22.85
138334,Active,2157861,NA,NA,S,1,0,140447.875,34.95,2014,14,25.75,25.75
138335,Active,568054,NA,NA,S,0,0,84765,29.95,2008,24,9.99,23.08
138336,Active,861840,NA,NA,S,3,1,410647.9725,43,2013,19,15.26,27.9
138337,Active,1716314,NA,NA,S,0,0,69116.975,22.95,2009,39,6.97,14.98
138338,Active,3522595,NA,NA,S,1,0,114696.825,26.95,2013,33,8.66,15.79
138339,Active,233216,NA,NA,S,3,1,31654.30125,24.25,2009,59,4,14.41
138340,Active,2049508,NA,NA,S,0,0,147668.7,24.95,2013,20,11.33,11.33
138341,Active,1484098,NA,NA,S,0,0,136052.4,35,2014,18,31.58,28.52
138342,Active,1544607,NA,NA,S,1,0,658123.1538,65.95,2013,24,16.53,47.89
138343,Active,681074,NA,NA,S,1,0,122403.7,31.8,2007,23,18.92,23.94
138344,Active,914797,NA,NA,S,0,0,20728.975,22,2009,25,13.97,15.75
138345,Active,1958203,NA,NA,S,0,0,28596.425,25,2015,18,13.96,13.98
138346,Active,164178,NA,NA,S,1,0,402250.7138,46,1997,66,5.43,26.18
138347,Active,2897904,NA,NA,S,2,1,23727.1,22.95,2014,6,19.85,17.99
138348,Active,733605,NA,NA,S,0,0,262073.17,17.99,2007,29,9.44,13.18
138349,Active,1684364,NA,NA,S,1,0,98703.75,34.99,2014,11,18.73,20.94
138350,Active,282041,NA,NA,S,0,0,102254.4,44.95,2014,27,10.73,28.31
138351,Active,1684200,NA,NA,S,0,0,36812.7,24.99,2012,18,21.18,28.98
138352,Active,1683857,NA,NA,S,0,0,36594.45,29.99,2008,36,17.94,19.62
138353,Active,1684132,NA,NA,S,1,0,85989.425,34.99,2011,18,21.96,22.1
138354,Active,1655178,NA,NA,S,3,1,252424.95,24.99,2006,25,5.43,53.99
138355,Active,616958,NA,NA,S,1,0,81787.9,35,2007,27,13.24,18.95
138356,Active,401614,NA,NA,S,1,0,205141.7,33,2007,11,15.8,19.36
138357,Active,682825,NA,NA,S,0,0,36978.45,29.99,2011,24,20.12,19.62
138358,Active,3467901,NA,NA,S,1,0,82051.65,42,2007,27,21.54,29.04
138359,Active,569249,NA,NA,S,1,0,211400.025,44.99,2010,32,9.22,32.58
138360,Active,2010239,NA,NA,S,1,0,196981.875,37.95,2007,17,25.1,20.4
138361,Active,234622,NA,NA,S,1,0,113626.5,38.95,2009,13,24.19,27.58
138362,Active,3503710,NA,NA,S,0,0,87705.775,45,2015,17,31.75,26.68
138363,Active,675734,NA,NA,S,3,1,2016.575,22,2007,37,16.03,19.14
138364,Active,3829933,NA,NA,S,0,0,177436,55,2016,13,32.1,34.95
138365,Active,1534908,NA,NA,S,1,0,65874.05,29.95,2014,25,13.72,18.46
138366,Active,2087932,NA,NA,S,0,0,239593.475,32.95,2015,17,13.3,21.65
138367,Active,2395274,NA,NA,S,0,0,8032.22125,16,2002,595,4,7.03
138368,Active,2043314,NA,NA,S,0,0,33586.9,21.99,2014,20,10.77,13.36
138369,Active,3797418,NA,NA,S,0,0,25530.325,32.95,2012,10,27.04,23.98
138370,Active,1742626,NA,NA,S,4,1,33309.185,24.95,2013,19,18.23,19.32
138371,Active,1433530,NA,NA,S,0,0,16741.6,27.99,2015,19,13.5,14
138372,Active,2093753,NA,NA,S,1,0,36948.175,24.99,2013,21,17.35,17.49
138373,Active,3754168,NA,NA,S,0,0,90560.325,30,2012,19,18.49,28.88
138374,Active,680284,NA,NA,S,0,0,20491.825,29.99,2009,24,17.18,21.43
138375,Active,3960258,NA,NA,S,0,0,39283.55,34.99,2014,25,9.46,15.67
138376,Active,1870745,NA,NA,S,0,0,173827.475,30,2012,30,16.94,17.48
138377,Active,805661,NA,NA,S,1,0,75156.55,25,2008,52,6.55,13.48
138378,Active,2597262,NA,NA,S,1,0,349719.6425,59.99,1990,41,12.79,49.14
138379,Active,2129832,NA,NA,S,0,0,115759.975,22.95,2008,14,12.08,19.79
138380,Active,2024716,NA,NA,S,0,0,8910.225,24.95,2014,14,16.2,16.2
138381,Active,1781231,NA,NA,S,1,0,83355.875,26.99,2015,10,16.68,11.87
138382,Active,194123,NA,NA,S,1,0,51263.24,19.95,2007,135,6.47,8.94
138383,Active,2165300,NA,NA,S,1,0,84064.85,21.95,2012,21,13.08,14.59
138384,Active,2164848,NA,NA,S,0,0,101704.3,29.99,2014,11,20.53,21.12
138385,Active,2165310,NA,NA,S,1,0,177289,21.95,2013,16,13.51,16.73
138386,Active,2165285,NA,NA,S,1,0,32274.4,21.95,2011,21,15.35,15.84
138387,Active,1607065,NA,NA,S,1,0,9304.75,24,2007,41,12.83,16.54
138388,Active,2293306,NA,NA,S,2,1,41673,0,2015,0,0,0
138389,Active,297002,NA,NA,S,0,0,60387.25,24.95,2007,56,5.27,17.74
138390,Active,3794064,NA,NA,S,0,0,86864.575,55,2013,21,32.35,32.35
138391,Active,1749719,NA,NA,S,1,0,37166.725,29.95,2008,22,18.19,20.98
138392,Active,2033990,NA,NA,S,1,0,76542.625,22.95,2009,29,9.73,16.15
138393,Active,1569068,NA,NA,S,2,1,249207.5825,19.99,2010,46,4.51,25.19
138394,Active,224728,NA,NA,S,2,1,106276.9463,71.95,2011,40,23.57,43.98
138395,Active,1970187,NA,NA,S,0,0,6603.625,22.99,2015,18,11.62,13.19
138396,Active,2393280,NA,NA,S,0,0,504082.0338,64.4,1970,23,19.48,48.99
138397,Active,2016727,NA,NA,S,1,0,29652.675,21.95,2009,23,10.89,16.6
138398,Active,778675,NA,NA,S,1,0,60108.275,41.95,2009,24,34.46,36.06
138399,Active,1741748,NA,NA,S,1,0,84724.975,24.95,2007,62,4.31,15.95
138400,Active,3488976,NA,NA,S,0,0,249623.125,24.95,2009,31,6.73,17.36
138401,Active,600629,NA,NA,S,1,0,19803.725,34.95,2010,21,24.88,22.48
138402,Active,600628,NA,NA,S,1,0,28817.425,34.95,2010,22,22.43,22.46
138403,Active,600630,NA,NA,S,1,0,41097.375,34.95,2010,18,19.95,22.48
138404,Active,600631,NA,NA,S,1,0,41940.275,34.95,2010,23,16.98,22.48
138405,Active,683100,NA,NA,S,1,0,1732.575,24.95,2012,40,13,14.1
138406,Active,685368,NA,NA,S,1,0,66340.7,25.95,2012,16,16.38,16.89
138407,Active,673861,NA,NA,S,1,0,55928.925,24.95,2013,14,24.82,22.51
138408,Active,603010,NA,NA,S,0,0,17793.2525,29.95,2009,29,9.99,20.03
138409,Active,1598445,NA,NA,S,0,0,85487.15,22,2015,19,11.09,15.33
138410,Active,2170470,NA,NA,S,1,0,183761.575,24.99,2015,13,20.94,23.33
138411,Active,3829494,NA,NA,S,1,0,156039.125,60,2007,18,36.91,40.33
138412,Active,1508858,NA,NA,S,1,0,22390.075,26,2014,57,6.35,17.74
138413,Active,1626524,NA,NA,S,0,0,167502.125,24.99,2010,18,15.78,17.99
138414,Active,2043549,NA,NA,S,1,0,105114.725,22.5,2013,30,8.48,8.48
138415,Active,2914941,NA,NA,S,2,1,44056.6,21.95,2015,10,21.14,19.68
138416,Active,1708431,NA,NA,S,0,0,229405,23.95,2011,28,4,10.62
138417,Active,1834761,NA,NA,S,1,0,28957.3,25.99,2014,30,12.58,13.98
138418,Active,1970271,NA,NA,S,0,0,81011.975,26,2014,53,7.47,6.38
138419,Active,798021,NA,NA,S,0,0,28638.325,0,2008,9,9.95,13.83
138420,Active,2393288,NA,NA,S,1,0,342504.8113,41.52,1974,71,4,29.99
138421,Active,755811,NA,NA,S,1,0,195674.1,29.95,2011,47,4,6.47
138422,Active,1700563,NA,NA,S,0,0,111983.875,22,2009,23,21.7,22
138423,Active,163365,NA,NA,S,1,0,154543.9,29.95,2011,39,4,16.53
138424,Active,876504,NA,NA,S,0,0,73180.98,24.95,1996,92,5.43,27.98
138425,Active,524959,NA,NA,S,9,1,85558.83375,47.6,2011,48,4,25.71
138426,Active,1938960,NA,NA,S,1,0,197450.1,27.95,2012,11,25.78,23.91
138427,Active,1989607,NA,NA,S,1,0,27730.125,21.99,2014,19,15.96,15.08
138428,Active,1701342,NA,NA,S,2,1,149591.75,25.95,2007,20,8.74,21.8
138429,Active,185188,NA,NA,S,1,0,61720.325,25.95,2009,37,4.71,15.43
138430,Active,1746620,NA,NA,S,1,0,215787.7,24.95,2007,23,16.81,24.4
138431,Active,2109817,NA,NA,S,1,0,44506.25,29.99,2014,33,8.59,20.26
138432,Active,1778351,NA,NA,S,1,0,42858.05,29.99,2013,21,18.4,19.35
138433,Active,881489,NA,NA,S,2,1,320014.8563,60,2014,31,18.94,58.9
138434,Active,888360,NA,NA,S,0,0,324073.665,29.99,2008,17,68.98,125.99
138435,Active,1471180,NA,NA,S,1,0,94646.775,31.95,2014,8,22.58,25.57
138436,Active,902188,NA,NA,S,3,1,78727.575,25,2014,19,17.36,15.87
138437,Active,677008,NA,NA,S,1,0,33133.525,27.5,2012,67,7.81,13.98
138438,Active,214393,NA,NA,S,2,1,34253.65,29.95,2010,37,16.99,16.88
138439,Active,1563864,NA,NA,S,0,0,118657.65,27,2014,48,5.26,5.97
138440,Active,2077592,NA,NA,S,0,0,125805.1,29.99,2012,13,18.98,20.71
138441,Active,2070765,NA,NA,S,1,0,144305.375,25.99,2012,41,4.27,8.55
138442,Active,1942935,NA,NA,S,0,0,56779.475,27,2014,39,6.99,6.95
138443,Active,1814590,NA,NA,S,0,0,88995.325,25.99,2014,20,14.23,9.98
138444,Active,1527836,NA,NA,S,0,0,12434.71625,25,2010,67,4.53,17.21
138445,Active,3960028,NA,NA,S,0,0,5694.35,45,2015,17,23.98,25.17
138446,Active,2070770,NA,NA,S,0,0,44968.625,24.99,2010,37,9.2,11.94
138447,Active,1777769,NA,NA,S,1,0,117138.7,24.95,2012,38,4,10.49
138448,Active,675549,NA,NA,S,1,0,9085.475,29.99,2009,40,12,16.69
138449,Active,805628,NA,NA,S,0,0,71978.5,24.99,2008,64,4,8.33
138450,Active,595238,NA,NA,S,10,1,200895.4063,84.25,2012,42,4.99,46.97
138451,Active,1946594,NA,NA,S,1,0,100055.05,83.5,2014,27,35.44,53.72
138452,Active,1736920,NA,NA,S,0,0,28387.075,25.95,2014,18,16.13,18.73
138453,Active,2100996,NA,NA,S,1,0,90326.45,29.95,2014,9,16.34,17.72
138454,Active,1625461,NA,NA,S,0,0,188701.65,24,2008,28,16.3,21.72
138455,Active,896786,NA,NA,S,2,1,73919.29375,16.95,2013,72,11,12.34
138456,Active,539337,NA,NA,S,3,1,157751.5475,61.8,2013,33,22.49,43.22
138457,Active,1492203,NA,NA,S,1,0,127750.75,24.99,2011,16,12.86,18.59
138458,Active,1780844,NA,NA,S,1,0,88650.45,25,2015,14,17.23,16.89
138459,Active,524954,NA,NA,S,2,1,6177.65,22,2010,21,11.09,11.23
138460,Active,1628696,NA,NA,S,5,1,792248.3063,19.99,2014,19,4.99,7.29
138461,Active,688006,NA,NA,S,1,0,4523.3,25,2012,14,19.03,19.03
138462,Active,875297,NA,NA,S,3,1,338932.385,49.54,2014,22,21.99,28.69
138463,Active,2104045,NA,NA,S,1,0,176679.1,22.95,2015,14,10.86,16.87
138464,Active,1751474,NA,NA,S,1,0,91077.175,24.95,2013,13,14.86,19.51
138465,Active,126516,NA,NA,S,1,0,589978.4475,74,2004,51,4,14.94
138466,Active,682037,NA,NA,S,0,0,61489.25,25,2013,41,4,4.48
138467,Active,1616180,NA,NA,S,4,1,38949.125,34.99,2015,17,10.9,15.79
138468,Active,865461,NA,NA,S,1,0,893470.345,42.4,2014,16,12.96,34.6
138469,Active,1829813,NA,NA,S,1,0,130657.775,39.99,2014,16,13.68,20.48
138470,Active,592011,NA,NA,S,0,0,888904.2575,46,2007,41,13.78,22.46
138471,Active,1994420,NA,NA,S,0,0,172400.3,24.95,2014,7,22.93,24.83
138472,Active,866644,NA,NA,S,10,1,108672.225,29.99,2014,19,16.49,21.68
138473,Active,2043585,NA,NA,S,0,0,15857.625,27.95,2015,19,18.32,10.98
138474,Active,688543,NA,NA,S,1,0,22953.375,24.95,2012,19,16.44,18.5
138475,Active,2103094,NA,NA,S,0,0,30813.65,32,2015,13,23.03,22.16
138476,Active,677469,NA,NA,S,0,0,36080.4,24.95,2007,28,11.47,16.73
138477,Active,802175,NA,NA,S,1,0,154739.725,43,2013,16,24.57,29.86
138478,Active,672637,NA,NA,S,1,0,686.15625,17.99,1986,300,4,10.16
138479,Active,682345,NA,NA,S,2,1,99186.4,25.95,2009,34,7.73,14.87
138480,Active,1781110,NA,NA,S,1,0,102826.8,25,2015,64,5.43,7.98
138481,Active,687322,NA,NA,S,0,0,20789.55,24.95,2013,38,10.68,11.77
138482,Active,1781031,NA,NA,S,1,0,20030.325,24.99,2015,17,17.06,15.49
138483,Active,676402,NA,NA,S,1,0,79695.775,29.99,2007,54,4,13.99
138484,Active,1492942,NA,NA,S,0,0,87872.2,60,2014,9,36.79,38.69
138485,Active,2611587,NA,NA,S,2,1,729069.5775,59.99,2000,27,7.59,45.65
138486,Active,2083895,NA,NA,S,0,0,137482.75,24.99,2014,29,7.6,7.6
138487,Active,1703578,NA,NA,S,1,0,38130.075,55,2008,20,24.57,28.88
138488,Active,791096,NA,NA,S,0,0,68997.2,25,2008,29,12.56,18.04
138489,Active,2288192,NA,NA,S,2,1,41507.3,0,2014,0,0,7.48
138490,Active,2517319,NA,NA,S,0,0,258047.7963,16,1986,28,4.13,49.78
138491,Active,3624497,NA,NA,S,0,0,136130.125,49.95,2015,7,31.49,34.23
138492,Active,1627287,NA,NA,S,0,0,107672.35,24.95,2010,23,12.66,14.82
138493,Active,286715,NA,NA,S,0,0,108516.65,25,2009,58,8.56,16.91
138494,Active,102267,NA,NA,S,0,0,1379.81625,7.99,2006,113,5.81,7.06
138495,Active,2065196,NA,NA,S,1,0,47035.8,24.95,2011,32,12.74,16.92
138496,Active,663284,NA,NA,S,1,0,78980.9,44.99,2013,14,33.01,18.97
138497,Active,1523884,NA,NA,S,1,0,1075.8,26,2014,58,12.15,15.18
138498,Active,3800381,NA,NA,S,0,0,88002.1,39.98,2011,38,7.75,11.95
138499,Active,749595,NA,NA,S,1,0,86317.8,29.95,2007,68,4,16.76
138500,Active,690464,NA,NA,S,1,0,78287.95,24.95,2012,16,17.21,16.72
138501,Active,2169467,NA,NA,S,0,0,163598.5,21.95,2013,12,18.71,18.51
138502,Active,1754751,NA,NA,S,0,0,27696.3,24.95,2014,37,6.45,12.88
138503,Active,1697046,NA,NA,S,1,0,465.075,28,2014,25,13.98,14
138504,Active,3467059,NA,NA,S,0,0,134746.575,25.99,2015,30,8.61,11.9
138505,Active,1730119,NA,NA,S,0,0,89728.6225,18,2009,15,13.99,16.2
138506,Active,1778333,NA,NA,S,1,0,41589.475,26.95,2013,26,10.8,18.44
138507,Active,1737070,NA,NA,S,2,1,70636.5,26.95,2015,11,23.62,20.41
138508,Active,1943026,NA,NA,S,0,0,36966.625,28,2015,49,9.85,9.97
138509,Active,3829382,NA,NA,S,5,1,3679,26.95,2016,17,20.42,18.23
138510,Active,633345,NA,NA,S,0,0,254619.4,55,2008,18,26.99,50.9
138511,Active,682265,NA,NA,S,2,1,88030.575,24.95,2012,22,11.55,13.25
138512,Active,646089,NA,NA,S,1,0,227546.8525,32.95,2010,36,5.32,6.61
138513,Active,619782,NA,NA,S,0,0,34103.375,42.99,2010,46,14.2,21.89
138514,Active,1693693,NA,NA,S,1,0,106844.375,24.95,2014,12,26.74,24.95
138515,Active,2163255,NA,NA,S,0,0,50498,24,2011,15,21.6,25.26
138516,Active,2163246,NA,NA,S,0,0,40941.5,24,2009,16,14.99,21.54
138517,Active,2163256,NA,NA,S,0,0,82610.8,24,2011,10,23.28,25.26
138518,Active,2163247,NA,NA,S,0,0,59836.75,24,2010,9,20.94,23.48
138519,Active,1508503,NA,NA,S,1,0,87340.05,27,2014,36,7.95,11.93
138520,Active,1476844,NA,NA,S,1,0,149166.7,27.95,2013,20,24.41,24.85
138521,Active,2900628,NA,NA,S,1,0,263122.8325,40,1995,48,8.85,21.98
138522,Active,892681,NA,NA,S,2,1,2846785.436,124,2013,15,43.39,43.39
138523,Active,3951300,NA,NA,S,10,1,1304118.55,0,2015,6,17.27,16.53
138524,Active,756889,NA,NA,S,2,1,1756209.619,53,2001,44,4,10.75
138525,Active,3629381,NA,NA,S,3,1,280053.2,43.25,2015,17,30.35,30.98
138526,Active,920426,NA,NA,S,2,1,505302.7625,64.6,2014,47,20.83,46.24
138527,Active,532736,NA,NA,S,6,1,559006.2375,195.2,2009,41,31.16,167.66
138528,Active,809103,NA,NA,S,2,1,765012.4863,599,2012,13,9.07,26.09
138529,Active,3646947,NA,NA,S,2,1,928136.55,54.95,2015,43,39.44,42.84
138530,Active,912523,NA,NA,S,10,1,1056673.961,63.31,2010,32,9.98,63.94
138531,Active,635894,NA,NA,S,2,1,1040462.256,245,2011,24,110,153.32
138532,Active,2572755,NA,NA,S,2,1,1022930.589,209,1988,38,9.94,32.99
138533,Active,632471,NA,NA,S,2,1,1272617.508,74.95,2004,18,33.94,61.86
138534,Active,877248,NA,NA,S,3,1,74250.89,89.67,2014,15,44.49,83.99
138535,Active,876803,NA,NA,S,4,1,303204.8138,32.98,2012,41,7.49,21.01
138536,Active,2052018,NA,NA,S,2,1,1917552.48,55,2006,17,4,48.99
138537,Active,220355,NA,NA,S,3,1,1523617.339,153.89,2004,33,4.98,89.69
138538,Active,699392,NA,NA,S,4,1,509454.4438,104.75,2012,14,66.96,0
138539,Active,905233,NA,NA,S,2,1,288281.6788,50,2014,17,32.69,0
138540,Active,578257,NA,NA,S,0,0,392341.545,37,2011,23,10.69,0
138541,Active,623416,NA,NA,S,3,1,205857.1638,86.05,2012,22,18.94,0
138542,Active,147111,NA,NA,S,2,1,472485.5275,48.95,2004,17,9.75,72.81
138543,Active,543523,NA,NA,S,3,1,6028.84,75,2009,62,28.49,49.25
138544,Active,289362,NA,NA,S,2,1,1310936.509,68.98,2006,29,9.19,64.99
138545,Active,1956592,NA,NA,S,2,1,11438.79125,178,2014,84,35.43,167.42
138546,Active,293520,NA,NA,S,1,0,995819.0713,65.95,2013,50,4,10.93
138547,Active,248267,NA,NA,S,2,1,954618.93,60,2011,13,42.28,10003.97
138548,Active,105386,NA,NA,S,3,1,479527.68,110,2004,31,33.98,39.03
138549,Active,1771731,NA,NA,S,3,1,1762668.796,147.95,2012,15,26.39,138.43
138550,Active,2899281,NA,NA,S,3,1,132064.5538,13.95,1989,18,15.58,19.95
138551,Active,636547,NA,NA,S,6,1,460979.3163,0,2013,19,19.46,184.61
138552,Active,527177,NA,NA,S,2,1,526097.3813,79.95,2009,37,49.04,60.14
138553,Active,662988,NA,NA,S,2,1,572235.6488,49.95,2006,9,44.94,43.94
138554,Active,872794,NA,NA,S,2,1,431734.2038,194,2013,20,30.57,149.99
138555,Active,906682,NA,NA,S,6,1,1472177.131,215.5,2009,35,4,47.37
138556,Active,3473380,NA,NA,S,8,1,234137.5,59.33,2015,20,49.62,56.83
138557,Active,2549525,NA,NA,S,2,1,3412313.28,65.95,1996,18,33.44,86.38
138558,Active,2226147,NA,NA,S,4,1,77918.2975,20.98,2011,16,22.01,21.98
138559,Active,2257940,NA,NA,S,9,1,539068.4863,78.97,2011,32,38.85,81.99
138560,Active,544213,NA,NA,S,9,1,302301.6563,66.95,2012,19,4.13,66.21
138561,Active,1822306,NA,NA,S,7,1,544316.095,32.19,2013,10,26.93,22.23
138562,Active,887084,NA,NA,S,2,1,995638.6225,89.53,2014,17,22.01,84.52
138563,Active,657328,NA,NA,S,4,1,1428522.213,59.95,2012,13,34.91,38.98
138564,Active,646948,NA,NA,S,2,1,1659415.58,99.95,2013,16,47.07,38.76
138565,Active,797423,NA,NA,S,2,1,155151.865,59.99,2013,20,19.65,33.25
138566,Active,618374,NA,NA,S,13,1,93174.535,292,2013,100,23.19,83.15
138567,Active,886609,NA,NA,S,6,1,117728.795,55.02,2013,20,45.26,44.98
138568,Active,893400,NA,NA,S,2,1,406771.2688,41.75,2010,18,38.99,41.75
138569,Active,617104,NA,NA,S,10,1,1339700.038,93.75,1998,30,4.57,18.98
138570,Active,868250,NA,NA,D,11,1,1403153.436,95,2002,41,4.48,29.81
138571,Active,616197,NA,NA,D,12,1,435406.1,123.95,2007,54,9.51,57.27
138572,Active,3141311,NA,NA,S,1,0,416764.135,24.95,2004,91,4,7.95
138573,Active,546821,NA,NA,S,0,0,124605.6,82,2012,29,69.51,71.99
138574,Active,641496,NA,NA,D,2,1,173129.13,30.6,2009,42,15.28,74.95
138575,Active,1780727,NA,NA,S,1,0,18993.70875,173.75,2014,33,63.68,93.5
138576,Active,54094,NA,NA,D,9,1,1761439.201,102.95,2003,51,4,8.94
138577,Active,2647809,NA,NA,S,1,0,372792.5,51.95,1996,28,5.68,51.96
138578,Active,863596,NA,NA,D,4,1,1708402.3,54,2008,21,4,45.23
138579,Active,1946661,NA,NA,S,10,1,136556.6838,66,2014,17,34.51,65.41
138580,Active,3022248,NA,NA,D,4,1,645302.3813,112,2001,24,8.9,69.68
138581,Active,3959909,NA,NA,D,0,0,1078486.6,75.95,2001,25,7.43,32.98
138582,Active,526851,NA,NA,S,3,1,655217.9313,64.99,2008,34,5.7,43.54
138583,Active,54687,NA,NA,D,6,1,518149.3825,47,2006,157,3.99,8.82
138584,Active,535677,NA,NA,D,8,1,16848.1375,134.95,2013,127,8.63,48.99
138585,Active,250061,NA,NA,D,5,1,2043441.9,149.95,2005,61,4,5.75
138586,Active,60024,NA,NA,D,6,1,965037.8138,110.95,2006,114,4,6.49
138587,Active,192801,NA,NA,D,4,1,2064231.121,89.95,2001,31,5.43,15.99
138588,Active,192464,NA,NA,D,5,1,557712.2688,107,2005,20,11.99,36.99
138589,Active,567692,NA,NA,S,6,1,1552009.355,91.95,2009,22,4,88.99
138590,Active,54476,NA,NA,D,5,1,68227.3125,67.67,2008,58,12.49,46.98
138591,Active,917887,NA,NA,S,5,1,264396.6675,69.98,2009,28,24.09,66.87
138592,Active,533172,NA,NA,S,3,1,810721.3363,70,2009,28,14.23,37.71
138593,Active,762252,NA,NA,D,11,1,3397772.183,126.5,2007,17,5.12,53.41
138594,Active,617508,NA,NA,D,9,1,1966224.339,107.75,2010,40,4.63,5.65
138595,Active,194165,NA,NA,D,3,1,43952.05875,82,2009,84,22.2,36.69
138596,Active,203479,NA,NA,D,1,0,1062114.711,54.95,2002,23,4,35.76
138597,Active,146424,NA,NA,S,1,0,244033.84,54.99,2010,75,4,4.99
138598,Active,1517626,NA,NA,S,12,1,264721.85,43.4,2015,16,13.93,23.62
138599,Active,534190,NA,NA,S,1,0,159748.4763,107.95,2009,32,45.98,0
138600,Active,262650,NA,NA,D,4,1,2334255.311,38.95,2004,25,4,11.49
138601,Active,761751,NA,NA,S,9,1,351523.9588,90,2006,29,14.83,73.69
138602,Active,1533693,NA,NA,D,5,1,479011.1188,119,2007,27,21.79,87.68
138603,Active,194625,NA,NA,S,2,1,1458.00875,60.99,2004,102,28.25,0
138604,Active,877742,NA,NA,S,5,1,211804.765,174,2012,37,28.25,52.86
138605,Active,533398,NA,NA,S,6,1,37159.1025,247.6,2012,84,26.98,79.95
138606,Active,266366,NA,NA,D,2,1,140049.7,39.95,2004,46,6.77,52.99
138607,Active,826793,NA,NA,D,0,0,626440.9138,39.95,2001,50,4.98,38.76
138608,Active,60047,NA,NA,S,5,1,1295898.368,117.95,1999,55,4,13.88
138609,Active,193449,NA,NA,D,3,1,623589.8138,31.95,2005,89,4,9.97
138610,Active,3791239,NA,NA,D,1,0,1017865.65,59.95,2005,16,4.99,59.94
138611,Active,876119,NA,NA,D,8,1,747333.8513,75,2010,37,7.96,47.99
138612,Active,154027,NA,NA,D,8,1,188122.19,78.53,2009,39,26,48.97
138613,Active,54566,NA,NA,D,8,1,106314.715,35.98,2009,102,5.23,27.98
138614,Active,153904,NA,NA,D,7,1,449268.365,50,2007,91,4,29.9
138615,Active,154384,NA,NA,S,6,1,1046065.411,55.75,2003,59,4,31.99
138616,Active,625647,NA,NA,D,9,1,59026.92875,125,2012,50,30.25,38.99
138617,Active,153928,NA,NA,D,7,1,123296.5488,54.02,2006,31,7.97,43.94
138618,Active,563620,NA,NA,D,9,1,6569.65625,66.75,2012,104,9.97,47.97
138619,Active,153906,NA,NA,D,7,1,693291.15,7.74,2007,79,4,7.98
138620,Active,154030,NA,NA,D,8,1,279260.495,22.99,2009,143,4,17.99
138621,Active,3513264,NA,NA,S,10,1,6458,66.75,2016,43,43.83,38.99
138622,Active,54565,NA,NA,D,8,1,53593.41125,71.68,2009,93,6.14,41.74
138623,Active,153905,NA,NA,D,7,1,286086.505,18.95,2007,100,4,18.95
138624,Active,563619,NA,NA,D,9,1,9021.1275,66.75,2012,94,23.82,32.98
138625,Active,154029,NA,NA,D,8,1,498279.245,15.99,2009,150,4,15.84
138626,Active,3513263,NA,NA,S,10,1,1690,48,2016,68,43.99,43.98
138627,Active,613589,NA,NA,D,9,1,15132.31375,87.5,2012,82,22.18,40.31
138628,Active,54564,NA,NA,D,7,1,414957.18,8.64,2006,128,4,19.07
138629,Active,154028,NA,NA,D,8,1,172343.7388,33.99,2009,98,7.84,19.98
138630,Active,153903,NA,NA,D,7,1,254016.93,7.24,2006,127,4,7.06
138631,Active,563617,NA,NA,D,9,1,67054.33,87.5,2012,126,5.34,57.98
138632,Active,153826,NA,NA,S,6,1,401347.7163,56.8,2003,86,4,35.17
138633,Active,141817,NA,NA,D,7,1,775487.745,8.86,2006,67,4,8.74
138634,Active,141934,NA,NA,D,8,1,264022.0475,11.78,2009,76,4,7.94
138635,Active,655809,NA,NA,S,0,0,96659.885,86.97,2007,24,33.99,62.49
138636,Active,635100,NA,NA,S,0,0,75802.37,123.75,2009,42,30.08,96.98
138637,Active,613144,NA,NA,S,0,0,126639.1313,61.41,2002,82,5.04,38.99
138638,Active,133316,NA,NA,S,4,1,39003.2875,106,2011,79,15.58,67.51
138639,Active,270006,NA,NA,D,4,1,1279137.988,190,2010,26,13.99,17.44
138640,Active,533871,NA,NA,S,9,1,395419.9713,169.95,2008,54,4,12.54
138641,Active,2627348,NA,NA,S,5,1,30236,60,2016,18,35.31,38.7
138642,Active,183501,NA,NA,S,4,1,796163.615,60,2006,68,6.49,24.78
138643,Active,206545,NA,NA,D,0,0,388989.8625,65,2002,75,6.71,41.81
138644,Active,132377,NA,NA,D,4,1,1059064.466,104.6,2007,24,3.99,36.99
138645,Active,622717,NA,NA,D,4,1,976108.1425,193,2008,30,23.11,88.94
138646,Active,265290,NA,NA,D,3,1,1938851.418,217,2004,29,4,23.99
138647,Active,641764,NA,NA,D,3,1,1598279.4,149,2004,26,5.87,45.48
138648,Active,392059,NA,NA,D,1,0,1376245.683,117,2006,18,4,41.99
138649,Active,3498770,NA,NA,S,0,0,84550.525,74.99,2012,19,40.72,46.38
138650,Active,528921,NA,NA,D,7,1,231245.2488,65,2012,45,32.22,32.21
138651,Active,532901,NA,NA,D,14,1,890339.8788,93.95,2011,22,23.53,79.96
138652,Active,107578,NA,NA,S,4,1,3048588.483,111,2006,20,4,104.11
138653,Active,540838,NA,NA,S,5,1,693285.0738,69.8,2013,23,15.19,56.98
138654,Active,619319,NA,NA,D,2,1,86427.07875,179.4,2012,56,8.45,38.44
138655,Active,544311,NA,NA,S,22,1,60786.25375,392.95,2013,50,23.45,150.46
138656,Active,917561,NA,NA,D,43,1,313896.5775,36.87,2014,41,4.97,49.37
138657,Active,915005,NA,NA,D,0,0,859438.9125,44.95,1996,23,10.67,45.99
138658,Active,286163,NA,NA,D,2,1,884590.9988,72.8,2005,35,4,18.99
138659,Active,52627,NA,NA,D,6,1,290851.4075,122.95,2007,88,4,47.29
138660,Active,712179,NA,NA,S,2,1,707458.1813,76,2002,25,4.62,53.99
138661,Active,3464031,NA,NA,D,2,1,4868340.7,73.33,1991,29,4,89.39
138662,Active,757879,NA,NA,D,1,0,375798.58,45,2003,26,5.93,63.69
138663,Active,616655,NA,NA,S,7,1,2038928.125,62.95,1989,44,4,48.43
138664,Active,2262935,NA,NA,D,4,1,342013.0275,191.99,2009,22,14.63,83.87
138665,Active,170445,NA,NA,D,0,0,182743.3175,49.84,2005,75,14.26,78.96
138666,Active,170484,NA,NA,D,2,1,17746.4075,86.25,2011,44,39.66,66.56
138667,Active,2815786,NA,NA,D,8,1,2678052.32,46,1993,20,27.48,133.66
138668,Active,1964764,NA,NA,S,4,1,435950.9738,168.98,2013,22,22.24,154.71
138669,Active,366846,NA,NA,D,2,1,149573.3463,260.95,2002,44,18.03,101.89
138670,Active,3044374,NA,NA,D,1,0,1479802.605,102.95,1996,20,4.55,28.98
138671,Active,249252,NA,NA,S,2,1,105138.85,79,2007,64,8.47,41.99
138672,Active,641803,NA,NA,S,2,1,241058.1638,65,2002,13,20.84,47.95
138673,Active,913846,NA,NA,S,4,1,735155.73,122,2011,32,17.88,41.04
138674,Active,54777,NA,NA,D,3,1,581437.0025,128.6,2007,112,4,15.94
138675,Active,54778,NA,NA,S,2,1,1608695.81,90.8,2004,42,4.04,8.98
138676,Active,867044,NA,NA,S,4,1,158259.2013,228.07,2013,23,36.27,211.66
138677,Active,121532,NA,NA,D,1,0,2130989.408,75,2000,36,4,8.99
138678,Active,192837,NA,NA,D,4,1,930424.6463,130,2004,22,15.74,68.53
138679,Active,300248,NA,NA,D,3,1,443181.835,87,2005,52,7.98,13.99
138680,Active,3788533,NA,NA,D,4,1,2511457.85,110,2003,19,10.78,56.55
138681,Active,492143,NA,NA,S,7,1,1452124.498,92.95,2012,14,25.98,28.19
138682,Active,2778988,NA,NA,D,3,1,1427533.619,149,1994,34,5.71,66.9
138683,Active,147237,NA,NA,D,5,1,377774,229,2007,25,45.68,68.98
138684,Active,3143071,NA,NA,D,6,1,267247.2138,50,2015,4,23.17,50
138685,Active,566330,NA,NA,D,8,1,232909.0388,78.96,2002,26,5.48,70.25
138686,Active,2094392,NA,NA,S,1,0,15640.06875,10.99,2013,86,4.75,6.17
138687,Active,1908425,NA,NA,S,6,1,2321.6925,16.99,2015,60,7.77,9.56
138688,Active,224748,NA,NA,D,2,1,68861.86625,200.95,2011,61,7.99,58.94
138689,Active,197944,NA,NA,D,10,1,105309.1438,58.46,2010,30,5.88,28.99
138690,Active,606904,NA,NA,D,12,1,2519933.426,13.94,2004,17,4,44.45
138691,Active,550757,NA,NA,D,14,1,1618542.055,211.89,2009,20,58.47,115.14
138692,Active,3499435,NA,NA,S,6,1,6494587.85,0,1900,32,4,7.99
138693,Active,561551,NA,NA,D,8,1,1096088.593,230.8,2012,27,13.94,184.67
138694,Active,1457831,NA,NA,S,4,1,25713.82,0,2008,5,12.09,25.13
138695,Active,536600,NA,NA,S,3,1,642767.4938,247.4,2012,26,43.88,228.99
138696,Active,60124,NA,NA,D,10,1,1586232.045,26.97,2006,38,4,33.98
138697,Active,789392,NA,NA,D,4,1,2211287.973,164,2004,23,5.6,27.98
138698,Active,649168,NA,NA,S,4,1,58083.3,82.95,2007,18,56.65,51.96
138699,Active,256290,NA,NA,D,1,0,1336861.646,37.95,2004,21,4.92,26.94
138700,Active,1777585,NA,NA,D,1,0,1684920.335,149.95,2014,20,54.7,113.96
138701,Active,2363562,NA,NA,S,2,1,574170.6175,125,2015,14,49.91,85.64
138702,Active,630553,NA,NA,S,13,1,101336.6075,63.95,2012,21,24.46,59.17
138703,Active,298125,NA,NA,D,0,0,2331068.648,65,2005,34,14.6,28.99
138704,Active,659410,NA,NA,D,1,0,1795355.278,99.99,2007,21,22.96,95.57
138705,Active,532363,NA,NA,D,8,1,287500.49,94.95,2011,64,5.49,67.11
138706,Active,774643,NA,NA,D,3,1,1203865.314,84.95,1997,16,14.71,78.92
138707,Active,192874,NA,NA,D,4,1,850735.2263,134,2006,42,60.94,128.93
138708,Active,248790,NA,NA,D,3,1,1429536.689,189,2005,18,18.15,62.98
138709,Active,527190,NA,NA,D,3,1,163373.2325,43.99,2008,56,4.11,12.5
138710,Active,615635,NA,NA,D,1,0,440223.2375,48.99,2009,98,4,7.23
138711,Active,230569,NA,NA,D,0,0,453779.1025,169.95,2011,26,16.73,52.99
138712,Active,2869237,NA,NA,D,4,1,1733426.828,126.95,2005,17,5.28,64.27
138713,Active,621966,NA,NA,S,0,0,802336.87,174.95,2011,36,26.37,171.99
138714,Active,532334,NA,NA,D,0,0,658757.945,177.95,2012,35,23.36,43.38
138715,Active,534487,NA,NA,S,0,0,182955.8563,186.95,2013,42,18.57,114.65
138716,Active,546508,NA,NA,S,2,1,290150.5588,104,2010,24,48.99,52.99
138717,Active,456674,NA,NA,D,6,1,54694.66375,162.95,2011,80,6.22,40.89
138718,Active,178843,NA,NA,S,2,1,430454.8975,102.95,2005,22,4,100.2
138719,Active,55175,NA,NA,D,7,1,471428.4825,189,2009,123,4,97.55
138720,Active,270143,NA,NA,S,0,0,933389.4163,34,2011,114,4,7.98
138721,Active,569585,NA,NA,D,3,1,587456.89,217.95,2004,31,4.8,41.92
138722,Active,544631,NA,NA,S,4,1,1075297.443,184.8,2012,42,4,13.89
138723,Active,183257,NA,NA,S,8,1,170482.1663,101.95,2005,103,4,27.95
138724,Active,802679,NA,NA,D,13,1,1686784.569,44.99,2009,58,4.98,31.98
138725,Active,1426312,NA,NA,S,0,0,99709.65,106.5,2010,24,31.87,48.93
138726,Active,1589456,NA,NA,D,3,1,1073097.741,38.75,2008,22,10.45,42.98
138727,Active,212480,NA,NA,D,8,1,4407.92625,208.8,2008,579,7.63,39.46
138728,Active,53016,NA,NA,D,8,1,37711.4025,215.47,2007,87,5.98,55.97
138729,Active,61239,NA,NA,D,7,1,320750.7075,129.29,2005,186,4.49,46.9
138730,Active,53017,NA,NA,S,9,1,31163.50625,258.6,2010,50,28.74,64.98
138731,Active,860648,NA,NA,S,9,1,135705.9225,171.53,2012,38,21.99,73.98
138732,Active,741493,NA,NA,D,8,1,731365.0975,16.98,2007,106,4.49,33.99
138733,Active,53019,NA,NA,D,7,1,22106.0775,179.4,2004,541,6.16,31.84
138734,Active,775167,NA,NA,D,1,0,1199464.845,128,2004,22,15.83,109.99
138735,Active,3802237,NA,NA,S,0,0,75314.55,59.95,2012,6,26.21,38.97
138736,Active,3784110,NA,NA,D,2,1,2382133.75,42.95,1996,21,4,33.94
138737,Active,422736,NA,NA,D,4,1,4371538.355,45,1997,27,4,25.19
138738,Active,177653,NA,NA,D,4,1,2073272.031,61.95,2004,26,4,43.16
138739,Active,526806,NA,NA,D,5,1,332601.8213,125.95,2008,32,5.71,33.83
138740,Active,143241,NA,NA,D,3,1,2174490.459,183,2008,16,9.78,20.46
138741,Active,107893,NA,NA,D,10,1,3887883.999,58.12,2002,20,4,66.45
138742,Active,3740662,NA,NA,S,2,1,1182454.3,74.95,2013,60,40.86,51.22
138743,Active,3634912,NA,NA,S,0,0,42728,45,2016,13,33.48,34.34
138744,Active,3793730,NA,NA,S,5,1,201316,59.99,2016,14,41.39,42.85
138745,Active,265744,NA,NA,D,3,1,1830798.76,89.99,2007,27,4.58,17.93
138746,Active,663751,NA,NA,S,1,0,107122.1913,99.99,2013,65,38.98,57.13
138747,Active,532063,NA,NA,S,9,1,645895.7288,100.95,2008,23,19.88,21.28
138748,Active,2724508,NA,NA,D,0,0,2703468.155,87.5,1999,15,29.28,114.95
138749,Active,3822504,NA,NA,D,1,0,3189170.75,58,1997,13,13.19,28.93
138750,Active,1477615,NA,NA,S,2,1,305640.0738,80.95,2013,27,42.08,67.39
138751,Active,626214,NA,NA,S,2,1,134386.8975,81.6,2011,41,34.93,61.8
138752,Active,629962,NA,NA,S,2,1,138408.8575,81.6,2011,23,70,79.19
138753,Active,531977,NA,NA,D,2,1,12186.58875,56.95,2011,66,32.18,41.75
138754,Active,135561,NA,NA,S,1,0,132848.6988,51.95,2002,69,9.87,28.34
138755,Active,2082082,NA,NA,S,0,0,41363.025,66.97,2010,12,53.98,73.92
138756,Active,163480,NA,NA,D,5,1,1320120.143,59.99,2011,32,4,7.1
138757,Active,608250,NA,NA,D,4,1,1782643.006,69.99,2008,31,4,16.46
138758,Active,543987,NA,NA,D,6,1,453659.4688,69.99,2012,33,14.58,38.98
138759,Active,620707,NA,NA,D,2,1,1273417.901,96,2008,29,4.98,18.99
138760,Active,617612,NA,NA,D,4,1,727251.505,230,2012,68,4.68,84.94
138761,Active,631574,NA,NA,S,1,0,161260.45,139.95,2010,48,8.67,67.11
138762,Active,531942,NA,NA,D,8,1,337655.4125,63.99,2010,41,11.44,21.97
138763,Active,721258,NA,NA,D,1,0,1742134.996,49.95,2006,38,4,19.95
138764,Active,3485241,NA,NA,S,2,1,5340078.75,123.8,2001,26,4,35.99
138765,Active,544410,NA,NA,S,5,1,595036.865,72.95,2013,31,24.94,61.79
138766,Active,2254159,NA,NA,D,6,1,2169639.531,14.02,2009,76,5.59,15.14
138767,Active,552739,NA,NA,D,4,1,1266982.786,51,2007,37,4,0
138768,Active,659634,NA,NA,D,2,1,1356381.198,62,2007,18,28.95,37.94
138769,Active,233586,NA,NA,D,1,0,1485795.903,49.95,2004,20,8.17,52.01
138770,Active,255745,NA,NA,D,1,0,1085901.814,56.95,2004,17,8.43,0
138771,Active,608896,NA,NA,D,2,1,5704058.456,54.95,1987,30,4.06,30.93
138772,Active,265294,NA,NA,D,0,0,1934638.485,42.95,2003,26,7.77,77.75
138773,Active,261358,NA,NA,D,1,0,139614.815,48,2002,39,11.17,44.9
138774,Active,255785,NA,NA,D,2,1,828004.8575,58.95,2006,25,13.33,65.73
138775,Active,868096,NA,NA,D,4,1,248169.3525,66.4,2013,43,13.49,20.94
138776,Active,2022130,NA,NA,D,16,1,3654556.078,119.95,2010,13,5.99,34.22
138777,Active,3485248,NA,NA,D,4,1,8097163.9,87.2,2001,32,4,7.58
138778,Active,624687,NA,NA,S,11,1,265231.7125,152,2012,48,5.43,28.09
138779,Active,616300,NA,NA,S,5,1,1668539.275,122.67,2009,34,6.39,16.99
138780,Active,897033,NA,NA,S,2,1,681575.6975,90,2012,25,45.37,59.75
138781,Active,877548,NA,NA,S,13,1,324403.3375,162.67,2014,40,19.29,39.16
138782,Active,2527964,NA,NA,D,0,0,1144722.91,39.95,1991,19,6.16,67.73
138783,Active,1549034,NA,NA,D,2,1,4878065.884,103.95,2012,12,98.99,134.17
138784,Active,592845,NA,NA,S,6,1,405517.22,182,2011,37,21.68,175.14
138785,Active,3217574,NA,NA,D,0,0,1285959.303,0,1976,21,4,0
138786,Active,53160,NA,NA,S,6,1,143423.9525,75.6,2004,56,4.62,13.65
138787,Active,196617,NA,NA,D,3,1,690298.8138,72.95,2001,39,4,16.97
138788,Active,1857793,NA,NA,D,4,1,3335053.983,135,2008,13,12.97,0
138789,Active,1518914,NA,NA,D,8,1,874834.0263,166.79,2013,15,15.59,123.98
138790,Active,222262,NA,NA,D,5,1,2637272.928,65,2006,21,3.99,12.86
138791,Active,2350074,NA,NA,S,3,1,567403.6075,16.95,2003,30,7.53,47.24
138792,Active,868442,NA,NA,S,6,1,6258.25125,54.95,2015,57,31.77,34.99
138793,Active,609198,NA,NA,D,3,1,1103375.523,56.95,2007,48,4,42.99
138794,Active,531715,NA,NA,D,4,1,322296.2488,64.99,2010,82,7.41,90.32
138795,Active,203495,NA,NA,D,1,0,2344918.466,254,2004,19,6.49,20
138796,Active,860683,NA,NA,D,3,1,505814.9563,49.99,2012,55,8.53,23.99
138797,Active,107082,NA,NA,D,2,1,1650912.819,55.34,2007,39,4,16.57
138798,Active,106803,NA,NA,D,3,1,965131.25,5.94,2010,74,4.03,8.94
138799,Active,106716,NA,NA,S,2,1,998624.3875,21.55,2009,60,4,20.24
138800,Active,253918,NA,NA,S,1,0,300501.475,97.95,2009,33,7.1,48.48
138801,Active,627488,NA,NA,S,1,0,727340.2688,97.95,2009,35,6.7,45.99
138802,Active,253917,NA,NA,S,1,0,279855.2213,97.95,2009,33,19.2,38.99
138803,Active,54373,NA,NA,D,4,1,184452.27,125,2007,62,4,33.98
138804,Active,54372,NA,NA,S,3,1,588636.7438,99.99,2004,90,4,11.99
138805,Active,54370,NA,NA,D,5,1,65092.97875,144.6,2009,92,12.59,53.73
138806,Active,54371,NA,NA,S,2,1,1154216.05,100,2002,60,4,14.9
138807,Active,593970,NA,NA,D,2,1,3050100.853,140,2008,11,6.26,13.87
138808,Active,286198,NA,NA,D,2,1,2015297.904,50.8,2010,27,4,0
138809,Active,614624,NA,NA,D,0,0,584815.4725,85.29,2006,66,6.24,44.82
138810,Active,1537082,NA,NA,D,0,0,1748426.729,60,2007,28,8.98,58.39
138811,Active,573777,NA,NA,S,0,0,233220.8525,45,1992,43,14.05,23.98
138812,Active,2604225,NA,NA,D,0,0,1591118.069,55,2004,20,5.45,43.05
138813,Active,872135,NA,NA,D,3,1,1869434.46,80.99,2002,39,5.59,78.87
138814,Active,546258,NA,NA,S,3,1,2556883.788,82.95,2004,39,4,12.88
138815,Active,545818,NA,NA,D,8,1,29537.41625,116,2013,33,28.64,50.92
138816,Active,105620,NA,NA,D,3,1,1082712.763,89.95,2000,27,4,49.95
138817,Active,120042,NA,NA,S,1,0,131053.3575,183.8,2009,31,75.99,0
138818,Active,116112,NA,NA,S,5,1,462556.025,109.4,2007,31,11.75,0
138819,Active,699303,NA,NA,S,2,1,2825072.349,98.75,2011,8,4.59,9.99
138820,Active,315169,NA,NA,S,3,1,64107.24625,53.32,2009,41,10.34,27.98
138821,Active,885057,NA,NA,S,3,1,660080.9375,133,2009,15,24.68,43.98
138822,Active,131833,NA,NA,D,4,1,646633.4588,107.6,2004,38,4,5.01
138823,Active,3821444,NA,NA,D,0,0,1425745.15,55,1900,26,4,40.99
138824,Active,592748,NA,NA,D,4,1,533617.28,40.99,2007,59,4,44.69
138825,Active,2334871,NA,NA,S,5,1,2986699.843,142,1994,18,4.2,72.41
138826,Active,295027,NA,NA,D,1,0,526730.0313,90.95,2004,26,58.89,0
138827,Active,115709,NA,NA,D,3,1,446703.9263,74.25,2004,59,4,31.34
138828,Active,2703791,NA,NA,D,2,1,886279.695,90,2005,32,8.21,86.62
138829,Active,1658318,NA,NA,D,3,1,237199.9113,95,2010,27,46.93,102.27
138830,Active,115710,NA,NA,D,1,0,602828.93,100,2004,53,4,15.91
138831,Active,531545,NA,NA,D,4,1,52782.4575,68,2009,82,12.36,23.88
138832,Active,1629827,NA,NA,D,4,1,4149729.108,147,2009,10,18.41,78.45
138833,Active,703256,NA,NA,D,0,0,735003.9775,49.99,2004,28,4.35,43.96
138834,Active,147087,NA,NA,D,2,1,2159427.626,489,2004,6,148.99,377.16
138835,Active,613274,NA,NA,D,2,1,42094.68,289.8,2010,85,12.22,45.98
138836,Active,871113,NA,NA,D,1,0,976370.1763,244,2006,103,4,11.99
138837,Active,869522,NA,NA,D,1,0,1215712.216,173.87,2006,26,4.8,62.99
138838,Active,895255,NA,NA,D,4,1,1612261.763,190.4,2002,35,15.63,39.71
138839,Active,745354,NA,NA,D,12,1,2304256.818,72.95,2008,22,4,15.92
138840,Active,570456,NA,NA,S,13,1,1529166.185,65.95,2010,21,4.98,22.99
138841,Active,270587,NA,NA,D,0,0,418987.925,102.55,2012,95,4,11.98
138842,Active,613031,NA,NA,S,0,0,699178.4438,80.7,2012,93,3.9,6.58
138843,Active,531493,NA,NA,D,0,0,305185.5663,109.95,2014,137,4,20.16
138844,Active,270590,NA,NA,D,0,0,385011.6613,109.95,2013,109,4,10.98
138845,Active,649631,NA,NA,S,0,0,54463.72875,114.95,2015,123,6.37,12.13
138846,Active,3000033,NA,NA,S,3,1,89219.6,59,2014,8,57.48,54.32
138847,Active,905134,NA,NA,S,0,0,415320.3525,24.99,2014,34,4,121.53
138848,Active,922674,NA,NA,S,3,1,1621287.044,45.25,2000,72,3.95,4.26
138849,Active,560327,NA,NA,S,7,1,813048.3575,41,2006,35,4,32.95
138850,Active,861284,NA,NA,S,2,1,244385.4838,44.99,2013,28,18.24,33.99
138851,Active,531416,NA,NA,D,5,1,883253.1538,67.99,2009,22,6.98,22.61
138852,Active,56413,NA,NA,D,1,0,265317.2788,40.99,2002,79,4.45,9.24
138853,Active,127579,NA,NA,D,4,1,594987.67,49.95,2010,24,20.99,20.24
138854,Active,206116,NA,NA,D,1,0,714782.49,75,2008,38,4,16.74
138855,Active,700307,NA,NA,D,1,0,3061060.451,74.95,2004,19,4.71,40.06
138856,Active,2551141,NA,NA,D,18,1,3884221.514,54.95,1999,23,4,52.65
138857,Active,211032,NA,NA,S,4,1,43493.2025,47.95,2011,125,4.75,14.54
138858,Active,210956,NA,NA,D,2,1,1023874.876,44.95,2006,134,3.79,5.49
138859,Active,210997,NA,NA,D,3,1,757481.1938,44.95,2009,114,4,8.48
138860,Active,531324,NA,NA,S,3,1,268612.4375,32.95,2009,53,16.88,25.19
138861,Active,260108,NA,NA,D,1,0,518037.8925,42.95,2006,37,4,13.48
138862,Active,1473579,NA,NA,D,1,0,849011.2175,140,2009,17,19.68,17.54
138863,Active,2574145,NA,NA,D,1,0,2699108.404,404.83,1979,19,5.96,72.93
138864,Active,2999053,NA,NA,S,2,1,641316.275,49.9,2014,2,47.41,49.9
138865,Active,259614,NA,NA,D,2,1,2157392.271,89.95,1998,18,28.12,52.67
138866,Active,106667,NA,NA,S,2,1,804474.8575,52,2008,67,4,23.37
138867,Active,531308,NA,NA,S,3,1,62167.2525,52,2012,61,12.01,27.32
138868,Active,500521,NA,NA,S,0,0,82874.3925,69.95,2012,26,41.7,41.71
138869,Active,3105851,NA,NA,S,0,0,95804.325,75,2011,96,4,43.9
138870,Active,2058669,NA,NA,S,0,0,129727.775,62,2007,35,5.48,1286.89
138871,Active,234603,NA,NA,D,15,1,99831.3275,90,2011,34,57.93,0
138872,Active,165751,NA,NA,D,2,1,1128936.436,29.98,2005,29,4.07,52.33
138873,Active,2335683,NA,NA,D,1,0,3540137.751,124.25,1988,33,4,45.74
138874,Active,1454943,NA,NA,S,2,1,1166490.946,98.87,2009,23,4,61.01
138875,Active,190800,NA,NA,D,2,1,2647356.164,57.95,2005,20,5.89,72.32
138876,Active,2263516,NA,NA,S,8,1,1130117.998,210.87,2012,42,9.63,109.01
138877,Active,194156,NA,NA,S,4,1,700098.105,85,2007,26,8.48,120.72
138878,Active,277946,NA,NA,S,3,1,5146.5225,64.71,2010,92,24.99,45.59
138879,Active,864616,NA,NA,D,10,1,21553.20875,99.4,2015,54,19.44,46.86
138880,Active,534085,NA,NA,S,4,1,226632.0638,64.95,1994,119,5.73,43.94
138881,Active,233738,NA,NA,S,4,1,21655.19,121,2000,565,4.17,24.97
138882,Active,1699672,NA,NA,S,0,0,42897.8475,37.99,2014,16,20.98,26.43
138883,Active,56434,NA,NA,S,8,1,129286.8613,74.95,2007,42,4.01,10.94
138884,Active,660483,NA,NA,S,2,1,682274.8288,54,2005,17,27.33,0
138885,Active,501023,NA,NA,S,12,1,105524.3138,86.99,2012,45,28.07,51.99
138886,Active,203684,NA,NA,D,10,1,907476.6638,65.95,2004,76,4,22.17
138887,Active,203949,NA,NA,D,11,1,210611.7125,76.95,2007,65,4.99,45.58
138888,Active,286385,NA,NA,D,9,1,899630.1238,122,2008,76,4,5.99
138889,Active,51510,NA,NA,D,9,1,844949.3163,151.2,2008,78,4,8.24
138890,Active,888325,NA,NA,D,2,1,3343020.563,99,2007,16,23.51,122.36
138891,Active,582308,NA,NA,D,0,0,2721426.486,79.95,2003,38,4,44.81
138892,Active,222295,NA,NA,D,2,1,831286.6738,99,2007,27,5.88,48.99
138893,Active,229145,NA,NA,D,1,0,523570.635,54.95,2008,74,8.99,41.43
138894,Active,1438987,NA,NA,S,0,0,51110.425,76.39,2013,7,51.99,58.78
138895,Active,626456,NA,NA,S,0,0,187247.0088,49.95,2003,34,22.87,38.8
138896,Active,2262309,NA,NA,D,9,1,842754.86,95.85,2011,45,11.8,56.55
138897,Active,912675,NA,NA,S,3,1,501287.845,46.52,2006,44,6.58,35.5
138898,Active,717440,NA,NA,D,0,0,715272.59,40.95,1998,25,6.41,0
138899,Active,60286,NA,NA,S,2,1,1194426.238,70,1995,77,3.99,33.99
138900,Active,147140,NA,NA,S,8,1,3268087.108,100.95,2007,16,43.77,104.76
138901,Active,1438250,NA,NA,S,8,1,299153.17,116.75,2008,0,0,0
138902,Active,244145,NA,NA,D,3,1,103661.5625,59.95,2011,162,4,9.22
138903,Active,862006,NA,NA,D,4,1,25628.22875,69.95,2014,89,6.63,43.97
138904,Active,1782868,NA,NA,D,3,1,975743.5225,73.95,2011,16,14.06,69.95
138905,Active,3043483,NA,NA,S,2,1,66019.675,58.44,2000,14,23.98,60.03
138906,Active,276256,NA,NA,D,2,1,2230431.611,72,2002,15,18.68,78.5
138907,Active,110039,NA,NA,D,3,1,209293.335,111.33,2011,34,11.99,0
138908,Active,2486467,NA,NA,D,7,1,872058.6163,69,2014,1,0,69
138909,Active,860747,NA,NA,D,10,1,165596.1275,119.95,2012,57,6.11,103.61
138910,Active,254518,NA,NA,S,10,1,492184.2113,104.95,2011,92,13.06,66.54
138911,Active,1671454,NA,NA,D,9,1,2037735.694,57.95,2008,48,4,11.5
138912,Active,200176,NA,NA,S,9,1,2322897.849,111.95,2005,49,5.96,49.48
138913,Active,200248,NA,NA,D,9,1,1168484.209,124.95,2006,91,4.22,11.99
138914,Active,290354,NA,NA,S,2,1,849054.5025,173,2004,23,22.03,101.98
138915,Active,200047,NA,NA,S,9,1,1755686.161,41.95,2006,33,4,66.35
138916,Active,654669,NA,NA,S,2,1,128951.65,80,2009,22,31.17,61.99
138917,Active,1711997,NA,NA,S,16,1,247103.975,249.95,2014,11,8.99,249.95
138918,Active,2055312,NA,NA,D,3,1,2931046.091,182,2010,29,4.55,57.93
138919,Active,3212060,NA,NA,S,0,0,7411.21125,48.97,1999,0,0,46.44
138920,Active,51163,NA,NA,D,8,1,1593759.074,158.33,2005,87,3.99,8.89
138921,Active,300957,NA,NA,D,1,0,148121.0725,84.95,2003,63,6.64,35.86
138922,Active,142952,NA,NA,D,7,1,916439.61,153,2005,18,4.06,61.09
138923,Active,2381143,NA,NA,D,4,1,4019272.686,54,1998,21,3.82,13.99
138924,Active,114524,NA,NA,D,5,1,1872032.466,80,2002,19,4,43.99
138925,Active,118596,NA,NA,S,6,1,93039.3025,122.2,2007,57,19.79,48.99
138926,Active,543726,NA,NA,S,4,1,9508.895,115,2013,120,84.23,74
138927,Active,377797,NA,NA,D,2,1,108047.61,138.25,2000,58,33.99,131.94
138928,Active,295836,NA,NA,D,1,0,223420.0075,70,2010,28,29.49,0
138929,Active,174858,NA,NA,D,3,1,194665.915,99,2008,116,8.4,46.85
138930,Active,60348,NA,NA,D,3,1,603903.1138,53.4,2005,43,4,18.99
138931,Active,243897,NA,NA,D,3,1,63026.91,195.95,2011,54,21.64,25.16
138932,Active,294174,NA,NA,S,3,1,80217.0275,89.99,2007,86,7.42,31.81
138933,Active,203527,NA,NA,S,2,1,2150710.72,65.95,2003,36,4,11.62
138934,Active,1933304,NA,NA,D,3,1,616350.7525,101.95,2012,35,3.84,105.59
138935,Active,910535,NA,NA,D,2,1,3115114.754,64.95,1999,22,4,44.69
138936,Active,253920,NA,NA,D,1,0,762236.955,89.95,2009,33,6.67,47.47
138937,Active,121491,NA,NA,D,3,1,1456736.438,48,2000,42,3.72,0
138938,Active,115801,NA,NA,D,4,1,566943.8113,51.8,2006,60,4,6.99
138939,Active,123881,NA,NA,S,2,1,2826964.389,49.95,1997,34,4,9.94
138940,Active,113862,NA,NA,D,0,0,2406286.114,42.4,2002,31,4,21.98
138941,Active,200131,NA,NA,D,1,0,93666.39,88.95,2006,96,5.19,26.98
138942,Active,704047,NA,NA,D,3,1,701509.325,117.2,2003,22,4.13,0
138943,Active,2277380,NA,NA,D,8,1,1803295.429,32.49,2007,63,4,14.99
138944,Active,609967,NA,NA,D,7,1,734221.5363,39.99,2012,26,6.3,38.93
138945,Active,1438684,NA,NA,S,3,1,334872.7613,22.5,2006,68,3.9,5.8
138946,Active,613087,NA,NA,S,0,0,188505.9788,47.75,2006,255,4,7.33
138947,Active,1438622,NA,NA,S,3,1,313211.9063,51.24,2007,32,7.4,37.98
138948,Active,2471996,NA,NA,D,2,1,1276499.148,85,2004,20,4,15.94
138949,Active,266319,NA,NA,D,1,0,1438073.739,79.99,2007,29,14.47,55.4
138950,Active,750476,NA,NA,D,1,0,1484204.704,47.25,2009,33,4,6.97
138951,Active,1633934,NA,NA,S,1,0,266897.6125,39.99,2014,24,25.25,26.24
138952,Active,3745934,NA,NA,S,7,1,54677.9,50.95,2016,19,36.28,39.41
138953,Active,293279,NA,NA,D,2,1,38211.86,78,2008,64,5.98,0
138954,Active,897417,NA,NA,D,7,1,240605.6025,56.2,2006,24,4.99,3527.34
138955,Active,648799,NA,NA,S,3,1,742677.4963,43.99,2007,36,4.39,43.99
138956,Active,286541,NA,NA,D,1,0,3442990.485,56,1997,18,4.43,72.84
138957,Active,391176,NA,NA,D,11,1,970487.965,69.95,2005,24,5.77,0
138958,Active,261086,NA,NA,D,12,1,284071.175,78.48,2009,40,9.32,0
138959,Active,530435,NA,NA,D,3,1,38086.45375,100,2012,40,51.46,63.4
138960,Active,106076,NA,NA,D,1,0,2215381.288,79.95,2004,26,4.68,29
138961,Active,106622,NA,NA,D,2,1,777717.8225,92,2008,41,6.26,55.99
138962,Active,859251,NA,NA,D,3,1,892775.99,85,2005,23,5.58,63.99
138963,Active,270056,NA,NA,S,4,1,260831.595,210,2011,40,5.21,83.97
138964,Active,265895,NA,NA,D,3,1,2146593.373,168,2004,22,4,26.89
138965,Active,626654,NA,NA,S,0,0,977576.8875,47,2013,64,4,13.24
138966,Active,117251,NA,NA,S,2,1,811719.6863,50.2,2005,34,4.77,23.95
138967,Active,910411,NA,NA,D,5,1,913746.2625,29.38,2009,51,5.58,14.51
138968,Active,113833,NA,NA,S,6,1,702151.1338,93.33,2000,39,4,43.98
138969,Active,877733,NA,NA,S,13,1,210602.605,146.67,2014,43,22.18,22.23
138970,Active,200071,NA,NA,D,1,0,624424.925,91.95,2005,29,6.73,0
138971,Active,147682,NA,NA,S,2,1,613756.7288,42.95,2010,15,28.33,33.05
138972,Active,2678965,NA,NA,D,0,0,6099556.123,95,1992,26,4,44.61
138973,Active,2680463,NA,NA,D,2,1,2647438.098,96,2000,20,5.25,52.22
138974,Active,192721,NA,NA,S,3,1,2455446.021,93.95,1998,22,4,23.98
138975,Active,657690,NA,NA,D,3,1,216561.8638,103.25,2004,18,37.92,37.93
138976,Active,630155,NA,NA,S,0,0,75046.075,91,2007,46,18.15,53.99
138977,Active,200446,NA,NA,S,1,0,101787.725,175.95,2010,26,38.99,48.99
138978,Active,530216,NA,NA,D,6,1,721966.9638,44.99,2009,38,4,15.71
138979,Active,1727045,NA,NA,D,0,0,1044287.776,49.95,2012,12,21.31,184.76
138980,Active,792625,NA,NA,D,1,0,3685583.611,65,1999,24,4,18.39
138981,Active,1946336,NA,NA,D,2,1,837949.0425,38.5,2011,22,9.24,48.08
138982,Active,545240,NA,NA,D,4,1,255836.9563,106.95,2013,58,9.92,41.99
138983,Active,170189,NA,NA,D,3,1,1099555.216,130.95,2010,134,3.77,6.99
138984,Active,592373,NA,NA,S,3,1,214951.375,100.85,2012,24,41.77,72.16
138985,Active,265926,NA,NA,D,3,1,3516196.494,123,2005,26,6.24,28.49
138986,Active,285753,NA,NA,S,3,1,565652.1325,46.6,2002,55,4,90
138987,Active,1451739,NA,NA,S,8,1,76545.0625,56.6,2013,15,42.76,53.17
138988,Active,2027792,NA,NA,D,1,0,973522.7363,84.19,2010,15,42.84,84.19
138989,Active,50773,NA,NA,S,9,1,1844901.988,122,2004,41,4,6.1
138990,Active,147716,NA,NA,D,7,1,3230659.653,150,2010,17,16.37,52.82
138991,Active,1519019,NA,NA,S,8,1,1214616.058,163.2,2014,15,18.53,163.2
138992,Active,530090,NA,NA,D,8,1,1263658.695,205.95,2012,31,29.62,233.44
138993,Active,624697,NA,NA,S,14,1,265318.46,87.95,2012,27,23.96,0
138994,Active,544547,NA,NA,D,14,1,8417.37375,168.95,2013,84,36.88,65.77
138995,Active,1651525,NA,NA,D,1,0,1610610.383,175,2007,29,72.14,123.99
138996,Active,3479672,NA,NA,S,5,1,70743.725,76.95,2015,40,49.93,61.81
138997,Active,244062,NA,NA,D,24,1,1855688.928,57.95,2011,13,6.18,7.95
138998,Active,290174,NA,NA,D,2,1,2842900.983,32.98,2008,42,5.52,29.84
138999,Active,629184,NA,NA,S,15,1,200981.3225,62.57,2012,22,14.99,17.74
139000,Active,53075,NA,NA,D,14,1,214451.4075,28.97,2010,238,4,18.79
139001,Active,915758,NA,NA,D,4,1,1132363.46,51.75,1999,29,5.38,48.48
139002,Active,551354,NA,NA,S,1,0,851819.9825,116.5,2006,45,5.05,13.94
139003,Active,58332,NA,NA,S,26,1,1401859.369,56.64,2010,55,4,30.73
139004,Active,271076,NA,NA,D,6,1,188040.5025,65,2011,60,4.99,46.49
139005,Active,120180,NA,NA,S,1,0,779821.6225,130,2010,53,4.48,0
139006,Active,248861,NA,NA,D,23,1,387181.9175,179,2007,38,5.64,28.99
139007,Active,761566,NA,NA,D,21,1,331109.58,61.93,2005,37,4.9,0
139008,Active,54496,NA,NA,S,2,1,2478594.569,62.95,2002,50,4,17.84
139009,Active,117962,NA,NA,D,6,1,498311.6838,100.8,2005,50,4,6.49
139010,Active,145105,NA,NA,S,8,1,1693343.876,81.6,2005,49,4,12.66
139011,Active,1679832,NA,NA,S,47,1,2344506.304,54.95,2012,24,4.18,10.97
139012,Active,251947,NA,NA,D,4,1,509428.6263,232.95,2007,37,6.49,41.2
139013,Active,625511,NA,NA,D,0,0,217770.3975,49.95,1999,38,5.14,26.37
139014,Active,3043719,NA,NA,S,2,1,70155.75,68.93,2004,9,34.06,68.58
139015,Active,433453,NA,NA,D,2,1,9064494.629,95,2002,13,4.48,18.48
139016,Active,2827427,NA,NA,D,1,0,4207023.519,184,1996,13,18.97,63.69
139017,Active,222274,NA,NA,D,8,1,2115820.481,55,2004,20,4,66.2
139018,Active,2894461,NA,NA,D,0,0,2534264.006,45,1984,24,4,31.22
139019,Active,164293,NA,NA,D,2,1,1680161.763,115,2004,18,4.58,50.42
139020,Active,208569,NA,NA,S,2,1,419973.8263,140.2,1999,54,4,66.35
139021,Active,299134,NA,NA,D,0,0,2355153.705,49.95,2000,28,4.44,0
139022,Active,213121,NA,NA,D,1,0,3030752.184,239.95,2006,15,59.09,84.21
139023,Active,261418,NA,NA,D,2,1,2071724.399,90,2003,19,4,78.99
139024,Active,158187,NA,NA,D,3,1,753635.39,136.95,2007,35,15.42,70.16
139025,Active,637181,NA,NA,D,1,0,205992.8875,88.95,2008,35,10.09,0
139026,Active,203901,NA,NA,S,11,1,1083272.293,39.95,2007,46,4,10.48
139027,Active,775127,NA,NA,D,4,1,1311970.728,59.95,2003,11,4,16.95
139028,Active,435181,NA,NA,S,4,1,1731451.301,128.95,2008,18,14.21,32.52
139029,Active,222198,NA,NA,D,1,0,1022939.268,85,2006,24,4,33.48
139030,Active,225708,NA,NA,D,2,1,788489.2338,115.95,2002,26,70.74,140.75
139031,Active,2357796,NA,NA,D,0,0,1916341.648,139.25,1994,20,4.35,73.96
139032,Active,265318,NA,NA,D,3,1,1594068.07,106,2006,24,6.46,66.33
139033,Active,249092,NA,NA,D,2,1,494650.6,64.95,2007,138,4,21.5
139034,Active,530530,NA,NA,D,3,1,87908.02,66.95,2010,153,4,24.9
139035,Active,1506740,NA,NA,S,11,1,275325.225,42,2014,4,33.6,42
139036,Active,203941,NA,NA,D,3,1,505516.0813,28.95,2007,70,4,18.88
139037,Active,529658,NA,NA,D,4,1,360284.8738,36.99,2010,38,4.05,27.67
139038,Active,2028755,NA,NA,D,0,0,2194949.004,44.99,2014,13,19.98,22.23
139039,Active,1891046,NA,NA,S,0,0,385552.9588,79.99,2013,14,43.24,38.77
139040,Active,3620404,NA,NA,D,1,0,1549018.15,55.95,2008,14,23.49,459.63
139041,Active,619139,NA,NA,D,3,1,2972609.325,131.73,2011,29,4.92,0
139042,Active,1452747,NA,NA,D,4,1,252009.0863,232.6,2013,65,15.2,80.48
139043,Active,120095,NA,NA,D,2,1,1426493.718,221.33,2008,85,4,23.99
139044,Active,423358,NA,NA,D,1,0,4251063.995,144,2007,19,4.09,7.99
139045,Active,1453231,NA,NA,S,4,1,650193.7625,171,2013,19,14.94,159.12
139046,Active,118581,NA,NA,D,0,0,510133.3213,5.56,2006,66,4,0
139047,Active,865479,NA,NA,D,8,1,683423.1438,47,2014,21,31.92,46.96
139048,Active,142175,NA,NA,D,1,0,610765.4563,48.99,2010,90,4,41.93
139049,Active,142187,NA,NA,D,2,1,24184.285,83.98,2012,157,5.18,24.59
139050,Active,538888,NA,NA,D,42,1,242771.6863,57.5,2013,46,9.57,31.99
139051,Active,111968,NA,NA,S,39,1,1499021.881,54.25,2010,39,4,11.99
139052,Active,112224,NA,NA,S,2,1,279347.7675,110,2003,44,4.44,103.13
139053,Active,878650,NA,NA,S,2,1,537749.115,85.2,1996,26,4.22,16.16
139054,Active,52382,NA,NA,D,6,1,157614.8113,20.51,2006,126,4,13.49
139055,Active,52381,NA,NA,D,5,1,2847298.264,74.68,2004,66,4,9.94
139056,Active,2905099,NA,NA,D,0,0,1162558.076,75,1997,11,99.94,68.99
139057,Active,1483440,NA,NA,S,2,1,338908.8588,137.33,2013,28,21.49,117.1
139058,Active,3473598,NA,NA,D,6,1,1036401.8,203.8,2015,45,48.99,121.99
139059,Active,1604594,NA,NA,S,1,0,48001.2325,79.5,2012,43,34.35,49.99
139060,Active,1604596,NA,NA,S,1,0,30643.8,79.5,2012,35,23.59,25
139061,Active,249230,NA,NA,D,1,0,1615088.113,103,2011,29,4,28.56
139062,Active,891056,NA,NA,D,1,0,4959345.37,0,1981,11,21.42,0
139063,Active,668425,NA,NA,D,3,1,1433523.048,114,2011,18,13.58,59.54
139064,Active,3621292,NA,NA,D,2,1,3797396.2,55,2005,11,51.1,185.85
139065,Active,392681,NA,NA,D,0,0,2361386.563,95,2007,21,31.24,0
139066,Active,529359,NA,NA,S,7,1,519952.4588,82.95,2012,40,3.43,89.79
139067,Active,50949,NA,NA,D,4,1,1172854.898,136.95,2005,71,4,13.86
139068,Active,200163,NA,NA,D,4,1,1228045.833,119.95,2006,50,4,8.41
139069,Active,639321,NA,NA,D,1,0,687324.0088,35.95,2008,22,25.74,34.96
139070,Active,107775,NA,NA,D,5,1,4664135.299,93.75,2001,23,4.4,43.83
139071,Active,609973,NA,NA,S,13,1,90137.21,146.65,2013,45,6.37,85.59
139072,Active,391310,NA,NA,S,2,1,2198319.209,89.95,2003,15,11.96,38.98
139073,Active,259523,NA,NA,S,2,1,854997.2575,210,2006,35,10.58,87.05
139074,Active,868225,NA,NA,D,1,0,2974947.235,99,2007,15,4.85,12.98
139075,Active,624424,NA,NA,S,5,1,636044.4238,56.75,2006,25,11.41,0
139076,Active,717099,NA,NA,S,5,1,19749.13375,0,2009,14,5.48,0
139077,Active,1447874,NA,NA,S,3,1,21264.66125,0,2006,8,4.49,0
139078,Active,247899,NA,NA,S,1,0,443884.6088,105,2008,25,16.24,74.93
139079,Active,637673,NA,NA,S,11,1,437684,95,2012,27,16.41,72.78
139080,Active,2056994,NA,NA,D,1,0,2199451.588,171,2007,21,4.5,115.33
139081,Active,270105,NA,NA,D,2,1,673337.0638,211,2010,41,11.46,53.48
139082,Active,584909,NA,NA,D,1,0,603816.4125,75,2008,27,4,9.99
139083,Active,1732889,NA,NA,D,2,1,491823.4138,50,2009,22,26.73,167.73
139084,Active,299774,NA,NA,D,1,0,1855137.763,116,2006,18,5.19,56.95
139085,Active,885137,NA,NA,D,2,1,2694975.876,219,2009,15,74.79,118.55
139086,Active,201756,NA,NA,D,2,1,1322994.443,61.95,2009,18,7.19,31.49
139087,Active,477897,NA,NA,D,2,1,4724332.956,110.95,2009,13,13.49,63.32
139088,Active,812028,NA,NA,D,1,0,2133470.411,79.95,2011,13,16.04,39.96
139089,Active,115742,NA,NA,D,2,1,659056.0738,80.8,2004,20,7.93,38.74
139090,Active,175402,NA,NA,D,1,0,865585.3288,72,2002,41,4,28.99
139091,Active,922186,NA,NA,S,2,1,78776.84625,28.99,1991,86,7.37,21.96
139092,Active,200484,NA,NA,S,2,1,598852.8613,119.95,2009,44,9.72,75.09
139093,Active,411297,NA,NA,D,1,0,2504581.211,115,2004,13,37.65,45.93
139094,Active,163088,NA,NA,D,10,1,413939.6,86.25,2011,38,7.93,23.94
139095,Active,129445,NA,NA,D,0,0,900340.1363,67.95,2011,78,4,12.96
139096,Active,58410,NA,NA,D,4,1,1116357.676,77.95,2007,82,4,9.87
139097,Active,58411,NA,NA,D,5,1,323072.4175,86.95,2011,35,4,48.15
139098,Active,58413,NA,NA,S,2,1,6036611.411,55,2001,22,4,8.98
139099,Active,254533,NA,NA,D,5,1,61571.66375,123.95,2011,88,28.57,67.99
139100,Active,529024,NA,NA,D,9,1,304072.5813,140,2012,53,13.88,36.49
139101,Active,200052,NA,NA,D,1,0,1577258.633,63.95,2006,45,4,16.91
139102,Active,120651,NA,NA,D,1,0,141781.7525,111.2,2009,46,7.1,0
139103,Active,198913,NA,NA,D,0,0,4348844.681,37.95,1998,30,4,4.2
139104,Active,163876,NA,NA,D,3,1,880643.2813,37.54,1996,29,12.86,82.94
139105,Active,610133,NA,NA,S,2,1,105866.4188,116,2013,40,43.99,105
139106,Active,915680,NA,NA,S,3,1,30911.98375,0,2006,27,4,0
139107,Active,420379,NA,NA,S,10,1,3390392.151,117.33,2001,38,4.24,22.49
139108,Active,628857,NA,NA,S,2,1,325921.695,221.95,2006,33,28.9,156.33
139109,Active,456511,NA,NA,D,10,1,816198.035,192.95,2010,27,4.99,77.49
139110,Active,165734,NA,NA,D,9,1,2436223.894,11.57,2003,38,4.28,17.99
139111,Active,60544,NA,NA,D,10,1,517054.9875,30.55,2006,28,5.48,30.54
139112,Active,165476,NA,NA,D,8,1,1403690.276,8.98,2001,39,4,11.79
139113,Active,162846,NA,NA,S,11,1,172376.51,62.5,2009,34,16.98,69.98
139114,Active,528855,NA,NA,D,4,1,1845201.84,63.95,2011,15,4.06,63.95
139115,Active,271041,NA,NA,D,5,1,1526857.938,46,2010,33,4,4.5
139116,Active,667325,NA,NA,S,4,1,45281.425,99.97,2011,26,52.82,99.96
139117,Active,271065,NA,NA,D,10,1,48938.5325,90,2011,30,44.55,60.88
139118,Active,3926499,NA,NA,D,0,0,641884.85,25,1900,8,21.11,19.1
139119,Active,526449,NA,NA,S,6,1,209839.3338,34.99,2011,24,4.38,0
139120,Active,145110,NA,NA,S,3,1,1217601.111,27.6,2005,54,4,0
139121,Active,60550,NA,NA,D,7,1,1551900.395,105.6,2006,33,4,45
139122,Active,132834,NA,NA,D,8,1,390857.93,87,2009,42,6.62,64.41
139123,Active,536972,NA,NA,D,9,1,65624.645,107.4,2012,106,19.14,75.03
139124,Active,2103028,NA,NA,S,0,0,72649.93375,44.99,2015,45,16.26,24.15
139125,Active,537729,NA,NA,D,10,1,79464.96,57,2012,61,12.88,31.12
139126,Active,224737,NA,NA,S,2,1,677211.9013,75.95,2010,31,6.04,11.4
139127,Active,248911,NA,NA,D,6,1,1054144.499,82.95,2007,121,3.99,9.98
139128,Active,249160,NA,NA,D,7,1,463387.4338,99.95,2010,166,4,18.96
139129,Active,1519104,NA,NA,S,8,1,619492.8163,99.95,2013,24,16.53,58.99
139130,Active,608356,NA,NA,D,5,1,1267538.701,109.46,2004,30,4,42.59
139131,Active,608217,NA,NA,D,6,1,654272.4338,292.59,2008,22,62.23,214.33
139132,Active,543808,NA,NA,S,4,1,113952.7675,76.95,2011,58,4.98,13.18
139133,Active,1826884,NA,NA,S,3,1,137711.4275,91.95,2015,30,28.46,73.97
139134,Active,249869,NA,NA,S,7,1,1289558.939,109.95,2006,19,4.97,18.99
139135,Active,169484,NA,NA,D,8,1,251757.905,199.95,2006,20,29.94,143.86
139136,Active,530013,NA,NA,D,2,1,1336408.9,75.29,2009,27,4.97,55.37
139137,Active,163431,NA,NA,D,4,1,469493.9975,10.09,2011,28,16.28,43.94
139138,Active,202402,NA,NA,D,1,0,1868823.109,108.95,2004,24,6.04,21.75
139139,Active,109678,NA,NA,D,6,1,1431104.216,493.66,2007,19,9.49,84.95
139140,Active,2351738,NA,NA,D,3,1,5671219.4,56.25,2000,12,4.4,43.37
139141,Active,909526,NA,NA,D,0,0,775613.5875,91.6,2002,15,4,18.37
139142,Active,109923,NA,NA,S,12,1,204453.1438,111.19,2009,28,6.05,81.84
139143,Active,109700,NA,NA,D,7,1,1984648.555,165.56,2009,23,7.32,118.33
139144,Active,114709,NA,NA,D,6,1,1609249.29,49.95,2003,52,4,4.92
139145,Active,200018,NA,NA,D,8,1,632960.2388,105.95,2004,23,4.99,43.99
139146,Active,567663,NA,NA,S,4,1,725261.8038,114.95,2009,49,4,42.46
139147,Active,3462247,NA,NA,S,2,1,985300.0113,225,1997,27,6.92,53
139148,Active,52698,NA,NA,D,6,1,275369.6488,122,2004,113,4,8.97
139149,Active,50534,NA,NA,D,8,1,43134.39625,181,2011,122,6.64,34.82
139150,Active,217944,NA,NA,D,10,1,68229.0975,44.95,2007,75,5.24,67.55
139151,Active,203933,NA,NA,S,5,1,108300.1313,109.99,2008,41,41.98,55.08
139152,Active,203354,NA,NA,D,4,1,1034563.559,82.95,2001,49,5.72,33
139153,Active,772358,NA,NA,S,0,0,285895.4875,108.15,2005,62,6.3,16.64
139154,Active,225438,NA,NA,D,0,0,2603631.843,39.95,2003,40,4.89,28.97
139155,Active,144785,NA,NA,S,2,1,1484967.08,38.67,2004,94,3.99,11.64
139156,Active,279765,NA,NA,S,0,0,89332.0475,39.95,2006,66,4,21.99
139157,Active,3959858,NA,NA,S,0,0,768.2,59.99,1900,1,45.11,59.99
139158,Active,202294,NA,NA,S,2,1,911215.4363,246.95,2003,83,4,12.99
139159,Active,416665,NA,NA,S,1,0,216352.09,368.5,2011,38,18.49,95.77
139160,Active,534372,NA,NA,S,2,1,889721.6425,37.95,1993,56,4.75,34.99
139161,Active,658491,NA,NA,S,17,1,1342812.904,64.95,2010,23,18.84,36.26
139162,Active,2077131,NA,NA,S,4,1,153903.225,64.17,2013,17,48.99,54.43
139163,Active,909582,NA,NA,S,2,1,2780851.74,52,1993,22,4,28.94
139164,Active,1964872,NA,NA,D,3,1,1858387.809,191.99,2014,13,93.4,153.2
139165,Active,3763382,NA,NA,S,5,1,1121310.35,44.99,2015,37,28.95,28.96
139166,Active,609139,NA,NA,D,3,1,1050303.264,29.95,2001,43,4,13.49
139167,Active,3072466,NA,NA,D,3,1,725550.3788,49.95,2002,35,4.58,106.01
139168,Active,120670,NA,NA,S,4,1,704794.5488,66.67,2008,85,4.48,28.96
139169,Active,632276,NA,NA,S,0,0,115671.2163,126.5,2011,40,55.99,84.99
139170,Active,635749,NA,NA,S,0,0,138843.9438,129.25,2011,49,38.76,105.57
139171,Active,2894363,NA,NA,D,0,0,62885.01,155,1975,17,122.99,116.25
139172,Active,665215,NA,NA,S,2,1,102072.75,53.95,2012,26,36.98,0
139173,Active,275278,NA,NA,D,5,1,1661185.821,42,2008,18,6.36,0
139174,Active,275280,NA,NA,S,6,1,204493.01,45,2010,23,38.29,0
139175,Active,528496,NA,NA,S,5,1,246521.685,105.6,2011,37,40.99,78.99
139176,Active,3473041,NA,NA,S,3,1,154467.575,99.99,2014,23,51.99,53.97
139177,Active,2924522,NA,NA,S,7,1,341626.3638,51.75,2015,25,19.37,50.99
139178,Active,872278,NA,NA,S,3,1,4260087.639,66.95,1996,25,4,41.61
139179,Active,918795,NA,NA,D,0,0,91643.43,44.99,2006,42,11.54,19.99
139180,Active,592119,NA,NA,D,1,0,269736.6275,85,2010,48,20.99,36.49
139181,Active,1441733,NA,NA,S,8,1,719743.4413,301.5,2013,31,47.64,189.93
139182,Active,528418,NA,NA,D,10,1,666802.9813,39.99,2011,39,4,0
139183,Active,248035,NA,NA,S,2,1,504580.335,125,2009,42,27.94,76.99
139184,Active,1597518,NA,NA,S,3,1,193881.075,88.97,2008,19,33.98,68.99
139185,Active,874755,NA,NA,D,2,1,749520.4938,77.33,2012,30,19.1,65.94
139186,Active,120145,NA,NA,D,1,0,742909.59,48.4,2008,17,9.52,18.99
139187,Active,529481,NA,NA,S,2,1,31889.07875,77.33,2012,55,11.12,59.01
139188,Active,390132,NA,NA,S,1,0,165850.325,57.95,2003,70,14.87,46.97
139189,Active,349273,NA,NA,S,8,1,1227564.179,126.4,2007,26,4.14,47.29
139190,Active,615892,NA,NA,D,3,1,1325969.708,64,2005,45,4,66.81
139191,Active,289592,NA,NA,D,2,1,1107576.779,59.99,1997,74,4,16.98
139192,Active,2575532,NA,NA,S,20,1,1491058.37,121.88,1985,25,4,52.02
139193,Active,107129,NA,NA,D,5,1,923692.37,42.4,2004,43,4.14,42.49
139194,Active,586516,NA,NA,D,5,1,982585.3813,55,2005,25,4,25.1
139195,Active,591766,NA,NA,S,3,1,313362.725,57.32,2010,34,13.5,0
139196,Active,711579,NA,NA,S,6,1,2151823.3,101,2002,89,4,11.37
139197,Active,553322,NA,NA,D,11,1,370500.055,233.33,2012,37,11.64,483.04
139198,Active,2438652,NA,NA,D,2,1,11956831.24,89.5,2004,9,4,86.68
139199,Active,256014,NA,NA,D,0,0,1004393.024,62.95,2000,32,13.39,52.63
139200,Active,203790,NA,NA,D,3,1,1865390.016,118.5,2005,22,10.67,63.98
139201,Active,622089,NA,NA,D,0,0,969592.9888,56.95,2002,43,4,0
139202,Active,2551235,NA,NA,D,1,0,3259616.385,55.95,2003,15,10.31,90.84
139203,Active,1515988,NA,NA,S,7,1,722636.3763,115.09,2011,10,21.33,23.99
139204,Active,2159975,NA,NA,S,0,0,18794.625,129.95,2007,1,22.94,29.48
139205,Active,2057861,NA,NA,S,2,1,105550.275,54.95,2009,12,25.46,54.95
139206,Active,1516061,NA,NA,S,4,1,1717276.041,115.09,2010,5,19.06,21.31
139207,Active,3479293,NA,NA,D,0,0,3865197.3,262.92,1900,17,3.99,70.09
139208,Active,859907,NA,NA,S,5,1,540608.1288,210,2009,27,9,33.98
139209,Active,165275,NA,NA,D,8,1,484236.6875,223.7,2001,16,15.69,76.78
139210,Active,528187,NA,NA,D,4,1,602535.9675,221.8,2011,18,11.71,221.79
139211,Active,146400,NA,NA,D,4,1,159156.215,207.8,2011,66,4.43,31.99
139212,Active,145567,NA,NA,D,3,1,542673.0825,145.33,2007,47,4,97.86
139213,Active,145572,NA,NA,D,2,1,827630.6688,145.33,2007,33,4.73,47.36
139214,Active,1517246,NA,NA,S,11,1,215003.6275,162.67,2014,33,35.12,128.94
139215,Active,742783,NA,NA,D,10,1,2033595.895,224,2010,24,5.73,0
139216,Active,3775878,NA,NA,S,3,1,24231,44.99,2016,14,28.5,25.7
139217,Active,917817,NA,NA,S,0,0,249919.5188,112.3,2003,40,6.69,53.99
139218,Active,1822449,NA,NA,S,3,1,782781.2675,159.75,2013,22,36.58,122.18
139219,Active,1822753,NA,NA,S,7,1,369335,375.33,2016,60,46.34,174.66
139220,Active,571221,NA,NA,S,2,1,97481.91,97.19,2011,43,13.2,86.03
139221,Active,3557940,NA,NA,S,3,1,601505,67.99,2016,16,48.64,61.19
139222,Active,164627,NA,NA,D,2,1,2390186.061,141.95,2003,19,4.31,12.87
139223,Active,743134,NA,NA,S,3,1,1574193.943,74.95,2001,18,7.95,85.1
139224,Active,626230,NA,NA,D,0,0,647130.2025,25.31,2011,46,4,0
139225,Active,621909,NA,NA,D,10,1,235113.1638,224.95,2012,76,4.3,41.26
139226,Active,885841,NA,NA,D,6,1,1031330.058,38.95,2011,6,6.57,34.99
139227,Active,886614,NA,NA,D,7,1,683718.3475,83.95,2013,17,53.8,70.67
139228,Active,3743884,NA,NA,S,4,1,375441,78.99,2015,25,43.38,57.39
139229,Active,217764,NA,NA,S,2,1,246546.5788,49.99,2009,66,23.99,39.4
139230,Active,1907822,NA,NA,D,2,1,2185515.53,108.95,2009,15,17.27,0
139231,Active,1908222,NA,NA,D,2,1,1886996.828,119.95,2010,22,21.69,418.4
139232,Active,57995,NA,NA,D,4,1,699284.5988,31.95,2005,118,4,6.9
139233,Active,254636,NA,NA,D,6,1,671060.9863,69.95,2011,51,17.12,56.43
139234,Active,210930,NA,NA,D,3,1,1307134.518,43.95,2005,92,4,18.98
139235,Active,1519021,NA,NA,D,7,1,2144352.254,186.4,2014,11,86.28,186.4
139236,Active,1943453,NA,NA,D,2,1,1695961.385,113.31,2012,17,44.99,108.99
139237,Active,1518932,NA,NA,S,7,1,1904821.971,224.93,2013,18,6.15,43.99
139238,Active,1518367,NA,NA,D,8,1,3595188.821,192.95,2010,16,21.35,192.98
139239,Active,1519022,NA,NA,D,7,1,2651273.521,186.4,2014,14,81,111.56
139240,Active,264279,NA,NA,D,2,1,180872.4388,42.95,2007,72,8.76,21.48
139241,Active,299848,NA,NA,S,1,0,400629.2075,39.95,2003,47,8.83,19.94
139242,Active,861528,NA,NA,S,7,1,1096756.739,182.65,2013,21,9.99,123.18
139243,Active,2065602,NA,NA,D,1,0,1561032.318,91.95,2014,24,14.37,67.79
139244,Active,171500,NA,NA,S,0,0,145126.0738,47.95,1996,37,11.49,30.57
139245,Active,203885,NA,NA,D,9,1,789619.4938,52.95,2008,113,4,13.82
139246,Active,126111,NA,NA,S,2,1,246599.8388,59.5,2000,39,10.07,49.98
139247,Active,2400783,NA,NA,D,2,1,1302611.364,45,1997,42,4,41.98
139248,Active,106195,NA,NA,D,6,1,980264.5888,99,2005,31,4,13.95
139249,Active,1827295,NA,NA,S,8,1,4782.15625,69.95,2015,100,17.28,41.64
139250,Active,56187,NA,NA,S,4,1,629495.835,59.95,2011,210,4,8.48
139251,Active,915014,NA,NA,D,11,1,1712175.919,63.08,2009,24,5.33,45.37
139252,Active,254145,NA,NA,S,1,0,934048.8263,131.95,2010,66,4.98,41.95
139253,Active,298515,NA,NA,S,1,0,700837.02,95.95,2007,189,4,20.83
139254,Active,178945,NA,NA,S,1,0,739637.205,204.95,2010,49,4,53.99
139255,Active,527990,NA,NA,S,1,0,522430.2125,134.95,2010,85,4,32.37
139256,Active,617635,NA,NA,S,1,0,659161.6413,179.95,2011,53,4.94,20.98
139257,Active,178652,NA,NA,S,0,0,380022.9675,179.95,2010,86,4.09,23.94
139258,Active,664274,NA,NA,S,0,0,73813.4475,179.95,2013,48,20.28,113.29
139259,Active,862818,NA,NA,D,1,0,626821.225,52.95,1999,27,32.37,55.44
139260,Active,858928,NA,NA,D,0,0,180109.3725,124.95,2002,220,4.72,65.79
139261,Active,527946,NA,NA,S,11,1,26475.01125,83.95,2012,33,58.98,74.54
139262,Active,204391,NA,NA,D,0,0,678671.4088,125,2005,43,21.52,108.43
139263,Active,1772311,NA,NA,S,2,1,760265.0063,65.95,2011,92,4,13.98
139264,Active,2168118,NA,NA,S,16,1,725791.2713,49.49,2013,19,5.69,16.48
139265,Active,252560,NA,NA,D,1,0,154007.8875,23.86,2009,72,5.46,17.99
139266,Active,297878,NA,NA,S,1,0,87309.225,218.95,2011,32,38.83,158.15
139267,Active,1878894,NA,NA,D,10,1,397356.2875,46.25,2008,20,4.92,24.88
139268,Active,618319,NA,NA,S,0,0,47659.425,139,2003,38,19.23,133
139269,Active,607980,NA,NA,S,17,1,1631796.198,38.95,2002,76,3.99,33.99
139270,Active,147575,NA,NA,D,5,1,626196.5538,59.95,2008,52,4,33.76
139271,Active,630870,NA,NA,D,8,1,1628442.239,47.95,2007,33,4,17.89
139272,Active,561697,NA,NA,S,8,1,2763860.11,39.95,2008,36,4,14.29
139273,Active,860423,NA,NA,S,3,1,853122.1963,115.95,2011,19,12.28,14.08
139274,Active,1518836,NA,NA,S,4,1,47152.26,41.95,2014,9,13.94,1379.35
139275,Active,298873,NA,NA,S,3,1,1298493.329,128.61,2011,16,5.92,18.74
139276,Active,1518059,NA,NA,D,7,1,2080673.419,364.95,2009,14,23.74,29.49
139277,Active,162133,NA,NA,S,5,1,99143.715,155.95,2008,37,24.88,149.58
139278,Active,2191685,NA,NA,S,2,1,2661102.908,79.99,2015,21,33.72,57.64
139279,Active,628678,NA,NA,S,4,1,539022.3588,54.5,2011,56,4.59,12.85
139280,Active,704325,NA,NA,D,4,1,2367504.794,111.75,2006,20,5,89.34
139281,Active,3488629,NA,NA,D,2,1,3105770.15,69,1994,33,4,14.92
139282,Active,143747,NA,NA,S,5,1,1905883.444,59.95,1995,33,4.96,48.83
139283,Active,868413,NA,NA,D,1,0,370518.1175,68.95,2004,34,4.28,33.86
139284,Active,200007,NA,NA,D,3,1,692870.5375,101.95,2004,32,4,20.99
139285,Active,704370,NA,NA,S,5,1,1063277.623,28.98,2007,48,4.22,28.98
139286,Active,632963,NA,NA,S,2,1,338113,99.95,2012,15,45.98,52.92
139287,Active,3480790,NA,NA,D,0,0,4398508.6,65,1986,34,4,16.49
139288,Active,3480826,NA,NA,D,2,1,3681577.9,100,1996,33,4,50.65
139289,Active,743180,NA,NA,S,2,1,593668.8513,99,2003,33,6.22,51.98
139290,Active,398389,NA,NA,S,0,0,687516.2225,69.95,2007,33,42.39,55.36
139291,Active,527725,NA,NA,S,4,1,494687.54,95,2010,24,46.8,68.75
139292,Active,60686,NA,NA,D,3,1,527279.9538,225.95,2005,60,4.31,10.94
139293,Active,612823,NA,NA,S,1,0,319384.4625,209.95,2009,132,4,16.98
139294,Active,224387,NA,NA,D,4,1,235658.8288,47.95,2003,56,4.93,22.15
139295,Active,580856,NA,NA,S,2,1,440722.4075,75.95,2006,28,15.85,54.09
139296,Active,1499106,NA,NA,S,0,0,51057.75,59.99,2011,15,24.88,33.15
139297,Active,553831,NA,NA,S,3,1,102431.4638,51.99,2008,131,4,12
139298,Active,917830,NA,NA,S,0,0,341648.63,47.27,2006,37,4,18.99
139299,Active,527673,NA,NA,S,2,1,574687.8488,51.99,2009,31,7.44,38.97
139300,Active,610378,NA,NA,D,3,1,3097.57375,91.75,2013,175,17.78,42.32
139301,Active,288823,NA,NA,D,6,1,864996.405,143.52,2007,35,9.29,51.98
139302,Active,147053,NA,NA,S,5,1,463485.27,123,2003,24,4.8,19.97
139303,Active,627404,NA,NA,S,1,0,88839.025,163,2010,35,56.99,115.15
139304,Active,879251,NA,NA,S,8,1,1817725.399,152.95,1998,45,4,62.51
139305,Active,3784437,NA,NA,S,3,1,4517.1,54.95,2015,15,45.91,47.98
139306,Active,1517923,NA,NA,D,4,1,5091809.618,61.95,2007,4,5.54,11.38
139307,Active,499519,NA,NA,S,5,1,1273932.214,129,2010,18,15.76,381.87
139308,Active,617161,NA,NA,D,1,0,685443.3288,121,2008,69,4.49,24.99
139309,Active,2918967,NA,NA,S,2,1,522887.2575,59.99,2015,18,46.2,40.98
139310,Active,655522,NA,NA,D,2,1,379459.0413,123.9,2011,32,14.94,114.59
139311,Active,744039,NA,NA,S,14,1,327298.2113,113.95,2012,16,31.29,92.99
139312,Active,159390,NA,NA,D,1,0,303681.1588,199,1998,29,44.52,83.99
139313,Active,2014562,NA,NA,S,3,1,31405.89375,136.25,2014,24,42.39,43.98
139314,Active,57628,NA,NA,S,4,1,3081255.574,121.93,2001,28,4.35,17.76
139315,Active,260428,NA,NA,D,2,1,497336.2063,49,2008,57,4.48,13.99
139316,Active,629096,NA,NA,D,2,1,82102.63125,99.95,2013,36,18.07,53.99
139317,Active,2027525,NA,NA,D,0,0,409773.3475,75,2012,30,19.39,55.74
139318,Active,904496,NA,NA,D,43,1,2473481.319,297,2013,14,24.99,140.72
139319,Active,2375771,NA,NA,D,2,1,316076.0975,67,1994,34,4,44.43
139320,Active,2375772,NA,NA,D,2,1,1050893.249,68,1994,17,13.37,33.58
139321,Active,527532,NA,NA,D,8,1,73426.0825,59.99,2013,47,23.99,38.97
139322,Active,145651,NA,NA,D,6,1,751401.505,69.99,2007,32,4,27.79
139323,Active,145878,NA,NA,D,7,1,548344.9425,59.99,2009,26,5.97,52.99
139324,Active,110424,NA,NA,D,5,1,2338865.083,4.68,2007,51,4,4.58
139325,Active,2350847,NA,NA,D,6,1,10647139.65,0,1900,10,46.48,53.92
139326,Active,176994,NA,NA,S,2,1,98814.99125,238.95,2005,46,13.82,58.99
139327,Active,698905,NA,NA,S,0,0,9542102.228,65.98,2008,11,4.46,59.81
139328,Active,3104290,NA,NA,S,0,0,71043.34125,49.95,2005,4,27.9,33.99
139329,Active,789381,NA,NA,S,4,1,1108367.748,275,2004,21,23.78,72.98
139330,Active,421465,NA,NA,S,6,1,314401.54,140.98,2011,28,35.98,153.92
139331,Active,3480680,NA,NA,D,0,0,2194587.15,276.25,1998,12,12.99,163.99
139332,Active,1588151,NA,NA,S,2,1,1423562.959,55.25,2008,23,24,32.42
139333,Active,147174,NA,NA,D,4,1,721622.3963,145,2006,31,43.99,35.99
139334,Active,2022101,NA,NA,D,3,1,6388271.159,119.95,2006,14,7.28,49.91
139335,Active,1471642,NA,NA,D,2,1,291966.585,89.95,2014,54,31.31,39.59
139336,Active,253934,NA,NA,S,6,1,1187869.126,43.95,2010,21,4,16.47
139337,Active,2022095,NA,NA,D,1,0,2374979.238,49.95,2007,17,4.39,11.94
139338,Active,2042539,NA,NA,D,20,1,1189565.51,74.95,2013,16,15.43,172.94
139339,Active,2022180,NA,NA,D,15,1,786042.5413,149.95,2015,12,109.11,113.96
139340,Active,503527,NA,NA,D,10,1,2516187.363,109.95,2010,15,10.08,29.97
139341,Active,274458,NA,NA,S,4,1,831719.7363,95.95,2004,28,14.78,74.46
139342,Active,833095,NA,NA,D,2,1,6449037.968,102,1998,24,4.12,55.21
139343,Active,435995,NA,NA,D,10,1,3705326.26,210.95,2005,21,4.44,8.98
139344,Active,50806,NA,NA,D,11,1,656923.5225,309.95,2007,75,4.3,16.94
139345,Active,50807,NA,NA,D,12,1,485490.91,309.95,2010,87,4.96,48.98
139346,Active,824785,NA,NA,D,1,0,2354274.726,33.95,1998,19,4,23.98
139347,Active,235132,NA,NA,D,3,1,238329.3238,30.95,2007,75,5.61,12.66
139348,Active,608977,NA,NA,D,3,1,2257342.24,57.95,2002,23,4,38.83
139349,Active,235127,NA,NA,D,6,1,314216.6238,36.95,2007,40,10.23,28.94
139350,Active,617988,NA,NA,S,1,0,86905.08375,133,2007,40,43.65,63.95
139351,Active,252562,NA,NA,S,6,1,447375.5025,40.5,2007,30,18.64,23.89
139352,Active,193985,NA,NA,D,1,0,649765.0288,72,2002,45,4.04,23.94
139353,Active,1964730,NA,NA,D,6,1,3665915.883,173.98,2012,19,37.48,173.83
139354,Active,578967,NA,NA,S,5,1,3804854.694,77.95,2010,14,8.44,61.75
139355,Active,203759,NA,NA,D,0,0,1442651.333,38.95,2005,48,4,14.98
139356,Active,635900,NA,NA,D,0,0,730080.7663,36.2,2002,25,6.51,0
139357,Active,527175,NA,NA,S,6,1,9045.685,174.4,2012,75,28.77,99.71
139358,Active,3462652,NA,NA,S,8,1,105041.3363,60,2015,17,35.74,36.31
139359,Active,3601893,NA,NA,D,2,1,4171520.8,39,2000,19,4.48,70.87
139360,Active,609169,NA,NA,D,2,1,372046.51,44.95,2004,41,4,18.98
139361,Active,609205,NA,NA,S,3,1,189524.5425,59.95,2007,58,4,14.99
139362,Active,527146,NA,NA,D,4,1,243873.5688,64.99,2010,40,17.96,38.97
139363,Active,873322,NA,NA,D,3,1,2337953.119,36.07,2007,45,6.68,19.95
139364,Active,1483414,NA,NA,S,2,1,430525.7263,240.87,2013,19,46.4,217.93
139365,Active,52617,NA,NA,D,11,1,160420.265,117.8,2009,54,4.78,18.99
139366,Active,868310,NA,NA,D,1,0,2103276.586,60,2000,28,4,8.97
139367,Active,603371,NA,NA,D,1,0,946779.6175,90,2008,27,8.79,66.99
139368,Active,3503811,NA,NA,D,2,1,2335147.65,79.95,1994,21,4,23.79
139369,Active,2551412,NA,NA,D,4,1,2593076.151,81.95,2002,18,6.38,59.53
139370,Active,298476,NA,NA,D,3,1,72943.4875,247.95,2006,62,27.39,78.98
139371,Active,202316,NA,NA,S,2,1,2489137.878,262.95,2001,33,4,5.79
139372,Active,867334,NA,NA,S,2,1,2422824.188,59.99,2014,14,52.37,58.63
139373,Active,254015,NA,NA,S,3,1,880064.36,143,2010,42,7.97,62.55
139374,Active,664721,NA,NA,S,37,1,1579531.688,67.95,2013,15,3.43,45.24
139375,Active,3514396,NA,NA,D,2,1,9739842.4,47.95,1996,18,4,54.63
139376,Active,2085924,NA,NA,S,0,0,687729.3925,62.99,2013,11,43.98,42.99
139377,Active,764306,NA,NA,S,3,1,54456.365,0,2005,0,0,0
139378,Active,145900,NA,NA,D,5,1,642502.22,28.94,2009,26,5.64,49.08
139379,Active,613285,NA,NA,D,4,1,837670.4588,168,2006,51,5.38,53.49
139380,Active,292238,NA,NA,D,5,1,290790.205,359.95,2007,51,6.61,90.79
139381,Active,771662,NA,NA,D,4,1,1632580.206,214.95,2004,37,4.77,13.5
139382,Active,639289,NA,NA,S,0,0,101490.8175,46,2008,30,29.96,34.51
139383,Active,3729477,NA,NA,D,0,0,353953.25,39.99,2007,77,17.98,28.28
139384,Active,224484,NA,NA,D,3,1,802149.335,49.6,2001,26,18.64,142.17
139385,Active,118284,NA,NA,D,0,0,1550385.648,200,2011,33,4,19.29
139386,Active,118285,NA,NA,D,0,0,1082459.739,200,2012,30,4,52.67
139387,Active,657882,NA,NA,S,27,1,621654.3513,295.4,2014,61,4,46.77
139388,Active,2568314,NA,NA,D,1,0,2430652.039,74,1996,17,4,27.99
139389,Active,108983,NA,NA,S,10,1,1920824.189,21.99,2004,18,13.84,17.89
139390,Active,2551332,NA,NA,D,4,1,7177021.704,87.95,2002,15,4.98,59.57
139391,Active,544593,NA,NA,S,12,1,1255087.871,68.95,2013,22,4,92.73
139392,Active,646517,NA,NA,S,2,1,115017.5175,120.75,2008,25,32.88,112.98
139393,Active,876070,NA,NA,S,2,1,208996.795,125.75,2013,30,33.98,80.44
139394,Active,207577,NA,NA,D,2,1,2580336.271,139,2000,19,13.68,42.54
139395,Active,526923,NA,NA,D,2,1,3034302.488,102,2011,25,28.98,35.58
139396,Active,3475148,NA,NA,D,0,0,2102094.55,84,1982,26,4,28.89
139397,Active,537946,NA,NA,D,0,0,1080772.155,64.86,1975,23,4.98,0
139398,Active,533530,NA,NA,D,11,1,9998.65875,200,2012,201,5.72,47.93
139399,Active,619428,NA,NA,D,0,0,100167.27,52,2005,28,14.54,0
139400,Active,184605,NA,NA,D,1,0,2531722.581,41.95,1998,20,4,28.99
139401,Active,261965,NA,NA,D,2,1,2683102.939,249.95,2005,17,22.94,87.89
139402,Active,2076808,NA,NA,S,2,1,262676.7025,59.95,2014,16,38.27,57.33
139403,Active,920219,NA,NA,D,7,1,2558099.1,44.95,2001,53,4,7.46
139404,Active,639881,NA,NA,S,0,0,58315.475,95,2012,42,51.99,68.99
139405,Active,143534,NA,NA,D,0,0,1348617.866,43,2011,32,4,23.98
139406,Active,1440426,NA,NA,D,4,1,489945.8925,0,2011,15,16.65,988.38
139407,Active,666489,NA,NA,D,1,0,1821617.065,113.95,2008,21,23.95,122.95
139408,Active,664439,NA,NA,S,2,1,310688.2125,49.95,2013,24,7.43,14.72
139409,Active,2438601,NA,NA,D,3,1,526013.69,0,2002,25,28.99,200.01
139410,Active,125150,NA,NA,S,0,0,128126.3,60.25,2011,51,6.93,13.99
139411,Active,1464018,NA,NA,S,2,1,34797.025,60.25,2014,19,42.35,34.14
139412,Active,802656,NA,NA,S,0,0,6957.17125,49.99,2007,5,8.96,11.93
139413,Active,802685,NA,NA,S,0,0,5027.7,49.99,2008,5,26.74,41.98
139414,Active,178483,NA,NA,D,2,1,3118481.958,84.2,2002,23,4,50.49
139415,Active,561690,NA,NA,S,7,1,685913.3713,99.95,2009,18,21.84,53.98
139416,Active,655605,NA,NA,D,3,1,771592.1263,61.95,2010,29,16.49,33.99
139417,Active,743676,NA,NA,D,2,1,1546961.806,49.95,2005,29,4,54.05
139418,Active,758353,NA,NA,D,1,0,1391167.079,59.95,2003,32,4,48.47
139419,Active,54489,NA,NA,D,8,1,149541.1325,10.34,2007,164,3,9.53
139420,Active,199048,NA,NA,D,0,0,1104432.093,50.95,2002,27,4,0
139421,Active,1618619,NA,NA,D,0,0,462105.9188,39.95,2012,18,28,33.81
139422,Active,2851898,NA,NA,D,1,0,1521389.473,92.95,2005,17,9.78,31.26
139423,Active,738283,NA,NA,D,2,1,1647984.953,63.34,2000,15,4.39,59.03
139424,Active,55178,NA,NA,D,3,1,255379.925,48,2003,224,4,16.46
139425,Active,609093,NA,NA,S,4,1,824084.9113,194.95,1999,99,4.2,11.95
139426,Active,2940731,NA,NA,D,3,1,2954380.354,300,2004,21,162.29,248.5
139427,Active,619757,NA,NA,D,0,0,323499.5925,217,2012,101,12.03,64.19
139428,Active,1743257,NA,NA,D,2,1,1023107.021,2083.09,2008,13,8.04,863.03
139429,Active,630274,NA,NA,S,2,1,175561.56,49.75,2003,24,6.32,35.22
139430,Active,366633,NA,NA,D,0,0,2141086.444,94.95,2002,23,4,13.98
139431,Active,51881,NA,NA,D,9,1,1177138.265,126.67,2003,41,4,15.72
139432,Active,905322,NA,NA,S,8,1,615258.0925,106.3,2012,26,12.27,28.96
139433,Active,3608849,NA,NA,D,1,0,3043627.1,39.95,1997,35,4,5.97
139434,Active,386549,NA,NA,D,20,1,2451145.986,55,2004,15,8.43,23.99
139435,Active,259714,NA,NA,S,7,1,26079.16625,24.95,2007,76,4.99,0
139436,Active,2750730,NA,NA,D,5,1,2804172.783,225,2001,23,5.86,53.28
139437,Active,614170,NA,NA,S,3,1,1058142.32,110,1993,74,4,23.99
139438,Active,110223,NA,NA,S,8,1,206499.045,53.99,2009,60,4.49,49.15
139439,Active,704447,NA,NA,S,5,1,1578234.085,20.31,2002,25,4,13.92
139440,Active,538495,NA,NA,S,9,1,27275.9375,78,2012,74,19.49,41.22
139441,Active,635571,NA,NA,S,2,1,413041.5188,111.95,2013,22,25.94,75.97
139442,Active,186006,NA,NA,D,5,1,361483.8838,34.99,2011,27,7.8,25.51
139443,Active,185977,NA,NA,D,5,1,1669577.855,44.99,2006,71,4,15.87
139444,Active,526439,NA,NA,D,5,1,56895.0075,52.95,2012,101,10.93,25.98
139445,Active,248732,NA,NA,D,3,1,394710.4588,39.95,2005,115,4.39,11.29
139446,Active,249225,NA,NA,S,2,1,461287.8163,39.95,2009,133,4,8.98
139447,Active,738270,NA,NA,D,2,1,1288260.368,29,2000,21,4,25.97
139448,Active,2373917,NA,NA,S,3,1,844890.7438,32.75,2004,56,4,10.36
139449,Active,625685,NA,NA,S,1,0,31735.175,75.7,2008,21,33.34,65.96
139450,Active,2157678,NA,NA,D,2,1,2892776.125,0,2006,18,13.46,60.23
139451,Active,526356,NA,NA,D,3,1,816390.5575,96,2009,26,20.12,39.49
139452,Active,592750,NA,NA,S,4,1,582119.915,65,2009,26,20.96,22.91
139453,Active,540635,NA,NA,S,4,1,366675.0488,100.8,2012,48,8.22,52.86
139454,Active,57172,NA,NA,D,3,1,793046.3988,65,2007,72,4,20.03
139455,Active,533319,NA,NA,D,4,1,242229.8575,68,2011,33,33.91,66.99
139456,Active,878120,NA,NA,D,3,1,2551637.45,72.8,2007,46,6.73,24.47
139457,Active,2253181,NA,NA,D,3,1,2515642.008,115.95,2007,44,7.48,60.59
139458,Active,107925,NA,NA,S,5,1,1014087.889,173.13,2003,65,4,19.97
139459,Active,543771,NA,NA,D,2,1,135516.155,166.95,2012,70,5.88,48.74
139460,Active,1452037,NA,NA,S,6,1,211213.7,118.88,2012,20,28.55,99.03
139461,Active,218569,NA,NA,D,4,1,3095867.52,69.95,1998,31,4.19,29.68
139462,Active,3093749,NA,NA,D,1,0,2128770.349,72,2005,15,28.98,33.99
139463,Active,1455500,NA,NA,S,1,0,47645.625,170.33,2014,8,38.99,153.29
139464,Active,648629,NA,NA,D,9,1,1242383.253,99.95,2010,25,4.98,28.99
139465,Active,3272813,NA,NA,D,2,1,637812.7638,102.08,2005,30,19.59,95
139466,Active,633333,NA,NA,D,4,1,784640.695,219,2008,21,57.89,114.06
139467,Active,1569337,NA,NA,S,2,1,1171411.428,125,2010,31,26.35,71.24
139468,Active,147141,NA,NA,D,7,1,1079243.84,230,2005,28,7.94,104.38
139469,Active,835240,NA,NA,D,6,1,5001545.621,165,1996,26,5.06,52.4
139470,Active,868637,NA,NA,D,1,0,1868453.32,100,1996,22,4,30.9
139471,Active,2475523,NA,NA,D,0,0,2243952.329,45.33,1997,28,4,51.35
139472,Active,2273704,NA,NA,S,4,1,326986.61,70.12,2013,21,14.22,40.35
139473,Active,54033,NA,NA,D,12,1,258011.6488,167.6,2008,81,9.56,39.99
139474,Active,54031,NA,NA,D,11,1,800110.0525,150,2005,66,3.98,18.83
139475,Active,287521,NA,NA,D,0,0,651351.715,42.6,2001,37,4,12.05
139476,Active,552374,NA,NA,S,12,1,72695.44625,0,2004,18,3.93,0
139477,Active,905225,NA,NA,D,12,1,388058.1338,53.9,2013,33,13.11,179.81
139478,Active,912617,NA,NA,D,6,1,600080.62,71.88,2009,50,5.9,49.96
139479,Active,868144,NA,NA,D,3,1,1836253.068,120,1998,25,17.02,93.39
139480,Active,1719638,NA,NA,S,4,1,287401.6213,67.75,2012,16,39.02,57.83
139481,Active,550412,NA,NA,D,10,1,1250793.536,94.5,2009,49,4,21.38
139482,Active,632103,NA,NA,S,8,1,324550.5788,216.2,2012,26,26.92,48.99
139483,Active,663285,NA,NA,S,2,1,83317.275,43.95,2013,16,31.7,38.9
139484,Active,111151,NA,NA,D,10,1,651875.9663,98.99,2010,63,4.3,73.94
139485,Active,642059,NA,NA,S,0,0,466115.5213,289.95,2013,49,29.64,144.77
139486,Active,243887,NA,NA,D,28,1,2001282.8,167.95,2010,14,4.97,398.14
139487,Active,2060138,NA,NA,S,0,0,2106.36375,49.95,2009,31,13.01,23.98
139488,Active,1900444,NA,NA,D,1,0,3530629.411,52.95,2008,11,32.99,99.08
139489,Active,1910430,NA,NA,S,2,1,1296474.306,40.95,2012,5,32.99,52.55
139490,Active,1900443,NA,NA,D,1,0,4390490.619,70.95,2008,5,73.31,34.57
139491,Active,3634846,NA,NA,S,1,0,32158.425,70,2015,16,34.81,36.07
139492,Active,2335456,NA,NA,D,12,1,2844713.18,54.69,1986,26,4.72,30.99
139493,Active,278426,NA,NA,S,0,0,249236.7388,36.95,2004,41,4,19.95
139494,Active,54935,NA,NA,S,6,1,434411.5013,132.4,2007,35,6.06,43.99
139495,Active,148639,NA,NA,D,8,1,1021627.04,329.95,2008,39,4,21.99
139496,Active,616040,NA,NA,D,2,1,241954.9863,67,2009,60,4,10.92
139497,Active,627918,NA,NA,S,3,1,40898.15875,89,2012,71,11.63,63.99
139498,Active,737650,NA,NA,S,10,1,1665475.139,40,2007,25,4,126.83
139499,Active,56556,NA,NA,S,5,1,1227666.761,38.95,2004,131,4,5.94
139500,Active,892409,NA,NA,S,19,1,785960.8638,99.95,2011,15,25.93,34.03
139501,Active,1456139,NA,NA,S,2,1,405278.2638,65,2014,19,33.94,33.99
139502,Active,193670,NA,NA,D,2,1,311167.9525,77.95,2010,25,24.98,0
139503,Active,1454968,NA,NA,S,9,1,131458.67,76.4,2014,11,57.03,67.52
139504,Active,1575170,NA,NA,S,2,1,1036521.226,68.95,2010,14,6.94,113.91
139505,Active,540068,NA,NA,S,4,1,826999.9163,110,2011,31,7.97,13.94
139506,Active,644591,NA,NA,S,2,1,263477.285,104.95,2012,12,47.18,0
139507,Active,1827195,NA,NA,S,6,1,155257.9738,144.95,2014,30,83.59,123.98
139508,Active,1448124,NA,NA,D,2,1,2609361.5,56,2006,30,4,28.99
139509,Active,1481419,NA,NA,S,2,1,145958.825,64.8,2012,24,4.98,59.13
139510,Active,1481417,NA,NA,S,2,1,151969.75,64.8,2012,24,4.51,28.95
139511,Active,1621995,NA,NA,D,7,1,1002188.725,12.24,2006,29,4,13.49
139512,Active,182776,NA,NA,D,1,0,904370.1488,134.95,2005,17,4.39,15.89
139513,Active,608761,NA,NA,D,3,1,2073816.131,124.95,2003,25,4,5
139514,Active,179182,NA,NA,D,2,1,1387107.635,268.95,2009,26,4,32.04
139515,Active,1879566,NA,NA,S,3,1,695241.6763,165.95,2007,22,4,41.64
139516,Active,290990,NA,NA,S,4,1,169183.2988,153.95,2011,43,64.29,144.7
139517,Active,1575133,NA,NA,S,7,1,752969.7175,122.95,2011,29,22.49,36.21
139518,Active,611683,NA,NA,D,2,1,1564817.315,64.43,2012,20,14.63,126.65
139519,Active,612406,NA,NA,S,7,1,333452.75,75.95,2013,12,58.99,73.67
139520,Active,525954,NA,NA,D,4,1,1768326.801,77.95,2009,26,3.99,22.92
139521,Active,245163,NA,NA,D,3,1,3578909.634,81.95,2005,23,4,35.77
139522,Active,872130,NA,NA,D,6,1,396170.21,49.12,2011,71,7.17,27.58
139523,Active,525948,NA,NA,S,8,1,473993.4013,90.95,2011,56,4.22,68.98
139524,Active,2926230,NA,NA,S,6,1,567575.375,55.95,2013,10,32.98,59.95
139525,Active,1574916,NA,NA,S,5,1,1085796.343,69.95,2009,22,33.99,602.99
139526,Active,900985,NA,NA,D,4,1,541095.5125,85.95,2007,35,4,42.61
139527,Active,3717980,NA,NA,S,10,1,8166,102.95,2016,18,72.19,68.94
139528,Active,533885,NA,NA,D,8,1,1156183.026,74.95,2009,41,4.3,18.09
139529,Active,61048,NA,NA,D,7,1,1656060.775,48.95,2006,21,4,60.71
139530,Active,607072,NA,NA,S,9,1,486696.6013,69.81,2009,33,4.43,64
139531,Active,177091,NA,NA,D,8,1,809440.94,71.95,2004,32,4,55.23
139532,Active,764381,NA,NA,D,6,1,1832220.709,59.95,2005,23,6.7,72.33
139533,Active,1574423,NA,NA,D,9,1,924479.6588,108.95,2008,41,9.05,78.51
139534,Active,565898,NA,NA,D,9,1,144536.6063,32.91,2008,79,4,44.69
139535,Active,111523,NA,NA,S,8,1,304417.5338,108,2011,45,5.52,18.99
139536,Active,550390,NA,NA,S,7,1,507210.2388,108,2008,40,6.85,23.99
139537,Active,530235,NA,NA,D,9,1,303957.1088,93.95,2011,44,7.88,47.16
139538,Active,346099,NA,NA,D,4,1,2669290.396,56.95,2006,23,4,15.02
139539,Active,346311,NA,NA,D,9,1,1755310.705,97.95,2008,28,4,4.03
139540,Active,764136,NA,NA,D,3,1,10672092.06,93.95,2005,12,4.34,46.78
139541,Active,911132,NA,NA,D,8,1,1668474.936,100.95,2010,22,4.94,21.03
139542,Active,861692,NA,NA,S,10,1,1828808.089,95.95,2013,17,7.84,49.63
139543,Active,772373,NA,NA,D,4,1,2724864.003,107.95,2006,17,4,19.98
139544,Active,862308,NA,NA,S,11,1,105802.1088,66.95,2014,20,18.84,41.99
139545,Active,665376,NA,NA,S,7,1,682063.7125,84.95,2012,32,47.87,65.12
139546,Active,622652,NA,NA,D,12,1,726419.87,40,2010,46,4.19,13.36
139547,Active,525105,NA,NA,S,4,1,1102979.616,98.95,2008,27,4.89,23.99
139548,Active,764517,NA,NA,D,2,1,1246803.346,96.95,2004,17,12.29,62.72
139549,Active,169651,NA,NA,D,7,1,965552.305,105.95,2007,41,4,15.35
139550,Active,530260,NA,NA,D,8,1,101294.8725,99.95,2011,102,8.74,70.01
139551,Active,743080,NA,NA,S,3,1,1219512.523,44.2,2013,20,19.11,44.2
139552,Active,540579,NA,NA,S,4,1,1405774.209,42,2010,18,8.91,134.07
139553,Active,1826935,NA,NA,S,11,1,187377.4,48.95,2014,9,47.59,47.38
139554,Active,290905,NA,NA,S,5,1,2104837.349,108.95,2007,32,4,48.07
139555,Active,530258,NA,NA,S,6,1,245742.6025,102.95,2010,76,5.59,28.64
139556,Active,570489,NA,NA,S,9,1,1150151.549,106.95,2010,31,5.03,43.99
139557,Active,868352,NA,NA,S,9,1,1491920.101,92.95,2008,40,4,10.96
139558,Active,587881,NA,NA,D,10,1,346325.7475,83.95,2012,56,6.43,18.98
139559,Active,354926,NA,NA,D,8,1,2770692.35,87.95,2006,26,4,100.51
139560,Active,169449,NA,NA,D,3,1,1186455.215,77.95,2006,34,4,44.99
139561,Active,540587,NA,NA,S,5,1,131158.0475,45.6,2011,25,9.1,39.9
139562,Active,117709,NA,NA,D,4,1,1226290.085,36.67,2006,19,5.66,47.67
139563,Active,561478,NA,NA,S,7,1,403233.4663,44.2,2012,35,4.98,31.66
139564,Active,530255,NA,NA,S,13,1,149232.4263,45.6,2010,29,13.94,38.25
139565,Active,656914,NA,NA,S,8,1,770873.2225,123.95,2012,31,4.98,54.43
139566,Active,530250,NA,NA,S,9,1,1000717.873,95.95,2010,28,5.98,73.51
139567,Active,541102,NA,NA,S,8,1,1571663.089,88.95,2008,29,4,12.97
139568,Active,1574418,NA,NA,S,4,1,1236860.2,104.95,2007,21,26.92,73.27
139569,Active,544725,NA,NA,S,10,1,119449.995,97.95,2013,29,47.56,75.74
139570,Active,862311,NA,NA,S,6,1,199645.0613,97.95,2014,21,47.54,63.99
139571,Active,632906,NA,NA,D,6,1,321312.5475,87.95,2011,25,7.94,51.55
139572,Active,169445,NA,NA,S,7,1,3478286.653,54.95,2006,24,4,40.69
139573,Active,346204,NA,NA,S,3,1,862031.8913,76.95,2007,37,4.29,46.53
139574,Active,630030,NA,NA,S,2,1,456242.5438,40,2010,34,4,11.84
139575,Active,540573,NA,NA,S,9,1,471858.5463,45.6,2011,20,26.74,36.77
139576,Active,795808,NA,NA,S,7,1,1362649.21,105.95,2011,21,41.22,88.97
139577,Active,569587,NA,NA,S,3,1,388917.0788,161.95,2005,107,4,11.87
139578,Active,608526,NA,NA,D,11,1,997152.205,109.95,2005,37,4.09,10.04
139579,Active,169652,NA,NA,D,12,1,1374927.419,114.95,2007,26,4.03,26.75
139580,Active,542217,NA,NA,S,11,1,790383,73.95,2004,28,44.38,80.69
139581,Active,177101,NA,NA,D,7,1,3070984.34,112.95,2005,23,4,14.18
139582,Active,567448,NA,NA,S,4,1,1074118.534,99.95,2005,23,4.36,55.14
139583,Active,1782590,NA,NA,S,4,1,941459.9413,98.95,2012,45,40.49,186.17
139584,Active,346371,NA,NA,S,5,1,2727436.725,62.95,2009,16,4.18,25.95
139585,Active,540651,NA,NA,S,10,1,241598.2013,45.6,2012,39,4.99,0
139586,Active,567549,NA,NA,S,4,1,1240773.531,137.95,2008,32,4,46.99
139587,Active,570751,NA,NA,S,5,1,721462.9538,79.95,2008,29,4.47,7.64
139588,Active,533597,NA,NA,S,6,1,463182.4038,79.95,2012,49,5.97,57.39
139589,Active,623444,NA,NA,S,13,1,358118.9575,47.8,2011,79,19.94,38.47
139590,Active,183613,NA,NA,D,6,1,548278.7438,14.98,2007,37,3.85,12.88
139591,Active,795273,NA,NA,D,6,1,491787.8013,127.95,2010,27,11.62,73.89
139592,Active,541711,NA,NA,S,10,1,24489.93125,82,2013,89,32.7,58.98
139593,Active,865250,NA,NA,S,3,1,573906.5438,101.5,2013,19,17.37,88.36
139594,Active,1671278,NA,NA,D,6,1,1575443.521,42.95,2007,16,7.89,40.39
139595,Active,860194,NA,NA,D,9,1,438499.6088,92.95,2010,75,14.89,94.95
139596,Active,532212,NA,NA,S,5,1,200612.4925,97.95,2010,70,6.89,46.96
139597,Active,525898,NA,NA,S,9,1,106160.375,101.95,2008,83,8.05,17.99
139598,Active,766968,NA,NA,S,2,1,1339896.168,104.95,2010,26,4.3,68.93
139599,Active,561325,NA,NA,S,5,1,768940.4125,42,2010,54,4,20
139600,Active,109703,NA,NA,S,12,1,808618.4413,43.74,2009,32,4,33.94
139601,Active,629131,NA,NA,S,2,1,162266.0738,102.25,2012,58,4.77,56.63
139602,Active,525925,NA,NA,S,12,1,992077.6263,94.95,2011,17,43.99,90.29
139603,Active,619743,NA,NA,S,2,1,601800.41,46.67,2012,45,4.97,33.43
139604,Active,3717862,NA,NA,S,8,1,63058.425,46.95,2016,11,38.98,44.6
139605,Active,608461,NA,NA,S,14,1,1855022.013,96.95,2007,26,4,49.33
139606,Active,778266,NA,NA,D,8,1,1564520.924,72.95,2002,77,4,9.59
139607,Active,1455860,NA,NA,S,14,1,83235.2225,52.8,2015,19,36.94,40.66
139608,Active,892751,NA,NA,S,6,1,1000781.889,45.6,2014,16,36.54,45.36
139609,Active,3473256,NA,NA,S,10,1,74793,45,2016,7,45.45,45
139610,Active,868243,NA,NA,S,13,1,504342.655,45.6,2014,20,22.13,45.6
139611,Active,593593,NA,NA,D,2,1,316530.0925,57.75,2011,38,10.72,45.95
139612,Active,1517249,NA,NA,S,3,1,244411.825,45.6,2014,11,33.89,45.56
139613,Active,540659,NA,NA,S,5,1,91414.77125,45.6,2013,44,32.97,32.98
139614,Active,285974,NA,NA,S,1,0,276955.25,83.4,2007,64,7,61.21
139615,Active,868081,NA,NA,D,4,1,3131363.706,39,2007,20,4,48.83
139616,Active,525893,NA,NA,S,7,1,353052.2375,102.2,2012,32,41.81,76.79
139617,Active,525894,NA,NA,S,7,1,301631.0488,93.4,2012,33,15.99,28.61
139618,Active,557607,NA,NA,S,5,1,514649.9013,54.6,2010,42,7.38,40.36
139619,Active,712309,NA,NA,D,4,1,1462063.731,52.2,2003,37,4,13.99
139620,Active,553726,NA,NA,D,10,1,313026.8088,81.2,2008,55,4,0
139621,Active,561268,NA,NA,D,12,1,1930974.873,62.4,2009,30,4,57.35
139622,Active,561267,NA,NA,S,6,1,838134.7375,74.2,2009,42,4,6.49
139623,Active,606993,NA,NA,D,12,1,3636903.705,48.67,2006,14,4.28,36.27
139624,Active,525889,NA,NA,S,20,1,86474.06625,104.95,2010,44,4.45,41.96
139625,Active,562165,NA,NA,S,10,1,1912487.87,72.95,2009,15,5.89,33.98
139626,Active,538588,NA,NA,S,16,1,638995.1025,65.91,2011,39,17.24,58.46
139627,Active,861716,NA,NA,S,25,1,567960.1625,65.95,2013,18,13.18,22.96
139628,Active,544724,NA,NA,S,12,1,1827224.594,65.95,2013,15,40.99,63.99
139629,Active,525885,NA,NA,S,10,1,1258245.906,62.8,2011,30,4,23.98
139630,Active,147404,NA,NA,D,5,1,5702388.011,29.95,2006,15,6.49,61.39
139631,Active,570720,NA,NA,S,8,1,962276.5813,75.95,2007,37,4,44.53
139632,Active,346314,NA,NA,D,9,1,835970.2988,163.95,2009,23,19.55,65.36
139633,Active,764298,NA,NA,D,7,1,5650884.456,52.95,2003,24,4,49.51
139634,Active,608085,NA,NA,S,10,1,1462906.615,69.95,2009,22,4,41.97
139635,Active,608098,NA,NA,S,6,1,999508.09,72.95,2009,29,4.3,45.3
139636,Active,148170,NA,NA,S,4,1,7725715.178,49.95,2003,20,4.4,48.48
139637,Active,810241,NA,NA,S,5,1,1026808.161,80.95,2010,14,28.99,130.79
139638,Active,797628,NA,NA,D,1,0,2645716.388,72.95,2006,26,4,8.99
139639,Active,608472,NA,NA,S,5,1,1073988.651,58.95,2009,26,34.47,103.23
139640,Active,622715,NA,NA,S,3,1,994768.5,78.95,2008,27,11.59,42.94
139641,Active,169666,NA,NA,D,6,1,557230.8675,81.95,2007,28,4.73,47.58
139642,Active,914823,NA,NA,S,8,1,279803.48,112.95,2010,41,9.34,41.98
139643,Active,608072,NA,NA,D,31,1,6519099.739,45.95,2007,11,4.53,90.53
139644,Active,795612,NA,NA,S,13,1,1477918.499,83.95,2011,12,37.63,53.16
139645,Active,525850,NA,NA,D,4,1,404854.465,46.99,2012,50,6.07,49.97
139646,Active,290874,NA,NA,D,1,0,974854.5725,160.95,2006,30,4.86,102.37
139647,Active,525842,NA,NA,S,10,1,1494750.219,66.95,2008,25,7.58,98.11
139648,Active,627907,NA,NA,S,6,1,173754.5713,111.95,2012,52,8.06,51.53
139649,Active,3788888,NA,NA,D,2,1,1036815.8,24.95,1997,24,9.25,71.38
139650,Active,861714,NA,NA,S,21,1,832118.83,41.95,2013,13,4.98,29.39
139651,Active,417107,NA,NA,D,3,1,1323537.188,28.99,2009,31,4,28.99
139652,Active,898964,NA,NA,S,9,1,348171.58,53,2014,34,14.65,47.97
139653,Active,203873,NA,NA,S,11,1,506997.9838,26.95,2006,117,4,0
139654,Active,644732,NA,NA,S,9,1,165319.725,48.75,2011,10,29.79,36.41
139655,Active,525765,NA,NA,S,6,1,279805.9813,64.75,2007,27,9.32,33.98
139656,Active,544692,NA,NA,S,9,1,235846.32,120.95,2013,30,33.33,73.99
139657,Active,525759,NA,NA,S,20,1,1425511.896,110.95,2010,36,4,32.61
139658,Active,57849,NA,NA,D,6,1,663265.6025,49.95,2008,202,3.99,7.48
139659,Active,878161,NA,NA,D,2,1,718070.3,137.95,2008,63,4,18.94
139660,Active,2569007,NA,NA,D,1,0,895227.5263,60,2004,48,12.99,69.07
139661,Active,915466,NA,NA,D,9,1,1032093.77,41.4,2001,34,4,10.47
139662,Active,635142,NA,NA,D,2,1,1071518.73,394,2009,23,52.64,93.39
139663,Active,632689,NA,NA,D,1,0,2439707.613,300,2003,20,17.14,53.83
139664,Active,613384,NA,NA,D,2,1,807028.0788,208.95,2003,69,5.94,17.97
139665,Active,543739,NA,NA,S,4,1,72429.00625,91.95,2013,42,26.44,53.98
139666,Active,525699,NA,NA,D,1,0,579293.205,60,2012,70,4,17.2
139667,Active,51877,NA,NA,S,7,1,996441.1025,181.95,2007,65,4,13.48
139668,Active,111961,NA,NA,S,10,1,577602.2988,48.99,2011,43,4.22,44.51
139669,Active,111348,NA,NA,S,6,1,437105.9813,0,2009,21,34.33,0
139670,Active,1822613,NA,NA,S,5,1,146714.265,53.86,2015,22,33.64,54.82
139671,Active,525668,NA,NA,S,4,1,321100.9475,70.25,2012,27,22.03,55.35
139672,Active,111943,NA,NA,S,3,1,379885.0263,90.05,2010,45,6.49,63
139673,Active,621308,NA,NA,S,1,0,16987.69125,168.28,2011,61,29.84,125.99
139674,Active,3547557,NA,NA,D,2,1,3617057.25,12.95,2002,23,4,43.83
139675,Active,600001,NA,NA,S,1,0,75558.35,69.95,2012,17,50.48,58.97
139676,Active,199335,NA,NA,D,1,0,512377.04,38.95,2004,44,4,25.07
139677,Active,868112,NA,NA,S,3,1,49557.26125,72,2014,18,54.57,56.84
139678,Active,1455173,NA,NA,S,3,1,133701.1,51.2,2014,8,50.36,46.65
139679,Active,116339,NA,NA,D,5,1,743540.5788,160.73,2010,33,66.21,135.1
139680,Active,51247,NA,NA,S,3,1,2071098.164,82,2002,67,3.99,9.99
139681,Active,115730,NA,NA,D,2,1,1057204.56,100,2003,24,4,9.94
139682,Active,118889,NA,NA,S,3,1,294776.0163,172.8,2008,47,25.57,44.57
139683,Active,256321,NA,NA,D,1,0,898193.0925,54.95,2006,32,4,49.21
139684,Active,858284,NA,NA,D,20,1,374367.0063,17.05,2014,30,9.66,15.01
139685,Active,538557,NA,NA,D,19,1,864860.4138,54.25,2013,49,3.88,43.33
139686,Active,346150,NA,NA,D,11,1,2814468.446,55.95,2008,10,23.37,137.17
139687,Active,169787,NA,NA,D,10,1,3259536.189,68.95,2007,24,4,59.25
139688,Active,58286,NA,NA,S,5,1,1592171.233,135,2001,48,4.04,38.96
139689,Active,2678120,NA,NA,D,7,1,2600010.99,325,2004,14,11.9,43.49
139690,Active,57836,NA,NA,D,5,1,417575.7613,60.6,2007,42,4,73.76
139691,Active,862960,NA,NA,S,2,1,469547.1963,49.95,2001,23,11.8,0
139692,Active,248830,NA,NA,D,2,1,3892069.339,68.95,2006,54,4,4.13
139693,Active,222278,NA,NA,D,7,1,555610.505,60,2010,35,4.48,38.98
139694,Active,3043489,NA,NA,S,0,0,79822.125,254.95,1998,7,15.19,78.99
139695,Active,197631,NA,NA,D,6,1,1251443.726,83.2,2005,31,4.99,55.56
139696,Active,205310,NA,NA,S,4,1,1844402.704,50.95,1998,28,6.04,48.79
139697,Active,625948,NA,NA,D,1,0,725534.0288,70,2010,26,11.65,23.99
139698,Active,50052,NA,NA,S,5,1,2031005.793,60.62,1999,57,4,19.43
139699,Active,2007026,NA,NA,S,3,1,58054.7425,18.95,2007,222,4,7.52
139700,Active,1855497,NA,NA,S,16,1,287123.8888,44.99,2015,18,27.84,30.54
139701,Active,288297,NA,NA,D,6,1,123063.845,68.31,2008,70,7.69,33.69
139702,Active,3528426,NA,NA,S,2,1,680321.2,150,2004,42,36.19,86.11
139703,Active,54906,NA,NA,D,1,0,335503.1825,20.97,2007,175,4,14.48
139704,Active,56248,NA,NA,D,3,1,225928.6988,78,2006,52,4,62.07
139705,Active,564716,NA,NA,D,1,0,1180869.533,49.95,2009,21,17.91,89.7
139706,Active,655033,NA,NA,D,5,1,917097.5638,49.99,2013,32,6.39,22.31
139707,Active,147475,NA,NA,D,2,1,2107910.595,99.95,2007,21,4.79,18.99
139708,Active,205928,NA,NA,D,2,1,276089.1275,85,2004,70,5.51,18.97
139709,Active,802417,NA,NA,D,6,1,652747.5638,70.95,2007,40,4,43.63
139710,Active,409172,NA,NA,D,10,1,139457.4375,60,2010,76,36.71,70.99
139711,Active,376650,NA,NA,D,9,1,178953.725,45,2005,32,14.57,33.94
139712,Active,865230,NA,NA,S,3,1,471699.715,44.95,2014,24,31.55,34.73
139713,Active,564806,NA,NA,S,2,1,674377.9888,41.95,2010,24,6.89,35.1
139714,Active,154349,NA,NA,D,1,0,153908.4138,14.98,2004,40,5.44,13.99
139715,Active,2205736,NA,NA,S,0,0,475561.3975,14.99,2013,28,6.9,10.51
139716,Active,154408,NA,NA,S,6,1,404908.59,41.2,2002,175,4,13.78
139717,Active,154009,NA,NA,D,1,0,93864.82,17.99,2009,53,4,16.98
139718,Active,153345,NA,NA,D,7,1,1143834.375,66.75,2001,28,6.49,64.03
139719,Active,527669,NA,NA,S,3,1,80353.80125,71,2007,107,6.99,13.98
139720,Active,439836,NA,NA,S,3,1,3792.76,89,2012,98,39.98,63.56
139721,Active,439837,NA,NA,S,3,1,5469.08125,89,2012,77,47.47,64.05
139722,Active,54536,NA,NA,D,10,1,131561.4038,60.35,2010,130,4,16.98
139723,Active,563669,NA,NA,D,12,1,73094.52375,103.98,2007,124,5.8,21.96
139724,Active,613368,NA,NA,D,10,1,553635.3725,0.01,2007,63,4,10.98
139725,Active,2328194,NA,NA,D,1,0,357177.0675,39.95,2005,43,5.72,93.79
139726,Active,527578,NA,NA,D,0,0,75081.88,42.95,2013,322,4,10.99
139727,Active,3043479,NA,NA,S,0,0,126839.15,254.95,2001,15,26.48,46.49
139728,Active,161154,NA,NA,S,3,1,111386.305,19.95,2009,71,5.7,17.99
139729,Active,268502,NA,NA,D,4,1,54610.00875,75,2008,38,20.68,46.54
139730,Active,261373,NA,NA,S,3,1,759919.2063,65,2003,42,4,13.98
139731,Active,617406,NA,NA,D,3,1,319078.7125,62.95,2007,89,7.28,52.82
139732,Active,292507,NA,NA,S,0,0,695765.69,38.5,2002,24,36.05,36.36
139733,Active,287027,NA,NA,S,2,1,2064737.781,155,2003,16,12.72,144.76
139734,Active,249162,NA,NA,D,6,1,151595.61,90.95,2008,171,4,16.65
139735,Active,574484,NA,NA,D,5,1,625110.9775,74.95,2004,100,4,12.3
139736,Active,192018,NA,NA,D,3,1,89648.6925,55,2007,105,6.99,38.99
139737,Active,167338,NA,NA,D,1,0,474549.3725,94.95,2007,26,5.73,22.98
139738,Active,268209,NA,NA,D,4,1,932365.5675,59.95,2007,18,5.09,43.69
139739,Active,546385,NA,NA,S,3,1,1955196.681,56.95,2003,21,4,18.98
139740,Active,251971,NA,NA,D,1,0,582972.9813,47.95,2011,71,3.84,28.99
139741,Active,862382,NA,NA,S,2,1,123320.3888,80.95,2014,41,20.38,47.94
139742,Active,1872617,NA,NA,D,0,0,235363.3538,39.99,2010,12,24.39,25.23
139743,Active,600033,NA,NA,D,0,0,500294.6525,105.55,2009,20,22.81,0
139744,Active,50233,NA,NA,D,7,1,1435393.03,10.42,2004,112,4,7.54
139745,Active,333998,NA,NA,S,1,0,87785.975,55,2008,32,23.38,37.3
139746,Active,3213029,NA,NA,S,15,1,42.6175,28.3,2004,10,0,28.44
139747,Active,2205803,NA,NA,S,2,1,8873.05625,39.99,2014,28,20.66,28.3
139748,Active,2205734,NA,NA,S,0,0,55127.99625,14.99,2013,27,7.19,10.37
139749,Active,3578788,NA,NA,S,7,1,279562.2,55,2012,47,35.98,38.21
139750,Active,525475,NA,NA,D,13,1,456072.4013,200,2011,13,57.68,192.22
139751,Active,630141,NA,NA,D,4,1,899349.935,75.95,2008,31,31.57,55.93
139752,Active,204140,NA,NA,D,2,1,1027621.55,49.99,2008,28,4,47.98
139753,Active,3763524,NA,NA,S,5,1,647775,74.99,2016,16,48.94,61.51
139754,Active,61004,NA,NA,D,2,1,3178679.515,101.33,2006,37,4,8.99
139755,Active,118276,NA,NA,D,3,1,399318.365,87.2,2010,128,4,18.99
139756,Active,118277,NA,NA,D,3,1,88847.9875,86.4,2010,133,4,23.99
139757,Active,552620,NA,NA,D,8,1,824299.975,85.85,2003,51,4.46,22.99
139758,Active,912528,NA,NA,D,9,1,1663639.121,165.93,2009,32,31.74,77.49
139759,Active,115934,NA,NA,D,3,1,1424577.156,84,2004,54,4,38.99
139760,Active,56147,NA,NA,D,3,1,2093524.965,116.33,2010,16,4.9,53.98
139761,Active,56152,NA,NA,D,3,1,493458.6538,122.2,2010,98,3.96,7.47
139762,Active,61012,NA,NA,D,2,1,2274213.159,103.6,2008,51,3.99,6.69
139763,Active,533373,NA,NA,S,1,0,684613.1325,103.6,2009,56,4,22.6
139764,Active,2263166,NA,NA,D,7,1,502605.1688,98.12,2009,35,11.81,45.26
139765,Active,448467,NA,NA,D,5,1,2099411.661,105,2000,20,6,57.86
139766,Active,2431352,NA,NA,D,4,1,1976653.34,77,1997,21,4,6.5
139767,Active,1586969,NA,NA,D,0,0,661862.7038,37.75,2006,67,4,22.55
139768,Active,2978821,NA,NA,S,3,1,231010.3,40,2015,12,32.11,33.41
139769,Active,3959984,NA,NA,D,0,0,3112632.95,347.95,1998,16,10.97,55.24
139770,Active,3959831,NA,NA,D,12,1,1818089.85,0,2010,44,7.78,46.38
139771,Active,614956,NA,NA,S,2,1,449492.6238,46.58,2003,58,9.02,20.51
139772,Active,788174,NA,NA,D,2,1,683658.7813,171.95,2001,36,4.97,43.74
139773,Active,918362,NA,NA,D,4,1,560817.2313,217.95,2006,33,4.53,26.96
139774,Active,1900470,NA,NA,D,4,1,1080072.918,162.95,2009,18,10.34,43.99
139775,Active,641043,NA,NA,D,5,1,443929.8525,138.95,2012,37,6.99,0
139776,Active,145846,NA,NA,D,3,1,1036859.488,8.94,2008,69,3.99,11.08
139777,Active,833001,NA,NA,D,4,1,1950781.531,100,2001,13,6.99,1295.75
139778,Active,2679388,NA,NA,D,2,1,3458548.103,65,1995,30,4,24.7
139779,Active,261310,NA,NA,D,0,0,456516.3275,70,2000,55,11.49,33.3
139780,Active,61133,NA,NA,D,4,1,1099492.589,124.2,2002,60,4,18.99
139781,Active,533944,NA,NA,D,5,1,94850.78625,193.6,2007,96,4,35.9
139782,Active,871252,NA,NA,D,4,1,7709346.203,51.4,2003,10,5.98,95.33
139783,Active,1621669,NA,NA,S,7,1,346923.3038,45.16,2006,0,0,0
139784,Active,639944,NA,NA,D,1,0,252904.475,54.99,2011,30,23.82,0
139785,Active,248422,NA,NA,S,4,1,190749.555,297.95,2006,88,4.94,45.96
139786,Active,224384,NA,NA,S,3,1,195415.2638,268.95,2002,60,4,77.77
139787,Active,1565499,NA,NA,S,2,1,289475.1238,25,2010,67,4.31,10.76
139788,Active,572623,NA,NA,D,3,1,1945599.789,58.99,2002,17,5.45,74.77
139789,Active,570455,NA,NA,D,2,1,417942.2763,76.95,2009,32,12.43,17.84
139790,Active,762076,NA,NA,D,2,1,3222211.66,170,2006,19,4,47.47
139791,Active,242637,NA,NA,D,2,1,2021948.89,71.98,2010,16,21.37,48.99
139792,Active,778411,NA,NA,D,3,1,5946182.286,98.95,2005,16,4.99,93.57
139793,Active,649130,NA,NA,S,3,1,78555.65375,66,2007,31,19.14,43.99
139794,Active,625581,NA,NA,D,2,1,509808.9538,41.47,1992,39,4,44.05
139795,Active,1623363,NA,NA,D,9,1,347439.7563,199.95,2008,27,19.29,102.33
139796,Active,2154083,NA,NA,S,2,1,737492.3813,85.51,2009,20,33.87,119.23
139797,Active,233817,NA,NA,D,3,1,628098.2263,75.3,2002,36,4,17.99
139798,Active,553960,NA,NA,S,4,1,365478.4188,48.73,2012,14,38.06,0
139799,Active,494166,NA,NA,S,8,1,54492.9925,0,2005,7,7.09,0
139800,Active,543124,NA,NA,D,4,1,308244.8838,79.95,2010,219,4,11.49
139801,Active,578949,NA,NA,D,3,1,2342006.08,115.95,2009,16,8.94,13.78
139802,Active,870179,NA,NA,D,4,1,1311888.435,98.95,2011,27,5.99,15.12
139803,Active,609308,NA,NA,D,3,1,1061258.998,73.95,2006,80,4.92,13.32
139804,Active,2263026,NA,NA,S,12,1,448798.0913,46.81,2010,36,8.94,37.83
139805,Active,1519017,NA,NA,D,5,1,949355.6388,152.8,2014,21,29.49,146
139806,Active,116795,NA,NA,D,2,1,688013.6025,54.99,2006,57,5.33,60
139807,Active,560825,NA,NA,D,2,1,260094.495,131.2,2004,64,4,43.53
139808,Active,157567,NA,NA,D,3,1,480884.68,46.95,2009,45,9.2,77.34
139809,Active,1855502,NA,NA,S,17,1,80511.005,44.99,2015,24,26.83,30.73
139810,Active,214947,NA,NA,D,0,0,1220719.323,86.5,2011,61,3.94,7.05
139811,Active,533749,NA,NA,D,5,1,526391.03,199.2,2012,69,4,44.36
139812,Active,661192,NA,NA,S,2,1,86720.45,68.95,2011,43,29.99,58.99
139813,Active,1506517,NA,NA,D,5,1,1261901.301,50,2012,21,8.19,50
139814,Active,3774564,NA,NA,D,0,0,6148236,66.99,2016,5,67.24,40.54
139815,Active,1768552,NA,NA,S,2,1,105434.875,42.5,2013,13,28.9,32.93
139816,Active,300642,NA,NA,D,2,1,1396599.938,37,2009,26,4,45.13
139817,Active,647091,NA,NA,S,1,0,70447.375,68.99,2012,18,43.94,54.92
139818,Active,525258,NA,NA,D,8,1,1105114.748,69.95,2008,46,4,4
139819,Active,803791,NA,NA,D,4,1,4285700.5,59.95,2005,16,3.78,4
139820,Active,254609,NA,NA,D,5,1,941121.4463,74.95,2011,51,4,14.09
139821,Active,561717,NA,NA,S,8,1,937010.0988,71.95,2010,69,3.9,4.9
139822,Active,525253,NA,NA,S,5,1,1450752.629,74.95,2011,71,4,4.99
139823,Active,540951,NA,NA,D,9,1,1097989.938,74.95,2010,55,4,5.44
139824,Active,593981,NA,NA,S,6,1,1205350.476,71.95,2009,53,4,5.11
139825,Active,545281,NA,NA,D,6,1,710180.285,74.95,2010,81,4,6.99
139826,Active,298390,NA,NA,D,5,1,2095078.711,61.95,2007,25,4,4.35
139827,Active,147417,NA,NA,D,5,1,3235091.014,79.95,2006,17,3.15,7.74
139828,Active,561711,NA,NA,D,6,1,1710184.124,94.95,2010,27,4.37,6.72
139829,Active,525252,NA,NA,D,6,1,1259631.829,64.95,2009,62,3.99,4.97
139830,Active,619711,NA,NA,D,5,1,1689191.44,71.95,2009,34,3.4,4.09
139831,Active,154065,NA,NA,S,3,1,70699.08,30.75,2010,279,4,12.89
139832,Active,110343,NA,NA,D,9,1,11073.7675,240.75,2012,177,5.41,53.98
139833,Active,666671,NA,NA,S,2,1,309449.5863,56.99,2012,25,10.89,13.26
139834,Active,638630,NA,NA,D,2,1,1480612.221,46.5,2008,31,4,17.98
139835,Active,623615,NA,NA,D,0,0,1722518.858,49.99,2005,29,3.9,0
139836,Active,627152,NA,NA,D,2,1,1265428.656,46.5,2008,25,6.11,39.64
139837,Active,1936184,NA,NA,S,2,1,163922,46.99,2016,10,40.86,48.99
139838,Active,789305,NA,NA,D,0,0,2549940.311,34.95,2004,29,4,0
139839,Active,913211,NA,NA,D,3,1,657583.1363,111.67,1991,50,7.78,111.67
139840,Active,641246,NA,NA,D,3,1,273399.8225,88,2005,30,38.45,53.99
139841,Active,2584947,NA,NA,S,0,0,297070.4513,49.99,1996,58,7.57,70.88
139842,Active,266277,NA,NA,D,4,1,955963.5963,127.07,2013,27,14.79,99.56
139843,Active,540154,NA,NA,D,4,1,77339.8175,118.4,2013,55,6.16,63.99
139844,Active,768750,NA,NA,S,4,1,2131390.306,53.16,2000,28,3.95,71.51
139845,Active,170105,NA,NA,S,6,1,480096.6688,105.95,2010,40,4.11,38.89
139846,Active,851003,NA,NA,S,6,1,3297756.776,77.96,2000,38,4,31.94
139847,Active,533654,NA,NA,S,8,1,389674.4963,262.95,2011,43,27.8,123.85
139848,Active,170197,NA,NA,D,8,1,470095.1363,139.95,2011,60,4.52,33.99
139849,Active,644375,NA,NA,D,2,1,17037.47625,39.95,2013,71,17,24.42
139850,Active,135661,NA,NA,D,1,0,393001.0625,39.95,2010,69,4.31,15.27
139851,Active,3520402,NA,NA,D,3,1,13632378.7,0,1992,13,6.67,0
139852,Active,3951231,NA,NA,D,0,0,3784351.85,122,1900,26,4.06,29.94
139853,Active,2609643,NA,NA,D,4,1,2999487.815,75,1999,9,6.36,55.89
139854,Active,167368,NA,NA,S,4,1,3381289.884,55,2006,18,4,10.98
139855,Active,751809,NA,NA,D,15,1,3491802.219,82.95,2010,9,56.34,134.29
139856,Active,162994,NA,NA,D,8,1,1050073.706,55,2010,46,4,7.99
139857,Active,163453,NA,NA,D,38,1,1809999.993,59.95,2011,25,4.2,25.95
139858,Active,1780384,NA,NA,S,9,1,1157698.25,40,2013,37,3.84,11.11
139859,Active,1780875,NA,NA,S,13,1,368199.5963,65,2014,24,16.1,43.98
139860,Active,2919591,NA,NA,S,15,1,5211.625,65,2015,10,51.8,51.94
139861,Active,2919578,NA,NA,S,15,1,17634.9,65,2015,13,46.53,53.62
139862,Active,612300,NA,NA,D,11,1,1092218.721,135,2014,24,4.97,28.99
139863,Active,566855,NA,NA,D,4,1,3384951.474,87,2007,17,4.8,22.58
139864,Active,525129,NA,NA,S,0,0,1145687.533,130,2012,20,8.89,58.85
139865,Active,647948,NA,NA,D,2,1,1684784.716,99.95,2008,27,4.12,47.16
139866,Active,1780601,NA,NA,S,3,1,1454757.164,115,2014,23,36,70.17
139867,Active,1638647,NA,NA,S,2,1,197020.5825,15.95,2010,73,5.51,9.98
139868,Active,899709,NA,NA,D,2,1,3217440.66,48,2001,19,4.99,72.97
139869,Active,3959886,NA,NA,D,0,0,3338001.8,68,2002,10,28.98,165.57
139870,Active,3805073,NA,NA,S,0,0,76364.425,99.95,2015,10,55,55
139871,Active,525090,NA,NA,S,6,1,507859.855,34.95,2010,98,4,24.52
139872,Active,525089,NA,NA,D,7,1,273349.9575,57.95,2009,36,4,28.97
139873,Active,806987,NA,NA,D,4,1,3683661.489,83.95,2006,15,4.72,16.49
139874,Active,795092,NA,NA,S,5,1,153767.09,80.95,2012,21,19.41,28.99
139875,Active,147394,NA,NA,D,11,1,805698.9988,55.95,2007,41,4,9.92
139876,Active,386711,NA,NA,S,2,1,170870.6588,58.95,2008,27,16.7,42.95
139877,Active,2486392,NA,NA,S,6,1,306209.95,42.95,2015,15,17.63,39.97
139878,Active,907204,NA,NA,S,2,1,1017691.36,60.95,2008,13,10.74,49.99
139879,Active,1771726,NA,NA,S,2,1,469411.5338,47.95,2011,17,34.68,47.95
139880,Active,1910413,NA,NA,S,2,1,1585344.659,65.95,2011,18,18.9,60.95
139881,Active,1879588,NA,NA,S,6,1,1121393.699,130.95,2008,29,4.15,9.98
139882,Active,2330673,NA,NA,D,0,0,1734741.988,87.25,1996,18,4,49.55
139883,Active,608074,NA,NA,S,22,1,2273476.633,128.95,2006,35,4,8.98
139884,Active,525044,NA,NA,S,24,1,829043.725,65.95,2011,33,4,10.98
139885,Active,1827301,NA,NA,S,13,1,221510.1963,59.95,2015,14,43.97,52.98
139886,Active,183540,NA,NA,D,10,1,2579103.38,67.95,2007,17,4,8.2
139887,Active,179082,NA,NA,S,8,1,490564.3025,40.95,2005,24,4.84,18.98
139888,Active,544721,NA,NA,S,12,1,379192.005,57.95,2013,31,11.67,38.99
139889,Active,544722,NA,NA,S,12,1,1113397.806,65.95,2013,25,5.19,31.98
139890,Active,620844,NA,NA,S,1,0,46058.275,81.75,2006,49,20.34,80.52
139891,Active,567626,NA,NA,S,12,1,1395291.425,195.95,2009,50,4,8.98
139892,Active,1574645,NA,NA,D,5,1,342469.2788,315.95,2008,41,36.06,207.27
139893,Active,534158,NA,NA,D,7,1,29261.1975,50,2010,136,7.74,37.49
139894,Active,533992,NA,NA,D,2,1,2051819.874,106.8,2008,30,5.32,4
139895,Active,57013,NA,NA,D,1,0,118501.4513,170.5,2010,116,4.21,8.85
139896,Active,2368283,NA,NA,D,5,1,2741463.456,84.8,2003,23,4.48,7.83
139897,Active,2345702,NA,NA,S,0,0,656258.4338,92.3,1994,59,4,46.67
139898,Active,293641,NA,NA,S,2,1,1830628.75,71.1,2007,23,19.98,135.29
139899,Active,868419,NA,NA,S,2,1,729834.99,74.95,2004,25,4,22.14
139900,Active,615625,NA,NA,D,5,1,13110.73625,55.4,2012,62,23.31,52.54
139901,Active,635599,NA,NA,S,5,1,10754.02625,68.75,2013,53,21.49,46.52
139902,Active,142168,NA,NA,S,8,1,1333481.336,8.34,2010,45,4,8.73
139903,Active,660838,NA,NA,D,15,1,404904.8575,44.99,2013,44,6.45,37.03
139904,Active,61228,NA,NA,D,7,1,426515.1075,23.23,2005,78,4,20.5
139905,Active,131653,NA,NA,D,6,1,2961400.334,142,2003,50,4,5.47
139906,Active,434749,NA,NA,D,4,1,934560.5363,136.4,2008,79,4,24.54
139907,Active,120491,NA,NA,D,1,0,1146423.175,52.4,2002,34,4,25.43
139908,Active,108532,NA,NA,D,5,1,606036.3225,7.49,2005,102,4,10.99
139909,Active,2415803,NA,NA,D,3,1,821251.8963,49.95,2003,37,6,47.5
139910,Active,612931,NA,NA,D,1,0,788612.9363,65.95,2007,89,3.99,18.99
139911,Active,170204,NA,NA,D,2,1,299059.4925,61.95,2011,135,4,10.03
139912,Active,920976,NA,NA,D,2,1,801510.5425,49.95,2011,54,4,12.54
139913,Active,204007,NA,NA,D,1,0,870154.315,89,2007,23,4,31.28
139914,Active,2877049,NA,NA,D,2,1,1027451.168,45.5,2003,24,6.17,37.69
139915,Active,147479,NA,NA,D,2,1,858070.3863,55.95,2006,29,19.05,53.99
139916,Active,897463,NA,NA,D,2,1,2150086.689,39.95,2002,20,9.09,20.93
139917,Active,2039356,NA,NA,D,2,1,1152380.136,152,2014,8,73.99,83.98
139918,Active,263371,NA,NA,D,0,0,775786.745,79,2006,28,38.62,106.95
139919,Active,545923,NA,NA,D,1,0,277997.9775,99.95,2013,58,6.94,43.99
139920,Active,868270,NA,NA,D,1,0,216382.875,99.95,2014,62,6.26,23.93
139921,Active,664201,NA,NA,S,1,0,237942.3813,106,2013,55,4,5.89
139922,Active,115606,NA,NA,D,1,0,811375.3125,100.6,2004,54,4,53.39
139923,Active,703336,NA,NA,D,1,0,957810.1425,45,2005,85,4,12.97
139924,Active,2672236,NA,NA,D,3,1,2159658.82,75.95,2002,21,6.13,42.98
139925,Active,905297,NA,NA,D,0,0,301685.1663,49.98,2013,21,11.22,36.99
139926,Active,244092,NA,NA,D,3,1,654314.5463,145.95,2011,87,4,10.71
139927,Active,918174,NA,NA,D,1,0,1643594.444,94.95,2000,42,4.07,14.49
139928,Active,269747,NA,NA,D,2,1,1608554.311,54.99,2006,30,4,11.54
139929,Active,533222,NA,NA,S,3,1,456851.2388,49.95,2011,38,5.3,31.87
139930,Active,255664,NA,NA,D,1,0,422558.73,49.95,2002,29,9.67,28.99
139931,Active,161488,NA,NA,D,2,1,2148947.625,130,2006,25,4,25.39
139932,Active,626753,NA,NA,D,2,1,1873709.7,74.95,2006,21,4.12,13.64
139933,Active,625252,NA,NA,D,2,1,337770.475,32.6,2010,60,4.33,8.98
139934,Active,55622,NA,NA,D,3,1,214134.8063,31.5,2008,43,7.43,45.86
139935,Active,55624,NA,NA,D,2,1,520844.1663,34.2,2003,65,4,8.49
139936,Active,609220,NA,NA,D,17,1,1958699.204,99.95,2009,28,5.44,9.98
139937,Active,649967,NA,NA,D,20,1,702048.05,199,2012,14,12.24,43.82
139938,Active,633571,NA,NA,D,4,1,2195361.53,132,1998,24,4.13,45.07
139939,Active,606976,NA,NA,D,8,1,510527.8663,7.94,2006,61,4,18.99
139940,Active,620848,NA,NA,S,3,1,399977.5888,123.2,2006,41,27.49,60.49
139941,Active,714528,NA,NA,D,1,0,534312.85,99.8,2001,43,26.16,33.99
139942,Active,132328,NA,NA,D,1,0,12757.18375,58.4,2007,81,20.98,25.98
139943,Active,540604,NA,NA,D,9,1,1006159.679,51,2011,32,4,7.48
139944,Active,532537,NA,NA,D,3,1,785636.21,66.95,2010,35,23.57,62.45
139945,Active,212311,NA,NA,D,3,1,1129086.875,46.95,1995,37,4,41.55
139946,Active,212420,NA,NA,D,0,0,457501.8238,6.5,2003,197,3.99,6.11
139947,Active,145530,NA,NA,D,4,1,1954176.338,62.67,2006,39,4,9.01
139948,Active,2396819,NA,NA,S,1,0,2244653.049,58.95,1993,25,3.99,43.79
139949,Active,246463,NA,NA,D,0,0,1772693.555,104.95,2006,17,44.73,37.87
139950,Active,127423,NA,NA,D,2,1,532353.5975,54.95,2008,36,4,33.99
139951,Active,129396,NA,NA,D,2,1,418068.2213,55.95,2008,38,8.44,15.98
139952,Active,135586,NA,NA,D,3,1,326826.5763,44.95,2005,39,4,30.47
139953,Active,291497,NA,NA,D,3,1,1287651.915,158.95,2000,39,4,8.99
139954,Active,54095,NA,NA,D,10,1,1262833.504,5.87,2005,47,3.99,4.8
139955,Active,755563,NA,NA,D,3,1,1926229.464,102.95,2005,21,13.74,74.54
139956,Active,661280,NA,NA,D,1,0,310784.7413,44.95,2009,21,24.99,37.8
139957,Active,1717975,NA,NA,D,0,0,235416.9975,44.99,2013,15,28.53,31.36
139958,Active,1717974,NA,NA,D,0,0,322481.875,44.99,2012,17,26.82,30.91
139959,Active,2648817,NA,NA,D,1,0,1679872.89,240,2002,17,20.71,73.28
139960,Active,608831,NA,NA,D,5,1,1593074.386,38.95,2002,21,4.6,47.78
139961,Active,184310,NA,NA,D,2,1,1811062.854,59.95,2000,29,4.77,49.06
139962,Active,126023,NA,NA,S,4,1,78439.445,89.95,2002,59,6.64,55.67
139963,Active,2410579,NA,NA,D,2,1,1667910.363,55,1989,29,4,10.83
139964,Active,906072,NA,NA,D,2,1,2033385.42,80,2011,16,18.79,80
139965,Active,174913,NA,NA,D,2,1,188057.6688,29.99,2006,67,4,16.8
139966,Active,217309,NA,NA,D,9,1,187974.4813,52,2009,60,5.57,38.69
139967,Active,494745,NA,NA,D,4,1,8997386.714,116.95,2006,10,4,64.83
139968,Active,392017,NA,NA,D,3,1,388789.0188,49.95,2008,24,8.27,23.9
139969,Active,152318,NA,NA,D,2,1,3399578.793,49.95,2006,15,24.22,26.56
139970,Active,264941,NA,NA,D,2,1,1931409.93,53.95,2005,26,3.43,23.72
139971,Active,876257,NA,NA,D,0,0,1445026.586,50.51,2010,14,4,50.49
139972,Active,558133,NA,NA,D,0,0,337721.88,51,2012,66,40.75,0
139973,Active,2588809,NA,NA,S,10,1,633578.9588,49.99,1993,39,8.98,32.97
139974,Active,259285,NA,NA,D,2,1,691608.495,131.95,1998,22,5.99,13.98
139975,Active,244995,NA,NA,D,3,1,648969.345,243.95,2003,10,10.13,91.22
139976,Active,50734,NA,NA,D,9,1,336093.8763,228.95,2006,38,4.34,63.98
139977,Active,3733490,NA,NA,D,0,0,562625.95,49.95,2015,29,42.29,42.3
139978,Active,607696,NA,NA,D,7,1,2097412.88,63.6,2002,37,4,4
139979,Active,891668,NA,NA,D,2,1,3048295.75,49.95,2005,15,7.7,22.73
139980,Active,2427550,NA,NA,D,5,1,888785.0075,94,1994,31,4.94,49.73
139981,Active,2422109,NA,NA,D,4,1,1295727.041,182.98,1978,20,4.47,69.59
139982,Active,897330,NA,NA,D,2,1,479179.6563,76,1977,23,9.98,75.54
139983,Active,2851384,NA,NA,D,2,1,2498874.239,87.95,1999,17,10.68,45.4
139984,Active,175628,NA,NA,D,1,0,993797.1138,80,2004,47,15.25,33.93
139985,Active,241567,NA,NA,S,3,1,875407.1863,22,1998,136,3.79,8.31
139986,Active,1540680,NA,NA,D,1,0,347634.535,41.95,2009,25,37.45,32.16
139987,Active,1539624,NA,NA,D,1,0,622160.9625,40.95,2007,21,33.13,38.1
139988,Active,587974,NA,NA,D,13,1,1413148.424,47.95,2012,15,8.99,28.85
139989,Active,54292,NA,NA,D,2,1,863377.555,70,2002,75,3.99,11.24
139990,Active,742165,NA,NA,D,5,1,1004628.365,220,2010,23,10.43,184.92
139991,Active,184008,NA,NA,D,3,1,1796511.384,207.95,2004,37,4,16.95
139992,Active,199336,NA,NA,D,1,0,880932.3163,33.95,2004,43,4,5.98
139993,Active,891527,NA,NA,D,3,1,3794836.316,84.95,2003,13,4,103.96
139994,Active,249818,NA,NA,D,2,1,1024160.508,196.95,2006,38,4,10.98
139995,Active,607626,NA,NA,D,3,1,310034.0138,44.99,1999,51,4,40.85
139996,Active,163318,NA,NA,D,2,1,1534110.775,75,2004,25,5.23,65.89
139997,Active,279392,NA,NA,D,4,1,2117464.825,65.95,2010,13,4.78,65.95
139998,Active,2571793,NA,NA,D,2,1,1904868.936,150,1992,21,24.66,63.94
139999,Active,249245,NA,NA,D,4,1,329322.4575,71,2006,23,9.12,62.33
140000,Active,2614933,NA,NA,D,2,1,2195191.655,90,2004,19,4.9,46.29
140001,Active,2523876,NA,NA,S,1,0,298327.6938,57.95,1983,24,13.2,63.65
140002,Active,917909,NA,NA,D,5,1,1182492.416,113.95,1995,40,4,35.98
140003,Active,115512,NA,NA,D,9,1,1078919.309,56,2002,89,3.89,4
140004,Active,622145,NA,NA,D,0,0,599777.7425,45,1994,60,4.58,43.86
140005,Active,254416,NA,NA,D,3,1,235036.7588,34.95,2008,50,4,3
140006,Active,125591,NA,NA,S,2,1,44641.535,179.95,1995,74,8.87,82.95
140007,Active,215805,NA,NA,D,0,0,200133.6788,85,2000,34,25.81,101.61
140008,Active,910337,NA,NA,D,3,1,1830874.154,37,2000,29,9.39,53.48
140009,Active,120624,NA,NA,D,5,1,159624.895,98.8,2008,39,12.46,144.38
140010,Active,2593019,NA,NA,D,0,0,678576.7613,69.99,1979,28,20.98,62.21
140011,Active,175214,NA,NA,D,2,1,283876.925,64.99,2002,82,4.57,28.49
140012,Active,114783,NA,NA,D,5,1,724932.9075,61.6,2001,42,4,43.41
140013,Active,246385,NA,NA,D,0,0,150791.5038,54.95,2009,55,4.98,0
140014,Active,2586774,NA,NA,D,0,0,1520932.398,33.99,2004,28,4,21.42
140015,Active,551626,NA,NA,D,0,0,2081830.681,78,2003,39,4,22.99
140016,Active,154400,NA,NA,S,4,1,23112.72875,76.23,2003,91,13.87,82.13
140017,Active,2940711,NA,NA,D,1,0,1331367.69,57.95,2004,23,11.72,45.4
140018,Active,902524,NA,NA,D,1,0,1522594.084,53.95,2004,26,32.79,44.26
140019,Active,426361,NA,NA,D,3,1,489005.3563,134.95,2010,35,6.48,84.35
140020,Active,131471,NA,NA,S,3,1,769135.8275,139.4,2002,39,4,30.99
140021,Active,246426,NA,NA,D,2,1,1900274.928,114.95,2006,16,10.91,95.2
140022,Active,126401,NA,NA,D,7,1,824887.7775,49.95,2004,23,6.99,57.13
140023,Active,1590793,NA,NA,D,2,1,535722.4138,39.99,2009,31,6.87,19.96
140024,Active,539747,NA,NA,D,4,1,798181.4288,85,2011,30,6.03,52.66
140025,Active,543233,NA,NA,D,5,1,10959.08875,55,2012,60,7.89,35.41
140026,Active,217303,NA,NA,D,4,1,74985.955,52,2008,66,4.93,12.38
140027,Active,549194,NA,NA,S,8,1,607516.6563,67.45,1994,27,4,29.94
140028,Active,155259,NA,NA,D,6,1,650355.8975,155.96,2006,78,4,37.99
140029,Active,54622,NA,NA,D,10,1,202513.2963,32.78,2010,83,7.86,27.95
140030,Active,142205,NA,NA,S,8,1,510560.3888,77.78,2008,32,4,44.63
140031,Active,108716,NA,NA,D,12,1,667742.0563,110.57,2007,22,45.49,103.99
140032,Active,609255,NA,NA,D,3,1,1953266.26,90,1997,35,4.13,42.27
140033,Active,126014,NA,NA,D,2,1,1419943.18,49.95,2001,52,4,13.94
140034,Active,2500915,NA,NA,D,1,0,111527.0813,49.95,1991,82,4.55,17.49
140035,Active,203926,NA,NA,D,4,1,101340.3488,59.95,2008,243,4.08,28.49
140036,Active,203754,NA,NA,D,3,1,559045.9538,50.95,2005,126,4,9.54
140037,Active,276765,NA,NA,S,0,0,400859.5138,93.5,2000,37,14.96,68.99
140038,Active,183086,NA,NA,D,6,1,1437016.051,120.95,2004,41,4,10.82
140039,Active,189133,NA,NA,D,2,1,791555.405,65,1999,35,4,44.63
140040,Active,275618,NA,NA,D,0,0,265563.1425,39.95,1995,27,17.69,35.96
140041,Active,109090,NA,NA,D,3,1,1045355.89,64.38,2005,30,12.44,53.43
140042,Active,106142,NA,NA,D,4,1,482005.0363,55,2004,55,6.24,20.97
140043,Active,2805275,NA,NA,D,0,0,737212.4425,26.95,2004,24,9.18,21.57
140044,Active,51892,NA,NA,D,8,1,236920.0675,232.95,2007,45,4.76,40.39
140045,Active,870117,NA,NA,D,2,1,2492017.786,105,2006,20,4,23.99
140046,Active,3504232,NA,NA,S,0,0,86380.35,0,2014,15,22.19,54.68
140047,Active,913210,NA,NA,D,5,1,589700.6125,39.95,2008,28,12.44,44.55
140048,Active,141854,NA,NA,D,5,1,42891.41125,18.72,2008,123,4,12.44
140049,Active,2596894,NA,NA,D,0,0,2017402.318,78.99,1991,27,12.73,55.57
140050,Active,300473,NA,NA,D,1,0,98215.84125,105,2011,34,33.2,65.06
140051,Active,2552246,NA,NA,D,2,1,2878854.531,93.95,2005,22,4.97,55.73
140052,Active,643055,NA,NA,D,3,1,1828423.244,90.95,2009,23,11.18,55.73
140053,Active,718374,NA,NA,D,4,1,1579198.709,37.95,1997,28,4,31.78
140054,Active,739463,NA,NA,D,1,0,2509265.614,71.4,2002,26,4,17.98
140055,Active,202322,NA,NA,D,5,1,1112872.643,52.95,2002,43,4,14.96
140056,Active,135649,NA,NA,D,2,1,700256.5188,54.95,2009,41,4.97,52.21
140057,Active,113214,NA,NA,D,2,1,767527.8238,59.95,2011,35,5.15,90.47
140058,Active,231589,NA,NA,D,4,1,602235.9938,54.95,2008,42,4,28.94
140059,Active,663790,NA,NA,D,1,0,633627.3738,43,2013,46,19.38,28.76
140060,Active,547313,NA,NA,D,3,1,833832.2725,79.95,2012,24,43.94,43.94
140061,Active,630347,NA,NA,D,3,1,791734.7575,69.95,1999,26,18.34,53.99
140062,Active,162653,NA,NA,D,1,0,833339.6075,80,2009,39,4,52.03
140063,Active,244244,NA,NA,D,4,1,42095.675,195.95,2012,72,19.86,80.55
140064,Active,2783626,NA,NA,D,1,0,431940.3,70,2003,22,33.99,55.71
140065,Active,184426,NA,NA,D,1,0,433087.7863,59.95,2001,27,8.93,26.56
140066,Active,715410,NA,NA,D,1,0,1112078.078,32.99,2007,36,4,13.97
140067,Active,114069,NA,NA,D,5,1,5645477.784,74.35,2001,39,3.99,11.14
140068,Active,533442,NA,NA,D,5,1,40463.52875,81,2011,30,26.51,83.78
140069,Active,152580,NA,NA,D,2,1,2397930.298,52.95,2001,26,4,27.94
140070,Active,54279,NA,NA,D,8,1,78631.1675,81.4,2011,92,7.22,32.48
140071,Active,152695,NA,NA,D,0,0,1214331.931,89.99,2001,26,28.94,52.16
140072,Active,871016,NA,NA,D,2,1,1542173.361,40.8,2004,43,4,6.28
140073,Active,329812,NA,NA,D,10,1,864935.72,46,2005,72,3.99,7.19
140074,Active,245895,NA,NA,D,2,1,1193751.886,41,2005,46,4,22.3
140075,Active,3488514,NA,NA,D,3,1,2813089.85,100,1988,46,4,44.12
140076,Active,121882,NA,NA,D,2,1,1651952.899,41,1998,49,4,22.94
140077,Active,254421,NA,NA,D,3,1,908686.8725,37.95,2009,37,4,18.98
140078,Active,144921,NA,NA,D,9,1,97267.43125,108.6,2005,46,4,32.99
140079,Active,274917,NA,NA,D,2,1,293394.5063,53.95,2001,29,4,52.73
140080,Active,143638,NA,NA,D,3,1,663668.6638,52,2010,21,46.79,46.8
140081,Active,2586501,NA,NA,D,2,1,2180593.876,36.99,2003,20,6.29,25.98
140082,Active,1472543,NA,NA,D,1,0,440393.08,10.95,2008,33,5.27,7.13
140083,Active,641828,NA,NA,D,0,0,143499.3538,125.6,2000,26,36.93,81.63
140084,Active,158307,NA,NA,D,4,1,1366570.171,58.95,2010,24,4,98.23
140085,Active,359264,NA,NA,D,0,0,511254.265,40,1999,35,5.24,24.98
140086,Active,51928,NA,NA,D,5,1,436058.365,13.99,2009,190,4,12.98
140087,Active,3958122,NA,NA,D,1,0,2558856.75,44,2002,29,9.94,68.53
140088,Active,285719,NA,NA,D,2,1,1497306.78,97.95,1999,24,8.64,64.62
140089,Active,300297,NA,NA,D,2,1,563852.2175,55,2010,30,4.31,10.05
140090,Active,54539,NA,NA,S,8,1,356633.1725,142.15,2008,20,9,52.27
140091,Active,54538,NA,NA,D,9,1,73608.78875,55.99,2010,40,8.83,52.73
140092,Active,2600100,NA,NA,D,0,0,94067.72375,52.99,1994,203,4.37,12.72
140093,Active,273415,NA,NA,D,2,1,2768985.906,231.38,2004,16,6.63,69.97
140094,Active,540108,NA,NA,S,7,1,5596.5025,207.8,2012,137,22.93,53.99
140095,Active,1656750,NA,NA,D,4,1,1695724.899,86.95,2008,12,34.69,157.06
140096,Active,880575,NA,NA,D,6,1,2014380.323,16.39,2008,24,4.38,16.39
140097,Active,910555,NA,NA,S,2,1,2257216.34,25.32,1992,30,4,42.41
140098,Active,55247,NA,NA,D,4,1,1534130.635,174.95,2006,86,4,7.98
140099,Active,253947,NA,NA,D,7,1,105317.9025,127.95,2009,180,4,7
140100,Active,57263,NA,NA,D,4,1,834314.2063,174.95,2006,72,3.9,4.98
140101,Active,106537,NA,NA,D,1,0,1203837.351,64.95,2006,31,5.97,40.11
140102,Active,193740,NA,NA,D,2,1,1139227.996,119.95,2010,40,4.52,15.99
140103,Active,574739,NA,NA,D,0,0,1640338.019,79.95,2008,21,4,14.07
140104,Active,897998,NA,NA,D,2,1,3763398.633,84.95,2004,16,6.39,61.89
140105,Active,562482,NA,NA,D,2,1,1467669.59,69,2006,18,6.76,56.86
140106,Active,60025,NA,NA,D,3,1,1541297.191,275.95,2006,51,4,18.94
140107,Active,54533,NA,NA,D,13,1,502867.575,148.6,2006,123,4,19.52
140108,Active,557041,NA,NA,D,7,1,1511565.946,230.93,2011,33,4.89,224.09
140109,Active,880290,NA,NA,S,7,1,813351.2388,54.63,2009,45,8.35,33.27
140110,Active,50073,NA,NA,D,6,1,492469.0175,17.99,2006,203,4,12.84
140111,Active,618380,NA,NA,D,8,1,7453.49375,113.99,2013,121,10.79,78.36
140112,Active,715227,NA,NA,D,0,0,2811018.964,16.77,2010,15,5.76,23.99
140113,Active,540015,NA,NA,D,2,1,1820900.904,200.27,2011,22,11.99,312.45
140114,Active,630069,NA,NA,D,6,1,1202167.674,23.99,2009,34,4.94,23.99
140115,Active,649481,NA,NA,S,16,1,53219.76875,162.67,2013,58,34.47,127.42
140116,Active,492255,NA,NA,D,12,1,23606.5425,136.83,2012,72,12.26,34.99
140117,Active,50175,NA,NA,D,4,1,1539119.328,7.5,2005,72,4.25,6.5
140118,Active,870646,NA,NA,D,6,1,1616961.219,22.43,2010,58,5.72,27.93
140119,Active,875320,NA,NA,D,7,1,1161129.839,76.61,2011,29,4.32,26.96
140120,Active,54196,NA,NA,D,5,1,2329098.598,9.86,2006,42,4,9.86
140121,Active,451796,NA,NA,D,5,1,1181664.548,266.95,2008,61,4.54,47.35
140122,Active,52295,NA,NA,D,6,1,1796039.043,123.33,2005,77,4,8.88
140123,Active,60026,NA,NA,D,1,0,2295883.176,10.99,2004,57,4,9.95
140124,Active,3613455,NA,NA,D,0,0,1255431.85,90,1997,31,5.38,27.44
140125,Active,1452362,NA,NA,D,0,0,1088801.496,72.25,2011,19,11.85,59.35
140126,Active,770413,NA,NA,D,1,0,325801.1588,36.07,2002,76,4,19.81
140127,Active,637618,NA,NA,D,4,1,85139.35375,73.99,2013,55,43.58,45.44
140128,Active,533184,NA,NA,S,5,1,66470.62375,166.4,2012,44,17.74,65.02
140129,Active,144777,NA,NA,S,1,0,1264231.949,95.6,2003,34,4.54,18.58
140130,Active,286459,NA,NA,S,4,1,136657.455,141.2,2009,41,23.11,77.36
140131,Active,2618673,NA,NA,D,5,1,2003242.789,90.95,1993,22,9.44,23.25
140132,Active,534420,NA,NA,D,2,1,1697358.456,111.95,2008,34,4.09,72.79
140133,Active,61252,NA,NA,S,5,1,1312383.139,42.95,1995,60,4,4
140134,Active,133213,NA,NA,D,7,1,2400293.101,99.33,2009,18,12.83,803.99
140135,Active,133073,NA,NA,D,7,1,1032085.198,101.67,2009,56,4,28.99
140136,Active,740754,NA,NA,D,6,1,2568359.596,82.2,2006,35,4.12,10.95
140137,Active,918398,NA,NA,D,3,1,1489051.734,50,2004,42,4,7.84
140138,Active,313191,NA,NA,D,1,0,2269379.614,41.6,2004,37,4,4.79
140139,Active,130953,NA,NA,D,5,1,119739.6775,35.6,2012,47,4.85,26.57
140140,Active,132707,NA,NA,D,4,1,633024.1613,28.67,2009,42,4,5.76
140141,Active,541446,NA,NA,D,3,1,712569.1688,45.95,2011,26,4.96,57.93
140142,Active,618532,NA,NA,D,0,0,1079902.994,55.95,2001,69,4,16.24
140143,Active,264240,NA,NA,D,2,1,351494.7238,61.95,2005,44,6.03,17.54
140144,Active,897030,NA,NA,D,2,1,902941.2113,50,2004,16,4.61,33.98
140145,Active,52571,NA,NA,D,11,1,504980.4513,128.4,2009,116,4,16.99
140146,Active,197858,NA,NA,D,2,1,2418948.653,46.92,2007,21,4.9,73.99
140147,Active,1657530,NA,NA,D,2,1,681377.0988,52,2010,29,4.77,19.99
140148,Active,449568,NA,NA,D,11,1,2422501.053,126.5,2007,19,4.57,67.79
140149,Active,758328,NA,NA,D,10,1,5834671.789,95,2003,14,11.46,114.35
140150,Active,288417,NA,NA,D,3,1,1752745.73,32,2006,16,4,56.19
140151,Active,658911,NA,NA,D,4,1,907169.1175,39,2009,20,11.61,39.95
140152,Active,533168,NA,NA,D,6,1,1069687.58,99.95,2010,46,4,21.58
140153,Active,161799,NA,NA,D,5,1,1533674.33,85,2007,38,4,13.98
140154,Active,137463,NA,NA,D,7,1,2495765.316,130,2000,24,4.95,73.07
140155,Active,535385,NA,NA,D,25,1,12503.9025,357.95,2013,188,11.03,33.88
140156,Active,2137569,NA,NA,D,2,1,1928148.359,55.95,2009,19,5.98,44.77
140157,Active,538794,NA,NA,S,8,1,65254.70875,369.5,2013,69,33.88,57.99
140158,Active,309026,NA,NA,D,14,1,1568623.838,6.18,2006,47,4,10.94
140159,Active,269962,NA,NA,D,4,1,543148.35,203,2006,47,13.96,137.13
140160,Active,163216,NA,NA,D,3,1,1835629.465,28.49,2009,39,4,18.99
140161,Active,533162,NA,NA,D,4,1,884205.3113,83.95,2012,35,4.73,22.49
140162,Active,243817,NA,NA,D,3,1,577402.89,192.95,2010,25,5.78,95.99
140163,Active,243818,NA,NA,D,3,1,367119.01,164.95,2010,49,4.78,118.31
140164,Active,52084,NA,NA,D,12,1,19762.54875,305.8,2011,102,19.83,62.91
140165,Active,243873,NA,NA,D,7,1,694080.6688,178.95,2010,40,5.9,109.95
140166,Active,535838,NA,NA,D,11,1,13621.055,119.05,2013,127,6.44,78.05
140167,Active,50593,NA,NA,D,9,1,239628.6075,23.71,2008,124,4,27.99
140168,Active,592082,NA,NA,D,7,1,1218613.96,145,2007,34,4,12.39
140169,Active,538782,NA,NA,S,10,1,17042.6775,374.5,2013,69,28.99,63.98
140170,Active,276578,NA,NA,D,2,1,364813.9463,49.95,2007,59,5.94,0
140171,Active,162984,NA,NA,D,3,1,23033.805,67,2010,43,21.23,55.99
140172,Active,205832,NA,NA,S,2,1,273520.4138,62,2003,69,4,15.99
140173,Active,661107,NA,NA,D,3,1,187245.32,38,2011,47,6.76,32.99
140174,Active,560480,NA,NA,D,3,1,668713.6238,38,2012,27,8.68,90.53
140175,Active,899125,NA,NA,D,2,1,2013606.503,49.95,2000,20,6.39,57.85
140176,Active,905598,NA,NA,D,3,1,2345424.169,63.95,2006,19,8.48,70.83
140177,Active,489936,NA,NA,D,5,1,2326931.846,229,2006,19,14.88,36.74
140178,Active,194057,NA,NA,D,3,1,738613.08,63,2006,31,6.21,6.33
140179,Active,912554,NA,NA,D,0,0,567050.2063,23.73,2003,36,4,23.28
140180,Active,157648,NA,NA,D,1,0,212975.735,50.95,2008,35,38.27,0
140181,Active,50404,NA,NA,D,9,1,981843.2875,200.95,2006,40,4,65
140182,Active,876842,NA,NA,D,3,1,163939.895,52.55,1997,51,4,23.32
140183,Active,619948,NA,NA,D,1,0,304714.82,63.17,1978,55,4,46.89
140184,Active,199222,NA,NA,D,0,0,841534.5938,43.95,2005,51,4,18.81
140185,Active,121142,NA,NA,D,4,1,91288.75875,57.8,2010,84,22.18,48.43
140186,Active,248036,NA,NA,D,2,1,358561.105,51.95,2008,62,4,21.48
140187,Active,533137,NA,NA,D,2,1,2430237.838,48.95,2002,15,4.5,49.64
140188,Active,277986,NA,NA,D,2,1,604137.9313,55,2003,71,4,34.8
140189,Active,608739,NA,NA,D,3,1,1022750.226,59.99,2008,24,4,44.73
140190,Active,533129,NA,NA,D,2,1,725940.175,42.95,2007,40,4,8.98
140191,Active,387169,NA,NA,D,2,1,1121232.336,42.95,2007,95,3.99,8.98
140192,Active,533128,NA,NA,D,5,1,374054.87,38,2012,32,7.39,22.49
140193,Active,132705,NA,NA,D,4,1,1304074.936,28.67,2009,44,4,13.98
140194,Active,623503,NA,NA,D,1,0,307000.5913,136.25,2009,32,8.56,0
140195,Active,3575283,NA,NA,S,0,0,293365.15,69.99,2015,55,25.68,38.47
140196,Active,2363403,NA,NA,D,1,0,909467.0725,50.95,2004,50,4,23.43
140197,Active,533120,NA,NA,D,4,1,373765.2163,84.95,2011,31,11.98,58.98
140198,Active,249101,NA,NA,S,3,1,342267.0075,94.95,2008,45,16.63,38.99
140199,Active,533118,NA,NA,D,3,1,2235114.633,70.95,2007,25,4.22,38.51
140200,Active,609668,NA,NA,D,4,1,2267692.075,69.95,2006,32,4,12.49
140201,Active,285195,NA,NA,D,1,0,72487.29,77.57,2005,42,29.99,0
140202,Active,193977,NA,NA,D,3,1,1954639.226,57,2005,39,4,22.99
140203,Active,293268,NA,NA,D,4,1,470889.8613,71,2005,91,4.76,30.99
140204,Active,510608,NA,NA,D,0,0,2034635.276,69.99,2006,25,13,46.2
140205,Active,2364338,NA,NA,D,2,1,1850421.388,75,1991,20,4.31,54.29
140206,Active,911907,NA,NA,D,3,1,2005088.79,107,1995,28,5.53,54.99
140207,Active,115250,NA,NA,D,4,1,1049488.019,209,2001,24,12.97,99.29
140208,Active,638405,NA,NA,D,4,1,814278.6075,60,2009,21,40.45,108.48
140209,Active,858275,NA,NA,D,5,1,437955.5825,60,2014,19,42.73,45
140210,Active,2502326,NA,NA,D,0,0,2070584.716,119,1996,28,34.17,79.33
140211,Active,616953,NA,NA,D,0,0,165515.2488,132.06,2008,66,6.26,0
140212,Active,164069,NA,NA,S,1,0,383539.4688,150,1997,21,35.84,162.49
140213,Active,257481,NA,NA,D,4,1,1682033.998,74.5,1998,23,14.74,56.63
140214,Active,615101,NA,NA,D,4,1,2032235.7,58,2004,44,4,21.18
140215,Active,1656727,NA,NA,D,2,1,366896.8913,74.99,2010,34,4,37.89
140216,Active,108412,NA,NA,D,5,1,1485665.385,79.45,2003,23,4.29,243.13
140217,Active,297981,NA,NA,D,6,1,2099902.708,80.95,2003,33,4,12.5
140218,Active,229180,NA,NA,D,4,1,178463.8413,89.95,2008,76,4.58,53.69
140219,Active,270064,NA,NA,D,5,1,1569357.934,88,2008,27,4.98,32.49
140220,Active,265891,NA,NA,D,4,1,4842187.03,46,2004,12,5.92,9.89
140221,Active,775957,NA,NA,D,5,1,3028102.13,33.95,2006,16,4,72.33
140222,Active,142887,NA,NA,D,5,1,2867760.83,138,2003,30,5.51,43.98
140223,Active,193443,NA,NA,D,6,1,2180460.253,105,2006,15,4,13.56
140224,Active,193695,NA,NA,D,7,1,1048792.148,200,2010,43,4.34,23.95
140225,Active,241771,NA,NA,S,0,0,836822.4925,27.95,2003,20,9.44,0
140226,Active,146426,NA,NA,D,1,0,548574.5463,59.99,2010,111,5.91,23.06
140227,Active,625263,NA,NA,D,1,0,438880.4313,59.99,2010,37,6.98,30.98
140228,Active,146412,NA,NA,D,1,0,508680.2625,54.99,2010,139,3.98,29.13
140229,Active,146414,NA,NA,D,1,0,502748.1338,54.99,2010,118,4,9.49
140230,Active,1455545,NA,NA,D,1,0,87077.27125,59.99,2014,80,15.41,35.91
140231,Active,52910,NA,NA,D,2,1,1025125.738,117,2003,43,3.97,22.4
140232,Active,877912,NA,NA,D,4,1,931491.4738,173.87,2009,29,59.87,128.99
140233,Active,117367,NA,NA,D,1,0,82851.0825,220.2,2007,65,23.74,123.97
140234,Active,861139,NA,NA,S,15,1,6026.6675,250,2013,110,23.87,88.99
140235,Active,868420,NA,NA,S,4,1,753206.8375,99,2002,30,4.35,43.98
140236,Active,52784,NA,NA,D,5,1,1167710.334,53.4,2004,47,4,8.98
140237,Active,52785,NA,NA,D,6,1,475025.6113,78,2007,41,9.01,32.89
140238,Active,551203,NA,NA,S,8,1,328971.91,53.71,2011,30,5.98,51.15
140239,Active,641670,NA,NA,D,2,1,641136.9175,60,2006,29,24.32,70.86
140240,Active,793942,NA,NA,D,2,1,2592417.695,32.5,2004,27,4,35
140241,Active,2542798,NA,NA,D,3,1,2073376.065,52.95,2004,19,6.32,53.98
140242,Active,56420,NA,NA,D,2,1,2707578.06,10.44,2004,37,3.87,10.32
140243,Active,634809,NA,NA,D,3,1,2330696.656,37.95,2002,29,4,14
140244,Active,147612,NA,NA,D,6,1,257521.425,87.95,2010,98,4,10.91
140245,Active,60036,NA,NA,D,5,1,709374.2863,59.95,2005,63,4,4.98
140246,Active,3123755,NA,NA,D,4,1,1286824.869,153.95,2005,20,7.98,74.23
140247,Active,58172,NA,NA,D,4,1,3206371.089,21.22,2003,30,4.27,18.99
140248,Active,290502,NA,NA,D,2,1,854146.9663,49.95,2003,24,12.93,32.98
140249,Active,637648,NA,NA,S,11,1,839900.9063,70.31,2012,26,14.78,65.79
140250,Active,533547,NA,NA,D,11,1,48698.8825,68.71,2012,132,7.93,35.99
140251,Active,878630,NA,NA,S,11,1,345381.5,119.1,2012,31,14.44,101.34
140252,Active,53863,NA,NA,D,9,1,1011258.624,11.98,2008,85,4.15,10.77
140253,Active,53861,NA,NA,D,8,1,1984647.991,17.94,2005,54,3.99,17.94
140254,Active,243858,NA,NA,D,1,0,985712.1175,95.95,2010,45,4.98,19.57
140255,Active,2248691,NA,NA,D,4,1,623368.2663,73.94,2009,19,73.7,78.94
140256,Active,602442,NA,NA,S,4,1,175018.795,141,2010,35,47.54,91.78
140257,Active,637333,NA,NA,D,3,1,439211.7175,87.5,2004,31,12.34,74.24
140258,Active,629154,NA,NA,D,3,1,1207511.206,49.99,2012,22,10.71,30.89
140259,Active,764015,NA,NA,D,2,1,742486.0163,157.95,2005,31,29.93,67.34
140260,Active,906921,NA,NA,D,1,0,1503417.271,68.95,2006,20,36.01,59.37
140261,Active,626283,NA,NA,D,1,0,1033548.648,99.95,2010,38,16.09,66.34
140262,Active,749528,NA,NA,D,3,1,4036632.916,150,2006,14,56.33,104.47
140263,Active,115878,NA,NA,D,3,1,1844289.728,103,2006,21,10.63,33.98
140264,Active,778439,NA,NA,D,3,1,1281111.026,188.95,2006,28,11.98,48.95
140265,Active,223595,NA,NA,D,4,1,1153401.688,69.5,2003,33,12.99,118.44
140266,Active,899681,NA,NA,D,2,1,2328475.18,102.95,2003,16,6.39,162.63
140267,Active,50863,NA,NA,D,7,1,2176940.453,12.33,2007,48,4.35,8.78
140268,Active,538792,NA,NA,S,10,1,54923.35375,339,2013,71,20,53.99
140269,Active,752163,NA,NA,D,1,0,1061164.06,39.99,2010,46,4,6.87
140270,Active,639830,NA,NA,D,2,1,460179.055,39.99,2012,37,4,5.88
140271,Active,174398,NA,NA,D,2,1,482674.2588,34,2005,71,16.59,134.18
140272,Active,2364319,NA,NA,D,2,1,2798384.31,48.89,1972,29,4,48.89
140273,Active,204143,NA,NA,D,1,0,611279.8413,82.99,2010,36,12.59,13.56
140274,Active,58383,NA,NA,S,2,1,1080170.124,59.95,2003,40,3.98,6.27
140275,Active,775928,NA,NA,D,2,1,1199207.679,68,2008,23,6.55,6.59
140276,Active,895791,NA,NA,D,2,1,2485888.138,69.95,2005,22,9.17,57.98
140277,Active,624581,NA,NA,D,0,0,141331.6488,103.04,1992,37,17,73.14
140278,Active,750936,NA,NA,D,2,1,832985.05,59.99,2008,47,4.13,53.13
140279,Active,2561789,NA,NA,S,3,1,1186934.186,0,1978,21,4.12,73.95
140280,Active,114520,NA,NA,D,3,1,2056486.26,162.67,2005,30,4.97,44.98
140281,Active,909129,NA,NA,D,1,0,996824.4713,85,1997,23,6.9,45.92
140282,Active,249922,NA,NA,D,2,1,1778334.021,170.95,2007,58,4,17.94
140283,Active,161706,NA,NA,D,8,1,1562672.48,43.99,2006,24,3.43,44.24
140284,Active,3272245,NA,NA,D,2,1,4835459.645,123.99,1995,36,14.03,71.89
140285,Active,911707,NA,NA,D,2,1,532196.485,76.95,1994,27,5.82,23.99
140286,Active,294829,NA,NA,D,2,1,1134874.641,46.95,2004,53,4,7.98
140287,Active,129781,NA,NA,D,2,1,182854.6775,79.99,2005,65,12.15,35
140288,Active,890187,NA,NA,D,2,1,2155138.638,74.95,2008,15,21.57,56.61
140289,Active,3150638,NA,NA,D,3,1,1995018.27,89.95,2005,12,35.59,37.66
140290,Active,118139,NA,NA,D,1,0,131294.9738,50.65,2007,96,4.99,12
140291,Active,592776,NA,NA,D,0,0,1193648.733,174,2010,32,7.98,66.99
140292,Active,561064,NA,NA,D,4,1,2519593.904,136,2007,21,4.32,5.03
140293,Active,271043,NA,NA,D,2,1,544255.7825,50,2011,62,5.97,23.98
140294,Active,56620,NA,NA,D,4,1,824867.9788,49.95,2008,119,3.99,11.48
140295,Active,543136,NA,NA,D,5,1,23774.69125,57.95,2012,115,5.37,12.62
140296,Active,56619,NA,NA,D,3,1,2864174.31,46.95,2004,62,4,6.94
140297,Active,3609223,NA,NA,D,2,1,912139.8,59.99,2005,43,6.99,43.96
140298,Active,1733870,NA,NA,D,3,1,269096.4938,64.99,2007,25,13.63,71.96
140299,Active,58168,NA,NA,D,3,1,148378.9138,79.12,2003,34,21.46,132.55
140300,Active,248190,NA,NA,D,7,1,1035775.136,66,2010,68,4,18.99
140301,Active,545781,NA,NA,D,8,1,123295.9938,76,2012,78,9.13,57.25
140302,Active,635462,NA,NA,D,0,0,231812.2875,89.95,1992,33,36.94,48.72
140303,Active,116010,NA,NA,D,4,1,894755.4625,136.8,2004,57,4,13.99
140304,Active,640779,NA,NA,D,1,0,1329464.496,42.95,2006,19,4,73.39
140305,Active,644683,NA,NA,D,9,1,933735.9963,193.93,2011,26,19.22,29.09
140306,Active,870249,NA,NA,D,10,1,431312.1125,207,2014,28,104.99,154.67
140307,Active,621022,NA,NA,D,9,1,1166934.226,103.75,2011,39,5.97,27.99
140308,Active,53568,NA,NA,D,9,1,13494.55875,39.99,2011,242,8.62,21.86
140309,Active,53566,NA,NA,D,7,1,1195016.94,9.75,2006,78,4,9.75
140310,Active,109339,NA,NA,D,7,1,1936674.429,202.25,2007,40,4,13.99
140311,Active,616312,NA,NA,D,1,0,867311.8213,50,2004,58,4,6.97
140312,Active,225147,NA,NA,D,6,1,874434.6513,79.95,2002,73,3.97,14.98
140313,Active,2022478,NA,NA,D,2,1,574698.52,39.63,2011,14,43.98,122.31
140314,Active,2258996,NA,NA,D,5,1,2128325.973,149.5,2008,35,24.16,149.47
140315,Active,118538,NA,NA,D,5,1,414775.6538,214,2008,29,20.98,73.61
140316,Active,878008,NA,NA,D,1,0,960141.365,7.92,2008,85,4,7.92
140317,Active,51368,NA,NA,D,5,1,64848.1425,123,2007,71,9.46,73.97
140318,Active,1489697,NA,NA,D,0,0,1550897.698,28,2012,21,23.49,23.89
140319,Active,149195,NA,NA,D,0,0,738461.9838,39,2004,28,4,22.94
140320,Active,556789,NA,NA,D,0,0,808523.9,126.4,2004,22,19.4,0
140321,Active,58365,NA,NA,D,3,1,637609.995,78,2009,28,4.75,45.96
140322,Active,117941,NA,NA,D,2,1,1907755.755,53.33,2005,21,4,6.94
140323,Active,2607252,NA,NA,S,2,1,316335.2888,54.99,2001,35,13.55,36.97
140324,Active,174847,NA,NA,D,0,0,1256944.34,30.99,2005,43,4,22.97
140325,Active,897633,NA,NA,D,0,0,1761291.729,33.95,1990,15,4.77,356.53
140326,Active,1575381,NA,NA,D,0,0,813194.2213,44.95,2009,25,19.43,49.7
140327,Active,2725455,NA,NA,S,1,0,421044.7913,40,2003,21,12.73,58.99
140328,Active,704288,NA,NA,D,5,1,217255.8538,22.99,2005,59,4,11.98
140329,Active,107111,NA,NA,D,4,1,711991.8025,30.25,1999,43,4,12.08
140330,Active,703512,NA,NA,D,4,1,751018.2538,47,1999,71,4,15.99
140331,Active,298582,NA,NA,S,7,1,1480215.631,136,2007,25,4,15.98
140332,Active,775965,NA,NA,D,3,1,704778.3763,43.95,2008,55,6.69,16.9
140333,Active,2660453,NA,NA,S,0,0,215061.975,50,1997,49,4,38.69
140334,Active,2190849,NA,NA,D,0,0,838699.4613,69.95,2012,14,59.44,46.96
140335,Active,329761,NA,NA,D,0,0,516072.2538,54.99,2004,39,4,11.49
140336,Active,120519,NA,NA,D,1,0,69913.2075,80,2002,49,27.34,52.98
140337,Active,111981,NA,NA,D,24,1,1295021.82,13.62,2011,38,4,23.99
140338,Active,532861,NA,NA,D,25,1,810721.2513,55.75,2012,39,4,31.98
140339,Active,1533845,NA,NA,D,0,0,319808.6325,89.99,2007,30,30.77,48.72
140340,Active,57091,NA,NA,D,2,1,489618.0988,86.95,2009,57,4.36,18.62
140341,Active,538892,NA,NA,D,26,1,692732.1975,55.75,2013,80,4,40.61
140342,Active,222191,NA,NA,D,6,1,1684147.235,50,2006,39,3.99,17.99
140343,Active,609367,NA,NA,D,3,1,1624528.696,85,2006,37,4,44.45
140344,Active,222285,NA,NA,D,4,1,112206.9975,110,2011,56,5.78,18.15
140345,Active,544855,NA,NA,D,5,1,363203.4038,195.95,2005,39,13.58,49.09
140346,Active,631165,NA,NA,D,4,1,550915.7925,49.95,2003,28,7.77,56.27
140347,Active,245134,NA,NA,D,4,1,1118022.316,212.95,2005,21,20.93,73.07
140348,Active,262071,NA,NA,S,1,0,632214.7913,76.95,1997,27,4.07,13.31
140349,Active,904605,NA,NA,D,2,1,2795617.703,49,1987,18,11.68,75.77
140350,Active,200469,NA,NA,D,5,1,386144.3125,118.95,2009,48,6.63,22.98
140351,Active,200135,NA,NA,D,4,1,1967067.108,76.95,2006,47,4,28.98
140352,Active,293815,NA,NA,D,4,1,3199445.201,49.95,2004,38,4,7.57
140353,Active,200522,NA,NA,D,6,1,687228.5788,109.95,2010,70,4,33.17
140354,Active,533012,NA,NA,D,5,1,2530229.969,93.95,2007,41,4,6.47
140355,Active,217257,NA,NA,D,2,1,202337.5388,33,2004,117,3.73,10.72
140356,Active,640053,NA,NA,D,1,0,1259658.676,49.95,2006,45,9.61,39.27
140357,Active,905668,NA,NA,D,0,0,930204.9788,105,1980,36,26.54,85.09
140358,Active,120111,NA,NA,D,3,1,2155876.764,94,1997,24,4,58.41
140359,Active,104408,NA,NA,D,2,1,1065084.081,58.98,1999,28,4.78,58.99
140360,Active,202523,NA,NA,D,3,1,490964.125,48.99,2001,46,4,44.87
140361,Active,917549,NA,NA,D,7,1,1116100.38,50.74,1993,38,4.18,41.98
140362,Active,3786525,NA,NA,S,3,1,999001.45,148.95,1999,36,23.85,73.99
140363,Active,2340142,NA,NA,D,2,1,1224244.245,152.25,1982,30,13.03,70.29
140364,Active,608105,NA,NA,S,3,1,891410.28,77.95,1999,38,5.39,54.83
140365,Active,3565160,NA,NA,D,2,1,8476853.25,89.95,2002,23,6.39,49.99
140366,Active,909424,NA,NA,D,3,1,3108425.144,235,1992,25,9.24,53.35
140367,Active,105961,NA,NA,D,5,1,697782.4225,20.96,2004,78,4,28.31
140368,Active,277752,NA,NA,D,1,0,503197.95,34.99,2006,43,4,7.99
140369,Active,608143,NA,NA,D,6,1,1323911.321,44.95,2002,38,4,19.86
140370,Active,2609573,NA,NA,D,0,0,294473.0975,59.99,1998,35,6.78,37.97
140371,Active,58381,NA,NA,D,14,1,131595.2875,129,2010,49,63.92,123.98
140372,Active,56519,NA,NA,D,2,1,131825.4488,44.95,2004,29,19,64.99
140373,Active,146696,NA,NA,D,4,1,835946.3625,253.4,2011,22,10.71,195
140374,Active,182625,NA,NA,D,0,0,288956.2313,149.7,2001,150,4,11.42
140375,Active,2375711,NA,NA,D,0,0,435306.2725,107.48,2004,20,7.23,89.8
140376,Active,146673,NA,NA,D,4,1,533727.5038,261.6,2011,26,7.39,503.99
140377,Active,572045,NA,NA,D,6,1,2054039.396,161.56,2003,27,6.23,23.47
140378,Active,764066,NA,NA,S,1,0,850513.6613,127.95,2000,52,4.35,40.71
140379,Active,870445,NA,NA,S,2,1,267324.9063,163.75,2009,34,29.57,75.98
140380,Active,532998,NA,NA,S,5,1,360556.9913,247.6,2012,35,24.52,200.73
140381,Active,144569,NA,NA,D,2,1,798906.6038,144,2004,24,5.38,28.98
140382,Active,536606,NA,NA,D,4,1,61064.4825,208.67,2009,103,17.43,52.99
140383,Active,115639,NA,NA,D,2,1,703978.6175,128,2003,64,4.28,41.44
140384,Active,183425,NA,NA,D,7,1,93539.55,327.95,2006,66,17.14,43.94
140385,Active,53900,NA,NA,S,8,1,61051.1375,181.33,2007,52,37.28,77.02
140386,Active,162415,NA,NA,D,2,1,165048.1688,156.53,2009,31,32.64,48.99
140387,Active,860591,NA,NA,D,6,1,515088.9775,275.2,2012,33,53.69,178.95
140388,Active,116937,NA,NA,D,4,1,314513.4963,153.33,2005,39,7.44,84.31
140389,Active,53899,NA,NA,D,7,1,60474.83,144,2004,114,4.46,25.36
140390,Active,845983,NA,NA,D,0,0,630987.3488,81.16,1992,47,12.78,73.92
140391,Active,847489,NA,NA,D,0,0,86989.5725,88.6,1996,40,13.33,87.56
140392,Active,54141,NA,NA,S,12,1,69000.585,347.95,2009,67,22.48,49.88
140393,Active,54143,NA,NA,D,11,1,156631.675,398.95,2004,33,5.88,43.99
140394,Active,540551,NA,NA,D,4,1,663745.8038,198.67,2009,31,27.7,175.95
140395,Active,870052,NA,NA,D,3,1,1620308.193,126.6,2012,14,9.32,73.29
140396,Active,560870,NA,NA,D,3,1,1416690.026,176,2005,43,5.98,123.31
140397,Active,872970,NA,NA,D,2,1,9240364.005,0,2007,14,4,33.99
140398,Active,536519,NA,NA,S,7,1,486986.1963,240.4,2012,27,17.58,217.17
140399,Active,116436,NA,NA,D,2,1,3930209.303,127.6,2003,23,4.65,104.03
140400,Active,621933,NA,NA,D,7,1,573827.3425,240.4,2011,20,14.53,133.99
140401,Active,763803,NA,NA,D,5,1,5340418.754,68.95,1999,23,4.54,51.79
140402,Active,764474,NA,NA,D,6,1,8921097.243,119.95,2001,11,4.04,25.99
140403,Active,144604,NA,NA,S,5,1,2303743.684,130.67,2003,42,4,26.48
140404,Active,691856,NA,NA,D,4,1,2028519.824,106.95,1998,26,4,73.05
140405,Active,2604804,NA,NA,D,1,0,1480488.893,125,2003,38,41.62,88.81
140406,Active,2502796,NA,NA,D,0,0,475125.7388,79.99,1995,27,32.47,54.98
140407,Active,636863,NA,NA,D,3,1,1346962.26,67.95,2001,22,39.19,0
140408,Active,3484611,NA,NA,D,2,1,2140209.1,78,1992,47,4,39.98
140409,Active,1615840,NA,NA,D,1,0,375881.4325,49.99,2008,24,6.02,30.47
140410,Active,2427190,NA,NA,D,2,1,1442429.273,64.99,1992,60,4,18.98
140411,Active,918605,NA,NA,D,1,0,1065942.371,169.95,2011,54,4,43.99
140412,Active,617997,NA,NA,D,1,0,560771.4513,55.95,2006,63,4,27.04
140413,Active,3569257,NA,NA,D,4,1,3773695.25,95,2001,21,4,57.75
140414,Active,645186,NA,NA,D,3,1,2433697.983,160,2006,18,4.38,54.69
140415,Active,766620,NA,NA,D,1,0,2344544.124,94.95,1997,22,6.97,70.99
140416,Active,52042,NA,NA,D,4,1,1123685.659,89.4,2005,78,4,8.99
140417,Active,52040,NA,NA,D,5,1,671717.765,92,2008,93,4.13,35.99
140418,Active,133095,NA,NA,D,5,1,1363058.464,64.2,2009,55,4,25.51
140419,Active,55586,NA,NA,D,5,1,1238151.868,113.33,2009,38,4,137.33
140420,Active,533410,NA,NA,D,5,1,1909175.561,119.67,2012,30,5.98,72.49
140421,Active,607818,NA,NA,D,3,1,996555.4713,39,2008,37,3.43,39.11
140422,Active,369491,NA,NA,D,2,1,1970491.371,79.95,2006,28,4,38.35
140423,Active,859347,NA,NA,D,0,0,156347.0138,87.3,2006,25,43.94,63.96
140424,Active,563618,NA,NA,D,9,1,28185.23625,87.5,2012,82,23.42,66.31
140425,Active,569819,NA,NA,D,4,1,408803.2563,172.95,2006,45,4.99,65.41
140426,Active,560102,NA,NA,D,9,1,73169.4425,28.86,2011,36,12.9,73.61
140427,Active,288290,NA,NA,D,7,1,1852720.653,5.97,2007,80,4,4.27
140428,Active,184467,NA,NA,D,1,0,376642.4663,39.95,2003,59,4.35,18.92
140429,Active,52737,NA,NA,S,8,1,512810.1813,145.6,2006,47,6.25,60.41
140430,Active,145457,NA,NA,D,7,1,427556.3563,68.67,2006,47,4,45.4
140431,Active,132935,NA,NA,S,9,1,62313.47125,141,2010,52,18.02,62.81
140432,Active,108234,NA,NA,D,9,1,639854.2138,56.22,2002,37,4,36.29
140433,Active,532973,NA,NA,D,6,1,597331.2163,120.2,2007,31,4.44,46.09
140434,Active,576947,NA,NA,D,6,1,764327.1363,49.95,2008,33,4,59.79
140435,Active,699979,NA,NA,D,2,1,951354.1413,62.95,2002,55,4.49,11.95
140436,Active,2071579,NA,NA,D,0,0,680198.7063,39.95,2013,18,27.34,29.16
140437,Active,300398,NA,NA,D,4,1,561911.0275,169,2008,27,16.41,63.25
140438,Active,3048575,NA,NA,D,3,1,3565360.835,70,2003,22,7.94,21.98
140439,Active,268794,NA,NA,D,7,1,3056812.136,45,2007,19,4.35,44.49
140440,Active,900832,NA,NA,D,4,1,920263.5275,37,2013,40,5.97,16.98
140441,Active,423264,NA,NA,D,15,1,775240.5575,157.2,2007,47,4.09,30.94
140442,Active,116003,NA,NA,D,14,1,1069578.118,132.4,2004,44,4,15.94
140443,Active,2450657,NA,NA,D,4,1,7818371.05,53.95,1995,23,4.19,21.99
140444,Active,57758,NA,NA,D,7,1,361772.2388,105.95,2006,26,4.14,22.98
140445,Active,57760,NA,NA,D,8,1,308885.6675,95,2009,40,4.88,38.94
140446,Active,268832,NA,NA,D,9,1,1087150.338,57,2011,27,4,15.24
140447,Active,639029,NA,NA,D,8,1,1055341.669,52,2009,20,7.47,33.94
140448,Active,57763,NA,NA,D,8,1,189632.3013,105,2009,31,6.48,38.99
140449,Active,57764,NA,NA,D,7,1,1554858.45,105.95,2006,29,4.09,53.98
140450,Active,544184,NA,NA,D,10,1,12185.83375,256.95,2012,177,6.48,36.84
140451,Active,52799,NA,NA,D,7,1,1155191.125,157.95,2005,93,3.87,6.94
140452,Active,2265086,NA,NA,S,10,1,138385.3988,65.32,2012,31,9.77,48
140453,Active,52798,NA,NA,D,8,1,600011.9225,310.95,2008,131,4,13.89
140454,Active,129387,NA,NA,D,1,0,595847.9175,99.95,2011,37,33.09,98.65
140455,Active,433374,NA,NA,D,9,1,1674698.601,173,2010,29,4.93,33.99
140456,Active,541451,NA,NA,D,3,1,423225.6388,49.95,2011,36,26.68,40.75
140457,Active,157264,NA,NA,D,2,1,1639118.933,41.95,2006,21,4.28,35.98
140458,Active,109357,NA,NA,D,8,1,920255.5025,25.15,2006,33,4,44.89
140459,Active,53376,NA,NA,D,9,1,476874.4013,33.96,2008,56,4.17,33.87
140460,Active,279154,NA,NA,D,5,1,2518655.251,39.95,2006,33,4,4
140461,Active,534713,NA,NA,D,7,1,89391.7525,53,2012,66,7.4,28.97
140462,Active,229189,NA,NA,D,6,1,454186.05,39.95,2009,68,4,8.49
140463,Active,2257779,NA,NA,D,2,1,2372295.536,72.54,2011,42,6.22,27.69
140464,Active,111227,NA,NA,S,2,1,401242.1925,48.92,2010,35,6.17,31.44
140465,Active,132459,NA,NA,D,3,1,1984735.774,65.33,2007,34,3.99,45.99
140466,Active,51993,NA,NA,D,2,1,1945675.816,58.4,2005,36,4,17.49
140467,Active,61175,NA,NA,D,2,1,1024823.818,43.8,2005,40,4.28,9.76
140468,Active,627782,NA,NA,D,1,0,10408.69,69.95,1967,35,38.99,58.44
140469,Active,129389,NA,NA,D,6,1,285772.8588,72.95,2010,55,4.87,56.61
140470,Active,108401,NA,NA,D,3,1,2391391.111,40.96,2003,30,4,37.08
140471,Active,108060,NA,NA,D,3,1,629204.6775,33.99,2003,44,4,32.48
140472,Active,158194,NA,NA,D,4,1,103599.775,79.95,2008,36,11.88,34.95
140473,Active,232349,NA,NA,D,0,0,2504552.358,25.95,1996,25,4,9.74
140474,Active,105773,NA,NA,D,14,1,734641.3638,94,2002,27,26.06,63.99
140475,Active,910332,NA,NA,S,0,0,616143.7275,46.95,1999,33,4,46
140476,Active,246321,NA,NA,D,2,1,448444.37,53.95,2005,90,4,16.5
140477,Active,107183,NA,NA,D,5,1,686614.04,94.75,2000,42,3.99,5.01
140478,Active,154423,NA,NA,D,2,1,460401.1363,67.75,2003,32,4.77,7.66
140479,Active,633793,NA,NA,D,1,0,614883.715,96.8,2012,34,9.99,75.66
140480,Active,279152,NA,NA,D,17,1,540591.5138,49.95,2006,49,4,13.99
140481,Active,229188,NA,NA,D,18,1,643629.3775,49.95,2009,65,4,23.27
140482,Active,534714,NA,NA,D,19,1,55770.58,65,2012,64,7.49,45.17
140483,Active,457860,NA,NA,D,7,1,467719.9638,135.95,2009,27,12.82,58.23
140484,Active,608769,NA,NA,D,6,1,1043688.896,149.95,2004,29,4,18.36
140485,Active,858283,NA,NA,D,44,1,703248.58,59.75,2014,43,4,28.38
140486,Active,538897,NA,NA,D,43,1,1113296.634,54.25,2013,42,3.87,21.99
140487,Active,911695,NA,NA,D,0,0,564319.4925,174.95,2007,24,31.78,37.77
140488,Active,455557,NA,NA,D,1,0,1102430.508,168.95,2010,38,4,51.98
140489,Active,544353,NA,NA,D,16,1,76133.83,169.95,2013,88,5.75,32.82
140490,Active,169764,NA,NA,D,14,1,975895.1513,272.95,2008,76,4,16.39
140491,Active,290983,NA,NA,S,15,1,291706.9063,225.95,2011,41,4.97,48.99
140492,Active,909214,NA,NA,S,0,0,906914.2063,40.06,2011,52,5.59,13.7
140493,Active,51084,NA,NA,D,14,1,1237316.995,183.95,2008,71,4,67.64
140494,Active,535408,NA,NA,S,17,1,12554.36625,141.95,2013,87,21.91,66.32
140495,Active,170150,NA,NA,S,10,1,62968.025,176.95,2011,69,10.02,38.99
140496,Active,535467,NA,NA,D,11,1,41788.23625,160.95,2013,68,9.72,98.99
140497,Active,532953,NA,NA,D,8,1,1716312.7,139.95,2007,22,4,15.94
140498,Active,133258,NA,NA,D,13,1,75237.8475,107.8,2010,46,6.88,40.99
140499,Active,183303,NA,NA,D,10,1,214370.1563,269.95,2005,73,4.99,58.37
140500,Active,56744,NA,NA,D,11,1,360264.1388,28.98,2009,68,4,32.18
140501,Active,153342,NA,NA,D,11,1,996627.7775,9.58,2010,51,3.92,13.98
140502,Active,153340,NA,NA,D,11,1,274881.8988,28.99,2010,66,4.2,23.98
140503,Active,56741,NA,NA,D,10,1,415964.915,90,2007,41,4.43,27.79
140504,Active,133422,NA,NA,S,10,1,184170.73,171.8,2011,45,5.44,42.95
140505,Active,56105,NA,NA,D,9,1,612270.9938,138.8,2007,46,5.08,24.9
140506,Active,56104,NA,NA,D,11,1,53246.70375,188.2,2011,71,7.07,28.99
140507,Active,53095,NA,NA,D,10,1,258762.7838,195.95,2005,28,4.4,42.55
140508,Active,633734,NA,NA,D,4,1,181115.4688,80.95,2013,60,8.98,24.21
140509,Active,536159,NA,NA,D,5,1,7290.29125,7.99,2012,40,4.23,6.79
140510,Active,209533,NA,NA,D,2,1,627604.6738,30,2005,68,4,5.69
140511,Active,209653,NA,NA,D,3,1,44402.6075,29.95,2011,43,14.87,21.92
140512,Active,110015,NA,NA,D,12,1,2271850.541,9.99,2007,33,4.27,43.99
140513,Active,556487,NA,NA,D,1,0,96065.16875,49.95,2012,88,5.08,15.97
140514,Active,555743,NA,NA,D,1,0,278311.8325,99.95,2012,68,5.49,26.77
140515,Active,206497,NA,NA,D,0,0,99538.9575,80,1997,67,7.71,57.94
140516,Active,143618,NA,NA,D,2,1,355408.955,207,2010,43,9.27,100.45
140517,Active,288432,NA,NA,D,5,1,487704.865,43,2009,31,6.83,24.93
140518,Active,142912,NA,NA,D,4,1,1438990.031,30,2004,29,3.99,7.08
140519,Active,195105,NA,NA,D,2,1,921314.65,49,2006,58,3.99,13.84
140520,Active,607371,NA,NA,D,4,1,728004.5125,77.8,2004,46,4,43.34
140521,Active,287404,NA,NA,D,6,1,829925.1088,104,2010,36,7.51,44.6
140522,Active,552580,NA,NA,D,4,1,408238.4988,86.67,2006,53,4,53.9
140523,Active,100794,NA,NA,S,0,0,717531.3775,155.25,2000,83,5.98,15.13
140524,Active,707996,NA,NA,D,4,1,558063.47,120.5,2004,46,13.88,23.99
140525,Active,120359,NA,NA,S,1,0,595279.3613,56.8,2007,25,6.38,280.39
140526,Active,610415,NA,NA,S,7,1,30824.1625,118.4,2013,58,20.1,75.29
140527,Active,428497,NA,NA,D,6,1,4422720.73,106.47,2009,16,63.74,106.47
140528,Active,144454,NA,NA,D,1,0,112169.8425,57.8,2004,50,4.48,53.94
140529,Active,2408393,NA,NA,D,1,0,1762575.06,110,2001,28,23.12,64.67
140530,Active,615679,NA,NA,D,1,0,750207.555,149.1,2001,55,4.14,24.97
140531,Active,288635,NA,NA,D,12,1,834302.6513,99,2006,31,4,45.95
140532,Active,54193,NA,NA,D,12,1,813561.5438,98.67,2005,32,4,268.91
140533,Active,170131,NA,NA,D,14,1,762493.4388,84.95,2010,42,4.44,67.33
140534,Active,60056,NA,NA,D,3,1,598786.52,101.95,2006,36,4.98,49.75
140535,Active,169290,NA,NA,D,3,1,2203486.914,128.95,2006,43,4.94,46.05
140536,Active,183694,NA,NA,D,3,1,1599871.413,81.95,2006,35,4,17.27
140537,Active,183695,NA,NA,D,3,1,2664303.706,242.95,2006,18,5.13,60.16
140538,Active,169300,NA,NA,D,3,1,1297378.194,102.95,2006,17,4,67.52
140539,Active,772941,NA,NA,D,3,1,1232486.321,81.95,2006,41,4,28.25
140540,Active,765748,NA,NA,D,7,1,1898726.686,73.95,2003,26,4,15.99
140541,Active,289417,NA,NA,D,0,0,608843.505,13.94,2011,49,3.84,13.94
140542,Active,625649,NA,NA,D,0,0,237419.8238,18.99,2012,41,4.13,15.99
140543,Active,621586,NA,NA,D,3,1,362284.325,95.5,2013,55,4.81,15.99
140544,Active,154039,NA,NA,D,2,1,816291.945,23.07,2010,48,4,15.69
140545,Active,127012,NA,NA,D,1,0,197484.0275,65.95,2005,37,16.33,48.98
140546,Active,286951,NA,NA,D,0,0,719738.045,71.95,2002,62,4,23.26
140547,Active,734446,NA,NA,D,3,1,1025972.894,57.53,2006,37,4.47,45.01
140548,Active,141956,NA,NA,D,4,1,2176601.031,33.86,2008,19,8.14,19.54
140549,Active,560109,NA,NA,D,5,1,63616.00625,117.93,2012,85,6.32,53.99
140550,Active,54034,NA,NA,D,3,1,986500.0925,8.44,2004,119,4,17.99
140551,Active,610417,NA,NA,D,5,1,264817.4863,256.46,2012,82,4.62,45.49
140552,Active,560034,NA,NA,D,4,1,1462085.573,65.84,2008,30,4,50.11
140553,Active,734471,NA,NA,D,3,1,3827218.195,15.99,2005,19,7.16,68.94
140554,Active,144426,NA,NA,D,7,1,1701855.276,62,2004,34,4,9.76
140555,Active,169793,NA,NA,D,7,1,606940.4575,316.95,2008,24,61.24,132.98
140556,Active,167341,NA,NA,D,2,1,273862.3113,84.75,2006,39,6.53,58.23
140557,Active,166598,NA,NA,D,2,1,656729.8175,23.94,2006,66,4.13,38.49
140558,Active,707305,NA,NA,D,1,0,759727.6025,129,2002,39,7.06,45.39
140559,Active,707998,NA,NA,D,2,1,377179.43,114,2004,52,6.02,33.94
140560,Active,724220,NA,NA,D,1,0,948421.05,44.95,2009,14,36.85,36.95
140561,Active,195167,NA,NA,D,4,1,472347.7625,55,2008,27,19.98,30.98
140562,Active,608841,NA,NA,D,8,1,2585687.003,119.95,1993,36,4.45,48.6
140563,Active,872316,NA,NA,D,2,1,1899107.121,78.87,2011,24,4,41.68
140564,Active,537102,NA,NA,D,2,1,1062271.49,78.87,2011,22,9.09,63.99
140565,Active,145459,NA,NA,D,3,1,498163.2575,46.67,2006,65,4,22.39
140566,Active,544182,NA,NA,D,13,1,79527.09625,256.95,2012,98,7.99,38.93
140567,Active,606974,NA,NA,D,11,1,1622484.05,176.33,1900,26,4.13,57.87
140568,Active,144505,NA,NA,D,4,1,1504735.31,69.6,2005,23,4.27,7.98
140569,Active,707948,NA,NA,D,0,0,434812.2875,124.5,2004,38,13.07,43.98
140570,Active,116896,NA,NA,D,3,1,218192.3575,43.99,2005,87,5,15
140571,Active,52861,NA,NA,D,10,1,75213.41625,237.95,2010,117,9.07,28.49
140572,Active,624184,NA,NA,D,2,1,523155.83,55,2003,37,4,8.44
140573,Active,141544,NA,NA,S,7,1,185582.61,182.75,2011,56,14.54,29.77
140574,Active,55147,NA,NA,D,5,1,1251496.94,8.7,2003,56,4,7.27
140575,Active,735790,NA,NA,D,7,1,2989774.471,99.5,2011,14,5.74,10.97
140576,Active,1556512,NA,NA,D,0,0,1462150.978,35.95,2013,20,28.49,32.28
140577,Active,717996,NA,NA,D,1,0,1251214.394,120,1998,30,4,45.46
140578,Active,544478,NA,NA,S,8,1,39509.79375,155.95,2013,84,10.93,54.8
140579,Active,256304,NA,NA,D,3,1,506486.6875,39.95,2004,40,4.17,34.65
140580,Active,405217,NA,NA,D,1,0,114743.6163,45,2008,43,16.75,31.01
140581,Active,899861,NA,NA,D,3,1,4732469.979,87.95,2003,21,6.73,32.13
140582,Active,2940355,NA,NA,D,3,1,3743764.299,60.95,2003,18,4.73,28.01
140583,Active,3021535,NA,NA,D,0,0,410128.8588,45.95,1995,24,41.86,43.17
140584,Active,113766,NA,NA,D,0,0,1362027.346,70.4,1999,57,4,4.03
140585,Active,545777,NA,NA,D,0,0,715491.255,77,2012,28,21.58,0
140586,Active,2679938,NA,NA,D,3,1,1769921.869,250,1988,17,10.32,69.33
140587,Active,163807,NA,NA,S,1,0,744100.1388,115,1996,30,6.67,27.71
140588,Active,1587030,NA,NA,D,1,0,1216468.126,34.99,2010,23,9.08,18.41
140589,Active,543755,NA,NA,D,3,1,1801362.845,153.95,2008,14,39.08,86.58
140590,Active,154295,NA,NA,S,0,0,1102138.284,68.99,2001,27,4.96,45.01
140591,Active,2621871,NA,NA,D,2,1,1164924.1,112.95,1994,19,11.95,72.87
140592,Active,908491,NA,NA,D,0,0,2022205.015,225.16,1972,23,8.92,79.42
140593,Active,225002,NA,NA,D,2,1,157952.4688,22.99,1995,46,4,38.71
140594,Active,136685,NA,NA,S,1,0,232189.6113,71,2004,39,25.97,34
140595,Active,262747,NA,NA,D,2,1,305264.2025,66.95,2008,31,21.45,0
140596,Active,545177,NA,NA,S,4,1,26362.57625,228,2012,63,40.62,106.01
140597,Active,58158,NA,NA,D,2,1,1103923.24,183.99,2005,16,6.42,38.99
140598,Active,333087,NA,NA,D,4,1,652361.5,47.95,2003,16,4.24,23.99
140599,Active,368646,NA,NA,D,7,1,1980049.97,25.8,2001,44,4,7.73
140600,Active,410076,NA,NA,D,2,1,1222201.856,75,2009,25,25.64,65.11
140601,Active,114314,NA,NA,D,4,1,907213.66,41.2,2001,37,4,25.93
140602,Active,105261,NA,NA,D,2,1,3078018.855,153.56,2000,16,24.22,84.95
140603,Active,152292,NA,NA,D,2,1,984350.8813,159,2007,23,113.94,118.94
140604,Active,149393,NA,NA,D,3,1,1296221.006,79.95,2003,13,10.58,56.36
140605,Active,867449,NA,NA,S,2,1,215626.5125,126.95,2013,24,40.01,73.83
140606,Active,248385,NA,NA,D,6,1,406635.9375,149.95,2006,42,4,18.98
140607,Active,156967,NA,NA,D,2,1,561114.385,48.95,2004,37,4,14.35
140608,Active,157200,NA,NA,D,2,1,444339.8163,39.95,2005,32,4.22,57.15
140609,Active,2579009,NA,NA,D,1,0,1019319.504,140,1975,43,5.92,72.05
140610,Active,149593,NA,NA,D,7,1,1628048.789,37.95,2003,25,4,26.84
140611,Active,872948,NA,NA,D,2,1,984797.6063,71.87,2009,14,27.89,56.98
140612,Active,134831,NA,NA,D,5,1,2413323.858,60,2007,30,4.01,8.94
140613,Active,133410,NA,NA,S,7,1,32204.17625,186.2,2011,93,48.98,164.6
140614,Active,534770,NA,NA,D,9,1,48805.97,152.95,2012,85,19.92,43.99
140615,Active,200488,NA,NA,D,8,1,474609.2913,133.95,2009,97,4.44,25.68
140616,Active,2225568,NA,NA,S,2,1,109233.9713,21.96,2011,14,18.99,20.86
140617,Active,52604,NA,NA,D,5,1,424421.23,111.95,2005,54,4,7.72
140618,Active,163226,NA,NA,D,2,1,3189877.548,65,2006,17,4.83,23.89
140619,Active,404899,NA,NA,D,0,0,642766.1425,79.95,1997,35,29.94,49.05
140620,Active,174385,NA,NA,D,1,0,625965.5688,59.99,2006,53,4.76,23.98
140621,Active,293186,NA,NA,D,3,1,703260.03,43,2003,37,4,78.6
140622,Active,333675,NA,NA,D,0,0,166922.0538,54.95,2008,24,18.14,98.45
140623,Active,128758,NA,NA,D,4,1,319359.7825,67.99,2009,36,8.67,32.66
140624,Active,132312,NA,NA,D,4,1,372367.9438,68.8,2007,60,4,14.95
140625,Active,2577900,NA,NA,D,2,1,2425869.575,162,1984,25,4.13,63.53
140626,Active,391970,NA,NA,D,2,1,2563123.809,96.95,2005,14,25.94,28.26
140627,Active,319916,NA,NA,D,2,1,5569051.52,110,2001,15,4.86,43.18
140628,Active,914863,NA,NA,D,3,1,382684.99,50,1993,31,20.26,50.49
140629,Active,355482,NA,NA,D,2,1,4294520.898,54.95,1995,23,4.52,48.58
140630,Active,878094,NA,NA,S,12,1,238643.745,130.12,2005,24,8.51,62.41
140631,Active,56507,NA,NA,D,5,1,228526.5713,200.95,2009,55,4,21.87
140632,Active,246843,NA,NA,D,2,1,516895.9538,57.95,2009,27,6.48,61.49
140633,Active,393649,NA,NA,D,4,1,362037.18,85,2009,16,10.14,53.98
140634,Active,149641,NA,NA,D,5,1,2888397.823,51.95,2006,13,4.76,57.43
140635,Active,172366,NA,NA,D,2,1,2112267.126,75,2002,22,20.84,66.79
140636,Active,246731,NA,NA,D,6,1,198935.3725,50.95,2009,81,7.24,38.03
140637,Active,299715,NA,NA,D,2,1,447083.1338,43.95,2009,35,6.62,15.99
140638,Active,113496,NA,NA,D,3,1,621521.11,101,1998,23,7.75,152.36
140639,Active,246307,NA,NA,D,1,0,240161.4038,50.95,2007,52,5.04,63.83
140640,Active,100331,NA,NA,D,2,1,3411748.836,102.2,1996,18,4,13.99
140641,Active,328175,NA,NA,D,2,1,3542012.245,134,2008,18,5.91,36.59
140642,Active,219645,NA,NA,D,1,0,378867.0288,109,1996,25,5.06,38.99
140643,Active,291385,NA,NA,D,0,0,1322869.124,34.99,2003,26,6.77,52.85
140644,Active,201793,NA,NA,D,3,1,197158.5238,49.95,2010,49,20.93,53.81
140645,Active,898676,NA,NA,D,2,1,633003.3588,66.07,2006,40,5.59,45.53
140646,Active,366650,NA,NA,D,2,1,569217.8675,49.95,2005,63,4,28.99
140647,Active,113332,NA,NA,D,5,1,485528.305,64.95,2003,18,6.39,51.48
140648,Active,181237,NA,NA,D,2,1,414262.0563,178,1996,34,28.77,73.37
140649,Active,50573,NA,NA,D,6,1,1969469.973,103.6,2000,38,4,6.95
140650,Active,3468277,NA,NA,D,7,1,3018591.25,216.9,2003,22,4.31,58.62
140651,Active,108083,NA,NA,D,9,1,2029139.601,156.95,2006,24,4.47,41.99
140652,Active,204137,NA,NA,D,3,1,675196.3463,67.99,2009,86,4,44.63
140653,Active,161485,NA,NA,D,4,1,3668302.313,55,2006,14,15.29,61.19
140654,Active,152949,NA,NA,D,1,0,305850.9563,69.99,2004,28,31.08,43.99
140655,Active,664597,NA,NA,S,16,1,14344.33875,213.95,2014,68,35.29,82.99
140656,Active,544800,NA,NA,S,8,1,574882.3513,155.95,2013,51,14.44,53.99
140657,Active,52415,NA,NA,D,13,1,531298.1088,151.95,2008,83,4,16.38
140658,Active,247675,NA,NA,D,2,1,528330.2288,64,2009,50,36.19,126.77
140659,Active,195864,NA,NA,D,1,0,1481462.24,27.95,2008,23,7.98,22.63
140660,Active,148931,NA,NA,D,2,1,101725.6025,36.88,2006,65,4,21.97
140661,Active,902762,NA,NA,D,8,1,331269.9263,37.3,1994,25,7.75,49.73
140662,Active,347429,NA,NA,D,1,0,2222832.053,120,2001,31,6.3,73.87
140663,Active,317425,NA,NA,D,1,0,1266795.753,108,2008,22,9.85,58.83
140664,Active,444576,NA,NA,D,4,1,2342556.109,129.95,2009,19,5.88,47.67
140665,Active,163953,NA,NA,D,1,0,300109.3488,57.55,1996,28,9.25,53.98
140666,Active,650075,NA,NA,D,3,1,1197257.791,45.99,2010,25,11.86,34.73
140667,Active,905809,NA,NA,D,4,1,2023629.236,291.39,2005,16,10.72,73.33
140668,Active,2337611,NA,NA,D,2,1,2674589.15,137.05,1988,37,4,29.87
140669,Active,2502476,NA,NA,D,0,0,1493681.91,89.95,2001,30,29.93,33.68
140670,Active,108318,NA,NA,D,6,1,926964.4225,31.99,2004,36,4,26.94
140671,Active,696931,NA,NA,D,5,1,4097725.588,53.43,2001,26,4,39.99
140672,Active,166857,NA,NA,D,2,1,1350657.549,80,2006,32,4.27,31.49
140673,Active,2614091,NA,NA,D,2,1,4193540.458,139.99,2003,19,28.98,53.32
140674,Active,542140,NA,NA,D,2,1,1362994.299,49.99,2003,46,7.09,38.49
140675,Active,127033,NA,NA,D,2,1,822068.4975,69.95,2006,26,7.44,55.39
140676,Active,2576100,NA,NA,D,3,1,4210689.773,53.37,1988,22,4.13,55.14
140677,Active,534097,NA,NA,D,2,1,1095633.858,82.67,1990,28,4.34,13.99
140678,Active,115246,NA,NA,D,3,1,635940.575,100,2000,20,4.66,73.89
140679,Active,2326378,NA,NA,D,6,1,3474894.126,126.95,1994,34,4,14.49
140680,Active,164309,NA,NA,D,6,1,585165.145,72.85,2003,66,14.89,54.75
140681,Active,259639,NA,NA,D,3,1,707795.7725,109.95,2002,28,21.22,74.76
140682,Active,121163,NA,NA,D,9,1,366993.1075,81.4,2010,29,10.34,36.99
140683,Active,213174,NA,NA,D,2,1,918220.0713,59.95,2005,38,4.68,43
140684,Active,613233,NA,NA,D,3,1,2217940.884,82.75,2004,60,4,8.98
140685,Active,178048,NA,NA,D,3,1,454289.0988,133.95,2004,45,3.99,10.72
140686,Active,204125,NA,NA,D,6,1,76187.53125,78.95,2006,67,18.97,63.48
140687,Active,609152,NA,NA,S,5,1,368753.2838,74.95,2002,42,7.33,60.86
140688,Active,435268,NA,NA,S,8,1,50908.89625,196,2012,101,20.54,46.39
140689,Active,110114,NA,NA,S,6,1,3976.72125,97.26,2011,363,13.11,53.99
140690,Active,612936,NA,NA,D,4,1,468116.85,34.06,2007,100,4,33.98
140691,Active,50328,NA,NA,D,4,1,408130.8538,56.03,2006,146,4.9,49.61
140692,Active,288838,NA,NA,D,7,1,69397.95625,182.95,2009,69,15.98,63.99
140693,Active,146173,NA,NA,D,4,1,784656.775,214.2,2010,25,16.87,582.98
140694,Active,594636,NA,NA,D,1,0,809078.2075,85.95,2011,53,4.98,21.09
140695,Active,243940,NA,NA,D,4,1,689352.605,286.95,2009,21,24.94,76.34
140696,Active,58337,NA,NA,D,3,1,344668.0275,302.95,2005,85,5.48,33.89
140697,Active,58340,NA,NA,S,2,1,1124801.163,194.95,1999,55,4,42.51
140698,Active,110604,NA,NA,D,5,1,227778.7725,57.97,2009,123,8.94,35.49
140699,Active,111078,NA,NA,D,5,1,2255624.509,62.67,2009,22,4,37.41
140700,Active,110603,NA,NA,D,5,1,2578737.838,48.99,2009,22,0.27,43.89
140701,Active,292900,NA,NA,D,5,1,471535.6338,177.25,1999,41,4.78,81.58
140702,Active,294192,NA,NA,D,1,0,245757.8063,48.99,2008,60,4.49,21.2
140703,Active,893755,NA,NA,D,13,1,2686890.831,83.95,2007,16,14.21,43.73
140704,Active,613836,NA,NA,S,1,0,471540.18,47.75,2006,41,4.49,5.87
140705,Active,60079,NA,NA,D,4,1,973126.5213,156.6,2006,100,3.91,25.33
140706,Active,591643,NA,NA,D,2,1,4314134.523,42.95,2006,19,4.71,9.68
140707,Active,2940356,NA,NA,D,8,1,2051766.318,215.95,2004,22,43.64,93.29
140708,Active,903223,NA,NA,D,2,1,4073860.549,103.95,2004,19,4.96,27.98
140709,Active,256635,NA,NA,S,0,0,873737.065,34,1996,33,4,26.88
140710,Active,141661,NA,NA,D,5,1,355208.93,29.53,2004,55,4,11.49
140711,Active,603016,NA,NA,D,1,0,278010.13,44.95,2010,24,20.92,47.3
140712,Active,541613,NA,NA,D,2,1,419060.8538,66.95,2008,41,42.32,148.32
140713,Active,159416,NA,NA,S,1,0,263704.8163,66.95,2001,33,18.95,95.99
140714,Active,156781,NA,NA,D,2,1,1208177.783,49.95,2000,31,4,27.02
140715,Active,718218,NA,NA,S,1,0,139277.22,53,1999,81,4,13.98
140716,Active,906250,NA,NA,D,0,0,4330750.511,40.95,2003,20,4,12.24
140717,Active,115114,NA,NA,D,2,1,482251.185,81.4,1999,42,4,49.83
140718,Active,118443,NA,NA,D,3,1,403577.5325,120,2006,24,4.39,17.98
140719,Active,428545,NA,NA,D,4,1,598786.4813,141,2009,37,7.17,62.83
140720,Active,914355,NA,NA,D,1,0,466724.8088,42.95,2005,27,18.29,70.33
140721,Active,170470,NA,NA,D,0,0,305422.4938,26.97,2009,33,5.79,22
140722,Active,117600,NA,NA,D,1,0,110730.7025,166.2,2008,153,4,8.45
140723,Active,532882,NA,NA,D,2,1,31163.22625,225.4,2012,105,10.73,38.98
140724,Active,623797,NA,NA,D,2,1,81957.4875,110,2012,45,15.48,50.83
140725,Active,192531,NA,NA,D,10,1,574191.2463,239,2006,16,15.19,92.29
140726,Active,866850,NA,NA,D,2,1,608217.5788,44.99,2014,30,4.09,20.99
140727,Active,118260,NA,NA,D,1,0,764778.1975,49.99,2011,53,4,12.61
140728,Active,637560,NA,NA,D,1,0,109771.8913,49.99,2013,99,9.41,14.93
140729,Active,657928,NA,NA,D,1,0,746818.4325,39.99,2013,22,13.02,25.94
140730,Active,2807452,NA,NA,D,0,0,54129.495,65,1990,75,15.28,63.98
140731,Active,218462,NA,NA,D,4,1,3799184.065,185,2001,15,6.44,20.94
140732,Active,1589352,NA,NA,D,2,1,3072775.814,99.99,2009,21,6.22,6.71
140733,Active,630898,NA,NA,D,0,0,2658734.485,109,2008,23,7.08,40.99
140734,Active,532876,NA,NA,D,4,1,190400.14,59.95,2010,40,14.4,27.99
140735,Active,701020,NA,NA,D,2,1,1722828.911,79,2005,28,6.54,56.37
140736,Active,634052,NA,NA,D,3,1,810007.0138,155,1971,40,6.97,47.99
140737,Active,583215,NA,NA,D,2,1,2544821.659,189.95,2000,18,39.83,153.87
140738,Active,1839586,NA,NA,D,2,1,1269096.22,49.99,2006,19,12.2,49.68
140739,Active,3544539,NA,NA,D,6,1,2906236,120,2002,17,6.24,60.43
140740,Active,52540,NA,NA,D,2,1,160125.705,124.95,2008,76,11.17,56.91
140741,Active,115047,NA,NA,D,6,1,347105.2988,123.33,2000,22,5.44,60.29
140742,Active,532860,NA,NA,D,41,1,977613.1488,53.25,2012,57,4,12.42
140743,Active,203631,NA,NA,D,8,1,592687.6663,67.95,2004,100,4,18.86
140744,Active,204032,NA,NA,D,9,1,92474.40875,72.99,2010,63,6.03,49.79
140745,Active,2338291,NA,NA,D,2,1,1354692.003,0,1984,29,20.94,44.99
140746,Active,660570,NA,NA,D,3,1,408307.76,125,1992,27,23.94,79.85
140747,Active,115079,NA,NA,D,7,1,2630154.438,65,1999,39,4,6.99
140748,Active,115080,NA,NA,D,7,1,421139.005,75.6,2000,60,4,7.77
140749,Active,125958,NA,NA,D,0,0,605083.905,82.95,2000,66,3,38.64
140750,Active,428480,NA,NA,D,3,1,401332.4013,80,2009,60,6.44,49.95
140751,Active,52629,NA,NA,D,5,1,750773.8575,79.95,2005,76,4,9.47
140752,Active,1822646,NA,NA,S,38,1,72266.07625,47.35,2014,33,19,28.99
140753,Active,133077,NA,NA,D,13,1,43834.0175,197.73,2010,80,33.68,225.55
140754,Active,537526,NA,NA,D,36,1,119525.0638,75.9,2012,56,10.5,40.99
140755,Active,544481,NA,NA,S,14,1,55126.29875,250.95,2013,126,23.96,51.99
140756,Active,53647,NA,NA,D,11,1,1394326.364,128.25,2005,57,4,11.99
140757,Active,184496,NA,NA,D,1,0,527008.8363,80.95,2006,34,8.83,44.34
140758,Active,184436,NA,NA,D,1,0,1065299.641,40.95,2002,34,3.98,18.78
140759,Active,643038,NA,NA,D,4,1,3146373.86,199,1996,15,32.48,46.99
140760,Active,631522,NA,NA,D,2,1,503356.0513,35.95,2011,23,9.27,31.98
140761,Active,703380,NA,NA,D,3,1,1384475.573,69,2006,29,4.31,22.05
140762,Active,2820023,NA,NA,D,3,1,3802922.829,99.99,2000,16,5.13,57.17
140763,Active,775393,NA,NA,D,6,1,1843398.921,40,2010,19,6.93,14.99
140764,Active,193301,NA,NA,D,6,1,486443.835,144,2004,34,7.72,28.99
140765,Active,270080,NA,NA,D,4,1,2129235.745,195,2008,26,10.29,56.29
140766,Active,636923,NA,NA,D,3,1,4302985.083,132,2005,20,6.97,33.99
140767,Active,616378,NA,NA,D,6,1,245830.005,174,2009,31,13.63,21.74
140768,Active,126529,NA,NA,D,4,1,1730114.014,62.95,2003,43,4,29.98
140769,Active,914997,NA,NA,D,2,1,379341.4575,131,2001,31,7.89,42.98
140770,Active,911566,NA,NA,D,0,0,242335.1,17.22,2013,27,9.76,0
140771,Active,919609,NA,NA,D,5,1,461702.6163,200.43,2011,29,19.4,79.98
140772,Active,200506,NA,NA,D,1,0,112544.0938,110.95,2011,42,8.69,90.94
140773,Active,908319,NA,NA,D,3,1,2144119.515,69.95,2004,26,4,10.34
140774,Active,778379,NA,NA,D,4,1,2508746.369,119.95,2005,27,4.21,31.99
140775,Active,1671135,NA,NA,D,4,1,1266666.904,204.95,2006,35,4.14,28.83
140776,Active,830923,NA,NA,D,4,1,1380679.063,66.1,2002,13,6.16,34
140777,Active,616188,NA,NA,D,1,0,521586.2525,54.99,2009,65,3.94,9.69
140778,Active,106556,NA,NA,D,9,1,598645.3438,55.95,2007,22,4,11.99
140779,Active,622615,NA,NA,D,2,1,683063.1163,47.4,2011,27,4.92,23.99
140780,Active,116876,NA,NA,D,5,1,2298929.656,74.4,2005,34,3.61,27.97
140781,Active,107942,NA,NA,D,3,1,461722.3088,56.85,2002,21,4.29,56.75
140782,Active,107275,NA,NA,D,3,1,300579.4125,104.59,2002,30,4,48
140783,Active,199156,NA,NA,D,2,1,497475.4363,47.95,2002,28,5.21,9.48
140784,Active,226099,NA,NA,D,2,1,868756.205,119.95,2008,16,51.79,80.42
140785,Active,2384872,NA,NA,D,4,1,1978471.339,101,1996,20,4.01,89.45
140786,Active,877234,NA,NA,D,6,1,3239932.211,67.66,2002,38,6.02,42.53
140787,Active,52632,NA,NA,D,8,1,90049.55,137.4,2008,61,25.48,53.75
140788,Active,752225,NA,NA,D,4,1,4264002.785,208.75,2009,22,5.51,12.7
140789,Active,572409,NA,NA,D,1,0,82026.07,306.95,2008,51,6.68,86.39
140790,Active,178739,NA,NA,D,9,1,55760.69125,274.95,2011,116,8.59,42.76
140791,Active,169676,NA,NA,D,8,1,154204.2713,290.95,2008,104,4,30.4
140792,Active,544396,NA,NA,S,9,1,83234.8775,335.95,2013,57,25.22,94.46
140793,Active,54882,NA,NA,D,7,1,1099243.554,325.95,2006,66,4,18.49
140794,Active,114987,NA,NA,D,2,1,1011430.013,125,2003,22,9.88,36.81
140795,Active,134892,NA,NA,D,2,1,607531.825,78,2011,20,23.46,53.98
140796,Active,667739,NA,NA,D,11,1,3330155.768,125,2007,17,9.23,72.95
140797,Active,2438649,NA,NA,D,10,1,8286764.329,95,2004,19,4.97,106.13
140798,Active,2367274,NA,NA,D,2,1,402838.5775,76.07,1977,30,4.4,51.91
140799,Active,342387,NA,NA,S,2,1,609302.4263,165,2000,55,13.53,48.14
140800,Active,167082,NA,NA,D,3,1,770455.4113,159,2006,30,21.91,65.93
140801,Active,259370,NA,NA,D,3,1,1575929.966,62.64,2002,24,4.12,31.46
140802,Active,629897,NA,NA,D,0,0,741513.5813,64.99,2007,28,31.06,43.32
140803,Active,115366,NA,NA,D,7,1,1522200.55,138.4,2003,20,4,68.98
140804,Active,895876,NA,NA,D,3,1,2145814.878,76.95,2000,12,6.39,76.95
140805,Active,2120071,NA,NA,D,2,1,1220185.018,53.95,2006,25,13.05,42.94
140806,Active,615780,NA,NA,D,1,0,641839.9175,82,2002,39,4,8.07
140807,Active,120845,NA,NA,S,10,1,37065.105,226.2,2011,63,41.25,117.99
140808,Active,120372,NA,NA,D,9,1,564628.7213,229.6,2008,51,8.16,56.75
140809,Active,875484,NA,NA,D,9,1,2023064.704,299.02,2009,20,11.84,67.9
140810,Active,3464086,NA,NA,D,2,1,7965308.95,37.4,1991,19,4.44,49.42
140811,Active,2501626,NA,NA,D,2,1,3610813.735,109,2003,16,4.3,43.97
140812,Active,641387,NA,NA,D,2,1,451647.0638,239,2010,25,163.22,163.12
140813,Active,621362,NA,NA,D,2,1,1119414.453,57.95,2009,32,4,41.86
140814,Active,110083,NA,NA,S,6,1,256848.4125,118.6,2009,65,23,62.94
140815,Active,55682,NA,NA,D,4,1,1438244.316,116.26,2006,21,17.17,96.86
140816,Active,109503,NA,NA,D,2,1,2336262.223,187.19,2008,26,5.99,66.05
140817,Active,110032,NA,NA,S,3,1,111635.535,51.73,2010,39,9.92,13.98
140818,Active,115193,NA,NA,D,4,1,746479.275,131.95,2001,22,4.96,43.98
140819,Active,2366993,NA,NA,D,2,1,2532564.553,77,1992,22,6.11,35.41
140820,Active,121458,NA,NA,D,2,1,936155.565,137.2,1998,29,18.65,65.53
140821,Active,110061,NA,NA,D,2,1,247978.7038,231.14,2010,25,5.14,46.99
140822,Active,170009,NA,NA,D,5,1,56103.35625,254.95,2009,64,26.88,88.99
140823,Active,874581,NA,NA,D,5,1,2123741.048,135.52,2009,16,63.52,288.98
140824,Active,110406,NA,NA,D,8,1,220936.8488,80.75,2008,59,10.48,48.87
140825,Active,131692,NA,NA,D,5,1,1281175.795,128,2004,61,4,13.84
140826,Active,3615181,NA,NA,D,3,1,781101.95,48,1999,48,4,23.99
140827,Active,172386,NA,NA,D,2,1,97844.325,42,2001,57,6.49,13.98
140828,Active,264570,NA,NA,S,2,1,393107.5475,64.95,2001,57,36.97,101.65
140829,Active,127510,NA,NA,D,2,1,296847.7438,44.95,2009,46,4,54.56
140830,Active,149429,NA,NA,D,5,1,981078.5675,64,2008,23,5.31,43.97
140831,Active,615959,NA,NA,D,3,1,947460.1113,74.95,1999,49,4,9.99
140832,Active,2561896,NA,NA,D,2,1,626592.3413,67.95,1981,23,4.76,69.8
140833,Active,2560359,NA,NA,D,2,1,3845762.515,85.95,1981,18,6.38,82.96
140834,Active,909299,NA,NA,D,5,1,1572333.53,57,2006,15,6.93,23.55
140835,Active,126736,NA,NA,D,1,0,1639145.358,78,2007,34,4.96,21.98
140836,Active,2367642,NA,NA,S,2,1,817705.1588,102.2,1991,32,4.65,45.67
140837,Active,2648192,NA,NA,D,1,0,797375.5213,51.95,1999,64,4,23.98
140838,Active,627507,NA,NA,D,10,1,238350.4763,85.67,2008,58,11.83,38.94
140839,Active,131043,NA,NA,S,11,1,86399.8225,108.95,2011,39,32.24,73.3
140840,Active,2537978,NA,NA,D,4,1,4963728.681,41.95,2002,35,4.4,50.13
140841,Active,532765,NA,NA,D,6,1,33064.2675,76,2012,48,24.9,56.11
140842,Active,2543906,NA,NA,D,2,1,3254530.699,34.95,2005,22,4,28.87
140843,Active,184553,NA,NA,D,1,0,578495.8788,58.95,2005,17,10.59,53.21
140844,Active,2261832,NA,NA,D,6,1,2115506.923,146.59,2007,32,6.4,146.01
140845,Active,612505,NA,NA,D,0,0,415825.9313,75,2013,23,20.25,20.25
140846,Active,165938,NA,NA,D,2,1,138078.0188,85,2006,32,25.99,53.25
140847,Active,51774,NA,NA,S,5,1,77235.30375,290.95,2004,102,7.31,29.19
140848,Active,911194,NA,NA,D,3,1,974327.4263,64.98,2007,51,7.63,38.83
140849,Active,163645,NA,NA,D,2,1,989714.12,70,2002,47,4.48,39.01
140850,Active,607316,NA,NA,D,7,1,2124478.875,155,2004,57,4,15.99
140851,Active,607148,NA,NA,D,6,1,2992395.283,103,2001,45,4.79,13.98
140852,Active,167350,NA,NA,D,3,1,627483.49,80,2007,51,5.48,38.63
140853,Active,56256,NA,NA,D,5,1,71824.74,49.95,2009,77,5.13,49.63
140854,Active,637376,NA,NA,D,2,1,438905.1725,97.67,2001,39,8.3,119.67
140855,Active,60090,NA,NA,S,2,1,159479.4788,45,1996,215,4,10.98
140856,Active,60942,NA,NA,D,3,1,2020277.545,13.93,2003,50,4,13.87
140857,Active,564783,NA,NA,D,1,0,1672524.826,57.95,2010,30,5.38,28.98
140858,Active,144200,NA,NA,D,5,1,1243881.508,73.2,2000,28,4,9.52
140859,Active,647084,NA,NA,D,1,0,700114.1038,79.94,2012,23,4.75,118.64
140860,Active,276729,NA,NA,D,3,1,976140.3175,87.5,2007,29,11.15,80.83
140861,Active,646474,NA,NA,D,1,0,589199.4738,99.95,2009,51,16.81,67.48
140862,Active,2876064,NA,NA,D,1,0,1189840.738,49.95,2000,56,4,9.29
140863,Active,1649201,NA,NA,D,11,1,2516030.635,70,2009,18,23.39,73.98
140864,Active,3564423,NA,NA,D,4,1,2160014.65,44.95,2009,18,22.34,44.5
140865,Active,608204,NA,NA,D,3,1,405862.3925,60.95,2007,28,16.73,102.42
140866,Active,54452,NA,NA,D,4,1,833724.2938,105.33,2004,69,4,23.99
140867,Active,118672,NA,NA,D,5,1,870425.95,96,2007,17,4.49,66.13
140868,Active,54453,NA,NA,D,5,1,1056660.11,153.33,2007,92,4,13.99
140869,Active,118438,NA,NA,D,5,1,1244155.79,116.67,2007,25,12.92,80.41
140870,Active,532735,NA,NA,S,5,1,5712.7025,173.8,2011,99,25.96,63.99
140871,Active,874743,NA,NA,D,2,1,860343.1363,66.75,2002,28,8.98,18.99
140872,Active,201735,NA,NA,D,2,1,1272124.011,43.95,2006,21,4,42.47
140873,Active,1630791,NA,NA,D,0,0,933327.4863,75,2009,40,29.43,66.74
140874,Active,190451,NA,NA,D,8,1,193705.2075,56.8,1997,98,4,23.08
140875,Active,54252,NA,NA,S,4,1,54770.6875,260.6,2010,84,34.44,93.71
140876,Active,120684,NA,NA,D,3,1,1524679.621,76.2,2008,82,4,8.89
140877,Active,532750,NA,NA,D,4,1,77363.57,90,2010,149,4,28.89
140878,Active,536926,NA,NA,D,3,1,1327482.328,68,2008,24,13.18,110.45
140879,Active,287643,NA,NA,D,4,1,487961.745,62.2,2010,88,4,10.14
140880,Active,613269,NA,NA,D,3,1,1243768.02,9.24,2009,61,4,9.14
140881,Active,133115,NA,NA,D,4,1,16091.06625,174.8,2010,129,18.97,58.98
140882,Active,421598,NA,NA,D,3,1,122828.1775,125,2007,77,4.49,44.83
140883,Active,53770,NA,NA,D,4,1,26794.1575,174.8,2010,79,18.72,78.27
140884,Active,657905,NA,NA,D,5,1,69396.56,131.33,2013,64,37.24,45.89
140885,Active,515182,NA,NA,D,3,1,501990.7413,125,2007,84,4,40.91
140886,Active,869970,NA,NA,D,4,1,962985.2813,9.98,2000,28,4.84,48.69
140887,Active,547827,NA,NA,D,4,1,213043.015,116.25,1999,68,5.16,18.98
140888,Active,55976,NA,NA,D,1,0,97988.62,84.95,1998,68,19.99,40.63
140889,Active,899412,NA,NA,D,2,1,2244973.913,322.07,2006,14,23.83,236.59
140890,Active,258386,NA,NA,D,3,1,177807.225,101.5,2005,35,17.45,37.85
140891,Active,113071,NA,NA,D,1,0,53956.0725,68.95,2008,32,25.22,42.94
140892,Active,204815,NA,NA,D,1,0,855727.2375,59.95,2000,51,4,11.46
140893,Active,254525,NA,NA,D,7,1,160162.8713,55.95,2011,58,4,21.97
140894,Active,2800872,NA,NA,D,2,1,2143931.541,47.95,1990,21,4,32.98
140895,Active,919230,NA,NA,D,4,1,1807280.158,48.8,1996,35,4,18.45
140896,Active,1575302,NA,NA,D,2,1,146415.5238,100,2011,14,49.97,55.13
140897,Active,170444,NA,NA,D,0,0,152988.0738,59.46,2005,49,10.48,50.15
140898,Active,273407,NA,NA,D,2,1,892374.82,170.89,2000,27,6.47,69.48
140899,Active,117523,NA,NA,D,2,1,375241.1,100,2003,34,7.99,56.23
140900,Active,638686,NA,NA,S,0,0,251382.0288,65,1995,44,5.07,29.94
140901,Active,640750,NA,NA,D,2,1,3938951.773,57.6,2012,19,3.99,46.19
140902,Active,132469,NA,NA,D,6,1,205289.9825,148.2,2008,44,19.94,51.45
140903,Active,58144,NA,NA,D,2,1,2493341.885,105.8,2003,62,4,8.17
140904,Active,144764,NA,NA,D,2,1,667047.3363,180.4,2004,30,7.54,52.21
140905,Active,135618,NA,NA,D,1,0,632316.0738,32.95,2007,27,25.35,92.68
140906,Active,135671,NA,NA,D,2,1,485343.5175,40.95,2011,44,20.15,47.76
140907,Active,131922,NA,NA,D,3,1,1039072.481,80,2005,66,4,10.77
140908,Active,119140,NA,NA,D,4,1,28942.515,110,2011,63,20.39,71.59
140909,Active,794675,NA,NA,D,1,0,967353.5125,55.95,2007,22,32.18,42.81
140910,Active,631316,NA,NA,D,5,1,1706800.384,350,2009,17,72.34,105.45
140911,Active,178524,NA,NA,D,1,0,240026.275,118,2005,32,45.74,73.26
140912,Active,2027770,NA,NA,D,3,1,1585785.635,66,2006,20,6.03,68.97
140913,Active,2158839,NA,NA,D,3,1,771440.985,98,2010,21,36.73,59.99
140914,Active,195965,NA,NA,S,1,0,156897.5925,26.95,2008,20,20.8,22.64
140915,Active,54340,NA,NA,D,8,1,141129.435,48.2,2006,64,4,17.48
140916,Active,670181,NA,NA,D,1,0,415449.45,49.95,2012,12,43.93,45.16
140917,Active,608337,NA,NA,D,2,1,835221.615,55,2000,31,5.97,15.92
140918,Active,542867,NA,NA,D,0,0,52436.6875,40.95,2006,119,4.99,32.04
140919,Active,830820,NA,NA,D,2,1,1637983.9,65,2010,29,12.57,12.01
140920,Active,915872,NA,NA,D,3,1,1187177.756,108,2003,43,4,10.98
140921,Active,623588,NA,NA,D,4,1,217903.5338,161.4,2006,47,4.93,55.99
140922,Active,51448,NA,NA,D,11,1,135190.64,269.95,2009,47,23.99,102.99
140923,Active,56523,NA,NA,D,2,1,41825.97625,40,2008,85,20.92,33.65
140924,Active,57581,NA,NA,D,4,1,59376.38125,243.95,2008,53,39.09,107.19
140925,Active,870255,NA,NA,D,4,1,1416890.283,44.95,2008,35,6.73,23.4
140926,Active,204028,NA,NA,D,4,1,408660.6213,44.95,2008,43,4.24,18.94
140927,Active,532696,NA,NA,D,4,1,770165.8363,112,2007,46,26.99,58.99
140928,Active,240895,NA,NA,D,4,1,747546.8738,67.5,2001,64,4.05,27.32
140929,Active,294335,NA,NA,D,1,0,200072.9325,58,2000,38,23.8,0
140930,Active,106525,NA,NA,D,4,1,799506.1275,65,2007,33,5.76,11.6
140931,Active,192886,NA,NA,D,4,1,2002717.803,129,2003,26,4.78,19.99
140932,Active,202342,NA,NA,D,4,1,4171562.749,220.95,2001,26,4,14.94
140933,Active,146875,NA,NA,S,2,1,859506.62,75.95,2001,46,4,5.13
140934,Active,51597,NA,NA,D,6,1,281299.955,154.8,2009,38,5.49,50.97
140935,Active,2254383,NA,NA,D,6,1,4215088.209,95.7,2006,42,17.13,84.28
140936,Active,146358,NA,NA,S,7,1,92103.44875,168.4,2010,72,23.94,91.13
140937,Active,118857,NA,NA,D,6,1,316502.2925,150.2,2007,71,11.5,63.23
140938,Active,146064,NA,NA,D,6,1,1995437.61,152.47,2008,28,20.8,52.89
140939,Active,2696078,NA,NA,D,4,1,2434674.85,64.95,2003,15,6.38,54.47
140940,Active,632945,NA,NA,D,5,1,652268.1625,79.95,2008,16,15.78,70.22
140941,Active,3065745,NA,NA,D,3,1,2087476.11,96,2003,13,13.87,200.05
140942,Active,183286,NA,NA,D,3,1,4252472.078,55.95,2005,33,4,8.25
140943,Active,772082,NA,NA,D,2,1,366792.165,52.95,2005,35,5.51,15.93
140944,Active,183749,NA,NA,D,4,1,588316.7813,48.95,2008,66,3.46,5.52
140945,Active,170142,NA,NA,D,5,1,183342.0163,45.95,2011,61,4,12.94
140946,Active,614661,NA,NA,D,2,1,105372.415,42.95,2003,49,16.59,0
140947,Active,868182,NA,NA,D,3,1,965763.5638,44.95,2014,17,13.94,41.94
140948,Active,676366,NA,NA,D,1,0,33783.995,23.95,2003,60,9.07,13.38
140949,Active,1475063,NA,NA,D,9,1,387474.125,49.84,2010,21,18.97,29.24
140950,Active,58299,NA,NA,D,8,1,236547.045,107.76,2006,44,22.86,73.94
140951,Active,58300,NA,NA,S,9,1,74883.39375,202.25,2009,51,50.86,86.84
140952,Active,191857,NA,NA,D,7,1,207813.115,63.25,2001,65,6.47,33.99
140953,Active,642263,NA,NA,D,3,1,430942.9025,40,2012,39,5.57,22.99
140954,Active,147336,NA,NA,D,1,0,629448.6538,90.95,2005,45,4.67,48.99
140955,Active,804318,NA,NA,D,1,0,612641.2438,158,2009,17,14.52,50.92
140956,Active,115269,NA,NA,D,6,1,1378512.938,81.6,2002,37,4.89,38.99
140957,Active,789285,NA,NA,D,2,1,8374795.45,129,2002,21,4.32,12.49
140958,Active,645761,NA,NA,S,0,0,1804698.744,56.95,2000,22,4,28.99
140959,Active,789087,NA,NA,D,3,1,2730761.446,249,2003,16,13.85,66.4
140960,Active,56224,NA,NA,D,5,1,18914.56125,82.95,2010,86,42.96,67.99
140961,Active,879485,NA,NA,D,5,1,427262.8613,63.99,2011,30,42.92,128.03
140962,Active,2569662,NA,NA,D,2,1,3357747.921,73.99,1990,17,12.89,58.75
140963,Active,2884268,NA,NA,D,4,1,1486922.049,175,1997,22,15.74,73.98
140964,Active,700308,NA,NA,D,2,1,2400613.185,206,2002,21,5.19,8.3
140965,Active,3551363,NA,NA,D,2,1,7620889.35,159,1992,15,7.35,65.33
140966,Active,2823021,NA,NA,D,3,1,2760252.646,192,1996,22,48.33,194.33
140967,Active,532662,NA,NA,D,2,1,2121148.044,223.95,2007,15,18.66,74.3
140968,Active,833708,NA,NA,S,3,1,793243.5663,125,1997,45,4,19.99
140969,Active,107755,NA,NA,D,5,1,1101007.136,12.56,2004,21,4,10.99
140970,Active,704876,NA,NA,S,3,1,507479.6938,49.7,1999,24,4,33.97
140971,Active,917936,NA,NA,D,2,1,2478267.524,119,2003,43,4.47,12.99
140972,Active,634507,NA,NA,D,2,1,763128.215,155,2008,14,9.71,10.3
140973,Active,146668,NA,NA,D,12,1,18489.62125,178.8,2012,98,11.51,43.99
140974,Active,910519,NA,NA,D,7,1,2054880.515,59.95,1998,19,4.64,110.49
140975,Active,533950,NA,NA,D,4,1,282795.2663,247.95,2006,56,5.52,66.61
140976,Active,169367,NA,NA,S,6,1,420678.9213,156.95,2008,39,22.45,55.95
140977,Active,177846,NA,NA,D,5,1,445985.9125,90.95,2004,25,7.66,35
140978,Active,655641,NA,NA,D,5,1,1031005.406,71.95,2010,25,7.41,23.97
140979,Active,650000,NA,NA,D,6,1,769482.0563,76.66,2010,33,4.98,88.99
140980,Active,290948,NA,NA,D,9,1,100685.1313,299.95,2010,43,43.99,140.97
140981,Active,2121806,NA,NA,D,4,1,1638291.59,74.99,2007,19,4.98,31.76
140982,Active,164190,NA,NA,D,4,1,2529137.204,113.52,1997,19,37.18,48.99
140983,Active,111680,NA,NA,S,8,1,42706.3,296.25,2011,65,44.79,64.6
140984,Active,120874,NA,NA,D,12,1,306668.305,198.67,2007,77,4,24.89
140985,Active,633704,NA,NA,S,15,1,11586.79625,321.6,2013,68,29.3,103.98
140986,Active,626205,NA,NA,D,8,1,372939.7263,288.3,2011,32,8.49,100.55
140987,Active,637651,NA,NA,D,5,1,56734.035,204.72,2012,74,8.64,53.99
140988,Active,112080,NA,NA,S,4,1,580629.5838,253.5,2010,55,4.93,15.54
140989,Active,54776,NA,NA,D,6,1,1065979.291,6.23,2007,53,4,6.23
140990,Active,119142,NA,NA,D,5,1,288977.4888,78.6,2011,76,5.48,45.24
140991,Active,118903,NA,NA,D,4,1,1203892.156,63.8,2008,53,4,7.16
140992,Active,116859,NA,NA,D,3,1,1543787.523,61.33,2005,39,4,38.38
140993,Active,161447,NA,NA,D,1,0,247507.2938,110.5,2007,21,7.22,48.99
140994,Active,2142407,NA,NA,D,2,1,367081.3888,103,2009,16,13.98,178.94
140995,Active,609799,NA,NA,D,4,1,356630.4838,60.99,2009,31,11.88,48.27
140996,Active,609738,NA,NA,D,3,1,1207503.386,54.95,2005,24,4,20.45
140997,Active,322614,NA,NA,D,2,1,1997238.701,58.4,2004,36,4,13.99
140998,Active,3101525,NA,NA,D,0,0,1997863.935,12.95,2005,40,4,4.14
140999,Active,156652,NA,NA,D,3,1,1906676.01,52.95,1998,32,4,14.04
141000,Active,3130351,NA,NA,D,0,0,302826.5038,39.95,2000,37,4.77,32.87
141001,Active,2167073,NA,NA,D,1,0,275044.565,42.95,2012,27,5.49,13.98
141002,Active,792527,NA,NA,D,2,1,5117211.265,55,1999,17,4.54,12.5
141003,Active,202408,NA,NA,S,4,1,310337.3925,286.95,2003,47,10.5,43.99
141004,Active,410765,NA,NA,D,3,1,1011270.706,96,2008,24,33.65,76.59
141005,Active,888306,NA,NA,D,3,1,2097853.326,24,2007,15,11.93,72.87
141006,Active,2098849,NA,NA,D,1,0,138532.7525,106.64,2013,39,42.98,59.98
141007,Active,2070428,NA,NA,D,3,1,1504824.101,34.56,2009,18,4,12.99
141008,Active,2070429,NA,NA,D,3,1,382073.9763,96,2008,22,30.41,96
141009,Active,917525,NA,NA,S,8,1,1020762.695,42.64,1996,49,4.59,33.68
141010,Active,2070501,NA,NA,D,3,1,1178058.744,96,2009,18,5.84,91.2
141011,Active,242905,NA,NA,D,2,1,926241.2813,34.95,2007,49,4.47,21.99
141012,Active,587620,NA,NA,D,1,0,934786.9625,140.95,2011,33,4.98,83.79
141013,Active,612487,NA,NA,S,21,1,452912.705,110.64,2013,40,34.65,66.97
141014,Active,110056,NA,NA,D,0,0,1042538.77,193.5,2010,24,5.19,83.63
141015,Active,658088,NA,NA,D,0,0,112224.0288,75,2013,50,6.74,29.98
141016,Active,534152,NA,NA,D,1,0,725301.3213,39.99,2011,72,4.34,11.22
141017,Active,2165979,NA,NA,D,11,1,164142.5375,52,2014,26,13.93,44.99
141018,Active,532632,NA,NA,D,5,1,602608.2088,159.2,2011,33,51.52,595.71
141019,Active,116157,NA,NA,D,3,1,1438899.476,100,2005,16,23.94,39.52
141020,Active,2262792,NA,NA,D,3,1,2745990.72,70.26,2007,33,31.19,44.45
141021,Active,120163,NA,NA,D,5,1,565037.075,146.4,2009,34,13.51,63.05
141022,Active,120173,NA,NA,D,5,1,586709.2763,160.4,2009,33,10.46,76.73
141023,Active,907541,NA,NA,D,2,1,2748020.17,66.95,1992,19,8.31,51.33
141024,Active,620677,NA,NA,D,8,1,3114106.976,39.6,1989,38,4.44,25.41
141025,Active,900614,NA,NA,D,10,1,1986368.738,62.64,2000,28,4.27,23.74
141026,Active,249741,NA,NA,D,5,1,577162.375,218.95,2006,15,15.97,69.65
141027,Active,624794,NA,NA,D,2,1,1497380.093,126.6,2008,25,10.23,68.57
141028,Active,120107,NA,NA,D,5,1,407246.5563,126.6,2009,17,41.82,48.99
141029,Active,532629,NA,NA,D,4,1,113530.9688,141.95,2011,33,43.38,99.95
141030,Active,249836,NA,NA,D,3,1,734048.595,135.95,2007,33,9.26,28.98
141031,Active,1900733,NA,NA,D,5,1,506455.0138,147.95,2010,41,5.49,43.96
141032,Active,119077,NA,NA,S,4,1,57215.77625,173.8,2011,48,37.98,159.87
141033,Active,60105,NA,NA,D,4,1,772515.4138,139.95,2004,58,7.95,26.97
141034,Active,2253982,NA,NA,D,2,1,839632.1838,40.67,2009,39,7.88,24.54
141035,Active,626152,NA,NA,D,2,1,1970525.52,49.95,2005,27,6.6,50.33
141036,Active,596757,NA,NA,D,3,1,237430.6375,49.95,2008,34,17.34,23.28
141037,Active,622140,NA,NA,D,2,1,232239.6913,59.95,1995,40,4.91,21.95
141038,Active,3746662,NA,NA,D,2,1,1263712.45,46.95,2011,37,22.32,46.95
141039,Active,135599,NA,NA,D,3,1,1977996.699,49.95,2006,59,3.99,12.93
141040,Active,135639,NA,NA,D,4,1,305737.825,49.95,2009,59,4,8.74
141041,Active,184502,NA,NA,D,2,1,1264179.75,35.95,2002,31,4,8.99
141042,Active,2250047,NA,NA,D,6,1,302499.135,152.62,2008,23,23.95,84.58
141043,Active,2258674,NA,NA,D,4,1,1231360.798,58.58,2010,36,7.52,56.19
141044,Active,55542,NA,NA,D,4,1,7564.13375,80.8,2011,134,6.02,34.98
141045,Active,55543,NA,NA,D,2,1,278750.2325,62.6,2007,66,4,55.22
141046,Active,918764,NA,NA,D,2,1,778790.505,49.95,2002,60,4.08,12.96
141047,Active,299037,NA,NA,D,2,1,506405.9963,73.99,2002,60,4,43.94
141048,Active,119990,NA,NA,D,6,1,417863.6488,66.6,2008,34,18.6,42.88
141049,Active,2253553,NA,NA,D,6,1,2489609.433,152.34,2008,42,22.57,75.61
141050,Active,641123,NA,NA,D,17,1,1790911.723,59.95,2008,16,9.42,44.78
141051,Active,54016,NA,NA,D,8,1,349955.2413,63.99,2009,39,9.68,54.35
141052,Active,143626,NA,NA,D,3,1,849220.1675,193,2010,46,4.78,65.89
141053,Active,523258,NA,NA,D,2,1,3386608.386,145,2007,12,15.42,46.49
141054,Active,757828,NA,NA,D,3,1,3294882.033,283.95,2005,16,38.92,90.47
141055,Active,143120,NA,NA,D,2,1,2841407.866,136,2005,26,4.24,85.21
141056,Active,3048497,NA,NA,D,3,1,5256258.581,68.2,2000,14,23.76,134.89
141057,Active,482780,NA,NA,D,2,1,2690180.324,109,2006,16,5.41,104.57
141058,Active,608335,NA,NA,D,3,1,2534564.423,63.51,2002,45,4.12,47.85
141059,Active,115124,NA,NA,D,0,0,373074.1575,95.6,1999,37,5.95,38.99
141060,Active,1839362,NA,NA,D,2,1,2370485.17,219.95,2006,19,24.52,77.75
141061,Active,1908494,NA,NA,D,2,1,114919.9688,59.99,2013,32,21.72,37.25
141062,Active,1908521,NA,NA,D,1,0,818134.8663,59.99,2010,20,13,30.99
141063,Active,3512241,NA,NA,D,2,1,3768316.25,74.95,1996,20,21.14,93.07
141064,Active,897469,NA,NA,D,2,1,2141303.208,74.95,1996,19,33.78,81.01
141065,Active,561724,NA,NA,D,3,1,80078.98125,86.95,2012,31,52.3,48.99
141066,Active,147493,NA,NA,D,2,1,362926.3488,79.95,2008,47,7.63,41.99
141067,Active,609411,NA,NA,D,3,1,2692141.538,49.95,2000,36,4,41.59
141068,Active,295995,NA,NA,D,5,1,919310.1063,81.35,1998,64,4,32.7
141069,Active,618557,NA,NA,S,8,1,409207.83,164.95,2011,38,6.99,19.74
141070,Active,621486,NA,NA,D,3,1,355466.2088,76.95,2001,49,4.85,44.73
141071,Active,477724,NA,NA,D,1,0,176099.68,145.95,2009,28,28.93,65.49
141072,Active,2611835,NA,NA,D,2,1,1756315.194,60,2001,21,4.12,35.98
141073,Active,788088,NA,NA,S,7,1,1582945.938,134.95,1998,28,4,53.05
141074,Active,422968,NA,NA,S,11,1,3023622.273,89.55,2009,25,6.61,73.36
141075,Active,51291,NA,NA,D,10,1,735688.1638,185.33,2005,65,4.41,17.99
141076,Active,118338,NA,NA,D,12,1,555632.61,172.27,2011,30,7.33,39.73
141077,Active,270930,NA,NA,D,7,1,590600.8513,49.95,2008,21,5.03,46.6
141078,Active,230485,NA,NA,D,6,1,945185.735,45.95,2004,30,5.98,57.47
141079,Active,540672,NA,NA,S,4,1,13382.03375,210.6,2013,75,37.97,48.99
141080,Active,913881,NA,NA,D,3,1,512991.9925,63.92,2011,29,6.69,28.97
141081,Active,571995,NA,NA,D,5,1,2738193.976,235.95,2003,35,4.47,27.16
141082,Active,615041,NA,NA,S,0,0,150725.6288,51.95,2003,109,5.24,32.92
141083,Active,789563,NA,NA,D,0,0,511884.855,52.95,2006,32,5.99,55.27
141084,Active,577373,NA,NA,D,2,1,72158.8975,76.99,2008,52,20.93,43.98
141085,Active,203726,NA,NA,D,2,1,431891.1638,68.99,2007,60,4,27.12
141086,Active,869865,NA,NA,D,4,1,1334955.276,60.99,2003,43,5.71,50.04
141087,Active,203563,NA,NA,D,4,1,1139936.529,69.95,2003,45,4,18.82
141088,Active,2491470,NA,NA,D,3,1,2028613.736,68.95,2002,22,4.77,82.82
141089,Active,52403,NA,NA,D,7,1,1395968.374,172.95,2002,58,3.94,37.99
141090,Active,741752,NA,NA,D,8,1,1283564.829,192,2009,16,7.75,103.97
141091,Active,878895,NA,NA,D,4,1,332122.9288,230.8,2010,28,8.89,87.99
141092,Active,567388,NA,NA,D,2,1,611200.065,272.95,2006,38,4.52,13.98
141093,Active,560872,NA,NA,D,7,1,1038604.206,36.67,2005,24,4,51.96
141094,Active,52404,NA,NA,S,9,1,47119.6975,262.95,2010,56,16.46,53.26
141095,Active,52071,NA,NA,S,5,1,853230.0475,138.67,2004,82,4,12.99
141096,Active,742958,NA,NA,D,2,1,1341913.483,230.8,2011,19,16.95,162.99
141097,Active,742167,NA,NA,D,2,1,3435744.526,220.53,2010,14,5.34,73.99
141098,Active,146164,NA,NA,D,2,1,312121.205,207.2,2010,56,3.88,24.16
141099,Active,2675537,NA,NA,D,2,1,1903142.419,124.9,1987,22,4.77,23.99
141100,Active,106310,NA,NA,D,3,1,458308.825,38.95,2005,28,4,19
141101,Active,105635,NA,NA,D,2,1,1596751.205,29.95,2000,35,4,45.63
141102,Active,204175,NA,NA,D,7,1,1371986.638,69.95,2007,66,4,12.48
141103,Active,549117,NA,NA,D,6,1,1632409.329,89.5,1988,34,4.95,51.98
141104,Active,878507,NA,NA,D,3,1,1508676.764,62.87,2005,25,6.97,39.78
141105,Active,1839669,NA,NA,D,5,1,3303056.821,67.99,2007,16,4.62,45.33
141106,Active,574754,NA,NA,D,6,1,1039509.23,215,2009,41,4.97,13.89
141107,Active,291527,NA,NA,D,1,0,1214344.055,62.95,2002,39,3.99,9.84
141108,Active,561687,NA,NA,D,4,1,586203.81,40.95,2007,81,4,15.86
141109,Active,540939,NA,NA,D,5,1,293646.3613,48.95,2011,96,4,8.32
141110,Active,174495,NA,NA,D,2,1,1267972.049,27.25,2002,22,7.49,25.99
141111,Active,174496,NA,NA,D,2,1,212964.2488,31.5,2002,41,10.28,33.43
141112,Active,115453,NA,NA,D,2,1,727697.055,212.2,1999,19,18.96,153.49
141113,Active,534687,NA,NA,S,4,1,32842.4475,71.95,2012,63,14.25,16.19
141114,Active,868154,NA,NA,D,0,0,300418.14,80.93,2000,31,7.58,53.18
141115,Active,56380,NA,NA,D,3,1,1667105.579,69,2005,116,3.89,4.87
141116,Active,193666,NA,NA,D,3,1,595855.89,83.95,2009,34,4,16.1
141117,Active,60111,NA,NA,D,16,1,1532397.194,208.5,2006,58,4.55,16.57
141118,Active,553984,NA,NA,S,3,1,407681.8288,214,2008,32,5.9,49.96
141119,Active,118203,NA,NA,S,2,1,260607.7013,164.33,2007,36,4.49,14.88
141120,Active,549472,NA,NA,S,18,1,1923385.164,100,2010,21,4.27,8
141121,Active,52154,NA,NA,D,16,1,1131781.066,7.48,2006,81,4,15.98
141122,Active,567661,NA,NA,D,7,1,1465035.388,299.95,2009,37,4,22.4
141123,Active,606684,NA,NA,D,7,1,1643197.003,88.3,1994,28,5.52,51.17
141124,Active,635656,NA,NA,D,4,1,140313.8113,54.95,2012,47,18.23,29.41
141125,Active,608026,NA,NA,D,3,1,319125.79,51.95,2009,77,4,13.12
141126,Active,765431,NA,NA,D,3,1,2094277.914,61.95,2002,32,4,51.53
141127,Active,569662,NA,NA,D,2,1,4673996.685,47.95,1997,28,2.92,28.99
141128,Active,607097,NA,NA,D,7,1,572720.1888,109,2005,20,14.54,157.89
141129,Active,608320,NA,NA,S,3,1,866462.6925,55,1998,39,4,28.99
141130,Active,2257037,NA,NA,S,0,0,2517821.076,39.89,2009,44,7.49,17.94
141131,Active,607778,NA,NA,D,2,1,1669362.294,78.95,2000,43,4,17.1
141132,Active,51707,NA,NA,D,4,1,205214.855,37.45,2006,173,4,24.94
141133,Active,252638,NA,NA,D,5,1,337831.9163,38.99,2009,104,4,38.78
141134,Active,51705,NA,NA,D,4,1,332849.1338,23.89,2006,113,4,23.63
141135,Active,116413,NA,NA,D,7,1,305269.2238,144,2003,43,7.94,66.53
141136,Active,205359,NA,NA,D,0,0,545933.2325,39.95,2001,54,4.2,19.91
141137,Active,2374424,NA,NA,D,2,1,1524709.138,42.4,2004,51,4,22.99
141138,Active,288884,NA,NA,D,6,1,986079.7575,54.95,2004,54,3.99,18.56
141139,Active,148697,NA,NA,D,7,1,267417.5225,78.95,2007,25,13.88,73.63
141140,Active,170080,NA,NA,D,2,1,110708.34,217.95,2010,27,27.82,124.98
141141,Active,547654,NA,NA,D,3,1,1077137.05,89.7,1988,31,4,48.98
141142,Active,225946,NA,NA,D,2,1,1348117.715,104.95,2006,23,8.98,28.2
141143,Active,415703,NA,NA,D,5,1,2149993.651,144.85,2006,31,4.65,34.7
141144,Active,415207,NA,NA,D,0,0,668313.9663,37.21,2005,31,4,57.74
141145,Active,51848,NA,NA,D,5,1,947068.5013,11.62,2005,55,4.07,23.99
141146,Active,51850,NA,NA,D,7,1,82637.1625,164.18,2010,49,18.99,82.98
141147,Active,532564,NA,NA,D,6,1,122788.6363,315.95,2010,39,38.75,88.86
141148,Active,121631,NA,NA,D,9,1,179508.6463,213.67,2008,91,5.22,36.22
141149,Active,286393,NA,NA,S,9,1,839793.635,216,2009,31,7.86,49.68
141150,Active,2665560,NA,NA,D,0,0,204610.9238,36,1984,73,4,14.99
141151,Active,246211,NA,NA,D,2,1,1386114.338,93.95,2003,34,4.93,21.86
141152,Active,140396,NA,NA,D,0,0,847097.3125,37.99,1999,59,4,21
141153,Active,140474,NA,NA,D,2,1,151427.9788,41.99,2003,44,6.73,19.99
141154,Active,129242,NA,NA,D,3,1,984330.5925,61,2009,25,29.33,52.93
141155,Active,211316,NA,NA,S,2,1,476977.7175,57.95,1998,54,4.87,61.39
141156,Active,298229,NA,NA,D,3,1,410201.1988,72,2007,22,29.98,51.98
141157,Active,2309470,NA,NA,S,3,1,537146.3063,30,1993,34,5.98,63.07
141158,Active,462482,NA,NA,D,2,1,1130243.323,119.95,2005,24,11.64,96.11
141159,Active,60116,NA,NA,D,9,1,529617.79,89.95,2007,112,4,12.97
141160,Active,57611,NA,NA,D,9,1,117439.37,87.95,2005,96,4,19.61
141161,Active,204046,NA,NA,S,10,1,21941.7375,115.99,2008,144,16.49,23.04
141162,Active,204053,NA,NA,D,1,0,13296.89,122.99,2011,65,39.24,0
141163,Active,204051,NA,NA,D,6,1,146975.2413,53.99,2008,50,8.11,29.99
141164,Active,204152,NA,NA,D,5,1,125207.9575,42.95,2005,59,4,20.99
141165,Active,545709,NA,NA,D,7,1,3753.2,61.99,2012,37,32.68,47.79
141166,Active,1753154,NA,NA,D,3,1,436720.4838,567.58,2010,18,10.34,53.99
141167,Active,2448940,NA,NA,S,1,0,495833.8625,150,1982,106,2.97,51.35
141168,Active,264873,NA,NA,D,2,1,1766899.728,79.95,2000,20,10.32,81.42
141169,Active,902507,NA,NA,D,3,1,1663159.923,55,2009,19,6.38,56.29
141170,Active,1830001,NA,NA,S,7,1,18842.05875,69.95,2015,67,19.85,38.99
141171,Active,613763,NA,NA,D,4,1,335809.8513,64.95,2012,82,4.26,28.92
141172,Active,608928,NA,NA,D,4,1,1767124.351,48.95,1997,36,4,40.08
141173,Active,645290,NA,NA,D,1,0,1161917.414,36.95,2005,15,18.33,36.94
141174,Active,610419,NA,NA,D,7,1,233018.7488,84.95,2011,82,4,23.99
141175,Active,608799,NA,NA,D,6,1,841308.6113,93.95,2008,53,4,4.19
141176,Active,166803,NA,NA,D,3,1,1335978.334,35,2005,69,3.82,6.98
141177,Active,163054,NA,NA,D,4,1,272001.1513,39.95,2010,35,10.61,39.82
141178,Active,2258015,NA,NA,D,6,1,249474.8588,115.91,2011,22,17.22,53.28
141179,Active,170182,NA,NA,D,13,1,240327.9313,106.95,2011,96,4,28.99
141180,Active,534008,NA,NA,D,12,1,948014.5438,118.95,2008,102,3.99,29.61
141181,Active,579680,NA,NA,D,3,1,2119147.6,72.95,2007,25,4,10.02
141182,Active,213028,NA,NA,S,2,1,856220.465,69.95,2003,26,4.25,36.49
141183,Active,1840786,NA,NA,D,3,1,837622.9275,51.99,2009,22,5.82,66.03
141184,Active,1839196,NA,NA,D,2,1,2543315.789,52.99,2008,21,4,53.15
141185,Active,205911,NA,NA,D,1,0,409128.7425,32,2005,55,4,8.71
141186,Active,632069,NA,NA,D,0,0,27202.9775,59.95,2013,63,22.17,33.48
141187,Active,162619,NA,NA,D,2,1,691131.4263,39.95,2009,47,4,13.44
141188,Active,761574,NA,NA,D,1,0,389160.4738,35,2006,55,4,6.94
141189,Active,177392,NA,NA,D,4,1,1501744.221,112.95,2003,51,3.99,8.49
141190,Active,619057,NA,NA,D,3,1,680790.2438,66.35,1998,25,4,45.15
141191,Active,142047,NA,NA,D,9,1,73563.05,24.99,2011,142,4,13.21
141192,Active,141903,NA,NA,D,8,1,311903.3725,105.04,2008,73,4,11.21
141193,Active,142172,NA,NA,D,10,1,639703.7975,66.75,2010,87,4,18.99
141194,Active,53808,NA,NA,D,10,1,143894.115,77.33,2008,151,4,8.99
141195,Active,620748,NA,NA,S,4,1,52687.38,34.27,2011,60,6.72,58.53
141196,Active,614652,NA,NA,D,3,1,296077.9613,10.32,2009,46,4,10.97
141197,Active,889340,NA,NA,D,4,1,1227181.805,75,1993,18,9.11,52.07
141198,Active,901013,NA,NA,D,6,1,1275649.534,73.25,1987,24,8.01,72.73
141199,Active,720770,NA,NA,D,2,1,2229114.534,35,2003,34,4,15.01
141200,Active,248984,NA,NA,D,7,1,877726.1988,59.95,2007,73,2.99,15.2
141201,Active,532540,NA,NA,D,8,1,272442.7538,65.95,2012,42,8.97,18.97
141202,Active,742959,NA,NA,D,11,1,1253154.744,240.4,2011,23,4.78,244.32
141203,Active,871015,NA,NA,D,6,1,2162177.483,8.65,2006,35,3.99,10.99
141204,Active,2261511,NA,NA,D,3,1,1265148.236,34.27,2011,48,8.33,52.98
141205,Active,146001,NA,NA,D,7,1,530574.7338,172,2009,130,4,8.99
141206,Active,288738,NA,NA,D,8,1,24807.68125,216.8,2012,125,4.09,16.93
141207,Active,109904,NA,NA,D,2,1,2737725.715,18.57,2006,40,4,8.96
141208,Active,532536,NA,NA,D,8,1,1204649.681,264.95,2007,27,4,39.94
141209,Active,567538,NA,NA,D,8,1,1004921.105,311.95,2007,18,4.13,45.63
141210,Active,608765,NA,NA,D,6,1,858416.0263,49.56,2003,18,4,27.99
141211,Active,538476,NA,NA,D,8,1,1111267.669,141.25,2009,22,42.64,239.41
141212,Active,146650,NA,NA,D,5,1,1064762.104,190,2010,26,7.93,205.96
141213,Active,550476,NA,NA,S,3,1,1025421.288,237.33,2011,31,4.4,33.99
141214,Active,561086,NA,NA,D,2,1,339502.615,178.67,2008,73,4,8.64
141215,Active,288718,NA,NA,D,5,1,74163.97125,233.4,2011,130,7.86,68.86
141216,Active,533628,NA,NA,D,5,1,9533.62625,233.4,2012,131,9.7,41.99
141217,Active,625644,NA,NA,D,4,1,676556.7463,253.4,2012,37,31.43,210.78
141218,Active,120556,NA,NA,D,4,1,105534.415,186.67,2008,292,4,8.27
141219,Active,146695,NA,NA,D,5,1,713787.305,253.4,2011,32,5.73,173.98
141220,Active,145948,NA,NA,D,4,1,798796.04,73.33,2008,26,5.26,110.07
141221,Active,874291,NA,NA,S,3,1,609684.5063,58.17,2011,47,12.3,62.36
141222,Active,716749,NA,NA,D,4,1,2291017.66,14.06,2009,27,5.68,7.55
141223,Active,876758,NA,NA,D,2,1,3015825.523,0,2008,21,4.62,1814.89
141224,Active,146070,NA,NA,D,3,1,1417140.499,186.67,2009,92,4.43,16.99
141225,Active,532528,NA,NA,D,4,1,67307.6825,233.4,2012,86,18.09,48.51
141226,Active,116845,NA,NA,D,2,1,497964.2788,170.67,2005,42,4.13,7.91
141227,Active,145749,NA,NA,D,4,1,2068441.22,186,2007,14,8.1,171.84
141228,Active,169670,NA,NA,D,5,1,594249.8725,349.95,2007,28,4.68,59.83
141229,Active,177179,NA,NA,D,4,1,2027485.953,180.95,2004,42,4.15,114.41
141230,Active,145951,NA,NA,D,2,1,1379367.58,198,2008,18,13.04,0
141231,Active,266886,NA,NA,D,2,1,2172041.031,44.99,2006,38,4,18.98
141232,Active,633826,NA,NA,D,0,0,668445.4838,39.95,2012,24,6.8,28.36
141233,Active,870917,NA,NA,D,5,1,2341268.791,125.2,2004,37,4,6.67
141234,Active,532524,NA,NA,D,3,1,292459.955,34.99,2010,52,10.73,18.98
141235,Active,2502461,NA,NA,D,0,0,564217.6225,59.95,2001,26,27.31,41.99
141236,Active,593656,NA,NA,D,5,1,816470.8338,39.99,2009,134,3.98,4
141237,Active,1983880,NA,NA,D,1,0,122174.6975,44.99,2014,24,17.48,36.95
141238,Active,749056,NA,NA,D,3,1,2034211.635,39.99,2007,37,4,18.74
141239,Active,619639,NA,NA,D,4,1,231444.3138,39.99,2009,33,15.98,18.97
141240,Active,162146,NA,NA,D,2,1,1953821.934,122,2008,17,32.94,70.39
141241,Active,910895,NA,NA,D,1,0,272465.8425,39.99,2007,48,4,28.99
141242,Active,665380,NA,NA,D,3,1,526486.41,49.99,2012,22,30.49,36.18
141243,Active,906424,NA,NA,S,2,1,2221549.849,29.95,2001,24,3.99,7.94
141244,Active,609779,NA,NA,D,3,1,1355749.046,39.99,2008,30,4,12.72
141245,Active,60121,NA,NA,D,9,1,931404.8725,123.4,2003,64,4,22.49
141246,Active,198997,NA,NA,D,4,1,2901757.83,55.95,1999,17,5.93,46.87
141247,Active,107662,NA,NA,D,8,1,2327483.724,19.49,2004,27,4,23.99
141248,Active,663616,NA,NA,D,3,1,137140.2313,82,2013,22,38.01,73.94
141249,Active,348695,NA,NA,D,2,1,1114251.226,205.95,2003,14,4.98,675
141250,Active,2262133,NA,NA,D,2,1,2436736.906,56.09,2010,15,15.69,169.79
141251,Active,317404,NA,NA,S,6,1,99523.45,154.4,2012,48,45.55,129.01
141252,Active,316535,NA,NA,D,2,1,402960.5188,99,2009,37,10.9,75.63
141253,Active,313862,NA,NA,D,4,1,1378757.085,86.67,2004,42,4,12.21
141254,Active,60123,NA,NA,S,7,1,361018.12,99,2002,56,4,35.64
141255,Active,262749,NA,NA,D,6,1,387695.43,63.95,2008,50,11.99,27.98
141256,Active,54563,NA,NA,S,3,1,410145.2025,136.95,2003,55,4.24,16.95
141257,Active,552010,NA,NA,D,3,1,1480466.68,62,1997,19,4.78,51.73
141258,Active,261377,NA,NA,D,2,1,1886332.05,80,2002,27,3.99,7.97
141259,Active,344361,NA,NA,D,1,0,301514.365,65,2006,29,4.49,39.98
141260,Active,105800,NA,NA,D,2,1,382079.225,49.95,2003,49,4,10.99
141261,Active,106124,NA,NA,D,3,1,579655.6275,52,2007,129,4,16.18
141262,Active,203503,NA,NA,D,1,0,1290465.473,44.5,2003,74,4,6.98
141263,Active,202512,NA,NA,D,3,1,653044.8775,104.05,2001,23,32.06,73.09
141264,Active,108665,NA,NA,D,3,1,348736.1925,71.37,2003,37,4.87,47.81
141265,Active,758246,NA,NA,D,7,1,716008.305,23.49,2003,62,4,10.99
141266,Active,123916,NA,NA,D,6,1,5380284.938,140.55,1998,27,4.34,31.26
141267,Active,284735,NA,NA,D,4,1,158673.1188,50,1996,133,4,23.93
141268,Active,54771,NA,NA,D,10,1,401341.9363,30.8,2006,35,4,11.65
141269,Active,329960,NA,NA,D,2,1,1557154.933,223.95,2007,17,49.79,71.52
141270,Active,631629,NA,NA,D,5,1,1272092.59,187.99,2009,32,50.93,78.71
141271,Active,147443,NA,NA,D,11,1,699519.4563,102,2007,39,22.61,53.99
141272,Active,2040371,NA,NA,D,2,1,1987325.64,85,2009,24,4.34,20.71
141273,Active,148904,NA,NA,D,3,1,154735.2513,40,2005,204,4,6.99
141274,Active,374677,NA,NA,D,0,0,269914.0638,35.95,1998,64,4,33.99
141275,Active,646586,NA,NA,D,2,1,439324.595,49.95,2004,33,4.72,0
141276,Active,118287,NA,NA,D,1,0,597464.855,140,2009,48,3.99,5.97
141277,Active,914854,NA,NA,D,3,1,724237.65,99.33,2013,38,5.42,83.77
141278,Active,609836,NA,NA,D,3,1,100268.0988,154.4,2013,94,6.11,65.74
141279,Active,827217,NA,NA,D,3,1,690024.63,41.25,2001,14,16.99,81.63
141280,Active,739647,NA,NA,D,4,1,2992063.55,64.4,2003,46,4,12.49
141281,Active,613358,NA,NA,D,2,1,1068017.236,40,2001,98,4,7.22
141282,Active,613169,NA,NA,D,2,1,583246.1888,44.99,2004,103,4,7.99
141283,Active,1478792,NA,NA,D,1,0,365677.1025,78,2011,18,11.95,16.57
141284,Active,910230,NA,NA,D,2,1,2002767.503,51.95,2007,17,4.22,57.91
141285,Active,60125,NA,NA,D,3,1,2614296.191,126.95,2006,43,4,4.2
141286,Active,1652002,NA,NA,D,0,0,608761.5363,55.95,2011,61,6.03,23.99
141287,Active,560415,NA,NA,D,2,1,637883.7388,85,2003,40,4,37.12
141288,Active,132501,NA,NA,D,2,1,934444.4363,75,2008,69,4,12.99
141289,Active,914270,NA,NA,D,5,1,141418.265,39.99,1997,32,18.65,22.73
141290,Active,1604580,NA,NA,D,1,0,578510.0163,59.5,2012,16,26.49,40.62
141291,Active,148692,NA,NA,D,10,1,4964228.885,68.95,2008,9,33.01,68.95
141292,Active,594521,NA,NA,D,1,0,816739.3975,43.95,2011,24,13.18,21
141293,Active,2081114,NA,NA,D,1,0,321632.6075,11.4,2011,33,3.9,6.99
141294,Active,55157,NA,NA,D,3,1,277552.565,112.32,2007,46,5.89,41.13
141295,Active,663800,NA,NA,D,0,0,1026535.649,179,2013,19,31.61,60.98
141296,Active,2331026,NA,NA,D,0,0,564390.8975,82.45,1977,28,4.13,80.18
141297,Active,641905,NA,NA,D,2,1,659346.4613,146.25,1986,28,21.49,73.85
141298,Active,128976,NA,NA,D,3,1,2576430.618,105,2005,22,4.24,45.64
141299,Active,128726,NA,NA,D,4,1,868279.4038,142.95,2009,29,12.97,28.88
141300,Active,904382,NA,NA,D,2,1,2543026.404,135,2001,18,6.45,59.97
141301,Active,613417,NA,NA,S,3,1,128179.9713,242,1999,84,5.26,74.71
141302,Active,608306,NA,NA,D,3,1,191321.2663,71.76,2004,60,10.32,23.96
141303,Active,532348,NA,NA,D,5,1,264515.0538,45.99,2009,63,7.27,18.98
141304,Active,60128,NA,NA,D,4,1,949866.5425,38.95,2007,89,4,8.49
141305,Active,60127,NA,NA,S,3,1,547256.0188,46.87,2004,70,4.19,41.99
141306,Active,621168,NA,NA,D,3,1,930363.3838,28.58,2004,34,4.28,29.24
141307,Active,633713,NA,NA,S,5,1,44437.7425,172.95,2013,50,19.08,46.84
141308,Active,193641,NA,NA,D,2,1,885864.1213,138,2009,33,10.14,54.9
141309,Active,544869,NA,NA,D,2,1,24156.79875,67.95,2006,76,8.98,42.54
141310,Active,621900,NA,NA,D,2,1,9901.9975,93.95,2012,81,40.99,75.74
141311,Active,366524,NA,NA,D,2,1,1186001.475,92.95,2007,30,8.39,76.92
141312,Active,614136,NA,NA,D,1,0,129991.9275,89.95,2009,55,4.93,43.99
141313,Active,618741,NA,NA,S,2,1,829502.36,78.95,1997,50,4,13.98
141314,Active,625956,NA,NA,D,8,1,325559.4963,89.94,2010,50,9.29,61.94
141315,Active,591615,NA,NA,D,7,1,1395388.831,0,2005,25,4.13,99.05
141316,Active,61248,NA,NA,D,2,1,735686.885,86.95,1998,25,4.8,37.89
141317,Active,532455,NA,NA,S,2,1,1434658.47,137,2008,19,68.01,70.5
141318,Active,164297,NA,NA,S,1,0,815132.1013,124.95,2003,30,4.53,28.99
141319,Active,758236,NA,NA,D,1,0,632110.52,13.98,2003,39,4.29,101.42
141320,Active,609132,NA,NA,D,3,1,5216883.663,37.5,2001,31,3.99,12.98
141321,Active,56776,NA,NA,D,5,1,975473.055,10.98,2007,41,4,11.98
141322,Active,184661,NA,NA,D,1,0,1069831.43,104.95,2004,24,6.27,28.99
141323,Active,533850,NA,NA,D,11,1,4394.63625,308.95,2012,222,11.89,52.75
141324,Active,56512,NA,NA,D,4,1,364250.6663,106.95,2004,71,4.12,16.73
141325,Active,607392,NA,NA,D,3,1,2005516.049,83.47,2007,55,4,8.99
141326,Active,742544,NA,NA,D,4,1,828500.1013,59.22,2010,42,7.7,59.22
141327,Active,561147,NA,NA,D,3,1,2466145.385,93.73,2007,22,4.77,7.26
141328,Active,174540,NA,NA,D,1,0,65484.405,59.99,1998,39,14.1,42.97
141329,Active,221889,NA,NA,D,2,1,880161.1325,124.95,1998,19,19.86,67.03
141330,Active,907102,NA,NA,D,9,1,1758137.828,63.98,2011,25,4.85,56.99
141331,Active,50197,NA,NA,D,9,1,184553.1775,145.98,2007,96,5.11,119.81
141332,Active,538474,NA,NA,S,10,1,5109.83125,293.5,2013,185,41.99,53.99
141333,Active,538561,NA,NA,S,3,1,14033.9375,293.5,2013,104,31.59,33.99
141334,Active,515164,NA,NA,D,3,1,1514891.046,145.6,2005,40,5.96,74.69
141335,Active,2664378,NA,NA,D,2,1,1134600.399,101.99,1998,25,5.9,104.32
141336,Active,51818,NA,NA,D,8,1,600720.6213,245.75,2008,98,4.96,52.47
141337,Active,60131,NA,NA,D,9,1,323356.8063,136,2006,65,5.51,18.49
141338,Active,51820,NA,NA,D,8,1,60214.2325,51.6,2007,187,5.46,54.89
141339,Active,254101,NA,NA,S,8,1,66739.6075,266.95,2010,77,19.51,53.4
141340,Active,346244,NA,NA,D,6,1,1398165.655,198.95,2005,53,4.03,14
141341,Active,450481,NA,NA,D,7,1,349027.99,313.95,2007,61,5.97,68.51
141342,Active,178887,NA,NA,S,8,1,270913.9013,255.95,2010,69,12.35,27.99
141343,Active,285546,NA,NA,D,2,1,212807.1463,259.25,2011,45,12.62,43.98
141344,Active,285496,NA,NA,S,2,1,612909.85,125,2011,9,6.92,4.74
141345,Active,613096,NA,NA,D,1,0,1051715.985,180.75,2009,44,4.42,21.98
141346,Active,119054,NA,NA,D,0,0,631175.7413,121.4,2006,30,10.39,63.72
141347,Active,630484,NA,NA,D,1,0,84867.23125,128.95,2013,72,21.45,71.69
141348,Active,540654,NA,NA,S,10,1,8742.03875,218.8,2013,142,23.28,73.99
141349,Active,146334,NA,NA,D,9,1,737108.1425,223.93,2010,38,24.67,153.99
141350,Active,540702,NA,NA,S,5,1,9125.2875,213.2,2013,77,16.99,123.98
141351,Active,52842,NA,NA,D,2,1,1311010.749,29.2,2006,48,4,8.95
141352,Active,561549,NA,NA,S,4,1,641564.6663,162.8,2011,44,4,47.61
141353,Active,51821,NA,NA,D,9,1,28221.1575,172,2010,183,8.24,23.83
141354,Active,533722,NA,NA,S,4,1,457978.6213,179.53,2012,45,7.68,89.97
141355,Active,742822,NA,NA,D,3,1,971781.4838,79.89,2010,22,4.31,40.18
141356,Active,51861,NA,NA,D,2,1,1761521.079,118.47,2006,85,4,13.94
141357,Active,1816542,NA,NA,D,2,1,2179195.684,67.2,2012,37,4,45.97
141358,Active,51863,NA,NA,D,2,1,1352390.04,128.4,2006,114,2.7,8.57
141359,Active,60132,NA,NA,D,7,1,2359893.929,240.95,2006,60,4,21.94
141360,Active,694580,NA,NA,D,0,0,1045453.773,110.65,2004,30,6.66,30.34
141361,Active,455388,NA,NA,D,1,0,1017933.268,282.95,2007,83,4.99,15.99
141362,Active,1597973,NA,NA,S,2,1,1117480.401,23.33,2012,17,5.29,19.84
141363,Active,1782998,NA,NA,D,2,1,5780930.5,0,2011,21,7.87,28.99
141364,Active,50199,NA,NA,D,11,1,375174.5163,205.95,2005,148,4.94,15.98
141365,Active,53404,NA,NA,D,2,1,1333851.843,187.95,2007,23,5.25,93.95
141366,Active,346193,NA,NA,D,2,1,508222.7175,188.95,2006,29,4.26,53.43
141367,Active,169837,NA,NA,S,3,1,406725.8388,260.95,2009,49,18.77,83.59
141368,Active,613260,NA,NA,D,0,0,1414330.686,116.95,1994,74,4,5.32
141369,Active,648383,NA,NA,D,1,0,2345656.666,132.95,2007,15,51.61,94.47
141370,Active,556172,NA,NA,D,2,1,2227399.59,55,2009,20,4,71.86
141371,Active,912081,NA,NA,D,2,1,592251.0975,195,1999,20,6.39,75.43
141372,Active,60135,NA,NA,D,5,1,853468.2175,12.1,2000,52,4,36.72
141373,Active,272861,NA,NA,D,0,0,1752662.964,129,2004,27,7.98,25.43
141374,Active,2675277,NA,NA,D,2,1,1934245.664,55.75,1994,47,3.99,38.06
141375,Active,617215,NA,NA,D,3,1,488636.4838,41.49,1994,48,6.39,39.39
141376,Active,53388,NA,NA,D,8,1,15520.51625,210.6,2010,138,11.78,59.75
141377,Active,53387,NA,NA,D,7,1,875187.3163,161,2007,33,5.83,73.99
141378,Active,157340,NA,NA,D,3,1,1826097.486,40,2005,47,4,46.77
141379,Active,832296,NA,NA,D,3,1,2621954.009,80.95,2000,31,4.2,30.76
141380,Active,622834,NA,NA,S,2,1,695380.26,44.95,2000,31,4,26.98
141381,Active,113120,NA,NA,D,1,0,318447.3363,65.95,2007,35,30.34,0
141382,Active,2495260,NA,NA,D,1,0,702445.7313,40,2002,55,4,18.98
141383,Active,741804,NA,NA,D,2,1,1281631.521,54.99,2008,22,4.59,46
141384,Active,1483190,NA,NA,D,2,1,211053.745,69.8,2014,42,5.19,62.95
141385,Active,2816311,NA,NA,D,1,0,144206.3825,34.95,1987,93,5.88,31.14
141386,Active,3577909,NA,NA,D,3,1,847161.25,54.95,1996,30,4,11.13
141387,Active,299570,NA,NA,D,2,1,618938.9563,85,2003,28,12.52,38.98
141388,Active,737267,NA,NA,D,4,1,1731662.098,35,2005,34,4,18.95
141389,Active,738543,NA,NA,D,5,1,350511.1775,39,2011,24,13.66,38.99
141390,Active,626343,NA,NA,D,6,1,1168225.488,36,2008,27,5.11,19.79
141391,Active,737334,NA,NA,D,7,1,3572702.256,30,2004,23,4.09,7.98
141392,Active,737750,NA,NA,D,8,1,2304209.599,35,2008,26,4.31,15.49
141393,Active,57557,NA,NA,S,7,1,241299.115,57.95,1999,125,8.97,25.47
141394,Active,56858,NA,NA,D,8,1,781828.545,62,2005,42,4.38,19.99
141395,Active,57553,NA,NA,D,8,1,233491.0688,89.95,2004,49,28.89,60.98
141396,Active,57554,NA,NA,D,8,1,1390526.73,108,2004,31,24.48,48.99
141397,Active,633427,NA,NA,D,1,0,272383.7188,60.95,2006,28,16.96,38.16
141398,Active,660392,NA,NA,D,4,1,1325577.514,99.99,2008,21,24.17,82.99
141399,Active,2649980,NA,NA,D,3,1,3209361.376,22.95,2002,33,4,5.98
141400,Active,2649981,NA,NA,D,3,1,3747606.976,22.95,2002,31,4,4.73
141401,Active,682968,NA,NA,D,0,0,126810.1113,29.95,2003,107,7.14,23.93
141402,Active,1447413,NA,NA,D,4,1,106757.3825,144.95,2010,55,8.14,23.58
141403,Active,225717,NA,NA,D,2,1,1097541.991,99.95,2001,17,15.14,51.72
141404,Active,200286,NA,NA,D,1,0,631089.8275,89.95,2007,22,27.98,45.57
141405,Active,592498,NA,NA,D,2,1,888572.0475,99.95,2008,30,10.93,64.34
141406,Active,609624,NA,NA,D,3,1,636107.3413,142.95,2008,24,34.1,104.98
141407,Active,609469,NA,NA,D,2,1,775981.4913,208.95,2003,19,5.09,35.99
141408,Active,613607,NA,NA,D,2,1,1320842.051,39.95,2005,54,4,13.26
141409,Active,532414,NA,NA,D,3,1,420381.855,44.99,2009,51,4.8,16.99
141410,Active,184612,NA,NA,D,2,1,4908546.193,29.95,2001,33,3.34,7.99
141411,Active,532409,NA,NA,D,5,1,468010.625,48.99,2009,53,4,23.97
141412,Active,613714,NA,NA,D,4,1,1275932.449,36.95,2006,59,4,36.9
141413,Active,614019,NA,NA,D,5,1,303192.3525,41.99,2008,91,4.39,20.64
141414,Active,903056,NA,NA,D,2,1,3095076.173,105,2009,18,4,26.03
141415,Active,3596843,NA,NA,S,1,0,253843,79.95,1999,43,32.59,82.9
141416,Active,870194,NA,NA,D,2,1,957913.1788,17.07,1996,22,5.57,15.5
141417,Active,205563,NA,NA,D,2,1,139034.6125,38,1997,119,4,6.88
141418,Active,2343422,NA,NA,D,4,1,1676709.704,37.95,1993,44,4,14.74
141419,Active,532404,NA,NA,D,3,1,63866.95375,49.95,2005,47,28.41,80.03
141420,Active,284771,NA,NA,S,2,1,232397.8363,49.95,1995,76,4.53,26.48
141421,Active,535296,NA,NA,D,12,1,155869.3938,95.95,2013,49,11.78,33.97
141422,Active,533770,NA,NA,S,8,1,22679.69875,291,2012,56,33.34,69.98
141423,Active,553792,NA,NA,D,7,1,191173.1325,233.33,2009,34,20.63,88.86
141424,Active,900888,NA,NA,D,2,1,2341972.091,119,2003,21,2.75,23.94
141425,Active,241451,NA,NA,D,4,1,860814.74,29.75,2002,26,11.01,128.99
141426,Active,108697,NA,NA,D,2,1,1543812.246,42.99,2003,19,8.4,69.99
141427,Active,868489,NA,NA,D,2,1,516836.1675,89,2002,73,4,21.31
141428,Active,747545,NA,NA,D,3,1,549318.4588,49.95,2004,26,18.92,62.43
141429,Active,621226,NA,NA,D,0,0,543789.2275,63.95,1995,49,22.31,51.63
141430,Active,556273,NA,NA,D,3,1,1694509.794,71.5,2005,19,5.31,111.63
141431,Active,403716,NA,NA,D,4,1,640510.75,75,2010,40,14.49,60.59
141432,Active,1575936,NA,NA,D,1,0,344911.2425,42,2006,24,3.98,25.1
141433,Active,50536,NA,NA,D,3,1,3193124.901,92,2001,44,4,23.99
141434,Active,1473854,NA,NA,D,1,0,481378.315,65,2014,25,20.22,28.74
141435,Active,200365,NA,NA,D,4,1,369735.6163,243.95,2008,32,19.35,45.98
141436,Active,594681,NA,NA,D,5,1,37410.61625,196.95,2012,53,28.97,48
141437,Active,902620,NA,NA,D,5,1,1226132.943,120,2005,18,11.18,43.87
141438,Active,606732,NA,NA,D,7,1,863379.0525,148.25,1979,33,22.76,74.77
141439,Active,1533566,NA,NA,D,0,0,1835217.096,69.95,2006,19,38.99,54.61
141440,Active,534199,NA,NA,D,0,0,888927.2263,39.95,2009,28,19.29,65.75
141441,Active,191790,NA,NA,D,3,1,644401.2825,47.69,2000,33,4,43.98
141442,Active,2699198,NA,NA,D,3,1,2441656.553,99.95,2002,15,36.68,85.47
141443,Active,2582617,NA,NA,D,0,0,633945.5838,17.95,2004,15,13.58,14.71
141444,Active,913371,NA,NA,S,0,0,599779.085,55,2003,20,19.23,73.97
141445,Active,628825,NA,NA,D,4,1,389161.6813,61.95,2007,23,5.84,65.35
141446,Active,293113,NA,NA,D,7,1,2195893.486,179,2004,16,6.06,39.92
141447,Active,765678,NA,NA,D,1,0,331893.4938,79.95,2003,51,4,13.99
141448,Active,870644,NA,NA,S,7,1,881085.2288,163.41,2011,51,6.63,88.74
141449,Active,717946,NA,NA,D,2,1,2362785.95,39.95,1999,64,4,7.48
141450,Active,637435,NA,NA,D,2,1,1192086.99,34.95,1997,25,4,50.51
141451,Active,625639,NA,NA,D,10,1,216705.755,117.73,2012,33,15.02,117.73
141452,Active,3514105,NA,NA,D,2,1,4576018.95,225,1997,18,6.44,72.52
141453,Active,477665,NA,NA,D,3,1,807185.23,118.95,2005,26,5.91,67.31
141454,Active,2820554,NA,NA,D,4,1,1926309.988,74.99,1999,21,17.04,36.65
141455,Active,120495,NA,NA,D,3,1,880522.9075,48.6,1999,32,4,28.94
141456,Active,52068,NA,NA,D,9,1,190698.56,90.2,2007,166,4,23.98
141457,Active,861204,NA,NA,S,11,1,198701.2063,117.73,2013,33,23.73,602.99
141458,Active,294972,NA,NA,D,0,0,2997.5625,20.99,2006,632,4,7.98
141459,Active,54672,NA,NA,D,9,1,428186.0138,17.75,2005,70,3,8.46
141460,Active,594082,NA,NA,D,8,1,846108.5638,218.95,2009,56,5.52,28.15
141461,Active,55331,NA,NA,S,7,1,345799.2263,311.95,2005,91,4.35,17.99
141462,Active,52444,NA,NA,D,10,1,349641.6425,113.35,2003,45,4,23.97
141463,Active,3822506,NA,NA,D,3,1,3841775.5,55,1900,20,8.57,75.5
141464,Active,717723,NA,NA,D,4,1,1144073.84,81.95,1999,32,4,43.97
141465,Active,126834,NA,NA,D,0,0,281681.8575,47.95,2006,177,4,16.88
141466,Active,60002,NA,NA,S,1,0,690110.035,49.95,2004,37,4.44,103.58
141467,Active,54380,NA,NA,D,2,1,1963067.999,74.4,2005,130,3.79,4.98
141468,Active,50131,NA,NA,D,4,1,1003999.828,235.95,2006,89,4,7.84
141469,Active,917614,NA,NA,D,1,0,604266.5338,120,1990,53,4,13.94
141470,Active,909433,NA,NA,D,6,1,3730194.084,31.95,2006,21,4,7.93
141471,Active,268230,NA,NA,D,7,1,504626.265,32.95,2008,25,4,59.19
141472,Active,254042,NA,NA,D,8,1,439119.2388,34.95,2011,23,19.23,34.95
141473,Active,162582,NA,NA,D,7,1,1356931.395,220,2009,26,9.07,72.49
141474,Active,166559,NA,NA,D,6,1,2368280.688,200,2005,34,11.2,54.97
141475,Active,919829,NA,NA,D,4,1,3196205.435,95.4,2000,41,4,10
141476,Active,643595,NA,NA,D,3,1,1290328.669,39.95,2003,30,4.48,92.67
141477,Active,57726,NA,NA,D,2,1,135769.1713,56.95,2010,56,8.27,26.68
141478,Active,52090,NA,NA,D,13,1,10081.03875,228,2010,153,16.04,37.41
141479,Active,608010,NA,NA,D,4,1,504217.98,77.95,2004,39,4,28.76
141480,Active,446371,NA,NA,D,6,1,450812.9913,140,2009,41,74.07,79.97
141481,Active,609223,NA,NA,D,5,1,364292.8538,44.99,2008,72,4,13.99
141482,Active,545688,NA,NA,D,6,1,207340.0088,49.99,2013,57,6.06,23.32
141483,Active,609206,NA,NA,D,4,1,440799.6763,45.99,2007,97,4,12.99
141484,Active,503606,NA,NA,D,11,1,1352678.473,119.95,2008,33,4.23,13.99
141485,Active,52525,NA,NA,D,12,1,100425.3575,149.99,2009,181,8.22,8.19
141486,Active,52523,NA,NA,D,10,1,827422.7625,103.95,2003,138,4,13.59
141487,Active,52524,NA,NA,D,11,1,247441.8038,119.95,2006,104,4,28.99
141488,Active,211078,NA,NA,D,5,1,743130.6888,53.95,1996,80,4,12.63
141489,Active,766406,NA,NA,D,1,0,961820.6775,64.95,2011,43,4,27.99
141490,Active,373953,NA,NA,D,1,0,500450.2138,39.95,2008,45,4,43.13
141491,Active,158308,NA,NA,D,5,1,408174.8275,59.95,2009,31,7.96,46.87
141492,Active,166903,NA,NA,D,2,1,1986877.874,100,2005,23,4,54.51
141493,Active,532342,NA,NA,D,3,1,1046846.813,110.95,2008,33,4.48,23.99
141494,Active,112145,NA,NA,D,0,0,339253.1025,112.5,2001,91,4,23.98
141495,Active,628835,NA,NA,D,1,0,1131474.595,69.99,2007,29,20.61,56.21
141496,Active,893686,NA,NA,D,2,1,1345638.971,98.8,2013,20,4.78,92.85
141497,Active,288942,NA,NA,D,7,1,1301769.496,224.95,2010,37,4,39.91
141498,Active,148076,NA,NA,D,3,1,2053889.378,212.95,2004,29,4,18.95
141499,Active,897573,NA,NA,D,0,0,1013274.4,239.86,2002,19,13.38,58.09
141500,Active,756687,NA,NA,S,1,0,431802.1688,49.95,2003,57,4,13.94
141501,Active,541842,NA,NA,D,4,1,91999.99875,55,2012,35,30.89,37.72
141502,Active,313934,NA,NA,D,1,0,414025.215,76,2007,16,69.12,135.11
141503,Active,1444481,NA,NA,D,9,1,2347926.916,39.95,2012,15,24.29,42.56
141504,Active,2137612,NA,NA,D,8,1,1690179.748,54.95,2010,23,7.76,155.2
141505,Active,884743,NA,NA,D,4,1,4271775.556,164.99,2008,11,6.38,110.99
141506,Active,261390,NA,NA,D,1,0,158770.5838,37,2003,62,4.48,33.95
141507,Active,565847,NA,NA,D,2,1,108677.73,105,2009,68,19.24,53.42
141508,Active,201819,NA,NA,D,1,0,625128.1575,61,1998,32,26.99,63.98
141509,Active,627235,NA,NA,D,2,1,1417639.956,36.95,2002,26,4,14.07
141510,Active,196509,NA,NA,D,1,0,963601.3275,51.95,2004,45,17.89,51.94
141511,Active,621994,NA,NA,D,1,0,925592.6013,39.95,2008,61,4,8.69
141512,Active,637191,NA,NA,D,11,1,1360813.754,89.95,2008,21,4.99,67.36
141513,Active,106472,NA,NA,D,4,1,812846.0775,42.95,2006,29,6.48,19.64
141514,Active,52290,NA,NA,D,6,1,1164482.77,5.54,2007,108,3.79,5.54
141515,Active,52291,NA,NA,D,7,1,717079.0288,8.98,2008,119,4,8.98
141516,Active,492129,NA,NA,S,11,1,414420.2325,206.95,2011,27,18.39,69.04
141517,Active,53346,NA,NA,D,8,1,863286.4338,217.95,2006,52,4.03,8.73
141518,Active,550988,NA,NA,D,1,0,2478590.503,268.25,2011,18,16.98,247.67
141519,Active,494560,NA,NA,D,2,1,7057048.774,42.5,2006,20,4.76,9.44
141520,Active,516587,NA,NA,S,4,1,505110.9738,468.95,2007,52,29.07,83.72
141521,Active,435729,NA,NA,D,4,1,633575.2425,297.95,2007,29,12.99,36.89
141522,Active,2277016,NA,NA,S,5,1,121666.7863,0,2014,0,0,119.48
141523,Active,148725,NA,NA,D,3,1,327491.2838,328.95,2009,76,5.39,42.98
141524,Active,58117,NA,NA,D,7,1,1840503.995,9.98,2004,80,3.99,9.98
141525,Active,105956,NA,NA,D,1,0,714819.4275,59,2003,49,6.89,23.98
141526,Active,178066,NA,NA,D,2,1,2153505.176,183.95,2005,32,4,8.98
141527,Active,699166,NA,NA,D,13,1,509849.3313,23.99,2010,44,4,12.99
141528,Active,183045,NA,NA,S,2,1,841043.5875,89.56,2004,24,7.51,47.95
141529,Active,1658603,NA,NA,D,4,1,337346.3,58.2,2010,41,4.24,76.44
141530,Active,575915,NA,NA,D,4,1,1984335.708,49.36,2009,29,4.21,29.72
141531,Active,904126,NA,NA,D,2,1,1449775.72,34.95,1998,25,4,14.27
141532,Active,468576,NA,NA,D,3,1,854281.2213,41,2002,24,4.94,18.93
141533,Active,456666,NA,NA,S,9,1,95026.795,375.95,2010,96,12.2,33.91
141534,Active,698638,NA,NA,S,8,1,1217528.876,89,2010,23,4,33.48
141535,Active,515252,NA,NA,D,1,0,1485670.705,104.27,2011,26,5.19,47.17
141536,Active,663619,NA,NA,D,2,1,635951.4613,121.87,2013,33,9.14,61.37
141537,Active,52454,NA,NA,D,15,1,1088966.665,249.95,2007,67,4,8.42
141538,Active,537436,NA,NA,S,5,1,1481942.403,173.33,2011,28,8.69,163.99
141539,Active,539377,NA,NA,D,6,1,39468.22,181.8,2013,135,6.77,43.88
141540,Active,52788,NA,NA,D,3,1,1416370.581,7.99,2007,39,3.99,7.99
141541,Active,53371,NA,NA,D,3,1,2167722.335,4.66,2006,45,0.69,8.97
141542,Active,291699,NA,NA,S,7,1,221851.275,295.95,2010,103,8.1,50.47
141543,Active,52970,NA,NA,D,7,1,111205.985,295.95,2010,217,5.96,31.71
141544,Active,436389,NA,NA,D,6,1,129154.62,209.95,2007,106,4,9.49
141545,Active,52969,NA,NA,D,6,1,187434.3325,243.95,2007,141,4,13.48
141546,Active,532309,NA,NA,D,11,1,42134.695,240.6,2011,195,7.79,38.35
141547,Active,629088,NA,NA,D,12,1,26238.7725,181.8,2013,94,9.03,46.94
141548,Active,873152,NA,NA,D,6,1,2167022.555,125.25,2009,18,8.97,24.95
141549,Active,51178,NA,NA,S,7,1,314003.1775,173.33,2008,49,4,30.76
141550,Active,110088,NA,NA,D,2,1,1276913.826,8.65,2008,63,4.35,9.95
141551,Active,538459,NA,NA,D,4,1,6671.145,235.25,2013,96,14.79,50.24
141552,Active,705568,NA,NA,S,3,1,1550141.399,21.61,2012,14,4.47,21.6
141553,Active,537264,NA,NA,S,9,1,232472.52,121.07,2012,15,18.25,142
141554,Active,427113,NA,NA,D,2,1,2059843.654,65,2007,34,4.77,24.79
141555,Active,873966,NA,NA,D,6,1,1698244.633,13.94,2005,22,4,13.94
141556,Active,52584,NA,NA,S,7,1,110542.0625,223.95,2011,52,19.82,53.89
141557,Active,129301,NA,NA,D,3,1,537739.3525,59.95,2010,54,6.33,32.48
141558,Active,51096,NA,NA,D,7,1,569828.15,188.95,2006,206,4,13.1
141559,Active,612730,NA,NA,S,10,1,3890.84,188.95,2014,97,31.33,85.98
141560,Active,180680,NA,NA,D,2,1,1076153.669,110.2,2008,29,9.38,73.07
141561,Active,58110,NA,NA,D,5,1,2613879.748,70.67,1999,32,4,18.94
141562,Active,544488,NA,NA,S,8,1,31180.31125,154.95,2013,52,33.98,75.49
141563,Active,538558,NA,NA,D,25,1,355662.1863,22.94,2013,51,4.76,50.39
141564,Active,254091,NA,NA,D,7,1,671954.3688,219.95,2009,92,4,17.98
141565,Active,51145,NA,NA,D,5,1,1830571.141,71.33,2001,74,4,9.75
141566,Active,416442,NA,NA,D,5,1,1818388.516,48.99,2006,15,9.08,48.99
141567,Active,51168,NA,NA,D,12,1,110212.795,52.94,2008,40,19,53.24
141568,Active,532297,NA,NA,D,2,1,492341.2875,54.95,2009,59,5.42,37.64
141569,Active,872626,NA,NA,S,7,1,20159.5225,154.4,2014,87,23.89,38.98
141570,Active,120942,NA,NA,D,4,1,1141618.285,84,2007,75,4,6.99
141571,Active,696689,NA,NA,D,14,1,867192.7363,84.25,2009,26,8.26,92.99
141572,Active,508202,NA,NA,D,5,1,2040985.639,63.95,2005,20,4,102.64
141573,Active,50668,NA,NA,D,6,1,1351763.569,182.95,2003,37,4,34.97
141574,Active,879559,NA,NA,D,8,1,399423.6088,149.67,2012,35,37.49,48.99
141575,Active,562006,NA,NA,D,10,1,1518222.34,32.58,2007,52,4.1,21.98
141576,Active,51115,NA,NA,D,10,1,149417.8863,281.95,2005,108,6.69,29.4
141577,Active,60148,NA,NA,D,5,1,349390.13,229.95,2006,60,4,19.52
141578,Active,52197,NA,NA,D,7,1,842643.4788,259.95,2005,71,4.38,13.99
141579,Active,52198,NA,NA,D,8,1,531123.7575,279.95,2007,83,4.59,53.98
141580,Active,663509,NA,NA,S,10,1,73117.26125,393.95,2014,55,32.11,93.72
141581,Active,349799,NA,NA,S,11,1,606087.655,128.95,2003,47,4,7.23
141582,Active,114507,NA,NA,D,2,1,2150473.82,187,2003,37,4,10.33
141583,Active,108317,NA,NA,D,3,1,804717.76,18.98,2005,52,4,15.38
141584,Active,423290,NA,NA,D,8,1,1838449.951,204.8,2008,34,6.48,17.98
141585,Active,715564,NA,NA,D,9,1,2640038.001,158,2011,32,4.62,71.95
141586,Active,55324,NA,NA,D,7,1,975696.2288,108.67,2004,66,4.15,16.99
141587,Active,456438,NA,NA,D,15,1,452934.8488,128.95,2002,32,8.47,30.43
141588,Active,518632,NA,NA,D,16,1,657975.2225,118.95,2005,43,12.04,32.95
141589,Active,403126,NA,NA,D,12,1,601595.5275,188.8,2011,48,9.45,53.35
141590,Active,120240,NA,NA,D,12,1,91248.70625,220.67,2011,109,7.64,38.98
141591,Active,420876,NA,NA,D,8,1,2242222.314,99,2000,32,4.12,23.98
141592,Active,483270,NA,NA,D,2,1,1926934.243,99,2004,24,4.77,31.95
141593,Active,505031,NA,NA,D,10,1,540519.2213,42,2007,31,4,82.73
141594,Active,265936,NA,NA,D,9,1,614632.2525,161,2005,18,4.72,56.6
141595,Active,468672,NA,NA,D,2,1,932003.6488,147,2008,36,4,24.41
141596,Active,505038,NA,NA,S,10,1,159895.68,214,2011,36,43.99,109.77
141597,Active,622428,NA,NA,D,2,1,933856.505,58,2003,21,5.98,57.98
141598,Active,627362,NA,NA,S,3,1,766766.3338,144,2011,33,6.41,39
141599,Active,420113,NA,NA,D,2,1,311842.5263,58.95,2007,58,4.22,25.89
141600,Active,477150,NA,NA,D,2,1,657698.8213,87.95,2006,19,17.32,41.99
141601,Active,161713,NA,NA,D,2,1,984958.91,78.95,2006,32,8.73,63.99
141602,Active,142903,NA,NA,D,3,1,1791839.546,180,2006,18,4,77.17
141603,Active,129331,NA,NA,D,3,1,532155.8963,89.95,2011,34,5.23,53.51
141604,Active,416517,NA,NA,D,9,1,2041409.969,8.17,2005,59,4,9.39
141605,Active,416631,NA,NA,S,10,1,1340223.785,212.25,2007,35,4.72,16.44
141606,Active,427112,NA,NA,D,2,1,1469749.193,69.95,2007,49,4.54,25.98
141607,Active,435540,NA,NA,D,7,1,1705514.741,402.95,2002,19,6.37,79.98
141608,Active,146779,NA,NA,S,2,1,1686671.06,216.67,2011,31,16.74,147.99
141609,Active,1516765,NA,NA,D,2,1,829644.8613,146.47,2012,51,3.43,116.83
141610,Active,422274,NA,NA,D,7,1,1741326.373,186.67,2007,28,5.17,69.19
141611,Active,447516,NA,NA,S,7,1,189596.225,50.85,2011,50,31.98,41.24
141612,Active,532262,NA,NA,D,6,1,30618.46625,258.6,2012,106,7.85,73.17
141613,Active,1517396,NA,NA,D,2,1,837292.2525,141.2,2013,25,7.49,111.57
141614,Active,637568,NA,NA,D,6,1,451044.18,272.6,2013,35,4.9,285.8
141615,Active,1517386,NA,NA,D,3,1,203386.895,171.33,2014,35,33.99,83.98
141616,Active,649658,NA,NA,S,1,0,169059.7525,253.25,2012,23,27.57,88.33
141617,Active,910480,NA,NA,D,3,1,1494279.023,111.47,2008,17,6.25,48.59
141618,Active,649674,NA,NA,S,6,1,505908.0913,173.27,2012,30,14.74,79.41
141619,Active,146723,NA,NA,D,2,1,1935260.091,205.33,2011,19,4.99,0
141620,Active,416591,NA,NA,D,5,1,2026474.279,214.5,2008,31,5.89,13.49
141621,Active,285488,NA,NA,D,5,1,1345761.088,16.03,2008,53,4.31,19.99
141622,Active,55084,NA,NA,D,9,1,533666.7075,44.95,2008,41,4,28.97
141623,Active,633085,NA,NA,D,2,1,2023451.463,78,2010,23,4,67.47
141624,Active,1827228,NA,NA,S,8,1,5199.05125,69.95,2015,104,12.37,38.97
141625,Active,795599,NA,NA,D,5,1,813433.0763,0,2013,29,4,33.99
141626,Active,609919,NA,NA,D,6,1,88069.59625,69.95,2013,186,5.46,22.73
141627,Active,2281437,NA,NA,D,10,1,493162.5275,75.16,2011,33,10.9,51.87
141628,Active,862827,NA,NA,D,1,0,669104.4225,130,1999,22,53.98,99.48
141629,Active,553824,NA,NA,D,6,1,184363.035,144.2,2009,35,8.99,53.81
141630,Active,608865,NA,NA,D,5,1,139743.76,54.99,2004,38,8.98,43.9
141631,Active,572903,NA,NA,D,2,1,99468.565,39.99,1994,60,4,21.14
141632,Active,917327,NA,NA,D,2,1,1713269.764,59.99,2005,39,4.49,29.95
141633,Active,553108,NA,NA,D,4,1,245703.8788,59.99,2010,43,4,36
141634,Active,915352,NA,NA,D,2,1,766874.9538,49.99,2010,32,4,17.99
141635,Active,592901,NA,NA,D,2,1,775967.5763,205.95,2007,44,4,16.48
141636,Active,148755,NA,NA,D,3,1,374489.3638,213.95,2009,30,13.94,91.23
141637,Active,117730,NA,NA,D,0,0,505967.1575,59.99,2006,27,4.39,58.53
141638,Active,711763,NA,NA,S,4,1,739022.0963,98,2002,98,4.13,38.99
141639,Active,617360,NA,NA,D,8,1,491837.4425,141.2,2011,38,13.99,56.15
141640,Active,607472,NA,NA,D,7,1,153358.7388,135,2009,29,35.96,64.83
141641,Active,607479,NA,NA,D,6,1,547941.7625,123,2007,36,5.58,31.99
141642,Active,608985,NA,NA,D,4,1,515742.1538,162.95,2006,68,4.36,22.73
141643,Active,2658976,NA,NA,D,4,1,1710718.005,49.99,2001,42,4.36,15.37
141644,Active,357504,NA,NA,D,5,1,328810.06,59.99,2004,84,6.11,28.71
141645,Active,608817,NA,NA,D,2,1,2613966.809,160.95,2004,38,4.45,37.99
141646,Active,636739,NA,NA,D,7,1,679753.5938,62.95,2012,32,5.6,43.48
141647,Active,727390,NA,NA,D,1,0,444000.1163,79.99,1999,112,4,9.99
141648,Active,743771,NA,NA,D,11,1,2355741.996,449.95,2007,14,52.88,103.11
141649,Active,743265,NA,NA,D,10,1,978095.655,395,2003,14,26.58,84.13
141650,Active,878101,NA,NA,D,0,0,4642424.195,77,2004,17,5.63,11.89
141651,Active,534365,NA,NA,D,7,1,2575830.44,44.95,2005,31,4.46,19.8
141652,Active,766244,NA,NA,D,4,1,1012826.451,53.95,2005,17,7.44,18.99
141653,Active,53873,NA,NA,S,9,1,22595.02375,331.95,2009,149,26.48,98.99
141654,Active,53443,NA,NA,S,7,1,3155.45625,312.95,2012,168,37.34,86.98
141655,Active,101444,NA,NA,D,5,1,1185321.735,81,2000,20,4.8,66.79
141656,Active,51748,NA,NA,S,8,1,116085.4,354.95,2007,50,12.99,29.99
141657,Active,594081,NA,NA,D,8,1,362048.5075,240.95,2009,24,21.49,87.11
141658,Active,561310,NA,NA,D,12,1,895141.905,179.33,2009,32,22.53,93.32
141659,Active,145376,NA,NA,D,9,1,192292.065,164,2007,241,4,9.27
141660,Active,561562,NA,NA,D,1,0,299047.165,200,2013,40,21.15,83.89
141661,Active,52374,NA,NA,D,10,1,425212.4663,124,2003,66,4,12.45
141662,Active,761742,NA,NA,D,4,1,11741650.5,0,2004,11,4.6,0
141663,Active,54739,NA,NA,S,4,1,444124.315,274.95,2007,50,21.81,65.97
141664,Active,53441,NA,NA,D,3,1,91828.21625,173.95,2004,109,8.47,18.99
141665,Active,52476,NA,NA,D,3,1,1023719.646,183.95,2004,31,5.18,43.95
141666,Active,704685,NA,NA,D,3,1,1238559.553,66.65,2007,23,5.54,77.53
141667,Active,606907,NA,NA,S,3,1,878238.5375,40.89,2006,32,12.28,40.89
141668,Active,115372,NA,NA,D,6,1,1976654.104,116.6,2002,28,4.62,69.02
141669,Active,912548,NA,NA,D,2,1,294331.1813,186.67,2014,42,68.08,96.19
141670,Active,51789,NA,NA,S,7,1,2446.63875,312.95,2010,263,23.89,71.98
141671,Active,752595,NA,NA,D,9,1,829839.1975,207.91,2010,33,15.97,150.33
141672,Active,879224,NA,NA,S,7,1,1454205.613,0,2011,28,5.62,0
141673,Active,113578,NA,NA,D,6,1,1417197.054,154.67,2002,49,4.71,21.98
141674,Active,117744,NA,NA,D,1,0,387795.3313,191.8,2006,47,72.95,73.99
141675,Active,53876,NA,NA,D,9,1,140240.58,23.95,2008,68,8.34,25.98
141676,Active,561404,NA,NA,D,1,0,202883.7025,294.4,2010,35,13.75,27.05
141677,Active,109692,NA,NA,D,9,1,2456080.123,29.74,2005,34,4,29.74
141678,Active,51071,NA,NA,D,10,1,539966.1163,126.67,2004,56,4,9.98
141679,Active,146449,NA,NA,D,12,1,767752.7638,203.67,2010,32,11.19,148.89
141680,Active,629237,NA,NA,D,0,0,968211.9225,49.7,1992,20,14.5,59.04
141681,Active,880827,NA,NA,D,3,1,241202.2625,151.5,2015,14,88.54,88.54
141682,Active,545165,NA,NA,D,2,1,1445595.516,129.89,2011,13,21.57,127.77
141683,Active,606995,NA,NA,D,3,1,1763861.373,41.5,2006,30,4,42.02
141684,Active,908314,NA,NA,D,3,1,2007278.243,80.23,2006,28,6.21,68.49
141685,Active,179215,NA,NA,D,9,1,106254.0738,321.95,2008,60,26.08,98.04
141686,Active,769871,NA,NA,D,7,1,495318.8975,137.56,2002,45,6.45,53.99
141687,Active,53874,NA,NA,S,7,1,47675.36125,172.95,2001,147,8.52,38.98
141688,Active,165419,NA,NA,D,3,1,844296.7775,9.7,2001,58,4.28,14.98
141689,Active,165228,NA,NA,D,7,1,698077.6938,32.17,2001,46,4,28.98
141690,Active,165418,NA,NA,D,3,1,1514646.486,46.1,2001,80,4,30.96
141691,Active,162337,NA,NA,D,9,1,1082081.994,38.99,2009,35,4.98,36.66
141692,Active,146639,NA,NA,S,10,1,21337.1225,209.2,2011,140,14.73,60.99
141693,Active,536584,NA,NA,D,10,1,540415.0775,219,2011,36,5.14,206.54
141694,Active,51688,NA,NA,D,9,1,478851.8488,167.33,2007,92,5.59,28.99
141695,Active,2829200,NA,NA,D,2,1,2544272.08,113.92,2005,23,6.55,75.57
141696,Active,2829173,NA,NA,D,2,1,3352370.596,90,2004,28,4,66.81
141697,Active,775821,NA,NA,D,4,1,2198023.86,101.95,2005,22,4.86,19.98
141698,Active,133331,NA,NA,S,13,1,272525.8175,63.6,2010,33,12.13,48.99
141699,Active,908269,NA,NA,D,6,1,1339588.125,9.94,2007,16,6.57,9.94
141700,Active,919404,NA,NA,D,5,1,2659475.648,93.94,2004,39,3.99,7.74
141701,Active,646467,NA,NA,S,7,1,323687.9738,53.34,2009,23,4.19,19.49
141702,Active,298661,NA,NA,D,7,1,346864.8263,41.07,2010,63,10.04,35.96
141703,Active,207762,NA,NA,D,5,1,1988321.59,41.07,2003,48,3.99,6.49
141704,Active,2168897,NA,NA,S,6,1,392003.825,44.95,2013,7,46.99,40.96
141705,Active,909278,NA,NA,D,11,1,1604045.453,82.61,2010,36,4.58,46.93
141706,Active,1738456,NA,NA,D,10,1,770238.975,18.51,2009,34,4.13,17.11
141707,Active,902165,NA,NA,D,10,1,658091.6963,39.99,2014,26,4,28.21
141708,Active,608793,NA,NA,D,4,1,2530832.706,157.95,2007,39,4,4.83
141709,Active,536181,NA,NA,D,3,1,2928657.898,32.5,2008,21,6.34,86.44
141710,Active,1593031,NA,NA,D,17,1,1318596.481,43.75,2006,24,17.91,62.98
141711,Active,532193,NA,NA,D,2,1,686544.89,41.25,2010,22,7.69,40.77
141712,Active,860015,NA,NA,D,2,1,1309018.454,50,2010,37,4.77,27.9
141713,Active,868329,NA,NA,D,3,1,310381.5813,45,1990,47,4.19,27.09
141714,Active,2612010,NA,NA,D,4,1,200938.96,85,2003,39,13.86,59.05
141715,Active,608493,NA,NA,S,4,1,224051.2163,55.75,2006,32,11.65,52.53
141716,Active,607549,NA,NA,D,4,1,4982178.106,56.95,2000,17,7.91,53.04
141717,Active,616063,NA,NA,D,2,1,579262.2063,94.17,1999,49,4.89,78.9
141718,Active,369276,NA,NA,D,4,1,671167.7613,40,2009,27,9.58,62.73
141719,Active,532188,NA,NA,D,3,1,685080.745,37,2009,30,4.28,44.72
141720,Active,646891,NA,NA,D,0,0,101788.9263,51.99,2013,44,13.63,18.99
141721,Active,545767,NA,NA,D,2,1,348780.9713,47,2012,40,4.87,23.99
141722,Active,552706,NA,NA,D,5,1,244530.4513,150.5,2005,113,4.37,11.49
141723,Active,53021,NA,NA,D,5,1,98183.0275,184,2007,139,4,17.57
141724,Active,146386,NA,NA,D,7,1,2604.81125,216.6,2011,357,6.82,22.24
141725,Active,53469,NA,NA,D,3,1,456853.7863,126.67,2006,154,4,16.94
141726,Active,118800,NA,NA,D,2,1,765994.8338,113.8,2007,61,4.44,24.73
141727,Active,435054,NA,NA,D,4,1,7538.69375,180.2,2012,236,9.54,43.48
141728,Active,626451,NA,NA,D,8,1,1781799.67,69.5,2003,29,6.37,38.49
141729,Active,532186,NA,NA,D,0,0,597856.57,94.95,2011,17,12.94,30.5
141730,Active,587832,NA,NA,D,11,1,981900.1013,36.25,2013,14,33,34.74
141731,Active,751175,NA,NA,D,9,1,2264211.489,76.08,2009,15,22.98,51.33
141732,Active,609648,NA,NA,D,3,1,1606100.16,46.95,2008,39,4,35.99
141733,Active,724739,NA,NA,D,3,1,2848613.77,49.5,2001,21,4,24.55
141734,Active,204079,NA,NA,D,2,1,2868830.134,55.95,2007,26,4,42.35
141735,Active,638081,NA,NA,D,7,1,1037182.924,95,2011,58,4,77.94
141736,Active,367143,NA,NA,D,2,1,3999218.69,63.95,2006,29,4,45.47
141737,Active,724844,NA,NA,D,2,1,6070179.696,52.95,2007,17,4,55.98
141738,Active,912986,NA,NA,D,4,1,7047538.186,85.95,2003,17,4,66.19
141739,Active,2407749,NA,NA,D,3,1,3884595.969,59.95,1995,23,4,38.98
141740,Active,477668,NA,NA,D,6,1,1690664.783,253.95,2005,23,8.88,73.87
141741,Active,609659,NA,NA,D,2,1,537702.9663,37.95,1995,57,4.37,10.93
141742,Active,872111,NA,NA,D,2,1,2017316.684,70,1997,19,4,39.49
141743,Active,119616,NA,NA,D,2,1,498642.945,118,1995,24,4.05,23.98
141744,Active,627367,NA,NA,D,5,1,477428.8075,84.95,2011,25,16.92,63.88
141745,Active,2552156,NA,NA,D,2,1,3021460.618,360,1993,12,28.95,73.88
141746,Active,576677,NA,NA,D,1,0,518808.1813,116.95,2009,45,53.99,71.33
141747,Active,288782,NA,NA,D,2,1,3379112.684,197,2003,9,20.18,66.09
141748,Active,264284,NA,NA,D,1,0,509985.9138,44.95,2006,33,4.49,11.43
141749,Active,606751,NA,NA,D,5,1,1867656.005,34.95,2002,35,4,13.99
141750,Active,147283,NA,NA,D,9,1,434837.3825,45.95,2006,27,6.11,38.98
141751,Active,106791,NA,NA,D,7,1,370147.48,44,2010,37,5.23,12.27
141752,Active,619181,NA,NA,D,8,1,1062407.491,38.95,2001,41,4,26.56
141753,Active,549616,NA,NA,D,6,1,940318.5413,40.95,2006,41,4,12.49
141754,Active,804091,NA,NA,D,3,1,1456469.159,192.95,2006,16,9.21,10.29
141755,Active,2491505,NA,NA,D,2,1,4265583.73,79.95,2003,21,4,88.76
141756,Active,115975,NA,NA,D,4,1,929382.3563,49.4,2005,43,4,27
141757,Active,795327,NA,NA,D,8,1,642728.7388,140.95,2011,19,85.64,127.01
141758,Active,51374,NA,NA,D,8,1,55582.4625,221.95,2011,59,9.54,132.96
141759,Active,622770,NA,NA,D,1,0,904282.7613,120,2005,27,4,32.99
141760,Active,593976,NA,NA,D,3,1,827926.2575,59.95,2010,57,4,18.97
141761,Active,286458,NA,NA,D,3,1,1296949.38,147.4,2008,23,15.34,81.74
141762,Active,118513,NA,NA,D,3,1,192536.1713,147.4,2008,74,7.37,32.99
141763,Active,877036,NA,NA,D,0,0,1011166.62,138.25,2011,30,5.86,82.19
141764,Active,533502,NA,NA,D,10,1,17116.025,100.4,2012,76,10.25,68.85
141765,Active,121228,NA,NA,D,10,1,1414016.745,125.33,2011,28,5.4,53.8
141766,Active,532161,NA,NA,S,10,1,67904.80625,171.2,2011,42,15.54,49.11
141767,Active,60158,NA,NA,S,8,1,2515409.954,100.67,2002,43,4,13.74
141768,Active,303463,NA,NA,D,3,1,611468.9388,105.95,1999,37,4.01,23.41
141769,Active,293747,NA,NA,S,1,0,502197.3363,56.95,1999,66,3.89,18.12
141770,Active,1658528,NA,NA,D,4,1,4762404.088,62.69,2010,11,33.99,113.85
141771,Active,177999,NA,NA,D,5,1,912311.945,63.95,2005,33,4,8.96
141772,Active,109462,NA,NA,D,7,1,236821.46,13,2006,40,4,5.17
141773,Active,655482,NA,NA,D,1,0,429152.0663,61,2011,46,18.29,50.49
141774,Active,298946,NA,NA,D,3,1,142208.5888,108.95,2011,61,15.33,39.77
141775,Active,2722681,NA,NA,D,2,1,620664.3163,59,2003,16,6.09,59
141776,Active,538202,NA,NA,D,5,1,434372.2588,57,2009,25,16.36,23.92
141777,Active,53170,NA,NA,D,4,1,2486932.905,164.95,2003,44,4,9.85
141778,Active,298369,NA,NA,D,10,1,833826.6275,145,2006,36,22.59,108.78
141779,Active,1845268,NA,NA,D,6,1,3375663.373,119.5,2007,18,11.58,57.09
141780,Active,661158,NA,NA,S,3,1,468540.995,87.99,2011,23,6.64,73.62
141781,Active,886034,NA,NA,D,3,1,3104625.926,86.99,2011,10,5.69,6.29
141782,Active,2023961,NA,NA,D,6,1,1898523.11,276.19,2006,16,4,83.16
141783,Active,606741,NA,NA,S,6,1,617424.115,115,2001,34,4.95,24.09
141784,Active,700728,NA,NA,D,1,0,866536.8025,29.95,2004,34,4,6.76
141785,Active,701624,NA,NA,D,2,1,424850.0763,36,2009,36,7.39,28.98
141786,Active,701637,NA,NA,D,2,1,491447.9163,36,2009,75,4,17.87
141787,Active,632073,NA,NA,D,3,1,22449.04375,35,2012,64,10.22,16.44
141788,Active,701222,NA,NA,D,1,0,314574.3188,36,2007,79,4,11.4
141789,Active,285027,NA,NA,D,2,1,1611310.414,29.95,2006,72,4,11.24
141790,Active,701621,NA,NA,D,3,1,524682.815,36,2009,107,4,9.98
141791,Active,532141,NA,NA,D,4,1,65983.91,34,2012,60,9.98,17.33
141792,Active,133086,NA,NA,S,6,1,418937.5688,70.4,2009,28,4.99,18.94
141793,Active,3263192,NA,NA,D,2,1,2934890.469,54.37,1999,31,7.47,68.49
141794,Active,408235,NA,NA,D,2,1,891351.5238,52.95,1999,27,4,27.99
141795,Active,366557,NA,NA,D,4,1,140278.585,99.95,2009,33,21.41,72.77
141796,Active,2880486,NA,NA,D,2,1,1076119.178,55,2004,31,4,30.35
141797,Active,131995,NA,NA,D,7,1,1588234.859,57.4,2005,61,4,23.7
141798,Active,607738,NA,NA,D,8,1,415018.7363,77.8,2008,52,4,52.64
141799,Active,166934,NA,NA,D,7,1,646591.365,20.97,2006,73,4,20.94
141800,Active,244347,NA,NA,D,9,1,122233.0688,30.99,2011,69,6.59,38.55
141801,Active,162703,NA,NA,D,8,1,697060.7513,48.38,2008,91,4,16.98
141802,Active,775077,NA,NA,D,2,1,1587698.678,37.95,2000,29,4,49.83
141803,Active,314450,NA,NA,D,2,1,599009.4975,84.4,2008,45,7.3,20.67
141804,Active,58099,NA,NA,D,4,1,54610.21,160.95,2010,79,6.05,78.97
141805,Active,58102,NA,NA,D,3,1,906799.95,159.95,2006,82,4,14.99
141806,Active,60160,NA,NA,D,3,1,1366613.56,79.95,2005,40,4,30.22
141807,Active,860656,NA,NA,D,11,1,531436.34,60,2012,27,5.19,59.82
141808,Active,642591,NA,NA,D,10,1,2286278.678,75,2010,29,4.98,37.96
141809,Active,1470351,NA,NA,D,9,1,7388356.113,55,2006,28,4,11.52
141810,Active,1469130,NA,NA,D,10,1,4762376.271,79.95,2008,29,4.97,9.25
141811,Active,309009,NA,NA,D,12,1,3858502.973,68.31,2006,15,4,65.07
141812,Active,111149,NA,NA,D,14,1,885651.68,24.25,2010,36,4,24.99
141813,Active,532123,NA,NA,D,7,1,405775.0163,65.95,2011,22,13.97,34.19
141814,Active,2083134,NA,NA,D,5,1,1014973.928,37,2012,16,23.19,37
141815,Active,540467,NA,NA,D,6,1,1083866.355,210,2012,24,11.44,78.99
141816,Active,560331,NA,NA,D,4,1,3909692.381,119,2007,15,7.44,22.49
141817,Active,143625,NA,NA,D,5,1,1800494.73,171,2009,14,7.82,10.99
141818,Active,293219,NA,NA,D,2,1,1062789.469,209,2010,54,4.58,20.37
141819,Active,193343,NA,NA,D,6,1,5654184.094,119,2004,14,7.86,26.94
141820,Active,193618,NA,NA,D,7,1,1415284.004,148,2008,36,4.02,31.99
141821,Active,600149,NA,NA,D,5,1,2839680.369,30,2010,19,4.87,56.95
141822,Active,56614,NA,NA,D,4,1,992387.08,161,2007,109,4.01,19.98
141823,Active,142962,NA,NA,D,2,1,5706523.93,127,2004,14,6.48,52.02
141824,Active,142885,NA,NA,D,5,1,1085397.253,165,2004,15,14.99,505.22
141825,Active,143093,NA,NA,D,5,1,2426604.738,138,2006,18,5.03,109.37
141826,Active,328383,NA,NA,D,6,1,1225428.314,194,2010,36,4.99,142.81
141827,Active,158397,NA,NA,D,6,1,988105.915,179.46,2004,23,4.77,67.43
141828,Active,433336,NA,NA,D,6,1,2081039.796,123,2006,22,5.75,91.13
141829,Active,143235,NA,NA,D,7,1,984120.0425,209,2009,28,7.16,132.05
141830,Active,143421,NA,NA,D,2,1,2253466.01,138,2003,23,4.83,78.59
141831,Active,143249,NA,NA,D,3,1,259011.3313,207,2009,51,6.97,34.04
141832,Active,614408,NA,NA,D,10,1,422812.9025,225,2009,115,5.73,10.47
141833,Active,634155,NA,NA,D,2,1,3749219.803,109,2002,17,11.97,65.98
141834,Active,143043,NA,NA,D,3,1,2055620.796,189,2006,19,7.58,20.28
141835,Active,142990,NA,NA,D,2,1,2482604.599,143,2005,22,4.44,54.87
141836,Active,288436,NA,NA,D,3,1,194747.6813,215,2009,47,5.83,193.5
141837,Active,505044,NA,NA,D,5,1,797670.4713,213,2010,42,5.73,20.65
141838,Active,620220,NA,NA,D,5,1,254643.6563,225,2012,51,53.94,134.41
141839,Active,868659,NA,NA,D,4,1,2137343.216,153,2003,18,6.47,10.24
141840,Active,614399,NA,NA,D,10,1,29489.43875,229,2012,164,9.7,87
141841,Active,193601,NA,NA,D,9,1,718695.3925,154,2008,146,4,23.88
141842,Active,592814,NA,NA,D,5,1,1108247.71,174,2009,51,3.64,6.57
141843,Active,592813,NA,NA,D,5,1,1050672.289,215.25,2010,53,5.97,52.49
141844,Active,3461426,NA,NA,D,4,1,1663488.114,134,2004,32,4.13,21.98
141845,Active,143398,NA,NA,D,3,1,4002287.729,79,2000,22,4,103.79
141846,Active,765720,NA,NA,D,4,1,2646017.565,56.95,2003,17,4.76,18.93
141847,Active,608429,NA,NA,D,5,1,3025451.153,125.95,2006,24,4,6.34
141848,Active,274627,NA,NA,D,4,1,1184695.199,51.95,2003,45,4,38.99
141849,Active,872136,NA,NA,D,3,1,1118512.308,66,2005,19,4,4.73
141850,Active,260017,NA,NA,D,4,1,415463.595,75,2009,60,4.03,19.42
141851,Active,545824,NA,NA,D,3,1,298364.95,59,2012,68,4,31.07
141852,Active,248151,NA,NA,D,2,1,998995.8113,52,2010,40,4,8.89
141853,Active,265578,NA,NA,D,2,1,456068.5875,50,2006,47,4,0
141854,Active,58098,NA,NA,D,3,1,1282468.359,90,2007,24,5.56,39
141855,Active,215683,NA,NA,D,3,1,576333.995,72,2007,94,4,26.47
141856,Active,224653,NA,NA,D,4,1,1874233.869,45,2005,26,4,45
141857,Active,1677727,NA,NA,D,0,0,1081717.139,59.95,2010,18,40.61,51.5
141858,Active,868309,NA,NA,D,2,1,336430.0663,170,2002,27,22.74,41.7
141859,Active,342839,NA,NA,D,3,1,1175840.266,82,2006,39,4.39,5.75
141860,Active,615085,NA,NA,D,1,0,872951.3188,33.5,2008,50,6.03,13.22
141861,Active,57660,NA,NA,D,3,1,153687.6738,64.95,2011,45,4.06,19.79
141862,Active,2169962,NA,NA,D,0,0,717682.5425,61.99,2013,27,23.41,49.99
141863,Active,183996,NA,NA,D,3,1,1770971.08,217.95,2004,41,4,13.49
141864,Active,631529,NA,NA,D,1,0,98931.9175,49.99,2011,40,16.07,0
141865,Active,2621272,NA,NA,D,2,1,1127987.533,79.95,2005,15,4.67,16.67
141866,Active,861930,NA,NA,D,1,0,274195.515,49.99,2014,27,15.98,0
141867,Active,162268,NA,NA,D,5,1,3381766.56,142.11,2007,19,6.61,73.98
141868,Active,50220,NA,NA,D,6,1,87271.4225,32.49,2009,100,13,46.05
141869,Active,113141,NA,NA,D,3,1,1408420.944,88.95,2008,22,12.94,68.99
141870,Active,205861,NA,NA,D,2,1,826270.6638,98,2003,45,4,13.97
141871,Active,195203,NA,NA,D,2,1,678582.3163,47,2010,41,4.39,11.95
141872,Active,179079,NA,NA,S,8,1,213877.2725,127.95,2005,52,5.47,11.89
141873,Active,178766,NA,NA,D,7,1,155281.9038,44.95,1998,30,5.71,43.59
141874,Active,608642,NA,NA,D,6,1,1513977.345,105.95,2008,42,5.01,15.47
141875,Active,532062,NA,NA,D,2,1,644480.0388,124.95,2009,32,5.11,38.98
141876,Active,158028,NA,NA,D,2,1,740863.86,43.95,2004,29,4.18,45.73
141877,Active,158290,NA,NA,D,3,1,370812.7488,44.95,2008,42,4.17,52.77
141878,Active,904224,NA,NA,D,0,0,861950.5513,124,2007,23,53.99,92.99
141879,Active,904319,NA,NA,D,7,1,1892346.086,49.95,2005,24,4,45.27
141880,Active,616927,NA,NA,D,3,1,275348.7275,64.95,2012,121,4,8.45
141881,Active,614710,NA,NA,D,2,1,838895.295,59.95,2011,58,4,5.01
141882,Active,861940,NA,NA,D,4,1,42203.33375,69.95,2014,68,10.99,26.99
141883,Active,53318,NA,NA,D,9,1,119807.9275,227.95,2006,76,4,19.93
141884,Active,183741,NA,NA,D,6,1,1145422.026,91.19,2007,33,4,89.43
141885,Active,545834,NA,NA,D,4,1,41056.3625,116,2013,50,18.56,69.15
141886,Active,557326,NA,NA,D,2,1,365026.575,42.99,2006,48,7.76,12.98
141887,Active,118322,NA,NA,D,3,1,93560.05875,53.8,2011,34,23.91,34.99
141888,Active,2612678,NA,NA,D,2,1,2760279.833,85.99,2001,17,44.59,121.51
141889,Active,2697043,NA,NA,D,12,1,4765601.905,71.95,1997,19,4.05,46.55
141890,Active,132161,NA,NA,D,2,1,1149644.831,92.4,2006,36,4,15.49
141891,Active,131519,NA,NA,D,1,0,803820.6463,76.8,2001,34,4.35,47.87
141892,Active,532046,NA,NA,D,2,1,908552.4825,80,2003,39,3.88,45.59
141893,Active,609771,NA,NA,D,65,1,210445.9025,60,2006,53,9.27,35.51
141894,Active,1482583,NA,NA,D,2,1,1290142.605,46.6,2011,27,25.09,43.55
141895,Active,623638,NA,NA,D,1,0,910392.2913,39.99,2004,46,4,9.09
141896,Active,121332,NA,NA,D,9,1,1383164.6,148,2008,14,19.18,414.52
141897,Active,58092,NA,NA,S,8,1,683929.245,93.4,2003,111,4,7.89
141898,Active,1724439,NA,NA,D,0,0,413361.2513,60,2012,34,18.93,31.93
141899,Active,609742,NA,NA,D,2,1,863912.45,45.95,2006,30,7.68,22.91
141900,Active,699705,NA,NA,D,1,0,1094651.011,49.95,1999,42,4,14.94
141901,Active,532039,NA,NA,D,5,1,1592488.408,55,2009,45,38.62,51.94
141902,Active,2566210,NA,NA,S,2,1,786477.875,55,1995,20,6.36,11.99
141903,Active,560466,NA,NA,D,3,1,896086.295,40,2012,20,22.9,40
141904,Active,2564257,NA,NA,D,2,1,1181325.583,58.99,1971,35,4,54.29
141905,Active,2255145,NA,NA,D,3,1,513695.4175,103.46,2007,36,14.96,50.96
141906,Active,618296,NA,NA,D,3,1,394823.185,84.95,2007,43,8.81,53.61
141907,Active,113020,NA,NA,S,2,1,279621.77,104,1999,35,10.74,53.94
141908,Active,627217,NA,NA,D,3,1,676589.2513,115.95,2005,18,13.09,50.45
141909,Active,254095,NA,NA,D,6,1,897875.7,250.95,2009,38,4.35,83.94
141910,Active,60164,NA,NA,D,8,1,596144.155,279.95,2004,31,4.05,49.6
141911,Active,902646,NA,NA,D,3,1,796556.9163,21.84,1998,26,14.99,21.57
141912,Active,606946,NA,NA,D,9,1,300547.6325,335.25,2007,90,4.48,36.85
141913,Active,550287,NA,NA,D,9,1,337903.6925,31.99,2006,107,5.61,25.49
141914,Active,288728,NA,NA,D,6,1,542454.2813,295.8,2011,27,13.98,76.3
141915,Active,182781,NA,NA,D,6,1,193380.8438,249.95,2003,120,7.35,16.96
141916,Active,50351,NA,NA,D,11,1,154356.8113,239.93,2011,45,7.12,18.44
141917,Active,610422,NA,NA,S,11,1,5386.8425,337,2012,153,13.8,38.99
141918,Active,1772180,NA,NA,D,4,1,620549.0975,396.95,2010,13,9.42,413.95
141919,Active,561369,NA,NA,D,11,1,14712.255,226.6,2011,271,7.97,28.94
141920,Active,51955,NA,NA,D,4,1,651779.3313,195,2004,193,4,21.76
141921,Active,563386,NA,NA,D,3,1,740447.135,74.82,2011,84,4,41.99
141922,Active,163436,NA,NA,D,6,1,630659.705,33.98,2010,36,7.33,33.39
141923,Active,550507,NA,NA,S,3,1,23863.28875,337,2013,80,18.99,33.94
141924,Active,52327,NA,NA,S,7,1,38392.115,378.95,2007,116,21.7,61.44
141925,Active,52311,NA,NA,D,2,1,9883.24,246.67,2010,368,7.78,33.99
141926,Active,533685,NA,NA,S,2,1,396764.3238,258,2010,28,19,113.99
141927,Active,540670,NA,NA,S,3,1,1443.9275,298,2013,274,46.49,70.99
141928,Active,742532,NA,NA,D,2,1,1073386.616,17.99,2008,40,6.67,43.99
141929,Active,633726,NA,NA,D,3,1,75511.665,202.67,2013,95,15.77,59.81
141930,Active,51810,NA,NA,D,6,1,226344.9538,310.95,2005,104,9.45,18.99
141931,Active,699239,NA,NA,D,1,0,583400.0263,103.25,2011,19,33.99,96.55
141932,Active,116236,NA,NA,D,3,1,1487874.831,115,2005,18,6.11,82.61
141933,Active,118150,NA,NA,D,5,1,149523.6738,218.67,2007,157,4.48,14.49
141934,Active,742967,NA,NA,D,6,1,1656935.788,75.87,2010,27,6.24,45.48
141935,Active,551286,NA,NA,S,1,0,504872.9513,148,2001,60,5.33,21.75
141936,Active,58088,NA,NA,D,4,1,1028457.756,57.59,2008,45,4,55.5
141937,Active,58089,NA,NA,D,5,1,469424.1213,69.01,2011,54,4,63.93
141938,Active,50352,NA,NA,D,9,1,563722.6975,158,2005,154,5.88,19.99
141939,Active,52530,NA,NA,D,7,1,1161375.275,426.95,2003,93,4.25,22.47
141940,Active,913248,NA,NA,D,7,1,2444307.141,56.67,2007,36,4.62,43.19
141941,Active,561457,NA,NA,S,13,1,513595.815,202.6,2012,39,7.32,20.19
141942,Active,58307,NA,NA,D,11,1,218124.5925,140.2,2006,112,4.45,33.99
141943,Active,536588,NA,NA,D,13,1,15096.42,188.6,2012,122,8.57,29.98
141944,Active,1827091,NA,NA,D,3,1,96508.82125,120.95,2014,61,19.14,101.99
141945,Active,556396,NA,NA,D,2,1,2441880.826,68.95,2010,11,6.39,263.74
141946,Active,1467577,NA,NA,D,2,1,752609.1188,42,2007,71,4,18.99
141947,Active,56387,NA,NA,D,7,1,274486.8725,326.95,2010,66,6.94,54.94
141948,Active,699226,NA,NA,D,7,1,1236813.856,42.2,2011,37,4,29.7
141949,Active,109341,NA,NA,D,5,1,1231967.5,7.6,2005,96,4,4.96
141950,Active,109283,NA,NA,S,6,1,606211.805,166.75,2008,62,4,23.99
141951,Active,774041,NA,NA,D,4,1,552559.1663,62.59,2000,111,3.98,0
141952,Active,548115,NA,NA,D,4,1,1289577.063,109.95,2000,50,4.09,13.98
141953,Active,51950,NA,NA,D,4,1,670840.5563,198.75,2004,87,5.48,23.94
141954,Active,290356,NA,NA,D,4,1,1642198.216,12.67,2004,49,4,16.36
141955,Active,162344,NA,NA,D,5,1,464073.32,42.5,2008,45,4,18.99
141956,Active,146385,NA,NA,S,12,1,1688.705,279,2011,370,17.98,58.49
141957,Active,51463,NA,NA,D,10,1,19771.62125,198.2,2005,251,7.98,19.99
141958,Active,552707,NA,NA,D,10,1,98606.76375,187.2,2005,113,6.49,36.99
141959,Active,911188,NA,NA,S,12,1,1706062.711,11.35,2012,30,6.19,11.35
141960,Active,51464,NA,NA,D,11,1,19898.905,218.67,2008,320,8.73,58.59
141961,Active,54762,NA,NA,D,2,1,1242231.259,344.95,2004,94,4,19.98
141962,Active,586936,NA,NA,D,0,0,168098.86,39.95,2005,21,20.97,28.8
141963,Active,2693278,NA,NA,D,5,1,907583.7113,44.95,2014,0,0,47.16
141964,Active,1470334,NA,NA,D,15,1,693305.205,85,2006,20,6.14,237.88
141965,Active,2524827,NA,NA,D,14,1,1120245.921,55,2005,14,4.97,675
141966,Active,400641,NA,NA,S,0,0,398346.7675,29.95,2007,26,14.99,22.39
141967,Active,743577,NA,NA,D,5,1,2138605.215,129,2003,20,25.88,39.73
141968,Active,642615,NA,NA,D,4,1,167845.2813,170,2013,38,57.79,102.32
141969,Active,120062,NA,NA,D,4,1,80000.7725,193.6,2009,113,10.11,49.47
141970,Active,134359,NA,NA,D,0,0,462000.6625,25,2005,28,4.28,24.97
141971,Active,645627,NA,NA,D,2,1,2228998.999,68.2,2001,19,4.48,17.99
141972,Active,542998,NA,NA,D,4,1,318648.6938,91.99,2006,29,4.64,12.57
141973,Active,1451780,NA,NA,D,1,0,1347619.804,178.33,2012,22,36.74,144.09
141974,Active,2750725,NA,NA,D,3,1,1886540.959,199,2002,22,6.96,57.7
141975,Active,2663563,NA,NA,D,2,1,3260103.764,179,1996,19,4,15.99
141976,Active,495350,NA,NA,D,2,1,175550.905,55,2010,32,6.83,45.23
141977,Active,268366,NA,NA,D,3,1,1445113.344,65,2005,27,4,16.24
141978,Active,870806,NA,NA,D,2,1,2164429.028,49,2000,34,4,7.98
141979,Active,908701,NA,NA,D,8,1,4720162.558,123.87,2009,26,4.78,78.35
141980,Active,533429,NA,NA,D,5,1,34778.13875,187.8,2012,78,19.92,83.87
141981,Active,51956,NA,NA,D,6,1,603623.5325,111,2002,76,4,13.94
141982,Active,627877,NA,NA,S,1,0,112928.9125,207.8,2012,41,45.91,93.19
141983,Active,913767,NA,NA,S,8,1,295114.74,164.58,2008,31,6.72,53.57
141984,Active,876672,NA,NA,S,5,1,3954987.239,52.03,2010,21,9.77,47.99
141985,Active,53543,NA,NA,D,4,1,997046.5725,145.2,2006,85,4,32.56
141986,Active,119239,NA,NA,D,6,1,11233.93,115.2,2012,56,38.5,71.9
141987,Active,607446,NA,NA,D,5,1,277069.0575,88,2008,47,24.01,52.11
141988,Active,903760,NA,NA,D,21,1,484835.7425,64,2014,33,5.38,50.93
141989,Active,538882,NA,NA,D,20,1,772550.3588,24.97,2013,36,4.54,26.98
141990,Active,615117,NA,NA,D,2,1,650970.6338,72,2006,31,8.94,121.68
141991,Active,788949,NA,NA,D,6,1,3365931.05,139,2000,21,5.47,75.33
141992,Active,2663655,NA,NA,D,5,1,3211987.856,110,1995,16,5.02,12.5
141993,Active,627975,NA,NA,D,1,0,1296467.725,18.74,2007,39,4,4
141994,Active,167296,NA,NA,D,4,1,139887.5025,60,2006,55,14.89,62.78
141995,Active,544559,NA,NA,S,5,1,35023.85125,261.95,2013,57,51.53,116.98
141996,Active,1549043,NA,NA,D,2,1,407951.6588,35.95,2010,29,21.4,32.54
141997,Active,544558,NA,NA,S,5,1,80054.36125,228.95,2013,68,41.18,68.94
141998,Active,1714153,NA,NA,D,2,1,1276844.283,38.99,2006,25,8.31,142.29
141999,Active,143485,NA,NA,D,4,1,516747.35,43,2011,20,28.99,38.87
142000,Active,143225,NA,NA,D,3,1,1946192.915,35,2008,22,4,44.99
142001,Active,60174,NA,NA,D,7,1,1066798.799,134.95,2000,53,4,26.29
142002,Active,130460,NA,NA,D,6,1,32560.27875,220.2,2011,90,6.47,24.63
142003,Active,55169,NA,NA,D,4,1,1227473.114,145.2,2006,88,4,18.96
142004,Active,638335,NA,NA,D,2,1,2201441.15,45.95,2004,18,6.02,45.57
142005,Active,54449,NA,NA,D,9,1,878615.11,30.1,2005,52,4,30.1
142006,Active,55318,NA,NA,D,7,1,135919.2975,62.56,2006,47,4.86,21.99
142007,Active,2821442,NA,NA,D,1,0,1462907.155,42.5,1996,22,4,37.94
142008,Active,121286,NA,NA,D,4,1,310506.6263,188.6,2010,29,7.1,17.99
142009,Active,267390,NA,NA,D,1,0,743016.36,50,2008,48,4,49.97
142010,Active,148797,NA,NA,D,1,0,233614.2313,33.75,1999,113,4,18.87
142011,Active,659222,NA,NA,D,1,0,2217019.163,82.95,2002,18,14.87,62.09
142012,Active,763760,NA,NA,S,3,1,2422361.683,69.95,1999,31,4,4.69
142013,Active,797649,NA,NA,D,1,0,1792953.776,79.95,2003,26,4,8.43
142014,Active,651603,NA,NA,D,2,1,2690341.391,169.95,2005,16,6.25,44
142015,Active,652282,NA,NA,D,2,1,1242184.731,53.95,2013,24,6.79,53.85
142016,Active,532003,NA,NA,D,3,1,913588.145,44,2012,46,4,28.79
142017,Active,364047,NA,NA,D,2,1,1890600.07,39.95,2009,28,4.56,19.29
142018,Active,647072,NA,NA,D,3,1,286056.015,45,2013,25,22.19,68.84
142019,Active,859367,NA,NA,D,1,0,269732.3125,76.8,2006,25,16.74,56.88
142020,Active,2826525,NA,NA,D,0,0,2525732.481,40,2004,21,4,42.64
142021,Active,868301,NA,NA,S,1,0,464204.4413,199,1993,15,18.59,64.23
142022,Active,201484,NA,NA,D,1,0,496417.7713,65,2007,35,19.84,48.99
142023,Active,141828,NA,NA,D,4,1,314353.6025,11.98,2007,93,4,11.98
142024,Active,619746,NA,NA,D,5,1,71313.595,64.75,2012,58,9.77,29.59
142025,Active,553923,NA,NA,D,2,1,985762.8675,69.4,2010,55,4,45.62
142026,Active,795736,NA,NA,S,11,1,531277.3613,165.95,2012,26,17.63,64.24
142027,Active,2647886,NA,NA,D,2,1,1857243.37,51.95,1996,30,6.22,14.98
142028,Active,246198,NA,NA,D,2,1,2329472.16,49.95,2003,35,4,34.56
142029,Active,115588,NA,NA,D,2,1,561953.07,80.6,2002,55,4,78.8
142030,Active,57096,NA,NA,D,3,1,299540.875,46.95,2001,90,4.44,18.24
142031,Active,57097,NA,NA,D,4,1,171204.5863,62.95,2006,59,5.34,28.98
142032,Active,57098,NA,NA,D,5,1,10286.0625,54.95,2010,40,28.9,31.99
142033,Active,543084,NA,NA,S,2,1,216195.2013,49.99,1998,71,11.97,25.94
142034,Active,57168,NA,NA,S,2,1,559830.1125,46.95,2001,68,4,15.94
142035,Active,602280,NA,NA,D,1,0,388213.1313,19.95,1992,43,4,23.94
142036,Active,760468,NA,NA,S,2,1,817672.695,149,2004,26,10.81,100.31
142037,Active,2576650,NA,NA,D,1,0,3972458.135,120,1988,20,4,28.99
142038,Active,720529,NA,NA,D,3,1,1768051.881,79.99,2003,24,14.92,58.9
142039,Active,2552242,NA,NA,D,2,1,4131119.976,45.95,2005,22,4.81,22.99
142040,Active,636485,NA,NA,D,3,1,911644.21,42.95,2009,15,20.32,23.98
142041,Active,877052,NA,NA,S,7,1,775082.3263,271.66,2009,45,18.99,23.26
142042,Active,244013,NA,NA,D,7,1,352515.9438,283.95,2011,52,9.85,64.95
142043,Active,61251,NA,NA,D,6,1,125445.1488,320.95,2006,54,6.95,79.72
142044,Active,265094,NA,NA,D,2,1,693903.735,42.95,2003,25,5.5,16.93
142045,Active,623490,NA,NA,D,3,1,105737.3788,54.95,2010,45,6.79,69.25
142046,Active,265115,NA,NA,D,2,1,601595.9663,54.95,2006,50,4.24,44.09
142047,Active,617906,NA,NA,D,3,1,1228550.223,227.95,2003,35,6.36,38
142048,Active,2562967,NA,NA,D,2,1,4095457.161,317.71,1995,19,9.41,100.95
142049,Active,136767,NA,NA,D,0,0,789283.78,46,2004,30,9.04,35.42
142050,Active,107089,NA,NA,D,4,1,1279324.914,49.99,2006,38,4,25.55
142051,Active,3078724,NA,NA,D,0,0,1058151.698,55,2002,30,4,51.39
142052,Active,533327,NA,NA,D,6,1,23698.67,80,2012,66,22.96,31.88
142053,Active,908190,NA,NA,D,2,1,1723854.663,44.99,2009,24,4,10.94
142054,Active,860663,NA,NA,D,4,1,90426.20125,39.99,2012,24,9.89,23.98
142055,Active,752573,NA,NA,D,3,1,1042619.236,39.99,2009,36,4,7.73
142056,Active,253861,NA,NA,D,1,0,539802.0363,111.95,2009,41,8.45,20.04
142057,Active,701955,NA,NA,D,1,0,1167948.655,39.99,2010,45,4,8.95
142058,Active,644651,NA,NA,D,2,1,417878.3013,59.95,2012,38,8.29,34.28
142059,Active,625268,NA,NA,D,3,1,193811.4525,57.95,2010,22,7.75,46.66
142060,Active,918436,NA,NA,D,2,1,912970.3425,63.95,1995,24,4.4,37.96
142061,Active,287606,NA,NA,S,5,1,251618.0538,138.8,2009,32,19.17,78.98
142062,Active,247754,NA,NA,D,3,1,1231571.886,50,2006,50,4,12.64
142063,Active,254407,NA,NA,D,5,1,35935.81125,121,2011,50,8.99,50.54
142064,Active,195132,NA,NA,D,4,1,675852.9125,84.95,2008,72,4,26.12
142065,Active,184527,NA,NA,D,3,1,166231.1925,59.95,2002,77,5.68,47.8
142066,Active,60177,NA,NA,S,6,1,497593.0188,112.2,2007,35,5.98,69.75
142067,Active,712455,NA,NA,D,0,0,722925.325,78.97,2001,59,4,11.01
142068,Active,551381,NA,NA,D,4,1,136722.7825,116.48,2007,42,15.72,45.99
142069,Active,538945,NA,NA,D,3,1,385558.6088,159.5,2006,34,7.93,67.79
142070,Active,708229,NA,NA,D,2,1,706869.92,12.04,2004,25,7.47,12.19
142071,Active,607195,NA,NA,D,8,1,1817321.915,162.4,1999,17,4.98,31.99
142072,Active,2257393,NA,NA,D,5,1,4192790.085,37.29,2007,41,7.94,35.17
142073,Active,581707,NA,NA,D,5,1,982275.7063,175,2007,49,4.47,26.21
142074,Active,912707,NA,NA,D,2,1,344828.0013,43,2008,19,5.47,19.99
142075,Active,875373,NA,NA,D,5,1,1114928.045,16.99,2008,80,4.2,19.98
142076,Active,613007,NA,NA,D,2,1,1234216.131,173,2008,62,4,32.49
142077,Active,737209,NA,NA,D,5,1,1047679.816,27,2003,25,0.98,10.73
142078,Active,581681,NA,NA,D,4,1,2516732.963,105,2005,26,4.54,10.85
142079,Active,738092,NA,NA,D,3,1,3079447.461,104.5,2000,14,5.44,133.31
142080,Active,143033,NA,NA,D,4,1,2711410.579,176,2006,18,29.95,78.49
142081,Active,528809,NA,NA,S,10,1,161124.5538,171.95,2010,30,32.95,46.98
142082,Active,224431,NA,NA,D,8,1,1458063.915,189.95,2003,46,4,9.9
142083,Active,714665,NA,NA,D,4,1,1037060.63,86.8,1998,31,3.99,33.98
142084,Active,910357,NA,NA,D,3,1,1764123.056,51.9,1994,25,4,32.98
142085,Active,60180,NA,NA,D,11,1,957376.205,138.6,2006,24,5.25,29.95
142086,Active,288526,NA,NA,D,10,1,992325.135,116.8,2002,47,4.58,58.59
142087,Active,145490,NA,NA,D,11,1,810560.3138,97.33,2005,27,4.58,25
142088,Active,60183,NA,NA,D,11,1,1520976.154,102.8,2005,36,4.36,50.59
142089,Active,616720,NA,NA,D,2,1,302851.7663,54.95,2012,130,4.74,26.99
142090,Active,612481,NA,NA,D,3,1,41270.035,69.95,2014,86,7.33,52.9
142091,Active,119480,NA,NA,D,1,0,671873.1675,71.4,2012,87,4,13.03
142092,Active,705781,NA,NA,D,2,1,369951.025,191.75,2012,28,56.29,74.59
142093,Active,170168,NA,NA,D,6,1,539915.0488,295.95,2010,38,5.1,13.99
142094,Active,575265,NA,NA,D,2,1,1873215.184,39.95,2006,44,4,21.99
142095,Active,542682,NA,NA,D,3,1,197700.42,42.95,2010,59,4,28.99
142096,Active,1926914,NA,NA,D,2,1,1161496.235,39.95,2010,37,6.01,35.09
142097,Active,108107,NA,NA,D,4,1,679123.9825,22.33,2003,63,4,26.8
142098,Active,628977,NA,NA,S,0,0,271079.3588,49.99,1999,59,7.98,28.99
142099,Active,2268510,NA,NA,D,4,1,930042.145,39.6,2006,32,15.86,38.22
142100,Active,607197,NA,NA,D,10,1,1787126.541,69,2000,48,4,18.98
142101,Active,177898,NA,NA,S,1,0,1192126.141,75.95,2003,103,3.79,8.94
142102,Active,2326375,NA,NA,D,3,1,748471.3538,219.95,1994,21,8.89,88.22
142103,Active,549322,NA,NA,D,1,0,303623.715,85.72,2000,61,4,48.79
142104,Active,2649561,NA,NA,D,1,0,1277990.475,54.95,1991,24,15.17,36.82
142105,Active,1537292,NA,NA,D,1,0,1385555.574,38.95,2006,26,5.91,36.72
142106,Active,53937,NA,NA,D,5,1,601750.2963,97.4,2006,53,4,28.98
142107,Active,607557,NA,NA,D,3,1,385819.0875,31.95,1990,42,12.16,84.95
142108,Active,552843,NA,NA,D,1,0,401708.7913,58.2,2009,43,12.24,48.86
142109,Active,2502844,NA,NA,D,0,0,1050848.584,84.95,1997,22,18.14,29.99
142110,Active,228905,NA,NA,D,3,1,547754.3388,37,2001,45,4,59.11
142111,Active,228941,NA,NA,D,4,1,165338.79,45,2006,58,4.49,45.13
142112,Active,124007,NA,NA,S,5,1,247118.6563,79.95,2000,52,4.39,23.83
142113,Active,877301,NA,NA,D,6,1,416507.295,92.43,2005,46,6.04,56.28
142114,Active,619042,NA,NA,D,3,1,667142.6138,37.95,2001,45,4,21.8
142115,Active,720509,NA,NA,D,2,1,249902.1,59.95,2002,52,4.76,23.99
142116,Active,115484,NA,NA,D,0,0,536039.2925,65.07,2004,33,4,20.49
142117,Active,107195,NA,NA,D,4,1,587327.59,13.21,2000,38,4,52.98
142118,Active,55402,NA,NA,D,6,1,152392.33,102,2010,54,6.26,45.36
142119,Active,891886,NA,NA,D,1,0,891453.4875,30,2007,9,34.08,26.49
142120,Active,157737,NA,NA,D,2,1,812329.4775,56.95,2010,76,4.32,27.99
142121,Active,132638,NA,NA,D,8,1,539590.5038,84.67,2008,21,12.62,76.69
142122,Active,54759,NA,NA,D,6,1,1735786.688,52.6,2002,82,3.92,7.34
142123,Active,132729,NA,NA,D,8,1,271083.61,84.67,2008,26,7.49,22.09
142124,Active,339245,NA,NA,D,6,1,480573.59,43.99,2007,21,17.26,69.17
142125,Active,51258,NA,NA,D,7,1,2785132.685,130.95,2002,35,4,8.49
142126,Active,639014,NA,NA,D,2,1,1524649.831,95,2004,15,9.51,89.02
142127,Active,2604283,NA,NA,D,3,1,64388.38,32,2004,89,8.99,13.44
142128,Active,587584,NA,NA,S,2,1,745291.8438,198.95,2011,53,4.96,26.31
142129,Active,218510,NA,NA,D,3,1,1746163.229,93.95,2001,46,4,23.99
142130,Active,3272833,NA,NA,D,2,1,3020407.751,62.1,2005,36,8.09,64.77
142131,Active,203847,NA,NA,D,2,1,2172485.995,49.95,2006,33,4.27,21.98
142132,Active,531949,NA,NA,D,5,1,1427192.201,104.99,2009,27,4.39,5.31
142133,Active,293885,NA,NA,D,1,0,396852.23,98.95,2010,94,3.84,11.89
142134,Active,544887,NA,NA,D,12,1,1697295.309,67.95,2010,23,18.72,45.98
142135,Active,561678,NA,NA,D,2,1,625023.5338,120.51,2008,27,9.4,103.83
142136,Active,146885,NA,NA,S,1,0,604965.7213,52.95,2001,81,4.44,73.5
142137,Active,903144,NA,NA,D,11,1,3360288.546,72.95,2006,16,6.22,60.58
142138,Active,203854,NA,NA,D,8,1,893725.4063,75.95,2007,37,7.65,19.03
142139,Active,578940,NA,NA,D,2,1,4112585.371,32.95,1993,35,4,18.11
142140,Active,210874,NA,NA,D,4,1,1233392.958,42.95,2001,66,4.49,12.47
142141,Active,565328,NA,NA,D,2,1,439574.875,63.95,2003,29,31.24,63.95
142142,Active,531939,NA,NA,D,3,1,1380776.214,107,2008,29,18.47,46.38
142143,Active,177682,NA,NA,S,1,0,517544.5413,184.95,2002,93,4.39,52.9
142144,Active,1562877,NA,NA,D,2,1,3883022.031,128,2008,14,57.45,80.89
142145,Active,626038,NA,NA,D,1,0,1389477.616,159.99,2006,27,22.64,98.71
142146,Active,58071,NA,NA,D,5,1,502517.45,221.95,2005,52,4,72.31
142147,Active,645942,NA,NA,D,3,1,2096612.388,340,2007,19,23.34,123.99
142148,Active,542584,NA,NA,D,7,1,325752.5025,73.95,2012,23,22.7,52.8
142149,Active,540926,NA,NA,D,7,1,852699.8125,29.95,2008,94,4,7.99
142150,Active,561723,NA,NA,D,8,1,253407.4213,34.95,2012,79,4,28.99
142151,Active,531931,NA,NA,D,4,1,1060589.143,124.95,2009,43,4,13.1
142152,Active,245162,NA,NA,D,3,1,902846.525,131.95,2005,37,4,10.24
142153,Active,663103,NA,NA,D,9,1,9093.505,51.95,2014,64,23.62,32.98
142154,Active,540932,NA,NA,D,8,1,203509.5288,49.95,2010,87,7.6,20.99
142155,Active,906042,NA,NA,D,4,1,2679401.041,98.99,2008,18,24.28,66.44
142156,Active,3504313,NA,NA,S,4,1,477468.25,165,2003,47,22.44,93.98
142157,Active,2257031,NA,NA,D,7,1,2927973.798,30.98,2010,37,10.28,57.09
142158,Active,106167,NA,NA,D,6,1,409609.5425,38.95,2006,61,3.84,34.94
142159,Active,106760,NA,NA,D,7,1,307013.3263,55,2010,66,7.76,27.96
142160,Active,531927,NA,NA,D,6,1,1101901.093,131,2010,20,40.93,50.21
142161,Active,1839602,NA,NA,D,2,1,5021424.914,44.99,2007,16,5.74,71.73
142162,Active,2143446,NA,NA,D,2,1,2028836.023,108,2007,19,7.64,50.29
142163,Active,622696,NA,NA,D,2,1,962903.6363,78.99,2009,24,8.7,54.54
142164,Active,200529,NA,NA,D,2,1,62982.15125,118.95,2011,55,5.8,59.97
142165,Active,778427,NA,NA,D,2,1,3558270.361,86.95,2005,29,4.92,54.97
142166,Active,531925,NA,NA,D,4,1,105696.4925,133.95,2012,68,48.39,63.99
142167,Active,543008,NA,NA,D,12,1,228639.36,46.99,2009,55,6.96,13.99
142168,Active,622616,NA,NA,D,5,1,153838.03,51.6,2011,31,5.97,0
142169,Active,285841,NA,NA,D,1,0,1198741.154,52.95,2006,49,4,23.9
142170,Active,531923,NA,NA,D,2,1,301909.535,63.8,2011,68,3.55,19.76
142171,Active,531922,NA,NA,D,4,1,46179.9875,99,2008,40,14.34,100.54
142172,Active,904570,NA,NA,D,16,1,2539964.338,59.95,2006,15,4,38.53
142173,Active,58064,NA,NA,D,2,1,574311.6788,54.95,2004,21,14,63.38
142174,Active,58066,NA,NA,D,3,1,578700.3275,66.95,2009,27,19.33,48.64
142175,Active,634579,NA,NA,S,1,0,788044.6425,179,1999,20,8.89,110.22
142176,Active,294837,NA,NA,D,3,1,39966.31375,72.95,2009,45,37.48,39.37
142177,Active,162340,NA,NA,S,4,1,114310.3275,30.82,2008,37,32.9,72.99
142178,Active,658012,NA,NA,D,5,1,100592.2425,90,2013,42,27.06,49.69
142179,Active,56754,NA,NA,D,3,1,2901956.563,41.95,2000,44,4,36.99
142180,Active,367139,NA,NA,D,3,1,1070632.159,92.99,2008,22,48.89,125.2
142181,Active,615638,NA,NA,D,1,0,845119.6163,141.95,2008,82,4,0
142182,Active,313574,NA,NA,D,1,0,714077.9313,139.4,2007,56,4,18.29
142183,Active,60207,NA,NA,D,2,1,2021615.594,106.67,2003,37,3.37,13.98
142184,Active,106698,NA,NA,D,26,1,207255.445,65,2009,50,13.93,35.04
142185,Active,619286,NA,NA,D,5,1,660969.675,69.95,2006,35,4.13,34.99
142186,Active,190825,NA,NA,D,6,1,528920.8038,67.95,2011,38,10.24,38.48
142187,Active,415940,NA,NA,D,8,1,490070.5,69,2012,41,13.92,33.95
142188,Active,700579,NA,NA,D,6,1,1075667.195,49.95,2005,51,4,20.98
142189,Active,546516,NA,NA,D,2,1,610599.345,49.95,2005,23,15.65,49.66
142190,Active,147112,NA,NA,D,3,1,2132559.956,199,2004,18,4,117.25
142191,Active,834860,NA,NA,D,2,1,12379426.19,156,1999,16,7.39,38.54
142192,Active,635681,NA,NA,D,1,0,238463.35,55,2012,45,7.98,0
142193,Active,288785,NA,NA,D,5,1,2614592.356,74.95,2003,57,4.02,27.94
142194,Active,196596,NA,NA,D,4,1,1144861.488,130,2001,27,11.99,18.99
142195,Active,565321,NA,NA,D,3,1,2482699.346,239,2004,20,9.1,53.98
142196,Active,903175,NA,NA,D,5,1,2019211.343,77.95,2004,19,5.98,34.67
142197,Active,192634,NA,NA,D,1,0,464012.7188,59.95,1997,17,4,56.79
142198,Active,159515,NA,NA,D,2,1,1816241.02,81.95,2004,23,8.88,79.78
142199,Active,2551545,NA,NA,D,2,1,3602304.743,69.95,2003,19,4.03,51.61
142200,Active,550832,NA,NA,D,4,1,3668934.445,96.33,2010,22,4.98,13.84
142201,Active,2698387,NA,NA,D,2,1,2799523.455,81.95,2003,10,57.34,60.57
142202,Active,537969,NA,NA,D,6,1,1446197.343,118.95,2001,33,4,31.99
142203,Active,899374,NA,NA,D,2,1,2639683.99,79.95,2000,18,7.21,73.18
142204,Active,775200,NA,NA,D,5,1,4111319.314,223.95,2003,15,5.74,24.42
142205,Active,585295,NA,NA,D,2,1,4182160.178,93,1995,19,4.66,20.33
142206,Active,897606,NA,NA,D,3,1,3066447.579,45,2008,27,4.12,49.61
142207,Active,626930,NA,NA,D,2,1,1971420.019,64.95,2003,25,4,40.89
142208,Active,553834,NA,NA,D,4,1,1149075.568,54.2,2007,49,4,10
142209,Active,540069,NA,NA,D,4,1,150901.7288,143.2,2010,37,34.38,137.44
142210,Active,617679,NA,NA,D,4,1,398169.7375,104.99,2006,37,12.95,26.98
142211,Active,907026,NA,NA,D,3,1,1898491.06,64,2008,26,4,20.77
142212,Active,299946,NA,NA,D,2,1,3613066.69,55,2005,28,4,33.77
142213,Active,824346,NA,NA,D,0,0,1052374.016,32,1998,21,8.4,40.44
142214,Active,177585,NA,NA,D,1,0,312284.0938,122.95,2002,36,4.99,0
142215,Active,222201,NA,NA,D,2,1,871530.7225,55,2006,28,4,4.23
142216,Active,222221,NA,NA,D,3,1,228642.3025,75,2010,50,4.23,26.23
142217,Active,393023,NA,NA,D,3,1,333000.9188,55,2011,22,18.97,47.82
142218,Active,300247,NA,NA,D,3,1,612415.9275,110,2005,35,9.54,30.48
142219,Active,631964,NA,NA,D,1,0,957036.8338,104,1984,43,6.34,64.12
142220,Active,631245,NA,NA,D,3,1,1831393.6,59,1990,19,4,28.92
142221,Active,268417,NA,NA,D,2,1,794401.5913,50,2005,36,4.23,13.12
142222,Active,268348,NA,NA,D,2,1,236017.1063,75,2004,30,4.47,32.27
142223,Active,203799,NA,NA,D,4,1,736428.61,68.95,2004,37,4,44.99
142224,Active,646243,NA,NA,D,3,1,135950.4938,40.95,2004,30,6.88,42.99
142225,Active,268334,NA,NA,D,1,0,961288.3613,30,2004,29,4,52.13
142226,Active,609702,NA,NA,D,6,1,317189.4425,46,2005,51,9.56,29.77
142227,Active,911878,NA,NA,D,6,1,967265.65,83.59,2005,31,22.11,83.59
142228,Active,609704,NA,NA,D,5,1,246911.605,40,2000,106,4,9.95
142229,Active,607089,NA,NA,D,4,1,846022.9288,87.5,2002,60,4,10.39
142230,Active,608941,NA,NA,D,3,1,552974.3388,59.99,2010,46,4.98,21.14
142231,Active,608938,NA,NA,D,2,1,1352128.538,59.99,2006,49,4,6.67
142232,Active,296510,NA,NA,D,2,1,593371.9763,48.95,2006,43,4,7.86
142233,Active,270660,NA,NA,D,3,1,556463.5788,63,2009,82,4,12.99
142234,Active,125886,NA,NA,D,2,1,311790.61,159,2002,29,7.97,77.33
142235,Active,911960,NA,NA,D,2,1,664710.445,111.5,2004,26,26.95,73.98
142236,Active,107560,NA,NA,D,3,1,261596.935,83.55,2002,35,8.99,62.77
142237,Active,108583,NA,NA,D,2,1,2357765.638,116.45,1998,33,4.13,9.49
142238,Active,612944,NA,NA,S,1,0,206052.9525,94.95,2011,223,4,26.99
142239,Active,909016,NA,NA,D,2,1,606161.6275,65,2005,28,7.7,19.89
142240,Active,386472,NA,NA,D,2,1,324325.7725,82,2010,32,26.24,53.97
142241,Active,233989,NA,NA,D,2,1,112816.34,39.95,2007,51,7.66,68.99
142242,Active,651599,NA,NA,D,2,1,562953.64,119.99,2006,24,5.48,69.93
142243,Active,596302,NA,NA,S,1,0,398953.7113,35,1993,123,4,12.77
142244,Active,58199,NA,NA,S,5,1,95822.81125,90,2011,46,22.2,53.34
142245,Active,544480,NA,NA,D,1,0,1428302.244,76.95,2013,31,3.98,16.96
142246,Active,51386,NA,NA,D,6,1,545435.0825,14.64,2004,85,4,9.98
142247,Active,711333,NA,NA,D,3,1,4266747.996,110,2001,40,4,10.04
142248,Active,51385,NA,NA,D,7,1,114098.7725,54.71,2008,96,9.74,39.65
142249,Active,616230,NA,NA,D,1,0,36109.79125,50,1995,122,4,17.41
142250,Active,131315,NA,NA,D,2,1,719611.51,92,2000,34,4.98,23.85
142251,Active,613869,NA,NA,D,2,1,733428.8075,127.8,2002,68,4,21.99
142252,Active,492463,NA,NA,S,6,1,20860.875,270.95,2011,67,39.26,83.98
142253,Active,717728,NA,NA,D,3,1,1056015.831,86.95,2001,30,4.11,12.68
142254,Active,619627,NA,NA,D,3,1,4248992.258,51.64,2000,25,4,51.74
142255,Active,61224,NA,NA,D,6,1,1088576.746,25,2004,51,4,10.08
142256,Active,271492,NA,NA,D,6,1,126445.8663,77.95,2010,85,23.1,63.84
142257,Active,518136,NA,NA,D,5,1,5199924.491,0,2008,14,8.53,0
142258,Active,53058,NA,NA,D,3,1,2310379.049,136.95,2003,50,4,5.99
142259,Active,919128,NA,NA,D,0,0,388582.2963,64,2010,52,9.37,31.03
142260,Active,268387,NA,NA,D,1,0,327998.9475,77,2005,48,7.99,31.94
142261,Active,910952,NA,NA,D,2,1,1098740.001,105,2003,36,4,27.84
142262,Active,643701,NA,NA,D,1,0,1268821.359,80,2008,18,15.28,51.46
142263,Active,914903,NA,NA,D,1,0,342500.5588,26,2003,43,4,24.62
142264,Active,1544188,NA,NA,D,0,0,757302.6475,54.95,2013,16,46.62,45.5
142265,Active,1918223,NA,NA,D,14,1,796977.17,44.99,2013,19,9.99,10.74
142266,Active,267373,NA,NA,D,4,1,860743.4275,50,2007,44,4,13.49
142267,Active,858990,NA,NA,D,9,1,4004778.953,89,2003,29,4.12,17.35
142268,Active,607399,NA,NA,D,10,1,229981.0275,195.2,2006,34,8.17,56.76
142269,Active,531864,NA,NA,S,20,1,110992.5863,269.95,2010,84,4,18.1
142270,Active,553285,NA,NA,D,12,1,872532.835,162.53,2012,31,7.96,319.31
142271,Active,111391,NA,NA,S,2,1,1042529.426,0,2010,26,9.22,130.59
142272,Active,1622654,NA,NA,D,9,1,305452.8463,193.95,2007,39,7.36,40.98
142273,Active,111897,NA,NA,D,13,1,157828.29,124,2011,40,29.04,149.28
142274,Active,146666,NA,NA,D,9,1,232144.22,240.4,2011,39,5.69,211.99
142275,Active,109901,NA,NA,D,8,1,237812.3775,173,2007,39,41.99,152.94
142276,Active,873252,NA,NA,D,5,1,2889903.145,11.39,2009,17,4,5.47
142277,Active,533448,NA,NA,S,11,1,39432.17125,306.95,2012,68,33.61,98.48
142278,Active,742781,NA,NA,D,5,1,2280715.083,238.67,2010,20,26.87,238.67
142279,Active,740792,NA,NA,D,4,1,1620309.993,186,2006,16,9.43,53.99
142280,Active,540577,NA,NA,D,2,1,621476.5025,225.33,2010,74,4.49,19.99
142281,Active,600351,NA,NA,D,5,1,795193.1675,38.92,2008,28,4.35,38.87
142282,Active,51812,NA,NA,D,5,1,1025765.355,53.81,2004,38,4.95,26
142283,Active,54131,NA,NA,D,4,1,357557.0438,198.67,2008,63,7.1,28.99
142284,Active,552142,NA,NA,D,3,1,1029014.593,116,2003,89,4,5.24
142285,Active,107458,NA,NA,D,2,1,3669810.03,7.38,2004,26,4.48,7.38
142286,Active,146247,NA,NA,D,4,1,216178.13,240.4,2011,40,9.59,119.99
142287,Active,182851,NA,NA,D,6,1,517630.905,219.95,2003,78,4,19.97
142288,Active,2261078,NA,NA,D,2,1,1473247.826,23.56,2011,45,5.59,22.41
142289,Active,911458,NA,NA,D,4,1,2386341.305,0,2012,19,4.48,63.99
142290,Active,624643,NA,NA,D,1,0,25027.96375,243.75,2013,53,30.49,0
142291,Active,169473,NA,NA,D,9,1,2020660.461,234.95,2006,22,6.12,63.34
142292,Active,571968,NA,NA,D,1,0,801381.87,194.95,2008,37,4.74,19.94
142293,Active,298897,NA,NA,D,8,1,179500.35,328.95,2010,68,11.86,33.99
142294,Active,120543,NA,NA,D,5,1,407709.8438,179.33,2007,95,4,25.75
142295,Active,116843,NA,NA,D,4,1,633744.7888,138.67,2005,63,4,28.93
142296,Active,146618,NA,NA,D,3,1,1302350.629,157.33,2010,22,11.31,153.94
142297,Active,53244,NA,NA,D,3,1,1883255.164,123.33,2005,72,4,6.93
142298,Active,531853,NA,NA,D,3,1,1413573.084,146.56,2008,23,18.97,73.21
142299,Active,52226,NA,NA,D,3,1,219727.05,179.33,2009,133,4,36.5
142300,Active,533693,NA,NA,D,4,1,34038.5375,226.4,2012,110,17.77,58.85
142301,Active,52225,NA,NA,D,2,1,1840137.374,158,2006,86,4,5.2
142302,Active,52366,NA,NA,S,9,1,356974.02,147.33,2004,124,4,17.87
142303,Active,145255,NA,NA,D,4,1,184242.5025,158,2005,58,11.48,22.93
142304,Active,183006,NA,NA,D,4,1,1919683.363,340.95,2004,39,4,5.93
142305,Active,457643,NA,NA,D,1,0,947734.5763,298.95,2007,40,4,23.98
142306,Active,569996,NA,NA,D,0,0,2168565.37,0,2006,18,4.96,50.59
142307,Active,146030,NA,NA,D,4,1,345834.4663,200,2009,16,10.2,111.99
142308,Active,285220,NA,NA,D,8,1,2516744.336,64.45,2007,26,8.73,93.79
142309,Active,107302,NA,NA,D,7,1,477916.3888,44.19,2000,65,5.59,31.56
142310,Active,109902,NA,NA,D,8,1,456373.1788,217.75,2007,40,4.59,52.98
142311,Active,260535,NA,NA,S,3,1,422793.6675,60,2005,33,3.7,0
142312,Active,120722,NA,NA,D,1,0,1489296.738,202,2008,36,9.74,138.35
142313,Active,770496,NA,NA,D,0,0,211188.9063,56.95,2004,36,5.6,19.48
142314,Active,531841,NA,NA,D,3,1,278960.585,32.49,2009,54,7.81,28.99
142315,Active,224745,NA,NA,S,9,1,15668.49,350.95,2011,122,27.99,73.97
142316,Active,1515731,NA,NA,D,2,1,5989310.764,104.22,2009,17,5.14,104.22
142317,Active,613509,NA,NA,D,2,1,27382.11625,275.6,2009,181,13.01,51.12
142318,Active,533980,NA,NA,D,3,1,642828.2563,276.2,2009,31,7.17,27.99
142319,Active,52448,NA,NA,D,7,1,112354.7875,395.95,2006,102,8.99,63.13
142320,Active,55312,NA,NA,D,6,1,427042.9875,180.73,2006,52,7.29,67.37
142321,Active,561565,NA,NA,D,2,1,1090373.718,188.13,2012,22,20.96,194.87
142322,Active,285490,NA,NA,D,3,1,1006254.138,52.59,2009,37,4,52.07
142323,Active,109731,NA,NA,D,2,1,4161660.854,45.4,2005,29,4,42.43
142324,Active,624354,NA,NA,D,2,1,886991.1613,187,2009,26,11.16,187
142325,Active,860308,NA,NA,D,9,1,477526.6,191.6,2011,22,22.09,88.99
142326,Active,118055,NA,NA,D,6,1,1075076.661,115.67,2006,21,19.43,79.47
142327,Active,713838,NA,NA,D,4,1,3820051.658,71,1999,16,3.94,39.92
142328,Active,299032,NA,NA,D,4,1,767630.005,80,2007,38,4,6.48
142329,Active,608621,NA,NA,D,5,1,1058347.411,140.95,2005,28,4,32.9
142330,Active,592242,NA,NA,D,6,1,827157.23,177.95,2008,24,4,68.69
142331,Active,132739,NA,NA,D,3,1,1634440.131,42.6,2008,55,4,9.02
142332,Active,607925,NA,NA,D,2,1,5633571.811,36,2005,36,4,6.28
142333,Active,53002,NA,NA,D,2,1,199505.0613,131.95,2006,117,4,15.22
142334,Active,346423,NA,NA,D,3,1,290839.175,165.95,2009,78,4,6.99
142335,Active,53783,NA,NA,D,7,1,131667.2013,53.05,2007,104,8.98,38.19
142336,Active,622721,NA,NA,D,8,1,164473.215,55,2007,33,11.49,28.98
142337,Active,129491,NA,NA,S,1,0,875137.8325,74,2011,88,4.14,20.94
142338,Active,636293,NA,NA,D,2,1,1100445.344,35.95,2009,24,26.43,199.98
142339,Active,2527503,NA,NA,D,0,0,2430713.164,19.99,1991,31,4.91,25.99
142340,Active,2535757,NA,NA,D,2,1,1514051.028,35.95,2002,23,7.93,59.63
142341,Active,2533461,NA,NA,D,2,1,850713.135,39.95,2001,26,9.84,53.99
142342,Active,2533464,NA,NA,D,2,1,643578.0313,29.95,2001,24,5.2,63.63
142343,Active,2542361,NA,NA,D,2,1,2142935.638,44.95,2003,16,16.13,61.63
142344,Active,2540487,NA,NA,D,2,1,5812418.591,42.95,2002,12,17,117.03
142345,Active,2532323,NA,NA,D,2,1,1204847.59,22.95,1996,29,4.51,98.28
142346,Active,789244,NA,NA,D,5,1,2349110.036,370,2004,11,43.84,153.74
142347,Active,614743,NA,NA,D,5,1,294681.3563,28.98,2000,38,4.3,32.99
142348,Active,184428,NA,NA,D,3,1,750120.215,68.95,2002,40,4,56.05
142349,Active,917677,NA,NA,D,2,1,1837165.25,45.95,2001,41,4,33.31
142350,Active,144206,NA,NA,D,1,0,429760.9788,121.4,2003,40,7.34,0
142351,Active,105653,NA,NA,S,4,1,427901.965,59.95,2000,67,4.87,28.54
142352,Active,106688,NA,NA,D,6,1,163587.74,83,2009,51,33.78,63.99
142353,Active,103866,NA,NA,D,1,0,1680397.118,89.95,2001,25,14.17,45.09
142354,Active,104201,NA,NA,D,2,1,1239628.718,79.95,2000,30,4,33.99
142355,Active,531828,NA,NA,D,6,1,553613.0063,49.99,2008,30,4.1,50.71
142356,Active,907222,NA,NA,D,3,1,2086562.224,229,2000,18,11.78,88.62
142357,Active,56734,NA,NA,D,4,1,220578.1125,82.99,2009,92,8.64,20.98
142358,Active,298383,NA,NA,D,2,1,2517231.249,215,2007,17,59.74,142.69
142359,Active,648102,NA,NA,D,3,1,2332282.796,161,2011,13,63.98,162.58
142360,Active,2823574,NA,NA,D,0,0,2948383.618,54.95,1985,15,11.38,67.55
142361,Active,909536,NA,NA,D,3,1,1767044.498,40.99,2006,23,4,27.98
142362,Active,60198,NA,NA,D,4,1,415738.73,67.95,2005,64,3.99,23.99
142363,Active,204184,NA,NA,D,4,1,1360083.239,67.95,2005,30,4,43.99
142364,Active,204111,NA,NA,D,5,1,154978.5288,80.99,2009,67,4.24,16.39
142365,Active,622720,NA,NA,D,6,1,521166.12,49.99,2008,28,12.19,38
142366,Active,193038,NA,NA,D,2,1,2157210.068,146,1996,17,53.98,97.38
142367,Active,550186,NA,NA,D,1,0,261047.32,43.03,2004,50,16.99,30.26
142368,Active,60199,NA,NA,D,2,1,120347.58,54.95,1999,139,4,16.82
142369,Active,248885,NA,NA,D,3,1,256595.6413,84.95,2006,66,13.08,57.95
142370,Active,832980,NA,NA,D,2,1,1059523.844,99.95,1996,27,10.15,26.99
142371,Active,147026,NA,NA,D,3,1,1521734.729,120,2002,17,41.17,64.91
142372,Active,2672255,NA,NA,D,3,1,8341268.833,146,2005,12,5.92,89.79
142373,Active,587962,NA,NA,D,8,1,1640175.821,69.95,2012,15,29.41,42.78
142374,Active,2681259,NA,NA,D,4,1,2258254.511,59,1995,20,11.51,117.67
142375,Active,910034,NA,NA,D,1,0,977587.0713,123,2002,17,9.15,28.98
142376,Active,643349,NA,NA,D,3,1,2460606.839,52.46,1998,20,6.96,53.44
142377,Active,609957,NA,NA,S,3,1,35274.635,69.95,2014,57,21.26,33.99
142378,Active,193550,NA,NA,D,2,1,2524993.345,137,2007,26,4,5.88
142379,Active,193689,NA,NA,S,3,1,383797.2525,144,2009,54,5.05,50.98
142380,Active,105985,NA,NA,D,4,1,1009992.555,9.61,2004,73,4,15.24
142381,Active,699985,NA,NA,D,3,1,3074773.274,59.95,2001,24,4,33.98
142382,Active,2862096,NA,NA,D,8,1,1738832.93,96,2005,24,4,73.87
142383,Active,901678,NA,NA,D,3,1,2411156.853,79.5,2005,19,4.97,56.88
142384,Active,2394309,NA,NA,D,3,1,2652959.243,267.62,2004,15,5.46,74.48
142385,Active,616920,NA,NA,D,0,0,1289428.283,43,2011,30,4.49,36.99
142386,Active,612618,NA,NA,D,0,0,792467.2413,156.95,2014,38,22.84,35.93
142387,Active,193646,NA,NA,D,4,1,1232667.214,146,2009,41,4,27.99
142388,Active,751578,NA,NA,D,5,1,1930684.681,39.95,2009,17,7.74,49.79
142389,Active,552849,NA,NA,D,5,1,1082264.459,85.8,2006,60,4.03,11.22
142390,Active,147483,NA,NA,D,2,1,365050.1438,65.95,2007,126,4,22.99
142391,Active,774909,NA,NA,D,3,1,375905.0275,46.95,2000,19,9.96,89.87
142392,Active,297243,NA,NA,D,2,1,1674373.138,49.95,1996,35,4.12,14.59
142393,Active,900918,NA,NA,D,2,1,707205.8988,62.95,2002,23,25.72,102.43
142394,Active,541440,NA,NA,D,6,1,1209623.145,48.95,2010,23,11.4,19.1
142395,Active,2940750,NA,NA,D,2,1,3650518.586,93.95,2005,17,4.42,91.15
142396,Active,108291,NA,NA,S,2,1,755999.5375,105.25,2004,50,4,15.98
142397,Active,655053,NA,NA,D,4,1,24417.56375,94.95,2013,66,33.21,71.74
142398,Active,127494,NA,NA,D,3,1,110154.2463,82.95,2009,90,4,23.99
142399,Active,51825,NA,NA,D,10,1,30437.91,154.33,2009,147,6.67,52.85
142400,Active,183496,NA,NA,D,10,1,1468306.119,87.2,2006,35,4,13.88
142401,Active,614657,NA,NA,D,1,0,599299.51,44.99,2006,73,4,17.74
142402,Active,109529,NA,NA,D,8,1,2216622.614,23.49,2007,35,4,23.49
142403,Active,109704,NA,NA,D,8,1,2129513.85,103.25,2006,31,4.11,23.93
142404,Active,608567,NA,NA,D,3,1,4692396.02,70.95,1999,30,4,7.98
142405,Active,215686,NA,NA,D,1,0,608926.1713,49.5,2008,33,13.99,45.38
142406,Active,557304,NA,NA,D,2,1,919468.7888,102.8,2007,26,4,13.99
142407,Active,620229,NA,NA,D,0,0,15008.715,95,2012,88,7.9,38.99
142408,Active,131864,NA,NA,D,5,1,186548.3775,141.4,2005,61,6.05,49.38
142409,Active,297872,NA,NA,S,8,1,17156.0975,190.95,2012,80,35.99,79.44
142410,Active,878643,NA,NA,D,6,1,1435306.343,15.96,2006,49,5.58,15.96
142411,Active,533764,NA,NA,D,5,1,17877.56125,159.6,2012,98,7.21,33.99
142412,Active,557509,NA,NA,D,3,1,644810.5438,104.2,2010,50,4.8,33.92
142413,Active,778688,NA,NA,D,2,1,616300.6025,63.95,2009,38,4.49,38.98
142414,Active,50249,NA,NA,D,5,1,5630640.845,73.95,1998,24,4.06,7.98
142415,Active,132690,NA,NA,D,1,0,264706.98,166.4,2010,67,4.68,46.16
142416,Active,254403,NA,NA,D,3,1,795184.4813,79.95,2011,72,4,35.99
142417,Active,195110,NA,NA,D,2,1,2504109.123,74.95,2007,37,4,13.94
142418,Active,50558,NA,NA,D,4,1,357994.1188,138.95,2005,52,4,11.99
142419,Active,1459219,NA,NA,D,2,1,3358056.984,146,2009,21,8.76,79.12
142420,Active,1453055,NA,NA,D,3,1,311171.0025,89.8,2013,5,87.76,95.39
142421,Active,766238,NA,NA,D,5,1,821772.345,57.95,2004,22,5.44,48.99
142422,Active,203886,NA,NA,D,5,1,1017604.736,49.95,2007,44,4,6.99
142423,Active,53724,NA,NA,D,10,1,94761.3325,19.81,2009,76,4.18,40.45
142424,Active,764635,NA,NA,D,3,1,3897263.244,106.95,2000,21,4.39,11.98
142425,Active,577427,NA,NA,D,5,1,970598.065,59.95,2006,71,4,17.05
142426,Active,653618,NA,NA,D,2,1,1931587.964,69.95,2008,15,6.18,7.73
142427,Active,626179,NA,NA,D,4,1,1474774.099,57.95,2005,34,4,12.94
142428,Active,613977,NA,NA,D,5,1,958942.1875,167,2007,46,4.69,46.13
142429,Active,199587,NA,NA,D,2,1,3396417.266,87.95,2002,31,4,15.94
142430,Active,254026,NA,NA,D,5,1,1956812.14,162.64,2010,11,16.68,110.42
142431,Active,531790,NA,NA,D,9,1,64441.84375,228.95,2012,73,8.74,57.11
142432,Active,858743,NA,NA,D,2,1,2139147.03,77,2000,19,4,43.11
142433,Active,860679,NA,NA,D,2,1,546567.3663,54.95,2012,86,4,8.99
142434,Active,53420,NA,NA,D,7,1,806961.2975,20,2005,134,4,20
142435,Active,142028,NA,NA,D,9,1,31599.0525,40.08,2011,118,8.53,33.98
142436,Active,1856741,NA,NA,D,0,0,783201.7325,39.99,2012,16,28.7,29.19
142437,Active,141550,NA,NA,S,7,1,532634.2163,42.95,2002,62,4,8.93
142438,Active,901047,NA,NA,D,3,1,1886992.505,35.95,2002,26,11.56,28.95
142439,Active,720941,NA,NA,D,2,1,2663698.13,110,2003,25,6.61,20.65
142440,Active,619382,NA,NA,D,2,1,227469.4913,61.95,2008,31,6.32,28.98
142441,Active,245008,NA,NA,D,2,1,1000166.614,66.95,2005,23,4,124.97
142442,Active,627524,NA,NA,D,2,1,216108.8125,81.9,2008,35,15.18,24.99
142443,Active,3557232,NA,NA,D,7,1,2319752.8,98.35,1992,25,4.12,103.08
142444,Active,196610,NA,NA,D,2,1,2647018.325,54.95,2000,16,6.27,21.97
142445,Active,899583,NA,NA,D,2,1,1356194.644,42,2006,19,4.59,42
142446,Active,631772,NA,NA,D,2,1,799958.3675,213,2006,32,6.44,132.35
142447,Active,601459,NA,NA,D,2,1,668988.9075,50.95,2010,17,10.8,41.2
142448,Active,552189,NA,NA,D,4,1,1136451.778,78.6,2004,27,4,21.25
142449,Active,200368,NA,NA,D,1,0,155502.2663,126.95,2009,38,20.85,70.98
142450,Active,607802,NA,NA,D,10,1,2676761.525,148.4,2008,31,4,29.98
142451,Active,137545,NA,NA,D,11,1,2438560.239,169,2010,33,4.13,45.43
142452,Active,143220,NA,NA,D,3,1,589490.0875,43,2008,29,6.38,36.73
142453,Active,608490,NA,NA,D,2,1,2307072.579,76,2005,44,4,8.76
142454,Active,623443,NA,NA,D,2,1,772148.6588,68.95,2011,52,5.19,30.43
142455,Active,629140,NA,NA,D,1,0,24864.8725,89.95,2012,54,7.28,0
142456,Active,54121,NA,NA,D,5,1,1694454.225,277.95,2005,51,4,13.69
142457,Active,608491,NA,NA,D,3,1,229963.1575,94.99,2008,61,4,9.28
142458,Active,608609,NA,NA,D,3,1,8511025.474,51.95,2004,16,4.42,5.99
142459,Active,291561,NA,NA,D,4,1,5799274.993,126.95,2003,18,4,88.99
142460,Active,157769,NA,NA,D,1,0,139783.27,58.95,2011,36,5.37,40.95
142461,Active,531781,NA,NA,D,3,1,648744.255,43,2009,61,4,7.73
142462,Active,633261,NA,NA,D,3,1,1702971.274,67,2010,24,4.96,48.45
142463,Active,2879260,NA,NA,D,2,1,1543490.274,49,1992,16,6.39,102.36
142464,Active,700431,NA,NA,D,1,0,1575271.991,39.95,2003,49,4,8.43
142465,Active,55033,NA,NA,S,8,1,1216627.869,11,2004,46,4,13.49
142466,Active,761178,NA,NA,D,2,1,7250526.489,100,2004,20,4,18.99
142467,Active,116915,NA,NA,D,2,1,1997377.213,53.2,2004,46,4,17.99
142468,Active,222307,NA,NA,D,6,1,1035608.911,84,2009,51,4,11.47
142469,Active,164914,NA,NA,S,2,1,459477.0688,49.95,1999,79,5.11,39.98
142470,Active,1655850,NA,NA,D,2,1,679748.8488,75,2012,20,17.2,42.65
142471,Active,416592,NA,NA,S,7,1,854367.915,275.85,2009,27,7.98,43.99
142472,Active,119332,NA,NA,D,5,1,1039949.941,127,2011,41,4,28.91
142473,Active,677499,NA,NA,D,0,0,356485.5363,29.95,2002,69,4.58,21.74
142474,Active,609756,NA,NA,D,4,1,1217855.621,39.99,2007,65,4,7.69
142475,Active,609758,NA,NA,D,5,1,591362.4575,44.99,2009,48,4.35,7.86
142476,Active,702173,NA,NA,S,3,1,992616.645,26,2011,16,10.78,14.9
142477,Active,531767,NA,NA,D,2,1,1304715.316,129.95,2007,28,9.04,41.3
142478,Active,622783,NA,NA,D,1,0,776193.96,39.95,2004,32,9.93,28.96
142479,Active,621432,NA,NA,D,4,1,75459.0225,78.95,2006,42,18.97,57.54
142480,Active,618259,NA,NA,D,0,0,45257.75625,50,2010,38,13.17,0
142481,Active,245214,NA,NA,D,2,1,3164818.449,121.95,2004,19,13.13,48.83
142482,Active,875711,NA,NA,S,0,0,701328.0375,89.95,2003,51,7.56,27.49
142483,Active,193975,NA,NA,D,0,0,1541010.689,49,2001,30,4.58,61.03
142484,Active,627532,NA,NA,D,2,1,649281.3063,45.95,2008,45,4.54,48.7
142485,Active,628778,NA,NA,D,2,1,484727.2913,97,2008,31,28.47,55.65
142486,Active,801549,NA,NA,D,1,0,418300.5,49,2008,19,22.14,67.61
142487,Active,576609,NA,NA,D,5,1,562211.2313,153.95,2006,27,5.09,91.69
142488,Active,620254,NA,NA,D,5,1,328682.3988,213,2010,52,6.47,88.23
142489,Active,643999,NA,NA,D,8,1,737306.2413,77.1,2008,17,26.09,0
142490,Active,112373,NA,NA,S,6,1,296254.3525,117.5,1995,29,5.84,64.71
142491,Active,549056,NA,NA,D,5,1,764931.155,74,1989,34,4,34.17
142492,Active,606874,NA,NA,D,4,1,1131838.049,45.66,2003,57,4,41.77
142493,Active,705157,NA,NA,D,4,1,1702063.3,91.5,2003,32,4,13.92
142494,Active,608144,NA,NA,D,2,1,1838839.385,149,2001,28,6.67,48.94
142495,Active,268498,NA,NA,D,2,1,848498.8538,47,2008,36,4.36,43.07
142496,Active,50921,NA,NA,D,9,1,311781.6013,102.2,2009,88,3.96,35.43
142497,Active,315434,NA,NA,S,10,1,53915.91,94.4,2012,59,27.58,63.87
142498,Active,50919,NA,NA,D,7,1,571793.2588,79.4,2003,66,3.87,6.97
142499,Active,50920,NA,NA,D,8,1,858971.5888,97.33,2006,115,4,13.99
142500,Active,147182,NA,NA,D,5,1,1283472.488,184.95,2007,24,9.58,92.47
142501,Active,118767,NA,NA,S,1,0,881192.7663,119.37,2008,104,4,7.99
142502,Active,531718,NA,NA,S,7,1,44751.7425,150.2,2010,55,20.48,92.53
142503,Active,116341,NA,NA,D,7,1,546664.8038,152.13,2010,22,38.74,602.84
142504,Active,116149,NA,NA,D,1,0,314524.8463,49.95,2007,55,7.98,29.86
142505,Active,531716,NA,NA,D,7,1,541536.4038,57.99,2009,23,16.51,58.43
142506,Active,115897,NA,NA,D,0,0,532536.455,72.6,2006,33,4.81,52.57
142507,Active,704003,NA,NA,D,3,1,686973.0113,23.97,2002,44,4.19,23.98
142508,Active,50967,NA,NA,S,8,1,917364.3788,10.73,2003,42,4,7.77
142509,Active,50970,NA,NA,D,10,1,1683732.071,23.94,2006,55,4,12.99
142510,Active,50968,NA,NA,D,11,1,461620.17,16.74,2008,57,4.43,8.54
142511,Active,2664586,NA,NA,D,2,1,6831229.885,199,2000,18,6.34,57.29
142512,Active,653744,NA,NA,D,3,1,3094691.178,231.95,2005,16,8.92,20.99
142513,Active,206825,NA,NA,D,2,1,1091155.721,79.99,2011,67,4.03,11.69
142514,Active,107070,NA,NA,D,6,1,423879.5,59.99,2006,96,4.51,10.88
142515,Active,290218,NA,NA,D,1,0,649007.9825,59.99,2009,77,4,15.99
142516,Active,531707,NA,NA,D,2,1,151766.2963,49.99,2012,57,10.27,14.98
142517,Active,637594,NA,NA,D,2,1,251865.6413,59.99,2013,37,8.99,23.91
142518,Active,619313,NA,NA,D,3,1,191512.5188,83.5,2012,95,4.7,24.3
142519,Active,538287,NA,NA,D,3,1,476994.365,42.05,2012,46,4.76,16.69
142520,Active,531704,NA,NA,D,2,1,596069.965,89.99,2012,50,4.35,20.61
142521,Active,615168,NA,NA,D,1,0,742115.0963,49.99,2009,87,4,12.9
142522,Active,624703,NA,NA,D,2,1,314762.19,49.99,2012,54,5.13,8.85
142523,Active,623526,NA,NA,D,0,0,819485.3425,35.99,2009,43,4,11.64
142524,Active,629949,NA,NA,D,1,0,937140.0613,50,2011,38,4.35,16.45
142525,Active,630168,NA,NA,D,0,0,1101377.514,99,2007,43,13.97,33.37
142526,Active,3152842,NA,NA,D,2,1,1112120.215,49.95,2000,22,13.68,30.66
142527,Active,1867739,NA,NA,D,2,1,960729.17,125.95,2009,24,25.03,105.28
142528,Active,531699,NA,NA,D,4,1,3141076.249,103.25,2008,23,3.34,8.88
142529,Active,2422653,NA,NA,D,2,1,882748.8713,69,1988,38,3.96,22.98
142530,Active,256776,NA,NA,D,3,1,664075.7275,104,2002,57,6.45,21.97
142531,Active,113083,NA,NA,D,4,1,299562.1363,89.95,2006,47,7.96,18.99
142532,Active,217269,NA,NA,D,2,1,1228523.109,45,2004,43,4,89.91
142533,Active,250202,NA,NA,D,3,1,2789990.423,140.95,2006,21,4,17.3
142534,Active,544756,NA,NA,D,16,1,246883.4838,120.95,2013,34,9.06,45.97
142535,Active,533671,NA,NA,D,15,1,540705.1575,212.95,2012,87,4,44.59
142536,Active,862193,NA,NA,S,17,1,176178.615,189.95,2014,20,41.54,78.52
142537,Active,52433,NA,NA,D,14,1,324585.4038,212.95,2011,107,4,51.91
142538,Active,3808637,NA,NA,S,3,1,1091039.4,19,2014,29,4.77,19
142539,Active,115256,NA,NA,D,0,0,1576496.733,61.8,2003,27,4,46.07
142540,Active,556809,NA,NA,S,2,1,232680.33,99.99,1995,64,4.8,36.29
142541,Active,553632,NA,NA,S,2,1,693342.9463,80,1996,50,4,13.19
142542,Active,57766,NA,NA,D,3,1,901137.26,180.95,2009,45,4.74,16.94
142543,Active,635630,NA,NA,D,2,1,700082.2825,77.2,2012,34,4.99,13.42
142544,Active,624114,NA,NA,D,1,0,710622.6963,108.95,2005,27,4.93,19
142545,Active,116530,NA,NA,D,4,1,1186145.526,129,2003,54,4,18.98
142546,Active,607120,NA,NA,D,2,1,3172319.935,103,2000,15,5.82,76.06
142547,Active,2836633,NA,NA,D,3,1,2957334.935,83.95,1994,23,5.52,44.51
142548,Active,117654,NA,NA,D,7,1,844688.0463,139,2005,54,4,15.78
142549,Active,663143,NA,NA,D,0,0,2162.7625,89.95,2013,99,33.99,53.68
142550,Active,163295,NA,NA,D,3,1,2833718.164,89.95,2004,21,5.48,13.99
142551,Active,778127,NA,NA,D,2,1,1842457.278,69.95,2004,54,4,10.06
142552,Active,249873,NA,NA,D,1,0,1056479.434,117.95,2007,30,4,56.02
142553,Active,566204,NA,NA,D,2,1,1100561.44,15.34,2006,29,4,15.29
142554,Active,878614,NA,NA,D,2,1,1107998.176,53.98,2010,16,10.95,53.99
142555,Active,141636,NA,NA,D,3,1,1331183.756,44.57,2003,38,3.99,34.49
142556,Active,634001,NA,NA,D,3,1,1048999.785,163,1996,21,6.39,78.34
142557,Active,252065,NA,NA,D,8,1,1210415.239,229.95,2008,26,11.54,81.2
142558,Active,551527,NA,NA,D,2,1,1582976.966,91.95,2008,26,6.16,22.94
142559,Active,55306,NA,NA,D,6,1,813193.4975,174,2008,127,3.99,6.39
142560,Active,405702,NA,NA,D,3,1,1284200.116,35.94,2002,64,4,35.94
142561,Active,1780835,NA,NA,D,1,0,2088726.794,90,2014,19,46.38,57.48
142562,Active,299912,NA,NA,D,2,1,1069885.128,199.95,2004,29,10.31,102.3
142563,Active,162966,NA,NA,D,2,1,1325285.009,96.71,2010,18,7.88,30.89
142564,Active,531663,NA,NA,D,3,1,80993.57625,50.95,2010,37,17.97,37.99
142565,Active,58057,NA,NA,D,13,1,186199.4263,82.91,2008,42,5.37,69.65
142566,Active,634829,NA,NA,D,4,1,986998.085,75,2005,29,4.99,58.83
142567,Active,203617,NA,NA,D,1,0,1248024.39,54.95,2004,37,4,16.58
142568,Active,531662,NA,NA,D,0,0,801924.8138,399.95,2013,36,4.24,20.92
142569,Active,611793,NA,NA,S,0,0,718759.3113,231.49,2013,34,8.98,73.99
142570,Active,60220,NA,NA,S,11,1,407547.21,128.67,2007,35,4,38.93
142571,Active,874757,NA,NA,D,13,1,2952978.389,22.53,2012,23,4,19.3
142572,Active,627130,NA,NA,D,5,1,3980303.42,28.95,2007,17,5.47,23.69
142573,Active,625247,NA,NA,S,2,1,291442.8563,224.4,2010,56,5.14,42.99
142574,Active,57413,NA,NA,S,8,1,66160.13,192.95,2011,51,15.72,66.99
142575,Active,879332,NA,NA,D,7,1,1969600.145,77.48,2008,46,6.53,52.71
142576,Active,54369,NA,NA,D,7,1,1540252.721,4.43,2006,63,3.99,4.58
142577,Active,878099,NA,NA,S,10,1,1636519.17,119.75,2012,27,6.47,46.99
142578,Active,52161,NA,NA,D,8,1,2169019.894,157.6,2005,29,4.53,91.28
142579,Active,109511,NA,NA,D,13,1,994673.3175,12.65,2005,35,4.72,8.91
142580,Active,876306,NA,NA,D,10,1,317477.4875,85.59,2012,10,69.45,56.43
142581,Active,54447,NA,NA,D,7,1,1830827.781,109.4,2005,34,4,15.99
142582,Active,116376,NA,NA,S,10,1,65715.67125,158.6,2012,63,30.69,112.33
142583,Active,553769,NA,NA,S,4,1,124377.11,173.33,2010,48,23.98,48.99
142584,Active,552591,NA,NA,D,3,1,297726.0363,175.55,2007,42,4.84,25.94
142585,Active,617051,NA,NA,D,0,0,213462.985,163.8,2007,33,11.46,31.99
142586,Active,52607,NA,NA,S,3,1,584959.595,136,2003,99,4,19.98
142587,Active,53976,NA,NA,D,11,1,9609.35,181.67,2009,180,18.97,108.62
142588,Active,561514,NA,NA,D,11,1,95366.58375,215.2,2011,115,19.42,58.95
142589,Active,60900,NA,NA,D,10,1,18583.4675,136,2006,107,9.88,52.99
142590,Active,914951,NA,NA,D,2,1,1547856.72,65.95,1997,34,4,38.47
142591,Active,711257,NA,NA,D,5,1,725888.6763,73.67,2000,32,5.29,15.95
142592,Active,912369,NA,NA,D,3,1,2161425.023,53,2003,20,4,17.19
142593,Active,871024,NA,NA,D,4,1,4220396.718,63.4,2003,37,3.99,16.37
142594,Active,631615,NA,NA,D,6,1,608114.475,126.8,2009,32,20.42,0
142595,Active,291267,NA,NA,D,2,1,1207643.92,28.99,2005,40,4.72,15.63
142596,Active,543232,NA,NA,D,10,1,136398.4575,52,2012,41,11.03,28.98
142597,Active,748143,NA,NA,D,2,1,1319591.364,69.5,2002,78,4,11.98
142598,Active,246549,NA,NA,D,4,1,1242393.55,49.95,2006,29,4,39.84
142599,Active,130481,NA,NA,S,3,1,59941.3,106.73,2011,39,38.88,93.79
142600,Active,795558,NA,NA,S,11,1,280879.1175,18.99,2012,27,7.98,18.99
142601,Active,60005,NA,NA,D,9,1,60744.84,147.95,2005,112,4.45,33.99
142602,Active,254296,NA,NA,D,3,1,320455.4513,65.95,2010,32,11.56,52.27
142603,Active,860204,NA,NA,D,3,1,594522.63,52.95,2010,80,4,19.97
142604,Active,651167,NA,NA,S,2,1,494685.9275,42,1997,23,9.78,57.27
142605,Active,203753,NA,NA,D,3,1,283119.1025,63.95,2006,51,6.29,45.43
142606,Active,271070,NA,NA,D,4,1,17678.80625,78.99,2011,46,31.74,43.81
142607,Active,107277,NA,NA,D,3,1,931995.4625,92.43,2001,30,4,41.49
142608,Active,3472562,NA,NA,D,7,1,1838767.85,71,1993,35,4,34.98
142609,Active,717513,NA,NA,D,2,1,1816218.176,47.95,1999,36,4,27.98
142610,Active,591972,NA,NA,D,2,1,1006198.52,51.95,2004,40,4,30.99
142611,Active,544955,NA,NA,D,3,1,192147.8675,59,2009,44,6.34,36.99
142612,Active,771197,NA,NA,D,5,1,3020280.699,75.95,2003,30,4,10.1
142613,Active,599562,NA,NA,D,1,0,616427.7975,57,2006,21,13.98,53.61
142614,Active,607870,NA,NA,D,2,1,778233.9813,60.2,2001,38,4,15.66
142615,Active,609441,NA,NA,D,5,1,2243830.415,63.9,1996,27,4,8.94
142616,Active,546468,NA,NA,D,12,1,3201392.809,112,2004,16,6.47,17.48
142617,Active,516401,NA,NA,D,5,1,1190879.815,120,2010,20,22.79,91.42
142618,Active,665456,NA,NA,D,1,0,710244.035,49.95,2011,22,7.49,4.36
142619,Active,2264646,NA,NA,D,14,1,824557.195,131.95,2011,35,14.33,68.83
142620,Active,52613,NA,NA,D,11,1,2057745.118,59.95,2007,51,4,6.98
142621,Active,613659,NA,NA,D,9,1,1023294.148,59.95,2008,70,4,11.59
142622,Active,270684,NA,NA,D,8,1,289126.19,66,2010,31,9.07,41.21
142623,Active,545810,NA,NA,D,9,1,66699.32,66,2013,35,10.48,29.98
142624,Active,229120,NA,NA,D,7,1,1411122.984,49.95,2007,43,3.8,11.52
142625,Active,592240,NA,NA,D,1,0,329142.8488,143.95,2009,61,4,20.99
142626,Active,111464,NA,NA,D,11,1,569544.5625,63.99,2009,37,8.94,43.99
142627,Active,649454,NA,NA,S,13,1,38976.50875,208.5,2013,79,38.99,55.95
142628,Active,107988,NA,NA,S,9,1,1151114.046,5.98,2003,57,4,5.98
142629,Active,610392,NA,NA,S,12,1,150753.9438,63.97,2011,41,26.78,47.95
142630,Active,533585,NA,NA,D,11,1,473987.84,135.04,2009,45,5.52,23.49
142631,Active,53417,NA,NA,D,10,1,390327.9788,38.94,2007,137,4,22.94
142632,Active,51740,NA,NA,D,10,1,842181.475,7.99,2005,63,4.35,52.97
142633,Active,537011,NA,NA,D,2,1,1784495.118,113.47,2011,22,8.31,122.66
142634,Active,537012,NA,NA,D,2,1,1967262.663,113.47,2011,23,21.03,218.37
142635,Active,607885,NA,NA,D,2,1,2913088.535,95,2003,29,4,4.36
142636,Active,555489,NA,NA,D,1,0,99523.75125,59.95,2003,63,4,24.88
142637,Active,895392,NA,NA,D,0,0,1114466.788,155.35,2004,16,38.74,103.98
142638,Active,614536,NA,NA,D,3,1,1000170.825,46.8,2003,47,4,16.69
142639,Active,169771,NA,NA,D,9,1,909213.8725,229.95,2008,20,4.94,72.25
142640,Active,2252442,NA,NA,D,13,1,4664902.699,27.92,2009,41,9.29,31.1
142641,Active,738388,NA,NA,D,6,1,3521933.276,28.5,2003,20,4,13.87
142642,Active,117283,NA,NA,D,1,0,887886.3538,145.4,2008,51,4,18.97
142643,Active,581700,NA,NA,D,7,1,1488928.41,149,2006,36,4.96,13.99
142644,Active,878514,NA,NA,D,4,1,1475999.51,10.72,2008,45,5.66,10.71
142645,Active,60222,NA,NA,D,3,1,2534846.828,177.95,2004,46,4,13.29
142646,Active,193525,NA,NA,S,4,1,704560.835,43.95,2006,65,4,13.98
142647,Active,120236,NA,NA,D,2,1,118057.135,156.4,2012,94,6.5,15.04
142648,Active,142894,NA,NA,D,7,1,938654.955,90,2004,32,9.95,69.24
142649,Active,505042,NA,NA,D,13,1,1095692.684,196,2009,38,4.68,10.86
142650,Active,600146,NA,NA,D,17,1,226856.8488,225,2010,223,5.98,48.99
142651,Active,612833,NA,NA,D,16,1,888465.2375,162,2007,84,4,72.24
142652,Active,641129,NA,NA,D,2,1,1826375.286,10.08,2008,21,13.98,79.99
142653,Active,1691853,NA,NA,D,0,0,1335151.08,54.99,2010,27,15.09,84.36
142654,Active,617441,NA,NA,D,1,0,95705.1725,83.2,2002,41,24.92,88.83
142655,Active,608323,NA,NA,S,6,1,490379.9025,110,1994,45,4,9.68
142656,Active,2572614,NA,NA,D,2,1,484731.175,185,1992,22,6.39,98.98
142657,Active,608340,NA,NA,D,3,1,503101.6775,99,2001,48,12.51,38.94
142658,Active,625701,NA,NA,D,6,1,903886.6125,133.75,2001,27,10.03,106.39
142659,Active,162902,NA,NA,S,2,1,137091.6888,130,2010,29,32.94,78.49
142660,Active,52740,NA,NA,D,5,1,998890.4313,113.95,2005,55,4,7.99
142661,Active,907138,NA,NA,D,1,0,1332033.8,63,2010,21,16.69,54.43
142662,Active,916269,NA,NA,D,1,0,1494429.616,80,2003,47,4,40.28
142663,Active,294552,NA,NA,D,0,0,128536.4188,49,2005,31,16.05,34.5
142664,Active,774954,NA,NA,D,4,1,2527072.719,110,2001,24,8.47,55.17
142665,Active,533754,NA,NA,D,10,1,10421.7375,260,2012,138,14.88,33.97
142666,Active,606692,NA,NA,D,9,1,1793471.843,260.95,2000,43,4,29.92
142667,Active,108306,NA,NA,D,7,1,537860.9238,13.98,2004,42,4,13.69
142668,Active,876407,NA,NA,S,1,0,1289166.831,38.54,2011,25,4.38,25.06
142669,Active,697979,NA,NA,D,10,1,2038087.278,86.48,2008,23,4.35,46.3
142670,Active,626658,NA,NA,S,12,1,43423.005,95.71,2012,58,26.39,83.98
142671,Active,616735,NA,NA,D,11,1,229491.0963,66.9,2009,49,12.13,58.71
142672,Active,51502,NA,NA,D,9,1,104547.34,214.8,2010,125,6.07,33.49
142673,Active,867904,NA,NA,S,11,1,6544.3575,273.4,2014,84,24.67,56.99
142674,Active,876470,NA,NA,D,10,1,2373728.835,18.99,2010,40,4,18.99
142675,Active,60223,NA,NA,D,8,1,354221.8175,55.52,2007,52,4,46.55
142676,Active,51501,NA,NA,D,8,1,139079.1988,196,2008,123,4,11.75
142677,Active,115571,NA,NA,D,0,0,764668.8925,146.6,2004,33,36.7,106.91
142678,Active,703736,NA,NA,D,7,1,1259653.195,12.99,2001,35,3.99,12.99
142679,Active,289229,NA,NA,D,0,0,1079320.556,129,2005,29,5.54,40.82
142680,Active,404411,NA,NA,D,3,1,1386579.048,176,2007,26,5.25,72.99
142681,Active,904838,NA,NA,D,4,1,2528010.889,129,2003,20,4.24,97.4
142682,Active,625192,NA,NA,D,5,1,883104.3475,198,2008,20,13.99,63.99
142683,Active,767328,NA,NA,D,8,1,1343045.769,255.95,2009,16,8.98,115.85
142684,Active,183227,NA,NA,S,6,1,384786.8,293.95,2004,55,12.2,52.31
142685,Active,571815,NA,NA,D,7,1,812845.185,16.84,2000,47,4,15.74
142686,Active,847351,NA,NA,D,6,1,1672637.494,48.36,1996,42,4,8.29
142687,Active,286127,NA,NA,D,0,0,185863.7638,139,2004,38,4.98,34.93
142688,Active,178646,NA,NA,S,8,1,244039.075,169.95,2010,46,18.99,46.86
142689,Active,569694,NA,NA,S,4,1,557347.1963,225.95,2003,69,4,20.27
142690,Active,148701,NA,NA,D,12,1,1937009.346,117.95,2008,35,4,18.29
142691,Active,535781,NA,NA,S,15,1,10340.46,70.87,2012,95,11.6,38.76
142692,Active,286433,NA,NA,D,6,1,541830.765,193.33,2008,49,18.87,58.67
142693,Active,148384,NA,NA,D,14,1,1732789.094,143.95,2005,25,4,75.89
142694,Active,745499,NA,NA,D,15,1,3331033.941,326.95,2008,13,9.19,326.95
142695,Active,436419,NA,NA,D,4,1,1120143.131,245.95,2009,51,4,41.6
142696,Active,61185,NA,NA,D,3,1,3091709.79,281.95,2006,33,4,9.03
142697,Active,270693,NA,NA,D,4,1,675619.5175,46,2010,80,4,5.94
142698,Active,296512,NA,NA,D,3,1,2101313.304,36.95,2007,38,4,8.99
142699,Active,664715,NA,NA,D,0,0,284373.995,37,2013,27,13.58,30.67
142700,Active,126579,NA,NA,S,6,1,104620.2088,74.95,2003,33,16.53,48.99
142701,Active,723498,NA,NA,D,6,1,1080124.019,77.95,2008,13,14.03,66.83
142702,Active,566617,NA,NA,D,2,1,1035287.103,33.86,2004,30,5.42,28.1
142703,Active,763949,NA,NA,S,1,0,4213846.745,79.95,1999,27,4,41.3
142704,Active,632642,NA,NA,D,7,1,691597.5588,136.61,2008,36,4.71,25.23
142705,Active,617575,NA,NA,D,6,1,2287227.994,10.91,2005,35,4,20.08
142706,Active,246275,NA,NA,D,1,0,785945.185,48.95,2005,41,4.77,64.96
142707,Active,201789,NA,NA,D,6,1,613567.7575,96,2010,55,4,39.26
142708,Active,576949,NA,NA,D,5,1,2030145.66,95,2007,38,4,12.98
142709,Active,468737,NA,NA,D,1,0,588446.1688,150.95,2010,27,8.84,11.24
142710,Active,658530,NA,NA,D,1,0,724276.0025,61.15,2009,41,4,72.43
142711,Active,112995,NA,NA,D,2,1,1839673.283,103,2007,26,5.59,58.43
142712,Active,50803,NA,NA,D,12,1,309000.8038,346.95,2011,55,10.66,86.92
142713,Active,632099,NA,NA,D,2,1,314782.2775,137.13,2012,38,29.89,83.93
142714,Active,435105,NA,NA,D,2,1,22521.025,129.8,2012,88,26.21,73.91
142715,Active,177730,NA,NA,D,6,1,1098279.664,272.95,2002,54,4,31.99
142716,Active,567779,NA,NA,D,1,0,232536.5313,72.95,2009,37,5.99,57.99
142717,Active,905675,NA,NA,D,1,0,584301.6888,36.95,2010,28,4.54,26.37
142718,Active,110451,NA,NA,D,8,1,503588.8038,38.99,2007,32,4.72,37.99
142719,Active,52345,NA,NA,D,13,1,286939.4963,250.95,2007,133,4,10.73
142720,Active,244115,NA,NA,D,15,1,106896.0363,242.95,2012,119,4.93,22.85
142721,Active,148614,NA,NA,D,13,1,855339.7675,288.95,2008,62,4,7.12
142722,Active,544424,NA,NA,S,16,1,15810.98125,314.95,2013,78,15.53,48.98
142723,Active,54527,NA,NA,D,6,1,2030327.398,86,2005,76,4,8.63
142724,Active,54526,NA,NA,D,7,1,233896.4063,114.2,2009,181,4,14.49
142725,Active,456677,NA,NA,D,6,1,150327.3088,292.95,2011,53,13.25,78.68
142726,Active,861975,NA,NA,S,7,1,199752.5475,292.95,2014,58,23.66,111.68
142727,Active,547949,NA,NA,D,3,1,678284.3975,186.95,1996,46,4,16.99
142728,Active,878764,NA,NA,D,2,1,2192858.569,0,2011,18,4.57,33.05
142729,Active,147510,NA,NA,D,5,1,511024.0575,147.95,2008,27,43.99,83.98
142730,Active,743733,NA,NA,D,4,1,826208.985,149,2006,16,72.1,78.2
142731,Active,262608,NA,NA,D,3,1,495535.5963,39.95,2001,58,4,20.97
142732,Active,3472537,NA,NA,D,2,1,1912194,106.67,1990,18,4,135.95
142733,Active,178688,NA,NA,S,2,1,302852.625,293.95,2011,50,18.95,48.99
142734,Active,330764,NA,NA,S,1,0,817146.9925,298.95,2008,34,4,14.98
142735,Active,560346,NA,NA,D,3,1,1240637.798,209,2008,55,5.52,13.94
142736,Active,531580,NA,NA,D,3,1,118258.1225,126.4,2012,96,15.24,30.77
142737,Active,408049,NA,NA,D,2,1,2092295.978,79.95,2005,24,4.07,19.98
142738,Active,539863,NA,NA,D,3,1,321054.6175,57.95,2013,43,6.84,40.48
142739,Active,129254,NA,NA,D,2,1,1052315.581,59.95,2010,70,4.14,23.99
142740,Active,248117,NA,NA,D,2,1,733095.045,90,2010,31,4.92,51.14
142741,Active,587849,NA,NA,S,8,1,33737.19125,58.48,2013,60,24.45,63.99
142742,Active,163207,NA,NA,D,7,1,456577.2263,51.35,2010,64,6.21,48.99
142743,Active,52555,NA,NA,D,6,1,743134.3913,124.95,2007,112,4,11.89
142744,Active,580087,NA,NA,D,2,1,325778.1288,149,2010,40,6.05,33.98
142745,Active,552094,NA,NA,D,2,1,1523210.205,50.67,2002,39,4,26.49
142746,Active,120544,NA,NA,D,3,1,275270.875,80.47,2009,16,7.68,24.98
142747,Active,2257312,NA,NA,D,3,1,597227.3688,49.57,2009,23,23.49,57.94
142748,Active,607459,NA,NA,D,8,1,197718.4075,118.8,2008,45,4,44.99
142749,Active,619355,NA,NA,D,9,1,199249.7263,135.4,2010,42,15.98,45.25
142750,Active,607374,NA,NA,D,7,1,606694.7638,110.8,2005,49,4,14.75
142751,Active,115565,NA,NA,D,3,1,2958276.195,96.6,2003,22,4,13.49
142752,Active,117319,NA,NA,D,4,1,391003.3113,95.2,2006,37,5.23,41.94
142753,Active,53142,NA,NA,D,2,1,3100810.639,152.25,2006,15,4,13.88
142754,Active,572213,NA,NA,D,2,1,1452593.775,127.95,2006,48,4,10.24
142755,Active,531576,NA,NA,D,3,1,236055.26,120.95,2010,48,8.86,53.12
142756,Active,914039,NA,NA,D,3,1,1191177.45,13.99,2000,27,4,13.99
142757,Active,290321,NA,NA,D,4,1,1863039.709,12.41,2004,36,4,44.77
142758,Active,132193,NA,NA,D,5,1,173628.4875,124,2006,29,4.39,18.28
142759,Active,57441,NA,NA,D,10,1,18467.9425,154.2,2010,58,17.44,48.61
142760,Active,608828,NA,NA,D,3,1,1306524.393,44.95,2007,34,4,38.99
142761,Active,591686,NA,NA,D,4,1,644545.3863,61.95,2008,36,4,18.99
142762,Active,770393,NA,NA,D,7,1,2134335.155,130.95,2002,28,8.33,50.18
142763,Active,902459,NA,NA,D,0,0,547897.0988,59.95,2009,58,32.99,41.98
142764,Active,903102,NA,NA,D,5,1,3828862.809,65.95,2008,18,4.12,48.39
142765,Active,910737,NA,NA,D,4,1,8616129.19,63.95,2004,35,4,44.11
142766,Active,297714,NA,NA,D,18,1,2987297.624,79.95,2007,16,4.78,73.17
142767,Active,560530,NA,NA,D,6,1,262938.2038,220,2010,67,10.99,83.99
142768,Active,1485435,NA,NA,D,8,1,3693179.016,19.66,2009,42,4.64,10.86
142769,Active,556453,NA,NA,D,4,1,2808092.834,55,2012,17,4.97,75.31
142770,Active,2105392,NA,NA,D,0,0,349335.515,46,2014,53,5.82,8.99
142771,Active,618723,NA,NA,D,0,0,319420.51,44,2013,72,5.18,33.99
142772,Active,581659,NA,NA,D,2,1,3232885.535,70,2002,22,4,19.98
142773,Active,284827,NA,NA,D,6,1,1293137.704,43.42,1999,49,4,28.97
142774,Active,613636,NA,NA,D,3,1,404487.68,38.95,2004,109,4.13,28.89
142775,Active,618827,NA,NA,D,3,1,994925.7788,43,1998,31,4.58,46.99
142776,Active,899712,NA,NA,D,8,1,3609614.76,22,2003,18,4,72.39
142777,Active,193552,NA,NA,D,4,1,593327.14,152,2008,89,5.38,94.54
142778,Active,193279,NA,NA,D,3,1,1575636.896,117,2003,32,5.83,57.55
142779,Active,612822,NA,NA,S,6,1,1181412.319,187,2001,81,4,13.99
142780,Active,531565,NA,NA,D,2,1,1436680.22,160,2008,17,4.36,13.48
142781,Active,1478919,NA,NA,D,1,0,2123701.885,89,2011,33,10.5,13.94
142782,Active,230259,NA,NA,D,18,1,695868.4588,33,2004,90,4,8.74
142783,Active,162970,NA,NA,S,6,1,44586.635,160,2010,38,53.04,198.94
142784,Active,164705,NA,NA,D,7,1,3325521.298,225,2004,20,18.47,88.02
142785,Active,212458,NA,NA,D,7,1,2206519.971,85.6,2004,25,4,83.27
142786,Active,145843,NA,NA,D,8,1,491920.2413,115.93,2009,32,4.87,31.16
142787,Active,2384467,NA,NA,D,2,1,2694393.095,115,1996,17,8.6,13.99
142788,Active,131483,NA,NA,D,2,1,2668201.629,41,2002,49,4,5.74
142789,Active,648007,NA,NA,D,3,1,898474.6075,165,2004,19,23.98,106.49
142790,Active,866981,NA,NA,S,4,1,7406.95375,96.95,2014,95,27.13,74.79
142791,Active,183223,NA,NA,D,3,1,755072.8663,140.95,2006,28,15.12,25.88
142792,Active,591670,NA,NA,D,1,0,381927.0288,43.95,2010,25,27.08,34.87
142793,Active,628950,NA,NA,D,5,1,871304.9425,125,2001,16,12.89,104.99
142794,Active,868024,NA,NA,D,4,1,594300.4875,76.99,2008,48,10.29,35.14
142795,Active,705306,NA,NA,D,3,1,6394250.636,58.36,2004,14,4.4,52.73
142796,Active,1942197,NA,NA,D,3,1,386445.9913,49.95,2012,32,7.98,11.99
142797,Active,776173,NA,NA,D,2,1,1379358.014,44.95,2009,42,4,11.4
142798,Active,860518,NA,NA,D,11,1,323456.7838,49.99,2011,31,4.39,43.98
142799,Active,802666,NA,NA,D,10,1,1633821.178,39.99,2008,34,4,22.94
142800,Active,193719,NA,NA,D,3,1,494386.3175,201,2010,95,4.15,11.91
142801,Active,913454,NA,NA,S,7,1,1948630.285,129,2006,20,6.18,13.54
142802,Active,270111,NA,NA,D,6,1,1291017.118,172,2010,21,6.94,83.99
142803,Active,868665,NA,NA,D,5,1,3895808.845,121,2004,25,4.53,6.98
142804,Active,899958,NA,NA,D,10,1,5384708.915,33,2009,12,9.7,13.96
142805,Active,54559,NA,NA,D,3,1,773074.8663,14.83,2006,85,4,18.99
142806,Active,120626,NA,NA,D,10,1,369199.6375,61.8,2009,28,4,30.75
142807,Active,1745491,NA,NA,D,2,1,1428073.071,130.88,2006,26,16.27,125.55
142808,Active,203633,NA,NA,D,3,1,1037875.704,55.99,2003,29,4.41,17.99
142809,Active,2680801,NA,NA,D,2,1,2395113.405,59.95,2001,18,7.46,72.83
142810,Active,531547,NA,NA,D,4,1,177475.4888,100,2009,52,14.03,20.93
142811,Active,624689,NA,NA,D,4,1,821456.84,44.99,2012,58,4,44.99
142812,Active,539633,NA,NA,D,9,1,79244.9275,59.99,2012,83,12.48,34.98
142813,Active,607408,NA,NA,D,8,1,617000.4813,59.99,2007,61,4.13,19.99
142814,Active,2140862,NA,NA,D,6,1,1258505.886,28,2007,11,48.98,103.99
142815,Active,252865,NA,NA,D,2,1,5200846.075,149.53,2011,16,35.21,93.99
142816,Active,613563,NA,NA,D,6,1,2211289.45,0,2012,17,5.09,0
142817,Active,615749,NA,NA,D,1,0,370343.83,61,2011,41,4,9.93
142818,Active,52036,NA,NA,S,0,0,821347.2538,257.95,2002,44,4.59,10.28
142819,Active,876313,NA,NA,D,2,1,2596238.964,243.95,2011,20,39.77,153.52
142820,Active,148721,NA,NA,D,3,1,1205785.66,324.95,2008,64,4.02,28.51
142821,Active,775917,NA,NA,D,4,1,954258.165,140,2006,26,5.94,88.23
142822,Active,583357,NA,NA,D,3,1,240515.0438,73,2011,34,4.88,62.29
142823,Active,633083,NA,NA,D,2,1,1521803.19,53.95,2008,25,4.29,5.53
142824,Active,55154,NA,NA,D,4,1,1954715.594,12.94,2005,38,4,12.94
142825,Active,914782,NA,NA,S,0,0,904578.4875,48.5,2014,27,4.67,5.45
142826,Active,1781569,NA,NA,D,3,1,1731987.106,95,2011,13,38.79,38.82
142827,Active,431067,NA,NA,D,4,1,2101909.356,117.5,2007,23,4.63,92
142828,Active,750829,NA,NA,D,1,0,1422862.875,39.95,2008,19,6.46,39.95
142829,Active,537581,NA,NA,S,10,1,3031.11125,363.75,2012,123,23.99,82.91
142830,Active,750422,NA,NA,D,1,0,1234318.42,103.95,2008,25,9.8,50.61
142831,Active,909040,NA,NA,D,0,0,976235.6763,206.67,2008,46,9.75,125.83
142832,Active,650497,NA,NA,D,2,1,2825164.655,162,2007,12,4.24,108.19
142833,Active,531535,NA,NA,D,2,1,2873859.373,90,2009,10,22.94,40.99
142834,Active,50727,NA,NA,D,8,1,112912.885,41.65,2006,118,4,27.61
142835,Active,3048571,NA,NA,D,5,1,3417989.341,70,2002,14,7.55,72.67
142836,Active,637789,NA,NA,S,3,1,719260.1338,113,2011,25,9.18,29.88
142837,Active,50726,NA,NA,D,8,1,898292.1738,35.99,2008,68,4.56,33.99
142838,Active,617636,NA,NA,D,2,1,288132.1588,204,2010,46,10.97,83.14
142839,Active,877710,NA,NA,S,13,1,164662.8563,357.95,2015,34,50.75,173.94
142840,Active,566674,NA,NA,D,2,1,1923436.328,115,1993,24,6.31,47.09
142841,Active,1651865,NA,NA,D,3,1,2044522.424,59.95,2008,22,5.73,59.93
142842,Active,2698090,NA,NA,D,2,1,4484931.191,54.95,2002,18,4.48,22.76
142843,Active,566113,NA,NA,D,3,1,904716.375,78,2011,42,7.48,19.8
142844,Active,621736,NA,NA,D,2,1,1643265.198,73.95,2007,56,4,25.55
142845,Active,635632,NA,NA,D,2,1,654745.1613,70,2012,22,4.78,190.5
142846,Active,661485,NA,NA,D,4,1,1208995.618,65,2013,23,6.34,59.52
142847,Active,2471057,NA,NA,D,4,1,6441791.673,47.95,1995,13,21.34,258.43
142848,Active,307810,NA,NA,D,7,1,2764947.519,13.2,2006,15,5.4,9.96
142849,Active,802630,NA,NA,D,4,1,920104.6438,69.99,2007,28,3.98,38.89
142850,Active,287308,NA,NA,D,2,1,867177.5713,72.95,2011,30,4.24,24.99
142851,Active,143240,NA,NA,D,3,1,406885.24,225,2009,57,6.22,76.82
142852,Active,143239,NA,NA,D,3,1,562282.15,220,2009,59,5.26,68.14
142853,Active,866321,NA,NA,D,3,1,653703.7213,39,2014,28,4,45.13
142854,Active,553582,NA,NA,D,2,1,77169.21375,151,2011,46,11.13,81.25
142855,Active,620709,NA,NA,D,6,1,1908827.725,49.95,2007,33,4,23.98
142856,Active,250973,NA,NA,D,7,1,812080.2188,49.95,2009,31,6.47,23.08
142857,Active,545946,NA,NA,D,8,1,182397.7663,65.95,2013,35,15.33,38.99
142858,Active,50528,NA,NA,D,11,1,733893.0038,152.2,2006,82,4,9.99
142859,Active,55299,NA,NA,D,3,1,112514.0038,145.4,2010,146,4,19.64
142860,Active,2561325,NA,NA,D,3,1,1765838.048,190,1985,28,6.46,19.7
142861,Active,2335596,NA,NA,D,2,1,414529.18,97.26,1978,23,5.93,77.79
142862,Active,741592,NA,NA,D,5,1,3499835.888,82.4,2008,52,4.12,10.98
142863,Active,53694,NA,NA,D,5,1,783070.9975,130.47,2007,50,5.18,34.49
142864,Active,623512,NA,NA,D,1,0,285501.8713,107.4,2009,31,4.27,0
142865,Active,51920,NA,NA,D,12,1,297277.6675,184,2007,154,4.14,8.57
142866,Active,51921,NA,NA,D,14,1,13812.4175,305.8,2011,240,8.55,59.48
142867,Active,561795,NA,NA,D,13,1,1066933.144,110.95,2002,12,6.61,109.17
142868,Active,52686,NA,NA,S,7,1,594111.7313,336.95,2008,41,4,23.98
142869,Active,698923,NA,NA,D,5,1,1022804.98,107.75,2010,25,12.02,42.99
142870,Active,538787,NA,NA,S,6,1,13594.8625,340.75,2012,79,23.81,58.98
142871,Active,164373,NA,NA,S,2,1,2170023.746,115,2002,26,5.14,49.29
142872,Active,116564,NA,NA,D,3,1,158334.1638,91,2005,27,37.28,80.07
142873,Active,801551,NA,NA,D,2,1,497840.0563,128,2008,16,14.33,79.3
142874,Active,552744,NA,NA,D,4,1,689750.745,106.67,2006,43,4,27.52
142875,Active,58310,NA,NA,S,3,1,734632.5025,125,1998,42,4,15.99
142876,Active,391480,NA,NA,D,3,1,377538.4763,41.95,2011,28,21.01,101.97
142877,Active,869548,NA,NA,D,3,1,3571864.63,86.25,2009,14,5.44,61.37
142878,Active,609442,NA,NA,D,4,1,841240.2413,47.25,2001,31,9.34,22.46
142879,Active,222281,NA,NA,D,1,0,213805.0488,65,2010,37,17.61,32.99
142880,Active,763791,NA,NA,D,5,1,2440643.19,64.95,1999,17,4,63.98
142881,Active,623663,NA,NA,D,2,1,475354.1675,291.95,2000,48,4,45.51
142882,Active,535861,NA,NA,D,6,1,7734.78375,130,2012,70,38.83,83.99
142883,Active,200576,NA,NA,D,5,1,414959.745,140.95,2010,50,26.44,88.54
142884,Active,799985,NA,NA,D,2,1,1830400.924,57.95,2004,19,5.59,25
142885,Active,869837,NA,NA,D,2,1,4796794.881,49.95,2003,12,7.67,46.64
142886,Active,592064,NA,NA,D,3,1,877784.255,70,2008,20,11.84,31.98
142887,Active,893642,NA,NA,D,3,1,1639791.009,19.6,1986,17,18.98,113.47
142888,Active,533533,NA,NA,S,12,1,263018.3013,168,2012,50,24.7,74.91
142889,Active,54052,NA,NA,D,9,1,2213198.164,102.4,2006,49,4,9
142890,Active,647331,NA,NA,D,2,1,538648.625,60,2010,21,33.99,105.29
142891,Active,199606,NA,NA,D,1,0,52000.6075,41.95,2005,116,6.09,17.98
142892,Active,903406,NA,NA,D,5,1,5655777.249,56,1996,21,4,13.64
142893,Active,868430,NA,NA,D,6,1,1674414.01,56,2000,27,4,8.81
142894,Active,57190,NA,NA,S,6,1,270092.2275,49.95,1998,52,3.98,17.72
142895,Active,663189,NA,NA,D,0,0,739337.3263,45,2013,29,4,15.99
142896,Active,2545967,NA,NA,D,1,0,704496.8213,50,2005,57,28.99,43.73
142897,Active,546682,NA,NA,D,0,0,225165.0025,84.95,2013,169,5.07,8.46
142898,Active,600417,NA,NA,D,0,0,574503.8113,80.7,2012,120,4,7.34
142899,Active,623451,NA,NA,D,5,1,21364.78,39.95,2011,70,18.69,27.98
142900,Active,607461,NA,NA,D,7,1,965952.545,59.8,2008,28,4,14.13
142901,Active,52128,NA,NA,D,18,1,32821.1025,332.5,2011,227,4.8,20.99
142902,Active,538830,NA,NA,S,19,1,6457.20875,332.5,2013,171,11.12,51.49
142903,Active,111173,NA,NA,D,18,1,269959.6025,41.99,2011,81,4,42.42
142904,Active,531470,NA,NA,D,4,1,143528.93,64.95,2012,40,39.96,48.84
142905,Active,255784,NA,NA,D,3,1,744421.4575,51.95,2006,64,4,5.48
142906,Active,631759,NA,NA,D,12,1,487671.77,92.95,2006,18,11.24,23.99
142907,Active,649237,NA,NA,D,7,1,1566557.026,54.95,2004,18,3,43.97
142908,Active,534793,NA,NA,D,0,0,164560.735,169.95,2012,25,27.49,78.88
142909,Active,264887,NA,NA,D,31,1,584275.9713,65.95,2002,26,9.68,44.95
142910,Active,603035,NA,NA,D,1,0,358602.5888,79,2004,29,5.58,45.93
142911,Active,802693,NA,NA,D,4,1,1264997.966,49.99,2009,22,4,4.36
142912,Active,858315,NA,NA,D,6,1,669421.8938,49.99,2013,26,6.54,47.61
142913,Active,637862,NA,NA,D,5,1,682915.7288,49.99,2011,43,4,13.88
142914,Active,54055,NA,NA,D,3,1,165171.2738,135.6,2010,66,4,33.87
142915,Active,54056,NA,NA,D,2,1,1409009.895,88,2007,59,4.09,10.98
142916,Active,145158,NA,NA,D,2,1,269866.6663,91.96,2006,28,6.58,15.89
142917,Active,54057,NA,NA,D,3,1,860088.5913,195.33,2008,36,7.99,28.99
142918,Active,657900,NA,NA,S,4,1,62854.76875,118.4,2013,66,10.3,68.88
142919,Active,621342,NA,NA,D,2,1,225249.4325,47.95,2010,69,8.42,95.05
142920,Active,770075,NA,NA,D,0,0,573144.2763,7.65,2001,25,4,5.14
142921,Active,771442,NA,NA,D,0,0,196426.8838,134.3,2005,43,4.96,33.99
142922,Active,292127,NA,NA,D,0,0,364190.1825,160.3,2002,45,6.56,33.94
142923,Active,531458,NA,NA,D,2,1,321978.39,30.95,2007,83,4,15.59
142924,Active,248090,NA,NA,D,3,1,1013552.759,42,2009,30,4,30.54
142925,Active,545789,NA,NA,D,4,1,499570.5513,46,2012,63,6.88,31.99
142926,Active,886685,NA,NA,D,2,1,1212674.14,64.87,2013,15,62.53,63.08
142927,Active,539329,NA,NA,S,2,1,77523.16875,104.6,2013,35,48.99,97.93
142928,Active,620267,NA,NA,D,1,0,613537.655,71.4,2009,91,4,36.04
142929,Active,120799,NA,NA,D,1,0,447686.1363,78.07,2009,20,8,44.84
142930,Active,285882,NA,NA,D,0,0,1438158.13,48.6,2002,33,4,33.98
142931,Active,121187,NA,NA,S,7,1,36740.55375,181,2010,69,28.94,80.06
142932,Active,57444,NA,NA,D,5,1,345424.7863,105.2,2004,44,4.13,10.99
142933,Active,876424,NA,NA,D,7,1,1624697.214,59.88,2009,32,20.05,39.69
142934,Active,115496,NA,NA,D,2,1,398266.9838,56,2002,89,4,8.92
142935,Active,3031950,NA,NA,D,1,0,866349.4775,64.95,2002,20,10.1,70.46
142936,Active,135631,NA,NA,D,4,1,660764.92,64.95,2007,78,4,7.92
142937,Active,205809,NA,NA,D,1,0,219232.8675,40,2003,106,4,10.54
142938,Active,228726,NA,NA,D,2,1,163231.6088,41.75,2009,38,6.91,42.7
142939,Active,759810,NA,NA,D,1,0,795642.5613,85,2001,29,4.18,23.29
142940,Active,922135,NA,NA,D,4,1,1414703.606,55.99,2004,60,4,7.97
142941,Active,287597,NA,NA,D,5,1,648888.3638,63.99,2008,48,4,23.51
142942,Active,50733,NA,NA,D,8,1,608227.865,103.95,2003,50,4,54.87
142943,Active,290943,NA,NA,D,1,0,182115.295,142.95,2008,49,5.19,143.79
142944,Active,714253,NA,NA,D,3,1,1038710.524,61.35,2001,33,4,6.74
142945,Active,2005944,NA,NA,D,4,1,514083.2463,52.95,2010,30,3.43,45.38
142946,Active,274790,NA,NA,D,2,1,169011.5738,61.95,2006,40,52.93,177.22
142947,Active,533957,NA,NA,D,4,1,48280.105,61.95,2002,108,12.89,39.61
142948,Active,714127,NA,NA,D,3,1,2211807.585,68.4,2000,27,6.99,67.31
142949,Active,230286,NA,NA,D,3,1,1419542.51,32.8,1996,18,31.99,2207.68
142950,Active,531447,NA,NA,D,3,1,1216137.793,76.95,2010,22,4.3,49.27
142951,Active,336646,NA,NA,D,2,1,3595146.848,64.95,2005,19,4.94,44.26
142952,Active,2675763,NA,NA,D,2,1,911726.7663,17.95,1993,37,4,32.91
142953,Active,3112473,NA,NA,D,1,0,611019.6838,80,2005,34,13.33,57.5
142954,Active,158321,NA,NA,D,4,1,941415.765,69.95,2009,42,4,36.39
142955,Active,793922,NA,NA,D,3,1,1097825.934,61.95,2004,32,4,7.45
142956,Active,3571555,NA,NA,D,4,1,2967153.55,42.95,2000,27,4.87,65.85
142957,Active,802303,NA,NA,D,2,1,229663.9738,110.95,2006,33,9.77,95.24
142958,Active,427374,NA,NA,D,13,1,100898.39,161.95,2011,52,10.44,46.47
142959,Active,177581,NA,NA,S,3,1,566730.16,55.95,2000,37,3.94,10.99
142960,Active,904437,NA,NA,D,2,1,1464099.59,35,2004,32,4,29.75
142961,Active,616034,NA,NA,D,7,1,609166.6263,53.95,2010,51,4,23.78
142962,Active,629117,NA,NA,D,8,1,91819.96875,69.95,2013,52,8.81,34.38
142963,Active,293514,NA,NA,D,2,1,967324.655,84.95,2000,26,9.06,50.85
142964,Active,3823081,NA,NA,D,2,1,4028871.95,39.95,2001,25,4,5.94
142965,Active,534183,NA,NA,D,2,1,131178.5063,116,2010,47,46.27,60.74
142966,Active,868043,NA,NA,D,1,0,621451.65,87.95,2007,35,4.62,23.86
142967,Active,269061,NA,NA,D,3,1,1070806.998,45,2007,43,4,11.5
142968,Active,539379,NA,NA,S,10,1,22776.44375,147.8,2012,52,25.68,53.98
142969,Active,916636,NA,NA,D,1,0,742299.57,82.95,1998,36,6.22,28.99
142970,Active,879780,NA,NA,D,7,1,695373.555,128.61,2011,31,25.78,127.13
142971,Active,131948,NA,NA,D,1,0,414374.8775,141,2007,59,3.83,0
142972,Active,115820,NA,NA,D,6,1,772663.665,85.8,2003,31,4,13.99
142973,Active,120243,NA,NA,S,12,1,158471,123.6,2011,48,18.86,33.99
142974,Active,537842,NA,NA,D,5,1,2573466.993,84,2000,27,4,38.71
142975,Active,52965,NA,NA,D,9,1,151178.01,279.95,2009,99,7.88,67.28
142976,Active,200387,NA,NA,D,3,1,475992.4663,102.95,2008,39,4,8.92
142977,Active,200065,NA,NA,D,2,1,3429721.171,111.95,2004,29,4,7.88
142978,Active,118092,NA,NA,D,7,1,1201053.77,109,2006,39,4.05,23.98
142979,Active,116088,NA,NA,D,10,1,2329680.929,104.2,2005,29,4,9.47
142980,Active,54208,NA,NA,D,5,1,1310501.085,115,2007,78,3.88,8.54
142981,Active,54207,NA,NA,D,6,1,263376.3475,150.8,2010,85,5.11,13.98
142982,Active,266239,NA,NA,D,10,1,6554.03875,163.8,2013,129,8.65,31.88
142983,Active,50544,NA,NA,D,7,1,240168.4838,108.4,2007,112,4,19.18
142984,Active,132246,NA,NA,D,4,1,978186.4288,178.6,2007,40,4,32.02
142985,Active,322645,NA,NA,D,3,1,1777596.05,101.33,2004,39,4,18.99
142986,Active,539934,NA,NA,D,3,1,187663.3713,44.95,2012,49,7.14,20.98
142987,Active,53631,NA,NA,D,5,1,1227553.116,274.95,2008,55,4,9.07
142988,Active,662341,NA,NA,S,8,1,37741.0125,250.95,2014,60,42.58,79.1
142989,Active,713779,NA,NA,D,2,1,1801772.413,60,1999,15,9.18,52.15
142990,Active,178039,NA,NA,D,4,1,2459281.021,201.95,2004,42,4,49.99
142991,Active,60241,NA,NA,D,5,1,1392154.721,176.95,2007,73,3.99,11.45
142992,Active,531432,NA,NA,D,4,1,71448.2875,54.95,2012,29,20.92,25.97
142993,Active,268224,NA,NA,D,3,1,760163.985,39.95,2008,39,4,12.18
142994,Active,909361,NA,NA,D,2,1,2347299.499,35.95,2005,23,4,8.98
142995,Active,556480,NA,NA,D,2,1,808448.5138,39.95,2010,79,4,1.32
142996,Active,158140,NA,NA,D,1,0,225331.4163,54.95,2007,36,6.93,42.17
142997,Active,60243,NA,NA,D,4,1,725178.5675,236.95,2003,53,4,16.78
142998,Active,598825,NA,NA,D,7,1,4767767.681,123,2003,15,6.62,22.49
142999,Active,576684,NA,NA,D,2,1,1260747.384,160.95,2009,59,4,16.39
143000,Active,592811,NA,NA,D,2,1,1131059.464,32.55,2010,27,4.44,23.68
143001,Active,268807,NA,NA,D,2,1,1157705.749,85,2008,59,4.96,22.16
143002,Active,193677,NA,NA,D,2,1,262429.9438,139.95,2010,49,5.09,21.95
143003,Active,53868,NA,NA,D,10,1,35440.78625,271.95,2010,112,10.64,39.39
143004,Active,868228,NA,NA,D,6,1,4708275.476,81.55,2000,16,4,93.97
143005,Active,900802,NA,NA,D,2,1,1555601.446,44.99,2013,22,4,15.52
143006,Active,468666,NA,NA,D,2,1,1583970.549,150,2008,39,4,8.99
143007,Active,555796,NA,NA,S,8,1,283673.8188,149,2009,31,4.81,13.98
143008,Active,53867,NA,NA,D,9,1,241485.1638,271.95,2007,147,4,13.97
143009,Active,3503191,NA,NA,D,5,1,5784306.7,123,1900,24,4.57,26.49
143010,Active,56622,NA,NA,D,6,1,834455.015,213,2008,41,4.98,43.99
143011,Active,592268,NA,NA,D,12,1,862370.03,39.99,2011,39,5.96,17.44
143012,Active,738545,NA,NA,D,3,1,2883961.925,26,2011,19,4,15.99
143013,Active,910482,NA,NA,D,4,1,2548871.811,137,2007,18,4.48,4.49
143014,Active,143531,NA,NA,D,0,0,1204809.753,97,2011,39,4.34,115.33
143015,Active,738266,NA,NA,D,3,1,2247340.614,52,2000,22,8.48,25.99
143016,Active,592772,NA,NA,D,3,1,1038272.81,174,2008,34,8.83,78.17
143017,Active,53206,NA,NA,D,6,1,2072484.816,198.95,2004,48,4,17.89
143018,Active,737293,NA,NA,D,4,1,1108248.043,75,2004,21,6.89,38.43
143019,Active,555703,NA,NA,D,2,1,1284919.936,49.95,2007,55,4,38.55
143020,Active,618947,NA,NA,D,3,1,149034.8213,65.95,2010,56,4.8,24.96
143021,Active,349293,NA,NA,D,8,1,807486.91,11.49,2004,49,4,11.49
143022,Active,278547,NA,NA,D,4,1,428961.4213,44.95,2003,44,4,13.99
143023,Active,539899,NA,NA,D,6,1,35290.2,69.95,2012,59,36.99,57.4
143024,Active,127311,NA,NA,D,5,1,343060.8238,64.95,2008,44,9.68,23.94
143025,Active,628614,NA,NA,D,3,1,1058527.765,54.95,2006,35,4,44.39
143026,Active,607274,NA,NA,D,4,1,596540.6725,54.6,2003,48,4,40.48
143027,Active,643089,NA,NA,D,2,1,873242.7863,54.95,2006,22,27.9,51.67
143028,Active,607449,NA,NA,D,5,1,142741.9425,66.4,2009,39,4,45.87
143029,Active,539505,NA,NA,D,2,1,946719.715,165.93,2013,28,4.29,17.93
143030,Active,450912,NA,NA,S,10,1,719508.8213,295.95,2008,94,4,21.99
143031,Active,200050,NA,NA,D,2,1,1445384.636,157.95,2006,51,4,18.98
143032,Active,51652,NA,NA,D,2,1,605352.545,108.95,2005,58,4,8.07
143033,Active,492445,NA,NA,D,11,1,25585.8525,246.95,2012,81,11.42,45.95
143034,Active,877565,NA,NA,S,7,1,10610.9225,212.2,2014,95,23.7,92.43
143035,Active,579669,NA,NA,D,3,1,1641154.236,49.95,2007,43,4,21.83
143036,Active,212958,NA,NA,D,2,1,1243875.781,68.95,2001,20,4.98,71.51
143037,Active,739173,NA,NA,D,11,1,4689505.129,60,2000,36,4.09,13.99
143038,Active,155670,NA,NA,D,5,1,738643.2925,60,2007,15,11.89,35.48
143039,Active,247903,NA,NA,D,0,0,1197569.869,69,2009,37,4,9.96
143040,Active,258552,NA,NA,D,0,0,21042.59375,29.99,2001,69,14.89,18.13
143041,Active,182656,NA,NA,D,2,1,283766.85,78.36,2003,24,9.21,0
143042,Active,203833,NA,NA,D,4,1,3013112.201,59.95,2005,21,4,10.98
143043,Active,203537,NA,NA,D,3,1,2133552.89,74.95,2005,40,4,12.48
143044,Active,271073,NA,NA,D,3,1,125816.015,49.99,2011,43,19.99,26.4
143045,Active,264216,NA,NA,S,0,0,782872.365,39.95,2003,47,4.48,18.77
143046,Active,184628,NA,NA,D,4,1,3481986.118,226.95,2003,18,4.99,46.81
143047,Active,637235,NA,NA,D,4,1,1032629.474,55.95,2007,20,5.22,27.98
143048,Active,285392,NA,NA,D,7,1,238264.325,81.56,2009,62,12.23,347.16
143049,Active,262664,NA,NA,D,5,1,1398776.958,36.95,2004,31,4,39.86
143050,Active,872586,NA,NA,D,2,1,3041523.479,36.8,1999,47,4,4.99
143051,Active,799981,NA,NA,D,0,0,2002457.89,47.95,2006,18,4.78,47.01
143052,Active,739479,NA,NA,D,2,1,4441101.011,90,2002,22,4,18.44
143053,Active,792748,NA,NA,D,2,1,3925579.586,51.95,1998,24,4.54,22.91
143054,Active,607554,NA,NA,D,2,1,312036.355,256.95,1992,54,5.88,45.73
143055,Active,2253302,NA,NA,D,2,1,1520799.368,58.16,2006,40,9.36,46.58
143056,Active,53802,NA,NA,D,7,1,296782.78,21.84,2004,75,4,21.84
143057,Active,53804,NA,NA,S,10,1,16195.7725,142.6,2012,60,25.99,70.2
143058,Active,56414,NA,NA,D,1,0,1051932.631,42.33,2000,37,4,12.64
143059,Active,596042,NA,NA,D,5,1,607324.7488,49.95,2008,38,4,39.98
143060,Active,569741,NA,NA,D,1,0,1164427.484,117.95,2001,28,16.83,24.99
143061,Active,914026,NA,NA,D,2,1,1379832.505,32.95,2005,33,4,17.94
143062,Active,627468,NA,NA,D,3,1,630739.9338,43.95,2009,27,15.53,58.94
143063,Active,266243,NA,NA,D,6,1,213822.0438,52.95,2009,47,6.86,47.93
143064,Active,141873,NA,NA,D,6,1,708480.075,49.88,2007,125,4,7.44
143065,Active,633764,NA,NA,D,8,1,12847.99625,60.5,2013,72,29.35,43.97
143066,Active,540433,NA,NA,D,7,1,113025.045,18.68,2010,98,4,17.45
143067,Active,294047,NA,NA,D,2,1,192589.2288,20.6,1999,92,4,9.2
143068,Active,870454,NA,NA,D,2,1,274156.0725,28.88,1998,49,6.28,17.62
143069,Active,2746175,NA,NA,S,3,1,829970.9688,12.14,1999,60,3.99,10.55
143070,Active,168736,NA,NA,D,0,0,1233637.879,9.95,2003,35,4.32,8.95
143071,Active,287515,NA,NA,S,2,1,415421.1525,60.8,2001,94,4,20.48
143072,Active,386430,NA,NA,D,2,1,655423.0675,102,2008,35,4.2,35.55
143073,Active,53265,NA,NA,D,4,1,140524.6025,101.4,2009,47,10.01,33.99
143074,Active,2609653,NA,NA,D,2,1,2396733.328,52,2002,31,4.14,4.79
143075,Active,53264,NA,NA,D,3,1,1641566.316,84.2,2006,56,4,4.25
143076,Active,622607,NA,NA,D,0,0,417328.17,70,2012,64,4,0
143077,Active,617687,NA,NA,D,1,0,233943.995,109.6,2004,60,7,43.41
143078,Active,714718,NA,NA,D,1,0,1608397.523,70.8,2002,34,4,44.89
143079,Active,2869749,NA,NA,D,2,1,1704238.913,63.93,1991,19,5.07,56.97
143080,Active,1739365,NA,NA,D,15,1,422931.2538,31.95,2010,15,31.75,60
143081,Active,699869,NA,NA,D,3,1,1248928.134,39.95,2001,50,4,17.89
143082,Active,248889,NA,NA,D,3,1,1001833.981,44.95,2007,92,4,7.94
143083,Active,531400,NA,NA,D,3,1,735745.9825,40.95,2008,83,4,7.98
143084,Active,55026,NA,NA,D,5,1,532476.2988,134,2010,24,15.37,43.45
143085,Active,761680,NA,NA,D,0,0,694032.2675,165,2000,17,27.52,78.82
143086,Active,3152326,NA,NA,D,2,1,3566678.34,105,2004,23,36.28,52.83
143087,Active,1683192,NA,NA,D,2,1,964179.1713,149.99,2006,28,5.03,73.13
143088,Active,126763,NA,NA,D,3,1,1400241.558,34.95,2005,66,4,5.07
143089,Active,2313476,NA,NA,D,0,0,3279758.13,25.95,1978,21,5.59,43.24
143090,Active,112115,NA,NA,S,1,0,747322.935,88.25,2001,71,4.58,16.01
143091,Active,617989,NA,NA,D,0,0,242461.0075,39.1,2007,58,6.23,0
143092,Active,492068,NA,NA,D,1,0,508357.48,59.95,2011,66,4,16.36
143093,Active,878887,NA,NA,D,2,1,2607930.685,109.33,2009,18,17.99,99.99
143094,Active,130728,NA,NA,D,8,1,85825.565,198.6,2011,51,12.58,58.79
143095,Active,266266,NA,NA,S,7,1,71033.09625,220.8,2012,72,30.99,76.94
143096,Active,704688,NA,NA,D,4,1,1258935.813,14.01,2005,54,4,19.49
143097,Active,607373,NA,NA,D,6,1,1965529.494,103.2,2005,31,3.99,7.59
143098,Active,705351,NA,NA,D,4,1,895510.995,42.07,2004,24,7.36,68.44
143099,Active,632037,NA,NA,D,0,0,5043.07,116.75,2013,133,42.02,69.97
143100,Active,51828,NA,NA,D,12,1,1695449.72,6.99,2006,81,3.99,6.99
143101,Active,55022,NA,NA,D,5,1,252651.3013,91.95,2008,149,4,15.42
143102,Active,55023,NA,NA,D,4,1,1397512.44,12.32,2006,82,4,7.16
143103,Active,55386,NA,NA,D,10,1,59445.0725,284.95,2010,76,12.88,71.09
143104,Active,53890,NA,NA,D,13,1,28800.9375,270.95,2010,89,18.46,67.23
143105,Active,544572,NA,NA,S,14,1,12519.6625,253.95,2013,64,54.19,88.99
143106,Active,57271,NA,NA,S,1,0,1111458.699,95.8,2007,52,4,13.99
143107,Active,132073,NA,NA,D,5,1,317311.52,149.6,2005,51,8.2,43.98
143108,Active,116664,NA,NA,D,6,1,1334459.543,60.15,2003,45,4,11.27
143109,Active,537812,NA,NA,D,3,1,2027676.043,45.33,2000,29,4,21.99
143110,Active,724787,NA,NA,D,2,1,2302174.513,89.95,2005,28,4,44.83
143111,Active,1447444,NA,NA,D,10,1,145518.8225,128.5,2011,34,43.84,83.68
143112,Active,50467,NA,NA,S,10,1,43562.74375,159.13,2010,62,34.98,93.8
143113,Active,50466,NA,NA,S,8,1,100735.6513,116.2,2004,67,5.52,53.96
143114,Active,372881,NA,NA,D,4,1,129513.9913,59,2011,40,26.99,43.84
143115,Active,295637,NA,NA,D,2,1,902179.9275,17.95,2003,51,4,9.34
143116,Active,592014,NA,NA,D,3,1,284995.5988,64,2008,33,4.58,17.99
143117,Active,591748,NA,NA,D,5,1,353019.4975,43.95,2009,67,4,12.98
143118,Active,528897,NA,NA,D,6,1,142325.4275,51.99,2012,70,4,16.97
143119,Active,220153,NA,NA,D,4,1,833438.8375,23.95,2006,55,4,4.77
143120,Active,247680,NA,NA,D,2,1,1240618.684,36.95,2005,50,4,4.9
143121,Active,60250,NA,NA,S,3,1,697787.3038,88.95,2003,56,4,20.94
143122,Active,54326,NA,NA,D,5,1,187647.3888,117.95,2002,36,7.92,32.99
143123,Active,533507,NA,NA,D,7,1,886142.6375,238.95,2009,31,15.19,51.94
143124,Active,576605,NA,NA,D,2,1,498621.12,66.95,2005,46,6.65,49.03
143125,Active,213011,NA,NA,D,2,1,235664.0075,48.95,2013,31,6.96,42.49
143126,Active,162942,NA,NA,D,6,1,373975.8475,106.95,2010,35,36.7,49.65
143127,Active,165715,NA,NA,D,5,1,391599.8613,129.95,2005,33,8.97,49.19
143128,Active,629139,NA,NA,D,1,0,50738.35125,39.95,2012,94,6.74,0
143129,Active,616171,NA,NA,S,4,1,43385.75,126.2,2012,50,23.96,41.48
143130,Active,609842,NA,NA,D,4,1,71306.2525,131.6,2012,88,8.49,14.99
143131,Active,909362,NA,NA,D,2,1,1839921.99,66.95,2002,31,4.57,11.53
143132,Active,224501,NA,NA,D,2,1,2368277.558,66.95,2002,30,4.07,8.93
143133,Active,531381,NA,NA,D,3,1,1349219.014,87,2009,22,4.88,15.99
143134,Active,224504,NA,NA,D,2,1,2653519.11,71.95,2002,37,4,13.94
143135,Active,531380,NA,NA,S,3,1,761052.4663,84,2010,26,13.21,24.54
143136,Active,606785,NA,NA,D,19,1,1235084.979,74.95,2008,56,4,10.98
143137,Active,106784,NA,NA,D,20,1,762429.0125,78,2010,56,4,43.47
143138,Active,531376,NA,NA,D,21,1,349395.1963,82,2012,35,7.68,40.86
143139,Active,106338,NA,NA,D,2,1,1972254.935,77,2006,25,6.98,49.55
143140,Active,610406,NA,NA,D,53,1,42056.98625,79,2013,87,9.31,13.99
143141,Active,531369,NA,NA,D,52,1,136099.9875,79,2012,67,8.09,28.89
143142,Active,609958,NA,NA,S,54,1,42266.005,85,2014,48,36.92,57.88
143143,Active,106868,NA,NA,D,51,1,492150.07,75,2011,104,4.48,11.92
143144,Active,51387,NA,NA,D,8,1,97439.0375,245.95,2007,49,6.76,68.81
143145,Active,531365,NA,NA,D,10,1,607952.6475,200,2011,27,21.14,103.94
143146,Active,2663033,NA,NA,D,4,1,2430294.73,109.95,1998,22,22.9,107.24
143147,Active,872085,NA,NA,D,2,1,4027394.311,78,1998,22,4,8.95
143148,Active,716112,NA,NA,D,6,1,780628.1188,133.36,2012,17,43.97,70.97
143149,Active,50633,NA,NA,D,5,1,120061.9363,154,2008,57,11.94,36.12
143150,Active,132038,NA,NA,D,4,1,1436893.124,118,2004,16,12.44,403.99
143151,Active,60251,NA,NA,D,3,1,1489535.763,103,2002,31,4,20.32
143152,Active,531359,NA,NA,D,8,1,280993.5175,172,2010,45,13.46,153.94
143153,Active,248240,NA,NA,D,3,1,181788.2525,115,2011,32,46.63,139.37
143154,Active,248030,NA,NA,D,2,1,240888.65,113,2008,51,6.65,19.89
143155,Active,50632,NA,NA,D,4,1,1079231.68,128,2003,65,4,7.95
143156,Active,616355,NA,NA,D,3,1,1588671.574,56.95,2005,36,4,4.45
143157,Active,565092,NA,NA,D,3,1,208334.17,54.95,2009,41,6.5,48.71
143158,Active,120431,NA,NA,S,8,1,965713.6638,114.4,1999,67,4,19.99
143159,Active,857345,NA,NA,D,10,1,1440106.085,142.93,2009,10,17.14,68.99
143160,Active,531350,NA,NA,S,0,0,404375.7875,59.99,2012,99,5.95,11.98
143161,Active,789272,NA,NA,D,3,1,1555445.5,51.5,2003,35,4,5.25
143162,Active,2815771,NA,NA,D,3,1,1674868.175,71.6,1993,17,12.19,26.97
143163,Active,232042,NA,NA,D,1,0,151498.8838,76,2006,36,33.99,61.04
143164,Active,619381,NA,NA,D,2,1,199608.7863,41.95,2008,66,10.85,136.33
143165,Active,175870,NA,NA,D,2,1,1276305.12,89,2006,17,7.14,23.79
143166,Active,161924,NA,NA,D,1,0,365161.3338,45,2007,39,13.04,0
143167,Active,131497,NA,NA,D,2,1,2301302.289,74.6,2002,27,4,6.14
143168,Active,132160,NA,NA,D,3,1,1241755.043,72.6,2008,34,4,23.94
143169,Active,872571,NA,NA,D,7,1,2732351.403,114,2003,34,4,10.53
143170,Active,53395,NA,NA,D,5,1,1628403.933,302.95,2008,43,4,11.98
143171,Active,698838,NA,NA,D,4,1,1055804.045,105.5,2009,15,6.61,57.22
143172,Active,634215,NA,NA,D,0,0,1168445.436,124,2007,28,43.94,73
143173,Active,199299,NA,NA,D,1,0,430160.9475,36.95,2004,64,4,10.81
143174,Active,256812,NA,NA,D,2,1,589944.7575,68.95,2006,29,5.84,36.86
143175,Active,622766,NA,NA,D,2,1,648528.3613,75.95,2005,44,6.11,22.92
143176,Active,161829,NA,NA,D,1,0,1118628.454,126.5,2006,39,4,60.78
143177,Active,566615,NA,NA,D,2,1,706314.3288,50,2004,47,4,23.94
143178,Active,177217,NA,NA,D,3,1,169059.4675,194.95,2004,49,4.88,90.57
143179,Active,607644,NA,NA,D,2,1,843694.015,106.2,2001,46,4,8.89
143180,Active,145129,NA,NA,D,3,1,304349.7363,128.2,2005,44,4.39,27.37
143181,Active,766001,NA,NA,S,1,0,743086.3425,115.95,2000,25,6.2,48.53
143182,Active,613886,NA,NA,D,0,0,1155587.8,70,1998,76,4,8.13
143183,Active,615651,NA,NA,D,2,1,56643.7075,65,2002,78,4,18.43
143184,Active,106621,NA,NA,D,1,0,936399.545,55,2007,24,6.95,31.58
143185,Active,607381,NA,NA,D,3,1,577779.8175,78.67,2007,40,4,5.87
143186,Active,614600,NA,NA,D,2,1,157909.5825,74.99,2003,126,4,17.57
143187,Active,118628,NA,NA,D,11,1,786345.8388,200,2009,43,4.35,43.96
143188,Active,657876,NA,NA,S,13,1,42704.2775,286,2013,45,31.87,44.98
143189,Active,549484,NA,NA,D,5,1,527624.2438,36.42,2005,27,7.79,38.94
143190,Active,533480,NA,NA,S,10,1,42197.86625,262.95,2012,77,16.21,33.99
143191,Active,620495,NA,NA,D,0,0,623063.645,127.33,2001,43,4.4,56.83
143192,Active,144837,NA,NA,D,2,1,257066.0025,171.6,2004,34,29.89,76.06
143193,Active,560886,NA,NA,D,4,1,1894968.91,131.2,2004,27,14.67,71.88
143194,Active,54641,NA,NA,D,7,1,572207.7425,262.95,2006,96,4,26.98
143195,Active,159570,NA,NA,D,20,1,1865777.036,93.95,2006,25,6.08,53.99
143196,Active,578978,NA,NA,D,5,1,23639.3075,49.95,2013,125,8.98,11.97
143197,Active,871110,NA,NA,D,2,1,1111332.481,45.95,2005,78,4.27,13.98
143198,Active,761635,NA,NA,D,0,0,240516.7138,70,2005,34,9.16,33.17
143199,Active,859665,NA,NA,D,2,1,651890.3713,70,2008,29,19.63,45.99
143200,Active,2933988,NA,NA,D,0,0,310095.5488,19.99,2004,20,16.75,71.54
143201,Active,609597,NA,NA,D,2,1,1548173.439,111.95,2008,40,4,22.89
143202,Active,58049,NA,NA,D,9,1,1270698.014,234.94,2003,16,11.52,120.01
143203,Active,835720,NA,NA,D,2,1,8267863.141,183.95,2000,14,4,16.19
143204,Active,836172,NA,NA,D,3,1,1540836.419,229.95,2004,31,4,10.41
143205,Active,60253,NA,NA,D,4,1,2222549.759,91.95,2002,31,4,16.98
143206,Active,737700,NA,NA,D,3,1,2836141.253,39,2008,18,4,32.48
143207,Active,922396,NA,NA,D,0,0,176240.4025,37.5,1993,94,5.97,13.17
143208,Active,875945,NA,NA,D,2,1,2492230.934,13.98,2007,15,4.13,13.98
143209,Active,743101,NA,NA,D,2,1,1109120.411,92,1998,32,4.16,9.48
143210,Active,200251,NA,NA,D,1,0,684260.3475,87.95,2007,60,4.24,17.94
143211,Active,694629,NA,NA,D,0,0,865257.1663,79.55,2004,26,5.09,10.74
143212,Active,694632,NA,NA,D,0,0,917234.5888,79.55,2004,43,4.85,23.94
143213,Active,197062,NA,NA,D,0,0,271789.725,22.95,2005,30,6.97,10.99
143214,Active,545022,NA,NA,S,3,1,43890.69375,92,2012,55,40.99,66.09
143215,Active,247966,NA,NA,D,2,1,630318.5613,90,2008,42,6.13,46.4
143216,Active,2256840,NA,NA,D,5,1,564168.9738,503.96,2006,20,9.96,120.49
143217,Active,533425,NA,NA,S,7,1,43375.28375,100.75,2012,29,50.98,67.48
143218,Active,55380,NA,NA,D,5,1,183272.5175,141.27,2006,64,4,54.25
143219,Active,1591968,NA,NA,D,0,0,522513.9975,64.99,2007,32,24.67,29
143220,Active,261301,NA,NA,D,1,0,267327.9838,41,1999,69,4,13.96
143221,Active,574667,NA,NA,D,0,0,785800.6913,209,2011,51,10.73,105.13
143222,Active,163535,NA,NA,S,4,1,141808.675,48.11,1995,31,6.59,49.94
143223,Active,531310,NA,NA,S,9,1,128739.9075,58,2008,75,13.45,20.94
143224,Active,53030,NA,NA,D,6,1,2858979.363,17.99,2005,39,4,17.99
143225,Active,53031,NA,NA,D,7,1,859732.9,13.99,2007,49,4,12.99
143226,Active,53032,NA,NA,D,8,1,601471.1925,194.95,2009,93,4,15.4
143227,Active,57050,NA,NA,D,3,1,745163.8375,68.95,2003,82,3.77,7.99
143228,Active,880028,NA,NA,D,0,0,2006464.808,12.99,2008,43,5.57,18.33
143229,Active,245027,NA,NA,D,2,1,1150469.624,124.95,2003,37,4,26.99
143230,Active,253863,NA,NA,D,4,1,1683280.391,223.95,2010,15,23.45,179.95
143231,Active,3058814,NA,NA,D,2,1,904723.31,117.95,1998,19,13.33,60.65
143232,Active,202407,NA,NA,D,2,1,762885.2575,124.95,2005,25,8.85,78.99
143233,Active,126476,NA,NA,D,0,0,845322.8163,39.95,2005,78,4,5.44
143234,Active,56748,NA,NA,D,2,1,1023386.23,72.95,2005,106,4,9.97
143235,Active,56750,NA,NA,D,3,1,94461.16875,86.95,2011,116,5.99,30.99
143236,Active,613888,NA,NA,D,2,1,1768173.048,94.95,2003,46,4.6,18.99
143237,Active,540949,NA,NA,D,10,1,308075.9213,78.95,2012,67,6.99,32.97
143238,Active,2261775,NA,NA,D,2,1,1133587.608,64.32,2011,54,8.39,22.03
143239,Active,253981,NA,NA,D,2,1,341365.3925,75.95,2010,131,5.97,17.95
143240,Active,561683,NA,NA,D,9,1,1357016.241,68.95,2007,48,4,23.14
143241,Active,2258607,NA,NA,D,2,1,318682.5063,59.41,2011,39,9.25,22.8
143242,Active,916302,NA,NA,D,3,1,2042573.028,37.55,2005,58,6.74,24.39
143243,Active,874007,NA,NA,D,2,1,900754.9,27.28,2005,30,11.62,27.28
143244,Active,531295,NA,NA,D,9,1,201219.4075,127,2010,29,26.15,70.9
143245,Active,630012,NA,NA,D,1,0,286438.0575,269.25,2010,48,9.81,53.98
143246,Active,744274,NA,NA,D,1,0,1580405.309,119.95,2001,39,4,61.87
143247,Active,887872,NA,NA,D,3,1,5592171.704,57.95,2002,21,4,80.83
143248,Active,257616,NA,NA,D,3,1,1191456.983,57.95,2006,17,20.8,73.53
143249,Active,2376497,NA,NA,S,3,1,426084.5863,124,1991,56,4,42.81
143250,Active,164548,NA,NA,D,2,1,2161113.051,199,2003,18,33.74,103.69
143251,Active,156206,NA,NA,D,2,1,2775149.563,139.95,2003,17,10.09,100.59
143252,Active,290519,NA,NA,D,6,1,170607.6625,78.33,2004,25,19.34,51.49
143253,Active,162099,NA,NA,S,7,1,153346.5188,135.44,2008,39,30.96,51.78
143254,Active,167182,NA,NA,D,3,1,690495.8513,124.9,2008,34,7.62,47.51
143255,Active,164781,NA,NA,D,2,1,1633137.049,23.99,2002,47,4,13.98
143256,Active,879659,NA,NA,D,7,1,161156.9238,174.95,2008,55,4,43.87
143257,Active,539600,NA,NA,D,4,1,279186.2363,77.6,2009,48,11.28,59.63
143258,Active,607322,NA,NA,D,3,1,1600781.009,49,2005,28,4,9.99
143259,Active,865311,NA,NA,D,3,1,1210394.63,40,2000,16,9.92,75.05
143260,Active,250581,NA,NA,D,2,1,194996.8138,135.95,2008,24,13.93,43.99
143261,Active,534088,NA,NA,D,3,1,1712251.943,99,1993,24,4,7.41
143262,Active,119619,NA,NA,D,2,1,1067094.809,204,1998,17,23.92,71.13
143263,Active,55019,NA,NA,S,3,1,320140.8625,119.75,2003,42,29.69,102.35
143264,Active,2570499,NA,NA,D,2,1,3339705.631,110.17,1963,13,6.14,72.65
143265,Active,56394,NA,NA,D,6,1,265853.99,115,2007,57,30.99,113.98
143266,Active,2191325,NA,NA,D,0,0,2251470.064,59.99,2012,18,37.82,48.51
143267,Active,107187,NA,NA,S,3,1,365665.3513,421,2001,45,35.08,83.99
143268,Active,135551,NA,NA,D,0,0,509763.21,75.95,2000,28,17.63,71.83
143269,Active,617188,NA,NA,D,2,1,137720.675,154.4,2003,62,4,42.01
143270,Active,858878,NA,NA,D,2,1,1098876.686,82.95,2001,33,4,33.97
143271,Active,248107,NA,NA,D,2,1,574989.7938,69,2010,57,3.88,18.8
143272,Active,308618,NA,NA,D,2,1,1910137.364,61.31,2002,33,7.79,60.25
143273,Active,167084,NA,NA,D,2,1,157361.3013,45,2006,63,4,12.38
143274,Active,164083,NA,NA,S,1,0,1217322.236,90,1999,65,4.09,12.64
143275,Active,793365,NA,NA,D,2,1,1494186.824,95,1999,21,8.57,22.99
143276,Active,145506,NA,NA,D,1,0,303390.5925,45,2006,45,4,13.48
143277,Active,868354,NA,NA,D,1,0,330027.5925,49.95,2005,86,4,11.99
143278,Active,918880,NA,NA,D,2,1,1720573.551,40.95,2003,37,4,5.98
143279,Active,613015,NA,NA,D,2,1,84196.48,212.3,2001,122,4.95,20.93
143280,Active,2904599,NA,NA,D,2,1,956145.3113,49.95,1999,27,19.13,141
143281,Active,771243,NA,NA,D,8,1,4276531.469,44.98,2004,17,5.49,38.99
143282,Active,876738,NA,NA,D,6,1,1531834.971,161.25,2009,27,4.13,33.98
143283,Active,531264,NA,NA,D,8,1,48403.45,201.95,2012,80,15.5,101.67
143284,Active,252058,NA,NA,S,7,1,154149.7938,220.95,2009,63,20.93,53.66
143285,Active,60260,NA,NA,D,6,1,703166.8763,243.95,2006,86,4,45.91
143286,Active,255642,NA,NA,D,4,1,540694.71,64.95,2006,34,6.98,58.75
143287,Active,2562776,NA,NA,D,4,1,7162477.978,39.95,1994,25,5.18,20.58
143288,Active,248072,NA,NA,D,0,0,797648.5488,49,2010,38,9.95,40.26
143289,Active,613936,NA,NA,D,3,1,369009.3063,46.95,2004,88,4,13.89
143290,Active,868321,NA,NA,D,1,0,168187.5088,171.95,2008,29,27.07,26.62
143291,Active,878003,NA,NA,D,8,1,498203.8063,18.96,2010,49,2.98,21.45
143292,Active,537837,NA,NA,D,9,1,73016.40875,135.27,2011,45,24.77,103.99
143293,Active,252671,NA,NA,D,8,1,28813.0675,200.75,2011,198,6.07,59.88
143294,Active,54284,NA,NA,D,6,1,415441.3138,13.23,2004,240,3.99,7.29
143295,Active,248299,NA,NA,D,9,1,2227786.454,190.95,2004,29,4,7.89
143296,Active,592236,NA,NA,D,10,1,1661659.076,169.95,2007,31,4,22.92
143297,Active,51044,NA,NA,D,5,1,1630910.979,104.2,2000,35,4,10.99
143298,Active,189181,NA,NA,D,0,0,28210.5575,125,1998,81,22.98,50.97
143299,Active,531251,NA,NA,S,8,1,32372.21875,181,2012,114,31.48,58.99
143300,Active,915825,NA,NA,D,9,1,969502.55,73.59,2004,35,10.58,73.59
143301,Active,53627,NA,NA,D,3,1,346345.125,115.33,2003,152,3.99,21.28
143302,Active,53629,NA,NA,D,5,1,10932.92375,187.2,2009,147,11.23,54.51
143303,Active,629970,NA,NA,D,2,1,1021492.048,49.99,2011,34,4,15.93
143304,Active,630029,NA,NA,D,2,1,297099.755,253.4,2010,22,16.91,179.99
143305,Active,907334,NA,NA,D,0,0,2981037.769,309.24,2012,19,4.87,33.98
143306,Active,698583,NA,NA,D,5,1,4223443.855,88,2005,18,4.97,118.71
143307,Active,247869,NA,NA,D,3,1,1136701.301,100,2007,42,4,27.07
143308,Active,909236,NA,NA,D,3,1,1236111.8,100,2007,36,5.56,2.44
143309,Active,131333,NA,NA,D,4,1,2392287.143,111.4,2002,33,4,72.33
143310,Active,712420,NA,NA,D,3,1,1956775.793,78.7,2003,43,4,13.97
143311,Active,286008,NA,NA,D,5,1,408257.8863,151.93,2010,26,21.87,120.96
143312,Active,58377,NA,NA,D,8,1,610762.2613,93.6,2005,33,4,17.93
143313,Active,915489,NA,NA,D,2,1,2220679.981,87.5,2009,31,4,8.69
143314,Active,789422,NA,NA,D,1,0,3840921.938,79.95,2005,23,4.23,4.36
143315,Active,522973,NA,NA,D,3,1,562147.3088,99.99,2012,36,14.73,33.29
143316,Active,531240,NA,NA,D,3,1,170697.41,44.95,2011,29,24.99,44.94
143317,Active,243354,NA,NA,D,1,0,1421382.033,44.95,2005,18,13.97,83.66
143318,Active,2854954,NA,NA,D,6,1,7458358.421,267.95,1999,11,21.06,176.06
143319,Active,2663252,NA,NA,D,8,1,1332660.848,43.95,1995,21,4.77,29.99
143320,Active,873598,NA,NA,D,2,1,4935681.748,38.95,1994,42,3.49,27.9
143321,Active,268428,NA,NA,D,1,0,438905.8263,46,2006,149,4,5.49
143322,Active,3084093,NA,NA,D,2,1,4091074.798,149.99,2000,9,14.99,123.33
143323,Active,833387,NA,NA,S,2,1,699205.8125,115,1999,30,4,44.69
143324,Active,643459,NA,NA,D,6,1,1449076.591,94.95,2009,30,8.44,12.98
143325,Active,904677,NA,NA,D,5,1,3262521.274,99.95,2004,22,4.08,50.85
143326,Active,1562709,NA,NA,D,2,1,1497902.458,339,2006,19,23.94,74.5
143327,Active,622070,NA,NA,D,3,1,1448354.781,79.95,2003,37,4,40.78
143328,Active,2663909,NA,NA,D,3,1,10813032.32,300,1996,11,6.88,87.69
143329,Active,147678,NA,NA,D,4,1,45660.9675,72.95,2011,41,43.98,46.42
143330,Active,147304,NA,NA,D,3,1,229924.1638,59.95,2006,37,6.76,38.99
143331,Active,147066,NA,NA,D,3,1,1130786.088,355,2004,16,28.99,89.54
143332,Active,135616,NA,NA,D,1,0,319296.1513,46.95,2007,34,7.39,33.94
143333,Active,55294,NA,NA,D,5,1,2695320.62,76.6,2005,65,4,5.85
143334,Active,1866807,NA,NA,D,0,0,215776.54,56,2013,25,19.54,63.98
143335,Active,56437,NA,NA,D,9,1,107761.7725,63.99,2011,109,4.59,45.14
143336,Active,635816,NA,NA,D,9,1,966099.3938,43.99,2011,44,4,8.94
143337,Active,105599,NA,NA,D,3,1,765815.4988,69.95,2000,31,6.92,29.99
143338,Active,127162,NA,NA,D,5,1,362767.9888,35.95,2008,58,4,8.76
143339,Active,223835,NA,NA,D,4,1,2175403.746,89.95,2001,24,4,17.89
143340,Active,3130138,NA,NA,D,5,1,3261497.786,45,2004,24,4,11.98
143341,Active,2142146,NA,NA,D,7,1,2032818.361,60,2006,28,4,24.99
143342,Active,868459,NA,NA,D,3,1,542497.1738,50,2005,28,4,48.97
143343,Active,248057,NA,NA,D,4,1,217027.8525,66,2011,72,23.24,23.98
143344,Active,870601,NA,NA,D,3,1,602978.9963,61.95,2005,47,4,41.16
143345,Active,531211,NA,NA,D,3,1,1091636.466,59.95,2007,23,13.31,37.72
143346,Active,2376965,NA,NA,D,3,1,3060430.909,75,1993,23,4.07,72.61
143347,Active,56432,NA,NA,D,7,1,2065264.55,48.95,2005,28,4,7.66
143348,Active,765525,NA,NA,D,7,1,1748165.876,47.95,2004,14,4.28,12.65
143349,Active,531205,NA,NA,D,4,1,730256.9788,188.95,2008,35,69.91,133.98
143350,Active,248877,NA,NA,D,5,1,381840.2913,49.95,2007,30,18.09,53.49
143351,Active,878722,NA,NA,D,2,1,1683206.158,149.28,2002,13,9.79,99.46
143352,Active,176662,NA,NA,S,1,0,1179745.076,130.95,1998,48,4.13,17.99
143353,Active,60270,NA,NA,D,3,1,1395823.863,138.2,2003,37,4.13,44.98
143354,Active,166831,NA,NA,D,2,1,410350.595,52.98,2005,31,4,52.93
143355,Active,199610,NA,NA,D,1,0,1427348.844,37.95,2004,42,4,7.73
143356,Active,247747,NA,NA,D,2,1,195619.835,36.95,2006,124,3.99,6.85
143357,Active,247908,NA,NA,D,2,1,282817.1925,38.95,2007,41,5.94,10.98
143358,Active,174047,NA,NA,D,2,1,795488.5113,81,1997,28,10.87,54.54
143359,Active,2340744,NA,NA,D,3,1,2617613.134,121.8,1995,33,7.23,55.77
143360,Active,917885,NA,NA,D,0,0,1125383.226,27,2007,33,4,12.49
143361,Active,875497,NA,NA,D,4,1,495070.76,89.21,2008,24,4,25.5
143362,Active,162690,NA,NA,D,1,0,471237.305,75,2010,36,19.99,34.99
143363,Active,788034,NA,NA,D,4,1,2599051.326,256.95,1999,23,4,31.22
143364,Active,109663,NA,NA,D,7,1,194079.29,69.98,2007,33,4.9,55.94
143365,Active,607222,NA,NA,D,6,1,1483809.983,118.6,2001,34,4,33.99
143366,Active,112878,NA,NA,D,2,1,1329041.27,80.95,2004,48,4,9.99
143367,Active,598521,NA,NA,D,3,1,767596.5213,49.95,2005,44,4,6.91
143368,Active,552086,NA,NA,S,8,1,662682.4075,123.4,2002,67,4,29.93
143369,Active,916247,NA,NA,S,3,1,1105063.663,107,1992,39,4,28.81
143370,Active,177582,NA,NA,D,5,1,2328153.101,117.95,2003,35,3.99,10.26
143371,Active,60273,NA,NA,D,6,1,653936.9613,259.95,2006,34,4,44.13
143372,Active,639790,NA,NA,D,1,0,379078.8575,49.99,2012,34,4.98,0
143373,Active,628561,NA,NA,D,0,0,275649.6538,64.95,2010,18,23.94,29.95
143374,Active,147648,NA,NA,D,1,0,275441.495,71.95,2009,67,4,39.58
143375,Active,106275,NA,NA,D,1,0,1042105.285,120,2005,31,33.27,96.14
143376,Active,667557,NA,NA,D,3,1,1136397.529,168.13,2006,21,18.99,108.52
143377,Active,703708,NA,NA,D,2,1,1355653.349,107.61,2001,19,8.92,100.09
143378,Active,176829,NA,NA,D,1,0,1238119.455,118.95,1999,31,4,145.84
143379,Active,169309,NA,NA,D,2,1,1476712.903,161.95,2006,25,4.76,59.62
143380,Active,281199,NA,NA,D,3,1,1486285.96,129,2007,15,47.99,111.59
143381,Active,323666,NA,NA,D,2,1,698015.63,43.95,2008,87,4,18.39
143382,Active,174240,NA,NA,D,1,0,492575.695,120,1998,27,4.77,63.62
143383,Active,2179041,NA,NA,D,2,1,4947322.191,139,2008,11,60.9,123.35
143384,Active,157615,NA,NA,D,2,1,1829897.784,68.95,2012,22,4.97,36.59
143385,Active,55372,NA,NA,D,2,1,2526756.113,65.95,2003,52,4,24.24
143386,Active,131490,NA,NA,D,5,1,885556.8475,62,2001,30,4,19.88
143387,Active,132669,NA,NA,D,7,1,520414.135,115.6,2009,46,17.56,44.93
143388,Active,291350,NA,NA,D,1,0,142419.9575,82,2009,42,4.99,29.98
143389,Active,287740,NA,NA,D,2,1,3605451.71,43.95,2001,26,4.39,10.98
143390,Active,915044,NA,NA,D,3,1,2148515.1,56.95,2006,24,4,22.78
143391,Active,625358,NA,NA,D,4,1,537819.845,51.95,2007,29,16.41,30
143392,Active,558403,NA,NA,D,5,1,47620.8125,52.95,2009,69,12.81,32.49
143393,Active,558392,NA,NA,D,4,1,320760.4138,59.95,2004,70,4,18.91
143394,Active,176659,NA,NA,S,1,0,1193190.358,91.95,1998,35,4,8.38
143395,Active,560370,NA,NA,D,2,1,1045197.813,209,2009,19,20.52,29.46
143396,Active,223815,NA,NA,S,1,0,1449107.044,83.8,2001,22,4,38.5
143397,Active,621133,NA,NA,D,3,1,876495.9,69.95,2010,33,5.43,29.99
143398,Active,2722731,NA,NA,D,2,1,2535121.795,77,2004,22,4,53.03
143399,Active,601955,NA,NA,D,1,0,854397.0925,60.95,2008,21,23.69,128.99
143400,Active,566849,NA,NA,D,1,0,167517.0975,79.95,2006,42,8.16,32.75
143401,Active,133481,NA,NA,D,1,0,386770.2575,64.8,2011,30,16.43,37.61
143402,Active,2043040,NA,NA,D,1,0,1580753.74,16.94,2007,21,4.49,19.99
143403,Active,613063,NA,NA,D,1,0,314026.8813,65.95,2003,125,4.19,13.5
143404,Active,117834,NA,NA,D,2,1,1009130.206,81,2005,44,4,6.94
143405,Active,531165,NA,NA,D,1,0,618106.6138,111.27,2010,49,6.66,59.47
143406,Active,54750,NA,NA,D,1,0,392783.675,192.95,2005,77,4.23,24.79
143407,Active,50708,NA,NA,D,0,0,1675591.634,200.95,2009,85,3.99,8.99
143408,Active,1604604,NA,NA,D,1,0,1103381.538,15.45,2012,12,6,20.98
143409,Active,1438990,NA,NA,D,1,0,561702.6338,103,2012,21,35.8,92.47
143410,Active,756093,NA,NA,D,2,1,1538997.025,4.99,2011,15,18.76,16.89
143411,Active,879143,NA,NA,D,5,1,1510822.033,61.55,2010,49,7.56,43.17
143412,Active,609843,NA,NA,S,6,1,29750.35875,300.43,2012,54,45.98,63.99
143413,Active,497849,NA,NA,D,5,1,773069.7838,63.27,2009,46,10.35,63.98
143414,Active,625659,NA,NA,D,1,0,520042.5288,115.95,2012,46,6.6,0
143415,Active,533997,NA,NA,D,2,1,338327.3238,59.95,2009,36,4.7,52.3
143416,Active,54870,NA,NA,D,3,1,575035.6188,107.95,2009,23,15.43,92.87
143417,Active,272485,NA,NA,D,3,1,627175.6425,182,2009,38,38.64,101.26
143418,Active,51945,NA,NA,D,6,1,867524.3488,127.95,2006,129,3.94,8.23
143419,Active,183237,NA,NA,D,6,1,928754.365,127.95,2006,108,4,12.15
143420,Active,183247,NA,NA,D,3,1,808593.6713,138.95,2006,49,4,17.96
143421,Active,608746,NA,NA,D,2,1,1861293.051,116.95,2001,56,4,8.4
143422,Active,863394,NA,NA,S,3,1,199838.5763,138.95,2006,55,4,8.49
143423,Active,536806,NA,NA,D,2,1,178085.7113,177.93,2012,22,24.7,158.98
143424,Active,254159,NA,NA,D,3,1,2752481.698,91.95,2009,29,4,13.97
143425,Active,880017,NA,NA,D,1,0,1355927.63,84.95,2009,21,5.05,14.97
143426,Active,537001,NA,NA,D,2,1,1335515.959,186.87,2011,22,11.99,85
143427,Active,655062,NA,NA,D,2,1,847031.7913,178.27,2013,19,23.81,121.8
143428,Active,622716,NA,NA,S,8,1,348380.3388,330.25,2008,28,12.86,100.48
143429,Active,741100,NA,NA,D,4,1,6196268.443,96.8,2006,41,7.48,65.55
143430,Active,607934,NA,NA,D,4,1,1019753.483,93.8,2006,38,4.45,28.91
143431,Active,103958,NA,NA,D,6,1,648285.7613,70.75,1998,42,4,4
143432,Active,107787,NA,NA,D,7,1,348535.5913,53.88,2004,45,4,44.03
143433,Active,2427729,NA,NA,D,3,1,262113.98,104,1993,42,4.49,42.34
143434,Active,607621,NA,NA,D,4,1,387483.0363,116,1998,32,17.59,62.91
143435,Active,697506,NA,NA,D,6,1,745359.6788,419.91,2006,26,5.06,46.89
143436,Active,52168,NA,NA,D,5,1,306370.3725,23.95,2002,79,8.99,23.86
143437,Active,108429,NA,NA,D,6,1,219918.78,188.25,2006,63,10.29,59.97
143438,Active,52169,NA,NA,S,4,1,72194.5775,217.25,1998,86,4,42.77
143439,Active,870176,NA,NA,D,6,1,1378965.996,46.89,2005,43,5.62,30.34
143440,Active,183081,NA,NA,D,1,0,1043145.945,28.91,2004,32,6.47,28.91
143441,Active,200516,NA,NA,S,3,1,114805.375,241.95,2009,49,13.79,60.58
143442,Active,900611,NA,NA,S,0,0,301041.415,49.95,2007,15,20.98,49.95
143443,Active,658594,NA,NA,D,2,1,1794120.961,43.94,2001,22,9.54,43.94
143444,Active,612885,NA,NA,D,4,1,766373.8138,37.95,2003,218,4,5.84
143445,Active,211026,NA,NA,D,4,1,279925.905,52.95,2010,65,5,18.53
143446,Active,615032,NA,NA,D,3,1,192789.155,46.95,2006,69,4,13.98
143447,Active,627476,NA,NA,D,4,1,1410559.001,329.99,2009,22,9.02,29.49
143448,Active,210928,NA,NA,D,4,1,1489986.319,42.95,2005,69,4,6.82
143449,Active,290279,NA,NA,S,2,1,598886.0838,200,1995,62,6.51,36.11
143450,Active,540461,NA,NA,D,4,1,326009.0888,190,2009,42,5.43,23.99
143451,Active,143277,NA,NA,D,4,1,730549.5625,141,2009,37,4.18,6.59
143452,Active,776034,NA,NA,D,5,1,414835.5663,135,2007,30,4.74,28.99
143453,Active,775789,NA,NA,D,0,0,892620.8313,135,2004,23,4.97,55.03
143454,Active,864055,NA,NA,D,2,1,1142319.121,49.95,2011,40,4,13.24
143455,Active,775602,NA,NA,D,4,1,1872345.778,117,2003,19,5.13,50.19
143456,Active,1948065,NA,NA,D,3,1,1444060.893,49.95,2011,23,28.34,44.9
143457,Active,582324,NA,NA,D,2,1,2707131.404,80,2005,28,4,38.98
143458,Active,177540,NA,NA,D,3,1,118259.0613,104.95,2001,82,5.49,48.99
143459,Active,630456,NA,NA,S,2,1,329481.6938,58.93,1992,24,13.95,58.91
143460,Active,298478,NA,NA,D,7,1,213957.6538,167.95,2008,66,24.99,62.5
143461,Active,244982,NA,NA,D,6,1,235509.4775,183.95,2003,83,4,12.97
143462,Active,609587,NA,NA,D,7,1,611633.7863,70.95,2008,46,13.1,63.61
143463,Active,146466,NA,NA,D,5,1,48189.6125,188.6,2011,141,6.47,23.48
143464,Active,544997,NA,NA,S,4,1,53663.92875,70,2013,52,11.12,47.24
143465,Active,247813,NA,NA,D,2,1,2236646.173,57.95,2006,53,4.44,5.49
143466,Active,607181,NA,NA,D,2,1,1329447.728,33.4,2003,46,4,9.99
143467,Active,247923,NA,NA,D,3,1,472473.185,68,2008,41,7.99,21.98
143468,Active,60280,NA,NA,D,7,1,1440882.524,127.6,2004,41,4,10.98
143469,Active,301033,NA,NA,D,1,0,588340.7913,52.23,2007,22,4.99,44.58
143470,Active,652032,NA,NA,D,4,1,367698.5463,109.95,2005,39,36.43,90.37
143471,Active,610430,NA,NA,D,3,1,44439.165,106.2,2013,85,9.4,23.98
143472,Active,133093,NA,NA,S,2,1,518945.5213,84,2010,42,4.38,46.41
143473,Active,374747,NA,NA,S,2,1,314729.8225,47,2003,42,9.15,26.83
143474,Active,608710,NA,NA,D,4,1,1521150.369,44.95,2001,67,4,11.99
143475,Active,255771,NA,NA,D,2,1,180446.3875,49.95,2005,37,4.98,23.99
143476,Active,126044,NA,NA,D,2,1,2043204.091,38.95,2001,32,4,29.69
143477,Active,279149,NA,NA,D,2,1,548163.1438,63,2006,34,21.44,43.03
143478,Active,149438,NA,NA,D,2,1,751475.9013,40,2010,20,9.51,31.31
143479,Active,621506,NA,NA,D,1,0,551139.9088,71,1997,26,4,37.99
143480,Active,870392,NA,NA,D,3,1,1787966.82,94.95,2005,18,4,23.98
143481,Active,169822,NA,NA,D,4,1,1775756.52,89.95,2008,34,3.88,12.94
143482,Active,644393,NA,NA,S,3,1,227093.3875,63.42,2013,74,22.22,37.93
143483,Active,631747,NA,NA,D,2,1,271335.135,37,2007,23,16.99,31.99
143484,Active,2251804,NA,NA,D,4,1,1984947.039,48.42,2008,25,19.97,85.43
143485,Active,607577,NA,NA,D,3,1,915590.5588,49.95,2002,37,4,10.74
143486,Active,607600,NA,NA,D,4,1,147642.6725,66.95,2009,34,15.89,67.17
143487,Active,615845,NA,NA,D,2,1,1841314.694,11.94,2002,30,4,8.82
143488,Active,763515,NA,NA,D,5,1,3633428.236,64.95,1999,27,4,17.99
143489,Active,291621,NA,NA,D,6,1,295063.6175,96.95,2003,53,4,33.79
143490,Active,2722678,NA,NA,D,2,1,1197014.165,74,2003,18,4.97,87.43
143491,Active,272478,NA,NA,D,2,1,693194.9488,95,2009,27,11.07,53.79
143492,Active,621440,NA,NA,D,2,1,505424.2213,95,2005,36,4,28.99
143493,Active,899084,NA,NA,S,0,0,1383899.806,46.95,2001,23,4.48,7.98
143494,Active,904354,NA,NA,D,2,1,599720.4638,56,2011,34,8.44,53.73
143495,Active,771481,NA,NA,D,1,0,226122.5625,90.95,2007,39,7.77,52.98
143496,Active,2852919,NA,NA,D,3,1,1014141.539,55,1996,20,5.1,72.39
143497,Active,621112,NA,NA,D,3,1,1522591.135,120,2009,31,6.2,23.98
143498,Active,1682705,NA,NA,D,3,1,2894937.758,95,2009,21,4,53.91
143499,Active,132148,NA,NA,D,2,1,1115782.5,164.2,2006,60,4,23.98
143500,Active,531214,NA,NA,D,6,1,974624.1313,39.95,2008,22,4,13.94
143501,Active,705176,NA,NA,D,6,1,735115.9488,152.5,2005,57,4.12,25.69
143502,Active,876813,NA,NA,D,8,1,1809295.166,22.78,2007,63,5.58,14.29
143503,Active,643410,NA,NA,D,3,1,1735798.211,162.95,2010,19,36.73,142.64
143504,Active,270780,NA,NA,D,4,1,150426.4,49.99,2009,41,8.38,21.39
143505,Active,622078,NA,NA,D,3,1,502349.4325,59,2003,57,4.3,0
143506,Active,633354,NA,NA,D,5,1,453298.8363,88.95,2008,29,22.62,95.16
143507,Active,870457,NA,NA,D,4,1,835815.12,94.11,2007,50,5.59,48.61
143508,Active,329796,NA,NA,D,3,1,888092.6163,44.4,2005,71,4,15.54
143509,Active,895242,NA,NA,D,2,1,1272590.113,44.95,2012,18,22.09,34.52
143510,Active,557491,NA,NA,D,4,1,984282.4338,44.4,2008,45,4,37.98
143511,Active,2397049,NA,NA,D,4,1,584342.9775,85.95,1996,60,4.02,32.35
143512,Active,165094,NA,NA,D,3,1,761915.0525,55,2000,27,6.13,44.99
143513,Active,875689,NA,NA,D,2,1,343906.6513,157.29,2008,31,33.78,43.94
143514,Active,269197,NA,NA,D,1,0,40343.13125,35.99,2008,88,10.61,13.98
143515,Active,875172,NA,NA,S,7,1,673978.7463,84.65,2010,32,6.04,83.09
143516,Active,1932500,NA,NA,D,1,0,189398.5813,49.99,2013,34,4.35,8.85
143517,Active,635691,NA,NA,D,1,0,121581.355,49.99,2012,100,8.49,24.41
143518,Active,713424,NA,NA,D,0,0,1216490.473,71,2002,25,10.32,0
143519,Active,225870,NA,NA,D,1,0,1046583.179,169.95,1997,14,4.27,44.96
143520,Active,559507,NA,NA,D,5,1,3024234.675,84.95,1999,30,4,29.93
143521,Active,743579,NA,NA,D,4,1,3703045.776,59.95,2005,12,4.49,6.2
143522,Active,628166,NA,NA,D,5,1,1382972.426,123.95,2009,21,5.12,18.99
143523,Active,609715,NA,NA,D,14,1,2943810.888,79.95,2009,19,4.97,4.99
143524,Active,267529,NA,NA,D,17,1,930286.07,59.95,2011,27,4.49,19.98
143525,Active,666762,NA,NA,D,10,1,1971394.524,54.95,2012,19,5.63,31.99
143526,Active,893855,NA,NA,D,4,1,2984814.215,46.95,2003,18,8.4,56.53
143527,Active,177918,NA,NA,D,5,1,1269142.239,125.95,2003,35,4,4.58
143528,Active,124081,NA,NA,D,4,1,2254386.448,114.95,2003,41,4,38.98
143529,Active,2663298,NA,NA,D,4,1,4502462.803,45,1996,21,5.03,39.75
143530,Active,620590,NA,NA,D,2,1,385403.7413,113.95,2008,46,4.93,73.99
143531,Active,3530571,NA,NA,D,4,1,4561609.6,83.95,2002,25,4.12,11.98
143532,Active,52958,NA,NA,D,4,1,521216.9688,92.6,2004,51,4,27.39
143533,Active,428275,NA,NA,D,4,1,4218852.483,75.6,2001,23,4,7.98
143534,Active,597951,NA,NA,D,2,1,1629904.2,36.95,2002,29,4,28.68
143535,Active,159707,NA,NA,D,2,1,1120155.929,73.95,2007,22,6.39,53.36
143536,Active,192528,NA,NA,D,6,1,2455711.085,62.95,2004,36,4,19.49
143537,Active,249223,NA,NA,D,7,1,673852.8738,82.95,2008,27,4,18.39
143538,Active,108382,NA,NA,D,6,1,2234470.015,17.92,2004,44,4,17.93
143539,Active,285400,NA,NA,D,7,1,97165.0075,53.48,2009,51,4.38,51.27
143540,Active,109267,NA,NA,D,6,1,971780.16,29.68,2006,38,4,28.24
143541,Active,268210,NA,NA,D,5,1,2028505.699,62.95,2007,47,4,10.79
143542,Active,254045,NA,NA,D,6,1,715884.1938,62.95,2010,52,4,19.14
143543,Active,867968,NA,NA,S,29,1,227285.835,79.75,2014,28,12.24,31.36
143544,Active,649262,NA,NA,D,1,0,721470.4738,54.2,2003,32,4,39.99
143545,Active,638631,NA,NA,D,7,1,2569750.198,245.99,2006,20,21.8,88.82
143546,Active,217755,NA,NA,D,4,1,1092213.448,79.99,2003,26,18.78,69.93
143547,Active,285599,NA,NA,D,11,1,2352422.16,46,2009,27,4,48.51
143548,Active,183151,NA,NA,D,1,0,1290930.948,162.95,2006,59,4,43.98
143549,Active,417279,NA,NA,D,2,1,2273014.936,323.44,2011,23,30.03,196.64
143550,Active,626660,NA,NA,D,1,0,1231599.481,393.75,2012,34,6.23,30.22
143551,Active,626659,NA,NA,D,2,1,370959.26,198.07,2012,33,15.17,130.13
143552,Active,914912,NA,NA,D,1,0,262384.0638,72.28,1966,34,12.38,38.45
143553,Active,146820,NA,NA,S,17,1,33836.37375,197.2,2012,88,23.98,31.55
143554,Active,536568,NA,NA,D,17,1,326031.0975,197.2,2012,40,37.02,147.43
143555,Active,3822080,NA,NA,D,3,1,2287116.55,79,2007,15,17.68,23.24
143556,Active,2582473,NA,NA,D,0,0,201535.5875,22.95,2003,20,12.99,17.12
143557,Active,1492131,NA,NA,D,2,1,1127345.236,59.99,2010,24,5.79,40.2
143558,Active,2502713,NA,NA,D,0,0,922052.5938,109,1996,38,12.14,28.91
143559,Active,727807,NA,NA,D,1,0,970409.9163,72,1997,28,15.92,71.58
143560,Active,198462,NA,NA,D,5,1,1352401.223,137.95,2007,16,31.69,88
143561,Active,3795075,NA,NA,D,3,1,10475938.85,54.95,2004,13,6.89,145.51
143562,Active,60289,NA,NA,D,5,1,1169488.871,165.95,2007,26,4.97,52.03
143563,Active,2561809,NA,NA,D,2,1,2807239.546,96.95,1982,27,4,30.78
143564,Active,1562796,NA,NA,D,3,1,1757556.586,49.95,2006,17,6.25,35.16
143565,Active,58027,NA,NA,D,6,1,639179.915,56.25,1999,29,4.9,48.93
143566,Active,2435001,NA,NA,D,2,1,741087.575,56.95,2004,28,5.96,72.41
143567,Active,117208,NA,NA,D,4,1,1427556.985,100,2005,24,4,41.01
143568,Active,58023,NA,NA,D,3,1,2786989.543,72,2002,43,4,18
143569,Active,118587,NA,NA,D,10,1,1425426.135,124,2006,81,3.97,4.63
143570,Active,132018,NA,NA,D,3,1,769265.3413,68.33,2005,20,4,4.99
143571,Active,607739,NA,NA,D,4,1,351694.5063,81.8,2008,40,4,10.95
143572,Active,245093,NA,NA,D,3,1,2525280.311,158.95,2003,25,4,13.75
143573,Active,610177,NA,NA,D,1,0,216446.6913,67.95,2003,57,21.1,41.6
143574,Active,60291,NA,NA,D,3,1,1323041.055,139.95,2004,51,3.99,9
143575,Active,730471,NA,NA,D,2,1,1603467.14,45,1999,38,4.37,49.98
143576,Active,568095,NA,NA,D,1,0,480520.71,49,2006,59,4,22.38
143577,Active,602290,NA,NA,D,2,1,1365927.575,34.95,2000,59,4,6.55
143578,Active,629456,NA,NA,D,10,1,1659187.345,53.99,2010,23,4.34,47.68
143579,Active,540685,NA,NA,S,11,1,4596.01375,169,2013,118,24.93,68.99
143580,Active,55513,NA,NA,S,5,1,310532.5163,276.95,2010,41,24.25,77.06
143581,Active,183571,NA,NA,D,4,1,131082.0725,194.95,2007,55,16.43,79.75
143582,Active,170132,NA,NA,S,5,1,249759.8613,76.95,2010,42,4.73,80.95
143583,Active,55573,NA,NA,D,5,1,47541.93375,203.95,2009,57,6.52,53.7
143584,Active,567783,NA,NA,D,5,1,377181.7388,142.95,2011,70,6.11,48.99
143585,Active,183065,NA,NA,D,3,1,4502947.999,147.95,2004,21,4,93.9
143586,Active,531073,NA,NA,D,2,1,1261726.805,79.95,2011,20,39.62,55.93
143587,Active,61196,NA,NA,D,2,1,1765385.81,192.95,2005,44,4,13.99
143588,Active,153918,NA,NA,D,2,1,1288316.076,15.95,2005,20,4,31.52
143589,Active,613280,NA,NA,D,2,1,313514.9388,107,2005,53,4,33.9
143590,Active,1657579,NA,NA,D,2,1,9452699.721,66.77,2009,7,33.93,145.47
143591,Active,52393,NA,NA,D,13,1,5300.825,174.2,2011,145,9.83,49.97
143592,Active,879987,NA,NA,D,13,1,1233984.469,68.69,2012,28,4.05,68.69
143593,Active,552316,NA,NA,D,12,1,429856.185,53.98,2009,28,7.68,52.99
143594,Active,3559010,NA,NA,D,4,1,2153977.65,0,1999,49,3.89,43.04
143595,Active,191869,NA,NA,S,1,0,352485.5138,102.32,2000,46,4.77,60.87
143596,Active,272543,NA,NA,D,6,1,586820.87,67,2010,42,4,41.58
143597,Active,911185,NA,NA,D,4,1,2159126.398,0,2010,19,4,23.99
143598,Active,627416,NA,NA,D,4,1,674829.2988,42.75,2010,25,14.18,0
143599,Active,618270,NA,NA,S,4,1,145328.6575,30.75,2009,78,4,9.9
143600,Active,636499,NA,NA,D,2,1,1696256.993,64,2007,25,4,70.2
143601,Active,1539814,NA,NA,D,3,1,2648710.268,47.95,2007,22,4.76,47.95
143602,Active,115986,NA,NA,D,0,0,86006.29125,105.75,2004,42,15.44,0
143603,Active,270994,NA,NA,D,5,1,50634.9725,49.99,2010,36,15.78,26.45
143604,Active,203443,NA,NA,D,4,1,1359050.705,36.95,2001,59,4,22.9
143605,Active,254564,NA,NA,D,6,1,16213.4875,58.99,2011,84,25.97,43.84
143606,Active,204064,NA,NA,D,5,1,215983.6963,44.95,2005,88,9.36,33.84
143607,Active,146968,NA,NA,D,2,1,1185778.97,46.95,2001,34,4,28.99
143608,Active,288842,NA,NA,S,4,1,104794.325,67.95,2009,37,31.24,43.99
143609,Active,625238,NA,NA,D,2,1,890726.9763,119,2011,28,28.57,43.99
143610,Active,569065,NA,NA,D,2,1,582272.1413,110,2008,48,5.94,95.25
143611,Active,164210,NA,NA,D,3,1,1735775.824,199.95,2000,20,15.98,63.31
143612,Active,110741,NA,NA,S,6,1,11530.1575,204.75,2012,93,19.11,44.55
143613,Active,616823,NA,NA,D,5,1,430062.405,85.25,2009,42,5.57,30.32
143614,Active,830998,NA,NA,D,1,0,1665771.825,67.95,2009,10,23.95,23.97
143615,Active,3547097,NA,NA,D,3,1,3202332,109.95,1998,29,4.76,58.35
143616,Active,3546995,NA,NA,D,2,1,6484138.25,49.95,1988,31,4,44.93
143617,Active,866779,NA,NA,D,10,1,23346.3425,250.8,2013,65,13.88,47.89
143618,Active,244168,NA,NA,D,3,1,248040.9763,59.95,2011,152,4,9.98
143619,Active,57060,NA,NA,D,2,1,782902.3625,59.95,2009,127,4,4.28
143620,Active,57059,NA,NA,D,1,0,1778136.375,59.95,2008,44,4,4.96
143621,Active,862005,NA,NA,D,4,1,30051.12375,69.95,2014,133,6.94,28.93
143622,Active,647963,NA,NA,D,4,1,1503185.418,93.94,2008,23,55.34,60.55
143623,Active,911129,NA,NA,D,3,1,1236806.774,109.65,1984,32,4,75.71
143624,Active,620966,NA,NA,D,3,1,1481618.758,98.7,1990,48,4,45.73
143625,Active,281252,NA,NA,D,4,1,3112684.653,59.95,2008,15,37.18,58.99
143626,Active,1491977,NA,NA,D,4,1,1645219.221,93.33,2008,24,22.15,87.25
143627,Active,121577,NA,NA,D,11,1,25920.315,266.8,2011,79,19.2,266.8
143628,Active,602230,NA,NA,D,12,1,1322587.975,99.95,2009,12,12.49,234.85
143629,Active,888230,NA,NA,D,11,1,1239628.744,95,2006,14,12.29,111.33
143630,Active,281216,NA,NA,D,2,1,2024092.053,99,2007,25,49.79,53.11
143631,Active,591638,NA,NA,D,0,0,657852.035,36.33,2007,45,4,34.56
143632,Active,145437,NA,NA,D,2,1,450427.6963,224.4,2008,33,17.8,82.65
143633,Active,60294,NA,NA,D,4,1,1304568.891,273.95,2007,27,3.33,206.72
143634,Active,269344,NA,NA,D,3,1,1099014.531,49.95,2008,36,4.97,23.97
143635,Active,3464105,NA,NA,D,2,1,1850664.15,64,1988,27,6.98,36.11
143636,Active,868166,NA,NA,D,3,1,2244120.241,34.95,1993,32,4,27.9
143637,Active,795781,NA,NA,D,12,1,1038988.975,68.95,2012,17,8.81,67.91
143638,Active,861167,NA,NA,D,37,1,1177744.134,23.99,2013,24,4.49,23.99
143639,Active,53995,NA,NA,D,19,1,5137.3975,363.75,2011,218,13.18,43.88
143640,Active,576013,NA,NA,D,3,1,635740.7575,92.1,2011,23,7.98,53.97
143641,Active,622946,NA,NA,S,11,1,335718.5625,311.4,2013,54,25.94,70.99
143642,Active,147949,NA,NA,D,6,1,4589222.954,165.95,2003,34,4.03,10.73
143643,Active,54282,NA,NA,D,4,1,1448010.818,62.88,2004,31,4.27,43.77
143644,Active,53992,NA,NA,D,16,1,312407.84,201.25,2005,217,4,23.78
143645,Active,1439144,NA,NA,D,9,1,1442999.666,68.99,2008,15,6.38,72.68
143646,Active,110686,NA,NA,D,35,1,1589508.728,22.43,2009,30,3.99,20.43
143647,Active,60301,NA,NA,S,11,1,644972.305,371.95,2005,93,4.08,18.92
143648,Active,864622,NA,NA,S,5,1,9070.29625,311.4,2014,78,28.99,48.99
143649,Active,613663,NA,NA,D,1,0,854124.8975,30.89,2005,47,7.01,9.95
143650,Active,55357,NA,NA,D,9,1,808015.865,296.95,2008,55,5.07,47.49
143651,Active,544216,NA,NA,D,11,1,159988.3088,372.95,2013,62,18.85,87.47
143652,Active,50630,NA,NA,D,9,1,3743969.63,392.95,2004,34,4.73,23.97
143653,Active,531010,NA,NA,S,9,1,240175.1388,360.95,2012,47,46.68,105.64
143654,Active,53993,NA,NA,D,17,1,201023.7625,29.99,2008,254,4,24.98
143655,Active,109669,NA,NA,D,6,1,1885329.149,183.5,2005,48,4.11,15.94
143656,Active,61187,NA,NA,D,3,1,2030218.883,141.75,2002,35,4,43.24
143657,Active,153948,NA,NA,D,6,1,1123961.538,43.73,2006,15,25.18,47.35
143658,Active,51346,NA,NA,D,5,1,1496388.919,136.25,2001,59,4,25.27
143659,Active,110920,NA,NA,D,2,1,2869356.303,36.99,2006,30,4.09,28.99
143660,Active,120750,NA,NA,D,6,1,240595.5463,220,2009,57,14.37,43.37
143661,Active,531021,NA,NA,D,9,1,272795.3,77.99,2013,38,4,53.99
143662,Active,129300,NA,NA,D,8,1,1943743.926,74,2009,18,6.39,90.35
143663,Active,119405,NA,NA,S,10,1,2544.86625,269.6,2012,140,23.95,46.45
143664,Active,559033,NA,NA,S,10,1,252128.6163,95.02,2012,44,8.99,38.69
143665,Active,434684,NA,NA,D,8,1,83401.46625,173.33,2006,103,6.21,31.9
143666,Active,50851,NA,NA,D,8,1,833706.9388,180,2006,48,4,44.45
143667,Active,146122,NA,NA,D,9,1,67414.10375,220,2009,101,7.34,35.99
143668,Active,57809,NA,NA,D,7,1,2891601.18,59,1997,23,4,28.99
143669,Active,162620,NA,NA,D,5,1,86475.615,26.98,2009,46,9.7,42.45
143670,Active,630248,NA,NA,D,4,1,2730097.691,99,2004,31,4,56.96
143671,Active,100799,NA,NA,S,6,1,833123.8238,168.25,1999,99,4,23.69
143672,Active,54010,NA,NA,D,5,1,2224160.494,194,2006,58,4,7.42
143673,Active,621000,NA,NA,S,8,1,76418.21,311.4,2013,51,23.69,73.99
143674,Active,120780,NA,NA,D,2,1,1894058.691,257.6,2008,62,4,12.99
143675,Active,537934,NA,NA,D,15,1,486291.8538,233.33,2009,69,4.76,5.46
143676,Active,551252,NA,NA,D,0,0,707483.1488,152.5,2001,49,5.52,17.96
143677,Active,539363,NA,NA,D,17,1,31497.53125,324.2,2013,92,8.1,53.24
143678,Active,531016,NA,NA,D,15,1,1191269.471,170.67,2010,48,4,20.97
143679,Active,531015,NA,NA,S,16,1,152931.18,283.4,2011,76,8.96,31.28
143680,Active,146088,NA,NA,D,15,1,108399.675,225,2009,108,4,23.59
143681,Active,715428,NA,NA,S,16,1,488570.2788,146.27,2011,33,8.29,12.59
143682,Active,539361,NA,NA,D,17,1,22238.10875,257.6,2013,82,12.05,47.83
143683,Active,145475,NA,NA,D,14,1,366215.24,180,2007,60,4,12
143684,Active,119116,NA,NA,D,16,1,88234.34625,225,2011,94,6.78,39.77
143685,Active,531012,NA,NA,D,15,1,1934882.14,160,2009,46,4.13,79.68
143686,Active,531003,NA,NA,D,3,1,1199927.233,67.95,2007,22,6.38,52.89
143687,Active,157097,NA,NA,D,2,1,2458720.324,54.95,2003,13,5.48,47.01
143688,Active,112078,NA,NA,D,20,1,1832361.259,52.61,2009,24,4,46.05
143689,Active,827365,NA,NA,D,1,0,1409457.144,42,2003,57,4,7.99
143690,Active,638225,NA,NA,D,3,1,721565.1813,215,2012,37,7.78,150.81
143691,Active,540459,NA,NA,D,2,1,1676113.803,176,2009,15,8.15,110.03
143692,Active,363549,NA,NA,D,2,1,1086021.978,144,2009,22,7.26,46.24
143693,Active,582933,NA,NA,D,1,0,257970.9325,48.45,1994,117,4,33.94
143694,Active,52746,NA,NA,D,8,1,1234776.985,113.2,2006,77,4,28.98
143695,Active,52744,NA,NA,S,10,1,21264.21875,194,2011,92,36.97,93.93
143696,Active,714248,NA,NA,D,3,1,3101900.929,69,2011,23,4.36,23.93
143697,Active,132037,NA,NA,D,9,1,3588085.851,122.67,2005,29,4.35,69.13
143698,Active,116332,NA,NA,D,11,1,855008.44,187.13,2010,37,17.79,134.84
143699,Active,119206,NA,NA,S,12,1,8705.7575,213.2,2012,100,41.98,164.91
143700,Active,451705,NA,NA,D,1,0,269990.0588,208.95,2010,33,27.23,71.4
143701,Active,416611,NA,NA,S,4,1,110181.5313,97.16,2008,42,27.13,79.95
143702,Active,285581,NA,NA,D,25,1,1757188.505,49.5,2010,34,4,28.99
143703,Active,1570576,NA,NA,D,0,0,5457755.194,0,2007,14,4.76,0
143704,Active,121138,NA,NA,D,7,1,27300.13875,173.8,2010,76,13.21,66.94
143705,Active,52748,NA,NA,D,9,1,582182.8988,160,2008,34,12.15,15.48
143706,Active,52749,NA,NA,D,8,1,191329.0963,108.7,2005,188,4,13.99
143707,Active,120802,NA,NA,D,8,1,1430086.916,175.27,2009,33,9.68,268.64
143708,Active,119195,NA,NA,S,9,1,96839.88875,213.2,2012,52,33.62,72.93
143709,Active,51364,NA,NA,D,11,1,34917.7275,173.8,2009,125,10.76,52.99
143710,Active,116318,NA,NA,S,4,1,39902.84,174,2011,42,51.59,148.85
143711,Active,50710,NA,NA,S,6,1,46420.1375,102.4,2011,57,31.69,138.99
143712,Active,52133,NA,NA,S,7,1,289873.7613,100,2002,81,4,16.17
143713,Active,50711,NA,NA,S,4,1,293206.435,101,2003,53,4,7.99
143714,Active,52174,NA,NA,D,2,1,254512.81,106.67,2004,91,4.87,14.96
143715,Active,51254,NA,NA,D,7,1,1736829.021,5.66,2002,50,4,4.36
143716,Active,633550,NA,NA,D,2,1,2524552.718,109,2000,25,4,44.43
143717,Active,738209,NA,NA,D,2,1,3065750.009,44,1999,23,4,43.49
143718,Active,142904,NA,NA,D,3,1,1570051.16,79,2003,22,6.17,43.94
143719,Active,144894,NA,NA,D,1,0,279563.2938,59.99,2004,51,4,10.91
143720,Active,607650,NA,NA,D,2,1,206126.7213,39.95,1997,100,4,18.89
143721,Active,549559,NA,NA,D,1,0,1129072.524,54.95,2003,25,4.99,13.49
143722,Active,130750,NA,NA,D,3,1,4531869.523,67,1995,19,4.77,32.1
143723,Active,182916,NA,NA,D,9,1,1066360.084,184.95,2006,61,4,13.23
143724,Active,651417,NA,NA,D,6,1,1195104.13,78.45,2009,27,4,99.13
143725,Active,924342,NA,NA,S,6,1,120750.4225,273.95,2013,48,17.79,130.68
143726,Active,57016,NA,NA,D,4,1,1280668.724,229.95,2008,44,4,0
143727,Active,198887,NA,NA,D,2,1,2039346.489,77,1995,23,4,45.4
143728,Active,1492031,NA,NA,D,3,1,2428153.109,120,2008,17,6.44,54.13
143729,Active,254048,NA,NA,D,6,1,494896.0063,66.95,2010,24,47.72,870.39
143730,Active,121594,NA,NA,D,1,0,608716.245,165.93,2010,33,6.88,27.02
143731,Active,132304,NA,NA,D,1,0,73224.645,152.6,2010,97,8.12,21.93
143732,Active,2698987,NA,NA,D,2,1,2004557.321,88.95,1998,22,15.12,64.33
143733,Active,3586012,NA,NA,D,3,1,1435375.7,65,1900,45,4,10.98
143734,Active,114729,NA,NA,D,5,1,1315318.056,102.67,2003,43,4,9.86
143735,Active,115046,NA,NA,D,4,1,3205424.175,86,1999,35,4,19.45
143736,Active,52869,NA,NA,D,7,1,93432.6775,147.6,2010,48,28.44,78.33
143737,Active,117293,NA,NA,D,3,1,1450440.194,42,2006,51,3.99,7.29
143738,Active,2373023,NA,NA,D,2,1,1105096.949,49.35,2001,48,4,6.63
143739,Active,157602,NA,NA,D,1,0,42570.685,70.95,2010,43,33.98,50.94
143740,Active,870324,NA,NA,D,9,1,1675090.454,28.99,2010,41,5.63,28.99
143741,Active,613458,NA,NA,D,1,0,471900.1325,192.95,2001,55,4,44.92
143742,Active,665314,NA,NA,D,10,1,710047.9263,164,2012,61,34.43,34.44
143743,Active,530968,NA,NA,D,10,1,68774.4975,141,2012,68,27.59,75.88
143744,Active,616959,NA,NA,D,1,0,1126985.029,44.99,2007,48,4,13.58
143745,Active,627992,NA,NA,D,1,0,620417.4325,54.6,2001,33,6.99,34.94
143746,Active,224361,NA,NA,D,6,1,892343.4563,192.95,2000,26,4.93,49.41
143747,Active,3790051,NA,NA,D,2,1,5899639.6,132,1993,28,8.49,65.99
143748,Active,164896,NA,NA,D,2,1,2208640.293,160,1999,19,22.92,86.75
143749,Active,665540,NA,NA,D,5,1,733991.2688,41,2010,45,5.83,39.99
143750,Active,142871,NA,NA,D,3,1,1659272.408,29,2003,24,4,25.67
143751,Active,205807,NA,NA,S,1,0,738178.8938,45,2002,51,4,11.99
143752,Active,268804,NA,NA,D,4,1,545039.0775,100,2008,26,6.53,6.53
143753,Active,878076,NA,NA,D,9,1,1656164.259,67.58,2010,27,6.24,62.04
143754,Active,120842,NA,NA,S,9,1,32101.70125,243.2,2010,90,26.49,94.82
143755,Active,114208,NA,NA,S,6,1,1325033.618,99,2000,71,4.73,19.49
143756,Active,2408241,NA,NA,D,2,1,9042713.676,89.95,1994,16,4.48,76.74
143757,Active,628907,NA,NA,D,4,1,554049.3825,488.46,2003,26,25,78.98
143758,Active,609586,NA,NA,D,8,1,900323.7,225.95,2006,17,26.87,98.76
143759,Active,2323907,NA,NA,D,2,1,1010248.566,77.69,1970,25,14.78,77.39
143760,Active,196458,NA,NA,D,3,1,780209.7175,46.95,2006,28,17.52,50.75
143761,Active,226113,NA,NA,D,2,1,1235612.563,125.95,2007,25,14.98,122.61
143762,Active,226026,NA,NA,D,2,1,1895626.825,125.95,2007,19,78.99,111.46
143763,Active,895780,NA,NA,D,2,1,1809033.803,125.95,2007,16,32.98,68.99
143764,Active,50693,NA,NA,D,5,1,68982.3975,198,2010,54,20.62,44.98
143765,Active,2316813,NA,NA,D,2,1,637590.455,67.5,1993,22,4.48,31.99
143766,Active,530947,NA,NA,D,7,1,128076.745,89.33,2011,25,52.62,66.99
143767,Active,629294,NA,NA,D,5,1,990882.5638,133,2002,18,50.17,124.87
143768,Active,222822,NA,NA,D,3,1,249171.2088,90,2005,34,28.03,53.99
143769,Active,284971,NA,NA,D,2,1,1710029.11,99.95,2002,19,4.54,59.94
143770,Active,129303,NA,NA,D,8,1,869921.375,100,2009,18,13.93,86.28
143771,Active,618876,NA,NA,D,5,1,2646744.624,105.95,2004,18,7.16,22.95
143772,Active,788273,NA,NA,D,4,1,1988885.761,57.95,2001,29,4,17.94
143773,Active,778592,NA,NA,D,2,1,1892668.255,154.95,2009,40,4,33.98
143774,Active,245257,NA,NA,D,3,1,2176118.426,217.95,2005,16,4,33.99
143775,Active,253949,NA,NA,D,17,1,874585.3513,169.95,2011,23,32.23,107.84
143776,Active,797664,NA,NA,D,15,1,1347037.111,177.95,2004,36,4.97,52.57
143777,Active,253835,NA,NA,D,9,1,2116233.57,118.95,2008,13,13.34,19.98
143778,Active,245249,NA,NA,D,8,1,2158956.641,141.95,2005,19,14.42,73.53
143779,Active,202260,NA,NA,D,7,1,1613803.384,95.95,2001,21,6.23,33.72
143780,Active,877281,NA,NA,D,8,1,1615378.026,340.46,2010,29,28.28,114.1
143781,Active,530936,NA,NA,D,8,1,322464.9338,102.95,2010,30,7.94,49.52
143782,Active,109860,NA,NA,D,2,1,1725015.561,25.98,2007,16,17.22,24.83
143783,Active,165985,NA,NA,D,2,1,1056343.246,107,2003,28,13.84,73.98
143784,Active,766017,NA,NA,D,0,0,2305885.82,115.95,1997,21,4.98,62.93
143785,Active,659333,NA,NA,D,2,1,1028914.203,204.95,2005,19,123.99,218.61
143786,Active,2572899,NA,NA,D,1,0,1039333.899,102.95,1992,42,6.87,62.37
143787,Active,2341889,NA,NA,D,2,1,2658829.504,68.35,1979,39,4.12,67.87
143788,Active,193431,NA,NA,D,2,1,3924069.153,117,2004,17,7.97,27.97
143789,Active,631674,NA,NA,D,3,1,2277754.986,136,2008,13,5.37,10.1
143790,Active,2389140,NA,NA,D,3,1,2322504.421,110,1997,20,4,47.14
143791,Active,116093,NA,NA,D,9,1,517134.2963,138.8,2005,27,8.29,67.09
143792,Active,104869,NA,NA,D,3,1,940998.3188,89.95,1995,27,4.68,67.05
143793,Active,110041,NA,NA,D,2,1,1460303.248,11.99,2010,51,4,12.95
143794,Active,264634,NA,NA,D,2,1,2158384.126,66,2004,29,4,43.87
143795,Active,119047,NA,NA,D,2,1,103588.6813,120.6,2011,118,5.95,43.86
143796,Active,56474,NA,NA,D,1,0,1703435.406,96.8,2006,112,4,5.69
143797,Active,2435134,NA,NA,D,3,1,4562563.05,46.95,1994,19,6.97,20
143798,Active,135543,NA,NA,D,4,1,2437843.548,66.95,1999,29,4,42.35
143799,Active,705248,NA,NA,D,7,1,823859.33,0,2007,28,20.19,152.78
143800,Active,100754,NA,NA,S,6,1,138485.955,62.19,1998,53,4.8,43.99
143801,Active,530927,NA,NA,D,7,1,617277.8688,125.75,2006,35,5.97,76.56
143802,Active,539189,NA,NA,D,3,1,565242.3713,89.33,2010,21,20.23,81.23
143803,Active,552170,NA,NA,D,2,1,4587487.89,90.35,2004,17,4,90.79
143804,Active,2389214,NA,NA,D,6,1,7096409.293,115,1998,15,6.43,115.05
143805,Active,618390,NA,NA,D,3,1,606950.3725,55,2003,34,4.18,23.99
143806,Active,109926,NA,NA,D,7,1,765722.3775,51.86,2007,42,10.99,52.21
143807,Active,259360,NA,NA,D,3,1,1118598.206,35.96,2002,21,4,48.09
143808,Active,119289,NA,NA,D,7,1,14760.48875,160.8,2012,96,14.43,67.94
143809,Active,879132,NA,NA,D,5,1,1622275.04,51.39,2006,43,6.8,34.48
143810,Active,1574417,NA,NA,D,8,1,2219650.531,242.95,2007,18,31.88,73.48
143811,Active,145270,NA,NA,D,2,1,1787134.389,158,2006,65,4.1,9.98
143812,Active,116740,NA,NA,D,0,0,1942705.878,150.67,2006,33,4.14,28.98
143813,Active,871965,NA,NA,D,2,1,2812278.425,13.99,2010,18,4.58,14.98
143814,Active,120894,NA,NA,D,3,1,191564.0063,226.4,2007,50,10.95,43.94
143815,Active,116379,NA,NA,D,6,1,1938883.95,118,2003,75,4,9.98
143816,Active,645995,NA,NA,D,8,1,1451180.095,219.33,2010,26,7.38,178.99
143817,Active,2263519,NA,NA,D,5,1,262932.1,38.96,2010,34,0,0
143818,Active,288552,NA,NA,S,0,0,810667.96,158.67,2006,39,4.25,15.66
143819,Active,117890,NA,NA,D,0,0,2230088.319,14.79,2007,25,7.17,14.74
143820,Active,53625,NA,NA,D,3,1,210722.1725,185.95,2006,37,4.44,30.94
143821,Active,183558,NA,NA,D,4,1,1404128.941,349.95,2007,31,4.32,22.68
143822,Active,107901,NA,NA,D,3,1,2097715.315,12.01,2005,41,4.53,28.99
143823,Active,561229,NA,NA,D,2,1,1202366.095,6.18,2009,21,4.38,10.98
143824,Active,146256,NA,NA,D,5,1,828996.5638,73.33,2009,21,18.69,86.76
143825,Active,145461,NA,NA,D,3,1,876088.3425,181.33,2007,54,4,16.9
143826,Active,182998,NA,NA,D,4,1,1547282.75,384.95,2004,58,4.42,8.38
143827,Active,1482163,NA,NA,D,0,0,2558863.359,58.95,2009,22,4.49,28.99
143828,Active,262725,NA,NA,D,5,1,91413.985,59.95,2007,50,4.72,23.54
143829,Active,108063,NA,NA,D,4,1,816222.6675,116.5,2004,57,4,4.26
143830,Active,262799,NA,NA,D,6,1,240208.2,74.95,2011,49,5.8,28.99
143831,Active,131851,NA,NA,D,4,1,2177442.943,72.8,2004,22,4,7.94
143832,Active,287567,NA,NA,D,5,1,283557.1775,97.8,2007,27,4,17.99
143833,Active,232998,NA,NA,D,2,1,365914.0125,22,1998,37,7.9,59.31
143834,Active,145391,NA,NA,D,2,1,423139.75,150.67,2005,38,38.04,99.04
143835,Active,915853,NA,NA,D,0,0,1874359.539,124,2002,28,4.5,36.95
143836,Active,739723,NA,NA,D,0,0,2579819.479,134.67,2003,21,5.96,20.99
143837,Active,554750,NA,NA,D,4,1,382361.345,334.95,1992,32,16.97,70.77
143838,Active,1533929,NA,NA,D,0,0,1989558.276,59.95,2007,21,46.82,46.42
143839,Active,543157,NA,NA,D,2,1,619880.935,69.95,2009,31,16.29,41.27
143840,Active,183593,NA,NA,S,6,1,286270.7988,359.95,2008,42,26.22,81.94
143841,Active,254096,NA,NA,D,6,1,716635.5725,247,2009,24,24.99,63.74
143842,Active,2255931,NA,NA,D,6,1,1320922.294,138.9,2009,33,41.76,234.55
143843,Active,2398221,NA,NA,D,2,1,6335022.215,86.95,1991,25,4,49.25
143844,Active,107209,NA,NA,D,2,1,908116.4275,113.75,2001,24,10.78,43.95
143845,Active,109309,NA,NA,D,6,1,157341.1188,83.07,2005,21,30,74.46
143846,Active,166866,NA,NA,S,3,1,27167.21375,195.85,2005,47,52.38,124.61
143847,Active,144302,NA,NA,D,5,1,4884233.324,70.8,2001,23,4,7.71
143848,Active,183094,NA,NA,D,2,1,488354.005,152.95,2005,41,4.71,33.48
143849,Active,53979,NA,NA,D,10,1,73618.01875,150.67,2007,197,5.58,17.99
143850,Active,146678,NA,NA,D,8,1,1354306.306,172.67,2011,23,9.67,602.99
143851,Active,51455,NA,NA,D,5,1,18650.42125,196,2011,331,6.17,31.94
143852,Active,50114,NA,NA,S,8,1,49766.1475,265,2011,75,16.79,53.99
143853,Active,50112,NA,NA,D,6,1,750985.175,95.41,2005,45,5.46,65.43
143854,Active,109790,NA,NA,D,6,1,141617.435,199.25,2007,46,6.88,57.29
143855,Active,538481,NA,NA,D,8,1,239250.4975,193.5,2011,132,6.24,47.99
143856,Active,111704,NA,NA,D,6,1,34631.46375,83.18,2012,68,6.4,97.62
143857,Active,109275,NA,NA,D,6,1,314366.4238,48.55,2005,116,5.02,29.74
143858,Active,51453,NA,NA,D,3,1,192916.1,137.33,2005,160,4,18.36
143859,Active,169242,NA,NA,D,1,0,152184.9788,237.95,2010,57,20.44,82.47
143860,Active,561591,NA,NA,D,8,1,813873.5313,229.2,2012,32,5.24,602.99
143861,Active,285405,NA,NA,D,1,0,44374.85875,253,2012,33,61.93,153.99
143862,Active,111705,NA,NA,D,1,0,277031.325,265,2012,35,51.94,109.16
143863,Active,235712,NA,NA,D,2,1,2238028.954,55,1995,25,6.56,51.1
143864,Active,53980,NA,NA,D,11,1,21394.26125,155.2,2009,372,5.36,22.24
143865,Active,145927,NA,NA,D,4,1,1243857.839,165.2,2009,19,13.48,39.97
143866,Active,130181,NA,NA,D,2,1,2066317.59,124.67,2003,50,4.24,12.14
143867,Active,660729,NA,NA,D,3,1,1278931.144,209.33,2013,15,11.8,602.99
143868,Active,607834,NA,NA,S,10,1,455011.5325,122,2001,48,5.86,21.03
143869,Active,665345,NA,NA,D,0,0,639940.01,39.95,2012,25,15.7,25.68
143870,Active,876084,NA,NA,S,10,1,110549.6638,74.22,2011,38,10.65,32.27
143871,Active,2562154,NA,NA,D,5,1,2297421.713,50.7,1984,31,4,33.98
143872,Active,176793,NA,NA,D,4,1,1894945.429,27.95,2000,40,4,6.98
143873,Active,176792,NA,NA,D,2,1,1088447.7,89.95,2001,44,4,38.41
143874,Active,146567,NA,NA,D,8,1,13650.82,173.2,2012,89,11.63,102.31
143875,Active,3226367,NA,NA,D,6,1,2088760.618,46.64,2004,35,5.56,34.54
143876,Active,607124,NA,NA,D,5,1,2277113.565,116,1999,28,5.44,16.43
143877,Active,870322,NA,NA,D,4,1,2197305.595,92,1993,27,4.12,13.49
143878,Active,1536916,NA,NA,D,4,1,3968791.721,80,2006,21,4,90.93
143879,Active,548315,NA,NA,S,1,0,564602.45,112.8,2005,77,5.44,18.38
143880,Active,291535,NA,NA,D,6,1,950203.8588,304.95,2004,45,4.5,48.8
143881,Active,169836,NA,NA,D,7,1,410786.7938,289.95,2008,55,4,42.99
143882,Active,533515,NA,NA,D,6,1,551646.4963,66,2009,35,4,14.68
143883,Active,113457,NA,NA,S,2,1,356317.3,112,1997,39,9.29,43.98
143884,Active,125892,NA,NA,D,1,0,499216.1063,188.4,1997,43,10.42,31.63
143885,Active,2343398,NA,NA,D,3,1,1275460.428,115.22,1975,34,4.79,59.11
143886,Active,290860,NA,NA,D,5,1,281646.07,112.95,2006,44,4,11.11
143887,Active,3564289,NA,NA,D,7,1,3866629.35,80,2004,24,6.1,53.33
143888,Active,254177,NA,NA,D,10,1,357035.0413,88.95,2010,58,4,21.56
143889,Active,169239,NA,NA,D,9,1,622640.8775,85.95,2007,43,4,40.93
143890,Active,255098,NA,NA,D,0,0,701889.0038,75,2005,47,9.35,61.97
143891,Active,113754,NA,NA,D,1,0,513425.3613,113,1999,25,38.58,94.2
143892,Active,232479,NA,NA,D,3,1,62886.82,29.95,2004,79,4.83,29.86
143893,Active,464667,NA,NA,D,2,1,2465057.615,199,1997,20,30.15,91.49
143894,Active,196777,NA,NA,D,3,1,1475441.723,61.95,2008,35,4.36,57.09
143895,Active,117154,NA,NA,D,1,0,773981.8875,49.99,2006,28,5.33,35.99
143896,Active,2066249,NA,NA,D,0,0,694545.08,17.95,2011,73,4,6.32
143897,Active,196466,NA,NA,D,3,1,3130622.099,68.95,2001,14,4.78,65.15
143898,Active,119989,NA,NA,D,11,1,704873.91,118.67,2008,77,5.49,33.99
143899,Active,530878,NA,NA,S,12,1,271796.4713,130.8,2011,35,39.58,97.95
143900,Active,200589,NA,NA,D,9,1,582572.5338,111.95,2010,76,4.44,18.99
143901,Active,54082,NA,NA,D,9,1,421099.385,116.95,2006,127,4,22.87
143902,Active,1826382,NA,NA,D,10,1,14460.5125,91.95,2013,40,23.9,59.32
143903,Active,200317,NA,NA,D,9,1,672742.2238,47.95,2006,55,4,15.49
143904,Active,649966,NA,NA,D,10,1,69331.73375,75.95,2011,40,34.58,0
143905,Active,610004,NA,NA,S,9,1,108517.8913,129.33,2011,60,17.43,46.49
143906,Active,607478,NA,NA,D,8,1,523546.9288,122.6,2008,68,5.29,57.33
143907,Active,658260,NA,NA,D,5,1,324260.8675,78.95,2012,28,47.85,51.49
143908,Active,1927005,NA,NA,D,6,1,1734625.441,49.95,2011,13,36.86,47.44
143909,Active,700198,NA,NA,D,1,0,421138.0925,57,2003,28,5.23,40
143910,Active,530869,NA,NA,D,5,1,300306.395,51.95,2010,34,13.97,29.27
143911,Active,147297,NA,NA,D,4,1,768688.4375,49.95,2006,34,4,70.71
143912,Active,190779,NA,NA,S,2,1,737104.5488,85.95,2000,27,9.99,95.43
143913,Active,104602,NA,NA,D,1,0,1054324.54,226,1999,34,27.98,64.81
143914,Active,402384,NA,NA,D,2,1,2521497.205,51.95,2000,23,4,15.99
143915,Active,221890,NA,NA,D,2,1,4528181.279,229.95,2000,17,48.98,123.6
143916,Active,103751,NA,NA,D,17,1,271923.3663,39.99,2004,187,4,12.98
143917,Active,206038,NA,NA,D,0,0,1049437.038,55,2005,40,3,41
143918,Active,256511,NA,NA,S,1,0,284964.3138,49.95,2002,23,17.55,46.45
143919,Active,250457,NA,NA,D,8,1,545339.73,94.31,2007,34,4.97,54.41
143920,Active,537593,NA,NA,S,6,1,11342.275,226.5,2012,68,41.99,108.97
143921,Active,248522,NA,NA,D,10,1,771889.19,49.99,2011,46,4,12.98
143922,Active,270075,NA,NA,D,2,1,1900481.395,160,2009,20,4.91,15.87
143923,Active,288460,NA,NA,D,8,1,648954.5213,41,2010,19,24.95,0
143924,Active,901133,NA,NA,D,2,1,606165.3788,39,2007,18,4,42.68
143925,Active,120773,NA,NA,D,5,1,333501.105,132.6,2010,45,4.35,77.64
143926,Active,621976,NA,NA,D,2,1,1737102.665,146,2009,25,4.79,20.75
143927,Active,608784,NA,NA,D,8,1,401493.0963,97.95,2006,24,33.93,92.39
143928,Active,621988,NA,NA,S,8,1,447508.7838,30.48,2008,40,9.75,29.92
143929,Active,875571,NA,NA,S,0,0,540451.28,71.07,1998,34,6.84,33.15
143930,Active,56628,NA,NA,S,1,0,436300.5313,44.99,1998,140,4,26.09
143931,Active,235108,NA,NA,D,6,1,2054727.709,41.95,2001,17,7.39,21.94
143932,Active,666103,NA,NA,D,2,1,3739972.55,210,2003,18,28.84,111.78
143933,Active,2569601,NA,NA,S,2,1,795675.67,205,1995,23,5.74,43.98
143934,Active,157962,NA,NA,S,2,1,358370.1763,54.5,2002,58,5.97,66.86
143935,Active,2834470,NA,NA,D,2,1,2981877.684,180,2005,15,8.34,72.93
143936,Active,112815,NA,NA,D,2,1,1409450.485,127,2006,25,7.34,86.89
143937,Active,126139,NA,NA,D,0,0,1783065.509,99,2000,40,5.12,19.63
143938,Active,106341,NA,NA,D,2,1,2412803.748,38.95,2006,26,4,45.27
143939,Active,106712,NA,NA,D,3,1,916421.0563,47,2009,33,5.97,11.49
143940,Active,2832767,NA,NA,D,2,1,1645413.383,248,2003,22,33.3,107.79
143941,Active,774999,NA,NA,D,3,1,8033317.929,220,2001,13,53.98,113.88
143942,Active,179228,NA,NA,D,6,1,617669.2338,157.95,2009,62,4,24.83
143943,Active,179226,NA,NA,D,6,1,465333.3688,157.95,2009,53,4.14,39.95
143944,Active,243961,NA,NA,S,7,1,563982.3113,76.95,2011,50,4.39,53.79
143945,Active,3242759,NA,NA,D,4,1,303362.72,46.81,2004,29,6.53,33.53
143946,Active,159413,NA,NA,D,1,0,456592.8088,66.95,2000,41,18.99,42.02
143947,Active,129042,NA,NA,D,0,0,891186.6875,84.95,2007,33,4.84,46.97
143948,Active,298297,NA,NA,D,2,1,1332747.734,33.95,2008,40,3.34,6.74
143949,Active,716999,NA,NA,D,2,1,1494999.264,59,1997,22,4.84,50.99
143950,Active,623671,NA,NA,D,2,1,242724.4188,38.95,2000,64,4,30.98
143951,Active,205533,NA,NA,D,1,0,481664.1788,40,1996,107,4,7.98
143952,Active,295021,NA,NA,S,0,0,664221.46,45.95,2000,33,4,23.94
143953,Active,868076,NA,NA,D,0,0,1389822.121,46.47,2005,60,4,12.98
143954,Active,778485,NA,NA,D,2,1,4152864.654,71.95,2006,18,11.96,57.21
143955,Active,704649,NA,NA,D,7,1,759054.2738,349.83,2006,27,9.65,113.19
143956,Active,3841281,NA,NA,D,2,1,1035441.3,84.95,1995,30,9.17,54.13
143957,Active,120035,NA,NA,D,1,0,684198.1575,126.93,2009,40,6.89,23.94
143958,Active,286027,NA,NA,D,0,0,392078.625,114,2004,35,19.98,61.88
143959,Active,58402,NA,NA,D,2,1,884684.8875,23.98,2003,50,4,23.97
143960,Active,728774,NA,NA,D,9,1,898378.3588,92,1998,44,4.59,17.51
143961,Active,566893,NA,NA,D,3,1,1386594.601,90,2000,24,5.98,20.99
143962,Active,60326,NA,NA,D,6,1,195610.495,65.85,2001,34,8.74,48.77
143963,Active,51937,NA,NA,S,8,1,905587.8238,94,2000,44,4,13.75
143964,Active,51938,NA,NA,D,9,1,421539.505,105,2004,67,6.38,29.98
143965,Active,129460,NA,NA,S,11,1,46952.66625,120,2011,60,21.55,86.37
143966,Active,872199,NA,NA,D,6,1,790679.545,38.98,2005,22,10.85,151.11
143967,Active,119119,NA,NA,S,15,1,172201.3813,202.6,2011,50,25.87,182.56
143968,Active,1533335,NA,NA,D,2,1,766189.0175,179,2007,22,34.94,71.99
143969,Active,3497077,NA,NA,D,2,1,3221988.05,269,1998,27,24.24,110.39
143970,Active,565945,NA,NA,D,9,1,1548767.229,98.23,2009,21,30.69,53.99
143971,Active,162504,NA,NA,S,9,1,136116.4838,562.39,2008,55,28.39,73.63
143972,Active,545330,NA,NA,S,4,1,85107.70875,138.95,2010,54,23.99,68.3
143973,Active,107479,NA,NA,D,4,1,1744604.408,173.75,2001,60,4,18.94
143974,Active,546414,NA,NA,S,0,0,292443.6588,75,2012,52,4.8,20.4
143975,Active,539381,NA,NA,D,1,0,291184.5538,125.53,2012,64,9.72,45.99
143976,Active,889510,NA,NA,D,2,1,3896696.778,134.95,1999,15,25.99,39.94
143977,Active,196553,NA,NA,D,3,1,936681.4,45.95,2005,30,5.98,33.77
143978,Active,196554,NA,NA,D,3,1,682036.7538,62.95,2005,29,5.76,20.9
143979,Active,710138,NA,NA,D,4,1,1176133.626,130.93,2000,35,4,70.91
143980,Active,223600,NA,NA,D,6,1,605333.1613,68.95,2007,25,26.21,85.16
143981,Active,530794,NA,NA,D,6,1,1440027.924,84.41,2008,27,12.32,73.92
143982,Active,640607,NA,NA,D,7,1,1038525.334,169.5,2011,27,13.98,55.95
143983,Active,163643,NA,NA,S,2,1,263172.5563,254.25,1995,66,6.93,43.89
143984,Active,169636,NA,NA,D,3,1,936045.01,188.95,2009,45,4.45,173.55
143985,Active,616778,NA,NA,D,3,1,1207870.321,115,2001,37,4.09,22.99
143986,Active,530800,NA,NA,D,7,1,44973.5375,241.75,2012,53,24.56,115.53
143987,Active,530797,NA,NA,S,13,1,9613.5925,223,2012,111,23.79,100.81
143988,Active,537304,NA,NA,D,13,1,226758.3713,237,2012,36,12.77,209.42
143989,Active,530795,NA,NA,D,13,1,4254.43,223,2012,179,16.88,47
143990,Active,530796,NA,NA,D,13,1,23084.43375,285.8,2012,71,32.77,113.39
143991,Active,55005,NA,NA,S,10,1,176878.7713,153,2003,43,6.47,79.25
143992,Active,716603,NA,NA,D,12,1,3154877.355,247.33,2009,26,59.8,247.18
143993,Active,114227,NA,NA,D,3,1,2169565.736,118,2001,49,4,39
143994,Active,3511805,NA,NA,D,2,1,11133855.35,62.95,1987,28,5.9,30.07
143995,Active,537895,NA,NA,D,2,1,1070001.884,74,2000,31,4,33.21
143996,Active,54636,NA,NA,D,2,1,543186.6675,126,2008,33,37.94,89
143997,Active,144164,NA,NA,S,3,1,453427.9763,193.8,1999,32,12.45,65.75
143998,Active,533952,NA,NA,D,4,1,443571.8425,66.91,2006,46,22.01,53.98
143999,Active,1534009,NA,NA,D,0,0,234291.0225,49.95,2008,29,33.32,42.34
144000,Active,607396,NA,NA,D,3,1,159587.2138,216,2007,25,34.55,95.49
144001,Active,533948,NA,NA,D,5,1,486059.1475,69.95,2006,37,4,15.68
144002,Active,116680,NA,NA,D,2,1,1141775.358,103,2002,24,4.71,45.59
144003,Active,3072485,NA,NA,D,3,1,153913.7788,32.95,2003,27,9.06,30.49
144004,Active,550448,NA,NA,D,2,1,1119917.111,14.98,2009,64,4,14.98
144005,Active,286539,NA,NA,S,1,0,1907877.239,70,1997,28,4,33.93
144006,Active,863182,NA,NA,D,3,1,222690.2988,45.5,2004,26,20.94,57.53
144007,Active,173772,NA,NA,D,3,1,1067614.941,39.25,2004,37,11.35,58.9
144008,Active,182840,NA,NA,D,0,0,173818.4363,88.3,2002,50,4.47,11.67
144009,Active,607014,NA,NA,S,9,1,666233.655,45.59,2007,50,4,27.92
144010,Active,899384,NA,NA,D,3,1,978761.3463,45,2008,13,33.17,35
144011,Active,618599,NA,NA,D,3,1,120952.3675,49.38,2007,57,8.15,36.27
144012,Active,544342,NA,NA,D,1,0,197780.7288,187.95,2012,35,5.49,0
144013,Active,622220,NA,NA,S,1,0,19546.14,134.95,2013,120,7.38,19.49
144014,Active,1533657,NA,NA,D,0,0,1511939.013,119,2006,27,23.92,52.49
144015,Active,626146,NA,NA,D,2,1,1143366.006,70,2008,37,4,9.91
144016,Active,615627,NA,NA,D,11,1,308731.82,155.75,2011,80,4.57,33.98
144017,Active,747071,NA,NA,D,1,0,1080436.819,32.23,2008,48,4,32.23
144018,Active,153812,NA,NA,D,11,1,374968.4838,41.99,2010,88,4.66,42.75
144019,Active,859121,NA,NA,D,3,1,490604.1675,69.95,2004,31,4,32.99
144020,Active,1886228,NA,NA,D,2,1,1821978.913,44.99,2010,21,4.27,30.86
144021,Active,175952,NA,NA,D,7,1,1168372.954,60,2007,49,4,10.11
144022,Active,243796,NA,NA,D,8,1,362212.9413,69.99,2010,64,12.32,53.62
144023,Active,2253218,NA,NA,D,2,1,2981402.443,31.66,2007,47,8.08,31.89
144024,Active,143148,NA,NA,D,2,1,893627.155,38,2007,22,5.16,26.39
144025,Active,143616,NA,NA,D,4,1,185937.2313,210,2011,44,18.64,136.66
144026,Active,143114,NA,NA,D,3,1,1545742.885,153,2006,24,4,54.48
144027,Active,560376,NA,NA,D,3,1,3572443.87,14,2009,15,7.22,112.81
144028,Active,116934,NA,NA,D,5,1,676181.2238,127.4,2005,23,8.26,39.99
144029,Active,700350,NA,NA,D,4,1,1353088.755,59.95,2002,55,4,16.23
144030,Active,183208,NA,NA,D,5,1,1307446.418,24.98,2006,20,4.18,24.98
144031,Active,183224,NA,NA,D,5,1,817849.72,182.95,2005,18,15.38,119.94
144032,Active,868078,NA,NA,D,1,0,2313029.613,63,1995,21,4.28,57.45
144033,Active,117587,NA,NA,D,3,1,2875588.99,62.4,2003,35,4,4.59
144034,Active,576963,NA,NA,D,3,1,342286.8088,79.95,2012,36,25.64,49.41
144035,Active,201763,NA,NA,D,2,1,403375.4613,75.95,2009,22,4,8.68
144036,Active,53059,NA,NA,D,2,1,704456.015,53.8,2008,13,4.73,40.9
144037,Active,698649,NA,NA,S,3,1,631139.4663,43.99,2010,14,7.68,80.98
144038,Active,53060,NA,NA,D,1,0,1495671.883,8.89,2005,40,4.18,8.88
144039,Active,143353,NA,NA,S,1,0,525443.5163,70.95,1997,40,4,23.99
144040,Active,349980,NA,NA,D,2,1,1147278.493,43.95,2010,23,4,28.32
144041,Active,877099,NA,NA,S,6,1,1114805.208,184.95,2003,60,4,23.99
144042,Active,112252,NA,NA,D,3,1,201336.4925,109,2005,66,5.69,27.87
144043,Active,119123,NA,NA,D,4,1,8480.49,227.8,2011,97,12.55,69.98
144044,Active,537224,NA,NA,D,2,1,868289.0313,180.53,2009,22,10.18,11.69
144045,Active,202194,NA,NA,D,2,1,2857807.149,140.95,2000,28,4.77,28.98
144046,Active,530747,NA,NA,S,8,1,139475.2663,173.75,2011,62,9.99,70.27
144047,Active,163482,NA,NA,D,8,1,43033.89875,211.25,2012,105,6.7,45.68
144048,Active,60335,NA,NA,D,6,1,197267.9188,67.53,2008,71,4.49,36.51
144049,Active,146474,NA,NA,D,4,1,24241.77625,160.8,2010,128,9.99,9.99
144050,Active,51202,NA,NA,S,4,1,277465.675,171.53,2010,22,18.43,32.2
144051,Active,592773,NA,NA,D,3,1,1727234.514,13.34,2008,10,47.07,52.93
144052,Active,3086392,NA,NA,D,3,1,1618530.266,179.95,2005,18,16.14,58.99
144053,Active,259659,NA,NA,D,8,1,734642.2288,97.95,2004,21,5.47,69.98
144054,Active,259636,NA,NA,D,7,1,1579752.858,99.95,1999,26,4.76,28.99
144055,Active,1435115,NA,NA,D,6,1,1937870.313,43,2012,21,5.49,38.54
144056,Active,537687,NA,NA,S,6,1,26543.16,212.5,2012,73,42.65,78.28
144057,Active,297753,NA,NA,D,2,1,3428579.536,46.09,2006,19,5.08,15.88
144058,Active,157672,NA,NA,D,3,1,861995.0063,73.95,2010,28,4.75,84.9
144059,Active,2570043,NA,NA,S,4,1,697093.46,250,1992,32,5.83,72.99
144060,Active,300120,NA,NA,D,2,1,2020012.26,104,2006,19,26.93,188.09
144061,Active,569660,NA,NA,D,2,1,3015077.656,88.95,1997,31,4,29.98
144062,Active,126198,NA,NA,D,0,0,219839.9688,69.95,2001,54,4,20.67
144063,Active,608325,NA,NA,D,2,1,2223002.691,10.49,2001,34,4,10.49
144064,Active,53191,NA,NA,D,7,1,773943.5525,29.74,2005,47,4.13,29.74
144065,Active,157163,NA,NA,D,4,1,1638072.016,74.95,2004,31,4,45.39
144066,Active,157479,NA,NA,D,5,1,904830.6475,82.95,2009,49,6.39,66.37
144067,Active,227542,NA,NA,D,8,1,1935000.594,127,2001,26,5.47,43.93
144068,Active,870193,NA,NA,D,2,1,840263.7625,168.95,1996,21,4,104.07
144069,Active,259656,NA,NA,S,2,1,138172.0338,132.95,2003,37,38.99,126.95
144070,Active,117002,NA,NA,D,3,1,370972.5275,73.8,2007,49,4,18.99
144071,Active,285887,NA,NA,D,2,1,1836796.728,42,2001,39,4,38.91
144072,Active,1468254,NA,NA,D,7,1,2439457.213,85,2008,17,6.38,96.01
144073,Active,600145,NA,NA,D,2,1,1115537.023,214,2012,46,6.18,53.97
144074,Active,193724,NA,NA,D,2,1,670498.125,215,2011,31,53.89,132.87
144075,Active,2419254,NA,NA,D,6,1,4803234.624,70,2005,26,4.77,73.19
144076,Active,911214,NA,NA,D,2,1,1386983.204,44,1994,24,5,23.05
144077,Active,546729,NA,NA,D,21,1,483960.8638,115,2011,28,25.99,73.97
144078,Active,227531,NA,NA,D,19,1,493487.9838,99,2007,25,4.49,41.33
144079,Active,859122,NA,NA,D,2,1,937162.0225,52.95,2004,15,10.52,123.85
144080,Active,113088,NA,NA,D,2,1,312639.7213,79.95,2008,28,21,36.46
144081,Active,292318,NA,NA,D,1,0,870579.4888,83.95,2000,31,12.89,73.18
144082,Active,133132,NA,NA,D,5,1,180039.105,84.27,2010,47,4.29,43.98
144083,Active,144884,NA,NA,D,4,1,2832257.899,58.8,2006,33,4.07,21.26
144084,Active,293980,NA,NA,D,4,1,143968.8563,69.95,2010,39,45.92,48.73
144085,Active,169173,NA,NA,D,5,1,1687836.703,162.95,2006,40,4,28.99
144086,Active,270678,NA,NA,D,8,1,196093.165,65,2010,85,5.98,31.99
144087,Active,545828,NA,NA,D,9,1,32258.1675,78,2013,61,42.92,53.99
144088,Active,229143,NA,NA,D,7,1,1800459.206,49.95,2007,50,4,8.74
144089,Active,608598,NA,NA,D,4,1,6276140.334,73.95,2003,19,4,27.73
144090,Active,859391,NA,NA,D,0,0,813020.5638,51.95,2006,27,21.33,34.25
144091,Active,615269,NA,NA,D,5,1,1323501.244,140,2007,25,4.17,38.98
144092,Active,574799,NA,NA,D,6,1,478944.8738,216,2011,67,5.99,10.47
144093,Active,539172,NA,NA,D,10,1,946760.5588,169.85,2007,59,4.53,12.5
144094,Active,169834,NA,NA,D,13,1,683096.2825,257.95,2010,51,13.75,117.61
144095,Active,533516,NA,NA,S,14,1,18937.25,210.95,2012,76,21.97,68.93
144096,Active,61128,NA,NA,D,10,1,1040582.428,9.62,2007,85,4,19.97
144097,Active,538436,NA,NA,D,9,1,1134293.613,187.5,2007,42,6.88,48.99
144098,Active,252717,NA,NA,D,1,0,31163.3775,151.99,2011,59,60.94,139.19
144099,Active,290520,NA,NA,D,5,1,1066016.944,13.9,2004,65,4,13.94
144100,Active,613996,NA,NA,D,9,1,752744.1175,33.98,2005,70,4,33.98
144101,Active,540678,NA,NA,D,12,1,6111.01875,193.4,2013,131,14.98,33.98
144102,Active,2603606,NA,NA,D,3,1,295726.0713,39.99,2004,59,11.98,28.96
144103,Active,54225,NA,NA,D,11,1,982919.8013,247.95,2005,59,4,27.99
144104,Active,195151,NA,NA,D,2,1,985118.065,59.95,2009,48,4,59.95
144105,Active,145621,NA,NA,D,2,1,1202822.661,51.8,2007,48,4,10.79
144106,Active,914253,NA,NA,D,0,0,58732.96125,98,2011,174,6.98,14.2
144107,Active,861331,NA,NA,D,4,1,48777.525,66.8,2013,53,11.47,53.5
144108,Active,638994,NA,NA,D,2,1,869478.5088,115.95,2004,21,29.94,88.99
144109,Active,57404,NA,NA,D,3,1,1262182.616,82.95,2003,52,4,23.57
144110,Active,564589,NA,NA,D,2,1,772714.335,35.95,2002,29,5.41,26.43
144111,Active,899733,NA,NA,D,2,1,2610588.333,79.99,2003,19,33.89,86.29
144112,Active,248969,NA,NA,D,3,1,714798.785,120,2007,19,18.19,98.98
144113,Active,192938,NA,NA,D,2,1,2295247.869,201,2003,19,49.99,103.98
144114,Active,2940339,NA,NA,D,3,1,2491543.815,89.99,2004,18,6.61,332.92
144115,Active,226496,NA,NA,D,2,1,3145387.335,70,2003,20,5.8,72.45
144116,Active,530709,NA,NA,D,4,1,413270.6225,183.95,2004,76,4,13.99
144117,Active,1473148,NA,NA,D,11,1,4420854.673,85,2009,24,4.97,51.28
144118,Active,114042,NA,NA,D,8,1,2471102.844,32,2001,42,4,19.95
144119,Active,116168,NA,NA,D,9,1,533439.9013,29.8,2005,47,4.84,19.97
144120,Active,755967,NA,NA,D,2,1,33550.80375,70,2011,41,26.48,39.98
144121,Active,2577935,NA,NA,D,4,1,880528.505,345,1990,30,18.22,94.25
144122,Active,1559800,NA,NA,D,2,1,1409653.565,54.95,2008,19,38.04,54.95
144123,Active,612870,NA,NA,D,0,0,584350.0838,83,2006,148,4,11.43
144124,Active,178732,NA,NA,D,1,0,905314.6488,193,2010,33,4.58,27.99
144125,Active,218687,NA,NA,D,2,1,1592800.76,121,2003,45,4.57,36.3
144126,Active,295533,NA,NA,D,3,1,435477.6563,73.87,2009,44,14.3,80
144127,Active,329636,NA,NA,D,5,1,1690817.389,59,1999,22,3.98,48.41
144128,Active,200413,NA,NA,D,5,1,811019.34,77.95,2008,79,4,8.7
144129,Active,51286,NA,NA,D,4,1,670294.3563,109.95,2005,84,4,6.98
144130,Active,53692,NA,NA,S,6,1,566058.8138,172.27,2011,37,9.02,138.99
144131,Active,295397,NA,NA,D,2,1,2599952.645,48,2004,61,4,7.33
144132,Active,217317,NA,NA,D,3,1,340487.4325,54,2009,32,14.14,74.99
144133,Active,385674,NA,NA,D,2,1,1297923.924,114.95,2005,33,6.41,71.39
144134,Active,1609904,NA,NA,D,4,1,387681.5438,85.93,2009,54,6.86,24.37
144135,Active,131896,NA,NA,D,2,1,633561.7663,85.8,2005,60,3.99,17.67
144136,Active,1480934,NA,NA,D,4,1,617700.4575,122.27,2011,18,29.31,78.97
144137,Active,246515,NA,NA,D,5,1,1641050.308,52.95,2007,25,4.3,31
144138,Active,1517621,NA,NA,D,5,1,236981.43,104.07,2014,31,33.99,88.21
144139,Active,146658,NA,NA,D,4,1,125337.2413,152.93,2011,31,15.42,63.99
144140,Active,530691,NA,NA,D,6,1,82704.37875,247.4,2012,79,6.64,38.99
144141,Active,716037,NA,NA,D,6,1,181606.3125,146.27,2012,27,11.97,58.55
144142,Active,1451834,NA,NA,D,6,1,1851112.758,152.93,2012,14,22.98,149.98
144143,Active,530686,NA,NA,D,3,1,179049.395,42.75,2007,16,10.18,37.26
144144,Active,347528,NA,NA,D,3,1,279144.9375,35.75,2007,31,11.91,33.82
144145,Active,170202,NA,NA,D,2,1,937379.7563,65.95,2011,47,4,8.53
144146,Active,802733,NA,NA,D,3,1,658872.7638,49.99,2012,37,4,29.93
144147,Active,545032,NA,NA,D,2,1,404102.7475,39.99,2012,40,4,36.4
144148,Active,169947,NA,NA,D,2,1,1844185.961,130.95,2009,23,4.4,113.84
144149,Active,202363,NA,NA,D,2,1,1400718.381,64.95,2002,29,7.98,56.7
144150,Active,163268,NA,NA,D,2,1,3768257.998,39.48,2002,21,4.12,39.48
144151,Active,404560,NA,NA,D,3,1,534596.9225,135.33,2009,45,4.76,23.98
144152,Active,113176,NA,NA,D,4,1,754239.7225,52.95,2009,34,4.94,47.61
144153,Active,196749,NA,NA,D,3,1,1547370.186,41.95,2007,49,4.19,29.99
144154,Active,539023,NA,NA,D,5,1,41979.85625,49.95,2013,38,10.98,29.67
144155,Active,204076,NA,NA,D,2,1,457226.2038,75.99,2010,44,10.34,28.99
144156,Active,742290,NA,NA,D,2,1,1664398.279,43.99,2009,33,4.98,43.99
144157,Active,415821,NA,NA,D,9,1,709369.5125,115,2008,22,7.61,45.14
144158,Active,268394,NA,NA,D,2,1,407314.6888,55,2005,40,4,40.99
144159,Active,540237,NA,NA,D,5,1,1185224.483,68,2012,40,11.91,59.39
144160,Active,287575,NA,NA,D,3,1,3880910.898,90.4,2006,17,11.98,11.99
144161,Active,145495,NA,NA,D,3,1,1605634.769,80.6,2006,42,4,8.99
144162,Active,153950,NA,NA,D,2,1,1151098.404,9.99,2006,65,4,10.43
144163,Active,154023,NA,NA,D,3,1,501458.19,15.49,2009,115,4,17.74
144164,Active,56958,NA,NA,D,4,1,195021.0963,15.99,2010,77,4,21.98
144165,Active,56957,NA,NA,D,3,1,868807.6238,10.89,2007,98,4,7.73
144166,Active,2261541,NA,NA,D,6,1,5326122.045,94.06,2008,34,10.2,73.13
144167,Active,261283,NA,NA,D,1,0,594414.585,40,1998,76,4,8.9
144168,Active,272544,NA,NA,D,2,1,927463.1888,73,2010,23,4.99,42.08
144169,Active,54200,NA,NA,S,8,1,629573.7875,184.95,2003,88,4,10.99
144170,Active,55079,NA,NA,D,3,1,971186.1575,222.95,2006,46,4,17.85
144171,Active,169396,NA,NA,D,3,1,563877.4088,167.95,2006,25,3.99,49.95
144172,Active,533636,NA,NA,D,6,1,110203.6263,233.95,2012,174,4.25,38.98
144173,Active,169905,NA,NA,D,5,1,940536.2325,202.95,2009,80,4,7.49
144174,Active,120730,NA,NA,D,10,1,200135.7875,86.67,2009,28,23.78,108.1
144175,Active,114407,NA,NA,D,8,1,1208915.691,49,2002,40,3.99,36.43
144176,Active,53424,NA,NA,S,10,1,72559.20625,139.2,2011,81,4.21,49.75
144177,Active,53425,NA,NA,D,7,1,1993896.6,82.2,2005,47,3.99,24.93
144178,Active,435065,NA,NA,S,6,1,29639.81875,189.8,2012,133,33.83,63.98
144179,Active,212506,NA,NA,S,4,1,139162.6225,139.87,2006,73,8.88,38.98
144180,Active,286098,NA,NA,D,4,1,296970.95,181.5,2006,41,8,52.45
144181,Active,146019,NA,NA,D,5,1,518283.4175,168.4,2009,35,6.48,48.26
144182,Active,212507,NA,NA,D,4,1,755723.7463,602.99,2006,57,4,48.99
144183,Active,57293,NA,NA,D,6,1,1801334.891,74.69,2004,57,3.98,23.99
144184,Active,538762,NA,NA,S,9,1,18451.64875,196,2012,79,26.58,82.48
144185,Active,654571,NA,NA,D,2,1,1333734.936,85,2001,24,4.02,70.01
144186,Active,598957,NA,NA,D,2,1,1440242.364,69.95,2001,30,4.49,41.94
144187,Active,416639,NA,NA,D,2,1,1202465.336,18.6,2007,59,4.05,18.6
144188,Active,53541,NA,NA,D,7,1,322506.5775,274.95,2006,152,4,28.49
144189,Active,51181,NA,NA,D,8,1,1413894.815,329.95,2003,43,4.18,23.9
144190,Active,51180,NA,NA,D,10,1,127290.9113,432.95,2009,47,29.47,78.75
144191,Active,56093,NA,NA,D,6,1,1153028.421,8.99,2005,44,4,8.99
144192,Active,60343,NA,NA,D,2,1,3187978.404,145.95,2004,24,4,15.24
144193,Active,201800,NA,NA,D,2,1,263052.21,59.95,2011,26,35.3,46.99
144194,Active,109934,NA,NA,D,2,1,1518302.789,10.49,2006,58,4,10.49
144195,Active,298872,NA,NA,D,3,1,59655.2825,115,2011,70,38.99,70.99
144196,Active,582738,NA,NA,D,2,1,820162.99,49,1996,30,4,24.75
144197,Active,131541,NA,NA,D,0,0,1277320.219,113.2,2003,37,8.16,143.98
144198,Active,307991,NA,NA,D,5,1,2044244.078,54.95,2003,39,4,6.67
144199,Active,246439,NA,NA,D,5,1,486134.8825,95.95,2006,19,4,38.1
144200,Active,876031,NA,NA,D,10,1,998458.195,62.71,2010,53,5.81,43.1
144201,Active,561360,NA,NA,D,10,1,831569.8813,172.67,2010,38,7.62,602.99
144202,Active,330192,NA,NA,D,2,1,3181392.963,97.95,2000,26,4,33.99
144203,Active,563623,NA,NA,S,4,1,13780.1075,67.91,2012,79,8.36,23.99
144204,Active,308094,NA,NA,D,2,1,918692.3275,64,2008,41,4,14.85
144205,Active,165923,NA,NA,D,1,0,1288583.031,65,2002,15,38.89,99.68
144206,Active,254478,NA,NA,D,3,1,57980.05875,215.95,2010,62,6.64,21.98
144207,Active,176722,NA,NA,D,2,1,3260830.636,75.95,1999,26,4,13.99
144208,Active,698661,NA,NA,D,7,1,938882.81,77.36,2010,25,5.23,60.47
144209,Active,223788,NA,NA,D,2,1,853981.9888,67,1999,34,4,28.85
144210,Active,663587,NA,NA,S,9,1,8608.21125,176.95,2014,76,20.55,72.99
144211,Active,60346,NA,NA,D,6,1,1768358.92,209.95,2008,61,4,45.52
144212,Active,167160,NA,NA,D,2,1,743681.0638,48.95,2007,64,4,33.98
144213,Active,696724,NA,NA,D,2,1,2768421.45,22.98,2009,13,5.97,23.22
144214,Active,111287,NA,NA,D,7,1,1305169.318,49.93,2009,31,6.89,7.94
144215,Active,706292,NA,NA,D,2,1,3522756.17,602.99,2009,20,14.24,602.99
144216,Active,252616,NA,NA,D,2,1,69794.9225,53.99,2010,93,12.28,45.89
144217,Active,148088,NA,NA,D,2,1,1153681.21,171.95,2005,25,6.46,55.29
144218,Active,51976,NA,NA,D,6,1,1673908.303,8.98,2006,69,4,8.98
144219,Active,632010,NA,NA,S,9,1,5263.82375,276.25,2013,90,19.65,54.47
144220,Active,2259617,NA,NA,D,8,1,188286.6438,56.23,2011,49,13.56,48.78
144221,Active,191956,NA,NA,D,0,0,430278.2013,80.2,2007,57,4,43.81
144222,Active,120768,NA,NA,D,2,1,818318.615,186.67,2008,54,4,31.89
144223,Active,115603,NA,NA,D,0,0,1319446.904,100.4,2005,65,4,13.42
144224,Active,116316,NA,NA,S,3,1,66073.34375,146.6,2011,38,37.79,51.99
144225,Active,539256,NA,NA,D,7,1,15986.845,238.8,2013,75,12.17,63.89
144226,Active,200558,NA,NA,D,2,1,16582.05375,119.95,2010,79,25.23,83.99
144227,Active,200301,NA,NA,D,1,0,350372.5325,97.95,2006,39,15.76,53.99
144228,Active,294131,NA,NA,D,4,1,3119491.729,49.95,2002,35,4,37.99
144229,Active,204061,NA,NA,D,5,1,1138561.069,56.95,2007,63,4,15.99
144230,Active,582315,NA,NA,D,3,1,2285732.613,60,2006,15,21.44,60.99
144231,Active,152456,NA,NA,D,3,1,488483.225,74.95,2007,31,7.08,106.26
144232,Active,540663,NA,NA,S,8,1,37686.81,154.2,2012,91,27.54,63.96
144233,Active,561529,NA,NA,D,8,1,571933.3575,161.53,2012,28,4.54,57.01
144234,Active,116557,NA,NA,D,5,1,1645523.443,125.4,2004,58,4,11.84
144235,Active,366514,NA,NA,D,1,0,468447.6763,126.95,2007,99,4,21.65
144236,Active,874623,NA,NA,D,0,0,3279924.698,104.95,2006,24,4,68.45
144237,Active,200336,NA,NA,D,1,0,614354.0538,128.95,2007,39,25.54,63.68
144238,Active,54743,NA,NA,D,2,1,597646.6013,137.95,2006,56,4,15.1
144239,Active,54742,NA,NA,D,3,1,24012.11375,158.95,2010,96,16.91,61.99
144240,Active,50322,NA,NA,S,10,1,7925.23375,177,2011,127,20.92,72.99
144241,Active,118003,NA,NA,D,8,1,51265.98125,165.9,2005,58,9.47,55.85
144242,Active,50321,NA,NA,D,9,1,470917.8038,147,2008,39,9.98,73.98
144243,Active,609848,NA,NA,S,8,1,21425.175,143.6,2013,77,33.99,70.45
144244,Active,58470,NA,NA,D,3,1,967619.2925,56.95,2004,66,4,8.99
144245,Active,129085,NA,NA,D,3,1,813890.8538,89.5,2007,15,6.98,39.95
144246,Active,537582,NA,NA,S,9,1,1156.16,322.25,2012,131,43.98,111.85
144247,Active,110399,NA,NA,D,7,1,791503.0238,217.25,2007,53,5.14,47.67
144248,Active,111220,NA,NA,D,8,1,87648.54875,43.14,2009,71,7.96,37.37
144249,Active,250549,NA,NA,D,2,1,2827112.265,51.95,2007,22,4,47.85
144250,Active,629942,NA,NA,D,2,1,1643079.233,86.5,2011,31,4,31.29
144251,Active,101283,NA,NA,D,12,1,2744539.844,242.95,2000,48,4,11.99
144252,Active,52835,NA,NA,D,13,1,262692.5288,228.95,2005,67,4,22.94
144253,Active,288939,NA,NA,D,14,1,885767.7713,229.95,2007,25,8.76,95.58
144254,Active,60349,NA,NA,D,11,1,1031180.134,165.7,2007,42,5.95,30.73
144255,Active,111909,NA,NA,D,13,1,131368.335,66.56,2011,187,7.39,29.98
144256,Active,51592,NA,NA,S,6,1,309970.8825,226.95,2008,61,4,44.37
144257,Active,137507,NA,NA,D,0,0,1711312.31,89.5,2004,26,4.97,67.23
144258,Active,108656,NA,NA,D,10,1,2075706.871,123.9,2005,65,4,8.08
144259,Active,698623,NA,NA,D,2,1,2137039.849,45.98,2010,11,28.98,44.55
144260,Active,110957,NA,NA,D,11,1,1313452.948,22.99,2007,68,4,8.48
144261,Active,169719,NA,NA,D,2,1,2343029.368,307.95,2009,16,9.89,44.78
144262,Active,203716,NA,NA,D,1,0,1758968.791,74.95,2006,51,4.12,8.69
144263,Active,294193,NA,NA,D,2,1,339873.655,105.99,2008,130,4.4,15.99
144264,Active,169307,NA,NA,S,1,0,765004.1338,147.95,2005,27,5.22,55.91
144265,Active,53912,NA,NA,S,6,1,60741.66,210.95,2011,69,22.35,52.46
144266,Active,53911,NA,NA,D,4,1,419562.6913,227.95,2004,65,5.68,32.27
144267,Active,290357,NA,NA,D,2,1,1500909.326,34.95,2002,32,4,39.96
144268,Active,51138,NA,NA,D,8,1,845138.0463,252.4,2008,78,4,42.69
144269,Active,165013,NA,NA,D,1,0,893401.8888,36.95,2001,42,4,18.89
144270,Active,745370,NA,NA,D,4,1,1449234.04,190.95,2008,41,11.54,86.44
144271,Active,55350,NA,NA,D,2,1,1180348.443,201.95,2004,76,4,59.5
144272,Active,373612,NA,NA,D,3,1,8404575.693,78.95,1998,25,4.13,35.88
144273,Active,234270,NA,NA,S,3,1,459425.9088,140,2005,69,22.97,73.35
144274,Active,115373,NA,NA,D,1,0,872590.9225,100,2002,32,6.67,108.64
144275,Active,56082,NA,NA,D,4,1,2106695.549,21.99,2006,15,4,11.99
144276,Active,56087,NA,NA,S,5,1,15019.71875,189,2010,81,21.43,68.99
144277,Active,299941,NA,NA,D,3,1,3045695.28,94,2003,17,4.08,28.44
144278,Active,246237,NA,NA,D,2,1,388381.4163,79.95,2006,21,4.98,72.21
144279,Active,106166,NA,NA,D,4,1,1316006.473,65.95,2005,54,4,5.45
144280,Active,106826,NA,NA,D,5,1,185433.295,76,2011,78,5.31,12.99
144281,Active,540684,NA,NA,S,11,1,4896.71875,202.4,2013,75,38.6,103.15
144282,Active,742611,NA,NA,D,10,1,2143632.626,38.9,2010,18,7.53,29.99
144283,Active,147257,NA,NA,D,3,1,494541.6813,80.95,2005,47,4.16,15.99
144284,Active,147784,NA,NA,D,1,0,725245.1313,158.95,2000,19,6.72,302.81
144285,Active,871445,NA,NA,D,11,1,1256102.798,50.82,2012,26,4,32.91
144286,Active,52336,NA,NA,D,11,1,102763.7963,161.8,2011,69,14.64,81.22
144287,Active,609849,NA,NA,S,12,1,7262.9125,185.2,2013,81,27.99,73.98
144288,Active,52335,NA,NA,D,9,1,453012.3325,120,2007,82,4,35.84
144289,Active,1533505,NA,NA,D,3,1,1293102.354,74.95,2006,17,28.69,75.34
144290,Active,200435,NA,NA,S,4,1,592984.3975,179.95,2008,31,42.93,97.72
144291,Active,203874,NA,NA,D,1,0,293818.8888,69.99,2008,35,4,68.45
144292,Active,638819,NA,NA,D,6,1,1495766.826,163.95,2010,23,23.55,59.89
144293,Active,50005,NA,NA,D,7,1,478989.7738,128.95,2008,81,4.35,21.74
144294,Active,50006,NA,NA,D,8,1,88434.35,194.95,2010,102,4,34.88
144295,Active,50004,NA,NA,D,6,1,502072.0925,121.95,2005,74,3.92,5.36
144296,Active,169466,NA,NA,D,8,1,1618337.665,183.95,2006,29,8.36,68.99
144297,Active,764103,NA,NA,D,3,1,8339916.69,99.95,2001,16,5.09,6.99
144298,Active,764987,NA,NA,D,2,1,4859858.734,85.95,1998,17,4,26.22
144299,Active,55470,NA,NA,D,2,1,2259657.055,49.95,2005,61,4,6.95
144300,Active,164249,NA,NA,D,1,0,589564.2063,154.25,2003,73,4,48
144301,Active,136646,NA,NA,D,2,1,479453.415,62,2001,27,14.28,63.57
144302,Active,862029,NA,NA,D,2,1,7293.8375,70.95,2014,158,20.08,33.99
144303,Active,2270835,NA,NA,D,2,1,391965.4,49.44,1900,34,15.49,50.23
144304,Active,534695,NA,NA,D,2,1,352091.8863,66.95,2012,59,17.04,39.98
144305,Active,248731,NA,NA,D,1,0,566793.6038,59.95,2008,195,4,11.02
144306,Active,51376,NA,NA,D,3,1,1380760.341,18.29,2004,81,4,18.58
144307,Active,794898,NA,NA,S,4,1,215131.885,129.99,2010,20,6.85,56.65
144308,Active,51378,NA,NA,D,5,1,145496.505,200.95,2010,74,6.48,68.89
144309,Active,51375,NA,NA,S,5,1,170665.5325,185.95,2010,35,5.95,67.77
144310,Active,576719,NA,NA,D,2,1,3607479.31,115.95,2009,17,4.3,24.49
144311,Active,330280,NA,NA,D,4,1,8624933.193,49.95,2001,18,4,47.35
144312,Active,147993,NA,NA,D,5,1,2123878.773,64.95,2005,39,4,7.98
144313,Active,251795,NA,NA,D,8,1,1507926.698,49.74,2007,26,4.49,27.89
144314,Active,537822,NA,NA,D,10,1,527180.2975,104.67,2012,59,7.28,23.99
144315,Active,51471,NA,NA,D,8,1,150524.2138,114.6,2008,423,4,14.95
144316,Active,51474,NA,NA,D,9,1,16908.52625,139.33,2010,256,4.93,28.93
144317,Active,51599,NA,NA,D,1,0,355933.2438,65.65,2005,58,4,42.62
144318,Active,55265,NA,NA,D,6,1,2674825.515,105.95,2004,57,4,13.24
144319,Active,248758,NA,NA,D,2,1,741430.4475,60.95,2005,81,4,32.98
144320,Active,404264,NA,NA,D,3,1,1861555.431,88.95,2002,30,4.34,22.92
144321,Active,516485,NA,NA,D,3,1,2950256.354,132,2007,22,9.07,84.19
144322,Active,52272,NA,NA,D,2,1,740775.0138,96,2004,100,4,32.6
144323,Active,244087,NA,NA,D,6,1,63164.34875,277.95,2011,107,6.18,63.99
144324,Active,50129,NA,NA,D,4,1,1131328.194,181.95,2005,89,4,28.84
144325,Active,50128,NA,NA,D,6,1,94350.41125,303.95,2010,62,13.19,168.98
144326,Active,53040,NA,NA,D,7,1,30131.775,290.95,2010,181,8.99,43.99
144327,Active,53041,NA,NA,D,5,1,148812.9063,139.95,2004,113,4,40.88
144328,Active,698642,NA,NA,D,2,1,2553558.691,31.99,2010,25,4.75,11.99
144329,Active,55261,NA,NA,D,1,0,1349918.694,11.71,2008,48,4,11.68
144330,Active,52818,NA,NA,D,2,1,388980.9163,75,2000,151,4.08,56.23
144331,Active,52819,NA,NA,D,3,1,3299.9275,98,2008,185,7.98,28.48
144332,Active,165344,NA,NA,D,1,0,251011.7313,36.95,2001,32,5.49,23.98
144333,Active,538544,NA,NA,S,4,1,23600.6925,216,2012,126,21.14,43.98
144334,Active,54867,NA,NA,D,1,0,1045942.901,73.95,2005,81,4,7.14
144335,Active,861344,NA,NA,S,3,1,12415.6825,111.95,2013,72,22.98,63.99
144336,Active,50158,NA,NA,D,7,1,479830.8525,7.98,2006,117,4,6.98
144337,Active,204089,NA,NA,D,2,1,1860726.466,124.99,2008,23,50.32,92.57
144338,Active,163039,NA,NA,D,2,1,133821.805,44,2010,49,4,18.89
144339,Active,619811,NA,NA,D,2,1,1898243.706,75,2008,24,4.23,8.04
144340,Active,635924,NA,NA,D,3,1,374811.345,109,2011,27,20.73,53.44
144341,Active,586856,NA,NA,D,4,1,1432521.89,115.24,2006,33,4.09,43.94
144342,Active,644783,NA,NA,D,6,1,619427.3738,93.49,2011,30,5.98,57.35
144343,Active,868662,NA,NA,D,2,1,3450413.659,121,2002,21,4.79,33.87
144344,Active,193649,NA,NA,D,3,1,505040.2913,46,2009,47,4.46,48.89
144345,Active,193583,NA,NA,D,5,1,1045598.239,42.95,2007,51,4,28.97
144346,Active,114795,NA,NA,S,6,1,525954.48,136.6,2002,47,4.53,52.55
144347,Active,2266543,NA,NA,S,0,0,436232.535,45.07,2010,24,26.98,44.92
144348,Active,1890772,NA,NA,D,0,0,604347.92,59.99,2011,23,36.48,81.08
144349,Active,676341,NA,NA,D,0,0,7932.86125,34.99,2012,47,18.99,22.99
144350,Active,914254,NA,NA,D,0,0,89142.445,44.99,2011,30,19.44,30.38
144351,Active,3733687,NA,NA,S,0,0,90786.1,64.99,2011,56,22.76,42.98
144352,Active,669056,NA,NA,D,0,0,121514.505,59.99,2012,15,37.03,41.72
144353,Active,60357,NA,NA,D,2,1,2830945.316,49.35,2002,23,4,11.86
144354,Active,272557,NA,NA,D,4,1,1610516.118,64.95,2010,34,4,39.66
144355,Active,875652,NA,NA,D,7,1,1444243.883,54.52,2009,17,14.3,118.22
144356,Active,2252582,NA,NA,D,2,1,5940008.62,89.34,2007,40,9.54,108.65
144357,Active,143075,NA,NA,D,2,1,1546355.7,172,2007,42,4.35,33.99
144358,Active,530606,NA,NA,D,3,1,67542.81625,39.95,2010,62,8.01,36.77
144359,Active,60358,NA,NA,D,2,1,1959617.531,62.67,2004,46,3.99,42.93
144360,Active,193645,NA,NA,D,4,1,1615810.431,204,2008,17,13.95,48.99
144361,Active,764822,NA,NA,S,3,1,211682.355,87.95,1997,26,4,43.98
144362,Active,614780,NA,NA,D,1,0,260696.4963,77.95,2007,49,6.09,28.32
144363,Active,51679,NA,NA,S,7,1,32948.9875,203.95,2011,107,20.9,58.22
144364,Active,878636,NA,NA,D,3,1,649454.6038,52.03,2006,47,5.59,20.24
144365,Active,201770,NA,NA,D,0,0,1334569.714,47.95,2009,23,4.98,43.71
144366,Active,56234,NA,NA,S,4,1,3051806.45,90,2003,30,4,8.99
144367,Active,56231,NA,NA,D,6,1,48983.65125,108,2010,107,48.99,54.09
144368,Active,56233,NA,NA,D,5,1,686759.2375,7.98,2006,76,4,6.1
144369,Active,193735,NA,NA,S,6,1,324355.23,113.95,2011,46,17.94,68.53
144370,Active,52350,NA,NA,D,6,1,419162.4638,96,2008,82,4,21.95
144371,Active,52349,NA,NA,D,5,1,972373.6838,81.8,2006,62,4,9.96
144372,Active,879544,NA,NA,D,7,1,227901.4563,78.95,2011,17,62.57,76.88
144373,Active,289712,NA,NA,D,1,0,368871.25,42.95,2003,38,8.54,32.93
144374,Active,52488,NA,NA,D,3,1,581402.56,77.95,2005,82,4,16
144375,Active,54187,NA,NA,D,3,1,1132037.044,8.98,2003,42,4,21.98
144376,Active,660974,NA,NA,D,1,0,437952.8675,59.95,2012,32,33.78,0
144377,Active,118278,NA,NA,D,4,1,491598.0388,100,2010,76,4,15.14
144378,Active,530603,NA,NA,D,5,1,117147.325,113.2,2012,63,11.45,31.84
144379,Active,145841,NA,NA,D,3,1,1448588.405,93,2008,57,4,5.48
144380,Active,246665,NA,NA,D,1,0,530406.4275,51.95,2008,25,16,38.09
144381,Active,178024,NA,NA,D,3,1,912329.0138,104.95,2005,51,4,26.99
144382,Active,254049,NA,NA,D,5,1,576679.6838,59.95,2010,52,7.92,34.55
144383,Active,268218,NA,NA,D,4,1,1409097.351,59.95,2007,35,4,13.98
144384,Active,200016,NA,NA,D,1,0,1095808.825,73.95,2005,42,4,25.68
144385,Active,206146,NA,NA,D,3,1,553218.5725,50,2007,65,4,27.95
144386,Active,163133,NA,NA,D,4,1,105786.5375,60,2010,34,10.54,27.98
144387,Active,258432,NA,NA,D,1,0,108007.2813,90,2009,34,23.18,0
144388,Active,178613,NA,NA,D,2,1,1862816.78,94.95,2006,29,4,15.79
144389,Active,60362,NA,NA,D,3,1,220095.585,70.95,2002,41,4,22.47
144390,Active,177946,NA,NA,D,5,1,205212.8188,142.95,2005,47,4,23.98
144391,Active,275288,NA,NA,D,1,0,159529.265,39.99,2003,188,4,8.54
144392,Active,120410,NA,NA,D,4,1,1718389.186,96.6,1997,58,4,7.94
144393,Active,1473743,NA,NA,D,4,1,2014444.445,95,2010,20,6.78,54.88
144394,Active,1475534,NA,NA,D,3,1,2277159.934,50,2012,18,4.82,3.52
144395,Active,336985,NA,NA,D,2,1,1185112.461,49.95,2009,38,4.75,49.55
144396,Active,908372,NA,NA,D,2,1,2056026.966,47.95,2006,20,8.31,49.81
144397,Active,195121,NA,NA,D,3,1,2818483.158,49.95,2007,38,4,7.98
144398,Active,575314,NA,NA,D,4,1,478660.1925,82,2011,61,4,21.13
144399,Active,607748,NA,NA,D,6,1,3120012.293,80.4,2008,25,4,15.7
144400,Active,133266,NA,NA,D,7,1,1082651.668,82.2,2010,44,4,32.99
144401,Active,195955,NA,NA,D,2,1,1959488.636,39.95,2008,22,4,40.03
144402,Active,910723,NA,NA,D,5,1,7550961.346,55,2008,35,4,94.87
144403,Active,530581,NA,NA,D,7,1,1910973.61,45,2012,42,4.97,33.99
144404,Active,223231,NA,NA,D,1,0,832539.0638,58.95,1995,21,4,67.97
144405,Active,607690,NA,NA,S,4,1,515806.9525,98.4,2001,38,4.75,20.49
144406,Active,199602,NA,NA,D,2,1,855986.85,76,2004,35,4,41.96
144407,Active,194412,NA,NA,D,0,0,331195.475,72,2001,39,11.73,33.83
144408,Active,474992,NA,NA,D,2,1,844419.5175,64.95,1995,24,4,20.99
144409,Active,199231,NA,NA,D,1,0,369234.6775,79,2004,19,50.99,86.26
144410,Active,639363,NA,NA,D,1,0,292062.705,95,2007,32,21.51,72.37
144411,Active,1444473,NA,NA,D,2,1,689205.57,65.95,2012,18,12.49,41.04
144412,Active,2698820,NA,NA,D,2,1,1045076.935,151.3,2005,17,27.27,75.62
144413,Active,115973,NA,NA,D,0,0,97435.3125,145.4,2004,67,4,36.73
144414,Active,1855481,NA,NA,S,12,1,241806.2588,44.99,2014,34,6.23,30.56
144415,Active,873434,NA,NA,D,8,1,722785.9025,39.99,2012,29,4.34,26.35
144416,Active,1657705,NA,NA,D,5,1,4884158.089,52.98,2008,14,7.98,63.71
144417,Active,677933,NA,NA,D,0,0,4146.54875,30,2013,60,7.78,14.83
144418,Active,142031,NA,NA,D,4,1,354793.325,48.74,2009,72,4,7.01
144419,Active,546005,NA,NA,D,6,1,3625.38875,60.5,2012,120,13.08,25.77
144420,Active,537836,NA,NA,D,6,1,4295.15125,93.75,2012,131,10.84,33.94
144421,Active,616322,NA,NA,D,4,1,595389.09,75,2009,19,8.58,50.45
144422,Active,1475132,NA,NA,D,3,1,2398270.153,55,2012,20,6.38,70.43
144423,Active,860763,NA,NA,D,3,1,745281.4413,38,2012,39,5.93,28.49
144424,Active,293215,NA,NA,D,2,1,1338497.971,146,2008,43,4,26.94
144425,Active,776210,NA,NA,D,4,1,876632.5575,65,2009,18,9.59,64.95
144426,Active,193459,NA,NA,D,4,1,1628821.801,147,2006,38,4,48.35
144427,Active,661284,NA,NA,D,2,1,217770.3575,59.95,2009,38,25.74,37.99
144428,Active,250949,NA,NA,D,3,1,1965041.276,58,2007,39,4,23.57
144429,Active,530539,NA,NA,D,3,1,1354929.241,69.99,2010,35,4.11,18.26
144430,Active,617593,NA,NA,D,2,1,2235492.358,56.95,2006,24,8.94,10.97
144431,Active,582280,NA,NA,D,3,1,648451.5175,80,2007,41,4.23,7.67
144432,Active,2551268,NA,NA,D,2,1,1541776.044,73.95,2001,38,4.39,51.87
144433,Active,608201,NA,NA,D,2,1,490911.955,44.95,2000,44,4,19.24
144434,Active,608203,NA,NA,D,3,1,935341.1838,59.95,2005,73,4,5.43
144435,Active,530537,NA,NA,D,2,1,2778567.886,108.23,2010,18,4.26,107.96
144436,Active,248875,NA,NA,D,2,1,758215.0063,99.95,2007,28,5.29,32.28
144437,Active,649138,NA,NA,D,1,0,987073.9038,80.95,2007,25,42.67,75.84
144438,Active,642227,NA,NA,D,0,0,85255.625,102.95,2012,47,14.63,0
144439,Active,177456,NA,NA,D,1,0,307941.6825,163.95,2002,40,4,33.99
144440,Active,115467,NA,NA,D,1,0,264453.5638,94.2,2008,45,6.98,58.09
144441,Active,255787,NA,NA,D,2,1,216045.41,58.95,2007,93,4,8.93
144442,Active,3530585,NA,NA,D,7,1,1670604.95,109.95,2004,29,4,72.39
144443,Active,621923,NA,NA,D,1,0,95629.56,125,2012,81,6.47,29.52
144444,Active,231562,NA,NA,D,2,1,934109.1363,79.27,2009,21,18.45,33.49
144445,Active,197303,NA,NA,D,2,1,913540.88,59.95,2008,27,3.84,44.14
144446,Active,608464,NA,NA,D,12,1,1761388.714,64.95,2008,29,4,69.26
144447,Active,128131,NA,NA,D,0,0,357282.9275,80,2002,15,10.03,42.94
144448,Active,861350,NA,NA,D,5,1,357544.755,117.4,2013,23,53.99,103.96
144449,Active,54294,NA,NA,D,3,1,790831.295,110,2003,125,4,20.98
144450,Active,1639906,NA,NA,D,0,0,1367984.85,34.95,2009,18,24.97,79.53
144451,Active,231541,NA,NA,D,3,1,660794.6313,96.95,1997,50,5.98,30.15
144452,Active,2561944,NA,NA,D,0,0,1532147.125,141,1969,21,4,118.83
144453,Active,131634,NA,NA,D,2,1,770785.2588,116.6,2003,28,8.21,33.98
144454,Active,249189,NA,NA,D,2,1,103141.375,41.95,2008,129,4,23.93
144455,Active,249879,NA,NA,D,0,0,447924.6563,41.95,2007,53,4.74,17.47
144456,Active,257993,NA,NA,S,0,0,534053.63,41.95,2002,61,4,8.99
144457,Active,500144,NA,NA,D,0,0,58098.62375,36.95,2011,47,7.99,19.73
144458,Active,574803,NA,NA,D,0,0,428588.4238,49.95,2011,55,6.75,11.98
144459,Active,775972,NA,NA,D,2,1,1661300.941,42.95,2005,40,4,25.85
144460,Active,254607,NA,NA,D,4,1,42544.48625,49.95,2011,74,6.13,33.99
144461,Active,574757,NA,NA,D,3,1,712359.4313,44.95,2009,68,4,14.98
144462,Active,613768,NA,NA,D,5,1,574927.03,45.95,2009,69,4.98,22.83
144463,Active,545886,NA,NA,S,7,1,78147.36875,49.95,2012,51,11.75,35.99
144464,Active,870771,NA,NA,D,6,1,882546.15,12.99,2009,51,7.66,13.98
144465,Active,776008,NA,NA,D,4,1,364700.2725,43.95,2007,98,4.71,13.09
144466,Active,614711,NA,NA,D,5,1,253838.7,49.95,2010,85,7.9,23.99
144467,Active,911706,NA,NA,D,0,0,188730.0663,22.75,1996,26,11.44,53.42
144468,Active,594436,NA,NA,D,0,0,817959.3613,49.95,2011,26,21.99,38.8
144469,Active,162844,NA,NA,D,1,0,61397.93125,49.99,2010,71,20.56,27.87
144470,Active,206815,NA,NA,S,1,0,326910.1813,39.99,2010,46,5.74,20.99
144471,Active,907133,NA,NA,D,0,0,2124051.405,34.95,2007,21,4,10.89
144472,Active,119040,NA,NA,D,4,1,725911.4863,55,2011,29,4,48.99
144473,Active,118223,NA,NA,D,3,1,2515063.506,29.94,2008,24,4,29.94
144474,Active,119041,NA,NA,D,4,1,824717.0575,55,2011,34,4.94,17.99
144475,Active,290268,NA,NA,D,1,0,712526.9625,39.99,2011,21,12.42,12.47
144476,Active,117723,NA,NA,D,3,1,141484.0938,153.33,2006,99,4,18.49
144477,Active,637658,NA,NA,D,10,1,411800.8263,120.6,2012,32,8.89,23.99
144478,Active,611509,NA,NA,S,11,1,6168.0725,189.4,2014,78,28.19,78.87
144479,Active,51417,NA,NA,D,8,1,1115600.088,144.33,2007,102,4,11.99
144480,Active,120015,NA,NA,D,1,0,488730.8363,58,2009,68,4,5.97
144481,Active,286207,NA,NA,D,8,1,1896046.145,122,2005,29,4.96,23.99
144482,Active,907876,NA,NA,D,3,1,1645534.005,58,1996,20,4.72,33.94
144483,Active,121195,NA,NA,S,12,1,10506.27625,177.8,2011,79,26,48.99
144484,Active,50414,NA,NA,D,10,1,347955.7925,93,2005,134,4,10.78
144485,Active,286318,NA,NA,S,7,1,10255.84625,195.8,2012,55,49.83,148.91
144486,Active,120815,NA,NA,D,6,1,785079.7175,161.67,2009,24,7.09,88.9
144487,Active,757733,NA,NA,D,1,0,1949438.778,90,2002,27,5.38,9.99
144488,Active,53794,NA,NA,D,5,1,242598.95,162.67,2003,74,4.42,20.65
144489,Active,53795,NA,NA,D,6,1,731042.44,113.33,2006,82,4,8.98
144490,Active,117790,NA,NA,D,5,1,186448.5538,106,2007,48,4,45.99
144491,Active,894879,NA,NA,D,6,1,228756.6075,39.99,2014,35,8.98,32.93
144492,Active,530505,NA,NA,D,8,1,284077.5238,62.4,2008,28,9.79,94.21
144493,Active,111893,NA,NA,S,8,1,6130.07625,55,2011,121,22.5,53.9
144494,Active,577367,NA,NA,D,5,1,1809064.143,81.95,2004,31,4.96,22.96
144495,Active,142135,NA,NA,D,7,1,422548.1875,53.97,2010,38,4,0
144496,Active,60367,NA,NA,D,6,1,2518946.604,64.4,2006,18,4.67,7.76
144497,Active,162629,NA,NA,D,5,1,554701.3988,40,2008,35,4,13.98
144498,Active,621621,NA,NA,D,2,1,1920982.451,53,2006,31,4,4.29
144499,Active,629639,NA,NA,D,3,1,1644781.77,55,1992,23,4.47,68.55
144500,Active,192394,NA,NA,D,4,1,127623.4488,77.95,2003,59,6.28,48.99
144501,Active,921985,NA,NA,D,6,1,2539544.074,103.13,2005,68,4,103.11
144502,Active,229125,NA,NA,D,2,1,1909631.674,36.95,2006,30,4,43.1
144503,Active,199627,NA,NA,D,0,0,403121.495,41,1996,37,4.92,37.6
144504,Active,895497,NA,NA,D,2,1,1756558.304,68,2002,17,5.84,44.95
144505,Active,774465,NA,NA,D,3,1,1506941.963,64.95,2004,28,10.94,73.7
144506,Active,192805,NA,NA,D,2,1,2060586.91,37.95,2001,19,14.17,38.24
144507,Active,217749,NA,NA,D,1,0,292082.7025,64.99,2003,30,4.98,65.25
144508,Active,61006,NA,NA,D,5,1,2507161.069,7.13,2003,47,4,7.13
144509,Active,880586,NA,NA,D,0,0,2715951.405,8.25,2009,14,5.52,50.27
144510,Active,537826,NA,NA,D,2,1,9234.78625,200,2012,148,19.98,28.97
144511,Active,58474,NA,NA,D,1,0,111247.48,39.99,2009,177,4,28.49
144512,Active,245143,NA,NA,D,5,1,1737421.943,212.95,2004,42,4,9.31
144513,Active,629317,NA,NA,S,1,0,744516.4675,44,1995,26,4.93,27.99
144514,Active,617170,NA,NA,D,1,0,78895.41,70.45,2006,42,4.23,37.99
144515,Active,921382,NA,NA,S,5,1,134073.59,226.4,2014,50,32.53,63.99
144516,Active,55256,NA,NA,D,1,0,979100.3713,9.91,2006,116,3.99,13.93
144517,Active,880025,NA,NA,D,2,1,1020260.88,55.69,2009,53,5.63,31.02
144518,Active,169189,NA,NA,D,3,1,2049453.808,115.95,2006,20,4,30.78
144519,Active,54276,NA,NA,S,5,1,19634.64,103.78,2009,85,18.4,63.17
144520,Active,251781,NA,NA,D,2,1,480957.29,137.95,2008,15,51.86,169.48
144521,Active,556289,NA,NA,D,2,1,1843543.993,29.95,2006,25,4.09,23.99
144522,Active,105272,NA,NA,D,7,1,764954.64,86.75,2007,27,9.57,55.49
144523,Active,560668,NA,NA,D,6,1,2127812.756,60,1997,32,4,28.97
144524,Active,906165,NA,NA,D,2,1,1813619.271,20,1988,22,7.59,72.57
144525,Active,164674,NA,NA,D,6,1,2564681.421,142.36,2003,21,3.99,77.81
144526,Active,118039,NA,NA,D,9,1,2600912.319,93.8,2005,21,8.88,33.99
144527,Active,1449192,NA,NA,D,11,1,465567.5863,71,2006,13,13.99,18.98
144528,Active,609471,NA,NA,D,3,1,1150395.703,50.95,2003,17,5.95,48.87
144529,Active,609595,NA,NA,D,4,1,1194568.498,98.95,2008,21,4,33.98
144530,Active,2373744,NA,NA,D,6,1,1239400.69,63.4,2003,19,4,11.98
144531,Active,871974,NA,NA,D,7,1,2978106.825,76.68,2006,14,8.79,54.99
144532,Active,109935,NA,NA,D,7,1,1161932.188,55.74,2007,22,4.89,55.74
144533,Active,907258,NA,NA,D,7,1,1149218.666,101.9,2007,22,9.79,51.96
144534,Active,906774,NA,NA,D,3,1,482600.9013,184.95,1998,24,6.37,43.25
144535,Active,802192,NA,NA,D,1,0,458061.7538,107.95,2011,38,8.05,56.24
144536,Active,538506,NA,NA,D,6,1,1075374.21,134.25,2009,28,7.82,73.99
144537,Active,538507,NA,NA,S,7,1,17528.66625,242.5,2013,66,20.87,64.96
144538,Active,835194,NA,NA,S,4,1,307783.4475,177.95,2000,43,4,42.26
144539,Active,248116,NA,NA,D,2,1,494763.305,92,2009,72,6.72,23
144540,Active,212558,NA,NA,D,3,1,1143597.408,81.6,2006,25,3,23.88
144541,Active,152335,NA,NA,D,0,0,1339909.419,89.95,2006,29,30.67,52.94
144542,Active,2641157,NA,NA,D,3,1,2864407.398,95.95,2004,40,4,12.82
144543,Active,544437,NA,NA,D,1,0,191124.4225,67.95,2012,68,7.44,34.58
144544,Active,243840,NA,NA,D,1,0,1023027.239,80.95,2010,67,4,7.36
144545,Active,52282,NA,NA,D,4,1,8072.92125,210.95,2011,105,18.74,97.04
144546,Active,530482,NA,NA,S,3,1,24460.29875,182.6,2012,60,31.98,62.57
144547,Active,490113,NA,NA,D,0,0,331936.0438,112.63,2009,35,24.72,119.49
144548,Active,116402,NA,NA,D,1,0,672603.3713,114.67,2007,43,4,21.99
144549,Active,879833,NA,NA,D,4,1,1026537.954,37.68,2009,28,14.64,50.81
144550,Active,809190,NA,NA,D,5,1,288035.4938,40,2012,17,45.49,43.99
144551,Active,530479,NA,NA,D,5,1,423074.5888,58.95,2010,30,13.31,47.99
144552,Active,107388,NA,NA,D,4,1,961643.5663,22.74,2004,56,4,18.98
144553,Active,2905141,NA,NA,D,0,0,454791.7463,87.13,2002,36,9.61,56.69
144554,Active,868707,NA,NA,D,0,0,63506.4475,55,2001,174,4,16.98
144555,Active,911891,NA,NA,D,1,0,594682.975,119.77,2000,25,18.92,63.86
144556,Active,530476,NA,NA,D,2,1,612939.1275,107.95,2011,26,38.99,150.95
144557,Active,366543,NA,NA,D,1,0,481164.4875,160.95,2009,55,4,12.55
144558,Active,254546,NA,NA,D,2,1,51083.93,165.95,2011,38,42.61,58.99
144559,Active,200231,NA,NA,D,1,0,877544.9475,212.95,2007,37,4,40.49
144560,Active,132132,NA,NA,D,3,1,1163373.713,129,2005,43,4,47.73
144561,Active,609913,NA,NA,D,3,1,23434.97875,49.95,2013,66,24.99,38.36
144562,Active,2257677,NA,NA,D,2,1,413068.5825,18.64,2010,31,18.31,24.42
144563,Active,129424,NA,NA,D,2,1,55900.81875,49.95,2010,113,4,9.35
144564,Active,127384,NA,NA,D,1,0,699776.5613,49.95,2008,73,4,9.98
144565,Active,417292,NA,NA,S,3,1,188187.08,224.5,2012,67,11.13,35.33
144566,Active,52824,NA,NA,D,1,0,371642.6463,18.17,2007,82,4,10.74
144567,Active,57058,NA,NA,D,11,1,630877.2963,73.6,2006,83,4,9.98
144568,Active,294369,NA,NA,D,2,1,261638.2175,40,2006,128,4,26.55
144569,Active,880075,NA,NA,D,2,1,1967558.764,61.51,2010,56,10,52.61
144570,Active,877904,NA,NA,D,4,1,2933043.36,101.33,2009,19,22.58,118.13
144571,Active,60376,NA,NA,D,1,0,1011437.796,9.98,2006,53,4,9.98
144572,Active,53906,NA,NA,D,9,1,434048.345,287.95,2006,38,5.54,25.45
144573,Active,54289,NA,NA,D,6,1,673211.8075,60.95,2005,137,4,7.98
144574,Active,120206,NA,NA,S,1,0,243890.345,150,2010,182,4,12.57
144575,Active,320209,NA,NA,D,2,1,2097208,54.95,2004,35,3.99,10.59
144576,Active,1956566,NA,NA,S,9,1,6150.8775,175,2014,107,28.83,80.36
144577,Active,922205,NA,NA,D,7,1,1282486.146,29.79,2008,117,5.46,28.47
144578,Active,610365,NA,NA,S,9,1,3627.0625,175,2012,158,23.99,68
144579,Active,50045,NA,NA,D,8,1,150104.01,146.5,2009,123,5.98,33.49
144580,Active,467342,NA,NA,D,7,1,227398.9463,22.99,2007,112,4.1,21.98
144581,Active,252573,NA,NA,D,7,1,829492.1475,360.09,2007,55,4,48.59
144582,Active,616724,NA,NA,S,9,1,9625.385,103.99,2012,68,26.64,73.99
144583,Active,53825,NA,NA,D,7,1,531339.1188,36.74,2007,203,4,15.99
144584,Active,498151,NA,NA,D,8,1,749872.2825,17.99,2010,36,6.47,24.96
144585,Active,50044,NA,NA,D,7,1,131527.315,37.71,2007,217,4,38.99
144586,Active,120573,NA,NA,D,7,1,319578.7063,120.33,2008,51,6.39,81.11
144587,Active,176598,NA,NA,D,2,1,2329335.738,335.95,1997,29,4.12,16.95
144588,Active,914540,NA,NA,D,7,1,1904811.589,186.67,2005,34,4.96,69.09
144589,Active,244991,NA,NA,D,1,0,177291.76,84.95,2004,53,4.33,12.78
144590,Active,128183,NA,NA,D,1,0,1013534.734,105,2006,39,23.99,73.91
144591,Active,205391,NA,NA,S,1,0,485190.5963,94.25,1997,32,4.3,70.52
144592,Active,228667,NA,NA,D,3,1,517054.1413,49.95,1999,45,4.76,13.42
144593,Active,165069,NA,NA,D,2,1,1020745.689,65,2001,87,4,10.4
144594,Active,206417,NA,NA,D,2,1,1397674.183,73.95,2008,31,15.98,69.93
144595,Active,560924,NA,NA,D,1,0,1721435.534,91.8,2007,38,4.36,10.47
144596,Active,873181,NA,NA,D,2,1,2530400.655,120,2008,15,4.24,120
144597,Active,547299,NA,NA,D,1,0,693522.9188,89.95,2010,25,55.38,62.29
144598,Active,192008,NA,NA,D,8,1,341308.2313,15.09,2007,33,4,25
144599,Active,410911,NA,NA,D,0,0,297108.1338,40,2010,19,14.54,57.9
144600,Active,116961,NA,NA,D,5,1,419902.4363,64.8,2006,35,4,15.57
144601,Active,919326,NA,NA,D,0,0,1445062.13,52.95,1995,42,4,26.94
144602,Active,606879,NA,NA,D,3,1,597711.8263,209.79,2007,32,40.95,67.81
144603,Active,698349,NA,NA,D,2,1,1367326.899,80.1,2000,21,16.67,65.94
144604,Active,248133,NA,NA,D,2,1,396898.7838,38.95,2009,70,4,16.43
144605,Active,2560456,NA,NA,D,2,1,3039193.534,71.78,1981,25,4,54.16
144606,Active,596942,NA,NA,D,2,1,177442.9388,60,2006,52,4,13.76
144607,Active,248034,NA,NA,D,4,1,24756.72875,106,2009,112,5.11,70.82
144608,Active,613438,NA,NA,D,3,1,647498.8588,61.95,2005,55,4,10.99
144609,Active,613297,NA,NA,D,1,0,42018.09,60,1974,113,4,48.26
144610,Active,860769,NA,NA,D,2,1,2523932.536,212.87,2012,18,18.84,198.99
144611,Active,392604,NA,NA,D,2,1,1408336.859,89.95,2009,38,4,41
144612,Active,268689,NA,NA,D,2,1,3554153.259,64.95,2006,16,4,18.99
144613,Active,60378,NA,NA,D,4,1,719192.2325,96.67,2007,41,4,4.13
144614,Active,797597,NA,NA,D,2,1,3461867.009,109.95,2003,21,4,11.74
144615,Active,877946,NA,NA,D,3,1,3139895.843,94.95,2007,18,5.27,29.66
144616,Active,2869260,NA,NA,D,1,0,1284268.3,85,1987,34,4,32.99
144617,Active,52690,NA,NA,D,13,1,2042627.309,72.2,2004,48,3.67,8.97
144618,Active,852054,NA,NA,S,1,0,1480222.749,66.56,2000,30,4,14.15
144619,Active,270107,NA,NA,D,5,1,741966.895,212,2011,46,4.97,57.35
144620,Active,3578012,NA,NA,D,2,1,1325679.55,125,2001,31,19.54,98.13
144621,Active,408367,NA,NA,D,2,1,236913.4775,81,2001,30,33.97,0
144622,Active,897699,NA,NA,D,2,1,2551315.175,85,2007,17,9,57.02
144623,Active,875226,NA,NA,D,8,1,523615.3838,52.99,2011,11,78.49,103.54
144624,Active,710271,NA,NA,D,3,1,948055.7138,93.35,2001,45,3.99,8.99
144625,Active,910152,NA,NA,D,0,0,645278.5675,104,1992,31,18.24,54.99
144626,Active,162779,NA,NA,D,2,1,306943.5,60,2010,31,19.87,52.14
144627,Active,870824,NA,NA,D,8,1,93354.24125,115.2,2007,53,11.68,31.71
144628,Active,907165,NA,NA,D,2,1,1159373.504,45.95,2006,14,10.11,24.48
144629,Active,615415,NA,NA,D,5,1,1056848.873,74,2007,43,4,17.98
144630,Active,614853,NA,NA,D,6,1,141103.0163,87.2,2010,53,5.3,48.61
144631,Active,822852,NA,NA,D,2,1,1564039.815,31.95,1993,25,4,23.98
144632,Active,110800,NA,NA,S,7,1,62016.725,94.9,2011,44,52.37,124.31
144633,Active,307834,NA,NA,D,6,1,2321469.535,81.5,2007,12,13.99,675
144634,Active,107476,NA,NA,S,5,1,361406.9988,77.99,2003,22,10.67,62.14
144635,Active,637241,NA,NA,D,10,1,869161.6488,57.95,2007,26,6.61,23.09
144636,Active,607161,NA,NA,D,7,1,2441483.128,106,2001,44,4,12.06
144637,Active,60381,NA,NA,D,8,1,1204499.378,124.2,2004,64,4,10.51
144638,Active,617615,NA,NA,D,2,1,2622039.814,51.5,2004,36,4,9.71
144639,Active,2036952,NA,NA,D,3,1,419910.1813,78.64,2008,40,8.86,18.59
144640,Active,614321,NA,NA,D,1,0,494473.08,124.2,2005,35,4.24,50.19
144641,Active,642846,NA,NA,D,0,0,195725.8088,72.95,2007,40,5.67,46.61
144642,Active,162486,NA,NA,S,3,1,190218.9063,21.95,2008,99,4,10.91
144643,Active,582989,NA,NA,D,7,1,949749.19,41.95,2011,13,4,0
144644,Active,197162,NA,NA,D,0,0,1081881.665,54.95,2004,28,11.71,36.65
144645,Active,231464,NA,NA,D,3,1,772733.99,49.95,1998,39,5.22,22.55
144646,Active,1623943,NA,NA,D,1,0,196580.4063,45,2008,38,5.99,12.49
144647,Active,1445459,NA,NA,D,2,1,1970562.463,81.95,2008,20,11.92,56.1
144648,Active,586526,NA,NA,D,6,1,2345357.823,80,2006,15,38.99,145.82
144649,Active,505043,NA,NA,D,1,0,644431.8775,212,2010,66,4.82,0
144650,Active,1507080,NA,NA,D,6,1,8882626.565,14,2009,11,9.83,120.37
144651,Active,623379,NA,NA,S,0,0,850608.595,104.5,2012,25,5.98,104.5
144652,Active,613590,NA,NA,S,0,0,627410.215,72.5,2013,99,4,28.55
144653,Active,193538,NA,NA,D,2,1,2240632.584,146,2007,21,4,34.14
144654,Active,265876,NA,NA,D,5,1,1647791.699,134,2004,15,4.47,55.29
144655,Active,193722,NA,NA,D,3,1,610862.3438,221,2011,83,5.06,13.99
144656,Active,610191,NA,NA,D,6,1,587493.7075,35,2008,14,26.49,33.24
144657,Active,143234,NA,NA,D,4,1,1740975.159,171,2008,32,4.73,105.99
144658,Active,738369,NA,NA,D,2,1,6375596.216,88,2002,14,8.99,13.94
144659,Active,649133,NA,NA,D,6,1,671519.8713,41,2007,28,6.79,23.98
144660,Active,905180,NA,NA,D,0,0,315956.7913,42,2014,41,8.38,9.64
144661,Active,625627,NA,NA,S,0,0,769642.18,52,2013,59,4,12.99
144662,Active,864957,NA,NA,D,2,1,1725393.585,305.73,2013,16,5.74,305.73
144663,Active,630577,NA,NA,D,3,1,512832.5863,204,2012,50,8.04,11.43
144664,Active,193614,NA,NA,D,2,1,1720159.915,135,2008,27,8.31,44.94
144665,Active,540483,NA,NA,D,4,1,1201168.11,190,2009,31,5.69,53.99
144666,Active,120597,NA,NA,D,6,1,111480.8438,233.4,2009,45,70.04,162.15
144667,Active,914969,NA,NA,D,4,1,214349.0613,169,2000,29,6.73,70.29
144668,Active,904265,NA,NA,D,2,1,2076732.978,79.99,2003,15,39.41,55.05
144669,Active,592316,NA,NA,D,3,1,407220.0188,85.95,2006,20,38.61,109.99
144670,Active,615976,NA,NA,D,0,0,724178.6513,61.95,2002,56,4,13.99
144671,Active,620090,NA,NA,D,2,1,283928.1313,72.95,2009,36,4.58,72.35
144672,Active,2251906,NA,NA,D,3,1,3559494.614,56.15,2008,38,7.49,50.12
144673,Active,618286,NA,NA,D,3,1,266197.9588,47,2008,65,4,37.24
144674,Active,2362293,NA,NA,D,2,1,3566793.389,93,1993,20,4,64.69
144675,Active,147368,NA,NA,D,6,1,2240058.151,39.95,2005,25,4,26.56
144676,Active,147098,NA,NA,D,6,1,1759146.178,39.95,2004,29,4,29.99
144677,Active,530415,NA,NA,D,2,1,1070104.861,57.95,2006,17,6.36,21.32
144678,Active,789157,NA,NA,D,3,1,438467.6538,118.5,2003,20,15.1,43.99
144679,Active,2428827,NA,NA,D,1,0,954839.2838,75,1995,22,23.38,83.78
144680,Active,644618,NA,NA,D,7,1,306861.4863,39.99,2012,25,4.94,39.99
144681,Active,245245,NA,NA,D,3,1,1358429.39,108.95,2005,23,4.33,32.87
144682,Active,164323,NA,NA,D,3,1,1707270.515,147.95,2002,28,6.38,17.39
144683,Active,616410,NA,NA,D,9,1,1128642.778,58.67,2000,49,4,19.32
144684,Active,607916,NA,NA,D,4,1,2280318.018,33.33,2004,49,4,7.94
144685,Active,557238,NA,NA,D,6,1,464958.5588,48,2004,34,4,28.93
144686,Active,755174,NA,NA,D,3,1,3167615.689,49.95,2003,17,5.44,69.45
144687,Active,788757,NA,NA,D,2,1,2785715.083,39.95,1999,29,4.97,9.99
144688,Active,147039,NA,NA,D,2,1,1795603.393,47.95,2003,28,4,39.98
144689,Active,530408,NA,NA,D,3,1,824717.1738,54.95,2008,23,6.58,30.67
144690,Active,322765,NA,NA,D,6,1,1074450.849,74,2009,23,5.59,24.49
144691,Active,131976,NA,NA,D,5,1,1435535.429,63.6,2006,33,4,7.99
144692,Active,869727,NA,NA,D,7,1,3844437.646,72.65,1997,16,9.06,54.63
144693,Active,609663,NA,NA,D,7,1,721606.6063,88.59,1997,44,7.65,46.47
144694,Active,630276,NA,NA,D,1,0,501845.6375,113.33,2003,22,90.34,113.33
144695,Active,2697966,NA,NA,D,3,1,2159495.931,59.95,2001,22,5.73,69.75
144696,Active,119021,NA,NA,D,4,1,92021.13125,50,2011,33,19.86,72.43
144697,Active,607362,NA,NA,D,6,1,365474.5513,110.4,2003,30,7.44,49.99
144698,Active,107659,NA,NA,S,7,1,47932.925,87.19,2003,128,4,16.66
144699,Active,50459,NA,NA,D,9,1,29962.4275,105.97,2009,72,13.26,33.99
144700,Active,156777,NA,NA,D,3,1,2665165.625,39.95,1999,51,4,15.98
144701,Active,877256,NA,NA,D,2,1,497320.1763,26.72,2008,50,6.18,26.35
144702,Active,307501,NA,NA,D,2,1,752132.7563,60.39,2002,10,22.67,93.97
144703,Active,58486,NA,NA,D,5,1,395165.035,230.95,2008,34,8.23,59.33
144704,Active,58490,NA,NA,D,4,1,1179512.921,243.95,2005,38,4,6.48
144705,Active,607586,NA,NA,S,6,1,171059.2975,74.95,2004,89,4.13,49.64
144706,Active,530400,NA,NA,D,8,1,928611.9663,39.99,2010,37,4,7.99
144707,Active,111712,NA,NA,S,2,1,477043.0275,314.25,2011,16,9.59,267.85
144708,Active,50800,NA,NA,D,5,1,1642856.073,13.69,2004,73,4,10
144709,Active,551140,NA,NA,D,1,0,660755.0438,33.89,2012,42,11.26,51.85
144710,Active,635853,NA,NA,S,1,0,721014.8238,392.75,2012,31,7.2,22.19
144711,Active,163465,NA,NA,D,8,1,47229.03875,33,2012,131,9.19,28.48
144712,Active,878488,NA,NA,S,0,0,2939994.024,88.15,2013,40,4.19,88.15
144713,Active,111608,NA,NA,D,2,1,491010.4763,337,2010,43,13.06,1821.92
144714,Active,1492185,NA,NA,D,14,1,3891423.334,117.5,2010,20,4.97,49.18
144715,Active,530397,NA,NA,D,15,1,3082875.253,106,2011,27,5.69,72.47
144716,Active,50795,NA,NA,D,8,1,532184.62,249.87,2009,196,4,15.48
144717,Active,51723,NA,NA,D,1,0,1571919.083,186.67,2006,72,4.16,13.24
144718,Active,626615,NA,NA,S,3,1,13990.73125,369.5,2013,130,15.89,79.66
144719,Active,553935,NA,NA,D,8,1,1529655.805,162.47,2009,43,4,4
144720,Active,861363,NA,NA,S,13,1,295466.6713,191.95,2013,16,25.93,78.33
144721,Active,2160354,NA,NA,D,2,1,622508.0963,43.99,2013,35,4,43.19
144722,Active,616099,NA,NA,D,0,0,43607.115,53.99,2014,99,7.09,0
144723,Active,627865,NA,NA,S,4,1,114674.1888,192.13,2012,48,13.7,231.95
144724,Active,543973,NA,NA,D,2,1,314759.0213,46.03,2012,29,12.53,73.95
144725,Active,50825,NA,NA,D,7,1,1184062.705,15.99,2008,76,4,7.95
144726,Active,54734,NA,NA,D,4,1,711452.7388,215.75,2006,95,4,9.98
144727,Active,862048,NA,NA,S,7,1,20823.57125,358,2014,91,28.14,58.99
144728,Active,52474,NA,NA,D,6,1,597811.8963,8.99,2008,210,4,8.98
144729,Active,50858,NA,NA,D,7,1,545287.1425,219.95,2005,61,4.21,30.54
144730,Active,111122,NA,NA,D,6,1,957967.255,11.98,2008,63,6.44,22.41
144731,Active,162304,NA,NA,D,6,1,1559317.28,33.99,2007,15,4.39,33.99
144732,Active,608276,NA,NA,D,7,1,1557666.849,33.91,2010,20,5.92,13.5
144733,Active,53234,NA,NA,D,6,1,449639.51,318.95,2007,62,4.07,45.64
144734,Active,566036,NA,NA,D,5,1,426824.4225,132.95,2009,40,4.79,18.99
144735,Active,50859,NA,NA,D,10,1,1814251.149,222.95,2007,37,4.06,110.63
144736,Active,148510,NA,NA,D,10,1,976343.675,329.95,2006,80,4.4,21.48
144737,Active,254085,NA,NA,S,5,1,471003.6388,141.95,2009,43,4.76,26.75
144738,Active,167364,NA,NA,D,7,1,6997023.606,70,2007,13,4.64,41.19
144739,Active,166898,NA,NA,D,7,1,1029034.865,225,2005,30,4,33.86
144740,Active,652459,NA,NA,S,5,1,88788.575,483,2012,53,13.72,157.62
144741,Active,112042,NA,NA,D,16,1,45146.2625,31.94,2011,136,9.86,53.92
144742,Active,50833,NA,NA,D,9,1,194002.8763,443.95,2010,106,6.21,43.99
144743,Active,54518,NA,NA,D,9,1,1165666.909,335.95,2006,116,4.23,13.88
144744,Active,535145,NA,NA,S,12,1,16400.94,357.95,2013,111,26.03,105.12
144745,Active,420431,NA,NA,D,0,0,931682.8875,140.8,1999,40,4,46.23
144746,Active,533799,NA,NA,S,6,1,684571.3025,212.75,2007,27,5.87,39.99
144747,Active,50844,NA,NA,D,5,1,2207592.225,8.91,2005,39,4,53.43
144748,Active,2254539,NA,NA,D,11,1,3386962.28,117.48,2009,31,14.94,64.37
144749,Active,329730,NA,NA,D,1,0,573455.3738,113.33,2009,46,11.27,13.98
144750,Active,530377,NA,NA,D,2,1,50307.765,141.6,2012,112,5.57,18.99
144751,Active,120729,NA,NA,D,3,1,331153.2725,249,2009,45,7.63,162.69
144752,Active,201792,NA,NA,D,2,1,1259160.208,48.95,2010,33,4,50.07
144753,Active,366664,NA,NA,D,2,1,2304059.639,99.95,2010,18,23.97,88.25
144754,Active,50337,NA,NA,D,13,1,39575.08625,391.95,2010,126,15.1,44.92
144755,Active,50335,NA,NA,S,11,1,607743.5163,226.95,2004,130,4,13.97
144756,Active,178712,NA,NA,S,10,1,36915.3325,339.95,2011,62,38.24,43.98
144757,Active,111921,NA,NA,D,5,1,19030.765,390.75,2011,150,10.29,62.14
144758,Active,50854,NA,NA,D,8,1,218949.555,266.95,2007,38,5.48,69.13
144759,Active,607799,NA,NA,S,2,1,315965.6675,80,2000,78,4,22.47
144760,Active,110141,NA,NA,S,10,1,131201.5113,151.32,2008,51,13.56,63.37
144761,Active,762022,NA,NA,D,2,1,2615049.269,55,2006,22,4.98,29.98
144762,Active,618639,NA,NA,D,2,1,144500.2775,69,2004,66,4,18.99
144763,Active,891117,NA,NA,D,9,1,1471889.028,165,1990,16,21.15,73.98
144764,Active,540630,NA,NA,D,10,1,393379.8038,223.2,2011,35,13.58,182.97
144765,Active,145599,NA,NA,D,8,1,1637134.399,196.67,2008,25,6.83,53.99
144766,Active,146607,NA,NA,D,10,1,378329.0475,187.33,2010,31,7.54,53.98
144767,Active,118519,NA,NA,D,11,1,183722.725,153.33,2007,121,4,13.99
144768,Active,169675,NA,NA,D,8,1,3467700.395,256.95,2007,35,4,13.76
144769,Active,289296,NA,NA,D,0,0,1797041.165,109,2003,15,35.52,35.99
144770,Active,152748,NA,NA,D,0,0,1763811.146,109,2003,14,48.39,47.95
144771,Active,625224,NA,NA,D,0,0,276160.8713,35.95,2011,38,14.76,109.79
144772,Active,628830,NA,NA,D,2,1,493132.905,94.95,2007,29,50.61,258.06
144773,Active,200325,NA,NA,D,1,0,299795.465,108.95,2011,35,9.93,109.79
144774,Active,254485,NA,NA,S,2,1,135645.1338,92.95,2010,75,27.6,103.94
144775,Active,565494,NA,NA,D,0,0,547243.7475,9.99,2006,195,3.99,6.56
144776,Active,907110,NA,NA,D,1,0,1120936.909,55,2004,15,22.38,49.2
144777,Active,157152,NA,NA,D,2,1,2328658.654,107.95,2004,15,4,68.79
144778,Active,249951,NA,NA,D,0,0,1003208.18,129.95,2008,30,12.11,69.24
144779,Active,117737,NA,NA,D,1,0,218310.3163,43.99,2007,74,4,17.59
144780,Active,701358,NA,NA,D,1,0,1272391.25,84,2009,26,5.74,72.83
144781,Active,285014,NA,NA,D,2,1,1466622.09,46.95,2006,31,4.72,21.57
144782,Active,701158,NA,NA,D,1,0,934354.0163,76,2007,31,7.79,18.99
144783,Active,701409,NA,NA,D,2,1,1874396.739,85.95,2008,26,4.35,23.04
144784,Active,606764,NA,NA,D,2,1,1535828.21,45.95,2005,57,4,9.99
144785,Active,538187,NA,NA,D,1,0,266999.0913,58,2008,28,23.99,36.81
144786,Active,1435162,NA,NA,D,1,0,894488.5838,59.95,2006,19,28.94,72.88
144787,Active,700857,NA,NA,D,2,1,1193480.28,45.95,2007,38,4.17,33.99
144788,Active,106243,NA,NA,D,2,1,812677.525,45.95,2005,62,4,13.99
144789,Active,530343,NA,NA,D,2,1,57557.28125,51,2009,59,9.95,27.96
144790,Active,106179,NA,NA,D,5,1,2139964.583,44.95,2005,48,4,5.89
144791,Active,270058,NA,NA,D,10,1,497866.9975,175,2008,17,87.68,103.99
144792,Active,264932,NA,NA,D,2,1,1676858.551,97.95,2005,15,33.69,76.46
144793,Active,876278,NA,NA,D,7,1,1390992.929,240.19,2007,16,8.87,238.44
144794,Active,286440,NA,NA,S,8,1,65711.76375,170.67,2009,57,33.99,73.91
144795,Active,54329,NA,NA,S,3,1,10407.07625,29.95,2004,382,4,12.37
144796,Active,622742,NA,NA,D,3,1,232630.0575,57,2007,72,4.07,24.34
144797,Active,901666,NA,NA,D,0,0,5194497.649,46.95,2004,16,4,57.35
144798,Active,905017,NA,NA,D,0,0,9266798.25,46.95,2004,16,4,41.81
144799,Active,1450108,NA,NA,S,8,1,977917.5775,63.33,2008,26,5.46,19.13
144800,Active,788924,NA,NA,D,5,1,1656898.568,149,2001,17,16.88,128.8
144801,Active,637978,NA,NA,D,4,1,1104969.666,92,1999,24,19.5,68.98
144802,Active,665149,NA,NA,D,10,1,457421.04,178,2012,39,7.36,42.95
144803,Active,530320,NA,NA,D,8,1,830706.195,12.12,2008,63,3.99,8.18
144804,Active,862049,NA,NA,D,11,1,12573.25625,105.95,2014,67,12.41,63.94
144805,Active,533359,NA,NA,D,10,1,202872.675,100.95,2012,110,4.99,16.94
144806,Active,56467,NA,NA,D,9,1,622391.7238,110.95,2010,124,4,10.13
144807,Active,56465,NA,NA,D,8,1,1310828.776,71.95,2008,86,4,5.54
144808,Active,613184,NA,NA,D,5,1,659162.9975,79,2007,125,4,14.19
144809,Active,632159,NA,NA,D,6,1,17785.295,94,2012,76,30.3,43.97
144810,Active,1573949,NA,NA,D,4,1,1197259.015,76.95,2006,31,4,4.83
144811,Active,2859361,NA,NA,S,0,0,575837.46,101.5,1992,28,23.77,42.97
144812,Active,106421,NA,NA,D,7,1,1485944.998,459,2007,18,39.99,86.48
144813,Active,161763,NA,NA,D,2,1,227658.385,45,2007,21,21.77,65.38
144814,Active,744146,NA,NA,D,2,1,3681838.151,150.95,2001,26,4,8.84
144815,Active,204811,NA,NA,D,3,1,1886967.968,65,1996,29,4,19.19
144816,Active,147406,NA,NA,D,1,0,789748.7563,35.95,2006,14,16.19,21.94
144817,Active,537987,NA,NA,S,2,1,102907.9875,55,1999,240,4,7.96
144818,Active,534367,NA,NA,D,9,1,720786.8575,94.95,1994,73,4,33.87
144819,Active,1651427,NA,NA,D,2,1,2027907.495,96.95,2007,18,20.49,26
144820,Active,147594,NA,NA,D,3,1,330349.7275,39.95,2009,22,12.22,40.98
144821,Active,788166,NA,NA,D,2,1,840665.2813,240.95,2000,26,6.02,18.91
144822,Active,864651,NA,NA,D,34,1,790523.72,42.17,2011,23,4.9,46.75
144823,Active,1656862,NA,NA,D,3,1,1070902.565,31.95,2009,26,4.19,15.57
144824,Active,56069,NA,NA,D,2,1,2883705.754,96.6,2005,62,4,9.86
144825,Active,203345,NA,NA,D,4,1,1653791.674,43.95,2000,42,4,8.98
144826,Active,192581,NA,NA,D,3,1,542238.4925,117,2005,18,11.99,49.75
144827,Active,698588,NA,NA,S,5,1,1146072.451,94.2,2003,13,5.78,77.55
144828,Active,162969,NA,NA,S,8,1,28707.47875,169.42,2011,64,43.99,159.11
144829,Active,166962,NA,NA,D,6,1,2214829.669,52.99,2005,27,8.44,55.75
144830,Active,870507,NA,NA,D,1,0,516620.0438,153.73,2004,27,28.99,73.98
144831,Active,121426,NA,NA,D,1,0,398757.06,144,1998,29,22.49,101.35
144832,Active,104119,NA,NA,D,9,1,624389.8088,74.75,1997,24,6.27,43.99
144833,Active,114809,NA,NA,D,6,1,645758.2988,131.8,2002,29,6.37,71.23
144834,Active,709905,NA,NA,D,5,1,1108346.636,113.33,1999,31,4,52.54
144835,Active,129735,NA,NA,S,2,1,682663.7163,41.67,2000,71,4,17.78
144836,Active,621313,NA,NA,D,3,1,57070.735,57.32,2011,55,15.89,28.99
144837,Active,129704,NA,NA,D,2,1,183420.0088,41.66,1999,50,4.43,20.91
144838,Active,876161,NA,NA,D,3,1,692668.8563,31.93,2006,65,4,15.98
144839,Active,117856,NA,NA,S,3,1,141256.9025,52,2005,73,7.98,36.99
144840,Active,119096,NA,NA,D,4,1,19789.88375,57.32,2011,79,17.24,22.96
144841,Active,117857,NA,NA,S,3,1,376238.435,68.53,2005,81,4,12.98
144842,Active,117875,NA,NA,D,3,1,279425.625,59.07,2005,47,5.04,13.4
144843,Active,117876,NA,NA,D,3,1,865773.5488,34.07,2005,44,4,11.12
144844,Active,875648,NA,NA,D,4,1,3793914.525,14.96,2007,43,5.58,14.96
144845,Active,204121,NA,NA,D,5,1,376390.205,91.95,2009,269,4.99,13.29
144846,Active,609179,NA,NA,D,3,1,3268136.444,66.95,2005,56,4,6.27
144847,Active,204131,NA,NA,D,4,1,1359924.595,79.95,2007,90,4,12.41
144848,Active,537579,NA,NA,S,4,1,10498.07875,214.25,2015,82,8.81,27.34
144849,Active,60391,NA,NA,D,2,1,641031.3863,51.82,2007,72,4,8.98
144850,Active,681770,NA,NA,D,11,1,1072507.013,24.96,2006,20,5.89,132.99
144851,Active,622338,NA,NA,D,3,1,1837347.394,89.95,2003,24,4.57,23.99
144852,Active,1478282,NA,NA,D,1,0,1399678.208,135,2012,21,39.24,44.87
144853,Active,365067,NA,NA,D,3,1,2937972.126,45.95,1998,18,4,26.07
144854,Active,765034,NA,NA,D,3,1,1772517.164,77.95,2000,33,4,28.59
144855,Active,607140,NA,NA,D,11,1,597154.2013,103,2000,44,8.69,86.93
144856,Active,501705,NA,NA,D,3,1,1209917.585,169.95,2007,16,20.86,113.41
144857,Active,1559598,NA,NA,D,1,0,324926.0575,35.95,2009,26,7.02,32.36
144858,Active,533909,NA,NA,D,6,1,587863.1175,113.33,2007,51,4.99,33.99
144859,Active,114689,NA,NA,D,10,1,1751255.331,98,2004,63,4,7.99
144860,Active,607443,NA,NA,D,7,1,213101.8788,138.4,2009,56,11.84,13.44
144861,Active,773952,NA,NA,D,4,1,1613517.24,87.8,1997,57,4,19.94
144862,Active,56799,NA,NA,D,8,1,450121.2475,109.09,2008,62,4.98,90.57
144863,Active,616926,NA,NA,D,5,1,27408.54125,46,2012,33,9.62,0
144864,Active,217687,NA,NA,D,5,1,892227.0563,69.99,1995,20,16.98,68.59
144865,Active,2842743,NA,NA,D,0,0,630461.5613,49.95,1993,61,22.35,32.4
144866,Active,152648,NA,NA,D,0,0,1500652.075,189,2004,28,22.87,34.32
144867,Active,652439,NA,NA,D,2,1,1235485.948,149.95,2013,22,59.29,124.91
144868,Active,912606,NA,NA,D,0,0,659215.55,44.95,2008,27,6.88,62.85
144869,Active,633789,NA,NA,D,2,1,175826.2388,50,2012,50,13.62,37.35
144870,Active,737456,NA,NA,D,3,1,2168646.114,173,2007,15,7.88,23.99
144871,Active,167295,NA,NA,D,2,1,1406273.238,55,2006,30,6.83,42.96
144872,Active,909566,NA,NA,D,3,1,2641174.304,74.95,2004,18,13.94,43.94
144873,Active,642610,NA,NA,D,2,1,440723.4388,50.67,2007,21,4.98,45.87
144874,Active,114704,NA,NA,S,2,1,227682.9025,70.6,2006,30,19.86,73.77
144875,Active,624254,NA,NA,D,2,1,823488.58,89.95,2007,26,6.33,36.99
144876,Active,907028,NA,NA,D,2,1,1526916.965,108.2,2008,25,46,123.49
144877,Active,118169,NA,NA,D,2,1,386824.4625,191.2,2007,19,11.2,74.8
144878,Active,178859,NA,NA,D,1,0,70656.75875,131.95,2011,40,28.49,83.55
144879,Active,618979,NA,NA,D,1,0,474289.0625,92.25,2008,61,6.98,24.21
144880,Active,583229,NA,NA,S,1,0,516349.1938,85.95,2006,30,8.82,14.68
144881,Active,665716,NA,NA,D,2,1,897952.1075,194.47,2012,17,36.04,0
144882,Active,100464,NA,NA,D,2,1,907769.4075,100,1996,21,5.09,88.53
144883,Active,668216,NA,NA,D,1,0,1843195.15,95,2002,20,7,65.07
144884,Active,217753,NA,NA,D,5,1,599551.12,104.99,2007,22,29.19,159.44
144885,Active,868449,NA,NA,D,4,1,2038267.493,84.99,2003,20,4.98,53.65
144886,Active,906617,NA,NA,D,8,1,576236.2975,44.99,2013,29,4,27.82
144887,Active,545031,NA,NA,D,7,1,743719.2913,44.99,2011,33,4,33.59
144888,Active,887587,NA,NA,D,5,1,994607.6825,0,1989,15,16.87,0
144889,Active,104579,NA,NA,D,3,1,2355748.728,68,1995,33,7.83,50.09
144890,Active,108075,NA,NA,D,2,1,759818.6138,160.34,2003,27,36.69,103.84
144891,Active,54863,NA,NA,S,4,1,300323.6088,30.67,2001,90,4,33.49
144892,Active,54864,NA,NA,S,5,1,75455.1975,43.8,2004,126,4,20.05
144893,Active,2332376,NA,NA,D,2,1,1572510.984,45,1992,17,6.77,22.78
144894,Active,890701,NA,NA,D,2,1,612336.4925,42.54,2012,9,23.96,26.44
144895,Active,553688,NA,NA,S,2,1,70108.34,226.4,2000,39,54.81,113.87
144896,Active,116335,NA,NA,D,2,1,967731.7463,99.33,2010,27,17.8,73.99
144897,Active,2347472,NA,NA,D,2,1,3211151.423,128.58,1992,14,16.98,241.52
144898,Active,2333528,NA,NA,D,1,0,1005851.919,90.57,1966,28,5.69,67.29
144899,Active,203478,NA,NA,D,2,1,560092.5288,135,2002,37,7.59,19.65
144900,Active,483615,NA,NA,D,1,0,790796.6688,45,2007,25,19.47,75.89
144901,Active,202411,NA,NA,S,6,1,738550.8413,288.95,2003,112,4,13.94
144902,Active,110051,NA,NA,S,7,1,170976.5725,237.5,2008,59,4.92,28.99
144903,Active,50085,NA,NA,D,6,1,261713.5813,9.79,2006,94,4.43,27.99
144904,Active,50084,NA,NA,D,5,1,1874310.093,21.99,2004,82,3.99,21.99
144905,Active,2575558,NA,NA,D,4,1,791223.5663,21.79,1986,22,7.52,66.69
144906,Active,116340,NA,NA,D,15,1,1089116.329,181.13,2010,28,13.04,62.19
144907,Active,56533,NA,NA,D,5,1,1436909.413,89.33,2006,74,4,9.45
144908,Active,131768,NA,NA,D,13,1,727258.6263,95.8,2004,79,4,9.97
144909,Active,56535,NA,NA,D,6,1,128201.245,116.2,2009,100,4,8.99
144910,Active,244134,NA,NA,D,1,0,620617.37,128.95,2011,38,19.79,102.89
144911,Active,244394,NA,NA,D,12,1,240134.8563,317.95,2012,38,43.14,151.77
144912,Active,177115,NA,NA,D,8,1,704845.3388,147.95,2004,49,4.35,9.94
144913,Active,534753,NA,NA,D,5,1,56773.85625,124.99,2012,48,42.19,59.17
144914,Active,294189,NA,NA,D,4,1,508987.7788,114.99,2008,60,6.62,22.69
144915,Active,879841,NA,NA,D,9,1,141950.2188,163.33,2013,37,58.98,108.99
144916,Active,53929,NA,NA,D,6,1,406461.825,139.93,2004,65,4,10.99
144917,Active,879829,NA,NA,D,8,1,712774.94,190.2,2010,31,23.8,303.98
144918,Active,118110,NA,NA,D,2,1,2249756.381,143.8,2005,21,4.32,66.05
144919,Active,165704,NA,NA,D,11,1,1996685.466,59.13,2003,32,4,43.07
144920,Active,159530,NA,NA,D,2,1,119023.5188,169.99,2005,27,78.02,118.7
144921,Active,597956,NA,NA,D,3,1,1128954.395,53.95,2003,21,5.13,26.16
144922,Active,738981,NA,NA,D,3,1,1229566.264,101,1998,27,4,42.83
144923,Active,50093,NA,NA,D,11,1,561294.615,67.96,2003,74,4.31,25.98
144924,Active,50095,NA,NA,D,13,1,119680.9325,203.5,2010,61,11.93,27.62
144925,Active,176956,NA,NA,D,1,0,2040419.439,181.95,2002,29,4,15.83
144926,Active,243978,NA,NA,D,1,0,207384.2575,47.95,2012,19,32.67,0
144927,Active,2502924,NA,NA,D,0,0,1764092.118,149,2000,22,47.09,84.95
144928,Active,540679,NA,NA,S,7,1,11047.12875,179.2,2013,68,27.21,82.97
144929,Active,145806,NA,NA,D,4,1,1953281.22,233.33,2008,36,4.86,5.46
144930,Active,640272,NA,NA,D,2,1,1343135.431,84.75,2012,20,6.38,33.99
144931,Active,715950,NA,NA,D,6,1,2589730.151,208.67,2012,23,4,4.99
144932,Active,131743,NA,NA,D,4,1,304312.7288,96.67,2003,48,4.57,11.99
144933,Active,877980,NA,NA,D,10,1,2802286.411,93.99,2008,29,4.11,48.42
144934,Active,609124,NA,NA,D,4,1,564248.4788,317.95,2002,17,14.41,24.76
144935,Active,609092,NA,NA,D,3,1,2978540.143,278.95,1998,21,4.8,15.96
144936,Active,120840,NA,NA,D,7,1,67654.61875,223,2010,72,10.54,38.51
144937,Active,609850,NA,NA,S,8,1,11010.5025,245,2013,95,49.48,89.8
144938,Active,50103,NA,NA,D,12,1,829283.4275,8.16,2006,85,4,8.71
144939,Active,50104,NA,NA,D,13,1,738345.7738,51.92,2008,86,4,12.25
144940,Active,110203,NA,NA,D,13,1,891571.41,245,2008,65,4,28.92
144941,Active,858615,NA,NA,S,2,1,1089225.738,99,1997,40,4.97,29
144942,Active,249768,NA,NA,D,4,1,344780.5463,191.95,2006,30,4.38,10.49
144943,Active,255356,NA,NA,S,2,1,615141.2538,65,2004,113,4,12.02
144944,Active,52509,NA,NA,D,3,1,1399621.818,125.07,2006,47,4,42.98
144945,Active,553244,NA,NA,S,6,1,610058.2338,252.13,2012,81,33.79,111.36
144946,Active,537386,NA,NA,D,6,1,57516.78375,244.8,2012,72,16.01,33.98
144947,Active,109382,NA,NA,D,4,1,674574.055,60,2005,22,8.95,57
144948,Active,245015,NA,NA,D,2,1,1900948.034,110.95,2004,32,4,9.46
144949,Active,499535,NA,NA,D,5,1,2824382.256,138.95,2010,20,16.29,491.17
144950,Active,288839,NA,NA,D,4,1,649431.515,49.95,2008,104,4,13.61
144951,Active,561115,NA,NA,D,4,1,819033.37,170.67,2008,51,4,16.99
144952,Active,530198,NA,NA,S,6,1,33996.3525,244.8,2012,112,9.9,58.58
144953,Active,877245,NA,NA,D,5,1,1871410.771,78.95,2010,48,7.32,26.29
144954,Active,911113,NA,NA,D,0,0,2319216.229,40,1984,26,4,22.46
144955,Active,551751,NA,NA,D,4,1,1714557.295,58.95,2001,48,4,9.46
144956,Active,109182,NA,NA,S,8,1,135586.8038,98.62,2008,54,24.52,89.25
144957,Active,2070439,NA,NA,D,8,1,465044.7963,88,2009,17,13.83,18.98
144958,Active,623395,NA,NA,D,2,1,671386.2475,11.99,2005,36,6.98,15.99
144959,Active,803829,NA,NA,D,5,1,5509481.279,115,2005,9,21.02,109.84
144960,Active,60403,NA,NA,D,2,1,2286238.971,138.95,2005,38,4,4.36
144961,Active,300974,NA,NA,D,2,1,349328.0288,67,2009,59,5.67,41.32
144962,Active,201029,NA,NA,D,2,1,1712220.119,89.95,1998,30,29.4,77.79
144963,Active,145653,NA,NA,D,4,1,2403177.851,95.4,2007,40,4,23.99
144964,Active,907059,NA,NA,D,7,1,1002784.801,71.76,2006,23,52.6,61.71
144965,Active,107208,NA,NA,D,6,1,592762.1388,18.99,2000,27,5.81,58.51
144966,Active,3467481,NA,NA,D,2,1,1058201.95,109.2,1978,33,14.29,93.86
144967,Active,3819062,NA,NA,D,2,1,1681329.15,37.95,1999,29,12.49,57.4
144968,Active,188001,NA,NA,D,5,1,402722.135,86.95,2002,69,4,15.76
144969,Active,638429,NA,NA,D,2,1,863056.7388,70,2003,24,10,53.47
144970,Active,120758,NA,NA,D,4,1,352067.7725,170.6,2008,46,4,68.8
144971,Active,137467,NA,NA,D,9,1,2742593.754,77.5,2002,44,4.72,55.77
144972,Active,431034,NA,NA,D,10,1,1359818.62,97.5,2005,26,4.97,63.53
144973,Active,431091,NA,NA,S,11,1,720684.7913,110,2008,15,7.47,40.04
144974,Active,608399,NA,NA,D,3,1,1855443.888,84.5,2006,24,4.59,23.94
144975,Active,2614073,NA,NA,D,0,0,1855775.091,110,2002,64,8.46,45
144976,Active,287208,NA,NA,D,4,1,835374.165,115,2007,38,13.53,78.69
144977,Active,225453,NA,NA,D,0,0,619193.7725,39.95,2000,37,9.44,43.19
144978,Active,2320221,NA,NA,D,3,1,1284697.564,70,1983,24,4,71.94
144979,Active,2311360,NA,NA,D,4,1,4073552.394,66.35,1988,26,3.96,52.13
144980,Active,184793,NA,NA,S,2,1,585154.2463,55,2001,34,4,33.49
144981,Active,112922,NA,NA,D,1,0,691834.6475,117,2002,29,9.14,51.14
144982,Active,300407,NA,NA,D,8,1,1337151.165,201,2011,33,6.68,18.97
144983,Active,660501,NA,NA,D,0,0,15627.82875,35,2004,60,18.33,22.44
144984,Active,142042,NA,NA,D,2,1,166489.3275,31.05,2011,103,4,7.99
144985,Active,878911,NA,NA,S,2,1,573375.6213,88.2,2011,45,8.54,58.26
144986,Active,551521,NA,NA,D,2,1,905110.9188,97.95,2009,27,6.61,83.37
144987,Active,2595552,NA,NA,D,1,0,1084549.275,164.99,1988,33,4.72,45.53
144988,Active,624408,NA,NA,D,2,1,438516.9463,38.99,2007,38,4.8,14.92
144989,Active,2396966,NA,NA,D,5,1,2431082.11,36.95,1994,25,4,37.01
144990,Active,144803,NA,NA,D,7,1,589291.6725,64,2004,38,4,41.74
144991,Active,607828,NA,NA,D,6,1,2775069.39,50.4,1999,26,4,8.99
144992,Active,738891,NA,NA,D,6,1,1936610.318,50.4,1999,23,4,8
144993,Active,608776,NA,NA,D,3,1,989741.525,181.95,2004,35,4,77.21
144994,Active,2602404,NA,NA,D,1,0,972557.875,105,1995,37,7.97,50.35
144995,Active,710201,NA,NA,S,1,0,641249.0663,47.7,2001,29,4,20.49
144996,Active,2777924,NA,NA,D,2,1,301937.755,135,1989,23,7.78,73.99
144997,Active,530143,NA,NA,D,2,1,100911.7888,56.95,2010,37,28.98,33.92
144998,Active,210833,NA,NA,D,2,1,1028526.801,60.95,2000,30,4.09,8.99
144999,Active,638740,NA,NA,D,2,1,1514362.404,129.95,1999,31,4,83.99
145000,Active,183662,NA,NA,D,1,0,473129.8675,327.95,2007,54,5.63,38.89
145001,Active,57565,NA,NA,S,4,1,33940.175,275,2010,64,37.98,121.05
145002,Active,541849,NA,NA,D,4,1,1281855.126,108,2011,26,4.38,12.91
145003,Active,57568,NA,NA,D,3,1,194598.4275,33.94,2006,56,17.64,32.77
145004,Active,53124,NA,NA,D,19,1,1019701.944,11.99,2008,37,5.4,15.28
145005,Active,53123,NA,NA,D,18,1,1324072.101,16.98,2007,81,4.23,26.99
145006,Active,538789,NA,NA,D,21,1,24580.78625,50,2012,180,7.57,62.99
145007,Active,110013,NA,NA,S,19,1,559367.3325,73.99,2009,43,5.99,68.71
145008,Active,906989,NA,NA,D,3,1,2635196.059,99,2001,16,19.54,54.4
145009,Active,280157,NA,NA,D,4,1,2231414.023,59.95,2003,15,18.83,39.63
145010,Active,495638,NA,NA,D,3,1,2710769.183,120,2008,15,21.96,53.47
145011,Active,488814,NA,NA,D,4,1,546573.1875,77,2007,32,13.83,0
145012,Active,533806,NA,NA,D,8,1,58605.96375,369.5,2012,364,4.94,20.98
145013,Active,904317,NA,NA,D,3,1,3574855.719,99.95,2003,22,5.84,63.43
145014,Active,226038,NA,NA,D,4,1,1224044.259,85.95,2007,31,20.57,35.12
145015,Active,1659952,NA,NA,D,3,1,318989.94,64.99,2007,28,66.64,201.49
145016,Active,54026,NA,NA,D,6,1,114985.2225,59.04,2010,99,8.48,17.99
145017,Active,54024,NA,NA,D,4,1,2191379.595,7.98,2006,57,3.99,7.98
145018,Active,246218,NA,NA,D,1,0,873853.1775,30.17,2007,57,5,11.53
145019,Active,530135,NA,NA,D,10,1,37954.08375,87.99,2012,101,20.57,39.96
145020,Active,294182,NA,NA,D,9,1,754965.8588,72.95,2008,120,4.04,18.99
145021,Active,147602,NA,NA,D,3,1,331166.4125,63.95,2010,42,9.97,43.96
145022,Active,288780,NA,NA,D,2,1,1382086.203,50.95,2004,44,4,7.65
145023,Active,618882,NA,NA,D,1,0,1027624.908,108.95,2008,44,4.23,0
145024,Active,651322,NA,NA,D,8,1,431535.8088,175.95,2013,35,16.6,73.99
145025,Active,639179,NA,NA,D,7,1,386735.0813,199.95,2010,43,31.44,68.65
145026,Active,143313,NA,NA,D,2,1,599183.3613,145,2010,47,10.21,85.99
145027,Active,919119,NA,NA,D,7,1,78797.8125,156.25,2013,71,37.67,93.32
145028,Active,50754,NA,NA,D,5,1,1296948.534,205.76,2007,20,6.39,190.81
145029,Active,545197,NA,NA,S,7,1,2303.27875,199.29,2013,88,31.31,99.81
145030,Active,291693,NA,NA,D,9,1,2505684.255,116.95,2008,17,4.28,42.59
145031,Active,178623,NA,NA,D,9,1,609698.2375,116.95,2008,53,12.68,63.95
145032,Active,527839,NA,NA,D,5,1,98118.14375,38.99,2012,78,8.9,48.99
145033,Active,101106,NA,NA,S,7,1,410290.5425,144.95,1995,53,4.09,26.89
145034,Active,146453,NA,NA,D,9,1,5477.58875,279,2011,374,15.74,54
145035,Active,50737,NA,NA,S,9,1,45417.45625,292.33,2011,52,21.06,73.98
145036,Active,742821,NA,NA,D,8,1,546040.8875,58.31,2010,31,5.29,48.39
145037,Active,61240,NA,NA,D,7,1,382707.615,19.99,2005,210,5.45,22.99
145038,Active,54165,NA,NA,D,2,1,288393.3275,122.95,2005,77,4.49,38.49
145039,Active,245181,NA,NA,D,2,1,1688209.138,93.95,2004,35,4.67,10.99
145040,Active,50760,NA,NA,S,3,1,101056.6325,222.31,2008,58,13.96,42.99
145041,Active,50762,NA,NA,D,0,0,765950.5238,21.2,2001,76,4,16.17
145042,Active,50761,NA,NA,D,2,1,384752.9588,23.99,2005,84,5.58,42.97
145043,Active,869897,NA,NA,D,2,1,1146326.066,109,2011,16,18.12,75.58
145044,Active,152402,NA,NA,D,2,1,213257.6163,109,2007,37,22.49,28.99
145045,Active,50747,NA,NA,S,5,1,586049.2538,134.95,1999,49,5.11,9.43
145046,Active,877014,NA,NA,D,6,1,297727.9563,148.71,2005,30,17,109.46
145047,Active,50700,NA,NA,D,5,1,27607.5625,125,2008,65,21.99,83.99
145048,Active,244077,NA,NA,S,9,1,50481.9275,157.95,2012,86,21.64,56.9
145049,Active,55234,NA,NA,D,3,1,272640.925,152.95,2008,49,11.34,66.33
145050,Active,132557,NA,NA,D,4,1,146043.7175,130.6,2008,41,12.51,49
145051,Active,530125,NA,NA,D,4,1,355046.0688,69.95,2010,48,43.93,63.98
145052,Active,603814,NA,NA,D,0,0,540687.3375,89.95,2004,26,31.62,57.99
145053,Active,868473,NA,NA,D,2,1,4528686.369,93.95,2001,27,4,50.54
145054,Active,111919,NA,NA,S,10,1,1699.00625,332.5,2012,287,11.85,58.99
145055,Active,109815,NA,NA,D,8,1,681579.2113,23.94,2007,98,4,7.49
145056,Active,50717,NA,NA,D,6,1,190911.7413,35.97,2008,73,6.98,48.98
145057,Active,50724,NA,NA,D,8,1,592933.35,60.48,2007,105,4,42.98
145058,Active,60591,NA,NA,S,6,1,1635205.159,116,2005,17,7.05,32.99
145059,Active,270053,NA,NA,D,7,1,641478.96,180,2008,31,5.88,53.99
145060,Active,289608,NA,NA,D,6,1,1865830.389,59.95,1996,34,4.17,38.98
145061,Active,577379,NA,NA,D,3,1,571634.14,225,2006,24,8.47,23.49
145062,Active,56059,NA,NA,S,5,1,769999.2975,141.33,2008,30,10.69,32.99
145063,Active,145411,NA,NA,D,7,1,645191.4638,133.33,2007,36,4.87,50.81
145064,Active,56053,NA,NA,S,7,1,387757.0025,162,2010,44,24.99,79.29
145065,Active,874219,NA,NA,S,2,1,868360.9713,399.45,2007,30,7.95,58.99
145066,Active,539319,NA,NA,S,7,1,41610.525,142,2013,76,26.3,73.81
145067,Active,2680247,NA,NA,D,3,1,962590.5988,66.95,1971,24,4,53.37
145068,Active,110178,NA,NA,S,5,1,14187.5975,318.5,2012,70,48.18,112.92
145069,Active,109733,NA,NA,D,3,1,314133.915,57.01,2005,27,6.62,25.98
145070,Active,111049,NA,NA,S,4,1,103698.9775,93.19,2008,55,20.44,59.23
145071,Active,859679,NA,NA,D,4,1,597277.8738,227,2008,31,13.97,87.39
145072,Active,60412,NA,NA,D,3,1,703887.5363,68.43,2006,38,6.5,62.7
145073,Active,167314,NA,NA,D,6,1,908126.2113,62.67,2007,18,12.57,81.73
145074,Active,642967,NA,NA,D,7,1,336289.95,77.39,2010,24,23.33,149.31
145075,Active,285840,NA,NA,D,3,1,202235.4325,62.8,2002,53,13.49,73.15
145076,Active,2384874,NA,NA,D,4,1,1154348.191,105,1996,21,9.26,43.49
145077,Active,279027,NA,NA,D,12,1,700855.625,32.79,2010,30,4.13,33.91
145078,Active,61257,NA,NA,S,14,1,1268140.993,146,2006,43,4.12,28.74
145079,Active,271104,NA,NA,D,16,1,213572.7063,195,2011,105,6.16,61.15
145080,Active,537642,NA,NA,S,4,1,614527.305,277.25,2012,42,6.96,83.99
145081,Active,550557,NA,NA,D,3,1,787462.7438,33.97,2011,83,5.3,78.79
145082,Active,53223,NA,NA,D,7,1,5354.15625,250.95,2011,189,15.63,45.66
145083,Active,633689,NA,NA,S,8,1,4405.09625,260.95,2014,109,46.08,145.99
145084,Active,906570,NA,NA,D,2,1,477468.9788,389.54,2011,17,27.93,68.99
145085,Active,530113,NA,NA,D,2,1,409891.17,109.95,2008,31,8.7,111.65
145086,Active,227547,NA,NA,D,0,0,773737.2688,79,2005,42,5.94,28.99
145087,Active,296378,NA,NA,S,3,1,353771.6763,58,1997,58,4.69,18.99
145088,Active,909383,NA,NA,D,0,0,943577.47,290.18,1983,26,9.01,75.28
145089,Active,566758,NA,NA,S,5,1,77597.2375,341.97,2005,46,25.29,98.34
145090,Active,290490,NA,NA,D,4,1,114706.07,53.99,2001,33,23.98,53.99
145091,Active,162516,NA,NA,D,6,1,51173.115,146.71,2009,65,24.18,43.98
145092,Active,61151,NA,NA,D,6,1,1147601.748,26.13,2007,57,4,18.99
145093,Active,716636,NA,NA,D,7,1,753535.195,80.82,2010,15,19.16,53.99
145094,Active,539396,NA,NA,S,8,1,25453.68,272,2013,59,43.83,103.97
145095,Active,540617,NA,NA,S,7,1,5588.025,271.2,2012,110,23.36,62.99
145096,Active,50703,NA,NA,S,4,1,541790.7275,127.8,2002,96,4,18.57
145097,Active,223027,NA,NA,S,2,1,195698.0913,207.95,1997,35,23.98,126.83
145098,Active,904189,NA,NA,D,2,1,840680.9,67.95,2007,22,6.34,29.59
145099,Active,177227,NA,NA,S,2,1,1576442.566,245.95,2004,26,6.97,28.98
145100,Active,169638,NA,NA,D,3,1,332577.2613,391.95,2007,24,11.56,77.36
145101,Active,206177,NA,NA,D,3,1,352330.66,95,2008,46,4,13.6
145102,Active,113080,NA,NA,D,5,1,164646.0225,60,2006,54,10.03,39.95
145103,Active,165737,NA,NA,S,6,1,66447.1,256.34,2006,87,53.65,103.99
145104,Active,165274,NA,NA,D,5,1,133802.1363,208.94,2001,58,13.57,71.63
145105,Active,110987,NA,NA,D,1,0,355538.3188,68.75,2008,68,15.94,114.59
145106,Active,538878,NA,NA,S,5,1,2782.4525,257,2013,109,22.06,40.77
145107,Active,50362,NA,NA,D,10,1,187333.045,60.76,2009,76,7.7,50.76
145108,Active,119126,NA,NA,D,2,1,238063.2863,216.2,2011,50,8.67,74.65
145109,Active,50364,NA,NA,D,9,1,841253.6,26.26,2006,83,4,18.18
145110,Active,50769,NA,NA,D,2,1,1060498.29,18.73,2005,71,4,14.99
145111,Active,552861,NA,NA,D,1,0,96140.315,189.6,2009,60,37.53,48.65
145112,Active,56049,NA,NA,D,5,1,1114022.811,231.95,2008,60,4,8.98
145113,Active,200623,NA,NA,D,1,0,104338.765,107.95,2010,79,4.37,27.98
145114,Active,612433,NA,NA,D,2,1,24640.85,99.95,2013,41,41.08,60.22
145115,Active,650003,NA,NA,D,11,1,1180774.829,154.73,2010,22,34.74,28.64
145116,Active,50775,NA,NA,S,11,1,62314.39125,260,2010,55,22.57,106.73
145117,Active,539450,NA,NA,S,12,1,15166.30375,285.6,2013,51,59.61,102.99
145118,Active,308866,NA,NA,D,8,1,2625903.924,178.13,2004,16,6.44,18.98
145119,Active,111556,NA,NA,D,6,1,81268.82375,169.32,2011,69,18.84,118.51
145120,Active,54302,NA,NA,D,4,1,1281362.818,13.99,2006,52,4,12.23
145121,Active,530102,NA,NA,S,6,1,67708.74,269.1,2011,54,22.99,69.91
145122,Active,108895,NA,NA,D,3,1,1927063.638,14.17,2004,31,4,13.96
145123,Active,184056,NA,NA,D,3,1,541952.99,164.95,2006,32,7.87,20.45
145124,Active,608809,NA,NA,D,2,1,1519824.834,171.95,2002,62,4.79,9.98
145125,Active,60414,NA,NA,D,3,1,1249155.986,222.95,2003,37,4.16,40.95
145126,Active,290377,NA,NA,D,1,0,672377.9913,145.95,2001,28,11.8,58.23
145127,Active,193409,NA,NA,D,5,1,1444502.274,112.95,2005,50,4,23.99
145128,Active,56042,NA,NA,D,5,1,568117.3663,325.95,2003,44,11.92,23.39
145129,Active,183134,NA,NA,D,4,1,1130185.839,241.95,2005,62,4,7.33
145130,Active,199598,NA,NA,D,1,0,741725.1813,172,2004,38,33.93,68.97
145131,Active,162082,NA,NA,S,3,1,98750.1975,69.63,2007,61,22.84,101.99
145132,Active,60415,NA,NA,D,2,1,574019.1525,120.21,2004,53,14.57,68.49
145133,Active,313045,NA,NA,D,4,1,2413220.94,59.4,2004,26,4.03,37.11
145134,Active,165171,NA,NA,D,2,1,2104556.248,70,2001,25,4,8.69
145135,Active,165874,NA,NA,D,1,0,247541.2525,38.09,2008,60,43.98,76.97
145136,Active,167048,NA,NA,S,3,1,600105.6438,111.01,2006,40,9.25,55.77
145137,Active,165225,NA,NA,S,4,1,738767.3375,33.48,2000,35,8.84,75.57
145138,Active,121632,NA,NA,D,5,1,1978592.959,109.67,2008,12,33.68,25.49
145139,Active,505625,NA,NA,D,6,1,7597324.57,247.95,2008,19,20.21,73.43
145140,Active,50701,NA,NA,D,5,1,2821855.321,89.95,2006,57,4,12.22
145141,Active,264311,NA,NA,D,1,0,350351.675,49.99,2006,38,10.24,0
145142,Active,877235,NA,NA,D,6,1,4653579.898,94.02,2006,18,5.13,91.97
145143,Active,50076,NA,NA,D,9,1,91385.1475,152.25,2010,69,18.61,194.54
145144,Active,164921,NA,NA,S,6,1,311299.1463,112.97,2000,76,4.92,57.55
145145,Active,163032,NA,NA,D,9,1,592812.4338,53.97,2010,31,35.94,36.59
145146,Active,54266,NA,NA,D,7,1,200829.1263,67,2004,54,10.59,71.21
145147,Active,54265,NA,NA,D,9,1,95739.93875,178.49,2010,78,38.49,154.53
145148,Active,54066,NA,NA,S,8,1,1163140.371,8.99,2006,73,4,12.99
145149,Active,165816,NA,NA,D,7,1,624055.1625,85.59,2004,28,4,16.75
145150,Active,530075,NA,NA,D,9,1,389469.1475,43.11,2010,41,6.33,26.93
145151,Active,165537,NA,NA,D,7,1,366491.2675,31.97,2005,43,4.98,31.97
145152,Active,143287,NA,NA,D,7,1,1228295.618,138,2008,24,7.97,8.14
145153,Active,737596,NA,NA,D,6,1,2816922.968,105,2007,16,14.98,66.07
145154,Active,907093,NA,NA,D,2,1,1464662.748,130,1998,18,5.02,46.87
145155,Active,207736,NA,NA,S,8,1,286065.715,55.19,2001,69,4,4.36
145156,Active,251816,NA,NA,D,10,1,337434.2775,56.85,2008,24,16.23,48.99
145157,Active,891077,NA,NA,S,0,0,5702644.949,151.42,1986,15,4,151.4
145158,Active,152307,NA,NA,D,3,1,2237954.078,124,2006,13,43.01,26.82
145159,Active,192480,NA,NA,D,3,1,1091645.978,93.95,2004,18,7.24,90.97
145160,Active,845653,NA,NA,D,0,0,312366.0488,80,1991,36,4,32.3
145161,Active,908605,NA,NA,D,2,1,737275.78,135,1993,17,25.27,73.57
145162,Active,774836,NA,NA,D,4,1,1481010.759,59.95,1999,16,4.72,45.57
145163,Active,203458,NA,NA,D,2,1,1032918.201,10.49,2002,35,4,10.49
145164,Active,146595,NA,NA,D,3,1,1018555.194,147.33,2010,27,9.95,3544.34
145165,Active,515232,NA,NA,D,2,1,1594429.855,132,2006,51,4,63.12
145166,Active,563117,NA,NA,D,0,0,2269447.216,109,2008,22,56.55,59.53
145167,Active,197862,NA,NA,D,2,1,988173.47,89.1,2010,40,4.18,73.41
145168,Active,901037,NA,NA,D,3,1,1073861.771,78.8,1990,17,4.36,675
145169,Active,108901,NA,NA,S,2,1,880634.6013,77.97,2004,31,8.95,69.47
145170,Active,192411,NA,NA,D,2,1,417548.7338,65.95,2004,47,4,37.2
145171,Active,530058,NA,NA,D,1,0,219134.6875,82.74,2002,22,22.85,77.51
145172,Active,530057,NA,NA,D,14,1,824536.1038,127.5,2008,27,12.72,105.79
145173,Active,113109,NA,NA,D,3,1,989431.6713,101,2007,25,4.78,59.81
145174,Active,766027,NA,NA,D,3,1,1003423.983,88.95,1997,16,5.14,60.51
145175,Active,643008,NA,NA,D,1,0,357120.8025,75,2007,26,9.1,61.07
145176,Active,2489509,NA,NA,D,2,1,1975070.484,79.99,1990,27,4.77,56.71
145177,Active,616173,NA,NA,D,1,0,1028984.905,113.95,2012,56,4,17.49
145178,Active,262739,NA,NA,D,1,0,1152278.939,49.95,2007,30,5.93,33.99
145179,Active,607324,NA,NA,D,3,1,482869.21,201.67,2006,41,4,18.16
145180,Active,114168,NA,NA,D,2,1,1444650.979,160,2001,50,2.94,13.49
145181,Active,566470,NA,NA,D,2,1,2608066.863,119,1998,20,18.53,47.93
145182,Active,2302980,NA,NA,D,0,0,223716.1225,111.75,1996,114,4,6.85
145183,Active,245177,NA,NA,D,1,0,544772.2025,103.95,2008,27,15.7,58.84
145184,Active,620301,NA,NA,D,2,1,1007350.494,97.95,2008,42,4,30.97
145185,Active,284334,NA,NA,D,0,0,730950.6313,105,2010,32,11.99,84.86
145186,Active,184331,NA,NA,D,3,1,1261300.859,77.95,2001,24,7.37,22.52
145187,Active,911611,NA,NA,D,0,0,239058.665,34,1992,31,7.98,41.95
145188,Active,569050,NA,NA,D,1,0,471685.6175,39.99,2007,42,8.99,27.98
145189,Active,154297,NA,NA,S,1,0,1208370.641,91.75,1999,42,4,14.98
145190,Active,3826456,NA,NA,D,3,1,1745803.15,26.99,2000,30,4,73.29
145191,Active,106140,NA,NA,D,22,1,449072.915,59.95,2005,67,4,43.99
145192,Active,1447210,NA,NA,D,1,0,437339.3138,161.8,2011,40,43.04,67.09
145193,Active,169774,NA,NA,D,2,1,704034.7838,260.95,2008,28,33.98,167.59
145194,Active,298610,NA,NA,D,2,1,777131.5975,210.95,2010,41,25.49,114.1
145195,Active,123907,NA,NA,D,12,1,75935.5,324.95,2004,98,16.39,73.99
145196,Active,450432,NA,NA,S,13,1,77802.595,319.95,2008,64,28.68,78.59
145197,Active,297884,NA,NA,S,14,1,6282.95625,181.95,2012,113,24.29,48.65
145198,Active,533564,NA,NA,D,14,1,52441.085,190.95,2012,69,22.82,64.21
145199,Active,169746,NA,NA,D,13,1,1008448.996,220.95,2008,25,6.56,56.11
145200,Active,533397,NA,NA,D,14,1,16871.125,181.95,2012,84,13.65,103.63
145201,Active,55747,NA,NA,D,12,1,90701.27875,267.95,2004,171,4,37.61
145202,Active,533396,NA,NA,S,14,1,216406.5525,190.95,2012,65,14.24,77.03
145203,Active,371471,NA,NA,D,14,1,1388350.364,217.95,2012,13,128.94,215.5
145204,Active,224698,NA,NA,D,14,1,784413.88,83.95,2012,48,4.74,38.99
145205,Active,868325,NA,NA,D,1,0,646771.7663,111.95,2009,64,4,21.98
145206,Active,897016,NA,NA,D,13,1,1502281.506,226.99,2011,41,8.99,12.45
145207,Active,544548,NA,NA,S,14,1,7084.50375,168.95,2013,82,35.46,112.98
145208,Active,169888,NA,NA,D,13,1,91490.00375,248.95,2009,57,9.76,56.69
145209,Active,169890,NA,NA,D,13,1,113876.265,248.95,2009,61,5.22,77.21
145210,Active,230621,NA,NA,D,1,0,1260488.605,45,1998,37,3,23.98
145211,Active,802087,NA,NA,D,3,1,6052266.546,96.95,2010,14,5.26,58.32
145212,Active,868175,NA,NA,D,2,1,1975301.12,65,1995,27,6.07,36.08
145213,Active,320303,NA,NA,D,3,1,31465.96625,45,2009,51,22.69,29.31
145214,Active,126540,NA,NA,D,2,1,198156.2125,39.95,2003,37,6.63,19.94
145215,Active,3046356,NA,NA,D,3,1,3033821.615,34,2000,24,5.43,10.03
145216,Active,913958,NA,NA,D,3,1,1235023.615,120,2003,26,10.72,76.58
145217,Active,743743,NA,NA,D,2,1,1702015.395,57.95,2007,30,8.57,9.98
145218,Active,700576,NA,NA,D,1,0,828929.4738,48,2005,53,4,10.98
145219,Active,614739,NA,NA,D,2,1,212648.4213,154.95,2013,76,4,9.8
145220,Active,894019,NA,NA,D,4,1,3524555.71,76.95,2012,13,55.37,65.14
145221,Active,196355,NA,NA,D,3,1,1672580.093,75.95,2002,29,25.89,54.79
145222,Active,2568425,NA,NA,D,1,0,724157.5738,46.95,1979,24,4,100.15
145223,Active,175109,NA,NA,D,2,1,296664.57,34.99,2009,49,4,10.98
145224,Active,1560015,NA,NA,D,1,0,332398.9338,39.95,2010,28,15.87,59.19
145225,Active,113812,NA,NA,D,3,1,1844650.32,49,2000,49,4,8.95
145226,Active,278565,NA,NA,D,3,1,2474041.14,43.95,2005,32,4,36.75
145227,Active,287106,NA,NA,D,3,1,681808.2125,47.95,2005,34,4,40.78
145228,Active,287126,NA,NA,D,4,1,320011.3363,52.95,2009,40,4,12.85
145229,Active,193676,NA,NA,D,0,0,693179.0638,116.95,2010,31,4,7.7
145230,Active,613001,NA,NA,S,2,1,674111.32,79.95,2002,137,4,18.98
145231,Active,607114,NA,NA,D,4,1,1211026.773,91.8,2004,45,4,8.98
145232,Active,533647,NA,NA,S,10,1,42413.575,171.95,2012,62,22.72,28.99
145233,Active,539927,NA,NA,D,5,1,44841.92875,76.95,2013,68,12.68,33.99
145234,Active,530019,NA,NA,D,2,1,122972.4813,74.95,2011,105,4,12.49
145235,Active,494849,NA,NA,D,6,1,367695.0413,115,2010,30,17.42,66.52
145236,Active,246301,NA,NA,D,5,1,1097874.454,81.99,2006,29,6.77,33.98
145237,Active,642464,NA,NA,D,2,1,5459574.628,275,2002,17,17.27,67.44
145238,Active,598960,NA,NA,D,1,0,720713.6025,69.95,2005,35,18.98,100.21
145239,Active,636333,NA,NA,D,5,1,1875593.259,95.95,2009,20,6.05,80.06
145240,Active,909735,NA,NA,D,4,1,5314727.878,93.95,2004,20,4.54,89.25
145241,Active,52396,NA,NA,D,8,1,1186942.431,294.95,2007,57,4.54,27.48
145242,Active,56037,NA,NA,D,10,1,15305.11,265.6,2010,146,11.43,43.99
145243,Active,52394,NA,NA,D,8,1,440884.7175,28.63,2006,144,4,28.81
145244,Active,56039,NA,NA,S,10,1,63210.9925,312.67,2010,31,36.83,43.96
145245,Active,178733,NA,NA,S,9,1,797990.3975,28.97,2010,52,7.97,26.97
145246,Active,859406,NA,NA,D,9,1,1476034.244,76.4,2006,71,4,0
145247,Active,1658856,NA,NA,D,4,1,2087211.96,52,2011,11,8.99,76.65
145248,Active,286257,NA,NA,D,9,1,498279.84,218.67,2006,47,12.98,22.94
145249,Active,537880,NA,NA,D,4,1,799820.895,170.5,2005,59,4.44,15.63
145250,Active,56036,NA,NA,D,9,1,526080.3538,218.67,2006,142,4,15.19
145251,Active,169622,NA,NA,D,8,1,1075919.124,295.95,2006,29,4,14.9
145252,Active,53285,NA,NA,D,7,1,116582.2175,96.37,2010,105,6.28,43.98
145253,Active,919625,NA,NA,S,7,1,727930.3775,257.75,2010,50,7.28,45.54
145254,Active,53284,NA,NA,D,5,1,446440.9188,27.47,2006,54,5.58,14.98
145255,Active,53283,NA,NA,D,6,1,603543.1363,175.94,2007,50,4.42,33.99
145256,Active,110977,NA,NA,D,6,1,220551.2663,74.51,2007,90,5.98,51.18
145257,Active,540618,NA,NA,D,4,1,4982.335,249.2,2012,372,8.47,52.97
145258,Active,54997,NA,NA,D,1,0,2420234.273,11.69,2005,54,4,11.69
145259,Active,183579,NA,NA,D,4,1,2329772.541,33.94,2007,38,5.22,33.94
145260,Active,244398,NA,NA,D,6,1,27558.73375,335.95,2012,106,16.62,78.82
145261,Active,742652,NA,NA,D,1,0,1655407.034,193.27,2010,21,14.05,158.15
145262,Active,60425,NA,NA,D,2,1,1219362.974,172.47,2006,45,4.94,53.99
145263,Active,3514197,NA,NA,D,3,1,4287657,92.75,1998,17,3.99,43.18
145264,Active,3608057,NA,NA,D,2,1,9763064.2,53,1993,12,4.87,38.85
145265,Active,618590,NA,NA,S,2,1,1139548.161,74.99,2008,29,4.48,12.73
145266,Active,765001,NA,NA,D,2,1,519659.4113,71.95,2002,24,4,8.13
145267,Active,60426,NA,NA,D,3,1,598217.7275,119.95,2005,59,4,29.24
145268,Active,130464,NA,NA,S,7,1,17175.525,171.6,2012,71,25.21,94.98
145269,Active,2051927,NA,NA,D,2,1,2481040.899,87.95,2007,16,30.32,48.98
145270,Active,579156,NA,NA,D,0,0,325925.245,40,1986,69,6.46,17.5
145271,Active,2272646,NA,NA,S,1,0,634711.615,99.15,2012,48,10.57,40.69
145272,Active,60428,NA,NA,D,2,1,1182129.92,28.72,2004,75,4,28.27
145273,Active,2262219,NA,NA,D,3,1,3070635.846,93.87,2008,40,7.2,46.96
145274,Active,2256978,NA,NA,S,0,0,644988.2,107.67,2010,27,9.28,70.69
145275,Active,110596,NA,NA,D,4,1,26272.76625,71.93,2011,105,13.99,18.99
145276,Active,293875,NA,NA,D,7,1,939669.4813,145.95,2008,57,4.45,18.98
145277,Active,252656,NA,NA,D,1,0,428137.9788,47.99,2009,54,5.92,48.07
145278,Active,778158,NA,NA,D,2,1,8407310.226,112.95,2000,20,4.28,40.48
145279,Active,200305,NA,NA,D,3,1,641663.0725,158.95,2004,22,15.43,28.93
145280,Active,640409,NA,NA,D,2,1,1101886.046,109,2004,26,4,56.93
145281,Active,640019,NA,NA,S,2,1,6350.28875,45,2011,24,21.39,24.57
145282,Active,624311,NA,NA,S,2,1,5003.30375,85,2011,36,51.26,51.98
145283,Active,687521,NA,NA,S,0,0,224527.31,24.38,2012,17,23.08,21.94
145284,Active,909125,NA,NA,D,7,1,998166.6375,75,2013,17,39.04,72.69
145285,Active,667454,NA,NA,D,4,1,237922.6375,266.91,2010,21,16.51,63.98
145286,Active,530005,NA,NA,S,3,1,151516.3725,79.95,2012,36,22.31,44.99
145287,Active,1593874,NA,NA,D,2,1,2321972.223,110,2008,25,30.99,31.53
145288,Active,3601371,NA,NA,D,2,1,2567847.05,65,1994,17,10.99,67.11
145289,Active,2381540,NA,NA,D,2,1,581676.3025,89,1988,26,9.44,57.19
145290,Active,163339,NA,NA,D,2,1,2112362.696,163,2005,28,17.19,73.85
145291,Active,114797,NA,NA,D,2,1,2846996.191,75.2,2005,28,4,51.69
145292,Active,286810,NA,NA,D,3,1,2604282.128,119,2007,33,4.77,49.55
145293,Active,114812,NA,NA,D,2,1,2156872.99,93.53,2002,27,4,11.76
145294,Active,149657,NA,NA,D,5,1,704000.8425,58.95,2008,47,4.75,10.69
145295,Active,244349,NA,NA,D,15,1,30560.94625,28.69,2012,179,6.99,23.99
145296,Active,53076,NA,NA,D,12,1,710289.64,14.68,2005,111,4,14.67
145297,Active,51238,NA,NA,D,4,1,986141.8525,181.95,2004,29,4,40.84
145298,Active,152145,NA,NA,D,0,0,550936.7588,84.95,2004,21,46.13,53.99
145299,Active,3470879,NA,NA,D,3,1,7657925.1,108,2000,18,14.97,83.71
145300,Active,2502645,NA,NA,D,2,1,1644818.629,179,1996,28,32.16,126.69
145301,Active,2422357,NA,NA,D,0,0,712680.415,40,1982,26,4.77,108.25
145302,Active,624600,NA,NA,D,2,1,177947.5638,64.5,1986,39,22.59,155.48
145303,Active,551348,NA,NA,D,1,0,260715.1638,115.5,2005,45,9.29,33.99
145304,Active,112352,NA,NA,D,1,0,137079.11,154.75,2009,68,8.89,88.99
145305,Active,120113,NA,NA,D,3,1,1015416.6,99,1997,28,10.47,61.85
145306,Active,623543,NA,NA,D,2,1,272808.75,57.95,2008,49,5.02,35.99
145307,Active,608299,NA,NA,D,3,1,3810430.538,90.44,2002,13,30.95,76.99
145308,Active,609851,NA,NA,D,8,1,19477.54125,174.8,2011,135,13.47,47.03
145309,Active,2566686,NA,NA,D,1,0,1727248.279,92.32,1994,23,5.99,61.49
145310,Active,475919,NA,NA,D,2,1,2017936.471,143,2008,27,4.77,68.03
145311,Active,546524,NA,NA,D,18,1,1316652.236,61.95,2013,19,7.16,51.58
145312,Active,576574,NA,NA,D,1,0,996934.55,92.95,2003,76,4,6.99
145313,Active,920968,NA,NA,D,2,1,353128.6225,57,1986,56,4,28.98
145314,Active,2418951,NA,NA,D,3,1,3828348.695,99,2002,18,5.32,52.66
145315,Active,147214,NA,NA,D,3,1,1662447.855,63.95,2005,58,4,20.92
145316,Active,2252839,NA,NA,D,2,1,1877120.664,48.94,2009,42,5.75,20.13
145317,Active,56992,NA,NA,D,6,1,2129290.188,56.95,2004,75,4,4.58
145318,Active,56993,NA,NA,D,7,1,470893.3775,64.99,2009,178,4,11.33
145319,Active,561596,NA,NA,D,2,1,1159362.278,70.2,2013,19,4.64,602.99
145320,Active,561503,NA,NA,D,2,1,458881.33,70.2,2012,86,4,8.99
145321,Active,529985,NA,NA,D,6,1,306220.4363,166.13,2011,56,4.87,40.91
145322,Active,607006,NA,NA,D,5,1,1012632.884,13.49,2008,63,3.98,13.49
145323,Active,645183,NA,NA,D,2,1,623685.3925,104.2,2013,17,14.05,98.99
145324,Active,863746,NA,NA,S,2,1,597795.8175,57.67,2009,44,4,6.77
145325,Active,1778116,NA,NA,D,1,0,403526.58,39.95,2012,33,10.99,18.97
145326,Active,161637,NA,NA,D,1,0,423785.0075,45,2007,61,4,12.98
145327,Active,592244,NA,NA,D,2,1,1739855.543,173.95,2009,34,4,8.98
145328,Active,529978,NA,NA,D,4,1,488286.7838,69.95,2008,54,11.17,11.99
145329,Active,607134,NA,NA,D,3,1,3488203.733,77,2000,32,4,7.9
145330,Active,627422,NA,NA,D,0,0,166421.3775,69.99,2010,36,19.64,0
145331,Active,627463,NA,NA,D,6,1,723343.6663,42,2009,22,23.49,0
145332,Active,617979,NA,NA,D,30,1,856328.1825,39,2008,55,8.19,38.99
145333,Active,616196,NA,NA,D,17,1,60021.3825,42,2007,67,15.93,31.99
145334,Active,737662,NA,NA,D,4,1,1308193.166,39,2007,34,4,12.97
145335,Active,143150,NA,NA,D,17,1,327496.0988,39,2006,96,4.13,47.4
145336,Active,624378,NA,NA,D,14,1,1200798.403,40,2008,30,4.53,40
145337,Active,177547,NA,NA,D,3,1,1335018.051,96.95,2003,43,4,5.14
145338,Active,1867642,NA,NA,D,0,0,789119.0913,104.95,2009,16,66,66.95
145339,Active,586773,NA,NA,D,4,1,32997.3025,34.38,2012,60,17.82,31.46
145340,Active,586772,NA,NA,D,3,1,104130.32,40,2007,95,4,29.97
145341,Active,586771,NA,NA,D,2,1,1474297.766,42,2005,42,4,15.99
145342,Active,154035,NA,NA,S,3,1,92976.55875,66.03,2010,53,16.92,35.99
145343,Active,439828,NA,NA,D,2,1,561171.0463,112.2,2007,53,6.69,15.94
145344,Active,153920,NA,NA,D,1,0,372218.7125,42.67,2005,101,4,9.89
145345,Active,153966,NA,NA,D,2,1,298800.5063,38.12,2007,98,4,20.48
145346,Active,153921,NA,NA,D,1,0,381345.5363,42.67,2005,112,4,9.82
145347,Active,153967,NA,NA,D,2,1,203530.2338,17.99,2007,112,4,16.99
145348,Active,542609,NA,NA,D,2,1,1793999.013,33.95,2006,28,4,19.51
145349,Active,658349,NA,NA,D,2,1,693616.4588,43.95,2011,40,11.21,44.58
145350,Active,574771,NA,NA,D,2,1,1074207.644,33.95,2009,63,4,12.98
145351,Active,652672,NA,NA,D,2,1,235551.225,43.95,2011,27,13.99,25.77
145352,Active,617180,NA,NA,D,6,1,1100248.84,112.99,2005,35,4,9.97
145353,Active,613205,NA,NA,D,0,0,122573.8213,166.5,2004,109,13.03,33.24
145354,Active,285624,NA,NA,D,1,0,25030.13125,91.4,2007,109,37.33,60.49
145355,Active,112342,NA,NA,D,1,0,168372.6013,171.25,2008,47,26.74,67.99
145356,Active,551251,NA,NA,D,0,0,233368.8638,164,2000,85,4.46,36.95
145357,Active,706733,NA,NA,S,1,0,250731.8275,108,2004,58,6.94,48.99
145358,Active,100790,NA,NA,D,1,0,787064.725,100.75,2000,40,5.98,19.58
145359,Active,706853,NA,NA,D,1,0,184260.4588,119,2001,80,4.38,9.99
145360,Active,621036,NA,NA,D,0,0,280069.3538,148,2006,48,9.27,55.32
145361,Active,100804,NA,NA,S,0,0,186806.75,132.25,1998,117,4,14.66
145362,Active,285622,NA,NA,D,0,0,125050.275,168,2006,83,5.71,27.87
145363,Active,112293,NA,NA,D,1,0,518517.1175,114.24,2005,74,6.62,27.74
145364,Active,707316,NA,NA,D,1,0,248722.27,107.5,2003,59,5.8,63.83
145365,Active,547829,NA,NA,S,1,0,387999.25,129,2002,84,4.14,19.49
145366,Active,632228,NA,NA,D,0,0,763898.0163,159.75,2005,22,10.98,74.67
145367,Active,126123,NA,NA,D,2,1,1952391.824,65.45,2003,36,4,23.94
145368,Active,544280,NA,NA,S,3,1,26309.15875,350.95,2013,80,21.14,68.69
145369,Active,53534,NA,NA,D,5,1,804141.8475,13.99,2007,82,4,6.03
145370,Active,148597,NA,NA,S,1,0,584851.2188,79.95,2009,46,4.98,11.29
145371,Active,870780,NA,NA,D,2,1,969536.32,55.95,2005,26,4,7.49
145372,Active,621343,NA,NA,D,3,1,835042.4513,59.95,2010,66,4,15.94
145373,Active,563092,NA,NA,D,0,0,1658119.918,149,2007,28,53.71,64.41
145374,Active,385579,NA,NA,D,0,0,2007715.253,51,2008,15,4.85,51
145375,Active,217325,NA,NA,D,5,1,762816.1363,45,2010,57,4,13.92
145376,Active,557173,NA,NA,D,1,0,356907.895,104.4,2002,58,4,13.65
145377,Active,612382,NA,NA,D,2,1,713505.6938,43,2013,20,20.08,43
145378,Active,591665,NA,NA,D,3,1,1365503.848,51.95,2007,44,3.84,8.76
145379,Active,739495,NA,NA,S,1,0,837653.3575,59.4,2007,32,4,13.98
145380,Active,614397,NA,NA,D,4,1,25133.8125,113,2012,53,11.52,39.32
145381,Active,557586,NA,NA,D,3,1,896244.7625,85,2010,90,4,17.93
145382,Active,541779,NA,NA,D,4,1,242165.7413,53.95,2012,35,11.24,31.05
145383,Active,607755,NA,NA,D,2,1,756055.225,66.8,2008,29,4,95.52
145384,Active,248049,NA,NA,D,3,1,320083.0863,80,2009,48,4.13,47.23
145385,Active,591992,NA,NA,D,2,1,2398397.113,59.95,2005,24,4,20.49
145386,Active,864555,NA,NA,S,8,1,20483.575,279.4,2014,69,29.68,103.69
145387,Active,533910,NA,NA,D,6,1,140331.7763,223.2,2010,55,8.87,20.94
145388,Active,876745,NA,NA,D,6,1,1673042.02,51.27,2010,21,4.74,44.49
145389,Active,320939,NA,NA,D,2,1,3159240.151,85,2009,17,4.98,63.71
145390,Active,130542,NA,NA,D,6,1,100922.69,132.95,2011,84,5.45,54.11
145391,Active,557557,NA,NA,D,5,1,893767.3413,104.4,2009,37,4,63.99
145392,Active,246047,NA,NA,D,0,0,581520.6,45,2011,22,7.33,38.74
145393,Active,56031,NA,NA,D,3,1,1511369.339,87.8,2004,67,4,19.94
145394,Active,1645232,NA,NA,D,0,0,2110768.385,44.95,2006,28,4,18.99
145395,Active,2255214,NA,NA,D,6,1,5492065.505,65.9,2011,34,9.26,68.32
145396,Active,134833,NA,NA,D,2,1,2387369.57,78,2007,23,4,40.04
145397,Active,110656,NA,NA,D,13,1,396724.5025,89,2010,33,11.02,43.97
145398,Active,309068,NA,NA,D,12,1,1176557.286,61,2008,35,4,8.99
145399,Active,110657,NA,NA,D,13,1,1134800.584,1.71,2010,42,4,6.48
145400,Active,638355,NA,NA,D,2,1,2831949.64,50.95,2008,28,4,27.99
145401,Active,246525,NA,NA,D,1,0,342416.1275,29.64,2006,24,7.97,42.43
145402,Active,569102,NA,NA,D,4,1,402515.4388,79.99,2009,54,4.77,38.33
145403,Active,540699,NA,NA,D,4,1,7134.3,160,2013,173,6.6,47.8
145404,Active,2850992,NA,NA,S,2,1,492073.8725,44.95,2000,25,4.18,43.82
145405,Active,591640,NA,NA,D,1,0,565188.6563,76.95,2009,64,4,12.84
145406,Active,876506,NA,NA,D,3,1,1456959.449,84.95,2004,69,4,26.66
145407,Active,534345,NA,NA,S,1,0,12975.1825,19.95,1992,305,4,9.65
145408,Active,180839,NA,NA,D,2,1,2197440.678,75,2005,21,11.78,27.77
145409,Active,659425,NA,NA,D,1,0,1119436.258,62.95,2007,25,40.9,50.05
145410,Active,248231,NA,NA,D,3,1,449205.81,48,2011,40,8.91,28.99
145411,Active,247713,NA,NA,D,2,1,1239088.584,61,2006,47,4,10.15
145412,Active,618252,NA,NA,D,2,1,49302.1875,100,2011,96,6.99,21.76
145413,Active,613662,NA,NA,D,1,0,182331.73,94.5,2006,42,4.06,11.49
145414,Active,529935,NA,NA,D,3,1,125304.7463,72.25,2011,79,6.86,21.68
145415,Active,2390765,NA,NA,D,2,1,901707.355,78.67,1997,53,4,18.78
145416,Active,552617,NA,NA,D,3,1,2260439.68,45.33,2003,23,4,43.99
145417,Active,555428,NA,NA,D,1,0,665341.1763,44.95,2004,90,4.68,25.71
145418,Active,719999,NA,NA,D,1,0,597328.885,35,2003,31,19.53,56.58
145419,Active,591203,NA,NA,D,0,0,5433.5475,17,2008,229,6.98,9.37
145420,Active,879343,NA,NA,D,2,1,913845.3513,182.85,2009,42,5.48,53.99
145421,Active,862905,NA,NA,D,5,1,2156513.726,160,2000,22,1.25,47.57
145422,Active,60432,NA,NA,D,4,1,1072363.291,59.2,2008,58,4,4.28
145423,Active,529927,NA,NA,D,5,1,427943.6075,69.4,2011,112,4,16.68
145424,Active,533934,NA,NA,D,4,1,1943282.929,60.8,2009,37,4,11.98
145425,Active,55232,NA,NA,D,4,1,1411202.724,84.6,2009,76,4,6.89
145426,Active,55233,NA,NA,D,3,1,2374510.126,77.8,2006,70,4,5.98
145427,Active,3262490,NA,NA,D,21,1,780338.8638,64.84,2005,40,6.04,42.06
145428,Active,612854,NA,NA,D,21,1,47189.0425,35.6,2006,99,4.39,30.13
145429,Active,635347,NA,NA,D,2,1,1457577.84,119,2003,26,8.43,79.95
145430,Active,405475,NA,NA,D,1,0,226000.035,54.99,2009,30,18.49,0
145431,Active,134894,NA,NA,D,3,1,762138.1013,40,2010,36,4,42.2
145432,Active,613705,NA,NA,D,3,1,573569.5925,33,2006,76,4,21.99
145433,Active,895346,NA,NA,D,3,1,2608074.18,65,2006,17,4,33.99
145434,Active,1581360,NA,NA,D,1,0,1776819.438,69.99,2009,24,26.63,45.94
145435,Active,118931,NA,NA,D,22,1,1598478.561,115.6,2007,48,4,4.75
145436,Active,53427,NA,NA,D,9,1,646383.7913,139.2,2010,90,4.47,22.98
145437,Active,120715,NA,NA,D,23,1,635356.1688,175.8,2009,43,5.56,63.35
145438,Active,51625,NA,NA,S,23,1,145145.645,165.6,2009,45,13.59,30.21
145439,Active,143519,NA,NA,D,5,1,549395.7275,43,2011,40,39.98,43
145440,Active,142985,NA,NA,D,4,1,637879.4925,35,2004,35,4,59.43
145441,Active,145030,NA,NA,D,12,1,299781.4625,132.9,2005,62,10.94,53.51
145442,Active,132819,NA,NA,D,14,1,101210.2313,159.2,2009,60,23.99,134.68
145443,Active,529918,NA,NA,S,3,1,635825.5775,69.95,2011,88,4,10.92
145444,Active,862613,NA,NA,D,2,1,2960437.248,125,1995,22,4.96,9.95
145445,Active,638626,NA,NA,D,6,1,459914.6963,249.99,2006,25,16.53,93.98
145446,Active,615777,NA,NA,D,0,0,1249954.895,39.95,2003,40,4,7.45
145447,Active,634387,NA,NA,D,4,1,539079.0038,135.95,1991,44,5.4,13.99
145448,Active,3568441,NA,NA,D,48,1,2308153.85,54.95,2013,52,4,19.98
145449,Active,1679854,NA,NA,D,49,1,1483928.049,54.95,2014,34,3.99,21.97
145450,Active,898787,NA,NA,D,49,1,1082787.311,54.95,2014,44,4,22.35
145451,Active,612290,NA,NA,D,48,1,1701564.323,54.95,2013,30,4.01,18.38
145452,Active,617663,NA,NA,D,1,0,439159.2938,105.2,2007,41,12.73,70.48
145453,Active,649089,NA,NA,D,0,0,869808.3175,69.95,2008,22,15.43,16.24
145454,Active,859875,NA,NA,D,5,1,1563775.75,37.95,2009,24,4,0
145455,Active,616949,NA,NA,S,5,1,42735.6075,60.95,2009,56,21.97,32
145456,Active,859876,NA,NA,D,5,1,392389.0563,36.95,2009,24,8,0
145457,Active,859877,NA,NA,D,5,1,586563.2763,36.95,2009,25,13.89,0
145458,Active,869954,NA,NA,D,4,1,1279270.685,28.49,2006,19,11.05,18.99
145459,Active,251230,NA,NA,S,5,1,64166.8525,60.95,2010,49,15.85,28.99
145460,Active,802267,NA,NA,D,4,1,894564.5938,56.95,2005,16,6.48,48.39
145461,Active,291282,NA,NA,D,2,1,261201.24,38,2000,39,12.23,27.99
145462,Active,533731,NA,NA,S,13,1,38234.8775,89.99,2012,49,26.64,41.47
145463,Active,531822,NA,NA,D,12,1,3845849.285,72.94,2009,14,16.78,73.11
145464,Active,2260587,NA,NA,D,0,0,1376618.594,25.29,2008,48,9.45,22.35
145465,Active,3294392,NA,NA,D,13,1,696883.6813,101.93,2005,40,5.82,62.6
145466,Active,609210,NA,NA,D,14,1,286059.98,54.5,2008,97,6.21,15.99
145467,Active,609183,NA,NA,D,13,1,541284.98,49.95,2005,59,4.19,23.7
145468,Active,1471784,NA,NA,D,0,0,1739282.254,125,2009,17,11.89,33.94
145469,Active,625512,NA,NA,D,1,0,1098145.213,158.8,1998,29,6.87,73.47
145470,Active,2125296,NA,NA,D,3,1,592497.0463,69.95,2008,32,42.49,56.39
145471,Active,259368,NA,NA,D,4,1,491363.41,66.64,2003,42,4.1,10.93
145472,Active,554674,NA,NA,D,4,1,1470414.028,80.95,2002,25,4.88,13.46
145473,Active,529899,NA,NA,D,5,1,77742.67875,236.6,2010,55,19.96,63.99
145474,Active,868656,NA,NA,D,4,1,2721673.944,106.95,2004,15,14.46,22.99
145475,Active,613515,NA,NA,D,2,1,96331.27,39.99,2005,106,4.93,16.36
145476,Active,871046,NA,NA,D,1,0,536801.9875,37.99,2001,66,4.34,23.94
145477,Active,2680778,NA,NA,D,35,1,2133897.631,117.9,1975,30,5.34,105
145478,Active,1724323,NA,NA,D,0,0,1450341.755,55,2008,20,17.68,33.37
145479,Active,54861,NA,NA,D,9,1,309947.2513,63.95,1998,49,4,41.9
145480,Active,2611547,NA,NA,D,0,0,1579700.35,109.99,2000,23,24.29,86.04
145481,Active,863184,NA,NA,D,2,1,373814.51,47.95,2004,47,4.04,17.24
145482,Active,622690,NA,NA,D,3,1,123533.9225,48.95,2010,66,4.99,31.97
145483,Active,536090,NA,NA,D,2,1,178590.7663,49.95,2006,9,30.27,28.99
145484,Active,194845,NA,NA,D,3,1,1699305.648,39.95,2003,22,4.58,68.22
145485,Active,280021,NA,NA,D,4,1,148092.425,51.99,2000,20,18.88,36.98
145486,Active,280020,NA,NA,D,4,1,231680.2225,43.99,2001,46,18.87,73.48
145487,Active,761522,NA,NA,D,2,1,3033363.963,95,2006,31,4,9
145488,Active,601641,NA,NA,D,2,1,294430.1925,59.99,2010,61,24.94,27.04
145489,Active,564437,NA,NA,D,2,1,2124226.776,53.95,2001,17,4,19.94
145490,Active,2598015,NA,NA,D,0,0,2890978.893,154.99,1995,21,38.98,124.51
145491,Active,166699,NA,NA,D,4,1,842835.0313,137,2006,48,27.89,92.99
145492,Active,520841,NA,NA,D,4,1,601642.3088,199,2006,24,4.98,59.26
145493,Active,106139,NA,NA,D,8,1,377420.805,68.95,2007,49,5.52,23.98
145494,Active,54363,NA,NA,D,10,1,713365.7388,21.99,2005,60,4,21.99
145495,Active,529877,NA,NA,S,10,1,2157540.716,135.25,2007,27,4,14.99
145496,Active,100768,NA,NA,D,9,1,614028.0888,86.95,2001,75,4,20.94
145497,Active,433343,NA,NA,D,3,1,1880976.68,111,2006,17,12.79,76.75
145498,Active,260660,NA,NA,D,11,1,1065720.56,70,2003,22,43.49,121.83
145499,Active,628240,NA,NA,D,3,1,1312253.403,179.99,2005,17,44.25,113.97
145500,Active,913934,NA,NA,D,3,1,804402.03,49.95,2006,30,6.94,61.83
145501,Active,110445,NA,NA,S,11,1,95566.34125,214,2010,43,32.44,71.56
145502,Active,2131457,NA,NA,D,0,0,1052245.015,60,2011,25,20.28,37.12
145503,Active,749567,NA,NA,D,5,1,821552.53,115.95,2007,43,60.89,84.29
145504,Active,624612,NA,NA,D,1,0,183507.6213,206.2,1979,52,26.27,153.32
145505,Active,2393343,NA,NA,D,1,0,2125078.875,127,1999,21,19.34,190.35
145506,Active,60437,NA,NA,D,5,1,1274272.565,106.95,2005,53,4,11.98
145507,Active,3130497,NA,NA,D,3,1,2210807.645,52,2005,24,4,96.37
145508,Active,166530,NA,NA,D,2,1,223380.5575,60,2005,25,18.52,50.99
145509,Active,261333,NA,NA,D,1,0,48444.80875,43,2001,25,21.97,0
145510,Active,268349,NA,NA,D,2,1,382065.8288,82,2004,40,4,11.13
145511,Active,268463,NA,NA,D,2,1,198117.71,37,2007,40,8.53,18.96
145512,Active,2258525,NA,NA,D,8,1,1233706.553,148.16,2007,50,52.64,118.76
145513,Active,619763,NA,NA,S,6,1,34084.15875,151,2011,94,28.49,54.99
145514,Active,56020,NA,NA,S,6,1,758849.22,87.95,2001,108,4,11.43
145515,Active,609265,NA,NA,D,4,1,301216.3638,63,2007,34,8.56,78.71
145516,Active,863627,NA,NA,D,5,1,1459308.026,140.95,2008,34,4,8.67
145517,Active,577059,NA,NA,D,4,1,2979884.044,116.95,2003,30,4,6.69
145518,Active,156713,NA,NA,D,4,1,385599.12,83.95,1999,35,4,43.69
145519,Active,760924,NA,NA,D,2,1,2091030.719,150,2001,14,28.54,55.17
145520,Active,56012,NA,NA,D,8,1,1051349.163,114.93,2010,25,23.36,125.55
145521,Active,3615670,NA,NA,D,2,1,2144263.75,39,1993,25,6.94,125.69
145522,Active,3619902,NA,NA,D,4,1,3458539,253.68,1900,20,58.1,97.65
145523,Active,862788,NA,NA,S,2,1,1230325.073,22.5,1999,41,4,5.03
145524,Active,864545,NA,NA,S,10,1,380540.2213,121.4,2014,41,14.03,60.53
145525,Active,56756,NA,NA,D,2,1,2335582.275,155.95,2005,36,4,7.98
145526,Active,1730477,NA,NA,D,6,1,1511307.064,445,2007,11,7.64,43.99
145527,Active,386452,NA,NA,D,2,1,720417.7038,38.95,2008,141,4,13.47
145528,Active,874714,NA,NA,D,4,1,442047.2938,65.9,2011,29,24.09,81.2
145529,Active,287890,NA,NA,D,5,1,422305.6788,49,2003,37,8.61,46.95
145530,Active,607800,NA,NA,D,4,1,671327.2313,32.95,1998,31,4.76,41.34
145531,Active,372132,NA,NA,D,5,1,2023436.019,134.95,2006,26,4,53.42
145532,Active,258419,NA,NA,D,4,1,209574.9125,97.5,2006,41,8.78,8.74
145533,Active,668564,NA,NA,D,4,1,2551458.251,94.95,2006,15,19.74,61.63
145534,Active,2070473,NA,NA,D,11,1,1901536.044,69.28,2009,27,4.57,43.99
145535,Active,613958,NA,NA,D,2,1,293059.8963,80,2007,96,5.17,9.9
145536,Active,628501,NA,NA,D,2,1,944187.695,41.95,2006,27,7.97,22.38
145537,Active,56450,NA,NA,S,9,1,391243.3188,70.2,2011,42,5.84,45.18
145538,Active,183757,NA,NA,D,8,1,587087.045,39.95,2009,57,4,6.96
145539,Active,182898,NA,NA,D,6,1,1321294.573,35.95,2003,88,3.55,5.74
145540,Active,355076,NA,NA,D,4,1,2873173.61,225.95,2004,39,4,11.99
145541,Active,529851,NA,NA,D,3,1,564632.5888,35.8,2010,38,4,6.99
145542,Active,3546880,NA,NA,S,2,1,3243371.5,140.95,2004,34,4,23.98
145543,Active,2670164,NA,NA,D,6,1,812575.2188,52.2,1993,12,5.69,99.49
145544,Active,2698659,NA,NA,D,6,1,2335511.709,96.95,2003,13,8.98,38.98
145545,Active,540278,NA,NA,D,3,1,264744.065,69,2001,21,15.86,30.99
145546,Active,293072,NA,NA,D,6,1,174827.055,52.99,2007,50,4,38.92
145547,Active,139631,NA,NA,D,0,0,2227046.611,269,2000,25,31.56,69.33
145548,Active,222212,NA,NA,D,9,1,683994.2875,65,2007,29,4,40.72
145549,Active,621186,NA,NA,D,3,1,1913663.83,50,2004,28,4,25.1
145550,Active,290883,NA,NA,D,11,1,215518.6838,279.95,2007,44,4,22.92
145551,Active,177868,NA,NA,D,10,1,3051982.534,138.95,2003,36,4.35,9.99
145552,Active,616464,NA,NA,D,8,1,1017503.963,90.8,2008,44,4,35.94
145553,Active,870217,NA,NA,D,7,1,2099466.808,68,2004,18,4.19,6.98
145554,Active,249216,NA,NA,D,5,1,346076.0988,67.95,2009,61,11.09,33.49
145555,Active,192412,NA,NA,D,4,1,1185410.265,58.95,2004,59,4,10.49
145556,Active,268111,NA,NA,D,1,0,554257.7863,39.95,2004,35,10.4,35.99
145557,Active,1437713,NA,NA,D,1,0,1345993.04,55,2006,31,4,16.49
145558,Active,703381,NA,NA,D,2,1,1688538.986,49.99,2006,32,4,5.97
145559,Active,633205,NA,NA,D,2,1,539720.05,55,2010,33,4.33,25.83
145560,Active,1615913,NA,NA,D,1,0,614217.1413,44.99,2009,37,4,47.06
145561,Active,630570,NA,NA,D,3,1,166716.9888,49.99,2012,37,6.98,27.48
145562,Active,2533956,NA,NA,D,0,0,1416652.1,130,1997,26,12.09,55.99
145563,Active,911216,NA,NA,D,3,1,1638780.898,45.95,2009,18,5.78,31.32
145564,Active,596863,NA,NA,D,4,1,2205390.849,114.95,2001,33,4.21,43.98
145565,Active,3587234,NA,NA,D,5,1,3942864.6,115,1998,16,4,105.15
145566,Active,1724025,NA,NA,D,5,1,504062.6913,59.95,2007,38,5.67,70.24
145567,Active,3022375,NA,NA,D,2,1,2076217.418,37.95,2001,12,13.59,89.56
145568,Active,769704,NA,NA,S,2,1,6129712.113,27.94,2001,18,4,7.49
145569,Active,3620536,NA,NA,D,2,1,580009.55,56,1992,59,9.69,59.11
145570,Active,3210076,NA,NA,D,3,1,2423842.275,103,1999,16,33.45,43.98
145571,Active,545564,NA,NA,S,2,1,304821.1675,70,2013,15,47.14,50.17
145572,Active,159441,NA,NA,D,2,1,2630391.865,56.95,2002,33,4,11.85
145573,Active,529827,NA,NA,D,3,1,865352.6038,67.95,2009,24,11.99,26.79
145574,Active,261386,NA,NA,D,1,0,344607.3325,60,2002,43,9.14,43.97
145575,Active,261255,NA,NA,D,1,0,1520231.774,99,1999,23,5.38,38.98
145576,Active,410768,NA,NA,D,2,1,97430.075,75,2010,25,30.18,59.32
145577,Active,261395,NA,NA,S,1,0,312674.77,50,1999,33,6.12,43.98
145578,Active,264061,NA,NA,D,6,1,1764313.708,54.95,2004,16,7.38,45.34
145579,Active,2672252,NA,NA,D,2,1,864261.0838,117,2003,27,10.09,63.98
145580,Active,139536,NA,NA,D,2,1,2102605.828,159,1995,27,25.34,65.94
145581,Active,203787,NA,NA,D,5,1,637468.23,52.95,2005,39,4,17.21
145582,Active,529818,NA,NA,D,6,1,323752.2613,59.99,2009,33,4.97,18.88
145583,Active,622835,NA,NA,D,2,1,731340.9588,60,2000,34,4,14.8
145584,Active,299575,NA,NA,D,2,1,1416682.888,35,2002,38,4,21.99
145585,Active,2832726,NA,NA,D,2,1,4007054.988,119.95,2003,16,17,47.61
145586,Active,655666,NA,NA,D,2,1,401232.4775,52,2010,14,8.46,10.69
145587,Active,268460,NA,NA,D,2,1,903862.71,107,2008,23,4,31.51
145588,Active,139620,NA,NA,D,2,1,1622369.039,179,2000,32,5.92,45.75
145589,Active,213233,NA,NA,D,2,1,1487710.486,175,2007,29,5.05,37.98
145590,Active,793481,NA,NA,D,2,1,2909562.6,175,2003,19,4,55.13
145591,Active,529804,NA,NA,D,3,1,238228.6113,75,2010,38,34.69,52.84
145592,Active,254280,NA,NA,D,8,1,347057.045,125,2009,19,28.74,69.64
145593,Active,2565324,NA,NA,D,3,1,444148.57,67.5,1975,31,11.91,62.45
145594,Active,3049327,NA,NA,D,3,1,1948953.828,129.95,1995,22,4,43.92
145595,Active,2940843,NA,NA,D,2,1,4405548.165,88.95,2005,13,24.65,82.41
145596,Active,244955,NA,NA,D,2,1,1485725.818,111.95,2003,33,4,13.02
145597,Active,862662,NA,NA,D,2,1,1778862.048,100,1996,34,4,18.94
145598,Active,200404,NA,NA,D,5,1,843309.955,264.95,2009,33,16.34,23.19
145599,Active,200081,NA,NA,D,4,1,1676847.359,120.95,2004,29,32.03,123.16
145600,Active,863594,NA,NA,D,5,1,273220.7175,49.95,2008,20,13.58,102
145601,Active,863395,NA,NA,D,0,0,938770.885,129,2006,29,7.48,25.47
145602,Active,165680,NA,NA,D,3,1,1295438.834,285,2006,19,41.82,118.2
145603,Active,364959,NA,NA,D,10,1,1483335.863,59.95,2006,15,6.7,73.25
145604,Active,1588084,NA,NA,D,2,1,4151735.723,84.99,2006,18,6.98,35.47
145605,Active,268380,NA,NA,D,2,1,685723.0875,42,2005,29,4,48.97
145606,Active,116046,NA,NA,S,5,1,1385496.458,62.4,2004,52,4,7.96
145607,Active,891428,NA,NA,D,2,1,1435010.345,159.95,2002,15,7.96,63.55
145608,Active,159447,NA,NA,D,2,1,4417392.13,110,2004,20,8.84,43.99
145609,Active,315343,NA,NA,D,2,1,5878335.986,111.33,1997,19,5.68,39.47
145610,Active,312386,NA,NA,D,3,1,1207728.589,117.6,2000,28,8.49,62.61
145611,Active,196635,NA,NA,D,4,1,1213661.615,119,2003,35,4.14,28.99
145612,Active,293744,NA,NA,D,2,1,1654033.776,116,1999,29,11.37,48.72
145613,Active,901733,NA,NA,D,3,1,3346862.8,86.65,2004,13,4.77,69.6
145614,Active,912090,NA,NA,D,3,1,1958378.259,93.75,2000,15,5.19,28.93
145615,Active,246627,NA,NA,D,3,1,704726.4938,87.99,2008,60,6.15,52.99
145616,Active,248000,NA,NA,D,3,1,333822.615,109,2009,48,69.29,75.25
145617,Active,1446084,NA,NA,D,2,1,920605.105,135.95,2012,39,50.94,92.06
145618,Active,789550,NA,NA,D,4,1,1794234.531,66.95,2006,28,4,13.99
145619,Active,264075,NA,NA,S,17,1,93325.16125,179.95,2011,56,37.64,55.19
145620,Active,529775,NA,NA,D,4,1,1224453.509,70.95,2009,23,22.45,37.55
145621,Active,2750662,NA,NA,D,8,1,2946737.771,24.95,1999,27,4,4.74
145622,Active,625591,NA,NA,D,2,1,2929203.021,170.34,1987,19,4,45.45
145623,Active,546945,NA,NA,D,4,1,2068477.491,99,2010,25,12.1,96.99
145624,Active,2340069,NA,NA,D,2,1,1376429.405,131,1994,35,6.21,37.32
145625,Active,2336952,NA,NA,D,2,1,2696073.284,87.5,1984,18,4.85,62.33
145626,Active,597614,NA,NA,D,2,1,2174403.043,95,2001,29,5.34,67.63
145627,Active,2940694,NA,NA,D,2,1,5084641.243,85.95,2005,16,4.75,31.45
145628,Active,2802248,NA,NA,D,2,1,1883516.228,130,2002,18,13.11,104.39
145629,Active,294125,NA,NA,D,4,1,2501901.983,52.95,2001,26,4,26.94
145630,Active,869324,NA,NA,D,2,1,2584893.829,94.95,2003,15,9.23,39.98
145631,Active,2564382,NA,NA,D,2,1,1603773.091,150,1998,20,9.13,63.32
145632,Active,126810,NA,NA,D,1,0,821320.4475,57.95,2005,20,20.38,66.13
145633,Active,104492,NA,NA,D,2,1,1784420.301,62.5,1995,33,4,46.27
145634,Active,914473,NA,NA,D,1,0,1637678.31,87,2006,31,4,52.31
145635,Active,203707,NA,NA,D,5,1,1707203.353,54.95,2005,23,4,8.89
145636,Active,638645,NA,NA,D,1,0,1220114.193,68.95,2000,30,14.48,63.8
145637,Active,205531,NA,NA,D,2,1,1932827.105,100,1996,24,4.07,36.12
145638,Active,660131,NA,NA,D,1,0,1675782.368,90,2011,23,8.98,56.17
145639,Active,638838,NA,NA,D,4,1,2921565.063,209,2002,27,16.07,83.75
145640,Active,213068,NA,NA,D,2,1,2257353.343,114.95,2002,19,4.39,43.96
145641,Active,152320,NA,NA,D,1,0,1194527.255,84.95,2006,24,7.25,61.73
145642,Active,663334,NA,NA,D,2,1,241777.845,60,2013,20,25.35,0
145643,Active,211350,NA,NA,S,1,0,2059467.861,200,1998,19,6.39,119.84
145644,Active,774553,NA,NA,D,3,1,2370387.953,160,1997,26,10.02,94.5
145645,Active,165215,NA,NA,D,2,1,1936624.52,120,2001,26,4.98,54.28
145646,Active,205673,NA,NA,D,2,1,1104549.711,75,2000,48,4,41.99
145647,Active,329983,NA,NA,D,2,1,1237280.881,73.95,2008,28,7.83,38.78
145648,Active,1724831,NA,NA,D,4,1,1773592.763,179.95,2007,13,43.83,151.19
145649,Active,213067,NA,NA,D,3,1,1436305.916,170,2005,20,5.43,102.65
145650,Active,905713,NA,NA,D,1,0,1248894.825,158,2005,23,13.01,71.99
145651,Active,113067,NA,NA,D,2,1,800291.9813,83.95,2006,31,9.53,33.25
145652,Active,623488,NA,NA,D,5,1,44038.89625,202.95,2010,42,21.43,89.76
145653,Active,789010,NA,NA,D,2,1,2693613.305,36.95,2002,56,4,7.35
145654,Active,789474,NA,NA,D,3,1,544593.015,51.95,2005,89,4,10.99
145655,Active,544460,NA,NA,D,0,0,182480.7175,39.99,2012,16,19.99,24.09
145656,Active,184033,NA,NA,D,0,0,700463.47,215.95,2005,31,4,9.93
145657,Active,529741,NA,NA,D,3,1,168615.4025,80.95,2010,35,4.99,13.99
145658,Active,292275,NA,NA,D,2,1,2295886.994,89.95,2005,32,4,19.65
145659,Active,539925,NA,NA,D,2,1,312051.625,34.95,2012,54,22.16,59.27
145660,Active,170159,NA,NA,D,1,0,370632.6163,41.95,2011,67,4,13.99
145661,Active,2396293,NA,NA,D,0,0,138131.9525,92.2,2002,50,5.86,17.25
145662,Active,2396632,NA,NA,D,1,0,130948.035,10.45,2005,23,9.13,10.9
145663,Active,2396625,NA,NA,D,1,0,163473.3425,72.45,2005,34,25.84,43.94
145664,Active,2396635,NA,NA,D,1,0,188439.8613,10.45,2005,17,8.98,10.9
145665,Active,2501750,NA,NA,D,2,1,1534046.953,124,2004,21,4,63.98
145666,Active,789399,NA,NA,D,5,1,1298114.311,236.99,2005,17,10.94,11.64
145667,Active,104203,NA,NA,D,8,1,476113.3588,63.2,1995,23,16.96,75.46
145668,Active,2507645,NA,NA,D,4,1,878445.1638,142.69,1978,41,4.94,63.1
145669,Active,2328211,NA,NA,D,1,0,427233.2,45,1985,75,4.39,29.52
145670,Active,2328077,NA,NA,D,0,0,569120.9175,47.95,1996,86,5.48,20.31
145671,Active,106099,NA,NA,D,16,1,894879.5913,62.95,2004,41,4,12.48
145672,Active,285050,NA,NA,D,17,1,915254.5688,74,2008,33,5.29,23.4
145673,Active,106514,NA,NA,D,17,1,341278.3063,228,2008,47,13.72,52.98
145674,Active,285072,NA,NA,S,18,1,36759.19375,243,2011,68,42.45,141.3
145675,Active,105849,NA,NA,D,16,1,1221883.195,160,2004,31,9.36,44.05
145676,Active,702047,NA,NA,D,2,1,1921630.886,86,2010,25,4.36,20.49
145677,Active,1434311,NA,NA,D,0,0,12132.2675,45,2014,25,25.19,27.14
145678,Active,1432263,NA,NA,D,1,0,150342.7775,39.99,2010,60,7.86,49.49
145679,Active,867804,NA,NA,D,2,1,158434.705,48.38,2013,22,19.79,48.38
145680,Active,270641,NA,NA,D,1,0,452372.0625,44.63,2009,35,8.42,38.94
145681,Active,600443,NA,NA,D,2,1,387272.6238,38.75,2009,74,4.89,30.45
145682,Active,276204,NA,NA,D,2,1,358641.7063,32.75,2006,59,5.55,24.1
145683,Active,902671,NA,NA,D,6,1,2036402.624,71.95,2003,19,9.88,66.99
145684,Active,618261,NA,NA,D,2,1,412583.1913,58,2010,56,4,22.37
145685,Active,574640,NA,NA,D,8,1,2282963.645,68.95,2010,16,45.72,78.99
145686,Active,760149,NA,NA,D,5,1,3227665.241,235,2002,18,6.59,23
145687,Active,3264185,NA,NA,D,2,1,6506954.205,129.3,2002,24,21.71,84.55
145688,Active,259649,NA,NA,D,2,1,1612472.776,146.95,2002,23,16.84,79.87
145689,Active,2337211,NA,NA,D,4,1,1539100.351,155,1998,19,4.39,54.41
145690,Active,700301,NA,NA,D,5,1,1210119.868,210,2003,20,5.84,61.4
145691,Active,254629,NA,NA,D,0,0,973985.385,81.95,2012,73,3.99,5.83
145692,Active,624041,NA,NA,D,1,0,353469.5438,39.99,2009,45,4.94,12.49
145693,Active,743240,NA,NA,D,4,1,1953702.623,462,2002,14,34.96,223.31
145694,Active,266324,NA,NA,S,1,0,628444.4338,69.95,2007,26,16.46,63.99
145695,Active,254467,NA,NA,D,2,1,473534.9875,49.99,2010,63,4.11,54.31
145696,Active,1615655,NA,NA,D,1,0,165019.9363,44.99,2009,86,4.95,22.95
145697,Active,1615719,NA,NA,D,1,0,421228.385,49.99,2007,38,6.24,28.25
145698,Active,202258,NA,NA,D,3,1,1310027.246,176.95,2002,46,4,21.96
145699,Active,922766,NA,NA,D,0,0,334842.5563,35,1993,124,4.58,28.22
145700,Active,111996,NA,NA,D,33,1,1588677.565,52.25,2011,42,4,42.26
145701,Active,289818,NA,NA,D,2,1,976041.1063,59.95,2005,28,6.08,59.95
145702,Active,200313,NA,NA,D,8,1,2211222.634,73.95,2004,42,3.98,10.69
145703,Active,288833,NA,NA,D,4,1,256491.3913,93.95,2008,146,4,17.99
145704,Active,561729,NA,NA,D,5,1,23997.92125,99.95,2012,120,42.79,58.97
145705,Active,53721,NA,NA,S,3,1,564221.4025,75,2002,113,4,11.48
145706,Active,630539,NA,NA,D,1,0,327920.0663,134.4,2012,50,21.48,41.44
145707,Active,873494,NA,NA,D,3,1,1184074.779,81.95,1999,25,5.1,10.97
145708,Active,113870,NA,NA,D,4,1,367592.8625,64.4,2000,44,4,25.55
145709,Active,193281,NA,NA,D,6,1,2809559.733,116,2003,27,4.34,33.99
145710,Active,200471,NA,NA,D,3,1,349372.6538,139.95,2009,43,19.66,123.26
145711,Active,200341,NA,NA,D,1,0,278176.9938,128.95,2007,49,10.79,53.99
145712,Active,200603,NA,NA,D,7,1,56047.82125,133.95,2010,119,6.64,36.49
145713,Active,146090,NA,NA,D,4,1,332995.525,245.2,2009,40,19.63,68.28
145714,Active,148764,NA,NA,S,5,1,137851.6438,362.95,2009,45,39.98,57.94
145715,Active,200440,NA,NA,D,3,1,168169.0813,125.95,2009,55,9.75,52.91
145716,Active,637723,NA,NA,D,5,1,174946.5825,64.95,2012,48,4.82,31.99
145717,Active,264636,NA,NA,D,2,1,2089126.543,96.95,2006,27,4.48,15.99
145718,Active,534585,NA,NA,D,3,1,276718.7738,130.5,2010,118,5.48,23.99
145719,Active,56008,NA,NA,D,2,1,923089.2763,126.75,2006,93,4,6.9
145720,Active,408166,NA,NA,S,2,1,1537987.271,62.95,2003,41,4,8.98
145721,Active,205709,NA,NA,D,2,1,2360318.488,80,2001,21,4.07,27.32
145722,Active,143402,NA,NA,D,2,1,1492763.491,110,2000,21,6.13,33.98
145723,Active,624376,NA,NA,D,4,1,384979.8625,58,2008,33,6.38,53.99
145724,Active,628601,NA,NA,D,2,1,810374.7975,85,2010,40,5.44,11.98
145725,Active,878936,NA,NA,D,5,1,2086460.801,136.95,2003,53,3.99,17.99
145726,Active,697804,NA,NA,S,8,1,213645.0075,94.75,2011,29,7.27,18.63
145727,Active,272519,NA,NA,D,3,1,667980.995,97,2011,82,4.99,28.99
145728,Active,800026,NA,NA,D,2,1,3121596.119,66.95,2005,24,4.77,7.99
145729,Active,878899,NA,NA,D,7,1,2010431.743,85.34,2009,39,15.44,65.32
145730,Active,60451,NA,NA,D,6,1,1534570.785,7.25,2005,87,4,16.54
145731,Active,298685,NA,NA,D,7,1,1310622.18,113.95,2008,26,5.13,38.11
145732,Active,200187,NA,NA,D,2,1,555140.8625,77.95,2006,60,4,13.13
145733,Active,200515,NA,NA,D,3,1,85457.6675,75.95,2010,85,11.49,31.92
145734,Active,533534,NA,NA,D,10,1,13852.7975,121.6,2012,104,11.28,18.99
145735,Active,611467,NA,NA,S,11,1,3221.02,128,2014,95,35.74,54.98
145736,Active,494129,NA,NA,D,1,0,950921.14,170.95,2005,39,5.72,73.94
145737,Active,117777,NA,NA,D,3,1,857833.6675,141.33,2007,92,4,26.85
145738,Active,261952,NA,NA,D,2,1,380682.2063,172.95,2005,25,5.9,42.08
145739,Active,242322,NA,NA,D,10,1,1321816.91,50,2007,21,6.39,16.24
145740,Active,221829,NA,NA,D,4,1,1035552.271,99.95,2004,19,6.16,82.99
145741,Active,870718,NA,NA,D,3,1,2115190.091,75,1998,29,5.06,23.57
145742,Active,623505,NA,NA,D,1,0,231365.905,76.95,2009,85,15.68,48.78
145743,Active,912907,NA,NA,S,0,0,2289188.213,19.95,1995,28,4,50.03
145744,Active,652895,NA,NA,D,4,1,610025.04,177.73,2010,27,85.74,170.4
145745,Active,1651378,NA,NA,D,5,1,2301875.896,98.95,2006,12,51.81,71.25
145746,Active,913425,NA,NA,D,2,1,1944417.924,86.67,1989,33,6.56,52.05
145747,Active,572157,NA,NA,D,5,1,1889509.716,68.36,2005,17,7.66,16.31
145748,Active,1602145,NA,NA,D,6,1,719508.5125,201.95,2008,23,23.47,83.8
145749,Active,286235,NA,NA,D,2,1,1020046.773,89.33,2005,23,4.93,84.86
145750,Active,1449383,NA,NA,D,2,1,1537403.38,125.33,2006,26,27.89,23.8
145751,Active,1736823,NA,NA,D,0,0,51777.35625,49.99,2008,28,25.98,32.47
145752,Active,163270,NA,NA,S,1,0,547031.9288,160,2002,52,4.71,47.87
145753,Active,790394,NA,NA,D,1,0,514961.8838,45,1997,30,15.98,62.4
145754,Active,3101919,NA,NA,D,2,1,2156920.968,32,2005,26,4,25
145755,Active,3062697,NA,NA,D,2,1,1894923.666,55,2002,18,4.11,47.89
145756,Active,872231,NA,NA,D,2,1,718243.395,29.06,2004,53,5.59,23.78
145757,Active,631373,NA,NA,D,2,1,827265.5763,83,2003,29,22.92,73.67
145758,Active,868398,NA,NA,D,2,1,602783.4838,54.95,1995,29,4.49,28.98
145759,Active,270998,NA,NA,D,2,1,237087.3975,49.99,2010,37,19.94,45.04
145760,Active,613855,NA,NA,D,14,1,929541.9813,41.6,2008,62,4,14.37
145761,Active,612971,NA,NA,D,5,1,547645.985,49.95,2005,75,4,14.69
145762,Active,920299,NA,NA,D,1,0,572724.0225,40,1996,49,6.92,22.28
145763,Active,3822488,NA,NA,D,3,1,1175266.25,25.95,2001,36,4,18.97
145764,Active,203387,NA,NA,D,0,0,844940.1,34.95,2001,29,4.57,16.99
145765,Active,253611,NA,NA,D,3,1,559456.4063,38.95,2010,56,4.07,0
145766,Active,116291,NA,NA,D,2,1,306355.0038,54.4,2006,30,4,29.99
145767,Active,118375,NA,NA,D,3,1,2720586.193,80,2006,35,4,20.03
145768,Active,118376,NA,NA,D,3,1,649384.6325,80,2006,39,4.44,48.14
145769,Active,515010,NA,NA,D,3,1,783023.95,83.95,2008,37,5.75,73.73
145770,Active,269961,NA,NA,D,4,1,1007935.109,214,2006,34,6.57,114.97
145771,Active,616179,NA,NA,D,3,1,397006.47,64.95,2011,60,8.74,23.99
145772,Active,545936,NA,NA,D,4,1,2689.435,66.95,2013,138,24.62,46.72
145773,Active,738530,NA,NA,D,11,1,345222.715,42,2011,19,7.92,23.99
145774,Active,647225,NA,NA,D,17,1,1318494.594,41,2011,22,4,13.94
145775,Active,907216,NA,NA,D,5,1,1633370.711,40,2009,19,4,27.99
145776,Active,652755,NA,NA,D,3,1,953072.9438,40,2010,33,5.49,58.81
145777,Active,658326,NA,NA,D,7,1,230737.6563,42,2011,26,4,29.93
145778,Active,918975,NA,NA,D,2,1,760599.3588,49.99,2008,48,4.12,25.89
145779,Active,656751,NA,NA,D,3,1,954233.8075,84,2003,26,43.38,129.97
145780,Active,3569383,NA,NA,D,2,1,9517781.95,159,2000,24,5.52,24.93
145781,Active,901430,NA,NA,D,2,1,2305415.443,102,2003,18,10.54,35.53
145782,Active,294167,NA,NA,D,2,1,1168729.79,29.95,2006,63,4,9.25
145783,Active,2373911,NA,NA,D,3,1,702065.61,49.2,2005,44,4,9.99
145784,Active,536044,NA,NA,D,5,1,764493.2875,64.95,2005,72,5.5,35.99
145785,Active,642658,NA,NA,D,1,0,1185449.639,76.33,2009,22,7.36,41.48
145786,Active,795833,NA,NA,D,7,1,257323.4138,164.95,2012,21,31.34,96.49
145787,Active,607517,NA,NA,D,5,1,2469245.69,55,1997,23,6.58,57.75
145788,Active,114846,NA,NA,D,8,1,2229407.278,61.33,2002,35,4,13.89
145789,Active,646496,NA,NA,D,0,0,209657.3375,58.97,2008,40,9.87,53.05
145790,Active,916532,NA,NA,D,5,1,412057.2813,49.5,1997,35,12.82,83.93
145791,Active,60455,NA,NA,D,1,0,658232.5475,96.4,2004,20,43.98,66.19
145792,Active,117528,NA,NA,D,0,0,590576.1463,85,2003,27,18.71,92.27
145793,Active,268221,NA,NA,D,4,1,2230253.183,48.95,2008,28,4,35.99
145794,Active,871962,NA,NA,D,4,1,844841.5075,79.95,2004,19,5.8,43.94
145795,Active,534075,NA,NA,D,3,1,666357.4513,105.16,1993,30,4.07,68.25
145796,Active,156739,NA,NA,D,0,0,538070.3213,109.95,2003,22,17.95,108.51
145797,Active,3485370,NA,NA,D,5,1,2296312.25,105.47,2009,17,34.3,675
145798,Active,184514,NA,NA,S,2,1,320070.9813,43.95,2002,30,4,0
145799,Active,291678,NA,NA,D,2,1,1115174.221,108.5,1997,35,5.45,62.44
145800,Active,157563,NA,NA,D,5,1,646487.235,49.95,2010,30,12.71,38.22
145801,Active,165092,NA,NA,S,1,0,913408.605,75,2000,55,4,28.57
145802,Active,164745,NA,NA,D,0,0,400025.4213,75,1997,64,4,23.98
145803,Active,713000,NA,NA,D,5,1,960076.5863,104.6,2002,46,14.93,56.99
145804,Active,566666,NA,NA,D,2,1,461952.2875,39.95,1991,155,4,18.48
145805,Active,868577,NA,NA,D,1,0,233213.9563,39.95,2008,30,5.96,31.99
145806,Active,286132,NA,NA,D,5,1,485679.0013,110,2003,39,10.3,72.94
145807,Active,246520,NA,NA,D,1,0,274632.56,56.95,2009,56,5.99,39.14
145808,Active,873360,NA,NA,D,1,0,212809.3375,125,2003,20,21.65,42.99
145809,Active,117988,NA,NA,D,3,1,324551.185,88.8,2005,37,4,43.79
145810,Active,555837,NA,NA,D,2,1,2854669.766,92,2004,28,4,10.27
145811,Active,125949,NA,NA,D,6,1,909718.6025,61.95,1999,52,4,33.75
145812,Active,910091,NA,NA,D,0,0,361881.45,51,2005,30,5.61,23.23
145813,Active,148758,NA,NA,D,11,1,357247.6213,343.95,2009,38,33.37,128.99
145814,Active,101409,NA,NA,S,9,1,216803.77,225.95,2001,40,5.46,18.52
145815,Active,246556,NA,NA,D,2,1,119880.65,52.95,2006,61,8.47,35.2
145816,Active,127634,NA,NA,D,3,1,2440265.695,69.95,2007,36,4,28.83
145817,Active,914519,NA,NA,D,2,1,891308.11,83.92,1989,26,4.35,60.53
145818,Active,157035,NA,NA,D,5,1,786610.145,41.95,2002,26,5.11,76.85
145819,Active,217236,NA,NA,S,3,1,360904.6225,45,2004,126,4,21.82
145820,Active,132914,NA,NA,D,5,1,284207.7788,96.4,2009,37,5.94,77.73
145821,Active,181280,NA,NA,D,5,1,2928076.42,91.2,2000,23,4,33.76
145822,Active,877105,NA,NA,S,0,0,757204.3225,85.2,1992,56,4.97,49.95
145823,Active,120929,NA,NA,D,12,1,571900.0463,121,2007,75,35.98,53.45
145824,Active,2556958,NA,NA,D,2,1,3414809.609,117.61,1988,24,5.98,48.13
145825,Active,142215,NA,NA,D,10,1,153159.0088,147.73,2010,29,52.13,79.39
145826,Active,183732,NA,NA,D,9,1,849458.03,44.83,2007,28,4.9,33.98
145827,Active,142110,NA,NA,D,10,1,658252.6538,88.41,2010,89,3.88,48.93
145828,Active,772006,NA,NA,D,8,1,3200606.561,18.99,2005,33,4,6.99
145829,Active,142161,NA,NA,D,9,1,104013.505,133.71,2011,71,6.16,38.98
145830,Active,183683,NA,NA,D,8,1,2492042.983,42.31,2007,26,4.83,19.97
145831,Active,142162,NA,NA,D,9,1,35105.98,44,2011,87,7.6,43.99
145832,Active,142163,NA,NA,D,9,1,50586.46375,109.12,2011,91,7.11,26.99
145833,Active,649344,NA,NA,D,2,1,506193.53,95,1997,23,34.48,64.27
145834,Active,917638,NA,NA,D,1,0,582816.2975,39.99,1991,46,4,18.99
145835,Active,671895,NA,NA,D,0,0,1236.91875,35.96,2012,73,12.88,19.88
145836,Active,54420,NA,NA,S,15,1,776310.6413,155.95,2004,171,3.98,7.99
145837,Active,876413,NA,NA,D,7,1,950740.8675,38.32,2007,27,7.76,34.32
145838,Active,60459,NA,NA,D,6,1,1440020.934,269.95,2003,73,4,11.24
145839,Active,53609,NA,NA,D,11,1,36165.65125,157.63,2011,174,8.89,37.9
145840,Active,53608,NA,NA,D,10,1,531735.2213,165,2008,58,9.6,28.97
145841,Active,416513,NA,NA,D,9,1,336786.1013,138.75,2006,61,4.25,17.94
145842,Active,416609,NA,NA,S,13,1,8183.5925,346.25,2012,296,7.33,15.29
145843,Active,549465,NA,NA,S,12,1,1496969.775,112.25,2009,44,4.98,54.31
145844,Active,416670,NA,NA,D,12,1,495672.2013,1.99,2009,91,5.33,21.99
145845,Active,53606,NA,NA,D,12,1,340903.19,28.93,2009,137,4.2,19.98
145846,Active,2252206,NA,NA,D,12,1,402376.5763,393,2008,30,23.63,98.39
145847,Active,60460,NA,NA,D,11,1,300144.6463,157.14,2006,111,4.52,47.97
145848,Active,192879,NA,NA,D,8,1,338957.62,67.95,2002,33,4,32.99
145849,Active,544890,NA,NA,D,4,1,277978.5025,48.95,2010,44,5.23,38.84
145850,Active,1891045,NA,NA,D,0,0,670775.46,69.99,2013,15,20.82,31.35
145851,Active,572306,NA,NA,D,0,0,95705.255,113.7,2006,73,13.99,41.09
145852,Active,572178,NA,NA,D,0,0,9869.01,108.25,2007,164,13.99,49.98
145853,Active,548301,NA,NA,D,1,0,385806.845,108.35,2004,71,6.61,38.19
145854,Active,2248863,NA,NA,D,3,1,842370.3,39.48,2006,20,5.67,39.48
145855,Active,131627,NA,NA,D,2,1,3933403.629,53.8,2002,36,4,4.23
145856,Active,287564,NA,NA,D,3,1,989574.7188,82.33,2007,55,4,23.87
145857,Active,244207,NA,NA,D,8,1,49454.36375,172.95,2012,100,9.19,41.92
145858,Active,592635,NA,NA,D,1,0,848777.9288,79.95,2009,40,4,13.94
145859,Active,245022,NA,NA,D,6,1,983218.2475,209.95,2004,52,5.43,56.45
145860,Active,795189,NA,NA,S,5,1,626330.9413,165.95,2011,30,10.23,112.83
145861,Active,55130,NA,NA,S,12,1,183400.2113,257.95,2011,94,10.18,62.53
145862,Active,608421,NA,NA,D,9,1,1675577.041,162.95,2005,49,3.98,9.24
145863,Active,248319,NA,NA,D,3,1,377124.6888,187.95,2005,90,4,14.99
145864,Active,627988,NA,NA,D,2,1,1261711.429,210,1997,25,5.47,63.53
145865,Active,60027,NA,NA,D,7,1,1335298.423,198.67,2006,98,4,7.89
145866,Active,1452219,NA,NA,S,10,1,216679.075,220.2,2013,42,12.23,13.49
145867,Active,617770,NA,NA,D,10,1,19000.25125,328.6,2013,95,13.93,49.96
145868,Active,663621,NA,NA,S,10,1,637970.5863,229.93,2013,25,9.59,157
145869,Active,1452197,NA,NA,D,10,1,1263750.016,149.2,2013,33,5.75,63.99
145870,Active,1452761,NA,NA,D,4,1,109754.0063,157.67,2013,62,6.94,27.82
145871,Active,553342,NA,NA,D,4,1,84742.09375,342,2013,116,6.99,29.48
145872,Active,1452760,NA,NA,S,4,1,91507.32375,231.8,2013,86,12.35,37.92
145873,Active,355949,NA,NA,D,3,1,1995224.418,49.99,2001,21,6.99,49.58
145874,Active,2137548,NA,NA,D,5,1,1324396.004,92.95,2009,20,47.53,78.85
145875,Active,789286,NA,NA,D,3,1,1210773.07,225,2004,20,10.46,42.93
145876,Active,668605,NA,NA,D,2,1,980870.6663,74.64,2009,20,11.43,41.76
145877,Active,877271,NA,NA,D,6,1,901465.5238,33.99,2007,42,6.1,30.17
145878,Active,877258,NA,NA,D,4,1,684034.1338,73.95,2001,26,5.22,68.1
145879,Active,293834,NA,NA,D,3,1,441988.6138,114.95,2006,36,4,18.97
145880,Active,2259017,NA,NA,D,3,1,805211.4263,35.55,2006,40,6.95,43.03
145881,Active,2373126,NA,NA,D,3,1,1362034.704,110,1994,25,4.39,38.01
145882,Active,583571,NA,NA,D,5,1,2927708.591,76.95,2002,23,4,41.76
145883,Active,1728886,NA,NA,D,2,1,229613.185,85.95,2008,18,15.24,81.7
145884,Active,115611,NA,NA,S,0,0,659292.8925,76.6,2003,28,4.4,24.98
145885,Active,117246,NA,NA,D,2,1,105215.1338,147.2,2006,62,15.57,84.23
145886,Active,870827,NA,NA,D,2,1,472402.9838,40,2007,37,8.89,43.98
145887,Active,758309,NA,NA,D,1,0,884207.1988,70.88,2003,37,6.5,38.99
145888,Active,868176,NA,NA,D,2,1,1849127.406,45,1995,40,4.09,7.27
145889,Active,248114,NA,NA,D,2,1,464837.6025,58,2010,44,7.58,39.84
145890,Active,498017,NA,NA,D,3,1,1514314.306,188.33,2010,19,12.45,138.58
145891,Active,596174,NA,NA,D,1,0,825843.9525,82,1991,48,4.33,43.98
145892,Active,877519,NA,NA,D,5,1,1729847.058,34.62,2007,50,6.51,30.7
145893,Active,125145,NA,NA,D,3,1,69660.7425,47.44,2006,118,4,18.94
145894,Active,1559745,NA,NA,D,1,0,772888.5063,69.95,2006,40,48.64,55.29
145895,Active,247895,NA,NA,D,0,0,168877.38,41.95,2007,54,7.6,16.98
145896,Active,626441,NA,NA,D,1,0,247353.1675,41.95,2004,42,4.49,28.98
145897,Active,1556736,NA,NA,D,3,1,1889200.618,48.95,2013,22,23.98,34.2
145898,Active,621431,NA,NA,D,2,1,101208.8875,38.95,2006,42,25.62,29.93
145899,Active,173947,NA,NA,D,0,0,976454.7338,49.99,2005,23,38.93,44.8
145900,Active,51632,NA,NA,D,3,1,809379.9063,25.38,2005,44,4,23.73
145901,Active,878737,NA,NA,D,7,1,716363.005,101.57,2009,28,8.57,53.97
145902,Active,105531,NA,NA,D,7,1,344195.8563,70.5,2008,16,8.12,49.55
145903,Active,56938,NA,NA,D,4,1,1173751.653,41.33,2006,101,3.49,4.06
145904,Active,56937,NA,NA,D,3,1,1700839.405,33.6,2003,71,4,4
145905,Active,56934,NA,NA,D,5,1,529703.295,48.2,2010,41,4,17.99
145906,Active,541433,NA,NA,D,0,0,727707.205,32.95,2010,37,8.97,86.65
145907,Active,1726174,NA,NA,D,0,0,570725.27,60,2011,21,19.89,106.04
145908,Active,296642,NA,NA,D,3,1,586291.76,70,2006,37,4.47,58.91
145909,Active,1855469,NA,NA,D,14,1,1078857.189,49.99,2011,33,6.36,7.48
145910,Active,262101,NA,NA,D,2,1,1082679.479,35.95,2002,84,3.79,5.49
145911,Active,127326,NA,NA,D,0,0,571819.3238,34.95,2008,64,4,12.99
145912,Active,529577,NA,NA,D,2,1,124731.4613,34.95,2011,48,7.42,32.12
145913,Active,116062,NA,NA,D,4,1,1110308.87,51.2,2004,29,4,19.99
145914,Active,607129,NA,NA,D,3,1,2343592.316,42.4,2000,22,4,13.74
145915,Active,147997,NA,NA,D,3,1,687998.8763,42.95,2002,80,4,10.26
145916,Active,1649168,NA,NA,D,4,1,3343522.725,50,2008,12,5.47,23.99
145917,Active,545041,NA,NA,S,22,1,374817.6338,49.99,2013,24,18.96,32.59
145918,Active,562473,NA,NA,D,3,1,2263164.813,40,2006,27,4,29.99
145919,Active,386404,NA,NA,D,1,0,355001.5988,36.95,2005,55,4,10.99
145920,Active,901050,NA,NA,D,4,1,2348794.605,46.95,2008,23,4.56,44.67
145921,Active,3053577,NA,NA,D,5,1,1496194.709,69,2003,18,9.88,73.98
145922,Active,3053576,NA,NA,D,5,1,2858880.775,99,2003,13,4,76.84
145923,Active,677173,NA,NA,D,6,1,432553.7413,29.95,2006,74,4.21,30
145924,Active,288312,NA,NA,D,1,0,1052987.961,18.98,2009,77,4,10.57
145925,Active,1470333,NA,NA,D,2,1,738234.7238,41,2006,27,4.77,67.81
145926,Active,677150,NA,NA,D,1,0,765.50625,29.99,2011,133,14.99,16.99
145927,Active,529526,NA,NA,S,7,1,57674.30125,130.95,2012,52,23.92,44.99
145928,Active,529524,NA,NA,S,7,1,97922.11375,189.95,2012,56,26.98,53.99
145929,Active,250164,NA,NA,D,4,1,1419089.573,185.95,2006,28,4,10.04
145930,Active,529525,NA,NA,S,7,1,438811.8075,80.95,2012,40,23.51,31.99
145931,Active,54386,NA,NA,D,6,1,254842.4038,39.99,2006,254,4,7.19
145932,Active,621330,NA,NA,D,1,0,569100.3688,39.99,2011,33,4.89,11.08
145933,Active,628658,NA,NA,D,1,0,688911.13,39.95,2011,45,4,11.93
145934,Active,297876,NA,NA,D,1,0,366920.12,72.95,2011,27,9.67,0
145935,Active,635733,NA,NA,D,0,0,364200.7563,49.95,2012,52,4.58,13.24
145936,Active,3485184,NA,NA,D,1,0,2411734.7,123,2002,44,4,12.95
145937,Active,3272052,NA,NA,D,2,1,1004306.688,119.51,2000,23,24.1,83.9
145938,Active,108586,NA,NA,D,2,1,407908.1925,89.98,1999,48,9.95,58.98
145939,Active,51871,NA,NA,D,7,1,23255.97375,255.2,2011,132,28.35,59.99
145940,Active,561261,NA,NA,D,5,1,458766.155,203.4,2009,60,4.64,27.98
145941,Active,878799,NA,NA,D,2,1,869391.6238,191.56,2008,29,11.99,53.93
145942,Active,616717,NA,NA,S,9,1,26545.27875,188.87,2012,121,19.98,53.99
145943,Active,212633,NA,NA,D,8,1,7218.5125,235.6,2009,521,8.15,38.92
145944,Active,60466,NA,NA,D,7,1,85536.03875,181.33,2006,462,4.48,21
145945,Active,50319,NA,NA,D,8,1,425803.3413,239.2,2010,62,8.81,69.95
145946,Active,146370,NA,NA,D,8,1,369410.205,245.87,2010,69,8.29,100.24
145947,Active,540704,NA,NA,S,11,1,7544.11125,140.4,2013,121,13.27,44.41
145948,Active,540725,NA,NA,S,11,1,30246.505,145.4,2013,116,13.17,72.5
145949,Active,434929,NA,NA,D,10,1,566731.2438,128.2,2010,73,5.39,59.06
145950,Active,212516,NA,NA,D,9,1,1814045.083,69.97,2007,45,4,23.99
145951,Active,540707,NA,NA,S,7,1,6562.00125,271,2013,108,42.49,134.53
145952,Active,51872,NA,NA,D,5,1,122736.6313,143,2005,104,9.58,35.98
145953,Active,52963,NA,NA,D,3,1,107891.3388,291,2010,53,19.21,52.99
145954,Active,52384,NA,NA,D,2,1,796370.35,191.56,2007,76,4.99,48.08
145955,Active,902976,NA,NA,D,0,0,1829352.021,49.95,2007,24,16.47,33.98
145956,Active,145723,NA,NA,D,6,1,556907.3025,180,2008,51,7.99,51.96
145957,Active,52961,NA,NA,S,1,0,1523196.899,183.75,2004,50,4.32,7.69
145958,Active,294953,NA,NA,D,5,1,258557.5,102.6,2007,37,5.47,90.49
145959,Active,529517,NA,NA,D,6,1,121184.3775,116.4,2010,49,15.25,99.25
145960,Active,146661,NA,NA,D,6,1,132661.5,231.4,2011,102,8.71,27.95
145961,Active,133196,NA,NA,D,2,1,432005.2763,98,2009,49,4,49.69
145962,Active,880304,NA,NA,D,11,1,275682.3238,83.99,2010,87,4.4,62.97
145963,Active,56264,NA,NA,D,4,1,908799.0225,140.27,2007,40,4,71.83
145964,Active,540701,NA,NA,S,7,1,8758.255,213.2,2013,97,24.98,72.99
145965,Active,61243,NA,NA,D,4,1,999389.8663,112.23,2007,72,4,15.99
145966,Active,53238,NA,NA,D,7,1,702344.8213,20.3,2006,54,4,19.99
145967,Active,147222,NA,NA,D,4,1,376119.1575,51.95,2005,105,4,8.99
145968,Active,53138,NA,NA,D,12,1,46830.11,146.8,2011,96,6.15,48.87
145969,Active,2256047,NA,NA,D,11,1,6842872.766,69.39,2008,33,7.93,69.38
145970,Active,57385,NA,NA,D,4,1,71825.58,66.05,2010,92,15.49,37.99
145971,Active,286000,NA,NA,D,0,0,1681019.004,17.37,2007,51,4,16.81
145972,Active,53136,NA,NA,D,10,1,1586951.225,106.67,2005,88,3.98,4.42
145973,Active,492178,NA,NA,D,6,1,7038.4775,274.95,2012,226,7.21,53.37
145974,Active,60469,NA,NA,D,10,1,1250161.384,144.5,2005,125,4,7.74
145975,Active,873224,NA,NA,S,9,1,571516.4588,47.73,2008,43,8.64,35.89
145976,Active,108044,NA,NA,D,5,1,2339776.588,107.95,2003,47,4,45.09
145977,Active,308867,NA,NA,D,6,1,1639031.266,130.65,2005,54,4,10.5
145978,Active,918822,NA,NA,D,1,0,654224.6088,142,2011,53,7.82,28.99
145979,Active,53390,NA,NA,D,10,1,1139901.683,17.05,2006,82,4.06,7.83
145980,Active,60471,NA,NA,D,5,1,2988477.294,96.75,2006,36,3.9,6.97
145981,Active,536725,NA,NA,D,7,1,1176173.43,144.47,2012,22,4.13,21.96
145982,Active,2104076,NA,NA,D,2,1,909004.3225,83.95,2013,49,5.47,38.9
145983,Active,55125,NA,NA,D,8,1,1772034.163,123,2005,53,4,30.74
145984,Active,544320,NA,NA,S,11,1,27371.32,231.95,2013,60,20.48,93.89
145985,Active,2345539,NA,NA,D,2,1,834647.2075,172,1992,35,15.59,93.05
145986,Active,196130,NA,NA,D,2,1,1267757.824,96.95,2003,19,4.69,83.45
145987,Active,416667,NA,NA,S,10,1,31596.78875,285.25,2011,74,13.98,33.99
145988,Active,57073,NA,NA,D,7,1,1841706.818,136.42,2005,47,3.94,62.23
145989,Active,516526,NA,NA,D,6,1,16871.36375,184.8,2012,131,6.86,73.96
145990,Active,51611,NA,NA,D,8,1,166319.0675,102.43,2006,52,23.99,53.98
145991,Active,53341,NA,NA,S,11,1,162246.2063,153.91,2009,55,31.29,77.28
145992,Active,2265326,NA,NA,D,5,1,677525,52.68,2009,22,11.34,64.17
145993,Active,752729,NA,NA,D,5,1,1647066.328,43.84,2009,12,12.13,21.89
145994,Active,518657,NA,NA,D,9,1,178244.2725,338.95,2010,66,11.2,32.8
145995,Active,535686,NA,NA,S,10,1,29833.2275,308.95,2013,72,16.03,58.98
145996,Active,451735,NA,NA,S,8,1,427210.0925,338.95,2008,41,6.21,61.95
145997,Active,298119,NA,NA,D,6,1,818461.4488,84,2005,47,4.27,45.11
145998,Active,426099,NA,NA,D,2,1,823910.5363,44.95,1995,34,4,28.99
145999,Active,51389,NA,NA,D,4,1,1140504.208,105.33,2003,72,3.99,8.14
146000,Active,2618323,NA,NA,S,3,1,545271.1375,92.95,1994,21,4.83,65.13
146001,Active,504043,NA,NA,D,6,1,1527012.84,89.95,2005,22,13.46,44.83
146002,Active,113525,NA,NA,D,2,1,360179.3575,99.95,1999,43,11.98,68.76
146003,Active,419901,NA,NA,D,3,1,918338.3063,84.95,2005,34,4.9,22.49
146004,Active,435038,NA,NA,S,6,1,6425.2675,219,2012,134,25.95,73.99
146005,Active,212481,NA,NA,D,4,1,323920.9675,28.99,2009,130,4,11.91
146006,Active,492149,NA,NA,D,8,1,36073.915,343.95,2012,85,17.71,153.99
146007,Active,550511,NA,NA,S,13,1,13711.82375,289,2012,124,23.34,73.99
146008,Active,561158,NA,NA,D,4,1,2100797.939,474.86,2009,54,4.02,93.64
146009,Active,55228,NA,NA,D,5,1,624733.9988,192.4,2009,48,11.58,48.99
146010,Active,416603,NA,NA,D,12,1,487164.5588,246.75,2010,64,5.75,94.28
146011,Active,537670,NA,NA,D,11,1,814370.6013,182.5,2008,74,4.57,28.97
146012,Active,426770,NA,NA,D,3,1,2241792.664,79.99,2006,19,10.25,48.84
146013,Active,51381,NA,NA,D,10,1,285043.7825,47.69,2007,78,4.8,47.21
146014,Active,456843,NA,NA,D,2,1,5465751.728,111.95,1999,26,4,6.72
146015,Active,60476,NA,NA,D,9,1,562783.4638,119.2,2007,29,4,33.98
146016,Active,421837,NA,NA,D,1,0,47060.2175,173.8,2007,82,75.71,128
146017,Active,131215,NA,NA,D,6,1,1430538.539,97.4,1998,39,4,45.17
146018,Active,118757,NA,NA,D,8,1,3649218.676,162.07,2007,13,12.95,0
146019,Active,879127,NA,NA,S,8,1,635109.8213,44.93,2009,42,6.84,43.47
146020,Active,54109,NA,NA,D,8,1,123885.3738,217.5,2009,93,4.49,21.49
146021,Active,54108,NA,NA,D,7,1,1305239.435,11.81,2006,84,4,29.09
146022,Active,871763,NA,NA,D,2,1,2431828.256,62.24,2002,8,4.86,63.98
146023,Active,315419,NA,NA,D,13,1,49142.45625,260,2012,95,17.98,57.56
146024,Active,867864,NA,NA,S,14,1,13510.86125,266.6,2014,77,38.81,111.01
146025,Active,309075,NA,NA,D,5,1,435810.885,218.7,2009,35,4.98,23.98
146026,Active,50957,NA,NA,D,6,1,889717.9638,14.86,2007,86,4,9.08
146027,Active,330428,NA,NA,D,3,1,1843207.983,75.95,2004,27,3.98,3.98
146028,Active,449375,NA,NA,D,1,0,238695.7538,73.92,2008,42,12.25,58.24
146029,Active,247465,NA,NA,D,2,1,1465598.735,89.95,2005,47,4,9.24
146030,Active,196570,NA,NA,D,8,1,3316731.713,61.95,2005,21,6.83,56.57
146031,Active,308894,NA,NA,D,8,1,2130912.629,23.97,2004,37,3.94,23.97
146032,Active,50939,NA,NA,D,12,1,100205.69,216.2,2011,114,9.45,47.52
146033,Active,50956,NA,NA,D,5,1,1765261.619,18.98,2005,73,3.99,12.22
146034,Active,50958,NA,NA,D,7,1,416085.33,20.74,2009,156,4,13.59
146035,Active,110693,NA,NA,D,20,1,1701119.919,8.96,2011,47,3.99,45.57
146036,Active,131695,NA,NA,D,7,1,1242968.748,112.8,2003,34,3.98,8.99
146037,Active,416678,NA,NA,D,19,1,2425943.37,13.95,2010,23,4,11.81
146038,Active,529464,NA,NA,D,3,1,607274.0775,54.95,2009,57,35.25,34.99
146039,Active,177489,NA,NA,D,6,1,2034229.8,107.95,2003,41,4,9.94
146040,Active,529463,NA,NA,S,3,1,54959.51125,218.4,2011,83,7.47,48.48
146041,Active,428188,NA,NA,D,3,1,35643.00875,191.6,2011,74,7.31,17.79
146042,Active,1596517,NA,NA,D,6,1,2727322.339,49.47,2006,20,4.56,22.88
146043,Active,133290,NA,NA,D,8,1,99091.14,186.2,2010,71,8.94,70.33
146044,Active,557350,NA,NA,D,7,1,370851.165,116.2,2007,35,4.47,33.49
146045,Active,133291,NA,NA,S,8,1,98608.5475,155.6,2010,46,35.18,85.3
146046,Active,557251,NA,NA,D,6,1,437935.5225,64,2005,44,4,13.84
146047,Active,875604,NA,NA,D,6,1,2105906.396,67.38,2008,34,6.81,108.88
146048,Active,114276,NA,NA,D,5,1,1068317.683,69.8,2001,36,4,4
146049,Active,128353,NA,NA,D,3,1,1670297.271,64.95,2006,25,5.9,52.8
146050,Active,129315,NA,NA,D,4,1,467052.0488,69.95,2011,30,30.79,58.74
146051,Active,118851,NA,NA,D,2,1,3210238.336,75,1998,41,4,18.99
146052,Active,416378,NA,NA,D,5,1,747528.6663,7.49,2005,103,4,7.49
146053,Active,416381,NA,NA,S,5,1,625170.9288,46.25,2005,98,4,7.5
146054,Active,417178,NA,NA,D,6,1,52459.705,79,2010,108,7.38,32.34
146055,Active,111247,NA,NA,D,6,1,59101.2975,247.25,2010,103,17.77,67.25
146056,Active,515088,NA,NA,D,1,0,417118.3625,42.8,2007,65,4,13.99
146057,Active,155155,NA,NA,D,0,0,547556.095,203.95,2002,85,4,8.94
146058,Active,52875,NA,NA,D,6,1,138391.3363,12.69,2003,94,4,12.52
146059,Active,434563,NA,NA,D,8,1,2495653.681,91.8,1999,47,4,8.88
146060,Active,917552,NA,NA,D,2,1,366993.325,41.95,1998,35,18.84,79.23
146061,Active,882672,NA,NA,D,10,1,4483568.791,150,2000,15,8.9,31.19
146062,Active,106041,NA,NA,D,11,1,3183232.706,55.95,2005,33,4,8.48
146063,Active,192469,NA,NA,D,3,1,1475332.648,199,2005,16,13.1,86.98
146064,Active,529442,NA,NA,S,4,1,599130.39,185,2011,27,27.93,72.16
146065,Active,147500,NA,NA,D,3,1,1969166.304,56.95,2006,19,4.78,44.94
146066,Active,146941,NA,NA,D,3,1,868501.4238,46.95,2001,34,4.13,30
146067,Active,248220,NA,NA,D,4,1,748602.7188,141,2010,24,10.62,111.19
146068,Active,106548,NA,NA,D,2,1,533056.4888,75,2007,23,37.66,43.7
146069,Active,1458949,NA,NA,D,3,1,349035.255,116.28,2007,46,31.46,71.27
146070,Active,712284,NA,NA,D,2,1,2781449.58,194.24,2003,17,8.84,63.31
146071,Active,717198,NA,NA,D,3,1,350170.2163,125.33,2008,31,15.1,81.49
146072,Active,902650,NA,NA,D,2,1,1337311.415,58.95,1999,16,16.24,54.99
146073,Active,2542268,NA,NA,D,4,1,1634021.089,86.95,2004,13,24.61,73.94
146074,Active,116484,NA,NA,S,3,1,76745.74875,195.8,2004,44,18.08,185.23
146075,Active,2576544,NA,NA,D,0,0,1808588.124,136.59,1973,23,3,88.4
146076,Active,654001,NA,NA,D,6,1,224947.68,67.95,2002,27,7.7,66.98
146077,Active,198895,NA,NA,D,0,0,442710.8975,53,1996,33,10.64,28.59
146078,Active,879706,NA,NA,D,9,1,497604.0688,149.34,2010,33,21.31,96.27
146079,Active,177865,NA,NA,D,8,1,168742.6525,137.95,2005,33,17.99,56.49
146080,Active,1467647,NA,NA,S,0,0,629303.4,42,2009,55,5.18,56.23
146081,Active,652477,NA,NA,D,0,0,432723.4788,38,2012,44,7.48,19.38
146082,Active,106638,NA,NA,D,1,0,1041520.66,75,2008,50,4,21.99
146083,Active,54936,NA,NA,D,11,1,722659.6838,71.6,2010,30,10.13,54.21
146084,Active,529432,NA,NA,D,0,0,841515.8625,99.95,2013,21,4.42,77.22
146085,Active,255867,NA,NA,D,0,0,993032.7375,97.95,2012,22,10.24,61.99
146086,Active,913067,NA,NA,S,0,0,961203.3938,95.95,2015,28,5.19,57.99
146087,Active,545987,NA,NA,D,0,0,854458.3788,91.95,2014,33,5.03,53.94
146088,Active,255869,NA,NA,S,0,0,638198.5475,97.95,2012,75,3.83,22.23
146089,Active,529422,NA,NA,S,1,0,585805.3775,104,2012,48,4,23.99
146090,Active,53485,NA,NA,D,6,1,1757326.096,79.2,2005,45,4,18.49
146091,Active,53484,NA,NA,D,8,1,174202.3525,118,2010,58,4.98,43.13
146092,Active,53483,NA,NA,D,7,1,885172.5925,88.8,2008,51,4,47.33
146093,Active,152616,NA,NA,D,2,1,391336.7738,59.95,2006,25,6.13,44.99
146094,Active,2778885,NA,NA,S,2,1,464671.0713,85,1994,25,37.19,83.87
146095,Active,711776,NA,NA,D,9,1,1803119.961,97,2005,31,4,42.51
146096,Active,868136,NA,NA,D,10,1,1680216.785,97.33,2008,25,4.44,60.35
146097,Active,615033,NA,NA,D,1,0,508749.1313,102.95,2006,69,4.76,22.5
146098,Active,543916,NA,NA,D,1,0,224761.0275,49.99,2012,47,8.65,21.23
146099,Active,2125369,NA,NA,D,0,0,1169342.626,16,2006,25,9.25,13.86
146100,Active,608431,NA,NA,D,3,1,561646.0288,304.95,2007,22,32.8,106.2
146101,Active,650663,NA,NA,D,1,0,1423612.288,59.95,2012,35,14.87,40.43
146102,Active,278572,NA,NA,D,3,1,392315.1038,44.95,2006,27,7.63,52.45
146103,Active,918604,NA,NA,D,2,1,472467.5438,74.84,1994,102,4,87.71
146104,Active,844194,NA,NA,D,4,1,1676176.963,34.76,1986,28,4,49.37
146105,Active,879290,NA,NA,D,2,1,418740.0425,18.42,2006,36,8.97,18.01
146106,Active,3235789,NA,NA,D,2,1,392755.1963,59.04,2005,56,5.59,48.86
146107,Active,193051,NA,NA,D,3,1,948265.4463,59.95,2003,43,4.87,72.27
146108,Active,598843,NA,NA,D,1,0,778284.5188,45,2005,27,7.29,45
146109,Active,142998,NA,NA,D,5,1,1058316.355,35,2005,41,4,18.89
146110,Active,640712,NA,NA,D,4,1,2593465.926,40.95,2004,24,4,7.47
146111,Active,147422,NA,NA,D,4,1,655912.3325,76.95,2008,47,5.63,53.96
146112,Active,607992,NA,NA,D,3,1,1994395.955,64.95,2003,38,4.34,21.99
146113,Active,631299,NA,NA,D,9,1,1099865.98,41.95,2009,18,6.35,36.62
146114,Active,1932653,NA,NA,D,1,0,262646.5763,39.99,2011,81,4,9.62
146115,Active,918816,NA,NA,D,1,0,646873.6913,39.95,1992,37,15.41,29.95
146116,Active,175701,NA,NA,D,2,1,1437050.586,115,2004,18,20.99,70.96
146117,Active,173935,NA,NA,D,2,1,413364.1175,39.99,2004,37,4.65,25.58
146118,Active,628234,NA,NA,D,1,0,486788.5963,51.95,1995,72,14.37,45.32
146119,Active,751372,NA,NA,D,0,0,626782.8675,50,2008,25,6.25,0
146120,Active,546454,NA,NA,D,2,1,874283.3125,72.99,2011,32,8.06,56.99
146121,Active,280325,NA,NA,D,0,0,498030.8813,89.99,2008,28,22.35,45.94
146122,Active,811844,NA,NA,D,2,1,1689960.853,79.95,2009,14,10.08,21.99
146123,Active,646514,NA,NA,D,2,1,547931.075,75,2009,20,4,63.77
146124,Active,722564,NA,NA,D,0,0,988979.62,58,2007,25,7.38,43.97
146125,Active,119019,NA,NA,D,3,1,36132.3025,72.8,2011,54,26.49,41.78
146126,Active,613154,NA,NA,D,2,1,195044.6638,63,1995,127,4,9.06
146127,Active,639811,NA,NA,D,5,1,80194.30625,67.65,2009,32,12.59,152.95
146128,Active,870904,NA,NA,D,0,0,1138239.284,45.4,2005,45,4,6.95
146129,Active,132507,NA,NA,D,2,1,394156.96,55.4,2008,51,4,18.99
146130,Active,529393,NA,NA,D,3,1,107113.4138,68.4,2012,29,44.97,60.08
146131,Active,2894755,NA,NA,D,0,0,555426.7475,18.95,1991,14,11.74,19.94
146132,Active,615756,NA,NA,D,2,1,13289.81125,110,2011,62,28.48,67.57
146133,Active,616245,NA,NA,D,1,0,265068.9825,65,1988,81,4,33.83
146134,Active,295160,NA,NA,D,0,0,308610.9375,31.95,2005,31,16.69,43.91
146135,Active,127513,NA,NA,D,5,1,837043.5713,54.95,2009,48,4,13.36
146136,Active,175212,NA,NA,D,2,1,4488406.274,95,2000,15,5.94,48.63
146137,Active,118349,NA,NA,D,6,1,18381.575,164.6,2011,72,13.44,76.89
146138,Active,627871,NA,NA,D,2,1,596323.9,178.6,2012,24,48.99,602.82
146139,Active,120364,NA,NA,D,4,1,569565.5225,134.67,2009,38,5.48,43.98
146140,Active,248136,NA,NA,D,2,1,724211.4975,39.95,2010,35,6.35,31.98
146141,Active,120807,NA,NA,D,4,1,650387.4513,160.73,2009,30,32.83,186.39
146142,Active,51250,NA,NA,D,4,1,72598.24125,147.4,2009,80,18.84,76
146143,Active,262724,NA,NA,D,2,1,1066824.393,37.95,2007,22,7.94,20.98
146144,Active,2572325,NA,NA,S,2,1,798639.695,150,1996,16,5.2,108.14
146145,Active,802730,NA,NA,D,6,1,1102856.321,49.99,2011,24,4,5.88
146146,Active,895240,NA,NA,D,7,1,911454.8063,49.99,2013,28,4.95,53.98
146147,Active,204884,NA,NA,D,0,0,1568200.856,39.95,2004,36,4.19,19.75
146148,Active,145740,NA,NA,D,1,0,939366.5763,29.99,2007,95,4,13.24
146149,Active,2057718,NA,NA,D,0,0,894601.6125,60,2008,24,8.64,58.89
146150,Active,2311292,NA,NA,D,1,0,1481371.349,62.95,1985,34,8.49,79.95
146151,Active,860377,NA,NA,D,2,1,1342032,135,2011,18,56.09,100
146152,Active,162117,NA,NA,D,5,1,486410.995,28.99,2008,42,15.97,29.87
146153,Active,659398,NA,NA,D,2,1,527017.3925,144.95,2001,25,5.52,22.35
146154,Active,113693,NA,NA,D,2,1,2594815.251,125,1999,23,6.97,39.98
146155,Active,222847,NA,NA,S,0,0,675365.9138,62,1998,23,18.53,96.91
146156,Active,253875,NA,NA,D,6,1,763248.9013,266.95,2009,23,57.49,196.79
146157,Active,797633,NA,NA,D,5,1,1067583.449,287.95,2004,26,7.9,73.11
146158,Active,252633,NA,NA,D,3,1,358567.8488,23.95,2009,47,8.41,78.11
146159,Active,183248,NA,NA,D,2,1,612991.9425,225.95,2005,60,4,8.98
146160,Active,244940,NA,NA,S,4,1,708933.3575,318.95,2003,48,11.59,60.29
146161,Active,217295,NA,NA,D,3,1,1165937.646,40,2007,28,4,24.99
146162,Active,119287,NA,NA,D,3,1,2896122.261,37,1998,17,6.06,11.94
146163,Active,913276,NA,NA,D,4,1,1084545.044,44.25,2001,27,4,38.72
146164,Active,121552,NA,NA,D,2,1,877572.6763,110.13,2009,28,21.46,43.07
146165,Active,537127,NA,NA,D,7,1,321231.1325,183.2,2010,24,23.89,119.24
146166,Active,645043,NA,NA,D,7,1,2068245.673,183.2,2010,24,23.04,97.44
146167,Active,633215,NA,NA,D,3,1,917877.135,230.4,2010,36,12.47,212.99
146168,Active,52882,NA,NA,D,5,1,1101155.25,139.6,2004,105,4.56,16
146169,Active,629848,NA,NA,D,4,1,195254.0438,69.95,2009,24,11.43,43.98
146170,Active,248967,NA,NA,D,3,1,1082472.08,182,2006,21,41.88,101.99
146171,Active,529353,NA,NA,D,7,1,1184755.371,263,2010,24,18.23,76.81
146172,Active,192476,NA,NA,D,6,1,1846611.054,280,2005,16,5.42,63.23
146173,Active,2596447,NA,NA,D,3,1,4953712.503,99.99,1990,13,33.45,97.93
146174,Active,175062,NA,NA,D,2,1,362320.3988,34.99,2008,28,15.76,0
146175,Active,182553,NA,NA,D,6,1,751234.8425,114.22,2001,22,48.99,88.94
146176,Active,181987,NA,NA,D,3,1,268907.7,39.99,2006,85,4,23.98
146177,Active,267349,NA,NA,D,2,1,2005377.22,47.25,2004,31,4,9.61
146178,Active,905987,NA,NA,D,2,1,2760424.135,109,2002,20,4,49.25
146179,Active,609423,NA,NA,D,4,1,5729761.751,59.95,2001,58,3.99,24.01
146180,Active,225817,NA,NA,D,5,1,1375219.351,164.95,2003,17,14.68,79.62
146181,Active,644839,NA,NA,D,2,1,1421180.218,0,2012,14,19.65,0
146182,Active,630051,NA,NA,D,0,0,293260.3688,128.99,2010,19,29.9,348.99
146183,Active,110903,NA,NA,D,3,1,4029691.936,31.99,2002,20,4.98,35.59
146184,Active,52215,NA,NA,D,4,1,777862.0825,209.2,2009,65,4,11.59
146185,Active,874107,NA,NA,D,4,1,1683935.951,18.94,2010,24,4.03,7.95
146186,Active,116016,NA,NA,D,2,1,3669882.07,48.4,2004,43,3.34,6.99
146187,Active,515186,NA,NA,D,3,1,739267.8338,81,2008,90,4,12.99
146188,Active,754013,NA,NA,D,1,0,499198.695,87,2010,21,31.77,0
146189,Active,163183,NA,NA,D,2,1,193871.2038,51.99,2011,45,10.22,45.99
146190,Active,137532,NA,NA,D,4,1,929202.605,113.33,2008,25,4.77,46.67
146191,Active,230675,NA,NA,D,1,0,983016.0975,39.95,2001,33,4,20.49
146192,Active,646941,NA,NA,D,6,1,40458.0425,119.95,2013,55,33.33,60.99
146193,Active,624331,NA,NA,D,5,1,459173.2513,113.95,2010,57,4,11.33
146194,Active,120875,NA,NA,D,4,1,84430.45875,202.6,2010,59,63.12,198.17
146195,Active,107447,NA,NA,D,11,1,702680.6613,116.25,2006,41,6.62,20.99
146196,Active,533600,NA,NA,D,12,1,978864.6975,205,2008,43,4,28.98
146197,Active,54215,NA,NA,D,1,0,179516.5338,82.95,2010,46,14.94,32.5
146198,Active,2561361,NA,NA,D,2,1,4237356.364,89.95,1984,17,4.39,73.7
146199,Active,895942,NA,NA,D,2,1,3782779.833,99.95,2006,19,20.59,63.82
146200,Active,1540249,NA,NA,D,4,1,572137.7188,46.95,2008,19,6.77,61.75
146201,Active,182001,NA,NA,D,1,0,445673.0275,39.99,2009,31,4.29,44.45
146202,Active,259706,NA,NA,D,5,1,4277287.594,68.95,2001,13,4.98,48.52
146203,Active,244984,NA,NA,D,6,1,2411450.055,94.95,2002,23,4,48.98
146204,Active,913938,NA,NA,D,1,0,1183258.165,49.99,2002,34,4,11.09
146205,Active,873435,NA,NA,S,1,0,525998.6825,81,1996,55,4,12.88
146206,Active,148879,NA,NA,D,3,1,661704.5925,37.5,2003,72,4,11.64
146207,Active,751635,NA,NA,D,1,0,682509.6775,49.95,2009,25,13.99,39.98
146208,Active,621689,NA,NA,D,1,0,259885.0688,115.6,2003,31,9.45,69.63
146209,Active,802353,NA,NA,D,6,1,2294865.976,173.95,2006,23,4.64,28.39
146210,Active,387468,NA,NA,D,6,1,1447079.998,161.95,2008,25,6.63,48.47
146211,Active,169998,NA,NA,D,7,1,505689.9913,163.95,2010,51,5.19,43.99
146212,Active,198164,NA,NA,D,4,1,1058776.578,98.65,2010,23,5.68,28.65
146213,Active,198107,NA,NA,D,4,1,431872.4663,56.65,2010,19,8.29,51.39
146214,Active,743183,NA,NA,D,1,0,794083.0163,39.95,1999,20,4,173.31
146215,Active,591630,NA,NA,D,3,1,3874088.975,37.95,2005,19,6.75,47.93
146216,Active,544898,NA,NA,D,4,1,955720.355,42.95,2010,22,18.24,23.97
146217,Active,200207,NA,NA,D,2,1,1436122.983,62.95,2006,23,4,18.99
146218,Active,529302,NA,NA,D,3,1,930739.6725,60,2007,33,12.77,40.32
146219,Active,131213,NA,NA,D,3,1,1603972.083,77,1998,38,4,9.44
146220,Active,113738,NA,NA,D,5,1,2753537.71,90,1999,36,4.31,13.25
146221,Active,276633,NA,NA,D,2,1,1106629.168,49.5,2006,28,4.76,26.94
146222,Active,157736,NA,NA,D,1,0,114557.6338,59.95,2011,30,42.08,0
146223,Active,300335,NA,NA,D,2,1,1059330.289,74.95,2011,42,3,44.1
146224,Active,3595312,NA,NA,D,2,1,2305252.75,45,1997,32,4,30.97
146225,Active,222845,NA,NA,D,4,1,1011668.951,146,2005,34,33.99,156.33
146226,Active,529295,NA,NA,D,8,1,663346.7688,78.95,2011,27,23.49,59.31
146227,Active,670762,NA,NA,D,2,1,477571.7638,89.33,2002,23,57.05,91.49
146228,Active,55988,NA,NA,D,10,1,1469849.924,89.95,2007,109,4,7.29
146229,Active,55989,NA,NA,D,11,1,944371.5188,102,2009,130,3.99,4.8
146230,Active,871773,NA,NA,S,3,1,2937268.21,91,2000,19,6.25,71.95
146231,Active,143491,NA,NA,D,4,1,695943.4963,43,2003,27,7.38,37.99
146232,Active,2027254,NA,NA,D,2,1,467086.3625,115.95,2006,15,31.91,34.23
146233,Active,537940,NA,NA,D,4,1,6577617.628,158.95,2003,25,4,10.99
146234,Active,609855,NA,NA,D,6,1,30649.8825,230.8,2013,74,19.1,76.99
146235,Active,51719,NA,NA,D,3,1,1726892.271,154,2006,69,4,8.95
146236,Active,58537,NA,NA,D,4,1,2604531.42,183.33,2008,10,33.99,183.33
146237,Active,617529,NA,NA,D,2,1,799075.0613,83,2007,49,4,16.88
146238,Active,233382,NA,NA,D,3,1,8156.535,37.5,2009,42,10.29,27.64
146239,Active,920318,NA,NA,D,2,1,707178.5488,23.99,2005,47,4,17.62
146240,Active,919955,NA,NA,D,2,1,893563.405,28.95,2005,53,3.99,11.38
146241,Active,178855,NA,NA,D,5,1,1991761.309,118.95,2008,23,4,23.89
146242,Active,3151408,NA,NA,D,5,1,4111512.42,149,2002,15,8.31,65.98
146243,Active,50688,NA,NA,D,15,1,75371.77125,65.53,2010,76,14.72,53.96
146244,Active,874161,NA,NA,S,5,1,839797.75,169.5,2010,22,8.74,147.13
146245,Active,109661,NA,NA,D,3,1,956087.9625,72.91,2005,38,4,59.39
146246,Active,147547,NA,NA,D,7,1,653371.6925,58.95,2004,80,4,8.98
146247,Active,147672,NA,NA,D,8,1,55153.955,72.95,2010,70,5.74,14.98
146248,Active,119204,NA,NA,D,6,1,64675.975,169.8,2012,75,12.18,124.14
146249,Active,55223,NA,NA,D,4,1,975763.9088,108,2005,110,4,5.52
146250,Active,177396,NA,NA,D,6,1,1096895.946,128.95,2003,41,4,43.94
146251,Active,255698,NA,NA,D,2,1,92816.4175,35,2010,72,4.95,78.39
146252,Active,560356,NA,NA,D,6,1,2735578.214,39,2009,17,4.63,21.99
146253,Active,1845465,NA,NA,D,7,1,6352524.173,107.5,2009,15,5.3,107.5
146254,Active,624714,NA,NA,D,4,1,347009.03,49.95,2012,34,18.29,100.99
146255,Active,143024,NA,NA,D,3,1,3844020.06,166,2006,17,6.6,11.43
146256,Active,723368,NA,NA,D,1,0,2228165.774,200,2009,16,22.37,129.53
146257,Active,626714,NA,NA,D,0,0,1194358.19,52,2012,33,4,4
146258,Active,1767396,NA,NA,D,0,0,1524965.379,34.99,2014,18,22.58,25.59
146259,Active,270664,NA,NA,S,3,1,395753.2663,70,2009,34,4.61,53.45
146260,Active,2625869,NA,NA,D,4,1,11710515.35,162.95,1997,4,37.59,50.21
146261,Active,57335,NA,NA,D,6,1,516224.99,115.95,2006,46,4.23,76.79
146262,Active,529286,NA,NA,D,7,1,314614.8188,190.95,2012,69,11.49,53.17
146263,Active,183260,NA,NA,D,6,1,781313.9863,73.95,2005,28,4,61.99
146264,Active,56806,NA,NA,D,5,1,755995.6575,105.33,2006,73,4,9.98
146265,Active,56804,NA,NA,D,6,1,90487.24,124.2,2009,80,9.05,50.08
146266,Active,111425,NA,NA,D,5,1,2189535.873,38.67,2009,19,4.23,7.29
146267,Active,615889,NA,NA,D,5,1,939051.2388,35,2006,85,4,18.99
146268,Active,2106858,NA,NA,D,0,0,777671.9275,43,2014,33,3.99,30.98
146269,Active,621045,NA,NA,D,2,1,1436059.273,114.67,2002,26,4.8,12.97
146270,Active,60490,NA,NA,D,3,1,3016764.555,80.33,2000,27,4,25.19
146271,Active,539998,NA,NA,D,5,1,778790.5175,35.6,2012,31,4,17.18
146272,Active,542155,NA,NA,D,3,1,2164035.475,56.25,2005,13,11.49,57.95
146273,Active,536182,NA,NA,D,3,1,405236.45,35.5,2004,49,4,33.99
146274,Active,2607947,NA,NA,D,3,1,1584084.926,56.25,2005,12,23.99,56.25
146275,Active,174310,NA,NA,D,3,1,339074.3938,33.75,2004,48,4,28.98
146276,Active,635703,NA,NA,D,1,0,28753.47875,86,2012,61,9.73,0
146277,Active,169817,NA,NA,S,12,1,423866.3638,229.95,2008,45,4.42,32.99
146278,Active,110591,NA,NA,D,4,1,989585.1163,18.21,2006,54,4,8.99
146279,Active,144276,NA,NA,D,4,1,907764.0313,73.4,2002,36,4,9.98
146280,Active,270687,NA,NA,D,8,1,840364.245,69,2011,61,4,28.16
146281,Active,279157,NA,NA,D,7,1,842288.1838,53.95,2006,60,4,7.99
146282,Active,215695,NA,NA,D,3,1,2064927.034,85,2002,27,12.38,10.98
146283,Active,660341,NA,NA,D,0,0,1191714.72,75,2011,46,37.86,57.23
146284,Active,167020,NA,NA,D,3,1,370325.9138,49.95,2007,116,4.93,16.94
146285,Active,608313,NA,NA,D,2,1,989308.805,45,2003,122,4,10.74
146286,Active,106130,NA,NA,D,2,1,344342.285,59.95,2004,57,4.13,28.94
146287,Active,290487,NA,NA,S,4,1,196935.1738,90,2003,70,4,19.9
146288,Active,551090,NA,NA,S,7,1,20050.44375,380,2012,99,9.79,35.98
146289,Active,163442,NA,NA,D,14,1,470925.8525,33.79,2011,50,9.39,11.39
146290,Active,50285,NA,NA,D,6,1,877341.7,32.03,2010,114,7.13,23.97
146291,Active,110629,NA,NA,D,5,1,856480.955,234.5,2008,127,4,8.98
146292,Active,53986,NA,NA,D,12,1,1183805.685,5.95,2007,111,3.97,5.95
146293,Active,244306,NA,NA,D,0,0,561431.13,57.49,2011,31,5.29,53.74
146294,Active,533666,NA,NA,D,6,1,9142.53625,226.4,2012,112,12.97,78.53
146295,Active,3606589,NA,NA,D,4,1,3519448.9,67.9,1988,24,3.88,0
146296,Active,182679,NA,NA,D,3,1,187872.5175,311.95,2002,77,6.43,69.55
146297,Active,146600,NA,NA,D,4,1,719577.1613,219.33,2010,27,9.12,82.87
146298,Active,53953,NA,NA,D,11,1,15712.595,226.4,2010,157,13.99,43.99
146299,Active,540795,NA,NA,S,10,1,83660.70625,216.8,2013,49,53.14,103.99
146300,Active,146617,NA,NA,D,2,1,2017621.03,199.33,2010,21,13.74,0
146301,Active,52494,NA,NA,S,4,1,736565.7425,138.67,2004,113,4.58,6.86
146302,Active,537690,NA,NA,S,2,1,702829.915,159.46,2012,33,11.34,58.99
146303,Active,529244,NA,NA,D,7,1,38009.8575,216.8,2011,144,5.98,31.79
146304,Active,183720,NA,NA,D,4,1,1796633.649,301.95,2007,44,4,42.11
146305,Active,53516,NA,NA,D,6,1,192280.4475,172,2009,72,4.53,23.99
146306,Active,57364,NA,NA,S,3,1,54047.47,89.33,2010,58,9.3,76.21
146307,Active,145888,NA,NA,D,10,1,101463.07,162.67,2008,64,12.03,43.99
146308,Active,875301,NA,NA,D,1,0,2125628.035,8.99,2007,30,6.62,8.99
146309,Active,57363,NA,NA,D,2,1,1110914.791,31.13,2006,47,4,22.49
146310,Active,536547,NA,NA,D,7,1,581445.5163,230.8,2012,22,16.66,186.64
146311,Active,146452,NA,NA,D,8,1,405937.3425,219.33,2010,39,14.11,602.99
146312,Active,61141,NA,NA,D,4,1,1295466.891,138.67,2005,86,4.97,13.94
146313,Active,51445,NA,NA,D,6,1,1911481.718,122.67,2003,60,4,10.41
146314,Active,117711,NA,NA,D,3,1,954668.51,156.67,2006,79,4.18,13.99
146315,Active,182995,NA,NA,D,4,1,2347106.173,201.95,2004,49,4,4
146316,Active,288546,NA,NA,D,2,1,597315.2013,147.33,2004,62,4.58,38.6
146317,Active,533856,NA,NA,D,11,1,11554.94625,356.95,2012,137,12.81,97.99
146318,Active,107207,NA,NA,D,1,0,947823.4763,734.26,2000,19,9.29,51.95
146319,Active,288913,NA,NA,D,10,1,785827.7,39.95,1900,26,5.09,43.99
146320,Active,298892,NA,NA,D,11,1,559999.8638,367.95,2009,32,8.27,257.52
146321,Active,627068,NA,NA,D,2,1,1334776.963,170,1993,32,5.98,49.24
146322,Active,1615711,NA,NA,D,2,1,836307.7588,39.99,2006,40,4,8.03
146323,Active,289246,NA,NA,D,4,1,702115.405,109,2007,23,43.99,54.99
146324,Active,594296,NA,NA,D,4,1,831119.7788,109,2010,24,16.69,83.71
146325,Active,295013,NA,NA,D,2,1,1068071.495,34.5,1999,32,4,16.29
146326,Active,165087,NA,NA,S,2,1,577279.94,99.98,2000,44,20.98,46.39
146327,Active,661190,NA,NA,D,14,1,1352667.641,684,2011,25,4.13,51.33
146328,Active,2650101,NA,NA,D,2,1,3460983.665,65.95,2000,18,25.44,47.8
146329,Active,224531,NA,NA,D,3,1,2483904.793,34.95,2002,30,4,20.98
146330,Active,1702283,NA,NA,D,0,0,388142.9563,138,2014,10,4.95,23.99
146331,Active,147987,NA,NA,D,2,1,2884357.244,188.95,2003,27,4,11.99
146332,Active,247445,NA,NA,D,4,1,3140892.615,69.95,2004,29,4,44.69
146333,Active,574670,NA,NA,S,0,0,354120.3688,216,2010,36,27.18,145.59
146334,Active,263360,NA,NA,D,0,0,204615.2163,129,2006,45,21.45,100.25
146335,Active,52880,NA,NA,D,7,1,476886.5513,15.94,2008,179,4,28.98
146336,Active,111913,NA,NA,D,9,1,11110.18875,434.75,2012,184,5.48,33.98
146337,Active,537444,NA,NA,D,2,1,2757636.711,235.47,2011,18,25.13,153.99
146338,Active,878257,NA,NA,S,6,1,3079191.654,98.51,2011,28,4.59,64.15
146339,Active,871867,NA,NA,D,7,1,3510961.003,110.95,2007,18,8.68,69.35
146340,Active,435657,NA,NA,D,7,1,1529768.806,165.95,2004,33,4.09,5.87
146341,Active,716390,NA,NA,D,3,1,208465.8475,171.53,2013,26,75.14,153.99
146342,Active,105535,NA,NA,D,7,1,1497273.726,29.02,2008,52,4,19.99
146343,Active,52881,NA,NA,D,8,1,103047.64,23.99,2010,132,4,18.22
146344,Active,110195,NA,NA,S,12,1,101739.6363,244.5,2009,38,8.71,50.99
146345,Active,52180,NA,NA,D,5,1,1391630.349,196,2006,61,4,4.96
146346,Active,108781,NA,NA,D,10,1,2586860.318,170,2006,43,4.57,7.99
146347,Active,201740,NA,NA,D,2,1,1607869.783,132.95,2006,23,4,11.84
146348,Active,120778,NA,NA,D,2,1,277540.1313,228.8,2011,66,8.8,63.99
146349,Active,105355,NA,NA,D,8,1,354471.9038,89.75,2010,33,6.55,49.9
146350,Active,111167,NA,NA,D,12,1,176624.6,24.58,2009,140,8.08,48.99
146351,Active,556424,NA,NA,D,2,1,613804.5438,63.95,2012,23,4.38,28.99
146352,Active,119261,NA,NA,D,14,1,28321.1275,244.2,2012,80,10.97,33.99
146353,Active,55983,NA,NA,D,13,1,175233.84,227.8,2010,52,9.98,55.98
146354,Active,55980,NA,NA,D,11,1,730474.5663,196,2007,92,4,9.98
146355,Active,57620,NA,NA,D,6,1,432431.5138,471.95,2004,65,4,21.28
146356,Active,560455,NA,NA,D,11,1,1630956.156,185,2012,26,11.12,82.23
146357,Active,52176,NA,NA,D,4,1,1112201.835,137.33,2007,92,4,13.44
146358,Active,1541775,NA,NA,D,2,1,3611918.085,69.95,2010,15,6.34,60.14
146359,Active,637268,NA,NA,D,4,1,1858111.675,148,2006,16,9,64.77
146360,Active,2047374,NA,NA,D,3,1,2556862.861,95,2006,15,12.52,43.99
146361,Active,179033,NA,NA,D,3,1,2136128.559,98.95,1996,55,3.99,11.74
146362,Active,118303,NA,NA,S,9,1,18262.56875,266.8,2011,77,20.63,66.64
146363,Active,50275,NA,NA,S,8,1,378363.1938,220,2009,41,19.99,49.22
146364,Active,633912,NA,NA,D,14,1,1183411.569,112.25,2008,24,4.91,33.07
146365,Active,741567,NA,NA,D,8,1,570838.7788,56.65,2008,26,4.38,45.78
146366,Active,129039,NA,NA,D,0,0,3112704.126,119.95,2007,20,4.58,66.87
146367,Active,533548,NA,NA,S,14,1,43625.57375,324.95,2012,62,26.99,90.53
146368,Active,252661,NA,NA,D,2,1,115896.7725,44.66,2011,32,23.52,29.22
146369,Active,899657,NA,NA,D,2,1,1926831.089,78,2006,13,7.42,135.8
146370,Active,53478,NA,NA,D,7,1,239179.1663,125.4,2005,97,4.35,33.99
146371,Active,117205,NA,NA,D,2,1,1054985.591,154,2005,78,4,6.97
146372,Active,644776,NA,NA,D,1,0,70419.6375,45,2011,27,27.99,39.88
146373,Active,645884,NA,NA,D,3,1,2314383.533,78,2006,14,11.22,54.91
146374,Active,349829,NA,NA,D,11,1,40717.245,334.95,2011,82,11.03,33.49
146375,Active,50812,NA,NA,D,9,1,465006.9338,239.95,2007,49,4,5.91
146376,Active,263363,NA,NA,D,1,0,987082.66,105,2006,27,4,64.95
146377,Active,272097,NA,NA,D,5,1,1822818.465,68.65,2007,19,5.7,30.66
146378,Active,193447,NA,NA,D,4,1,902853.3138,140,2006,23,10.13,63.81
146379,Active,482064,NA,NA,D,3,1,955273.3263,37,2006,59,4,13.44
146380,Active,671543,NA,NA,D,3,1,584890.9625,210,2012,30,36.37,68.99
146381,Active,270069,NA,NA,D,2,1,1782770.121,169,2008,18,11.5,78.17
146382,Active,173755,NA,NA,D,5,1,2104714.943,71,2003,38,4,48.04
146383,Active,859893,NA,NA,D,6,1,2789856.005,165,2009,12,25.48,194.25
146384,Active,143345,NA,NA,D,3,1,4749694.105,101.5,1997,13,7.36,48.99
146385,Active,175095,NA,NA,D,6,1,286967.9613,74.99,2008,34,10.16,33.99
146386,Active,268805,NA,NA,D,4,1,331090.9813,52,2009,32,4,7.66
146387,Active,600101,NA,NA,D,2,1,996439.33,43,2006,38,4,87.47
146388,Active,270123,NA,NA,D,3,1,323128.3938,44,2010,37,6.91,44
146389,Active,723113,NA,NA,D,1,0,1089402.089,79,2013,17,16,30.99
146390,Active,534601,NA,NA,D,2,1,2280889.444,49.95,2009,32,4,20.49
146391,Active,634153,NA,NA,D,3,1,1316897.36,75,2005,26,4,53.87
146392,Active,267891,NA,NA,D,0,0,1948638.591,43.97,2004,22,5.33,105.69
146393,Active,293697,NA,NA,D,2,1,854665.1363,124.95,2006,29,9.56,36.49
146394,Active,163187,NA,NA,D,6,1,584961.8638,75,2009,29,5.97,165.64
146395,Active,298118,NA,NA,D,5,1,2646108.104,77.5,2005,30,4.48,42.48
146396,Active,330123,NA,NA,D,2,1,2776006.481,198.95,2000,25,4,19.95
146397,Active,539441,NA,NA,S,8,1,7314.73,266.6,2013,82,30.11,68.97
146398,Active,50982,NA,NA,D,5,1,1453551.036,173.33,2005,79,4,26.02
146399,Active,184513,NA,NA,D,3,1,2446872.293,84.99,2004,24,4,38.99
146400,Active,872366,NA,NA,D,2,1,3203562.801,11.56,2006,29,4,11.72
146401,Active,593145,NA,NA,D,3,1,1262925.423,108.99,2008,40,4,44.79
146402,Active,537652,NA,NA,S,16,1,6348.2925,325,2012,95,23.12,44.99
146403,Active,251766,NA,NA,S,3,1,275762.6588,228.95,2008,35,13.98,37.51
146404,Active,607767,NA,NA,D,4,1,1097965.866,73,2009,29,4,13.98
146405,Active,607398,NA,NA,D,3,1,913394.65,102.2,2007,22,4,21.47
146406,Active,133030,NA,NA,D,4,1,479931.3,104.4,2009,48,4,50.49
146407,Active,60499,NA,NA,D,3,1,981418.0188,105.4,2007,33,4,53.68
146408,Active,141064,NA,NA,D,4,1,764698.7563,181.95,1999,67,3.99,46.03
146409,Active,243989,NA,NA,D,2,1,280611.4588,159.95,2011,70,4,18.99
146410,Active,533573,NA,NA,D,11,1,46218.02875,103.2,2012,68,8.31,19.79
146411,Active,109136,NA,NA,D,6,1,2495556.021,82.25,2005,27,4.29,8.99
146412,Active,108470,NA,NA,D,5,1,3821245.061,67.1,2003,32,4.4,16.96
146413,Active,177350,NA,NA,D,1,0,1725601.99,153.95,2009,44,4,24.99
146414,Active,53085,NA,NA,D,8,1,946099.12,117.6,2008,63,4,43.89
146415,Active,133269,NA,NA,S,9,1,535583.8375,131.8,2010,48,4.97,37.49
146416,Active,637554,NA,NA,D,6,1,48535.10125,118.2,2013,63,16.18,61.87
146417,Active,540100,NA,NA,D,6,1,167858.0538,107,2012,94,4.91,28.97
146418,Active,52230,NA,NA,D,6,1,114560.605,98.8,2011,52,10.36,94.17
146419,Active,557600,NA,NA,D,5,1,1236181.51,93.2,2010,54,4,6.99
146420,Active,533617,NA,NA,D,10,1,65420.93,152.6,2012,56,12.4,108.17
146421,Active,632022,NA,NA,S,10,1,19866.93125,178.4,2013,85,27.71,62.36
146422,Active,132492,NA,NA,D,8,1,360645.7638,110,2007,50,4,23.65
146423,Active,575292,NA,NA,D,2,1,1566899.865,34.95,2008,24,13.89,34.95
146424,Active,128962,NA,NA,D,2,1,2265282.09,44.95,2005,35,4,12.35
146425,Active,128701,NA,NA,D,2,1,1046317.743,54.95,2009,38,4,16.49
146426,Active,129255,NA,NA,D,2,1,486625.9988,67.95,2010,29,4.34,26.93
146427,Active,129115,NA,NA,D,0,0,1445632.716,49.95,2007,29,4,30.43
146428,Active,117814,NA,NA,D,4,1,666442.6575,81.8,2009,28,4,23.98
146429,Active,125988,NA,NA,D,0,0,994879.3788,39.95,2001,33,4,29.28
146430,Active,646220,NA,NA,D,2,1,1379353.846,39,2005,26,9.08,9.7
146431,Active,658160,NA,NA,S,9,1,265009.6988,43,2012,34,28.94,40.39
146432,Active,1453164,NA,NA,D,10,1,1115920.304,144.47,2014,23,70.44,136.99
146433,Active,529184,NA,NA,D,4,1,1794049.653,77.95,2009,18,6.38,111.25
146434,Active,143619,NA,NA,D,3,1,1915613.944,188,2010,19,13.44,33.42
146435,Active,114170,NA,NA,D,2,1,4565778.881,85,2001,38,3.99,8.8
146436,Active,244424,NA,NA,S,6,1,551789.9438,64.95,2011,71,4,22.86
146437,Active,243998,NA,NA,D,7,1,14408.8175,197.95,2012,222,8.59,43.45
146438,Active,874592,NA,NA,D,1,0,1517387.331,95.25,2008,23,7.04,11.63
146439,Active,2253498,NA,NA,D,5,1,5838200.961,54.8,2007,38,5.59,54.63
146440,Active,860823,NA,NA,D,13,1,1001004.649,170.13,2012,39,7.85,123.98
146441,Active,285098,NA,NA,S,6,1,417008.8125,67.5,2000,78,4,13.77
146442,Active,268343,NA,NA,D,2,1,479215.1575,78,2004,21,5.84,28.97
146443,Active,253986,NA,NA,D,6,1,163017.4625,70.95,2010,268,3.84,14.54
146444,Active,248881,NA,NA,D,5,1,1063767.024,54.95,2006,135,3.77,9.73
146445,Active,50243,NA,NA,D,10,1,202613.5863,79.95,2006,193,4,11.98
146446,Active,127125,NA,NA,S,10,1,374340.8788,74.95,2008,21,16.26,17.98
146447,Active,247673,NA,NA,D,3,1,1256159.591,54.95,2006,27,6.35,43.99
146448,Active,245110,NA,NA,D,7,1,2581000.144,136.95,2004,29,7.24,113.09
146449,Active,53848,NA,NA,D,9,1,279134.07,209.95,2011,53,35.29,150.02
146450,Active,53847,NA,NA,S,7,1,418719.3063,201.95,2003,95,4,18.99
146451,Active,147080,NA,NA,D,2,1,1727377.221,80.95,2003,28,4,13.98
146452,Active,169707,NA,NA,D,6,1,191627.3513,252.95,2008,41,18.99,58.05
146453,Active,224703,NA,NA,S,4,1,66301.06625,161.95,2010,49,18.5,101.83
146454,Active,656906,NA,NA,D,4,1,402583.8488,155.95,2010,20,12.72,33.99
146455,Active,659352,NA,NA,D,13,1,2185803.693,51.66,2010,20,3,63.06
146456,Active,294866,NA,NA,S,1,0,653232.22,56.95,1996,42,4,47.06
146457,Active,742954,NA,NA,D,3,1,1821542.859,180,2011,19,5.07,0
146458,Active,146405,NA,NA,D,3,1,160933.1425,178.67,2011,122,4.58,21.27
146459,Active,208291,NA,NA,D,2,1,61410.70875,36.99,2001,92,4.88,7.98
146460,Active,2491459,NA,NA,D,2,1,1030544.983,42.95,2004,26,16.62,18.99
146461,Active,166539,NA,NA,D,3,1,3486009.67,38.15,2004,24,4,21.92
146462,Active,1956575,NA,NA,D,2,1,585250.4488,94.99,2014,24,5.93,87.23
146463,Active,1956574,NA,NA,D,2,1,147389.7813,93.49,2014,64,23.93,47.51
146464,Active,133272,NA,NA,D,7,1,299282.9475,40,2010,40,12.41,42.91
146465,Active,60505,NA,NA,D,5,1,1041017.264,108.8,2006,52,4,13.45
146466,Active,132612,NA,NA,D,6,1,254645.9788,121.4,2008,59,4.98,7.75
146467,Active,635956,NA,NA,D,1,0,350963.3838,69,2011,41,5.22,28.49
146468,Active,157679,NA,NA,D,2,1,182164.1063,73.95,2011,30,32.71,49.59
146469,Active,621132,NA,NA,D,3,1,372056.76,46.95,2012,36,21.87,41.87
146470,Active,199958,NA,NA,D,1,0,230456.0188,110.95,2002,31,6.56,33.99
146471,Active,622828,NA,NA,S,1,0,253765.0513,130.95,2000,65,11.64,58.9
146472,Active,268411,NA,NA,D,3,1,670754.8963,50,2006,64,4,7.97
146473,Active,300724,NA,NA,D,1,0,1019396.13,79.95,2010,33,4.78,46.74
146474,Active,3467492,NA,NA,D,1,0,467039.6,88.05,1990,98,6.49,20.94
146475,Active,328174,NA,NA,D,1,0,932179.315,191,2008,39,7.92,42.63
146476,Active,289472,NA,NA,S,0,0,336596.105,32.82,2001,85,4,21.8
146477,Active,176700,NA,NA,S,5,1,597862.2213,185.95,1997,34,29.65,38.97
146478,Active,312534,NA,NA,D,2,1,1334856.293,102.67,1999,27,5.14,33.84
146479,Active,655088,NA,NA,D,4,1,629838.8875,49.99,2013,26,4,0
146480,Active,286464,NA,NA,S,4,1,597065.6525,167.8,2008,47,23.64,68.98
146481,Active,120308,NA,NA,D,4,1,992715.6813,115.6,2008,33,32.52,73.97
146482,Active,152610,NA,NA,D,0,0,1369985.974,99,1997,21,9.96,56.11
146483,Active,60507,NA,NA,D,4,1,981033.9025,93,2001,61,4,20.98
146484,Active,118249,NA,NA,D,11,1,32156.93125,161.4,2011,70,12.38,126.81
146485,Active,539370,NA,NA,S,0,0,328749.1288,116.73,2012,56,4.9,15.73
146486,Active,137517,NA,NA,D,0,0,1208513.479,100,2006,23,9.46,93.8
146487,Active,147538,NA,NA,D,4,1,705284.2163,51.95,2008,18,12.59,80.83
146488,Active,875184,NA,NA,D,5,1,459078.1838,90.03,2007,34,6.36,101.9
146489,Active,131389,NA,NA,D,3,1,4776353.364,102,2000,24,4.26,9.59
146490,Active,164995,NA,NA,D,3,1,2582201.599,145,2001,22,6.38,73.49
146491,Active,114852,NA,NA,D,0,0,1503802.8,125,2003,35,6.65,48.51
146492,Active,226083,NA,NA,D,1,0,3742651.781,92.95,2007,18,39.48,75.83
146493,Active,333674,NA,NA,D,0,0,672069.7663,89.95,2011,25,47.98,57.98
146494,Active,408201,NA,NA,D,1,0,2198701.073,153.95,2003,27,4.1,28.99
146495,Active,239997,NA,NA,D,3,1,237204.9913,34.95,2002,60,10.99,65.75
146496,Active,109674,NA,NA,D,1,0,358804.2838,128.75,2006,35,4.42,5.45
146497,Active,108784,NA,NA,D,1,0,756146.9688,370.54,2005,32,22.68,114.97
146498,Active,333645,NA,NA,D,0,0,2470714.91,84.95,2007,30,18.98,33.02
146499,Active,333033,NA,NA,D,3,1,2809520.064,35.95,2000,37,4.77,47.34
146500,Active,541859,NA,NA,D,2,1,1136408.7,61.95,2012,27,35.96,50.95
146501,Active,177059,NA,NA,D,6,1,2153861.795,240.95,2004,22,4.76,16.98
146502,Active,56455,NA,NA,D,8,1,1377236.094,99.2,2004,54,4,18.98
146503,Active,529104,NA,NA,D,4,1,763982.8175,56,2010,27,27.99,45.1
146504,Active,196650,NA,NA,D,3,1,1831901.666,69.95,2005,30,4,44.65
146505,Active,370262,NA,NA,D,2,1,3185440.235,115.95,2003,17,4.13,17.49
146506,Active,529103,NA,NA,D,7,1,1383774.731,96.95,2012,25,11.98,63.97
146507,Active,271494,NA,NA,D,2,1,1819612.344,59.95,2006,31,4.47,6.96
146508,Active,262585,NA,NA,D,2,1,587701.0088,54.95,2000,62,4,33.94
146509,Active,261096,NA,NA,D,5,1,290255.3325,59.95,2007,37,4,13.84
146510,Active,261068,NA,NA,D,4,1,947024.885,49.95,2001,23,4.36,42.98
146511,Active,131587,NA,NA,D,2,1,2991375.978,81.6,2002,51,4,43.99
146512,Active,386972,NA,NA,D,2,1,1217360.486,79.95,2008,24,11.53,103.26
146513,Active,296921,NA,NA,D,3,1,1155475.916,102.25,2001,55,4,15.98
146514,Active,2575470,NA,NA,D,1,0,1180711.978,90.2,1986,32,4,64.95
146515,Active,900821,NA,NA,D,0,0,1175394.26,28.45,2001,35,7.48,107.76
146516,Active,317882,NA,NA,D,6,1,2611525.935,105,1998,22,5.3,125.53
146517,Active,315015,NA,NA,D,5,1,2727619.918,100.1,1996,23,4,23.97
146518,Active,290252,NA,NA,D,3,1,2603652.534,98,2003,19,17.22,19.98
146519,Active,322666,NA,NA,D,3,1,1372360.714,120,2005,51,3.99,8.99
146520,Active,121168,NA,NA,D,4,1,373157.65,152.6,2010,68,4.33,45.4
146521,Active,332659,NA,NA,D,4,1,529388.3013,65,2009,20,12.58,37.28
146522,Active,272479,NA,NA,D,3,1,1514504.018,75,2008,21,6.32,9.66
146523,Active,2947094,NA,NA,D,2,1,3296877.724,57.95,2004,17,4.75,158.33
146524,Active,581718,NA,NA,D,7,1,426375.9288,59.95,2011,26,18.79,52.45
146525,Active,309807,NA,NA,S,7,1,48617.7425,46.04,2011,63,17.74,52.94
146526,Active,3073526,NA,NA,D,5,1,3476077.443,99.95,2005,15,4.24,23.98
146527,Active,108788,NA,NA,D,4,1,130058.2625,85.97,2004,59,4.54,15.53
146528,Active,53097,NA,NA,D,11,1,868710.9175,294.95,2007,119,4,10.49
146529,Active,58438,NA,NA,D,6,1,976835.66,82.95,2007,66,5.11,5.9
146530,Active,60513,NA,NA,D,4,1,462344.4988,81.95,2004,82,4,18.98
146531,Active,249193,NA,NA,D,5,1,265177.4313,97.95,2008,75,5.93,17.94
146532,Active,561725,NA,NA,D,6,1,9459.46625,112,2012,137,46.09,70.45
146533,Active,386509,NA,NA,D,6,1,8280116.64,94.95,2007,15,4,16.49
146534,Active,366064,NA,NA,D,2,1,3962442.833,90,2009,13,15.99,103.97
146535,Active,198376,NA,NA,D,2,1,340264.18,58,2009,44,4.94,41.99
146536,Active,362317,NA,NA,D,2,1,4720392.504,83.95,2002,12,4.52,70.89
146537,Active,148665,NA,NA,D,8,1,714240.55,424.95,2009,53,4.25,22.24
146538,Active,156760,NA,NA,S,0,0,1102725.819,65.95,1999,38,4.74,28.81
146539,Active,2700504,NA,NA,D,2,1,3341096.318,99,1996,18,4,87.96
146540,Active,252052,NA,NA,S,6,1,484551.2488,291.95,2010,53,8.49,51.99
146541,Active,145509,NA,NA,D,1,0,186607.76,238.4,2007,27,47.54,83.96
146542,Active,652696,NA,NA,D,3,1,188224.1238,85.85,2011,25,29.94,55.46
146543,Active,130080,NA,NA,D,0,0,72254.3275,138.67,2002,34,7.98,58.07
146544,Active,145433,NA,NA,D,7,1,834452.8763,160,2007,36,4,59.53
146545,Active,329769,NA,NA,D,6,1,1917963.96,106.67,2004,40,4,42.91
146546,Active,278215,NA,NA,D,1,0,1348669.099,38.95,2001,58,4,13.68
146547,Active,60515,NA,NA,D,6,1,1997345.068,20,2003,29,4,19.9
146548,Active,282048,NA,NA,S,3,1,345612.4863,209.1,1998,43,13.96,25.26
146549,Active,286527,NA,NA,S,3,1,40887.95375,152,1999,47,30.99,94.08
146550,Active,2431098,NA,NA,D,3,1,361333.8338,183.53,1988,29,6.19,53.99
146551,Active,328390,NA,NA,D,3,1,883252.5963,199,2010,36,7.88,140.83
146552,Active,328171,NA,NA,D,2,1,3530042.59,103,2007,12,4,73.96
146553,Active,2571871,NA,NA,D,2,1,4931746.384,23.98,1994,25,4,23.98
146554,Active,115769,NA,NA,D,6,1,3541454.295,80,2004,22,4,44.91
146555,Active,58392,NA,NA,D,1,0,2557850.068,19.99,2000,19,4.77,15.99
146556,Active,104021,NA,NA,D,3,1,1591565.284,370.49,1997,52,4,42.43
146557,Active,113075,NA,NA,D,2,1,1973975.48,121,2007,31,15.19,78.46
146558,Active,50508,NA,NA,D,2,1,541245.7913,101.33,2001,50,4,8.99
146559,Active,157238,NA,NA,D,3,1,3169052.601,63.95,2005,21,4,50.11
146560,Active,164748,NA,NA,D,1,0,240330.63,135,1996,40,16.41,75.79
146561,Active,259662,NA,NA,D,3,1,1554309.518,109.95,2003,23,8.21,31
146562,Active,246335,NA,NA,D,2,1,2535051.61,75,2004,21,4.81,66.59
146563,Active,157006,NA,NA,D,2,1,1004781.789,56.95,2003,17,6.68,44.98
146564,Active,142982,NA,NA,D,5,1,567955.3788,41,2004,24,4,42.23
146565,Active,793547,NA,NA,D,4,1,2090528.959,64.95,2002,25,4,4.96
146566,Active,169920,NA,NA,D,3,1,214189.84,193.95,2009,33,32.86,112.63
146567,Active,775327,NA,NA,S,0,0,2321035.401,37.95,1998,21,4,18.95
146568,Active,60062,NA,NA,D,10,1,312066.1913,88.6,2006,72,4,16.94
146569,Active,144792,NA,NA,D,9,1,708721.0025,64.6,2004,36,3.97,12.92
146570,Active,157436,NA,NA,D,4,1,1480260.443,55.95,2007,29,4,23.41
146571,Active,202389,NA,NA,D,2,1,515233.5925,96.95,2002,49,3.99,13.07
146572,Active,163048,NA,NA,D,2,1,313381.7513,100,2010,21,38.24,55.56
146573,Active,105454,NA,NA,D,6,1,838553.6013,105.5,2008,16,30.39,34.19
146574,Active,110173,NA,NA,S,7,1,91230.4325,134.86,2011,44,48.07,156.73
146575,Active,109033,NA,NA,D,5,1,1499801.419,113.54,2004,24,11.67,48.99
146576,Active,385944,NA,NA,D,3,1,2076581.91,87.5,2009,18,7.33,29.99
146577,Active,249831,NA,NA,D,2,1,1865184.935,246.95,2007,21,8.49,8.99
146578,Active,305803,NA,NA,D,2,1,1412595.604,158.75,1996,28,30.19,50.98
146579,Active,299220,NA,NA,D,0,0,989624.96,79.95,2006,24,51.03,61.75
146580,Active,533640,NA,NA,S,10,1,21002.02875,335.95,2012,101,25.94,63.99
146581,Active,623393,NA,NA,D,10,1,867562.1775,211.95,2012,67,4,51.99
146582,Active,162484,NA,NA,D,9,1,1515076.584,10.12,2008,35,4,12.86
146583,Active,809138,NA,NA,D,10,1,285831.6988,96.5,2011,35,29.05,0
146584,Active,637536,NA,NA,S,7,1,47381.24375,231.75,2013,44,42.97,58.99
146585,Active,60518,NA,NA,D,4,1,1940105.428,140.75,2006,27,4,38.99
146586,Active,51208,NA,NA,D,5,1,87965.51625,173.2,2010,61,8.1,46.09
146587,Active,537136,NA,NA,D,2,1,129555.935,99.95,2012,207,5.38,52.91
146588,Active,127528,NA,NA,D,1,0,534927.0413,89.95,2010,69,4,7.56
146589,Active,876501,NA,NA,D,3,1,18611.76,69.95,2014,39,37.6,65.44
146590,Active,315033,NA,NA,S,1,0,657166.3038,86.67,1995,23,14.47,32.62
146591,Active,308506,NA,NA,D,2,1,5318082.965,52.5,2001,29,4,8.96
146592,Active,108747,NA,NA,D,3,1,2130852.42,66.35,2005,26,4,15.99
146593,Active,898886,NA,NA,D,6,1,319748.6338,103.29,2008,28,14.56,77.35
146594,Active,132185,NA,NA,D,5,1,2370248.84,127.6,2005,28,4,56.89
146595,Active,243941,NA,NA,D,3,1,388607.7875,165.95,2011,48,19.9,121.63
146596,Active,203547,NA,NA,D,0,0,361012.5563,77.95,2003,28,11.99,0
146597,Active,293894,NA,NA,D,1,0,28146.75875,113.95,2011,65,50.98,58.51
146598,Active,200212,NA,NA,D,7,1,1019991.84,103.95,2006,72,4.2,5.46
146599,Active,366556,NA,NA,S,8,1,697792.2663,54.95,2009,37,4.7,53.57
146600,Active,594693,NA,NA,D,5,1,789090.4025,103.95,2012,43,10.27,77.99
146601,Active,200549,NA,NA,D,5,1,710367.1763,103.95,2011,66,4,23.94
146602,Active,649945,NA,NA,D,7,1,961060.8475,177.95,2011,23,36.51,0
146603,Active,529032,NA,NA,D,0,0,12060.415,17,2000,311,4,8.13
146604,Active,910633,NA,NA,D,3,1,3308239.633,90.66,1989,28,4.82,57.77
146605,Active,144201,NA,NA,S,3,1,2291691.104,105,1999,40,4,42.49
146606,Active,52549,NA,NA,D,2,1,539348.5863,30.46,2008,63,4,29.99
146607,Active,225943,NA,NA,D,2,1,1240307.794,119.95,2005,26,17.69,35.98
146608,Active,652405,NA,NA,D,1,0,34291.23375,68,2013,38,44.93,50.99
146609,Active,3785920,NA,NA,D,2,1,2701352.5,42,1993,26,4.86,50.81
146610,Active,368930,NA,NA,D,1,0,490614.9713,44,2011,55,4,21.99
146611,Active,346938,NA,NA,D,2,1,1070787.514,61,2010,35,5.68,40.46
146612,Active,117832,NA,NA,D,3,1,2552693.658,85.6,2004,46,3.99,9.92
146613,Active,537159,NA,NA,D,5,1,89555.84625,69.95,2013,56,6.21,15.99
146614,Active,129056,NA,NA,D,3,1,1052706.245,57.95,2007,53,4,15.74
146615,Active,129253,NA,NA,D,4,1,204241.0325,69.95,2010,38,5.47,24.48
146616,Active,196167,NA,NA,D,1,0,1049129.671,39.95,2008,21,15.19,25.5
146617,Active,537252,NA,NA,D,9,1,1080011.893,149.33,2012,21,5.14,602.99
146618,Active,56761,NA,NA,D,7,1,1132828.363,115,2008,52,4,38.43
146619,Active,315301,NA,NA,D,8,1,2152668.903,20.98,2010,16,6.51,43.99
146620,Active,56812,NA,NA,D,6,1,951082.485,115,2006,57,4.24,10.25
146621,Active,237721,NA,NA,D,0,0,157993.1625,119.95,2008,40,39.43,71.65
146622,Active,50505,NA,NA,D,8,1,1355751.964,254.95,2003,64,4.32,18.94
146623,Active,2263350,NA,NA,D,2,1,75075.44125,43.04,1900,33,21.96,45.22
146624,Active,55109,NA,NA,D,3,1,144327.4638,229.95,2008,53,10.75,64.06
146625,Active,870769,NA,NA,S,2,1,604155.975,70,1993,55,18.1,65.18
146626,Active,240803,NA,NA,S,3,1,294265.56,85,2003,36,17.94,86.65
146627,Active,619187,NA,NA,D,2,1,568089.8025,74.95,1997,34,23.76,53.97
146628,Active,642780,NA,NA,D,2,1,1335528.858,129,1993,24,4,41.21
146629,Active,167144,NA,NA,S,4,1,223049.2763,150,2006,34,25.78,72.53
146630,Active,246833,NA,NA,D,4,1,269722.6538,40.99,2009,47,6.06,24.95
146631,Active,50424,NA,NA,D,13,1,69552.57,127,2008,83,13.44,62.75
146632,Active,318376,NA,NA,D,4,1,645973.3388,97.95,2001,38,4,19.45
146633,Active,873989,NA,NA,D,15,1,2118454.954,182.8,2011,22,10.28,45.86
146634,Active,199942,NA,NA,D,3,1,2266115.516,56.95,2002,31,4.49,43.95
146635,Active,317405,NA,NA,D,10,1,1771781.204,154.07,2010,22,13.94,96.97
146636,Active,307832,NA,NA,D,3,1,1576374.378,92.5,2007,16,6.97,47.72
146637,Active,50399,NA,NA,S,13,1,250043.67,310.95,2010,54,18.63,123.98
146638,Active,285592,NA,NA,S,4,1,133800.8075,175.31,2010,45,23.98,42.99
146639,Active,50427,NA,NA,D,4,1,718603.1038,14.55,2007,150,4,13.05
146640,Active,2341882,NA,NA,D,2,1,2109301.724,139.35,1987,32,4.12,46.69
146641,Active,321029,NA,NA,D,2,1,2443737.624,75,2009,31,5.74,41.93
146642,Active,533459,NA,NA,D,7,1,157256.1725,27.86,2012,61,5.94,17.73
146643,Active,118700,NA,NA,D,6,1,583652.5438,171,2007,64,16.93,48.98
146644,Active,115860,NA,NA,D,5,1,294467.8575,130.52,2003,52,4,9.47
146645,Active,120576,NA,NA,D,7,1,93930.32625,151,2008,44,36.44,77.94
146646,Active,499555,NA,NA,D,6,1,753580.3275,135.89,2010,40,5.22,86.47
146647,Active,389412,NA,NA,D,1,0,152374.89,54.95,2010,35,43.27,43.27
146648,Active,391989,NA,NA,D,5,1,961513.09,99.95,2009,25,26.33,92.13
146649,Active,2568176,NA,NA,D,4,1,3040992.951,66.33,1971,37,4,52.45
146650,Active,116775,NA,NA,D,0,0,1126821.93,53,2004,58,4,32.78
146651,Active,108574,NA,NA,D,2,1,402699.71,26.81,2003,78,4,14.47
146652,Active,107916,NA,NA,D,2,1,598529.7975,53.51,2004,44,4,49.19
146653,Active,307679,NA,NA,D,2,1,2151843.438,86.55,2002,12,7.49,73.98
146654,Active,254610,NA,NA,D,5,1,1304304.19,135.95,2011,17,20.59,22.39
146655,Active,128995,NA,NA,D,3,1,1289224.745,65,2005,40,4.91,25.07
146656,Active,279039,NA,NA,D,3,1,306087.5588,23.87,2007,37,4.7,23.87
146657,Active,600347,NA,NA,D,4,1,484618.77,22.53,2010,61,4.75,18.76
146658,Active,116344,NA,NA,D,2,1,1102437.164,117.93,2010,19,37.99,602.84
146659,Active,313263,NA,NA,D,0,0,833983.455,84,2004,51,4,7.98
146660,Active,172653,NA,NA,D,1,0,107603.525,54.99,2011,26,21.32,0
146661,Active,339799,NA,NA,D,2,1,421230.6725,148,2010,39,7.1,19.52
146662,Active,158157,NA,NA,D,2,1,703897.6275,56.95,2007,74,4,43.81
146663,Active,874660,NA,NA,D,9,1,2976166.799,45.45,1991,24,4,122.23
146664,Active,158325,NA,NA,D,0,0,151219.1375,54.95,2010,43,15.85,54.49
146665,Active,55108,NA,NA,S,0,0,684168.0488,79.95,2004,38,5.1,23.99
146666,Active,196565,NA,NA,D,4,1,1047193.105,76.95,2005,21,33.64,76.95
146667,Active,272336,NA,NA,D,2,1,2935413.553,64.95,2006,15,9.57,53.46
146668,Active,289294,NA,NA,D,3,1,818318.7888,99,2002,32,47.54,75.63
146669,Active,156950,NA,NA,S,3,1,2127047.386,53.95,2002,20,4,28.5
146670,Active,246576,NA,NA,D,2,1,658293.7588,54.95,2007,21,15.99,53.99
146671,Active,121847,NA,NA,D,0,0,1132694.133,126.67,2005,55,4,22.02
146672,Active,877219,NA,NA,D,3,1,781197.3163,175.07,2012,24,28.81,122.97
146673,Active,111116,NA,NA,S,9,1,87932.56875,122.29,2009,39,33.56,71.99
146674,Active,639489,NA,NA,S,7,1,1170247.614,117.15,2000,36,4.08,33.36
146675,Active,339787,NA,NA,D,4,1,1203884.393,19.99,2010,20,8.69,56.96
146676,Active,165697,NA,NA,D,3,1,2144977.821,90,2004,24,4,61.02
146677,Active,339914,NA,NA,D,4,1,464547.1038,31.39,2010,62,4,13.65
146678,Active,859702,NA,NA,D,7,1,3613152.184,235.95,2008,17,82.22,254.95
146679,Active,219661,NA,NA,D,0,0,462527.555,69.95,2000,42,4.78,46.63
146680,Active,178157,NA,NA,D,10,1,1176343.713,121.95,2005,56,4,66.67
146681,Active,50476,NA,NA,D,10,1,1068148.825,118.95,2004,68,3.99,24.88
146682,Active,308694,NA,NA,D,4,1,8595325.133,73.75,2001,19,4.81,252.35
146683,Active,2570307,NA,NA,D,2,1,4139937.668,89.95,1992,24,6.37,23.99
146684,Active,381822,NA,NA,D,13,1,31606.39375,273.95,2012,88,13.98,73.99
146685,Active,178718,NA,NA,D,12,1,163179.6863,300.95,2009,107,8.97,45
146686,Active,54100,NA,NA,D,12,1,607780.9313,239.95,2007,50,8.44,42.98
146687,Active,248091,NA,NA,D,1,0,822315.7913,89,2010,51,4,33.99
146688,Active,545850,NA,NA,D,2,1,59351.20875,113,2013,105,5.29,58.44
146689,Active,272529,NA,NA,D,2,1,460277.8313,55.95,2009,41,12.17,35.99
146690,Active,393704,NA,NA,D,2,1,1496677.734,150,2009,16,41.74,41.78
146691,Active,2577202,NA,NA,D,2,1,1914630.618,152.5,1983,16,8.92,69.85
146692,Active,142828,NA,NA,D,4,1,3180049.044,312.95,1996,43,4,7.99
146693,Active,57416,NA,NA,D,11,1,1652059.234,127.95,2002,44,4,13.98
146694,Active,914583,NA,NA,D,3,1,685884.4225,120,1994,22,5.31,56.09
146695,Active,307685,NA,NA,D,4,1,1598420.989,8.75,2002,28,9.69,73.98
146696,Active,312046,NA,NA,D,10,1,185538.005,96.95,2009,36,28.04,53.98
146697,Active,312167,NA,NA,D,9,1,420735.1275,99.95,2006,39,5.4,23.99
146698,Active,2569892,NA,NA,D,2,1,1927492.335,57.97,1974,25,4.28,49.86
146699,Active,249819,NA,NA,D,2,1,2060747.011,157.95,2005,34,17.79,29.61
146700,Active,1656890,NA,NA,D,2,1,1195391.044,104.99,2012,23,7.48,84.48
146701,Active,297890,NA,NA,D,13,1,19053.08375,289.95,2012,137,12.83,41.47
146702,Active,170129,NA,NA,D,9,1,302740.835,307.95,2010,44,12.05,68.83
146703,Active,544565,NA,NA,S,10,1,17246.0875,254.95,2013,113,27.98,79.27
146704,Active,170048,NA,NA,S,9,1,63071.535,280.95,2010,69,20.82,40.98
146705,Active,53290,NA,NA,D,9,1,334187.3,318.95,2010,57,13.99,58.99
146706,Active,177760,NA,NA,D,7,1,644098.6913,133.95,2004,60,5.99,34.74
146707,Active,50493,NA,NA,D,2,1,859130.2713,87.95,2005,129,4,13.88
146708,Active,747030,NA,NA,D,0,0,445372.315,91.25,2010,41,36.95,85.34
146709,Active,410077,NA,NA,D,3,1,2813635.439,59.95,2006,21,4.57,56.69
146710,Active,308813,NA,NA,D,3,1,707846.3263,129.6,2000,25,29.62,158.93
146711,Active,342196,NA,NA,S,3,1,227217.7275,53.98,1999,39,14.57,53.98
146712,Active,346397,NA,NA,D,8,1,366891.9075,290.95,2009,30,66.53,99.19
146713,Active,159524,NA,NA,D,5,1,549947.9175,57.95,2007,46,6.39,35.93
146714,Active,314726,NA,NA,D,1,0,402569.4025,147.2,2008,42,18.21,69
146715,Active,114246,NA,NA,D,7,1,1945286.834,140,2001,23,4.12,30.99
146716,Active,61155,NA,NA,D,4,1,1916957.216,130,1999,21,8.21,46.52
146717,Active,312254,NA,NA,D,2,1,1499298.301,121,2005,21,17.64,39.97
146718,Active,399596,NA,NA,D,0,0,220050.2613,39.99,2005,18,22.57,28.99
146719,Active,203931,NA,NA,D,2,1,945641.22,43.99,2007,27,4,17.99
146720,Active,397186,NA,NA,D,2,1,2607828.84,79.95,2008,14,63.99,206.59
146721,Active,133497,NA,NA,D,9,1,209355.885,128.6,2011,76,28.38,109.03
146722,Active,385680,NA,NA,D,4,1,2897602.878,72.16,2007,15,10.55,52
146723,Active,199372,NA,NA,D,2,1,926439.0725,89,2005,48,4.69,50.75
146724,Active,385776,NA,NA,D,1,0,183286.2938,111.95,2009,38,30.11,32.14
146725,Active,879492,NA,NA,D,0,0,3774089.53,56.97,2008,18,4.6,56.39
146726,Active,54697,NA,NA,D,10,1,109884.815,255.95,2009,59,10.36,133.99
146727,Active,54696,NA,NA,D,9,1,706230.7563,255.95,2007,58,4,21.98
146728,Active,298128,NA,NA,D,5,1,1234492.611,50.95,2005,55,4,20.98
146729,Active,153808,NA,NA,D,8,1,85354.10875,43.98,2011,141,7.25,9.99
146730,Active,627837,NA,NA,S,9,1,3860.4225,48.68,2013,88,18.89,46
146731,Active,53465,NA,NA,D,6,1,1002822.38,12.94,2007,119,4,11.99
146732,Active,55953,NA,NA,D,10,1,437006,0,2010,113,0.01,0
146733,Active,2577442,NA,NA,S,6,1,265200.8363,74.13,1986,33,6.3,47.36
146734,Active,625963,NA,NA,D,7,1,686883.8788,85.83,1995,29,11.42,53.18
146735,Active,868643,NA,NA,D,2,1,2088293.909,53.95,1996,24,4,153.96
146736,Active,132127,NA,NA,D,5,1,2589173.808,104.67,2005,39,4.14,15.98
146737,Active,50486,NA,NA,D,5,1,2212043.193,93,2003,70,4,6.99
146738,Active,2261356,NA,NA,D,4,1,1536501.868,235.05,2009,48,45.1,202.38
146739,Active,194136,NA,NA,D,0,0,67246.3,80,2009,99,4.98,0
146740,Active,365747,NA,NA,D,1,0,414669.075,91.09,2010,68,5.03,50.99
146741,Active,336625,NA,NA,D,2,1,1347425.645,70.95,2007,23,3.9,56.75
146742,Active,603247,NA,NA,D,8,1,5298390.068,100.57,2007,12,5.23,100.57
146743,Active,389328,NA,NA,D,1,0,998931.0888,79.95,2010,34,6.1,62.52
146744,Active,343985,NA,NA,D,5,1,2377851.615,0,2004,18,7.27,128.97
146745,Active,697344,NA,NA,D,0,0,482638.0425,94.8,1997,32,5.47,33.35
146746,Active,50527,NA,NA,D,4,1,53587.49,267.95,2011,92,7.98,43.99
146747,Active,50523,NA,NA,D,2,1,236577.9038,323.95,2007,52,4.56,53
146748,Active,50525,NA,NA,S,3,1,224157.2225,284.95,2008,32,15.68,83.94
146749,Active,180678,NA,NA,D,8,1,2194339.301,131.2,2008,26,8.09,91.36
146750,Active,247844,NA,NA,D,0,0,1331199.799,61,2008,20,30.14,128.6
146751,Active,285418,NA,NA,D,1,0,969844.475,122.76,2006,38,4.56,53.99
146752,Active,52640,NA,NA,D,4,1,85568.38125,159.2,2010,154,6.94,27.4
146753,Active,299290,NA,NA,D,7,1,1344924.035,52,2002,36,4,21.34
146754,Active,188557,NA,NA,D,0,0,865875.0913,41,2001,42,4.22,26.47
146755,Active,55923,NA,NA,D,5,1,2716465.598,57.33,2000,45,3.99,12.94
146756,Active,200366,NA,NA,D,9,1,537505.31,155.95,2008,51,4,16.24
146757,Active,2415580,NA,NA,D,3,1,3580181.709,57.5,1997,28,4,46.03
146758,Active,132556,NA,NA,D,5,1,737297.2488,138,2008,36,4.76,15.48
146759,Active,131838,NA,NA,D,4,1,2609482.589,112,2004,40,4.02,7.15
146760,Active,539849,NA,NA,D,8,1,2550823.998,50,2013,22,4.77,18.2
146761,Active,259995,NA,NA,D,3,1,1987861.873,86,2004,30,4,43.35
146762,Active,2340660,NA,NA,D,2,1,1679041.03,137.5,1993,33,11.01,48.95
146763,Active,117163,NA,NA,D,1,0,455709.015,140.6,2006,40,9.38,99.55
146764,Active,254481,NA,NA,D,6,1,44287.88625,123.95,2011,104,25.17,79.99
146765,Active,208098,NA,NA,D,0,0,216160.0263,49,2006,47,10.25,52.49
146766,Active,50550,NA,NA,D,7,1,147179.925,51.99,2006,34,10.44,58.37
146767,Active,163089,NA,NA,S,9,1,45714.32625,146.22,2011,52,43.85,125.81
146768,Active,50549,NA,NA,D,6,1,675484.09,39.34,2004,83,4.99,39.31
146769,Active,433340,NA,NA,D,4,1,666416.4425,119,2006,39,14.44,81.64
146770,Active,1506348,NA,NA,D,5,1,750682.2025,53,2011,23,15.07,37.99
146771,Active,608406,NA,NA,D,2,1,2670217.646,180,1987,22,4,29.03
146772,Active,328180,NA,NA,D,5,1,790925.25,41,2008,19,9.04,51.08
146773,Active,333781,NA,NA,D,2,1,468707.9138,119,2010,44,35.04,78.96
146774,Active,254295,NA,NA,D,1,0,443388.4363,79.95,2011,33,52.89,69.34
146775,Active,209605,NA,NA,D,2,1,613815.5613,52.95,2007,42,4,26.62
146776,Active,911297,NA,NA,D,0,0,1380681.973,139,2003,24,19.54,26.36
146777,Active,2669404,NA,NA,D,6,1,830695.9475,41.65,1991,25,4,44.89
146778,Active,190821,NA,NA,D,2,1,250268.1125,67.95,2009,42,11.35,114.21
146779,Active,385625,NA,NA,D,2,1,2582707.644,76.99,2003,19,14.83,68.51
146780,Active,254137,NA,NA,D,3,1,968725.4413,168.95,2010,22,20.04,38.99
146781,Active,348519,NA,NA,D,2,1,1996730.656,247.95,2005,28,4,16.82
146782,Active,550798,NA,NA,D,2,1,580747.9613,52.07,2009,51,4.44,41.94
146783,Active,877158,NA,NA,D,11,1,2413035.783,0,2011,13,4,2707.22
146784,Active,146202,NA,NA,D,11,1,1030888.743,210.67,2010,18,9.2,190.5
146785,Active,145027,NA,NA,D,8,1,366952.7713,179.9,2005,51,6.09,42.54
146786,Active,117713,NA,NA,D,3,1,803282.3388,156.67,2006,112,4,23.13
146787,Active,53262,NA,NA,D,4,1,927263.8625,138.67,2005,82,4,11.94
146788,Active,254100,NA,NA,S,8,1,91509.6225,262.95,2010,49,13.9,35.93
146789,Active,561409,NA,NA,D,4,1,935107.635,226.33,2010,20,11.99,104.99
146790,Active,585995,NA,NA,S,0,0,1271312.048,6.06,2005,77,4,5.98
146791,Active,60536,NA,NA,D,3,1,1734756.406,170.67,2005,52,4.24,18.45
146792,Active,742690,NA,NA,D,4,1,1765817.106,226.33,2010,23,5.69,136.85
146793,Active,178355,NA,NA,D,0,0,1947369.598,6.08,2007,39,4.47,17.89
146794,Active,528908,NA,NA,S,4,1,11796.51375,233.4,2012,130,31.66,63.25
146795,Active,165481,NA,NA,D,1,0,545140.7925,183,2003,27,4.78,0
146796,Active,113663,NA,NA,S,1,0,286516.25,122,1999,34,6.67,70.87
146797,Active,254120,NA,NA,D,7,1,29172.52875,258.95,2010,117,8.54,33.49
146798,Active,146584,NA,NA,S,4,1,148681.4813,211.53,2011,26,17.49,47.49
146799,Active,146569,NA,NA,D,4,1,886843.715,211.53,2011,18,4.99,144.73
146800,Active,880751,NA,NA,S,3,1,802103.7725,58.99,2008,40,7.98,42.14
146801,Active,54218,NA,NA,D,6,1,50776.45625,175.2,2010,113,7.71,54.56
146802,Active,169827,NA,NA,S,4,1,151711.2088,291.95,2009,46,11.38,53.98
146803,Active,51604,NA,NA,D,4,1,16253.94125,198.2,2011,179,10.29,43.98
146804,Active,183609,NA,NA,D,6,1,813306.1925,264.95,2007,60,4.23,15.99
146805,Active,54732,NA,NA,D,4,1,21183.83375,184,2011,133,8.59,45.93
146806,Active,2257604,NA,NA,S,4,1,5444980.569,120.38,2011,34,19.97,87.82
146807,Active,54730,NA,NA,D,2,1,525617.725,98,2005,54,4,24.9
146808,Active,55942,NA,NA,S,6,1,1392542.653,271.95,2007,15,13.14,147.45
146809,Active,51602,NA,NA,D,2,1,530299.09,107,2005,81,4.8,33.03
146810,Active,711348,NA,NA,D,5,1,2021515.676,110,2001,29,4.57,31.22
146811,Active,113177,NA,NA,D,3,1,1021293.849,155,2009,49,4.42,67.13
146812,Active,533499,NA,NA,S,5,1,6633.6875,320.95,2012,83,33.98,67.78
146813,Active,2326006,NA,NA,D,3,1,6919368.67,88.5,1994,20,4.34,59.77
146814,Active,622231,NA,NA,D,4,1,2497603.096,117,1997,24,5.47,18.99
146815,Active,917410,NA,NA,D,5,1,3153485.635,115,1999,35,4.43,15.99
146816,Active,2559384,NA,NA,D,2,1,1719128.899,57.36,1962,27,4.98,61.45
146817,Active,2427710,NA,NA,D,2,1,775197.9238,104,1991,28,13.88,33.91
146818,Active,607649,NA,NA,D,3,1,1177982.544,126,1997,32,8.99,59.97
146819,Active,146397,NA,NA,D,9,1,446624.2375,144.67,2011,39,16.97,150.27
146820,Active,541843,NA,NA,D,8,1,16381.80375,222.25,2012,87,12.39,39.98
146821,Active,298764,NA,NA,D,1,0,163901.41,62.1,2010,62,10.7,50.4
146822,Active,886367,NA,NA,D,9,1,1418300.993,71.34,2012,14,7.5,33.99
146823,Active,167148,NA,NA,D,6,1,388194.8013,21.93,2006,130,5.78,13.99
146824,Active,534070,NA,NA,D,3,1,1913332.538,103.95,1989,22,4.58,48.1
146825,Active,162785,NA,NA,D,7,1,337847.63,22.99,2010,136,4.23,14.98
146826,Active,152727,NA,NA,D,0,0,792113.9763,59.95,2004,28,11.98,34.32
146827,Active,806941,NA,NA,D,5,1,672602.715,328.95,2006,29,23.79,61.75
146828,Active,153882,NA,NA,D,2,1,819831.715,62,2005,50,4.7,47.86
146829,Active,224684,NA,NA,S,3,1,264401.4075,160.95,2012,44,9.58,52.65
146830,Active,301416,NA,NA,D,2,1,2644166.079,129,1998,14,12.5,84.23
146831,Active,119291,NA,NA,D,5,1,767671.5988,57,1996,24,4,48.55
146832,Active,606696,NA,NA,D,6,1,478575.9338,133.95,1994,58,6.03,49.27
146833,Active,231536,NA,NA,S,2,1,317871.6775,137.95,2003,61,9.16,91.96
146834,Active,809035,NA,NA,D,2,1,768766.8025,18.74,2009,22,6.47,18.74
146835,Active,57323,NA,NA,D,1,0,859230.2225,65.95,2004,55,4,20.41
146836,Active,622206,NA,NA,D,1,0,27480.005,249,2013,44,10.07,47.52
146837,Active,51155,NA,NA,S,9,1,101371.3025,315.95,2008,48,23.93,88.11
146838,Active,745483,NA,NA,D,9,1,996387.9763,223.95,2008,17,69.32,0
146839,Active,165455,NA,NA,D,2,1,551640.9063,95,2002,42,11.42,58.85
146840,Active,50583,NA,NA,D,6,1,221801.5525,17.28,2004,80,4,20.79
146841,Active,50582,NA,NA,D,8,1,68922.45625,38.99,2008,77,8.97,69.43
146842,Active,50496,NA,NA,S,9,1,434630.175,411.95,2007,34,6.13,12.92
146843,Active,3467832,NA,NA,D,6,1,1959593.05,0,2008,26,4.01,48.59
146844,Active,50584,NA,NA,D,7,1,220066.5538,42.49,2006,74,4,27.47
146845,Active,198370,NA,NA,D,3,1,352352.0938,48,2008,64,4,28.98
146846,Active,533675,NA,NA,D,15,1,74013.60375,213.95,2012,98,9.15,48.99
146847,Active,56792,NA,NA,D,5,1,1263719.546,124.95,2007,50,4,103.87
146848,Active,56793,NA,NA,D,6,1,801085.6763,164.95,2008,60,4,41.71
146849,Active,626144,NA,NA,S,6,1,202499.625,218.95,2012,39,5.8,57.17
146850,Active,539116,NA,NA,D,4,1,176006.8675,98,2007,75,4.49,45.09
146851,Active,50183,NA,NA,D,4,1,637625.615,100.6,2007,96,4,14.97
146852,Active,3606577,NA,NA,S,0,0,3012872.95,270.94,1984,13,7.53,63.27
146853,Active,742654,NA,NA,D,1,0,872537.885,49.99,2010,83,3.97,7.97
146854,Active,617631,NA,NA,D,2,1,916857.3488,49.99,2011,78,4,7
146855,Active,540700,NA,NA,D,3,1,458779.9088,49.99,2012,109,3.99,11.49
146856,Active,353658,NA,NA,D,2,1,919572.5088,44.99,2006,30,4.47,25.99
146857,Active,789794,NA,NA,D,6,1,1518067.565,259,2007,32,5.79,77.99
146858,Active,275423,NA,NA,D,7,1,424130.8963,38.95,2006,70,4,13.96
146859,Active,718680,NA,NA,D,3,1,1043804.531,31.95,1998,106,4,16.8
146860,Active,608957,NA,NA,D,5,1,2087838.449,60.95,2005,26,4.61,29.24
146861,Active,285500,NA,NA,D,3,1,483829.2025,23.98,2010,46,4,21.99
146862,Active,880207,NA,NA,D,8,1,352387.79,80.75,2010,31,22.92,79.64
146863,Active,1982506,NA,NA,D,15,1,492338.0575,45,2014,42,5.97,33.68
146864,Active,626123,NA,NA,D,1,0,1352455.659,48,2009,37,4.61,35.94
146865,Active,528851,NA,NA,D,4,1,207571.51,50.95,2010,36,11.98,15.79
146866,Active,670303,NA,NA,D,7,1,1543097.275,89.95,2012,19,4.48,38.44
146867,Active,301285,NA,NA,D,6,1,2203601.316,154.95,2011,22,4,4
146868,Active,647020,NA,NA,D,2,1,331998.9113,45,2012,22,5.97,62.63
146869,Active,545820,NA,NA,D,6,1,473450.9713,46,2012,41,4.87,21.99
146870,Active,299984,NA,NA,D,4,1,911855.9875,60,2010,49,4.06,12.97
146871,Active,546449,NA,NA,D,5,1,340334.5825,60,2013,36,13.39,41.3
146872,Active,598778,NA,NA,D,3,1,1576979.831,109.33,2008,40,4,13.93
146873,Active,546450,NA,NA,D,5,1,518473.255,50,2013,37,6.89,0
146874,Active,402793,NA,NA,D,2,1,1599563.235,66.95,2006,30,4,33.95
146875,Active,2155838,NA,NA,D,1,0,674997.1913,49.99,2006,60,4,12.05
146876,Active,118367,NA,NA,D,4,1,2097810.223,79.4,2006,31,4,42.99
146877,Active,2608455,NA,NA,D,2,1,547166.1088,34.99,1998,24,6.57,27.94
146878,Active,258469,NA,NA,D,9,1,245150.99,94.5,2009,77,4.23,18.61
146879,Active,534520,NA,NA,S,10,1,60475.905,110,2011,88,23.95,68.98
146880,Active,868641,NA,NA,D,9,1,620406.4863,79.5,2009,27,29.53,267.2
146881,Active,54336,NA,NA,D,7,1,147568.6663,137,2007,100,7.96,23.99
146882,Active,802212,NA,NA,D,5,1,717036.5175,168.95,2004,27,15.01,73.35
146883,Active,663171,NA,NA,D,9,1,577387.4175,126,2013,31,52.73,97.34
146884,Active,132920,NA,NA,D,7,1,388873.7113,73,2007,33,4,31
146885,Active,868212,NA,NA,D,7,1,1432310.173,73,2009,31,4,24.98
146886,Active,132922,NA,NA,D,7,1,1204381.711,73,2009,39,4,156.69
146887,Active,716427,NA,NA,D,7,1,1964062.339,133.8,2007,24,7.07,65.29
146888,Active,2217649,NA,NA,D,25,1,950001.305,45,2007,27,21.79,67.69
146889,Active,287273,NA,NA,D,2,1,762610.4975,60,2005,70,4,14.84
146890,Active,426970,NA,NA,D,3,1,5580595.675,205,2009,15,40.42,66
146891,Active,2418591,NA,NA,D,2,1,5421620.778,85,2001,14,5.51,70.49
146892,Active,2616799,NA,NA,D,3,1,3882028.074,47.95,1982,57,4,32.98
146893,Active,544050,NA,NA,S,7,1,67018.37375,101.89,2012,34,36.98,87.82
146894,Active,54983,NA,NA,D,5,1,224724.9613,33.99,2007,26,7.7,70.98
146895,Active,528816,NA,NA,D,4,1,1209652.44,49.99,2010,23,4,31.74
146896,Active,609753,NA,NA,D,2,1,2428896.671,49.95,2002,19,4,33.98
146897,Active,629956,NA,NA,D,2,1,688169.8888,59.99,2011,27,20.06,59.23
146898,Active,3139364,NA,NA,D,2,1,2375802.383,79,2002,23,5.13,77.77
146899,Active,553093,NA,NA,S,9,1,72922.98875,164.6,2011,46,36.47,104.36
146900,Active,553767,NA,NA,D,8,1,268792.5975,144,2009,52,6.63,28.55
146901,Active,626303,NA,NA,D,8,1,406880.7438,164.6,2009,40,5.48,69.99
146902,Active,617365,NA,NA,S,3,1,117137.1638,191.95,2011,67,22.58,49.99
146903,Active,181884,NA,NA,D,5,1,384382.1625,44.95,2005,74,4,16.47
146904,Active,423352,NA,NA,S,5,1,507940.5113,113,2008,27,4.63,21.68
146905,Active,60545,NA,NA,D,4,1,1087696.518,115,2004,68,4,23.98
146906,Active,181876,NA,NA,D,3,1,1066131.133,39.99,2004,44,4.18,27.06
146907,Active,544712,NA,NA,S,7,1,60638.0125,178.95,2013,39,54.04,68.99
146908,Active,609606,NA,NA,D,4,1,1372102.69,208.95,2007,31,4.48,13.98
146909,Active,389256,NA,NA,S,4,1,736290.0825,213.95,2009,32,4.44,45.95
146910,Active,726899,NA,NA,D,2,1,2082382.306,39.95,1997,36,4,11.3
146911,Active,52117,NA,NA,D,7,1,63195.72125,148.6,2011,56,15.47,73.98
146912,Active,635735,NA,NA,D,8,1,506122.7213,63,2011,43,10.86,43.78
146913,Active,633405,NA,NA,D,7,1,666825.705,49.99,2006,29,4.96,44.21
146914,Active,106757,NA,NA,D,3,1,530236.6625,42,2009,83,4,15.92
146915,Active,107003,NA,NA,D,2,1,1805192.471,49.99,2004,36,4,45.4
146916,Active,607961,NA,NA,D,7,1,1375167.826,39.99,2008,65,4,19.94
146917,Active,533868,NA,NA,S,10,1,79015.63875,95.6,2008,46,17.28,49.99
146918,Active,60546,NA,NA,D,9,1,165338.45,84.6,2006,44,5.09,23.98
146919,Active,2097508,NA,NA,D,0,0,843999.0088,79.99,2013,20,23.99,45.98
146920,Active,2604181,NA,NA,S,2,1,495678.2063,89.99,2003,35,10.38,57.58
146921,Active,126999,NA,NA,D,1,0,85563.91125,45,2004,58,17.41,49.93
146922,Active,3470377,NA,NA,D,3,1,825256,66.95,2005,37,4.55,45.8
146923,Active,637009,NA,NA,D,4,1,761450.715,64.95,2010,31,17.84,29.05
146924,Active,528803,NA,NA,D,4,1,503835.4613,66.99,2010,20,14.49,25.79
146925,Active,57282,NA,NA,S,1,0,855389.575,46.95,2002,44,4,43.76
146926,Active,57283,NA,NA,D,2,1,65035.60625,78.95,2009,30,53.94,58.19
146927,Active,58461,NA,NA,D,3,1,1524933.649,49.95,2000,45,4,12.84
146928,Active,295830,NA,NA,S,10,1,387608.4138,95,2011,27,11.49,54.47
146929,Active,546983,NA,NA,D,2,1,550431.3438,58,2009,20,5.86,6.6
146930,Active,395819,NA,NA,D,0,0,411161.6625,39.95,2004,35,5.67,41.6
146931,Active,528800,NA,NA,D,2,1,523202.0525,44.99,2010,88,4,8.85
146932,Active,2113753,NA,NA,D,2,1,1187454.119,44.99,2013,16,36.34,43.66
146933,Active,3117494,NA,NA,D,2,1,3573671.635,21.95,2001,19,5.68,14.19
146934,Active,584021,NA,NA,D,3,1,1034968.211,36.95,2008,43,4,13.49
146935,Active,202498,NA,NA,D,4,1,402966.2538,26.87,2000,30,4.33,22.76
146936,Active,56766,NA,NA,D,11,1,662264.2038,64.95,2005,124,4,9.98
146937,Active,534233,NA,NA,D,5,1,384762.4263,266.03,2005,26,49.54,0
146938,Active,2047524,NA,NA,D,5,1,1512572.151,38,2009,32,8.97,37.21
146939,Active,626404,NA,NA,D,2,1,257536.19,178,2006,22,22.8,122.19
146940,Active,703581,NA,NA,D,3,1,5349687.895,58.25,1999,19,6.09,12.49
146941,Active,193688,NA,NA,D,3,1,659168.53,76,2011,28,7.91,30.49
146942,Active,193530,NA,NA,D,2,1,1542440.538,56,2006,35,4,18.99
146943,Active,254605,NA,NA,D,3,1,831757.36,80,2011,69,4.04,16.99
146944,Active,613486,NA,NA,D,2,1,2168293.676,60,2009,42,3.88,4.13
146945,Active,539188,NA,NA,D,4,1,89615.39625,76,2011,65,4,14.49
146946,Active,552310,NA,NA,D,3,1,1006928.528,80.2,2007,54,4,7.94
146947,Active,2620442,NA,NA,D,3,1,1210455.241,48.95,1998,21,4,49.16
146948,Active,632550,NA,NA,D,1,0,589456.7963,55.95,1996,32,6.45,23.99
146949,Active,200427,NA,NA,D,2,1,547308.285,140.95,2010,43,5.16,31.99
146950,Active,2262868,NA,NA,D,3,1,1327899.594,0,2009,25,8.83,22.59
146951,Active,55932,NA,NA,D,5,1,2284939.769,64.95,2005,33,4,15.99
146952,Active,60971,NA,NA,D,5,1,1943518.341,115.6,2006,39,3.96,7.99
146953,Active,117037,NA,NA,D,3,1,953782.1825,73.4,2007,67,4,12.94
146954,Active,119139,NA,NA,D,4,1,182920.7975,99,2011,45,9.69,29.98
146955,Active,407016,NA,NA,D,7,1,1280697.03,156.95,2006,27,6.99,53.29
146956,Active,60552,NA,NA,S,9,1,1100798.786,99,2002,99,4,26.98
146957,Active,867819,NA,NA,D,9,1,244003.4188,79.99,2014,31,21.2,27.56
146958,Active,612837,NA,NA,D,0,0,710473.1538,34.99,2011,135,3.79,5.95
146959,Active,615937,NA,NA,S,0,0,93055.4575,34.99,2014,305,4,9.39
146960,Active,2098009,NA,NA,D,0,0,454759.3463,44.99,2014,39,4.92,23.99
146961,Active,2097991,NA,NA,D,0,0,361045.4238,44.99,2014,41,4.45,36.99
146962,Active,620819,NA,NA,D,2,1,377901.8488,49.95,2008,90,6.41,10.2
146963,Active,3108191,NA,NA,D,2,1,658598.6713,44.99,2015,19,17.06,26.05
146964,Active,3108190,NA,NA,D,2,1,562870.3363,44.99,2015,26,11.89,28.19
146965,Active,676791,NA,NA,S,7,1,605647.035,25,2009,100,4,10.98
146966,Active,609602,NA,NA,D,3,1,1279775.533,44.95,2006,34,4.83,38.94
146967,Active,615284,NA,NA,D,4,1,1035917.943,44.95,2008,33,4,32.59
146968,Active,789540,NA,NA,D,9,1,4047250.463,99,2005,30,4,12.64
146969,Active,392959,NA,NA,D,10,1,1085047.766,99.99,2009,28,4.72,8.78
146970,Active,667534,NA,NA,D,4,1,1234018.88,174.95,2008,22,41.19,124.97
146971,Active,652379,NA,NA,D,1,0,83536.90625,40,2013,38,18.93,28.05
146972,Active,603274,NA,NA,D,3,1,2675441.473,77.95,2005,39,4,19.89
146973,Active,558406,NA,NA,D,8,1,302121.3388,59.95,2009,45,4.76,33.18
146974,Active,774562,NA,NA,D,7,1,2573721.84,327.95,2006,17,16.28,92.24
146975,Active,196544,NA,NA,D,2,1,779429.6663,59.95,2007,21,6.3,49.68
146976,Active,153788,NA,NA,D,1,0,1035758.414,39.95,2004,32,4.84,52.22
146977,Active,901446,NA,NA,D,3,1,3151042.096,52.95,2004,11,37.99,49.99
146978,Active,272521,NA,NA,D,2,1,2233533.491,56,2009,15,8.6,321.04
146979,Active,199351,NA,NA,D,1,0,586592.3613,60,2005,26,13.52,0
146980,Active,576480,NA,NA,D,2,1,2624578.446,48.95,2003,29,3.07,5.99
146981,Active,868415,NA,NA,D,1,0,1106891.233,72.95,2003,32,4.18,60.53
146982,Active,161896,NA,NA,D,1,0,815257.5175,45,2007,34,5.37,36.95
146983,Active,528751,NA,NA,D,2,1,652923.6088,49.95,2010,21,18.42,63.61
146984,Active,609888,NA,NA,D,9,1,615298.69,56.8,2010,28,22.06,48.84
146985,Active,911193,NA,NA,D,8,1,1788055.091,40.8,2003,30,5.54,57.86
146986,Active,266272,NA,NA,D,9,1,225458.5275,52.8,2009,21,25.44,47.51
146987,Active,635568,NA,NA,S,19,1,95149.03625,223.95,2013,50,31.54,116.71
146988,Active,178725,NA,NA,S,18,1,170642.8275,223.95,2010,49,9,68.6
146989,Active,60554,NA,NA,D,15,1,3350962.976,134.95,2002,17,4.72,50.7
146990,Active,609945,NA,NA,S,19,1,66473.6525,124.95,2013,93,10.99,23.99
146991,Active,178723,NA,NA,D,18,1,304715.8063,139.95,2010,113,7.12,32.96
146992,Active,766915,NA,NA,D,16,1,2160115.096,121.95,2004,43,4,23.95
146993,Active,608684,NA,NA,D,17,1,843985.5538,120.95,2007,61,4,22.99
146994,Active,528749,NA,NA,D,0,0,1195273.259,44.95,2004,14,8.98,12.99
146995,Active,879040,NA,NA,D,5,1,879488.0425,29.99,2008,37,4,9.77
146996,Active,1574892,NA,NA,D,5,1,1556481.356,133.95,2009,66,4,7.99
146997,Active,58458,NA,NA,D,5,1,1213413.235,59.8,2008,48,4,10.74
146998,Active,537220,NA,NA,S,6,1,534819.825,72.4,2011,43,5.22,22.48
146999,Active,2603757,NA,NA,D,0,0,1457842.323,44.99,2003,23,14.94,25
147000,Active,698865,NA,NA,D,11,1,745883.4638,101.25,2008,13,33.16,50.98
147001,Active,203758,NA,NA,S,0,0,808455.7688,75.97,2004,28,5.59,58.16
147002,Active,619860,NA,NA,S,2,1,186146.1988,74.95,2004,43,6.91,69.04
147003,Active,147637,NA,NA,D,2,1,40888.54,78.95,2010,48,32.78,40.72
147004,Active,147507,NA,NA,D,1,0,867618.855,67.95,2006,50,4.87,12.95
147005,Active,3272265,NA,NA,D,1,0,1362861.445,211.25,2003,35,14.61,75.17
147006,Active,218551,NA,NA,S,1,0,92740.6575,81.95,2002,35,18.94,33.94
147007,Active,592329,NA,NA,D,10,1,637723.825,40.95,2007,69,4,6.59
147008,Active,617147,NA,NA,D,11,1,324585.0938,46.95,2010,75,4.49,9.95
147009,Active,580703,NA,NA,D,4,1,1195565.661,35,2009,48,4,15.99
147010,Active,192408,NA,NA,D,8,1,1310027.743,88.95,2006,21,13.24,45.99
147011,Active,637815,NA,NA,D,1,0,187954.475,61.95,2011,31,17.09,18.94
147012,Active,212908,NA,NA,D,1,0,284011.7125,33.95,1999,90,4,12.29
147013,Active,313780,NA,NA,D,0,0,1453794.344,16.36,2004,30,4,12.77
147014,Active,528735,NA,NA,D,3,1,1538322.999,74,2009,19,4.98,72.69
147015,Active,203422,NA,NA,D,6,1,106408.845,123.99,2005,87,16.82,63.99
147016,Active,60557,NA,NA,S,5,1,269543.1313,96.56,2003,94,4,17.98
147017,Active,553159,NA,NA,S,9,1,1047421.333,191.2,2011,22,13.67,180.44
147018,Active,199891,NA,NA,D,7,1,399124.4975,142.95,2004,33,4,49.25
147019,Active,192078,NA,NA,D,6,1,274635.2763,87.98,2006,40,8.66,0
147020,Active,2310920,NA,NA,D,4,1,2533397.464,39.95,1986,30,4.11,49.48
147021,Active,177917,NA,NA,D,5,1,4688894.881,79.95,2003,28,4,13.98
147022,Active,528730,NA,NA,D,6,1,891410.3375,102.95,2007,35,4,23.9
147023,Active,253936,NA,NA,S,5,1,1435754.731,116.95,2010,38,4,6.61
147024,Active,716520,NA,NA,D,10,1,809292.8888,37,2008,20,11.47,59.53
147025,Active,60467,NA,NA,D,10,1,798039.2975,35.75,2007,31,4,32.04
147026,Active,253948,NA,NA,D,17,1,852185.1088,50.95,2011,22,6.52,22.98
147027,Active,627909,NA,NA,D,6,1,589715.6625,80.95,2012,47,5.88,14.74
147028,Active,103991,NA,NA,S,3,1,1446381.034,38.12,1999,16,4,72.45
147029,Active,57042,NA,NA,D,5,1,376015.4375,49.96,2009,47,11.98,49.99
147030,Active,639419,NA,NA,D,0,0,883224.4163,110,2004,23,40.14,88.99
147031,Active,624795,NA,NA,D,3,1,2630247.273,98,1990,23,4,9.32
147032,Active,637412,NA,NA,D,4,1,1198282.358,212,1999,30,5.47,13.49
147033,Active,193222,NA,NA,D,7,1,1084714.916,216,2011,35,6.2,14.99
147034,Active,193532,NA,NA,D,6,1,1956838.078,146,2007,29,5.93,74.31
147035,Active,143108,NA,NA,D,1,0,812511.6313,202,2009,44,4.4,50.97
147036,Active,250587,NA,NA,D,4,1,556581.0863,96.95,2008,24,14.28,203.06
147037,Active,53918,NA,NA,D,1,0,1632310.378,175.5,2004,28,4.12,10.14
147038,Active,528713,NA,NA,D,9,1,1537317.251,42.95,2008,20,4,39.49
147039,Active,200041,NA,NA,D,8,1,3094652.401,49.95,2004,22,4,30.39
147040,Active,210951,NA,NA,D,2,1,972692.0075,79.95,2008,81,4.49,22.83
147041,Active,165513,NA,NA,D,2,1,1411417.495,73.89,2004,24,4.3,44.55
147042,Active,162147,NA,NA,D,3,1,1331424.943,149,2008,28,4,15.97
147043,Active,56284,NA,NA,D,3,1,1327590.278,1324,2003,33,4,204.98
147044,Active,630039,NA,NA,D,11,1,223456.7138,56.6,2010,24,14.98,56.6
147045,Active,417115,NA,NA,D,7,1,1298137.72,119.5,2009,25,4,13.84
147046,Active,861473,NA,NA,S,5,1,220459.7425,137.33,2013,18,33.3,87.94
147047,Active,637678,NA,NA,D,5,1,204312.105,130,2012,86,15.49,115.52
147048,Active,528705,NA,NA,D,5,1,89429.7775,134.8,2012,70,10.8,39.12
147049,Active,212519,NA,NA,D,3,1,2057114.041,100.93,2005,16,6.29,9.09
147050,Active,145994,NA,NA,D,4,1,1118532.555,118.2,2009,30,5.06,28.36
147051,Active,639918,NA,NA,D,6,1,747054.2063,101.8,2011,26,4.33,0
147052,Active,644919,NA,NA,D,1,0,1928368.038,95.8,2008,22,7.29,35.8
147053,Active,540643,NA,NA,D,5,1,254777.8925,93.2,2011,30,30.99,63.99
147054,Active,561122,NA,NA,D,4,1,1073631.939,81.6,2007,37,4,22.56
147055,Active,911206,NA,NA,D,6,1,1814840.278,51.6,2007,26,4,43.89
147056,Active,1657865,NA,NA,D,8,1,3479026.108,52.09,2009,11,64.97,136.26
147057,Active,107500,NA,NA,D,4,1,2241066.47,114.57,2002,21,4.32,66.73
147058,Active,109770,NA,NA,D,7,1,823337.485,20.31,2007,36,4,48.89
147059,Active,916537,NA,NA,D,6,1,414945.9113,39.52,2004,32,4.86,23.96
147060,Active,56205,NA,NA,D,7,1,1282435.913,42.42,2004,37,4,46.23
147061,Active,56290,NA,NA,D,9,1,411379.1738,113.99,2010,39,20.98,53.94
147062,Active,116875,NA,NA,S,7,1,112703.8663,79.2,2005,73,4,58.41
147063,Active,106746,NA,NA,D,1,0,539296.8525,73,2010,32,7.89,24.99
147064,Active,607002,NA,NA,D,5,1,680169.8538,113,2008,30,5.49,33.99
147065,Active,107851,NA,NA,D,8,1,2331284.076,13.98,2003,26,4,13.99
147066,Active,107509,NA,NA,D,12,1,2629242.775,72.19,2003,37,4,43.81
147067,Active,121703,NA,NA,D,8,1,1407377.036,81.6,2000,29,4,18.3
147068,Active,248983,NA,NA,D,5,1,558559.375,57.95,2007,99,4,10.98
147069,Active,192454,NA,NA,D,4,1,3019542.12,41.95,2004,40,4,10.98
147070,Active,117084,NA,NA,D,7,1,613212.545,65.95,2007,147,4,10.95
147071,Active,889329,NA,NA,D,5,1,3904701.789,37.25,1992,12,18.24,21
147072,Active,119270,NA,NA,D,0,0,1821754.08,65,1996,19,4,18.49
147073,Active,285852,NA,NA,D,2,1,1466502.008,73,2001,25,8.6,13.98
147074,Active,699923,NA,NA,D,3,1,2601338.629,55,2001,13,6.39,69.19
147075,Active,697042,NA,NA,D,2,1,3304144.894,50,1997,20,4,8.49
147076,Active,105746,NA,NA,D,2,1,288267.1075,157.5,2002,45,6.29,42.98
147077,Active,904116,NA,NA,D,2,1,1016680.119,59.95,1989,16,26.67,98.18
147078,Active,293210,NA,NA,D,5,1,1978213.791,143,2007,25,4.2,18.98
147079,Active,3019310,NA,NA,D,2,1,1424451.233,80,2004,20,15.98,27.06
147080,Active,257237,NA,NA,D,2,1,633281.5725,70,2004,50,4.39,23.38
147081,Active,407861,NA,NA,D,3,1,1353365.991,139,2008,28,4.35,34.05
147082,Active,914642,NA,NA,D,2,1,2815241.48,110,2004,24,6.06,55.02
147083,Active,738368,NA,NA,D,4,1,2129386.714,35,2004,17,4.61,26.37
147084,Active,57322,NA,NA,D,2,1,109121.1538,129.99,2008,69,12.54,43.98
147085,Active,625281,NA,NA,D,2,1,397385.4875,41,2009,42,14.36,34.97
147086,Active,106750,NA,NA,D,2,1,114542.8813,41,2010,38,25.88,35.82
147087,Active,627354,NA,NA,D,8,1,585007.7263,55,2011,29,5.94,78.6
147088,Active,830782,NA,NA,S,2,1,1054096.279,65,1993,34,4.14,49.99
147089,Active,624728,NA,NA,D,15,1,1686096.549,125,1998,26,6.6,57.12
147090,Active,135523,NA,NA,D,9,1,509665.675,41.95,2010,31,18.96,62.63
147091,Active,642642,NA,NA,D,8,1,797988.0813,39.95,2007,20,12.58,43.99
147092,Active,533556,NA,NA,D,9,1,956596.3275,56.95,2003,69,4,28.74
147093,Active,213196,NA,NA,D,3,1,132303.2613,64.95,2008,44,10.18,36.87
147094,Active,848589,NA,NA,D,2,1,4656603.231,59,1998,22,4.19,8.99
147095,Active,640994,NA,NA,D,2,1,2586106.578,51.15,2000,20,4.47,63.37
147096,Active,2776420,NA,NA,D,1,0,937501.6213,37.95,1990,18,10.79,37.95
147097,Active,181300,NA,NA,D,2,1,894602.2075,51.99,2001,29,9.59,67.84
147098,Active,703725,NA,NA,D,3,1,5133235.249,69.37,2000,18,4,39.99
147099,Active,616354,NA,NA,D,4,1,980534.28,57.95,2004,35,4,13.28
147100,Active,52699,NA,NA,D,7,1,367360.9763,167.27,2008,32,9.98,28.98
147101,Active,248436,NA,NA,D,5,1,244365.9313,207.95,2007,62,10.47,41.84
147102,Active,133464,NA,NA,D,6,1,259796.1275,90.6,2010,34,15.37,78.11
147103,Active,580698,NA,NA,D,4,1,1553170.79,46,2006,60,4,10.98
147104,Active,217347,NA,NA,D,5,1,504106.8913,50,2011,64,4,4.42
147105,Active,2258882,NA,NA,D,4,1,789730.3125,48.3,2008,17,22.8,66.48
147106,Active,552539,NA,NA,D,1,0,140643.61,120,2007,72,4.76,23.99
147107,Active,50532,NA,NA,D,6,1,1095462.455,101,2004,49,4,13.79
147108,Active,212866,NA,NA,D,2,1,1696571.808,52.95,1998,35,4,9.73
147109,Active,613424,NA,NA,D,11,1,6648.93875,59.95,2011,109,22.04,37.99
147110,Active,637314,NA,NA,D,0,0,1175151.214,46,2004,35,4,33.47
147111,Active,269565,NA,NA,D,1,0,1043861.038,55,2010,27,5.07,48.43
147112,Active,2431564,NA,NA,S,3,1,555755.5688,81.8,2003,32,4.4,46.26
147113,Active,2385439,NA,NA,D,1,0,1630053.649,86.38,1971,26,11.92,79.31
147114,Active,147170,NA,NA,D,1,0,673305.9038,57.95,2005,57,4.75,10.24
147115,Active,528683,NA,NA,D,4,1,416720.6838,240,2008,25,41.72,103.94
147116,Active,444577,NA,NA,D,4,1,298108.0938,84.95,2008,46,6.39,37.22
147117,Active,868086,NA,NA,D,2,1,1483288.415,47,1995,26,4,44.58
147118,Active,660602,NA,NA,D,2,1,834532.3163,308.13,1989,22,10.29,75.48
147119,Active,2614865,NA,NA,D,2,1,1109064.604,109,2004,26,38.98,119.99
147120,Active,792905,NA,NA,D,3,1,954710.145,39.95,1998,21,4,11.48
147121,Active,60574,NA,NA,D,5,1,2783325.021,78.67,2000,28,4,12.99
147122,Active,704347,NA,NA,D,4,1,944184.1275,35.96,2005,38,4,35.96
147123,Active,608370,NA,NA,D,5,1,2290691.989,11.37,2005,33,4,22.94
147124,Active,117968,NA,NA,D,8,1,640415.5163,74.4,2006,48,6.58,37.65
147125,Active,580696,NA,NA,D,6,1,2734791.751,48,2006,30,4,11.99
147126,Active,295405,NA,NA,D,7,1,774679.6263,50,2010,40,4.68,35.88
147127,Active,112314,NA,NA,S,1,0,411312.7025,142.25,2006,52,7.44,66.95
147128,Active,664309,NA,NA,D,2,1,758110.7663,70,2013,31,11.62,30.94
147129,Active,828524,NA,NA,S,2,1,753868.2213,55.95,1990,33,4,0
147130,Active,772588,NA,NA,D,4,1,1677575.571,150.76,2005,24,4,16.99
147131,Active,533650,NA,NA,D,4,1,76070.775,91.77,2011,77,5.18,56.13
147132,Active,52758,NA,NA,D,2,1,109059.8913,51,2005,80,11.23,28.99
147133,Active,177601,NA,NA,D,1,0,1117274.673,160.95,1999,39,4.3,69.21
147134,Active,620553,NA,NA,D,2,1,2501219.584,188,2007,23,4.92,15.1
147135,Active,629736,NA,NA,D,6,1,760603.2838,76,2003,27,6.34,51.94
147136,Active,54333,NA,NA,D,4,1,398538.6125,5.99,2005,89,4,4.13
147137,Active,251990,NA,NA,D,1,0,797215.1575,72.95,2009,40,4,11.74
147138,Active,878116,NA,NA,D,6,1,616515.2175,85.76,2007,47,9.09,50.91
147139,Active,143192,NA,NA,D,1,0,747114.385,203,2009,58,4.98,21.92
147140,Active,265865,NA,NA,D,4,1,800133.5988,148,2004,46,4.81,23.99
147141,Active,422139,NA,NA,D,6,1,392479.4175,132.8,2007,58,5.44,39.38
147142,Active,143429,NA,NA,D,8,1,1372901.935,39,2010,34,4.62,28.99
147143,Active,116327,NA,NA,D,3,1,27004.66125,130,2012,49,28.93,159.57
147144,Active,1546386,NA,NA,D,8,1,4108865.418,64.95,2010,24,4,73.21
147145,Active,53296,NA,NA,D,11,1,45954.95125,126.47,2011,68,11.63,87.34
147146,Active,456497,NA,NA,D,18,1,230270.5088,133.95,2008,38,5.4,40.98
147147,Active,178604,NA,NA,D,17,1,723914.9775,147.95,2005,84,4,12.88
147148,Active,148200,NA,NA,S,15,1,876189.4263,238.95,2004,65,4,11.95
147149,Active,542801,NA,NA,D,5,1,201450.0875,101.8,2009,45,31.78,73.48
147150,Active,223246,NA,NA,D,2,1,237954.37,182.95,1999,89,4,36.59
147151,Active,269978,NA,NA,D,2,1,1659043.6,184,2006,14,19.32,86.84
147152,Active,592818,NA,NA,S,7,1,1078404.273,174,2009,27,37.04,93.98
147153,Active,868647,NA,NA,D,7,1,2791659.018,96,2001,15,9.81,58.93
147154,Active,536864,NA,NA,D,8,1,342165.57,131.2,2012,54,5.87,31.99
147155,Active,428521,NA,NA,D,7,1,1831249.289,107,2009,38,4,6.39
147156,Active,921821,NA,NA,D,2,1,754076.0325,33,2002,76,3.99,6.99
147157,Active,143501,NA,NA,D,3,1,1168574.433,55,2011,31,11.71,50.44
147158,Active,617389,NA,NA,D,1,0,514994.1913,44.99,2008,87,4,7.64
147159,Active,132355,NA,NA,D,3,1,975686.175,42,2007,81,4,12.01
147160,Active,610453,NA,NA,S,5,1,16933.04125,68.8,2013,65,12.14,52.73
147161,Active,619546,NA,NA,D,5,1,83709.75875,71.4,2013,63,8.33,38.64
147162,Active,3145478,NA,NA,S,12,1,497446.8138,194.21,1986,17,17.82,78.02
147163,Active,528656,NA,NA,D,0,0,305116.0125,42.75,2011,26,5.3,27.47
147164,Active,60578,NA,NA,D,4,1,1739986.269,13.75,2005,48,4,14.76
147165,Active,533936,NA,NA,D,5,1,992313.5938,21.95,2007,87,4,15.95
147166,Active,262640,NA,NA,D,4,1,310817.1263,35.95,2003,48,4,13.97
147167,Active,594884,NA,NA,D,6,1,3625.67125,96,2012,105,10.42,22.99
147168,Active,53410,NA,NA,D,7,1,54827.87375,28.99,2011,90,7.39,23.99
147169,Active,696469,NA,NA,D,0,0,3300305.186,16.02,2008,24,4,10.56
147170,Active,788231,NA,NA,D,2,1,1751920.561,197.95,2001,33,4.94,50
147171,Active,53408,NA,NA,D,5,1,1213953.403,8.17,2005,87,3.99,6.36
147172,Active,51024,NA,NA,S,5,1,73066.06125,321.95,2010,87,22.43,86.17
147173,Active,645206,NA,NA,D,3,1,1415736.916,49.98,2005,20,6.64,52.31
147174,Active,907451,NA,NA,D,1,0,826933.3488,55,2008,20,6.14,54.13
147175,Active,594535,NA,NA,D,2,1,1003140.691,48,2012,33,14.69,70.54
147176,Active,108987,NA,NA,D,3,1,1859377.175,18.93,2004,21,4,88.22
147177,Active,635835,NA,NA,D,3,1,1985962.42,33.33,2005,25,4,22.98
147178,Active,912720,NA,NA,S,0,0,906456.1163,58.5,2005,32,6.71,44.34
147179,Active,125879,NA,NA,D,7,1,1487948.108,59.95,2000,30,4,27.95
147180,Active,639980,NA,NA,D,2,1,70240.95375,58.95,2011,59,42.65,46.99
147181,Active,1449871,NA,NA,D,1,0,1102205.826,64.99,2006,37,5.13,94.46
147182,Active,2768984,NA,NA,S,2,1,509468.6088,32.99,2005,24,13.96,47.99
147183,Active,655196,NA,NA,D,2,1,947178.0713,44.99,2013,31,5.64,32.16
147184,Active,252907,NA,NA,D,0,0,998275.68,39.99,2010,53,4,18.61
147185,Active,139082,NA,NA,D,0,0,323922.5888,56,2003,50,7.34,0
147186,Active,132314,NA,NA,D,3,1,571548.2638,124.2,2007,33,4,30.49
147187,Active,620410,NA,NA,D,1,0,183357.105,49.95,1997,57,4.26,34.8
147188,Active,132865,NA,NA,D,6,1,1953882.214,157.47,2009,21,19.24,78.3
147189,Active,55099,NA,NA,D,5,1,284542.6263,121.95,2002,60,4,47.77
147190,Active,557211,NA,NA,D,5,1,2113424.128,111.8,2003,28,4,31.98
147191,Active,247901,NA,NA,D,2,1,595171.7263,111,2009,49,6,91.27
147192,Active,57110,NA,NA,D,2,1,658340.67,42,1998,74,4,11.73
147193,Active,617407,NA,NA,D,1,0,1414769.614,39.99,2007,47,4,8.97
147194,Active,117152,NA,NA,D,4,1,984520.48,142.27,2005,24,4.45,19.98
147195,Active,117179,NA,NA,D,4,1,800717.9413,142.6,2005,63,4,16.3
147196,Active,644063,NA,NA,D,1,0,614012.9975,54.95,2007,31,6.79,43.97
147197,Active,888138,NA,NA,D,2,1,708574.29,0,2005,24,16.99,190.47
147198,Active,165889,NA,NA,D,2,1,1084654.203,60,2004,50,9.65,23.99
147199,Active,2253479,NA,NA,D,5,1,3966025.32,79,2007,41,10.44,44.79
147200,Active,564360,NA,NA,D,2,1,1945549.604,36.95,1993,26,5.99,29.87
147201,Active,663698,NA,NA,D,2,1,498823.27,59.95,2013,23,23.74,29.91
147202,Active,631111,NA,NA,D,1,0,756497.7888,58.95,2011,39,9.35,36.07
147203,Active,213209,NA,NA,D,1,0,740864.9613,100,2009,18,20.76,39.92
147204,Active,175420,NA,NA,D,1,0,532556.6113,68.75,2001,57,8.34,24.99
147205,Active,248426,NA,NA,D,9,1,1462341.701,102.95,2007,38,3.99,18.97
147206,Active,248351,NA,NA,D,9,1,889003.8675,112.95,2005,63,4,13.98
147207,Active,118832,NA,NA,D,2,1,306696.625,45.33,2007,116,4,44.84
147208,Active,2604690,NA,NA,D,1,0,1475468.501,99.99,2001,36,13.07,31.25
147209,Active,528620,NA,NA,S,3,1,1058275.873,94.95,2012,38,7.86,73.19
147210,Active,51769,NA,NA,D,13,1,1211127.819,300.72,2005,31,4,138.94
147211,Active,291551,NA,NA,D,7,1,1482669.286,296.95,2004,41,7.66,122.07
147212,Active,620163,NA,NA,D,4,1,1808173.021,4.99,2009,27,4,13.17
147213,Active,370970,NA,NA,S,1,0,4222575.61,62,1997,27,4,19.5
147214,Active,197591,NA,NA,D,7,1,1670882.218,74.95,2004,30,4,79.1
147215,Active,197924,NA,NA,D,8,1,1355745.698,85.42,2010,24,12.62,135.08
147216,Active,330296,NA,NA,D,3,1,6656406.575,168.95,2003,15,4.14,22.99
147217,Active,60585,NA,NA,D,4,1,1635207.084,277.95,2006,33,4,25.95
147218,Active,365663,NA,NA,D,1,0,1185562.374,169.55,2008,50,5.47,39.98
147219,Active,1554108,NA,NA,D,3,1,2010849.093,48.95,2012,16,6.09,73.97
147220,Active,147914,NA,NA,D,5,1,2076522.235,225.95,2003,66,4,14.99
147221,Active,61071,NA,NA,D,6,1,492566.5588,297.95,2006,84,4,38.98
147222,Active,116882,NA,NA,D,4,1,1071878.053,177.33,2005,48,4,16.99
147223,Active,528622,NA,NA,D,7,1,28572.67875,336.95,2012,133,6.12,42.99
147224,Active,270045,NA,NA,D,5,1,557965.4463,197,2008,30,10.79,23.99
147225,Active,904894,NA,NA,D,2,1,1265999.524,107,2004,21,5.35,13.99
147226,Active,598835,NA,NA,D,2,1,1534540.161,68.5,2003,13,7.93,21.99
147227,Active,859710,NA,NA,D,3,1,847089.8188,188,2008,44,17.22,187.85
147228,Active,114725,NA,NA,D,6,1,4602095.996,67.6,2003,20,4,19.82
147229,Active,637981,NA,NA,D,5,1,4936495.2,60,2000,14,4,17.24
147230,Active,143422,NA,NA,S,4,1,2267292.044,127,2001,26,4.34,8.74
147231,Active,288477,NA,NA,D,4,1,1189298.693,215,2010,51,3.76,168
147232,Active,868401,NA,NA,D,2,1,808507.6813,70,2008,24,4.9,13.28
147233,Active,574669,NA,NA,D,6,1,119627.1913,61.95,2011,22,26.94,65.54
147234,Active,593275,NA,NA,D,2,1,303467.2025,130.95,2009,40,7.97,140.95
147235,Active,1506332,NA,NA,D,11,1,2120351.476,48,2011,17,4.95,43.99
147236,Active,867066,NA,NA,D,11,1,148668.615,43,2013,82,9.22,28.99
147237,Active,143495,NA,NA,D,10,1,689459.9638,39,2010,26,8.98,22.49
147238,Active,1472788,NA,NA,D,2,1,4024189.041,69.95,2009,37,4.76,55.16
147239,Active,1475039,NA,NA,D,3,1,3439223.18,69.95,2011,27,4.77,70.82
147240,Active,422418,NA,NA,D,6,1,646581.5063,158,2012,29,7.88,28.94
147241,Active,610259,NA,NA,D,4,1,652266.5663,85,2010,38,8.99,64.59
147242,Active,556153,NA,NA,D,3,1,1919870.809,60,2007,28,4.56,49.4
147243,Active,914484,NA,NA,D,4,1,753115.7463,57,2005,30,4.32,33.99
147244,Active,616380,NA,NA,D,2,1,617110.5275,117,2009,75,3.99,4.98
147245,Active,560302,NA,NA,D,4,1,748657.9588,98,2004,39,4,30.94
147246,Active,193648,NA,NA,D,3,1,1030021.441,209,2009,41,7.74,130.15
147247,Active,499562,NA,NA,D,8,1,146364.3425,136.76,2012,77,17.51,70.83
147248,Active,50587,NA,NA,S,3,1,823701.9663,22.99,2000,121,4.86,22.87
147249,Active,261092,NA,NA,D,3,1,840575.7788,55.95,2004,16,7.26,69.71
147250,Active,261089,NA,NA,D,4,1,653971.6763,59.95,2009,26,6.93,51.74
147251,Active,745747,NA,NA,D,2,1,1231368.758,39.95,1997,91,4,10.24
147252,Active,1939141,NA,NA,D,4,1,1805702.863,105,2013,15,24.07,75.27
147253,Active,638367,NA,NA,D,0,0,1186636.704,51.95,2006,31,3.88,11.9
147254,Active,621555,NA,NA,D,0,0,234189.4575,51,1955,57,6.99,40.79
147255,Active,1840448,NA,NA,D,10,1,4450143.733,46.99,2008,17,25.71,32.14
147256,Active,200438,NA,NA,D,2,1,442888.1225,198.95,2009,45,4.58,14.19
147257,Active,889894,NA,NA,D,2,1,2587483.303,39.95,2005,15,6.76,97.07
147258,Active,528597,NA,NA,D,3,1,582241.64,59.95,2008,12,6.47,33.19
147259,Active,267516,NA,NA,D,2,1,2698206.588,44.95,2006,16,6.98,28.25
147260,Active,117535,NA,NA,D,2,1,522162.1875,40,2003,32,4,12.77
147261,Active,142992,NA,NA,D,5,1,2873092.978,71,2004,15,5.32,39.49
147262,Active,143227,NA,NA,D,6,1,1778738.193,116,2008,26,5.3,9.81
147263,Active,170029,NA,NA,D,1,0,79281.50875,200.95,2012,74,13.99,51.98
147264,Active,911896,NA,NA,D,0,0,1221418.57,63.95,1996,28,5.97,58.15
147265,Active,2047174,NA,NA,D,2,1,1028428.443,55.95,2008,22,15.64,23.94
147266,Active,60586,NA,NA,D,4,1,1795794.051,144.95,2004,22,4.13,5.31
147267,Active,54362,NA,NA,D,4,1,2964611.416,141.95,2004,30,4,4.8
147268,Active,169435,NA,NA,D,5,1,253583.3525,345.95,2007,74,4.44,23.68
147269,Active,608460,NA,NA,D,5,1,436785.6075,101.95,2007,55,4.19,7.99
147270,Active,254191,NA,NA,S,5,1,817341.295,211.95,2010,31,6.24,69.98
147271,Active,54357,NA,NA,S,6,1,46714.0025,76.95,2011,40,13.38,36.48
147272,Active,528591,NA,NA,D,3,1,403977.7225,55,2012,52,6.64,38.98
147273,Active,267398,NA,NA,D,2,1,1098500.324,45,2009,46,4,4.44
147274,Active,267383,NA,NA,D,2,1,597793.0575,50,2009,38,16.83,42.47
147275,Active,300146,NA,NA,D,7,1,691141.9913,55,2007,97,4,8.97
147276,Active,267381,NA,NA,D,7,1,2242864.679,82.75,2007,29,4.35,46.97
147277,Active,1884868,NA,NA,D,9,1,1237243.87,53.94,2009,23,17.94,48.99
147278,Active,121735,NA,NA,S,13,1,729661.3513,172,1999,39,13.56,50.47
147279,Active,915348,NA,NA,D,2,1,1532958.794,39.95,1999,32,4,8.1
147280,Active,2849879,NA,NA,D,0,0,203580.8313,32.97,1996,112,8.05,38.85
147281,Active,623668,NA,NA,D,0,0,75006.3375,49.99,2000,44,19.31,33.99
147282,Active,2953493,NA,NA,D,2,1,849693.615,29.97,2005,21,9.11,32.84
147283,Active,2850037,NA,NA,D,2,1,1105186.124,69.99,2004,22,9.15,30.99
147284,Active,225774,NA,NA,D,2,1,1382843.47,144.95,2004,22,4.97,62.94
147285,Active,212385,NA,NA,D,2,1,133531.0338,132.6,2006,44,9.52,57.72
147286,Active,2888604,NA,NA,D,0,0,137750.7213,60,1986,17,20.23,79.99
147287,Active,548228,NA,NA,D,1,0,360800.2,106.25,2002,96,4.16,33.89
147288,Active,855082,NA,NA,D,3,1,1860305.469,55,2004,55,2.72,11.07
147289,Active,53883,NA,NA,D,7,1,698768.0513,99.95,2003,196,4,11.47
147290,Active,1496188,NA,NA,D,1,0,241705.2788,50,2011,28,9.69,32.91
147291,Active,723448,NA,NA,D,4,1,403639.2075,44.95,2008,52,6.97,48.49
147292,Active,60588,NA,NA,D,4,1,3396128.501,97.4,2004,30,4,6.94
147293,Active,533937,NA,NA,D,5,1,865889.0888,117.27,2007,30,4,42.7
147294,Active,197687,NA,NA,D,2,1,2461877.044,68.2,2009,17,4,44
147295,Active,913906,NA,NA,S,12,1,788637.3375,61.5,2008,52,5.63,58.24
147296,Active,52182,NA,NA,D,4,1,1206292.176,150,2005,94,4,13
147297,Active,533699,NA,NA,D,6,1,13298.71625,202.8,2011,121,8.55,55.85
147298,Active,879490,NA,NA,D,5,1,1652126.641,108.85,2009,49,6.33,36.62
147299,Active,60589,NA,NA,D,11,1,333082.8775,158.45,2007,85,4,12.98
147300,Active,53670,NA,NA,D,11,1,1075534.745,5.15,2006,92,4,5.23
147301,Active,54384,NA,NA,D,7,1,12898.22625,290.95,2011,181,8.9,25.72
147302,Active,913773,NA,NA,S,7,1,76257.1275,73.98,2009,27,8.61,33.76
147303,Active,54383,NA,NA,D,5,1,944620.7225,8.54,2005,115,4,8.54
147304,Active,1657936,NA,NA,D,3,1,3239819.914,75.41,2010,18,4.59,62.85
147305,Active,1657019,NA,NA,D,2,1,5015197.801,63.28,2006,13,4.07,101.27
147306,Active,56459,NA,NA,D,10,1,1071344.625,149.95,2008,74,4,18.92
147307,Active,135656,NA,NA,D,4,1,203349.895,43.95,2011,51,20.98,28.97
147308,Active,566546,NA,NA,D,1,0,643405.9125,60,2004,81,4,13.98
147309,Active,628770,NA,NA,D,3,1,821309.34,227.95,2009,28,4,43.86
147310,Active,456870,NA,NA,S,3,1,58428.065,342.95,2010,61,35.77,75.89
147311,Active,616080,NA,NA,S,3,1,118564.8738,147.95,1988,45,10.74,42.49
147312,Active,614029,NA,NA,S,3,1,24207.93625,126.67,2002,78,4.5,38.15
147313,Active,1445354,NA,NA,D,2,1,957283.915,76.95,2007,19,39.8,73.98
147314,Active,624976,NA,NA,D,1,0,497162.595,198,1997,36,8.99,54.59
147315,Active,200276,NA,NA,D,6,1,981394.3913,121.95,2007,29,6.98,56.55
147316,Active,52166,NA,NA,D,8,1,41307.3875,201.4,2009,61,15.75,33.99
147317,Active,221789,NA,NA,D,5,1,1680324.83,132.95,2003,17,48.86,52.61
147318,Active,2621609,NA,NA,D,2,1,3033622.193,105.95,1990,16,4.97,57.71
147319,Active,533975,NA,NA,S,3,1,232881.035,152.95,1998,30,33.98,77.22
147320,Active,265116,NA,NA,D,0,0,254338.4675,28,2006,21,17.98,63.69
147321,Active,607709,NA,NA,D,4,1,145994.6713,72,2004,41,5.47,47.59
147322,Active,596765,NA,NA,D,2,1,1608018.474,48.95,2000,36,4,45.57
147323,Active,632139,NA,NA,S,0,0,119633.0275,49.99,2012,82,12.23,13.65
147324,Active,637850,NA,NA,D,2,1,563118.7538,49.99,2011,55,10.6,13.96
147325,Active,608867,NA,NA,D,2,1,694391.545,54.99,2005,39,4,17.98
147326,Active,55095,NA,NA,D,8,1,213952.3163,82.95,2005,80,5.94,23.94
147327,Active,203938,NA,NA,D,3,1,1634512.106,93.95,2008,56,4.06,5.79
147328,Active,528558,NA,NA,D,4,1,155422.2213,110.99,2012,77,7.96,78.97
147329,Active,639882,NA,NA,D,1,0,418564.9563,65.99,2012,27,7.96,13.97
147330,Active,392958,NA,NA,D,2,1,690057.1275,50.95,2008,95,4,14.78
147331,Active,621195,NA,NA,D,6,1,854186.7775,43.95,2002,26,4,32.98
147332,Active,609199,NA,NA,D,8,1,643397.6975,57.99,2008,41,7.27,14.1
147333,Active,577359,NA,NA,D,7,1,1582741.203,47.95,2004,39,4,13.99
147334,Active,627153,NA,NA,D,1,0,1170370.734,97.99,2010,19,9.16,18.77
147335,Active,545706,NA,NA,D,11,1,20590.655,59.99,2013,102,17.99,48.99
147336,Active,2023416,NA,NA,D,4,1,484681.6213,56.95,2006,30,14.85,72.87
147337,Active,577445,NA,NA,D,1,0,968667.15,70.99,2008,49,4,15.39
147338,Active,56626,NA,NA,D,1,0,464089.77,84,2008,110,4,7.25
147339,Active,618316,NA,NA,D,3,1,716308.3788,50.95,2004,101,4,12.18
147340,Active,60595,NA,NA,D,4,1,797379.0725,68.6,2003,33,4,20.85
147341,Active,873492,NA,NA,D,3,1,2488817.056,58,1999,27,4,8.24
147342,Active,58491,NA,NA,D,1,0,675911.66,147.95,2007,43,4,39.96
147343,Active,2832398,NA,NA,D,2,1,5350339.641,239.95,1999,15,23.51,90.08
147344,Active,276640,NA,NA,D,2,1,1152817.329,52,2006,27,4,10.76
147345,Active,286274,NA,NA,S,7,1,24479.8725,157.6,2011,73,26.09,147.99
147346,Active,54978,NA,NA,D,5,1,1046800.134,68.6,2004,56,4,16.76
147347,Active,52936,NA,NA,D,5,1,14585.05,149,2009,90,23.99,68.61
147348,Active,118172,NA,NA,D,2,1,1919416.058,112.4,2006,17,4.97,22.99
147349,Active,276649,NA,NA,D,2,1,163143.88,48,2008,36,4.26,46.43
147350,Active,630745,NA,NA,D,1,0,186991.3888,65.95,2006,43,8.41,44.75
147351,Active,533832,NA,NA,D,12,1,11535.99625,134.8,2012,83,18.97,56.99
147352,Active,607137,NA,NA,S,6,1,231167.6488,67,2000,113,4.08,48.78
147353,Active,116944,NA,NA,D,3,1,743160.115,72,2005,96,4,14.44
147354,Active,116947,NA,NA,D,4,1,138672.4738,90.8,2006,45,24.96,71.69
147355,Active,544599,NA,NA,S,8,1,115721.0788,193.95,2013,36,41.6,156.17
147356,Active,60598,NA,NA,D,6,1,973679.8938,187.95,2005,54,4,11.67
147357,Active,557664,NA,NA,D,10,1,9678.445,129,2013,102,8.61,83.99
147358,Active,54550,NA,NA,D,2,1,317447.3675,24.94,2008,105,4,22.98
147359,Active,1509391,NA,NA,D,2,1,2833071.115,197.63,2008,20,3.99,205.65
147360,Active,546011,NA,NA,D,3,1,4226.07625,53.5,2012,74,21.91,30.84
147361,Active,540004,NA,NA,D,7,1,34901.97875,107.8,2012,90,11.54,35.97
147362,Active,533911,NA,NA,S,6,1,189540.25,90.8,2009,172,4,11.99
147363,Active,922100,NA,NA,D,5,1,2199025.658,68.4,2004,47,4,8.78
147364,Active,54549,NA,NA,S,2,1,203284.1588,41.8,2003,87,4,18.89
147365,Active,142079,NA,NA,D,2,1,328771.735,18.58,2010,90,4,8.97
147366,Active,118395,NA,NA,D,4,1,1381772.121,56,1996,39,4.44,23.84
147367,Active,434728,NA,NA,D,10,1,461992.0175,101.8,2006,33,4.57,23.19
147368,Active,537931,NA,NA,D,9,1,1233587.77,91.2,2005,28,4.54,84.21
147369,Active,858621,NA,NA,D,4,1,699915.4625,61.1,1997,54,4.37,21.77
147370,Active,593221,NA,NA,S,7,1,403297.4725,174.95,2009,50,5.59,24.75
147371,Active,1575124,NA,NA,D,7,1,592503.0688,208.95,2010,47,5.59,10.99
147372,Active,58404,NA,NA,D,9,1,503831.8175,43.99,2005,67,4,29.21
147373,Active,735867,NA,NA,D,0,0,962163.5625,78.63,2011,17,4,21.98
147374,Active,630524,NA,NA,D,2,1,13069.9725,66,2013,61,23.9,46.51
147375,Active,560095,NA,NA,D,1,0,264019.7388,18.99,2010,47,8.99,48.55
147376,Active,1568767,NA,NA,D,4,1,2661742.523,115.95,2010,10,13.99,81.96
147377,Active,449514,NA,NA,D,4,1,2032196.065,246.95,2007,21,27.84,188.41
147378,Active,778393,NA,NA,D,5,1,2721548.569,88.95,2006,17,4.4,20.46
147379,Active,132758,NA,NA,D,7,1,175615.3975,79.8,2009,57,4,42.83
147380,Active,60976,NA,NA,D,6,1,597890.9163,68,2006,125,4,17.83
147381,Active,133017,NA,NA,D,7,1,277489.8275,35.67,2010,49,4.94,21.99
147382,Active,880209,NA,NA,D,11,1,929626.155,43.99,2008,50,5.51,30.9
147383,Active,2272683,NA,NA,D,11,1,880055.1025,92.93,2009,41,6.51,41.43
147384,Active,873222,NA,NA,S,3,1,567954.5,117.95,2011,41,5.63,56.42
147385,Active,54298,NA,NA,D,2,1,668448.9988,29.33,2008,36,4,9.95
147386,Active,157624,NA,NA,D,12,1,5681801.893,250,2006,15,4.77,61.08
147387,Active,113645,NA,NA,D,5,1,676614.1,121,2001,21,11.63,91.72
147388,Active,50612,NA,NA,S,17,1,41119.82375,286.95,2011,62,39.08,48.55
147389,Active,50606,NA,NA,D,15,1,115308.9063,317.95,2006,95,14.28,51.16
147390,Active,50609,NA,NA,D,13,1,221757.8163,120.95,2003,62,6.26,18.71
147391,Active,2608035,NA,NA,D,0,0,597109.97,44.99,2005,30,13.35,25.99
147392,Active,259651,NA,NA,D,2,1,1388820.625,64.95,2002,35,4,11.99
147393,Active,560316,NA,NA,D,4,1,2577361.74,143,2005,22,5.63,40.83
147394,Active,294205,NA,NA,D,5,1,1469644.315,189,2006,28,32.98,75.33
147395,Active,55921,NA,NA,S,7,1,787814.36,44,1997,48,4.2,6.95
147396,Active,169915,NA,NA,S,11,1,217692.5863,222.95,2009,34,23.99,76.92
147397,Active,765151,NA,NA,D,9,1,1496863.32,112.95,2002,34,4,13.98
147398,Active,876074,NA,NA,S,4,1,303208.585,54.58,2003,31,19.25,63.47
147399,Active,1517573,NA,NA,D,1,0,139989.4975,54.99,2013,19,37.46,58.98
147400,Active,528521,NA,NA,D,3,1,1224582.689,75,2009,37,23.39,105.36
147401,Active,326319,NA,NA,D,2,1,3323516.193,110,2005,19,6.38,48.49
147402,Active,1845089,NA,NA,D,2,1,1051001.94,73.2,2007,22,6.17,38.97
147403,Active,145166,NA,NA,D,3,1,1314930.33,48.2,2006,76,3.99,7.53
147404,Active,144092,NA,NA,D,0,0,309967.0138,94.6,2000,32,38.99,100.08
147405,Active,144755,NA,NA,D,0,0,713176.2263,87.8,2003,18,33.94,90.87
147406,Active,117950,NA,NA,D,3,1,124101.3525,29.27,2004,35,7.93,50.94
147407,Active,118971,NA,NA,D,4,1,70275.6675,42.65,2008,45,17.12,43.29
147408,Active,132554,NA,NA,S,3,1,661006.2213,27.6,2008,53,3.99,13.4
147409,Active,287446,NA,NA,D,10,1,26399.01625,93.8,2011,91,13.57,33.48
147410,Active,54465,NA,NA,D,7,1,1171739.543,90.67,2008,58,4,38.49
147411,Active,54469,NA,NA,D,6,1,698540.4363,93.2,2005,63,4,11.72
147412,Active,859149,NA,NA,D,2,1,1614110.036,95.95,2004,29,4,14.39
147413,Active,802425,NA,NA,D,4,1,2360975.773,126.95,2007,23,4,48.94
147414,Active,290984,NA,NA,D,5,1,574514.3013,119.95,2011,39,12.5,160.61
147415,Active,153942,NA,NA,D,2,1,278125.5725,50,2006,97,4.76,33.96
147416,Active,132067,NA,NA,D,9,1,674345.0413,97.6,2004,24,6.73,60.59
147417,Active,131610,NA,NA,D,9,1,681151.2488,97.6,2002,49,4,22.14
147418,Active,170085,NA,NA,D,13,1,45303.4925,111.95,2010,122,13.98,57.64
147419,Active,54853,NA,NA,D,8,1,1400290.91,533.61,2006,27,4.98,68.01
147420,Active,627523,NA,NA,D,5,1,506383.07,36.95,2008,37,4.14,19.98
147421,Active,912741,NA,NA,D,0,0,1874998.065,44.99,2004,32,4,17.74
147422,Active,203738,NA,NA,D,6,1,872160.1525,348.99,2005,16,33.68,99.29
147423,Active,626379,NA,NA,D,2,1,135895.5425,77,2007,34,29.63,0
147424,Active,2577410,NA,NA,D,2,1,716719.395,150,1984,32,16.63,73.97
147425,Active,615521,NA,NA,D,2,1,537603.9663,53.95,2009,55,4,11.97
147426,Active,609158,NA,NA,D,2,1,3131471.039,38.95,2003,36,4,6.45
147427,Active,609197,NA,NA,D,3,1,855845.4263,46.95,2008,48,4,15.1
147428,Active,528452,NA,NA,D,3,1,312040.9138,37.95,2011,36,5.96,33.91
147429,Active,405177,NA,NA,D,2,1,1203789.696,35.95,2003,46,4,33.94
147430,Active,2832467,NA,NA,D,2,1,1351562,209.95,2001,27,28.98,121.65
147431,Active,1474553,NA,NA,D,1,0,1777052.745,135,2012,44,30.99,75.23
147432,Active,1839805,NA,NA,D,3,1,3154612.443,224.95,2008,19,29.29,55.99
147433,Active,387055,NA,NA,D,5,1,1545280.448,162,2009,28,4.59,58.59
147434,Active,110456,NA,NA,D,2,1,1121725.023,18.99,2010,30,4.29,18.99
147435,Active,538832,NA,NA,D,3,1,34919.8375,43.98,2012,85,5.79,65.64
147436,Active,551233,NA,NA,D,2,1,1012425.684,89.5,2010,58,4.19,23.94
147437,Active,538493,NA,NA,D,2,1,1041002.739,76.5,2011,105,4,17.47
147438,Active,543127,NA,NA,D,2,1,79392.505,31.95,2010,29,10.14,13.11
147439,Active,144976,NA,NA,D,1,0,161418.7675,93.99,2006,37,17.49,84.68
147440,Active,797410,NA,NA,D,0,0,272652.9413,74.99,2012,24,38.99,40.58
147441,Active,2440908,NA,NA,D,2,1,1924844.074,46.95,2003,17,23.97,54.67
147442,Active,873197,NA,NA,S,2,1,350071.7238,123,2000,37,11.17,66.21
147443,Active,3278019,NA,NA,D,2,1,1112899.208,174.95,2004,41,51.24,174.83
147444,Active,632201,NA,NA,D,1,0,1079803.87,88,1991,40,10.71,37.56
147445,Active,3595994,NA,NA,D,24,1,425723.05,65,1992,33,19.66,44.89
147446,Active,223580,NA,NA,D,28,1,529359.6625,94.95,2008,43,63.94,120
147447,Active,223575,NA,NA,D,26,1,704289.3088,85,2000,29,33.97,101.54
147448,Active,635683,NA,NA,D,29,1,62076.36,94.95,2012,64,67.69,86.03
147449,Active,633969,NA,NA,D,2,1,2866683.808,110,2001,27,4.48,48.99
147450,Active,112193,NA,NA,D,1,0,494258.2375,93.53,2004,19,12.97,78.85
147451,Active,597122,NA,NA,S,7,1,618167.2413,57,2000,35,4.98,73.73
147452,Active,528443,NA,NA,D,12,1,368629.3625,65.95,2009,17,7.93,161.43
147453,Active,661052,NA,NA,D,8,1,324874.625,83.78,2012,31,18.18,73.99
147454,Active,544215,NA,NA,D,11,1,46256.31875,279.95,2013,77,14.84,52.46
147455,Active,52300,NA,NA,D,3,1,162364.9238,200,2009,179,4,42.93
147456,Active,916992,NA,NA,S,19,1,1105094.424,32.49,2011,37,4.75,63.99
147457,Active,528442,NA,NA,D,19,1,4259.77,276.25,2011,231,9.46,38.75
147458,Active,606988,NA,NA,D,6,1,3093320.933,28.94,2005,48,3.49,28.94
147459,Active,166397,NA,NA,D,2,1,1088937.313,12.97,2004,50,4,7.99
147460,Active,50139,NA,NA,D,8,1,1546122.343,222.95,2007,57,4,22.49
147461,Active,60604,NA,NA,D,17,1,348305.5438,33.6,2006,171,4,43.51
147462,Active,563654,NA,NA,D,0,0,891908.3388,11.49,2008,54,4,11.49
147463,Active,550155,NA,NA,D,6,1,1826392.721,22.24,2005,31,4.29,22.38
147464,Active,550733,NA,NA,D,8,1,241262.4813,237,2009,88,6.35,61.33
147465,Active,620559,NA,NA,D,11,1,3224277.308,28.98,2009,18,4.37,28.99
147466,Active,623348,NA,NA,D,4,1,184896.9475,165.8,2012,71,5.24,22.99
147467,Active,864687,NA,NA,S,5,1,6086.4,247.4,2014,150,15.99,63.2
147468,Active,632511,NA,NA,D,1,0,1184629.344,117.56,1993,25,4,46.03
147469,Active,534835,NA,NA,S,8,1,3347.3525,125.37,2012,94,24.08,173.99
147470,Active,609859,NA,NA,S,11,1,35180.95375,247.4,2013,61,13.52,63.06
147471,Active,252702,NA,NA,D,2,1,1263338.601,0,2009,15,22.4,309.29
147472,Active,308780,NA,NA,D,18,1,1243853.085,43.55,2004,34,4.2,43.91
147473,Active,544293,NA,NA,S,11,1,359387.9163,279.95,2013,44,4.93,147.99
147474,Active,528431,NA,NA,S,4,1,63793.23,233.4,2010,42,7.88,53.69
147475,Active,556133,NA,NA,D,0,0,508195.0738,112.95,2006,59,8.72,33.45
147476,Active,607000,NA,NA,S,7,1,189249.2863,91.99,2007,40,12.99,87.58
147477,Active,61153,NA,NA,D,2,1,475174.3375,186.67,2008,101,4,23.99
147478,Active,717120,NA,NA,D,3,1,1102747.538,126.93,2009,51,5.6,8.49
147479,Active,528439,NA,NA,D,10,1,42709.05125,225,2011,60,13.15,60.54
147480,Active,53035,NA,NA,D,10,1,466244.3763,206.95,2005,64,4,16.48
147481,Active,148584,NA,NA,D,10,1,807383.65,174.95,2007,26,4,38.42
147482,Active,244150,NA,NA,D,10,1,804848.6175,256.95,2010,36,4.7,176.39
147483,Active,50291,NA,NA,D,8,1,2444437.305,27.99,2006,44,4,27.99
147484,Active,183586,NA,NA,D,5,1,507687.8488,144.35,2006,33,10.58,100.68
147485,Active,538491,NA,NA,S,8,1,36141.6025,208.75,2013,74,45.59,80.17
147486,Active,416409,NA,NA,D,6,1,659590.9538,121.25,2007,32,5.09,49.03
147487,Active,722501,NA,NA,D,2,1,598796.9,67.95,2006,67,4,26.94
147488,Active,868481,NA,NA,S,0,0,414803.4288,42.95,1993,37,6.09,53.54
147489,Active,1474284,NA,NA,D,1,0,308860.4738,11.95,2012,31,6.59,7.49
147490,Active,3272263,NA,NA,D,3,1,1130444.809,105.91,2004,20,12,39.71
147491,Active,561622,NA,NA,D,3,1,506915.2813,98.95,2003,24,13.9,16.49
147492,Active,3514155,NA,NA,D,2,1,3210116.95,329,1996,24,10.23,84.54
147493,Active,552299,NA,NA,D,0,0,107918.02,95.85,2006,29,26.14,53.43
147494,Active,114865,NA,NA,S,0,0,283083.1975,135.5,2001,114,4.16,16.41
147495,Active,612968,NA,NA,D,0,0,307018.105,135.5,2004,105,4.49,0
147496,Active,153215,NA,NA,D,1,0,1227516.364,49.95,2005,18,18.94,47.98
147497,Active,2844092,NA,NA,D,10,1,4551864.536,420,1996,18,8.44,151.23
147498,Active,900483,NA,NA,D,1,0,1131642.95,49.95,2009,21,36.93,68.47
147499,Active,2250635,NA,NA,D,4,1,3206038.914,83.39,2008,41,7.79,46.71
147500,Active,533386,NA,NA,S,0,0,145158.2863,164.95,2013,40,4.78,19.66
147501,Active,155323,NA,NA,S,2,1,245884.4225,147.95,1999,80,4,24.14
147502,Active,155328,NA,NA,D,5,1,1985608.095,12.91,1999,53,4,12.91
147503,Active,182552,NA,NA,D,3,1,2332612.248,61.56,2002,39,4,12.8
147504,Active,289559,NA,NA,D,1,0,181817.41,58.95,2001,51,7.68,23.99
147505,Active,155176,NA,NA,S,2,1,196873.625,147.95,1998,68,5.41,19.96
147506,Active,182424,NA,NA,S,2,1,289077.7,133.95,2000,70,4.48,47.88
147507,Active,572740,NA,NA,D,1,0,238216.5813,143.95,1993,46,14.99,51.5
147508,Active,155191,NA,NA,D,2,1,986605.2825,141.95,1999,41,4,11.97
147509,Active,53720,NA,NA,D,6,1,135285.4313,140,2009,37,13.78,50.32
147510,Active,545042,NA,NA,D,11,1,245726.3325,39.99,2013,35,8.83,69.15
147511,Active,54968,NA,NA,S,6,1,81674.4375,268.95,2011,54,22.98,73.25
147512,Active,535206,NA,NA,S,6,1,190958.0313,140.95,2013,32,31.99,78.99
147513,Active,183128,NA,NA,D,5,1,941524.6363,143.95,2010,58,4,26.66
147514,Active,54971,NA,NA,D,6,1,245816.255,214.95,2011,38,21.77,115.87
147515,Active,54974,NA,NA,D,5,1,996666.2538,227.95,2007,57,4.12,20.96
147516,Active,623625,NA,NA,D,1,0,739197.4013,36,2005,30,4,9.98
147517,Active,2699257,NA,NA,D,3,1,728541.8175,60.95,2004,24,33.98,49.96
147518,Active,904233,NA,NA,D,4,1,2023743.938,53.95,2006,25,4,45.25
147519,Active,2604244,NA,NA,D,2,1,733530.4563,35.5,2004,147,4,5.2
147520,Active,528412,NA,NA,S,4,1,9175.72625,68.8,2012,75,24.98,41.98
147521,Active,2270706,NA,NA,D,3,1,1202340.575,24.74,2007,44,5.59,21.62
147522,Active,913229,NA,NA,D,0,0,2138597.698,28.88,2009,32,7.65,13.94
147523,Active,271082,NA,NA,D,2,1,67361.48375,52,2011,43,13.98,32.79
147524,Active,117207,NA,NA,D,12,1,225225.315,96.2,2007,41,4.86,47.61
147525,Active,246583,NA,NA,D,4,1,1459994.576,37.95,2007,25,4,28.99
147526,Active,641627,NA,NA,D,0,0,111240.9413,85,2007,20,40.99,44.33
147527,Active,872574,NA,NA,D,3,1,755612.4525,43.99,2008,52,4,41.51
147528,Active,734441,NA,NA,D,2,1,548346.1675,8.98,2006,58,4,8.98
147529,Active,61164,NA,NA,D,2,1,2874929.868,20.82,2004,51,3.99,16.5
147530,Active,142183,NA,NA,D,4,1,21418.84125,144.5,2012,62,13.19,58.89
147531,Active,141588,NA,NA,S,0,0,985826.4088,6.32,2002,49,4,7.12
147532,Active,141979,NA,NA,D,3,1,86576.75625,56.52,2010,123,4.02,14.47
147533,Active,52776,NA,NA,D,2,1,1761294.603,11.28,2004,64,4,11.96
147534,Active,528408,NA,NA,D,3,1,618602.06,44.95,2012,25,7.85,38.99
147535,Active,196270,NA,NA,D,2,1,656534.2275,45,2009,33,6.36,42.71
147536,Active,127345,NA,NA,D,0,0,179298.9175,44.95,2008,37,4,43.96
147537,Active,547066,NA,NA,D,5,1,65733.44,64.75,2010,112,10.99,22.14
147538,Active,275595,NA,NA,D,4,1,543330.91,45.25,2006,56,4,28.49
147539,Active,1855138,NA,NA,D,4,1,169684.8,101,2012,16,33.92,76.66
147540,Active,262369,NA,NA,D,0,0,728315.0863,36.95,2008,73,4,10.92
147541,Active,583410,NA,NA,D,0,0,386327.3275,52.95,1987,24,9.91,17.49
147542,Active,1455294,NA,NA,D,2,1,682435.4463,222.53,2014,20,60.44,163.98
147543,Active,53971,NA,NA,D,11,1,98366.50375,42.99,2010,91,8.8,42.99
147544,Active,528362,NA,NA,S,11,1,27698.1625,358.95,2012,61,24.48,134.99
147545,Active,119160,NA,NA,S,1,0,156104.2713,216.2,2011,62,39.78,97.93
147546,Active,117323,NA,NA,D,5,1,1399396.466,166.67,2006,36,4,13.99
147547,Active,1848189,NA,NA,D,4,1,701024.1763,62.95,2009,17,4.94,39.04
147548,Active,175110,NA,NA,D,0,0,993330.8225,54,2010,31,5.64,31.79
147549,Active,543704,NA,NA,D,2,1,82540.165,59.99,2013,47,17.26,40.99
147550,Active,914515,NA,NA,D,9,1,553678.1238,120,2010,17,8.41,203.98
147551,Active,135565,NA,NA,D,3,1,1782731.214,54.95,2003,32,4,14.61
147552,Active,287750,NA,NA,D,4,1,78716.4625,49.95,2008,58,7.99,43.98
147553,Active,390055,NA,NA,D,2,1,216761.7988,72,2007,77,3.88,9.98
147554,Active,349983,NA,NA,S,6,1,795392.2425,288.95,2010,55,5.75,48.16
147555,Active,407002,NA,NA,D,8,1,658077.2863,230.95,2006,77,4.13,5.26
147556,Active,52221,NA,NA,D,11,1,277199.925,14.98,2012,87,7.95,38.08
147557,Active,619541,NA,NA,S,12,1,6703.14375,295.4,2013,107,19.73,53.87
147558,Active,52223,NA,NA,D,10,1,768217.06,9.98,2009,78,4,8.99
147559,Active,53970,NA,NA,D,10,1,156007.315,224,2008,76,4.99,18.65
147560,Active,400873,NA,NA,D,4,1,1745740.586,85,2003,13,17.66,85.38
147561,Active,308319,NA,NA,D,10,1,3178557.221,7.74,2000,26,4.35,40.45
147562,Active,307776,NA,NA,D,11,1,3915995.42,52.53,2003,16,4.56,34.7
147563,Active,108037,NA,NA,D,11,1,2452794.774,24.51,2003,30,4.19,14.74
147564,Active,201767,NA,NA,D,3,1,1598395.434,210,2014,18,4,118.25
147565,Active,874814,NA,NA,D,6,1,31495.6025,137,2014,33,41.47,110.46
147566,Active,608058,NA,NA,D,3,1,2517676.606,137.95,2005,36,4.12,18
147567,Active,578933,NA,NA,D,1,0,674123.0488,55.95,2009,71,6.29,14.91
147568,Active,52641,NA,NA,D,4,1,2202743.351,179.95,2004,40,4.06,8.89
147569,Active,314956,NA,NA,D,12,1,122909.2613,251.4,2011,123,6.66,28.99
147570,Active,340222,NA,NA,D,1,0,304897.3475,17.57,2012,40,4,13.27
147571,Active,696687,NA,NA,S,8,1,353609.8088,54.98,2009,17,9.18,54.26
147572,Active,309086,NA,NA,D,7,1,1718413.88,203.75,2007,32,3.99,23.98
147573,Active,53739,NA,NA,D,7,1,2197385.895,5.13,2005,52,4,5.03
147574,Active,2614652,NA,NA,D,1,0,1118758.575,175,2005,23,4.29,95.63
147575,Active,177590,NA,NA,D,3,1,2748879.345,161.95,2005,27,4,23.09
147576,Active,169871,NA,NA,D,4,1,669657.17,233.95,2009,45,4.52,16.98
147577,Active,227606,NA,NA,D,4,1,1901067.935,93.95,2005,39,3.98,12.99
147578,Active,342122,NA,NA,D,2,1,2696255.875,199.95,2004,17,8.64,52.28
147579,Active,385699,NA,NA,D,5,1,2142238.33,187.95,2007,19,11.87,30.78
147580,Active,60611,NA,NA,D,3,1,285611.8925,108.95,2000,41,4,7.31
147581,Active,113817,NA,NA,S,8,1,669075.6075,132,2000,133,4,22.91
147582,Active,402506,NA,NA,D,1,0,1245668.398,85,1999,20,4,23.99
147583,Active,177478,NA,NA,S,1,0,844518.0925,103.95,1999,33,4,10.84
147584,Active,543404,NA,NA,D,4,1,574222.03,70,2012,19,36.29,63.64
147585,Active,54068,NA,NA,D,7,1,1878244.948,273.95,2004,64,4,5.25
147586,Active,354947,NA,NA,D,9,1,395767.0513,255.95,2006,99,4,14.86
147587,Active,52220,NA,NA,D,9,1,145197.1488,28.91,2007,83,4,23.19
147588,Active,112088,NA,NA,D,2,1,456608.5213,136.25,2009,32,27.71,83.3
147589,Active,908324,NA,NA,D,2,1,2365660.995,36.95,2004,24,4,41.64
147590,Active,50980,NA,NA,D,8,1,479558.52,25.86,2008,115,3.96,25.98
147591,Active,53597,NA,NA,D,14,1,8986.86,47.92,2011,457,5.19,27.71
147592,Active,860403,NA,NA,D,6,1,705511.7088,222.25,2011,53,8.58,27.31
147593,Active,921216,NA,NA,D,12,1,2305778.546,57.5,2008,52,4,23.99
147594,Active,51839,NA,NA,D,9,1,55107.38125,64.65,2010,133,9.63,31.46
147595,Active,538785,NA,NA,D,2,1,34132.7375,369.5,2013,55,8.73,22.61
147596,Active,553261,NA,NA,D,3,1,1021758.356,316.33,2012,29,4.2,146.49
147597,Active,716085,NA,NA,D,3,1,359093.2463,207.07,2012,53,5.49,18.9
147598,Active,53596,NA,NA,D,12,1,633271.5038,7.98,2007,244,4,12.9
147599,Active,60614,NA,NA,D,3,1,493415.2513,13.59,2006,98,4,13.99
147600,Active,285593,NA,NA,S,3,1,530834.1388,54.01,2011,44,18.99,55.41
147601,Active,308451,NA,NA,D,5,1,2718783.514,60.93,2000,23,4,18.94
147602,Active,330389,NA,NA,S,8,1,2641440.533,250.95,2003,26,4.34,20.03
147603,Active,53595,NA,NA,D,13,1,93002.5325,18.89,2009,339,4,10.69
147604,Active,549469,NA,NA,D,9,1,2229862.68,111,2010,28,6.44,29.93
147605,Active,538784,NA,NA,S,3,1,23084.7575,369.5,2013,76,30.12,41.46
147606,Active,111429,NA,NA,D,2,1,1178992.255,147.6,2010,26,13.78,148.23
147607,Active,549471,NA,NA,D,2,1,2084329.27,101.25,2010,22,4.11,35.55
147608,Active,53594,NA,NA,D,11,1,903062.0375,5.63,2004,262,4,7.58
147609,Active,51837,NA,NA,D,7,1,1307027.933,8.77,2006,72,4,8.77
147610,Active,162031,NA,NA,D,4,1,937454.9875,8.99,2007,104,4,8.99
147611,Active,528347,NA,NA,D,4,1,792560.4188,79.95,2012,34,4.3,26.86
147612,Active,698921,NA,NA,D,7,1,166844.2638,76.77,2010,41,9.29,63.23
147613,Active,56585,NA,NA,D,7,1,66337.27125,42.97,2009,138,9.49,23.99
147614,Active,153840,NA,NA,D,6,1,387227.4638,62.59,2005,47,4,0
147615,Active,591674,NA,NA,D,3,1,1211887.583,88.38,2007,37,4,54.65
147616,Active,254139,NA,NA,D,2,1,308895.1788,250.95,2009,47,19.9,36.03
147617,Active,544519,NA,NA,D,3,1,44265.43125,233.95,2013,54,35.19,83.98
147618,Active,153998,NA,NA,D,7,1,186866.65,27.27,2009,44,13.86,29.98
147619,Active,147947,NA,NA,D,5,1,1187378.923,170.95,2003,36,4,15.98
147620,Active,114342,NA,NA,D,4,1,2777286.956,138.33,2002,29,2.99,40.89
147621,Active,162547,NA,NA,S,6,1,387712.9675,91.44,2008,55,11.28,58.23
147622,Active,391012,NA,NA,S,1,0,1326500.784,77,2000,24,4,8.92
147623,Active,879084,NA,NA,D,7,1,824665.3088,0,2012,19,18.82,80.88
147624,Active,201778,NA,NA,D,2,1,825533.035,59.95,2010,38,6.18,31.99
147625,Active,203559,NA,NA,D,4,1,966350.0025,51.95,2004,56,4,9.94
147626,Active,247851,NA,NA,D,2,1,1149995.556,82,2008,68,4.57,16.97
147627,Active,543400,NA,NA,D,3,1,517464.8038,80,2012,26,8.47,75.36
147628,Active,199147,NA,NA,S,1,0,503773.3388,92.95,2001,44,4,37.96
147629,Active,308895,NA,NA,D,7,1,1407592.873,32.83,2005,54,4,17.19
147630,Active,716587,NA,NA,D,6,1,2295587.638,48.17,2009,23,7.3,47.1
147631,Active,307892,NA,NA,D,8,1,2323991.76,44.76,2008,18,4.14,38.67
147632,Active,244083,NA,NA,D,16,1,5693.89125,302.95,2012,219,10.54,73.99
147633,Active,53593,NA,NA,D,5,1,1037654.418,185.33,2006,62,4,9.99
147634,Active,201738,NA,NA,D,0,0,625266.0963,44.95,2007,33,6.4,36.12
147635,Active,868425,NA,NA,D,2,1,3362464.634,69.95,1990,57,4,23.99
147636,Active,2146666,NA,NA,D,2,1,2479362.698,89.99,2007,16,15.72,66.97
147637,Active,284933,NA,NA,D,2,1,1450737.774,34.89,2008,16,5.63,35.99
147638,Active,276654,NA,NA,D,3,1,210138.2238,59,2009,53,5.57,13.99
147639,Active,148204,NA,NA,D,1,0,1406904.739,101.95,2004,37,3.19,82.62
147640,Active,1651648,NA,NA,D,1,0,173607.6063,55.95,2007,26,41.49,43.99
147641,Active,317154,NA,NA,S,4,1,276427.25,206.67,2009,36,18.99,289.92
147642,Active,314621,NA,NA,D,3,1,973472.6275,193.33,2006,29,9.46,61.18
147643,Active,1728892,NA,NA,D,4,1,280026.1563,109.65,2012,22,19.78,59.76
147644,Active,363610,NA,NA,D,1,0,1199315.033,64,2005,56,4,17.5
147645,Active,528308,NA,NA,D,2,1,3314118.466,57.95,2005,15,7.93,249.26
147646,Active,642264,NA,NA,D,3,1,126684.9225,148,2012,29,62.8,118.99
147647,Active,723198,NA,NA,D,2,1,886404.32,20,2007,34,9.24,58.05
147648,Active,58014,NA,NA,S,3,1,303705.8375,92.95,2002,73,4,36.55
147649,Active,711515,NA,NA,S,3,1,1868769.815,82,2001,21,4.77,33.98
147650,Active,753789,NA,NA,D,8,1,1040544.015,86.95,2012,93,4,8.92
147651,Active,294138,NA,NA,D,5,1,1078533.741,52.95,2003,21,4,14.99
147652,Active,789515,NA,NA,D,2,1,646213.91,75,2004,34,4,7.98
147653,Active,624121,NA,NA,D,3,1,1002571.784,94.99,2008,26,6.38,19.74
147654,Active,596245,NA,NA,D,6,1,2498634.731,149.95,2002,18,5.59,96.55
147655,Active,577398,NA,NA,D,6,1,1852471.874,61.95,2008,26,4,8.98
147656,Active,147145,NA,NA,D,5,1,792971.8038,55.95,2005,54,4,9.28
147657,Active,147620,NA,NA,D,6,1,87898.99625,66.95,2010,51,5.44,33.99
147658,Active,203815,NA,NA,D,7,1,1518578.771,65.99,2006,20,4,9.89
147659,Active,147010,NA,NA,D,2,1,948877.8588,69.95,2002,28,6.12,84.92
147660,Active,203755,NA,NA,D,4,1,3731361.324,59.95,2005,23,4,11.43
147661,Active,528287,NA,NA,D,5,1,1149120.816,64.99,2009,29,4,12.24
147662,Active,203572,NA,NA,D,7,1,980597.3025,46.95,2003,136,4,12.43
147663,Active,147333,NA,NA,D,6,1,593311.67,50.95,2006,55,4,12.48
147664,Active,147225,NA,NA,D,2,1,967575.0263,79.95,2006,21,4,41.39
147665,Active,624900,NA,NA,D,7,1,859930.4663,82.95,2007,34,4.62,29.89
147666,Active,112810,NA,NA,D,4,1,2815108.471,230,2005,14,6.13,36.61
147667,Active,246228,NA,NA,D,4,1,605588.8088,65.95,2004,18,17.97,139.73
147668,Active,135473,NA,NA,D,9,1,1597811.724,90.95,2000,20,6.55,82.27
147669,Active,2271249,NA,NA,D,4,1,323170.5,19.38,2010,38,5.67,19.38
147670,Active,528280,NA,NA,D,4,1,157534.6938,46.95,2010,200,4,9.93
147671,Active,533491,NA,NA,S,18,1,55029.17125,93.83,2011,93,23.87,80.74
147672,Active,54509,NA,NA,D,15,1,412415.94,28.99,2003,56,4,28.99
147673,Active,2252784,NA,NA,D,17,1,1656340.785,253.54,2007,31,12.61,115.61
147674,Active,60620,NA,NA,D,2,1,416566.755,148.95,1999,22,4.35,30
147675,Active,230290,NA,NA,D,5,1,270078.6788,56.8,1998,39,19.08,126.21
147676,Active,266968,NA,NA,D,2,1,1908103.64,73.28,2006,33,6.97,9.2
147677,Active,662922,NA,NA,D,6,1,453208.33,146,2009,19,11.59,68.09
147678,Active,115837,NA,NA,D,3,1,1020983.734,140.2,2004,23,4,4.16
147679,Active,285008,NA,NA,S,5,1,573299.5338,85,2004,40,7.68,21.52
147680,Active,114414,NA,NA,S,4,1,352994.9363,139,2002,38,15.82,61.82
147681,Active,2609869,NA,NA,D,1,0,731991.2325,104.99,1999,71,4,11.05
147682,Active,285809,NA,NA,D,7,1,2682897.625,61,2001,41,4,48.57
147683,Active,3496708,NA,NA,D,2,1,2327668.2,399,1990,40,63.75,64.89
147684,Active,266442,NA,NA,D,6,1,289895.9275,99.95,2010,33,5.38,51.89
147685,Active,876171,NA,NA,D,3,1,1016340.141,38.75,2001,65,3.99,43.21
147686,Active,166873,NA,NA,D,6,1,724134.685,120,2007,25,42.84,71.26
147687,Active,238397,NA,NA,D,0,0,295007.0575,19.95,1998,36,12.99,77.56
147688,Active,2441596,NA,NA,D,1,0,603060.88,70,2003,27,33.99,73.98
147689,Active,416663,NA,NA,S,8,1,54339.05,26.02,2009,80,25.56,58.08
147690,Active,50224,NA,NA,D,6,1,204943.1463,72.64,2005,52,17.92,81.77
147691,Active,60622,NA,NA,D,5,1,1281907.666,114.4,2000,51,4,14.89
147692,Active,607579,NA,NA,S,2,1,749445.7163,110,2001,43,6.14,48.99
147693,Active,50225,NA,NA,D,7,1,488108.9525,217.26,2007,68,10.24,45.13
147694,Active,623126,NA,NA,D,2,1,1092331.853,109,1995,39,4.13,44.44
147695,Active,2940215,NA,NA,D,2,1,3614127.125,129.95,2003,16,12.04,71.03
147696,Active,206309,NA,NA,D,1,0,1073363.965,50.95,2001,44,4.28,41.58
147697,Active,156592,NA,NA,D,2,1,735942.3863,79.95,1997,20,4.98,75.97
147698,Active,2419085,NA,NA,D,5,1,9025353.758,86.5,2003,26,4.59,6.57
147699,Active,1470099,NA,NA,D,6,1,2941991.778,99,2007,23,4.59,69.19
147700,Active,181319,NA,NA,S,0,0,853855.4275,51.73,2001,36,4,0
147701,Active,196253,NA,NA,D,0,0,796849.3238,37.5,2004,26,5.76,25.95
147702,Active,2765515,NA,NA,D,2,1,2699790.616,339,2001,20,38.01,176.31
147703,Active,650361,NA,NA,D,2,1,578273.7963,122.95,2011,20,13.99,41.98
147704,Active,562092,NA,NA,S,10,1,203748.21,414.95,2008,68,4,7.98
147705,Active,766302,NA,NA,D,3,1,786268.2113,119.95,2008,37,4,11.64
147706,Active,658696,NA,NA,S,12,1,2466.71125,238.4,2014,115,47.33,63.98
147707,Active,121645,NA,NA,D,9,1,1102655.359,194.67,2008,35,4.94,4.99
147708,Active,766258,NA,NA,D,2,1,1386366.966,119.95,2005,45,4,6.97
147709,Active,544192,NA,NA,D,3,1,290054.4163,115.95,2011,27,12.08,31.94
147710,Active,538697,NA,NA,D,11,1,770550.8425,149.97,2012,29,5.75,149.97
147711,Active,561871,NA,NA,D,7,1,302950.7125,436.95,2003,77,4,13.73
147712,Active,611893,NA,NA,D,6,1,1886448.293,181,2013,16,34.81,73.47
147713,Active,558998,NA,NA,D,5,1,1769779.178,137,2010,22,5.15,85.84
147714,Active,1443250,NA,NA,D,0,0,1023932.608,147.68,2009,17,30,132.41
147715,Active,709037,NA,NA,D,0,0,886609.2413,33.25,2008,17,8.31,16.53
147716,Active,227629,NA,NA,D,5,1,206117.0438,98.95,2011,25,12.98,86.91
147717,Active,910585,NA,NA,D,3,1,3603000.493,52.95,2002,22,4,34.42
147718,Active,288888,NA,NA,D,8,1,876128.4325,226.95,2005,68,3.99,16.99
147719,Active,50882,NA,NA,S,11,1,1106597.444,140.4,2002,162,3.99,15.57
147720,Active,329605,NA,NA,D,0,0,538210.5138,121,1999,21,4.69,48.53
147721,Active,320974,NA,NA,D,2,1,5554260.151,85,2005,21,4.77,53.39
147722,Active,120318,NA,NA,S,3,1,333626.5525,82.2,2007,17,5.8,13.1
147723,Active,561752,NA,NA,D,6,1,5214910.191,106.95,2000,26,4.44,14.23
147724,Active,616672,NA,NA,D,7,1,3763155.066,150.95,2004,21,4.98,11.98
147725,Active,477655,NA,NA,D,2,1,345687.8363,137.95,2006,27,5.05,44.19
147726,Active,52986,NA,NA,D,7,1,14512.86375,238.4,2011,140,8.9,42.42
147727,Active,533596,NA,NA,D,9,1,56534.73625,48.94,2011,85,8.48,36.94
147728,Active,148454,NA,NA,D,10,1,1368347.293,210.95,2009,30,20.88,83.24
147729,Active,866615,NA,NA,D,3,1,1820323.519,120,2008,16,5.51,49.15
147730,Active,2438664,NA,NA,D,2,1,6634184.558,110,2005,17,5.37,92.38
147731,Active,118570,NA,NA,D,5,1,1378505.875,203,2005,25,4.35,35.99
147732,Active,166616,NA,NA,D,5,1,2108021.824,5.97,2005,56,4,4.36
147733,Active,110707,NA,NA,S,6,1,359731.9938,62.49,2007,22,22.99,28.94
147734,Active,52143,NA,NA,D,5,1,91215.34,297.95,2010,44,13.98,23.98
147735,Active,51664,NA,NA,D,2,1,1615818.2,5.75,2006,87,4,4.95
147736,Active,3061215,NA,NA,D,0,0,332285.2113,32.5,1999,51,7.91,33.99
147737,Active,532073,NA,NA,D,11,1,849492.6675,115.95,2010,20,27.39,86.73
147738,Active,130363,NA,NA,D,7,1,46610.25875,199.6,2011,85,7.01,35.96
147739,Active,53299,NA,NA,D,5,1,386253.3275,109.2,2006,46,4,6.26
147740,Active,132332,NA,NA,D,2,1,657309.995,128.6,2008,70,4.92,41.56
147741,Active,287435,NA,NA,D,2,1,1016028.763,154,2011,42,5.14,37.07
147742,Active,60627,NA,NA,D,1,0,1952258.369,107,2005,41,4,14.99
147743,Active,53384,NA,NA,D,11,1,32047.03625,247.95,2011,144,6.34,22.36
147744,Active,104296,NA,NA,D,1,0,910735.2813,55,1997,45,4,58.99
147745,Active,539208,NA,NA,D,3,1,1226795.143,89.33,2005,26,4.56,19.85
147746,Active,212884,NA,NA,D,2,1,2943527.735,47.95,1999,20,4.36,18.97
147747,Active,651070,NA,NA,D,2,1,4708578.156,85,1999,17,4.53,59.65
147748,Active,55726,NA,NA,D,15,1,1199022.024,162.75,2006,31,3.32,23.99
147749,Active,165924,NA,NA,D,2,1,1364365.779,80,2001,18,11,33.99
147750,Active,147162,NA,NA,D,5,1,2084892.496,79.95,2004,22,4,31.74
147751,Active,367087,NA,NA,D,2,1,1480661.185,45,2002,22,4,12.98
147752,Active,105924,NA,NA,D,2,1,1045482.116,90.95,2003,36,4,50.07
147753,Active,528240,NA,NA,D,5,1,47550.235,73.99,2012,39,24.94,62.82
147754,Active,874160,NA,NA,D,2,1,1247598.499,61.95,2005,33,4.59,24.98
147755,Active,249912,NA,NA,D,6,1,1038016.92,65.95,2008,14,22.97,26.98
147756,Active,797744,NA,NA,D,5,1,3127352.374,65.95,2004,19,7.59,65.49
147757,Active,106694,NA,NA,D,5,1,327043.4413,44,2009,37,6.99,51.99
147758,Active,1516673,NA,NA,D,3,1,1785161.843,62.07,2012,16,12.74,28.99
147759,Active,1683107,NA,NA,D,2,1,1501095.418,245.99,2006,20,11.34,25.36
147760,Active,203490,NA,NA,D,2,1,2730714.45,245.99,2003,20,9.97,69.36
147761,Active,788946,NA,NA,D,2,1,7426055.669,229,2002,17,4.54,22.99
147762,Active,621922,NA,NA,D,2,1,155181.8975,44.99,2012,95,6.93,38.99
147763,Active,621921,NA,NA,D,2,1,160403.0625,44.99,2012,71,5.19,33.99
147764,Active,620293,NA,NA,D,2,1,184141.1875,35,2008,33,11.42,0
147765,Active,538744,NA,NA,S,6,1,60499.91375,164.25,2013,76,23.94,86.83
147766,Active,541687,NA,NA,D,1,0,1593572.949,49.99,2009,53,4,33.99
147767,Active,627384,NA,NA,D,1,0,1009342.044,79.99,2011,40,4.23,18.74
147768,Active,630561,NA,NA,D,1,0,699746.2563,79.99,2012,66,5.26,31.97
147769,Active,163473,NA,NA,D,1,0,579109.025,69.99,2011,75,4.97,13.11
147770,Active,905803,NA,NA,D,3,1,1872030.693,79.99,2007,23,6.75,37.34
147771,Active,898345,NA,NA,D,2,1,7952420.714,55.75,2004,14,4.96,49.63
147772,Active,528225,NA,NA,D,3,1,706398.0588,39.99,2011,58,4.99,10.69
147773,Active,269766,NA,NA,D,2,1,1614637.64,39.99,2007,56,4,10.74
147774,Active,624423,NA,NA,D,2,1,827723.33,34.99,2007,21,9.51,33.27
147775,Active,608011,NA,NA,D,2,1,778934.2163,63.95,2006,44,4.47,21.99
147776,Active,162950,NA,NA,S,1,0,244019.1088,59.99,2010,77,9.12,35.35
147777,Active,301247,NA,NA,D,2,1,430711.0488,53,2008,31,6.2,23.98
147778,Active,53589,NA,NA,D,6,1,1008464.978,108.4,2006,107,4,13.92
147779,Active,251812,NA,NA,D,5,1,1092553.113,48.94,2009,19,7.29,38.96
147780,Active,207775,NA,NA,D,4,1,2812238.966,48.01,2003,25,4.13,10.48
147781,Active,181822,NA,NA,D,2,1,149709.5813,39.95,2002,53,4,15.65
147782,Active,893633,NA,NA,D,2,1,2166561.7,124.99,2004,15,63.94,124.99
147783,Active,740956,NA,NA,D,2,1,814429.0538,74.99,2006,46,4,41.81
147784,Active,868013,NA,NA,D,1,0,289625.8125,59.95,2005,53,9.72,11.46
147785,Active,54544,NA,NA,D,4,1,40607.5075,153.33,2010,117,6.54,58.94
147786,Active,54545,NA,NA,D,2,1,1580711.246,106.67,2005,131,3.99,9.98
147787,Active,161905,NA,NA,D,1,0,984454.9875,59.99,2007,34,4,18.98
147788,Active,1544290,NA,NA,D,1,0,1430432.008,49.95,2013,32,39.34,44.4
147789,Active,2137787,NA,NA,D,1,0,207527.0325,50,2010,25,29.68,33.47
147790,Active,789320,NA,NA,D,2,1,2994052.319,259,2004,19,11.98,34.32
147791,Active,873976,NA,NA,D,0,0,5949459.541,101.66,2005,19,4.13,54.83
147792,Active,918836,NA,NA,D,1,0,1071743.845,49.99,2005,44,4,5.88
147793,Active,114646,NA,NA,D,6,1,1891223.863,79.4,2002,77,4,10.87
147794,Active,592623,NA,NA,D,2,1,2647828.091,98.95,2007,21,17.29,32.19
147795,Active,273354,NA,NA,D,1,0,1511166.501,69.95,2009,27,7.54,51.49
147796,Active,537906,NA,NA,D,3,1,2237378.291,89,1994,25,4,38.99
147797,Active,50433,NA,NA,S,8,1,17017.99875,140.75,2009,88,33.99,84.98
147798,Active,163017,NA,NA,D,8,1,512776.4925,79.23,2010,36,25.74,126.69
147799,Active,904136,NA,NA,S,0,0,823974.66,49.95,1995,19,13,79.05
147800,Active,196540,NA,NA,D,3,1,641133.2088,85.95,2005,32,20.96,69.68
147801,Active,196439,NA,NA,D,2,1,3754896.059,66.95,1999,32,4,35.99
147802,Active,200067,NA,NA,D,2,1,896451.74,118.95,2005,53,4,19.48
147803,Active,877497,NA,NA,D,6,1,1960997.084,29.91,2011,30,18.99,46.61
147804,Active,877545,NA,NA,D,4,1,1471932.985,22.68,2010,53,6.79,23.99
147805,Active,435232,NA,NA,D,4,1,1225674.664,184.95,2009,30,7.97,24.98
147806,Active,1858153,NA,NA,D,3,1,1301191.08,146.65,2008,23,21.13,43.94
147807,Active,264285,NA,NA,D,2,1,194900.165,49.99,2007,39,11.62,18.99
147808,Active,114142,NA,NA,D,0,0,379164.53,25.95,2001,39,4.6,49.19
147809,Active,615316,NA,NA,D,2,1,214631.0375,41.2,2006,83,5.51,26.38
147810,Active,534519,NA,NA,D,2,1,10126.685,147.99,2012,60,44.3,83.27
147811,Active,204044,NA,NA,D,0,0,118634.6925,137.99,2008,98,4.3,24.47
147812,Active,249889,NA,NA,D,5,1,2233503.28,84.95,2006,18,5.24,8.99
147813,Active,618632,NA,NA,D,1,0,940218.5538,137.95,2004,51,4,0
147814,Active,626107,NA,NA,D,10,1,1354794.616,162.95,2008,42,9.51,95.46
147815,Active,53584,NA,NA,D,9,1,626763.3775,171.95,2004,151,4,11.99
147816,Active,710367,NA,NA,D,2,1,2513472.945,57,2001,20,4,27.99
147817,Active,898988,NA,NA,D,4,1,997274.9275,53.28,2006,24,33.79,105.41
147818,Active,528208,NA,NA,D,4,1,744255.1125,79.99,2007,47,15.65,53.99
147819,Active,202223,NA,NA,D,4,1,1397765.195,131.95,2000,24,4,43.49
147820,Active,638638,NA,NA,D,6,1,1787309.979,76.95,2003,17,11.37,171.59
147821,Active,920095,NA,NA,D,3,1,1573127.103,70.95,2006,38,4,4.99
147822,Active,801594,NA,NA,D,0,0,293997.9625,41.95,2007,22,9.43,10.95
147823,Active,1967437,NA,NA,D,2,1,207819.055,40,2012,27,5.52,30.94
147824,Active,916613,NA,NA,D,2,1,1345431.104,26.73,2007,40,4,17.23
147825,Active,2601089,NA,NA,D,0,0,2235706.263,88.99,1995,23,4.98,75.57
147826,Active,878084,NA,NA,S,8,1,7385753.011,602.99,2007,18,4.72,93.55
147827,Active,622360,NA,NA,D,0,0,409818.595,79.99,2001,49,8.85,31.86
147828,Active,561863,NA,NA,D,2,1,825650.9413,215.95,2004,31,12.79,58.95
147829,Active,2339191,NA,NA,D,2,1,1052181.289,119.5,1967,21,17.62,116.72
147830,Active,146676,NA,NA,D,12,1,251012.3775,217,2011,39,6.21,85.97
147831,Active,2263085,NA,NA,S,12,1,75968.37875,70.06,2011,29,16.52,54.84
147832,Active,145272,NA,NA,D,11,1,331300.105,153.33,2007,163,4,12.38
147833,Active,145271,NA,NA,D,11,1,89023.6675,203,2007,149,4,26.1
147834,Active,728823,NA,NA,D,1,0,409769.6,105,1997,23,6.38,62.15
147835,Active,645958,NA,NA,D,2,1,1550849.886,91.95,2008,24,4.24,31.2
147836,Active,145011,NA,NA,D,4,1,2252621.849,142.67,2005,60,3.99,5.78
147837,Active,145821,NA,NA,D,5,1,1855095.925,156.67,2008,19,9.65,0
147838,Active,112185,NA,NA,D,1,0,460726.7488,102.75,2003,77,4,21.6
147839,Active,2256951,NA,NA,D,4,1,4679462.421,52.95,2009,45,8.9,503.99
147840,Active,57035,NA,NA,D,4,1,1168799.461,182,2009,35,4.94,602.99
147841,Active,909192,NA,NA,D,1,0,524576.9813,49.95,2005,25,10.2,12.5
147842,Active,169940,NA,NA,S,6,1,286829.8175,298.95,2006,49,4.93,6.59
147843,Active,622144,NA,NA,D,3,1,112627.3538,96.83,1994,58,12.21,42.47
147844,Active,117124,NA,NA,D,2,1,1435874.848,122.4,2001,24,27.94,92.87
147845,Active,137544,NA,NA,D,6,1,1761672.106,110,2010,26,6.39,98.96
147846,Active,162948,NA,NA,D,9,1,811522.3325,34.02,2010,30,4,28.13
147847,Active,57508,NA,NA,D,9,1,230081.4413,28.99,2010,106,6.22,41.84
147848,Active,146300,NA,NA,D,3,1,602010.845,153.33,2010,54,8.48,50
147849,Active,57510,NA,NA,D,7,1,892882.1613,13.12,2005,104,4.08,10.7
147850,Active,601847,NA,NA,D,0,0,653321.7225,49.95,2003,34,9.49,28.99
147851,Active,264703,NA,NA,D,2,1,616727.385,49.95,2003,42,5.01,22.81
147852,Active,128639,NA,NA,D,0,0,620300.6838,144.2,2005,26,8.91,73.97
147853,Active,797569,NA,NA,S,5,1,449674.2375,231.95,2003,30,5.22,51.11
147854,Active,569574,NA,NA,D,3,1,1742914.181,290.95,2003,39,4.08,12.04
147855,Active,904543,NA,NA,D,2,1,1368695.125,99.87,2003,15,4.97,92.76
147856,Active,58005,NA,NA,D,7,1,1803399.146,106.8,2004,23,4,18.14
147857,Active,2502575,NA,NA,D,0,0,963578.8888,99,1985,23,46.4,153.19
147858,Active,639494,NA,NA,D,3,1,1080214.944,50,2000,26,8.2,52
147859,Active,621337,NA,NA,D,10,1,879847.8875,224,2010,34,8.88,250.51
147860,Active,909218,NA,NA,D,2,1,1167357.21,95,2009,17,7.53,63.48
147861,Active,2429435,NA,NA,D,2,1,113631.1963,45.6,2000,19,33.9,23.94
147862,Active,113213,NA,NA,D,2,1,80164.36125,49.95,2011,53,4,29.9
147863,Active,281203,NA,NA,D,2,1,3162298.448,69.95,2007,13,13.83,43.98
147864,Active,2622036,NA,NA,D,2,1,1689166.264,62.95,1982,20,38.99,153.09
147865,Active,631047,NA,NA,D,1,0,492746.875,183,1982,31,35.97,63.99
147866,Active,913820,NA,NA,D,2,1,1362334.21,29.95,1989,33,4,33.31
147867,Active,3470328,NA,NA,D,4,1,3115432.35,134,2001,22,21.64,93.23
147868,Active,269377,NA,NA,D,3,1,2664275.32,87.95,2006,11,51.85,98.99
147869,Active,625412,NA,NA,D,1,0,1059765.114,99.95,2005,30,11.23,103.87
147870,Active,621083,NA,NA,D,9,1,1003107.759,99.95,2010,21,7.99,24.96
147871,Active,2550815,NA,NA,D,3,1,4186976.641,192,1998,23,7.84,54.11
147872,Active,905197,NA,NA,D,2,1,166885.5875,45,2014,71,4.92,17.87
147873,Active,147137,NA,NA,D,11,1,827722.4238,115,2004,20,8.88,51.97
147874,Active,619287,NA,NA,D,7,1,963673.8125,126.95,2009,54,16.72,90.88
147875,Active,846135,NA,NA,D,0,0,719112.9263,233.5,1992,34,4.8,55.63
147876,Active,921184,NA,NA,S,0,0,86136.09,86.05,2007,70,5.13,16.36
147877,Active,769515,NA,NA,S,0,0,107729.3113,132.15,2002,131,8.71,47.08
147878,Active,106065,NA,NA,D,5,1,1232005.265,185,2004,40,6.66,36.92
147879,Active,54596,NA,NA,D,9,1,1704222.62,9.49,2005,47,4.54,7.95
147880,Active,106848,NA,NA,D,2,1,741115.1488,37,2011,37,4,21.99
147881,Active,628626,NA,NA,D,2,1,800929.5963,41,2011,75,4.79,22.1
147882,Active,622582,NA,NA,D,0,0,1248346.368,13.99,2012,35,4.32,13.99
147883,Active,701824,NA,NA,S,1,0,675928.3988,80,2011,26,10.38,29.63
147884,Active,106782,NA,NA,D,2,1,177890.51,45,2010,22,20.61,71.88
147885,Active,528153,NA,NA,D,4,1,927652.1738,13.44,2013,71,4,23.35
147886,Active,538693,NA,NA,D,5,1,155264.8075,51.84,2014,47,5.89,40.98
147887,Active,538751,NA,NA,D,5,1,504445.6925,28.99,2014,80,4.13,24.06
147888,Active,528151,NA,NA,D,4,1,763224.9675,13.87,2013,61,4,7.99
147889,Active,538692,NA,NA,D,5,1,752320.2713,166.98,2014,59,3.84,42.67
147890,Active,1623182,NA,NA,D,9,1,1182868.576,91.99,2008,42,16.18,132.67
147891,Active,540693,NA,NA,S,11,1,5176.3475,191.2,2013,102,39.35,89.67
147892,Active,898965,NA,NA,D,3,1,1908166.355,74.95,2004,19,20.43,125.11
147893,Active,250055,NA,NA,S,1,0,743010.57,176.95,2004,21,4,42.89
147894,Active,251095,NA,NA,S,1,0,310812.9913,186.95,2009,68,4.48,12.88
147895,Active,243920,NA,NA,S,1,0,30998.3875,199.95,2010,68,15.03,53.47
147896,Active,115006,NA,NA,D,2,1,3410663.701,56,1999,26,4.4,11.98
147897,Active,57450,NA,NA,D,10,1,272177.8163,158.8,2008,44,13.99,49.91
147898,Active,631351,NA,NA,D,4,1,923625.36,119,2006,21,58.75,148.25
147899,Active,194074,NA,NA,D,3,1,901360.7838,72,2005,59,4,13.37
147900,Active,113900,NA,NA,D,7,1,557761.6738,124.4,2004,55,4,18.46
147901,Active,534378,NA,NA,D,2,1,1316507.328,39.99,1993,56,4,17.76
147902,Active,2407989,NA,NA,D,2,1,1815174.124,69,1996,30,4,33.02
147903,Active,661482,NA,NA,D,3,1,4385378.709,115,2011,15,29,78.57
147904,Active,2801130,NA,NA,D,0,0,1628867.746,85,1994,13,12.96,40.22
147905,Active,165787,NA,NA,D,10,1,393676.1813,135,2005,52,8.13,73.47
147906,Active,222854,NA,NA,D,2,1,557142.8263,96,2009,38,8.96,99.99
147907,Active,626516,NA,NA,S,2,1,823441.3713,131,1998,34,4,61.73
147908,Active,869217,NA,NA,D,12,1,4478376.028,33.15,1999,18,4.26,18.94
147909,Active,614886,NA,NA,D,11,1,641600.755,95.32,1990,43,4,12.95
147910,Active,528123,NA,NA,D,2,1,990660.9388,45.95,2012,37,21.03,110.58
147911,Active,2563129,NA,NA,D,2,1,1811797.339,295,1998,19,43.58,144.12
147912,Active,3524482,NA,NA,D,2,1,4231413.55,152,1983,14,6.39,138.18
147913,Active,57997,NA,NA,S,4,1,439739.1238,183,2003,38,34.24,98.13
147914,Active,110174,NA,NA,D,6,1,16459.5375,73.95,2011,97,18.79,62.83
147915,Active,56121,NA,NA,S,8,1,57804.27875,210,2010,77,28.99,82.42
147916,Active,169718,NA,NA,D,7,1,479172.09,333.95,2008,25,4.98,54.92
147917,Active,908235,NA,NA,D,3,1,946396.7288,107,1996,26,10.29,73.15
147918,Active,909222,NA,NA,D,2,1,1551441.079,90,1990,22,4.13,73.68
147919,Active,2333382,NA,NA,D,2,1,1652432.638,84.95,1996,25,18.89,58.99
147920,Active,2078540,NA,NA,D,3,1,256403.1138,49.95,2009,97,4,8.97
147921,Active,247516,NA,NA,D,3,1,1799778.463,58.95,2004,54,4,8.04
147922,Active,248207,NA,NA,D,4,1,385882.64,70,2011,31,5.83,46.64
147923,Active,907084,NA,NA,D,1,0,1167702.444,53.95,2004,28,4,92.95
147924,Active,52947,NA,NA,D,7,1,190444.4638,47.1,2009,196,4.52,40.51
147925,Active,1946515,NA,NA,S,9,1,33834.97875,100.99,2014,64,8.99,58.8
147926,Active,870648,NA,NA,D,2,1,1601638.049,83.95,2002,36,4,65.73
147927,Active,178035,NA,NA,D,2,1,532346.5488,133.95,2005,47,4,10.94
147928,Active,130432,NA,NA,D,9,1,21509.63,136.95,2015,55,39.98,55.53
147929,Active,607736,NA,NA,D,8,1,631106.2188,99,2008,43,4,23.92
147930,Active,536292,NA,NA,D,4,1,529683.2463,48.95,2010,50,4,30.17
147931,Active,622000,NA,NA,D,0,0,447228.0238,47.95,2008,32,6.88,54.03
147932,Active,602490,NA,NA,D,8,1,94230.555,47.95,2011,47,6.48,21.98
147933,Active,137808,NA,NA,D,3,1,616798.1338,32,2007,42,4,31.99
147934,Active,287562,NA,NA,D,8,1,139480.3938,117.2,2007,81,4,12.83
147935,Active,1980930,NA,NA,D,2,1,1121939.758,39.95,2013,27,4.54,39.95
147936,Active,598795,NA,NA,D,0,0,1237591.404,47,2004,45,4,6.49
147937,Active,528107,NA,NA,D,4,1,2268561.64,185,2011,14,7.84,238.03
147938,Active,110131,NA,NA,D,5,1,391163.6475,38.94,2008,28,4,11.74
147939,Active,612147,NA,NA,S,11,1,25856.05625,224.95,2014,62,27.31,71.38
147940,Active,60644,NA,NA,D,8,1,1322108.626,175.95,2006,61,4,20.81
147941,Active,576477,NA,NA,D,3,1,635235.9025,64,2002,107,4,9.96
147942,Active,642717,NA,NA,D,2,1,1155064.816,43,2010,22,6.09,43
147943,Active,3798552,NA,NA,D,2,1,1859559.85,64.09,2010,31,4,58.45
147944,Active,1714159,NA,NA,D,2,1,1009807.885,162,2006,27,4.63,7.52
147945,Active,917718,NA,NA,D,2,1,3488759.644,70.95,2004,27,4,12.21
147946,Active,213283,NA,NA,D,3,1,355243.22,66.95,2008,38,4,21.99
147947,Active,876060,NA,NA,S,4,1,898061.6725,110.32,2008,37,12.9,73.07
147948,Active,127100,NA,NA,D,0,0,782318.6925,49.95,2009,67,4,18.94
147949,Active,111403,NA,NA,D,4,1,1530598.828,4.42,2010,39,4,4.46
147950,Active,202379,NA,NA,S,5,1,592384.79,133.95,2002,80,4,10.94
147951,Active,271069,NA,NA,D,3,1,46690.2825,74.99,2011,42,11.13,43.64
147952,Active,203871,NA,NA,D,2,1,757606.1825,59.95,2008,47,4,87.63
147953,Active,912646,NA,NA,D,2,1,1876707.154,44.95,2006,27,6.34,31.74
147954,Active,616189,NA,NA,D,3,1,684006.9075,81.95,2009,48,7.98,36.98
147955,Active,613771,NA,NA,D,2,1,2177990.823,69.95,2004,46,4.01,32.49
147956,Active,264977,NA,NA,D,2,1,1016090.525,104.95,2008,22,56.34,57.32
147957,Active,2142941,NA,NA,D,2,1,1728473.231,75,2006,24,49.22,60.79
147958,Active,1839402,NA,NA,D,3,1,1693152.506,278,2006,17,49.69,128.59
147959,Active,255952,NA,NA,S,5,1,828508.13,69.95,1999,46,3.99,16.74
147960,Active,638848,NA,NA,D,2,1,1783603.574,44.95,2007,22,4,39.51
147961,Active,870262,NA,NA,D,2,1,532691.8925,55,2005,25,4,18.94
147962,Active,261315,NA,NA,D,2,1,2021744.384,75,2000,25,4,22.5
147963,Active,114890,NA,NA,D,1,0,554431.6863,186,2005,43,11.34,73.79
147964,Active,164005,NA,NA,S,3,1,267482.4463,9.74,1997,56,4,41.97
147965,Active,538512,NA,NA,D,6,1,43016.205,178.25,2013,147,5.44,49.73
147966,Active,110046,NA,NA,D,5,1,763053.0263,8.02,2011,116,4,6.75
147967,Active,1943238,NA,NA,D,4,1,2492934.883,161.57,2012,15,12.24,0
147968,Active,1908043,NA,NA,D,3,1,6011934.79,148,2010,14,8.94,9
147969,Active,110335,NA,NA,D,4,1,1438721.703,142.25,2009,62,4,10.46
147970,Active,408358,NA,NA,D,1,0,629353.835,35.95,1996,22,26.81,101.37
147971,Active,868436,NA,NA,D,3,1,125289.3013,52.95,2006,34,32.76,41.94
147972,Active,539534,NA,NA,S,3,1,19292.3925,114.6,2013,76,28.99,83.93
147973,Active,54272,NA,NA,D,0,0,732710.6638,66.95,2006,123,4,13.68
147974,Active,56318,NA,NA,D,2,1,2004510.866,50,2005,59,3.98,5.97
147975,Active,175599,NA,NA,D,4,1,3146657.798,207.99,2006,19,10.77,54.69
147976,Active,542111,NA,NA,D,4,1,3721857.563,112,2010,17,33.67,73.97
147977,Active,106176,NA,NA,D,1,0,502029.92,65,2006,72,5.49,19.35
147978,Active,106787,NA,NA,D,11,1,299389.0888,55,2010,39,5.27,23.98
147979,Active,606781,NA,NA,D,10,1,1161148.03,49.95,2008,59,4,28.98
147980,Active,528085,NA,NA,D,12,1,306786.7688,58,2012,47,8.93,18.98
147981,Active,246575,NA,NA,D,3,1,1588739.205,44.95,2007,22,4,25.22
147982,Active,105954,NA,NA,D,23,1,2630491.525,55.95,2004,41,4,8.49
147983,Active,877262,NA,NA,D,6,1,750023.5313,77.12,2008,43,7.71,28.99
147984,Active,246725,NA,NA,D,4,1,692888.8913,63.99,2009,82,8.8,41.7
147985,Active,904316,NA,NA,D,6,1,2060384.016,43.95,2009,24,5.3,27.2
147986,Active,446937,NA,NA,D,7,1,719863.615,41.95,2012,21,17.21,31.59
147987,Active,904586,NA,NA,D,5,1,3571887.589,38.95,2005,30,4.6,15.99
147988,Active,533322,NA,NA,S,2,1,26994.03,121,2012,60,37.75,58.49
147989,Active,873337,NA,NA,D,2,1,1986755.806,102.79,2008,26,26.3,116.14
147990,Active,868576,NA,NA,D,2,1,2106816.134,38.95,2005,24,6.34,18.79
147991,Active,528081,NA,NA,D,2,1,859020.4325,26.99,2008,38,6.56,28.99
147992,Active,576704,NA,NA,D,2,1,631567.425,50.95,2008,20,13.02,31.99
147993,Active,866958,NA,NA,D,2,1,439370.18,140.87,2014,27,4,133.92
147994,Active,553509,NA,NA,D,6,1,1046365.781,83.6,2007,35,4.52,19.45
147995,Active,658237,NA,NA,D,7,1,237371.83,129.95,2012,25,33.64,122.61
147996,Active,53072,NA,NA,S,5,1,367152.3738,118.95,2004,119,4.64,25.99
147997,Active,264226,NA,NA,D,2,1,800451.4513,39.95,2004,33,4,11
147998,Active,254635,NA,NA,D,8,1,535807.0513,116,2011,15,17.78,102.25
147999,Active,545961,NA,NA,D,7,1,685966.1388,44.95,2013,7,52.36,38.98
148000,Active,1907893,NA,NA,D,9,1,1237314.783,56.95,2010,15,4,8.99
148001,Active,1943447,NA,NA,D,10,1,132958.8063,59.95,2013,5,56.17,44.44
148002,Active,210942,NA,NA,D,3,1,832390.57,52.95,2007,60,4.34,10
148003,Active,368427,NA,NA,D,1,0,1261124.453,74.95,2002,65,4.31,32.21
148004,Active,609307,NA,NA,D,5,1,1394998.048,38.95,2005,69,3.99,17.57
148005,Active,2836608,NA,NA,D,1,0,734883.71,121.95,1996,23,4.89,53.99
148006,Active,1592806,NA,NA,D,3,1,2325182.904,64.99,2006,16,8.49,20.17
148007,Active,858927,NA,NA,D,4,1,551724.3163,79.95,2002,32,23.74,49.99
148008,Active,593991,NA,NA,D,7,1,59172.835,164,2012,162,7.48,20.69
148009,Active,56490,NA,NA,D,6,1,472258.2513,138,2009,204,4,14.39
148010,Active,880247,NA,NA,D,5,1,708005.3638,15.98,2006,120,4,18.23
148011,Active,539260,NA,NA,D,2,1,72000.43625,184.2,2013,49,61.99,94.67
148012,Active,52533,NA,NA,D,8,1,22305.24375,158,2010,494,4,27.75
148013,Active,52532,NA,NA,D,7,1,600000.14,130,2007,255,4.47,17.94
148014,Active,271072,NA,NA,D,3,1,8477.9075,54.99,2011,57,27.49,34.64
148015,Active,528068,NA,NA,D,8,1,115510.4913,157.95,2010,289,5.81,18.39
148016,Active,917882,NA,NA,D,13,1,1040654.013,35.95,2008,43,4,13.87
148017,Active,629180,NA,NA,D,15,1,281943.18,39.95,2012,47,7.26,23.2
148018,Active,217671,NA,NA,D,2,1,2137526.416,144.99,1998,21,33.67,79.49
148019,Active,624112,NA,NA,D,2,1,503661.95,60,2003,32,4,26.48
148020,Active,908621,NA,NA,D,2,1,3440128.413,54.95,2006,33,4.75,46.19
148021,Active,625141,NA,NA,D,3,1,1010171.881,62.95,2010,20,6.76,18.99
148022,Active,632075,NA,NA,D,13,1,336362.3325,37,2012,28,4.39,0
148023,Active,2513853,NA,NA,D,1,0,889214.855,164.95,1975,36,5.26,84.38
148024,Active,696983,NA,NA,D,8,1,1940327.186,63.55,1997,68,3.96,32.79
148025,Active,571485,NA,NA,D,3,1,603635.2825,64.95,2000,28,4.98,39.68
148026,Active,720054,NA,NA,D,2,1,845227.9775,39.95,2003,54,4,16.94
148027,Active,542080,NA,NA,D,1,0,969567.6638,60,2012,15,21.16,33.63
148028,Active,252060,NA,NA,D,3,1,461396.7088,295.95,2008,46,5.75,73.07
148029,Active,244985,NA,NA,S,2,1,409628.7138,190.95,2003,34,4,127.75
148030,Active,613034,NA,NA,D,1,0,434341.3675,34.95,2006,120,4.7,16.93
148031,Active,615876,NA,NA,D,2,1,2126.6175,46.95,2010,104,23.98,29.75
148032,Active,2256833,NA,NA,D,2,1,432591.5738,45,2011,31,29.65,47.5
148033,Active,248185,NA,NA,D,4,1,197630.6125,85,2011,58,13.99,54.79
148034,Active,203884,NA,NA,D,9,1,1950383.659,72.95,2008,20,8.74,9.95
148035,Active,528059,NA,NA,S,10,1,54156.5225,57.99,2012,69,6.64,20.67
148036,Active,276960,NA,NA,D,4,1,416123.4088,29.98,2007,37,22.77,33.99
148037,Active,261444,NA,NA,D,2,1,314402.9613,93,2006,33,14.69,46.88
148038,Active,204019,NA,NA,D,4,1,34485.06,74.99,2008,156,17.98,34.69
148039,Active,1682707,NA,NA,D,4,1,2947369.396,95,2009,17,4.18,41.99
148040,Active,130492,NA,NA,D,2,1,477310.645,105.4,2011,39,27.74,46.87
148041,Active,294409,NA,NA,D,1,0,312378.065,81.95,2007,26,12.39,75.57
148042,Active,917832,NA,NA,S,5,1,696802.8713,71.95,2002,78,4,11.99
148043,Active,3471913,NA,NA,D,7,1,4878433.45,84,1999,42,4,8.99
148044,Active,552177,NA,NA,D,8,1,2086464.786,106.67,2003,22,4,16.98
148045,Active,258370,NA,NA,D,2,1,2300558.365,80,2002,24,4,26.78
148046,Active,596940,NA,NA,D,2,1,624586.3625,83,2005,33,4.76,23.98
148047,Active,574798,NA,NA,D,0,0,841950.3038,190,2010,36,19.99,47.45
148048,Active,1568336,NA,NA,D,1,0,996459.095,70,2008,18,28.43,43.98
148049,Active,147655,NA,NA,D,12,1,291364.0063,47.95,2011,27,27.52,190
148050,Active,652965,NA,NA,D,2,1,3291162.036,135,2001,16,63.98,123.61
148051,Active,2040549,NA,NA,D,2,1,2437866.268,48,2006,20,5.29,119.83
148052,Active,797567,NA,NA,D,1,0,1723291.455,265.95,2003,29,4.35,48.41
148053,Active,2387845,NA,NA,D,2,1,1007408.964,81,1993,24,18.02,117.1
148054,Active,916673,NA,NA,D,2,1,1083064.096,34.95,2001,21,4.98,25.14
148055,Active,292296,NA,NA,D,1,0,661940.2788,64.95,1999,40,5.14,44.99
148056,Active,533830,NA,NA,S,10,1,15329.50375,234.95,2012,90,28.63,112.97
148057,Active,290869,NA,NA,D,7,1,1778677.515,84.95,2004,33,4.94,129.59
148058,Active,757860,NA,NA,D,2,1,2488871.573,192,2003,15,43.98,118.79
148059,Active,57458,NA,NA,D,5,1,1600966.625,136.47,2009,18,17.74,103.94
148060,Active,57461,NA,NA,D,3,1,1879724.206,84.4,2002,25,4,4.84
148061,Active,60648,NA,NA,D,7,1,1287350.735,107.4,2005,47,4,15.4
148062,Active,116045,NA,NA,D,9,1,1594927.293,75.2,2004,37,4,23.99
148063,Active,128256,NA,NA,D,3,1,98293.5725,70,2005,91,22.46,90.7
148064,Active,105470,NA,NA,D,10,1,1206820.368,85.75,2008,50,4,32.66
148065,Active,248111,NA,NA,D,2,1,655869.8975,85,2010,51,4,19.99
148066,Active,152630,NA,NA,D,0,0,849235.4163,149,2001,27,17.14,45.98
148067,Active,2815778,NA,NA,D,2,1,1987032.831,123.4,1992,14,7.96,50.21
148068,Active,1840453,NA,NA,D,5,1,789578.7663,56.99,2008,24,33.45,189.07
148069,Active,905883,NA,NA,D,4,1,2306576.684,71.95,2003,13,7.5,73.43
148070,Active,610201,NA,NA,D,1,0,122277.5738,29.95,2007,65,15.92,27.48
148071,Active,51657,NA,NA,D,10,1,22691.25,198.4,2009,287,6.97,37.49
148072,Active,435018,NA,NA,S,11,1,1928.525,221.2,2012,263,18.96,43.83
148073,Active,51660,NA,NA,D,9,1,61562.48875,192.47,2006,280,4,16.98
148074,Active,640459,NA,NA,D,2,1,630561.9838,78.9,2010,19,36.99,53.99
148075,Active,111585,NA,NA,S,3,1,200117.0688,261.25,2011,31,7.58,25.5
148076,Active,609316,NA,NA,S,7,1,833680.8875,75.6,2004,56,4.09,24.74
148077,Active,51659,NA,NA,D,9,1,784363.7388,184,2006,81,4.43,21.94
148078,Active,614942,NA,NA,D,2,1,1914686.459,186.56,2008,57,4.34,63.19
148079,Active,235129,NA,NA,D,2,1,272189.29,60.95,2006,28,22.72,72.85
148080,Active,630912,NA,NA,D,2,1,1293439.99,0,2011,21,5.01,0
148081,Active,60649,NA,NA,D,5,1,1723374.918,102.25,2005,22,4,88.42
148082,Active,867998,NA,NA,D,5,1,2539173.601,33.44,1991,26,4,27.99
148083,Active,51493,NA,NA,D,6,1,545667.1413,31.9,2004,153,4.38,28.1
148084,Active,538652,NA,NA,D,9,1,39566.6925,137.5,2013,45,34.49,73.97
148085,Active,107969,NA,NA,S,6,1,279880.8675,100.5,2004,21,5.43,40.99
148086,Active,61115,NA,NA,D,7,1,287454.935,852.6,2007,27,8.52,58.99
148087,Active,417125,NA,NA,D,8,1,143796.9025,131,2010,47,14.66,46.31
148088,Active,487299,NA,NA,D,1,0,353196.2875,55.95,2008,35,19.44,31.44
148089,Active,606797,NA,NA,D,13,1,1060585.82,35,2010,38,4,8.24
148090,Active,614573,NA,NA,D,2,1,2062442.189,170.67,2005,42,5.44,29.39
148091,Active,435006,NA,NA,D,3,1,31924.44125,219,2011,185,6.36,13.99
148092,Active,55878,NA,NA,D,3,1,37553.03625,198.4,2010,107,13.83,28.98
148093,Active,540691,NA,NA,S,4,1,11547.385,232.6,2013,134,47.56,81.99
148094,Active,742479,NA,NA,D,3,1,530233.8363,103.07,2010,27,6.41,103.07
148095,Active,55879,NA,NA,D,2,1,623635.8063,179,2006,41,5.68,13.95
148096,Active,3462402,NA,NA,D,2,1,997761.5013,113,1998,34,4,41.45
148097,Active,175769,NA,NA,D,0,0,98187.05125,110,2005,54,53.74,65.98
148098,Active,148625,NA,NA,D,10,1,123871.6938,288.95,2007,69,5.05,15.88
148099,Active,608063,NA,NA,S,9,1,206379.98,250.95,2004,71,4.67,47.93
148100,Active,60652,NA,NA,D,8,1,693177.17,160,2007,32,7.48,73.33
148101,Active,52020,NA,NA,D,2,1,223032.6,170.67,2007,119,4,14.99
148102,Active,560991,NA,NA,D,8,1,449315.9675,147.67,2007,61,4.03,43.93
148103,Active,52228,NA,NA,D,4,1,27403.28875,83.28,2010,85,8.74,33.93
148104,Active,698655,NA,NA,S,19,1,1644823.541,19.48,2011,30,4.14,23.98
148105,Active,638024,NA,NA,D,11,1,540445.3475,165.8,2013,43,9.71,16.44
148106,Active,50046,NA,NA,D,16,1,507742.15,144.85,2004,121,3.9,18.86
148107,Active,879173,NA,NA,S,8,1,565494.2663,43.94,2010,51,7.75,35.01
148108,Active,628631,NA,NA,S,10,1,429700.1438,143.6,2011,27,4.49,5.29
148109,Active,558123,NA,NA,S,2,1,671052.5625,62.5,2011,27,8.54,68.37
148110,Active,877515,NA,NA,D,0,0,3576619.775,11.77,2008,32,4,10.91
148111,Active,60653,NA,NA,D,8,1,1307342.31,249.95,2007,42,4,64.77
148112,Active,50450,NA,NA,D,7,1,1872686.829,162.95,2005,55,3.99,26.08
148113,Active,60654,NA,NA,D,6,1,277149.1263,81.65,2005,61,4,10
148114,Active,52229,NA,NA,D,2,1,681195.1863,13.49,2004,83,4.28,13.86
148115,Active,51636,NA,NA,D,6,1,1431817.589,165.95,2004,53,4,12.78
148116,Active,528014,NA,NA,D,7,1,1507234.206,193.33,2009,25,4,45.4
148117,Active,52709,NA,NA,D,7,1,531486.0475,133.72,2007,67,4.82,53.99
148118,Active,607578,NA,NA,D,4,1,468710.7663,129,2002,32,4.73,9.99
148119,Active,550446,NA,NA,D,18,1,1177016.586,5.97,2008,35,4,13.47
148120,Active,663406,NA,NA,S,5,1,5825.2875,257.6,2014,97,14.82,61.24
148121,Active,539415,NA,NA,D,11,1,9350.41,247.4,2013,95,11.84,68.03
148122,Active,550076,NA,NA,D,18,1,1054659.629,57.09,2004,33,4,39.58
148123,Active,178633,NA,NA,D,10,1,240585.8475,279.95,2010,53,11.14,46.93
148124,Active,544292,NA,NA,S,11,1,305540.3563,279.95,2013,55,19.09,60.99
148125,Active,50049,NA,NA,D,19,1,7109.44875,276.25,2011,272,7.64,49.39
148126,Active,50047,NA,NA,D,17,1,237715.73,28.3,2006,155,4,33.88
148127,Active,1585097,NA,NA,D,2,1,214631.7813,110,2010,41,29.99,49.1
148128,Active,1592875,NA,NA,D,1,0,689683.0863,96,2006,40,4.13,13.37
148129,Active,201766,NA,NA,D,2,1,554416.0125,49.95,2008,75,4,12.48
148130,Active,639975,NA,NA,D,2,1,635230.8825,118.25,2011,19,5.93,58.15
148131,Active,52995,NA,NA,D,1,0,452698.2775,0.34,2004,160,4,20.99
148132,Active,552345,NA,NA,S,10,1,29495.99625,204,2011,120,13.4,103.99
148133,Active,54695,NA,NA,D,4,1,682055.5963,158.95,2007,60,4,41.14
148134,Active,57255,NA,NA,S,5,1,210255.1813,313.95,2009,37,4.88,48.99
148135,Active,50621,NA,NA,D,10,1,1885785.838,261.95,2005,45,4.11,38.99
148136,Active,625216,NA,NA,D,7,1,916501.62,146.27,2011,30,10.34,10.39
148137,Active,609908,NA,NA,S,8,1,21222.87125,247.4,2013,94,17.47,49.49
148138,Active,50635,NA,NA,D,5,1,664709.05,170.67,2006,52,4,10.99
148139,Active,301526,NA,NA,D,6,1,1831577.391,59.26,2008,33,4,43.94
148140,Active,626819,NA,NA,D,2,1,1212968.304,159.4,2010,36,10.84,131.15
148141,Active,560867,NA,NA,D,1,0,436816.5563,200,2007,48,4,53.98
148142,Active,554062,NA,NA,D,2,1,71603.04375,245.2,2010,89,10.09,60.79
148143,Active,623463,NA,NA,S,4,1,109998.675,53.25,2010,44,22.24,37.29
148144,Active,127360,NA,NA,D,5,1,513934.2688,149,2007,33,10.37,47.98
148145,Active,127194,NA,NA,S,6,1,37707.39,204.95,2009,71,33.4,73.99
148146,Active,860119,NA,NA,D,2,1,1376003.504,225.95,2010,26,23.87,83.94
148147,Active,875939,NA,NA,D,6,1,131273.2088,43.91,2010,24,33.99,61.99
148148,Active,101414,NA,NA,D,1,0,288169.1938,166.95,2001,57,6.63,33.99
148149,Active,916228,NA,NA,D,2,1,517442.155,502.33,2004,27,27.93,27.98
148150,Active,254154,NA,NA,S,1,0,139805.5213,179.95,2010,75,5.96,22.94
148151,Active,178940,NA,NA,S,1,0,541366.1413,134.95,2010,114,4,28.99
148152,Active,644714,NA,NA,S,1,0,889411.38,59.99,2011,28,5.74,36.82
148153,Active,56651,NA,NA,S,1,0,362184.46,146.95,2010,61,5.22,23.95
148154,Active,193910,NA,NA,S,1,0,117298.8075,49.99,2011,67,11.53,27.97
148155,Active,468750,NA,NA,S,0,0,1041736.145,39.99,2004,58,4,9.42
148156,Active,148772,NA,NA,S,1,0,153190.32,213.95,2009,235,4,12.81
148157,Active,178930,NA,NA,S,1,0,57555.16125,201.95,2010,168,4.91,63.76
148158,Active,254143,NA,NA,S,1,0,39780.70125,213.95,2010,446,4.84,28.41
148159,Active,110548,NA,NA,S,1,0,465708.5338,45,2012,57,6.88,23.99
148160,Active,655013,NA,NA,S,0,0,43010.72625,86.99,2014,70,15.03,98.17
148161,Active,570573,NA,NA,S,1,0,602362.6075,74.95,2010,76,4,5.78
148162,Active,251137,NA,NA,S,1,0,1199733.081,74.95,2007,59,4,11.97
148163,Active,178949,NA,NA,S,1,0,147190.3175,74.95,2011,46,7.83,12.49
148164,Active,766996,NA,NA,S,1,0,211435.375,134.95,2010,63,5.76,33.78
148165,Active,162989,NA,NA,S,1,0,780988.5913,75,2010,53,5.31,28.19
148166,Active,625315,NA,NA,S,3,1,303789.3938,52,2008,61,4,13.85
148167,Active,649098,NA,NA,S,1,0,504136.4175,49.99,2008,28,7.22,53.9
148168,Active,587483,NA,NA,S,4,1,667939.175,195.95,2010,71,4.58,8.94
148169,Active,663294,NA,NA,S,5,1,324350.8075,195.95,2013,51,7.54,100.12
148170,Active,544752,NA,NA,S,5,1,275743.7688,200.95,2013,56,8.76,43.94
148171,Active,622656,NA,NA,S,1,0,442623.6363,44.99,2010,54,4,29.97
148172,Active,254152,NA,NA,S,1,0,270711.165,179.95,2011,76,4.35,16.92
148173,Active,2878623,NA,NA,D,2,1,2192190.118,189,1996,23,51.33,63.98
148174,Active,616867,NA,NA,S,2,1,660254.6375,93.09,1997,40,10.33,57.35
148175,Active,2387579,NA,NA,D,0,0,905037.98,87,1984,33,23.53,93.15
148176,Active,217313,NA,NA,D,5,1,869562.7413,54,2010,47,4,5.97
148177,Active,613706,NA,NA,D,4,1,2688999.628,50,2005,38,4,12.94
148178,Active,527962,NA,NA,D,2,1,695876.6425,59.99,2010,22,40.73,40.96
148179,Active,577426,NA,NA,D,2,1,147482.8988,61.95,2008,126,4,8.43
148180,Active,546752,NA,NA,D,3,1,36965.15875,71.99,2012,102,6.39,16.63
148181,Active,543225,NA,NA,D,3,1,297204.375,38,2011,40,8.74,23.91
148182,Active,580701,NA,NA,D,2,1,640986.0263,40,2007,69,4,19.84
148183,Active,253905,NA,NA,D,3,1,588868.5663,51.95,2009,45,9.72,41
148184,Active,389265,NA,NA,S,0,0,22754.975,117.95,2012,86,23.06,78.99
148185,Active,500149,NA,NA,D,0,0,408584.7125,112.95,2012,51,18.33,123.95
148186,Active,614579,NA,NA,D,0,0,673664.9663,118.95,2007,48,5.19,4311.15
148187,Active,257991,NA,NA,D,9,1,1053903.803,82.95,2003,32,4.44,17.96
148188,Active,257979,NA,NA,S,8,1,334463.5913,80.95,1999,90,5.28,50.77
148189,Active,499083,NA,NA,D,6,1,144500.585,119.95,2010,58,49.97,75.54
148190,Active,909087,NA,NA,D,1,0,745424.805,49.95,2007,22,18.98,36.07
148191,Active,3026465,NA,NA,D,2,1,396309.33,41.95,2001,58,4.82,16.94
148192,Active,1879700,NA,NA,D,1,0,789077.3825,142.95,2009,28,29.97,83.63
148193,Active,3026439,NA,NA,S,3,1,875451.1325,132.95,1998,44,11.54,87.46
148194,Active,2814494,NA,NA,D,5,1,2423028.834,30,2005,25,4,37.82
148195,Active,2814637,NA,NA,D,4,1,3243604.614,33,1999,24,4,15.31
148196,Active,649043,NA,NA,D,7,1,616481.9338,499,2009,21,42.01,73.99
148197,Active,3470859,NA,NA,D,5,1,4194083.55,107,2000,39,6.34,98.25
148198,Active,640123,NA,NA,D,5,1,1742265.801,72.95,2000,24,4,29.01
148199,Active,184290,NA,NA,D,2,1,1772106.833,52.95,1999,27,4.75,18.49
148200,Active,131561,NA,NA,D,1,0,210970.3888,143.4,2005,49,30.12,111.06
148201,Active,3526429,NA,NA,D,3,1,1657048.8,284.95,2006,32,5.11,67.77
148202,Active,620351,NA,NA,D,1,0,594384.85,46,2005,66,4,13.14
148203,Active,545590,NA,NA,D,1,0,682070.4,39.99,2011,29,4,33.94
148204,Active,764558,NA,NA,D,5,1,1449601.823,121.95,2005,32,4,19.96
148205,Active,644065,NA,NA,D,2,1,1090891.478,99.95,2007,25,19.81,80.27
148206,Active,880107,NA,NA,D,7,1,1626209.924,23.91,2009,51,5.97,18.26
148207,Active,141778,NA,NA,D,3,1,2555088.818,10.5,2005,56,4,8.47
148208,Active,141914,NA,NA,D,4,1,310299.405,12.99,2009,76,4,12.98
148209,Active,1715210,NA,NA,D,0,0,231352.3563,103.93,2009,27,7.32,73.17
148210,Active,615147,NA,NA,D,3,1,2072267.883,62.67,2006,30,4,11.99
148211,Active,120739,NA,NA,D,1,0,1137658.424,146.4,2009,50,4,8.74
148212,Active,342589,NA,NA,D,2,1,2080797.403,47,2001,34,4,15.94
148213,Active,619646,NA,NA,D,2,1,2365580.375,55,2002,29,4,6.98
148214,Active,541898,NA,NA,D,2,1,2124832.575,36.95,2002,21,4,13.93
148215,Active,217308,NA,NA,D,2,1,684988.1313,34,2008,93,4,8.29
148216,Active,621496,NA,NA,S,1,0,628444.4375,34.95,1999,57,4.97,12.88
148217,Active,51483,NA,NA,D,5,1,255285.7663,64.95,2011,283,4,14.99
148218,Active,167733,NA,NA,D,4,1,1135663.216,101.07,1999,16,15.79,23.99
148219,Active,907510,NA,NA,D,2,1,3826584.103,65,2004,13,13.73,22.99
148220,Active,510596,NA,NA,D,0,0,2180598.368,89.99,2006,28,40.6,54.9
148221,Active,156171,NA,NA,D,1,0,1194341.033,104.95,1996,17,5.99,27.98
148222,Active,165693,NA,NA,D,1,0,1187210.403,97.25,2006,56,4.22,29.98
148223,Active,527923,NA,NA,D,3,1,444653.7588,54.99,2011,37,8.72,24.01
148224,Active,167482,NA,NA,D,3,1,1925041.111,105,2001,22,7.48,53.67
148225,Active,132567,NA,NA,S,8,1,364515.96,167.8,2008,50,18.98,59.69
148226,Active,1867783,NA,NA,D,3,1,1411546.129,179.95,2008,17,4.97,27.81
148227,Active,165576,NA,NA,D,5,1,781575.1975,23.99,2004,35,7.37,47.04
148228,Active,2502991,NA,NA,D,3,1,1733134.868,64.95,2001,35,4,46.83
148229,Active,266942,NA,NA,S,0,0,821387.195,20,2004,42,4.75,15.93
148230,Active,645305,NA,NA,S,0,0,146794.2425,46.95,2010,21,29.34,0
148231,Active,148144,NA,NA,D,2,1,2731324.448,257.95,2005,38,4.12,9.97
148232,Active,875150,NA,NA,S,0,0,1214169.14,50.05,2000,38,8.34,36.67
148233,Active,906934,NA,NA,D,2,1,1569854.52,99.95,1992,28,8.74,60.53
148234,Active,101517,NA,NA,S,1,0,106429.205,120.65,2002,133,6.21,14.67
148235,Active,906684,NA,NA,D,5,1,1205748.391,69.28,2011,21,7.24,60.67
148236,Active,291246,NA,NA,D,0,0,1468270.405,60,1997,23,34.84,78.99
148237,Active,540460,NA,NA,D,9,1,1223037.939,191,2009,35,6.96,44.21
148238,Active,560458,NA,NA,D,10,1,456765.11,225,2012,61,6.85,38.49
148239,Active,143184,NA,NA,D,8,1,2532350.894,141,2007,45,5.41,58.49
148240,Active,385724,NA,NA,D,6,1,3117759.934,69.99,2006,21,6.98,139.73
148241,Active,118540,NA,NA,S,3,1,602744.62,107,1996,34,10.11,73.13
148242,Active,607393,NA,NA,D,11,1,324141.9038,169,2007,36,16.98,55.99
148243,Active,658454,NA,NA,D,6,1,138183.8988,638.19,2010,48,8.54,28.98
148244,Active,907043,NA,NA,D,5,1,2025382.516,43.66,2007,20,4,42.92
148245,Active,50954,NA,NA,D,10,1,212707.4175,209.2,2010,54,14.87,52.07
148246,Active,537432,NA,NA,S,11,1,29152.375,251.6,2012,57,42.22,75.64
148247,Active,254007,NA,NA,D,10,1,78050.78,120,2011,126,17.17,38.99
148248,Active,639978,NA,NA,D,1,0,514638.8725,143.95,2011,45,45.94,49.08
148249,Active,677984,NA,NA,D,0,0,760992.835,52.95,2007,44,8.64,45.65
148250,Active,847695,NA,NA,D,9,1,3731428.65,91,1996,31,4.12,9.09
148251,Active,203766,NA,NA,D,3,1,429456.785,104.99,2008,58,43.97,78.61
148252,Active,144301,NA,NA,D,1,0,782599.7825,124.2,2002,74,4.22,48.61
148253,Active,2795274,NA,NA,D,2,1,2283005.865,63,1993,38,4,55.58
148254,Active,297989,NA,NA,D,1,0,247900.255,142.95,2006,56,5.93,15.99
148255,Active,2540403,NA,NA,D,2,1,1088642.586,39.95,2003,24,6.97,117.53
148256,Active,1738296,NA,NA,D,7,1,385307.3163,25.75,2006,26,4,39.99
148257,Active,157621,NA,NA,D,3,1,595241.2738,49.95,2005,61,28.69,49.95
148258,Active,563195,NA,NA,D,0,0,1559286.215,159,2000,28,6.34,67.21
148259,Active,617892,NA,NA,D,4,1,1302403.114,52,2008,18,5.96,11.23
148260,Active,126061,NA,NA,S,5,1,415849.6063,42.95,2001,115,3,5.23
148261,Active,1477961,NA,NA,D,9,1,2615568.41,109.75,2012,29,6.31,34.57
148262,Active,609621,NA,NA,D,8,1,550970.8013,124.95,2009,34,23.99,28.98
148263,Active,317094,NA,NA,S,11,1,413687.5138,224,2008,71,4,49.08
148264,Active,873194,NA,NA,D,13,1,929166.82,197.93,2013,30,5.43,58.17
148265,Active,879364,NA,NA,D,7,1,183139.3538,26.64,2009,14,22.78,26.64
148266,Active,3472633,NA,NA,D,2,1,2498157.8,105,1997,27,5.78,43.5
148267,Active,54800,NA,NA,D,0,0,811156.8713,37.95,2004,57,4,10.9
148268,Active,634300,NA,NA,D,2,1,947679.4163,78.95,2003,21,6.38,54.17
148269,Active,2415606,NA,NA,D,2,1,985543.6075,112.95,1993,30,4,60.01
148270,Active,868381,NA,NA,S,9,1,350816.1988,112,1998,35,5.21,73.99
148271,Active,105694,NA,NA,D,3,1,981829.5163,79.95,2000,19,11.93,42.99
148272,Active,1651421,NA,NA,D,7,1,545508.9988,110,2007,22,8.39,59
148273,Active,691742,NA,NA,D,2,1,3533602.426,114.95,1998,23,4.58,57.42
148274,Active,318058,NA,NA,D,1,0,586175.1438,156,2000,48,17.76,78.38
148275,Active,915070,NA,NA,S,5,1,1274950.004,46.64,1997,39,4,8.87
148276,Active,56932,NA,NA,D,1,0,812108.4763,42,1996,49,4,34.98
148277,Active,162652,NA,NA,D,8,1,657820.3525,150.3,2009,29,33.31,48.94
148278,Active,2536200,NA,NA,D,2,1,746553.2563,56.95,1999,19,4.89,34.95
148279,Active,560325,NA,NA,D,3,1,1687635.089,39,2006,30,4,23.1
148280,Active,1878919,NA,NA,D,7,1,3533501.681,10.68,2009,19,4,12.85
148281,Active,251810,NA,NA,D,7,1,1072234.444,49.57,2008,21,4.18,55.15
148282,Active,207777,NA,NA,D,6,1,5969932.935,49.57,2004,21,4.99,48.88
148283,Active,682333,NA,NA,D,18,1,1115366.935,29.28,2010,20,20.64,21.99
148284,Active,57978,NA,NA,D,18,1,65317.5325,96,2004,83,23.5,179.87
148285,Active,704338,NA,NA,D,6,1,1238423.99,123.62,2003,32,3.24,122.33
148286,Active,620085,NA,NA,D,2,1,602042.7575,37.95,2003,54,4,33.18
148287,Active,113703,NA,NA,D,6,1,842896.5713,47.4,1999,32,4,24.99
148288,Active,256004,NA,NA,D,3,1,764667.08,43.99,2004,41,4,22.88
148289,Active,299394,NA,NA,S,2,1,275709.2425,56,2000,37,5.98,43.13
148290,Active,711337,NA,NA,D,5,1,699069.2375,101,2002,24,23.92,133.49
148291,Active,183491,NA,NA,D,0,0,12173.29125,102.65,2007,96,16.49,60
148292,Active,874253,NA,NA,D,3,1,1002274.245,241.95,2010,30,6.48,8.99
148293,Active,427231,NA,NA,D,1,0,268621.775,122.95,2010,65,8.99,28.69
148294,Active,416455,NA,NA,S,4,1,611822.7013,210.5,2007,33,6.74,23.99
148295,Active,218724,NA,NA,D,5,1,268272.4825,240,2007,37,19.78,152.65
148296,Active,50192,NA,NA,S,4,1,100096.7725,172,2002,250,6.28,48.13
148297,Active,218723,NA,NA,D,5,1,142969.2925,49,2007,68,7.5,23.61
148298,Active,609342,NA,NA,D,4,1,2472195.4,152,1987,55,4.48,64.19
148299,Active,60665,NA,NA,D,5,1,231238.6713,129,2003,33,7.9,27.35
148300,Active,58565,NA,NA,D,6,1,1041869.623,53.98,2007,35,16.9,53.68
148301,Active,53118,NA,NA,S,5,1,501939.415,23.93,2003,174,4,20.99
148302,Active,862999,NA,NA,D,3,1,418122.1325,265,2001,25,41.98,653.99
148303,Active,868437,NA,NA,D,1,0,483773.0538,64.95,2007,24,18.1,35.92
148304,Active,290254,NA,NA,D,4,1,1721771.834,54.95,2004,21,6.38,39.99
148305,Active,910461,NA,NA,D,3,1,1904026.269,103,2005,23,4.66,36.27
148306,Active,106540,NA,NA,D,2,1,203558.1263,71,2008,34,7.19,53.98
148307,Active,128994,NA,NA,D,4,1,1461240.585,89.95,2005,20,18.22,75.74
148308,Active,868142,NA,NA,D,2,1,714158.34,98,1985,44,11.13,81.48
148309,Active,162431,NA,NA,D,1,0,502777.3775,54.95,2007,36,11.96,36.97
148310,Active,136854,NA,NA,D,2,1,1566539.115,76,2003,32,5.55,32.49
148311,Active,527885,NA,NA,D,3,1,2096308.476,106.75,2011,24,3.9,38.49
148312,Active,55876,NA,NA,D,3,1,25123.47375,52.98,2010,129,7.97,34.98
148313,Active,119114,NA,NA,D,1,0,43454.66125,245.2,2011,30,32.26,53.99
148314,Active,902778,NA,NA,D,2,1,2217408.543,99.95,2006,13,35,203.07
148315,Active,152052,NA,NA,D,0,0,275513.0675,74.95,2003,56,42.99,57.56
148316,Active,608557,NA,NA,D,4,1,2931676.03,128.95,1998,28,4.14,97.32
148317,Active,628233,NA,NA,D,0,0,340954.41,53.95,1993,51,14.09,43.93
148318,Active,628102,NA,NA,D,2,1,1616946.409,66.2,2009,22,4.97,24.49
148319,Active,647518,NA,NA,D,2,1,258549.2538,160.95,1998,29,9.52,83.47
148320,Active,591719,NA,NA,D,2,1,421943.0763,57.95,2009,23,18.89,32.42
148321,Active,764784,NA,NA,D,2,1,4074338.635,68.95,1997,24,4,63.21
148322,Active,608551,NA,NA,D,3,1,497854.0425,87.95,2002,33,4,13.99
148323,Active,868141,NA,NA,D,2,1,1718028.681,82,1997,46,4,31.45
148324,Active,614149,NA,NA,D,1,0,65586.235,49.99,1996,71,4.74,21.05
148325,Active,619005,NA,NA,D,5,1,1003171.264,44.07,2006,49,4,28.49
148326,Active,552458,NA,NA,D,4,1,1931964.393,125.33,2005,64,4,6.98
148327,Active,287604,NA,NA,D,5,1,786948.115,85.8,2009,70,3.84,10.78
148328,Active,54163,NA,NA,D,4,1,1007245.925,93.8,2007,72,4,22.49
148329,Active,607335,NA,NA,D,4,1,2275743.164,93.8,2007,42,3.74,4.92
148330,Active,641584,NA,NA,D,2,1,1411726.859,99.95,2008,25,4.8,52.41
148331,Active,147476,NA,NA,D,15,1,953312.8588,39.95,2007,41,4.13,23.98
148332,Active,527866,NA,NA,D,6,1,26849.715,69.95,2012,33,22.38,50.26
148333,Active,607996,NA,NA,D,2,1,704659.6738,47.95,2003,40,4,6.9
148334,Active,608025,NA,NA,D,2,1,248184.8438,63.95,2007,68,4,7.77
148335,Active,147688,NA,NA,D,10,1,729921.6713,61.95,2011,26,6.97,18.67
148336,Active,905495,NA,NA,D,9,1,1016918.434,55.95,2009,23,4,27.97
148337,Active,614775,NA,NA,D,10,1,140953.8463,51.95,2010,109,4,10.03
148338,Active,608027,NA,NA,D,9,1,589483.2425,48.95,2008,149,4,8.92
148339,Active,872179,NA,NA,D,10,1,1612007.624,14.1,2010,39,5.01,13.57
148340,Active,608015,NA,NA,D,6,1,1915739.365,38.95,2005,64,4,5.55
148341,Active,864902,NA,NA,S,11,1,214209.115,43.95,2014,33,8.49,16.89
148342,Active,561705,NA,NA,D,9,1,1189069.481,39.95,2010,50,4,7.92
148343,Active,527863,NA,NA,D,4,1,408087.1038,73.95,2012,38,16.79,48.99
148344,Active,60668,NA,NA,D,2,1,1281085.8,56.95,2003,75,4,11.98
148345,Active,533985,NA,NA,D,3,1,270920.06,68.95,2008,51,18.95,52.31
148346,Active,911903,NA,NA,D,4,1,1146712.283,87.39,2009,51,8.02,38.31
148347,Active,743935,NA,NA,D,4,1,1309045.649,71.95,2009,19,5.67,43.99
148348,Active,60670,NA,NA,S,3,1,1680019.118,61.95,2004,101,4,15.8
148349,Active,147644,NA,NA,D,3,1,214152.6663,44.95,2010,67,4,35.79
148350,Active,147320,NA,NA,D,1,0,1731551.999,31.95,2005,43,4,20.81
148351,Active,60671,NA,NA,D,2,1,796146.9625,39.95,2007,64,4,5.98
148352,Active,146915,NA,NA,D,1,0,587881.7913,43.95,2000,54,4,8.93
148353,Active,147328,NA,NA,D,3,1,2027764.795,39.95,2005,30,4,9.92
148354,Active,608016,NA,NA,D,2,1,2529225.363,41.95,2006,37,4.11,16.49
148355,Active,608028,NA,NA,D,3,1,861737.5713,51.95,2009,38,4.8,16.31
148356,Active,632104,NA,NA,D,9,1,240169.9138,43.95,2012,43,12.58,23.3
148357,Active,627578,NA,NA,D,1,0,404712.7688,37.95,2006,46,18.95,49.99
148358,Active,533329,NA,NA,D,26,1,161042.2338,42.95,2012,80,4,12.98
148359,Active,652273,NA,NA,D,27,1,207632.5963,42.95,2013,98,8.4,28.85
148360,Active,329986,NA,NA,S,3,1,212333.2875,142.95,2008,46,6.58,8.99
148361,Active,561674,NA,NA,D,1,0,157322.7013,76.95,2008,49,12.15,0
148362,Active,626931,NA,NA,D,3,1,1790766.474,100,2005,26,5.87,70.09
148363,Active,536380,NA,NA,D,7,1,306006.7763,41.95,2013,70,8.64,18.99
148364,Active,55867,NA,NA,D,6,1,415352.645,39.95,2009,90,4,5.99
148365,Active,743857,NA,NA,D,6,1,471120.275,37.95,2008,34,4,17.05
148366,Active,670697,NA,NA,D,2,1,1430043.015,57.95,2009,13,5.15,5.16
148367,Active,891928,NA,NA,D,2,1,1174822.344,57.95,2008,6,42.12,52.62
148368,Active,57969,NA,NA,D,7,1,2214556.643,86.95,2003,54,3.98,8.98
148369,Active,218564,NA,NA,D,2,1,474852.1063,49.95,1997,22,5.19,64.95
148370,Active,631206,NA,NA,D,2,1,1227149.446,49.95,1997,28,8.54,57.97
148371,Active,624558,NA,NA,D,2,1,1441238.021,47.95,1997,24,4.93,60.07
148372,Active,147522,NA,NA,D,7,1,182484.435,75.95,2007,35,11.53,65.98
148373,Active,527852,NA,NA,S,8,1,25942.945,75.95,2012,75,23.59,64.99
148374,Active,147001,NA,NA,D,2,1,1315075.194,62.95,2003,27,4,23.99
148375,Active,204098,NA,NA,D,7,1,1449604.82,359.95,2007,21,28.75,79.28
148376,Active,743301,NA,NA,D,8,1,2313330.87,213,2002,27,8.16,71.08
148377,Active,810222,NA,NA,D,5,1,976420.5163,128.95,2010,25,6.34,0
148378,Active,3475401,NA,NA,D,2,1,1006143.55,85,1998,24,4.2,60.13
148379,Active,916181,NA,NA,D,2,1,1173743.199,49.95,2008,39,4,13.44
148380,Active,908716,NA,NA,D,1,0,4467823.36,73.51,1992,24,4.68,73.49
148381,Active,868217,NA,NA,D,2,1,1160850.686,48.95,1995,57,4,21.97
148382,Active,632544,NA,NA,D,3,1,720984.1625,69.95,2010,32,8.49,58.59
148383,Active,793913,NA,NA,D,2,1,725899.9913,70.95,2004,29,4,28.92
148384,Active,617513,NA,NA,D,7,1,1496346.459,32.44,2003,45,3.99,24.93
148385,Active,697926,NA,NA,D,8,1,914102.5975,262.12,2006,13,4.78,261.97
148386,Active,781028,NA,NA,D,0,0,1317650.658,69.95,2003,26,34.64,55.61
148387,Active,610094,NA,NA,D,1,0,130864.2075,26.95,2007,37,17.47,22.98
148388,Active,2528671,NA,NA,D,2,1,3153664.973,48.95,1992,25,4.48,49.64
148389,Active,296902,NA,NA,D,3,1,493774.2163,49,2009,47,7.73,27.98
148390,Active,233587,NA,NA,D,2,1,1132740.036,44,2005,33,4,40.93
148391,Active,132904,NA,NA,D,4,1,391740.9925,89.8,2009,37,4,15.14
148392,Active,117846,NA,NA,D,3,1,1375019.829,74.4,2004,45,4,33.98
148393,Active,143058,NA,NA,D,4,1,1059826.036,61,2005,30,4.93,51.19
148394,Active,2353823,NA,NA,D,8,1,462575.9438,136.25,2004,33,7.66,44.42
148395,Active,756462,NA,NA,D,2,1,1496653.989,80,2008,14,8.46,13.94
148396,Active,623452,NA,NA,D,1,0,236464.95,69.95,2011,27,12.22,47.94
148397,Active,527833,NA,NA,D,4,1,1821778.848,87.95,2010,20,26.82,60.21
148398,Active,656980,NA,NA,D,2,1,896256.1563,48.95,2009,22,7.45,0
148399,Active,203757,NA,NA,D,5,1,1891822.265,236,2005,19,17.08,20.99
148400,Active,2563215,NA,NA,D,2,1,992258.43,50,1992,29,4,18.99
148401,Active,162860,NA,NA,S,7,1,311179.0975,83.99,2009,38,31.85,63.99
148402,Active,51986,NA,NA,D,7,1,647433.0913,97.2,2005,24,4.77,8.79
148403,Active,121346,NA,NA,D,8,1,632388.1375,141.27,2008,43,4.97,53.99
148404,Active,132101,NA,NA,D,4,1,2509006.554,95,2005,20,5.14,18.9
148405,Active,131786,NA,NA,D,4,1,2549777.124,70,2003,34,3,16.87
148406,Active,576674,NA,NA,D,1,0,73008.67375,110.95,2009,65,4.26,0
148407,Active,3039950,NA,NA,D,2,1,794509.7813,76,1984,28,8.02,74.23
148408,Active,649851,NA,NA,D,3,1,291175.2175,89.95,2012,23,64.14,0
148409,Active,621288,NA,NA,D,1,0,100032.2188,69.95,2012,30,12.99,0
148410,Active,616194,NA,NA,D,4,1,1023425.775,69.95,2008,37,4.13,8.99
148411,Active,632141,NA,NA,D,5,1,74385.28625,95,2012,68,23.99,50.97
148412,Active,793230,NA,NA,D,1,0,1864061.928,95,2001,12,9.04,51.35
148413,Active,165914,NA,NA,D,4,1,569429.6575,48.99,2004,38,6.92,48.99
148414,Active,751751,NA,NA,D,5,1,4268688.601,122.17,2009,17,4.87,49.93
148415,Active,527818,NA,NA,S,7,1,7590.93375,262.95,2011,73,43.88,101.62
148416,Active,880159,NA,NA,D,6,1,620241.4575,74.45,2009,26,8.21,62.99
148417,Active,587538,NA,NA,D,7,1,155726.855,136,2011,27,24.69,133.34
148418,Active,713302,NA,NA,D,6,1,8302073.5,36.67,2002,13,4,60.38
148419,Active,858563,NA,NA,D,3,1,770279.6013,100,1995,22,4.24,42.45
148420,Active,1553365,NA,NA,D,1,0,603880.1638,44.95,2011,22,33.99,44.52
148421,Active,617962,NA,NA,S,4,1,287115.9975,54.5,2010,42,7.2,14.95
148422,Active,301030,NA,NA,D,0,0,484403.3525,44.5,2010,46,4,17.99
148423,Active,276614,NA,NA,D,1,0,74481.625,54.5,2011,66,7.07,34.98
148424,Active,276610,NA,NA,D,0,0,489824.7838,54.5,2009,36,4.36,0
148425,Active,658305,NA,NA,D,0,0,199871.9075,54.5,2012,32,18.94,0
148426,Active,642258,NA,NA,D,0,0,301591.2413,54.5,2012,62,13.73,26.87
148427,Active,616745,NA,NA,S,0,0,536073.87,52.5,2008,58,4.35,28.94
148428,Active,2662975,NA,NA,D,4,1,989204.7838,211.72,1979,15,6.39,77.11
148429,Active,608890,NA,NA,D,4,1,97761.96,66.95,1993,57,12.77,49.93
148430,Active,187966,NA,NA,S,2,1,174787.1925,76.99,2000,39,6.34,36.24
148431,Active,157334,NA,NA,D,2,1,527302.9525,49.95,2006,30,4.48,70.81
148432,Active,910168,NA,NA,D,1,0,404512.1188,72.95,2003,54,7.29,54.51
148433,Active,120579,NA,NA,D,6,1,252756.0725,60.6,2008,31,5.88,50.46
148434,Active,545839,NA,NA,D,10,1,30800.0875,114,2012,62,11.15,63.98
148435,Active,860425,NA,NA,D,1,0,524254.8488,69.95,2011,90,4,27.72
148436,Active,906588,NA,NA,D,0,0,26999.63,5.95,2001,23,4,6.93
148437,Active,2876522,NA,NA,D,0,0,5010.41875,8.99,1998,54,4.52,6.47
148438,Active,534456,NA,NA,D,6,1,131194.2725,94,2004,50,18.95,67.11
148439,Active,56395,NA,NA,D,5,1,493022.37,55.41,2002,34,6.75,49.75
148440,Active,177788,NA,NA,D,3,1,371851.6013,199.95,2005,43,33.94,102.79
148441,Active,120740,NA,NA,D,3,1,2104780.39,42,1987,45,4,23.73
148442,Active,724119,NA,NA,D,1,0,286868.7163,39.95,2009,40,5.73,25.92
148443,Active,724117,NA,NA,D,1,0,231691.8263,39.95,2009,29,19.92,31.3
148444,Active,2670175,NA,NA,D,5,1,2266313.013,66.6,1993,24,4,48.81
148445,Active,639434,NA,NA,D,7,1,1619787.668,81.7,2003,24,8.94,48.99
148446,Active,111037,NA,NA,D,8,1,241989.4988,278.99,2008,31,25.09,32.49
148447,Active,489921,NA,NA,D,3,1,2354985.776,39.95,2007,20,5.97,33.17
148448,Active,2512018,NA,NA,S,3,1,809282.385,55.4,1994,29,4,38.97
148449,Active,802699,NA,NA,D,6,1,675556.6438,39.99,2009,32,4,10.94
148450,Active,802601,NA,NA,D,5,1,2229129.335,39.99,2006,36,4,9.95
148451,Active,169847,NA,NA,D,3,1,693973.21,91.95,2008,69,4,13.51
148452,Active,56955,NA,NA,D,3,1,1019755.115,177.95,2006,60,3.68,43.59
148453,Active,719218,NA,NA,D,0,0,1070868.586,62.95,2001,43,6.9,19.99
148454,Active,705103,NA,NA,D,7,1,1866943.604,162.31,2003,14,13.99,103.98
148455,Active,100670,NA,NA,D,2,1,223050.115,92,1999,50,4.35,18.93
148456,Active,2618087,NA,NA,S,2,1,761018.1138,135.95,1991,33,4,52.81
148457,Active,114192,NA,NA,D,3,1,1111527.554,42.8,2001,57,4,16.94
148458,Active,157269,NA,NA,D,3,1,1312137.336,36.95,2005,32,4,18.98
148459,Active,2648810,NA,NA,D,1,0,798622.9938,135,2003,21,20.5,86.23
148460,Active,159497,NA,NA,D,14,1,1274205.024,76.95,2003,23,6.05,103.95
148461,Active,1615952,NA,NA,D,2,1,825821.5538,49.99,2007,49,4.35,31.99
148462,Active,1616068,NA,NA,D,1,0,1242910.88,49.99,2010,17,4,12.87
148463,Active,1575538,NA,NA,D,1,0,329816.5325,40,2012,25,11.59,17.99
148464,Active,185090,NA,NA,D,1,0,381499.9525,213.95,2000,74,4,10.16
148465,Active,3150861,NA,NA,D,2,1,776664.3888,99,2003,13,22.98,44.49
148466,Active,200480,NA,NA,D,6,1,1539410.033,211.95,2008,32,6.49,56.5
148467,Active,527799,NA,NA,D,7,1,120041.4388,228.95,2011,36,30.34,153.99
148468,Active,619062,NA,NA,D,1,0,72865.44375,48,1997,69,8.93,24.88
148469,Active,300465,NA,NA,D,4,1,73924.90125,72.99,2011,64,38.93,62.88
148470,Active,204071,NA,NA,D,3,1,82761.24125,67.95,2007,171,4.54,19.98
148471,Active,652373,NA,NA,D,4,1,11543.61875,72.95,2013,44,38.99,0
148472,Active,640184,NA,NA,D,6,1,2559763.454,48.8,2008,22,7.23,218.65
148473,Active,650005,NA,NA,D,7,1,1132190.548,48.8,2010,20,4.3,45.73
148474,Active,636800,NA,NA,D,3,1,1863603.351,55.95,2009,19,4,10.2
148475,Active,192888,NA,NA,D,6,1,3049930.571,380,2003,14,17.95,73.97
148476,Active,527791,NA,NA,D,7,1,951210.3838,427,2008,28,38.71,125.23
148477,Active,2016497,NA,NA,D,61,1,1081721.295,72.5,2012,40,4,75.47
148478,Active,230954,NA,NA,D,0,0,65618.2025,95,2008,72,15.51,33.85
148479,Active,230951,NA,NA,D,10,1,571128.7575,165.5,2005,54,7.59,72.49
148480,Active,534845,NA,NA,S,9,1,570162.7963,175,2010,32,23.93,88.99
148481,Active,2763593,NA,NA,D,0,0,156180.2425,35,2005,65,4.27,15.86
148482,Active,649758,NA,NA,S,6,1,291149.37,154.75,2012,33,17.52,103.99
148483,Active,145344,NA,NA,D,2,1,3312357.595,62.6,2006,23,4.26,8.99
148484,Active,193457,NA,NA,D,4,1,1099752.704,148,2006,25,4.88,45.15
148485,Active,126324,NA,NA,D,4,1,1120390.804,39.95,2003,39,2,22.32
148486,Active,538770,NA,NA,S,9,1,17052.405,206,2013,78,28.46,90.9
148487,Active,878293,NA,NA,D,3,1,841913.3288,51,2012,27,12.24,58.64
148488,Active,55761,NA,NA,D,0,0,2041652.533,68,2005,43,4,12.99
148489,Active,632148,NA,NA,D,0,0,334185.9775,50,2012,34,12.89,29.96
148490,Active,2910601,NA,NA,D,8,1,4502875.5,92,2005,16,16.59,225.51
148491,Active,597979,NA,NA,D,2,1,46671.31625,62.95,2008,91,11.62,35.98
148492,Active,55463,NA,NA,D,7,1,75168.76375,73.4,2011,55,10.68,37.99
148493,Active,793724,NA,NA,D,1,0,1898263.898,90,2003,15,21.8,71.33
148494,Active,217341,NA,NA,D,2,1,353711.7963,54,2011,53,4.92,16.34
148495,Active,920073,NA,NA,D,18,1,922356.44,100,2005,68,5.98,13.99
148496,Active,2039338,NA,NA,D,0,0,572097.865,98.85,2010,21,37.99,53.98
148497,Active,264300,NA,NA,D,2,1,632205.3163,37.95,2005,35,4.47,27.98
148498,Active,615412,NA,NA,D,2,1,1009265.851,49.99,2010,69,4.32,17.99
148499,Active,1865923,NA,NA,D,2,1,441403.2088,15,2006,24,6.14,37.99
148500,Active,527774,NA,NA,D,5,1,72009.42625,51.99,2010,126,8.24,28.98
148501,Active,264275,NA,NA,D,4,1,540828.3563,42.95,2007,97,4,13.69
148502,Active,545739,NA,NA,D,6,1,64758.67625,55.99,2013,51,15.8,28.97
148503,Active,807880,NA,NA,D,0,0,38456.105,19.99,2009,44,4.48,13.74
148504,Active,557488,NA,NA,D,3,1,118358.1913,94.2,2008,47,13.98,56.27
148505,Active,139653,NA,NA,D,0,0,276662.5938,139,2001,44,4.05,59.35
148506,Active,536034,NA,NA,D,2,1,286835.8413,58,2007,41,4,20.88
148507,Active,607012,NA,NA,D,6,1,57815.9475,52.99,2009,71,6.15,55.94
148508,Active,192917,NA,NA,S,17,1,509520.4275,131.26,2003,51,4.48,130.29
148509,Active,258351,NA,NA,D,20,1,2152886.32,39,2007,53,30.26,145.71
148510,Active,3137926,NA,NA,S,1,0,414016.3188,34.95,2002,66,6.09,8.98
148511,Active,249014,NA,NA,D,2,1,234357.2613,36.95,2006,97,8.72,23.99
148512,Active,147601,NA,NA,D,1,0,131844.19,95.95,2008,62,6.04,63.62
148513,Active,263198,NA,NA,D,1,0,860217.26,85.45,2005,30,6.69,72.05
148514,Active,249158,NA,NA,D,2,1,118605.4738,72.95,2009,38,18.67,53.91
148515,Active,237047,NA,NA,D,1,0,316183.1938,54.95,2001,24,30.98,43.98
148516,Active,249218,NA,NA,D,2,1,181906.52,62.95,2009,27,32.81,58.82
148517,Active,277981,NA,NA,D,1,0,414211.0313,79.95,2007,46,7.25,23.49
148518,Active,249037,NA,NA,D,1,0,610855.37,72.95,2008,39,4.98,98.72
148519,Active,628829,NA,NA,D,1,0,1076481.57,39.95,2007,29,5.83,30.98
148520,Active,863469,NA,NA,D,2,1,230712.0638,49.99,2007,34,4.8,30.62
148521,Active,626748,NA,NA,D,5,1,581182.1688,39.99,2009,52,4,9.88
148522,Active,631595,NA,NA,D,2,1,149715.9625,106.64,2010,35,28.73,42.99
148523,Active,60682,NA,NA,D,6,1,913386.3125,301.95,2002,70,4,49
148524,Active,527748,NA,NA,D,4,1,305131.9388,56.95,2010,33,13.84,54.95
148525,Active,159567,NA,NA,D,3,1,1991444.449,59.95,2006,41,4.02,34.83
148526,Active,623480,NA,NA,D,2,1,128466.8988,78.95,2010,35,46.41,112.03
148527,Active,636064,NA,NA,D,3,1,1049853.54,145,2011,26,7.1,74.97
148528,Active,127206,NA,NA,D,3,1,1951626.389,225,2008,18,7.19,62.36
148529,Active,912775,NA,NA,D,2,1,2123291.669,110,2005,21,6.79,53.25
148530,Active,105892,NA,NA,D,2,1,796744.9263,70.95,2003,20,6.23,58.93
148531,Active,527746,NA,NA,D,4,1,1084257.968,39.95,2008,28,12.66,43
148532,Active,159522,NA,NA,D,3,1,2270041.381,39.95,2004,26,4,50.82
148533,Active,60684,NA,NA,D,4,1,1000996.63,92,2001,45,4.39,34.61
148534,Active,159461,NA,NA,D,4,1,2738333.629,265,2007,18,28.71,288.03
148535,Active,159479,NA,NA,D,4,1,1617042.611,97.95,2004,20,6.39,28.24
148536,Active,2664534,NA,NA,D,6,1,3845162.299,29.95,1999,23,4,12.46
148537,Active,788774,NA,NA,D,4,1,3262783.075,59.95,1999,27,3.99,7.95
148538,Active,540927,NA,NA,D,5,1,445369.4875,59.95,2010,27,6.21,50.54
148539,Active,193966,NA,NA,S,3,1,1771197.604,72,2001,36,4,29.96
148540,Active,620257,NA,NA,D,3,1,126903.1738,99.95,2010,36,18.94,63
148541,Active,877529,NA,NA,D,3,1,123612.8225,25.56,2006,41,12.63,25.68
148542,Active,1839791,NA,NA,D,3,1,1820617.175,47.95,2008,24,4,18.52
148543,Active,203364,NA,NA,D,2,1,1266023.078,80.5,2001,56,4,11.7
148544,Active,145496,NA,NA,D,5,1,2598293.914,88.8,2006,42,4,9.69
148545,Active,431072,NA,NA,D,2,1,735517.1513,29.99,2008,53,4,10.75
148546,Active,516161,NA,NA,D,3,1,128635.8238,39.99,2010,45,4,8.61
148547,Active,2435247,NA,NA,D,3,1,2047305.993,51.95,2000,24,5.44,75.61
148548,Active,2251538,NA,NA,D,5,1,911887.6413,48.58,2010,72,6.27,24.21
148549,Active,200489,NA,NA,D,5,1,193919.1613,148.95,2009,102,4.58,13.98
148550,Active,60685,NA,NA,D,4,1,1534495.016,83.95,2006,58,4,4.65
148551,Active,916403,NA,NA,D,6,1,2975442.853,130.5,1997,26,4,31.19
148552,Active,858240,NA,NA,D,0,0,24559.0225,49.99,2013,24,32.04,31.26
148553,Active,126986,NA,NA,D,3,1,342002.8125,32.99,2007,81,5.65,55.81
148554,Active,126967,NA,NA,D,3,1,173875.125,32.99,2001,134,4.75,21.89
148555,Active,904094,NA,NA,D,2,1,670518.2138,53.32,2009,22,6.3,20
148556,Active,531806,NA,NA,D,1,0,326477.7813,123.95,2009,32,57.99,65.99
148557,Active,3717751,NA,NA,D,7,1,408651.15,126.95,2015,43,82.9,91.45
148558,Active,178650,NA,NA,D,1,0,874834.195,182.95,2010,49,4,22.03
148559,Active,178981,NA,NA,S,1,0,523916.2538,124.95,2010,126,3.83,28.97
148560,Active,178894,NA,NA,S,1,0,452522.3963,136.95,2010,116,4,33.93
148561,Active,1598130,NA,NA,S,1,0,819996.2575,134.95,2010,88,4,13.93
148562,Active,610153,NA,NA,S,1,0,98580.06625,187.95,2013,73,4.77,70.32
148563,Active,178943,NA,NA,S,1,0,624539.4113,187.95,2010,89,4,21.97
148564,Active,250193,NA,NA,D,2,1,553462.37,188.95,2006,69,4.12,43.98
148565,Active,262784,NA,NA,D,3,1,110899.46,76.95,2010,68,5.15,54.71
148566,Active,113102,NA,NA,D,2,1,1034634.906,79.95,2008,22,5.98,32.67
148567,Active,149597,NA,NA,D,4,1,429993.705,39.95,2004,34,5.62,47.51
148568,Active,177468,NA,NA,D,3,1,706400.0213,108.95,2001,36,4,16.97
148569,Active,618636,NA,NA,D,0,0,57934.83125,45,2003,42,6.56,31.64
148570,Active,143328,NA,NA,S,1,0,1812748.579,76.95,1997,19,4.4,98.88
148571,Active,609458,NA,NA,D,24,1,1895402.345,39.95,2008,36,4,25.35
148572,Active,665433,NA,NA,D,2,1,307132.0475,39.95,2012,33,8.21,28.7
148573,Active,126566,NA,NA,D,2,1,106686.85,49.95,2006,97,5.34,23.94
148574,Active,909302,NA,NA,D,0,0,1240004.666,39.99,2006,21,6.05,14.95
148575,Active,909234,NA,NA,D,0,0,990208.9513,74.99,2011,21,12.88,38.53
148576,Active,1631739,NA,NA,D,2,1,2677820.491,39.99,2009,24,5.48,55.25
148577,Active,613930,NA,NA,D,2,1,1725532.61,42.95,2007,42,4,13.53
148578,Active,542994,NA,NA,D,1,0,183679.0163,49.99,2002,95,4,15.1
148579,Active,147229,NA,NA,D,2,1,764256.9388,53.95,2005,46,4,17.94
148580,Active,1533911,NA,NA,D,0,0,869332.1713,69.95,2007,30,35.94,44.64
148581,Active,642212,NA,NA,D,6,1,395204.3988,39.99,2012,52,4,8.24
148582,Active,802653,NA,NA,D,4,1,1312115.099,29.99,2008,68,4,10.39
148583,Active,802708,NA,NA,D,5,1,693224.7088,39.99,2010,50,4,17.99
148584,Active,871897,NA,NA,D,6,1,1773113.963,102.46,2008,40,18.32,64.6
148585,Active,435123,NA,NA,S,5,1,449228.2913,67.95,2002,181,4,44.8
148586,Active,558079,NA,NA,D,2,1,1290385.603,41,2009,25,5.94,36.58
148587,Active,2251217,NA,NA,D,3,1,3933991,103.9,2007,24,44.07,103.86
148588,Active,112858,NA,NA,D,2,1,3228159.136,117,2003,14,12.59,58.29
148589,Active,219707,NA,NA,D,2,1,2081905.838,89.95,2004,16,39.01,115.87
148590,Active,620108,NA,NA,D,2,1,664194.2588,192,1999,32,5.94,60.67
148591,Active,166613,NA,NA,D,1,0,1251611.818,63.5,2004,28,4.97,18.82
148592,Active,296697,NA,NA,D,2,1,361038.1613,79,2001,48,4.89,40.8
148593,Active,132528,NA,NA,D,3,1,740621.5538,101,2008,40,4.96,153.75
148594,Active,117957,NA,NA,D,3,1,389073.335,132,2005,35,4.78,59.93
148595,Active,527671,NA,NA,D,3,1,41447.66625,51.99,2008,59,7.37,24.48
148596,Active,118200,NA,NA,D,3,1,752762.3888,59.99,2009,20,19.02,0
148597,Active,614187,NA,NA,D,3,1,296641.5125,51.99,2008,62,7.33,0
148598,Active,914922,NA,NA,D,2,1,631993.8,0,2004,36,12.35,1429.72
148599,Active,153957,NA,NA,D,7,1,74730.2925,36.98,2007,28,22.94,77.87
148600,Active,153818,NA,NA,D,8,1,15711.05875,90.5,2011,119,33.17,66.3
148601,Active,637572,NA,NA,D,9,1,16027.12125,89,2013,51,36.98,65.38
148602,Active,153932,NA,NA,D,8,1,658330.9675,8.68,2006,140,4,8.98
148603,Active,153898,NA,NA,D,8,1,171370.6513,13.18,2005,271,4,9.58
148604,Active,154224,NA,NA,D,2,1,839631.695,76.5,1996,116,4,43.4
148605,Active,154000,NA,NA,D,6,1,268015.54,16.77,2009,49,9.22,48.31
148606,Active,153985,NA,NA,D,6,1,111854.9125,31.96,2009,84,11.61,25.24
148607,Active,537829,NA,NA,D,2,1,296423.7063,23.99,2009,166,3.99,6.78
148608,Active,609915,NA,NA,D,11,1,2584.36875,69.5,2013,99,28.99,47.99
148609,Active,628754,NA,NA,D,6,1,940994.1213,723.84,2009,48,38.29,103.57
148610,Active,153333,NA,NA,D,5,1,1283804.614,97.16,2005,18,12.79,80.51
148611,Active,617154,NA,NA,D,6,1,187260.3963,38.55,2009,22,7.37,34.28
148612,Active,154432,NA,NA,D,5,1,442266.1375,29.02,2005,159,4,12.36
148613,Active,637105,NA,NA,D,6,1,283949.4125,91.55,2009,29,6.98,0
148614,Active,625290,NA,NA,D,6,1,572588.495,0,2009,29,10.38,0
148615,Active,2512133,NA,NA,S,7,1,3979619.975,45.45,1995,29,4.99,11.42
148616,Active,165714,NA,NA,D,3,1,3965325.503,75,2003,14,8.18,18.68
148617,Active,665485,NA,NA,D,1,0,662507.06,48.95,2011,24,11.18,28.97
148618,Active,1696635,NA,NA,D,1,0,348690.7625,37.95,2009,26,10.96,18.59
148619,Active,266333,NA,NA,D,2,1,2019514.158,47.99,2007,12,11.04,120.89
148620,Active,147180,NA,NA,D,3,1,454043.7613,105,2006,25,10.37,53.99
148621,Active,280415,NA,NA,D,2,1,3910556.056,39.95,2005,18,4,27.52
148622,Active,527658,NA,NA,D,3,1,1452711.743,39.95,2008,23,13.36,33.54
148623,Active,2420734,NA,NA,D,2,1,1375162.849,64.95,1996,22,4.13,68.53
148624,Active,2612342,NA,NA,D,2,1,1434142.945,74.99,2000,19,20.38,49.97
148625,Active,152472,NA,NA,D,0,0,1291956.326,59.99,2008,21,30.63,30.63
148626,Active,1533587,NA,NA,D,0,0,2155970.381,59.95,2007,22,28.34,36.76
148627,Active,608517,NA,NA,D,5,1,1415431.374,169.95,2003,35,4.04,48.69
148628,Active,169509,NA,NA,D,6,1,642660.8875,353.95,2007,41,13.94,23.98
148629,Active,55812,NA,NA,S,6,1,113282.1763,122.86,2009,85,21.99,62.98
148630,Active,167658,NA,NA,D,2,1,3132354.028,205,2003,18,60.6,60.62
148631,Active,152867,NA,NA,D,1,0,1323864.254,89.95,1998,19,43.33,62.49
148632,Active,868278,NA,NA,D,2,1,1038300.318,84.95,2000,19,34.94,53.99
148633,Active,608486,NA,NA,D,2,1,474239.1088,78.99,1992,56,9.83,41.77
148634,Active,196765,NA,NA,D,6,1,1241707.693,178,2005,21,5.95,69.21
148635,Active,50646,NA,NA,D,2,1,394838.5113,69.95,2003,84,4,9.78
148636,Active,669035,NA,NA,D,2,1,1335192.336,89.95,2012,14,65.85,262.41
148637,Active,913285,NA,NA,D,1,0,345842.255,54.95,2002,31,5.85,19.03
148638,Active,609181,NA,NA,D,5,1,1456024.463,41.95,2005,42,3.7,15
148639,Active,616973,NA,NA,S,5,1,801649.4363,57.99,2004,60,4,0
148640,Active,867307,NA,NA,S,14,1,237949.7663,46.95,2014,22,19.99,22.59
148641,Active,211037,NA,NA,D,12,1,678664.2038,42.95,2010,22,7.49,8.14
148642,Active,56275,NA,NA,D,10,1,95954.0875,31.95,2006,72,4,18.58
148643,Active,249936,NA,NA,D,10,1,117250.8175,167.95,2007,88,7.95,77.75
148644,Active,249937,NA,NA,D,10,1,187274.73,127.95,2007,52,9.12,55.64
148645,Active,200196,NA,NA,D,2,1,2227766.448,192.95,2006,19,4.98,69.65
148646,Active,264271,NA,NA,D,0,0,461340.8988,46.99,2007,37,6.48,18.84
148647,Active,147553,NA,NA,D,1,0,288901.7925,66.95,2010,93,4,0
148648,Active,210915,NA,NA,D,6,1,1258901.343,34.95,2004,47,4,13.99
148649,Active,211046,NA,NA,S,8,1,124255.0975,42.95,2010,68,13.47,33.32
148650,Active,577378,NA,NA,D,11,1,2499361.819,49.95,2005,66,4,6.1
148651,Active,54845,NA,NA,D,7,1,320261.4788,39.95,2005,168,4,8.99
148652,Active,577411,NA,NA,D,13,1,140645.1275,61.95,2009,224,4,11.49
148653,Active,870016,NA,NA,D,5,1,2451129.234,15.05,2007,36,6.02,10.95
148654,Active,222231,NA,NA,D,6,1,88244.11375,110,2011,33,58.37,81.99
148655,Active,200633,NA,NA,D,2,1,1101377.184,64.95,2011,46,4,28.99
148656,Active,202292,NA,NA,D,1,0,2692386.255,109.95,2002,47,4,5.57
148657,Active,586891,NA,NA,D,5,1,537401.9663,35,2008,27,9.95,58.51
148658,Active,577437,NA,NA,D,2,1,370547.1175,46.95,2008,51,10.99,28.98
148659,Active,501057,NA,NA,D,3,1,28522.5975,49.99,2012,58,18.99,26.4
148660,Active,264234,NA,NA,S,1,0,1218083.278,39.95,2004,50,5.05,27.33
148661,Active,778169,NA,NA,D,3,1,3667344.856,48.95,2001,19,4,20.94
148662,Active,54006,NA,NA,S,7,1,730983.665,71.95,2003,105,4,9.99
148663,Active,200166,NA,NA,D,4,1,480472.4413,108.95,2006,39,4,13.91
148664,Active,294827,NA,NA,D,2,1,1081510.854,51.95,2005,74,4,9.73
148665,Active,594641,NA,NA,D,1,0,700086.7463,102.95,2011,84,3.84,18.99
148666,Active,147600,NA,NA,D,4,1,395020.9413,63.95,2009,56,4,23.99
148667,Active,60690,NA,NA,D,3,1,1938252.876,50.95,2005,53,4,8.99
148668,Active,54614,NA,NA,D,5,1,1517681.26,49.95,2006,70,3.67,6.08
148669,Active,544369,NA,NA,S,13,1,3562.29375,260.95,2013,106,38.31,103.99
148670,Active,527619,NA,NA,D,3,1,40472.24,132.47,2011,81,8.16,33.73
148671,Active,56636,NA,NA,D,8,1,781173.9963,183.95,2002,65,3.78,8.97
148672,Active,3083727,NA,NA,D,2,1,2019529.465,145,2004,15,7.63,13.98
148673,Active,2070561,NA,NA,D,4,1,3079633.363,120,2011,21,5.17,13.98
148674,Active,56549,NA,NA,D,2,1,571927.7388,132.47,2011,73,4.48,38.2
148675,Active,56551,NA,NA,D,1,0,271647.515,139.27,2007,106,4,7.94
148676,Active,879499,NA,NA,D,3,1,286168.3988,118.07,2014,26,31.08,40.98
148677,Active,146829,NA,NA,D,2,1,1863614.954,132.47,2011,24,11.44,55.25
148678,Active,146838,NA,NA,D,2,1,54343.17625,165.2,2011,137,5.13,21.99
148679,Active,627830,NA,NA,D,2,1,643085.3925,188,2013,26,5.69,273.62
148680,Active,634456,NA,NA,D,3,1,2495509.509,140.95,2011,21,4.98,53.89
148681,Active,609865,NA,NA,D,5,1,16108.77875,222.95,2013,55,16.64,66.94
148682,Active,54727,NA,NA,D,4,1,188150.4325,148.95,2010,40,10.7,55
148683,Active,52251,NA,NA,D,10,1,656681.2163,159.95,2006,130,4,15.97
148684,Active,868470,NA,NA,D,3,1,3415525.96,61.95,1997,26,4,7.98
148685,Active,248842,NA,NA,D,10,1,2644344.874,59.95,2006,39,4.05,6.99
148686,Active,290558,NA,NA,D,6,1,407228.9413,32,2007,85,4,17.67
148687,Active,161685,NA,NA,D,7,1,349368.8413,9.66,2009,160,4,28.71
148688,Active,533608,NA,NA,S,10,1,34297.71125,191.5,2012,68,29.23,70.15
148689,Active,647206,NA,NA,D,3,1,309893.0088,220.25,2011,25,4.78,103.98
148690,Active,616031,NA,NA,S,2,1,481662.8638,199.64,2010,43,4.98,80.37
148691,Active,53034,NA,NA,D,1,0,1531655.573,107,2006,54,4.12,16.99
148692,Active,539335,NA,NA,S,2,1,42223.50875,146.8,2013,50,32.99,83.92
148693,Active,264301,NA,NA,D,2,1,666227.1738,77.99,2008,31,11.93,90.7
148694,Active,2261909,NA,NA,D,2,1,2977292.053,98.89,2009,38,18,116.58
148695,Active,200598,NA,NA,D,2,1,2168828.128,147.95,2005,26,4.34,18.22
148696,Active,113139,NA,NA,D,2,1,1292037.17,95.95,2008,21,9.09,33.99
148697,Active,54728,NA,NA,D,3,1,1436133.235,217.95,2007,65,4,12.42
148698,Active,52892,NA,NA,D,5,1,1056928.895,206.95,2007,85,4,17.45
148699,Active,544463,NA,NA,S,7,1,24078.5875,196.95,2013,52,17.79,103.98
148700,Active,594685,NA,NA,D,4,1,752947.06,211.95,2012,38,5.17,48.99
148701,Active,290226,NA,NA,D,2,1,436976.455,24.29,2010,90,9.41,23.57
148702,Active,60693,NA,NA,D,1,0,1148014.628,19.57,2007,74,4.06,14
148703,Active,608581,NA,NA,D,2,1,381994.6263,147.95,2004,62,4,18.94
148704,Active,570488,NA,NA,S,1,0,183714.99,103.95,2012,54,27.47,59.06
148705,Active,125965,NA,NA,D,2,1,825806.025,75,1998,36,4,25.97
148706,Active,3526516,NA,NA,D,2,1,2045257.4,25.95,2009,22,4,7.91
148707,Active,1749694,NA,NA,D,1,0,44255.8975,53.31,2009,15,18.95,18.95
148708,Active,147279,NA,NA,D,3,1,787263.1863,41.95,2004,24,9.33,89.9
148709,Active,1584395,NA,NA,D,3,1,1943533.674,42.75,2012,5,8.72,12.81
148710,Active,625220,NA,NA,D,1,0,431950.3963,39.99,2011,101,4,7.48
148711,Active,200139,NA,NA,D,2,1,868230.085,141.95,2006,67,5.44,33.87
148712,Active,2355073,NA,NA,D,3,1,1956920.345,65.68,2005,13,4.98,78.99
148713,Active,896236,NA,NA,D,1,0,4272874.455,35,1996,18,4,72.33
148714,Active,904422,NA,NA,D,2,1,1759588.139,129,2002,18,9.93,73.33
148715,Active,147360,NA,NA,D,2,1,1329493.879,56.95,2006,26,9,70.38
148716,Active,895853,NA,NA,D,2,1,3825050.188,143,2008,12,9.18,55.49
148717,Active,653298,NA,NA,D,19,1,1357014.829,35.95,2011,21,29.82,29.77
148718,Active,1839451,NA,NA,D,2,1,1309095.991,40.95,2006,18,6.26,18.62
148719,Active,643463,NA,NA,D,3,1,539327.595,43.95,2010,17,8.47,27.04
148720,Active,527602,NA,NA,D,3,1,863877.5663,75,2008,27,6.95,41.47
148721,Active,106398,NA,NA,D,2,1,4465512.055,69.95,2005,21,5.99,51.93
148722,Active,606794,NA,NA,D,12,1,944396.3088,32,2009,52,4,7.98
148723,Active,415944,NA,NA,D,13,1,329087.6038,37,2012,38,8.8,12.38
148724,Active,647924,NA,NA,D,6,1,4626121.494,82.95,2003,17,4.93,48.03
148725,Active,106676,NA,NA,D,1,0,420755.9738,62,2008,43,4.12,34.88
148726,Active,106683,NA,NA,D,1,0,312866.3738,62,2008,28,12.69,32.97
148727,Active,298331,NA,NA,D,1,0,349459.5038,111.95,2007,95,4,37.97
148728,Active,164532,NA,NA,D,3,1,942177.4913,125,1999,18,6.98,57.75
148729,Active,250559,NA,NA,D,2,1,684517.7725,125.95,2008,29,36.12,86.75
148730,Active,203315,NA,NA,D,2,1,10435846.05,79.95,1999,20,5.96,33.99
148731,Active,57629,NA,NA,D,5,1,1241159.786,125,2004,41,4.27,19.93
148732,Active,255738,NA,NA,D,3,1,327057.7138,84.95,2004,48,4,23.49
148733,Active,57421,NA,NA,D,5,1,444244.735,89.95,2004,56,4.53,22.84
148734,Active,3122239,NA,NA,D,4,1,4661700.354,58.99,2005,10,15.75,51.4
148735,Active,255775,NA,NA,D,1,0,333091.325,64.95,2007,36,9.47,63.48
148736,Active,147105,NA,NA,D,2,1,568526.9725,62.95,2004,51,4,15.89
148737,Active,60695,NA,NA,D,6,1,242266.335,72,2006,32,9.84,136.28
148738,Active,690299,NA,NA,D,0,0,339663.5663,27.95,2008,86,5.52,34.73
148739,Active,197418,NA,NA,D,0,0,476107.7275,50,2006,67,5.27,33.99
148740,Active,533540,NA,NA,D,8,1,19590.655,279.95,2012,69,37.73,103.94
148741,Active,127435,NA,NA,D,0,0,197662.1438,84.95,2009,47,5.99,50.57
148742,Active,638116,NA,NA,D,2,1,152645.5625,99.95,2013,27,20.78,49.89
148743,Active,127436,NA,NA,D,0,0,991437.1588,84.95,2009,52,4,11.99
148744,Active,652123,NA,NA,D,2,1,692937.4163,56.95,1998,34,4,55.71
148745,Active,245065,NA,NA,D,1,0,737085.2375,195.95,2004,33,6.18,13.86
148746,Active,1780421,NA,NA,D,0,0,182839.4525,74.9,2013,48,9.64,38.99
148747,Active,1781265,NA,NA,D,0,0,33016.88375,45.95,2016,44,22.49,22.68
148748,Active,343016,NA,NA,D,2,1,206643.7163,81.95,2005,61,4,6.97
148749,Active,183504,NA,NA,D,8,1,722267.6313,164.95,2006,26,16.92,79.84
148750,Active,1657303,NA,NA,D,3,1,952947.4625,40.83,2007,13,40.77,91.77
148751,Active,654676,NA,NA,D,5,1,413370.17,41,2009,29,8.99,33.99
148752,Active,235350,NA,NA,D,7,1,1511119.979,34.99,2006,24,73.78,230.25
148753,Active,140422,NA,NA,D,0,0,337436.4763,49.99,2004,103,4.89,4.97
148754,Active,57960,NA,NA,D,9,1,20061.9525,141.6,2011,185,10.93,32.59
148755,Active,608328,NA,NA,S,7,1,483507.0625,110,2000,68,8.93,69.05
148756,Active,290459,NA,NA,D,5,1,947527.4163,80,2000,36,4,42.49
148757,Active,636297,NA,NA,D,2,1,1039143.828,53.95,2010,19,39.39,0
148758,Active,117035,NA,NA,D,2,1,103494.6113,153.33,2008,30,33.89,100.25
148759,Active,1487506,NA,NA,D,0,0,753595.5775,56,2008,55,4,12.54
148760,Active,774574,NA,NA,D,4,1,1483730.168,49.95,2004,25,4,17.62
148761,Active,775126,NA,NA,D,2,1,3694796.786,34.95,2001,19,4,36.4
148762,Active,50695,NA,NA,S,4,1,133720.8238,150.67,2006,81,21.44,53.98
148763,Active,50694,NA,NA,S,3,1,157633.91,105.33,2002,80,6.64,38.49
148764,Active,120122,NA,NA,D,1,0,507106.3813,124.6,2009,29,14.19,73.99
148765,Active,198310,NA,NA,D,2,1,860668.0188,29.95,2003,37,4,23.99
148766,Active,188292,NA,NA,D,0,0,195450.0138,22,1997,71,7.34,43.71
148767,Active,578795,NA,NA,D,2,1,853369.37,55,1998,54,3.99,41.98
148768,Active,2407794,NA,NA,D,1,0,678766.105,63,1996,30,12.43,24.93
148769,Active,758356,NA,NA,D,3,1,1776660.444,143,2003,19,7.27,72.16
148770,Active,146937,NA,NA,D,4,1,1288918.998,69.95,2001,30,7.95,53.94
148771,Active,132373,NA,NA,D,3,1,236153.7413,41.2,2007,65,3.99,20.2
148772,Active,627348,NA,NA,S,0,0,352913.305,42,2004,25,4,9.31
148773,Active,57125,NA,NA,S,4,1,551519.5163,49.95,2002,39,4.8,39.96
148774,Active,196675,NA,NA,D,2,1,2298037.325,92.95,2003,13,44.43,67.99
148775,Active,895714,NA,NA,D,2,1,3441842.478,95,2004,19,9.17,47.45
148776,Active,146460,NA,NA,D,5,1,388979.8225,59.99,2010,26,5.55,50.17
148777,Active,607955,NA,NA,D,4,1,739609.3775,64.99,2007,30,5.46,43.48
148778,Active,610324,NA,NA,D,6,1,268986.59,59.99,2013,30,16.63,39.99
148779,Active,2113751,NA,NA,D,2,1,1283634.518,49.99,2013,29,6.06,31.93
148780,Active,244363,NA,NA,D,8,1,222200.2013,33.99,2011,31,26.02,58.89
148781,Active,55198,NA,NA,S,8,1,81387.32,57.94,2008,61,23.99,73.87
148782,Active,55199,NA,NA,D,7,1,501210.0075,17.74,2006,47,4.38,10.98
148783,Active,727904,NA,NA,D,2,1,5391070.698,80,1999,31,3.99,11.94
148784,Active,527528,NA,NA,D,7,1,200847.3613,185.2,2011,73,18.13,28.99
148785,Active,587297,NA,NA,D,0,0,339986.2063,75,2012,32,26.5,73.91
148786,Active,121018,NA,NA,D,2,1,635616.1513,103,1997,49,4.29,54.25
148787,Active,116791,NA,NA,D,5,1,968673.8725,132,2004,55,4,23.79
148788,Active,697529,NA,NA,S,2,1,747208.7875,156.75,1998,19,5.98,69.63
148789,Active,3474980,NA,NA,D,4,1,3653584.75,91,1991,33,4,49.17
148790,Active,539179,NA,NA,D,5,1,2192730.604,105,1997,31,4,21.99
148791,Active,527526,NA,NA,D,2,1,1001556.099,129,2011,20,60.68,82.34
148792,Active,917659,NA,NA,D,3,1,1427888.226,130,1993,32,4.99,40.77
148793,Active,52079,NA,NA,D,11,1,491722.1013,17.59,2005,119,4.08,11.99
148794,Active,52080,NA,NA,S,13,1,29143.28625,181,2010,68,22.83,68.95
148795,Active,537885,NA,NA,D,1,0,1330050.415,171.5,2007,45,4.73,14.47
148796,Active,52078,NA,NA,D,11,1,1107114.509,205,2006,49,4.76,52.64
148797,Active,51228,NA,NA,D,5,1,1133996.683,9.66,2005,66,4,9.66
148798,Active,55732,NA,NA,D,2,1,1113210.023,34.56,2009,19,10.45,73.41
148799,Active,55733,NA,NA,D,1,0,1254950.113,7.16,2006,67,4,32.03
148800,Active,50905,NA,NA,S,10,1,22847.02,254.6,2010,77,21.99,94.01
148801,Active,315185,NA,NA,D,8,1,1357051.456,160,2006,49,4,17.46
148802,Active,533792,NA,NA,S,10,1,14109.5575,293.8,2012,105,21.4,115.19
148803,Active,51042,NA,NA,D,11,1,6691.12625,74.11,2011,186,8.99,57.7
148804,Active,118327,NA,NA,D,10,1,49081.59625,245,2011,61,12.79,53.42
148805,Active,50997,NA,NA,D,3,1,2545120.831,10.79,2005,25,4,29.87
148806,Active,167055,NA,NA,D,2,1,299725.3825,18.09,2005,33,4.59,52.49
148807,Active,51040,NA,NA,D,9,1,689983.7863,24.45,2006,94,4.25,8.64
148808,Active,308937,NA,NA,D,9,1,349391.7138,38.79,2007,67,4.63,38.79
148809,Active,51041,NA,NA,S,10,1,24589.42625,50.34,2008,97,10.15,60.39
148810,Active,109849,NA,NA,D,3,1,707344.1313,81.66,2006,48,4.77,23.94
148811,Active,117796,NA,NA,D,8,1,728692.2675,170,2006,29,11.63,68.25
148812,Active,915361,NA,NA,D,3,1,214299.9163,95.95,1994,30,20.97,69.48
148813,Active,2347087,NA,NA,D,2,1,1272297.946,187.5,2000,17,7.58,52.44
148814,Active,527514,NA,NA,D,3,1,1966427.89,350,2008,14,68.94,441.19
148815,Active,146994,NA,NA,D,2,1,2650782.254,290,2003,15,33.76,239.24
148816,Active,1910233,NA,NA,D,2,1,1499121.228,24.95,2009,17,10.98,26.46
148817,Active,2316918,NA,NA,D,4,1,2306487.114,68.75,1995,16,8.43,32.97
148818,Active,3474967,NA,NA,D,2,1,2624857.55,129.99,1992,23,4.77,13.77
148819,Active,105587,NA,NA,D,1,0,682466.9713,105,2000,18,15.84,32.98
148820,Active,212573,NA,NA,S,4,1,60669.5525,203.2,2001,75,50.91,97.99
148821,Active,114183,NA,NA,D,0,0,3369671.608,131,1999,20,20,74.95
148822,Active,642314,NA,NA,D,2,1,148016.815,129,2011,32,4.21,88.12
148823,Active,636400,NA,NA,D,2,1,516641.0363,100,1996,34,6.94,50
148824,Active,193188,NA,NA,D,4,1,164070.6725,85,2001,49,18.41,43.98
148825,Active,119417,NA,NA,D,8,1,47281.76375,302,2011,42,32.38,137.16
148826,Active,113970,NA,NA,S,4,1,94173.29375,125,2000,50,4.08,48.95
148827,Active,51338,NA,NA,D,6,1,170541.3663,206.67,2005,66,7.79,92.37
148828,Active,129941,NA,NA,D,1,0,732956.7513,188,2001,23,11.74,63.77
148829,Active,623562,NA,NA,D,1,0,503101.0288,65,2007,49,12.15,31.03
148830,Active,631658,NA,NA,D,1,0,756160.45,55,2008,66,9.51,37.43
148831,Active,106636,NA,NA,D,1,0,90706.27875,59,2007,43,8.16,19.2
148832,Active,106684,NA,NA,D,1,0,480428.1575,85,2009,34,16.67,41.8
148833,Active,107068,NA,NA,D,1,0,1355408.803,65,2007,48,4,19.86
148834,Active,106606,NA,NA,D,1,0,372065.53,65,2008,42,13.24,27.49
148835,Active,106906,NA,NA,D,2,1,1528006.62,64.99,2001,36,4.35,7.92
148836,Active,353650,NA,NA,D,3,1,2702917.199,39.95,2004,34,4,8.63
148837,Active,121328,NA,NA,D,4,1,652365.7138,69.99,2008,31,9.8,42.86
148838,Active,116654,NA,NA,D,3,1,989404.0475,69.99,2004,23,5.14,32.87
148839,Active,248948,NA,NA,D,3,1,409046.3438,169,2008,23,80.12,51.99
148840,Active,190439,NA,NA,D,10,1,1257872.728,148.13,1997,34,4,53.83
148841,Active,55852,NA,NA,D,11,1,981018.385,93.6,2004,19,37.99,124.2
148842,Active,659281,NA,NA,D,5,1,1883753.995,72.95,2004,24,4.92,52.59
148843,Active,527499,NA,NA,D,6,1,441072.6913,146,2011,30,7.95,103.99
148844,Active,249068,NA,NA,D,5,1,1481590.28,129,2007,31,11.57,84.57
148845,Active,57308,NA,NA,D,4,1,1398346.029,82.95,2003,55,4,24.98
148846,Active,743467,NA,NA,D,5,1,1529376.204,113,2003,34,5.36,31.87
148847,Active,654410,NA,NA,D,4,1,1449548.136,69.95,2008,17,23.99,67.16
148848,Active,666759,NA,NA,D,2,1,550048.465,49.95,2002,17,8.22,61.39
148849,Active,267525,NA,NA,D,5,1,1009886.395,74.95,2010,23,48.09,153.27
148850,Active,900703,NA,NA,D,3,1,1867605.925,70,1988,15,17.77,61.14
148851,Active,268438,NA,NA,D,3,1,202856.9088,90,2007,25,5.25,57.73
148852,Active,872361,NA,NA,D,2,1,2389705.636,27,1999,28,4,23.99
148853,Active,179176,NA,NA,D,5,1,767201.1325,79.15,2009,31,20.19,45.16
148854,Active,52151,NA,NA,S,8,1,7293.0625,358.95,2011,158,27.98,43.99
148855,Active,533733,NA,NA,S,6,1,49604.99125,390.95,2011,83,27.44,88.21
148856,Active,50358,NA,NA,S,8,1,76969.88,68.28,2010,90,25.92,63.94
148857,Active,57538,NA,NA,D,5,1,146310.48,162.7,2002,132,6.55,31.48
148858,Active,624359,NA,NA,D,10,1,574656.8113,21.49,2009,43,4.98,53.95
148859,Active,51697,NA,NA,D,4,1,922881.8725,331.95,2004,81,4.58,13.98
148860,Active,166981,NA,NA,D,2,1,171898.7338,33.99,2005,73,8.24,63.7
148861,Active,244377,NA,NA,D,3,1,36406.6175,45.22,2011,74,42.04,60.46
148862,Active,617026,NA,NA,S,7,1,6222.30875,294.2,2013,155,45.96,63.99
148863,Active,110063,NA,NA,D,3,1,142434.915,80,2011,60,11.99,30.99
148864,Active,880085,NA,NA,D,7,1,135429.2038,69.02,2008,82,9.34,38.09
148865,Active,611967,NA,NA,D,2,1,36762.02,226.5,2013,58,59.84,84.9
148866,Active,616310,NA,NA,D,1,0,167264.3225,167.32,2011,47,21.19,67.36
148867,Active,742602,NA,NA,D,6,1,1245344.87,66,2010,29,5.99,49.97
148868,Active,877035,NA,NA,D,6,1,1440918.13,246.82,2011,32,29.24,97.92
148869,Active,110344,NA,NA,D,8,1,99589.54875,68.95,2010,86,18.99,28.99
148870,Active,57957,NA,NA,S,1,0,289228.9538,43.94,2003,40,8.73,27.72
148871,Active,243035,NA,NA,D,1,0,295230.0538,99.5,2005,52,33.98,58.74
148872,Active,564084,NA,NA,D,4,1,607362.6863,80.36,1998,32,4.12,66.82
148873,Active,2654474,NA,NA,D,3,1,4406764.6,60.76,1994,31,4.2,68.49
148874,Active,169469,NA,NA,D,1,0,1672834.619,413.95,2006,13,4.87,73.29
148875,Active,632659,NA,NA,D,7,1,6005845.499,76.36,1992,18,4.71,21.97
148876,Active,119305,NA,NA,D,5,1,566602.4075,49.6,1996,40,4,32.42
148877,Active,755184,NA,NA,D,3,1,2041693.12,70,2002,23,4,69.56
148878,Active,750976,NA,NA,D,4,1,1348850.903,65,2008,18,6.02,45.49
148879,Active,3492239,NA,NA,D,3,1,2983407.75,66.6,2005,24,4.76,49.83
148880,Active,3492227,NA,NA,D,2,1,13181128,62.5,2003,7,7.15,55.65
148881,Active,162505,NA,NA,D,1,0,478639.1375,60,2008,23,39.45,51.61
148882,Active,54092,NA,NA,D,8,1,870103.62,334.95,2004,103,4,16.85
148883,Active,248206,NA,NA,D,2,1,155067.0625,92,2011,32,21.98,94.28
148884,Active,556672,NA,NA,D,2,1,434595.5838,73.33,1993,77,4,25.99
148885,Active,163360,NA,NA,S,12,1,24925.09375,90.5,2011,59,32.89,72.57
148886,Active,879341,NA,NA,D,4,1,871634.2175,23.97,2009,39,6.2,82.29
148887,Active,527479,NA,NA,D,12,1,202281.9325,144.3,2010,60,8.39,65.38
148888,Active,109673,NA,NA,D,7,1,2087051.744,5.99,2005,65,4,5.99
148889,Active,50385,NA,NA,D,13,1,906069.4463,92.18,2008,50,4.31,9.99
148890,Active,57952,NA,NA,D,3,1,1199811.731,197.75,2004,49,4,9.98
148891,Active,527482,NA,NA,D,9,1,1212878.823,5.25,2011,16,27.97,74.98
148892,Active,112050,NA,NA,D,1,0,96154.78125,212,2009,81,4.99,51.63
148893,Active,110391,NA,NA,D,11,1,1487558.7,0,2006,40,4,38.99
148894,Active,148412,NA,NA,D,3,1,2759399.921,144.95,2005,22,4,7.13
148895,Active,699110,NA,NA,D,4,1,1232437.948,92.5,2008,40,4.4,39.55
148896,Active,51907,NA,NA,D,7,1,1259006.265,169,2007,45,4.13,18.79
148897,Active,163446,NA,NA,D,3,1,686268.5038,179.25,2010,16,30.17,94.4
148898,Active,121551,NA,NA,S,14,1,1272332.815,66.89,2010,31,4.96,28.98
148899,Active,110710,NA,NA,D,1,0,366885.8525,8.43,2008,34,4.77,20.99
148900,Active,50383,NA,NA,D,13,1,90116.16875,196,2008,139,4.59,26.43
148901,Active,57953,NA,NA,D,4,1,406968.2675,23.98,2008,67,8.1,30.62
148902,Active,533837,NA,NA,D,10,1,120263.6313,360.95,2011,37,18.69,83.99
148903,Active,1492006,NA,NA,D,6,1,2882509.804,639.47,2006,32,4.72,53.29
148904,Active,129131,NA,NA,D,3,1,1985916.935,76.95,2010,19,18.33,55.94
148905,Active,137486,NA,NA,D,5,1,3009770.029,97.5,2003,32,4.73,23.99
148906,Active,527476,NA,NA,D,7,1,995294.5013,189.33,2007,33,4.3,45.84
148907,Active,116222,NA,NA,D,6,1,350800.0288,164.8,2004,39,5.51,64.54
148908,Active,868219,NA,NA,D,3,1,1703229.543,92,2006,34,4,43.44
148909,Active,157395,NA,NA,D,2,1,1663615.113,68.95,2007,26,4,35.99
148910,Active,276805,NA,NA,S,1,0,821691.3563,52.95,2002,33,4,42.99
148911,Active,132213,NA,NA,D,2,1,611229.6063,97.8,2007,46,4,23.99
148912,Active,141629,NA,NA,D,4,1,1129047.505,54.89,2003,40,4.02,43.98
148913,Active,287646,NA,NA,D,3,1,87285.1475,149.6,2011,74,19.64,83.68
148914,Active,205999,NA,NA,D,3,1,236545.1663,45,2004,48,5.1,34.89
148915,Active,397135,NA,NA,D,2,1,1037202.789,95.95,2008,23,4.2,142.63
148916,Active,120771,NA,NA,D,6,1,187712.6138,234.2,2009,53,5.69,23.73
148917,Active,715619,NA,NA,D,4,1,1453842.625,64,1997,35,4,26.22
148918,Active,169342,NA,NA,D,8,1,333416.3475,184.95,2006,57,4.38,27.32
148919,Active,635105,NA,NA,D,2,1,691728.6888,138.95,2009,39,18.4,33.99
148920,Active,3462560,NA,NA,D,2,1,4299989.144,241,2001,12,63.98,211.73
148921,Active,862205,NA,NA,S,4,1,12074.1925,69.95,2014,93,23.05,48.99
148922,Active,1453063,NA,NA,D,2,1,215041.74,77.6,2013,8,68.99,61.3
148923,Active,118579,NA,NA,D,1,0,572012.7863,126,2009,33,29.15,203.57
148924,Active,2593111,NA,NA,D,0,0,891420.8588,69.99,1980,29,46.33,52.87
148925,Active,202234,NA,NA,D,3,1,642527.5988,262.95,2000,46,7.94,17.99
148926,Active,435130,NA,NA,D,4,1,2170031.069,245,2005,17,26.61,103.55
148927,Active,2039077,NA,NA,D,1,0,44057.605,20.95,2008,50,12.8,14.28
148928,Active,2884315,NA,NA,D,3,1,2346603.543,139,2003,12,11.9,118.99
148929,Active,912253,NA,NA,D,4,1,2197062.413,229,2003,20,18.18,99.86
148930,Active,159546,NA,NA,D,3,1,1340186.759,96.95,2001,21,13.93,61.87
148931,Active,55849,NA,NA,D,4,1,220476.8963,86,2005,36,9.08,42.38
148932,Active,257604,NA,NA,D,3,1,957378.7425,56.95,2003,39,5.68,51.21
148933,Active,1456037,NA,NA,D,1,0,617353.2738,69.99,2015,24,5.41,51.68
148934,Active,155476,NA,NA,D,2,1,1579146.141,79.95,1997,32,5.44,53.99
148935,Active,1445418,NA,NA,D,3,1,3987636.976,485,2007,16,16.35,102.55
148936,Active,902496,NA,NA,D,1,0,1534796.999,43.95,2007,27,21.14,29.53
148937,Active,863291,NA,NA,D,2,1,1736126.398,89.95,2005,23,28.94,91.03
148938,Active,597941,NA,NA,D,5,1,3510797.455,36.5,2000,45,4,46.43
148939,Active,1471867,NA,NA,D,0,0,649965.7913,11.95,2009,40,4,9.97
148940,Active,622791,NA,NA,D,0,0,136364.9238,99.92,2003,70,11.61,58.68
148941,Active,54438,NA,NA,D,11,1,38139.8025,303.95,2010,91,6.47,22.98
148942,Active,534012,NA,NA,D,11,1,67352.275,244.95,2010,73,12.46,52.19
148943,Active,2691753,NA,NA,D,2,1,5993956.719,94,2005,12,4.73,45.71
148944,Active,1924206,NA,NA,D,3,1,186798.505,32.95,2011,37,4,41.19
148945,Active,620855,NA,NA,D,5,1,122699.545,117.44,2005,65,7.54,21.98
148946,Active,52645,NA,NA,D,5,1,649041.725,107.2,2008,29,6.17,52.99
148947,Active,130385,NA,NA,D,7,1,23101.09625,178.2,2011,72,10.34,53.99
148948,Active,916700,NA,NA,S,5,1,1173302.055,23.94,2009,35,4,11.84
148949,Active,60706,NA,NA,D,5,1,447555.6488,113.8,2005,45,4,36.79
148950,Active,54154,NA,NA,S,7,1,40655.94375,178.2,2011,54,19.71,70.97
148951,Active,54153,NA,NA,D,6,1,99547.455,127.4,2008,48,8.97,59.49
148952,Active,1718445,NA,NA,D,2,1,703845.8863,65,2009,47,4,11.1
148953,Active,203903,NA,NA,D,2,1,452781.7488,62.99,2008,33,5.87,39.97
148954,Active,133403,NA,NA,D,1,0,78058.23,70.4,2011,35,54.25,58.97
148955,Active,261074,NA,NA,D,2,1,1219436.509,64.95,2002,35,4,27.99
148956,Active,629766,NA,NA,D,5,1,3338698.065,42,1995,16,4,13.67
148957,Active,2401424,NA,NA,D,7,1,2168740.905,125.54,2005,20,5.38,79.28
148958,Active,527440,NA,NA,D,18,1,697782.5013,89.95,2011,17,12.8,53.41
148959,Active,128421,NA,NA,D,3,1,848300.8413,125,2003,23,19.69,63.49
148960,Active,922435,NA,NA,D,6,1,2080973.61,75,2000,88,4,11.99
148961,Active,2415924,NA,NA,D,0,0,546731.775,65,1995,206,4.48,10.49
148962,Active,612849,NA,NA,D,1,0,67846.4625,79.99,1993,330,4.35,15.88
148963,Active,2415934,NA,NA,D,1,0,626257.3263,65,1995,120,5.12,16.98
148964,Active,287221,NA,NA,S,2,1,871931.11,65,1999,82,4.48,12.57
148965,Active,128250,NA,NA,D,1,0,938377.34,65,2004,23,24.36,43.06
148966,Active,1465988,NA,NA,D,2,1,1620771.861,65,2006,16,6.12,9.4
148967,Active,1474349,NA,NA,D,3,1,1095968.53,61,2011,18,12.09,48.5
148968,Active,607609,NA,NA,D,6,1,2862728.823,45,2004,23,4.26,19.98
148969,Active,128374,NA,NA,D,7,1,964309.5513,42.5,2007,24,6.08,22.69
148970,Active,527417,NA,NA,D,8,1,502749.1125,49.95,2010,19,17.7,25
148971,Active,911508,NA,NA,D,6,1,5432241.218,39.5,2003,21,4.37,33.98
148972,Active,899227,NA,NA,D,7,1,2506751.743,49.95,2006,19,4.43,21.75
148973,Active,907125,NA,NA,D,3,1,575503.9013,67.5,2008,16,6.98,16.67
148974,Active,883758,NA,NA,D,2,1,6584455.739,57.5,2005,15,6.18,54.8
148975,Active,661201,NA,NA,D,3,1,2115603.485,64.95,2010,20,6.98,58.4
148976,Active,902943,NA,NA,D,2,1,1923867.738,69.95,2009,15,15,55.07
148977,Active,128369,NA,NA,D,2,1,6809577.904,79.5,2006,14,5.96,30.39
148978,Active,527414,NA,NA,D,3,1,1521788.99,70,2010,19,7.04,24.27
148979,Active,904486,NA,NA,D,2,1,2786733.99,79.5,2009,17,10.72,43.01
148980,Active,868181,NA,NA,D,3,1,992437.135,60,2000,33,4,18.6
148981,Active,128356,NA,NA,D,3,1,2726221.15,129.5,2005,19,6.18,36.09
148982,Active,2415349,NA,NA,D,1,0,1286906.113,150,2005,17,38.32,123.94
148983,Active,2415229,NA,NA,D,1,0,1811025.496,85,2004,22,27.49,158.05
148984,Active,128450,NA,NA,D,3,1,754075.1588,55,2005,26,22.84,28.99
148985,Active,2415781,NA,NA,D,2,1,794101.1138,55,1999,29,5.48,43.59
148986,Active,128405,NA,NA,D,3,1,2265177.914,49.95,2001,41,4.72,15.95
148987,Active,580699,NA,NA,D,3,1,670716.3513,60,2007,65,4,24.2
148988,Active,541777,NA,NA,D,3,1,1827724.97,41.95,2012,18,10.06,31.59
148989,Active,390463,NA,NA,D,2,1,1956190.744,47.95,2007,26,4,57.73
148990,Active,902393,NA,NA,D,2,1,1403727.969,52.6,2003,22,4.61,53.93
148991,Active,600043,NA,NA,D,2,1,1206010.61,72.95,2009,25,47.33,72.24
148992,Active,615317,NA,NA,D,6,1,382037.9638,49.95,2006,47,4,26.23
148993,Active,619369,NA,NA,D,7,1,494303.6463,38.92,2009,50,4.08,38.91
148994,Active,540971,NA,NA,D,3,1,1741011.513,35.95,2011,20,4.78,27.96
148995,Active,868373,NA,NA,D,1,0,361777.8188,174.95,1997,39,4,8.98
148996,Active,901122,NA,NA,D,17,1,2313131.108,42.5,2004,23,4.76,43.99
148997,Active,228635,NA,NA,D,18,1,579828.2325,42.5,2006,22,9.22,29.92
148998,Active,570750,NA,NA,D,1,0,614146.6263,174.95,2010,29,4.94,57.35
148999,Active,556545,NA,NA,D,1,0,285376.105,39.95,2010,22,21.94,30.43
149000,Active,631331,NA,NA,D,2,1,422901.53,66.95,2010,33,12.58,0
149001,Active,629007,NA,NA,D,3,1,1024402.803,40,1994,86,4,11.98
149002,Active,914454,NA,NA,D,1,0,292868.5363,129.95,1993,47,4.22,66.65
149003,Active,108054,NA,NA,D,1,0,849977.4888,203.37,2003,27,36.74,103.06
149004,Active,116035,NA,NA,D,2,1,2320938.769,72,2005,46,4.04,15.99
149005,Active,316637,NA,NA,D,3,1,1497813.56,90,2008,62,4,6.81
149006,Active,527372,NA,NA,D,0,0,647224.315,148.95,2011,27,23.96,49.46
149007,Active,546409,NA,NA,S,0,0,862659.3513,75,2013,71,5.37,37.47
149008,Active,909574,NA,NA,D,3,1,1364320.743,99,1994,20,11.54,72.93
149009,Active,3251900,NA,NA,D,7,1,2399383.55,25.31,2004,29,11.47,25.31
149010,Active,2268109,NA,NA,S,4,1,4500081.35,198,1900,20,21.48,160.68
149011,Active,751604,NA,NA,D,3,1,581233.5363,23.98,2006,23,4.99,21.98
149012,Active,339822,NA,NA,D,3,1,300031.6575,22.98,2006,49,4.13,11.92
149013,Active,198292,NA,NA,D,0,0,1363629.583,45,2001,42,4,32.95
149014,Active,3149942,NA,NA,D,4,1,3316201.801,59.95,2004,14,14.39,75.97
149015,Active,268699,NA,NA,D,2,1,1747485.501,72.95,2008,21,4,61.13
149016,Active,3082459,NA,NA,D,4,1,819236.6988,43,2005,23,4.28,77.81
149017,Active,606967,NA,NA,D,6,1,1256029.263,16.25,2005,46,3.99,28.99
149018,Active,627647,NA,NA,D,0,0,603748.4225,40.95,2003,46,4,45.89
149019,Active,724428,NA,NA,D,4,1,322566.9525,79.95,2009,42,4,14.59
149020,Active,527355,NA,NA,D,4,1,715484.9763,133.75,2006,26,4,11.99
149021,Active,644617,NA,NA,D,16,1,322298.9288,49.99,2012,80,8.93,71.81
149022,Active,802700,NA,NA,D,14,1,464421.015,49.99,2009,31,4.35,11.94
149023,Active,802657,NA,NA,D,13,1,1110455.343,49.99,2008,59,4,10.44
149024,Active,802600,NA,NA,D,12,1,740087.7013,49.99,2006,48,4.13,38.39
149025,Active,574759,NA,NA,D,3,1,819397.7063,59,2009,45,8.98,20.95
149026,Active,802697,NA,NA,D,5,1,1260847.618,39.99,2009,49,4,5.88
149027,Active,2419855,NA,NA,D,4,1,4436662.964,175,2005,15,6.99,72.2
149028,Active,901697,NA,NA,D,3,1,4285629.466,140,1999,15,4.78,58.49
149029,Active,661245,NA,NA,D,0,0,22119.44,39.99,2010,36,19.95,32.98
149030,Active,618790,NA,NA,D,3,1,1138232.444,120,2000,33,4,62.95
149031,Active,789260,NA,NA,D,2,1,698234.98,51.95,2002,47,4,10.96
149032,Active,203810,NA,NA,D,3,1,1030832.036,38.95,2005,145,3.96,8.49
149033,Active,613491,NA,NA,D,3,1,751648.4213,82.95,2005,83,4,15.28
149034,Active,499534,NA,NA,D,4,1,81699.4625,99.95,2011,52,47.23,67.78
149035,Active,625897,NA,NA,D,2,1,2704346.363,339,2004,22,64.93,119.25
149036,Active,439626,NA,NA,D,4,1,3379642.915,249,2000,15,26.95,103.45
149037,Active,2550625,NA,NA,D,3,1,7582232.548,395,1994,16,14.94,73.67
149038,Active,270784,NA,NA,D,2,1,41072.55375,86.99,2010,88,5.52,35.17
149039,Active,665899,NA,NA,D,6,1,1087531.723,147.95,2009,23,12.14,73.98
149040,Active,117427,NA,NA,D,2,1,254194.2825,42.95,2007,39,10.71,68.97
149041,Active,264209,NA,NA,D,2,1,705313.2388,35.95,2002,70,4,8.72
149042,Active,264249,NA,NA,D,3,1,648380.2013,39.95,2005,60,4.4,16.99
149043,Active,285009,NA,NA,D,5,1,846039.9625,64.95,2005,62,4,16.52
149044,Active,106723,NA,NA,D,6,1,310149.0675,81,2009,47,13.44,48.47
149045,Active,743605,NA,NA,D,5,1,2629989.298,136,2006,12,9.48,33.98
149046,Active,55197,NA,NA,D,2,1,583127.0588,49.74,2009,41,10.46,43.99
149047,Active,55196,NA,NA,S,3,1,36863.2675,58.99,2011,58,34.81,63.99
149048,Active,913194,NA,NA,D,2,1,1078573.675,55,2005,25,4,15.1
149049,Active,367128,NA,NA,D,2,1,947261.3788,57.95,2007,44,4,13.98
149050,Active,1535881,NA,NA,D,1,0,549301.6788,38.5,2013,26,10.44,34.75
149051,Active,152337,NA,NA,D,0,0,7410.1175,94.95,2007,44,53.85,62.26
149052,Active,2601110,NA,NA,D,0,0,1392328.103,100.99,1996,26,14.38,31.51
149053,Active,118049,NA,NA,D,4,1,445728.5013,116.67,2005,28,46.17,145.35
149054,Active,862825,NA,NA,D,3,1,394299.6638,99,1999,33,21.52,82.88
149055,Active,560045,NA,NA,D,11,1,729897.115,64.39,2009,46,4,22.79
149056,Active,560018,NA,NA,D,10,1,449777.6588,64.95,2007,68,4,26.01
149057,Active,125605,NA,NA,D,4,1,440074.41,67.95,1999,66,4,19.98
149058,Active,60713,NA,NA,D,2,1,2109243.595,7.24,2006,34,4,17.48
149059,Active,162272,NA,NA,D,3,1,696396.445,23.97,2009,52,4,8.35
149060,Active,535752,NA,NA,D,4,1,32831.8975,225,2012,71,16.53,63.79
149061,Active,632743,NA,NA,D,6,1,3450261.254,129,2002,24,8.31,13.43
149062,Active,2523799,NA,NA,D,6,1,4057011.468,160,1993,23,4.98,48.25
149063,Active,3041678,NA,NA,D,0,0,1766404.585,39.95,2003,16,28.74,73.39
149064,Active,634151,NA,NA,D,2,1,5532814.711,101.5,2003,13,6.37,19.99
149065,Active,468695,NA,NA,D,4,1,1813531.146,135,2008,27,4,22.48
149066,Active,193223,NA,NA,D,5,1,217205.9938,208,2011,57,7.46,19
149067,Active,859565,NA,NA,D,3,1,2779729.979,171,2007,18,4,92.83
149068,Active,2551257,NA,NA,D,2,1,1974400.43,54.95,2000,20,4,37.21
149069,Active,533351,NA,NA,D,22,1,730108.3888,259.95,2011,95,4,8.85
149070,Active,618527,NA,NA,D,34,1,867794.65,59.95,2013,43,4,63.07
149071,Active,921271,NA,NA,D,1,0,1401579.831,59.95,2001,52,4,16.65
149072,Active,2009973,NA,NA,D,1,0,1409694.983,43.95,2011,32,4,35.98
149073,Active,912545,NA,NA,D,1,0,1149297.143,89.95,2002,44,4,34.19
149074,Active,872632,NA,NA,D,1,0,2400504.654,87.8,2006,74,4,13.99
149075,Active,499503,NA,NA,D,2,1,1521390.939,155,2010,15,20.89,78.6
149076,Active,789328,NA,NA,D,5,1,1403547.419,119,2004,25,3.9,15.29
149077,Active,902665,NA,NA,D,5,1,1967383.961,129.27,2005,36,9.13,51.54
149078,Active,652428,NA,NA,D,20,1,287881.8038,69.95,2013,36,15.01,31.99
149079,Active,528595,NA,NA,D,18,1,413277.0263,64.95,2011,30,5.14,33.98
149080,Active,871932,NA,NA,S,21,1,127952.9088,69.95,2014,27,45.39,160.14
149081,Active,2551354,NA,NA,D,4,1,2774773.468,195,2001,17,4.55,36.15
149082,Active,833794,NA,NA,D,2,1,4340557.395,125,1993,23,6.66,28.88
149083,Active,834656,NA,NA,D,3,1,5704171.875,150,1997,17,4.97,73.99
149084,Active,630102,NA,NA,D,4,1,1067579.054,61.95,2009,21,5.55,50.27
149085,Active,574601,NA,NA,D,3,1,2557663.335,85.95,2002,19,4,46.17
149086,Active,743423,NA,NA,D,3,1,1620663.161,274,2006,24,6.99,73.21
149087,Active,743315,NA,NA,D,4,1,1844485.281,127,2003,30,6.48,43.99
149088,Active,743538,NA,NA,D,3,1,2514878.45,135,2005,22,9.38,53.87
149089,Active,642739,NA,NA,D,3,1,3066865.266,399,2003,17,13.98,93.13
149090,Active,627497,NA,NA,D,1,0,681552.7525,106,2008,44,13.99,0
149091,Active,192578,NA,NA,D,3,1,2591204.819,265,2005,13,27.38,43.94
149092,Active,778377,NA,NA,D,2,1,6151044.579,78.95,2003,20,17.96,52.08
149093,Active,192415,NA,NA,D,3,1,1371201.653,96.95,2004,40,4.48,10.99
149094,Active,648210,NA,NA,D,4,1,5073656.433,169,2004,23,4.49,12.15
149095,Active,909417,NA,NA,D,4,1,1658457.049,39.95,2005,21,4,15.99
149096,Active,147618,NA,NA,D,3,1,169965.2088,84.95,2011,71,12.14,28.69
149097,Active,620075,NA,NA,D,2,1,1322007.528,69.95,2005,50,4,44.81
149098,Active,912547,NA,NA,D,2,1,1077985.695,49.95,1998,24,4.23,39.81
149099,Active,660648,NA,NA,D,13,1,250946.6238,37,2013,59,8.63,16.99
149100,Active,606788,NA,NA,D,12,1,453439.9888,33,2009,106,4,11.99
149101,Active,789656,NA,NA,D,3,1,877908.095,43.95,2007,50,3.99,4.2
149102,Active,2723080,NA,NA,D,4,1,489210.2838,81,2005,28,7.39,43.6
149103,Active,2052355,NA,NA,D,3,1,947215.7075,49.95,2011,24,7.29,18.3
149104,Active,652808,NA,NA,D,1,0,895858.3325,88.95,2010,23,9.54,52.6
149105,Active,740408,NA,NA,D,2,1,2218911.095,63.33,2006,48,3.99,22.85
149106,Active,170222,NA,NA,S,9,1,189285.1163,169.95,2011,46,19.32,53.99
149107,Active,51889,NA,NA,D,9,1,156177.1013,219.95,2011,57,8.63,24.99
149108,Active,170218,NA,NA,D,9,1,598678.7425,219.95,2011,65,4.97,25.98
149109,Active,179134,NA,NA,D,8,1,1796131.886,81.95,2008,44,3.99,8.99
149110,Active,182999,NA,NA,D,7,1,613915.7288,149.95,2006,78,4,36.5
149111,Active,118546,NA,NA,D,12,1,114434.9113,104.4,2006,35,10.58,56.5
149112,Active,285942,NA,NA,D,11,1,712464.3725,91,2003,48,4.12,33.74
149113,Active,1491994,NA,NA,D,3,1,2971219.644,99.5,2006,20,6.98,53.98
149114,Active,603326,NA,NA,D,3,1,788598.8075,49.95,2008,51,4,50.26
149115,Active,55712,NA,NA,D,8,1,1613250.004,55.4,2005,65,4,7.98
149116,Active,135619,NA,NA,D,3,1,282154.5213,39.95,2007,40,6.97,31.72
149117,Active,873896,NA,NA,D,2,1,1153789.241,602.99,2012,16,6.23,140.87
149118,Active,520844,NA,NA,D,5,1,1145244.613,324.99,2007,19,10.69,19.64
149119,Active,624396,NA,NA,D,2,1,482537.5763,32.95,2008,44,11.34,22.8
149120,Active,166897,NA,NA,D,1,0,352559.6713,49.95,2005,48,4,10.7
149121,Active,113956,NA,NA,S,1,0,835561.5875,142,1999,45,4,119.8
149122,Active,678070,NA,NA,D,2,1,561662.4113,23.95,2005,55,5.21,11.61
149123,Active,527303,NA,NA,D,3,1,881003.5975,84.95,2006,68,4,13.99
149124,Active,2664022,NA,NA,D,2,1,3585682.055,194.99,1997,23,5.86,49.47
149125,Active,899491,NA,NA,D,2,1,2226039.053,60,1991,11,36.76,82.1
149126,Active,170083,NA,NA,S,13,1,325048.835,184.95,2011,34,23.99,83.65
149127,Active,609208,NA,NA,D,4,1,2401640.245,99.95,2007,27,4.46,12.99
149128,Active,55836,NA,NA,D,3,1,1595238.888,154,2006,28,4.74,47.99
149129,Active,53158,NA,NA,D,10,1,21313.70375,250,2011,137,6.31,23.89
149130,Active,875764,NA,NA,D,3,1,1000226.036,13.99,2006,53,3.5,13.99
149131,Active,60553,NA,NA,D,8,1,1264988.111,136.25,2005,64,4.05,24.99
149132,Active,539397,NA,NA,S,5,1,10596.4525,196.6,2013,78,14.72,58.98
149133,Active,633785,NA,NA,D,6,1,304792.4513,169.67,2012,30,16.29,34.75
149134,Active,60716,NA,NA,D,4,1,1789791.963,166.67,2006,30,4.34,8.77
149135,Active,52831,NA,NA,D,6,1,1603538.909,155.95,2006,69,3.78,31.91
149136,Active,877731,NA,NA,D,6,1,381626.955,13.99,2003,38,5.55,41.2
149137,Active,908485,NA,NA,D,2,1,805716.2788,95,2009,17,11.09,160.62
149138,Active,416387,NA,NA,D,2,1,1897166.253,0,2005,49,4,123.01
149139,Active,54593,NA,NA,D,4,1,872041.5375,18.98,2007,130,4,7.99
149140,Active,182662,NA,NA,D,6,1,1397860.768,62.91,2002,56,4,24.95
149141,Active,290955,NA,NA,D,8,1,301033.3338,267.95,2008,29,13.77,112.34
149142,Active,2618833,NA,NA,D,6,1,302862.7375,109.95,1996,21,4.82,64.13
149143,Active,565963,NA,NA,D,3,1,2677254.074,35.33,2002,17,19.97,52.99
149144,Active,221716,NA,NA,S,5,1,610771.6475,69.95,2001,14,5.89,6.03
149145,Active,638433,NA,NA,D,5,1,2039004.134,59.95,2009,18,14.12,58.25
149146,Active,121002,NA,NA,D,2,1,2431228.97,51.6,1997,19,4.44,72.25
149147,Active,541248,NA,NA,D,5,1,210711.5963,46,2011,90,4.76,12.34
149148,Active,154013,NA,NA,D,4,1,823968.7975,13.99,2009,106,4,22.43
149149,Active,563651,NA,NA,D,3,1,1449140.309,38.44,2005,66,4,33.97
149150,Active,870916,NA,NA,D,5,1,360618.0625,130.95,2007,22,4,65.89
149151,Active,182844,NA,NA,D,4,1,976660.9738,75.95,2003,34,4,13.49
149152,Active,54036,NA,NA,D,5,1,1941546.889,78.67,2006,78,3.98,9.49
149153,Active,57939,NA,NA,D,1,0,1782670.88,49.95,2006,40,4,5.99
149154,Active,864722,NA,NA,D,4,1,37917.2825,105,2014,143,6.84,22.47
149155,Active,57938,NA,NA,D,3,1,84490.835,89,2011,127,4,9.99
149156,Active,57937,NA,NA,D,2,1,824720.305,72.95,2008,94,4,10.98
149157,Active,193309,NA,NA,D,3,1,452829.89,47,2002,64,4,46.51
149158,Active,198091,NA,NA,D,2,1,621811.9763,85.84,2010,34,5.42,82.35
149159,Active,876774,NA,NA,D,3,1,536160.5988,84.2,2006,43,7.44,52.64
149160,Active,199051,NA,NA,D,1,0,2199798.946,69.95,2001,28,4,44.74
149161,Active,617445,NA,NA,D,2,1,47681.36875,53,2002,33,6,0
149162,Active,3604079,NA,NA,D,11,1,916664.95,47.95,1900,18,6.22,33.47
149163,Active,832154,NA,NA,D,3,1,1022142.584,79,2001,25,21.27,47.98
149164,Active,3151363,NA,NA,D,7,1,8035939.296,115,2002,13,5.89,83.27
149165,Active,924253,NA,NA,S,4,1,16382.66375,69.95,2015,58,16.57,33.99
149166,Active,56243,NA,NA,D,3,1,3110803.993,69.5,1994,22,4.48,45.94
149167,Active,54028,NA,NA,D,10,1,691530.5413,139,2001,80,5.87,22.98
149168,Active,192849,NA,NA,D,1,0,3363360.303,65.95,2002,40,4.08,16.29
149169,Active,676567,NA,NA,S,0,0,418140.8225,25.95,2004,56,4.7,23.94
149170,Active,1456113,NA,NA,D,2,1,2164876.475,204.53,2014,18,6.71,155.31
149171,Active,146988,NA,NA,D,5,1,1098424.858,99.95,2004,28,8.89,21.99
149172,Active,118941,NA,NA,D,2,1,96466.72875,42.95,2007,67,4.13,40.99
149173,Active,617975,NA,NA,D,2,1,715633.835,39.95,2009,34,6.53,22.99
149174,Active,527278,NA,NA,D,3,1,1708126.098,85,2008,22,18.85,49.5
149175,Active,778894,NA,NA,D,2,1,3726774.319,53.25,2001,27,4,8.97
149176,Active,61181,NA,NA,D,2,1,1279114.058,94.95,2004,49,4,22.09
149177,Active,147525,NA,NA,D,3,1,305470.7975,120,2008,63,6.05,33.99
149178,Active,527274,NA,NA,D,3,1,77098.345,69.95,2011,68,7.47,34.94
149179,Active,249159,NA,NA,D,2,1,1075664.58,62.95,2007,54,4,12.99
149180,Active,609561,NA,NA,D,2,1,2037085.513,43.95,2005,19,4,16.99
149181,Active,54681,NA,NA,D,5,1,1264434.798,76.95,2005,116,4,8.99
149182,Active,297801,NA,NA,D,3,1,185608.525,35,2009,37,17.77,48.99
149183,Active,874087,NA,NA,D,2,1,2703051.081,65.67,2005,52,7.48,62.29
149184,Active,203785,NA,NA,D,2,1,672176.6488,99.95,2005,76,4.57,35.19
149185,Active,294831,NA,NA,D,2,1,619483.9988,124,2007,34,6.68,39.74
149186,Active,200678,NA,NA,D,2,1,2275296.353,45.26,2003,26,4.13,29.88
149187,Active,389615,NA,NA,D,1,0,1159135.889,92.95,2010,35,4,43.98
149188,Active,591341,NA,NA,D,3,1,1883123.905,200.95,2004,32,4,17.97
149189,Active,788085,NA,NA,S,1,0,1436123.193,87.95,1999,36,6.47,49.01
149190,Active,235135,NA,NA,D,4,1,617449.5138,39.95,2010,84,4,21.58
149191,Active,2414594,NA,NA,D,1,0,18486.985,19.95,1977,90,7.93,12.73
149192,Active,192897,NA,NA,D,11,1,1002907.959,106.95,2003,38,4,23.98
149193,Active,118786,NA,NA,D,2,1,1510791.281,37,1996,27,6.93,33.99
149194,Active,905657,NA,NA,D,2,1,1336313.563,41,1999,26,13.85,79.01
149195,Active,200189,NA,NA,D,4,1,555056.2625,102.95,2006,63,4,5.49
149196,Active,2648300,NA,NA,D,4,1,1352480.341,26.95,1998,29,13.89,74.21
149197,Active,2667111,NA,NA,D,0,0,327919.1113,49.95,1969,77,4.93,23.99
149198,Active,52652,NA,NA,D,11,1,460624.0625,252.95,2010,35,10.34,73.97
149199,Active,53198,NA,NA,D,6,1,2113473.344,15.99,2004,23,4,47.99
149200,Active,625361,NA,NA,D,2,1,692231.53,43.95,2007,34,4.98,34.35
149201,Active,217345,NA,NA,D,3,1,177614.8088,36,2011,37,13.64,53.57
149202,Active,569658,NA,NA,S,6,1,1191921.121,99.95,1999,40,4,36.27
149203,Active,177733,NA,NA,D,7,1,445567.495,128.95,2003,29,6.85,114.29
149204,Active,868146,NA,NA,D,2,1,790238.03,45,1988,23,6.19,70.19
149205,Active,157014,NA,NA,D,0,0,894281.3138,39.95,2005,25,23.93,33.65
149206,Active,127582,NA,NA,D,4,1,97942.84625,63.95,2009,76,4.78,21.99
149207,Active,555584,NA,NA,D,3,1,542974.075,55.95,2006,62,4,23.99
149208,Active,289743,NA,NA,D,2,1,4867779.954,138,2005,14,4,48.47
149209,Active,157251,NA,NA,D,2,1,1433905.519,35.95,2005,33,4,30.74
149210,Active,665549,NA,NA,D,2,1,483199.4175,46.95,2010,53,10.11,16.79
149211,Active,616882,NA,NA,S,1,0,411283.6513,44.95,2002,38,6.69,19.98
149212,Active,607231,NA,NA,S,6,1,1400535.646,49.6,2002,36,4.34,19.99
149213,Active,117269,NA,NA,D,8,1,625756.185,28.2,2005,28,4.4,13.99
149214,Active,621315,NA,NA,D,9,1,148420.4613,38.6,2011,32,20.68,31.2
149215,Active,108228,NA,NA,D,2,1,1100450.748,88.75,2006,48,4,15.64
149216,Active,235137,NA,NA,D,7,1,36286.50625,58.5,2011,59,12.92,28.68
149217,Active,644586,NA,NA,D,6,1,257111.6375,47.22,2012,44,19.29,37.49
149218,Active,203489,NA,NA,D,4,1,248929.8763,95,2002,18,23.74,70.77
149219,Active,57021,NA,NA,D,10,1,32622.12125,186.6,2010,56,15.98,114.75
149220,Active,57020,NA,NA,S,8,1,89349.52875,110.2,2004,147,4,22.74
149221,Active,57019,NA,NA,D,9,1,24270.18125,167.2,2007,107,7.3,41.33
149222,Active,591363,NA,NA,D,1,0,546314.42,124.95,2002,74,4,8.49
149223,Active,917291,NA,NA,D,4,1,1303921.46,61.95,2000,56,4,23.99
149224,Active,607783,NA,NA,D,5,1,262605.4075,59.95,2004,75,4,16.78
149225,Active,911222,NA,NA,D,0,0,1628195.029,60,1996,24,4.53,73.69
149226,Active,616364,NA,NA,D,1,0,172581.4338,39.99,2012,91,9.97,22.99
149227,Active,632133,NA,NA,D,1,0,295627.0863,44.99,2012,56,8.65,13.88
149228,Active,623388,NA,NA,D,1,0,132919.535,49.99,2012,48,11.16,28.97
149229,Active,614359,NA,NA,D,1,0,566521.7325,59.99,2004,88,4,20.91
149230,Active,3012278,NA,NA,D,1,0,1171506.445,42.45,1993,24,7.63,71.07
149231,Active,863261,NA,NA,D,2,1,1611445.433,39.99,2005,69,4,8.99
149232,Active,185981,NA,NA,D,4,1,52067.3975,54.99,2008,68,8.87,26.88
149233,Active,185945,NA,NA,D,3,1,1361979.015,49.99,2005,74,4,9.99
149234,Active,641539,NA,NA,D,1,0,552402.6838,34.99,2009,31,4,17.75
149235,Active,741059,NA,NA,D,3,1,424253.465,34.99,2008,42,4,18.98
149236,Active,621931,NA,NA,D,4,1,83455.225,44.99,2011,52,11.99,27.46
149237,Active,527244,NA,NA,D,3,1,633439.9375,44.99,2010,45,7.6,23.98
149238,Active,2036573,NA,NA,D,2,1,1043846.591,44.99,2007,30,4,12.79
149239,Active,599112,NA,NA,D,3,1,1228376.039,34.99,2007,57,4,6.39
149240,Active,545206,NA,NA,D,2,1,213201.5425,44.99,2010,46,4.85,20.56
149241,Active,1826324,NA,NA,D,7,1,733253.5188,71.95,2013,36,8.19,21.01
149242,Active,174603,NA,NA,D,3,1,3966955.373,75,1999,24,4.82,46.21
149243,Active,200569,NA,NA,D,3,1,907304.9925,115.95,2010,36,4.04,33.99
149244,Active,200280,NA,NA,D,2,1,5948249.405,79.95,2006,11,4.99,22.98
149245,Active,294826,NA,NA,D,2,1,730310.3313,52.95,2005,90,4,12.98
149246,Active,295828,NA,NA,D,5,1,147759.8088,70,2009,58,6.75,23.98
149247,Active,3264139,NA,NA,D,5,1,1461537.946,93.8,2001,48,14.51,85.7
149248,Active,569474,NA,NA,D,1,0,433491.3538,374.95,2002,47,6.84,34.82
149249,Active,552102,NA,NA,D,4,1,253742.565,172.6,2001,64,6.27,61.51
149250,Active,703677,NA,NA,D,5,1,1083890.864,123.2,2001,33,9.76,68.02
149251,Active,549980,NA,NA,D,5,1,419289.505,97.11,2001,32,15.99,60
149252,Active,2561354,NA,NA,D,4,1,1900734.433,367.46,1982,17,4.59,57.69
149253,Active,200583,NA,NA,D,7,1,549820.0538,132.95,2011,67,4,5.85
149254,Active,2866347,NA,NA,D,2,1,705799.3925,62,2000,41,6.54,83.63
149255,Active,53983,NA,NA,D,6,1,5731.3175,125,2011,768,6.6,17.99
149256,Active,761287,NA,NA,D,3,1,3361373.201,50.49,2004,21,4.19,45.1
149257,Active,620770,NA,NA,D,10,1,331788.3075,66.4,2010,44,4,50.86
149258,Active,538449,NA,NA,S,14,1,28755.03375,214.25,2012,92,17.99,76.54
149259,Active,608574,NA,NA,D,4,1,1956752.658,104.95,2000,23,4.79,21.08
149260,Active,51434,NA,NA,D,11,1,636909.7338,23.98,2006,46,4.58,23.49
149261,Active,362320,NA,NA,D,2,1,2772272.175,59.95,2004,16,6.39,64.01
149262,Active,174822,NA,NA,D,2,1,879122.8313,90,2001,22,6.39,47.26
149263,Active,210832,NA,NA,S,4,1,874056.9075,75,2000,57,4,33.98
149264,Active,613538,NA,NA,S,0,0,330855.535,114.75,2002,95,4,8.88
149265,Active,538514,NA,NA,S,10,1,21851.91875,270.5,2013,72,31.26,99.99
149266,Active,551309,NA,NA,D,0,0,131593.78,117.25,2004,62,9.17,35.98
149267,Active,862675,NA,NA,S,0,0,774605.5213,147.5,1996,84,4,12.85
149268,Active,60732,NA,NA,D,2,1,759501.9225,239.95,1998,32,3.99,29.89
149269,Active,608931,NA,NA,D,2,1,2326860.12,80,2000,36,4,23.89
149270,Active,645974,NA,NA,D,2,1,265038.555,103,2010,25,22.98,49.8
149271,Active,192392,NA,NA,D,3,1,2209782.538,89,2003,39,4,22.08
149272,Active,527215,NA,NA,D,4,1,772114.6738,56,2010,34,7.13,23.99
149273,Active,285030,NA,NA,D,3,1,1065809.404,46.95,2005,29,4,15.84
149274,Active,254621,NA,NA,S,1,0,804514.885,84.95,2011,69,4,15.87
149275,Active,2009982,NA,NA,D,0,0,58490.4275,97.95,2015,71,10.64,36.98
149276,Active,646195,NA,NA,D,11,1,1376588.443,49.95,2005,21,4,31.49
149277,Active,3598665,NA,NA,D,4,1,5207902.95,169.95,2002,22,35,69.96
149278,Active,3599107,NA,NA,D,5,1,5270320.25,167.95,2007,19,8.99,157.46
149279,Active,561262,NA,NA,S,4,1,12912.5175,275.6,2009,97,48.99,157.83
149280,Active,533704,NA,NA,D,9,1,11611.96875,296,2012,162,41.97,51.99
149281,Active,870855,NA,NA,D,2,1,1727261.615,95.15,1989,21,5.79,98.22
149282,Active,152328,NA,NA,D,3,1,1255684.64,89.95,2006,21,5.11,81.53
149283,Active,608141,NA,NA,D,2,1,2466472.571,69.95,2003,25,4.98,39.89
149284,Active,52122,NA,NA,D,6,1,131142.8675,48.99,2003,146,3.98,28.9
149285,Active,607475,NA,NA,D,3,1,933993.0213,187.4,2007,29,16.04,103.48
149286,Active,623453,NA,NA,D,9,1,315282.3463,87.94,2011,69,11.94,41.89
149287,Active,612999,NA,NA,D,0,0,61080.09,24.84,2004,232,4.98,13.98
149288,Active,54227,NA,NA,S,2,1,201625.3463,153.35,2003,55,8.76,33.99
149289,Active,153875,NA,NA,D,3,1,510233.5825,250,2007,35,25.7,63.99
149290,Active,101242,NA,NA,D,5,1,1536175.916,141.96,2000,54,5.47,63.74
149291,Active,212335,NA,NA,D,2,1,41558.68375,245.2,2007,128,14.8,29.99
149292,Active,527201,NA,NA,D,3,1,36135.89375,298.6,2012,54,52.43,124.59
149293,Active,145778,NA,NA,D,2,1,161472.3088,237,2007,54,11.26,27.94
149294,Active,145767,NA,NA,S,2,1,142637.9813,259.93,2007,33,31.35,215.88
149295,Active,177068,NA,NA,D,6,1,1127152.27,115.95,2003,36,4.19,25.94
149296,Active,60733,NA,NA,D,6,1,100545.155,249.95,2003,51,14.39,39.94
149297,Active,1512449,NA,NA,D,2,1,954614.2063,50.2,2007,26,10.19,22.06
149298,Active,540544,NA,NA,D,2,1,49538.54875,113,2007,139,4,26.29
149299,Active,145781,NA,NA,D,2,1,1028878.49,124.6,2007,16,12.97,169
149300,Active,616924,NA,NA,D,3,1,10008.90625,141,2012,96,19.1,55.55
149301,Active,192070,NA,NA,D,5,1,2052129.88,19.9,2003,22,3,19.9
149302,Active,613130,NA,NA,D,2,1,976472.7225,41.2,2007,56,3.99,12.63
149303,Active,291541,NA,NA,S,6,1,517779.8338,139.95,2003,55,6.13,17.84
149304,Active,113053,NA,NA,D,3,1,235047.47,51.95,2007,26,7.27,49.96
149305,Active,622997,NA,NA,D,1,0,423648.7738,40.95,2008,27,4.45,56.89
149306,Active,110468,NA,NA,D,7,1,60463.0925,97.58,2011,90,11.96,54.03
149307,Active,2698019,NA,NA,D,3,1,2728004.993,88.95,2000,23,4.77,82.77
149308,Active,53774,NA,NA,S,6,1,11836.18125,241.33,2004,199,26.24,67.24
149309,Active,120736,NA,NA,D,6,1,138654.9425,135.95,2009,55,41.25,88.74
149310,Active,3270606,NA,NA,D,6,1,426521.2088,130.08,2004,34,26.23,120.92
149311,Active,617789,NA,NA,D,2,1,1025798.053,113.98,2009,54,4.97,66.79
149312,Active,608403,NA,NA,D,4,1,281722.5238,18.97,1991,70,4,100.87
149313,Active,434830,NA,NA,D,6,1,989696.3113,167.73,2008,43,28.27,99.59
149314,Active,614113,NA,NA,S,2,1,491054.4113,97.35,2003,49,4,65.13
149315,Active,527196,NA,NA,D,2,1,794300.7175,77.99,2009,31,8.37,48.94
149316,Active,608308,NA,NA,D,6,1,1757595.516,10.94,2003,44,4,11.99
149317,Active,628748,NA,NA,S,4,1,54097.9975,166.6,2009,78,39.96,81.78
149318,Active,225715,NA,NA,D,3,1,2546355.298,190,2002,23,5.89,73.25
149319,Active,893736,NA,NA,D,2,1,2642631.019,41.95,2008,15,4.97,24.98
149320,Active,534742,NA,NA,D,4,1,58088.17,51.99,2012,35,18.48,26.88
149321,Active,131039,NA,NA,S,11,1,9681.25125,248.8,2012,84,40.98,100.55
149322,Active,52594,NA,NA,D,2,1,1591541.365,64,2004,60,4,17.99
149323,Active,52595,NA,NA,D,3,1,468638.9475,77,2004,100,4.29,44.25
149324,Active,788724,NA,NA,D,3,1,4202972.446,99,2000,17,6.26,8.88
149325,Active,789448,NA,NA,D,4,1,2218799.904,99,2005,27,6.44,19.97
149326,Active,633326,NA,NA,D,4,1,1235038.819,66.95,2008,26,22.67,47.86
149327,Active,208537,NA,NA,D,5,1,1076892.571,59.4,1995,43,4,16.94
149328,Active,61213,NA,NA,D,5,1,902015.3588,140.95,2003,20,5.39,83.9
149329,Active,661457,NA,NA,D,8,1,3501783.721,98.5,2003,16,5.99,74.84
149330,Active,3598647,NA,NA,D,2,1,2758093.15,194.95,2002,21,49.4,136.18
149331,Active,153968,NA,NA,D,4,1,509917.5463,9.95,2007,36,4,9.69
149332,Active,748123,NA,NA,D,2,1,5342773.704,42.6,2001,36,4.44,13.43
149333,Active,201647,NA,NA,D,0,0,543025.2713,49.95,2014,58,7.69,38.99
149334,Active,915403,NA,NA,D,2,1,439353.9638,41.95,1999,43,4.38,34.15
149335,Active,909277,NA,NA,D,3,1,1883174.323,47.95,2004,32,8.99,69.87
149336,Active,606728,NA,NA,D,6,1,2075903.183,110,1992,46,5.68,22.63
149337,Active,617691,NA,NA,D,1,0,480607.3288,35.95,2004,41,4.96,31.26
149338,Active,924455,NA,NA,S,12,1,187592.545,44.99,2014,36,6.06,30.32
149339,Active,342342,NA,NA,D,2,1,6315497.648,195,1999,12,4.13,8.99
149340,Active,115838,NA,NA,D,8,1,1253617.735,93.33,2004,51,4,22.21
149341,Active,916295,NA,NA,D,4,1,863314.9088,100,1993,34,5.84,13.94
149342,Active,288656,NA,NA,D,5,1,339530.1563,140.07,2008,38,13.42,18.94
149343,Active,919542,NA,NA,D,2,1,1835465.049,69.95,2003,41,4,48.29
149344,Active,907089,NA,NA,D,3,1,2492656.964,96.95,2004,14,30.15,94.53
149345,Active,868051,NA,NA,D,1,0,976527.7313,108.2,2002,34,4,47.85
149346,Active,105384,NA,NA,D,0,0,491754.1925,87,2003,21,24.65,52.99
149347,Active,1867151,NA,NA,D,9,1,6411400.77,104.95,2008,10,25.94,53.49
149348,Active,3794861,NA,NA,D,2,1,1226087.15,0,1900,10,40.49,53.99
149349,Active,633639,NA,NA,D,5,1,889114.9488,87,1989,37,4,14.94
149350,Active,901145,NA,NA,D,2,1,2356543.78,86.95,2000,15,18.97,62.89
149351,Active,53176,NA,NA,D,5,1,616093.0038,134.69,2007,34,18.89,54.29
149352,Active,53175,NA,NA,D,4,1,493288.135,54.54,2005,48,4.4,51.98
149353,Active,868011,NA,NA,D,2,1,1454617.534,86.3,1994,28,4.35,48.29
149354,Active,3469182,NA,NA,D,2,1,8083282.25,57.95,1987,25,4.33,54.67
149355,Active,1587811,NA,NA,D,0,0,175917.595,17.99,2010,46,11.85,16.96
149356,Active,2384605,NA,NA,S,4,1,747468.3288,65,1994,45,4,24.66
149357,Active,867763,NA,NA,D,2,1,198599.3738,70,2014,39,18.05,25.44
149358,Active,868655,NA,NA,D,2,1,142481.575,49.95,2002,47,12.49,24.99
149359,Active,912692,NA,NA,D,0,0,1824484.369,61,2005,25,32.98,43.98
149360,Active,268473,NA,NA,D,3,1,282365.595,59,2007,29,7.62,62.87
149361,Active,57666,NA,NA,D,8,1,2305652.105,133.95,2003,65,4,7.99
149362,Active,55698,NA,NA,S,3,1,516640.9513,171.95,2007,132,4,24.72
149363,Active,795319,NA,NA,D,3,1,4873322.959,251.25,2008,11,7.18,48.99
149364,Active,55697,NA,NA,S,2,1,186684.5725,293.95,2004,140,4,27.19
149365,Active,2940341,NA,NA,D,3,1,5137008.871,69.99,2003,24,4.97,15.86
149366,Active,866041,NA,NA,D,1,0,243083.6638,174.25,2005,24,11.1,40.92
149367,Active,2273630,NA,NA,D,6,1,2081014.596,321.38,2008,29,39.98,183.87
149368,Active,1708989,NA,NA,D,6,1,1208204.061,79.99,2008,23,15.54,58.03
149369,Active,295438,NA,NA,D,5,1,758469.1163,69.99,2005,25,23.53,113.8
149370,Active,203801,NA,NA,D,8,1,824230.0788,62.99,2006,30,4.13,17.48
149371,Active,242485,NA,NA,D,4,1,1467578.289,89,2002,52,4,18.64
149372,Active,860448,NA,NA,D,2,1,2032135.058,129.97,2011,13,29.98,89.96
149373,Active,210996,NA,NA,D,0,0,239898.43,28.95,2008,62,8,27.94
149374,Active,633298,NA,NA,D,1,0,720052.6863,55.99,2009,26,26.35,94.8
149375,Active,266335,NA,NA,D,3,1,1592471.26,49.99,2007,15,28.99,28.99
149376,Active,527155,NA,NA,D,8,1,80926.8,40.95,2011,31,15.96,23.99
149377,Active,192424,NA,NA,D,7,1,756122.5263,44.95,2006,43,4,11.99
149378,Active,391815,NA,NA,D,1,0,326373.2988,45.99,2010,64,4.96,6.9
149379,Active,778589,NA,NA,D,4,1,3392759.395,39.95,2007,12,11.77,31.11
149380,Active,778690,NA,NA,D,5,1,3047092.18,58.95,2008,15,43.98,77.77
149381,Active,106584,NA,NA,S,5,1,839682.2313,48,2007,31,4.09,9.98
149382,Active,164144,NA,NA,D,2,1,971695.4988,29.95,1997,17,38.95,73.98
149383,Active,57089,NA,NA,S,2,1,234115.8,41.95,1995,43,4,18.69
149384,Active,297889,NA,NA,D,4,1,90880.3375,52.95,2012,48,8.94,18.99
149385,Active,54495,NA,NA,D,2,1,567359.6288,52.95,2004,49,3.93,8.64
149386,Active,54494,NA,NA,D,3,1,287876.7138,63.95,2009,44,4,8.99
149387,Active,609930,NA,NA,D,5,1,682.24875,64.99,2013,53,20.47,40.93
149388,Active,653709,NA,NA,D,1,0,1371268.823,37.95,2006,16,30.59,37.95
149389,Active,559769,NA,NA,S,1,0,608188.1038,48.75,1996,49,4,13
149390,Active,560940,NA,NA,D,5,1,1607548.739,43,2006,59,4,11.99
149391,Active,607339,NA,NA,D,7,1,603200.6563,143.6,2007,79,4.49,30.99
149392,Active,875674,NA,NA,D,7,1,163407.9188,33.99,2007,35,7.37,33.99
149393,Active,250975,NA,NA,D,7,1,268814.0363,79.95,2010,29,13.9,53.98
149394,Active,534668,NA,NA,D,8,1,59414.99,89.95,2013,29,51.49,71.26
149395,Active,268212,NA,NA,D,6,1,340270.3425,71.95,2007,31,4,18.58
149396,Active,61260,NA,NA,D,3,1,2635633.271,74.95,2004,35,4,18.81
149397,Active,614926,NA,NA,S,6,1,709405.96,95,2000,30,4.21,137.48
149398,Active,396057,NA,NA,D,3,1,870046.8988,72.95,2002,24,4,23.75
149399,Active,200307,NA,NA,D,1,0,995561.2863,77.95,2004,32,8.84,80.44
149400,Active,177507,NA,NA,D,3,1,2587142.878,106.95,2002,34,4,12.98
149401,Active,285978,NA,NA,D,5,1,2469518.964,99.6,2005,53,4,4.36
149402,Active,129239,NA,NA,D,6,1,970874.1838,45,2010,44,4.56,24.47
149403,Active,129004,NA,NA,D,5,1,2985107.391,60,2005,36,4,9.99
149404,Active,739578,NA,NA,D,7,1,1449509.184,77.2,2002,20,4,45.34
149405,Active,608191,NA,NA,D,4,1,3935416.274,39.95,2007,23,4,43.52
149406,Active,336555,NA,NA,D,3,1,4313158.29,35.95,2003,25,4,20.79
149407,Active,738216,NA,NA,D,3,1,4084304.504,37.5,2000,21,4,14.99
149408,Active,142973,NA,NA,D,4,1,4051317.145,70,2005,20,4,72.41
149409,Active,246201,NA,NA,D,1,0,554403.1625,51.95,2004,34,4,43.17
149410,Active,2262252,NA,NA,D,10,1,1568981.294,40.99,2009,38,11.42,39.89
149411,Active,149277,NA,NA,D,3,1,1990799.93,35.95,2003,36,4,29.68
149412,Active,918340,NA,NA,D,9,1,655047.8225,76.4,2005,40,4,36.79
149413,Active,53511,NA,NA,D,7,1,866608.7338,107.2,2008,50,4,11.4
149414,Active,53514,NA,NA,D,6,1,2387779.821,92.2,2005,42,4,32.91
149415,Active,53512,NA,NA,D,8,1,67061.82125,142.2,2010,80,4.24,38.38
149416,Active,134920,NA,NA,D,4,1,536155.1713,43,2007,36,4.98,20.68
149417,Active,721651,NA,NA,D,0,0,694098.5788,44.95,2004,47,4,45.01
149418,Active,619352,NA,NA,D,2,1,62326.83625,49.95,2010,80,5.67,94.88
149419,Active,637094,NA,NA,D,2,1,386564.0038,55,2009,30,19.08,41.23
149420,Active,652368,NA,NA,D,7,1,102287.7888,65,2013,45,8.75,55.47
149421,Active,134839,NA,NA,D,6,1,471760.3113,55,2010,93,4,16.94
149422,Active,612556,NA,NA,S,13,1,14323.7875,149.2,2013,102,29.77,93.93
149423,Active,287675,NA,NA,D,5,1,1960828.394,55,2007,39,4,8
149424,Active,288982,NA,NA,D,2,1,1680728.21,46,2005,52,4,18.6
149425,Active,149278,NA,NA,D,3,1,626365.4388,36,2004,28,5.04,19.52
149426,Active,689096,NA,NA,D,1,0,203685.6138,49.95,2012,24,22.22,35.39
149427,Active,117376,NA,NA,D,8,1,2184062.94,81.8,2006,29,4,13.99
149428,Active,120630,NA,NA,D,9,1,1329617.565,79,2008,57,4,10.2
149429,Active,542681,NA,NA,D,2,1,605898.4775,52,2010,41,24.3,45.5
149430,Active,717522,NA,NA,D,4,1,2562699.255,91.95,1999,23,4,19.89
149431,Active,134922,NA,NA,D,3,1,1236977.055,51,2007,58,4.7,39.97
149432,Active,120620,NA,NA,D,8,1,459293.1663,133,2008,29,4,25.71
149433,Active,116946,NA,NA,D,6,1,2289169.835,122.6,2005,50,4,45.97
149434,Active,127329,NA,NA,D,0,0,527377.4825,39.95,2010,55,4,10.5
149435,Active,131061,NA,NA,D,14,1,1399848.758,151.47,2011,20,4.64,602.99
149436,Active,51982,NA,NA,D,12,1,2228081.684,115.8,2006,64,4,6.26
149437,Active,527117,NA,NA,D,8,1,119042.1813,96.8,2012,63,6.02,26.25
149438,Active,132502,NA,NA,D,7,1,938197.2888,76.6,2008,64,4,25.82
149439,Active,919483,NA,NA,D,0,0,903630.7363,41,2008,18,17.52,21.61
149440,Active,534521,NA,NA,S,8,1,136324.8,72,2012,62,4,9.79
149441,Active,123949,NA,NA,D,3,1,2025407.664,97.95,2003,30,4,10.95
149442,Active,914099,NA,NA,D,6,1,3521653.446,88.2,2007,28,4.55,48.83
149443,Active,714822,NA,NA,D,5,1,8814211.55,48.2,2004,27,3,49.35
149444,Active,546257,NA,NA,D,6,1,1328573.12,32.95,2004,28,3.17,7.11
149445,Active,229131,NA,NA,D,7,1,475296.6825,35.95,2007,63,4,33.58
149446,Active,2575714,NA,NA,D,3,1,1459138.243,295,1989,21,52.53,83.97
149447,Active,3841948,NA,NA,D,3,1,14995351.15,89.95,2001,12,22.9,89.91
149448,Active,3841357,NA,NA,D,4,1,4070054.25,109,2004,22,46.33,107.35
149449,Active,179203,NA,NA,D,2,1,801615.6563,225.95,2009,43,4.81,73.94
149450,Active,613904,NA,NA,D,1,0,613196.5875,119.95,2008,68,4.05,21.89
149451,Active,918440,NA,NA,D,4,1,3061465.435,46.4,2009,31,4,40.59
149452,Active,918158,NA,NA,D,6,1,1444504.351,56.6,2010,46,4,6.72
149453,Active,57921,NA,NA,D,3,1,105873.5988,161.95,2008,30,33.99,86.36
149454,Active,60745,NA,NA,D,9,1,1222540.565,157.95,2004,56,4,5.82
149455,Active,165783,NA,NA,D,2,1,637870.38,75,2004,45,6.73,23.99
149456,Active,54288,NA,NA,S,7,1,471022.0413,75.95,2009,51,4,28.99
149457,Active,563596,NA,NA,D,3,1,902109.9338,39.95,2004,79,4,8.98
149458,Active,536045,NA,NA,D,6,1,1006909.18,78.95,2002,53,4.12,19.88
149459,Active,646623,NA,NA,D,2,1,709708.03,49.95,2005,21,7.98,17.34
149460,Active,2550932,NA,NA,S,0,0,520339.2638,52.95,1996,22,21.59,72.99
149461,Active,2647505,NA,NA,D,1,0,676128.0175,54.95,1993,39,5.38,34.75
149462,Active,640440,NA,NA,D,0,0,564663.365,149,2007,21,59.98,100.58
149463,Active,110619,NA,NA,S,13,1,120098.09,129.41,2011,41,22.97,38.99
149464,Active,144169,NA,NA,D,3,1,246589.41,113.4,2000,31,5.47,28.99
149465,Active,905980,NA,NA,D,2,1,1087021.453,70.2,2001,16,13.52,66.16
149466,Active,640389,NA,NA,D,1,0,268828.1338,92,2007,29,13.37,68.99
149467,Active,646808,NA,NA,D,2,1,464736.625,213.04,1995,19,13.8,57.99
149468,Active,115638,NA,NA,D,3,1,742609.7663,204,2003,20,26.38,73.16
149469,Active,705906,NA,NA,S,6,1,897264.7638,144.5,2013,35,6.93,102.98
149470,Active,60987,NA,NA,S,1,0,471908.4075,169.95,1995,56,4,20.54
149471,Active,246269,NA,NA,D,2,1,1706721.704,35.95,2004,34,4,12.99
149472,Active,177494,NA,NA,D,4,1,824810.5875,380.95,2007,39,43.6,131.39
149473,Active,893889,NA,NA,D,2,1,3400576.498,125.95,2007,16,6.74,48.93
149474,Active,638039,NA,NA,D,0,0,926477.6888,95,1986,25,4.47,48.21
149475,Active,649302,NA,NA,D,4,1,1315562.679,54.95,2001,24,4.64,45
149476,Active,597570,NA,NA,D,5,1,853364.1588,59.95,2003,28,4.73,70.09
149477,Active,877429,NA,NA,D,2,1,144786.3188,55,2013,22,46.03,52.74
149478,Active,617028,NA,NA,D,2,1,6464.405,86.25,2013,135,33.75,45.99
149479,Active,142005,NA,NA,D,1,0,99864.81375,13.98,2010,190,3.88,12.99
149480,Active,225661,NA,NA,D,3,1,1433494.175,99.95,2001,27,4,76.05
149481,Active,257458,NA,NA,D,5,1,153244.915,39.95,2011,69,12.94,39.41
149482,Active,257453,NA,NA,D,4,1,1561275.715,39.95,2005,52,4,8.29
149483,Active,420502,NA,NA,D,8,1,1076985.476,180.6,2000,39,3.9,23.93
149484,Active,53360,NA,NA,D,8,1,734135.4338,182.5,2006,90,4,26.75
149485,Active,53362,NA,NA,D,10,1,84250.45875,33.93,2010,133,4,33.99
149486,Active,53361,NA,NA,D,9,1,485861.39,175.5,2007,38,8.32,42.99
149487,Active,417081,NA,NA,D,9,1,346940.2063,54.07,2007,86,4,38.94
149488,Active,317406,NA,NA,D,1,0,391337.195,40,2010,39,12.86,33.99
149489,Active,545088,NA,NA,D,1,0,957804.5388,114.95,2009,19,51.99,77.38
149490,Active,225711,NA,NA,D,2,1,4231708.788,109.95,2001,12,7.26,67.23
149491,Active,242633,NA,NA,D,20,1,460270.1375,69.95,2008,25,4.7,97.75
149492,Active,308049,NA,NA,D,2,1,176680.7638,39.95,2006,66,6.17,27.7
149493,Active,537736,NA,NA,D,3,1,11798.18625,40,2013,50,17.67,27.88
149494,Active,909618,NA,NA,D,5,1,2818816.021,48.95,2000,16,5.17,49.64
149495,Active,920507,NA,NA,D,2,1,317432.5475,22.95,1995,50,5.12,33.01
149496,Active,887961,NA,NA,D,4,1,12522100.92,91,2003,12,4.75,125.8
149497,Active,896943,NA,NA,D,2,1,892076.5888,80,2004,23,5.39,35.92
149498,Active,2405976,NA,NA,D,3,1,7360640.24,19.95,1991,24,4,11.98
149499,Active,577014,NA,NA,D,4,1,3676754.696,52.95,1998,30,4,13.99
149500,Active,631504,NA,NA,D,8,1,815490.9575,138,2011,24,24.77,63.98
149501,Active,2378143,NA,NA,S,3,1,1323305.01,97,1996,26,4.14,26.68
149502,Active,607241,NA,NA,D,5,1,513371.5963,106.2,2002,29,9.75,52.81
149503,Active,258145,NA,NA,D,0,0,279366,59.95,2003,30,4.97,59.65
149504,Active,260309,NA,NA,D,0,0,909296.015,85.95,2004,20,5.99,35.65
149505,Active,375121,NA,NA,D,3,1,420155.6675,165,1997,26,6.91,68.63
149506,Active,562163,NA,NA,D,3,1,1300285.388,202.95,2008,14,8.92,81.38
149507,Active,348506,NA,NA,S,3,1,1168709.4,424.95,2006,29,4.11,54.49
149508,Active,148727,NA,NA,S,3,1,259064.8988,378.95,2008,34,5.94,58.81
149509,Active,348455,NA,NA,D,2,1,2214928.171,217.95,2004,17,4.13,77.86
149510,Active,244078,NA,NA,D,4,1,35615.43625,372.95,2011,58,26.99,203.98
149511,Active,178840,NA,NA,D,2,1,1343597.16,144.95,2004,26,4.48,29.99
149512,Active,3022415,NA,NA,D,4,1,1191307.004,161.38,2005,20,12.14,133.2
149513,Active,146886,NA,NA,D,5,1,2082927.626,89,2000,35,4.33,29.94
149514,Active,245079,NA,NA,D,3,1,1845196.246,97.95,2004,20,4,24.8
149515,Active,245061,NA,NA,D,2,1,782051.5025,91.95,2004,59,4,7.55
149516,Active,876727,NA,NA,D,6,1,3202616.55,124.16,2010,37,23.06,78.77
149517,Active,916268,NA,NA,D,4,1,1611161.911,46.95,2005,35,4.48,19.99
149518,Active,618586,NA,NA,D,5,1,430157.8738,46.95,2008,35,5.4,9.78
149519,Active,119286,NA,NA,S,10,1,11123.69875,112.6,2012,70,15.84,50.16
149520,Active,537368,NA,NA,D,10,1,797383.1175,116.4,2012,38,10.93,429.36
149521,Active,55552,NA,NA,D,4,1,557536.055,70.25,2007,95,4,16.99
149522,Active,285821,NA,NA,D,3,1,1462727.889,78.4,2003,32,4.73,46.45
149523,Active,117380,NA,NA,D,4,1,2510587.098,122.25,2007,30,4,45.83
149524,Active,621125,NA,NA,D,0,0,846218.2663,124,2003,38,31.9,53.65
149525,Active,626652,NA,NA,D,1,0,11969.1925,88.25,2013,114,8.58,43.94
149526,Active,893866,NA,NA,D,3,1,3316018.599,179.95,2009,14,14.73,37.99
149527,Active,894283,NA,NA,D,2,1,5711495.538,144.95,2005,14,6.63,52.49
149528,Active,614791,NA,NA,S,1,0,495922.7538,62.95,2002,47,4,21.99
149529,Active,224444,NA,NA,D,8,1,2468261.678,114.95,2002,32,4,62.95
149530,Active,652274,NA,NA,D,3,1,546996.675,76.95,2013,51,39.34,68.87
149531,Active,60746,NA,NA,D,6,1,1578849.984,69.95,2005,36,4,18.54
149532,Active,527043,NA,NA,D,4,1,884830.0938,198,2008,26,28.98,65.99
149533,Active,246825,NA,NA,D,4,1,138314.88,77.53,2007,43,39.27,69.98
149534,Active,51866,NA,NA,D,10,1,885153.44,128,2006,88,4,10.05
149535,Active,252722,NA,NA,D,3,1,32614.70125,242.5,2010,104,9.34,68.42
149536,Active,252755,NA,NA,D,2,1,715142.8225,212,2011,37,4.47,22.55
149537,Active,616044,NA,NA,D,11,1,871490.4463,104,2008,44,18.99,27.99
149538,Active,267158,NA,NA,D,7,1,2347830.345,90,2006,23,4,42.93
149539,Active,276264,NA,NA,D,2,1,1021313.878,112,2003,26,43.97,63.93
149540,Active,609868,NA,NA,D,15,1,230516.3463,192.95,2013,86,5.99,16.82
149541,Active,183421,NA,NA,D,13,1,1266012.878,221.95,2006,75,4,11.87
149542,Active,3272257,NA,NA,D,2,1,2621387.515,74.52,2005,37,7.41,48.12
149543,Active,117093,NA,NA,D,3,1,356767.9238,47.4,2008,85,4.39,19.32
149544,Active,527034,NA,NA,D,4,1,24421.65,64.6,2012,31,43.99,48.98
149545,Active,158288,NA,NA,D,4,1,449866.5863,52.95,2008,54,9.05,35.91
149546,Active,622887,NA,NA,D,2,1,866900.4863,55.95,1992,49,4,19.94
149547,Active,162177,NA,NA,D,1,0,368441.8875,37.89,2007,41,5.46,13.99
149548,Active,637876,NA,NA,S,1,0,643066.2225,73.87,2011,38,4.33,45.75
149549,Active,2105076,NA,NA,D,0,0,150857.6438,62.99,2013,16,40.43,42.61
149550,Active,2085922,NA,NA,D,0,0,378794.625,77.99,2013,10,48.99,53.98
149551,Active,2085921,NA,NA,D,0,0,313534.745,62.99,2013,21,40.48,42.37
149552,Active,2085937,NA,NA,D,0,0,432560.1825,62.99,2013,29,33.98,40.43
149553,Active,2104970,NA,NA,D,0,0,120041.1775,62.99,2013,17,38.85,42.44
149554,Active,2100319,NA,NA,D,0,0,157218.0538,62.99,2013,19,33.99,34.99
149555,Active,625553,NA,NA,D,1,0,771170.2675,60,1992,54,4,9.74
149556,Active,288701,NA,NA,S,6,1,274881.7775,197.33,2009,38,15.92,49.99
149557,Active,859571,NA,NA,D,5,1,733549.685,152.67,2007,29,6.61,62.29
149558,Active,527026,NA,NA,D,5,1,59796.72,216.8,2011,95,12.52,64.06
149559,Active,621053,NA,NA,D,3,1,793864.53,134.9,2004,29,4.49,67.99
149560,Active,715235,NA,NA,D,5,1,3253461.198,153.33,2007,34,4,103.83
149561,Active,145605,NA,NA,D,5,1,1887416.43,156.67,2006,34,8.37,8.97
149562,Active,146596,NA,NA,D,6,1,155747.4775,211.33,2010,25,16.91,214.66
149563,Active,177025,NA,NA,D,3,1,2826291.689,212.95,2005,25,4,28.99
149564,Active,57102,NA,NA,D,3,1,50091.17625,233.4,2010,113,7.99,51.09
149565,Active,2264268,NA,NA,D,3,1,269701.18,80.99,2010,33,11.82,65.43
149566,Active,635768,NA,NA,S,5,1,167451.42,236.8,2011,32,32.13,180.03
149567,Active,111260,NA,NA,D,1,0,183553.96,132.19,2010,43,10.66,53.53
149568,Active,60748,NA,NA,D,3,1,1109502.14,152.67,2005,41,4.54,16.23
149569,Active,52546,NA,NA,D,10,1,10926.37375,193.8,2010,166,8.63,53.98
149570,Active,52545,NA,NA,D,8,1,157974.47,119.33,2005,142,5.84,13.98
149571,Active,52548,NA,NA,D,9,1,686911.4913,124.2,2008,21,7.49,61.93
149572,Active,52265,NA,NA,S,8,1,26086.86875,367.95,2010,98,21.29,53.99
149573,Active,52972,NA,NA,S,9,1,16185.55875,247.6,2011,128,23.38,63.99
149574,Active,60162,NA,NA,S,5,1,497106.34,97.95,1996,58,6.14,43.98
149575,Active,561286,NA,NA,D,2,1,764435.9438,238.67,2010,27,8.41,524.19
149576,Active,626266,NA,NA,D,1,0,276411.4463,200.23,2010,30,31.7,83.84
149577,Active,618268,NA,NA,S,2,1,73344.69125,272.25,2009,56,27.17,37.97
149578,Active,146369,NA,NA,S,4,1,251667.86,247.6,2011,67,32.97,130.13
149579,Active,613399,NA,NA,S,3,1,828422.9063,168,2004,81,5.97,38.72
149580,Active,616108,NA,NA,S,6,1,601463.3788,114,2001,51,5.96,61.57
149581,Active,108332,NA,NA,D,6,1,1305533.08,151.23,2007,34,38.98,90.32
149582,Active,146614,NA,NA,D,4,1,1005620.301,220,2010,25,26.86,815.99
149583,Active,1574330,NA,NA,D,5,1,4418954.484,314.7,2006,21,4.64,61.85
149584,Active,561385,NA,NA,D,2,1,2105640.041,238.67,2010,12,32.56,203.94
149585,Active,561386,NA,NA,D,2,1,998386.335,238.67,2010,25,6,143.92
149586,Active,619885,NA,NA,S,2,1,858092.1625,114,2001,46,5.51,79.99
149587,Active,620804,NA,NA,D,5,1,103637.3688,144,2008,68,9.28,63.38
149588,Active,874079,NA,NA,D,2,1,4215623.758,5.37,2007,18,4.94,5.26
149589,Active,533857,NA,NA,D,4,1,112633.545,247.6,2012,58,51.02,103.98
149590,Active,50088,NA,NA,S,2,1,717155.0575,164,2004,55,4.43,42.44
149591,Active,741697,NA,NA,D,4,1,1848858.789,210,2008,20,4.98,210
149592,Active,50060,NA,NA,D,5,1,50872.8575,157,2008,101,9.05,19.98
149593,Active,52973,NA,NA,D,7,1,152591.0213,144,2004,41,13.78,41.29
149594,Active,178879,NA,NA,S,2,1,98327.47875,155.95,2011,58,50.2,113.98
149595,Active,669042,NA,NA,D,6,1,981659.2813,41.99,2012,15,18.99,21.95
149596,Active,183653,NA,NA,D,5,1,30851.8625,96.46,2007,143,25.1,63.37
149597,Active,292175,NA,NA,S,4,1,37075.34125,215.8,2004,89,11.19,36.49
149598,Active,872078,NA,NA,D,5,1,1564427.096,174,2013,24,43.99,118.51
149599,Active,905400,NA,NA,D,1,0,674780.2638,41.95,2003,19,10.45,36.94
149600,Active,616049,NA,NA,D,2,1,132808.8175,75.95,2006,92,9.63,27.97
149601,Active,3140931,NA,NA,D,3,1,2606052.508,59,2004,20,7.6,52.57
149602,Active,1655556,NA,NA,D,1,0,146045.3363,40,2009,105,4.06,30.97
149603,Active,704773,NA,NA,D,6,1,803820.175,99,2004,23,6.39,26.53
149604,Active,877749,NA,NA,D,7,1,933253.5875,193.51,2006,26,26.87,61.92
149605,Active,628741,NA,NA,D,9,1,661294.3525,186.33,2009,27,37.47,154.3
149606,Active,60755,NA,NA,D,8,1,1765418.468,80,2007,42,4.04,18.49
149607,Active,615439,NA,NA,D,0,0,469585.5563,49,1990,73,4,42.9
149608,Active,609869,NA,NA,S,10,1,124617.665,131.6,2013,56,17.58,75.15
149609,Active,56197,NA,NA,D,6,1,4702621.941,67.4,2002,49,4,4.36
149610,Active,56194,NA,NA,D,7,1,2150663.546,89.33,2005,64,4,4.45
149611,Active,616461,NA,NA,D,7,1,1363747.859,56.85,2004,37,4,12.9
149612,Active,60989,NA,NA,D,8,1,773556.4213,67.4,2006,63,3.79,21.82
149613,Active,117423,NA,NA,D,1,0,700716.755,102.6,2007,48,4,13.94
149614,Active,527240,NA,NA,D,0,0,692646.4238,271.8,2013,52,4,16.91
149615,Active,622948,NA,NA,S,0,0,507028.3613,312.2,2014,55,7.49,41.99
149616,Active,119380,NA,NA,D,0,0,1154207.513,257.6,2012,45,4.45,13.97
149617,Active,866877,NA,NA,S,28,1,237167.8388,298.4,2015,62,5.51,28.99
149618,Active,646540,NA,NA,D,1,0,217350.715,39.95,2007,31,11.65,17.89
149619,Active,655263,NA,NA,D,4,1,109613.12,78,2013,60,31.73,42.93
149620,Active,205981,NA,NA,D,1,0,250135.4963,52,2005,39,7.13,21.94
149621,Active,1936201,NA,NA,D,7,1,606212.6413,94.99,2011,7,14.28,27.7
149622,Active,912034,NA,NA,D,2,1,1407325.618,55.4,2000,20,8.28,74.89
149623,Active,538485,NA,NA,S,9,1,7638.555,285.25,2013,99,43.53,87.99
149624,Active,57598,NA,NA,D,7,1,945597.0013,220.5,2007,63,5.94,117.77
149625,Active,416595,NA,NA,D,8,1,735168.9113,213,2010,42,4.65,33.98
149626,Active,57599,NA,NA,D,8,1,124707.8975,75.32,2010,115,7.98,28.98
149627,Active,847355,NA,NA,D,2,1,2286744.881,55.96,1996,34,4,24.99
149628,Active,132423,NA,NA,D,2,1,382939.9613,158.4,2004,41,4,32.94
149629,Active,873586,NA,NA,D,7,1,2155428.079,50.95,2002,37,4,6.13
149630,Active,553988,NA,NA,D,4,1,581778.7925,74.4,1992,73,4,28.43
149631,Active,2333254,NA,NA,S,7,1,586524.1963,76.95,1992,27,5.28,28.17
149632,Active,113575,NA,NA,D,4,1,1394923.121,126,2002,14,11.58,58.98
149633,Active,193559,NA,NA,D,2,1,2369588.381,90,2007,22,4,8.99
149634,Active,915297,NA,NA,D,3,1,784239.1325,99,2010,31,6.98,13.53
149635,Active,775853,NA,NA,D,6,1,883320.62,69,2004,29,4,9.93
149636,Active,737658,NA,NA,D,4,1,1366876.285,38,2008,16,5.44,21.99
149637,Active,546377,NA,NA,D,2,1,539821.9888,61.99,2010,109,4,39.23
149638,Active,3609279,NA,NA,D,2,1,2737308.15,71.27,1988,22,9.94,69.49
149639,Active,622630,NA,NA,S,3,1,50266.33375,145,2011,51,33.99,77.19
149640,Active,147093,NA,NA,D,4,1,567871.56,77.95,2003,37,4,15.8
149641,Active,743227,NA,NA,D,3,1,9634363.063,74.95,2000,14,4,7.49
149642,Active,534041,NA,NA,D,2,1,1721373.545,104,2003,24,7.69,14.15
149643,Active,650301,NA,NA,D,2,1,2702037.018,145,2006,17,40.75,48.12
149644,Active,115308,NA,NA,D,6,1,2204539.504,78.6,2003,36,4,64.65
149645,Active,607096,NA,NA,D,2,1,3199355.994,76.95,1999,20,10.17,27.34
149646,Active,131969,NA,NA,D,3,1,674860.2038,78.4,2006,56,4,40.65
149647,Active,133311,NA,NA,D,4,1,48023.6225,109.95,2010,49,34.22,79.92
149648,Active,629245,NA,NA,D,5,1,687276.0413,39.95,2001,31,4,13.54
149649,Active,231594,NA,NA,D,3,1,2016025.803,44.95,2004,32,4,7.97
149650,Active,913456,NA,NA,D,3,1,2114776.289,105,2002,28,5.76,51.19
149651,Active,2874123,NA,NA,S,0,0,2907859.834,22.95,1995,37,4,11.35
149652,Active,170014,NA,NA,D,3,1,294059.9438,117.95,2010,48,6.22,25.99
149653,Active,164435,NA,NA,D,6,1,1222460.29,18.99,2004,31,4,18.97
149654,Active,907278,NA,NA,D,2,1,1924438.694,111,2004,17,6.61,43.89
149655,Active,3620060,NA,NA,D,2,1,3734654.7,286.95,2001,18,7.77,9.92
149656,Active,546587,NA,NA,D,2,1,392575.4325,39.95,2007,29,5.39,39.95
149657,Active,607734,NA,NA,D,6,1,112706.71,184,2009,39,64.44,263.03
149658,Active,793472,NA,NA,D,2,1,4295899.445,145,2001,15,3.25,44.09
149659,Active,212989,NA,NA,D,2,1,1245450.793,76.95,2001,37,4,38.98
149660,Active,296173,NA,NA,D,5,1,1025642.796,167.95,2007,17,93.98,103.2
149661,Active,534716,NA,NA,D,5,1,102422.0863,46,2012,62,5.76,23.9
149662,Active,270649,NA,NA,D,4,1,680699.0663,48.95,2009,96,4,6.93
149663,Active,904918,NA,NA,D,5,1,2846803.585,42.99,2006,21,4.77,42.99
149664,Active,705383,NA,NA,D,4,1,6141119.515,51.02,2003,45,4.58,43.85
149665,Active,106220,NA,NA,D,2,1,1126321.675,255,2006,24,16.95,43.99
149666,Active,2350449,NA,NA,D,2,1,1148943.084,187,2004,51,5.16,76.99
149667,Active,159432,NA,NA,D,2,1,1675248.309,210,2002,14,3,8.75
149668,Active,270891,NA,NA,D,1,0,106257.2488,60,2009,23,40.54,0
149669,Active,889589,NA,NA,D,3,1,3823772.388,149,2001,25,4,40.49
149670,Active,478817,NA,NA,D,4,1,2383725.034,169,2006,27,5.52,26.71
149671,Active,159411,NA,NA,D,3,1,4741748.386,122,2002,13,6.46,28.98
149672,Active,270915,NA,NA,D,3,1,138533.9225,57,2010,56,37.95,49.92
149673,Active,147659,NA,NA,D,3,1,62770.915,97.95,2011,94,33.58,40.96
149674,Active,711008,NA,NA,S,6,1,843434.8725,100,2000,28,6.69,26.8
149675,Active,2343286,NA,NA,D,2,1,3040494.075,65.7,1980,27,4,53.63
149676,Active,173810,NA,NA,D,6,1,1613191.28,91,2005,27,6.81,43.99
149677,Active,60760,NA,NA,D,3,1,415934.5188,65.95,2002,64,4,27.85
149678,Active,108367,NA,NA,D,1,0,214367.9538,179.75,2006,16,7.34,22.98
149679,Active,632039,NA,NA,D,0,0,623662.6175,79.95,2013,37,12.82,62.53
149680,Active,619110,NA,NA,D,1,0,156848.2013,54.95,2013,49,7.7,0
149681,Active,50599,NA,NA,S,13,1,6745.9825,58.1,2011,212,20.2,61.98
149682,Active,880762,NA,NA,D,11,1,1722262.469,147.48,2006,29,9.57,144.43
149683,Active,564271,NA,NA,D,4,1,1567168.924,99,1986,11,9.54,272.96
149684,Active,50670,NA,NA,D,12,1,178062.1438,36.62,2005,59,4,21.4
149685,Active,50669,NA,NA,D,11,1,832035.5213,19.78,2002,63,4.5,15.47
149686,Active,108846,NA,NA,D,12,1,816589.915,140.25,2005,64,5.48,18.99
149687,Active,50304,NA,NA,D,17,1,747011.0888,29.96,2009,113,4.13,24.74
149688,Active,50303,NA,NA,D,16,1,1388387.596,14.39,2007,56,4.13,14.39
149689,Active,137491,NA,NA,D,2,1,1586485.31,113.33,2004,27,5.27,42.84
149690,Active,286266,NA,NA,D,6,1,338222.7013,174,2007,36,22,121.75
149691,Active,196117,NA,NA,D,3,1,1299978.498,100,1999,30,4,38.75
149692,Active,909376,NA,NA,S,0,0,392660.4938,42,1994,23,43.36,82.13
149693,Active,137453,NA,NA,D,1,0,1974778.04,96.2,2002,33,4,43.94
149694,Active,540619,NA,NA,D,2,1,18033.34625,217.4,2012,193,8.23,37.32
149695,Active,169691,NA,NA,D,1,0,975105.2513,314.95,2009,76,4,14.85
149696,Active,146210,NA,NA,D,1,0,956399.7775,194.93,2009,17,10.64,236.31
149697,Active,738566,NA,NA,D,3,1,587895.6313,49,2011,26,5.97,19.98
149698,Active,162496,NA,NA,D,6,1,372643.5713,148.99,2008,29,12.32,103.69
149699,Active,751279,NA,NA,D,6,1,2317666.108,41.98,2009,18,10.24,23.87
149700,Active,555324,NA,NA,D,2,1,5748629.755,80,1996,23,4,62.83
149701,Active,221819,NA,NA,D,2,1,1218135.936,115.95,2007,16,46.68,98.06
149702,Active,3482763,NA,NA,D,3,1,3248706.95,120,2000,32,4,43.37
149703,Active,143208,NA,NA,D,3,1,1416035.894,44,2007,32,4,16.87
149704,Active,143627,NA,NA,D,2,1,503675.3838,48,2009,41,8.99,45.83
149705,Active,142878,NA,NA,D,0,0,571106.835,42,2004,37,4,23.99
149706,Active,433339,NA,NA,D,3,1,1449547.889,178,2006,47,4,23.98
149707,Active,877761,NA,NA,D,9,1,493761.475,224,2007,49,11.4,95.8
149708,Active,57915,NA,NA,D,10,1,364790.9075,73.3,2010,57,13.64,71.85
149709,Active,538835,NA,NA,S,11,1,4543.95875,363.75,2013,89,50.99,62.94
149710,Active,57913,NA,NA,S,8,1,491475.4138,14.92,2005,107,4.32,11.76
149711,Active,54122,NA,NA,D,13,1,1953918.138,212.95,2004,40,4,8.49
149712,Active,546684,NA,NA,D,7,1,280111.74,37.95,2012,19,7.82,37.95
149713,Active,270585,NA,NA,D,6,1,637286.1563,69.95,2009,24,4,17.99
149714,Active,1470053,NA,NA,D,5,1,3241756.416,60,2006,23,4.38,68.15
149715,Active,60764,NA,NA,D,3,1,2203510.753,83.2,2005,34,4,12.99
149716,Active,1472153,NA,NA,D,6,1,1947811.653,71.5,2009,20,6.31,170.71
149717,Active,560459,NA,NA,D,4,1,556982.195,49,2012,16,12.28,28.49
149718,Active,875688,NA,NA,D,4,1,360873.15,42.99,2011,36,22.79,33.99
149719,Active,700767,NA,NA,D,5,1,1461038.294,59.95,2005,39,4.64,32.44
149720,Active,903946,NA,NA,D,0,0,871826.8238,49.95,2009,21,31.99,34.81
149721,Active,911959,NA,NA,D,2,1,1927541.744,139.2,1999,30,4.18,21.49
149722,Active,879700,NA,NA,D,5,1,1592211.475,20.99,2009,32,4.39,23.99
149723,Active,110453,NA,NA,D,2,1,746830.0325,97.4,2010,96,5.48,59.95
149724,Active,57625,NA,NA,D,4,1,144644.135,455.95,2006,123,5.57,23.89
149725,Active,296172,NA,NA,D,3,1,1378510.049,89.95,2005,24,4.04,29.33
149726,Active,869618,NA,NA,D,2,1,1988845.516,49.95,2001,23,4,28.75
149727,Active,549829,NA,NA,D,2,1,943760.5425,28.89,2001,28,11.95,58.67
149728,Active,904174,NA,NA,D,0,0,1730931.959,112,1995,19,13.05,100.08
149729,Active,113330,NA,NA,D,3,1,582782.5138,84.95,2007,21,10.18,54
149730,Active,110212,NA,NA,D,5,1,652119.4213,146,2008,48,4.88,18.98
149731,Active,52055,NA,NA,D,4,1,637395.7963,9.5,2006,98,4,10.99
149732,Active,288410,NA,NA,D,4,1,1923754.494,41,2006,31,4,9.95
149733,Active,143252,NA,NA,D,5,1,746956.5813,46,2009,36,4,33.94
149734,Active,3073531,NA,NA,D,4,1,2794852.018,90,2000,19,11.62,77.27
149735,Active,560467,NA,NA,D,6,1,201185.6163,49,2012,24,12.39,35.98
149736,Active,203666,NA,NA,D,4,1,1559374.748,129,2004,20,11.86,58.99
149737,Active,901311,NA,NA,D,3,1,3212322.293,26.48,2008,21,4.98,100.56
149738,Active,755150,NA,NA,D,2,1,3736890.499,75,2003,25,4.97,48.39
149739,Active,50839,NA,NA,D,10,1,803669.2763,276.95,2007,40,4.64,5.46
149740,Active,113119,NA,NA,D,2,1,592745.9875,103,2008,23,7.69,43.48
149741,Active,230939,NA,NA,S,3,1,708108.7438,99.95,1998,36,4,42.34
149742,Active,618517,NA,NA,D,1,0,1722658.734,86.95,2004,38,3.99,8.27
149743,Active,57909,NA,NA,D,8,1,366518.1838,21.99,2005,57,4,17
149744,Active,504224,NA,NA,D,2,1,1178053.194,72,2007,19,4.48,11.99
149745,Active,166068,NA,NA,D,1,0,1730103.695,7.95,2004,44,4,9.87
149746,Active,127969,NA,NA,D,2,1,446824.4725,99.95,1998,50,4,42.89
149747,Active,60768,NA,NA,S,5,1,845105.8825,164.95,2001,35,4.97,48.99
149748,Active,450996,NA,NA,D,7,1,1270068.545,355.95,2009,22,25.99,45.98
149749,Active,594548,NA,NA,D,2,1,623169.245,79.95,2012,43,33.59,58.98
149750,Active,56657,NA,NA,D,3,1,1111240.063,180.8,2008,41,5.62,8.67
149751,Active,536555,NA,NA,S,5,1,18565.24,219,2012,137,41.78,83.99
149752,Active,901668,NA,NA,D,2,1,1391140.359,94.95,1999,17,11.01,23.73
149753,Active,50659,NA,NA,D,2,1,875157.9163,142.95,2004,60,4,14.74
149754,Active,2313720,NA,NA,S,4,1,895919.2088,91.8,1992,60,4,23.99
149755,Active,173660,NA,NA,D,2,1,1798227.16,103,2003,14,8.45,122.44
149756,Active,143088,NA,NA,D,1,0,520284.815,46,2006,43,4,72.33
149757,Active,50137,NA,NA,D,6,1,3738.2525,282.95,2011,178,13.98,42.98
149758,Active,111002,NA,NA,D,1,0,1622765.31,34.5,2008,60,4,41.54
149759,Active,50653,NA,NA,D,3,1,1423796.496,17.74,2006,66,4,36.49
149760,Active,251215,NA,NA,S,6,1,529792.3688,302.95,2009,33,14.74,59.49
149761,Active,541266,NA,NA,D,3,1,1462157.53,101.5,2002,29,4.08,25.98
149762,Active,50142,NA,NA,D,10,1,33939.7725,204,2011,80,7.99,62.69
149763,Active,50135,NA,NA,D,4,1,140306.81,341.95,2006,184,4,28.48
149764,Active,50144,NA,NA,D,8,1,224806.0113,147.67,2006,72,4,22.06
149765,Active,561847,NA,NA,D,3,1,3483325.353,52.95,2003,39,4,4
149766,Active,533854,NA,NA,D,6,1,263114.6313,61.95,2011,37,9.31,44.77
149767,Active,120853,NA,NA,S,13,1,22732.46875,302,2011,150,23.6,53.78
149768,Active,741575,NA,NA,D,12,1,5251770.994,0,2009,25,4,110.83
149769,Active,329789,NA,NA,D,4,1,2011057.325,102,2005,70,4,4.96
149770,Active,53007,NA,NA,D,11,1,844657.16,127,2005,89,4.21,10.99
149771,Active,270899,NA,NA,D,1,0,648384.67,92,2010,29,18.1,43.99
149772,Active,539461,NA,NA,S,15,1,3431.79125,273.4,2013,106,20.35,72.45
149773,Active,118335,NA,NA,D,14,1,21123.69375,257.2,2011,147,15.02,42.49
149774,Active,53998,NA,NA,D,13,1,71009.72625,217.33,2009,72,18.83,28.98
149775,Active,766349,NA,NA,S,6,1,1507526,117.55,2011,55,4.78,57.22
149776,Active,53450,NA,NA,D,8,1,439077.3825,147.67,2006,111,4,23.99
149777,Active,53448,NA,NA,D,6,1,2953.75,282.95,2011,338,11.98,37.98
149778,Active,920638,NA,NA,S,6,1,616566.145,13.99,2012,48,5.03,13.98
149779,Active,744822,NA,NA,D,4,1,6007450.93,103.95,2004,27,4,4.49
149780,Active,298607,NA,NA,D,6,1,506221.3038,302.95,2009,33,6.72,62.59
149781,Active,876020,NA,NA,D,3,1,1267125.378,85.56,2000,33,4,15.04
149782,Active,53449,NA,NA,D,10,1,41382.23625,204,2011,153,11.22,90.51
149783,Active,539422,NA,NA,S,11,1,12735.29,257.6,2013,81,32.69,68.98
149784,Active,198463,NA,NA,D,5,1,1015804.814,274.95,2007,43,4.13,21.17
149785,Active,154320,NA,NA,D,3,1,2978192.598,106.5,2002,41,4,12.22
149786,Active,53446,NA,NA,D,4,1,40524.9875,341.95,2006,234,4,77.05
149787,Active,876555,NA,NA,D,7,1,856300.3813,482,2011,18,42.7,219.98
149788,Active,112828,NA,NA,D,4,1,1768020.95,62.95,2005,37,4.95,15.94
149789,Active,285713,NA,NA,D,5,1,913329.6275,69.95,2011,31,5.98,42.31
149790,Active,50359,NA,NA,D,10,1,2361580.764,123,1999,38,4,20.99
149791,Active,50360,NA,NA,D,11,1,375407.2488,200,2003,24,4.13,353.99
149792,Active,639636,NA,NA,S,9,1,19813.45125,272,2013,78,39.09,103.75
149793,Active,2609240,NA,NA,D,6,1,2853977.313,54.95,1997,14,33.99,110
149794,Active,2674680,NA,NA,D,2,1,600353.5638,57.06,1978,38,4,63.23
149795,Active,553306,NA,NA,D,5,1,1179304.864,187.33,2012,24,5.98,105.1
149796,Active,255803,NA,NA,D,2,1,145770.6888,56.95,2010,41,19.77,26.75
149797,Active,243852,NA,NA,D,5,1,257726.1625,227.95,2010,88,6.36,55.18
149798,Active,245193,NA,NA,D,4,1,1380823.388,221.95,2005,72,4,21.24
149799,Active,587884,NA,NA,D,5,1,127195.455,188,2012,38,15.31,96.99
149800,Active,548192,NA,NA,D,3,1,1107346.91,153.95,2001,31,7.73,43.98
149801,Active,752479,NA,NA,D,9,1,2938587.001,114.91,2010,16,15.18,116.36
149802,Active,177214,NA,NA,D,4,1,647029.2738,290.95,2005,46,7.73,29.99
149803,Active,639348,NA,NA,D,2,1,1441994.234,83.95,2007,38,27.27,70.55
149804,Active,246513,NA,NA,D,1,0,1175100.701,104.95,2006,23,36.42,53.99
149805,Active,257507,NA,NA,D,5,1,295019.6313,159.95,2003,32,13.51,58.27
149806,Active,832416,NA,NA,D,3,1,1305484.751,84.95,1997,34,4,21.45
149807,Active,281047,NA,NA,D,0,0,428240.6425,79.99,2004,31,36.09,54.9
149808,Active,2311109,NA,NA,D,2,1,1858251.574,61.25,1995,26,4,51.41
149809,Active,2408042,NA,NA,D,2,1,3183111.646,76,1995,21,7.83,50.94
149810,Active,113538,NA,NA,D,1,0,360988.3988,110,2002,24,5.24,37.36
149811,Active,541199,NA,NA,D,3,1,1360679.134,99,2006,23,27.75,79.49
149812,Active,50257,NA,NA,D,17,1,143012.8063,103.6,2009,47,4,23.94
149813,Active,192916,NA,NA,D,4,1,2473751.954,64.95,2003,39,4,11.98
149814,Active,526917,NA,NA,D,5,1,337087.23,85.95,2008,33,4,21.62
149815,Active,559473,NA,NA,S,0,0,35835.58375,115,2011,77,51.88,70.2
149816,Active,885319,NA,NA,D,0,0,815779.2725,47.5,2010,10,18.84,28.98
149817,Active,212920,NA,NA,D,1,0,2337791.604,59.95,1998,29,4,43.89
149818,Active,213025,NA,NA,D,2,1,351690.735,100,2003,38,20.88,84.58
149819,Active,2261701,NA,NA,D,4,1,251253.8625,121.99,2006,27,67.88,194.1
149820,Active,903477,NA,NA,D,3,1,4219963.126,289,1995,22,12.45,74.73
149821,Active,625790,NA,NA,D,0,0,1569587.966,176.95,2000,30,5.01,68.28
149822,Active,126528,NA,NA,S,2,1,468065.585,129,2005,13,17.48,30.98
149823,Active,724886,NA,NA,D,2,1,2457134.66,74,2009,38,4,40.99
149824,Active,522338,NA,NA,D,0,0,924637.225,339,2008,32,24.67,72.8
149825,Active,545421,NA,NA,D,2,1,1978161.209,119,2011,11,49.99,91.34
149826,Active,570472,NA,NA,S,3,1,165973.5675,79.99,2011,26,23.99,130.83
149827,Active,526912,NA,NA,D,0,0,703836.65,295,2013,59,4.35,29.88
149828,Active,112039,NA,NA,D,0,0,1140057.555,8.98,2012,45,4,8.98
149829,Active,538750,NA,NA,S,0,0,274437.9863,295,2014,82,6.47,21.01
149830,Active,2867175,NA,NA,S,1,0,4207417.018,84.99,1996,19,4,52.1
149831,Active,2344390,NA,NA,D,2,1,2358789.414,133.53,1975,22,6.39,130.6
149832,Active,255420,NA,NA,D,3,1,628813.0575,99.95,2008,47,7.82,0
149833,Active,566623,NA,NA,D,2,1,372283.335,29.98,2004,30,12.98,81.33
149834,Active,106575,NA,NA,D,3,1,529077.7325,49.95,2007,23,10.4,17.17
149835,Active,259358,NA,NA,S,0,0,229026.8388,69,2001,31,5.35,63.55
149836,Active,222812,NA,NA,D,4,1,1855821.406,54,2004,35,4,19.98
149837,Active,749282,NA,NA,D,1,0,493099.0275,70,2007,20,6.94,23.97
149838,Active,622059,NA,NA,D,3,1,1426184.334,80.95,2004,38,4,12.99
149839,Active,606758,NA,NA,S,7,1,699497.4138,49.95,2003,45,4,33.86
149840,Active,642217,NA,NA,D,4,1,1040823.938,49.99,2012,36,5.26,16.41
149841,Active,661029,NA,NA,D,2,1,1872055.755,39.99,2012,44,4.5,26.85
149842,Active,252895,NA,NA,D,1,0,257481.9463,49.99,2009,52,4.57,20.67
149843,Active,1886289,NA,NA,D,3,1,747333.6538,54.99,2011,81,4,7.9
149844,Active,526908,NA,NA,D,4,1,453469.6363,54.99,2012,46,8.08,33.99
149845,Active,613588,NA,NA,D,2,1,1621328.893,59.99,2007,52,4.32,21.99
149846,Active,639186,NA,NA,D,6,1,781780.25,59.99,2010,48,4.63,25.48
149847,Active,620797,NA,NA,D,1,0,471976.8238,44.99,2009,44,4,10.1
149848,Active,3089107,NA,NA,D,2,1,2561235.701,59.99,2005,26,5.34,13.74
149849,Active,266932,NA,NA,D,2,1,1315297.53,99.99,2007,26,31.99,59.04
149850,Active,624297,NA,NA,D,1,0,81562.63875,49.99,2011,35,8.58,9.33
149851,Active,658248,NA,NA,D,3,1,764187.915,49.99,2012,18,45.49,40.79
149852,Active,2575510,NA,NA,D,2,1,846205.7763,94.95,1986,22,27.99,83.95
149853,Active,908981,NA,NA,D,2,1,1475657.821,123,2004,22,11.94,73.25
149854,Active,114054,NA,NA,S,6,1,589260.945,111,2000,55,4.12,23.97
149855,Active,52506,NA,NA,S,8,1,14605.855,252.95,2011,104,20.08,87.99
149856,Active,912445,NA,NA,D,8,1,193475.7663,16.98,2011,27,15.89,22.14
149857,Active,52505,NA,NA,S,6,1,342164.4788,180.95,2003,93,4,23.79
149858,Active,526896,NA,NA,D,3,1,641868.98,139.95,2004,17,23.99,76.98
149859,Active,1923838,NA,NA,D,0,0,1434432.034,99,2011,23,58.98,58.98
149860,Active,2347510,NA,NA,D,3,1,5180113.669,46.45,1993,11,6.39,46.32
149861,Active,642399,NA,NA,D,3,1,1700209.363,108.3,1993,26,4,47.99
149862,Active,911780,NA,NA,S,3,1,526289.775,103.5,1991,32,13.59,77.88
149863,Active,2502802,NA,NA,D,3,1,3204691.006,89.95,1992,24,10.79,60.05
149864,Active,116092,NA,NA,D,9,1,2175625.933,110,2005,74,4,9.94
149865,Active,144710,NA,NA,D,4,1,699402.2613,103,2003,38,4,13.75
149866,Active,145591,NA,NA,D,5,1,611914.9488,119,2006,26,4,33.82
149867,Active,212930,NA,NA,D,6,1,209028.8925,45.95,1999,109,4,16.98
149868,Active,533441,NA,NA,D,7,1,64550.08875,150.2,2012,60,6.22,43.59
149869,Active,742009,NA,NA,D,6,1,2090499.395,53.94,2009,15,8.97,51
149870,Active,60774,NA,NA,D,7,1,2952572.53,107,2005,33,4,7.98
149871,Active,120703,NA,NA,D,8,1,434680.5713,124,2008,45,4,13.99
149872,Active,55056,NA,NA,D,9,1,169243.2188,160,2006,138,4,23.99
149873,Active,873813,NA,NA,S,13,1,66361.3325,110.95,2015,38,25.99,58.99
149874,Active,649549,NA,NA,S,15,1,130165.0175,84.75,2013,58,20.98,42.94
149875,Active,244304,NA,NA,D,0,0,536317.7375,38.99,2011,41,11.84,48.79
149876,Active,565893,NA,NA,D,13,1,974091.6238,129.82,2009,35,4,48.87
149877,Active,537397,NA,NA,D,8,1,922340.4688,164.2,2011,26,36.15,128.94
149878,Active,54677,NA,NA,D,8,1,51947.8675,148.6,2011,101,11.98,48.01
149879,Active,616884,NA,NA,D,7,1,2612261.98,146,2008,21,4.91,11.99
149880,Active,193660,NA,NA,D,4,1,1942190.845,144,2009,21,4.69,9.24
149881,Active,632697,NA,NA,D,3,1,3886262.706,99,2005,15,6.16,15.04
149882,Active,193473,NA,NA,D,7,1,4545669.278,101,2005,18,4.4,43.94
149883,Active,288400,NA,NA,D,4,1,1889078.588,68,2004,28,3.88,29.89
149884,Active,195138,NA,NA,D,3,1,1194950.859,85,2009,17,13.75,71.95
149885,Active,293363,NA,NA,D,3,1,153921.8713,54,2009,37,6.17,23.75
149886,Active,285485,NA,NA,D,11,1,270326.2675,145,2010,32,9.5,24.49
149887,Active,109017,NA,NA,D,10,1,1260390.436,23.1,2006,23,4.78,28.99
149888,Active,789298,NA,NA,D,3,1,3958703.346,59.95,2003,21,4.14,18.98
149889,Active,146989,NA,NA,S,2,1,453139.3875,68.95,2002,27,22.63,35.92
149890,Active,526881,NA,NA,D,2,1,1491197.028,179,2008,18,33.93,50.56
149891,Active,869877,NA,NA,D,3,1,519776.2725,35.72,2005,33,8.61,38.49
149892,Active,192483,NA,NA,D,3,1,1490976.635,52.95,2004,25,4,24.63
149893,Active,911798,NA,NA,D,4,1,566141.5938,69.95,2006,30,34.48,90.59
149894,Active,618546,NA,NA,D,2,1,979514.9513,73.49,2012,22,6.09,78.81
149895,Active,637270,NA,NA,D,3,1,507788.1513,81.95,2006,30,27.84,62.95
149896,Active,3573036,NA,NA,D,2,1,4271941.1,80,2004,16,10.84,52.23
149897,Active,249827,NA,NA,D,2,1,319577.4738,175.95,2006,26,7.42,85.71
149898,Active,2333623,NA,NA,D,4,1,1361323.866,99.5,1991,24,4.35,22.76
149899,Active,913931,NA,NA,D,0,0,342692.54,48,1999,26,4.77,88.28
149900,Active,2566184,NA,NA,D,4,1,2741435.895,175,1996,15,5.51,54.61
149901,Active,607794,NA,NA,D,4,1,92367.64,55.95,2010,52,8.92,29.89
149902,Active,607787,NA,NA,D,3,1,949381.18,57.95,2006,54,4.12,33.97
149903,Active,135642,NA,NA,D,2,1,281368.025,44.95,2008,28,6.39,18.25
149904,Active,607793,NA,NA,D,3,1,617291.4,46.95,2008,50,7.8,42.98
149905,Active,2815680,NA,NA,S,3,1,1605521.949,97.74,1980,20,4.76,56.75
149906,Active,666100,NA,NA,D,1,0,648565.5175,113.6,1998,33,6.36,70.75
149907,Active,105446,NA,NA,D,4,1,433036.3763,96.75,2007,29,6.58,75.08
149908,Active,526872,NA,NA,D,3,1,2584913.954,79.99,2008,25,4.96,53.74
149909,Active,607375,NA,NA,D,4,1,2760478.11,95.2,2005,22,4,42.71
149910,Active,621417,NA,NA,D,5,1,1496746.17,168,2007,23,13.99,28.49
149911,Active,623228,NA,NA,D,6,1,1713536.175,138,2008,25,21.84,49.93
149912,Active,619226,NA,NA,D,7,1,532361.015,219,2011,43,12.4,83
149913,Active,682131,NA,NA,D,7,1,2000376.329,29,2005,20,4,108.88
149914,Active,654735,NA,NA,D,8,1,1244332.101,42,2008,26,4,11.41
149915,Active,203727,NA,NA,D,3,1,2470143.941,50.95,2005,43,4,5.99
149916,Active,265847,NA,NA,D,2,1,752825.96,156,2001,38,9.06,35.33
149917,Active,57201,NA,NA,D,4,1,603853.6163,65,2004,35,7.41,52.95
149918,Active,57203,NA,NA,D,5,1,421573.6438,23.99,2008,43,8.98,28.94
149919,Active,57202,NA,NA,S,4,1,275473.2475,41.99,2004,65,9.52,58.99
149920,Active,161681,NA,NA,D,3,1,822353.755,65,2007,62,6.37,18.41
149921,Active,2568081,NA,NA,S,5,1,331962.7938,47.44,2002,58,4.49,48.98
149922,Active,608378,NA,NA,D,6,1,265145.0438,70,2006,36,14.98,93.65
149923,Active,144922,NA,NA,S,1,0,660740.2338,69.99,2005,72,4,28.74
149924,Active,117181,NA,NA,D,1,0,343633.8838,141,2006,34,39.44,62.14
149925,Active,868653,NA,NA,D,2,1,598047.96,54.95,2006,28,4,12.54
149926,Active,264222,NA,NA,D,4,1,2695858.99,44.95,2003,33,4,8.2
149927,Active,270788,NA,NA,D,2,1,315600.2613,63.99,2009,102,4,8.99
149928,Active,545684,NA,NA,D,3,1,45857.72375,68.99,2013,160,7.78,9.66
149929,Active,868704,NA,NA,S,4,1,805411.5275,69.95,2002,21,4.27,63.96
149930,Active,545898,NA,NA,D,7,1,4512.49375,77.95,2013,121,6.99,34.99
149931,Active,57132,NA,NA,D,6,1,96806.17625,73.95,2010,363,4,9.19
149932,Active,57131,NA,NA,D,5,1,1047416.13,59.95,2007,185,4,7.95
149933,Active,868307,NA,NA,D,3,1,958358.5188,59.95,1995,46,12.94,74.25
149934,Active,776009,NA,NA,D,2,1,1001301.725,43.95,2007,83,4,11.48
149935,Active,615411,NA,NA,D,3,1,537842.7075,49.95,2010,73,4,13.49
149936,Active,861352,NA,NA,D,4,1,117203.4063,49.95,2013,38,9.06,26.97
149937,Active,143533,NA,NA,D,0,0,1450094.563,50,2011,35,4.52,13.81
149938,Active,535355,NA,NA,S,1,0,826598.8288,106.95,2013,53,4.67,52.25
149939,Active,665570,NA,NA,D,2,1,429161.625,110.8,2010,19,83.85,88.99
149940,Active,804696,NA,NA,D,1,0,1341462.601,112.2,2004,18,4,25.1
149941,Active,53236,NA,NA,D,3,1,1438441.563,168.95,2005,35,4,28.87
149942,Active,860161,NA,NA,D,4,1,1345657.124,49.99,2010,34,4.95,14.85
149943,Active,752777,NA,NA,D,1,0,676797.1688,44.99,2010,53,4,13.98
149944,Active,642041,NA,NA,D,2,1,319757.9763,44.99,2013,45,7.29,13.39
149945,Active,558154,NA,NA,D,2,1,965186.5825,39,2007,27,8.99,44.95
149946,Active,117260,NA,NA,D,1,0,1217176.861,64.4,2007,63,4,6.93
149947,Active,56997,NA,NA,D,3,1,1146404.991,44.95,2002,51,3.99,7.48
149948,Active,2256395,NA,NA,D,5,1,1115680.151,172.04,2009,40,15.48,84.31
149949,Active,208538,NA,NA,S,2,1,634039.8338,97.2,1996,28,4.48,204.51
149950,Active,599566,NA,NA,S,3,1,712761.4675,50,2006,46,4.29,38.5
149951,Active,60777,NA,NA,S,2,1,254964.6788,14.98,1998,39,4,24.99
149952,Active,778323,NA,NA,D,4,1,3501049.556,53.51,2005,32,4.33,48.61
149953,Active,608976,NA,NA,D,2,1,645917.2863,93.95,2000,38,4,17.05
149954,Active,618307,NA,NA,D,2,1,484971.205,39.95,2006,49,4.04,18.99
149955,Active,146456,NA,NA,D,3,1,875723.0125,49.99,2011,80,4,8.73
149956,Active,613327,NA,NA,D,2,1,705519.5638,44.99,2009,127,3.98,7.32
149957,Active,912659,NA,NA,D,1,0,1505398.693,44.99,2008,28,6.38,22.98
149958,Active,1989622,NA,NA,D,1,0,665627.11,54.99,2014,26,3.78,4.21
149959,Active,569899,NA,NA,D,2,1,292209.5963,266.95,2002,50,4,19.99
149960,Active,918982,NA,NA,D,2,1,697242.2388,154.2,1996,51,4,44.48
149961,Active,56344,NA,NA,D,4,1,1445235.689,208.95,2006,59,4,12.99
149962,Active,181801,NA,NA,D,3,1,478723.925,49.99,2000,155,4,12.38
149963,Active,1615658,NA,NA,D,2,1,982161.8163,39.99,2006,55,4,19.54
149964,Active,1616054,NA,NA,D,3,1,221792.98,54.99,2010,111,5.73,19.94
149965,Active,1615901,NA,NA,D,2,1,976612.4438,49.99,2008,38,4,42.48
149966,Active,622116,NA,NA,D,5,1,313941.4813,59.99,1998,51,5.93,42.54
149967,Active,626232,NA,NA,S,5,1,303283.8613,217.95,2011,59,7.57,34.42
149968,Active,544708,NA,NA,S,6,1,61533.98125,198.95,2013,50,12.41,97.99
149969,Active,607756,NA,NA,D,8,1,278954.4125,90.67,2009,49,4,22.81
149970,Active,615165,NA,NA,D,1,0,1475013.864,80.2,2012,63,4,33.73
149971,Active,2249736,NA,NA,D,2,1,5662988.9,68.31,2007,17,30.6,81
149972,Active,344345,NA,NA,D,6,1,4102068.198,93.55,2006,29,4,93.55
149973,Active,697384,NA,NA,D,3,1,2177797.426,74.91,2006,20,6.31,57.4
149974,Active,326362,NA,NA,D,3,1,3665147.853,120,2005,21,4.76,73.99
149975,Active,340824,NA,NA,D,5,1,1336691.048,13.19,2002,42,3.96,13.16
149976,Active,537431,NA,NA,S,3,1,40831.60875,277.8,2012,51,38.49,96.89
149977,Active,620503,NA,NA,D,1,0,868803.08,182,2006,22,4.94,13.82
149978,Active,106388,NA,NA,D,5,1,545933.715,89.95,2006,32,4.98,25.79
149979,Active,105855,NA,NA,D,4,1,2468802.474,79.95,2002,31,4,41.91
149980,Active,408047,NA,NA,D,5,1,2657739.961,98.95,2006,14,4.42,38.01
149981,Active,110357,NA,NA,S,5,1,31945.59125,224,2010,64,19.98,67.27
149982,Active,60778,NA,NA,D,3,1,973603.735,5.18,2005,77,4,13.99
149983,Active,167169,NA,NA,D,9,1,1224075.043,60,2006,33,4.77,12.4
149984,Active,699803,NA,NA,D,3,1,2161759.066,50,2000,44,4,9.4
149985,Active,106337,NA,NA,D,4,1,1260965.009,55,2005,45,4,7.98
149986,Active,340183,NA,NA,D,2,1,1424467.111,79.95,2003,37,4,40.07
149987,Active,3492214,NA,NA,D,2,1,6953042.05,34,2000,46,4,24.98
149988,Active,526828,NA,NA,D,2,1,1403369.59,75,2009,16,6.57,7.28
149989,Active,149645,NA,NA,D,2,1,1761197.066,35.95,2006,26,5.32,43.96
149990,Active,509949,NA,NA,S,6,1,770705.0763,175,2010,21,6.18,124.73
149991,Active,169859,NA,NA,S,9,1,437440.7388,96.95,2009,55,4,44.85
149992,Active,564067,NA,NA,D,2,1,2767980.463,60.36,1998,53,4,13.97
149993,Active,258361,NA,NA,S,0,0,643789.315,76.5,2001,38,4,10.94
149994,Active,224451,NA,NA,D,2,1,747515.9925,57.95,1997,66,4,34.37
149995,Active,766273,NA,NA,D,5,1,2559630.341,76.95,2005,19,4,37.97
149996,Active,2592750,NA,NA,D,1,0,577702.5188,59.99,1976,36,5.99,74.19
149997,Active,633324,NA,NA,D,4,1,889659.775,49.95,2009,25,35.1,133.9
149998,Active,633177,NA,NA,D,5,1,383727.3375,78,2011,28,8.65,33.91
149999,Active,800209,NA,NA,D,4,1,565256.875,63.95,2005,43,5.47,21.66
150000,Active,2556681,NA,NA,D,4,1,353904.2038,215,1996,21,43.34,161.38
150001,Active,737518,NA,NA,D,2,1,2524614.358,172,2006,39,4.31,51.07
150002,Active,654688,NA,NA,D,3,1,531766.64,63,2009,40,6.94,69.49
150003,Active,613652,NA,NA,D,2,1,364643.02,146,2008,55,4.38,8.99
150004,Active,142702,NA,NA,D,4,1,537437.8488,39.95,2008,29,23.98,43.46
150005,Active,261758,NA,NA,D,3,1,2482168.63,49.95,2003,30,4,5.51
150006,Active,544982,NA,NA,D,4,1,32562.42625,54,2013,40,33.99,40.08
150007,Active,247777,NA,NA,D,3,1,100239.5125,60,2007,45,8.35,15.99
150008,Active,800705,NA,NA,D,5,1,187851.465,71,2007,35,6.79,19.49
150009,Active,602440,NA,NA,D,3,1,518837.135,36.95,2005,50,4.44,17.33
150010,Active,3128235,NA,NA,D,2,1,895181.4525,35.25,2002,21,4,4.04
150011,Active,2535801,NA,NA,D,18,1,1260825.429,36.95,1999,38,4,36.65
150012,Active,877327,NA,NA,S,10,1,16582.275,100.8,2013,46,27.56,48.99
150013,Active,184680,NA,NA,D,4,1,7926273.989,94.99,2002,11,19.42,66.23
150014,Active,645710,NA,NA,S,11,1,865403.1838,92,1997,25,5.52,79.06
150015,Active,904614,NA,NA,D,2,1,1290709.349,155,1997,16,27.68,59.21
150016,Active,670391,NA,NA,D,7,1,1656517.783,123.95,2006,19,23.83,63.99
150017,Active,526813,NA,NA,D,3,1,93377.9225,61.99,2011,33,34.47,34.14
150018,Active,2678445,NA,NA,D,0,0,354687.5263,42,1988,45,4,23.99
150019,Active,192713,NA,NA,D,2,1,107001.6463,79.95,1998,56,18.72,46.98
150020,Active,55808,NA,NA,D,5,1,144130.4063,75.99,2010,202,4,11.97
150021,Active,610350,NA,NA,D,6,1,11837.5525,81.99,2013,96,18.93,57.81
150022,Active,614590,NA,NA,D,1,0,161594.9163,33.95,2008,95,5.54,17.97
150023,Active,577361,NA,NA,D,3,1,2486309.383,72.95,2004,52,4,13.98
150024,Active,264218,NA,NA,D,1,0,344666.335,49.99,2003,54,11.14,0
150025,Active,505929,NA,NA,D,7,1,2017290.643,103.99,2009,14,26.99,102.64
150026,Active,799978,NA,NA,D,3,1,2984774.663,51.95,2004,19,4.97,55.94
150027,Active,609787,NA,NA,D,4,1,804957.65,57,2007,27,12.86,48.99
150028,Active,635153,NA,NA,D,1,0,333173.2388,75,2009,27,15.24,66.53
150029,Active,907096,NA,NA,D,2,1,1872757.76,42.5,2003,24,4,49.75
150030,Active,275822,NA,NA,D,2,1,3296222.904,39,2007,21,4.22,36.15
150031,Active,639211,NA,NA,D,1,0,471200.3288,59.95,2010,39,18.98,43.06
150032,Active,867984,NA,NA,D,2,1,2125583.59,80,1994,35,3.95,45.15
150033,Active,155631,NA,NA,D,4,1,734801.7,73.25,2003,33,4.42,45.56
150034,Active,563605,NA,NA,D,4,1,179790.7575,18.99,2011,139,4.51,18.48
150035,Active,747908,NA,NA,S,4,1,676376.4938,8.99,2013,49,4,8.99
150036,Active,563698,NA,NA,D,3,1,404382.9838,23.99,2009,136,4,18.99
150037,Active,51515,NA,NA,D,2,1,1033507.168,18.98,2005,113,4,18.94
150038,Active,613259,NA,NA,D,6,1,3121181.566,71,1987,54,4,10.99
150039,Active,60781,NA,NA,D,11,1,1087297.611,121.2,2002,32,4,20.49
150040,Active,428316,NA,NA,D,4,1,1275376.348,124,2003,32,4,10.48
150041,Active,622182,NA,NA,D,0,0,137080.35,35,1976,60,8.95,20.67
150042,Active,721150,NA,NA,D,2,1,1693719.489,79.95,2004,38,4,14.47
150043,Active,498109,NA,NA,S,10,1,1440.185,86,2011,202,21.19,73.25
150044,Active,625606,NA,NA,S,11,1,25648.91375,219.6,2013,69,38.96,58.99
150045,Active,614462,NA,NA,D,10,1,18794.15,159.67,2011,65,17.19,86.4
150046,Active,55803,NA,NA,S,9,1,55994.74,268.95,2011,56,20.31,53.4
150047,Active,748051,NA,NA,D,5,1,985128.4013,24.85,1999,45,4,10.92
150048,Active,53226,NA,NA,D,3,1,18266.2875,205.2,2011,261,6.71,23.99
150049,Active,115560,NA,NA,D,4,1,3051408.746,68,2003,55,4.2,10.13
150050,Active,456501,NA,NA,D,1,0,800621.7525,133.95,2010,43,12.91,23.5
150051,Active,861614,NA,NA,D,2,1,64729.4775,177.6,2013,89,5.14,28.22
150052,Active,114203,NA,NA,S,11,1,414708.71,100,2001,72,4,28.99
150053,Active,569096,NA,NA,D,3,1,1449540.916,94,2010,33,12.12,66.24
150054,Active,50163,NA,NA,D,17,1,1356240.156,110,2004,102,4,30.94
150055,Active,50161,NA,NA,D,19,1,91023.76,193.33,2009,68,8.89,49.88
150056,Active,132122,NA,NA,D,7,1,2084132.86,94.6,2005,28,4,18.15
150057,Active,60785,NA,NA,D,10,1,442639.07,33.99,2007,54,4,28.64
150058,Active,118088,NA,NA,D,0,0,218291.9875,101.29,2006,54,11.57,62.97
150059,Active,51422,NA,NA,D,11,1,531182.2488,177.95,2004,94,3.98,52.99
150060,Active,177863,NA,NA,D,8,1,1305605.144,160.95,2005,67,4,10.41
150061,Active,452836,NA,NA,D,8,1,349300.2038,272.95,2010,45,4.19,48.99
150062,Active,60792,NA,NA,D,7,1,1895149.391,261.95,2007,52,4,5.99
150063,Active,452830,NA,NA,S,8,1,51870.77375,225.95,2010,245,4.98,12.55
150064,Active,2352760,NA,NA,D,8,1,1608110.923,115.75,2003,83,3.78,8.53
150065,Active,879133,NA,NA,D,10,1,1218760.348,76.1,2011,30,5.11,53.32
150066,Active,52316,NA,NA,D,10,1,31846.3575,201.2,2010,148,6.98,13.32
150067,Active,53225,NA,NA,D,2,1,78052.555,169.33,2008,228,4.39,10.57
150068,Active,613633,NA,NA,D,3,1,35212.4325,191.2,2011,232,5.49,27.05
150069,Active,467274,NA,NA,D,8,1,157852.1788,118,2006,99,4,29.99
150070,Active,55800,NA,NA,D,6,1,1419537.554,13.99,2006,76,4.27,13.98
150071,Active,875236,NA,NA,D,7,1,512363.1688,66.17,2007,24,13.7,150.21
150072,Active,177848,NA,NA,D,4,1,1773545.516,7.22,2005,44,4,5.24
150073,Active,54000,NA,NA,D,8,1,15883.4475,183.55,2006,263,6.73,27.48
150074,Active,53955,NA,NA,D,5,1,713147.0963,602.99,2010,22,5.66,602.99
150075,Active,864749,NA,NA,D,45,1,963891.1625,41.46,2014,36,4.91,38.96
150076,Active,1440415,NA,NA,D,5,1,2341206.453,73.99,2011,24,4.12,54.95
150077,Active,569614,NA,NA,D,9,1,2423544.515,33.95,2004,41,3.99,7.83
150078,Active,1877708,NA,NA,D,4,1,659201.2175,122.96,2009,11,49.97,147.26
150079,Active,423256,NA,NA,D,9,1,2059294.15,157.33,2008,82,4,13.94
150080,Active,608781,NA,NA,D,2,1,2057402.149,47.95,2006,28,4.39,17.99
150081,Active,51305,NA,NA,D,8,1,1827285.445,258.29,2010,36,4.3,47.36
150082,Active,532076,NA,NA,D,4,1,972642.8525,104.65,2010,19,15.14,63.99
150083,Active,51302,NA,NA,D,7,1,2788941.198,92.95,2003,27,5.24,105.31
150084,Active,54607,NA,NA,D,6,1,88594.0875,127.4,2008,137,5.09,21.81
150085,Active,132134,NA,NA,D,5,1,747490.715,107.8,2005,57,4.14,31.87
150086,Active,52238,NA,NA,D,4,1,904879.1263,12.99,2005,174,4,12.97
150087,Active,52244,NA,NA,D,2,1,27096.87875,203,2010,91,5.7,43.99
150088,Active,428454,NA,NA,D,1,0,1117824.499,129.8,2008,67,4.59,75.35
150089,Active,51356,NA,NA,D,8,1,412325.2625,18.35,2005,189,4.19,14.33
150090,Active,593637,NA,NA,D,2,1,969713.925,0,2011,28,9.42,0
150091,Active,54491,NA,NA,D,1,0,175114.995,93.99,2008,130,4,21.99
150092,Active,624299,NA,NA,D,2,1,697171.42,69.5,2011,28,5.49,33.97
150093,Active,2270249,NA,NA,D,2,1,286629.73,55.88,2011,53,7.99,54.99
150094,Active,252790,NA,NA,D,2,1,24381.1275,33.97,2011,286,4.57,52.96
150095,Active,617623,NA,NA,D,10,1,163173.2488,175.75,2012,110,6.28,41.56
150096,Active,61229,NA,NA,D,8,1,292539.8163,30,2006,242,4,12.47
150097,Active,615454,NA,NA,D,1,0,16995.065,85.09,2014,47,41,97.82
150098,Active,607382,NA,NA,D,3,1,982294.865,28.4,2006,51,4,33.69
150099,Active,451713,NA,NA,S,11,1,536039.9375,281.95,2008,37,4.54,68.29
150100,Active,298586,NA,NA,D,5,1,190830.6625,72.95,2010,47,22.44,48.53
150101,Active,272524,NA,NA,D,3,1,192919.5663,60.95,2010,46,11.9,0
150102,Active,55455,NA,NA,D,3,1,900851.145,128,2008,71,4,45.59
150103,Active,116526,NA,NA,D,2,1,360100.71,44,2004,32,4,10.12
150104,Active,118626,NA,NA,D,3,1,422122.3188,46.67,2007,20,4.89,26.19
150105,Active,60787,NA,NA,D,4,1,1180040.63,144.95,2003,50,4,18.93
150106,Active,290935,NA,NA,D,6,1,1063513.031,231.95,2007,20,23.99,97.05
150107,Active,416627,NA,NA,D,4,1,387992.6025,46.58,2007,94,4,45.73
150108,Active,452837,NA,NA,D,8,1,1023749.038,156.95,2010,32,6.63,53.99
150109,Active,522117,NA,NA,S,9,1,6437.62125,285.95,2012,123,23.18,81.97
150110,Active,52314,NA,NA,D,8,1,662015.8263,127.6,2005,123,4,18.98
150111,Active,255755,NA,NA,D,3,1,2327415.908,48.95,2003,39,4,15.99
150112,Active,213270,NA,NA,D,2,1,854707.76,59.95,2007,60,4,5.41
150113,Active,903996,NA,NA,D,1,0,1141356.69,65,1998,28,8.27,48.42
150114,Active,609343,NA,NA,D,4,1,1311024.175,80,2000,15,12.83,50.53
150115,Active,131521,NA,NA,D,1,0,304457.5925,147.4,2003,28,26.35,111.11
150116,Active,117278,NA,NA,D,2,1,458789.08,64.4,2006,63,4,21.36
150117,Active,2143654,NA,NA,D,2,1,771420.0888,45,2012,18,18.99,88.47
150118,Active,396026,NA,NA,D,0,0,591951.7888,75,2011,32,6.13,43.24
150119,Active,2170469,NA,NA,D,2,1,102009.4538,56.95,2014,34,38.13,49.8
150120,Active,51309,NA,NA,D,7,1,1087379.714,7.81,1999,34,4,14
150121,Active,554686,NA,NA,D,4,1,1815155.953,103.95,2002,28,4,6.69
150122,Active,262651,NA,NA,D,3,1,2046937.431,39.95,2004,25,4,59.87
150123,Active,526775,NA,NA,D,2,1,469669.955,38,2011,18,24.1,48.42
150124,Active,287592,NA,NA,D,6,1,1633300.08,87.6,2008,24,4,35.67
150125,Active,606910,NA,NA,D,7,1,1215920.399,18.47,2004,55,4,18.47
150126,Active,593629,NA,NA,S,4,1,6912.35375,283.5,2012,71,27.92,43.98
150127,Active,291736,NA,NA,S,10,1,212987.6888,365.95,2010,33,23.3,30.24
150128,Active,550457,NA,NA,D,1,0,414926.505,108.94,2008,44,11.42,56.35
150129,Active,698935,NA,NA,S,9,1,549131.5988,93,2010,20,12.48,78.89
150130,Active,2339880,NA,NA,D,4,1,2186662.934,151.98,1984,18,4.13,72.97
150131,Active,1533883,NA,NA,D,0,0,1383668.25,119,2007,34,46.04,79.83
150132,Active,172225,NA,NA,D,2,1,109981.33,54.95,2008,51,8.82,48.99
150133,Active,374228,NA,NA,D,1,0,1117605.81,37.95,2001,22,4,37.72
150134,Active,564839,NA,NA,D,4,1,835746.9238,67.95,2010,36,6.21,3.55
150135,Active,893972,NA,NA,D,3,1,3425875.681,54.95,2008,15,4.79,102.32
150136,Active,737982,NA,NA,D,3,1,1040818.079,29,2002,37,3.16,4.89
150137,Active,288422,NA,NA,D,4,1,608900.63,41,2006,46,4,24.41
150138,Active,149280,NA,NA,D,3,1,629640.93,49,2003,24,6.28,37.49
150139,Active,320970,NA,NA,D,2,1,1604521.949,60,2004,17,13.98,43.98
150140,Active,2419596,NA,NA,D,2,1,7660300.629,139.95,2004,14,12.93,56.03
150141,Active,229136,NA,NA,D,0,0,103179.0913,91,2008,57,4.98,0
150142,Active,217254,NA,NA,D,2,1,429763.5775,53,2004,47,4,28.74
150143,Active,635731,NA,NA,D,2,1,117778.7188,80,2012,74,4.88,43.13
150144,Active,560936,NA,NA,D,4,1,1135970.428,84.4,2005,26,4,54.65
150145,Active,551663,NA,NA,D,2,1,4023310.786,62,1999,16,7.78,53.39
150146,Active,607606,NA,NA,D,5,1,4055374.58,75,2008,14,4,41.7
150147,Active,710984,NA,NA,D,0,0,1205369.828,83,2000,36,4,26.28
150148,Active,557459,NA,NA,D,9,1,116542.5913,133.6,2009,69,4,48.99
150149,Active,52657,NA,NA,D,4,1,349372.6463,86.6,2008,56,4.35,18.35
150150,Active,52656,NA,NA,D,3,1,2223342.924,93,2005,43,4,11.19
150151,Active,557327,NA,NA,D,3,1,910234.6525,136.4,2006,47,4,15.99
150152,Active,120903,NA,NA,D,6,1,2147919.928,108.6,2002,32,4,10.98
150153,Active,544237,NA,NA,S,10,1,62817.36625,201.95,2013,63,46.98,117.15
150154,Active,54830,NA,NA,D,6,1,275902.4763,142.4,2009,48,7.26,55.33
150155,Active,567432,NA,NA,D,8,1,1035739.24,132.95,2007,43,4,23.59
150156,Active,556884,NA,NA,D,9,1,1004613.354,160.47,2011,25,10.58,10.59
150157,Active,557613,NA,NA,D,6,1,1780989.4,148.67,2010,16,32.48,64.19
150158,Active,544240,NA,NA,S,2,1,899900.5588,138.95,2012,51,4.98,38.99
150159,Active,52094,NA,NA,D,8,1,23059.725,153.8,2011,143,8.07,54.15
150160,Active,627822,NA,NA,S,7,1,33707.4025,169.2,2013,54,21.51,113.42
150161,Active,183267,NA,NA,D,7,1,714175.3413,49.17,2005,69,4,14.95
150162,Active,55667,NA,NA,D,0,0,119494.9138,129.6,2007,33,32.92,0
150163,Active,2249094,NA,NA,S,3,1,782520.2813,28.99,2010,42,5.58,45.75
150164,Active,287413,NA,NA,D,4,1,21983.32875,110.8,2012,79,9.69,32.98
150165,Active,536816,NA,NA,D,4,1,763273.2675,119.33,2012,29,4.49,63.98
150166,Active,619668,NA,NA,D,2,1,708089.2538,92,2006,24,15.51,30.19
150167,Active,1767787,NA,NA,D,0,0,487155.445,27.99,2012,40,4.87,16.94
150168,Active,53810,NA,NA,D,5,1,346602.9788,202.95,2010,97,4,23.99
150169,Active,53811,NA,NA,D,4,1,1015537.171,202.95,2006,61,4,62.99
150170,Active,577344,NA,NA,D,6,1,1708820.643,37.95,2003,32,4,9.76
150171,Active,609195,NA,NA,D,7,1,840281.7675,46.5,2007,39,4.48,13.99
150172,Active,549587,NA,NA,D,7,1,241661.495,36.95,2007,30,4.96,28.98
150173,Active,700182,NA,NA,D,6,1,850258.8775,36.95,2002,32,4,8.74
150174,Active,668281,NA,NA,D,2,1,2361747.57,89,2009,15,49.61,92.99
150175,Active,902712,NA,NA,D,3,1,2208810.72,235,2006,16,63.61,63.94
150176,Active,110252,NA,NA,S,1,0,101829.6613,181.25,2010,61,7.99,63.17
150177,Active,533690,NA,NA,S,9,1,3806.06875,208.5,2011,110,24.68,78.99
150178,Active,608388,NA,NA,D,7,1,906047.685,10.99,2007,72,4.35,13.98
150179,Active,643973,NA,NA,D,5,1,171867.4813,62.95,2009,42,33.36,51.04
150180,Active,897334,NA,NA,D,7,1,1902676.793,125,2006,30,13.25,91.98
150181,Active,54061,NA,NA,D,3,1,1510014.065,257.95,2004,48,4,18.87
150182,Active,3524214,NA,NA,D,5,1,1580201.2,0,2001,63,4,8.24
150183,Active,166922,NA,NA,D,1,0,616955.4275,55.19,2006,36,4,49.45
150184,Active,326406,NA,NA,D,10,1,507613.53,120.4,2010,27,73.24,102.99
150185,Active,196658,NA,NA,D,5,1,2210589.469,140,2003,12,62.22,113.99
150186,Active,641582,NA,NA,D,8,1,835182.0613,80.75,2008,39,4,23.74
150187,Active,644575,NA,NA,D,9,1,86462.46375,83.99,2012,39,4.46,81.31
150188,Active,2703737,NA,NA,D,7,1,850721.8588,61.48,2005,24,4.21,53.97
150189,Active,519729,NA,NA,D,0,0,156005.68,40.5,2004,38,6.61,21.68
150190,Active,609496,NA,NA,D,4,1,582215.3638,69.2,2006,67,4,23.1
150191,Active,57641,NA,NA,S,3,1,80795.60875,157.95,1998,97,4.47,21.99
150192,Active,635706,NA,NA,D,5,1,656556.1713,50,2012,35,4,0
150193,Active,175092,NA,NA,D,1,0,328331.4925,49.99,2009,67,11.4,30.34
150194,Active,891727,NA,NA,D,2,1,3130680.103,74.95,2005,20,12.88,38.75
150195,Active,576312,NA,NA,D,2,1,866270.6488,68.95,2002,45,3.98,17.57
150196,Active,622878,NA,NA,S,2,1,118333.7638,80,1994,66,11.44,47.22
150197,Active,193989,NA,NA,D,2,1,505251.1375,63,2002,47,4,16.85
150198,Active,247616,NA,NA,D,2,1,481691.2263,147,2006,30,4.27,153.09
150199,Active,648883,NA,NA,D,2,1,1227275.925,72,2009,49,7.45,43.99
150200,Active,55664,NA,NA,D,5,1,21813.175,80.8,2010,48,74.89,223.37
150201,Active,55665,NA,NA,D,4,1,62893.15875,63.99,2005,53,4.09,39.93
150202,Active,205589,NA,NA,S,2,1,245396.735,45,1998,34,19.6,82.79
150203,Active,57890,NA,NA,S,3,1,48102.1875,129,2001,118,8.39,49.19
150204,Active,635085,NA,NA,D,1,0,555774.785,55,2010,31,13.94,35.95
150205,Active,788755,NA,NA,D,2,1,4034960.04,39.95,1999,32,4,15.92
150206,Active,203841,NA,NA,D,4,1,1788406.789,54.95,2006,55,3.99,10.49
150207,Active,526740,NA,NA,D,3,1,2601621.773,69.95,2009,20,30.29,93.53
150208,Active,557209,NA,NA,D,5,1,1828963.613,70.4,2003,46,4,8.99
150209,Active,2428955,NA,NA,D,1,0,788000.6838,64.99,1995,34,4,26.99
150210,Active,112390,NA,NA,D,2,1,1278414.463,83,1998,33,4,40.35
150211,Active,633971,NA,NA,D,5,1,1059230.508,167.2,2002,25,9.54,43.99
150212,Active,649665,NA,NA,D,1,0,67280.67875,49.95,2012,20,23.14,0
150213,Active,878113,NA,NA,D,11,1,826529.3663,14.98,2011,18,4.1,14.98
150214,Active,252711,NA,NA,D,8,1,204393.45,113.79,2010,32,42.23,43.99
150215,Active,191890,NA,NA,S,6,1,295204.7975,32.22,2002,113,4,26.99
150216,Active,290100,NA,NA,D,2,1,549346.0463,45,2007,23,28.96,0
150217,Active,371480,NA,NA,S,12,1,27779.16625,372.95,2012,60,20.63,93.94
150218,Active,51193,NA,NA,D,10,1,330348.2888,283.95,2005,76,4,22.99
150219,Active,562155,NA,NA,D,11,1,1099022.854,207.95,2009,33,5.98,94.57
150220,Active,516148,NA,NA,D,3,1,8358731.979,129.77,2001,19,4.97,118.18
150221,Active,859932,NA,NA,D,2,1,2358688.29,219,2008,21,28.27,47.91
150222,Active,248074,NA,NA,D,0,0,678724.3775,47,2009,32,5.38,41.99
150223,Active,607106,NA,NA,D,2,1,3001538.366,101.95,1993,23,4.47,15.87
150224,Active,883507,NA,NA,D,2,1,6095153.885,104,2004,16,42.94,75.99
150225,Active,2245420,NA,NA,D,3,1,2486969.314,73,2008,15,58.95,60.33
150226,Active,1593502,NA,NA,D,1,0,1687698.305,105,2009,25,45.97,82.69
150227,Active,608408,NA,NA,D,2,1,2185537.833,38.98,1995,30,5.54,33.99
150228,Active,919662,NA,NA,D,2,1,689148.0963,39.95,2000,39,4,8.74
150229,Active,602446,NA,NA,D,3,1,389766.9988,58.75,2001,48,11.48,50.38
150230,Active,705992,NA,NA,S,2,1,725583.3738,86.93,2013,17,10.54,10.58
150231,Active,2766497,NA,NA,D,4,1,1173065.191,41.99,2004,24,5.49,28.39
150232,Active,108938,NA,NA,D,5,1,1212587.988,99.07,2003,18,45.91,63.99
150233,Active,868008,NA,NA,D,2,1,559148.0538,44.82,1997,38,4,44.35
150234,Active,108884,NA,NA,D,3,1,196736.26,164.25,2005,36,38.35,70
150235,Active,132893,NA,NA,D,2,1,236474.08,58.8,2009,120,4,9.44
150236,Active,57106,NA,NA,D,5,1,799075.2913,52.95,2006,78,4,15.98
150237,Active,223817,NA,NA,S,2,1,862438.9025,76.7,2000,27,6.38,93.31
150238,Active,621940,NA,NA,D,1,0,246727.5388,34.99,2011,88,4,7.94
150239,Active,665282,NA,NA,D,13,1,949139.1825,168.2,2012,42,4.97,42.89
150240,Active,2039552,NA,NA,D,1,0,543523.3413,114.87,2013,28,27.11,138.81
150241,Active,910892,NA,NA,D,1,0,418593.3575,49.99,2010,46,6.04,51.07
150242,Active,244438,NA,NA,D,9,1,152086.87,252.95,2011,34,37.79,73.98
150243,Active,130514,NA,NA,D,2,1,124553.6625,133.2,2011,63,10.54,59.37
150244,Active,874120,NA,NA,D,3,1,845615.2288,128.28,2011,33,24.32,105.4
150245,Active,244051,NA,NA,S,3,1,41396.0225,148.95,2011,51,18.13,82.63
150246,Active,142938,NA,NA,D,2,1,505374.0238,210,2007,28,7.98,126.73
150247,Active,265583,NA,NA,D,0,0,1494794.898,45,2006,17,6.81,131.03
150248,Active,54827,NA,NA,D,5,1,967174.0013,85.95,2008,58,4,5.95
150249,Active,54828,NA,NA,S,5,1,245565.5425,75,2009,58,4.19,23.32
150250,Active,217189,NA,NA,S,2,1,796611.5288,43,1998,40,4,10.85
150251,Active,775403,NA,NA,D,4,1,2563871.714,89,2000,14,9.84,68.49
150252,Active,775724,NA,NA,D,5,1,1107383.02,114,2004,18,28.84,82.2
150253,Active,879983,NA,NA,S,13,1,64959.39375,123.2,2013,34,15.9,78.25
150254,Active,51915,NA,NA,D,11,1,152872.2425,128.2,2007,127,4,7.89
150255,Active,51918,NA,NA,D,10,1,853468.4563,127.8,2005,105,4,20.48
150256,Active,526710,NA,NA,D,2,1,387620.9175,35.95,2010,33,7.95,21.68
150257,Active,2698786,NA,NA,D,2,1,2259886.674,110,2005,20,4.73,46.39
150258,Active,3620003,NA,NA,D,4,1,787739.6,171.83,2004,24,9.97,72.99
150259,Active,2342784,NA,NA,D,2,1,1693797.473,75.29,1970,27,11.48,73.77
150260,Active,203449,NA,NA,D,2,1,1515363.616,115,2001,34,4,21.62
150261,Active,824957,NA,NA,S,3,1,2002921.944,34.95,1998,24,4,32.44
150262,Active,2779217,NA,NA,D,2,1,2984806.719,76.95,1996,14,13.44,82.22
150263,Active,165348,NA,NA,D,3,1,721365.6575,219.95,2004,32,33.6,43.98
150264,Active,608926,NA,NA,D,2,1,303040.0688,81.95,2005,48,4,22.99
150265,Active,616881,NA,NA,D,3,1,1469617.125,65.95,1999,37,4,71.84
150266,Active,386590,NA,NA,D,3,1,833928.22,79.95,2009,92,4.34,30.95
150267,Active,60806,NA,NA,D,2,1,2760323.691,72.95,2005,33,4.35,5.2
150268,Active,702027,NA,NA,D,6,1,404150.75,55,2011,22,4.99,25.94
150269,Active,606783,NA,NA,D,5,1,806990.9775,51.95,2008,38,4.47,99.95
150270,Active,57886,NA,NA,D,7,1,1751962.71,73.95,2001,57,4.29,13.99
150271,Active,2551999,NA,NA,D,2,1,3452917.098,460,1992,12,6.49,48.55
150272,Active,203342,NA,NA,D,2,1,2410782.036,179,2000,14,9.38,104.71
150273,Active,789603,NA,NA,D,6,1,1753869.473,119,2007,24,9.93,37.41
150274,Active,789372,NA,NA,D,5,1,4122506.4,110,2003,19,4.35,92.85
150275,Active,789003,NA,NA,D,2,1,5965662.679,129,2002,15,8.98,49.91
150276,Active,789528,NA,NA,D,3,1,3062407.344,164.95,2005,20,4.79,43.69
150277,Active,1694156,NA,NA,D,1,0,1351433.644,70,2008,18,28.99,55.72
150278,Active,2906845,NA,NA,D,1,0,347530.6513,44.98,2002,27,8.89,39.94
150279,Active,152048,NA,NA,D,2,1,1248031.573,115,2004,31,27.18,48.27
150280,Active,3515415,NA,NA,D,2,1,3074776.35,89.95,1997,24,6.98,59.57
150281,Active,3514004,NA,NA,D,2,1,3165078.55,99,1983,12,16.23,60.17
150282,Active,236838,NA,NA,D,5,1,277812.415,32.5,1998,54,13.98,73.18
150283,Active,578068,NA,NA,D,2,1,1493862.623,139,2004,35,4,15.99
150284,Active,152272,NA,NA,D,3,1,707563.4238,89.95,2005,36,6.44,18.32
150285,Active,147432,NA,NA,D,2,1,1097898.461,39.95,2006,43,4,12.98
150286,Active,300160,NA,NA,D,2,1,1362681.496,44.95,2003,56,4,6.99
150287,Active,609347,NA,NA,D,3,1,1137965.281,69.95,2005,29,4.36,35.03
150288,Active,152264,NA,NA,D,0,0,1775055.811,109,2005,21,47.18,73.93
150289,Active,3125766,NA,NA,D,0,0,135237.0263,40,1995,95,9.21,23.34
150290,Active,131626,NA,NA,D,8,1,2411386.894,65.4,2002,38,4,10.49
150291,Active,125878,NA,NA,D,2,1,3688739.815,120.95,1998,16,10.31,58.44
150292,Active,540723,NA,NA,D,5,1,593686.28,117.07,2012,23,5.92,114.83
150293,Active,607947,NA,NA,D,3,1,681862.8788,89.2,2006,54,4,6.99
150294,Active,247605,NA,NA,D,1,0,867950.2275,36.95,2005,66,4,8.01
150295,Active,575858,NA,NA,D,3,1,1290240.738,50.25,2010,38,4.14,10.99
150296,Active,56402,NA,NA,D,7,1,1197716.358,143.87,2008,40,4.34,52.11
150297,Active,114515,NA,NA,D,2,1,5813826.179,59,2002,24,4.4,6.94
150298,Active,117979,NA,NA,D,3,1,2877055.869,81.6,2005,39,4,9.98
150299,Active,130143,NA,NA,D,2,1,1951716.05,42.4,2003,40,4,43.51
150300,Active,626388,NA,NA,D,2,1,752278.3175,37,2007,45,4,23.96
150301,Active,3077303,NA,NA,D,0,0,610767.2925,39.95,2005,16,23.94,47.2
150302,Active,54490,NA,NA,D,9,1,113787.2063,38.98,2011,175,4,28.97
150303,Active,739406,NA,NA,D,4,1,3749317.296,55,2000,33,4,5.46
150304,Active,920348,NA,NA,D,4,1,2205720.605,79.6,2001,34,4,4
150305,Active,52074,NA,NA,D,10,1,1396301.495,82.95,2007,54,4,11.97
150306,Active,183259,NA,NA,D,5,1,4023736.926,118.95,2005,28,4.99,23.98
150307,Active,170146,NA,NA,D,7,1,668592.9213,78.95,2011,90,4,15.68
150308,Active,918135,NA,NA,D,6,1,1131482.435,82.95,2008,47,4,23.99
150309,Active,543736,NA,NA,D,3,1,490945.8988,49.95,2010,45,7.9,0
150310,Active,131734,NA,NA,D,5,1,487621.6913,111,2009,20,72.56,249.73
150311,Active,542126,NA,NA,D,0,0,250100.3813,39.99,1998,45,7.89,25.68
150312,Active,60808,NA,NA,D,3,1,1212037.249,90.2,2007,82,4,13.19
150313,Active,254890,NA,NA,D,2,1,429193.8975,55.95,2006,74,4,39.94
150314,Active,596030,NA,NA,D,1,0,464300.265,35.95,2007,24,4.98,33.93
150315,Active,569435,NA,NA,S,1,0,869297.1575,70.95,1994,44,4.44,20.51
150316,Active,177526,NA,NA,D,5,1,2877923.403,174.95,2002,30,3.89,11.74
150317,Active,578910,NA,NA,D,2,1,2299615.148,37.95,2004,58,4,6.48
150318,Active,54399,NA,NA,D,5,1,481851.925,108.27,2008,33,28.96,83.99
150319,Active,131981,NA,NA,S,4,1,145409.7875,79.2,2004,89,4,20.16
150320,Active,54397,NA,NA,S,4,1,314225.5913,81.6,2004,107,4,8
150321,Active,157408,NA,NA,D,4,1,1471679.698,74.95,2006,43,4,41.93
150322,Active,157924,NA,NA,S,0,0,1947569.063,140,2000,13,12.7,91.96
150323,Active,170093,NA,NA,S,13,1,439683.7213,136.95,2009,27,4.89,39.62
150324,Active,55662,NA,NA,D,12,1,869786.58,130.95,2006,77,4,13.94
150325,Active,642023,NA,NA,D,8,1,473390.31,64.04,2009,27,4.39,53.02
150326,Active,617417,NA,NA,D,7,1,724170.8013,56.56,2004,21,4.39,45.47
150327,Active,153814,NA,NA,D,2,1,305344.5488,6.94,2011,110,4,7.78
150328,Active,56478,NA,NA,D,4,1,14635.10875,54,2011,68,23.84,44.99
150329,Active,56477,NA,NA,D,3,1,417319.6488,45,2005,117,4,44.2
150330,Active,3015111,NA,NA,D,3,1,1820433.611,74.95,1998,23,4.98,43.94
150331,Active,254413,NA,NA,D,3,1,1496932.909,34.95,2008,22,3.99,34.7
150332,Active,254419,NA,NA,D,4,1,315010.7938,49.95,2010,41,4.96,32.89
150333,Active,57682,NA,NA,S,2,1,838392.7975,64.95,2003,53,4,23.99
150334,Active,57683,NA,NA,D,3,1,231074.7688,64.95,2011,63,15.65,38.26
150335,Active,907115,NA,NA,D,2,1,1312926.538,60,2000,26,4.09,43.99
150336,Active,120989,NA,NA,D,2,1,556889.4325,126.8,1997,64,6.36,56.23
150337,Active,131298,NA,NA,D,1,0,492822.7025,100.4,2002,42,4,24.43
150338,Active,184445,NA,NA,D,2,1,2284721.195,68.95,2002,35,4,23.98
150339,Active,773889,NA,NA,D,4,1,1553643.673,13.94,2004,41,4,9.41
150340,Active,276726,NA,NA,S,0,0,734800.81,58.75,2001,22,4.99,16.99
150341,Active,613811,NA,NA,D,2,1,566474.0575,35.73,2003,57,3.99,33.99
150342,Active,654370,NA,NA,D,2,1,1442523.524,115.95,2004,21,49.74,76.46
150343,Active,2613569,NA,NA,D,2,1,3950472.336,239.99,2002,14,23.99,126.83
150344,Active,866377,NA,NA,D,2,1,1317162.37,39.99,2012,14,17.97,126.83
150345,Active,193604,NA,NA,D,2,1,676850.2438,110.95,2008,31,17.47,33.07
150346,Active,2364886,NA,NA,D,8,1,5838154.858,29.4,2001,14,4.01,37.94
150347,Active,704615,NA,NA,D,12,1,1016126.819,43.31,2005,31,7.8,28.19
150348,Active,110099,NA,NA,S,14,1,10653.10875,298.75,2010,70,47.49,123.47
150349,Active,912668,NA,NA,D,6,1,863519.3075,68.92,2007,30,6.73,67.93
150350,Active,621368,NA,NA,D,7,1,129457.8775,91.67,2009,25,22.74,134.61
150351,Active,224738,NA,NA,D,8,1,301849.245,328.95,2011,36,13.77,217.1
150352,Active,207720,NA,NA,D,5,1,876000.24,36.18,1996,40,4,46.15
150353,Active,618258,NA,NA,D,5,1,483385.7225,49.95,2010,33,11.98,30.98
150354,Active,912715,NA,NA,D,3,1,1800174.949,37.95,2003,29,4,13.94
150355,Active,152694,NA,NA,S,1,0,245066.3725,69.95,2003,37,24.19,52.06
150356,Active,321881,NA,NA,D,1,0,299610.635,49.99,2003,49,4,17.19
150357,Active,878593,NA,NA,D,0,0,424525.9275,51.99,2011,18,10.52,23.94
150358,Active,57300,NA,NA,D,0,0,45197.10625,109.3,2009,84,23.99,77.99
150359,Active,1454563,NA,NA,D,0,0,554942.4438,85.5,2011,24,44.34,49.03
150360,Active,628389,NA,NA,D,3,1,2279475.174,79.99,2009,32,4,23.99
150361,Active,789532,NA,NA,D,2,1,7320497.045,63.95,2005,23,4,5.99
150362,Active,748377,NA,NA,D,2,1,2459928.394,170,2006,23,26.96,73.61
150363,Active,145550,NA,NA,D,7,1,1600225.325,59.4,2006,26,4,45.77
150364,Active,2759499,NA,NA,D,1,0,1492235.253,61.95,2004,32,4.24,61.95
150365,Active,608916,NA,NA,D,2,1,478435.3425,17.99,1992,76,4,16.91
150366,Active,213184,NA,NA,D,2,1,1180213.72,66.95,2006,25,4,52.41
150367,Active,300382,NA,NA,D,2,1,143113.8125,39.99,2009,48,6.98,39.99
150368,Active,625449,NA,NA,D,4,1,404389.0688,69.95,2003,23,4,49.33
150369,Active,766305,NA,NA,D,9,1,1237485.308,36.95,2008,12,15.56,18.98
150370,Active,286165,NA,NA,D,5,1,433470,68.73,2005,31,4,675
150371,Active,132903,NA,NA,D,6,1,462786.61,102.6,2009,59,11.28,47.59
150372,Active,508487,NA,NA,D,0,0,281309.4475,39.95,2004,32,26.97,26.94
150373,Active,258071,NA,NA,D,3,1,1146249.043,50,2000,97,4,10.99
150374,Active,265577,NA,NA,D,2,1,1513405.619,44.95,2005,36,4,7.98
150375,Active,57876,NA,NA,D,5,1,780085.9513,54.95,2000,135,4,7.42
150376,Active,153142,NA,NA,D,1,0,440039.0775,50,2000,21,16.05,78.89
150377,Active,386459,NA,NA,D,2,1,80350.77,38.95,2009,73,4,15.42
150378,Active,247645,NA,NA,D,2,1,452529.6238,43.95,2005,98,4,16.65
150379,Active,2802448,NA,NA,D,0,0,513306.0138,27.95,1996,46,4,12.74
150380,Active,910040,NA,NA,D,0,0,475318.2588,34,2002,34,7.94,33.85
150381,Active,2013831,NA,NA,D,0,0,268885.2563,60,2015,15,35.99,43.62
150382,Active,206140,NA,NA,S,4,1,328257.1638,63,2008,33,18.82,47.62
150383,Active,607422,NA,NA,D,3,1,1478050.019,98,1998,38,8.06,73.42
150384,Active,609477,NA,NA,S,5,1,314255.6113,201.95,2004,50,11.82,102.98
150385,Active,115646,NA,NA,D,0,0,121198.66,168.6,2004,88,11.19,57.19
150386,Active,416604,NA,NA,D,4,1,413236.5575,83.5,2010,14,27.04,68.99
150387,Active,163993,NA,NA,D,6,1,894368.1225,11.99,2004,45,4,22.39
150388,Active,134822,NA,NA,D,1,0,1658408.425,41,2007,23,4,27.02
150389,Active,167086,NA,NA,D,4,1,718160.7663,152,2006,26,20.24,38.31
150390,Active,152687,NA,NA,D,2,1,723192.0838,119,2001,26,28.52,88.5
150391,Active,526630,NA,NA,D,3,1,3061190.841,153,2008,16,4,13.98
150392,Active,3227811,NA,NA,D,7,1,8826312.485,52.3,2005,22,6.73,61.74
150393,Active,867689,NA,NA,D,0,0,787700.4938,59,2013,44,4.13,18.77
150394,Active,526628,NA,NA,D,4,1,560155.6138,83.8,2004,24,11.27,43.1
150395,Active,2131836,NA,NA,D,2,1,5051961.971,140,2009,14,18.94,63.62
150396,Active,192395,NA,NA,D,3,1,323576.1813,62.95,2004,68,4,16.44
150397,Active,526626,NA,NA,D,4,1,497334.4325,76.95,2010,54,9.59,41.45
150398,Active,526623,NA,NA,D,6,1,103771.5025,238.8,2011,47,32.92,132.72
150399,Active,60816,NA,NA,D,4,1,782373.5088,160,2004,39,17.58,78.45
150400,Active,759191,NA,NA,D,6,1,1811569.6,81.85,1998,21,5.29,54.94
150401,Active,607230,NA,NA,D,5,1,1585215.268,114.4,2002,28,4,43.99
150402,Active,565042,NA,NA,D,0,0,304278.4463,39.95,2004,21,7.92,24.74
150403,Active,620875,NA,NA,D,0,0,474277.5825,55,2004,55,4,28.98
150404,Active,905485,NA,NA,D,2,1,332129.8825,90,2005,28,4,27.88
150405,Active,256801,NA,NA,D,2,1,1131941.459,62.95,2002,29,7.97,43.74
150406,Active,910922,NA,NA,D,1,0,1043607.724,81,2007,24,7.04,44.82
150407,Active,2551599,NA,NA,D,3,1,3223878.384,88.95,2005,18,5.83,49.64
150408,Active,254375,NA,NA,S,6,1,546108.3713,52.95,2010,59,4.94,17.83
150409,Active,217335,NA,NA,D,3,1,553327.0313,45,2010,32,8.73,13.78
150410,Active,55768,NA,NA,D,6,1,87835.205,100.5,2009,36,28.14,43.99
150411,Active,55766,NA,NA,D,5,1,1302125.895,70.2,2005,59,4,15.44
150412,Active,115761,NA,NA,D,7,1,2324725.639,74.6,2003,31,4,16.97
150413,Active,116144,NA,NA,D,9,1,1126839.114,75.8,2004,64,4,6.98
150414,Active,53681,NA,NA,D,7,1,52421.065,195.95,2011,61,10.07,61.23
150415,Active,270044,NA,NA,D,4,1,979569.1013,187,2007,30,4,63.99
150416,Active,2664588,NA,NA,D,20,1,1355334.061,115,2000,29,7.09,73.83
150417,Active,902932,NA,NA,D,20,1,2359055.959,115,2003,10,24.56,77.53
150418,Active,560040,NA,NA,D,2,1,69051.9925,69.22,2009,87,5.41,55.94
150419,Active,913378,NA,NA,D,3,1,849138.4125,69.92,1996,36,7.12,61.07
150420,Active,57134,NA,NA,S,5,1,346921.9925,43.73,2003,43,4.3,23.99
150421,Active,510566,NA,NA,D,4,1,1156405.601,129,2005,16,16.54,58.03
150422,Active,3557906,NA,NA,D,3,1,2524588.35,89.95,2008,18,7.26,240.19
150423,Active,609232,NA,NA,D,2,1,987296.2025,40.95,2006,49,4,10.88
150424,Active,609239,NA,NA,D,3,1,500789.4713,50.99,2009,45,4.69,23.9
150425,Active,147284,NA,NA,D,4,1,902945.8538,45.95,2006,41,4,18.99
150426,Active,2363357,NA,NA,D,3,1,3069778.576,112,2004,23,4,36.82
150427,Active,618010,NA,NA,D,2,1,120026.6425,87.95,2004,58,4,35.17
150428,Active,1477205,NA,NA,D,3,1,231237.1163,21.25,2012,6,23.82,26.65
150429,Active,626362,NA,NA,D,1,0,876705.7088,39.99,2008,23,4.22,43.96
150430,Active,626997,NA,NA,D,2,1,1030364.28,83.95,2005,25,4.89,32.57
150431,Active,911829,NA,NA,D,0,0,913484.4675,25.99,1990,29,4.78,51.49
150432,Active,920790,NA,NA,D,3,1,240138.565,39.95,2005,65,4.21,11.97
150433,Active,60819,NA,NA,D,4,1,527940.8825,51.51,2002,60,4,33.98
150434,Active,860170,NA,NA,D,7,1,651407.9575,39.99,2010,25,15.74,75.98
150435,Active,871737,NA,NA,D,8,1,100707.0663,39.99,2013,26,18.99,27.88
150436,Active,625366,NA,NA,D,6,1,1134860.894,39.99,2007,37,4.96,22.44
150437,Active,272888,NA,NA,D,2,1,2681179.14,79.95,2004,19,4.46,12.57
150438,Active,275926,NA,NA,D,2,1,1201994.855,48,1996,23,6.18,46.94
150439,Active,199211,NA,NA,D,2,1,1224706.126,73.95,2004,63,4,13.94
150440,Active,60828,NA,NA,D,2,1,1246753.648,65,2003,25,8.75,20.99
150441,Active,801787,NA,NA,D,3,1,369923.6725,144,2008,30,18.98,68.39
150442,Active,704805,NA,NA,D,6,1,2039582.415,41.08,2006,49,4,23.99
150443,Active,105539,NA,NA,S,8,1,381990.0863,73,2010,18,13.99,42.99
150444,Active,60821,NA,NA,D,3,1,444127.8975,79,1997,49,3.92,14.99
150445,Active,222297,NA,NA,D,1,0,267387.435,79,2009,61,4,11.99
150446,Active,213090,NA,NA,D,0,0,1964989.265,42.95,2005,23,5.71,36.81
150447,Active,131547,NA,NA,D,9,1,1834323.059,100,2002,43,4,35.43
150448,Active,913835,NA,NA,D,2,1,1023834.775,58.95,2005,35,4,41.99
150449,Active,507715,NA,NA,D,3,1,379405.4225,82,2010,47,15.43,53.99
150450,Active,149662,NA,NA,D,5,1,919922.245,58.95,2009,44,4.99,45.76
150451,Active,908415,NA,NA,D,4,1,2483601.724,42.95,2004,42,4,48.33
150452,Active,60822,NA,NA,D,2,1,1962317.949,154.95,2005,48,4,6.69
150453,Active,131597,NA,NA,D,5,1,2794327.87,120,2003,43,4,10.27
150454,Active,177368,NA,NA,D,6,1,527845.605,141.95,2003,41,4,9.94
150455,Active,53946,NA,NA,D,4,1,1467560.179,146.95,2004,49,3.78,8.19
150456,Active,200127,NA,NA,D,2,1,2098681.984,100.95,2005,50,4,24.86
150457,Active,144295,NA,NA,D,4,1,464711.975,120.4,2002,59,4,33.94
150458,Active,50378,NA,NA,D,7,1,53929.13875,259.95,2010,78,15.21,51.49
150459,Active,50380,NA,NA,D,5,1,848562.6275,16.07,2005,47,5.67,52.08
150460,Active,177960,NA,NA,S,5,1,423766.0688,134.95,2004,100,4.07,20.73
150461,Active,50379,NA,NA,D,6,1,77760.00625,167.95,2008,85,4,11.49
150462,Active,322763,NA,NA,D,2,1,802561.9338,105.6,2009,20,25.49,78.97
150463,Active,1574068,NA,NA,D,6,1,484929.2825,0,2007,30,15.1,164.11
150464,Active,771143,NA,NA,D,2,1,1308275.754,88.76,2003,31,4,29.98
150465,Active,60823,NA,NA,D,2,1,507725.4338,156.95,2005,52,4,13.98
150466,Active,272549,NA,NA,D,2,1,1238709.206,72,2011,21,6.34,8.72
150467,Active,198302,NA,NA,D,3,1,1414542.246,49.95,2001,41,4,33.99
150468,Active,198352,NA,NA,D,4,1,97526.09125,64.95,2005,34,10.43,42.8
150469,Active,293258,NA,NA,D,1,0,390454.915,82,2004,31,7.18,18.05
150470,Active,290522,NA,NA,D,2,1,772602.2888,73.95,2002,75,4.46,51.86
150471,Active,272481,NA,NA,D,0,0,1026428.288,63,2009,20,30.28,53.99
150472,Active,156703,NA,NA,D,5,1,2321228.978,49.95,2000,32,4.98,61.9
150473,Active,526590,NA,NA,D,3,1,809670.3063,59.98,2009,16,9.12,37.93
150474,Active,109005,NA,NA,D,7,1,1434202.448,28.94,2005,74,3.5,23.94
150475,Active,247556,NA,NA,D,3,1,1318329.268,74,2006,33,4,25.98
150476,Active,774197,NA,NA,D,7,1,640540.915,598.59,2007,20,20.04,153.96
150477,Active,267924,NA,NA,D,3,1,217329.5713,63.95,2006,73,8.74,62.95
150478,Active,278227,NA,NA,D,4,1,543784.4038,44.95,2005,29,23.99,0
150479,Active,876366,NA,NA,D,12,1,4623382.676,43.4,2001,19,4.91,13.99
150480,Active,386425,NA,NA,D,4,1,448468.0788,60,2009,25,37.95,0
150481,Active,801281,NA,NA,D,3,1,966669.0425,98,2008,39,8.9,47.23
150482,Active,2722708,NA,NA,D,2,1,1854814.634,69,2004,26,4,45.91
150483,Active,1771729,NA,NA,D,3,1,818497.4275,46.95,2011,21,34.9,37.94
150484,Active,120278,NA,NA,D,5,1,601251.7913,80,2009,22,11.19,48.99
150485,Active,163061,NA,NA,D,2,1,53330.33875,65,2011,79,22.33,39.02
150486,Active,166615,NA,NA,D,1,0,121661.1938,55,2007,56,4.62,38.99
150487,Active,638635,NA,NA,D,2,1,1552013.74,54,2001,19,5.97,63.52
150488,Active,635896,NA,NA,D,3,1,510356.045,113.33,2001,33,17.2,50.85
150489,Active,115933,NA,NA,D,4,1,389247.81,120,2004,28,18.84,79.69
150490,Active,619208,NA,NA,D,1,0,969453.4675,80,2003,57,4,18.75
150491,Active,3595288,NA,NA,D,2,1,3203947.4,41,2006,22,15.08,23.9
150492,Active,204154,NA,NA,D,4,1,421512.3513,66.99,2009,44,4.39,12.73
150493,Active,203737,NA,NA,D,3,1,1770673.678,69.95,2005,49,3.99,13.89
150494,Active,285988,NA,NA,D,6,1,911539.9413,101.4,2005,39,4,14.4
150495,Active,608930,NA,NA,S,3,1,1851919.003,56.95,2000,19,7.13,97.61
150496,Active,210788,NA,NA,D,2,1,1882937.866,52.95,1998,43,4,15.49
150497,Active,546784,NA,NA,D,9,1,40839.46375,52.99,2011,41,8.98,27.99
150498,Active,247925,NA,NA,D,4,1,87225.27625,69,2011,91,4.76,43.92
150499,Active,641414,NA,NA,D,1,0,657396.7025,52.6,2010,25,4.99,10.99
150500,Active,624201,NA,NA,D,3,1,438303.91,139,2008,26,6.27,35.45
150501,Active,287120,NA,NA,D,2,1,325072.9175,26.99,2009,39,8.89,32.42
150502,Active,758469,NA,NA,D,2,1,1309735.789,90,1999,22,8,62.92
150503,Active,874114,NA,NA,S,10,1,1244644.009,43.76,2006,27,4.31,43.33
150504,Active,3504772,NA,NA,D,5,1,2911280.55,320.95,2004,35,4,4.13
150505,Active,52839,NA,NA,D,8,1,27226.66375,33.94,2011,162,8.42,32.98
150506,Active,52840,NA,NA,D,6,1,762024.6838,14.16,2006,92,4,13.63
150507,Active,564965,NA,NA,D,2,1,589514.9963,49.95,2011,31,7.33,33.99
150508,Active,3518663,NA,NA,D,1,0,1516443.75,33.5,2008,25,4,12.43
150509,Active,3727326,NA,NA,D,2,1,4320933.7,135,2006,33,8.99,113.98
150510,Active,261274,NA,NA,D,1,0,651585.1038,81,2006,54,4.76,29.95
150511,Active,2539376,NA,NA,D,2,1,1803314.913,52.95,2001,28,6.31,17.06
150512,Active,739597,NA,NA,D,5,1,1357054.853,50.33,2002,26,4,13.23
150513,Active,903888,NA,NA,D,2,1,1450323.281,100.85,2003,21,10.18,48.13
150514,Active,2019051,NA,NA,D,1,0,1019709.888,79.95,2006,30,4,12.91
150515,Active,299854,NA,NA,D,2,1,1001998.223,39.95,2006,42,4,29.94
150516,Active,526548,NA,NA,D,5,1,544180.6325,69.99,2009,22,5.88,33.06
150517,Active,204072,NA,NA,D,4,1,2914235.168,64.95,2005,34,4,13.98
150518,Active,147175,NA,NA,D,7,1,636005.495,58.95,2005,28,8.95,28.99
150519,Active,238314,NA,NA,D,2,1,1594761.833,42,1996,18,36.38,87.4
150520,Active,577352,NA,NA,D,4,1,504164.3925,49.95,2003,60,4,17.4
150521,Active,526546,NA,NA,D,6,1,307884.3438,99.95,2012,29,17.81,63.8
150522,Active,203505,NA,NA,S,2,1,771194.42,59.95,2002,24,5.51,23.99
150523,Active,873784,NA,NA,D,4,1,200052.515,67.95,2014,12,39.64,65.63
150524,Active,147046,NA,NA,S,3,1,605808.67,54.95,2003,43,4,23.98
150525,Active,428263,NA,NA,D,4,1,280946.9925,81.2,1999,51,5.99,73.97
150526,Active,1474474,NA,NA,D,1,0,1541673.313,56,2011,41,16.47,44.66
150527,Active,905462,NA,NA,D,0,0,413846.1025,43.95,1997,25,8.7,73.96
150528,Active,624400,NA,NA,D,5,1,1113042.126,59.99,2007,44,4,18.94
150529,Active,546331,NA,NA,D,2,1,3552133.746,41.95,2002,24,4,7.98
150530,Active,262750,NA,NA,D,3,1,955454.3188,44.95,2009,37,4,53.52
150531,Active,125625,NA,NA,D,3,1,2179620.484,29.95,1995,37,4,8.98
150532,Active,177568,NA,NA,S,3,1,899255.665,210.95,2002,32,4,7.18
150533,Active,597959,NA,NA,D,3,1,292827.4438,40.95,2004,42,4,68.46
150534,Active,739607,NA,NA,S,4,1,887287.6025,51.2,2002,62,4,15.33
150535,Active,178112,NA,NA,D,1,0,946436.8875,112.95,2005,33,8.44,64.38
150536,Active,1517805,NA,NA,D,4,1,4157797.779,449,2008,15,46.53,70.99
150537,Active,743542,NA,NA,D,3,1,4404490.874,449,2003,7,19.37,78.99
150538,Active,666866,NA,NA,D,0,0,2434287.601,59.99,2010,16,44.51,40.15
150539,Active,671855,NA,NA,D,2,1,1650747.07,59.95,2002,26,5.74,39.98
150540,Active,722471,NA,NA,D,1,0,316881.0738,72.95,2006,25,14.83,88.04
150541,Active,204812,NA,NA,D,2,1,323785.355,39.95,1997,115,4,10.97
150542,Active,3843764,NA,NA,D,5,1,4477623.1,69.95,2008,13,23.84,84.14
150543,Active,3842044,NA,NA,D,3,1,4875432.3,62.95,2001,15,28.08,64.98
150544,Active,2407250,NA,NA,D,5,1,1286182.816,49.95,1995,35,4.58,68.23
150545,Active,572560,NA,NA,D,2,1,368204.7288,35.95,2000,63,4,19.89
150546,Active,863098,NA,NA,D,2,1,220618.5788,51.95,2003,30,10.3,18.96
150547,Active,299436,NA,NA,D,3,1,1422943.75,104,2003,18,28.94,66.95
150548,Active,196712,NA,NA,D,3,1,1064579.27,76.95,2006,33,4,27.99
150549,Active,164540,NA,NA,D,1,0,496524.765,120,1999,31,20.97,60
150550,Active,120821,NA,NA,D,2,1,240012.7113,206.67,2009,28,9.79,63.99
150551,Active,526520,NA,NA,S,3,1,459539.5138,95,2012,29,23.76,63.96
150552,Active,261090,NA,NA,D,4,1,2397271.389,28.95,2003,21,4,29.94
150553,Active,367615,NA,NA,D,0,0,2201848.733,160,2003,34,6.38,50.36
150554,Active,524930,NA,NA,D,3,1,1098207.256,70,2010,24,25.21,64.95
150555,Active,868022,NA,NA,D,2,1,923216.1025,98.13,2001,43,4,68.37
150556,Active,623738,NA,NA,S,3,1,71937.91875,185.95,1986,119,9.82,133.08
150557,Active,284881,NA,NA,D,7,1,352696.175,99,2001,33,29.24,69.72
150558,Active,51796,NA,NA,S,6,1,412816.2475,93.95,1999,143,4,15.54
150559,Active,253978,NA,NA,D,8,1,646628.0975,195,2009,42,22.12,72.99
150560,Active,2885221,NA,NA,D,1,0,217299.3863,16.95,2005,33,9.63,13.02
150561,Active,913142,NA,NA,D,0,0,263039.48,16.95,2005,38,9.74,12.97
150562,Active,128907,NA,NA,D,5,1,1961085.084,75,2003,19,10.91,17.04
150563,Active,629473,NA,NA,D,0,0,1313132.938,39.95,2008,22,24.69,28.98
150564,Active,2576786,NA,NA,D,1,0,1394029.968,180,1987,18,23,94.46
150565,Active,607261,NA,NA,D,4,1,1137219.096,67,2002,38,4,27.97
150566,Active,3515264,NA,NA,D,2,1,5978828.55,124,1992,24,6.39,58.54
150567,Active,550923,NA,NA,D,6,1,1338658.126,85.37,2010,19,22.18,602.99
150568,Active,1741876,NA,NA,D,2,1,245429.6113,126.69,2006,16,21.29,23.99
150569,Active,873105,NA,NA,S,6,1,721266.1263,125,1992,22,16.97,66.75
150570,Active,876281,NA,NA,D,2,1,1743380.581,45.37,2007,13,7.39,13.99
150571,Active,132855,NA,NA,S,7,1,84630.93125,76.2,2009,36,16.97,63.74
150572,Active,294155,NA,NA,D,6,1,1533311.135,259,2005,21,10.97,11.09
150573,Active,592321,NA,NA,D,3,1,307373.5238,99,2007,39,12.94,21.99
150574,Active,618285,NA,NA,D,0,0,123611.35,44.99,2008,51,9.84,0
150575,Active,184672,NA,NA,D,10,1,1775135.28,57.95,2001,28,4.34,51.99
150576,Active,385734,NA,NA,D,11,1,969886.6913,82.95,2006,30,6.86,27.79
150577,Active,576670,NA,NA,D,2,1,709068.165,95.95,2008,118,4,11.74
150578,Active,875632,NA,NA,D,3,1,3493120.985,431.23,2003,24,4,90.77
150579,Active,661643,NA,NA,D,9,1,1607045.866,515,2004,14,50.98,182.99
150580,Active,628920,NA,NA,D,2,1,1435825.895,79.95,2003,28,7.2,33.91
150581,Active,526499,NA,NA,D,11,1,792705.4213,59.95,2010,25,18.97,104.16
150582,Active,789075,NA,NA,D,3,1,3944722.266,169,2002,15,7.1,59.47
150583,Active,546446,NA,NA,D,2,1,341579.175,90,2005,50,42.27,53.99
150584,Active,2165430,NA,NA,D,0,0,1301536.846,152.95,2013,25,18.87,48.94
150585,Active,907929,NA,NA,D,0,0,1090509.551,69.99,2003,15,21.39,84.92
150586,Active,1615934,NA,NA,D,1,0,736074.4113,49.99,2006,69,4,13.98
150587,Active,629156,NA,NA,D,2,1,529070.465,44.99,2012,50,5.02,11.87
150588,Active,185976,NA,NA,D,2,1,983885.1975,49.99,2006,53,4,10.08
150589,Active,53788,NA,NA,D,6,1,830176.0725,5.06,2009,65,4,6.63
150590,Active,53786,NA,NA,D,6,1,127545.3,18.41,2007,112,4,13.63
150591,Active,718049,NA,NA,D,1,0,612093.835,99,1999,65,4,15.49
150592,Active,410031,NA,NA,D,3,1,1203577.563,46.95,2008,38,4,55.35
150593,Active,582250,NA,NA,D,3,1,1031394.091,70,2009,34,4,9.87
150594,Active,870959,NA,NA,D,5,1,1520519.494,40,2003,41,4,6.94
150595,Active,295404,NA,NA,D,6,1,442902.6675,48,2008,69,4,16.7
150596,Active,774451,NA,NA,D,7,1,3188977.594,338,2004,15,35.99,80.87
150597,Active,298384,NA,NA,D,18,1,988332.6513,221.95,2007,34,23.99,186.73
150598,Active,337068,NA,NA,D,2,1,1119077.14,46.95,2008,20,12.29,41.49
150599,Active,55452,NA,NA,D,4,1,1601654.236,52.6,2005,46,4,4.73
150600,Active,55453,NA,NA,D,5,1,280127.6038,43.8,2009,55,4,19.79
150601,Active,197299,NA,NA,D,0,0,250959.9425,129.95,2008,36,4.2,125.97
150602,Active,199097,NA,NA,S,2,1,473652.7575,52.95,2001,32,6.33,38.99
150603,Active,633283,NA,NA,D,1,0,787178.2363,203,2009,52,4.78,191.85
150604,Active,662997,NA,NA,D,0,0,416024.3213,601.65,2006,21,16.34,130.19
150605,Active,635554,NA,NA,S,11,1,59015.6875,99.95,2013,53,29.88,69.99
150606,Active,143281,NA,NA,D,3,1,1417490.368,180,2009,43,3.88,9.49
150607,Active,51011,NA,NA,D,7,1,964673.9275,134.95,2008,29,10.84,78.58
150608,Active,802341,NA,NA,D,1,0,932722.1063,250.95,2008,39,4,47.46
150609,Active,758460,NA,NA,D,2,1,1150373.238,164,2002,21,17.47,70.15
150610,Active,625593,NA,NA,D,2,1,781557.0538,138.91,1963,22,5.52,129.41
150611,Active,185999,NA,NA,D,5,1,1042424.153,39.99,2009,49,4,9.94
150612,Active,627889,NA,NA,D,6,1,152532.8075,44.99,2012,37,7.48,31.46
150613,Active,1625100,NA,NA,D,5,1,879069.6788,49.99,2007,79,4,8.93
150614,Active,185969,NA,NA,D,2,1,1603392.539,39.99,2005,42,4,4.94
150615,Active,608876,NA,NA,D,4,1,1166938.406,39.99,2008,31,4.4,18.62
150616,Active,526443,NA,NA,D,6,1,791144.245,44.99,2010,36,4.12,28.67
150617,Active,864266,NA,NA,D,2,1,1428470.61,84.39,2012,12,23.99,43.99
150618,Active,2043059,NA,NA,D,3,1,2748368.953,69.95,2008,18,6.5,64.33
150619,Active,2043118,NA,NA,D,6,1,1973284.258,53.18,2010,22,17.81,35.39
150620,Active,643979,NA,NA,D,1,0,471944.5275,83.95,2009,17,24.57,53.99
150621,Active,757771,NA,NA,D,4,1,1675298.559,101.95,2002,24,19.98,69.99
150622,Active,646566,NA,NA,D,2,1,621408.1325,69.95,2007,15,31.94,170.47
150623,Active,633913,NA,NA,D,3,1,2523782.026,99.95,2001,17,6.3,11.98
150624,Active,921067,NA,NA,D,2,1,1527569.233,48.23,1997,59,4.31,47.04
150625,Active,758496,NA,NA,D,2,1,116645.4863,44.95,1998,181,4.97,13.94
150626,Active,788756,NA,NA,D,8,1,2344688.285,79.95,2000,28,4,11.57
150627,Active,789059,NA,NA,D,9,1,2357048.366,95,2006,29,4,12.49
150628,Active,1624760,NA,NA,D,0,0,431844.3438,35,2010,60,4.21,9.99
150629,Active,657670,NA,NA,D,1,0,47136.865,45,2006,51,31,91.47
150630,Active,54941,NA,NA,D,5,1,10513.53375,64.95,2010,282,10.79,61.94
150631,Active,54942,NA,NA,D,4,1,285548.8975,58.95,2007,379,4,18.95
150632,Active,609934,NA,NA,D,6,1,211.03375,64.95,2013,202,35.21,51.94
150633,Active,608914,NA,NA,D,3,1,426249.92,54.95,2006,91,6.03,23.99
150634,Active,248873,NA,NA,D,2,1,2025533.549,72.95,2006,22,16.74,63.65
150635,Active,774791,NA,NA,D,2,1,2102502.146,139,2000,21,15.87,149.75
150636,Active,630521,NA,NA,D,0,0,390821.6225,42.95,2014,31,5.67,11.9
150637,Active,248768,NA,NA,D,1,0,893637.0063,54.95,2005,63,4,4.56
150638,Active,609581,NA,NA,S,4,1,113472.4363,44.95,2009,45,8.81,32.35
150639,Active,192444,NA,NA,S,3,1,987519.2575,42.95,2005,91,4.05,11.28
150640,Active,192919,NA,NA,D,2,1,2589159.061,74.95,2003,25,4,6.65
150641,Active,624205,NA,NA,D,1,0,905486.38,42.5,2007,53,4,13.36
150642,Active,2064269,NA,NA,S,1,0,114024.8975,90,2009,52,35.98,43.99
150643,Active,3042351,NA,NA,D,1,0,538945.5088,79.8,2002,53,10.48,38.99
150644,Active,2059254,NA,NA,D,1,0,257001.575,32,2007,20,16.44,21.49
150645,Active,875255,NA,NA,D,8,1,905962.5038,30.08,2003,48,7.35,53.13
150646,Active,169761,NA,NA,S,9,1,199451.9988,248.95,2008,50,16.74,73.19
150647,Active,135556,NA,NA,D,2,1,580016.57,50.95,2004,23,30.39,78.63
150648,Active,2664611,NA,NA,D,5,1,2900263.388,319.99,2000,14,15.99,87.49
150649,Active,546028,NA,NA,D,4,1,833177.4463,84.95,2012,17,47.99,65.04
150650,Active,2678146,NA,NA,D,5,1,2742675.395,679.95,2005,16,28.99,132.19
150651,Active,1489700,NA,NA,D,0,0,1297812.735,32,2012,21,24.3,26.22
150652,Active,656967,NA,NA,D,11,1,1161022.088,67.95,2007,21,17.73,38.58
150653,Active,132285,NA,NA,D,9,1,514258.2538,146.8,2007,52,4.7,38.99
150654,Active,114718,NA,NA,D,4,1,407763.6763,93.33,2003,42,4,29.95
150655,Active,118460,NA,NA,D,2,1,925514.6675,34.67,2006,27,4.47,13.93
150656,Active,121280,NA,NA,D,5,1,66808.81875,145.2,2012,50,37.28,132.37
150657,Active,60837,NA,NA,D,3,1,906736.4538,71.4,2004,48,3.99,38.93
150658,Active,496240,NA,NA,D,33,1,1583249.71,142.25,2010,20,14.28,153.98
150659,Active,2261134,NA,NA,D,2,1,2132437.593,47.2,2006,41,7.98,40.43
150660,Active,633464,NA,NA,D,2,1,464738.4888,39.95,2005,34,8.34,20.13
150661,Active,655561,NA,NA,D,3,1,35742.645,44.95,2011,42,35.33,41.58
150662,Active,2898757,NA,NA,D,2,1,1414105.829,99.26,2000,41,4,47.77
150663,Active,627539,NA,NA,D,7,1,192845.48,80.95,2008,28,25.81,0
150664,Active,592071,NA,NA,D,3,1,1142856.543,72.95,2007,96,4,23.94
150665,Active,248134,NA,NA,D,4,1,119722.4313,72,2011,68,4.52,38.3
150666,Active,868429,NA,NA,D,2,1,1799820.586,33.99,2001,51,4,4.98
150667,Active,1591789,NA,NA,D,0,0,782954.6688,54.99,2010,26,30.17,35.48
150668,Active,105938,NA,NA,D,8,1,876432.2413,160,2004,12,13.28,33.96
150669,Active,261397,NA,NA,D,1,0,1241495.366,87,2002,25,6.9,37.99
150670,Active,129095,NA,NA,D,1,0,272505.1263,11.95,2008,70,6.03,7.23
150671,Active,824555,NA,NA,D,3,1,1726343.931,32.95,2000,23,4,23.98
150672,Active,114009,NA,NA,D,9,1,3134413.131,74,2001,32,4,12.78
150673,Active,743030,NA,NA,D,2,1,1911907.23,176.33,2011,13,18.29,0
150674,Active,649880,NA,NA,S,2,1,693519.6538,139.23,2010,17,16.23,73.21
150675,Active,616106,NA,NA,D,1,0,116523.495,111.15,2006,66,6.47,38.98
150676,Active,720355,NA,NA,D,0,0,1049244.5,48,2001,19,8.45,18.97
150677,Active,566392,NA,NA,D,4,1,892343.6688,7.73,2003,78,4,16.87
150678,Active,281304,NA,NA,D,3,1,409758.385,69.95,2010,26,4.75,65.98
150679,Active,269992,NA,NA,D,5,1,759717.535,186,2007,20,19.79,58.99
150680,Active,60840,NA,NA,S,8,1,1283162.043,122,2003,55,4.16,39.84
150681,Active,255409,NA,NA,D,3,1,245835.4725,49.95,2005,59,7.38,34.65
150682,Active,112800,NA,NA,D,2,1,524704.7325,42.95,2004,38,4,20.93
150683,Active,297833,NA,NA,D,7,1,521509.4125,115.25,2006,19,24.96,0
150684,Active,210364,NA,NA,D,1,0,1384133.776,50,2002,23,17.48,27.78
150685,Active,722319,NA,NA,D,0,0,172981.7438,49.99,2004,23,32.2,34.43
150686,Active,722297,NA,NA,D,0,0,1435789.573,59.99,2002,14,20,41.02
150687,Active,287744,NA,NA,D,3,1,675589.5438,42.95,2004,45,4.76,45.69
150688,Active,287751,NA,NA,D,4,1,403461.05,37.95,2009,58,6.92,43.94
150689,Active,108310,NA,NA,D,2,1,748115.5263,11.43,2003,42,4,10.76
150690,Active,120726,NA,NA,D,2,1,698305.5363,54.99,2008,46,4,8.29
150691,Active,295759,NA,NA,D,19,1,874679.8575,145,2007,25,7.6,78.99
150692,Active,908153,NA,NA,D,1,0,1399889.41,45,2005,23,32.41,51.99
150693,Active,526372,NA,NA,D,4,1,542486.8188,41.95,2008,42,23.93,34.01
150694,Active,725294,NA,NA,D,4,1,2265608.323,60,2009,13,9.8,97.77
150695,Active,725174,NA,NA,D,3,1,4831858.6,55,2005,16,15.09,116.59
150696,Active,613795,NA,NA,D,4,1,1061988.733,47.95,2008,54,4,10.99
150697,Active,248213,NA,NA,D,5,1,158198.8375,54,2011,76,4,9
150698,Active,920844,NA,NA,D,3,1,4474537.31,39.95,2004,39,3.99,6.99
150699,Active,170027,NA,NA,D,10,1,206083.6338,271.95,2010,35,7,75.03
150700,Active,918578,NA,NA,D,0,0,428614.6425,36,1999,33,10.14,42.95
150701,Active,1495173,NA,NA,S,0,0,3039.8475,15,2006,124,6.24,10.11
150702,Active,624329,NA,NA,D,5,1,193808.955,49.95,2010,44,16.43,18.94
150703,Active,620064,NA,NA,D,3,1,1624873.363,177,2005,20,4,49.53
150704,Active,270101,NA,NA,D,7,1,1399888.291,199,2010,38,4.98,53.99
150705,Active,636789,NA,NA,D,5,1,1827364.611,200.25,2009,23,6.56,10.03
150706,Active,104166,NA,NA,D,1,0,129026.0313,65,1996,62,12.14,36.54
150707,Active,1452034,NA,NA,D,2,1,1284742.471,97.33,2012,18,19.89,85.6
150708,Active,648143,NA,NA,D,3,1,1064030.323,53.95,2004,29,5.99,51.48
150709,Active,868645,NA,NA,D,3,1,4430248.305,126,2002,12,4,23.94
150710,Active,117704,NA,NA,D,0,0,503207.9225,145.6,2005,55,4,29.99
150711,Active,53800,NA,NA,D,2,1,1389121.871,139.95,2004,93,4,6.74
150712,Active,163303,NA,NA,D,3,1,1066747.226,59.95,2003,14,4.97,46.1
150713,Active,3015101,NA,NA,D,1,0,1381742.748,68.95,1999,25,4,33.94
150714,Active,3496880,NA,NA,D,2,1,5863667,289,1994,38,13.08,143.15
150715,Active,3496881,NA,NA,D,2,1,3115867.5,219,1994,44,7.77,110.91
150716,Active,52408,NA,NA,D,7,1,161274.0838,67.6,2006,58,4.3,45.73
150717,Active,874252,NA,NA,S,2,1,607220.49,68.95,1999,33,4.35,9.49
150718,Active,874006,NA,NA,D,3,1,351970.4975,159.5,2003,14,25.49,83.99
150719,Active,577025,NA,NA,D,4,1,3469759.129,96.95,2000,28,4,13.87
150720,Active,52425,NA,NA,S,9,1,47466.06,215,2010,123,24.84,75.99
150721,Active,538490,NA,NA,S,10,1,11386.71375,346.25,2013,103,30.43,62.19
150722,Active,285531,NA,NA,D,9,1,303758.605,427,2010,48,22.37,117.49
150723,Active,615683,NA,NA,D,9,1,204997.6425,258.75,2010,60,8.44,87.89
150724,Active,109682,NA,NA,D,6,1,191490.7513,58.99,2006,75,4.04,49.57
150725,Active,110989,NA,NA,D,1,0,1630699.543,25.23,2008,48,4.57,29.54
150726,Active,661063,NA,NA,D,6,1,393898.8113,104,2012,17,53.99,51.99
150727,Active,540478,NA,NA,S,0,0,760702.2175,51,2012,43,4.89,72.51
150728,Active,617355,NA,NA,S,0,0,582625.8625,45,2012,59,4.38,16.99
150729,Active,271110,NA,NA,S,0,0,369529.0788,44,2011,108,4,16.99
150730,Active,913073,NA,NA,S,8,1,376676.3875,67.95,2001,52,4,57.87
150731,Active,295825,NA,NA,D,3,1,1913140.929,80,2006,10,11.99,26.99
150732,Active,2624271,NA,NA,D,2,1,3052803.19,30.95,1986,17,4,83.4
150733,Active,870404,NA,NA,D,3,1,1542201.956,100.95,1999,20,4.15,66.87
150734,Active,609470,NA,NA,D,4,1,782963.3863,255.95,2003,42,7.32,22.94
150735,Active,650644,NA,NA,D,5,1,3284174.913,69.95,2006,21,4.98,25.99
150736,Active,860178,NA,NA,D,6,1,3068446.984,69.95,2010,17,7.4,50.38
150737,Active,286187,NA,NA,D,11,1,334103.5225,213.33,2009,50,13.32,53.53
150738,Active,663962,NA,NA,D,2,1,2004954.104,49.13,2011,23,4.3,65.05
150739,Active,1475560,NA,NA,D,17,1,2359641.815,70,2012,25,5.31,52.96
150740,Active,2178139,NA,NA,D,3,1,5679444.575,139,2006,9,43.98,107.02
150741,Active,107188,NA,NA,S,3,1,307796.9963,60.99,2002,24,17.49,73.79
150742,Active,170012,NA,NA,D,8,1,261461.6838,250.95,2009,39,11.32,112.33
150743,Active,231606,NA,NA,D,1,0,757809.1413,104.95,2005,93,4.31,14.17
150744,Active,878495,NA,NA,D,0,0,269331.05,192.95,2013,35,7.27,109.57
150745,Active,607658,NA,NA,D,4,1,795250.7775,191.4,1996,37,4,13.98
150746,Active,627840,NA,NA,D,1,0,38100.1975,48.84,2013,64,8.49,36.81
150747,Active,907470,NA,NA,D,6,1,3733344.528,74,2004,30,4,15.29
150748,Active,739207,NA,NA,D,5,1,5065741.481,70.8,2001,18,4.06,18.49
150749,Active,738894,NA,NA,D,4,1,4664402.35,56,1998,19,4,38.22
150750,Active,544797,NA,NA,D,4,1,383416.3125,84.95,2013,30,8.16,63.45
150751,Active,1590674,NA,NA,D,5,1,1369334.389,54.99,2010,26,5.98,48.38
150752,Active,2231758,NA,NA,D,0,0,212636.9363,35,2011,15,12.17,21.94
150753,Active,233889,NA,NA,D,2,1,1736295.463,90,2005,14,4.49,6.67
150754,Active,713876,NA,NA,D,2,1,443634.8475,144,2006,45,18.52,61.99
150755,Active,877060,NA,NA,D,5,1,779571.5975,103.25,2011,26,30.13,106.58
150756,Active,3566645,NA,NA,D,2,1,3403455.15,59.95,1998,28,4.49,26.19
150757,Active,607007,NA,NA,D,6,1,787750.2763,211.5,2007,31,13.43,18.49
150758,Active,307840,NA,NA,D,6,1,2022330.985,99,2007,26,4.98,35.98
150759,Active,50976,NA,NA,S,6,1,538899.8575,41.99,2007,30,8.16,39.99
150760,Active,309089,NA,NA,S,7,1,112083.9475,169.76,2010,49,34.43,77.16
150761,Active,254079,NA,NA,D,4,1,192807.7163,377.95,2010,48,11.9,69.68
150762,Active,148402,NA,NA,D,3,1,1607181.685,329.95,2005,51,3.99,22.49
150763,Active,314719,NA,NA,S,6,1,130397.57,193.33,2006,27,6.39,58.43
150764,Active,182846,NA,NA,D,2,1,4280788.975,192.95,2003,18,4,65.61
150765,Active,529272,NA,NA,D,3,1,882333.1625,266.95,2007,44,4,17.99
150766,Active,878319,NA,NA,D,5,1,267281.745,500.73,2010,39,6.31,57.49
150767,Active,120223,NA,NA,D,5,1,827077.7025,74.93,2010,24,9.78,9.74
150768,Active,167244,NA,NA,D,4,1,1126176.149,78,2006,55,4,23.18
150769,Active,119101,NA,NA,D,1,0,300137.12,39.99,2009,46,4.35,29.69
150770,Active,2136370,NA,NA,D,0,0,437871.6575,65,2011,22,35.27,33.99
150771,Active,614414,NA,NA,D,2,1,726245.4888,98.95,2005,33,4.63,58.23
150772,Active,716644,NA,NA,D,1,0,990219.6763,62.4,2009,28,10.78,48.99
150773,Active,2802038,NA,NA,D,0,0,5118648.879,59.95,1998,19,4,31.94
150774,Active,212896,NA,NA,D,3,1,1585473.139,64.95,2000,17,4.97,29.35
150775,Active,641681,NA,NA,D,0,0,619167.2888,44,2006,51,13.95,107.61
150776,Active,606955,NA,NA,D,8,1,1873273.17,33.37,2006,36,4,23.26
150777,Active,57861,NA,NA,D,10,1,46421.14,52.97,2010,68,13.49,59.67
150778,Active,57860,NA,NA,D,9,1,508985.9375,30.15,2007,46,5.13,24.69
150779,Active,554726,NA,NA,S,2,1,193478.4738,79.95,1997,98,4,14.29
150780,Active,635426,NA,NA,D,1,0,442213.0288,99,1997,23,23.98,30.24
150781,Active,653681,NA,NA,D,8,1,1836458.268,89.95,2011,25,4,94.67
150782,Active,121236,NA,NA,D,4,1,115596.5163,51.6,2010,40,7.31,31.99
150783,Active,789231,NA,NA,D,5,1,2615960.773,189,2004,21,5.86,12.5
150784,Active,110697,NA,NA,D,9,1,53094.7375,200.03,2010,83,84.37,138.91
150785,Active,908965,NA,NA,D,9,1,607012.0638,61.75,2011,15,23.66,28.89
150786,Active,3602693,NA,NA,D,3,1,2047165.8,35,1996,21,11.07,91.89
150787,Active,564882,NA,NA,D,5,1,2152421.194,77.95,2012,18,10.98,72.69
150788,Active,130941,NA,NA,D,2,1,388388.6488,80.47,2011,20,27.03,63.98
150789,Active,132286,NA,NA,D,3,1,314475.9363,53.6,2007,66,4,9.74
150790,Active,561038,NA,NA,D,3,1,879827.1463,34.4,2007,43,4,13.99
150791,Active,132977,NA,NA,D,4,1,133990.6088,40.2,2009,43,4,28.43
150792,Active,526306,NA,NA,D,5,1,371241.1288,46.2,2012,108,22.93,41.22
150793,Active,878522,NA,NA,D,8,1,399462.1138,12.98,2005,58,5.56,12.99
150794,Active,54315,NA,NA,D,7,1,114305.4138,45.67,2009,70,9.79,46.33
150795,Active,132597,NA,NA,D,11,1,646568.665,49,2008,55,4,80.32
150796,Active,132335,NA,NA,D,2,1,597869.5588,39.8,2007,46,4,10.06
150797,Active,117519,NA,NA,D,6,1,1236729.383,70,2003,29,4.98,23.98
150798,Active,115494,NA,NA,D,3,1,631608.7575,66,2002,52,4,28.94
150799,Active,254878,NA,NA,D,2,1,1703021.065,44.95,2004,64,4,19.98
150800,Active,254414,NA,NA,D,3,1,132021.58,49.95,2009,133,4.85,11.44
150801,Active,109606,NA,NA,D,11,1,2140636.526,11.97,2005,38,3.99,11.97
150802,Active,613151,NA,NA,D,12,1,343350.2088,18.98,2008,87,4,16.94
150803,Active,3523935,NA,NA,D,3,1,3297712.85,79.95,1995,34,5.85,55.73
150804,Active,741227,NA,NA,D,9,1,402774.61,49,2006,40,4,8.13
150805,Active,128414,NA,NA,D,5,1,292322.165,175,2002,42,6.72,39.81
150806,Active,128419,NA,NA,D,5,1,2068532.928,150,2004,18,6.19,72.71
150807,Active,1466006,NA,NA,D,5,1,3384669.931,110,2006,11,11.28,155.09
150808,Active,268427,NA,NA,D,2,1,405304.8638,83,2006,21,14.97,32.78
150809,Active,541566,NA,NA,D,2,1,495292.12,76.95,2010,41,5.89,56.59
150810,Active,719393,NA,NA,D,3,1,2683338.744,119.99,1999,27,4,15.13
150811,Active,746665,NA,NA,D,0,0,62057.24625,39.95,2010,28,21.42,30.27
150812,Active,620903,NA,NA,D,3,1,40684.64625,33.32,2001,46,9.41,27.64
150813,Active,715052,NA,NA,D,4,1,2050615.411,246.98,2008,19,42.3,179.87
150814,Active,2896318,NA,NA,D,0,0,477249.7738,39.95,1988,25,4,50.89
150815,Active,322741,NA,NA,D,8,1,2538557.253,79.33,2008,28,4,603.99
150816,Active,623358,NA,NA,S,10,1,25143.17375,121.4,2012,65,29.66,53.88
150817,Active,544726,NA,NA,S,12,1,109474.4325,76.95,2012,56,8.73,19.74
150818,Active,183907,NA,NA,D,4,1,713288.8488,237.95,2003,48,4,20.63
150819,Active,920215,NA,NA,D,3,1,2287586.443,54.95,2000,35,3.99,4.17
150820,Active,2563434,NA,NA,D,7,1,1946045.198,99,1996,28,4.72,33.99
150821,Active,2573910,NA,NA,D,4,1,322342.705,66,1976,29,4,62.07
150822,Active,2573953,NA,NA,D,3,1,2771006.709,61.84,1977,31,4,54.39
150823,Active,647463,NA,NA,D,4,1,1037271.725,109,2006,21,4,64.91
150824,Active,902431,NA,NA,D,3,1,1792431.66,84.95,2002,32,4,49.27
150825,Active,630188,NA,NA,D,4,1,652640.4313,99.58,2006,35,22.12,69.05
150826,Active,747072,NA,NA,D,2,1,605623.1738,101.37,2007,16,30.49,98
150827,Active,619720,NA,NA,D,1,0,569328.9625,176.95,1998,35,4,43.99
150828,Active,810184,NA,NA,D,6,1,1133463.75,166.95,2009,19,8.83,0
150829,Active,51261,NA,NA,D,2,1,216961.5263,153.95,2000,80,4.11,16.98
150830,Active,51268,NA,NA,S,5,1,393372.2025,337.95,2002,141,4.17,26.99
150831,Active,107110,NA,NA,D,2,1,171511.4538,59.75,2002,56,8.03,0
150832,Active,308447,NA,NA,D,2,1,75800.985,59.75,2003,44,8.09,0
150833,Active,700400,NA,NA,D,2,1,99910.795,89.95,2003,41,9.3,36.98
150834,Active,285047,NA,NA,D,1,0,266606.6763,52,2007,31,9.11,0
150835,Active,2039317,NA,NA,D,3,1,1830797.284,96,2008,23,12.83,28.99
150836,Active,2039345,NA,NA,D,3,1,1666874.516,108,2012,9,63.99,95.76
150837,Active,203429,NA,NA,D,2,1,365242.4763,64.95,2002,21,4,65.79
150838,Active,2663132,NA,NA,D,2,1,1995351.57,99,1997,23,5.94,66.77
150839,Active,662398,NA,NA,D,4,1,1526959.504,569,2008,15,93.94,169.9
150840,Active,112189,NA,NA,D,3,1,1282149.26,32.99,2002,47,4,32.94
150841,Active,617191,NA,NA,D,2,1,82140.455,40,2002,49,11.36,0
150842,Active,526268,NA,NA,D,3,1,1048373.599,55.4,2010,79,4,7.99
150843,Active,3120348,NA,NA,D,2,1,991097.9675,45.95,2005,33,8.55,47.95
150844,Active,902741,NA,NA,D,2,1,2199688.451,63.95,2005,19,6.39,110
150845,Active,607336,NA,NA,D,8,1,830251.9125,66.4,2007,29,6.98,54.28
150846,Active,889262,NA,NA,D,2,1,6557919.241,49.95,1986,16,4.95,65.21
150847,Active,904756,NA,NA,D,3,1,4458373.913,51.95,2001,26,4.04,51.95
150848,Active,873905,NA,NA,D,5,1,305390.6113,120.67,2006,15,16.2,122.01
150849,Active,169792,NA,NA,D,6,1,242991.2063,210.95,2008,36,12.98,73.39
150850,Active,616858,NA,NA,D,1,0,720735.765,39.99,2006,81,4,14.17
150851,Active,870958,NA,NA,D,2,1,1925214.13,128.95,2001,34,4,19.96
150852,Active,645342,NA,NA,D,2,1,2230572.53,504,2002,22,33.99,80.61
150853,Active,3564780,NA,NA,D,2,1,3965040.8,180,1998,24,6.34,33.99
150854,Active,1772871,NA,NA,D,14,1,1637414.701,55.95,2012,26,4,21.95
150855,Active,3246531,NA,NA,D,4,1,2496031.283,25.36,2001,38,5.59,54.89
150856,Active,293133,NA,NA,D,4,1,1629170.315,50.95,2001,70,4,18.44
150857,Active,574594,NA,NA,D,4,1,1597051.99,83.95,2007,16,23.33,61.46
150858,Active,2901989,NA,NA,D,4,1,1136303.838,120,2000,65,5.38,13.96
150859,Active,386588,NA,NA,D,1,0,461182.0225,75.95,2009,43,6.95,33.99
150860,Active,192527,NA,NA,D,2,1,1541149.996,129,2006,23,62.94,73.99
150861,Active,248860,NA,NA,D,2,1,566790.325,62.95,2007,50,5.65,35.99
150862,Active,155464,NA,NA,D,2,1,2167863.014,79.99,1995,20,4,73.97
150863,Active,907570,NA,NA,D,2,1,2458371.269,23.97,1987,19,4.27,54.47
150864,Active,147201,NA,NA,D,1,0,910831.63,57.95,2005,96,4,11.96
150865,Active,412980,NA,NA,D,6,1,3281248.453,154.95,2002,38,4,14.19
150866,Active,148776,NA,NA,D,15,1,469392.935,310.95,2009,37,9.84,41.98
150867,Active,50987,NA,NA,D,15,1,369324.0763,315.95,2009,99,4.98,43.56
150868,Active,644193,NA,NA,D,2,1,1518910.644,68,2003,28,36.71,141.96
150869,Active,266990,NA,NA,D,9,1,459265.855,78,2008,26,26.04,64.19
150870,Active,195881,NA,NA,D,3,1,254115.64,33,2010,29,11.1,25.66
150871,Active,763240,NA,NA,D,2,1,3086026.126,155,2000,16,6.39,10.97
150872,Active,755553,NA,NA,D,3,1,1030777.299,190,2004,17,8.92,72.87
150873,Active,869422,NA,NA,D,3,1,894104.9313,44.99,2012,25,4,44.98
150874,Active,526239,NA,NA,S,13,1,502154.995,85,2011,24,5.71,6.7
150875,Active,105857,NA,NA,D,16,1,1794512.288,68.95,2003,28,4,13.99
150876,Active,106293,NA,NA,D,17,1,544507.6788,92,2007,34,11.04,35.11
150877,Active,467740,NA,NA,D,3,1,2150806.746,122,2007,19,16.83,49.98
150878,Active,178077,NA,NA,D,2,1,676383.0513,76.95,2004,56,3.79,4.15
150879,Active,2143528,NA,NA,D,11,1,226631.0263,65,2011,15,12.28,43.99
150880,Active,924255,NA,NA,S,4,1,22032.165,69.95,2015,47,8.22,43.97
150881,Active,864769,NA,NA,S,3,1,21216.165,128.5,2014,73,12.71,41.03
150882,Active,533417,NA,NA,D,2,1,565523.5238,104.25,2011,89,5.78,13.94
150883,Active,2302464,NA,NA,D,1,0,743443.1188,51.2,1998,25,4,33.14
150884,Active,880510,NA,NA,D,10,1,611253.5725,114.97,2008,41,28.41,102.12
150885,Active,564717,NA,NA,D,2,1,535141.195,54.95,2008,22,12.39,14.1
150886,Active,568754,NA,NA,D,0,0,372367.9413,34.99,2002,28,12.9,29.74
150887,Active,915820,NA,NA,D,2,1,1120508.759,123.05,1991,53,4,126.3
150888,Active,606731,NA,NA,D,2,1,2466398.893,22.09,1994,32,4,21.93
150889,Active,2789284,NA,NA,D,0,0,1347068.211,84,1995,41,4.46,40.64
150890,Active,393024,NA,NA,D,1,0,390434.0625,90,2011,21,21.99,30.99
150891,Active,125586,NA,NA,D,1,0,153092.5463,74,2000,58,4.98,19.64
150892,Active,51668,NA,NA,D,7,1,566695.055,143,2004,19,5.99,7.98
150893,Active,55177,NA,NA,D,7,1,220275.7563,101.6,2009,37,5.7,47.87
150894,Active,130516,NA,NA,D,8,1,43736.765,113.6,2015,50,7.13,64.4
150895,Active,55176,NA,NA,D,6,1,1897588.386,88,2006,50,3.99,10.94
150896,Active,545778,NA,NA,D,4,1,98301.335,91,2013,46,16.04,51.87
150897,Active,248112,NA,NA,D,3,1,391909.6363,77,2010,52,5.79,33.99
150898,Active,157476,NA,NA,D,3,1,604257.4225,48.95,2007,27,6.08,23.94
150899,Active,650089,NA,NA,D,1,0,892039.29,65.5,2010,26,4.31,23.47
150900,Active,177520,NA,NA,D,2,1,1649079.478,117.95,2001,32,4,18.84
150901,Active,247463,NA,NA,D,1,0,1258515.011,58.95,2005,47,4,26.73
150902,Active,403041,NA,NA,D,9,1,2071508.984,101.2,2005,42,4,19.89
150903,Active,133300,NA,NA,S,12,1,56433.79875,133.33,2010,58,14.57,117.07
150904,Active,533787,NA,NA,D,5,1,16456.06625,161.4,2012,113,8.97,38.33
150905,Active,54602,NA,NA,D,10,1,106802.5688,152,2010,110,8.68,20.94
150906,Active,51063,NA,NA,D,2,1,749668.6263,99.8,2004,67,4,16.88
150907,Active,52557,NA,NA,D,10,1,233166.0063,92.33,2005,78,4,13.99
150908,Active,552703,NA,NA,D,7,1,2299739.36,100.2,2005,49,4.12,11.99
150909,Active,130420,NA,NA,D,5,1,137552.895,127.4,2011,27,16.44,114.49
150910,Active,51064,NA,NA,D,3,1,1019075.546,112.8,2007,96,4,12.88
150911,Active,557581,NA,NA,D,5,1,2464587.516,238.6,2009,19,12.41,103.1
150912,Active,698616,NA,NA,S,10,1,1554033.805,59.99,2009,43,4.04,32.62
150913,Active,563629,NA,NA,D,3,1,36357.685,185.25,2012,100,7.78,15.99
150914,Active,533711,NA,NA,S,11,1,3491.6075,250,2012,118,38.97,93.49
150915,Active,535087,NA,NA,S,9,1,8980.085,285.95,2013,70,24.6,76.96
150916,Active,308614,NA,NA,D,3,1,2680225.724,107.25,2002,44,4,15.76
150917,Active,52044,NA,NA,D,10,1,17044.82625,60.99,2009,174,8.49,50.99
150918,Active,699103,NA,NA,S,5,1,341129.485,104.12,2008,15,4.88,83.98
150919,Active,177720,NA,NA,D,5,1,2045392.679,119.95,2003,41,4,7.94
150920,Active,793263,NA,NA,D,2,1,396478.8438,88.95,2001,59,6.97,68.21
150921,Active,428344,NA,NA,D,3,1,1693968.609,133,2004,60,4,11.18
150922,Active,52045,NA,NA,D,8,1,973911.6763,115.05,2005,113,3.99,9.44
150923,Active,52043,NA,NA,D,9,1,961552.7675,215.5,2006,51,4,22.79
150924,Active,876377,NA,NA,D,14,1,2832742.618,28.99,2010,20,4,13.99
150925,Active,60854,NA,NA,D,12,1,1114420.719,88.8,2004,38,4,31.29
150926,Active,873499,NA,NA,D,4,1,2675086.363,34.95,2004,23,4,5.01
150927,Active,526221,NA,NA,D,3,1,662973.0775,85,2008,42,14.72,61.85
150928,Active,295028,NA,NA,D,2,1,2436791.22,57.95,2003,29,4,23.99
150929,Active,213291,NA,NA,D,3,1,296958.2513,71.95,2008,33,8.24,61.57
150930,Active,2488537,NA,NA,D,0,0,140963.7863,42.3,2003,41,10.94,43.89
150931,Active,57471,NA,NA,D,13,1,675065.5075,136,2008,30,10.04,69.85
150932,Active,716432,NA,NA,D,13,1,462311.595,62.06,2009,14,18.56,53.94
150933,Active,543226,NA,NA,D,5,1,21733.7625,63,2013,52,26.16,48.51
150934,Active,526220,NA,NA,D,4,1,417743.7375,72.95,2010,31,8.04,72.37
150935,Active,60856,NA,NA,S,3,1,274527.12,50,2004,64,4,9.98
150936,Active,127306,NA,NA,D,3,1,253340.0963,59.95,2007,37,4.75,13.99
150937,Active,287535,NA,NA,D,1,0,300605.11,115.95,2004,25,4.98,38.99
150938,Active,55506,NA,NA,D,6,1,1689593.045,118.4,2007,20,7.46,7.47
150939,Active,526217,NA,NA,D,2,1,3229165.21,74.95,2007,21,4,35.89
150940,Active,61158,NA,NA,D,5,1,2441414.141,79.6,2004,47,4,27.43
150941,Active,135255,NA,NA,D,1,0,801209.8875,40,2003,39,4,32.24
150942,Active,57617,NA,NA,D,5,1,542653.9188,127.95,2004,44,4,14.43
150943,Active,1928626,NA,NA,D,2,1,760255.6838,53,2012,14,32.99,38.3
150944,Active,237856,NA,NA,D,0,0,440350.9163,46.95,2009,18,7.26,19.98
150945,Active,157671,NA,NA,D,3,1,401467.3225,58.95,2010,25,39.99,0
150946,Active,133490,NA,NA,D,5,1,26337.00625,179,2011,77,33.08,96.02
150947,Active,131691,NA,NA,S,3,1,900106.0488,106.67,2003,84,4,7.99
150948,Active,222194,NA,NA,D,2,1,320546.6338,75,2009,39,48.24,49.98
150949,Active,320205,NA,NA,D,2,1,1435747.465,82.95,2006,35,4.58,28.89
150950,Active,261421,NA,NA,D,2,1,240091.5838,55,2003,57,4,9.3
150951,Active,639778,NA,NA,S,6,1,65753.89875,114.8,2012,51,41.11,87.95
150952,Active,871002,NA,NA,S,6,1,1135097.16,196.95,2000,38,4,17.94
150953,Active,126770,NA,NA,D,7,1,2234543.129,69.5,2004,31,4,13.76
150954,Active,131809,NA,NA,D,2,1,248225.8175,98.2,2005,47,4,19.93
150955,Active,451717,NA,NA,D,7,1,395357.8813,192.95,2008,27,22.89,80.29
150956,Active,132284,NA,NA,D,5,1,1019184.141,97.4,2007,35,4,31.66
150957,Active,133336,NA,NA,D,6,1,125344.0688,127.2,2010,34,12.88,57.52
150958,Active,254194,NA,NA,D,2,1,730750.6238,203.95,2010,34,9.37,101.83
150959,Active,60860,NA,NA,D,3,1,1410817.836,151.95,2005,56,4,11.92
150960,Active,53491,NA,NA,D,10,1,94249.225,114.6,2008,365,4,21.74
150961,Active,572564,NA,NA,D,2,1,2179478.395,49.95,2002,18,4.78,40.41
150962,Active,2604308,NA,NA,D,0,0,1641237.811,46,2005,30,5.66,31.97
150963,Active,515849,NA,NA,D,14,1,22442.21625,207.2,2011,157,9.21,33.19
150964,Active,612485,NA,NA,S,10,1,36891.92875,95,2013,61,19.18,74.48
150965,Active,2619274,NA,NA,D,6,1,11640431.94,73.95,1995,23,4.34,12.49
150966,Active,111615,NA,NA,S,9,1,444311.2138,602.13,2010,24,4.98,204.61
150967,Active,50446,NA,NA,D,7,1,572766.09,32.38,2006,44,4,30.9
150968,Active,50448,NA,NA,D,7,1,173970.5788,96.75,2008,156,4,21.57
150969,Active,50449,NA,NA,D,9,1,54903.79,167.75,2010,150,4,19.66
150970,Active,1447398,NA,NA,D,9,1,1222320.103,31.99,2008,44,4,30.96
150971,Active,540010,NA,NA,D,11,1,90363.755,188,2011,36,7.31,45.49
150972,Active,51931,NA,NA,D,3,1,330196.6088,94.4,2008,81,3.99,10.41
150973,Active,51933,NA,NA,D,2,1,1038157.483,93.33,2006,79,3.99,13.21
150974,Active,428578,NA,NA,D,10,1,181178.995,151.8,2009,43,8.84,43.96
150975,Active,495346,NA,NA,D,2,1,130081.3025,58,2010,93,4,13.7
150976,Active,592177,NA,NA,D,3,1,537045.1463,62,2012,117,4,5.22
150977,Active,538886,NA,NA,D,41,1,1100171.104,55.75,2013,76,3.88,32.98
150978,Active,428592,NA,NA,D,13,1,615342.7513,151.8,2009,64,4.79,45.29
150979,Active,765384,NA,NA,D,8,1,10074588.96,44.95,2001,26,4.14,9.28
150980,Active,303798,NA,NA,D,1,0,472731.4938,102,2005,87,4.74,12.98
150981,Active,55500,NA,NA,S,5,1,358521.89,58,2007,48,4.49,46.99
150982,Active,53220,NA,NA,D,13,1,118737.9088,165.6,2009,203,4,19.73
150983,Active,52463,NA,NA,S,0,0,367475.21,151.6,2008,104,4,17.99
150984,Active,50055,NA,NA,S,12,1,1996268.033,156.95,2003,42,4,9.69
150985,Active,157700,NA,NA,D,2,1,110909.6688,57.95,2010,78,6.09,37.46
150986,Active,114007,NA,NA,D,5,1,1170847.025,107.2,2001,30,4,12.15
150987,Active,57093,NA,NA,D,7,1,2174402.098,85.6,2005,29,4,65.07
150988,Active,57094,NA,NA,D,8,1,310849.7325,100.8,2010,22,13.44,32.96
150989,Active,248137,NA,NA,D,8,1,1081369.409,56,2009,104,4,5.19
150990,Active,544977,NA,NA,D,9,1,143094.8225,62,2012,92,3.84,23.99
150991,Active,247992,NA,NA,D,7,1,2178311.255,49.95,2008,53,4,7.99
150992,Active,50346,NA,NA,S,11,1,382864.26,161.9,2007,122,4.53,20.99
150993,Active,53010,NA,NA,D,8,1,104525.9625,38.98,2006,42,8.86,38.94
150994,Active,244193,NA,NA,D,7,1,27625.21125,190.95,2012,179,7,21.48
150995,Active,52460,NA,NA,D,5,1,743984.7113,135.95,2008,115,4,30.85
150996,Active,52461,NA,NA,D,6,1,182373.1463,209.95,2010,184,4,17.94
150997,Active,284423,NA,NA,D,6,1,1640539.889,121.78,2004,18,6.53,121.67
150998,Active,564635,NA,NA,D,4,1,3271933.383,53.95,2003,29,4.2,17.69
150999,Active,911967,NA,NA,D,0,0,1525507.355,121.5,1990,21,8.84,224.89
151000,Active,193503,NA,NA,D,3,1,2297258.043,102,2006,19,4.98,42.99
151001,Active,167681,NA,NA,D,2,1,1117659.246,100,2000,34,4.36,46.29
151002,Active,193803,NA,NA,D,2,1,323677.8438,39.99,2003,90,4,8.11
151003,Active,225864,NA,NA,D,2,1,2632894.409,83.95,2004,17,4,16.9
151004,Active,915941,NA,NA,D,2,1,3207005.759,79.95,2000,27,3.96,7.49
151005,Active,583234,NA,NA,S,3,1,473566.1875,104.95,2008,20,12.25,48.99
151006,Active,526194,NA,NA,D,5,1,980546.2025,99.95,2003,21,32.41,93.23
151007,Active,897722,NA,NA,D,2,1,2972304.729,75.95,2004,16,6.94,94.73
151008,Active,526193,NA,NA,D,7,1,199141.5188,69.95,2008,31,4.94,106.35
151009,Active,60864,NA,NA,S,6,1,1127193.97,64.95,2001,36,4,41.98
151010,Active,631046,NA,NA,D,5,1,1031308.104,130,1991,18,6.39,50.81
151011,Active,899675,NA,NA,D,3,1,3431543.13,39.95,1997,19,4,44.44
151012,Active,865363,NA,NA,D,4,1,406385.49,105,1995,24,5.45,62.13
151013,Active,286057,NA,NA,S,6,1,77505.04,221.8,2005,36,24.44,74.43
151014,Active,2835336,NA,NA,D,3,1,1004920.754,54,2001,30,4,35.75
151015,Active,615803,NA,NA,D,1,0,72341.18,398.95,1976,48,35.08,54.26
151016,Active,281035,NA,NA,D,5,1,2196428.794,119,1999,18,33.66,73.99
151017,Active,901466,NA,NA,D,2,1,2054198.429,74.95,2002,20,11.4,49.46
151018,Active,891551,NA,NA,D,3,1,1555911.305,74.95,2003,13,25.94,46.21
151019,Active,652749,NA,NA,D,4,1,225348.2788,56,2010,25,21.15,72.15
151020,Active,660307,NA,NA,D,2,1,3272235.404,59.95,2009,15,18.46,62.71
151021,Active,2369575,NA,NA,D,5,1,633440.35,78.53,2002,78,4,23.9
151022,Active,108468,NA,NA,D,6,1,1057050.153,15.99,2004,83,4,13.8
151023,Active,561216,NA,NA,D,1,0,1052116.679,82.8,2009,18,4.94,46.19
151024,Active,120934,NA,NA,D,1,0,643975.37,34.08,2008,24,8.05,26.19
151025,Active,908240,NA,NA,D,2,1,1633598.953,4.99,2008,17,9.61,73.01
151026,Active,128508,NA,NA,D,0,0,869443.9475,62.95,2001,37,6.98,38.99
151027,Active,608377,NA,NA,D,7,1,410676.78,31.69,2006,40,4,23.96
151028,Active,553705,NA,NA,D,11,1,914130.45,29.29,2008,37,4.11,33.98
151029,Active,132149,NA,NA,D,4,1,1260505.624,36.2,2006,38,4,8.74
151030,Active,915556,NA,NA,D,3,1,3256460.713,28.8,2003,31,4,39.45
151031,Active,405941,NA,NA,D,6,1,845479.5063,45.33,2004,45,4,33.96
151032,Active,617995,NA,NA,D,1,0,790331.9325,71.99,2006,42,8.87,10.48
151033,Active,836028,NA,NA,D,6,1,3033967.175,195,2001,25,4,76.7
151034,Active,608929,NA,NA,S,2,1,326711.4025,92.95,1999,36,12.98,33.49
151035,Active,135632,NA,NA,D,3,1,469098.3825,36.95,2009,37,8.68,0
151036,Active,135495,NA,NA,D,5,1,2040357.551,51.95,2005,33,5.05,44.45
151037,Active,323639,NA,NA,D,6,1,484786.545,57.95,2009,24,4.58,35.47
151038,Active,135553,NA,NA,D,2,1,1049208.19,59.95,2001,61,4,33.85
151039,Active,109459,NA,NA,D,3,1,391384.8125,13.99,2006,45,4,13.97
151040,Active,904322,NA,NA,D,2,1,1683704.946,57.95,2004,20,6.46,55.43
151041,Active,135603,NA,NA,D,3,1,1037868.465,105,2006,20,28.86,76.42
151042,Active,746981,NA,NA,D,2,1,600008.1788,10.8,2006,26,6.4,21.1
151043,Active,655547,NA,NA,D,1,0,346431.0163,51.95,2011,33,19.04,30.33
151044,Active,155403,NA,NA,D,1,0,555499.0225,153.95,2003,53,4,11.17
151045,Active,155303,NA,NA,D,1,0,1135913.394,106.95,1999,50,4,46.89
151046,Active,572151,NA,NA,D,1,0,337558.63,71.95,2005,42,5.85,43.26
151047,Active,57702,NA,NA,D,5,1,1004246.301,142.95,2002,66,4,38.99
151048,Active,181298,NA,NA,D,1,0,642413.2388,30,2004,50,4,39.66
151049,Active,543231,NA,NA,D,6,1,185379.9263,45,2013,40,10.76,31.99
151050,Active,562250,NA,NA,D,33,1,1595590.211,226.95,2009,41,4,6.39
151051,Active,587963,NA,NA,S,0,0,718873.2275,399.95,2013,36,4.99,34.98
151052,Active,613966,NA,NA,S,0,0,464971.5825,399.95,2012,92,4.36,43.99
151053,Active,3015064,NA,NA,D,1,0,619524.9838,75,1992,62,8.78,42.69
151054,Active,576932,NA,NA,D,6,1,1155142.186,41.95,2006,25,4,38.43
151055,Active,203769,NA,NA,D,1,0,657721.5588,60.99,2006,109,4,8.31
151056,Active,3469934,NA,NA,D,2,1,931102.05,72.95,1990,20,26.99,78.33
151057,Active,608242,NA,NA,D,3,1,91337.0625,65,2009,60,23.87,41.6
151058,Active,166329,NA,NA,D,3,1,1327896.088,65,2003,20,35.42,58.99
151059,Active,858868,NA,NA,D,1,0,1238367.386,62.95,2001,24,33.81,47.21
151060,Active,3235788,NA,NA,D,5,1,429357.9475,56.71,2004,42,5.63,38
151061,Active,3472591,NA,NA,D,2,1,3362294.9,52.67,1994,16,4,18.47
151062,Active,1900797,NA,NA,D,6,1,1202212.29,74.95,2010,32,39.49,63.69
151063,Active,1879694,NA,NA,D,10,1,2825705.713,89.95,2009,16,22.43,27.99
151064,Active,203683,NA,NA,D,3,1,447667.245,39.95,2005,39,10.53,55.13
151065,Active,913303,NA,NA,D,2,1,990434.9988,63,2009,33,4,23.99
151066,Active,270985,NA,NA,D,8,1,71958.2625,54.99,2010,112,5.22,11.12
151067,Active,203963,NA,NA,D,7,1,513139.0513,49.95,2007,110,4,11.59
151068,Active,908377,NA,NA,D,2,1,1878792.568,76.2,2010,25,6.58,43.43
151069,Active,879608,NA,NA,S,0,0,633896.2125,43.98,2010,46,6.64,35.67
151070,Active,55450,NA,NA,D,8,1,962832.6225,178.95,2007,56,4,22.99
151071,Active,2336929,NA,NA,D,5,1,2515744.974,81.65,1996,21,4,49.72
151072,Active,55493,NA,NA,D,8,1,133417.9438,63,2009,32,14.67,43.94
151073,Active,116337,NA,NA,D,3,1,209756.1063,177.53,2010,28,14.5,75.61
151074,Active,557388,NA,NA,D,2,1,622485.2863,140,2007,29,4.36,12.87
151075,Active,900860,NA,NA,D,3,1,1420519.584,223.75,2010,22,8.19,52.09
151076,Active,121194,NA,NA,D,3,1,55214.81125,164.2,2010,68,11.43,44.98
151077,Active,57688,NA,NA,D,0,0,285553.0038,51.95,2008,31,18.28,106.22
151078,Active,197658,NA,NA,D,8,1,2190043.514,101.7,2005,21,6.6,128.84
151079,Active,542796,NA,NA,D,9,1,1061643.465,121.28,2009,29,7.73,82.9
151080,Active,870600,NA,NA,D,1,0,303164.3138,30,2001,23,14.89,38.17
151081,Active,633446,NA,NA,D,2,1,801457.3325,105,2005,31,41.83,76.1
151082,Active,1957188,NA,NA,D,2,1,575250.0838,100,2013,18,8.72,8.72
151083,Active,874826,NA,NA,S,1,0,712379.2338,85.6,2000,37,4,43.96
151084,Active,291975,NA,NA,D,2,1,1358058.615,62.4,2001,31,5.4,55.07
151085,Active,206789,NA,NA,D,2,1,795266.7525,59.99,2007,31,5.38,73.71
151086,Active,147209,NA,NA,D,2,1,1275910.395,59.95,2007,21,9.98,71.77
151087,Active,642763,NA,NA,D,0,0,1662691.71,69.99,2006,23,25.89,32.05
151088,Active,1589109,NA,NA,D,3,1,1763441.373,89.99,2007,19,63.75,67.16
151089,Active,261073,NA,NA,D,2,1,1224391.775,49.95,2002,26,4,33.45
151090,Active,223250,NA,NA,D,3,1,614791.6825,100.95,2001,36,4,42.47
151091,Active,194065,NA,NA,D,1,0,785582.4763,69,2006,41,4.09,28.9
151092,Active,743610,NA,NA,D,1,0,719277.12,57.95,2005,31,5.13,18.99
151093,Active,177656,NA,NA,D,1,0,971303.685,199.95,2003,72,4,7.99
151094,Active,636298,NA,NA,D,2,1,232646.6375,59.95,2010,59,6.51,49.99
151095,Active,760225,NA,NA,D,1,0,1227493.921,95,2003,29,32.75,63.66
151096,Active,246260,NA,NA,D,1,0,890573.2488,65.95,2006,28,5.15,47.03
151097,Active,107967,NA,NA,D,8,1,1092179.439,18.48,2004,68,4,9.97
151098,Active,53319,NA,NA,D,9,1,1125347.49,130.25,2007,21,5.8,68.17
151099,Active,60871,NA,NA,D,3,1,659181.5025,164,2004,71,4,22.13
151100,Active,618309,NA,NA,D,2,1,367943.5663,51.95,2005,43,9.01,0
151101,Active,526135,NA,NA,D,5,1,1247924.976,39.95,2007,18,6.39,36.14
151102,Active,526129,NA,NA,S,4,1,637939.0438,49.95,2011,23,17.24,19.99
151103,Active,609348,NA,NA,D,3,1,2006100.131,44.95,2006,23,3.99,34.97
151104,Active,618092,NA,NA,D,2,1,1068941.258,62.99,2002,36,4.44,23.99
151105,Active,713342,NA,NA,D,2,1,766815.9638,59.99,2002,40,4,14.99
151106,Active,181839,NA,NA,D,2,1,2371531.854,44.95,2004,35,4,6.19
151107,Active,631723,NA,NA,D,2,1,443028.78,74.99,2007,59,6.53,21.03
151108,Active,652578,NA,NA,D,3,1,819950.4075,59.99,2012,26,36.97,47.88
151109,Active,141814,NA,NA,D,8,1,299751.57,23.96,2007,191,4,13.6
151110,Active,288285,NA,NA,D,6,1,612442.2988,9.43,2007,145,4,8.46
151111,Active,628786,NA,NA,D,0,0,362154.9463,79.95,2007,60,18.92,62.66
151112,Active,845296,NA,NA,S,8,1,339605.035,90,1990,43,4.49,81.83
151113,Active,617813,NA,NA,D,7,1,778409.2588,67.2,2001,47,4,42.59
151114,Active,530672,NA,NA,S,4,1,333956.9988,89.99,2011,61,28.79,58.8
151115,Active,778708,NA,NA,D,3,1,1225256.11,166.95,2009,15,73.34,131.99
151116,Active,1873507,NA,NA,S,2,1,542225.3075,26.95,2008,26,9.13,21.98
151117,Active,632156,NA,NA,D,8,1,219213.7263,37.99,2012,40,9.5,0
151118,Active,906671,NA,NA,D,5,1,360714.8638,44.99,2009,35,4.76,10.44
151119,Active,526116,NA,NA,D,6,1,788583.9825,32.99,2011,22,8.82,13.24
151120,Active,2866587,NA,NA,D,3,1,988594.3638,49.95,1999,19,27.95,53.94
151121,Active,229404,NA,NA,D,4,1,2026395.605,60,2004,19,23.99,33.94
151122,Active,895004,NA,NA,D,6,1,200819.3463,85,2013,20,42.41,47.22
151123,Active,631588,NA,NA,D,5,1,891473.3375,85,2010,20,24.82,35.65
151124,Active,1736237,NA,NA,D,4,1,1215738.129,80,2008,15,11.79,20.86
151125,Active,1918219,NA,NA,D,19,1,1097532.86,70,2013,43,4.27,10.86
151126,Active,1918266,NA,NA,D,20,1,237202.2013,70,2014,42,9.47,20.14
151127,Active,609645,NA,NA,D,9,1,1243965.086,32.99,2009,21,5.42,50.24
151128,Active,104436,NA,NA,D,4,1,1794203.108,150,1996,32,7.19,64.65
151129,Active,2340099,NA,NA,D,2,1,1354118.668,79.5,1989,29,4,18.99
151130,Active,697624,NA,NA,D,3,1,519475.8775,125,2000,27,5.15,43.98
151131,Active,3026484,NA,NA,D,9,1,2286688.706,82.95,2003,10,4.99,6.49
151132,Active,666713,NA,NA,D,7,1,1627277.184,264.75,2011,14,6.83,72.79
151133,Active,293874,NA,NA,D,5,1,950753.535,122.95,2008,65,4,8.48
151134,Active,3463385,NA,NA,S,4,1,3303326.45,49.95,2002,32,5.48,10.94
151135,Active,843231,NA,NA,D,2,1,1003903.173,116.81,1982,27,4.95,66.17
151136,Active,119163,NA,NA,S,7,1,51222.74125,166.4,2011,81,33.79,63.98
151137,Active,54934,NA,NA,D,5,1,197585.0175,119.4,2006,40,4.45,45.28
151138,Active,607935,NA,NA,S,5,1,1220861.08,113,2005,27,4.52,50.92
151139,Active,145449,NA,NA,D,0,0,550092.6863,140,2006,49,9.25,49.15
151140,Active,526073,NA,NA,S,5,1,19019.785,150.2,2012,49,35.49,72.99
151141,Active,537317,NA,NA,D,5,1,192071.585,157.53,2012,25,42.4,162.8
151142,Active,741500,NA,NA,D,0,0,678065.3425,123,2008,36,8.48,64.99
151143,Active,120741,NA,NA,D,4,1,556872.5488,128,2009,45,4,21.57
151144,Active,271049,NA,NA,D,0,0,1051583.009,38,2011,41,4,25.48
151145,Active,130362,NA,NA,D,15,1,135383.8013,112.6,2011,32,5.97,27.98
151146,Active,290977,NA,NA,S,2,1,134892.1363,122.95,2011,57,5.98,67.39
151147,Active,868218,NA,NA,S,2,1,2102005.826,98.7,1995,23,4,40.31
151148,Active,635282,NA,NA,D,4,1,1102495.626,193,2006,27,6.36,0
151149,Active,114076,NA,NA,S,2,1,210929.8588,183,2004,47,5.5,41.99
151150,Active,795173,NA,NA,D,2,1,747829.8413,148.95,2011,21,18.27,53.99
151151,Active,2407772,NA,NA,D,2,1,2353369.098,59.5,1996,25,4,9.95
151152,Active,643944,NA,NA,D,0,0,651613.4363,149,2009,27,102.29,113.94
151153,Active,165181,NA,NA,D,3,1,1843521.956,105,2000,18,15.74,64.93
151154,Active,620492,NA,NA,D,2,1,668935.87,107,2003,31,4,43.87
151155,Active,60876,NA,NA,D,2,1,749489.5825,352.95,2005,43,4,10.98
151156,Active,2577218,NA,NA,D,1,0,1073860.469,162,1983,28,4,26.84
151157,Active,247520,NA,NA,D,2,1,518317.4625,58.95,2006,33,4,48.61
151158,Active,272513,NA,NA,D,3,1,699402.6675,84,2010,51,7.01,45.99
151159,Active,60877,NA,NA,D,5,1,1378047.08,147.95,2001,68,4,12.99
151160,Active,608832,NA,NA,D,3,1,3974381.486,74.95,1994,22,6.37,68.39
151161,Active,755251,NA,NA,D,2,1,2297269.828,80,2002,18,7.33,28.98
151162,Active,710962,NA,NA,D,4,1,2900076.275,93,2000,25,6.75,23.99
151163,Active,132741,NA,NA,D,3,1,840352.8425,138.2,2008,30,24.69,74.88
151164,Active,145009,NA,NA,D,3,1,153174.8163,119.33,2008,53,15.98,46.75
151165,Active,3558996,NA,NA,D,3,1,1530182.45,0,1994,64,4,20.97
151166,Active,110332,NA,NA,S,15,1,16808.6925,318.25,2011,178,12.94,38.99
151167,Active,51111,NA,NA,D,13,1,300467.5825,31.91,2006,117,4,35.99
151168,Active,2254324,NA,NA,D,9,1,1388798.548,77.61,2009,28,9.16,82.3
151169,Active,2511893,NA,NA,S,2,1,782048.9138,60.35,1991,50,4.13,24.89
151170,Active,2372129,NA,NA,D,6,1,863246.6488,77.85,1995,38,4.76,7.49
151171,Active,121883,NA,NA,D,7,1,10884851.57,101.33,1998,38,4,9.09
151172,Active,879137,NA,NA,D,8,1,1524089.403,94.36,2007,26,9.74,109.06
151173,Active,113985,NA,NA,D,4,1,1313471.613,93.8,2001,16,6.32,68.59
151174,Active,592016,NA,NA,S,2,1,587145.655,68,2006,37,21.63,42.71
151175,Active,51586,NA,NA,D,10,1,207700.5088,134.67,2006,60,5.37,64.69
151176,Active,535634,NA,NA,S,12,1,14075.84875,312.95,2013,106,23.99,63.09
151177,Active,53433,NA,NA,D,10,1,274267.0375,289.95,2007,102,4,39.49
151178,Active,146447,NA,NA,D,11,1,418227.79,212.67,2010,23,6.87,183.99
151179,Active,114125,NA,NA,D,5,1,2905148.156,166.67,2002,30,4,11.68
151180,Active,53435,NA,NA,D,10,1,224228.4875,240.95,2009,122,4.1,19.56
151181,Active,51101,NA,NA,D,11,1,81838.57,201.33,2010,111,9.25,33.99
151182,Active,118388,NA,NA,D,6,1,1505073.568,189,2006,35,6.62,16.61
151183,Active,107827,NA,NA,S,2,1,807931.1213,49.47,2003,33,4.87,43.38
151184,Active,52188,NA,NA,S,3,1,59858.2975,91.63,2010,78,23.8,63.96
151185,Active,878262,NA,NA,D,2,1,1321936.089,173.75,2007,21,5.26,52.56
151186,Active,620311,NA,NA,D,1,0,60485.03625,57.95,2007,53,15.66,0
151187,Active,53174,NA,NA,D,7,1,813532.685,217.95,2004,77,4,13.98
151188,Active,315941,NA,NA,D,7,1,1295528.064,162.8,1997,52,4,49.99
151189,Active,116590,NA,NA,S,4,1,1510004.99,44.2,2005,73,4,27.99
151190,Active,2254222,NA,NA,S,4,1,521014.6225,79.25,2010,41,16.64,64.48
151191,Active,614593,NA,NA,D,3,1,334703.1013,86.95,2007,76,4,12.49
151192,Active,544967,NA,NA,S,4,1,58789.88625,74,2010,109,20.98,33.98
151193,Active,592073,NA,NA,D,3,1,399437.3175,60.95,2007,158,4,12.84
151194,Active,663793,NA,NA,D,5,1,2224.72875,89,2013,69,33.93,70.73
151195,Active,56565,NA,NA,D,3,1,998137.5375,112.6,2002,45,4.36,20.99
151196,Active,534033,NA,NA,D,3,1,1017984.51,70,1994,30,4.28,20.19
151197,Active,526041,NA,NA,D,8,1,147644.84,138.6,2009,61,36.69,131.57
151198,Active,871854,NA,NA,D,4,1,319799.2763,87.98,2002,29,10.61,39.57
151199,Active,533462,NA,NA,S,9,1,5910.88625,293.95,2012,108,30.93,53.99
151200,Active,569393,NA,NA,S,3,1,2838787.415,106.95,1996,32,4,45.19
151201,Active,912925,NA,NA,D,2,1,3937940.589,72.95,1999,24,4.77,12.99
151202,Active,907056,NA,NA,D,2,1,914177.08,82.99,2006,18,21.49,66.55
151203,Active,613471,NA,NA,D,3,1,641115.67,39,2004,83,4,10.35
151204,Active,112825,NA,NA,D,2,1,1575190.908,74.95,2005,18,4.98,28.65
151205,Active,289790,NA,NA,D,3,1,28179.08875,42.95,2010,57,28.99,34.27
151206,Active,213163,NA,NA,D,2,1,662996.385,32.5,2005,25,12.85,53.94
151207,Active,570315,NA,NA,D,0,0,4817411.943,13.98,2009,19,5.99,13.98
151208,Active,567690,NA,NA,D,3,1,312957.4575,101.95,2009,33,8.99,43.94
151209,Active,1587791,NA,NA,D,2,1,205015.605,74.99,2008,37,11.94,43.97
151210,Active,906113,NA,NA,D,3,1,3387565.609,86.4,2005,30,4.97,44.26
151211,Active,552781,NA,NA,D,4,1,2140462.075,74.75,2008,18,4.97,49.4
151212,Active,742955,NA,NA,D,3,1,1631124.471,180,2011,21,13.19,0
151213,Active,145975,NA,NA,D,3,1,94904.99625,196,2009,45,30.86,124.68
151214,Active,145335,NA,NA,D,2,1,392713.9275,150.67,2006,43,10.26,106.07
151215,Active,233859,NA,NA,D,1,0,1248400.653,39.95,1995,86,4,12.96
151216,Active,644247,NA,NA,D,7,1,921598.7588,84.95,1998,24,8.58,68.05
151217,Active,203748,NA,NA,D,4,1,2095658.763,38.95,2004,32,4,10.39
151218,Active,503602,NA,NA,D,1,0,84218.95125,83.99,2010,51,22.45,0
151219,Active,609191,NA,NA,D,5,1,1265698.513,39.95,2005,52,4,8
151220,Active,2940877,NA,NA,D,6,1,5946426.519,114.99,2005,17,59.94,73.91
151221,Active,860977,NA,NA,D,11,1,2142780.583,56,2012,24,5.61,52.81
151222,Active,3512254,NA,NA,D,0,0,2566984.3,74.95,1994,26,11.12,57.03
151223,Active,142107,NA,NA,D,4,1,421387.665,11.54,2010,88,4,6.99
151224,Active,560122,NA,NA,D,3,1,1762553.174,7.27,2009,66,4,7.27
151225,Active,534654,NA,NA,D,0,0,533102.8863,89.95,2012,123,4,8.83
151226,Active,56334,NA,NA,D,0,0,836458.6363,99.95,2010,114,4,5.29
151227,Active,254619,NA,NA,D,0,0,734712.4675,87.95,2011,126,4,7.44
151228,Active,556936,NA,NA,D,2,1,182583.295,58.2,2012,30,9.46,60.4
151229,Active,55636,NA,NA,D,9,1,999133.3475,83.95,2005,47,4,28.95
151230,Active,632176,NA,NA,D,3,1,20857.98625,57.99,2012,85,12.77,23.99
151231,Active,613165,NA,NA,D,2,1,384168.32,46.5,2008,170,3.99,17.99
151232,Active,2252760,NA,NA,D,2,1,3379759.985,27.42,2008,54,5.59,23.17
151233,Active,615770,NA,NA,D,2,1,426065.425,45.99,2007,152,4,9.39
151234,Active,109223,NA,NA,S,12,1,62953.7325,300,2010,73,23.17,43.49
151235,Active,108604,NA,NA,D,9,1,209478.1338,17.66,2003,41,5.5,52.14
151236,Active,917255,NA,NA,D,1,0,776524.8388,65,2007,33,21.08,36.11
151237,Active,3602207,NA,NA,D,3,1,3005858.65,89,2003,21,5.75,58.81
151238,Active,294871,NA,NA,D,2,1,1360444.33,36.95,2000,52,4,10.24
151239,Active,563073,NA,NA,D,0,0,332273.6713,54.95,2004,31,26.65,40.76
151240,Active,563074,NA,NA,D,1,0,126749.7475,74.95,2010,41,37.53,53.4
151241,Active,280163,NA,NA,D,2,1,1444899.226,109,2005,25,53.94,53.98
151242,Active,563052,NA,NA,D,0,0,1044982.009,64.95,2007,27,39.68,47.01
151243,Active,535728,NA,NA,D,4,1,63501.1375,24.99,2013,35,10.46,23.98
151244,Active,203786,NA,NA,D,2,1,778074.8375,73.99,2005,42,4.98,13.99
151245,Active,1587743,NA,NA,D,2,1,6591754.713,116,2006,11,12.08,63.98
151246,Active,912642,NA,NA,D,1,0,518305.1363,42.95,2003,29,10.47,53.43
151247,Active,167328,NA,NA,D,2,1,957268.2463,49.99,2007,38,4,10
151248,Active,130048,NA,NA,D,2,1,94931.19375,45,2002,86,4,7.16
151249,Active,172206,NA,NA,D,1,0,220174.1825,42,2007,26,7.63,16.49
151250,Active,114165,NA,NA,D,1,0,1075196.54,219.4,2007,64,4.17,13.99
151251,Active,422256,NA,NA,D,1,0,1212231.794,199.4,2007,43,4.39,0
151252,Active,264220,NA,NA,D,0,0,459255.015,35.95,2003,54,4,17.79
151253,Active,299849,NA,NA,D,0,0,1104692.806,35.95,2003,27,4.4,13.49
151254,Active,627075,NA,NA,D,1,0,1109783.211,55,2006,35,4,8.28
151255,Active,719199,NA,NA,D,1,0,1604311.188,110,1999,29,11.93,73.48
151256,Active,51884,NA,NA,S,10,1,892876.555,144,2011,40,4,48.36
151257,Active,51888,NA,NA,D,10,1,207195.6013,148.4,2010,72,6.99,27.99
151258,Active,51886,NA,NA,D,8,1,334683.68,130.2,2005,74,4.11,6.48
151259,Active,715042,NA,NA,D,7,1,1260553.538,73.2,2009,28,4,45.4
151260,Active,118449,NA,NA,D,2,1,283301.2238,110,2007,27,5.37,61.8
151261,Active,51025,NA,NA,D,2,1,1226569.941,155.4,2002,48,4,8.73
151262,Active,716348,NA,NA,S,7,1,1888826.586,59.08,2012,18,9.75,28.94
151263,Active,607457,NA,NA,D,5,1,1336503.288,206,2008,53,4,12.48
151264,Active,622647,NA,NA,D,6,1,223757.9825,223.2,2010,65,5.72,35.48
151265,Active,800354,NA,NA,D,0,0,1664789.511,58.95,2005,26,4,8.18
151266,Active,615305,NA,NA,D,2,1,137676.3113,72,2010,62,5.41,77.13
151267,Active,911166,NA,NA,D,2,1,1418458.798,68.95,2001,24,9.32,25.98
151268,Active,196259,NA,NA,D,3,1,3539567.211,45,2006,23,4.97,31.73
151269,Active,1649222,NA,NA,D,4,1,1720650.706,49.95,2008,18,6.06,247.84
151270,Active,1839516,NA,NA,D,2,1,2192832.598,139.99,2007,12,7.05,53.99
151271,Active,862303,NA,NA,S,2,1,4125.60875,220,2014,130,30.65,108.4
151272,Active,308309,NA,NA,D,12,1,1721527.9,104.05,2000,60,4,8.99
151273,Active,354887,NA,NA,D,6,1,5532025.619,256.95,2004,33,4.34,8.95
151274,Active,50892,NA,NA,D,7,1,1607352.186,290.95,2006,57,4,8.98
151275,Active,533796,NA,NA,S,10,1,36790.5375,349.95,2012,73,17.54,58.99
151276,Active,51120,NA,NA,D,10,1,1002934.381,164.8,2005,72,4.21,13.98
151277,Active,51124,NA,NA,D,11,1,125112.225,192,2007,90,4.32,16.98
151278,Active,51334,NA,NA,D,3,1,389376.3325,223.2,2009,44,5.14,39.87
151279,Active,119122,NA,NA,D,4,1,89361.005,268.4,2011,55,13.98,53.97
151280,Active,51333,NA,NA,D,2,1,1413947.964,201.67,2007,41,4,24.99
151281,Active,326373,NA,NA,D,5,1,1039394.965,130.67,2007,27,5.43,21.97
151282,Active,53522,NA,NA,D,8,1,318876.5413,422.95,2008,83,4,11.8
151283,Active,60886,NA,NA,D,8,1,504027.3363,242.95,2008,52,4.39,104.04
151284,Active,315410,NA,NA,D,14,1,40155.17875,182.4,2012,54,15.98,26.84
151285,Active,53520,NA,NA,D,7,1,491713.5163,245.95,2006,54,4,47.59
151286,Active,52660,NA,NA,D,4,1,342522.695,152.62,2007,53,8.48,56.09
151287,Active,341986,NA,NA,D,2,1,1464675.621,59.49,1998,21,4.24,45.11
151288,Active,537591,NA,NA,S,4,1,34064.32,169.5,2012,77,42.99,83.99
151289,Active,105368,NA,NA,D,4,1,643507.3725,43.98,2003,22,7.34,43.99
151290,Active,107891,NA,NA,D,4,1,1127797.795,4.92,2003,55,4,14.92
151291,Active,2263206,NA,NA,D,6,1,444213.1363,127.9,2011,40,7.67,49.21
151292,Active,52661,NA,NA,D,4,1,1372865.748,8.18,2007,52,4,7.99
151293,Active,2259562,NA,NA,D,2,1,3397624.981,146.58,2010,36,8.07,113.47
151294,Active,129289,NA,NA,D,2,1,1030611.611,34.75,2012,30,5.16,58.21
151295,Active,2698256,NA,NA,D,2,1,6301693.875,41.95,2001,28,4.18,44.77
151296,Active,621926,NA,NA,D,1,0,567725.8788,165.4,2011,29,6.99,50.14
151297,Active,603521,NA,NA,D,6,1,437416.6613,39.95,2011,34,15.78,59.85
151298,Active,58526,NA,NA,D,10,1,243727.3213,138.8,2003,54,4,18.97
151299,Active,526000,NA,NA,D,2,1,3130080.448,76.95,2005,24,6.71,32.76
151300,Active,624436,NA,NA,D,2,1,725741.2688,39.95,2006,36,4,23.98
151301,Active,163249,NA,NA,D,3,1,898589.8125,129.95,2002,40,4.97,52.81
151302,Active,164122,NA,NA,D,1,0,1001431,39.95,1997,55,4,8.63
151303,Active,165655,NA,NA,D,2,1,223093.2213,45,2003,37,10.55,38.99
151304,Active,213183,NA,NA,D,2,1,337339.9813,74.95,2006,36,4,57.58
151305,Active,394236,NA,NA,D,2,1,1114104.323,62.95,2009,58,4,73.45
151306,Active,369447,NA,NA,D,2,1,1142529.945,49.95,2008,30,4.97,35.05
151307,Active,622052,NA,NA,D,1,0,1054037.324,49.95,2004,46,4,6.71
151308,Active,60887,NA,NA,D,4,1,851998.7025,90.4,2000,40,4,6.52
151309,Active,890787,NA,NA,D,3,1,224775.9663,84.95,2013,32,36.98,73.06
151310,Active,193504,NA,NA,D,4,1,765459.0538,65.95,2005,39,6.76,54.15
151311,Active,193620,NA,NA,D,4,1,537695.41,77.95,2009,52,5.19,45.99
151312,Active,57498,NA,NA,D,4,1,87603.91375,136,2010,42,38.59,48.98
151313,Active,54136,NA,NA,D,8,1,212896.0063,100.8,2007,194,3.9,10.34
151314,Active,641566,NA,NA,D,2,1,578502.0138,67.95,2008,28,17.71,22.69
151315,Active,720504,NA,NA,D,0,0,546525.6488,54.95,2003,30,4.98,41.35
151316,Active,132621,NA,NA,D,7,1,384376.6475,129.2,2008,71,4.68,27.23
151317,Active,132725,NA,NA,D,7,1,1263942.948,131.47,2008,31,5.65,15.94
151318,Active,131815,NA,NA,D,6,1,659679.9763,100,2005,63,4,35.5
151319,Active,536506,NA,NA,D,2,1,1077497.256,102.27,2012,20,17.79,69.95
151320,Active,876920,NA,NA,D,2,1,1439219.745,106.67,2014,14,23.19,208.98
151321,Active,114306,NA,NA,D,2,1,1827997.125,37.8,2001,17,4.26,18.96
151322,Active,632384,NA,NA,D,3,1,1420770.01,72,2011,19,33.03,47.7
151323,Active,116517,NA,NA,D,2,1,544054.9225,71.33,2005,33,4,42.11
151324,Active,129079,NA,NA,D,2,1,1346800.989,49.95,2007,39,4,46.47
151325,Active,129256,NA,NA,S,3,1,815983.3888,64.95,2010,34,9.87,108.4
151326,Active,537156,NA,NA,D,4,1,342578.22,69.95,2013,50,8.02,43.98
151327,Active,744896,NA,NA,D,2,1,2776887.918,101.95,2005,22,5.17,22.83
151328,Active,916987,NA,NA,D,1,0,563082.725,89.95,1995,32,4.49,45.83
151329,Active,875659,NA,NA,D,6,1,2935900.393,48.89,2000,24,4.58,23.99
151330,Active,339804,NA,NA,D,3,1,49649.64375,45,2009,42,15.99,30.4
151331,Active,913082,NA,NA,D,2,1,331569.1288,83,2006,45,4,9.55
151332,Active,2334530,NA,NA,D,1,0,1790211.249,137.5,1997,27,29.34,79.99
151333,Active,247476,NA,NA,D,2,1,443091.0638,77,2004,47,4,44.79
151334,Active,380535,NA,NA,S,3,1,44753.9775,185.95,2012,55,27.97,31.21
151335,Active,348750,NA,NA,D,1,0,1104204.14,215.95,2006,29,4.97,79.44
151336,Active,244038,NA,NA,D,2,1,1054310.525,188.95,2010,20,6.65,71.15
151337,Active,3462948,NA,NA,D,4,1,2248870.729,69.95,1996,18,4.62,68.41
151338,Active,778069,NA,NA,D,4,1,212711.565,178.95,2007,37,13.99,35.17
151339,Active,2608975,NA,NA,D,1,0,930551.82,165,1998,25,27.98,93.97
151340,Active,121322,NA,NA,D,7,1,2163070.499,149.94,2008,23,21.63,149.79
151341,Active,2343763,NA,NA,D,0,0,2298095.473,68,1988,22,5.52,36.1
151342,Active,55631,NA,NA,D,6,1,254674.7313,154,2005,39,8.99,80.43
151343,Active,55629,NA,NA,S,5,1,825426.525,113,2001,29,6.08,25.85
151344,Active,55632,NA,NA,D,7,1,263249.6275,185,2008,39,30.6,80.04
151345,Active,1574363,NA,NA,D,4,1,1182179.215,293.95,2010,21,31.08,38.99
151346,Active,890186,NA,NA,D,2,1,1501361.703,176,2008,16,48.99,170.59
151347,Active,626731,NA,NA,D,3,1,1841545.163,99.5,1989,30,4.98,65.2
151348,Active,542139,NA,NA,D,1,0,64654.4775,99.99,2010,47,14.99,0
151349,Active,915401,NA,NA,D,1,0,918592.3638,64.91,1992,39,5.99,59.49
151350,Active,166085,NA,NA,S,2,1,482916.0675,80.52,1996,50,8.48,58.67
151351,Active,118706,NA,NA,D,1,0,1214019.505,167.4,2008,29,5.44,39
151352,Active,700665,NA,NA,D,4,1,1772990.805,150,2005,18,27.99,97.14
151353,Active,147673,NA,NA,D,14,1,447832.1963,63.95,2011,35,9.82,19.97
151354,Active,58542,NA,NA,D,13,1,850530.7338,58.95,2007,42,4.54,22.91
151355,Active,911716,NA,NA,D,0,0,534663.3188,60,1984,33,11.38,63.91
151356,Active,3497285,NA,NA,D,4,1,1585585.55,119,2003,54,19.34,42.15
151357,Active,116527,NA,NA,D,11,1,530948.3188,85.33,2004,29,4.01,93.6
151358,Active,118625,NA,NA,D,12,1,833874.565,146.67,2008,21,4.3,70.99
151359,Active,131657,NA,NA,D,4,1,927278.4613,73.4,2004,29,4,12.28
151360,Active,764639,NA,NA,D,6,1,3137614,102.95,1997,24,4,10.99
151361,Active,271013,NA,NA,D,0,0,238401.46,66,2010,47,27.37,102.51
151362,Active,133026,NA,NA,D,7,1,1332776.033,110,2008,19,6.51,200.52
151363,Active,712181,NA,NA,D,6,1,4201300.316,79.67,2002,26,3.99,23.15
151364,Active,859756,NA,NA,D,7,1,1725590.404,100.2,2008,46,4,23.46
151365,Active,51513,NA,NA,D,7,1,733887.5275,76.6,2004,54,4.31,7.85
151366,Active,145242,NA,NA,D,0,0,2244079.875,51.8,2006,29,4,12.99
151367,Active,770237,NA,NA,D,5,1,3348663.943,146.95,2006,24,4,62.53
151368,Active,183608,NA,NA,D,6,1,686580.9138,115.95,2007,33,4,42.08
151369,Active,290895,NA,NA,D,12,1,1327820.879,116.95,2007,23,4,13.82
151370,Active,1482193,NA,NA,D,2,1,210518.1913,64.8,2010,18,29.39,39.99
151371,Active,540051,NA,NA,D,4,1,397185.2175,110,2009,41,5.94,19.95
151372,Active,117994,NA,NA,D,3,1,605239.505,106.8,2005,37,4,22.93
151373,Active,533973,NA,NA,D,4,1,1386227.771,134.95,2008,27,4,93.65
151374,Active,536197,NA,NA,D,5,1,412245.3413,122.95,2011,45,6.33,96.36
151375,Active,534038,NA,NA,D,3,1,754578.29,122.95,2005,28,4,47.71
151376,Active,183736,NA,NA,D,4,1,1861217.825,115.95,2008,27,4,12.59
151377,Active,767647,NA,NA,D,2,1,791908.07,130.95,2008,20,7.64,32.11
151378,Active,619010,NA,NA,D,2,1,48408.78375,126,2005,42,51.99,99.98
151379,Active,2368276,NA,NA,D,3,1,817525.7763,43.4,2002,20,16.98,63.98
151380,Active,349807,NA,NA,D,5,1,1848880.881,44.95,2005,27,4.35,32.96
151381,Active,626285,NA,NA,D,9,1,645061.8925,122.95,2010,27,15.04,86.29
151382,Active,118482,NA,NA,D,6,1,2980880.879,58.4,2006,23,4,27.33
151383,Active,525957,NA,NA,D,7,1,904086.7638,66.67,2009,29,5.17,66.67
151384,Active,116838,NA,NA,D,8,1,1883672.098,64.67,2005,32,4,9.97
151385,Active,540625,NA,NA,D,10,1,184483.5163,76,2012,37,20.76,43.99
151386,Active,531659,NA,NA,D,9,1,635913.9575,61.8,2008,70,4,9.89
151387,Active,176678,NA,NA,D,6,1,739513.3013,37.95,2001,59,4,28.96
151388,Active,109911,NA,NA,D,6,1,2370741.16,532.62,2007,17,6.11,69.65
151389,Active,561198,NA,NA,D,7,1,1329018.15,45.6,2009,41,4,22.69
151390,Active,614027,NA,NA,D,4,1,691819.1225,75,2003,90,4,9.99
151391,Active,623364,NA,NA,D,9,1,216141.0213,45.6,2012,49,10.51,0
151392,Active,910326,NA,NA,D,2,1,801586.28,94.95,2006,26,4,62.53
151393,Active,742984,NA,NA,D,7,1,1613165.024,44.2,2011,35,3.43,39.61
151394,Active,111125,NA,NA,D,3,1,2002058.564,62.05,2010,30,4.29,26.49
151395,Active,1458860,NA,NA,D,8,1,573749.9088,38.67,2010,33,8.8,10.49
151396,Active,613021,NA,NA,D,12,1,614260.6263,38.67,2009,56,4,0
151397,Active,1574431,NA,NA,D,6,1,214378.3088,134.95,2008,31,4,67.36
151398,Active,620466,NA,NA,S,3,1,41052.88875,89.4,2013,84,12.06,18.89
151399,Active,551062,NA,NA,D,3,1,244159.4438,105.25,2013,33,8.33,0
151400,Active,587596,NA,NA,D,7,1,292585.0175,122.95,2011,37,9.06,97.75
151401,Active,741454,NA,NA,D,4,1,310676.5288,45.6,2008,33,6.81,0
151402,Active,624402,NA,NA,D,4,1,553148.2088,44.2,2007,35,6.7,23.99
151403,Active,346315,NA,NA,D,9,1,671087.5563,163.95,2009,26,5.12,46.33
151404,Active,567393,NA,NA,D,9,1,2695756.699,127.95,2006,30,4,18.98
151405,Active,1458522,NA,NA,D,5,1,1675873.45,44.2,2008,34,4,11.99
151406,Active,561476,NA,NA,D,6,1,518521.6825,44.2,2012,48,6.47,22.44
151407,Active,741274,NA,NA,D,3,1,624494.405,38.67,2008,55,4,13.99
151408,Active,561474,NA,NA,D,6,1,418456.5075,44.2,2012,66,4.72,28.98
151409,Active,561468,NA,NA,D,1,0,793922.2838,44.2,2012,26,7.01,63.18
151410,Active,617628,NA,NA,D,9,1,234195.3525,44.2,2011,58,6.21,25.49
151411,Active,179219,NA,NA,D,9,1,391324.7275,101.95,2009,34,7.87,0
151412,Active,542376,NA,NA,D,6,1,277821.68,103.95,2008,26,15.99,44.89
151413,Active,608767,NA,NA,D,5,1,671595.4988,98.95,2003,31,4,61.41
151414,Active,868360,NA,NA,D,5,1,496033.3213,95.95,2007,23,11.93,107.31
151415,Active,627897,NA,NA,D,7,1,143856.385,114.95,2012,66,11.31,98.76
151416,Active,567531,NA,NA,D,8,1,2369617.85,63.95,2007,26,4,10.84
151417,Active,169485,NA,NA,S,6,1,647951.4613,150.95,2007,67,4,23.17
151418,Active,178286,NA,NA,D,2,1,525626.6275,109.95,2005,21,7.99,70.61
151419,Active,622623,NA,NA,D,4,1,491517.6988,44.2,2011,29,11.69,28.74
151420,Active,169218,NA,NA,D,2,1,249526.235,109.95,2005,45,4,23.99
151421,Active,868346,NA,NA,D,5,1,173149.4025,109.95,2005,131,4,17.54
151422,Active,543377,NA,NA,D,6,1,223567.9275,109.95,2011,60,6.85,32.98
151423,Active,582985,NA,NA,D,7,1,42900.04875,102.95,2011,75,13.73,28.99
151424,Active,630032,NA,NA,S,3,1,725792.5513,40,2010,26,7.95,0
151425,Active,1574402,NA,NA,D,7,1,571153.4413,120.95,2008,30,12,42.09
151426,Active,1623235,NA,NA,D,6,1,558135.5763,105.95,2007,91,4,27.48
151427,Active,633846,NA,NA,D,7,1,55219.29625,132.95,2012,68,8.15,59.76
151428,Active,536609,NA,NA,D,8,1,922406.6138,45.6,2008,116,4,9.99
151429,Active,576743,NA,NA,D,7,1,2673622.21,73.95,2010,21,4,27.36
151430,Active,641435,NA,NA,D,1,0,105106.1775,50.45,2010,23,24.93,44.95
151431,Active,1441007,NA,NA,D,3,1,1027589.611,99,2013,31,18.72,71.38
151432,Active,560874,NA,NA,D,3,1,834721.1113,36.67,2005,62,4,12.99
151433,Active,540525,NA,NA,D,4,1,91748.64375,45.6,2011,94,4.3,33.98
151434,Active,525324,NA,NA,D,12,1,473568.3038,56,2007,61,4,13.57
151435,Active,108246,NA,NA,D,9,1,1652367.664,75.57,2005,23,4.49,77.11
151436,Active,308864,NA,NA,D,10,1,430219.3038,33.45,2008,30,9.94,28.98
151437,Active,525929,NA,NA,D,9,1,290794.8138,80.75,2012,30,7.93,36.99
151438,Active,566749,NA,NA,D,7,1,1027131.636,30.52,2006,37,4,8.48
151439,Active,565912,NA,NA,D,8,1,582979.6013,14.24,2009,53,4,14.03
151440,Active,905605,NA,NA,D,4,1,1200137.458,120.95,2006,31,3.84,43.18
151441,Active,632008,NA,NA,D,8,1,228458.5888,125,2013,47,17.44,33.99
151442,Active,243970,NA,NA,D,1,0,69941.5825,80.95,2012,58,4,10.98
151443,Active,567547,NA,NA,D,9,1,1950344.583,87.95,2008,19,4.71,18.72
151444,Active,116167,NA,NA,D,6,1,2108741.235,48,2005,38,3.99,11.5
151445,Active,615300,NA,NA,D,9,1,413559.1888,35.8,2011,83,4,18.99
151446,Active,169556,NA,NA,D,8,1,325441.37,67.95,2006,24,7.03,52.49
151447,Active,176796,NA,NA,S,7,1,1228727.306,50.95,2001,47,4,18.97
151448,Active,553211,NA,NA,D,2,1,555588.2425,44.8,2012,68,4,0
151449,Active,525920,NA,NA,D,8,1,883455.155,72.95,2011,29,4,58.99
151450,Active,290882,NA,NA,D,7,1,2134690.193,76.95,2007,21,4.27,45.06
151451,Active,203892,NA,NA,S,1,0,918674.2138,29.95,2007,52,4,14.69
151452,Active,270981,NA,NA,S,5,1,46378.34875,35.99,2011,59,8.11,39.79
151453,Active,561104,NA,NA,S,2,1,554622.0513,100.6,2007,190,4,4
151454,Active,525913,NA,NA,D,7,1,374445.2688,41.95,2010,65,4,46.97
151455,Active,621329,NA,NA,D,3,1,639481.4388,34.95,2011,63,4,12.98
151456,Active,1574067,NA,NA,D,7,1,1344326.164,128.95,2007,22,4.01,47.3
151457,Active,50028,NA,NA,D,4,1,1178410.899,64.95,2004,61,4,9.81
151458,Active,827213,NA,NA,D,3,1,1857067.444,41.17,2000,23,4.49,13.98
151459,Active,641995,NA,NA,D,0,0,569133.4713,61,2013,21,6.98,15.99
151460,Active,107629,NA,NA,D,5,1,772708.8125,69.25,2002,47,4,14.7
151461,Active,614529,NA,NA,D,6,1,112100.1275,16.89,2006,49,7.27,23.98
151462,Active,540594,NA,NA,D,5,1,1184835.353,44.2,2011,54,4.13,23.99
151463,Active,896861,NA,NA,D,9,1,116702.9325,44.2,2013,30,25.26,40.32
151464,Active,1517278,NA,NA,D,3,1,221169.2125,45.6,2014,12,27.44,32.99
151465,Active,868025,NA,NA,D,2,1,99983.925,239.64,2009,40,4.47,39.38
151466,Active,561466,NA,NA,D,12,1,296544.41,45.6,2012,51,5.19,0
151467,Active,540585,NA,NA,D,3,1,217231.8863,44.2,2011,59,4,39.99
151468,Active,286045,NA,NA,D,3,1,2006396.06,36.67,2004,27,4,36.94
151469,Active,525900,NA,NA,D,4,1,728704.1725,38.67,2009,37,9.57,62.95
151470,Active,51776,NA,NA,D,6,1,2014943.409,76,2000,57,3.99,6.52
151471,Active,868069,NA,NA,D,6,1,1406738.016,117.33,2004,26,4.33,72.22
151472,Active,182855,NA,NA,D,6,1,213872.485,54.36,2004,42,6.44,23.92
151473,Active,561347,NA,NA,D,3,1,737171.4713,73.6,2010,46,4.76,21.74
151474,Active,540637,NA,NA,D,13,1,736165.815,73.6,2012,79,4.71,44.97
151475,Active,608423,NA,NA,D,5,1,1707760.508,148.95,2005,20,4.76,32.99
151476,Active,244100,NA,NA,D,7,1,240375.1538,122.95,2011,37,9.96,83.3
151477,Active,608458,NA,NA,D,6,1,767771.4538,134.95,2008,24,4,68.55
151478,Active,147521,NA,NA,D,4,1,464928.005,29.95,2007,132,4,11.29
151479,Active,550427,NA,NA,D,13,1,1866237.303,970.04,2008,26,5.69,59.15
151480,Active,148137,NA,NA,D,10,1,3543821.869,53.95,2005,19,4.94,50.03
151481,Active,561166,NA,NA,D,4,1,393752.6063,70,2010,79,4,18.98
151482,Active,613191,NA,NA,D,3,1,1846546.996,57.2,2008,37,4,8.99
151483,Active,533841,NA,NA,D,13,1,431580.1238,73.95,2010,35,12.76,41.98
151484,Active,608087,NA,NA,D,12,1,1392917.904,77.95,2007,22,4,11.05
151485,Active,148304,NA,NA,D,5,1,2933022.366,52.95,2006,31,4,13.64
151486,Active,434939,NA,NA,S,9,1,24944.43,81.2,2010,67,11.63,51.88
151487,Active,1448206,NA,NA,D,5,1,2109534.996,70.4,2007,28,3.88,7.99
151488,Active,561420,NA,NA,D,6,1,308126.5388,95.4,2011,43,4.97,53.99
151489,Active,899331,NA,NA,D,9,1,2274169.45,91.95,2010,28,11.69,32.42
151490,Active,212508,NA,NA,D,7,1,531551.405,56,2006,38,4.58,33.99
151491,Active,525854,NA,NA,S,9,1,249828.5388,80.6,2012,74,21.09,43.99
151492,Active,623482,NA,NA,D,1,0,374157.8738,16.88,2010,32,7.39,18.98
151493,Active,244037,NA,NA,S,8,1,349775.1788,118.95,2011,50,4.98,23.58
151494,Active,608083,NA,NA,D,5,1,2019747.92,65.95,2008,27,4,65.95
151495,Active,147664,NA,NA,D,10,1,327194.9338,37.95,2011,97,4.59,16.99
151496,Active,2264421,NA,NA,D,8,1,271319.7588,91.49,1900,36,42.49,58.21
151497,Active,741444,NA,NA,D,2,1,2566953.6,58.4,2008,19,12.02,55.55
151498,Active,434978,NA,NA,D,3,1,1312331.263,64.8,2010,17,15.14,92.13
151499,Active,561068,NA,NA,D,8,1,2981002.221,46.67,2007,35,4,16.48
151500,Active,539121,NA,NA,D,10,1,664541.4188,49,2011,52,4,43.63
151501,Active,148427,NA,NA,D,7,1,5759982.318,46.95,2006,15,4,44.98
151502,Active,110938,NA,NA,D,6,1,414971.375,73,2007,21,4,8.98
151503,Active,617125,NA,NA,D,10,1,39730.25,41,2012,34,10.55,0
151504,Active,252646,NA,NA,D,9,1,120962.225,52.34,2009,141,4,0
151505,Active,665185,NA,NA,D,5,1,283280.4575,40,2012,22,21.13,0
151506,Active,640422,NA,NA,D,7,1,587350.2863,68.95,2007,23,5.2,50.87
151507,Active,569822,NA,NA,D,7,1,2506624.988,81.77,2006,16,4,41.16
151508,Active,178726,NA,NA,D,12,1,273505.5788,59.95,2010,33,4.98,47.99
151509,Active,870774,NA,NA,D,11,1,1687771.869,62.95,2007,36,4,12.48
151510,Active,456864,NA,NA,D,9,1,696444.8338,112.95,2010,29,15.25,23.47
151511,Active,543786,NA,NA,D,3,1,568476.0638,91.95,2011,32,6.47,84.48
151512,Active,567387,NA,NA,D,2,1,550482.9388,98.95,2006,20,4,8.99
151513,Active,543362,NA,NA,D,7,1,190799.6,102.95,2011,50,29.28,71.94
151514,Active,567385,NA,NA,D,6,1,864958.96,112.95,2007,58,4,20.78
151515,Active,169205,NA,NA,D,6,1,1053656.321,107.95,2007,86,3.95,20.44
151516,Active,1573942,NA,NA,D,6,1,1127723.371,112.95,2007,66,4,11.95
151517,Active,2703802,NA,NA,D,2,1,431684.1788,60,2005,25,8.98,123.85
151518,Active,545895,NA,NA,D,2,1,212023.3975,46.95,2012,63,4.46,49.94
151519,Active,545272,NA,NA,D,5,1,511581.9788,35.95,2010,101,4,27.99
151520,Active,109794,NA,NA,D,17,1,448470.7125,84.25,2006,64,4.31,28.49
151521,Active,525841,NA,NA,D,10,1,199043.155,34.99,2012,33,5.96,0
151522,Active,538576,NA,NA,D,8,1,1034449.429,53.07,2009,30,4.07,96.45
151523,Active,525770,NA,NA,D,6,1,222913.3125,53,2012,26,23.24,38.04
151524,Active,608351,NA,NA,D,4,1,2018135.504,7.24,2003,22,4.1,6.94
151525,Active,169258,NA,NA,D,6,1,315580.2113,154.95,2006,40,4,21.98
151526,Active,173884,NA,NA,D,3,1,528582.8275,32.99,2005,104,4,14.89
151527,Active,255765,NA,NA,D,1,0,1015758.254,48.95,2005,23,6.41,48.79
151528,Active,289479,NA,NA,S,3,1,87569.085,115.75,2002,62,46.74,100.7
151529,Active,622586,NA,NA,D,13,1,676756.3675,48.2,2012,60,3.9,37.99
151530,Active,628024,NA,NA,D,13,1,1075097.131,48.2,2012,33,4,22.87
151531,Active,316642,NA,NA,D,2,1,2011959.739,51.4,2008,29,4,19.89
151532,Active,131458,NA,NA,D,3,1,363614.7413,38,2001,43,4,33.99
151533,Active,203624,NA,NA,D,5,1,300412.7575,70,2004,61,4,7.94
151534,Active,555834,NA,NA,D,2,1,2587676.44,65,2003,28,4,20.54
151535,Active,54484,NA,NA,D,9,1,140388.9613,49.2,2006,67,6.42,23.37
151536,Active,613648,NA,NA,D,2,1,1018008.161,44.99,2007,85,4,7.96
151537,Active,870885,NA,NA,D,13,1,9596.5875,60.5,2014,77,19.94,45.99
151538,Active,142071,NA,NA,D,12,1,110714.345,26.74,2010,130,3.84,16.21
151539,Active,141877,NA,NA,D,11,1,446258.9863,50,2007,70,4,6.98
151540,Active,541115,NA,NA,D,1,0,38043.68875,35.63,2004,154,4,12.43
151541,Active,2664316,NA,NA,D,3,1,1930022.824,179,1997,30,4.67,8.94
151542,Active,534635,NA,NA,D,2,1,162057.25,75,2013,52,25.23,38.53
151543,Active,268361,NA,NA,D,1,0,230693.4275,30,2004,72,4,10.87
151544,Active,607615,NA,NA,D,2,1,7651904.499,85,2007,18,4.98,48.46
151545,Active,178963,NA,NA,S,1,0,366308.6825,178.95,2010,49,4,15
151546,Active,875372,NA,NA,D,3,1,1968399.073,191.95,2008,73,4,17.99
151547,Active,534703,NA,NA,D,7,1,38425.485,55.95,2012,86,11.93,33.98
151548,Active,106637,NA,NA,D,1,0,791629.805,39.95,2007,36,4,9.73
151549,Active,54425,NA,NA,D,3,1,1365936.046,12,2005,80,4,12
151550,Active,738458,NA,NA,D,2,1,4194998.556,28,2003,22,4,94.03
151551,Active,533623,NA,NA,S,5,1,49089.65,280.95,2011,42,40.62,103.97
151552,Active,745261,NA,NA,D,3,1,2940645.756,11.36,2006,21,4,4.36
151553,Active,541109,NA,NA,D,4,1,430328.3488,191.95,2008,22,3,65.39
151554,Active,148642,NA,NA,S,3,1,1304885.91,325.95,2008,29,4,19.31
151555,Active,503495,NA,NA,D,4,1,1907271.005,75,2005,24,6.37,51.27
151556,Active,608330,NA,NA,D,2,1,924633.1813,85,2001,48,4,13.39
151557,Active,868638,NA,NA,D,5,1,1399953.141,86.95,2001,29,4.26,38.99
151558,Active,608495,NA,NA,D,2,1,1063183.855,36.99,2005,35,4,23.93
151559,Active,347566,NA,NA,D,3,1,739836.8338,44.99,2007,61,4,13.99
151560,Active,392340,NA,NA,D,6,1,938377.4238,52,2007,23,10.45,13.98
151561,Active,632832,NA,NA,D,0,0,928718.2,199,2001,33,9.07,79.99
151562,Active,1465923,NA,NA,D,1,0,718767.295,120,2007,51,7.97,10.78
151563,Active,539226,NA,NA,S,7,1,355256.4488,151.4,2010,35,22.47,43.7
151564,Active,132665,NA,NA,D,8,1,101379.1938,154,2009,53,12.91,45.98
151565,Active,131693,NA,NA,D,6,1,597698.6488,107,2003,71,3.99,13.99
151566,Active,618604,NA,NA,D,4,1,509972.7263,98.95,2007,49,4,73.01
151567,Active,115876,NA,NA,D,7,1,659608.7475,163.6,2008,35,72.69,140.43
151568,Active,121053,NA,NA,S,6,1,379071.35,117.8,2000,36,9.43,61.43
151569,Active,631639,NA,NA,D,3,1,864888.5213,38.95,2009,32,16.98,29.42
151570,Active,121375,NA,NA,S,6,1,366016.21,187.67,2009,28,5.17,5.49
151571,Active,61145,NA,NA,D,5,1,1470462.854,32.88,2006,61,4,31.98
151572,Active,874729,NA,NA,S,6,1,2203872.494,27.28,2009,57,7.67,40.48
151573,Active,51050,NA,NA,D,6,1,1183356.296,238.95,2004,55,4,43.85
151574,Active,143256,NA,NA,D,5,1,567897.7025,107,2009,32,6.14,26.98
151575,Active,698988,NA,NA,D,3,1,528479.175,103.25,2009,23,21.91,37.34
151576,Active,281100,NA,NA,D,0,0,2220015.626,99,2002,39,4,39.87
151577,Active,379311,NA,NA,D,2,1,1016124.925,75,2005,20,18.2,33.97
151578,Active,545805,NA,NA,D,11,1,85929.495,49,2012,66,5.63,28.94
151579,Active,534534,NA,NA,D,10,1,543404.3325,39.95,2009,69,3.99,13.99
151580,Active,2168208,NA,NA,S,2,1,74128.7475,24.95,2015,53,18.74,18.74
151581,Active,159478,NA,NA,D,3,1,2006337.34,45.95,2002,24,4,70.91
151582,Active,760507,NA,NA,D,3,1,1913327.369,156,2004,18,21.77,84.19
151583,Active,478794,NA,NA,D,2,1,2561706.476,469,2005,14,8.4,73.64
151584,Active,152916,NA,NA,D,2,1,2172152.211,64.95,2002,20,4.39,19.97
151585,Active,902495,NA,NA,D,0,0,3244164.8,165.23,1984,25,4.8,63.04
151586,Active,619774,NA,NA,S,6,1,638437.8825,49.95,2011,33,11.52,34.22
151587,Active,525709,NA,NA,S,6,1,67763.605,52.99,2011,40,23.09,72.65
151588,Active,2366616,NA,NA,S,0,0,973743.6613,56,1994,19,4.03,56.97
151589,Active,112036,NA,NA,D,3,1,243116.285,44.06,2011,140,8.14,23.54
151590,Active,699248,NA,NA,D,3,1,1992519.209,140.55,2011,17,4.64,55.53
151591,Active,55487,NA,NA,D,4,1,1044607.249,412.95,2008,57,3.99,18.49
151592,Active,877223,NA,NA,D,6,1,1111743.391,55.96,2007,37,6.69,50.04
151593,Active,119127,NA,NA,S,5,1,112787.87,225,2011,62,10.43,62.52
151594,Active,390654,NA,NA,D,4,1,649634.5563,115,2005,113,4.2,5.49
151595,Active,258363,NA,NA,S,3,1,353641.0188,76,1998,79,4,11.49
151596,Active,632097,NA,NA,D,9,1,83425.4125,136.67,2012,50,7.97,53.99
151597,Active,107037,NA,NA,D,2,1,1800110.55,7.99,2005,35,4,7.99
151598,Active,140421,NA,NA,D,4,1,272704.8688,49.99,2003,118,4,16.2
151599,Active,2569231,NA,NA,D,0,0,796557.3213,140,1965,20,16.34,139
151600,Active,759225,NA,NA,S,4,1,907212.0025,110.28,1999,21,4.38,66.84
151601,Active,421343,NA,NA,D,7,1,536322.3325,117,2005,25,4.97,70.77
151602,Active,696650,NA,NA,D,6,1,1401206.938,104,1981,29,4.34,59.98
151603,Active,2938462,NA,NA,D,4,1,5106196.035,68.93,2005,12,5.74,128.01
151604,Active,117234,NA,NA,D,6,1,381699.635,121.2,2006,23,19.03,34.02
151605,Active,1533336,NA,NA,D,0,0,1032687.121,169,2008,25,59.16,59.16
151606,Active,525705,NA,NA,D,2,1,376347.86,59.95,2007,167,4,8.87
151607,Active,298245,NA,NA,D,3,1,1280623.076,125,2007,28,6.99,61.81
151608,Active,247634,NA,NA,D,3,1,190491.44,64,2007,54,6.79,23.98
151609,Active,626318,NA,NA,D,1,0,162438.6225,50,2009,54,18.82,33.9
151610,Active,571676,NA,NA,D,1,0,1122921.219,34.95,2002,31,4,31.1
151611,Active,2540759,NA,NA,D,2,1,485760.3563,63.95,2003,16,38.96,63.95
151612,Active,265678,NA,NA,D,1,0,656005.8575,45,2008,91,4,13.07
151613,Active,265682,NA,NA,D,1,0,904665.7263,60,2008,82,4,4.9
151614,Active,104613,NA,NA,D,2,1,761228.7325,85,1997,25,13.16,48.98
151615,Active,2579941,NA,NA,D,2,1,3513149.523,110,1995,17,4,84.06
151616,Active,525695,NA,NA,D,6,1,3183550.403,66.95,2008,14,6.82,46.12
151617,Active,395540,NA,NA,D,3,1,1064304.018,57.95,2003,29,7.17,60.33
151618,Active,246481,NA,NA,D,2,1,294710.1988,62.95,2006,62,4,23.98
151619,Active,1780411,NA,NA,S,1,0,144784.3163,59.99,2014,19,26.11,27.48
151620,Active,869411,NA,NA,D,4,1,158112.115,33.98,2003,14,22.96,25.19
151621,Active,538559,NA,NA,S,2,1,482002.625,99.33,2009,39,41.98,79.86
151622,Active,229126,NA,NA,D,2,1,556436.7825,32.95,2007,78,4,20.3
151623,Active,665147,NA,NA,D,1,0,699113.0463,51,2012,21,23.22,0
151624,Active,132542,NA,NA,S,7,1,75161.8275,161.6,2008,53,21.1,42.99
151625,Active,131852,NA,NA,D,6,1,628894.7463,114,2004,44,4,25.76
151626,Active,915725,NA,NA,D,0,0,342590.5813,54,1996,35,14.94,25.94
151627,Active,51874,NA,NA,D,8,1,603389.5325,201.95,2009,61,4.21,53.11
151628,Active,178675,NA,NA,D,8,1,540457.0075,323.95,2010,58,4.36,38.99
151629,Active,619113,NA,NA,S,10,1,18125.87,268.95,2013,72,21.48,76.47
151630,Active,183993,NA,NA,D,3,1,2664679.21,252.95,2004,45,4.16,11.21
151631,Active,244088,NA,NA,S,6,1,74104.20375,276.95,2011,64,22.84,73.47
151632,Active,290953,NA,NA,D,7,1,335332.8838,244.95,2009,37,22.39,60.68
151633,Active,533513,NA,NA,D,21,1,296139.675,38.95,2009,119,4.98,7.78
151634,Active,211015,NA,NA,D,21,1,907778.4338,88.95,2009,56,7.74,14.98
151635,Active,866636,NA,NA,D,2,1,285323.2138,201.95,2003,42,5.98,82.12
151636,Active,911976,NA,NA,D,5,1,1865558.393,39,2008,25,4.98,17.96
151637,Active,1513059,NA,NA,D,5,1,2696346.533,271.26,2009,16,7.09,228.75
151638,Active,740871,NA,NA,D,4,1,642807.4313,68.95,2006,21,4,110.5
151639,Active,287003,NA,NA,S,2,1,552663.665,49.95,2002,84,4,21.02
151640,Active,112063,NA,NA,D,6,1,268331.6625,66.19,2009,30,39.11,116.94
151641,Active,146415,NA,NA,D,2,1,204722.4813,44.99,2010,41,5.04,27.28
151642,Active,115448,NA,NA,D,2,1,3832883.174,88,1998,25,4.13,43.42
151643,Active,228027,NA,NA,D,4,1,1716541.288,50,2001,18,5.97,26.96
151644,Active,189518,NA,NA,D,0,0,359278.6438,58,2000,39,10.23,28.97
151645,Active,250945,NA,NA,D,2,1,1672336.186,178,2008,26,9.74,44.89
151646,Active,552433,NA,NA,S,3,1,982531.82,153.33,2005,21,5.35,42.22
151647,Active,545039,NA,NA,D,16,1,765385.4813,39.99,2012,34,4,34.23
151648,Active,864779,NA,NA,D,17,1,460166.0313,39.99,2013,31,4,81.45
151649,Active,143027,NA,NA,D,23,1,359418.0963,181,2006,27,8.09,46.99
151650,Active,270092,NA,NA,D,3,1,1244682.234,203,2010,25,18.11,159.82
151651,Active,269958,NA,NA,D,2,1,2413680.703,133,2006,19,5.72,9.99
151652,Active,294605,NA,NA,D,1,0,53311.27875,86.2,2000,52,20.85,62.67
151653,Active,391814,NA,NA,D,1,0,465997.7588,45.99,2010,53,5.62,9.39
151654,Active,410774,NA,NA,D,0,0,72382.315,83.99,2010,66,6.99,22.22
151655,Active,868422,NA,NA,D,0,0,849867.96,11.99,2006,42,4,15.29
151656,Active,900858,NA,NA,D,2,1,1791212.779,82.95,2003,20,4.95,51.98
151657,Active,3468207,NA,NA,D,2,1,2829148.8,112.5,2002,32,4,14.93
151658,Active,108830,NA,NA,D,3,1,2239703.618,28.98,2005,27,5.42,28.9
151659,Active,789666,NA,NA,D,10,1,473444.6325,194.95,2008,29,36.52,57.39
151660,Active,631510,NA,NA,S,1,0,198393.7963,59.95,2011,42,6.88,11.49
151661,Active,185988,NA,NA,D,6,1,799917.0325,49.99,2008,54,4.05,18.98
151662,Active,60909,NA,NA,S,6,1,1843192.664,83.2,2002,54,4,12.2
151663,Active,60911,NA,NA,D,4,1,1839751.905,129.95,2005,79,3.98,8.28
151664,Active,213085,NA,NA,D,3,1,1977187.821,51.95,2004,23,4,14.93
151665,Active,120193,NA,NA,D,2,1,425363.2288,42.8,2010,47,9.93,39.49
151666,Active,111099,NA,NA,D,2,1,558971.6825,69.18,2008,36,4,35
151667,Active,913602,NA,NA,D,1,0,2050380.548,9.33,2007,80,4,9.74
151668,Active,58197,NA,NA,S,9,1,126446.695,271,2009,34,17.62,89.98
151669,Active,108991,NA,NA,D,7,1,466826.56,110.5,2004,50,4.35,52.04
151670,Active,58195,NA,NA,S,8,1,264150.3925,17.99,2006,35,5.14,15.99
151671,Active,120328,NA,NA,D,4,1,1420497.749,74,2008,53,4,10.69
151672,Active,116152,NA,NA,D,3,1,2832855.741,64.4,2005,23,4,4.24
151673,Active,132393,NA,NA,D,3,1,1164466.785,108,2007,48,4,8.74
151674,Active,591765,NA,NA,D,2,1,2092393.599,46.95,2009,41,23.74,27.46
151675,Active,275303,NA,NA,D,2,1,1077192.454,38,2003,48,4,9.24
151676,Active,904168,NA,NA,D,3,1,2181793.214,169.99,2001,15,46.29,48.99
151677,Active,51797,NA,NA,S,2,1,382755.8238,53,2000,91,4,13.98
151678,Active,193979,NA,NA,D,2,1,1306119.039,34,2000,32,3.99,10.23
151679,Active,906009,NA,NA,D,2,1,356469.8538,39,2001,16,4.61,19.99
151680,Active,607714,NA,NA,D,6,1,1842908.694,122,2004,32,4,14.99
151681,Active,121376,NA,NA,D,3,1,200190.1825,108.2,2009,38,4.99,53.19
151682,Active,607680,NA,NA,D,3,1,816537.2438,94.8,2001,35,4,16.04
151683,Active,55144,NA,NA,S,6,1,36832.6075,158,2011,69,24.23,86.93
151684,Active,525612,NA,NA,D,2,1,565097.2425,89,2010,24,7.38,48.81
151685,Active,292143,NA,NA,D,2,1,1839113.856,144.95,2003,23,4,39.15
151686,Active,224376,NA,NA,S,3,1,507997.3288,85.95,2001,153,4,17.97
151687,Active,710602,NA,NA,D,3,1,3375216.071,65,2000,36,4,17.71
151688,Active,213060,NA,NA,D,2,1,760417.4338,69.95,2004,30,6.18,19.95
151689,Active,268500,NA,NA,D,2,1,687870.575,46,2008,30,4,33.66
151690,Active,557322,NA,NA,D,1,0,1182413.028,42.8,2007,23,4,48.77
151691,Active,132103,NA,NA,D,3,1,4084686.474,83,2005,17,5.48,47.17
151692,Active,132257,NA,NA,D,3,1,1226771.036,105,2006,46,4,15.4
151693,Active,337041,NA,NA,D,2,1,236382.455,51.95,2010,46,25.3,37.93
151694,Active,142994,NA,NA,D,3,1,1748235.965,202,2004,21,5.74,82.71
151695,Active,551859,NA,NA,D,2,1,1603506.709,104,2003,29,4,45.94
151696,Active,1559460,NA,NA,D,1,0,1914898.511,39.95,2008,16,13.94,27.79
151697,Active,908641,NA,NA,D,2,1,3599279.758,37,2003,25,4.72,43.71
151698,Active,915538,NA,NA,D,2,1,2886782.093,66.75,1995,25,4,42.05
151699,Active,653434,NA,NA,D,0,0,460650.5838,53.95,2008,25,14.89,0
151700,Active,642886,NA,NA,D,2,1,2071750.626,46.95,2008,22,4,4.36
151701,Active,565118,NA,NA,D,3,1,93283.83125,49.95,2010,33,24.92,26.01
151702,Active,537922,NA,NA,D,4,1,1469143.391,137.2,2006,22,6.23,48.24
151703,Active,183216,NA,NA,D,9,1,296212.9988,67.12,2004,23,6.37,52.79
151704,Active,55138,NA,NA,D,8,1,1188490.669,7.11,2001,57,4,10.94
151705,Active,3060337,NA,NA,D,1,0,204980.1325,59,2000,89,5.88,24.99
151706,Active,121633,NA,NA,D,11,1,635508.1325,187.33,2008,29,4.78,51.73
151707,Active,870942,NA,NA,D,4,1,1407947.721,119.6,2005,35,4.13,9.95
151708,Active,131919,NA,NA,D,3,1,3167143.891,60.32,2004,21,4.48,16.47
151709,Active,618585,NA,NA,S,5,1,51462.6875,198.8,2008,51,33.99,68.99
151710,Active,131411,NA,NA,D,3,1,1859724.799,95.8,2000,29,3.99,14.28
151711,Active,119975,NA,NA,D,8,1,142831.2838,183.4,2009,35,12.37,43.59
151712,Active,116072,NA,NA,D,7,1,857815.2688,119.8,2005,17,4.72,5.33
151713,Active,794266,NA,NA,D,3,1,1232301.314,71.95,2006,37,4.47,8.38
151714,Active,525601,NA,NA,D,2,1,473567.375,49,2005,49,5.07,30.89
151715,Active,131866,NA,NA,D,1,0,138564.7675,43.99,2005,70,8.94,17.48
151716,Active,287553,NA,NA,D,3,1,2332201.134,122.67,2005,34,4,5.25
151717,Active,525597,NA,NA,S,6,1,44671.795,174.8,2011,54,21.95,54.37
151718,Active,539402,NA,NA,D,6,1,705360.1163,188.13,2012,29,30.51,264.86
151719,Active,1434815,NA,NA,D,3,1,3219191.428,62.75,2006,14,16.02,105.9
151720,Active,60917,NA,NA,D,2,1,2319179.291,12.94,2002,51,4,7.32
151721,Active,121342,NA,NA,D,8,1,734663.8238,175.33,2008,31,4.63,18.99
151722,Active,60918,NA,NA,D,7,1,1088285.111,132.6,2004,52,3.99,4.13
151723,Active,117081,NA,NA,D,8,1,253845.1488,162,2008,87,4,38.83
151724,Active,119986,NA,NA,D,4,1,751168.0038,48.8,2009,35,4,16.99
151725,Active,423510,NA,NA,D,4,1,872063.58,154.67,2008,21,16.83,89.39
151726,Active,109360,NA,NA,D,3,1,698592.15,33.98,2005,28,3.43,66.19
151727,Active,908341,NA,NA,D,0,0,798809.825,72,2005,20,40.74,43.79
151728,Active,622648,NA,NA,S,2,1,135363.0938,89.99,2010,49,44.89,63.98
151729,Active,637254,NA,NA,D,1,0,477314.55,89.99,2006,42,10.85,31.84
151730,Active,606750,NA,NA,S,4,1,356323.8263,59.95,2002,52,4,14.97
151731,Active,2090634,NA,NA,D,0,0,101383.8113,19.95,2011,20,15.96,19.95
151732,Active,218011,NA,NA,S,7,1,808576.5575,89.95,1998,48,7.28,33.05
151733,Active,218037,NA,NA,D,8,1,487067.0513,109.95,2001,32,46.29,94.63
151734,Active,918194,NA,NA,D,3,1,1365610.824,125,1986,31,4.14,53.99
151735,Active,51941,NA,NA,D,7,1,522427.3238,8.97,2003,108,4,8.97
151736,Active,630495,NA,NA,D,13,1,4379.57,152.6,2013,91,17.9,73.95
151737,Active,118788,NA,NA,D,1,0,75990.93125,99,2011,59,33.99,48.99
151738,Active,619545,NA,NA,D,8,1,35911.96125,143.6,2013,61,10.41,86.75
151739,Active,54421,NA,NA,D,4,1,64393.53125,137.2,2011,61,13.56,602.99
151740,Active,879002,NA,NA,D,3,1,3880433.208,0,2009,15,4,0
151741,Active,878373,NA,NA,D,0,0,6670225.671,45.27,2008,20,4,44.59
151742,Active,120311,NA,NA,D,13,1,77829.14875,150.4,2008,47,13.39,67.29
151743,Active,113563,NA,NA,S,12,1,173112.3825,161.4,2002,78,4,25.77
151744,Active,133296,NA,NA,D,5,1,49992.355,141.6,2010,71,69.83,107.29
151745,Active,3035735,NA,NA,D,15,1,1372737.224,194,2005,23,11.69,72.87
151746,Active,739653,NA,NA,D,5,1,2133508.124,80,2002,30,4,14.98
151747,Active,607194,NA,NA,D,5,1,2175475.565,81,1998,21,4,7.31
151748,Active,711838,NA,NA,D,6,1,668177.155,66.2,2001,8,38.05,45.81
151749,Active,57840,NA,NA,D,9,1,62479.16125,162.8,2011,47,8.91,43.99
151750,Active,567492,NA,NA,D,7,1,133385.5925,270.95,2007,48,18.25,68.95
151751,Active,169750,NA,NA,D,7,1,980986.3675,270.95,2007,35,38.85,114.11
151752,Active,177384,NA,NA,S,5,1,723225.7313,96.95,1997,37,4.37,42.31
151753,Active,2502022,NA,NA,D,2,1,2435046.788,99,1994,12,18.54,85.26
151754,Active,685775,NA,NA,D,0,0,70209.0225,21.95,2008,22,11.97,15.31
151755,Active,868060,NA,NA,D,2,1,1783990.346,114.4,2002,21,3.99,25.47
151756,Active,51756,NA,NA,D,8,1,741308.9913,167,2011,242,3.99,10.73
151757,Active,539434,NA,NA,D,10,1,32665.9225,191.2,2013,227,5.8,18.7
151758,Active,422439,NA,NA,D,9,1,551886.5625,183.6,2012,265,4,13.35
151759,Active,862336,NA,NA,D,11,1,16832.515,191.2,2014,144,4.71,23.79
151760,Active,515261,NA,NA,D,9,1,460683.9688,151.2,2012,151,4,13.74
151761,Active,117769,NA,NA,D,1,0,253445.31,149,2008,53,4.97,0
151762,Active,3802426,NA,NA,S,0,0,286569.15,49.99,2013,49,25.93,35.94
151763,Active,2090179,NA,NA,D,0,0,195674.59,49.99,2012,40,20.57,32.49
151764,Active,911088,NA,NA,D,2,1,1003637.361,100,2006,24,6.06,38.99
151765,Active,1657109,NA,NA,D,6,1,4595723.796,61.95,2006,10,29.49,38.52
151766,Active,909501,NA,NA,D,4,1,1799498.655,73.95,2005,19,4.33,13.98
151767,Active,346428,NA,NA,D,12,1,4649917.381,86.95,2009,11,4.53,110.45
151768,Active,621331,NA,NA,D,4,1,359909.065,70.99,2011,29,26.6,96.22
151769,Active,789579,NA,NA,D,3,1,853884.2338,59.95,2006,27,21.52,69.68
151770,Active,127073,NA,NA,D,1,0,22245.81125,65.95,2009,75,33.57,51.94
151771,Active,292149,NA,NA,D,10,1,508553.2863,110.76,2003,25,4.84,24.95
151772,Active,649156,NA,NA,D,0,0,908627.8825,52,2007,25,6.38,53.98
151773,Active,642210,NA,NA,D,2,1,441875.8213,71,2012,52,9.15,13.1
151774,Active,607847,NA,NA,D,3,1,1992140.833,85.2,1999,38,4,5.14
151775,Active,131872,NA,NA,D,4,1,2185659.696,133.6,2004,30,4,5.97
151776,Active,910323,NA,NA,D,2,1,439454.7375,206.37,2005,23,4,13
151777,Active,135515,NA,NA,D,14,1,689491.7863,67.95,2009,33,4.91,21.98
151778,Active,525574,NA,NA,D,15,1,59041.60375,71.95,2012,47,12.49,53.55
151779,Active,644102,NA,NA,D,4,1,411383.3763,62.95,2006,36,4.98,39.99
151780,Active,258019,NA,NA,D,1,0,591508.18,38.95,2002,98,4,7.98
151781,Active,146987,NA,NA,D,6,1,1173570.233,91,2003,48,4.35,33.99
151782,Active,288824,NA,NA,D,7,1,485485.165,115,2007,32,6.99,33.99
151783,Active,53793,NA,NA,D,5,1,29840.965,48.5,2008,221,4,23.99
151784,Active,55734,NA,NA,S,4,1,593991.925,41.75,2005,143,4,8.2
151785,Active,292633,NA,NA,D,4,1,1001253.708,44,1996,60,4,5.94
151786,Active,130358,NA,NA,D,4,1,147264.9938,85.95,2011,48,18.82,68.33
151787,Active,3485322,NA,NA,D,2,1,2623562.2,59.8,2007,33,4,54.19
151788,Active,133109,NA,NA,D,3,1,1416631.285,64.2,2009,32,4,28.54
151789,Active,110151,NA,NA,D,3,1,879436.7525,34.25,2008,50,4,29.52
151790,Active,535010,NA,NA,D,8,1,35305.96875,157.95,2013,106,8.82,39.9
151791,Active,296185,NA,NA,D,2,1,2228152.088,99.95,2006,17,9.96,73.95
151792,Active,120616,NA,NA,D,5,1,2823232.976,57,2008,31,4,8.99
151793,Active,616181,NA,NA,D,6,1,232197.6363,63.4,2010,42,4,22.88
151794,Active,914521,NA,NA,D,2,1,5062961.551,38.95,2003,27,4,21.02
151795,Active,1762618,NA,NA,D,1,0,606456.6113,39.99,2013,26,34.95,35.26
151796,Active,152380,NA,NA,D,2,1,1797210.138,129,2004,24,62.49,84.99
151797,Active,525564,NA,NA,S,12,1,38137.98875,203.95,2012,43,29.33,114.53
151798,Active,1574907,NA,NA,D,11,1,303170.0738,215.95,2010,43,9.2,19.29
151799,Active,55482,NA,NA,D,13,1,1587748.585,160.95,2007,46,4,15.08
151800,Active,250413,NA,NA,D,6,1,1574815.109,37.97,2006,29,4,6.92
151801,Active,634730,NA,NA,D,6,1,1988414.54,37.97,2008,26,4,91.53
151802,Active,148633,NA,NA,D,10,1,619062.7813,95.95,2008,41,9.69,32.2
151803,Active,870750,NA,NA,D,9,1,1497839.48,95.95,2004,30,4.34,4.8
151804,Active,1562740,NA,NA,D,3,1,1891047.474,122,2009,22,12.68,46.79
151805,Active,910511,NA,NA,D,2,1,2542578.753,110,2003,22,6.52,77.61
151806,Active,203356,NA,NA,D,3,1,2075234.985,62.95,2000,26,4,7.99
151807,Active,126090,NA,NA,D,2,1,1692131.231,75,1999,28,4,15.99
151808,Active,249096,NA,NA,D,5,1,2297946.129,295,2007,24,10.08,41.94
151809,Active,635806,NA,NA,D,2,1,1414940.164,218,2009,19,18.57,54.88
151810,Active,203902,NA,NA,D,4,1,1493467.453,179.95,2007,25,4,8.95
151811,Active,192853,NA,NA,D,3,1,323549.5988,115,2002,31,18.82,66.13
151812,Active,187950,NA,NA,D,5,1,533962.0675,66.99,1998,32,4.13,22.89
151813,Active,549013,NA,NA,D,3,1,2697314.621,104.55,1986,24,4,63.99
151814,Active,57832,NA,NA,D,6,1,49491.665,89.4,2010,53,10.27,72.46
151815,Active,57835,NA,NA,S,4,1,375820.9275,59.4,2004,67,4,9.98
151816,Active,629523,NA,NA,D,0,0,780100.1863,42.95,1992,42,7.83,33.89
151817,Active,607490,NA,NA,D,2,1,430220.5113,124.2,1997,15,51.99,63.99
151818,Active,868299,NA,NA,D,0,0,449600.4938,50.95,2004,39,5.99,33.98
151819,Active,557554,NA,NA,D,5,1,1021486.416,81.33,2009,47,4.72,23.85
151820,Active,538944,NA,NA,D,0,0,161536.755,185,2007,52,15.83,76.99
151821,Active,568587,NA,NA,S,2,1,52893.875,149.99,1989,74,21.23,55.83
151822,Active,546065,NA,NA,S,6,1,16064.36625,79,2011,146,6.36,19.99
151823,Active,607653,NA,NA,D,3,1,510344.9538,115.6,1992,41,4,25.9
151824,Active,577409,NA,NA,D,2,1,1241015.788,57.99,2009,15,5.48,18.99
151825,Active,545528,NA,NA,D,2,1,40250.96,53,2012,24,31.72,48.99
151826,Active,553204,NA,NA,D,1,0,690895.5275,97.6,2012,28,4.99,49.35
151827,Active,596316,NA,NA,D,6,1,563723.9725,57.95,2012,34,7.52,61.95
151828,Active,583224,NA,NA,D,3,1,570962.9213,102.95,2005,22,5.57,13.26
151829,Active,593554,NA,NA,D,8,1,17137.99375,76.45,2011,260,7.86,26.55
151830,Active,556176,NA,NA,D,5,1,1234126.4,32.95,2009,31,24.58,71.04
151831,Active,594423,NA,NA,D,0,0,761831.0613,79.95,2010,28,53.75,62.67
151832,Active,539926,NA,NA,D,5,1,22782.445,75.95,2012,72,19.5,49.37
151833,Active,608112,NA,NA,D,4,1,648917.4363,61.95,2008,59,7.07,32.99
151834,Active,608556,NA,NA,S,2,1,290130.4138,50.95,2000,47,4,15
151835,Active,555268,NA,NA,S,2,1,363552.1613,69.95,1995,95,4,23.94
151836,Active,544991,NA,NA,D,3,1,742206.5475,66,2011,53,4,48.73
151837,Active,609310,NA,NA,D,3,1,446985.97,39.95,2008,121,4,16
151838,Active,546881,NA,NA,D,5,1,121938.5638,46.09,2013,40,13.17,31.99
151839,Active,595085,NA,NA,D,7,1,7285.3675,102,2012,59,53.11,65.59
151840,Active,544185,NA,NA,D,13,1,10736.89375,249.95,2012,102,15.99,50.91
151841,Active,607720,NA,NA,D,2,1,1528132.486,41.2,2007,41,4,22.82
151842,Active,595239,NA,NA,S,10,1,8482.01625,98.75,2013,85,27.38,63.98
151843,Active,607670,NA,NA,S,6,1,788144.8463,95.2,1999,41,4,14.99
151844,Active,565814,NA,NA,D,1,0,153156.4838,50,2007,26,10.4,31.98
151845,Active,557479,NA,NA,D,10,1,481293.5475,91.6,2008,53,4,42.75
151846,Active,607930,NA,NA,D,9,1,1618388.644,80.2,2006,35,4,14.94
151847,Active,553611,NA,NA,D,5,1,86466.86125,111.6,2008,77,4,37.25
151848,Active,204567,NA,NA,D,1,0,40427.985,22.99,1998,426,4,7.53
151849,Active,533203,NA,NA,D,21,1,193884.6663,99.99,2013,29,19.03,83.3
151850,Active,270991,NA,NA,D,19,1,996666.3288,99.95,2011,41,4,35.99
151851,Active,533202,NA,NA,S,6,1,951378.6,153.99,2012,33,42.58,96.97
151852,Active,203996,NA,NA,D,5,1,805171.5725,99,2008,27,10.98,28.99
151853,Active,3463883,NA,NA,D,3,1,3109562.5,95.95,1997,25,4,29.99
151854,Active,294175,NA,NA,D,2,1,1369062.381,64.95,2007,44,4,33.98
151855,Active,533185,NA,NA,D,3,1,629950.5875,66.99,2010,39,4.83,42.78
151856,Active,616003,NA,NA,D,2,1,705901.4663,38.5,1997,57,4,8.48
151857,Active,133276,NA,NA,D,5,1,107982.7013,73.8,2011,39,4.26,51.27
151858,Active,60934,NA,NA,D,2,1,455173.135,40.95,2002,37,4,11.34
151859,Active,169296,NA,NA,D,3,1,406013.49,100.95,2006,47,6.6,52.8
151860,Active,162688,NA,NA,D,3,1,364497.3263,55,2009,32,23.41,40.36
151861,Active,166904,NA,NA,D,3,1,736996.4063,55,2005,21,13.98,30.99
151862,Active,664939,NA,NA,D,2,1,618537.7938,69,2012,14,22.75,53.96
151863,Active,146420,NA,NA,S,1,0,273322.2838,54.99,2010,148,4,21.59
151864,Active,146039,NA,NA,S,1,0,707424.8388,54.99,2009,193,4,9.24
151865,Active,167188,NA,NA,D,3,1,217184.6463,60,2006,27,31.12,58.99
151866,Active,895769,NA,NA,S,1,0,636034.3638,153.93,1990,18,25.96,111.61
151867,Active,120928,NA,NA,D,4,1,903618.26,80,2007,31,4,46.46
151868,Active,270872,NA,NA,D,4,1,291374.29,47,2009,45,4.22,37.57
151869,Active,55751,NA,NA,D,4,1,326120.4938,92,2005,88,4.48,33.98
151870,Active,55749,NA,NA,S,5,1,155989.5675,97.33,2008,64,4,15.98
151871,Active,162297,NA,NA,D,5,1,633804.8975,69,2008,50,4.58,13.98
151872,Active,111218,NA,NA,S,10,1,123092.06,44.18,2010,35,5.41,56.26
151873,Active,127308,NA,NA,D,5,1,480540.4388,56.95,2007,83,4,8.78
151874,Active,301205,NA,NA,D,4,1,3016885.481,52.95,2004,35,3.86,15.97
151875,Active,60937,NA,NA,D,2,1,2657948.921,153,2004,36,4.09,12.48
151876,Active,133083,NA,NA,D,5,1,1127515.579,94.8,2009,51,4,23.99
151877,Active,133080,NA,NA,D,5,1,361295.5763,153,2009,37,4,22.99
151878,Active,53558,NA,NA,D,4,1,928120.455,100,2006,49,4,45.49
151879,Active,130372,NA,NA,S,6,1,123869.3063,123.6,2010,45,4.53,39.99
151880,Active,133082,NA,NA,D,5,1,1297629.898,120,2009,51,4,28.99
151881,Active,145087,NA,NA,D,12,1,409298.7213,109.2,2005,40,5.15,37.58
151882,Active,145477,NA,NA,D,12,1,428759.5325,99,2006,24,4.48,18.98
151883,Active,461691,NA,NA,D,13,1,449298.3838,235.95,2006,74,4.56,48.99
151884,Active,535897,NA,NA,S,9,1,652695.9238,82.95,2011,28,14.89,33.99
151885,Active,2781696,NA,NA,D,0,0,1569212.894,127,1993,32,16.89,75.74
151886,Active,133048,NA,NA,D,4,1,414373.5975,53.33,2010,43,4,20.43
151887,Active,144657,NA,NA,D,2,1,1508658.6,40,2004,47,3.99,4.4
151888,Active,53358,NA,NA,D,12,1,206642.345,281.95,2008,105,4.75,38.78
151889,Active,53357,NA,NA,D,11,1,722384.3825,303.95,2006,69,4,22.98
151890,Active,57825,NA,NA,D,6,1,506857.425,62.46,2009,35,5.16,17.11
151891,Active,248836,NA,NA,D,3,1,1065596.676,44.95,2006,63,4,23.94
151892,Active,192780,NA,NA,D,2,1,701230.4475,39.95,2000,82,3.95,9.97
151893,Active,175072,NA,NA,D,1,0,287677.4938,44,2008,46,4.48,85.92
151894,Active,910120,NA,NA,D,9,1,980425.2088,66.95,2012,41,4.8,32.84
151895,Active,671096,NA,NA,D,1,0,891275.1363,52.21,2005,15,16.54,69.9
151896,Active,164107,NA,NA,S,13,1,190019.9738,99,2001,40,13.81,59.99
151897,Active,165323,NA,NA,D,3,1,353767.5175,90,2001,31,4.83,35.18
151898,Active,2052075,NA,NA,D,1,0,391975.3588,50,2009,17,18.99,39.94
151899,Active,922312,NA,NA,D,2,1,1548286.895,8.9,2007,67,3.97,7.54
151900,Active,288314,NA,NA,D,3,1,654899.8138,6.93,2011,109,3.84,4.13
151901,Active,130415,NA,NA,S,10,1,30820.655,165.8,2011,63,33.93,99.99
151902,Active,1660567,NA,NA,D,1,0,1000522.931,40,2008,25,6.99,62.09
151903,Active,198050,NA,NA,D,7,1,237232.0513,95.56,2009,22,40.49,0
151904,Active,223047,NA,NA,S,2,1,140395.22,389.95,1999,68,11.84,90.56
151905,Active,121463,NA,NA,D,2,1,4812076.931,103.6,1998,27,4,15.97
151906,Active,613658,NA,NA,D,6,1,755970.4738,64.95,2008,61,3.96,4.09
151907,Active,181886,NA,NA,D,1,0,156671.8613,39.95,2005,92,4,16.09
151908,Active,53211,NA,NA,D,10,1,22063.48375,23.99,2008,295,4.38,18.3
151909,Active,50053,NA,NA,D,7,1,367074.1963,9.18,2006,41,4,23.95
151910,Active,2585901,NA,NA,D,4,1,342222.16,70,2000,27,5.1,25.96
151911,Active,1984700,NA,NA,D,0,0,1023752.458,49.99,2013,15,31.49,44.78
151912,Active,2535511,NA,NA,D,2,1,2326649.171,135,1998,19,15.47,99.99
151913,Active,650017,NA,NA,D,2,1,432530.8763,41.95,2010,47,27.3,32.4
151914,Active,252552,NA,NA,D,5,1,235084.395,83.1,2010,125,4.21,38.99
151915,Active,178815,NA,NA,D,4,1,2462250.145,81,2002,21,4.48,254.41
151916,Active,2098021,NA,NA,D,0,0,558312.1913,40,2014,55,6.98,18.99
151917,Active,633975,NA,NA,D,3,1,1570421.749,67,2000,19,4,29.89
151918,Active,51713,NA,NA,D,5,1,82726.04875,205.95,2010,79,12.19,53.94
151919,Active,544336,NA,NA,S,6,1,9383.185,186.95,2013,82,40.25,93.07
151920,Active,141253,NA,NA,D,2,1,227254.5413,11.01,2003,86,4,10.25
151921,Active,55478,NA,NA,D,8,1,533347.0813,13.88,2007,89,4,13.88
151922,Active,595229,NA,NA,D,10,1,289201.3388,92.43,2013,40,26.25,76.16
151923,Active,53809,NA,NA,D,11,1,27147.55125,77.63,2011,105,7.84,40.79
151924,Active,2344576,NA,NA,D,3,1,2777436.86,54.95,1994,22,4.98,56.24
151925,Active,2407557,NA,NA,D,3,1,2372840.999,23.95,1996,40,4,13.87
151926,Active,60946,NA,NA,D,4,1,452051.4,44.95,2000,36,4,33.97
151927,Active,788551,NA,NA,D,0,0,252756.7375,44.99,2001,46,7.3,19.99
151928,Active,616434,NA,NA,D,0,0,23311.4025,44.99,1983,141,10.06,22.98
151929,Active,3069602,NA,NA,D,5,1,147717.6325,21.99,2005,125,4,15.11
151930,Active,218720,NA,NA,D,1,0,407597.8863,198,2006,46,36.46,71.99
151931,Active,128377,NA,NA,D,2,1,1171123.849,65,2007,16,10.99,65
151932,Active,915053,NA,NA,D,3,1,1230967.956,156.41,1985,27,4,54.89
151933,Active,622212,NA,NA,D,8,1,23545.98375,101.8,2013,92,13.76,40.95
151934,Active,3092644,NA,NA,D,1,0,409350.7988,48.95,2005,26,20.67,59.95
151935,Active,3206732,NA,NA,D,18,1,151082.7963,36.28,2005,89,6.83,47.98
151936,Active,2786826,NA,NA,D,0,0,192121.4075,50,1990,28,31.96,37.05
151937,Active,875628,NA,NA,D,5,1,2183619.465,22.74,2000,28,4.23,21.98
151938,Active,290500,NA,NA,D,6,1,893865.0275,41.74,2004,38,4.93,23.99
151939,Active,213116,NA,NA,D,2,1,1648895.533,61.95,2004,23,4,18.98
151940,Active,620960,NA,NA,S,7,1,146361.6938,232.29,1991,63,6.97,54.45
151941,Active,2604560,NA,NA,D,2,1,3674143.451,88.99,2005,18,10.48,61.91
151942,Active,236750,NA,NA,D,0,0,296468.1213,55,2003,27,13.32,136.18
151943,Active,917652,NA,NA,D,4,1,2047937.374,79.8,2007,36,3.99,13.87
151944,Active,533503,NA,NA,D,4,1,70895.47625,91,2011,79,4.92,27.6
151945,Active,652476,NA,NA,D,1,0,1332961.244,120,2012,22,9.35,55.94
151946,Active,181345,NA,NA,D,1,0,376258.6738,70.6,2007,40,7.94,30.86
151947,Active,135572,NA,NA,D,4,1,1458370.189,58.95,2004,32,4.4,11.59
151948,Active,57725,NA,NA,D,1,0,255439.3038,58.95,2006,67,7.04,40.86
151949,Active,57731,NA,NA,D,0,0,463647.255,56.95,2006,38,4.97,38.99
151950,Active,1439150,NA,NA,D,6,1,6347431.329,94.5,2010,12,4.7,59.71
151951,Active,258434,NA,NA,D,3,1,585184.815,93.5,2007,36,6.71,23.34
151952,Active,258369,NA,NA,D,2,1,1795302,91,2002,45,3.75,21.82
151953,Active,454182,NA,NA,D,1,0,1380565.575,59,2005,40,4,13.97
151954,Active,167007,NA,NA,D,2,1,1788119.104,150,2005,29,4,23.98
151955,Active,431060,NA,NA,D,7,1,2837931.499,95,2006,23,4.97,49.64
151956,Active,142198,NA,NA,S,10,1,46939.4675,59.38,2011,39,21.07,51.16
151957,Active,614362,NA,NA,D,3,1,165338.1688,89.99,2000,125,4,13.94
151958,Active,664279,NA,NA,D,15,1,795616.4338,44.99,2013,31,7.16,28.84
151959,Active,802539,NA,NA,D,11,1,4945322.381,44.99,2005,17,4,34.05
151960,Active,173779,NA,NA,D,1,0,1851924.193,89.99,2005,29,9.74,33.98
151961,Active,532190,NA,NA,D,5,1,1056742.039,55.95,2009,20,8.33,36.89
151962,Active,135569,NA,NA,D,4,1,1691569.691,55.95,2005,36,4.97,50.42
151963,Active,369274,NA,NA,D,3,1,785594.9075,36,2004,61,4,9.71
151964,Active,607603,NA,NA,D,2,1,8305792.663,60,2003,21,4.38,27.23
151965,Active,607607,NA,NA,D,3,1,1962531.766,49.95,2009,21,4,45.69
151966,Active,609476,NA,NA,D,3,1,867876.1663,190.95,2004,22,4.26,74.71
151967,Active,629268,NA,NA,D,8,1,1405682.736,36.2,2008,38,4,27.88
151968,Active,2405111,NA,NA,D,2,1,380400.3863,39.95,1990,66,4,9.88
151969,Active,126963,NA,NA,D,0,0,840028.325,39.99,1995,100,4,43.95
151970,Active,616393,NA,NA,D,0,0,412546.6738,39.99,2006,65,4,19.45
151971,Active,320302,NA,NA,D,4,1,492698.045,115,2010,32,23.79,42.89
151972,Active,621912,NA,NA,S,12,1,135738.9575,220.95,2012,56,39.94,68.49
151973,Active,270688,NA,NA,D,3,1,379308.825,105,2010,48,5.42,21.99
151974,Active,279151,NA,NA,D,2,1,1297217.271,84.95,2006,32,4,8.21
151975,Active,1474087,NA,NA,D,7,1,2948795.14,80,2011,27,4.97,62.9
151976,Active,2419415,NA,NA,D,5,1,11561112.64,77,2004,26,4.97,70.95
151977,Active,204525,NA,NA,D,0,0,539781.585,44.99,2005,57,5.49,16.14
151978,Active,2404667,NA,NA,D,0,0,614981.1838,79.95,1989,27,4,45.75
151979,Active,323390,NA,NA,D,1,0,188110.11,20,2002,40,5.41,19.98
151980,Active,134356,NA,NA,D,1,0,475622.65,17,2004,29,4,19.99
151981,Active,607773,NA,NA,S,14,1,186744.115,45,1993,279,4,8.97
151982,Active,167297,NA,NA,D,3,1,617103.0238,60,2007,29,44.09,94.55
151983,Active,631029,NA,NA,S,2,1,852811.285,49.95,2000,54,6.23,11.98
151984,Active,57169,NA,NA,D,3,1,330516.9463,62.95,2006,47,6.99,53.2
151985,Active,877243,NA,NA,D,3,1,202635.3563,74.86,2006,33,9.43,53.98
151986,Active,57166,NA,NA,D,4,1,17002.38125,54.95,2011,53,26.8,34.36
151987,Active,895315,NA,NA,D,0,0,1088101.265,45,2008,27,18.92,33.99
151988,Active,616952,NA,NA,D,0,0,20853.14,44.99,2008,66,13.42,25.71
151989,Active,2814534,NA,NA,D,3,1,2554049.296,125,2003,37,4,7.57
151990,Active,758298,NA,NA,D,2,1,611751.5875,80,2002,41,4,13.98
151991,Active,2653436,NA,NA,D,1,0,954003.1525,115.95,1991,59,4,23.98
151992,Active,652161,NA,NA,D,0,0,319479.7675,55,1985,33,13.55,51.49
151993,Active,633143,NA,NA,D,1,0,87053.25625,44.99,2011,32,26.33,28.71
151994,Active,203777,NA,NA,D,4,1,5946057.626,119,2005,20,4.83,8.99
151995,Active,766055,NA,NA,S,1,0,1287320.345,170.95,2002,28,4.51,184.95
151996,Active,858723,NA,NA,D,2,1,740858.945,49.95,1999,24,4.07,61.81
151997,Active,393653,NA,NA,D,1,0,212897.0513,55,2009,24,23.94,55.41
151998,Active,627461,NA,NA,D,4,1,1268868.406,200,2009,34,46.84,103.99
151999,Active,625613,NA,NA,D,1,0,695674.1413,73.2,2013,40,4,16.67
152000,Active,554677,NA,NA,D,3,1,747136.6025,156.95,1997,42,4,63.05
152001,Active,915310,NA,NA,D,2,1,1154287.609,316.95,1996,38,4,16.99
152002,Active,691304,NA,NA,D,0,0,931319.555,29.99,2006,26,4.33,16
152003,Active,617033,NA,NA,D,5,1,1368334.64,34.95,2002,36,4,25.03
152004,Active,636351,NA,NA,D,3,1,972291.2438,121.95,2007,41,4,32.59
152005,Active,164665,NA,NA,D,3,1,702689.2088,49.95,2003,52,4,6.99
152006,Active,167189,NA,NA,D,4,1,63095.29,60,2006,83,13.96,33.97
152007,Active,622075,NA,NA,D,1,0,134727.1275,175,2003,66,51.78,103.99
152008,Active,2760394,NA,NA,D,1,0,680121.835,40,2003,28,6.36,31.98
152009,Active,902328,NA,NA,D,4,1,688532.32,34.95,2010,36,7.59,50.04
152010,Active,241432,NA,NA,D,3,1,768287.9625,34.95,2004,49,4.06,37.41
152011,Active,624346,NA,NA,D,2,1,799215.0888,44.95,2009,41,10.87,23.87
152012,Active,252034,NA,NA,D,3,1,273882.7763,115.95,2008,24,12.38,18.94
152013,Active,271286,NA,NA,D,0,0,378104.8388,14.99,2005,69,4.62,12.2
152014,Active,531737,NA,NA,D,2,1,1296531.896,98.95,2007,20,4.45,21.43
152015,Active,894003,NA,NA,D,2,1,3821871.365,129.95,2005,17,54.82,120.88
152016,Active,904628,NA,NA,D,4,1,3376735.91,124.6,2005,18,7.96,99.05
152017,Active,3012934,NA,NA,D,2,1,871892.8575,74,2003,18,8.92,83.47
152018,Active,722841,NA,NA,D,1,0,1067987.346,41.95,2012,22,11.14,30.88
152019,Active,739904,NA,NA,D,9,1,1667287.894,65.2,2003,49,4,4.58
152020,Active,169105,NA,NA,D,5,1,853080.39,95.95,2005,41,4,12.74
152021,Active,330992,NA,NA,D,0,0,371244.7263,37.5,2007,52,4.35,18.93
152022,Active,630166,NA,NA,D,1,0,316551.39,49.38,2007,39,18.99,73.31
152023,Active,802712,NA,NA,D,5,1,737393.0013,69.99,2010,32,11.14,33.99
152024,Active,893513,NA,NA,D,2,1,2074028.613,90,2010,20,4,59.67
152025,Active,911061,NA,NA,D,1,0,1123484.935,110,2006,33,16.89,71.88
152026,Active,2500694,NA,NA,D,1,0,846564.0338,74.01,1973,52,4,54.67
152027,Active,540749,NA,NA,D,7,1,3492.1975,188,2013,183,15.91,70.72
152028,Active,533559,NA,NA,D,5,1,648263.0975,138.8,2009,87,4,18.98
152029,Active,913123,NA,NA,D,5,1,977655.56,49.95,2008,30,4,16.74
152030,Active,609422,NA,NA,D,2,1,1805814.028,94.95,2001,42,4,11.49
152031,Active,164534,NA,NA,S,1,0,555271.975,55,1998,45,7.99,15.71
152032,Active,152744,NA,NA,D,0,0,212438.6375,39.95,2007,48,5.78,12.99
152033,Active,635232,NA,NA,D,1,0,364202.975,69.99,2007,27,11.1,0
152034,Active,117176,NA,NA,D,4,1,484953.43,70.67,2005,35,4,46.97
152035,Active,531418,NA,NA,D,2,1,3459734.804,195,2011,13,33.03,136.19
152036,Active,2098831,NA,NA,D,2,1,872067.74,98,2013,20,28.64,79.61
152037,Active,50468,NA,NA,D,9,1,43876.74,135,2007,90,13.98,36.58
152038,Active,3694976,NA,NA,S,4,1,110827.95,0,2014,14,33.18,75.86
152039,Active,2801390,NA,NA,D,0,0,1795127.569,110,1994,23,4,72.98
152040,Active,614310,NA,NA,D,0,0,69424.01875,37.5,1993,93,8.47,13.9
152041,Active,1446000,NA,NA,D,1,0,613171.2125,55.95,2011,30,4.77,43.36
152042,Active,655643,NA,NA,D,2,1,487573.99,54.99,2010,30,27.76,0
152043,Active,531298,NA,NA,D,3,1,773915.1538,72.95,2009,110,4,21.76
152044,Active,192450,NA,NA,D,2,1,1009906.134,57.95,2005,42,4,11.9
152045,Active,2613173,NA,NA,D,0,0,1595227.888,110,2001,64,4,13.99
152046,Active,61227,NA,NA,D,4,1,1459871.714,17.54,2005,48,4,17.54
152047,Active,54285,NA,NA,D,7,1,357572.8025,18.47,2007,228,4.18,15.99
152048,Active,646495,NA,NA,D,1,0,622615.0113,70.95,2008,22,34.65,46
152049,Active,184292,NA,NA,D,4,1,958905.6413,52.95,2000,49,4,23.98
152050,Active,237764,NA,NA,S,4,1,246314.7925,35,2002,28,10.62,28.98
152051,Active,388330,NA,NA,D,4,1,376268.475,49.99,2011,31,16.2,26.09
152052,Active,178244,NA,NA,D,1,0,300697.4013,80.95,1998,31,4,63.05
152053,Active,178620,NA,NA,D,2,1,2637657.986,102.95,2007,27,3.75,13.24
152054,Active,3604556,NA,NA,D,4,1,1750833.9,68.95,2000,28,23.62,183.21
152055,Active,915868,NA,NA,D,1,0,1108891.515,55.95,1997,44,4,19.96
152056,Active,650637,NA,NA,D,2,1,861051.5475,60.95,2006,24,4.83,77.17
152057,Active,625923,NA,NA,D,1,0,1008817.491,43.95,2010,27,6.98,65.57
152058,Active,645538,NA,NA,D,2,1,1071913.68,36.95,2005,26,4.76,23.98
152059,Active,222641,NA,NA,D,1,0,1253479.518,55,2006,39,4.43,14.24
152060,Active,568943,NA,NA,D,2,1,988322.9388,46,2000,22,6,48.99
152061,Active,294334,NA,NA,D,1,0,363288.965,48,2000,45,4,41.6
152062,Active,531081,NA,NA,D,3,1,1677461.816,71.95,2010,18,6.65,32.72
152063,Active,56701,NA,NA,D,9,1,1050795.678,15.03,2006,49,4,15.03
152064,Active,183126,NA,NA,D,3,1,2297813.083,93.95,2005,37,4,15.86
152065,Active,183776,NA,NA,D,4,1,506337.2925,150.95,2008,27,4,84.87
152066,Active,533414,NA,NA,D,5,1,318967.6863,142.95,2011,47,13,39.99
152067,Active,179157,NA,NA,D,4,1,2596118.08,81.95,2008,21,4,33.65
152068,Active,254188,NA,NA,D,5,1,1667003.795,177.95,2010,38,3.85,43.81
152069,Active,254190,NA,NA,D,5,1,1620007.82,177.95,2010,44,3.8,32.99
152070,Active,183574,NA,NA,D,4,1,2734397.961,187.95,2007,22,4,45.61
152071,Active,173768,NA,NA,D,2,1,964173.7213,48,2003,33,4,24
152072,Active,50080,NA,NA,D,10,1,642587.7213,99,2002,49,4,45.93
152073,Active,531023,NA,NA,D,3,1,1605655.601,99,2009,19,4.84,73.94
152074,Active,260015,NA,NA,D,3,1,796385.3675,137.25,2009,48,4.12,38.99
152075,Active,533583,NA,NA,S,13,1,30523.455,341.5,2012,77,28.27,40.99
152076,Active,270802,NA,NA,D,3,1,91376.51625,57.99,2010,64,10.26,28.98
152077,Active,203668,NA,NA,D,2,1,647352.405,37.95,2005,98,3.99,10.77
152078,Active,680619,NA,NA,D,7,1,447663.9425,26.95,2010,61,4.63,27.99
152079,Active,2699057,NA,NA,D,2,1,8947776.43,59.95,2001,9,9.03,109.33
152080,Active,270409,NA,NA,D,3,1,313142.9213,26.52,2007,34,6.92,57.55
152081,Active,911413,NA,NA,D,2,1,1758819.433,32,1993,21,4,48.45
152082,Active,339709,NA,NA,D,4,1,346595.4413,65,2008,59,4.27,33.89
152083,Active,774916,NA,NA,D,3,1,2794189.09,289,2000,15,9.64,73.79
152084,Active,54638,NA,NA,D,8,1,1058243.335,14.82,2006,99,4,16.91
152085,Active,911202,NA,NA,D,4,1,754815.7988,39,2005,27,4,11.17
152086,Active,650098,NA,NA,D,5,1,719609.1475,43,2010,22,10.8,68.42
152087,Active,135623,NA,NA,D,1,0,1080902.583,39.95,2008,37,4.35,41.92
152088,Active,170025,NA,NA,D,6,1,88328.00875,106.95,2011,61,17.85,43.48
152089,Active,177912,NA,NA,D,8,1,820124.77,58.95,2003,43,4,16.98
152090,Active,832223,NA,NA,D,3,1,849690.8925,79.95,2000,18,24.91,77.13
152091,Active,764695,NA,NA,D,5,1,2754397.481,136.95,2001,30,4,16.46
152092,Active,248492,NA,NA,D,8,1,1598495.654,39.99,2007,43,4,9.82
152093,Active,660839,NA,NA,D,11,1,420847.9588,49.99,2013,56,5.96,40.24
152094,Active,688288,NA,NA,D,1,0,274788.36,23,2009,15,9.98,21.63
152095,Active,3129218,NA,NA,S,4,1,464682.4713,97,2004,24,40.39,246.27
152096,Active,3122112,NA,NA,D,1,0,1575413.655,69.95,2002,32,5.73,52.15
152097,Active,138670,NA,NA,D,1,0,659218.0238,75,1995,106,4,9.49
152098,Active,299507,NA,NA,D,0,0,264433.3425,75,1999,31,39.99,43.41
152099,Active,2532512,NA,NA,D,0,0,1859702.309,115,1996,51,4,12.55
152100,Active,153807,NA,NA,D,6,1,236130.0088,16.24,2011,113,4,9.43
152101,Active,623396,NA,NA,D,3,1,325488.0013,143.95,2012,52,22.9,113.98
152102,Active,530831,NA,NA,S,7,1,116547.9925,152.95,2012,48,20.21,38.98
152103,Active,248140,NA,NA,D,3,1,397691.3325,39,2010,104,4,10.99
152104,Active,156942,NA,NA,D,2,1,2325426.181,42.95,2002,42,4,38.99
152105,Active,615936,NA,NA,D,2,1,7332.86875,121,2013,119,28.57,81.16
152106,Active,2615068,NA,NA,D,2,1,3130807.331,86,2005,16,5.93,59.68
152107,Active,2265940,NA,NA,D,3,1,437830.3763,76.04,2011,28,18.99,53.52
152108,Active,2491485,NA,NA,D,2,1,5202851.526,109.95,2003,13,4.77,44.54
152109,Active,533411,NA,NA,S,3,1,37206.8925,175.95,2012,101,22.81,68.29
152110,Active,53690,NA,NA,D,5,1,521981.8813,140.6,2009,31,7.12,11.89
152111,Active,393688,NA,NA,D,2,1,633022.1313,59,2009,42,4.75,15.74
152112,Active,802694,NA,NA,D,2,1,2047160.274,49.99,2009,32,4,19
152113,Active,346161,NA,NA,D,3,1,1118810.783,174.95,2006,56,4,23.93
152114,Active,56250,NA,NA,S,5,1,74431.59875,124.2,2010,75,38.94,83.99
152115,Active,56246,NA,NA,D,2,1,407809.5563,67.8,2004,52,4,8.84
152116,Active,120172,NA,NA,D,2,1,176224.7963,85,2010,33,28.3,68.75
152117,Active,106068,NA,NA,D,1,0,479416.0775,39.95,2005,54,4,12.94
152118,Active,119991,NA,NA,D,2,1,623547.6475,65.8,2008,86,4,6.58
152119,Active,205901,NA,NA,D,2,1,1149585.379,60,2005,41,4,15.13
152120,Active,2631180,NA,NA,D,1,0,304908.8938,62.95,2004,47,17.79,49.43
152121,Active,891917,NA,NA,D,2,1,3585428.895,57.75,2008,17,5.6,36.86
152122,Active,259655,NA,NA,D,2,1,573944.2925,56.95,2004,33,6.48,12.94
152123,Active,919873,NA,NA,D,0,0,14168.94375,40,2006,90,8.63,21.07
152124,Active,619748,NA,NA,D,5,1,639153.1175,186,2012,37,10.88,138.33
152125,Active,60959,NA,NA,D,5,1,809717.51,131.95,2004,64,4,8.98
152126,Active,2323624,NA,NA,D,3,1,2438508.221,89.95,1993,31,4,4.59
152127,Active,3566189,NA,NA,D,2,1,2772546.55,55.95,2006,17,7.44,71.87
152128,Active,292939,NA,NA,D,3,1,1629634.043,137,2008,27,7.43,82.58
152129,Active,1710229,NA,NA,D,2,1,1398539.988,39.95,2006,24,5.13,8.93
152130,Active,162651,NA,NA,D,1,0,64717.845,49.95,2009,57,21.97,22.98
152131,Active,1822554,NA,NA,S,41,1,256574.8525,44.2,2014,27,5.19,17.42
152132,Active,642826,NA,NA,D,0,0,735793.2138,46.95,2002,21,21.96,46.95
152133,Active,2673634,NA,NA,D,1,0,127131.0238,45,1998,41,15.56,100.09
152134,Active,635114,NA,NA,D,1,0,756224.4863,49.95,2009,35,23.93,30.48
152135,Active,435701,NA,NA,D,4,1,1900207.015,178.95,2005,42,4,42.74
152136,Active,2346338,NA,NA,D,3,1,1697544.069,49.48,1977,31,4.48,42.94
152137,Active,530363,NA,NA,D,6,1,2401594.219,132,2005,17,34.44,83.21
152138,Active,165594,NA,NA,D,2,1,1668037.308,168,2002,19,66.39,127.99
152139,Active,2699259,NA,NA,D,4,1,1977139.865,113,2004,15,10.78,34.46
152140,Active,2473537,NA,NA,D,1,0,1278224.468,28,1982,42,4,13.98
152141,Active,2261621,NA,NA,D,4,1,3494409.646,62.63,2010,35,7.48,54.49
152142,Active,201715,NA,NA,D,3,1,2989155.985,37.95,2005,33,4,15.98
152143,Active,184179,NA,NA,D,1,0,753239.2588,45.95,2001,27,4,12.99
152144,Active,3117342,NA,NA,D,0,0,511629.5363,48.6,1989,24,8.96,33.86
152145,Active,270000,NA,NA,D,3,1,684949.7313,47,2007,62,4,14.98
152146,Active,3140247,NA,NA,D,4,1,1270746.674,34.95,2004,63,4,8.44
152147,Active,2048958,NA,NA,D,5,1,269689.8638,55.5,2007,46,4,6.37
152148,Active,860210,NA,NA,D,7,1,2142994.203,79.95,2010,28,4.77,51.41
152149,Active,624186,NA,NA,D,4,1,2016332.806,57.75,1991,28,4,29.99
152150,Active,279845,NA,NA,D,0,0,805830.7213,38.5,2007,32,7.01,30.98
152151,Active,279842,NA,NA,D,0,0,278934.5713,36.95,2006,53,4,33.75
152152,Active,909241,NA,NA,D,1,0,1145722.993,36.95,2006,30,4.76,13.96
152153,Active,57178,NA,NA,D,4,1,474344.4063,74.95,2009,97,4,23.78
152154,Active,57177,NA,NA,D,3,1,439145.9638,59.95,2007,85,4,9.98
152155,Active,127347,NA,NA,D,3,1,1453125.629,49.95,2007,70,3.99,10.01
152156,Active,530020,NA,NA,D,4,1,468607.7825,69.95,2010,94,4.39,28.99
152157,Active,862749,NA,NA,D,1,0,2798751.253,61.95,1998,28,4,21.93
152158,Active,2031795,NA,NA,D,0,0,485069.0825,39.95,2010,46,7.99,15.78
152159,Active,595056,NA,NA,D,3,1,596270.9163,43.95,2012,63,5.66,43.88
152160,Active,113881,NA,NA,D,4,1,2321530.693,38.33,2001,36,4,9.95
152161,Active,290861,NA,NA,S,2,1,586836.8213,127.95,2007,45,4,32.89
152162,Active,608188,NA,NA,D,2,1,4093050.05,93.95,2002,19,4,8.79
152163,Active,2868438,NA,NA,D,6,1,152692.7225,37.95,2002,26,28.82,329.83
152164,Active,2646688,NA,NA,D,1,0,915183.59,150.95,1991,27,13.76,37.37
152165,Active,217328,NA,NA,D,6,1,881590.8275,52,2010,44,4,17.57
152166,Active,217296,NA,NA,D,5,1,2337178.548,51,2007,41,4,13.99
152167,Active,1702073,NA,NA,D,3,1,859459.0763,60,2007,21,15.62,74.3
152168,Active,908114,NA,NA,D,5,1,1117658.185,21.95,1988,28,6.54,23.67
152169,Active,617726,NA,NA,S,2,1,116273.8563,113.95,1998,55,12.94,25
152170,Active,128724,NA,NA,D,2,1,1408501.57,45,2007,40,5.15,31.99
152171,Active,195062,NA,NA,D,4,1,438861.1063,39.95,2007,47,7.98,35.95
152172,Active,3481381,NA,NA,D,2,1,3041046.85,145,1954,20,24.93,128.27
152173,Active,2533245,NA,NA,D,3,1,1181841.806,42.95,2002,28,4.97,42.07
152174,Active,564756,NA,NA,D,2,1,985519.46,39.95,2009,45,4,23.99
152175,Active,789463,NA,NA,D,4,1,2247168.888,149,2005,28,9.65,101.61
152176,Active,56703,NA,NA,D,9,1,336381.765,9.74,2000,72,3.99,5.08
152177,Active,540261,NA,NA,D,4,1,378290.5463,48.95,2009,34,17.88,57.44
152178,Active,2528936,NA,NA,D,3,1,1572489.156,31.95,1992,21,4,43.83
152179,Active,275788,NA,NA,D,6,1,153078.9525,26.95,2009,39,9.97,75.98
152180,Active,2552015,NA,NA,D,2,1,702213.6075,38,1990,26,5.71,61.93
152181,Active,831521,NA,NA,S,1,0,424080.995,75,2000,26,4,18.99
152182,Active,184295,NA,NA,D,0,0,747853.1938,82.95,2003,38,7.68,58.65
152183,Active,2940236,NA,NA,D,0,0,931127.6025,71.95,2003,22,22.44,57.3
152184,Active,196275,NA,NA,D,4,1,1184617.336,85,2010,20,24.25,83.49
152185,Active,196185,NA,NA,D,3,1,2326914.375,78,1996,16,53.64,86
152186,Active,308097,NA,NA,D,1,0,508563.015,55,2007,36,6.45,24.94
152187,Active,113638,NA,NA,D,3,1,1213920.898,77.32,1998,24,4,66.31
152188,Active,913857,NA,NA,D,4,1,1516601.874,61.95,1996,25,8.88,66.91
152189,Active,765781,NA,NA,D,1,0,687026.9175,131.95,2005,27,28.69,77.93
152190,Active,56004,NA,NA,D,3,1,78227.885,53.97,2009,93,10.28,53.97
152191,Active,869587,NA,NA,D,6,1,439660.01,121.95,2009,24,25.73,83.99
152192,Active,182530,NA,NA,D,4,1,1438333.511,41.97,2001,59,4,17.99
152193,Active,60962,NA,NA,D,7,1,405740.585,51,1998,31,4,33.93
152194,Active,649825,NA,NA,S,2,1,453569.9838,56.99,2012,28,7.07,0
152195,Active,58252,NA,NA,D,7,1,1017383.503,113.8,2005,62,4,55.51
152196,Active,132802,NA,NA,D,4,1,1429816.733,96,2008,34,3.99,28.99
152197,Active,117896,NA,NA,D,2,1,7768763.32,20.8,2004,33,3.49,4.99
152198,Active,58253,NA,NA,D,8,1,600110.0775,116.2,2008,44,5.52,39.4
152199,Active,58256,NA,NA,D,7,1,1179163.053,113.8,2005,40,4.48,69.91
152200,Active,720627,NA,NA,D,1,0,535867.51,74,2004,17,7.48,33.76
152201,Active,289838,NA,NA,D,2,1,316829.0163,39.95,2004,83,4.35,22.94
152202,Active,58260,NA,NA,D,2,1,1992651.085,67.6,2000,43,4,45.4
152203,Active,647616,NA,NA,D,1,0,369683.7925,37.95,2011,25,24.99,29.49
152204,Active,2647482,NA,NA,D,2,1,1119078.586,87.95,1998,44,4,13.92
152205,Active,909627,NA,NA,D,2,1,3294476.783,39.95,2003,21,4,5.72
152206,Active,898124,NA,NA,D,2,1,4405858.773,109.95,2001,12,29.85,144.45
152207,Active,2897336,NA,NA,D,10,1,1146978.831,75.95,2003,17,4,53.75
152208,Active,644751,NA,NA,D,7,1,608572.7413,45,2011,36,4.94,0
152209,Active,476680,NA,NA,D,0,0,242431.1913,40,2009,93,4.85,19.48
152210,Active,420060,NA,NA,D,2,1,2311217.341,73.95,2004,33,4,26.05
152211,Active,54806,NA,NA,S,6,1,423004.5375,143.95,2008,70,4.14,69.15
152212,Active,182421,NA,NA,S,4,1,813529.2075,136.95,2000,92,4,12.49
152213,Active,108535,NA,NA,D,5,1,743973.9438,46.25,2005,106,4,8.98
152214,Active,53683,NA,NA,D,5,1,510408.0875,41.99,2005,74,4.85,38.49
152215,Active,628641,NA,NA,D,2,1,1643347.855,165.07,2011,17,9.16,121.98
152216,Active,870651,NA,NA,D,6,1,1179747.72,83.78,2000,33,4.53,51.04
152217,Active,646596,NA,NA,D,2,1,1604184.441,93.95,2006,22,8.99,53.62
152218,Active,699629,NA,NA,D,5,1,2579481.958,39.95,1999,29,4,8.82
152219,Active,748514,NA,NA,D,2,1,2827682.11,130,2006,22,4,23.99
152220,Active,2137447,NA,NA,D,5,1,3134620.911,89.95,2008,18,4.03,95.57
152221,Active,174152,NA,NA,D,4,1,619916.9738,113,1998,31,6.39,62.59
152222,Active,3550010,NA,NA,D,3,1,3732893.6,49.95,1982,18,4,675
152223,Active,186150,NA,NA,D,3,1,3736859.124,59.4,1997,36,3.99,13.99
152224,Active,60966,NA,NA,D,4,1,2321102.503,61.6,2006,28,4,10.96
152225,Active,165432,NA,NA,D,3,1,2486779.278,70,2001,40,4,7.94
152226,Active,755350,NA,NA,D,2,1,3171253.404,136.1,2003,22,4.99,38.33
152227,Active,906225,NA,NA,D,2,1,4635172.313,73.99,2004,16,6.98,88.48
152228,Active,551723,NA,NA,D,3,1,4479592.11,42,2000,36,4,11.48
152229,Active,56409,NA,NA,D,11,1,416883.7675,106.4,2005,84,4,18.2
152230,Active,108010,NA,NA,D,3,1,1749728.615,43.43,2003,27,4,13.99
152231,Active,105624,NA,NA,D,4,1,1939489.419,95,2000,40,4.56,40.43
152232,Active,789553,NA,NA,D,3,1,2208769.938,64.95,2006,27,4,9.99
152233,Active,537308,NA,NA,S,7,1,804827.7375,187.67,2012,19,18.92,342.78
152234,Active,558396,NA,NA,D,7,1,984740.5425,53.95,2006,44,4.59,27.82
152235,Active,199185,NA,NA,D,2,1,853558.52,49.95,2003,32,4.76,43.82
152236,Active,247949,NA,NA,D,3,1,1310099.236,68,2007,30,4,23.99
152237,Active,789543,NA,NA,D,2,1,2420500.275,104.99,2006,27,11.42,63.98
152238,Active,745656,NA,NA,D,0,0,732104.6,39.95,2001,33,6.83,27.12
152239,Active,52725,NA,NA,S,6,1,850004.59,12.95,2001,67,4,13.61
152240,Active,52722,NA,NA,D,8,1,232119.4913,19.99,2008,60,5.45,66.57
152241,Active,3797972,NA,NA,D,3,1,2848512.75,19,2008,17,5.94,104.05
152242,Active,269994,NA,NA,D,3,1,507973.705,162,2007,28,8.95,79.99
152243,Active,861763,NA,NA,D,9,1,269587.3725,216,2013,42,14.12,80.45
152244,Active,757591,NA,NA,D,3,1,5355395.531,250,2002,15,15.38,50.64
152245,Active,751262,NA,NA,D,4,1,3787723.605,252.5,2009,10,17.32,178.41
152246,Active,206121,NA,NA,D,4,1,2507274.73,270,2006,15,34.93,111.7
152247,Active,2047390,NA,NA,D,2,1,3988187.22,100,2006,14,16.74,87.91
152248,Active,615588,NA,NA,D,3,1,1673766.711,178,2005,27,4.58,129.07
152249,Active,265960,NA,NA,D,8,1,1801093.819,160,2007,28,4.57,92.37
152250,Active,2083119,NA,NA,D,8,1,732202.595,217,2012,30,43.3,182.23
152251,Active,738154,NA,NA,D,4,1,3945225.078,52,2002,21,8.97,28.99
152252,Active,161559,NA,NA,D,9,1,2128998.875,283.95,2007,20,18.66,87.42
152253,Active,2596690,NA,NA,D,1,0,163306.685,94.99,1989,58,25.48,61.98
152254,Active,2647105,NA,NA,D,1,0,650537.1813,150.95,2001,21,19.28,102.94
152255,Active,878730,NA,NA,D,3,1,4211403.988,174.93,2009,18,28.07,229.08
152256,Active,203358,NA,NA,S,7,1,326699.43,67.95,2000,59,4,20.99
152257,Active,619402,NA,NA,S,1,0,257436.5213,141.95,2007,52,13.17,74.9
152258,Active,153484,NA,NA,D,1,0,333517.32,146.54,1997,47,18.79,59.32
152259,Active,629663,NA,NA,D,2,1,1858341.985,71.95,2005,44,4.98,8.08
152260,Active,1567799,NA,NA,D,1,0,700372.1888,22.95,2008,72,4,5.94
152261,Active,53752,NA,NA,D,10,1,146850.7238,81.8,2006,234,4,7.57
152262,Active,875550,NA,NA,D,0,0,704560.5938,38.98,2011,17,11.04,38.98
152263,Active,53551,NA,NA,D,5,1,963121.2525,16.61,2007,81,4.94,26.99
152264,Active,897882,NA,NA,D,3,1,3278460.968,149.95,2005,15,52.36,76.15
152265,Active,1452115,NA,NA,D,7,1,1130635.608,100,2012,18,7.17,129.16
152266,Active,152147,NA,NA,D,2,1,1973143.645,79.95,2004,19,34.26,48.65
152267,Active,143381,NA,NA,D,2,1,1425702.059,36.5,2000,16,7.97,73.79
152268,Active,3471931,NA,NA,D,2,1,2240950.75,49.6,1999,25,4,39.37
152269,Active,145167,NA,NA,D,3,1,885075.0125,48.2,2006,89,4,30.86
152270,Active,145168,NA,NA,D,3,1,1080317.629,48.2,2006,88,4,7.89
152271,Active,144422,NA,NA,D,2,1,804912.7238,53,2002,105,4,4
152272,Active,132779,NA,NA,D,4,1,121402.73,51.2,2009,59,4,23.98
152273,Active,606945,NA,NA,D,10,1,2902417.319,99.8,2005,29,4,11.99
152274,Active,115275,NA,NA,D,11,1,300883.3313,71.33,2001,61,4,28.99
152275,Active,195068,NA,NA,D,1,0,520548.9025,48,2009,31,4.9,33.79
152276,Active,201654,NA,NA,S,0,0,2223335.273,102.95,2001,24,4.68,60.39
152277,Active,905595,NA,NA,D,1,0,816576.2425,35,2005,26,5.1,58.7
152278,Active,734526,NA,NA,D,3,1,354876.965,113.6,2008,40,6.92,46.93
152279,Active,60978,NA,NA,S,6,1,167999.58,385.95,2004,47,4,23.59
152280,Active,293685,NA,NA,D,2,1,826866.37,57.95,2001,21,4,43.53
152281,Active,2691143,NA,NA,D,2,1,911878.6938,77,2000,27,8.75,52.09
152282,Active,247563,NA,NA,D,2,1,608772.8763,55.95,2005,86,4,10.18
152283,Active,2052163,NA,NA,D,4,1,153410.4975,77.95,2009,33,23.98,86.3
152284,Active,152228,NA,NA,D,0,0,1347043.079,109,2007,20,56.99,85.11
152285,Active,919131,NA,NA,D,1,0,135110.9088,25,1971,46,16.84,22.22
152286,Active,152721,NA,NA,D,2,1,2953556.173,69.95,2002,15,8.2,43.99
152287,Active,3066749,NA,NA,D,2,1,3357154.4,34.95,1997,14,14.05,262.69
152288,Active,3729327,NA,NA,D,2,1,203664.9,73,2008,67,4.47,45.76
152289,Active,1532436,NA,NA,D,0,0,1124.63625,39.96,2014,103,15.99,18.69
152290,Active,110218,NA,NA,D,2,1,848807.795,9.33,2009,65,4,8.54
152291,Active,111375,NA,NA,D,2,1,1761470.598,4.44,2009,32,4,4.58
152292,Active,117628,NA,NA,D,8,1,682778.7163,38.2,2004,29,4,8.49
152293,Active,3033885,NA,NA,D,2,1,393181.0938,73.5,2005,57,4.49,45.16
152294,Active,2593513,NA,NA,D,0,0,1448835.894,52.95,1986,26,8.66,85.14
152295,Active,579666,NA,NA,D,3,1,1868819.045,39.95,2006,34,4,6.37
152296,Active,889960,NA,NA,D,3,1,6325305.648,140,2006,15,4,63.84
152297,Active,236641,NA,NA,S,12,1,384110.5975,45,1996,40,8.99,21.92
152298,Active,50296,NA,NA,D,12,1,234006.9,48.99,2009,83,10.53,38.99
152299,Active,217287,NA,NA,D,4,1,1752705.194,52,2007,33,4,20.99
152300,Active,217344,NA,NA,D,5,1,384722.2638,54,2011,38,4,13.96
152301,Active,270666,NA,NA,S,12,1,346702.3025,78,2010,50,5.45,13.1
152302,Active,622136,NA,NA,D,0,0,375004.9688,49,1995,37,10.9,26.99
152303,Active,2681709,NA,NA,D,2,1,2212990.904,85,2004,12,7.99,98.83
152304,Active,527940,NA,NA,D,3,1,1262121.5,80,2009,16,42.28,53.44
152305,Active,1823111,NA,NA,D,4,1,379345.6513,59.4,2013,22,22.32,54.98
152306,Active,920201,NA,NA,D,0,0,1266912.193,110,2004,68,4,4
152307,Active,3478967,NA,NA,D,5,1,746142.3,50.95,1992,116,4,9.98
152308,Active,355493,NA,NA,D,2,1,1178119.415,49.95,1997,47,7.04,23.18
152309,Active,3013065,NA,NA,D,3,1,549895.8338,99,1989,35,4,28.94
152310,Active,2612430,NA,NA,D,0,0,695623.0425,89.99,2001,40,16.55,44.51
152311,Active,210054,NA,NA,D,0,0,99446.5075,39.99,2008,42,13.51,28.98
152312,Active,665578,NA,NA,S,0,0,293745.1013,38.99,2010,45,5.74,33.67
152313,Active,873298,NA,NA,S,1,0,1232656.45,49.95,2003,24,6.77,34.93
152314,Active,719441,NA,NA,D,1,0,2161917.923,110,1999,27,12.74,80.25
152315,Active,617708,NA,NA,S,4,1,19519.05,122.25,2001,68,14.22,53.98
152316,Active,913382,NA,NA,S,6,1,648203.5363,93.4,2003,27,6.19,50.51
152317,Active,153859,NA,NA,S,0,0,769765.6363,11.67,2004,48,4.19,13.39
152318,Active,3783318,NA,NA,D,2,1,1943286.55,39,1994,33,7.33,61.94
152319,Active,626015,NA,NA,D,2,1,1426462.8,142.8,2012,30,5.61,68.99
152320,Active,614036,NA,NA,D,1,0,377048.8663,80,1981,122,4,24.37
152321,Active,291533,NA,NA,S,10,1,1985621.184,234.95,2003,51,3.78,19.99
152322,Active,739488,NA,NA,S,1,0,935597.9113,58.2,2001,38,4,52.85
152323,Active,2847552,NA,NA,D,0,0,921377.65,39.99,1997,31,19.96,53.94
152324,Active,916245,NA,NA,D,4,1,740381.46,86.95,2001,26,4,22.98
152325,Active,439806,NA,NA,D,1,0,248882.4838,35,2006,38,11.07,25.57
152326,Active,1594824,NA,NA,D,1,0,547478.4475,109.99,2009,33,18.75,86.73
152327,Active,153195,NA,NA,D,0,0,190336.6613,95,2004,34,22.03,58.79
152328,Active,206528,NA,NA,D,0,0,325368.9013,40,2001,55,4.23,33.68
152329,Active,114733,NA,NA,D,3,1,1679181.283,60,2003,31,4,10.19
152330,Active,618744,NA,NA,D,2,1,1842167.465,39.2,1999,37,4,17.74
152331,Active,914888,NA,NA,D,0,0,409110.8538,65.99,1997,40,8.73,31.3
152332,Active,913768,NA,NA,D,3,1,1014400.083,11.49,2009,31,5.59,19.68
152333,Active,578919,NA,NA,D,2,1,2061257.984,35.95,2005,44,4,4.11
152334,Active,3022737,NA,NA,D,2,1,1768742.438,95,1989,21,30.17,240.21
152335,Active,126642,NA,NA,D,2,1,866904.2338,60,2005,44,4,35.99
152336,Active,126983,NA,NA,D,3,1,180227.0113,45,2007,52,7.9,32.99
152337,Active,287082,NA,NA,D,3,1,120865.0475,45,2001,75,5.87,52.44
152338,Active,608881,NA,NA,D,3,1,2660826.181,61,1996,25,4.62,43.73
152339,Active,637410,NA,NA,S,2,1,79254.14,34.95,2000,71,5.19,22.3
152340,Active,630065,NA,NA,D,10,1,133517.9513,34.95,2010,38,21.31,43.94
152341,Active,870766,NA,NA,S,1,0,841594.425,50,1997,68,4.31,33.09
152342,Active,129395,NA,NA,D,4,1,329000.09,64.95,2007,29,8.33,31.99
152343,Active,54898,NA,NA,D,5,1,1029760.17,18.99,2004,53,4,14.99
152344,Active,1631700,NA,NA,D,2,1,2683252.543,74.99,2008,18,11.97,35.48
152345,Active,154378,NA,NA,D,6,1,219727.4763,66.75,2002,44,7.14,14.87
152346,Active,154008,NA,NA,D,1,0,83761.31125,33.98,2009,75,4.43,21.95
152347,Active,154325,NA,NA,S,7,1,781577.6713,40.5,1999,106,4,6.29
152348,Active,153894,NA,NA,D,8,1,93105.8325,48.3,2005,256,4,23.85
152349,Active,153273,NA,NA,D,0,0,352715.2625,59.95,2010,47,32.13,38.45
152350,Active,54798,NA,NA,D,2,1,61066.04625,75,2009,232,4,8.99
152351,Active,2278826,NA,NA,D,3,1,189352.9425,101.02,1900,25,38.13,60.4
152352,Active,289430,NA,NA,D,0,0,400273.3925,14.8,2006,88,4,10.89
152353,Active,153804,NA,NA,D,10,1,76427.4675,21.99,2010,139,4,21.93
152354,Active,2274698,NA,NA,D,7,1,512472.1925,54.46,2010,33,10.43,28.25
152355,Active,1757648,NA,NA,D,2,1,1957151.219,89.95,2012,13,46.44,168.87
152356,Active,115378,NA,NA,D,3,1,2268568.501,42.8,2001,32,4,11.22
152357,Active,152395,NA,NA,D,0,0,305145.5038,129,2004,36,11.18,69.83
152358,Active,904453,NA,NA,D,2,1,1970596.519,54.95,2005,20,4,44.37
152359,Active,212349,NA,NA,D,1,0,363638.15,55.2,2005,36,10.47,44.99
152360,Active,3470075,NA,NA,D,2,1,3027731.8,33.95,2001,27,4,25.71
152361,Active,112807,NA,NA,D,3,1,476893.655,54.95,2005,25,8.93,20.94
152362,Active,185938,NA,NA,D,2,1,795546.0863,39.99,2003,38,4,18.98
152363,Active,680379,NA,NA,D,0,0,228298.3888,27,1993,54,13.34,24.37
152364,Active,379339,NA,NA,S,0,0,109686.8088,36.95,2005,277,4,10.99
152365,Active,877513,NA,NA,D,5,1,971452.55,36.25,2006,37,9.63,45.99
152366,Active,57127,NA,NA,D,6,1,343447.55,61.95,2009,39,12.26,43.99
152367,Active,1549933,NA,NA,D,1,0,198064.8538,34.95,2011,27,27.98,24.58
152368,Active,157250,NA,NA,D,2,1,553742.695,48.95,2006,31,10.47,41.99
152369,Active,880077,NA,NA,D,6,1,775672.4038,10.61,2004,54,7.19,20.82
152370,Active,162499,NA,NA,D,5,1,581574.74,120,2009,37,25.51,142.71
152371,Active,625337,NA,NA,D,3,1,442559.5125,39.95,2008,18,22.24,0
152372,Active,615214,NA,NA,D,1,0,64874.55375,35,1999,114,4.87,6.49
152373,Active,916173,NA,NA,D,1,0,633094.8875,79.95,2001,42,20.86,143.79
152374,Active,872126,NA,NA,S,3,1,689693.49,110,1996,45,6.94,63.94
152375,Active,911714,NA,NA,D,3,1,529438.6888,71,2011,25,10.35,28.74
152376,Active,913945,NA,NA,D,6,1,1582502.249,65,2006,42,4,29.95
152377,Active,128428,NA,NA,D,6,1,2027541.633,50,2004,64,4,9.89
152378,Active,527422,NA,NA,D,7,1,450460.52,50,2009,29,6.23,16.98
152379,Active,3480032,NA,NA,D,2,1,893626.05,65,1974,66,5.28,53.43
152380,Active,719229,NA,NA,D,1,0,1376515.265,90,2000,23,18.21,22.99
152381,Active,125848,NA,NA,D,1,0,854998.2363,55,2000,88,4,14.11
152382,Active,125149,NA,NA,S,1,0,74394.9475,17.95,1998,93,6.3,33.99
152383,Active,166932,NA,NA,D,3,1,836834.69,90,2005,27,8.07,33.98
152384,Active,538976,NA,NA,D,2,1,2408918.108,305,2001,17,15.6,103.53
152385,Active,630196,NA,NA,D,5,1,1795833.303,195.99,2006,19,18.98,24.97
152386,Active,109763,NA,NA,D,4,1,1114631.311,33.89,2006,34,4,33.08
152387,Active,127569,NA,NA,S,5,1,87255.27,89.95,2010,41,11.49,32.38
152388,Active,749431,NA,NA,D,1,0,907848.2563,110,2007,24,26.63,78.75
152389,Active,905693,NA,NA,D,2,1,1366104.771,49.95,1999,24,4.73,68.49
152390,Active,895513,NA,NA,D,3,1,801344.0125,77.95,2004,16,26.13,63.96
152391,Active,800876,NA,NA,D,4,1,3144397.988,58,2007,20,5.63,25.99
152392,Active,603327,NA,NA,D,3,1,985299.4,49.95,2008,44,4,26.79
152393,Active,337027,NA,NA,D,2,1,306424.8675,59.95,2007,32,11.23,43.49
152394,Active,788943,NA,NA,D,3,1,5322122.45,179,2001,25,6.63,62.23
152395,Active,625646,NA,NA,D,6,1,14210.82875,97.52,2012,94,16.96,38.99
152396,Active,54594,NA,NA,D,5,1,128256.5088,29.98,2010,103,5.41,15.99
152397,Active,57403,NA,NA,D,3,1,107084.8563,164.6,2010,86,8.84,39.98
152398,Active,2592648,NA,NA,D,0,0,142132.7763,54.99,1985,37,15.36,28.91
152399,Active,126857,NA,NA,D,5,1,160722.1888,77.95,2006,30,20.15,41.98
152400,Active,285923,NA,NA,D,2,1,1431731.681,60.8,2002,27,4,10.93
152401,Active,2178335,NA,NA,D,5,1,1620656.993,59.95,2007,18,45.88,28.39
152402,Active,52001,NA,NA,D,13,1,318698.7563,53.99,2009,47,4.83,96.79
152403,Active,1757647,NA,NA,D,2,1,2552014.188,82.95,2012,15,27.86,83.73
152404,Active,2672179,NA,NA,D,4,1,1814882.844,170,1993,25,7.99,63.61
152405,Active,225822,NA,NA,D,3,1,1796812.768,146.95,2005,13,24.99,36.87
152406,Active,608198,NA,NA,D,5,1,584634.105,79.95,1983,19,27.93,30.99
152407,Active,650716,NA,NA,D,5,1,672661.7225,89.95,1988,15,18.81,25.68
152408,Active,902680,NA,NA,D,2,1,1078630.081,80.13,1970,22,6.05,78.63
152409,Active,2008180,NA,NA,D,4,1,178022.4863,59.95,2009,33,28.69,37.96
152410,Active,1595436,NA,NA,D,1,0,749884.0525,27.95,2013,42,4,5.78
152411,Active,647318,NA,NA,D,5,1,872167.8025,146.67,2010,25,11.25,68.43
152412,Active,287184,NA,NA,D,2,1,2951582.764,55,2001,27,4,7.74
152413,Active,174215,NA,NA,D,2,1,2027365.803,48,1997,42,4,15.82
152414,Active,268735,NA,NA,D,5,1,124290.2163,59.95,2011,46,8.23,50.38
152415,Active,229142,NA,NA,D,4,1,1835000.961,41,2007,27,4,26.99
152416,Active,619429,NA,NA,D,5,1,661707.6088,45.95,2005,47,4,39.83
152417,Active,129013,NA,NA,D,2,1,210991.3575,55,2005,39,4,12.54
152418,Active,126358,NA,NA,D,2,1,1161761.81,39.95,2002,46,4,10.33
152419,Active,212983,NA,NA,D,2,1,1903298.519,42.5,2000,29,4,8.87
152420,Active,920311,NA,NA,D,1,0,786224.96,36.95,1995,69,4,19.98
152421,Active,2545945,NA,NA,D,1,0,1009231.706,51.95,2005,20,10.39,48.16
152422,Active,202503,NA,NA,D,2,1,1090501.92,80,2001,37,4,18.98
152423,Active,879692,NA,NA,D,0,0,2962575.551,58.07,2008,41,10.86,40.94
152424,Active,616190,NA,NA,D,0,0,383795.5788,39.99,2009,39,4.94,30.98
152425,Active,622659,NA,NA,D,0,0,24318.74,39.99,2014,39,10.09,0
152426,Active,2087297,NA,NA,D,0,0,1242110.344,32,2013,19,4,2.68
152427,Active,474530,NA,NA,D,2,1,2155244.243,59.95,2007,24,6.19,28.94
152428,Active,628502,NA,NA,D,2,1,1348585.626,13.99,2009,29,4,26.71
152429,Active,2251230,NA,NA,D,4,1,669412.3588,50.55,2007,22,14.85,52.33
152430,Active,248440,NA,NA,D,9,1,273169.745,142.95,2007,43,4.94,23.99
152431,Active,123918,NA,NA,D,6,1,2146038.004,82.95,2002,15,15.94,4
152432,Active,270113,NA,NA,D,2,1,1327019.728,203,2010,35,4,23.45
152433,Active,775100,NA,NA,D,2,1,3710716.72,229,2002,19,4,117.49
152434,Active,248039,NA,NA,D,2,1,466534.3763,104,2008,41,3,76.48
152435,Active,625573,NA,NA,D,8,1,795991.5188,50.21,1986,34,4,46.73
152436,Active,298766,NA,NA,D,4,1,17026.46,175.75,2010,74,64.98,122.75
152437,Active,298753,NA,NA,D,2,1,147366.3513,75.11,2008,57,5.48,18.18
152438,Active,293077,NA,NA,D,2,1,828666.115,602.99,2008,36,6.65,51.99
152439,Active,910433,NA,NA,D,2,1,2324510.8,89.95,2010,18,7.98,70.67
152440,Active,56192,NA,NA,D,8,1,1047967.689,99.4,2007,87,4,7.36
152441,Active,863755,NA,NA,D,3,1,622957.3275,69,2009,66,7.27,36.88
152442,Active,635177,NA,NA,D,0,0,1200538.631,99,2008,23,56.36,74.17
152443,Active,2131901,NA,NA,D,0,0,564679.57,52.95,2013,16,34.59,52.2
152444,Active,628685,NA,NA,D,7,1,94952.26875,186,2010,67,54.5,111.23
152445,Active,278218,NA,NA,D,0,0,2237201.28,29.95,2003,24,4,4.45
152446,Active,623601,NA,NA,D,0,0,430098.8825,36.95,2006,96,4.93,22.78
152447,Active,900897,NA,NA,D,1,0,916523.1125,35,2008,22,9.42,56.43
152448,Active,243143,NA,NA,D,1,0,784815.2813,39.95,2007,108,4,4.98
152449,Active,297849,NA,NA,D,2,1,156220.8,39.95,2010,85,4,16.76
152450,Active,266149,NA,NA,D,2,1,2212684.469,209,2004,21,26.62,119.65
152451,Active,164795,NA,NA,D,2,1,587680.69,187,2000,33,4.13,51.63
152452,Active,156928,NA,NA,D,2,1,2069000.084,75,2004,33,4,45.41
152453,Active,623530,NA,NA,D,1,0,408607.0863,85,2008,64,8.1,46.49
152454,Active,200620,NA,NA,D,4,1,673546.6688,90.95,2010,66,4,7.09
152455,Active,55549,NA,NA,D,5,1,870916.5788,104,2004,40,4,8.24
152456,Active,533412,NA,NA,D,7,1,74701.15625,162.2,2012,50,44.91,101.96
152457,Active,402385,NA,NA,D,2,1,1047398.324,75,1999,41,3.99,4.93
152458,Active,187999,NA,NA,D,0,0,2577481.425,29.95,1999,24,4,17.5
152459,Active,203706,NA,NA,S,2,1,833777.3338,51.5,2004,28,8.08,23.99
152460,Active,658558,NA,NA,S,2,1,402963.6113,75,2009,34,32.13,48.99
152461,Active,53714,NA,NA,D,5,1,128588.425,171.8,2009,58,4.88,7.56
152462,Active,132881,NA,NA,D,4,1,284425.7,38,2009,70,4,33.99
152463,Active,158089,NA,NA,D,3,1,1219684.45,43.95,2004,39,3.99,29.84
152464,Active,897316,NA,NA,D,2,1,903680.3763,60,2004,19,9.6,131.94
152465,Active,580662,NA,NA,S,0,0,874707.5625,46,1996,33,4.1,23.13
152466,Active,2262216,NA,NA,D,2,1,2809637.529,31.09,2006,33,7.95,25.9
152467,Active,166925,NA,NA,D,2,1,427570.715,18.94,2005,24,6.23,18.92
152468,Active,144946,NA,NA,D,5,1,1575485.66,80,2006,20,4,45.65
152469,Active,584348,NA,NA,D,2,1,2111460.209,35,1990,20,4,100.57
152470,Active,892110,NA,NA,D,5,1,4735536.939,87.5,2009,14,7.25,78.86
152471,Active,181427,NA,NA,D,5,1,165832.5038,36.99,2009,42,4.37,27.95
152472,Active,633426,NA,NA,D,2,1,614463.4888,129.25,2006,30,12.47,0
152473,Active,778077,NA,NA,D,1,0,1132665.08,81.95,1997,19,32.01,79.87
152474,Active,3152594,NA,NA,D,1,0,4726940.914,64.95,2000,15,15.48,73.45
152475,Active,173954,NA,NA,D,1,0,434731.2375,107,1995,25,38.95,125.86
152476,Active,618257,NA,NA,D,2,1,792959.4325,49.99,2010,53,4,9.99
152477,Active,157617,NA,NA,D,3,1,2146349.429,84.95,2005,23,4,41.81
152478,Active,53680,NA,NA,D,5,1,702863.1688,132.95,2004,81,4,19.3
152479,Active,246768,NA,NA,D,3,1,1195486.65,45.95,2010,28,4.48,13.95
152480,Active,827736,NA,NA,D,6,1,1635916.116,44.95,2003,33,4,53.67
152481,Active,642883,NA,NA,D,2,1,451133.7188,50.95,2010,20,26.9,50.94
152482,Active,556371,NA,NA,D,0,0,2406672.909,95,2009,18,26.99,94.95
152483,Active,894353,NA,NA,D,4,1,6232300.873,79.95,2005,14,4,32.56
152484,Active,897280,NA,NA,D,5,1,1841907.574,84.95,2008,14,11.49,11.94
152485,Active,575859,NA,NA,D,9,1,1232155.693,86.05,2009,35,4.98,118.35
152486,Active,717936,NA,NA,D,1,0,154551.78,55,1999,49,9.02,17.79
152487,Active,627378,NA,NA,D,0,0,255436.73,45.95,2011,32,26.45,0
152488,Active,320282,NA,NA,D,1,0,1049025.605,24.95,2007,43,4.98,15.94
152489,Active,2543352,NA,NA,D,2,1,993357.2425,46.95,2005,17,19.05,64.98
152490,Active,1537485,NA,NA,D,1,0,1939956.504,36.95,2007,28,11.63,27.32
152491,Active,1497748,NA,NA,S,0,0,387794.8913,16.99,2008,110,4,8.37
152492,Active,710968,NA,NA,D,3,1,900110.75,74,2000,29,4,45.4
152493,Active,710564,NA,NA,D,3,1,2243839.96,33.67,2001,38,4,8.45
152494,Active,199198,NA,NA,D,3,1,199514.245,156,2005,39,32.13,147.03
152495,Active,800144,NA,NA,D,0,0,1459252.891,176,2007,13,11.24,166.51
152496,Active,2437391,NA,NA,D,3,1,1922495.994,40,2003,28,4,27.95
152497,Active,526388,NA,NA,D,4,1,1970232.854,55,2008,18,3,54.49
152498,Active,630201,NA,NA,D,2,1,254742.0788,132,2006,20,37.99,74.96
152499,Active,2899732,NA,NA,D,2,1,1295330.565,39,1997,28,8.53,39
152500,Active,169953,NA,NA,D,6,1,602132.0088,223.95,2011,31,24.82,63.55
152501,Active,609109,NA,NA,D,2,1,659353.6538,270.95,2000,24,8.09,25.99
152502,Active,245258,NA,NA,D,3,1,1635219.949,212.95,2006,23,12.85,43.99
152503,Active,540727,NA,NA,S,3,1,19093.82375,197.8,2013,80,28.23,92.63
152504,Active,545086,NA,NA,D,2,1,1263596.79,132.95,2007,21,4.78,65.49
152505,Active,722320,NA,NA,D,0,0,844868.8113,49.99,2004,20,27.99,34.44
152506,Active,899103,NA,NA,D,1,0,1039429.56,65,2004,20,23.99,41.92
152507,Active,2656395,NA,NA,D,0,0,18553.93375,45,2003,67,11.06,28.07
152508,Active,797745,NA,NA,D,1,0,1145392.551,156.95,2004,28,4,149.71
152509,Active,2441067,NA,NA,D,2,1,1374934.875,50,1986,44,7.13,20.99
152510,Active,596011,NA,NA,D,0,0,868757.5775,39.95,2008,43,4,30.02
152511,Active,872643,NA,NA,D,10,1,2348982.479,41.56,2002,61,4,5.98
152512,Active,135620,NA,NA,D,0,0,123000.18,36.95,2007,94,4,9.07
152513,Active,187372,NA,NA,D,1,0,181708.7288,45,2001,97,8.03,28.68
152514,Active,187371,NA,NA,D,1,0,37390.98125,39.95,2000,149,5.5,31.81
152515,Active,1479416,NA,NA,D,1,0,1001171.443,73,2012,29,5.89,62.36
152516,Active,758780,NA,NA,D,1,0,1748015.875,55,1999,21,14.48,80.48
152517,Active,915480,NA,NA,S,1,0,799710.46,89.95,2000,29,4,17.78
152518,Active,3059530,NA,NA,D,0,0,762778.19,99.95,2003,22,56.09,99.76
152519,Active,60995,NA,NA,D,2,1,1757639.53,50.2,2007,67,4,5.49
152520,Active,367628,NA,NA,D,2,1,157270.3838,40,2006,78,4.23,8.23
152521,Active,154024,NA,NA,D,2,1,335065.0113,35.98,2009,37,7.31,19.27
152522,Active,625390,NA,NA,D,3,1,525384.125,31.95,2006,28,4.04,31.95
152523,Active,448547,NA,NA,D,1,0,671706.4575,65,2001,29,24.74,0
152524,Active,131511,NA,NA,D,4,1,2680142.965,73.4,2002,30,3.88,8.99
152525,Active,2612699,NA,NA,D,0,0,806548.9638,49.99,2001,24,23.97,44.85
152526,Active,195031,NA,NA,D,8,1,1525275.865,59.95,2007,31,4,100.43
152527,Active,127466,NA,NA,D,2,1,534689.395,89.95,2009,28,11.02,51.72
152528,Active,107387,NA,NA,D,1,0,215271.5625,41.33,2003,30,4,38.56
152529,Active,248138,NA,NA,D,3,1,236470.5413,51,2010,104,5.49,28.88
152530,Active,629424,NA,NA,D,0,0,437989.3263,59.99,2005,55,5.94,48.09
152531,Active,217412,NA,NA,D,2,1,1032953.199,57,2001,21,13.46,42.99
152532,Active,287136,NA,NA,D,3,1,562414.795,49.95,2010,51,4.13,20.95
152533,Active,2449316,NA,NA,D,0,0,1052691.675,66.2,1996,23,5.38,46.85
152534,Active,722701,NA,NA,D,1,0,1566571.18,67,2009,17,29.74,51.48
152535,Active,3820781,NA,NA,D,10,1,1898594.55,89.95,2009,20,17.73,74.49
152536,Active,56886,NA,NA,D,2,1,241988.38,40.95,2008,49,4.38,10.78
152537,Active,178110,NA,NA,D,7,1,1849955.851,133.95,2004,34,4,13.99
152538,Active,1469902,NA,NA,D,1,0,2093757.039,96,2007,29,34.26,85.74
152539,Active,242086,NA,NA,D,2,1,645076.91,47.95,2004,20,24.19,73.39
152540,Active,50236,NA,NA,D,8,1,809548.5813,10.48,2009,82,4,10.43
152541,Active,141800,NA,NA,D,6,1,790783.1275,8.77,2007,94,4,5.98
152542,Active,2619239,NA,NA,S,1,0,1665883.034,109.95,1996,27,4,52.2
152543,Active,910056,NA,NA,D,2,1,391817.8975,146.96,2002,25,14.3,111.9
152544,Active,242325,NA,NA,D,0,0,106545.5225,59,2000,123,4,76.93
152545,Active,242551,NA,NA,S,0,0,6976.57,16.95,2004,93,9.19,11.3
152546,Active,205803,NA,NA,D,2,1,2831667.87,80,2002,31,4,11.99
152547,Active,906858,NA,NA,D,2,1,337072.9025,100,1990,25,4.94,57.83
152548,Active,3283489,NA,NA,D,3,1,2355040.4,21.31,1900,40,6.46,25.04
152549,Active,3485037,NA,NA,D,2,1,4313805.45,83,1995,30,4.01,50.82
152550,Active,3485168,NA,NA,D,3,1,3487051.2,87.2,1999,27,4,14.98
152551,Active,51512,NA,NA,D,10,1,81892.65125,152.2,2010,82,11.17,124.28
152552,Active,133466,NA,NA,D,2,1,536943.14,48.2,2010,28,12.35,72.73
152553,Active,619625,NA,NA,D,2,1,540323.2538,38.95,1994,37,4.89,38.92
152554,Active,607617,NA,NA,D,3,1,2669862.569,59.95,2010,24,5.17,41.99
152555,Active,57790,NA,NA,D,5,1,145567.6513,44.95,2010,35,12.99,43.99
152556,Active,549556,NA,NA,D,3,1,2024652.508,39.95,2003,46,3.99,4.58
152557,Active,132491,NA,NA,D,1,0,1132551.138,72.8,2008,22,4.15,44.95
152558,Active,3784386,NA,NA,D,2,1,1899611.45,39.95,2002,19,6.96,49.49
152559,Active,53029,NA,NA,D,4,1,697092.0288,203.95,2008,29,4.2,49.89
152560,Active,910920,NA,NA,D,2,1,1068579.65,50,1994,36,4,45.01
152561,Active,2542585,NA,NA,D,1,0,439727.825,74.95,2004,36,5.86,23.98
152562,Active,719021,NA,NA,D,4,1,2453510.783,49.5,1997,30,4.37,20.59
152563,Active,2606115,NA,NA,D,1,0,706109.86,54.99,2001,22,14.29,38.97
152564,Active,873313,NA,NA,D,7,1,748673.1013,180,2008,28,28.52,62.28
152565,Active,602389,NA,NA,D,3,1,1958019.11,40,2003,26,4,6.88
152566,Active,2434776,NA,NA,D,2,1,2087607.828,111,1989,33,4.39,22.99
152567,Active,2390792,NA,NA,S,4,1,584945.905,60,1989,36,4,39.99
152568,Active,913937,NA,NA,D,3,1,2320682.271,44.95,2007,37,4,26.97
152569,Active,3787791,NA,NA,D,3,1,628356.5,84,2009,61,4,11.99
152570,Active,615418,NA,NA,S,2,1,30620.4775,28.97,2007,37,9.4,0
152571,Active,614855,NA,NA,D,2,1,76995.88375,81.97,2007,84,5.98,0
152572,Active,385575,NA,NA,D,2,1,1038008.004,60,2007,21,4.27,95.99
152573,Active,341660,NA,NA,D,1,0,1052434.793,105,2002,17,5.26,31.99
152574,Active,899403,NA,NA,D,2,1,2296118.45,215,2002,19,33.98,93.29
152575,Active,3482210,NA,NA,D,3,1,2216180.75,59.99,1995,29,9.88,52.55
152576,Active,2759437,NA,NA,D,1,0,949530.4988,49.95,2002,19,11.59,49.47
152577,Active,826960,NA,NA,D,1,0,584091.1363,40,1999,30,4,48.99
152578,Active,279611,NA,NA,D,12,1,680299.71,155,2011,36,6.47,59.99
152579,Active,198029,NA,NA,D,6,1,596474.5388,85.42,2009,31,5.46,31.34
152580,Active,197725,NA,NA,D,5,1,2829263.458,76.95,2006,21,4,57.06
152581,Active,573294,NA,NA,D,0,0,382082.3613,46,1979,43,8.98,28.94
152582,Active,915907,NA,NA,D,2,1,2189931.719,49.95,2002,30,4,9.99
152583,Active,870024,NA,NA,D,2,1,1330679.008,65,1993,28,4,12.48
152584,Active,865680,NA,NA,D,2,1,295517.6225,39.99,2012,25,15.78,58.5
152585,Active,924358,NA,NA,D,2,1,683664.7738,42.99,2001,20,4.97,43.94
152586,Active,871017,NA,NA,D,5,1,411432.0913,57,1997,30,4,20.08
152587,Active,909217,NA,NA,D,0,0,1139968.289,39.99,2007,21,8.79,35.76
152588,Active,1999424,NA,NA,S,2,1,344310.93,29.95,2014,23,4,25.87
152589,Active,767577,NA,NA,D,5,1,2679621.37,54.7,2008,17,4,8.99
152590,Active,872200,NA,NA,D,5,1,825036.5188,120.95,2007,25,4,33.98
152591,Active,904651,NA,NA,D,2,1,2960354.66,45.95,1999,20,4,16.98
152592,Active,914856,NA,NA,D,1,0,647392.04,165,1993,39,7.2,58.74
152593,Active,60999,NA,NA,D,5,1,93744.33875,75.68,2006,86,18.79,65.27
152594,Active,217322,NA,NA,D,6,1,876491.2075,49,2009,43,4,9.49
152595,Active,126177,NA,NA,D,3,1,314779.85,49.95,2002,38,4,15.93
152596,Active,2391998,NA,NA,D,6,1,1619106.356,47.33,1987,19,5.58,17.98
152597,Active,654964,NA,NA,D,1,0,175855.6013,87,1983,81,4.98,50.85
152598,Active,618555,NA,NA,S,9,1,168057.17,89.95,2011,39,11.2,93.85
152599,Active,55446,NA,NA,D,7,1,1392752.729,11.68,2004,51,4,6
152600,Active,643357,NA,NA,D,2,1,513708.1863,51.1,1967,16,25.22,73.79
152601,Active,3574250,NA,NA,D,4,1,1264902.2,119,1998,44,4.34,59.55
152602,Active,3574452,NA,NA,D,2,1,8951927.65,203.5,1994,23,4.35,16.49
152603,Active,757010,NA,NA,D,3,1,2437071.679,185,1998,19,33.94,107.73
152604,Active,238797,NA,NA,D,2,1,961884.7988,39.95,2000,15,27.84,100.95
152605,Active,2529312,NA,NA,D,2,1,2600496.88,35.95,1992,24,4.76,16.99
152606,Active,919664,NA,NA,D,2,1,1388622.139,45.95,2002,52,4.49,26.78
152607,Active,135557,NA,NA,D,1,0,163591.6238,42.95,2001,40,5.98,13.43
152608,Active,3470045,NA,NA,D,3,1,1217067.5,83.95,2007,30,7.78,36.41
152609,Active,808070,NA,NA,D,0,0,980720.1125,69.99,2012,18,14.99,18.95
152610,Active,525212,NA,NA,S,0,0,386449.3625,63.99,2010,56,4.02,6.99
152611,Active,525209,NA,NA,D,6,1,508213.7713,69.99,2011,43,13.42,38.99
152612,Active,203982,NA,NA,D,5,1,1026552.186,61.95,2007,27,4,43.99
152613,Active,657786,NA,NA,D,0,0,83466.22625,45,1993,149,4.53,13.99
152614,Active,243847,NA,NA,D,1,0,952572.1438,101.95,2010,53,4.58,30.94
152615,Active,643992,NA,NA,D,1,0,139453.1213,44.99,2009,34,15.98,67.41
152616,Active,908129,NA,NA,D,0,0,716775.015,40.95,1990,35,13.98,66.67
152617,Active,705232,NA,NA,D,2,1,4400927.233,50.89,2006,36,4.47,50.01
152618,Active,145345,NA,NA,D,2,1,3460399.338,90.2,2006,25,4.05,7.98
152619,Active,2333290,NA,NA,S,6,1,2916214.528,92.7,1994,34,4.49,58.57
152620,Active,2261359,NA,NA,D,10,1,3351534.619,308.66,2010,34,19.12,60.35
152621,Active,54666,NA,NA,D,8,1,386235.8475,124.87,2003,50,4,105.76
152622,Active,117495,NA,NA,D,8,1,830787.34,97.6,2003,39,4,29.98
152623,Active,133047,NA,NA,D,6,1,113346.5025,147.2,2009,77,4.49,62.69
152624,Active,118095,NA,NA,D,9,1,1447134.055,102.6,2007,37,4.35,52.99
152625,Active,2834480,NA,NA,D,0,0,1692488.989,35,1981,26,6.16,18.88
152626,Active,607707,NA,NA,D,2,1,1875873.958,34.4,2004,21,4,5.99
152627,Active,525122,NA,NA,S,6,1,189632.7525,94.99,2012,31,23.98,61.74
152628,Active,2287894,NA,NA,D,6,1,123622.6275,0,2012,11,33.68,31.91
152629,Active,808088,NA,NA,D,2,1,1418337.564,44.99,2012,18,11.96,16.46
152630,Active,1864986,NA,NA,D,0,0,1079729.431,19.99,2008,32,4,8.95
152631,Active,421761,NA,NA,D,0,0,506269.8888,107.2,2006,49,4.29,50.17
152632,Active,201677,NA,NA,D,2,1,1179960.895,29.95,2004,44,4,13.94
152633,Active,254456,NA,NA,D,8,1,222416.02,44.95,2011,47,8.07,30.6
152634,Active,111231,NA,NA,D,7,1,208622.555,228.25,2010,36,14.41,132.49
152635,Active,51444,NA,NA,D,7,1,20909.88625,62,2009,79,23.64,111.31
152636,Active,2538234,NA,NA,D,0,0,1543957.805,39.95,2001,25,20.47,33.61
152637,Active,51283,NA,NA,D,5,1,293824.1538,54.99,2010,98,4.96,58.97
152638,Active,51281,NA,NA,D,3,1,1476834.323,4.65,2006,79,4,4.56
152639,Active,51282,NA,NA,D,4,1,970659.3763,4,2008,98,4,3.99
152640,Active,61009,NA,NA,D,1,0,830408.6663,107.2,2006,39,4,46.48
152641,Active,55443,NA,NA,S,2,1,367958.9325,112.4,2000,47,4.92,9.17
152642,Active,866764,NA,NA,D,2,1,1830737.716,88,2000,37,4,9.74
152643,Active,55074,NA,NA,D,3,1,166278.8875,69.8,2009,75,7.99,44.07
152644,Active,619320,NA,NA,D,5,1,125862.4938,42.8,2012,40,11.9,31.93
152645,Active,248438,NA,NA,D,3,1,2036262.738,106.95,2007,36,3.99,10.94
152646,Active,288515,NA,NA,D,7,1,420918.515,55,2002,37,4,24.74
152647,Active,534047,NA,NA,D,4,1,4467722.335,115.95,2005,28,4,13.99
152648,Active,873615,NA,NA,D,6,1,2945247.458,119.95,2004,61,4,8.98
152649,Active,739805,NA,NA,D,8,1,2958622.494,67.4,2003,47,4,13.99
152650,Active,183038,NA,NA,D,14,1,966026.5813,140.95,2003,26,4.39,44.65
152651,Active,57224,NA,NA,D,9,1,888178.6175,89.95,2004,54,4,23.98
152652,Active,2400010,NA,NA,S,0,0,100196.47,22.95,1969,50,4,16.99
152653,Active,922955,NA,NA,D,1,0,209503.1713,17,2009,159,4,7.91
152654,Active,53117,NA,NA,S,9,1,56434.63875,55,2010,74,22.33,94.39
152655,Active,53114,NA,NA,D,7,1,296165.8125,44.47,2005,53,3.99,40.89
152656,Active,239408,NA,NA,D,5,1,2787971.291,49.95,2003,34,4,49.95
152657,Active,287119,NA,NA,D,2,1,432283.6263,39.95,2009,39,6.33,38.68
152658,Active,897996,NA,NA,D,2,1,4404138.928,89.95,2007,25,19.74,40.48
152659,Active,789477,NA,NA,D,3,1,4451729.976,57.95,2004,30,4,12.49
152660,Active,577341,NA,NA,D,4,1,1211462.199,65.95,2006,54,4,9.43
152661,Active,525529,NA,NA,D,2,1,165883.8375,90,2007,38,34.08,59.6
152662,Active,171496,NA,NA,D,0,0,262862.8488,39.95,1996,139,5.19,9.21
152663,Active,874187,NA,NA,D,1,0,402805.1813,96.95,2005,30,9.19,48.94
152664,Active,131500,NA,NA,D,5,1,2634222.974,95,2001,31,4,13.94
152665,Active,118588,NA,NA,D,2,1,133019.3075,144.6,2008,49,7.18,25.81
152666,Active,245922,NA,NA,D,3,1,1474442.269,38.95,2005,35,4,9.98
152667,Active,134867,NA,NA,D,4,1,662145.745,43,2009,23,4.85,39.82
152668,Active,169796,NA,NA,D,9,1,77437.805,329.95,2008,74,15.67,50.4
152669,Active,120552,NA,NA,D,5,1,1322045.303,181.4,2007,23,8.64,65.02
152670,Active,61015,NA,NA,S,8,1,443120.0063,181.95,2004,83,4,21.34
152671,Active,108838,NA,NA,D,6,1,1782826.715,132,2005,37,4.97,48.85
152672,Active,177894,NA,NA,D,4,1,1030640.586,90.95,2003,32,3.6,4
152673,Active,217294,NA,NA,D,2,1,274242.035,46,2007,45,4.9,27.1
152674,Active,134862,NA,NA,D,3,1,975658.1188,67,2010,22,11.98,39.66
152675,Active,587559,NA,NA,D,8,1,547567.4638,114.34,2010,14,18.59,107.96
152676,Active,533697,NA,NA,S,9,1,4235.48375,205.95,2012,139,33.99,88.87
152677,Active,52116,NA,NA,D,8,1,33432.63625,194.95,2011,71,16.99,137.79
152678,Active,245194,NA,NA,D,4,1,152872.375,123.95,2005,31,11.98,33.93
152679,Active,525520,NA,NA,S,5,1,361482.79,118.95,2010,90,31.31,73.58
152680,Active,253924,NA,NA,D,5,1,162683.2475,106.95,2010,28,43.98,79.48
152681,Active,647096,NA,NA,D,1,0,134423.1813,127.95,2012,23,72.29,126.98
152682,Active,184487,NA,NA,D,1,0,1145436.803,54.95,2004,78,4,34.55
152683,Active,872591,NA,NA,S,1,0,818790.4925,94.95,2001,54,4,19.42
152684,Active,2125204,NA,NA,D,0,0,1232241.466,109,2006,25,32.54,68.99
152685,Active,654965,NA,NA,D,3,1,841479.5063,101.25,1970,36,30.98,46.09
152686,Active,500146,NA,NA,D,1,0,29298.46,50.95,2011,81,10.24,23.87
152687,Active,525516,NA,NA,D,2,1,138508.695,45.95,2002,26,9.9,29.78
152688,Active,271083,NA,NA,D,2,1,227027.9125,80,2011,24,19.97,27.96
152689,Active,203937,NA,NA,D,2,1,438891.105,75.99,2009,71,4.97,10.75
152690,Active,2551085,NA,NA,D,1,0,193753.15,46.95,1998,19,16.19,65.97
152691,Active,194053,NA,NA,D,2,1,316197.4063,128,2005,52,14,48.99
152692,Active,3577456,NA,NA,S,2,1,2950620.85,47,1998,29,4.42,65.95
152693,Active,108001,NA,NA,D,5,1,671451.3038,71.14,2002,28,4.44,46.45
152694,Active,194184,NA,NA,D,3,1,127255.9275,85,2009,74,6.39,15.78
152695,Active,194078,NA,NA,D,2,1,2304943.939,59,2005,34,4,33.73
152696,Active,262614,NA,NA,D,3,1,619990.09,61.95,2003,37,3.99,23.99
152697,Active,261078,NA,NA,D,5,1,1200348.374,64.95,2003,26,4,17.99
152698,Active,620444,NA,NA,D,1,0,649924.6238,95,1986,65,19.7,28.99
152699,Active,2737616,NA,NA,D,1,0,1782955.535,61,2000,28,9.49,57.39
152700,Active,525511,NA,NA,D,5,1,891349.2013,159.95,2010,22,67.58,153.99
152701,Active,55072,NA,NA,S,7,1,13922.23125,447.75,2010,85,23.55,63.92
152702,Active,617175,NA,NA,S,5,1,312429.9713,70.4,2005,47,6.61,56.54
152703,Active,614744,NA,NA,D,6,1,750130.65,193.44,2007,49,6.23,67.34
152704,Active,420100,NA,NA,D,3,1,2070097.031,155,2007,34,5.97,75.85
152705,Active,115732,NA,NA,D,7,1,454174.3763,151.6,2003,26,11.53,141.53
152706,Active,1594467,NA,NA,D,1,0,1525130.47,79.99,2011,18,41.38,71.99
152707,Active,568862,NA,NA,D,1,0,2072197.331,175,2005,26,20.86,43.47
152708,Active,643836,NA,NA,D,7,1,1213963.465,35.66,2010,33,5.67,35.67
152709,Active,742280,NA,NA,D,2,1,3120028.859,23.97,2009,12,5.13,49.09
152710,Active,639028,NA,NA,D,6,1,849260.8663,59.95,2005,18,22.11,59.95
152711,Active,428510,NA,NA,D,1,0,955531.9888,71.33,2009,72,4,12.94
152712,Active,830654,NA,NA,D,1,0,494946.03,64,1995,24,14.9,53.71
152713,Active,54085,NA,NA,D,8,1,1804221.341,144.95,2004,74,3.88,4.99
152714,Active,55067,NA,NA,D,6,1,1953441.755,93.95,2003,49,4,8.93
152715,Active,114058,NA,NA,D,2,1,2101554.814,44.99,2000,59,3.9,12.76
152716,Active,620375,NA,NA,D,3,1,156941.9875,54.99,2002,47,4.58,12.94
152717,Active,120719,NA,NA,D,1,0,709275.955,164.8,2010,46,5.34,12.89
152718,Active,640168,NA,NA,D,2,1,1488683.076,209,2012,19,60.61,186.55
152719,Active,921948,NA,NA,D,4,1,497248.4438,12.99,2008,105,5.98,12.57
152720,Active,1447360,NA,NA,D,4,1,1330660.238,152.67,2007,36,5.44,98.99
152721,Active,53665,NA,NA,D,3,1,612172.46,113.33,2004,140,4,15
152722,Active,905557,NA,NA,D,0,0,892176.2263,29.25,2005,26,6.26,61.23
152723,Active,614813,NA,NA,D,2,1,1052979.295,90.4,2000,58,4,22.36
152724,Active,50247,NA,NA,D,6,1,251938.81,125.2,2010,43,15.98,38.94
152725,Active,54587,NA,NA,D,3,1,1578212.591,119.95,2004,55,4,11.52
152726,Active,247553,NA,NA,D,3,1,610739.7525,42.95,2004,65,4,8.24
152727,Active,248158,NA,NA,D,4,1,411805.0925,73,2010,67,4,11.94
152728,Active,635665,NA,NA,D,1,0,59545.385,34.95,2012,31,14.19,21.74
152729,Active,608568,NA,NA,D,8,1,2411519.754,77.95,2003,37,4,37.54
152730,Active,888449,NA,NA,D,2,1,2545144.703,127.07,2009,15,16.69,22.69
152731,Active,145363,NA,NA,D,2,1,417441.7,126.6,2007,47,4,57.59
152732,Active,742235,NA,NA,D,12,1,1092842.021,81.47,2009,25,5.99,58.97
152733,Active,613682,NA,NA,D,12,1,29093.8625,266.4,2009,117,10.49,51.25
152734,Active,288564,NA,NA,D,11,1,272418.5988,160,2005,72,6.93,24.95
152735,Active,145711,NA,NA,S,11,1,730732.5925,122.67,2007,26,5.37,58.7
152736,Active,113499,NA,NA,D,2,1,603105.7525,113,2001,19,15.64,81.25
152737,Active,533860,NA,NA,D,13,1,17878.74625,235.95,2012,60,17.9,82.25
152738,Active,592931,NA,NA,D,2,1,1715690.446,40.95,2005,22,4.52,43.98
152739,Active,800270,NA,NA,D,3,1,4892335,31.95,2006,16,5.62,42.52
152740,Active,157816,NA,NA,D,1,0,347630.3313,37.95,1996,58,4,12.7
152741,Active,861796,NA,NA,D,3,1,102675.6738,59.95,2013,54,6.44,33.47
152742,Active,198115,NA,NA,D,2,1,548777.2088,62.35,2010,51,4.39,13.99
152743,Active,293634,NA,NA,D,1,0,2106297.85,57.6,2008,40,4,13.94
152744,Active,183677,NA,NA,D,2,1,136557.7313,76.95,2007,39,6.28,55.43
152745,Active,877010,NA,NA,D,7,1,435324.815,39.61,2007,40,7.33,19.48
152746,Active,717291,NA,NA,D,2,1,2584725.51,44.33,1997,29,4,10.24
152747,Active,2697418,NA,NA,D,13,1,3790369.368,94.95,2003,11,9.4,203.98
152748,Active,50765,NA,NA,S,5,1,621000.2325,96,2001,33,4.35,15.99
152749,Active,2679460,NA,NA,D,2,1,2047683.024,155,1997,27,11.04,71.49
152750,Active,697608,NA,NA,D,7,1,1645275.569,150,1997,26,4,72.93
152751,Active,699732,NA,NA,D,1,0,1202881.004,150,2000,21,47.34,118.99
152752,Active,909110,NA,NA,D,3,1,971986.4538,150,1990,34,9.57,63.99
152753,Active,761874,NA,NA,D,5,1,3297813.4,88.95,2005,11,41.48,69.44
152754,Active,636405,NA,NA,D,6,1,4746324.649,47.99,2002,20,4,36
152755,Active,1900530,NA,NA,D,5,1,970248.7175,121.95,2009,25,9.98,43.65
152756,Active,253931,NA,NA,D,5,1,591015.6313,197.95,2010,33,18.54,81.84
152757,Active,625275,NA,NA,D,5,1,864915.6925,138.95,2010,57,4,58.99
152758,Active,1900762,NA,NA,D,5,1,502917.6588,121.95,2010,70,4,38.54
152759,Active,253884,NA,NA,D,4,1,965652.495,197.95,2010,27,21.99,63.97
152760,Active,619120,NA,NA,D,5,1,1762274.379,64.65,1997,17,4,9.15
152761,Active,228787,NA,NA,D,10,1,2507318.845,94.95,2007,34,4,13.72
152762,Active,50878,NA,NA,D,7,1,2190996.04,92.6,2005,30,4.13,10.35
152763,Active,50880,NA,NA,D,9,1,1106810.424,145,2009,37,5.49,50.08
152764,Active,1730031,NA,NA,D,3,1,1207336.285,165,2009,36,4.29,68.06
152765,Active,296477,NA,NA,D,2,1,1107552.379,155,2006,27,9.96,420.83
152766,Active,2177640,NA,NA,D,3,1,3400989.09,59.95,2006,14,33.23,42.82
152767,Active,114721,NA,NA,D,6,1,1516968.473,102,2002,36,4,45
152768,Active,262652,NA,NA,D,0,0,1689414.645,31.95,2003,33,4,26.29
152769,Active,100477,NA,NA,D,1,0,470090.985,36,1995,29,6.33,15.35
152770,Active,663596,NA,NA,D,2,1,510851.215,62,2013,18,23.97,53.66
152771,Active,265619,NA,NA,D,2,1,1898232.534,75,2004,35,4,22.98
152772,Active,646035,NA,NA,D,2,1,2307552.549,79.95,2011,21,45.68,62.03
152773,Active,203442,NA,NA,D,6,1,1909036.995,60.95,2003,97,4,9.48
152774,Active,203964,NA,NA,D,7,1,293577.2425,63.95,2009,106,4,17.97
152775,Active,670827,NA,NA,D,2,1,3126127.873,65,2011,27,4.97,59.14
152776,Active,2256189,NA,NA,D,4,1,1210172.524,102.17,2009,39,20.58,79.86
152777,Active,615615,NA,NA,D,3,1,2152211.544,181,2009,43,4,181
152778,Active,142972,NA,NA,D,4,1,1180519.286,35,2005,42,4,22.3
152779,Active,143270,NA,NA,D,5,1,445188.72,43,2010,26,15.62,33.99
152780,Active,202215,NA,NA,D,4,1,1027811.615,182.95,2000,64,4,22.89
152781,Active,804067,NA,NA,D,3,1,2208135.085,307.95,2007,18,62.99,195.69
152782,Active,540751,NA,NA,D,6,1,23838.61125,110.8,2013,93,13.88,22.86
152783,Active,146327,NA,NA,D,3,1,335098.83,59.73,2010,65,4,17.99
152784,Active,146330,NA,NA,D,5,1,630353.1575,88.87,2010,81,4,37.78
152785,Active,145811,NA,NA,D,5,1,201035.4,72.8,2008,57,4,29.28
152786,Active,607174,NA,NA,D,6,1,3272912.413,83.67,2002,32,4,4.67
152787,Active,164964,NA,NA,D,1,0,708500.1713,150,1999,32,4.47,28.99
152788,Active,616449,NA,NA,D,3,1,220254.6363,84.95,1991,38,4.28,54.06
152789,Active,3012994,NA,NA,D,0,0,503252.4725,44.95,1997,24,4,27.17
152790,Active,901495,NA,NA,D,4,1,2193111.946,136.57,2008,23,5.49,47.07
152791,Active,287930,NA,NA,D,3,1,1198833.721,74.67,2006,30,4.97,57.17
152792,Active,365323,NA,NA,D,2,1,321457.815,58.95,2008,32,6.92,0
152793,Active,654514,NA,NA,D,3,1,1844959.98,45.95,2009,17,4.55,37
152794,Active,405515,NA,NA,D,3,1,1464380.589,80.75,2007,35,3.45,13.09
152795,Active,525443,NA,NA,D,4,1,2183045.406,59.95,2011,23,4,26.58
152796,Active,536244,NA,NA,D,4,1,1190185.38,78.5,2009,29,7.15,13.9
152797,Active,3785606,NA,NA,D,3,1,680247.75,189.95,2000,23,10.02,51.05
152798,Active,235559,NA,NA,D,3,1,1593562.074,75,1998,33,4,8.94
152799,Active,2698469,NA,NA,D,3,1,1654444.281,70.95,2003,24,4.99,46.04
152800,Active,269965,NA,NA,D,4,1,720477.9675,189,2007,48,6.96,53.99
152801,Active,802635,NA,NA,D,8,1,2169532.076,39.99,2007,35,4,7.99
152802,Active,2570505,NA,NA,D,1,0,568332.5525,60,1994,44,5.74,14.04
152803,Active,163968,NA,NA,S,3,1,766428.91,95,1997,30,5.58,19.99
152804,Active,637739,NA,NA,D,1,0,638354.7488,90,2012,30,52.98,82.99
152805,Active,3617563,NA,NA,D,2,1,3711277.35,44.95,1997,21,11.99,55.45
152806,Active,912755,NA,NA,S,2,1,852314.6863,91.12,2010,47,6.65,59.12
152807,Active,52780,NA,NA,D,2,1,678411.88,168.25,2009,41,6.95,43.99
152808,Active,110262,NA,NA,S,5,1,89127.59375,186.27,2010,44,36.35,54.98
152809,Active,620802,NA,NA,D,4,1,109728.065,128.44,2008,48,9.17,103.05
152810,Active,103838,NA,NA,S,1,0,356665.6488,72.45,1999,62,4.68,24.89
152811,Active,108778,NA,NA,D,3,1,124209.8638,178.85,2005,62,13.76,79.53
152812,Active,880624,NA,NA,D,5,1,714111.065,142.29,2010,27,38.66,94.52
152813,Active,2255834,NA,NA,D,4,1,2235815.856,66.72,2008,39,30.85,92.35
152814,Active,1574521,NA,NA,D,4,1,1661780.386,287.95,2009,20,19.79,38.99
152815,Active,912003,NA,NA,D,2,1,1880654.501,55,2006,30,4,13.43
152816,Active,131441,NA,NA,D,1,0,261743.1863,79.8,2003,23,10.58,109.19
152817,Active,525431,NA,NA,D,3,1,182645.2,52.95,2008,120,4,13.49
152818,Active,578906,NA,NA,D,2,1,1656350.166,45.95,2003,53,4,7.13
152819,Active,3067597,NA,NA,D,1,0,710776.5513,42.95,2005,39,6.95,23.98
152820,Active,914704,NA,NA,D,2,1,3904960.505,74,1988,24,4,44.47
152821,Active,1489595,NA,NA,D,1,0,570950.3775,32,2012,16,17.43,25.86
152822,Active,127289,NA,NA,D,1,0,736009.44,112.95,2006,33,8.97,13.99
152823,Active,525428,NA,NA,D,2,1,228504.23,165.95,2011,40,30.18,53.98
152824,Active,2254643,NA,NA,D,0,0,840978.5338,30.47,2011,47,7.44,32.82
152825,Active,634277,NA,NA,D,1,0,734655.865,39.95,2011,39,4,14.7
152826,Active,623153,NA,NA,D,2,1,2509071.736,91.95,2004,32,4,29.39
152827,Active,276760,NA,NA,D,2,1,1075103.971,64,1999,23,5.24,44.01
152828,Active,647212,NA,NA,D,1,0,585028.0325,82.67,2011,38,13.75,52.05
152829,Active,1632871,NA,NA,D,3,1,3349691.193,82.95,2012,7,52.99,33.97
152830,Active,405183,NA,NA,D,2,1,388637.6688,52.95,2004,25,8.23,70.43
152831,Active,789228,NA,NA,D,2,1,5274383.071,182,2003,23,4.48,13.49
152832,Active,3817623,NA,NA,D,2,1,6712104.65,35,1993,20,4.56,43.65
152833,Active,911820,NA,NA,S,3,1,322848.0613,140.99,2007,22,17.45,44.89
152834,Active,2576425,NA,NA,D,3,1,1394676.239,64.29,1989,23,6.47,67.72
152835,Active,657610,NA,NA,D,3,1,1349985.324,64.99,2007,34,4.63,33.98
152836,Active,246296,NA,NA,D,2,1,2289300.239,73.99,2003,17,23.36,45.15
152837,Active,261256,NA,NA,D,1,0,390657.3725,113,1996,75,5.61,43.43
152838,Active,609375,NA,NA,D,2,1,4296352.975,65.95,1995,15,6.44,17
152839,Active,874572,NA,NA,D,2,1,1985391.415,34.14,2008,44,7.32,222.94
152840,Active,193609,NA,NA,D,2,1,851048.31,145,2008,37,4.73,172.37
152841,Active,652599,NA,NA,D,2,1,339478.3888,75,2012,37,10.38,38.98
152842,Active,863277,NA,NA,D,1,0,1079665.766,60,2005,30,4.97,7.05
152843,Active,254669,NA,NA,D,3,1,322145.92,85,2011,33,10.11,39.65
152844,Active,2575857,NA,NA,D,0,0,1156324.148,75,1985,51,4,11.26
152845,Active,902561,NA,NA,D,3,1,1395919.335,249,2009,22,58.94,63.42
152846,Active,668551,NA,NA,D,2,1,1085214.586,48.95,2003,26,4.5,47.27
152847,Active,656843,NA,NA,S,2,1,1775283.774,58.25,1992,14,4,44.21
152848,Active,500136,NA,NA,D,4,1,88127.83,204.95,2010,59,33.8,83.99
152849,Active,193406,NA,NA,D,0,0,663286.8875,79,2004,33,4,27.99
152850,Active,3820271,NA,NA,D,4,1,610534.5,30.15,2006,66,4,11.97
152851,Active,637033,NA,NA,D,3,1,1489516.671,216.33,2010,23,22.74,177.63
152852,Active,908713,NA,NA,D,4,1,572465.4225,166.67,2014,27,53.99,63.99
152853,Active,878993,NA,NA,D,6,1,506255.0013,77.76,2008,23,30.75,43.86
152854,Active,873599,NA,NA,D,7,1,569464.295,130.67,2004,49,4.62,19.49
152855,Active,51555,NA,NA,D,8,1,377830.4738,147.33,2004,92,5.54,10.58
152856,Active,130171,NA,NA,D,1,0,136729.88,116.6,2003,44,35.74,78.98
152857,Active,57547,NA,NA,S,5,1,375662.9525,336.95,2003,118,4,17.04
152858,Active,751622,NA,NA,D,1,0,2855600.923,108.5,2008,30,4.93,40.36
152859,Active,701203,NA,NA,D,2,1,859543.0763,59.95,2007,33,6.38,41.49
152860,Active,222833,NA,NA,D,2,1,1858592.03,72,2002,17,19.7,67.76
152861,Active,529317,NA,NA,S,1,0,610356.53,49.99,2009,35,7.98,35.98
152862,Active,281228,NA,NA,D,2,1,4210352.084,269,2007,13,15.34,121.81
152863,Active,2843734,NA,NA,D,2,1,7961310.444,66.95,1998,16,4,21.47
152864,Active,700736,NA,NA,D,5,1,3056247.143,116,2005,39,11.52,48.99
152865,Active,633352,NA,NA,D,5,1,762777.5325,39.95,2008,30,5.97,30.48
152866,Active,560741,NA,NA,D,2,1,3554872.921,66.2,2002,16,4.39,6.98
152867,Active,314998,NA,NA,D,8,1,843460.0738,108.6,2007,28,27,64.96
152868,Active,3596362,NA,NA,S,1,0,3602628.6,0,1980,38,4,64.71
152869,Active,58269,NA,NA,D,4,1,897703.2675,34.95,2004,77,4,5.99
152870,Active,58270,NA,NA,D,5,1,164367.7913,39.95,2008,48,4,9.99
152871,Active,60998,NA,NA,D,6,1,86569.60875,33.99,2001,71,4,34.97
152872,Active,61035,NA,NA,D,5,1,1543714.555,77.56,2001,40,4,44.63
152873,Active,765799,NA,NA,D,3,1,805025.7425,186.95,2004,37,4,5
152874,Active,717712,NA,NA,D,4,1,1301674.226,84.95,1999,45,4.13,32.08
152875,Active,114438,NA,NA,D,1,0,174297.165,89.8,2002,88,4.42,36.25
152876,Active,1750893,NA,NA,D,2,1,420190.4788,44.95,2014,26,8.29,23.98
152877,Active,3057290,NA,NA,D,3,1,2011321.636,67,2002,20,4,13
152878,Active,2759278,NA,NA,D,2,1,923430.8038,124.95,1999,25,5.67,8.19
152879,Active,761687,NA,NA,D,2,1,1632248.821,50,2006,51,4,7.98
152880,Active,752624,NA,NA,D,3,1,250148.5338,55,2010,39,4.98,40.33
152881,Active,186152,NA,NA,D,7,1,1986587.15,68,1997,46,4,48.94
152882,Active,56918,NA,NA,S,3,1,864508.22,55,2002,85,3.78,6.94
152883,Active,3575639,NA,NA,D,3,1,3189027.9,69,2000,22,5.94,48.72
152884,Active,608935,NA,NA,D,5,1,1029847.495,48.95,2001,46,4,104.95
152885,Active,795376,NA,NA,D,6,1,346800.3363,110.95,2011,44,4,43.4
152886,Active,914072,NA,NA,D,3,1,3273564.655,96,1994,21,4.39,18.96
152887,Active,622072,NA,NA,S,2,1,534554.385,109,2003,31,10.28,52.83
152888,Active,609365,NA,NA,D,3,1,1873825.028,57.95,1994,26,4.33,13.49
152889,Active,723283,NA,NA,D,1,0,1050555.748,78,2008,24,10.65,61.47
152890,Active,51497,NA,NA,S,10,1,19455.59625,301.95,2011,84,24.79,97.28
152891,Active,51495,NA,NA,D,8,1,63824.98875,308.95,2006,118,4,24.49
152892,Active,61037,NA,NA,D,8,1,2200605.238,365.95,2007,38,4,8.99
152893,Active,626793,NA,NA,D,2,1,648356.055,86.8,2005,20,5.36,59.83
152894,Active,878757,NA,NA,D,9,1,1662996.481,40.16,2008,51,5.59,15.87
152895,Active,53295,NA,NA,D,8,1,1062697.956,254.95,2005,102,4,8.98
152896,Active,166896,NA,NA,D,2,1,804227.5238,23.29,2007,46,4.77,23.29
152897,Active,298584,NA,NA,D,5,1,997348.6988,49,2008,45,4.27,15.98
152898,Active,3547242,NA,NA,D,3,1,3092154.85,39.99,1998,26,6.36,53.57
152899,Active,54581,NA,NA,D,11,1,2070104.995,311.95,2007,45,4,13.19
152900,Active,578655,NA,NA,D,2,1,2575447.375,57.95,2009,26,4,10.43
152901,Active,152659,NA,NA,S,2,1,108171.1288,54.95,2002,93,4.28,32.37
152902,Active,594332,NA,NA,D,0,0,218158.5638,54.95,2010,47,31.4,57.06
152903,Active,480966,NA,NA,D,1,0,411049.475,45.95,2012,69,9.26,23.42
152904,Active,257055,NA,NA,D,1,0,561883.5088,42.65,1998,58,4,40.88
152905,Active,135589,NA,NA,D,2,1,538129.3625,36.95,2006,29,9.16,11.99
152906,Active,114047,NA,NA,D,2,1,2829369.561,42.4,2001,33,4,13.99
152907,Active,117298,NA,NA,D,3,1,1490041.973,39.6,2005,38,4,13.63
152908,Active,54580,NA,NA,S,3,1,35832.25375,46.6,1998,104,5.71,48.92
152909,Active,118739,NA,NA,S,3,1,849960.2725,50.67,1999,58,4.18,12.97
152910,Active,244229,NA,NA,S,10,1,10189.87125,224.95,2012,86,22.05,112.31
152911,Active,53260,NA,NA,D,9,1,252524.8775,259.95,2009,76,11.11,42.87
152912,Active,525361,NA,NA,S,10,1,45715.3725,240.95,2012,96,20.44,78.99
152913,Active,116352,NA,NA,D,6,1,528692.5838,189.53,2010,29,33.53,104.7
152914,Active,3731025,NA,NA,D,2,1,1672923.75,43,2009,32,8.48,18.83
152915,Active,909497,NA,NA,D,2,1,2753126.93,37,2007,20,4.96,51.09
152916,Active,533598,NA,NA,D,6,1,13905.45,218.95,2012,107,13.99,57.99
152917,Active,608766,NA,NA,D,3,1,453413.7,31.98,2003,46,4,11.88
152918,Active,53381,NA,NA,D,8,1,158297.6488,17.18,2006,414,4.16,16.31
152919,Active,2859762,NA,NA,D,2,1,2420442.528,123.75,2002,23,19.49,111.17
152920,Active,525356,NA,NA,D,5,1,233468.035,39,2009,28,6.97,23.05
152921,Active,217259,NA,NA,D,4,1,2916684.453,34,2005,81,4,15.54
152922,Active,55430,NA,NA,D,6,1,1293912.036,61.6,2004,50,4,9.46
152923,Active,55429,NA,NA,D,8,1,183718.2338,116.2,2009,45,13.99,78.33
152924,Active,544305,NA,NA,S,9,1,55959.29,229.95,2013,58,38.53,103.99
152925,Active,591695,NA,NA,D,5,1,73742.48125,62.6,2011,49,27,59.2
152926,Active,627006,NA,NA,D,2,1,1284672.975,54.95,2006,26,5.97,70.47
152927,Active,57381,NA,NA,D,12,1,1396468.166,210.95,2008,59,4,16.83
152928,Active,867508,NA,NA,S,15,1,28887.98875,199.95,2014,65,40.49,63.88
152929,Active,57378,NA,NA,D,13,1,623408.3563,199.95,2010,62,4,84.85
152930,Active,534007,NA,NA,D,13,1,946981.455,152.95,2010,35,6.91,23.99
152931,Active,655530,NA,NA,D,3,1,282469.5925,56,2011,21,10.53,53.2
152932,Active,800847,NA,NA,D,2,1,2793086.944,62,2007,21,4.15,40.99
152933,Active,859971,NA,NA,D,5,1,289878.9863,240.95,2009,33,9.98,72.61
152934,Active,797703,NA,NA,D,4,1,910775.1888,254.95,2004,46,4.88,23.69
152935,Active,592839,NA,NA,D,5,1,643721.8038,55.75,2010,34,13.1,65.8
152936,Active,581691,NA,NA,D,4,1,1077324.951,37,2006,116,4,15.11
152937,Active,542977,NA,NA,D,6,1,19824.5225,49,2012,67,12.01,42.98
152938,Active,592790,NA,NA,D,5,1,185809.84,43,2009,159,4.86,19.99
152939,Active,525351,NA,NA,D,2,1,449919.6625,129.4,2011,40,4.73,78.05
152940,Active,556276,NA,NA,D,5,1,1935481.183,60,2007,22,4,10.01
152941,Active,556392,NA,NA,D,6,1,810064.035,45,2011,17,34.53,40.59
152942,Active,626537,NA,NA,S,1,0,728513.5013,64.95,1996,29,6.99,52.07
152943,Active,51566,NA,NA,D,4,1,264729.9663,35.8,2003,85,4.13,33.08
152944,Active,826478,NA,NA,D,7,1,2670102.401,39.95,1995,34,4,19.99
152945,Active,870459,NA,NA,D,6,1,1727067.368,33.95,1992,28,4,28.99
152946,Active,596484,NA,NA,S,1,0,433572.0463,53.95,1996,27,4,44.65
152947,Active,1871203,NA,NA,D,2,1,964497.4788,43,2007,23,4.38,10.37
152948,Active,568762,NA,NA,D,2,1,2746961.2,72,2004,28,4,20.91
152949,Active,592809,NA,NA,D,3,1,401461.5988,22.62,2009,31,9.48,14.98
152950,Active,58227,NA,NA,S,7,1,512975.1275,56.4,2003,55,4,8.34
152951,Active,55425,NA,NA,D,2,1,1632703.445,149.95,2003,59,4,46.19
152952,Active,55060,NA,NA,D,4,1,567856.7088,139.95,2005,39,4,5.2
152953,Active,51557,NA,NA,D,7,1,672961.4725,70.2,2008,70,4,34.61
152954,Active,51560,NA,NA,D,6,1,788979.2925,60.2,2006,72,4,19.99
152955,Active,536874,NA,NA,S,9,1,10241.09125,106,2012,56,19.49,49.69
152956,Active,364042,NA,NA,D,4,1,463238.4463,44,2009,30,4.99,91.11
152957,Active,243872,NA,NA,D,10,1,1140436.746,139.95,2010,38,23.76,150.79
152958,Active,609943,NA,NA,D,12,1,19592.75125,184.95,2014,108,8.34,48.97
152959,Active,2252745,NA,NA,D,5,1,1477029.854,14.44,2008,81,5.58,13.38
152960,Active,58211,NA,NA,S,5,1,192557.3125,45.95,2008,169,4,9.74
152961,Active,1939137,NA,NA,D,1,0,98934.25625,86,2014,23,32.44,62.4
152962,Active,583576,NA,NA,D,5,1,193205.485,97.95,2010,44,34.92,87.99
152963,Active,228622,NA,NA,S,2,1,599390.8863,159,1999,24,6.66,74.84
152964,Active,245005,NA,NA,D,7,1,1443012.103,225.95,2004,59,4,7.21
152965,Active,126918,NA,NA,D,8,1,1257690.321,82,2002,91,3.99,15.51
152966,Active,51996,NA,NA,D,9,1,1961316.729,79.95,2005,27,4,52.17
152967,Active,53943,NA,NA,S,11,1,32102.39625,101.61,2010,63,21.2,71.03
152968,Active,53940,NA,NA,D,8,1,2197657.749,92.2,2002,44,4,6.45
152969,Active,765417,NA,NA,D,8,1,1329800.745,115.95,2001,46,4,38.31
152970,Active,614848,NA,NA,S,2,1,702626.5963,135.95,2009,27,4,9.74
152971,Active,647476,NA,NA,D,2,1,751661.5275,90.4,2006,21,4.97,13.94
152972,Active,626077,NA,NA,D,3,1,701763.3113,30,2002,28,6.5,46.17
152973,Active,176892,NA,NA,S,5,1,2317609.885,153.95,2001,42,4,45.82
152974,Active,245914,NA,NA,D,3,1,2907175.441,45,2005,46,4,23.82
152975,Active,169767,NA,NA,S,2,1,623485.775,213.95,2008,55,5.43,71.4
152976,Active,564571,NA,NA,D,3,1,993850.6275,44.95,2003,60,4,14
152977,Active,592786,NA,NA,D,3,1,690965.3638,41,2009,28,32.71,53.55
152978,Active,1534246,NA,NA,D,0,0,1011518.738,139,2008,32,4.93,20.12
152979,Active,1871191,NA,NA,D,2,1,782967.245,13.98,2007,19,6,13.98
152980,Active,50024,NA,NA,D,10,1,83884.30375,92.8,2004,74,8.75,19.61
152981,Active,50026,NA,NA,D,12,1,23116.615,120.2,2010,77,11.91,70.95
152982,Active,536746,NA,NA,S,7,1,964914.3288,107.07,2012,24,12.93,285.99
152983,Active,56688,NA,NA,D,5,1,1568674.124,91.4,2007,67,4,7.69
152984,Active,296084,NA,NA,S,9,1,83807.09625,340.95,2011,79,23.02,63.99
152985,Active,874186,NA,NA,S,5,1,262752.08,98.44,2011,58,6.99,33.64
152986,Active,522848,NA,NA,D,5,1,1244575.459,113.31,2010,34,5.05,5.59
152987,Active,533713,NA,NA,D,13,1,3669.56625,273.95,2012,199,7.21,42.87
152988,Active,169526,NA,NA,D,11,1,328027.8788,330.95,2007,281,4.35,12.99
152989,Active,52002,NA,NA,D,11,1,803401.2288,193.95,2007,118,4,10.97
152990,Active,907155,NA,NA,D,2,1,852035.4613,98.5,2000,26,6.38,53.99
152991,Active,53836,NA,NA,S,3,1,535405.755,87.95,2004,110,4,7.98
152992,Active,53838,NA,NA,D,4,1,838935.6063,119.66,2007,47,8.99,43.99
152993,Active,495593,NA,NA,D,1,0,397671.53,67.95,2010,131,4.29,27.7
152994,Active,2311490,NA,NA,D,3,1,806375.0138,297.55,1960,18,15.93,104.26
152995,Active,537958,NA,NA,D,8,1,1410977.433,174.95,2008,54,4,3.95
152996,Active,640506,NA,NA,D,4,1,793292.6163,48.95,2012,20,8.96,36.13
152997,Active,912086,NA,NA,D,3,1,2869928.878,39.95,2007,29,4,40.8
152998,Active,591943,NA,NA,D,2,1,1191704.894,39.95,2004,26,4.72,18.18
152999,Active,625665,NA,NA,S,3,1,673613.865,76.95,2012,39,4.23,30.99
153000,Active,139616,NA,NA,D,0,0,803521.47,189,2001,39,8.01,56.31
153001,Active,52933,NA,NA,D,8,1,1039227.529,14.96,2006,100,4,5
153002,Active,861807,NA,NA,S,10,1,102415.3913,186,2013,91,6.21,42.06
153003,Active,515229,NA,NA,D,8,1,235043.9863,135.2,2007,73,4.19,23.24
153004,Active,53710,NA,NA,D,8,1,1258446.263,98.47,2007,77,4,602.99
153005,Active,133211,NA,NA,S,9,1,254694.5438,157.2,2009,39,5.38,43.99
153006,Active,260060,NA,NA,D,2,1,2363769.923,53.95,2001,23,4,8.94
153007,Active,133333,NA,NA,D,4,1,57353.01375,98.6,2011,31,27.71,43.99
153008,Active,543176,NA,NA,D,6,1,719195.2775,57.95,2004,27,12.98,53.09
153009,Active,131716,NA,NA,D,6,1,1807108.906,129.6,2003,55,3.99,4.99
153010,Active,647610,NA,NA,D,2,1,1684108.055,135,2012,20,38.99,99.43
153011,Active,600541,NA,NA,D,3,1,431542.9175,74.99,2010,87,4.89,11.97
153012,Active,880430,NA,NA,D,3,1,3556661.8,32.5,2002,28,3.41,11.94
153013,Active,2562119,NA,NA,D,1,0,423555.3238,120,1982,19,31.53,97.27
153014,Active,534030,NA,NA,D,4,1,1485439.069,65.95,1996,28,4,46.15
153015,Active,629162,NA,NA,D,1,0,84234.00125,79.95,2012,39,17.72,61.06
153016,Active,914452,NA,NA,D,6,1,625216.6613,27.98,2009,28,6.72,27.98
153017,Active,872572,NA,NA,D,6,1,2735440.39,89.2,2002,29,3.9,15.99
153018,Active,2342450,NA,NA,D,0,0,1180717.78,59.3,1993,23,4.2,35.99
153019,Active,2901856,NA,NA,D,2,1,282174.1075,89,1992,76,4.56,19.98
153020,Active,555775,NA,NA,D,2,1,576128.375,39.95,2009,33,9.97,26.98
153021,Active,3504026,NA,NA,D,4,1,5031650.7,43.8,2004,24,4,5.47
153022,Active,607944,NA,NA,D,5,1,1978141.486,53.33,2006,15,4,10.07
153023,Active,2369647,NA,NA,S,3,1,626860.6238,85,1994,33,4,9.8
153024,Active,848948,NA,NA,D,2,1,1816102.729,94,1998,14,24.44,43.74
153025,Active,533356,NA,NA,D,11,1,42315.94125,163.2,2012,70,8.2,65.2
153026,Active,561011,NA,NA,D,4,1,3913317.611,83.2,2006,31,4,43.95
153027,Active,3283593,NA,NA,D,0,0,236289.1463,72.51,1900,22,53.52,67.68
153028,Active,1871270,NA,NA,D,4,1,537625.8338,24.24,2009,23,13.94,18.98
153029,Active,541587,NA,NA,D,2,1,140997.1938,54.95,2012,38,5.78,33.98
153030,Active,120368,NA,NA,D,5,1,424021.6838,81,2013,64,4,21.96
153031,Active,594665,NA,NA,D,2,1,99093.025,200.95,2011,103,43.6,58.98
153032,Active,920058,NA,NA,D,1,0,679114.6663,142.95,2008,45,4.99,19.99
153033,Active,561489,NA,NA,D,6,1,47908.71,177,2012,81,13.51,49.19
153034,Active,53662,NA,NA,D,3,1,840761.66,100,2003,52,4.35,28.74
153035,Active,912598,NA,NA,D,0,0,1046185.135,39.95,2005,26,4.8,38.97
153036,Active,912742,NA,NA,D,3,1,2078026.345,49.95,2006,29,4,18.98
153037,Active,157911,NA,NA,D,3,1,1106960.259,41.95,1999,75,4,18.89
153038,Active,613556,NA,NA,D,1,0,863297.0338,66.56,2004,50,4,53.98
153039,Active,538500,NA,NA,S,7,1,17649.075,158.5,2013,56,43.99,112.75
153040,Active,109474,NA,NA,D,1,0,1338908.793,58.57,2004,47,4.92,34.09
153041,Active,726897,NA,NA,D,1,0,456127.5588,59.99,1999,38,4,7.75
153042,Active,142951,NA,NA,D,6,1,1337727.289,29,2005,18,6.06,30.65
153043,Active,1871271,NA,NA,D,4,1,688948.9288,180.5,2009,30,5.61,7.42
153044,Active,295402,NA,NA,D,5,1,1232358.459,45,2007,34,4,12.49
153045,Active,921660,NA,NA,S,1,0,126391.4825,167.75,2007,145,6.44,31.94
153046,Active,665269,NA,NA,D,0,0,17877.43,35.5,2010,290,4,22.17
153047,Active,532867,NA,NA,D,22,1,322254.6275,54.25,2012,31,5.98,22.49
153048,Active,111965,NA,NA,D,21,1,1065240.41,43.74,2010,36,4,34.94
153049,Active,110310,NA,NA,D,20,1,1669958.09,44.5,2008,42,4,5.4
153050,Active,285582,NA,NA,D,21,1,561126.6575,54.25,2010,34,4.52,59.57
153051,Active,601613,NA,NA,D,1,0,883623.9563,49.99,2009,49,4,34.9
153052,Active,2570915,NA,NA,D,2,1,2792028.574,170,1993,13,15.76,58.79
153053,Active,3485210,NA,NA,D,3,1,4291826.15,80.8,1999,32,4,13.98
153054,Active,54660,NA,NA,D,7,1,3660320.653,94,2004,28,5.87,43.99
153055,Active,244026,NA,NA,S,7,1,855715.3225,274.95,2011,53,6.37,6.37
153056,Active,146375,NA,NA,D,2,1,365955.8138,134.8,2011,27,21.57,88.61
153057,Active,621514,NA,NA,D,0,0,564600.1163,110.43,1996,25,6.38,70.73
153058,Active,525322,NA,NA,D,13,1,12388.445,195.2,2011,123,13.98,106.75
153059,Active,212612,NA,NA,D,11,1,481094.82,47.46,2004,65,4,47.45
153060,Active,561089,NA,NA,D,12,1,86733.30875,162.6,2006,116,11.13,43.79
153061,Active,146324,NA,NA,D,13,1,80436.28375,306,2011,46,37.91,90.88
153062,Active,615106,NA,NA,D,1,0,780080.41,18.99,2010,45,7.64,21
153063,Active,860544,NA,NA,D,13,1,563575.56,193.67,2011,48,7.61,83.98
153064,Active,727906,NA,NA,D,1,0,2874135.834,74.4,2000,31,4,54.6
153065,Active,3475067,NA,NA,D,2,1,2758996.4,63,1998,31,4,18.99
153066,Active,615187,NA,NA,D,2,1,433046.725,59.95,1997,63,4,13.99
153067,Active,650438,NA,NA,D,1,0,1180446.581,51.95,2010,52,10.69,38.65
153068,Active,1927273,NA,NA,D,4,1,2718473.6,54.95,2013,10,6.39,48.09
153069,Active,1926965,NA,NA,D,3,1,4982445.346,45.95,2010,19,5.74,68.05
153070,Active,1926966,NA,NA,D,3,1,3360813.101,45.95,2010,14,5.98,60.38
153071,Active,1522803,NA,NA,D,2,1,7022308.906,37.95,2008,18,4.97,117.31
153072,Active,1591742,NA,NA,D,1,0,686203.3375,44.99,2007,31,8.56,27.99
153073,Active,271014,NA,NA,D,4,1,73363.52375,48,2011,54,10.61,39.12
153074,Active,229122,NA,NA,D,3,1,1177594.245,39.95,2007,45,4,9.63
153075,Active,149397,NA,NA,D,1,0,882241.9063,57,2004,17,11.37,48.06
153076,Active,907380,NA,NA,D,1,0,3532667.871,58.95,2009,29,4.98,23.71
153077,Active,206664,NA,NA,D,4,1,2159557.501,59.99,2003,22,4,102.94
153078,Active,536031,NA,NA,D,18,1,1179055.686,64.99,2007,49,4.37,9.08
153079,Active,2601191,NA,NA,D,1,0,217039.1363,130,2001,38,19.98,84.24
153080,Active,2263970,NA,NA,D,7,1,1349608.568,122.18,2011,44,25.93,139.27
153081,Active,119523,NA,NA,D,1,0,331564.8125,139.4,1999,32,29.98,83.49
153082,Active,53049,NA,NA,S,7,1,117159.1938,126.09,2008,38,20.44,51.82
153083,Active,653012,NA,NA,D,2,1,390622.5313,80.4,1996,30,4,43.55
153084,Active,907075,NA,NA,D,2,1,2029576.353,74.95,2005,32,4,38.74
153085,Active,608189,NA,NA,D,3,1,2779494.654,57.95,2006,26,4,40.01
153086,Active,229174,NA,NA,D,4,1,2499867.916,36.95,2008,29,4,14.97
153087,Active,3493002,NA,NA,D,2,1,2986443.75,122,1999,37,4.69,98.17
153088,Active,389297,NA,NA,D,2,1,623649.4138,102.95,2009,24,39.02,102.61
153089,Active,111144,NA,NA,D,5,1,844669.1625,13.22,2008,26,4.4,13.2
153090,Active,720190,NA,NA,D,5,1,1267021.476,39.95,2001,43,4,11.7
153091,Active,620808,NA,NA,D,0,0,616237.8463,64.95,2008,31,4.76,30.98
153092,Active,652321,NA,NA,S,0,0,551590.07,93.5,2014,85,4,0
153093,Active,525306,NA,NA,D,4,1,655423.9088,54.95,2009,20,7.46,34.04
153094,Active,278462,NA,NA,D,3,1,1071198.138,49.95,2005,37,4,16.81
153095,Active,195140,NA,NA,D,7,1,147629.6225,66,2009,40,8.89,50.99
153096,Active,3549220,NA,NA,D,2,1,839417.75,39.25,1997,38,4.47,44.04
153097,Active,2264087,NA,NA,D,5,1,399208.5563,56.6,2010,28,6.13,38.37
153098,Active,742539,NA,NA,D,5,1,1003670.643,120.98,2010,22,4.88,54.97
153099,Active,244949,NA,NA,D,4,1,3397153.799,178.95,2003,33,4,7.31
153100,Active,545591,NA,NA,D,2,1,335067.8675,44.99,2012,44,4.5,10.17
153101,Active,288511,NA,NA,D,4,1,847183.92,130.67,2000,47,4,37.49
153102,Active,145090,NA,NA,D,5,1,113093.4538,193.33,2005,70,8.46,26.48
153103,Active,148641,NA,NA,D,2,1,1360887.001,141.95,2008,44,4,33.58
153104,Active,244082,NA,NA,S,3,1,686256.36,131.95,2011,35,4.44,49.94
153105,Active,50868,NA,NA,D,5,1,2308113.398,285.95,2007,54,4,7.99
153106,Active,538527,NA,NA,S,10,1,482090.3438,102.82,2012,54,4.47,31.99
153107,Active,55051,NA,NA,S,0,0,863970.6475,74.99,2005,50,4.06,11.92
153108,Active,876508,NA,NA,D,7,1,33126.18375,226.4,2014,78,11.29,123.61
153109,Active,51552,NA,NA,S,3,1,928213.84,186.67,2010,107,4,10.13
153110,Active,137018,NA,NA,D,2,1,1053703.408,55,1999,36,4,26.95
153111,Active,178674,NA,NA,D,4,1,1726232.913,237.95,2010,28,4,6.59
153112,Active,525299,NA,NA,S,11,1,666134.4463,200.95,2012,45,4.5,22.99
153113,Active,162354,NA,NA,D,3,1,987946.3375,60.98,2008,31,14.97,46.56
153114,Active,919339,NA,NA,D,2,1,572333.215,39.95,2008,81,4.33,13.98
153115,Active,917880,NA,NA,D,3,1,2157655.489,44.95,2006,31,4,12.73
153116,Active,620633,NA,NA,D,2,1,3663665.104,44.95,2005,23,4,12.99
153117,Active,915501,NA,NA,D,3,1,2360487.104,44.95,2006,32,4,23.99
153118,Active,743519,NA,NA,D,3,1,6798245.343,175,2003,15,14.59,43.98
153119,Active,620102,NA,NA,D,5,1,121545.775,53.99,2010,32,11.87,63.03
153120,Active,2259246,NA,NA,D,2,1,598548.0238,121.89,2011,32,20.55,35.78
153121,Active,616861,NA,NA,D,5,1,232716.6363,95,2010,50,38.23,103.98
153122,Active,520883,NA,NA,D,3,1,775423.3288,95,1998,29,8.95,0
153123,Active,501793,NA,NA,S,3,1,806690.2838,95,1995,25,4,36.24
153124,Active,196508,NA,NA,D,3,1,1123904.306,77.95,2003,20,23.61,33.98
153125,Active,2260609,NA,NA,D,11,1,1870007.606,135.33,2008,38,7.36,87.75
153126,Active,109401,NA,NA,D,10,1,486657.5188,21.99,2005,109,4,18.99
153127,Active,52099,NA,NA,D,10,1,598116.2863,130,2006,54,4.98,18.98
153128,Active,52103,NA,NA,S,12,1,30508.32125,82.99,2010,111,12.89,43.99
153129,Active,105638,NA,NA,D,6,1,1151389.705,36.95,2002,46,4,15.82
153130,Active,525281,NA,NA,D,7,1,180147.13,44,2009,59,4,12.89
153131,Active,499526,NA,NA,D,6,1,1301090.88,138.95,2009,23,9.84,43.89
153132,Active,3504312,NA,NA,D,4,1,3997094.2,130,2002,20,9.27,68.15
153133,Active,525280,NA,NA,D,2,1,1011897.416,69.95,2009,21,5.95,53.98
153134,Active,2703529,NA,NA,D,5,1,872588.47,91.2,2005,20,7.16,74.53
153135,Active,606748,NA,NA,D,16,1,1311436.913,66.95,2003,26,4,23.95
153136,Active,873478,NA,NA,S,4,1,412717.9925,110.2,1996,56,4,42.49
153137,Active,111414,NA,NA,S,10,1,32584.72875,261.25,2012,67,29.88,73.95
153138,Active,631901,NA,NA,D,0,0,713560.0925,59.98,1998,34,17.72,93.79
153139,Active,162422,NA,NA,D,4,1,421946.2075,145.53,2008,32,23.96,144.28
153140,Active,626536,NA,NA,D,0,0,690140.7013,85,1996,44,4,44.31
153141,Active,54176,NA,NA,D,6,1,1153694.104,110,2001,43,4,30.69
153142,Active,742000,NA,NA,D,8,1,604041.7588,3986.31,2009,14,22.65,675
153143,Active,525271,NA,NA,D,3,1,828981.0688,119.95,2004,30,11.69,30.8
153144,Active,2533989,NA,NA,D,1,0,788326.4313,130,1999,49,18.24,86.23
153145,Active,640227,NA,NA,D,2,1,2337662.95,89.5,2002,16,6.98,184.8
153146,Active,644078,NA,NA,D,3,1,206200.28,123,2007,18,23.49,43.99
153147,Active,893684,NA,NA,D,2,1,1110093.424,99.95,1995,17,4.23,44.79
153148,Active,192793,NA,NA,D,1,0,982714.7713,64.95,1999,61,4,14.89
153149,Active,3547227,NA,NA,D,2,1,2708545.95,84.99,1997,21,6.49,96.82
153150,Active,624216,NA,NA,D,8,1,1065596.165,87.95,2008,38,8.54,42.78
153151,Active,147230,NA,NA,D,1,0,1228215.151,40.95,2005,25,4.21,204.87
153152,Active,650865,NA,NA,D,9,1,1297162.841,175,2000,18,58.39,103.99
153153,Active,626477,NA,NA,S,2,1,860470.9525,54.99,2002,32,8.83,57.47
153154,Active,763058,NA,NA,D,2,1,1578757.706,135,1998,18,7.27,47.25
153155,Active,614933,NA,NA,D,1,0,161421.3363,193.95,2010,58,15.86,69.18
153156,Active,615406,NA,NA,D,6,1,190492.1125,54.95,2011,71,5.67,18.64
153157,Active,248203,NA,NA,D,0,0,160980.495,89,2011,51,31.04,48.99
153158,Active,920720,NA,NA,D,5,1,1153776.228,54.95,2008,58,3.99,7.44
153159,Active,889897,NA,NA,D,2,1,6893034.5,100,2005,10,5.97,11.53
153160,Active,616200,NA,NA,D,2,1,1242572.93,78,2007,46,4.96,11.95
153161,Active,917375,NA,NA,D,3,1,1704847.849,52.95,2001,30,4,6.98
153162,Active,558380,NA,NA,D,4,1,553764.87,44.95,2008,48,4.39,39.55
153163,Active,3489307,NA,NA,D,6,1,2972318.6,51.95,1993,27,4.13,16.86
153164,Active,772575,NA,NA,D,6,1,3109781.666,119.95,2006,27,3.99,9.98
153165,Active,2262108,NA,NA,D,7,1,2724296.289,104.53,2010,42,5.59,66.74
153166,Active,112002,NA,NA,D,13,1,1253560.289,54.25,2011,41,4,6.89
153167,Active,607080,NA,NA,D,12,1,1807512.038,36.15,2009,35,4,19.77
153168,Active,132994,NA,NA,D,3,1,558581.21,64.2,2010,43,7.76,27.98
153169,Active,3095444,NA,NA,D,2,1,1786126.663,69.95,2005,21,14.88,63.75
153170,Active,561680,NA,NA,D,8,1,2866690.919,61.95,2006,26,4,4
153171,Active,147590,NA,NA,D,7,1,1431581.04,64.95,2008,77,4,5.19
153172,Active,540979,NA,NA,D,8,1,757434.2713,74.95,2012,119,4,4.94
153173,Active,698803,NA,NA,D,3,1,298708.9713,86.25,2005,28,33.99,50
153174,Active,2172017,NA,NA,D,2,1,55999.21,52.5,2010,24,40.72,40.24
153175,Active,915710,NA,NA,D,3,1,354835.3113,37.95,1996,31,18.08,68.38
153176,Active,2073512,NA,NA,D,4,1,180150.1513,152.44,2012,38,9.48,78.99
153177,Active,146711,NA,NA,D,1,0,653393.47,292.33,2011,23,11.19,105.94
153178,Active,145894,NA,NA,D,1,0,2477340.425,225.33,2010,23,11.59,173.39
153179,Active,164756,NA,NA,D,0,0,106449.57,35.01,1996,53,11.47,62.56
153180,Active,613208,NA,NA,D,1,0,189789.5475,40,1992,136,11.14,21.13
153181,Active,561505,NA,NA,D,1,0,42125.37875,194.8,2012,83,48.99,88.99
153182,Active,592009,NA,NA,D,2,1,871374.47,58,2006,30,4.76,36.99
153183,Active,166693,NA,NA,D,1,0,1459788.809,10.67,2006,54,4,4.97
153184,Active,492306,NA,NA,D,3,1,64023.805,153,2012,59,14.48,65.85
153185,Active,54786,NA,NA,D,1,0,353376.26,13.99,2007,52,4.13,13.89
153186,Active,449324,NA,NA,D,1,0,2696440.474,13.73,2007,44,4.08,13.69
153187,Active,612043,NA,NA,D,2,1,783569.8388,109.75,2014,16,33.67,99.94
153188,Active,637733,NA,NA,D,2,1,603111.7438,59.05,2012,44,7.42,36.98
153189,Active,755869,NA,NA,D,2,1,1630884.764,76.5,2010,21,10.99,72.93
153190,Active,57782,NA,NA,D,2,1,1385498.314,29.93,2009,22,5.88,10.52
153191,Active,789577,NA,NA,D,4,1,4001408.058,189,2006,23,4,66.81
153192,Active,2073420,NA,NA,D,2,1,241512.3263,101.01,2011,45,6.37,58.1
153193,Active,617297,NA,NA,D,1,0,669305.3375,246,2010,52,7.24,210.5
153194,Active,57145,NA,NA,S,3,1,49938.09625,273.95,2003,69,12.68,22.1
153195,Active,3251366,NA,NA,S,0,0,657818.2025,86.54,1999,52,5.58,45.15
153196,Active,627491,NA,NA,D,3,1,585814.2188,102.95,2009,21,22.99,73.61
153197,Active,497172,NA,NA,D,6,1,26873.3625,290.95,2009,69,17.21,183.93
153198,Active,55534,NA,NA,S,5,1,203768.2713,79.95,2001,68,4,12.74
153199,Active,859793,NA,NA,D,12,1,4333693.174,114.95,2008,13,4,38.99
153200,Active,571888,NA,NA,D,2,1,873955.2275,171.95,2001,49,4,25
153201,Active,461813,NA,NA,D,2,1,1524202.458,128.36,2007,24,5.62,86.23
153202,Active,875717,NA,NA,S,2,1,340501.9275,111.95,2001,39,4,45.15
153203,Active,543100,NA,NA,D,2,1,188699.3988,21,2011,35,11.89,0
153204,Active,544397,NA,NA,S,2,1,360403.1413,232.95,2013,38,43.89,130.65
153205,Active,587526,NA,NA,D,1,0,106084.1488,119.95,2012,65,8.09,47.43
153206,Active,764227,NA,NA,D,3,1,761908.1025,141.95,2003,27,3,115.81
153207,Active,648847,NA,NA,D,2,1,2115429.303,105,2009,15,6.39,43.99
153208,Active,2414379,NA,NA,D,0,0,413362.2888,93,2003,37,9,28.98
153209,Active,124064,NA,NA,D,3,1,399800.53,105.95,1999,52,4,53.23
153210,Active,2405924,NA,NA,D,1,0,1099173.589,39.95,1993,87,4,10.94
153211,Active,159407,NA,NA,D,6,1,2936163.499,183,2002,21,18.9,80.12
153212,Active,911245,NA,NA,D,4,1,2579027.614,71,2005,21,4,38.69
153213,Active,109861,NA,NA,D,6,1,1470340.168,134.99,2007,48,4,59.69
153214,Active,606927,NA,NA,D,7,1,1636118.55,128.9,2007,34,6.76,54.31
153215,Active,56305,NA,NA,S,8,1,38779.05,85.31,2010,74,14.96,51.09
153216,Active,623561,NA,NA,D,0,0,123882.4788,36.99,2007,52,6.98,20.98
153217,Active,911723,NA,NA,D,0,0,696201.7263,15.99,2006,28,4.88,11.96
153218,Active,203948,NA,NA,D,1,0,664018.2263,51.5,2007,53,4,22.87
153219,Active,104443,NA,NA,D,4,1,340524.1588,184.06,2002,39,83.94,231.61
153220,Active,761208,NA,NA,D,3,1,2757160.623,139.95,2005,16,31.03,161.39
153221,Active,627433,NA,NA,D,2,1,216044.5863,45,2010,33,25.27,33.19
153222,Active,699159,NA,NA,D,0,0,382188.2613,53.77,2010,15,55.99,55.99
153223,Active,868061,NA,NA,D,5,1,1165129.419,129.4,2003,24,8.79,35.48
153224,Active,868083,NA,NA,D,6,1,254132.81,153,2007,35,14.39,53.99
153225,Active,265710,NA,NA,D,1,0,1292250.216,94.95,2000,28,44,122.42
153226,Active,268305,NA,NA,D,5,1,529915.66,69.95,2005,20,53.98,0
153227,Active,644007,NA,NA,D,4,1,294863.9363,43,2008,25,17.97,43
153228,Active,265848,NA,NA,D,5,1,3837808.615,75,2002,18,5.65,18.99
153229,Active,270068,NA,NA,D,6,1,883561.5138,191,2009,27,6.43,122.37
153230,Active,916291,NA,NA,D,3,1,2584475.863,123.89,1979,32,4,67.41
153231,Active,211400,NA,NA,D,0,0,1316123.66,78,1996,37,4,29.48
153232,Active,858521,NA,NA,D,1,0,43101.3025,65,1989,249,5.24,57.99
153233,Active,53828,NA,NA,D,7,1,854084.89,13.95,2004,131,3.99,11.82
153234,Active,125904,NA,NA,D,3,1,281930.74,77.95,1999,57,12.99,41.98
153235,Active,734966,NA,NA,D,1,0,232221.4113,78.99,2009,38,10.53,49.98
153236,Active,540428,NA,NA,S,2,1,39942.9225,129.25,2012,58,26.05,88.98
153237,Active,141935,NA,NA,D,1,0,306255.52,104.43,2010,44,28.49,63.94
153238,Active,540422,NA,NA,S,2,1,107255.745,91,2012,38,12.42,42.99
153239,Active,288301,NA,NA,D,1,0,354422.865,73.96,2010,59,6.74,68.03
153240,Active,141859,NA,NA,D,1,0,471073.45,149.69,2008,62,4,28.94
153241,Active,177349,NA,NA,D,6,1,237044.73,130.95,2005,50,4,19.98
153242,Active,547686,NA,NA,D,0,0,324224.1388,76,1966,55,4,30
153243,Active,755746,NA,NA,D,3,1,2161105.785,130,2004,19,4,45.4
153244,Active,721329,NA,NA,D,1,0,1666650.43,58,2005,37,4.24,28.43
153245,Active,624695,NA,NA,D,9,1,72352.34,51.49,2012,72,8.34,18.99
153246,Active,50513,NA,NA,D,6,1,1474324.048,85,2007,80,4,5.2
153247,Active,289440,NA,NA,D,8,1,141031.9138,32.99,2010,98,6.34,12.86
153248,Active,52357,NA,NA,D,7,1,689387.6575,15.06,2007,124,4,8.79
153249,Active,50516,NA,NA,D,7,1,735414.1175,13.99,2008,96,4,5.86
153250,Active,624391,NA,NA,D,3,1,564192.985,32,2008,35,4,45.48
153251,Active,545120,NA,NA,D,3,1,92528.90125,52.95,2009,28,10.48,28.28
153252,Active,613340,NA,NA,S,2,1,853493.7588,43.95,2003,50,4,8.93
153253,Active,885048,NA,NA,D,3,1,1136707.15,46.95,2009,12,6.49,5.86
153254,Active,545121,NA,NA,D,3,1,397550.4063,52.95,2009,45,9.98,35.65
153255,Active,609615,NA,NA,D,3,1,611466.0875,50.95,2009,43,4.29,20
153256,Active,739778,NA,NA,D,2,1,4090999.308,89.4,2002,29,4.12,10
153257,Active,57297,NA,NA,D,4,1,1449122.068,89,2008,72,4,4
153258,Active,2034914,NA,NA,D,2,1,4804923.335,51.95,2006,11,21.02,58.98
153259,Active,773220,NA,NA,D,1,0,2014242.786,167.95,2003,27,4,5.5
153260,Active,2473701,NA,NA,D,2,1,6412657.031,89.95,1983,22,4,47.73
153261,Active,391281,NA,NA,D,5,1,2737365.975,198,1998,13,10.24,104.91
153262,Active,609098,NA,NA,D,2,1,3939804.331,210.95,1999,37,4,7.86
153263,Active,599184,NA,NA,D,2,1,1761071.604,7.95,2008,19,4,7.94
153264,Active,2835970,NA,NA,S,1,0,1094796.176,81.51,1984,32,4.47,31.57
153265,Active,551274,NA,NA,S,3,1,872535.0738,43.99,2004,25,11.99,35.97
153266,Active,2836103,NA,NA,S,2,1,4517277.9,17.56,1988,32,4.8,17.56
153267,Active,3787051,NA,NA,S,0,0,1752579.45,33.28,1996,22,22.74,68.44
153268,Active,2036865,NA,NA,D,5,1,785578.085,72,2006,16,17.17,88.37
153269,Active,868581,NA,NA,D,6,1,1137741.541,102.95,2007,36,6.9,23.26
153270,Active,649193,NA,NA,D,1,0,786804.4575,233.95,2006,20,4.98,10.96
153271,Active,620335,NA,NA,D,1,0,76236.44625,62.95,2006,33,26.55,0
153272,Active,1494351,NA,NA,D,1,0,530760.29,38,2013,24,13.33,50.67
153273,Active,410578,NA,NA,S,5,1,1543500.845,110,2002,32,4.34,4.96
153274,Active,615913,NA,NA,D,0,0,107784.9075,46.99,1995,51,4.92,12.95
153275,Active,606893,NA,NA,D,6,1,2278380.616,48.43,2004,46,4,4
153276,Active,132846,NA,NA,D,2,1,3138675.185,94.27,2008,20,10.42,94.27
153277,Active,118275,NA,NA,D,3,1,293983.7675,134.8,2010,53,4.97,15.99
153278,Active,52665,NA,NA,D,7,1,141492.82,178.95,2008,68,17.98,49.94
153279,Active,2262137,NA,NA,D,7,1,798544.0175,114.05,2007,34,12.69,107.93
153280,Active,52666,NA,NA,S,8,1,27663.34625,253.95,2011,66,24.56,103.98
153281,Active,61066,NA,NA,D,6,1,407593.3425,229.95,2007,32,23.96,195.53
153282,Active,572026,NA,NA,D,5,1,332542.4788,137.95,2004,43,4,28.99
153283,Active,916667,NA,NA,D,6,1,1379675.86,76.28,2007,43,5.63,58.88
153284,Active,910146,NA,NA,D,8,1,1766140.511,43.54,2005,39,7.49,27.36
153285,Active,567769,NA,NA,D,7,1,1785710.704,156.95,2010,43,4.34,36.65
153286,Active,179197,NA,NA,D,5,1,206566.6338,81.95,2008,29,4.95,42.28
153287,Active,52671,NA,NA,D,8,1,57919.8425,203.95,2011,117,7.3,41.99
153288,Active,607050,NA,NA,D,14,1,2247113.301,12.94,2006,24,4,12.95
153289,Active,53502,NA,NA,D,7,1,1032447.349,76.36,2004,47,3.99,15.91
153290,Active,533710,NA,NA,D,8,1,42504.87625,203.95,2011,103,8.63,58.58
153291,Active,170196,NA,NA,D,8,1,591035.22,139.95,2011,46,5.58,126.57
153292,Active,570771,NA,NA,D,5,1,1931780.556,81.95,2008,40,4,41.01
153293,Active,612987,NA,NA,D,2,1,422927.58,11.98,2009,90,4,13.89
153294,Active,613531,NA,NA,S,1,0,1731480.97,42.98,2005,47,4,40.83
153295,Active,154351,NA,NA,D,14,1,449741.065,100.75,2002,45,4.45,27.97
153296,Active,54268,NA,NA,D,15,1,1650625.409,118.25,2005,29,4.48,23.99
153297,Active,606875,NA,NA,D,4,1,1049025.989,85.93,2003,27,4,73.61
153298,Active,875104,NA,NA,D,8,1,1328358.516,52.84,2003,23,4.37,45.79
153299,Active,863423,NA,NA,D,9,1,976698.6938,82.92,2006,35,13.95,53.98
153300,Active,54668,NA,NA,D,10,1,584050.7188,184,2009,33,11.94,49.99
153301,Active,608321,NA,NA,S,3,1,435720.1938,110,2000,48,4.95,27.99
153302,Active,148936,NA,NA,D,2,1,380644.0575,37.5,2007,88,5.99,27.99
153303,Active,872809,NA,NA,D,3,1,349508.61,108.5,2014,28,53.94,76.89
153304,Active,809029,NA,NA,D,0,0,1266476.328,84.1,2009,19,4.94,0
153305,Active,880658,NA,NA,D,0,0,728024.5675,143,2012,21,22.98,91.5
153306,Active,57431,NA,NA,S,3,1,198178.9075,267.95,2011,61,7.97,50.49
153307,Active,1545624,NA,NA,D,2,1,422862.8575,44.95,2009,45,4,44.95
153308,Active,868484,NA,NA,D,4,1,719691.8063,95.95,1998,17,14.8,27.99
153309,Active,106260,NA,NA,D,3,1,190476.7325,36.95,2005,41,7.97,19.98
153310,Active,159474,NA,NA,D,4,1,1001520.028,77.95,2002,26,8.73,65.42
153311,Active,1559286,NA,NA,D,1,0,699404.0625,44.95,2006,24,19.52,41.72
153312,Active,220232,NA,NA,D,4,1,3303710.444,31.95,2001,26,4,25.95
153313,Active,52331,NA,NA,S,6,1,650223.3688,81.95,2003,50,4,11.51
153314,Active,246708,NA,NA,S,5,1,213765.1488,46.95,2008,33,5.98,41.57
153315,Active,143084,NA,NA,D,2,1,2670080.815,43,2006,18,4.58,53.12
153316,Active,143288,NA,NA,D,3,1,1404064.655,69,2008,30,4,32.49
153317,Active,143232,NA,NA,D,3,1,720726.9463,213,2009,39,29.2,98.49
153318,Active,1871262,NA,NA,D,2,1,1091461.409,182,2009,33,7.63,93.99
153319,Active,628663,NA,NA,D,4,1,74401.98625,78.97,2011,42,10.49,33.99
153320,Active,633867,NA,NA,D,1,0,84913.9975,73,2012,49,10.3,54.51
153321,Active,608955,NA,NA,D,3,1,2415157.231,54.95,2002,15,9.73,54.42
153322,Active,537440,NA,NA,D,9,1,18397.43375,178.8,2012,111,14.62,76.27
153323,Active,61072,NA,NA,D,7,1,501201.6038,88,2005,87,4,7.41
153324,Active,115485,NA,NA,D,7,1,1557536.324,110.2,2002,42,3.98,0
153325,Active,912638,NA,NA,D,9,1,819241.5538,44.99,2005,59,5.59,40.73
153326,Active,763586,NA,NA,D,9,1,519364.605,85.95,2004,44,4,9.85
153327,Active,724144,NA,NA,D,1,0,680222.1663,99,2009,32,8.52,36.13
153328,Active,388328,NA,NA,D,3,1,856816.2863,234.95,2010,22,76.99,103.99
153329,Active,889610,NA,NA,D,0,0,4206873.931,84.95,2002,17,29.49,43.99
153330,Active,858491,NA,NA,D,5,1,864257.03,75,2014,19,11.2,52.42
153331,Active,670578,NA,NA,S,10,1,704377.87,65,2012,51,4,8.88
153332,Active,535800,NA,NA,D,10,1,577482.3713,65,2012,77,4,26.89
153333,Active,660817,NA,NA,D,11,1,361106.23,65,2013,63,7.17,34.61
153334,Active,867411,NA,NA,D,12,1,720254.515,65,2014,19,7.98,43.44
153335,Active,163456,NA,NA,D,9,1,841333.635,65,2011,49,4,10.5
153336,Active,525145,NA,NA,D,39,1,1428022.758,75,2012,29,4.28,4.5
153337,Active,752709,NA,NA,D,37,1,1946250.564,59.95,2010,27,4.3,20.99
153338,Active,1780877,NA,NA,D,13,1,281364.5888,65,2014,29,8.84,152.35
153339,Active,660819,NA,NA,D,11,1,266282.665,65,2013,37,4.93,0
153340,Active,203403,NA,NA,D,10,1,994813.6925,79.95,2003,87,4,19.88
153341,Active,561638,NA,NA,S,12,1,557209.01,56.95,2004,84,3.99,6.97
153342,Active,540956,NA,NA,D,14,1,17493.12125,76.95,2012,124,13.89,41.99
153343,Active,612874,NA,NA,D,13,1,265989.5925,67.95,2008,191,4,13.87
153344,Active,106722,NA,NA,D,8,1,590252.5638,343,2010,36,26.74,73.98
153345,Active,106101,NA,NA,D,7,1,1419643.4,234,2005,17,8.99,28.99
153346,Active,642410,NA,NA,S,22,1,874013.9463,48,2007,44,4.29,5.98
153347,Active,1839703,NA,NA,D,12,1,3675072.934,69.99,2007,17,13.15,49.77
153348,Active,630831,NA,NA,D,3,1,445670.36,38,2007,26,4,26.76
153349,Active,609202,NA,NA,D,5,1,662797.045,87.95,2008,24,18.18,38.98
153350,Active,879900,NA,NA,D,8,1,403682.3913,154.11,2008,12,38.53,277.05
153351,Active,634965,NA,NA,D,6,1,331636.91,49.95,2011,28,8.98,33.89
153352,Active,635669,NA,NA,S,5,1,131276.8725,49.95,2012,39,21.96,83.05
153353,Active,280392,NA,NA,D,2,1,2417810.1,369,2005,16,60.7,95.98
153354,Active,898969,NA,NA,S,2,1,725729.0513,54.99,2010,35,9.23,53.31
153355,Active,193893,NA,NA,D,1,0,539970.5475,59.99,2008,63,5.08,21.58
153356,Active,1658566,NA,NA,S,1,0,1600641.811,110.95,2010,19,88.99,167.01
153357,Active,3086346,NA,NA,D,2,1,3133469.914,149.95,2002,19,8.99,50.84
153358,Active,630131,NA,NA,D,12,1,424105.9063,379.99,2008,18,65.57,103.99
153359,Active,577340,NA,NA,D,11,1,2853676.38,239,2003,29,7.82,18.54
153360,Active,181311,NA,NA,D,3,1,111917.4013,53.95,2006,65,5.98,41.76
153361,Active,192478,NA,NA,D,4,1,934390.8,133,2006,15,21.45,95.63
153362,Active,710990,NA,NA,D,3,1,2631389.138,51,2000,30,4,6.54
153363,Active,717287,NA,NA,D,2,1,12462905.63,35.2,1997,23,4,7.49
153364,Active,199105,NA,NA,D,3,1,1577907.82,69.95,2002,45,4,19.99
153365,Active,182941,NA,NA,D,2,1,1065704.875,136.95,2005,26,4,8.5
153366,Active,133442,NA,NA,D,2,1,350502.9775,78.2,2010,33,6.97,98.35
153367,Active,127654,NA,NA,D,2,1,533301.6538,59.95,2010,38,8.59,47.91
153368,Active,610122,NA,NA,S,0,0,50988.5625,17,1997,123,4,9.39
153369,Active,871022,NA,NA,D,2,1,1608047.983,35,1990,49,4,14.62
153370,Active,119814,NA,NA,D,3,1,1028973.671,34.2,1996,32,4,12.99
153371,Active,626985,NA,NA,D,0,0,236507.1788,68.95,2010,34,6.99,0
153372,Active,443508,NA,NA,D,2,1,1479931.59,160,2008,17,4.39,119.37
153373,Active,158173,NA,NA,D,2,1,1466673.429,69.95,2008,47,4,24.82
153374,Active,115546,NA,NA,D,1,0,1294874.749,81,2002,31,4,28.93
153375,Active,615194,NA,NA,D,7,1,32611.62625,72.95,2010,139,6.43,25.19
153376,Active,555792,NA,NA,D,7,1,729748.0188,49.95,2010,52,4.11,13.98
153377,Active,555793,NA,NA,D,7,1,584047.145,49.95,2010,47,5.57,50.75
153378,Active,298947,NA,NA,D,1,0,1131427.301,137.95,2011,23,26.41,85.83
153379,Active,200290,NA,NA,D,1,0,597285.935,89.95,2005,36,4.62,28.86
153380,Active,200412,NA,NA,D,2,1,21690.06875,97.95,2011,42,50.25,63.99
153381,Active,132575,NA,NA,D,2,1,484138.2575,108.2,2009,41,5.37,38.91
153382,Active,743633,NA,NA,D,7,1,1860211.983,119,2005,34,6.99,18.72
153383,Active,53350,NA,NA,D,8,1,36702.71125,99.95,2008,392,4.31,8.7
153384,Active,147401,NA,NA,D,8,1,982469.8,27.95,2006,62,4,24.96
153385,Active,525097,NA,NA,D,9,1,258670.3075,38.95,2010,74,5.38,12.12
153386,Active,797705,NA,NA,D,1,0,814666.035,134.95,2008,23,9.55,44.75
153387,Active,623475,NA,NA,D,3,1,382009.2563,39.99,2010,30,10.48,0
153388,Active,920362,NA,NA,D,3,1,676752.14,27,2003,35,4,8.74
153389,Active,868080,NA,NA,D,4,1,359391.1438,30.4,2007,51,4,18.9
153390,Active,615548,NA,NA,D,1,0,263145.1113,40,2000,110,4,34.99
153391,Active,752716,NA,NA,S,1,0,334298.315,44.99,2009,51,4,13.98
153392,Active,56697,NA,NA,S,5,1,6355.2775,60.6,2011,81,22.33,48.99
153393,Active,120353,NA,NA,D,2,1,6697.98,32.4,2008,33,17.23,21.55
153394,Active,56696,NA,NA,S,3,1,90165.2175,36.67,2003,196,4,9.06
153395,Active,540016,NA,NA,D,5,1,42889.6925,121,2011,128,7.14,16.74
153396,Active,536516,NA,NA,D,5,1,1270053.198,117.33,2012,26,14.99,16.09
153397,Active,874057,NA,NA,D,0,0,1672934.719,86.27,2012,25,4,28.97
153398,Active,118050,NA,NA,D,3,1,1902617.004,18.98,2006,41,4,18.98
153399,Active,592840,NA,NA,D,2,1,944946.9613,0,2010,22,33.44,94.88
153400,Active,147498,NA,NA,D,9,1,144192.6488,48.95,2008,59,4,18.98
153401,Active,313737,NA,NA,D,0,0,3175142.364,69.33,2002,29,4.58,40.78
153402,Active,863911,NA,NA,S,2,1,550252.2538,81.95,2010,39,4.49,0
153403,Active,2745162,NA,NA,D,4,1,2239338.085,105.95,1999,23,7.55,33.98
153404,Active,540952,NA,NA,D,5,1,901917.3625,42.95,2011,39,7.87,16.83
153405,Active,123835,NA,NA,D,2,1,1070020.006,127.95,1996,23,6.18,67.12
153406,Active,635124,NA,NA,D,8,1,853987.285,45.95,2009,28,4,9.4
153407,Active,616032,NA,NA,S,2,1,545989.6063,58,2010,85,4.63,0
153408,Active,624325,NA,NA,D,6,1,548501.9725,38.95,2010,39,4.86,47.62
153409,Active,743769,NA,NA,D,5,1,2232525.848,29.95,2006,23,4,8.99
153410,Active,248824,NA,NA,D,2,1,1487428.684,57.95,2005,24,6.21,22.19
153411,Active,525077,NA,NA,D,3,1,570875.6813,72.95,2010,47,6.39,31.99
153412,Active,567463,NA,NA,D,7,1,1758247.475,133.95,2007,21,4,11.98
153413,Active,484073,NA,NA,D,8,1,507142.0563,120.95,2010,30,16.44,62.03
153414,Active,609634,NA,NA,D,5,1,1453926.226,72.95,2009,22,5.95,55.54
153415,Active,248847,NA,NA,D,4,1,475440.5588,99.95,2007,27,7.75,51.36
153416,Active,2935029,NA,NA,D,3,1,943256.1863,122.95,2005,26,4,23.46
153417,Active,103990,NA,NA,D,3,1,2020185.059,34.89,1999,21,18.92,203.98
153418,Active,527638,NA,NA,D,10,1,567756.55,121.95,2007,40,11.75,123.88
153419,Active,123971,NA,NA,D,3,1,570652.4125,122.95,2002,27,4,257.39
153420,Active,182894,NA,NA,D,6,1,698009.9013,136.95,2003,29,4,9.45
153421,Active,248401,NA,NA,D,6,1,607204.035,138.95,2006,22,3.88,36.92
153422,Active,109620,NA,NA,D,3,1,703824.8663,74.67,2005,38,4,39.99
153423,Active,182690,NA,NA,D,7,1,962403.9088,130.95,2002,18,32.28,78.99
153424,Active,288407,NA,NA,D,4,1,1416962.78,38,2004,26,5.98,47.21
153425,Active,629989,NA,NA,D,8,1,474971.185,39.99,2011,36,4,5.88
153426,Active,50656,NA,NA,D,5,1,96783.52,110.6,2009,44,4.39,56.8
153427,Active,111190,NA,NA,D,6,1,2866537.574,20.42,2010,21,4.35,20.4
153428,Active,914691,NA,NA,S,2,1,439979.6288,34.95,1996,18,4,28.26
153429,Active,870178,NA,NA,D,2,1,1070321.635,45,2002,21,30.98,43.85
153430,Active,870778,NA,NA,D,0,0,1009680.073,39.95,1998,37,4,40.32
153431,Active,607256,NA,NA,D,2,1,738401.565,80.8,2002,32,9.73,61.53
153432,Active,903919,NA,NA,D,1,0,1523825.301,72,1997,29,4.48,49.95
153433,Active,247660,NA,NA,D,2,1,881287.1163,69,2006,45,5.13,36.71
153434,Active,2859208,NA,NA,D,3,1,2174545.885,52.95,1994,24,4,14.24
153435,Active,614486,NA,NA,D,8,1,619574.0713,123.27,2005,17,13.94,65.91
153436,Active,871955,NA,NA,D,7,1,1072520.203,41.71,2009,47,5.62,30.99
153437,Active,617151,NA,NA,D,7,1,116926.35,25.93,2009,45,4,22.49
153438,Active,614658,NA,NA,D,6,1,736499.4675,1653.67,2005,32,4,5.98
153439,Active,153943,NA,NA,D,7,1,382018.7975,54.77,2006,45,4,46.35
153440,Active,557437,NA,NA,D,4,1,639311.2363,66.67,2008,53,4,38.99
153441,Active,557633,NA,NA,D,5,1,425774.6813,79.6,2010,66,4.1,26.69
153442,Active,626280,NA,NA,D,2,1,137816.3988,33.95,2010,50,9.97,19.98
153443,Active,162716,NA,NA,D,3,1,593592.6875,94.05,2008,27,10.47,19.7
153444,Active,120566,NA,NA,D,1,0,934392.655,121.6,2007,74,4,18.94
153445,Active,145408,NA,NA,D,5,1,923698.8675,100,2006,24,7.74,50.71
153446,Active,322705,NA,NA,D,5,1,769849.0138,123.4,2007,31,4.59,47.74
153447,Active,740915,NA,NA,D,5,1,1979032.358,104,2006,34,4.64,35.67
153448,Active,599511,NA,NA,D,7,1,1264125.946,75.95,2009,41,4.13,12.19
153449,Active,599502,NA,NA,D,6,1,3523595.486,73.95,2007,23,4,22.98
153450,Active,545931,NA,NA,D,8,1,159537.5975,94.95,2012,48,13.05,70.39
153451,Active,157540,NA,NA,D,2,1,1156357.319,47.95,2009,23,4.63,127.28
153452,Active,613170,NA,NA,D,0,0,651078.0538,102.95,2000,93,4,14.23
153453,Active,611881,NA,NA,D,0,0,599480.6475,77.4,2013,23,53.99,93.99
153454,Active,292129,NA,NA,D,0,0,60854.88375,112.4,2005,63,12.78,66.93
153455,Active,329868,NA,NA,D,6,1,2041224.378,51.6,2006,34,4,18.27
153456,Active,169563,NA,NA,D,4,1,1733063.47,81.95,2004,48,4,20.98
153457,Active,713065,NA,NA,D,0,0,725085.4188,141.75,2002,37,4.98,48.79
153458,Active,795718,NA,NA,D,7,1,114540.3438,73.95,2012,34,5.37,49.43
153459,Active,765598,NA,NA,S,4,1,2726492.158,157.95,2003,57,4,23.79
153460,Active,54725,NA,NA,D,5,1,739242.4363,266.95,2006,58,4,45.47
153461,Active,53151,NA,NA,D,6,1,343412.75,252.95,2008,50,4.84,113.76
153462,Active,533611,NA,NA,D,7,1,22114.2175,229.95,2012,80,8.99,48.55
153463,Active,2040793,NA,NA,D,3,1,140743.4863,52,2009,51,4.21,40.5
153464,Active,898811,NA,NA,D,2,1,613262.2975,47.95,2011,19,11.88,25.99
153465,Active,545118,NA,NA,D,2,1,1225759.153,40.95,2010,18,6.38,31.88
153466,Active,545119,NA,NA,D,2,1,583071.9688,40.95,2010,20,6.14,32.06
153467,Active,897170,NA,NA,D,2,1,382560.4925,47.95,2010,17,21.11,33.27
153468,Active,2253239,NA,NA,D,2,1,1793654.841,43.38,2008,51,8.82,42.97
153469,Active,246568,NA,NA,D,7,1,1863848.655,39.95,2006,44,4,28.82
153470,Active,258368,NA,NA,D,3,1,3128891.139,104,2002,37,4,13.5
153471,Active,118040,NA,NA,D,2,1,273374.6675,45.33,2005,57,4,11.99
153472,Active,631710,NA,NA,D,6,1,814768.0963,69.44,2007,28,4,44.23
153473,Active,132197,NA,NA,D,6,1,2539259.779,94.67,2006,57,4,5.12
153474,Active,538884,NA,NA,D,34,1,399089.6838,54.25,2013,44,4,40.75
153475,Active,111986,NA,NA,D,32,1,1749733.281,26.21,2011,27,4,26.21
153476,Active,551205,NA,NA,D,33,1,1458844.39,15.48,2012,35,4,14.96
153477,Active,127346,NA,NA,D,4,1,1422021.608,89.95,2008,64,4,12.73
153478,Active,129447,NA,NA,D,5,1,447532.0613,79.95,2011,67,4.97,8.79
153479,Active,535878,NA,NA,S,14,1,150604.875,168.95,2014,55,10.99,37.94
153480,Active,53279,NA,NA,D,12,1,428329.045,245.95,2010,49,4,31.99
153481,Active,540175,NA,NA,D,3,1,37824.8175,163.95,2013,53,53.84,85.24
153482,Active,540698,NA,NA,S,5,1,13774.295,188.8,2013,73,20.99,77.06
153483,Active,2392985,NA,NA,D,6,1,3586148.861,67.53,1990,23,4,49.11
153484,Active,3549234,NA,NA,D,7,1,1311457.55,92,1995,34,4.14,43.73
153485,Active,739081,NA,NA,D,8,1,1102327.511,102,1999,24,7.35,50.6
153486,Active,144329,NA,NA,D,9,1,1148789.971,145.33,2001,27,6.2,54
153487,Active,619027,NA,NA,S,1,0,491158.4663,46.66,2003,56,4,31.35
153488,Active,61146,NA,NA,D,3,1,185172.9388,107.2,2005,49,9.57,73.99
153489,Active,56603,NA,NA,D,2,1,2626200.924,4.18,2003,50,3.99,5.98
153490,Active,127328,NA,NA,D,2,1,327465.88,57.95,2008,67,4.73,43.77
153491,Active,153993,NA,NA,D,2,1,828150.0025,17.98,2008,22,7.16,17.98
153492,Active,591610,NA,NA,D,1,0,1274930.421,38.95,2004,31,4,33.99
153493,Active,875618,NA,NA,D,2,1,5255822.95,287.29,2008,36,10.13,103.73
153494,Active,625398,NA,NA,D,2,1,240935.2925,49.99,2006,17,7.98,29.91
153495,Active,663705,NA,NA,D,1,0,103609.3863,59.99,2013,32,31.98,33.98
153496,Active,2249401,NA,NA,D,6,1,789809.3263,86.5,2006,21,7.42,117.35
153497,Active,780335,NA,NA,D,4,1,2986468.009,79.95,1999,19,29.24,73.98
153498,Active,859490,NA,NA,D,1,0,825430.0375,8.75,2006,33,4,7.42
153499,Active,613329,NA,NA,D,3,1,1020188.51,30.67,2006,60,4,6.48
153500,Active,618564,NA,NA,D,4,1,239329.4175,35.67,2010,45,4,23.94
153501,Active,592218,NA,NA,D,3,1,1050875.623,168.95,2006,61,4,10.98
153502,Active,525006,NA,NA,D,4,1,758455.1438,143.95,2010,66,4,6.47
153503,Active,540431,NA,NA,D,7,1,3017.9425,40.99,2010,181,13.88,11.99
153504,Active,51739,NA,NA,D,6,1,23349.48625,21.92,2006,293,4,7.78
153505,Active,111312,NA,NA,D,3,1,560867.8425,33.28,2009,62,4,20.49
153506,Active,613279,NA,NA,D,2,1,738708.765,156.95,2006,57,4,24.45
153507,Active,621903,NA,NA,D,3,1,1068655.233,128.87,2012,28,6.74,10.02
153508,Active,557540,NA,NA,D,2,1,2101579.851,110,2008,24,4,8.53
153509,Active,287608,NA,NA,D,2,1,866767.1775,97.33,2009,88,4,12.09
153510,Active,525004,NA,NA,D,3,1,110916.6375,134,2011,63,17.69,27.49
153511,Active,633806,NA,NA,S,3,1,534013.9613,132.47,2012,19,12.95,62.89
153512,Active,622435,NA,NA,D,8,1,837179.0988,51.95,2005,24,4,18.39
153513,Active,114402,NA,NA,D,3,1,803181.8938,56.6,2001,40,4,16.98
153514,Active,265893,NA,NA,D,4,1,1679884.723,63,2003,86,4,15.28
153515,Active,557660,NA,NA,D,12,1,15160.49,113.6,2012,132,8.93,46.78
153516,Active,560974,NA,NA,D,2,1,1498013.173,53.33,2006,55,4,28.98
153517,Active,243987,NA,NA,D,7,1,10885.34125,195.95,2012,129,6.19,71.29
153518,Active,53549,NA,NA,D,7,1,683516.1263,82.8,2006,116,4,7
153519,Active,533571,NA,NA,D,9,1,39295.835,100,2011,117,7.84,53.99
153520,Active,561569,NA,NA,D,9,1,288754.1913,102.27,2012,18,30.47,89.54
153521,Active,1623064,NA,NA,D,1,0,69540.36375,101.95,2014,53,31.67,44.48
153522,Active,891403,NA,NA,D,2,1,291831.2525,80,2001,26,7.08,83.13
153523,Active,538000,NA,NA,D,2,1,356899.65,54.95,1999,79,4,9.98
153524,Active,275604,NA,NA,S,7,1,58127.28,67.5,2011,95,22.12,39.23
153525,Active,607841,NA,NA,S,5,1,119153.9113,51,1999,80,4,18.98
153526,Active,54781,NA,NA,S,6,1,68802.68625,67.8,2002,93,4,29.99
153527,Active,393911,NA,NA,D,2,1,504425.555,32.95,2004,65,11.33,89.27
153528,Active,1482317,NA,NA,D,2,1,1475747.774,91.33,2010,14,12.68,69.7
153529,Active,1516804,NA,NA,D,2,1,1803646.206,99.87,2012,22,6.98,43.92
153530,Active,1456065,NA,NA,D,3,1,991681.6713,152.33,2014,23,5.21,132.99
153531,Active,621581,NA,NA,D,2,1,306165.045,134.6,2013,38,6.21,23.32
153532,Active,295834,NA,NA,D,2,1,390673.52,65,2010,31,27.09,29.98
153533,Active,61091,NA,NA,D,8,1,680547.3413,139.95,2003,45,4,35.99
153534,Active,61092,NA,NA,D,3,1,2611830.525,91.8,2004,26,4,10.99
153535,Active,327716,NA,NA,D,7,1,1115665.539,21.98,2006,87,4,18.72
153536,Active,778348,NA,NA,D,3,1,495805.18,70.95,2005,26,6.8,18.98
153537,Active,141600,NA,NA,D,1,0,153887.315,38.51,2011,70,4,12.03
153538,Active,111096,NA,NA,D,2,1,1582284.605,6.22,2008,31,4,4.98
153539,Active,877032,NA,NA,S,6,1,776460.945,86.62,2009,37,14.28,94.23
153540,Active,614584,NA,NA,D,1,0,153700.305,90.5,2011,42,4.98,21.64
153541,Active,2620275,NA,NA,S,2,1,9254919.585,19.95,1996,29,3.99,7.77
153542,Active,561060,NA,NA,D,7,1,431044.6313,61.8,2007,45,4,42.94
153543,Active,607750,NA,NA,D,13,1,453059.7763,56.4,2009,58,4,38.09
153544,Active,54456,NA,NA,D,14,1,58093.31375,61.6,2011,94,5.91,32.99
153545,Active,61169,NA,NA,D,9,1,791972.0838,15.33,2006,80,4,7.51
153546,Active,878806,NA,NA,D,0,0,1040234.201,5.24,2010,41,4,5.25
153547,Active,543359,NA,NA,S,4,1,69232.66875,73.95,2010,45,32.77,52.93
153548,Active,592061,NA,NA,D,2,1,1353980.811,60,2008,19,4,51.36
153549,Active,2134644,NA,NA,D,0,0,632870.52,44.99,2010,33,4.55,22.95
153550,Active,123919,NA,NA,S,5,1,127010.3375,80.95,1996,160,4,23.96
153551,Active,524964,NA,NA,D,6,1,1771214.188,276,2009,16,50.94,113.82
153552,Active,192915,NA,NA,D,5,1,2362010.869,219,2004,11,10.62,79.35
153553,Active,534157,NA,NA,D,2,1,1033027.946,133.75,2011,58,4,27.89
153554,Active,610475,NA,NA,D,3,1,3422.5,22.99,2013,173,8.52,12.99
153555,Active,61096,NA,NA,D,4,1,2304817.195,99.33,2003,31,4,4.99
153556,Active,2112875,NA,NA,D,3,1,464520.3375,59.99,2012,16,38.98,42.48
153557,Active,54570,NA,NA,D,7,1,415889.8813,127.95,2009,127,4,8.01
153558,Active,533485,NA,NA,D,8,1,30389.64875,114.95,2012,125,4.93,38.48
153559,Active,54571,NA,NA,D,6,1,1380193.161,139.95,2005,82,4,6.99
153560,Active,132218,NA,NA,D,1,0,270991.4275,159.4,2011,46,35.14,78.94
153561,Active,715681,NA,NA,D,2,1,281402.99,122.87,2011,24,21.88,136.52
153562,Active,1855462,NA,NA,D,6,1,731587.1638,49.99,2010,35,5.37,28.71
153563,Active,802628,NA,NA,D,5,1,1190847.959,49.99,2007,31,4,11.52
153564,Active,910381,NA,NA,S,1,0,326365.035,42.4,2014,31,4.57,12.07
153565,Active,909506,NA,NA,D,1,0,2253809.621,42.4,2013,18,4.58,11.88
153566,Active,617771,NA,NA,S,1,0,70153.9975,193.8,2013,45,28.29,81.78
153567,Active,863273,NA,NA,D,2,1,1006887.349,51.95,2005,30,4.74,48.98
153568,Active,177852,NA,NA,D,1,0,498445.1,152.95,2003,50,6.99,0
153569,Active,555915,NA,NA,D,2,1,2593714.911,67.95,2008,21,4,44.45
153570,Active,3133556,NA,NA,D,1,0,220302.4263,18.99,2002,45,6.9,13.97
153571,Active,672573,NA,NA,D,1,0,4612.57,14.99,2003,617,4,7.49
153572,Active,327487,NA,NA,D,0,0,720637.96,24.99,2008,45,4.26,31.97
153573,Active,1499056,NA,NA,D,0,0,1610916.181,69.99,2006,13,6.32,103.82
153574,Active,2703464,NA,NA,D,3,1,4299791.556,123.45,2004,15,6.84,33.98
153575,Active,538540,NA,NA,S,9,1,77022.19875,247,2012,52,29,40.19
153576,Active,659343,NA,NA,D,3,1,1628653.628,97.95,2003,13,33.73,81.58
153577,Active,217202,NA,NA,D,0,0,53271.52875,82,2003,56,26.43,56.98
153578,Active,248908,NA,NA,D,0,0,1872663.184,85.95,2007,24,5.07,30.89
153579,Active,147120,NA,NA,D,1,0,349431.255,73.95,2005,28,39.79,0
153580,Active,113171,NA,NA,D,0,0,55461.38125,89.95,2011,93,8.54,22.65
153581,Active,256778,NA,NA,S,0,0,550794.16,64.95,2004,108,4,10.94
153582,Active,58313,NA,NA,D,0,0,247899.1688,89.95,2008,108,4.89,40.32
153583,Active,58312,NA,NA,D,0,0,735522.2725,64.95,2007,61,4,13.98
153584,Active,610428,NA,NA,S,0,0,11850.39125,222.95,2013,169,5.67,33.99
153585,Active,594677,NA,NA,D,1,0,597469.8938,186.95,2012,42,12.14,75.63
153586,Active,530341,NA,NA,D,0,0,202140.535,49,2012,143,4,13.44
153587,Active,530342,NA,NA,D,0,0,311845.3213,45,2011,125,4,25.49
153588,Active,106821,NA,NA,D,0,0,476167.21,45,2010,82,4,11.19
153589,Active,248033,NA,NA,D,1,0,900163.2963,93.95,2008,56,11.8,30.98
153590,Active,603424,NA,NA,D,0,0,818666.59,54.95,2008,36,4,23.99
153591,Active,547192,NA,NA,D,0,0,181460.885,54.95,2011,27,18.47,113.99
153592,Active,294185,NA,NA,D,2,1,297256.0975,68.99,0,44,11.66,44.02
153593,Active,610326,NA,NA,D,0,0,284053.6788,54.95,2014,75,5.48,17.49
153594,Active,529160,NA,NA,D,0,0,398177.865,52.95,2013,107,4,14.18
153595,Active,867185,NA,NA,S,0,0,24667.12875,54.95,2015,60,9.27,17.99
153596,Active,615626,NA,NA,D,0,0,356346.3175,48.95,2012,91,4,5.87
153597,Active,112251,NA,NA,D,0,0,642231.5,126.5,2005,82,4,42.76
153598,Active,203594,NA,NA,D,1,0,426579.4275,50.95,2004,30,4,48.92
153599,Active,1780915,NA,NA,D,0,0,65255.275,79.95,2014,85,15.98,22.99
153600,Active,924459,NA,NA,D,0,0,80663.6725,49.99,2014,22,13.58,32.86
153601,Active,802523,NA,NA,S,0,0,5450186.306,49.99,2004,21,4.21,13.49
153602,Active,2560882,NA,NA,D,0,0,522814.4188,195,1994,40,12.25,36.98
153603,Active,2899610,NA,NA,D,0,0,974407.6438,32.5,1990,29,33.66,86.66
153604,Active,232057,NA,NA,D,1,0,1110393.494,115,2001,26,7.63,62.77
153605,Active,525385,NA,NA,D,0,0,761997.565,49.99,2012,29,4,22.34
153606,Active,649923,NA,NA,D,0,0,1015078.89,125,2012,26,4,51.84
153607,Active,673191,NA,NA,S,0,0,164861.7625,19.99,2013,144,3.98,0
153608,Active,609795,NA,NA,S,18,1,1206987.736,99.95,2010,29,4.51,30.44
153609,Active,609672,NA,NA,S,5,1,887608.4888,69.95,2009,30,10.04,37.94
153610,Active,132591,NA,NA,D,5,1,928369.9938,63.2,2008,52,4,32.21
153611,Active,609155,NA,NA,D,2,1,316350.485,77.95,2003,83,4,7.99
153612,Active,144076,NA,NA,S,4,1,428870.3775,95,1997,31,6.49,283.93
153613,Active,126153,NA,NA,D,2,1,744772.875,129,2001,24,5.66,45.99
153614,Active,203868,NA,NA,D,3,1,618217.2263,225,2006,45,5.57,49.83
153615,Active,551306,NA,NA,S,0,0,262986.03,169.75,2006,55,11.85,53.99
153616,Active,149557,NA,NA,D,3,1,1501139.17,54.95,2004,20,12.74,48.97
153617,Active,618002,NA,NA,D,17,1,401517.7475,56.95,2005,89,4,26.42
153618,Active,246742,NA,NA,D,3,1,151798.6663,54.95,2008,55,4.21,22.79
153619,Active,50577,NA,NA,S,5,1,413964.6825,85.95,2004,79,4,24.76
153620,Active,244022,NA,NA,D,7,1,609233.3088,171.95,2011,133,4,17.44
153621,Active,540250,NA,NA,S,10,1,380850.225,69.95,2010,25,35.34,43.06
153622,Active,163761,NA,NA,S,0,0,33781.8,80,2001,45,31.62,43.12
153623,Active,154042,NA,NA,S,8,1,9012.18625,58.5,2011,182,5.97,18.26
153624,Active,60017,NA,NA,D,7,1,1753356.873,111.95,2006,38,4,23.98
153625,Active,179188,NA,NA,D,8,1,998433.6513,142.95,2009,54,4,41.62
153626,Active,616732,NA,NA,D,4,1,183302.7075,73.95,2010,77,8.47,68.86
153627,Active,51608,NA,NA,D,5,1,485716.105,51.2,2006,46,4,64.89
153628,Active,2415889,NA,NA,S,0,0,249232.275,150,1993,54,6.04,50.99
153629,Active,52418,NA,NA,S,9,1,397201.7963,12.41,2003,74,4,11.18
153630,Active,722473,NA,NA,D,2,1,594596.2138,61.95,2007,44,6.61,54.71
153631,Active,907793,NA,NA,S,0,0,274316.8413,24.99,2014,76,4,10.45
153632,Active,536645,NA,NA,S,0,0,669501.8575,24.99,2012,92,4,10.25
153633,Active,679732,NA,NA,S,0,0,365621.9975,24.99,2013,117,4,13.06
153634,Active,533245,NA,NA,S,0,0,809108.1413,22.99,2011,98,4,10.96
153635,Active,2167502,NA,NA,S,4,1,297173.355,50,2014,34,11.88,31.52
153636,Active,2867819,NA,NA,S,3,1,464799.3625,19.95,2003,76,4,18.5
153637,Active,796806,NA,NA,D,0,0,751567.0088,49.99,2012,23,43.34,43.1
153638,Active,796677,NA,NA,D,0,0,589245.3563,49.99,2011,16,28.06,51.49
153639,Active,294161,NA,NA,S,1,0,12419.58,62.99,2010,84,15.98,0
153640,Active,2205758,NA,NA,S,0,0,361998.275,59.99,2014,12,34.75,43.44
153641,Active,533262,NA,NA,S,2,1,819194.8763,19.95,2012,38,4,0
153642,Active,635288,NA,NA,S,3,1,279315.1075,67,2006,25,21.99,25.33
153643,Active,2340176,NA,NA,D,0,0,845946.055,70.1,1972,29,20.79,68.99
153644,Active,861846,NA,NA,S,3,1,36891.37375,65.95,2014,77,7.18,21.68
153645,Active,611658,NA,NA,S,3,1,155217.7913,51.95,2014,49,16.16,40.21
153646,Active,252041,NA,NA,S,1,0,861614.6225,55.95,2008,36,4,0
153647,Active,861847,NA,NA,S,3,1,176301.07,51.95,2014,42,4.48,31.99
153648,Active,170203,NA,NA,S,2,1,1259689.213,49.95,2011,75,4,8.69
153649,Active,533259,NA,NA,S,2,1,222178.985,99.99,2012,147,43.06,46.73
153650,Active,2119981,NA,NA,D,0,0,3059775.446,166.86,2009,19,4.96,63.03
153651,Active,779412,NA,NA,S,4,1,520024.8688,35,2011,59,4.05,22.25
153652,Active,779374,NA,NA,S,5,1,746176.9713,35,2008,94,4,19.74
153653,Active,779388,NA,NA,S,2,1,77889.5,35,2009,30,8.27,19.98
153654,Active,3822502,NA,NA,D,2,1,3155104,36,1997,25,4.73,67.54
153655,Active,106576,NA,NA,S,2,1,506107.305,16,2007,33,4.97,0
153656,Active,533255,NA,NA,S,2,1,746172.3525,29.95,2011,36,4,0
153657,Active,222341,NA,NA,S,1,0,204478.7275,30,2008,41,5.98,12.93
153658,Active,587769,NA,NA,S,0,0,15492.87875,34.95,2012,36,22.59,0
153659,Active,300381,NA,NA,S,6,1,187070.0625,12.99,2009,83,6.57,0
153660,Active,609811,NA,NA,S,3,1,5817060.861,29.95,2008,22,4,47.59
153661,Active,533250,NA,NA,S,2,1,27780.0275,35,2010,37,16.91,0
153662,Active,909367,NA,NA,D,1,0,1631709.514,38.35,1995,38,5.59,38.69
153663,Active,247712,NA,NA,S,2,1,997286.2025,39.95,2006,26,4,0
153664,Active,533246,NA,NA,S,2,1,84510.89875,51,2011,45,23.98,33.98
153665,Active,334614,NA,NA,D,1,0,1564265.226,104.95,1999,32,4,19.99
153666,Active,779178,NA,NA,S,5,1,392835.2938,13.99,2008,77,4,6.45
153667,Active,247988,NA,NA,S,2,1,169566.5888,44.95,2008,33,6.9,0
153668,Active,178615,NA,NA,S,7,1,383688.9475,85.95,2006,30,25.92,52.59
153669,Active,633443,NA,NA,S,1,0,24727.075,102,2005,19,52.19,69.81
153670,Active,533243,NA,NA,D,2,1,806590.6663,70,2009,23,33.74,92.33
153671,Active,203538,NA,NA,D,0,0,1020985.456,44.95,2003,29,4,27.2
153672,Active,664217,NA,NA,S,4,1,234406.3213,42.95,2013,26,18.99,19.74
153673,Active,3563262,NA,NA,S,0,0,382558.2,49.95,2005,87,4.93,9.09
153674,Active,805236,NA,NA,S,0,0,263577.415,65,2007,98,6.76,24.93
153675,Active,645924,NA,NA,S,2,1,783267.2063,39.95,2006,27,7.78,27.99
153676,Active,737762,NA,NA,D,1,0,581974.9563,38,2008,48,5.46,53.13
153677,Active,864969,NA,NA,S,2,1,147109.7713,41,2013,42,18.99,37.02
153678,Active,866443,NA,NA,S,2,1,2031904.828,44.95,2008,25,4,14.17
153679,Active,922555,NA,NA,D,0,0,202510.7088,7.95,2008,35,4,7.95
153680,Active,907032,NA,NA,D,0,0,800292.1438,9.95,2007,19,8.5,9.95
153681,Active,622643,NA,NA,S,2,1,424472.515,81,2011,25,18.65,0
153682,Active,641368,NA,NA,S,3,1,377900.0013,133,2004,30,20.78,97.05
153683,Active,545263,NA,NA,S,1,0,952695.7913,91.95,2009,57,4,18.97
153684,Active,2021106,NA,NA,D,1,0,1241550.451,37,2009,21,28.27,54.52
153685,Active,3791417,NA,NA,D,0,0,2982851.4,0,2010,22,5.94,137.21
153686,Active,633131,NA,NA,S,1,0,479902.875,42,2011,24,19.23,23.01
153687,Active,2023800,NA,NA,S,11,1,1337705.793,49.99,2010,96,3.78,4.49
153688,Active,663754,NA,NA,D,1,0,1111759.618,57.95,2013,17,4.99,31.98
153689,Active,663123,NA,NA,S,1,0,101999.025,183,2013,43,7.14,7.39
153690,Active,2165418,NA,NA,S,0,0,2257256.275,144.95,2011,24,7.18,50.58
153691,Active,1918217,NA,NA,S,8,1,887494.6325,44.99,2013,27,4.8,8.97
153692,Active,655230,NA,NA,S,0,0,807335.6288,99.95,2013,44,4,0
153693,Active,663200,NA,NA,D,1,0,441516.2975,112,2013,94,4,18.99
153694,Active,389216,NA,NA,S,1,0,468295.015,90.95,2010,22,6.54,46.61
153695,Active,2022170,NA,NA,D,20,1,774548.62,39.95,2014,16,8.98,18.98
153696,Active,2022179,NA,NA,S,21,1,653359.9263,39.95,2015,13,27.79,39.93
153697,Active,2105406,NA,NA,S,0,0,511264.58,41,2014,75,4,18.99
153698,Active,2061557,NA,NA,S,0,0,105208.925,79.95,2014,31,8.06,17.99
153699,Active,867218,NA,NA,S,0,0,780872.4838,83.95,2015,48,4,8.33
153700,Active,1519322,NA,NA,S,1,0,702628.5925,99.95,2015,63,4.39,10.57
153701,Active,1918274,NA,NA,S,25,1,337910.2938,42.99,2014,33,9.46,15.16
153702,Active,3635010,NA,NA,S,1,0,13548,29.99,2016,13,20.08,19.87
153703,Active,3504369,NA,NA,S,1,0,71885.575,94.95,2015,20,35.94,35.98
153704,Active,2965691,NA,NA,S,10,1,601518.5,55,2015,17,17.62,34.98
153705,Active,296045,NA,NA,S,2,1,236682.93,57.95,1995,38,12.81,0
153706,Active,622740,NA,NA,S,1,0,66646,80,2007,41,32.05,47.32
153707,Active,865164,NA,NA,S,2,1,1112922.345,102.4,2003,72,4,11.7
153708,Active,153827,NA,NA,D,2,1,1404063.39,19.99,2006,46,4,20.99
153709,Active,153992,NA,NA,D,3,1,321361.1313,72.62,2010,101,5.21,47.12
153710,Active,625614,NA,NA,D,4,1,81563.025,109.75,2013,75,4.73,55.69
153711,Active,154010,NA,NA,D,3,1,844259.4125,10.94,2010,77,4,8.97
153712,Active,637573,NA,NA,D,4,1,91910.9375,109.75,2013,69,4.99,0
153713,Active,1989604,NA,NA,S,2,1,199639.3838,49.99,2014,28,31.44,32.51
153714,Active,126064,NA,NA,S,1,0,1354410.858,57.95,2000,55,4,8.93
153715,Active,106747,NA,NA,S,1,0,143098.635,52,2009,62,19.74,31.72
153716,Active,801081,NA,NA,S,2,1,1848376.43,37.95,2008,52,4,24.49
153717,Active,541538,NA,NA,S,1,0,41352.0325,42.95,2009,27,35.48,0
153718,Active,734277,NA,NA,S,0,0,1824871.789,18.47,2002,51,4,18.47
153719,Active,432399,NA,NA,S,2,1,834626.1775,30.97,2008,71,4,20.34
153720,Active,630523,NA,NA,S,3,1,67410.88,38.25,2013,38,17.74,30.13
153721,Active,574216,NA,NA,S,4,1,608634.2225,54.95,2012,30,24.46,39.98
153722,Active,898698,NA,NA,S,0,0,181168.9625,49.98,2014,10,38.95,48.99
153723,Active,652434,NA,NA,D,0,0,633817.845,49.98,2013,35,8.94,41.99
153724,Active,765601,NA,NA,S,0,0,49316.7,0,2003,12,6.48,0
153725,Active,616048,NA,NA,S,1,0,215000.475,119.95,2006,24,53.91,73.86
153726,Active,549716,NA,NA,S,0,0,76603.5225,30,2011,39,8.22,0
153727,Active,1574764,NA,NA,S,3,1,34392.825,65.95,2008,16,33.99,50.51
153728,Active,702045,NA,NA,S,1,0,407566.5238,25,2010,54,6.59,12.05
153729,Active,533226,NA,NA,S,2,1,963019.8488,27.95,2008,21,7.81,0
153730,Active,253882,NA,NA,S,2,1,1463143.718,153.95,2009,48,4,9.94
153731,Active,544825,NA,NA,D,4,1,469741.4013,145.95,2013,131,4,12.93
153732,Active,617904,NA,NA,D,3,1,1713759.044,116.95,2012,34,4,5.92
153733,Active,313727,NA,NA,S,1,0,358918.0538,57.2,2006,23,28.99,0
153734,Active,765801,NA,NA,D,2,1,1663572.501,112.95,2005,16,4.98,25.48
153735,Active,650160,NA,NA,S,6,1,963024.4038,44.67,2006,27,4,24.53
153736,Active,633268,NA,NA,S,7,1,359764.635,231.19,2009,30,25.89,68.99
153737,Active,129749,NA,NA,S,3,1,552717.5163,76,1999,37,5.74,51.6
153738,Active,112937,NA,NA,S,2,1,563262.94,94.95,2006,40,9.51,53.25
153739,Active,135593,NA,NA,D,0,0,1653530.685,54.95,2006,54,4,13.99
153740,Active,135650,NA,NA,D,2,1,1313986.076,49.95,2009,33,4,4.79
153741,Active,533221,NA,NA,S,3,1,1226318.714,55,2009,28,10.41,38.13
153742,Active,514616,NA,NA,S,1,0,1195759.968,130,2011,34,18.77,0
153743,Active,533220,NA,NA,S,2,1,256965.9263,76.95,2011,65,47.47,58.91
153744,Active,627460,NA,NA,S,2,1,1364113.11,57.95,2009,30,6.17,34.3
153745,Active,639911,NA,NA,S,2,1,243454.0863,53.95,2011,34,13.4,31.07
153746,Active,754624,NA,NA,D,1,0,2224852.424,105,2009,17,7.09,33.9
153747,Active,702500,NA,NA,S,3,1,758302.1975,135,2014,30,13.77,29.89
153748,Active,859800,NA,NA,S,4,1,1006192.016,150.95,2009,19,5.97,38.98
153749,Active,618549,NA,NA,S,2,1,14758.48375,38.25,2012,60,15.79,17.99
153750,Active,627922,NA,NA,S,4,1,14265.6225,38.25,2012,75,16.94,28.64
153751,Active,873634,NA,NA,S,2,1,633610.2988,8.27,2004,95,4,8.28
153752,Active,734745,NA,NA,S,3,1,532986.045,153.79,2009,22,4.92,46.53
153753,Active,432413,NA,NA,S,3,1,48500.57625,58.54,2008,74,4,15.63
153754,Active,539143,NA,NA,D,1,0,399102.155,34.4,2009,34,14.15,57.77
153755,Active,866320,NA,NA,S,2,1,12513.1775,37.2,2014,25,32.81,28.42
153756,Active,658044,NA,NA,S,7,1,632831.5475,74.95,2013,20,33.73,47.34
153757,Active,672780,NA,NA,S,6,1,453785.5525,18.95,2013,77,4,8.94
153758,Active,908919,NA,NA,S,7,1,364180.2875,18.95,2014,52,5.24,10.96
153759,Active,865391,NA,NA,S,6,1,300668.435,18.95,2014,66,4,8.69
153760,Active,1436748,NA,NA,S,4,1,496165.205,18.95,2011,114,4,12.99
153761,Active,866676,NA,NA,S,6,1,177275.3,18.95,2014,70,4,10.98
153762,Active,285074,NA,NA,S,4,1,227111.97,18.95,2011,87,4,33.5
153763,Active,902079,NA,NA,S,6,1,87512.32,18.95,2014,60,4.64,14.61
153764,Active,702131,NA,NA,S,4,1,1023637.835,27.95,2011,40,4,10.99
153765,Active,865392,NA,NA,S,6,1,85299.03125,18.95,2014,56,5.29,9
153766,Active,672936,NA,NA,S,5,1,322783.1388,18.95,2013,68,4,13.77
153767,Active,1437317,NA,NA,S,6,1,113100.3013,18.95,2014,90,4,13.99
153768,Active,660882,NA,NA,S,4,1,1679.13125,38.25,2013,118,15.86,28.57
153769,Active,560016,NA,NA,S,0,0,155217.3513,35.5,2005,55,5.47,26.93
153770,Active,142063,NA,NA,D,3,1,20036.1775,45.89,2010,150,7.32,37.13
153771,Active,614957,NA,NA,D,0,0,66131.07875,43.38,2003,72,4,23.99
153772,Active,634693,NA,NA,S,1,0,781888.0488,115.95,2009,24,32.94,0
153773,Active,915685,NA,NA,S,3,1,31666.285,35.6,2014,44,24.93,30.49
153774,Active,533405,NA,NA,S,4,1,23175.68125,42,2012,37,27.9,27.99
153775,Active,863450,NA,NA,D,2,1,1688119.844,33,2007,25,4,17.97
153776,Active,644895,NA,NA,S,3,1,248236.3538,45.4,2011,24,26.54,34
153777,Active,117349,NA,NA,D,2,1,340478.3075,36.4,2006,29,4,45.15
153778,Active,121225,NA,NA,D,3,1,328058.165,57.2,2010,75,5.71,50.8
153779,Active,644363,NA,NA,S,3,1,95747.2275,40.4,2013,44,21.45,31.25
153780,Active,655346,NA,NA,S,2,1,532217.85,39.95,2012,13,47.7,0
153781,Active,631310,NA,NA,S,3,1,442447.5575,41.95,2008,32,22.02,37.51
153782,Active,266198,NA,NA,S,0,0,708525.7525,32.5,2004,26,7.36,10.99
153783,Active,1673245,NA,NA,S,6,1,196271.4238,16.99,2007,248,4,6.95
153784,Active,859494,NA,NA,S,4,1,37989.32125,18.99,2007,81,7.95,0
153785,Active,1673244,NA,NA,S,3,1,175454.5475,18.99,2007,65,4,9.37
153786,Active,2731422,NA,NA,S,2,1,173453.605,18.99,2005,59,8.07,10.59
153787,Active,58322,NA,NA,S,6,1,84733.2,16.99,2007,240,4,7.88
153788,Active,58321,NA,NA,S,5,1,23417.055,16.99,2003,378,4,11.88
153789,Active,366583,NA,NA,S,5,1,828814.2588,12.99,2005,34,4,0
153790,Active,1439936,NA,NA,S,7,1,167470.0575,164.98,2010,11,29.77,23.99
153791,Active,878603,NA,NA,S,20,1,335471.5363,99.99,2012,28,16.98,43.29
153792,Active,747596,NA,NA,S,3,1,649472.6563,45,2003,34,16.35,45.67
153793,Active,1908319,NA,NA,S,5,1,100239.4238,13.99,2013,60,4.65,7.98
153794,Active,647364,NA,NA,D,6,1,435850.4725,71.95,2010,23,5.92,74.2
153795,Active,195490,NA,NA,S,2,1,9855.62375,15.95,2004,629,4,9.94
153796,Active,184035,NA,NA,S,1,0,2846266.955,174.95,2005,20,4,6.49
153797,Active,1780730,NA,NA,S,1,0,157974.7738,173.75,2014,22,65.38,128.98
153798,Active,163352,NA,NA,D,1,0,48539.85875,173.75,2010,65,7.98,43.99
153799,Active,1780729,NA,NA,S,1,0,62836.3325,173.75,2014,19,50.29,53.93
153800,Active,549926,NA,NA,S,1,0,100874.0275,74,2006,58,13.51,0
153801,Active,107306,NA,NA,S,8,1,3263267.459,9.99,2000,36,4,9.99
153802,Active,110220,NA,NA,D,11,1,114507.9375,39.35,2009,88,4,22.99
153803,Active,416644,NA,NA,S,12,1,43484.5475,74,2012,65,27.48,55.16
153804,Active,2256317,NA,NA,D,9,1,746206.0275,38.71,2009,34,5.59,32.52
153805,Active,607076,NA,NA,D,9,1,298301.78,22.98,2009,120,4,21.84
153806,Active,60001,NA,NA,D,10,1,1085904.999,8.19,2006,65,4,8.19
153807,Active,561015,NA,NA,S,2,1,93510.12,74.4,2005,96,6.93,23.69
153808,Active,542340,NA,NA,S,2,1,87583.2,44.95,2005,66,6.8,27.08
153809,Active,121711,NA,NA,D,0,0,1226049.126,130.6,1999,30,9.77,31.99
153810,Active,551921,NA,NA,D,4,1,322138.6475,153.6,2002,33,4.97,80
153811,Active,627687,NA,NA,D,3,1,2028342.018,125,2000,20,6.82,43.94
153812,Active,859985,NA,NA,S,10,1,147856.2088,216.75,2010,27,13.52,18.89
153813,Active,916933,NA,NA,D,3,1,529954.865,101.61,2010,39,25.97,81.79
153814,Active,1453178,NA,NA,S,1,0,35898.9,53.2,2014,13,41.57,42.94
153815,Active,127111,NA,NA,D,2,1,424680.1175,64.95,2007,99,4,26.07
153816,Active,617674,NA,NA,S,0,0,451711.1588,48.95,2007,46,4.28,9.99
153817,Active,126397,NA,NA,S,3,1,212973.4938,49.5,2002,25,35.98,43.73
153818,Active,120589,NA,NA,D,2,1,392260.745,119,2007,42,4,34.23
153819,Active,291489,NA,NA,S,6,1,206374.9875,214.95,1995,42,12.24,64.04
153820,Active,637842,NA,NA,S,2,1,772222.2125,74.95,2011,33,21.98,48.99
153821,Active,608577,NA,NA,D,3,1,721220.4463,103.95,2003,49,4,15.98
153822,Active,793533,NA,NA,D,2,1,1527669.041,78.95,2004,31,4.07,63.4
153823,Active,113869,NA,NA,D,1,0,443946.68,33.8,2002,24,4,12.99
153824,Active,132830,NA,NA,S,3,1,94619.67625,55.6,2009,55,13.95,37.43
153825,Active,904018,NA,NA,D,2,1,1203833.976,39.95,2004,21,6.87,47.82
153826,Active,3471081,NA,NA,D,0,0,2645067.9,96.95,2005,22,22.41,88.76
153827,Active,184827,NA,NA,D,1,0,234382.7425,40,2003,72,15.94,25.48
153828,Active,58130,NA,NA,D,2,1,727258.0938,254.95,1996,66,4,43.89
153829,Active,2670792,NA,NA,S,3,1,481256.8088,87,1997,26,4,99.48
153830,Active,168926,NA,NA,S,2,1,14109.26375,18.95,2010,38,8.48,11.48
153831,Active,911101,NA,NA,S,2,1,263511.89,102.6,1989,18,14.65,90.99
153832,Active,176873,NA,NA,D,3,1,1956004.26,139.95,2000,31,4.13,12.99
153833,Active,246362,NA,NA,S,3,1,225805.9363,54.95,2004,32,12.29,0
153834,Active,2062984,NA,NA,S,0,0,955196.6875,29.99,2013,27,26.94,29.21
153835,Active,532388,NA,NA,S,4,1,106570.4563,79.99,1998,52,10.2,27.24
153836,Active,54648,NA,NA,S,0,0,78241.355,73.6,2010,62,11.53,25.99
153837,Active,117672,NA,NA,S,1,0,1064911.171,148.53,2006,80,4,26.19
153838,Active,532361,NA,NA,D,6,1,296778.5075,80.2,2011,80,4.31,83.44
153839,Active,127574,NA,NA,D,2,1,1032935.599,44.95,2009,22,8.93,44.95
153840,Active,874072,NA,NA,D,3,1,259498.9188,272.17,2006,16,10.1,101.92
153841,Active,2397610,NA,NA,S,2,1,1256614.518,69.95,1988,82,4,10.89
153842,Active,183701,NA,NA,D,2,1,410727.4388,157.95,2006,35,4.49,74.47
153843,Active,532360,NA,NA,S,2,1,821255.2588,46.95,2009,24,15.73,31.01
153844,Active,291648,NA,NA,D,2,1,1369614.384,66.95,2005,22,4,73.93
153845,Active,183702,NA,NA,D,2,1,1103246.548,166.95,2006,27,5.9,92.79
153846,Active,124040,NA,NA,S,8,1,1872190.15,75.95,2001,27,4,45.87
153847,Active,178140,NA,NA,S,9,1,154511.1313,196.95,2004,51,4.64,46.86
153848,Active,178141,NA,NA,S,9,1,419567.0338,134.95,2004,35,4.31,67.53
153849,Active,178142,NA,NA,S,9,1,382607.5213,134.95,2004,27,4,68.69
153850,Active,145589,NA,NA,S,5,1,375201.4413,83.8,2006,65,4,33.8
153851,Active,145588,NA,NA,S,5,1,1316765.234,83.8,2006,53,4,19.49
153852,Active,61193,NA,NA,D,3,1,726917.2975,79.18,2004,31,4,44.45
153853,Active,161582,NA,NA,D,4,1,211069.3225,87.22,2007,33,14.94,73.61
153854,Active,532357,NA,NA,S,5,1,587485.9913,51.5,2011,39,23.18,23.99
153855,Active,161921,NA,NA,S,4,1,1823431.18,155.17,2007,23,36.5,151.87
153856,Active,129487,NA,NA,D,2,1,36845.55,64.95,2011,71,4.78,47.72
153857,Active,320290,NA,NA,D,1,0,757421.2975,54.95,2008,59,4.19,76.46
153858,Active,639688,NA,NA,D,1,0,539101.8063,128.95,2013,52,4.46,62.43
153859,Active,247967,NA,NA,S,1,0,334215.7925,67,2007,19,26.47,59.56
153860,Active,229266,NA,NA,D,2,1,472359.8775,72,2007,34,12.65,62.15
153861,Active,735040,NA,NA,S,5,1,1318625.555,132.18,2011,16,8.79,23.98
153862,Active,618838,NA,NA,S,8,1,373233.9788,97.95,2004,44,4,0
153863,Active,293859,NA,NA,D,3,1,1071470.979,185.95,2007,32,4.48,97.07
153864,Active,714495,NA,NA,D,2,1,4200996.3,26,2002,37,3.82,12.99
153865,Active,120871,NA,NA,S,3,1,138779.2475,50.4,2008,28,30.82,0
153866,Active,2116659,NA,NA,D,2,1,5676252.9,58,2009,24,4.97,20.46
153867,Active,115740,NA,NA,D,2,1,1242278.509,80.6,2003,51,4,13.49
153868,Active,114621,NA,NA,S,10,1,348702.2013,149.8,2003,32,5.66,16.98
153869,Active,717389,NA,NA,S,4,1,3732779.188,35.95,1998,22,4,23.05
153870,Active,123978,NA,NA,S,5,1,1164041.56,110.95,2001,34,4,23.97
153871,Active,669113,NA,NA,S,0,0,82161.6875,60,2011,32,32.01,32.9
153872,Active,563236,NA,NA,S,2,1,176734.42,94.95,1998,40,35.11,57.52
153873,Active,188189,NA,NA,S,2,1,348343.0838,63,1999,145,3.98,23.54
153874,Active,2578657,NA,NA,D,1,0,6416636.339,140,1988,16,5.54,131.95
153875,Active,789585,NA,NA,D,4,1,2335608.76,59,2005,35,4,5.39
153876,Active,3112458,NA,NA,D,1,0,2216871.703,70,2005,16,22.74,62.58
153877,Active,158301,NA,NA,D,5,1,567960.86,76.95,2009,59,4,10.99
153878,Active,118718,NA,NA,D,1,0,354192.89,78.4,1995,50,4,26.94
153879,Active,58186,NA,NA,S,2,1,2897.175,33,2007,56,15.18,17.08
153880,Active,872469,NA,NA,S,7,1,42814.12375,60.5,2014,40,34.2,47.49
153881,Active,285305,NA,NA,S,3,1,581918.4038,52.57,1999,30,4,43.98
153882,Active,290866,NA,NA,S,2,1,418774.8525,161.95,2005,58,4,33.94
153883,Active,184260,NA,NA,D,0,0,657555.305,59.95,1996,46,4,29.66
153884,Active,531786,NA,NA,S,2,1,1056393.146,56.95,2012,31,25.31,38.15
153885,Active,572514,NA,NA,S,1,0,73411.38,54.95,1993,47,7.72,23.99
153886,Active,659751,NA,NA,S,0,0,703121.7038,61.95,2003,32,5.92,47.13
153887,Active,254448,NA,NA,S,1,0,176569.2125,55.95,2010,25,25.49,28.59
153888,Active,2648322,NA,NA,D,1,0,5187502.181,239.95,2001,18,38.91,169.51
153889,Active,2649601,NA,NA,D,0,0,856772.795,57.95,2001,50,8.16,17.99
153890,Active,246471,NA,NA,S,0,0,503887.45,57.95,2005,18,37.48,37.49
153891,Active,912721,NA,NA,S,1,0,1996234.038,56.95,2010,16,40.35,44.2
153892,Active,594463,NA,NA,D,5,1,383070.3213,35,2011,27,16.03,27.67
153893,Active,142720,NA,NA,D,5,1,414051.665,60,2010,26,15.53,163.98
153894,Active,137783,NA,NA,D,4,1,177928.4075,29.95,2006,25,8.34,30.86
153895,Active,2146757,NA,NA,S,0,0,545468.7875,20,2009,17,19.04,18.29
153896,Active,125730,NA,NA,D,2,1,1868155.735,75,1998,47,4,47.43
153897,Active,100911,NA,NA,D,2,1,283850.4288,76.95,1997,28,4,52.37
153898,Active,1692416,NA,NA,S,31,1,312996.4788,200.26,2009,11,6.26,148.26
153899,Active,262742,NA,NA,S,3,1,121805.9125,61.95,2008,29,45.98,0
153900,Active,607570,NA,NA,S,3,1,1284710.714,39.95,1997,34,4,19.49
153901,Active,2103077,NA,NA,S,2,1,30197.325,35,2014,32,15.96,15.99
153902,Active,608565,NA,NA,S,2,1,1863747.125,73.95,1998,32,4,49.05
153903,Active,2596016,NA,NA,S,0,0,846904.9438,57.99,1991,18,17,142.08
153904,Active,864931,NA,NA,S,2,1,104218.5788,27.99,2014,22,21.34,23.8
153905,Active,254385,NA,NA,D,2,1,268915.1888,29.95,2011,28,11.75,23.39
153906,Active,174351,NA,NA,D,1,0,42463.27125,29.99,2010,46,14.84,21.04
153907,Active,907187,NA,NA,D,1,0,666928.285,104.99,2010,17,27.94,75.16
153908,Active,195198,NA,NA,S,2,1,610189.5138,27.95,2010,33,4,45.49
153909,Active,299924,NA,NA,S,4,1,632770.2263,59.95,2010,34,5.86,43.99
153910,Active,131975,NA,NA,D,0,0,2400406.269,68.8,2005,30,4,53.65
153911,Active,880530,NA,NA,D,10,1,903095.085,44.65,2008,29,6.84,23.94
153912,Active,169775,NA,NA,D,10,1,25128.44375,139.95,2007,124,7.98,36.74
153913,Active,127630,NA,NA,D,1,0,376777.5625,89.95,2007,107,4,36.81
153914,Active,127656,NA,NA,D,2,1,49447.4325,92.95,2011,67,9.47,35.47
153915,Active,1506864,NA,NA,S,3,1,49584.69875,36,2013,34,11.94,36
153916,Active,292629,NA,NA,D,0,0,2589817.936,43.95,1997,23,4.35,52.81
153917,Active,254386,NA,NA,D,0,0,608441.3838,49.95,2011,31,7.96,60.43
153918,Active,594461,NA,NA,D,0,0,924476.6913,29.95,2011,28,5.91,21.98
153919,Active,895360,NA,NA,D,0,0,1196085.723,175,2005,21,75.27,174.18
153920,Active,2562548,NA,NA,S,1,0,1385371.063,151.95,1995,25,5.74,19.89
153921,Active,152953,NA,NA,D,2,1,1199309.359,99,2000,37,6.87,12.09
153922,Active,618294,NA,NA,S,0,0,888342.0613,34.95,2007,42,4,23.74
153923,Active,572016,NA,NA,D,2,1,845436.2838,78.95,2003,70,3.98,9.98
153924,Active,268694,NA,NA,D,0,0,377175.4513,99.95,2008,31,5.49,54.31
153925,Active,132288,NA,NA,D,1,0,197211.11,90.2,2007,50,4.94,51.88
153926,Active,129693,NA,NA,D,6,1,632836.3875,110.24,1998,32,23.91,97.37
153927,Active,172372,NA,NA,S,2,1,84050.3,84.99,2001,27,37.42,59.96
153928,Active,657100,NA,NA,S,2,1,752044.3663,79.95,2010,19,28.98,55.97
153929,Active,1921831,NA,NA,S,2,1,1269844.563,69.95,2009,26,28.42,30.44
153930,Active,275397,NA,NA,S,3,1,28311.32875,35,2007,37,20.48,23.33
153931,Active,259438,NA,NA,S,0,0,305556.5275,23,2006,27,6.7,43.94
153932,Active,264925,NA,NA,D,1,0,837211.625,109.95,2006,49,4.78,55.98
153933,Active,60006,NA,NA,D,5,1,148513.5588,224.95,2005,48,12.45,56.09
153934,Active,2026281,NA,NA,D,0,0,30858.39875,27.95,2014,51,19.99,21.74
153935,Active,50732,NA,NA,D,10,1,186460.4613,224.95,2009,56,4.11,45.46
153936,Active,578620,NA,NA,S,2,1,324344.9738,40.95,2004,28,12.96,23.83
153937,Active,3128238,NA,NA,D,3,1,1961715.643,39.95,2005,27,4,22.69
153938,Active,275598,NA,NA,D,4,1,917890.5725,49.5,2008,51,4,21.99
153939,Active,275603,NA,NA,S,5,1,67130.23875,86,2011,44,8.38,53.19
153940,Active,275597,NA,NA,S,4,1,903671.6475,47.5,2008,51,4,33.99
153941,Active,275594,NA,NA,S,2,1,234198.1663,59.5,2006,60,9.5,54.17
153942,Active,700546,NA,NA,S,2,1,54196.9,45,2005,16,24.53,27.98
153943,Active,198124,NA,NA,S,2,1,903867.9063,72.18,2009,18,16.1,73.52
153944,Active,115519,NA,NA,S,3,1,2964175.356,64,2002,29,3.99,7.33
153945,Active,3854923,NA,NA,D,0,0,1993134.6,89.95,2011,26,29.55,151.33
153946,Active,2405081,NA,NA,S,1,0,421456.0688,75,1991,42,4,85
153947,Active,124677,NA,NA,S,2,1,1247507.918,50,2006,50,5.99,46.99
153948,Active,531224,NA,NA,S,2,1,741289.2338,21.95,2012,20,10.2,14.7
153949,Active,184309,NA,NA,D,0,0,1642868.433,49.95,1997,42,4.13,47.96
153950,Active,913764,NA,NA,S,6,1,254629.1825,36.95,2014,17,27.61,27.61
153951,Active,2647266,NA,NA,S,2,1,572186.8075,74.95,1998,28,9.99,33.99
153952,Active,1473105,NA,NA,S,6,1,1407919.813,45,2009,20,8.81,14.73
153953,Active,917303,NA,NA,S,2,1,1230499.015,50,2006,36,4,33.68
153954,Active,235113,NA,NA,D,2,1,493540.5575,31.95,2003,17,27.58,106.22
153955,Active,235139,NA,NA,S,3,1,63552.38375,41.59,2011,24,33.26,39.11
153956,Active,210267,NA,NA,S,3,1,27987.425,65,2003,23,11.16,19.14
153957,Active,922890,NA,NA,D,0,0,57852.87875,28.95,1984,182,4,36.94
153958,Active,2052020,NA,NA,S,2,1,785932.4725,45,2007,22,18.26,35.57
153959,Active,646427,NA,NA,S,1,0,248379.6675,39.95,2009,20,30.63,35.31
153960,Active,60007,NA,NA,S,2,1,1516688.1,118.95,1999,32,4,28.99
153961,Active,607119,NA,NA,D,2,1,1601501.234,106.67,2000,26,3.99,42.78
153962,Active,635039,NA,NA,D,1,0,65080.0625,69.95,2009,28,44.99,46.7
153963,Active,906731,NA,NA,S,2,1,169993.165,130.6,2008,36,13.58,93.15
153964,Active,113850,NA,NA,S,8,1,339406.9475,122,2000,29,4,49.63
153965,Active,200423,NA,NA,D,2,1,801740.865,227.95,2008,26,15.71,63.99
153966,Active,778517,NA,NA,D,1,0,2158510.849,137.95,2006,22,28.29,82.97
153967,Active,2570897,NA,NA,D,1,0,2568903.034,18.47,1993,29,4,18.39
153968,Active,114338,NA,NA,D,2,1,911209.7563,102,2001,29,4,25.11
153969,Active,121712,NA,NA,D,1,0,1195549.038,67,1997,35,4,8.99
153970,Active,176840,NA,NA,S,5,1,28951.28375,353.95,2000,90,26.91,60.7
153971,Active,232351,NA,NA,S,0,0,287656.0313,97.95,1997,34,38.38,88.5
153972,Active,2617281,NA,NA,D,0,0,1049698.421,100.95,1986,27,13,56.17
153973,Active,2128213,NA,NA,S,2,1,104709.85,64,2009,14,52.98,51.62
153974,Active,2592193,NA,NA,D,0,0,268771.425,65,1985,37,23.78,77.94
153975,Active,763488,NA,NA,S,2,1,2333858.109,130.95,1997,22,4.24,18.99
153976,Active,1466535,NA,NA,S,1,0,490824.725,49.99,2015,20,37.86,23.99
153977,Active,907000,NA,NA,S,2,1,955936.62,64.95,2001,22,35.73,41.45
153978,Active,114293,NA,NA,S,6,1,330251.1438,106.67,2001,45,9.07,72.75
153979,Active,620934,NA,NA,S,2,1,539477.125,74.95,1997,69,21.46,48.97
153980,Active,174984,NA,NA,S,1,0,401689.7625,54.99,2008,28,27.01,0
153981,Active,120939,NA,NA,D,10,1,504457.2775,136,2008,51,4.94,32.11
153982,Active,212956,NA,NA,D,0,0,1594608.051,29.95,2000,22,5.73,46.99
153983,Active,213212,NA,NA,S,2,1,741531.1825,49.95,2006,27,27.29,41.05
153984,Active,169957,NA,NA,D,5,1,56236.03625,215.95,2011,42,58.99,148.44
153985,Active,3197125,NA,NA,D,0,0,594455.6838,27.48,2012,19,20.6,21.12
153986,Active,51504,NA,NA,D,7,1,29247.33375,22.99,2008,82,5.48,47.63
153987,Active,51503,NA,NA,S,6,1,62332.19375,114,2005,90,4,31.67
153988,Active,108071,NA,NA,S,5,1,1284701.148,16.96,2002,39,3.99,16.96
153989,Active,1556271,NA,NA,D,0,0,1073686.644,45.95,2010,17,35,32.49
153990,Active,755478,NA,NA,D,0,0,1306307.485,79.95,2003,25,4,15.96
153991,Active,596640,NA,NA,D,0,0,1651739.63,43.15,1995,28,4.49,11.97
153992,Active,617716,NA,NA,S,2,1,197478.9063,133.77,2000,43,18.13,69.87
153993,Active,117786,NA,NA,D,4,1,2006676.758,107.2,2005,46,4,9.64
153994,Active,1537568,NA,NA,S,1,0,407470.2825,43.95,2006,34,32.44,37.46
153995,Active,1549929,NA,NA,S,0,0,256071.9388,57.95,2013,25,45.59,45.54
153996,Active,1537781,NA,NA,D,1,0,88465.2775,42.95,2006,35,35.97,32.93
153997,Active,113704,NA,NA,S,1,0,95191.66375,116.6,2005,63,45.99,93.33
153998,Active,125546,NA,NA,S,1,0,533162.5188,37.95,1998,90,4,17.96
153999,Active,2594903,NA,NA,S,0,0,1173316.115,44.99,1986,21,9.05,39.3
154000,Active,628904,NA,NA,S,3,1,389605.2013,40,2004,22,21.98,35.16
154001,Active,1768649,NA,NA,S,1,0,797139.3125,44.99,2014,24,30.57,34.97
154002,Active,269382,NA,NA,D,3,1,751547.5925,79.95,2010,33,5.99,24.99
154003,Active,58427,NA,NA,S,2,1,681472.7438,83.95,2008,31,4.84,15.94
154004,Active,54293,NA,NA,D,3,1,99528.42125,108.27,2008,85,4,14.98
154005,Active,1833779,NA,NA,S,0,0,1123079.509,19.99,2008,27,4,20.38
154006,Active,2379956,NA,NA,D,6,1,651930.6963,73.15,1994,19,19.17,117.34
154007,Active,2381801,NA,NA,D,3,1,5299938.445,36.95,1982,11,4,72.93
154008,Active,164646,NA,NA,D,1,0,412536.205,75,2006,46,4.59,30.99
154009,Active,248292,NA,NA,D,8,1,572923.8525,99.95,2004,98,4,13.39
154010,Active,874593,NA,NA,D,0,0,1510998.868,62.9,2008,44,7.4,54.91
154011,Active,609515,NA,NA,D,9,1,273895.585,88.95,2008,69,4.61,33.59
154012,Active,912135,NA,NA,S,6,1,617622.1988,174,2014,39,24.58,88.77
154013,Active,561312,NA,NA,D,5,1,428441.9175,236.6,2010,72,4.07,73.79
154014,Active,877922,NA,NA,S,6,1,131206.37,168.67,2014,31,31.36,77.05
154015,Active,145264,NA,NA,D,4,1,288986.68,225.33,2006,48,5.48,37.85
154016,Active,145257,NA,NA,D,4,1,600912.8025,176,2006,62,4.48,28.99
154017,Active,626583,NA,NA,D,2,1,165727.4125,55,1979,57,23.93,93.34
154018,Active,249801,NA,NA,D,4,1,1750862.405,111.95,2006,43,3.99,21.98
154019,Active,252054,NA,NA,D,5,1,238900.4838,180.95,2010,63,18.18,55
154020,Active,902551,NA,NA,D,1,0,606022.3675,52,2001,22,17,51.98
154021,Active,246174,NA,NA,S,3,1,1216945.571,47.95,2002,26,4,32.99
154022,Active,246193,NA,NA,D,1,0,990239.8075,48.95,2005,22,7.95,73.13
154023,Active,2371119,NA,NA,D,2,1,3134895.313,85.2,1990,27,4,43.1
154024,Active,644260,NA,NA,S,2,1,651121.87,68.95,1997,24,13.61,41.11
154025,Active,320157,NA,NA,D,0,0,470704.2963,39.95,2000,114,4,12.72
154026,Active,912401,NA,NA,S,2,1,49254.0725,49.95,2013,37,38.94,43.35
154027,Active,529867,NA,NA,D,5,1,164629.3888,171.95,2012,69,7.2,40.99
154028,Active,545855,NA,NA,S,3,1,142917.85,38.95,2013,26,25.59,29.38
154029,Active,224719,NA,NA,D,4,1,90612.06875,98.95,2011,52,17.82,53.49
154030,Active,169168,NA,NA,D,3,1,624703.0875,103.95,2006,69,4,34.74
154031,Active,247853,NA,NA,S,0,0,476349.4288,44.95,2007,36,5.34,9.78
154032,Active,184024,NA,NA,S,2,1,2415980.346,162.95,2004,37,4,6.81
154033,Active,177987,NA,NA,D,6,1,362830.6338,267.95,2003,62,5.33,38.81
154034,Active,2311453,NA,NA,S,4,1,3027156.18,23.86,1988,38,3.97,33.99
154035,Active,169145,NA,NA,D,7,1,301101.5488,242.95,2006,49,8.29,50.28
154036,Active,3578118,NA,NA,D,0,0,7747477.05,39.95,1995,22,3.89,8.99
154037,Active,592035,NA,NA,S,2,1,510914.0463,71,2006,29,21.95,0
154038,Active,253944,NA,NA,S,3,1,1262807.316,196.95,2010,46,4,12.37
154039,Active,474995,NA,NA,D,2,1,4660525.94,53.95,1997,17,5.97,56.35
154040,Active,611732,NA,NA,S,3,1,764910.5788,37.95,2014,17,26.46,29.78
154041,Active,174414,NA,NA,D,2,1,579933.15,74.99,2006,31,5.51,10.71
154042,Active,246548,NA,NA,D,7,1,687893.9275,52.95,2007,26,8.97,51.21
154043,Active,2021126,NA,NA,S,2,1,1331436.676,71.95,2007,16,39.54,93.55
154044,Active,148752,NA,NA,D,3,1,335782.8538,187.95,2009,34,4.28,23.98
154045,Active,184028,NA,NA,D,7,1,372852.9563,126.95,2004,37,4,38.42
154046,Active,2776327,NA,NA,S,1,0,365124.9025,39.95,1989,95,4.96,21.94
154047,Active,1693219,NA,NA,S,3,1,380483.3625,39.95,2012,18,30.53,23.05
154048,Active,153816,NA,NA,S,2,1,527912.1775,11.75,2011,39,4,0
154049,Active,127037,NA,NA,D,3,1,392906.1875,75,2007,41,4.9,26.88
154050,Active,126222,NA,NA,D,2,1,1493738.754,89.5,2002,42,4,17.89
154051,Active,915006,NA,NA,S,3,1,1277068.673,61.1,2000,29,4,46.99
154052,Active,148663,NA,NA,S,1,0,223344.2238,68.95,2008,72,4,10.99
154053,Active,55532,NA,NA,D,2,1,568767.9325,2.95,2004,93,4,21.01
154054,Active,55530,NA,NA,D,3,1,100980.075,16.89,2009,72,4.09,16.88
154055,Active,261578,NA,NA,S,5,1,845847.4575,10.49,2001,66,4,10.49
154056,Active,202455,NA,NA,S,3,1,94099.39,86.5,2000,64,12.81,51.98
154057,Active,543819,NA,NA,S,3,1,1437585.986,51.95,2011,11,4.99,23.89
154058,Active,1540062,NA,NA,D,3,1,1375566.83,62.95,2008,17,17.49,62.95
154059,Active,175098,NA,NA,S,2,1,143700.12,54.99,2009,45,21.99,34.97
154060,Active,233346,NA,NA,S,7,1,256451.0325,27.79,2007,33,20.07,40.93
154061,Active,126511,NA,NA,D,5,1,294338.2788,49.95,2004,68,4,11.41
154062,Active,3608742,NA,NA,D,0,0,1314450.8,50,1991,37,4,15.96
154063,Active,863459,NA,NA,S,1,0,257352.7338,39.95,2007,28,30.57,40.52
154064,Active,264937,NA,NA,D,1,0,1682880.616,55.95,2006,23,20.14,66.99
154065,Active,298486,NA,NA,S,6,1,260479.5888,188.95,2007,30,25.99,69.32
154066,Active,120580,NA,NA,D,11,1,137005.6013,75.6,2008,73,4.4,38.74
154067,Active,212277,NA,NA,S,0,0,238456.0075,50,2003,39,12,125.07
154068,Active,254803,NA,NA,D,1,0,625472.4675,54.95,1996,29,3.9,9.49
154069,Active,2675764,NA,NA,S,3,1,288727.0638,49.85,1993,39,4.09,72.35
154070,Active,2383408,NA,NA,S,2,1,152172.5138,121.4,1989,35,8.99,45.98
154071,Active,914539,NA,NA,D,1,0,1854522.706,48.95,2004,33,4.29,32.98
154072,Active,544892,NA,NA,S,2,1,330993.9713,55.95,2011,25,30.84,43.7
154073,Active,299747,NA,NA,S,3,1,197726.0063,55,2007,28,17.49,50.04
154074,Active,639728,NA,NA,S,2,1,64677.97875,79.95,2013,71,26.51,44.99
154075,Active,200443,NA,NA,D,1,0,670348.1025,67.95,2009,56,4,43.75
154076,Active,246626,NA,NA,S,1,0,64647.85,54.95,2010,29,31.54,35.78
154077,Active,3797217,NA,NA,S,3,1,120419.55,52.95,2012,19,23.99,53.34
154078,Active,917223,NA,NA,S,2,1,316295.725,44.99,2006,112,14.31,37.99
154079,Active,60010,NA,NA,D,2,1,115165.4313,80,1995,146,5.23,31.94
154080,Active,119838,NA,NA,D,0,0,303986.0513,78,2000,43,4.44,43.99
154081,Active,173617,NA,NA,S,2,1,131776.0163,49.99,1996,73,5.98,29.96
154082,Active,131719,NA,NA,D,1,0,1784108.674,81.4,2005,20,4.4,28.98
154083,Active,291353,NA,NA,S,1,0,37106.4,39.99,2010,38,26.99,30.72
154084,Active,262719,NA,NA,D,5,1,159255.0663,91.95,2007,19,14.17,72.34
154085,Active,104101,NA,NA,D,4,1,1070946.583,114.06,1996,30,4,22.96
154086,Active,118210,NA,NA,S,4,1,976080.855,79.6,2001,38,4,66.4
154087,Active,1486759,NA,NA,S,3,1,561796.925,39,2013,22,23.93,29.87
154088,Active,553426,NA,NA,D,4,1,1649014.418,75.72,1982,46,4,21.09
154089,Active,58366,NA,NA,D,5,1,1769245.678,84,2001,29,4,44.57
154090,Active,58369,NA,NA,D,6,1,596433.52,114.6,2005,33,10.42,45.23
154091,Active,1840642,NA,NA,S,2,1,261254.4288,42.95,2008,31,19.99,22.84
154092,Active,1780199,NA,NA,S,4,1,105148.085,46.95,2014,29,21.99,27.87
154093,Active,889937,NA,NA,S,1,0,1047235.883,59.99,2006,20,33.42,43.68
154094,Active,246774,NA,NA,S,2,1,312135.0738,48.95,2010,31,9.13,32.32
154095,Active,917104,NA,NA,S,3,1,3397828.771,36.95,1998,28,4,22.99
154096,Active,900981,NA,NA,D,3,1,814651.4425,40,1996,14,35.99,79.79
154097,Active,60012,NA,NA,D,2,1,649575.2763,90,2004,65,4.49,7.97
154098,Active,901570,NA,NA,S,3,1,3153957.929,110,2004,11,28.99,75.82
154099,Active,591623,NA,NA,S,2,1,369709.5725,66.95,2005,28,16.84,43.05
154100,Active,55260,NA,NA,D,8,1,203489.79,199.95,2008,61,7.92,40.65
154101,Active,184512,NA,NA,S,2,1,539639.11,55.95,2003,49,4,94.17
154102,Active,183589,NA,NA,D,8,1,1338162.538,131.95,2008,23,5.18,66.27
154103,Active,182866,NA,NA,D,7,1,1655610.996,80.95,2004,39,4,33.94
154104,Active,183590,NA,NA,D,8,1,263940.4263,131.95,2008,37,4.57,46.38
154105,Active,874691,NA,NA,D,8,1,564401.75,60.19,2009,27,7.1,88.96
154106,Active,162935,NA,NA,S,3,1,118045.6438,39.95,2011,37,18.62,22.66
154107,Active,912555,NA,NA,D,2,1,813570.6325,88.24,2004,23,6.44,32.33
154108,Active,154238,NA,NA,D,1,0,651839.7388,90.5,1996,45,4.98,26.89
154109,Active,56060,NA,NA,D,2,1,840153.645,15.99,2004,41,4.34,16.99
154110,Active,56063,NA,NA,D,2,1,480699.4775,25.99,2004,65,4,25.63
154111,Active,529636,NA,NA,S,4,1,132757.4788,91.4,2012,42,39.61,74.63
154112,Active,114174,NA,NA,S,2,1,2484142.229,49.67,2000,31,4,48.95
154113,Active,607480,NA,NA,D,6,1,841821.8525,75,2007,49,4,48.99
154114,Active,717314,NA,NA,D,1,0,3415092.056,72.95,1998,26,4,8.73
154115,Active,244436,NA,NA,D,10,1,20050.21,278.95,2011,93,14.84,75.73
154116,Active,244299,NA,NA,D,4,1,274793.6438,208.5,2011,48,19.99,53.98
154117,Active,51971,NA,NA,D,9,1,56322.68375,243.95,2007,88,7.49,70.65
154118,Active,51972,NA,NA,D,8,1,173085.2825,152.95,2003,81,4,31.76
154119,Active,162530,NA,NA,S,1,0,67625,130,2010,26,40.49,88.99
154120,Active,117976,NA,NA,D,2,1,327048.4063,74,2005,61,4.38,22.89
154121,Active,747066,NA,NA,S,4,1,892296.6425,61.1,2008,20,6.79,89.7
154122,Active,154221,NA,NA,D,3,1,105785.6975,66.75,1996,75,4,35.59
154123,Active,3478927,NA,NA,D,2,1,3919400.35,56.95,1900,26,4,54.57
154124,Active,555589,NA,NA,S,3,1,609266.9238,94.95,2006,32,8.24,0
154125,Active,746235,NA,NA,S,1,0,439064.41,49.95,2012,44,9.16,33.93
154126,Active,607572,NA,NA,S,5,1,3305870.498,29.95,1999,51,4,11.74
154127,Active,127181,NA,NA,D,7,1,460234.8913,49.95,2007,51,4,7.43
154128,Active,618665,NA,NA,S,1,0,216680.35,43.95,1997,63,7.68,19.09
154129,Active,915379,NA,NA,S,0,0,526121.065,140,1995,43,5.38,30.04
154130,Active,298302,NA,NA,D,1,0,228788.5425,120,2010,47,5.48,30.87
154131,Active,552179,NA,NA,D,6,1,244100.2625,174.2,2003,43,5.56,49.64
154132,Active,246427,NA,NA,D,2,1,308057.9388,37.95,2007,40,13.49,27.43
154133,Active,893054,NA,NA,S,0,0,175389.9563,35,2015,21,23.71,26.74
154134,Active,178107,NA,NA,D,1,0,175691.8375,194.95,2006,51,9.87,74.99
154135,Active,298104,NA,NA,D,3,1,2006912.638,44.95,2004,42,4,9.98
154136,Active,246717,NA,NA,S,4,1,508199.98,65.95,2009,35,13.36,0
154137,Active,126403,NA,NA,D,7,1,737729.1925,69.95,2004,49,4.66,41.98
154138,Active,126402,NA,NA,D,7,1,655121.3575,49.95,2004,33,9.17,40.38
154139,Active,127383,NA,NA,S,8,1,160682.965,62.95,2010,37,23.24,50.47
154140,Active,2618615,NA,NA,D,4,1,4891587.081,70.95,1993,32,4,20.49
154141,Active,271738,NA,NA,S,2,1,311953.93,39.95,2003,60,15.6,32.73
154142,Active,254838,NA,NA,D,0,0,610773.9125,49.95,2004,44,4,31.81
154143,Active,246555,NA,NA,S,2,1,1587979.663,133.95,2006,19,26.09,118.14
154144,Active,918571,NA,NA,S,4,1,444307.175,98.95,1991,46,5.79,41.96
154145,Active,117858,NA,NA,D,4,1,1723670.911,62.6,2004,30,4,0
154146,Active,917536,NA,NA,S,4,1,100988.0375,65,1985,52,14.64,32.82
154147,Active,917591,NA,NA,D,0,0,1161983.011,37.95,2002,41,6.27,19.78
154148,Active,637700,NA,NA,S,2,1,245323.115,49.95,2012,44,21.77,39.73
154149,Active,721836,NA,NA,S,1,0,433315.8488,44.95,2009,27,22.23,41.26
154150,Active,117398,NA,NA,D,3,1,1524755.763,65.2,2003,35,4,18.73
154151,Active,132771,NA,NA,D,4,1,476762.6225,85.6,2009,32,4,57.25
154152,Active,287798,NA,NA,S,2,1,84928.6,40,2009,36,17.99,28.28
154153,Active,246284,NA,NA,D,1,0,765119.5988,52.95,2006,30,7.11,40.49
154154,Active,874323,NA,NA,S,2,1,1843384.019,51,1999,100,3.93,11.58
154155,Active,109723,NA,NA,S,10,1,306908.5738,142.18,2006,47,21.11,152.25
154156,Active,870364,NA,NA,D,10,1,557493.17,168.5,2006,28,7.89,80.99
154157,Active,2352358,NA,NA,D,9,1,721415.0225,29.11,2001,33,4.75,19.19
154158,Active,109724,NA,NA,D,10,1,404380.0388,83.98,2006,48,12.42,0
154159,Active,703859,NA,NA,S,9,1,1549599.018,28.99,2001,24,5.1,18.99
154160,Active,114367,NA,NA,D,4,1,745591.7038,101.4,2002,52,4,20.03
154161,Active,174918,NA,NA,S,2,1,354644.7113,34.99,2006,59,12.45,25.97
154162,Active,172427,NA,NA,S,2,1,461693.7675,69.99,2002,43,21.69,39.98
154163,Active,618677,NA,NA,S,2,1,306991.1488,46.95,1994,60,14.03,39.53
154164,Active,157063,NA,NA,S,2,1,376607.3463,51.95,2005,26,22.22,41.46
154165,Active,185195,NA,NA,S,1,0,38421.25875,45,2011,85,7.1,34.98
154166,Active,55203,NA,NA,D,4,1,135573.2163,105,2006,68,8.88,57.99
154167,Active,55204,NA,NA,D,4,1,219491.9463,86.33,2004,67,15.84,58.99
154168,Active,154322,NA,NA,D,6,1,892446.5875,74.5,2001,108,4,0
154169,Active,54962,NA,NA,D,7,1,83019.1325,42.97,2005,75,11.69,39.43
154170,Active,156501,NA,NA,S,0,0,225600.77,63.95,1998,28,10.98,53.94
154171,Active,553423,NA,NA,S,2,1,272783.8075,175.4,1992,41,8.51,52.9
154172,Active,182785,NA,NA,S,7,1,337750.7525,124.75,2002,61,5.83,51.29
154173,Active,461703,NA,NA,D,8,1,120585.1775,143.25,2005,108,6.23,39.67
154174,Active,633763,NA,NA,S,11,1,113243.7263,67.5,2013,27,21.8,0
154175,Active,1946540,NA,NA,S,11,1,39685.03875,53.5,2013,15,39.15,55.97
154176,Active,53499,NA,NA,D,10,1,54954.63125,79.61,2010,49,16.77,76.33
154177,Active,878617,NA,NA,S,11,1,375150.5425,93.75,2013,18,47.14,75.32
154178,Active,1946541,NA,NA,S,11,1,96963.99125,53.5,2013,41,18.78,86.21
154179,Active,560124,NA,NA,D,9,1,1461292.679,53.73,2007,26,4,27.98
154180,Active,529621,NA,NA,D,8,1,2770462.003,37.89,2005,32,4,35.99
154181,Active,108396,NA,NA,S,1,0,53032.925,104,2011,32,25.67,40.95
154182,Active,912866,NA,NA,D,0,0,403257.7325,75,2000,33,8.35,29.95
154183,Active,206464,NA,NA,S,3,1,674811.1325,75,2010,22,20.89,45.06
154184,Active,735074,NA,NA,S,9,1,858095.4025,108.5,2011,29,7.24,74.62
154185,Active,54387,NA,NA,D,7,1,607848.5125,35,2006,35,5.41,27.99
154186,Active,183730,NA,NA,S,9,1,382976.5538,130.99,2007,24,6.32,48.72
154187,Active,54388,NA,NA,D,8,1,279393.4388,96.27,2008,63,6.31,34.98
154188,Active,53826,NA,NA,D,8,1,311637.3863,31.39,2008,93,4.48,20.24
154189,Active,183390,NA,NA,D,7,1,1287386.295,23.99,2006,52,4.31,23.99
154190,Active,432642,NA,NA,D,7,1,2627228.293,128.26,2007,18,5.52,49.82
154191,Active,142203,NA,NA,D,8,1,402566.09,38.98,2008,94,4,36.49
154192,Active,183391,NA,NA,D,7,1,3406247.38,18.61,2006,27,4,19.02
154193,Active,142204,NA,NA,D,8,1,1182696.513,28.89,2008,53,4.17,27.74
154194,Active,142165,NA,NA,S,9,1,330055.9725,263.01,2011,44,4.38,94.2
154195,Active,183393,NA,NA,D,7,1,2003929.324,26.97,2006,25,4,26.96
154196,Active,142206,NA,NA,D,8,1,681570.0513,29.42,2008,41,7.88,29.93
154197,Active,246588,NA,NA,S,2,1,217550.405,51.95,2009,33,22.77,35.47
154198,Active,531656,NA,NA,D,2,1,695750.2663,195.75,2009,46,4.01,29.94
154199,Active,109655,NA,NA,S,1,0,719010.735,173.75,2006,45,4.57,46.21
154200,Active,599737,NA,NA,S,0,0,1036821.151,19.99,2004,36,4.89,13.03
154201,Active,58179,NA,NA,D,11,1,614819.7425,44.41,2007,55,4,47.93
154202,Active,58180,NA,NA,D,12,1,95558.36625,149.95,2010,44,23.4,33.49
154203,Active,528712,NA,NA,S,2,1,721258.7638,65.95,2008,24,5.76,20.13
154204,Active,528711,NA,NA,S,5,1,786080.5225,100.95,2009,31,10.46,76.79
154205,Active,416190,NA,NA,D,10,1,897182.39,58,2003,23,5.82,53.45
154206,Active,650119,NA,NA,S,7,1,521156.0038,224.95,1991,31,6.93,157.74
154207,Active,546571,NA,NA,S,0,0,116929.7038,35,2008,84,4,18
154208,Active,720933,NA,NA,S,0,0,408585.6063,99,2003,86,4,13.84
154209,Active,257746,NA,NA,D,2,1,726770.3575,39.95,1998,71,4,6.46
154210,Active,642245,NA,NA,S,3,1,119094.205,47.95,2012,22,33.99,28.91
154211,Active,2155214,NA,NA,S,0,0,328764.365,9.95,2006,66,4,8.6
154212,Active,916600,NA,NA,S,0,0,442525.885,53.15,1976,25,6.92,55.98
154213,Active,134715,NA,NA,S,6,1,184251.5338,14,1996,721,3.6,4
154214,Active,134714,NA,NA,D,6,1,349182.1825,30,1996,57,4,0
154215,Active,203965,NA,NA,D,8,1,82260.83125,57.99,2008,188,4.34,27.1
154216,Active,2091010,NA,NA,S,3,1,26977,99.95,2013,30,71.67,63.13
154217,Active,2216431,NA,NA,S,0,0,42812.95,60,2013,22,35.52,39.22
154218,Active,126013,NA,NA,D,2,1,1361787.7,49.95,2001,44,4,7.98
154219,Active,3210412,NA,NA,D,0,0,1719077.096,77,2003,21,8.8,20.19
154220,Active,112944,NA,NA,S,2,1,86768.63625,113,2001,72,34.02,74.24
154221,Active,113157,NA,NA,S,2,1,1079089.724,89.95,2008,31,21,58.4
154222,Active,169193,NA,NA,S,1,0,299500.47,306.95,2006,58,7.9,87.98
154223,Active,194799,NA,NA,S,5,1,181365.5663,92,2001,38,32.05,76.78
154224,Active,753218,NA,NA,S,3,1,1303677.033,30.13,2009,18,11.81,43.95
154225,Active,652233,NA,NA,S,5,1,182378.6375,95,2013,28,29.08,0
154226,Active,145401,NA,NA,S,2,1,1013337.736,111,2006,50,4.8,53.93
154227,Active,56348,NA,NA,S,3,1,134072.3213,75,1998,153,4.17,16.94
154228,Active,2608056,NA,NA,S,3,1,360306.71,12.25,2005,97,4,33.96
154229,Active,2609571,NA,NA,D,2,1,8219057.538,35.99,1999,16,5.7,26.96
154230,Active,554816,NA,NA,S,0,0,202598.31,13.95,2003,53,4.02,11.01
154231,Active,2663521,NA,NA,D,2,1,2754908.081,52.95,1995,38,4,28.99
154232,Active,478775,NA,NA,D,3,1,1067290.914,61.95,2002,29,4.47,50.05
154233,Active,288426,NA,NA,D,4,1,829117.4788,212,2011,42,4.61,33.94
154234,Active,280148,NA,NA,D,3,1,801700.7563,145,2009,27,43.33,95.43
154235,Active,272892,NA,NA,D,0,0,289642.6775,59.95,2007,34,27.99,33.75
154236,Active,2906443,NA,NA,S,5,1,110249.0325,43.73,2000,34,7.17,44.23
154237,Active,527874,NA,NA,S,7,1,150344.6925,121.95,2008,33,17.45,121.95
154238,Active,1554385,NA,NA,S,3,1,97838.96125,58.95,2014,20,44.73,49.14
154239,Active,555431,NA,NA,S,0,0,665046.6538,49.95,2000,47,4.1,20.48
154240,Active,154266,NA,NA,S,2,1,121096.5663,111.25,1999,52,6.07,59.13
154241,Active,154240,NA,NA,D,4,1,67616.36875,32.99,1997,95,4.75,21.98
154242,Active,127405,NA,NA,S,30,1,526580.95,29.95,2008,45,4,8.48
154243,Active,126996,NA,NA,S,1,0,100957.1563,39.99,2007,25,26.91,29.98
154244,Active,286981,NA,NA,D,6,1,3245978.09,34.95,1999,45,3.89,15.04
154245,Active,126578,NA,NA,D,7,1,2030448.715,47.95,2003,46,4,10.46
154246,Active,131932,NA,NA,D,5,1,720108.66,113.33,2005,37,4,7.89
154247,Active,353450,NA,NA,S,1,0,531539.495,66.95,2005,59,32.61,52.99
154248,Active,246609,NA,NA,S,2,1,32501.95875,51.95,2009,39,18.98,32.13
154249,Active,147941,NA,NA,S,2,1,260206.82,208.95,2003,33,4.89,66.58
154250,Active,58335,NA,NA,D,2,1,443015.7925,75,2009,84,4,13.98
154251,Active,58336,NA,NA,D,1,0,1237974.37,55.95,2006,58,4,10.21
154252,Active,830378,NA,NA,S,1,0,48309.75,60,2008,23,20.03,34.81
154253,Active,461755,NA,NA,D,7,1,1383975.958,153.95,2006,37,4,15.88
154254,Active,170225,NA,NA,D,9,1,611121.1763,96.95,2011,37,5.14,33.65
154255,Active,767367,NA,NA,D,8,1,2245128.01,101.95,2009,32,4,31.99
154256,Active,861854,NA,NA,S,10,1,35275.155,144.95,2014,58,35.94,93.99
154257,Active,527311,NA,NA,D,9,1,235288.3113,135.95,2011,99,4.15,25.17
154258,Active,462001,NA,NA,S,8,1,159292.1088,232.95,2007,51,6.43,39.36
154259,Active,767636,NA,NA,D,8,1,3252596.6,138.37,2008,25,5.07,58.71
154260,Active,51895,NA,NA,D,7,1,375990.5238,282.95,2004,97,6.38,21.1
154261,Active,1490213,NA,NA,S,2,1,498877.2988,49.95,2012,17,40.86,36.67
154262,Active,1516906,NA,NA,S,1,0,26299.09,41.4,2014,35,32.29,40.38
154263,Active,235105,NA,NA,S,0,0,114872.8525,66.35,2005,17,43.07,63.99
154264,Active,913213,NA,NA,D,0,0,1404159.636,56.35,2003,42,14.85,58.35
154265,Active,165510,NA,NA,S,2,1,122586.5275,43.99,2003,22,34.38,48.99
154266,Active,3471149,NA,NA,D,1,0,2771719.65,95.95,1997,26,5.32,67.1
154267,Active,637157,NA,NA,S,2,1,739175.6425,74.95,2008,36,16.74,62.32
154268,Active,2120397,NA,NA,S,6,1,1074286.313,29.95,2010,22,43.53,92.72
154269,Active,141848,NA,NA,D,2,1,327918.915,13.89,2006,86,4,11.95
154270,Active,141582,NA,NA,S,1,0,552678.5625,7.99,2003,61,4,9.48
154271,Active,527147,NA,NA,S,5,1,72147.6375,61.6,2010,45,17.94,39.98
154272,Active,288286,NA,NA,S,5,1,203430.3975,7.07,2006,164,4,6.63
154273,Active,653740,NA,NA,D,4,1,2470260.989,39.95,2000,25,4,71.97
154274,Active,652493,NA,NA,S,6,1,91279.045,73.67,2012,42,35.83,0
154275,Active,54244,NA,NA,S,4,1,343648.26,11.07,2003,287,3.99,6.94
154276,Active,3022246,NA,NA,D,0,0,2067021.556,102,1990,28,5.03,62.55
154277,Active,1730355,NA,NA,S,0,0,50815.22375,17.95,2006,81,5.9,10.06
154278,Active,1474757,NA,NA,D,1,0,3984530.571,79.95,2010,12,5.89,53.96
154279,Active,627432,NA,NA,S,1,0,78207.625,92.99,2010,24,56.29,64.14
154280,Active,204161,NA,NA,D,4,1,781732.3688,94.99,2007,42,12.48,83.15
154281,Active,2159175,NA,NA,D,1,0,2070665.695,65,2007,15,4,48.84
154282,Active,2099858,NA,NA,S,2,1,1632479.704,65,2014,16,34.59,44.75
154283,Active,631148,NA,NA,S,4,1,387157.1688,102.99,2008,26,24.58,64.23
154284,Active,57009,NA,NA,D,3,1,263374.09,22.95,2008,76,4,21.49
154285,Active,2259594,NA,NA,D,2,1,3434964.709,30.42,2006,40,5.57,22.79
154286,Active,193684,NA,NA,D,3,1,362787.6363,112,2010,132,4,20.98
154287,Active,193441,NA,NA,D,2,1,922052.4738,72,2006,83,4,9.96
154288,Active,649102,NA,NA,D,2,1,1204578.79,184.99,2008,19,79.28,128.63
154289,Active,619242,NA,NA,D,5,1,1688241.693,59.95,2000,27,4,25.94
154290,Active,3788536,NA,NA,D,0,0,1473172.55,139.95,2003,11,77.84,244
154291,Active,2331833,NA,NA,D,0,0,2858292.99,62.5,1995,17,4.06,98.98
154292,Active,660637,NA,NA,S,7,1,110328.1475,59.99,2014,40,25.31,34.37
154293,Active,625296,NA,NA,D,2,1,653936.9588,158.99,2009,21,79.76,0
154294,Active,2242566,NA,NA,S,2,1,944360.3988,54.99,2015,15,47.33,46.19
154295,Active,518400,NA,NA,D,3,1,1885234.555,135,2006,18,6.68,28.26
154296,Active,293221,NA,NA,D,4,1,332254.5313,94,2010,129,4.72,15.99
154297,Active,116785,NA,NA,S,0,0,541802.7875,49.99,2005,30,4.34,0
154298,Active,206085,NA,NA,D,2,1,509909.1825,60,2007,52,4.44,29.94
154299,Active,670149,NA,NA,D,0,0,2942182.016,80.95,2006,16,13.93,93.48
154300,Active,613550,NA,NA,S,3,1,202401.86,158.6,1994,96,4,41.05
154301,Active,115413,NA,NA,S,1,0,46340.525,104.2,2004,33,31.29,78.21
154302,Active,3481917,NA,NA,D,2,1,2418705.05,24.95,1988,22,4,99.15
154303,Active,128811,NA,NA,S,2,1,162444.4213,68.95,2002,27,32.08,0
154304,Active,917334,NA,NA,D,1,0,1937365.663,53.99,1987,39,4,46.03
154305,Active,60019,NA,NA,D,6,1,659037.775,212.95,2004,31,4,30.94
154306,Active,192737,NA,NA,D,3,1,2336054.034,139,2001,31,4.31,11.09
154307,Active,652208,NA,NA,S,1,0,120315.3,60,2013,24,18.77,35.68
154308,Active,612641,NA,NA,S,1,0,281944.6638,64.99,2012,21,51.93,50.08
154309,Active,527016,NA,NA,D,13,1,135277.42,57.34,2012,49,12.94,52.49
154310,Active,765533,NA,NA,S,7,1,3239290.911,48.95,2002,24,4,23.89
154311,Active,126858,NA,NA,S,1,0,7806.75,52,2006,43,32.88,33.94
154312,Active,2302574,NA,NA,D,0,0,948327.8725,64,1971,30,4,63.07
154313,Active,644653,NA,NA,S,2,1,80338.43625,85.25,2012,31,48.98,52.91
154314,Active,231548,NA,NA,D,3,1,565434.7538,39.95,2001,41,4,43.79
154315,Active,268474,NA,NA,D,1,0,634865.9663,67,2008,46,4,7.99
154316,Active,174478,NA,NA,D,1,0,2131931.396,66,1998,14,21.39,24.48
154317,Active,526984,NA,NA,S,2,1,1790286.536,78.95,2001,22,4.65,12.35
154318,Active,823836,NA,NA,D,2,1,4591777.845,29.95,1988,25,3.98,18.88
154319,Active,231553,NA,NA,S,3,1,465953.1563,56.95,2000,34,10.58,57.51
154320,Active,2875885,NA,NA,S,2,1,1182831.175,50.95,2002,37,20.26,39.06
154321,Active,664898,NA,NA,S,5,1,515444.6838,44.99,2013,25,23.89,33.05
154322,Active,887359,NA,NA,S,4,1,192651.3238,42,2015,20,15.94,30.95
154323,Active,161844,NA,NA,S,7,1,229634.9988,150,2007,41,13.98,53.14
154324,Active,526982,NA,NA,S,2,1,1256723.824,57.95,2008,20,47.19,56.74
154325,Active,55058,NA,NA,D,10,1,382775.7963,160,2009,218,4,9.9
154326,Active,54105,NA,NA,D,10,1,1283229.705,164.67,2009,42,4.94,13.99
154327,Active,266872,NA,NA,D,3,1,2261847.284,39.99,2005,35,4,17.1
154328,Active,146141,NA,NA,D,1,0,215346.9775,39.99,2009,60,4.96,12.45
154329,Active,655326,NA,NA,S,1,0,553127.965,64,2012,20,53.59,54.35
154330,Active,110742,NA,NA,S,7,1,95647.16625,148,2007,62,4,43.84
154331,Active,246716,NA,NA,S,1,0,200189.8863,75.95,2010,22,36.39,42.8
154332,Active,608704,NA,NA,S,5,1,560899.0563,49.95,2005,34,6.96,39.44
154333,Active,637031,NA,NA,S,0,0,53442.05,74.99,2010,32,42.59,42.62
154334,Active,642907,NA,NA,S,2,1,2928536.033,75,2006,15,51.64,107.78
154335,Active,139055,NA,NA,S,2,1,32500.725,50,2004,19,23.99,36.12
154336,Active,622736,NA,NA,S,2,1,161935.85,64.95,2007,26,36.45,56.64
154337,Active,232784,NA,NA,S,2,1,301116.15,22.95,2005,34,4,0
154338,Active,108671,NA,NA,S,3,1,444465.085,25.98,2003,37,4,23.97
154339,Active,108670,NA,NA,S,3,1,716533.1425,60.11,2003,32,4,43.33
154340,Active,126304,NA,NA,S,0,0,305838.5038,45,2001,39,15.64,37.37
154341,Active,2043100,NA,NA,D,1,0,889620.0825,100,2009,16,4.98,52.55
154342,Active,60020,NA,NA,D,5,1,840900.8163,110.67,1996,33,5.48,46.03
154343,Active,1625424,NA,NA,S,1,0,17601.3,50,2007,23,41.67,43.92
154344,Active,3490826,NA,NA,D,2,1,2235076.1,47,2008,34,4,6.78
154345,Active,915897,NA,NA,D,0,0,2409734.611,42,2004,26,4,11.98
154346,Active,55184,NA,NA,D,4,1,186440.5625,62.67,2009,99,4,12.47
154347,Active,55185,NA,NA,D,3,1,1904674.416,61.2,2006,60,4,13.97
154348,Active,618269,NA,NA,D,1,0,62227.875,57.4,2009,71,4.47,13.96
154349,Active,203648,NA,NA,D,0,0,1570138.876,39.95,2005,29,4,4.98
154350,Active,652399,NA,NA,S,3,1,17929.67375,62.99,2013,55,28.99,36.21
154351,Active,285939,NA,NA,S,5,1,254268.925,51.6,2002,69,4,7.98
154352,Active,54278,NA,NA,D,7,1,123919.7838,63.2,2008,109,4,21.15
154353,Active,145510,NA,NA,S,4,1,351775.8713,104.6,2006,34,16.96,83.53
154354,Active,873094,NA,NA,D,3,1,2482904.226,152.43,1985,20,4,72.87
154355,Active,54683,NA,NA,D,9,1,49352.245,53,2007,147,4,17.99
154356,Active,533476,NA,NA,D,8,1,83579.2625,51.8,2012,75,4,13.93
154357,Active,132413,NA,NA,S,1,0,74446.425,71,2009,26,37.39,46.34
154358,Active,144367,NA,NA,D,5,1,123863.4775,41.6,2003,106,3.98,9.85
154359,Active,54316,NA,NA,D,6,1,66049.04375,48.2,2006,135,4,12.1
154360,Active,54988,NA,NA,S,6,1,652665.8388,44.4,2006,83,3.79,13.69
154361,Active,54986,NA,NA,D,7,1,454849.6788,42,2009,72,4,13.49
154362,Active,738995,NA,NA,D,0,0,703963.305,41.6,1999,40,4,8.99
154363,Active,288518,NA,NA,S,4,1,243107.9,82.2,2001,45,4.41,26.49
154364,Active,683580,NA,NA,S,2,1,39463.155,29.95,2013,42,14.97,28.99
154365,Active,117964,NA,NA,D,4,1,372297.1563,48,2005,37,4,48.39
154366,Active,908279,NA,NA,S,4,1,377813.9175,42.95,2014,37,12.78,31.84
154367,Active,298934,NA,NA,D,3,1,1239505.363,37.95,2009,37,4.52,35.45
154368,Active,145442,NA,NA,D,9,1,639100.2713,71.2,2006,32,4,72.79
154369,Active,132837,NA,NA,S,10,1,231445.19,77.8,2008,27,33.99,93.93
154370,Active,366365,NA,NA,D,1,0,5673273.07,44.95,2004,14,7.3,33.29
154371,Active,199374,NA,NA,D,1,0,3564172.348,56,2005,17,4,72.41
154372,Active,169647,NA,NA,D,8,1,392237.1163,47.95,2006,58,4,31.38
154373,Active,655368,NA,NA,S,1,0,549202.8538,70.95,2012,31,18.63,13.99
154374,Active,1495068,NA,NA,S,1,0,1369399.65,7.99,2007,85,3.26,8.84
154375,Active,254119,NA,NA,D,3,1,50342.395,357.95,2010,62,21.99,38.99
154376,Active,125348,NA,NA,S,0,0,126177.9663,69.95,1997,40,16.49,41.99
154377,Active,2703717,NA,NA,D,1,0,4247495.141,76.97,2005,13,6.04,37.95
154378,Active,127663,NA,NA,D,2,1,1837068.305,49.95,2004,16,5.27,56.23
154379,Active,725094,NA,NA,D,0,0,10159809.88,55,1999,13,4,7.98
154380,Active,562471,NA,NA,D,3,1,1893899.905,53,2005,21,5.35,22.99
154381,Active,121098,NA,NA,S,2,1,357704.8713,83.4,1997,27,4,45.36
154382,Active,54005,NA,NA,D,4,1,110936.86,27.56,2008,193,4,10.47
154383,Active,619335,NA,NA,D,5,1,80103.56125,101.71,2011,46,4,49.41
154384,Active,229121,NA,NA,D,0,0,870684.7038,39.95,2006,27,4,44.98
154385,Active,280118,NA,NA,D,1,0,1781604.59,120,2006,17,21.49,95.69
154386,Active,599089,NA,NA,S,2,1,543887.125,89.95,2005,33,36.04,71.96
154387,Active,760442,NA,NA,S,2,1,1099941.265,122,2005,27,41.59,47.69
154388,Active,666705,NA,NA,S,2,1,330952.3125,49.95,2012,38,36.57,43.94
154389,Active,2545205,NA,NA,D,1,0,1311792.121,63.95,1992,36,4,9.98
154390,Active,525965,NA,NA,S,3,1,820056.8363,142.95,2010,50,13.83,55.93
154391,Active,191998,NA,NA,D,2,1,547523.7413,6.24,2004,131,3.99,6.36
154392,Active,54926,NA,NA,S,10,1,921986.0888,27.95,2006,131,3.9,5.23
154393,Active,800864,NA,NA,D,2,1,3386324.109,52,2007,20,7.14,105.09
154394,Active,1658604,NA,NA,S,6,1,1122660.629,45,2010,19,17.69,108.23
154395,Active,139102,NA,NA,D,0,0,1060962.76,102,2004,23,5.83,67.33
154396,Active,657803,NA,NA,S,1,0,180949.1238,129.95,1973,37,18.47,69.04
154397,Active,533532,NA,NA,D,9,1,4470.2775,203,2012,186,12.48,42.99
154398,Active,54073,NA,NA,D,8,1,444710.5125,162.67,2007,137,4,4.3
154399,Active,561561,NA,NA,S,9,1,200846.9238,229.2,2012,36,20.01,180.33
154400,Active,540543,NA,NA,S,8,1,789525.5763,174,2008,25,8.39,120.19
154401,Active,210108,NA,NA,S,0,0,63402.165,39.99,2007,35,25.94,29.45
154402,Active,58176,NA,NA,S,3,1,8080.12375,54.99,2009,105,16.13,13.99
154403,Active,159512,NA,NA,D,2,1,2767399.156,345,2003,18,53.97,180.01
154404,Active,704624,NA,NA,D,8,1,4308008.258,7.95,2003,32,3.98,7.97
154405,Active,110242,NA,NA,D,10,1,478076.1238,21.99,2008,85,4,7.05
154406,Active,109685,NA,NA,D,9,1,1287667.314,6.89,2005,36,4,8.29
154407,Active,861858,NA,NA,S,2,1,601839.0275,95.95,2014,33,4.97,23.99
154408,Active,256318,NA,NA,S,3,1,227208.4713,49.95,2006,19,30.67,0
154409,Active,866791,NA,NA,S,3,1,42482.2025,50.4,2014,21,38.99,44.06
154410,Active,131994,NA,NA,D,0,0,624054.9588,32.99,2005,32,4,11.99
154411,Active,125820,NA,NA,D,1,0,1317868.356,65,2002,23,6.96,23.98
154412,Active,525556,NA,NA,D,3,1,1078076.754,46.95,2006,31,5.46,27.25
154413,Active,566438,NA,NA,D,3,1,1209125.285,115,2004,19,4.04,39.38
154414,Active,521081,NA,NA,D,0,0,316216.505,49.99,2007,20,12.29,23.97
154415,Active,158214,NA,NA,D,0,0,816287.4463,44.95,2006,25,11.83,58.85
154416,Active,2826994,NA,NA,D,1,0,17608.0275,25,1987,46,18.98,19.56
154417,Active,1562102,NA,NA,S,0,0,12668.8,65.98,2006,20,54.56,58.49
154418,Active,633256,NA,NA,S,8,1,1037553.745,85,2010,37,4.28,16.38
154419,Active,861136,NA,NA,D,7,1,6123.71625,250,2014,105,5.98,78.98
154420,Active,51927,NA,NA,S,3,1,1717437.506,28.93,2005,60,4,21.62
154421,Active,51929,NA,NA,D,4,1,988444.515,6.99,2007,115,4,6.98
154422,Active,2459497,NA,NA,S,1,0,319822.085,15.99,2005,143,4,5.99
154423,Active,688461,NA,NA,S,1,0,13587.55,34.99,2013,17,21.07,21.28
154424,Active,539520,NA,NA,S,2,1,772261.0663,39.99,2012,43,24.98,52.72
154425,Active,177000,NA,NA,D,6,1,479858.9025,307.95,2005,31,4.79,33.59
154426,Active,61208,NA,NA,S,5,1,1547855.91,128.95,2001,34,4,30.99
154427,Active,3799945,NA,NA,S,50,1,33126.875,50,2015,19,22.97,31.24
154428,Active,555983,NA,NA,S,2,1,344006.6313,49.95,1978,70,8.6,30.99
154429,Active,1573615,NA,NA,S,4,1,906124.21,24.95,2011,31,8.91,17.12
154430,Active,110743,NA,NA,S,5,1,757718.6075,7.99,2007,48,3.99,7.04
154431,Active,607013,NA,NA,D,6,1,102384.3313,19.77,2009,61,4,38.73
154432,Active,634873,NA,NA,S,2,1,45849.79875,88.4,2011,34,39.98,63.27
154433,Active,166692,NA,NA,S,2,1,105650.4575,40,2005,67,5.7,26
154434,Active,608404,NA,NA,D,2,1,2020599.054,110,1989,31,4,48.75
154435,Active,2559098,NA,NA,D,0,0,4493925.658,51.97,1980,24,4,28.65
154436,Active,861137,NA,NA,S,2,1,297823.2538,80,2013,56,42.48,60.62
154437,Active,487304,NA,NA,D,6,1,162361.7188,41.95,2009,56,7.62,17.97
154438,Active,235124,NA,NA,D,5,1,282073.3375,46.75,2005,33,7.57,13.55
154439,Active,487303,NA,NA,D,6,1,554849.7,41.95,2009,28,12.98,0
154440,Active,393722,NA,NA,S,2,1,193854.1325,31,2011,26,14.73,21.83
154441,Active,714687,NA,NA,S,3,1,535271.9338,70,1999,46,10.96,48.97
154442,Active,3721687,NA,NA,D,1,0,8263807.45,209,2014,17,18.98,185.62
154443,Active,663839,NA,NA,S,2,1,15669.7625,76.75,2013,52,35.99,46.99
154444,Active,649038,NA,NA,S,2,1,409793.1775,35.95,2009,15,24.81,22.49
154445,Active,235119,NA,NA,D,0,0,739110.7175,26.95,2005,32,5.07,42.25
154446,Active,235128,NA,NA,D,1,0,515069.6813,39.2,2008,20,4,9.5
154447,Active,557371,NA,NA,D,0,0,2269911.525,57.6,2007,18,4.4,33.98
154448,Active,3125081,NA,NA,D,1,0,2059629.093,79.95,2004,17,8.98,43.99
154449,Active,165438,NA,NA,S,2,1,724066.4838,85,2001,45,4,47.07
154450,Active,60021,NA,NA,D,1,0,1147560.974,108.36,1995,47,4,34.38
154451,Active,1620910,NA,NA,D,1,0,959072.565,284.95,2007,63,4,29.25
154452,Active,656904,NA,NA,S,3,1,948154.47,39.99,2012,21,23.58,28.64
154453,Active,765896,NA,NA,D,6,1,2146703.119,149.95,2006,44,4,35.94
154454,Active,129371,NA,NA,S,1,0,467821.7225,34.95,2010,34,7.87,17.1
154455,Active,534826,NA,NA,S,0,0,349405.885,38.75,2007,28,4.9,0
154456,Active,132010,NA,NA,D,4,1,1295427.745,66.6,2005,37,4,43.99
154457,Active,132539,NA,NA,D,5,1,392031.8575,85.4,2008,36,4,46.65
154458,Active,105986,NA,NA,D,1,0,986570.46,65,2004,31,5.85,73.37
154459,Active,525032,NA,NA,S,2,1,34525.99125,85,2008,81,20.25,28.98
154460,Active,55047,NA,NA,S,4,1,11914.78375,45,2008,64,18.24,33.98
154461,Active,55046,NA,NA,D,3,1,435271.9825,45,1997,59,4,26.84
154462,Active,52250,NA,NA,D,6,1,18256.7075,170.33,2009,114,9.89,39.46
154463,Active,114597,NA,NA,S,4,1,1312348.685,74,2002,85,4,9.26
154464,Active,52249,NA,NA,D,5,1,70840.38125,128,2006,145,4.09,25.65
154465,Active,3062579,NA,NA,D,1,0,4145059.039,55,1998,16,4,27.99
154466,Active,1451920,NA,NA,S,3,1,117674.1475,45.32,2014,38,16.97,30.22
154467,Active,54500,NA,NA,D,8,1,27555.8375,53.98,2009,127,4.45,22.83
154468,Active,54501,NA,NA,D,7,1,253250.9675,27.95,2005,144,4,26
154469,Active,125791,NA,NA,D,0,0,3768386.563,46.95,2002,38,4,8.94
154470,Active,2648783,NA,NA,D,2,1,9514596.4,139.95,2000,12,7,244.68
154471,Active,144309,NA,NA,S,9,1,203818.885,120.4,2001,34,11.98,0
154472,Active,3549237,NA,NA,D,8,1,5736964.3,49,1997,25,4.05,4.99
154473,Active,61163,NA,NA,S,5,1,615894.675,4,2003,426,3.79,5.63
154474,Active,623415,NA,NA,S,7,1,185199.35,84.75,2012,42,5.19,33.99
154475,Active,2257939,NA,NA,D,7,1,979411.6263,81.88,2010,28,10.91,53.69
154476,Active,142158,NA,NA,D,6,1,1012087.169,12.89,2010,21,4.4,5.88
154477,Active,142157,NA,NA,D,6,1,1037833.385,8.99,2010,25,4,8.99
154478,Active,110225,NA,NA,D,4,1,127239.7463,111.25,2011,52,8.49,23.87
154479,Active,2268468,NA,NA,S,4,1,564564.15,97.65,1900,32,8.59,66.86
154480,Active,173898,NA,NA,S,4,1,135690.7675,45,2005,82,6.94,28.46
154481,Active,109597,NA,NA,D,2,1,2677062.28,8.64,2005,43,4,15.91
154482,Active,110264,NA,NA,S,3,1,90969.75625,132,2009,57,11.63,66.77
154483,Active,212494,NA,NA,S,3,1,289649.175,109.8,2004,20,12.63,72.39
154484,Active,531711,NA,NA,S,3,1,64862.61375,39.99,2012,93,17.47,21.68
154485,Active,3635053,NA,NA,S,4,1,27646,44.99,2016,12,24.49,28.4
154486,Active,533196,NA,NA,S,8,1,458750.2888,50,2012,49,5.24,25.46
154487,Active,535672,NA,NA,D,6,1,60290.0325,165.95,2013,82,5.96,34.88
154488,Active,55248,NA,NA,D,5,1,629394.735,174.95,2009,112,4,10.79
154489,Active,533312,NA,NA,D,6,1,122757.18,165.95,2012,107,5.15,23.44
154490,Active,386899,NA,NA,S,3,1,3546168.916,189.95,2005,34,3.95,3.99
154491,Active,57262,NA,NA,D,5,1,464346.4,174.95,2009,86,4,10.89
154492,Active,1481069,NA,NA,S,2,1,187792.2175,153.33,2012,52,5.97,38.99
154493,Active,1483024,NA,NA,S,2,1,1094321.946,203.8,2012,46,4.38,9.14
154494,Active,2153987,NA,NA,D,0,0,2811714.155,85,2006,16,20.99,128.53
154495,Active,626385,NA,NA,S,6,1,90299.54375,63.95,2007,40,29.31,0
154496,Active,866665,NA,NA,S,3,1,41887.1575,79,2014,30,35.31,45.52
154497,Active,533192,NA,NA,D,2,1,443258.7675,80,2010,29,13.07,33.99
154498,Active,106221,NA,NA,D,1,0,1110983.6,72.95,2005,32,4,22.92
154499,Active,866664,NA,NA,S,3,1,11834.34625,79,2014,44,41.25,41.98
154500,Active,106781,NA,NA,S,2,1,434170.5463,43,2010,26,12.42,28.98
154501,Active,533191,NA,NA,S,2,1,811078.05,80,2010,29,18.95,63.03
154502,Active,573718,NA,NA,S,2,1,235668.485,43.95,1979,50,7.18,0
154503,Active,667997,NA,NA,D,3,1,5992689.48,59.95,2006,15,4.98,43
154504,Active,2681596,NA,NA,D,2,1,5191696.878,62.95,2003,12,6.38,43.98
154505,Active,109677,NA,NA,D,9,1,1468732.928,130.25,2005,33,4,7.98
154506,Active,110389,NA,NA,D,11,1,196624.1913,17.95,2010,51,7.81,33.94
154507,Active,110188,NA,NA,D,10,1,610507.7713,36.29,2008,38,4,21.61
154508,Active,147392,NA,NA,D,6,1,790094.9625,61.95,2006,24,5.17,23.74
154509,Active,642898,NA,NA,S,2,1,854602.3138,36.95,2006,29,15.88,25.69
154510,Active,910722,NA,NA,D,4,1,5720918.958,34.95,2000,25,4,37.21
154511,Active,743677,NA,NA,D,5,1,1201938.15,45.95,2004,24,4,27.98
154512,Active,639235,NA,NA,S,6,1,496781.1375,44.95,2009,24,27.98,36.23
154513,Active,145568,NA,NA,S,3,1,80546.96875,31.8,2006,54,12.3,26.42
154514,Active,213016,NA,NA,D,0,0,677938.6475,46.95,2003,33,4.56,46.93
154515,Active,752955,NA,NA,S,1,0,190024.775,60,2010,26,26.47,35.68
154516,Active,877296,NA,NA,D,7,1,827090.3,39.6,2008,55,6.63,26.95
154517,Active,131390,NA,NA,S,1,0,352832.755,208.8,2002,57,4,0
154518,Active,55031,NA,NA,D,6,1,1004947.11,140,2005,44,4,4.99
154519,Active,55032,NA,NA,D,7,1,325220.9763,182.8,2008,125,4,22.76
154520,Active,533431,NA,NA,D,5,1,17108.37125,294.95,2012,132,4.6,47.94
154521,Active,55301,NA,NA,D,4,1,347836.5538,324.95,2008,132,4.1,31.44
154522,Active,878476,NA,NA,D,5,1,416727.3225,187.95,2012,19,9.74,71.6
154523,Active,55302,NA,NA,S,3,1,1756936.253,178.95,2004,56,4,11.04
154524,Active,537568,NA,NA,S,7,1,18042.5125,107.95,2012,76,24.54,74.99
154525,Active,876168,NA,NA,S,3,1,190838.3525,166.67,2013,42,42.6,103.51
154526,Active,492112,NA,NA,D,6,1,67153.33,268.95,2011,129,7.97,25.99
154527,Active,50072,NA,NA,S,5,1,1028888.019,13.82,2003,107,4,9.68
154528,Active,697965,NA,NA,S,5,1,2733618.931,60.75,2007,20,9.79,73.98
154529,Active,50176,NA,NA,D,5,1,92439.6675,20.27,2010,144,4.85,18.98
154530,Active,130467,NA,NA,D,7,1,90720.4225,209.6,2011,155,4.98,21.93
154531,Active,875961,NA,NA,S,2,1,296690.2725,126,2011,19,11.23,21.99
154532,Active,877269,NA,NA,S,8,1,8712038.974,74.5,1995,27,4.87,11.51
154533,Active,533486,NA,NA,D,15,1,66109.09125,188.6,2012,105,6.79,58.99
154534,Active,285134,NA,NA,S,9,1,122396.405,112.55,2004,100,6.18,40.89
154535,Active,795606,NA,NA,D,6,1,1431530.53,170.95,2011,20,5.26,41.99
154536,Active,243980,NA,NA,D,1,0,136723.5088,178.95,2011,106,5.96,16.99
154537,Active,54756,NA,NA,D,10,1,603111.9,13.31,2006,129,4,14.86
154538,Active,118419,NA,NA,D,1,0,834073.5013,167.6,2009,109,4,9.98
154539,Active,879230,NA,NA,D,11,1,2836473.313,35.03,2009,46,6.77,16.75
154540,Active,54757,NA,NA,D,11,1,205615.49,137.49,2009,141,4,12.92
154541,Active,52107,NA,NA,D,5,1,527322.765,204.95,2008,187,4,13.23
154542,Active,615628,NA,NA,D,6,1,598633.8275,265.95,2011,185,4,21.31
154543,Active,130932,NA,NA,D,2,1,133954.7688,193.6,2011,92,4.01,14.94
154544,Active,600328,NA,NA,D,3,1,509647.16,26.94,2009,33,4,47.99
154545,Active,290938,NA,NA,S,5,1,764797.3513,171.95,2008,16,6.16,51.98
154546,Active,608324,NA,NA,S,8,1,2637424.779,28.98,2001,56,4,28.98
154547,Active,54758,NA,NA,S,9,1,1678393.565,16.95,2003,82,3.79,15.85
154548,Active,54012,NA,NA,S,11,1,432507.1,188.67,2004,137,4,33.99
154549,Active,539109,NA,NA,S,11,1,1027338.315,51.4,2004,34,4,28.94
154550,Active,446495,NA,NA,S,2,1,1566144.17,130.75,2008,18,45.4,95.79
154551,Active,54534,NA,NA,D,14,1,309201.7388,183.4,2009,220,4,16.22
154552,Active,111056,NA,NA,S,9,1,610985.0263,303.5,2008,44,8.99,69.98
154553,Active,649976,NA,NA,D,4,1,398485.6188,48.99,2011,36,13.44,43.94
154554,Active,289442,NA,NA,S,4,1,165139.065,59.29,2001,97,5.77,36.99
154555,Active,616407,NA,NA,S,4,1,401172.7525,106.5,2001,50,4,23.98
154556,Active,550249,NA,NA,D,5,1,1533264.445,116.67,2007,56,4,13.93
154557,Active,54197,NA,NA,D,6,1,432743.8713,16.15,2009,191,4,24.25
154558,Active,293041,NA,NA,D,1,0,660564.41,20.73,2009,93,4,12.2
154559,Active,537839,NA,NA,D,8,1,19754.56875,149.99,2012,148,12.49,65.84
154560,Active,416624,NA,NA,D,4,1,959729.8113,174.25,2007,50,4.36,18.96
154561,Active,132899,NA,NA,D,6,1,653666.0538,167.6,2009,84,4,9.49
154562,Active,1855107,NA,NA,S,1,0,16814.8,112,2014,36,58.42,67.99
154563,Active,625833,NA,NA,S,2,1,388741.635,126,2010,29,14.09,38.99
154564,Active,51289,NA,NA,S,2,1,65631.86625,179,2010,130,4.03,23.92
154565,Active,117903,NA,NA,S,6,1,2742182.391,35.2,2005,28,4,28.39
154566,Active,52297,NA,NA,D,8,1,138079.2025,193.6,2010,130,5.51,24.65
154567,Active,52296,NA,NA,D,7,1,518101.3113,156,2007,84,4,18.94
154568,Active,155199,NA,NA,S,1,0,331527.155,62.95,1998,50,4,0
154569,Active,111016,NA,NA,D,5,1,1912214.566,13.98,2007,38,4,11.98
154570,Active,50074,NA,NA,D,7,1,194597.4438,42.16,2009,243,5.83,20
154571,Active,417093,NA,NA,D,4,1,817145.1213,7.57,2007,79,3.99,14.92
154572,Active,117743,NA,NA,S,5,1,1520924.405,139.93,2006,68,4,8.99
154573,Active,1657827,NA,NA,D,2,1,7574432.438,58.76,2009,17,5.54,50.76
154574,Active,1658010,NA,NA,S,1,0,1160173.32,123.9,2009,16,14.27,120.79
154575,Active,914065,NA,NA,D,1,0,1883852.951,67,2004,25,4,7.99
154576,Active,248268,NA,NA,S,2,1,232565.8513,64,2011,20,37.39,51.47
154577,Active,867393,NA,NA,S,4,1,20930.9775,50,2014,50,23.49,26.48
154578,Active,161822,NA,NA,D,3,1,187553.8988,45,2007,52,7.83,26.35
154579,Active,201167,NA,NA,D,2,1,775228.0925,35,2003,47,4,6.23
154580,Active,57123,NA,NA,D,10,1,261919.6925,116.8,2008,52,4.39,59.25
154581,Active,57120,NA,NA,S,8,1,2571042.318,79.2,1999,58,4,12.49
154582,Active,57121,NA,NA,D,9,1,1677803.024,98.2,2005,44,4,13.56
154583,Active,797662,NA,NA,S,1,0,878935.7525,211.95,2005,33,21.19,61.63
154584,Active,58347,NA,NA,D,3,1,75320.75625,59.95,2007,102,7.4,23.99
154585,Active,148861,NA,NA,S,1,0,22541.29875,36.88,2004,39,13.6,0
154586,Active,245045,NA,NA,D,1,0,960898.9663,151.95,2006,64,4.79,9.49
154587,Active,126371,NA,NA,S,1,0,73503.03875,37.95,2002,47,16.94,0
154588,Active,141985,NA,NA,S,2,1,64546.305,23,2010,30,15.43,0
154589,Active,52458,NA,NA,D,9,1,542530.7913,99.99,2008,171,4,8
154590,Active,546790,NA,NA,S,10,1,11108.5175,107.99,2013,69,42.99,63.99
154591,Active,52457,NA,NA,D,8,1,1241335.464,74.95,2006,94,4,8.93
154592,Active,863415,NA,NA,S,2,1,403367.7,72.25,2006,65,4,13.98
154593,Active,577863,NA,NA,S,0,0,66396.7375,21.99,2009,69,4.68,0
154594,Active,145142,NA,NA,D,2,1,1197332.605,107.4,2005,34,4,37.83
154595,Active,607953,NA,NA,D,3,1,245196.1375,123,2007,49,4,38.99
154596,Active,2045158,NA,NA,S,2,1,310873.3013,59.95,2007,49,10.87,14.36
154597,Active,796540,NA,NA,D,0,0,711546.4875,75,2010,21,37.53,43.95
154598,Active,533183,NA,NA,D,5,1,62378.84,166.4,2012,49,19.31,85.94
154599,Active,537932,NA,NA,D,3,1,339603.055,123,2007,41,4.47,38.87
154600,Active,3130727,NA,NA,D,1,0,1702951.914,39.95,2003,31,4,11.97
154601,Active,54475,NA,NA,D,4,1,147392.1338,18.1,2004,101,4.25,14.59
154602,Active,143682,NA,NA,S,0,0,320.665,15.99,2009,298,5.91,7.78
154603,Active,760025,NA,NA,D,1,0,4253101.711,156,2003,12,87.31,92.87
154604,Active,716900,NA,NA,D,2,1,939201.4563,47.98,1999,24,18.9,68.31
154605,Active,644039,NA,NA,S,2,1,93710.69,63.95,2008,41,39.51,60.78
154606,Active,165165,NA,NA,S,3,1,220610.7675,125.95,1996,38,44.93,0
154607,Active,868482,NA,NA,D,2,1,1904495.68,53.95,1995,17,8.99,33.99
154608,Active,262704,NA,NA,S,3,1,232065,74.95,2006,42,42.65,64.62
154609,Active,1533876,NA,NA,S,2,1,1348993.901,69.95,2007,27,39.94,48.97
154610,Active,58372,NA,NA,D,2,1,208749.5863,392.95,1996,74,7.19,21.86
154611,Active,253943,NA,NA,S,3,1,352724.0238,106.95,2010,44,7.74,21.99
154612,Active,255645,NA,NA,D,6,1,271884.1888,64.95,2006,113,3,5
154613,Active,867895,NA,NA,S,7,1,23695.1225,72.95,2014,31,50.75,63.98
154614,Active,830751,NA,NA,D,1,0,585957.9588,65,2000,47,4,12.57
154615,Active,565887,NA,NA,S,2,1,130798.37,76,2008,27,46.73,46.73
154616,Active,622268,NA,NA,S,0,0,61502.775,75.53,2009,39,10.22,31.86
154617,Active,569113,NA,NA,D,1,0,1628792.288,37.5,2009,42,4,4.23
154618,Active,642032,NA,NA,S,2,1,169270.3,43.5,2013,50,14.93,32
154619,Active,637726,NA,NA,S,2,1,35591.375,50,2012,31,16.34,40.97
154620,Active,623811,NA,NA,S,2,1,77180.725,43.5,2012,46,13.89,21.94
154621,Active,637725,NA,NA,S,2,1,279196.6813,50,2012,60,15.39,24.62
154622,Active,535908,NA,NA,S,2,1,80741.375,43.5,2012,32,20.72,26.98
154623,Active,631776,NA,NA,S,2,1,647284.4238,55,2006,18,21.88,0
154624,Active,269999,NA,NA,D,3,1,639673.2788,34,2007,43,6.17,27.99
154625,Active,292157,NA,NA,D,3,1,4793186.278,152.95,2003,21,4,33.13
154626,Active,768725,NA,NA,D,2,1,11529192.62,58,2000,12,4.11,8.24
154627,Active,144346,NA,NA,S,1,0,102937.8575,63.2,2009,69,7.7,0
154628,Active,117850,NA,NA,S,0,0,218129.94,109.27,2004,47,8.98,0
154629,Active,121152,NA,NA,D,2,1,302386.515,54.2,2010,64,4,14.99
154630,Active,619971,NA,NA,S,3,1,59231.24,42.5,2013,74,13.65,33.63
154631,Active,133013,NA,NA,S,3,1,326847.6625,106.2,2011,54,7.84,27.55
154632,Active,909089,NA,NA,S,4,1,108099.8363,44.95,2014,23,31.82,34.64
154633,Active,610185,NA,NA,D,1,0,1572.42375,27,2007,387,5.87,8.94
154634,Active,254925,NA,NA,D,2,1,1089262.971,49.95,2009,36,4,44.09
154635,Active,144639,NA,NA,S,0,0,769590.4275,111.8,2004,50,4,0
154636,Active,679474,NA,NA,S,3,1,10504.1775,27,2012,49,20.98,24.37
154637,Active,533179,NA,NA,S,3,1,60713.36,74.99,2009,47,14.42,32.85
154638,Active,574643,NA,NA,D,2,1,2561604.241,161,2011,16,43.92,118.29
154639,Active,618335,NA,NA,S,1,0,13172.85,49.99,2000,25,23.98,30.44
154640,Active,546801,NA,NA,S,2,1,103951.1363,55,2011,61,31.98,34.65
154641,Active,145789,NA,NA,S,6,1,2084058.009,125.4,2007,35,4.13,44.62
154642,Active,565729,NA,NA,S,1,0,472324.7463,49.99,2007,68,4.05,0
154643,Active,534176,NA,NA,S,1,0,205369.635,49.99,2010,43,6.23,0
154644,Active,649557,NA,NA,S,1,0,16917.7,49.99,2013,19,29.27,28.97
154645,Active,3634693,NA,NA,S,1,0,15919.775,54.99,2015,14,31.16,33.5
154646,Active,635567,NA,NA,S,1,0,219158.1525,39.99,2013,75,20.97,25.79
154647,Active,613715,NA,NA,S,0,0,709922.3663,49.99,2003,65,4.37,7.66
154648,Active,129459,NA,NA,S,0,0,92187.865,44.99,2011,42,16.98,30.85
154649,Active,921369,NA,NA,S,1,0,284552.6163,34.99,2007,87,4,12.93
154650,Active,200628,NA,NA,D,1,0,846118.815,107.95,2010,47,4,0
154651,Active,2635590,NA,NA,S,2,1,787902.6325,49.95,2004,43,5.03,49.29
154652,Active,608714,NA,NA,S,3,1,306411.6813,39.99,2002,75,4,13
154653,Active,286535,NA,NA,S,1,0,46875.28375,55.8,2010,31,38.27,0
154654,Active,540729,NA,NA,D,13,1,9017.9825,152.2,2013,147,5.98,43.98
154655,Active,663676,NA,NA,S,13,1,372844.4363,102,2013,27,7.32,69.33
154656,Active,52574,NA,NA,S,8,1,3530474.819,82.67,2003,50,4.54,11.39
154657,Active,52573,NA,NA,D,10,1,1130153.234,111.6,2007,83,4,9.59
154658,Active,52572,NA,NA,D,12,1,147342.7325,133.13,2011,129,4,25.99
154659,Active,763658,NA,NA,S,3,1,368615.455,109.95,1998,34,6.72,56.01
154660,Active,247627,NA,NA,S,2,1,749475.03,31.95,2005,38,4.01,0
154661,Active,190803,NA,NA,D,2,1,405008.5613,72.95,2005,35,8.6,23.51
154662,Active,542512,NA,NA,S,3,1,85974.0375,56.95,2014,26,37.68,41.87
154663,Active,231680,NA,NA,S,12,1,261436.95,165.09,2000,25,5.74,91.35
154664,Active,231682,NA,NA,D,13,1,95221.74625,216.5,2009,43,34.29,0
154665,Active,231679,NA,NA,S,12,1,710870.96,157.24,2000,34,6.14,0
154666,Active,3512995,NA,NA,D,1,0,3302361.2,125,1997,12,53.6,108.01
154667,Active,613204,NA,NA,S,0,0,246034.435,49.95,2006,86,4,0
154668,Active,890746,NA,NA,S,3,1,812756.035,54.6,2011,9,21.74,48.78
154669,Active,2043126,NA,NA,S,2,1,1465438.29,84.95,2011,20,12.97,38.89
154670,Active,751840,NA,NA,D,11,1,4143789.576,99.95,2010,11,14.56,73.03
154671,Active,658042,NA,NA,D,25,1,372803.9125,227.95,2013,41,16.14,38.47
154672,Active,147792,NA,NA,S,20,1,936732.015,226.95,2001,146,3.85,15.94
154673,Active,697479,NA,NA,D,0,0,4190127.095,45.77,2006,15,4.13,36.11
154674,Active,51324,NA,NA,S,11,1,203200.8425,225.95,2010,73,4.99,54.49
154675,Active,1827170,NA,NA,S,25,1,115308.85,189.95,2013,15,22.59,185.95
154676,Active,148300,NA,NA,D,6,1,2943547.528,79.95,2004,18,4,5.69
154677,Active,162905,NA,NA,D,7,1,337879.51,38.87,2009,68,4,38.94
154678,Active,744940,NA,NA,D,6,1,3370185.725,140.95,2004,15,4.53,72.95
154679,Active,658163,NA,NA,S,5,1,287209.5663,43,2012,29,27.12,43
154680,Active,533169,NA,NA,D,7,1,1681257.895,115,2011,17,6.39,76.01
154681,Active,137522,NA,NA,D,5,1,3027770.238,97.5,2006,31,4.76,66.98
154682,Active,373596,NA,NA,S,5,1,478724.95,29.95,2008,18,23.95,0
154683,Active,760181,NA,NA,S,3,1,2408954.63,69,2003,30,4,11.47
154684,Active,52324,NA,NA,D,24,1,84758.76875,357.95,2011,187,7.2,16.95
154685,Active,860570,NA,NA,S,5,1,126635.7975,243.25,2012,43,39.8,117.79
154686,Active,2271627,NA,NA,S,9,1,2805762.808,35.05,2010,44,6.71,20.07
154687,Active,178693,NA,NA,S,11,1,693826.2663,244.95,2010,47,6.67,133.9
154688,Active,51323,NA,NA,S,10,1,1181892.079,225.95,2007,61,4,67.89
154689,Active,51322,NA,NA,S,9,1,3163685.769,177.95,2004,51,3.99,11.74
154690,Active,52322,NA,NA,S,22,1,905411.435,433.95,2006,125,4.04,23.75
154691,Active,52323,NA,NA,D,23,1,122512.545,394.95,2008,202,4.09,17.84
154692,Active,570477,NA,NA,S,24,1,975793.6488,247.95,2011,29,5.34,30.97
154693,Active,120735,NA,NA,S,8,1,1272960.199,173.33,2008,43,6.26,48.62
154694,Active,759097,NA,NA,D,1,0,2984154.276,75,2006,24,4,14.39
154695,Active,106869,NA,NA,S,2,1,67474.9775,22,2011,62,4,0
154696,Active,533164,NA,NA,S,2,1,57845.92875,41.95,2011,49,8.49,27.24
154697,Active,112087,NA,NA,D,7,1,319433.5675,12.89,2010,153,6.46,8.5
154698,Active,108889,NA,NA,S,5,1,1746587.394,24.99,2005,51,4.09,24.99
154699,Active,110142,NA,NA,D,6,1,925058.5175,6.56,2008,50,4.45,9.25
154700,Active,544077,NA,NA,S,5,1,78760.005,24.99,2013,48,9.75,12.95
154701,Active,201392,NA,NA,S,3,1,863641.6263,21.99,2004,88,3.63,7.97
154702,Active,533163,NA,NA,S,4,1,447369.4113,21.99,2008,114,4,9.39
154703,Active,756673,NA,NA,S,2,1,1288983.371,135,2002,35,18.94,49.41
154704,Active,549869,NA,NA,S,12,1,1387026.934,123.12,2000,36,4,30.11
154705,Active,112038,NA,NA,D,16,1,42178.44125,320.5,2012,172,5.04,56.13
154706,Active,53904,NA,NA,D,15,1,339045.0163,36.22,2009,104,4.49,19.31
154707,Active,583574,NA,NA,D,5,1,117584.7688,97.95,2007,35,30.33,24.19
154708,Active,106070,NA,NA,S,1,0,388172.1075,69,2004,30,16.99,0
154709,Active,339040,NA,NA,S,2,1,3840923.483,23.98,2006,33,4,23.98
154710,Active,200022,NA,NA,D,1,0,943729.6538,97.95,2006,66,4,5.15
154711,Active,877135,NA,NA,D,8,1,1764159.269,214.68,2009,26,6.94,418.56
154712,Active,113565,NA,NA,D,9,1,2321133.27,136,2003,41,4,12.99
154713,Active,533470,NA,NA,D,8,1,145070.35,343.95,2012,84,12.17,24.28
154714,Active,535817,NA,NA,S,2,1,33781.9325,284.75,2013,79,37.81,61.85
154715,Active,109540,NA,NA,D,1,0,1552138.945,164.75,2007,52,4,10.97
154716,Active,533156,NA,NA,D,3,1,356873.855,32.94,2012,65,4.07,38.99
154717,Active,118274,NA,NA,D,1,0,259946.0438,248.8,2011,59,6.22,44.79
154718,Active,54879,NA,NA,D,7,1,2052889.145,222.95,2007,42,4,6.98
154719,Active,286465,NA,NA,D,10,1,608613.7275,181.4,2009,37,8.51,31.99
154720,Active,54767,NA,NA,D,7,1,666720.4313,377.95,2010,69,4.01,52.41
154721,Active,165890,NA,NA,D,1,0,761544.7663,7.99,2008,92,4,28.99
154722,Active,52085,NA,NA,D,11,1,442498.7325,236.67,2008,107,4,12.1
154723,Active,112043,NA,NA,D,2,1,1032159.028,21.38,2009,68,4,10.58
154724,Active,54881,NA,NA,D,9,1,90090.4975,357.95,2011,98,6.96,20.33
154725,Active,1442120,NA,NA,S,1,0,124888.0263,327.33,2013,52,48.14,95.12
154726,Active,54765,NA,NA,S,5,1,2785260.733,323.95,2006,39,4,13.69
154727,Active,54766,NA,NA,D,6,1,1396993.391,300.95,2008,42,4,33.99
154728,Active,52083,NA,NA,D,10,1,831736.7113,184,2005,80,4,24.94
154729,Active,54880,NA,NA,D,8,1,702296.62,393.95,2009,64,4,16.08
154730,Active,50589,NA,NA,D,10,1,95542.365,77.64,2011,163,4.8,25.49
154731,Active,50592,NA,NA,D,8,1,132250.0213,188.95,2007,170,4,29.99
154732,Active,544001,NA,NA,S,11,1,874983.5975,75,2013,32,27.91,54.8
154733,Active,544002,NA,NA,S,11,1,820779.98,75,2013,20,15.62,54.66
154734,Active,244293,NA,NA,S,10,1,843213.9425,212.5,2011,36,4.62,43.99
154735,Active,162594,NA,NA,S,9,1,869229.2738,22.98,2008,59,4,17.94
154736,Active,161805,NA,NA,S,0,0,1860568.185,4.68,2007,50,3,8.99
154737,Active,544000,NA,NA,D,11,1,262637.6988,250,2013,29,8.29,52.02
154738,Active,162595,NA,NA,D,9,1,1305678.033,49.99,2008,44,4,5.08
154739,Active,60028,NA,NA,S,8,1,2099649.779,13.28,2007,39,4,22.75
154740,Active,544003,NA,NA,S,11,1,1768978.726,89,2013,23,10.01,34.99
154741,Active,161854,NA,NA,D,2,1,1369875.098,17.32,2007,63,4,6.7
154742,Active,162953,NA,NA,D,4,1,98988.7,164.09,2011,172,5.96,41.83
154743,Active,162626,NA,NA,D,3,1,786605.1913,10.69,2008,83,4.51,7.29
154744,Active,244359,NA,NA,S,4,1,1066449.303,122.25,2011,27,4,73.99
154745,Active,54110,NA,NA,S,7,1,1532529.405,6.99,2005,85,4,6.99
154746,Active,108161,NA,NA,S,6,1,1896289.55,4.89,2003,61,4,4.96
154747,Active,111396,NA,NA,D,9,1,1276876.503,84.25,2010,32,8.99,64.95
154748,Active,54112,NA,NA,D,9,1,421048.5988,21.47,2010,159,4,24.43
154749,Active,54111,NA,NA,D,8,1,1128380.153,5.98,2007,101,4,5.03
154750,Active,166379,NA,NA,S,2,1,1401105.73,215,2004,38,12.58,106.44
154751,Active,556413,NA,NA,D,1,0,2239784.163,89.75,2012,20,5.14,38.48
154752,Active,2363919,NA,NA,S,0,0,97987.69375,52.2,1992,30,20.46,41.61
154753,Active,2143540,NA,NA,S,3,1,195351.2725,91,2011,24,37.81,240.21
154754,Active,533149,NA,NA,S,2,1,204180.1325,30,2012,33,15.71,19.64
154755,Active,602642,NA,NA,S,0,0,35285.4525,63.33,2010,53,18.11,0
154756,Active,2066909,NA,NA,S,5,1,484999.5163,69.95,2013,42,33.67,38.93
154757,Active,2066877,NA,NA,S,4,1,1247937.203,79.95,2009,25,4.4,42.63
154758,Active,293978,NA,NA,S,2,1,788136.2063,47.95,2009,32,15.28,0
154759,Active,3012248,NA,NA,S,1,0,1381458.2,50,1991,55,4,16.15
154760,Active,260014,NA,NA,S,2,1,752807.9563,118.75,2009,47,7.08,33.97
154761,Active,533147,NA,NA,S,2,1,17382.99125,22.95,2010,69,15.47,15.87
154762,Active,2105379,NA,NA,S,4,1,31231.0125,38,2014,30,15.58,35.37
154763,Active,737738,NA,NA,S,2,1,327132.12,32,2008,44,4.03,38.84
154764,Active,560486,NA,NA,S,2,1,275389.33,38,2013,17,23.88,41.98
154765,Active,560399,NA,NA,S,2,1,1181662.79,35,2009,27,7.39,13.95
154766,Active,631668,NA,NA,S,2,1,90243.3,38,2008,16,23.99,38
154767,Active,737819,NA,NA,S,1,0,1196659.748,35,2009,33,4.23,31.99
154768,Active,647045,NA,NA,S,2,1,245858.1388,36,2012,55,11.97,35.76
154769,Active,3783359,NA,NA,D,1,0,313761.25,87.95,2009,19,28.99,116.68
154770,Active,737820,NA,NA,S,1,0,560328.4638,35,2009,26,11.47,58.84
154771,Active,789253,NA,NA,S,0,0,34285.525,209.99,2003,0,0,0
154772,Active,533145,NA,NA,S,4,1,95371.65625,34.95,2012,83,6.21,24.68
154773,Active,533144,NA,NA,S,2,1,75934.33875,50.99,2012,24,27.54,29.44
154774,Active,264282,NA,NA,D,1,0,530602.44,42.95,2006,46,4,41.97
154775,Active,868703,NA,NA,D,0,0,2538288.548,66.99,1992,22,4,13.99
154776,Active,246184,NA,NA,D,2,1,841773.845,54.95,2003,26,4,45.93
154777,Active,2331479,NA,NA,D,1,0,1224620.801,147.1,1954,19,27.98,73.67
154778,Active,135524,NA,NA,S,4,1,415208.5638,70.95,2009,31,25.54,41.64
154779,Active,269540,NA,NA,D,1,0,722444.1825,73.95,2009,29,4.3,77.95
154780,Active,642908,NA,NA,S,2,1,2586342.506,94.99,2009,25,21.85,54.99
154781,Active,740168,NA,NA,D,6,1,765402.585,60,2004,35,3.99,10.49
154782,Active,870823,NA,NA,D,5,1,798010.8838,56,2001,30,5.18,7.99
154783,Active,870526,NA,NA,S,4,1,815212.3275,41,1998,33,4,28.99
154784,Active,145640,NA,NA,D,7,1,243208.2575,73.8,2007,27,13.91,38.91
154785,Active,133270,NA,NA,S,8,1,84873.45,103.8,2010,39,30.64,68.99
154786,Active,1866763,NA,NA,S,9,1,121307.3688,65,2013,21,29.96,39.81
154787,Active,294584,NA,NA,S,2,1,13714.645,24.99,2009,50,13,0
154788,Active,224887,NA,NA,S,3,1,63727.3525,63,2006,51,26.68,43.4
154789,Active,646958,NA,NA,S,1,0,41466.075,67.99,2013,21,37.94,43.37
154790,Active,203627,NA,NA,D,2,1,850074.6163,39.95,2005,83,4,6.78
154791,Active,546794,NA,NA,S,4,1,16381.76625,49.99,2013,94,31.27,33.54
154792,Active,203923,NA,NA,D,3,1,368195.7238,41.99,2009,94,4,31.98
154793,Active,194003,NA,NA,D,2,1,334564.6413,59,2002,89,4,9.95
154794,Active,204068,NA,NA,S,1,0,323617.9038,96.99,2011,54,18.9,0
154795,Active,203924,NA,NA,D,8,1,281329.5713,40.99,2009,78,4,11.98
154796,Active,55541,NA,NA,D,8,1,182347.89,40.99,2009,130,4.35,10.62
154797,Active,55540,NA,NA,D,7,1,922253.4513,36.95,2006,106,4,11.89
154798,Active,546795,NA,NA,S,9,1,1884.48875,46.99,2013,91,29.88,34.5
154799,Active,2866372,NA,NA,S,2,1,2287863.794,45,1992,32,4,4.37
154800,Active,533143,NA,NA,S,4,1,56899.45125,75,2012,46,36.38,36.41
154801,Active,204017,NA,NA,D,1,0,96401.94875,85.99,2010,77,5.32,43.85
154802,Active,633758,NA,NA,S,2,1,23951.02625,89.99,2013,79,12.54,38.99
154803,Active,545674,NA,NA,S,4,1,13298.23125,51.99,2013,124,18.93,24
154804,Active,203990,NA,NA,D,2,1,749589.1925,44.95,2007,38,4,11.18
154805,Active,204178,NA,NA,D,3,1,174919.1863,46.99,2010,78,3.49,9.86
154806,Active,2670462,NA,NA,D,0,0,10914104.15,120,1993,7,8.64,0
154807,Active,294168,NA,NA,D,6,1,135987.1675,67.99,2009,100,4.29,11.69
154808,Active,203626,NA,NA,D,5,1,1364234.184,59.95,2005,89,4,9.98
154809,Active,546796,NA,NA,S,7,1,15726.2,77.99,2013,80,31.89,41.05
154810,Active,203919,NA,NA,S,2,1,142602.28,67.99,2009,36,30.63,40.82
154811,Active,270989,NA,NA,S,1,0,102025.1275,75.99,2011,44,38.42,38.56
154812,Active,655214,NA,NA,S,0,0,35870.75,76.99,2013,38,38.89,47.6
154813,Active,478930,NA,NA,D,3,1,143186.2413,70.99,2009,130,5.37,7.95
154814,Active,60030,NA,NA,D,2,1,1260331.934,65.95,2006,82,3.94,5.57
154815,Active,533142,NA,NA,S,2,1,584770.8175,65,2009,46,17.54,43.97
154816,Active,893062,NA,NA,S,6,1,72287.4,29.99,2015,18,17,0
154817,Active,546295,NA,NA,S,1,0,10968.06375,39.95,2009,30,23.96,0
154818,Active,112026,NA,NA,S,6,1,103746.9125,158.61,2011,67,17.94,103.13
154819,Active,533139,NA,NA,S,2,1,632290.9175,47.95,2012,23,30.02,37.78
154820,Active,157939,NA,NA,D,1,0,1578712.47,48.95,2001,42,4,13.94
154821,Active,2322924,NA,NA,S,2,1,1508477.601,63.95,1992,55,4,14.99
154822,Active,608616,NA,NA,S,4,1,595638.7975,136.95,2005,58,4,19.88
154823,Active,2669110,NA,NA,D,3,1,3011641.621,7.95,1983,20,4,17.87
154824,Active,2019626,NA,NA,S,5,1,591027.0675,53.95,2010,27,37.13,54.68
154825,Active,50406,NA,NA,D,11,1,169856.6613,172.95,2011,66,4.29,28.24
154826,Active,50405,NA,NA,D,10,1,851077.2813,182.95,2008,42,4,17.94
154827,Active,876700,NA,NA,S,0,0,734689.1725,16.95,2011,44,11.23,16.85
154828,Active,60031,NA,NA,D,4,1,135890.8575,71.31,2001,70,4.83,18.88
154829,Active,266235,NA,NA,D,6,1,227143.4888,172.95,2011,47,18.28,53.99
154830,Active,533138,NA,NA,D,5,1,608520.5538,182.95,2008,53,4,38.73
154831,Active,142089,NA,NA,D,2,1,259872.3163,53.57,2011,69,4,43.41
154832,Active,141863,NA,NA,D,1,0,1203620.834,9.93,2008,78,4,9.93
154833,Active,658514,NA,NA,S,7,1,251179.3813,34,2009,50,18.96,32
154834,Active,2363778,NA,NA,D,2,1,1072857.449,74,1989,37,4,14.94
154835,Active,286096,NA,NA,D,3,1,284636.3913,49.6,2006,131,4,13.78
154836,Active,247891,NA,NA,D,3,1,333763.09,68,2007,44,4.35,23.49
154837,Active,652404,NA,NA,S,4,1,43471.93,68,2013,35,43.99,46.21
154838,Active,612601,NA,NA,S,4,1,42710.015,65,2013,64,48.59,48.57
154839,Active,592166,NA,NA,D,3,1,287508.5738,58,2011,66,22.96,40.35
154840,Active,199031,NA,NA,S,2,1,941078.915,44.95,1999,56,3.99,7.98
154841,Active,865903,NA,NA,S,2,1,792184.77,62,2009,25,3.9,33.61
154842,Active,552328,NA,NA,S,1,0,550178.55,73,2012,24,42.48,0
154843,Active,116071,NA,NA,S,2,1,2529865.989,51.8,2004,37,3.99,5.74
154844,Active,120373,NA,NA,S,3,1,580721.1175,78.4,2008,37,4.03,93.64
154845,Active,118517,NA,NA,S,2,1,167221.2788,75.6,2007,45,4.99,30.13
154846,Active,652419,NA,NA,S,1,0,59488.92375,49,2013,16,29.67,28.94
154847,Active,115482,NA,NA,S,1,0,342908.6188,49.8,2004,26,40.37,0
154848,Active,115110,NA,NA,S,0,0,713794.2825,84,2001,34,10.73,0
154849,Active,159397,NA,NA,S,6,1,324787.9488,79.95,1998,19,6.38,53.99
154850,Active,533136,NA,NA,S,2,1,923475.1388,49.99,2010,49,5.01,25
154851,Active,619340,NA,NA,S,2,1,575790.175,44.99,2011,61,6.7,19.86
154852,Active,592239,NA,NA,S,1,0,762698.1725,126.95,2011,37,4.79,0
154853,Active,627592,NA,NA,S,0,0,141682.15,69.45,2006,47,4,23.97
154854,Active,655208,NA,NA,S,5,1,61149.7025,59.99,2013,29,31.98,36.34
154855,Active,903924,NA,NA,D,4,1,893132.7113,54.99,2008,29,5.72,28.98
154856,Active,660859,NA,NA,S,4,1,598287.275,59.99,2013,55,30.47,35.44
154857,Active,533135,NA,NA,S,2,1,263005.7438,31.99,2008,54,16.37,20.23
154858,Active,681256,NA,NA,D,2,1,1477905.948,29.8,2007,25,4,9.99
154859,Active,117222,NA,NA,D,2,1,503020.7188,43.4,2005,35,5.95,7.99
154860,Active,665437,NA,NA,D,1,0,1692521.126,100.95,2012,18,63.49,63.78
154861,Active,322435,NA,NA,S,1,0,165180.4875,70,1996,91,8.74,0
154862,Active,212611,NA,NA,S,0,0,892511.6163,57.6,2005,26,5.78,0
154863,Active,652256,NA,NA,S,1,0,77002.65,80,2013,53,6.38,9.71
154864,Active,148699,NA,NA,S,4,1,3082939.21,52.95,2007,15,6.19,80.34
154865,Active,194207,NA,NA,S,2,1,428579.9063,39.95,2010,18,8.41,19.27
154866,Active,868631,NA,NA,D,0,0,1278019.619,65,1995,24,8.48,38.99
154867,Active,104172,NA,NA,S,2,1,57473.8125,90,1999,41,29.98,52.09
154868,Active,872314,NA,NA,S,3,1,809206.855,59.11,2012,30,9.69,20.08
154869,Active,130430,NA,NA,S,3,1,77924.69625,129,2011,76,7.48,15.49
154870,Active,642203,NA,NA,S,3,1,366104.355,54.95,2012,38,16.35,23
154871,Active,535619,NA,NA,S,3,1,307110.395,54.95,2012,48,20.29,30
154872,Active,544242,NA,NA,S,3,1,143309.975,54.95,2013,34,14.99,33.99
154873,Active,251199,NA,NA,D,2,1,1261738.128,42.95,2007,35,4,12.85
154874,Active,544244,NA,NA,S,3,1,584972.8925,54.95,2012,33,6.76,17
154875,Active,206002,NA,NA,D,3,1,280567.57,62,2014,60,4.48,44.89
154876,Active,145552,NA,NA,S,3,1,2644604.724,26.67,2006,35,4,54.47
154877,Active,1952438,NA,NA,S,2,1,895886.4038,69.95,2013,40,39.34,48.99
154878,Active,200643,NA,NA,D,3,1,2096176.018,61.95,2010,25,4,15.99
154879,Active,664293,NA,NA,S,4,1,191962.1313,59.95,2013,16,24.93,0
154880,Active,262778,NA,NA,S,3,1,643296.8238,36.95,2010,20,30.94,37.95
154881,Active,607295,NA,NA,S,6,1,2142086.489,46.2,2004,28,4,12.23
154882,Active,120959,NA,NA,S,7,1,189824.6475,112,2008,46,9.84,16.98
154883,Active,635404,NA,NA,S,6,1,505107.9675,214.95,1999,24,13.01,67.35
154884,Active,212314,NA,NA,S,2,1,106568.125,60,2006,16,17.78,22.22
154885,Active,609510,NA,NA,S,4,1,779595.1688,149.95,2006,25,10.68,60.93
154886,Active,758765,NA,NA,D,1,0,647819.8313,79.39,2004,15,9.58,37.45
154887,Active,534162,NA,NA,S,4,1,380572.0563,126.5,2010,43,20.99,77.01
154888,Active,618097,NA,NA,D,3,1,1286754.03,40.24,2004,47,4,31.32
154889,Active,757490,NA,NA,S,1,0,1331827.623,100,1997,47,8.14,35
154890,Active,614580,NA,NA,S,5,1,90805.5675,67.95,2005,39,7.63,0
154891,Active,615304,NA,NA,S,3,1,451785.2638,38.67,2010,111,4,18.88
154892,Active,290491,NA,NA,S,0,0,346213.96,50,2001,49,4,0
154893,Active,533124,NA,NA,S,7,1,423464.7863,69.6,2007,18,4.95,7.49
154894,Active,2363838,NA,NA,S,5,1,5619275.099,25.97,1990,23,4,25.97
154895,Active,60933,NA,NA,D,3,1,840991.6375,62.2,2005,49,4,16.99
154896,Active,617001,NA,NA,S,0,0,7407.7125,31.95,1989,83,10.96,17.79
154897,Active,534182,NA,NA,S,2,1,212880.6863,45.95,2010,29,29.49,0
154898,Active,544246,NA,NA,S,4,1,470757.5575,50.95,2013,35,29.13,43.39
154899,Active,1691697,NA,NA,S,0,0,41573.2,54.99,2007,23,31.57,33.99
154900,Active,127112,NA,NA,S,2,1,221874.27,19.95,2006,49,6.45,0
154901,Active,239277,NA,NA,S,2,1,204220.2188,95,1997,26,23.19,0
154902,Active,542098,NA,NA,D,1,0,273232.0125,80,2009,54,7.24,23.98
154903,Active,159404,NA,NA,D,1,0,2062214.473,79.95,2000,24,4.85,73.87
154904,Active,248757,NA,NA,S,1,0,646214.1538,89.95,2007,18,41.7,0
154905,Active,608960,NA,NA,D,2,1,1118839.173,75.95,2002,49,4,33.97
154906,Active,3123752,NA,NA,D,1,0,515469.5638,52.75,1999,23,31.97,49.86
154907,Active,192925,NA,NA,D,1,0,3444995.728,175,2003,13,12.03,62.91
154908,Active,616546,NA,NA,S,1,0,7198.55,50,2009,58,13.33,28.87
154909,Active,2333477,NA,NA,D,0,0,1279627.723,41.94,1986,55,4,44.39
154910,Active,2333487,NA,NA,S,2,1,708274.5125,256.05,1995,23,10.11,85.45
154911,Active,545681,NA,NA,S,4,1,341654.3338,62.99,2013,39,6.98,20.98
154912,Active,212634,NA,NA,S,3,1,449746.5738,110.33,2006,19,21.64,88.99
154913,Active,175049,NA,NA,S,2,1,711633.9288,94.99,2008,35,12.58,57.75
154914,Active,514605,NA,NA,D,9,1,309343.7138,193,2009,37,19.5,35.25
154915,Active,104840,NA,NA,D,7,1,2239382.805,99.95,2000,30,5.88,48.98
154916,Active,533114,NA,NA,S,4,1,739945.1813,77.95,2012,32,8.13,24.65
154917,Active,608003,NA,NA,D,2,1,5424354.969,58.95,2004,18,4,7.94
154918,Active,147464,NA,NA,D,3,1,1937614.695,71.95,2008,33,4,7.94
154919,Active,203575,NA,NA,D,5,1,1937202.413,169.99,2002,27,45.84,141.2
154920,Active,721230,NA,NA,S,1,0,410677.1963,74,2004,127,4,7.69
154921,Active,641633,NA,NA,S,2,1,559711.095,64,2007,43,17.84,36.81
154922,Active,2671016,NA,NA,D,5,1,528017.1088,0,1997,24,4.96,108.37
154923,Active,2669954,NA,NA,D,4,1,4778886.121,68.3,1993,22,4.77,43.94
154924,Active,190435,NA,NA,S,6,1,332699.4725,74.09,2003,42,15.63,71.81
154925,Active,115836,NA,NA,D,6,1,848367.4488,73,2003,50,4,53.19
154926,Active,117309,NA,NA,D,7,1,161565.6413,112,2007,52,4.39,40.9
154927,Active,1633928,NA,NA,S,1,0,34274.43875,49.99,2014,21,30.6,32.34
154928,Active,626871,NA,NA,S,2,1,1087959.794,124,1994,28,21.58,150.22
154929,Active,264984,NA,NA,D,1,0,1974159.029,109.95,2007,22,35,93.57
154930,Active,200417,NA,NA,S,3,1,152507.7713,157.95,2009,93,6.06,38.97
154931,Active,199220,NA,NA,S,0,0,133259.0513,55,2008,41,10.54,0
154932,Active,626410,NA,NA,S,1,0,87777.42,45,2006,49,22.92,28.99
154933,Active,3567870,NA,NA,D,1,0,520857.6,49.95,2004,65,23.94,29.98
154934,Active,169326,NA,NA,D,2,1,124849.9063,188.95,2007,82,13.68,60.73
154935,Active,762110,NA,NA,D,3,1,1574521.209,55,2006,16,37.11,53.98
154936,Active,177796,NA,NA,D,1,0,702901.7563,81.95,2003,44,4,40.97
154937,Active,125875,NA,NA,D,1,0,1920245.446,99.5,1999,34,4,46.49
154938,Active,556792,NA,NA,S,0,0,400974.635,73.98,1993,85,4,0
154939,Active,2430454,NA,NA,S,4,1,567766.145,88.75,1995,64,4.54,33.98
154940,Active,2430455,NA,NA,S,4,1,1541877.539,134.9,1995,23,6.86,55.01
154941,Active,533108,NA,NA,S,12,1,700908.2838,36,2010,60,4,0
154942,Active,256505,NA,NA,D,1,0,423416.0688,39.95,2001,56,4.4,23.88
154943,Active,253636,NA,NA,D,2,1,144861.5663,49.95,2007,67,4.9,33.91
154944,Active,2097844,NA,NA,S,2,1,90189.835,0,2014,17,46.22,173.97
154945,Active,625348,NA,NA,D,1,0,538642.215,107.95,2008,40,4,109.39
154946,Active,248302,NA,NA,S,3,1,432501.7825,142.95,2005,31,4.94,63.49
154947,Active,261411,NA,NA,D,2,1,3552608.82,62,2003,27,4,26.55
154948,Active,1921825,NA,NA,S,2,1,1219025.896,199,2009,19,19.25,137.03
154949,Active,655170,NA,NA,S,1,0,22120.425,69.95,2013,28,28.53,53.98
154950,Active,166694,NA,NA,D,4,1,1420608.984,160,2006,15,67.99,98.44
154951,Active,701596,NA,NA,S,6,1,797626.9,39.95,2008,18,50.47,0
154952,Active,2777739,NA,NA,D,9,1,2701708.416,130,1992,24,5.42,42.49
154953,Active,146923,NA,NA,D,10,1,1608912.791,143,2002,24,20.98,78.14
154954,Active,110040,NA,NA,D,7,1,356153.1525,53.3,2011,75,5,31.99
154955,Active,112220,NA,NA,S,5,1,647638.0675,18.99,2004,42,4.93,18.49
154956,Active,110557,NA,NA,D,6,1,386324.8413,36.98,2007,56,4,36.98
154957,Active,247875,NA,NA,D,1,0,623365.7338,108,2009,54,4.39,28.99
154958,Active,115086,NA,NA,S,1,0,736861.025,167.8,2002,64,4,0
154959,Active,170023,NA,NA,D,8,1,563442.23,171.95,2010,42,9.71,72.79
154960,Active,60033,NA,NA,D,7,1,397840.95,184.95,2007,41,4.28,42.62
154961,Active,252027,NA,NA,D,4,1,554483.2238,163.95,2008,40,4.53,51.41
154962,Active,202392,NA,NA,D,3,1,2118819.358,206.95,2002,37,4,9.53
154963,Active,633167,NA,NA,S,4,1,522517.115,34.95,2011,37,5.34,13.68
154964,Active,893014,NA,NA,S,5,1,68599.99125,34.95,2014,32,15.21,24.95
154965,Active,921575,NA,NA,S,3,1,1041600.011,34.95,2008,63,4,13.74
154966,Active,143279,NA,NA,D,6,1,658737.4938,225,2009,40,8.99,62.83
154967,Active,667673,NA,NA,D,2,1,2916728.466,60,2011,20,4.99,40.94
154968,Active,116067,NA,NA,D,3,1,2884788.18,121.8,2005,27,4,11.97
154969,Active,600117,NA,NA,D,10,1,1904920.063,25,2007,25,4,10
154970,Active,900154,NA,NA,D,2,1,4681900.373,76.95,1998,16,4.4,82.07
154971,Active,144134,NA,NA,S,3,1,2356074.824,288.4,1999,27,4,97.59
154972,Active,142890,NA,NA,S,5,1,270859.8013,43,2006,36,16.2,33.99
154973,Active,775523,NA,NA,S,5,1,5264808.404,97,2002,17,4.35,99.87
154974,Active,193453,NA,NA,D,6,1,237056.95,149,2006,49,6.15,53.98
154975,Active,143446,NA,NA,S,2,1,563601.1775,200,2010,47,10.39,83.99
154976,Active,868457,NA,NA,S,5,1,3416773.086,4,2006,18,4,4
154977,Active,119988,NA,NA,D,4,1,1248104.241,144.8,2008,56,4,28.54
154978,Active,120235,NA,NA,D,5,1,208771.8038,174.4,2011,46,6.63,48.71
154979,Active,193629,NA,NA,D,2,1,1858796.503,140,2008,24,4.13,10
154980,Active,193316,NA,NA,D,0,0,4836833.974,108,2003,14,6.94,14.47
154981,Active,737804,NA,NA,S,3,1,598627.0288,59,2008,9,47.21,58.93
154982,Active,613228,NA,NA,D,10,1,1312190.063,168,2003,57,4,43.86
154983,Active,667321,NA,NA,S,2,1,376926.8163,44,2012,25,13.22,14.37
154984,Active,270083,NA,NA,D,1,0,856766.2488,211,2010,25,8.88,33.94
154985,Active,193729,NA,NA,D,6,1,405078.96,225,2011,93,5.03,13.99
154986,Active,193454,NA,NA,D,5,1,1492201.714,143,2006,38,4,8.94
154987,Active,912163,NA,NA,D,3,1,3132844.648,105,2001,22,4.09,73.09
154988,Active,901602,NA,NA,D,0,0,4388500.925,71.5,2009,18,4.97,45.47
154989,Active,556171,NA,NA,D,10,1,2015290.866,90,2009,15,5.54,82.61
154990,Active,2268089,NA,NA,S,3,1,1279225.63,50.97,2009,49,5.99,45.77
154991,Active,217248,NA,NA,D,4,1,2251535.641,80,2004,29,4.09,11.99
154992,Active,217332,NA,NA,S,5,1,255981.8425,82,2010,30,33.33,56.99
154993,Active,286182,NA,NA,D,1,0,1159530.878,121.4,2009,98,4,7.97
154994,Active,533102,NA,NA,S,7,1,51433.00125,110.95,2012,103,8.99,61.48
154995,Active,178597,NA,NA,S,13,1,278561.9038,226.95,2004,80,7.68,54.07
154996,Active,533101,NA,NA,S,12,1,2062455.966,107.95,1999,31,4,4.55
154997,Active,313499,NA,NA,D,7,1,4137630.734,78.4,2000,24,4,16.49
154998,Active,116205,NA,NA,S,8,1,252867.7413,171.6,2004,69,8.97,56.21
154999,Active,349960,NA,NA,S,13,1,237970.3413,171.95,2004,57,4.3,87.82
155000,Active,143007,NA,NA,D,3,1,1935774.275,143,2006,40,4.34,26.49
155001,Active,143264,NA,NA,D,4,1,476435.785,210,2010,94,4.39,30.88
155002,Active,624316,NA,NA,D,4,1,1706803.105,120.7,2010,27,4,22.79
155003,Active,275830,NA,NA,D,0,0,2449125.3,39,2004,17,23.08,136.95
155004,Active,131694,NA,NA,D,2,1,1482131.084,73.4,2003,28,4,44.61
155005,Active,2470948,NA,NA,S,2,1,3753062.894,53.25,1994,19,8.26,112.59
155006,Active,652053,NA,NA,D,4,1,924498.23,95,2004,25,31.6,99.72
155007,Active,268810,NA,NA,D,2,1,1006941.421,78,2008,21,10.97,73.71
155008,Active,643854,NA,NA,S,6,1,480114.7063,43,2010,22,32.31,42.6
155009,Active,737398,NA,NA,S,5,1,2450573.009,35,2005,19,4,11.17
155010,Active,624690,NA,NA,S,1,0,82822.175,59.99,2012,23,27.34,28.99
155011,Active,3474273,NA,NA,S,1,0,16716.45,59.99,2016,22,38.99,36.75
155012,Active,649711,NA,NA,S,1,0,908187.5288,69.99,2012,23,38.27,38.97
155013,Active,2485383,NA,NA,S,1,0,72948.5175,79.99,2014,0,0,0
155014,Active,740847,NA,NA,D,1,0,1989648.246,59.99,2006,31,4.12,13.98
155015,Active,533098,NA,NA,S,2,1,1050871.928,39.99,2008,37,4.68,10.46
155016,Active,649566,NA,NA,S,1,0,23777.0025,39.99,2013,52,22.18,23.98
155017,Active,646932,NA,NA,S,1,0,84213.86625,59.99,2013,19,26.06,33.97
155018,Active,620225,NA,NA,D,1,0,304027.3525,59.99,2012,48,7.73,28.93
155019,Active,163101,NA,NA,S,1,0,580516.3575,59.99,2010,56,4.15,0
155020,Active,146003,NA,NA,S,1,0,733355.3688,54.99,2008,132,4,9.97
155021,Active,1455611,NA,NA,S,1,0,163847.02,59.99,2014,37,7.09,36.13
155022,Active,1455626,NA,NA,S,1,0,6145.225,79.99,2015,8,53.33,11.49
155023,Active,330967,NA,NA,D,1,0,1302517.26,167.95,2009,34,4.06,21.12
155024,Active,178672,NA,NA,D,1,0,845694.6175,174.95,2011,56,3.88,32.97
155025,Active,533095,NA,NA,S,1,0,600784.2313,75.95,2012,45,10.03,40.05
155026,Active,288742,NA,NA,S,0,0,1109757.704,39.99,2011,35,4,0
155027,Active,654065,NA,NA,S,1,0,1078192.116,130.95,2012,50,4.26,29.98
155028,Active,626701,NA,NA,S,1,0,176487.8238,83.95,2012,40,9.1,42.45
155029,Active,536550,NA,NA,S,1,0,421340.5313,54.99,2012,103,5.48,28.98
155030,Active,288678,NA,NA,S,1,0,685229.2413,54.99,2008,140,4,8.92
155031,Active,1455621,NA,NA,S,1,0,21384.1,59.99,2014,17,29.17,35.43
155032,Active,1455552,NA,NA,D,1,0,34434.87625,59.99,2014,74,20.27,35.11
155033,Active,540709,NA,NA,S,1,0,41126.49375,59.99,2012,69,12.38,29.99
155034,Active,288714,NA,NA,D,1,0,86251.01125,54.99,2010,144,4,8.88
155035,Active,145120,NA,NA,S,0,0,522765.8625,55,2005,95,4,15.99
155036,Active,145683,NA,NA,S,0,0,401129.6538,54.99,2007,147,4,0
155037,Active,146002,NA,NA,S,1,0,423643.9213,54.99,2008,121,4,9.97
155038,Active,621913,NA,NA,S,1,0,388108.9763,83.95,2012,62,6.28,43.94
155039,Active,243844,NA,NA,S,1,0,500472.9838,95.95,2010,66,4,11.53
155040,Active,116122,NA,NA,D,1,0,1329261.086,69.8,2008,50,4,39.99
155041,Active,536551,NA,NA,S,1,0,34389,54.99,2012,92,9.98,23.99
155042,Active,613568,NA,NA,S,1,0,662793.2875,54.99,2008,131,4,16.99
155043,Active,146413,NA,NA,S,1,0,142309.9813,54.99,2010,157,4,14.97
155044,Active,1829930,NA,NA,S,1,0,111011.0013,91.95,2014,22,52.93,53.94
155045,Active,623817,NA,NA,D,1,0,564278.215,83.95,2012,42,8.94,16.69
155046,Active,243845,NA,NA,S,1,0,810685.18,95.95,2010,62,4,28.98
155047,Active,144449,NA,NA,S,0,0,652557.0863,54.99,2002,157,4,0
155048,Active,536545,NA,NA,S,1,0,8194.65875,54.99,2012,86,9.48,32.63
155049,Active,146411,NA,NA,D,1,0,191091.8813,54.99,2010,172,4,27.99
155050,Active,612953,NA,NA,D,1,0,445845.2575,59.99,2008,192,4,8.99
155051,Active,1786730,NA,NA,S,2,1,237943.2363,59.95,2014,23,26.2,28.99
155052,Active,3646192,NA,NA,S,3,1,13886.575,59.95,2015,33,38.25,40.06
155053,Active,298683,NA,NA,S,1,0,1124148.02,125.95,2007,66,4,8.42
155054,Active,145761,NA,NA,S,6,1,1610191.486,55,2007,73,3.98,34.2
155055,Active,178668,NA,NA,D,1,0,2670816.754,84.95,2010,24,4,41.42
155056,Active,592908,NA,NA,D,1,0,2838946.161,88.95,2008,19,4,18.52
155057,Active,534167,NA,NA,S,1,0,723085.7713,95.95,2010,80,4,13.92
155058,Active,540713,NA,NA,S,1,0,193295.1913,54.99,2012,103,11.49,33.74
155059,Active,135527,NA,NA,D,0,0,520440.1938,54.95,2010,117,4,14.7
155060,Active,621914,NA,NA,S,1,0,166176.2013,83.95,2012,53,9.44,35.37
155061,Active,533082,NA,NA,S,2,1,2039010.348,59.95,2009,23,4,44.31
155062,Active,623565,NA,NA,S,0,0,61679.575,88.8,2007,43,20.34,61.46
155063,Active,146407,NA,NA,S,1,0,837326.2813,54.99,2010,59,4,27.73
155064,Active,642004,NA,NA,S,1,0,14968.75,49.99,2013,70,58.37,77.58
155065,Active,1455613,NA,NA,S,1,0,24647.2,59.99,2015,19,35.43,35.54
155066,Active,533080,NA,NA,S,2,1,458926.0538,55,2003,33,4.36,48.97
155067,Active,145086,NA,NA,S,3,1,254722.2025,54.99,2006,79,5.66,24.75
155068,Active,3474281,NA,NA,S,1,0,4134.275,59.99,2015,30,37.8,37.02
155069,Active,614716,NA,NA,D,1,0,502356.6513,59.99,2008,62,4,19.3
155070,Active,146427,NA,NA,D,1,0,289757.0275,59.99,2010,108,4.35,17.98
155071,Active,632448,NA,NA,D,1,0,1141525.545,69.99,2010,22,28.69,41.99
155072,Active,533079,NA,NA,S,4,1,785274.3388,44.99,2011,53,37.81,77.89
155073,Active,285598,NA,NA,D,14,1,71453.73125,49.99,2011,146,5.89,42.98
155074,Active,52597,NA,NA,S,6,1,3330871.014,0,2001,50,4,113.69
155075,Active,704660,NA,NA,D,5,1,2283308.511,10.99,2003,30,4.12,13.98
155076,Active,860577,NA,NA,S,5,1,128120.0938,150,2012,65,47.99,84.89
155077,Active,52908,NA,NA,D,3,1,177638.2138,139.8,2006,115,4,17.99
155078,Active,52909,NA,NA,D,4,1,69511.95375,167.2,2009,64,10.49,62.61
155079,Active,537847,NA,NA,D,13,1,280081.385,51.49,2009,133,6.43,48.99
155080,Active,109477,NA,NA,S,11,1,1516666.764,139.2,2007,65,4,38.74
155081,Active,534362,NA,NA,S,7,1,1017034.124,90.31,2004,82,4,6.99
155082,Active,52601,NA,NA,D,9,1,47910.07625,43.99,2010,127,12.96,43.99
155083,Active,614717,NA,NA,D,6,1,517233.3013,36.98,2006,55,4,32.98
155084,Active,616183,NA,NA,S,7,1,164704.7675,134.95,2010,47,9.18,48.99
155085,Active,537884,NA,NA,D,12,1,713406.925,28.46,2007,141,4,14.85
155086,Active,52600,NA,NA,D,8,1,347118.9675,9.21,2007,110,4,8.97
155087,Active,131816,NA,NA,D,11,1,827412.175,109.8,2005,42,4,21.49
155088,Active,132357,NA,NA,D,12,1,413083.2363,137.2,2007,30,6.98,81.35
155089,Active,542850,NA,NA,S,4,1,609551.2188,165.95,2006,28,8.21,103.07
155090,Active,162306,NA,NA,S,1,0,249644.9963,100,2009,36,22.03,0
155091,Active,478921,NA,NA,D,5,1,370277.0138,139.99,2007,37,18.83,90.31
155092,Active,148951,NA,NA,S,0,0,74921.6025,48.13,2007,97,5.89,0
155093,Active,52783,NA,NA,S,7,1,48093.19125,113,2011,40,31.99,82.98
155094,Active,110532,NA,NA,S,5,1,2939148.624,32.75,2006,26,4,13.99
155095,Active,861860,NA,NA,S,5,1,330240.045,60,2014,16,43.99,150.7
155096,Active,625000,NA,NA,S,3,1,561051.1275,60,2006,29,39.32,94.59
155097,Active,165026,NA,NA,D,2,1,1102063.239,49.95,2000,51,4,12.99
155098,Active,862340,NA,NA,S,5,1,4221.335,65,2014,30,25.95,38.09
155099,Active,641319,NA,NA,S,3,1,769149.8963,49.95,2011,18,36.44,43.59
155100,Active,863357,NA,NA,S,2,1,366516.8688,19.95,2006,25,14.24,0
155101,Active,870857,NA,NA,D,1,0,1560904.176,80,2001,29,4,28.5
155102,Active,276843,NA,NA,S,1,0,202356.8025,19.95,2003,80,4,17.87
155103,Active,620861,NA,NA,D,2,1,1163833.183,199,2008,37,4.43,63.98
155104,Active,2363273,NA,NA,D,1,0,962132.505,175,1998,20,6,88.23
155105,Active,868715,NA,NA,D,2,1,630404.2925,28.69,2004,16,23.93,28.66
155106,Active,156446,NA,NA,S,2,1,3406499.61,51.95,1995,30,4,70.23
155107,Active,631630,NA,NA,D,3,1,138651.7825,72.95,2009,44,6.32,17.73
155108,Active,644412,NA,NA,S,4,1,29409.49875,86.95,2013,46,43.98,63.99
155109,Active,778643,NA,NA,D,1,0,1146303.084,89.95,2008,20,4.8,58.98
155110,Active,3108188,NA,NA,S,5,1,71333.56625,59.99,2015,22,35.52,33.13
155111,Active,538173,NA,NA,D,1,0,1530102.143,383,2009,21,33.66,38.84
155112,Active,115223,NA,NA,S,5,1,177756.43,230,2001,56,22.2,85.16
155113,Active,867361,NA,NA,S,5,1,12717.215,229.25,2014,65,21.25,55.99
155114,Active,54567,NA,NA,D,6,1,23762.48,286.95,2010,121,7.95,32.87
155115,Active,108666,NA,NA,S,3,1,174208.7613,47.44,2006,42,18.99,0
155116,Active,54569,NA,NA,D,5,1,1009802.449,187.95,2005,101,4,8.24
155117,Active,56416,NA,NA,D,3,1,1037233.178,7.12,2007,81,4,4.72
155118,Active,533074,NA,NA,S,6,1,97458.61375,39.43,2008,96,4.98,13.97
155119,Active,60035,NA,NA,D,4,1,3649244.188,93,1996,31,4.35,32.94
155120,Active,56417,NA,NA,D,4,1,106386.5475,32.99,2010,118,4.39,26.99
155121,Active,873960,NA,NA,S,8,1,28013.17125,67.95,2015,37,44.49,49.14
155122,Active,609439,NA,NA,S,5,1,882353.5125,47.95,1998,82,4,11.86
155123,Active,663741,NA,NA,S,1,0,17375.225,50,2013,31,37.7,38.32
155124,Active,909370,NA,NA,D,2,1,2365479.791,53.5,1998,21,4,44.37
155125,Active,299648,NA,NA,S,3,1,129543.16,87.73,2015,28,37.1,71.41
155126,Active,860267,NA,NA,S,2,1,398259.7013,135,2011,25,13.2,20.96
155127,Active,3123748,NA,NA,S,3,1,1883280.711,57,1999,25,4.13,20.76
155128,Active,58170,NA,NA,D,6,1,527545.155,11.27,2012,54,6.58,28.49
155129,Active,58174,NA,NA,D,5,1,1052341.744,20.39,2007,86,4,15.17
155130,Active,167187,NA,NA,D,2,1,515194.6838,60,2006,20,30.84,58.99
155131,Active,867349,NA,NA,S,5,1,17235.05875,60,2014,22,49.97,51.13
155132,Active,664695,NA,NA,S,2,1,12756.87125,60,2013,26,32.99,0
155133,Active,628827,NA,NA,D,1,0,802508.7325,45,2007,22,13.94,0
155134,Active,533071,NA,NA,D,5,1,99222.915,171.5,2011,51,6.98,76.65
155135,Active,601193,NA,NA,D,2,1,399761.285,408.07,2013,54,7.08,73.42
155136,Active,161849,NA,NA,D,3,1,1310696.873,100.12,2007,43,4.33,53.65
155137,Active,533072,NA,NA,D,11,1,175034.0263,278.4,2011,79,3,29.99
155138,Active,60037,NA,NA,D,9,1,2378651.796,178.67,2005,81,4.7,11.91
155139,Active,698644,NA,NA,S,10,1,2433742.943,30,2010,24,4.47,47.35
155140,Active,766408,NA,NA,S,11,1,1297555.778,101.75,2011,9,41.98,79.78
155141,Active,178705,NA,NA,D,11,1,110819.8788,381.95,2011,74,6.01,37.49
155142,Active,162906,NA,NA,D,4,1,732349.7988,13.71,2009,40,4.97,22.49
155143,Active,120644,NA,NA,D,10,1,1137365.83,221.33,2008,48,4.28,13.98
155144,Active,603402,NA,NA,D,0,0,263852.795,33.99,2012,29,8.99,23.94
155145,Active,53862,NA,NA,D,10,1,623993.8125,23.92,2010,108,4.14,22.89
155146,Active,561773,NA,NA,S,8,1,8281567.199,89.95,2001,34,4,5.94
155147,Active,60038,NA,NA,D,9,1,1900129.026,230.95,2005,36,4.49,46.96
155148,Active,533864,NA,NA,D,10,1,560143.5725,333.95,2008,45,6.39,61.98
155149,Active,279486,NA,NA,D,0,0,855349.7213,12.67,2010,24,4.99,9.99
155150,Active,633850,NA,NA,S,1,0,603392.0313,83.95,2012,34,18.68,61.86
155151,Active,631545,NA,NA,S,3,1,367516.0438,138.75,2010,48,28.97,98.87
155152,Active,868379,NA,NA,D,2,1,354841.725,82.35,1998,69,4.67,32.18
155153,Active,1989634,NA,NA,S,1,0,18075.35,49.99,2015,18,19.8,23.58
155154,Active,916604,NA,NA,D,2,1,950142.7275,69.5,2002,34,4,51.6
155155,Active,1455494,NA,NA,S,4,1,527739.0625,59.99,2014,22,36.14,46.67
155156,Active,211020,NA,NA,D,2,1,109658.3513,64.95,2011,63,7.44,13.33
155157,Active,872224,NA,NA,S,3,1,7870.4775,71.95,2014,33,47.42,52.44
155158,Active,210946,NA,NA,D,1,0,1220569.468,56.95,2005,53,4,7.97
155159,Active,163231,NA,NA,S,2,1,426801.4825,46,2010,40,4.39,0
155160,Active,618810,NA,NA,S,3,1,420304.4313,224.95,1983,29,14.35,108.99
155161,Active,2332470,NA,NA,D,2,1,2923413.783,81.01,1965,28,4.63,53.41
155162,Active,2421940,NA,NA,D,1,0,3131007.146,54.55,1952,20,4,54.53
155163,Active,2621670,NA,NA,D,1,0,958511.375,139.95,1995,33,5.19,20.37
155164,Active,2364169,NA,NA,D,0,0,2138815.813,59.43,1962,23,5.27,58.95
155165,Active,551601,NA,NA,S,2,1,347344.8913,116.6,1976,47,17.14,65.73
155166,Active,230079,NA,NA,D,0,0,230361.125,48.5,2006,203,4,4
155167,Active,271157,NA,NA,S,0,0,8817.8725,53.75,2011,137,16.49,33.47
155168,Active,212517,NA,NA,S,1,0,568750.0325,111.2,2001,49,4,0
155169,Active,627200,NA,NA,S,3,1,569595.755,49.95,1998,48,16.74,219.21
155170,Active,143245,NA,NA,D,12,1,1869220.416,143,2008,42,4.54,58.23
155171,Active,2252543,NA,NA,D,12,1,5006479.969,87.53,2008,35,7.49,92.36
155172,Active,560538,NA,NA,D,13,1,769560.6088,185,2012,60,4,28.95
155173,Active,143022,NA,NA,S,2,1,1204287.013,43,2006,27,11.74,43
155174,Active,714138,NA,NA,D,2,1,1192295.204,159,2002,25,5.08,43.98
155175,Active,2875234,NA,NA,D,0,0,72211.25375,15,1983,51,13.85,39.99
155176,Active,2899420,NA,NA,S,1,0,82928.3725,84.72,1979,50,17.46,93.97
155177,Active,631475,NA,NA,D,1,0,37310.325,156,2011,48,82.24,98.97
155178,Active,3212107,NA,NA,S,0,0,2480.78625,41.97,2002,10,0,40.44
155179,Active,119072,NA,NA,D,5,1,403991.935,160.8,2011,33,24.93,127.27
155180,Active,607442,NA,NA,D,4,1,1053696.174,146.4,2008,27,8.69,53.71
155181,Active,2609647,NA,NA,D,2,1,337441.2438,89.99,1998,34,26.72,68.97
155182,Active,868315,NA,NA,D,0,0,167382.1775,69.33,1989,37,10.53,53.4
155183,Active,2571061,NA,NA,D,7,1,497305.75,65.32,1992,76,5.55,75.95
155184,Active,165943,NA,NA,D,9,1,63803.99,87.91,2005,54,21.57,50.46
155185,Active,200568,NA,NA,D,4,1,100986.61,303.95,2009,74,11.89,33.99
155186,Active,868050,NA,NA,D,1,0,1552862.266,90.8,1988,24,5.58,54.05
155187,Active,608624,NA,NA,S,4,1,2880172.314,153.95,1997,26,4.51,23.99
155188,Active,177013,NA,NA,D,5,1,2155341.324,245.95,2002,38,6,24
155189,Active,2345668,NA,NA,S,6,1,789174.3863,183.25,1995,36,8.27,67.89
155190,Active,60039,NA,NA,D,3,1,781435.1125,303.95,2006,66,5.88,46.97
155191,Active,199911,NA,NA,S,2,1,1210413.669,197.95,2000,32,4.8,28.94
155192,Active,177516,NA,NA,D,6,1,996399.275,341.95,2006,35,4.01,50.15
155193,Active,909445,NA,NA,S,2,1,1366270.9,94.95,1997,24,21.69,21.98
155194,Active,176827,NA,NA,S,2,1,373387.725,172.95,1999,38,15.04,0
155195,Active,756873,NA,NA,D,2,1,1652447.466,150,1997,19,13.11,68.99
155196,Active,2576234,NA,NA,D,1,0,3537656.054,99.95,1988,21,9.99,43.99
155197,Active,222308,NA,NA,S,1,0,338104.82,60,2009,46,8.67,0
155198,Active,636363,NA,NA,S,0,0,1124902.381,125,2008,23,23.99,0
155199,Active,203641,NA,NA,D,1,0,844326.8488,114.5,2005,27,4,13.6
155200,Active,50865,NA,NA,D,9,1,415821.0963,41.74,2010,80,6.69,23.14
155201,Active,538658,NA,NA,S,10,1,1603906.793,79.67,2013,20,20.83,173.98
155202,Active,50864,NA,NA,D,8,1,538604.11,17.59,2008,67,6.77,38.98
155203,Active,629951,NA,NA,S,1,0,106059.6963,70.95,2011,29,24.27,0
155204,Active,873593,NA,NA,S,7,1,23227.295,102,2014,61,45.94,46.48
155205,Active,52680,NA,NA,D,6,1,59280.04875,90,2010,98,5.63,19.88
155206,Active,52679,NA,NA,D,5,1,671448.2563,78,2006,88,4,15.08
155207,Active,873127,NA,NA,D,5,1,4446872.94,78,2006,38,6.96,27.19
155208,Active,2602506,NA,NA,S,0,0,456322.7638,69.99,1999,27,15.67,56.01
155209,Active,128720,NA,NA,D,1,0,488301.42,89.95,2009,31,17.24,64.49
155210,Active,898661,NA,NA,S,3,1,23735.89,35.75,2013,40,24.41,23.47
155211,Active,250057,NA,NA,S,1,0,788061.33,173.95,2005,26,9.1,0
155212,Active,607111,NA,NA,S,5,1,1512291.941,89,1992,29,4.23,51.69
155213,Active,115068,NA,NA,S,5,1,417957.0213,199.6,2000,41,40.97,107.45
155214,Active,58384,NA,NA,D,4,1,48845.28875,84.95,2011,74,14.08,19.93
155215,Active,58386,NA,NA,D,3,1,390245.8638,69.95,2007,67,4,23.47
155216,Active,789387,NA,NA,D,0,0,944181.5525,79.95,2005,38,4,8.48
155217,Active,619970,NA,NA,S,2,1,56916.80375,102.95,2013,59,33.23,58
155218,Active,868460,NA,NA,S,3,1,112570.945,85,2014,23,51.68,70.83
155219,Active,222306,NA,NA,D,2,1,396603.9588,80,2010,43,4.99,20.94
155220,Active,200574,NA,NA,D,2,1,246549.0975,170.95,2011,38,5.82,23.99
155221,Active,2559578,NA,NA,D,4,1,1606386.125,78.09,1980,32,4.48,64.51
155222,Active,910988,NA,NA,D,5,1,935319.1813,79.95,1988,36,7.05,81.46
155223,Active,2257067,NA,NA,S,2,1,2293695.864,36.7,2009,36,7.49,38.42
155224,Active,594162,NA,NA,D,1,0,579517.57,94.95,2010,22,15.89,66.38
155225,Active,152467,NA,NA,S,3,1,507311.99,74.95,2007,26,45.99,51.39
155226,Active,703680,NA,NA,D,2,1,656888.1575,41.89,2000,33,4.4,42.11
155227,Active,108390,NA,NA,D,3,1,475615.695,38.99,2005,45,13.41,43.99
155228,Active,533066,NA,NA,S,4,1,23905.46875,90.75,2011,45,48.43,67.52
155229,Active,707972,NA,NA,S,6,1,306621.5775,138.77,2004,30,33.32,43.78
155230,Active,613578,NA,NA,S,0,0,596048.6175,89.95,1994,77,4,18.99
155231,Active,708459,NA,NA,S,0,0,536576.8175,113.32,2004,23,42.99,73.99
155232,Active,551351,NA,NA,S,1,0,61247.27,190.5,2005,151,7.31,0
155233,Active,100817,NA,NA,S,0,0,209417.0575,137.5,2000,127,5.05,27.96
155234,Active,112246,NA,NA,S,6,1,241762.5525,124.04,2003,96,9.05,23.94
155235,Active,152938,NA,NA,S,0,0,109871.9188,99,1999,47,37.59,53.98
155236,Active,3042300,NA,NA,S,2,1,676337.2525,78.9,1997,21,28.96,45.99
155237,Active,914906,NA,NA,D,1,0,566698.4088,49.25,1989,43,6.26,28.94
155238,Active,846717,NA,NA,D,0,0,618273.7388,98.64,1994,44,5.33,39.92
155239,Active,259093,NA,NA,S,2,1,40063.91,86.45,2003,88,12.98,49.87
155240,Active,919737,NA,NA,S,2,1,238793.42,25.9,1998,29,9,12.65
155241,Active,564025,NA,NA,S,0,0,434132.7863,105,1996,85,4,0
155242,Active,182750,NA,NA,S,0,0,38885.82125,100.85,2002,102,19.15,43.99
155243,Active,626534,NA,NA,S,2,1,71137.46,48,1997,58,31.91,49.74
155244,Active,3042299,NA,NA,S,1,0,354976.0538,87.8,1996,22,16.47,53.96
155245,Active,112512,NA,NA,D,2,1,5562196.461,350,2007,13,83.94,151.24
155246,Active,114592,NA,NA,D,4,1,475598.8825,150,2003,28,23.43,79.07
155247,Active,607308,NA,NA,D,3,1,1141210.203,120,1994,29,4.35,44.75
155248,Active,868527,NA,NA,D,1,0,134870.5788,71.95,2014,44,19.98,35.73
155249,Active,117306,NA,NA,S,3,1,838884.21,105.33,2006,50,4,28.99
155250,Active,645167,NA,NA,D,0,0,1483050.149,114,1997,24,4.12,73.17
155251,Active,144259,NA,NA,D,2,1,456783.76,195.2,2000,21,24.5,73.99
155252,Active,166003,NA,NA,S,0,0,324355.6963,143,2001,34,8.78,0
155253,Active,576694,NA,NA,D,1,0,77306.76125,118.95,2010,34,9.44,0
155254,Active,455580,NA,NA,S,3,1,495262.4225,131.95,1999,58,4,22.99
155255,Active,450476,NA,NA,D,5,1,149687.3225,358.95,2008,56,27.63,129.01
155256,Active,433239,NA,NA,S,2,1,2694970.19,97.95,1995,35,4.12,45.69
155257,Active,61211,NA,NA,D,4,1,232751.6625,208.95,2004,43,12.57,62.25
155258,Active,518541,NA,NA,D,4,1,1361638.428,83.18,2004,13,6.7,66.7
155259,Active,2577856,NA,NA,S,3,1,1496168.744,54.95,1985,34,4.6,49.58
155260,Active,114896,NA,NA,S,2,1,313894.585,175,2003,55,24.89,99.71
155261,Active,2572610,NA,NA,S,4,1,963538.4763,79.95,1992,41,5.74,44.98
155262,Active,139612,NA,NA,D,4,1,623760.5725,49.5,2004,56,5.23,36.74
155263,Active,152448,NA,NA,S,5,1,53766.29875,59.95,2008,87,28.9,38.46
155264,Active,607803,NA,NA,S,3,1,1576553.779,99,1990,48,4,19.99
155265,Active,607804,NA,NA,D,4,1,815377.0088,49.5,2001,45,5.5,12.59
155266,Active,644665,NA,NA,D,0,0,194008.2113,59.99,2012,24,8.34,0
155267,Active,2635474,NA,NA,S,2,1,648180.465,44.99,2005,40,4,28.65
155268,Active,1444545,NA,NA,S,2,1,644187.25,64.95,2014,20,42.82,36.61
155269,Active,1651834,NA,NA,D,1,0,1389039.416,50.95,2008,17,31.59,166.01
155270,Active,3023244,NA,NA,D,0,0,1673436.205,24.95,1996,14,4,14.98
155271,Active,498046,NA,NA,S,0,0,67457.85,51.5,2010,13,7.88,26.11
155272,Active,176675,NA,NA,S,1,0,264059.2513,180.95,1998,39,5.13,0
155273,Active,594679,NA,NA,D,2,1,41368.73625,94.95,2012,70,4.71,63.89
155274,Active,533060,NA,NA,D,4,1,188813.485,80.95,2008,161,4,8.98
155275,Active,192438,NA,NA,D,3,1,1573411.925,64.95,2004,69,4,5.03
155276,Active,646968,NA,NA,S,5,1,8680.0725,84.95,2013,73,46.54,48.93
155277,Active,200321,NA,NA,D,1,0,372360.985,92.95,2008,90,4,19.9
155278,Active,222218,NA,NA,D,4,1,282183.365,79,2009,48,7.46,41.51
155279,Active,533059,NA,NA,S,3,1,20989.915,75.95,2013,57,30.99,53.99
155280,Active,578911,NA,NA,D,1,0,2357175.293,53.95,2004,80,3.99,6.98
155281,Active,1696750,NA,NA,S,1,0,45846.9,85.95,2015,8,52.17,69.08
155282,Active,582273,NA,NA,S,1,0,99314.35,95,2012,25,53.99,0
155283,Active,655152,NA,NA,S,2,1,234209.8663,70,2013,42,18.9,52.56
155284,Active,624389,NA,NA,D,1,0,591747.2025,52.95,2008,34,4.46,53.53
155285,Active,145817,NA,NA,D,2,1,665839.1325,69.99,2005,26,12.15,68.63
155286,Active,534100,NA,NA,S,1,0,535543.1575,69.99,1992,117,4,7.44
155287,Active,540571,NA,NA,S,3,1,25912.31,69.99,2013,32,40.64,44.19
155288,Active,110550,NA,NA,S,4,1,392925.1663,37.47,2009,47,14.47,51.99
155289,Active,540570,NA,NA,S,1,0,615000.285,54.99,2010,20,27.16,0
155290,Active,1959848,NA,NA,S,1,0,31616.675,59.95,2014,17,44.02,44.02
155291,Active,211084,NA,NA,S,1,0,617943.9363,64.95,1995,47,4.14,62.05
155292,Active,1451925,NA,NA,S,2,1,60930.62375,53.32,2014,50,14.52,33.96
155293,Active,533055,NA,NA,D,5,1,204401.2575,104,2010,88,6.48,24.16
155294,Active,288789,NA,NA,S,3,1,862664.4038,69.95,2006,31,4.97,22.88
155295,Active,249274,NA,NA,D,3,1,37801.8875,149.1,2011,60,15.24,75.1
155296,Active,298416,NA,NA,D,2,1,523177.6863,123.55,2006,61,5.88,70.27
155297,Active,290130,NA,NA,D,1,0,883075.155,94.95,2008,35,12.16,48.74
155298,Active,680456,NA,NA,D,0,0,1190266.894,23.4,1987,20,4,63.27
155299,Active,249725,NA,NA,S,2,1,444826.6425,134.95,2006,44,31.66,53.99
155300,Active,533053,NA,NA,S,2,1,58596.23375,24.95,2011,47,12.6,0
155301,Active,208493,NA,NA,S,2,1,281271.1375,20.99,2005,56,4.88,0
155302,Active,534099,NA,NA,D,0,0,3803393.698,117.15,1977,31,4.76,44.43
155303,Active,2261812,NA,NA,D,3,1,3821672.238,0,2008,33,7.88,20.05
155304,Active,203952,NA,NA,D,3,1,908259.6263,51.99,2007,42,4,9.87
155305,Active,2364205,NA,NA,D,0,0,5367519.999,55.09,1987,20,4.39,55.07
155306,Active,2901857,NA,NA,D,0,0,393016.43,69,1995,22,13.9,76.99
155307,Active,142963,NA,NA,D,0,0,2363011.823,124,2004,28,7.78,0
155308,Active,1767488,NA,NA,S,2,1,90836.9,46.75,2015,11,27.99,36.44
155309,Active,116444,NA,NA,S,2,1,586537.1888,64.99,2004,29,12.86,15.99
155310,Active,163030,NA,NA,S,2,1,514249.9625,39.99,2010,61,4,12.82
155311,Active,624412,NA,NA,S,1,0,372581.9288,64.99,2007,31,20.33,38.98
155312,Active,888775,NA,NA,S,2,1,532477.3475,159.03,2011,13,7.58,15.87
155313,Active,225712,NA,NA,D,2,1,886841,139.95,2001,53,6.57,61.49
155314,Active,903697,NA,NA,S,0,0,133038.24,34.95,2010,24,32.04,34.95
155315,Active,1558932,NA,NA,S,1,0,85003.8575,52.95,2012,20,11.91,40.76
155316,Active,194087,NA,NA,S,3,1,667237.07,92,2008,73,11.06,65.74
155317,Active,853329,NA,NA,D,2,1,2746990.544,65,2002,29,4,42.12
155318,Active,619416,NA,NA,S,1,0,46133.65,68,2006,16,47.07,53.99
155319,Active,674803,NA,NA,S,4,1,50875.405,20,2009,69,4.04,16.75
155320,Active,533045,NA,NA,S,6,1,198328.7725,121.95,2006,39,11.99,53.61
155321,Active,1498802,NA,NA,S,0,0,240701.6125,39.99,2011,14,15.27,22.94
155322,Active,101687,NA,NA,S,1,0,288669.6475,132.8,1996,78,4.59,0
155323,Active,58169,NA,NA,S,1,0,317061.6213,266.95,2006,57,16.85,0
155324,Active,247996,NA,NA,S,4,1,299924.0488,89,2008,32,11.29,95.24
155325,Active,101688,NA,NA,S,1,0,321035.1238,132.8,1996,92,4.05,0
155326,Active,1733869,NA,NA,S,3,1,190647.0688,49.99,2007,27,21.65,44.48
155327,Active,233376,NA,NA,S,3,1,431470.1563,65.99,2006,20,30.67,0
155328,Active,131805,NA,NA,S,0,0,857833.7313,153.6,2004,43,4,0
155329,Active,58167,NA,NA,S,4,1,33147.0125,148,2006,71,33.99,51.72
155330,Active,58166,NA,NA,S,3,1,733681.61,44.68,2003,25,44.64,110.55
155331,Active,58165,NA,NA,D,2,1,167151.6038,44.68,1997,41,12.14,73.01
155332,Active,247814,NA,NA,S,6,1,2207590.329,103,2007,31,4,19.94
155333,Active,247815,NA,NA,S,6,1,1493695.689,72,2007,35,4,5.38
155334,Active,133201,NA,NA,D,6,1,138857.805,148.4,2010,87,5.86,45.98
155335,Active,60042,NA,NA,D,5,1,284455.3138,126.6,2007,90,4.49,15.94
155336,Active,141579,NA,NA,S,2,1,312171.93,8.71,2003,48,8.53,16.98
155337,Active,3065288,NA,NA,D,0,0,289247.1275,16.99,2005,51,8.9,36.44
155338,Active,757242,NA,NA,S,0,0,684182.9863,46,1997,99,4,7.35
155339,Active,111613,NA,NA,D,1,0,734599.3138,108.92,2011,23,15.93,68.95
155340,Active,201796,NA,NA,D,2,1,581837.3425,210,2010,18,20.69,74.08
155341,Active,52032,NA,NA,D,6,1,30775.11875,356.95,2011,137,8.87,45.71
155342,Active,52031,NA,NA,D,5,1,313007.4175,293.95,2008,110,4,18.51
155343,Active,52030,NA,NA,D,4,1,1627738.793,294.95,2005,66,4.03,16.04
155344,Active,639214,NA,NA,D,2,1,795052.3013,80,2010,42,4.94,42.45
155345,Active,2722696,NA,NA,D,1,0,10796215.39,108,2005,11,4.48,106.98
155346,Active,53565,NA,NA,S,6,1,2027597.834,120.31,2003,55,4.23,10.89
155347,Active,53567,NA,NA,D,8,1,113711.9463,26.2,2008,166,4.65,8.48
155348,Active,909004,NA,NA,S,3,1,408303.6438,65,2014,20,41.07,41.81
155349,Active,158197,NA,NA,S,2,1,518724.27,94.95,2010,41,21.19,71.73
155350,Active,792461,NA,NA,D,0,0,3416428.853,140,1997,27,4,57.27
155351,Active,201786,NA,NA,D,0,0,330380.4413,84.95,2010,34,11.32,0
155352,Active,901027,NA,NA,D,1,0,1820259.243,15.25,2010,14,4,0
155353,Active,162613,NA,NA,S,2,1,92664.94875,60,2010,70,23.45,38.56
155354,Active,153790,NA,NA,D,2,1,547434.9088,60,2006,82,4,19.32
155355,Active,2251089,NA,NA,S,8,1,796346.1725,44.34,2009,38,7.49,29.18
155356,Active,862151,NA,NA,S,2,1,10152.4075,113.25,2014,67,37.99,57.04
155357,Active,276044,NA,NA,S,4,1,128437.16,34,2010,27,17.28,23.98
155358,Active,148435,NA,NA,D,4,1,211845.8188,270.95,2005,68,4,43.68
155359,Active,284513,NA,NA,S,2,1,2161843.62,164.95,1999,31,4,8.96
155360,Active,61184,NA,NA,D,3,1,673105.8225,170.95,2003,61,4,7.95
155361,Active,533040,NA,NA,S,2,1,195550.6425,31.95,2012,38,15.18,21.01
155362,Active,545774,NA,NA,D,3,1,120738.9388,103,2012,61,15.1,42.64
155363,Active,248087,NA,NA,D,2,1,485097.3338,85,2009,75,4,8.94
155364,Active,541244,NA,NA,S,3,1,23513.70125,65,2013,72,27.82,39.66
155365,Active,655524,NA,NA,D,3,1,449297.9625,59.95,2014,32,10.9,32.97
155366,Active,201750,NA,NA,D,2,1,943967.6238,49.95,2008,36,4,17.1
155367,Active,106799,NA,NA,S,7,1,45722.2375,90,2010,67,16.99,38.99
155368,Active,638614,NA,NA,D,3,1,889652.7638,59.95,2011,27,4,51.45
155369,Active,50597,NA,NA,D,8,1,333804.2175,207,2008,110,4,14.84
155370,Active,50596,NA,NA,D,9,1,27756.04625,289.4,2011,118,7.81,38.41
155371,Active,50594,NA,NA,S,6,1,697948.475,149.35,2002,58,4,43.94
155372,Active,50595,NA,NA,D,7,1,290613.98,177.33,2005,102,4,21.48
155373,Active,148421,NA,NA,D,7,1,634518.9688,265.95,2006,51,4.88,10.79
155374,Active,148635,NA,NA,D,8,1,202242.4125,390.95,2008,121,4.48,15.24
155375,Active,3472776,NA,NA,D,1,0,1318820.05,122,1996,25,4.44,6.17
155376,Active,201797,NA,NA,S,2,1,178387.5463,59.95,2014,26,6.16,0
155377,Active,622826,NA,NA,S,1,0,48530.6,66.8,2000,35,25.14,41.81
155378,Active,60043,NA,NA,D,5,1,523630.16,141.2,2003,43,12.18,43.98
155379,Active,131250,NA,NA,S,4,1,2019163.94,63,1999,25,4,18.95
155380,Active,133275,NA,NA,S,7,1,42307.95625,134.2,2011,77,45.87,99.53
155381,Active,132189,NA,NA,D,6,1,510935.935,119.6,2007,35,12.38,51.52
155382,Active,1474752,NA,NA,D,15,1,4059588.336,75,2010,13,15.59,82.78
155383,Active,737655,NA,NA,S,3,1,327964.4488,77,2008,36,4,8.97
155384,Active,868488,NA,NA,D,0,0,983197.6413,34.95,2005,39,4,20.36
155385,Active,279597,NA,NA,D,2,1,83825.22875,41.95,2011,29,16.9,98.09
155386,Active,863764,NA,NA,S,2,1,147352.66,100,2009,41,33.37,0
155387,Active,164273,NA,NA,D,2,1,698972.1838,145,2003,41,4,46.09
155388,Active,2559661,NA,NA,D,1,0,682754.3538,104.95,1979,28,13.11,75.49
155389,Active,3824151,NA,NA,D,0,0,11716910.1,115,2001,11,23.65,73.36
155390,Active,2120087,NA,NA,D,2,1,308638.8363,130,2007,19,29.48,90.19
155391,Active,759096,NA,NA,D,2,1,6599166.313,225,2001,10,74.95,220.79
155392,Active,2561738,NA,NA,D,1,0,844321.8238,99,1982,14,23.99,255.11
155393,Active,172416,NA,NA,S,0,0,562607.8375,14.2,2004,39,4,12.24
155394,Active,1752733,NA,NA,D,1,0,2784857.714,330,2009,10,181.5,431.02
155395,Active,246252,NA,NA,S,1,0,567834.5838,66.95,2003,30,13.96,0
155396,Active,115812,NA,NA,D,2,1,238121.47,79,2004,28,4.67,45.12
155397,Active,125036,NA,NA,S,0,0,253931.1588,65.95,1998,30,15.87,0
155398,Active,2801554,NA,NA,D,1,0,444218.9838,185,1994,37,23.54,92.95
155399,Active,871938,NA,NA,D,4,1,1188036.816,63,2002,26,4,28.99
155400,Active,131586,NA,NA,D,5,1,1610839.365,58.8,2002,30,4,53.05
155401,Active,132137,NA,NA,D,6,1,747477.4425,81.2,2005,50,4,6.98
155402,Active,287061,NA,NA,S,1,0,293585.25,55,2004,64,27.98,52.08
155403,Active,557257,NA,NA,D,4,1,827159.6225,85.4,2004,71,4,16.49
155404,Active,51369,NA,NA,D,4,1,323222.275,85.4,2003,85,3.99,11.19
155405,Active,232333,NA,NA,S,4,1,323974.415,34.95,1995,54,4,0
155406,Active,174514,NA,NA,S,2,1,69559.56375,39.99,1998,31,20.58,0
155407,Active,130487,NA,NA,S,3,1,43315.6475,96,2011,52,35.97,62.64
155408,Active,911698,NA,NA,S,2,1,610465.26,164.19,2008,43,6.06,131.76
155409,Active,120945,NA,NA,D,2,1,421974.325,66.2,2007,56,4.29,73.03
155410,Active,543236,NA,NA,S,5,1,420995.7638,48,2013,39,16.42,31.26
155411,Active,295403,NA,NA,D,4,1,1105455.471,46,2008,34,4,38.98
155412,Active,173893,NA,NA,S,5,1,434952.9788,34.99,2005,97,5.94,25.99
155413,Active,905608,NA,NA,S,2,1,654954.9238,43,2012,50,26.76,36.84
155414,Active,261413,NA,NA,D,2,1,1305937.254,70,2004,49,4,8.24
155415,Active,346790,NA,NA,S,0,0,254364.66,42.95,2003,50,12.79,0
155416,Active,217035,NA,NA,S,0,0,1089810.028,39.95,2005,29,13.07,25.74
155417,Active,573015,NA,NA,S,1,0,584770.96,81.2,1997,56,4.49,0
155418,Active,144446,NA,NA,S,1,0,360521.435,57.2,2004,64,5.78,43.98
155419,Active,565058,NA,NA,D,0,0,152625.1488,72.95,2005,54,5.49,46.37
155420,Active,867257,NA,NA,S,2,1,53373.24625,72.95,2014,33,40.46,43.98
155421,Active,2703533,NA,NA,S,2,1,1502475.175,53.37,2004,13,23.46,82.18
155422,Active,495340,NA,NA,D,2,1,175386.4213,107,2009,41,5.48,62.69
155423,Active,246712,NA,NA,S,4,1,167979.3888,41.95,2009,31,21.63,29.99
155424,Active,641986,NA,NA,S,5,1,25245.98375,107.8,2013,67,41.94,82.53
155425,Active,121511,NA,NA,S,4,1,340123.0188,152.6,1998,46,5.55,47.57
155426,Active,133381,NA,NA,D,4,1,143668.6338,92.2,2011,45,23.38,81.47
155427,Active,539989,NA,NA,S,4,1,608160.7675,98.87,2011,20,37.7,126.68
155428,Active,58364,NA,NA,D,3,1,784428.1838,70,2008,33,4.72,48.99
155429,Active,58363,NA,NA,D,2,1,2138678.571,66.4,2005,35,4,12.39
155430,Active,117942,NA,NA,S,2,1,1749934.816,53.33,2005,26,4.19,49.81
155431,Active,133395,NA,NA,S,4,1,608969.7063,67.2,2011,15,7.98,43.99
155432,Active,557617,NA,NA,D,4,1,592537.56,67.2,2011,23,6.38,109.83
155433,Active,633485,NA,NA,S,1,0,710633.9738,60.95,2004,25,8.49,0
155434,Active,916134,NA,NA,S,0,0,224858.3,85,2002,42,21.52,41.82
155435,Active,2594220,NA,NA,D,0,0,1026528.484,23.99,1987,41,4,32.49
155436,Active,2259655,NA,NA,D,3,1,14063547.06,114.31,2009,17,9.81,48.92
155437,Active,571442,NA,NA,S,2,1,255921.0713,100.6,1995,37,6.92,0
155438,Active,291604,NA,NA,S,2,1,80271.3625,143.95,2003,38,28.2,52.99
155439,Active,728944,NA,NA,D,1,0,4415487.98,47.95,1999,21,4,41.49
155440,Active,2364737,NA,NA,D,1,0,5029338.356,27.2,1975,27,4,41.53
155441,Active,627696,NA,NA,S,2,1,235681.7438,87,1999,33,24.74,72.4
155442,Active,2555115,NA,NA,D,1,0,334669.265,59.95,1999,44,9.47,43.98
155443,Active,626424,NA,NA,S,3,1,226303.05,50,2005,48,21.72,43.94
155444,Active,882085,NA,NA,D,0,0,1735504.474,29.95,1993,16,4.77,675
155445,Active,913950,NA,NA,D,2,1,538943.8463,35,1998,23,7.1,48.99
155446,Active,2376362,NA,NA,S,0,0,359283.925,86.63,2005,33,8.84,18.98
155447,Active,583123,NA,NA,S,2,1,612650.5975,135.65,1997,45,4,0
155448,Active,100833,NA,NA,S,1,0,250022.11,139.95,1998,51,7.56,0
155449,Active,54471,NA,NA,D,3,1,882541.76,86.67,2005,51,4.77,28.99
155450,Active,54474,NA,NA,D,5,1,141645.44,139.4,2010,62,10.44,59.45
155451,Active,120931,NA,NA,D,4,1,607243.5863,80,2007,34,4.84,52.85
155452,Active,60935,NA,NA,S,3,1,635586.5,69.33,2005,27,4,26.94
155453,Active,133046,NA,NA,D,4,1,547626.545,86.6,2009,28,4,44.85
155454,Active,117932,NA,NA,S,3,1,1449430.679,69.33,2005,24,4,30.87
155455,Active,127369,NA,NA,S,2,1,284414.1275,34.95,2008,32,4.21,16.5
155456,Active,204323,NA,NA,S,2,1,1332737.136,49.99,2006,28,4,65.85
155457,Active,135648,NA,NA,D,2,1,99951.27375,44.95,2009,75,4,13.98
155458,Active,135621,NA,NA,D,0,0,1271063.096,39.95,2007,60,4,16.99
155459,Active,533030,NA,NA,D,3,1,56273.51875,54.95,2012,47,5.98,33.98
155460,Active,669433,NA,NA,S,2,1,699018.0575,53.95,2012,29,27.98,37.22
155461,Active,1594221,NA,NA,D,1,0,5971472.981,140,2010,22,50.51,53.2
155462,Active,2628865,NA,NA,D,0,0,28283.0975,18,2001,146,4,8.48
155463,Active,58164,NA,NA,S,6,1,39055.52875,157.75,2009,74,36.64,72.4
155464,Active,534329,NA,NA,S,3,1,1244061.841,33.75,1992,88,4,16.98
155465,Active,58162,NA,NA,D,4,1,514528.6088,74.25,2000,72,4,43.01
155466,Active,109056,NA,NA,D,5,1,334666.6425,71.25,2004,52,4,6.5
155467,Active,58163,NA,NA,D,5,1,166711.385,21.98,2004,79,4,66.35
155468,Active,111095,NA,NA,S,6,1,35239.17375,114.75,2009,73,26.5,73.97
155469,Active,60044,NA,NA,D,5,1,704081.7213,18.88,2004,57,4,15.32
155470,Active,1685501,NA,NA,S,2,1,779087.0275,45,2007,54,4,11.85
155471,Active,866971,NA,NA,S,2,1,58817.44875,60.95,2014,33,19.89,44.96
155472,Active,125869,NA,NA,D,0,0,359622.7775,59.95,1998,50,4.4,42.94
155473,Active,2041433,NA,NA,S,3,1,262331.5763,55,2006,42,14.57,23.23
155474,Active,533029,NA,NA,S,2,1,285227.5625,27.95,2011,568,3.59,3.93
155475,Active,565068,NA,NA,D,0,0,2057503.438,35.95,2004,23,4,26.09
155476,Active,157695,NA,NA,D,2,1,663959.4338,38.95,2009,45,5.9,31.26
155477,Active,681452,NA,NA,S,4,1,58843.87625,24.95,2010,113,11.74,17.28
155478,Active,922678,NA,NA,S,0,0,150612.4225,70,1996,181,4,16.61
155479,Active,612522,NA,NA,S,5,1,26539.33125,52,2013,30,28.54,44.23
155480,Active,144317,NA,NA,S,9,1,160359.1113,123,2001,49,4.08,48.43
155481,Active,870436,NA,NA,D,8,1,722375.1313,82,2011,44,8.9,52.99
155482,Active,592855,NA,NA,D,8,1,885660.3575,202,2011,39,4.99,28.59
155483,Active,661108,NA,NA,S,5,1,825576.8925,43,2011,21,7.21,43
155484,Active,868664,NA,NA,D,2,1,802655.1563,164,2006,17,12.68,32.87
155485,Active,910347,NA,NA,D,0,0,1730879.616,83.5,2001,23,6.63,49.77
155486,Active,864952,NA,NA,S,2,1,277936.0063,44,2014,14,30.66,44
155487,Active,287400,NA,NA,S,0,0,16872.77125,100.6,2010,67,47.17,78.99
155488,Active,144470,NA,NA,D,0,0,19168.29,69.4,2002,74,8.65,92.41
155489,Active,679919,NA,NA,S,2,1,261983.685,25,2009,60,19.49,0
155490,Active,667513,NA,NA,D,1,0,1274519.401,175,2001,5,116.18,144.22
155491,Active,3138127,NA,NA,S,1,0,106834.58,49.95,2004,39,15.6,31.04
155492,Active,539129,NA,NA,S,1,0,37209.53875,56.99,2005,43,17.83,0
155493,Active,116489,NA,NA,S,0,0,638861.2488,69.99,2003,36,8.09,0
155494,Active,117663,NA,NA,S,1,0,142652.625,74.99,2006,30,42.46,0
155495,Active,626260,NA,NA,S,1,0,78742.175,39.99,2010,22,23.35,23.97
155496,Active,533026,NA,NA,S,2,1,22407.84625,54.99,2009,58,23.71,33.64
155497,Active,145662,NA,NA,S,2,1,578433.6413,59.99,2006,29,20.34,35.67
155498,Active,114936,NA,NA,S,1,0,79712.085,49.99,2001,43,10.21,0
155499,Active,146232,NA,NA,S,1,0,149637.1638,56.99,2011,45,32.19,0
155500,Active,621357,NA,NA,S,1,0,42935.385,59.99,2009,35,33.52,36.45
155501,Active,534491,NA,NA,S,4,1,596738.695,43.95,2011,90,4,8.32
155502,Active,248043,NA,NA,D,6,1,654037.7813,103,2009,93,4,16.24
155503,Active,613487,NA,NA,D,5,1,161687.3875,93.95,2006,46,4,13.76
155504,Active,249277,NA,NA,S,2,1,656669.95,44,2011,28,21.98,0
155505,Active,289829,NA,NA,S,2,1,529927.1338,51.95,2008,26,33.99,0
155506,Active,3785581,NA,NA,D,1,0,4182745.75,39.95,1998,19,4,17.97
155507,Active,298122,NA,NA,S,2,1,119015.4713,47.95,2010,30,21.28,0
155508,Active,541803,NA,NA,S,3,1,58789.8475,83.95,2013,47,30.29,41.26
155509,Active,57677,NA,NA,D,5,1,69765.4325,23.99,2010,79,4.94,20.73
155510,Active,57676,NA,NA,D,4,1,570589.5488,14.94,2007,60,4,8.99
155511,Active,57675,NA,NA,D,3,1,1358849.884,88.12,2004,43,3.99,5.94
155512,Active,111967,NA,NA,S,23,1,1906602.505,11.49,2010,31,4,11.49
155513,Active,867658,NA,NA,S,8,1,22339.40125,118,2014,78,43.37,97.54
155514,Active,254585,NA,NA,D,7,1,41325.52125,108,2011,112,6.48,30.34
155515,Active,1482336,NA,NA,S,1,0,40317.75375,116.8,2014,49,48.99,87.69
155516,Active,247794,NA,NA,S,1,0,671989.7663,92,2010,20,26.49,0
155517,Active,199579,NA,NA,S,2,1,507455.9575,103,2001,31,4,23.99
155518,Active,170042,NA,NA,D,9,1,50941.43,245.95,2010,94,8.28,53.99
155519,Active,177519,NA,NA,S,7,1,2139341.605,137.95,1998,30,4,14.03
155520,Active,607812,NA,NA,S,6,1,3287248.961,75.95,1995,34,4.25,28.98
155521,Active,875463,NA,NA,D,9,1,1940509.915,43.76,2011,19,6.38,41.52
155522,Active,60045,NA,NA,D,8,1,393453.5188,174.95,2006,74,4,50.61
155523,Active,252015,NA,NA,S,2,1,1316711.294,210.95,2008,36,21.94,29.98
155524,Active,564867,NA,NA,D,4,1,508664.345,93.95,2012,29,9.86,55.58
155525,Active,713229,NA,NA,D,5,1,1733942.81,82.2,2003,13,4.7,57.23
155526,Active,644930,NA,NA,D,4,1,1584726.455,115,1997,19,4.54,81.68
155527,Active,713866,NA,NA,D,1,0,3036013.705,100,2000,17,4,32.36
155528,Active,164092,NA,NA,D,7,1,1036502.909,18.99,1997,26,4,118.63
155529,Active,2572409,NA,NA,D,6,1,4512972.2,0,1994,16,4.89,33.82
155530,Active,114595,NA,NA,D,2,1,833491.8463,153.8,2003,29,8.61,70
155531,Active,276636,NA,NA,S,6,1,176893.1313,56,2006,36,23.81,49.1
155532,Active,577027,NA,NA,S,4,1,682738.13,290.95,2000,46,6.58,46.43
155533,Active,609378,NA,NA,S,3,1,1341989.115,307.95,1995,26,6.06,22.04
155534,Active,549099,NA,NA,D,0,0,1515224.976,102.95,1997,7,15.94,27.84
155535,Active,2411231,NA,NA,D,0,0,10135020.57,80,1997,7,4.17,113.39
155536,Active,637965,NA,NA,D,1,0,2411589.005,60.95,2006,19,6.76,39.03
155537,Active,577032,NA,NA,S,3,1,838204.2588,312.95,2000,36,5.48,14.2
155538,Active,225892,NA,NA,D,2,1,132048.6675,73.95,2006,58,13.85,66.1
155539,Active,789586,NA,NA,S,2,1,2204556.279,89.95,2006,36,4.72,13.67
155540,Active,924209,NA,NA,S,0,0,1077511.345,360,2013,27,7.17,64.79
155541,Active,2027804,NA,NA,D,1,0,2125489.156,299,2011,25,4,38.99
155542,Active,503813,NA,NA,D,1,0,2274282.75,279,2010,17,4.74,73.67
155543,Active,139266,NA,NA,S,2,1,104493.0263,78,2009,63,19.38,48.99
155544,Active,139105,NA,NA,D,0,0,903611.4563,77,2005,19,18.88,43.99
155545,Active,127517,NA,NA,S,5,1,66094.1625,39.95,2010,29,21.66,27.15
155546,Active,246057,NA,NA,S,2,1,808409.0638,38,2006,71,4,0
155547,Active,2672242,NA,NA,D,4,1,2222455.066,53.95,2003,17,6.38,59.36
155548,Active,533013,NA,NA,S,5,1,44118.44,37.95,2010,31,29.14,30.83
155549,Active,110653,NA,NA,D,21,1,1376480.27,103.5,2011,46,3.83,9.68
155550,Active,110651,NA,NA,D,20,1,1362398.625,34.32,2010,40,4,34.32
155551,Active,537664,NA,NA,D,22,1,193228.6463,13.24,2012,51,6.37,39.99
155552,Active,2014127,NA,NA,S,1,0,92675.64625,35,2013,16,25.41,25.38
155553,Active,2018076,NA,NA,S,5,1,3111830.498,109,2007,16,10.89,56.95
155554,Active,271030,NA,NA,S,2,1,52212.21625,45,2011,56,23.96,36.68
155555,Active,110219,NA,NA,S,7,1,96552.44375,47.98,2010,71,10.29,50.27
155556,Active,550514,NA,NA,S,6,1,851452.9438,6.66,2008,74,4,15.47
155557,Active,109571,NA,NA,S,5,1,1163423.616,0,2005,27,4,13.98
155558,Active,111235,NA,NA,D,7,1,82903.35625,38.98,2010,84,5.9,11.97
155559,Active,109949,NA,NA,D,6,1,259981.2563,13.94,2008,78,4.63,13.96
155560,Active,612895,NA,NA,S,2,1,410024.8963,36,1995,142,4,7.98
155561,Active,217293,NA,NA,S,3,1,17906.9275,47,2008,107,16.64,20.41
155562,Active,152947,NA,NA,S,3,1,494187.5638,129,2003,49,6.25,0
155563,Active,147008,NA,NA,D,3,1,554129.97,93.95,2002,33,12.7,114.34
155564,Active,832215,NA,NA,D,2,1,1523031.899,79.95,1996,23,6.76,55.45
155565,Active,633925,NA,NA,S,2,1,837126.48,55,2011,20,11.27,27.38
155566,Active,2364676,NA,NA,S,2,1,1392269.498,80,1989,13,9.44,51.77
155567,Active,543728,NA,NA,S,2,1,262958.5275,99.99,2012,55,35.99,59.76
155568,Active,634814,NA,NA,D,3,1,774348.4888,94.95,2002,39,8.6,65.29
155569,Active,609689,NA,NA,D,3,1,2420442.818,84.95,1997,21,4,32
155570,Active,635292,NA,NA,D,0,0,386808.58,49.95,2006,30,8.38,35.94
155571,Active,2098778,NA,NA,S,3,1,313099.0963,49.95,2014,18,26.98,31.6
155572,Active,56708,NA,NA,D,5,1,1145915.876,126.95,2004,64,3.7,10.08
155573,Active,197297,NA,NA,D,6,1,871002.805,69.95,2007,66,4.14,15.99
155574,Active,544925,NA,NA,D,7,1,117371.3813,69.95,2011,51,9.13,52.42
155575,Active,626381,NA,NA,D,15,1,876484.9888,86.54,2007,24,5.94,63.78
155576,Active,229177,NA,NA,D,5,1,520450.985,36.95,2009,58,4,11.49
155577,Active,260114,NA,NA,D,4,1,1313121.621,36.95,2005,50,4,6.64
155578,Active,615333,NA,NA,S,1,0,607980.5175,49,2000,72,4.89,16.49
155579,Active,3619286,NA,NA,D,0,0,1114319.55,177.77,1995,37,4.98,51.51
155580,Active,702396,NA,NA,S,8,1,193076.2938,90,2013,30,32.43,35.88
155581,Active,1957844,NA,NA,S,0,0,12452.8,40,2013,24,19.12,21.85
155582,Active,196734,NA,NA,D,0,0,2151409.541,64.95,2007,16,32.18,77.58
155583,Active,2331468,NA,NA,S,4,1,3748826.488,71.96,1989,20,4.37,81.27
155584,Active,1437407,NA,NA,S,6,1,239114.1738,65,2014,21,22.72,32.85
155585,Active,619071,NA,NA,D,5,1,698596.4713,53.99,1994,42,4,60.26
155586,Active,2344184,NA,NA,D,2,1,2792437.826,70.95,1978,28,4.23,63.23
155587,Active,100738,NA,NA,S,3,1,514335.3575,180.75,1995,39,32.75,44.24
155588,Active,1437211,NA,NA,S,7,1,235798.0075,90,2013,39,29.43,45.99
155589,Active,2303617,NA,NA,S,6,1,1186566.399,87.48,1993,30,4,73.94
155590,Active,657849,NA,NA,S,8,1,97537.2925,80,2013,35,33.93,54.55
155591,Active,622871,NA,NA,D,7,1,109147.3138,124.12,1994,49,9.19,59.15
155592,Active,666068,NA,NA,D,1,0,970297.2113,602.99,2008,23,18.99,210.45
155593,Active,1732676,NA,NA,S,5,1,342773.0175,58,2008,24,24.65,61.01
155594,Active,3606809,NA,NA,D,4,1,1992652.8,50,1900,47,4.09,42.11
155595,Active,105922,NA,NA,S,2,1,281740.4713,42,2003,39,13.93,15.89
155596,Active,196580,NA,NA,D,4,1,751544.6413,97.95,2007,33,22.48,67.68
155597,Active,104387,NA,NA,S,2,1,497060.4788,42,1998,43,5.77,23.62
155598,Active,3208036,NA,NA,D,0,0,1414701.684,45,1988,22,35.74,100.84
155599,Active,365508,NA,NA,S,6,1,1086927.094,34.95,2007,21,4.98,41.53
155600,Active,293565,NA,NA,D,0,0,4033296.05,89.95,2004,13,14.1,101.63
155601,Active,299232,NA,NA,S,2,1,350560.8088,19.95,2004,84,4.77,0
155602,Active,700980,NA,NA,S,2,1,637420.4725,35,2005,27,4,27.94
155603,Active,538275,NA,NA,S,3,1,776908.1463,70,2012,29,36.53,57.83
155604,Active,103817,NA,NA,D,2,1,1699511.423,65,1996,21,4.98,69.63
155605,Active,285073,NA,NA,S,6,1,98872.5175,70,2011,66,22.59,37.2
155606,Active,105807,NA,NA,D,1,0,1063622.935,110,2003,31,5.44,51.81
155607,Active,174354,NA,NA,D,0,0,1206727.804,106,2004,15,52.9,153.99
155608,Active,106452,NA,NA,D,1,0,2545748.729,108,2007,17,8.49,23.94
155609,Active,258692,NA,NA,S,3,1,315014.25,149,2001,39,29.17,71.98
155610,Active,1533903,NA,NA,D,0,0,4644922.511,112,2007,13,45.46,30.98
155611,Active,1533417,NA,NA,D,0,0,1468419.965,84.95,2006,45,4,18.71
155612,Active,608140,NA,NA,S,7,1,160196.5138,44.95,2011,37,9.16,29.17
155613,Active,622627,NA,NA,S,7,1,97984.8175,64.95,2011,35,30.64,41.01
155614,Active,617282,NA,NA,D,6,1,1092625.354,59.95,2002,28,4,27.22
155615,Active,289678,NA,NA,S,7,1,446910.2538,82.95,1997,93,4,76.87
155616,Active,2520273,NA,NA,D,3,1,3771997.658,39.56,1994,20,4,28.29
155617,Active,845526,NA,NA,D,2,1,3471068.49,30.76,1990,25,4,7.94
155618,Active,849334,NA,NA,S,4,1,326566.6775,163.95,1998,43,12.87,61.69
155619,Active,2653182,NA,NA,S,2,1,94528.49125,79.95,1993,80,4,31.79
155620,Active,500949,NA,NA,D,2,1,596376.0463,241.95,2012,82,4.96,28.78
155621,Active,54115,NA,NA,D,9,1,114193.7138,216.95,2010,75,11.99,37.97
155622,Active,54113,NA,NA,D,7,1,813661.3838,139.95,2004,54,4.69,6.77
155623,Active,54114,NA,NA,D,8,1,181072.4063,268.95,2006,122,4,8.99
155624,Active,477740,NA,NA,S,9,1,471156.3588,107.95,2010,26,44.17,103.98
155625,Active,200020,NA,NA,D,7,1,1138690.66,74.95,2004,31,4,10.99
155626,Active,200235,NA,NA,D,8,1,762734.7475,122.95,2007,40,5.39,33.81
155627,Active,2400847,NA,NA,D,1,0,1285999.185,98.5,2003,13,6.28,119.74
155628,Active,642587,NA,NA,S,2,1,1017739.538,60,2010,26,24.88,45.69
155629,Active,178128,NA,NA,S,1,0,654774.7625,122.95,2005,24,15.99,0
155630,Active,2051805,NA,NA,S,1,0,20314.525,65,2011,12,51.28,43.82
155631,Active,617363,NA,NA,S,1,0,2613.9,50,2011,44,28.98,31.87
155632,Active,653399,NA,NA,S,2,1,675657.7338,49.95,2012,33,6.17,42.04
155633,Active,58379,NA,NA,D,12,1,797699.055,84.95,2003,87,4.93,25.99
155634,Active,58380,NA,NA,S,13,1,469715.7388,105,2006,67,6.47,28.57
155635,Active,58378,NA,NA,S,11,1,998072.1538,79.95,1998,48,4,32.49
155636,Active,363870,NA,NA,D,0,0,769584.9625,9.99,2001,18,8.89,0
155637,Active,194617,NA,NA,D,0,0,4201.30625,39.95,2004,31,14.43,0
155638,Active,56520,NA,NA,D,1,0,427197.2938,44.95,1995,40,4.34,28.99
155639,Active,56521,NA,NA,D,0,0,467842.46,44.95,1996,35,4.22,11.43
155640,Active,121073,NA,NA,D,1,0,1226622.76,124,1999,34,4.98,49.77
155641,Active,146523,NA,NA,D,4,1,247219.4913,233.4,2011,81,7.94,53.57
155642,Active,2422469,NA,NA,D,2,1,1596475.719,80.72,1984,22,12.73,79.77
155643,Active,289290,NA,NA,S,3,1,74318.985,79.95,2005,67,48.97,55.44
155644,Active,114929,NA,NA,S,2,1,5202618.979,126,2002,32,5.68,65.25
155645,Active,877268,NA,NA,S,0,0,1932034.861,134.75,1997,26,4.56,22.94
155646,Active,259094,NA,NA,S,3,1,7619.2525,82.9,2003,146,8.49,27.89
155647,Active,597074,NA,NA,S,3,1,60296.95625,15.95,2005,39,8.22,14.99
155648,Active,259095,NA,NA,S,3,1,73451.5,81.05,2003,30,22.42,26.07
155649,Active,56176,NA,NA,D,0,0,38159.5475,101.95,2004,292,6.62,23.66
155650,Active,56174,NA,NA,D,0,0,259038.92,142.55,1999,321,4.69,28.6
155651,Active,915880,NA,NA,D,0,0,1809412.21,78.1,2004,35,4.18,43.98
155652,Active,612845,NA,NA,D,1,0,17616.36625,116,2004,262,6.23,37.93
155653,Active,644154,NA,NA,S,0,0,271703.2988,82.23,2004,29,18.45,69.25
155654,Active,551369,NA,NA,D,1,0,280710.7525,118.75,2008,119,4.91,25.97
155655,Active,629941,NA,NA,S,0,0,27593.04125,93.8,2011,65,31.49,68.99
155656,Active,613343,NA,NA,D,1,0,31421.98625,102.4,2007,250,6.99,37.99
155657,Active,551413,NA,NA,D,1,0,109489.335,115.75,2009,90,8.8,53.99
155658,Active,921235,NA,NA,D,1,0,27987.15625,93.8,2009,74,17.96,44.54
155659,Active,2317604,NA,NA,S,0,0,503931.8375,110.35,2001,78,4.31,17.59
155660,Active,2900419,NA,NA,S,2,1,87859.26125,46.75,1991,153,8.03,37.87
155661,Active,182437,NA,NA,S,0,0,674622.9625,65.75,2000,36,3.92,11.83
155662,Active,616989,NA,NA,S,0,0,264126.5375,80.9,1999,38,17.98,72.95
155663,Active,2425339,NA,NA,D,2,1,465120.135,39.99,1990,29,4.44,39.99
155664,Active,866283,NA,NA,S,0,0,115606.3038,85.5,2004,54,5.9,65.95
155665,Active,112123,NA,NA,S,1,0,352479.945,123.25,2000,80,4.79,0
155666,Active,868091,NA,NA,S,0,0,70019.295,107,2008,108,5.43,21.98
155667,Active,613059,NA,NA,S,0,0,83101.2525,94.4,2001,135,5.23,16.49
155668,Active,1452398,NA,NA,S,1,0,22754.9,108.5,2011,67,36.25,43.31
155669,Active,56177,NA,NA,S,0,0,26457.6025,103.55,2004,143,7.91,22.99
155670,Active,613047,NA,NA,S,3,1,15617.41,78,2003,142,10.4,35.98
155671,Active,3271830,NA,NA,S,3,1,429647.3775,92.01,2004,42,11.12,42.95
155672,Active,586322,NA,NA,S,1,0,65117.68625,96.67,1990,305,4,21.56
155673,Active,767295,NA,NA,S,1,0,415633.6675,94.15,2009,45,6.72,15.99
155674,Active,3531567,NA,NA,D,0,0,4801495.9,0,2011,12,5.97,5.96
155675,Active,551937,NA,NA,D,0,0,378403.2375,12.05,2002,27,4.25,10.78
155676,Active,693366,NA,NA,S,0,0,747670.3075,64.89,2001,24,9.45,35.04
155677,Active,259096,NA,NA,S,3,1,33628.01125,83.1,2003,100,23.86,33.99
155678,Active,580495,NA,NA,S,0,0,188472.5188,92.8,1995,35,4.96,0
155679,Active,101560,NA,NA,S,1,0,416777.045,111.3,2003,55,6.49,51.66
155680,Active,912402,NA,NA,S,0,0,241157.8763,113.7,2006,50,4.98,10.48
155681,Active,613168,NA,NA,S,1,0,86507.29375,101.05,2004,124,4.42,28.2
155682,Active,155326,NA,NA,S,0,0,131861.5525,141.2,1999,221,4.62,30.42
155683,Active,772113,NA,NA,S,0,0,165125.3325,94.15,2007,75,10.99,23.82
155684,Active,167246,NA,NA,S,0,0,97620.93875,19.99,2006,193,4,0
155685,Active,860270,NA,NA,S,1,0,31580.975,98.8,2011,62,22,90.35
155686,Active,101430,NA,NA,S,1,0,44274.76875,108.25,2007,188,7.86,0
155687,Active,616329,NA,NA,S,0,0,82825.6,51.47,2006,49,6.15,12.95
155688,Active,539077,NA,NA,S,2,1,627526.815,82.35,1993,49,4,44.81
155689,Active,53901,NA,NA,D,9,1,24067.445,247.6,2011,180,8.4,48.49
155690,Active,532999,NA,NA,D,5,1,27033.3,255.2,2012,134,12.76,61.96
155691,Active,742729,NA,NA,S,4,1,1753222.724,166,2011,41,5.23,13.61
155692,Active,144989,NA,NA,D,3,1,604261.6875,126,2005,72,4.36,53.26
155693,Active,254108,NA,NA,D,2,1,1088706.515,249.95,2009,29,9.78,9.04
155694,Active,879771,NA,NA,S,8,1,485977.7363,40.54,2008,26,19.26,35.99
155695,Active,772598,NA,NA,S,7,1,911146.185,193.79,2007,16,36.68,90.72
155696,Active,146739,NA,NA,S,4,1,1180424.396,180,2011,21,14.47,581.91
155697,Active,634884,NA,NA,S,9,1,343064.0525,166,2011,44,6.08,27.99
155698,Active,254114,NA,NA,D,8,1,145490.6638,327.95,2010,67,13.94,77.57
155699,Active,290211,NA,NA,S,1,0,157171.1238,216.75,2011,63,6.26,28.94
155700,Active,146598,NA,NA,S,2,1,1262286.876,238.67,2010,14,9.12,0
155701,Active,532997,NA,NA,S,2,1,799527.7288,225.33,2009,117,4.67,12.98
155702,Active,145727,NA,NA,D,4,1,218842.1575,198.67,2009,92,4.3,23.86
155703,Active,612941,NA,NA,D,3,1,814143.51,181.33,2007,92,4.8,8.99
155704,Active,118361,NA,NA,D,3,1,517633.1113,176,2006,48,5.96,42.98
155705,Active,167155,NA,NA,D,1,0,1945212.959,198.66,2007,33,4,23.98
155706,Active,200378,NA,NA,S,3,1,1553115.52,257.95,2010,33,5.46,20.99
155707,Active,169244,NA,NA,S,2,1,1124091.876,348.95,2006,35,4.8,82.95
155708,Active,111073,NA,NA,S,2,1,282691.4788,272.25,2009,37,38.49,56.69
155709,Active,533000,NA,NA,D,4,1,55413.315,247.6,2011,94,6.68,44.98
155710,Active,182858,NA,NA,D,6,1,198104.4875,360.95,2003,103,9.7,48.8
155711,Active,607226,NA,NA,S,6,1,519835.3288,114,2001,67,4,13.99
155712,Active,556628,NA,NA,S,0,0,245676.2288,56.8,1998,56,8.29,20.2
155713,Active,870951,NA,NA,S,2,1,579656.8575,82.35,1994,55,5.7,49.13
155714,Active,1610549,NA,NA,S,4,1,36469.875,39.99,2015,213,5.75,24.49
155715,Active,615541,NA,NA,S,0,0,18758.175,64,2005,50,11.72,52.9
155716,Active,877701,NA,NA,S,5,1,206165.0588,194,2013,26,60.09,175.8
155717,Active,60046,NA,NA,S,4,1,1104780.913,338.95,1997,71,4.3,19.14
155718,Active,224754,NA,NA,D,3,1,30132.13875,316.95,2011,125,5.65,47.98
155719,Active,146627,NA,NA,D,5,1,1746423.494,210,2010,15,14.28,103.98
155720,Active,55736,NA,NA,D,5,1,410206.2975,204.67,2008,89,5.17,23.99
155721,Active,55735,NA,NA,S,3,1,1692057.391,114,2002,38,4.43,38.94
155722,Active,169217,NA,NA,D,2,1,492784.0875,348.95,2006,68,5.92,66.5
155723,Active,183009,NA,NA,D,4,1,1262858.286,395.95,2004,35,5.06,10.15
155724,Active,244042,NA,NA,D,6,1,63846.1075,326.95,2011,57,18.69,80.01
155725,Active,292239,NA,NA,D,5,1,720398.7025,345.95,2007,56,4,82.82
155726,Active,552373,NA,NA,S,7,1,768567.5738,79.95,2011,57,4,8.99
155727,Active,846757,NA,NA,D,0,0,224702.795,88.6,1994,48,8.66,61.31
155728,Active,53759,NA,NA,S,0,0,9314.735,112.25,1999,191,16.49,65.79
155729,Active,630092,NA,NA,D,2,1,1043310.174,13.99,2009,24,5.98,25.1
155730,Active,54142,NA,NA,D,11,1,789332.8038,335.95,2005,61,4.35,103.95
155731,Active,290899,NA,NA,D,12,1,437985.105,362.95,2007,67,5,78.98
155732,Active,169655,NA,NA,S,12,1,1451494.329,347.95,2007,29,6.89,23.98
155733,Active,179200,NA,NA,D,2,1,914517.0138,302.95,2008,29,8,96.04
155734,Active,183001,NA,NA,D,1,0,1762578.881,206.95,2004,20,5.23,54.74
155735,Active,183626,NA,NA,D,2,1,733865.0575,319.95,2007,36,8.99,31.98
155736,Active,115186,NA,NA,S,1,0,517471.7125,116.6,2001,25,45.8,0
155737,Active,114739,NA,NA,S,0,0,541613.5813,73.47,2001,88,4,23.37
155738,Active,117715,NA,NA,D,3,1,1036636.969,181.33,2006,58,4.75,18.99
155739,Active,114926,NA,NA,S,2,1,1437377.619,111,2002,23,4.7,58.99
155740,Active,768751,NA,NA,S,0,0,90262.47,92.1,1999,123,6.99,20.23
155741,Active,112287,NA,NA,S,1,0,840718.15,116.25,2004,46,5.87,0
155742,Active,112337,NA,NA,S,1,0,607548.6625,118.75,2007,47,5.83,0
155743,Active,624584,NA,NA,D,1,0,166613.785,138.67,1991,34,28.28,76.49
155744,Active,2427831,NA,NA,D,3,1,2107715.353,118,1992,28,4.76,36.09
155745,Active,116636,NA,NA,S,1,0,363000.1138,116.6,2005,39,24.92,0
155746,Active,532995,NA,NA,S,2,1,20782.4575,20,2010,84,6.77,9.99
155747,Active,705051,NA,NA,S,4,1,1386008.444,155.94,2004,45,4.33,46.67
155748,Active,542276,NA,NA,D,9,1,494947.3125,302.95,2010,96,4,13.98
155749,Active,146475,NA,NA,D,7,1,63611.9425,226.4,2011,137,8.68,29.99
155750,Active,54654,NA,NA,S,4,1,1992242.21,73.98,2005,18,12.34,98.89
155751,Active,705528,NA,NA,S,6,1,495072.1538,45.69,2012,46,4.73,35.96
155752,Active,878143,NA,NA,S,4,1,2392824.584,23.94,2006,37,4.25,23.41
155753,Active,120878,NA,NA,S,3,1,59150.00875,226.4,2007,56,33.98,83.99
155754,Active,169432,NA,NA,D,8,1,331221.5363,243.95,2006,72,4.43,10
155755,Active,607950,NA,NA,D,6,1,753220.0925,162.67,2007,71,7.9,51.86
155756,Active,110231,NA,NA,S,6,1,62364.01,269.25,2011,92,13,17.17
155757,Active,183636,NA,NA,S,2,1,1031925.816,291.95,2007,22,11.5,46.13
155758,Active,532994,NA,NA,D,7,1,44026.78125,226.4,2012,89,11.99,43.98
155759,Active,120599,NA,NA,D,6,1,689900.6863,226.4,2008,66,4,16.98
155760,Active,177009,NA,NA,D,7,1,842712.7175,152.95,2003,47,3.99,13.99
155761,Active,116848,NA,NA,S,5,1,1822950.054,138.67,2005,29,5.36,27.01
155762,Active,566025,NA,NA,D,1,0,255589.99,33.88,2009,66,4,48.97
155763,Active,166757,NA,NA,D,1,0,357447.0013,228,2009,57,7.62,22.44
155764,Active,162429,NA,NA,S,1,0,735150.5175,58.98,2008,40,4,45.37
155765,Active,532992,NA,NA,S,2,1,105688.5725,18.99,2010,94,4,0
155766,Active,532991,NA,NA,S,2,1,38621.445,9.99,2011,112,3.98,0
155767,Active,532990,NA,NA,S,2,1,81267.9325,18.99,2010,69,4,0
155768,Active,2365018,NA,NA,S,3,1,1284923.254,39.45,1987,22,6.25,47.35
155769,Active,2365017,NA,NA,S,3,1,884425.4088,42.2,1987,25,7.75,61.13
155770,Active,846806,NA,NA,S,0,0,337651.525,73.16,1994,49,5.99,36.43
155771,Active,845724,NA,NA,S,0,0,217962.525,73.16,1991,47,7.98,50.79
155772,Active,155399,NA,NA,S,0,0,7175.93875,112.25,2000,163,9.77,57.45
155773,Active,532989,NA,NA,S,5,1,87379.42375,16.99,2009,77,4,0
155774,Active,563142,NA,NA,S,8,1,83596.12375,74.95,1997,49,54.12,57.9
155775,Active,2502221,NA,NA,S,2,1,725483.9575,79.99,2000,26,37.99,51.03
155776,Active,175348,NA,NA,S,1,0,130383.9713,49.99,2001,38,28.97,0
155777,Active,2343137,NA,NA,D,1,0,2529556.559,91.63,1966,24,13.98,68.45
155778,Active,623704,NA,NA,S,3,1,1384710.684,89.99,1994,21,41.99,54.95
155779,Active,620115,NA,NA,S,1,0,32773.225,161.95,2001,32,53.99,98.56
155780,Active,145044,NA,NA,S,1,0,29623.4525,174.4,2005,67,93.06,126.76
155781,Active,3611691,NA,NA,D,1,0,2123009.1,45,1995,30,4,27.84
155782,Active,631854,NA,NA,D,2,1,547427.93,73.99,2002,19,15.94,32.71
155783,Active,739713,NA,NA,S,3,1,1114316.713,77.4,2004,20,23.06,98.78
155784,Active,641654,NA,NA,S,1,0,22334.275,67.75,2006,31,35.59,44.24
155785,Active,615060,NA,NA,D,2,1,422522.3888,45.95,1988,49,4.6,26.29
155786,Active,2563456,NA,NA,D,0,0,1630337.786,95,1996,27,4,27.08
155787,Active,556622,NA,NA,S,3,1,183258.3213,89.99,1997,37,12.98,0
155788,Active,2427222,NA,NA,D,1,0,1063039.484,64.99,1990,67,4,18.93
155789,Active,129721,NA,NA,S,3,1,410089.2325,59.99,2003,25,8.15,0
155790,Active,129720,NA,NA,D,3,1,225036.7238,69.99,2002,36,7.77,25.95
155791,Active,713967,NA,NA,D,1,0,3199273.905,72,1999,27,4.63,28.97
155792,Active,3074922,NA,NA,D,2,1,2538143.796,104.95,2005,22,9.54,13.98
155793,Active,250161,NA,NA,S,1,0,309381.3763,67.95,2006,54,4.97,0
155794,Active,861869,NA,NA,S,1,0,140658.5213,73.95,2014,25,42.53,51.48
155795,Active,618606,NA,NA,D,1,0,967847.6938,162.95,2007,59,4,32.99
155796,Active,3529295,NA,NA,S,2,1,620487.1,79.99,1977,55,6.58,55.98
155797,Active,266389,NA,NA,S,3,1,1905.34,50.95,2010,103,11.83,37.96
155798,Active,2031405,NA,NA,S,2,1,266613.2663,40.95,2009,43,4.61,33.65
155799,Active,2021304,NA,NA,S,0,0,11937.075,60,2008,42,25.46,36.18
155800,Active,231302,NA,NA,S,0,0,331940.9138,39.95,1995,63,4.49,19.52
155801,Active,300052,NA,NA,D,2,1,11790.025,60.95,2004,82,9.88,41.94
155802,Active,266394,NA,NA,S,3,1,3202.425,70.95,2011,96,33.89,50.98
155803,Active,231308,NA,NA,D,0,0,1587983.585,42.5,1997,37,4.35,30.37
155804,Active,266364,NA,NA,S,2,1,20580.25375,60.95,2007,38,23.98,44.92
155805,Active,637243,NA,NA,S,0,0,113419.15,60.95,2007,19,38.44,51.63
155806,Active,3794232,NA,NA,S,3,1,26836.275,70.95,2013,54,28,52.37
155807,Active,532982,NA,NA,S,2,1,65023.0175,22,2010,33,9.34,0
155808,Active,917344,NA,NA,D,1,0,2354183.14,31.2,2005,29,4,5.97
155809,Active,132048,NA,NA,D,1,0,1622529.674,61.6,2005,22,4,66.35
155810,Active,538230,NA,NA,S,0,0,36143.655,22,2010,42,6.7,0
155811,Active,532980,NA,NA,S,2,1,528782.3125,22,2010,40,4.53,0
155812,Active,702256,NA,NA,S,2,1,97167.125,22,2013,22,10.62,13.05
155813,Active,106559,NA,NA,S,2,1,253136.1875,25,2006,48,10.21,0
155814,Active,116350,NA,NA,S,3,1,1018946.983,166.93,2010,23,4,230.61
155815,Active,118236,NA,NA,D,3,1,129353.9513,153.6,2010,70,14.99,52.74
155816,Active,875586,NA,NA,D,2,1,2464343.154,121.2,2007,16,13.71,35.97
155817,Active,132309,NA,NA,D,2,1,1937824.855,127.4,2007,42,3.99,9.99
155818,Active,635289,NA,NA,D,2,1,669659.65,55.95,2006,25,19.06,0
155819,Active,826268,NA,NA,D,0,0,1034501.419,40.95,1997,26,4,0
155820,Active,618297,NA,NA,S,3,1,342022.1988,55.95,2007,29,30.58,0
155821,Active,826264,NA,NA,D,2,1,654260.48,40.95,1992,28,3.89,0
155822,Active,248392,NA,NA,S,2,1,59384.98125,55.95,2006,31,18.29,0
155823,Active,1727363,NA,NA,S,0,0,1256731.364,14.99,2013,22,6.78,11.93
155824,Active,152217,NA,NA,D,0,0,360806.8838,159,2007,37,43.74,0
155825,Active,2560960,NA,NA,D,0,0,6819564.906,395.58,1981,19,4,73.81
155826,Active,868317,NA,NA,D,3,1,1323309.966,98.95,1993,26,4,56.93
155827,Active,866376,NA,NA,S,2,1,180106.95,32.81,2010,16,13.98,16.74
155828,Active,706175,NA,NA,S,2,1,123188.25,46,2009,11,39.43,46
155829,Active,706177,NA,NA,S,2,1,98263.8,46,2009,11,42.94,46
155830,Active,552307,NA,NA,S,1,0,184553.0438,131.2,2008,45,5.63,0
155831,Active,658085,NA,NA,S,0,0,28649.75625,50,2013,53,18.63,29.23
155832,Active,800173,NA,NA,D,1,0,2635848.92,56.95,2006,22,4,9.92
155833,Active,583363,NA,NA,S,2,1,446836.9875,62,2011,25,35.18,37.16
155834,Active,474588,NA,NA,D,0,0,625796.6263,30,2006,118,4,6.72
155835,Active,195383,NA,NA,D,0,0,1040366.588,30,2003,80,4,6.59
155836,Active,810547,NA,NA,D,0,0,203804.4263,32,2009,109,4,12.34
155837,Active,545763,NA,NA,S,0,0,29491.425,32,2012,59,15.72,28.88
155838,Active,1690094,NA,NA,S,0,0,428796.365,39.95,2011,19,19.97,23.39
155839,Active,308069,NA,NA,S,1,0,865696.54,75,2007,24,25.98,0
155840,Active,3601890,NA,NA,D,1,0,7026020.05,69,1998,23,8.93,24.68
155841,Active,771902,NA,NA,S,2,1,619149.105,138.95,2004,37,7.48,26.52
155842,Active,117480,NA,NA,S,2,1,437302.7225,158,2003,26,21.83,0
155843,Active,692624,NA,NA,S,1,0,62991.675,90.15,2006,49,5.11,28.98
155844,Active,1518971,NA,NA,S,4,1,37022.69875,55.95,2015,40,27.62,35.89
155845,Active,147663,NA,NA,D,3,1,233099.285,61.95,2011,82,6.34,15.47
155846,Active,147430,NA,NA,D,2,1,52909.68375,54.95,2007,129,4.72,23.99
155847,Active,147049,NA,NA,D,1,0,583885.01,49.95,2004,107,4,13.82
155848,Active,1452372,NA,NA,S,0,0,84335.675,96.55,2012,45,18.94,73.99
155849,Active,616507,NA,NA,S,6,1,480685.3038,145.95,2003,41,5.97,71.18
155850,Active,248288,NA,NA,S,6,1,106771.1288,291.95,2003,86,7.7,73.96
155851,Active,571316,NA,NA,D,4,1,823484.4713,51.93,2010,65,4.96,40.96
155852,Active,536921,NA,NA,D,6,1,38202.21,119.8,2011,151,4.98,13.94
155853,Active,133415,NA,NA,D,6,1,275063.65,79.8,2011,107,3.88,32.41
155854,Active,3581509,NA,NA,D,0,0,3394082.9,175,2007,24,8.39,223.62
155855,Active,905855,NA,NA,S,40,1,1860583.735,201,2008,19,4.26,73.47
155856,Active,131060,NA,NA,S,6,1,1247672.991,123,2011,20,8.99,18.94
155857,Active,55585,NA,NA,D,5,1,329389.2588,110,2009,140,4,10.57
155858,Active,130605,NA,NA,D,6,1,251516.4413,134.4,2011,182,3.84,14.57
155859,Active,322736,NA,NA,D,4,1,1312649.258,110,2009,116,4,7.49
155860,Active,130606,NA,NA,D,5,1,245062.63,134.4,2011,80,4.26,19.86
155861,Active,647194,NA,NA,D,2,1,625265.5975,58,2012,34,4,44.18
155862,Active,2627377,NA,NA,S,0,0,13157.225,64.95,2001,9,39,42.87
155863,Active,202204,NA,NA,D,6,1,705500.1125,237.95,1999,34,4.48,68.09
155864,Active,245264,NA,NA,D,7,1,520006.5813,245.95,2006,21,19,113.31
155865,Active,113417,NA,NA,S,2,1,330128.9738,47.95,2005,30,9.14,0
155866,Active,3590263,NA,NA,D,2,1,5902275.4,66,2001,23,4.35,18.57
155867,Active,115516,NA,NA,D,1,0,828043.7613,133,2003,33,9.4,28.74
155868,Active,607822,NA,NA,S,2,1,1780378.699,28,2001,24,4,13.82
155869,Active,610013,NA,NA,S,4,1,260797.7938,43,2013,27,26.93,42.6
155870,Active,549668,NA,NA,S,1,0,1108497.413,114,2009,25,22.23,0
155871,Active,202275,NA,NA,S,1,0,132555.2638,185.95,2002,47,15.41,0
155872,Active,135607,NA,NA,S,4,1,1102563.839,35.95,2006,45,5.26,22.86
155873,Active,3599201,NA,NA,D,0,0,4336759.4,184.95,2006,22,28.94,110.07
155874,Active,867693,NA,NA,S,5,1,42080.59875,48,2014,50,23.19,26.94
155875,Active,193710,NA,NA,D,4,1,272462.5375,40,2010,126,4.4,16.97
155876,Active,789624,NA,NA,D,2,1,1016255.6,57.99,2007,24,9.69,0
155877,Active,53820,NA,NA,D,2,1,1344220.679,18.99,2009,64,4,14.98
155878,Active,538598,NA,NA,D,3,1,99649.825,43.31,2012,117,3.84,29.54
155879,Active,613739,NA,NA,D,3,1,740389.685,16.98,2011,81,4,16.49
155880,Active,53822,NA,NA,D,2,1,755791.0613,90.5,2010,80,4,35.48
155881,Active,53821,NA,NA,S,1,0,1478149.983,43.1,2008,58,4,23.99
155882,Active,2020837,NA,NA,D,1,0,502857.19,79.95,2007,20,10.08,55.75
155883,Active,126721,NA,NA,D,10,1,18271.015,63,2007,68,37.11,42.28
155884,Active,613732,NA,NA,D,9,1,399947.8775,42.95,1998,87,4,10.93
155885,Active,173708,NA,NA,S,2,1,112252.3963,34.99,2003,77,7.58,23.99
155886,Active,210900,NA,NA,S,2,1,425736.8388,73.95,2003,40,4.3,51.99
155887,Active,551883,NA,NA,S,4,1,903335.765,107.2,2001,45,4.47,12.97
155888,Active,116269,NA,NA,S,5,1,132521.7963,141.75,2007,41,19.52,73.89
155889,Active,117458,NA,NA,D,0,0,195330.7238,141.75,2004,106,6.48,48.99
155890,Active,141924,NA,NA,D,4,1,137257.6788,90.66,2009,100,4.94,10.97
155891,Active,619747,NA,NA,D,5,1,142323.735,85.21,2012,95,3.84,26.94
155892,Active,141658,NA,NA,D,3,1,377823.1875,22.2,2005,70,4,15.98
155893,Active,734459,NA,NA,S,3,1,1040039.429,66,2005,23,5.74,17.97
155894,Active,1946542,NA,NA,S,6,1,16406.2225,79.25,2014,84,35.99,43.94
155895,Active,142119,NA,NA,D,5,1,18001.605,76.5,2012,111,9.64,24.98
155896,Active,141925,NA,NA,D,4,1,480335.6688,22.75,2009,169,4,7.39
155897,Active,141243,NA,NA,S,2,1,1575365.128,43.1,2001,79,4,39.12
155898,Active,141926,NA,NA,D,4,1,548366.1788,6.57,2009,183,4,8.03
155899,Active,142120,NA,NA,D,5,1,78993.27875,27.99,2012,98,12.99,58.61
155900,Active,873266,NA,NA,D,3,1,1073151.166,14.33,2005,34,5.59,14.33
155901,Active,869891,NA,NA,D,0,0,886826.6938,247.7,2009,13,38.94,152.94
155902,Active,154383,NA,NA,S,6,1,1235899.133,78.1,2003,40,5.19,26.98
155903,Active,748063,NA,NA,S,5,1,782293.1163,51.5,1999,61,4,20.05
155904,Active,3513260,NA,NA,S,10,1,7061,87.5,2016,42,53.99,53.98
155905,Active,3513261,NA,NA,S,10,1,8227,87.5,2016,52,43.99,53.98
155906,Active,607865,NA,NA,D,4,1,2137879.708,83,2000,27,4.55,15.02
155907,Active,144581,NA,NA,D,5,1,951240.0225,103,2003,45,4,13.36
155908,Active,537927,NA,NA,D,4,1,4504314.299,83,2000,30,4,9.01
155909,Active,144583,NA,NA,D,5,1,1343502.099,111.6,2004,32,4.58,36.92
155910,Active,169752,NA,NA,S,6,1,778129.5588,172.95,2008,58,4.96,78.14
155911,Active,614783,NA,NA,D,5,1,81104.35875,143.25,2005,86,8.03,63.99
155912,Active,117457,NA,NA,D,0,0,147423.3913,143.25,2004,61,5.66,38.99
155913,Active,764574,NA,NA,S,3,1,1965010.405,90.95,1998,39,3.99,16.27
155914,Active,630665,NA,NA,S,0,0,275818.9763,134,2005,38,5.69,51.8
155915,Active,847929,NA,NA,D,0,0,6664531.85,43.96,1997,18,3,0
155916,Active,182867,NA,NA,S,2,1,362453.6675,103.95,2006,33,16.63,0
155917,Active,182868,NA,NA,S,2,1,649702.1763,103.95,2005,33,12.85,42.85
155918,Active,555510,NA,NA,S,2,1,1756632.108,45.25,2003,50,4,5.93
155919,Active,129442,NA,NA,D,4,1,48808.265,59.95,2011,96,6.98,20.9
155920,Active,127177,NA,NA,D,3,1,805878.7263,49.95,2007,60,4,16.39
155921,Active,560046,NA,NA,D,8,1,671350.3075,6.99,2009,83,4,13.94
155922,Active,141820,NA,NA,D,7,1,1178676.615,8.24,2006,83,4,0
155923,Active,555217,NA,NA,S,0,0,394432.3463,50,1994,45,4,22.94
155924,Active,124051,NA,NA,S,5,1,253026.8525,193.95,1999,35,9.99,14.26
155925,Active,546018,NA,NA,D,10,1,146596.1288,22.93,2013,101,3.91,10.58
155926,Active,1946486,NA,NA,D,10,1,1226258.55,41.43,2013,35,4,33.88
155927,Active,142127,NA,NA,D,9,1,342678.9363,19.36,2011,83,4,9.89
155928,Active,246663,NA,NA,S,2,1,22773.75,52.95,2009,53,19.79,34.89
155929,Active,875304,NA,NA,D,9,1,303631.5488,84.01,2011,57,11.42,38.46
155930,Active,145456,NA,NA,S,7,1,731907.0288,88,2006,44,4.53,26.9
155931,Active,133184,NA,NA,S,8,1,291425.4288,120.33,2010,64,4,17.86
155932,Active,875328,NA,NA,D,8,1,496396.2338,134.9,2007,77,4,18.97
155933,Active,144653,NA,NA,S,7,1,347531.02,95.2,2004,44,4,13
155934,Active,133183,NA,NA,D,8,1,442617.3363,95.67,2010,50,4.55,40.43
155935,Active,144284,NA,NA,S,6,1,574454.4275,87.6,2001,52,3.99,19.58
155936,Active,145574,NA,NA,D,8,1,101719.5213,120,2006,78,4,45.15
155937,Active,132934,NA,NA,D,9,1,97064.5125,141,2010,56,11.99,64.43
155938,Active,145458,NA,NA,D,7,1,730397.36,68.67,2006,32,4.34,53.37
155939,Active,607872,NA,NA,S,6,1,1855655.371,80,2001,44,4.01,27.99
155940,Active,145573,NA,NA,D,8,1,241179.8613,120,2006,76,4,37.9
155941,Active,288557,NA,NA,S,7,1,1325801.824,95.2,2004,59,4,9.35
155942,Active,133182,NA,NA,D,8,1,589745.0813,95.67,2010,54,4.28,42.41
155943,Active,871128,NA,NA,S,0,0,630134.9975,117.85,1999,89,4.48,43.23
155944,Active,110756,NA,NA,S,10,1,83090.43375,126.25,2006,100,22.99,63.4
155945,Active,1535891,NA,NA,S,1,0,28054.4325,86.25,2015,46,38.99,67.56
155946,Active,1535892,NA,NA,S,1,0,14240.075,86.25,2015,35,40.78,53.99
155947,Active,141065,NA,NA,S,1,0,39792.875,74.95,1999,50,8.99,57.52
155948,Active,186162,NA,NA,S,2,1,973452.6525,42,1997,93,4,0
155949,Active,145378,NA,NA,S,3,1,362444.6713,64.6,2005,35,18.03,0
155950,Active,612869,NA,NA,S,3,1,513560.5888,23.99,2005,98,4,14.33
155951,Active,856245,NA,NA,S,0,0,246647.2925,86.77,2006,61,4,17.6
155952,Active,145288,NA,NA,S,2,1,3055968.021,27.4,2005,43,3.99,8.99
155953,Active,683412,NA,NA,D,1,0,192612.6663,24.99,2009,32,5.84,19.83
155954,Active,671892,NA,NA,S,3,1,8776.81,39.99,2012,41,21.15,0
155955,Active,616589,NA,NA,S,2,1,81002.7175,58.75,1994,54,4.49,38.81
155956,Active,1427124,NA,NA,S,0,0,151498.1425,101.45,2007,44,16.35,53.99
155957,Active,693053,NA,NA,D,0,0,552165.1038,99.85,2007,48,7.94,47.95
155958,Active,1426661,NA,NA,D,1,0,1752956.588,12.5,2007,18,4.03,6.65
155959,Active,286456,NA,NA,S,6,1,110620.4425,131.4,2009,60,10.95,73.85
155960,Active,116733,NA,NA,D,5,1,1837343.364,84,2005,35,4,18.8
155961,Active,284818,NA,NA,D,5,1,2012286.429,28.84,1997,45,4,13.29
155962,Active,2331403,NA,NA,S,1,0,938797.225,79.55,1993,110,4,10.72
155963,Active,921319,NA,NA,D,0,0,422733.9088,23.36,2005,60,5.59,0
155964,Active,52977,NA,NA,D,3,1,72139.52375,112,2008,75,6.53,55.75
155965,Active,52976,NA,NA,D,2,1,164898.2688,67.27,2004,108,4,19.97
155966,Active,642882,NA,NA,D,1,0,1284386.361,54.95,2006,29,9.98,55.74
155967,Active,247904,NA,NA,D,7,1,775000.32,72.95,2008,46,4,12.57
155968,Active,298309,NA,NA,D,8,1,124203.8613,81,2010,45,8.46,38.94
155969,Active,206560,NA,NA,S,0,0,194374.6525,50,2003,73,4,43.41
155970,Active,910959,NA,NA,D,5,1,1332741.045,185,2010,48,4.73,41.99
155971,Active,195183,NA,NA,S,3,1,129800.1288,107,2009,38,12.2,76.96
155972,Active,468700,NA,NA,S,3,1,955465.3163,156,2009,62,4,25.94
155973,Active,433373,NA,NA,D,4,1,1037551.195,200,2009,38,5.44,75.29
155974,Active,130601,NA,NA,S,16,1,69772.5575,151.95,2011,62,28.98,60.69
155975,Active,737459,NA,NA,D,3,1,3175384.599,125,2006,25,4.53,25.09
155976,Active,194914,NA,NA,D,2,1,3551159.92,69.95,2004,19,4.24,10.97
155977,Active,195182,NA,NA,S,3,1,368022.0413,99,2009,27,37.08,71.97
155978,Active,636939,NA,NA,S,10,1,370643.9313,55,2013,42,4.97,55
155979,Active,170207,NA,NA,D,5,1,408554.7738,146.95,2011,38,10.74,55.13
155980,Active,567434,NA,NA,D,4,1,1867566.476,160.95,2007,33,4,46.71
155981,Active,57759,NA,NA,S,6,1,1214009.495,72.95,2002,25,4,33.98
155982,Active,268831,NA,NA,S,9,1,385126.0638,50,2011,32,6.48,22.45
155983,Active,169385,NA,NA,D,4,1,1378692.589,176.95,2007,44,4,40.69
155984,Active,170208,NA,NA,D,5,1,395534.3163,159.95,2011,48,8.11,28.99
155985,Active,616714,NA,NA,S,1,0,110280.875,131.95,2012,40,33.89,108.68
155986,Active,170013,NA,NA,D,9,1,83838.1575,281.95,2010,143,5.21,19.49
155987,Active,624304,NA,NA,S,2,1,202661.8375,199.95,2011,48,23.28,53.99
155988,Active,864113,NA,NA,D,1,0,70433.9475,140.95,2011,69,4.69,27.39
155989,Active,664114,NA,NA,D,2,1,30248.405,140.95,2014,65,9.62,35.76
155990,Active,276580,NA,NA,D,4,1,56255.81,70,2010,67,16.49,16.99
155991,Active,276577,NA,NA,D,3,1,115986.205,59.99,2003,172,4,17.42
155992,Active,534098,NA,NA,D,5,1,435934.9138,47.47,2001,44,4,35.22
155993,Active,183244,NA,NA,D,6,1,487121.9363,151.95,2007,35,6.34,69.27
155994,Active,505040,NA,NA,S,2,1,517208.835,225,2008,30,14.89,200.99
155995,Active,265908,NA,NA,D,0,0,4287264.63,141,2005,14,7.21,31.26
155996,Active,1505924,NA,NA,D,8,1,5925058.878,24,2008,14,4.14,94.27
155997,Active,143299,NA,NA,D,9,1,712457.3288,213,2010,47,2.98,37.98
155998,Active,143298,NA,NA,D,9,1,507434.0925,185,2010,48,4.4,133.99
155999,Active,143214,NA,NA,D,8,1,2018901.303,125,2007,20,4,106.77
156000,Active,578590,NA,NA,S,8,1,386056.2225,43,2005,24,8.48,18.99
156001,Active,538550,NA,NA,D,3,1,29629.34375,144.45,2012,100,4.02,33.71
156002,Active,110136,NA,NA,D,2,1,108918.52,5.05,2010,93,5.71,13.98
156003,Active,878791,NA,NA,D,2,1,2619738.126,39.68,2011,26,4,13.67
156004,Active,111620,NA,NA,D,2,1,1521623.391,107.63,2010,28,5.05,68.71
156005,Active,416672,NA,NA,S,1,0,363155.2988,141.57,2008,73,4,6.87
156006,Active,111219,NA,NA,D,10,1,744874.0738,215.5,2011,41,4.27,23.91
156007,Active,121634,NA,NA,D,3,1,1193717.601,84.4,2008,52,4,46.14
156008,Active,532965,NA,NA,D,3,1,2540714.345,51.33,2007,20,4,92.17
156009,Active,133314,NA,NA,S,4,1,66376.8975,79.2,2011,63,13.39,59.77
156010,Active,121635,NA,NA,D,3,1,228047.9513,65.8,2008,79,4,15.99
156011,Active,537007,NA,NA,S,4,1,617175.1188,87.87,2011,27,27.19,84.5
156012,Active,145048,NA,NA,D,2,1,2072797.409,43.8,2005,37,4,7.23
156013,Active,2018334,NA,NA,S,9,1,1198215.396,109.95,2014,26,8.32,9.62
156014,Active,664524,NA,NA,S,8,1,1276442.268,99.95,2013,21,4,41.19
156015,Active,144320,NA,NA,D,6,1,462082.1163,137.33,2002,42,6.67,82.63
156016,Active,144066,NA,NA,D,5,1,1192309.73,110,1997,28,5.13,48.43
156017,Active,144983,NA,NA,D,7,1,641886.7625,193.33,2006,29,23.98,105.08
156018,Active,541416,NA,NA,S,5,1,31466.29,79.95,2013,33,48.99,56.36
156019,Active,51411,NA,NA,S,12,1,2114765.599,8.84,2005,74,4,8.41
156020,Active,51414,NA,NA,D,15,1,234831.1213,32.42,2011,73,6.18,27.71
156021,Active,51412,NA,NA,D,14,1,194189.8638,15.91,2009,101,4,8.28
156022,Active,51413,NA,NA,S,13,1,1329506.96,8.89,2007,64,4,4.99
156023,Active,2333884,NA,NA,S,12,1,1900510.46,77.5,1991,51,4.28,22.94
156024,Active,2333883,NA,NA,S,11,1,3840034.179,37.97,1987,26,4,36.98
156025,Active,606717,NA,NA,D,13,1,672889.9013,79.95,1996,32,7.48,16.99
156026,Active,1463969,NA,NA,S,2,1,112720.15,46.19,2013,13,11,13.82
156027,Active,1463970,NA,NA,S,2,1,118156.8,46.19,2013,13,13,13.62
156028,Active,1463971,NA,NA,S,2,1,65330.5,46.19,2013,11,13.49,13.78
156029,Active,1463973,NA,NA,S,2,1,243312.2,46.19,2013,3,40.23,13.6
156030,Active,108067,NA,NA,D,4,1,1721856.866,9.49,2003,47,4,9.49
156031,Active,55013,NA,NA,D,6,1,172614.9138,153.32,2008,76,8.29,22.67
156032,Active,55012,NA,NA,D,5,1,598427.8813,20.74,2006,57,4,10.34
156033,Active,55014,NA,NA,S,7,1,24262.4,178,2010,80,42.04,95.69
156034,Active,288572,NA,NA,D,6,1,1525039.194,60.8,2004,25,4,13.88
156035,Active,607866,NA,NA,D,5,1,2343300.738,50.4,2001,29,4,9.98
156036,Active,288652,NA,NA,S,7,1,174155.1563,106.8,2007,44,6.99,49.41
156037,Active,61174,NA,NA,S,6,1,2729514.901,60.8,2004,28,4,12.94
156038,Active,157852,NA,NA,D,0,0,3753944.288,39.95,1998,35,4,11.49
156039,Active,532961,NA,NA,S,2,1,111829.845,54.95,2008,71,17.61,38.99
156040,Active,260090,NA,NA,D,1,0,505657.1163,109,2007,27,9.59,36.99
156041,Active,612052,NA,NA,S,2,1,346553.0775,80,2013,31,47.01,66.15
156042,Active,450574,NA,NA,D,5,1,231920.6425,202.95,2009,32,7.84,56.41
156043,Active,177942,NA,NA,D,4,1,2381347.713,213.95,2004,28,3.99,18.99
156044,Active,154020,NA,NA,D,4,1,293655.33,29.97,2010,44,10.6,16.99
156045,Active,60050,NA,NA,D,3,1,548867.8138,44,2007,47,4,27.49
156046,Active,177815,NA,NA,S,6,1,2529710.826,213.95,2002,35,4,4.99
156047,Active,179202,NA,NA,D,6,1,874531.63,176.95,2010,48,5,45.44
156048,Active,866984,NA,NA,S,7,1,219005.4938,54.95,2014,32,25.26,43.07
156049,Active,177837,NA,NA,S,7,1,254283.94,202.95,2007,45,4.99,52.3
156050,Active,532959,NA,NA,D,9,1,137598.1,90.8,2012,46,4,49.1
156051,Active,133326,NA,NA,D,8,1,923799.7025,82.4,2010,37,4,44.17
156052,Active,515353,NA,NA,D,7,1,1312412.884,105.4,2008,25,4,11.89
156053,Active,354824,NA,NA,D,1,0,631146.7525,112.95,2005,40,4,47.43
156054,Active,182938,NA,NA,D,6,1,776438.7988,155.95,2004,56,4,43.94
156055,Active,179230,NA,NA,D,7,1,180483.8863,147.95,2009,40,8.2,9.69
156056,Active,103413,NA,NA,S,10,1,16809.775,26.99,2011,29,10.36,17.27
156057,Active,2648336,NA,NA,D,1,0,1130866.209,75.95,1999,26,4.98,50.9
156058,Active,652515,NA,NA,S,2,1,442533.3088,54.95,2012,30,26.46,42.53
156059,Active,288519,NA,NA,S,14,1,215437.94,40,2001,59,4,13.97
156060,Active,243965,NA,NA,S,10,1,361213.97,103.95,2011,39,11.42,111.02
156061,Active,618376,NA,NA,D,7,1,82286.1,82.95,2013,65,5.72,58.6
156062,Active,539557,NA,NA,S,0,0,48130.2175,135.5,2008,138,5.79,23.91
156063,Active,130611,NA,NA,S,19,1,26827.32,102.8,2011,66,46.98,73.49
156064,Active,630952,NA,NA,S,3,1,231529.8575,66.95,2011,40,4,10.07
156065,Active,158313,NA,NA,S,5,1,743443.9988,69.95,2009,59,3.71,20.8
156066,Active,290981,NA,NA,S,2,1,1022942.231,220.95,2011,44,4,96.77
156067,Active,133144,NA,NA,D,10,1,678013.4313,119.8,2009,26,5.83,68.27
156068,Active,1556667,NA,NA,S,3,1,130898.3525,54.95,2013,28,34.43,33.68
156069,Active,179207,NA,NA,D,9,1,1649992.779,125.95,2008,41,4,6.76
156070,Active,170137,NA,NA,D,1,0,664285.5175,212.95,2011,34,4.63,47.05
156071,Active,452927,NA,NA,S,1,0,920447.56,194.95,2010,34,5.44,27.11
156072,Active,532955,NA,NA,D,1,0,531356.9863,237.95,2011,57,5.37,38.73
156073,Active,170139,NA,NA,D,1,0,1239066.816,250.95,2011,46,4,50.15
156074,Active,532956,NA,NA,D,15,1,1358537.188,231.95,2011,59,4.12,39.98
156075,Active,544552,NA,NA,D,16,1,474223.1425,210.95,2013,58,4.73,23.96
156076,Active,169770,NA,NA,D,5,1,1148129.639,55.95,2008,99,4,7.98
156077,Active,612630,NA,NA,D,8,1,8906.9725,78.95,2014,63,18.56,63.99
156078,Active,244203,NA,NA,D,7,1,126346.9263,70.95,2012,136,4,42.97
156079,Active,178060,NA,NA,D,0,0,1974769.618,45.95,2004,43,4,18.94
156080,Active,1827038,NA,NA,S,8,1,126774.5088,82.95,2014,62,21.91,67.78
156081,Active,169971,NA,NA,D,6,1,169497.5025,80.95,2010,181,4,10.24
156082,Active,1827306,NA,NA,D,17,1,472593.1863,210.95,2015,27,37.53,131.68
156083,Active,170166,NA,NA,S,15,1,1342837.11,260.95,2011,39,4.94,9.32
156084,Active,51085,NA,NA,D,15,1,509394.0888,219.95,2008,108,4,12.98
156085,Active,51088,NA,NA,D,16,1,69549.7,228.95,2011,173,4,10.89
156086,Active,51087,NA,NA,S,13,1,1881928.765,183.95,2007,70,3.99,4.58
156087,Active,770995,NA,NA,S,9,1,107938.675,176.95,2003,86,6.02,18.71
156088,Active,60051,NA,NA,D,8,1,1157990.964,141.95,2006,60,4,4.27
156089,Active,183070,NA,NA,S,7,1,1156103.658,161.95,2004,67,4,11.94
156090,Active,290976,NA,NA,S,2,1,554521.8375,171.95,2011,60,7.04,46.78
156091,Active,177826,NA,NA,S,9,1,1057432.145,100.95,2005,47,4,0
156092,Active,111979,NA,NA,D,41,1,1527029.615,6.29,2011,52,4,26.99
156093,Active,157751,NA,NA,D,6,1,410724.1113,78.95,2011,51,5.25,39
156094,Active,183428,NA,NA,D,8,1,688718.4613,94.36,2006,32,4,25.46
156095,Active,145096,NA,NA,S,3,1,2343016.658,121.8,2005,29,4.91,6.82
156096,Active,567778,NA,NA,S,2,1,867195.2338,225.95,2011,45,5.03,64.15
156097,Active,906839,NA,NA,D,0,0,1683972.931,59.65,2003,37,4.38,9.52
156098,Active,569043,NA,NA,D,2,1,1022189.774,84.99,2008,64,3.87,28.85
156099,Active,2154519,NA,NA,D,4,1,1535056.111,0,2011,12,8.75,44.99
156100,Active,516482,NA,NA,D,8,1,1302382.779,87.8,2005,21,4,4.36
156101,Active,561058,NA,NA,D,17,1,164768.0813,68.4,2007,82,4.99,19.93
156102,Active,551765,NA,NA,S,0,0,189226.6475,123,2003,108,4.66,16.59
156103,Active,118762,NA,NA,D,12,1,1428611.595,83.8,2007,49,4,22.16
156104,Active,60053,NA,NA,D,15,1,146887.0138,51.4,2003,76,4,8.49
156105,Active,873175,NA,NA,D,1,0,1193551.491,81.95,2011,23,5.45,34.57
156106,Active,268712,NA,NA,D,1,0,273531.1063,78.95,2010,25,6.04,23.98
156107,Active,170004,NA,NA,D,12,1,116638.3788,272.95,2010,58,4.65,51.17
156108,Active,2653796,NA,NA,D,5,1,2454049.226,176.95,1991,38,4,15
156109,Active,183747,NA,NA,D,11,1,149258.8613,198.84,2007,67,4.95,27.95
156110,Active,183312,NA,NA,D,10,1,565645.27,209.95,2005,70,8.5,48.98
156111,Active,533615,NA,NA,D,13,1,298907.2763,247.95,2012,43,38.45,136.99
156112,Active,873463,NA,NA,S,2,1,225408.3313,75.95,2014,28,17.4,21.99
156113,Active,541252,NA,NA,S,12,1,147274.1813,66,2013,53,8.96,27.98
156114,Active,56743,NA,NA,D,10,1,667006.0475,66.25,2007,46,4,18.98
156115,Active,153341,NA,NA,D,11,1,314073.1388,11.32,2010,66,3.99,13.98
156116,Active,533342,NA,NA,D,12,1,188518.2263,27.98,2012,78,4,25.98
156117,Active,625615,NA,NA,S,13,1,19009.13625,48.99,2013,54,32.99,47.44
156118,Active,618921,NA,NA,D,12,1,150498.1225,29.98,2012,65,4,17.29
156119,Active,154015,NA,NA,D,11,1,829832.0875,18.99,2009,64,3.87,18.98
156120,Active,153983,NA,NA,S,10,1,740964.7288,70,2007,40,4.21,21.75
156121,Active,652281,NA,NA,S,13,1,48947.69,60.19,2013,43,18.94,68.33
156122,Active,618544,NA,NA,D,12,1,320125.8588,61.2,2012,74,3.84,44.47
156123,Active,56742,NA,NA,D,11,1,825330.825,13.99,2009,61,4,13.99
156124,Active,540096,NA,NA,S,12,1,14103.97375,219.2,2012,84,13.37,33.99
156125,Active,56103,NA,NA,D,10,1,503645.29,178.4,2009,121,4.35,27.26
156126,Active,132762,NA,NA,D,9,1,874142.835,133,2009,69,4,28.46
156127,Active,244187,NA,NA,D,13,1,59196.1125,203.95,2012,55,41.94,92.71
156128,Active,53096,NA,NA,D,11,1,567760.2013,97.16,2007,41,4,47.94
156129,Active,652203,NA,NA,D,14,1,21021.17625,203.95,2014,48,57.22,79.48
156130,Active,53094,NA,NA,D,12,1,52351.16375,223.95,2011,73,19.07,63.99
156131,Active,118403,NA,NA,D,11,1,1244332.916,79,2006,42,4,11.99
156132,Active,145140,NA,NA,D,16,1,214853.1238,52,2005,64,4,41.6
156133,Active,532951,NA,NA,S,4,1,210702.515,17,2010,94,4,0
156134,Active,540374,NA,NA,S,4,1,5992.7025,16,2013,34,7.19,9.94
156135,Active,630370,NA,NA,D,0,0,742712.1713,76.95,1997,33,6.97,22.99
156136,Active,864066,NA,NA,S,5,1,47079.6025,60,2011,47,18.27,33.98
156137,Active,613305,NA,NA,S,3,1,285445.9125,50,1992,151,4.71,21.93
156138,Active,108662,NA,NA,S,11,1,1065413.478,0.5,2003,49,4.12,17.2
156139,Active,920867,NA,NA,D,12,1,92184.69875,142.4,2006,64,8.75,48.99
156140,Active,110422,NA,NA,D,14,1,21926.05625,79.49,2011,85,18.81,58.99
156141,Active,110255,NA,NA,D,13,1,218488.3,107.26,2008,78,14.59,78.99
156142,Active,109726,NA,NA,D,12,1,173901.83,176.95,2005,69,4,73.98
156143,Active,287580,NA,NA,S,2,1,554432.74,64.6,2007,15,51.99,0
156144,Active,600337,NA,NA,S,8,1,58421.075,48.41,2011,22,15.18,23.97
156145,Active,550238,NA,NA,D,12,1,1234069.809,14.23,2005,63,4,14.24
156146,Active,111330,NA,NA,D,14,1,16903.5825,88,2011,101,11.37,45.9
156147,Active,111021,NA,NA,D,13,1,205079.4075,49.49,2008,58,7.77,53.97
156148,Active,285350,NA,NA,S,12,1,1134154.966,11.26,2005,52,3.99,9.77
156149,Active,537881,NA,NA,D,12,1,621159.7938,23.06,2007,64,4,58.98
156150,Active,532947,NA,NA,D,14,1,44257.8875,12,2011,88,8.51,30.99
156151,Active,416569,NA,NA,S,12,1,1353408.721,10.48,2006,26,4.12,9.76
156152,Active,111020,NA,NA,D,13,1,57074.7375,115.95,2008,75,7.13,60.89
156153,Active,1471578,NA,NA,S,2,1,46797.605,62.95,2014,38,24.43,50.62
156154,Active,556486,NA,NA,S,1,0,75686.53125,49.95,2012,108,5.42,0
156155,Active,1471577,NA,NA,S,2,1,22682.4275,69.95,2014,48,37.03,43.98
156156,Active,555742,NA,NA,D,0,0,312736.6325,99.95,2012,62,6.7,28.83
156157,Active,1471579,NA,NA,S,2,1,31688.75375,69.95,2014,89,35.99,48.93
156158,Active,922604,NA,NA,S,0,0,206633.8025,60,1993,146,5.24,48.05
156159,Active,903660,NA,NA,S,0,0,55210.2525,65,2011,17,43.63,39.78
156160,Active,254382,NA,NA,S,3,1,336639.8788,48,2010,24,13.2,40.45
156161,Active,287067,NA,NA,D,5,1,476200.3725,49.95,2005,39,4,35.67
156162,Active,127577,NA,NA,D,6,1,94902.67875,62.95,2011,41,9.53,55.69
156163,Active,229123,NA,NA,D,4,1,340573.1688,59.95,2006,42,4,17.97
156164,Active,545812,NA,NA,S,5,1,157884.9,86,2012,23,54.89,68.24
156165,Active,133373,NA,NA,S,5,1,132288.8225,64.6,2010,29,19.56,39.94
156166,Active,532946,NA,NA,S,5,1,186224.09,105.2,2010,41,25.72,53.21
156167,Active,117881,NA,NA,D,4,1,791209.4113,80.4,2004,40,4,34.87
156168,Active,614473,NA,NA,S,7,1,137527.025,158.4,2013,45,19.17,58.99
156169,Active,551268,NA,NA,D,0,0,563206.115,127.75,2002,52,4.95,23.97
156170,Active,557049,NA,NA,S,6,1,168642.8263,125.2,2011,60,6.19,63.98
156171,Active,708787,NA,NA,S,5,1,272088.245,115.92,2006,66,11.16,39.61
156172,Active,130971,NA,NA,S,2,1,167322.1725,67.6,2011,55,4.39,34.88
156173,Active,120358,NA,NA,S,1,0,1483119.679,53.4,2007,40,4,16.98
156174,Active,287474,NA,NA,D,6,1,549757.7838,99.6,2011,51,4.88,49.19
156175,Active,131049,NA,NA,D,6,1,339332.4963,149.8,2011,71,4,43.49
156176,Active,131050,NA,NA,S,6,1,222368.3825,99.6,2011,48,4.77,54.43
156177,Active,610416,NA,NA,D,7,1,50058.70875,125.8,2013,88,4.98,80.01
156178,Active,286177,NA,NA,S,4,1,1525179.629,69.33,2006,59,4,22.94
156179,Active,120949,NA,NA,D,6,1,637403.3275,120.2,2007,26,4,82.5
156180,Active,115596,NA,NA,D,5,1,320500.3875,101.4,2003,29,4.52,43.19
156181,Active,154270,NA,NA,S,2,1,660122.495,48.25,1998,37,4,18.97
156182,Active,126549,NA,NA,D,3,1,485197.7413,59.95,2004,50,4,23.72
156183,Active,127586,NA,NA,S,4,1,71660.6875,76.95,2010,46,27.48,64.79
156184,Active,592762,NA,NA,S,1,0,279624.8813,52,2008,29,12.39,72.95
156185,Active,577503,NA,NA,S,0,0,507525.2413,55.97,2006,55,4.47,9.93
156186,Active,144453,NA,NA,D,1,0,227321.4713,52.67,2004,74,4.72,18.99
156187,Active,861154,NA,NA,S,2,1,249088.8638,57.8,2013,40,25.92,57.8
156188,Active,130910,NA,NA,S,3,1,541709.745,74,2011,31,14.75,71.94
156189,Active,144236,NA,NA,D,2,1,1255919.761,51.6,2006,24,4,32.99
156190,Active,133418,NA,NA,D,1,0,306950.9363,102.2,2011,74,10.24,68.59
156191,Active,178155,NA,NA,D,1,0,1931328.755,167.95,2004,38,4,14.74
156192,Active,451782,NA,NA,D,2,1,304756.1763,229.95,2009,53,4,34.5
156193,Active,297871,NA,NA,S,3,1,122146.6863,223.95,2012,45,28.74,74.2
156194,Active,164650,NA,NA,S,4,1,91306.28875,45,2004,156,4,17.23
156195,Active,286130,NA,NA,D,1,0,387479.81,30,2006,29,8.62,100.57
156196,Active,540119,NA,NA,S,2,1,184522.6163,75,2012,29,44.3,61.52
156197,Active,608159,NA,NA,D,2,1,1424827.904,39.56,1994,36,3.99,51.55
156198,Active,170220,NA,NA,D,4,1,307903.8713,140.95,2011,52,12.19,49.73
156199,Active,169558,NA,NA,D,3,1,1001400.839,176.95,2006,58,3.99,16.83
156200,Active,719624,NA,NA,D,3,1,1198953.76,95,2001,30,5.59,24.3
156201,Active,2054248,NA,NA,D,0,0,438822.2088,37.5,2014,16,15.67,18.97
156202,Active,145478,NA,NA,D,12,1,2126550.865,125.33,2006,27,4.94,27.99
156203,Active,712861,NA,NA,S,0,0,780907.5925,85.9,2002,39,4.99,43.89
156204,Active,55754,NA,NA,D,12,1,608306.1938,138.4,2005,55,4,38.99
156205,Active,876491,NA,NA,S,12,1,1298062.014,140.35,2005,44,4.31,15.48
156206,Active,101437,NA,NA,S,0,0,209303.07,118.7,2005,48,9.69,37.98
156207,Active,2384366,NA,NA,S,0,0,27441.875,97.95,2000,56,11.64,72.57
156208,Active,692752,NA,NA,S,1,0,237936.6013,132,2005,24,9.05,42.53
156209,Active,133317,NA,NA,D,14,1,91840.80375,178.2,2011,65,23.34,94.13
156210,Active,54192,NA,NA,S,14,1,113491.805,178.2,2011,27,53.94,83.83
156211,Active,112232,NA,NA,S,2,1,189779.7438,117.96,2003,58,6.48,61.35
156212,Active,2304441,NA,NA,S,2,1,1850582.46,102.79,1994,44,4.44,13.97
156213,Active,179172,NA,NA,D,14,1,137337.6275,289.95,2008,72,7.98,128.34
156214,Active,461690,NA,NA,S,13,1,183189.2813,198.95,2005,40,12.99,53.99
156215,Active,179175,NA,NA,D,14,1,33170.4275,151.95,2011,137,13.23,51.99
156216,Active,613150,NA,NA,S,10,1,631538.2588,259.95,1993,88,4.1,9.56
156217,Active,182525,NA,NA,S,12,1,222874.3575,118.95,2001,122,4,7.99
156218,Active,532941,NA,NA,S,14,1,417027.5175,41.95,2009,40,4,19.62
156219,Active,618085,NA,NA,D,15,1,69710.82875,52.95,2013,51,11.45,31.99
156220,Active,532940,NA,NA,D,15,1,88376.05,150.95,2012,95,4.48,40
156221,Active,170130,NA,NA,D,14,1,416202.5113,84.95,2010,48,4,12.74
156222,Active,532939,NA,NA,D,15,1,50717.17375,150.95,2012,65,11.41,69.28
156223,Active,642056,NA,NA,D,15,1,105956.7075,52.95,2013,50,12.39,44.8
156224,Active,177859,NA,NA,S,2,1,2767532.036,108.95,2003,34,5.41,10.92
156225,Active,617537,NA,NA,D,1,0,8334986.586,66.95,2002,13,4.35,5.99
156226,Active,291750,NA,NA,S,4,1,86313.15625,103.95,2009,79,7.62,41.33
156227,Active,461992,NA,NA,D,2,1,2769046.638,144.95,2006,18,4.38,7.98
156228,Active,179169,NA,NA,S,4,1,652031.5575,229.95,2008,38,17.52,124.07
156229,Active,179168,NA,NA,S,4,1,54298.47375,82.95,2009,45,9.36,32.99
156230,Active,179170,NA,NA,S,4,1,356218.6688,229.95,2008,38,5.02,81.28
156231,Active,179167,NA,NA,S,4,1,287061.8188,82.95,2009,38,25.73,50.69
156232,Active,60939,NA,NA,D,8,1,1762354.008,173.95,2006,38,4.72,18.98
156233,Active,243976,NA,NA,D,9,1,199735.8163,82.95,2011,31,18.13,63.59
156234,Active,169298,NA,NA,D,8,1,874468.775,173.95,2006,41,4,46.01
156235,Active,713090,NA,NA,S,0,0,405351.5125,137.5,2001,82,4.7,16.78
156236,Active,607889,NA,NA,S,6,1,1080542.176,123,2003,33,5.05,86.72
156237,Active,54917,NA,NA,D,6,1,694700.4338,79.4,2007,40,4.14,47.65
156238,Active,560764,NA,NA,S,6,1,1671196.559,99,2003,56,4.1,18.99
156239,Active,54914,NA,NA,D,7,1,38373.8525,80.6,2010,67,14.98,48.32
156240,Active,54913,NA,NA,D,6,1,734542.395,62.2,2007,70,4,25.18
156241,Active,288611,NA,NA,S,7,1,864888.895,99,2005,61,4,18.99
156242,Active,560765,NA,NA,S,6,1,2462989.835,99,2003,49,4,5.29
156243,Active,132487,NA,NA,D,6,1,1149273.839,62.2,2007,70,3.99,13.29
156244,Active,861734,NA,NA,S,2,1,405558.4838,54.95,2013,24,20.14,39.58
156245,Active,594456,NA,NA,S,6,1,297252.23,34,2010,46,5.78,28.75
156246,Active,563646,NA,NA,D,1,0,607921.7188,27.98,2012,49,5.16,33.98
156247,Active,260107,NA,NA,D,5,1,557339.83,59.95,2004,62,4,15.74
156248,Active,485510,NA,NA,D,6,1,151570.1363,59.95,2009,39,13.77,56.21
156249,Active,130555,NA,NA,D,6,1,161482.405,88.6,2011,42,32.24,78.99
156250,Active,132715,NA,NA,D,5,1,576151.7063,109.8,2009,24,6.43,50.04
156251,Active,183607,NA,NA,S,7,1,413963.6225,126.95,2007,72,4.39,56.35
156252,Active,747027,NA,NA,S,2,1,626048.9763,30.98,2010,31,4,30.98
156253,Active,747747,NA,NA,D,3,1,422814.9325,78.31,2013,59,4.32,24.53
156254,Active,627836,NA,NA,D,3,1,128862.04,11.98,2013,100,4.39,6.48
156255,Active,563630,NA,NA,D,3,1,698992.4713,94.54,2013,79,3.84,22.99
156256,Active,439835,NA,NA,D,1,0,997420.9763,17.99,2009,43,4,13.49
156257,Active,154040,NA,NA,D,2,1,472461.1063,14.98,2010,63,4,13.98
156258,Active,609924,NA,NA,S,4,1,6204.2175,99.95,2013,94,39.23,75.37
156259,Active,107414,NA,NA,D,2,1,1125547.54,8.99,2002,23,4,8.98
156260,Active,532933,NA,NA,D,3,1,140154.29,92.95,2009,76,8.51,50.98
156261,Active,607592,NA,NA,D,2,1,115005.9413,79.95,2006,72,4.61,28.37
156262,Active,2402281,NA,NA,S,0,0,655961.915,75,1990,42,12.9,41.32
156263,Active,110755,NA,NA,S,3,1,102845.2525,73.69,2006,64,4.1,45.37
156264,Active,109605,NA,NA,S,3,1,584364.0838,76.75,2006,63,3.99,36.62
156265,Active,201721,NA,NA,S,2,1,955527.6988,47.95,2006,41,4,31.29
156266,Active,734493,NA,NA,D,3,1,922821.1775,84.79,2006,36,5.06,22.98
156267,Active,288303,NA,NA,D,4,1,681027.0863,28.25,2009,88,4,11.09
156268,Active,734572,NA,NA,D,4,1,2529453.616,108.38,2008,19,4,89.66
156269,Active,595226,NA,NA,D,5,1,73988.47125,125.18,2012,73,6.35,43.21
156270,Active,141937,NA,NA,D,4,1,234088.1213,20.64,2008,101,4,28.87
156271,Active,54035,NA,NA,D,4,1,109913.2425,42.4,2008,194,4,15.17
156272,Active,141938,NA,NA,D,4,1,598155.1575,11.89,2008,124,4,13.63
156273,Active,595227,NA,NA,D,5,1,14452.30875,72.35,2012,77,17.04,49.74
156274,Active,634830,NA,NA,D,1,0,2309399.758,152,2005,12,24.58,71.48
156275,Active,902636,NA,NA,D,5,1,1495384.28,299,2008,19,23.97,109.39
156276,Active,144368,NA,NA,S,0,0,266084.5188,172.95,2007,41,44.11,68.17
156277,Active,145499,NA,NA,D,7,1,1643857.421,90.6,2006,46,3.99,23.98
156278,Active,133135,NA,NA,D,8,1,308136.705,114.2,2010,57,5.98,58.25
156279,Active,545801,NA,NA,D,9,1,66849.43875,105,2012,75,7.97,48.22
156280,Active,169760,NA,NA,D,9,1,1250860.531,193.95,2008,45,4,675
156281,Active,270645,NA,NA,D,8,1,230468.2775,94,2009,41,4.38,13.49
156282,Active,243974,NA,NA,D,10,1,466320.8025,182.95,2011,114,4.37,15.3
156283,Active,279155,NA,NA,D,7,1,854561.2588,72.95,2006,57,4,26.59
156284,Active,178153,NA,NA,D,1,0,284901.0725,152.95,2005,30,8.99,157.77
156285,Active,170015,NA,NA,D,1,0,634307.1,258.95,2005,21,6.32,75.75
156286,Active,608576,NA,NA,D,5,1,2521263.203,123.95,2000,34,4.58,23.47
156287,Active,2474242,NA,NA,S,2,1,7019735.858,51,1985,21,4.4,47.07
156288,Active,60058,NA,NA,D,6,1,633010.6,186.95,2004,45,5.18,35.99
156289,Active,607896,NA,NA,S,6,1,2408724.61,56,2003,27,4,32.46
156290,Active,607948,NA,NA,S,7,1,763534.0225,70.8,2006,49,4,11.38
156291,Active,607769,NA,NA,S,8,1,436420.255,106.8,2010,65,5.75,18.83
156292,Active,145513,NA,NA,S,7,1,976532.9325,68.6,2006,43,4,37.82
156293,Active,133200,NA,NA,S,8,1,151163.1188,93,2010,57,5.21,52.55
156294,Active,617165,NA,NA,S,1,0,17451.45,60.95,2007,30,43.94,50.62
156295,Active,616248,NA,NA,D,1,0,267363.3638,54.99,1968,49,4.99,35.2
156296,Active,707946,NA,NA,S,2,1,1133672.219,102.62,2005,18,12.98,53.93
156297,Active,2040680,NA,NA,S,3,1,146612.95,54.08,2009,31,28.47,54.08
156298,Active,707999,NA,NA,S,2,1,988787.2188,58.94,2004,18,33.49,57.94
156299,Active,55595,NA,NA,D,6,1,749373.1688,5.19,2004,67,4,10
156300,Active,55597,NA,NA,D,8,1,284744.8663,68.7,2010,60,15.99,112.82
156301,Active,144264,NA,NA,D,7,1,614048.9538,84.6,2002,30,5.03,75.96
156302,Active,101219,NA,NA,S,2,1,500451.5288,57.95,2000,30,10.59,35.84
156303,Active,532928,NA,NA,S,8,1,93999.34,124.4,2007,46,42.62,92.99
156304,Active,200868,NA,NA,S,2,1,331101.9538,16.99,2006,39,9.74,41.24
156305,Active,103419,NA,NA,S,0,0,142904.675,26.99,2012,273,4,11.99
156306,Active,673389,NA,NA,S,0,0,832.3,9.99,2013,128,4,6.04
156307,Active,622588,NA,NA,S,1,0,241274.0175,131.4,2012,48,11.98,63.23
156308,Active,54901,NA,NA,D,6,1,67888.895,158.2,2009,85,7.14,39.99
156309,Active,58533,NA,NA,D,5,1,1153132.81,119,2007,48,4,25.77
156310,Active,54900,NA,NA,D,5,1,223259.1638,110.8,2005,61,4,8.74
156311,Active,289434,NA,NA,D,1,0,259401.4063,18.99,2010,94,4.39,13.99
156312,Active,903734,NA,NA,S,2,1,13440.62875,57,2015,43,30.22,38.98
156313,Active,169985,NA,NA,S,12,1,91476.74,150.95,2009,75,5.99,38.86
156314,Active,769609,NA,NA,D,10,1,361534.9438,162.95,2001,91,4,8.47
156315,Active,132831,NA,NA,D,6,1,79709.42,117.47,2008,97,10.84,69.15
156316,Active,537899,NA,NA,D,5,1,1175147.304,78,2003,42,4,17.26
156317,Active,713561,NA,NA,S,4,1,5641028.104,58,1998,27,4.23,47.59
156318,Active,434754,NA,NA,D,1,0,764190.485,107.2,2008,57,4,7.42
156319,Active,861875,NA,NA,S,3,1,27409.81125,158.4,2014,83,40.61,49.84
156320,Active,532924,NA,NA,D,2,1,104059.3363,94.6,2011,91,4.19,21.99
156321,Active,874338,NA,NA,S,3,1,592072.2013,92,2014,29,43.06,66.55
156322,Active,532925,NA,NA,D,2,1,47591.71125,68.6,2011,136,4,8.99
156323,Active,132489,NA,NA,D,1,0,819774.1088,53.33,2008,99,4,5.49
156324,Active,872573,NA,NA,S,3,1,94190.84375,125.8,2014,49,35.47,84.99
156325,Active,130465,NA,NA,D,2,1,120837.1875,68.6,2011,88,4,18.86
156326,Active,132490,NA,NA,D,1,0,1383224.54,86.4,2008,48,4,17.05
156327,Active,54814,NA,NA,D,4,1,768299.4963,71,2010,86,4,19.24
156328,Active,54815,NA,NA,D,3,1,450486.1975,60,2006,36,5.95,45.31
156329,Active,54813,NA,NA,D,3,1,582192.73,46.67,2006,65,4,27.63
156330,Active,631779,NA,NA,D,0,0,337125.6988,105.4,2005,35,4,20.17
156331,Active,3272114,NA,NA,D,1,0,1216707.885,25.54,2004,40,9.71,25.53
156332,Active,53359,NA,NA,S,10,1,1487367.568,183.95,2003,59,4,8.18
156333,Active,876770,NA,NA,D,11,1,1229037.031,95.5,2005,27,4.92,54.97
156334,Active,55480,NA,NA,D,10,1,839564.5463,58.94,2002,67,4,47.22
156335,Active,107708,NA,NA,D,10,1,363449.3588,59.63,2002,38,4,59.37
156336,Active,53575,NA,NA,D,11,1,288940.265,105.8,2006,38,5.32,43.82
156337,Active,133136,NA,NA,D,6,1,595794.63,101.2,2009,31,4.13,38
156338,Active,132417,NA,NA,D,5,1,2614324.349,84.2,2007,26,4,5.19
156339,Active,630630,NA,NA,D,0,0,494648.1575,131.75,2007,45,6.49,70.19
156340,Active,708421,NA,NA,S,1,0,53504.375,139.75,2005,30,21.2,72
156341,Active,532921,NA,NA,S,6,1,844670.95,46.48,2005,69,4,23.98
156342,Active,243783,NA,NA,S,3,1,82441.84375,29.95,2011,30,18.67,22.29
156343,Active,918049,NA,NA,S,4,1,17110.805,45.32,2014,69,24.55,32.19
156344,Active,721728,NA,NA,S,1,0,568911.4975,74,2008,54,4,23.82
156345,Active,859768,NA,NA,S,1,0,71228.47,94,2008,42,18.04,78.94
156346,Active,628870,NA,NA,S,2,1,1222428.903,112.95,2005,33,13.49,79.99
156347,Active,278566,NA,NA,S,2,1,1644934.049,76.95,2005,31,4,32.29
156348,Active,772127,NA,NA,S,0,0,114895.0388,107.3,2005,70,10.05,23.85
156349,Active,769516,NA,NA,D,0,0,583641.7038,123.05,2001,98,5.77,18.99
156350,Active,182638,NA,NA,S,0,0,580491.5975,144.75,2001,39,11.58,53.86
156351,Active,553315,NA,NA,S,2,1,386110.2225,167.2,1995,46,4.99,63.97
156352,Active,560003,NA,NA,S,2,1,234863.9875,35.07,2005,44,4.49,37.77
156353,Active,177586,NA,NA,S,7,1,3235223.208,98.95,2001,34,3.98,19
156354,Active,52860,NA,NA,D,8,1,1515289.885,129.95,2004,65,4,13.32
156355,Active,52859,NA,NA,D,9,1,589500.605,237.95,2007,122,4,29.11
156356,Active,2087346,NA,NA,S,3,1,636781.12,75,2014,12,25.94,38.98
156357,Active,642249,NA,NA,S,0,0,102820.925,56,2012,38,17.99,38.68
156358,Active,2604197,NA,NA,S,2,1,413822.7838,34.99,2003,48,7.78,19.49
156359,Active,288265,NA,NA,D,7,1,194831.0425,132.97,2011,39,11.85,88.99
156360,Active,432383,NA,NA,D,6,1,169398.735,130.5,2007,62,5.99,27.99
156361,Active,540417,NA,NA,S,5,1,848010.6138,118.25,2004,48,5.03,41.43
156362,Active,55148,NA,NA,D,6,1,907565.1875,101.96,2007,57,4.84,57.45
156363,Active,559897,NA,NA,D,7,1,105015.66,66.53,2011,108,4.46,13.94
156364,Active,327734,NA,NA,D,6,1,822026.635,13.99,2007,117,3.99,13.99
156365,Active,141630,NA,NA,S,5,1,2467853.911,5.37,2003,52,4,4.9
156366,Active,288266,NA,NA,D,7,1,229428.4913,50.86,2011,74,4.67,71.58
156367,Active,141631,NA,NA,S,5,1,2264861.35,6.38,2003,58,4,6.34
156368,Active,141858,NA,NA,D,6,1,470503.37,13.99,2007,101,4,13.89
156369,Active,549852,NA,NA,D,4,1,811473.0563,18.94,2001,71,4,18.89
156370,Active,2337403,NA,NA,S,3,1,983247.555,33.5,1995,92,3.9,17.88
156371,Active,3468695,NA,NA,D,6,1,1061159.7,0,2009,33,5.41,73.81
156372,Active,532919,NA,NA,D,6,1,193110.2725,55.79,2009,90,4.38,25
156373,Active,285285,NA,NA,D,5,1,895041.8975,7.99,2005,62,4,16.73
156374,Active,132488,NA,NA,S,4,1,2848773.593,46.67,2007,46,4,33.98
156375,Active,133385,NA,NA,S,7,1,74984.54125,73.8,2010,64,4.43,59.28
156376,Active,145469,NA,NA,S,3,1,2961893.138,46.67,2007,26,4,40.19
156377,Active,132820,NA,NA,S,5,1,462119.045,50.6,2008,58,4,34.92
156378,Active,848029,NA,NA,S,0,0,422460.6388,89.68,1997,46,4.15,43.9
156379,Active,194833,NA,NA,S,0,0,586792.375,44.95,2004,27,5.94,20.99
156380,Active,575201,NA,NA,S,0,0,542425.8,49,2004,35,4.38,39.33
156381,Active,1559625,NA,NA,S,1,0,1033873.259,110,2006,44,4.47,31.96
156382,Active,132087,NA,NA,S,5,1,187888.5663,157.8,2005,105,4.82,70.21
156383,Active,721558,NA,NA,S,1,0,220792.5125,65.95,2006,27,19.99,52.37
156384,Active,532918,NA,NA,S,2,1,612709.6538,37,2012,24,24.55,34.62
156385,Active,608619,NA,NA,S,2,1,43262.825,182.95,2004,60,28.62,53.99
156386,Active,717477,NA,NA,D,1,0,1582427.74,68.95,2001,27,4,41.45
156387,Active,908134,NA,NA,D,1,0,990166.0588,64.8,1999,26,6.25,11.13
156388,Active,132001,NA,NA,S,2,1,183683.3488,145.6,2005,37,20.24,110.57
156389,Active,909640,NA,NA,D,0,0,1285196.96,24.51,1993,20,4.4,24.51
156390,Active,176935,NA,NA,S,2,1,322940.0263,127.95,2002,27,19.88,72.41
156391,Active,542159,NA,NA,S,2,1,97884.1175,34.99,2012,103,20.99,26.24
156392,Active,538856,NA,NA,S,5,1,23880.40125,140.75,2013,67,58.17,86.67
156393,Active,607625,NA,NA,D,7,1,428852.965,95,2000,53,4,33.99
156394,Active,541452,NA,NA,S,2,1,1505565.373,54.95,2012,40,8.16,38.98
156395,Active,543686,NA,NA,S,2,1,891165.41,34.99,2013,21,24.32,31.2
156396,Active,545003,NA,NA,D,7,1,35742.51625,95,2012,66,8.49,38.12
156397,Active,541445,NA,NA,S,4,1,351878.8038,54.95,2012,27,34.51,39.69
156398,Active,607376,NA,NA,D,7,1,65273.52375,153,2006,47,5.9,45.26
156399,Active,533122,NA,NA,S,2,1,398460.8838,91.95,2005,39,45.69,71.76
156400,Active,3076320,NA,NA,S,1,0,62023.8,70,2005,29,29.7,41.87
156401,Active,123982,NA,NA,S,3,1,185881.39,152.95,2001,32,7.44,0
156402,Active,915798,NA,NA,S,1,0,988359.705,65,2000,37,4,36.6
156403,Active,641923,NA,NA,D,0,0,1086349.623,124.33,1973,23,11.04,93.97
156404,Active,346373,NA,NA,D,2,1,1499860.859,100.95,2008,31,3.99,50.94
156405,Active,576711,NA,NA,S,5,1,897610.7475,77.95,2009,31,4.82,44.71
156406,Active,670230,NA,NA,D,1,0,3002304.73,119.95,2003,14,83.58,143.65
156407,Active,663944,NA,NA,S,2,1,1220572.381,51.95,2013,27,4.3,40.81
156408,Active,2678181,NA,NA,D,3,1,2529037.345,75.95,1992,20,8.65,48.84
156409,Active,157391,NA,NA,S,11,1,1324196.178,49.95,2007,23,4,20.98
156410,Active,248230,NA,NA,S,1,0,280884.1738,27,2011,23,4,23.41
156411,Active,555524,NA,NA,S,1,0,1291873.245,49.95,2003,19,6.27,29.75
156412,Active,906868,NA,NA,D,1,0,1047279.303,54.99,2011,26,4,37.96
156413,Active,652499,NA,NA,S,2,1,105996.4988,54.99,2012,40,9.79,33.21
156414,Active,1671351,NA,NA,S,2,1,2244368.788,149.95,2008,14,12,53.66
156415,Active,175489,NA,NA,D,2,1,1194400.149,59,2002,23,4.97,36.87
156416,Active,172666,NA,NA,S,3,1,639361.425,74.99,2011,34,26.75,35.29
156417,Active,537917,NA,NA,S,1,0,46256.875,64.99,1999,27,17.31,43.06
156418,Active,1555414,NA,NA,S,0,0,8737.5,39.95,2014,14,32.68,32.89
156419,Active,157555,NA,NA,S,2,1,550828.4325,39.95,2009,38,20.58,39.95
156420,Active,286039,NA,NA,D,7,1,407089.52,116,2005,87,4,32.49
156421,Active,618214,NA,NA,D,2,1,1492085.713,32.95,1990,30,4,9.99
156422,Active,271035,NA,NA,D,4,1,25208.14625,58,2011,72,5.34,53.99
156423,Active,229172,NA,NA,D,3,1,316202.3663,39.95,2008,135,4,8.73
156424,Active,628707,NA,NA,D,3,1,245539.1525,56.77,2010,25,14.53,40
156425,Active,2584274,NA,NA,S,0,0,473243.5938,100,1981,40,15.99,31.81
156426,Active,212827,NA,NA,D,0,0,883454.59,99.95,1996,25,4.94,64.98
156427,Active,902376,NA,NA,D,1,0,684922.3963,256.95,1995,28,4,7.99
156428,Active,101159,NA,NA,D,1,0,1388153.908,91.95,2000,28,7.99,78.63
156429,Active,914442,NA,NA,S,1,0,460506.3925,260.95,2000,34,33.99,161.79
156430,Active,157558,NA,NA,D,3,1,92964.285,59.95,2010,44,9.94,39.12
156431,Active,410751,NA,NA,S,5,1,4143832.926,143,2006,13,6.97,73.98
156432,Active,392611,NA,NA,D,0,0,2501884.066,70,2005,16,4.06,23.99
156433,Active,617234,NA,NA,D,1,0,2334126.928,21.99,1989,32,4.78,18.99
156434,Active,2331749,NA,NA,D,1,0,2464769.201,109,1996,17,4.86,9.99
156435,Active,174153,NA,NA,D,5,1,1309852.193,79,1998,37,4.35,41.94
156436,Active,631946,NA,NA,S,1,0,326279.22,99.95,1990,54,28.71,94.37
156437,Active,333172,NA,NA,S,2,1,563613.5075,47.95,2010,28,28.39,39.67
156438,Active,173913,NA,NA,D,0,0,427080.6138,77,2004,27,5.21,62.25
156439,Active,347464,NA,NA,D,0,0,3435083.566,80,2000,15,22.86,68.34
156440,Active,2612820,NA,NA,D,0,0,4197053.351,45,2002,25,4.97,52.25
156441,Active,347561,NA,NA,S,2,1,1011535.359,84.99,2007,29,22.45,67.92
156442,Active,398358,NA,NA,D,1,0,4305918.793,129,2005,14,33.99,89.14
156443,Active,134923,NA,NA,D,1,0,1061831.919,56,2007,32,25.74,58.24
156444,Active,231574,NA,NA,D,3,1,1288045.923,84.95,2005,18,15.36,108.94
156445,Active,231580,NA,NA,D,3,1,560448.4863,94.95,2005,45,7.99,35.16
156446,Active,231579,NA,NA,D,2,1,800957.8838,81.95,2000,26,4,18.99
156447,Active,922122,NA,NA,S,3,1,852623.4625,119.95,1993,101,4,13.93
156448,Active,109301,NA,NA,S,2,1,102100.8188,92.62,2007,64,8.94,73.97
156449,Active,529113,NA,NA,S,2,1,480331.0513,46.95,2012,28,18.71,33.3
156450,Active,157147,NA,NA,D,0,0,1677656.814,39.95,2005,24,4,24.99
156451,Active,58159,NA,NA,D,3,1,99772.7875,70.23,2009,59,8.61,27.19
156452,Active,55780,NA,NA,D,2,1,2588481.751,4.98,2005,44,4,4.98
156453,Active,343167,NA,NA,D,1,0,977804.9863,95,2002,13,24.72,73.39
156454,Active,217243,NA,NA,S,2,1,1076750.636,58,2003,33,25.98,53.51
156455,Active,245399,NA,NA,D,0,0,1650558.543,159,2003,25,4.77,53.69
156456,Active,899931,NA,NA,D,1,0,1526317.578,37.95,2004,15,4,17.98
156457,Active,246613,NA,NA,S,1,0,625765.8613,72.95,2009,33,16.65,33.99
156458,Active,2631239,NA,NA,D,0,0,2467956.438,63,1996,20,6.34,44.64
156459,Active,307835,NA,NA,D,2,1,635547.38,103.25,2000,17,36.63,75.85
156460,Active,60061,NA,NA,S,4,1,2644049.453,83.95,2002,41,4,18.98
156461,Active,908021,NA,NA,S,2,1,145395.5138,69.95,2014,22,46.04,48.99
156462,Active,632051,NA,NA,S,0,0,48490.43,121.95,2013,46,35,35.64
156463,Active,128055,NA,NA,S,3,1,357946.0488,105,1998,24,47.93,63.13
156464,Active,347185,NA,NA,S,2,1,891989.6863,94.99,1996,31,10.87,63.97
156465,Active,347300,NA,NA,D,0,0,3488548.403,55,1997,21,6.35,53.73
156466,Active,1589963,NA,NA,S,1,0,1031362.611,64.99,2014,13,48.59,53.02
156467,Active,1930051,NA,NA,S,2,1,2393594.228,59.95,2013,18,46.99,46.74
156468,Active,2424704,NA,NA,D,0,0,3018629.42,31.6,1987,24,4,69.28
156469,Active,174650,NA,NA,S,0,0,308594.0575,49.99,2000,46,11.47,31.77
156470,Active,658038,NA,NA,D,2,1,810025.3388,116.95,2013,30,4.26,70.24
156471,Active,393411,NA,NA,D,3,1,3050539.788,52.95,2009,14,8.79,69.44
156472,Active,2802348,NA,NA,D,0,0,1450161.054,43.95,2004,21,4,33.99
156473,Active,144715,NA,NA,S,8,1,431997.025,229,2003,38,38.63,97.18
156474,Active,148420,NA,NA,D,7,1,790888.5013,273.95,2006,34,4.93,14.43
156475,Active,366536,NA,NA,D,1,0,975218.1988,141.95,2008,45,4,22.98
156476,Active,2320835,NA,NA,D,0,0,1937184.969,53.95,1986,18,4,121.02
156477,Active,607101,NA,NA,D,3,1,848890.3125,73.95,1992,42,4.75,35.79
156478,Active,113031,NA,NA,D,4,1,571709.7088,92.95,2004,28,22.99,73.65
156479,Active,116522,NA,NA,D,1,0,444235.8825,88,2004,22,5.94,72.31
156480,Active,184673,NA,NA,S,2,1,611620.6138,106.95,2003,40,15.21,55.71
156481,Active,297465,NA,NA,S,2,1,16217.585,49.5,1996,82,20.64,34.77
156482,Active,633716,NA,NA,S,1,0,71388.875,67.8,2013,17,23.34,28.99
156483,Active,290884,NA,NA,D,2,1,580615.1838,120.95,2006,29,4.43,15.77
156484,Active,156646,NA,NA,S,2,1,3477959.568,39.95,1999,44,4.3,8.78
156485,Active,201761,NA,NA,S,2,1,149415.8775,52.95,2010,35,27.89,48.08
156486,Active,167672,NA,NA,D,2,1,692649.6613,75,1999,18,19.08,211.27
156487,Active,174797,NA,NA,S,0,0,473888.4,64.99,2000,28,38.98,43
156488,Active,385876,NA,NA,S,2,1,1203966.029,43.99,2008,23,9.91,34.95
156489,Active,225671,NA,NA,S,2,1,651978.4663,125.95,2001,45,23.97,62.01
156490,Active,163182,NA,NA,S,2,1,481648.6625,78.95,2010,29,28.4,43.4
156491,Active,298945,NA,NA,D,5,1,132869.9438,242.95,2011,52,28.13,54.48
156492,Active,199924,NA,NA,D,3,1,1470300.888,98.95,2000,61,4,33.5
156493,Active,385719,NA,NA,S,2,1,1458453.97,46.95,2005,30,24.71,36.17
156494,Active,196776,NA,NA,S,4,1,1374156.11,81.95,2007,16,13.92,55.23
156495,Active,173915,NA,NA,D,1,0,388639.1038,74.99,2004,38,6.18,68.41
156496,Active,126048,NA,NA,S,1,0,33726.825,133.95,2003,77,37.63,63.99
156497,Active,2675999,NA,NA,D,1,0,10881806.9,0,2000,9,22.3,0
156498,Active,137111,NA,NA,S,0,0,358913.4438,43,1998,38,5.79,21.62
156499,Active,54169,NA,NA,S,8,1,490665.925,22.94,2004,183,4,13.74
156500,Active,54170,NA,NA,D,9,1,220878.9113,38.99,2007,173,4,39.64
156501,Active,116247,NA,NA,D,3,1,1206951.728,117.4,2006,50,4,23.99
156502,Active,3547041,NA,NA,D,2,1,4477675.15,77.95,1991,30,4,45.66
156503,Active,184636,NA,NA,S,3,1,520886.9088,123,2002,50,24.99,52.41
156504,Active,544602,NA,NA,S,7,1,359611.765,53,2013,23,8.16,114.13
156505,Active,664664,NA,NA,S,1,0,811295.52,51.95,2013,23,26.72,36.19
156506,Active,131666,NA,NA,D,5,1,210723.435,89.2,2005,93,4,6.04
156507,Active,3526326,NA,NA,D,2,1,1367116.95,12.95,1976,32,4,58.71
156508,Active,900778,NA,NA,S,3,1,875532.2925,54.99,2004,23,28.99,36.85
156509,Active,320801,NA,NA,S,3,1,1561446.11,78,2007,19,13.24,48.99
156510,Active,355665,NA,NA,S,2,1,865909.8063,48.95,2005,26,13.48,35.94
156511,Active,152202,NA,NA,S,2,1,853650.6813,49.95,2008,26,33.79,0
156512,Active,199888,NA,NA,S,6,1,3519801.773,84.95,2004,48,4,7.49
156513,Active,329598,NA,NA,D,0,0,561164.55,130,1997,33,5.72,29.99
156514,Active,314022,NA,NA,D,2,1,3340382.725,92.8,2006,30,4.97,71.71
156515,Active,897849,NA,NA,D,3,1,2552068.109,82.5,2008,16,5.48,56.09
156516,Active,52603,NA,NA,S,4,1,2683654.429,74.95,2001,45,4,13.94
156517,Active,131960,NA,NA,D,6,1,1362464.746,100,2005,35,4,55.29
156518,Active,52602,NA,NA,D,6,1,282937.4975,194.95,2008,68,4,23.94
156519,Active,904733,NA,NA,D,0,0,4073436.271,69.99,1991,16,22.42,64.41
156520,Active,280502,NA,NA,S,0,0,1783771.73,59.95,2006,17,25.48,19.93
156521,Active,248046,NA,NA,D,6,1,297066.6588,84,2009,87,4,7.5
156522,Active,247591,NA,NA,D,5,1,1830553.193,72.95,2006,55,4,4.4
156523,Active,867336,NA,NA,S,3,1,309205.0913,64.99,2014,25,18.29,48.97
156524,Active,568386,NA,NA,D,0,0,147874.7913,74.99,2011,41,18.39,0
156525,Active,347597,NA,NA,D,2,1,1495320.396,64.99,2009,22,11.53,21.01
156526,Active,385850,NA,NA,D,1,0,652579.5188,67.33,2007,22,7.69,45.99
156527,Active,347540,NA,NA,D,0,0,4201687.903,70,2007,10,8.99,170.24
156528,Active,117545,NA,NA,D,3,1,756450.0188,79.4,2005,32,4,42.25
156529,Active,899069,NA,NA,S,3,1,543075.04,53.95,2013,40,31.85,33.31
156530,Active,175026,NA,NA,S,3,1,700355.035,34.99,2010,50,4.19,22.94
156531,Active,333769,NA,NA,D,2,1,2008602.464,119,1997,16,13.89,74.25
156532,Active,401567,NA,NA,D,0,0,2212599.015,56,2008,18,31.29,46.57
156533,Active,386512,NA,NA,D,8,1,1638714.093,156.2,2006,24,7.62,50.54
156534,Active,50438,NA,NA,D,9,1,35219.02625,220.95,2010,66,23.77,93.63
156535,Active,50437,NA,NA,D,8,1,239041.3325,212.95,2006,63,4.77,46.62
156536,Active,899204,NA,NA,S,2,1,568523.265,49.99,2014,22,31.98,30.22
156537,Active,1556589,NA,NA,S,3,1,603301.0888,34.95,2013,28,10.14,15.48
156538,Active,3641536,NA,NA,S,5,1,78731,35.95,2016,14,18.95,31.11
156539,Active,181418,NA,NA,S,3,1,2217737.799,52.5,2004,41,4,38.38
156540,Active,53570,NA,NA,D,15,1,980737.8,86.67,2008,99,4,28.65
156541,Active,50398,NA,NA,D,12,1,67274.51875,318.95,2007,82,6.41,101.89
156542,Active,333578,NA,NA,D,1,0,2450788.169,54.95,2007,13,15.61,47.99
156543,Active,206278,NA,NA,D,1,0,641600.7275,71.95,2003,38,5.39,0
156544,Active,2363274,NA,NA,D,1,0,3364730.158,144,2004,13,33.8,33.99
156545,Active,244110,NA,NA,D,3,1,124925.4838,127.95,2012,61,9.6,75.95
156546,Active,177523,NA,NA,D,2,1,740521.9763,213.95,2005,44,4.98,16.49
156547,Active,622932,NA,NA,S,3,1,1933079.764,203.95,1989,33,4,43.99
156548,Active,861159,NA,NA,S,2,1,25532.80875,84.99,2013,38,38.44,54.66
156549,Active,697503,NA,NA,D,0,0,340640.1275,25.98,2007,13,19.5,20.2
156550,Active,375291,NA,NA,D,2,1,1625721.493,102,2000,29,4,29.74
156551,Active,391678,NA,NA,S,2,1,849473.3263,99,2004,22,41.49,72.98
156552,Active,129881,NA,NA,D,1,0,488752.1513,146.6,1995,28,28.93,63.79
156553,Active,528997,NA,NA,D,2,1,564926.275,45,2003,45,4.9,34.99
156554,Active,129931,NA,NA,D,1,0,1015243.31,125.6,1995,22,11.96,62.17
156555,Active,280128,NA,NA,D,1,0,2789885.484,129.95,2006,24,12.93,82.72
156556,Active,129094,NA,NA,S,2,1,394132.5513,76.95,2008,31,19.57,35.32
156557,Active,2131760,NA,NA,S,3,1,548538.4263,59.95,2015,15,43.99,52.55
156558,Active,190407,NA,NA,S,10,1,40738.86625,172,1996,94,6.35,38.99
156559,Active,867251,NA,NA,S,2,1,25907.8375,62.99,2014,57,40.31,43.44
156560,Active,329719,NA,NA,D,0,0,6897859.724,52,2003,16,4,19.49
156561,Active,406303,NA,NA,D,1,0,863869.1838,24.99,2001,26,8.45,70.29
156562,Active,347359,NA,NA,S,2,1,1723501.769,64.99,2004,40,25.94,27.34
156563,Active,287199,NA,NA,D,0,0,2015955.611,155,2004,22,63.98,137.18
156564,Active,130231,NA,NA,D,2,1,402647.8875,67,1996,40,4,23.99
156565,Active,2427709,NA,NA,D,3,1,1938602.333,41.95,1991,42,4,27.18
156566,Active,108718,NA,NA,D,4,1,1731222.586,33.93,2005,37,4,33.93
156567,Active,308958,NA,NA,D,4,1,1769963.455,104.37,2005,22,4.34,12.87
156568,Active,905471,NA,NA,S,2,1,1374178.635,99.99,2014,22,39.87,78.02
156569,Active,167161,NA,NA,D,3,1,880303.6325,122,2008,20,18.36,33.97
156570,Active,163731,NA,NA,D,1,0,4807268.683,94.95,1996,22,4.77,44.6
156571,Active,2502828,NA,NA,D,0,0,2639706.035,69.95,1993,19,12.85,62.39
156572,Active,54099,NA,NA,D,12,1,215349.4613,265.95,2007,70,6.92,56.97
156573,Active,54098,NA,NA,D,12,1,817444.2063,321.95,2009,31,4.92,91.43
156574,Active,288525,NA,NA,D,10,1,2115742.416,70,2001,58,4,13.98
156575,Active,145632,NA,NA,D,12,1,129002.1963,80.6,2006,50,5.89,49.02
156576,Active,535464,NA,NA,D,7,1,24495.1475,200.95,2013,85,9.43,45.99
156577,Active,56506,NA,NA,D,6,1,101073.4725,220.95,2011,72,6.39,27.97
156578,Active,287281,NA,NA,S,0,0,201738.3075,34.99,2006,29,18.33,0
156579,Active,908420,NA,NA,S,2,1,489770.0688,125,2014,27,38.24,38.29
156580,Active,342332,NA,NA,D,2,1,1486257.033,204,2000,19,50.24,89.58
156581,Active,2383948,NA,NA,D,1,0,412236.8213,127.6,2015,28,43.59,105.49
156582,Active,121834,NA,NA,S,4,1,2411049.458,72,1998,63,4,8.98
156583,Active,637542,NA,NA,D,9,1,16633.73,156.4,2013,74,8.49,86.98
156584,Active,178645,NA,NA,D,6,1,578444.1438,248.95,2010,41,4.98,15.93
156585,Active,60066,NA,NA,D,5,1,1759258.079,243.95,2007,45,4,29.96
156586,Active,200377,NA,NA,S,3,1,154014.575,179.95,2009,26,44.38,53.98
156587,Active,182369,NA,NA,D,3,1,900052.0438,75,2009,35,4.18,33.98
156588,Active,332636,NA,NA,S,2,1,333826.3225,46,2007,22,28.9,30.8
156589,Active,403688,NA,NA,S,1,0,275170.2513,65,2007,26,42.21,44.42
156590,Active,347710,NA,NA,D,1,0,1376747.198,140,2004,20,22.49,73.95
156591,Active,339047,NA,NA,S,3,1,1985938.201,65,2006,23,21.18,0
156592,Active,246736,NA,NA,S,2,1,106204.83,43.95,2009,52,14.61,29.62
156593,Active,247455,NA,NA,D,1,0,231184.6325,79,2006,33,14.89,42.04
156594,Active,563164,NA,NA,S,2,1,729570.915,109,1998,29,24.04,79.97
156595,Active,744933,NA,NA,D,0,0,3130842.669,140.95,2004,13,16.03,140.95
156596,Active,500858,NA,NA,D,5,1,336593.7638,65,2012,35,5.97,45.63
156597,Active,139272,NA,NA,D,3,1,178514.7863,60,2009,42,7.92,39.74
156598,Active,1554126,NA,NA,S,2,1,465103.6038,59.95,2013,20,28.84,44.72
156599,Active,392704,NA,NA,D,2,1,2807024.443,73.95,2008,13,17.65,18.99
156600,Active,2262224,NA,NA,D,2,1,2088494.273,135.85,2007,50,8.29,76.83
156601,Active,612799,NA,NA,S,5,1,1909.45,79.99,2013,28,48.34,48.38
156602,Active,190386,NA,NA,S,2,1,392494.8225,82.42,1999,79,4,58.99
156603,Active,114335,NA,NA,D,1,0,1286259.945,100.2,2003,19,17.36,68.73
156604,Active,163281,NA,NA,S,2,1,1934884.909,109,2003,24,17.54,71.16
156605,Active,275072,NA,NA,D,0,0,2821001.689,79.95,2003,16,6.39,94.48
156606,Active,157227,NA,NA,D,3,1,2477044.768,58.95,2006,36,4,31.64
156607,Active,652686,NA,NA,D,0,0,1067298.806,59.95,2011,19,32.54,38.26
156608,Active,193673,NA,NA,D,2,1,353336.2325,84.95,2009,29,4.7,19.99
156609,Active,2473134,NA,NA,D,2,1,3525029.066,31.25,1988,23,4,91.91
156610,Active,55925,NA,NA,D,7,1,374470.73,92,2007,54,4,51.81
156611,Active,545131,NA,NA,S,0,0,118559.5825,42.99,2011,31,15.13,28.28
156612,Active,385772,NA,NA,S,1,0,211357.4325,66.95,2010,38,23.58,33.86
156613,Active,55924,NA,NA,D,6,1,413041.8388,72.2,2004,47,4,14.43
156614,Active,320868,NA,NA,D,0,0,5408338.811,29.95,1997,11,7.63,13.99
156615,Active,128790,NA,NA,S,2,1,324397.6613,55,2001,43,17.98,40.04
156616,Active,137103,NA,NA,D,1,0,315929.6538,47,2005,23,13.84,28.22
156617,Active,896815,NA,NA,S,2,1,230695.99,49,2014,21,37.49,34.18
156618,Active,2340656,NA,NA,D,0,0,3666497.643,66.2,1984,29,4.99,43.94
156619,Active,139318,NA,NA,S,1,0,245537.7888,45,2003,37,12.91,23.98
156620,Active,400481,NA,NA,D,0,0,5567548.3,0,2002,12,4,69.87
156621,Active,301635,NA,NA,S,2,1,610459.155,49.95,2010,16,37.13,49.95
156622,Active,60069,NA,NA,D,5,1,281447.51,176.95,2004,54,4,33.54
156623,Active,169794,NA,NA,D,6,1,70702.3975,311.95,2008,75,24.46,66
156624,Active,528930,NA,NA,S,4,1,327625.0575,59.99,2011,45,13.98,34.97
156625,Active,175213,NA,NA,D,1,0,5016121.788,36.99,2001,20,4,21.97
156626,Active,312133,NA,NA,D,1,0,1213031.488,49.95,1996,24,7.97,12.89
156627,Active,2333815,NA,NA,D,2,1,1182651.959,117.15,1972,32,4,39.99
156628,Active,612177,NA,NA,S,2,1,547742.2988,47,2013,24,12.34,26.5
156629,Active,140426,NA,NA,S,2,1,10483.5,44.99,2005,39,17.93,23.97
156630,Active,223493,NA,NA,S,0,0,40721.135,50,2004,29,29.17,32.99
156631,Active,151533,NA,NA,D,1,0,123928.4,49.95,1997,84,6.47,22.87
156632,Active,869889,NA,NA,D,0,0,1059279.606,29.95,2004,22,8.98,54.03
156633,Active,140528,NA,NA,S,2,1,29637.5,39.99,2006,64,19.77,22.1
156634,Active,184852,NA,NA,S,0,0,153628.7563,30,2003,43,7.56,13.94
156635,Active,184457,NA,NA,S,1,0,392625.8713,56.95,2002,22,37.92,38.75
156636,Active,128923,NA,NA,S,3,1,157023.35,40,2004,24,26.84,0
156637,Active,112809,NA,NA,D,3,1,1394597.211,69.95,2008,25,33.99,72.59
156638,Active,169919,NA,NA,D,3,1,247573.5375,195.95,2009,81,4,18.98
156639,Active,60070,NA,NA,D,2,1,1073684.611,121.95,2006,46,4,11.98
156640,Active,312126,NA,NA,S,4,1,3042292.045,52.95,1997,25,4,52.67
156641,Active,247659,NA,NA,S,2,1,480965.5488,67,2009,28,8,33.47
156642,Active,173914,NA,NA,D,1,0,1204779.679,79.99,2004,27,5.81,51.97
156643,Active,332887,NA,NA,D,3,1,2480501.561,39.95,1997,27,4.75,45.87
156644,Active,50574,NA,NA,D,7,1,1229723.744,132.6,2004,41,4,13.99
156645,Active,2559583,NA,NA,D,4,1,1778470.329,135.01,1980,16,4,95.23
156646,Active,905356,NA,NA,S,5,1,441393.76,85,1980,28,16.92,61.15
156647,Active,60071,NA,NA,D,9,1,891241.3513,169.95,2006,55,4.34,25.68
156648,Active,108711,NA,NA,D,8,1,1131353.866,28.12,2004,56,4,22.09
156649,Active,300536,NA,NA,S,7,1,155384.465,85,2009,32,38.99,66.99
156650,Active,115591,NA,NA,D,6,1,420099.5675,114.4,2003,42,4,35.99
156651,Active,121741,NA,NA,S,5,1,1146602.895,130.75,1998,40,4,21.99
156652,Active,213044,NA,NA,D,6,1,592485.13,100,2003,34,4,17.95
156653,Active,156855,NA,NA,S,2,1,533003.5563,44.95,2004,61,4,31.71
156654,Active,203660,NA,NA,S,2,1,2387875.76,55.95,2004,49,3.76,10.99
156655,Active,897187,NA,NA,S,2,1,1558395.605,69.99,2014,15,39.83,48.97
156656,Active,369361,NA,NA,D,0,0,2827244.894,54.99,1999,20,4.96,46.79
156657,Active,156611,NA,NA,D,1,0,1269483.941,39.95,2000,56,4,28.99
156658,Active,108478,NA,NA,S,2,1,18500.95125,170.25,2005,97,32.39,68.98
156659,Active,101179,NA,NA,S,5,1,237333.4188,272.95,1999,59,4,46.44
156660,Active,528869,NA,NA,D,6,1,182245.0875,193.95,2012,81,15.82,45.03
156661,Active,250071,NA,NA,D,4,1,850220.42,158.95,2006,29,4.12,21.99
156662,Active,251082,NA,NA,D,3,1,1501220.743,158.95,2006,35,4.14,53.01
156663,Active,298321,NA,NA,D,4,1,85742.715,93,2011,58,6.84,16.98
156664,Active,247928,NA,NA,D,3,1,778495.9938,78,2008,75,3.99,53.09
156665,Active,52416,NA,NA,D,14,1,352288.3088,235.95,2010,100,4,22.43
156666,Active,880445,NA,NA,D,14,1,1617014.781,88.44,2010,48,7.46,56.26
156667,Active,899867,NA,NA,D,1,0,3286597.528,59.95,2007,10,30,53.97
156668,Active,290873,NA,NA,S,1,0,1127703.63,130.95,2006,44,4,0
156669,Active,295824,NA,NA,D,6,1,182007.6163,52,2007,31,4,7.54
156670,Active,572481,NA,NA,D,1,0,2338826.034,186.95,2005,27,4,38.46
156671,Active,255783,NA,NA,D,2,1,1133194.959,63.95,2006,36,5.38,23.98
156672,Active,901706,NA,NA,D,1,0,3988643.139,95.95,2003,16,34.59,85.47
156673,Active,527454,NA,NA,S,3,1,78271.25375,121.99,2004,60,19.03,43.89
156674,Active,190452,NA,NA,S,9,1,215192.2513,65.56,1997,41,23.75,76.93
156675,Active,183384,NA,NA,D,1,0,599550.575,118.95,2007,59,8.29,42.84
156676,Active,347733,NA,NA,D,0,0,1263528.921,96,2005,34,9.94,74.09
156677,Active,1465981,NA,NA,D,1,0,5337723.845,55,2006,10,5.14,54.91
156678,Active,634465,NA,NA,D,1,0,1169743.275,69.95,2002,21,4.47,6.99
156679,Active,2940512,NA,NA,D,2,1,4611630.096,202.95,2004,16,65.23,130.69
156680,Active,401575,NA,NA,D,2,1,1858588.021,73,2008,22,31.72,56.18
156681,Active,2244945,NA,NA,D,0,0,4377430.493,67,2006,21,7.07,68.79
156682,Active,313970,NA,NA,D,1,0,388043.6225,109.33,2008,90,4,12.59
156683,Active,2722249,NA,NA,D,2,1,2367404.28,80,2003,17,6.48,42.37
156684,Active,196411,NA,NA,S,2,1,8075460.314,93,2000,15,4,114.15
156685,Active,542517,NA,NA,S,5,1,458308.3963,134,2013,22,39.59,51.98
156686,Active,2366486,NA,NA,D,3,1,7836224.649,82,1991,19,4.4,32.99
156687,Active,906975,NA,NA,S,2,1,678934.1388,140,2014,58,12.01,34.04
156688,Active,907314,NA,NA,D,1,0,3153908.781,95,1990,22,4,62.48
156689,Active,566684,NA,NA,D,3,1,1443096.111,46.45,1993,52,4.32,46.45
156690,Active,164927,NA,NA,D,4,1,669791.3813,58.05,2001,28,8.98,30.87
156691,Active,901158,NA,NA,D,2,1,2113435.224,175,1990,18,6.39,50.97
156692,Active,285576,NA,NA,D,10,1,22565.36125,192.25,2011,69,13.98,78.55
156693,Active,50789,NA,NA,S,6,1,1043601.731,0.01,2000,81,4,8.86
156694,Active,416622,NA,NA,S,9,1,257176.4288,53.9,2008,49,9.76,38.98
156695,Active,50791,NA,NA,D,8,1,945000.365,12.41,2005,110,4,8.3
156696,Active,50790,NA,NA,D,9,1,129767.1963,52.95,2008,81,4,23.98
156697,Active,199940,NA,NA,D,1,0,4502754.585,93.95,2001,23,4.47,16.94
156698,Active,587095,NA,NA,D,1,0,33004.35875,125,2008,61,13.16,50.59
156699,Active,104927,NA,NA,S,2,1,550141.1738,119.69,2000,30,4,11.99
156700,Active,161508,NA,NA,D,2,1,2313818.18,46.17,2005,23,4,45.16
156701,Active,290317,NA,NA,D,2,1,1388813.89,195,2002,20,46.74,72.99
156702,Active,104940,NA,NA,S,5,1,248768.3113,70,1999,62,5.94,15.15
156703,Active,166648,NA,NA,D,2,1,349062.69,148,2005,30,10.13,57.43
156704,Active,446642,NA,NA,S,3,1,83661.9275,150,2010,43,62.97,72.87
156705,Active,889351,NA,NA,D,1,0,2444029.036,75,1994,16,12.46,23.76
156706,Active,910618,NA,NA,D,0,0,2006545.309,124.95,1984,26,4,48.67
156707,Active,125746,NA,NA,S,0,0,722264.07,61.95,1998,27,12.78,63.85
156708,Active,888810,NA,NA,D,2,1,422160.6988,196.95,2012,24,84.49,93.77
156709,Active,125597,NA,NA,D,0,0,345233.4463,142,1998,34,12.81,73.95
156710,Active,608322,NA,NA,D,4,1,1568638.67,11.53,1994,27,4.13,13.99
156711,Active,57386,NA,NA,D,2,1,1038794.36,144,2002,44,4.58,56.57
156712,Active,57387,NA,NA,D,3,1,645177.8363,160,2009,22,34.52,101.98
156713,Active,1679361,NA,NA,D,0,0,1407178,79.95,2008,15,54.69,122.7
156714,Active,116800,NA,NA,D,4,1,121279.5075,141.33,2004,43,9.44,68.18
156715,Active,655291,NA,NA,S,2,1,490454.3375,36.99,2012,59,23.98,33.99
156716,Active,534024,NA,NA,D,5,1,1637495.969,67.95,1992,25,4,12.04
156717,Active,2617504,NA,NA,D,4,1,4730804.978,126.38,1987,17,4.1,62.12
156718,Active,184378,NA,NA,D,1,0,1475644.169,69.95,2001,38,4.89,15.49
156719,Active,161398,NA,NA,D,8,1,931189.5838,112.2,2002,61,4.06,32.27
156720,Active,60075,NA,NA,D,9,1,1062454.9,18.98,2005,69,4,18.08
156721,Active,290186,NA,NA,D,10,1,513274.7763,53.97,2008,64,4.99,49.74
156722,Active,649373,NA,NA,S,2,1,577132.135,167.63,1992,48,14.23,60.23
156723,Active,146105,NA,NA,S,1,0,145088.075,248,2010,42,39.58,52.04
156724,Active,541830,NA,NA,S,7,1,88512.975,289,2013,49,20.46,72.57
156725,Active,568974,NA,NA,S,0,0,853543.9613,64.99,2007,19,32.06,55.83
156726,Active,758402,NA,NA,D,2,1,3011898.375,110,2000,14,6.39,57.82
156727,Active,606693,NA,NA,D,6,1,461832.9188,147.95,1998,40,4.67,43.05
156728,Active,258308,NA,NA,D,0,0,1116310.39,105.95,2003,21,43.97,79.97
156729,Active,117307,NA,NA,D,8,1,1080843.683,17.98,2007,35,4,17.98
156730,Active,286097,NA,NA,D,8,1,1002092.408,58.4,2006,41,4,19.95
156731,Active,625616,NA,NA,S,0,0,64672.76125,88.95,2013,67,5.48,58.99
156732,Active,370054,NA,NA,D,2,1,3013054.249,50,2003,23,7.32,38.69
156733,Active,1480584,NA,NA,S,1,0,255341.7438,85,2013,24,47.23,67.63
156734,Active,119441,NA,NA,S,1,0,97074.64,115,2011,40,37.34,82.29
156735,Active,603716,NA,NA,D,1,0,2671668.309,89.95,2005,22,4.92,45.98
156736,Active,289439,NA,NA,S,2,1,102934.8038,50.75,2011,41,11.83,43.47
156737,Active,154342,NA,NA,S,0,0,1504114.041,7.72,2001,41,4,4.13
156738,Active,132891,NA,NA,D,6,1,207340.8975,117.67,2009,42,21.6,53.1
156739,Active,145480,NA,NA,D,5,1,1125806.695,107.2,2006,37,4.95,36.86
156740,Active,144646,NA,NA,D,4,1,759428.3538,93.4,2003,44,4,28.99
156741,Active,534214,NA,NA,S,2,1,164166.4525,32.95,2008,63,11.98,29.17
156742,Active,57326,NA,NA,S,3,1,2128471.491,15.64,2004,25,3.95,15.64
156743,Active,57328,NA,NA,D,5,1,198550.225,105.57,2009,61,8.48,58.25
156744,Active,57327,NA,NA,D,4,1,783504.3775,14.99,2007,49,4,4
156745,Active,177744,NA,NA,S,2,1,2238559.125,66.95,2001,42,4,38.94
156746,Active,243972,NA,NA,D,5,1,121303.6925,147.95,2011,42,19.14,67.7
156747,Active,630042,NA,NA,S,2,1,20800.925,38.75,2010,57,19.54,40.98
156748,Active,169754,NA,NA,D,4,1,334242.7425,155.95,2008,46,4,31.99
156749,Active,620891,NA,NA,S,2,1,327415.59,65,2003,39,26.89,48.22
156750,Active,260054,NA,NA,D,1,0,520748.8325,75.95,2001,31,4,19.5
156751,Active,2703749,NA,NA,S,6,1,621896.4525,52.97,2005,26,4,28.88
156752,Active,651922,NA,NA,D,7,1,339905.7613,66.28,2008,44,5.33,46.31
156753,Active,657984,NA,NA,D,7,1,105764.0888,70.97,2011,40,7.15,53.54
156754,Active,612764,NA,NA,S,1,0,32625,54,2013,15,41.08,36.38
156755,Active,534096,NA,NA,D,3,1,514825.56,47.95,1994,93,4,13.98
156756,Active,177399,NA,NA,S,4,1,83597.62875,126.95,2005,56,27.26,40.85
156757,Active,3742509,NA,NA,D,0,0,1153117.75,46,2015,33,34.49,34.44
156758,Active,868009,NA,NA,D,2,1,1066702.364,18.93,1994,35,4,18.93
156759,Active,2664197,NA,NA,D,1,0,2292928.931,199,1991,17,32.37,110.12
156760,Active,645616,NA,NA,D,2,1,1359801.7,245.99,2003,23,63.34,172.12
156761,Active,545052,NA,NA,D,1,0,951830.0488,174,2006,24,22.04,175.55
156762,Active,619180,NA,NA,D,2,1,1867938.465,89.95,2001,28,4,28.99
156763,Active,3514447,NA,NA,D,4,1,2210902.9,45.95,2005,14,18.97,91.57
156764,Active,613483,NA,NA,S,1,0,97432.41875,60.75,2007,58,4.31,12.99
156765,Active,187977,NA,NA,S,4,1,955287.3438,67.95,1998,45,4.23,52.49
156766,Active,878801,NA,NA,S,3,1,889279.7875,62.5,1993,45,4,66
156767,Active,264305,NA,NA,D,7,1,37786.10375,93.99,2010,50,43.99,93.99
156768,Active,632065,NA,NA,S,1,0,34700.675,44.99,2013,35,15.67,32.98
156769,Active,191807,NA,NA,S,5,1,49925.675,72.25,1997,17,45.88,72.04
156770,Active,2582579,NA,NA,S,0,0,604605.3438,14.95,2004,32,7.38,13.13
156771,Active,475798,NA,NA,D,4,1,1619390.806,85,2002,23,6.69,52.73
156772,Active,864831,NA,NA,S,3,1,693836.4575,212.5,2012,20,39.39,83.97
156773,Active,637947,NA,NA,D,1,0,966393.1688,149.85,2012,26,4,33.94
156774,Active,551161,NA,NA,D,1,0,316849.4,369.5,2011,43,19.59,254.99
156775,Active,416607,NA,NA,D,5,1,110501.0925,203.25,2012,152,4.25,68.77
156776,Active,551162,NA,NA,S,5,1,565838.9938,226.5,2011,21,4.99,101.48
156777,Active,861166,NA,NA,S,5,1,276491.2663,175.07,2013,66,31.37,103.94
156778,Active,791676,NA,NA,D,0,0,6236004.109,166.87,2006,11,7.13,7.09
156779,Active,617086,NA,NA,S,7,1,598966.0063,173.75,1998,40,4.61,67.81
156780,Active,631472,NA,NA,S,6,1,203818.2488,150,2011,41,11.13,41.76
156781,Active,911624,NA,NA,D,1,0,981377.0675,126.05,2012,36,5.48,0
156782,Active,579422,NA,NA,D,3,1,716354.7763,177.2,2008,108,4,8.99
156783,Active,212451,NA,NA,S,2,1,1491911.101,8.13,2004,90,4.54,14.98
156784,Active,146108,NA,NA,S,2,1,87010.43,254.6,2010,97,9.66,53.99
156785,Active,791561,NA,NA,D,1,0,2536205.031,17.99,2004,54,4.38,17.96
156786,Active,54161,NA,NA,D,2,1,366728.7238,11.96,2009,93,4.09,14.49
156787,Active,533522,NA,NA,S,3,1,58446.9775,303,2012,104,24.93,46.04
156788,Active,146991,NA,NA,S,5,1,1754911.363,115,2002,60,3.99,12.99
156789,Active,606665,NA,NA,D,6,1,891076.04,33.16,2007,64,4,21.44
156790,Active,203796,NA,NA,S,3,1,112311.13,92.99,2011,48,44.67,58.09
156791,Active,50329,NA,NA,D,5,1,317519.7875,42.68,2009,135,5.09,28.99
156792,Active,416485,NA,NA,D,1,0,27804.2,346.25,2012,146,10.3,38.98
156793,Active,743970,NA,NA,S,8,1,735223.95,20.78,1900,36,4,6.94
156794,Active,606668,NA,NA,D,7,1,392167.29,53.47,2010,60,11.52,49.42
156795,Active,111076,NA,NA,D,4,1,678346.4738,45.99,2009,42,3.99,43.54
156796,Active,532898,NA,NA,S,2,1,3774.81875,9.99,2011,59,6.29,8.07
156797,Active,56108,NA,NA,D,10,1,37377.96375,77.4,2011,149,4.7,60.44
156798,Active,56109,NA,NA,S,6,1,180609.245,61.6,1999,48,4.18,18.89
156799,Active,56112,NA,NA,D,9,1,62637.02875,79,2008,62,4.77,36.9
156800,Active,56110,NA,NA,S,7,1,690773.9575,79,2002,62,4,17.96
156801,Active,864570,NA,NA,S,11,1,5482.31125,82.4,2014,50,33.96,62.94
156802,Active,56111,NA,NA,D,8,1,128116.005,79,2005,71,4,33.22
156803,Active,114468,NA,NA,D,1,0,1236455.9,78.67,2001,52,4.5,23.97
156804,Active,118715,NA,NA,S,2,1,93857.35125,140.67,2007,61,29.94,72.75
156805,Active,1456746,NA,NA,S,2,1,533706.8275,42,2010,39,4.47,68.47
156806,Active,116920,NA,NA,D,1,0,849880.66,94.2,2006,72,4,9.98
156807,Active,286389,NA,NA,D,2,1,185659.8138,86.6,2010,105,4.47,17.99
156808,Active,552801,NA,NA,S,2,1,1305091.983,110.93,2010,23,19.29,83.99
156809,Active,542534,NA,NA,S,3,1,396526.57,56.95,2012,30,42.4,42.46
156810,Active,565342,NA,NA,D,2,1,1008108.17,66.95,2005,30,21.89,69.33
156811,Active,190811,NA,NA,S,12,1,4238417.066,35.95,2005,16,4.95,55.07
156812,Active,58338,NA,NA,D,4,1,14994.2475,286.95,2009,133,9.1,75.52
156813,Active,200146,NA,NA,D,1,0,444608.6488,114.95,2005,58,9.57,45.53
156814,Active,146102,NA,NA,S,2,1,110785.4625,254.6,2009,36,29.02,156.53
156815,Active,54162,NA,NA,D,1,0,829633.5625,34.26,2006,89,4,5.99
156816,Active,111302,NA,NA,D,5,1,304623.4888,37.95,2009,132,4.5,30.84
156817,Active,743940,NA,NA,S,7,1,1549025.191,94.95,2009,21,10.61,73.41
156818,Active,743854,NA,NA,S,7,1,1069977.494,104,2009,23,18.94,61.05
156819,Active,2485556,NA,NA,S,4,1,5624465.434,52.95,1999,14,9.49,9.95
156820,Active,435269,NA,NA,D,8,1,159861.6588,119,2012,46,9.33,21.44
156821,Active,169483,NA,NA,D,7,1,206112.2638,191.95,2006,38,6.09,53.63
156822,Active,253969,NA,NA,S,4,1,228706.2063,62.95,2010,130,8.36,47.48
156823,Active,204116,NA,NA,D,3,1,315994.1625,44.95,2008,31,6.39,37
156824,Active,264227,NA,NA,D,2,1,1267542.935,39.95,2004,34,4,10.98
156825,Active,867621,NA,NA,S,2,1,116547.7275,50.99,2013,19,19.66,26.54
156826,Active,434932,NA,NA,D,4,1,89631.36625,214.2,2010,130,5.44,14.98
156827,Active,217669,NA,NA,D,1,0,1094412.259,120.99,2008,31,16.43,61.49
156828,Active,609353,NA,NA,D,5,1,2273353.311,62,1992,49,4.69,13.98
156829,Active,60080,NA,NA,D,6,1,259173.3213,79.99,2003,31,7.64,58.01
156830,Active,661650,NA,NA,S,5,1,2302204.885,95.95,2009,16,6.42,4.73
156831,Active,545292,NA,NA,D,4,1,2570126.493,93.95,2010,16,13.98,63.99
156832,Active,248826,NA,NA,D,3,1,2160959.558,82.95,2006,15,12.19,28.26
156833,Active,111298,NA,NA,D,4,1,1700927.456,15.99,2009,46,4,13.99
156834,Active,2663142,NA,NA,S,4,1,349344.385,69.95,1997,44,4.44,18.98
156835,Active,203693,NA,NA,D,5,1,348264.4313,74.95,2006,45,5.87,22.98
156836,Active,2098002,NA,NA,S,5,1,6737.2525,24.99,2014,37,9.21,15.38
156837,Active,151001,NA,NA,S,2,1,216468.38,19.99,2003,155,4,11.21
156838,Active,532896,NA,NA,S,4,1,74105.83,39,2010,41,10.94,16.98
156839,Active,2679306,NA,NA,D,1,0,2274276.158,61.95,1993,17,5.34,73.81
156840,Active,573846,NA,NA,S,0,0,178937.1488,41.95,2000,44,10.96,18.49
156841,Active,674479,NA,NA,S,1,0,74475.245,28.5,1993,129,4.34,18.99
156842,Active,58155,NA,NA,S,6,1,1855373.635,54.95,1997,27,4,9.2
156843,Active,58152,NA,NA,D,7,1,196848.01,87.95,2003,61,8.98,23.98
156844,Active,117840,NA,NA,D,6,1,1731530.081,73.2,2006,29,7.43,14.09
156845,Active,208130,NA,NA,D,6,1,1087543.845,55,2010,23,4.91,42.96
156846,Active,50331,NA,NA,D,5,1,404868.4475,90,2004,44,4.31,47.19
156847,Active,114111,NA,NA,D,4,1,1699994.871,66,2000,44,4,33.99
156848,Active,50332,NA,NA,S,6,1,11793.37875,124.8,2008,55,37.62,92.67
156849,Active,2168543,NA,NA,S,2,1,250967.3375,44.95,2014,25,22.44,35
156850,Active,118194,NA,NA,D,1,0,505882.4088,68,2008,80,4,9.99
156851,Active,550503,NA,NA,S,1,0,447419.4188,119.25,2013,33,38.71,58.99
156852,Active,532891,NA,NA,D,2,1,257604.505,95.8,2012,107,5.48,30.95
156853,Active,1438374,NA,NA,D,2,1,1340119.025,24.99,2008,34,4.48,7.99
156854,Active,294204,NA,NA,S,2,1,317951.695,53.99,2005,26,8.58,33.98
156855,Active,861883,NA,NA,S,3,1,5541.86125,72.95,2014,52,44.54,43.88
156856,Active,117958,NA,NA,S,3,1,49039.17375,157.95,2007,46,20.44,92.46
156857,Active,232330,NA,NA,S,2,1,629577.7575,46.95,1995,47,10.89,34.64
156858,Active,114653,NA,NA,D,2,1,1038123.604,84,2002,36,4.76,80.42
156859,Active,156858,NA,NA,S,2,1,579627.8,48.95,2005,53,19.02,39.75
156860,Active,2713722,NA,NA,S,4,1,125911.0263,69.87,2005,26,18.72,76.42
156861,Active,565056,NA,NA,S,0,0,211372.475,43.95,2008,22,26.77,37.39
156862,Active,532888,NA,NA,S,3,1,357101.885,51.95,2010,29,28.99,37.85
156863,Active,129500,NA,NA,S,3,1,19436.98625,59.95,2011,86,27.43,50.82
156864,Active,620148,NA,NA,S,2,1,625401.38,72,1997,33,12.86,33.98
156865,Active,287097,NA,NA,D,2,1,340016.9925,57.95,2007,71,4.75,24.99
156866,Active,246648,NA,NA,S,2,1,129633.0325,52.95,2009,69,15.33,33.91
156867,Active,637127,NA,NA,S,2,1,200317.9413,49.95,2009,51,21.09,32.06
156868,Active,607275,NA,NA,S,2,1,330659.5138,91,2003,31,4,6.49
156869,Active,866989,NA,NA,S,2,1,47745.72875,59.95,2014,50,39.15,48.98
156870,Active,127479,NA,NA,D,1,0,258071.2825,59.95,2011,70,4.57,27.97
156871,Active,874655,NA,NA,D,0,0,2023304.79,70,2004,31,6.83,30.94
156872,Active,170432,NA,NA,D,0,0,1085291.196,69.5,2004,46,4.34,26.96
156873,Active,170462,NA,NA,D,2,1,356463.8775,19.98,2008,46,4.96,16.97
156874,Active,1623628,NA,NA,S,1,0,284711.4225,64.95,2006,23,38.72,43.2
156875,Active,288512,NA,NA,D,1,0,666571.4925,83.4,2002,27,17.79,65.53
156876,Active,914273,NA,NA,D,3,1,1142672.246,55.75,2000,64,3.99,10.21
156877,Active,170443,NA,NA,S,4,1,128942.0688,82,2005,50,23.77,33.99
156878,Active,631496,NA,NA,S,2,1,456627.96,44.95,2011,27,28.51,33.71
156879,Active,557412,NA,NA,D,4,1,227403.2875,97.6,2008,90,4,33.89
156880,Active,144619,NA,NA,D,3,1,556864.9363,81.2,2003,49,4,19.99
156881,Active,1688230,NA,NA,S,0,0,8464.1,49.95,2014,16,32.7,30.93
156882,Active,54810,NA,NA,D,7,1,202480.7338,101.2,2009,65,4.98,54.81
156883,Active,143671,NA,NA,S,0,0,197727.355,7,2005,98,3.2,5.97
156884,Active,161862,NA,NA,D,6,1,1076552.07,64,2009,29,8.81,29.95
156885,Active,166847,NA,NA,D,5,1,628459.2588,197.59,2005,25,9.59,33.99
156886,Active,532884,NA,NA,S,7,1,86996.675,65.5,2012,25,36.63,50.46
156887,Active,1483407,NA,NA,S,2,1,444397.5688,202,2013,20,23.86,189.74
156888,Active,663914,NA,NA,S,2,1,204729.1413,137.33,2013,18,26.33,111.78
156889,Active,664400,NA,NA,S,2,1,708105.6225,128.13,2013,16,31.84,98.84
156890,Active,132847,NA,NA,S,1,0,1288884.844,78.2,2009,52,4,12
156891,Active,532881,NA,NA,S,2,1,65709.04125,100.8,2012,57,7.89,55.96
156892,Active,557025,NA,NA,S,2,1,345864.0575,100.8,2012,35,32.23,89.3
156893,Active,292148,NA,NA,D,1,0,1445405.378,223.95,2004,43,4,19.86
156894,Active,254179,NA,NA,D,2,1,782872.6088,223.95,2010,58,4.76,23.98
156895,Active,626032,NA,NA,D,1,0,717903.9363,71.99,2003,27,10.41,53.98
156896,Active,53411,NA,NA,S,18,1,336611.1,253.95,2001,54,4.48,12.54
156897,Active,53412,NA,NA,S,19,1,1125557.005,226.95,2004,104,4,21.87
156898,Active,53414,NA,NA,D,21,1,65078.0375,403.95,2010,121,5.97,33.98
156899,Active,53413,NA,NA,D,20,1,545921.81,396.95,2007,82,4.37,28.99
156900,Active,51132,NA,NA,S,19,1,1059463.5,225.95,2004,35,5.97,42.74
156901,Active,51134,NA,NA,D,21,1,152835.41,431.95,2010,47,12.84,43.82
156902,Active,51133,NA,NA,D,20,1,694953.6588,313.95,2007,38,5.43,27.96
156903,Active,3577575,NA,NA,S,6,1,144621.725,48.95,2016,21,38.67,41.43
156904,Active,249221,NA,NA,D,8,1,129196.5763,84.95,2010,61,6.8,25.98
156905,Active,248883,NA,NA,D,7,1,889626.1738,76.95,2007,67,4,12.93
156906,Active,192410,NA,NA,S,6,1,1600970.879,67.95,2003,56,4.46,13.99
156907,Active,532880,NA,NA,D,11,1,694940.5025,220,2011,34,103.1,103.98
156908,Active,915347,NA,NA,D,2,1,464273.1063,110.95,2014,53,4,13.99
156909,Active,639839,NA,NA,D,1,0,915748.065,110.95,2012,39,4,21.2
156910,Active,916140,NA,NA,D,2,1,161828.5688,150.4,2014,31,7.9,83.54
156911,Active,623349,NA,NA,D,1,0,534005.7663,154.8,2012,40,6.47,20.99
156912,Active,898601,NA,NA,S,2,1,67639.9775,24.99,2014,22,7.73,0
156913,Active,146594,NA,NA,S,2,1,1529388.968,49.99,2010,31,4,22.21
156914,Active,3153052,NA,NA,D,2,1,8199354.329,69.95,2000,11,13.32,119.79
156915,Active,3879930,NA,NA,D,1,0,660323.75,49.95,2014,88,33.85,35.55
156916,Active,3879991,NA,NA,D,0,0,764133.65,60,1900,14,36.74,38.65
156917,Active,147088,NA,NA,D,3,1,1453235.391,82.95,2003,42,4,49.81
156918,Active,525265,NA,NA,D,4,1,44561.8325,67.95,2010,47,23.24,29.89
156919,Active,147057,NA,NA,D,3,1,865554.7163,52.95,2003,90,4,40.78
156920,Active,2680662,NA,NA,D,4,1,3986123.618,119,1998,20,4.32,61.43
156921,Active,634714,NA,NA,D,5,1,2090930.775,178.95,2005,17,6.54,42.95
156922,Active,532875,NA,NA,D,4,1,379086.5813,99.95,2010,40,10.34,57.68
156923,Active,645892,NA,NA,D,1,0,3810069.483,224.95,2005,17,29.98,112.89
156924,Active,628711,NA,NA,D,2,1,1131047.243,274,2010,19,32.77,180.37
156925,Active,624122,NA,NA,D,2,1,1318551.183,215.99,2006,25,17.59,19.99
156926,Active,1590709,NA,NA,S,1,0,84281.675,84.99,2009,23,46.44,57.97
156927,Active,616755,NA,NA,S,2,1,1264288.598,76.99,2006,36,4,19
156928,Active,257579,NA,NA,S,2,1,1691944.969,37.95,2000,37,4,32.88
156929,Active,623851,NA,NA,S,2,1,337478.015,121,2012,35,13.7,30.44
156930,Active,532874,NA,NA,D,4,1,133535.8675,198.99,2009,40,43.99,92.6
156931,Active,294142,NA,NA,D,3,1,868088.7388,165,2003,41,4.75,23.98
156932,Active,908251,NA,NA,D,9,1,1245816.856,54.95,2009,19,4.4,59.64
156933,Active,2042516,NA,NA,D,7,1,2726553.541,42.95,2006,14,22.62,137.89
156934,Active,524970,NA,NA,D,7,1,95331.4575,133.99,2011,33,7.59,59.14
156935,Active,1437379,NA,NA,D,1,0,243005.9375,99,2014,62,28.89,57.43
156936,Active,860604,NA,NA,S,2,1,400354.3225,112.99,2012,26,6.99,10.48
156937,Active,159439,NA,NA,D,3,1,864406.335,99.95,2001,53,4,13.98
156938,Active,3597209,NA,NA,D,0,0,6387306.4,0,1967,19,7.9,49.31
156939,Active,2670323,NA,NA,D,4,1,2607424.625,84,1995,45,4,31.94
156940,Active,543502,NA,NA,S,10,1,5802.97625,117.5,2013,122,43.98,66.19
156941,Active,618247,NA,NA,D,1,0,433680.2738,79.95,2011,55,6.48,28.96
156942,Active,54342,NA,NA,D,8,1,275751.1663,94.95,2005,120,4,27.46
156943,Active,103966,NA,NA,D,5,1,148291.8925,45.78,2001,64,6.01,45.32
156944,Active,612454,NA,NA,S,1,0,61538.855,105.95,2013,35,51.99,88.99
156945,Active,231542,NA,NA,D,9,1,80129.54125,89.95,2009,86,8.1,31.96
156946,Active,631501,NA,NA,S,0,0,47298.19625,50,2011,53,15.79,31.31
156947,Active,3121324,NA,NA,S,2,1,703118.2025,79,2004,25,6.14,22.99
156948,Active,663044,NA,NA,D,0,0,564497.5288,48,2002,41,4,62.11
156949,Active,908948,NA,NA,S,2,1,97832.45,54,2013,39,21.91,37.76
156950,Active,917499,NA,NA,S,0,0,126990.9038,19.99,2008,38,11.48,31.5
156951,Active,697920,NA,NA,D,4,1,4119262.52,91.48,2006,17,4.12,68.91
156952,Active,53250,NA,NA,D,5,1,97582.4,60.99,2008,58,4.13,42.89
156953,Active,109179,NA,NA,D,6,1,55380.83,45.89,2011,99,9.78,60.99
156954,Active,53249,NA,NA,D,4,1,236394.1675,68.99,2006,71,4.76,38.43
156955,Active,289720,NA,NA,D,1,0,1245181.783,39.95,2003,35,6.62,48.83
156956,Active,645025,NA,NA,S,3,1,1249449.94,71,2012,23,19.14,57.68
156957,Active,1473611,NA,NA,S,1,0,1170016.494,85,2009,24,3.85,56.85
156958,Active,635631,NA,NA,S,2,1,304060.8225,63,2012,19,44.79,0
156959,Active,534019,NA,NA,D,9,1,1431594.399,69.95,2001,19,5.74,47.69
156960,Active,533865,NA,NA,D,10,1,389959.6375,94.33,2007,33,19.88,86.61
156961,Active,626328,NA,NA,S,4,1,541177.8713,85,2009,33,11.86,73.99
156962,Active,595037,NA,NA,S,2,1,481356.2913,87,2011,27,37.99,72.09
156963,Active,2882785,NA,NA,D,0,0,2784831.199,80,1999,10,5.82,123.54
156964,Active,3544363,NA,NA,S,5,1,5660988.85,54.38,1995,19,4.4,54.01
156965,Active,832239,NA,NA,S,2,1,1428773.804,79.95,2009,17,41.42,68.91
156966,Active,665194,NA,NA,S,3,1,325917.135,100.72,2012,41,40.88,82.54
156967,Active,174088,NA,NA,S,5,1,349967.8513,105,1997,113,5.35,31.98
156968,Active,868347,NA,NA,D,1,0,341114.1463,317.95,2004,61,19.99,38.99
156969,Active,52539,NA,NA,D,1,0,409826.9025,104.95,2004,70,4.43,15.99
156970,Active,614531,NA,NA,S,1,0,72296.695,64.95,2006,48,31.98,0
156971,Active,2374024,NA,NA,D,2,1,4207154.294,396.42,2005,12,4.39,44.85
156972,Active,110820,NA,NA,D,4,1,1190176.031,282.9,2002,36,3.99,52.97
156973,Active,365710,NA,NA,D,1,0,2151459.451,94.22,2010,18,4,56.23
156974,Active,465709,NA,NA,S,1,0,89441.23875,24.95,2009,108,4,7.97
156975,Active,226483,NA,NA,D,1,0,4059329.009,65,1997,23,5.26,46.87
156976,Active,1558877,NA,NA,S,2,1,1164078.945,48.95,2011,18,33.99,41.32
156977,Active,631452,NA,NA,D,0,0,473129.585,49.95,2010,49,20.34,41.51
156978,Active,352056,NA,NA,S,3,1,330401.5238,35,2009,35,19.2,35.8
156979,Active,123398,NA,NA,S,0,0,5019.65125,19,2004,557,4,7.99
156980,Active,1471859,NA,NA,S,0,0,251412.1925,9.95,2008,56,4.46,8.99
156981,Active,233757,NA,NA,S,0,0,309496.1975,69.99,2003,49,18.94,34.86
156982,Active,2665234,NA,NA,S,3,1,77047.9,49.99,1999,65,8.65,22.27
156983,Active,1527710,NA,NA,S,1,0,47474.3,40,2008,63,20.41,23.99
156984,Active,2495928,NA,NA,S,1,0,234931.9163,75,2003,53,12.69,41.37
156985,Active,177584,NA,NA,S,5,1,673537.4,258.95,2003,51,4.98,16.44
156986,Active,706309,NA,NA,S,22,1,493816.6125,33.48,2013,17,9.35,0
156987,Active,202479,NA,NA,D,1,0,416894.64,60,2000,27,5.71,30.53
156988,Active,1470100,NA,NA,S,9,1,1572214.21,75,2010,15,11.76,40.19
156989,Active,248233,NA,NA,S,0,0,89328.15,91,2011,38,38.4,68.16
156990,Active,290584,NA,NA,D,3,1,166114.305,175,2005,33,37.88,75.99
156991,Active,163574,NA,NA,S,2,1,970080.4513,127.1,1997,35,25.33,97.87
156992,Active,2560190,NA,NA,D,1,0,787432.42,45.74,1981,30,6.94,45.74
156993,Active,608368,NA,NA,S,2,1,1006768.939,41.6,1996,27,26.68,73.53
156994,Active,763146,NA,NA,D,0,0,4132978.633,90,1999,17,4.73,46.58
156995,Active,2339211,NA,NA,D,1,0,1311327.828,161.03,1950,33,28.94,87.24
156996,Active,3609874,NA,NA,D,0,0,7626625.9,0,1984,15,10.93,0
156997,Active,169260,NA,NA,D,1,0,461081.5638,135.95,2005,35,16.88,104.19
156998,Active,169261,NA,NA,D,1,0,542691.1088,135.95,2005,47,11.16,97.95
156999,Active,877958,NA,NA,D,6,1,478770.4675,57.16,2008,42,11.2,66.76
157000,Active,615218,NA,NA,S,5,1,836464.0038,89.95,1994,63,4,23.98
157001,Active,169617,NA,NA,D,6,1,160437.2225,272.95,2007,56,6.99,56.51
157002,Active,123969,NA,NA,D,6,1,112587.5363,299.95,2003,71,9.72,59.95
157003,Active,154290,NA,NA,S,0,0,29566.875,114,2006,36,49.04,83.98
157004,Active,118133,NA,NA,D,9,1,603825.7975,96,2006,47,5.55,33.99
157005,Active,117501,NA,NA,D,8,1,427019.015,74.4,2003,42,4,17.18
157006,Active,133264,NA,NA,S,10,1,144651.2913,137.4,2010,54,19.21,55.34
157007,Active,117502,NA,NA,D,8,1,1431753.994,79,2003,56,4,21.94
157008,Active,422018,NA,NA,D,9,1,275778.0463,96,2007,49,4.94,19.95
157009,Active,1479919,NA,NA,S,2,1,119046.375,62.95,2014,15,41.34,38.82
157010,Active,118205,NA,NA,D,2,1,304634.435,67.8,2007,65,4,15.98
157011,Active,697656,NA,NA,D,1,0,1384133.02,40.85,1998,48,4,12.6
157012,Active,110478,NA,NA,S,3,1,69786.59875,140.75,2006,66,13.99,60.65
157013,Active,532834,NA,NA,D,3,1,369255.3863,80,2009,42,17.42,65.32
157014,Active,117978,NA,NA,D,2,1,980278.3275,72.8,2006,25,4,10.97
157015,Active,544449,NA,NA,D,8,1,80967.00875,115.95,2013,64,15.99,64.74
157016,Active,52628,NA,NA,D,7,1,307856.7988,126.95,2010,76,4,33.98
157017,Active,169589,NA,NA,S,1,0,158125.1075,114.95,2006,39,40.4,82.83
157018,Active,169588,NA,NA,S,1,0,166366.1788,114.95,2006,65,4.81,75.32
157019,Active,607979,NA,NA,D,17,1,1672658.51,69.95,2003,23,5.47,63.99
157020,Active,147362,NA,NA,D,18,1,867646.5138,120,2006,29,18.97,63.94
157021,Active,147228,NA,NA,D,17,1,501009.095,82.95,2004,49,6.98,45.3
157022,Active,202463,NA,NA,S,2,1,3020875.105,68.75,1999,52,4,21.7
157023,Active,907106,NA,NA,D,3,1,595730.0988,138.28,2004,29,5.86,100.64
157024,Active,60082,NA,NA,D,3,1,534614.9175,602.99,2003,49,4,43.35
157025,Active,110401,NA,NA,D,4,1,153006.7113,96.85,2007,58,11.98,62.71
157026,Active,664607,NA,NA,D,37,1,226593.9825,79.75,2013,49,8.95,13.28
157027,Active,111994,NA,NA,D,35,1,449197.1038,53.25,2011,90,4,20.94
157028,Active,56718,NA,NA,D,33,1,569068.86,13.03,2009,82,4,23.97
157029,Active,538838,NA,NA,D,15,1,24919.44125,86,2012,113,6.93,52.3
157030,Active,51622,NA,NA,S,11,1,1661460.048,286.95,2004,52,4,17.49
157031,Active,477072,NA,NA,D,5,1,561488.3325,80,2007,34,4,15.46
157032,Active,633820,NA,NA,S,2,1,275512.845,42,2012,47,21.56,32.89
157033,Active,132534,NA,NA,S,2,1,827875.4775,176.4,2007,37,8.61,43.94
157034,Active,118561,NA,NA,D,12,1,670081.8613,142.8,2006,75,4,38.93
157035,Active,53651,NA,NA,D,14,1,113884.3063,38.84,2010,96,5.49,33.99
157036,Active,56716,NA,NA,S,32,1,866627.3175,20.99,2008,92,4,17.97
157037,Active,53649,NA,NA,D,13,1,190560.6475,31.67,2008,59,4.63,23.83
157038,Active,127576,NA,NA,D,2,1,25385.99125,89.95,2011,104,4.99,27.98
157039,Active,2260602,NA,NA,S,12,1,905580.1588,68.99,2006,21,7.81,68.99
157040,Active,118805,NA,NA,D,6,1,1022026.626,140,2007,42,4.14,42.49
157041,Active,126874,NA,NA,D,1,0,270049.5338,89.95,2007,58,4.75,19.43
157042,Active,428154,NA,NA,D,7,1,82212.74125,201.8,2011,56,4.98,53.65
157043,Active,616477,NA,NA,S,8,1,393235.78,138.8,2000,36,9.51,47.45
157044,Active,51621,NA,NA,D,13,1,397792.6263,260.95,2010,99,4.55,51.52
157045,Active,117622,NA,NA,D,11,1,1562785.555,113.6,2004,42,4.24,40.07
157046,Active,53648,NA,NA,D,12,1,355600.4338,56.99,2006,58,4.44,38.6
157047,Active,869584,NA,NA,S,2,1,52753.3875,34.99,2015,33,18.6,32.5
157048,Active,1477887,NA,NA,S,1,0,1103260.344,40.95,2013,14,34.71,31.56
157049,Active,55085,NA,NA,D,1,0,252184.5288,68.8,2004,43,6.09,48.38
157050,Active,55086,NA,NA,D,2,1,357776.1688,62.6,2007,38,13.28,52.99
157051,Active,55087,NA,NA,S,3,1,13223.36125,87.95,2010,49,44.17,62.99
157052,Active,51620,NA,NA,D,12,1,511431.4538,260.95,2007,87,4,35.94
157053,Active,632160,NA,NA,S,2,1,144037.2313,54.99,2012,41,15.99,41.15
157054,Active,657165,NA,NA,D,1,0,846246.2113,99.95,2003,19,82.94,201.22
157055,Active,668097,NA,NA,S,5,1,2523446.781,232.99,2005,18,11.94,127.01
157056,Active,690436,NA,NA,S,3,1,13727.625,34.95,2013,37,25.98,28.12
157057,Active,622904,NA,NA,D,1,0,1215430.213,87,1988,26,18.88,0
157058,Active,648780,NA,NA,D,0,0,1660183.533,199,2003,17,115.99,120.92
157059,Active,612348,NA,NA,S,4,1,671984.17,50,2014,37,8.98,25.53
157060,Active,620110,NA,NA,S,1,0,208900.8488,65,1998,54,4,14.03
157061,Active,176591,NA,NA,S,2,1,567734.8125,232.95,2003,42,4,41.98
157062,Active,536615,NA,NA,D,3,1,2872532.724,58,2008,21,4.97,36.94
157063,Active,143026,NA,NA,D,2,1,7499625.548,36,2005,16,4,31.04
157064,Active,658453,NA,NA,S,6,1,553396.0738,39.95,2010,15,18.81,33.98
157065,Active,620758,NA,NA,D,1,0,537474.3013,49.95,2011,33,4,15.49
157066,Active,867700,NA,NA,S,2,1,143952.7163,49.95,2014,34,17.98,32.99
157067,Active,558601,NA,NA,D,0,0,5228242.845,39.5,1985,18,4,53.99
157068,Active,126143,NA,NA,S,2,1,276391.095,99.95,2008,34,32.53,82.72
157069,Active,143450,NA,NA,S,5,1,422455.9538,43,2004,22,9.5,29.98
157070,Active,3590246,NA,NA,D,3,1,9865009.15,83,1999,12,7.11,54.36
157071,Active,143366,NA,NA,D,0,0,2215523.111,127,2002,25,21.78,172.85
157072,Active,547329,NA,NA,S,0,0,1285359.059,69.95,2005,18,33.32,297.65
157073,Active,261227,NA,NA,S,4,1,73436.53125,24.95,2005,262,4,11.94
157074,Active,532830,NA,NA,S,2,1,850283.9,55,2004,31,6.13,33.92
157075,Active,2612386,NA,NA,D,1,0,3597684.6,116,2001,19,7.88,63.94
157076,Active,423323,NA,NA,S,1,0,381462.8025,148.2,2009,43,22.71,56.87
157077,Active,1738066,NA,NA,S,5,1,129530.175,44.99,2013,16,31.99,23.98
157078,Active,227515,NA,NA,D,0,0,2104162.12,349,2001,37,8.71,63.59
157079,Active,675939,NA,NA,S,10,1,16252.05,38.5,2008,45,6.19,34.91
157080,Active,1439376,NA,NA,S,4,1,370469.3775,37.5,2008,17,23.14,80
157081,Active,1744035,NA,NA,S,2,1,241881.09,238.58,2009,28,4,29.94
157082,Active,2097835,NA,NA,S,0,0,99166.4,47.95,2014,11,16.79,106.99
157083,Active,1639684,NA,NA,S,2,1,106807.2063,14.95,2010,236,4,18.18
157084,Active,1754572,NA,NA,S,2,1,12334.86,24.95,2011,21,13.97,18.22
157085,Active,532820,NA,NA,S,0,0,69889.955,18.99,2011,40,9.98,0
157086,Active,1447407,NA,NA,S,6,1,217539.0388,0,2011,8,41.69,42.99
157087,Active,117139,NA,NA,S,3,1,155638.825,54.25,2006,118,4,16.87
157088,Active,1891612,NA,NA,S,2,1,145949.2275,49.95,2015,17,42.24,43.89
157089,Active,1616011,NA,NA,S,2,1,144695.5325,34.99,2008,43,5.82,20.74
157090,Active,1456115,NA,NA,S,1,0,742581.48,39.99,2015,19,18.98,25.55
157091,Active,608711,NA,NA,S,3,1,361423.07,49.99,2002,73,4,9.97
157092,Active,914485,NA,NA,D,8,1,1637689.464,64.95,2012,42,4,33.97
157093,Active,264064,NA,NA,D,2,1,676333.0613,34.95,2005,44,4,28.99
157094,Active,532819,NA,NA,D,3,1,224054.0963,43.95,2010,51,12.05,72.07
157095,Active,132144,NA,NA,S,2,1,249231.4538,171,2006,52,6.2,63.58
157096,Active,131272,NA,NA,D,1,0,2291660.178,97,1999,42,4,32.98
157097,Active,633134,NA,NA,S,1,0,113324.7,62.95,2011,15,33.98,35.66
157098,Active,2491496,NA,NA,D,3,1,1915270.381,54.95,2005,24,4.98,23.99
157099,Active,905484,NA,NA,S,0,0,645963.1025,50,2012,17,30.4,37.19
157100,Active,633383,NA,NA,S,3,1,201622.455,44.99,2007,45,25.1,22.1
157101,Active,1989618,NA,NA,S,2,1,52960.65,39.99,2014,19,25.15,25.28
157102,Active,607205,NA,NA,D,3,1,743940.5438,106,1999,35,4.76,48.73
157103,Active,100419,NA,NA,D,2,1,2359094.505,70,1995,23,4.13,72.14
157104,Active,2009985,NA,NA,D,2,1,1616583.825,91,2010,34,4.37,14.24
157105,Active,2009990,NA,NA,D,2,1,471716.7525,94.5,2006,48,4,13.96
157106,Active,113992,NA,NA,S,2,1,176635.1113,133,2000,70,5.2,18.98
157107,Active,599515,NA,NA,D,4,1,1549478.249,65,2003,19,4,14.99
157108,Active,889376,NA,NA,D,4,1,5951906.843,67.8,1995,13,4.98,7.91
157109,Active,647055,NA,NA,S,2,1,832084.7563,54.99,2012,42,4.74,28.98
157110,Active,616376,NA,NA,S,1,0,885362.6675,54.99,2010,90,3.88,6.98
157111,Active,561494,NA,NA,S,1,0,1069779.774,64.99,2011,55,3.99,9.84
157112,Active,145736,NA,NA,S,1,0,1010259.139,59.99,2007,124,4,9.61
157113,Active,146228,NA,NA,S,1,0,180532.9588,54.99,2009,147,4,20.54
157114,Active,540879,NA,NA,S,2,1,262435.96,54.99,2013,31,9.08,53.48
157115,Active,146745,NA,NA,S,1,0,540330.1213,54.99,2011,99,4,53.77
157116,Active,532815,NA,NA,S,2,1,1329512.428,59.99,2008,43,4,13.49
157117,Active,741301,NA,NA,S,2,1,2519857.639,59.99,2008,19,4.39,18.7
157118,Active,609776,NA,NA,D,2,1,1073098.494,59.99,2006,28,5.97,40.87
157119,Active,1615714,NA,NA,S,2,1,792715.4063,39.99,2006,46,4.92,18.57
157120,Active,618633,NA,NA,S,2,1,731643.9388,77,2003,48,4,0
157121,Active,623847,NA,NA,D,4,1,1081006.949,42.95,2002,37,4,28.99
157122,Active,532814,NA,NA,S,4,1,140546.4725,98,2012,30,32.7,62.11
157123,Active,532813,NA,NA,D,2,1,633726.2838,71,2008,50,28.93,79.47
157124,Active,532812,NA,NA,S,10,1,353110.3863,71,2011,50,9.56,49.95
157125,Active,869221,NA,NA,S,4,1,2609777.705,39.95,2002,41,5.55,18.64
157126,Active,532810,NA,NA,S,5,1,552598.0888,55,2007,64,5.49,28.05
157127,Active,532809,NA,NA,S,6,1,86160.90875,42.95,2012,84,7.89,23.49
157128,Active,146350,NA,NA,D,7,1,91718.29875,116.2,2011,72,8.92,26.99
157129,Active,286428,NA,NA,D,6,1,635712.1413,102.8,2008,88,3.99,22.63
157130,Active,642723,NA,NA,S,3,1,941167.6263,45.6,2009,23,28.6,45.53
157131,Active,626234,NA,NA,S,3,1,348682.2325,71,2011,25,33.99,53.99
157132,Active,544730,NA,NA,S,2,1,514630.6613,94.95,2013,28,24.26,44.57
157133,Active,538038,NA,NA,S,3,1,150505.2188,200.4,1996,61,4,50.51
157134,Active,713364,NA,NA,D,1,0,2677166.748,100,2002,25,4.72,13.98
157135,Active,2859258,NA,NA,D,1,0,2651834.454,49.95,1995,18,5.43,103.28
157136,Active,194126,NA,NA,S,2,1,528138.9513,77,2008,26,33.98,0
157137,Active,204108,NA,NA,S,1,0,14129.55,114.99,2011,57,32.31,73.99
157138,Active,2852951,NA,NA,D,1,0,5947090.079,75,2003,10,11.68,56.67
157139,Active,3475309,NA,NA,D,2,1,1967444.1,118,1998,17,5.94,95.31
157140,Active,2367176,NA,NA,S,3,1,3005425.089,81,1991,14,4.28,43.98
157141,Active,713711,NA,NA,D,5,1,625934.635,121,1999,22,6.99,54.69
157142,Active,739255,NA,NA,D,1,0,1151867.968,40.4,1999,27,4,8.98
157143,Active,131856,NA,NA,S,2,1,148635.1263,102.2,2004,44,22.99,57.41
157144,Active,600378,NA,NA,S,2,1,2887062.898,85.75,2010,25,4,29.89
157145,Active,146395,NA,NA,S,2,1,1004764.375,148,2011,29,27.99,123.21
157146,Active,532805,NA,NA,S,2,1,334637.7875,216.8,2011,43,49.98,148.98
157147,Active,146687,NA,NA,D,2,1,2784644.051,236.8,2011,17,30.94,231.47
157148,Active,620976,NA,NA,D,1,0,325874.3575,131,1987,30,19.08,72.99
157149,Active,52630,NA,NA,D,6,1,665432.8,77.35,2002,70,4,23.02
157150,Active,52633,NA,NA,S,5,1,2377025.298,64,1998,46,4,21.98
157151,Active,52631,NA,NA,D,7,1,416020.3813,101.33,2005,63,4.36,42.82
157152,Active,609410,NA,NA,S,4,1,2301199.011,55,1999,36,4,25.98
157153,Active,532804,NA,NA,D,6,1,63119.43,85,2012,60,16.34,28.36
157154,Active,105749,NA,NA,D,5,1,417459.165,86,2004,76,4,15.18
157155,Active,532803,NA,NA,S,15,1,1335671.078,37.95,2003,11,33.96,37.29
157156,Active,915302,NA,NA,S,2,1,723027.595,69.95,2014,33,13.44,14.14
157157,Active,532798,NA,NA,S,4,1,604538.3188,37.12,2010,51,4,38.1
157158,Active,2337649,NA,NA,D,0,0,6674457.031,91.25,1982,15,4.88,71.85
157159,Active,52634,NA,NA,D,4,1,25906.18375,152.07,2009,88,11.98,28.99
157160,Active,532799,NA,NA,D,6,1,652988.9538,325.95,2012,48,7.98,78.72
157161,Active,608531,NA,NA,S,3,1,2595779.919,307.95,2003,23,4.09,13.84
157162,Active,183382,NA,NA,D,4,1,2267876.601,325.95,2006,45,4,18.36
157163,Active,179178,NA,NA,D,5,1,324240.215,357.95,2008,33,5.83,77.87
157164,Active,163011,NA,NA,D,4,1,267838.58,111.76,2009,39,8.09,43.03
157165,Active,699333,NA,NA,S,11,1,208786.2125,82.5,2012,11,23.99,65.21
157166,Active,169658,NA,NA,D,4,1,1372550.069,341.95,2007,33,4,8.99
157167,Active,52636,NA,NA,D,3,1,277700.82,33.99,2006,167,4,33.99
157168,Active,109693,NA,NA,D,9,1,3106579.945,66.06,2005,29,4.93,51.15
157169,Active,109879,NA,NA,D,9,1,1499340.723,17.98,2007,37,4.33,17.98
157170,Active,110738,NA,NA,D,10,1,273080.8938,165.94,2009,29,12.58,12.99
157171,Active,111113,NA,NA,D,10,1,288675.8675,6.69,2009,73,6.39,50.6
157172,Active,54883,NA,NA,D,8,1,309973.96,352.95,2010,87,5.94,17.25
157173,Active,651321,NA,NA,S,6,1,239925.5963,178.95,2013,37,23.19,0
157174,Active,532797,NA,NA,D,5,1,755207.6625,354.95,2010,55,5.12,52.67
157175,Active,2607680,NA,NA,D,0,0,1335970.916,94.99,2005,19,44.99,86.99
157176,Active,645261,NA,NA,S,1,0,668075.4613,79.95,1997,29,8.51,63.99
157177,Active,1826391,NA,NA,S,1,0,31259.5,102.95,2014,18,50.29,48.99
157178,Active,532796,NA,NA,S,2,1,792398.8375,77,2008,44,5.32,25.17
157179,Active,807123,NA,NA,D,2,1,430892.005,86.95,2007,52,4,9.44
157180,Active,245191,NA,NA,D,0,0,2832368.419,81.95,2004,38,4,8.99
157181,Active,760127,NA,NA,D,4,1,1170750.468,26.94,2001,24,4.02,43.73
157182,Active,250651,NA,NA,S,2,1,153508.6038,121.95,2008,41,38.04,43.27
157183,Active,761794,NA,NA,D,5,1,488883.1063,23.93,2006,43,4.14,32.99
157184,Active,2602429,NA,NA,D,1,0,5189395.555,94.99,1996,12,11.99,103.97
157185,Active,162639,NA,NA,D,3,1,428815.5713,11.89,2010,38,10.44,48.99
157186,Active,761293,NA,NA,D,2,1,1092890.591,20.48,2005,47,4,22.99
157187,Active,2572477,NA,NA,D,1,0,999787.6088,44.95,1993,44,5.32,18.43
157188,Active,163825,NA,NA,D,2,1,65646.575,60,1996,64,6.71,30.26
157189,Active,165021,NA,NA,S,4,1,439630.5988,229.25,2004,56,4,13.45
157190,Active,2367149,NA,NA,S,3,1,1120774.419,116.6,1980,38,6.81,69.55
157191,Active,162903,NA,NA,D,3,1,206344.3363,50.76,2009,42,10.96,73.98
157192,Active,164436,NA,NA,D,2,1,247134.37,68.6,2003,32,4.99,28.98
157193,Active,119748,NA,NA,D,1,0,2076707.46,97,1998,21,6.43,24.2
157194,Active,161073,NA,NA,S,2,1,76096.3,35,2008,56,11.19,16.5
157195,Active,868338,NA,NA,D,2,1,1290612.464,67.65,1987,28,4.35,59.63
157196,Active,254447,NA,NA,D,2,1,191544.5325,50.95,2011,41,18.93,34.44
157197,Active,298102,NA,NA,D,1,0,2915367.346,49.95,2005,27,4.73,13.99
157198,Active,714377,NA,NA,S,3,1,2832691.659,70,2001,28,4,9.12
157199,Active,117843,NA,NA,S,4,1,479109.1625,101.33,2005,35,4,60.57
157200,Active,630008,NA,NA,S,3,1,424140.4638,69,2011,44,5.94,0
157201,Active,2575192,NA,NA,D,0,0,1611124.091,76.91,1976,36,4.35,45.73
157202,Active,618387,NA,NA,D,1,0,205577.7675,366.95,1994,27,6.47,24.99
157203,Active,917791,NA,NA,S,0,0,138591.1313,65.13,2008,22,43.99,78.99
157204,Active,115966,NA,NA,D,6,1,154644.1938,204.2,2005,62,12.59,58.99
157205,Active,2367158,NA,NA,D,1,0,2948253.91,185.11,1979,18,10.87,98.58
157206,Active,649375,NA,NA,D,1,0,555508.0813,72.95,1991,42,12.94,70.02
157207,Active,386447,NA,NA,S,1,0,457580.8888,81,2009,37,15.5,54.4
157208,Active,534036,NA,NA,D,3,1,408846.5388,96,1994,41,5.07,13.82
157209,Active,2367263,NA,NA,S,3,1,613068.02,116.6,1987,38,27.69,88.71
157210,Active,2577602,NA,NA,D,2,1,2029553.885,129,1985,30,4,42.99
157211,Active,630225,NA,NA,D,3,1,337891.0838,162,2005,28,26.97,82.17
157212,Active,916718,NA,NA,D,2,1,1592158.355,97.95,1989,35,4.12,53.23
157213,Active,870800,NA,NA,D,3,1,541005.4838,67,1990,47,4.8,49.46
157214,Active,2572967,NA,NA,D,1,0,1160356.165,94.95,1989,39,4,17.68
157215,Active,164311,NA,NA,D,1,0,449045.7488,150,2004,22,9.14,108.69
157216,Active,165315,NA,NA,S,2,1,57737.19375,228,2002,46,12.08,0
157217,Active,121681,NA,NA,S,1,0,417885.13,60.2,1997,39,15.78,36.53
157218,Active,2564075,NA,NA,S,2,1,852143.1175,130,1996,16,4.74,37.43
157219,Active,1573724,NA,NA,S,3,1,245685.6088,49.95,2014,16,29.62,31.01
157220,Active,554014,NA,NA,D,2,1,454172.6313,27,1997,29,4,60.07
157221,Active,115628,NA,NA,S,3,1,111610.4738,60.4,2003,50,12.68,81.63
157222,Active,169832,NA,NA,D,5,1,146485.3325,365.95,2008,63,6.57,120.99
157223,Active,381821,NA,NA,D,6,1,40735.4125,332.95,2012,99,8.26,47.87
157224,Active,177099,NA,NA,S,3,1,2724729.905,181.95,2003,38,4,50.37
157225,Active,60085,NA,NA,D,4,1,825285.2788,252.95,2006,45,4,11.6
157226,Active,258317,NA,NA,D,2,1,1761009.21,90.95,2003,14,39.29,67.94
157227,Active,898427,NA,NA,D,0,0,8664300.944,79.95,2000,18,8.83,59.87
157228,Active,713870,NA,NA,D,6,1,3252450.281,123.33,1999,23,4,23.84
157229,Active,617857,NA,NA,S,1,0,228634.5713,100,2004,45,23.63,57.95
157230,Active,585676,NA,NA,D,2,1,776535.4175,84.95,1984,81,4,44.47
157231,Active,149543,NA,NA,D,2,1,3424947.531,55,2009,23,4,89.11
157232,Active,906893,NA,NA,S,2,1,793934.935,64,2010,24,5.75,45.72
157233,Active,916935,NA,NA,D,0,0,507195.0175,129,2005,42,17.6,44.99
157234,Active,547303,NA,NA,D,3,1,1047465.605,89.95,2012,18,48.99,86.18
157235,Active,894953,NA,NA,S,0,0,133557.4738,23.97,2012,20,27.97,22.19
157236,Active,286538,NA,NA,D,4,1,2522002.654,100,1998,27,4,51.13
157237,Active,115329,NA,NA,D,5,1,413280.9713,130.4,2001,28,6.48,48.98
157238,Active,212978,NA,NA,D,4,1,893013.6775,90,2001,37,4.57,40.67
157239,Active,213242,NA,NA,D,5,1,262671.5725,102.95,2009,24,20.85,62.98
157240,Active,2621575,NA,NA,D,2,1,1841874.38,59.95,1989,16,17.41,520.56
157241,Active,2515206,NA,NA,D,1,0,3098324.461,118.82,1978,17,6.34,89.88
157242,Active,2427962,NA,NA,D,5,1,1413196.94,102,1994,33,4,25.94
157243,Active,728853,NA,NA,D,6,1,361658.6325,108,1998,45,4,43.67
157244,Active,792778,NA,NA,D,2,1,3299799.363,79.95,2002,21,4.4,78.61
157245,Active,792777,NA,NA,D,2,1,8719361.613,170,2002,18,4.39,47.39
157246,Active,3513051,NA,NA,D,1,0,3340142.4,99,1998,25,10.27,73.59
157247,Active,2175591,NA,NA,S,3,1,205271.5975,59.99,2014,37,46.22,46.45
157248,Active,646648,NA,NA,D,2,1,619910.9588,54.95,2004,29,10.44,23.99
157249,Active,2415427,NA,NA,S,0,0,1486536.628,92,2003,37,24.02,73.81
157250,Active,60313,NA,NA,D,3,1,131909.9388,110,1997,34,5.28,47.43
157251,Active,2367265,NA,NA,D,0,0,1893667.044,140.84,1956,20,8.37,44.95
157252,Active,902765,NA,NA,D,1,0,441068.4063,47.95,2001,21,11.91,123.11
157253,Active,627480,NA,NA,D,2,1,450047.2813,92.24,2009,85,26.89,61.94
157254,Active,435204,NA,NA,D,6,1,85958.545,88.95,2010,143,4.99,35.99
157255,Active,147506,NA,NA,D,5,1,1396648.605,69.95,2007,65,4,32.06
157256,Active,249188,NA,NA,D,4,1,597854.6075,74.95,2008,52,8.95,23.99
157257,Active,861890,NA,NA,S,5,1,31787.07625,74.95,2014,38,46.66,51.7
157258,Active,58327,NA,NA,D,2,1,947121.9813,126.95,1997,26,4.09,28.98
157259,Active,58326,NA,NA,S,3,1,81281.695,240.95,2002,95,13.44,48.99
157260,Active,202834,NA,NA,S,3,1,79473.6675,145.95,2003,52,6.77,53.09
157261,Active,116263,NA,NA,D,6,1,1473810.629,61.4,2006,17,8.94,26.94
157262,Active,622624,NA,NA,D,8,1,342389.9588,86,2011,50,4.48,54.95
157263,Active,532786,NA,NA,D,7,1,1425099.751,72.8,2008,27,4,57.05
157264,Active,60086,NA,NA,D,8,1,1211709.664,143.4,2004,66,4.54,16.14
157265,Active,1952654,NA,NA,S,0,0,9197.525,89.95,2013,31,54.19,55.87
157266,Active,618346,NA,NA,S,3,1,333064.3638,118.2,1996,38,21.48,98.99
157267,Active,165829,NA,NA,S,2,1,245430.6913,115,2004,63,4.74,28.99
157268,Active,426983,NA,NA,S,2,1,816897.295,44.95,2012,39,7.15,39.66
157269,Active,50566,NA,NA,D,6,1,547494.5763,189,2004,45,4,27.18
157270,Active,2603078,NA,NA,D,0,0,4743361.628,75,2003,18,5.01,53.63
157271,Active,294859,NA,NA,D,0,0,615115.34,115,1997,30,4.68,33.99
157272,Active,199265,NA,NA,D,2,1,79859.4775,136,2008,63,33.98,40.36
157273,Active,169662,NA,NA,D,4,1,143081.7275,361.95,2007,49,12.02,79.98
157274,Active,872527,NA,NA,S,2,1,2144168.475,85.95,1987,43,4.09,46.61
157275,Active,2559644,NA,NA,D,2,1,2546336.046,89.95,1980,60,4,35.98
157276,Active,763569,NA,NA,D,2,1,2540211.496,143.95,2000,30,4,44.09
157277,Active,2621614,NA,NA,D,2,1,4737776.693,62.95,1995,24,4.27,10.99
157278,Active,291553,NA,NA,S,4,1,29070.3875,356.95,2004,74,19.99,39.5
157279,Active,167665,NA,NA,D,1,0,1097389.14,140,2006,19,17.05,46.44
157280,Active,3520389,NA,NA,D,2,1,609178.2,109.95,1995,27,11,92.35
157281,Active,247609,NA,NA,D,1,0,668080.45,104,2005,55,4,7.63
157282,Active,495341,NA,NA,S,2,1,96629.38875,106,2011,48,12.59,64.06
157283,Active,174961,NA,NA,S,1,0,1206071.678,74.99,2008,40,4.03,40.99
157284,Active,58151,NA,NA,S,4,1,3877747.104,90.95,1997,33,4,19.85
157285,Active,58150,NA,NA,D,8,1,105386.8138,245.95,2010,41,28,66.81
157286,Active,123944,NA,NA,S,5,1,817719.26,98.95,2001,35,4,9.15
157287,Active,58148,NA,NA,D,7,1,223567.9638,158.95,2007,56,4,21.91
157288,Active,58149,NA,NA,D,6,1,752654.4563,126.95,2004,56,4,11.11
157289,Active,567380,NA,NA,S,2,1,600928.02,41.95,2007,26,7.65,13.96
157290,Active,640056,NA,NA,S,3,1,865035.4275,85,2008,25,4.54,24.59
157291,Active,652415,NA,NA,S,2,1,85331.06375,69.99,2013,33,40.94,51.48
157292,Active,293281,NA,NA,D,1,0,322805.7575,76,2009,65,5.42,23.98
157293,Active,698938,NA,NA,D,6,1,1503677.84,110,2009,27,6.39,34.22
157294,Active,118044,NA,NA,D,5,1,75670.43125,204.4,2008,53,32.4,135.15
157295,Active,115375,NA,NA,D,4,1,265545.6375,126.2,2003,38,4,50.41
157296,Active,295904,NA,NA,D,1,0,2163531.843,288.95,1996,22,4.47,45.83
157297,Active,607509,NA,NA,S,3,1,2105781.106,118.33,1998,30,4.35,8.37
157298,Active,55681,NA,NA,D,5,1,83134.79875,68.71,2010,52,40.99,70.65
157299,Active,166961,NA,NA,D,3,1,4859316.486,116.31,2005,24,5.24,46.47
157300,Active,167060,NA,NA,D,4,1,247877.6788,91.85,2006,55,6.34,55.05
157301,Active,55684,NA,NA,S,3,1,422908.0538,23.98,2002,48,4.35,23.98
157302,Active,868150,NA,NA,D,4,1,1095731.113,62,1997,62,4,8.99
157303,Active,58146,NA,NA,D,1,0,493218.9188,111,2007,34,24.99,52.18
157304,Active,763753,NA,NA,D,1,0,2890341.465,116.95,1999,28,4,18.97
157305,Active,177202,NA,NA,D,2,1,169920.8163,333.95,2004,35,9.47,49.99
157306,Active,619891,NA,NA,S,1,0,120213.19,115.4,2000,60,31.99,100.63
157307,Active,532784,NA,NA,D,8,1,172995.7363,268.95,2011,37,38.98,146.37
157308,Active,169753,NA,NA,D,7,1,117364.4175,284.95,2008,38,9.51,92.95
157309,Active,177832,NA,NA,D,6,1,347064.17,312.95,2005,52,4.2,46.5
157310,Active,155234,NA,NA,D,4,1,654435.4675,101.16,1998,23,7.57,72.74
157311,Active,60087,NA,NA,D,4,1,795548.3175,70.16,1998,27,4,22.99
157312,Active,532783,NA,NA,D,4,1,22775.7325,310.25,2012,106,13.97,45.81
157313,Active,109635,NA,NA,D,1,0,1569194.731,76.72,2006,45,4.76,33.94
157314,Active,110955,NA,NA,D,2,1,1296269.311,49.75,2008,50,4.08,29.99
157315,Active,899562,NA,NA,D,1,0,2382917.756,59.95,2004,18,15.33,15.74
157316,Active,908474,NA,NA,S,3,1,3105772.793,96,1996,24,6.41,47.99
157317,Active,164011,NA,NA,D,1,0,1140427.136,137.95,1999,23,4.39,28.94
157318,Active,255747,NA,NA,S,1,0,16253.425,62.95,2008,38,51.89,63.4
157319,Active,203876,NA,NA,D,9,1,623610.4463,190.95,2008,45,19.08,44.99
157320,Active,758407,NA,NA,D,1,0,3181455.209,150,2001,10,63.97,113.89
157321,Active,649001,NA,NA,S,1,0,69434.575,60,2009,23,24.4,33.68
157322,Active,659346,NA,NA,S,3,1,1192984.414,119.95,2008,48,4.97,78.03
157323,Active,110407,NA,NA,D,9,1,301253.5225,22.99,2008,54,7.08,18.99
157324,Active,285451,NA,NA,D,9,1,369075.7425,40.2,2006,37,5.83,42.95
157325,Active,108023,NA,NA,D,7,1,4935359.176,9.74,2002,44,4.15,9.74
157326,Active,112312,NA,NA,S,13,1,2410582.944,87.5,2005,34,4,28.99
157327,Active,176607,NA,NA,D,4,1,492331.6525,172.95,2005,98,4,17.66
157328,Active,298306,NA,NA,D,2,1,82536.19375,81,2010,57,5.98,45.11
157329,Active,110724,NA,NA,D,7,1,1272664.215,6,2006,78,4,5.99
157330,Active,417356,NA,NA,S,9,1,48556.76625,118.5,2012,61,19.97,44.37
157331,Active,606869,NA,NA,D,6,1,1412355.27,8.52,2002,57,4,27.99
157332,Active,870386,NA,NA,D,6,1,1427247.624,172.02,2010,49,8.38,39.16
157333,Active,132583,NA,NA,D,6,1,84063.73625,172.6,2009,91,5.99,44.19
157334,Active,871083,NA,NA,S,4,1,2899613.179,91.8,1998,33,4,9.9
157335,Active,169363,NA,NA,D,9,1,645168.6463,243.95,2007,88,4,20.1
157336,Active,170017,NA,NA,D,10,1,202591.3938,229.95,2010,89,4,27.44
157337,Active,163217,NA,NA,D,1,0,2244724.74,0,2005,21,4.24,52.71
157338,Active,169146,NA,NA,S,5,1,192617.305,154.95,2006,31,48.95,139.8
157339,Active,177261,NA,NA,D,4,1,4090007.669,63.95,2001,30,4,14.99
157340,Active,546788,NA,NA,S,8,1,75030.485,59.99,2013,84,17.14,17.89
157341,Active,874117,NA,NA,D,7,1,1293812.968,17.83,2008,45,5.59,16.11
157342,Active,532776,NA,NA,D,7,1,160465.1775,51.99,2009,104,4,12.29
157343,Active,115474,NA,NA,S,6,1,469563.135,184.2,2003,59,4.94,12.98
157344,Active,391019,NA,NA,D,0,0,2565112.13,67,2003,29,4,9.7
157345,Active,260002,NA,NA,D,2,1,807140.2713,83,2006,37,4,13.54
157346,Active,120847,NA,NA,S,1,0,79296.4,68.4,2010,23,27.28,52.2
157347,Active,279166,NA,NA,D,3,1,3563461.556,39.95,2005,15,4.94,8.78
157348,Active,229175,NA,NA,D,4,1,2029103.07,39.95,2009,24,4,7.99
157349,Active,874844,NA,NA,D,1,0,1809804.848,69.33,1997,68,3.99,11.98
157350,Active,115330,NA,NA,D,2,1,352824.3738,52,2001,76,4,12.82
157351,Active,116834,NA,NA,S,3,1,42186.87625,89.99,2004,68,19.74,37.97
157352,Active,614324,NA,NA,S,2,1,652184.2713,49.99,2001,53,4,15.57
157353,Active,876493,NA,NA,S,10,1,2877967.484,57,1992,31,4.48,89.17
157354,Active,237769,NA,NA,D,13,1,256148.5513,95,2008,39,29.92,43.99
157355,Active,228457,NA,NA,S,3,1,947190.1938,24.95,2002,51,4,18.98
157356,Active,532775,NA,NA,S,2,1,46877,49.95,2008,46,29.18,35.95
157357,Active,619928,NA,NA,S,0,0,528791.9875,49.95,1991,49,9.07,33.99
157358,Active,642353,NA,NA,D,3,1,1076821.863,59.99,2011,20,3.84,0
157359,Active,867333,NA,NA,S,3,1,60987.7,46.25,2014,28,29.54,29.85
157360,Active,868479,NA,NA,D,1,0,389574.3088,47.5,1987,46,4,13.24
157361,Active,3645658,NA,NA,S,3,1,40425,69.95,2016,15,54.3,54.97
157362,Active,116423,NA,NA,D,4,1,1237561.975,80,2004,35,4,42.52
157363,Active,120280,NA,NA,D,5,1,732072.0088,89.4,2008,48,4,31.51
157364,Active,201760,NA,NA,S,2,1,1070287.015,47.95,2014,31,8.27,35.2
157365,Active,610315,NA,NA,S,3,1,57991.9775,44.95,2013,63,23.98,31.99
157366,Active,149398,NA,NA,S,4,1,3509744.804,79.95,2004,31,4.13,17.99
157367,Active,53727,NA,NA,D,4,1,96366.36125,89.95,2004,47,4.66,11.89
157368,Active,51962,NA,NA,D,6,1,1115494.968,123.6,2008,51,4,53.35
157369,Active,51963,NA,NA,D,7,1,428465.41,154,2010,45,10.68,87.31
157370,Active,51960,NA,NA,D,5,1,1925250.266,105.6,2006,57,4,7.24
157371,Active,734530,NA,NA,D,2,1,2505289.521,6.05,2008,24,4,6.99
157372,Active,560015,NA,NA,D,2,1,542621.8063,53.95,2007,77,4.13,10.43
157373,Active,141968,NA,NA,D,2,1,1140056.584,10.88,2010,42,4,10.9
157374,Active,623653,NA,NA,D,0,0,619617.4988,79.99,2004,34,34.81,57.7
157375,Active,2654415,NA,NA,D,0,0,2521213.828,67.16,1996,27,4,33.99
157376,Active,770505,NA,NA,S,2,1,488834.3063,196.95,2002,34,23.94,102.78
157377,Active,103969,NA,NA,S,4,1,1097005.13,59.06,1998,66,4,10.72
157378,Active,877270,NA,NA,D,5,1,385158.2663,78.95,2004,46,6.57,63.67
157379,Active,54312,NA,NA,D,6,1,37530.54125,106.39,2007,72,9.99,43.99
157380,Active,54311,NA,NA,D,5,1,86932.73625,76.89,2003,90,4,38.99
157381,Active,199067,NA,NA,D,2,1,393792.9588,64.95,2002,28,4,41.88
157382,Active,199066,NA,NA,D,2,1,1382851.505,156,2002,10,42.7,89.44
157383,Active,111444,NA,NA,S,1,0,55377.725,243.75,2009,45,18.99,73.43
157384,Active,226548,NA,NA,D,1,0,2204368.654,139.95,2003,16,14.22,62.99
157385,Active,2852906,NA,NA,D,1,0,3604131.73,55,2005,11,7.98,25.04
157386,Active,202225,NA,NA,D,2,1,1431545.805,171.95,2000,25,8.79,19.33
157387,Active,633230,NA,NA,S,6,1,203807.77,64,2010,27,32.89,36.46
157388,Active,2572163,NA,NA,S,2,1,1331852.869,99,1993,26,6.48,23.98
157389,Active,1586837,NA,NA,S,0,0,1088222.878,54.99,2006,28,28.89,42.98
157390,Active,624577,NA,NA,S,4,1,19140.4775,45,1993,45,25.89,25.94
157391,Active,128971,NA,NA,D,2,1,800651.0663,110,2004,24,14.19,57.97
157392,Active,634064,NA,NA,D,0,0,677478.8613,74.5,1999,18,6.38,39.99
157393,Active,665307,NA,NA,S,3,1,790217.1675,43,2012,16,29.27,40.85
157394,Active,265880,NA,NA,D,0,0,3239771.546,68,2002,16,5.43,71.97
157395,Active,270089,NA,NA,D,2,1,930202.03,210,2009,40,21.28,175.79
157396,Active,640179,NA,NA,D,3,1,402528.8113,115,1998,28,42.86,101.57
157397,Active,874802,NA,NA,D,4,1,664421.9263,40.08,1982,46,4,38.99
157398,Active,275169,NA,NA,D,2,1,223129.0113,95,2001,23,42.22,78.98
157399,Active,3089413,NA,NA,D,7,1,1902991.114,33.28,2004,16,6.21,112.41
157400,Active,642855,NA,NA,S,0,0,854290.675,52.95,2010,20,38.91,40.3
157401,Active,198008,NA,NA,S,5,1,226518.5025,80.33,2009,34,18.94,144.59
157402,Active,577644,NA,NA,D,3,1,1108069.466,49.95,2001,25,4,69.63
157403,Active,197706,NA,NA,D,4,1,1108596.998,56.95,2007,22,4,74.65
157404,Active,2533985,NA,NA,S,3,1,7448127.589,39.95,1996,27,4,66.29
157405,Active,170421,NA,NA,S,3,1,1608216.541,55.75,2000,82,4,8.05
157406,Active,533270,NA,NA,D,6,1,34494.36875,231.95,2012,72,17.14,102.52
157407,Active,117952,NA,NA,D,9,1,484677.6588,74.4,2005,30,4.73,13.99
157408,Active,58354,NA,NA,D,4,1,299981.0338,157.95,2005,47,4.14,22.94
157409,Active,615954,NA,NA,S,3,1,2243730.025,98.95,1997,43,4,34.71
157410,Active,132485,NA,NA,D,3,1,288871.7625,127.4,2007,35,4.83,79.99
157411,Active,170461,NA,NA,D,5,1,171844.3525,46.83,2008,64,5.51,23.73
157412,Active,58355,NA,NA,D,5,1,413167.3988,253.95,2009,62,7.52,55.04
157413,Active,577074,NA,NA,S,3,1,161739.7575,48.99,2002,41,6.48,37.99
157414,Active,870071,NA,NA,S,3,1,750299.4,134.76,2002,38,10.01,49.99
157415,Active,169178,NA,NA,D,3,1,1375782.17,108.95,2006,55,4,11.96
157416,Active,614819,NA,NA,S,2,1,3869013.36,67.95,1998,26,3,71.47
157417,Active,170055,NA,NA,D,4,1,137622.9913,186.95,2010,46,13.94,92.87
157418,Active,291011,NA,NA,D,1,0,517515.615,56.8,2007,88,4,6.59
157419,Active,170478,NA,NA,D,2,1,33254.6825,18.09,2011,68,7.03,23.91
157420,Active,132021,NA,NA,D,2,1,2445300.631,97.4,2005,39,4,11.99
157421,Active,50521,NA,NA,D,7,1,46022.39375,226.95,2009,66,11.85,48.99
157422,Active,609833,NA,NA,D,8,1,54912.65875,205.95,2012,58,46.17,0
157423,Active,50520,NA,NA,D,6,1,113234.9725,249.95,2006,91,4,71.34
157424,Active,50522,NA,NA,S,5,1,604759.8375,96.95,2003,65,3.99,7.99
157425,Active,1779618,NA,NA,S,1,0,38362.1,60,2014,21,28.17,28.18
157426,Active,532762,NA,NA,S,2,1,703819.1025,50,2009,31,23.08,34.98
157427,Active,161864,NA,NA,D,14,1,21047.7275,125,2008,44,44.25,60.68
157428,Active,696873,NA,NA,D,2,1,2844361.613,54.95,1998,32,4,43.09
157429,Active,549565,NA,NA,D,3,1,1048310.984,62.95,2003,25,6.35,19.94
157430,Active,290287,NA,NA,S,2,1,1551456.444,85,1995,47,4,32.99
157431,Active,530201,NA,NA,S,5,1,13296.24,105,2011,49,53.96,63.02
157432,Active,166968,NA,NA,D,4,1,249839.0525,95,2006,44,13.24,69.87
157433,Active,635474,NA,NA,D,0,0,570583.28,133.25,1988,39,6.35,62.39
157434,Active,113292,NA,NA,D,1,0,1555172.85,143,2006,30,48.21,90.99
157435,Active,758634,NA,NA,D,1,0,1591926.246,125,1998,29,7.03,47.55
157436,Active,609376,NA,NA,S,3,1,2729075.076,212.95,1995,72,4,20.3
157437,Active,51773,NA,NA,D,4,1,421229.0275,342.95,2000,112,4.36,18.9
157438,Active,249834,NA,NA,D,1,0,460891.6525,151.95,2007,48,24.35,121.65
157439,Active,120299,NA,NA,S,8,1,48202.05625,208,2008,55,22.69,68.94
157440,Active,535862,NA,NA,S,4,1,81762.24125,80,2012,60,36.67,46.96
157441,Active,608326,NA,NA,S,9,1,167206.9175,99,2000,40,14.54,51.03
157442,Active,161835,NA,NA,D,11,1,79411.075,120,2008,62,50.74,65.33
157443,Active,2558979,NA,NA,S,8,1,250362.58,85,1994,35,6.07,104.76
157444,Active,164490,NA,NA,D,1,0,399325.3663,175,2003,26,53.89,124.83
157445,Active,56258,NA,NA,S,3,1,944022.7813,34.95,1996,77,4,9.97
157446,Active,56257,NA,NA,S,4,1,119518.625,45,2002,156,4,17.23
157447,Active,104090,NA,NA,S,2,1,465626.4113,59.25,2001,32,10.99,38.99
157448,Active,165272,NA,NA,D,2,1,2080268.526,75,2001,38,4,8.99
157449,Active,2345469,NA,NA,D,1,0,1051685.706,44.95,1992,44,5.08,23.92
157450,Active,649875,NA,NA,S,2,1,423191.9125,44.95,2012,20,19.84,30.25
157451,Active,629537,NA,NA,S,0,0,279342.9463,54.95,1985,35,4,53.94
157452,Active,164998,NA,NA,D,1,0,205454.9388,70,2001,33,4.61,46.52
157453,Active,870930,NA,NA,S,0,0,617045.4213,85,1986,34,5.94,28.74
157454,Active,421144,NA,NA,S,1,0,57003.175,192.2,2008,35,34.23,127.59
157455,Active,286515,NA,NA,S,0,0,46735,159.4,2001,23,53.99,184.75
157456,Active,919022,NA,NA,D,1,0,1741883.684,53.95,2006,31,4,8.27
157457,Active,300095,NA,NA,D,0,0,909262.07,72,2004,100,4,13.46
157458,Active,266977,NA,NA,D,10,1,364146.895,96,2008,68,7.17,20.01
157459,Active,873608,NA,NA,S,0,0,1630114.931,57,1999,62,4.3,15.89
157460,Active,117513,NA,NA,S,2,1,43363.4125,220.8,2003,54,31.89,123.98
157461,Active,266978,NA,NA,D,10,1,537076.2588,26.64,2008,28,5.22,20.18
157462,Active,867391,NA,NA,S,4,1,5453.7725,55,2014,62,30.05,35.93
157463,Active,533979,NA,NA,D,3,1,49116.17625,55,2007,115,10.98,41.38
157464,Active,173403,NA,NA,D,1,0,3586205.745,134.99,2002,18,66.6,66.6
157465,Active,166808,NA,NA,D,4,1,220699.065,53.68,2009,74,4.28,41.53
157466,Active,675316,NA,NA,S,0,0,399178.0825,22,2005,28,5.72,0
157467,Active,2747397,NA,NA,S,6,1,548639.49,18.95,2004,27,18.99,78.89
157468,Active,545579,NA,NA,S,2,1,55834.3375,44.99,2011,50,12.31,0
157469,Active,267164,NA,NA,D,0,0,543997.9788,280,2007,29,85.99,238.14
157470,Active,913572,NA,NA,D,0,0,2489728.204,30.55,1994,30,4,17.56
157471,Active,157472,NA,NA,S,3,1,421040.3813,49.95,2007,43,23.99,43.33
157472,Active,2619015,NA,NA,D,1,0,1447502.478,36.95,1995,17,4,19.14
157473,Active,569692,NA,NA,S,2,1,570289.9875,152.95,2000,38,18.06,63.1
157474,Active,1946589,NA,NA,D,1,0,161008.225,42.5,2014,20,19.52,40.75
157475,Active,158289,NA,NA,D,1,0,738000.0813,56.95,2009,43,6.86,47.99
157476,Active,861894,NA,NA,S,2,1,180654.445,69.95,2014,48,27.08,38.99
157477,Active,617412,NA,NA,S,1,0,115516.4725,112,2006,44,4,55.27
157478,Active,110224,NA,NA,D,1,0,703277.6338,12.99,2010,76,4,6.71
157479,Active,532756,NA,NA,S,2,1,65114.025,139,2012,62,33.5,57.69
157480,Active,132558,NA,NA,D,7,1,217055.0575,136.2,2008,31,8.95,103.99
157481,Active,60091,NA,NA,D,6,1,701901.585,95,2004,57,4,33.41
157482,Active,169381,NA,NA,D,12,1,175734.5263,255.95,2008,34,22.89,58.99
157483,Active,60092,NA,NA,D,11,1,244600.1488,245.95,2004,42,4.93,16.65
157484,Active,608566,NA,NA,D,10,1,177561.3438,86.95,1999,46,4.19,30.89
157485,Active,2367828,NA,NA,D,2,1,683229.14,47.88,1990,34,4,51.87
157486,Active,602664,NA,NA,D,4,1,87553.9825,87.5,2011,47,11.64,56.33
157487,Active,597965,NA,NA,D,2,1,119709.5,42.95,2004,65,10.09,50.13
157488,Active,131745,NA,NA,S,2,1,359043.04,47.2,2003,43,4.47,33.13
157489,Active,3627841,NA,NA,S,2,1,2715589.55,60,2014,26,28.99,62.21
157490,Active,2531370,NA,NA,D,2,1,1653771.603,150,1995,20,12.98,35.64
157491,Active,2543367,NA,NA,S,6,1,220376.2263,42.95,2004,20,32.17,37.8
157492,Active,900709,NA,NA,S,1,0,1006566.589,44.99,2007,21,29.95,33.98
157493,Active,569897,NA,NA,S,4,1,213568.195,290.95,1995,22,7.98,95.78
157494,Active,909934,NA,NA,S,2,1,162993.2175,45,2013,34,22.77,40.29
157495,Active,256109,NA,NA,D,0,0,210321.0075,37.95,2002,40,5.12,40.07
157496,Active,130027,NA,NA,S,2,1,363798.8988,73.99,2000,39,4,0
157497,Active,2067914,NA,NA,S,2,1,246678.2638,49.95,2011,30,22.47,28.28
157498,Active,529803,NA,NA,D,4,1,333847.1125,70,2012,24,12.98,69.34
157499,Active,190824,NA,NA,S,4,1,118884.18,63.95,2011,26,45.11,44.84
157500,Active,608199,NA,NA,S,2,1,670078.7125,44.95,1999,35,6.39,36.31
157501,Active,3815734,NA,NA,S,1,0,60685.25,65,2016,12,54.7,52.04
157502,Active,1622843,NA,NA,S,1,0,13922.55,40,2010,49,16.83,19.08
157503,Active,616772,NA,NA,S,1,0,423312.9725,148.95,2003,35,20.49,0
157504,Active,1447650,NA,NA,S,5,1,532902.05,56.2,2007,9,8.99,56.19
157505,Active,115119,NA,NA,S,3,1,1190296.671,105.33,2000,54,4,13.3
157506,Active,54455,NA,NA,S,6,1,6239.53625,237.8,2011,127,22.79,54.13
157507,Active,116011,NA,NA,D,4,1,596913.9013,128.33,2004,83,4,4
157508,Active,54454,NA,NA,D,5,1,215077.74,176,2007,221,4,13.59
157509,Active,197444,NA,NA,S,0,0,42684.28375,50,2008,53,16.04,32.44
157510,Active,285869,NA,NA,S,0,0,1201047.934,52.67,1999,50,4,19.19
157511,Active,118072,NA,NA,D,3,1,191605.0213,128.6,2006,109,4,55.83
157512,Active,1455077,NA,NA,S,6,1,327945.7175,126,2015,22,51.99,88.99
157513,Active,120699,NA,NA,D,4,1,73737.05,157.8,2009,89,9.99,61.86
157514,Active,874697,NA,NA,D,3,1,1509827.235,98.83,2007,40,8.69,95.85
157515,Active,56429,NA,NA,D,2,1,314796.0038,97.3,2001,31,5.55,43.98
157516,Active,56430,NA,NA,D,3,1,278625.1575,48.98,2006,34,12.32,48.98
157517,Active,108837,NA,NA,D,3,1,1078350.409,123.97,2006,17,5.97,97.65
157518,Active,56421,NA,NA,D,2,1,268043.7063,23.92,2001,68,4,23.92
157519,Active,876807,NA,NA,S,2,1,879350.1763,14.99,2001,28,4.83,14.85
157520,Active,56422,NA,NA,D,3,1,226073.615,53.98,2006,64,5.97,49.87
157521,Active,190418,NA,NA,D,1,0,1797541.621,75.65,1999,46,4,21.34
157522,Active,56424,NA,NA,D,3,1,384602.6275,28.46,2006,39,10.71,50.75
157523,Active,107590,NA,NA,D,2,1,303680.95,66.56,2002,56,4,18.91
157524,Active,167325,NA,NA,S,2,1,262651.6438,96,2006,36,48.94,70.45
157525,Active,245167,NA,NA,D,5,1,1796323.804,117.95,2005,39,4,13.99
157526,Active,290985,NA,NA,D,7,1,96047.67125,187.95,2011,50,17.89,55.98
157527,Active,252047,NA,NA,D,6,1,254085.3263,198.95,2008,71,5.97,49.96
157528,Active,294032,NA,NA,S,4,1,1050809.081,91.95,2001,60,4,31.98
157529,Active,532752,NA,NA,S,2,1,118394.1638,72.95,2008,41,21.95,30.05
157530,Active,52920,NA,NA,D,6,1,129139.1688,161.8,2011,69,4,28.99
157531,Active,52918,NA,NA,D,4,1,1981241.883,113.33,2005,82,4,10.47
157532,Active,52919,NA,NA,D,5,1,517698.5538,136,2008,64,4,15.99
157533,Active,647036,NA,NA,S,2,1,444588.3225,59.95,2012,68,43.3,51.15
157534,Active,117370,NA,NA,D,2,1,66268.66125,146.6,2006,75,9.99,62.23
157535,Active,60093,NA,NA,D,1,0,777907.3913,81.2,2001,47,4.04,19.39
157536,Active,405189,NA,NA,D,1,0,203843.5438,67.95,2005,37,13.73,48.82
157537,Active,870489,NA,NA,S,1,0,48192.36875,9.95,2010,53,4,7.82
157538,Active,263307,NA,NA,S,0,0,650396.53,17.95,2005,43,4.35,21.38
157539,Active,107796,NA,NA,S,1,0,66372.8,251.62,2004,33,40.19,125.75
157540,Active,125537,NA,NA,S,0,0,316035.4275,76.95,1995,41,15.1,43.34
157541,Active,50741,NA,NA,D,10,1,87009.52625,86.81,2005,53,4,30.58
157542,Active,50742,NA,NA,D,11,1,31517.9,73.99,2008,77,6.95,48.99
157543,Active,60094,NA,NA,D,10,1,132848.8463,68.5,2006,53,6.96,51.63
157544,Active,50740,NA,NA,S,9,1,841362.85,58.75,2001,67,4,43.74
157545,Active,532749,NA,NA,D,4,1,141275.0988,90,2010,101,4.4,33.99
157546,Active,60095,NA,NA,D,3,1,876206.4275,76.2,2008,66,4,11.24
157547,Active,610403,NA,NA,S,5,1,17227.13125,104.2,2013,78,32.26,53.99
157548,Active,118503,NA,NA,D,3,1,1564012.103,151.2,2007,40,5.47,61.32
157549,Active,54251,NA,NA,D,3,1,331081.2988,179.6,2007,68,22.94,78.89
157550,Active,54250,NA,NA,D,2,1,797428.56,229,2004,59,6.04,65.99
157551,Active,557598,NA,NA,D,4,1,57236.28625,90,2010,106,4,46.88
157552,Active,868211,NA,NA,D,3,1,943039.8463,68,2008,17,6.79,7.04
157553,Active,621580,NA,NA,S,5,1,12965.53875,105.4,2013,66,23.17,41.3
157554,Active,613164,NA,NA,D,3,1,1463838.639,50.8,2008,78,4,8.14
157555,Active,133322,NA,NA,D,4,1,415420.5113,62.2,2010,59,4,18.47
157556,Active,630486,NA,NA,S,5,1,36455.46375,105.4,2013,71,25.99,77.99
157557,Active,133323,NA,NA,D,4,1,247195.04,90,2010,85,4,37.48
157558,Active,130353,NA,NA,S,4,1,1905618.19,134.4,2010,27,5.44,78.91
157559,Active,624647,NA,NA,S,5,1,163030.09,88.8,2013,78,10.49,18.99
157560,Active,61135,NA,NA,S,2,1,134203.1563,82,2001,85,4,13.55
157561,Active,646865,NA,NA,S,5,1,30251.3225,141.33,2013,67,33.99,43.99
157562,Active,116682,NA,NA,D,2,1,408608.7638,111.8,2004,93,4.31,16.46
157563,Active,421731,NA,NA,D,3,1,48951.1225,143.8,2007,104,6.85,51.04
157564,Active,53769,NA,NA,S,2,1,686149.645,90.15,2001,72,4.16,11.49
157565,Active,53771,NA,NA,D,3,1,71578.75875,143.8,2007,109,5.9,58.83
157566,Active,403030,NA,NA,D,2,1,909632.6563,107.4,2005,98,4,18.59
157567,Active,552017,NA,NA,S,2,1,280594.7988,78.6,2000,61,11.98,0
157568,Active,871060,NA,NA,S,3,1,760383.7025,161.5,1994,69,4.08,20.99
157569,Active,714329,NA,NA,S,2,1,1513103.618,89.4,2001,29,4.34,28.25
157570,Active,118005,NA,NA,D,3,1,161934.295,132.6,2005,60,5.86,49.82
157571,Active,617003,NA,NA,S,2,1,825204.9225,135.2,1988,54,4,29.01
157572,Active,55977,NA,NA,S,2,1,7845.47125,64.95,2002,89,20.23,36.83
157573,Active,534374,NA,NA,D,1,0,215963.595,49.95,1993,67,4.98,40.99
157574,Active,1630911,NA,NA,S,4,1,475493.135,59.95,2015,19,32.56,40.75
157575,Active,3558677,NA,NA,D,3,1,1450167.5,35,1994,32,8.72,25.99
157576,Active,143019,NA,NA,S,4,1,176301.1888,43,2006,33,26.77,43
157577,Active,738144,NA,NA,S,3,1,937709.1338,25.5,2000,17,4,13.41
157578,Active,910840,NA,NA,S,2,1,86931.32625,44.95,2012,35,22.98,26.93
157579,Active,117316,NA,NA,D,0,0,2665445.131,29.95,2005,24,4,23.99
157580,Active,288528,NA,NA,S,7,1,2015549.109,158.8,2002,43,4,15.97
157581,Active,60943,NA,NA,D,8,1,410897.8638,130,2005,50,4.94,53.23
157582,Active,161831,NA,NA,S,4,1,98760.995,70,2009,68,20.58,31.4
157583,Active,608331,NA,NA,D,2,1,2255753.484,59.95,2000,50,4,7.23
157584,Active,130274,NA,NA,S,3,1,61826.1425,79.99,1997,38,41.96,50.97
157585,Active,130275,NA,NA,S,3,1,485188.83,79.99,1997,45,21.92,38.58
157586,Active,868287,NA,NA,D,1,0,2038072.726,0,1988,11,8.97,10003.97
157587,Active,110429,NA,NA,D,3,1,90802.715,124,2011,63,4.98,46.81
157588,Active,536228,NA,NA,S,1,0,270098.0488,45,2002,114,4,11.89
157589,Active,610172,NA,NA,S,0,0,3250.82375,16,2005,169,9.36,11.29
157590,Active,548276,NA,NA,S,3,1,479179.2813,231.95,1983,61,6.49,55.62
157591,Active,871203,NA,NA,D,1,0,599505.8038,29.95,2008,18,9.99,9.94
157592,Active,224687,NA,NA,S,3,1,104019.1925,73.95,2012,49,42.53,53.87
157593,Active,698993,NA,NA,S,3,1,2684027.759,90.25,2010,14,5.11,28.99
157594,Active,550758,NA,NA,D,0,0,3233697.638,7.13,2007,29,4,7.05
157595,Active,111911,NA,NA,D,4,1,280176.2238,14.91,2011,49,10.99,80.13
157596,Active,532743,NA,NA,S,1,0,244120.4163,74.95,2012,27,34.74,48.15
157597,Active,205365,NA,NA,D,0,0,1887636.026,49.95,1999,21,4.3,61.07
157598,Active,794017,NA,NA,S,3,1,1145956.434,47.95,2004,28,21.64,35.67
157599,Active,3130552,NA,NA,S,6,1,886742.7013,34.95,2004,33,5.42,29.95
157600,Active,285557,NA,NA,S,11,1,11106.36,223.5,2011,57,13.91,119.97
157601,Active,285341,NA,NA,S,9,1,485707.1775,56.8,2007,102,3.47,3.99
157602,Active,53210,NA,NA,S,9,1,146899.5438,8.2,2005,197,3.88,13.98
157603,Active,877285,NA,NA,S,2,1,1604945.42,18.5,1994,32,4,19.99
157604,Active,553694,NA,NA,D,5,1,631841.015,74.33,1998,47,4,20.64
157605,Active,166746,NA,NA,S,2,1,193439.865,120,2006,27,15.85,0
157606,Active,60944,NA,NA,D,7,1,135949.2038,132,2007,60,5.33,27.99
157607,Active,714305,NA,NA,D,5,1,553954.8613,84.6,2001,31,4.33,23.76
157608,Active,607291,NA,NA,D,6,1,420320.0925,106.2,2004,35,5.35,28.99
157609,Active,2170160,NA,NA,S,40,1,72510.195,39.95,2014,27,27.04,30.72
157610,Active,532741,NA,NA,S,3,1,304091.9125,34.95,2011,16,14.68,17.26
157611,Active,532740,NA,NA,D,2,1,219029.73,49.99,2012,32,6.26,17.02
157612,Active,2502907,NA,NA,D,0,0,2337396.404,99,1999,23,34.62,132.31
157613,Active,624430,NA,NA,S,1,0,61415.075,79.99,2006,24,48.46,56.25
157614,Active,158193,NA,NA,S,2,1,669870.2938,82.95,2008,31,11.18,45.66
157615,Active,281682,NA,NA,D,0,0,2009128.84,99.99,1998,15,4.89,153.99
157616,Active,165528,NA,NA,D,1,0,165751.09,89.95,2005,48,16.35,48.5
157617,Active,897220,NA,NA,S,0,0,772266.9513,39.95,2015,16,26.12,25.71
157618,Active,182612,NA,NA,S,1,0,70473.7,167.95,2005,41,50.92,63.99
157619,Active,169088,NA,NA,D,1,0,336628.1225,146.95,2006,37,4.96,29.94
157620,Active,607939,NA,NA,D,8,1,1304465.663,57,2006,44,4,13.46
157621,Active,287614,NA,NA,D,9,1,959836.5488,59.2,2008,54,4,18.87
157622,Active,50050,NA,NA,D,6,1,801600.0838,16.16,2003,68,4,17.99
157623,Active,123966,NA,NA,D,1,0,508607.015,98.95,2001,65,4,13
157624,Active,152725,NA,NA,S,2,1,61139.60625,64.95,2007,49,39.45,49.99
157625,Active,537856,NA,NA,S,6,1,28161.96375,207.4,2008,87,27.84,122.64
157626,Active,115208,NA,NA,D,4,1,2027668.936,73.33,2000,59,4,27.97
157627,Active,286060,NA,NA,D,5,1,409735.4788,115.8,2004,69,4,15.04
157628,Active,800096,NA,NA,D,1,0,259944.9213,85,2004,30,9.68,61.67
157629,Active,865436,NA,NA,S,8,1,2792932.351,69.95,2006,16,4,47.25
157630,Active,614494,NA,NA,D,0,0,726523.9213,31.95,1987,57,4,27.94
157631,Active,162729,NA,NA,S,2,1,263537.005,60,2010,31,37.92,41.09
157632,Active,264071,NA,NA,D,3,1,746790.975,69.95,2008,34,17.38,36.37
157633,Active,117576,NA,NA,D,2,1,264010.8038,125.4,2003,79,4.7,63.92
157634,Active,115128,NA,NA,D,2,1,241116.6988,76.67,2000,51,4.35,34.53
157635,Active,162333,NA,NA,S,2,1,23776.71125,34.95,2008,42,19.73,23.15
157636,Active,917313,NA,NA,D,1,0,861761.0875,44.95,2004,34,4,7.98
157637,Active,649041,NA,NA,S,2,1,300565.9013,46.95,2009,39,29.51,34.32
157638,Active,863183,NA,NA,S,2,1,451578.91,45.95,2004,33,31.15,38.3
157639,Active,552623,NA,NA,S,4,1,1038161.925,112.8,2003,37,4,43.95
157640,Active,1576170,NA,NA,S,25,1,144592.7488,34.95,2008,33,17.26,28.77
157641,Active,192633,NA,NA,D,2,1,1997164.506,129,1997,17,20.88,51.48
157642,Active,60096,NA,NA,D,5,1,607027.1263,124,2003,63,4,20.99
157643,Active,58145,NA,NA,D,3,1,623518.6238,135.4,2007,84,4,13.26
157644,Active,58142,NA,NA,D,4,1,50508.6375,181.8,2011,109,7.29,49.41
157645,Active,130010,NA,NA,D,4,1,1355146.755,123.4,2001,28,4.58,23.49
157646,Active,121529,NA,NA,D,2,1,191397.6413,132,2002,76,10.15,84.77
157647,Active,613873,NA,NA,D,1,0,572516.595,81,1995,81,4,22.98
157648,Active,791439,NA,NA,D,3,1,3923756.101,90,1997,36,4,20.64
157649,Active,243499,NA,NA,D,1,0,1506397.589,134.95,2007,20,9.98,51.81
157650,Active,200525,NA,NA,S,1,0,612266.3813,168.95,2008,38,28.39,36.76
157651,Active,607631,NA,NA,S,3,1,272808.4738,162.6,1992,64,12.83,47.22
157652,Active,613134,NA,NA,D,2,1,949368.845,18.49,1984,110,4,14.99
157653,Active,902147,NA,NA,S,3,1,33923.745,39.95,2014,31,28.61,34.22
157654,Active,115265,NA,NA,S,1,0,56024.975,102.2,2001,39,28.94,53.99
157655,Active,616590,NA,NA,S,5,1,94960.31625,50,1991,62,15.73,28.69
157656,Active,52863,NA,NA,D,2,1,986707.7775,112,2004,45,4,25.94
157657,Active,52864,NA,NA,D,3,1,323537.8888,157.4,2007,74,4,7.99
157658,Active,57749,NA,NA,D,2,1,1810806.586,104.6,2004,42,5.17,29.3
157659,Active,57750,NA,NA,S,4,1,22274.06875,175.6,2011,75,42.54,126.56
157660,Active,57751,NA,NA,D,3,1,826370.9513,141,2007,63,4,16.92
157661,Active,57756,NA,NA,D,3,1,588231.13,141,2007,55,4,15.98
157662,Active,57754,NA,NA,D,2,1,2112094.106,104.6,2004,33,4.48,14.42
157663,Active,336394,NA,NA,D,1,0,1117139.018,56.95,2002,23,13.06,57.25
157664,Active,336848,NA,NA,S,2,1,494188.0875,68.95,2010,56,33.89,51.37
157665,Active,606681,NA,NA,S,3,1,502024.4725,108.75,2000,62,4.96,21.76
157666,Active,112202,NA,NA,S,4,1,73677.89,74.45,2005,95,7.83,27.54
157667,Active,292901,NA,NA,D,8,1,624747.7213,54.88,1997,25,4,14.28
157668,Active,107389,NA,NA,S,9,1,80912.25125,148.25,2002,50,20.39,73.08
157669,Active,677528,NA,NA,D,0,0,213887.5313,26,1988,38,4.17,42.39
157670,Active,539709,NA,NA,S,2,1,13417.22625,69.95,1998,94,21.99,48.93
157671,Active,175108,NA,NA,S,2,1,937564.6363,13.95,2009,25,4,0
157672,Active,274935,NA,NA,D,3,1,1361280.163,175,2007,18,9.98,73.73
157673,Active,894197,NA,NA,D,4,1,1865671.084,155,1996,18,12.03,73.37
157674,Active,664151,NA,NA,D,1,0,632993.5813,119,2013,14,98.76,0
157675,Active,249847,NA,NA,S,4,1,1278263.375,25.95,2006,29,7.7,10
157676,Active,641149,NA,NA,D,1,0,1864481.995,235,2010,21,9.33,15
157677,Active,532718,NA,NA,S,2,1,551844.0213,99,2011,26,23.34,63.58
157678,Active,178470,NA,NA,S,2,1,961808.6038,71,2001,35,4.62,114.03
157679,Active,608628,NA,NA,S,2,1,3028230.095,93.25,1993,17,4.13,67.57
157680,Active,224433,NA,NA,S,4,1,238919.9388,183.95,2003,50,4.16,38.72
157681,Active,101285,NA,NA,S,3,1,1374863.586,86.95,1999,59,4.58,14.14
157682,Active,619349,NA,NA,S,1,0,68124.965,181.25,2010,49,32.84,63.96
157683,Active,708990,NA,NA,S,1,0,836946.175,151.5,2009,54,5.29,25.95
157684,Active,619801,NA,NA,S,1,0,101535.3475,157.75,2008,110,4.65,30.9
157685,Active,708989,NA,NA,S,0,0,525675.5663,162.5,2008,87,7.22,43.47
157686,Active,708958,NA,NA,S,1,0,52557.8,161.75,2008,54,11.65,32.99
157687,Active,1439008,NA,NA,S,1,0,119853.525,151,2011,35,35.69,93.43
157688,Active,1439009,NA,NA,S,1,0,58460.625,113.75,2011,23,51.54,51.89
157689,Active,3577842,NA,NA,D,0,0,2979357.4,56.95,1994,23,4.44,8.74
157690,Active,286519,NA,NA,S,3,1,790650.125,90.8,2000,45,5.92,47.89
157691,Active,247488,NA,NA,S,2,1,440256.1,80,2005,25,12.65,0
157692,Active,134927,NA,NA,D,0,0,869262.0488,58,2009,34,4.3,55.53
157693,Active,615902,NA,NA,S,2,1,593436.7525,167.2,2000,38,10.09,84.29
157694,Active,714378,NA,NA,D,4,1,1366681.63,66.4,2001,36,4,33.81
157695,Active,118059,NA,NA,D,5,1,527504.87,87.6,2006,29,4.44,67.91
157696,Active,286962,NA,NA,S,1,0,643149.0125,62.95,1998,45,4,13.31
157697,Active,287571,NA,NA,S,2,1,736445.925,66.2,2007,67,5.85,18.99
157698,Active,291538,NA,NA,S,3,1,512499.1113,348.95,2004,36,4,28.98
157699,Active,276339,NA,NA,S,0,0,311243.2788,24.95,2002,55,4,27.15
157700,Active,118439,NA,NA,D,3,1,715277.59,48.4,2007,33,4,35.04
157701,Active,137553,NA,NA,S,4,1,180909.3938,65,2011,23,33.99,0
157702,Active,628160,NA,NA,S,11,1,3540.97125,77,2014,66,33.06,52.69
157703,Active,646516,NA,NA,S,3,1,352006.4613,41.95,2008,23,20.49,33.15
157704,Active,130608,NA,NA,D,10,1,48601.12,56.2,2011,45,11.84,53.96
157705,Active,54341,NA,NA,D,9,1,246679.5738,44.33,2009,82,4,13.99
157706,Active,263792,NA,NA,S,7,1,92502.9525,35,2008,96,5.53,19.38
157707,Active,532713,NA,NA,S,2,1,609755.9313,39.99,2000,101,4,4.26
157708,Active,910638,NA,NA,D,0,0,4066660.984,135,1998,24,4,10.06
157709,Active,607199,NA,NA,D,4,1,2406651.495,39.6,1999,35,4,8.34
157710,Active,57737,NA,NA,D,6,1,1589998.311,70,2007,46,4,35.89
157711,Active,607165,NA,NA,D,5,1,2295834.125,61.4,2002,35,4,10.74
157712,Active,57739,NA,NA,D,5,1,1933282.068,61.4,2003,44,4,27.96
157713,Active,57740,NA,NA,D,6,1,284785.6025,70,2007,38,4,35.58
157714,Active,293192,NA,NA,D,0,0,358673.9288,32.95,2004,29,4,20.28
157715,Active,193599,NA,NA,D,2,1,761644.2713,36.95,2009,73,4,8.96
157716,Active,614459,NA,NA,D,1,0,1614721.885,67,2000,60,4,8.49
157717,Active,858286,NA,NA,S,2,1,460483.4038,65,2014,15,32.19,33.99
157718,Active,2339363,NA,NA,S,2,1,630968.8075,30.55,1992,38,4,5.68
157719,Active,532711,NA,NA,S,4,1,398999.6788,83.56,2005,45,29.57,67.45
157720,Active,2169565,NA,NA,D,0,0,914331.1663,315.95,2014,26,16.19,236.66
157721,Active,897896,NA,NA,D,1,0,3038155.186,89.95,1991,18,4.23,37.74
157722,Active,2654011,NA,NA,D,2,1,645757.895,66,1992,26,5.45,49.49
157723,Active,2729599,NA,NA,S,2,1,628916.68,191.95,1996,25,30.6,95.56
157724,Active,286437,NA,NA,D,6,1,88737.52875,192.8,2010,40,23.46,92.82
157725,Active,121075,NA,NA,S,3,1,2134578.535,80,1998,54,4,13.99
157726,Active,118810,NA,NA,D,5,1,255864.77,133,2006,49,4.9,33.99
157727,Active,115272,NA,NA,D,4,1,933290.5388,97,2002,67,4,15.94
157728,Active,162874,NA,NA,S,3,1,161881.86,65,2009,40,20.93,37.83
157729,Active,279435,NA,NA,S,4,1,47857.30125,29.95,2009,28,19.58,19.98
157730,Active,166960,NA,NA,S,3,1,354047.8475,129.5,2005,47,6.47,0
157731,Active,131964,NA,NA,D,3,1,456858.3338,128,2005,63,4,31.27
157732,Active,919482,NA,NA,D,4,1,331100.1488,161.8,2009,37,16.4,58.65
157733,Active,131479,NA,NA,S,3,1,855193.1263,65.4,2001,43,4,8.99
157734,Active,121209,NA,NA,D,5,1,117321.2925,113.2,2010,52,6.46,86.99
157735,Active,132232,NA,NA,D,4,1,746326.935,78.67,2006,53,4,10.99
157736,Active,247552,NA,NA,D,3,1,465806.095,67,2005,49,4,5.99
157737,Active,3959902,NA,NA,D,0,0,381602.55,46.95,1994,24,6.26,33.49
157738,Active,222211,NA,NA,S,2,1,385734.9525,65,2007,27,40.21,66.52
157739,Active,115551,NA,NA,S,3,1,26325.73375,202.8,2003,76,4.74,26.99
157740,Active,532698,NA,NA,D,7,1,17592.56125,159.6,2011,59,13.99,185.64
157741,Active,54652,NA,NA,D,6,1,114465.4588,124.33,2008,69,4,39.65
157742,Active,54653,NA,NA,D,5,1,1070574.346,102,2005,60,4,8.49
157743,Active,912109,NA,NA,D,1,0,1540730.085,65,1996,28,4,11.02
157744,Active,268339,NA,NA,S,2,1,732177.1475,92,2004,24,35.73,72.49
157745,Active,664208,NA,NA,S,2,1,266349.6375,59.95,2013,25,38.36,44.98
157746,Active,635215,NA,NA,S,2,1,14418.815,45,2008,21,28.98,39.9
157747,Active,275305,NA,NA,D,1,0,763169.57,40,2004,33,11.14,18.94
157748,Active,532707,NA,NA,S,2,1,78780.65625,46,2009,72,14,28.08
157749,Active,60098,NA,NA,D,6,1,1068291.999,109.67,2004,70,4,8.49
157750,Active,713909,NA,NA,D,5,1,2890381.03,90,2000,38,4,8.99
157751,Active,607345,NA,NA,D,3,1,725783.1288,78.67,2006,41,4,30.39
157752,Active,121139,NA,NA,D,4,1,459071.0338,103,2010,43,9.23,49.62
157753,Active,861896,NA,NA,S,4,1,936961.0713,49.99,2012,18,13.28,42.54
157754,Active,132209,NA,NA,D,1,0,544539.8263,75,2006,43,5.89,38.76
157755,Active,192675,NA,NA,D,1,0,1182998.336,42.95,1999,28,4.88,18.99
157756,Active,2622962,NA,NA,D,2,1,5969969.521,100.6,2003,15,4,100.6
157757,Active,118428,NA,NA,S,1,0,49785.35,118.8,2007,53,13.47,23.51
157758,Active,131560,NA,NA,D,3,1,2371425.595,133.27,2002,32,3.94,14.64
157759,Active,132341,NA,NA,D,4,1,556685.7063,161.8,2008,37,4.88,38.99
157760,Active,532701,NA,NA,S,2,1,58127.9575,82.95,2010,153,36.17,70
157761,Active,296920,NA,NA,S,1,0,1793786.21,83.8,2000,46,4,16.49
157762,Active,261363,NA,NA,S,2,1,372013.17,80,2002,24,41.36,0
157763,Active,2893379,NA,NA,D,0,0,5005055.781,50,1991,25,4,23.99
157764,Active,659137,NA,NA,D,1,0,3578667.675,240.95,2009,19,23.06,112.68
157765,Active,659138,NA,NA,S,1,0,802285.2688,92.95,2009,22,32.39,47.11
157766,Active,51451,NA,NA,D,10,1,385766.9963,173.95,2006,89,13.1,28.94
157767,Active,532693,NA,NA,S,2,1,518372.8613,34.99,2009,35,7.94,22.96
157768,Active,205633,NA,NA,D,1,0,1019887.101,52,1999,48,4,7.98
157769,Active,888865,NA,NA,D,2,1,666590.3638,71.43,2012,13,59.99,52.8
157770,Active,868357,NA,NA,D,1,0,638070.7025,224.95,2006,49,8.28,53.92
157771,Active,635707,NA,NA,S,2,1,398244.2288,61,2012,31,34.08,57.62
157772,Active,655591,NA,NA,S,3,1,725244.2763,45.6,2010,25,27.65,225.89
157773,Active,56522,NA,NA,D,1,0,974464.225,34,2003,73,4,13.99
157774,Active,299051,NA,NA,S,4,1,351767.5313,69.95,2007,83,4.39,38.99
157775,Active,255631,NA,NA,S,3,1,1903579.649,73.46,1997,39,4,6.89
157776,Active,116389,NA,NA,S,4,1,1577988.779,42.67,2004,42,4,11.24
157777,Active,875681,NA,NA,D,5,1,1114268.74,38.17,2007,46,5.59,25.04
157778,Active,286242,NA,NA,D,5,1,705539.3,80.2,2007,60,4,17.33
157779,Active,119013,NA,NA,D,6,1,43207.83875,113.2,2011,65,6.92,58.53
157780,Active,132616,NA,NA,D,3,1,400535.5025,137.2,2008,57,4,35.99
157781,Active,60099,NA,NA,D,2,1,1574220.335,102,2005,53,4,9.95
157782,Active,57582,NA,NA,D,2,1,1065968.719,181.95,1998,23,4.33,51.99
157783,Active,57580,NA,NA,D,3,1,190940.9638,257.95,2004,33,12.47,58.25
157784,Active,51450,NA,NA,D,9,1,838378.5938,21.97,2003,56,4,19.42
157785,Active,264245,NA,NA,S,3,1,1503823.969,39.95,2004,39,4,13.41
157786,Active,659467,NA,NA,D,0,0,1948833.068,180,1997,25,4.11,42.32
157787,Active,639025,NA,NA,S,2,1,614193.5038,48,2007,35,7.28,42.85
157788,Active,2555202,NA,NA,D,0,0,289647.1113,68,1981,63,17.49,25
157789,Active,270906,NA,NA,S,4,1,137173.8763,65,2009,52,14.34,39.98
157790,Active,874843,NA,NA,D,1,0,362407.3175,45,2004,75,4,12.99
157791,Active,58141,NA,NA,D,3,1,364559.785,120,2006,52,4,19.4
157792,Active,58140,NA,NA,D,4,1,59769.7275,158.6,2010,67,10.49,20.57
157793,Active,58139,NA,NA,S,2,1,1217933.069,84.6,2002,41,4,13.5
157794,Active,240894,NA,NA,D,4,1,544468.4838,70,2001,123,4.27,13.28
157795,Active,269564,NA,NA,D,1,0,574313.5975,97.95,2008,31,9.82,44.98
157796,Active,132006,NA,NA,D,7,1,1134848.086,118.67,2005,39,4,10.49
157797,Active,119281,NA,NA,S,10,1,38817.25625,97.6,2012,104,40.47,71.36
157798,Active,132584,NA,NA,D,9,1,168618.4838,74.6,2008,34,20.78,29.49
157799,Active,132040,NA,NA,D,8,1,1187435.539,58.2,2005,50,4,11.99
157800,Active,607182,NA,NA,S,5,1,1549377.419,90,2003,49,4,9.99
157801,Active,121365,NA,NA,D,7,1,17976.1475,175.2,2009,63,7.01,93.99
157802,Active,613780,NA,NA,S,3,1,1431344.356,67,1995,51,4,13.97
157803,Active,60100,NA,NA,D,6,1,639701.365,117.33,2006,60,5.53,26.84
157804,Active,105636,NA,NA,S,3,1,947605.2713,55,2000,56,4,11.33
157805,Active,247881,NA,NA,D,2,1,922913.115,66.95,2007,49,4.06,45.83
157806,Active,248186,NA,NA,D,3,1,84720.29875,80,2011,65,9.88,33.99
157807,Active,2067097,NA,NA,D,2,1,1932948.894,99.95,2009,16,53.73,62.68
157808,Active,3553149,NA,NA,D,0,0,772273.95,75,2001,25,8.28,39.83
157809,Active,621444,NA,NA,S,0,0,111665.6588,125,2005,94,43.88,52.48
157810,Active,192652,NA,NA,S,3,1,3193820.578,99,1996,22,4.95,9.98
157811,Active,532689,NA,NA,D,5,1,210040.5763,230.95,2006,49,4.23,53.15
157812,Active,649299,NA,NA,D,1,0,338432.74,72.45,2002,24,4.98,86.23
157813,Active,616051,NA,NA,S,2,1,637730.9813,71.95,2004,50,8.05,25.98
157814,Active,865227,NA,NA,S,3,1,236731.82,41.33,2014,16,38.87,37.3
157815,Active,121239,NA,NA,S,2,1,107362.4425,56.4,2010,37,7.97,43.38
157816,Active,421474,NA,NA,D,2,1,42025.8775,68.6,2011,105,10.98,43.98
157817,Active,116116,NA,NA,D,1,0,1072870.145,56,2007,42,4,16.94
157818,Active,161179,NA,NA,S,0,0,253022.0513,19.99,2011,233,4,5.93
157819,Active,1615850,NA,NA,D,3,1,983693.85,54.99,2011,30,5.86,43.99
157820,Active,660857,NA,NA,S,4,1,241874.6013,54.99,2013,69,20.17,35.45
157821,Active,2700930,NA,NA,S,0,0,81345.15625,12.99,2004,32,7.18,8.54
157822,Active,534185,NA,NA,D,1,0,259595.7788,77.95,2010,50,4,28.98
157823,Active,637599,NA,NA,S,2,1,28538.7475,89.95,2013,51,28.98,49.94
157824,Active,647050,NA,NA,S,7,1,364733.355,119.87,2012,41,15.24,41.3
157825,Active,538427,NA,NA,D,4,1,759909.965,126.25,2006,40,6.58,32.74
157826,Active,536557,NA,NA,D,7,1,13123.08875,176.2,2012,101,23.17,94.25
157827,Active,764244,NA,NA,S,6,1,307029.6425,59.95,2001,33,4.57,49.41
157828,Active,51598,NA,NA,D,5,1,211360.525,129.8,2006,75,4.68,37.71
157829,Active,162448,NA,NA,S,7,1,348522.4863,19.95,2009,85,4.18,8.99
157830,Active,146136,NA,NA,D,6,1,60531.99625,144.93,2009,108,6.07,32.99
157831,Active,101389,NA,NA,S,6,1,1606611.866,97.95,2001,32,4.01,47.4
157832,Active,177124,NA,NA,S,6,1,1234801.94,190.95,2002,24,6.23,70
157833,Active,606963,NA,NA,D,5,1,546954.5763,138.5,2007,23,5.47,31.98
157834,Active,619452,NA,NA,S,3,1,1540730.156,22.95,2002,38,4.58,37.99
157835,Active,175388,NA,NA,S,9,1,441365.8825,100,2002,82,4,39.91
157836,Active,51596,NA,NA,S,4,1,836578.4,104,2003,60,4,29.13
157837,Active,109225,NA,NA,D,4,1,1542100.219,4.97,2005,28,4.66,41.49
157838,Active,117938,NA,NA,D,5,1,586518.4338,125.9,2004,42,5.93,10.64
157839,Active,116617,NA,NA,D,5,1,783716.0938,118.2,2005,89,4,15.57
157840,Active,116020,NA,NA,S,5,1,2241944.331,70,2004,38,4,13.98
157841,Active,288722,NA,NA,D,7,1,542265.0963,110.27,2010,24,6.43,53.59
157842,Active,120947,NA,NA,D,6,1,561365.9238,89.4,2007,68,4,10.58
157843,Active,146486,NA,NA,D,7,1,153729.6375,103.6,2010,78,6.81,50.84
157844,Active,120948,NA,NA,D,6,1,583678.0225,89.4,2007,43,4,7.39
157845,Active,146488,NA,NA,S,7,1,909981.44,105.2,2010,21,25.14,602.99
157846,Active,146487,NA,NA,D,7,1,204851.6313,103.6,2010,51,4.63,46.56
157847,Active,116021,NA,NA,D,5,1,1626270.916,70,2004,32,4.18,8.99
157848,Active,542157,NA,NA,S,2,1,151474.7013,69.99,1999,73,4.26,13.99
157849,Active,3512712,NA,NA,D,3,1,2985611.95,99,2000,35,6.39,43.98
157850,Active,541198,NA,NA,S,4,1,1088895.6,99,2006,31,18.79,66
157851,Active,2175495,NA,NA,S,2,1,537788.05,39.99,2014,19,32.15,29.13
157852,Active,1781255,NA,NA,S,0,0,45386.0675,29.99,2015,25,13.73,17.61
157853,Active,2084049,NA,NA,S,0,0,51401.525,77.99,2013,16,45.13,44.86
157854,Active,861897,NA,NA,S,6,1,209978.2313,44.95,2014,23,23.78,29.71
157855,Active,608780,NA,NA,S,3,1,2235384.181,51.95,2005,34,4,19.61
157856,Active,170145,NA,NA,S,5,1,623351.5538,45.95,2011,59,4,16.99
157857,Active,183751,NA,NA,S,4,1,978735.1088,48.95,2008,56,4,9.93
157858,Active,893200,NA,NA,S,0,0,304822.5625,45,2010,23,16.59,25.7
157859,Active,802401,NA,NA,S,2,1,1342065.329,48.95,2006,22,8.44,43.46
157860,Active,536308,NA,NA,S,2,1,629338.355,75.95,2003,48,12.79,50.5
157861,Active,2529346,NA,NA,D,0,0,3649006.51,54.95,1994,15,4.65,69.56
157862,Active,231859,NA,NA,S,2,1,72377.83875,61,2004,46,25.39,51.43
157863,Active,231847,NA,NA,D,1,0,1033293.129,49,1998,24,5.67,15.18
157864,Active,231873,NA,NA,S,2,1,204951.01,61,2010,37,45.25,51.91
157865,Active,2647768,NA,NA,D,1,0,1321104.286,33.95,1996,28,4.98,44.31
157866,Active,2405225,NA,NA,D,0,0,637490.895,24.95,1990,42,4,19.98
157867,Active,3480018,NA,NA,S,3,1,349073.05,29.95,2015,9,32.32,28.99
157868,Active,126356,NA,NA,S,2,1,410110.2863,44.95,2003,37,11.98,66.59
157869,Active,126355,NA,NA,S,2,1,417718.2163,19.95,2003,33,11.78,96.76
157870,Active,2681237,NA,NA,D,1,0,4704669.956,49,1989,30,4,40.03
157871,Active,650881,NA,NA,D,0,0,737272.6063,125,1994,18,25.98,105.73
157872,Active,920323,NA,NA,D,0,0,533954.8863,32,2005,38,4,39.97
157873,Active,622774,NA,NA,D,2,1,375493.1825,50,2005,57,5.04,25.99
157874,Active,623827,NA,NA,S,3,1,81605.445,65,2012,69,19.35,29.62
157875,Active,631260,NA,NA,D,3,1,2150135.094,104.95,1999,30,4,39.16
157876,Active,778100,NA,NA,D,4,1,694696.1525,195.95,2005,32,4,28.87
157877,Active,609654,NA,NA,D,3,1,1127271.56,48.95,2006,21,4.39,25.35
157878,Active,204043,NA,NA,S,1,0,38191.85,63.99,2009,31,38.94,45.88
157879,Active,255798,NA,NA,D,4,1,721816.3275,56.95,2009,36,7.73,50.47
157880,Active,612742,NA,NA,S,5,1,31722.46,65.95,2013,99,41.03,54.61
157881,Active,532681,NA,NA,S,2,1,163994.6975,62.95,2009,55,20.17,52.47
157882,Active,663814,NA,NA,S,16,1,103979.625,150,2013,32,8.96,0
157883,Active,2244622,NA,NA,S,8,1,43011.825,68.99,2010,39,38.49,64.99
157884,Active,191818,NA,NA,S,6,1,1663034.446,112.75,1997,54,4.37,16.99
157885,Active,533272,NA,NA,S,9,1,383130.4713,0,2009,31,28.99,0
157886,Active,123906,NA,NA,D,14,1,238653.6025,230.95,2002,92,4.25,13.98
157887,Active,272100,NA,NA,D,15,1,292163.5075,196.95,2009,45,21.67,111.22
157888,Active,2396821,NA,NA,S,11,1,3688527.194,79.95,1993,34,3.5,18.99
157889,Active,532680,NA,NA,S,2,1,1391144.898,69.99,2006,23,14.92,39.81
157890,Active,616424,NA,NA,D,5,1,355897.32,20.04,1993,45,4,70.88
157891,Active,860279,NA,NA,S,2,1,1137502.53,138.99,2011,27,13.41,14.37
157892,Active,300445,NA,NA,D,1,0,74830.12625,79.99,2008,60,15.74,62.95
157893,Active,534535,NA,NA,D,2,1,9137.74375,79.99,2012,51,32.49,60.93
157894,Active,112790,NA,NA,D,2,1,2229543.784,220,2005,12,43.51,36.99
157895,Active,645835,NA,NA,D,1,0,690085.3125,85,2000,30,45.29,91.97
157896,Active,2679786,NA,NA,D,0,0,3767350.276,235,1994,16,4.98,45.71
157897,Active,3513979,NA,NA,D,2,1,1602570.95,205,1993,25,6.46,114.13
157898,Active,804314,NA,NA,D,2,1,1443730.524,138,2007,19,10.57,42.33
157899,Active,629644,NA,NA,D,1,0,1535392.44,109,2002,25,4.13,45.53
157900,Active,646762,NA,NA,S,4,1,1253070.425,58.95,1994,24,4,49.63
157901,Active,117044,NA,NA,S,7,1,634106.5325,118,2007,49,11.82,48.98
157902,Active,648843,NA,NA,S,2,1,1171138.309,219.99,2009,23,15.32,73.97
157903,Active,532672,NA,NA,S,2,1,1027704.33,50,2008,28,5.57,54.17
157904,Active,532671,NA,NA,S,2,1,187715.8113,145,2010,43,43.99,86.04
157905,Active,648376,NA,NA,D,2,1,811117.7325,79.95,2005,23,8.82,118.05
157906,Active,3112811,NA,NA,D,1,0,6046195.294,378,2005,8,153.73,157.65
157907,Active,774541,NA,NA,D,1,0,1905607.309,225,2000,21,4.68,54.37
157908,Active,56222,NA,NA,S,2,1,128375.0963,64.95,1997,84,6.96,48.99
157909,Active,56221,NA,NA,S,0,0,411265.9525,64.95,1989,73,7.97,58.31
157910,Active,56223,NA,NA,D,4,1,25742.2325,79.95,2006,69,25.98,92.4
157911,Active,2401693,NA,NA,S,1,0,434360.4838,99,1951,38,14.88,53.98
157912,Active,789413,NA,NA,D,1,0,1157434.105,129,2005,22,45,108.27
157913,Active,1876849,NA,NA,S,0,0,74163.25,40,2014,26,18.43,24.34
157914,Active,362165,NA,NA,D,1,0,2241570.929,195,1998,21,6.61,63.85
157915,Active,2678762,NA,NA,D,0,0,3753936.184,225,1992,23,9.67,58.37
157916,Active,3147594,NA,NA,D,0,0,5013278.29,369,2004,13,36.57,133.44
157917,Active,837162,NA,NA,S,6,1,1043437.284,279,1996,20,22.82,144.15
157918,Active,905389,NA,NA,D,1,0,2660935.231,99,2003,22,5.87,40.5
157919,Active,261710,NA,NA,D,2,1,1887385.833,99,2005,14,5.44,53.79
157920,Active,789571,NA,NA,D,1,0,1072561.171,141,2008,53,27.19,91.31
157921,Active,628666,NA,NA,D,2,1,481999.735,163.99,2011,51,18.88,71.47
157922,Active,2551285,NA,NA,D,2,1,2189220.134,143,2003,12,7.27,525.39
157923,Active,701609,NA,NA,S,1,0,664342.9075,198,2011,25,5.26,38.99
157924,Active,538225,NA,NA,S,2,1,567672.3525,234,2012,36,40.05,42.17
157925,Active,608023,NA,NA,D,5,1,238226.3263,184.95,2007,32,38.99,88.98
157926,Active,147017,NA,NA,D,4,1,1169304.87,145,2002,44,4.95,34.98
157927,Active,192575,NA,NA,D,2,1,1698215.529,299,2006,26,13.26,74.16
157928,Active,634401,NA,NA,S,3,1,249736.965,159,1997,30,5.88,73.47
157929,Active,909460,NA,NA,S,2,1,2505899.429,139,1988,25,6.6,60.13
157930,Active,224477,NA,NA,S,2,1,1029536.12,138,1997,25,11,107.87
157931,Active,204129,NA,NA,D,4,1,1239869.271,132.99,2007,14,37.87,57
157932,Active,2664411,NA,NA,D,6,1,3660936.09,44.95,1998,24,4.34,46.5
157933,Active,663026,NA,NA,S,7,1,1200392.26,81.95,2004,22,21.38,56.62
157934,Active,774783,NA,NA,D,2,1,3178452.316,152,1999,30,4.42,27.98
157935,Active,908090,NA,NA,S,4,1,1774735.191,139,2005,22,19.69,21.94
157936,Active,109293,NA,NA,D,6,1,351396.7925,52.99,2008,12,4.49,33.84
157937,Active,869795,NA,NA,D,4,1,812502.1325,41.69,2002,24,4.6,50.62
157938,Active,3514069,NA,NA,D,1,0,5964529.65,95,1993,12,42.94,0
157939,Active,277976,NA,NA,D,1,0,992961.8225,55.95,2003,19,7.58,31.73
157940,Active,159470,NA,NA,D,2,1,568550.9488,72.95,2008,26,33.06,0
157941,Active,619799,NA,NA,S,1,0,24874.375,40,2009,33,13.82,24.58
157942,Active,913802,NA,NA,S,3,1,963133.2625,85,2009,20,16.33,62.95
157943,Active,532657,NA,NA,S,2,1,1191153.593,199,2011,13,26.03,56.71
157944,Active,532656,NA,NA,S,2,1,1538489.765,269.99,2006,23,10.63,28.97
157945,Active,900609,NA,NA,D,1,0,2014884.871,183.95,2009,20,12.51,50.81
157946,Active,804429,NA,NA,D,2,1,1540026.813,145,2008,12,40.88,100.75
157947,Active,632690,NA,NA,D,1,0,2388066.476,109,2002,29,4,45.89
157948,Active,2678446,NA,NA,D,0,0,3156982.323,210,1989,18,6.11,675
157949,Active,2679288,NA,NA,D,1,0,4662648.198,205,1993,13,46.97,2633
157950,Active,129409,NA,NA,S,2,1,35844.94125,49.95,2010,33,17.76,28.79
157951,Active,2140823,NA,NA,S,9,1,67175.95875,199.25,2012,53,25.92,73.99
157952,Active,619386,NA,NA,S,8,1,154547.5075,100,2008,125,4,0
157953,Active,115649,NA,NA,S,9,1,531127.8538,100.05,2003,81,4,8.49
157954,Active,156999,NA,NA,D,8,1,1445523.053,81.95,2003,21,6.24,49.15
157955,Active,166864,NA,NA,D,2,1,204528.5563,155,2006,30,43.7,78.29
157956,Active,868047,NA,NA,D,0,0,1658027.276,56.95,1977,43,4,33.98
157957,Active,285733,NA,NA,S,2,1,27695.7525,72.95,2006,44,33.98,53.46
157958,Active,630222,NA,NA,S,1,0,403907.625,70,2005,48,32.22,39.99
157959,Active,270904,NA,NA,D,1,0,229187.61,59,2010,24,29.18,0
157960,Active,268419,NA,NA,S,1,0,230908.3725,46,2005,49,27.99,31.19
157961,Active,652832,NA,NA,S,1,0,341646.9963,52,2010,19,33.74,40.91
157962,Active,651621,NA,NA,D,1,0,1287557.448,107,2008,23,7.46,86.68
157963,Active,612690,NA,NA,S,1,0,25108.2,39.95,2013,17,39.1,37.08
157964,Active,2107915,NA,NA,D,0,0,24049.9325,43.96,2014,15,23.91,26.9
157965,Active,2089403,NA,NA,D,0,0,214867.3638,10.99,2015,19,5.06,9.68
157966,Active,865882,NA,NA,S,2,1,628206.8138,19.95,2009,29,21.87,88.56
157967,Active,765028,NA,NA,D,4,1,900089.9288,52.95,2000,34,4.84,42.54
157968,Active,649203,NA,NA,S,3,1,486330.4388,51.95,2006,37,24.52,51.95
157969,Active,870365,NA,NA,S,2,1,1763228.553,33,1998,33,4.43,20.23
157970,Active,1591220,NA,NA,D,1,0,5471908.638,120,2010,14,4.3,44.21
157971,Active,201205,NA,NA,S,5,1,37479.79875,59.95,2004,36,23.83,0
157972,Active,285330,NA,NA,D,7,1,2421700.039,11.93,2005,24,4,8.08
157973,Active,131075,NA,NA,S,3,1,609430.7213,120.4,1997,67,5.99,57.17
157974,Active,1575176,NA,NA,S,1,0,51533.975,157.95,2011,29,59.94,98.95
157975,Active,634866,NA,NA,S,3,1,98209.7,73,2011,19,7.38,33.99
157976,Active,1440093,NA,NA,S,7,1,102480.375,123.98,2012,18,42.77,42.79
157977,Active,1456035,NA,NA,S,4,1,101205.875,78,2015,13,25.14,27.93
157978,Active,859812,NA,NA,S,10,1,603694.015,101.95,2009,18,4.98,27.96
157979,Active,655294,NA,NA,S,4,1,69862.6925,72.4,2012,14,53.94,0
157980,Active,631689,NA,NA,S,6,1,400721.5813,111.95,2008,18,22,28.98
157981,Active,860003,NA,NA,S,4,1,1139657.091,231.95,2010,23,6.8,11.99
157982,Active,1900519,NA,NA,S,7,1,85014.475,68.95,2010,12,8.49,52.22
157983,Active,2250699,NA,NA,S,8,1,836486.4838,83.95,2006,11,15.16,81.84
157984,Active,60102,NA,NA,D,8,1,272559.1863,288.95,2007,48,9.97,32.86
157985,Active,178045,NA,NA,D,7,1,312626.66,329.95,2004,70,4,18.96
157986,Active,622785,NA,NA,S,3,1,366352.5175,51.95,2004,49,4,31.71
157987,Active,539034,NA,NA,D,7,1,237979.5963,64.95,2013,32,28.02,45.99
157988,Active,135644,NA,NA,D,6,1,607923.8375,54.95,2009,38,4,7.72
157989,Active,227511,NA,NA,D,1,0,1346294.34,69,2000,27,4.85,27.16
157990,Active,643350,NA,NA,D,1,0,4586682.626,89.95,2000,20,6.49,45
157991,Active,269534,NA,NA,D,1,0,780660.8213,79.95,2008,31,5.49,28.8
157992,Active,203993,NA,NA,D,1,0,824042.02,94.99,2008,45,4,10.16
157993,Active,203891,NA,NA,S,4,1,439019.485,86.99,2008,42,4.29,41.75
157994,Active,603626,NA,NA,D,2,1,3403339.609,82.91,2007,23,24.77,68.05
157995,Active,654572,NA,NA,D,2,1,1866574.044,89.99,2007,24,61.08,63.52
157996,Active,625371,NA,NA,S,2,1,1034566.051,104.99,2007,19,27.13,68.98
157997,Active,639329,NA,NA,D,1,0,1035643.99,45,2008,23,4.35,53.98
157998,Active,907962,NA,NA,S,2,1,285361.8325,55,2013,29,28.99,41.99
157999,Active,290449,NA,NA,S,5,1,208060.5788,152.95,2001,43,27.34,46.17
158000,Active,50314,NA,NA,D,8,1,506070.3813,400.95,2011,67,5.59,27.95
158001,Active,112033,NA,NA,D,3,1,736598.3113,50.49,2010,30,6.34,49.25
158002,Active,538788,NA,NA,S,4,1,78209.725,109.75,2013,34,41.52,72.99
158003,Active,50308,NA,NA,D,14,1,115249.8813,281.2,2011,87,7.77,63.34
158004,Active,111681,NA,NA,D,5,1,109329.0813,113.05,2012,104,5.58,33.99
158005,Active,111701,NA,NA,S,5,1,293118.265,78.67,2012,16,16.95,76.59
158006,Active,50310,NA,NA,D,13,1,454903.8475,233.33,2009,140,4.19,43.85
158007,Active,614776,NA,NA,D,7,1,1018009.651,288.3,2009,39,5.99,11.39
158008,Active,54774,NA,NA,D,7,1,748098.4375,18.01,2009,98,4,19.73
158009,Active,1452305,NA,NA,D,1,0,2715257.273,189.47,2012,16,20.79,134.28
158010,Active,285526,NA,NA,D,4,1,665839.6325,19.47,2010,77,4.22,19.99
158011,Active,148129,NA,NA,S,8,1,363335.9125,236.95,2005,40,4,32.95
158012,Active,544472,NA,NA,D,9,1,37338.1625,364.95,2013,87,5.69,68.99
158013,Active,50313,NA,NA,D,7,1,1179784.166,385.95,2009,57,4,8.54
158014,Active,50312,NA,NA,D,6,1,1909030.899,333.95,2007,44,3.99,5.46
158015,Active,50311,NA,NA,S,5,1,1648127.444,238.95,2004,30,4,22.99
158016,Active,148343,NA,NA,S,3,1,762006.6388,386.95,2006,50,4.27,35.88
158017,Active,628703,NA,NA,D,1,0,574515.445,99.95,2010,38,27.37,0
158018,Active,564483,NA,NA,D,0,0,1188797.399,47.5,2000,26,4.77,0
158019,Active,482177,NA,NA,S,2,1,105918.78,79.95,2011,23,38.72,46.8
158020,Active,532643,NA,NA,S,2,1,775199.1638,100,2012,43,13.69,54.99
158021,Active,647038,NA,NA,S,0,0,251733.8013,37,2012,25,22.91,23.61
158022,Active,648813,NA,NA,D,1,0,1832364.7,89.95,2007,14,6.96,33.98
158023,Active,3527321,NA,NA,D,2,1,1495710.1,79.99,1986,42,12.51,63.97
158024,Active,58317,NA,NA,D,3,1,154063.4925,74.95,2006,102,4,14.98
158025,Active,2601594,NA,NA,S,0,0,188776.02,39.99,1998,19,33.35,33.5
158026,Active,2786916,NA,NA,D,1,0,903988.0275,80,1999,27,37.44,209.11
158027,Active,2419713,NA,NA,S,1,0,778882.6438,68.5,2004,26,34.24,36.15
158028,Active,159577,NA,NA,D,3,1,920113.3363,81.95,2007,21,13.77,83.93
158029,Active,532642,NA,NA,D,3,1,670536.7588,117.99,2008,31,5.43,35.01
158030,Active,862641,NA,NA,D,2,1,343386.3538,55.5,1996,30,35.76,45.99
158031,Active,861176,NA,NA,S,5,1,607615.7625,65.99,2013,32,35.73,40.2
158032,Active,260008,NA,NA,D,7,1,422895.9588,112,2008,85,4,10.65
158033,Active,2109299,NA,NA,S,5,1,917960.0038,45.95,2013,8,23.99,23.99
158034,Active,223516,NA,NA,S,2,1,45912.85,30,2008,30,11.42,15.28
158035,Active,622722,NA,NA,S,20,1,12323.475,35,2007,39,14.49,21.6
158036,Active,1468136,NA,NA,S,1,0,973254.07,11.95,2008,30,6.98,8.34
158037,Active,2649459,NA,NA,S,2,1,384599.1975,44.95,2003,54,6.49,8.99
158038,Active,118552,NA,NA,D,1,0,852442.5488,39.8,2008,32,4,45.71
158039,Active,627636,NA,NA,S,3,1,333591.8638,98.95,2004,37,40.25,65.98
158040,Active,132399,NA,NA,S,1,0,38017,78,2010,19,49.99,59.05
158041,Active,532638,NA,NA,S,2,1,49152.91625,58.8,2012,57,28.17,45
158042,Active,249952,NA,NA,D,5,1,242021.7013,259.95,2008,40,15.87,63.07
158043,Active,870189,NA,NA,D,0,0,968832.1538,66.64,2004,16,14.94,63.99
158044,Active,266949,NA,NA,D,4,1,1967108.276,64,2004,32,9.98,57.97
158045,Active,599123,NA,NA,D,10,1,448893.2925,82,2005,48,13.37,52.87
158046,Active,690397,NA,NA,D,10,1,222435.6525,26.64,2005,16,11.19,21.25
158047,Active,2070420,NA,NA,D,3,1,1159753.265,24,2008,13,10.88,24
158048,Active,546696,NA,NA,S,3,1,776076.0138,96,2008,24,20.66,66.03
158049,Active,2859406,NA,NA,S,2,1,352770.8788,35.96,1990,28,7.11,102.83
158050,Active,3046145,NA,NA,S,6,1,672104.27,59,1996,39,4.48,44.77
158051,Active,1576389,NA,NA,S,1,0,144212.2963,45,2010,465,4,11.8
158052,Active,1576531,NA,NA,S,1,0,24013,45,2013,41,16.62,26.24
158053,Active,2027624,NA,NA,S,0,0,33478.2,75,2015,11,45.49,50.56
158054,Active,162057,NA,NA,S,1,0,1063961.324,49.99,2007,43,4.09,46.92
158055,Active,244324,NA,NA,S,1,0,443186.815,49.99,2011,29,4.98,16.46
158056,Active,632144,NA,NA,S,1,0,296387.5238,49.99,2012,31,7.95,13.98
158057,Active,629188,NA,NA,S,1,0,679175.5488,49.99,2012,41,4.98,16.97
158058,Active,270763,NA,NA,S,19,1,1363793.648,62,2011,32,6.53,7.89
158059,Active,2098884,NA,NA,S,0,0,269405.1588,82,2015,29,24.31,65.99
158060,Active,270762,NA,NA,D,0,0,756056.1,74.64,2012,58,5.24,15.86
158061,Active,546703,NA,NA,D,0,0,675917.1463,77.28,2013,47,8.34,32.74
158062,Active,270745,NA,NA,D,0,0,845198.0575,69,2010,40,4,10.49
158063,Active,618559,NA,NA,D,19,1,796150.275,102.64,2011,32,9.86,73.09
158064,Active,270760,NA,NA,D,18,1,1223980.916,99,2010,59,4.33,23.98
158065,Active,392954,NA,NA,D,17,1,934601.0788,94.6,2009,36,4.48,75.48
158066,Active,788304,NA,NA,D,1,0,5362725.124,106.95,2001,11,4,103.75
158067,Active,3830119,NA,NA,D,1,0,892407,65,2016,8,62.8,60.94
158068,Active,117046,NA,NA,D,0,0,4014048.366,99,2007,19,4.13,18.99
158069,Active,118557,NA,NA,D,1,0,3136877.714,98.6,2006,18,6.38,17.62
158070,Active,110054,NA,NA,D,0,0,2089291.326,104.39,2008,30,4.7,82.08
158071,Active,110060,NA,NA,S,0,0,720768.9025,80.59,2012,26,44.59,129.02
158072,Active,110569,NA,NA,D,0,0,1977122.553,43.71,2005,37,5.05,7.4
158073,Active,2919170,NA,NA,D,1,0,476447.465,24.99,2014,14,18.2,18.88
158074,Active,1780310,NA,NA,S,1,0,639215.0888,69.99,2015,16,41.89,41.88
158075,Active,243857,NA,NA,D,1,0,1904023.339,140.95,2010,43,4.06,48.92
158076,Active,244128,NA,NA,D,1,0,1026894.07,152.95,2011,42,8.48,152.95
158077,Active,298868,NA,NA,D,1,0,1630860.811,120.95,2009,29,4.99,22.29
158078,Active,661060,NA,NA,S,0,0,1350985.498,75,2012,24,10.55,40.31
158079,Active,298900,NA,NA,S,1,0,1364600.984,119.95,2009,32,4.57,25.58
158080,Active,298487,NA,NA,S,6,1,3008021.974,107.95,2006,28,4.33,46.28
158081,Active,908910,NA,NA,S,1,0,261963.815,49.99,2014,58,17.89,23.98
158082,Active,915259,NA,NA,S,1,0,386080.5825,49.99,2013,63,7.77,27.37
158083,Active,917325,NA,NA,S,7,1,2212531.874,91,1994,28,4,33.96
158084,Active,114636,NA,NA,S,4,1,1768695.389,173.27,2004,20,6.99,132.94
158085,Active,120106,NA,NA,D,4,1,338938.1063,157.6,2009,22,18.49,94.57
158086,Active,118837,NA,NA,D,3,1,261859.3688,231,2007,39,22.84,69.17
158087,Active,115209,NA,NA,D,2,1,182745.8838,143,2000,33,5.84,56.37
158088,Active,645605,NA,NA,S,8,1,321231.3863,218.95,2001,30,7.61,58.29
158089,Active,539277,NA,NA,D,6,1,349152.6113,170.8,2013,32,37.18,132.85
158090,Active,870575,NA,NA,D,4,1,1634492.321,160.8,2007,34,6.97,99.94
158091,Active,644360,NA,NA,D,6,1,108288.4613,171,2013,37,47.23,154.64
158092,Active,551849,NA,NA,D,3,1,2971449.636,80,2003,18,5.18,18.49
158093,Active,120275,NA,NA,D,3,1,286629.8413,146.4,2010,27,19.82,22.74
158094,Active,2259034,NA,NA,D,3,1,869691.1613,83.99,2010,38,29.54,83.99
158095,Active,627818,NA,NA,D,4,1,134777.6213,166,2013,24,55.23,133.29
158096,Active,553532,NA,NA,D,2,1,1316583.786,113.33,2008,32,6.19,63.16
158097,Active,2259457,NA,NA,S,2,1,8230719.835,90.61,2006,26,30.09,90.61
158098,Active,712387,NA,NA,D,0,0,4113724.059,104.8,2002,15,4.12,8.96
158099,Active,646425,NA,NA,D,3,1,553886.605,146.4,2009,23,23.36,70.84
158100,Active,553398,NA,NA,S,2,1,303367.7663,204,2003,22,15.8,74.09
158101,Active,635906,NA,NA,S,4,1,1561344.831,201.8,2004,18,6.14,259.88
158102,Active,630655,NA,NA,S,4,1,1525363.815,128.2,2006,27,4.94,12.84
158103,Active,877681,NA,NA,S,3,1,2973247.429,193.95,1996,19,5.97,43.94
158104,Active,253928,NA,NA,D,6,1,674079.3488,207.95,2010,54,36.14,97.79
158105,Active,120213,NA,NA,D,7,1,216002.0125,159.2,2010,26,28.99,76.22
158106,Active,120075,NA,NA,D,6,1,968750.0763,160.8,2008,27,8.66,34.02
158107,Active,285955,NA,NA,D,5,1,1095741.438,99,2004,26,4.11,18.74
158108,Active,640099,NA,NA,S,3,1,570240.3525,99,2006,42,10.92,54.26
158109,Active,538942,NA,NA,S,3,1,1207148.235,74.25,2006,26,7.66,28.99
158110,Active,119079,NA,NA,D,3,1,601187.3888,160.8,2011,28,33.83,79.9
158111,Active,644733,NA,NA,D,8,1,1013109.315,67,2011,22,48.84,97.99
158112,Active,3568101,NA,NA,D,5,1,1987213.25,45,2000,25,4,51.76
158113,Active,119107,NA,NA,D,6,1,262424.5863,160.8,2011,34,39.61,82.98
158114,Active,116070,NA,NA,D,4,1,1345512.644,126.6,2005,24,34.98,74.56
158115,Active,898003,NA,NA,D,1,0,5451302.805,59.95,2000,16,6.43,45.99
158116,Active,244966,NA,NA,D,2,1,512246.1725,217.95,2003,48,5.84,28.99
158117,Active,629818,NA,NA,D,1,0,3448993.279,131.95,2007,20,5.99,8.98
158118,Active,2260227,NA,NA,D,0,0,6924899.206,66.57,2008,33,11.35,55.72
158119,Active,118168,NA,NA,D,1,0,863314.7313,116.8,2008,21,7.72,32.96
158120,Active,903296,NA,NA,S,2,1,2658144.584,85,1999,17,5.77,73.23
158121,Active,120793,NA,NA,D,5,1,834890.7213,146.4,2009,25,41.49,93.96
158122,Active,118450,NA,NA,D,4,1,1157118.078,144.8,2007,28,6.78,23.99
158123,Active,788369,NA,NA,S,3,1,2372137.249,199.95,2002,38,4.41,10.93
158124,Active,618877,NA,NA,D,4,1,1667110.178,208.95,2006,29,5.27,36.99
158125,Active,545246,NA,NA,D,5,1,799737.0038,197.95,2010,27,17.83,47.98
158126,Active,917295,NA,NA,S,4,1,2635139.548,33.98,2007,42,6.32,33.98
158127,Active,635887,NA,NA,S,5,1,892206.7475,147.95,2011,47,6.98,50.34
158128,Active,807050,NA,NA,D,3,1,1244554.14,81.95,2006,29,8.61,86.81
158129,Active,609094,NA,NA,S,3,1,1089863.285,175.95,1999,50,4,16.28
158130,Active,875997,NA,NA,D,5,1,1463876.551,0,2010,13,6.99,0
158131,Active,251992,NA,NA,D,5,1,56105.285,158.95,2009,44,34.86,83.89
158132,Active,421752,NA,NA,D,3,1,500608.1125,131.8,2008,27,8.98,83.67
158133,Active,115605,NA,NA,D,2,1,1173253.753,117.2,2002,30,5.49,67.39
158134,Active,2400795,NA,NA,D,4,1,4120746.926,298.5,2002,17,24.65,150.11
158135,Active,159536,NA,NA,D,1,0,2491453.981,136,2003,15,110.12,120
158136,Active,827190,NA,NA,S,4,1,1442861.889,40.95,1998,33,4,21.98
158137,Active,616757,NA,NA,D,5,1,181508.3238,191.95,2006,37,6.99,41.68
158138,Active,538480,NA,NA,S,3,1,39751.51625,181.25,2013,41,44.99,83.98
158139,Active,110473,NA,NA,D,2,1,297905.46,24.49,2007,119,4,24
158140,Active,1607738,NA,NA,S,1,0,55555.025,90.15,2010,56,17.99,63.97
158141,Active,772331,NA,NA,S,0,0,12874.11125,98.7,2006,98,7.98,45.4
158142,Active,772397,NA,NA,S,0,0,93913.05,74.8,2006,41,4.98,13.14
158143,Active,772811,NA,NA,S,0,0,71445.93,102.65,2006,141,7.97,36.6
158144,Active,772812,NA,NA,S,0,0,113950.245,98.7,2006,104,9.99,33.99
158145,Active,108272,NA,NA,D,1,0,945648.0963,33.75,2006,65,4,33.16
158146,Active,110271,NA,NA,D,2,1,100357.0425,236.25,2009,133,4,17.98
158147,Active,56947,NA,NA,D,5,1,1690430.844,33.97,2002,40,4,20.96
158148,Active,644566,NA,NA,D,6,1,525471.54,110.61,2012,35,8.82,72.85
158149,Active,56945,NA,NA,D,6,1,151730.0713,119.04,2006,55,4.43,72.93
158150,Active,2094423,NA,NA,S,0,0,52535.23,10.99,2014,59,4.47,8.79
158151,Active,617444,NA,NA,S,1,0,580916.1813,323.95,2002,79,4,4
158152,Active,919311,NA,NA,S,0,0,153207.6563,117.45,2009,74,4.58,50.89
158153,Active,920175,NA,NA,S,0,0,291059.93,138.19,2009,39,4,49.89
158154,Active,613105,NA,NA,D,3,1,200734.105,43.72,2010,109,5.09,29.95
158155,Active,871115,NA,NA,D,0,0,749862.5363,8.99,2010,69,4,13.49
158156,Active,53231,NA,NA,D,2,1,308799.3225,80,2006,149,4,7.94
158157,Active,1533728,NA,NA,S,2,1,2253407.57,149,2007,49,11.74,21.83
158158,Active,775125,NA,NA,D,8,1,498846.8238,199,2004,13,4.98,71.86
158159,Active,2820681,NA,NA,D,2,1,2513424.031,99.99,1995,15,38.39,199.99
158160,Active,115821,NA,NA,D,0,0,2388609.093,65.6,2003,31,4,18.97
158161,Active,197921,NA,NA,D,2,1,765952.4225,96.5,2008,40,4.22,7.49
158162,Active,1657533,NA,NA,S,2,1,1166456.79,96.5,2012,37,4.13,90.83
158163,Active,197661,NA,NA,D,0,0,2193793.418,79.95,2008,26,4,19.39
158164,Active,284994,NA,NA,D,1,0,755014.0875,62.95,2004,53,4,18.14
158165,Active,538322,NA,NA,S,2,1,131001.2263,65,2012,69,22.29,41.31
158166,Active,624395,NA,NA,S,3,1,135875.635,59.95,2008,45,14.97,29.82
158167,Active,618591,NA,NA,S,3,1,167605.9788,49.95,2008,31,17.67,31.45
158168,Active,296865,NA,NA,D,2,1,1150299.008,34.95,1997,39,3.99,40.93
158169,Active,532627,NA,NA,S,5,1,48061.97625,49.95,2012,45,21.99,28.95
158170,Active,532626,NA,NA,S,5,1,1448742.686,49.95,2008,35,4,16.59
158171,Active,291248,NA,NA,S,1,0,600983.3563,49.99,1998,40,12.97,32.09
158172,Active,133079,NA,NA,D,4,1,440690.5763,92.6,2009,54,21.87,73.65
158173,Active,607417,NA,NA,D,3,1,273583.9588,71,2006,28,4.44,46.03
158174,Active,232440,NA,NA,D,1,0,1871158.771,76.95,2006,20,25,53.95
158175,Active,659096,NA,NA,S,0,0,547344.7738,45.95,2006,21,29.94,39.69
158176,Active,532624,NA,NA,S,3,1,95844.805,38.95,2009,39,27.15,29.3
158177,Active,718095,NA,NA,S,1,0,504163.705,99,2005,33,4.49,13.02
158178,Active,532623,NA,NA,S,3,1,1991347.266,49.99,2007,23,4.52,23.95
158179,Active,577396,NA,NA,D,3,1,430154.1888,66.99,2007,40,4.35,17.97
158180,Active,546783,NA,NA,S,4,1,32207.165,84.99,2013,30,43.98,60.35
158181,Active,2170838,NA,NA,D,0,0,182387.4775,65,2011,34,36.48,43.49
158182,Active,141766,NA,NA,D,4,1,2063314.616,5.99,2005,82,3.85,5.99
158183,Active,142179,NA,NA,D,6,1,21480.485,53.66,2011,130,4.96,21.32
158184,Active,142169,NA,NA,D,5,1,887479.77,51.75,2010,100,4,6.96
158185,Active,178012,NA,NA,S,2,1,272855.2938,76.95,2004,56,4,33.95
158186,Active,1958011,NA,NA,S,1,0,18362.2,40,2013,8,25.55,25.56
158187,Active,2249737,NA,NA,S,12,1,1070350.255,49.44,2009,39,17.18,40.95
158188,Active,2249713,NA,NA,S,12,1,1076968.378,122.57,2009,29,21.77,96.39
158189,Active,2143169,NA,NA,S,5,1,213923.8825,14.95,2011,158,4,6.46
158190,Active,653444,NA,NA,S,2,1,677986.3725,64.97,2012,28,18.19,0
158191,Active,851644,NA,NA,D,1,0,1442945.505,42,2000,23,4,23.95
158192,Active,677304,NA,NA,S,3,1,29168.27875,24.95,2008,100,8.19,13.23
158193,Active,920876,NA,NA,S,0,0,266440.8475,18.95,2004,75,4.87,15.67
158194,Active,793514,NA,NA,D,0,0,4039633.316,36.95,2002,25,4,44.91
158195,Active,3467104,NA,NA,S,0,0,16186.425,50,2015,15,26.86,20.99
158196,Active,874246,NA,NA,S,3,1,9495.105,73.75,2015,64,40.1,53.99
158197,Active,613832,NA,NA,D,2,1,45757.71,18.99,2011,121,3.84,9.99
158198,Active,612992,NA,NA,D,1,0,291047.2863,23.9,2009,121,4,15.89
158199,Active,55545,NA,NA,S,1,0,260528.3375,62.4,2005,56,4,43.65
158200,Active,55544,NA,NA,D,3,1,113735.1863,66,2009,75,5.83,35.21
158201,Active,614648,NA,NA,D,3,1,361710.4575,86.8,2011,49,4.99,43.98
158202,Active,872640,NA,NA,D,2,1,1232545.778,68,2009,83,4,10.98
158203,Active,2141682,NA,NA,S,5,1,980181.9988,40,2013,13,13.18,28.85
158204,Active,3790661,NA,NA,D,2,1,712576.2,31.95,2001,49,4,36.97
158205,Active,597989,NA,NA,S,3,1,210976.44,41.95,2012,33,29.63,37.58
158206,Active,596248,NA,NA,S,3,1,62367.91125,89.95,2010,44,34.04,68.99
158207,Active,115236,NA,NA,S,4,1,2158724.783,78.42,2002,22,4,46.87
158208,Active,532622,NA,NA,D,25,1,1871283.04,209.95,2008,15,73.94,78.65
158209,Active,1630002,NA,NA,S,26,1,382422.12,48.95,2014,16,12.98,13.37
158210,Active,1559578,NA,NA,S,2,1,1564902.989,40.95,2008,43,4.06,11.26
158211,Active,240272,NA,NA,S,4,1,332881.9338,35,2002,40,20.45,68.99
158212,Active,534095,NA,NA,D,3,1,2642296.843,28.5,1994,27,4,68.66
158213,Active,1708944,NA,NA,D,1,0,3810298.975,249.95,2006,17,114.63,196.81
158214,Active,165631,NA,NA,D,0,0,241623.1125,70,2004,43,14.98,52.98
158215,Active,756170,NA,NA,S,3,1,15674.01375,75,2015,27,38.9,43.98
158216,Active,532621,NA,NA,D,2,1,373818.7075,70,2009,46,24.35,38.6
158217,Active,2261433,NA,NA,D,1,0,1531704.029,222.61,2008,27,48.75,145.62
158218,Active,269546,NA,NA,D,1,0,381654.8388,165,2007,23,12.81,62.39
158219,Active,1720928,NA,NA,S,0,0,732829.735,8,2013,11,5.43,7.99
158220,Active,285831,NA,NA,D,0,0,1010128.001,90,2004,46,4,8.99
158221,Active,619631,NA,NA,S,2,1,577627.9588,65,2008,42,17.26,31.62
158222,Active,762161,NA,NA,S,2,1,220555.8863,49.95,2006,43,7.97,23.36
158223,Active,544098,NA,NA,S,2,1,121909.5113,49.99,2013,40,27.8,29.12
158224,Active,162645,NA,NA,S,1,0,594739.19,49.99,2008,57,4,8.86
158225,Active,163400,NA,NA,D,3,1,3399564.093,78.95,2007,17,8.59,52.23
158226,Active,647301,NA,NA,S,18,1,144764.6538,54.95,2011,25,33.61,0
158227,Active,634986,NA,NA,S,18,1,147821.2813,73.95,2011,28,45.89,0
158228,Active,616974,NA,NA,S,5,1,44894.09375,93.75,2003,88,31.97,45.04
158229,Active,873524,NA,NA,D,3,1,2157938.276,23.8,1993,38,4,39.17
158230,Active,850639,NA,NA,D,4,1,597247.1175,28.75,1999,30,4,13.99
158231,Active,893482,NA,NA,D,1,0,536902.4975,164.95,2007,18,97.74,256.29
158232,Active,679377,NA,NA,D,0,0,479143.5475,27.95,2000,28,5.49,23.02
158233,Active,513522,NA,NA,S,0,0,438190.9763,39.99,2010,56,4,24.82
158234,Active,54015,NA,NA,D,8,1,1131724.131,108.09,2009,30,34.97,65.49
158235,Active,514663,NA,NA,D,7,1,864148.2275,63.7,2006,52,5.49,38.94
158236,Active,54014,NA,NA,D,7,1,350943.3338,75.63,2006,26,4,28.19
158237,Active,330937,NA,NA,D,7,1,156366.1075,291.95,2009,58,15.09,40.93
158238,Active,874622,NA,NA,D,6,1,1890946.475,80.91,2005,45,6.99,51.75
158239,Active,60107,NA,NA,D,6,1,461853.0488,285.95,2005,37,4,16.49
158240,Active,624348,NA,NA,D,1,0,1010528.046,95,2009,24,17.61,92.17
158241,Active,288408,NA,NA,D,6,1,2554547.013,28,2005,16,4.8,87.09
158242,Active,775380,NA,NA,D,0,0,1242525.856,46,2011,28,4,82.23
158243,Active,776310,NA,NA,D,0,0,1930890.563,43.5,2010,33,4,14.43
158244,Active,861351,NA,NA,S,6,1,41105.6375,49.95,2013,31,24.13,40.93
158245,Active,542615,NA,NA,D,5,1,175688.7388,49.95,2010,47,5.24,23.99
158246,Active,776003,NA,NA,D,4,1,880522.6113,43.95,2006,47,4.77,17.46
158247,Active,143432,NA,NA,D,6,1,1293517.823,26.5,2002,24,4,13.98
158248,Active,143071,NA,NA,D,7,1,1069006.638,39,2005,35,4,9.98
158249,Active,1942330,NA,NA,D,0,0,883446.115,52,2014,28,4.58,28.98
158250,Active,1942278,NA,NA,D,0,0,1406689.065,52,2013,23,5.34,19.92
158251,Active,618930,NA,NA,S,9,1,744932.6038,202,2012,54,5.68,103.47
158252,Active,620315,NA,NA,S,4,1,159151.5675,201,2007,51,36.05,83.99
158253,Active,868660,NA,NA,D,3,1,1819883.104,117,2001,19,4.12,57.59
158254,Active,2105413,NA,NA,S,0,0,842740.23,52,2014,36,4,43.98
158255,Active,633248,NA,NA,S,3,1,720883.8713,215.25,2010,33,13.18,87.73
158256,Active,162488,NA,NA,S,5,1,88703.62375,121,2012,36,38.26,78
158257,Active,1724583,NA,NA,S,0,0,17922,50,2015,19,25.8,32.32
158258,Active,1754511,NA,NA,S,0,0,446989.6675,39.99,2012,23,33.52,29.44
158259,Active,1576548,NA,NA,S,0,0,39212.8,39.95,2014,17,29.57,30.01
158260,Active,860618,NA,NA,S,17,1,178978.1825,18.99,2012,92,4,11.98
158261,Active,673169,NA,NA,S,0,0,78046.70875,16.99,2012,149,4,0
158262,Active,675030,NA,NA,S,2,1,108467.6813,26.99,2008,42,16.75,17.6
158263,Active,672881,NA,NA,S,2,1,313837.5575,18.99,2012,129,4,0
158264,Active,542930,NA,NA,S,4,1,44869.155,18.99,2013,190,4,13.69
158265,Active,477800,NA,NA,S,0,0,71165.91875,18.99,2011,64,7.39,0
158266,Active,534805,NA,NA,S,12,1,35131.8925,18.99,2013,150,4,9.84
158267,Active,861900,NA,NA,S,7,1,55416.755,18.99,2014,119,4,6.54
158268,Active,1908500,NA,NA,S,2,1,5569.185,29.99,2014,23,15.61,23.08
158269,Active,906499,NA,NA,S,7,1,936.68375,18.99,2015,94,7.78,10.68
158270,Active,545300,NA,NA,S,6,1,81580.3175,18.99,2013,99,4,7.68
158271,Active,609008,NA,NA,S,5,1,740639.5988,29.99,2010,63,4,6.82
158272,Active,861179,NA,NA,S,5,1,1129248.803,29.99,2013,64,4,5.54
158273,Active,532608,NA,NA,S,4,1,460501.0025,16.99,2012,80,4,5.97
158274,Active,1908354,NA,NA,S,5,1,87964.67875,16.99,2014,74,4.71,9.96
158275,Active,532607,NA,NA,S,4,1,451796.375,16.99,2012,82,4,9.46
158276,Active,576833,NA,NA,S,3,1,856228.1875,16.99,2010,85,4,8.85
158277,Active,906517,NA,NA,S,6,1,2326.48125,18.99,2015,56,7.78,10.19
158278,Active,545313,NA,NA,S,5,1,815452.8875,29.99,2013,40,4,6.36
158279,Active,867564,NA,NA,S,7,1,62031.55875,18.99,2014,74,4,9.16
158280,Active,616198,NA,NA,S,3,1,971525.5688,34.99,2007,29,4.39,11.97
158281,Active,910769,NA,NA,S,5,1,32958.89375,16.99,2014,62,4.56,10.92
158282,Active,906514,NA,NA,S,5,1,8336.19,16.99,2015,42,8.47,11.49
158283,Active,627431,NA,NA,S,0,0,166975.4238,34.99,2010,43,13.94,59.45
158284,Active,1672647,NA,NA,S,3,1,155659.6788,18.99,2012,91,4,15.79
158285,Active,861901,NA,NA,S,8,1,138599.1738,34.99,2014,50,5.52,13.95
158286,Active,617134,NA,NA,S,7,1,406705.6488,34.99,2011,64,4,14.99
158287,Active,690790,NA,NA,S,0,0,10227.225,26.99,2014,28,11.73,0
158288,Active,534807,NA,NA,S,7,1,129797.9825,18.99,2013,120,4,12.84
158289,Active,1908355,NA,NA,S,8,1,38551.2875,16.99,2014,91,4,12.89
158290,Active,532601,NA,NA,S,5,1,357605.6725,18.99,2012,118,4,13.98
158291,Active,532600,NA,NA,S,6,1,81139.46,18.99,2010,38,6.91,12.79
158292,Active,672836,NA,NA,S,0,0,306348.4538,18.99,2013,90,4,0
158293,Active,921060,NA,NA,S,19,1,680735.8413,34.99,2011,101,4,7.61
158294,Active,609005,NA,NA,S,18,1,876115.2963,34.99,2009,92,3.96,5.99
158295,Active,477786,NA,NA,S,5,1,116328.7375,16.99,2012,126,4,6.98
158296,Active,532594,NA,NA,S,0,0,760876,21.99,2010,48,4,12.98
158297,Active,911588,NA,NA,S,2,1,250032.63,24.99,2013,36,8.05,12.96
158298,Active,660849,NA,NA,S,0,0,232914.5713,45,2013,23,27.68,32.74
158299,Active,366592,NA,NA,S,13,1,1103397.789,36.99,2009,44,3.99,6.37
158300,Active,861183,NA,NA,S,11,1,75653.15,16.99,2013,45,8.1,0
158301,Active,200912,NA,NA,S,2,1,221281.7563,18.99,2009,44,5.94,29.98
158302,Active,1908488,NA,NA,S,2,1,324353.6425,18.99,2011,73,7.61,7.5
158303,Active,1908511,NA,NA,S,2,1,39299.67875,49.99,2014,40,13.55,33.63
158304,Active,525397,NA,NA,S,8,1,693525.4638,16.99,2009,73,4,7.07
158305,Active,1908332,NA,NA,S,9,1,240963.5988,18.99,2013,68,4.55,10.18
158306,Active,860622,NA,NA,S,26,1,952511.245,29.99,2012,96,4,4.98
158307,Active,673246,NA,NA,S,0,0,261198.7738,18.99,2012,161,4,0
158308,Active,864945,NA,NA,S,27,1,91603.495,18.99,2014,94,4,6.94
158309,Active,672890,NA,NA,S,4,1,278923.4838,18.99,2012,100,4,9.4
158310,Active,779542,NA,NA,S,24,1,1239978.614,29.99,2008,53,4,25.11
158311,Active,860620,NA,NA,S,14,1,196753.1738,14.99,2012,80,4,0
158312,Active,1908290,NA,NA,S,5,1,58430.25875,14.99,2012,141,4,7.49
158313,Active,545305,NA,NA,S,0,0,111706.9025,16.99,2013,98,4,0
158314,Active,865494,NA,NA,S,12,1,8241.9975,16.99,2014,60,4.74,9.55
158315,Active,1908363,NA,NA,S,2,1,189865.6225,16.99,2014,82,4,12.4
158316,Active,910772,NA,NA,S,6,1,8856.78125,16.99,2014,42,5.7,0
158317,Active,902103,NA,NA,S,5,1,50018.30375,16.99,2014,43,4.85,0
158318,Active,673123,NA,NA,S,10,1,96054.89125,16.99,2012,134,4,10.63
158319,Active,1908476,NA,NA,S,3,1,98767.3025,19.99,2011,47,4,6.98
158320,Active,1908361,NA,NA,S,5,1,137196.5588,16.99,2013,49,4,10.29
158321,Active,534811,NA,NA,S,3,1,271581.4088,14.99,2012,90,4,6.99
158322,Active,861184,NA,NA,S,3,1,25687.82625,16.99,2013,69,4,14.42
158323,Active,534802,NA,NA,S,14,1,65248.0175,39.99,2013,79,9.72,28.18
158324,Active,1672486,NA,NA,S,13,1,866094.49,21.99,2010,49,4,13.99
158325,Active,200956,NA,NA,S,12,1,1073741.096,34.99,2006,71,4,22.96
158326,Active,1908513,NA,NA,S,2,1,193430.2325,59.99,2014,19,36.01,42.17
158327,Active,646951,NA,NA,S,6,1,477093.68,34.99,2013,18,10.99,0
158328,Active,204067,NA,NA,D,9,1,670883.4613,69.99,2008,28,10.46,41.98
158329,Active,871707,NA,NA,D,0,0,1990057.734,59.95,2008,18,5.1,40.57
158330,Active,203700,NA,NA,D,8,1,943539.6613,59.95,2004,33,4,25.44
158331,Active,1840887,NA,NA,D,2,1,2550254.993,47.99,2010,18,5.68,103.37
158332,Active,1839104,NA,NA,D,1,0,5831535.573,59.99,2006,10,6.38,34.98
158333,Active,385634,NA,NA,D,1,0,2751037.354,54.99,2009,16,5.69,43.66
158334,Active,612865,NA,NA,S,16,1,377330.7525,50,1992,254,4,9.99
158335,Active,540492,NA,NA,D,17,1,433207.6088,50,2002,159,4,14.04
158336,Active,622591,NA,NA,S,18,1,43819.45375,50,2012,46,19.95,23.96
158337,Active,562794,NA,NA,D,0,0,289145.77,39.95,2010,84,6.72,23.64
158338,Active,2601458,NA,NA,S,2,1,471807.4825,84.99,1994,35,8.08,61.97
158339,Active,592771,NA,NA,D,2,1,922455.5025,31.6,2008,23,4,31.6
158340,Active,2106853,NA,NA,S,3,1,471805.9875,70.5,2014,19,17.98,48.32
158341,Active,775601,NA,NA,D,2,1,4495867.943,70.95,2002,19,4,45.17
158342,Active,193659,NA,NA,S,4,1,209629.5775,139.95,2009,51,25.97,60.5
158343,Active,193475,NA,NA,D,3,1,1604731.198,95.95,2006,26,4,14.26
158344,Active,563958,NA,NA,S,0,0,750709.2088,83.52,1992,26,4.76,45.93
158345,Active,522627,NA,NA,D,3,1,255702.0825,204.95,2008,78,4,8.64
158346,Active,868394,NA,NA,D,2,1,1555823.498,0,1980,11,4.94,0
158347,Active,574314,NA,NA,S,3,1,82367.7675,112.5,1986,64,15.36,73.19
158348,Active,209123,NA,NA,D,1,0,303850.005,110,1995,29,4.35,14.48
158349,Active,538169,NA,NA,S,4,1,42898.3,87,2004,57,23.43,45.58
158350,Active,864860,NA,NA,S,13,1,4501.035,71,2014,55,39.63,43.99
158351,Active,51846,NA,NA,D,11,1,163229.745,67.95,2009,160,6.72,18.97
158352,Active,106870,NA,NA,D,12,1,33160.6925,70,2012,149,10.99,33.99
158353,Active,51845,NA,NA,D,10,1,827873.0463,64.95,2006,125,4,16.94
158354,Active,60108,NA,NA,D,4,1,628642.1725,62.25,1995,53,5.15,91.45
158355,Active,607292,NA,NA,D,6,1,66682.0775,110.67,2005,50,13.98,53.97
158356,Active,631749,NA,NA,D,0,0,433791.5,43.99,2007,26,6.46,38.99
158357,Active,907353,NA,NA,D,4,1,2718527.731,28.95,2004,15,4.53,72.37
158358,Active,2678621,NA,NA,S,2,1,2256350.104,99,1990,20,13.91,63.47
158359,Active,1737684,NA,NA,D,3,1,557987.555,14.95,2006,21,22.73,73.88
158360,Active,2256197,NA,NA,D,8,1,3329308.626,30.49,2011,39,9.31,25.08
158361,Active,468667,NA,NA,D,7,1,1447244.98,114.95,2008,41,4,12.1
158362,Active,107938,NA,NA,S,4,1,1479353.7,23.84,2002,22,5.13,23.84
158363,Active,538455,NA,NA,D,6,1,26039.36125,167.68,2011,89,8.73,58.57
158364,Active,550199,NA,NA,D,5,1,512185.14,45.95,2006,77,6.21,18.94
158365,Active,532590,NA,NA,D,5,1,964302.705,81.66,2006,56,4,52.3
158366,Active,872598,NA,NA,S,2,1,1487541.665,49.95,1989,54,4,23.79
158367,Active,644074,NA,NA,D,1,0,182918.6288,119.95,2007,33,12.49,42.89
158368,Active,477723,NA,NA,D,1,0,695145.0538,112.95,2009,65,4,36.8
158369,Active,1587036,NA,NA,S,3,1,1098128.578,84.99,2006,46,4,56.99
158370,Active,245096,NA,NA,D,8,1,657272.3863,130.95,2004,36,6.55,23.98
158371,Active,51292,NA,NA,D,12,1,68583.74375,265,2011,99,4.59,40.91
158372,Active,51293,NA,NA,D,11,1,612361.8338,193.33,2008,93,4.96,51.99
158373,Active,532589,NA,NA,S,8,1,195862.9613,49.95,2012,25,18.33,49.95
158374,Active,2535703,NA,NA,S,1,0,444863.185,43.95,1999,31,15.78,32.99
158375,Active,738958,NA,NA,S,1,0,1611507.54,127.8,2004,53,4,7.98
158376,Active,532587,NA,NA,D,3,1,45695.21,175.2,2010,103,5.63,17.84
158377,Active,532586,NA,NA,D,7,1,90988.55875,220.95,2010,78,8.98,59.71
158378,Active,60109,NA,NA,D,2,1,209979.7663,148.4,2007,105,4,19.98
158379,Active,354953,NA,NA,S,6,1,1839106.248,234.95,2007,40,4,18.99
158380,Active,795061,NA,NA,D,0,0,898246.1325,80.54,2010,29,4,78.38
158381,Active,1541234,NA,NA,S,2,1,1076630.728,44.95,2009,20,29.37,41.27
158382,Active,659290,NA,NA,D,2,1,1575375.353,94.95,2003,15,5.1,73.99
158383,Active,613277,NA,NA,D,4,1,700009.9638,181.95,2002,96,4,12.56
158384,Active,875630,NA,NA,D,5,1,2661815.441,74.82,2008,29,14.08,53.92
158385,Active,249759,NA,NA,D,5,1,420208.2838,162.95,2007,54,10.04,40.46
158386,Active,867597,NA,NA,S,3,1,104774.96,71.99,2015,23,35.74,38.52
158387,Active,532585,NA,NA,S,5,1,157453.3163,84.99,2009,58,23.99,39.99
158388,Active,3515025,NA,NA,D,2,1,6230923.25,179,1997,19,16.99,84.03
158389,Active,52259,NA,NA,D,11,1,459342.9675,197.33,2009,198,4,17.87
158390,Active,878877,NA,NA,S,3,1,1470550.911,55.58,2004,24,7.45,18.94
158391,Active,742872,NA,NA,S,7,1,1225659.216,145.33,2011,24,4.87,13.13
158392,Active,527840,NA,NA,D,2,1,377011.4888,86.65,2008,60,5.49,48.23
158393,Active,110416,NA,NA,D,2,1,760939.9013,226.75,2012,57,4,43.73
158394,Active,52258,NA,NA,D,10,1,966676.9863,152.67,2005,109,4,13.99
158395,Active,52070,NA,NA,S,4,1,1846123.569,111.35,2001,58,4,9.95
158396,Active,533707,NA,NA,D,7,1,67946.5725,216.8,2011,78,16.62,70.14
158397,Active,52402,NA,NA,D,8,1,698451.97,283.95,2007,51,4.93,38.75
158398,Active,52289,NA,NA,D,4,1,35157.9375,216.8,2010,173,6.19,18.99
158399,Active,550477,NA,NA,S,4,1,271833.3,247,2011,65,7.03,18.99
158400,Active,52072,NA,NA,D,6,1,146101.8375,177.33,2008,73,5.78,31.18
158401,Active,52287,NA,NA,S,2,1,1025562.354,118,2002,50,4,18.99
158402,Active,53278,NA,NA,D,8,1,91457.03,180.67,2009,89,6.9,33.93
158403,Active,52288,NA,NA,D,3,1,487131.955,160,2005,90,4.96,22.4
158404,Active,873202,NA,NA,D,2,1,2213725.505,28.89,2009,27,4,28.82
158405,Active,543360,NA,NA,S,3,1,298705.015,288.95,2010,44,24.44,96.63
158406,Active,53277,NA,NA,D,7,1,529442.7163,152.67,2004,70,7.77,35
158407,Active,183187,NA,NA,D,8,1,154065.0663,225.95,2005,39,6.17,19.86
158408,Active,742750,NA,NA,S,5,1,430203.9275,236.8,2012,27,38.67,103.99
158409,Active,742926,NA,NA,S,5,1,147703.9925,148,2012,23,43.02,53.99
158410,Active,906429,NA,NA,D,2,1,8181299.708,69.47,2007,16,8.66,19.49
158411,Active,118445,NA,NA,D,1,0,514145.8238,156.67,2006,51,4,8.99
158412,Active,288724,NA,NA,D,2,1,160098.0925,216.8,2011,79,5.44,39.98
158413,Active,625075,NA,NA,S,2,1,924329.3738,83.95,2000,35,5.29,51.89
158414,Active,532584,NA,NA,S,4,1,83792.29125,58,2011,32,30.66,30.66
158415,Active,164316,NA,NA,D,7,1,1607380.414,39.42,2003,41,4,8.99
158416,Active,873711,NA,NA,D,8,1,879167.8963,0,2010,19,7.73,164.38
158417,Active,290634,NA,NA,D,8,1,371741.3338,46.54,2008,61,5.46,43.44
158418,Active,584136,NA,NA,D,0,0,4291664.23,74.95,1997,21,4,44.54
158419,Active,594674,NA,NA,S,1,0,426756.2538,110.95,2012,45,46.99,56.2
158420,Active,203622,NA,NA,S,6,1,4273204.988,49.95,2004,34,4.14,12.47
158421,Active,270809,NA,NA,S,8,1,349563.0675,81.99,2011,115,7.59,33.97
158422,Active,872089,NA,NA,S,3,1,1381084.585,65.33,1994,19,3.12,51.21
158423,Active,713918,NA,NA,D,4,1,345969.5075,77,1999,39,6.97,51.55
158424,Active,663027,NA,NA,D,5,1,414406.47,117.8,2003,30,21.31,68.95
158425,Active,910127,NA,NA,S,5,1,749832.0038,44.95,2008,23,7.22,34.74
158426,Active,915846,NA,NA,D,7,1,965513.105,109,2004,33,4,30.99
158427,Active,714183,NA,NA,D,6,1,3315717.068,103,2001,30,4,22.94
158428,Active,143399,NA,NA,D,7,1,1267611.601,99,2001,29,4.07,26.98
158429,Active,143023,NA,NA,D,8,1,281783.0138,215,2006,92,5.91,38.01
158430,Active,288423,NA,NA,D,8,1,1027883.683,178,2006,37,11.3,23.49
158431,Active,595071,NA,NA,D,7,1,87696.0925,167.95,2012,62,10.29,83.99
158432,Active,193692,NA,NA,D,6,1,592094.995,129.95,2010,51,7.96,26.66
158433,Active,574696,NA,NA,D,4,1,2494472.095,88.95,2004,48,3.99,43.59
158434,Active,574729,NA,NA,D,5,1,181559.08,95.95,2007,33,4,10.97
158435,Active,801311,NA,NA,D,2,1,2031442.863,49,2007,20,4.13,51.21
158436,Active,583359,NA,NA,D,3,1,490335.2013,56,2011,22,18.76,184.7
158437,Active,614610,NA,NA,S,2,1,6523.88,38.95,1994,98,13.49,35.8
158438,Active,114991,NA,NA,D,1,0,2537934.319,74.2,2005,25,4,11.19
158439,Active,423055,NA,NA,D,2,1,1464003.689,126.2,2008,66,4,6.3
158440,Active,120234,NA,NA,D,3,1,170754.6013,177,2011,53,4,28.94
158441,Active,560537,NA,NA,D,13,1,306978.615,185,2012,83,5.24,54.99
158442,Active,868723,NA,NA,D,12,1,2977562.404,50.87,2008,41,7.12,105.12
158443,Active,552015,NA,NA,D,1,0,9789111.085,59,1999,13,4,47.75
158444,Active,117322,NA,NA,S,3,1,567738.9688,104.2,2006,47,11.78,67.93
158445,Active,607237,NA,NA,D,2,1,3950107.56,54.2,2002,13,4,20.66
158446,Active,112306,NA,NA,S,5,1,207794.9638,89.25,2005,38,14.69,51.84
158447,Active,128711,NA,NA,S,6,1,1314263.633,75,2009,21,13.18,23.55
158448,Active,2702737,NA,NA,S,8,1,259044.755,59.95,2003,52,9.1,18.99
158449,Active,104179,NA,NA,D,3,1,1246922.345,90.3,1995,45,4,13.98
158450,Active,532583,NA,NA,S,5,1,670388.19,93.25,2010,32,16.58,36.39
158451,Active,532581,NA,NA,S,16,1,213807.0763,290.95,2012,53,56.4,63.99
158452,Active,147933,NA,NA,D,13,1,4133314.965,165.95,2003,23,4,58.99
158453,Active,288933,NA,NA,D,15,1,1934034.05,274.95,2009,29,19.59,76.64
158454,Active,53645,NA,NA,D,14,1,1142226.858,307.36,2006,36,4,52.45
158455,Active,161185,NA,NA,D,4,1,94046.71,39.95,2010,81,11.48,25.39
158456,Active,161066,NA,NA,D,3,1,245957.4825,39.95,2007,89,7.68,18.69
158457,Active,53646,NA,NA,D,15,1,229360.3325,291.95,2009,31,13.75,52.28
158458,Active,161354,NA,NA,D,0,0,394710.5613,35,2003,96,4,10.98
158459,Active,3644938,NA,NA,S,8,1,1478015.5,43.95,2015,13,17.25,18.16
158460,Active,2345805,NA,NA,D,6,1,3510330.338,63.16,1991,20,4,75.99
158461,Active,617740,NA,NA,S,0,0,57197.53875,123.95,1992,25,26.98,66.35
158462,Active,532579,NA,NA,S,2,1,619615.695,63,2006,35,11.29,39.43
158463,Active,538923,NA,NA,S,9,1,739742.925,122,2003,31,9.96,58.91
158464,Active,2357192,NA,NA,S,9,1,1504792.09,120,2002,11,15.94,400.53
158465,Active,161813,NA,NA,D,8,1,2508819.43,8.99,2006,30,4.47,20.09
158466,Active,163135,NA,NA,D,10,1,191969.3,45,2010,63,14.95,163.07
158467,Active,61191,NA,NA,S,8,1,671042.22,23.99,2004,35,4.81,23.99
158468,Active,162102,NA,NA,D,9,1,183333.7988,93.27,2008,49,12.63,58.86
158469,Active,2137580,NA,NA,D,5,1,1492557.686,38.95,2010,26,27.38,97.09
158470,Active,1552956,NA,NA,S,6,1,734028.8188,48.95,2014,16,43.28,44.45
158471,Active,117614,NA,NA,D,3,1,140798.2763,32.2,2006,42,5.96,29.99
158472,Active,118878,NA,NA,D,3,1,54688.4475,64.33,2006,59,6.83,67.31
158473,Active,117615,NA,NA,S,3,1,129464.8463,69.4,2005,37,24.98,53.99
158474,Active,117616,NA,NA,S,3,1,625241.6338,36.67,2005,31,6.9,0
158475,Active,117617,NA,NA,S,3,1,381909.3413,36.67,2005,66,5.97,27.99
158476,Active,1451563,NA,NA,S,4,1,13114.89625,59.99,2014,31,36.91,46.86
158477,Active,1451566,NA,NA,S,4,1,39343.275,31.99,2014,20,21.99,27.26
158478,Active,570555,NA,NA,S,9,1,154711.7888,123.95,2009,61,8.09,82.83
158479,Active,608682,NA,NA,D,8,1,957296.97,62.95,2003,33,3.9,53.71
158480,Active,713738,NA,NA,S,3,1,1838276.989,93,1999,26,4.68,39.38
158481,Active,116108,NA,NA,D,5,1,212203.8463,172.6,2007,58,8.61,48.72
158482,Active,115794,NA,NA,S,2,1,719191.5375,204.6,2003,34,16.99,68.94
158483,Active,120551,NA,NA,S,2,1,393010.9713,86,2008,29,14.24,38.41
158484,Active,2409700,NA,NA,S,3,1,8207969.4,32.95,1992,16,3.99,96.27
158485,Active,2369823,NA,NA,S,2,1,3342439.766,84,1991,18,13.97,28.88
158486,Active,50540,NA,NA,D,9,1,454025.9,321.95,2006,51,4,16.99
158487,Active,50539,NA,NA,S,8,1,1467697.35,205.95,2003,38,4,49.64
158488,Active,50541,NA,NA,D,10,1,55038.315,292.95,2011,48,30.99,81.99
158489,Active,514603,NA,NA,S,3,1,104313.5688,69,2007,77,12.98,28.99
158490,Active,751708,NA,NA,S,2,1,705051.3125,80.95,2009,29,37.98,57.61
158491,Active,541813,NA,NA,S,5,1,487144.2825,49.95,2011,30,17.43,0
158492,Active,881805,NA,NA,D,0,0,1974282.884,21,1963,11,13.67,17.42
158493,Active,290964,NA,NA,S,2,1,253138.4838,67.95,2009,58,12.53,45.35
158494,Active,897857,NA,NA,D,1,0,2302596.9,98.95,2004,17,29.99,65.53
158495,Active,717644,NA,NA,D,6,1,5357961.315,68.95,2001,26,4.21,14.74
158496,Active,60110,NA,NA,D,7,1,509049.92,116.95,2005,40,4,16.73
158497,Active,536186,NA,NA,S,3,1,33886.3325,43.25,2010,21,23.27,23.91
158498,Active,568317,NA,NA,S,3,1,159545.4,43.25,2010,31,9.07,29.06
158499,Active,532577,NA,NA,S,3,1,116490.375,40,2010,18,20.98,21.68
158500,Active,663991,NA,NA,S,2,1,2395655.719,41.99,2013,37,29.98,27.23
158501,Active,287537,NA,NA,D,1,0,1140747.794,82.67,2004,38,4,59.11
158502,Active,132508,NA,NA,D,2,1,129071.4763,103,2008,40,6.87,53.91
158503,Active,2566082,NA,NA,D,1,0,2934162.575,94.95,1993,19,4,18.34
158504,Active,635275,NA,NA,D,2,1,323710.3675,96.95,2006,24,33.96,88.13
158505,Active,259607,NA,NA,S,2,1,5011115.364,88.95,1995,20,4.98,21.24
158506,Active,259643,NA,NA,S,3,1,335376.6638,172.95,2001,37,5.99,42.99
158507,Active,2025408,NA,NA,S,1,0,395438.8213,78.5,2012,32,4,47.99
158508,Active,2025434,NA,NA,S,2,1,133247.655,123.75,2012,54,9.35,123.98
158509,Active,58137,NA,NA,D,3,1,730656.7125,64.95,2008,78,4,7.98
158510,Active,58136,NA,NA,D,2,1,1310448.84,61.95,2006,55,4,12.98
158511,Active,58138,NA,NA,D,3,1,126200.6563,70.95,2010,74,4.51,16.72
158512,Active,298475,NA,NA,S,2,1,546419.4575,56.95,2006,38,5.54,0
158513,Active,616869,NA,NA,S,3,1,151463.8775,269.5,1994,55,8.55,73.3
158514,Active,254895,NA,NA,S,2,1,558190.51,49.95,2006,23,32.36,0
158515,Active,3010873,NA,NA,D,1,0,1379503.899,49.95,1997,38,4,135.33
158516,Active,2325322,NA,NA,S,3,1,422606.3338,64.12,1972,27,4,88.84
158517,Active,548344,NA,NA,S,7,1,491335.6613,302.95,1993,58,4,63.94
158518,Active,244961,NA,NA,S,3,1,534952.665,169.95,2003,91,4.72,33.42
158519,Active,193531,NA,NA,D,0,0,550293.4913,75.95,2008,18,6.74,15.48
158520,Active,244032,NA,NA,D,1,0,2426726.755,97.95,2011,17,4.98,34.47
158521,Active,185117,NA,NA,S,10,1,701177.91,195.95,1997,47,21.97,133.96
158522,Active,595057,NA,NA,D,5,1,75895.0825,97,2012,224,4,10.96
158523,Active,56381,NA,NA,D,4,1,558669.0675,72,2009,327,3,5.74
158524,Active,56379,NA,NA,S,2,1,2321722.068,52,2003,85,4,8.64
158525,Active,621321,NA,NA,S,4,1,379347.6075,49,2011,58,4,13.02
158526,Active,293214,NA,NA,S,3,1,2451477.114,38.5,2007,46,4,5
158527,Active,550509,NA,NA,S,2,1,691171.6838,92.75,2006,41,7.11,55.98
158528,Active,670589,NA,NA,D,4,1,199449.915,139.95,2012,54,22.64,53.93
158529,Active,349963,NA,NA,S,5,1,681162.5475,105.95,2004,38,6.31,45.99
158530,Active,52156,NA,NA,D,18,1,168445.6763,25.99,2010,141,5.98,38.3
158531,Active,52155,NA,NA,D,17,1,210627.2575,20.24,2008,119,4.49,15.04
158532,Active,254089,NA,NA,D,7,1,129179.6475,328.95,2009,69,13.22,69.25
158533,Active,148327,NA,NA,S,6,1,126147.4888,213.95,2006,50,18.54,58.75
158534,Active,745102,NA,NA,D,0,0,2135491.16,177.19,2006,22,5.12,42.99
158535,Active,552443,NA,NA,D,2,1,2270844.63,130.67,2005,34,4.66,26.17
158536,Active,617978,NA,NA,D,3,1,122457.2025,220.4,2008,54,7.61,33.49
158537,Active,115598,NA,NA,D,10,1,544872.3075,84.6,2002,27,7.24,74.28
158538,Active,61148,NA,NA,D,11,1,592224.7913,108.8,2005,25,4.74,55.36
158539,Active,627454,NA,NA,D,8,1,1705282.03,150.9,2009,31,4.49,18.03
158540,Active,550846,NA,NA,D,8,1,530600.3688,226.75,2009,98,4.59,42.89
158541,Active,178281,NA,NA,S,6,1,1730099.004,198.95,2004,26,4,23.94
158542,Active,532573,NA,NA,S,8,1,1062758,287.95,2012,37,5.8,53.99
158543,Active,60112,NA,NA,D,3,1,1052873.651,283.95,2005,46,3.99,42.94
158544,Active,254098,NA,NA,D,4,1,564842.2413,262.95,2010,68,5.98,29.98
158545,Active,764405,NA,NA,D,3,1,3004038.189,209.95,2005,16,5.89,67.9
158546,Active,898392,NA,NA,D,2,1,8470975.356,89.95,1993,20,4.75,48.92
158547,Active,616796,NA,NA,S,7,1,637140.18,68.4,1991,34,4.35,53.05
158548,Active,60113,NA,NA,D,3,1,498398.1425,142.67,2004,56,4.48,62.69
158549,Active,145720,NA,NA,D,4,1,120046.6213,172,2008,56,8.92,63.67
158550,Active,112986,NA,NA,D,3,1,444095.4338,105,2003,18,5.65,43.99
158551,Active,634492,NA,NA,D,2,1,4368353.739,39,1994,19,4,27.49
158552,Active,551917,NA,NA,D,2,1,268703.9013,148.6,1993,67,4,26.43
158553,Active,623729,NA,NA,S,1,0,92489.24625,118.4,1988,43,37.54,103.99
158554,Active,627841,NA,NA,S,1,0,12015.775,119.95,2013,60,45.99,62.98
158555,Active,177761,NA,NA,S,1,0,269164.6763,211.95,2001,70,6.4,35.98
158556,Active,280116,NA,NA,S,4,1,1702838.296,80,2005,16,23.99,65.99
158557,Active,115054,NA,NA,S,2,1,682480.1113,225,1998,40,36.94,168.93
158558,Active,271143,NA,NA,S,9,1,112492.8963,54,2010,34,28.98,0
158559,Active,596787,NA,NA,D,8,1,690073.8438,48,2004,37,6.97,0
158560,Active,2491497,NA,NA,D,3,1,7394727.39,41.95,2003,22,4.98,51.9
158561,Active,3602432,NA,NA,D,0,0,2155398.6,33,1987,24,4,70.25
158562,Active,258464,NA,NA,S,2,1,509166.1113,80,2009,20,36.99,0
158563,Active,1550432,NA,NA,S,0,0,288722.27,48.95,2012,30,36.99,36.99
158564,Active,565870,NA,NA,D,5,1,579008.3863,65,2009,33,9.93,57.67
158565,Active,608354,NA,NA,D,4,1,328648.075,65,2004,48,4.62,17.99
158566,Active,163041,NA,NA,S,1,0,62851.825,59.95,2011,22,33.64,38.84
158567,Active,592615,NA,NA,D,1,0,1052474.813,92.95,2007,19,6.67,22.97
158568,Active,632852,NA,NA,D,1,0,897348.9738,65,2009,21,8.92,22.72
158569,Active,623387,NA,NA,S,1,0,814954.5213,99.95,2006,40,27.99,42.99
158570,Active,744076,NA,NA,D,16,1,724789.8588,99.81,2012,24,52.36,78.34
158571,Active,743864,NA,NA,D,15,1,1608589.12,92.61,2009,18,31.21,23.98
158572,Active,58133,NA,NA,D,14,1,1173330.521,62.95,2007,68,4,4
158573,Active,743536,NA,NA,S,13,1,2877037.486,54.95,2003,54,4,20.07
158574,Active,58134,NA,NA,D,15,1,589450.7375,72.95,2009,113,4,12.52
158575,Active,536387,NA,NA,D,16,1,31625.36125,77.95,2012,72,8.99,57.56
158576,Active,287749,NA,NA,S,3,1,182583.36,75.95,2008,54,36.94,51.48
158577,Active,2696933,NA,NA,D,4,1,1488823.88,72.95,1995,11,6.69,73.61
158578,Active,880215,NA,NA,S,6,1,167029.7325,89,2011,80,8.98,53.99
158579,Active,119608,NA,NA,S,6,1,1318422.281,110,1996,29,5.51,63.37
158580,Active,259943,NA,NA,S,0,0,100995.1825,63.98,2009,27,37.24,37.24
158581,Active,570902,NA,NA,D,2,1,2350074.705,90.4,2009,9,49.56,102.16
158582,Active,131954,NA,NA,D,1,0,1173028.331,39.99,2005,40,6.32,31
158583,Active,105929,NA,NA,D,1,0,2846091.43,75.95,2004,23,3.99,9.05
158584,Active,532570,NA,NA,S,2,1,401758.075,98,2010,44,21.77,61.59
158585,Active,877181,NA,NA,S,11,1,502170.4625,143.69,2012,23,43.9,123.98
158586,Active,575889,NA,NA,D,10,1,49885.765,58.46,2010,48,13.28,51.77
158587,Active,197650,NA,NA,D,9,1,113521.94,48.95,2005,57,4.35,49.49
158588,Active,622675,NA,NA,S,3,1,212878.66,53.32,2009,53,4.49,0
158589,Active,581449,NA,NA,D,0,0,2151972.189,79.95,2003,12,21.43,49.11
158590,Active,193644,NA,NA,D,3,1,1083338.563,86.95,2009,18,4.98,93.23
158591,Active,193501,NA,NA,D,2,1,2035393.611,86.95,2006,24,5.98,44.97
158592,Active,744454,NA,NA,S,5,1,2337772.669,44.95,2000,25,4.48,15.96
158593,Active,599224,NA,NA,D,4,1,1086222.091,47.25,2004,53,4,0
158594,Active,599233,NA,NA,S,5,1,146217.0588,55,2010,23,20.78,0
158595,Active,2535130,NA,NA,D,0,0,1390403.62,41.95,1999,21,23.94,76.89
158596,Active,3072972,NA,NA,D,3,1,525354.2513,126,2003,27,26.26,97.74
158597,Active,629539,NA,NA,S,4,1,838578.7763,89.95,2010,28,35.76,40.35
158598,Active,538235,NA,NA,S,5,1,629738.1663,99,2013,37,9.29,43.91
158599,Active,3149873,NA,NA,D,4,1,10698125.75,74.95,1995,7,6.39,223.35
158600,Active,2261039,NA,NA,D,4,1,3773485.021,72.91,2010,32,9.37,67.53
158601,Active,658089,NA,NA,S,5,1,121255.1663,99,2013,55,73.99,84.03
158602,Active,265143,NA,NA,D,3,1,1552104.006,70,2004,30,4.25,26.99
158603,Active,265161,NA,NA,D,4,1,293560.7575,91,2009,81,5.43,28.93
158604,Active,291587,NA,NA,S,1,0,546853.0163,133.95,2000,41,5.04,64.29
158605,Active,183197,NA,NA,D,1,0,106760.3388,217.95,2006,47,8,92.99
158606,Active,170116,NA,NA,S,2,1,346117.3175,131.95,2010,31,22.36,115.61
158607,Active,850559,NA,NA,S,6,1,175654.7325,198.95,1999,56,10.86,72.12
158608,Active,60114,NA,NA,D,7,1,2230672.293,122.2,2002,49,4,27.57
158609,Active,132225,NA,NA,D,8,1,502976.445,157.4,2006,45,5.12,33.99
158610,Active,176866,NA,NA,S,2,1,290554.9713,359.95,2004,68,5.59,9.9
158611,Active,348383,NA,NA,D,7,1,998867.7538,102.95,2000,42,4,10.04
158612,Active,162489,NA,NA,S,4,1,1320491.69,137,2009,23,20,74.97
158613,Active,555644,NA,NA,S,1,0,61396.975,100,2009,20,53.98,77.18
158614,Active,608594,NA,NA,D,8,1,668052.0563,131.95,2004,32,4.37,61.61
158615,Active,61203,NA,NA,D,9,1,1725845.659,77.95,2007,22,4.37,30.99
158616,Active,110331,NA,NA,S,7,1,89441.3125,73.99,2010,44,21.99,78.99
158617,Active,51849,NA,NA,D,6,1,586310.3588,174.38,2007,64,4,28.99
158618,Active,60115,NA,NA,D,5,1,625954.4875,137.96,2005,72,4.07,32.99
158619,Active,571924,NA,NA,D,4,1,781999.4288,193.95,2002,52,4,23.97
158620,Active,3016860,NA,NA,D,3,1,1483169.978,80.63,1998,29,4.06,12.99
158621,Active,852042,NA,NA,D,4,1,444783.4563,88,2000,25,4.58,73.91
158622,Active,532562,NA,NA,S,7,1,328423.555,129.95,2010,38,45.87,64.77
158623,Active,200109,NA,NA,D,6,1,1313746.676,107.95,2005,43,3.99,16.99
158624,Active,899187,NA,NA,D,5,1,2411092.411,83.95,2002,22,4,62.21
158625,Active,634413,NA,NA,S,6,1,387477.3888,71.95,2010,33,35.41,37.61
158626,Active,628996,NA,NA,S,4,1,518966.995,57.95,1997,46,10.84,44.43
158627,Active,846483,NA,NA,D,2,1,4918150.008,53,1993,14,4.49,18.99
158628,Active,100682,NA,NA,D,7,1,1454289.705,71.32,1999,28,4.14,11.94
158629,Active,144514,NA,NA,D,8,1,1689665.145,140,2004,57,4.57,16.38
158630,Active,286452,NA,NA,D,9,1,1879560.124,216,2008,17,9.44,414.67
158631,Active,607890,NA,NA,D,8,1,1988385.091,153.27,2004,59,4,20.1
158632,Active,532561,NA,NA,D,9,1,125505.6225,229.67,2008,109,4.6,31.99
158633,Active,574801,NA,NA,D,3,1,531609.5388,221,2010,66,5.97,23.98
158634,Active,193551,NA,NA,D,2,1,1348864.433,149,2007,43,4.08,9.98
158635,Active,139546,NA,NA,S,0,0,219276.525,69.95,1995,34,38.89,47.65
158636,Active,267412,NA,NA,D,2,1,1411839.343,145.95,2006,44,4.3,57.47
158637,Active,652478,NA,NA,S,2,1,207761.4438,112.95,2012,35,25.35,48.57
158638,Active,110085,NA,NA,D,7,1,876536.3663,20.67,2009,56,4,12.33
158639,Active,538763,NA,NA,S,8,1,181836.135,90.75,2012,37,19.99,67.62
158640,Active,109263,NA,NA,D,6,1,2243606.219,5.11,2006,43,3.84,13.94
158641,Active,193736,NA,NA,D,5,1,438373.9838,145.95,2011,27,6.99,24.74
158642,Active,193628,NA,NA,D,4,1,378254.9863,104.95,2008,24,4.07,14.95
158643,Active,193408,NA,NA,D,3,1,2325771.189,93.95,2005,21,4,48.69
158644,Active,3146004,NA,NA,D,0,0,2847519.105,19.95,2004,14,6.98,13.24
158645,Active,2171980,NA,NA,D,1,0,609514.4838,32.95,2006,23,5.31,21.89
158646,Active,3146362,NA,NA,D,0,0,951121.2363,32.95,2005,20,5.98,18.89
158647,Active,623437,NA,NA,S,0,0,597309.0738,34.5,2008,27,4.49,51.76
158648,Active,642378,NA,NA,S,0,0,465293.975,34.5,2011,26,21.52,34.5
158649,Active,54911,NA,NA,D,12,1,1830900.406,55.4,2005,45,4,18.6
158650,Active,54912,NA,NA,D,13,1,1280526.224,65,2007,67,4,15.83
158651,Active,159465,NA,NA,D,5,1,186312.08,99.95,2006,60,7.33,43.87
158652,Active,532557,NA,NA,S,6,1,25137.6975,93.95,2011,38,43.91,59.98
158653,Active,289952,NA,NA,D,4,1,705499.2888,76.95,2000,56,4.13,22.89
158654,Active,614521,NA,NA,S,3,1,6279.88625,54.99,2009,58,24.15,27.84
158655,Active,536630,NA,NA,S,3,1,5672.02125,24.99,2009,47,10.77,8.73
158656,Active,871736,NA,NA,S,2,1,20786.61375,54.99,2014,17,30.95,32.23
158657,Active,616195,NA,NA,S,2,1,364982.7875,49.99,2007,35,38.99,49.63
158658,Active,133202,NA,NA,S,3,1,84745.56375,78,2011,44,40.27,33.94
158659,Active,616110,NA,NA,D,2,1,416214.8588,56.2,2002,43,4,10.94
158660,Active,132074,NA,NA,S,0,0,371482.4613,231.6,2006,82,16.93,29.98
158661,Active,132596,NA,NA,S,1,0,594294.0588,198.6,2007,32,12.7,90.34
158662,Active,130860,NA,NA,S,2,1,117773.01,68.2,2011,43,17.94,61.02
158663,Active,245186,NA,NA,S,2,1,153709.5338,117.95,2005,59,14.69,37.44
158664,Active,2924017,NA,NA,D,0,0,714199.3,19.89,2007,10,15.24,19.46
158665,Active,110324,NA,NA,D,1,0,249627.3463,178,2007,32,8.49,33.98
158666,Active,169828,NA,NA,S,2,1,472973.4375,219.95,2009,23,27.23,81.81
158667,Active,222975,NA,NA,S,10,1,322728.2313,327.95,1996,82,5.35,30.37
158668,Active,547950,NA,NA,S,2,1,659350.1863,161.95,1993,40,4,50.78
158669,Active,58267,NA,NA,D,1,0,355743.2538,161.2,2009,48,20.85,28.8
158670,Active,643812,NA,NA,D,0,0,566756.4638,69.99,2009,20,41.94,0
158671,Active,115813,NA,NA,S,4,1,132614.6613,180.8,2003,29,17.41,43.99
158672,Active,53323,NA,NA,D,3,1,19970.71,145.95,2011,100,7.28,33.99
158673,Active,53321,NA,NA,D,2,1,162972.3688,154.95,2008,102,4,19.94
158674,Active,53322,NA,NA,D,1,0,1268402.124,92.95,2005,46,4,23.99
158675,Active,100915,NA,NA,D,4,1,102328.3163,51.95,1997,44,4,45.4
158676,Active,763532,NA,NA,D,5,1,253640.6213,150.95,2002,26,4.06,73.45
158677,Active,169517,NA,NA,S,6,1,57122.04375,152.95,2007,44,20.98,62.88
158678,Active,557311,NA,NA,D,2,1,128114.7375,100.4,2006,75,4,43.81
158679,Active,1826380,NA,NA,S,2,1,9931.9825,89.95,2014,57,42.98,64.38
158680,Active,576698,NA,NA,D,1,0,959237.1863,59.95,2010,64,4,43.93
158681,Active,254501,NA,NA,D,1,0,321476.7688,105.95,2010,94,3.88,14.34
158682,Active,121143,NA,NA,D,1,0,228427.295,98.4,2011,73,4,44.85
158683,Active,539494,NA,NA,D,2,1,82020.67125,104.6,2013,65,6.07,60.05
158684,Active,904476,NA,NA,D,1,0,3277699.045,110.95,1991,21,5.38,73.07
158685,Active,547967,NA,NA,D,3,1,525171.7225,90,1990,29,11.73,74.04
158686,Active,195264,NA,NA,S,4,1,121157.1,125,2008,44,41.4,54.05
158687,Active,57613,NA,NA,S,8,1,812009.1625,78.95,2004,60,4.43,19.7
158688,Active,3780616,NA,NA,S,11,1,68220.825,65,2016,3,59.74,56.78
158689,Active,203531,NA,NA,S,4,1,1653070.591,32.95,2002,47,4,44.39
158690,Active,649551,NA,NA,S,2,1,168340.46,99,2013,24,44.94,0
158691,Active,620721,NA,NA,D,0,0,1059603.636,8.94,2006,36,4,0
158692,Active,1958120,NA,NA,S,0,0,48653.85,50,2014,25,18.98,24.98
158693,Active,2933846,NA,NA,S,0,0,552257.4275,12.99,2004,44,4.99,12.89
158694,Active,1833245,NA,NA,S,0,0,20119.8,39.99,2014,20,19.94,23.98
158695,Active,796276,NA,NA,S,0,0,345084.86,99.99,2011,32,47.24,60.23
158696,Active,612902,NA,NA,S,1,0,55935.88625,50,1988,242,4.92,31.74
158697,Active,918540,NA,NA,D,0,0,337493.5675,7.99,2011,36,4,7.99
158698,Active,264909,NA,NA,D,1,0,2932166.41,104.95,2003,19,6.94,63.87
158699,Active,3512285,NA,NA,D,1,0,2477537.3,54.95,2008,22,13.36,28.97
158700,Active,621361,NA,NA,S,2,1,347747.6575,59.95,2009,28,41.99,0
158701,Active,904270,NA,NA,D,0,0,1389814.303,59.95,1995,30,10.98,42.98
158702,Active,863108,NA,NA,D,2,1,341260.5738,83.95,2003,42,23.99,46.99
158703,Active,649585,NA,NA,S,3,1,14085.8675,74.95,2013,31,53.99,58.76
158704,Active,1952969,NA,NA,S,2,1,999769.5663,69.99,2013,22,48,48.55
158705,Active,654798,NA,NA,D,2,1,636829.3063,94.95,2007,21,21.08,71.81
158706,Active,3791777,NA,NA,D,1,0,2894501.95,185,1999,37,53.93,137.17
158707,Active,621008,NA,NA,D,5,1,201942.4588,69.95,2013,133,4,9.4
158708,Active,1827023,NA,NA,D,6,1,65052.735,69.95,2014,110,7.29,30.99
158709,Active,613058,NA,NA,D,3,1,528505.8975,59.95,2011,101,4,8.27
158710,Active,618007,NA,NA,S,2,1,287194.0175,39,2004,30,4,23.94
158711,Active,361949,NA,NA,S,5,1,371550.1038,71.95,2007,39,28.99,53.99
158712,Active,631001,NA,NA,S,1,0,179829.4575,65,2008,28,24.98,44.05
158713,Active,543081,NA,NA,S,2,1,50765.88625,85,1993,79,33.99,47.99
158714,Active,1732650,NA,NA,S,3,1,459220.4338,40,2010,18,17.88,29.26
158715,Active,614719,NA,NA,S,1,0,46160.76125,52,2006,107,10.41,23.98
158716,Active,1680201,NA,NA,S,1,0,49054.35,60,2013,31,35.03,35.67
158717,Active,1740288,NA,NA,S,3,1,522491.7388,39.95,2012,24,20.88,28.18
158718,Active,609804,NA,NA,S,3,1,463864.6875,58.95,2008,21,15.3,28.65
158719,Active,615167,NA,NA,S,2,1,73902.14625,208.5,2009,36,19.98,80.75
158720,Active,592139,NA,NA,S,2,1,467141.0088,39.95,2010,35,16.19,29.3
158721,Active,1515727,NA,NA,S,8,1,643161.5,146.73,2011,19,49.51,137.99
158722,Active,1455708,NA,NA,S,8,1,472367.125,226.33,2014,22,39.54,166.98
158723,Active,652560,NA,NA,S,2,1,261769.1675,43.5,2012,70,18.36,29.67
158724,Active,532549,NA,NA,S,6,1,32938.10875,115.6,2011,49,33.53,68.99
158725,Active,2622579,NA,NA,D,1,0,851498.5113,47.4,2000,26,4.97,42.33
158726,Active,1597608,NA,NA,S,2,1,442892.8238,64,2012,24,9.59,48.87
158727,Active,117417,NA,NA,D,4,1,1410699.345,61.4,2004,43,3.99,15.98
158728,Active,757199,NA,NA,S,2,1,1882453.823,35,2002,62,4,7.99
158729,Active,626616,NA,NA,S,1,0,303435.7388,78.8,2013,31,25.22,0
158730,Active,176720,NA,NA,S,4,1,740031.735,70.95,2002,57,4,33.94
158731,Active,877282,NA,NA,D,5,1,1861251.95,54.22,2006,55,5.59,18.47
158732,Active,532548,NA,NA,D,6,1,34031.8675,167.95,2010,90,13.36,33.99
158733,Active,177915,NA,NA,D,5,1,486947.7325,119.95,2006,89,4,14.95
158734,Active,131913,NA,NA,D,1,0,655513.29,81.6,2007,20,25.17,68.94
158735,Active,532547,NA,NA,S,2,1,69751.74,106.6,2012,78,45.91,81.6
158736,Active,57237,NA,NA,D,5,1,139127.0875,28.5,2010,65,8.98,80.76
158737,Active,57236,NA,NA,D,4,1,1005123.495,22.99,2006,54,4,30.99
158738,Active,652202,NA,NA,S,15,1,6126.76375,112.95,2014,110,29.47,72.46
158739,Active,53644,NA,NA,S,11,1,865861.6663,118.95,2004,184,4,11.51
158740,Active,53643,NA,NA,D,13,1,118090.8375,125.95,2010,184,4,12
158741,Active,53642,NA,NA,S,12,1,110558.3788,56.76,2007,142,4,23.88
158742,Active,794927,NA,NA,D,13,1,400996.42,229.95,2011,35,4,43.82
158743,Active,244175,NA,NA,D,14,1,60918.3275,118.95,2012,105,4.98,29.73
158744,Active,612628,NA,NA,S,14,1,59464.83125,99.95,2014,45,40.04,65.13
158745,Active,642062,NA,NA,D,0,0,140322.4425,100,2013,49,37.93,72.99
158746,Active,1535762,NA,NA,S,2,1,50944.98375,42.5,2015,22,34.44,35.93
158747,Active,630169,NA,NA,D,1,0,367180.7313,40,2007,49,11.13,0
158748,Active,132104,NA,NA,S,3,1,1323000.104,129,2005,16,10.31,103.79
158749,Active,869779,NA,NA,S,2,1,239437.5125,40,2014,40,28.92,27.3
158750,Active,533542,NA,NA,D,9,1,38291.9275,194,2012,73,18.07,52.97
158751,Active,537377,NA,NA,S,9,1,1073539.829,191.6,2012,36,19.84,668.94
158752,Active,53947,NA,NA,D,7,1,1225475.025,65.13,2007,69,3.51,45.4
158753,Active,53949,NA,NA,D,8,1,304116.0188,154.4,2009,87,4,20.43
158754,Active,176619,NA,NA,S,3,1,103658.85,163.95,2004,47,4.29,63.11
158755,Active,53948,NA,NA,D,7,1,2351599.125,119.6,2006,51,3.79,16.46
158756,Active,1556256,NA,NA,D,2,1,271924.2725,49.95,2010,33,5.4,14.95
158757,Active,904234,NA,NA,D,0,0,806170.25,33.95,1997,31,4,45.71
158758,Active,564609,NA,NA,D,2,1,360359.03,49.95,2003,30,5.43,46.43
158759,Active,541458,NA,NA,S,3,1,292060.4063,51.95,2012,20,42.75,35.19
158760,Active,676909,NA,NA,S,5,1,1264673.358,29.99,2010,53,4,15.63
158761,Active,1439468,NA,NA,S,1,0,57238.7,194,2014,30,45.46,93.85
158762,Active,2729650,NA,NA,D,1,0,1732317.929,42.95,2000,21,4,127.3
158763,Active,638601,NA,NA,D,2,1,724632.135,111.95,2007,36,14.99,45.13
158764,Active,177355,NA,NA,S,1,0,365724.535,300.95,2000,34,27.64,101.98
158765,Active,170046,NA,NA,D,6,1,223952.4163,249.95,2010,53,10,51.08
158766,Active,169133,NA,NA,D,5,1,247000.7963,136.95,2007,69,4,7.94
158767,Active,714435,NA,NA,S,4,1,1815303.514,113.6,2001,18,10.14,32.99
158768,Active,1658090,NA,NA,S,5,1,218321.125,53.53,2009,21,8.93,71.98
158769,Active,166982,NA,NA,D,1,0,555005.975,110,2006,23,49.94,80.96
158770,Active,162015,NA,NA,S,2,1,112276.5688,45,2008,39,12.56,24.48
158771,Active,198101,NA,NA,D,11,1,92952.14,81.95,2009,42,6.6,72.94
158772,Active,658081,NA,NA,S,12,1,36470.33875,87.1,2013,35,53.99,73.99
158773,Active,575790,NA,NA,D,9,1,313002.3013,61.95,2006,37,4,19.54
158774,Active,197749,NA,NA,D,10,1,337688.9675,78.6,2008,43,5.38,72.23
158775,Active,532542,NA,NA,S,2,1,49586.19625,47.8,2012,53,23.63,32.3
158776,Active,197720,NA,NA,S,2,1,169159.1175,68.5,2006,50,11.06,0
158777,Active,620857,NA,NA,D,3,1,175041.5088,80.4,2005,34,10.74,43.94
158778,Active,872109,NA,NA,D,2,1,1192662.431,64.48,1999,42,5.58,44.03
158779,Active,872548,NA,NA,S,2,1,566091.1138,62,1998,62,4,26.65
158780,Active,615796,NA,NA,D,1,0,344166.8763,65,1992,93,4,26.94
158781,Active,844458,NA,NA,D,2,1,1119357.943,36.36,1987,55,4,25.49
158782,Active,155122,NA,NA,S,3,1,86649.385,133.95,1998,50,34.2,53.85
158783,Active,618059,NA,NA,S,0,0,158400.9213,49.95,1989,73,27.35,33.22
158784,Active,288276,NA,NA,D,1,0,810257.3913,43.65,2006,34,4.47,28.98
158785,Active,904014,NA,NA,S,3,1,131758.8713,60.5,2012,23,7.79,30.99
158786,Active,613870,NA,NA,S,2,1,24655.68,41,2001,49,19.99,0
158787,Active,141875,NA,NA,S,3,1,19254.305,46,2008,74,14.07,19.98
158788,Active,288310,NA,NA,D,9,1,132126.5125,115,2011,133,3.88,39.83
158789,Active,540432,NA,NA,D,9,1,156343.295,25,2011,165,3.88,24.66
158790,Active,560063,NA,NA,S,5,1,72844.6775,21,2009,61,7.87,0
158791,Active,540421,NA,NA,S,8,1,140024.8988,63.45,2009,61,4,48.06
158792,Active,142141,NA,NA,D,8,1,124638.7863,27.73,2009,100,4,22.86
158793,Active,621952,NA,NA,D,8,1,1026960.341,78.5,2010,68,4,9.38
158794,Active,55474,NA,NA,D,7,1,259669.81,13.33,2005,240,4,8.82
158795,Active,57823,NA,NA,S,5,1,1984393.215,122.25,2004,38,4.98,16.93
158796,Active,61166,NA,NA,D,5,1,538520.36,100.17,2005,65,4.46,52.45
158797,Active,51899,NA,NA,S,7,1,350945.8925,10.42,2004,111,4.58,10.23
158798,Active,51900,NA,NA,D,8,1,228612.7025,79.95,2007,107,5.54,20.91
158799,Active,877541,NA,NA,S,5,1,27713.06,60.5,2014,52,30.33,53.44
158800,Active,55473,NA,NA,D,3,1,549074.4,21.99,2010,89,4,22.91
158801,Active,613348,NA,NA,D,3,1,502528.875,9.98,2008,61,4,9.98
158802,Active,2573493,NA,NA,D,6,1,12256908.94,0,1969,10,5.13,0
158803,Active,313561,NA,NA,D,4,1,997142.145,122.6,2002,15,17.31,56.37
158804,Active,316599,NA,NA,D,3,1,1365174.808,118,1998,27,7.54,60.19
158805,Active,722542,NA,NA,S,3,1,80342.68,31.95,2009,23,15.44,21.46
158806,Active,1620828,NA,NA,S,1,0,32032.65,40,2014,30,18.77,23.98
158807,Active,1706625,NA,NA,S,1,0,623308.8775,50,2010,35,7.98,33.96
158808,Active,2588757,NA,NA,S,0,0,296653.925,44.99,1932,40,13.81,22.43
158809,Active,844517,NA,NA,D,0,0,891297.275,151.8,1987,27,4.01,62.05
158810,Active,617745,NA,NA,S,1,0,429951.0488,49.95,1988,27,12.69,45.74
158811,Active,608753,NA,NA,D,7,1,379575.435,67.56,2002,27,4,18.37
158812,Active,564046,NA,NA,D,6,1,3112287.988,59.16,1998,20,4.27,89.81
158813,Active,869202,NA,NA,S,9,1,73067.89125,65.99,2015,30,32.99,46.98
158814,Active,2151834,NA,NA,S,0,0,12532.4,49.99,2015,15,31.64,31.01
158815,Active,644587,NA,NA,S,0,0,21949.575,49.99,2012,17,38.92,32.89
158816,Active,2027559,NA,NA,S,0,0,73717.275,75,2014,31,9.77,43.99
158817,Active,118412,NA,NA,D,2,1,217162.5725,32.8,2006,24,7.02,13.48
158818,Active,655195,NA,NA,S,2,1,599220.5463,49.99,2013,36,15.37,39.59
158819,Active,874031,NA,NA,D,8,1,593842.1338,180.95,2009,30,11.63,78.99
158820,Active,642143,NA,NA,S,8,1,271903.445,145.33,2012,38,4.78,64.45
158821,Active,532535,NA,NA,S,8,1,102238.5863,175.88,2009,23,30.05,602.84
158822,Active,873950,NA,NA,S,7,1,2274610.968,112.95,2006,18,7.95,73.49
158823,Active,111259,NA,NA,D,3,1,164053.3313,235.5,2010,74,4,59.27
158824,Active,536598,NA,NA,S,6,1,379170.4563,240.4,2012,37,19.98,193.78
158825,Active,874056,NA,NA,D,6,1,2736083.605,82.95,2002,22,4.34,81.67
158826,Active,52267,NA,NA,D,6,1,637280.5688,323.95,2003,98,4,10.78
158827,Active,52268,NA,NA,D,7,1,67434.52625,299.95,2007,46,21.84,73.43
158828,Active,244390,NA,NA,S,9,1,676492.0513,271.95,2012,39,8.79,135.65
158829,Active,109119,NA,NA,D,6,1,280541.7975,149.5,2004,59,4.63,26.93
158830,Active,532534,NA,NA,D,6,1,19357.80125,226.4,2012,134,13.67,57.62
158831,Active,534448,NA,NA,S,6,1,1259895.019,152.67,2005,72,3.98,8.73
158832,Active,52500,NA,NA,S,4,1,409303.505,138.67,2004,134,4,17.64
158833,Active,146320,NA,NA,D,11,1,38688.675,226.4,2011,133,7.52,41.47
158834,Active,602583,NA,NA,S,6,1,141129.2875,72.37,2007,37,20.94,87.49
158835,Active,145539,NA,NA,D,10,1,357826.6375,162.67,2007,168,4.35,13.99
158836,Active,144130,NA,NA,S,8,1,2197767.916,85.33,1999,59,3.99,12.93
158837,Active,177095,NA,NA,S,1,0,409241.115,254.95,2011,55,26.95,80.84
158838,Active,717158,NA,NA,D,5,1,1994860.216,42.21,2011,61,4,10.94
158839,Active,1447387,NA,NA,S,0,0,822140.1363,136.3,2008,21,22.83,48.99
158840,Active,909579,NA,NA,D,7,1,3583849.013,125,2006,21,6.99,18.98
158841,Active,717098,NA,NA,S,5,1,13505.0275,0,2009,18,4,8.95
158842,Active,109887,NA,NA,D,7,1,1276170.036,55.49,2006,54,4.23,35.69
158843,Active,561488,NA,NA,D,3,1,86667.195,216.8,2011,57,8.03,130.14
158844,Active,60118,NA,NA,D,1,0,1791847.329,152.67,2005,21,4.86,62.75
158845,Active,533996,NA,NA,S,2,1,195488.5263,172,2009,45,17.91,82.61
158846,Active,144493,NA,NA,S,9,1,689597.2338,130.67,2003,131,4.36,18.85
158847,Active,52501,NA,NA,D,5,1,120800.4075,178.67,2008,217,4,21.98
158848,Active,52266,NA,NA,D,7,1,198908.8125,290.95,2008,27,8.31,85.19
158849,Active,169528,NA,NA,D,5,1,611502.8525,335.95,2007,69,4,33.99
158850,Active,627881,NA,NA,S,5,1,154319.815,159.33,2012,39,21.99,48.99
158851,Active,550479,NA,NA,S,4,1,142424.1913,278.25,2013,72,36.47,77.25
158852,Active,532532,NA,NA,D,0,0,1978312.421,165,2007,32,4,17.42
158853,Active,742836,NA,NA,S,3,1,2586761.07,198,2010,14,13.74,0
158854,Active,109315,NA,NA,D,2,1,1874334.625,160.94,2007,31,4.49,23.43
158855,Active,170068,NA,NA,D,6,1,93848.995,317.95,2010,82,5.55,32.28
158856,Active,110233,NA,NA,D,3,1,91554.71875,278.25,2011,103,5.1,54.53
158857,Active,550480,NA,NA,S,1,0,480839.4638,278.25,2012,23,17.75,58.98
158858,Active,550295,NA,NA,D,2,1,701096.4838,23.99,2007,50,4.69,23.94
158859,Active,111263,NA,NA,D,3,1,112105.5575,278.25,2010,66,8.86,17.35
158860,Active,145558,NA,NA,D,4,1,551849.9388,181.33,2007,166,4,16.98
158861,Active,742688,NA,NA,S,5,1,898982.3288,159.33,2011,34,5.34,11.11
158862,Active,742742,NA,NA,S,5,1,268142.7263,179.33,2012,26,53.82,133.99
158863,Active,532530,NA,NA,D,2,1,2352295.925,55.23,2007,32,3.99,36.58
158864,Active,130201,NA,NA,S,1,0,975985.6088,233.4,2009,74,4,40.99
158865,Active,109268,NA,NA,D,2,1,1413249.654,138.54,2008,28,4.79,67.29
158866,Active,52993,NA,NA,S,3,1,248551.76,149.33,2004,99,5.48,23.96
158867,Active,550692,NA,NA,D,2,1,954601.8113,19.94,2008,66,4,19.88
158868,Active,144565,NA,NA,D,0,0,1260399.75,158.67,2004,46,4.69,9
158869,Active,145718,NA,NA,D,2,1,276978.5188,186.67,2008,124,4.35,17.95
158870,Active,532533,NA,NA,S,3,1,33482.63375,233.4,2012,63,47.82,83.99
158871,Active,626235,NA,NA,S,0,0,801271.7963,39.99,2011,90,4,10.34
158872,Active,665208,NA,NA,S,0,0,51160.325,54.95,2007,11,54.95,54.95
158873,Active,532527,NA,NA,S,2,1,1315706.803,49.99,2007,46,4,9.53
158874,Active,639855,NA,NA,S,5,1,137168.7988,44.99,2012,31,11.96,33.49
158875,Active,1721045,NA,NA,D,0,0,479183.2813,39.95,2013,34,6.74,38.16
158876,Active,613867,NA,NA,D,6,1,384789.3975,166.8,2007,111,4.73,30.92
158877,Active,907224,NA,NA,D,3,1,3636560.646,44.99,2004,24,4,27.21
158878,Active,626176,NA,NA,D,4,1,265875.3,69.99,2006,31,6.97,46.65
158879,Active,652385,NA,NA,S,5,1,302166.2,59.99,2013,21,34.89,45.8
158880,Active,2036568,NA,NA,D,1,0,1615478.058,39.99,2008,28,4.48,22.95
158881,Active,663308,NA,NA,S,2,1,523988.59,49.99,2013,34,26.07,35.68
158882,Active,1886427,NA,NA,S,2,1,611907.0163,49.99,2013,21,23.93,33.99
158883,Active,244190,NA,NA,D,2,1,143946.2175,173.95,2012,47,21.95,81.03
158884,Active,249747,NA,NA,D,1,0,337545.1038,191.95,2006,72,4,40.27
158885,Active,864578,NA,NA,S,4,1,444078.0575,39.99,2014,18,16.44,22.1
158886,Active,619816,NA,NA,S,2,1,550035.7225,49.99,2008,54,4.13,17.98
158887,Active,1886574,NA,NA,S,3,1,353597.0025,49.99,2014,20,32.65,31.93
158888,Active,783775,NA,NA,S,2,1,2250123.771,39.99,2004,36,4,8.98
158889,Active,529657,NA,NA,S,7,1,140297.26,217.95,2010,125,8.45,61.97
158890,Active,245066,NA,NA,S,6,1,978285.7963,211.95,2004,84,3.98,19.98
158891,Active,628522,NA,NA,D,1,0,1579101.238,49.99,2011,27,6.98,32.48
158892,Active,861191,NA,NA,S,2,1,211189.3413,49.99,2013,41,22.82,34.98
158893,Active,609778,NA,NA,S,3,1,1271467.269,46.99,2008,49,4,14.94
158894,Active,532521,NA,NA,S,4,1,795460.8525,49.99,2010,56,4,29.94
158895,Active,618290,NA,NA,S,2,1,72578.35125,44.99,2009,40,14.4,0
158896,Active,895002,NA,NA,S,2,1,694553.655,49.99,2014,18,39.59,34.61
158897,Active,348647,NA,NA,D,6,1,1846258.853,71.95,2003,42,4,13.7
158898,Active,621370,NA,NA,S,2,1,219839.7025,39.99,2009,45,10.53,24.8
158899,Active,1436591,NA,NA,S,2,1,120115.975,21,2010,18,6.98,10.65
158900,Active,635146,NA,NA,D,0,0,1379242.848,44.99,2009,30,4.94,27.98
158901,Active,603202,NA,NA,S,2,1,21945.9325,54.98,2014,81,20.43,38.85
158902,Active,603199,NA,NA,D,0,0,600230.6225,11.98,2008,117,4.13,9.37
158903,Active,629810,NA,NA,D,3,1,731547.2138,36.95,2006,28,12.46,30.18
158904,Active,56877,NA,NA,S,3,1,19712.71375,21,2009,99,7.73,11.89
158905,Active,764421,NA,NA,D,1,0,2898615.711,151.95,2004,19,7.34,21.5
158906,Active,627485,NA,NA,D,0,0,1045769.585,39.99,2009,34,4.96,24.99
158907,Active,641845,NA,NA,D,0,0,692864.8863,49.95,1999,33,8.47,47.3
158908,Active,532519,NA,NA,S,5,1,316186.8175,39.99,2012,47,17.99,21.79
158909,Active,286373,NA,NA,D,10,1,152036.9438,154.8,2008,65,4.91,57.46
158910,Active,115064,NA,NA,S,8,1,2670339.105,88,1999,43,3.99,11.13
158911,Active,213062,NA,NA,D,3,1,813663.6838,105,2003,36,4,45.11
158912,Active,547003,NA,NA,S,5,1,28191.9575,124.95,2013,59,48.99,60.88
158913,Active,213279,NA,NA,D,4,1,138985.2413,120,2008,59,7.9,43.21
158914,Active,158285,NA,NA,D,1,0,784413.6325,87.95,2009,27,28.99,67.42
158915,Active,541392,NA,NA,S,2,1,91165.8025,88.95,2013,31,32.46,53.85
158916,Active,642366,NA,NA,D,2,1,826356.0963,99.95,2011,15,103.98,234.99
158917,Active,233589,NA,NA,D,4,1,1587423.308,39.95,2006,51,4,12.76
158918,Active,532517,NA,NA,S,5,1,362295.0025,59,2010,57,13.99,23.98
158919,Active,53704,NA,NA,D,9,1,777942.9713,206,2007,75,4,15.23
158920,Active,53706,NA,NA,D,8,1,1651732.47,173.33,2002,59,4,10.99
158921,Active,117236,NA,NA,D,9,1,320535.7775,87,2006,63,4,13.94
158922,Active,315045,NA,NA,D,5,1,324126.8425,120.2,2007,42,4.39,38.98
158923,Active,2680860,NA,NA,D,0,0,2791072.319,25,1975,15,4,83.17
158924,Active,54562,NA,NA,D,5,1,17645.22,259.95,2011,76,28.96,110.81
158925,Active,533878,NA,NA,D,8,1,332590.6788,131,2006,76,4,19.18
158926,Active,536917,NA,NA,D,9,1,68722.02125,192.6,2010,54,8.78,72.43
158927,Active,54561,NA,NA,D,4,1,318641.3088,274.95,2007,71,14.9,77.49
158928,Active,537810,NA,NA,S,2,1,693686.0463,91.95,2000,32,4,38.94
158929,Active,176688,NA,NA,S,6,1,609644.055,107.95,2000,50,4,14.9
158930,Active,2618992,NA,NA,S,5,1,3301808.111,50.95,1994,32,4,11.79
158931,Active,644124,NA,NA,S,2,1,1189533.618,33,2006,19,10.89,26.06
158932,Active,200615,NA,NA,S,1,0,63795.475,95.95,2011,32,48.17,53.99
158933,Active,646585,NA,NA,D,0,0,588933.7375,119,2006,22,4.78,0
158934,Active,532516,NA,NA,S,2,1,263807.085,80,2012,21,33.91,45.84
158935,Active,2284915,NA,NA,D,0,0,1189866.25,0,1900,13,45,602.99
158936,Active,619755,NA,NA,S,6,1,73051.415,196.75,2012,37,47.39,54.95
158937,Active,191921,NA,NA,D,4,1,2395259.831,15,2000,39,4,15
158938,Active,866652,NA,NA,S,4,1,21011.88125,46,2014,35,17,26.77
158939,Active,532515,NA,NA,S,2,1,242247.2525,58.99,2012,55,13.98,24.61
158940,Active,870754,NA,NA,D,0,0,2237317.184,39.95,2003,31,4,10.49
158941,Active,213181,NA,NA,D,3,1,597274.0438,135,2007,53,4,21.45
158942,Active,662949,NA,NA,S,0,0,25538.35,49.95,2008,16,19.47,26.64
158943,Active,874109,NA,NA,D,4,1,2575440.568,33,1996,21,4,38.34
158944,Active,713817,NA,NA,D,5,1,1152351.623,51.4,1999,17,4.88,45.16
158945,Active,117184,NA,NA,S,6,1,646851.1763,97.2,2005,32,22.8,62.31
158946,Active,117497,NA,NA,S,9,1,775785.4213,109.2,2004,92,4,19.99
158947,Active,103318,NA,NA,D,0,0,10478.20375,19.99,2008,42,10.98,12.7
158948,Active,1656982,NA,NA,S,3,1,895067.85,68.74,2006,20,7.84,139.22
158949,Active,640969,NA,NA,D,5,1,2296615.185,68,1995,17,38.72,109.82
158950,Active,627376,NA,NA,S,1,0,730066.69,173.5,2011,71,4,28.94
158951,Active,532508,NA,NA,S,2,1,1637276.325,49.95,2010,14,36.14,41.44
158952,Active,223594,NA,NA,D,2,1,2637409.28,47.5,2003,32,4,29.29
158953,Active,206181,NA,NA,S,2,1,1071671.495,68.5,2008,27,4.97,0
158954,Active,662815,NA,NA,D,0,0,4850678.481,199,2004,15,12.02,55.2
158955,Active,861192,NA,NA,S,6,1,920553.9463,269.99,2013,31,5.3,38.89
158956,Active,3508664,NA,NA,D,7,1,3917520.3,47.95,2006,11,7.32,24.99
158957,Active,111130,NA,NA,D,12,1,212380.7738,109.84,2011,34,17.68,69.05
158958,Active,54772,NA,NA,D,11,1,130552.025,479.42,2008,55,4.32,32.82
158959,Active,108064,NA,NA,S,9,1,1144022.351,159.37,2004,49,4.18,39.99
158960,Active,533468,NA,NA,D,12,1,77042.53875,97.04,2011,62,8.99,52.57
158961,Active,1630914,NA,NA,S,0,0,29656.425,59.95,2015,18,35.96,35.97
158962,Active,627141,NA,NA,D,13,1,3041113.431,149,2002,32,5.36,12.22
158963,Active,789625,NA,NA,D,14,1,1424009.218,183.99,2006,32,8.95,49.25
158964,Active,2664030,NA,NA,D,0,0,2645626.254,139,1989,22,13.09,40.65
158965,Active,165209,NA,NA,D,5,1,810332.8838,12,2003,33,14.94,101.89
158966,Active,152060,NA,NA,S,3,1,536800.3763,79.99,2004,31,32.94,0
158967,Active,532506,NA,NA,D,4,1,202415.315,84.95,2011,24,21.66,73.99
158968,Active,391738,NA,NA,D,3,1,1158655.209,74.95,2008,28,4.8,10.09
158969,Active,631492,NA,NA,S,5,1,507754.3575,99.95,2011,28,48.89,71.78
158970,Active,147272,NA,NA,D,5,1,1594172.45,105,2004,59,4.38,12.98
158971,Active,147459,NA,NA,D,6,1,234338.79,110,2008,57,4.27,67.43
158972,Active,147079,NA,NA,D,5,1,1077091.21,82.95,2003,41,4.96,43.99
158973,Active,607988,NA,NA,D,10,1,1889766.77,74.95,2003,36,4,33.99
158974,Active,532496,NA,NA,S,2,1,33347.65,34.99,2009,30,16.37,20.48
158975,Active,1460709,NA,NA,S,0,0,465181.9725,7.99,2006,93,4,5.1
158976,Active,402951,NA,NA,D,1,0,1336681.719,115,2000,18,23.48,114.09
158977,Active,314176,NA,NA,D,2,1,2119392.329,145.8,2004,14,22.2,61.99
158978,Active,629161,NA,NA,S,4,1,16125.68125,38.13,2012,49,20.12,26.08
158979,Active,403071,NA,NA,S,3,1,134555.9775,79.6,2007,36,18.4,0
158980,Active,391028,NA,NA,S,3,1,142423.2075,99.25,2006,26,12.95,0
158981,Active,196491,NA,NA,S,2,1,888484.355,72.95,2002,27,24.09,57.33
158982,Active,164567,NA,NA,D,1,0,1307391.375,120,1998,28,8.61,35
158983,Active,299853,NA,NA,S,2,1,497090.2175,61.99,2006,54,4.05,16.02
158984,Active,628680,NA,NA,S,1,0,75492.9075,85,2011,74,25.9,57.2
158985,Active,906593,NA,NA,S,2,1,101901.2113,36,2014,20,23.84,24.37
158986,Active,131710,NA,NA,S,2,1,253107.4038,120.2,2003,57,32.7,53.99
158987,Active,271085,NA,NA,D,4,1,276289.0813,47,2011,75,10.63,47.14
158988,Active,268449,NA,NA,D,3,1,792725.4675,40,2007,80,4,8.81
158989,Active,1954135,NA,NA,S,5,1,17638.11625,46,2014,23,29.53,29.91
158990,Active,532490,NA,NA,S,3,1,764917.6888,65,2010,38,4,14.48
158991,Active,339007,NA,NA,S,2,1,1236816.041,45,2007,25,4,10.37
158992,Active,628476,NA,NA,D,4,1,614570.0225,140,2002,19,9.6,0
158993,Active,894135,NA,NA,D,1,0,4967705.126,62,2007,14,4.91,45.87
158994,Active,268457,NA,NA,D,1,0,652143.355,36,2007,56,4,11.09
158995,Active,646975,NA,NA,S,2,1,54813.53875,43,2013,32,28.58,30.87
158996,Active,542653,NA,NA,S,2,1,174744.9075,35.95,2013,36,10.55,25.66
158997,Active,865930,NA,NA,S,2,1,82123.81625,17.95,2008,45,6.98,0
158998,Active,545733,NA,NA,S,3,1,335096.9125,64.99,2013,26,28.04,30.19
158999,Active,203694,NA,NA,D,2,1,4240351.859,54.95,2005,21,4,8.99
159000,Active,865502,NA,NA,S,4,1,146201.9425,74.99,2014,22,31.98,47.46
159001,Active,532485,NA,NA,D,3,1,1127184.999,65.99,2009,39,3.9,23.23
159002,Active,205185,NA,NA,D,0,0,379136.8313,19,2001,118,4,9.91
159003,Active,119038,NA,NA,D,2,1,641612.7163,146.67,2011,82,4,11.93
159004,Active,752741,NA,NA,S,15,1,417523.9925,29.95,2010,76,4.51,0
159005,Active,2668515,NA,NA,S,0,0,90609.975,86.7,1968,46,10.71,253.98
159006,Active,262981,NA,NA,S,0,0,33143.19375,59,2006,26,26.06,0
159007,Active,914287,NA,NA,D,0,0,894053.5525,58,2008,54,4,16.99
159008,Active,242689,NA,NA,S,2,1,273813.56,45,2007,32,10.98,29.88
159009,Active,2664672,NA,NA,S,0,0,814518.2638,68.97,1971,22,32.68,68.99
159010,Active,577075,NA,NA,D,4,1,8378910.43,53.6,2002,20,4,12.84
159011,Active,615458,NA,NA,S,4,1,1678852.751,37.5,2002,17,4.99,7.98
159012,Active,110237,NA,NA,D,6,1,767231.6713,12.91,2007,75,4,12.48
159013,Active,279141,NA,NA,D,0,0,365900.5763,45,2006,31,4,16.83
159014,Active,2596829,NA,NA,S,0,0,411832.4213,44.99,1989,37,14.99,30.97
159015,Active,533551,NA,NA,S,7,1,33269.07,134,2011,49,35.99,71.12
159016,Active,288960,NA,NA,S,3,1,49129.33,37.5,2011,30,23.78,32.56
159017,Active,53815,NA,NA,D,6,1,271684.6613,88.8,2009,99,4.98,43.99
159018,Active,53816,NA,NA,D,5,1,2104913.988,87.6,2006,67,4,11.58
159019,Active,1552015,NA,NA,S,2,1,277837.9013,44.95,2014,18,31.71,36.26
159020,Active,411134,NA,NA,S,0,0,845911.4688,24.95,2004,56,4,4.99
159021,Active,898217,NA,NA,D,2,1,5317034.98,55.4,1990,16,4,19.61
159022,Active,906128,NA,NA,S,2,1,3962287.614,68.77,2006,24,5.34,48.63
159023,Active,571951,NA,NA,S,2,1,443283.8063,99.95,2002,22,31.96,65.45
159024,Active,552913,NA,NA,S,2,1,562867.7275,64.6,2007,16,48.78,0
159025,Active,205758,NA,NA,D,1,0,879091.2313,55,2001,52,4,19.71
159026,Active,872551,NA,NA,D,0,0,2495759.123,82.5,2003,46,3.99,9.25
159027,Active,613439,NA,NA,D,2,1,544829.5363,103.5,2008,112,4,12.94
159028,Active,851639,NA,NA,S,6,1,1371979.753,34.37,2000,36,3.98,16.94
159029,Active,110771,NA,NA,D,8,1,200441.4488,93.57,2007,64,4.78,52.63
159030,Active,532481,NA,NA,S,9,1,29985,126.25,2011,98,47.29,72.9
159031,Active,606886,NA,NA,D,7,1,621322.7188,8.63,2003,48,4,10.5
159032,Active,344179,NA,NA,S,2,1,677784.9163,34.95,2005,44,5.59,56.09
159033,Active,721022,NA,NA,S,2,1,1557281.005,82,2002,45,4,27.19
159034,Active,593086,NA,NA,D,0,0,1031429.781,42,2006,22,4.2,0
159035,Active,1910281,NA,NA,S,2,1,455758.3025,52,2012,39,14.6,48.34
159036,Active,618237,NA,NA,S,3,1,53207.24625,44.99,2012,59,18.58,23.99
159037,Active,552092,NA,NA,S,2,1,579025.1338,62.53,1992,61,4,28.49
159038,Active,639218,NA,NA,D,0,0,480119.1613,35.95,2010,21,16.93,30.29
159039,Active,2400535,NA,NA,D,0,0,2857149.75,123.69,1900,21,4,52.6
159040,Active,532480,NA,NA,S,4,1,105972.415,128.95,2010,41,11.79,60.48
159041,Active,914478,NA,NA,D,0,0,631378.8838,39.99,1996,31,8.98,111.81
159042,Active,625333,NA,NA,S,2,1,78728.3825,56.99,2008,37,24.37,53.61
159043,Active,1937237,NA,NA,S,1,0,1516924.424,26,2010,104,3.79,4.82
159044,Active,2435128,NA,NA,D,3,1,2266546.751,35.95,1993,25,4.77,39.55
159045,Active,2435202,NA,NA,S,4,1,946447.435,57.95,1998,29,31.09,41.99
159046,Active,722551,NA,NA,S,1,0,1796229.124,53,2006,38,6.28,7.99
159047,Active,627757,NA,NA,S,2,1,446137.735,89.99,1984,51,23.13,50.92
159048,Active,1688055,NA,NA,S,2,1,2593842.665,52.95,2007,13,38.5,45.19
159049,Active,532473,NA,NA,S,5,1,6225.8475,24.95,2010,59,9.32,16.96
159050,Active,695558,NA,NA,S,1,0,492732.3138,110.15,2008,31,8.96,10.49
159051,Active,693006,NA,NA,S,1,0,70002.6525,90.15,2008,104,7.83,64.93
159052,Active,616381,NA,NA,S,0,0,36263.375,90.15,2008,57,14.63,41.9
159053,Active,1604581,NA,NA,S,1,0,155718.3963,79.5,2012,25,33.29,68.99
159054,Active,1604680,NA,NA,D,1,0,310555.135,14.6,2012,12,7.04,23.17
159055,Active,617159,NA,NA,S,0,0,44997.725,90.15,2008,68,7.97,38.86
159056,Active,108496,NA,NA,S,1,0,329072.6888,186,2007,41,19.68,79.79
159057,Active,284466,NA,NA,S,2,1,503362.6263,136.5,1997,100,4,22.98
159058,Active,2090823,NA,NA,S,0,0,21610.55,85,2012,15,46.08,56.22
159059,Active,2766442,NA,NA,S,3,1,208394.8525,42.8,2003,24,22.98,29.89
159060,Active,165817,NA,NA,D,1,0,271096.0813,52.99,2004,28,9.99,19
159061,Active,2094410,NA,NA,S,0,0,56003.625,100,2014,16,48.18,57.24
159062,Active,2095757,NA,NA,S,1,0,14172.55,49.99,2015,15,39.35,31.77
159063,Active,1644664,NA,NA,S,0,0,4140.675,50,2010,33,13.95,29.82
159064,Active,635522,NA,NA,S,1,0,37795.4,103.5,2013,24,41.97,63.08
159065,Active,2081112,NA,NA,S,1,0,157944.82,78.65,2011,28,15.95,46.94
159066,Active,3800528,NA,NA,S,1,0,24577.8,70.5,2013,18,56.98,61.99
159067,Active,663617,NA,NA,S,1,0,57031.825,43.4,2013,25,22.09,32
159068,Active,55158,NA,NA,D,4,1,102282.5638,133.85,2009,58,10.64,38.99
159069,Active,55159,NA,NA,D,2,1,596988.6613,55.79,2005,54,4.8,54.83
159070,Active,634757,NA,NA,S,2,1,740650.2938,42,2012,25,6.95,39.99
159071,Active,50554,NA,NA,D,7,1,318977.055,183.95,2005,61,4,18.38
159072,Active,50553,NA,NA,D,8,1,327595.445,190.95,2009,49,16.13,96.33
159073,Active,3244291,NA,NA,D,4,1,885755.8825,49.73,2005,21,8,50.65
159074,Active,60126,NA,NA,D,3,1,2410282.755,7.94,2002,54,3.99,7.93
159075,Active,109428,NA,NA,D,4,1,284344.4538,23.98,2005,76,4,7.99
159076,Active,246380,NA,NA,S,1,0,43261.3,52.95,2008,20,35.4,35.76
159077,Active,2647877,NA,NA,S,2,1,606117.2763,72.95,1995,30,5.94,40.42
159078,Active,162685,NA,NA,D,1,0,385962.3275,49.99,2009,31,4.94,14.01
159079,Active,1587010,NA,NA,S,2,1,387173.4438,64.99,2015,16,40.05,63.04
159080,Active,2120177,NA,NA,D,1,0,1292916.083,95,2009,29,44.83,79.83
159081,Active,293124,NA,NA,S,1,0,793073.1075,92.95,2000,35,7.5,20.99
159082,Active,298363,NA,NA,D,2,1,620655.6075,125,2006,41,5.92,47.84
159083,Active,607567,NA,NA,S,7,1,1427840.069,36.75,1996,54,4,10.04
159084,Active,628438,NA,NA,S,2,1,385404.5388,92.95,1997,29,27.92,64.2
159085,Active,639117,NA,NA,D,0,0,1532589.288,86,2009,19,28.88,53.38
159086,Active,51441,NA,NA,D,7,1,45022.1225,307.95,2011,61,24.41,46.96
159087,Active,533298,NA,NA,D,5,1,30893.47875,427.95,2012,80,53.96,78.49
159088,Active,642359,NA,NA,S,2,1,269749.9863,118.94,2011,35,25.89,77.93
159089,Active,191950,NA,NA,D,1,0,54454.16375,104.98,2009,95,7.04,49.95
159090,Active,532462,NA,NA,S,4,1,429551.6113,35,2010,25,4.98,9.45
159091,Active,3617889,NA,NA,D,1,0,1297990.65,210,2002,16,29.39,675
159092,Active,239950,NA,NA,D,1,0,276911.8763,182,2002,37,19.68,58.27
159093,Active,51440,NA,NA,D,5,1,1501592.72,310.95,2005,57,4,7
159094,Active,212359,NA,NA,S,2,1,4448911.08,127,1995,37,4,28.99
159095,Active,532459,NA,NA,S,4,1,36971.07875,250.6,2012,46,47.07,110.81
159096,Active,2080959,NA,NA,S,4,1,1636443.408,77.3,2009,12,13.99,73.11
159097,Active,608366,NA,NA,S,2,1,882202.37,26.99,1995,96,4,26.99
159098,Active,169536,NA,NA,D,3,1,622273.8725,32.08,2006,54,3.83,30.32
159099,Active,545161,NA,NA,D,7,1,13829.97125,273.96,2010,98,33.94,110.69
159100,Active,61225,NA,NA,S,5,1,669566.1613,17.22,2002,107,4,7.21
159101,Active,2256943,NA,NA,D,1,0,1555062.529,148.73,2009,38,14.42,67.24
159102,Active,614265,NA,NA,S,4,1,2759652.744,112.95,2002,46,4.27,23.99
159103,Active,51438,NA,NA,D,6,1,195572.7588,325.95,2007,65,4.48,45.99
159104,Active,57608,NA,NA,D,4,1,120421.3025,429.95,2008,71,12.07,66.99
159105,Active,613095,NA,NA,S,4,1,419188.145,155.25,1995,114,4.38,28.98
159106,Active,791502,NA,NA,D,1,0,653124.9775,78.4,2006,50,4,10.61
159107,Active,545718,NA,NA,S,6,1,25722.03125,51.99,2013,41,25.76,25.74
159108,Active,280126,NA,NA,D,4,1,1244743.731,165,2008,21,33.94,33.99
159109,Active,903124,NA,NA,D,3,1,3681326.71,140,2003,23,4,18.91
159110,Active,887644,NA,NA,D,1,0,4545100.971,54.95,1994,14,4,45.15
159111,Active,574871,NA,NA,D,3,1,341661.105,43,2006,37,4.49,18.99
159112,Active,286052,NA,NA,D,4,1,862334.6675,66.6,2005,33,4,28.74
159113,Active,2675813,NA,NA,D,4,1,3542243.975,75.75,1996,39,4,13.79
159114,Active,616934,NA,NA,S,7,1,49243.2975,67.8,2011,41,8.99,40.49
159115,Active,537912,NA,NA,D,4,1,490292.8375,149,2008,85,8.99,42.89
159116,Active,613400,NA,NA,S,3,1,955437.9725,21.99,2002,60,4.8,20.98
159117,Active,613799,NA,NA,D,5,1,68142.98375,154.95,2011,70,13.05,23.99
159118,Active,556468,NA,NA,D,5,1,337909.64,43,2011,35,4.13,45.24
159119,Active,902505,NA,NA,D,2,1,1114605.353,116,2008,22,47.55,123.41
159120,Active,347318,NA,NA,D,1,0,187693.0113,114.99,2009,67,27.32,83.27
159121,Active,3547237,NA,NA,D,1,0,6644259.4,36.95,1998,25,5.39,16.5
159122,Active,635335,NA,NA,S,2,1,637406.0388,90,2004,46,23.99,41.85
159123,Active,912061,NA,NA,D,2,1,1481684.196,119,2000,37,4.48,43.8
159124,Active,3470535,NA,NA,S,4,1,144860.35,89.95,2013,26,39.64,43.99
159125,Active,1718538,NA,NA,S,5,1,259164.55,75,2014,16,32.67,38.63
159126,Active,737329,NA,NA,D,5,1,1424916.726,72,2004,27,4,45.4
159127,Active,433367,NA,NA,D,6,1,1042503.713,120,2008,38,5.25,43.59
159128,Active,624832,NA,NA,S,2,1,655420.7175,76.95,2008,31,11.59,34.58
159129,Active,620849,NA,NA,S,2,1,189439.8925,53,2006,19,19.16,45.62
159130,Active,120936,NA,NA,S,1,0,346440.2688,119,2009,28,21.3,98.42
159131,Active,170054,NA,NA,S,1,0,37997.3,86.95,2011,12,51.32,63.44
159132,Active,268397,NA,NA,D,3,1,532353.9138,65,2005,26,6.76,48.99
159133,Active,911258,NA,NA,S,2,1,3371392.176,42,1998,23,4.57,54.93
159134,Active,622208,NA,NA,S,3,1,69333.99875,99.95,2013,46,34.04,38.67
159135,Active,609426,NA,NA,S,6,1,3878939.656,72.95,1999,26,4,13.99
159136,Active,534286,NA,NA,S,0,0,2024331.98,63,1988,33,4,31.92
159137,Active,161839,NA,NA,D,2,1,383949.125,117.95,2009,63,25.4,58.68
159138,Active,165882,NA,NA,S,3,1,335144.8163,136.95,2004,67,4.09,43.66
159139,Active,2129352,NA,NA,D,2,1,3315396.058,69.95,2009,19,10.74,52.98
159140,Active,543505,NA,NA,S,2,1,481396.1888,95,2004,39,8.99,62.9
159141,Active,1446540,NA,NA,S,1,0,154180.88,59.95,2014,22,25.58,39.68
159142,Active,2579628,NA,NA,D,1,0,2760820.633,115,1994,24,4,50.17
159143,Active,448799,NA,NA,S,3,1,103455.6288,207,2005,75,10.82,43.81
159144,Active,649998,NA,NA,D,3,1,520512.0213,28.99,2011,46,5.19,23.98
159145,Active,130706,NA,NA,S,3,1,276445.25,125.33,2011,49,27.75,90.59
159146,Active,109744,NA,NA,D,1,0,697576.855,46,2006,20,5.98,79.98
159147,Active,130701,NA,NA,D,3,1,9962.5,187,2011,95,11.41,79.7
159148,Active,108294,NA,NA,D,4,1,3588737.499,95.85,2005,36,4,9.99
159149,Active,56777,NA,NA,S,6,1,201419.57,61.02,2009,71,28.24,76.59
159150,Active,132315,NA,NA,S,2,1,1323172.946,172.95,2007,37,4,50.89
159151,Active,202517,NA,NA,D,1,0,458714.3075,13.7,2006,62,4,23.78
159152,Active,55361,NA,NA,D,2,1,523916.82,142,2008,57,4,27.7
159153,Active,202519,NA,NA,S,3,1,2723743.235,73.12,2001,36,4,7.98
159154,Active,54770,NA,NA,D,6,1,452722.8863,22.87,2009,61,4.8,28.86
159155,Active,55360,NA,NA,S,0,0,274454.0363,118.4,2005,75,4,11.99
159156,Active,54769,NA,NA,D,5,1,754306.875,23.99,2006,68,4,13.97
159157,Active,3496808,NA,NA,D,1,0,3352183.4,97,1992,16,10.68,52.61
159158,Active,116990,NA,NA,S,6,1,253374.385,128.8,2008,108,4.94,15.34
159159,Active,396048,NA,NA,S,1,0,82760.85,125,2006,29,53.94,88.99
159160,Active,288711,NA,NA,S,3,1,842426.2975,33.2,2010,29,4,7
159161,Active,60130,NA,NA,D,8,1,1024473.196,11.99,2007,50,4,11.99
159162,Active,532454,NA,NA,D,9,1,282232.3263,68.89,2010,45,6.01,43.88
159163,Active,196416,NA,NA,S,2,1,300926.8063,76.95,1997,67,17.7,41.95
159164,Active,832194,NA,NA,D,2,1,2413868.028,79.95,2002,11,12.99,116.83
159165,Active,2579909,NA,NA,D,2,1,6318550.866,120,1996,17,5.47,35
159166,Active,50166,NA,NA,S,7,1,1293844.731,119.95,2000,75,4,19.99
159167,Active,486258,NA,NA,S,6,1,193662.6875,92.92,2010,19,18.95,30.99
159168,Active,547730,NA,NA,D,1,0,751865.445,105,1999,45,4,18.22
159169,Active,56510,NA,NA,D,5,1,239928.6588,124.95,2007,98,4.07,24.98
159170,Active,421869,NA,NA,D,2,1,2952505.81,58.45,2006,16,14.4,59.98
159171,Active,880561,NA,NA,D,9,1,1946253.635,59.25,2006,52,5.58,30.63
159172,Active,169359,NA,NA,S,9,1,2235648.841,479.7,2006,28,4.36,103.69
159173,Active,56511,NA,NA,S,3,1,997274.69,97.95,2001,53,4.2,33.92
159174,Active,467428,NA,NA,D,1,0,122855.5513,52.98,2006,74,8.86,38.98
159175,Active,50164,NA,NA,D,9,1,651324.5725,164.95,2006,141,4,20.93
159176,Active,50165,NA,NA,D,10,1,40248.37875,294.95,2008,150,7.44,62.84
159177,Active,56509,NA,NA,D,6,1,25510.62375,142.95,2010,85,13.93,33.99
159178,Active,52682,NA,NA,S,2,1,1127433.764,10.73,2005,175,4,9.53
159179,Active,613723,NA,NA,D,5,1,4294.6525,257,2013,178,26.38,46.86
159180,Active,52683,NA,NA,D,3,1,451627.7625,23.99,2007,239,4.43,13.9
159181,Active,540754,NA,NA,S,5,1,8731.03,100.2,2013,85,23.83,43.99
159182,Active,607331,NA,NA,S,2,1,3275863.021,53,2004,49,4,19.74
159183,Active,561270,NA,NA,D,4,1,1457850.649,102.93,2010,30,4.12,54.57
159184,Active,561146,NA,NA,D,3,1,2480650.454,89.2,2007,23,4.13,72.77
159185,Active,561271,NA,NA,D,4,1,315382.1825,89.6,2010,162,4,27.48
159186,Active,61152,NA,NA,D,3,1,1715370.414,76.4,2007,61,4,13.73
159187,Active,532451,NA,NA,D,4,1,402580.7625,80.4,2010,86,4,13.98
159188,Active,561145,NA,NA,D,3,1,3123616.951,76.2,2007,25,6.99,63.85
159189,Active,644381,NA,NA,S,5,1,57008.585,84.4,2013,44,16.3,54.07
159190,Active,620255,NA,NA,D,4,1,1183134.071,75.6,2010,49,4,12.98
159191,Active,916317,NA,NA,D,3,1,2335337.486,67.2,2007,37,4,14.99
159192,Active,1589397,NA,NA,S,2,1,503057.1075,69.99,2008,36,17.73,48.97
159193,Active,871114,NA,NA,S,0,0,301429.14,88.75,1998,84,4.56,15.3
159194,Active,846979,NA,NA,S,3,1,525620.2413,93,1995,84,5.04,23.93
159195,Active,178892,NA,NA,D,9,1,55189.75875,354.95,2010,108,5.75,33.24
159196,Active,552762,NA,NA,S,0,0,77803.20375,106.5,2007,73,23.68,62.73
159197,Active,118078,NA,NA,S,8,1,642669.9738,32,2007,38,4,25.94
159198,Active,2259621,NA,NA,S,12,1,312757.0238,99.49,2008,31,10.43,68.2
159199,Active,50211,NA,NA,D,3,1,1103414.459,136,2004,99,4,15.99
159200,Active,50213,NA,NA,S,5,1,23881.67375,206.2,2010,95,49.54,146.5
159201,Active,607325,NA,NA,S,3,1,228801.2325,92.2,2004,35,8.98,73.91
159202,Active,50212,NA,NA,D,4,1,68181.03,169.33,2008,112,4.98,33.99
159203,Active,450482,NA,NA,D,7,1,3661090.566,235.95,2007,18,4,28.98
159204,Active,178970,NA,NA,D,8,1,1027724.709,222.95,2010,43,4.63,36.37
159205,Active,112279,NA,NA,S,9,1,163832.0175,123.28,2004,81,8.26,61.84
159206,Active,178782,NA,NA,S,8,1,263459.5363,80.34,2000,87,4.58,37.98
159207,Active,2795797,NA,NA,S,7,1,101153.9288,158.67,2004,247,4.92,22.84
159208,Active,653685,NA,NA,S,3,1,1412896.585,141.95,2011,13,6.64,7.52
159209,Active,2077116,NA,NA,S,4,1,105835.5,61.11,2012,20,36.5,56.81
159210,Active,917226,NA,NA,S,8,1,978113.9813,75.58,2009,61,10.77,48.41
159211,Active,727140,NA,NA,S,2,1,211771.7163,88.75,1999,65,4.67,12.19
159212,Active,742614,NA,NA,D,9,1,3454705.815,0,2010,17,4.08,0
159213,Active,613553,NA,NA,S,1,0,423580.1838,114.6,2004,97,6.97,59.31
159214,Active,831318,NA,NA,D,3,1,3933383.631,72.95,1993,11,8.48,72.69
159215,Active,2373429,NA,NA,S,0,0,1349224.638,85.2,1993,52,3.97,28.99
159216,Active,421673,NA,NA,S,0,0,21585.125,129.25,2006,152,8.06,45.96
159217,Active,551762,NA,NA,D,0,0,17408.58875,129.25,2004,115,13.41,61.67
159218,Active,50198,NA,NA,D,10,1,62423.625,179.95,2009,178,4.75,20.84
159219,Active,909225,NA,NA,S,2,1,1341092.36,59.27,2010,53,10.87,101.66
159220,Active,551299,NA,NA,S,4,1,1014162.168,131,2003,46,4.66,18.98
159221,Active,112186,NA,NA,S,1,0,432773.1113,131,2002,66,4,28.94
159222,Active,658605,NA,NA,S,10,1,313589.8625,220.25,2013,37,11.23,95.47
159223,Active,416686,NA,NA,D,9,1,329765.1413,187,2010,147,8.59,23.49
159224,Active,111261,NA,NA,D,2,1,281536.295,33.84,2010,185,6.74,18.41
159225,Active,613180,NA,NA,D,2,1,548573.6413,228.65,2010,129,5.09,21.98
159226,Active,698684,NA,NA,D,2,1,1884661.02,87.65,2010,31,6.05,9.99
159227,Active,613852,NA,NA,S,0,0,1062553.871,93,1999,67,4.1,23.85
159228,Active,169444,NA,NA,D,8,1,365373.6113,429.95,2007,102,4,19.49
159229,Active,534434,NA,NA,D,11,1,11622.4975,280,2012,216,8.42,19.42
159230,Active,914988,NA,NA,S,7,1,2652973.708,28.2,2004,30,4,14.88
159231,Active,846980,NA,NA,S,6,1,372027.6438,93,1995,34,4.8,46.07
159232,Active,169649,NA,NA,D,7,1,1216856.628,281.95,2007,55,4,9.14
159233,Active,450478,NA,NA,D,7,1,642228.4738,293.95,2007,149,4.09,9.83
159234,Active,110359,NA,NA,D,2,1,44711.9925,34,2011,303,4,14.16
159235,Active,109972,NA,NA,D,1,0,578593.6675,4.36,2008,120,4,13.97
159236,Active,515289,NA,NA,S,0,0,131425.3563,119.5,2009,85,17.98,52.43
159237,Active,551932,NA,NA,D,0,0,330420.2988,22.98,2002,175,4,17.35
159238,Active,192019,NA,NA,D,1,0,34188.65125,151.95,2011,155,4,18.99
159239,Active,639185,NA,NA,D,0,0,804915.7288,89.75,2010,29,8.45,33.49
159240,Active,3069435,NA,NA,S,3,1,45904.2,50.5,2005,41,5.6,28.98
159241,Active,629840,NA,NA,S,1,0,156807.8213,146,2012,56,6.71,103.46
159242,Active,593536,NA,NA,S,1,0,13891.13125,117.59,2013,98,16.46,128.99
159243,Active,595599,NA,NA,D,0,0,171779.9425,85.32,2013,47,5.87,0
159244,Active,191833,NA,NA,S,3,1,86868.7375,80,1997,57,6.93,38.43
159245,Active,880295,NA,NA,S,5,1,1294007.549,82.4,1998,21,4.76,23.99
159246,Active,53790,NA,NA,D,9,1,218820.95,68.01,2010,40,14.22,61.01
159247,Active,53789,NA,NA,S,7,1,299681.43,20.5,2004,52,5.98,21.58
159248,Active,53791,NA,NA,D,8,1,77294.5925,28.99,2007,48,6.97,37.31
159249,Active,538562,NA,NA,D,10,1,31876.145,192.5,2013,74,23.99,54.94
159250,Active,417212,NA,NA,D,9,1,53534.8825,146.09,2010,55,10.03,53.93
159251,Active,58538,NA,NA,D,9,1,418762.4475,188.73,2010,72,5.73,38.26
159252,Active,540602,NA,NA,D,10,1,33052.65,216.2,2013,64,31.08,94.94
159253,Active,714210,NA,NA,S,6,1,928229.0813,110,2001,79,4,8.99
159254,Active,58525,NA,NA,S,7,1,323585.9213,141.33,2004,125,5.9,14.44
159255,Active,58528,NA,NA,D,8,1,641769.7713,160,2007,98,4,13.93
159256,Active,117916,NA,NA,S,7,1,894822.645,200.7,2004,47,4.09,11.98
159257,Active,861201,NA,NA,S,10,1,338742.4538,145.13,2013,40,11.31,60.91
159258,Active,57679,NA,NA,D,8,1,416756.7063,191.4,2007,165,4,10.99
159259,Active,57678,NA,NA,D,9,1,37061.4175,218.8,2010,150,7.98,27.99
159260,Active,3513331,NA,NA,D,1,0,101802.75,133.5,2015,75,52.99,63.99
159261,Active,231529,NA,NA,D,2,1,4740234.979,76.95,1998,28,5.05,10.94
159262,Active,126588,NA,NA,S,3,1,708442.5488,89.99,2006,43,10.48,74.42
159263,Active,642028,NA,NA,S,1,0,34880.775,110,2013,36,40.19,62.13
159264,Active,3564285,NA,NA,D,2,1,4079542.6,103,1995,12,6.98,0
159265,Active,552397,NA,NA,S,2,1,304670.48,115,1994,23,13.75,158.33
159266,Active,52844,NA,NA,D,3,1,384596.3388,158,2009,63,4,36.99
159267,Active,146439,NA,NA,D,4,1,97531.93625,191,2011,59,16.12,43.98
159268,Active,162920,NA,NA,S,2,1,558539.0875,126.95,2009,31,26.46,76.24
159269,Active,555318,NA,NA,D,2,1,355402.6613,40,1996,25,5.11,37.5
159270,Active,129373,NA,NA,S,3,1,213267.8288,56,2010,23,43.72,41.17
159271,Active,698960,NA,NA,D,6,1,1245364.985,79.25,2010,23,4.51,104.05
159272,Active,103967,NA,NA,S,4,1,3073628.453,105,1999,37,4,8.23
159273,Active,107260,NA,NA,D,5,1,553854.44,25.49,2004,67,4,25.47
159274,Active,109181,NA,NA,D,6,1,58742.37,198.95,2009,77,13.38,28.99
159275,Active,1478416,NA,NA,S,2,1,904135.8788,160,2013,22,23.38,123.6
159276,Active,582521,NA,NA,D,3,1,3607737.904,169.95,1993,30,4.12,8.98
159277,Active,2577595,NA,NA,D,2,1,8929912.933,0,1985,12,4,0
159278,Active,612996,NA,NA,S,1,0,431003.7613,109.8,2002,105,6.45,56.05
159279,Active,860629,NA,NA,S,4,1,1043601.819,115.4,2012,44,5.96,41.61
159280,Active,435048,NA,NA,D,4,1,97304.35,172.2,2012,149,4.76,49.51
159281,Active,51862,NA,NA,D,3,1,706507.9363,146.4,2009,111,4,38.71
159282,Active,435049,NA,NA,D,4,1,57260.56,180.2,2012,136,4.95,15.5
159283,Active,561440,NA,NA,S,3,1,2173810.873,10.29,2010,30,4.47,8.98
159284,Active,434814,NA,NA,D,3,1,458779.0338,161.4,2009,104,4,11.25
159285,Active,1516375,NA,NA,S,4,1,1334050.904,120.8,2012,44,4.82,45.92
159286,Active,286345,NA,NA,S,0,0,12767.58125,19.95,2009,37,11.58,11
159287,Active,514682,NA,NA,D,10,1,467628.7838,53.81,2010,77,7.3,48.81
159288,Active,912449,NA,NA,D,1,0,295151.4863,139.4,2014,28,23.76,0
159289,Active,742792,NA,NA,D,1,0,8631.25375,131.4,2014,179,11.53,0
159290,Active,178891,NA,NA,D,2,1,186244.765,320.95,2011,95,4,23.13
159291,Active,544308,NA,NA,D,3,1,26237.7475,305.95,2013,78,9.72,48.97
159292,Active,112280,NA,NA,S,0,0,195496.2838,141.25,2005,28,25,92.84
159293,Active,112194,NA,NA,S,0,0,268543.585,161,2005,193,4.98,15.98
159294,Active,706981,NA,NA,S,1,0,196667.8938,150.5,2002,117,4.79,26.35
159295,Active,660628,NA,NA,D,0,0,2606025.259,70.03,2012,16,13.74,0
159296,Active,551225,NA,NA,D,1,0,71810.7375,205.25,2012,132,6.22,27.99
159297,Active,533847,NA,NA,D,13,1,31444.32125,326.95,2012,122,9.89,43.87
159298,Active,50202,NA,NA,S,10,1,437664.0813,223.95,2004,148,4.59,18.97
159299,Active,50201,NA,NA,D,12,1,99370.0675,359.95,2008,150,4.93,24.84
159300,Active,218665,NA,NA,S,2,1,3019662.916,106,2000,39,4.34,47.58
159301,Active,535566,NA,NA,D,4,1,71457.2775,248.95,2012,65,13.81,66.49
159302,Active,53405,NA,NA,S,3,1,882052.285,317.95,2009,30,38.11,89.9
159303,Active,450458,NA,NA,D,2,1,926280.85,167.95,2006,22,7.91,22.02
159304,Active,53403,NA,NA,D,2,1,1045417.246,176.95,2006,57,4,53.89
159305,Active,496666,NA,NA,D,0,0,1831954.666,251.95,2009,39,4.29,18.99
159306,Active,535562,NA,NA,D,4,1,43129.31625,221.95,2012,66,5.44,86.26
159307,Active,170059,NA,NA,D,3,1,178390.4738,232.95,2009,60,4.37,102.69
159308,Active,218729,NA,NA,S,3,1,631293.52,118,2003,88,4.25,34.7
159309,Active,285374,NA,NA,D,8,1,2059013.92,7.49,2007,37,4,106.55
159310,Active,111383,NA,NA,D,9,1,409434.8288,133.5,2010,89,4,9.99
159311,Active,633941,NA,NA,S,10,1,75240.36,131.25,2013,57,15.4,71.96
159312,Active,285533,NA,NA,D,2,1,1164150.741,57.28,2010,81,4,48.25
159313,Active,450326,NA,NA,D,1,0,4316989.415,127.95,2007,20,4.38,33.94
159314,Active,109965,NA,NA,D,8,1,2643103.311,23.64,2007,25,4.14,23.74
159315,Active,113408,NA,NA,D,1,0,973302.4,104,1997,40,4.54,36.06
159316,Active,919915,NA,NA,D,2,1,419282.3788,119,2004,51,6.96,46.98
159317,Active,58127,NA,NA,D,3,1,26988.3775,111.99,2008,87,8.47,43.89
159318,Active,58126,NA,NA,D,2,1,1379866.974,89.95,2006,24,5.34,32.99
159319,Active,58125,NA,NA,S,2,1,413462.8238,80.95,2003,50,4,28.97
159320,Active,2569634,NA,NA,D,2,1,673780.905,130,1990,23,6.39,43.97
159321,Active,290494,NA,NA,D,3,1,1160294.25,135,2004,22,19.46,39.81
159322,Active,130836,NA,NA,S,4,1,231085.4975,149.2,1995,50,4.13,64.77
159323,Active,626645,NA,NA,S,0,0,59433.0575,108.95,2013,49,45.99,57.06
159324,Active,635455,NA,NA,S,2,1,415144.9413,139,1993,51,22.72,88.77
159325,Active,159572,NA,NA,D,2,1,2775107.905,83.95,2006,14,29.88,53.99
159326,Active,542630,NA,NA,S,3,1,15443.88375,105,2013,95,45.99,46.9
159327,Active,296524,NA,NA,D,1,0,326144.0525,55,2004,52,4.48,23.98
159328,Active,194051,NA,NA,D,2,1,83100.26625,83,2004,96,7.92,26.09
159329,Active,175711,NA,NA,D,1,0,207254.1675,105,2009,42,5.52,66.84
159330,Active,221921,NA,NA,D,1,0,4486311.293,109.95,2005,15,12.97,31.78
159331,Active,61112,NA,NA,D,6,1,335605.78,12.99,2005,82,4,30.96
159332,Active,152296,NA,NA,D,3,1,487366.3425,99,2012,81,6.97,42.99
159333,Active,900896,NA,NA,D,1,0,1872258.454,115.95,2005,20,27.33,74.16
159334,Active,913406,NA,NA,D,1,0,1900580.348,220,2005,27,25.1,144.53
159335,Active,621150,NA,NA,S,2,1,1297074.22,131.95,2003,32,5.13,46.73
159336,Active,630979,NA,NA,S,1,0,469490.0538,90,2008,32,36.61,66.98
159337,Active,629115,NA,NA,S,3,1,44301.4925,88,2013,44,22.99,30.68
159338,Active,3153035,NA,NA,D,0,0,1352557.919,89.95,2004,16,4,39.23
159339,Active,868132,NA,NA,D,1,0,1050851.354,110,1991,26,4,44.95
159340,Active,910888,NA,NA,D,1,0,964094.3388,72.95,1995,25,9.81,62.54
159341,Active,649025,NA,NA,D,1,0,1275775.903,169.99,2009,22,48.99,110.25
159342,Active,650056,NA,NA,D,1,0,571218.49,169.99,2010,26,7.54,0
159343,Active,631677,NA,NA,D,1,0,1033000.504,169.99,2008,21,23.12,32.2
159344,Active,203765,NA,NA,D,1,0,1607684.845,163.95,2005,23,16.98,70.18
159345,Active,2751115,NA,NA,D,0,0,7952647.514,150,2003,12,31.22,51.83
159346,Active,630094,NA,NA,D,0,0,1390029.193,169.99,2009,26,41.31,58.64
159347,Active,646447,NA,NA,D,1,0,931657.07,172.99,2009,23,9.31,28.37
159348,Active,53386,NA,NA,D,6,1,571936.2513,18.99,2007,96,4,17.5
159349,Active,53385,NA,NA,S,5,1,2643413.358,113,2002,67,4,30.41
159350,Active,515894,NA,NA,D,7,1,262698.1588,37.01,2007,102,4,21.99
159351,Active,657714,NA,NA,D,1,0,941295.8563,104.95,2003,24,5.98,13.93
159352,Active,541522,NA,NA,S,4,1,885512.9463,41,2012,24,15.31,20.97
159353,Active,125974,NA,NA,D,1,0,185800.9275,168.4,2002,46,13.3,58.01
159354,Active,476885,NA,NA,D,1,0,244460.3013,88.53,2009,33,16.01,62.75
159355,Active,607204,NA,NA,D,3,1,686244.7725,87.35,1996,26,4.34,37.24
159356,Active,285860,NA,NA,D,4,1,335825.98,138.67,1998,58,7.99,88.59
159357,Active,759253,NA,NA,D,1,0,2987261.879,166,2000,17,5.98,58.55
159358,Active,2003175,NA,NA,D,3,1,1298010.641,99.95,2008,25,5.12,51.79
159359,Active,663268,NA,NA,S,10,1,528918.4675,62.95,2013,35,40.83,59.32
159360,Active,152384,NA,NA,D,3,1,1593682.298,89.99,2004,32,4,41.68
159361,Active,2564096,NA,NA,D,0,0,1379737.759,110,1996,22,4.03,48.95
159362,Active,617247,NA,NA,S,1,0,225220.6475,116.6,2003,36,25.75,93.99
159363,Active,608352,NA,NA,D,8,1,540911.5413,33.56,2004,41,4,10.99
159364,Active,226505,NA,NA,D,1,0,1732926.638,70,2004,14,13.99,33.38
159365,Active,144684,NA,NA,S,1,0,3962.525,203.8,2005,86,53.54,135.38
159366,Active,446086,NA,NA,D,9,1,252594.1825,96.42,2008,77,13.25,63.52
159367,Active,551541,NA,NA,D,1,0,132934.065,109.95,2011,28,33.7,0
159368,Active,763495,NA,NA,D,1,0,3536674.153,78.95,1997,25,4,4.04
159369,Active,626772,NA,NA,D,1,0,748161.6238,94.95,2008,29,6.19,79.69
159370,Active,200704,NA,NA,S,0,0,463742.255,93.24,2007,23,10.68,61.99
159371,Active,640774,NA,NA,S,1,0,744023.75,62.58,2007,17,9.81,12.87
159372,Active,763496,NA,NA,D,1,0,8417200.986,87.95,1997,13,4,63.72
159373,Active,865673,NA,NA,S,2,1,281228.5388,22.99,2012,50,4.58,9.99
159374,Active,1593724,NA,NA,D,1,0,6514866.943,112.99,2008,11,32.75,79.56
159375,Active,2598745,NA,NA,D,1,0,4357137.219,43.99,1995,20,4,40.72
159376,Active,1627567,NA,NA,S,2,1,83912.95,39.5,2012,12,24.94,24.96
159377,Active,862526,NA,NA,D,1,0,1583739.288,65,1986,25,6.97,69.29
159378,Active,1627754,NA,NA,S,2,1,99381.6,45,2014,9,30.96,31.97
159379,Active,568730,NA,NA,S,0,0,626070.205,49.99,1997,31,10.46,33.93
159380,Active,895199,NA,NA,S,43,1,202064.55,49.95,2013,29,11.82,48.76
159381,Active,624237,NA,NA,S,40,1,1360673.179,49.95,2010,26,4,29.97
159382,Active,906814,NA,NA,S,43,1,749966.24,49.95,2013,26,22.83,71.56
159383,Active,148573,NA,NA,S,3,1,754107.1488,108.95,2006,45,4,30.88
159384,Active,295035,NA,NA,S,0,0,472948.8788,56.95,2003,49,6.48,23.99
159385,Active,115044,NA,NA,S,5,1,327909.7538,96.8,1999,41,24.99,75.16
159386,Active,2031638,NA,NA,S,5,1,202478.1363,24.99,2012,35,9.98,18.35
159387,Active,2031642,NA,NA,S,5,1,52734.88125,24.99,2012,38,4.13,17.25
159388,Active,637807,NA,NA,S,1,0,27690.075,50,2011,22,28.87,29.31
159389,Active,641685,NA,NA,S,4,1,359156.5675,87,2006,34,26.48,0
159390,Active,268433,NA,NA,S,2,1,208548.3338,40,2006,37,13.94,33.66
159391,Active,1699706,NA,NA,D,0,0,2310343.044,39.95,2006,20,5.33,28.99
159392,Active,1558685,NA,NA,S,2,1,1552442.443,49.95,2011,23,7.97,41.08
159393,Active,737385,NA,NA,S,1,0,2007647.638,37,2006,20,6.26,26.49
159394,Active,624321,NA,NA,S,5,1,91115.225,39,2010,24,23.57,33.09
159395,Active,143646,NA,NA,S,2,1,164224.9,39,2010,41,8.95,24.99
159396,Active,612228,NA,NA,S,12,1,527381.6463,39,2013,16,13.99,0
159397,Active,886648,NA,NA,D,3,1,701000.5263,39,2013,18,23.88,39
159398,Active,738552,NA,NA,S,5,1,161956.95,40,2013,16,31.99,39
159399,Active,2504659,NA,NA,S,1,0,1483106.454,70.73,1984,24,15.94,56.81
159400,Active,622839,NA,NA,S,1,0,580513.1363,79.5,1999,19,6.82,112.63
159401,Active,915405,NA,NA,S,0,0,125940.9525,39.95,2011,28,15.72,15.98
159402,Active,630194,NA,NA,S,2,1,264332.95,49.95,2006,24,38.54,0
159403,Active,126457,NA,NA,S,2,1,588266.8513,614,2005,25,32.63,202.84
159404,Active,745704,NA,NA,S,1,0,722914.1238,50,2001,199,4,7.94
159405,Active,534388,NA,NA,S,5,1,863847.1275,39.98,1983,86,5,30.99
159406,Active,57555,NA,NA,D,9,1,179339.2513,80,2009,68,40.33,68.99
159407,Active,2837806,NA,NA,S,5,1,101817.7238,76.97,1979,103,13.98,53.93
159408,Active,534290,NA,NA,S,6,1,153215.4538,44.25,1991,111,6.44,53.52
159409,Active,56859,NA,NA,D,7,1,409118.4013,48,2000,67,6.74,28.99
159410,Active,57558,NA,NA,S,7,1,620114.7038,96.95,1999,28,23.98,74.86
159411,Active,532428,NA,NA,D,3,1,129635.1463,37,2006,91,5.23,15.99
159412,Active,143545,NA,NA,S,4,1,66424.67,39.95,2011,54,23.91,25.84
159413,Active,143455,NA,NA,D,2,1,126669.64,29,2001,86,4,20.43
159414,Active,184318,NA,NA,D,1,0,5234300.35,246.95,2002,12,6.63,137.29
159415,Active,625227,NA,NA,D,5,1,601123.9263,102.99,2011,39,43.99,88.98
159416,Active,640879,NA,NA,D,0,0,816970.4425,102.99,2010,20,63.99,0
159417,Active,367121,NA,NA,D,1,0,1347499.13,124.99,2006,18,22.51,87.99
159418,Active,58264,NA,NA,S,5,1,2021017.408,64,2004,53,3.99,11.98
159419,Active,618154,NA,NA,D,5,1,1640468.171,259,2002,24,4.48,9.3
159420,Active,2115617,NA,NA,S,2,1,415432.3438,53.99,2014,19,43.97,53.99
159421,Active,1781259,NA,NA,S,3,1,86744.20375,39.99,2015,16,22.92,25.25
159422,Active,572780,NA,NA,D,1,0,753473.4775,55.96,1996,39,4,26.94
159423,Active,865372,NA,NA,S,5,1,324324.1625,24.99,2013,47,6.57,12.47
159424,Active,864181,NA,NA,S,4,1,636336.3438,24.99,2012,71,4,7.93
159425,Active,248106,NA,NA,S,3,1,49069.4675,36.95,2010,96,7.78,14.81
159426,Active,655650,NA,NA,D,0,0,339050.455,59.99,2010,23,40.9,0
159427,Active,645896,NA,NA,D,4,1,1834035.675,199,2006,20,59.23,134.34
159428,Active,3577582,NA,NA,S,3,1,142507.35,46.95,2016,23,26.29,34.53
159429,Active,615762,NA,NA,S,2,1,950169.1525,8.99,2009,45,4,7.89
159430,Active,618981,NA,NA,S,1,0,23368,35.99,2008,38,11.75,18.48
159431,Active,858459,NA,NA,S,11,1,1460.16875,16.95,2014,54,12.97,12.99
159432,Active,57816,NA,NA,S,10,1,147278.7263,14.95,2007,91,6.68,12.1
159433,Active,912371,NA,NA,S,33,1,445935.8025,49.95,2012,34,12.6,42.14
159434,Active,2164810,NA,NA,D,35,1,298286.8513,54.95,2014,38,14.76,24.98
159435,Active,913206,NA,NA,D,30,1,726859.7475,49.95,2009,34,5.08,36.92
159436,Active,3822114,NA,NA,D,29,1,1351216.3,39.95,2008,39,4.47,47.53
159437,Active,277798,NA,NA,S,10,1,219573.0975,29.95,2010,35,4.63,20.73
159438,Active,252035,NA,NA,S,2,1,519810.73,174.95,2008,25,27.8,63.98
159439,Active,1435985,NA,NA,S,1,0,44491.2,62,2008,25,22.97,24.99
159440,Active,298869,NA,NA,S,3,1,242681.7125,99.95,2009,79,20.29,68.54
159441,Active,298004,NA,NA,D,1,0,341512.7113,108.95,2004,64,4,9.74
159442,Active,2836320,NA,NA,D,5,1,3679917.086,190.95,1992,20,4.97,39.49
159443,Active,3472873,NA,NA,D,6,1,1639928.2,68.8,2007,28,8.78,72.11
159444,Active,532418,NA,NA,S,7,1,107424.8538,113.4,2011,53,43.98,53.99
159445,Active,876062,NA,NA,S,5,1,1602922.819,101.95,1993,27,9.05,53.67
159446,Active,202199,NA,NA,S,6,1,779217.2938,117.95,1998,22,15.54,72.03
159447,Active,252037,NA,NA,D,8,1,269502.435,121.95,2008,36,23.99,83.98
159448,Active,182593,NA,NA,S,1,0,78454.3,61.95,2002,45,26.47,38.97
159449,Active,591596,NA,NA,S,2,1,780513.5438,43.99,2006,50,4,11.83
159450,Active,625394,NA,NA,S,2,1,1068179.938,43.99,2006,30,4,14.9
159451,Active,246231,NA,NA,S,2,1,146215.1413,52.99,2005,24,18.93,0
159452,Active,532416,NA,NA,S,2,1,804847.5813,42.99,2005,28,28.4,171.75
159453,Active,532415,NA,NA,S,3,1,53809.7575,49.99,2010,39,17.74,31.01
159454,Active,534751,NA,NA,S,4,1,22990.44625,53.99,2013,31,18.99,40.48
159455,Active,532412,NA,NA,S,5,1,79335.7625,52.99,2008,35,13.99,27.88
159456,Active,246243,NA,NA,S,4,1,1387126.606,36.95,2006,46,4,10.98
159457,Active,639729,NA,NA,S,6,1,18475.6875,50.99,2013,50,16.99,24.87
159458,Active,613253,NA,NA,S,3,1,1776922.653,35.95,2003,59,4,22.89
159459,Active,609492,NA,NA,D,4,1,1724132.291,36.95,2006,63,3,10.78
159460,Active,532413,NA,NA,D,5,1,322814.3738,44.99,2008,94,4,16.59
159461,Active,534755,NA,NA,S,6,1,80633.99125,51.99,2013,39,19.98,25.54
159462,Active,536042,NA,NA,S,5,1,241360.0463,52.99,2009,56,11.98,25.21
159463,Active,2596725,NA,NA,S,2,1,509785.3688,54.99,1990,38,12.97,46.35
159464,Active,655285,NA,NA,S,1,0,108937.25,59.99,2012,22,33.99,35.51
159465,Active,3596888,NA,NA,D,0,0,345819.25,89.95,2012,36,59.41,61.61
159466,Active,2168121,NA,NA,S,1,0,72838.725,145,2013,27,28.79,86.79
159467,Active,234224,NA,NA,D,4,1,480204.2088,50,1996,41,4.47,34.99
159468,Active,2699020,NA,NA,D,2,1,1076773.413,65,2000,23,5.96,56.15
159469,Active,637173,NA,NA,S,3,1,74493.20375,93.95,2008,44,22.32,54.43
159470,Active,642078,NA,NA,S,2,1,266695.56,84.95,2013,27,40,58.72
159471,Active,871126,NA,NA,D,2,1,1844752.12,36.95,2003,62,3.98,10.12
159472,Active,789764,NA,NA,D,4,1,201035.07,47.99,2009,52,4.18,19.61
159473,Active,532406,NA,NA,S,5,1,58345.54125,55.99,2012,66,15.94,25.64
159474,Active,246244,NA,NA,D,3,1,1250403.289,39.95,2006,83,4,11.34
159475,Active,701812,NA,NA,S,5,1,59655.32875,40,2010,40,19.95,20
159476,Active,702515,NA,NA,S,14,1,105277.86,28,2013,30,11.98,18.4
159477,Active,874313,NA,NA,D,0,0,557823.03,44.95,1990,73,4.53,22.96
159478,Active,755465,NA,NA,S,1,0,1334098.218,84.95,2010,15,36.43,43.99
159479,Active,915780,NA,NA,D,1,0,2864028.276,32.5,1998,34,4,25.87
159480,Active,336668,NA,NA,S,2,1,573819.7563,49.95,2007,25,20.88,31.68
159481,Active,2125199,NA,NA,D,0,0,2157581.555,119,2006,19,7.02,48.02
159482,Active,544434,NA,NA,D,12,1,420686.6475,100.95,2013,67,11.78,61.27
159483,Active,251983,NA,NA,D,11,1,638393.8213,126.95,2008,112,4,32.74
159484,Active,251984,NA,NA,S,11,1,968407.8688,142.95,2008,46,5.81,27.71
159485,Active,876999,NA,NA,D,0,0,925047.1863,80.38,2009,39,6.72,89.74
159486,Active,244951,NA,NA,S,10,1,338508.8113,127.95,2003,54,8.44,28.99
159487,Active,3827541,NA,NA,D,1,0,2227138.9,89.95,2010,26,80.06,77.07
159488,Active,893499,NA,NA,D,2,1,1467625.263,49.95,1996,26,4.07,72.23
159489,Active,543016,NA,NA,D,3,1,1231768.743,61.99,2009,33,4,31.53
159490,Active,2339343,NA,NA,D,3,1,3217289.51,54,1991,24,10.11,42.71
159491,Active,1719673,NA,NA,S,4,1,98398.71125,86.5,2008,19,47.98,80.99
159492,Active,3595323,NA,NA,D,3,1,4184261.4,52,2004,13,43.94,0
159493,Active,2369621,NA,NA,D,0,0,8031981.15,0,2001,3,39.97,169.06
159494,Active,631484,NA,NA,S,3,1,73616.775,70,2011,25,48.09,48.66
159495,Active,706425,NA,NA,S,0,0,722862.2688,116.25,2001,134,4,25.94
159496,Active,708325,NA,NA,D,0,0,691296.5038,100,2004,25,8.18,63.71
159497,Active,112335,NA,NA,S,0,0,117127.3863,116.5,2007,72,20.94,63.93
159498,Active,112105,NA,NA,D,0,0,247436.7313,116.25,2001,129,4,15.98
159499,Active,615319,NA,NA,S,2,1,149851.1675,115.5,2005,81,5.87,58.97
159500,Active,709282,NA,NA,S,3,1,1394021.683,92,2007,27,7.83,24.86
159501,Active,708231,NA,NA,S,2,1,1537674.909,93.75,2004,32,4.56,38.99
159502,Active,708233,NA,NA,S,2,1,1725772.338,80.76,2004,40,5.13,47.72
159503,Active,619126,NA,NA,S,3,1,3070548.895,87.75,2001,37,4.64,9.89
159504,Active,618596,NA,NA,S,1,0,100977.2738,118.25,2007,56,7.99,49.98
159505,Active,532399,NA,NA,S,3,1,46787.215,35,2010,34,13.97,19.17
159506,Active,51341,NA,NA,D,6,1,469461.9225,113.33,2006,41,4.19,38.96
159507,Active,606706,NA,NA,D,2,1,1115243.813,138.95,1996,25,4.3,21.61
159508,Active,2678483,NA,NA,D,0,0,1432004.08,69.47,1979,20,4.04,49.89
159509,Active,663025,NA,NA,D,0,0,9603.70875,39.95,2004,41,18.29,25.71
159510,Active,2678609,NA,NA,D,0,0,7076819.42,199,1989,19,6.04,69.73
159511,Active,2679988,NA,NA,D,2,1,1344474.415,249,1996,22,10.12,62.17
159512,Active,890170,NA,NA,D,0,0,1209149.598,48.95,2008,12,43.97,48.95
159513,Active,902639,NA,NA,D,1,0,1644318.371,94.5,2001,25,19.66,59.53
159514,Active,1839549,NA,NA,D,2,1,5736479.413,262.95,2006,14,10.33,68.99
159515,Active,2551489,NA,NA,D,0,0,5377724.639,48.95,2002,16,6.54,48.11
159516,Active,187973,NA,NA,D,3,1,751774.2625,310,2001,25,8.89,123.99
159517,Active,619392,NA,NA,S,2,1,491284.685,110,2007,33,16.02,55.05
159518,Active,2650080,NA,NA,D,10,1,6862925.804,178.95,2004,12,6.38,43.76
159519,Active,536394,NA,NA,S,8,1,23911.94625,47.95,2013,28,27.72,29.39
159520,Active,2597286,NA,NA,S,1,0,404990.4213,49.99,1990,42,8.98,38.41
159521,Active,532395,NA,NA,S,5,1,541488.6375,36.95,2010,20,30.81,37.95
159522,Active,270888,NA,NA,S,2,1,161594.8125,37,2009,30,29.21,31.39
159523,Active,532394,NA,NA,S,2,1,328894.29,58.95,2006,33,15.02,44.25
159524,Active,900366,NA,NA,S,9,1,300646.9025,28.99,2014,59,4.24,35.99
159525,Active,238827,NA,NA,S,3,1,104538.7675,92,2008,46,37.99,123.87
159526,Active,536256,NA,NA,S,8,1,21019.12625,57,2010,39,30.78,40.56
159527,Active,651506,NA,NA,D,2,1,1332258.224,74.95,2001,30,25.19,108.53
159528,Active,678399,NA,NA,S,2,1,11337.11125,18.95,2010,50,6.89,10.64
159529,Active,635566,NA,NA,S,1,0,38645.95,45,2013,12,27.59,27.96
159530,Active,918678,NA,NA,S,2,1,2695709.639,49.95,1979,40,4.77,47.85
159531,Active,560858,NA,NA,S,3,1,451328.655,77.2,2005,83,4,27.9
159532,Active,1455106,NA,NA,S,11,1,77992.12875,128,2014,48,34.59,47.88
159533,Active,2692036,NA,NA,S,4,1,730472.8188,60,2003,38,6.68,96.7
159534,Active,2140722,NA,NA,S,3,1,186010.4225,16.95,2007,30,26.91,41.99
159535,Active,3559706,NA,NA,D,4,1,2761150.6,185,1998,23,5.04,38.99
159536,Active,154338,NA,NA,D,0,0,69234.35625,44.5,2001,90,4,23.2
159537,Active,153917,NA,NA,D,2,1,49208.04125,43.37,2005,58,4.21,42.19
159538,Active,153802,NA,NA,D,3,1,12929.75375,71,2011,90,33.95,53.68
159539,Active,50537,NA,NA,D,4,1,991006.3775,130,2005,77,4,13.8
159540,Active,50538,NA,NA,D,5,1,255770.9025,164.6,2010,66,7.99,93.5
159541,Active,534346,NA,NA,S,5,1,1962276.12,234.15,1981,19,4.12,72.69
159542,Active,624590,NA,NA,S,6,1,281419.5138,128.95,1989,38,12.74,73.05
159543,Active,885846,NA,NA,D,8,1,920208.2125,54.95,2011,15,48.91,113.37
159544,Active,540348,NA,NA,S,2,1,70880.825,39.95,2010,23,27.23,38.35
159545,Active,1655578,NA,NA,S,1,0,57255,40,2010,16,23.81,23.98
159546,Active,3520480,NA,NA,D,0,0,1977262.8,95,1984,34,4.87,26.99
159547,Active,639374,NA,NA,S,2,1,127908.9288,54.95,2006,38,33.98,43.91
159548,Active,277033,NA,NA,S,5,1,502459.2288,30,2004,32,13.37,20.24
159549,Active,199967,NA,NA,S,3,1,164351.7338,96.95,2003,39,11.97,56.07
159550,Active,3598355,NA,NA,D,0,0,600001.3,100,2012,51,34.73,57.56
159551,Active,2020925,NA,NA,S,1,0,6336.6,50,2012,49,21.95,28.3
159552,Active,546349,NA,NA,S,1,0,13832.8,50,2004,56,15.74,21.68
159553,Active,255643,NA,NA,D,2,1,1441346.301,56.95,2006,29,4,13.97
159554,Active,623731,NA,NA,S,2,1,612727.4475,84.95,1988,37,17.96,59.25
159555,Active,628738,NA,NA,S,6,1,165611.8938,106.25,2009,35,40.8,48.57
159556,Active,294348,NA,NA,S,2,1,443535.5413,40,2002,57,4,15.28
159557,Active,1484417,NA,NA,S,1,0,504632.5438,45,2010,23,23.99,34.99
159558,Active,60137,NA,NA,D,18,1,1512709.658,68.95,2004,33,4,11.98
159559,Active,572268,NA,NA,D,7,1,204363.87,128.36,2007,66,4,14.98
159560,Active,864053,NA,NA,S,2,1,199693.0025,39.95,2011,42,17.93,39.95
159561,Active,248261,NA,NA,S,3,1,744337.74,110,2010,24,11.75,80
159562,Active,495349,NA,NA,D,3,1,77112.4375,105,2010,150,5.71,25.98
159563,Active,532380,NA,NA,D,2,1,198580.995,99.95,2008,41,6.38,28.99
159564,Active,176786,NA,NA,S,1,0,1797797.68,209.95,2003,21,4,63.33
159565,Active,718404,NA,NA,D,1,0,1726405.899,36.95,2002,36,5.86,22.98
159566,Active,539736,NA,NA,S,2,1,444454.3413,44.95,2011,26,28.49,38.16
159567,Active,288761,NA,NA,D,1,0,2698594.779,49.95,1999,23,4.39,12.98
159568,Active,532379,NA,NA,S,2,1,389035.72,69.95,2008,33,23.99,55.16
159569,Active,508874,NA,NA,D,1,0,1223625.496,225,2006,22,63.69,165.69
159570,Active,2675557,NA,NA,S,2,1,4039465.903,65.65,1988,44,4,17.77
159571,Active,1661547,NA,NA,S,4,1,4250.00125,11.95,2012,35,5.83,7.05
159572,Active,894485,NA,NA,D,2,1,7426337.849,295,2001,15,7.92,60.09
159573,Active,889383,NA,NA,D,0,0,5146374.225,250,1995,18,4.36,53.75
159574,Active,247993,NA,NA,S,2,1,71467.92625,39.95,2008,45,20.6,26.32
159575,Active,405224,NA,NA,D,0,0,757907.7463,58.95,2009,16,17.94,0
159576,Active,677632,NA,NA,S,1,0,547034.905,29,2010,51,4,16.36
159577,Active,633135,NA,NA,S,7,1,119726.1563,56.8,2011,21,43.98,0
159578,Active,3474869,NA,NA,D,6,1,2841204.9,56,2008,33,4,11.74
159579,Active,3472627,NA,NA,D,4,1,4660508.25,46.67,2005,27,3.84,10.98
159580,Active,598540,NA,NA,D,0,0,78651.4525,85,2005,37,48.79,83.99
159581,Active,645588,NA,NA,D,3,1,1553446.645,82.95,2006,22,4.9,28.29
159582,Active,533447,NA,NA,D,4,1,192792.6,106.95,2009,62,11.19,33.98
159583,Active,534370,NA,NA,S,3,1,452363.5538,79.95,1992,68,4.48,23.95
159584,Active,55042,NA,NA,D,4,1,328549.5363,89.95,2007,36,9.31,18.98
159585,Active,1623207,NA,NA,S,9,1,786995.6125,84.08,2008,26,18.44,84.98
159586,Active,546751,NA,NA,D,4,1,749369.655,87.99,2010,38,5.97,10.1
159587,Active,577402,NA,NA,D,3,1,1669977.8,79.95,2007,42,4,8.99
159588,Active,650045,NA,NA,D,3,1,1119104.011,104,2010,35,31.08,127.75
159589,Active,249030,NA,NA,D,8,1,1524362.688,218,2007,23,9.97,35
159590,Active,545283,NA,NA,D,9,1,781980.7163,289,2011,22,45.96,66.99
159591,Active,803877,NA,NA,D,7,1,4049191.946,78,2005,19,4,29.98
159592,Active,909309,NA,NA,D,8,1,1599406.039,99.95,2008,27,6.34,18.97
159593,Active,720321,NA,NA,S,1,0,1191592.555,82,2001,55,4,22.99
159594,Active,630555,NA,NA,S,2,1,339859.33,76.95,2012,49,37.57,58.53
159595,Active,266251,NA,NA,D,7,1,523687.4788,219.95,2011,104,4,33.99
159596,Active,609512,NA,NA,D,6,1,755907.3463,242.95,2008,61,4,15.48
159597,Active,117830,NA,NA,D,1,0,180752.2513,86.8,2007,37,12.06,0
159598,Active,647118,NA,NA,S,2,1,15451.82875,45,2012,29,23.98,28.98
159599,Active,914302,NA,NA,D,1,0,427910.8463,40,2004,30,18.73,52.99
159600,Active,618340,NA,NA,S,0,0,45169.8525,39.13,1999,109,4.75,25.02
159601,Active,1957248,NA,NA,S,1,0,336313.24,50,2014,35,8.83,2346.73
159602,Active,2158250,NA,NA,D,2,1,460957.84,39.95,2009,20,7.94,38.54
159603,Active,56838,NA,NA,D,9,1,651881.0625,101.67,2009,108,3.99,7.7
159604,Active,539995,NA,NA,D,10,1,110297.6388,121.4,2012,93,5.29,23.99
159605,Active,267939,NA,NA,D,1,0,953900.5375,90,2007,23,13.08,46
159606,Active,863636,NA,NA,S,2,1,1389908.039,109,2007,26,15.2,49.84
159607,Active,743418,NA,NA,D,1,0,475233.7863,62.95,2006,27,4.96,21.94
159608,Active,632105,NA,NA,S,2,1,194985.4488,69.95,2012,26,27.62,49.71
159609,Active,620851,NA,NA,S,3,1,431172.28,313.99,2006,34,11.3,0
159610,Active,743458,NA,NA,D,1,0,1024839.155,106,2004,23,5.33,24.99
159611,Active,3514188,NA,NA,D,0,0,7378904.25,69.95,1997,32,4.37,4
159612,Active,789048,NA,NA,D,2,1,4532226.631,74.95,2001,30,4,36.98
159613,Active,3514287,NA,NA,D,0,0,7351802.05,199,1999,37,5.17,14.86
159614,Active,532371,NA,NA,S,3,1,337004.6775,249.99,2010,37,4.99,69.99
159615,Active,666040,NA,NA,D,1,0,2534809.469,188,2006,17,13.45,80.31
159616,Active,608001,NA,NA,D,6,1,454940.1888,89.95,2005,36,4.28,29
159617,Active,477684,NA,NA,D,4,1,466217.9063,200.95,2009,36,37.21,91.48
159618,Active,542885,NA,NA,D,1,0,1248473.519,81.95,2006,16,5.2,39.6
159619,Active,610016,NA,NA,D,7,1,738159.0513,108,2010,43,12.82,74.84
159620,Active,3071029,NA,NA,D,1,0,535144.0688,49.95,2005,22,4,65.05
159621,Active,408164,NA,NA,D,1,0,1953162.769,80.95,2006,35,4,21.9
159622,Active,532368,NA,NA,D,2,1,955385.2963,95.95,2009,25,6.96,49.93
159623,Active,664736,NA,NA,D,3,1,409217.1488,97.95,2013,57,48.99,45.53
159624,Active,561628,NA,NA,S,2,1,531031.0963,54.95,2002,29,5.88,55.86
159625,Active,2153696,NA,NA,S,1,0,56272.325,39.5,2010,15,23.94,29.42
159626,Active,905450,NA,NA,D,0,0,1780742.244,99,1995,22,11.81,155.67
159627,Active,1651376,NA,NA,S,5,1,1381666.435,42.95,2006,18,9.85,40.77
159628,Active,532365,NA,NA,S,3,1,148845.22,22.99,2012,23,13.88,0
159629,Active,874319,NA,NA,S,9,1,1377017.563,6.98,2006,65,4,7.99
159630,Active,606902,NA,NA,D,9,1,694841.8788,8.82,2005,86,4,8.74
159631,Active,110752,NA,NA,S,11,1,30085.095,140.75,2011,62,34.8,83.98
159632,Active,607015,NA,NA,D,10,1,397724.1063,17.51,2008,91,4,10.56
159633,Active,587674,NA,NA,S,2,1,277696.72,151.95,2012,41,8.98,48.6
159634,Active,802426,NA,NA,D,1,0,2146381.923,152.95,2009,27,4,47.85
159635,Active,769295,NA,NA,S,0,0,736212.0713,91.35,2001,52,4,7.98
159636,Active,769296,NA,NA,S,0,0,752632.9925,91.35,2001,55,4,5.2
159637,Active,57375,NA,NA,D,4,1,433545.6675,125.6,2007,37,28.39,33.99
159638,Active,57374,NA,NA,D,3,1,256697.4363,100,2002,35,4,17.21
159639,Active,616744,NA,NA,S,2,1,67386.595,91.2,2008,54,17.85,53.96
159640,Active,2009402,NA,NA,S,2,1,2229.7575,42.52,2008,14,3.55,70.99
159641,Active,867016,NA,NA,D,11,1,9402.655,129,2013,108,8.48,47.54
159642,Active,879028,NA,NA,D,10,1,1576121.018,49.21,2011,31,4.76,19.99
159643,Active,557415,NA,NA,S,9,1,1486512.149,87.6,2007,26,4.77,33.97
159644,Active,52066,NA,NA,D,10,1,508616.6188,101.67,2010,232,4,12.09
159645,Active,879037,NA,NA,S,11,1,461202.1125,82,2013,34,18.11,66.38
159646,Active,461894,NA,NA,D,7,1,352409.4313,183.95,2007,41,14.91,93.94
159647,Active,533889,NA,NA,D,7,1,909364.94,146.95,2007,37,4.61,26.99
159648,Active,532800,NA,NA,D,6,1,210801.3313,308.95,2012,106,4.59,39.88
159649,Active,179177,NA,NA,D,5,1,539226.3088,338.95,2008,81,4.09,39.21
159650,Active,177142,NA,NA,D,1,0,19273.4175,214.95,2011,54,46.58,159.91
159651,Active,60138,NA,NA,D,4,1,690468.1363,372.95,2006,78,4.54,12.19
159652,Active,613051,NA,NA,D,10,1,578870.4025,14.99,2009,94,4,12.97
159653,Active,864580,NA,NA,S,12,1,5540.43625,60.5,2014,76,22.99,45.55
159654,Active,165705,NA,NA,S,8,1,717523.4563,109.95,2004,26,4.91,49.99
159655,Active,914358,NA,NA,S,7,1,488313.4088,70.74,2005,36,7.48,39.26
159656,Active,876455,NA,NA,S,13,1,189438.1588,144,2013,47,34.89,39.32
159657,Active,52445,NA,NA,D,11,1,1622383.42,140,2006,45,4,13.98
159658,Active,52446,NA,NA,D,12,1,121112.25,172,2009,81,4,62.11
159659,Active,344181,NA,NA,S,8,1,549349.1675,264,2004,31,12.18,47.83
159660,Active,114898,NA,NA,D,2,1,792028.8563,126.67,2002,46,4.54,0
159661,Active,591959,NA,NA,S,2,1,434919.5875,31.95,2004,52,23.24,43.94
159662,Active,117368,NA,NA,S,1,0,71630.85,116.6,2007,32,57.64,82.81
159663,Active,739401,NA,NA,D,6,1,7686448.67,26.8,2000,23,4,30.34
159664,Active,144647,NA,NA,D,7,1,1316275.073,31,2003,28,4,32.58
159665,Active,145405,NA,NA,D,8,1,1690592.761,46.8,2006,25,4,86.25
159666,Active,132465,NA,NA,S,1,0,55482.275,66.8,2008,35,22.64,44.94
159667,Active,132854,NA,NA,D,5,1,914309.1025,65.33,2009,82,4,14.72
159668,Active,126459,NA,NA,D,0,0,172721.27,44.95,2004,86,4,20.8
159669,Active,127446,NA,NA,D,2,1,205904.8213,49.95,2008,100,4,18.48
159670,Active,178149,NA,NA,D,3,1,558613.9,79.95,2005,36,4.47,58.77
159671,Active,183699,NA,NA,D,3,1,464643.7938,197.95,2006,47,8.48,36.28
159672,Active,178148,NA,NA,D,2,1,656572.8138,66.95,2005,21,4,91.83
159673,Active,298124,NA,NA,D,0,0,192461.6175,40.5,2006,153,7.82,26.9
159674,Active,2628518,NA,NA,S,10,1,73799.415,30,1998,39,7.43,17.85
159675,Active,145501,NA,NA,S,5,1,425639.1138,103,2006,26,12.85,125.88
159676,Active,129394,NA,NA,D,1,0,828039.4025,54.95,2008,36,4.88,33.49
159677,Active,111378,NA,NA,S,1,0,389067.8925,7.88,2010,64,4.07,7.88
159678,Active,617948,NA,NA,S,1,0,36023.1,111.25,2011,26,36.79,79.47
159679,Active,145608,NA,NA,S,4,1,995567.7588,70.67,2007,47,4,31.87
159680,Active,878160,NA,NA,D,3,1,1020159.766,72.8,2009,69,4,9.1
159681,Active,54377,NA,NA,D,3,1,706484.2925,70.67,2008,80,4,8.97
159682,Active,54381,NA,NA,S,4,1,376611.3813,91,2011,85,4.09,30.88
159683,Active,860634,NA,NA,S,4,1,901678.4463,97.67,2012,19,12.98,98.98
159684,Active,613535,NA,NA,S,3,1,760957.2888,79.8,2009,67,4,53.33
159685,Active,54379,NA,NA,S,3,1,2824963.609,86.47,2008,20,5.89,7.98
159686,Active,50133,NA,NA,D,6,1,46216.34125,260.95,2011,115,5.64,23.99
159687,Active,50132,NA,NA,D,5,1,452462.9838,286.95,2008,109,4,18.39
159688,Active,199557,NA,NA,S,1,0,1113479.405,33.95,2002,29,4,23.49
159689,Active,56591,NA,NA,D,6,1,544086.065,133.95,2009,82,4,7.99
159690,Active,644531,NA,NA,S,7,1,316724.425,50,2012,15,33.99,37.19
159691,Active,3801175,NA,NA,S,4,1,427786,69.95,2017,0,0,69.95
159692,Active,618298,NA,NA,S,3,1,14232.1,69.95,2007,60,33.08,0
159693,Active,1833159,NA,NA,S,0,0,60628.275,75,2014,10,49.6,47.04
159694,Active,104610,NA,NA,D,1,0,1122712.005,82.19,1997,35,4.95,30.81
159695,Active,110817,NA,NA,D,2,1,461638.335,103.81,2003,57,16.94,69.15
159696,Active,760963,NA,NA,S,5,1,5712199.083,175,1999,16,5.49,60
159697,Active,768360,NA,NA,S,8,1,212916.6288,110.95,2000,72,4.4,24.9
159698,Active,2607702,NA,NA,D,5,1,9282085.733,47.99,2002,15,5.47,45.59
159699,Active,1588470,NA,NA,D,6,1,4502546.728,72,2007,29,4.97,30.48
159700,Active,591616,NA,NA,S,3,1,765319.8588,63.95,2008,42,5.85,50.11
159701,Active,620491,NA,NA,S,0,0,195163.8025,171.25,2009,89,11.82,63.66
159702,Active,658323,NA,NA,S,2,1,470431.815,55,2011,32,8.94,30.94
159703,Active,135571,NA,NA,D,2,1,415930,62.95,2004,26,5.88,66.21
159704,Active,540267,NA,NA,S,4,1,110178.2163,75.95,2013,46,45.78,51.2
159705,Active,135636,NA,NA,D,3,1,298402.9913,59.95,2009,48,6.38,3.39
159706,Active,135658,NA,NA,S,5,1,313755.0625,59.95,2010,58,18.42,45.99
159707,Active,1555229,NA,NA,S,4,1,173891.0363,49.95,2014,27,19.78,41.51
159708,Active,630793,NA,NA,S,6,1,1211361.411,57.95,2008,53,10.26,23.97
159709,Active,131986,NA,NA,D,3,1,952773.2063,72.8,2005,38,4,20.78
159710,Active,287595,NA,NA,D,4,1,553071.405,73.2,2009,41,4,43.61
159711,Active,177792,NA,NA,S,4,1,104990.2913,193.95,2004,51,8.41,40.38
159712,Active,109777,NA,NA,D,3,1,670031.5438,38.6,2006,34,4,36.07
159713,Active,871752,NA,NA,D,3,1,1095098.618,67.81,2006,28,7.91,38.98
159714,Active,626246,NA,NA,D,4,1,131176.6263,58.98,2010,54,11.59,51.57
159715,Active,108249,NA,NA,S,2,1,2174009.536,18.91,2003,36,4,18.16
159716,Active,606708,NA,NA,S,3,1,2261861.124,76.95,1993,26,4.34,33.98
159717,Active,287743,NA,NA,D,4,1,2163458.405,59.95,2005,38,4,14.11
159718,Active,135652,NA,NA,D,5,1,282515.4438,55.95,2010,53,6.97,13.85
159719,Active,2081819,NA,NA,S,2,1,1232245.308,39,2011,20,15.2,29.1
159720,Active,607703,NA,NA,D,7,1,1942372.958,126.8,2003,24,4,52.54
159721,Active,110462,NA,NA,S,7,1,31397.15,212.5,2011,62,31.89,82.27
159722,Active,109490,NA,NA,D,6,1,157876.14,24.99,2007,75,4,12.86
159723,Active,60139,NA,NA,D,5,1,747253.4538,12.98,2003,26,6.96,12.98
159724,Active,204006,NA,NA,S,7,1,740190.4225,67.99,2007,93,6.58,38.38
159725,Active,254918,NA,NA,S,0,0,192256.5388,58.95,2007,22,20.98,0
159726,Active,57724,NA,NA,D,2,1,58812.82375,56.95,2009,69,5.87,38.83
159727,Active,534145,NA,NA,S,2,1,462861.0075,56.95,2012,30,28.99,46.9
159728,Active,255130,NA,NA,S,2,1,362648.9938,56.95,2012,36,19.62,44.98
159729,Active,116601,NA,NA,D,11,1,197077.0038,26.66,2005,131,4.46,26.68
159730,Active,52087,NA,NA,S,9,1,1122027.113,120,2000,77,4,8.49
159731,Active,52089,NA,NA,D,12,1,69851.0375,189.6,2008,115,6.48,38.98
159732,Active,52088,NA,NA,S,11,1,878987.3613,170.67,2005,34,4,58.98
159733,Active,2551437,NA,NA,S,6,1,3154189.288,259,2003,17,39.3,188.02
159734,Active,435161,NA,NA,S,5,1,189344.6188,84.95,2009,58,13.65,43.74
159735,Active,917619,NA,NA,S,0,0,1106247.05,63,2005,37,4,7.98
159736,Active,737194,NA,NA,D,0,0,1783058.293,35,2003,13,16.7,18.94
159737,Active,890466,NA,NA,S,2,1,455016.5338,43,2011,14,29.72,43
159738,Active,1536914,NA,NA,S,10,1,2582630.51,85,2006,17,4.97,85
159739,Active,217193,NA,NA,S,2,1,206361.8225,42,1999,26,8.3,19.86
159740,Active,287242,NA,NA,D,7,1,885918.7225,98.5,2008,29,25.22,72.97
159741,Active,537154,NA,NA,S,8,1,275340.7063,76.5,2013,32,40,54.31
159742,Active,128902,NA,NA,D,6,1,1140645.758,79.95,2003,20,4,48.99
159743,Active,757706,NA,NA,D,5,1,243921.8788,135,2003,28,15.77,48.39
159744,Active,2561611,NA,NA,D,3,1,2213977.045,74.95,1986,26,8.84,55.23
159745,Active,577374,NA,NA,S,4,1,1466803.884,37.95,2004,76,4,11.98
159746,Active,613635,NA,NA,D,4,1,347950.07,38.95,2007,63,4,10.39
159747,Active,620781,NA,NA,D,5,1,126043.8725,47.99,2010,70,5.99,12.82
159748,Active,867612,NA,NA,S,6,1,32277.7625,51.99,2014,28,26.34,32.18
159749,Active,609177,NA,NA,D,5,1,1082598.039,36.95,2004,111,4,17.98
159750,Active,203960,NA,NA,D,6,1,160147.3138,43.5,2007,173,4.07,13.48
159751,Active,1936399,NA,NA,S,8,1,13920.95125,51.99,2014,39,22.29,25.39
159752,Active,532347,NA,NA,D,7,1,51705.97625,48.99,2011,81,8.92,17.99
159753,Active,660869,NA,NA,S,5,1,47291.365,51.99,2013,37,26.34,26.36
159754,Active,624468,NA,NA,S,1,0,12721.77375,49.99,2004,39,25.97,0
159755,Active,609221,NA,NA,D,4,1,931047.4775,38.95,2006,52,4,8.99
159756,Active,609226,NA,NA,D,5,1,508659.0388,45.99,2009,60,7.96,11.98
159757,Active,610047,NA,NA,S,6,1,40164.7975,51.99,2013,33,21.84,23.73
159758,Active,609159,NA,NA,D,3,1,109946.0313,36.95,2003,65,4,40.94
159759,Active,864583,NA,NA,S,6,1,4093.3775,53.99,2014,51,32.98,40.49
159760,Active,543017,NA,NA,D,5,1,36327.4625,48.99,2010,97,17.49,23.99
159761,Active,609207,NA,NA,D,4,1,127204.45,39.95,2006,167,4,16.64
159762,Active,652402,NA,NA,S,2,1,72885.12625,53.99,2013,37,26.94,30.16
159763,Active,204192,NA,NA,S,2,1,370344.5563,118.33,2009,24,7.78,16.45
159764,Active,52526,NA,NA,D,11,1,755943.2388,119.95,2008,116,4,11.87
159765,Active,204092,NA,NA,D,12,1,25059.54375,149.99,2010,336,7.76,18.18
159766,Active,2252720,NA,NA,S,12,1,406540.9613,74.03,2010,21,13.66,31.48
159767,Active,578957,NA,NA,S,6,1,38964.9075,94.95,2011,62,43.98,54.89
159768,Active,642377,NA,NA,D,7,1,2170994.146,92.99,2011,19,54.05,2483.27
159769,Active,1737005,NA,NA,D,4,1,3577579.951,115.99,2007,14,58.31,182.7
159770,Active,542771,NA,NA,S,10,1,604529.8013,73.99,2005,46,6.02,43.42
159771,Active,583024,NA,NA,D,8,1,734823.9013,49.99,1997,40,4,54.79
159772,Active,476799,NA,NA,S,3,1,891227.8788,169.99,2007,22,16.58,0
159773,Active,1656719,NA,NA,S,1,0,289320.3063,113.22,2006,28,5.96,27.99
159774,Active,861205,NA,NA,S,2,1,101850.4725,64.95,2013,100,7.96,10.52
159775,Active,619393,NA,NA,D,2,1,136739.2938,47.95,2007,53,4,30.73
159776,Active,861206,NA,NA,S,3,1,149295.9563,49.95,2013,41,26.84,37.46
159777,Active,608501,NA,NA,D,4,1,530720.7663,50.95,1996,56,4,38.98
159778,Active,569704,NA,NA,S,5,1,221786.1888,138.95,2004,52,7.93,53.99
159779,Active,532343,NA,NA,S,2,1,150479.2213,40.95,2013,27,15.36,28.99
159780,Active,1982486,NA,NA,S,0,0,84615.6675,66,2014,26,43.93,45.1
159781,Active,158116,NA,NA,S,4,1,2356169.708,48.95,2005,25,4,49.45
159782,Active,3481098,NA,NA,D,1,0,1186212.95,52.95,2010,35,4,39.4
159783,Active,649691,NA,NA,S,2,1,201598.0638,54.95,2012,31,31.94,0
159784,Active,362175,NA,NA,D,3,1,1513689.271,64.95,2001,29,4,43.39
159785,Active,366658,NA,NA,S,0,0,150176.5638,59.95,2010,25,49.51,51.94
159786,Active,163117,NA,NA,S,1,0,16348.2,48,2011,46,32.07,32.08
159787,Active,707995,NA,NA,S,3,1,1499459.185,100,2004,27,4.13,28.99
159788,Active,617985,NA,NA,S,0,0,72775.70875,161.75,2007,73,9.65,41.98
159789,Active,2302793,NA,NA,S,0,0,1234958.868,82.64,1999,75,4,10.3
159790,Active,708298,NA,NA,S,1,0,170754.4,100,2004,36,10.2,23.99
159791,Active,676184,NA,NA,S,0,0,82115.18125,44.95,2004,55,6.66,12.94
159792,Active,610155,NA,NA,S,3,1,305388.5888,115.5,2005,194,4,28.99
159793,Active,612952,NA,NA,S,3,1,588432.7263,114.25,2001,101,4,23.99
159794,Active,612958,NA,NA,S,2,1,157468.4088,115.5,2002,135,4,9.98
159795,Active,112264,NA,NA,S,3,1,43020.625,32.99,2004,32,4.98,24.87
159796,Active,538949,NA,NA,S,0,0,197797.0538,123,2007,71,6.87,21.98
159797,Active,708160,NA,NA,S,0,0,683005.2788,82.6,2004,24,7.63,25.74
159798,Active,612916,NA,NA,S,3,1,594372.405,112.5,1999,108,4,7.22
159799,Active,112265,NA,NA,S,0,0,321763.735,113.75,2004,107,4.48,31.43
159800,Active,708161,NA,NA,S,2,1,177139.15,30.76,2004,27,4.99,23.71
159801,Active,609460,NA,NA,S,3,1,1309477.259,44.95,2008,39,4,13.94
159802,Active,701444,NA,NA,S,2,1,840454.7888,29.95,2008,61,4,8.73
159803,Active,1437389,NA,NA,S,1,0,579559.1125,50,2014,28,15.46,26.43
159804,Active,657154,NA,NA,D,2,1,2608806.336,99.75,2012,12,4.98,15.21
159805,Active,895197,NA,NA,D,2,1,1155720.638,98.8,2013,11,4.98,73.95
159806,Active,1729997,NA,NA,D,10,1,1949348.473,16.73,2006,35,4,19.24
159807,Active,613654,NA,NA,S,1,0,330852.1963,102.95,2005,83,4.8,12.15
159808,Active,593928,NA,NA,S,2,1,315096.6825,102.95,2010,85,5.79,13.15
159809,Active,2031802,NA,NA,S,2,1,760145.7325,59.95,2012,55,19.44,28.99
159810,Active,60140,NA,NA,D,6,1,1112340.371,63.95,2005,71,4,33.15
159811,Active,254035,NA,NA,D,8,1,47290.3425,82.95,2011,119,5.31,36.99
159812,Active,249187,NA,NA,D,7,1,663729.4463,73.95,2008,116,4,18
159813,Active,663148,NA,NA,S,0,0,914547.4888,44.99,2013,17,23.41,0
159814,Active,876423,NA,NA,S,7,1,1681010.2,59.22,2008,32,6.66,59.22
159815,Active,244008,NA,NA,S,8,1,69996.9875,77.95,2012,103,23.99,58.97
159816,Active,876376,NA,NA,D,7,1,808238.2238,67.86,2009,85,6.79,29.79
159817,Active,55405,NA,NA,D,6,1,343270.335,83.95,2006,72,4,33.99
159818,Active,55406,NA,NA,D,7,1,350102.0938,79.95,2009,65,4,22.97
159819,Active,222841,NA,NA,S,1,0,193530.4,110,2008,32,17.7,28.98
159820,Active,128743,NA,NA,D,1,0,978700.3613,55,2009,22,16.53,37.99
159821,Active,904003,NA,NA,S,2,1,896572.2075,55,2014,23,29.5,36.47
159822,Active,902247,NA,NA,D,2,1,1657240.839,54.95,2006,20,4.8,32.41
159823,Active,631683,NA,NA,D,3,1,816545.2575,64.95,2008,33,12.15,59.29
159824,Active,256341,NA,NA,S,2,1,53121.01,42.95,2008,71,28.6,33.97
159825,Active,256270,NA,NA,S,1,0,2472958.561,29.95,2002,43,4,7.74
159826,Active,539117,NA,NA,S,10,1,712129.4813,105.53,2010,29,47.85,125.99
159827,Active,51240,NA,NA,D,10,1,85417.355,92.2,2010,40,11.47,31.91
159828,Active,51243,NA,NA,S,7,1,1458398.123,52.6,2001,65,4,8.99
159829,Active,51241,NA,NA,D,8,1,1184050.711,58.8,2004,96,3.99,6.99
159830,Active,51242,NA,NA,D,9,1,323397.3525,81.27,2007,107,4,13.99
159831,Active,532335,NA,NA,S,3,1,66749.35875,42.95,2012,28,11.49,0
159832,Active,608390,NA,NA,D,2,1,842155.7513,49.95,2006,51,4,26.71
159833,Active,608237,NA,NA,D,3,1,576245.7163,55,2009,52,13.98,68.77
159834,Active,52786,NA,NA,D,1,0,554546.4538,115,2007,43,6.37,77.57
159835,Active,534324,NA,NA,S,2,1,917455.6788,39.95,1991,56,4,48.79
159836,Active,612736,NA,NA,S,5,1,3284.39,49.95,2014,40,25.18,25.18
159837,Active,56114,NA,NA,D,4,1,156513.2138,49.95,2008,89,8.03,33.25
159838,Active,56116,NA,NA,D,3,1,231594.8988,45,2000,160,4.86,11.65
159839,Active,120133,NA,NA,D,1,0,342744.6225,171.4,2009,45,5.79,42.99
159840,Active,637055,NA,NA,S,3,1,24512.2,109,2010,20,54.15,56.95
159841,Active,650943,NA,NA,S,2,1,3030958.319,58.95,2006,16,22.62,40.69
159842,Active,132342,NA,NA,D,1,0,570540.9025,89.4,2008,37,4,25
159843,Active,164529,NA,NA,D,1,0,913133.2825,193.5,2000,14,32.98,73.86
159844,Active,532332,NA,NA,S,2,1,512527.0075,49.99,2008,40,16.94,32.31
159845,Active,1613704,NA,NA,S,0,0,454196.3975,39.99,2011,21,24.9,31.5
159846,Active,868312,NA,NA,D,2,1,2493218.49,115,1993,39,4,39.97
159847,Active,624388,NA,NA,S,3,1,338087.965,42,2008,67,14.64,26.98
159848,Active,549663,NA,NA,S,2,1,111048.9863,85,2009,39,42.36,44.79
159849,Active,166500,NA,NA,S,0,0,682459.3988,55,2004,49,4,13.54
159850,Active,118616,NA,NA,S,6,1,1707445.043,71.4,2007,44,4,31.87
159851,Active,658562,NA,NA,S,2,1,39362.45,35,2009,19,21.95,24.56
159852,Active,532330,NA,NA,S,16,1,558578.6363,78.95,2010,43,5.12,0
159853,Active,132686,NA,NA,S,2,1,225213.0675,55,2008,36,4.45,23.99
159854,Active,259251,NA,NA,S,2,1,430030.4138,59.99,2000,81,4.25,9.99
159855,Active,532329,NA,NA,D,2,1,192271.065,121.6,2010,51,6.64,45.85
159856,Active,329826,NA,NA,D,0,0,645557.3538,112,2007,54,5.12,29.98
159857,Active,132525,NA,NA,D,1,0,143813.8025,169.6,2011,50,88.99,109.98
159858,Active,2115726,NA,NA,S,2,1,1135365.798,49.99,2015,13,47.42,49.98
159859,Active,2113672,NA,NA,D,0,0,500844.5238,49.99,2013,19,34.97,44.99
159860,Active,1989685,NA,NA,S,1,0,6400.1,49.99,2015,14,31.26,31.05
159861,Active,620798,NA,NA,S,1,0,8261.4,50,2009,30,32.39,35.69
159862,Active,1576966,NA,NA,S,1,0,1193928.08,60,2006,30,43.99,55.36
159863,Active,247756,NA,NA,S,0,0,472145.46,57,2006,51,28.27,52.9
159864,Active,206142,NA,NA,S,2,1,288243.1475,44,2007,57,8.49,21.53
159865,Active,913928,NA,NA,D,0,0,1221163.41,26.95,2004,50,4,4.53
159866,Active,910296,NA,NA,S,2,1,891766.475,60,1989,19,8.52,114.03
159867,Active,728406,NA,NA,S,1,0,703408.8063,59.99,2001,49,4,13.94
159868,Active,630213,NA,NA,D,0,0,202211.99,47.95,2006,54,14.54,27.19
159869,Active,619751,NA,NA,S,2,1,8438.175,50,2012,34,24.79,29.12
159870,Active,2576248,NA,NA,D,1,0,2353846.919,78,1988,26,7.46,22.97
159871,Active,632633,NA,NA,D,2,1,731420.2875,145,1993,31,6.24,91.91
159872,Active,2546302,NA,NA,D,0,0,3887816.938,64.95,1996,19,6.13,72.15
159873,Active,646924,NA,NA,S,2,1,64469.86125,55,2013,44,33.99,36.92
159874,Active,162365,NA,NA,D,1,0,518069.455,49.95,2009,47,19.96,46.38
159875,Active,652821,NA,NA,S,2,1,103001.695,120,2010,23,83.89,68.99
159876,Active,663997,NA,NA,S,2,1,342366.05,135.95,2013,23,37.66,81.99
159877,Active,569783,NA,NA,D,1,0,758578.5563,256.95,2006,73,4,23.91
159878,Active,201823,NA,NA,D,1,0,286484.3363,35,2000,42,4.76,6.24
159879,Active,201838,NA,NA,S,2,1,210066.385,48.99,2006,95,38.29,44.11
159880,Active,608290,NA,NA,S,3,1,2233324.571,70,2002,27,4,11.05
159881,Active,201530,NA,NA,S,4,1,457999.6225,55,2005,36,7.69,13.48
159882,Active,290430,NA,NA,S,2,1,320550.19,70,1999,21,4.77,93.19
159883,Active,760138,NA,NA,D,1,0,2095475.876,85,2003,22,32.22,96.33
159884,Active,339387,NA,NA,S,2,1,166503.52,90,2008,24,58.09,64.12
159885,Active,859649,NA,NA,S,2,1,1298566.45,90,2008,24,35.98,63.18
159886,Active,164396,NA,NA,D,1,0,1551040.428,85,2004,25,5.75,93.12
159887,Active,572145,NA,NA,S,6,1,2157168.464,140.95,2005,27,4,42.19
159888,Active,544735,NA,NA,S,8,1,757369.8213,141.95,2012,34,4.98,33.99
159889,Active,874667,NA,NA,S,8,1,781091.6388,120.95,2011,22,16.56,53.99
159890,Active,354969,NA,NA,S,7,1,1346884.344,137.95,2008,33,4,51.79
159891,Active,532943,NA,NA,S,8,1,2038752.509,120.95,2012,26,6.2,254.97
159892,Active,2659157,NA,NA,S,2,1,723946.1225,64.99,2004,45,4.04,22.98
159893,Active,626696,NA,NA,S,3,1,81386.495,34.99,2012,56,15.94,21.13
159894,Active,1780205,NA,NA,S,1,0,34233.925,80,2014,14,46.42,46.4
159895,Active,757700,NA,NA,D,0,0,1265817.24,90,2002,26,4.76,23.49
159896,Active,628684,NA,NA,S,4,1,651402.0925,61.6,2010,38,4.54,11.56
159897,Active,714423,NA,NA,S,3,1,2519483.199,44.8,2001,29,4,24.95
159898,Active,619467,NA,NA,S,1,0,296483.08,32,2000,94,4,16.04
159899,Active,60141,NA,NA,D,2,1,109182.9425,127.47,2003,70,4.97,51.03
159900,Active,285314,NA,NA,D,3,1,59571.18625,134.48,2008,70,16.28,91.79
159901,Active,2104179,NA,NA,S,0,0,50425.49625,24.99,2014,24,9.33,17
159902,Active,504452,NA,NA,S,0,0,1111146.795,13.95,2006,58,4,10.71
159903,Active,644701,NA,NA,S,3,1,245620.4638,44.99,2011,38,9.34,22.94
159904,Active,922199,NA,NA,S,2,1,521653.2713,39.99,2007,68,4,11.49
159905,Active,1472713,NA,NA,S,2,1,848257.97,63,2009,18,47.88,48.88
159906,Active,2096813,NA,NA,S,0,0,48968.075,50,2015,16,21.43,20.99
159907,Active,576120,NA,NA,S,3,1,276006.8388,76.95,2005,27,45.34,148.94
159908,Active,260080,NA,NA,D,0,0,2510814.788,45.95,2003,37,3.98,7.98
159909,Active,229135,NA,NA,D,2,1,366184.2675,45.95,2007,37,4,45.17
159910,Active,3748282,NA,NA,D,0,0,1967260.25,59.99,2012,42,45.06,41.5
159911,Active,606745,NA,NA,S,3,1,2902260.336,34.95,2001,30,4,23.99
159912,Active,861208,NA,NA,S,5,1,94081.1575,50,2013,45,18.01,24.05
159913,Active,54649,NA,NA,D,8,1,1187334.724,76.95,2006,89,4,11.94
159914,Active,54650,NA,NA,D,9,1,84883.26375,97.99,2010,94,10.45,35.47
159915,Active,2324936,NA,NA,S,0,0,132861.6338,48.94,1970,168,4,48.94
159916,Active,650168,NA,NA,S,9,1,1089535.818,166.5,2013,31,18.54,69.09
159917,Active,705419,NA,NA,S,2,1,601356.6475,209.75,2013,25,11.79,49.38
159918,Active,745251,NA,NA,D,7,1,6312877.38,41.57,2006,15,4.72,13.94
159919,Active,60143,NA,NA,D,3,1,402509.0288,432.95,2003,54,4.54,23.97
159920,Active,509214,NA,NA,D,0,0,3234880.489,55.95,2006,22,4.89,55.95
159921,Active,532316,NA,NA,D,2,1,973775.9963,50.99,2010,19,6.14,47.63
159922,Active,532317,NA,NA,S,1,0,428926.07,39.99,2010,43,7.05,22.65
159923,Active,652473,NA,NA,D,1,0,62377.14375,218.6,2012,54,16.81,73.33
159924,Active,178685,NA,NA,D,4,1,55629.06125,322.95,2010,96,9.37,75.14
159925,Active,416638,NA,NA,D,10,1,109374.1013,38.98,2012,102,7.93,32.94
159926,Active,58118,NA,NA,D,9,1,391179.0263,28.48,2009,134,4,8.79
159927,Active,58119,NA,NA,D,8,1,940625.1625,12.91,2007,102,4,8.98
159928,Active,117735,NA,NA,D,1,0,1381301.969,89.99,2007,24,6,53.03
159929,Active,118324,NA,NA,D,1,0,895479.1975,89.99,2007,40,28.16,36.67
159930,Active,538312,NA,NA,S,2,1,104694.9088,60,2013,33,22.29,46.97
159931,Active,1658006,NA,NA,D,1,0,1806035.111,111.07,2009,16,4.23,72.35
159932,Active,51232,NA,NA,D,5,1,1503795.499,192,2005,55,4,28.02
159933,Active,51233,NA,NA,D,6,1,244121.5425,239,2009,39,10.19,79.67
159934,Active,51231,NA,NA,D,4,1,2361768.715,134.67,2002,45,4,23.54
159935,Active,1583116,NA,NA,D,0,0,970413.8988,61.45,2011,19,9.01,35.32
159936,Active,417560,NA,NA,S,2,1,1664860.544,150,2004,37,4.72,13.38
159937,Active,428538,NA,NA,S,5,1,40180.32,147,2011,66,11.19,110.91
159938,Active,60144,NA,NA,D,3,1,2678316.49,95.8,2005,42,4,10.43
159939,Active,545796,NA,NA,D,2,1,24272.0925,113,2013,62,9.51,52.48
159940,Active,132526,NA,NA,D,4,1,700075.005,105,2008,62,4,13.97
159941,Active,495339,NA,NA,D,1,0,160637.3888,95,2010,60,4,9.85
159942,Active,287559,NA,NA,D,1,0,652920.3813,101.6,2009,32,13.98,45.68
159943,Active,169856,NA,NA,S,3,1,77043.00875,222.95,2009,56,30.47,103.93
159944,Active,148643,NA,NA,D,5,1,1134241.516,178.95,2009,46,4,20.99
159945,Active,60145,NA,NA,D,4,1,1989867.856,106.95,2006,43,4,4.58
159946,Active,58124,NA,NA,D,8,1,77715.24125,329.95,2011,82,7.48,73.25
159947,Active,875546,NA,NA,D,2,1,3687430.566,135.56,2004,22,4,52.87
159948,Active,461610,NA,NA,D,1,0,5326055.303,55,2002,19,4,18.87
159949,Active,58122,NA,NA,D,6,1,1744882.09,384.95,2005,56,4,5.79
159950,Active,51143,NA,NA,D,12,1,176327.9275,30.99,2007,108,4,18.3
159951,Active,51144,NA,NA,D,13,1,58109.3925,28.99,2010,113,11.16,29.88
159952,Active,58123,NA,NA,D,7,1,654293.2163,363.95,2008,93,4.58,21.75
159953,Active,51142,NA,NA,S,11,1,1410489.893,193.75,2004,50,4,9
159954,Active,183633,NA,NA,D,3,1,1097682.961,281.95,2007,50,3,49.73
159955,Active,546802,NA,NA,D,8,1,39109.33375,225,2012,143,10.99,176.99
159956,Active,55174,NA,NA,D,6,1,975371.8988,150,2006,68,4.5,57.97
159957,Active,624666,NA,NA,S,0,0,562967.5525,36,2013,126,4,29.94
159958,Active,867828,NA,NA,S,0,0,193529.4938,38,2014,108,4.98,17.98
159959,Active,468634,NA,NA,S,4,1,81539.4175,78,2006,101,22.98,33.35
159960,Active,532312,NA,NA,D,5,1,1587555.388,49.99,2010,24,4,21.22
159961,Active,495417,NA,NA,D,4,1,1409467.974,49.99,2007,19,4,37.89
159962,Active,858294,NA,NA,D,6,1,542295.83,49.99,2013,26,3.99,32.95
159963,Active,445738,NA,NA,S,2,1,447442.6725,59.95,2006,37,6.78,0
159964,Active,436701,NA,NA,D,8,1,884928.7888,412.95,2008,103,4,13.98
159965,Active,538771,NA,NA,D,9,1,14886.36125,219.25,2013,127,8.34,63.03
159966,Active,53347,NA,NA,D,9,1,920768.7513,379.95,2006,86,4.01,6.5
159967,Active,116865,NA,NA,S,8,1,1163749.576,156,2005,51,3,23.78
159968,Active,533588,NA,NA,D,11,1,61636.71,344.95,2011,94,10.67,43.98
159969,Active,417332,NA,NA,D,1,0,164434.5138,244.25,2011,92,4.49,38.98
159970,Active,148229,NA,NA,D,6,1,2411857.489,185.95,2004,33,4,46.99
159971,Active,539474,NA,NA,S,2,1,999575.8575,167.07,2013,32,12.18,97.12
159972,Active,109920,NA,NA,S,3,1,747550.395,247,2006,35,13.93,21.44
159973,Active,423317,NA,NA,D,1,0,124103.6525,160.4,2011,39,4.85,49.95
159974,Active,148476,NA,NA,D,7,1,1173536.633,337.95,2007,61,4,21.74
159975,Active,244086,NA,NA,D,8,1,55337.39625,316.95,2012,80,15.36,51.74
159976,Active,620999,NA,NA,D,1,0,26238.02125,232,2013,134,7.99,23.48
159977,Active,52453,NA,NA,S,14,1,3360353.355,171.95,2004,28,4.58,12.2
159978,Active,53373,NA,NA,D,5,1,271592.235,21.04,2010,61,5.14,33.55
159979,Active,148741,NA,NA,S,16,1,270966.6875,331.95,2010,65,10.74,64.11
159980,Active,108316,NA,NA,S,2,1,3273658,84.9,2003,38,4.33,11.87
159981,Active,1519801,NA,NA,D,0,0,5069631,0,2008,10,7.78,0
159982,Active,916326,NA,NA,D,5,1,2381919.294,11.62,2006,63,5.58,7.66
159983,Active,51139,NA,NA,D,6,1,1477770.681,382.95,2005,62,3.97,7.46
159984,Active,914084,NA,NA,D,0,0,2246092.186,65.57,2013,45,7.46,65.57
159985,Active,572199,NA,NA,D,6,1,2203863.02,153.16,2006,34,4.31,13.98
159986,Active,641974,NA,NA,D,2,1,38113.30375,181.8,2013,118,7.76,43.97
159987,Active,456506,NA,NA,S,2,1,245081.3275,123.95,2009,50,18.22,43.98
159988,Active,1441546,NA,NA,S,1,0,424024.4513,174.5,2013,22,8.76,62.83
159989,Active,716336,NA,NA,S,6,1,510557.9425,121.87,2013,29,23.49,73.99
159990,Active,52789,NA,NA,D,5,1,120101.96,166.67,2011,94,5.27,33.87
159991,Active,52790,NA,NA,D,4,1,737663.28,146.67,2009,81,4,18.96
159992,Active,330413,NA,NA,S,5,1,615563.13,133.95,2003,36,5.51,53.43
159993,Active,404604,NA,NA,S,5,1,1793025.31,89.95,2003,18,46.72,182.31
159994,Active,53372,NA,NA,D,4,1,900612.5913,6.29,2008,67,4.11,4.96
159995,Active,52968,NA,NA,D,5,1,1383803.614,304.95,2005,144,3.98,5.87
159996,Active,893319,NA,NA,S,13,1,281072.0863,128.8,2015,21,63.6,118.35
159997,Active,554094,NA,NA,D,10,1,128966.6613,185.33,2009,130,4.31,19.06
159998,Active,421884,NA,NA,D,9,1,632207.9625,175,2007,117,4,9.95
159999,Active,420951,NA,NA,S,2,1,703837.23,45.4,2002,27,10.24,13.98
160000,Active,52855,NA,NA,D,5,1,2231381.109,122,2004,42,4,8.22
160001,Active,297903,NA,NA,D,11,1,41061.60875,73.6,2011,83,11.36,39.41
160002,Active,60146,NA,NA,D,9,1,1766797.848,5.61,2006,55,4,5.45
160003,Active,161719,NA,NA,D,10,1,407002.48,5.39,2009,70,4,17.55
160004,Active,52856,NA,NA,D,6,1,364753.0275,164.8,2008,45,4,15.01
160005,Active,206622,NA,NA,S,4,1,410893.4025,192.95,2003,34,4.76,38.99
160006,Active,420929,NA,NA,S,4,1,6152744.23,100,2001,48,4.13,7.68
160007,Active,51177,NA,NA,D,8,1,254756.3425,209.2,2010,62,4.83,61.02
160008,Active,533780,NA,NA,D,9,1,30098.67,244,2012,108,10.82,63.89
160009,Active,51176,NA,NA,D,6,1,337710.7925,166.67,2006,38,4,22.08
160010,Active,1451987,NA,NA,D,1,0,2127949.575,23.84,2011,3,14.97,14.97
160011,Active,421596,NA,NA,S,1,0,892373.2,167.8,2012,21,45.6,72.98
160012,Active,2273810,NA,NA,S,4,1,164607.3463,54.67,2013,36,21.1,65.76
160013,Active,52388,NA,NA,D,2,1,1158103.764,4.89,2008,68,4,4.98
160014,Active,109940,NA,NA,S,2,1,1850477.915,6.54,2006,42,4,6.54
160015,Active,416600,NA,NA,D,5,1,85209.06375,40.69,2012,85,7.38,32.87
160016,Active,111294,NA,NA,D,4,1,772652.7263,12.93,2009,58,4.35,12.7
160017,Active,51853,NA,NA,D,3,1,733117.5888,15.94,2008,102,4,8.64
160018,Active,532305,NA,NA,D,4,1,586037.8338,275.85,2009,55,6.08,18.98
160019,Active,553601,NA,NA,S,4,1,393555.7175,136.4,2007,27,22.26,48.49
160020,Active,54041,NA,NA,S,8,1,2152029.116,271.95,2004,58,4,13.49
160021,Active,544420,NA,NA,D,11,1,12666.3575,247.95,2013,107,9.98,118.58
160022,Active,100751,NA,NA,D,1,0,2050886.103,68.61,1999,30,4,43.98
160023,Active,109919,NA,NA,S,3,1,529853.1413,216,2006,38,25.3,109.56
160024,Active,421597,NA,NA,S,4,1,759838.5775,136.4,2007,34,6.98,43.99
160025,Active,54043,NA,NA,D,9,1,881815.0325,236.95,2007,82,4,10.98
160026,Active,148767,NA,NA,D,10,1,271800.4488,249.95,2010,43,5.48,60.89
160027,Active,422077,NA,NA,S,4,1,551759.7075,153.2,2006,33,8.72,56.33
160028,Active,54042,NA,NA,D,10,1,96084.9575,256.95,2010,85,9.38,81.96
160029,Active,536688,NA,NA,S,6,1,1205496.174,115,2009,16,13.08,56.29
160030,Active,865462,NA,NA,D,10,1,6631.34375,152.8,2014,99,18.48,63.49
160031,Active,286289,NA,NA,D,9,1,27787.18,114.4,2012,101,12.99,58.27
160032,Active,51157,NA,NA,S,6,1,1085360.013,86.67,2006,89,4,7.99
160033,Active,51159,NA,NA,D,8,1,243407.2913,103,2010,70,5.1,43.89
160034,Active,2384300,NA,NA,S,10,1,543995.0638,161.47,2015,14,42.48,152.31
160035,Active,51158,NA,NA,S,7,1,53353.64,114.4,2008,73,4,44.91
160036,Active,866560,NA,NA,D,26,1,421300.2,64,2015,24,27.25,50.56
160037,Active,744961,NA,NA,D,0,0,6317718.508,40.05,2005,11,7.1,26.76
160038,Active,51002,NA,NA,D,5,1,557120.8563,200.95,2008,108,4,43.54
160039,Active,244160,NA,NA,D,9,1,20095.63875,188.95,2012,144,8.21,36.99
160040,Active,867939,NA,NA,S,6,1,166530.685,69.95,2014,46,31.63,44.16
160041,Active,1435105,NA,NA,D,2,1,4936560.6,0,2010,22,4.68,46.17
160042,Active,183016,NA,NA,S,6,1,1107149.73,127.95,2004,94,4,6.19
160043,Active,291632,NA,NA,S,5,1,1929632.996,111.95,2004,38,4,14.5
160044,Active,137538,NA,NA,S,3,1,1400651.159,89,2008,38,4.98,61.89
160045,Active,120850,NA,NA,S,1,0,86729.1,58,2010,52,17.22,45.28
160046,Active,286024,NA,NA,S,1,0,28789.55,157.4,2009,60,50,103.86
160047,Active,446918,NA,NA,S,1,0,26170.55,168.25,2011,35,49.68,74.99
160048,Active,532848,NA,NA,S,35,1,798713.71,54.25,2012,18,7.94,30.56
160049,Active,532847,NA,NA,D,24,1,470992.69,28.52,2012,44,4,92.74
160050,Active,51001,NA,NA,D,4,1,1044279.733,119.95,2005,47,4,21.24
160051,Active,112089,NA,NA,D,2,1,192068.5013,40.69,2010,65,4.92,40.23
160052,Active,550750,NA,NA,D,1,0,1139802.934,6.57,2008,43,5.35,19.14
160053,Active,51146,NA,NA,D,6,1,768675.4325,104.8,2005,112,4,29.76
160054,Active,52582,NA,NA,D,5,1,1745410.699,266.95,2005,58,4,6.97
160055,Active,2259124,NA,NA,S,2,1,388320.53,61.53,2010,33,8.08,51.46
160056,Active,664905,NA,NA,S,2,1,1497942.415,51.95,2013,25,5.27,25
160057,Active,564984,NA,NA,S,0,0,370311.2638,98.95,2012,28,26.79,38.98
160058,Active,58111,NA,NA,D,6,1,793741.63,100,2005,56,4,12.96
160059,Active,285446,NA,NA,S,23,1,1138716.613,28.99,2011,41,4,28.99
160060,Active,170020,NA,NA,D,7,1,137628.2738,170.95,2010,46,13.95,64.45
160061,Active,110685,NA,NA,S,21,1,2145604.513,15.71,2009,36,4,19.65
160062,Active,52583,NA,NA,D,6,1,517309.2613,246.95,2008,69,4.41,18.03
160063,Active,55329,NA,NA,D,1,0,1323516.264,13.88,2006,36,4,12.95
160064,Active,55330,NA,NA,D,3,1,241743.6138,154.75,2011,61,9.04,30.84
160065,Active,55328,NA,NA,D,2,1,805414.065,14.08,2009,71,4,13.28
160066,Active,51097,NA,NA,D,8,1,214673.9613,207.95,2010,162,4,13.96
160067,Active,290886,NA,NA,D,6,1,615556.5625,170.95,2007,44,4,12.54
160068,Active,52292,NA,NA,D,8,1,61836.85375,58.99,2010,96,6.49,41.59
160069,Active,118618,NA,NA,S,9,1,59962.205,162.8,2008,62,42.1,76.98
160070,Active,3490797,NA,NA,D,3,1,2515349.9,147.35,1998,27,4.59,51.98
160071,Active,514668,NA,NA,D,5,1,856120.3963,58.88,2005,23,4.42,50.21
160072,Active,420921,NA,NA,D,7,1,911130.0113,123,2001,28,4,36.98
160073,Active,115696,NA,NA,D,8,1,1935788.79,129,2004,15,6.79,29.98
160074,Active,416248,NA,NA,D,10,1,1996610.533,115.05,2002,26,4,51.07
160075,Active,51167,NA,NA,D,11,1,358862.575,8.49,2005,69,4,8.49
160076,Active,51166,NA,NA,D,10,1,2858946.318,112.81,2003,32,4,60.43
160077,Active,537390,NA,NA,D,6,1,117080.8538,148.2,2012,100,6.17,51.27
160078,Active,118290,NA,NA,D,5,1,567452.12,120,2010,83,4,24.99
160079,Active,116849,NA,NA,S,3,1,355862.5163,117.33,2004,48,4,26.08
160080,Active,663326,NA,NA,S,0,0,35477.175,139.95,2013,38,33.29,53.99
160081,Active,149287,NA,NA,D,0,0,2679865.95,58,2003,24,4.97,49.64
160082,Active,137508,NA,NA,D,5,1,4328893.056,110,2005,21,4.76,46.47
160083,Active,430981,NA,NA,D,4,1,11045042.36,85,2001,18,4.97,45.37
160084,Active,287672,NA,NA,D,0,0,2682468.344,63,2009,20,5.47,53.9
160085,Active,114545,NA,NA,D,7,1,961736.5725,166.67,2004,29,4.81,51.64
160086,Active,286468,NA,NA,D,9,1,69686.6425,265.6,2010,45,15.89,103.99
160087,Active,501943,NA,NA,D,1,0,606520.4788,50.95,2003,43,4,8.08
160088,Active,286248,NA,NA,D,1,0,1378635.52,60,2007,24,4,57.81
160089,Active,286466,NA,NA,D,2,1,105450.3438,83.6,2010,50,5.01,69.42
160090,Active,537677,NA,NA,D,15,1,12127.4725,393.75,2012,163,8.93,76.98
160091,Active,437003,NA,NA,D,3,1,139976.1263,409.95,2010,76,4.98,55
160092,Active,55170,NA,NA,S,5,1,538360.7488,166.67,2003,77,4.42,9.03
160093,Active,533443,NA,NA,D,8,1,8759.22875,282.8,2012,81,28.95,72.67
160094,Active,51117,NA,NA,D,12,1,4354.63125,374.95,2010,187,13.33,68.99
160095,Active,55891,NA,NA,D,11,1,430456.3525,409.95,2008,63,5.99,38.49
160096,Active,55890,NA,NA,D,10,1,1363599.37,441.95,2006,28,8.78,43.99
160097,Active,55889,NA,NA,D,9,1,2073487.38,249.95,2004,40,4.54,6.32
160098,Active,60147,NA,NA,S,3,1,1665409.569,237.95,2003,50,4.53,22.69
160099,Active,148729,NA,NA,D,5,1,326088.4175,368.95,2008,80,6.38,22.09
160100,Active,148313,NA,NA,D,4,1,650440.2163,466.95,2006,74,4.48,73.98
160101,Active,51785,NA,NA,D,10,1,143777.7163,428.95,2010,65,12.68,150.11
160102,Active,51784,NA,NA,D,9,1,623250.385,311.95,2007,38,8.88,46.99
160103,Active,544309,NA,NA,D,11,1,27560.66875,390.95,2013,68,27.5,89.61
160104,Active,50666,NA,NA,D,7,1,721687.8775,296.95,2006,48,4.21,32.97
160105,Active,851577,NA,NA,S,5,1,1886853.971,90.36,2000,32,4,15.71
160106,Active,50667,NA,NA,D,8,1,118088.2375,302.95,2010,69,6.47,112.37
160107,Active,435391,NA,NA,S,7,1,2826810.569,253.95,2000,35,4.7,28.59
160108,Active,468734,NA,NA,S,9,1,601764.6675,97.95,2010,37,5.19,22.69
160109,Active,435742,NA,NA,D,2,1,1145188.138,440.95,2007,50,5.95,106.69
160110,Active,55172,NA,NA,D,7,1,83215.935,230.2,2009,105,13.98,42.88
160111,Active,600353,NA,NA,D,3,1,582210.8213,22.98,2010,49,5.43,19.34
160112,Active,601198,NA,NA,D,4,1,76182.005,275.54,2012,57,7.48,52.62
160113,Active,58106,NA,NA,D,14,1,64030.46125,65.89,2009,148,6,33.98
160114,Active,532321,NA,NA,S,2,1,1216167.873,43.95,2010,26,7.84,13.99
160115,Active,51114,NA,NA,S,9,1,1155993.779,247.95,2003,89,4,13.98
160116,Active,51116,NA,NA,D,11,1,68690.44125,412.95,2008,144,4.48,43.98
160117,Active,504115,NA,NA,D,6,1,447610.875,99.4,2006,26,4.23,49.95
160118,Active,420979,NA,NA,D,5,1,2338368.629,140,2001,27,6.52,55.99
160119,Active,880513,NA,NA,D,12,1,1478133.91,938.99,2012,31,4,13.68
160120,Active,200913,NA,NA,S,5,1,252952.3888,18.99,2009,71,5.44,0
160121,Active,457554,NA,NA,S,7,1,1203985.173,261.95,1998,58,5.18,28.92
160122,Active,55171,NA,NA,D,6,1,161550.865,193.33,2006,91,4.48,13.99
160123,Active,58107,NA,NA,D,13,1,749415.6213,26.99,2006,82,4,25.32
160124,Active,606923,NA,NA,S,13,1,693263.56,349.53,2006,32,12.86,73.22
160125,Active,148754,NA,NA,D,6,1,596512.6275,233.95,2010,167,3,38.98
160126,Active,544417,NA,NA,D,7,1,66807.81125,212.95,2013,76,10.74,102.99
160127,Active,56790,NA,NA,D,9,1,282488.9688,393.95,2011,76,6.04,84.86
160128,Active,56788,NA,NA,D,7,1,1356965.143,364.95,2006,53,4.25,28.53
160129,Active,56789,NA,NA,D,8,1,1027329.959,314.95,2009,86,3.9,23.91
160130,Active,51186,NA,NA,S,6,1,401799.065,178.95,2002,65,4,8.49
160131,Active,51187,NA,NA,S,7,1,810895.02,160.95,2005,88,4,11.97
160132,Active,51189,NA,NA,D,9,1,71553.45375,266.95,2010,135,9.07,64.88
160133,Active,51188,NA,NA,D,8,1,324506.3063,266.95,2007,101,4.58,66.25
160134,Active,878304,NA,NA,S,12,1,179503.6325,57.67,2008,24,9.72,23.18
160135,Active,110587,NA,NA,D,13,1,21580.1975,319.25,2012,154,5.92,85.49
160136,Active,52035,NA,NA,D,12,1,327418.4163,18.98,2008,102,5.43,17.94
160137,Active,479542,NA,NA,S,2,1,27895.225,34.95,2008,63,14.98,15.97
160138,Active,317634,NA,NA,D,4,1,2226118.836,125,1998,28,4,35.93
160139,Active,112267,NA,NA,S,1,0,823083.6113,115.25,2004,50,4.99,21.98
160140,Active,349814,NA,NA,D,12,1,459488.92,117.95,2007,49,4,18.16
160141,Active,435592,NA,NA,D,7,1,845816.1288,234.95,2005,98,4.1,27.7
160142,Active,416680,NA,NA,S,4,1,104587.8863,66.59,2008,52,13.27,30.83
160143,Active,404653,NA,NA,D,10,1,157613.1588,415.95,2009,43,5.24,33.99
160144,Active,330396,NA,NA,D,8,1,4073803.585,234.95,2003,40,4.34,18.98
160145,Active,330649,NA,NA,D,9,1,1796719.981,329.95,2006,33,4,19.99
160146,Active,489397,NA,NA,S,4,1,67565.08,39.99,2008,199,6.46,18.72
160147,Active,489396,NA,NA,S,3,1,569284.7313,29.95,1997,176,4,6.93
160148,Active,873366,NA,NA,D,4,1,783059.4938,36.69,2008,42,9.12,23.25
160149,Active,2299610,NA,NA,D,0,0,27443,0,1900,33,11.45,23.86
160150,Active,118256,NA,NA,D,9,1,996706.6538,158,2011,60,4,23.49
160151,Active,423079,NA,NA,D,8,1,1598659.208,136.8,2008,37,4,60.35
160152,Active,55325,NA,NA,D,8,1,824365.445,200.8,2008,70,4.77,10.27
160153,Active,456502,NA,NA,S,17,1,320759.5938,112.95,2009,38,39.49,74.79
160154,Active,476828,NA,NA,S,2,1,992662.0563,91.5,2011,22,8.84,103.09
160155,Active,55326,NA,NA,D,9,1,594168.345,205.33,2011,84,4.78,37.99
160156,Active,456850,NA,NA,D,1,0,1223322.805,204.95,2004,20,6.63,34.99
160157,Active,144972,NA,NA,D,10,1,1446725.494,135.4,2005,44,5.15,23.99
160158,Active,145721,NA,NA,D,11,1,354431.0163,205.6,2008,69,6.38,28.98
160159,Active,285814,NA,NA,S,2,1,479270.7738,169.2,1999,26,13.06,73.39
160160,Active,416601,NA,NA,S,1,0,103040.75,145,2010,33,28.74,55.98
160161,Active,415984,NA,NA,D,1,0,912498.255,69.99,2006,60,4,15.3
160162,Active,106956,NA,NA,D,1,0,1503986.369,62.99,2003,41,4.13,30.49
160163,Active,489860,NA,NA,S,2,1,2764343.485,100,2005,23,4.4,45.73
160164,Active,300403,NA,NA,S,11,1,74316.32875,48,2010,77,16.99,36.99
160165,Active,667441,NA,NA,S,6,1,919449.5025,42.95,2010,43,7.77,18.98
160166,Active,615298,NA,NA,S,3,1,97459.3725,231,2012,71,38.98,105.73
160167,Active,270072,NA,NA,D,10,1,196356.1063,225,2011,95,6.54,43.98
160168,Active,265935,NA,NA,D,9,1,1037407.465,173,2005,50,4,18.99
160169,Active,193476,NA,NA,D,4,1,1453872.668,115.95,2006,34,4.97,9.92
160170,Active,639871,NA,NA,D,6,1,115018.2275,171.95,2012,63,8.34,58.24
160171,Active,193643,NA,NA,D,5,1,611133.6213,121.95,2009,49,6.12,12.28
160172,Active,518431,NA,NA,D,2,1,4391568.68,105,2008,22,17.71,31.44
160173,Active,532276,NA,NA,D,2,1,2199681.538,109,2008,25,4,11.98
160174,Active,2257601,NA,NA,D,3,1,2159215.573,82.78,2011,45,9.18,61.34
160175,Active,468698,NA,NA,D,1,0,667701.6538,199,2010,32,12.82,75.89
160176,Active,532274,NA,NA,S,3,1,398613.6975,34.99,2010,61,4,8.08
160177,Active,485650,NA,NA,D,0,0,1808949.803,50.4,1999,26,4,8.99
160178,Active,365245,NA,NA,D,1,0,617856.0013,41.95,2006,27,4.49,17.79
160179,Active,861216,NA,NA,S,3,1,473175.2163,57.95,2013,30,28.74,50
160180,Active,365333,NA,NA,D,2,1,1011614.839,51.95,2008,46,4,9.89
160181,Active,547309,NA,NA,S,2,1,401090.6413,79.95,2012,22,45.99,45.98
160182,Active,532272,NA,NA,S,2,1,913484.5763,70,2009,29,27.12,38.99
160183,Active,115713,NA,NA,D,0,0,2464451.596,109.33,2004,14,8.14,100.11
160184,Active,515096,NA,NA,D,0,0,1487718.678,80,2004,33,4,91.83
160185,Active,532271,NA,NA,S,2,1,1113788.039,210,2007,20,14.55,68.83
160186,Active,147745,NA,NA,S,1,0,273955.9275,185.95,2003,26,8.03,50.01
160187,Active,484959,NA,NA,S,3,1,2112492.85,49.95,2000,29,4,74.28
160188,Active,437838,NA,NA,D,2,1,3839414.841,75,2003,24,4.76,43.35
160189,Active,386435,NA,NA,S,0,0,136245.6138,104,2008,25,21.99,45.19
160190,Active,417086,NA,NA,D,10,1,999924.3225,40.28,2007,63,4,7.58
160191,Active,532269,NA,NA,D,11,1,261621.9138,42.99,2010,85,11.48,45.99
160192,Active,412784,NA,NA,S,5,1,8034741.314,111.95,1996,24,4,9.98
160193,Active,51127,NA,NA,D,8,1,453206.4725,418.95,2009,39,24.19,84.06
160194,Active,51126,NA,NA,D,7,1,744727.0313,442.95,2002,145,4,13.01
160195,Active,404929,NA,NA,S,3,1,620027.585,35,2006,56,4,23.68
160196,Active,262744,NA,NA,D,0,0,1821927.276,59.95,2008,21,13.99,47.98
160197,Active,381477,NA,NA,S,7,1,177899.865,28.99,2011,24,29.98,90.72
160198,Active,434719,NA,NA,D,1,0,986194.5488,159.33,2010,78,4,23.84
160199,Active,51130,NA,NA,S,4,1,1322460.749,11.97,2005,41,4.73,11.26
160200,Active,532263,NA,NA,D,8,1,178463.4538,244.67,2010,64,7.67,10.98
160201,Active,869435,NA,NA,D,1,0,1177746.816,23.34,2011,21,5.74,18.79
160202,Active,1517070,NA,NA,D,2,1,2664835.819,216.67,2012,26,9.76,621.45
160203,Active,118296,NA,NA,D,1,0,53717.645,257.67,2012,108,17.47,33.99
160204,Active,715995,NA,NA,D,1,0,820818.3113,167.53,2012,20,13.94,47.87
160205,Active,550452,NA,NA,D,1,0,24201.51875,28.12,2012,77,14.97,23.99
160206,Active,422038,NA,NA,D,7,1,318608.8763,186.67,2007,58,4,31.43
160207,Active,553783,NA,NA,D,5,1,154152.625,217.33,2009,100,4.83,65.09
160208,Active,594433,NA,NA,D,2,1,1062840.805,99,2012,24,14.75,69.91
160209,Active,872240,NA,NA,D,0,0,2551230.133,89.95,2008,26,4,11.88
160210,Active,564005,NA,NA,S,7,1,484429.2063,367.95,1994,47,8.7,55.9
160211,Active,416223,NA,NA,S,3,1,1706458.724,22.11,2002,61,4.34,13.46
160212,Active,110333,NA,NA,D,6,1,137766.8875,62.95,2010,102,6.28,40.86
160213,Active,51131,NA,NA,D,5,1,644447.4413,23.65,2007,78,4,8.86
160214,Active,435008,NA,NA,D,2,1,187879.1438,222.33,2011,178,4.15,23.99
160215,Active,329847,NA,NA,D,1,0,1508556.923,180,2009,74,4,10.42
160216,Active,1472942,NA,NA,D,0,0,2308554.06,65,2010,14,6.39,36.94
160217,Active,2252460,NA,NA,D,3,1,2488039.38,93.87,2010,54,6.9,181.22
160218,Active,143306,NA,NA,D,3,1,491622.4425,210,2010,91,4.16,81.55
160219,Active,143124,NA,NA,D,2,1,1699435.799,145,2006,29,4.35,85.37
160220,Active,448594,NA,NA,D,1,0,792944.2975,152.5,2001,22,4.39,24.98
160221,Active,532244,NA,NA,S,2,1,1083656.294,37.25,2010,82,19.06,25.29
160222,Active,1590667,NA,NA,D,2,1,944127.0325,43,2010,14,11.79,21.5
160223,Active,569164,NA,NA,S,2,1,710377.845,43,2010,16,17.39,29.78
160224,Active,542100,NA,NA,S,2,1,705854.9925,32.25,2010,22,22.4,21.52
160225,Active,53345,NA,NA,D,10,1,605981.825,331.95,2009,85,4,9.46
160226,Active,642081,NA,NA,S,7,1,31704.63875,52.25,2013,63,27.99,29.99
160227,Active,142104,NA,NA,D,6,1,92163.04875,19.98,2010,57,4,18.98
160228,Active,141655,NA,NA,D,4,1,894097.26,63.75,2004,39,4,15.03
160229,Active,141876,NA,NA,D,5,1,576747.8213,11.99,2007,53,4,8.64
160230,Active,248245,NA,NA,D,0,0,380986.3663,45,2011,77,7.81,23.49
160231,Active,1982632,NA,NA,S,2,1,72819.7125,45,2015,25,22.99,28.99
160232,Active,56712,NA,NA,D,4,1,636928.2088,59.95,2011,188,4,7.95
160233,Active,864585,NA,NA,D,7,1,16483.77125,69.95,2014,123,8.06,18.87
160234,Active,1827327,NA,NA,S,6,1,128658.7338,0,2014,25,37.06,91.99
160235,Active,56713,NA,NA,S,3,1,888999.5988,59.95,2010,116,4,11.76
160236,Active,795600,NA,NA,D,5,1,376449.0613,59.95,2012,211,4,9.48
160237,Active,618159,NA,NA,S,0,0,484827.2688,99,1973,61,4,33.59
160238,Active,811087,NA,NA,S,0,0,224714.5,45,2008,26,28.98,42.86
160239,Active,1535078,NA,NA,S,3,1,231774.7788,18.95,2008,90,5.69,14.06
160240,Active,2281945,NA,NA,S,3,1,64314.9,51.79,2010,28,15.4,45.95
160241,Active,1482387,NA,NA,S,1,0,535186.0925,150.6,2015,103,5.98,28.95
160242,Active,641978,NA,NA,D,0,0,62662.7325,74.95,2013,66,12.87,50.43
160243,Active,614093,NA,NA,D,0,0,29534.84,99.95,2012,74,8.91,49.64
160244,Active,3485401,NA,NA,S,1,0,486787.8,119.8,2015,62,28.58,28.53
160245,Active,890988,NA,NA,S,0,0,568742.195,41.99,2015,13,38.53,41.98
160246,Active,534186,NA,NA,D,4,1,511381.6413,49.99,2010,57,4.27,9.77
160247,Active,532233,NA,NA,S,5,1,272955.6013,54.99,2012,43,16.48,28.99
160248,Active,181989,NA,NA,D,3,1,1070243.458,49.99,2007,39,4,21.99
160249,Active,3790449,NA,NA,D,3,1,371357.9,135.2,2000,28,10.56,122.81
160250,Active,130077,NA,NA,S,4,1,390451.7125,168.2,2000,62,4,37.52
160251,Active,606805,NA,NA,S,4,1,479920.0563,44,2000,77,4.44,20.52
160252,Active,52158,NA,NA,D,5,1,288420.5313,123,2006,36,5.88,52.89
160253,Active,533701,NA,NA,D,7,1,83435.3325,166.4,2012,49,19.43,130.26
160254,Active,3758231,NA,NA,S,2,1,487394.6,59.99,2015,65,19.98,28.99
160255,Active,610036,NA,NA,S,6,1,52719.2475,59.99,2013,40,39.56,40.79
160256,Active,608851,NA,NA,S,4,1,727233.8475,39.99,2001,36,4,17.99
160257,Active,2428334,NA,NA,D,1,0,5230118.043,68,1994,28,4,38.98
160258,Active,556755,NA,NA,S,2,1,486397.9975,150,2000,33,17.8,89.94
160259,Active,685301,NA,NA,S,3,1,13686.37125,29.99,2013,51,12.97,20.36
160260,Active,61186,NA,NA,D,1,0,313165.4363,108.5,1996,39,5.49,78.49
160261,Active,532234,NA,NA,S,2,1,10331.085,148.75,2008,82,54.99,66.9
160262,Active,112386,NA,NA,S,1,0,640952.9688,142.75,1998,21,15.4,110.14
160263,Active,613520,NA,NA,S,2,1,950.74125,67,1988,123,13.98,19.97
160264,Active,617486,NA,NA,S,0,0,272776.785,72.85,1978,84,4,183.87
160265,Active,2102352,NA,NA,S,0,0,31205.225,39.99,2013,6,24,24.05
160266,Active,623497,NA,NA,S,0,0,117544.975,69.99,2009,20,39.83,39.85
160267,Active,608737,NA,NA,S,3,1,1160026.301,54.99,2008,42,4,0
160268,Active,608729,NA,NA,D,2,1,1288947.551,54.99,2006,34,4.23,18.48
160269,Active,3758245,NA,NA,S,6,1,29120.7,59.99,2015,20,40.36,40.12
160270,Active,655046,NA,NA,S,5,1,213910.9913,59.99,2013,25,26.74,33.87
160271,Active,544751,NA,NA,D,4,1,109844.4538,228.95,2013,34,36.74,111.47
160272,Active,527974,NA,NA,S,3,1,624397.2975,209.95,2010,33,16.99,43.99
160273,Active,644131,NA,NA,S,0,0,57945.05125,59.99,2005,17,34.98,34.99
160274,Active,921923,NA,NA,D,0,0,289902.4313,14.99,1996,112,4,9.89
160275,Active,607423,NA,NA,S,4,1,373135.55,44.99,1994,54,4,0
160276,Active,882195,NA,NA,D,4,1,4589901.586,59,1995,11,4.6,114.28
160277,Active,607220,NA,NA,S,5,1,77252.81125,86,2002,33,14.76,49.97
160278,Active,865487,NA,NA,S,3,1,100533.9313,39.99,2014,18,19.98,25.81
160279,Active,619050,NA,NA,S,2,1,1320893.314,54.99,1999,32,4.13,38.99
160280,Active,657567,NA,NA,S,3,1,239087.5,95.95,2008,23,12.64,53.97
160281,Active,420650,NA,NA,S,2,1,883797.415,179,2005,22,4.88,51.18
160282,Active,60149,NA,NA,D,2,1,1729847.335,146.95,2005,26,8.69,51.98
160283,Active,178232,NA,NA,D,1,0,2308249.805,100.95,1998,39,4,53.45
160284,Active,1459024,NA,NA,S,1,0,514927.1313,59.99,2009,38,7.53,32.55
160285,Active,106963,NA,NA,S,3,1,150968.1088,47,2003,39,4.26,31.6
160286,Active,532229,NA,NA,S,2,1,152258.56,69.99,2008,28,13.99,44.25
160287,Active,2375958,NA,NA,S,5,1,338449.9838,118,2005,44,5.73,43.99
160288,Active,716840,NA,NA,S,2,1,1906517.584,68,1998,102,3.99,55.69
160289,Active,778219,NA,NA,S,2,1,2028391.154,79.95,2000,40,4,9.97
160290,Active,607646,NA,NA,D,3,1,725865.4388,49.99,1998,78,4.06,55.85
160291,Active,532227,NA,NA,S,5,1,4988.33375,69.99,2012,63,32.58,39.91
160292,Active,2427716,NA,NA,S,2,1,2357107.05,42.95,1991,90,4,5.11
160293,Active,329922,NA,NA,S,6,1,17384.22625,59.99,2011,50,22.52,34.78
160294,Active,130085,NA,NA,D,4,1,327968.9975,59.99,2005,52,10.02,37.84
160295,Active,533301,NA,NA,S,6,1,60355.09625,212.95,2012,41,28.5,57.94
160296,Active,867521,NA,NA,S,7,1,12229.82875,231.95,2014,49,99.95,111.6
160297,Active,533932,NA,NA,S,5,1,303031.7388,234.95,2010,69,18.99,38.99
160298,Active,592530,NA,NA,S,3,1,731357.7138,165.95,2006,41,4.8,56.35
160299,Active,60150,NA,NA,S,4,1,278333.7888,257.95,2008,48,4.48,37.58
160300,Active,321928,NA,NA,D,3,1,151389.9863,79.99,1997,176,4,13.94
160301,Active,532225,NA,NA,S,4,1,8931.0675,79.99,2013,41,46.92,43.98
160302,Active,57517,NA,NA,D,4,1,567858.3688,203.95,2008,49,6.48,17.24
160303,Active,533302,NA,NA,S,6,1,119099.5863,255.95,2012,49,35.99,128.28
160304,Active,57516,NA,NA,S,3,1,701081.845,174.95,2006,29,6.61,62.79
160305,Active,57513,NA,NA,S,5,1,282335.995,275.95,2010,38,4.48,52.57
160306,Active,629152,NA,NA,S,2,1,23379.255,79.99,2012,35,45.97,50.67
160307,Active,625463,NA,NA,S,1,0,80088.3125,79.99,2002,32,26.66,43.98
160308,Active,702044,NA,NA,S,1,0,253543.2388,52,2010,30,11.1,25.91
160309,Active,106955,NA,NA,S,4,1,388712.0763,55,2002,59,4.09,20.99
160310,Active,709452,NA,NA,S,3,1,2405398.574,39.99,1998,37,4,19.99
160311,Active,119262,NA,NA,S,2,1,190884.91,39.99,2011,28,6.18,23.98
160312,Active,1453195,NA,NA,S,2,1,269174.6525,59.99,2013,19,31.65,32.34
160313,Active,898773,NA,NA,S,5,1,101680.2863,89.99,2014,40,40.96,53.24
160314,Active,651853,NA,NA,D,4,1,860268.0725,99.99,2009,25,17.59,65.63
160315,Active,2082608,NA,NA,D,0,0,162394.7075,100,2013,24,56.39,72.41
160316,Active,139256,NA,NA,S,1,0,105632.2988,35,2006,53,4.97,59.79
160317,Active,903906,NA,NA,D,0,0,217938.9813,26,1955,15,13.98,23.41
160318,Active,532222,NA,NA,D,2,1,339908.5,195,2012,51,14.98,43.27
160319,Active,738459,NA,NA,D,5,1,630676.8588,75,2003,40,9.25,28.97
160320,Active,541998,NA,NA,S,6,1,1151780.484,99.95,2007,30,6.47,33.94
160321,Active,1574149,NA,NA,S,6,1,2713568.701,82.95,2007,23,4,13.99
160322,Active,543364,NA,NA,S,5,1,615108.2388,72.95,2011,52,6.17,53.15
160323,Active,608453,NA,NA,S,6,1,1380732.823,95.95,2007,33,4,38.98
160324,Active,543365,NA,NA,S,5,1,217752.9988,109.95,2011,43,6.75,38.94
160325,Active,743890,NA,NA,S,5,1,2827133.705,106.43,2009,22,16.92,79.18
160326,Active,53814,NA,NA,D,5,1,22081.30625,81.95,2009,440,4.61,15.66
160327,Active,610328,NA,NA,S,6,1,2802.185,93.95,2013,99,40.99,54.99
160328,Active,53813,NA,NA,D,4,1,584105.925,64.95,2005,222,4,10.22
160329,Active,2599055,NA,NA,D,0,0,1607256.684,28.99,1994,27,4,7.19
160330,Active,264641,NA,NA,D,2,1,2463865.664,77.95,2006,25,4,8.94
160331,Active,299891,NA,NA,D,3,1,781831.3513,77.95,2009,65,4.53,30.59
160332,Active,623378,NA,NA,D,1,0,199508.33,59.95,2012,63,7.98,17.99
160333,Active,914250,NA,NA,S,1,0,35807.02875,59.95,2014,45,28.99,42.76
160334,Active,627891,NA,NA,S,3,1,62965.2575,59.95,2012,48,17.58,41.92
160335,Active,3577469,NA,NA,D,0,0,9136935.15,42.95,2002,72,4,38.4
160336,Active,210969,NA,NA,D,2,1,413842.6975,47.95,2007,23,10.53,11.81
160337,Active,57341,NA,NA,S,7,1,1331786.633,42.95,2003,46,4,14.67
160338,Active,57344,NA,NA,D,8,1,634162.84,65.95,2007,121,4,11.9
160339,Active,57343,NA,NA,D,9,1,46637.765,78.95,2011,140,4.87,12.38
160340,Active,113480,NA,NA,D,1,0,1353230.631,73.95,2003,28,4,28.99
160341,Active,312047,NA,NA,D,2,1,116194.1075,72.95,2010,28,46.2,46.2
160342,Active,563624,NA,NA,S,1,0,72880.2,50,2012,45,14.99,28.98
160343,Active,915762,NA,NA,S,5,1,105950.3338,50.95,2011,31,15.87,38.66
160344,Active,616726,NA,NA,D,2,1,59779.12875,195.25,2011,59,9.91,40.86
160345,Active,916191,NA,NA,S,7,1,172362.6225,110.58,2011,34,7.34,110.58
160346,Active,2619753,NA,NA,D,0,0,302520.25,87.95,2000,62,5.24,78.79
160347,Active,621607,NA,NA,S,3,1,1414757.156,232.75,2007,30,6.54,13.83
160348,Active,298759,NA,NA,D,2,1,340098.9825,151.27,2011,58,13.91,43.99
160349,Active,572781,NA,NA,S,5,1,875626.6625,107.16,1994,79,4,21.89
160350,Active,645374,NA,NA,D,5,1,633448.8925,80.51,2008,28,6.97,50.79
160351,Active,920168,NA,NA,D,0,0,354148.1763,161.95,1996,51,7.68,62.76
160352,Active,908147,NA,NA,S,3,1,871563.7688,73.99,2003,24,17.74,63.96
160353,Active,613708,NA,NA,D,1,0,987999.3438,14.98,2007,45,4,14.95
160354,Active,911672,NA,NA,S,6,1,199428.1663,195,2013,37,71.62,138.21
160355,Active,868486,NA,NA,D,3,1,391406.5813,75,1994,26,35.91,53.43
160356,Active,540549,NA,NA,D,7,1,1195837.924,92.21,2009,20,9.41,69.57
160357,Active,772250,NA,NA,S,8,1,726696.7525,179.95,2005,22,9.17,100.09
160358,Active,183380,NA,NA,S,4,1,497641.01,179.95,2006,26,8.43,21.44
160359,Active,51746,NA,NA,D,6,1,537641.2575,352.95,2002,66,4.17,13.99
160360,Active,51747,NA,NA,D,7,1,144852.9813,390.95,2005,101,4.47,39.99
160361,Active,129856,NA,NA,S,9,1,308311.7588,128,1995,86,8.53,178.47
160362,Active,556606,NA,NA,S,7,1,522605.2725,146.6,1988,83,4.86,77.84
160363,Active,921565,NA,NA,S,8,1,438930.18,217.4,1991,73,4.58,45.79
160364,Active,917856,NA,NA,D,9,1,1042136.324,20.99,2008,62,5.59,13.77
160365,Active,52375,NA,NA,D,11,1,483369.0975,153.33,2006,110,4,43.32
160366,Active,146576,NA,NA,S,10,1,551376.7875,138,2011,45,8.99,27.92
160367,Active,146373,NA,NA,D,10,1,18520.62375,205,2011,190,5.79,28.22
160368,Active,52376,NA,NA,D,12,1,109352.0513,176,2009,116,4,23.99
160369,Active,2642444,NA,NA,S,8,1,88879.26875,43.97,2005,81,7.84,33.94
160370,Active,879342,NA,NA,S,9,1,151211.9325,209.95,2009,48,36.24,53.49
160371,Active,182600,NA,NA,S,8,1,683171.825,40.95,2001,39,4,17.99
160372,Active,889991,NA,NA,D,0,0,11324520.3,0,2006,10,4,18.9
160373,Active,163094,NA,NA,S,2,1,618618.8575,261.25,2011,57,13.71,30.15
160374,Active,615514,NA,NA,D,1,0,221281.2825,266.4,2010,92,5.97,37.95
160375,Active,3292447,NA,NA,S,3,1,466077.0125,110.72,2004,39,7.89,74.69
160376,Active,115314,NA,NA,S,6,1,144118.3375,116.6,2002,107,21.43,83.55
160377,Active,115025,NA,NA,D,8,1,1179057.713,120,2000,89,4.15,49.36
160378,Active,613249,NA,NA,S,0,0,36619.275,107.2,1999,107,5.75,36.99
160379,Active,569880,NA,NA,D,0,0,1028734.164,0,1991,49,4.47,136.35
160380,Active,177153,NA,NA,S,0,0,43524.39875,181.95,2000,86,26.98,73.98
160381,Active,691827,NA,NA,S,2,1,1930968.985,112.95,1998,39,4,45.29
160382,Active,618768,NA,NA,S,2,1,216407.9875,210.67,1999,47,7.43,66.23
160383,Active,546217,NA,NA,S,2,1,60718.065,87.45,2005,87,23.31,43.99
160384,Active,3130599,NA,NA,D,0,0,1127068.324,92.95,2000,22,4.59,45.55
160385,Active,582988,NA,NA,S,7,1,1399086.878,158.95,2011,36,6.19,78.47
160386,Active,908130,NA,NA,S,6,1,77464.8275,69.99,2013,14,33.99,71.29
160387,Active,907825,NA,NA,D,3,1,207131.82,83,2006,27,43.35,60.83
160388,Active,809086,NA,NA,S,1,0,172693.775,195.25,2014,40,51.93,68.99
160389,Active,596668,NA,NA,D,0,0,127807.395,65.5,1998,86,4,20.93
160390,Active,538475,NA,NA,S,4,1,422166.4625,271.75,2011,63,6.71,30.92
160391,Active,53875,NA,NA,D,8,1,116990.995,318.95,2005,155,16.88,77.35
160392,Active,628090,NA,NA,S,2,1,343661.9575,155,1993,61,4.6,43.92
160393,Active,2619214,NA,NA,S,3,1,1607058.624,160.95,1995,104,4,13.9
160394,Active,567417,NA,NA,S,7,1,3187073.229,7,2006,12,4.4,4.36
160395,Active,200448,NA,NA,S,4,1,121013.6088,259.95,2009,48,11.57,48.11
160396,Active,54740,NA,NA,D,3,1,1687048.103,276.95,2005,34,4.13,17.15
160397,Active,877535,NA,NA,D,4,1,3070829.934,138.23,2008,28,4.36,97.63
160398,Active,570557,NA,NA,S,4,1,452860.3438,271.95,2009,41,17.55,67.93
160399,Active,53438,NA,NA,D,3,1,253464.6038,350.95,2006,94,4,26.7
160400,Active,53440,NA,NA,D,2,1,179969.21,199.95,2000,105,4,17.63
160401,Active,52477,NA,NA,D,4,1,1026412.618,295.95,2007,63,4,8.93
160402,Active,532205,NA,NA,S,9,1,46250.14125,191.8,2006,93,12.63,44.64
160403,Active,2250331,NA,NA,S,4,1,253549.8213,83.99,2006,43,18.99,83.84
160404,Active,850187,NA,NA,S,2,1,1547213.35,95.16,1999,34,4.13,11.73
160405,Active,572319,NA,NA,D,4,1,1859680.006,51.65,2007,23,6.5,51.79
160406,Active,613344,NA,NA,D,3,1,941985.7763,37.94,2007,56,5.47,49.99
160407,Active,879322,NA,NA,S,5,1,249030.2188,80.54,2011,28,13.39,35.47
160408,Active,51357,NA,NA,D,5,1,44288.80125,302.95,2010,188,10.71,26.98
160409,Active,859362,NA,NA,D,3,1,619262.8675,18.3,2006,48,5.48,11.45
160410,Active,51358,NA,NA,D,4,1,102337.4338,333.95,2006,112,23.68,66.98
160411,Active,110737,NA,NA,S,4,1,78310.39375,271.75,2011,70,49.86,71.48
160412,Active,371479,NA,NA,S,7,1,163900.25,178.95,2011,61,6.82,38.95
160413,Active,630987,NA,NA,S,9,1,805324.3075,178,2008,23,8.14,33.98
160414,Active,592993,NA,NA,S,6,1,1409738.938,282.95,2009,62,4.99,31.99
160415,Active,252587,NA,NA,D,1,0,659474.3338,139.65,2008,179,4,14.9
160416,Active,540553,NA,NA,D,1,0,38260.305,266.4,2010,269,5.09,21.89
160417,Active,870034,NA,NA,D,1,0,1608104.1,81.81,2011,34,5.44,41.39
160418,Active,53878,NA,NA,D,7,1,843253.0675,13.99,2002,67,5.23,43.94
160419,Active,728085,NA,NA,D,10,1,4648356.003,127.33,2001,20,4.42,38.97
160420,Active,51787,NA,NA,D,6,1,17125.9075,344.95,2007,265,6.39,39.27
160421,Active,665493,NA,NA,D,2,1,93071.39625,168.3,2011,34,51.8,0
160422,Active,615887,NA,NA,S,1,0,355310.855,45.4,2007,44,4,43.9
160423,Active,53877,NA,NA,D,8,1,117297.0038,33.96,2005,104,5.45,27.99
160424,Active,252668,NA,NA,D,2,1,516040.3475,151.5,2011,85,5.24,82.38
160425,Active,532219,NA,NA,S,10,1,41397.73375,243.25,2012,97,54.98,133.98
160426,Active,566756,NA,NA,D,8,1,933383.33,0,2005,44,3.98,127.77
160427,Active,165900,NA,NA,D,8,1,512036.1738,38.99,2005,78,4,38.95
160428,Active,1885000,NA,NA,S,2,1,1446165.151,134.99,2011,18,14.21,18.04
160429,Active,162329,NA,NA,D,9,1,55014.34875,78.72,2008,63,11.74,58.98
160430,Active,764206,NA,NA,S,5,1,170003.0638,85.95,2003,177,4,17.87
160431,Active,537965,NA,NA,S,3,1,258513.5838,145.95,1998,31,7.97,62.81
160432,Active,542218,NA,NA,S,1,0,126249.5275,264.95,2003,82,24.94,82.82
160433,Active,652761,NA,NA,S,3,1,784532.8538,162.67,2010,30,15.13,129
160434,Active,713904,NA,NA,D,1,0,3722298.179,122,2000,34,4,22.99
160435,Active,114522,NA,NA,D,2,1,686667.4063,153.33,2003,107,4,10.99
160436,Active,109310,NA,NA,D,9,1,1355799.728,164,2005,55,4,8.98
160437,Active,51172,NA,NA,D,10,1,412013.6913,22.98,2009,161,4.58,32.8
160438,Active,51171,NA,NA,D,9,1,1058561.664,13.99,2006,71,4.58,13.99
160439,Active,51072,NA,NA,D,11,1,301477.4875,153.33,2007,94,4,48.54
160440,Active,1517233,NA,NA,S,13,1,470296.9438,146.67,2014,34,23.86,113.35
160441,Active,51073,NA,NA,D,12,1,112884.935,190.33,2010,247,5.39,21.99
160442,Active,576865,NA,NA,S,1,0,36664.49,19.99,2003,251,4,8.45
160443,Active,561511,NA,NA,S,1,0,57223.88875,274.4,2012,38,84.98,183.94
160444,Active,641049,NA,NA,S,2,1,989114.06,53.99,2013,38,6.35,41.99
160445,Active,561513,NA,NA,S,1,0,177388.4113,139,2012,31,43.99,81.67
160446,Active,561512,NA,NA,S,1,0,223666.235,139,2012,63,18.99,76.01
160447,Active,556773,NA,NA,D,1,0,317139.9688,190.33,2002,136,4,11.99
160448,Active,560871,NA,NA,S,1,0,82983.07375,215.6,2005,112,6.34,61.22
160449,Active,177100,NA,NA,S,7,1,1705912.781,322.95,2005,49,4,13.31
160450,Active,182740,NA,NA,S,2,1,87439.55,157.96,2001,25,14.97,97.49
160451,Active,904127,NA,NA,D,2,1,492060.5438,51.95,2001,23,30.83,84.23
160452,Active,654769,NA,NA,S,3,1,495257.1075,126.95,2007,26,40.14,99.6
160453,Active,613369,NA,NA,D,3,1,9462.435,166,2006,169,28.94,63.97
160454,Active,627456,NA,NA,D,3,1,154148.0713,166,2009,69,13.17,32.46
160455,Active,2427823,NA,NA,S,0,0,196915.9038,116,1994,100,5.34,42.9
160456,Active,244420,NA,NA,S,7,1,406341.7425,184,2011,54,5.95,63.98
160457,Active,244033,NA,NA,S,7,1,842017.0788,184,2011,48,5.98,21.89
160458,Active,544749,NA,NA,S,10,1,317077.1825,184,2013,37,32.94,154.49
160459,Active,772172,NA,NA,D,2,1,91910.8125,365.95,2008,62,19.49,87.21
160460,Active,182506,NA,NA,D,1,0,396033.7925,401.95,2001,47,13.94,59.87
160461,Active,53442,NA,NA,D,6,1,30647.86625,344.95,2007,199,11.57,48.99
160462,Active,619632,NA,NA,S,9,1,241545.8638,91.98,2009,43,5.66,70.1
160463,Active,179217,NA,NA,D,9,1,49131.415,180.95,2009,55,43.99,66.94
160464,Active,292187,NA,NA,D,8,1,275711.4563,309.95,2005,103,6.25,71.91
160465,Active,183186,NA,NA,D,8,1,22914.1875,204.89,2005,143,12.96,28.99
160466,Active,182597,NA,NA,S,7,1,59730.96875,320.95,2001,61,14.98,56.21
160467,Active,155221,NA,NA,S,6,1,118124.77,320.95,1997,70,5.76,20.99
160468,Active,182700,NA,NA,S,3,1,376215.9425,321.95,2002,61,5.15,72.87
160469,Active,291726,NA,NA,D,5,1,117961.11,292.95,2010,120,6.6,59.29
160470,Active,60151,NA,NA,D,4,1,174983.9538,321.95,2006,58,5.89,41.49
160471,Active,2422153,NA,NA,D,2,1,3519728.065,73.99,1979,20,6.98,55.71
160472,Active,2422137,NA,NA,D,0,0,4790904.541,591.75,1973,14,6.39,128.39
160473,Active,166705,NA,NA,S,10,1,89449.41375,347.25,2006,60,27.98,68.99
160474,Active,614224,NA,NA,D,9,1,453482.5413,34.01,2002,53,4.48,37.99
160475,Active,164442,NA,NA,D,9,1,2848183.056,60.79,2002,31,3.54,27.98
160476,Active,758685,NA,NA,D,8,1,1238406.361,71.95,1998,30,6.22,56.38
160477,Active,532210,NA,NA,D,5,1,189292.8638,208.6,2008,109,6.78,32.83
160478,Active,60153,NA,NA,D,4,1,255578.7338,21.63,2004,118,4,12.99
160479,Active,55967,NA,NA,D,8,1,457018.5,34.98,2005,36,5.93,35.99
160480,Active,55966,NA,NA,D,9,1,466330.9263,124.67,2009,49,13.41,53.98
160481,Active,545164,NA,NA,S,2,1,943126.3788,159.25,2011,49,4.94,46.52
160482,Active,613868,NA,NA,S,1,0,1360470.511,74.49,2007,50,4.43,48.15
160483,Active,161867,NA,NA,D,5,1,86708.1025,182.28,2008,141,6.19,44.91
160484,Active,165915,NA,NA,S,4,1,398658.3525,55.89,2004,71,4.99,8.14
160485,Active,593553,NA,NA,S,2,1,771268.3738,151.5,2011,56,4.91,97.77
160486,Active,162134,NA,NA,D,5,1,75994.315,17.99,2008,126,4,12.74
160487,Active,628517,NA,NA,S,1,0,576086.7725,209,2007,38,4.49,14.95
160488,Active,252588,NA,NA,D,1,0,633911.5975,96.9,2007,53,4,21.59
160489,Active,252667,NA,NA,S,2,1,311956.2263,159.25,2011,114,4.48,61.36
160490,Active,165916,NA,NA,D,4,1,114811.4313,188.16,2004,101,4.93,66.33
160491,Active,544201,NA,NA,S,9,1,276469.245,93.95,2012,28,19.23,69.18
160492,Active,169735,NA,NA,D,6,1,967859.7788,87.23,2008,42,5.41,37.16
160493,Active,532206,NA,NA,S,10,1,219876.6413,64,2007,65,4,13.85
160494,Active,665375,NA,NA,S,7,1,806475.8788,153.95,2012,32,6.49,128.33
160495,Active,3282817,NA,NA,D,0,0,986794.3925,28.59,1991,24,20.78,20.89
160496,Active,183258,NA,NA,S,8,1,557339.5625,80.95,2005,68,4,0
160497,Active,2225982,NA,NA,D,0,0,318028.205,22,2007,31,16.85,20.44
160498,Active,868010,NA,NA,D,0,0,1117784.39,82.4,1985,26,11.88,91.64
160499,Active,163770,NA,NA,S,5,1,379957.4588,49.85,1995,34,4,48.93
160500,Active,2654484,NA,NA,D,5,1,3113935.808,139.16,1994,21,7.84,45.99
160501,Active,286415,NA,NA,S,7,1,2395287.603,114.67,1996,53,4.53,10.63
160502,Active,2572384,NA,NA,S,5,1,534640.0463,80.15,1995,68,4.5,60.23
160503,Active,2653105,NA,NA,S,4,1,1209822.575,139.16,1993,71,4,38.94
160504,Active,2654376,NA,NA,S,5,1,824751.4813,165.96,1994,76,4.14,39.59
160505,Active,533382,NA,NA,S,7,1,570327.93,41.38,2001,65,5.61,28.96
160506,Active,164002,NA,NA,S,6,1,694542.585,43.98,1998,46,4.21,42.91
160507,Active,630858,NA,NA,S,10,1,1186879.403,138,2011,41,4.77,18.99
160508,Active,144835,NA,NA,S,8,1,2282155.773,150.67,2004,54,4,13.98
160509,Active,146636,NA,NA,D,10,1,82178.2475,205,2011,88,5.15,163.97
160510,Active,145462,NA,NA,D,9,1,501748.3688,168.67,2007,69,3.99,12.98
160511,Active,628961,NA,NA,S,2,1,156808.0325,90.2,2001,35,32,73.99
160512,Active,613447,NA,NA,D,1,0,342485.305,86.75,1988,70,8.57,17.99
160513,Active,1589010,NA,NA,S,3,1,355939.215,44.99,2007,21,35.57,42.75
160514,Active,232844,NA,NA,D,6,1,1999739.641,39.95,2003,18,3.99,10.98
160515,Active,873245,NA,NA,D,6,1,945921.6725,164.95,2009,42,4.13,38.49
160516,Active,632129,NA,NA,D,7,1,143415.3025,150.95,2012,37,8.22,57.85
160517,Active,232793,NA,NA,D,7,1,267113.4575,44.95,2007,30,7.91,36.99
160518,Active,614941,NA,NA,S,1,0,64216.975,86.8,2008,157,5.5,15.44
160519,Active,488246,NA,NA,S,0,0,1160750.314,23.99,2007,30,4.47,91.23
160520,Active,912605,NA,NA,S,8,1,95550.3075,51.95,2014,17,38.78,42.65
160521,Active,873270,NA,NA,D,5,1,1760000.671,174.95,2007,33,4.32,42.95
160522,Active,109914,NA,NA,D,9,1,520872.4588,108.38,2006,26,17.8,56.48
160523,Active,764951,NA,NA,S,1,0,266053.39,80.95,2003,37,7.19,97.51
160524,Active,704189,NA,NA,D,8,1,413950.82,13.96,2002,45,4.39,18.98
160525,Active,2331309,NA,NA,S,2,1,578324.5575,74.45,1973,24,4.38,56.16
160526,Active,60154,NA,NA,S,4,1,1129726.495,227.95,2004,29,3.99,93.64
160527,Active,797692,NA,NA,D,4,1,5525917.6,114.95,2004,14,4,13.69
160528,Active,593258,NA,NA,S,5,1,220273.1088,100.95,2008,24,46.56,62.13
160529,Active,2586183,NA,NA,S,6,1,720513.7325,31.95,2003,44,4,22.9
160530,Active,612635,NA,NA,D,4,1,206550.3875,49.95,2013,33,11.23,34.83
160531,Active,621955,NA,NA,D,3,1,827925.2413,49.95,2010,47,8.28,33.14
160532,Active,910171,NA,NA,S,0,0,823940.9663,51,2013,23,4.99,48.97
160533,Active,2571226,NA,NA,S,15,1,2661647.504,90,1992,13,10.85,79.56
160534,Active,3819828,NA,NA,D,1,0,2061915.6,50,2010,22,9.43,62.87
160535,Active,569981,NA,NA,S,0,0,1020763.318,55.2,2006,23,10.21,60.09
160536,Active,867441,NA,NA,S,14,1,61404.47125,83.4,2014,44,8.79,67.61
160537,Active,590353,NA,NA,D,13,1,623397.895,83.2,2012,52,4,93.97
160538,Active,544634,NA,NA,D,13,1,225595.735,79.6,2013,44,7.81,49.6
160539,Active,141647,NA,NA,S,3,1,82850.0875,74.82,2004,29,23.91,75.29
160540,Active,652522,NA,NA,D,6,1,290068.8588,134.95,2012,31,6.18,73.39
160541,Active,468671,NA,NA,D,5,1,652650.9388,106.95,2008,21,6.22,51.57
160542,Active,867979,NA,NA,D,0,0,996871.9325,79,1997,35,4.75,45.26
160543,Active,617665,NA,NA,D,0,0,187775.2275,118.25,2007,77,5.98,18.07
160544,Active,532203,NA,NA,S,14,1,33702.9675,36.6,2012,41,18.92,27.94
160545,Active,132656,NA,NA,D,12,1,463034.7088,53.8,2008,44,4,32.04
160546,Active,532202,NA,NA,S,3,1,255016.575,35,2010,20,16.98,24.2
160547,Active,143644,NA,NA,D,7,1,1463713.353,149,2010,29,4.11,8.98
160548,Active,540469,NA,NA,D,8,1,444144.1913,191,2012,41,4.28,72.89
160549,Active,737654,NA,NA,D,6,1,2603251.164,112,2007,17,4,1088.85
160550,Active,548200,NA,NA,S,1,0,92030.65,86.05,2007,43,19.98,33.98
160551,Active,639199,NA,NA,S,3,1,388792.1325,35,2010,29,10.69,24.8
160552,Active,544313,NA,NA,D,12,1,53476.44375,90.95,2013,69,14.58,53.46
160553,Active,169854,NA,NA,D,10,1,1112133.373,95.95,2008,49,4,41.03
160554,Active,170200,NA,NA,D,11,1,296013.5825,99.95,2011,47,5.2,17.03
160555,Active,60156,NA,NA,S,9,1,2365729.116,72.95,2007,36,3.99,44.69
160556,Active,539979,NA,NA,S,8,1,73519.55,31,2011,29,9.39,28.94
160557,Active,865513,NA,NA,S,3,1,18124.2,32,2014,24,26.98,26.87
160558,Active,859363,NA,NA,D,9,1,468490.3463,99.38,2006,48,4.98,49.99
160559,Active,148494,NA,NA,D,8,1,1122469.554,87.95,2006,30,4.28,37.99
160560,Active,914577,NA,NA,D,5,1,2125209.468,53.34,2002,27,4,4
160561,Active,561961,NA,NA,D,6,1,2099211.193,80.95,2005,20,8.99,32.99
160562,Active,917925,NA,NA,D,0,0,888394.7188,53.34,2005,34,4,20.99
160563,Active,148705,NA,NA,D,7,1,1636786.884,94.95,2007,21,4.76,144.91
160564,Active,148049,NA,NA,D,12,1,1697655.52,53.95,2003,27,4.77,41.46
160565,Active,608080,NA,NA,D,13,1,538634.4513,53.95,2007,31,11.63,55.41
160566,Active,148344,NA,NA,D,1,0,2714877.32,64.95,2006,23,7.59,21.64
160567,Active,890658,NA,NA,S,8,1,303906.7863,33.36,2013,18,35.72,43.99
160568,Active,2142554,NA,NA,D,0,0,652292.6275,31.64,2009,32,4.13,35.64
160569,Active,868775,NA,NA,S,14,1,26903.6025,79.95,2015,13,43.98,49.98
160570,Active,870952,NA,NA,D,11,1,176958.0938,59.95,2004,56,4.35,43.99
160571,Active,1878895,NA,NA,S,7,1,1224783.983,49.18,2008,21,4.37,34.37
160572,Active,148493,NA,NA,D,8,1,438824.4525,74.95,2006,31,4.62,39.97
160573,Active,178888,NA,NA,D,9,1,141656.0763,74.95,2010,41,33.49,48.94
160574,Active,667382,NA,NA,D,13,1,334228.3225,55,2013,39,6.59,35
160575,Active,147900,NA,NA,D,7,1,1058356.945,52.95,2003,38,4,8.87
160576,Active,1426425,NA,NA,S,0,0,79359.675,226.29,2008,34,47.44,149.49
160577,Active,1426426,NA,NA,S,0,0,41575.825,64,2007,35,21.12,71.98
160578,Active,1702235,NA,NA,S,0,0,1179312.879,93.95,2012,25,4.98,104.05
160579,Active,802681,NA,NA,S,18,1,1216177.251,29.99,2010,36,4,19.99
160580,Active,860012,NA,NA,S,0,0,128150.725,106.5,2008,27,17.91,53.98
160581,Active,887066,NA,NA,S,2,1,729867.2788,45,2014,8,32.06,44.97
160582,Active,154331,NA,NA,S,0,0,42992.375,52,2008,18,36.97,39.53
160583,Active,642795,NA,NA,D,0,0,396290.85,48.76,1998,28,6.38,73.07
160584,Active,278917,NA,NA,D,2,1,601936.42,39.95,2006,39,5.94,40.98
160585,Active,378756,NA,NA,D,1,0,674305.7925,34.95,1999,88,4,19.75
160586,Active,616567,NA,NA,S,1,0,401120.255,160.3,2003,50,8.04,43.94
160587,Active,693581,NA,NA,S,0,0,845080.1013,135.13,2000,59,4.09,9.61
160588,Active,639970,NA,NA,S,2,1,205051.5713,64,2011,33,15.57,31.99
160589,Active,541473,NA,NA,S,2,1,140724.405,75.95,2013,34,40.79,50.95
160590,Active,552077,NA,NA,S,2,1,306369.315,111.8,2004,48,13.98,88.39
160591,Active,261233,NA,NA,S,2,1,34821.65375,16.95,2007,126,4.37,8.94
160592,Active,861222,NA,NA,S,4,1,1006979.563,46.25,2013,14,24.59,0
160593,Active,1927120,NA,NA,D,0,0,1668138.134,45,2012,20,4.98,7.09
160594,Active,291289,NA,NA,S,2,1,1799086.211,94.99,1999,25,4,32.83
160595,Active,174016,NA,NA,S,2,1,579683.9825,40.99,1997,80,4.22,13.99
160596,Active,1589561,NA,NA,D,1,0,2944334.038,80.5,2008,15,12.09,57.11
160597,Active,1768597,NA,NA,S,0,0,712006.3288,63,2014,20,39.35,41.43
160598,Active,174865,NA,NA,S,0,0,809315.6338,62,2006,22,24.69,52.84
160599,Active,175631,NA,NA,S,3,1,1747924.359,79.99,2006,27,4.59,43.89
160600,Active,569131,NA,NA,S,1,0,362459.3063,74.99,2010,34,31.34,60.99
160601,Active,174298,NA,NA,S,1,0,451692.5025,89.99,2006,32,45.94,62.4
160602,Active,1590521,NA,NA,S,3,1,1016405.558,39,2010,25,4.98,57.72
160603,Active,1927340,NA,NA,D,0,0,1334473.476,19.95,2013,7,17.41,15.91
160604,Active,1767915,NA,NA,S,3,1,83305.4,38.85,2014,12,37.05,28.16
160605,Active,543727,NA,NA,S,0,0,1498604.941,37.8,2012,24,16.28,0
160606,Active,1769279,NA,NA,S,2,1,220985.9725,60.9,2014,16,41.25,43.42
160607,Active,175068,NA,NA,S,2,1,55578.66375,34.99,2008,74,16.26,25.73
160608,Active,175245,NA,NA,S,4,1,76863.775,43.75,2001,60,6.98,17.22
160609,Active,172356,NA,NA,S,4,1,21537.07375,31.25,2001,62,11.48,23.86
160610,Active,175246,NA,NA,S,4,1,283380.235,43.75,2001,65,10.28,21.07
160611,Active,175247,NA,NA,S,4,1,99583.84375,85,2002,40,15,43.99
160612,Active,2615904,NA,NA,S,4,1,65159.175,60,2002,38,14.39,57.6
160613,Active,2595182,NA,NA,D,3,1,1033007.531,58,1991,60,4.35,25.99
160614,Active,2603860,NA,NA,S,4,1,54856.025,60,2003,35,18.99,52.63
160615,Active,1590695,NA,NA,D,4,1,1218870.83,110.25,2006,19,51.61,112.89
160616,Active,2612115,NA,NA,D,3,1,4462885.514,59.25,2002,9,12.03,61.9
160617,Active,174985,NA,NA,S,1,0,638797.9388,115,2008,29,22.74,60.97
160618,Active,2343870,NA,NA,D,0,0,812355.195,89.95,1996,26,4,18.49
160619,Active,859513,NA,NA,S,3,1,195161.0913,288.95,2007,68,4.35,33.97
160620,Active,2019634,NA,NA,S,8,1,622930.5625,47.95,2011,31,6.27,31.99
160621,Active,369282,NA,NA,S,2,1,1799602.715,29,1999,35,4,9.37
160622,Active,148423,NA,NA,S,3,1,433966.5925,90.95,2004,24,15.83,57.85
160623,Active,638691,NA,NA,S,4,1,219418.765,42,2013,45,27.29,30.36
160624,Active,1544445,NA,NA,S,2,1,208084.5,76.95,2013,21,16.89,16.95
160625,Active,662336,NA,NA,S,9,1,1345645.189,106.1,2011,32,7.11,50.39
160626,Active,116303,NA,NA,S,8,1,58020.4475,164,2007,122,11.07,38.17
160627,Active,53023,NA,NA,S,5,1,343527.5613,145.6,2005,234,4.23,16.86
160628,Active,561442,NA,NA,D,6,1,173672.47,160,2010,83,4.57,43.14
160629,Active,630492,NA,NA,D,1,0,154147.0825,181.8,2013,42,51.22,148.99
160630,Active,615229,NA,NA,D,1,0,4725.12625,167.8,2013,146,23.97,51.99
160631,Active,663677,NA,NA,S,1,0,151058.275,126.47,2013,22,44.17,136.29
160632,Active,635548,NA,NA,S,1,0,133125.6475,112.47,2013,59,23.97,53.45
160633,Active,435053,NA,NA,D,5,1,6192.9675,172.2,2012,216,5.99,44.99
160634,Active,1516471,NA,NA,S,5,1,669862.7363,129.4,2012,24,18.66,43.34
160635,Active,435043,NA,NA,S,5,1,73662.24875,179.53,2012,46,6.75,114.47
160636,Active,1455968,NA,NA,S,6,1,229656.29,123.13,2015,41,28.99,52.17
160637,Active,146297,NA,NA,D,4,1,72631.97,146.4,2009,201,4,21.98
160638,Active,212523,NA,NA,S,2,1,395662.1788,105.6,2006,52,4,18.67
160639,Active,860651,NA,NA,S,5,1,139844.695,115.4,2012,60,6.58,24.98
160640,Active,879795,NA,NA,S,4,1,359904.575,120.8,2012,40,12.85,20.01
160641,Active,50078,NA,NA,D,2,1,676813.2688,133.33,2006,151,4,15.99
160642,Active,2265164,NA,NA,S,4,1,277993.6638,95.96,2012,35,21.34,61.39
160643,Active,146286,NA,NA,D,3,1,62617.1725,156.93,2009,159,4,28.35
160644,Active,2405003,NA,NA,S,6,1,2906335.944,59.95,1989,46,4.55,19.98
160645,Active,632514,NA,NA,D,2,1,2380816.853,54.95,2007,26,4,44.74
160646,Active,2053807,NA,NA,S,0,0,1611961.599,59.95,2009,30,4,8.78
160647,Active,1534386,NA,NA,D,0,0,2238341.131,99,2007,17,31.53,76.96
160648,Active,609358,NA,NA,S,5,1,442720.5763,38,2009,54,4,8.98
160649,Active,610421,NA,NA,S,6,1,191414.495,42,2013,34,5.39,24.94
160650,Active,724878,NA,NA,S,4,1,1584861.851,65,2009,23,11.87,58.94
160651,Active,724905,NA,NA,S,6,1,2588658.589,65,2009,33,4,5.94
160652,Active,724829,NA,NA,S,5,1,2988643.154,65,2007,33,4,17.39
160653,Active,532183,NA,NA,S,4,1,2335217.61,139,2009,17,18.82,147.93
160654,Active,2003163,NA,NA,D,0,0,2883981.726,99.95,2006,24,7.98,68.35
160655,Active,421413,NA,NA,S,3,1,1470537.736,125.6,2006,43,4.62,66.59
160656,Active,246594,NA,NA,S,1,0,58147.775,102.95,2010,27,29.68,47.79
160657,Active,623031,NA,NA,S,1,0,495960.9163,115,2002,17,17.93,63.99
160658,Active,788929,NA,NA,D,3,1,6852841.513,179,2001,18,10.35,109.53
160659,Active,2562852,NA,NA,D,2,1,3827811.13,169.95,1995,17,4.98,52.29
160660,Active,2405046,NA,NA,D,2,1,4232293.474,245,1996,19,9.47,71.5
160661,Active,631445,NA,NA,D,11,1,2589046.885,109.25,2009,21,4,67.45
160662,Active,660226,NA,NA,D,9,1,3977157.325,59.95,2005,17,4.76,22.31
160663,Active,571776,NA,NA,S,13,1,1089173.208,59.95,2011,24,24.29,117.38
160664,Active,774519,NA,NA,D,1,0,2992632.998,232,2004,20,7.06,49.74
160665,Active,365587,NA,NA,D,2,1,1664600.888,114.95,2004,20,30.63,111.65
160666,Active,366490,NA,NA,D,3,1,1317612.104,138.95,2003,23,4,23.99
160667,Active,637247,NA,NA,S,4,1,9678.075,37,2007,29,29.77,31.74
160668,Active,606770,NA,NA,S,3,1,151645.48,55,2006,48,22.87,34.89
160669,Active,702051,NA,NA,S,1,0,161956.8488,32,2011,18,18.92,20.81
160670,Active,757820,NA,NA,S,1,0,37952.625,75,2003,31,36.95,42.93
160671,Active,625302,NA,NA,D,2,1,942929.4563,146,2009,32,48.44,38.79
160672,Active,2679157,NA,NA,D,2,1,3702105.768,105,1996,27,7.23,61.99
160673,Active,632456,NA,NA,D,2,1,667214.8013,72.95,2000,36,4,16.15
160674,Active,616729,NA,NA,S,3,1,280102.72,88.95,2010,39,22.94,38.97
160675,Active,2140562,NA,NA,S,1,0,5251.71125,50,2015,55,31.35,32.99
160676,Active,872662,NA,NA,S,0,0,3280.6225,11,2003,458,4,6.66
160677,Active,3544519,NA,NA,S,2,1,408161.6,66.95,2001,52,13.24,56.43
160678,Active,2323462,NA,NA,D,2,1,3841979.133,233.39,1994,18,4,54.73
160679,Active,691912,NA,NA,D,3,1,1683856.715,234.95,1998,29,4,78.67
160680,Active,917634,NA,NA,S,2,1,1494711.453,106.67,1996,38,4,49.99
160681,Active,680977,NA,NA,D,3,1,2814001.504,27,2010,14,3.45,46.74
160682,Active,268784,NA,NA,D,3,1,1330232.263,90,2006,31,7.03,21.51
160683,Active,200089,NA,NA,D,1,0,912190.3863,133.95,2004,21,6.72,45.03
160684,Active,254494,NA,NA,S,2,1,282997.2488,95.95,2011,25,46.44,69.37
160685,Active,864947,NA,NA,S,2,1,380951.6125,49.95,2014,14,36.45,40.05
160686,Active,2329356,NA,NA,S,3,1,637755.065,16,1962,81,4,10.88
160687,Active,103312,NA,NA,S,3,1,27180.6825,15.99,2008,53,8.12,8.98
160688,Active,575693,NA,NA,S,3,1,4631936.328,135,2000,17,9.86,101.85
160689,Active,625283,NA,NA,D,2,1,732903.5875,52,2009,26,4.34,21.74
160690,Active,703306,NA,NA,D,1,0,771099.2225,59.99,2004,19,9.47,63.39
160691,Active,2156521,NA,NA,S,3,1,29910.21375,89,2013,23,54.86,56.99
160692,Active,278977,NA,NA,D,2,1,462442.8638,89,2009,39,43.99,107.16
160693,Active,532175,NA,NA,S,3,1,20882.275,50,2013,62,18.5,29.39
160694,Active,1696729,NA,NA,S,2,1,146451.5525,48.95,2014,25,18.91,33.41
160695,Active,2506071,NA,NA,S,1,0,398869.9675,50,1995,52,8.52,30.68
160696,Active,2082081,NA,NA,S,0,0,58566.025,51.99,2010,18,51.99,53.33
160697,Active,642321,NA,NA,S,0,0,19294.3,40,2011,23,15.48,25.13
160698,Active,3883010,NA,NA,S,0,0,26306.325,69.99,2015,15,46.58,43.98
160699,Active,1725818,NA,NA,D,1,0,5130718.615,115,2007,18,62,65.88
160700,Active,1591832,NA,NA,D,1,0,2980251.256,115,2009,21,37.76,87.41
160701,Active,905921,NA,NA,D,1,0,2668239.278,52.49,2010,22,4,99.78
160702,Active,626929,NA,NA,D,4,1,651740.665,76.95,2003,35,4.47,72.43
160703,Active,300547,NA,NA,D,1,0,3282477.88,59.95,2006,18,4,29.93
160704,Active,774475,NA,NA,D,6,1,5550068.616,58.95,2003,16,4.98,32.25
160705,Active,633043,NA,NA,D,7,1,2260874.804,249,2007,14,6.39,73.77
160706,Active,192436,NA,NA,D,4,1,1885367.826,319,2004,21,40,92.84
160707,Active,3559583,NA,NA,D,0,0,5105345.25,205.19,1990,17,7.36,130.71
160708,Active,618623,NA,NA,D,1,0,1301753.588,59.95,2005,36,4,49.77
160709,Active,3763378,NA,NA,S,1,0,73108.9,59.99,2015,16,52.76,45.58
160710,Active,638249,NA,NA,D,2,1,2362489.248,102,2004,22,7.29,17.83
160711,Active,628164,NA,NA,D,3,1,1436882.016,110,2009,20,12.71,54.95
160712,Active,890152,NA,NA,D,3,1,3871733.193,302.95,2008,11,114.12,274.05
160713,Active,609173,NA,NA,D,5,1,1698481.618,99.95,2004,28,4.45,43.54
160714,Active,532173,NA,NA,D,4,1,392341.3675,80.95,2000,28,6.59,103.95
160715,Active,2940585,NA,NA,D,0,0,848834.6075,79.95,2003,15,19.57,30.89
160716,Active,915421,NA,NA,D,4,1,801327.6075,59.95,2005,20,4,35.93
160717,Active,625336,NA,NA,D,5,1,927437.4025,72.95,2008,20,18.4,23.99
160718,Active,646512,NA,NA,D,2,1,1479452.851,109.95,2008,35,8.99,55.07
160719,Active,701075,NA,NA,S,3,1,1333184.54,299,2007,20,20.77,57.97
160720,Active,105848,NA,NA,D,2,1,1885095.188,270,2003,16,6.49,48.57
160721,Active,532169,NA,NA,D,2,1,899326.435,105.99,2008,29,4.66,12.49
160722,Active,190761,NA,NA,D,1,0,3450299.088,147,1999,11,25.98,39.68
160723,Active,257585,NA,NA,D,2,1,2316925.924,47.95,2001,31,4,6.49
160724,Active,56230,NA,NA,D,5,1,470710.045,131.95,2007,66,4,30.88
160725,Active,56226,NA,NA,D,4,1,1984392.555,158.95,2001,73,4,15.87
160726,Active,203912,NA,NA,D,3,1,721111.1288,241.99,2007,30,92.24,195.75
160727,Active,2664526,NA,NA,S,2,1,2818250.603,199,2000,15,39.94,53.85
160728,Active,389616,NA,NA,S,1,0,810880.035,118.95,2010,24,21.46,78.63
160729,Active,540915,NA,NA,S,4,1,472199.73,98.95,2004,34,4,18.98
160730,Active,105655,NA,NA,D,1,0,1574082.835,94.95,2004,39,4.51,13.97
160731,Active,285054,NA,NA,S,2,1,41590.9575,124,2010,47,24.35,63.69
160732,Active,574485,NA,NA,S,2,1,79997.0475,74.95,2009,32,48.17,55.32
160733,Active,627519,NA,NA,D,2,1,454863.9463,48.99,2008,25,8.9,13.95
160734,Active,861925,NA,NA,S,3,1,75668.54,50.99,2014,26,25.74,27.66
160735,Active,532166,NA,NA,S,2,1,63098.92375,50.99,2010,47,14.99,19.97
160736,Active,898309,NA,NA,D,1,0,7552887.786,145,2001,14,4.58,41.98
160737,Active,2551342,NA,NA,D,3,1,2757611.074,389,2001,13,47.14,268.98
160738,Active,610288,NA,NA,S,8,1,82093.9075,45,2013,73,16.26,26.52
160739,Active,540973,NA,NA,S,10,1,145196.015,47.95,2012,93,28.84,34.98
160740,Active,294148,NA,NA,D,0,0,865881.825,44.95,2004,41,4,12
160741,Active,254563,NA,NA,S,2,1,76625.455,52.99,2011,51,28.99,30.95
160742,Active,775037,NA,NA,S,2,1,3976043.968,145,2002,10,7.78,23.92
160743,Active,663358,NA,NA,S,0,0,27201.8,37.99,2013,14,32.11,23.94
160744,Active,544881,NA,NA,D,3,1,3379400.955,57.99,2009,11,9.19,71.9
160745,Active,891523,NA,NA,D,2,1,3823257.754,61.99,2003,23,4,74.45
160746,Active,110096,NA,NA,D,1,0,344418.2313,113.25,2010,136,4,18.99
160747,Active,539229,NA,NA,S,5,1,86157.8,59.6,2013,34,24.47,38.98
160748,Active,660536,NA,NA,D,3,1,841838.275,89.89,2000,33,5.72,69.1
160749,Active,607290,NA,NA,S,3,1,2559677.444,42.67,2004,54,4,30.09
160750,Active,607407,NA,NA,S,4,1,198855.9563,80.8,2008,52,6.69,36.85
160751,Active,205777,NA,NA,S,4,1,320803.3475,65,2002,35,10.94,48.94
160752,Active,795610,NA,NA,D,1,0,3286318.663,210.95,2007,13,8.48,101.43
160753,Active,183060,NA,NA,D,1,0,873199.6263,173.95,2005,31,4,15.51
160754,Active,337044,NA,NA,S,2,1,259806.4888,70,2011,75,45.56,60.85
160755,Active,299052,NA,NA,D,3,1,453100.2513,69.95,2009,37,16.49,62.76
160756,Active,51373,NA,NA,D,7,1,565576.395,234.95,2006,155,4,16
160757,Active,618814,NA,NA,D,1,0,651033.3188,120,2004,37,6.98,23.99
160758,Active,251774,NA,NA,D,3,1,602939.5325,124.95,2008,44,4.89,33.94
160759,Active,576115,NA,NA,D,2,1,3340131.85,103.95,2005,20,4,11.17
160760,Active,889994,NA,NA,D,2,1,2190658.364,54,2006,25,49.65,51.3
160761,Active,114654,NA,NA,S,4,1,348635.7188,182.6,2003,25,11.49,0
160762,Active,917541,NA,NA,S,0,0,193974.3513,26.95,2008,57,4,14.01
160763,Active,919749,NA,NA,D,4,1,1552933.931,7.99,2005,48,4,7.99
160764,Active,614852,NA,NA,D,5,1,139748.4088,115,2010,96,5.65,20.95
160765,Active,877004,NA,NA,S,10,1,642198.9525,72.67,2013,29,21.62,30.89
160766,Active,615425,NA,NA,S,3,1,195765.5138,62.8,2005,36,10.04,0
160767,Active,144273,NA,NA,S,6,1,320890.7638,184.8,2003,36,6.21,56.13
160768,Active,132239,NA,NA,D,9,1,424033.1763,134,2006,77,4,41.93
160769,Active,386426,NA,NA,S,1,0,444400.4038,73,2007,31,9.58,42.92
160770,Active,248118,NA,NA,S,4,1,171239.7938,119,2009,55,35.09,85.58
160771,Active,200445,NA,NA,S,1,0,159851.025,84.95,2009,31,25.89,76.99
160772,Active,386738,NA,NA,S,2,1,760304.3925,129.95,2007,27,4,45.35
160773,Active,247769,NA,NA,D,2,1,142443.65,77,2009,60,8.35,47.23
160774,Active,867647,NA,NA,S,3,1,34192.89375,86,2014,31,57.99,58.99
160775,Active,615460,NA,NA,D,3,1,2411738.57,68.67,2000,28,4,45.15
160776,Active,247999,NA,NA,S,0,0,686063.2275,78,2008,31,19.86,56.39
160777,Active,169907,NA,NA,S,6,1,67236.83625,98.95,2009,73,22.92,53.59
160778,Active,169684,NA,NA,S,2,1,1128976.693,71.95,2008,56,4,27.11
160779,Active,2621178,NA,NA,D,1,0,2154129.191,24.95,2003,26,4,4.41
160780,Active,55040,NA,NA,D,2,1,741453.0225,36.95,2006,41,4,9.99
160781,Active,492446,NA,NA,S,4,1,25036.49125,57.95,2012,65,32.9,46.95
160782,Active,55041,NA,NA,D,3,1,612244.1988,58.95,2009,83,4,10.99
160783,Active,131432,NA,NA,S,2,1,312845.225,59.8,2000,33,4,20.94
160784,Active,627614,NA,NA,S,2,1,193554.8725,90,2005,40,6.47,47.87
160785,Active,111631,NA,NA,S,9,1,322277.6688,85.25,2011,42,5.13,46.22
160786,Active,631479,NA,NA,S,3,1,354278.1663,49.95,2011,27,23.95,44.86
160787,Active,613339,NA,NA,S,4,1,1747466.481,36.95,2007,76,4,5.74
160788,Active,3124088,NA,NA,D,0,0,952495.1988,36.95,2005,25,4,35.99
160789,Active,387479,NA,NA,D,5,1,301110.3938,181.95,2008,41,10.98,72.15
160790,Active,245254,NA,NA,D,4,1,1278287.479,122.95,2005,39,4,11.99
160791,Active,576646,NA,NA,D,0,0,2058165.028,64.95,2004,38,4,15.91
160792,Active,576655,NA,NA,D,2,1,1009760.924,112.95,2007,67,4,9.99
160793,Active,651161,NA,NA,S,1,0,98903.75,85,2012,12,33.29,62.18
160794,Active,2143274,NA,NA,D,4,1,2224795.644,79.95,2011,12,40.44,40.63
160795,Active,780221,NA,NA,D,1,0,1363629.403,39.95,2007,22,13.72,38.46
160796,Active,609633,NA,NA,D,5,1,644840.2438,241.95,2009,23,53.99,175.99
160797,Active,3595279,NA,NA,D,4,1,286015.2,88,2003,53,7.35,68.57
160798,Active,915054,NA,NA,D,4,1,1313026.184,97.81,1993,31,4.4,27.83
160799,Active,922309,NA,NA,S,3,1,344606.8225,18.99,1989,77,4.78,20.8
160800,Active,284474,NA,NA,S,5,1,181481.5713,91.52,1997,60,10.85,26.87
160801,Active,402586,NA,NA,D,0,0,99535.3375,102.32,2003,69,15.13,60.84
160802,Active,106138,NA,NA,S,4,1,1088112.836,49.95,2004,37,5.51,21.47
160803,Active,609484,NA,NA,D,4,1,2150272.506,37.95,2006,19,7.64,10.48
160804,Active,788108,NA,NA,D,3,1,1184321.588,190.95,2000,41,5.98,19.49
160805,Active,2835314,NA,NA,S,3,1,1129257.611,59,1997,34,4,21.94
160806,Active,1449433,NA,NA,S,4,1,694483.5488,76.31,2007,29,19.16,64.44
160807,Active,1449430,NA,NA,D,4,1,1097083.316,124.25,2006,24,13.68,22.94
160808,Active,53171,NA,NA,D,5,1,621561.0038,208.95,2007,64,4,27.12
160809,Active,53172,NA,NA,D,6,1,102764.0813,261.95,2011,59,7.79,51.32
160810,Active,592616,NA,NA,D,7,1,4808608.151,91.95,2007,15,11.79,59.22
160811,Active,221736,NA,NA,D,6,1,3370516.061,89.95,2003,21,5.58,29.36
160812,Active,253970,NA,NA,D,11,1,543982.6913,168,2011,40,18.38,38.49
160813,Active,105906,NA,NA,D,2,1,1162278.431,65,2002,40,4,9.99
160814,Active,1437466,NA,NA,S,3,1,335053.7538,83,2013,27,21.65,23.48
160815,Active,606876,NA,NA,D,5,1,307483.3763,156.75,2002,23,13.38,78.37
160816,Active,920896,NA,NA,D,5,1,431735.7875,84.5,1998,71,4,28.99
160817,Active,3544395,NA,NA,D,0,0,4554590.65,39.07,1996,26,4,44.65
160818,Active,278715,NA,NA,D,0,0,669681.06,169.5,2004,36,10.84,69.91
160819,Active,631923,NA,NA,S,0,0,104894.4338,50.95,1995,40,17.35,81.65
160820,Active,532148,NA,NA,S,13,1,442199.6725,34.99,2012,42,20.99,23.98
160821,Active,106727,NA,NA,D,2,1,81971.17875,88,2010,53,25.46,45.32
160822,Active,105834,NA,NA,D,1,0,762983.0425,65.95,2003,44,4,45.4
160823,Active,104961,NA,NA,S,5,1,643404.325,79.95,1996,32,5.38,22.54
160824,Active,106460,NA,NA,D,7,1,286453.46,138,2007,62,25.12,41.54
160825,Active,537737,NA,NA,S,8,1,29416.03,160,2013,60,63.89,75.33
160826,Active,181986,NA,NA,S,3,1,209211.215,44.99,2006,120,4,13.72
160827,Active,740040,NA,NA,S,3,1,344118.76,54.99,2005,29,4.39,49.63
160828,Active,560247,NA,NA,S,4,1,292075.6563,392.95,1994,65,9.48,73.23
160829,Active,244261,NA,NA,S,8,1,67062.5475,166.95,2012,39,53.96,59.94
160830,Active,60159,NA,NA,D,6,1,974273.9125,94.95,2004,106,4,4.02
160831,Active,169812,NA,NA,D,7,1,331441.1525,172.95,2008,68,4,14.43
160832,Active,228780,NA,NA,D,1,0,1522187.791,135,2008,20,5.72,28.74
160833,Active,906573,NA,NA,S,3,1,37563.8875,75,2014,31,58.45,53.23
160834,Active,651883,NA,NA,D,2,1,286133.7013,69,2009,54,7.99,30.37
160835,Active,623529,NA,NA,S,2,1,1052088.083,37,2008,22,4.19,11.92
160836,Active,702375,NA,NA,S,0,0,754363.78,35,2014,28,6.95,0
160837,Active,624669,NA,NA,S,3,1,22583.56375,39,2012,35,23.44,29.98
160838,Active,606796,NA,NA,S,3,1,226680.8575,36,2009,90,4.27,16.64
160839,Active,532143,NA,NA,S,2,1,968021.26,34.95,2008,35,5.37,12.93
160840,Active,106205,NA,NA,S,1,0,2495511.888,29.95,2005,24,4,10.84
160841,Active,629128,NA,NA,S,2,1,32481.29375,39,2012,68,12.65,21.96
160842,Active,415948,NA,NA,S,4,1,62424.5975,34,2012,50,10.98,22.19
160843,Active,532142,NA,NA,S,2,1,704062.3813,38,2008,22,11.93,18.69
160844,Active,532140,NA,NA,S,2,1,352429.3163,37,2008,27,10.89,17.16
160845,Active,701620,NA,NA,S,3,1,723428.9725,36,2009,58,4,20.49
160846,Active,538256,NA,NA,S,4,1,271475.2625,35,2012,59,8.6,18.99
160847,Active,106377,NA,NA,S,2,1,1555398.95,29.95,2006,59,4,8.99
160848,Active,538267,NA,NA,S,4,1,184848.8463,35,2012,90,12.29,21.93
160849,Active,606792,NA,NA,S,3,1,509630.4988,36,2009,49,4,22
160850,Active,597295,NA,NA,S,4,1,254526.7463,51,2003,70,4,16.64
160851,Active,132411,NA,NA,D,5,1,3140074.289,68.4,2007,34,4,9.93
160852,Active,1742740,NA,NA,S,8,1,19502.85,30,2013,35,17.78,19.99
160853,Active,870611,NA,NA,D,3,1,564173.585,56.8,1998,24,4,11.34
160854,Active,249240,NA,NA,S,4,1,458593.2163,50,2006,29,27.95,53.99
160855,Active,367149,NA,NA,S,3,1,30658.145,69.99,2009,52,33.98,37.11
160856,Active,870161,NA,NA,S,3,1,1480038.306,56.73,2008,17,43.76,43.99
160857,Active,192918,NA,NA,S,2,1,380756.9088,61.95,2003,24,4.78,33.88
160858,Active,370983,NA,NA,S,2,1,1268097.984,87.95,1998,49,4,8.95
160859,Active,408456,NA,NA,D,0,0,481431.6288,37.95,1998,28,4,36.34
160860,Active,669235,NA,NA,D,1,0,725723.6575,39.95,2009,12,11.68,43.99
160861,Active,865609,NA,NA,S,2,1,132064.7525,60.75,2013,16,35.1,48.99
160862,Active,136420,NA,NA,D,11,1,658552.9438,116.87,1997,46,4.55,46.99
160863,Active,630241,NA,NA,D,12,1,227257.7363,188,2004,27,33.41,220.49
160864,Active,629669,NA,NA,S,2,1,1078518.493,131.95,1999,25,8.28,76.38
160865,Active,120470,NA,NA,D,1,0,3861961.44,26.67,1997,40,3.34,4.76
160866,Active,118123,NA,NA,S,2,1,44218.43375,62.2,2006,47,26.41,40.94
160867,Active,386749,NA,NA,D,1,0,982819.4963,95.95,2007,57,4,12.58
160868,Active,637598,NA,NA,S,2,1,55522.4275,95.95,2013,63,37.8,57.86
160869,Active,127538,NA,NA,S,3,1,279733.1975,65.95,2009,42,19.99,50.15
160870,Active,254493,NA,NA,S,2,1,182243.1013,54.95,2011,20,21.98,28.22
160871,Active,191874,NA,NA,S,1,0,345205.8838,64.75,2001,92,4,13.97
160872,Active,908073,NA,NA,D,0,0,972314.2625,18.24,2002,45,6.37,18.24
160873,Active,774260,NA,NA,S,2,1,27972.8725,60.5,2014,45,25.18,33.73
160874,Active,127113,NA,NA,D,1,0,154840.6238,64.95,2009,48,10.12,13.94
160875,Active,868188,NA,NA,S,2,1,90248.785,64.95,2014,33,31.65,59.21
160876,Active,115850,NA,NA,S,5,1,1290464.673,76,2004,35,4,7.74
160877,Active,118905,NA,NA,S,6,1,359756.9013,130.4,2008,61,6.88,44.79
160878,Active,875183,NA,NA,D,3,1,2377505.555,45.89,1993,33,4,43.25
160879,Active,115604,NA,NA,S,5,1,56579.27875,112,2003,57,26.25,62.69
160880,Active,869692,NA,NA,S,2,1,139710.915,55,2014,27,28.36,35.09
160881,Active,177371,NA,NA,S,1,0,201927.41,130.95,2004,33,40.19,85.6
160882,Active,607500,NA,NA,S,2,1,3675078.719,34,1997,21,4,6.21
160883,Active,115150,NA,NA,S,3,1,194857.6975,54.4,2001,104,18.99,41.13
160884,Active,620219,NA,NA,S,1,0,56242.975,126.4,2012,41,32.73,48.48
160885,Active,192442,NA,NA,S,3,1,268212.6888,61.95,2004,40,8.23,73.64
160886,Active,532129,NA,NA,S,3,1,46427.81625,81,2012,48,33.99,51.97
160887,Active,1767479,NA,NA,S,2,1,353786.7175,56.7,2015,24,23.99,39.19
160888,Active,152462,NA,NA,S,2,1,775276.3738,49.99,2007,24,23.39,26.03
160889,Active,698925,NA,NA,D,6,1,312487.8075,49.27,2009,26,12.21,49.98
160890,Active,110206,NA,NA,D,6,1,326560.87,13.99,2009,60,4.81,33.99
160891,Active,1822339,NA,NA,S,7,1,98048,42.05,2013,4,51.39,50.84
160892,Active,109062,NA,NA,D,5,1,1452411.536,8.99,2006,66,4,8.97
160893,Active,177351,NA,NA,S,3,1,187882.9313,177.95,2003,66,11.99,54.04
160894,Active,2618804,NA,NA,D,1,0,1868151.7,51.95,1996,18,7.78,22.99
160895,Active,176757,NA,NA,D,2,1,1484441.535,69.95,1999,23,4,20.94
160896,Active,576641,NA,NA,S,1,0,32189.7,122.95,2007,51,22.93,43.84
160897,Active,200493,NA,NA,S,2,1,605511.5088,67.95,2009,29,6.73,47.9
160898,Active,218727,NA,NA,D,5,1,574933.61,62,2007,59,4.25,17.99
160899,Active,482309,NA,NA,D,6,1,64556.365,59,2011,58,20.97,54.1
160900,Active,115585,NA,NA,S,2,1,122111.8063,129.2,2002,24,25.78,0
160901,Active,664257,NA,NA,S,1,0,40348.925,55,2013,17,44.69,45.47
160902,Active,200051,NA,NA,D,3,1,753824.3825,59.95,2005,55,4,14.23
160903,Active,544975,NA,NA,S,2,1,91864.735,76,2012,34,37.99,55.88
160904,Active,127090,NA,NA,S,2,1,244475.19,31.95,2008,45,8.98,31.32
160905,Active,132220,NA,NA,S,3,1,903853.5275,21,2006,33,4,5.88
160906,Active,178108,NA,NA,D,4,1,1936768.175,65.95,2004,47,4,8.94
160907,Active,224706,NA,NA,D,6,1,168486.3738,134.95,2010,49,3.43,24.46
160908,Active,169407,NA,NA,D,5,1,965558.7913,129.95,2007,59,4,40.48
160909,Active,230265,NA,NA,D,1,0,2318224.574,37,1998,28,4,6.47
160910,Active,1777789,NA,NA,S,3,1,533538.3375,55,2014,18,29.51,42.98
160911,Active,348345,NA,NA,D,2,1,278324.9775,192.95,1998,38,4,12.73
160912,Active,1552779,NA,NA,S,1,0,15687.625,36.95,2013,9,36.88,37.65
160913,Active,870438,NA,NA,D,5,1,614902.9625,18.35,2007,46,5.87,22.77
160914,Active,121273,NA,NA,S,6,1,35345.665,50.4,2011,53,43.54,38.2
160915,Active,287565,NA,NA,D,5,1,287589.7838,74.6,2007,52,4,14.99
160916,Active,288767,NA,NA,S,2,1,182633.5725,55.95,2001,43,9.52,0
160917,Active,618033,NA,NA,D,1,0,303910.65,59.95,2000,66,4,8.17
160918,Active,2095464,NA,NA,S,2,1,78609.87375,62.95,2015,17,56.43,57.33
160919,Active,204147,NA,NA,S,9,1,61549.4225,43.99,2005,49,11.55,32.17
160920,Active,281634,NA,NA,D,0,0,734360.3838,9.99,2006,27,7.89,17.56
160921,Active,3566648,NA,NA,D,3,1,3467458.3,101,2002,11,5.56,441.23
160922,Active,919490,NA,NA,D,3,1,149312.9988,42.95,2002,51,9.24,51
160923,Active,544947,NA,NA,D,4,1,169347.7175,50,2008,39,19.51,43.94
160924,Active,918574,NA,NA,S,2,1,528087.3563,32.95,1994,44,4,15.83
160925,Active,545843,NA,NA,S,5,1,12254.03125,69,2013,68,34.77,47.23
160926,Active,1667929,NA,NA,S,0,0,1057270.551,61,2009,21,37.09,31.92
160927,Active,557218,NA,NA,S,1,0,1388140.779,32,2004,31,4.7,23.93
160928,Active,117226,NA,NA,D,3,1,335556.01,32.4,2006,58,4,15.93
160929,Active,58101,NA,NA,S,2,1,579794.3738,65.95,2000,51,3.91,14.42
160930,Active,544281,NA,NA,D,5,1,112868.1338,124.95,2012,50,20.52,79.24
160931,Active,169935,NA,NA,D,4,1,624825.0988,128.95,2009,85,4,15.74
160932,Active,912125,NA,NA,S,9,1,3334067.808,85,2008,22,4.97,50.43
160933,Active,538447,NA,NA,S,13,1,853823.3713,30.68,2008,26,4,18.94
160934,Active,532124,NA,NA,S,2,1,1298372.906,40.95,2007,68,3.19,4
160935,Active,865594,NA,NA,S,6,1,107385.1,39.95,2013,20,19.96,31.07
160936,Active,776259,NA,NA,S,9,1,135975.6,40.95,2009,25,13.34,29.33
160937,Active,619372,NA,NA,S,3,1,641853.8563,36.95,2009,64,4,21.75
160938,Active,867681,NA,NA,S,4,1,38925.15875,41.95,2013,31,22.98,23.72
160939,Active,1942201,NA,NA,S,11,1,77392.075,38.95,2011,18,15.48,22.11
160940,Active,865333,NA,NA,S,4,1,482900.09,39.95,2012,19,9.99,0
160941,Active,1942296,NA,NA,S,6,1,57611.05,42.95,2013,18,26.94,28.98
160942,Active,865595,NA,NA,S,5,1,188668.89,41.95,2013,23,20.97,30.46
160943,Active,633339,NA,NA,S,4,1,430625.8225,43.95,2008,20,20.99,40.38
160944,Active,1942297,NA,NA,S,3,1,86328.825,40.95,2013,22,22.49,26.98
160945,Active,865589,NA,NA,S,3,1,491998.4975,40.95,2013,13,20.36,22.62
160946,Active,626271,NA,NA,S,7,1,536999.7975,40.95,2010,37,4.97,32
160947,Active,612595,NA,NA,S,9,1,50142.52625,41.95,2013,52,15.49,28.96
160948,Active,647163,NA,NA,S,0,0,233878.4525,39.95,2012,28,18.67,0
160949,Active,624330,NA,NA,S,17,1,927851.7138,42.95,2010,26,10.08,22.74
160950,Active,1942283,NA,NA,S,8,1,85303.2,40.95,2013,11,20.37,39.05
160951,Active,649831,NA,NA,S,5,1,54719.95,42.95,2012,29,14.93,31.02
160952,Active,647164,NA,NA,S,0,0,734005.2888,40.95,2012,22,4,0
160953,Active,667294,NA,NA,S,7,1,54254.025,40.95,2012,29,23.66,32.17
160954,Active,595060,NA,NA,S,7,1,281643.7175,40.95,2012,22,16.34,29.97
160955,Active,1942211,NA,NA,S,7,1,412570.3313,41.95,2011,17,9.72,38.3
160956,Active,1942257,NA,NA,S,6,1,209502.2338,40.95,2012,30,15.99,39.93
160957,Active,1942258,NA,NA,S,7,1,671157.9413,41.95,2012,18,20.69,37.42
160958,Active,545889,NA,NA,S,15,1,227761.395,38.95,2011,16,18.49,28.99
160959,Active,658452,NA,NA,S,5,1,897647.485,42.95,2010,36,8.75,36.98
160960,Active,658451,NA,NA,S,4,1,126411.1225,42.95,2010,27,21.17,0
160961,Active,1942214,NA,NA,S,10,1,80214.2,41.95,2012,24,17.98,35.02
160962,Active,643870,NA,NA,S,12,1,273193.3113,41.95,2010,32,12.91,29.73
160963,Active,1942212,NA,NA,S,4,1,206756.275,41.95,2011,10,21.14,33.99
160964,Active,867504,NA,NA,S,8,1,202193.4088,69.95,2014,25,20.53,53.83
160965,Active,346359,NA,NA,D,6,1,1057914.01,69.95,2008,29,4,9.33
160966,Active,738430,NA,NA,D,4,1,5377277.226,125,2003,21,4.66,20.96
160967,Active,143161,NA,NA,D,5,1,1944567.225,146,2007,41,5.25,18.05
160968,Active,2473042,NA,NA,D,0,0,2138959.048,66,1987,15,4.58,64.91
160969,Active,737616,NA,NA,D,3,1,1807068.17,160,2008,18,4,71.11
160970,Active,143612,NA,NA,D,4,1,310613.54,213,2011,59,4.99,120.8
160971,Active,868722,NA,NA,D,9,1,1547088.631,116.99,2008,46,27.62,116.94
160972,Active,143187,NA,NA,S,9,1,1004162.579,162,2008,23,26.99,47.99
160973,Active,900143,NA,NA,D,7,1,3244344.336,73,1999,13,5.97,76.8
160974,Active,868582,NA,NA,D,5,1,3004649.208,5.99,2007,34,5.76,5.99
160975,Active,632947,NA,NA,D,5,1,1446187.033,43.94,2009,36,4.1,33.86
160976,Active,143523,NA,NA,D,3,1,116387.4138,210,2011,119,6.48,72.61
160977,Active,2829209,NA,NA,D,2,1,2766615.906,113,2005,17,4.49,35
160978,Active,270144,NA,NA,S,5,1,333327.34,49,2011,16,13.08,48.53
160979,Active,56612,NA,NA,S,3,1,3504321.28,115,2003,56,4.14,16.04
160980,Active,609936,NA,NA,D,6,1,34935.28375,225,2012,230,5.74,122.07
160981,Active,56615,NA,NA,D,5,1,254315.4175,225,2009,281,4.12,52.07
160982,Active,143449,NA,NA,S,4,1,836159.2563,193,2005,35,30.79,188.11
160983,Active,193625,NA,NA,D,7,1,1016139.513,143,2008,58,4,23.97
160984,Active,193329,NA,NA,D,6,1,4651058.48,114,2003,20,4,29.46
160985,Active,433364,NA,NA,S,3,1,1570456.38,172,2008,29,4,58.49
160986,Active,143622,NA,NA,D,8,1,917922.17,202,2009,46,5.44,153.37
160987,Active,903557,NA,NA,D,7,1,8393045.231,64.95,2005,33,4,36.56
160988,Active,532121,NA,NA,D,10,1,3009021.571,60,2012,33,4.25,54.22
160989,Active,265934,NA,NA,D,5,1,679348.3425,179,2006,47,8.59,59.41
160990,Active,623471,NA,NA,S,2,1,1362090.345,201,2010,43,4.94,6.87
160991,Active,288441,NA,NA,D,4,1,1745364.794,89,1998,16,4.4,49.89
160992,Active,143096,NA,NA,S,3,1,353074.6925,160,2006,19,6.43,80.99
160993,Active,288414,NA,NA,D,5,1,831332.8963,188,2007,25,11.88,0
160994,Active,2419237,NA,NA,D,4,1,3328522.465,99,2003,26,4.37,39.88
160995,Active,1473238,NA,NA,S,5,1,429561.0625,69.95,2011,25,15.25,51.21
160996,Active,737298,NA,NA,D,2,1,4527937.736,126,2004,16,4.79,72.99
160997,Active,143262,NA,NA,D,3,1,293726.0538,202,2009,37,4.78,73.27
160998,Active,142876,NA,NA,D,4,1,1958988.115,110,2004,26,4.47,49.07
160999,Active,532120,NA,NA,D,5,1,372793.4288,176,2008,25,23.75,69.36
161000,Active,560397,NA,NA,D,4,1,799767.9588,41,2011,25,12.04,41
161001,Active,143280,NA,NA,D,4,1,610359.64,202,2009,32,5.49,58.87
161002,Active,737302,NA,NA,D,3,1,4913474.72,132,2005,13,4.81,41.92
161003,Active,738375,NA,NA,D,5,1,3128488.848,123,2003,16,8.72,18.99
161004,Active,738053,NA,NA,D,4,1,12603210.22,75,1999,11,4.95,53.94
161005,Active,143140,NA,NA,S,6,1,234457.7225,215,2007,59,8.62,100.07
161006,Active,143215,NA,NA,D,5,1,1027057.13,195,2007,34,6.34,38.89
161007,Active,270130,NA,NA,S,6,1,600967.6588,210,2010,61,8.13,11.63
161008,Active,618227,NA,NA,S,5,1,1779114.946,161,2006,24,9.08,71.14
161009,Active,142933,NA,NA,D,3,1,2705112.644,155,2007,22,4,29.94
161010,Active,143516,NA,NA,D,4,1,1441639.141,199,2011,31,5,52.94
161011,Active,142971,NA,NA,S,6,1,3113001.865,130,2004,19,6.83,52.83
161012,Active,143233,NA,NA,D,9,1,563755.1875,213,2009,63,7.98,77.93
161013,Active,738197,NA,NA,S,7,1,4591824.796,90,2001,19,4.59,47.22
161014,Active,426899,NA,NA,S,2,1,4337458.296,85,2007,20,4.97,65.79
161015,Active,143292,NA,NA,D,8,1,1420093.648,194,2009,29,3,23.9
161016,Active,592872,NA,NA,S,4,1,547326.8513,209,2012,35,6.04,32.99
161017,Active,3060208,NA,NA,D,1,0,1971736.165,222,2004,25,6.39,125.63
161018,Active,657723,NA,NA,S,2,1,543432.5,202,2006,32,20.09,0
161019,Active,288424,NA,NA,D,4,1,683686.115,139,2007,25,4.35,23.99
161020,Active,737345,NA,NA,D,3,1,4555530.336,111,2005,20,4.31,95.42
161021,Active,143289,NA,NA,D,5,1,288684.6263,164,2009,23,4.97,58.65
161022,Active,738460,NA,NA,S,2,1,2239209.893,84,2002,15,5.84,22.99
161023,Active,737974,NA,NA,D,2,1,9212730.865,73,1998,13,4.35,61.88
161024,Active,265933,NA,NA,D,11,1,526985.2913,162,2005,169,6.17,30.99
161025,Active,270096,NA,NA,D,12,1,66127.5725,225,2010,222,6.96,125.47
161026,Active,620554,NA,NA,D,2,1,1588901.286,182,2004,22,5.99,46.22
161027,Active,615624,NA,NA,S,6,1,460858.5688,198,2012,54,5.25,192.26
161028,Active,193342,NA,NA,S,5,1,693173.5275,234,2004,61,7.92,12.99
161029,Active,668557,NA,NA,S,3,1,1428703.914,110,2004,29,4.75,146.93
161030,Active,265921,NA,NA,S,3,1,445568.135,110,2004,21,8.69,104.55
161031,Active,140970,NA,NA,S,3,1,76001.315,45.99,1998,39,17.65,29.89
161032,Active,109012,NA,NA,S,11,1,580362.9238,127.98,2006,39,8.24,83.71
161033,Active,254408,NA,NA,D,3,1,1673756.658,39.95,2011,37,4,28.89
161034,Active,154021,NA,NA,D,3,1,238745.26,18.94,2009,106,4,7
161035,Active,616365,NA,NA,D,4,1,27774.205,67.83,2012,144,3.84,11.99
161036,Active,924417,NA,NA,S,5,1,11499.18125,86.25,2015,68,45.49,56.99
161037,Active,911905,NA,NA,S,2,1,1459812.481,49.95,2011,31,4.36,37.29
161038,Active,330174,NA,NA,D,2,1,5149164.66,135.95,2000,19,4.71,26.44
161039,Active,539258,NA,NA,S,3,1,72532.35,31.4,2012,16,19.82,24.23
161040,Active,108969,NA,NA,S,2,1,501640.6775,76.58,2005,36,6.53,54.72
161041,Active,288910,NA,NA,S,1,0,417577.1375,76.95,2004,28,26.93,48.99
161042,Active,341081,NA,NA,S,2,1,461200.4675,106.95,1996,60,18.33,79.25
161043,Active,278900,NA,NA,S,5,1,181182.3588,69.99,2010,41,25.98,50.94
161044,Active,630525,NA,NA,S,5,1,43432.33375,79,2013,47,46.19,51.99
161045,Active,271032,NA,NA,D,0,0,301013.2638,57,2011,29,9.91,45.49
161046,Active,1982567,NA,NA,S,0,0,65930.62125,60,2014,27,43.92,48.87
161047,Active,130359,NA,NA,D,5,1,420290.5963,72.8,2011,41,4,20.23
161048,Active,133031,NA,NA,D,4,1,1925068.74,56.2,2009,50,4,33.62
161049,Active,247866,NA,NA,S,0,0,999270.32,48.95,2007,35,4,13.14
161050,Active,131700,NA,NA,D,2,1,789000.1613,62,2003,35,4,21.91
161051,Active,132241,NA,NA,S,3,1,153257.7088,116,2007,48,28.61,76.48
161052,Active,255394,NA,NA,D,3,1,458528.7388,0,2002,41,4,0
161053,Active,552187,NA,NA,S,2,1,480017.9788,56.8,2003,40,5.97,43.7
161054,Active,177829,NA,NA,S,2,1,69404.27625,129.95,2005,46,36.04,46.87
161055,Active,60161,NA,NA,D,1,0,2841127.936,49.95,1998,28,3.99,8.93
161056,Active,109487,NA,NA,D,1,0,2568233.176,7.98,2007,39,4,11.49
161057,Active,157744,NA,NA,D,1,0,217736.6063,82.95,2010,69,4.79,51.97
161058,Active,107194,NA,NA,S,2,1,543479.67,41.99,2000,32,7.96,19.88
161059,Active,911121,NA,NA,S,2,1,816749.4975,75.95,2012,27,6.93,33.94
161060,Active,620235,NA,NA,D,6,1,121443.8663,228,2012,65,45.82,162.87
161061,Active,193302,NA,NA,S,4,1,2859435.416,124,2004,30,4.12,23.98
161062,Active,193589,NA,NA,D,5,1,1112002.763,150,2008,92,4.35,8.49
161063,Active,163177,NA,NA,S,7,1,301455.2325,76.5,2010,54,4,27.94
161064,Active,533943,NA,NA,S,5,1,72565.16125,71.73,1999,48,7.58,56.99
161065,Active,914522,NA,NA,D,0,0,926669.355,49.95,1988,29,5.85,31.79
161066,Active,314778,NA,NA,S,1,0,163888.6713,90,2008,45,17.24,59.89
161067,Active,341352,NA,NA,D,1,0,1770643.531,75,1998,24,3.99,13.99
161068,Active,1780934,NA,NA,S,2,1,92096.65,59.99,2014,17,24.12,32.97
161069,Active,1989651,NA,NA,S,2,1,117676.6325,39.99,2015,17,18.99,22.85
161070,Active,609497,NA,NA,S,3,1,686791.1188,42.95,2008,33,7.78,37.7
161071,Active,566773,NA,NA,S,2,1,316221.54,17.7,2005,34,4,18.99
161072,Active,290118,NA,NA,S,3,1,92029.75,34.99,2007,21,21.1,27
161073,Active,648017,NA,NA,D,2,1,3506386.463,155,2002,17,17.44,43.96
161074,Active,672093,NA,NA,S,2,1,5184.4075,16,2003,86,6.86,10.49
161075,Active,164387,NA,NA,S,2,1,49307.845,212.5,2007,62,55.21,96.09
161076,Active,914950,NA,NA,D,1,0,813756.4413,105,1990,34,5.01,23.83
161077,Active,263538,NA,NA,D,2,1,590502.0638,72.95,2009,23,19.72,0
161078,Active,164375,NA,NA,D,2,1,958673.115,72.5,2001,29,16.06,69.81
161079,Active,631895,NA,NA,S,2,1,197359.7163,74.95,1998,63,42,59.79
161080,Active,635032,NA,NA,S,2,1,408472.24,62,2010,24,41.04,0
161081,Active,616550,NA,NA,D,1,0,140386.3688,45,2008,55,8.95,13.59
161082,Active,643896,NA,NA,D,2,1,505099.45,229,2010,18,48.33,105.27
161083,Active,803830,NA,NA,D,1,0,2447029.631,179,2006,13,84.98,190.39
161084,Active,126988,NA,NA,D,2,1,322587.2113,39.99,2007,54,4.92,28.97
161085,Active,532106,NA,NA,S,2,1,41869.70875,39.99,2011,36,10.21,26.5
161086,Active,233211,NA,NA,S,0,0,884627.9863,29.95,2008,26,4.74,18.67
161087,Active,2162819,NA,NA,S,0,0,31668.525,69.95,2010,13,46.84,45.13
161088,Active,618938,NA,NA,S,0,0,22294.185,39.99,2011,53,16.96,28.13
161089,Active,2058138,NA,NA,S,3,1,67715.73125,35.95,2012,30,8.77,29.99
161090,Active,546656,NA,NA,S,3,1,6367.07875,27.95,2012,55,5.4,16.25
161091,Active,783760,NA,NA,S,1,0,90357.23125,21.99,2003,227,4,11.71
161092,Active,1594555,NA,NA,S,1,0,16663.65,60,2015,16,51.16,53.13
161093,Active,859825,NA,NA,S,0,0,72082.6025,59.99,2009,28,43.55,0
161094,Active,592200,NA,NA,S,4,1,222490.8575,50.95,2005,43,6.98,35.78
161095,Active,156974,NA,NA,S,2,1,488441.3388,41.95,2001,47,6.15,37.16
161096,Active,246678,NA,NA,S,1,0,200102.6938,49.95,2010,55,27.98,31.6
161097,Active,244143,NA,NA,D,4,1,444863.645,69.95,2012,68,4,16.81
161098,Active,57661,NA,NA,S,2,1,554711.0213,54.95,2010,44,4,16.41
161099,Active,627847,NA,NA,D,5,1,64233.9625,79.95,2013,97,4,10.62
161100,Active,611263,NA,NA,D,6,1,34695.5925,79.95,2014,77,8.53,31.96
161101,Active,864263,NA,NA,S,0,0,396535.85,79.95,2012,22,33.98,0
161102,Active,625183,NA,NA,S,3,1,1687569.231,59.99,2007,32,3.77,12.3
161103,Active,265694,NA,NA,S,4,1,522134.3313,59.99,2011,41,4.99,23.98
161104,Active,265722,NA,NA,S,2,1,4258961.634,54.95,2003,24,4.17,48.15
161105,Active,265635,NA,NA,D,2,1,985076.4838,68,2007,35,4,43.07
161106,Active,1780252,NA,NA,S,2,1,359135.43,99.99,2013,8,47.84,53.47
161107,Active,642049,NA,NA,S,1,0,155417.4075,39.99,2013,47,9.92,23.97
161108,Active,532097,NA,NA,S,3,1,573980.2925,39.99,2011,108,4,15.85
161109,Active,265741,NA,NA,S,2,1,576035.7538,39.99,2007,110,4,7.25
161110,Active,265734,NA,NA,D,2,1,1745912.514,79.95,2006,28,4.26,13.38
161111,Active,265644,NA,NA,D,4,1,704916.0038,94.99,2009,31,5.98,28.48
161112,Active,2170304,NA,NA,S,0,0,70023.5,49.99,2015,29,28.77,46.47
161113,Active,655434,NA,NA,S,4,1,784043.17,199.99,2012,23,6.48,120.25
161114,Active,651586,NA,NA,S,1,0,1245788.248,149.99,2009,21,24.68,128.06
161115,Active,299993,NA,NA,S,3,1,679975.34,59.99,2011,41,5.48,14.79
161116,Active,1437530,NA,NA,S,5,1,772235.8738,60,2014,30,21.25,35.17
161117,Active,163406,NA,NA,S,7,1,293675.4188,49.99,2011,64,6.64,32.75
161118,Active,749659,NA,NA,S,5,1,1540147.94,99.99,2007,38,4,25
161119,Active,405532,NA,NA,S,6,1,864034.6325,99.99,2011,26,4.35,21.98
161120,Active,2029192,NA,NA,S,1,0,94454.075,79.99,2015,11,53.51,53.49
161121,Active,2761758,NA,NA,D,0,0,4657054.428,34.99,2003,46,4,6.99
161122,Active,663576,NA,NA,S,4,1,374572.79,44.99,2014,36,19.42,28.56
161123,Active,265742,NA,NA,S,3,1,1007446.074,39.99,2007,49,4,7.48
161124,Active,250080,NA,NA,S,4,1,112463.0413,225.95,2008,47,18.83,77.98
161125,Active,860299,NA,NA,S,3,1,731500.2013,39.99,2011,82,4,10.8
161126,Active,299991,NA,NA,S,2,1,1019927.17,39.99,2007,86,4,5.96
161127,Active,609766,NA,NA,S,3,1,688689.8088,59.99,2007,55,4,24.72
161128,Active,265737,NA,NA,S,0,0,1420802.671,29.99,2005,28,4,47.63
161129,Active,649626,NA,NA,S,3,1,12729.15125,34.99,2013,60,14.99,20.57
161130,Active,392188,NA,NA,S,2,1,277277.2025,34.99,2007,65,4,28.43
161131,Active,639746,NA,NA,S,1,0,41294.55625,59.99,2013,34,25.88,39.92
161132,Active,629123,NA,NA,S,1,0,60000.90125,39.99,2013,56,6.72,24.83
161133,Active,866645,NA,NA,S,1,0,22383.58375,59.99,2013,45,23.97,34.07
161134,Active,2752072,NA,NA,D,0,0,1692309.769,159.99,2003,11,4,101.96
161135,Active,638403,NA,NA,D,2,1,1465210.321,189.99,2009,14,15.24,48.99
161136,Active,642244,NA,NA,S,1,0,267641.8738,49.99,2012,54,6.03,18.99
161137,Active,621262,NA,NA,S,1,0,1126181.674,49.99,2008,51,4,11.93
161138,Active,2029122,NA,NA,S,3,1,737350.85,50,2014,23,11.47,46.36
161139,Active,632170,NA,NA,D,0,0,825555.625,30,2012,25,5.44,0
161140,Active,609761,NA,NA,S,7,1,412771.8288,95,2008,18,21.44,29.95
161141,Active,608221,NA,NA,S,6,1,277814.4975,49.99,2007,91,4,30
161142,Active,2029125,NA,NA,S,2,1,69865.7,50,2015,18,43.28,43.27
161143,Active,637073,NA,NA,D,1,0,642138.4325,159.99,2010,63,16.08,36.98
161144,Active,2029133,NA,NA,D,1,0,1243352.016,69.99,2011,16,4.98,40.99
161145,Active,265693,NA,NA,D,1,0,709617.5325,50,2010,32,7.28,34.32
161146,Active,2029124,NA,NA,S,2,1,208862.4388,50,2015,19,41.62,44.62
161147,Active,639200,NA,NA,D,1,0,940989.4063,45,2010,23,4.89,0
161148,Active,658112,NA,NA,S,4,1,252300.29,49.99,2013,27,13.83,0
161149,Active,656467,NA,NA,D,2,1,1142946.033,112,2005,22,5.75,78.09
161150,Active,365288,NA,NA,S,2,1,488599.7313,91.95,2006,37,9.92,48.06
161151,Active,1574689,NA,NA,D,2,1,312424.0975,87.95,2008,21,12.76,68.99
161152,Active,2263447,NA,NA,D,2,1,2417177.174,0,2010,25,38.98,120.1
161153,Active,111208,NA,NA,S,2,1,152628.3375,126.5,2011,17,52.78,77.74
161154,Active,661515,NA,NA,D,3,1,867258.8088,129.8,2009,23,13.18,42.08
161155,Active,556511,NA,NA,S,1,0,1163449.164,45,2011,38,4,14.99
161156,Active,1471496,NA,NA,S,1,0,32219.1,49.95,2015,16,30.03,38.77
161157,Active,1575135,NA,NA,S,1,0,15906.625,59.95,2010,23,45.63,47.54
161158,Active,866299,NA,NA,S,2,1,939097.97,28.95,2006,33,6.65,28.95
161159,Active,1462985,NA,NA,D,1,0,4738238.24,57.76,2010,19,4.58,54.41
161160,Active,765527,NA,NA,D,1,0,5584374.403,65.95,2004,7,4.98,22.99
161161,Active,859365,NA,NA,S,1,0,696116.8588,114.95,2006,23,19.89,83.82
161162,Active,810230,NA,NA,S,3,1,489692.7438,79.95,2011,11,12.82,14.04
161163,Active,803782,NA,NA,S,8,1,1861290.759,69.95,2004,16,9.43,73.94
161164,Active,2602487,NA,NA,S,2,1,254861.3063,59.99,1996,22,38.94,51.27
161165,Active,1437589,NA,NA,S,2,1,62257.35375,50,2014,45,12.69,25.35
161166,Active,631469,NA,NA,D,0,0,261253.4638,50,2011,41,6.72,9.67
161167,Active,867900,NA,NA,S,0,0,36136.86375,24.5,2008,18,10.6,7.25
161168,Active,903670,NA,NA,S,1,0,404824.0525,53.47,1988,21,6.68,29.75
161169,Active,554012,NA,NA,D,1,0,5039533.743,49,1999,25,4,11.22
161170,Active,2331830,NA,NA,S,2,1,69049.55125,12.95,1994,43,7.32,10.28
161171,Active,50222,NA,NA,D,4,1,1806573.718,22.89,2004,101,4,22.99
161172,Active,294197,NA,NA,S,0,0,78847.5,54.99,2010,35,5.64,30.99
161173,Active,50219,NA,NA,D,5,1,602685.69,23.98,2007,125,4.07,19.49
161174,Active,525791,NA,NA,S,5,1,950428.3588,53.37,2007,21,5.77,45.39
161175,Active,169825,NA,NA,S,12,1,632811.355,166.95,2008,57,4,12.95
161176,Active,2664400,NA,NA,S,3,1,5368892.188,32.95,1998,37,4,10.98
161177,Active,204090,NA,NA,D,5,1,211969.9488,41.95,2006,81,4,7.87
161178,Active,270997,NA,NA,D,6,1,264596.6425,42.99,2010,53,6.62,11.16
161179,Active,446745,NA,NA,S,6,1,1487070.405,123,2010,31,4.58,23.23
161180,Active,164608,NA,NA,D,2,1,1750456.768,104.95,2003,20,5.88,53.23
161181,Active,495590,NA,NA,S,2,1,83033.75125,124,2007,51,16.94,15.99
161182,Active,900998,NA,NA,D,2,1,1925392.431,75,2005,20,4.97,74.93
161183,Active,614177,NA,NA,S,1,0,597610.14,276.95,2006,68,4.36,8.98
161184,Active,774437,NA,NA,S,5,1,1841122.613,59.95,2003,39,4,7.99
161185,Active,867206,NA,NA,S,8,1,14296.95375,92.95,2014,60,31.23,55.96
161186,Active,253993,NA,NA,D,7,1,272846.2538,92.95,2011,39,12.47,73.77
161187,Active,609568,NA,NA,D,6,1,814052.9288,79.95,2007,33,4.41,10
161188,Active,248904,NA,NA,D,6,1,223942.595,84.95,2009,33,5.73,48.54
161189,Active,246208,NA,NA,S,4,1,155500.3825,100.95,2002,53,13.93,36.21
161190,Active,184603,NA,NA,D,3,1,5109666.808,57.95,1998,28,4,26.4
161191,Active,2084092,NA,NA,S,0,0,137434.615,77.99,2013,34,52.38,42.38
161192,Active,830740,NA,NA,D,3,1,2028021.663,65,2001,22,3,68.47
161193,Active,1783598,NA,NA,S,7,1,243658.35,154.95,2013,16,31.64,132.24
161194,Active,1783269,NA,NA,S,3,1,1159324.601,181.95,2013,20,10.78,84.37
161195,Active,1826590,NA,NA,D,2,1,2219410.928,71.95,2012,9,53.99,75.94
161196,Active,125588,NA,NA,S,3,1,668158.3688,49.95,1999,35,7.33,38.98
161197,Active,910031,NA,NA,S,3,1,298701.0938,55,2014,25,26.65,37.28
161198,Active,2610564,NA,NA,S,0,0,1096117.34,54.99,1999,29,6.21,37.93
161199,Active,177361,NA,NA,S,2,1,646783.93,222.95,1998,55,4,71.19
161200,Active,2404858,NA,NA,D,0,0,2732814.943,89,1990,13,78.99,295.58
161201,Active,244226,NA,NA,S,2,1,1131195.505,161.95,2011,63,3.97,9.69
161202,Active,570453,NA,NA,S,9,1,870871.0575,115.95,2008,23,10.49,13.99
161203,Active,608632,NA,NA,D,7,1,3685398.058,95.95,2002,26,4,11.84
161204,Active,767254,NA,NA,S,21,1,1057178.841,41.95,2006,15,16.58,23.16
161205,Active,795809,NA,NA,D,9,1,184784.7063,115.95,2011,33,46,83.96
161206,Active,608644,NA,NA,D,9,1,133019.5863,115.95,2008,46,17.45,62.94
161207,Active,179080,NA,NA,S,8,1,176366.5463,127.95,2005,65,5.48,27.99
161208,Active,608663,NA,NA,S,7,1,1346290.384,122.95,1998,52,4.54,10.99
161209,Active,608631,NA,NA,S,7,1,935466.2538,137.95,2002,37,5.59,22.98
161210,Active,608666,NA,NA,S,7,1,2278257.17,83.95,1998,26,4.13,19.05
161211,Active,178622,NA,NA,D,9,1,253762.3538,115.95,2008,52,16.93,41.95
161212,Active,178765,NA,NA,S,7,1,491971.8913,125.95,1998,61,5.53,26.92
161213,Active,179083,NA,NA,D,8,1,160265.58,140.95,2005,85,6.48,19.49
161214,Active,179084,NA,NA,S,8,1,1189191.356,109.95,2005,30,4.35,56.99
161215,Active,870738,NA,NA,S,7,1,837393.6425,83.95,1998,26,5.59,52.8
161216,Active,178784,NA,NA,S,7,1,219155.9638,111.95,2001,76,4,9.99
161217,Active,178625,NA,NA,S,9,1,881903.6613,101.95,2009,37,7.98,13.99
161218,Active,532065,NA,NA,D,9,1,765946.6688,125.95,2009,38,8.48,58.63
161219,Active,608637,NA,NA,S,8,1,622528.4375,109.95,2005,50,5.87,8.99
161220,Active,608662,NA,NA,S,6,1,686080.5863,82.95,1996,39,4.48,62.33
161221,Active,2624322,NA,NA,S,4,1,1685404.561,73.95,1987,47,4,40.99
161222,Active,178785,NA,NA,S,6,1,1024869.664,107.95,1999,56,4,13.98
161223,Active,349979,NA,NA,S,2,1,608513.3975,43.95,2010,13,22.93,0
161224,Active,1867391,NA,NA,D,0,0,1435139.05,99.95,2008,38,5.48,28.98
161225,Active,3593434,NA,NA,D,1,0,1885289.5,225,1995,37,38.86,39.95
161226,Active,2018592,NA,NA,S,2,1,371254.0075,44.95,2008,17,39.88,44.94
161227,Active,2320516,NA,NA,D,5,1,908235.2813,65.95,1983,70,3.98,9.48
161228,Active,548133,NA,NA,S,6,1,224867.9163,201.95,2001,56,28.26,129.79
161229,Active,859312,NA,NA,S,2,1,551420.2025,73.95,2005,42,4.48,44.8
161230,Active,248976,NA,NA,D,3,1,1072581.771,63.95,2007,22,32.74,83.87
161231,Active,2373900,NA,NA,D,1,0,1474189.348,51.4,2005,23,4,4.97
161232,Active,120239,NA,NA,D,2,1,662803.8838,77.4,2010,39,4.3,28
161233,Active,2679466,NA,NA,D,1,0,891750.935,44.95,1995,34,5.19,147.56
161234,Active,595087,NA,NA,S,3,1,51277.75125,64.95,2012,91,40.61,38.14
161235,Active,2025423,NA,NA,D,4,1,1720779.688,85.25,2011,19,2,89.08
161236,Active,229652,NA,NA,D,3,1,617304.5825,172,2005,31,19.99,41.84
161237,Active,664238,NA,NA,S,2,1,71769.97125,69,2013,32,36.71,53.99
161238,Active,2107199,NA,NA,S,1,0,70916.475,48.99,2014,13,29.82,33.98
161239,Active,532057,NA,NA,S,3,1,65967.4725,53.95,2012,66,40.65,42.8
161240,Active,255759,NA,NA,D,2,1,1424395.126,50.95,2003,16,9.56,18.94
161241,Active,3013227,NA,NA,S,2,1,88039.2325,52.95,2004,34,41.84,47.24
161242,Active,2472342,NA,NA,D,2,1,891290.5075,294.95,1997,58,4.32,21.99
161243,Active,620262,NA,NA,D,3,1,525357.5763,267.95,2010,42,22.61,46.98
161244,Active,2084100,NA,NA,S,0,0,56447.75,62.99,2013,14,42.61,42.62
161245,Active,1935941,NA,NA,D,2,1,594377.8975,80,2011,9,79.66,68.94
161246,Active,115959,NA,NA,S,5,1,518485.0113,131,2004,37,4.66,34.41
161247,Active,115958,NA,NA,S,5,1,1126248.265,131,2004,25,7.46,79.14
161248,Active,670638,NA,NA,S,1,0,40632.8,45,2011,16,38.01,35.42
161249,Active,621818,NA,NA,S,0,0,131353.3588,77.25,2006,50,6.19,23.77
161250,Active,1715226,NA,NA,S,0,0,288543.2838,78.58,2006,76,4.84,11.37
161251,Active,108066,NA,NA,S,1,0,64461.775,70.5,2004,12,43.99,51.02
161252,Active,639702,NA,NA,D,0,0,420889.0288,125,2013,28,43.98,0
161253,Active,1628987,NA,NA,D,5,1,134808.77,39.99,2015,21,5.84,19.9
161254,Active,1623385,NA,NA,S,9,1,1278140.711,159.95,2007,30,4.35,15.78
161255,Active,244200,NA,NA,S,3,1,373064.7663,76.95,2012,50,10.6,25.94
161256,Active,53315,NA,NA,D,11,1,101650.3825,254.95,2011,89,8.82,43.99
161257,Active,179221,NA,NA,D,7,1,604684.63,169.95,2008,74,4,12.96
161258,Active,52015,NA,NA,D,15,1,138302.8938,207.95,2011,82,7.2,36.24
161259,Active,52014,NA,NA,D,14,1,219241.9913,228.95,2007,80,4,22.65
161260,Active,52016,NA,NA,D,13,1,908601.1888,182.95,2005,68,4,7.99
161261,Active,553770,NA,NA,D,5,1,738724.9588,81,2008,40,4,22.93
161262,Active,532054,NA,NA,D,7,1,79265.32375,97.95,2012,46,13.44,63.83
161263,Active,133327,NA,NA,D,6,1,378483.4263,92.6,2010,35,4.22,37.21
161264,Active,117971,NA,NA,S,4,1,1310533.359,73.6,2005,36,4,8.86
161265,Active,619779,NA,NA,S,2,1,35650.34375,65,2010,27,40.13,51.48
161266,Active,724751,NA,NA,D,0,0,622592.1388,44.95,2002,22,4,19.8
161267,Active,2618770,NA,NA,D,1,0,1030306.853,18.95,1994,39,4,6.97
161268,Active,763572,NA,NA,S,2,1,124680.9475,67.95,2001,41,20.9,57.61
161269,Active,898697,NA,NA,S,2,1,197316.5588,129.98,2009,20,47.82,93.98
161270,Active,2663251,NA,NA,D,4,1,7366153.06,139,1997,15,8.32,72.54
161271,Active,227425,NA,NA,S,1,0,97881.67875,65,2005,50,18.34,38.07
161272,Active,3496316,NA,NA,S,0,0,27062.325,75,2016,7,54.76,50.2
161273,Active,890476,NA,NA,D,0,0,3291285.311,140.5,2011,11,34.72,61.6
161274,Active,858988,NA,NA,S,2,1,10209.5,75,2013,15,48.99,52.84
161275,Active,597885,NA,NA,S,2,1,92159.945,65.95,2007,38,25.12,42.26
161276,Active,532048,NA,NA,S,2,1,217590.4375,19.95,2009,46,7.81,0
161277,Active,798015,NA,NA,S,0,0,22459.025,49.95,2007,16,10.74,16.94
161278,Active,827219,NA,NA,D,0,0,1195162.776,41.3,2005,55,4,29.43
161279,Active,642209,NA,NA,D,2,1,95223.10375,45,2012,55,4,32.59
161280,Active,615858,NA,NA,D,0,0,328853.5113,61,2007,38,4,14.19
161281,Active,206108,NA,NA,D,3,1,1017757.76,90,2007,64,4,6.99
161282,Active,2415222,NA,NA,S,2,1,313354.0863,110,2001,28,6.34,74.71
161283,Active,2570786,NA,NA,S,0,0,1183974.186,155,1992,30,4.72,50.99
161284,Active,626001,NA,NA,D,5,1,1488289.58,56.95,2009,20,7.65,30.98
161285,Active,921306,NA,NA,S,4,1,446613.175,49.95,2003,72,6.35,24.84
161286,Active,642089,NA,NA,S,7,1,9181.46875,60,2013,32,29,33.98
161287,Active,609772,NA,NA,S,66,1,298436.1538,59.95,2009,33,19.97,43.94
161288,Active,802703,NA,NA,S,10,1,888087.1513,39.99,2010,38,4,9.74
161289,Active,556797,NA,NA,D,1,0,774422.71,67,1995,21,11.97,67.77
161290,Active,624710,NA,NA,S,11,1,827077.5325,39.99,2012,30,4,0
161291,Active,543947,NA,NA,S,10,1,1105066.723,43.25,2011,20,26.64,35.37
161292,Active,650013,NA,NA,D,2,1,345942.65,46.6,2010,32,12.44,0
161293,Active,630675,NA,NA,D,1,0,808231.015,64.8,2006,29,4.58,11.04
161294,Active,1482579,NA,NA,S,2,1,699545.2963,46.6,2011,16,34.36,42.95
161295,Active,641741,NA,NA,D,1,0,676548.6263,50.95,2004,35,20.62,66.79
161296,Active,641423,NA,NA,S,2,1,276320.135,46.95,2010,72,21.59,35.27
161297,Active,593912,NA,NA,S,2,1,221275.9475,44.99,2013,19,16.18,26.99
161298,Active,132043,NA,NA,D,5,1,1193612.281,112,2005,43,4,15.15
161299,Active,118550,NA,NA,D,9,1,386834.7225,141.6,2008,53,4.58,28.98
161300,Active,746297,NA,NA,S,1,0,98711.33125,35,2005,59,17.84,42.54
161301,Active,1873327,NA,NA,S,1,0,24146.1,50,2015,19,15.31,21.98
161302,Active,58093,NA,NA,D,9,1,872358.1275,12.99,2006,76,4,12.99
161303,Active,615307,NA,NA,D,1,0,133519.4875,45.99,2009,57,7.74,25.99
161304,Active,58094,NA,NA,S,10,1,75003.08625,178.33,2009,98,8.64,45.83
161305,Active,285320,NA,NA,S,9,1,1475196.548,140,2007,40,8.49,28.5
161306,Active,58091,NA,NA,D,7,1,2776321.499,53.5,2000,42,4,6.44
161307,Active,1724572,NA,NA,S,0,0,84844.46375,50,2015,20,23.65,32.4
161308,Active,609801,NA,NA,S,3,1,57203.355,58.99,2009,36,29.55,37.83
161309,Active,2271043,NA,NA,S,3,1,504482.45,44.22,1900,36,37.06,44.9
161310,Active,748938,NA,NA,D,1,0,756948.1838,70,2007,25,4.7,51.37
161311,Active,657854,NA,NA,S,2,1,251598.3813,64,2013,28,12.76,22.1
161312,Active,526131,NA,NA,S,4,1,142903.0763,50.99,2009,38,8.67,28.38
161313,Active,264247,NA,NA,D,3,1,377676.3113,42.95,2005,33,5.09,18.04
161314,Active,1437573,NA,NA,S,58,1,530004.5125,80,2014,65,4,22.45
161315,Active,702516,NA,NA,S,57,1,871232.2938,80,2013,49,4,5.48
161316,Active,702412,NA,NA,S,6,1,1281004.741,78,2012,33,4,4.19
161317,Active,52792,NA,NA,D,8,1,534234.8225,123.6,2008,45,6.56,31
161318,Active,52791,NA,NA,D,7,1,1294807.779,88.4,2004,38,4.34,14.94
161319,Active,371440,NA,NA,S,4,1,1633519.639,38,2003,30,4,37.94
161320,Active,2115902,NA,NA,S,2,1,517546.22,44.99,2015,14,43.19,44.99
161321,Active,757819,NA,NA,S,3,1,245136.225,96.95,2003,43,14.93,73.6
161322,Active,570563,NA,NA,D,1,0,267276.755,82.95,2010,105,4,12.99
161323,Active,612263,NA,NA,S,2,1,39712.165,89.95,2014,68,18.45,35.94
161324,Active,621151,NA,NA,S,2,1,524512.905,76,2007,43,7.09,39.82
161325,Active,439581,NA,NA,S,3,1,2841738.493,99,1994,17,36.45,119.85
161326,Active,164150,NA,NA,D,3,1,1074342.414,79.07,1998,40,5.97,53.04
161327,Active,131091,NA,NA,D,2,1,691822.2788,63.2,1998,38,4,8.84
161328,Active,619858,NA,NA,D,3,1,138649.5313,116.8,2004,38,4.63,48.36
161329,Active,267155,NA,NA,S,2,1,173020.3175,120,2006,34,66.48,0
161330,Active,196750,NA,NA,D,1,0,1165982.15,91.95,2007,19,23.03,53.98
161331,Active,532034,NA,NA,S,2,1,40589.65625,129.95,2012,58,38.98,62.41
161332,Active,293503,NA,NA,D,1,0,1919021.418,62.95,2001,20,15.55,41.96
161333,Active,3470302,NA,NA,D,1,0,2755668.85,59,1994,36,4,35.29
161334,Active,561269,NA,NA,D,12,1,1761091.838,76.8,2009,28,4,14.4
161335,Active,625640,NA,NA,D,13,1,619501.7588,126.4,2012,32,5.98,43.99
161336,Active,540636,NA,NA,D,13,1,182640.5525,86,2012,42,8.49,49.99
161337,Active,3599101,NA,NA,D,2,1,5246746.4,129.95,1996,30,4.5,11.93
161338,Active,874157,NA,NA,S,6,1,91194.035,211.25,2012,36,38.26,66.96
161339,Active,543804,NA,NA,D,7,1,25100.1375,367.95,2012,114,18.94,63.99
161340,Active,52808,NA,NA,D,6,1,756768.1238,232.95,2010,51,5.23,51.35
161341,Active,252581,NA,NA,S,4,1,367678.8425,76.74,2007,55,17.56,96.61
161342,Active,252623,NA,NA,D,5,1,26707.98,56.98,2009,110,13.22,41.24
161343,Active,457820,NA,NA,D,6,1,1853842.214,18.74,2009,49,4.35,47.12
161344,Active,52809,NA,NA,D,6,1,64169.23375,369.95,2007,117,5.41,25.34
161345,Active,224730,NA,NA,D,10,1,62112.17625,231.95,2011,71,17.44,61.7
161346,Active,169495,NA,NA,D,9,1,373314.4063,254.95,2008,52,4.72,20.53
161347,Active,192023,NA,NA,D,4,1,440155.1288,62.28,2006,52,6.3,44.73
161348,Active,649619,NA,NA,S,0,0,131837.15,68.75,2013,33,33.99,0
161349,Active,52807,NA,NA,S,5,1,1154916.91,414.95,2004,138,4,14.99
161350,Active,632898,NA,NA,D,0,0,421163.0413,79.95,2002,21,6.47,0
161351,Active,873372,NA,NA,D,1,0,1147275.414,105,1989,28,4.5,21.98
161352,Active,2699238,NA,NA,D,3,1,2400141.619,101,2004,21,11.74,71.97
161353,Active,113839,NA,NA,D,2,1,209009.5475,144,2001,26,9.04,64.81
161354,Active,290378,NA,NA,S,3,1,91732.56125,278,1998,58,33.73,70.9
161355,Active,2559453,NA,NA,D,1,0,5914904.95,0,1979,18,6.38,88.27
161356,Active,2636767,NA,NA,D,1,0,482206.7025,90,2002,26,36.19,74.53
161357,Active,225815,NA,NA,D,3,1,2610732.533,209.95,2005,12,23.17,10.09
161358,Active,1475264,NA,NA,S,2,1,1107164.561,112.95,2013,35,5.61,45.79
161359,Active,2342499,NA,NA,D,2,1,5276587.608,69.35,1981,26,4,54.93
161360,Active,659214,NA,NA,D,6,1,1263017.606,155,2000,23,8.72,65.24
161361,Active,2570466,NA,NA,D,5,1,882739.2238,79.95,1994,20,4,47.52
161362,Active,608846,NA,NA,S,4,1,607060.4838,242.95,1996,125,4.28,28.47
161363,Active,613533,NA,NA,D,2,1,968658.7438,108.57,2010,82,4.65,108.57
161364,Active,705621,NA,NA,S,3,1,768157.2513,253,2013,23,17.47,134.91
161365,Active,613222,NA,NA,S,2,1,405308.1075,84.97,2000,97,4.44,23.82
161366,Active,146428,NA,NA,D,6,1,15954.4725,281.8,2011,235,4.65,62.99
161367,Active,608691,NA,NA,S,7,1,319302.8613,406.95,2007,29,28.71,48.01
161368,Active,691805,NA,NA,S,6,1,454947.6163,226.95,1999,65,4,50.43
161369,Active,717175,NA,NA,S,10,1,235986.9175,70.99,2009,23,8.36,43.98
161370,Active,50353,NA,NA,S,8,1,484290.9388,129,2002,98,4,19.72
161371,Active,169476,NA,NA,D,8,1,1836293.201,403.95,2006,26,7.98,52.7
161372,Active,52310,NA,NA,S,1,0,68059.14625,218.67,2006,217,6.43,25.34
161373,Active,717144,NA,NA,D,1,0,667818.7825,255.67,2007,40,5.96,48.99
161374,Active,183517,NA,NA,D,7,1,383109.0963,40.46,2005,46,16.48,0
161375,Active,224751,NA,NA,D,1,0,21014.64625,329.95,2011,124,8.58,23.99
161376,Active,244108,NA,NA,D,8,1,306830.3688,152,2011,147,4.31,35.52
161377,Active,535967,NA,NA,D,8,1,29878.74875,369.95,2011,119,12.54,58.99
161378,Active,51807,NA,NA,D,7,1,341728.5163,406.95,2008,122,4,21.09
161379,Active,169671,NA,NA,D,7,1,1157321.866,232.95,2008,31,4,46.93
161380,Active,60165,NA,NA,S,6,1,626366.555,221.95,2005,54,4,17.99
161381,Active,907525,NA,NA,D,0,0,4592757.429,64.39,2006,18,5.13,41.94
161382,Active,608422,NA,NA,D,6,1,1714433.715,207.95,2005,63,4,13.47
161383,Active,115040,NA,NA,S,6,1,746492.3375,172.87,1999,47,4.98,55.95
161384,Active,115116,NA,NA,D,5,1,2626065.53,103,2000,26,4,41.33
161385,Active,222282,NA,NA,D,1,0,539843.1788,95,2009,30,4.39,23.99
161386,Active,570767,NA,NA,D,8,1,83531.42375,185.95,2008,48,52.35,158.86
161387,Active,173892,NA,NA,D,0,0,2190871.206,56,2004,22,4.99,40.99
161388,Active,532031,NA,NA,D,0,0,1220404.203,68.25,2011,17,24.93,53.6
161389,Active,110448,NA,NA,D,1,0,30185.33,421.5,2011,244,17.88,50.98
161390,Active,617626,NA,NA,D,1,0,370079.9925,318.25,2011,35,17.26,0
161391,Active,556659,NA,NA,S,0,0,229319.5888,88.75,1998,84,4.44,32.29
161392,Active,556624,NA,NA,D,5,1,739460.4563,97.95,2000,148,4,19.79
161393,Active,2040639,NA,NA,S,3,1,190070.9,73.25,2009,38,4.89,33.99
161394,Active,481210,NA,NA,S,1,0,1097674.601,218.67,2006,41,4.32,78.24
161395,Active,212353,NA,NA,S,1,0,587435.6238,228.67,2007,16,13.85,0
161396,Active,607074,NA,NA,D,10,1,111354.125,149.75,2009,143,5.81,43.99
161397,Active,708307,NA,NA,S,2,1,581130.8825,68.99,2004,33,7.62,58.99
161398,Active,548230,NA,NA,S,0,0,151780.2738,91.7,1999,95,4.08,28.99
161399,Active,1782746,NA,NA,D,7,1,344656.3513,197.85,2011,30,6.1,99.99
161400,Active,164160,NA,NA,S,3,1,1155219.555,18.48,2000,69,4,10.54
161401,Active,608375,NA,NA,D,3,1,2269391.76,8.14,2005,52,4,8.15
161402,Active,1574135,NA,NA,S,3,1,3270582.17,129.95,2007,23,4,22.99
161403,Active,165873,NA,NA,S,4,1,324777.8313,46.98,2004,74,4,42.77
161404,Active,550847,NA,NA,D,2,1,121982.3588,61.51,2010,146,5.02,22.56
161405,Active,191863,NA,NA,S,4,1,816906.225,40.94,2000,89,4.68,40.94
161406,Active,705603,NA,NA,S,6,1,1136063.738,13.89,2011,43,4,13.99
161407,Active,450328,NA,NA,D,6,1,354013.9588,53.94,2006,67,4.19,49.91
161408,Active,880560,NA,NA,D,0,0,146428.3675,90.91,2005,56,11.98,56.97
161409,Active,551332,NA,NA,S,1,0,293988.7713,155.5,2005,62,5.59,31.49
161410,Active,108598,NA,NA,S,8,1,750280.4363,136.25,2004,91,4.2,42.88
161411,Active,861944,NA,NA,S,6,1,33885.46625,79.25,2014,49,20.98,38.91
161412,Active,533717,NA,NA,D,5,1,400744.7225,229.75,2009,116,4.39,48.99
161413,Active,537838,NA,NA,D,6,1,13604.64,218.99,2011,256,12.65,23.99
161414,Active,52325,NA,NA,D,8,1,20491.47875,406.95,2008,178,12.84,73.4
161415,Active,116719,NA,NA,S,10,1,107318.3,46.53,2000,28,9.74,46.54
161416,Active,563655,NA,NA,D,2,1,856718.5338,11.98,2008,182,4,11.96
161417,Active,2583256,NA,NA,S,5,1,1169869.781,148.95,2005,29,4.46,23.94
161418,Active,612979,NA,NA,S,0,0,405398.17,82.47,2001,98,5.67,43.99
161419,Active,58306,NA,NA,S,10,1,628192.0438,113.35,2003,67,4,42.95
161420,Active,58308,NA,NA,D,12,1,162044.9625,169,2009,122,4,45.87
161421,Active,877411,NA,NA,D,2,1,2524371.755,18.99,2011,14,6.98,18.99
161422,Active,60166,NA,NA,D,1,0,298571.8925,340.95,2005,40,4.07,10.24
161423,Active,298895,NA,NA,D,2,1,103690.6063,321.95,2010,111,8.83,43.99
161424,Active,2341786,NA,NA,D,4,1,3108822.973,114.25,1994,28,4,28.49
161425,Active,665296,NA,NA,S,2,1,667944.7663,38,2012,42,20.04,36.74
161426,Active,898802,NA,NA,S,2,1,512756.8713,61.95,2014,22,37.34,42.99
161427,Active,56384,NA,NA,S,6,1,1597840.82,326.95,2007,37,10.86,87.66
161428,Active,56388,NA,NA,D,5,1,1101852.996,213.95,2004,39,4.15,8
161429,Active,56383,NA,NA,D,6,1,912617.4425,313.95,2007,52,4.49,38.89
161430,Active,918344,NA,NA,S,2,1,265814.9913,103.95,2002,37,5.51,116.09
161431,Active,629111,NA,NA,S,9,1,11865.125,209.95,2013,49,41.23,153.99
161432,Active,57745,NA,NA,D,7,1,16317.78,52.53,2011,131,5.57,34.17
161433,Active,57746,NA,NA,D,6,1,340480.9188,107.5,2008,100,4,16.95
161434,Active,244276,NA,NA,D,5,1,111335.12,276.95,2012,99,5.44,52.87
161435,Active,58082,NA,NA,D,3,1,1781948.715,220.95,2006,40,4,39.75
161436,Active,58084,NA,NA,D,4,1,684000.8525,303.95,2008,95,4,30.79
161437,Active,574423,NA,NA,D,5,1,133893.8813,178,2006,139,4.42,12.4
161438,Active,191859,NA,NA,D,5,1,1091325.8,41.68,2000,31,4.35,18.31
161439,Active,620359,NA,NA,D,6,1,374555.1425,100.35,2004,37,4.19,54.17
161440,Active,3559013,NA,NA,D,1,0,4893462.8,0,1900,21,4,15.46
161441,Active,574390,NA,NA,S,2,1,475243.9825,52.54,2006,43,15.93,0
161442,Active,405431,NA,NA,D,4,1,280550.3813,17.9,2008,94,4,13.99
161443,Active,50350,NA,NA,D,10,1,50685.26375,181.33,2008,226,4.78,40.98
161444,Active,52529,NA,NA,D,9,1,191748.1563,57.33,2009,67,12.74,66.47
161445,Active,552676,NA,NA,S,0,0,76610.72,21,2004,58,4,6.49
161446,Active,110958,NA,NA,D,5,1,92434.205,42.95,2008,180,5.09,22.31
161447,Active,238698,NA,NA,S,0,0,83507.45,49.95,2005,18,39.98,30.49
161448,Active,120088,NA,NA,D,5,1,433438.7538,133.33,2009,37,6.48,22.37
161449,Active,115851,NA,NA,D,4,1,1214709.048,90,2004,33,4.58,7.99
161450,Active,582128,NA,NA,D,1,0,1955671.899,92.95,1985,19,26.12,68.99
161451,Active,301045,NA,NA,S,3,1,160272.4775,94.5,2011,34,42.87,67.99
161452,Active,121464,NA,NA,D,2,1,843069.0225,125.4,2002,29,4,9.7
161453,Active,101105,NA,NA,D,2,1,1216482.539,357.95,1996,72,4.52,30
161454,Active,58329,NA,NA,D,5,1,219320.35,314.95,2003,86,4,34.98
161455,Active,58328,NA,NA,D,6,1,308810,321.95,2008,90,6.98,55.15
161456,Active,339938,NA,NA,S,5,1,911698.8713,72.25,2011,21,35.11,62.84
161457,Active,163058,NA,NA,S,6,1,647984.66,23.99,2011,29,4.99,18.99
161458,Active,764355,NA,NA,D,7,1,2452323.733,55.95,2003,27,4,17.91
161459,Active,292137,NA,NA,S,6,1,588472.2175,60.76,2002,63,4,11.99
161460,Active,532027,NA,NA,S,8,1,114184.235,133.95,2009,39,5.58,104.39
161461,Active,1447501,NA,NA,S,10,1,504783.675,37.71,2006,32,17.69,36.99
161462,Active,146790,NA,NA,S,12,1,282186.1788,200.27,2011,25,18.44,23.49
161463,Active,717070,NA,NA,S,0,0,659125.3863,54.9,2009,30,14.98,0
161464,Active,553723,NA,NA,D,11,1,116351.285,187.2,2008,95,14,63.89
161465,Active,920899,NA,NA,D,12,1,1173558.651,73.99,2012,49,4.88,72.25
161466,Active,52499,NA,NA,D,4,1,452465.65,21.92,2004,124,4,18.94
161467,Active,52497,NA,NA,D,5,1,197331.0425,162.75,2007,130,4,38.77
161468,Active,52498,NA,NA,D,6,1,118440.0263,74.44,2011,128,8.09,26.79
161469,Active,54763,NA,NA,D,4,1,353152.3463,356.95,2010,141,4.79,22.87
161470,Active,54764,NA,NA,D,3,1,470521.805,376.95,2007,114,4,63.98
161471,Active,571798,NA,NA,S,1,0,312042.335,269.95,2007,43,11.74,70.28
161472,Active,563699,NA,NA,D,3,1,48994.675,108,2011,264,4,21.56
161473,Active,212555,NA,NA,S,0,0,1847061.553,109.47,2006,14,18.39,43.87
161474,Active,52528,NA,NA,D,8,1,661439.2038,420.95,2006,67,4.52,10.72
161475,Active,301024,NA,NA,D,2,1,2497288.461,75,2005,26,4,11.98
161476,Active,534493,NA,NA,D,3,1,499264.14,80,2009,62,4.49,36
161477,Active,532020,NA,NA,D,3,1,3324633.804,123,2009,16,8.49,55.43
161478,Active,2664597,NA,NA,D,4,1,3507675.8,119,2000,18,8.11,32.38
161479,Active,573509,NA,NA,D,3,1,4745122.716,87,1995,23,6.37,15.29
161480,Active,159475,NA,NA,S,2,1,835312.0675,34.95,2002,45,4,45.4
161481,Active,147091,NA,NA,D,3,1,1605498.101,199,2004,33,4.06,27.99
161482,Active,147591,NA,NA,D,4,1,774346.9225,245,2009,34,37.84,63.99
161483,Active,714338,NA,NA,S,2,1,2644988.294,109.35,2001,32,4,17.25
161484,Active,286156,NA,NA,D,3,1,242655.95,149.33,2005,107,4,23.9
161485,Active,1437522,NA,NA,S,1,0,275609.4825,50,2014,44,15.55,28.24
161486,Active,156947,NA,NA,D,2,1,2396073.918,64.95,2002,47,4,44.74
161487,Active,532016,NA,NA,S,3,1,414080.7775,58.95,2010,22,21.44,46.32
161488,Active,575868,NA,NA,S,3,1,365486.6525,95.54,2010,28,11.76,28.78
161489,Active,1671557,NA,NA,D,1,0,418395.5363,115.95,2011,22,63.67,70.3
161490,Active,213278,NA,NA,D,1,0,724848.8838,75,2009,31,8.62,95.71
161491,Active,887710,NA,NA,D,0,0,6026129.459,64,1997,13,4,32.99
161492,Active,1682704,NA,NA,D,2,1,2934090.858,95,2009,19,4,93.93
161493,Active,788965,NA,NA,S,3,1,5354255.639,49.95,2001,25,4,7.01
161494,Active,503002,NA,NA,S,2,1,234201.79,19.95,2010,28,7.97,13.94
161495,Active,867928,NA,NA,S,2,1,137559.1025,76.4,2014,8,65.42,73.99
161496,Active,121179,NA,NA,D,1,0,37070.72375,165,2011,65,4.99,44.99
161497,Active,871956,NA,NA,D,2,1,2891152.178,68.2,1997,25,4,27.98
161498,Active,60167,NA,NA,D,2,1,3004814.166,6.37,2001,29,4,4.58
161499,Active,243867,NA,NA,D,1,0,157263.3213,188.95,2011,73,4.71,53.54
161500,Active,643915,NA,NA,S,2,1,973160.5413,105.99,2010,21,11.41,31.46
161501,Active,1556802,NA,NA,S,4,1,339400.9663,56.95,2014,22,37.5,43.11
161502,Active,867644,NA,NA,S,3,1,42362.9325,58,2014,57,41.92,47.18
161503,Active,161434,NA,NA,D,1,0,744181.7738,2.32,2008,38,4.25,23.97
161504,Active,628877,NA,NA,D,1,0,222109.48,130,2005,67,4.69,47.29
161505,Active,632637,NA,NA,S,25,1,380250.4325,55,2005,30,42.12,0
161506,Active,911286,NA,NA,D,0,0,2670290.439,44,2000,29,3.99,18.6
161507,Active,266946,NA,NA,D,0,0,2257537.09,50,2004,31,4.33,8.99
161508,Active,533572,NA,NA,D,6,1,11803.5525,230.4,2011,127,5.53,48.99
161509,Active,617122,NA,NA,S,9,1,103728.0025,162,2012,56,29.76,73.99
161510,Active,110732,NA,NA,D,13,1,233977.2688,48.99,2010,73,18.24,63.31
161511,Active,542371,NA,NA,S,6,1,519821.0288,89.95,2011,18,15.26,63.44
161512,Active,904025,NA,NA,D,2,1,1746486.734,430.77,2004,35,5.59,26.13
161513,Active,549920,NA,NA,S,5,1,306406.7175,152.25,2004,73,5.12,41.48
161514,Active,876840,NA,NA,D,11,1,2122131.333,6.49,2005,60,4,7.99
161515,Active,108501,NA,NA,S,5,1,276286.3675,68.11,2003,65,5.22,61.17
161516,Active,55322,NA,NA,D,3,1,372219.0363,80,2006,83,4,13.99
161517,Active,55323,NA,NA,D,4,1,282769.7875,143.4,2009,106,4.44,36.35
161518,Active,607711,NA,NA,D,7,1,874703.73,109.35,2006,132,4,16.85
161519,Active,2070516,NA,NA,D,7,1,583575.3413,18.64,2010,36,4.48,13.92
161520,Active,300449,NA,NA,D,7,1,454565.05,77.28,2010,51,6.51,46.19
161521,Active,428394,NA,NA,S,2,1,107020.37,244.6,2008,63,31.3,150.15
161522,Active,533933,NA,NA,D,5,1,168381.5163,307.95,2003,91,5.56,22.41
161523,Active,697398,NA,NA,S,4,1,2263245.506,87,1999,63,4,27.98
161524,Active,410726,NA,NA,D,2,1,313201.93,62,2004,75,4,15.3
161525,Active,545797,NA,NA,S,2,1,172539.835,39,2012,38,4,16.98
161526,Active,557640,NA,NA,D,1,0,97489.03375,220.2,2012,51,18.8,63.01
161527,Active,428268,NA,NA,D,0,0,1067125.77,139.93,2005,59,4,15.22
161528,Active,428364,NA,NA,D,0,0,1506621.863,77,2004,29,4.11,16.63
161529,Active,110025,NA,NA,D,12,1,219108.3825,23.97,2008,67,4,23.99
161530,Active,51958,NA,NA,D,8,1,34337.13125,183.4,2008,91,8.96,32.99
161531,Active,298296,NA,NA,D,1,0,79958.97,101,2010,88,4.7,13.97
161532,Active,630519,NA,NA,S,2,1,58347.39125,106,2013,61,37.64,56.42
161533,Active,53545,NA,NA,D,5,1,508715.5875,183.4,2009,109,4.35,19.99
161534,Active,572023,NA,NA,D,5,1,1323835.211,185.95,2003,27,4,25.58
161535,Active,416423,NA,NA,D,11,1,918690.1088,16.89,2007,53,4,39.99
161536,Active,51957,NA,NA,S,7,1,1243031.726,136.4,2006,29,5.46,47.49
161537,Active,574765,NA,NA,D,6,1,731936.1025,139,2009,33,5.62,50
161538,Active,193360,NA,NA,D,5,1,1560038.828,133,2005,16,6.02,23.5
161539,Active,51429,NA,NA,S,5,1,3615122.048,85.95,2000,38,4,16.23
161540,Active,533762,NA,NA,D,9,1,19493.10375,156.95,2012,80,9.53,58.99
161541,Active,51432,NA,NA,S,6,1,964730.745,103.95,2003,53,4,10.6
161542,Active,51430,NA,NA,D,7,1,595090.3275,145.95,2006,70,4,13.99
161543,Active,51431,NA,NA,D,8,1,343029.4488,172.95,2009,102,6.24,33.97
161544,Active,58080,NA,NA,D,1,0,1902929.529,103,2005,80,3.39,9.99
161545,Active,114138,NA,NA,D,0,0,506561.3663,25.95,2002,60,4,17.9
161546,Active,58081,NA,NA,D,2,1,194115.75,133.4,2009,119,4,8.79
161547,Active,118942,NA,NA,D,2,1,223724.7338,42.95,2006,75,6.57,29.95
161548,Active,532012,NA,NA,S,3,1,16680.52875,56.2,2012,61,24.38,30.99
161549,Active,591945,NA,NA,S,0,0,273382.6788,70,2010,29,20.64,35.37
161550,Active,632163,NA,NA,S,3,1,104570.7075,93,2012,33,44.21,61.52
161551,Active,2940542,NA,NA,D,2,1,4420667.828,70.99,2005,18,4.76,64.79
161552,Active,109556,NA,NA,D,6,1,1016548.701,33.99,2005,44,4.08,31.99
161553,Active,60169,NA,NA,D,6,1,813104.295,26.86,2005,71,4.08,21.54
161554,Active,696956,NA,NA,S,5,1,3449130.948,93.13,1998,41,4.06,23.94
161555,Active,50189,NA,NA,S,5,1,54890.4675,233.5,2008,82,11.18,58.4
161556,Active,285401,NA,NA,S,7,1,131290.1575,81.34,2008,107,7.46,57.59
161557,Active,50190,NA,NA,D,3,1,3558445.066,22.99,1998,40,4,18.01
161558,Active,50188,NA,NA,D,4,1,2918207.216,11.49,2003,38,4.2,11.49
161559,Active,261328,NA,NA,D,2,1,272288.5525,99,2002,92,4,23.37
161560,Active,867761,NA,NA,S,3,1,14343.3875,99,2014,42,47.85,59.74
161561,Active,638477,NA,NA,D,2,1,735027.9975,60,2006,24,32.98,202.23
161562,Active,893023,NA,NA,S,5,1,41499.51,65,2014,28,44.18,44.12
161563,Active,862346,NA,NA,S,5,1,5502.9575,65,2014,31,25.71,33.84
161564,Active,889750,NA,NA,D,1,0,5615807.741,106,2004,12,6.77,82.25
161565,Active,208595,NA,NA,D,6,1,1971381.183,77,1999,31,4.29,13.95
161566,Active,60171,NA,NA,D,7,1,550520.5963,105.8,2003,44,4.44,18.99
161567,Active,659633,NA,NA,D,0,0,8437975.129,46.95,2003,17,4,44.19
161568,Active,192778,NA,NA,S,2,1,526767.0363,78.95,2000,31,6.21,53.56
161569,Active,169106,NA,NA,D,2,1,1693617.77,14.44,2005,49,3.98,14.44
161570,Active,170134,NA,NA,D,4,1,66231.28375,51.96,2010,46,27.61,68.94
161571,Active,60173,NA,NA,D,3,1,744564.765,10.06,2007,70,4.35,8.99
161572,Active,2606352,NA,NA,D,1,0,7894769.071,241.99,1999,16,4.6,64.89
161573,Active,1591777,NA,NA,D,2,1,4742725.615,325,2006,17,9.41,6.97
161574,Active,61204,NA,NA,D,3,1,1406905.364,18.82,2007,61,4.12,18.97
161575,Active,170135,NA,NA,D,4,1,140241.9913,65.99,2010,41,10.09,52.67
161576,Active,533496,NA,NA,D,12,1,9780.46125,118.99,2012,70,13.97,53.99
161577,Active,247840,NA,NA,D,2,1,630951.195,104,2008,65,4,7.48
161578,Active,186227,NA,NA,S,9,1,276288.3475,233,1997,73,4,63.64
161579,Active,181409,NA,NA,S,2,1,201988.1438,39.95,2005,41,14.52,34.05
161580,Active,143611,NA,NA,D,4,1,769404.4738,216,2010,47,13.94,67.93
161581,Active,560330,NA,NA,D,3,1,2421132.813,142,2007,22,4.75,42.13
161582,Active,533879,NA,NA,D,8,1,135608.6588,291.95,2006,53,6.26,58.22
161583,Active,876773,NA,NA,D,5,1,820916.3513,36.42,2010,41,7.18,28.05
161584,Active,876705,NA,NA,S,7,1,422644.2488,166.67,2014,49,29.96,41.34
161585,Active,55168,NA,NA,D,5,1,109715.9738,167.6,2009,101,4.27,18.9
161586,Active,55167,NA,NA,S,3,1,2325578.701,119.4,2003,43,4,12.84
161587,Active,614587,NA,NA,D,2,1,678862.8488,116.99,2009,94,4,10.98
161588,Active,182959,NA,NA,S,8,1,625204.8538,240.95,2004,51,10.02,24.34
161589,Active,631409,NA,NA,S,6,1,1366878.114,61.28,2006,45,4.27,15.99
161590,Active,54451,NA,NA,D,11,1,289173.6025,49.2,2009,98,4.44,28.94
161591,Active,550228,NA,NA,S,9,1,939404.1213,46.7,2007,32,5.44,38.99
161592,Active,3611861,NA,NA,D,0,0,546676.4,49.95,1900,25,4,42.98
161593,Active,270067,NA,NA,D,4,1,444278.1238,206,2008,32,5.49,119.67
161594,Active,54450,NA,NA,D,10,1,420866.5875,53.95,2007,63,4,44.64
161595,Active,55317,NA,NA,D,6,1,531588.23,33.98,2003,67,4.77,43.09
161596,Active,55320,NA,NA,S,8,1,531012.6213,92.29,2009,45,23.15,109.19
161597,Active,55319,NA,NA,D,8,1,88464.9425,139.25,2009,85,8.22,47.99
161598,Active,205833,NA,NA,S,2,1,319046.5338,58,2003,39,4.39,28.54
161599,Active,193263,NA,NA,D,1,0,6105026.1,99,2002,16,4.08,68.31
161600,Active,193558,NA,NA,D,2,1,1844130.978,183,2007,17,4.71,28.99
161601,Active,131174,NA,NA,D,3,1,1670098.451,81.33,1998,35,4,41.2
161602,Active,248027,NA,NA,S,4,1,211165.4163,86,2009,34,35.08,35.08
161603,Active,546616,NA,NA,S,7,1,16098.3175,79.95,2012,66,99.95,61.43
161604,Active,256319,NA,NA,D,6,1,124243.6788,79.95,2007,63,4,22.75
161605,Active,60176,NA,NA,D,5,1,1708742.528,74.95,2002,64,4,17.99
161606,Active,627690,NA,NA,D,0,0,1175905.665,40,2000,40,4,39.98
161607,Active,131356,NA,NA,S,2,1,1706114.848,77,2001,57,4,13.84
161608,Active,131885,NA,NA,D,3,1,710043.4738,135.8,2005,59,4,9.54
161609,Active,121221,NA,NA,D,4,1,90836.3875,184.6,2010,99,5.13,28.6
161610,Active,607297,NA,NA,D,3,1,1876179.908,83.6,2004,42,4,20.93
161611,Active,55314,NA,NA,S,3,1,1121066.135,71,2003,105,4,7.97
161612,Active,55315,NA,NA,D,4,1,447285.1488,78.67,2007,93,4,16.83
161613,Active,55316,NA,NA,D,5,1,19816.21375,106.2,2011,153,8.23,72.35
161614,Active,121379,NA,NA,S,4,1,740446.1975,112,2008,20,37.53,83.94
161615,Active,714051,NA,NA,D,2,1,8844273.568,64,2001,23,4,8.73
161616,Active,907794,NA,NA,S,2,1,8451.34,35.63,2014,33,27.96,32.33
161617,Active,640602,NA,NA,D,1,0,1408737.389,81.99,2009,40,19.99,24.85
161618,Active,569810,NA,NA,D,4,1,188304.1475,138.95,2005,61,4.47,60.92
161619,Active,868122,NA,NA,D,3,1,1375841.565,67,1997,41,4,18.99
161620,Active,54096,NA,NA,D,11,1,194428.63,46.95,2007,125,4,32
161621,Active,54097,NA,NA,D,12,1,58664.785,163,2010,129,5.54,12.89
161622,Active,60003,NA,NA,S,10,1,2063861.596,100.63,2005,50,4.12,18.69
161623,Active,1840216,NA,NA,S,2,1,1824170.188,50,2007,22,4.4,28.34
161624,Active,794892,NA,NA,D,1,0,1142041.508,79.95,2011,17,16.36,829.71
161625,Active,2010341,NA,NA,S,1,0,27859.15,35.5,2012,14,18.06,21.93
161626,Active,182585,NA,NA,S,1,0,71625.6,149.95,2005,24,53.99,78.29
161627,Active,573100,NA,NA,S,2,1,140888.0863,30.5,2006,77,7.91,23.46
161628,Active,385766,NA,NA,D,2,1,386079.6675,69.1,2007,35,4.03,67.65
161629,Active,575286,NA,NA,D,0,0,911358.6138,74.95,2006,35,4,13.8
161630,Active,474543,NA,NA,D,2,1,224239.5725,66,2011,40,6.98,28.99
161631,Active,610012,NA,NA,D,8,1,602860.5588,93,2011,30,5.56,71.95
161632,Active,740714,NA,NA,D,5,1,1574660.173,75.2,2005,29,4,43.83
161633,Active,282025,NA,NA,D,2,1,688422.0125,59.95,1999,52,9.96,59.8
161634,Active,547344,NA,NA,S,15,1,33477.32625,120,2010,23,41.99,35.9
161635,Active,2593159,NA,NA,S,0,0,161596.43,69.99,1988,35,19.94,50.44
161636,Active,915288,NA,NA,D,0,0,480884.5288,75,1993,31,33.97,126.31
161637,Active,908583,NA,NA,D,1,0,2554635.879,67.95,2001,29,8.98,62.07
161638,Active,186254,NA,NA,S,2,1,1115564.794,26.5,2000,23,12.9,60.26
161639,Active,625254,NA,NA,S,2,1,24761.9775,81.6,2010,54,38.64,60.86
161640,Active,1447587,NA,NA,D,1,0,803196.1438,76,2006,26,8.22,60.55
161641,Active,1447446,NA,NA,S,2,1,988803.1363,123.78,2011,10,26.9,38.99
161642,Active,633218,NA,NA,S,2,1,213916.585,81.6,2010,32,24.94,57.45
161643,Active,1482710,NA,NA,S,2,1,291930.1863,56,2010,19,19.37,34.98
161644,Active,1450059,NA,NA,D,1,0,546217.1838,64.4,2006,25,6.41,18.99
161645,Active,403881,NA,NA,S,2,1,75703.5375,81.6,2010,39,33.99,63
161646,Active,233375,NA,NA,S,0,0,698730.1913,47.99,2007,31,8.47,45.45
161647,Active,532001,NA,NA,S,3,1,127692.7663,54.95,2010,36,8.98,12.99
161648,Active,743471,NA,NA,D,2,1,1120164.164,161,2002,27,9,73.98
161649,Active,623705,NA,NA,D,3,1,1177456.094,63.95,1994,37,4.97,45
161650,Active,2086538,NA,NA,S,0,0,300599.1938,14.95,2013,34,4,8.67
161651,Active,649728,NA,NA,S,2,1,32051.56625,65,2012,23,38.97,41.65
161652,Active,2617273,NA,NA,D,3,1,990954.2363,45.95,1985,18,3.99,94.17
161653,Active,117808,NA,NA,S,7,1,461212.0725,194,2004,43,5.68,42.75
161654,Active,676178,NA,NA,S,3,1,43843.74375,32.4,2006,86,13.97,25.57
161655,Active,540419,NA,NA,S,4,1,2822758.619,135.59,2007,25,4.98,18.82
161656,Active,1946545,NA,NA,D,1,0,566415.6838,80,2014,10,10.04,33.98
161657,Active,640248,NA,NA,S,2,1,2804685.981,39.95,2010,25,4,15.01
161658,Active,244206,NA,NA,D,11,1,57464.74625,259.95,2012,102,5.35,52.59
161659,Active,53639,NA,NA,D,10,1,530367.34,285.95,2009,103,4.47,19.87
161660,Active,53638,NA,NA,D,9,1,1022236.413,302.95,2007,86,4,11.17
161661,Active,626409,NA,NA,S,3,1,826576.2863,176.95,2006,37,4.76,141.99
161662,Active,2608616,NA,NA,S,1,0,257682.635,79.99,2000,25,44.29,65.99
161663,Active,908152,NA,NA,S,3,1,722053.8913,61.95,2007,37,8.01,38.53
161664,Active,385796,NA,NA,S,3,1,590788.4225,55.95,2011,36,31.34,31.47
161665,Active,285916,NA,NA,D,3,1,1502826.705,100.2,2003,41,4,9.49
161666,Active,870307,NA,NA,S,2,1,211148.8113,87.87,2014,30,16.99,78.99
161667,Active,145774,NA,NA,D,1,0,92108.4025,129.2,2011,101,5.78,59.97
161668,Active,256244,NA,NA,D,2,1,220199.265,42.95,1997,15,6.31,33.97
161669,Active,3468965,NA,NA,S,2,1,81660.475,66.33,2015,35,23.24,45.86
161670,Active,619760,NA,NA,S,1,0,348347.7813,62.5,2011,51,4,13.8
161671,Active,646744,NA,NA,D,1,0,670525.9588,170.95,1996,56,4,44.99
161672,Active,653736,NA,NA,D,1,0,1563199.628,57.95,1999,21,5.89,22.99
161673,Active,894968,NA,NA,D,2,1,1599131.599,55,2005,24,30.86,68.07
161674,Active,1994573,NA,NA,S,0,0,15175.525,49.95,2014,11,34.65,36.46
161675,Active,192836,NA,NA,D,5,1,741718.7975,105,2001,15,4,47.52
161676,Active,647054,NA,NA,S,2,1,511173.335,49.99,2012,29,27.55,42.13
161677,Active,2894411,NA,NA,S,0,0,1706955.649,16.99,2004,22,6.19,48.6
161678,Active,674538,NA,NA,S,0,0,136209.0413,29.99,1988,161,4,9.24
161679,Active,246655,NA,NA,S,1,0,111556.705,54.95,2010,19,33.02,33.32
161680,Active,649939,NA,NA,S,0,0,55255.45,150,2011,23,52.3,84.46
161681,Active,194117,NA,NA,D,1,0,567213.475,39,2007,179,4,6.53
161682,Active,545661,NA,NA,S,2,1,68714.34125,49,2013,59,10.43,22.83
161683,Active,184341,NA,NA,S,1,0,163859.1263,59.95,1999,41,10.26,34.15
161684,Active,918958,NA,NA,D,1,0,423939.6175,44.99,1986,47,4.48,22.33
161685,Active,649533,NA,NA,S,3,1,15669.44125,49.99,2013,45,30.48,31.49
161686,Active,156569,NA,NA,D,0,0,930439.0488,38.95,1999,37,5.97,16.11
161687,Active,240997,NA,NA,D,2,1,1375765.081,9.89,2002,30,4,9.48
161688,Active,246286,NA,NA,D,2,1,281373.1813,67.95,2006,123,4,31.64
161689,Active,246288,NA,NA,D,2,1,909505.1363,157.95,2006,31,4,65.68
161690,Active,126416,NA,NA,S,1,0,177319.8113,60.95,2003,18,40.54,43.99
161691,Active,2066096,NA,NA,S,0,0,632989.12,4.97,2013,15,6.82,7.92
161692,Active,539797,NA,NA,S,2,1,102568.1425,34.95,2009,41,21.13,24.26
161693,Active,3508127,NA,NA,D,2,1,4026809.9,28.95,1989,10,18.54,181.83
161694,Active,2408049,NA,NA,S,2,1,7482838.263,65,1996,22,5.34,58.53
161695,Active,296605,NA,NA,S,3,1,117986.7938,90,2010,36,36.25,63.33
161696,Active,545620,NA,NA,D,8,1,55672.24125,117.95,2011,53,5.97,33.99
161697,Active,58076,NA,NA,D,6,1,643104.1088,79.95,2005,55,4,11.63
161698,Active,615112,NA,NA,D,7,1,315353.665,119.95,2008,101,4,15.99
161699,Active,632962,NA,NA,S,3,1,932389.845,211,2010,19,20.99,38.97
161700,Active,890262,NA,NA,D,1,0,3660747.634,149.95,2009,9,87.14,84.66
161701,Active,918758,NA,NA,S,0,0,38794.8275,59.99,2000,41,20.47,36.58
161702,Active,635016,NA,NA,S,0,0,962.685,45,2010,100,18.49,23.98
161703,Active,658241,NA,NA,S,0,0,9169.325,49.99,2012,22,22.75,28.49
161704,Active,1856901,NA,NA,S,0,0,71248.15,79.99,2015,11,53.99,50.33
161705,Active,2084120,NA,NA,S,0,0,79124.675,62.99,2013,4,42.74,42.62
161706,Active,192173,NA,NA,S,3,1,274093.2338,29.99,2008,90,11.36,20.17
161707,Active,872166,NA,NA,S,4,1,7869.23125,34.99,2012,37,18.92,19.04
161708,Active,903691,NA,NA,S,2,1,120449.7,46.99,2013,26,25.1,27.05
161709,Active,140332,NA,NA,D,2,1,291218.8688,44.99,2005,66,9.98,9.18
161710,Active,1562780,NA,NA,S,3,1,1850451.854,45.95,2010,15,34.35,39.97
161711,Active,224421,NA,NA,S,5,1,464749.1838,172.95,2002,77,5.63,38.98
161712,Active,808593,NA,NA,D,6,1,1141881.161,297.95,2007,37,4.07,52.21
161713,Active,533902,NA,NA,D,7,1,258349.1688,150.95,2010,49,8.28,56.56
161714,Active,2661501,NA,NA,D,0,0,623269.375,26,1976,25,7.88,23.57
161715,Active,2394615,NA,NA,D,0,0,238452.175,16,1977,70,5.77,10.44
161716,Active,531978,NA,NA,S,3,1,895154.8875,58.95,2011,35,4.38,17.25
161717,Active,614064,NA,NA,D,3,1,388388.4613,69.95,2007,55,5.46,33.94
161718,Active,617284,NA,NA,S,3,1,413763.2638,31.95,2006,63,4.39,7.99
161719,Active,247976,NA,NA,D,0,0,1282460.399,45,2009,46,4,16.06
161720,Active,633255,NA,NA,S,2,1,161117.1763,79.95,2010,46,13.35,58.44
161721,Active,749010,NA,NA,D,2,1,1902291.259,65,2007,27,4,7.64
161722,Active,859422,NA,NA,D,4,1,1473109.078,126.95,2006,23,4.88,42.3
161723,Active,869178,NA,NA,S,5,1,166948.8225,94.08,2012,9,39.18,39.18
161724,Active,298482,NA,NA,D,4,1,594297.7488,334.95,2006,32,6.61,50.89
161725,Active,566325,NA,NA,S,2,1,343064.0088,243.25,1995,30,41.89,163.02
161726,Active,2345430,NA,NA,S,2,1,1851481.608,455.16,1987,19,6.77,53.59
161727,Active,645532,NA,NA,D,0,0,786565.7025,39.95,1993,37,4.15,39.95
161728,Active,566869,NA,NA,S,5,1,411087.2413,58.87,1991,50,5.83,62.83
161729,Active,624273,NA,NA,S,2,1,102062.1775,60,2011,34,16.14,31.49
161730,Active,541754,NA,NA,D,3,1,118008.5075,69.99,2011,29,19.26,28.26
161731,Active,162449,NA,NA,S,2,1,1386408.989,59.99,2008,26,5.86,55.64
161732,Active,538344,NA,NA,S,5,1,906669.2675,50,2013,24,13.51,29.46
161733,Active,2029070,NA,NA,S,2,1,1201647.551,68,2007,36,5.51,23.98
161734,Active,546456,NA,NA,S,3,1,113541.7275,82.99,2014,20,52.93,65.24
161735,Active,265640,NA,NA,D,2,1,831716.5025,84.99,2010,28,4.99,38.98
161736,Active,265628,NA,NA,D,1,0,1552230.526,80,2005,29,4.44,19.81
161737,Active,1996695,NA,NA,S,3,1,45601.375,40,2014,8,39.41,36.81
161738,Active,598764,NA,NA,S,2,1,681684.5425,75,2005,23,13.98,54.48
161739,Active,1740866,NA,NA,S,2,1,365500.965,67,2014,46,13.12,57.29
161740,Active,2635423,NA,NA,D,1,0,488225.7513,54.95,2003,27,4.37,22.22
161741,Active,1615957,NA,NA,S,2,1,581894.9125,59.99,2007,26,30.28,37.4
161742,Active,181901,NA,NA,S,2,1,719314.9963,39.95,2005,52,4,13.26
161743,Active,265670,NA,NA,S,3,1,514427.46,78.35,2004,78,4,25.99
161744,Active,625344,NA,NA,S,2,1,448975.055,54.99,2008,39,9.35,0
161745,Active,637072,NA,NA,S,2,1,1227106.263,61.99,2010,25,18.63,39.18
161746,Active,265747,NA,NA,S,4,1,780282.0913,66.99,2011,31,23.48,51.26
161747,Active,910176,NA,NA,S,3,1,1173703.126,68,2008,34,4,33.98
161748,Active,2109590,NA,NA,S,2,1,419500.7313,29.95,2011,16,40.58,37.72
161749,Active,57025,NA,NA,S,3,1,1543780.329,79.99,2005,56,4.07,11.98
161750,Active,57023,NA,NA,D,4,1,993199.3588,79.99,2007,75,4,14.85
161751,Active,57024,NA,NA,D,5,1,585955.385,80,2010,102,4.05,8.52
161752,Active,702257,NA,NA,D,1,0,952950.7213,105,2011,21,15.55,39.93
161753,Active,660653,NA,NA,S,2,1,321107.9788,105,2013,30,10.81,39.98
161754,Active,902097,NA,NA,S,3,1,375189.1563,40,2015,28,10.85,23.55
161755,Active,633777,NA,NA,S,2,1,513596.7725,40,2012,59,4,8.93
161756,Active,759887,NA,NA,S,1,0,1233551.394,89.5,2001,51,4,15.99
161757,Active,633733,NA,NA,S,2,1,168006.6038,61.95,2013,33,16.81,37.42
161758,Active,557027,NA,NA,D,6,1,25587.875,166.8,2012,61,17.43,91.99
161759,Active,2225563,NA,NA,S,5,1,227135.8188,19.57,2011,19,20.63,32.99
161760,Active,552885,NA,NA,D,4,1,1155459.534,119.8,2006,43,4,7.6
161761,Active,608555,NA,NA,D,2,1,1998899.323,102.95,2001,33,4,15.96
161762,Active,608415,NA,NA,D,3,1,806747.1538,178.95,2005,32,10.55,26.48
161763,Active,248211,NA,NA,S,4,1,375331.3588,39,2011,63,13.83,32.72
161764,Active,229162,NA,NA,S,5,1,909803.5075,42.95,2008,41,4,4
161765,Active,125393,NA,NA,D,2,1,1023598.72,79.95,1996,38,4,44.87
161766,Active,127204,NA,NA,S,3,1,91275.1125,94.95,2009,65,34.54,94.65
161767,Active,533894,NA,NA,D,7,1,499158.8763,107.8,2009,39,4.35,46.07
161768,Active,531970,NA,NA,D,8,1,60332.37625,106,2011,66,8.39,63.94
161769,Active,607921,NA,NA,D,5,1,1821564.963,82.2,2005,36,4,22.29
161770,Active,57198,NA,NA,D,5,1,102326.9088,79.95,2011,65,13.99,55.38
161771,Active,57197,NA,NA,S,3,1,499112.2863,71.95,2003,62,4.17,6.15
161772,Active,789634,NA,NA,D,1,0,961293.67,169.99,2011,25,12.21,0
161773,Active,615326,NA,NA,D,0,0,404364.0688,91.75,2003,70,5.78,11.99
161774,Active,552285,NA,NA,D,0,0,1043281.88,7.47,2004,16,5.95,5.99
161775,Active,639343,NA,NA,S,0,0,58831.60375,101.5,2007,39,19.12,51.68
161776,Active,112152,NA,NA,S,1,0,975550.86,121.5,2002,63,4.97,14.37
161777,Active,707993,NA,NA,S,2,1,259536.4538,95.32,2004,17,17.99,45.99
161778,Active,112248,NA,NA,S,2,1,408594.0875,117,2004,58,6.31,22.91
161779,Active,868074,NA,NA,D,1,0,1342039.615,118,1996,29,5.55,47.35
161780,Active,863605,NA,NA,D,0,0,2738293.531,59.9,2008,12,6.09,0
161781,Active,641271,NA,NA,S,2,1,1405457.49,66,2006,30,18.94,33.99
161782,Active,3472068,NA,NA,D,5,1,3922493.9,76.4,2003,21,4,17.99
161783,Active,607344,NA,NA,D,6,1,669386.2325,92.6,2006,24,9.65,38.94
161784,Active,714020,NA,NA,S,4,1,1791941.678,64,2001,20,4,13.99
161785,Active,628730,NA,NA,D,1,0,451806.5775,99.95,2009,30,17.62,70.36
161786,Active,658134,NA,NA,S,2,1,307879.7888,103,2012,48,12.83,19.45
161787,Active,655271,NA,NA,S,1,0,49160.275,52,2012,20,37.54,41.98
161788,Active,276254,NA,NA,S,8,1,378945.1925,162,2001,26,7.41,117.4
161789,Active,641270,NA,NA,D,10,1,466563.6063,240,2005,31,43.98,73.98
161790,Active,906592,NA,NA,D,7,1,521885.8663,144,2014,24,21.91,85.99
161791,Active,635727,NA,NA,D,6,1,698045.1663,108,2012,18,17.97,47.99
161792,Active,250972,NA,NA,D,5,1,867928.655,41.95,2009,45,4,8.74
161793,Active,268213,NA,NA,D,4,1,2466828.306,57.95,2006,27,4,11.94
161794,Active,2252461,NA,NA,D,5,1,3673477.589,23.45,2008,37,7.48,23.55
161795,Active,537309,NA,NA,D,2,1,1152861.049,218.87,2012,18,16.21,33.94
161796,Active,266256,NA,NA,D,6,1,164276.6575,192.95,2011,62,9.41,43.31
161797,Active,120232,NA,NA,D,2,1,469835.2563,192.2,2011,62,5.98,16.49
161798,Active,609622,NA,NA,D,5,1,429973.75,211.95,2008,73,4,18.24
161799,Active,117088,NA,NA,D,1,0,1109196.891,195.4,2008,50,4.14,10.21
161800,Active,2039355,NA,NA,S,5,1,722105.0225,152,2014,32,20.41,99.98
161801,Active,617126,NA,NA,S,0,0,1092122.73,43,2012,53,3.86,11.94
161802,Active,540458,NA,NA,D,4,1,2577081.594,140,2008,38,4,28.98
161803,Active,616612,NA,NA,S,7,1,1857.155,49.95,2013,170,12.99,26.49
161804,Active,614785,NA,NA,S,4,1,112149.1188,115,2007,54,7.99,43.99
161805,Active,612818,NA,NA,S,5,1,414515.59,41.95,2006,165,4,14.99
161806,Active,889023,NA,NA,D,3,1,1076755.998,95,2013,15,22.99,43.99
161807,Active,193663,NA,NA,D,3,1,976728.7888,152,2009,59,4.94,16.98
161808,Active,775850,NA,NA,D,2,1,2248786.211,137,2006,22,6.93,106.07
161809,Active,2083164,NA,NA,S,0,0,1421769.905,32,2013,27,4.87,32
161810,Active,143620,NA,NA,D,3,1,528399.4988,190,2011,118,4,20.65
161811,Active,614350,NA,NA,D,1,0,166964.9613,210,2011,143,4,20.94
161812,Active,875035,NA,NA,S,3,1,187026.5888,69,2009,17,45.98,53.99
161813,Active,613456,NA,NA,D,4,1,1123072.37,152,2009,43,4.76,5.88
161814,Active,775918,NA,NA,D,3,1,1408911.794,139,2006,26,4.52,10.12
161815,Active,612896,NA,NA,D,2,1,960042.2088,161,2008,55,4.6,15.98
161816,Active,775472,NA,NA,S,4,1,848015.3888,52.75,2001,173,4,15.99
161817,Active,868724,NA,NA,D,2,1,2749121.725,77.46,2008,51,6.55,63.83
161818,Active,621269,NA,NA,D,2,1,1445193.688,88,2008,25,7.63,4.99
161819,Active,143012,NA,NA,D,4,1,3717548.101,125,2005,43,4.12,10.94
161820,Active,875205,NA,NA,S,2,1,511009.9863,23.99,2009,39,10.87,23.99
161821,Active,600796,NA,NA,S,3,1,293043.3038,44,2011,28,12.55,27.99
161822,Active,58371,NA,NA,D,7,1,620030.9125,153,2008,324,4,9.98
161823,Active,574734,NA,NA,S,3,1,1189932.118,154,2008,90,3.9,10.93
161824,Active,613326,NA,NA,D,8,1,42140.34375,225,2012,323,4.49,63.99
161825,Active,545888,NA,NA,S,4,1,246396.4275,230,2012,133,5.1,65.54
161826,Active,143216,NA,NA,D,10,1,299759.4775,225,2009,244,4,27.31
161827,Active,143377,NA,NA,D,10,1,1180059.139,201,2010,65,4.66,5.88
161828,Active,1476292,NA,NA,S,9,1,2311488.2,110,2012,18,6.88,110
161829,Active,663188,NA,NA,S,7,1,337458.23,43,2013,17,27.18,34.99
161830,Active,143182,NA,NA,D,6,1,576714.9375,39,2007,30,4,36.99
161831,Active,738589,NA,NA,D,0,0,1135902.633,75,2012,26,6.35,43.99
161832,Active,143524,NA,NA,D,0,0,1011655.659,75,2011,23,6.44,94.02
161833,Active,600108,NA,NA,D,9,1,3226852.44,153,2007,25,4.49,8.99
161834,Active,600147,NA,NA,D,10,1,1307754.13,213,2010,54,4.36,38.99
161835,Active,271106,NA,NA,D,10,1,997223.1825,209,2011,44,3.84,23.99
161836,Active,776134,NA,NA,S,23,1,1023497.1,37.95,2008,53,3.99,0
161837,Active,560351,NA,NA,D,5,1,590157.4363,205,2009,135,5.96,59.21
161838,Active,623419,NA,NA,S,2,1,540616.305,45,2008,44,4.76,18.99
161839,Active,574761,NA,NA,S,0,0,399075.9563,38.95,2009,69,4.62,0
161840,Active,908610,NA,NA,D,1,0,2123735.705,121,2000,17,4.57,28.99
161841,Active,270040,NA,NA,D,2,1,1192532.509,189,2007,26,12.53,35.48
161842,Active,870671,NA,NA,D,1,0,1675277.356,33.33,2000,20,4,8.99
161843,Active,145534,NA,NA,S,3,1,327673.865,123.95,2009,37,31.5,77.76
161844,Active,607875,NA,NA,D,2,1,1481630.999,102.4,2002,25,4,65.07
161845,Active,1714147,NA,NA,D,5,1,1596893.463,189,2007,22,5.37,60.65
161846,Active,681499,NA,NA,D,0,0,3861.0525,24.99,2007,59,13.37,13.74
161847,Active,118041,NA,NA,S,5,1,92170.79375,131.2,2005,69,15.26,68.9
161848,Active,60178,NA,NA,D,9,1,293242.6,171.95,2007,50,5.21,15.97
161849,Active,132426,NA,NA,S,7,1,176103.1825,223.6,2007,66,5.75,42.74
161850,Active,631714,NA,NA,S,7,1,704028.0213,130,2007,31,29.79,68.99
161851,Active,144854,NA,NA,S,6,1,1134493.278,117.33,2005,29,5.16,38.99
161852,Active,616853,NA,NA,S,6,1,761714.3138,124.8,2006,23,8.29,51.41
161853,Active,132829,NA,NA,S,1,0,35699.775,64.4,2009,45,12.97,49.99
161854,Active,740500,NA,NA,S,6,1,775125.315,80.63,2005,31,10.99,75.19
161855,Active,608883,NA,NA,S,3,1,2353957.564,80,1997,26,4,36.37
161856,Active,144400,NA,NA,S,5,1,3378994.609,89.6,2002,26,4,46.55
161857,Active,670841,NA,NA,D,6,1,5149622.001,111,2006,18,4.65,27.61
161858,Active,287579,NA,NA,S,7,1,304577.5538,170.73,2007,47,9.59,54.73
161859,Active,144857,NA,NA,D,6,1,1992632.55,97.33,2005,39,4.19,11.19
161860,Active,145438,NA,NA,S,6,1,2108335.32,97.33,2006,25,4.78,20.99
161861,Active,144858,NA,NA,S,6,1,2352087.763,97.33,2005,25,4,23.64
161862,Active,132427,NA,NA,S,7,1,183394.4725,170.73,2007,44,8.97,54.09
161863,Active,132428,NA,NA,S,7,1,416652.6038,115.2,2007,39,5.74,38.99
161864,Active,739622,NA,NA,S,5,1,2106677.985,73.33,2002,20,4.71,51.89
161865,Active,132429,NA,NA,S,7,1,425884.4625,115.2,2007,29,12.33,23.99
161866,Active,132430,NA,NA,S,7,1,686221.93,115.2,2007,28,4.68,53.57
161867,Active,534009,NA,NA,D,11,1,1545558.596,112.4,2006,13,7.41,110.67
161868,Active,144340,NA,NA,S,10,1,2441922.309,94.4,2002,39,4,19.27
161869,Active,60181,NA,NA,D,11,1,516455.77,97.33,2005,34,4.86,38.97
161870,Active,60182,NA,NA,D,11,1,648586.1838,107,2005,44,4.47,47.69
161871,Active,132493,NA,NA,S,12,1,44140.34875,171.4,2007,49,54.24,88.99
161872,Active,739506,NA,NA,S,10,1,2080459.613,90.67,2002,32,4,12.82
161873,Active,552336,NA,NA,S,1,0,756962.8213,70.8,2011,59,4,11.99
161874,Active,632015,NA,NA,D,1,0,93335.1225,78.6,2013,104,4,25.99
161875,Active,868104,NA,NA,D,1,0,50736.07125,78.8,2014,76,10.63,27.99
161876,Active,286403,NA,NA,S,1,0,944020.06,68.4,2010,39,5.58,20.62
161877,Active,285414,NA,NA,D,1,0,155637.31,94.48,2010,57,15.76,57.02
161878,Active,609679,NA,NA,D,1,0,3855723.495,69.95,1999,28,4,39.04
161879,Active,664722,NA,NA,S,5,1,96506.305,71.95,2013,31,43.98,53.93
161880,Active,1574893,NA,NA,D,6,1,2020891.305,144.95,2009,10,41.81,19.98
161881,Active,531965,NA,NA,S,7,1,218476.3775,269.95,2012,39,14.29,60.62
161882,Active,877721,NA,NA,D,6,1,7533869.918,5.51,2008,17,4.4,5.51
161883,Active,54117,NA,NA,D,6,1,839124.56,325.95,2007,61,4,8.34
161884,Active,142884,NA,NA,D,2,1,2736366.018,28,2004,23,4,18.99
161885,Active,115164,NA,NA,S,3,1,510097.83,125.8,2000,40,11.21,0
161886,Active,103923,NA,NA,S,1,0,363903.7938,23.66,1996,67,4,23.82
161887,Active,609769,NA,NA,D,6,1,1207136.109,102.95,2005,23,8.64,38.99
161888,Active,609225,NA,NA,D,7,1,854277.5438,99.95,2009,20,18.69,35.55
161889,Active,722027,NA,NA,S,2,1,261654.0275,29.99,2006,54,12.27,23.06
161890,Active,103289,NA,NA,S,0,0,32513.825,39.99,2009,18,34.2,34.14
161891,Active,637671,NA,NA,S,0,0,29677.0975,54.99,2012,41,24.55,25.98
161892,Active,2265610,NA,NA,S,3,1,366979.2438,83.4,2007,23,34.22,71.78
161893,Active,309067,NA,NA,D,2,1,499964.4625,40.73,2007,37,4,40.97
161894,Active,538797,NA,NA,S,3,1,109968.1,45.6,2011,39,32.48,75
161895,Active,607378,NA,NA,D,12,1,485937.65,82.8,2006,53,4,25.99
161896,Active,607455,NA,NA,D,13,1,292573.8313,98.8,2008,45,7.12,80.53
161897,Active,556930,NA,NA,S,14,1,30536.11,140.8,2011,68,48.98,104.85
161898,Active,243891,NA,NA,D,3,1,73350.245,63.95,2011,74,5.01,18.99
161899,Active,169802,NA,NA,D,2,1,717958.1063,66.95,2008,116,4,16.14
161900,Active,169361,NA,NA,S,4,1,277392.9163,232.95,2007,74,13.99,88.98
161901,Active,123950,NA,NA,D,3,1,1319029.023,237.95,2002,33,4,8.79
161902,Active,2397600,NA,NA,D,2,1,1767104.628,78.95,1998,36,4,33.94
161903,Active,178061,NA,NA,S,3,1,193288.7988,184.95,2005,47,23.99,53.56
161904,Active,647637,NA,NA,S,1,0,118511.5163,92.95,2013,39,16.9,76.28
161905,Active,293760,NA,NA,D,1,0,180120.2513,93,2007,38,5.5,77.6
161906,Active,248242,NA,NA,S,2,1,24645.13625,108,2011,52,23.99,62.34
161907,Active,2366667,NA,NA,D,0,0,2512366.175,73.33,2003,16,26.6,82.67
161908,Active,545494,NA,NA,S,2,1,676307.7725,50.95,2012,23,14.37,35.11
161909,Active,2566367,NA,NA,S,3,1,975765.0375,65,1999,31,8.11,23.86
161910,Active,868167,NA,NA,D,3,1,1222105.255,61.18,1988,37,4,41.96
161911,Active,606709,NA,NA,D,4,1,479591.0875,144.95,1995,63,5.48,72.87
161912,Active,2568549,NA,NA,D,1,0,851052.645,0,1962,27,12.66,83.86
161913,Active,290415,NA,NA,S,3,1,35467.09125,137.5,1998,92,45.99,63.99
161914,Active,2571610,NA,NA,D,1,0,2830988.985,65.09,1993,16,4.99,68.67
161915,Active,903208,NA,NA,D,1,0,3734366.866,115.95,2000,19,36.76,73.78
161916,Active,3272758,NA,NA,D,1,0,1407932.72,69.94,2004,39,6.17,27.42
161917,Active,917000,NA,NA,D,1,0,1266653.57,45.95,2003,32,4,8.98
161918,Active,2421624,NA,NA,D,1,0,1139281.518,0,1950,30,8.6,63.99
161919,Active,1586878,NA,NA,S,1,0,325148.2038,74.99,2006,32,29.79,53.97
161920,Active,675438,NA,NA,S,0,0,113571.59,24.99,1997,62,4.5,0
161921,Active,53938,NA,NA,D,6,1,105298.9588,101,2009,64,4.44,13.99
161922,Active,53939,NA,NA,D,7,1,55989.3025,107,2011,74,5.66,43.94
161923,Active,53936,NA,NA,S,4,1,568685.4725,77.4,2003,59,4,51.04
161924,Active,617591,NA,NA,S,3,1,2565439.681,66.56,2000,48,4.35,49.28
161925,Active,877517,NA,NA,D,9,1,530202.3788,82.41,2010,33,13.6,58.58
161926,Active,877573,NA,NA,S,5,1,2245686.21,41.25,1994,55,4.4,26.97
161927,Active,56516,NA,NA,D,8,1,173671.9975,79.95,2006,90,4,23.99
161928,Active,56517,NA,NA,D,9,1,30439.505,94.95,2010,92,9.64,33.93
161929,Active,110769,NA,NA,D,5,1,361638.9775,116.19,2007,38,4.99,59.78
161930,Active,56515,NA,NA,S,7,1,220042.4363,71.95,2002,80,4,43.91
161931,Active,606872,NA,NA,D,4,1,151440.0625,28.73,2003,49,4.31,22.99
161932,Active,555370,NA,NA,S,4,1,35853.35375,112.95,1998,60,29.98,63.89
161933,Active,911083,NA,NA,D,5,1,736372.6388,80,2007,37,8.27,42.45
161934,Active,184348,NA,NA,D,1,0,873358.1013,44.95,2002,33,4,131.46
161935,Active,246552,NA,NA,D,2,1,234739.2738,54.95,2011,38,4.4,24.57
161936,Active,531961,NA,NA,S,3,1,17730.9925,55.95,2012,65,20.65,34.48
161937,Active,550015,NA,NA,D,4,1,1845770.416,98,2003,44,4,29.15
161938,Active,177833,NA,NA,S,3,1,99172.49625,121.95,2005,30,22.89,65.99
161939,Active,607550,NA,NA,S,2,1,1609853.773,64.95,1999,51,4.48,48.88
161940,Active,115042,NA,NA,S,3,1,245877.27,240.2,2000,35,6.44,57.25
161941,Active,868058,NA,NA,D,5,1,825931.9325,96,1999,25,4,55.09
161942,Active,617185,NA,NA,D,3,1,309594.7563,37.95,2004,41,4,23.98
161943,Active,262800,NA,NA,S,4,1,56264.36625,51.95,2011,45,27.74,47.78
161944,Active,116730,NA,NA,S,3,1,76579.8675,191,1995,68,9.94,71.09
161945,Active,873297,NA,NA,D,2,1,896602.7325,34.51,1990,23,4,43.99
161946,Active,2396796,NA,NA,S,5,1,350660.975,211.95,1993,30,30.67,114.41
161947,Active,178056,NA,NA,D,6,1,167475.3138,224.95,2004,58,4.39,47.99
161948,Active,169870,NA,NA,D,7,1,24781.5525,212.95,2010,53,38.33,108.72
161949,Active,262788,NA,NA,S,4,1,60452.41375,54.95,2011,56,34.52,49.04
161950,Active,129384,NA,NA,S,3,1,30731.925,49.95,2010,62,12.91,39.9
161951,Active,126227,NA,NA,D,1,0,288148.4713,59.95,2001,64,4.8,38.98
161952,Active,3272702,NA,NA,D,1,0,952556.6275,40.68,2002,37,7.86,38.79
161953,Active,129469,NA,NA,S,2,1,95475.535,49.95,2011,56,19.99,34.47
161954,Active,101187,NA,NA,S,4,1,716955.8188,61.95,1996,50,4,48.99
161955,Active,243971,NA,NA,D,7,1,41214.6425,177.95,2011,80,37.39,123.95
161956,Active,169615,NA,NA,D,6,1,244043.3538,187.95,2008,48,14.98,602.76
161957,Active,60184,NA,NA,D,5,1,119040.7988,214.95,2003,66,3.98,45.4
161958,Active,2618153,NA,NA,D,2,1,3749060.155,26.95,1990,16,4,10.44
161959,Active,228968,NA,NA,D,7,1,93419.9,44,2007,75,5.13,46.9
161960,Active,546686,NA,NA,S,8,1,17246.0775,54,2012,62,22.94,53.98
161961,Active,228918,NA,NA,D,6,1,118376.985,38.95,2002,46,4.13,63.35
161962,Active,1988796,NA,NA,S,0,0,83056.175,54.99,2013,11,41.94,48.83
161963,Active,50615,NA,NA,D,5,1,90899.62625,105.2,2010,43,13.98,87.05
161964,Active,50616,NA,NA,D,3,1,2354001.923,76.8,2003,39,4,4.1
161965,Active,50617,NA,NA,D,4,1,634295.46,89.4,2006,91,4,15.44
161966,Active,110366,NA,NA,D,6,1,171746.5425,21.74,2007,58,4,21.73
161967,Active,60185,NA,NA,D,5,1,1683058.929,9.99,2004,40,4,9.99
161968,Active,119102,NA,NA,D,1,0,520221.4513,69.99,2009,34,4.72,8.99
161969,Active,119278,NA,NA,S,2,1,16422.8425,79.2,2011,45,45.99,56.69
161970,Active,120307,NA,NA,D,1,0,520603.9788,65.99,2007,54,4.76,36.63
161971,Active,241727,NA,NA,D,0,0,149334.055,58,2004,133,4,5.96
161972,Active,116125,NA,NA,D,2,1,884797.1313,124.2,2005,51,4,11.94
161973,Active,55403,NA,NA,D,4,1,836591.1325,70.8,2004,92,4,6.69
161974,Active,2054483,NA,NA,D,0,0,1892130.97,30,2014,5,27.58,26.19
161975,Active,256336,NA,NA,S,0,0,381101.9425,54.95,2007,31,22.88,50.61
161976,Active,55404,NA,NA,D,5,1,230216.8413,89.4,2007,77,4,20.33
161977,Active,194911,NA,NA,S,3,1,293764.815,59.95,2003,37,5.7,26.69
161978,Active,800848,NA,NA,D,2,1,5687819.481,40.95,2006,25,4.32,48.92
161979,Active,405773,NA,NA,D,3,1,5181270.785,52.46,1999,27,4,7.47
161980,Active,873426,NA,NA,D,2,1,2705866.255,41,1996,40,4,19.57
161981,Active,279552,NA,NA,S,2,1,65739.795,42.95,2009,68,18.98,0
161982,Active,239706,NA,NA,D,0,0,323255.0875,27.95,2003,84,4,0
161983,Active,664789,NA,NA,S,3,1,173587.8963,73.95,2013,18,46.94,0
161984,Active,249480,NA,NA,S,2,1,10747.185,29.95,2012,69,13.57,0
161985,Active,539540,NA,NA,S,2,1,207344.6313,36,2013,105,14.65,24.11
161986,Active,58345,NA,NA,S,1,0,99553.10375,28.4,2004,91,4,9.85
161987,Active,344198,NA,NA,D,3,1,1028373.228,7.99,2006,69,4,6.56
161988,Active,402961,NA,NA,D,0,0,1600115.199,62.67,2005,36,4,6.22
161989,Active,58073,NA,NA,D,2,1,365782.1375,84,2006,62,4,25.38
161990,Active,531958,NA,NA,S,2,1,307945.6,74.4,2009,37,43.21,56.8
161991,Active,339894,NA,NA,D,4,1,122172.2338,62.02,2009,68,4.94,42.03
161992,Active,1465112,NA,NA,S,2,1,1658296.014,45,2013,12,42.76,42.21
161993,Active,54761,NA,NA,D,8,1,71870.24375,78,2008,112,4,14.98
161994,Active,54760,NA,NA,D,7,1,699103.0463,61.33,2005,99,4,6.26
161995,Active,132509,NA,NA,D,8,1,90831.2875,80.4,2008,62,9.97,23.8
161996,Active,132020,NA,NA,D,7,1,361534.7413,66.8,2005,79,4,9.49
161997,Active,373767,NA,NA,S,0,0,17393.9975,25.95,2003,217,4,8.97
161998,Active,649572,NA,NA,S,5,1,480339.965,133.95,2013,17,48.98,0
161999,Active,287536,NA,NA,S,1,0,595504.7488,72.2,2005,33,9.19,58.45
162000,Active,658685,NA,NA,S,2,1,482174.3088,61.8,2013,27,40.86,57.59
162001,Active,108040,NA,NA,D,10,1,672103.42,39,2003,30,4.81,37.73
162002,Active,402492,NA,NA,D,11,1,899419.9038,97.09,2008,26,14.57,96.35
162003,Active,228750,NA,NA,S,3,1,245769.93,28.95,2008,59,5.25,94.61
162004,Active,51257,NA,NA,D,9,1,164551.1838,231.95,2010,46,23.99,119.37
162005,Active,51259,NA,NA,D,8,1,1256259.071,130.95,2005,64,4,11.61
162006,Active,56901,NA,NA,D,5,1,63882.7525,52.6,2010,61,15.66,29.98
162007,Active,56903,NA,NA,D,4,1,305364.54,39.99,2006,86,4,6.71
162008,Active,552958,NA,NA,S,1,0,2484.825,49.99,2008,32,28.98,31
162009,Active,2253803,NA,NA,D,4,1,3188368.129,16.14,2007,44,7.47,17.62
162010,Active,615640,NA,NA,D,4,1,736987.1888,69,2007,32,4,13.06
162011,Active,2604285,NA,NA,D,3,1,863585.4088,72.5,2004,7,32.54,32.6
162012,Active,655367,NA,NA,S,2,1,34402.675,35.75,2012,36,18.34,24.58
162013,Active,2598922,NA,NA,S,2,1,1243247.549,24,1993,59,4,7.98
162014,Active,649763,NA,NA,S,4,1,14436.74625,35.75,2012,65,18.77,25.86
162015,Active,859237,NA,NA,S,2,1,103760.2488,110.95,2005,53,33.83,70.42
162016,Active,602262,NA,NA,D,3,1,246696.6438,29.95,2008,33,6.48,16.94
162017,Active,896823,NA,NA,S,4,1,82933.05375,45,2014,25,31.15,32.43
162018,Active,2698365,NA,NA,D,1,0,1458934.64,83.95,2002,40,6.99,18.98
162019,Active,2249927,NA,NA,D,2,1,2426797.571,57.98,2007,43,9.53,30
162020,Active,617168,NA,NA,D,2,1,521185.1163,221.95,2007,75,7.24,12.48
162021,Active,231481,NA,NA,S,0,0,286665.8575,34.95,2004,30,6.34,33.99
162022,Active,822643,NA,NA,S,0,0,356613.455,27.95,2003,60,4,10.1
162023,Active,194524,NA,NA,S,0,0,576583.7613,34.95,2004,34,4,28.69
162024,Active,231505,NA,NA,S,0,0,426807.395,34.95,2004,45,4,34.91
162025,Active,663714,NA,NA,S,2,1,17802.625,34.95,2013,19,23.94,23.99
162026,Active,652523,NA,NA,S,2,1,133964.5913,34.95,2012,33,17.12,23.99
162027,Active,900431,NA,NA,S,0,0,534167.9225,34.95,2008,30,10.19,59.9
162028,Active,469455,NA,NA,S,8,1,410156.9625,34.95,2008,37,13.87,48.81
162029,Active,469454,NA,NA,S,8,1,719711.555,27.95,2008,32,13.38,89.93
162030,Active,469465,NA,NA,S,2,1,24367.32,34.95,2012,42,15.49,22.31
162031,Active,231476,NA,NA,S,0,0,208561.0675,34.95,2008,46,5.62,51.68
162032,Active,542654,NA,NA,S,2,1,161837.6788,34.95,2012,36,14.26,23.45
162033,Active,531948,NA,NA,D,3,1,1372102.664,105.99,2009,26,4,20.97
162034,Active,868540,NA,NA,S,2,1,68478.2375,81.95,2015,29,34.79,34.8
162035,Active,164897,NA,NA,S,3,1,629555.0163,75,1999,70,4,0
162036,Active,194070,NA,NA,S,2,1,483178.355,55,2006,45,4,21.49
162037,Active,161906,NA,NA,S,3,1,35253.12,16.99,2007,89,7.9,125.42
162038,Active,531947,NA,NA,S,4,1,4411.485,18.99,2012,83,4,9.9
162039,Active,1568752,NA,NA,S,7,1,24577.8125,19.99,2010,31,12.67,13.98
162040,Active,675534,NA,NA,S,2,1,711061.3363,26.99,2009,57,4,62.15
162041,Active,637851,NA,NA,S,2,1,476767.9063,32.99,2011,59,4,0
162042,Active,1777647,NA,NA,S,2,1,318038.3713,23.99,2013,71,4,8.78
162043,Active,1871223,NA,NA,D,0,0,832709.54,147,2009,27,4.73,60
162044,Active,637587,NA,NA,S,1,0,90625.39,100,2013,34,33.74,0
162045,Active,3018975,NA,NA,D,1,0,5673223.33,50,1991,11,5.99,125.21
162046,Active,569059,NA,NA,S,2,1,1025606.748,79.99,2007,64,4.97,54.86
162047,Active,269435,NA,NA,S,2,1,442777.6263,52.5,2009,29,6.95,28.21
162048,Active,115318,NA,NA,D,2,1,1660641.789,101,2001,42,4,44.53
162049,Active,293851,NA,NA,D,1,0,503534.18,124.95,2007,33,6.48,47.71
162050,Active,477734,NA,NA,D,2,1,349448.515,176.95,2011,52,5.99,31.91
162051,Active,1718466,NA,NA,S,1,0,53279.025,80,2014,20,38.55,42.39
162052,Active,294141,NA,NA,S,7,1,641503.2325,64.95,2003,40,6.61,23.99
162053,Active,147473,NA,NA,D,2,1,54853.74625,79.95,2007,169,4.18,36.64
162054,Active,868265,NA,NA,S,3,1,11895.14375,52.95,2015,22,36.32,37.69
162055,Active,147472,NA,NA,D,1,0,95289.9625,52.95,2009,57,7.64,60.17
162056,Active,259291,NA,NA,D,1,0,1040577.891,161.95,2004,22,12.97,60.4
162057,Active,196648,NA,NA,D,2,1,864106.86,115,2004,25,18.26,73.23
162058,Active,531944,NA,NA,S,4,1,92409.41375,29.95,2012,28,21.99,26.74
162059,Active,2551179,NA,NA,D,3,1,628417.4425,54.95,1997,20,18.09,72.03
162060,Active,147143,NA,NA,D,2,1,135344.0413,119,2005,24,37.69,58.99
162061,Active,203795,NA,NA,S,1,0,35865.2,77.99,2007,24,46.69,54.67
162062,Active,531943,NA,NA,S,5,1,327730.865,69.95,2012,24,43.82,48.65
162063,Active,536043,NA,NA,D,6,1,499412.095,210.99,2009,49,8.96,25
162064,Active,609185,NA,NA,D,5,1,1392290.479,199,2005,47,5.48,18.75
162065,Active,203514,NA,NA,S,6,1,1138188.168,46.95,2002,25,4,48.25
162066,Active,204059,NA,NA,D,7,1,1109121.894,59.95,2006,34,4,13.99
162067,Active,648612,NA,NA,S,2,1,593539.195,47,2011,21,7.94,37.99
162068,Active,904140,NA,NA,S,5,1,1092104.251,74.95,1994,28,8.45,86.96
162069,Active,788146,NA,NA,D,2,1,2651096.921,162.95,2000,26,3.99,36.92
162070,Active,245217,NA,NA,D,3,1,419853.5475,257.95,2005,35,6.39,43.98
162071,Active,621141,NA,NA,D,1,0,1159163.769,108,2002,33,27.28,62.99
162072,Active,210982,NA,NA,S,5,1,81448.1825,54.95,2007,82,9.24,25.98
162073,Active,743398,NA,NA,D,2,1,3313618.018,32.95,2001,21,4,28.97
162074,Active,147449,NA,NA,S,3,1,72001.835,45.95,2006,84,11.97,38.3
162075,Active,2030874,NA,NA,S,2,1,2724138.33,179,2006,26,11.98,18.78
162076,Active,896902,NA,NA,S,3,1,56186.27,66.95,2014,21,48.98,56.85
162077,Active,2275440,NA,NA,S,3,1,1110829,47.15,1900,50,6.9,43.88
162078,Active,203861,NA,NA,D,3,1,440202.5363,67.95,2008,69,4.75,28.99
162079,Active,609167,NA,NA,D,2,1,3440303.059,53.95,2004,45,4,13.69
162080,Active,531940,NA,NA,S,4,1,34263.83625,78.99,2012,66,31.99,41.21
162081,Active,127599,NA,NA,S,2,1,57423.72875,67,2010,34,26.58,55.79
162082,Active,237844,NA,NA,D,2,1,315843.955,71.95,2003,48,4,44.29
162083,Active,152518,NA,NA,S,3,1,393412.6375,99,2009,43,24.84,0
162084,Active,261264,NA,NA,S,2,1,1509271.955,65,1997,31,4,19.58
162085,Active,595505,NA,NA,S,3,1,498399.37,52,2012,20,41.1,30
162086,Active,147301,NA,NA,D,6,1,451129.355,87.95,2008,45,4.49,18.99
162087,Active,61230,NA,NA,S,4,1,557418.4575,57.95,1998,53,4,23.88
162088,Active,193052,NA,NA,D,5,1,175113.7575,74.95,2003,40,5.51,36.99
162089,Active,299388,NA,NA,D,1,0,1088463.186,182.95,1998,57,4,47.36
162090,Active,3503798,NA,NA,D,2,1,3858416,199,1997,13,8.51,136.48
162091,Active,3503799,NA,NA,D,1,0,3516395.2,199,1993,21,5.7,52.31
162092,Active,531938,NA,NA,D,4,1,411105.5375,49.95,2008,29,6.29,43.99
162093,Active,159501,NA,NA,D,3,1,3043450.349,53.95,2004,23,4.28,69.99
162094,Active,661941,NA,NA,S,5,1,440087.5113,52.95,2013,23,18.54,32.84
162095,Active,192425,NA,NA,S,5,1,983058.805,42.95,2004,62,4,18.99
162096,Active,533282,NA,NA,D,7,1,32341.865,84.95,2012,157,7.14,27.94
162097,Active,609569,NA,NA,S,5,1,1352364.748,52.95,2004,88,4,9.75
162098,Active,58070,NA,NA,D,6,1,478673.88,70.95,2008,204,4,9.99
162099,Active,54877,NA,NA,S,3,1,1528822.546,45.95,2004,53,4,8.99
162100,Active,271003,NA,NA,D,5,1,72487.38,81.99,2011,100,5.96,11.77
162101,Active,54878,NA,NA,D,4,1,387300.4813,57.95,2008,73,4,12.37
162102,Active,531937,NA,NA,D,4,1,875870.5775,264.99,2008,36,62.28,79.98
162103,Active,888161,NA,NA,D,0,0,2155396.635,139,2005,14,91.43,172.53
162104,Active,774896,NA,NA,S,2,1,3081334.476,289,2000,20,4.73,62.65
162105,Active,3483275,NA,NA,S,2,1,517609,149.95,2016,0,0,137.3
162106,Active,531936,NA,NA,S,3,1,670402.035,35.95,2010,28,9.99,33.99
162107,Active,603483,NA,NA,S,4,1,25853.965,36.95,2014,27,26.47,26.99
162108,Active,167038,NA,NA,D,1,0,193935.6913,72,2006,32,29.99,33.39
162109,Active,661050,NA,NA,S,1,0,187431.0638,40,2012,18,35.95,35.9
162110,Active,531934,NA,NA,S,2,1,1254097.33,50.95,2010,25,30.39,33.97
162111,Active,910205,NA,NA,D,3,1,1400925.416,133,2005,22,5.26,48.31
162112,Active,2699145,NA,NA,S,2,1,1651892.278,46.95,2003,31,6.12,39.22
162113,Active,531933,NA,NA,D,6,1,300330.9675,102.99,2009,68,8.98,42.47
162114,Active,203630,NA,NA,D,5,1,663511.0363,87.95,2004,69,4.51,10.87
162115,Active,774570,NA,NA,D,1,0,6599810.501,71,1998,19,4,48.11
162116,Active,897984,NA,NA,D,2,1,4822404.544,123,2005,18,6.52,13.64
162117,Active,631631,NA,NA,D,1,0,688558.51,37.95,2009,38,4.23,0
162118,Active,147223,NA,NA,S,1,0,1655324.484,29.95,2007,40,4,10
162119,Active,542565,NA,NA,D,5,1,622258.375,38.95,2005,51,4,10.08
162120,Active,871192,NA,NA,S,8,1,20307.94,49.95,2015,29,28.98,31.74
162121,Active,618277,NA,NA,D,6,1,152967.9838,41.95,2009,62,4,11.21
162122,Active,593990,NA,NA,D,7,1,51695.05625,49.95,2012,147,12.85,23.98
162123,Active,608013,NA,NA,S,7,1,158022.8925,39.95,2007,89,4,0
162124,Active,243863,NA,NA,S,2,1,278234.3038,88.95,2011,25,13.83,72.27
162125,Active,591322,NA,NA,D,1,0,340525.7988,53.95,2005,23,11.53,62.69
162126,Active,202827,NA,NA,D,2,1,833111.5738,182.95,2000,31,7.11,13.36
162127,Active,640934,NA,NA,D,1,0,1233503.144,96.95,1996,15,4,23.94
162128,Active,644094,NA,NA,D,1,0,1191641.241,125,2006,22,29.95,0
162129,Active,674137,NA,NA,S,6,1,442682.8688,29.95,2009,165,4,4
162130,Active,627857,NA,NA,D,7,1,33578.47,38.95,2013,163,6.28,23.72
162131,Active,924442,NA,NA,S,8,1,10072.0625,51.95,2015,34,31.24,32.97
162132,Active,618548,NA,NA,D,7,1,324322.2075,31.95,2012,98,4.35,15.98
162133,Active,200402,NA,NA,S,4,1,515475.475,125.95,2008,61,4,12.13
162134,Active,576603,NA,NA,S,3,1,2186623.86,65.95,2004,27,4,12.78
162135,Active,702259,NA,NA,S,1,0,87144.5,105,2013,21,19.95,23.39
162136,Active,834911,NA,NA,D,3,1,968969.475,159,1996,27,5.89,55.7
162137,Active,248777,NA,NA,D,21,1,884379.14,169,2006,37,19.19,73.64
162138,Active,192665,NA,NA,S,19,1,2202066.404,99,1996,44,4.65,63.47
162139,Active,636337,NA,NA,D,2,1,2007080.253,139,2006,22,4.74,46.77
162140,Active,656386,NA,NA,S,3,1,903490.7063,99.95,2013,20,37.89,52.66
162141,Active,52456,NA,NA,D,0,0,3111045.846,67.95,2003,67,3.99,8.99
162142,Active,637906,NA,NA,D,1,0,860370.17,49.95,1993,18,5.95,54.21
162143,Active,743142,NA,NA,D,6,1,2465194.969,54.95,1998,24,4,15.45
162144,Active,147374,NA,NA,D,7,1,757232.99,80.95,2006,27,9.82,38.99
162145,Active,106040,NA,NA,S,2,1,981432.7313,80,2004,27,15.1,64
162146,Active,540975,NA,NA,S,8,1,154034.2138,79.95,2012,32,26.99,50.14
162147,Active,2664004,NA,NA,D,0,0,11561050.25,28.32,1989,18,4,28.32
162148,Active,203616,NA,NA,S,3,1,320072.025,82.99,2007,60,18.79,53.59
162149,Active,635778,NA,NA,D,1,0,1503768.651,49.95,1996,16,7,69.49
162150,Active,218478,NA,NA,S,2,1,390617.9,49.95,1998,51,4,48.43
162151,Active,882200,NA,NA,D,1,0,5262851.648,99,1995,9,87.79,94.97
162152,Active,620556,NA,NA,D,2,1,380054.9988,39.95,1991,49,4,31.54
162153,Active,2408131,NA,NA,D,2,1,5391006.981,49.99,1996,14,6.39,49.99
162154,Active,577355,NA,NA,S,3,1,774868.0725,92.99,2005,26,32.17,47.61
162155,Active,534733,NA,NA,S,5,1,86681.30625,59.99,2012,39,16.17,37.02
162156,Active,287090,NA,NA,S,3,1,1390473.073,47.95,2006,19,33.89,43.72
162157,Active,531929,NA,NA,D,4,1,243858.945,51.99,2005,109,4,8.99
162158,Active,105824,NA,NA,S,5,1,778561.6238,29.95,2002,49,3.99,19.89
162159,Active,569714,NA,NA,S,2,1,179424.0963,106.95,2002,47,4.64,49.53
162160,Active,908447,NA,NA,S,4,1,2030075.335,50.95,2001,19,6.38,51.67
162161,Active,626646,NA,NA,S,3,1,38832.475,102,2013,38,32.14,51.78
162162,Active,194138,NA,NA,D,2,1,121772.4525,89,2008,64,4.27,18.89
162163,Active,895523,NA,NA,D,2,1,4712010.985,149,2005,12,4.98,24.49
162164,Active,774484,NA,NA,D,0,0,1905586.954,345,2005,20,7.63,49.71
162165,Active,574535,NA,NA,D,3,1,2788411.554,57.95,1995,24,4.38,42.48
162166,Active,3072468,NA,NA,D,4,1,1112218.513,35.95,2002,27,6.98,20.43
162167,Active,3072490,NA,NA,D,5,1,1988890.496,39.95,2004,26,4.67,30
162168,Active,657845,NA,NA,S,7,1,50830.29875,61.99,2012,54,28.17,30.48
162169,Active,623987,NA,NA,D,1,0,700624.9975,114,2004,34,5.97,60.86
162170,Active,431900,NA,NA,D,2,1,688356.6013,199,2002,36,5.07,23.94
162171,Active,366535,NA,NA,D,3,1,974507.6775,140.95,2008,31,5.17,44.72
162172,Active,241540,NA,NA,D,4,1,402029.9975,80.95,2003,52,9.95,23.94
162173,Active,241539,NA,NA,S,3,1,1458155.843,60,1999,26,4.73,63.97
162174,Active,622419,NA,NA,D,6,1,896346.8113,139,1999,41,4.88,26.99
162175,Active,203656,NA,NA,D,7,1,240675.4513,189,2004,35,4.98,32.77
162176,Active,3504310,NA,NA,D,6,1,3755260.55,145,2002,29,5.98,35.99
162177,Active,561658,NA,NA,D,7,1,1934361.068,204.95,2007,23,4,22.99
162178,Active,867595,NA,NA,S,13,1,57377.89,51.99,2013,50,20.96,28.99
162179,Active,553544,NA,NA,S,7,1,809611.2038,39.6,2009,32,4,16.57
162180,Active,531924,NA,NA,S,9,1,581056.5725,38.2,2011,37,4,13.99
162181,Active,910258,NA,NA,D,5,1,1553942.784,46.08,2011,46,11.91,67.84
162182,Active,57709,NA,NA,S,9,1,126839.1088,38,2011,39,13.97,27.99
162183,Active,261368,NA,NA,D,3,1,348024.2575,85,2002,59,4,65.63
162184,Active,203501,NA,NA,D,3,1,3767370.304,39.95,2003,17,4,12.49
162185,Active,789649,NA,NA,D,4,1,2087247.954,46.5,2008,23,4.35,11.99
162186,Active,2662944,NA,NA,D,2,1,6752074.226,75,1991,20,4.16,18.59
162187,Active,534347,NA,NA,S,2,1,2295434.661,60,1993,59,4,8.98
162188,Active,57227,NA,NA,D,3,1,589606.6325,75,2001,77,4,8.99
162189,Active,864596,NA,NA,S,5,1,7498.275,90,2014,32,99.95,53.96
162190,Active,57228,NA,NA,D,4,1,64868.525,85,2007,56,11.98,43.96
162191,Active,663253,NA,NA,S,20,1,662264.6613,94,2013,32,49.35,120.99
162192,Active,233592,NA,NA,D,17,1,1620579.659,68,2007,14,5.84,26
162193,Active,858611,NA,NA,D,3,1,1428281.401,69,1997,45,4.21,28.94
162194,Active,210852,NA,NA,D,4,1,327905.3613,83.95,2001,45,6.48,51.99
162195,Active,501164,NA,NA,D,4,1,29533.8875,73.95,2012,35,36.31,51.49
162196,Active,58065,NA,NA,S,1,0,750761.3363,46.95,1999,29,10.74,27.9
162197,Active,505930,NA,NA,S,5,1,162726.1525,116.99,2011,58,38.14,75.26
162198,Active,607827,NA,NA,D,3,1,3279525.705,63.95,1998,28,4,45.28
162199,Active,577362,NA,NA,D,4,1,712755.7888,96.95,2004,24,8.86,23.98
162200,Active,894238,NA,NA,D,2,1,5521747.459,173.5,1991,14,5.11,64.81
162201,Active,658954,NA,NA,D,2,1,671980.4438,238,2004,19,136.34,226.98
162202,Active,789112,NA,NA,D,4,1,3444513.391,210,2002,22,11.48,73.64
162203,Active,534279,NA,NA,S,2,1,1606239.298,59.95,2003,53,4,21.38
162204,Active,897816,NA,NA,D,1,0,4476071.235,114.99,1999,19,4,44.71
162205,Active,1593584,NA,NA,D,1,0,870886.0688,130,2008,28,42.18,64.1
162206,Active,200164,NA,NA,D,2,1,329951.2588,100.95,2006,57,4,11.09
162207,Active,542903,NA,NA,S,3,1,115341.72,102.95,2014,31,33.74,41.63
162208,Active,1755163,NA,NA,S,2,1,964683.825,79.99,2011,27,8.79,59.54
162209,Active,652561,NA,NA,S,4,1,380685.7513,78.99,2012,18,33.51,73.7
162210,Active,60186,NA,NA,D,3,1,354111.1075,13.98,2002,74,4,13.98
162211,Active,663333,NA,NA,S,2,1,40471.6825,45,2013,33,42.85,26
162212,Active,654860,NA,NA,D,1,0,755133.82,41,2005,27,6.53,17.94
162213,Active,56752,NA,NA,S,5,1,18368.27375,54.95,2011,132,28.99,40.58
162214,Active,56751,NA,NA,D,4,1,577821.5613,44.95,2006,93,4,14.87
162215,Active,658016,NA,NA,S,4,1,262479.1038,63.99,2013,40,21.79,51.61
162216,Active,217787,NA,NA,D,3,1,925983.1138,67.99,2006,46,4.36,51.05
162217,Active,423062,NA,NA,D,2,1,157394.19,147.6,2010,47,9.83,60.98
162218,Active,551658,NA,NA,D,0,0,858629.6288,107.4,2006,43,4.3,48.86
162219,Active,390065,NA,NA,D,0,0,1385970.616,0,2004,11,5.98,0
162220,Active,617982,NA,NA,D,1,0,1152749.498,209,2008,16,5.39,32.49
162221,Active,203419,NA,NA,S,3,1,371159.5763,105.99,2006,33,40.27,44.89
162222,Active,869966,NA,NA,D,0,0,739480.9913,69.95,1994,20,6.27,47.53
162223,Active,392736,NA,NA,D,2,1,274282.1338,69.95,2006,29,4.98,49.45
162224,Active,3797399,NA,NA,D,3,1,748435.05,43.95,2012,17,38.62,39.95
162225,Active,147609,NA,NA,D,6,1,96446.05625,104,2010,64,11.06,27.99
162226,Active,147167,NA,NA,D,5,1,840069.1463,82.95,2005,72,4,23.88
162227,Active,700564,NA,NA,D,1,0,2526606.936,120,2004,26,4,88
162228,Active,660477,NA,NA,D,2,1,882866.3488,130,2006,30,4,41.44
162229,Active,788841,NA,NA,D,2,1,3289118.528,69.95,1999,22,4.14,51.33
162230,Active,916200,NA,NA,D,3,1,1117236.108,94.99,2008,28,27.64,53.99
162231,Active,700047,NA,NA,D,4,1,1753492.084,49.95,2002,26,4,29.29
162232,Active,598679,NA,NA,D,1,0,812834.5513,64,2010,20,32.23,32.24
162233,Active,265317,NA,NA,D,1,0,763405.2213,96,2007,19,4.93,33.94
162234,Active,577443,NA,NA,D,3,1,1696335.236,82.99,2008,25,9.29,26.89
162235,Active,286102,NA,NA,D,3,1,73764.26625,137.2,2009,49,13.98,53.61
162236,Active,245233,NA,NA,D,4,1,657162.3413,177.95,2005,34,4.3,29.65
162237,Active,664341,NA,NA,S,6,1,4777.1775,36.95,2014,56,21.83,25.28
162238,Active,57003,NA,NA,D,4,1,103067.9688,32.95,2009,202,4,12.24
162239,Active,57002,NA,NA,D,5,1,183304.4613,34.95,2011,117,5.98,18.99
162240,Active,57001,NA,NA,D,3,1,553876.6538,25.95,2004,165,4,9.76
162241,Active,888080,NA,NA,D,2,1,5421964.118,149,2004,10,28.92,80.31
162242,Active,577331,NA,NA,D,5,1,1547462.379,54.95,2001,34,4,33.48
162243,Active,577439,NA,NA,S,7,1,104826.4975,85.99,2009,95,28.64,42.48
162244,Active,609187,NA,NA,D,6,1,626672.9063,65,2005,29,6.7,12.49
162245,Active,586346,NA,NA,S,3,1,247759.3,22.95,2005,51,5.8,13.76
162246,Active,700014,NA,NA,S,5,1,1783338.229,39.95,2002,40,4,50.73
162247,Active,701480,NA,NA,S,7,1,773516.57,62,2009,34,5.2,23.94
162248,Active,646432,NA,NA,D,3,1,947891.6,165,2009,32,12.19,39.99
162249,Active,864529,NA,NA,S,3,1,54301.79875,59.95,2014,31,43.19,41.35
162250,Active,2406913,NA,NA,S,3,1,1040985.664,79.95,1993,28,4,10.97
162251,Active,755195,NA,NA,D,1,0,5202206.668,89.95,2003,12,7.5,59
162252,Active,620130,NA,NA,D,1,0,1024104.661,53.31,2004,40,4.12,29.98
162253,Active,582301,NA,NA,D,1,0,208717.5525,55,2009,27,11.98,0
162254,Active,576663,NA,NA,D,1,0,2214905.39,24.95,2007,28,4,39.97
162255,Active,542904,NA,NA,D,2,1,1385220.563,37.95,2009,20,4.01,19.97
162256,Active,898990,NA,NA,S,3,1,208748.165,40.95,2013,33,27.53,27.53
162257,Active,58324,NA,NA,D,7,1,102735.5388,106.95,2009,355,4,13.99
162258,Active,58325,NA,NA,D,6,1,589430.7563,86.95,2005,180,4.46,8.9
162259,Active,1452930,NA,NA,S,2,1,39382.825,146.4,2014,35,54.69,112.07
162260,Active,58349,NA,NA,S,6,1,558622.8013,80.95,2003,78,4,17.49
162261,Active,871485,NA,NA,D,7,1,2346231.574,124,2008,11,6.71,602.99
162262,Active,58353,NA,NA,D,8,1,54546.51375,118.6,2011,118,5.89,83.09
162263,Active,58350,NA,NA,D,7,1,425382.2963,104,2007,142,4,23.98
162264,Active,184666,NA,NA,D,1,0,1117524.888,92.99,2005,18,9.44,58.99
162265,Active,2471534,NA,NA,D,2,1,7337652.7,40.95,1996,16,4,32.48
162266,Active,764974,NA,NA,D,3,1,6177752.341,119.95,1999,10,4,23.84
162267,Active,2696996,NA,NA,S,3,1,2886666.5,150,1994,20,8.99,61.15
162268,Active,196497,NA,NA,D,5,1,1292750.501,276,2003,21,26.07,73.17
162269,Active,901852,NA,NA,S,4,1,4139189.405,49.95,1998,18,4,64.25
162270,Active,561695,NA,NA,S,3,1,57352.5325,99.95,2011,25,28.94,67.98
162271,Active,146931,NA,NA,D,2,1,397001.9313,129,2003,32,45.51,76.99
162272,Active,581086,NA,NA,D,0,0,1136774.591,99,1995,36,4,51.95
162273,Active,657257,NA,NA,D,3,1,1915236.436,209.99,2007,19,95.33,99.72
162274,Active,255788,NA,NA,D,2,1,149363.7388,59.95,2008,32,6.3,11.98
162275,Active,804566,NA,NA,D,6,1,1430835.129,137,2009,20,39.49,94.33
162276,Active,126257,NA,NA,S,2,1,739045.5075,163.95,2002,30,5.76,62.01
162277,Active,598635,NA,NA,D,3,1,3328869.491,46,2004,16,4.07,45.15
162278,Active,573519,NA,NA,D,3,1,687839.2463,69.95,1995,39,4,16.54
162279,Active,203682,NA,NA,S,4,1,119558.075,95.99,2010,45,47.76,51.42
162280,Active,646208,NA,NA,D,4,1,1478124.221,59,2008,18,8.99,33.98
162281,Active,565343,NA,NA,D,10,1,2623323.09,105,2008,15,5.37,28.12
162282,Active,868452,NA,NA,S,2,1,3184778.046,39.95,1997,25,4,18.99
162283,Active,540914,NA,NA,S,3,1,70580.965,69.95,2006,54,10.79,31.77
162284,Active,906431,NA,NA,D,9,1,7939143.144,97.95,2003,17,5.74,72.77
162285,Active,264224,NA,NA,S,2,1,1736931.771,39.95,2004,37,3.99,9.95
162286,Active,264194,NA,NA,S,1,0,1990020.623,35.95,2000,45,4,7.82
162287,Active,204117,NA,NA,S,3,1,429704.925,50.99,2008,45,9.44,23.85
162288,Active,889620,NA,NA,D,3,1,7858975.159,91.95,2002,15,9.58,63.25
162289,Active,894099,NA,NA,D,4,1,2932141.538,96.95,2007,14,14.23,199.16
162290,Active,557199,NA,NA,D,3,1,193061.0425,145.4,2002,95,4.68,68.39
162291,Active,105576,NA,NA,S,5,1,268442.89,87,2001,31,28.93,61.11
162292,Active,881430,NA,NA,S,2,1,24733.57,55,2015,38,25.29,37.02
162293,Active,56795,NA,NA,S,9,1,2121364.344,84.95,2004,64,4.64,5.93
162294,Active,203844,NA,NA,D,10,1,697453.3013,97.95,2008,124,4.49,18.99
162295,Active,533339,NA,NA,D,11,1,85346.25375,113.99,2012,139,6.48,38.96
162296,Active,643558,NA,NA,S,2,1,918442.3838,52.99,2012,21,18.34,30.85
162297,Active,592326,NA,NA,D,7,1,966786.985,92.95,2007,83,4,22.99
162298,Active,610204,NA,NA,S,9,1,58248.91375,108,2014,46,48.54,66.86
162299,Active,298874,NA,NA,D,8,1,467693.5113,104,2011,85,5.98,38.98
162300,Active,254014,NA,NA,S,8,1,1384521.828,138.55,2011,27,22.39,20.49
162301,Active,192934,NA,NA,D,4,1,641878.7963,199,2003,27,8.34,79.99
162302,Active,2697419,NA,NA,D,1,0,1014273.668,62,1998,10,6.39,73.98
162303,Active,531899,NA,NA,D,2,1,358650.8413,67.95,2008,40,4.97,39.89
162304,Active,867282,NA,NA,S,3,1,1258805.526,71.95,2014,16,26.73,38.99
162305,Active,545807,NA,NA,D,3,1,54925.08375,120,2012,53,10.52,33.64
162306,Active,58063,NA,NA,D,2,1,197525.6113,112,2010,72,4,15.98
162307,Active,874105,NA,NA,D,2,1,807040.9175,10.78,2010,46,5.59,18.33
162308,Active,58062,NA,NA,D,1,0,724500.7288,107,2008,45,4.62,11.17
162309,Active,50187,NA,NA,D,7,1,83571.725,340.95,2004,93,4.76,33.99
162310,Active,1587396,NA,NA,D,1,0,3102179.226,89.99,2006,21,19.88,31.55
162311,Active,1767896,NA,NA,S,2,1,1421189.114,70,2015,17,32.98,56.87
162312,Active,547204,NA,NA,S,7,1,196338.7988,15.95,2011,34,10.91,99.95
162313,Active,253999,NA,NA,D,3,1,1359937.839,329,2011,20,36.91,119.01
162314,Active,159467,NA,NA,D,2,1,2216887.175,319,2006,13,6.71,33.43
162315,Active,610347,NA,NA,S,4,1,95433.59875,87.99,2013,33,8.52,45.3
162316,Active,573532,NA,NA,S,2,1,4087222.176,49.95,1999,23,4,29.7
162317,Active,609238,NA,NA,D,3,1,862917.595,74.99,2007,41,5.36,15.99
162318,Active,625392,NA,NA,S,2,1,34853.525,30.95,2008,28,18.76,22.98
162319,Active,2679820,NA,NA,S,4,1,3825376.013,159,1994,16,6.99,50.12
162320,Active,586275,NA,NA,S,4,1,106939.3825,39.95,2009,29,30.98,29.59
162321,Active,200627,NA,NA,D,1,0,564447.445,112.95,2011,55,4.22,45.13
162322,Active,202814,NA,NA,D,4,1,1467888.148,290.95,2000,29,4,28.94
162323,Active,269541,NA,NA,D,1,0,688301.4338,79.95,2007,19,4.6,38.53
162324,Active,743810,NA,NA,D,3,1,2735138.089,199.95,2008,18,20.48,80.63
162325,Active,288825,NA,NA,D,1,0,1474869.289,130,2007,25,26.32,84.77
162326,Active,203719,NA,NA,D,1,0,1489034.766,107.99,2004,16,4.38,115.83
162327,Active,620753,NA,NA,S,1,0,64514.06625,53.95,2011,38,14.34,36.82
162328,Active,909005,NA,NA,S,1,0,170774.8425,399.95,2011,35,12.67,12.68
162329,Active,883756,NA,NA,D,0,0,6129845.933,52.95,2005,12,33.7,152.41
162330,Active,553573,NA,NA,D,3,1,326045.8938,62.4,2010,65,4,8.98
162331,Active,553115,NA,NA,S,5,1,464536.5,73.4,2011,51,11.82,39.45
162332,Active,322703,NA,NA,D,3,1,321419.2975,107.2,2007,63,4,46.21
162333,Active,131261,NA,NA,D,2,1,409419.6788,149.8,2000,47,4,23.97
162334,Active,3021858,NA,NA,D,2,1,1216107.004,52.95,1993,21,4,8.16
162335,Active,788727,NA,NA,S,3,1,1587029.256,79.95,1997,38,4,25.99
162336,Active,696945,NA,NA,D,3,1,825819.4,156,2010,22,38.48,144.17
162337,Active,868032,NA,NA,D,3,1,1789112.254,110,2006,23,20.73,76.26
162338,Active,3468468,NA,NA,D,3,1,1749224.45,84.95,2006,18,4.89,166.66
162339,Active,287059,NA,NA,S,3,1,619229.3125,49.99,2006,29,13.79,30.08
162340,Active,165312,NA,NA,D,5,1,264270.165,56.58,2002,38,4,40.54
162341,Active,267287,NA,NA,S,1,0,31852.975,49.95,2004,29,26.99,30.55
162342,Active,205970,NA,NA,S,0,0,196432.1538,60,2004,32,40.82,51.2
162343,Active,2779044,NA,NA,S,2,1,2245786.283,81.95,1994,20,14.94,112.77
162344,Active,913754,NA,NA,S,4,1,59406.81125,75,2014,36,23.98,41.57
162345,Active,628618,NA,NA,D,0,0,880344.7175,54.99,2008,20,11.29,0
162346,Active,872432,NA,NA,S,2,1,2104688.409,75,1998,31,4,10.49
162347,Active,555791,NA,NA,S,2,1,484869.1713,145,2012,60,38.96,85.16
162348,Active,757027,NA,NA,D,1,0,1142080.568,135,1997,23,4.77,33.99
162349,Active,647208,NA,NA,D,1,0,852211.495,83.95,2011,17,64.97,0
162350,Active,264893,NA,NA,D,2,1,2362744.626,119.95,2002,23,4.94,46.37
162351,Active,562558,NA,NA,D,3,1,10553520.87,219.95,2003,12,6.32,68.29
162352,Active,147327,NA,NA,D,1,0,1700320.948,99.95,2006,15,22.59,81.49
162353,Active,631565,NA,NA,D,3,1,633544.6188,114,2010,32,18.85,101.53
162354,Active,701941,NA,NA,S,5,1,778019.5363,41,2010,38,10.22,19.94
162355,Active,266336,NA,NA,S,4,1,230184.3638,89.99,2009,49,25.34,67.61
162356,Active,577158,NA,NA,D,3,1,870936.5238,141.95,2000,61,4,38.98
162357,Active,523331,NA,NA,D,4,1,569037.0763,120,2009,42,25.35,27.85
162358,Active,610189,NA,NA,S,3,1,44993.25875,56,2013,22,36.97,32.68
162359,Active,53747,NA,NA,S,4,1,916153.9275,68.95,1999,115,4.14,22.48
162360,Active,53748,NA,NA,D,5,1,221487.9425,79.95,2005,191,4.99,24.89
162361,Active,53749,NA,NA,D,6,1,33336.41625,91.99,2009,110,17.97,40.99
162362,Active,879245,NA,NA,D,6,1,1084940.313,89.5,2009,25,12.99,0
162363,Active,759633,NA,NA,D,2,1,4948412.654,68.5,2001,20,4,45.66
162364,Active,647283,NA,NA,S,2,1,492340.4363,39.99,2011,25,15.97,27.18
162365,Active,2103711,NA,NA,S,1,0,14687.25,49.95,2015,12,32.96,32.96
162366,Active,159462,NA,NA,D,2,1,244596.3538,69.95,2007,28,15.13,36.97
162367,Active,531892,NA,NA,S,2,1,616352.1575,79,2012,21,40.17,66.92
162368,Active,825096,NA,NA,D,9,1,2506436.56,34.95,2001,28,4,48.59
162369,Active,700313,NA,NA,D,10,1,356137.735,37.95,2003,39,4,7.99
162370,Active,106276,NA,NA,S,11,1,38493.9675,58,2006,43,15.99,33.48
162371,Active,600582,NA,NA,S,7,1,16899.05125,62,2010,80,29.38,36.66
162372,Active,1932660,NA,NA,S,1,0,74423.65,49.99,2012,26,19.5,29.93
162373,Active,248105,NA,NA,D,3,1,110761.89,90,2010,52,6.97,19.42
162374,Active,298278,NA,NA,D,2,1,1256615.926,75.95,2007,42,4,15.97
162375,Active,433351,NA,NA,D,0,0,893853.4213,176,2006,48,3.88,14.47
162376,Active,607093,NA,NA,S,5,1,279950.8063,83.5,2006,30,10.52,10.52
162377,Active,923068,NA,NA,S,1,0,513528.7325,10.08,2004,112,4.25,9.71
162378,Active,644365,NA,NA,S,1,0,51396,54.99,2013,36,25.64,34.33
162379,Active,649821,NA,NA,S,1,0,109579.3,113.95,2012,16,41.83,49.67
162380,Active,649632,NA,NA,S,4,1,91265.415,61,2013,48,22.98,24.99
162381,Active,754610,NA,NA,S,5,1,681026.9075,95,2011,28,34.95,60.48
162382,Active,613217,NA,NA,D,2,1,1038015.39,69.99,2006,81,4,5.99
162383,Active,625221,NA,NA,S,3,1,253915.845,79.99,2011,29,29.97,48.34
162384,Active,742234,NA,NA,D,1,0,2122728.24,69.99,2009,24,6.55,56.5
162385,Active,897826,NA,NA,D,2,1,2334182.79,132.55,2002,35,11.76,96.06
162386,Active,889744,NA,NA,D,0,0,1428877.669,80.44,2003,15,5.62,73.43
162387,Active,203173,NA,NA,D,1,0,631719.1688,99.95,1997,36,5.5,23.38
162388,Active,144538,NA,NA,D,3,1,152685.7313,148,2004,36,7.74,37.58
162389,Active,635578,NA,NA,S,2,1,19673.52125,99.95,2013,179,5.73,23.97
162390,Active,1829891,NA,NA,S,2,1,229031.825,168.95,2013,5,42.4,168.95
162391,Active,531888,NA,NA,S,2,1,101572.085,69.99,2007,46,13.97,34.93
162392,Active,367089,NA,NA,D,0,0,1843482.209,47.95,2000,31,4.47,25.94
162393,Active,1981732,NA,NA,S,0,0,681455.1875,20.39,2013,11,16.99,19
162394,Active,863039,NA,NA,D,2,1,751669.9213,69.95,2002,24,35.43,108.16
162395,Active,620839,NA,NA,S,3,1,31042.7325,79.95,2007,49,48.24,55.23
162396,Active,202257,NA,NA,D,1,0,543490.4625,113.95,2001,22,9.6,103.35
162397,Active,2429089,NA,NA,S,0,0,1791571.414,63,1995,23,6.03,48.12
162398,Active,663842,NA,NA,S,1,0,59245.95,62.99,2013,16,36.94,36.91
162399,Active,637887,NA,NA,S,3,1,112735.9525,43.95,2011,26,23.99,35.8
162400,Active,2699272,NA,NA,D,2,1,1124067.975,34.95,2005,45,4,11.88
162401,Active,53494,NA,NA,D,8,1,3309916.09,46.95,2005,30,4,8.99
162402,Active,53495,NA,NA,D,9,1,426834.6288,55,2008,33,4,49.95
162403,Active,633223,NA,NA,S,1,0,18460.7,49.99,2010,22,38.63,39.1
162404,Active,247559,NA,NA,D,0,0,2053573.493,73,2008,19,5.98,72.71
162405,Active,639801,NA,NA,S,3,1,163158.5625,69,2012,23,33.58,46.28
162406,Active,677023,NA,NA,S,0,0,16607.4475,24.95,2009,52,7.89,0
162407,Active,366219,NA,NA,D,1,0,471223.1613,56.95,2002,36,4,9.94
162408,Active,1521834,NA,NA,D,1,0,2450108.458,53,2007,24,33.81,50.17
162409,Active,627475,NA,NA,D,0,0,271955.6825,56.99,2009,29,17.74,0
162410,Active,907011,NA,NA,D,2,1,1554486.861,49.98,2008,18,8.68,40.99
162411,Active,652503,NA,NA,S,3,1,109638.0913,52,2012,69,33.94,38.28
162412,Active,658271,NA,NA,S,0,0,37053.15,42,2012,15,30.99,32.65
162413,Active,632575,NA,NA,S,1,0,68320.25,64,2009,20,34.56,42.54
162414,Active,1634361,NA,NA,S,4,1,466899.745,17.95,2007,41,4,41.97
162415,Active,273569,NA,NA,S,3,1,8480.18625,39.95,2011,77,21.22,22.33
162416,Active,616416,NA,NA,D,1,0,409558.0538,39.95,1998,108,4,10.61
162417,Active,2472541,NA,NA,D,3,1,5388926.539,69,1999,14,5.87,43.99
162418,Active,143013,NA,NA,S,3,1,1364168.27,199,2006,28,5.17,72.93
162419,Active,143458,NA,NA,D,2,1,4347411.313,100.5,2002,14,8.8,107.77
162420,Active,328218,NA,NA,D,2,1,5148310.146,28,1999,19,4,72.33
162421,Active,2602633,NA,NA,D,0,0,3545697.926,125.99,2001,19,24.56,132.88
162422,Active,756635,NA,NA,D,10,1,1035179.141,30.98,2002,27,4.54,30.84
162423,Active,534240,NA,NA,D,11,1,157169.5263,174.36,2005,41,18.19,73.98
162424,Active,2610292,NA,NA,D,0,0,1839482.919,51.99,1999,19,4.9,30.94
162425,Active,173921,NA,NA,S,2,1,1145768.235,74.99,2004,24,5.7,27.8
162426,Active,478878,NA,NA,S,2,1,466881.1425,184.99,2009,29,24.18,71.58
162427,Active,402813,NA,NA,D,0,0,1350441.288,72.95,1995,30,4,16.74
162428,Active,144797,NA,NA,D,2,1,2221060.925,49.99,2004,51,3.97,12.98
162429,Active,531884,NA,NA,D,4,1,602549.1088,49.99,2011,39,4.49,43.29
162430,Active,607958,NA,NA,D,3,1,825599.8813,49.99,2008,94,4,4.62
162431,Active,1456187,NA,NA,S,5,1,98419.06,49.99,2015,22,24.74,29.94
162432,Active,665414,NA,NA,S,0,0,36932.9,45,2012,26,22.36,0
162433,Active,657300,NA,NA,S,1,0,968106.3113,132.95,2012,26,4.48,94.61
162434,Active,58202,NA,NA,D,3,1,1314661.868,80,2005,78,4,6.23
162435,Active,1724501,NA,NA,S,0,0,47075.26,125,2013,25,71.99,79.98
162436,Active,264627,NA,NA,D,1,0,2099125.588,207.22,2006,27,4.28,44.09
162437,Active,631652,NA,NA,D,2,1,2188725.935,90.95,2009,15,4,8.6
162438,Active,593256,NA,NA,S,1,0,1045149.946,107.95,2009,42,4.88,48.1
162439,Active,2022174,NA,NA,D,20,1,938981.0563,129.95,2014,16,43.88,41.99
162440,Active,3817230,NA,NA,D,0,0,4647542.65,439,1987,24,63.99,151.03
162441,Active,542009,NA,NA,S,4,1,376967.88,56.95,2006,119,4,38.6
162442,Active,169323,NA,NA,S,4,1,289552.6888,84.95,2007,68,4,77.23
162443,Active,644556,NA,NA,D,5,1,118466.7975,147.58,2012,64,4.75,53.07
162444,Active,621904,NA,NA,D,5,1,51698.85125,113.98,2012,91,10.35,23.99
162445,Active,157361,NA,NA,D,2,1,375755.79,67.95,2007,36,7.85,61.01
162446,Active,113182,NA,NA,S,2,1,164295.4363,89.95,2010,37,12.68,43.98
162447,Active,644983,NA,NA,D,4,1,1229779.491,164.95,2010,32,4.98,44.99
162448,Active,613470,NA,NA,S,3,1,1226439.023,74,2005,63,4,7.8
162449,Active,563677,NA,NA,D,4,1,374868.1438,10.82,2009,81,4,14.35
162450,Active,724820,NA,NA,D,3,1,4196165.731,99,2006,25,4,7.98
162451,Active,60188,NA,NA,D,4,1,406177.7588,143,2005,59,4,23.23
162452,Active,60189,NA,NA,D,7,1,680509.855,197.95,2006,72,4.16,111.9
162453,Active,533881,NA,NA,D,8,1,129026.0138,317.95,2009,82,12.66,30.93
162454,Active,286956,NA,NA,D,1,0,2925922.053,55,1998,31,4,66.19
162455,Active,531879,NA,NA,S,2,1,136916.0725,67,2009,63,18.99,54.78
162456,Active,120677,NA,NA,D,5,1,63333.42125,186.4,2009,48,13.51,45.99
162457,Active,608591,NA,NA,D,6,1,1384640.263,136.95,2003,38,4,33.92
162458,Active,622748,NA,NA,S,3,1,664165.2225,193,2006,79,4.55,23.98
162459,Active,147465,NA,NA,S,1,0,29492.175,62.95,2009,15,49.99,47.28
162460,Active,619775,NA,NA,S,2,1,2007.21875,56,2011,111,24.61,34.89
162461,Active,162433,NA,NA,S,2,1,165942.45,95,2008,28,46.19,74.81
162462,Active,158100,NA,NA,D,2,1,661232.2863,65,2006,30,5.44,0
162463,Active,628788,NA,NA,S,2,1,175618.5713,69.99,2008,30,46.14,53.62
162464,Active,1539689,NA,NA,S,1,0,1181994.853,52.95,2008,20,32.87,39.69
162465,Active,2722694,NA,NA,D,1,0,8720333.005,49.95,2004,13,4.94,47.57
162466,Active,2128945,NA,NA,S,2,1,1832344.278,57,2010,41,12.83,35.96
162467,Active,614510,NA,NA,D,0,0,1486285.841,42.95,1993,56,3.98,5.48
162468,Active,615210,NA,NA,D,2,1,184443.1738,12,2002,133,4,28.46
162469,Active,121534,NA,NA,S,4,1,196188.7063,171.2,2001,30,22.54,0
162470,Active,661228,NA,NA,D,1,0,305197.2525,84,2010,51,4.28,48.07
162471,Active,601375,NA,NA,S,1,0,252433.59,69.95,2008,20,43.94,53.42
162472,Active,747826,NA,NA,D,2,1,2326614.329,293.55,2006,16,6.2,59.09
162473,Active,614945,NA,NA,D,3,1,149381.9713,30.97,2008,70,9.88,27.99
162474,Active,2131777,NA,NA,S,1,0,108466.6725,79.95,2014,18,48.41,62.45
162475,Active,531877,NA,NA,S,2,1,701767.9588,61,2011,30,7.81,51.56
162476,Active,2436889,NA,NA,D,3,1,889423.8113,150,2004,35,6.94,19.97
162477,Active,50020,NA,NA,D,3,1,3648.2375,236.95,2010,164,11.32,51.44
162478,Active,224714,NA,NA,D,3,1,54776.64,265.95,2010,124,8.89,48.99
162479,Active,51425,NA,NA,S,3,1,2723385.613,109.95,2002,53,3.5,4
162480,Active,115414,NA,NA,D,4,1,636153.935,95.13,2003,62,4,4.78
162481,Active,252621,NA,NA,D,7,1,92247.33125,32.07,2009,105,6.04,23.94
162482,Active,421770,NA,NA,D,1,0,81642.2775,240,2006,80,18.73,67.09
162483,Active,428411,NA,NA,D,2,1,638058.4313,163,2007,54,4,33.99
162484,Active,515877,NA,NA,D,1,0,1041391.448,150.4,2003,37,4,15.99
162485,Active,919691,NA,NA,D,4,1,1657315.915,47.5,2000,49,4,47.23
162486,Active,271475,NA,NA,D,5,1,243298.6213,55,2005,29,5.49,76.21
162487,Active,50280,NA,NA,D,7,1,1747825.668,150.4,2004,44,4,18.89
162488,Active,50279,NA,NA,D,6,1,299718.1938,99,2000,37,4,38.89
162489,Active,51426,NA,NA,D,4,1,1113639.361,163.95,2005,75,4,23.98
162490,Active,2264678,NA,NA,S,3,1,469406.1938,126.25,2010,34,16.38,74.17
162491,Active,50018,NA,NA,D,2,1,109492.4263,254.95,2007,107,4.87,32.25
162492,Active,53057,NA,NA,D,4,1,399776.0775,253.95,2007,102,4.13,31.49
162493,Active,213086,NA,NA,D,4,1,2622287.944,130,2004,48,4,6.86
162494,Active,541406,NA,NA,S,6,1,90859.76375,78.95,2013,54,38.94,55.99
162495,Active,51428,NA,NA,D,5,1,261697.31,215.95,2008,62,5.07,38.98
162496,Active,261329,NA,NA,S,2,1,54224.40625,87,2001,45,32.14,58.9
162497,Active,2893396,NA,NA,D,1,0,2075217.493,50,1989,40,4,22.39
162498,Active,800747,NA,NA,D,1,0,1021445.595,88.95,2005,40,4,6.24
162499,Active,651005,NA,NA,D,1,0,1890234.878,92.81,2001,26,4,41.25
162500,Active,748626,NA,NA,S,2,1,2426560.864,78.95,2007,19,32.72,51.1
162501,Active,268465,NA,NA,D,2,1,676140.1713,47,2006,36,8.72,52.54
162502,Active,261408,NA,NA,D,2,1,1198923.233,92,2003,40,4.53,30
162503,Active,261343,NA,NA,S,1,0,246211.7125,45,2001,63,23.99,32.67
162504,Active,622800,NA,NA,S,1,0,24729.825,54,2003,31,26.92,44.91
162505,Active,268444,NA,NA,S,2,1,314766.865,50,2006,41,8.05,38.89
162506,Active,158093,NA,NA,D,0,0,2074577.765,62.5,2005,21,4,20.98
162507,Active,915467,NA,NA,D,1,0,1263614.036,42.95,1994,26,4,4.86
162508,Active,908167,NA,NA,S,2,1,1210754.066,107,2006,27,10.38,18.84
162509,Active,890863,NA,NA,S,2,1,667679.1063,39.95,2014,14,32.78,29.73
162510,Active,912672,NA,NA,S,2,1,1698447.854,85,2005,29,4,23.99
162511,Active,908292,NA,NA,D,1,0,758176.095,94,2006,21,13.95,60.56
162512,Active,599928,NA,NA,D,1,0,480863.095,82.95,2007,29,6.47,19.87
162513,Active,133050,NA,NA,S,2,1,216130.9638,96.8,2010,36,26.31,602.99
162514,Active,796886,NA,NA,S,0,0,142145.2125,35,2007,325,4,8.74
162515,Active,2573092,NA,NA,S,2,1,5955042.974,125,1991,15,6.39,62.1
162516,Active,910349,NA,NA,D,0,0,1303631.238,44.95,2004,22,4,21.98
162517,Active,131926,NA,NA,D,5,1,1499717.036,110,2004,49,4,23.86
162518,Active,607743,NA,NA,D,6,1,449837.2663,132,2008,37,11.1,58.58
162519,Active,607293,NA,NA,D,3,1,573853.9263,106.67,2005,54,4,34.57
162520,Active,607246,NA,NA,D,2,1,2755371.451,72,2002,26,3.99,14.99
162521,Active,1544575,NA,NA,S,2,1,751028.0663,53.95,2013,29,12.95,35.71
162522,Active,867392,NA,NA,S,2,1,139987.315,45,2014,21,27.58,37.28
162523,Active,205737,NA,NA,D,1,0,492704.7613,42,2004,37,4.23,23.66
162524,Active,410488,NA,NA,D,2,1,430615.0575,29.95,2005,21,22.36,0
162525,Active,660457,NA,NA,S,1,0,385686.7275,49.95,2006,30,36.79,41.25
162526,Active,624422,NA,NA,S,2,1,57451.17625,46,2007,37,21.81,24.8
162527,Active,107243,NA,NA,S,5,1,160853.525,67.16,2001,44,4.49,43.47
162528,Active,268303,NA,NA,S,2,1,66243.06375,69,2010,70,77.19,68.31
162529,Active,828775,NA,NA,D,0,0,244368.565,49,1988,50,11.48,32.98
162530,Active,760347,NA,NA,D,0,0,1098789.636,90,2003,22,6.08,51.39
162531,Active,859369,NA,NA,S,2,1,539394.1113,80,2006,26,12.62,24.98
162532,Active,613331,NA,NA,S,0,0,56007.45,60,2005,111,11.78,31.05
162533,Active,3203063,NA,NA,D,2,1,2110081.625,309,1974,16,30.99,238.73
162534,Active,1432386,NA,NA,S,2,1,49029.05,22.99,2011,23,10.99,16.53
162535,Active,247948,NA,NA,D,3,1,610990.5613,68,2007,47,4.76,23.63
162536,Active,199183,NA,NA,D,2,1,1473001.264,49.95,2003,30,4,7.98
162537,Active,3066124,NA,NA,S,0,0,371857.7775,24.95,2004,53,23.99,72.4
162538,Active,1918304,NA,NA,S,15,1,210338.8363,47.99,2015,32,15.29,30.22
162539,Active,652611,NA,NA,S,6,1,229245.465,48,2012,24,44.99,47.54
162540,Active,342980,NA,NA,S,3,1,675701.1113,165,2003,34,4,78.13
162541,Active,655449,NA,NA,S,5,1,131922.8575,55,2012,35,11.64,54.47
162542,Active,609709,NA,NA,S,6,1,1087544.56,24.95,2004,24,8.94,24.94
162543,Active,2626526,NA,NA,D,3,1,12772492.45,57.95,1995,9,4.93,0
162544,Active,572320,NA,NA,D,9,1,1724238.323,150.95,2007,71,4,6.46
162545,Active,531862,NA,NA,D,11,1,140553.8138,283.95,2012,51,12.08,77.78
162546,Active,254076,NA,NA,D,10,1,803871.5075,189.95,2010,90,4,16.92
162547,Active,380520,NA,NA,D,11,1,50576.5125,172.95,2012,69,8.89,33.99
162548,Active,110288,NA,NA,D,2,1,482963.1825,41.39,2011,74,4.21,11.98
162549,Active,254074,NA,NA,S,10,1,539289.8225,300.95,2010,33,7.36,19.27
162550,Active,120718,NA,NA,D,11,1,685649.3575,195.2,2009,63,4.19,16.95
162551,Active,112082,NA,NA,S,2,1,800732.4913,249.67,2011,28,18.94,73.41
162552,Active,866711,NA,NA,S,14,1,155624.295,139.68,2014,42,29.23,71.99
162553,Active,550492,NA,NA,D,2,1,1411227.773,128,2010,52,4,10.22
162554,Active,576776,NA,NA,S,5,1,94831.455,71.94,2010,46,14.17,73.99
162555,Active,715842,NA,NA,S,12,1,1052865.974,108.4,2012,36,7.52,0
162556,Active,561884,NA,NA,S,18,1,2493445.284,179.95,2004,47,4.48,8.99
162557,Active,60190,NA,NA,S,19,1,979794.43,194.95,2007,60,4.94,9.95
162558,Active,544652,NA,NA,S,21,1,116801.5,217.95,2013,98,4,15.95
162559,Active,178910,NA,NA,S,20,1,598904.0375,231.95,2010,58,4,36.49
162560,Active,60191,NA,NA,S,19,1,489553.4425,222.95,2007,29,4.17,12.99
162561,Active,1455588,NA,NA,S,13,1,336579.0275,108.8,2015,23,40.6,53.99
162562,Active,531859,NA,NA,D,12,1,326842.42,155.2,2012,73,6.23,58.89
162563,Active,2249575,NA,NA,D,12,1,3698949.2,411.31,2008,25,7.1,63.62
162564,Active,625214,NA,NA,S,13,1,449711.2488,261.51,2011,27,14.33,401.14
162565,Active,550926,NA,NA,D,13,1,248416.4713,59.56,2011,64,4.87,37.99
162566,Active,531865,NA,NA,D,12,1,843698.6575,151.73,2008,50,4.03,73.29
162567,Active,111496,NA,NA,S,13,1,532663.3838,240,2011,72,7.97,49.99
162568,Active,531863,NA,NA,S,12,1,973493.1188,18.99,2008,71,4.29,53.99
162569,Active,544650,NA,NA,D,21,1,168559.1038,280.95,2013,83,21.91,25.99
162570,Active,875830,NA,NA,S,21,1,1029943.339,291.95,2013,12,44.44,286.12
162571,Active,54258,NA,NA,D,20,1,361640.3913,297.95,2010,102,4.38,102.71
162572,Active,54256,NA,NA,S,18,1,1577136.438,172.95,2004,49,4.49,9.47
162573,Active,54257,NA,NA,S,19,1,1138578.485,223.95,2007,83,4,13.99
162574,Active,904303,NA,NA,S,2,1,901190.53,213,2010,24,36.63,105.4
162575,Active,111241,NA,NA,S,2,1,695889.3725,282.75,2010,56,18.74,68.56
162576,Active,531858,NA,NA,D,12,1,106222.7163,255,2012,82,5.58,32.99
162577,Active,183634,NA,NA,D,9,1,1622536.138,99.95,2007,37,3.99,44.98
162578,Active,767026,NA,NA,S,10,1,1246685.796,106.95,2010,55,4,48.39
162579,Active,619766,NA,NA,S,9,1,586517.7975,152,2011,53,6.95,16.94
162580,Active,533728,NA,NA,D,6,1,47328.22125,306.95,2012,80,12.06,60.61
162581,Active,116521,NA,NA,S,7,1,815136.5188,130.67,2004,103,4,10.94
162582,Active,873422,NA,NA,S,6,1,240862.7213,168.67,2014,29,28.99,40.73
162583,Active,612322,NA,NA,S,6,1,288538.7688,178.67,2013,23,37.09,134.99
162584,Active,860307,NA,NA,S,4,1,176539.575,152,2011,40,10.34,11.88
162585,Active,146481,NA,NA,D,9,1,9943.82125,226.4,2011,239,6.44,29.15
162586,Active,111266,NA,NA,S,9,1,77208.8125,135.8,2010,53,32.96,59.99
162587,Active,51751,NA,NA,S,4,1,766412.7038,369.95,2003,98,4,13.94
162588,Active,110554,NA,NA,D,1,0,574329.0963,243.75,2011,62,5.11,36.94
162589,Active,254115,NA,NA,D,7,1,108605.2338,280.95,2010,95,5.45,68.63
162590,Active,915714,NA,NA,S,8,1,529298.4763,6.67,2008,38,4.47,8.99
162591,Active,603229,NA,NA,D,4,1,1157784.606,49.74,2006,33,4,36.18
162592,Active,146423,NA,NA,S,2,1,1323488.973,219.33,2010,23,5.46,93.99
162593,Active,603487,NA,NA,S,1,0,81971.25,35.98,2012,53,10.51,22.49
162594,Active,626928,NA,NA,S,6,1,295216.5888,158.67,2012,44,24.26,29.77
162595,Active,895133,NA,NA,S,11,1,575201.235,178.67,2012,38,22.59,156
162596,Active,146071,NA,NA,D,2,1,378932.89,188,2009,94,4.18,6.98
162597,Active,117722,NA,NA,D,0,0,1633779.52,158,2006,46,4.23,18.74
162598,Active,587880,NA,NA,S,2,1,141110.2225,299.95,2012,72,30.88,72.99
162599,Active,570764,NA,NA,D,1,0,822674.9263,313.95,2008,44,6.39,71.6
162600,Active,600342,NA,NA,S,6,1,98310.68375,140.25,2011,36,21.28,90.48
162601,Active,2261155,NA,NA,D,6,1,2394561.518,269.74,2008,38,12.73,213.99
162602,Active,51811,NA,NA,S,4,1,1150404.215,32.41,2001,33,4.01,26.76
162603,Active,51814,NA,NA,D,7,1,73557.2325,313.95,2010,57,12.93,41.12
162604,Active,531857,NA,NA,D,5,1,144294.135,225.33,2010,100,6.11,33.99
162605,Active,145256,NA,NA,D,4,1,753138.0375,176,2006,58,5.44,43.98
162606,Active,51813,NA,NA,D,6,1,191540.9525,344.95,2007,71,6.64,72.73
162607,Active,292171,NA,NA,D,5,1,1402229.795,295.95,2005,49,4,8.99
162608,Active,552842,NA,NA,D,4,1,411883.3213,179.33,2006,178,4,15.82
162609,Active,162414,NA,NA,D,2,1,599440.0938,29.9,2008,112,4.58,22.18
162610,Active,176732,NA,NA,S,5,1,277343.5338,334.95,2002,44,4,129.89
162611,Active,626261,NA,NA,D,5,1,883220.8363,219.33,2010,68,7.6,449.96
162612,Active,183729,NA,NA,S,1,0,347883.1513,231.95,2012,33,32.99,68.94
162613,Active,55038,NA,NA,D,9,1,1450264.178,248.95,2006,49,4.12,47.07
162614,Active,146248,NA,NA,D,2,1,642637.18,206,2010,100,3.88,13.67
162615,Active,51749,NA,NA,D,5,1,384795.1663,336.95,2008,91,4.24,33.99
162616,Active,169816,NA,NA,D,7,1,521580.0463,329.95,2008,77,4.97,18.99
162617,Active,177148,NA,NA,S,5,1,3250355.825,122.95,2001,20,4.34,9.49
162618,Active,550760,NA,NA,D,2,1,194064.6038,146.66,2009,77,4.48,32.61
162619,Active,145629,NA,NA,D,3,1,162821.765,162.67,2007,224,4,11.78
162620,Active,288712,NA,NA,D,4,1,10673.2725,226.4,2011,217,6.77,33.11
162621,Active,879726,NA,NA,S,5,1,581961.7013,158.67,2015,38,38.93,83.52
162622,Active,626221,NA,NA,S,2,1,320006.7925,36.4,2011,33,4,5.59
162623,Active,600324,NA,NA,D,5,1,857621.7088,14.87,2008,39,4,14.86
162624,Active,52367,NA,NA,D,10,1,79328.37125,188.67,2008,182,5.83,15.97
162625,Active,533682,NA,NA,D,11,1,11505.4025,233.2,2012,148,14.07,48.99
162626,Active,146268,NA,NA,D,5,1,75298.82375,206,2010,184,4,23.99
162627,Active,107301,NA,NA,D,7,1,890057.415,5.12,2000,60,4,12.95
162628,Active,603200,NA,NA,S,2,1,125269.5325,14.78,2008,127,4,8.84
162629,Active,2264345,NA,NA,S,4,1,1151305.826,76.97,2011,51,9.23,42.55
162630,Active,183615,NA,NA,D,6,1,709187.475,280.95,2007,84,4,28.99
162631,Active,118864,NA,NA,D,8,1,677894.3788,162.67,2007,221,4,10.59
162632,Active,169681,NA,NA,S,1,0,93564.47875,254.95,2010,78,13.49,21.5
162633,Active,51326,NA,NA,S,5,1,43748.42,316.95,2005,91,5.13,15.68
162634,Active,51325,NA,NA,S,4,1,1297039.653,301.95,2002,68,4,17.97
162635,Active,117740,NA,NA,D,1,0,2014221.845,158,2006,56,4.25,5.26
162636,Active,146252,NA,NA,D,2,1,454004.5925,206,2010,119,4,17.85
162637,Active,166490,NA,NA,D,1,0,1081017.413,10.74,2005,61,4,10.68
162638,Active,106131,NA,NA,S,1,0,420084.3225,20,2004,136,4,8.92
162639,Active,540732,NA,NA,S,4,1,17215.43625,179.8,2012,172,28.63,32.78
162640,Active,879148,NA,NA,S,4,1,292014.2963,122.67,2012,26,12.99,16.93
162641,Active,873562,NA,NA,D,2,1,1082451.381,149.5,2009,41,4.14,33.99
162642,Active,314976,NA,NA,D,2,1,1591461.524,121.33,2006,96,4,16.62
162643,Active,146033,NA,NA,D,3,1,312708.0863,146,2009,238,4,8.88
162644,Active,111114,NA,NA,D,2,1,594749.5925,22.17,2009,68,4.35,6.51
162645,Active,120944,NA,NA,S,8,1,602528.9838,128,2007,56,4.79,27.04
162646,Active,629085,NA,NA,S,1,0,51689.9575,197.75,2013,37,30.85,103.97
162647,Active,561509,NA,NA,D,5,1,26850.42,226.4,2012,108,18.33,62.27
162648,Active,145820,NA,NA,D,4,1,236463.705,179.33,2009,100,4,33.51
162649,Active,129962,NA,NA,S,2,1,3692147.041,86,2001,66,4,9.39
162650,Active,110972,NA,NA,S,3,1,180263.2138,243.75,2008,57,15.66,50.9
162651,Active,291534,NA,NA,S,8,1,1176106.755,295.95,2003,36,4,6.74
162652,Active,616854,NA,NA,S,4,1,366495.6125,152,2012,45,8.5,28.99
162653,Active,3504122,NA,NA,D,4,1,242048.85,253.2,2012,46,23.99,218.21
162654,Active,633804,NA,NA,S,4,1,577156.5513,178.67,2012,48,21.49,141.19
162655,Active,145045,NA,NA,D,1,0,1655879.435,162.67,2007,70,3.99,5.26
162656,Active,178889,NA,NA,D,1,0,1680399.391,125,2010,53,4,21.74
162657,Active,178283,NA,NA,D,6,1,2422014.388,266.95,2004,33,4,110.41
162658,Active,183423,NA,NA,D,7,1,94118.48,328.95,2006,93,4.9,34.48
162659,Active,55039,NA,NA,D,10,1,195881.535,321.95,2008,66,3.33,36.83
162660,Active,183655,NA,NA,D,5,1,645510.7288,321.95,2007,52,4.21,43.12
162661,Active,297881,NA,NA,D,6,1,222774.0888,292.95,2011,47,24.61,43.98
162662,Active,145896,NA,NA,D,5,1,28621.09625,188.67,2009,277,5.08,30.22
162663,Active,531847,NA,NA,S,3,1,417715.17,57,2012,35,13.79,45.55
162664,Active,877704,NA,NA,S,5,1,146798.8175,158.67,2012,41,29.03,38.99
162665,Active,51800,NA,NA,D,3,1,1905665.363,158,2005,89,4,9.16
162666,Active,51801,NA,NA,D,4,1,98130.75875,188.67,2009,132,4.06,16.86
162667,Active,197660,NA,NA,D,3,1,2605119.306,67.95,2007,26,4.13,35
162668,Active,197959,NA,NA,D,4,1,1795997.633,75.41,2009,38,4.1,8.28
162669,Active,675508,NA,NA,S,0,0,323456.2625,24.95,2012,85,4,8.98
162670,Active,285318,NA,NA,D,9,1,1018244.994,10.29,2006,105,4,13.08
162671,Active,917725,NA,NA,S,7,1,3712782.694,106.08,1997,31,4.35,20.95
162672,Active,707325,NA,NA,D,8,1,5649819.195,50.96,2002,17,4,120.48
162673,Active,552652,NA,NA,S,2,1,23937.09625,168.2,2007,69,48.99,86.95
162674,Active,625490,NA,NA,S,2,1,156276.6925,116.6,2000,47,20.09,93.32
162675,Active,616279,NA,NA,D,7,1,1917321.335,153.6,2006,41,4.51,25.59
162676,Active,613866,NA,NA,D,8,1,675768.4788,204,2008,83,4.01,14.95
162677,Active,50118,NA,NA,D,12,1,68269.73625,210.67,2010,179,3.84,13.99
162678,Active,50117,NA,NA,D,11,1,422272.605,174.67,2007,79,4,23.9
162679,Active,434994,NA,NA,S,12,1,959128.305,137.33,2010,37,6.79,42.33
162680,Active,169238,NA,NA,S,7,1,249306.1625,268.95,2007,47,16.15,53.99
162681,Active,182717,NA,NA,S,1,0,616645.7263,56.95,2004,44,5.98,24
162682,Active,743001,NA,NA,D,9,1,635525.1813,196.93,2011,64,6.98,53.99
162683,Active,880587,NA,NA,S,10,1,162679.1588,199.95,2014,54,62.14,76.77
162684,Active,109662,NA,NA,D,2,1,661892.8113,234.75,2005,59,4,25.99
162685,Active,624288,NA,NA,D,9,1,617474.9088,289.6,2011,34,5.96,101.99
162686,Active,908249,NA,NA,D,1,0,695957.2413,79.9,2010,40,8.49,90.56
162687,Active,60194,NA,NA,S,6,1,821901.1488,283.95,2003,79,4,15.39
162688,Active,917903,NA,NA,S,3,1,117048.05,196.93,2014,57,26.24,53.94
162689,Active,55401,NA,NA,D,1,0,107978.2275,199.33,2006,102,7.2,43.81
162690,Active,435109,NA,NA,S,2,1,187847.0013,289.6,2012,39,29.22,124.82
162691,Active,614132,NA,NA,D,2,1,85812.39875,275.6,2012,112,9.49,23.99
162692,Active,716526,NA,NA,S,3,1,206413.265,40,1997,40,4,47.94
162693,Active,2168050,NA,NA,S,1,0,7517.975,499,2012,25,32.84,40.04
162694,Active,60193,NA,NA,D,2,1,954219.6925,193.05,2006,44,4.78,26.71
162695,Active,764426,NA,NA,D,1,0,171695.7963,316.95,2009,56,6.46,54.26
162696,Active,579481,NA,NA,S,8,1,903712.8025,242.4,2006,58,7.17,69.68
162697,Active,55311,NA,NA,D,5,1,658455.8688,146.67,2002,67,5.42,59.71
162698,Active,552002,NA,NA,D,4,1,750983.0888,125,1999,60,4.46,28.99
162699,Active,764022,NA,NA,S,2,1,153744.2913,261.95,2000,57,8.88,58.36
162700,Active,52450,NA,NA,D,7,1,300990.9688,151.95,2005,116,4.34,47.81
162701,Active,880588,NA,NA,D,8,1,105064.5738,598.99,2008,49,28.99,70.98
162702,Active,618379,NA,NA,S,1,0,164913.2288,270.25,2013,43,38.99,113.99
162703,Active,561430,NA,NA,D,9,1,25109.86875,275.6,2011,220,8.2,27.99
162704,Active,613043,NA,NA,D,8,1,312147.5925,230.8,2006,117,4.46,25.99
162705,Active,651295,NA,NA,S,2,1,183627.5325,168,2012,28,15.71,0
162706,Active,1574711,NA,NA,S,8,1,1033874.411,105.95,2008,61,4,16.43
162707,Active,543376,NA,NA,S,9,1,251249.3488,95.95,2011,33,8.58,38.84
162708,Active,51641,NA,NA,D,9,1,125436.6313,205.95,2011,128,11.92,30.51
162709,Active,579466,NA,NA,D,8,1,528686.1325,150,2005,106,4.19,15.99
162710,Active,60196,NA,NA,D,6,1,196797.4913,115.67,2006,28,19.99,61.49
162711,Active,713836,NA,NA,D,4,1,3225639.145,78,1999,17,4.38,675
162712,Active,579403,NA,NA,S,0,0,353141.0975,136,2006,50,5.06,16.38
162713,Active,569613,NA,NA,D,1,0,509812.495,225.95,2008,44,4.12,10.34
162714,Active,561264,NA,NA,D,2,1,72979.38875,173,2009,92,6.44,16.04
162715,Active,51642,NA,NA,D,8,1,306747.42,217.95,2007,97,7.99,52.59
162716,Active,561484,NA,NA,D,9,1,127583.4838,186.8,2011,94,8.06,63.39
162717,Active,561566,NA,NA,D,2,1,396874.7425,174.8,2012,75,4,33.48
162718,Active,51640,NA,NA,D,7,1,906563.9338,234.95,2005,68,4,6.49
162719,Active,109291,NA,NA,S,2,1,870901.3225,17.99,2007,12,33.99,83.87
162720,Active,561567,NA,NA,D,2,1,1069728.831,163.8,2012,70,4.97,27.08
162721,Active,531842,NA,NA,D,9,1,114996.9063,205.95,2011,70,10.19,63.37
162722,Active,111050,NA,NA,D,3,1,854725.0863,38.95,2009,29,5.08,38.95
162723,Active,109732,NA,NA,D,2,1,4021327.751,67.02,2005,23,4.18,23.9
162724,Active,109859,NA,NA,D,2,1,2425536.94,0,2006,24,4.74,124.93
162725,Active,764485,NA,NA,D,1,0,1116527.905,225.95,2009,24,4,42.89
162726,Active,579467,NA,NA,D,8,1,866525.9925,142.4,2006,60,4.37,12.97
162727,Active,618570,NA,NA,D,2,1,336046.3938,162,2009,81,7.49,23.02
162728,Active,290902,NA,NA,D,7,1,1280559.329,207.95,2006,42,4.35,51.07
162729,Active,537959,NA,NA,D,8,1,196864.13,217.95,2008,72,5.53,68.33
162730,Active,540632,NA,NA,D,9,1,332981.6838,177.6,2011,58,5.42,59.09
162731,Active,561237,NA,NA,D,2,1,1510435.98,175.33,2009,25,9.7,78.09
162732,Active,60195,NA,NA,D,7,1,1684243.996,238.95,2005,51,4,35.15
162733,Active,571944,NA,NA,S,1,0,77167.075,56.95,2006,71,8.58,35.1
162734,Active,878893,NA,NA,S,12,1,938037.095,82,2012,32,7.88,85.34
162735,Active,739618,NA,NA,S,9,1,5249473.598,76,2003,22,4.29,23.97
162736,Active,533562,NA,NA,D,12,1,84289.74625,129,2012,59,10.93,60
162737,Active,53637,NA,NA,D,10,1,1900121.408,82.2,2006,50,4,25.33
162738,Active,53636,NA,NA,D,11,1,467044.95,101.33,2009,39,6.48,63.67
162739,Active,123996,NA,NA,S,5,1,313263.35,188.95,2000,11,30.44,43.74
162740,Active,543842,NA,NA,S,3,1,711605.3313,78.95,2012,30,4.97,39.69
162741,Active,543843,NA,NA,S,3,1,310597.0775,78.95,2012,24,7.38,52.99
162742,Active,300461,NA,NA,S,3,1,274178.625,14.99,2011,95,4,0
162743,Active,644627,NA,NA,S,2,1,292174.8988,48,2012,26,36.97,37.94
162744,Active,906794,NA,NA,D,0,0,385245.1263,61,2005,28,6.38,47.84
162745,Active,1559054,NA,NA,S,1,0,181427.3275,47.95,2012,20,39.36,37.88
162746,Active,531840,NA,NA,S,3,1,173999.9063,47.8,2012,42,15.25,36.67
162747,Active,551860,NA,NA,D,1,0,3241735.469,25.33,2003,35,4,21.48
162748,Active,286072,NA,NA,D,2,1,514916.9788,33,2007,41,4,39.33
162749,Active,133175,NA,NA,S,3,1,555198.9175,55.6,2010,33,5.41,44.23
162750,Active,557674,NA,NA,S,3,1,1979624.684,56,2013,29,4,22.97
162751,Active,769684,NA,NA,D,4,1,2612576.28,13.98,2001,30,4,13.99
162752,Active,848219,NA,NA,S,3,1,2505250.923,101.16,1997,30,4,15.99
162753,Active,182991,NA,NA,D,5,1,384302.1188,283.95,2004,55,5.99,30.64
162754,Active,766821,NA,NA,S,10,1,812674.64,136.95,1998,25,10.3,73.98
162755,Active,909498,NA,NA,S,5,1,2718011.026,54.67,2007,23,4,78.33
162756,Active,609840,NA,NA,S,9,1,5945.265,150,2013,152,36.89,63.94
162757,Active,53782,NA,NA,D,8,1,519833.9588,43.99,2010,57,8.97,43.72
162758,Active,53781,NA,NA,D,6,1,343875.5338,14.32,2005,130,3.99,15.24
162759,Active,533554,NA,NA,D,8,1,33877.20375,76.87,2010,141,4.54,28.99
162760,Active,698676,NA,NA,D,8,1,1918257.218,83.5,2010,48,4.59,48.99
162761,Active,550174,NA,NA,S,6,1,1634686.28,54.38,2004,20,4.13,56.98
162762,Active,1424663,NA,NA,D,5,1,751466.37,47.95,2006,13,12.67,19.36
162763,Active,2301024,NA,NA,D,4,1,1430133.083,53.95,2003,27,5.33,53.98
162764,Active,3463606,NA,NA,D,7,1,2606284.65,0,2007,16,18.69,52.95
162765,Active,1433804,NA,NA,S,8,1,85015.44,55,2013,16,34.96,41.66
162766,Active,630528,NA,NA,S,9,1,32224.59125,55,2012,32,24.04,28.62
162767,Active,245228,NA,NA,D,1,0,719582.9563,203.95,2009,30,62.98,127.89
162768,Active,2530193,NA,NA,D,1,0,1327386.978,46.95,1995,20,33.37,80.51
162769,Active,2526598,NA,NA,D,1,0,278138.1975,35.95,1982,24,6.04,60.29
162770,Active,1542101,NA,NA,S,3,1,1149255.268,41.95,2010,25,43.72,180.77
162771,Active,2538578,NA,NA,D,2,1,1767570.988,39.95,2002,25,4.28,52.93
162772,Active,2536420,NA,NA,D,0,0,907278.0525,35.95,2001,20,28.92,98.54
162773,Active,2536422,NA,NA,D,0,0,2172875.196,49.95,2001,21,23.73,64
162774,Active,3517560,NA,NA,D,2,1,2422077.7,61.95,2009,20,10.01,42.72
162775,Active,3516086,NA,NA,D,2,1,1544798.6,35.95,2009,20,20.53,48.49
162776,Active,3646932,NA,NA,S,2,1,1093314.7,64.95,2015,42,45.98,50.04
162777,Active,2530759,NA,NA,D,1,0,2493017.891,48.95,1995,22,4,36.8
162778,Active,1545711,NA,NA,S,3,1,1848845.426,78.95,2011,18,34.18,78.95
162779,Active,2540486,NA,NA,D,2,1,1276880.836,35.95,2002,20,39.04,51.22
162780,Active,1541178,NA,NA,S,3,1,981788.6038,35.95,2009,15,39.99,101.32
162781,Active,2531072,NA,NA,D,0,0,1811995.26,39.95,1997,22,6.99,56.55
162782,Active,1542100,NA,NA,S,2,1,377306.48,43.95,2011,14,31.98,43.95
162783,Active,2538270,NA,NA,S,2,1,268608.9013,35.95,2001,44,4.77,50.17
162784,Active,633070,NA,NA,D,1,0,865410.025,259.99,2011,28,73.63,144.71
162785,Active,157745,NA,NA,S,6,1,612032.7875,59.95,2010,47,28.87,47.89
162786,Active,115233,NA,NA,D,5,1,921878.3938,68.73,2000,36,4,12.74
162787,Active,3272393,NA,NA,D,5,1,1141887.285,27.84,2001,39,5.59,37.47
162788,Active,2338767,NA,NA,S,4,1,1577280.919,48.8,1992,35,4,23.54
162789,Active,866980,NA,NA,S,9,1,46864.35125,54.95,2014,41,28.99,45.12
162790,Active,531831,NA,NA,D,8,1,65856.18875,57.95,2012,58,5.21,31.05
162791,Active,555649,NA,NA,D,6,1,568336.5725,49.95,2007,83,4,17.39
162792,Active,224975,NA,NA,S,0,0,50204.075,55,2002,54,6.82,29.46
162793,Active,127534,NA,NA,D,7,1,173573.2975,59.95,2009,106,4,7.95
162794,Active,126462,NA,NA,S,5,1,1861465.053,46.95,2003,72,4,6.98
162795,Active,555397,NA,NA,S,1,0,124797.28,39.95,1999,57,9.41,42.44
162796,Active,684813,NA,NA,S,2,1,26188.3075,35,2012,53,21.92,24.29
162797,Active,761284,NA,NA,D,2,1,3461452.138,150,2004,19,9.68,63.94
162798,Active,637070,NA,NA,S,1,0,75202.65375,90,2010,26,52.77,0
162799,Active,727994,NA,NA,D,1,0,3313798.09,98,1998,21,5.49,50.39
162800,Active,748326,NA,NA,D,2,1,2879618.573,150,2005,18,22.53,49.55
162801,Active,549097,NA,NA,S,2,1,983315.3,68.25,1992,59,4.33,58.75
162802,Active,549592,NA,NA,D,5,1,96612.38125,74.95,2005,33,26.77,68.85
162803,Active,538297,NA,NA,S,7,1,6243.98875,99,2013,51,49.94,50.18
162804,Active,531829,NA,NA,S,3,1,397740.5025,93,2011,43,20.17,56.39
162805,Active,789144,NA,NA,D,1,0,5245879.721,279,2004,17,33.54,72.79
162806,Active,531827,NA,NA,S,2,1,448093.3438,49.99,2008,23,31.64,34.99
162807,Active,224499,NA,NA,S,2,1,1236070.268,59.95,1997,27,4.41,37
162808,Active,105891,NA,NA,S,3,1,762977.5313,67.95,2003,33,4.94,85.41
162809,Active,659975,NA,NA,S,2,1,3014805.38,200,1994,16,10.99,63.63
162810,Active,56733,NA,NA,S,3,1,1631405.074,64.95,2002,46,4,17.99
162811,Active,1729001,NA,NA,D,1,0,3179578.669,138,2008,9,123.99,308.61
162812,Active,700723,NA,NA,D,1,0,2430007.461,159,2006,21,15.74,38.29
162813,Active,701867,NA,NA,S,2,1,777211.6875,175,2011,28,29.99,33.85
162814,Active,2664603,NA,NA,D,1,0,5738125.686,169,1999,21,11.98,69.49
162815,Active,651597,NA,NA,D,4,1,2211501.369,39.95,2003,12,12.65,57.85
162816,Active,2681255,NA,NA,S,2,1,1419475.366,44.95,1996,22,20.66,66.59
162817,Active,534758,NA,NA,S,6,1,71156.34875,85.99,2013,50,33.64,52.99
162818,Active,266297,NA,NA,D,1,0,2167066.506,52.99,2003,17,8.97,49.35
162819,Active,3514060,NA,NA,D,0,0,3522099.75,115,1992,11,10.47,220.7
162820,Active,297717,NA,NA,S,8,1,225359.9163,91.83,2009,15,34.95,48.99
162821,Active,279942,NA,NA,D,2,1,818481.2238,49.99,2009,37,12.44,36.99
162822,Active,2351093,NA,NA,S,5,1,2380605,160,2016,0,0,152.15
162823,Active,697615,NA,NA,D,3,1,2422742.394,108,1997,17,13.22,83.44
162824,Active,1533543,NA,NA,D,3,1,2213328.201,299,2007,19,63.76,84.99
162825,Active,902661,NA,NA,D,1,0,1028059.534,49.99,2004,13,17.65,73.77
162826,Active,193034,NA,NA,D,1,0,529787.8863,152,1996,43,27.98,73.97
162827,Active,531818,NA,NA,S,3,1,174867.1688,106.99,2012,41,48.99,67.98
162828,Active,187985,NA,NA,D,2,1,241584.1663,104.99,2000,47,7.73,31.99
162829,Active,193036,NA,NA,D,1,0,1754778.353,163,1996,21,8.97,106.99
162830,Active,621459,NA,NA,S,2,1,305966.1488,129.6,2003,51,4.35,45.35
162831,Active,607257,NA,NA,D,4,1,743809.0075,76.4,2002,59,4,12.31
162832,Active,713578,NA,NA,D,3,1,2733670.384,54.67,1998,39,4,21.37
162833,Active,630037,NA,NA,D,1,0,677990.7488,64.99,2010,32,24.36,33.29
162834,Active,655087,NA,NA,S,2,1,67314.44625,79.99,2013,69,46.51,48.78
162835,Active,872647,NA,NA,S,1,0,845197.56,49.95,1983,125,4,14.7
162836,Active,164744,NA,NA,S,1,0,687748.5025,85,1996,57,6.93,38.94
162837,Active,552723,NA,NA,D,5,1,190929.8313,94.2,2006,24,5.48,32.98
162838,Active,258406,NA,NA,D,2,1,989760.3125,79.5,2006,45,4.04,23.97
162839,Active,192846,NA,NA,S,2,1,849002.1613,63.95,2001,78,4,10.29
162840,Active,607379,NA,NA,D,2,1,764056.8588,73,2006,45,4,41.89
162841,Active,607752,NA,NA,D,3,1,330780.485,92,2009,45,8.69,52.05
162842,Active,3042666,NA,NA,D,1,0,593227.8463,95,1999,56,20.96,53.98
162843,Active,900649,NA,NA,S,1,0,977876.1213,24.95,2006,16,19.99,70.46
162844,Active,888471,NA,NA,S,7,1,4272179.089,75.95,2009,12,19.19,32.15
162845,Active,163205,NA,NA,S,2,1,1000932.906,86,2011,20,53.37,58.23
162846,Active,833697,NA,NA,S,6,1,445781.5125,125,2000,35,12.84,36.28
162847,Active,895815,NA,NA,D,3,1,3551923.898,74.95,2005,16,33.17,45.45
162848,Active,654634,NA,NA,S,5,1,1257731.219,89.95,2012,25,47.99,54.26
162849,Active,152503,NA,NA,S,2,1,404256.7975,54.95,2008,38,18.99,28
162850,Active,832957,NA,NA,D,2,1,792672.1313,99,1999,16,24.77,0
162851,Active,666612,NA,NA,S,4,1,49581.1,50,2008,14,45.94,43.97
162852,Active,607098,NA,NA,D,4,1,653908.0775,98.95,2008,28,27.94,73.34
162853,Active,3470241,NA,NA,D,2,1,5162797.4,63,1987,18,6.38,73.01
162854,Active,603747,NA,NA,S,4,1,1610416.883,109,2006,24,31.84,74.79
162855,Active,164380,NA,NA,S,1,0,28057.475,65,2002,46,12.99,18.99
162856,Active,598405,NA,NA,S,0,0,147325.105,18.99,2005,68,7.94,0
162857,Active,550038,NA,NA,S,7,1,304278.02,68.89,2003,43,10.86,68.94
162858,Active,641440,NA,NA,S,1,0,21315.825,81.95,2010,21,40.17,49.99
162859,Active,876396,NA,NA,D,0,0,590155.8613,29.99,2012,27,4.08,72.69
162860,Active,55398,NA,NA,D,2,1,171190.3613,54.95,2011,127,4,16.86
162861,Active,55397,NA,NA,D,0,0,976616.7488,54.95,2009,48,4,13.99
162862,Active,564326,NA,NA,S,0,0,162907.8238,51.95,1994,80,19.13,37.46
162863,Active,468719,NA,NA,D,0,0,925643.9163,38.5,2009,59,4,8.98
162864,Active,621300,NA,NA,D,0,0,277672.9263,48,2012,69,4.78,0
162865,Active,208324,NA,NA,S,1,0,38170.125,59.99,2007,19,34.94,39.97
162866,Active,2105391,NA,NA,S,0,0,656427.3388,56,2014,39,16.72,303.17
162867,Active,106865,NA,NA,S,5,1,37644.56,59,2011,51,22.96,33.85
162868,Active,161420,NA,NA,D,2,1,3585942.879,69.65,2000,18,5.14,50.66
162869,Active,2471100,NA,NA,D,1,0,4169480.55,106.95,1995,14,5.52,59.1
162870,Active,531811,NA,NA,D,3,1,341154.0963,246.95,2009,38,13.74,52.99
162871,Active,546643,NA,NA,D,0,0,3102136.205,177,2007,12,4.8,88.74
162872,Active,1460160,NA,NA,S,4,1,429183.1263,132,2010,19,28.97,53.32
162873,Active,598838,NA,NA,D,0,0,6510418.078,110,2004,19,4.8,43.99
162874,Active,114132,NA,NA,D,1,0,2412922.743,92.67,2001,22,19.09,142.61
162875,Active,147884,NA,NA,D,1,0,570924.205,222.95,2000,25,34.08,85.59
162876,Active,657032,NA,NA,S,2,1,1426594.86,48,2010,16,18.28,48
162877,Active,637132,NA,NA,S,2,1,616434.9425,151,2009,40,16.93,96.98
162878,Active,297999,NA,NA,D,1,0,540087.1938,206.95,2005,18,36.89,353.27
162879,Active,2169579,NA,NA,S,0,0,957463.63,166.95,2015,20,33.09,117.59
162880,Active,2118586,NA,NA,D,2,1,4345704.923,190,2006,15,100.52,137.9
162881,Active,620900,NA,NA,S,3,1,489020.5675,164,2002,43,9.19,83.95
162882,Active,907272,NA,NA,S,1,0,2021725.786,94.99,2006,17,42.82,141.88
162883,Active,644206,NA,NA,S,1,0,402197.5775,75,2003,23,6.74,32.18
162884,Active,752746,NA,NA,S,6,1,1532940.603,39.95,2010,10,9.99,53.71
162885,Active,2326887,NA,NA,S,0,0,214881.2475,9.99,2003,60,4,6.72
162886,Active,626677,NA,NA,S,0,0,22549.675,45.63,2012,37,31.15,33.99
162887,Active,870508,NA,NA,D,6,1,2603429.645,25.19,2009,46,5.58,14.97
162888,Active,607355,NA,NA,S,4,1,3330189.494,55.8,2003,58,3.99,6.58
162889,Active,557484,NA,NA,D,6,1,200598.8175,74.67,2009,101,4,11.97
162890,Active,610332,NA,NA,S,3,1,102372.83,67.95,2013,66,38.98,44.78
162891,Active,762296,NA,NA,D,2,1,2601654.24,84.95,2006,19,7.82,42.79
162892,Active,2679779,NA,NA,S,2,1,1229670.241,48,1994,24,4,48.33
162893,Active,918325,NA,NA,S,1,0,412667.745,12,2012,32,5.48,5.82
162894,Active,680276,NA,NA,S,0,0,16212.365,34.95,2009,44,11.87,18.28
162895,Active,613082,NA,NA,S,1,0,509345.8663,70,1999,145,4,10.79
162896,Active,1534047,NA,NA,D,2,1,1087197.116,89.99,2008,18,7.11,36.99
162897,Active,2344821,NA,NA,S,4,1,10955716.25,29.95,1996,23,4,39.75
162898,Active,106740,NA,NA,S,6,1,109163.4188,64,2009,76,35.22,56.64
162899,Active,141900,NA,NA,S,5,1,625325.4863,22.49,2008,32,5.65,38.98
162900,Active,734875,NA,NA,D,5,1,820091.5875,23.61,2010,38,4,6.6
162901,Active,141777,NA,NA,D,4,1,2076846.674,6.65,2005,37,4,4.34
162902,Active,626218,NA,NA,D,6,1,175880.495,159.79,2011,57,7.18,23.1
162903,Active,1445378,NA,NA,D,1,0,2466518.463,77.95,2006,26,48.98,100.7
162904,Active,1866770,NA,NA,S,0,0,39941.3,60,2014,14,39.79,36.89
162905,Active,872491,NA,NA,D,1,0,2181152.435,34.6,1982,32,4,50.52
162906,Active,120387,NA,NA,S,2,1,110544.4075,66.27,1997,88,9.34,53.99
162907,Active,543350,NA,NA,D,14,1,46873.97625,207.95,2013,123,15.02,47.99
162908,Active,52354,NA,NA,D,13,1,103480.4738,228.95,2010,110,4,13.5
162909,Active,178114,NA,NA,S,11,1,1631391.431,165.95,2004,106,4,4.21
162910,Active,52352,NA,NA,D,12,1,418563.8725,224.95,2007,113,4,14.94
162911,Active,619744,NA,NA,S,12,1,105218.5913,110.67,2012,39,44.69,102.07
162912,Active,51822,NA,NA,S,7,1,2170663.664,70.31,2001,40,4,21.76
162913,Active,51826,NA,NA,D,9,1,384307.4663,13.84,2008,156,4,13.13
162914,Active,51823,NA,NA,D,8,1,1325768.133,74.95,2004,102,3.99,12.87
162915,Active,770718,NA,NA,D,9,1,1608836.685,68.76,2003,51,4,5.29
162916,Active,557426,NA,NA,D,10,1,1315504.159,107.6,2007,28,4.39,55.55
162917,Active,561397,NA,NA,S,2,1,108139.8725,54.99,2010,40,16.6,31.86
162918,Active,110241,NA,NA,D,9,1,498312.5588,8.84,2008,70,4,8.84
162919,Active,531807,NA,NA,D,10,1,125808.2238,21.98,2011,108,4.39,13.49
162920,Active,2618515,NA,NA,S,2,1,206165.3838,74.95,1992,51,6.33,29.57
162921,Active,259355,NA,NA,S,0,0,260381.5375,66.64,2001,35,12.58,48.42
162922,Active,248054,NA,NA,D,4,1,987868.9225,83,2009,79,4,43.38
162923,Active,408145,NA,NA,D,3,1,1324478.619,71.95,2004,28,4,13.94
162924,Active,647565,NA,NA,S,2,1,1718907.716,80,2010,39,4,4.99
162925,Active,53872,NA,NA,D,9,1,74896.49125,227.95,2010,90,13.21,72.99
162926,Active,53871,NA,NA,D,7,1,418938.7788,250.95,2004,55,4,15.15
162927,Active,53870,NA,NA,D,8,1,394232.2288,218.95,2007,94,4,5.34
162928,Active,618255,NA,NA,S,1,0,33853.59375,164.4,2010,72,29.13,133.99
162929,Active,178845,NA,NA,S,3,1,402240.5738,144.95,2005,47,4.38,32.92
162930,Active,861255,NA,NA,S,2,1,747578.0763,51,2013,26,33.76,32
162931,Active,800698,NA,NA,D,1,0,1254183.183,57,2007,11,25.32,29.94
162932,Active,173949,NA,NA,S,2,1,655177.9663,35.75,2004,65,5.02,33.71
162933,Active,725149,NA,NA,D,2,1,5022628.866,40,2003,20,4.04,43.6
162934,Active,287146,NA,NA,D,3,1,1743685.756,44.99,2006,23,4,5.88
162935,Active,126712,NA,NA,D,2,1,2377075.951,72,2002,20,7.7,73.05
162936,Active,699225,NA,NA,D,8,1,3968217.376,90.5,2011,25,4.48,19.98
162937,Active,177310,NA,NA,D,4,1,1679778.334,206.95,2003,43,4,7.04
162938,Active,126822,NA,NA,S,3,1,214128.5675,114.95,2005,47,41.09,72.21
162939,Active,533895,NA,NA,D,7,1,322838.615,28.99,2008,69,4,27.76
162940,Active,853157,NA,NA,D,2,1,686727.74,66.75,2002,21,9.57,53.68
162941,Active,110751,NA,NA,D,8,1,73154.05,49.84,2011,102,9.94,28.1
162942,Active,875263,NA,NA,S,10,1,706824.93,115.91,2010,36,26.06,72.68
162943,Active,131578,NA,NA,S,7,1,707503.4275,73.4,2002,44,4,18.94
162944,Active,132405,NA,NA,D,9,1,193054.7863,106.4,2008,66,6.35,48.69
162945,Active,133215,NA,NA,D,10,1,34924.59125,143.8,2011,58,13.63,58.99
162946,Active,60202,NA,NA,D,8,1,527273.3925,103.4,2004,66,4,27.76
162947,Active,725254,NA,NA,S,2,1,4554243.4,59.95,2009,21,37.95,59.94
162948,Active,633233,NA,NA,D,4,1,273567.3325,50.09,2010,29,18.11,71.87
162949,Active,629844,NA,NA,D,2,1,4074929.451,70,1998,18,4.62,4.96
162950,Active,132663,NA,NA,D,11,1,90400.845,130.2,2009,146,4,22.92
162951,Active,656228,NA,NA,S,1,0,1271636.98,39.95,2009,18,34.81,32.78
162952,Active,2722287,NA,NA,D,1,0,1640535.2,49.95,2003,25,3.96,21.49
162953,Active,641105,NA,NA,S,2,1,545199.9325,59,2009,19,23.99,45.51
162954,Active,893162,NA,NA,S,2,1,361677.0988,64,2014,40,25.89,48.97
162955,Active,620223,NA,NA,S,2,1,915107.9213,40.5,2011,41,4,28.94
162956,Active,630538,NA,NA,S,5,1,121681.4625,107.33,2012,35,12.73,58.96
162957,Active,920969,NA,NA,S,2,1,69159.10375,95,2014,45,27.72,62.43
162958,Active,132117,NA,NA,D,3,1,798653.9538,4.43,2006,90,4,8.99
162959,Active,53161,NA,NA,D,7,1,905062.885,135.6,2007,145,4,8.99
162960,Active,53162,NA,NA,D,8,1,232532.7938,135.6,2010,87,4.12,45.97
162961,Active,540143,NA,NA,D,9,1,32165.145,161.2,2013,134,14.38,53.88
162962,Active,877558,NA,NA,D,8,1,4702349.483,31.98,2011,40,4,32.49
162963,Active,1588745,NA,NA,D,0,0,2336050.403,54.99,2007,23,5.98,31.07
162964,Active,212936,NA,NA,S,2,1,351937.215,57.95,2000,24,15.97,47.35
162965,Active,131740,NA,NA,D,2,1,2830999.024,96,2003,40,4,10.9
162966,Active,132362,NA,NA,D,3,1,513509.9838,120.4,2007,67,4,41.95
162967,Active,542807,NA,NA,S,2,1,260688.5438,62.23,2010,22,50.69,113.15
162968,Active,248153,NA,NA,S,2,1,159551.6825,72,2010,51,19.24,49.03
162969,Active,248073,NA,NA,D,1,0,220348.3488,68,2011,49,4.57,29.49
162970,Active,916296,NA,NA,D,0,0,3874180.223,8.99,2009,29,4.57,8.99
162971,Active,602488,NA,NA,D,0,0,924174.6438,68.38,2010,21,5.25,13.99
162972,Active,655259,NA,NA,D,0,0,792654.6713,23.94,2013,34,4,30.41
162973,Active,919768,NA,NA,S,0,0,195542.3025,0,2014,27,9.49,43.99
162974,Active,664751,NA,NA,S,1,0,108228.55,87,2013,12,28.38,45.99
162975,Active,100789,NA,NA,S,1,0,46377.175,109,2000,71,12.53,44.05
162976,Active,653676,NA,NA,D,1,0,710517.6675,67.99,2007,22,5.17,94.09
162977,Active,629534,NA,NA,S,2,1,702174.7063,43.95,2008,31,8.74,39.72
162978,Active,659940,NA,NA,S,2,1,261586.0288,72,2013,33,38.34,75.6
162979,Active,55309,NA,NA,D,7,1,64295.70375,209.95,2009,93,9.14,58.47
162980,Active,55308,NA,NA,D,6,1,476642.3363,225.95,2006,85,4,14.69
162981,Active,877480,NA,NA,S,3,1,520516.645,38,2008,31,28.99,87.42
162982,Active,661202,NA,NA,S,1,0,62362.19375,117.4,2010,41,19.92,67.77
162983,Active,592102,NA,NA,D,1,0,550036.535,83,2010,78,4,12.97
162984,Active,557610,NA,NA,S,1,0,358483.89,112.07,2010,23,31.74,148.46
162985,Active,872294,NA,NA,D,2,1,3465996.654,44.91,2007,23,4,45.49
162986,Active,867973,NA,NA,S,3,1,219510.2763,59.95,2013,29,17.15,50.64
162987,Active,51394,NA,NA,D,4,1,171334.7275,130.2,2009,90,4,24.97
162988,Active,877549,NA,NA,D,1,0,1561839.308,50.8,2008,46,4,4
162989,Active,133459,NA,NA,S,2,1,996663.9025,119.6,2011,32,10.74,69.99
162990,Active,132629,NA,NA,S,1,0,62352.85,128.8,2010,30,53.99,79.99
162991,Active,247834,NA,NA,S,0,0,71825.15,78,2008,16,56.59,56.6
162992,Active,262674,NA,NA,S,8,1,218783.2388,67.95,2005,51,4.87,33.99
162993,Active,620378,NA,NA,D,7,1,1422356.759,79.6,2002,28,4,35
162994,Active,557287,NA,NA,D,8,1,395765.6463,111,2006,23,5.64,45.85
162995,Active,110943,NA,NA,S,2,1,209149,163,2007,18,12.47,25.98
162996,Active,182627,NA,NA,S,8,1,613928.4163,246.95,2001,74,4,31.09
162997,Active,872581,NA,NA,D,1,0,105714.9188,99,2014,59,22.43,43.3
162998,Active,248042,NA,NA,D,1,0,202333.74,99,2009,67,4,38.99
162999,Active,144314,NA,NA,D,4,1,1673253.438,100.8,2002,45,4,25.05
163000,Active,428386,NA,NA,D,5,1,422777.7863,136,2006,40,9.79,52.57
163001,Active,288848,NA,NA,D,7,1,115921.7413,67.95,2011,69,5.13,19.23
163002,Active,147470,NA,NA,D,6,1,1055069.336,56.95,2007,77,4,9.94
163003,Active,147099,NA,NA,S,5,1,3330986.233,44.95,2003,39,4,11.89
163004,Active,53126,NA,NA,D,6,1,321187.7413,217.95,2011,82,5.97,39.68
163005,Active,877779,NA,NA,D,6,1,2145721.969,0,2011,34,4,0
163006,Active,53127,NA,NA,D,4,1,1338109.218,152.95,2005,52,4,9.19
163007,Active,53125,NA,NA,D,5,1,568272.195,214.95,2008,79,4,45.49
163008,Active,50250,NA,NA,D,6,1,2732747.259,219.95,2003,27,4,31.23
163009,Active,908435,NA,NA,D,1,0,1930388.275,95.95,1996,23,4,33.98
163010,Active,307767,NA,NA,D,0,0,5380730.565,53.99,2010,19,4.28,50.16
163011,Active,550481,NA,NA,D,1,0,79224.03125,96.6,2010,68,4,9.61
163012,Active,50556,NA,NA,D,5,1,187000.8413,194.95,2007,69,4.49,41.94
163013,Active,535971,NA,NA,D,7,1,22418.48625,179.95,2013,79,37.15,87.95
163014,Active,50557,NA,NA,D,6,1,198350.5963,198.95,2010,68,9.03,65.72
163015,Active,2170909,NA,NA,S,2,1,151720.15,51.95,2013,10,33.97,23.73
163016,Active,58319,NA,NA,D,3,1,134910.0363,45.36,2010,83,8.64,46.54
163017,Active,879596,NA,NA,D,3,1,457594.7125,63.03,2011,29,13.36,63.44
163018,Active,177597,NA,NA,D,6,1,353685.915,137.95,2004,73,4,8.88
163019,Active,58318,NA,NA,D,2,1,343773.7988,36.99,2005,68,4,28.44
163020,Active,144315,NA,NA,S,3,1,133730.2638,200.4,2002,69,6.55,51.4
163021,Active,169379,NA,NA,S,7,1,38801.90625,140.95,2009,42,40.98,53.93
163022,Active,555643,NA,NA,D,2,1,105204.23,89.95,2008,57,4,52.41
163023,Active,552194,NA,NA,D,0,0,1619960.189,106.67,2005,43,4,23.99
163024,Active,120030,NA,NA,D,2,1,254518.3675,146,2009,92,4,43.99
163025,Active,576722,NA,NA,D,2,1,99046.895,153.95,2011,75,5.7,53.41
163026,Active,797757,NA,NA,D,1,0,2242020.976,70.95,2004,30,4,5.2
163027,Active,593921,NA,NA,S,2,1,647895.2538,72.95,2009,37,5.09,45.85
163028,Active,118679,NA,NA,S,3,1,1020942.568,91.2,2006,49,4,23.8
163029,Active,868471,NA,NA,D,1,0,689757.9563,115.95,1997,31,4,41.77
163030,Active,200398,NA,NA,S,2,1,115752.8638,99.95,2008,47,34.42,44.77
163031,Active,598384,NA,NA,S,1,0,84053.575,56.99,2011,17,38.79,39.88
163032,Active,766237,NA,NA,S,5,1,321889.4838,88.95,2004,29,16.68,54.4
163033,Active,661933,NA,NA,S,3,1,266752.1975,58.95,2009,16,19.73,44.04
163034,Active,531800,NA,NA,S,6,1,172150.3388,59.99,2011,42,8.74,38.87
163035,Active,606636,NA,NA,S,2,1,185645.275,52.95,2008,17,32.34,51.24
163036,Active,3634061,NA,NA,S,2,1,1849396,42,2016,12,32.81,27.69
163037,Active,2347371,NA,NA,D,4,1,6901252.4,0,2001,12,5.13,58.75
163038,Active,608361,NA,NA,D,3,1,1750264.588,63.97,1994,31,4,33.49
163039,Active,103945,NA,NA,D,4,1,1444808.313,15.99,2001,26,5.5,18.99
163040,Active,105315,NA,NA,S,4,1,4580548.22,55.61,2001,10,6.38,47.44
163041,Active,551922,NA,NA,S,2,1,541282.6925,245.2,2001,33,34.76,63.99
163042,Active,566365,NA,NA,D,4,1,402173.5825,53.17,2000,26,5.86,56.47
163043,Active,558401,NA,NA,D,11,1,2572074.846,43.95,2008,38,4,11.16
163044,Active,135669,NA,NA,D,12,1,516279.8025,46.95,2010,50,4,10.32
163045,Active,2272561,NA,NA,D,13,1,5712606.021,40.77,2012,17,9.05,40.77
163046,Active,852825,NA,NA,D,1,0,1116104.654,76.56,2001,12,4,8.96
163047,Active,108667,NA,NA,S,2,1,405448.5663,422.63,2004,25,14.99,134.6
163048,Active,618337,NA,NA,S,5,1,227052.225,178.6,2000,61,4.14,73.99
163049,Active,2620279,NA,NA,D,1,0,2269469.565,73.95,1996,22,4,44.77
163050,Active,177604,NA,NA,S,3,1,65435.32,220.95,2003,71,22.48,45.7
163051,Active,60205,NA,NA,D,2,1,1888730.133,71.95,1999,44,4,35.11
163052,Active,534344,NA,NA,S,8,1,1406689.738,68.75,2004,35,3.98,8.74
163053,Active,53725,NA,NA,D,9,1,2140300.338,114.75,2007,67,4,12.99
163054,Active,53726,NA,NA,D,9,1,1036451.875,8.58,2006,69,3.99,8.61
163055,Active,2125237,NA,NA,D,1,0,2878213.126,69.95,2006,10,5.86,37.99
163056,Active,505034,NA,NA,D,3,1,2440282.566,180,2008,20,5.77,13.98
163057,Active,598848,NA,NA,D,2,1,5227630.03,119,2005,15,7.97,18.94
163058,Active,60206,NA,NA,D,5,1,449387.7175,246.95,2006,49,4.19,33.83
163059,Active,765718,NA,NA,D,4,1,3142731.881,130.95,2003,29,4,44.09
163060,Active,117034,NA,NA,S,1,0,64979.3,100.2,2007,31,43.63,75.93
163061,Active,174791,NA,NA,S,1,0,72296.7,49.99,1999,50,28.89,39.7
163062,Active,924277,NA,NA,S,6,1,2989.57125,110,2014,88,47.19,65.76
163063,Active,533960,NA,NA,D,4,1,773356.5363,89.95,2006,106,4,6.15
163064,Active,253982,NA,NA,D,5,1,29019.9175,116,2010,246,4.58,11.99
163065,Active,55036,NA,NA,D,3,1,1688964.628,82.95,2004,66,4,8.99
163066,Active,55037,NA,NA,D,4,1,260063.1813,99.95,2008,204,4,16.99
163067,Active,534684,NA,NA,S,5,1,9096.40625,116,2012,92,13.43,71.98
163068,Active,614772,NA,NA,D,1,0,41067.6075,114.99,2011,142,4.93,10.49
163069,Active,546785,NA,NA,S,8,1,10283.42125,116,2013,115,17.9,63.89
163070,Active,203882,NA,NA,D,7,1,126152.31,106.99,2009,153,4,15.89
163071,Active,203612,NA,NA,D,6,1,550673.9038,84.95,2004,70,4,5.46
163072,Active,543477,NA,NA,S,3,1,714861.7188,158.95,2000,52,4,38.39
163073,Active,867617,NA,NA,S,7,1,11538.2975,76.99,2014,50,31.85,45.19
163074,Active,870562,NA,NA,D,6,1,1722516.474,23.37,2010,51,5.59,16.8
163075,Active,270808,NA,NA,D,6,1,142362.8638,59.99,2010,215,3.84,12.87
163076,Active,119012,NA,NA,D,3,1,239365.185,61.2,2011,103,4.99,13.94
163077,Active,616742,NA,NA,D,1,0,864878.16,90,2009,39,5.52,33.99
163078,Active,660874,NA,NA,S,2,1,126613.5275,99,2013,48,38.94,58.31
163079,Active,58060,NA,NA,D,3,1,438076.655,197.95,2002,71,4,10.7
163080,Active,227324,NA,NA,D,1,0,1170423.659,99.95,1999,32,4,14.42
163081,Active,239454,NA,NA,S,0,0,637257.985,41.95,2002,45,12.05,22.62
163082,Active,217735,NA,NA,S,2,1,344867.1788,126.95,2004,45,42.96,92.8
163083,Active,2681667,NA,NA,D,2,1,5634392.353,763.38,2002,16,4,44.79
163084,Active,193154,NA,NA,D,3,1,5218676.429,63.95,2006,15,8.66,89.99
163085,Active,531795,NA,NA,S,4,1,2574328.686,81.95,2011,20,29.9,60.57
163086,Active,295975,NA,NA,D,4,1,2181371.423,55,1998,32,4,11.86
163087,Active,199951,NA,NA,D,2,1,575063.6513,55.95,2003,45,4,12.99
163088,Active,131518,NA,NA,S,2,1,297831.5263,134,2002,53,3.99,19.31
163089,Active,422277,NA,NA,D,5,1,1383453.759,156.2,2008,19,12.99,675
163090,Active,477742,NA,NA,D,2,1,733084.7763,173.95,2010,34,23.23,78.59
163091,Active,520733,NA,NA,D,2,1,533649.295,132.95,2009,80,4,14.71
163092,Active,477659,NA,NA,D,1,0,3903900.881,96.95,2005,21,4.79,12.45
163093,Active,421704,NA,NA,D,5,1,401530.745,135.6,2007,196,3.88,13.15
163094,Active,649822,NA,NA,S,2,1,190408.2875,115.95,2012,36,13.99,47.94
163095,Active,620637,NA,NA,S,2,1,505550.9425,100.95,2003,43,6.72,48.19
163096,Active,764861,NA,NA,D,1,0,2868676.366,144.95,2002,29,4,31.99
163097,Active,661114,NA,NA,S,2,1,236663.455,57.95,2011,36,30.87,36.57
163098,Active,541580,NA,NA,S,2,1,49105.35375,54.95,2012,35,39.71,40.34
163099,Active,200057,NA,NA,S,2,1,753758.6088,126.95,2007,32,10.67,19.99
163100,Active,534774,NA,NA,S,2,1,103250.5925,174.95,2012,56,28.01,49.97
163101,Active,200299,NA,NA,D,1,0,416434.9563,140.95,2008,30,4,33.99
163102,Active,60210,NA,NA,D,4,1,708090.9975,205.95,2005,89,4,11.98
163103,Active,169831,NA,NA,D,5,1,109252.54,317.95,2009,84,8.52,42.99
163104,Active,60211,NA,NA,S,3,1,3449437.328,122.95,2002,39,4,22.98
163105,Active,183718,NA,NA,S,4,1,1957816.771,151.95,2006,28,4.3,14.77
163106,Active,179192,NA,NA,D,5,1,1172277.789,143.95,2009,55,4,22.99
163107,Active,170001,NA,NA,D,5,1,438622.56,169.95,2010,41,4,27.58
163108,Active,253988,NA,NA,D,3,1,91214.77625,73.95,2011,115,14.17,35.09
163109,Active,248737,NA,NA,D,2,1,1570524.113,59.95,2005,54,3.99,11.32
163110,Active,580836,NA,NA,S,3,1,50357.59125,32.95,2012,37,22.98,26.95
163111,Active,61157,NA,NA,D,3,1,330878.0438,78.6,2000,36,4,22
163112,Active,287482,NA,NA,S,3,1,859602.805,141.2,1998,61,4,73.48
163113,Active,257224,NA,NA,D,1,0,1154446.576,55,1999,65,4,23.98
163114,Active,636505,NA,NA,D,0,0,956012.6113,34.95,2004,23,4.98,37.76
163115,Active,608605,NA,NA,D,4,1,3306902.391,146.95,2004,35,4,9.54
163116,Active,118834,NA,NA,D,5,1,454191.6713,122.6,2007,46,8.3,15.43
163117,Active,714285,NA,NA,D,3,1,2024964.208,89.8,2001,21,4,6.99
163118,Active,617976,NA,NA,D,5,1,913496.3588,57.95,2010,36,5.97,29.34
163119,Active,595091,NA,NA,D,6,1,222947.7475,75.95,2012,32,25.47,51.84
163120,Active,253939,NA,NA,D,6,1,304389.8275,172.95,2010,78,11.27,19.88
163121,Active,60212,NA,NA,D,5,1,1266372.516,205.95,2007,67,4,4.58
163122,Active,286999,NA,NA,D,2,1,596229.6488,49.95,2004,79,4,11.8
163123,Active,127600,NA,NA,S,3,1,102151.4163,75,2011,48,29.51,59.96
163124,Active,1506998,NA,NA,D,2,1,1270952.999,41,2007,38,4,15.94
163125,Active,1506518,NA,NA,S,3,1,1221583.93,43,2013,9,42.94,43
163126,Active,775553,NA,NA,S,4,1,2539418.699,100,2003,16,7.15,53.99
163127,Active,2431542,NA,NA,D,3,1,1369440.186,126.4,2002,37,4,22.95
163128,Active,906786,NA,NA,D,0,0,624076.2663,38,2005,35,4,39.02
163129,Active,455639,NA,NA,D,2,1,640356.3438,279.95,2006,54,4.13,27.48
163130,Active,428464,NA,NA,D,4,1,664077.1825,130.8,2009,38,4.3,51.97
163131,Active,552044,NA,NA,S,1,0,51135.575,197.2,2002,32,54.78,171.21
163132,Active,547123,NA,NA,S,4,1,588736.56,183.95,2002,40,4.67,53.45
163133,Active,545765,NA,NA,S,4,1,322864.2313,112,2013,49,42.78,75.77
163134,Active,247880,NA,NA,D,3,1,714634.5638,109,2007,68,4,25
163135,Active,640417,NA,NA,D,3,1,1454006.885,149.95,2009,21,9.9,48.99
163136,Active,177319,NA,NA,S,4,1,245799.4163,250.95,2000,57,4.15,58.63
163137,Active,290885,NA,NA,D,7,1,802585.4675,275.95,2007,92,4,34.14
163138,Active,876704,NA,NA,D,8,1,935493.0988,22.68,2010,43,6.6,22.56
163139,Active,608477,NA,NA,D,8,1,542551.91,250.95,2010,65,4,9.95
163140,Active,545061,NA,NA,S,3,1,193608.7488,73.95,2008,66,8.14,30.65
163141,Active,830398,NA,NA,D,1,0,957503.7825,60,2002,37,4,13.17
163142,Active,639297,NA,NA,S,2,1,193077.165,80,2008,40,33.98,50.72
163143,Active,54058,NA,NA,D,9,1,142336.4813,295.95,2010,34,6.34,49.04
163144,Active,54059,NA,NA,D,9,1,177857.2175,325.95,2007,64,5.13,52.19
163145,Active,54060,NA,NA,D,8,1,141765.5613,235.95,2004,60,8.74,48.69
163146,Active,183129,NA,NA,S,8,1,1369736.238,125.95,2004,44,4,11.1
163147,Active,618098,NA,NA,S,2,1,810773.565,64,2006,28,7.68,26.36
163148,Active,640154,NA,NA,S,5,1,659419.9813,127.4,2006,15,35.63,0
163149,Active,53042,NA,NA,D,6,1,373221.1625,113.95,2006,100,4,32.99
163150,Active,717678,NA,NA,S,4,1,1928105.326,68.95,1999,36,4.64,5.94
163151,Active,543840,NA,NA,D,8,1,20497.61375,158.95,2012,84,5.14,78.99
163152,Active,683026,NA,NA,S,0,0,29698.44,21.95,2013,26,11.61,16.49
163153,Active,115903,NA,NA,D,1,0,1133423.341,118.2,2004,17,6.29,54.26
163154,Active,157048,NA,NA,S,2,1,2293680.009,88.95,2002,21,35.99,78.07
163155,Active,184345,NA,NA,D,0,0,1151649.744,57.95,1999,66,6.15,28.98
163156,Active,638097,NA,NA,D,5,1,3041155.815,75,2008,25,4.89,68.99
163157,Active,901764,NA,NA,D,6,1,5742384.274,65,2010,22,4.97,65
163158,Active,1468560,NA,NA,D,0,0,5160027.833,79.95,2009,15,6.38,94.45
163159,Active,223037,NA,NA,D,1,0,5031791.881,96.95,1998,24,4,45.4
163160,Active,253856,NA,NA,S,3,1,270754.8713,107.95,2009,43,26.44,49.99
163161,Active,2934653,NA,NA,D,2,1,2742274.194,66.95,2005,20,6.87,30.99
163162,Active,1900781,NA,NA,S,3,1,746563.7288,65.95,2009,17,33.98,46.19
163163,Active,904803,NA,NA,D,0,0,3744920.968,35.95,2004,23,4,18.94
163164,Active,262663,NA,NA,D,2,1,2090451.341,44.95,2005,27,4.05,32.98
163165,Active,170033,NA,NA,D,4,1,157127.7688,240.95,2010,49,11,33.94
163166,Active,552991,NA,NA,D,5,1,149005.6688,116.4,2007,78,4.28,29.9
163167,Active,539225,NA,NA,S,6,1,59638,129.6,2012,59,41.58,84.99
163168,Active,594628,NA,NA,S,1,0,51687.175,135.95,2012,16,46.94,46.94
163169,Active,61215,NA,NA,D,3,1,355659.5963,240.95,2005,45,4,44.73
163170,Active,2626319,NA,NA,D,6,1,944030.9913,77.95,1993,14,4,7.98
163171,Active,767100,NA,NA,D,7,1,2450558.91,218.95,1997,19,4,59.96
163172,Active,147730,NA,NA,S,8,1,363896.785,247.95,1999,29,11.99,196.85
163173,Active,101378,NA,NA,S,2,1,744531.8763,235.95,1997,23,7.69,57.99
163174,Active,136780,NA,NA,S,2,1,78908.5125,120,2003,65,10.69,75.15
163175,Active,2691378,NA,NA,D,2,1,3064989.724,49.95,2003,30,4,9.34
163176,Active,293364,NA,NA,D,3,1,815955.0113,52.95,2007,29,4,45.77
163177,Active,243826,NA,NA,D,3,1,173866.1025,232.95,2011,109,7.22,45.42
163178,Active,245058,NA,NA,S,2,1,1435425.459,256.95,2004,53,4,12.99
163179,Active,558099,NA,NA,D,3,1,1508906.064,42,2010,20,10.38,11.47
163180,Active,254511,NA,NA,S,1,0,110429.4338,130.95,2011,53,39.59,53.38
163181,Active,574791,NA,NA,S,3,1,707888.6025,87,2010,20,8.44,39.6
163182,Active,255606,NA,NA,D,1,0,2637292.49,54,1995,19,19.79,41.99
163183,Active,142882,NA,NA,S,3,1,1181312.556,213,2006,36,7.36,70.77
163184,Active,917247,NA,NA,S,4,1,109224.425,89.99,2014,49,16.27,44.97
163185,Active,533527,NA,NA,D,8,1,278279.3538,259.95,2012,56,13.86,37.99
163186,Active,110616,NA,NA,S,3,1,257599.1213,43.99,2007,76,7.57,43.99
163187,Active,621908,NA,NA,S,2,1,165222.3575,160.95,2012,50,8.93,56.19
163188,Active,863785,NA,NA,D,1,0,611058.0775,164.95,2009,37,4,43.98
163189,Active,177817,NA,NA,S,10,1,285359.7775,195.95,2005,39,4,19.92
163190,Active,864599,NA,NA,S,32,1,741343.9113,59.75,2014,30,4.28,46.24
163191,Active,54120,NA,NA,D,7,1,697527.425,285.95,2010,54,4,17.04
163192,Active,561027,NA,NA,S,1,0,25408.0875,126.4,2012,63,48.98,74.85
163193,Active,538885,NA,NA,S,31,1,748861.1075,13.45,2013,44,8.96,16.98
163194,Active,608419,NA,NA,S,4,1,797432.4788,107.95,2006,37,5.42,73.98
163195,Active,175058,NA,NA,S,2,1,488038.2663,39.99,2009,25,18.99,28.97
163196,Active,704666,NA,NA,S,2,1,2258465.758,78.43,2004,51,4.14,12.9
163197,Active,3479926,NA,NA,S,2,1,70908.9,89.95,2015,47,47.98,56.93
163198,Active,290946,NA,NA,D,6,1,725401.4575,263.95,2009,59,5.05,21.6
163199,Active,169165,NA,NA,D,5,1,1716303.5,290.95,2006,48,4,6.69
163200,Active,60216,NA,NA,D,9,1,711394.0038,131,2007,64,4,28.98
163201,Active,531782,NA,NA,D,10,1,77188.265,163.2,2011,77,4,40.56
163202,Active,607929,NA,NA,S,8,1,1978561.873,112.6,2005,55,4,13.99
163203,Active,132546,NA,NA,D,9,1,718874.685,120.4,2009,53,4.97,38.99
163204,Active,57577,NA,NA,D,6,1,178387.5763,119.41,2011,39,17.99,128.09
163205,Active,606920,NA,NA,S,3,1,481718.0825,72.19,2001,25,4.3,43.99
163206,Active,57576,NA,NA,D,5,1,397519.8913,93.25,2008,31,4.59,57.99
163207,Active,534243,NA,NA,D,4,1,981540.3163,387.25,2005,24,6.69,64.85
163208,Active,608409,NA,NA,D,99,1,2313929.625,150,1996,20,13.99,44.95
163209,Active,911870,NA,NA,S,4,1,486450.2425,44,2014,28,14.8,25.17
163210,Active,182779,NA,NA,S,7,1,206744.9025,230.95,2003,60,18.98,61.3
163211,Active,254865,NA,NA,D,0,0,5306856.678,39.95,2005,18,4,11.78
163212,Active,279158,NA,NA,S,2,1,97430.3625,69,2010,23,18.91,56.55
163213,Active,1840753,NA,NA,S,1,0,95115.675,51.95,2014,21,33.74,35.97
163214,Active,2619459,NA,NA,D,4,1,9600807.431,79.95,1995,18,4,13.99
163215,Active,177858,NA,NA,S,6,1,54622.8475,307.95,2004,52,14.31,58.51
163216,Active,763745,NA,NA,D,5,1,2515524.071,113.95,1999,31,4,8.98
163217,Active,2083971,NA,NA,S,0,0,13614.9,62.99,2013,17,36.98,36.97
163218,Active,2896582,NA,NA,D,3,1,840754.7638,49.95,1998,25,28.98,161.6
163219,Active,699174,NA,NA,D,10,1,1486748.59,38.3,2010,19,7.97,37.86
163220,Active,698858,NA,NA,S,9,1,914163.77,44.18,2007,23,4,51.94
163221,Active,622437,NA,NA,S,1,0,1144264.479,73,2003,27,22.56,59.93
163222,Active,55035,NA,NA,D,10,1,130216.045,48.47,2010,73,7.13,57.15
163223,Active,55034,NA,NA,D,9,1,538974.42,38.94,2007,64,4,16.94
163224,Active,531779,NA,NA,D,5,1,567671.5313,99.95,2008,44,4.99,52.99
163225,Active,317056,NA,NA,S,7,1,2730522.931,100,1996,28,5.14,9.44
163226,Active,113560,NA,NA,S,9,1,2374856.014,136.67,2002,27,4,14
163227,Active,116856,NA,NA,S,10,1,85307.4525,291,2005,101,5.49,43.92
163228,Active,897645,NA,NA,D,4,1,665239.94,94.95,2004,20,4,52.57
163229,Active,618975,NA,NA,S,2,1,123800.875,39.95,2009,34,16.66,37.19
163230,Active,245223,NA,NA,S,4,1,1385996.471,167.95,2006,32,5.99,56.17
163231,Active,635233,NA,NA,D,2,1,593095.1075,194.95,2007,43,23.06,67.48
163232,Active,148225,NA,NA,D,1,0,2228311.113,206.95,2003,37,4,5.44
163233,Active,2127016,NA,NA,D,1,0,819699.08,45,2007,28,23.01,28.94
163234,Active,851178,NA,NA,D,1,0,562438.3588,194.95,2000,34,4,89.5
163235,Active,2124131,NA,NA,S,3,1,447035.575,65,2015,13,34.79,39.94
163236,Active,556294,NA,NA,D,6,1,3067737.469,95,2008,26,4.98,53.47
163237,Active,907670,NA,NA,D,5,1,4742252.508,75,2005,21,4.74,45.99
163238,Active,125880,NA,NA,S,1,0,237648.98,57.95,1998,39,23.49,49.8
163239,Active,188281,NA,NA,S,1,0,9964.825,40,1998,140,6.29,17.99
163240,Active,613595,NA,NA,D,1,0,181055.55,119.8,1986,83,5.09,41.41
163241,Active,2156176,NA,NA,S,2,1,595109.735,24.95,2006,56,4,9.58
163242,Active,866301,NA,NA,S,4,1,73988.545,77.6,2014,51,35.81,48.99
163243,Active,531776,NA,NA,D,3,1,509604.915,76.6,2010,79,4,24
163244,Active,664240,NA,NA,S,7,1,141068.4075,80,2013,23,42.57,67.3
163245,Active,255705,NA,NA,D,0,0,2371301.836,37.95,1997,34,4,24.97
163246,Active,255799,NA,NA,S,3,1,773255.4938,71.95,2008,18,43.96,55.65
163247,Active,2133184,NA,NA,D,0,0,135672.9888,79.95,2014,17,48.27,57.6
163248,Active,862350,NA,NA,S,5,1,1213.05625,65,2014,48,25,31.95
163249,Active,230556,NA,NA,S,0,0,610697.5563,29.95,2008,40,5.77,23.49
163250,Active,109434,NA,NA,D,6,1,1568542.216,15.31,2005,34,4.11,15.95
163251,Active,416281,NA,NA,S,5,1,2251374.38,121.1,2001,29,4.09,9.99
163252,Active,111025,NA,NA,D,7,1,675757.4075,128.29,2008,51,5.99,73.73
163253,Active,702240,NA,NA,S,3,1,1161206.428,40,2011,11,28.51,0
163254,Active,702174,NA,NA,S,5,1,928956.7725,40,2011,23,16.98,77.95
163255,Active,609755,NA,NA,S,3,1,2119985.705,39.95,2004,44,4,6.23
163256,Active,609933,NA,NA,S,7,1,183907.6463,44.99,2012,32,13.74,28.99
163257,Active,1490081,NA,NA,D,1,0,2577320.836,69.95,2012,30,4.34,33.94
163258,Active,619425,NA,NA,S,0,0,125902.6175,35,2005,123,4.98,10.01
163259,Active,702202,NA,NA,S,3,1,363978.2225,40,2011,18,10.93,0
163260,Active,162573,NA,NA,S,3,1,583007.4663,34.99,2008,40,12.31,116.11
163261,Active,702232,NA,NA,S,4,1,239506.5425,46,2011,17,14.98,19.88
163262,Active,3508635,NA,NA,S,3,1,1585614.4,130.11,2003,13,4.97,67.13
163263,Active,702095,NA,NA,S,2,1,573299.2338,46,2011,17,45.66,0
163264,Active,3828995,NA,NA,D,0,0,1222781.25,299,2009,27,23.8,53.99
163265,Active,701809,NA,NA,S,3,1,995943.2838,35,2011,8,12.88,23.34
163266,Active,166607,NA,NA,S,2,1,42140.05625,32.95,2004,46,13.28,21.27
163267,Active,916543,NA,NA,S,2,1,846183.0788,58.99,2007,58,4,38.5
163268,Active,212921,NA,NA,S,2,1,679789.3875,45.95,2000,40,3.97,25.74
163269,Active,892909,NA,NA,S,5,1,96494.7775,44.95,2015,18,29.68,29.08
163270,Active,2061261,NA,NA,D,1,0,1015898.074,129,2007,16,4,44.87
163271,Active,298343,NA,NA,S,3,1,1935353.724,34.99,2007,27,4,7.92
163272,Active,258463,NA,NA,S,2,1,541445.6663,120,2009,28,16.14,76.92
163273,Active,194213,NA,NA,S,2,1,324157.4563,44,2011,30,23.73,30.68
163274,Active,270379,NA,NA,S,2,1,100775.7825,39.95,2011,41,13.84,22.58
163275,Active,642155,NA,NA,S,6,1,71700.525,30,2012,18,16.3,18.51
163276,Active,830039,NA,NA,D,3,1,3880197.54,56.95,2002,19,4.91,38.99
163277,Active,702176,NA,NA,S,2,1,448890.1425,40,2011,13,42.89,0
163278,Active,267833,NA,NA,S,3,1,222332.275,19.95,2005,93,4,12.85
163279,Active,1474065,NA,NA,D,1,0,2006422.023,65,2012,22,5.67,65
163280,Active,702007,NA,NA,D,2,1,883840.1163,35,2010,11,15.99,31.44
163281,Active,336347,NA,NA,D,2,1,1064204.893,46.95,1999,31,4.73,13.74
163282,Active,866313,NA,NA,S,2,1,516286.155,54.95,2014,21,24.86,36.41
163283,Active,1489237,NA,NA,S,0,0,306954.1113,16.43,2013,13,16.02,15.71
163284,Active,3819558,NA,NA,D,1,0,4269191.65,53.95,2001,16,11.63,73.36
163285,Active,860030,NA,NA,S,1,0,668995.8275,49.99,2010,15,46.43,90.94
163286,Active,702187,NA,NA,S,5,1,1222118.945,40,2011,21,9.35,20.77
163287,Active,865397,NA,NA,S,3,1,259295.4688,49.99,2010,20,25.38,33.8
163288,Active,901807,NA,NA,D,0,0,2387672.839,120.62,1971,23,4,150.09
163289,Active,615327,NA,NA,S,2,1,20677.67625,75,2002,48,22.99,40.75
163290,Active,702008,NA,NA,S,2,1,887243.9375,46,2010,21,27.93,80.69
163291,Active,2261623,NA,NA,D,0,0,3237288.036,46.02,2011,33,20.6,87.98
163292,Active,804433,NA,NA,D,1,0,1000620.568,67.95,2010,18,15.87,118.99
163293,Active,194158,NA,NA,S,2,1,541409.0225,69,2009,28,17.99,43.97
163294,Active,1467447,NA,NA,S,2,1,567507.5063,39,2014,14,18.88,33.99
163295,Active,782189,NA,NA,S,3,1,142530.2738,59.99,2011,27,30.19,45.68
163296,Active,1927432,NA,NA,D,3,1,783239.9163,49.99,2010,13,33.45,35.12
163297,Active,538451,NA,NA,S,2,1,536973.91,34.01,2011,62,5.75,23.51
163298,Active,772015,NA,NA,S,8,1,441354.7413,34.76,2007,25,43.97,93.51
163299,Active,861258,NA,NA,S,1,0,77440.13375,39.99,2010,32,14.99,19.48
163300,Active,2349935,NA,NA,D,0,0,3344058.855,16.95,2003,24,4,44.83
163301,Active,1436822,NA,NA,S,0,0,738095.5238,40,2011,15,42.9,35.72
163302,Active,609100,NA,NA,D,2,1,1946014.695,83.95,1999,47,4,16.97
163303,Active,702119,NA,NA,S,2,1,962879,40,2011,10,17.28,0
163304,Active,917308,NA,NA,D,2,1,1339937.971,116.2,2005,47,4.09,53.85
163305,Active,861964,NA,NA,S,5,1,436993.895,59.99,2010,17,33.58,39.18
163306,Active,699927,NA,NA,S,1,0,1597334.158,72,2001,26,5.91,59.45
163307,Active,132607,NA,NA,D,6,1,457071.9275,108.6,2008,40,33.84,59.99
163308,Active,894016,NA,NA,S,0,0,3999506.15,31.89,2009,19,4.57,31.49
163309,Active,615115,NA,NA,S,0,0,11317.15375,165,2006,71,52.99,92.28
163310,Active,702194,NA,NA,S,2,1,1367161.866,46,2011,9,32,0
163311,Active,642234,NA,NA,D,2,1,211193.525,58,2012,26,42.99,50.59
163312,Active,152624,NA,NA,D,2,1,2329911,79.95,1996,27,4.78,43.73
163313,Active,254366,NA,NA,S,3,1,127863.0538,74.95,2010,35,44.94,47.17
163314,Active,2330436,NA,NA,S,2,1,742049.7275,132.01,1966,20,23.98,132.01
163315,Active,630282,NA,NA,S,4,1,235255.61,89.95,2003,44,28.94,65.51
163316,Active,648327,NA,NA,S,2,1,686097.9538,79.95,2001,24,42.14,62.9
163317,Active,2186408,NA,NA,D,2,1,2665268.499,79.95,2010,16,33.86,80.77
163318,Active,531732,NA,NA,D,8,1,267893.8663,93.37,2008,28,35.9,73.46
163319,Active,646486,NA,NA,D,8,1,248230.5088,13.99,2008,24,16.69,27.97
163320,Active,108366,NA,NA,D,7,1,321447.9263,73.52,2003,36,10.11,38.99
163321,Active,2618088,NA,NA,S,2,1,869655.5363,58.95,1990,24,4.65,18.99
163322,Active,628093,NA,NA,S,3,1,719435.6825,116.6,2004,39,38.21,92.83
163323,Active,719320,NA,NA,S,1,0,237589.59,35,2009,48,9.84,18.31
163324,Active,619786,NA,NA,D,1,0,242367.4163,45.95,2010,69,4.23,0
163325,Active,2044937,NA,NA,S,0,0,469165.195,45.99,2007,21,28.99,45.99
163326,Active,2533806,NA,NA,D,0,0,726339.5738,64.95,1998,23,5.25,28.98
163327,Active,653962,NA,NA,D,1,0,3353926.175,144.95,2004,13,9.64,12.14
163328,Active,641171,NA,NA,S,2,1,1207161.968,164.99,2012,32,12.53,12.49
163329,Active,1717472,NA,NA,D,1,0,3823954.236,239.95,2006,10,53.41,53.51
163330,Active,774899,NA,NA,S,3,1,3105637.035,249,2001,17,41.98,110.3
163331,Active,129633,NA,NA,D,0,0,2673768.793,49.99,1997,45,4,11.28
163332,Active,144462,NA,NA,D,1,0,945464.6663,86,2006,81,4,8.78
163333,Active,540054,NA,NA,S,2,1,57489.57375,111.4,2012,61,30.65,72.99
163334,Active,145424,NA,NA,S,2,1,674124.275,111.6,2006,50,4.4,37.77
163335,Active,800102,NA,NA,S,2,1,946524.45,66,2006,26,25.08,44.57
163336,Active,764670,NA,NA,S,1,0,775488.3925,82.95,2005,58,3.43,65.6
163337,Active,144960,NA,NA,S,7,1,828615.1575,79.2,2005,32,4,51.69
163338,Active,1867080,NA,NA,D,2,1,1276589.01,125.95,2007,17,35.75,35.64
163339,Active,888004,NA,NA,D,1,0,4376394.653,99,2003,11,64.97,64.98
163340,Active,558398,NA,NA,D,1,0,1687703.194,34.95,2007,31,5.33,12.22
163341,Active,535588,NA,NA,D,4,1,173351.5138,186.95,2013,88,4,9.5
163342,Active,169992,NA,NA,D,3,1,1606781.221,107.95,2009,42,4,43.7
163343,Active,169993,NA,NA,D,3,1,823784.68,201.95,2009,111,4,4.74
163344,Active,662268,NA,NA,D,6,1,821551.9775,399.31,2000,25,49.99,129.4
163345,Active,670466,NA,NA,S,7,1,33076.84625,47.48,2005,15,69.54,47.48
163346,Active,582843,NA,NA,S,3,1,434266.0525,56.95,2001,31,6.54,18.99
163347,Active,265160,NA,NA,S,3,1,645518.4275,121,2009,32,16.17,28.16
163348,Active,620341,NA,NA,S,1,0,475537.7288,62.4,2005,34,6.81,37.87
163349,Active,569776,NA,NA,S,3,1,2988578.405,111.95,2002,29,4,9.91
163350,Active,542237,NA,NA,D,4,1,104068.6788,259.95,2005,40,4,52.67
163351,Active,555838,NA,NA,S,2,1,289480.6838,65.95,2006,35,11.97,20.81
163352,Active,2410758,NA,NA,D,1,0,4312587.991,24,1998,34,3.6,11.62
163353,Active,2970241,NA,NA,S,3,1,315602.2663,45,2015,22,11.48,29.88
163354,Active,1729879,NA,NA,S,0,0,614437.0338,29.95,2007,55,4,6.71
163355,Active,116330,NA,NA,D,2,1,2107087.786,130,2010,21,5.78,70.75
163356,Active,118302,NA,NA,D,2,1,1489301.305,52.4,2010,43,4,25.66
163357,Active,3817847,NA,NA,D,1,0,10910748.75,99.95,2001,25,4.86,57.1
163358,Active,637037,NA,NA,D,4,1,967174.58,265,2010,29,71.95,85.08
163359,Active,743778,NA,NA,D,3,1,2331587.289,249,2007,18,7.55,149.05
163360,Active,193716,NA,NA,D,0,0,1226510.456,49.5,2010,27,4,13.99
163361,Active,574789,NA,NA,D,3,1,101633.7013,229,2011,80,4.42,89.69
163362,Active,193392,NA,NA,D,2,1,1383067.878,114,2005,33,4,106.21
163363,Active,776217,NA,NA,D,0,0,3361336.258,33.5,2009,17,3.99,13.99
163364,Active,1942281,NA,NA,S,3,1,1117693.405,38,2013,46,4,12.49
163365,Active,618771,NA,NA,D,2,1,1009478.071,87.99,1993,37,4,40.38
163366,Active,2084817,NA,NA,S,2,1,51132.7175,19.95,2011,43,5.97,14.31
163367,Active,635207,NA,NA,D,3,1,2211381.279,449,2008,23,121.89,133.99
163368,Active,248931,NA,NA,D,2,1,1507961.374,156.95,2007,19,33.99,88.86
163369,Active,192765,NA,NA,D,1,0,1657391.45,110,2001,16,4,4.88
163370,Active,245087,NA,NA,S,2,1,899853.9925,108.95,2003,26,28.83,102.11
163371,Active,120101,NA,NA,S,1,0,292408.825,125.4,2011,50,11.1,26.35
163372,Active,245067,NA,NA,D,1,0,1223862.12,86.95,2004,61,4,16.94
163373,Active,609495,NA,NA,S,6,1,871144.265,46.95,2007,33,16.09,32.78
163374,Active,545602,NA,NA,S,2,1,107978.03,84.95,2012,94,25,31.52
163375,Active,1752689,NA,NA,S,2,1,6783.0375,52.75,2012,12,32.84,28.95
163376,Active,531720,NA,NA,S,2,1,76222.96375,123.6,2012,83,5.62,38.72
163377,Active,254487,NA,NA,S,3,1,447601.555,103.95,2010,28,28.94,63.96
163378,Active,778136,NA,NA,D,1,0,1565923.455,80.95,2001,14,5.97,68.43
163379,Active,245165,NA,NA,D,2,1,973614.8538,198.95,2005,55,4,37.14
163380,Active,634678,NA,NA,S,4,1,779268.9725,105.95,2010,32,12.18,73.97
163381,Active,52865,NA,NA,S,2,1,1286301.361,138.95,2002,85,4,13.99
163382,Active,52866,NA,NA,D,3,1,816547.6088,105.95,2007,92,4.44,20.39
163383,Active,52867,NA,NA,D,4,1,89410.235,105.95,2010,116,4.69,29.24
163384,Active,61160,NA,NA,D,6,1,518973.39,114,2006,73,4,23.99
163385,Active,116147,NA,NA,D,1,0,474568.9238,52.95,2007,121,8.25,48.99
163386,Active,527008,NA,NA,S,2,1,17885.63625,69.2,2011,84,14.83,44.94
163387,Active,2011349,NA,NA,S,17,1,19624.91875,63.99,2013,23,31.75,98.98
163388,Active,804012,NA,NA,D,4,1,1298684.711,118,2007,25,4.56,82.3
163389,Active,909449,NA,NA,D,3,1,2075329.144,129,2002,29,4.4,54.31
163390,Active,515332,NA,NA,D,2,1,674865.8013,127.4,2009,69,6.85,22.82
163391,Active,115581,NA,NA,D,0,0,2622698.996,100.95,2005,35,5.65,14.29
163392,Active,3131588,NA,NA,D,2,1,4239492.758,65,2002,17,4,36.15
163393,Active,609103,NA,NA,D,3,1,357114.3638,226.95,2001,76,4,23.46
163394,Active,286064,NA,NA,D,2,1,2217311.989,76.2,2005,38,4,21.5
163395,Active,531717,NA,NA,D,3,1,636425.8,111.6,2009,72,4.49,26.98
163396,Active,534752,NA,NA,S,8,1,72495.1375,75.99,2012,39,17.19,36.23
163397,Active,203878,NA,NA,D,6,1,522691.5925,52.95,2006,35,4.76,18.99
163398,Active,789326,NA,NA,D,5,1,5772072.748,31.95,2004,25,3.93,6.81
163399,Active,203936,NA,NA,D,6,1,3387895.22,34.95,2007,23,4,10.98
163400,Active,545679,NA,NA,S,8,1,179947.1763,52.99,2012,32,8.99,9.64
163401,Active,534037,NA,NA,S,3,1,2119420.083,72.95,2003,59,4,7.76
163402,Active,435254,NA,NA,D,5,1,34497.49375,104,2011,93,18.79,57.45
163403,Active,870318,NA,NA,D,4,1,1868865.949,96.47,2007,48,5.59,56.51
163404,Active,533961,NA,NA,D,4,1,837537.5825,90.95,2007,80,4,23.99
163405,Active,639640,NA,NA,S,2,1,41129.06375,68.8,2013,31,40.92,48.91
163406,Active,200383,NA,NA,D,1,0,625768.9388,112.95,2009,33,9.04,58.81
163407,Active,865505,NA,NA,S,5,1,1670.84625,67.99,2014,47,34.88,50.69
163408,Active,3763443,NA,NA,S,2,1,69404,99.99,2016,10,70.51,94.99
163409,Active,246511,NA,NA,S,3,1,151233.6388,57.95,2010,64,32.63,34.44
163410,Active,131797,NA,NA,D,1,0,1232315.06,120.2,2007,39,4.04,48.53
163411,Active,110383,NA,NA,D,7,1,201101.2213,150.67,2010,33,53.15,106.67
163412,Active,109190,NA,NA,D,5,1,822241.0288,18.14,2006,46,5.1,16.68
163413,Active,110382,NA,NA,D,6,1,162785.5925,33.95,2008,36,6.2,29.99
163414,Active,50969,NA,NA,D,12,1,119525.1525,73.26,2010,64,16.04,60.62
163415,Active,630005,NA,NA,S,4,1,282569.3675,293.99,2011,22,25.74,28.99
163416,Active,390130,NA,NA,D,1,0,1713683.255,54.95,2002,30,4,33.98
163417,Active,908645,NA,NA,D,1,0,3534864.285,79.95,1998,21,4.8,33.14
163418,Active,531712,NA,NA,S,3,1,251541.4925,69.99,2012,58,8.8,26.35
163419,Active,1688591,NA,NA,S,4,1,1256142.301,44.99,2009,37,3.99,10.75
163420,Active,3572338,NA,NA,S,1,0,3256.25,44.99,2016,11,28.88,28.16
163421,Active,106980,NA,NA,S,5,1,1149383.748,59.99,2003,100,3.98,6
163422,Active,531710,NA,NA,D,8,1,29721.09375,60,2012,192,7.1,23.23
163423,Active,106792,NA,NA,D,7,1,426375.5813,59.99,2010,150,4.29,9.97
163424,Active,665166,NA,NA,S,2,1,834782.93,70,2013,14,6.48,34.58
163425,Active,637643,NA,NA,S,2,1,355155.7663,30,2012,46,4.38,16.98
163426,Active,619123,NA,NA,S,7,1,1216810.796,49.99,2010,39,4,0
163427,Active,162221,NA,NA,D,0,0,1760565.596,99.97,2007,19,6.98,17.56
163428,Active,544028,NA,NA,D,2,1,651977.99,99.97,2012,28,15.79,53.97
163429,Active,531708,NA,NA,S,2,1,285941.0413,69.99,2012,41,5.97,27.97
163430,Active,206767,NA,NA,S,3,1,2575554.988,44.99,2007,32,3.99,13.98
163431,Active,531706,NA,NA,S,6,1,48737.4325,44.99,2012,92,5.35,19.99
163432,Active,253890,NA,NA,D,0,0,1072947.059,44.99,2009,48,4,0
163433,Active,269758,NA,NA,D,2,1,2486449.12,44.99,2006,33,4.69,8.99
163434,Active,660654,NA,NA,S,1,0,110917.1563,50,2013,54,14.72,25.54
163435,Active,663127,NA,NA,S,1,0,35951.8,50,2013,14,27.87,30.95
163436,Active,1781227,NA,NA,S,3,1,23587.585,59.99,2015,21,35.6,35.61
163437,Active,1437429,NA,NA,S,1,0,85884.375,50,2014,9,28.71,28.7
163438,Active,1437547,NA,NA,D,5,1,842567.9938,175,2014,47,18.49,22.03
163439,Active,623342,NA,NA,D,5,1,199202.1975,60,2012,65,6.88,23.99
163440,Active,106717,NA,NA,D,4,1,738214.5163,59.99,2009,74,4,6.71
163441,Active,868020,NA,NA,S,6,1,2399.33,60,2015,36,23.96,34.05
163442,Active,881681,NA,NA,S,4,1,93771.055,99.97,2015,13,56.4,55.98
163443,Active,751628,NA,NA,D,2,1,1352047.669,99.97,2009,15,5.99,15.43
163444,Active,665368,NA,NA,D,3,1,838941.245,99.97,2012,21,13.27,25.49
163445,Active,622242,NA,NA,D,4,1,1748626.409,49.99,2009,34,4,21.75
163446,Active,655273,NA,NA,D,5,1,733609.9025,50,2012,30,4.96,25.27
163447,Active,339828,NA,NA,D,1,0,1071023.789,89.99,2009,30,4,6.88
163448,Active,871195,NA,NA,S,3,1,94480.7575,90,2015,19,39.25,46.12
163449,Active,294453,NA,NA,S,4,1,403590.1775,44.99,2012,85,4,12.74
163450,Active,206800,NA,NA,S,3,1,1368546.015,49.99,2009,44,4,8.73
163451,Active,534202,NA,NA,D,1,0,1494332.086,39.99,2009,38,4.34,6.24
163452,Active,534150,NA,NA,D,3,1,935354.925,99.97,2011,24,8.38,18.99
163453,Active,106691,NA,NA,D,2,1,1137954.509,59.99,2008,48,4,9.98
163454,Active,703141,NA,NA,D,1,0,1491368.554,62.99,2003,59,4,10.98
163455,Active,106875,NA,NA,S,3,1,185674.5775,60,2011,26,6.23,25.58
163456,Active,868018,NA,NA,S,4,1,8152.43,60,2014,26,25.97,34.17
163457,Active,617841,NA,NA,S,0,0,2251733.101,69.99,2006,24,3.99,7.99
163458,Active,647957,NA,NA,D,2,1,1199748.951,99.97,2009,18,5.98,10.35
163459,Active,655476,NA,NA,D,1,0,1090241.359,70,2011,26,8.7,30.3
163460,Active,1437552,NA,NA,S,2,1,112701.62,70,2014,15,26.69,35.69
163461,Active,1437646,NA,NA,S,2,1,117189.2325,50,2014,51,11.69,28.23
163462,Active,1781103,NA,NA,S,3,1,115625.345,79.99,2014,23,27.25,43.84
163463,Active,543870,NA,NA,D,2,1,858476.4388,79.99,2011,37,4.22,8.37
163464,Active,867405,NA,NA,S,6,1,25002.4,49.99,2014,34,28.98,30.54
163465,Active,608258,NA,NA,D,4,1,1306060.39,49.99,2008,95,4,6.5
163466,Active,244311,NA,NA,D,5,1,488212.7413,49.99,2011,63,4,5.97
163467,Active,1688812,NA,NA,S,1,0,468455,80,2014,22,49.84,72.98
163468,Active,625655,NA,NA,S,2,1,796911.945,79.99,2012,39,4,6.99
163469,Active,1688803,NA,NA,S,3,1,17269.05,49.99,2014,23,26.03,32.49
163470,Active,647258,NA,NA,D,3,1,675011.7775,44.99,2011,31,4,10.99
163471,Active,2168830,NA,NA,S,3,1,2798.87375,39.99,2014,104,23.99,27.06
163472,Active,639160,NA,NA,S,1,0,19747.525,49.99,2010,20,22.5,28.12
163473,Active,895039,NA,NA,D,1,0,1574896.035,69.95,2004,14,11.53,105.21
163474,Active,245634,NA,NA,D,1,0,3071706.244,139,2003,18,4.29,46.43
163475,Active,655514,NA,NA,S,1,0,378817.5125,52.95,2011,22,35.78,29.62
163476,Active,671474,NA,NA,D,2,1,1283922.589,149,2000,15,11.89,96.96
163477,Active,2878630,NA,NA,D,0,0,3936601.735,201,1995,18,11.88,68.44
163478,Active,2607123,NA,NA,D,0,0,1613099.319,160,2002,18,13.49,51.99
163479,Active,659336,NA,NA,D,1,0,1173953.93,108,2007,31,25.9,72.15
163480,Active,299235,NA,NA,D,2,1,586818.2738,139.95,1997,32,27.36,97.73
163481,Active,911313,NA,NA,D,1,0,2967693.77,34.95,1997,23,14.8,23.99
163482,Active,547291,NA,NA,S,3,1,365982.0188,49.95,2008,44,28.99,35.96
163483,Active,174680,NA,NA,S,2,1,421291.47,59.99,1998,43,17.66,30.98
163484,Active,347316,NA,NA,S,2,1,1205994.525,79.99,2009,34,51.69,55.98
163485,Active,3786623,NA,NA,D,1,0,3171565.15,185,1997,17,26.2,55.23
163486,Active,761605,NA,NA,D,1,0,2453859.891,163,2007,18,30.83,81.64
163487,Active,648950,NA,NA,D,2,1,1115080.453,170,2007,23,37.99,111.64
163488,Active,665220,NA,NA,S,0,0,44591.825,48,2012,18,31.86,39.83
163489,Active,905942,NA,NA,D,1,0,1777901.271,100,1996,19,8.97,62.31
163490,Active,756715,NA,NA,D,1,0,1141178.158,150,1997,19,12.93,58.43
163491,Active,165755,NA,NA,D,1,0,893593.6538,153,2005,24,29.66,102.57
163492,Active,643634,NA,NA,D,2,1,1012934.574,109.95,2007,26,37.2,39.98
163493,Active,889600,NA,NA,D,1,0,1262288.348,104.95,2001,16,11.49,19.94
163494,Active,285675,NA,NA,D,1,0,4814715.353,210,2005,16,4.77,33.13
163495,Active,894143,NA,NA,D,1,0,3449146.473,69.95,2000,16,4,91.83
163496,Active,192789,NA,NA,D,2,1,1266936.874,79.95,2001,32,3.99,55.68
163497,Active,545054,NA,NA,D,3,1,255378.1863,104,2008,36,29.4,119.57
163498,Active,646407,NA,NA,D,2,1,630367.8863,75,2006,21,5.89,59.45
163499,Active,624332,NA,NA,S,1,0,31830.73125,92.99,2010,159,48.99,66.83
163500,Active,641441,NA,NA,S,1,0,82166.875,57.99,2010,15,31.85,38.93
163501,Active,112031,NA,NA,D,5,1,2520431.535,74.38,2010,39,4,15.04
163502,Active,864901,NA,NA,D,7,1,500282.9888,186.5,2014,45,4,139.77
163503,Active,538745,NA,NA,D,15,1,61938.355,50.84,2013,61,5.88,43.49
163504,Active,877328,NA,NA,D,16,1,204545.915,219.25,2014,82,5.41,132.91
163505,Active,110636,NA,NA,S,12,1,1544738.326,123.44,2010,37,4.38,88.99
163506,Active,533472,NA,NA,D,14,1,540199.4238,41.69,2012,65,4,125.1
163507,Active,111643,NA,NA,D,13,1,993349.7225,8.71,2011,52,4,13.99
163508,Active,531696,NA,NA,S,16,1,862926.0963,36.98,2012,28,4,42.98
163509,Active,111654,NA,NA,D,15,1,943387.1313,294.82,2011,34,4.86,46.81
163510,Active,538715,NA,NA,D,17,1,197778.2438,27.11,2013,64,4.85,38.49
163511,Active,868524,NA,NA,D,18,1,182388.85,224.75,2014,35,16.14,153.99
163512,Active,117363,NA,NA,D,1,0,2215166.091,84.99,2006,27,7.62,21.95
163513,Active,552337,NA,NA,D,1,0,1263303.616,89.99,2006,23,69.71,56.95
163514,Active,113154,NA,NA,D,1,0,848843.2525,124,2009,58,5.75,46.08
163515,Active,113369,NA,NA,D,2,1,1482730.513,80.95,2007,28,5.49,37.69
163516,Active,256773,NA,NA,D,1,0,873360.08,94.95,2001,34,4,22.83
163517,Active,285712,NA,NA,S,5,1,15052.48125,89.95,2011,82,34.66,40.57
163518,Active,3472463,NA,NA,D,0,0,2979917,73,1993,26,6.68,47.99
163519,Active,126006,NA,NA,D,1,0,2886359.001,140,1999,17,16.14,42.99
163520,Active,649537,NA,NA,S,3,1,284077.5963,44,2013,33,27.4,30.57
163521,Active,646905,NA,NA,S,0,0,83630.75,105.95,2013,24,56.78,63.98
163522,Active,635700,NA,NA,S,1,0,620185.7463,200.95,2012,31,38.34,150.33
163523,Active,635577,NA,NA,S,1,0,34787.7475,186.95,2013,79,12.7,70.3
163524,Active,531690,NA,NA,S,4,1,1053055.014,129.95,2008,59,4,12.76
163525,Active,531689,NA,NA,S,4,1,2232769.603,143.95,2009,21,4.68,8.79
163526,Active,533294,NA,NA,D,15,1,2103625.644,133.95,2012,44,4,23.14
163527,Active,57680,NA,NA,S,12,1,2391083.33,106.95,2009,28,4,15.73
163528,Active,53840,NA,NA,D,14,1,1710358.885,133.95,2011,47,4,38.74
163529,Active,53839,NA,NA,S,13,1,2378257.738,143.95,2010,33,3.84,8.99
163530,Active,612134,NA,NA,S,0,0,69184.45,99.91,2013,17,31.47,55.16
163531,Active,52431,NA,NA,D,13,1,948957.8988,169.95,2010,84,4,14.49
163532,Active,534917,NA,NA,D,16,1,19011.6375,193.95,2013,106,7.98,44.99
163533,Active,52430,NA,NA,S,12,1,546823.8225,154.95,2008,65,4,31.19
163534,Active,178950,NA,NA,S,8,1,1565255.074,64.95,2010,43,4,8.87
163535,Active,531688,NA,NA,S,9,1,354613.4363,62.95,2012,39,6.23,52.15
163536,Active,178948,NA,NA,D,8,1,1177156.375,142.95,2010,73,4,11.99
163537,Active,562233,NA,NA,D,7,1,2157301.871,156.95,2009,51,4,29.57
163538,Active,551405,NA,NA,S,2,1,870707.8388,90.25,2009,33,4.34,16.99
163539,Active,143320,NA,NA,D,2,1,1354477.356,188,2009,29,5.25,259.73
163540,Active,162206,NA,NA,S,6,1,1204288.006,169.5,2008,57,4,13.58
163541,Active,552008,NA,NA,D,3,1,2001625.349,55.6,2000,48,4,45.93
163542,Active,264742,NA,NA,S,2,1,205858.4938,49.99,2009,33,9.69,23.75
163543,Active,114459,NA,NA,S,2,1,250151.5588,52.8,2001,35,6.39,35.49
163544,Active,539257,NA,NA,S,3,1,101174.8488,110,2013,58,43.57,71.98
163545,Active,118962,NA,NA,D,2,1,855176.4263,103.4,2008,90,4,10.99
163546,Active,254482,NA,NA,D,1,0,330382.7388,104.95,2011,38,7.38,28.94
163547,Active,2424444,NA,NA,D,0,0,1498967.306,44.4,1982,99,4,9.99
163548,Active,633725,NA,NA,S,3,1,115548.285,99.99,2013,35,73.98,73.1
163549,Active,763008,NA,NA,D,1,0,3787197.473,75,1998,33,4,14.87
163550,Active,647937,NA,NA,S,2,1,454137.5438,65,2007,33,13.21,55.24
163551,Active,100437,NA,NA,D,2,1,1535103.658,110,2000,61,4.08,19
163552,Active,116868,NA,NA,S,3,1,412226.6288,204.4,2006,77,38.19,87.61
163553,Active,618106,NA,NA,S,2,1,2894194.703,73,1994,24,4,20.63
163554,Active,551629,NA,NA,D,3,1,126106.57,139.8,2003,74,4.14,20.96
163555,Active,876753,NA,NA,S,5,1,283486.77,189.95,2014,41,44.77,113.99
163556,Active,533291,NA,NA,S,4,1,405986.5913,148.95,2012,33,5.99,90
163557,Active,57765,NA,NA,D,2,1,1384604.131,198.95,2005,55,4,8.98
163558,Active,633849,NA,NA,D,4,1,513429.5125,180.95,2012,68,5.98,22.75
163559,Active,57767,NA,NA,D,3,1,695178.4375,163.95,2009,45,4.92,41.63
163560,Active,629310,NA,NA,S,2,1,533134.5525,80.4,2012,56,4,16.49
163561,Active,860684,NA,NA,S,2,1,573558.9725,80.4,2012,45,4.48,16.2
163562,Active,114818,NA,NA,D,1,0,968963.9788,111.6,2001,21,9.24,59.25
163563,Active,893852,NA,NA,D,1,0,3204109.143,124.95,2006,13,88.92,293.59
163564,Active,873114,NA,NA,D,0,0,451384.35,32.5,2008,16,5.72,73.77
163565,Active,596595,NA,NA,D,3,1,1199692.816,89.95,2003,33,4,11.26
163566,Active,120708,NA,NA,D,5,1,266042.0688,186.2,2008,53,5.04,27.98
163567,Active,115285,NA,NA,S,3,1,2038674.965,100,2001,46,4,7.98
163568,Active,114907,NA,NA,D,4,1,492739.935,120.67,2002,89,4.34,41.98
163569,Active,2226377,NA,NA,S,5,1,561868.1788,15.53,2012,8,23.99,32.34
163570,Active,873558,NA,NA,S,3,1,3173523.493,68.6,1996,32,4.08,65.71
163571,Active,539000,NA,NA,S,5,1,20875.08625,99.95,2011,40,41.48,43.99
163572,Active,551512,NA,NA,D,4,1,565246.1963,103,2007,55,4.58,19.99
163573,Active,531682,NA,NA,D,9,1,81690.06,186.6,2012,50,12.78,46.99
163574,Active,114329,NA,NA,S,6,1,2601917.534,108,2002,49,4,33.48
163575,Active,607471,NA,NA,D,8,1,263666.7013,163.8,2009,48,4.17,35.45
163576,Active,627667,NA,NA,D,5,1,1097643.481,17.95,2001,50,4,21.98
163577,Active,697810,NA,NA,D,6,1,567603.8913,34.94,2011,18,29.77,49.48
163578,Active,897724,NA,NA,D,3,1,1761903.84,89.95,2000,22,4,44.38
163579,Active,3524719,NA,NA,S,2,1,4829694.2,80,1999,36,4.54,39.34
163580,Active,57474,NA,NA,D,11,1,171773.4925,158.2,2011,57,18.36,60.3
163581,Active,177212,NA,NA,S,3,1,81760.73125,238.95,2006,48,59.82,75.96
163582,Active,176844,NA,NA,D,2,1,654346.8613,231.95,2000,45,4,25.17
163583,Active,57478,NA,NA,D,10,1,377629.1013,128,2008,40,4.98,43.94
163584,Active,636819,NA,NA,S,5,1,162929.6163,149.95,2012,30,6.48,64.19
163585,Active,533273,NA,NA,D,5,1,21451.5825,157.95,2012,98,7.36,38.99
163586,Active,2271165,NA,NA,S,5,1,1244548.286,132,2012,26,18.08,67.46
163587,Active,58295,NA,NA,D,3,1,195052.1625,105.95,2006,91,4,23.99
163588,Active,58296,NA,NA,D,4,1,277955.4888,101.95,2009,117,4,20.99
163589,Active,57477,NA,NA,D,9,1,1266411.939,92.8,2006,53,3.42,17.48
163590,Active,340000,NA,NA,S,3,1,104646.845,62.95,2011,38,22.04,33.91
163591,Active,321588,NA,NA,S,1,0,231154.8638,99.99,2002,38,28.84,78.89
163592,Active,117244,NA,NA,D,1,0,1074962.586,83,2005,37,4,19.69
163593,Active,165436,NA,NA,D,4,1,463495.2088,115,2002,29,4,54.79
163594,Active,166815,NA,NA,D,5,1,915739.4825,231.95,2009,22,25.87,53.99
163595,Active,423249,NA,NA,D,1,0,838843.7013,127,2007,39,4,34.89
163596,Active,531679,NA,NA,D,2,1,154271.5838,146.6,2011,39,6.06,43.89
163597,Active,876005,NA,NA,D,3,1,1542748.979,29.28,2009,22,6.99,25.51
163598,Active,266986,NA,NA,D,3,1,1113437.039,93.28,2008,43,5.91,18.41
163599,Active,577865,NA,NA,S,0,0,179103.05,73.33,2011,88,4.39,9.86
163600,Active,531676,NA,NA,D,4,1,54767.455,233.95,2009,35,15.31,58.97
163601,Active,120827,NA,NA,D,2,1,14488.70625,158.6,2010,82,25.67,107.99
163602,Active,576602,NA,NA,D,3,1,548462.6088,131.95,2005,21,4.34,44.98
163603,Active,285808,NA,NA,S,0,0,303776.015,149,2002,57,13.44,26.86
163604,Active,2795598,NA,NA,D,1,0,1259916.056,116,1996,35,4,28.99
163605,Active,313187,NA,NA,S,2,1,408812.8425,180,2003,47,19.92,43.94
163606,Active,129946,NA,NA,S,1,0,228956.54,179.4,2000,38,38.65,85.5
163607,Active,115109,NA,NA,D,1,0,359222.9388,152,2002,39,5.23,51.41
163608,Active,601726,NA,NA,S,0,0,75459.875,89.95,2010,27,49.24,63.89
163609,Active,2525706,NA,NA,D,3,1,3596803.715,79.95,1996,19,4,46.21
163610,Active,3076912,NA,NA,D,4,1,1751449.359,95.95,2003,22,4.58,53.19
163611,Active,115890,NA,NA,S,3,1,420577.9013,213,2004,25,48.25,0
163612,Active,3472140,NA,NA,D,2,1,1841388.3,104,2000,25,4.87,24.76
163613,Active,788363,NA,NA,S,6,1,3600921.075,123.95,2003,19,4,8.89
163614,Active,249748,NA,NA,D,7,1,2120726.561,252.95,2005,19,4.86,24.1
163615,Active,592345,NA,NA,D,2,1,1891462.071,122,2008,37,4,9.99
163616,Active,861261,NA,NA,S,4,1,685662.6775,143,2013,23,54.03,58.99
163617,Active,531673,NA,NA,D,3,1,991980.5488,143,2010,57,3.99,51.53
163618,Active,870947,NA,NA,S,11,1,2813156.145,77.33,2003,28,4,16.41
163619,Active,119088,NA,NA,S,12,1,197948.1725,183.6,2011,145,4.9,48.97
163620,Active,118914,NA,NA,S,9,1,2747592.434,104.67,2007,54,4,4.58
163621,Active,120190,NA,NA,S,11,1,1581222.194,122,2010,70,4,10.34
163622,Active,119090,NA,NA,S,12,1,260386.3475,159,2011,114,4,8.98
163623,Active,607496,NA,NA,S,10,1,1650341.896,108.67,2008,54,3.87,13.52
163624,Active,687259,NA,NA,S,2,1,576904.1813,29.99,2013,24,19.81,24.43
163625,Active,665252,NA,NA,S,0,0,310836.01,77.69,2011,31,4.98,0
163626,Active,531669,NA,NA,S,12,1,1816237.275,101.33,2004,27,4,21.81
163627,Active,126262,NA,NA,S,3,1,465163.8663,49.95,2002,28,12.99,46.99
163628,Active,55304,NA,NA,S,5,1,1467521.794,9.6,2006,69,3.87,7.52
163629,Active,537696,NA,NA,D,8,1,51225.7525,204.25,2012,107,4.78,30.78
163630,Active,55305,NA,NA,D,7,1,223815.5825,12.59,2010,187,4,9.26
163631,Active,111583,NA,NA,D,7,1,770948.9163,61.36,2010,54,4.14,18.15
163632,Active,622657,NA,NA,S,4,1,459894.7275,97.24,2010,67,5.19,14.98
163633,Active,778938,NA,NA,S,3,1,1821512.579,65.99,2008,37,4,14.99
163634,Active,531667,NA,NA,S,5,1,398528.3063,53.24,2007,29,21.41,47.95
163635,Active,56853,NA,NA,S,21,1,1888555.641,6.74,2011,66,4,6.74
163636,Active,56851,NA,NA,D,22,1,829596.2675,13.53,2012,67,4,12.99
163637,Active,538528,NA,NA,D,24,1,92290.8,19.9,2014,63,5.9,17.99
163638,Active,309102,NA,NA,D,23,1,630987.965,11.98,2013,47,4.71,9.95
163639,Active,538728,NA,NA,D,24,1,734177.6863,41.57,2013,55,4,30.51
163640,Active,550968,NA,NA,D,22,1,1074735.175,148.75,2011,68,4,12.12
163641,Active,199985,NA,NA,D,0,0,1331082.355,159.95,2003,32,4,25.99
163642,Active,254502,NA,NA,S,2,1,551397.5725,207.95,2011,42,25.08,27.27
163643,Active,865259,NA,NA,S,3,1,367321.6138,105.75,2013,18,35.04,90.64
163644,Active,1569043,NA,NA,D,2,1,658626.9888,47.15,2009,52,4,36.1
163645,Active,758247,NA,NA,D,1,0,1174089.129,16.99,2007,44,4,24.99
163646,Active,1569044,NA,NA,S,2,1,722764.7275,243.27,2009,25,4,71.87
163647,Active,638410,NA,NA,D,3,1,1429923.313,105.09,2008,23,13.74,32.98
163648,Active,609406,NA,NA,D,2,1,3717884.895,97.95,2003,28,4.14,18.93
163649,Active,2679177,NA,NA,D,0,0,2354760.859,46,1994,26,4,28.99
163650,Active,293137,NA,NA,S,2,1,133804.1225,72.95,2000,44,29.99,56.76
163651,Active,56720,NA,NA,S,2,1,739650.9863,30.95,2007,136,4,8.76
163652,Active,533343,NA,NA,S,3,1,131616.0925,35.95,2011,98,4,9.25
163653,Active,128577,NA,NA,S,2,1,207255.9275,65,1997,48,4.69,28.74
163654,Active,298246,NA,NA,S,0,0,161353.0938,36.95,2006,66,8.84,24.74
163655,Active,270110,NA,NA,D,6,1,176199.44,47,2010,79,6.93,28.94
163656,Active,610195,NA,NA,S,7,1,15261.545,45,2013,58,22.69,23.58
163657,Active,874820,NA,NA,S,3,1,3733479.136,17.95,1998,27,3.74,31.67
163658,Active,600102,NA,NA,D,5,1,891492.6313,43,2006,70,4,10.45
163659,Active,258438,NA,NA,S,2,1,193620.5325,85,2008,29,27.18,33
163660,Active,802219,NA,NA,S,3,1,673845.765,50.95,2005,30,10.84,20.48
163661,Active,115418,NA,NA,S,2,1,512027.005,152.6,2001,44,4,47.01
163662,Active,2573409,NA,NA,S,3,1,390303.14,272.25,1994,49,6.07,59.33
163663,Active,286056,NA,NA,S,2,1,282256.4875,139.87,2006,33,13.31,0
163664,Active,561721,NA,NA,D,1,0,46200.04375,105,2012,122,10.56,0
163665,Active,592210,NA,NA,S,2,1,1241387.34,38.95,2003,65,4,11.99
163666,Active,51317,NA,NA,S,3,1,289306.2925,166.11,2005,81,8.57,63.99
163667,Active,764064,NA,NA,S,2,1,2336721.625,107.95,2001,25,4,29.87
163668,Active,416640,NA,NA,D,13,1,752189.3138,144.25,2008,28,4.88,77.26
163669,Active,58055,NA,NA,D,12,1,1689350.5,43.5,2006,55,4.16,33.97
163670,Active,265165,NA,NA,D,5,1,201567.155,93,2010,34,18.39,57.99
163671,Active,264303,NA,NA,S,2,1,173675.235,74.99,2010,101,18.34,35.43
163672,Active,55166,NA,NA,D,3,1,253776.61,115.95,2008,62,4,11.87
163673,Active,55165,NA,NA,D,2,1,1794882.951,122.95,2005,40,3.79,12.05
163674,Active,118313,NA,NA,D,13,1,265029.3438,170.8,2011,82,4.71,48.76
163675,Active,51122,NA,NA,D,12,1,694412.185,144,2009,70,4,46.75
163676,Active,128364,NA,NA,D,0,0,1654579.543,85,2006,21,10.69,52.94
163677,Active,129298,NA,NA,S,2,1,352340.4163,55,2009,24,37.99,36.98
163678,Active,899671,NA,NA,D,0,0,2961032.768,79.95,1996,19,9.93,53.03
163679,Active,293862,NA,NA,D,4,1,2009145.145,57.95,2005,36,4,15.1
163680,Active,200599,NA,NA,D,6,1,182851.885,149.95,2011,63,4.84,32.3
163681,Active,200327,NA,NA,D,5,1,395939.1025,111.95,2007,47,4,22.99
163682,Active,309726,NA,NA,D,1,0,1222980.644,204.75,2008,63,4.3,7.24
163683,Active,111265,NA,NA,D,2,1,160632.895,38.99,2010,94,4.78,14.5
163684,Active,146054,NA,NA,S,1,0,799956.0088,199.67,2008,22,30.19,134.99
163685,Active,145112,NA,NA,S,1,0,951370.9825,150.67,2007,40,10.63,23.99
163686,Active,146032,NA,NA,S,1,0,504686.1675,211.2,2008,59,12.94,63.99
163687,Active,57412,NA,NA,S,5,1,910098.4375,81.95,2001,55,4,4.95
163688,Active,57410,NA,NA,D,7,1,301892.2225,204.95,2008,65,4.76,40.92
163689,Active,57414,NA,NA,D,6,1,1215148.703,120.95,2005,57,4,18.99
163690,Active,380529,NA,NA,D,7,1,77921.085,129.95,2011,78,4.15,35.99
163691,Active,251083,NA,NA,D,6,1,841240.2563,142.95,2007,85,4,37.88
163692,Active,60221,NA,NA,S,5,1,496019.93,156.95,2004,50,3.99,10.38
163693,Active,533505,NA,NA,D,9,1,253235.0113,135.25,2010,97,4.89,17.99
163694,Active,54368,NA,NA,D,8,1,861882.0463,13.98,2008,91,4,43.93
163695,Active,146512,NA,NA,D,10,1,29230.185,211.2,2011,143,8.47,41.99
163696,Active,111596,NA,NA,D,1,0,1506062.211,243.25,2011,24,12.9,184.7
163697,Active,878081,NA,NA,S,11,1,240691.135,151,2014,41,23.99,93.97
163698,Active,110597,NA,NA,D,1,0,174956.685,235.5,2011,65,4,87.47
163699,Active,52160,NA,NA,D,9,1,149121.9088,192.2,2008,117,4.34,21.99
163700,Active,549023,NA,NA,D,5,1,569493.55,178,1994,34,4.14,13.94
163701,Active,258448,NA,NA,D,2,1,472170.5313,95,2008,23,48.68,63.61
163702,Active,53130,NA,NA,D,16,1,67918.76,61.24,2010,76,7.47,13.45
163703,Active,53129,NA,NA,D,14,1,2627472.943,61,2006,61,4,24.01
163704,Active,53128,NA,NA,D,15,1,1172698.449,40.54,2008,73,4,40.54
163705,Active,54446,NA,NA,D,9,1,154293.5263,134,2009,39,6.99,45.49
163706,Active,54448,NA,NA,D,8,1,950914.63,131,2007,60,4.12,15.74
163707,Active,647249,NA,NA,S,0,0,707681,45,2011,25,23.28,31.51
163708,Active,579401,NA,NA,D,3,1,916340.5738,10,2007,56,0.96,33.48
163709,Active,613076,NA,NA,D,4,1,1095984.781,61.95,2006,75,4,6.92
163710,Active,147635,NA,NA,D,5,1,48411.6925,78.95,2010,157,3.93,26.49
163711,Active,613394,NA,NA,D,3,1,418136.7238,62.95,2004,53,4,8.99
163712,Active,616740,NA,NA,S,4,1,51607.97375,84.95,2009,76,48.99,59.2
163713,Active,212604,NA,NA,D,0,0,84108.99625,162.87,2006,90,6.99,40.92
163714,Active,2602128,NA,NA,D,1,0,942729.3388,65,1997,23,15.82,33.87
163715,Active,1589729,NA,NA,S,2,1,169863.47,69.99,2009,34,44.66,52.91
163716,Active,114618,NA,NA,S,4,1,843471.2138,90.6,2004,46,4,15.61
163717,Active,146663,NA,NA,D,5,1,8099.245,221.8,2011,109,17.74,63.99
163718,Active,649907,NA,NA,S,5,1,148218.55,150.87,2011,29,34.98,57.15
163719,Active,607852,NA,NA,S,2,1,1249475.728,104,2002,42,4,9.64
163720,Active,917220,NA,NA,S,2,1,333087.74,155,2009,55,15.66,63.98
163721,Active,739645,NA,NA,D,0,0,368995.1688,82.63,2002,118,4.44,17.49
163722,Active,144182,NA,NA,D,1,0,1033615.589,117.6,2002,44,6.49,23.99
163723,Active,52608,NA,NA,D,4,1,58831.27875,173.8,2007,110,8.94,43.85
163724,Active,561123,NA,NA,D,4,1,775718.555,50.6,2007,40,4,25.99
163725,Active,531654,NA,NA,S,5,1,363939.7738,77.6,2011,47,4.54,58
163726,Active,144184,NA,NA,D,3,1,2736271.678,38.8,2003,23,4,30.95
163727,Active,614965,NA,NA,S,7,1,514993.3613,109,1993,60,4.96,34.19
163728,Active,53974,NA,NA,S,9,1,51183.295,117,2001,112,5.94,46.14
163729,Active,613125,NA,NA,S,0,0,61395.14875,25.94,2002,152,4.99,0
163730,Active,53975,NA,NA,D,10,1,952684.4775,144.2,2008,31,8.25,63.98
163731,Active,613570,NA,NA,S,0,0,30214.27125,127.25,2004,130,8.79,53.99
163732,Active,534016,NA,NA,D,10,1,91852.2475,154,2008,111,6.17,29.74
163733,Active,614520,NA,NA,S,0,0,10737.27375,123,2009,141,36.68,73.73
163734,Active,613231,NA,NA,S,0,0,279389.0663,95.85,1997,100,4.28,12.89
163735,Active,117199,NA,NA,S,2,1,676250.75,46.8,2005,27,26.04,0
163736,Active,651891,NA,NA,S,2,1,585193.2025,46.95,2009,36,13.51,48.37
163737,Active,118016,NA,NA,D,6,1,182977.1888,106.2,2005,78,4.44,19.44
163738,Active,133194,NA,NA,S,7,1,46815.75,146,2010,72,46.99,111.09
163739,Active,255850,NA,NA,S,2,1,60999.78375,29.95,2008,30,18.47,0
163740,Active,828514,NA,NA,S,2,1,788049.7288,47.95,1984,19,4,45.63
163741,Active,658402,NA,NA,S,4,1,345285.8838,56,2011,30,39.9,39.9
163742,Active,714108,NA,NA,S,3,1,2066800.025,51,2000,37,4,11.98
163743,Active,1482700,NA,NA,S,6,1,1782487.208,59.33,2010,17,42.98,160.07
163744,Active,55393,NA,NA,D,5,1,616874.0738,59.8,2006,59,4,18.41
163745,Active,641983,NA,NA,S,7,1,34947.69125,97,2013,59,21.15,73.41
163746,Active,193720,NA,NA,D,1,0,991520.4213,103.95,2010,42,4.13,22.11
163747,Active,193668,NA,NA,D,3,1,650599.1438,72.95,2009,55,4,16.99
163748,Active,193407,NA,NA,D,2,1,1439753.748,68.95,2005,37,4,15.81
163749,Active,145366,NA,NA,S,3,1,80230.57625,106.2,2006,97,5.85,18.99
163750,Active,1740374,NA,NA,S,1,0,331898.9838,39.99,2014,14,31.4,35.91
163751,Active,169571,NA,NA,S,3,1,647876.87,169.95,2006,53,4.03,52.35
163752,Active,910137,NA,NA,S,3,1,90427.0075,32,2015,20,24.89,26.49
163753,Active,543716,NA,NA,S,3,1,63861.085,34.99,2012,43,12.99,24.97
163754,Active,171940,NA,NA,S,0,0,1037462.016,52.95,2006,19,11.79,34.99
163755,Active,154002,NA,NA,D,4,1,80994.09,53.75,2009,65,13.49,49.85
163756,Active,153925,NA,NA,D,3,1,216820.06,22.88,2006,72,4.98,17.89
163757,Active,184648,NA,NA,S,5,1,1181199.705,88,1999,31,28.34,39.98
163758,Active,132486,NA,NA,D,2,1,466298.8763,80.8,2008,39,4,45.4
163759,Active,177735,NA,NA,S,8,1,118514.265,106.95,2002,109,5.12,33.97
163760,Active,224718,NA,NA,D,11,1,13079.77125,225.95,2011,98,12.65,63.97
163761,Active,169778,NA,NA,S,10,1,507203.3813,93.95,2007,36,11.48,39.48
163762,Active,877715,NA,NA,D,1,0,1332115.65,59.44,2007,42,5.59,44.4
163763,Active,128437,NA,NA,S,11,1,1020746.815,32.95,2004,48,4,8.98
163764,Active,531644,NA,NA,S,12,1,57313.41875,40,2011,76,15.66,25.81
163765,Active,129247,NA,NA,S,11,1,377489.11,35,2008,30,4.79,10.98
163766,Active,531643,NA,NA,S,4,1,268036.0375,34.95,2009,23,9.9,24.48
163767,Active,864603,NA,NA,S,4,1,12730.89875,52.4,2014,71,23.99,39.68
163768,Active,54966,NA,NA,D,3,1,160475.3063,45,2011,80,4.03,21.5
163769,Active,54967,NA,NA,D,2,1,282773.3525,34,2008,68,3.43,22.49
163770,Active,1946293,NA,NA,S,2,1,183176.63,45.99,2014,23,43.71,44.19
163771,Active,2054516,NA,NA,D,1,0,347753.1438,45.99,2007,23,25,60.86
163772,Active,531641,NA,NA,S,2,1,249592.4188,68.99,2009,72,28.38,43.38
163773,Active,621847,NA,NA,D,1,0,760348.4688,66.99,2003,29,3.85,0
163774,Active,56106,NA,NA,S,0,0,381321.5475,27.95,2005,196,4,5.29
163775,Active,56107,NA,NA,S,6,1,5290.23,29.95,2009,196,12.49,16.88
163776,Active,594460,NA,NA,S,0,0,928094.6075,29.95,2011,38,5.81,19.53
163777,Active,632670,NA,NA,S,2,1,456584.1188,45,1999,29,5.08,69.89
163778,Active,254172,NA,NA,D,2,1,1011554.363,72.95,2009,56,4,12.08
163779,Active,2630492,NA,NA,S,0,0,41257.6,54.99,1986,36,23.24,39.25
163780,Active,538176,NA,NA,D,3,1,717799.7925,129,2005,28,14.43,41.2
163781,Active,3262910,NA,NA,D,3,1,1876680.726,59.12,2005,44,22.46,49.05
163782,Active,639405,NA,NA,D,3,1,929778.8463,62,2005,34,4,51.89
163783,Active,539956,NA,NA,S,2,1,55359.56125,89.99,1994,45,42.19,58.99
163784,Active,638118,NA,NA,D,0,0,929965.0063,49.95,1988,28,28.9,61.98
163785,Active,898266,NA,NA,D,0,0,5582447.944,0,1977,15,4,0
163786,Active,2134195,NA,NA,D,0,0,1954690.39,44.99,2011,23,4.25,44.99
163787,Active,763181,NA,NA,D,0,0,2828176.294,85,1999,37,4,37.98
163788,Active,129670,NA,NA,S,2,1,288377.2125,74.99,1999,44,4.52,29.39
163789,Active,757213,NA,NA,D,1,0,1750158.149,155,2000,22,19.87,77.7
163790,Active,627917,NA,NA,S,2,1,74094.0725,94.99,2012,47,38.24,49.28
163791,Active,203628,NA,NA,D,0,0,382747.4525,81.95,2007,48,5.22,24.88
163792,Active,187969,NA,NA,S,2,1,937300.6488,49.95,1999,34,4,10.05
163793,Active,608580,NA,NA,D,5,1,244505.4975,148.95,2005,59,4,31.81
163794,Active,651735,NA,NA,S,4,1,1003782.754,59.95,2006,19,11.6,65.95
163795,Active,172630,NA,NA,D,2,1,1138234.65,59.99,2010,32,4.3,43.97
163796,Active,830564,NA,NA,S,2,1,669354.07,62,1999,43,19.68,57.19
163797,Active,647982,NA,NA,S,2,1,790676.2075,83,1999,23,45.64,50.92
163798,Active,108861,NA,NA,D,4,1,185118.1988,51.99,2006,105,6.44,32.17
163799,Active,667522,NA,NA,D,0,0,481599.2988,62.95,2008,19,8.39,53.94
163800,Active,916229,NA,NA,D,0,0,668928.9388,70,1994,33,4,40.54
163801,Active,907044,NA,NA,D,1,0,1200217.253,69.95,2006,20,9.03,148.54
163802,Active,200614,NA,NA,S,1,0,56295.15,145.95,2010,29,54.99,65.66
163803,Active,618349,NA,NA,D,1,0,605675.1925,87,1995,32,4,10.48
163804,Active,661018,NA,NA,S,2,1,278159.9238,51,2012,21,44.87,42.53
163805,Active,275591,NA,NA,D,1,0,439766.615,128.75,2005,51,4.78,36
163806,Active,52738,NA,NA,D,2,1,948356.03,75.95,2002,50,4,9.98
163807,Active,52739,NA,NA,D,3,1,113277.19,199.95,2006,68,6.53,44.91
163808,Active,261406,NA,NA,S,1,0,918523.3763,32,2003,62,4.44,8.43
163809,Active,270868,NA,NA,S,2,1,47294.41625,45,2009,78,22.24,26.74
163810,Active,910301,NA,NA,D,1,0,2205385.01,86,1998,27,4,61.73
163811,Active,299034,NA,NA,S,2,1,282395.125,80,2009,40,25.97,53.99
163812,Active,904329,NA,NA,D,2,1,2549733.708,98.95,1995,20,14.95,113.53
163813,Active,2625692,NA,NA,D,0,0,4799278.215,47.95,1990,18,4.54,37.99
163814,Active,3630986,NA,NA,S,1,0,39596.25,161.95,2015,53,53.94,127.98
163815,Active,2376266,NA,NA,D,2,1,1160403.545,62.63,2005,36,4,9.99
163816,Active,118031,NA,NA,D,3,1,625782.1875,93.7,2005,64,3.99,10.93
163817,Active,115365,NA,NA,S,2,1,1200962.801,81.6,2001,69,4,16.98
163818,Active,53140,NA,NA,D,4,1,201001.9313,154.6,2009,74,4.39,34.88
163819,Active,53139,NA,NA,D,3,1,998453.8475,110,2005,62,4,22.57
163820,Active,1543848,NA,NA,S,3,1,1751980.234,73.95,2013,24,19,23.74
163821,Active,1730066,NA,NA,S,2,1,22813.21125,13,2006,62,8.94,12.35
163822,Active,177515,NA,NA,S,2,1,299979.5525,182.95,2004,42,4,77.99
163823,Active,608787,NA,NA,D,6,1,1798540.97,126.95,2007,25,3.99,4.99
163824,Active,608779,NA,NA,D,4,1,4374191.753,169.95,2005,29,4.2,26.9
163825,Active,531631,NA,NA,S,2,1,411779.6413,69.99,2011,30,40.47,55.38
163826,Active,751362,NA,NA,D,1,0,1386798.326,79.99,2010,25,33.03,102.27
163827,Active,132533,NA,NA,D,3,1,319305.0138,95.2,2007,51,5.29,50.47
163828,Active,288570,NA,NA,D,2,1,878226.255,79.4,2004,37,4,78.31
163829,Active,177271,NA,NA,S,2,1,479579.3513,206.95,2003,47,23.4,76.49
163830,Active,724910,NA,NA,S,2,1,1857103.236,85,2010,45,4,19.95
163831,Active,3051741,NA,NA,D,0,0,2014825.261,54.95,1997,17,4,66.19
163832,Active,644069,NA,NA,S,2,1,311960.4213,105.95,2007,38,37.85,48.97
163833,Active,637233,NA,NA,S,0,0,305299.7413,86,2007,23,14.74,60.54
163834,Active,313972,NA,NA,S,1,0,50903.125,55.6,2006,19,29.99,33.99
163835,Active,552519,NA,NA,D,0,0,4421742.773,43.9,1989,24,4,10.04
163836,Active,104739,NA,NA,S,3,1,2022748.955,52.5,1997,25,4,7.18
163837,Active,285226,NA,NA,S,5,1,402297.0038,104.99,2004,49,6.74,42.43
163838,Active,143397,NA,NA,D,6,1,4680419.355,101.5,2001,19,4.58,64.84
163839,Active,737476,NA,NA,D,7,1,1679789.855,143,2006,21,4.58,113.25
163840,Active,595070,NA,NA,S,2,1,497766.3238,49.95,2012,45,17.66,31.02
163841,Active,143499,NA,NA,D,2,1,1903236.868,176,2003,24,6.16,9.06
163842,Active,3610179,NA,NA,D,0,0,2759110.9,39.95,1999,29,4.03,33.98
163843,Active,873057,NA,NA,S,2,1,324697.7475,69,2014,37,43.94,63.97
163844,Active,291500,NA,NA,D,1,0,374637.2675,61.95,1999,56,4,22.98
163845,Active,169344,NA,NA,D,2,1,210649.3013,139.95,2006,46,23.77,35.94
163846,Active,900809,NA,NA,S,2,1,712679.8388,54.95,2014,23,13.55,31.98
163847,Active,621897,NA,NA,S,2,1,225441.815,92.4,2012,47,34.3,58.99
163848,Active,574710,NA,NA,D,6,1,223921.4675,216,2011,47,14.99,13.99
163849,Active,51487,NA,NA,S,11,1,560270.9675,46.2,2002,109,3.99,6.99
163850,Active,132565,NA,NA,D,12,1,993970.4813,57.33,2007,50,4,5.87
163851,Active,51489,NA,NA,D,13,1,95620.5625,73.6,2008,162,4,26.14
163852,Active,51486,NA,NA,D,14,1,8689.60625,100.2,2011,124,10.76,56.42
163853,Active,51488,NA,NA,D,12,1,864759.705,57.2,2006,148,4,4.98
163854,Active,723160,NA,NA,D,2,1,2191085.458,64.95,2002,24,4,32.74
163855,Active,3616633,NA,NA,D,0,0,2197668.05,35.95,1998,30,3.99,18.37
163856,Active,2866234,NA,NA,D,0,0,1616654.84,23,2004,16,8.97,21.99
163857,Active,774550,NA,NA,D,2,1,4299613.995,159,1998,17,4.35,48.49
163858,Active,531628,NA,NA,S,3,1,1214488.77,195.99,2006,22,6.71,53.34
163859,Active,610351,NA,NA,D,14,1,51242.24,74,2013,85,8.93,17.64
163860,Active,52609,NA,NA,D,12,1,1025917.933,59.95,2009,108,4,13.1
163861,Active,52612,NA,NA,D,13,1,244305.3425,72,2011,100,4,11.99
163862,Active,229129,NA,NA,S,5,1,576843.8475,54,2007,47,4,4
163863,Active,260086,NA,NA,S,6,1,1606317.174,46.95,2004,51,4,12.39
163864,Active,905946,NA,NA,D,1,0,2735688.776,44.95,1996,26,4,36.49
163865,Active,906668,NA,NA,S,2,1,240157.23,59.95,2010,75,48.3,46.98
163866,Active,1440428,NA,NA,S,10,1,203443.9013,173.75,2012,7,23.35,25
163867,Active,544358,NA,NA,S,2,1,323786.6825,137.95,2013,43,17.69,38.99
163868,Active,890440,NA,NA,D,12,1,1306144.378,111.25,2011,16,5.98,203.98
163869,Active,1440005,NA,NA,S,12,1,213829.7213,105.09,2011,29,33.99,49.82
163870,Active,111465,NA,NA,S,11,1,176095.595,117.84,2009,48,5.99,81.79
163871,Active,51742,NA,NA,D,11,1,123246.7963,94.11,2009,64,5.92,57.45
163872,Active,534398,NA,NA,D,11,1,375064.0375,38.97,2009,54,4.98,24.99
163873,Active,51741,NA,NA,S,10,1,906133.785,16.53,2005,105,4,16.5
163874,Active,53419,NA,NA,S,10,1,364781.22,18.97,2007,46,9.77,43.99
163875,Active,622006,NA,NA,S,0,0,134292.15,75.47,2007,39,6.35,15.85
163876,Active,638690,NA,NA,S,2,1,109875.7263,40,2013,37,13.91,31.91
163877,Active,292272,NA,NA,D,1,0,1203261.49,193.95,2005,30,4.46,16.98
163878,Active,144428,NA,NA,D,1,0,866362.2775,99.8,2008,62,4.25,9.49
163879,Active,133479,NA,NA,D,2,1,61510.65,140.4,2011,57,7.49,33.97
163880,Active,133475,NA,NA,D,2,1,74256.7775,106.8,2011,55,7.89,50.5
163881,Active,144430,NA,NA,D,1,0,876719.6363,76,2008,58,4,13.94
163882,Active,133476,NA,NA,D,2,1,71197.68125,106.8,2011,55,4.99,38.37
163883,Active,144431,NA,NA,D,1,0,1408288.548,76,2008,53,4,15.04
163884,Active,155036,NA,NA,D,1,0,1163319.954,79.96,1997,28,4.09,21.95
163885,Active,768755,NA,NA,D,2,1,812712.22,8.26,2000,23,4.14,7.08
163886,Active,607742,NA,NA,S,3,1,482646.1488,145.6,2008,49,4.75,33.94
163887,Active,804658,NA,NA,D,0,0,2432160.143,99.95,2011,26,4.66,10.19
163888,Active,649610,NA,NA,S,0,0,1100033.803,99.95,2014,32,6.49,34.95
163889,Active,170062,NA,NA,S,3,1,1032417.934,110.95,2009,23,4,20.3
163890,Active,1977310,NA,NA,S,0,0,17029.3,54.99,2012,9,43.44,49.73
163891,Active,607933,NA,NA,D,10,1,1557648.549,81,2005,44,4,73.47
163892,Active,607744,NA,NA,D,11,1,485238.4575,77.6,2008,60,4,45.93
163893,Active,616030,NA,NA,S,12,1,13880.06375,108.2,2011,58,36.18,85.42
163894,Active,177902,NA,NA,S,1,0,46009,76.95,2003,14,36.14,58.53
163895,Active,645893,NA,NA,D,1,0,800416.7663,99.95,2006,19,22.14,45.72
163896,Active,2235138,NA,NA,S,2,1,1186847.514,79.95,2010,20,40.34,62.36
163897,Active,618878,NA,NA,S,2,1,319305.07,79.95,2008,29,48.44,52.71
163898,Active,246397,NA,NA,D,1,0,801396.0213,94.95,2006,33,12.06,64.33
163899,Active,522403,NA,NA,D,1,0,3182958.024,181.95,2009,18,21.35,102.31
163900,Active,620796,NA,NA,D,1,0,758591.3263,85.95,2009,37,4.98,0
163901,Active,910923,NA,NA,S,2,1,104968.7513,90,2014,32,42.99,74.5
163902,Active,573823,NA,NA,S,0,0,637170.965,52,1997,35,13.99,36.99
163903,Active,54529,NA,NA,D,1,0,1256004.024,77.2,2004,33,4,4
163904,Active,54530,NA,NA,D,2,1,1088275.226,102.2,2007,106,4,7.94
163905,Active,617141,NA,NA,S,1,0,95654.6025,116.6,2010,27,35.02,99.98
163906,Active,649670,NA,NA,S,4,1,173382.6625,53.32,2012,45,9.33,39.98
163907,Active,637024,NA,NA,S,2,1,477202.94,37,2010,29,9.72,28.87
163908,Active,2078704,NA,NA,S,0,0,583826.3813,47.05,2008,17,15.61,28.98
163909,Active,617148,NA,NA,D,4,1,241363.8588,213,2010,51,5.64,11.92
163910,Active,300395,NA,NA,D,3,1,2915836.69,139,2007,25,5.87,109.83
163911,Active,542827,NA,NA,S,8,1,714034.4013,99.74,2011,34,4,48.33
163912,Active,908195,NA,NA,D,9,1,1446667.024,376.95,2008,23,7.67,77.98
163913,Active,177910,NA,NA,D,8,1,2909364.719,132.95,2003,23,4,42.25
163914,Active,177909,NA,NA,D,8,1,1729429.618,225.95,2003,21,6.42,55.07
163915,Active,764795,NA,NA,S,7,1,7582858.484,83.95,1999,12,8.31,12.99
163916,Active,567637,NA,NA,D,9,1,1308302.473,239.95,2008,30,5.48,103.91
163917,Active,177911,NA,NA,D,8,1,2502328.538,137.95,2003,24,5.1,59.59
163918,Active,1506150,NA,NA,D,4,1,3383721.613,19,2010,22,4,7.98
163919,Active,193575,NA,NA,D,2,1,1600654.916,28.5,2007,31,4,21.99
163920,Active,143525,NA,NA,D,2,1,506213.1538,220,2011,114,4,53.99
163921,Active,534045,NA,NA,D,12,1,1254760.373,102.27,2009,50,4.36,10.1
163922,Active,2105401,NA,NA,D,11,1,898836.555,14,2014,38,4,8.99
163923,Active,560523,NA,NA,D,11,1,288050.2613,225,2011,116,5.56,118.99
163924,Active,612863,NA,NA,D,6,1,144541.61,159,2009,180,4,18.86
163925,Active,915022,NA,NA,D,3,1,2027167.293,43.99,2007,38,8.6,43.99
163926,Active,1506672,NA,NA,D,11,1,1768566.241,14,2013,31,4,4
163927,Active,1506516,NA,NA,S,11,1,1814499.255,12,2012,28,4,10.24
163928,Active,265918,NA,NA,S,15,1,1566068.376,134,2004,52,4,46.44
163929,Active,154062,NA,NA,D,8,1,390277.185,150.2,2011,49,6.97,61.77
163930,Active,621129,NA,NA,D,7,1,797751.74,9.69,2008,43,4,10.98
163931,Active,154063,NA,NA,D,8,1,142928.1113,56.71,2011,41,6.48,43.99
163932,Active,153856,NA,NA,D,6,1,1971946.684,6.26,2005,52,4,21.08
163933,Active,861970,NA,NA,S,9,1,60517.01125,109.75,2014,64,27.58,66.48
163934,Active,153969,NA,NA,D,7,1,675218.82,37.08,2008,43,4.25,37.57
163935,Active,170040,NA,NA,D,5,1,99922.12375,263.95,2011,80,4.91,20.25
163936,Active,533962,NA,NA,D,4,1,428876.2163,289.95,2007,107,4,7.99
163937,Active,61231,NA,NA,D,2,1,771247.82,132,2005,62,6.61,52.69
163938,Active,193700,NA,NA,S,5,1,491372.8338,45.95,2009,59,6.98,27.94
163939,Active,143224,NA,NA,D,4,1,1068614.858,210,2009,65,4.07,10.99
163940,Active,363488,NA,NA,D,6,1,1365572.021,32,2011,58,3.12,4
163941,Active,1633609,NA,NA,D,6,1,2939009.166,18.5,2009,30,3.34,6.47
163942,Active,433365,NA,NA,D,1,0,1569709.406,155,2009,48,4,9.99
163943,Active,534011,NA,NA,D,12,1,198933.175,81.95,2010,40,25.93,43.94
163944,Active,244945,NA,NA,D,1,0,311847.0538,199.95,2004,49,4,24.2
163945,Active,534671,NA,NA,D,13,1,79200.57625,99.95,2012,54,9.82,44.97
163946,Active,592752,NA,NA,S,5,1,992505.1413,200,2008,48,4.91,133.98
163947,Active,636825,NA,NA,S,2,1,612247.7588,234,2013,69,22.87,38.49
163948,Active,615986,NA,NA,D,2,1,1550841.174,204,2011,45,5.54,16.58
163949,Active,618187,NA,NA,D,1,0,3369053.51,147,2006,22,4.97,12.37
163950,Active,641457,NA,NA,S,6,1,249517.85,207,2010,33,6.86,48.96
163951,Active,776300,NA,NA,S,3,1,1649044.624,26.5,2010,55,4,7.99
163952,Active,613301,NA,NA,S,3,1,363319.1138,35,2012,95,3.79,3.3
163953,Active,613289,NA,NA,D,13,1,698984.4088,209,2009,67,6.93,22.79
163954,Active,600111,NA,NA,S,6,1,250598.3363,220,2006,45,7.99,58.45
163955,Active,293218,NA,NA,D,3,1,223821.41,158,2009,167,7.35,62.13
163956,Active,661046,NA,NA,S,6,1,54888.60875,49.95,2012,88,8.89,38.99
163957,Active,229171,NA,NA,D,4,1,473298.5463,89.95,2008,43,4.39,13.99
163958,Active,300469,NA,NA,D,5,1,78883.07375,125,2011,57,10.49,63.31
163959,Active,279160,NA,NA,D,6,1,342393.7188,74.95,2007,65,4,5.98
163960,Active,270658,NA,NA,D,7,1,204292.0288,104,2010,75,4,23.98
163961,Active,545817,NA,NA,D,8,1,40680.96375,116,2012,132,5.21,37.92
163962,Active,61261,NA,NA,D,6,1,978524.93,78.95,2006,79,4.25,33.1
163963,Active,270657,NA,NA,D,7,1,146500.7813,104,2009,74,4.23,36.14
163964,Active,657919,NA,NA,S,8,1,266203.0425,43,2013,34,34.99,41.68
163965,Active,143246,NA,NA,D,7,1,692960.0175,39,2009,27,6.88,19.99
163966,Active,599717,NA,NA,S,3,1,673774.3825,105,2010,29,15.29,0
163967,Active,50411,NA,NA,S,2,1,781768.59,50,2002,77,4,27.99
163968,Active,574810,NA,NA,D,4,1,13999.07375,84,2011,134,5.99,73.99
163969,Active,50412,NA,NA,D,3,1,140045.8075,64,2006,92,5.51,51.46
163970,Active,598834,NA,NA,D,0,0,679752.8525,33,2004,28,4,31.49
163971,Active,228249,NA,NA,D,6,1,5716526.045,22.55,1999,13,5.07,43.99
163972,Active,268211,NA,NA,D,8,1,925198.58,26.95,2006,15,4,12.98
163973,Active,635076,NA,NA,S,9,1,298194.8613,89.95,2010,33,34.77,66.99
163974,Active,220381,NA,NA,D,3,1,1696574.281,72,2007,27,4,34.49
163975,Active,298588,NA,NA,S,3,1,405149.3925,185,2009,34,7.62,23.98
163976,Active,281428,NA,NA,D,2,1,839390.5325,69.95,2008,25,69.26,195.21
163977,Active,635280,NA,NA,D,1,0,146794.1,66,2006,42,28.94,53.98
163978,Active,612653,NA,NA,S,2,1,26979.80375,47,2014,59,34.99,36.2
163979,Active,579148,NA,NA,D,0,0,486283.915,52.95,1994,93,3.94,19.99
163980,Active,3297505,NA,NA,D,0,0,1020127.139,64.34,1900,39,7.01,62.73
163981,Active,133236,NA,NA,S,7,1,126030.5438,60,2010,86,5.07,25.74
163982,Active,145666,NA,NA,S,6,1,562497.0213,74.2,2007,62,4,19.15
163983,Active,287637,NA,NA,S,7,1,176710.1425,60.6,2010,62,7.18,20
163984,Active,145658,NA,NA,S,6,1,1099003.131,70.6,2007,54,4,33.74
163985,Active,144804,NA,NA,S,5,1,1432064.443,58.2,2004,36,4,7.98
163986,Active,115741,NA,NA,D,0,0,943922.1388,113.6,2004,36,4.77,51.93
163987,Active,120017,NA,NA,D,2,1,550732.8,135.8,2008,44,15.51,55.98
163988,Active,909608,NA,NA,D,0,0,2850732.45,34.95,2000,24,4.23,18.64
163989,Active,715603,NA,NA,D,1,0,788048.055,85,1997,21,5.59,73.98
163990,Active,621483,NA,NA,S,2,1,93834.6125,209.4,2001,37,44.98,53.98
163991,Active,566600,NA,NA,D,7,1,48910.535,135,2005,87,11.69,60.67
163992,Active,703718,NA,NA,D,2,1,393833.6575,934.66,2000,33,4.94,93.2
163993,Active,625477,NA,NA,S,3,1,357738.6325,209.4,2001,36,16.77,135.51
163994,Active,2039310,NA,NA,D,1,0,554474.2088,112,2008,21,19.99,119.83
163995,Active,162370,NA,NA,D,2,1,60537.7925,65,2009,142,21.33,40.91
163996,Active,163787,NA,NA,D,1,0,124213.9375,55,2003,84,4,16.96
163997,Active,1540890,NA,NA,D,2,1,4046774.886,53.95,2008,26,4.97,83.42
163998,Active,2541200,NA,NA,D,1,0,6731195.589,55,2004,14,4,56.63
163999,Active,222818,NA,NA,D,1,0,788923.3763,120,2008,19,8.19,50.1
164000,Active,117291,NA,NA,D,1,0,1559809.039,129.8,2006,25,8.94,58.97
164001,Active,164350,NA,NA,D,1,0,456088.195,110,2004,28,4.77,59.49
164002,Active,162186,NA,NA,S,2,1,115498.8638,125,2008,40,47.76,66.98
164003,Active,389263,NA,NA,D,3,1,65168.285,176.95,2010,33,49.29,126.83
164004,Active,409992,NA,NA,D,2,1,377039.6725,176.95,2003,57,5.02,19.89
164005,Active,2126329,NA,NA,D,10,1,2635556.175,134.04,2009,12,8.85,73.99
164006,Active,2546488,NA,NA,D,9,1,6124933.629,0,2005,12,4.24,153.47
164007,Active,340899,NA,NA,D,2,1,2235383.551,17.99,1997,37,4,13.93
164008,Active,343991,NA,NA,D,3,1,317360.9438,72.89,2005,30,21.09,102.11
164009,Active,355956,NA,NA,D,2,1,3694544.348,85,2002,18,6.34,91.81
164010,Active,308819,NA,NA,D,1,0,1169030.448,13.02,2003,32,5.9,25.99
164011,Active,704290,NA,NA,D,1,0,1891373.128,38.94,2003,18,27.95,38.99
164012,Active,249731,NA,NA,D,2,1,631905.18,269.95,2006,64,15.47,49.98
164013,Active,253910,NA,NA,D,3,1,133304.7938,266.95,2010,55,55.12,82.99
164014,Active,313183,NA,NA,D,6,1,1836819.476,112,2003,21,4.92,46.01
164015,Active,911957,NA,NA,D,7,1,795041.745,143.14,2006,27,8.05,75.43
164016,Active,117279,NA,NA,D,7,1,582598.0875,118.2,2006,34,5.14,31.99
164017,Active,115341,NA,NA,D,2,1,1410725.285,105.8,2003,16,5.97,31.9
164018,Active,315204,NA,NA,D,3,1,190220.1088,131,2007,27,5.87,57.97
164019,Active,104578,NA,NA,S,5,1,815683.4513,139.78,1995,25,4,16.41
164020,Active,3251234,NA,NA,D,7,1,1674731.74,96.99,2005,30,79.97,145.42
164021,Active,645912,NA,NA,S,3,1,1607475.911,66.99,2009,44,16.78,49.11
164022,Active,115594,NA,NA,D,8,1,1262271.611,122.8,2005,38,4,25.99
164023,Active,119977,NA,NA,D,9,1,247475.94,140,2010,33,15.89,57.45
164024,Active,57320,NA,NA,D,5,1,289422.8688,130,2008,54,27.82,66.33
164025,Active,714366,NA,NA,D,2,1,3069337.889,110.6,2002,19,5.6,91.23
164026,Active,114617,NA,NA,D,2,1,271463.675,106.6,2002,31,6.38,53.99
164027,Active,57318,NA,NA,D,4,1,1279053.723,110,2000,24,4,42.2
164028,Active,314850,NA,NA,D,3,1,276349.3988,178.2,2008,39,21.52,65.27
164029,Active,714726,NA,NA,D,0,0,1858785.166,109.4,2004,18,7.37,49.97
164030,Active,552071,NA,NA,D,0,0,272350.2213,179.6,2002,49,4,41.49
164031,Active,421307,NA,NA,D,0,0,644900.1413,116.2,2004,28,24.49,73.99
164032,Active,566374,NA,NA,D,4,1,1363838.173,90,1998,33,4.13,43.85
164033,Active,760071,NA,NA,D,5,1,830110.9288,99,2004,26,6.53,25.98
164034,Active,654009,NA,NA,D,2,1,635487.9825,69.95,1995,23,37.83,211.73
164035,Active,699625,NA,NA,D,1,0,1889636.791,94,1999,15,31.01,53.83
164036,Active,52743,NA,NA,D,7,1,23340.77875,180.95,2011,129,5.94,45.55
164037,Active,52741,NA,NA,D,6,1,264301.5813,191.95,2008,83,4,38.99
164038,Active,875167,NA,NA,S,7,1,576010.1988,302.53,2011,29,9.01,61.39
164039,Active,2691329,NA,NA,D,2,1,4375543.616,34.95,2002,21,4,7.98
164040,Active,626237,NA,NA,S,4,1,211850.3988,58,2011,23,32.76,32.83
164041,Active,620632,NA,NA,D,3,1,387158.2788,44.95,2006,29,4,37.92
164042,Active,116917,NA,NA,D,4,1,397466.4363,73.33,2005,32,4,23.67
164043,Active,607462,NA,NA,D,5,1,177040.7488,90.8,2009,56,4,37.4
164044,Active,645333,NA,NA,S,1,0,1039732.425,63.95,2009,19,50.75,51.1
164045,Active,802737,NA,NA,S,7,1,962632.2888,34.99,2011,22,4,39.93
164046,Active,802639,NA,NA,S,6,1,1769148.26,34.99,2008,26,4,7.69
164047,Active,896956,NA,NA,S,8,1,486971.0413,34.99,2014,19,22.32,24.77
164048,Active,625934,NA,NA,D,3,1,725376.6288,71.95,2005,67,36.44,68.91
164049,Active,192460,NA,NA,S,5,1,2423797.925,134,2005,15,20.49,49.94
164050,Active,774987,NA,NA,D,0,0,5220360.545,189,2002,19,4.24,62.83
164051,Active,803850,NA,NA,D,2,1,2592548.989,250,2007,21,6.49,53.41
164052,Active,3786336,NA,NA,D,0,0,3054872.85,42.95,2000,51,4,9.45
164053,Active,50003,NA,NA,D,10,1,18965.16,260,2009,116,10.96,46.97
164054,Active,50001,NA,NA,S,8,1,805091.7888,149.35,2003,36,4,65.27
164055,Active,248147,NA,NA,S,2,1,155754.5375,83,2010,24,30.81,46.52
164056,Active,105115,NA,NA,D,7,1,719640.4438,39.22,2004,24,5.99,36.18
164057,Active,2343164,NA,NA,D,7,1,6145137.325,63.07,2005,15,8.09,49.98
164058,Active,550313,NA,NA,D,10,1,600934.78,11.78,2006,74,4,10.99
164059,Active,550782,NA,NA,D,11,1,189237.3513,62.48,2009,128,5.69,32.99
164060,Active,550223,NA,NA,S,10,1,1086749.455,196,2006,31,5.48,8.98
164061,Active,570572,NA,NA,D,1,0,367601.8738,312.95,2010,85,4,8.85
164062,Active,651861,NA,NA,D,3,1,1418281.856,133.2,2009,32,4,8.48
164063,Active,53004,NA,NA,D,3,1,1044071.445,143.56,2003,57,4,8.99
164064,Active,531603,NA,NA,S,9,1,29941.27375,56.46,2009,56,29.45,72.55
164065,Active,50002,NA,NA,D,9,1,146664.38,223.2,2006,110,4,9.01
164066,Active,107404,NA,NA,S,6,1,1232183.506,122.5,2001,39,4.16,33.99
164067,Active,148226,NA,NA,S,10,1,363767.26,248.95,2005,51,4.82,52.89
164068,Active,53003,NA,NA,D,5,1,32611.81875,406.95,2008,62,22.45,64.94
164069,Active,572301,NA,NA,S,4,1,2823663.246,226.95,2006,20,8.33,91.18
164070,Active,551995,NA,NA,D,1,0,790618.0075,116.8,2003,35,4.13,34.08
164071,Active,53005,NA,NA,D,4,1,160699.73,262.95,2006,54,4,27.87
164072,Active,608969,NA,NA,D,8,1,4784299.949,89.95,2003,23,4.62,95.78
164073,Active,301032,NA,NA,D,14,1,829269.8775,16.61,2005,17,4.99,45.38
164074,Active,301035,NA,NA,S,15,1,66741.57625,55,2009,39,27.98,54.53
164075,Active,607088,NA,NA,S,5,1,843164.78,78.76,2002,48,4,8.49
164076,Active,547817,NA,NA,S,4,1,1026006.481,109,1997,47,4.31,12.98
164077,Active,551389,NA,NA,S,6,1,329975.7763,84.5,2006,57,5.42,16
164078,Active,298948,NA,NA,S,1,0,86662.45625,133.95,2011,32,27.93,59.23
164079,Active,108855,NA,NA,D,8,1,484804.8625,34.99,2006,78,4.76,33.99
164080,Active,778810,NA,NA,D,1,0,412719.3313,89.95,2011,16,16.68,146.18
164081,Active,2116479,NA,NA,D,2,1,7007466.064,50.95,2007,17,6.38,28.69
164082,Active,625387,NA,NA,S,0,0,36434.125,51.47,2006,37,13.08,30.92
164083,Active,654806,NA,NA,S,2,1,405079.9575,35.95,2006,26,8.83,32.17
164084,Active,665970,NA,NA,S,2,1,2216691.295,48.95,2007,19,21.04,42.68
164085,Active,768434,NA,NA,S,7,1,103669.6163,280.95,2001,96,4,19.24
164086,Active,771664,NA,NA,D,8,1,54988.9375,286.95,2009,109,5.12,42.6
164087,Active,3475246,NA,NA,D,2,1,1494980.8,118,1998,30,28.18,85.85
164088,Active,3463994,NA,NA,D,0,0,1277374.4,94.9,1992,39,4.67,39.71
164089,Active,626460,NA,NA,S,2,1,291940.6125,52,2003,29,7.94,29.49
164090,Active,1927062,NA,NA,D,3,1,2166315.83,24.95,2011,18,5.89,24.95
164091,Active,1778894,NA,NA,S,1,0,50771.3,42,2013,13,35.22,30.93
164092,Active,848862,NA,NA,S,4,1,990771.1425,113.56,1998,32,4,20.99
164093,Active,608750,NA,NA,S,5,1,473859.99,103.11,2001,41,5.98,38.98
164094,Active,179165,NA,NA,D,7,1,265552.935,212.95,2009,59,45.73,64
164095,Active,293661,NA,NA,S,4,1,311128.7413,71.53,2009,26,33.99,72.86
164096,Active,538412,NA,NA,S,9,1,2642559.068,120.31,2003,45,4,19.98
164097,Active,110708,NA,NA,D,11,1,405983.575,15.98,2007,92,4,10.99
164098,Active,531595,NA,NA,D,12,1,257772.3263,19.61,2008,64,4.58,5.04
164099,Active,158263,NA,NA,D,1,0,2344397.078,130,2007,17,29.99,81.19
164100,Active,183256,NA,NA,S,8,1,127525.7338,164.95,2005,48,39.79,74.83
164101,Active,916890,NA,NA,S,2,1,50066.74875,38.25,2013,36,12.98,10.25
164102,Active,574790,NA,NA,D,1,0,703200.8475,213,2011,50,16.45,28.99
164103,Active,184241,NA,NA,D,1,0,1292641.944,55.95,1996,38,4.11,24.78
164104,Active,157830,NA,NA,D,0,0,1198756.83,68.95,1996,58,4,23.99
164105,Active,541593,NA,NA,S,2,1,519460.7963,61.95,2010,36,29.3,47.17
164106,Active,133307,NA,NA,S,1,0,151994.5775,98.2,2011,36,34.37,86.23
164107,Active,643119,NA,NA,S,2,1,1013420.766,60.06,2009,28,22.64,0
164108,Active,531594,NA,NA,D,9,1,119279.97,169.95,2012,73,13.98,48.48
164109,Active,594101,NA,NA,D,7,1,1422363.483,186.95,2009,50,4,18.96
164110,Active,148716,NA,NA,D,7,1,1154262.259,206.95,2008,45,4,46.99
164111,Active,148306,NA,NA,S,6,1,1330033.079,150.95,2006,46,4,40.91
164112,Active,873929,NA,NA,S,4,1,2737623.603,107.49,2003,12,6.67,95.49
164113,Active,542024,NA,NA,D,5,1,60389.3825,317.95,2009,85,4.66,43.99
164114,Active,617377,NA,NA,S,1,0,204586.4063,95.95,2009,51,30.45,82.99
164115,Active,1778370,NA,NA,S,14,1,315347.3663,53.81,2012,25,4.56,53.81
164116,Active,878930,NA,NA,S,15,1,163213.9088,54.93,2012,27,8.11,28.47
164117,Active,244298,NA,NA,D,14,1,138144.0613,97.06,2011,39,7.84,286.81
164118,Active,162873,NA,NA,D,13,1,979399.3375,12.78,2009,57,4,10.97
164119,Active,119251,NA,NA,D,7,1,83915.4375,248.8,2011,64,8.84,71.98
164120,Active,116867,NA,NA,D,5,1,515842.5713,186.67,2005,59,4,8.46
164121,Active,51106,NA,NA,D,13,1,341176.33,36.99,2009,80,4.17,31.3
164122,Active,531592,NA,NA,D,16,1,142981.6175,296.95,2012,42,5.81,34.43
164123,Active,531591,NA,NA,D,16,1,240623.27,238.95,2012,44,4.43,41.99
164124,Active,148647,NA,NA,D,15,1,469230.2888,262.95,2008,19,4.74,231.66
164125,Active,148728,NA,NA,D,15,1,670654.8513,326.95,2008,36,4,32.1
164126,Active,148385,NA,NA,S,14,1,3486848.99,194.95,2005,28,4,22.73
164127,Active,415206,NA,NA,D,8,1,4154264.793,61.93,2006,18,4,73.93
164128,Active,1658419,NA,NA,S,1,0,641115.4638,46.95,2011,31,4,9.65
164129,Active,911781,NA,NA,S,1,0,1377127.591,39.95,2004,37,4,13.98
164130,Active,552047,NA,NA,S,7,1,313495.9975,157,2001,57,4,49.43
164131,Active,127556,NA,NA,D,7,1,186712.405,99.95,2010,46,27.97,82.13
164132,Active,2397074,NA,NA,D,5,1,1209567.3,65.95,1996,30,4.45,15.99
164133,Active,2398036,NA,NA,S,4,1,3028340.991,37.95,1991,15,4,22.96
164134,Active,373463,NA,NA,D,2,1,191830.2588,95.95,2007,35,4,49.62
164135,Active,551065,NA,NA,S,7,1,635320.175,93.75,2011,15,26.04,81.79
164136,Active,727789,NA,NA,S,2,1,644700.4213,91,1999,32,6.63,17.49
164137,Active,107365,NA,NA,S,3,1,209683.16,67.52,2000,31,43.96,73.98
164138,Active,610249,NA,NA,D,1,0,465075.6775,98.95,2006,107,4,21.29
164139,Active,385323,NA,NA,D,1,0,887247.8288,119.95,2004,89,4,9.74
164140,Active,569578,NA,NA,D,2,1,1027303.574,157.95,2003,30,4,28.99
164141,Active,644543,NA,NA,S,0,0,88681.16125,54.99,2012,20,28.98,31.12
164142,Active,195931,NA,NA,D,2,1,1071456.269,26.95,2005,50,4,27.99
164143,Active,531587,NA,NA,D,3,1,80595.315,36.95,2011,48,11.45,26.05
164144,Active,560802,NA,NA,S,1,0,49437.6,126,2004,29,44.79,110.32
164145,Active,618025,NA,NA,S,1,0,68091.95,76.95,2001,18,54.92,63.98
164146,Active,614588,NA,NA,D,2,1,468234.8188,104,2009,68,4,18.89
164147,Active,591963,NA,NA,D,1,0,475800.62,94.95,2006,65,4,10.71
164148,Active,619328,NA,NA,D,3,1,30898.07625,131,2012,126,6.12,33.99
164149,Active,873059,NA,NA,D,1,0,1802592.956,157.95,2005,24,12.98,58.75
164150,Active,246344,NA,NA,D,1,0,742203.8163,53.95,2005,31,4.44,60.25
164151,Active,906683,NA,NA,S,2,1,363639.6713,41.95,2013,22,15.08,35.35
164152,Active,564863,NA,NA,S,1,0,905660.9,54.95,2012,22,9.95,0
164153,Active,716633,NA,NA,D,2,1,5089362.873,94.5,2009,20,3.99,35.18
164154,Active,553798,NA,NA,D,2,1,1057603.183,146.67,2009,43,4,35.93
164155,Active,2373507,NA,NA,D,0,0,2246782.504,128.67,2004,31,4,31.94
164156,Active,918473,NA,NA,D,0,0,3711992.256,85,1986,31,4.13,18.98
164157,Active,178617,NA,NA,D,2,1,660481.0588,131.95,2006,76,5.56,20.98
164158,Active,178593,NA,NA,D,1,0,952226.7775,144.95,2004,70,4,8.39
164159,Active,108250,NA,NA,D,2,1,1089561.686,40.88,2003,39,4.18,33.93
164160,Active,1472322,NA,NA,D,2,1,3260462.881,65,2010,13,23.94,107.42
164161,Active,1469835,NA,NA,D,0,0,3185045.416,60,2006,20,4.76,52.97
164162,Active,120849,NA,NA,D,5,1,74997.365,227.4,2010,91,15.6,77.83
164163,Active,874666,NA,NA,D,5,1,117566.8325,27.36,2010,29,22.27,28.98
164164,Active,115216,NA,NA,S,3,1,1539181.541,131,2001,48,3.99,38.99
164165,Active,552646,NA,NA,D,4,1,286520.3763,162,2006,56,5.19,72.85
164166,Active,649620,NA,NA,S,3,1,1091971.75,45.85,2012,36,4,13.99
164167,Active,121519,NA,NA,D,9,1,521133.9938,102.2,1997,40,4.57,56.53
164168,Active,117585,NA,NA,S,10,1,140958.1863,143.8,2003,42,12.63,58.98
164169,Active,902674,NA,NA,S,3,1,525827.4313,52.5,2012,21,11.57,15.93
164170,Active,629151,NA,NA,D,3,1,469489.0163,220,2012,94,4.35,59.97
164171,Active,143276,NA,NA,D,2,1,1102858.569,184,2009,45,5.78,55.45
164172,Active,877058,NA,NA,S,12,1,971161.4113,289.4,2012,36,16.84,157.65
164173,Active,50801,NA,NA,D,10,1,952419.82,403.95,2005,45,4,14.01
164174,Active,50802,NA,NA,D,11,1,447181.6913,382.95,2008,72,4,21.5
164175,Active,627577,NA,NA,D,4,1,149662.47,164,2006,32,43.99,78.99
164176,Active,833617,NA,NA,D,3,1,1657666.858,120,2001,26,8.05,35.95
164177,Active,244004,NA,NA,S,3,1,368601.6425,82.95,2011,28,21.04,43.97
164178,Active,637615,NA,NA,S,1,0,54791.925,97.95,2013,33,35.72,43.77
164179,Active,131825,NA,NA,D,2,1,100727.82,118.4,2005,88,4,38.33
164180,Active,60224,NA,NA,S,1,0,798999.0313,91.8,1997,63,4,21.66
164181,Active,532383,NA,NA,S,2,1,746809.075,87,2012,28,41.94,82.98
164182,Active,434884,NA,NA,D,1,0,455173.1225,110.6,2009,80,4,33.92
164183,Active,653852,NA,NA,D,2,1,1186558.546,160,1999,22,18.98,25.99
164184,Active,907349,NA,NA,D,1,0,3037597.791,145,1993,16,5.88,73.25
164185,Active,268370,NA,NA,D,2,1,517835.3538,80,2005,59,4,30.83
164186,Active,1469695,NA,NA,D,0,0,7735832.533,90,2007,18,4.68,59.16
164187,Active,1473870,NA,NA,D,2,1,4117561.919,75,2010,17,6.7,82.94
164188,Active,115839,NA,NA,S,3,1,308590.335,109,2003,35,11.18,94.36
164189,Active,177254,NA,NA,S,5,1,578867.915,98.95,1999,39,4,20.98
164190,Active,169141,NA,NA,D,7,1,294124.465,284.95,2007,65,5.13,38.94
164191,Active,872291,NA,NA,S,5,1,1238976.686,50.37,2005,35,11.99,29.24
164192,Active,177732,NA,NA,D,5,1,541282.8525,192.95,2004,45,16.98,21.99
164193,Active,244137,NA,NA,S,2,1,947696.5713,69.95,2011,30,4.48,8.74
164194,Active,286402,NA,NA,D,5,1,119084.395,177.2,2010,72,4.54,38.98
164195,Active,131630,NA,NA,S,3,1,2842324.914,109.8,2002,35,4,6.98
164196,Active,132192,NA,NA,D,4,1,1120856.645,136,2006,70,4,9
164197,Active,259989,NA,NA,D,2,1,2788973.039,76,2003,25,4,26.81
164198,Active,260004,NA,NA,D,3,1,291662.64,102,2007,82,4.29,25.35
164199,Active,217280,NA,NA,D,6,1,730195.5163,36,2006,31,4,5.18
164200,Active,295407,NA,NA,S,7,1,411702.6263,40,2012,26,25.99,26.33
164201,Active,633844,NA,NA,S,2,1,207821.0063,36.95,2012,40,21.39,24.9
164202,Active,606831,NA,NA,S,6,1,4133530.289,120.5,2002,24,4,16.94
164203,Active,110070,NA,NA,D,9,1,219743.3075,54.99,2009,49,8.88,42.52
164204,Active,108932,NA,NA,D,7,1,935797.2913,159.38,2005,47,4,19.98
164205,Active,193634,NA,NA,D,1,0,1399111.048,90.95,2011,30,5.19,24.56
164206,Active,247909,NA,NA,S,0,0,209290.2613,89,2008,31,27.34,65.25
164207,Active,141981,NA,NA,S,6,1,10539.6425,121.75,2009,97,41.99,78.99
164208,Active,141680,NA,NA,D,5,1,191074.9638,30,2004,53,4,8.51
164209,Active,141222,NA,NA,D,4,1,438895.1075,15.99,2000,46,4.13,15.99
164210,Active,914116,NA,NA,D,0,0,3141088.823,58.64,2002,17,5.52,42.94
164211,Active,599127,NA,NA,D,0,0,2553326.741,13.28,2005,18,6.81,13.42
164212,Active,556620,NA,NA,S,2,1,89130.57375,241,2004,37,48.89,99.97
164213,Active,2585115,NA,NA,S,1,0,336505.43,75,1987,161,4,16.2
164214,Active,551758,NA,NA,D,8,1,1252535.869,156.67,2003,35,4,44.92
164215,Active,553814,NA,NA,D,10,1,112870.625,253.8,2010,106,13.78,29.22
164216,Active,552470,NA,NA,D,9,1,450534.58,186.33,2007,43,4,24.19
164217,Active,538833,NA,NA,D,8,1,22850.825,68.99,2013,150,6.73,61.99
164218,Active,705504,NA,NA,S,8,1,383258.575,168.99,2013,24,17.45,179.26
164219,Active,908184,NA,NA,S,6,1,1012156.193,47.17,2008,47,5.63,18.57
164220,Active,53935,NA,NA,D,7,1,139657.2088,36.98,2010,126,5.99,32.43
164221,Active,308770,NA,NA,S,4,1,1908815.355,188.75,2004,46,4,18.99
164222,Active,53934,NA,NA,D,6,1,160133.3113,188.95,2008,142,4,13.74
164223,Active,53933,NA,NA,D,5,1,1087893.196,11.24,2007,115,3.75,7.77
164224,Active,52344,NA,NA,S,12,1,502843.24,265.95,2005,92,4,5.58
164225,Active,52347,NA,NA,D,14,1,287756.8813,345.95,2009,125,4,14.94
164226,Active,52346,NA,NA,D,15,1,97351.3525,266.95,2011,146,8.05,19.34
164227,Active,539572,NA,NA,S,7,1,2581761.025,138.47,2009,22,15.99,144.07
164228,Active,297877,NA,NA,D,6,1,690848.7563,209.95,2011,29,9.78,29.84
164229,Active,766413,NA,NA,D,6,1,653113.3713,602.99,2010,64,4.29,602.99
164230,Active,745322,NA,NA,S,5,1,2935758.299,292.95,2008,33,5.53,56.81
164231,Active,60225,NA,NA,D,4,1,3980374.726,144.95,2005,18,4.13,63.34
164232,Active,148604,NA,NA,D,5,1,501897.3025,223.95,2008,66,4,34.87
164233,Active,1657580,NA,NA,S,4,1,255056.4675,91.72,2008,22,19.94,77.99
164234,Active,591329,NA,NA,D,1,0,2805927.483,53.95,2006,24,7.81,10.98
164235,Active,591330,NA,NA,D,1,0,2398108.084,100.95,2006,20,5.77,27.99
164236,Active,797627,NA,NA,D,1,0,1504907.135,232.95,2006,33,5.87,33.99
164237,Active,651327,NA,NA,D,1,0,2595806.7,53.95,2006,24,7.18,10.98
164238,Active,624303,NA,NA,S,2,1,218041.675,39.95,2011,28,6.44,24.24
164239,Active,539921,NA,NA,S,2,1,70673.42375,88.95,2012,52,42.18,68.47
164240,Active,870116,NA,NA,D,3,1,1358714.17,7.99,2005,41,6.07,7.99
164241,Active,58342,NA,NA,D,3,1,270735.4763,115.6,2005,65,4.39,29.7
164242,Active,169810,NA,NA,S,3,1,2135488.573,46.95,2008,24,4.73,21.99
164243,Active,53334,NA,NA,D,8,1,763263.465,140.95,2005,73,4,39.98
164244,Active,608579,NA,NA,D,7,1,3559466.805,82.95,2002,46,4,12.98
164245,Active,53333,NA,NA,D,9,1,337554.975,195.95,2008,80,4,30.97
164246,Active,51647,NA,NA,D,4,1,974376.5,54.95,2007,171,3.99,4.46
164247,Active,51649,NA,NA,S,3,1,2284587.601,47.95,2004,70,3.8,4.98
164248,Active,51648,NA,NA,D,5,1,94486.10875,65.95,2010,315,4,11.98
164249,Active,536371,NA,NA,D,6,1,8725.90375,69.95,2013,176,6.8,22.98
164250,Active,3255673,NA,NA,D,2,1,2195715.976,33.16,2004,40,5.7,23.14
164251,Active,578972,NA,NA,S,3,1,124099.9,103.95,2012,37,43.98,66.89
164252,Active,615207,NA,NA,D,2,1,618253.6713,75.95,2004,68,4,13.49
164253,Active,533364,NA,NA,D,3,1,181237.9813,39.83,2012,105,4,28.94
164254,Active,110342,NA,NA,D,2,1,828171.7075,33.74,2011,53,4.73,24
164255,Active,550696,NA,NA,D,1,0,1108605.595,54.8,2008,95,4,63.84
164256,Active,147013,NA,NA,S,2,1,1225879.01,119,2003,31,6.36,90.79
164257,Active,147037,NA,NA,D,4,1,1128762.876,109,2002,36,5.98,20.87
164258,Active,626520,NA,NA,D,3,1,2434586.705,85,1997,29,5.67,53.57
164259,Active,660219,NA,NA,S,4,1,642547.1263,97.99,2009,46,21.38,25.69
164260,Active,717520,NA,NA,D,11,1,5051940.746,68.95,1998,20,4,42.24
164261,Active,60226,NA,NA,D,13,1,2734293.586,200.95,2005,33,4,37.32
164262,Active,619886,NA,NA,S,2,1,86189.39,65.95,2001,122,15.48,46.78
164263,Active,246452,NA,NA,S,2,1,220670.6413,76.95,2005,25,15.29,39.32
164264,Active,572541,NA,NA,D,1,0,2005173.904,54.95,2007,17,6.31,23.96
164265,Active,545483,NA,NA,S,2,1,640835.745,60.95,2010,20,11.93,34.1
164266,Active,546786,NA,NA,D,7,1,186160.3863,55.99,2011,62,7.96,17.59
164267,Active,788992,NA,NA,S,4,1,7654364.251,30.95,2001,32,4,10.99
164268,Active,577421,NA,NA,D,6,1,1235209.418,48.95,2010,74,4,6.73
164269,Active,692057,NA,NA,D,3,1,2424923.506,105.95,1999,41,4.58,21.98
164270,Active,60227,NA,NA,D,4,1,594980.2125,305.95,2003,52,4,13.79
164271,Active,53272,NA,NA,D,4,1,2825904.64,287.95,2006,23,5.92,66.38
164272,Active,745168,NA,NA,D,1,0,4254166.578,189.95,2008,13,4,104.04
164273,Active,570475,NA,NA,D,2,1,157442.8663,76.54,2012,33,5.91,52.72
164274,Active,286268,NA,NA,D,2,1,672283.0438,97.2,2008,132,4,8.39
164275,Active,629163,NA,NA,S,0,0,546883.47,71.95,2012,38,24,55.42
164276,Active,183334,NA,NA,D,1,0,1491327.744,187.95,2007,30,4,20.49
164277,Active,57141,NA,NA,D,9,1,1763146.376,76.2,2007,62,3.98,11.99
164278,Active,624653,NA,NA,S,4,1,35465.71875,104.95,2013,40,13.93,0
164279,Active,544999,NA,NA,S,3,1,137539.1863,106,2012,43,11.44,61.53
164280,Active,428345,NA,NA,S,6,1,143116.4025,173,2004,39,4.39,44.05
164281,Active,177713,NA,NA,S,3,1,579608.0713,229.95,2002,24,13.13,98.96
164282,Active,157387,NA,NA,D,0,0,574279.9875,67.95,2009,18,7.33,67.95
164283,Active,871884,NA,NA,D,6,1,4242253.273,66.8,2009,20,4,30.49
164284,Active,131557,NA,NA,S,10,1,3099957.416,91.2,2002,30,4,10.71
164285,Active,130410,NA,NA,D,13,1,126155.9888,176.95,2011,51,11.19,53.99
164286,Active,287547,NA,NA,D,11,1,1800693.234,111.8,2005,34,4,17.81
164287,Active,298132,NA,NA,D,2,1,910335.1538,54.95,2007,47,4.4,31.42
164288,Active,184349,NA,NA,D,1,0,2374120.464,44.95,2002,41,4,18.99
164289,Active,870856,NA,NA,D,2,1,771804.8038,43.98,2006,50,4,22.81
164290,Active,57164,NA,NA,D,3,1,153585.8763,104.5,2009,34,7.77,59.61
164291,Active,163164,NA,NA,S,3,1,65227.09125,55.95,2012,39,17.75,31.97
164292,Active,619422,NA,NA,S,6,1,163188.6613,123,2005,82,7.58,87.92
164293,Active,540229,NA,NA,S,2,1,1491888.409,41,2009,39,4.97,0
164294,Active,626889,NA,NA,S,2,1,1295759.376,48,2008,34,4.97,0
164295,Active,407878,NA,NA,D,3,1,458824.0663,78,2006,101,4,10
164296,Active,866593,NA,NA,S,5,1,12551.8325,108,2014,93,30.85,39.37
164297,Active,531578,NA,NA,D,4,1,62096.8625,95,2010,159,4,16.94
164298,Active,544167,NA,NA,D,8,1,38235.2925,61.8,2013,86,10.64,67.98
164299,Active,52552,NA,NA,D,7,1,115628.47,26.48,2010,150,4,13.98
164300,Active,52554,NA,NA,S,5,1,1390361.086,69.95,2005,95,4,8.68
164301,Active,597126,NA,NA,D,0,0,1076465.914,52,2002,39,4,19.99
164302,Active,552093,NA,NA,S,2,1,1628128.796,39,2002,37,3.77,7.07
164303,Active,914329,NA,NA,S,3,1,1064755.518,59.99,2010,29,13.01,53.36
164304,Active,118720,NA,NA,S,3,1,60161.14625,53.32,2009,72,7.91,20.9
164305,Active,859831,NA,NA,S,3,1,406764.4388,59.99,2009,24,28.84,47.91
164306,Active,665700,NA,NA,S,3,1,732848.4263,129.13,2009,13,9.96,63.99
164307,Active,539215,NA,NA,S,3,1,21653.49,53.32,2009,62,11.49,20
164308,Active,715071,NA,NA,S,1,0,186232.4063,53.32,2009,40,5.31,23.99
164309,Active,140854,NA,NA,S,4,1,440412.5363,56.25,1995,29,5.81,21.93
164310,Active,876439,NA,NA,D,2,1,3107017.984,12.98,2004,35,4,13.44
164311,Active,110186,NA,NA,D,4,1,440470.9525,36.85,2010,62,5.9,32.96
164312,Active,309112,NA,NA,D,3,1,533306.3213,27.99,2007,60,4,13.46
164313,Active,550021,NA,NA,S,2,1,2145592.884,154,2005,47,4,8.93
164314,Active,53141,NA,NA,D,3,1,266097.485,11.97,2008,90,4.08,10.99
164315,Active,548460,NA,NA,D,3,1,2407816.668,60,1990,28,4,20.47
164316,Active,572214,NA,NA,D,2,1,1284022.595,127.95,2007,42,4,40.86
164317,Active,542055,NA,NA,D,3,1,378516.2075,120.95,2010,48,4,19.59
164318,Active,2721943,NA,NA,D,2,1,817936.365,79,2003,27,5.49,72.03
164319,Active,119285,NA,NA,D,2,1,340661.9463,191.8,2011,47,10.21,11.47
164320,Active,197577,NA,NA,D,8,1,1019691.083,71.95,2006,48,4,16.92
164321,Active,197847,NA,NA,S,9,1,554134.25,84.9,2007,33,10.08,0
164322,Active,132026,NA,NA,D,1,0,2620033.101,136.67,2007,21,4,5.88
164323,Active,57440,NA,NA,S,7,1,1210575.665,90,2002,66,3.96,4.58
164324,Active,628742,NA,NA,D,1,0,80303.2725,145.4,2009,28,13.74,76.31
164325,Active,213159,NA,NA,S,3,1,506624.035,81.95,2008,22,11.98,70.32
164326,Active,553979,NA,NA,D,6,1,96467.0825,145.2,2009,36,11.88,53.49
164327,Active,113847,NA,NA,D,0,0,1123952.8,95.8,2003,58,4,10.24
164328,Active,120809,NA,NA,D,1,0,1279515.539,158.73,2009,25,31.94,117.99
164329,Active,131830,NA,NA,S,8,1,736514.6075,107.6,2004,73,4,5.98
164330,Active,57439,NA,NA,D,9,1,141256.8625,132.67,2007,143,4,7.92
164331,Active,57438,NA,NA,D,8,1,1760280.168,107.6,2004,55,4,6.99
164332,Active,118589,NA,NA,S,5,1,136866.4275,180,2006,61,8.53,58.96
164333,Active,366608,NA,NA,S,2,1,211796.305,49.99,2004,35,4.36,25.51
164334,Active,753474,NA,NA,S,1,0,106276.1113,24.95,2010,61,4.79,7.97
164335,Active,677020,NA,NA,S,1,0,635824.7313,29.99,2009,51,4,11.26
164336,Active,148939,NA,NA,S,1,0,11246.85,36.88,2007,36,25.52,26.98
164337,Active,2431522,NA,NA,D,1,0,1106751.646,101.8,2003,30,4,33.38
164338,Active,557282,NA,NA,D,0,0,1785103.089,81,2005,32,4.98,95.51
164339,Active,543956,NA,NA,S,5,1,82180.26375,55.95,2012,42,25.5,33.16
164340,Active,613764,NA,NA,S,2,1,20943.9,62.5,2011,56,15.29,28.97
164341,Active,157557,NA,NA,S,2,1,299836.6275,61.95,2011,29,31.46,52.03
164342,Active,182689,NA,NA,D,7,1,444148.5725,184.95,2002,46,4,28.67
164343,Active,875099,NA,NA,D,7,1,288709.13,79.03,2002,45,5.82,58.53
164344,Active,2385329,NA,NA,D,2,1,5856699.613,46.67,1997,20,4,18.96
164345,Active,118710,NA,NA,S,3,1,320994.0825,82.2,2008,27,16.58,63
164346,Active,3821580,NA,NA,S,0,0,1077415.2,50,2001,50,6.54,12.35
164347,Active,620256,NA,NA,S,1,0,7080.5,59.99,2010,25,30.93,39.99
164348,Active,627554,NA,NA,S,1,0,35616.575,59.99,2007,21,23.46,35.4
164349,Active,859663,NA,NA,S,2,1,1927826.419,125.95,2008,17,24.98,26.7
164350,Active,225800,NA,NA,D,2,1,1000720.405,104.95,1999,16,27.06,64.47
164351,Active,2827726,NA,NA,D,0,0,1237063.596,89.95,2005,20,16.83,50.89
164352,Active,562335,NA,NA,S,2,1,87041.49875,41.88,2010,27,15.51,16.23
164353,Active,541117,NA,NA,S,2,1,23873.61125,55,2010,52,36.69,46.98
164354,Active,245239,NA,NA,S,3,1,190066.1188,257.95,2005,59,5.48,65.79
164355,Active,504803,NA,NA,D,19,1,218328.9938,79.95,2008,64,8.64,52.45
164356,Active,61249,NA,NA,D,18,1,1319775.929,39.95,2004,49,4,17.93
164357,Active,613650,NA,NA,S,1,0,334491.98,70,1990,46,4,17.99
164358,Active,613263,NA,NA,S,0,0,493995.54,43,2012,118,4,31.99
164359,Active,637872,NA,NA,D,0,0,195683.8975,51,2011,34,6.77,32.98
164360,Active,581698,NA,NA,D,4,1,335722.0325,129,2007,56,4.89,12.99
164361,Active,1680088,NA,NA,S,5,1,110942.0738,48,2013,21,28.99,48
164362,Active,615149,NA,NA,D,1,0,959194.3575,162.8,2008,57,4,17.28
164363,Active,2573606,NA,NA,D,2,1,2995711.64,43.99,1988,18,7.82,43.99
164364,Active,2571051,NA,NA,D,3,1,6094911.896,130,1992,16,9.96,49.95
164365,Active,711980,NA,NA,D,2,1,2715241.824,79,2002,17,24.94,35.81
164366,Active,924347,NA,NA,D,0,0,2643845.403,53,2007,23,4,52.16
164367,Active,612966,NA,NA,D,4,1,224311.4725,43.95,2007,211,4.29,12.98
164368,Active,1617155,NA,NA,D,0,0,838932.435,30,2008,24,29.94,29.93
164369,Active,193623,NA,NA,S,2,1,809448.4325,150,2008,81,8.97,12.99
164370,Active,542616,NA,NA,D,5,1,85442.57125,49.95,2010,76,7.73,27.99
164371,Active,624661,NA,NA,S,6,1,3345.95625,49.95,2013,118,15.49,27.98
164372,Active,613529,NA,NA,D,1,0,361743.4288,187,2010,51,5.44,13.98
164373,Active,895588,NA,NA,D,3,1,1078937.921,36,2002,17,5.44,43.43
164374,Active,615308,NA,NA,D,6,1,122672.7475,103,2009,53,31.46,83.72
164375,Active,617866,NA,NA,S,0,0,629570.8525,38.95,2005,25,9.98,27.99
164376,Active,612901,NA,NA,D,9,1,205640.9838,225,2008,126,4,23.99
164377,Active,613738,NA,NA,S,5,1,66821.41125,228,2012,143,20,67.05
164378,Active,269956,NA,NA,D,7,1,305571.755,225,2008,276,4,51.99
164379,Active,618660,NA,NA,D,2,1,971850.9163,35,1999,71,4,9.49
164380,Active,655461,NA,NA,S,3,1,150943.2738,45,2012,35,31.59,32.51
164381,Active,143639,NA,NA,S,7,1,239568.6025,43,2010,32,23.07,42.98
164382,Active,1633519,NA,NA,S,0,0,1149568.181,38.95,2009,28,12.98,24.99
164383,Active,635716,NA,NA,S,0,0,34895.59875,44.95,2012,35,22.99,31.49
164384,Active,602592,NA,NA,S,4,1,82926.395,91.15,2008,34,28.94,0
164385,Active,592848,NA,NA,S,3,1,764489.1925,183,2010,70,5.19,97.19
164386,Active,633469,NA,NA,D,0,0,827859.5025,51.33,2004,36,4,32.93
164387,Active,620789,NA,NA,S,2,1,25375.27625,79.4,2009,55,35.82,60.1
164388,Active,871847,NA,NA,S,20,1,14590.98,60,2014,53,39.05,44.13
164389,Active,296604,NA,NA,D,19,1,65293.42625,40,2008,88,6.19,21
164390,Active,112941,NA,NA,D,3,1,1720568.568,117,2004,19,31.38,79.04
164391,Active,566852,NA,NA,D,5,1,98285.255,80.97,2007,47,13.99,56.99
164392,Active,165654,NA,NA,D,4,1,202732.7288,69.72,2003,68,8.59,48.83
164393,Active,162275,NA,NA,D,5,1,984487.31,121,2008,11,32.02,63.99
164394,Active,625894,NA,NA,S,0,0,1464841.074,99,2006,28,47.09,77.17
164395,Active,859517,NA,NA,S,3,1,1660547.356,57.95,2007,20,13.66,65.13
164396,Active,2562758,NA,NA,S,5,1,4606687.214,165,1995,19,7.31,51.93
164397,Active,3485135,NA,NA,S,5,1,6909517.35,44,1996,41,4,18.89
164398,Active,557409,NA,NA,S,2,1,241557.3975,90,2007,45,5.12,44.48
164399,Active,633981,NA,NA,S,3,1,1315890.694,123.4,2002,28,9.92,56.49
164400,Active,169978,NA,NA,D,2,1,82434.56,149.95,2011,69,9.76,99.16
164401,Active,132350,NA,NA,S,3,1,424584.8425,87,2006,46,10.42,58.03
164402,Active,663325,NA,NA,S,2,1,88043.2125,76,2013,72,24.99,55.72
164403,Active,546763,NA,NA,S,2,1,247727.2088,57,2012,19,40.21,0
164404,Active,296513,NA,NA,D,0,0,348794.1913,36.95,2009,38,4,0
164405,Active,289836,NA,NA,S,3,1,394192.205,76.95,2011,19,37.11,68.43
164406,Active,260041,NA,NA,D,4,1,943713.655,52.95,2001,26,4,14.98
164407,Active,158180,NA,NA,S,1,0,505973.3563,44.95,2009,38,23.88,34.52
164408,Active,2578054,NA,NA,D,1,0,2531032.15,79.95,1984,24,5.6,23.99
164409,Active,2571885,NA,NA,S,2,1,1050914.848,130,1994,17,8.34,81.16
164410,Active,2346422,NA,NA,D,0,0,1998849.019,154.33,1972,15,9.81,77.97
164411,Active,2338653,NA,NA,D,0,0,1987615.934,165.23,1966,21,6.37,118.07
164412,Active,2561885,NA,NA,D,0,0,2678955.444,164.52,1983,17,14.43,78.49
164413,Active,296361,NA,NA,D,7,1,1675206.499,93.95,2006,42,4,13.94
164414,Active,621838,NA,NA,D,7,1,726462.6075,93.95,2006,29,4.76,33.88
164415,Active,629984,NA,NA,S,8,1,150060.5388,100.95,2011,33,25.74,95.15
164416,Active,614300,NA,NA,S,0,0,364921.7388,50,2006,71,4,13.72
164417,Active,116078,NA,NA,D,2,1,1988326.593,53.33,2004,58,4,9.95
164418,Active,531558,NA,NA,S,4,1,263974.5713,87.6,2012,34,27.73,197.99
164419,Active,2254588,NA,NA,S,3,1,599860.5488,111.89,2009,29,14.11,94.91
164420,Active,3643555,NA,NA,S,2,1,529457.7,53.95,2014,26,23.43,44.39
164421,Active,555772,NA,NA,D,2,1,383754.54,87.95,2010,89,4,7.48
164422,Active,610257,NA,NA,D,3,1,58484.4475,97.95,2011,157,4,34.99
164423,Active,622210,NA,NA,D,3,1,241571.0238,95.95,2013,59,4,16.32
164424,Active,607166,NA,NA,D,4,1,965572.0188,61,1999,42,4,14.49
164425,Active,117561,NA,NA,D,5,1,523702.18,81.4,2003,47,4,46.88
164426,Active,132919,NA,NA,S,6,1,59628.72,113,2010,52,25.98,68.47
164427,Active,609506,NA,NA,D,9,1,860911.0413,234.95,2007,37,9.31,43.32
164428,Active,531557,NA,NA,D,10,1,690120.5088,234.95,2010,34,9.69,67.13
164429,Active,865302,NA,NA,D,3,1,393376.1338,179.95,2006,68,4.45,68.84
164430,Active,756019,NA,NA,D,1,0,190397.0175,86.25,2010,20,33.01,0
164431,Active,163137,NA,NA,S,1,0,71823.44375,173.75,2010,24,65.82,0
164432,Active,646597,NA,NA,S,4,1,140070.3863,46,2006,28,33.49,37.9
164433,Active,370623,NA,NA,S,3,1,617413.1775,164.95,1998,46,6.97,75.34
164434,Active,133474,NA,NA,S,8,1,182318.715,108.2,2011,38,21.09,83.52
164435,Active,607884,NA,NA,D,5,1,1915324.055,60.6,2002,42,4.39,11.94
164436,Active,1946532,NA,NA,S,1,0,61097.55,104.25,2014,26,48.64,53.08
164437,Active,1956903,NA,NA,S,2,1,1182888.808,109.2,2012,17,30.1,102.32
164438,Active,132551,NA,NA,D,7,1,1204689.356,76,2008,50,4,9.64
164439,Active,608758,NA,NA,S,3,1,619894.485,121.95,2002,26,29.05,84.83
164440,Active,619014,NA,NA,S,2,1,155958.3163,175.95,2005,49,17.89,73.1
164441,Active,1781315,NA,NA,S,1,0,94854.6125,65,2015,18,50.44,47.72
164442,Active,147346,NA,NA,D,3,1,128291.995,107,2007,68,9.59,23.99
164443,Active,531556,NA,NA,S,4,1,158133.5063,21.99,2011,43,5.81,9.98
164444,Active,1616059,NA,NA,S,1,0,99516.73625,34.99,2010,86,6.38,26.58
164445,Active,2165715,NA,NA,S,0,0,236602.1113,35,2012,19,12.47,17.98
164446,Active,1431337,NA,NA,S,20,1,34012.175,23.99,2009,31,9.78,13.11
164447,Active,655163,NA,NA,S,1,0,18961.45,39.99,2013,25,19.97,23.4
164448,Active,665014,NA,NA,S,0,0,9792.15,39.99,2013,23,21.93,26.74
164449,Active,2560165,NA,NA,D,1,0,3334605.843,59.95,1980,26,4,63.31
164450,Active,618246,NA,NA,S,5,1,126191.3363,129.75,2011,48,23.99,75.96
164451,Active,2815800,NA,NA,D,5,1,2293624.573,49.95,2002,18,7.97,49.43
164452,Active,645731,NA,NA,D,0,0,2546816.679,226.95,1995,24,43.34,134.83
164453,Active,126715,NA,NA,D,21,1,588761.86,39.99,2005,21,8.84,42.6
164454,Active,633542,NA,NA,D,20,1,634163.2963,36,2000,37,4,20.28
164455,Active,531554,NA,NA,S,22,1,68071.16625,44.95,2010,31,24.99,32.59
164456,Active,2404487,NA,NA,S,17,1,3884649.855,19.95,1987,22,4,49.91
164457,Active,117217,NA,NA,S,3,1,962819.0063,45.4,2006,35,4,34.97
164458,Active,108471,NA,NA,D,3,1,4356764.334,67.81,2004,28,4,6.72
164459,Active,109173,NA,NA,D,4,1,464547.5675,155.81,2006,39,4.08,50.63
164460,Active,265306,NA,NA,S,2,1,88800.275,55,2004,16,31.78,36.17
164461,Active,655506,NA,NA,S,1,0,12922.15,39.95,2011,24,33.8,34.67
164462,Active,172152,NA,NA,S,2,1,102182.0163,24.95,2005,65,4.39,12.1
164463,Active,887388,NA,NA,S,4,1,276887.0588,50.95,2015,25,33.98,23.99
164464,Active,868668,NA,NA,S,7,1,1143996.554,174,2006,36,4.63,91.03
164465,Active,598752,NA,NA,D,4,1,2354419.574,44.95,2005,33,4,4
164466,Active,546445,NA,NA,S,5,1,164021.1725,60,2010,32,10.06,52.66
164467,Active,592831,NA,NA,D,8,1,964819.8463,150,2010,61,4.49,10.98
164468,Active,433355,NA,NA,D,1,0,2205118.081,164,2008,21,13.67,30.89
164469,Active,560414,NA,NA,D,2,1,843083.2975,203,2011,43,4.49,135.43
164470,Active,296070,NA,NA,D,2,1,1739042.636,50,2006,38,4,45.35
164471,Active,2845304,NA,NA,D,0,0,3377329.451,45,2001,28,4,13.98
164472,Active,143142,NA,NA,D,1,0,628706.5413,35,2008,17,10.47,57.99
164473,Active,901359,NA,NA,S,10,1,2351809.821,39,2011,13,12.89,38.82
164474,Active,60229,NA,NA,D,5,1,627951.3188,249.95,2005,26,4.31,35.37
164475,Active,764601,NA,NA,D,3,1,7429329.571,79.95,1997,16,3.98,7.98
164476,Active,553757,NA,NA,S,1,0,437800.0175,74.8,2011,36,19.44,38.99
164477,Active,417335,NA,NA,D,5,1,33444.23,155.75,2012,103,7.38,22.46
164478,Active,54560,NA,NA,D,4,1,192548.4838,33.99,2009,78,4,28.76
164479,Active,642496,NA,NA,D,3,1,550429.835,113.87,2010,20,14.06,0
164480,Active,120156,NA,NA,D,3,1,79604.40375,86,2010,93,6.48,43.99
164481,Active,864606,NA,NA,S,4,1,59958.4675,84.2,2014,38,52.86,72.94
164482,Active,117261,NA,NA,D,2,1,1278942.914,60.95,2006,73,4,14.14
164483,Active,162882,NA,NA,S,2,1,166956.98,133.5,2009,32,37.89,48.99
164484,Active,165796,NA,NA,D,1,0,3099854.303,35.85,2003,43,4,41.61
164485,Active,531552,NA,NA,S,11,1,194601.4713,79.4,2012,37,12.27,61.8
164486,Active,56969,NA,NA,D,10,1,550318.8175,63.99,2007,52,4,40.67
164487,Active,244325,NA,NA,D,12,1,178037.9713,33.23,2011,86,6.13,43.96
164488,Active,56970,NA,NA,D,11,1,770750.2863,9.98,2009,90,4,17.94
164489,Active,164338,NA,NA,D,1,0,1609040.773,21.5,2002,34,4,28.99
164490,Active,164368,NA,NA,S,1,0,198056.28,92.23,2003,55,4.02,64.27
164491,Active,608927,NA,NA,S,5,1,1683256.425,59.95,1998,46,4,5.84
164492,Active,2840800,NA,NA,D,1,0,700551.7438,146.95,1997,26,8.69,61.68
164493,Active,203353,NA,NA,S,2,1,4282072.49,40.95,1999,23,4,23.98
164494,Active,531550,NA,NA,S,3,1,70226.58,121.95,2012,93,62.08,64.74
164495,Active,531549,NA,NA,D,4,1,222454.3163,95.95,2010,45,29.01,54.18
164496,Active,293109,NA,NA,D,3,1,843568.61,82.95,2004,44,4.93,24.65
164497,Active,192456,NA,NA,D,3,1,978325.9625,79.95,2004,39,5.49,33.8
164498,Active,531548,NA,NA,D,4,1,280468.9875,98.95,2009,66,33.54,102.63
164499,Active,192445,NA,NA,D,4,1,390084.6088,90.95,2005,119,6.75,27.74
164500,Active,1516685,NA,NA,S,3,1,1187852.134,44.99,2012,50,4,10.28
164501,Active,2374648,NA,NA,S,2,1,718949.3688,64.99,2003,67,4,12.39
164502,Active,1517760,NA,NA,S,1,0,45731.175,49.99,2015,16,30.55,30.56
164503,Active,115786,NA,NA,S,7,1,1222112.205,59.99,2004,38,4,12.22
164504,Active,551840,NA,NA,D,6,1,2491778.881,49.99,2002,48,4,11.87
164505,Active,531544,NA,NA,D,8,1,802255.1738,59.99,2008,49,4,23.99
164506,Active,537219,NA,NA,S,9,1,255872.6863,59.99,2013,38,16.5,26.98
164507,Active,627412,NA,NA,S,3,1,588405.695,59.99,2010,38,12.55,30.58
164508,Active,644518,NA,NA,S,3,1,429256.6563,54.99,2012,33,16.86,0
164509,Active,865129,NA,NA,S,2,1,315187.45,59.99,2006,25,13.04,0
164510,Active,117847,NA,NA,D,4,1,415705.2488,96,2004,49,4,19.98
164511,Active,115075,NA,NA,S,3,1,1582704.199,62,2000,29,4,11.18
164512,Active,609841,NA,NA,S,6,1,96628.21,129.2,2012,52,34.97,72.41
164513,Active,118947,NA,NA,D,5,1,229283.235,95.6,2008,50,13.13,49.57
164514,Active,531542,NA,NA,S,2,1,634277.215,69.99,2003,73,4,17.98
164515,Active,624587,NA,NA,S,4,1,897210.5475,44.95,1991,26,6.65,67.89
164516,Active,619098,NA,NA,S,3,1,4872622.443,357.15,1985,23,4,74.75
164517,Active,809143,NA,NA,S,3,1,84616.35875,252.25,2013,40,23.51,24.48
164518,Active,192115,NA,NA,D,1,0,1415273.35,22.6,2007,55,4.17,20.22
164519,Active,252591,NA,NA,D,1,0,887447.0113,97.73,2008,23,5.85,90.68
164520,Active,866672,NA,NA,S,0,0,178027.6613,55,2014,36,26.33,31.59
164521,Active,54179,NA,NA,D,1,0,527783.6213,92.95,2007,50,4,8.73
164522,Active,54180,NA,NA,D,2,1,271898.42,13.99,2010,66,5.7,33.99
164523,Active,53798,NA,NA,D,1,0,1282499.194,17.73,2008,53,4,14.99
164524,Active,545172,NA,NA,D,2,1,123410.3213,23.94,2010,40,12.58,41.95
164525,Active,1956555,NA,NA,S,3,1,124711.425,118.75,2013,30,20.45,125
164526,Active,551390,NA,NA,S,1,0,321538.42,102.75,2007,51,4.89,11.93
164527,Active,644636,NA,NA,S,6,1,423231.62,394.99,2012,39,21.89,121.09
164528,Active,105755,NA,NA,D,1,0,2366050.535,107,2003,24,14.75,41.99
164529,Active,531539,NA,NA,S,2,1,298353.8063,89.99,2011,25,23.79,45
164530,Active,668845,NA,NA,S,2,1,989366.3275,108,2012,13,44.94,33.16
164531,Active,541742,NA,NA,S,1,0,22233.325,39.95,2011,28,25.14,25.46
164532,Active,553175,NA,NA,S,3,1,183371.835,71.4,2012,50,5.19,20.03
164533,Active,1823280,NA,NA,S,7,1,249305.3388,53.74,2014,12,4.94,53.74
164534,Active,614586,NA,NA,D,6,1,238659.5125,89.33,2010,78,4,26.99
164535,Active,616937,NA,NA,D,6,1,151153,84.8,2010,67,4.24,12.02
164536,Active,618725,NA,NA,S,7,1,57184.895,103.8,2013,44,23.98,51.55
164537,Active,561579,NA,NA,S,1,0,295209.8475,71.8,2012,25,5.98,28.99
164538,Active,627831,NA,NA,S,2,1,35907.14625,86.2,2013,56,25.24,68.61
164539,Active,908049,NA,NA,S,2,1,308368.8188,58.67,2013,24,28.72,44.99
164540,Active,178655,NA,NA,S,1,0,1882495.959,231.95,2010,27,15.06,210.59
164541,Active,533712,NA,NA,D,2,1,110992.7138,369.95,2012,57,20.25,153.84
164542,Active,52038,NA,NA,S,0,0,248778.4188,294.95,2007,53,4.81,15.33
164543,Active,178956,NA,NA,D,1,0,1175199.363,383.95,2009,41,4,24.94
164544,Active,178662,NA,NA,D,2,1,214475.8325,383.95,2011,41,12.97,83.98
164545,Active,178664,NA,NA,S,2,1,207318.4325,399.95,2011,80,9.55,31.97
164546,Active,2249502,NA,NA,D,1,0,6244757.983,78.97,2009,22,8.46,49.14
164547,Active,178957,NA,NA,D,1,0,665514.7325,410.95,2009,28,4,82.99
164548,Active,178663,NA,NA,D,4,1,708292.1288,408.95,2011,106,4.57,23.49
164549,Active,544494,NA,NA,D,5,1,35961.48125,371.95,2013,91,4.14,51.44
164550,Active,60230,NA,NA,D,2,1,1621908.449,330.95,2007,52,4.09,8.05
164551,Active,2134660,NA,NA,D,0,0,1249221.758,49.99,2012,27,8.35,32.46
164552,Active,126140,NA,NA,S,6,1,370736.005,76.95,2001,56,28.99,53.49
164553,Active,3560302,NA,NA,D,4,1,4213965.55,35.5,2009,26,4,13.98
164554,Active,916222,NA,NA,S,5,1,808337.2313,44,2011,30,4.98,24.26
164555,Active,629241,NA,NA,D,5,1,473930.6525,21.35,2009,12,4.73,21.33
164556,Active,55155,NA,NA,D,5,1,732702.58,29.83,2008,61,4,29.68
164557,Active,117640,NA,NA,S,2,1,883546.9425,131.2,2009,49,4,22.71
164558,Active,642113,NA,NA,D,3,1,242964.65,158.6,2012,40,8.57,84.18
164559,Active,872072,NA,NA,D,0,0,2847864.148,25.95,1987,23,4,40.47
164560,Active,268236,NA,NA,S,2,1,609678.9488,49.95,2006,38,17.36,45.41
164561,Active,632180,NA,NA,S,6,1,178990.6563,64.95,2012,32,24.84,0
164562,Active,649166,NA,NA,D,5,1,1697085.038,49.95,2007,24,4,0
164563,Active,178700,NA,NA,S,3,1,85844.49875,267.95,2010,34,39.44,52.79
164564,Active,148174,NA,NA,D,2,1,347556.6613,276.95,2007,50,4,13.93
164565,Active,431115,NA,NA,S,5,1,2692416.635,120,2010,14,5.9,24.54
164566,Active,254140,NA,NA,D,4,1,115750.9538,374.95,2010,50,21.99,55.54
164567,Active,744917,NA,NA,D,2,1,2865100.028,6.79,2006,22,4,6.79
164568,Active,2561266,NA,NA,D,1,0,3793812.034,20.14,1996,39,4.51,18.55
164569,Active,562159,NA,NA,D,3,1,963387.6375,360.95,2008,62,4.35,12.46
164570,Active,50725,NA,NA,S,7,1,1187729.576,8.99,2004,69,4,8.99
164571,Active,613767,NA,NA,D,9,1,47685.61875,66.65,2009,111,5.48,36.04
164572,Active,905787,NA,NA,D,0,0,2230460.733,144,2004,22,8.44,32.49
164573,Active,505041,NA,NA,D,2,1,787598.9288,205,2010,54,5.69,100.45
164574,Active,533810,NA,NA,S,2,1,1767522.534,29.68,2008,31,4.38,39.99
164575,Active,111041,NA,NA,D,2,1,1091555.16,27.99,2008,56,4,27.99
164576,Active,533809,NA,NA,D,3,1,57809.65625,345.5,2010,133,7.45,27.22
164577,Active,109671,NA,NA,D,1,0,666163.8938,8.98,2006,44,4,7.58
164578,Active,142923,NA,NA,D,0,0,1080513.166,35,2003,38,4,26.02
164579,Active,148267,NA,NA,S,2,1,2748166.815,200.95,2005,28,4,58.91
164580,Active,148732,NA,NA,D,10,1,1558442.613,378.95,2008,38,4,57.87
164581,Active,544526,NA,NA,D,12,1,88693.1675,344.95,2013,68,18.18,68.88
164582,Active,536170,NA,NA,D,11,1,330816.7538,379.95,2011,59,5.12,34.05
164583,Active,60231,NA,NA,S,9,1,776959.4175,301.95,2006,46,4.54,13.8
164584,Active,166653,NA,NA,S,3,1,88710.44625,110,2005,25,27.89,61.11
164585,Active,52851,NA,NA,D,2,1,1709453.581,173.33,2003,37,4,13.98
164586,Active,52849,NA,NA,D,3,1,442069.2388,119,2006,39,5.14,43.63
164587,Active,60232,NA,NA,D,3,1,3343752.023,74.95,2003,26,4,9.89
164588,Active,531533,NA,NA,S,3,1,131361.3913,52.2,2009,30,32.19,144.67
164589,Active,117333,NA,NA,D,2,1,745126.1575,46.67,2006,29,4,8.94
164590,Active,246668,NA,NA,D,4,1,1725313.079,74.95,2008,40,4,26.99
164591,Active,898021,NA,NA,D,0,0,5238906.926,50,2004,14,4.76,24.94
164592,Active,914393,NA,NA,S,1,0,693327.9575,69.99,2011,30,12.4,53.27
164593,Active,163493,NA,NA,S,5,1,73935.65125,76,2011,43,21.73,36.74
164594,Active,165379,NA,NA,S,2,1,336721.5713,65,2001,38,4,38.14
164595,Active,308805,NA,NA,D,5,1,8914558.028,121.8,1999,24,4,8.7
164596,Active,108725,NA,NA,D,7,1,671222.4938,17.76,2005,58,3.99,16.6
164597,Active,107546,NA,NA,S,6,1,1370913.654,28.99,2002,43,4,43.51
164598,Active,631653,NA,NA,D,2,1,209789.6688,44,2009,39,5.04,0
164599,Active,2177857,NA,NA,S,0,0,2705511.161,99,2006,18,37.17,34.95
164600,Active,863480,NA,NA,D,1,0,2225160.623,72.95,2007,33,4,25.01
164601,Active,642012,NA,NA,S,2,1,110061.5913,79.95,2013,29,31.87,49.88
164602,Active,1491990,NA,NA,S,4,1,2120061.794,180,2006,28,4.98,56.55
164603,Active,531528,NA,NA,S,2,1,239953.9613,154.28,2004,34,7.79,72.47
164604,Active,625031,NA,NA,D,2,1,757992.0113,35.95,2001,21,4.75,13.14
164605,Active,775726,NA,NA,D,3,1,1310706.781,43.95,2004,39,4,19.47
164606,Active,542617,NA,NA,S,4,1,39149.3625,50.95,2009,61,22.87,39.98
164607,Active,617968,NA,NA,D,1,0,552434.7175,190,2009,46,4.37,43.09
164608,Active,193690,NA,NA,D,6,1,166758.2975,213,2010,107,5.87,30.99
164609,Active,2252427,NA,NA,D,6,1,1843256.244,44.5,2010,37,9.14,35.98
164610,Active,614013,NA,NA,S,0,0,327482.995,57,2012,71,4.8,16.99
164611,Active,293204,NA,NA,S,5,1,1645278.126,145,2006,35,4,10.97
164612,Active,592825,NA,NA,D,7,1,851390.5725,215.25,2010,52,4,96.88
164613,Active,143259,NA,NA,D,7,1,594742.9938,201,2009,49,4.98,60.65
164614,Active,2535746,NA,NA,S,1,0,667786.5088,49.95,1999,26,6.94,30.98
164615,Active,572776,NA,NA,S,6,1,136538.1675,152.95,1994,66,6.43,60.33
164616,Active,886674,NA,NA,S,6,1,1082250.505,41.5,2013,22,20.63,29.43
164617,Active,3059227,NA,NA,D,4,1,1093878.165,45,2005,23,4.19,92.05
164618,Active,129413,NA,NA,D,4,1,433298.4663,69.95,2010,61,6.98,6.97
164619,Active,120889,NA,NA,S,1,0,518185.0488,116.6,2007,33,8.94,83.66
164620,Active,778456,NA,NA,D,1,0,911911.1838,74.95,2007,35,3.43,40.99
164621,Active,534853,NA,NA,D,0,0,199478.4638,53,2011,54,6.65,0
164622,Active,539409,NA,NA,D,4,1,14037.825,174,2013,111,8.51,51.98
164623,Active,878267,NA,NA,D,3,1,2528986.429,40.68,2011,44,7.48,25.89
164624,Active,646893,NA,NA,S,0,0,360953.17,44.95,2013,16,37.32,35.87
164625,Active,597953,NA,NA,S,2,1,711893.7938,46.95,2003,28,7.93,46.95
164626,Active,131936,NA,NA,D,1,0,720977.4213,208.4,2006,45,4.3,53.93
164627,Active,652468,NA,NA,D,1,0,95743.22875,115.6,2012,47,6.17,13.13
164628,Active,552366,NA,NA,S,0,0,1533578.084,82.67,2004,39,4,18.99
164629,Active,545020,NA,NA,S,2,1,89827.7725,104,2012,38,29.83,49.99
164630,Active,119330,NA,NA,D,13,1,38786.45625,201.2,2012,119,4.8,28.98
164631,Active,50530,NA,NA,S,10,1,1557072.743,91,2003,77,4,10.59
164632,Active,50529,NA,NA,D,12,1,322733.7,183.4,2009,145,4,13.99
164633,Active,537289,NA,NA,D,13,1,510281.6575,228.53,2012,23,14.72,192.99
164634,Active,111903,NA,NA,D,6,1,227430.81,45.97,2012,126,3.84,6.59
164635,Active,51904,NA,NA,D,4,1,1284680.456,10.97,2008,77,4,9.72
164636,Active,51905,NA,NA,D,5,1,336096.285,14,2010,175,4,16.81
164637,Active,110565,NA,NA,S,3,1,1347371.375,194,2006,57,5.81,11.49
164638,Active,268207,NA,NA,D,4,1,1611711.333,64.95,2007,34,4,5.04
164639,Active,254050,NA,NA,D,5,1,366993.2438,79.95,2011,55,4.39,28.97
164640,Active,550009,NA,NA,D,2,1,2015345.094,53.96,2003,36,4,39.99
164641,Active,55298,NA,NA,D,2,1,593106.2225,114.8,2011,105,4,9.99
164642,Active,248197,NA,NA,D,0,0,111749.6525,78,2011,79,5.77,32.99
164643,Active,868324,NA,NA,D,1,0,793455.7363,154.95,2010,85,4,33.92
164644,Active,622953,NA,NA,D,2,1,39651.7375,140.95,2013,93,4.26,32.99
164645,Active,576308,NA,NA,S,2,1,324059.16,136,2001,48,26.07,88.24
164646,Active,697403,NA,NA,S,3,1,351194.1813,25.75,2005,8,22.02,22.97
164647,Active,613910,NA,NA,S,4,1,621558.7763,89.75,2004,60,4,23.63
164648,Active,1660783,NA,NA,S,0,0,492760.15,50,2015,20,12.1,13.73
164649,Active,569793,NA,NA,D,16,1,789226.4138,158.95,2003,39,4,9.32
164650,Active,541994,NA,NA,S,17,1,325343.825,153.95,2007,36,29.95,58.99
164651,Active,105683,NA,NA,D,1,0,457784.86,160,2002,28,4.96,83.85
164652,Active,1592724,NA,NA,S,2,1,586183.8738,54.99,2007,49,4.92,30.55
164653,Active,879142,NA,NA,D,6,1,1691977.646,29.05,2010,46,5.59,22.13
164654,Active,53695,NA,NA,D,5,1,136959.6638,130.47,2008,107,4.42,29.93
164655,Active,540748,NA,NA,S,7,1,32372.44625,196,2013,44,39.12,151.74
164656,Active,146260,NA,NA,D,6,1,88003.48875,110.6,2009,92,5.13,55.45
164657,Active,212619,NA,NA,S,4,1,2017125.13,68.03,2006,38,4,20.98
164658,Active,615201,NA,NA,D,5,1,1602670.653,82.4,2008,44,4.24,9.49
164659,Active,266237,NA,NA,D,7,1,35106.865,115.6,2013,87,11.99,56.16
164660,Active,537855,NA,NA,D,6,1,103097.9,103.4,2009,110,4,15.99
164661,Active,1866827,NA,NA,S,1,0,35116.85,50,2014,21,30.99,29.23
164662,Active,291318,NA,NA,S,2,1,402534.6163,135,2000,53,13.2,59.41
164663,Active,680700,NA,NA,D,1,0,642269.515,29.99,2006,61,6.64,74.15
164664,Active,167015,NA,NA,D,1,0,1294724.364,63.5,2007,20,6.38,52.97
164665,Active,898975,NA,NA,S,2,1,230961.7463,75,2011,20,29.55,39.97
164666,Active,51922,NA,NA,D,13,1,28223.2375,236.67,2008,193,4,12.54
164667,Active,917952,NA,NA,D,14,1,2105984.74,29.8,2012,44,4.67,29.79
164668,Active,119144,NA,NA,S,14,1,167155.5763,204.93,2011,46,16.23,94.71
164669,Active,919020,NA,NA,D,14,1,853280.9225,11.37,2013,50,4.36,92.25
164670,Active,531525,NA,NA,S,13,1,1308196.546,46.67,2008,27,4,37.98
164671,Active,52685,NA,NA,D,6,1,972368.2688,263.95,2005,51,4.14,19.54
164672,Active,52687,NA,NA,D,8,1,340613.7188,445.95,2010,77,5.06,48.81
164673,Active,2264065,NA,NA,S,14,1,732419.7,76.58,1900,28,13.26,75.91
164674,Active,2576244,NA,NA,D,0,0,5504450.206,125,1987,14,9.7,85.92
164675,Active,52132,NA,NA,D,5,1,347042.8725,292.5,2009,129,4.29,23.97
164676,Active,52131,NA,NA,D,4,1,1271087.813,8.74,2006,66,4,8.74
164677,Active,164281,NA,NA,D,1,0,752371.8963,8.91,2004,61,4,9
164678,Active,166997,NA,NA,S,2,1,1498832.654,115,2013,39,4.56,37.75
164679,Active,3071855,NA,NA,S,7,1,2173709.043,19.95,2003,26,4,22.61
164680,Active,115162,NA,NA,D,2,1,152101.27,164.8,2000,38,4.42,58.68
164681,Active,199056,NA,NA,S,2,1,156015.13,68,2000,42,25.74,0
164682,Active,124077,NA,NA,S,2,1,335268.3938,239.95,1998,39,14.26,76.47
164683,Active,210866,NA,NA,S,2,1,27704.35125,51.95,2002,65,29.35,37.73
164684,Active,648014,NA,NA,D,2,1,2313404.354,66.95,2001,19,4,39.62
164685,Active,247718,NA,NA,D,6,1,430806.42,120,2007,54,4.83,16
164686,Active,635274,NA,NA,S,1,0,289551.5025,65,2006,25,47.49,52.36
164687,Active,1718491,NA,NA,D,3,1,1541838.781,65,2006,18,8.6,21.97
164688,Active,637844,NA,NA,S,4,1,81137.23875,75,2011,29,43.97,51.02
164689,Active,247929,NA,NA,D,2,1,158710.315,94,2008,55,4.84,15.99
164690,Active,177776,NA,NA,S,2,1,659309.1713,242.95,2002,75,4,22.93
164691,Active,164300,NA,NA,D,2,1,548029.995,9.1,2004,39,5.98,18.94
164692,Active,58311,NA,NA,D,4,1,215467.6325,160,2007,62,8.89,43.99
164693,Active,169128,NA,NA,S,2,1,87556.0325,129.95,2006,25,56.19,67.23
164694,Active,262575,NA,NA,S,2,1,718477.0438,30.95,1999,47,4,5.98
164695,Active,614589,NA,NA,D,6,1,53584.7325,139.4,2008,70,6.07,28.66
164696,Active,234021,NA,NA,D,3,1,390405.495,76,2004,48,4.01,33.98
164697,Active,169167,NA,NA,D,7,1,370222.1338,172.95,2006,35,4.99,28.48
164698,Active,1574228,NA,NA,D,7,1,2955961.289,172.37,2006,11,6.38,123.49
164699,Active,199245,NA,NA,S,2,1,375530.245,92,2003,56,23.31,58.98
164700,Active,579086,NA,NA,D,1,0,3610806.148,39.95,1994,20,4,48.17
164701,Active,644196,NA,NA,D,3,1,1031494.194,68,2003,30,4.35,47.46
164702,Active,612658,NA,NA,S,2,1,469427.26,74.95,2013,19,43.99,70.34
164703,Active,531516,NA,NA,D,5,1,217194.195,131.8,2007,39,4,53.39
164704,Active,1718560,NA,NA,S,2,1,733780.135,65,2013,21,35.09,52.01
164705,Active,264585,NA,NA,S,4,1,192303.1175,70,2003,27,35.6,0
164706,Active,3614341,NA,NA,D,2,1,4817525.65,26.95,1988,21,4,6.84
164707,Active,249261,NA,NA,S,5,1,56569.04375,50,2008,43,48.79,53.99
164708,Active,3473420,NA,NA,D,2,1,110045,136,2016,19,103.38,105.97
164709,Active,552593,NA,NA,D,1,0,47213.955,144.8,2009,74,43.93,105.3
164710,Active,607406,NA,NA,D,5,1,1432248.58,104,2006,50,4,23.74
164711,Active,298277,NA,NA,S,2,1,268195.4275,31.95,2006,41,13.35,26.35
164712,Active,121270,NA,NA,D,8,1,103663.2425,96.4,2011,43,28.27,63.16
164713,Active,132336,NA,NA,D,7,1,851038.19,78.8,2007,42,4,45.21
164714,Active,264583,NA,NA,D,2,1,860203.1788,69.95,2003,40,5.12,0
164715,Active,608297,NA,NA,S,3,1,1081769.614,16.31,1999,82,4,10.99
164716,Active,51743,NA,NA,D,5,1,189883.0888,26.49,2007,171,4.97,13.99
164717,Active,2254714,NA,NA,D,5,1,322087.7413,33.02,2008,113,7.82,22.95
164718,Active,778145,NA,NA,S,3,1,1340071.326,61.95,2000,21,5.14,43.48
164719,Active,859236,NA,NA,D,4,1,1494074.953,93.95,2005,42,4.76,13.59
164720,Active,115544,NA,NA,D,1,0,77345.74625,166.2,2011,58,63.98,89.58
164721,Active,763895,NA,NA,S,4,1,161769.9875,220.95,2001,54,11.48,28.7
164722,Active,626351,NA,NA,S,2,1,140664.7063,32.95,2008,66,16.06,21.32
164723,Active,272520,NA,NA,D,3,1,558541.6875,70,2009,47,28.97,63.89
164724,Active,869131,NA,NA,D,1,0,8592515.818,38.95,1999,18,4.28,49.63
164725,Active,891383,NA,NA,D,2,1,4434219.229,37.95,2001,13,5.76,30.39
164726,Active,2789378,NA,NA,D,1,0,9378231.934,24.95,1992,15,4.66,18.99
164727,Active,608505,NA,NA,D,2,1,832126.2413,40.95,1999,32,3.99,16.55
164728,Active,291574,NA,NA,S,3,1,75359.07625,124.95,2003,97,4.8,13.99
164729,Active,3022161,NA,NA,D,3,1,3061179.005,74.5,2000,16,4,62.73
164730,Active,116802,NA,NA,S,2,1,37782.12,79.99,2006,53,19.69,45.99
164731,Active,1587658,NA,NA,D,1,0,355283.2488,34.99,2007,43,13.16,22.91
164732,Active,2649264,NA,NA,S,2,1,481686.4263,49.95,2001,28,14.47,38.62
164733,Active,534032,NA,NA,D,3,1,648384.8463,69.5,1987,34,4.15,48.77
164734,Active,644297,NA,NA,S,0,0,84172.13625,50,1989,70,13.23,38.04
164735,Active,226148,NA,NA,S,2,1,910149.5638,121.95,2006,48,6.24,26.44
164736,Active,2570015,NA,NA,D,1,0,2032501.109,163,1991,20,31.58,72.34
164737,Active,54054,NA,NA,D,11,1,459205.6638,144.2,2010,63,4.39,41.91
164738,Active,54053,NA,NA,D,10,1,1179736.86,122.6,2008,104,4,26.99
164739,Active,647023,NA,NA,S,1,0,50244.525,59.95,2012,30,24.88,51.3
164740,Active,2869276,NA,NA,D,1,0,2783127.704,125,1990,27,4,7.41
164741,Active,264565,NA,NA,D,2,1,567590.705,50,2001,34,4,33.31
164742,Active,543723,NA,NA,S,2,1,119801.8138,47.5,2012,41,28.37,29.98
164743,Active,613992,NA,NA,S,2,1,36365.96125,30,1992,156,10.47,128.98
164744,Active,251956,NA,NA,D,6,1,167282.3713,212.95,2010,67,28.2,92.94
164745,Active,802379,NA,NA,S,5,1,3129291.875,70.27,2005,13,7.89,64.12
164746,Active,2396798,NA,NA,S,3,1,1520141.963,57.5,1993,41,4,44.85
164747,Active,717676,NA,NA,D,4,1,1176970.349,101.95,2000,55,4,44.21
164748,Active,113521,NA,NA,D,1,0,1025278.884,143,1999,24,33.32,268.25
164749,Active,861745,NA,NA,S,10,1,20824.9975,80.95,2013,40,42.21,61.42
164750,Active,608647,NA,NA,D,13,1,1853901.001,65.95,2010,25,4,49.29
164751,Active,148617,NA,NA,D,12,1,2992386.464,72.95,2008,18,4.39,63.42
164752,Active,1597869,NA,NA,D,13,1,571796.82,65.95,2010,24,4,21.99
164753,Active,646171,NA,NA,S,2,1,2957440.324,104.95,1998,14,5.13,55.77
164754,Active,531507,NA,NA,S,1,0,506171.7025,70.95,2010,33,4,36.94
164755,Active,286106,NA,NA,D,1,0,168066.8088,142.4,2010,42,8.99,38.34
164756,Active,801151,NA,NA,D,0,0,365218.245,84.95,2008,50,4,17.99
164757,Active,606727,NA,NA,D,5,1,537362.17,11.97,2001,26,4,21.36
164758,Active,108906,NA,NA,S,6,1,54612.20125,189,2005,67,40.82,136.19
164759,Active,223241,NA,NA,S,2,1,674031.2188,131.95,1997,21,19.46,83.94
164760,Active,667124,NA,NA,S,0,0,237149.1888,40,2005,16,33.22,39.2
164761,Active,164670,NA,NA,S,1,0,677894.1963,80,2003,43,8.4,58.78
164762,Active,3780335,NA,NA,S,5,1,8999.75,47,2016,6,44.05,35.25
164763,Active,2169577,NA,NA,S,0,0,461577.5313,39.95,2014,58,21.99,25.99
164764,Active,663360,NA,NA,S,0,0,22478.875,77.99,2013,17,45.12,42.38
164765,Active,663821,NA,NA,D,0,0,111786.4013,89.95,2014,92,5.14,15.17
164766,Active,263210,NA,NA,S,0,0,1151962.213,71.95,2008,58,4,6.94
164767,Active,540390,NA,NA,S,0,0,303492.2913,19.99,2013,108,4,9.95
164768,Active,531491,NA,NA,S,0,0,585543.0175,19.99,2011,95,4,12.57
164769,Active,363621,NA,NA,S,2,1,1254187.548,76,2004,63,4,15.25
164770,Active,672797,NA,NA,S,1,0,106972.6,18,2013,69,4,9.74
164771,Active,531486,NA,NA,S,1,0,152510.4638,102,2012,47,20.27,37.99
164772,Active,150640,NA,NA,S,0,0,1015291.121,18,2008,62,4,41.59
164773,Active,637695,NA,NA,S,1,0,16891.225,75,2012,15,43.2,43.22
164774,Active,150645,NA,NA,S,0,0,1824328.656,23,2009,27,4,26.33
164775,Active,865464,NA,NA,S,0,0,306164.6313,23,2014,38,4,0
164776,Active,1696950,NA,NA,S,0,0,276171.1013,37.99,2014,67,4,18.99
164777,Active,531483,NA,NA,S,6,1,40249.26375,18.99,2010,38,4,11.94
164778,Active,1527627,NA,NA,S,4,1,12179.22,19.99,2010,41,8.11,13.99
164779,Active,923525,NA,NA,S,1,0,266925.9625,22,2012,158,3.5,4.98
164780,Active,918031,NA,NA,S,0,0,264269.2625,35.99,2014,92,3.93,18.98
164781,Active,150647,NA,NA,D,0,0,1611919.171,37.99,2011,60,3.78,8.99
164782,Active,626626,NA,NA,S,10,1,662350.3575,34.99,2013,32,4,20.82
164783,Active,531477,NA,NA,S,0,0,506168.87,19.99,2011,115,3.71,14.99
164784,Active,1696956,NA,NA,S,0,0,239470.6538,19.99,2014,33,4.52,22.98
164785,Active,2137791,NA,NA,S,5,1,69981.4775,45,2012,37,25.42,31.48
164786,Active,144347,NA,NA,S,0,0,478324.1163,89.4,2002,45,33.59,52.96
164787,Active,657957,NA,NA,S,1,0,151347.4038,43.95,2013,26,27.04,33.48
164788,Active,133324,NA,NA,D,8,1,327163.4138,55.8,2010,55,4.76,52.21
164789,Active,116004,NA,NA,D,6,1,1587047.476,52,2004,27,4,7.98
164790,Active,285394,NA,NA,S,10,1,239465.15,44.99,2008,43,7.66,23.94
164791,Active,133700,NA,NA,S,3,1,765.42625,17,2008,354,6.29,8.96
164792,Active,531471,NA,NA,S,0,0,113307.8288,34.95,2013,39,25.92,29.34
164793,Active,52126,NA,NA,S,16,1,532990.45,209,2007,114,4,13.89
164794,Active,111031,NA,NA,S,17,1,193164.4925,22.94,2009,66,4.27,19.98
164795,Active,52127,NA,NA,D,17,1,507784.3275,18.99,2009,151,4,15.44
164796,Active,607784,NA,NA,S,2,1,655349.9538,39.95,2005,30,4,13.45
164797,Active,905441,NA,NA,S,4,1,141548.5088,36.95,2014,24,23.94,32.85
164798,Active,607795,NA,NA,S,3,1,237942.8138,32.95,2009,96,5.75,31.99
164799,Active,2342250,NA,NA,D,2,1,998056.37,58,1990,20,4.98,106.86
164800,Active,617480,NA,NA,D,0,0,656677.69,37.95,1988,108,4,33.99
164801,Active,531468,NA,NA,S,3,1,201552.4163,59.95,2010,35,49.43,50.95
164802,Active,3010501,NA,NA,D,1,0,3108696.05,55.95,2001,16,25.41,35.89
164803,Active,255849,NA,NA,S,1,0,143470.0413,14.95,2008,38,6,11.39
164804,Active,615922,NA,NA,S,1,0,33889.44125,59.95,1983,64,13.26,43.07
164805,Active,161646,NA,NA,S,2,1,265076.7913,32.5,2007,31,4,15.1
164806,Active,1743986,NA,NA,S,4,1,990337.7138,34.95,2010,28,5.52,33.94
164807,Active,887441,NA,NA,S,4,1,1616559.816,44.99,2015,11,29.81,29.82
164808,Active,517591,NA,NA,S,2,1,386353.0275,27.95,2009,151,4,6.97
164809,Active,583199,NA,NA,S,82,1,612182.735,129.95,2001,31,16.06,58.13
164810,Active,902351,NA,NA,S,7,1,644839.2588,79.95,1996,30,8.01,70.53
164811,Active,903461,NA,NA,D,3,1,3196587.469,125,1989,20,15.88,72.95
164812,Active,901318,NA,NA,D,4,1,1866019.32,144.95,1995,20,4.54,47.59
164813,Active,3598772,NA,NA,D,1,0,4566418.6,125.95,1990,10,38.93,221.84
164814,Active,531462,NA,NA,S,32,1,307623.5213,85.95,2011,28,43.94,67.84
164815,Active,2851199,NA,NA,S,26,1,857303.3788,32.95,1981,42,4,45.49
164816,Active,249040,NA,NA,D,6,1,811205.8875,231,2008,33,24.44,109.85
164817,Active,758111,NA,NA,S,1,0,369673.7125,46,2002,50,4,7.95
164818,Active,866937,NA,NA,S,4,1,151443.26,65.33,2014,26,22.68,53.71
164819,Active,610427,NA,NA,D,4,1,35234.33125,118.4,2013,58,17.24,93.54
164820,Active,132545,NA,NA,D,3,1,855129.495,149.8,2008,49,4,48.98
164821,Active,145106,NA,NA,S,2,1,1501532.596,113.8,2005,40,4,48.94
164822,Active,874484,NA,NA,S,4,1,1049795.351,94.67,2013,21,14.39,58.36
164823,Active,55742,NA,NA,D,3,1,143171.6675,107.8,2010,68,3.88,14.38
164824,Active,55741,NA,NA,D,2,1,588638.2563,68.67,2007,61,4,4.58
164825,Active,428446,NA,NA,D,3,1,942642.2625,149.8,2008,37,4.08,18.98
164826,Active,879098,NA,NA,S,4,1,526599.0088,94.67,2013,22,22.16,34.69
164827,Active,54722,NA,NA,D,2,1,380609.985,68.67,2007,84,4,13.96
164828,Active,521082,NA,NA,S,2,1,158885.4013,49.99,2010,20,21.99,28.97
164829,Active,158122,NA,NA,S,2,1,505619.43,60.95,2006,28,9.39,46.72
164830,Active,894882,NA,NA,S,3,1,56118.6925,49.95,2014,35,39.48,39.96
164831,Active,915719,NA,NA,D,1,0,504086.66,39.95,2005,46,5.95,57.29
164832,Active,1777416,NA,NA,S,2,1,205421.7688,60,2011,23,22.72,39.68
164833,Active,3790388,NA,NA,D,1,0,566473.25,55,1900,20,13.47,21.95
164834,Active,1691873,NA,NA,S,4,1,868796.5763,40,2008,29,22.69,28.43
164835,Active,184039,NA,NA,S,2,1,787869.2388,144.95,2005,81,4,23.88
164836,Active,519184,NA,NA,S,0,0,564704.8988,120.25,2007,51,8.09,36.99
164837,Active,116603,NA,NA,S,4,1,598253.13,120.4,2004,100,4.07,83.9
164838,Active,772841,NA,NA,S,0,0,510412.0475,103.3,2005,48,6.2,17.32
164839,Active,827002,NA,NA,D,2,1,436628.35,40,2004,42,4,7.98
164840,Active,290198,NA,NA,S,3,1,60912.35,50,2011,31,27.4,33.98
164841,Active,801082,NA,NA,S,2,1,2119901.34,41.95,2007,29,9.72,28.59
164842,Active,126176,NA,NA,S,1,0,46375.4175,49.95,2006,67,19.98,45.66
164843,Active,126175,NA,NA,S,0,0,378883.9188,35,2005,39,15.56,73.99
164844,Active,652364,NA,NA,S,1,0,32047.425,88.95,2013,18,51.97,63.99
164845,Active,794611,NA,NA,D,1,0,579505.85,55.95,2007,30,4.3,117.89
164846,Active,663311,NA,NA,S,3,1,168366.605,41,2013,75,14.11,31.95
164847,Active,1657514,NA,NA,S,5,1,650023.6975,111.52,2008,28,4.99,42.98
164848,Active,1778381,NA,NA,S,1,0,74244.125,65,2013,16,51.44,54.16
164849,Active,286209,NA,NA,S,2,1,537283.66,73,2007,40,12.86,50.84
164850,Active,285772,NA,NA,S,4,1,920436.8425,75,2000,83,4,16.97
164851,Active,51253,NA,NA,D,6,1,387403.8575,129.33,2007,97,4,8.37
164852,Active,861278,NA,NA,S,2,1,1593933.93,49.99,2013,40,4,13.74
164853,Active,531457,NA,NA,S,2,1,96997.7175,177.4,2012,59,16.78,35.33
164854,Active,57445,NA,NA,D,6,1,242613,126.67,2007,87,4,10.98
164855,Active,912708,NA,NA,D,2,1,700463.3188,122.2,2007,46,8.48,35.01
164856,Active,131563,NA,NA,D,0,0,1284885.435,101.6,2003,26,4.38,10.96
164857,Active,57442,NA,NA,D,7,1,124662.2338,150.8,2009,71,15.1,32.98
164858,Active,2381544,NA,NA,S,1,0,189476.085,137.2,1997,46,7.21,48.99
164859,Active,117288,NA,NA,D,3,1,191274.3338,83.4,2006,112,4,13.99
164860,Active,121219,NA,NA,D,4,1,49156.45625,110.4,2010,156,13.78,51.59
164861,Active,116348,NA,NA,S,4,1,375262.9825,123.73,2010,33,24.71,87.17
164862,Active,135666,NA,NA,S,5,1,103359.4313,69.95,2010,70,12.43,47.24
164863,Active,887691,NA,NA,D,0,0,5257114.273,189.68,1996,12,7.63,56.19
164864,Active,637432,NA,NA,S,2,1,685553.6013,98,1997,26,33.16,76.61
164865,Active,1488762,NA,NA,D,1,0,819194.385,44.95,2007,27,7.84,37.71
164866,Active,624280,NA,NA,S,2,1,161793.5475,52.95,2011,80,24.14,39.8
164867,Active,573187,NA,NA,S,0,0,91547.40625,42,1995,61,10.36,31.49
164868,Active,762493,NA,NA,S,1,0,347287.1963,55,2006,35,7.3,36.9
164869,Active,3518399,NA,NA,D,0,0,561911.75,47.95,1997,33,9.16,28.99
164870,Active,655107,NA,NA,S,2,1,174026.5925,49.95,2013,22,48.57,0
164871,Active,649545,NA,NA,S,2,1,97225.54375,42,2013,71,20.97,25.93
164872,Active,643871,NA,NA,S,3,1,580375.6775,125.34,2010,32,4,74.63
164873,Active,620234,NA,NA,S,3,1,381075.5513,36.95,2012,63,17.93,28.32
164874,Active,157643,NA,NA,S,2,1,946618.0088,58.95,2008,36,4.3,51.3
164875,Active,624381,NA,NA,S,1,0,338471.455,175.95,2008,34,16.09,37.99
164876,Active,287041,NA,NA,D,1,0,277680.3488,145,2004,35,6.48,63.15
164877,Active,645381,NA,NA,S,2,1,150511.9938,100,2010,47,28.65,53.99
164878,Active,3485309,NA,NA,D,2,1,1294767.95,42.99,2007,44,3.94,13.99
164879,Active,3485266,NA,NA,D,0,0,1578780.65,35.99,2003,69,4,5.35
164880,Active,626207,NA,NA,S,3,1,88144.19875,54.2,2011,26,19.99,0
164881,Active,2771176,NA,NA,D,0,0,1192636.541,29.99,1988,23,29.24,97.48
164882,Active,55028,NA,NA,D,9,1,131685.8475,239.95,2008,86,4.2,13.95
164883,Active,55029,NA,NA,D,8,1,179686.6175,273.95,2005,76,4.47,19.95
164884,Active,55027,NA,NA,S,7,1,2313442.199,148.95,2001,58,3.95,13.08
164885,Active,533449,NA,NA,D,10,1,48203.24375,226.95,2011,60,10.85,52.94
164886,Active,1575373,NA,NA,S,2,1,283566.065,39.95,2008,35,13.99,24.39
164887,Active,831106,NA,NA,D,2,1,1491894.849,69.95,2000,18,4.21,31.97
164888,Active,639181,NA,NA,S,3,1,158225.4975,84,2010,41,44.09,61.4
164889,Active,274787,NA,NA,D,0,0,275249.7725,36.95,1999,59,5.25,28.9
164890,Active,652148,NA,NA,S,0,0,163759.1625,35,1992,43,21.52,34.32
164891,Active,1924129,NA,NA,S,3,1,1142330.145,46,2011,26,3.43,31.49
164892,Active,868428,NA,NA,D,7,1,414601.8713,93.4,1999,38,4,39.37
164893,Active,917408,NA,NA,D,6,1,966066.1475,62,1995,24,4.48,18.98
164894,Active,868387,NA,NA,D,0,0,1108536.604,49.7,1992,35,4,23.07
164895,Active,616773,NA,NA,S,2,1,133081.8988,162.71,2002,55,6.96,64.03
164896,Active,765152,NA,NA,S,3,1,7768126.071,98.95,1999,31,4.37,32.94
164897,Active,169376,NA,NA,D,5,1,568047.5088,264.95,2007,32,4,43.93
164898,Active,177576,NA,NA,D,4,1,2004637.158,144.95,2003,33,4,7.49
164899,Active,890504,NA,NA,S,0,0,349620.6138,13.99,2011,12,10.53,11.08
164900,Active,607167,NA,NA,D,5,1,1100003.639,73,1999,40,4.52,11.91
164901,Active,423282,NA,NA,S,8,1,19087.68375,202.6,2008,71,51.48,99.25
164902,Active,421840,NA,NA,D,7,1,213685.885,116.4,2005,64,4.51,38.98
164903,Active,313126,NA,NA,D,6,1,337245.475,90.2,2002,57,4,16.69
164904,Active,268488,NA,NA,D,1,0,441946.7288,42,2008,21,14.98,15.99
164905,Active,131079,NA,NA,S,3,1,174475.6175,132.2,1996,76,17.25,73.44
164906,Active,903108,NA,NA,S,2,1,1467355.398,51,1994,24,11.31,51.97
164907,Active,628712,NA,NA,S,2,1,153083.96,82,2010,26,60.99,61.14
164908,Active,531449,NA,NA,S,2,1,481846.1375,40,2010,48,10.81,24.21
164909,Active,593224,NA,NA,S,1,0,111759.2,123.95,2008,21,37.8,56.43
164910,Active,275183,NA,NA,S,2,1,31116.615,37.99,2005,17,24.99,37.78
164911,Active,843483,NA,NA,D,0,0,374236.3238,49.2,1983,22,4,43.98
164912,Active,788039,NA,NA,D,0,0,1999371.018,39.95,1998,20,4,16.99
164913,Active,202323,NA,NA,S,2,1,216830.5538,134.95,2001,55,12.06,48.72
164914,Active,202183,NA,NA,S,3,1,679934.3638,107.95,1999,43,5.02,33.98
164915,Active,252011,NA,NA,D,5,1,564100.9875,135.95,2007,50,13.22,45
164916,Active,245004,NA,NA,D,4,1,383623.0313,112.95,2003,57,9.54,15.15
164917,Active,912083,NA,NA,D,1,0,2330851.753,49.95,2005,22,4.69,13.98
164918,Active,50559,NA,NA,D,3,1,498007.205,18.33,2003,60,4,11.25
164919,Active,50560,NA,NA,D,5,1,37800.515,136.56,2010,103,13.98,48.99
164920,Active,58360,NA,NA,D,9,1,941320.0913,262.95,2007,55,4,17.99
164921,Active,58362,NA,NA,D,8,1,380307.8025,174.95,2004,45,3.88,11.99
164922,Active,58361,NA,NA,D,10,1,147523.6975,273.95,2010,73,7.94,41.83
164923,Active,621993,NA,NA,D,1,0,316090.645,46.95,2008,44,9.24,24.82
164924,Active,120657,NA,NA,D,5,1,199515.905,103,2009,61,4,23.98
164925,Active,116087,NA,NA,D,4,1,740655.8438,77,2005,56,4,9.05
164926,Active,117826,NA,NA,D,4,1,1876089.118,85.8,2004,40,4,11.09
164927,Active,120679,NA,NA,S,5,1,46902.62,102.6,2009,51,37.68,66.84
164928,Active,560032,NA,NA,D,1,0,373290.2075,42.46,2008,65,4.47,23.99
164929,Active,623831,NA,NA,S,2,1,48834.67875,75.75,2012,64,41.44,56.33
164930,Active,592471,NA,NA,D,2,1,712384.5113,211.95,2006,54,4.31,18.97
164931,Active,866761,NA,NA,S,2,1,363382.6125,69.95,2014,16,38.19,38.19
164932,Active,2110269,NA,NA,S,2,1,68779.325,39.95,2014,16,14.98,29.23
164933,Active,818972,NA,NA,S,2,1,545583.92,19.95,2003,108,4,7.57
164934,Active,1982475,NA,NA,S,2,1,290334.53,63,2014,14,49.65,50.67
164935,Active,541917,NA,NA,S,2,1,533058.0725,85,2001,38,4.29,32.99
164936,Active,860034,NA,NA,S,3,1,1343810.84,95,2010,22,5.48,43.96
164937,Active,161535,NA,NA,D,1,0,2001978.203,120,2007,19,31.73,167.27
164938,Active,1487337,NA,NA,D,1,0,3178151.851,135,2010,23,32.88,77.13
164939,Active,1629955,NA,NA,S,5,1,917328.685,76.95,2014,18,45.87,50.01
164940,Active,410607,NA,NA,D,1,0,1893903.898,85,2000,22,23.07,63.73
164941,Active,795440,NA,NA,D,1,0,638068.085,73.95,2012,19,4.62,63.53
164942,Active,658045,NA,NA,D,1,0,187140.5138,81.95,2013,26,12.44,55.99
164943,Active,861281,NA,NA,S,0,0,47758.975,75,2013,31,23.87,38.99
164944,Active,299922,NA,NA,D,0,0,1139418.51,59.95,2009,24,4.99,31.89
164945,Active,2314572,NA,NA,D,1,0,1086091.353,90.95,1994,31,4,56.27
164946,Active,638409,NA,NA,S,2,1,86474.515,102.64,2006,40,12.79,96.34
164947,Active,200513,NA,NA,S,1,0,118864.125,93.95,2009,31,68.08,67.63
164948,Active,870352,NA,NA,D,0,0,10064931.66,64.95,1996,16,4.43,50.8
164949,Active,2722365,NA,NA,D,0,0,2265046.569,58.95,2005,26,3.99,23.99
164950,Active,623406,NA,NA,S,3,1,49527.29375,98,2012,39,37.85,69.89
164951,Active,801858,NA,NA,D,2,1,604532.1588,73,2008,56,5.96,28.99
164952,Active,671547,NA,NA,S,2,1,1375747.049,48,2012,20,4.29,28.88
164953,Active,127434,NA,NA,S,2,1,145808.5263,65.95,2008,55,16.03,33.49
164954,Active,127429,NA,NA,D,12,1,386162.3588,125,2008,51,4,15.98
164955,Active,531442,NA,NA,D,11,1,1780531.584,9.1,2005,44,4,14.4
164956,Active,199584,NA,NA,S,3,1,1825645.264,56,2002,57,3.99,8.68
164957,Active,247746,NA,NA,D,4,1,116505.0538,46,2009,58,5.95,44.42
164958,Active,649591,NA,NA,S,2,1,91176.6325,76,2013,32,20.88,27.9
164959,Active,254043,NA,NA,S,2,1,233674.125,49.95,2011,43,14.97,27.84
164960,Active,115521,NA,NA,S,6,1,815414.3475,203,2003,71,4,44.14
164961,Active,115277,NA,NA,S,2,1,463865.0788,118.4,2001,35,4.43,11.99
164962,Active,555819,NA,NA,S,0,0,79577.565,44.95,2011,47,23,35.3
164963,Active,895155,NA,NA,S,0,0,663571.32,14.29,2011,20,13.98,73.99
164964,Active,177680,NA,NA,D,1,0,797552.0538,140.95,2004,52,4,7.96
164965,Active,177948,NA,NA,D,4,1,181751.1475,157.95,2006,47,7.49,80.45
164966,Active,635265,NA,NA,S,1,0,268107.525,95.8,2006,25,22.98,68.53
164967,Active,199576,NA,NA,D,2,1,1303175.24,51.95,2000,27,4.09,20.49
164968,Active,828743,NA,NA,D,0,0,279151.4663,49,1997,50,4,25.49
164969,Active,206106,NA,NA,D,2,1,856846.6675,64,2006,28,9.09,63.65
164970,Active,564535,NA,NA,S,3,1,208846.9013,57.95,2000,29,8.92,49.54
164971,Active,131874,NA,NA,D,1,0,1711043.123,65.8,2005,20,4,28.99
164972,Active,132566,NA,NA,D,2,1,515125.8988,79.4,2008,87,4,33.98
164973,Active,910334,NA,NA,S,2,1,1717843.346,63.95,2014,26,4.99,47.9
164974,Active,132624,NA,NA,S,2,1,465989.89,164.8,2008,50,4.3,71.05
164975,Active,3801839,NA,NA,S,2,1,1052286.6,57.5,2013,40,8.25,16.93
164976,Active,919068,NA,NA,S,5,1,1792343.581,48.95,2004,27,4,23.64
164977,Active,625405,NA,NA,S,3,1,272490.2188,65.95,2005,32,24.99,0
164978,Active,907092,NA,NA,D,1,0,1906025.248,61.95,2007,29,4,30
164979,Active,115793,NA,NA,D,1,0,1381267.864,58.4,2003,23,4.06,23.53
164980,Active,286149,NA,NA,D,2,1,1124584.018,91.6,2006,59,4,17.98
164981,Active,250978,NA,NA,D,2,1,622091.0575,61.95,2010,29,6.48,43.99
164982,Active,2853618,NA,NA,D,2,1,2254536.488,89.95,2004,25,4,34.21
164983,Active,668583,NA,NA,S,2,1,230048.4825,40,2009,20,27.69,39.97
164984,Active,533563,NA,NA,D,8,1,58237.67625,143.95,2012,89,7.38,61.99
164985,Active,53634,NA,NA,D,7,1,514540.34,158.95,2009,90,4,13.98
164986,Active,53633,NA,NA,D,6,1,1472315.936,98.95,2006,59,4,10.77
164987,Active,592806,NA,NA,D,3,1,1306401.829,15.04,2009,22,10.29,39.94
164988,Active,60237,NA,NA,S,7,1,1321351.294,98,2004,50,4,18.94
164989,Active,120105,NA,NA,D,9,1,61641.1,137.6,2010,65,13.54,72.37
164990,Active,118841,NA,NA,D,8,1,542653.1225,100.2,2007,65,4,10.99
164991,Active,800118,NA,NA,D,0,0,2342223.841,51.95,2004,19,8.94,13.99
164992,Active,118978,NA,NA,S,3,1,32177.555,168.4,2011,55,29.62,77.99
164993,Active,545854,NA,NA,D,2,1,99037.77375,113,2012,40,32.39,60.49
164994,Active,592145,NA,NA,D,1,0,527415.8725,105,2009,52,6.94,21.55
164995,Active,906801,NA,NA,D,2,1,3227647.259,18.87,2007,36,5.91,20.76
164996,Active,552230,NA,NA,D,2,1,777419.0263,113,2007,61,4,23.99
164997,Active,3139965,NA,NA,D,0,0,1865837.144,64.95,2004,15,4,14.95
164998,Active,254041,NA,NA,D,11,1,75896.94125,99.95,2011,54,6.4,23.87
164999,Active,54646,NA,NA,D,7,1,312407.9738,173.95,2011,51,8.51,53.98
165000,Active,531439,NA,NA,D,8,1,79738.06,254.95,2012,102,5.48,23.64
165001,Active,127266,NA,NA,D,0,0,2221186.194,79.95,2004,28,4.03,6.47
165002,Active,705426,NA,NA,D,6,1,2040095.799,0,2011,14,4,54.98
165003,Active,60238,NA,NA,D,6,1,1865113.598,308.95,2006,47,4,8.72
165004,Active,54645,NA,NA,D,6,1,137447.0225,191.95,2008,46,7.57,32.99
165005,Active,110666,NA,NA,D,6,1,140609.8225,74.92,2010,57,6.01,29.39
165006,Active,169900,NA,NA,D,7,1,426421.4738,279.95,2009,103,4,11.9
165007,Active,250974,NA,NA,D,10,1,781252.0788,81.95,2009,44,4.66,10.7
165008,Active,54644,NA,NA,D,5,1,417397.1463,104.95,2004,37,4,44.47
165009,Active,109052,NA,NA,D,5,1,1055667.54,35.49,2005,60,4,35.13
165010,Active,250646,NA,NA,D,0,0,2531802.453,104.95,2008,14,4.3,33.96
165011,Active,293897,NA,NA,S,5,1,155894.85,138.95,2011,45,42.82,67.59
165012,Active,200291,NA,NA,D,4,1,471393.1888,174.95,2003,32,16.06,97.56
165013,Active,2261922,NA,NA,D,0,0,1669874.959,30,2009,37,6.71,23.98
165014,Active,531436,NA,NA,S,4,1,158931.9388,94.35,2007,41,16.98,114.89
165015,Active,55392,NA,NA,D,10,1,41994.41375,156,2008,73,5.69,33.6
165016,Active,55390,NA,NA,D,8,1,2215463.303,23.97,2002,48,4,21.99
165017,Active,582608,NA,NA,D,0,0,9311845.655,41.95,1994,12,4,44.83
165018,Active,60239,NA,NA,D,3,1,815473.4063,18.99,1998,49,4,18.99
165019,Active,880366,NA,NA,D,10,1,670353.6325,63.48,2008,27,7.72,44.58
165020,Active,533632,NA,NA,D,10,1,9322.31,259.95,2012,125,15.27,30.39
165021,Active,119992,NA,NA,S,8,1,112888.6138,166,2009,58,31.43,73.99
165022,Active,268239,NA,NA,D,4,1,1915635.611,6.77,2004,54,4,9.94
165023,Active,250977,NA,NA,D,6,1,169594.3963,89.95,2010,76,4.72,29.81
165024,Active,118961,NA,NA,D,11,1,595116.21,130.2,2008,61,4.38,18.95
165025,Active,2720823,NA,NA,D,3,1,4631487.824,47,2004,15,4.27,92.49
165026,Active,545948,NA,NA,S,7,1,75668.87875,109.95,2013,54,44.9,79
165027,Active,131576,NA,NA,D,1,0,3377339.946,89.6,2003,27,4,34.98
165028,Active,132270,NA,NA,D,2,1,364485.3063,123.6,2007,42,4,39.05
165029,Active,52964,NA,NA,D,8,1,465309.4875,313.95,2006,134,4.34,25.98
165030,Active,55391,NA,NA,D,9,1,232407.8563,30.02,2006,72,4,42.22
165031,Active,268220,NA,NA,D,5,1,1141569.725,82.95,2007,73,4,9.85
165032,Active,553091,NA,NA,D,1,0,71164.3525,119.4,2012,51,9.08,20.23
165033,Active,876295,NA,NA,D,1,0,910786.865,115.27,2012,17,7.49,13.79
165034,Active,765529,NA,NA,D,6,1,3935730.974,106.95,2002,21,4,49.69
165035,Active,111904,NA,NA,S,6,1,188874.3088,217.25,2011,50,33.98,56.99
165036,Active,110665,NA,NA,S,9,1,149368.9325,39.99,2009,87,5.52,24.86
165037,Active,532844,NA,NA,D,36,1,692631.1088,58.5,2012,43,4,49.41
165038,Active,107665,NA,NA,D,3,1,6554872.053,7.9,2002,31,4.13,7.9
165039,Active,878504,NA,NA,D,38,1,611904.0775,10.91,2014,31,5.97,51.89
165040,Active,177784,NA,NA,D,6,1,4893353.115,128.95,2002,17,4,13.94
165041,Active,764727,NA,NA,D,5,1,1441665.215,94.95,1999,19,4.35,13.12
165042,Active,50546,NA,NA,D,8,1,532955.4125,127.8,2009,194,4,4.97
165043,Active,50543,NA,NA,S,6,1,1693711.286,88,2005,66,4,12.48
165044,Active,50545,NA,NA,D,9,1,53194.60875,138.2,2011,171,4,23.35
165045,Active,286407,NA,NA,S,2,1,136595.7375,200.2,2011,53,20.29,51.99
165046,Active,557312,NA,NA,D,1,0,868124.3625,150,2007,26,4.58,24.88
165047,Active,914844,NA,NA,S,4,1,1588659.011,55.95,2003,27,4.39,23.99
165048,Active,127302,NA,NA,S,4,1,648712.2975,80.95,2004,29,7.99,40.54
165049,Active,60242,NA,NA,D,4,1,1332307.87,13,2005,41,4,16.84
165050,Active,287556,NA,NA,S,2,1,145618.4463,225.4,2006,46,4.81,46.87
165051,Active,109438,NA,NA,S,8,1,1469433.085,152,2007,34,8.39,108.32
165052,Active,550303,NA,NA,S,8,1,1174802.573,132.95,2006,56,4,15.93
165053,Active,924328,NA,NA,D,39,1,275589.3838,64,2015,28,16.98,48.3
165054,Active,178164,NA,NA,S,7,1,303536.0013,289.95,2005,68,11.85,17.44
165055,Active,553538,NA,NA,D,2,1,250238.1788,149.8,2009,78,4,12.49
165056,Active,538893,NA,NA,D,37,1,873396.6013,58.5,2013,50,3.88,18.93
165057,Active,593144,NA,NA,S,8,1,1605284.466,104.95,2007,22,4,28.99
165058,Active,545014,NA,NA,D,3,1,53650.10375,98,2012,54,19.11,26.65
165059,Active,531434,NA,NA,D,2,1,544293.8625,70,2008,63,4,7.09
165060,Active,115106,NA,NA,S,1,0,154655.1188,134.4,2000,43,17.16,59.99
165061,Active,110161,NA,NA,D,5,1,420948.3538,10.99,2008,49,4,18.94
165062,Active,170038,NA,NA,D,6,1,733894.1163,231.95,2010,69,4.63,30.47
165063,Active,53632,NA,NA,D,6,1,633172.705,275.95,2010,92,4,4
165064,Active,53337,NA,NA,S,4,1,1630946.795,124.95,2007,76,4,21.89
165065,Active,544683,NA,NA,D,7,1,42477.31625,175.95,2013,102,6.94,53.98
165066,Active,532083,NA,NA,D,6,1,1665153.039,123.95,2011,23,8.49,93.99
165067,Active,53336,NA,NA,S,3,1,2800486.098,92.95,2005,22,4,20.98
165068,Active,53338,NA,NA,D,5,1,737584.1,193.95,2008,105,4,9.78
165069,Active,53339,NA,NA,D,6,1,411448.4425,193.95,2011,129,4,33.5
165070,Active,544678,NA,NA,D,7,1,21226.015,166.95,2013,134,6.18,48.97
165071,Active,115538,NA,NA,S,3,1,514529.2288,102.6,2003,26,16.81,63.94
165072,Active,170030,NA,NA,D,6,1,185372.0713,183.95,2010,122,4.72,23.94
165073,Active,1519145,NA,NA,S,8,1,247017.7675,43.95,2014,35,25.31,39.77
165074,Active,254040,NA,NA,S,7,1,348917.375,39.95,2011,90,5.38,23.02
165075,Active,285583,NA,NA,S,35,1,1861914.783,8.89,2011,35,4,6.49
165076,Active,552185,NA,NA,D,0,0,1053438.07,135.2,2005,51,4.58,12.99
165077,Active,127351,NA,NA,D,0,0,936174.855,54.95,2008,34,4,0
165078,Active,1544647,NA,NA,S,2,1,411879.08,70.95,2013,30,21.9,53.27
165079,Active,58390,NA,NA,D,5,1,43761.34,235.95,2011,70,11.9,41.89
165080,Active,58388,NA,NA,S,3,1,717832.1063,135.95,2002,44,4,14.86
165081,Active,58389,NA,NA,D,4,1,290300.7563,259.95,2007,107,4,7.51
165082,Active,131574,NA,NA,S,1,0,590823.575,52.6,2004,26,4,28.94
165083,Active,622781,NA,NA,D,7,1,1550138.928,51.95,2005,31,4,0
165084,Active,630579,NA,NA,S,8,1,332136.7113,65.95,2013,34,24.14,0
165085,Active,120782,NA,NA,D,5,1,230013.3388,77.8,2010,76,4,26.97
165086,Active,118658,NA,NA,D,4,1,1213092.639,49.6,2007,52,4,19.91
165087,Active,533683,NA,NA,D,12,1,30221.9725,192.8,2012,146,5.03,15.99
165088,Active,880606,NA,NA,D,13,1,9175.05125,198.8,2014,91,15.42,83.51
165089,Active,52362,NA,NA,D,11,1,115766.2088,211,2010,97,4.98,22.49
165090,Active,52360,NA,NA,S,9,1,349307.9363,131.2,2006,110,4.05,7
165091,Active,52363,NA,NA,D,10,1,432884.5025,139.2,2008,177,4,8.76
165092,Active,875984,NA,NA,S,11,1,1880665.741,152.95,2011,20,42.83,124.96
165093,Active,170198,NA,NA,D,11,1,47405.715,239.95,2011,82,18.77,41.49
165094,Active,2250721,NA,NA,S,9,1,1188651.35,39.81,2006,36,9.85,39.81
165095,Active,531426,NA,NA,D,6,1,249189.5263,269.95,2011,38,7.93,25
165096,Active,505033,NA,NA,D,3,1,520158.52,225,2010,86,4.34,7.7
165097,Active,288450,NA,NA,D,3,1,1968672.453,52,2000,25,4,36.49
165098,Active,595074,NA,NA,S,9,1,16177.21125,230,2012,139,33.67,107.98
165099,Active,193490,NA,NA,D,8,1,208300.35,154,2007,192,8.58,38.56
165100,Active,877754,NA,NA,D,8,1,1500612.394,95.87,2007,51,10.99,64.32
165101,Active,243926,NA,NA,D,6,1,320615.9863,186.95,2011,68,6.48,11.49
165102,Active,177633,NA,NA,S,4,1,1583876.509,119.95,2001,32,4,72.13
165103,Active,252042,NA,NA,D,5,1,687791.6113,175.95,2008,49,4.08,21.48
165104,Active,50376,NA,NA,D,7,1,37327.2175,328.95,2010,70,11.93,43.97
165105,Active,531429,NA,NA,D,10,1,569039.6688,156,2007,46,5.99,53.99
165106,Active,252002,NA,NA,D,3,1,186927.0863,223.95,2008,45,5.78,65.25
165107,Active,270082,NA,NA,D,11,1,179745.4213,209,2010,73,20.16,53.98
165108,Active,265904,NA,NA,D,9,1,515857.9788,132,2004,29,7.45,22.49
165109,Active,50375,NA,NA,D,6,1,1104298.739,322.95,2007,90,4,22.48
165110,Active,202280,NA,NA,D,1,0,639605.6475,218.95,2002,50,4,36.74
165111,Active,609482,NA,NA,D,3,1,1023943.925,194.95,2005,51,5.11,11.28
165112,Active,50377,NA,NA,D,5,1,1171942.01,157.95,2004,55,4,16.99
165113,Active,625871,NA,NA,D,1,0,1434769.026,100,2007,24,8.96,37.83
165114,Active,667442,NA,NA,S,0,0,303696.7775,44.95,2010,22,14.54,33.99
165115,Active,270036,NA,NA,D,8,1,1023161.558,197,2008,44,5.84,32.49
165116,Active,177980,NA,NA,D,9,1,1495025.648,180.95,2005,50,4,13.98
165117,Active,1452271,NA,NA,S,1,0,68196.875,131,2014,33,57.39,88.76
165118,Active,468664,NA,NA,D,6,1,569818.0613,152,2008,64,6.14,107.27
165119,Active,451712,NA,NA,D,5,1,1870088.93,285.95,2008,39,4,21.53
165120,Active,608599,NA,NA,D,4,1,3031440.541,163.95,2005,34,4,5.87
165121,Active,1474037,NA,NA,S,4,1,3259912.639,79.95,2010,20,4.97,73.98
165122,Active,577185,NA,NA,S,7,1,668256.565,200,2012,41,18.99,33.79
165123,Active,599508,NA,NA,D,9,1,771237.5763,81.95,2009,46,4.89,112.25
165124,Active,2257257,NA,NA,D,9,1,3529142.508,27.39,2009,44,7.7,102.85
165125,Active,602960,NA,NA,S,2,1,176985.4338,183.95,2001,33,4,0
165126,Active,630290,NA,NA,S,7,1,510988.4063,215,2003,43,17.94,0
165127,Active,679082,NA,NA,D,0,0,213260.7413,29,2007,30,4.8,42.77
165128,Active,560422,NA,NA,S,7,1,657140.9138,210,2007,63,23.95,96.81
165129,Active,545947,NA,NA,S,10,1,79309.37875,94.95,2012,44,11.05,44.95
165130,Active,169692,NA,NA,D,10,1,297474.2288,253.95,2008,94,4,7.99
165131,Active,288399,NA,NA,D,4,1,288603.5463,80,2003,33,10.64,58.39
165132,Active,2631626,NA,NA,D,2,1,6655347.966,142.87,2003,8,5.47,159.4
165133,Active,552330,NA,NA,S,1,0,121403.6075,166.2,2012,51,25.24,82.99
165134,Active,737595,NA,NA,D,3,1,910900.055,54,2007,22,4.96,79.51
165135,Active,620272,NA,NA,D,4,1,364762.6375,48,2009,64,4.23,43.79
165136,Active,143300,NA,NA,D,2,1,618708.6213,217,2009,94,7.22,32.48
165137,Active,142959,NA,NA,D,0,0,2680619.031,171,2005,23,4.81,27.9
165138,Active,370004,NA,NA,S,3,1,281763.31,200,2008,59,18.84,147.03
165139,Active,872266,NA,NA,D,2,1,683754.5138,35.98,2008,53,6.06,54.17
165140,Active,416630,NA,NA,D,2,1,532213.705,49.99,2008,63,4.35,43.73
165141,Active,143269,NA,NA,S,5,1,154137.4425,43,2009,29,30.38,41.28
165142,Active,142901,NA,NA,S,4,1,632389.3025,28,2003,30,4,28.49
165143,Active,1656917,NA,NA,D,1,0,2537122.96,50.54,2006,10,22.93,181.55
165144,Active,775743,NA,NA,D,5,1,2368538.341,124,2004,31,5.55,22.49
165145,Active,669062,NA,NA,S,0,0,75929.62,40.95,2012,35,9.26,29.74
165146,Active,574722,NA,NA,S,0,0,1257064.351,35.95,2007,39,4,9.98
165147,Active,560369,NA,NA,D,1,0,627656.9225,190,2011,64,4.58,30.78
165148,Active,555731,NA,NA,D,0,0,1041026.654,54.95,2008,34,4,10.94
165149,Active,539405,NA,NA,D,5,1,35832.98625,165.2,2013,99,12.99,62.39
165150,Active,120090,NA,NA,D,4,1,109511.5088,144.8,2009,95,4,11.78
165151,Active,60244,NA,NA,S,3,1,904890.1338,126.2,2005,72,4,14.45
165152,Active,260138,NA,NA,D,0,0,932655.7525,73.95,1995,30,6.99,49.59
165153,Active,912142,NA,NA,D,0,0,1666826.33,22.95,1997,22,4.12,28.98
165154,Active,633229,NA,NA,S,9,1,974483.585,40.95,2010,19,18.95,28.49
165155,Active,53205,NA,NA,D,8,1,110552.6263,273.95,2011,110,8.72,55.51
165156,Active,872009,NA,NA,D,5,1,906303.5575,35.21,2006,42,6.27,22.87
165157,Active,738337,NA,NA,D,6,1,1996128.546,28,2001,29,4,16.26
165158,Active,608560,NA,NA,S,5,1,3482090.769,101.95,2001,29,4.53,14.99
165159,Active,569798,NA,NA,D,4,1,4942138.771,149.95,2005,15,4,11.98
165160,Active,545861,NA,NA,D,2,1,41102.035,133,2013,36,23.08,37.24
165161,Active,614464,NA,NA,D,6,1,171085.3313,45.95,2009,65,4,22.99
165162,Active,574755,NA,NA,D,1,0,987979.1975,88,2008,36,5.88,5.88
165163,Active,600109,NA,NA,S,5,1,749564.575,113,2007,29,7.45,68.51
165164,Active,924331,NA,NA,S,0,0,530778.6838,118,2014,42,21.51,112.17
165165,Active,1507057,NA,NA,D,0,0,1031411.266,88,2009,37,4,49.99
165166,Active,540474,NA,NA,D,0,0,956253.0863,107,2012,59,4.35,18.05
165167,Active,143472,NA,NA,D,0,0,1648901.326,97,2010,43,4,99.15
165168,Active,592807,NA,NA,S,3,1,1299468.6,202,2010,33,6.94,8.79
165169,Active,776013,NA,NA,D,5,1,1068025.173,43.95,2007,50,4,21.74
165170,Active,193610,NA,NA,D,1,0,642831.7563,152,2008,35,9.98,21.95
165171,Active,778816,NA,NA,D,3,1,1537495.954,154.95,2011,18,4.97,29.99
165172,Active,200066,NA,NA,D,2,1,1760461.183,177.95,2003,27,4.25,28.85
165173,Active,115558,NA,NA,D,1,0,1188141.651,113.33,2004,23,4.23,18.97
165174,Active,872431,NA,NA,D,5,1,2123889.369,261.95,2008,33,3.99,11.97
165175,Active,647008,NA,NA,D,1,0,214790.0388,115.6,2012,84,4,45.34
165176,Active,581685,NA,NA,D,6,1,3358955.074,7.99,2005,20,4.49,9.9
165177,Active,592810,NA,NA,D,7,1,810998.7588,174,2009,31,10.29,76.77
165178,Active,60246,NA,NA,D,5,1,1526645.871,158.4,2007,36,4,13.79
165179,Active,592153,NA,NA,D,0,0,329517.8963,111,2010,56,17.39,65.97
165180,Active,775727,NA,NA,S,4,1,759005.9988,38.95,2004,48,4,10.99
165181,Active,595069,NA,NA,D,7,1,42091.9,49.95,2012,34,8.99,39.64
165182,Active,627372,NA,NA,S,11,1,290913.445,207,2011,54,5.65,135.01
165183,Active,143624,NA,NA,S,4,1,1129599.091,201,2009,33,4.79,62.87
165184,Active,543766,NA,NA,D,6,1,191484.6963,247.95,2011,58,5.6,23.69
165185,Active,646964,NA,NA,S,2,1,1040834.716,40,2013,48,4,18.99
165186,Active,867069,NA,NA,S,8,1,128085.4,44,2014,24,26.81,0
165187,Active,656933,NA,NA,S,11,1,490468.7825,180.95,2012,17,54.57,83.94
165188,Active,533867,NA,NA,D,10,1,331056.99,312.95,2008,92,4,28.18
165189,Active,765122,NA,NA,S,8,1,1889105.464,113.95,2001,44,4,10.87
165190,Active,531424,NA,NA,D,11,1,47344.42375,283.95,2012,66,17.69,59.98
165191,Active,60245,NA,NA,D,9,1,738396.5913,171.95,2004,59,4,14.78
165192,Active,557324,NA,NA,D,2,1,602114.7425,127.2,2006,41,4,18.99
165193,Active,553140,NA,NA,D,4,1,148290.2575,193.4,2011,71,8.45,15.86
165194,Active,553539,NA,NA,D,3,1,1058687.845,138.6,2009,93,4,7.26
165195,Active,574730,NA,NA,D,2,1,1072032.146,43.95,2008,35,4,13.28
165196,Active,635830,NA,NA,S,3,1,140726.9163,49.95,2011,40,21.74,0
165197,Active,614016,NA,NA,D,4,1,252880.405,184,2010,44,5.47,169.7
165198,Active,737165,NA,NA,D,0,0,2841178.843,95.5,2003,20,4,0
165199,Active,613601,NA,NA,D,3,1,1490311.376,125,2006,40,4.12,67.45
165200,Active,193429,NA,NA,D,0,0,1349601.798,122,2005,38,4,67.52
165201,Active,193661,NA,NA,D,1,0,261611.1288,88,2008,58,4.32,23.98
165202,Active,50391,NA,NA,D,8,1,99993.96875,303.95,2009,83,4.53,33
165203,Active,50392,NA,NA,S,6,1,1043666.085,132.95,2003,36,4,4.58
165204,Active,50390,NA,NA,D,7,1,761709.36,189.95,2006,51,4,38.9
165205,Active,544670,NA,NA,D,9,1,31079.21,275.95,2013,75,13.63,98.53
165206,Active,433596,NA,NA,D,4,1,771097.6175,216,2010,27,23.87,13.81
165207,Active,871536,NA,NA,D,3,1,5976468.028,11.48,2008,13,4,11.49
165208,Active,737854,NA,NA,D,4,1,1092254.674,184,2010,28,4.09,116.71
165209,Active,737502,NA,NA,D,3,1,2552766.263,144,2006,20,7.93,65.39
165210,Active,574663,NA,NA,S,4,1,1029659.461,224,2011,37,5.6,18.99
165211,Active,574721,NA,NA,S,3,1,2395412.11,152,2007,23,6.21,13.89
165212,Active,617868,NA,NA,S,3,1,1926467.334,92,2007,25,4,10.9
165213,Active,574664,NA,NA,S,4,1,759713.2963,156,2011,60,4.46,28.94
165214,Active,616498,NA,NA,S,3,1,2387439.879,92,2007,25,4,10.67
165215,Active,607104,NA,NA,D,3,1,425801.2913,88.95,2008,32,7.13,35.24
165216,Active,607109,NA,NA,D,2,1,703384.29,125,2002,42,6.19,28.99
165217,Active,872066,NA,NA,D,1,0,1002710.999,79.95,1999,24,6.79,23.99
165218,Active,613812,NA,NA,S,8,1,534526.6913,83.29,2003,44,4.82,28.98
165219,Active,50443,NA,NA,D,10,1,17510.13625,205.6,2010,126,15.93,33.97
165220,Active,658041,NA,NA,S,3,1,52578.71875,176.95,2013,79,29.39,74.08
165221,Active,200546,NA,NA,D,2,1,230899.3138,216.95,2010,84,5.94,23.97
165222,Active,50442,NA,NA,D,9,1,105135.4613,134.2,2006,131,4,20.94
165223,Active,200119,NA,NA,D,1,0,371970.67,164.95,2007,31,5.9,29.16
165224,Active,50441,NA,NA,D,8,1,480691.4675,115.8,2003,107,4,37.9
165225,Active,247916,NA,NA,D,0,0,567124.4988,70,2008,28,4.39,38.87
165226,Active,801520,NA,NA,D,0,0,781008.5213,116,2008,11,12.99,53.47
165227,Active,2131436,NA,NA,S,0,0,367191.6175,61,2013,19,36.88,46.73
165228,Active,545518,NA,NA,S,3,1,1065887.436,57,2013,20,11.88,42.99
165229,Active,2259229,NA,NA,D,2,1,1935338.441,53.95,2010,42,9.58,33.71
165230,Active,55794,NA,NA,D,2,1,359850.8788,49.95,2010,73,5.97,6.19
165231,Active,576211,NA,NA,D,0,0,3710864.454,63.5,2002,15,4.48,73.33
165232,Active,904066,NA,NA,S,2,1,193816.9125,88.95,2014,20,28.59,28.64
165233,Active,914341,NA,NA,S,2,1,51192.675,80,2014,42,42.46,65.16
165234,Active,615403,NA,NA,S,2,1,2069752.43,53.95,2002,53,4,31.99
165235,Active,576701,NA,NA,D,1,0,1992241.219,94.95,2010,23,4,11.69
165236,Active,612691,NA,NA,S,5,1,6630.6575,74.95,2013,87,33.99,43.99
165237,Active,127279,NA,NA,D,3,1,355294.6475,64.95,2006,54,4,18.92
165238,Active,298314,NA,NA,D,5,1,56835.1025,98,2010,98,8.47,38.99
165239,Active,553561,NA,NA,D,3,1,221116.73,76.6,2010,43,7.64,29.93
165240,Active,870793,NA,NA,S,3,1,5307235.24,51.95,2001,32,4,10.64
165241,Active,870518,NA,NA,D,5,1,2179240.943,62.41,2010,48,10.95,59.42
165242,Active,545637,NA,NA,S,2,1,253071.8913,108.95,2012,44,7.54,48.25
165243,Active,557372,NA,NA,D,2,1,1400320.8,61.6,2007,35,4,6.34
165244,Active,592180,NA,NA,D,1,0,372795.5825,75,2011,36,12.98,23.97
165245,Active,616741,NA,NA,D,0,0,175942.0875,112,2009,78,5.99,35.18
165246,Active,127559,NA,NA,D,4,1,30468.68125,76.95,2010,90,6.42,58.19
165247,Active,247745,NA,NA,D,4,1,902307.9725,59.95,2006,69,4,13.93
165248,Active,866978,NA,NA,S,6,1,44872.46625,92.95,2014,33,64.87,62.92
165249,Active,2540920,NA,NA,D,1,0,4616941.115,49.95,2004,16,4.98,123.07
165250,Active,107989,NA,NA,D,5,1,1571470.773,13.99,2003,59,4,13.99
165251,Active,631448,NA,NA,D,4,1,354001.4625,65.95,2005,25,4,45.49
165252,Active,877874,NA,NA,D,6,1,1500726.466,44.47,2007,26,8.16,44.41
165253,Active,619742,NA,NA,D,2,1,41454.935,138.6,2012,95,5.82,18.99
165254,Active,875646,NA,NA,D,9,1,3055313.529,23.08,2007,38,6.5,16.21
165255,Active,177387,NA,NA,S,8,1,3980020.801,119.95,2002,45,4,14.43
165256,Active,613926,NA,NA,D,0,0,2603915.055,100.2,2004,34,4,7.79
165257,Active,426329,NA,NA,D,5,1,155686.2338,95.95,2010,88,5.97,16.87
165258,Active,268219,NA,NA,S,6,1,2049270.02,79.95,2007,43,4,10.63
165259,Active,54876,NA,NA,D,5,1,61429.405,207,2011,76,15.47,43.94
165260,Active,54875,NA,NA,D,4,1,863025.8263,166.2,2008,69,4,13.99
165261,Active,537405,NA,NA,D,5,1,1687522.105,213.67,2011,25,11.69,602.99
165262,Active,115240,NA,NA,S,2,1,3131076.325,88.4,2000,36,4,27.99
165263,Active,54874,NA,NA,D,3,1,2244844.839,120,2005,56,4,4.96
165264,Active,704220,NA,NA,D,5,1,2653613.278,102.25,2003,35,4,12.39
165265,Active,703711,NA,NA,S,4,1,1838510.629,95.62,2000,16,11.49,18.98
165266,Active,109416,NA,NA,S,6,1,171738.1038,64.99,2006,42,6.12,186.55
165267,Active,861984,NA,NA,S,3,1,231446.2863,72.95,2014,28,19.93,46.8
165268,Active,422161,NA,NA,D,1,0,408707.25,122.2,2010,65,4.22,5.01
165269,Active,55388,NA,NA,D,7,1,160589.82,96.99,2009,66,7.88,56.85
165270,Active,613743,NA,NA,S,2,1,71404.94125,177.8,2007,75,7.98,59.41
165271,Active,607701,NA,NA,S,8,1,1465147.715,84,2003,31,4,21.94
165272,Active,53356,NA,NA,D,10,1,526631.8725,144.8,2009,54,4,30.97
165273,Active,298587,NA,NA,S,7,1,393564.7688,79.95,2010,72,4,10.98
165274,Active,1470096,NA,NA,D,3,1,9303339.555,70,2006,12,5.48,42.18
165275,Active,2258781,NA,NA,S,5,1,1301564.04,53.73,2011,47,19.63,56.16
165276,Active,652284,NA,NA,S,2,1,748670.5875,79.95,2013,23,15.98,36.33
165277,Active,416675,NA,NA,S,1,0,52093.95,95.63,2011,59,5.94,23.17
165278,Active,55389,NA,NA,D,6,1,1051499.823,11.67,2006,68,4,18.67
165279,Active,53355,NA,NA,D,9,1,2084362.075,106.2,2006,48,4,11.99
165280,Active,51651,NA,NA,D,4,1,40944.1725,175.95,2010,167,5.01,23.99
165281,Active,51650,NA,NA,D,3,1,162580.1263,193.95,2007,161,4,9.44
165282,Active,612707,NA,NA,D,5,1,4664.62375,181.95,2014,105,27.13,78.99
165283,Active,247779,NA,NA,D,0,0,301062.61,114,2006,58,4.95,56.99
165284,Active,592192,NA,NA,D,0,0,597224.3563,75,2011,84,4.93,15.93
165285,Active,867905,NA,NA,S,2,1,79436.96,75,2014,54,28.29,43.99
165286,Active,879331,NA,NA,S,9,1,693803.0738,78.24,2006,50,6.75,28.34
165287,Active,50395,NA,NA,D,10,1,56931.22125,271.95,2008,59,8.93,31.47
165288,Active,50394,NA,NA,D,9,1,534123.4013,175.95,2006,84,4.58,14.83
165289,Active,877490,NA,NA,D,6,1,2395578.366,38.98,2012,29,4,28.98
165290,Active,50471,NA,NA,D,6,1,51268.43,207,2011,140,4.68,15
165291,Active,50472,NA,NA,D,5,1,79572.44875,216.4,2008,252,4,13.21
165292,Active,50469,NA,NA,S,4,1,550614.3825,119.6,2005,105,4,8.84
165293,Active,2317906,NA,NA,D,2,1,2437272.76,38.95,1992,28,4,45.15
165294,Active,666702,NA,NA,S,3,1,373729.99,52.95,2005,37,8.41,25.67
165295,Active,2832435,NA,NA,D,1,0,2813538.943,132.95,2001,15,20.69,22.99
165296,Active,617744,NA,NA,S,1,0,832941.7763,50,1987,51,4,26.2
165297,Active,541570,NA,NA,S,4,1,52526.02,74.95,2010,66,12.97,43.63
165298,Active,287554,NA,NA,D,13,1,425423.3325,95.4,2006,37,4,15.99
165299,Active,131639,NA,NA,D,12,1,2994905.863,76.4,2003,36,4,6.78
165300,Active,147785,NA,NA,S,2,1,165172.34,140.95,2000,53,4,0
165301,Active,118920,NA,NA,D,1,0,810602.6013,42.6,2009,36,4,7.99
165302,Active,564209,NA,NA,S,4,1,407691.0388,49.95,2010,28,8.59,39.49
165303,Active,126776,NA,NA,S,3,1,331574.935,61,2005,82,5.27,33.44
165304,Active,1463076,NA,NA,S,4,1,82621.05,59.95,2015,9,56.36,51.36
165305,Active,176794,NA,NA,S,4,1,784335.5813,97.95,2000,65,4,5.46
165306,Active,169408,NA,NA,D,6,1,56757.13375,261.95,2007,73,18.07,48.44
165307,Active,60247,NA,NA,D,5,1,814147.985,136.95,2004,58,4,13.95
165308,Active,628243,NA,NA,D,1,0,602733.385,99.95,1993,42,4.5,51.41
165309,Active,905698,NA,NA,D,3,1,1412475.136,62.95,2006,15,8.42,41.48
165310,Active,592800,NA,NA,D,4,1,974764.5838,63.95,2010,29,9.47,28.89
165311,Active,646970,NA,NA,S,5,1,191430.5513,76.95,2013,28,26.34,53.31
165312,Active,115078,NA,NA,S,1,0,594554.15,86.2,1999,56,4,40.62
165313,Active,2600004,NA,NA,D,0,0,1848491.525,140,1993,44,7.39,108.08
165314,Active,147208,NA,NA,D,2,1,2855096.585,40.95,2004,16,4,33.71
165315,Active,743460,NA,NA,D,1,0,3482116.484,36.95,2002,19,4.66,33.94
165316,Active,435153,NA,NA,D,3,1,1652822.5,263,2007,22,38,73.65
165317,Active,531414,NA,NA,S,4,1,240749.6275,89.99,2009,56,47.48,56.62
165318,Active,743304,NA,NA,D,2,1,3010122.911,219,2001,21,4.72,15.98
165319,Active,680646,NA,NA,S,1,0,190677.12,29.95,2009,25,8.24,8.87
165320,Active,609148,NA,NA,D,8,1,970370.0663,93.95,2004,72,4.34,17.75
165321,Active,478847,NA,NA,D,9,1,178051.545,111.95,2008,54,4.91,28.94
165322,Active,830606,NA,NA,D,4,1,1563829.291,62.95,1997,47,4.33,34.98
165323,Active,285062,NA,NA,S,6,1,60284.40375,85,2010,62,29.85,52.54
165324,Active,525535,NA,NA,D,6,1,388804.13,123.95,2009,104,6.97,38.99
165325,Active,146977,NA,NA,S,4,1,962639.8325,84.95,2001,61,4.48,5.93
165326,Active,608009,NA,NA,D,5,1,883520.0988,99.95,2005,78,3.85,13.78
165327,Active,622214,NA,NA,S,7,1,18309.3075,122,2013,63,42.96,70.71
165328,Active,264274,NA,NA,D,2,1,288089.0663,42.95,2007,68,6.98,21.99
165329,Active,192860,NA,NA,S,2,1,1386667.643,89.95,2001,21,9.74,72.16
165330,Active,868458,NA,NA,D,2,1,1377367.409,85,2001,25,4,12.99
165331,Active,701024,NA,NA,S,2,1,1025271.606,43,2005,36,4,12.94
165332,Active,635655,NA,NA,S,5,1,324535.5763,48.95,2012,32,31.29,35.41
165333,Active,910509,NA,NA,D,1,0,3125814.215,109,2002,26,6.43,41.79
165334,Active,391691,NA,NA,D,2,1,1046938.444,87,2004,27,5.93,20.28
165335,Active,800430,NA,NA,S,1,0,287876.23,60,2006,20,12.19,43.81
165336,Active,3544364,NA,NA,D,0,0,1649898.2,37.33,1900,21,8.19,32.49
165337,Active,641454,NA,NA,S,2,1,321449.6963,51.95,2010,23,40.51,0
165338,Active,214367,NA,NA,S,2,1,168342.44,25.95,2009,25,23.87,63.27
165339,Active,199239,NA,NA,D,1,0,683538.36,61,2005,31,4.25,16.98
165340,Active,248154,NA,NA,S,2,1,384042.0938,71,2011,50,42.46,52
165341,Active,132205,NA,NA,D,8,1,317831.37,95.4,2006,84,4,25.52
165342,Active,882189,NA,NA,D,1,0,2809072.485,216,1995,12,23.47,91.36
165343,Active,763766,NA,NA,S,2,1,319301.1238,149.95,1998,58,5.17,43.48
165344,Active,1724934,NA,NA,D,0,0,3472145.898,99.95,2006,13,28.8,73.99
165345,Active,250650,NA,NA,D,2,1,593501.4375,104.95,2009,20,8.09,47.6
165346,Active,623595,NA,NA,D,0,0,691049.7288,126,2006,40,18.43,36.75
165347,Active,248051,NA,NA,D,0,0,185341.2338,74,2010,41,5.46,28.98
165348,Active,199182,NA,NA,D,2,1,807803.5763,82,2003,50,4,41.45
165349,Active,132418,NA,NA,S,1,0,84048.025,59,2008,33,28.91,28.99
165350,Active,606866,NA,NA,D,5,1,1860894.356,7.89,2003,48,4,7.86
165351,Active,109463,NA,NA,D,6,1,1561867.893,7.19,2006,67,4,8.48
165352,Active,262759,NA,NA,D,6,1,196708.7025,44.95,2009,102,4.92,13.99
165353,Active,246633,NA,NA,D,1,0,419838.25,62.95,2009,40,4,43.87
165354,Active,2577179,NA,NA,D,3,1,11344704.16,98.05,1982,11,3.99,0
165355,Active,613248,NA,NA,D,3,1,595394.21,52,2004,86,4,17.68
165356,Active,633211,NA,NA,S,4,1,53587.68125,77,2010,66,41.94,58.38
165357,Active,157900,NA,NA,D,0,0,465475.6763,48.95,2002,32,6.99,45.99
165358,Active,158189,NA,NA,S,2,1,862671.175,45.95,2008,28,11.24,31.99
165359,Active,143101,NA,NA,D,2,1,959990.335,94,2007,14,4.39,55.5
165360,Active,737233,NA,NA,D,0,0,1264051.511,57,2003,13,6.8,29.85
165361,Active,1917416,NA,NA,S,3,1,262019.22,55.95,2013,17,31.09,45.33
165362,Active,543257,NA,NA,D,2,1,18424.65125,20,2012,34,14.99,17.62
165363,Active,634088,NA,NA,D,3,1,1765578.593,114.4,2007,17,4,91.05
165364,Active,620747,NA,NA,S,4,1,104788.64,129,2011,54,24.91,80.18
165365,Active,564730,NA,NA,S,3,1,942792.1225,43.95,2008,37,10.31,28.57
165366,Active,2170108,NA,NA,S,6,1,118568.8488,26,2014,35,9.17,15.98
165367,Active,608590,NA,NA,D,6,1,222857.0213,212.95,2005,35,8.76,13.63
165368,Active,865251,NA,NA,S,3,1,1442832.309,62.95,2013,20,6.94,20.87
165369,Active,634864,NA,NA,D,0,0,1406158.113,56.95,2008,26,4.12,43.99
165370,Active,890188,NA,NA,D,0,0,5921827.025,203.95,2008,16,3.99,47.97
165371,Active,632090,NA,NA,S,1,0,83122.2,57.95,2012,29,39.1,60.59
165372,Active,541596,NA,NA,D,2,1,21361.12625,43.95,2006,151,7.04,38.95
165373,Active,705277,NA,NA,S,2,1,2411741.601,13.99,2004,31,4.39,13.99
165374,Active,111669,NA,NA,S,10,1,433556.03,220.59,2012,22,45.98,602.99
165375,Active,910998,NA,NA,S,4,1,74015.9075,54.95,2014,44,18.87,35.56
165376,Active,871582,NA,NA,S,3,1,1087367.364,29.95,1993,21,4,33.94
165377,Active,286206,NA,NA,S,3,1,14842.18625,103.4,2011,57,38.99,79.39
165378,Active,628639,NA,NA,S,1,0,333963.0513,55.6,2011,27,25,44.83
165379,Active,132848,NA,NA,D,6,1,604930.3163,149.2,2009,63,4.99,39.07
165380,Active,132002,NA,NA,D,5,1,1802837.351,112.6,2005,39,4,41.88
165381,Active,291619,NA,NA,S,1,0,29347.4,190.95,2004,48,37.83,53.92
165382,Active,53805,NA,NA,D,8,1,612905.7225,13.49,2005,88,4,25.99
165383,Active,607369,NA,NA,D,5,1,263077.19,96.8,2004,33,4,45.79
165384,Active,606913,NA,NA,S,2,1,955117.19,87.35,2004,32,4,7.96
165385,Active,53803,NA,NA,D,9,1,31353.85125,51.94,2008,93,6.44,47.39
165386,Active,1574943,NA,NA,D,1,0,414874.675,131.95,2011,28,7.62,58.99
165387,Active,567631,NA,NA,D,1,0,229502.8838,142.95,2011,64,8.82,41.99
165388,Active,110434,NA,NA,D,4,1,354420.2838,103.94,2010,46,11.74,39.7
165389,Active,616575,NA,NA,D,0,0,447803.8863,67.95,2001,43,4,22
165390,Active,641521,NA,NA,S,2,1,495251.5963,76,2006,36,21.99,82.71
165391,Active,177703,NA,NA,D,2,1,2102372.14,58.95,2001,24,4,19.85
165392,Active,177721,NA,NA,D,3,1,821884.575,119.95,2005,57,4,24.9
165393,Active,629142,NA,NA,S,2,1,64408.6025,65.95,2012,45,35.37,57.98
165394,Active,127291,NA,NA,S,3,1,307178.2925,53,2009,45,15.31,48.98
165395,Active,416645,NA,NA,D,3,1,385235.6138,28.99,2007,45,4.35,30.99
165396,Active,165819,NA,NA,D,2,1,791963.9113,60,2006,32,5.83,43.54
165397,Active,120618,NA,NA,S,2,1,76529.66875,88.2,2009,39,27.94,71.08
165398,Active,592331,NA,NA,D,4,1,953593.785,49.95,2008,106,4,6.99
165399,Active,531407,NA,NA,D,5,1,82052.84375,57.95,2011,93,18.55,27.25
165400,Active,56415,NA,NA,D,2,1,218858.85,67.2,2005,64,4,85.51
165401,Active,778523,NA,NA,D,1,0,789074.7363,64.95,2005,35,4,11.85
165402,Active,911581,NA,NA,S,3,1,31626.52375,88.95,2014,96,17.42,56.22
165403,Active,624364,NA,NA,D,2,1,570624.4788,110.95,2009,54,4,32.75
165404,Active,572285,NA,NA,D,4,1,582982.5988,142.95,2007,29,4.13,38.99
165405,Active,610246,NA,NA,S,6,1,258133.505,174.95,2014,32,24.99,63.99
165406,Active,1658141,NA,NA,S,3,1,213036.6688,35.11,2009,7,38.99,75.51
165407,Active,872385,NA,NA,S,3,1,3394109.098,161.95,2004,30,4,12.04
165408,Active,542051,NA,NA,D,5,1,372014.3575,163.95,2011,72,4.92,13.94
165409,Active,868221,NA,NA,S,2,1,249307.3988,49.43,1997,39,5.85,73.97
165410,Active,559799,NA,NA,S,4,1,256043.475,39.96,1999,40,11.53,39.42
165411,Active,110137,NA,NA,S,3,1,229861.3125,104,2011,39,40.43,47.88
165412,Active,617949,NA,NA,S,5,1,47290.65125,111.25,2011,44,49.93,74.97
165413,Active,618619,NA,NA,D,4,1,83801.535,89.28,2005,82,10.02,52.13
165414,Active,134835,NA,NA,S,2,1,125822.3913,41,2007,55,23.82,29.98
165415,Active,173010,NA,NA,S,1,0,77755.01625,49.99,2001,35,26.39,39.97
165416,Active,1646373,NA,NA,S,16,1,131963.375,49.95,2009,5,38.38,38.16
165417,Active,542174,NA,NA,S,2,1,851768.6375,74.99,2011,26,34.21,59.97
165418,Active,275605,NA,NA,S,5,1,130905.1225,86.5,2011,27,28.99,73.94
165419,Active,649070,NA,NA,D,0,0,529543.4888,30.01,2009,60,5.98,0
165420,Active,531405,NA,NA,S,5,1,723275.0825,50,2012,20,30.51,35.05
165421,Active,903319,NA,NA,D,3,1,2199000.295,33,2002,16,4.76,61.61
165422,Active,511884,NA,NA,D,4,1,1553796.424,50,2005,26,4,19.96
165423,Active,132167,NA,NA,S,2,1,588307.6063,80.95,2007,32,5.94,48.11
165424,Active,57815,NA,NA,D,3,1,217068.525,79.2,2005,115,4,26.61
165425,Active,57813,NA,NA,D,4,1,98833.77375,104.6,2009,37,33.99,91.93
165426,Active,177485,NA,NA,S,4,1,133300.775,66.95,2001,59,7.99,27.53
165427,Active,131712,NA,NA,S,2,1,3582144.73,69.2,2003,32,4,38.99
165428,Active,1942386,NA,NA,S,2,1,78266.925,45,2014,2,38.89,38.95
165429,Active,918714,NA,NA,D,5,1,3625464.228,44.67,1998,29,4,11.64
165430,Active,287512,NA,NA,D,6,1,2554930.188,63.2,2002,25,2.5,8.88
165431,Active,565928,NA,NA,D,1,0,656303.77,169.54,2008,34,6.49,98.99
165432,Active,559998,NA,NA,S,1,0,54832.8225,151.5,2012,43,38.78,96.99
165433,Active,141792,NA,NA,S,1,0,54128.59375,151.5,2012,47,44.2,106.98
165434,Active,117972,NA,NA,S,2,1,39669.68125,108,2006,83,6.68,64.1
165435,Active,177316,NA,NA,S,1,0,172834.65,141.95,2002,23,32.89,96.57
165436,Active,580876,NA,NA,D,0,0,247868.0038,21.5,2003,60,4.13,0
165437,Active,580877,NA,NA,S,3,1,107889.2375,46.95,2011,22,18,0
165438,Active,1890591,NA,NA,S,0,0,69906.6,55,2010,7,18.94,33.18
165439,Active,664327,NA,NA,S,1,0,174373.2375,77.99,2013,20,43.98,44.4
165440,Active,531403,NA,NA,S,2,1,280.955,20,2011,311,7.08,8.48
165441,Active,702290,NA,NA,S,2,1,29669.54375,32,2011,36,13.17,0
165442,Active,619813,NA,NA,S,2,1,151102.8513,72,2008,44,9.77,38.99
165443,Active,126492,NA,NA,S,1,0,43309.625,44.95,2010,31,31.99,37.45
165444,Active,150571,NA,NA,S,1,0,131136.565,45,2000,41,8.69,40.98
165445,Active,196692,NA,NA,D,1,0,1173097.895,65.95,2011,21,6.48,53.99
165446,Active,890614,NA,NA,S,2,1,927253.245,56.95,2012,32,10.8,47.05
165447,Active,628493,NA,NA,S,2,1,475031.2338,227.95,2003,52,6.13,56.98
165448,Active,702299,NA,NA,S,4,1,209105.4263,45,2012,26,26.9,28.51
165449,Active,630048,NA,NA,S,2,1,448161.3563,34.95,2010,38,9.25,32.73
165450,Active,622605,NA,NA,S,4,1,172236.2588,36.95,2012,48,15.81,26.01
165451,Active,621320,NA,NA,S,5,1,405836.0238,34.95,2011,59,7.16,18.99
165452,Active,614518,NA,NA,S,4,1,530721.1363,36.95,2010,42,10.6,33.99
165453,Active,193633,NA,NA,S,4,1,168120.0075,29.95,2009,64,5.45,16.98
165454,Active,776337,NA,NA,S,3,1,1032935.015,32.95,2010,43,4,10.99
165455,Active,620276,NA,NA,S,3,1,642351.0763,36.95,2009,45,4.97,23.99
165456,Active,2600966,NA,NA,S,2,1,323258.5738,39.99,1995,37,4.76,19.68
165457,Active,655234,NA,NA,S,1,0,6959.875,41.95,2013,14,33.04,34.99
165458,Active,531401,NA,NA,S,4,1,105404.1163,41.95,2012,38,14.34,30.49
165459,Active,534705,NA,NA,S,4,1,93180.575,42.95,2012,37,19.99,27.52
165460,Active,3599106,NA,NA,D,1,0,1359145.25,83.95,1995,46,4.05,14.95
165461,Active,55025,NA,NA,D,4,1,829037.3075,108,2005,39,4,35.85
165462,Active,871660,NA,NA,D,5,1,3429033.291,44.49,2010,15,8.24,45.98
165463,Active,55024,NA,NA,S,3,1,582350.8488,84,2002,42,4,22.98
165464,Active,391964,NA,NA,S,3,1,125671.5763,76.95,2005,43,30.21,35.56
165465,Active,727961,NA,NA,S,1,0,51559.75,54.99,2000,27,8.98,28.4
165466,Active,162842,NA,NA,S,1,0,42179.165,55,2010,42,24.06,29.74
165467,Active,895997,NA,NA,D,1,0,4031375.756,239,2010,14,97.99,148.53
165468,Active,528560,NA,NA,S,1,0,169168.4938,68,2005,51,10.87,35.5
165469,Active,703248,NA,NA,S,0,0,754918.8313,55,2004,42,4.31,0
165470,Active,701577,NA,NA,S,1,0,556834.9275,63,2008,45,4,18.5
165471,Active,2160581,NA,NA,S,0,0,311368.5063,3.6,2007,6,26.86,3.6
165472,Active,2403939,NA,NA,D,2,1,2485485.993,69.95,1985,36,4,31.76
165473,Active,3471015,NA,NA,D,2,1,1981683.6,59.95,1999,25,4,46.97
165474,Active,1446798,NA,NA,S,3,1,385644.6588,63.95,2006,31,19.98,42.06
165475,Active,2084194,NA,NA,S,0,0,54200.25,62.99,2013,15,42.77,40.46
165476,Active,2084196,NA,NA,S,0,0,55969.15,62.99,2013,7,43.11,42.62
165477,Active,2084198,NA,NA,S,0,0,51101.525,77.99,2013,8,53.97,53.98
165478,Active,2084202,NA,NA,S,0,0,70469.1,62.99,2013,5,40.55,41.37
165479,Active,2079856,NA,NA,S,3,1,677496.9963,64.95,2011,19,43.94,46.35
165480,Active,1616028,NA,NA,S,2,1,550222.6313,34.99,2009,113,4,5.88
165481,Active,608734,NA,NA,S,3,1,662441.4713,49.99,2010,57,4.44,21.99
165482,Active,252902,NA,NA,S,2,1,341584.1,39.99,2009,86,4,13.99
165483,Active,678484,NA,NA,S,5,1,844912.7713,29.99,2010,58,4,8.98
165484,Active,621589,NA,NA,S,3,1,82236.78625,39.99,2013,84,5.39,23.97
165485,Active,657847,NA,NA,S,1,0,104366.75,60,2013,16,12.17,12.41
165486,Active,2022937,NA,NA,D,0,0,3332013.153,59.95,2008,10,20,131.19
165487,Active,2079834,NA,NA,S,3,1,496185.9738,64.95,2010,26,35.98,44.34
165488,Active,2778990,NA,NA,S,3,1,4840398.308,354,1994,16,7.46,77.09
165489,Active,743271,NA,NA,S,4,1,3776328.226,350,2002,13,42.9,102.58
165490,Active,284967,NA,NA,D,1,0,943918.7663,45.95,2003,16,19.97,30.99
165491,Active,415908,NA,NA,S,2,1,86083.7875,61,2012,33,32.98,45.17
165492,Active,893890,NA,NA,D,2,1,1849849.849,49.95,2005,15,9.57,91.91
165493,Active,1629992,NA,NA,S,4,1,1831938.464,50.95,2012,20,25.69,29.09
165494,Active,514615,NA,NA,D,1,0,552807.8713,70,2011,44,9.48,11.54
165495,Active,664604,NA,NA,S,2,1,29151.9775,70,2013,21,40.53,42.67
165496,Active,1437578,NA,NA,S,1,0,68805.6,80,2015,15,48.14,43.98
165497,Active,643997,NA,NA,S,5,1,69442.765,84.42,2007,38,16.98,63.99
165498,Active,644593,NA,NA,S,4,1,47770.1675,118.95,2012,31,23.99,85.02
165499,Active,802215,NA,NA,S,3,1,760630.4538,130.95,2004,54,4,53.98
165500,Active,243952,NA,NA,S,1,0,21296.85,108.95,2012,47,19.8,39.96
165501,Active,243953,NA,NA,S,1,0,50045.825,108.95,2012,33,18.98,22.99
165502,Active,587516,NA,NA,S,1,0,73061.2,108.95,2012,29,11.48,44.99
165503,Active,587515,NA,NA,S,1,0,65649.375,108.95,2012,23,28.77,37.99
165504,Active,1479748,NA,NA,S,2,1,88418.3775,16.95,2013,42,8.27,13.42
165505,Active,607564,NA,NA,S,2,1,1642391.801,31.95,1995,53,4,13.94
165506,Active,643745,NA,NA,D,0,0,1772601.76,75,2007,21,5.89,47.85
165507,Active,292189,NA,NA,D,3,1,809846.3763,168.95,2006,23,17.62,61.71
165508,Active,183214,NA,NA,D,3,1,348308.245,168.95,2004,44,7.6,58.95
165509,Active,167023,NA,NA,S,2,1,328018.5588,26.99,2007,39,4,30.99
165510,Active,1719661,NA,NA,D,1,0,1135656.699,94,2008,19,6.48,13.99
165511,Active,628790,NA,NA,S,2,1,434899.2625,62.5,2008,42,12.73,47.72
165512,Active,310018,NA,NA,D,2,1,166378.6388,87.25,2004,45,5.21,20.49
165513,Active,1719667,NA,NA,S,2,1,300007.4488,48,2014,8,29.94,48
165514,Active,1626167,NA,NA,S,0,0,73626.35,58,2014,14,48.78,48.78
165515,Active,3485044,NA,NA,D,0,0,13128691.8,56,1996,17,4.29,16.49
165516,Active,57606,NA,NA,D,9,1,122344.19,245.95,2011,113,9.71,43.96
165517,Active,892757,NA,NA,S,0,0,735495.035,113.91,2014,11,48.99,113.91
165518,Active,3485172,NA,NA,D,2,1,5323232.8,73,1999,31,4,38.98
165519,Active,60248,NA,NA,D,6,1,3451221.845,77.95,2004,33,3.98,8.98
165520,Active,53888,NA,NA,S,10,1,789661.2913,89.95,2001,76,4,17.9
165521,Active,54023,NA,NA,D,5,1,764726.6675,137.2,2008,88,4,9.23
165522,Active,54020,NA,NA,D,6,1,199975.98,168.2,2010,103,4.11,43.05
165523,Active,875051,NA,NA,S,14,1,295621.3175,144,2014,29,45.99,131.89
165524,Active,52485,NA,NA,S,11,1,2073222.216,109.2,2003,73,4,21.66
165525,Active,51830,NA,NA,D,14,1,87361.34125,222.25,2010,110,4.96,45.79
165526,Active,537575,NA,NA,D,15,1,29215.80375,257,2012,167,7.93,32.56
165527,Active,552688,NA,NA,S,1,0,246521.25,81.6,2005,59,4,37.3
165528,Active,52487,NA,NA,D,13,1,81954.43375,193.27,2010,76,5.98,82.98
165529,Active,129437,NA,NA,D,8,1,127836.1725,89.95,2011,66,4.99,26.43
165530,Active,609952,NA,NA,S,9,1,17560.90125,89.95,2013,106,31.23,68.97
165531,Active,57603,NA,NA,D,8,1,225900.3663,260.95,2009,79,4,41.87
165532,Active,157562,NA,NA,D,1,0,289217.5888,72.95,2009,48,4,83.85
165533,Active,541368,NA,NA,D,2,1,60912.23125,84.95,2012,82,16.22,44.98
165534,Active,477075,NA,NA,S,5,1,213313.67,78,2011,44,15.49,62.95
165535,Active,739089,NA,NA,D,5,1,2218481.766,78,1999,17,4.39,22.01
165536,Active,57644,NA,NA,D,2,1,187991.02,167.4,2009,54,6.64,16.51
165537,Active,607403,NA,NA,D,7,1,872146.5313,137.4,2007,46,4,52.49
165538,Active,230362,NA,NA,S,3,1,3503117.903,50.95,2001,58,4,7.99
165539,Active,880484,NA,NA,D,12,1,1075974.878,98.89,2007,37,4.99,71.53
165540,Active,52486,NA,NA,D,12,1,745934.2263,140.2,2006,60,4,82.6
165541,Active,51829,NA,NA,D,13,1,752809.9863,11.73,2008,106,4,11.07
165542,Active,108147,NA,NA,S,10,1,1347672.659,82.5,2003,68,3.99,11.29
165543,Active,57601,NA,NA,D,6,1,1679485.97,219.95,2005,64,4,8.98
165544,Active,57604,NA,NA,S,7,1,262215.0575,174.95,2007,48,4,38.35
165545,Active,874050,NA,NA,S,3,1,236692.755,96,2011,25,28.94,82.3
165546,Active,133295,NA,NA,D,3,1,12346.48375,142.4,2011,87,17.78,85.16
165547,Active,57269,NA,NA,D,2,1,215441.3013,101,2009,78,4,32.95
165548,Active,57643,NA,NA,D,0,0,675834.7213,134.4,2005,52,4,12.88
165549,Active,533896,NA,NA,D,7,1,563234.8613,89.95,2008,89,4,7.96
165550,Active,55387,NA,NA,D,9,1,246318.35,272.95,2006,88,4.55,33.98
165551,Active,53889,NA,NA,D,12,1,173579.6888,270.95,2007,100,3.83,36.99
165552,Active,246424,NA,NA,D,1,0,1398782.796,56.95,2007,46,4,13.99
165553,Active,651128,NA,NA,S,2,1,276812.3163,50,1998,41,4.09,43.63
165554,Active,867356,NA,NA,S,2,1,162586.395,80,2013,47,31.94,47.83
165555,Active,132253,NA,NA,S,1,0,144815.3088,110.6,2007,50,16.52,73.95
165556,Active,618378,NA,NA,S,2,1,50851.535,86.95,2013,28,44.37,49.11
165557,Active,200414,NA,NA,D,1,0,358805.1738,77.95,2010,65,4,14.98
165558,Active,200462,NA,NA,S,1,0,80844.875,102.95,2010,26,56.98,62.57
165559,Active,132734,NA,NA,D,6,1,460162.0238,68.8,2009,48,4,51.61
165560,Active,117951,NA,NA,D,5,1,1306502.273,53.33,2005,69,4,6.99
165561,Active,531392,NA,NA,D,4,1,93383.9625,118.95,2010,62,9.22,63.94
165562,Active,60249,NA,NA,D,3,1,546704.2613,83.95,2006,84,4,8.59
165563,Active,52811,NA,NA,D,7,1,99203.98875,71,2008,162,4,15.98
165564,Active,537383,NA,NA,S,8,1,14984.38125,78.4,2012,55,46.31,63.03
165565,Active,52810,NA,NA,D,6,1,543319.2038,53.95,2003,111,4,4.58
165566,Active,177379,NA,NA,S,2,1,181607.7063,182.95,2003,57,8.99,52.67
165567,Active,117197,NA,NA,S,4,1,277069.0088,65.4,2005,51,11.79,86.17
165568,Active,858318,NA,NA,S,3,1,615917.0288,45,2013,22,7.59,40.18
165569,Active,649124,NA,NA,S,3,1,89574.1,55.97,2008,33,17.42,43.59
165570,Active,157863,NA,NA,D,1,0,2265245.33,28.95,1996,19,4,39.98
165571,Active,1451514,NA,NA,S,11,1,50805.6,149.25,2014,18,57.99,168.14
165572,Active,614305,NA,NA,S,7,1,812462.0275,95,2002,65,4,35.31
165573,Active,2126991,NA,NA,D,0,0,3299886.059,184,2009,13,19.89,119.67
165574,Active,2723098,NA,NA,S,1,0,671781.34,83,2002,26,33.56,47.34
165575,Active,625299,NA,NA,S,3,1,63867.0425,43.95,2009,44,32.96,35.04
165576,Active,920972,NA,NA,D,2,1,514643.43,40.95,2003,58,3.99,5.48
165577,Active,533424,NA,NA,D,2,1,23979.66875,87.22,2011,85,10.64,57.35
165578,Active,55385,NA,NA,D,1,0,358853.1375,29.42,2007,88,4,11.02
165579,Active,542846,NA,NA,S,4,1,99042.5125,45,2012,79,19.04,32.17
165580,Active,198371,NA,NA,D,3,1,553470.7888,42.95,2008,28,5.48,42.85
165581,Active,198325,NA,NA,D,2,1,1088528.329,29.95,2004,33,4.82,19.99
165582,Active,198378,NA,NA,S,2,1,322080.6688,37.95,2010,33,12.31,28.98
165583,Active,2648558,NA,NA,D,1,0,1099856.918,65.95,1991,28,10.17,50.39
165584,Active,298153,NA,NA,S,4,1,197372.6763,73.95,2008,70,36.08,60.8
165585,Active,572549,NA,NA,D,1,0,2873695.986,63.95,2001,27,4,35.99
165586,Active,247945,NA,NA,D,1,0,1289513.689,105,2007,14,19.08,67.73
165587,Active,800239,NA,NA,D,1,0,262575.9175,69.95,2007,32,12.48,33.98
165588,Active,873547,NA,NA,D,3,1,448047.095,172.95,2006,57,4.33,42.91
165589,Active,560702,NA,NA,S,1,0,328688.19,138.4,2001,61,8.05,98.17
165590,Active,765535,NA,NA,D,2,1,1354248.04,70.95,2002,31,4,22.94
165591,Active,650077,NA,NA,S,2,1,126502.4,38.95,2010,30,13.05,27.99
165592,Active,641444,NA,NA,S,2,1,19464.375,32.95,2010,26,27.24,27.47
165593,Active,919348,NA,NA,S,3,1,173932.5938,58.95,2010,25,29.49,41.99
165594,Active,769027,NA,NA,D,1,0,264402.8288,179.95,2002,62,6.89,43.2
165595,Active,2597215,NA,NA,D,0,0,5374593.991,24.95,1990,17,4.07,34.17
165596,Active,1840342,NA,NA,D,1,0,3525597.67,133.95,2009,38,4.3,78.99
165597,Active,690112,NA,NA,S,2,1,151832.975,47.95,2012,13,30.78,30.78
165598,Active,243990,NA,NA,D,5,1,11019.61375,177.95,2012,62,32.64,77
165599,Active,290891,NA,NA,D,4,1,105633.9513,176.95,2007,57,10.35,40.37
165600,Active,630231,NA,NA,D,0,0,661622.5563,25.95,2005,40,4,23.97
165601,Active,54327,NA,NA,D,7,1,212284.3725,273.95,2009,66,8.94,44.67
165602,Active,54328,NA,NA,D,6,1,260641.805,288.95,2005,72,5.92,22.9
165603,Active,169866,NA,NA,D,7,1,894707.9963,236.95,2009,29,6.48,53.55
165604,Active,169885,NA,NA,S,7,1,519543.6425,183.95,2009,33,13.11,123.35
165605,Active,169865,NA,NA,D,7,1,201183.0425,236.95,2009,58,5.66,96.82
165606,Active,177717,NA,NA,D,6,1,301926.8975,259.95,2005,77,5.13,17.99
165607,Active,169876,NA,NA,D,7,1,837086.325,201.95,2009,37,5.08,28.96
165608,Active,124082,NA,NA,S,5,1,1823088.279,116.95,2002,39,4,10.74
165609,Active,531386,NA,NA,D,7,1,184847.1913,206.95,2009,55,5.45,49.45
165610,Active,290951,NA,NA,D,7,1,891654.2963,183.95,2009,26,4.86,45.99
165611,Active,123991,NA,NA,S,5,1,2541545.983,83.95,2001,23,4.34,9.25
165612,Active,291610,NA,NA,D,6,1,882122.2,259.95,2005,104,4,22.35
165613,Active,169877,NA,NA,D,7,1,1208143.798,192.95,2009,25,4.54,202.93
165614,Active,614014,NA,NA,D,1,0,236149.99,42.99,2011,69,4.39,31.08
165615,Active,609969,NA,NA,S,3,1,13511.2825,99.95,2014,92,43.97,53.98
165616,Active,243901,NA,NA,D,2,1,42957.33375,93.95,2011,96,8.98,35.99
165617,Active,537955,NA,NA,D,1,0,205263.8038,94.95,2008,111,4,9.01
165618,Active,608111,NA,NA,S,5,1,76455.59,57.95,2007,56,18.87,32.98
165619,Active,546875,NA,NA,S,2,1,488676.0638,65.95,2013,42,33.38,58.98
165620,Active,165044,NA,NA,S,4,1,502847.4163,105,2000,39,5.62,24.89
165621,Active,913286,NA,NA,S,0,0,830180.6963,15.95,2005,24,4.48,33.74
165622,Active,58356,NA,NA,D,3,1,451044.66,8.89,2002,62,4,8.52
165623,Active,58359,NA,NA,S,6,1,12148.28,104,2011,76,28.22,49.12
165624,Active,58358,NA,NA,D,5,1,106734.1588,70.05,2008,70,5.94,43.97
165625,Active,58357,NA,NA,D,4,1,398014.2663,8.92,2005,99,4,8.92
165626,Active,2594135,NA,NA,S,1,0,372961.05,49.99,1984,43,4.72,39.98
165627,Active,133267,NA,NA,S,3,1,26707.97,33.8,2010,120,10.15,25.89
165628,Active,56730,NA,NA,S,2,1,485040.66,29.95,2004,60,4,7.98
165629,Active,544984,NA,NA,S,4,1,290513.3113,43,2012,82,18.93,28.98
165630,Active,247990,NA,NA,D,3,1,836958.985,41,2008,31,4,25.49
165631,Active,199268,NA,NA,S,2,1,1561389.503,41.95,2003,30,4,13.53
165632,Active,913199,NA,NA,D,0,0,587959.7738,98,1984,27,13.21,43.99
165633,Active,909055,NA,NA,S,2,1,1778212.459,187,2001,29,48.86,127.91
165634,Active,212863,NA,NA,D,0,0,1628671.206,44.95,1999,38,4,7.92
165635,Active,615865,NA,NA,D,1,0,192675.22,65.95,2012,70,5,0
165636,Active,619317,NA,NA,D,1,0,77036.2125,44.95,2012,70,8.54,0
165637,Active,3479827,NA,NA,S,2,1,90299.7,49.95,2015,81,21.84,28.99
165638,Active,531385,NA,NA,D,5,1,586098.5963,699,2010,16,135.34,210.24
165639,Active,902793,NA,NA,D,2,1,2864999.096,85,1997,22,4.36,47.52
165640,Active,192857,NA,NA,D,3,1,1362410.551,98,2002,25,5.86,25.98
165641,Active,248970,NA,NA,D,4,1,869400.7388,127.95,2007,29,33.89,141.5
165642,Active,616396,NA,NA,S,2,1,195789.1075,105,2005,52,4,23.64
165643,Active,867172,NA,NA,S,8,1,4793.68125,69.8,2014,60,31.85,48.98
165644,Active,540847,NA,NA,D,7,1,1121557.964,74.67,2012,29,15.9,218.55
165645,Active,133129,NA,NA,D,6,1,152436.3313,50.2,2009,139,4,43.79
165646,Active,533483,NA,NA,D,7,1,15720.6025,68,2011,114,6.48,38.48
165647,Active,1456094,NA,NA,S,8,1,255940.375,79.13,2014,9,56.32,71.13
165648,Active,897502,NA,NA,D,2,1,2482289.098,92.4,2008,20,8.63,1748.3
165649,Active,132983,NA,NA,D,3,1,137667.6975,105.8,2010,107,4,26.16
165650,Active,56369,NA,NA,D,2,1,610956.5675,98.2,2007,78,4.35,19.49
165651,Active,56373,NA,NA,D,2,1,1066319.904,64.4,2008,65,4,24.37
165652,Active,56374,NA,NA,D,3,1,146969.145,73.8,2010,71,4,38.99
165653,Active,804241,NA,NA,D,1,0,4784356.4,103.95,2008,21,4.28,100.51
165654,Active,106468,NA,NA,S,3,1,1990356.373,64.95,2006,24,4,49.44
165655,Active,199091,NA,NA,S,2,1,241667.7563,93,2004,51,8.44,48.15
165656,Active,224500,NA,NA,D,5,1,2093296.325,68.95,2003,39,4,19.04
165657,Active,106173,NA,NA,D,6,1,987945.0975,80,2007,36,11.99,63.71
165658,Active,531382,NA,NA,S,7,1,92891.80375,106,2011,100,15.84,41.73
165659,Active,538269,NA,NA,D,2,1,392440.5375,84,2011,25,7.01,16.94
165660,Active,701306,NA,NA,D,1,0,1501676.676,75.95,2009,29,4.42,22.94
165661,Active,657853,NA,NA,S,4,1,517655.8388,88,2013,38,26.74,55.99
165662,Active,619558,NA,NA,D,2,1,1861003.139,70.95,2007,28,4,35.27
165663,Active,908522,NA,NA,D,1,0,3407539.523,64.95,2004,36,5.55,19.9
165664,Active,106046,NA,NA,D,1,0,1984238.319,79,2006,29,4.95,13.52
165665,Active,531378,NA,NA,S,2,1,686437.9025,99,2011,26,24.41,46.2
165666,Active,105822,NA,NA,D,3,1,2076861.415,59.95,2003,27,4,33.99
165667,Active,106122,NA,NA,D,4,1,590389.6963,80,2006,58,4,37.97
165668,Active,610293,NA,NA,S,5,1,90520.9225,93,2013,60,33.98,36.99
165669,Active,106334,NA,NA,D,2,1,1140712.896,95,2007,41,13.6,48.99
165670,Active,610620,NA,NA,S,22,1,63421.16,82,2014,45,17.53,36.27
165671,Active,531375,NA,NA,S,2,1,268000.0725,99,2008,90,4,40.78
165672,Active,106127,NA,NA,D,10,1,576173.1975,75,2006,90,4,16.39
165673,Active,531374,NA,NA,S,11,1,37071.05,91,2012,43,29.92,57.98
165674,Active,606759,NA,NA,D,12,1,1532000.54,69.95,2005,52,4,34.42
165675,Active,606803,NA,NA,D,13,1,300051.2975,93,2009,38,6.27,53.99
165676,Active,132588,NA,NA,S,2,1,361134.03,61.4,2008,42,4,0
165677,Active,120716,NA,NA,S,2,1,1019594.961,56.8,2008,38,4,40.52
165678,Active,531372,NA,NA,S,4,1,805806.63,50,2010,30,13.77,22.98
165679,Active,1437134,NA,NA,S,2,1,96497.18375,79,2014,30,39.54,55.23
165680,Active,105873,NA,NA,D,1,0,294052.1713,85,2004,73,4,27.89
165681,Active,52927,NA,NA,D,9,1,22432.75375,37.98,2010,196,4.61,33.99
165682,Active,879897,NA,NA,D,9,1,1053797.131,54.85,2009,34,6.84,44.38
165683,Active,141546,NA,NA,S,6,1,1795858.969,7.49,2001,100,3.93,7.96
165684,Active,627858,NA,NA,S,10,1,3582.43125,93.75,2013,89,33.94,58.99
165685,Active,52926,NA,NA,D,8,1,196438.2275,12.93,2007,173,4,11.49
165686,Active,52925,NA,NA,D,7,1,1261187.651,6.99,2004,115,4,6.94
165687,Active,144261,NA,NA,D,1,0,2724597.551,38.4,2001,29,3.34,7.73
165688,Active,132176,NA,NA,S,2,1,122791.9963,72,2006,36,22.98,33.99
165689,Active,147625,NA,NA,S,8,1,77630.05125,68.95,2010,70,7.21,43.99
165690,Active,140969,NA,NA,S,6,1,895151.3013,110.95,1999,28,4,80.77
165691,Active,127288,NA,NA,D,0,0,1040644.875,37.95,2006,29,4.47,12.94
165692,Active,106677,NA,NA,S,48,1,1158072.985,71.95,2008,63,4.23,11.49
165693,Active,3467994,NA,NA,S,2,1,327647.05,55,2015,53,38.79,46.98
165694,Active,657851,NA,NA,S,1,0,108898.0713,57,2013,40,10.17,23.98
165695,Active,907845,NA,NA,S,5,1,70009.7,90,2014,34,31.09,61.09
165696,Active,830607,NA,NA,D,3,1,2604178.788,62.95,2003,27,4,42.52
165697,Active,106170,NA,NA,D,4,1,700622.78,85,2006,34,14.09,63.26
165698,Active,248244,NA,NA,D,3,1,282768.69,55,2011,32,14.31,23.11
165699,Active,247957,NA,NA,D,2,1,1160365.925,50.95,2008,35,4.96,15.73
165700,Active,537716,NA,NA,S,11,1,800934.5288,20,2012,46,4,5.99
165701,Active,871679,NA,NA,S,13,1,323031.1988,24,2015,57,4.94,27.89
165702,Active,161871,NA,NA,D,1,0,423848.67,97.95,2007,38,4.98,19.59
165703,Active,533765,NA,NA,D,9,1,125436.05,255.95,2010,57,16.78,23.99
165704,Active,614388,NA,NA,S,6,1,984753.985,81.95,2000,45,4,40.03
165705,Active,51388,NA,NA,D,7,1,597098.815,122.95,2004,74,3.98,23.48
165706,Active,131159,NA,NA,S,3,1,226174.45,108.8,1998,53,4,44.79
165707,Active,743561,NA,NA,D,8,1,1823571.555,175,2004,41,4.96,47.53
165708,Active,248955,NA,NA,D,9,1,1146538.573,199,2007,42,9.67,41.91
165709,Active,531363,NA,NA,D,6,1,1866054.476,181,2008,16,98,133.49
165710,Active,293154,NA,NA,D,5,1,1439332.128,151,2002,13,54.18,103.99
165711,Active,531362,NA,NA,S,3,1,275721.9538,71.95,2009,32,6.11,50.8
165712,Active,2678368,NA,NA,D,2,1,5318917.281,135.5,1985,19,6.98,73.39
165713,Active,50631,NA,NA,S,3,1,1382357.355,102,1997,62,3.99,42.08
165714,Active,214295,NA,NA,S,4,1,544496.2188,17.95,2004,34,4,12.08
165715,Active,116057,NA,NA,D,6,1,1240143.083,98.4,2005,43,4,9.98
165716,Active,285876,NA,NA,D,5,1,1328541.199,74.35,2001,26,4,4.36
165717,Active,313867,NA,NA,S,3,1,345723.14,181.8,2004,43,4,13.99
165718,Active,547791,NA,NA,D,2,1,1532727.954,111.82,1980,22,5.33,92.73
165719,Active,203650,NA,NA,D,1,0,1706812.145,69.95,2005,37,3.99,9.95
165720,Active,1718476,NA,NA,S,3,1,47920.1575,85,2014,36,42.81,58.43
165721,Active,222234,NA,NA,D,2,1,174328.8288,80,2010,56,6.97,33.94
165722,Active,913936,NA,NA,S,2,1,435745.6313,75.3,1995,29,4,48.5
165723,Active,537864,NA,NA,D,3,1,1507956.805,100,1994,22,4.87,62.27
165724,Active,61143,NA,NA,D,7,1,919606.2313,125.33,2006,57,4.36,10.15
165725,Active,209349,NA,NA,D,1,0,1925646.385,29.95,1998,19,4,19.99
165726,Active,175417,NA,NA,S,0,0,153043.4625,43.5,2001,70,17.21,29.98
165727,Active,871933,NA,NA,S,3,1,106940.9213,106.95,2014,38,28.08,68.99
165728,Active,576592,NA,NA,D,1,0,1761421.453,62.95,2005,34,4,6.48
165729,Active,200405,NA,NA,D,2,1,424758.9488,106.95,2008,64,7.97,18.93
165730,Active,828907,NA,NA,D,0,0,1001442.859,49.95,1995,44,3.89,13.94
165731,Active,158132,NA,NA,D,2,1,715622.4113,52.95,2006,35,4.05,23.94
165732,Active,531360,NA,NA,S,3,1,420167.1925,61.95,2012,27,45.48,45.99
165733,Active,202218,NA,NA,D,1,0,2500445.306,115.95,2000,31,4,34.99
165734,Active,531358,NA,NA,S,2,1,611930.7988,115.95,2012,34,33.87,81.15
165735,Active,131983,NA,NA,D,8,1,590115.52,126.67,2005,31,5.3,49.68
165736,Active,247467,NA,NA,D,0,0,1004468.704,91.95,2005,37,4,17.87
165737,Active,121386,NA,NA,D,9,1,152572.545,159,2009,54,7.34,46.05
165738,Active,616545,NA,NA,D,4,1,135252.4113,67.95,2009,66,8.81,12.63
165739,Active,541382,NA,NA,S,4,1,29859.04625,62.95,2012,28,37.99,50.86
165740,Active,608194,NA,NA,D,2,1,933375.97,41.95,2004,59,4,23.99
165741,Active,617523,NA,NA,S,3,1,376558.1063,86.8,2002,56,4.61,146.49
165742,Active,801466,NA,NA,D,0,0,2782904.7,99,2007,16,5.21,45.49
165743,Active,386442,NA,NA,D,0,0,376538.25,51,2007,23,8.94,44.88
165744,Active,544981,NA,NA,S,2,1,59986.67125,63,2012,31,42.99,50.95
165745,Active,176653,NA,NA,S,3,1,710338.2963,252.95,2000,59,5.9,0
165746,Active,126130,NA,NA,S,0,0,278553.0925,44.95,1999,25,16.99,35.48
165747,Active,120899,NA,NA,S,1,0,196329.91,136.2,2006,37,34.97,76.32
165748,Active,117935,NA,NA,S,0,0,242132.2525,75.2,2005,25,41.11,90.24
165749,Active,531354,NA,NA,S,2,1,69029.13375,73.95,2012,51,33.97,51.51
165750,Active,290975,NA,NA,S,2,1,546610.22,57.95,2011,29,4.24,27.99
165751,Active,179126,NA,NA,S,5,1,465367.4738,94.95,2008,32,20.55,0
165752,Active,1723749,NA,NA,S,11,1,355047.1225,128.95,2011,13,17.44,18.99
165753,Active,394235,NA,NA,D,2,1,557735.2413,70.95,2008,64,4,21.57
165754,Active,652626,NA,NA,S,2,1,170064.555,49.95,2012,46,8.49,37.8
165755,Active,607383,NA,NA,D,4,1,2679927.083,53.4,2006,35,4,8.24
165756,Active,120131,NA,NA,D,5,1,873102.93,66.8,2009,61,4,9.27
165757,Active,531352,NA,NA,S,6,1,188989.5463,112,2012,40,30.72,58.99
165758,Active,56609,NA,NA,D,5,1,550307.9225,96.6,2010,72,4,54.75
165759,Active,56608,NA,NA,D,4,1,1580251.335,79.6,2007,63,3.98,5.94
165760,Active,539435,NA,NA,S,6,1,50012.82625,116.4,2013,71,17.94,31.92
165761,Active,550582,NA,NA,D,4,1,774662.0425,9.88,2008,92,4,30.7
165762,Active,538483,NA,NA,D,5,1,201114.0188,27.99,2011,113,4.88,25.99
165763,Active,645600,NA,NA,S,3,1,963074.5275,59.95,2014,28,21.84,45.96
165764,Active,911211,NA,NA,D,2,1,1856629.033,41.95,1998,22,4,15.99
165765,Active,549680,NA,NA,S,2,1,242088.8175,32.95,2010,44,5.68,17.74
165766,Active,307949,NA,NA,S,2,1,692889.3263,62,2001,63,4,6.99
165767,Active,120628,NA,NA,D,10,1,82584.3925,153.4,2008,38,21.19,123.05
165768,Active,113564,NA,NA,D,9,1,312906.9813,136,2005,49,4.12,41.95
165769,Active,1551020,NA,NA,S,0,0,386411.4063,56.95,2015,41,43.26,43.76
165770,Active,863090,NA,NA,S,2,1,658482.8275,42.99,2003,28,8.51,108.79
165771,Active,635112,NA,NA,D,1,0,363677.6138,39.95,2009,64,11.48,26.94
165772,Active,620591,NA,NA,D,0,0,1046944.58,59.99,2009,43,4,7.4
165773,Active,572482,NA,NA,D,2,1,165265.4425,186.95,2005,57,4,32.99
165774,Active,860713,NA,NA,S,2,1,298686.995,49.99,2012,47,25.9,30.35
165775,Active,911225,NA,NA,D,1,0,2707112.499,74.95,2002,28,4,11.04
165776,Active,1446656,NA,NA,S,2,1,342731.4625,39.95,2013,31,19.93,23.65
165777,Active,3795542,NA,NA,D,1,0,4405862.65,51.95,2006,23,4.98,63.33
165778,Active,664290,NA,NA,S,2,1,554323.1113,50,2013,26,20.15,32.2
165779,Active,593994,NA,NA,S,2,1,161046.8813,59.95,2010,36,20,0
165780,Active,545644,NA,NA,D,5,1,121044.9013,125.95,2013,92,4,19.05
165781,Active,200646,NA,NA,D,4,1,459055.8388,119.95,2010,59,4,17.99
165782,Active,200144,NA,NA,S,3,1,1810408.165,92.95,2006,39,4,6.34
165783,Active,632434,NA,NA,D,2,1,2673846.804,109,2004,19,4.54,69.77
165784,Active,621117,NA,NA,D,1,0,4194812,180.95,2000,32,3.99,8.94
165785,Active,147934,NA,NA,D,2,1,931037.5075,322.95,2003,59,4,6.83
165786,Active,737186,NA,NA,D,0,0,4269035.855,90,2003,19,4.08,23.98
165787,Active,673131,NA,NA,S,1,0,17496.8525,16.95,2014,32,11.99,11.98
165788,Active,628665,NA,NA,S,1,0,337662.535,122.95,2011,27,44.12,72.63
165789,Active,1742863,NA,NA,S,9,1,1406929.596,94.21,2008,22,26.21,79.25
165790,Active,407863,NA,NA,S,3,1,657896.0388,221,2010,56,15.98,68.13
165791,Active,1609054,NA,NA,S,2,1,471165.1288,47.95,2009,14,37.74,47.95
165792,Active,2524876,NA,NA,D,0,0,821237.31,91.52,1983,25,4,117.23
165793,Active,495614,NA,NA,D,3,1,673141.9575,214,2009,26,32.62,119.91
165794,Active,190798,NA,NA,D,2,1,2095341.876,156,2003,17,4.84,51.33
165795,Active,58291,NA,NA,D,6,1,344893.305,199.95,2006,39,6.35,54.38
165796,Active,58290,NA,NA,D,5,1,186659.2175,149.95,2002,29,6.89,68.71
165797,Active,2073466,NA,NA,S,2,1,69110.2,85.08,2011,68,4.6,76.01
165798,Active,2255599,NA,NA,S,0,0,409552.6225,57.25,2014,39,8.92,22.97
165799,Active,858238,NA,NA,S,0,0,287286.4563,44.99,2013,27,27.81,44.98
165800,Active,606998,NA,NA,D,8,1,2417556.474,7.99,2008,22,4,5.99
165801,Active,907919,NA,NA,D,9,1,1844090.255,45.48,2010,20,4,17.7
165802,Active,859835,NA,NA,S,2,1,1024733.976,55,2009,22,34.72,45.94
165803,Active,560196,NA,NA,S,2,1,1750316.989,55,2008,48,29.95,35.41
165804,Active,3802254,NA,NA,S,3,1,51108.1,74.95,2011,21,48.98,60.15
165805,Active,2007016,NA,NA,S,0,0,725496.6,79.97,2014,16,51.87,58.08
165806,Active,2007013,NA,NA,D,0,0,799496.71,89,2013,15,43.94,59.68
165807,Active,167039,NA,NA,D,9,1,945618.025,19.98,2005,38,4,25.84
165808,Active,2163290,NA,NA,S,1,0,118998.6075,74.95,2010,34,61.58,66.17
165809,Active,617859,NA,NA,S,2,1,225003.0063,100,2006,40,42.49,54.46
165810,Active,624057,NA,NA,D,1,0,1147572.811,85,1994,32,4.89,31.93
165811,Active,1493074,NA,NA,S,2,1,768654.6,55,2015,13,43.38,39.61
165812,Active,145842,NA,NA,S,10,1,262715.8113,141.33,2008,37,13.16,76.47
165813,Active,212329,NA,NA,D,9,1,911649.375,112.4,2004,21,8.69,114.43
165814,Active,3484404,NA,NA,S,2,1,1505971.5,45,2015,34,26.99,39.08
165815,Active,619491,NA,NA,S,1,0,248266.6388,30.95,1996,71,5.63,15.39
165816,Active,867987,NA,NA,D,0,0,1689151.253,38,1988,26,5.48,103.41
165817,Active,652288,NA,NA,S,3,1,34876.97875,45.95,2013,41,32.28,32.34
165818,Active,596641,NA,NA,D,4,1,1745213.194,7.98,1997,45,3.99,7.97
165819,Active,613574,NA,NA,S,0,0,22133.605,40,1998,62,16.17,20.13
165820,Active,1658302,NA,NA,D,2,1,3774144.574,81.5,2010,9,17.99,7781.01
165821,Active,618489,NA,NA,S,10,1,712188.7225,187.99,2008,41,8.08,58.22
165822,Active,1942731,NA,NA,S,1,0,83513.325,60,2013,23,24.48,37.44
165823,Active,745847,NA,NA,S,1,0,698586.7038,50,1997,51,10.98,23.74
165824,Active,56252,NA,NA,D,7,1,571828.6125,64.95,2002,49,4,41.49
165825,Active,56253,NA,NA,D,8,1,254319.3313,96.95,2007,70,23.73,38.99
165826,Active,2683710,NA,NA,S,2,1,85268.8975,19.95,2005,127,4,8.49
165827,Active,2529219,NA,NA,D,0,0,1487547.873,64.95,1995,24,28.46,61.99
165828,Active,1542122,NA,NA,S,2,1,1073481.118,49.95,2011,26,42.44,41.15
165829,Active,1758095,NA,NA,S,5,1,142169.3813,0,2013,8,43.74,45.49
165830,Active,295047,NA,NA,S,2,1,311278.9763,69.95,2007,45,21.44,0
165831,Active,793761,NA,NA,D,1,0,2139989.066,62.95,2004,19,11.48,79.69
165832,Active,623603,NA,NA,S,2,1,667593.2775,59.99,2006,29,4.37,18.7
165833,Active,2435242,NA,NA,S,2,1,792466.65,45.95,2000,27,4.63,44.89
165834,Active,1927543,NA,NA,S,1,0,487869.8325,42.95,2011,20,16.76,21.6
165835,Active,2612111,NA,NA,D,2,1,4269226.95,34.99,2000,20,4.98,61.03
165836,Active,1590523,NA,NA,S,3,1,781686.825,44.99,2009,22,29.98,31.56
165837,Active,130113,NA,NA,D,3,1,1370740.764,96,2001,43,4,16.99
165838,Active,539351,NA,NA,D,6,1,67707.80875,154.4,2012,43,48.96,86.04
165839,Active,144709,NA,NA,D,0,0,1813678.953,106.2,2003,29,4,10.99
165840,Active,728262,NA,NA,D,0,0,324309.1475,93,2000,48,4.58,24.63
165841,Active,2398096,NA,NA,D,0,0,824990.1338,70.95,1989,20,7.21,44.97
165842,Active,128373,NA,NA,S,2,1,205408.94,50,2006,35,37.33,40.27
165843,Active,2502912,NA,NA,D,3,1,2127978.638,115,1998,28,24.68,41.6
165844,Active,616211,NA,NA,D,2,1,453476.8925,39.95,2004,74,4,30.43
165845,Active,898624,NA,NA,S,3,1,50595.62125,49.95,2013,35,38.99,44.96
165846,Active,291336,NA,NA,S,1,0,35614.235,69.99,2006,39,48.89,52.68
165847,Active,269373,NA,NA,D,1,0,2063105.688,83.95,2005,21,4,73.67
165848,Active,531344,NA,NA,D,2,1,788607.76,67.95,2008,25,12.84,68.91
165849,Active,655419,NA,NA,S,1,0,151829.7038,48,2012,23,26.93,29.39
165850,Active,570487,NA,NA,S,3,1,968755.8313,131.95,2009,13,25.81,94.78
165851,Active,169697,NA,NA,S,3,1,757147.16,131.95,2009,42,4,28.98
165852,Active,130406,NA,NA,S,4,1,123732.4525,99.8,2011,44,48.98,78.54
165853,Active,118927,NA,NA,D,8,1,330585.71,144,2006,70,4,32.97
165854,Active,531343,NA,NA,D,9,1,300572.98,164.4,2010,51,4.83,17.74
165855,Active,714664,NA,NA,S,3,1,1930301.329,66,1999,31,4,7.49
165856,Active,745386,NA,NA,S,5,1,4065427.17,57.29,2008,17,5.3,52.97
165857,Active,533586,NA,NA,D,7,1,77043.39375,250.95,2012,92,8.18,50.21
165858,Active,53392,NA,NA,D,6,1,874436.7538,274.95,2010,67,4,40.44
165859,Active,53394,NA,NA,D,4,1,2185106.085,252.95,2006,46,3.99,9.98
165860,Active,531342,NA,NA,D,4,1,359347,33.99,2006,71,6.24,23.99
165861,Active,874277,NA,NA,S,3,1,2175121.824,18.99,2003,50,4,16.95
165862,Active,908806,NA,NA,S,2,1,6655299.356,55,1995,20,3.49,8.52
165863,Active,639073,NA,NA,D,4,1,2276967.635,99,2006,11,18.49,18.54
165864,Active,901415,NA,NA,D,3,1,1274828.589,109,2004,20,4.58,30.64
165865,Active,322679,NA,NA,S,1,0,74370.6,97.4,2007,23,53.14,68.25
165866,Active,178587,NA,NA,S,1,0,1160040.153,121.95,2004,20,5.87,71.88
165867,Active,655282,NA,NA,S,1,0,31612.65,49.95,2012,20,42.06,36.39
165868,Active,344215,NA,NA,S,5,1,215025.635,67.04,2005,55,11.12,52.87
165869,Active,113198,NA,NA,S,3,1,15392.41625,74.95,2011,41,23.13,41.17
165870,Active,196687,NA,NA,D,1,0,345284.695,67.95,2007,29,12.69,16.98
165871,Active,640646,NA,NA,D,1,0,1017163.288,134,2006,28,10.89,22.98
165872,Active,446828,NA,NA,S,2,1,14095.3675,134,2010,68,26.99,81.04
165873,Active,541774,NA,NA,S,3,1,86876.34125,50,2011,41,13.98,18.72
165874,Active,615191,NA,NA,S,3,1,16078.265,69.95,2011,49,25.89,43.2
165875,Active,112830,NA,NA,S,1,0,1068748.943,89.95,2006,40,18.48,42.58
165876,Active,531339,NA,NA,S,0,0,357351.8013,75,2001,36,14.5,33.98
165877,Active,251076,NA,NA,D,1,0,541046.1975,252.95,2007,37,4.76,17.44
165878,Active,391431,NA,NA,D,2,1,3009942.284,49.99,2000,20,4,13.99
165879,Active,639252,NA,NA,S,2,1,238062.0225,44.95,2009,34,15.82,32.01
165880,Active,910979,NA,NA,S,0,0,1396232.649,18.95,2007,31,4,22.48
165881,Active,630507,NA,NA,S,1,0,32744.1,39.99,2013,35,13.89,15.21
165882,Active,1473279,NA,NA,D,3,1,3504829.515,195,2009,15,7.98,237.42
165883,Active,2419472,NA,NA,D,2,1,4458059.736,135,2004,17,7.82,72.97
165884,Active,551434,NA,NA,D,0,0,797351.3338,48.67,1992,27,4.7,13.9
165885,Active,1932556,NA,NA,S,1,0,2845.35,39.99,2013,26,25.92,26.29
165886,Active,1989597,NA,NA,S,1,0,2784.025,39.99,2015,14,25.02,25.37
165887,Active,660816,NA,NA,S,1,0,5024,45,2013,26,27.79,21.6
165888,Active,1779831,NA,NA,S,1,0,245415.3863,59.99,2014,18,23.44,33.29
165889,Active,765991,NA,NA,D,1,0,2896442.094,126.95,1998,29,4,17.94
165890,Active,120798,NA,NA,D,3,1,120779.3138,167.4,2011,32,28.8,97.85
165891,Active,403114,NA,NA,D,2,1,496781.4113,146,2006,57,4.18,22.94
165892,Active,129814,NA,NA,S,2,1,272415.2013,174.2,1996,51,20.55,75.27
165893,Active,2795664,NA,NA,D,0,0,4059935.746,40.79,1993,20,4,23.59
165894,Active,288643,NA,NA,D,3,1,135470.5763,144,2006,40,17.98,53.99
165895,Active,129722,NA,NA,D,2,1,878010.9538,131.2,1998,64,4,23.81
165896,Active,145316,NA,NA,D,2,1,560376.405,143,2006,41,4.05,19.99
165897,Active,607623,NA,NA,D,0,0,1430950.576,118.4,1998,51,4,6.94
165898,Active,176848,NA,NA,S,2,1,639188.7,155.95,2000,44,4,33.97
165899,Active,164252,NA,NA,D,1,0,983496.88,31.96,2003,33,4.13,24.75
165900,Active,56441,NA,NA,D,5,1,311625.6025,45.23,2010,58,13.68,52.89
165901,Active,56446,NA,NA,D,4,1,913076.0825,54.89,2005,55,4,29.73
165902,Active,177221,NA,NA,D,2,1,679598.8675,288.95,2004,34,5.48,52.45
165903,Active,751281,NA,NA,S,5,1,827650.5763,85.49,2010,17,24.96,89.19
165904,Active,56444,NA,NA,D,3,1,2102883.135,10.98,2003,30,4,9.49
165905,Active,185912,NA,NA,S,2,1,18565.1075,64.99,2002,69,23.69,37.04
165906,Active,661163,NA,NA,S,2,1,13431.45,39.99,2011,16,28.49,28.97
165907,Active,607905,NA,NA,D,3,1,584472.9963,116,2004,30,8.69,55.82
165908,Active,607637,NA,NA,D,2,1,563463.005,97.8,2000,56,4.11,13.9
165909,Active,556772,NA,NA,D,2,1,857677.4,101.8,2002,31,4,45.85
165910,Active,145331,NA,NA,D,3,1,148759.1325,125,2005,36,8.59,80.17
165911,Active,287362,NA,NA,S,2,1,252122.6725,174.2,1999,55,4.48,38.99
165912,Active,550185,NA,NA,D,2,1,2594260.566,137.5,2004,27,4,58.25
165913,Active,704326,NA,NA,D,2,1,5007964.398,140.5,2004,25,10.17,48.99
165914,Active,57409,NA,NA,D,1,0,891132.2013,210.95,2003,34,5.09,43.99
165915,Active,245020,NA,NA,D,2,1,819108.94,134.95,2004,30,4,44.51
165916,Active,531334,NA,NA,S,3,1,500598.3213,138.95,2008,54,43.87,45.28
165917,Active,202205,NA,NA,D,1,0,2349566.795,117.95,1999,25,4.01,23.97
165918,Active,618589,NA,NA,S,2,1,64149.3075,50,2008,31,19.75,23.98
165919,Active,633747,NA,NA,S,3,1,22994.41625,60,2013,32,34.41,32.65
165920,Active,531333,NA,NA,S,2,1,225134.275,34.99,2009,29,5.04,9.08
165921,Active,759862,NA,NA,D,1,0,1006878.968,120,2001,28,4.76,45.34
165922,Active,619038,NA,NA,D,1,0,362819.905,69.99,2002,33,4.59,38.96
165923,Active,540710,NA,NA,S,2,1,312455.1913,64.99,2012,43,42.77,49.39
165924,Active,539265,NA,NA,D,6,1,63199.97375,122.8,2012,67,7.56,75.49
165925,Active,121587,NA,NA,D,5,1,284127.945,101.8,2010,95,4,18.97
165926,Active,120769,NA,NA,S,4,1,931269.6638,84.67,2009,36,4,19.59
165927,Active,243779,NA,NA,D,5,1,348852.0863,169,2011,30,6.94,22.99
165928,Active,108688,NA,NA,D,3,1,585630.2875,18.79,2005,29,4.47,12.59
165929,Active,637562,NA,NA,S,3,1,13011.0675,54.99,2013,35,24.12,30.15
165930,Active,254313,NA,NA,S,2,1,304199.335,87.95,2011,30,36.52,74.73
165931,Active,225777,NA,NA,D,1,0,459059.56,89.95,2003,19,7.09,11.99
165932,Active,697152,NA,NA,D,0,0,3500743.564,97.65,1997,34,4,33.99
165933,Active,402369,NA,NA,S,3,1,112593.7525,32.41,2002,21,24.24,24.54
165934,Active,308332,NA,NA,D,2,1,536989.6263,189.93,2000,61,4,45.4
165935,Active,594280,NA,NA,S,0,0,899955.185,89.95,2009,34,44.64,48.13
165936,Active,607108,NA,NA,D,4,1,556375.2488,69.95,2005,28,4,16.49
165937,Active,609662,NA,NA,D,3,1,3315394.789,56.95,1998,25,3.98,40.77
165938,Active,1782916,NA,NA,S,10,1,1122379.438,86.35,2012,22,5.63,183.69
165939,Active,713226,NA,NA,S,8,1,2501829.401,130,2002,55,4,10.65
165940,Active,607342,NA,NA,D,10,1,1353628.674,179.33,2005,54,4,13.99
165941,Active,118294,NA,NA,D,12,1,275746.3738,228.8,2011,36,13.47,113.43
165942,Active,531332,NA,NA,S,2,1,270387.4725,49.99,2000,51,4,15.1
165943,Active,606865,NA,NA,D,4,1,2877065.504,103.75,2001,22,7.44,10.49
165944,Active,108782,NA,NA,D,5,1,170779.0713,71.39,2005,41,6.3,46.87
165945,Active,55384,NA,NA,D,5,1,48339.3925,192.8,2009,60,15.91,53.99
165946,Active,54640,NA,NA,D,9,1,94551.0875,289.95,2009,85,5.4,45
165947,Active,54643,NA,NA,S,6,1,2726196.234,282.95,2004,54,4.01,7.99
165948,Active,54642,NA,NA,D,8,1,297936.97,305.95,2007,107,4.7,14.82
165949,Active,55383,NA,NA,D,4,1,696334.5275,99,2004,43,6.11,28.96
165950,Active,620245,NA,NA,D,2,1,144714.4613,197.95,2011,65,8.93,10.59
165951,Active,612452,NA,NA,S,1,0,394400.64,49.95,2013,29,18.34,34.5
165952,Active,1780286,NA,NA,S,1,0,55210.4,50,2014,16,27.09,28.86
165953,Active,881480,NA,NA,S,0,0,321799.3325,38.99,2007,21,24,38.4
165954,Active,635260,NA,NA,S,1,0,12376.9,41.49,2007,70,10.49,38.94
165955,Active,585164,NA,NA,D,0,0,531743.4888,92,1999,20,8.02,26.99
165956,Active,2551410,NA,NA,S,19,1,2171927.813,75.95,2002,17,7.55,62.69
165957,Active,211033,NA,NA,D,12,1,361294.6113,38.95,2010,180,4,6.99
165958,Active,533488,NA,NA,D,13,1,38430.46375,45.95,2012,112,7.7,9.82
165959,Active,54525,NA,NA,D,12,1,174632.9988,42.95,2010,204,4,9.32
165960,Active,54524,NA,NA,S,11,1,516259.3363,41.95,2008,171,4,7.99
165961,Active,54523,NA,NA,S,10,1,755415.8925,40.95,2006,128,4,11.49
165962,Active,864613,NA,NA,S,14,1,2617.97125,46.95,2014,78,18.46,37.47
165963,Active,664231,NA,NA,S,1,0,45614.625,67.95,2013,38,22.36,26.55
165964,Active,368430,NA,NA,S,3,1,711579.5288,47.95,2006,73,5.55,24.49
165965,Active,637584,NA,NA,S,2,1,10603.3325,53.95,2013,38,29.97,35.09
165966,Active,912403,NA,NA,D,1,0,419724.3263,45.95,2008,37,4.93,14.98
165967,Active,612990,NA,NA,S,1,0,17335.95,55.95,2010,76,14.74,38.4
165968,Active,751237,NA,NA,S,2,1,910463.615,29.95,2008,58,4,9.45
165969,Active,628868,NA,NA,S,2,1,690342.205,49.95,2005,37,5.94,29.45
165970,Active,625370,NA,NA,D,0,0,1379270.1,59.95,2007,21,4,30.95
165971,Active,2659147,NA,NA,D,5,1,1748933.328,79.99,2004,29,4,17.98
165972,Active,1954112,NA,NA,S,1,0,6977.8,48,2014,23,22,25.98
165973,Active,2016822,NA,NA,S,2,1,456.675,30,2014,21,21.94,21.68
165974,Active,616073,NA,NA,D,1,0,47877.7025,46,1993,127,10.96,28.93
165975,Active,1954131,NA,NA,S,2,1,1466.5325,50,2014,41,14.42,23.97
165976,Active,796283,NA,NA,D,1,0,409485.435,19.99,2005,59,7.66,11.98
165977,Active,1958207,NA,NA,S,0,0,57879.38375,50,2014,36,19.01,30
165978,Active,593931,NA,NA,S,3,1,356466.195,100.95,2009,55,5.98,25.51
165979,Active,716209,NA,NA,S,1,0,97234.475,166.2,2012,36,59.59,83.85
165980,Active,58048,NA,NA,D,9,1,945582.485,99.25,2002,22,7.96,73.73
165981,Active,58050,NA,NA,D,9,1,1280500.364,139,2003,25,4.73,80.61
165982,Active,58052,NA,NA,S,8,1,1505011.244,29.98,1997,32,5.93,66.3
165983,Active,58051,NA,NA,D,10,1,192581.2025,73.96,2007,71,12.29,45.93
165984,Active,582839,NA,NA,S,2,1,226566.545,188.95,2001,40,13.82,95.09
165985,Active,609620,NA,NA,S,4,1,532684.9013,223.95,2009,40,17.79,119.84
165986,Active,3801990,NA,NA,S,0,0,409293.4,55,2015,31,19.98,32.92
165987,Active,576954,NA,NA,S,2,1,191819.3425,47.95,2011,20,25.59,39.29
165988,Active,531326,NA,NA,S,3,1,19231.2125,18,2012,52,6.58,10.29
165989,Active,2866493,NA,NA,S,0,0,7270731.663,44.99,2003,25,4.15,8.98
165990,Active,802574,NA,NA,S,3,1,3632888.833,44.99,2005,28,4,5.43
165991,Active,53396,NA,NA,D,5,1,445486.7713,148.95,2005,38,4,42.57
165992,Active,53397,NA,NA,D,6,1,214612.1263,259.95,2008,43,12.58,54.75
165993,Active,618635,NA,NA,S,2,1,311389.4138,59.99,2003,36,4.98,16.48
165994,Active,123109,NA,NA,D,0,0,165976.4275,14,1998,419,4,8.39
165995,Active,122909,NA,NA,D,0,0,1339.0325,14,1998,602,4,8.31
165996,Active,1943675,NA,NA,S,3,1,600589.07,54.95,2014,20,32.27,44.65
165997,Active,627407,NA,NA,S,3,1,609998.9938,44.95,2010,28,12.68,44.9
165998,Active,131706,NA,NA,D,8,1,2033866.635,83.6,2003,41,4,35.99
165999,Active,515874,NA,NA,D,7,1,3043693.373,65.6,2000,30,3.98,16.51
166000,Active,60254,NA,NA,D,9,1,725726.16,104.6,2006,57,4,36.99
166001,Active,132632,NA,NA,D,10,1,112481.3713,125.4,2008,35,41.18,223.55
166002,Active,545291,NA,NA,S,4,1,259626.9025,54.95,2011,45,7.15,35.62
166003,Active,143920,NA,NA,S,0,0,754351.8663,0,2004,27,4.97,71.4
166004,Active,638129,NA,NA,D,1,0,289888.3775,54,2009,39,4,70.77
166005,Active,772870,NA,NA,D,6,1,1373425.535,70.41,2009,16,4.01,45.28
166006,Active,608786,NA,NA,D,6,1,1010537.755,126.95,2008,51,4,4.99
166007,Active,567784,NA,NA,S,7,1,52282.32875,125.95,2011,53,31.38,62.94
166008,Active,545829,NA,NA,S,2,1,265595.36,50,2013,66,5.77,38.39
166009,Active,229183,NA,NA,D,0,0,290235.3813,51,2009,27,4,24.92
166010,Active,545816,NA,NA,S,2,1,167776.1775,60,2013,27,36.8,48.39
166011,Active,126625,NA,NA,S,1,0,345176.5563,74,2004,46,4,33.78
166012,Active,129006,NA,NA,S,2,1,491382.3963,98.95,2005,60,6.74,28.37
166013,Active,270673,NA,NA,D,2,1,690299.7238,54,2009,51,4,9.13
166014,Active,606977,NA,NA,D,2,1,951470.7838,139.9,2007,21,4.77,53.99
166015,Active,109684,NA,NA,D,2,1,484065.3213,53,2005,74,3.99,43.94
166016,Active,285406,NA,NA,S,3,1,16697.10125,222.25,2009,95,14,56.74
166017,Active,629902,NA,NA,S,2,1,678304.98,99,2010,39,7.34,0
166018,Active,247974,NA,NA,S,3,1,168687.7075,27.95,2010,42,17.95,22.55
166019,Active,340198,NA,NA,D,3,1,1498633.97,31.99,2004,34,4,27.49
166020,Active,218494,NA,NA,D,3,1,1392163.366,109,1999,22,4.01,51.38
166021,Active,175147,NA,NA,D,0,0,296368.805,129.99,2001,42,4,17.85
166022,Active,2609383,NA,NA,D,1,0,1848127.253,104.99,2000,27,32.06,55.2
166023,Active,903893,NA,NA,S,2,1,448676.3375,84.99,2012,20,39.06,46.49
166024,Active,339431,NA,NA,D,1,0,741298.6575,128.95,2008,19,8,28.99
166025,Active,176926,NA,NA,D,2,1,308135.5775,165.95,2003,45,7.58,69.96
166026,Active,531316,NA,NA,S,2,1,453330.8838,213.33,2002,32,4,42.99
166027,Active,1826304,NA,NA,S,2,1,55777.79,82.95,2014,57,29.99,49.93
166028,Active,666225,NA,NA,S,2,1,761840.075,47.95,2005,23,6.98,42.79
166029,Active,273026,NA,NA,S,0,0,1145259.273,8.99,1999,71,3.99,6.74
166030,Active,150954,NA,NA,S,0,0,104581.6713,17,2003,98,4.4,8.49
166031,Active,1778515,NA,NA,S,1,0,38412.75,38,2013,23,20.38,20.41
166032,Active,2302964,NA,NA,S,3,1,49136.75,60.59,1999,15,23.99,51.03
166033,Active,199172,NA,NA,D,1,0,1711322.114,47.95,2003,60,4,6.99
166034,Active,248251,NA,NA,D,2,1,329052.7013,63,2010,41,8.97,35.06
166035,Active,2648839,NA,NA,S,2,1,686387.7263,63.95,1999,33,4.19,25.98
166036,Active,644663,NA,NA,S,2,1,29010.31625,34.95,2012,33,24.41,25.34
166037,Active,2528331,NA,NA,D,1,0,3323391.12,32.5,1994,26,4,33.98
166038,Active,1538912,NA,NA,S,2,1,787216.8313,60.95,2007,37,4.3,22.15
166039,Active,619803,NA,NA,S,3,1,242956.825,49.95,2008,31,4.89,29.19
166040,Active,55381,NA,NA,D,6,1,88651.47125,98.09,2009,79,13.52,70.11
166041,Active,909077,NA,NA,S,10,1,521388.8763,34.99,2013,40,4.73,25.8
166042,Active,802717,NA,NA,S,7,1,1283459.56,34.99,2010,36,4,8.19
166043,Active,2649402,NA,NA,S,2,1,202184.9213,72.95,2002,38,14.51,43.36
166044,Active,2002851,NA,NA,S,1,0,45308.775,49.95,2015,7,47.31,43.61
166045,Active,1780068,NA,NA,S,1,0,73315.675,85,2014,15,59.95,58.95
166046,Active,801449,NA,NA,S,0,0,576274.0938,42.95,2008,30,17.97,29.2
166047,Active,640664,NA,NA,S,0,0,936984.55,41,2008,21,16.27,26.17
166048,Active,534634,NA,NA,S,3,1,60355.855,42,2013,46,28.23,18.99
166049,Active,261261,NA,NA,D,2,1,305966.755,41,1997,84,4,10.99
166050,Active,861992,NA,NA,S,2,1,103127.6888,38,2014,25,31.99,25.93
166051,Active,542146,NA,NA,S,2,1,504219.7988,49.99,2005,34,6.38,0
166052,Active,2867191,NA,NA,D,1,0,2412013.75,68.95,1993,19,4,44.91
166053,Active,2036622,NA,NA,S,2,1,1552340.386,46.99,2009,45,4,13.78
166054,Active,634843,NA,NA,S,3,1,1157085.61,59.99,2005,31,9.86,0
166055,Active,861748,NA,NA,S,3,1,94215.0275,64.95,2013,23,36.04,36.24
166056,Active,713276,NA,NA,D,1,0,1491912.9,57.99,2001,42,4,34.98
166057,Active,912047,NA,NA,D,1,0,730269.0963,59.95,2000,16,6.37,90.19
166058,Active,2334444,NA,NA,S,6,1,359498.3925,39,1994,30,4,72.49
166059,Active,105919,NA,NA,D,8,1,835376.0963,49.95,2004,45,4,13.96
166060,Active,866658,NA,NA,S,10,1,66512.6525,61,2014,39,20.7,41.13
166061,Active,677448,NA,NA,S,2,1,56505.475,25,2010,31,16.99,21.64
166062,Active,789027,NA,NA,D,6,1,1365772.133,155.99,2005,17,33.45,50.75
166063,Active,522470,NA,NA,D,3,1,1331545.315,449,2009,13,111.52,152.48
166064,Active,262682,NA,NA,D,0,0,1908448.418,44.95,2005,24,4,18.99
166065,Active,108047,NA,NA,S,5,1,2913375.241,93.75,2003,41,4,39.96
166066,Active,200550,NA,NA,S,1,0,285453.9363,141.95,2010,33,11.98,46.99
166067,Active,637601,NA,NA,D,5,1,159141.0313,137.95,2013,41,11.23,41.98
166068,Active,57052,NA,NA,D,5,1,61272.1925,133.95,2011,152,6.87,32.55
166069,Active,57053,NA,NA,D,4,1,585030.2063,129.95,2007,203,4,13.98
166070,Active,368135,NA,NA,S,4,1,291193.3775,227.8,1997,35,4.96,65.09
166071,Active,259835,NA,NA,D,0,0,2061740.561,79,2002,26,4.23,28.99
166072,Active,203564,NA,NA,S,6,1,146879.395,108.99,2007,54,21.99,53.99
166073,Active,531306,NA,NA,S,3,1,322393.6213,62.95,2012,57,8,19.23
166074,Active,243922,NA,NA,S,21,1,1116909.788,45.95,2011,48,4,12.99
166075,Active,531305,NA,NA,S,22,1,127026.5013,41.95,2012,56,4.13,23.99
166076,Active,525493,NA,NA,D,4,1,1247645.651,185.95,2009,98,4,19.89
166077,Active,610338,NA,NA,S,5,1,275916.4438,139.95,2013,67,5.88,13.49
166078,Active,245204,NA,NA,D,3,1,3162266.194,204.95,2005,31,4,5.28
166079,Active,643499,NA,NA,D,1,0,2357740.204,60.95,2007,23,5.37,38.98
166080,Active,647266,NA,NA,S,2,1,269501.775,60.95,2011,18,40.86,53.1
166081,Active,609631,NA,NA,D,4,1,488502.6763,185.95,2010,80,4.48,28.99
166082,Active,609486,NA,NA,D,3,1,1631394.461,204.95,2005,36,4.42,13.97
166083,Active,253847,NA,NA,D,4,1,297037.87,134.95,2009,183,5.37,18.38
166084,Active,245201,NA,NA,D,3,1,633025.25,134.95,2005,110,4,16.98
166085,Active,627633,NA,NA,S,2,1,678226.5113,76.95,2004,30,5.11,0
166086,Active,1864423,NA,NA,D,3,1,1533875.676,20.95,2007,5,5.7,5.48
166087,Active,533981,NA,NA,D,3,1,249748.9025,220.95,2007,121,7.04,9.07
166088,Active,531304,NA,NA,S,4,1,70038.905,217.95,2012,74,17.64,76.75
166089,Active,60255,NA,NA,D,2,1,912415.2675,241.95,2003,73,4.19,56.57
166090,Active,577057,NA,NA,S,3,1,594691.7163,120.95,2004,26,15.89,41.72
166091,Active,531303,NA,NA,D,2,1,1110789.036,137.95,2009,66,4,16.99
166092,Active,366749,NA,NA,S,1,0,158821.2,113.95,2001,30,19.2,48.81
166093,Active,249810,NA,NA,S,2,1,613495.9788,148.95,2009,43,7.3,72.94
166094,Active,366763,NA,NA,S,2,1,210352.4413,189.95,2004,50,18.9,68.99
166095,Active,366764,NA,NA,S,1,0,334226.5438,137.95,2007,43,18.91,87.4
166096,Active,623481,NA,NA,S,2,1,506340.8025,120.95,2010,30,25.09,0
166097,Active,245051,NA,NA,D,5,1,696855.0088,164.95,2004,84,4.18,29.08
166098,Active,577058,NA,NA,S,3,1,316105.515,147.95,2004,32,6.32,48.99
166099,Active,545147,NA,NA,S,2,1,1226352.295,117.95,2010,25,30.57,72.61
166100,Active,58043,NA,NA,S,3,1,494193.08,221.95,2003,64,4.48,28.84
166101,Active,58042,NA,NA,D,5,1,31893.26375,197.95,2010,72,38.95,116.41
166102,Active,58044,NA,NA,D,4,1,73058.82125,197.95,2008,64,7.96,57.75
166103,Active,58041,NA,NA,S,2,1,404667.67,259.95,1998,65,4.25,47.86
166104,Active,673767,NA,NA,S,0,0,280422.9088,26.95,2013,32,10.98,29.98
166105,Active,861292,NA,NA,S,2,1,377191.9238,75,2013,24,39.23,54.9
166106,Active,751511,NA,NA,D,1,0,1040449.193,65,2009,16,8.98,40.98
166107,Active,189975,NA,NA,S,0,0,359217.2688,41.95,2004,32,9.05,23.96
166108,Active,567381,NA,NA,D,8,1,420703.15,146.95,2007,44,6.77,48.85
166109,Active,542058,NA,NA,S,9,1,39511.10375,149.95,2010,69,29.9,56.92
166110,Active,559903,NA,NA,D,7,1,452727.9638,73.95,2001,63,4,20.91
166111,Active,127542,NA,NA,S,2,1,267063.305,44.95,2011,43,8.81,36.99
166112,Active,55378,NA,NA,S,10,1,1444496.359,252.95,2006,23,5.73,49.52
166113,Active,55377,NA,NA,D,10,1,448956.1288,252.95,2004,60,4,12.92
166114,Active,55376,NA,NA,S,10,1,710781.7938,240.95,2006,35,7.22,50.61
166115,Active,178139,NA,NA,D,10,1,966441.96,210.95,2005,32,4,28.19
166116,Active,768838,NA,NA,S,3,1,1621463.796,58.71,2001,33,4,43.47
166117,Active,126526,NA,NA,S,0,0,621593.25,35,2003,31,16.97,27.56
166118,Active,597973,NA,NA,D,3,1,244033.9675,53.95,2007,38,5.98,0
166119,Active,544629,NA,NA,S,2,1,457904.6263,42.4,2012,20,27.45,42.39
166120,Active,827192,NA,NA,D,9,1,692014.8338,40.95,1982,19,4,32.88
166121,Active,224505,NA,NA,S,10,1,545449.2013,168.4,1997,44,11.29,61.95
166122,Active,632060,NA,NA,S,2,1,57555.05875,38.95,2013,50,11.37,27.99
166123,Active,249904,NA,NA,D,1,0,699717.14,88.95,2006,29,7.86,9.95
166124,Active,531299,NA,NA,D,2,1,554378.6238,159.99,2008,30,48.99,93.38
166125,Active,246271,NA,NA,D,0,0,1918569.385,164.99,2003,19,5.69,129.34
166126,Active,117281,NA,NA,S,2,1,637923.2025,58.8,2006,32,6.36,55.94
166127,Active,592353,NA,NA,D,3,1,306005.375,119,2009,110,10.96,18.99
166128,Active,147050,NA,NA,D,1,0,155874.6088,201,2004,26,23.74,128.99
166129,Active,774914,NA,NA,D,2,1,3000893.518,219,2001,15,13.73,22.98
166130,Active,2678616,NA,NA,D,1,0,3709729.106,190,1991,13,4,95.82
166131,Active,254027,NA,NA,D,4,1,249492.8525,49.95,2011,76,9.76,26.69
166132,Active,609575,NA,NA,D,3,1,553220.9488,42.95,2008,57,4.98,6.75
166133,Active,864615,NA,NA,S,5,1,24225.78875,49.95,2014,56,24.08,33.68
166134,Active,248794,NA,NA,D,2,1,401720.865,36.95,2005,23,8.07,26.76
166135,Active,147451,NA,NA,D,7,1,467995.97,84.95,2007,32,7.99,33.6
166136,Active,531297,NA,NA,S,8,1,29126.7725,96.95,2012,74,43.99,50.49
166137,Active,146928,NA,NA,D,6,1,1103568.184,68.95,2002,54,4,18.99
166138,Active,531296,NA,NA,S,4,1,230550.4575,68,2009,27,11.47,27.99
166139,Active,56968,NA,NA,D,3,1,63747.93875,94.6,2010,111,4.92,25.98
166140,Active,56967,NA,NA,S,2,1,1854538.064,65.6,2004,43,4,8.88
166141,Active,608932,NA,NA,S,2,1,2031492.023,59.95,2000,42,4,18.49
166142,Active,545266,NA,NA,D,4,1,27778.20125,86.95,2011,115,10.89,28.98
166143,Active,574487,NA,NA,D,3,1,603223.84,72.95,2005,121,4,22.96
166144,Active,625163,NA,NA,D,3,1,1144301.519,64.95,2003,29,5.59,54.46
166145,Active,1518970,NA,NA,S,4,1,537907.7863,62.95,2014,23,39.99,47.09
166146,Active,492444,NA,NA,S,3,1,65852.20375,103.95,2012,50,31.54,62.89
166147,Active,614532,NA,NA,D,2,1,628562.1613,106.95,2006,52,4,13.98
166148,Active,905735,NA,NA,D,2,1,1137913.424,49.95,2007,18,24.98,94.9
166149,Active,621275,NA,NA,D,3,1,725474.8513,49.95,2009,19,23.99,58.93
166150,Active,293114,NA,NA,S,6,1,238568.7063,79.95,2005,43,4.75,28.48
166151,Active,2678972,NA,NA,D,4,1,5424176.915,47,1992,23,4,82.99
166152,Active,832139,NA,NA,D,7,1,2670259.415,79,1999,21,5.48,33.94
166153,Active,147109,NA,NA,D,8,1,1427642.221,108,2004,26,6.68,32.29
166154,Active,651108,NA,NA,D,1,0,852149.7788,98.99,2008,16,40.99,68.44
166155,Active,2557473,NA,NA,S,3,1,375683.73,186.25,1986,25,7.94,48.99
166156,Active,2398118,NA,NA,S,3,1,239451.5588,84.95,1986,46,4,42.99
166157,Active,767163,NA,NA,S,2,1,1061223.75,148.95,1999,19,5.11,72.93
166158,Active,626934,NA,NA,S,2,1,807130.625,172.95,2004,29,9.36,51.78
166159,Active,749504,NA,NA,D,1,0,1148606.079,95,2004,26,4,23.5
166160,Active,616761,NA,NA,D,2,1,143725.5013,237,2005,66,5.8,38.99
166161,Active,628092,NA,NA,D,1,0,393681.295,140,2002,34,7.24,43.49
166162,Active,3743869,NA,NA,S,3,1,883952,89.99,2016,14,48.04,48.96
166163,Active,2678495,NA,NA,D,0,0,6879577.489,70.5,1988,14,7.39,0
166164,Active,2679798,NA,NA,S,2,1,3857693.48,129,1994,13,43.92,69.75
166165,Active,804026,NA,NA,D,2,1,1677024.666,462.95,2008,18,99.05,418.67
166166,Active,658174,NA,NA,S,2,1,29285.14125,64.95,2012,22,49.28,46.97
166167,Active,1943241,NA,NA,S,1,0,81719.025,69.95,2014,19,36.82,39.33
166168,Active,531293,NA,NA,S,4,1,760453.565,60.95,2010,20,36.5,40.39
166169,Active,909337,NA,NA,D,2,1,1903826.819,51.95,2000,27,4.88,48.97
166170,Active,640550,NA,NA,D,1,0,1597607.753,211,2009,22,21.28,109.58
166171,Active,701726,NA,NA,S,1,0,1000719.305,99,2010,26,19.7,106.16
166172,Active,284452,NA,NA,S,9,1,497454.5638,161.4,1996,47,13.72,72.63
166173,Active,192089,NA,NA,D,4,1,1006179.133,20,2006,72,4,22.9
166174,Active,285674,NA,NA,D,2,1,798597.11,94.95,2010,29,15.93,15.96
166175,Active,252612,NA,NA,D,5,1,349019.8575,47.09,2009,51,5.62,33.99
166176,Active,113420,NA,NA,D,2,1,368567.755,381.95,2002,33,4.84,44.98
166177,Active,648132,NA,NA,D,5,1,1798216.245,72.95,1990,28,4.95,23.48
166178,Active,1552084,NA,NA,D,2,1,376161.215,57.95,2013,46,40.42,44.63
166179,Active,613612,NA,NA,D,0,0,112664.355,109.99,2011,207,4.79,28.88
166180,Active,3803602,NA,NA,S,2,1,101402.025,197.58,2014,39,23.64,76.42
166181,Active,221853,NA,NA,D,2,1,5431607.935,249.95,1999,19,30.28,99.97
166182,Active,164024,NA,NA,S,4,1,781290.695,18.36,1996,46,4.53,25.98
166183,Active,164902,NA,NA,D,5,1,591416.9063,38.45,2000,42,4.58,33.31
166184,Active,544027,NA,NA,S,8,1,346959.3125,71,2012,22,38.41,49.89
166185,Active,585453,NA,NA,S,14,1,238587.235,50,2002,61,14.92,62.99
166186,Active,861295,NA,NA,S,4,1,382342.7413,123.75,2013,23,30.72,53.58
166187,Active,196621,NA,NA,D,1,0,841431.9113,57.95,2001,33,4,14.94
166188,Active,129887,NA,NA,S,1,0,186151.0375,74.99,1996,31,4,19.75
166189,Active,130045,NA,NA,D,1,0,590623.5875,79.99,2004,41,4,12.06
166190,Active,762305,NA,NA,D,4,1,7113404.699,80,2007,17,49.06,129.55
166191,Active,165465,NA,NA,D,4,1,5408974.689,195,2003,18,78.23,170.97
166192,Active,615665,NA,NA,S,2,1,652117.0925,279.4,1993,57,4,43.58
166193,Active,225942,NA,NA,S,2,1,550185.9375,265,2007,32,28.57,29.19
166194,Active,697030,NA,NA,D,0,0,2077079.01,109.75,1997,23,6.26,31.44
166195,Active,52568,NA,NA,D,7,1,61782.22625,170.95,2007,128,4.45,40.79
166196,Active,52570,NA,NA,S,6,1,81532.6325,113.95,2004,100,4,15.98
166197,Active,52569,NA,NA,D,8,1,18698.45125,157.95,2011,100,13.48,44.7
166198,Active,244017,NA,NA,D,8,1,62537.53625,165.95,2011,51,19.54,69.86
166199,Active,169559,NA,NA,D,6,1,228237.6075,196.95,2006,73,4,21.92
166200,Active,266247,NA,NA,D,1,0,114757.1313,89.95,2012,60,8.15,43.98
166201,Active,2376550,NA,NA,S,2,1,431355.2688,73.85,1987,27,4,58.45
166202,Active,552076,NA,NA,S,2,1,4682209.98,36,2001,25,4,4.95
166203,Active,668189,NA,NA,D,1,0,2360990.228,220,2002,23,18.18,100.8
166204,Active,162952,NA,NA,S,2,1,9074.41875,60,2010,65,29.38,34.97
166205,Active,341945,NA,NA,D,0,0,85973.0275,54.95,1997,168,4,11.09
166206,Active,120038,NA,NA,S,2,1,205381.6325,90.8,1999,39,4,38.99
166207,Active,749691,NA,NA,D,1,0,2143565.549,133,2007,14,52.98,98.99
166208,Active,109547,NA,NA,D,0,0,742402.8425,47.98,2005,22,13.29,22.11
166209,Active,549729,NA,NA,S,2,1,660866.9925,42,2011,26,9.22,15.62
166210,Active,591331,NA,NA,D,1,0,1661428.956,134.95,2004,60,3.98,5.42
166211,Active,552196,NA,NA,D,2,1,1108954.614,57.6,2005,37,4,13.78
166212,Active,286504,NA,NA,S,3,1,198944.4563,91.6,2011,30,17.74,59.79
166213,Active,658285,NA,NA,S,0,0,761384.855,75,2013,41,8.98,17.45
166214,Active,117983,NA,NA,S,4,1,315731.1,113,2005,40,9.49,24.81
166215,Active,2566072,NA,NA,S,2,1,1032250.131,120,1992,28,28.99,92.65
166216,Active,125911,NA,NA,D,0,0,752162.19,139,2001,32,11.21,81.51
166217,Active,699198,NA,NA,S,14,1,1340339.783,47.97,2011,13,42.77,64.06
166218,Active,284842,NA,NA,S,12,1,2430718.338,140.6,1997,32,4,53.99
166219,Active,108564,NA,NA,D,13,1,1081004.835,53.98,2003,34,8.34,52.16
166220,Active,109842,NA,NA,D,14,1,125774.2838,217.57,2009,38,27.68,169.91
166221,Active,541839,NA,NA,S,3,1,97622.5725,180,2013,31,78.41,94.99
166222,Active,166700,NA,NA,D,2,1,433191.48,175,2006,13,38.99,127.99
166223,Active,2376486,NA,NA,D,6,1,4277609.759,87,1985,33,4,35.34
166224,Active,55020,NA,NA,S,4,1,201671.74,178.69,2007,50,63.99,101.25
166225,Active,165932,NA,NA,S,6,1,3102820.194,44.51,2004,29,4.78,41.64
166226,Active,162536,NA,NA,D,8,1,142519.7463,44.44,2008,49,5.14,49.31
166227,Active,543919,NA,NA,D,9,1,122964.2563,66.01,2013,61,7.12,39.31
166228,Active,290650,NA,NA,D,7,1,949167.5625,77.51,2005,30,4.85,72.57
166229,Active,106501,NA,NA,S,2,1,250222.3288,130,2010,33,33.77,85.21
166230,Active,249851,NA,NA,S,2,1,439076.8038,246.95,2007,34,17.59,72.39
166231,Active,2336026,NA,NA,S,3,1,437806.9363,99.8,1991,32,13.02,29.99
166232,Active,2343504,NA,NA,D,2,1,1351588.709,92.23,1980,26,4,52.19
166233,Active,56393,NA,NA,D,5,1,701984.2638,114,2003,42,7.15,25.72
166234,Active,534400,NA,NA,S,3,1,1204202.438,63,1993,52,4,16.41
166235,Active,56392,NA,NA,S,4,1,1513605.711,69.95,1999,34,5.48,18.94
166236,Active,568703,NA,NA,S,0,0,230128.485,49.99,1994,71,4,25.98
166237,Active,539962,NA,NA,S,1,0,4278.84,59.99,1994,123,18.99,27.99
166238,Active,531280,NA,NA,S,2,1,111604.0338,59.99,2004,45,13.74,31.47
166239,Active,123833,NA,NA,S,2,1,110762.1613,252.95,1995,87,6.98,42.98
166240,Active,258471,NA,NA,D,2,1,408538.015,90,2010,37,10.12,37.95
166241,Active,1867242,NA,NA,D,0,0,2918796.923,132.95,2007,13,10.52,154.96
166242,Active,225957,NA,NA,D,1,0,2384561.055,104.95,1997,16,10.99,51.25
166243,Active,554634,NA,NA,S,2,1,482095.5525,191.95,1993,71,4,62.61
166244,Active,548352,NA,NA,S,6,1,222556.7888,248.95,1993,95,4,38.63
166245,Active,639789,NA,NA,D,1,0,506103.055,54.99,2012,52,6.03,39.14
166246,Active,637569,NA,NA,S,1,0,96863.92125,59.99,2013,38,31.49,34.97
166247,Active,629566,NA,NA,S,25,1,112879.9963,65,1995,51,22.24,39.21
166248,Active,644798,NA,NA,S,2,1,1729030.991,147.7,1997,20,6.35,45.79
166249,Active,146241,NA,NA,S,2,1,402367.4988,49.99,2009,52,6.48,43.88
166250,Active,258395,NA,NA,S,2,1,384405.7438,115,2004,71,7.95,30.99
166251,Active,827057,NA,NA,D,0,0,1121775.175,40,2000,25,4.03,44.2
166252,Active,205593,NA,NA,D,2,1,2356784.498,45,1997,41,4,6.79
166253,Active,290183,NA,NA,S,3,1,118787.8725,46,2008,58,26.27,35.99
166254,Active,830218,NA,NA,D,2,1,3162625.389,59,1996,25,4,23.84
166255,Active,205992,NA,NA,S,3,1,219003.4238,85,2006,70,38.98,64.01
166256,Active,544960,NA,NA,S,2,1,30388.1,77,2010,25,47.94,53.63
166257,Active,247725,NA,NA,D,1,0,210727.3075,53.95,2006,76,11.94,43.76
166258,Active,828427,NA,NA,D,2,1,2325948.999,47,1997,33,4,8.95
166259,Active,294363,NA,NA,D,3,1,602825.11,56,2005,22,9.98,33.99
166260,Active,2029148,NA,NA,S,2,1,314941.4425,60,2015,17,33.98,38.33
166261,Active,545010,NA,NA,D,4,1,27646.65,81,2012,97,14.82,54.46
166262,Active,199017,NA,NA,S,2,1,1068712.268,68.95,1998,45,4,5.58
166263,Active,410088,NA,NA,D,3,1,210443.515,65,2007,58,4.56,58.25
166264,Active,108223,NA,NA,D,2,1,152211.985,26.89,2002,44,4,67.24
166265,Active,107288,NA,NA,D,0,0,372316.795,10.55,1999,34,4,78.85
166266,Active,2312026,NA,NA,S,0,0,512887.4075,66.95,1975,31,13.25,71.13
166267,Active,558412,NA,NA,S,1,0,67927.7,66.95,2012,19,51.49,51.53
166268,Active,3794303,NA,NA,S,2,1,60315.7,59.99,2015,58,44.88,28.77
166269,Active,801054,NA,NA,S,3,1,250903.0175,44.95,2006,28,9.12,18.99
166270,Active,245098,NA,NA,S,1,0,108301.4,102.95,2005,27,19.32,40
166271,Active,162683,NA,NA,S,3,1,99060.725,45,2009,58,6.97,17.98
166272,Active,546455,NA,NA,S,3,1,156279.7275,72.99,2011,54,26.06,45.65
166273,Active,546753,NA,NA,S,4,1,18799.71,94.99,2013,47,46.88,47.17
166274,Active,577419,NA,NA,D,3,1,206950.2913,91.99,2006,80,5.29,20.42
166275,Active,166889,NA,NA,D,2,1,103122.3675,110,2007,88,8.91,48.5
166276,Active,2172809,NA,NA,S,4,1,64695.78,55,2015,20,41.62,36.83
166277,Active,903957,NA,NA,S,0,0,515443.09,35,2003,39,27.13,78.83
166278,Active,905272,NA,NA,S,2,1,749120.6838,30,2014,68,13.94,17.22
166279,Active,162928,NA,NA,D,6,1,117238.2725,46.54,2010,47,4,42.51
166280,Active,620329,NA,NA,D,5,1,823388.7038,43.78,2006,57,4,24.23
166281,Active,164329,NA,NA,D,4,1,1290477.944,11.92,2003,52,4,11.91
166282,Active,2661655,NA,NA,D,2,1,2093753.61,70,1997,17,4.84,53.91
166283,Active,120517,NA,NA,D,3,1,168950.865,92,1997,22,8.01,100.34
166284,Active,1589702,NA,NA,S,1,0,449672.9963,74.99,2008,36,17.59,33.63
166285,Active,196581,NA,NA,D,1,0,1269422.373,69.95,2006,20,7.63,45.11
166286,Active,531275,NA,NA,S,2,1,325493.9138,45.95,2009,25,29.9,37.58
166287,Active,212968,NA,NA,S,2,1,146480.1875,120,2003,34,39.66,79.8
166288,Active,299992,NA,NA,S,3,1,658330.2663,69.99,2011,35,15.19,50.15
166289,Active,2541180,NA,NA,D,1,0,3834439.998,69.95,2004,16,4.98,78.22
166290,Active,293471,NA,NA,D,1,0,1659148.794,75.95,2003,18,11.39,69.85
166291,Active,624954,NA,NA,S,1,0,88577.525,69.99,2009,25,34.35,36.83
166292,Active,531272,NA,NA,S,2,1,973210.3513,59.99,2011,36,17.71,42.17
166293,Active,136741,NA,NA,S,1,0,47878.85,60,2007,42,13.95,18.16
166294,Active,254466,NA,NA,S,2,1,226085.2713,49.99,2011,45,17.11,28.99
166295,Active,537866,NA,NA,D,1,0,191532.2938,210.95,1992,100,4,47.56
166296,Active,824717,NA,NA,D,1,0,643887.4988,33,1995,54,4,7.92
166297,Active,205779,NA,NA,D,2,1,532746.4638,50,2001,56,4,18.4
166298,Active,631640,NA,NA,S,3,1,217882.18,43.95,2009,24,32.38,35.45
166299,Active,592015,NA,NA,D,4,1,815406.8188,59.95,2006,53,4,18.92
166300,Active,871572,NA,NA,S,6,1,52943.3925,73,2015,29,53.96,52.91
166301,Active,544953,NA,NA,D,5,1,182283.4113,75,2010,61,9.28,18.98
166302,Active,609429,NA,NA,D,2,1,1663181.185,45,2003,64,4,8.74
166303,Active,608945,NA,NA,D,3,1,436383.7688,67,2003,42,5.48,33.44
166304,Active,139556,NA,NA,S,0,0,392128.17,299,1996,23,45.99,113.25
166305,Active,664185,NA,NA,S,2,1,182115.1388,44.95,2013,26,24.06,25.33
166306,Active,144524,NA,NA,S,2,1,349452.415,64.99,2003,55,4,42.75
166307,Active,619233,NA,NA,D,2,1,635546.7025,69,2004,40,4,18.98
166308,Active,652378,NA,NA,S,3,1,267091.1463,60,2013,40,36.53,45.36
166309,Active,145844,NA,NA,D,5,1,64119.62875,162.6,2009,34,38.97,43.59
166310,Active,607906,NA,NA,D,4,1,1461350.376,105,2004,52,4,31.34
166311,Active,607636,NA,NA,S,3,1,2544361.698,76,1997,59,4,7.87
166312,Active,665125,NA,NA,S,2,1,42999.45,39,2013,14,36.31,37.04
166313,Active,846716,NA,NA,D,3,1,2396697.306,95,1994,17,4.49,59.57
166314,Active,853301,NA,NA,D,4,1,291153.3613,90.84,2002,45,3.99,37.98
166315,Active,531270,NA,NA,D,5,1,142291.12,81.83,2007,52,19.43,64.81
166316,Active,257030,NA,NA,S,3,1,1233882.878,25.74,1997,34,4,20.32
166317,Active,761185,NA,NA,D,2,1,671718.7475,65,2005,86,4,30.92
166318,Active,861996,NA,NA,S,2,1,18310.61125,49.95,2014,29,26.2,31.01
166319,Active,620252,NA,NA,D,1,0,260586.0288,55.95,2010,108,16.93,46.39
166320,Active,613363,NA,NA,S,2,1,1485732.45,49.99,2006,75,4,7.14
166321,Active,146181,NA,NA,S,3,1,420369.755,49.99,2009,38,5.9,33.99
166322,Active,867806,NA,NA,S,2,1,59650.945,44.95,2014,42,28.93,28.32
166323,Active,278053,NA,NA,D,1,0,154166.6325,44.95,2003,98,11.43,25.99
166324,Active,1651355,NA,NA,D,0,0,1897568.358,59.95,2007,26,4.46,6.59
166325,Active,615567,NA,NA,S,0,0,448.17625,72,2013,97,15.98,17.97
166326,Active,56928,NA,NA,S,1,0,134990.8,63,2000,243,4,7.63
166327,Active,664247,NA,NA,S,0,0,7021.4275,72,2013,45,11.89,10.99
166328,Active,3805633,NA,NA,S,1,0,1495.825,39.95,2016,13,26.23,24.03
166329,Active,741114,NA,NA,S,3,1,1082242.433,64.99,2007,27,7.51,50.98
166330,Active,127051,NA,NA,S,1,0,627576.7225,28,2008,71,4.43,20.73
166331,Active,616765,NA,NA,S,1,0,412201.3525,56.95,2005,67,4.49,35.99
166332,Active,1463000,NA,NA,D,6,1,2361711.628,96,2008,31,4,42.71
166333,Active,922805,NA,NA,D,1,0,83490.62875,55.08,1991,125,4.53,26.98
166334,Active,613320,NA,NA,S,2,1,54705.34125,271.75,2001,80,7.89,75.42
166335,Active,616978,NA,NA,S,2,1,94153.67,100,2002,38,23.2,70.68
166336,Active,697576,NA,NA,D,2,1,394166.0063,51.15,1997,35,12.92,71.29
166337,Active,616427,NA,NA,D,0,0,176880.1688,43.5,1991,42,8.12,0
166338,Active,2571664,NA,NA,D,2,1,820732.5113,185,1994,20,4,13.98
166339,Active,290680,NA,NA,D,1,0,1066563.429,75,2000,21,4.64,36
166340,Active,647962,NA,NA,S,2,1,307693.965,89.95,2008,36,13.93,41.69
166341,Active,3590957,NA,NA,S,5,1,23099.9,70.95,2003,58,8.35,58.21
166342,Active,2830251,NA,NA,S,5,1,164354.6275,71.95,2003,78,4.59,14.8
166343,Active,179189,NA,NA,D,9,1,101908.3863,290.95,2009,78,4,27.99
166344,Active,60258,NA,NA,D,8,1,807644.6438,312.95,2006,89,4.13,11.39
166345,Active,58038,NA,NA,D,6,1,19293.38625,241.75,2011,99,11.39,91.95
166346,Active,58039,NA,NA,D,5,1,282446.2613,44.11,2007,125,4,27.68
166347,Active,705482,NA,NA,S,6,1,397115.515,181.25,2011,29,10.94,93.99
166348,Active,58036,NA,NA,S,4,1,1162250.096,155,2003,63,4,23.99
166349,Active,2253570,NA,NA,D,6,1,490608.89,47.07,2008,37,7.46,40.71
166350,Active,110767,NA,NA,D,6,1,224514.5575,33.99,2008,103,4.34,33.38
166351,Active,534087,NA,NA,D,5,1,1437070.79,152.5,2007,73,4,31.76
166352,Active,895176,NA,NA,S,3,1,321947.835,55,1999,20,33.98,55
166353,Active,1657115,NA,NA,D,1,0,3700988.533,95.48,2006,13,11.68,55.41
166354,Active,603313,NA,NA,S,3,1,336522.08,55,2006,27,14.1,34.02
166355,Active,120313,NA,NA,S,3,1,719481.5075,46.6,2009,28,11.17,36.38
166356,Active,117215,NA,NA,S,2,1,427984.48,88,2006,28,24.44,193.07
166357,Active,202369,NA,NA,S,5,1,221356.4888,122.95,2002,66,4,28.96
166358,Active,641662,NA,NA,D,1,0,1061943.184,40.95,2006,26,13.05,37.27
166359,Active,652649,NA,NA,S,2,1,199905.655,43.95,2011,25,31.11,31.11
166360,Active,3782629,NA,NA,D,0,0,2758673.9,61.25,1997,15,4,0
166361,Active,631841,NA,NA,S,2,1,153587.3675,80,2003,54,46.92,76.8
166362,Active,115393,NA,NA,D,3,1,2054055.62,48,2002,37,4,28.95
166363,Active,713564,NA,NA,D,2,1,5096607.331,44.33,1998,16,4,7.98
166364,Active,793853,NA,NA,S,3,1,1229347.738,120,2004,56,15.57,96.01
166365,Active,163680,NA,NA,S,6,1,297203.8725,65,2001,40,4.89,34.54
166366,Active,265144,NA,NA,D,1,0,2499048.309,75,2006,22,4,45.35
166367,Active,194195,NA,NA,S,4,1,217301.1,57,2009,24,15.49,49.29
166368,Active,828987,NA,NA,D,2,1,878843.4588,49.95,2002,47,3.99,7
166369,Active,380508,NA,NA,S,3,1,120526.5375,64.95,2011,47,14.46,34.99
166370,Active,533709,NA,NA,S,9,1,53589.34375,140,2012,58,23.07,58.48
166371,Active,52063,NA,NA,D,8,1,347510.2413,15.93,2008,69,4,21.99
166372,Active,3231754,NA,NA,D,7,1,1863266.375,85.49,2004,35,7.03,75.46
166373,Active,52064,NA,NA,D,7,1,1757771.353,38.58,2005,51,4,38.5
166374,Active,616077,NA,NA,S,0,0,128531.3388,42,1991,85,3.98,19.98
166375,Active,300376,NA,NA,S,4,1,60048.55,49.95,2011,54,23.78,37.95
166376,Active,247668,NA,NA,D,2,1,649912.2413,67,2006,35,10.88,43.9
166377,Active,910060,NA,NA,D,1,0,110334.1225,155.95,2008,25,37.61,37.99
166378,Active,499543,NA,NA,D,9,1,219138.6675,76.95,2011,42,20.94,48.99
166379,Active,143518,NA,NA,D,1,0,1214781.27,175,2011,30,8.52,21.89
166380,Active,1651505,NA,NA,S,2,1,1145617.64,54.95,2011,52,4,17.09
166381,Active,121371,NA,NA,S,2,1,182878.1413,44.6,2009,25,11.68,20.99
166382,Active,392422,NA,NA,S,5,1,493637.365,45,2005,128,4,15.97
166383,Active,655293,NA,NA,S,1,0,392969.6,81,2012,22,44.99,61.4
166384,Active,50917,NA,NA,D,8,1,18834.4275,237.6,2010,91,16.77,199.27
166385,Active,50916,NA,NA,D,6,1,979318.515,113.33,2006,29,5.33,75.75
166386,Active,50914,NA,NA,S,5,1,2636781.049,97.33,2001,55,4.8,17.91
166387,Active,50915,NA,NA,D,7,1,485529.2638,144,2006,131,4,43.34
166388,Active,2834973,NA,NA,D,0,0,1607010.026,53.95,2003,25,10.71,33.86
166389,Active,635722,NA,NA,S,2,1,104738.7875,85,2012,42,20.88,39.5
166390,Active,583829,NA,NA,S,3,1,340867.425,39.95,2001,39,7.51,28.66
166391,Active,118921,NA,NA,D,1,0,271308.7388,103,2009,46,8.13,13.72
166392,Active,577146,NA,NA,S,0,0,70970.4,53.99,1999,38,20.99,38.98
166393,Active,117227,NA,NA,S,2,1,197287.8675,71.2,2007,47,14.62,83.7
166394,Active,255751,NA,NA,S,1,0,85717.925,62.95,2005,18,38.98,48.88
166395,Active,1718594,NA,NA,S,3,1,518811.1,65,2013,22,35.89,45.9
166396,Active,878627,NA,NA,D,5,1,1131261.243,81.9,2009,48,6.17,58.85
166397,Active,545178,NA,NA,S,9,1,20301.335,197.46,2011,73,40.39,136.27
166398,Active,252604,NA,NA,D,8,1,53120.935,34.98,2008,116,7.99,33.53
166399,Active,55756,NA,NA,S,6,1,581690.61,23.99,2002,112,4,14.16
166400,Active,55757,NA,NA,D,7,1,277400.1438,18.97,2005,125,4,12.83
166401,Active,55758,NA,NA,D,8,1,307322.7563,28.97,2008,110,4.99,21.16
166402,Active,546067,NA,NA,D,6,1,55514.61625,182.69,2011,79,12.09,60.36
166403,Active,533947,NA,NA,D,5,1,91854.24375,30.58,2008,78,4,30.58
166404,Active,633182,NA,NA,S,8,1,368574.59,91.84,2011,45,12.29,61.61
166405,Active,809193,NA,NA,S,8,1,1375725.418,94.75,2011,25,22,60.64
166406,Active,248069,NA,NA,S,2,1,222449.065,65,2009,44,13.35,50.45
166407,Active,164786,NA,NA,S,2,1,508796.0513,46,1997,113,4,18.99
166408,Active,285253,NA,NA,S,5,1,173159.615,72.06,2004,26,13.94,79.29
166409,Active,108899,NA,NA,S,5,1,111621.0788,123.75,2004,56,15.65,68.47
166410,Active,116782,NA,NA,D,2,1,957732.15,59.99,2004,42,4,18.88
166411,Active,1452199,NA,NA,S,3,1,257648,49.99,2014,26,30.08,33.07
166412,Active,132221,NA,NA,D,5,1,860405.8488,116.2,2006,35,4,25.99
166413,Active,144260,NA,NA,D,4,1,1987325.709,93,2002,41,4,11.28
166414,Active,582870,NA,NA,S,2,1,1613217.046,44.95,1998,40,4,22.35
166415,Active,1543767,NA,NA,S,2,1,1087980.186,59.95,2013,14,45.85,46.54
166416,Active,107936,NA,NA,S,4,1,330938.0175,473.26,2001,24,4.35,101.17
166417,Active,577744,NA,NA,S,3,1,453402.4975,40,2007,91,14.54,24.85
166418,Active,51045,NA,NA,D,7,1,130959.365,154,2008,44,11.89,49.85
166419,Active,51043,NA,NA,D,6,1,1378276.805,132,2004,54,4,29.79
166420,Active,1555089,NA,NA,S,1,0,1313433.5,55.95,2014,12,42.54,41.35
166421,Active,873395,NA,NA,D,0,0,2096192.563,93,2004,31,4,11.99
166422,Active,617655,NA,NA,D,2,1,384848.6113,109,2008,50,4,36.99
166423,Active,1538126,NA,NA,D,1,0,3913159.679,37.5,2006,19,4.19,46.28
166424,Active,607029,NA,NA,D,19,1,2888776.228,4,2008,28,3.9,4
166425,Active,111971,NA,NA,D,21,1,1005814.915,6.28,2010,35,4,6.39
166426,Active,532856,NA,NA,S,23,1,491567.7163,43.74,2012,24,11.98,63.4
166427,Active,157270,NA,NA,S,0,0,797377.7838,50.95,2005,29,27,37.16
166428,Active,866829,NA,NA,S,3,1,19576.26625,55.8,2014,33,39.28,48.22
166429,Active,121366,NA,NA,D,2,1,217104.8088,52.8,2010,55,28.96,87.87
166430,Active,131771,NA,NA,D,1,0,475749.0825,40,2005,34,5.28,15
166431,Active,645056,NA,NA,S,7,1,172788.8775,150,2013,46,7.93,103.98
166432,Active,52206,NA,NA,D,5,1,609598.1275,154,2007,233,4,8.01
166433,Active,52204,NA,NA,S,3,1,648163.595,97.33,2002,80,4,4
166434,Active,540146,NA,NA,D,7,1,7342.48875,236.8,2013,148,6.64,54.99
166435,Active,52205,NA,NA,S,4,1,888562.9038,122.2,2005,105,4.05,5.45
166436,Active,52207,NA,NA,D,6,1,212614.97,187.2,2010,219,5.13,14.97
166437,Active,196471,NA,NA,S,2,1,706307.3775,62.95,2001,29,4,43.09
166438,Active,248239,NA,NA,D,5,1,21208.265,88,2011,56,18.85,28.98
166439,Active,247920,NA,NA,D,4,1,157632.3063,74,2007,70,4,26.82
166440,Active,576479,NA,NA,S,3,1,608398.87,53.95,2003,52,4,9.18
166441,Active,572249,NA,NA,S,1,0,20304.5,218.95,2010,39,56.46,95.83
166442,Active,660757,NA,NA,S,1,0,46120,183.5,2013,16,47.95,83.97
166443,Active,2419796,NA,NA,S,3,1,921042.9875,74,2005,30,8.35,30.99
166444,Active,131945,NA,NA,S,4,1,170733.2763,191,2005,124,4.1,19.93
166445,Active,212955,NA,NA,D,4,1,1624377.726,102.95,2002,51,4,42.89
166446,Active,289702,NA,NA,D,6,1,660524.71,80,2000,25,5.88,31.94
166447,Active,907735,NA,NA,D,5,1,8535580.45,69.95,1996,22,5.15,49.31
166448,Active,132561,NA,NA,D,7,1,178453.6413,147.4,2008,49,7.46,38.93
166449,Active,131758,NA,NA,D,6,1,724839.3125,111.6,2004,64,4,17.82
166450,Active,312190,NA,NA,D,2,1,377647.7038,97.95,2005,57,4.35,38.99
166451,Active,592057,NA,NA,S,2,1,1193875.87,57,2009,30,15.62,32.77
166452,Active,533546,NA,NA,D,11,1,39075.12875,273.95,2011,92,23.99,64.87
166453,Active,53865,NA,NA,S,8,1,740249.24,119.95,2002,51,4.34,6.24
166454,Active,53866,NA,NA,D,9,1,370242.89,165.95,2005,67,4.58,38.4
166455,Active,53864,NA,NA,D,10,1,150824.9425,289.95,2008,74,10.14,34.98
166456,Active,2272729,NA,NA,S,11,1,968611.25,198.55,1900,23,42.75,102.84
166457,Active,53626,NA,NA,S,2,1,1423462.85,101,2000,79,4,14.99
166458,Active,53628,NA,NA,D,4,1,70633.69,142.6,2006,231,4,15.24
166459,Active,194052,NA,NA,S,1,0,247420.4725,58,2006,29,32.18,44.99
166460,Active,2851299,NA,NA,D,2,1,4247009.139,216,2005,13,53.98,84.94
166461,Active,50206,NA,NA,D,8,1,426894.655,119.95,2006,142,4.09,18.99
166462,Active,486259,NA,NA,S,9,1,822545.9975,87.07,2010,30,13.71,79.61
166463,Active,50205,NA,NA,D,9,1,65176.79125,133.95,2010,159,6.48,23.75
166464,Active,50204,NA,NA,S,7,1,1110937.969,109.95,2003,88,3.99,16.96
166465,Active,641469,NA,NA,D,3,1,203957.26,76.95,2010,21,6.94,25
166466,Active,634877,NA,NA,S,7,1,196023.55,0,2011,50,4.99,0
166467,Active,900456,NA,NA,S,9,1,53037.425,10.75,2013,19,7.86,16.16
166468,Active,628688,NA,NA,S,8,1,572095.71,216.07,2010,44,4,0
166469,Active,288295,NA,NA,S,6,1,797374.1388,9.05,2007,65,4,40.85
166470,Active,278228,NA,NA,D,4,1,410284.3813,49.95,2002,45,4,4.23
166471,Active,144531,NA,NA,S,6,1,1967217.96,140,2003,70,4.76,21.36
166472,Active,537854,NA,NA,D,8,1,122957.5538,233.4,2011,88,5.99,58.6
166473,Active,603203,NA,NA,S,0,0,73983.45,68.99,2012,61,5.49,58.99
166474,Active,552904,NA,NA,D,1,0,1592192.591,181.33,2006,63,4,27.17
166475,Active,146293,NA,NA,D,2,1,166930.7525,233.4,2010,101,6.27,11.79
166476,Active,741324,NA,NA,D,1,0,1947520.366,170.67,2007,32,4.48,41.21
166477,Active,145157,NA,NA,D,7,1,556419.2625,181.33,2007,65,6.31,62.51
166478,Active,617152,NA,NA,D,2,1,513318.3588,212.33,2009,56,8.42,70.85
166479,Active,3231757,NA,NA,S,5,1,2021150.58,35.45,2005,44,6.53,23.44
166480,Active,915416,NA,NA,S,6,1,1208943.348,111.65,2010,41,5.59,33.99
166481,Active,55018,NA,NA,D,6,1,155171.605,160.95,2009,50,4,53.11
166482,Active,55017,NA,NA,D,5,1,401908.1988,103.95,2006,51,4,9.32
166483,Active,533451,NA,NA,D,7,1,32690.44875,145.95,2012,70,13.98,65.48
166484,Active,765288,NA,NA,S,4,1,3204599.42,129.95,2001,58,4,10.55
166485,Active,451803,NA,NA,D,8,1,414742.64,78.96,2009,43,8.98,72.27
166486,Active,649507,NA,NA,D,1,0,214835.8938,180.75,2013,39,37.95,62.98
166487,Active,348729,NA,NA,D,7,1,402801.2188,18.97,2006,51,3.95,21.99
166488,Active,531245,NA,NA,D,5,1,154723.6263,19.8,2005,63,4,17.98
166489,Active,638621,NA,NA,S,2,1,747107.8575,138.95,2003,31,6.08,53.31
166490,Active,545016,NA,NA,S,4,1,82270.41,111,2012,35,44.32,59.47
166491,Active,641719,NA,NA,D,5,1,1399679.274,90,2005,31,4.09,21.03
166492,Active,623494,NA,NA,S,6,1,572134.2525,105,2010,50,5.99,84.35
166493,Active,2678969,NA,NA,D,2,1,5432402.48,155,1992,19,3.99,76.49
166494,Active,121201,NA,NA,D,5,1,40052.83125,138.6,2010,79,11.58,16.44
166495,Active,118826,NA,NA,D,4,1,652958.9025,104,2006,64,4,9.99
166496,Active,252050,NA,NA,S,4,1,1811426.338,207.95,2010,18,6.99,41.94
166497,Active,544364,NA,NA,D,5,1,106030.9313,195.95,2013,56,53.87,86.53
166498,Active,243866,NA,NA,D,4,1,468825.3763,207.95,2010,79,5.93,57.75
166499,Active,591367,NA,NA,D,3,1,733229.1563,139.95,2006,58,4,11.99
166500,Active,134873,NA,NA,S,9,1,1063746.525,49.5,2011,29,4.36,39.35
166501,Active,658723,NA,NA,D,0,0,3383370.863,77.95,2007,15,9.9,13.99
166502,Active,126732,NA,NA,D,0,0,1073756.094,55.95,2007,42,4,31.88
166503,Active,592120,NA,NA,S,1,0,49030.17125,95,2012,55,6.56,0
166504,Active,607708,NA,NA,D,9,1,2011459.658,100.2,2004,23,3,33.92
166505,Active,622316,NA,NA,D,8,1,4215902.191,31.5,2001,25,4,37.99
166506,Active,55297,NA,NA,D,9,1,447645.1,99.27,2010,83,4.8,52.61
166507,Active,53269,NA,NA,D,7,1,1330402.176,82.8,2005,29,4.65,41.06
166508,Active,576749,NA,NA,S,2,1,371792.08,131.95,2011,40,12.65,46.04
166509,Active,58375,NA,NA,D,9,1,1401469.706,105.6,2006,65,4,18.43
166510,Active,58376,NA,NA,D,10,1,91447.27125,126.6,2009,84,8.26,46.89
166511,Active,53270,NA,NA,S,8,1,138477.6975,111.95,2015,37,29.69,58.12
166512,Active,261571,NA,NA,D,6,1,1431379.314,0,2002,32,4,0
166513,Active,252570,NA,NA,S,7,1,396981.3888,100,2007,38,18.99,0
166514,Active,55296,NA,NA,D,8,1,892972.765,102.6,2007,51,4,23.99
166515,Active,55295,NA,NA,S,7,1,2164859.446,95,2004,39,4,17.99
166516,Active,621571,NA,NA,S,2,1,1248690.796,46.59,1986,36,4,54.55
166517,Active,478863,NA,NA,D,8,1,513987.53,399,2008,26,11.93,33.98
166518,Active,531242,NA,NA,D,3,1,631459.4175,39.95,2010,31,19.98,24.86
166519,Active,1829996,NA,NA,S,4,1,34180.47875,44.95,2014,20,30.39,32.34
166520,Active,531239,NA,NA,S,2,1,179461.84,39.95,2008,42,21.95,26.43
166521,Active,1771525,NA,NA,D,3,1,669429.0275,44.95,2010,25,4.97,28.95
166522,Active,1749351,NA,NA,D,2,1,1593039.784,44.95,2008,18,13.2,27.93
166523,Active,756071,NA,NA,S,0,0,368181.8513,6.54,2010,105,4,4.98
166524,Active,367147,NA,NA,D,1,0,2168709.664,73.99,2007,28,4,12.99
166525,Active,545694,NA,NA,S,2,1,261018.08,80.99,2012,34,23.64,41.31
166526,Active,206087,NA,NA,D,0,0,482681.39,45,2005,34,4.77,11.14
166527,Active,163161,NA,NA,S,3,1,26967.0425,57,2011,54,30.99,37.5
166528,Active,3612445,NA,NA,D,1,0,3105031.85,37,1991,48,4,9.02
166529,Active,631702,NA,NA,S,2,1,239884.935,50,2008,37,13.49,0
166530,Active,199158,NA,NA,S,3,1,446739.955,59,2004,39,25.3,51.51
166531,Active,546060,NA,NA,S,2,1,265007.3463,36,2013,29,15.14,27.65
166532,Active,60264,NA,NA,S,6,1,1959375.356,114,2003,40,4,7.87
166533,Active,287573,NA,NA,D,7,1,614100.8325,132,2007,50,4,13.98
166534,Active,121274,NA,NA,D,8,1,62156.64375,181.8,2011,69,11.99,62.39
166535,Active,2551448,NA,NA,D,1,0,2646316.334,149,2003,14,10.52,68.99
166536,Active,192807,NA,NA,D,1,0,2024913.878,215,2002,21,5.2,63.48
166537,Active,166634,NA,NA,D,1,0,525850.0038,130,2008,44,15.4,53.99
166538,Active,3104040,NA,NA,D,3,1,2979480.219,350,2005,13,81.59,79.22
166539,Active,139562,NA,NA,D,2,1,1809592.723,39.95,1996,34,4,15.52
166540,Active,139743,NA,NA,S,3,1,170089.68,129,2004,53,25.05,70.44
166541,Active,1982597,NA,NA,S,2,1,294058.4538,67,2014,29,44.07,55.08
166542,Active,202817,NA,NA,S,2,1,233436.4375,222.95,1999,69,5.79,44.99
166543,Active,233737,NA,NA,D,4,1,93839.21625,142,2000,123,4,66.49
166544,Active,543533,NA,NA,S,5,1,63.41375,155,2013,108,23.62,32.94
166545,Active,543532,NA,NA,S,5,1,1804.22625,205,2013,61,23.99,32.98
166546,Active,534358,NA,NA,S,3,1,417506.6413,32.95,1987,148,4,35
166547,Active,626198,NA,NA,D,1,0,1027285.31,229,2007,35,8.39,64.74
166548,Active,645187,NA,NA,D,3,1,909856.0988,151.95,2008,30,12.73,238.51
166549,Active,889619,NA,NA,D,2,1,2445222.763,320,2002,13,87.99,253.81
166550,Active,774435,NA,NA,D,1,0,2895108.403,335,2005,22,6.15,73.29
166551,Active,159526,NA,NA,D,3,1,1903559.141,499.95,2007,11,11.41,73.85
166552,Active,192530,NA,NA,D,1,0,498568.8638,279,2004,23,23.54,155.95
166553,Active,547140,NA,NA,D,2,1,331983.5138,339,2009,32,10.99,119.97
166554,Active,298367,NA,NA,D,1,0,1785694.915,319,2005,23,21.98,99.98
166555,Active,859837,NA,NA,D,2,1,155294.4125,339,2009,43,15.14,88.88
166556,Active,634293,NA,NA,D,1,0,1667132.861,279,2001,32,7.39,50.22
166557,Active,3782716,NA,NA,D,3,1,4679602,79,1996,28,6.62,33.52
166558,Active,618664,NA,NA,D,2,1,763950.9288,149.5,1997,30,6.48,15.99
166559,Active,648932,NA,NA,D,0,0,1123365.479,299,2011,23,88.99,0
166560,Active,789685,NA,NA,D,1,0,2630915.511,216,2009,16,41.34,50.94
166561,Active,646355,NA,NA,D,0,0,1313794.514,299,2010,18,123.34,0
166562,Active,649067,NA,NA,D,0,0,1161642.265,299,2009,20,112.24,0
166563,Active,640016,NA,NA,D,0,0,700304.4175,329,2011,17,190.09,0
166564,Active,643922,NA,NA,D,0,0,421901.9463,299,2010,20,133.94,0
166565,Active,2678491,NA,NA,D,2,1,3444780.766,89,1987,15,15.98,63.63
166566,Active,192851,NA,NA,D,4,1,3564395.596,149,2004,13,54.98,78.86
166567,Active,635134,NA,NA,D,5,1,364833.6813,489.99,2009,35,39.38,79.17
166568,Active,873168,NA,NA,D,6,1,917827.5425,39.96,2006,39,5.93,34.87
166569,Active,873271,NA,NA,D,6,1,1940102.211,42.55,2007,59,7.65,35.98
166570,Active,118161,NA,NA,D,6,1,518011.6613,84.2,2007,32,4.47,23.99
166571,Active,531229,NA,NA,S,2,1,361685.1238,50.99,2008,35,8.21,9.8
166572,Active,909461,NA,NA,D,3,1,1160937.063,91.31,2004,19,11.05,40.98
166573,Active,298876,NA,NA,D,8,1,215471.8725,102,2010,37,13.74,36.95
166574,Active,616762,NA,NA,D,7,1,923259.1275,84.95,2005,44,4.58,15.94
166575,Active,2363402,NA,NA,D,1,0,2582724.944,130,2004,19,25.49,73.97
166576,Active,213036,NA,NA,S,2,1,164658.3613,45.95,2007,26,29.51,39.33
166577,Active,877117,NA,NA,S,4,1,3185223.511,56.6,2003,123,3.76,4.24
166578,Active,55293,NA,NA,D,7,1,81561.08,103.4,2010,81,4.4,39.67
166579,Active,55292,NA,NA,D,6,1,1067211.42,83.6,2008,97,4,8.7
166580,Active,1866870,NA,NA,S,0,0,8607.52375,56,2014,38,19.54,33.14
166581,Active,1866646,NA,NA,S,0,0,179808.3575,70,2011,24,24.76,65.19
166582,Active,756125,NA,NA,D,9,1,1563233.084,154.95,2011,21,4,44.27
166583,Active,56440,NA,NA,D,8,1,883755.6375,7.92,2008,98,4.13,9.33
166584,Active,1908352,NA,NA,S,6,1,49536.965,14.99,2014,29,7.05,10.14
166585,Active,2337106,NA,NA,S,2,1,661073.43,69.95,1993,46,4,26.49
166586,Active,297487,NA,NA,S,6,1,78295.5175,36.95,2011,18,35.12,36.95
166587,Active,898600,NA,NA,S,9,1,35474.14875,14.99,2014,49,7.94,10.01
166588,Active,2840945,NA,NA,S,3,1,3828712.833,99,1995,23,4,76.27
166589,Active,545422,NA,NA,S,5,1,804464.93,59.99,2011,22,45.59,46.87
166590,Active,903930,NA,NA,S,0,0,902278.06,53.84,2010,22,6.76,52.49
166591,Active,3595804,NA,NA,D,1,0,247090.8,60,1992,63,12.89,38.97
166592,Active,664241,NA,NA,S,2,1,86383.745,60,2013,18,41.97,0
166593,Active,582263,NA,NA,S,4,1,439386.5,65,2010,44,29.11,44.08
166594,Active,2665767,NA,NA,S,3,1,627255.49,75,1990,31,19.98,199.94
166595,Active,833248,NA,NA,D,0,0,1028888.759,109,1991,48,27.21,69.57
166596,Active,2786816,NA,NA,D,1,0,2293037.003,60,1991,29,4.58,46.96
166597,Active,223398,NA,NA,S,0,0,45810.125,60,2008,17,38.43,38.49
166598,Active,157368,NA,NA,S,2,1,702852.0438,86.95,2005,28,28.61,59.64
166599,Active,2696518,NA,NA,S,3,1,682588.0213,50.95,1991,49,10.53,21.75
166600,Active,531210,NA,NA,S,4,1,2151957.374,135,1999,20,6.97,95.72
166601,Active,869145,NA,NA,D,7,1,621145.2863,24,2006,18,21.87,31.94
166602,Active,266980,NA,NA,D,7,1,82021.5575,86,2007,30,24.47,53.94
166603,Active,178118,NA,NA,D,8,1,368132.1438,74.95,2006,28,4,20.66
166604,Active,56433,NA,NA,S,9,1,200294.0613,75.95,2008,19,15.59,40.99
166605,Active,1597972,NA,NA,S,10,1,7729.9,57.95,2010,12,43.99,36.64
166606,Active,891857,NA,NA,D,3,1,8226013.041,75,2007,11,6.18,54.13
166607,Active,658347,NA,NA,S,1,0,43360.65,95,2011,22,52.17,60.88
166608,Active,917654,NA,NA,D,1,0,2681982.593,65,1996,33,4,13.99
166609,Active,907129,NA,NA,D,2,1,1784969.356,92.95,1998,31,4,16.98
166610,Active,3512466,NA,NA,D,2,1,2512242.35,69.95,1986,18,13.99,69.91
166611,Active,371004,NA,NA,D,2,1,1469265.741,99.95,2000,29,19.93,73.45
166612,Active,200074,NA,NA,D,3,1,1042096.458,140.95,2005,28,33.13,103.97
166613,Active,1718346,NA,NA,S,1,0,30192.225,65,2014,29,42.5,45.9
166614,Active,881705,NA,NA,S,4,1,474479.4738,47.95,2014,16,49.32,50.32
166615,Active,2679738,NA,NA,S,2,1,2239277.58,52,1994,30,4,24.98
166616,Active,192791,NA,NA,D,3,1,340468.8763,65.95,2000,47,4,25.91
166617,Active,608924,NA,NA,D,4,1,93259.88,84.95,2006,36,18.98,28.99
166618,Active,203528,NA,NA,D,3,1,1821466.105,69.95,2002,29,4,45.51
166619,Active,203911,NA,NA,D,4,1,942805.4963,72,2007,29,5.43,12.98
166620,Active,254566,NA,NA,S,5,1,302018.515,80.99,2011,48,42.38,55.64
166621,Active,192779,NA,NA,D,4,1,1042518.668,38.95,2000,50,4,13.43
166622,Active,615718,NA,NA,D,3,1,1380279.205,39,1996,38,3.98,9
166623,Active,634970,NA,NA,S,6,1,13175.485,54.95,2011,38,37.16,43.98
166624,Active,622451,NA,NA,S,2,1,1230347.066,314.99,2006,25,28.52,32.66
166625,Active,2372735,NA,NA,D,0,0,1657830.945,22.67,2001,13,4.36,0
166626,Active,55290,NA,NA,S,5,1,775026.11,150.95,2000,51,4.31,32.99
166627,Active,116573,NA,NA,S,2,1,75787.44625,202.2,2005,75,50.26,119.98
166628,Active,165574,NA,NA,S,2,1,658278.2963,268.25,2004,40,8.98,58.29
166629,Active,114887,NA,NA,D,3,1,582034.145,144.2,2003,67,4.58,34.99
166630,Active,116992,NA,NA,D,4,1,40158.92625,205,2007,74,8.44,49.7
166631,Active,712156,NA,NA,D,0,0,3592698.026,105,2001,15,20.02,84.88
166632,Active,114539,NA,NA,D,3,1,47768.74375,196.2,2007,51,25.83,83.98
166633,Active,60268,NA,NA,D,2,1,161426.4863,133.33,2004,41,7.91,47.99
166634,Active,874654,NA,NA,D,1,0,596538.545,112,2000,31,4.88,40.98
166635,Active,115136,NA,NA,D,1,0,450109.7675,124.8,2001,40,4.13,46.01
166636,Active,1750398,NA,NA,S,0,0,65496.9,87.5,2014,6,58.71,57.14
166637,Active,60269,NA,NA,S,2,1,318723.5088,112.8,1999,36,5.09,29.28
166638,Active,896076,NA,NA,D,1,0,1503643.539,83.95,2003,15,16.83,69.21
166639,Active,620425,NA,NA,S,4,1,91267.92625,74.95,1992,35,37.66,61.29
166640,Active,162818,NA,NA,D,2,1,145900.3538,68.35,2010,108,4.68,22.76
166641,Active,120542,NA,NA,D,4,1,263594.5238,196.2,2007,79,5.23,67.79
166642,Active,55289,NA,NA,D,7,1,248155.7225,395.95,2008,52,12.99,123.49
166643,Active,794823,NA,NA,D,0,0,4562049.489,0,2009,11,4.49,0
166644,Active,120523,NA,NA,D,1,0,790863.4288,111,2001,32,4.12,23.04
166645,Active,627748,NA,NA,S,3,1,207696.6163,101.5,1992,23,10.39,69.88
166646,Active,533982,NA,NA,D,3,1,116510.3663,316.95,2005,60,8.4,88.01
166647,Active,55291,NA,NA,D,6,1,1057098.881,284.95,2004,44,5.37,29.99
166648,Active,531201,NA,NA,S,3,1,107433.66,99.95,2012,41,25.97,47.8
166649,Active,152668,NA,NA,S,3,1,411609.2075,95,2006,96,46.88,67.86
166650,Active,113028,NA,NA,D,2,1,190469.025,115,2003,30,24.16,53.99
166651,Active,449263,NA,NA,D,1,0,666726.4913,17.72,2006,77,3.99,17
166652,Active,60267,NA,NA,D,2,1,237916.9475,165.95,2002,46,4,62.47
166653,Active,565780,NA,NA,S,1,0,1502517.431,2.16,2007,39,3.99,17.98
166654,Active,162819,NA,NA,S,2,1,651007.5438,72.25,2011,40,4.99,48.99
166655,Active,2342579,NA,NA,D,0,0,282680.3525,78.98,1972,30,15.83,107.83
166656,Active,117684,NA,NA,S,2,1,53807.18,211.2,2005,45,63.99,137.49
166657,Active,714273,NA,NA,D,1,0,760449.7725,112,2002,22,4.98,37.46
166658,Active,176698,NA,NA,S,2,1,908995.635,227.95,1998,42,4.3,68.12
166659,Active,531200,NA,NA,S,3,1,459728.1513,79.25,2009,23,15,36.99
166660,Active,544023,NA,NA,S,3,1,104218.1375,58.5,2012,45,27.99,33.98
166661,Active,624566,NA,NA,S,3,1,540712.2238,74.95,1995,38,43.99,59.76
166662,Active,897767,NA,NA,D,2,1,2017961.675,111,2003,14,20.19,73.19
166663,Active,904797,NA,NA,D,1,0,3691190.976,100,1996,18,6.29,69.12
166664,Active,1592200,NA,NA,D,1,0,3079920.25,190,2006,21,32.14,94.21
166665,Active,260318,NA,NA,D,0,0,961570.1013,59.95,2010,17,20.42,0
166666,Active,545868,NA,NA,S,3,1,19014.625,32.95,2012,43,23.39,27.5
166667,Active,248066,NA,NA,S,2,1,140845.0438,34.95,2009,45,17.54,23.48
166668,Active,647134,NA,NA,S,3,1,79666.4775,38.95,2012,78,12.19,28.47
166669,Active,131501,NA,NA,S,1,0,336613.8713,166.6,2004,81,4,14.53
166670,Active,210974,NA,NA,D,1,0,430109.71,66.95,2009,45,5.4,0
166671,Active,531196,NA,NA,S,2,1,58832.07,74.95,2011,80,48.11,53.99
166672,Active,210926,NA,NA,D,0,0,293288.33,57.95,2005,46,7.77,18.28
166673,Active,301296,NA,NA,S,0,0,59236.25,56.95,2005,17,27.49,24.62
166674,Active,2342334,NA,NA,D,0,0,4972152.374,0,1963,10,6.38,0
166675,Active,101051,NA,NA,S,4,1,495672.6888,32.95,1995,81,4,11.15
166676,Active,536700,NA,NA,S,0,0,1421710.079,45,2009,24,6.53,37.22
166677,Active,3463961,NA,NA,D,4,1,3795153.25,89.33,1993,24,5.27,67.21
166678,Active,116494,NA,NA,D,7,1,360667.6125,185,2006,37,6.34,55.79
166679,Active,1886552,NA,NA,D,1,0,802813.0025,39.99,2014,59,22.07,29.22
166680,Active,1489068,NA,NA,S,1,0,22730.2,58.95,2014,10,54.14,46.97
166681,Active,640334,NA,NA,S,2,1,942205.9488,54.95,2010,36,18.94,30.99
166682,Active,727991,NA,NA,D,1,0,1227735.144,64.95,1998,24,3.99,43.21
166683,Active,549777,NA,NA,D,4,1,1137789.898,57.97,2000,34,8.62,61.17
166684,Active,698435,NA,NA,D,4,1,2376566.904,26.67,2000,20,5.51,98.68
166685,Active,552016,NA,NA,S,2,1,76648.795,130,2001,47,33.46,86.19
166686,Active,914507,NA,NA,D,1,0,2568943.98,56.95,2001,29,4,19.93
166687,Active,915036,NA,NA,D,2,1,1942681.276,64.95,2006,42,4,33.53
166688,Active,547844,NA,NA,S,3,1,808746.1475,233.49,1992,21,23.14,120.05
166689,Active,113158,NA,NA,D,1,0,747567.3663,105,2009,18,4.78,14.75
166690,Active,2424111,NA,NA,D,2,1,2106785.946,64.95,1980,35,4.09,64.57
166691,Active,553311,NA,NA,D,3,1,429036.23,214.2,1994,39,9.98,93.63
166692,Active,2318929,NA,NA,D,2,1,7353445.999,240.6,1980,26,4,43.99
166693,Active,115940,NA,NA,D,1,0,964428.245,87.4,2005,42,4,17.64
166694,Active,121154,NA,NA,D,2,1,61742.1475,109.8,2010,65,5.7,33.94
166695,Active,748956,NA,NA,D,1,0,876132.5638,94.99,2006,35,10.75,58.27
166696,Active,113085,NA,NA,D,1,0,390363.0138,94.95,2007,33,11.96,54.51
166697,Active,539025,NA,NA,S,2,1,14780.0125,89.95,2012,64,32.94,44.65
166698,Active,760414,NA,NA,D,0,0,1609496.225,172.16,2005,18,21.72,123.31
166699,Active,552043,NA,NA,D,3,1,1093705.424,105,2000,82,4,27.33
166700,Active,60271,NA,NA,D,3,1,717325.4588,120,2001,58,4,22.94
166701,Active,533963,NA,NA,D,4,1,120101.75,190,2006,45,8.06,48.7
166702,Active,551511,NA,NA,D,0,0,518716.895,105,2007,25,28.41,72.3
166703,Active,1658191,NA,NA,S,2,1,732773.6325,69.2,2009,14,45.99,65.75
166704,Active,647183,NA,NA,D,3,1,252971.905,110,2012,37,14.52,21.98
166705,Active,616520,NA,NA,D,1,0,1096622.948,92.5,2007,50,3.92,6.99
166706,Active,630063,NA,NA,D,2,1,1402067.026,96,2010,37,4,7.34
166707,Active,876679,NA,NA,D,5,1,3380896.03,206.25,2010,20,4.87,48.94
166708,Active,607416,NA,NA,D,8,1,172056.93,206.2,2007,41,20.94,43.97
166709,Active,2248083,NA,NA,D,7,1,4641110,0,2008,43,15.93,117.9
166710,Active,121492,NA,NA,S,5,1,3936853.993,105,1998,29,4.58,11.99
166711,Active,908776,NA,NA,S,3,1,5680318.1,130.95,1993,14,4,22.68
166712,Active,115942,NA,NA,D,7,1,647958.6425,139.4,2004,32,6.13,22.81
166713,Active,867543,NA,NA,S,5,1,31028.68125,49.99,2014,21,21.83,27.78
166714,Active,713623,NA,NA,S,7,1,1335103.541,110,1999,50,4.21,16.24
166715,Active,614943,NA,NA,D,10,1,49144.99625,226.6,2008,88,11.28,39.94
166716,Active,620011,NA,NA,D,9,1,387465.6275,213.4,2005,40,7.53,72.79
166717,Active,632582,NA,NA,S,2,1,683914.815,102.95,2009,57,5.98,45.04
166718,Active,623425,NA,NA,D,1,0,195147.87,89.95,2008,67,35.64,67.99
166719,Active,523868,NA,NA,D,1,0,2666753.011,119,2008,15,70.99,140.09
166720,Active,115271,NA,NA,S,2,1,82632.16625,246.4,2003,83,45.22,75.99
166721,Active,117421,NA,NA,D,1,0,370476.2213,115,1995,45,4,43.38
166722,Active,615422,NA,NA,D,2,1,301974.1113,65,2006,84,4,16.98
166723,Active,657936,NA,NA,S,3,1,179836.9288,59.99,2013,26,22.56,42.7
166724,Active,137519,NA,NA,D,3,1,2979993.883,158,2006,36,4,37.72
166725,Active,137541,NA,NA,D,4,1,1048726.87,130.2,2009,67,4,37.3
166726,Active,246706,NA,NA,D,1,0,1272048.589,55.95,2010,28,4.4,33.98
166727,Active,543977,NA,NA,S,2,1,120788.2388,78.95,2012,32,31.64,37.36
166728,Active,616548,NA,NA,D,1,0,269895.9925,115.4,2008,39,4,47.16
166729,Active,616363,NA,NA,D,2,1,135713.9188,133.2,2012,75,4.21,104.35
166730,Active,859841,NA,NA,S,3,1,611575.9888,60.95,2009,39,6.07,39.99
166731,Active,1719631,NA,NA,S,4,1,298397.5275,45,2009,13,39.99,44.98
166732,Active,663764,NA,NA,S,1,0,518085.82,39.99,2013,54,18.7,21.99
166733,Active,618964,NA,NA,S,1,0,45436.875,51.95,2009,28,23.94,29.6
166734,Active,531182,NA,NA,S,4,1,996956.3425,39.99,2008,74,4,12.98
166735,Active,540900,NA,NA,S,2,1,15019.19875,24.99,2013,88,10.54,16.7
166736,Active,531181,NA,NA,S,7,1,288690.3063,24.99,2012,53,5.74,12.97
166737,Active,51508,NA,NA,S,10,1,36855.36375,183.6,2011,96,13.94,58.97
166738,Active,61023,NA,NA,S,8,1,3303228.028,108,2007,47,4,14.47
166739,Active,286063,NA,NA,S,7,1,2233331.548,109.33,2005,39,4,10.99
166740,Active,51509,NA,NA,D,8,1,927572.5175,151.2,2007,95,4,7.54
166741,Active,107930,NA,NA,S,1,0,839597.8288,106.03,2002,35,20.05,155.54
166742,Active,627436,NA,NA,S,1,0,95358.95,56.95,2010,16,32.56,30.99
166743,Active,639149,NA,NA,S,2,1,339670.005,39.95,2010,25,23.66,26.58
166744,Active,2427661,NA,NA,D,0,0,505276.2975,105,1993,36,4,25.46
166745,Active,166641,NA,NA,D,0,0,899514.6688,132.95,2004,24,8.04,43.94
166746,Active,129928,NA,NA,S,2,1,773508.96,202.8,2001,29,6.39,53.41
166747,Active,422676,NA,NA,D,3,1,361570.1325,125,1995,33,6.39,29.69
166748,Active,633894,NA,NA,D,2,1,3180690.328,76,1992,27,5.54,50.35
166749,Active,629054,NA,NA,S,1,0,621058.5,227.4,1975,57,4,52.99
166750,Active,1594694,NA,NA,S,2,1,1304917.493,110,2010,28,20.62,80.97
166751,Active,2851612,NA,NA,D,1,0,2767282.945,85.95,2005,14,7.24,74.1
166752,Active,531179,NA,NA,S,2,1,1953457.291,109.95,2010,14,21.94,44.49
166753,Active,225727,NA,NA,D,2,1,2805362.569,109.95,2002,23,4,43.91
166754,Active,754679,NA,NA,S,1,0,610311.195,39.99,2010,36,5.66,18.45
166755,Active,644559,NA,NA,S,4,1,91458.4625,43.95,2012,28,37.29,38.43
166756,Active,247781,NA,NA,D,0,0,832105.4838,36.95,2007,58,4,13.98
166757,Active,545871,NA,NA,S,2,1,189035.6175,41.95,2013,31,22.47,31.25
166758,Active,531176,NA,NA,D,11,1,47011.77375,195,2010,43,34.19,83.74
166759,Active,286537,NA,NA,D,7,1,664223.3,44,1999,24,4,67.67
166760,Active,552020,NA,NA,S,8,1,2492088.113,110,2000,44,4,16.89
166761,Active,3530614,NA,NA,D,1,0,3946443.25,285.95,1998,31,4,9.99
166762,Active,764108,NA,NA,S,2,1,155739.0363,198.95,2007,27,82.41,0
166763,Active,421720,NA,NA,D,10,1,396984.755,163.6,2006,44,14.43,27.49
166764,Active,3132626,NA,NA,D,2,1,413035.0238,109,2004,21,49.62,77.69
166765,Active,2573119,NA,NA,S,2,1,2422333.299,89.95,1991,48,4,22.6
166766,Active,758935,NA,NA,S,3,1,1009011.133,182,2000,41,4.24,51.06
166767,Active,858748,NA,NA,S,2,1,431258.83,99,2000,29,16.01,48.99
166768,Active,642255,NA,NA,S,2,1,234051.55,40,2012,46,17.2,23.85
166769,Active,632084,NA,NA,S,2,1,595905.1375,79.95,2012,20,35.94,42.09
166770,Active,911894,NA,NA,D,1,0,1329525.838,92.95,2002,35,4.36,20.98
166771,Active,3818544,NA,NA,D,1,0,1419601.95,69.95,2010,25,11.71,49.47
166772,Active,766978,NA,NA,S,3,1,883671.675,113.95,2011,37,5.26,45.75
166773,Active,722521,NA,NA,S,1,0,734262.2163,74,2009,88,3.98,7.34
166774,Active,609509,NA,NA,D,5,1,477287.1925,254.95,2006,41,3.83,23.84
166775,Active,298328,NA,NA,D,5,1,719641.9638,174.95,2005,27,4.32,22.97
166776,Active,251944,NA,NA,S,6,1,103769.0988,282.95,2008,84,14.74,53.99
166777,Active,2253758,NA,NA,D,3,1,1313797.369,47.99,2006,45,5.58,41.96
166778,Active,55588,NA,NA,D,2,1,1107203.741,118.95,2001,47,3.99,24.51
166779,Active,54872,NA,NA,D,3,1,553845.5238,182.95,2005,116,4,18.32
166780,Active,54873,NA,NA,S,4,1,23217.96,186.95,2009,133,21.84,104.44
166781,Active,254282,NA,NA,S,7,1,892429.7538,83.95,2010,30,10.49,73.98
166782,Active,248219,NA,NA,D,4,1,39732.80375,88,2010,141,4.38,33.99
166783,Active,247823,NA,NA,D,3,1,487963.4375,70.95,2007,93,4,22.21
166784,Active,55374,NA,NA,D,4,1,26792.265,88,2010,113,6.25,28.49
166785,Active,55373,NA,NA,D,3,1,728243.295,70.95,2007,73,4.03,23.98
166786,Active,531174,NA,NA,D,3,1,432253.8813,64.95,2009,53,5.41,47.4
166787,Active,867252,NA,NA,S,4,1,169356.72,65.95,2014,28,31.99,45.47
166788,Active,635724,NA,NA,S,1,0,72080.875,124.25,2012,23,59.94,90
166789,Active,131822,NA,NA,D,6,1,267937.1725,88,2004,37,4,42.53
166790,Active,202309,NA,NA,D,3,1,674860.6825,252.95,2002,51,4,38.4
166791,Active,874016,NA,NA,D,2,1,2794071.894,119.95,1997,22,4,33.98
166792,Active,2090848,NA,NA,S,0,0,42667.225,50,2015,11,34.75,37.57
166793,Active,2671106,NA,NA,S,2,1,3223080.481,91.5,1996,20,4.39,47.51
166794,Active,550022,NA,NA,D,5,1,69810.33,126.87,2005,55,15.54,100.66
166795,Active,542124,NA,NA,S,2,1,60186.79625,89.99,2012,71,17.23,51.14
166796,Active,606857,NA,NA,S,4,1,2196891.324,92.5,2003,23,9.17,72.49
166797,Active,3468293,NA,NA,D,3,1,2575989.5,92.5,1999,34,4,49.69
166798,Active,2076954,NA,NA,S,20,1,24414,30,2011,26,11.75,19.05
166799,Active,163832,NA,NA,D,1,0,2084003.428,192.99,1995,22,6.29,80.14
166800,Active,1724424,NA,NA,S,0,0,52898.275,125,2011,26,53.3,69.21
166801,Active,246051,NA,NA,D,3,1,521797.6663,37,2005,40,4,10.74
166802,Active,889873,NA,NA,S,3,1,8086388.864,140,2005,14,40.99,53.49
166803,Active,667431,NA,NA,D,4,1,462018.7988,43,2010,56,6.37,28.28
166804,Active,612850,NA,NA,S,0,0,688100.0425,6.87,2009,287,4,4
166805,Active,634488,NA,NA,S,6,1,634450.2325,246.95,1999,18,7.97,72.67
166806,Active,660472,NA,NA,D,7,1,646212.0463,232.95,2006,24,10.16,70.99
166807,Active,115826,NA,NA,D,4,1,222688.9275,111.33,2003,59,4.44,13.79
166808,Active,60274,NA,NA,D,1,0,1465730.1,113.33,2005,25,3.99,11.94
166809,Active,169917,NA,NA,D,8,1,40507.32875,257.95,2009,88,14.44,27.91
166810,Active,60275,NA,NA,S,6,1,266622.2888,98.95,2002,80,4,9.39
166811,Active,60276,NA,NA,D,7,1,84391.01375,159.95,2005,108,4,10.64
166812,Active,558390,NA,NA,D,3,1,478539.8363,56.95,2003,43,6.35,28.75
166813,Active,641988,NA,NA,S,5,1,23456.0225,54.95,2013,37,30.95,38.93
166814,Active,620882,NA,NA,D,1,0,113659.9813,89.95,2003,36,49.62,0
166815,Active,872582,NA,NA,S,3,1,1441497.453,49.99,1997,70,4,10.49
166816,Active,867247,NA,NA,S,6,1,66984.01125,56.95,2014,33,37.28,39.24
166817,Active,628781,NA,NA,S,1,0,20432.325,41.95,2008,39,19.89,24.88
166818,Active,531168,NA,NA,S,0,0,25922.3975,79.95,2011,34,45.04,46.53
166819,Active,232528,NA,NA,D,0,0,158627.4938,69.95,1997,62,13.16,39.98
166820,Active,279290,NA,NA,D,2,1,110051.3588,79.95,2009,51,14.75,73.89
166821,Active,743244,NA,NA,S,2,1,1029908.808,129,2002,23,7.35,52.32
166822,Active,1537891,NA,NA,D,1,0,1180134.27,48.95,2006,17,10.1,48.95
166823,Active,663689,NA,NA,S,2,1,1263808.206,53.95,2013,24,11.56,42.11
166824,Active,410752,NA,NA,D,1,0,1683049.366,191,2009,23,14.64,100.89
166825,Active,636723,NA,NA,D,1,0,823609.16,59,2001,27,4.35,45.71
166826,Active,249262,NA,NA,D,2,1,79964.1875,68,2008,48,26.94,38.97
166827,Active,914941,NA,NA,D,2,1,731072.0675,59.95,2006,30,6.38,22.49
166828,Active,3015145,NA,NA,D,2,1,556062.835,62.95,2002,24,4,26.97
166829,Active,1445653,NA,NA,S,3,1,904774.0575,69.95,2008,24,20.34,58.71
166830,Active,812251,NA,NA,D,5,1,764425.4588,119.95,2010,27,4.23,33.4
166831,Active,653741,NA,NA,D,0,0,2375350.974,110,2002,20,4.23,23.94
166832,Active,657639,NA,NA,D,1,0,725568.98,135,2006,34,4.48,102.95
166833,Active,829884,NA,NA,D,2,1,4234145.303,55,2002,23,4.7,30.73
166834,Active,906605,NA,NA,S,2,1,102131.2625,69.95,2014,50,38.56,48.97
166835,Active,117043,NA,NA,D,1,0,293508.1925,64.8,2010,33,22.21,48.98
166836,Active,162740,NA,NA,S,2,1,380888.485,32.95,2008,79,4.22,9.47
166837,Active,206030,NA,NA,S,2,1,936339.585,29.95,2006,90,4,8.84
166838,Active,639701,NA,NA,S,3,1,97658.5175,39.95,2013,32,22.02,25.71
166839,Active,2648451,NA,NA,D,0,0,2265491.925,55.95,2001,21,4,47.5
166840,Active,246535,NA,NA,S,2,1,383353.7625,61.95,2007,48,18.5,37.55
166841,Active,545403,NA,NA,S,2,1,304568.9275,42.95,2012,27,24.99,28.39
166842,Active,628230,NA,NA,S,1,0,655647.7313,39.95,2012,26,22.57,30.03
166843,Active,905508,NA,NA,S,3,1,359218.4525,65.95,2014,24,37.49,53.44
166844,Active,643217,NA,NA,D,1,0,1868384.664,63.95,1997,30,5.24,55.35
166845,Active,3794827,NA,NA,D,1,0,2332585.2,0,1900,20,5.31,16.99
166846,Active,563718,NA,NA,D,5,1,67953.86875,71.76,2011,134,4.53,29.4
166847,Active,53065,NA,NA,D,3,1,1974865.183,7.98,2006,59,4,8.79
166848,Active,615302,NA,NA,D,5,1,93079.7575,105.07,2011,101,4,44.36
166849,Active,563662,NA,NA,D,3,1,2608312.949,16.98,2007,44,4.19,21.95
166850,Active,53067,NA,NA,D,4,1,1096342.148,73.96,2009,66,4,45.09
166851,Active,53066,NA,NA,D,4,1,635565.8575,38.66,2009,100,4,39
166852,Active,120615,NA,NA,S,1,0,198672.2963,111.8,2011,74,37.84,85.49
166853,Active,1982566,NA,NA,D,0,0,491734.1413,88,2013,25,7.15,25.15
166854,Active,918306,NA,NA,S,2,1,13579.81875,103,2015,128,45.98,62.98
166855,Active,663302,NA,NA,D,1,0,23138.585,93,2013,114,7.2,33.35
166856,Active,2406081,NA,NA,S,2,1,441918.1,65.95,1992,32,7.64,32.48
166857,Active,2660037,NA,NA,D,1,0,1501495.868,98.44,1983,16,5.24,78.97
166858,Active,628718,NA,NA,S,2,1,127444.2288,74.95,2010,35,6.44,73.92
166859,Active,553734,NA,NA,D,3,1,274034.6413,89,2008,66,4,28.89
166860,Active,531166,NA,NA,S,4,1,93612.8275,124.8,2011,53,16.49,44.76
166861,Active,630199,NA,NA,S,4,1,137070.6588,67.95,2006,39,6.24,37.99
166862,Active,228661,NA,NA,S,3,1,636230.3163,54.95,1996,85,4.59,23.98
166863,Active,618305,NA,NA,S,5,1,988361.6488,65.52,2006,29,5.48,67.7
166864,Active,716578,NA,NA,D,1,0,1947730.594,116,2009,36,3.88,12.82
166865,Active,630536,NA,NA,S,1,0,726428.0863,116.73,2012,73,11.39,52.2
166866,Active,54749,NA,NA,D,2,1,132677.0275,283.95,2009,78,7.39,45.06
166867,Active,1534857,NA,NA,D,0,0,3652632.581,86.21,2009,10,8.1,86.17
166868,Active,439820,NA,NA,S,2,1,90812.6125,111.75,2012,20,32.9,0
166869,Active,54158,NA,NA,S,2,1,27212.80875,255.95,2008,70,28.8,71.97
166870,Active,54157,NA,NA,D,1,0,709023.2225,115.47,2005,46,5.13,18.97
166871,Active,183707,NA,NA,D,1,0,1678421.339,44.99,2005,38,4,42.26
166872,Active,313111,NA,NA,S,3,1,547449.8013,105.2,2002,63,4,22.24
166873,Active,50706,NA,NA,S,0,0,867548.03,143.95,2010,109,4,16.06
166874,Active,244072,NA,NA,D,0,0,138034.7263,206.95,2012,156,4,24.99
166875,Active,52113,NA,NA,D,0,0,410630.3238,226.95,2011,125,4,18.5
166876,Active,178670,NA,NA,S,1,0,1357984.815,222.95,2010,39,4.54,33.98
166877,Active,178671,NA,NA,S,1,0,117055.7488,222.95,2011,150,6.06,24.79
166878,Active,669140,NA,NA,S,1,0,692435.195,200.95,2011,14,7.78,144.77
166879,Active,1826736,NA,NA,S,0,0,1327390.709,63.39,2012,9,13.73,2415
166880,Active,244074,NA,NA,D,1,0,811522.765,152.95,2011,72,4,42.66
166881,Active,254158,NA,NA,D,1,0,316806.4063,155.95,2010,64,4,18.99
166882,Active,148756,NA,NA,D,1,0,525002.07,135.95,2009,63,4,5.57
166883,Active,610395,NA,NA,S,0,0,14247.09875,187.95,2014,209,7.49,24.94
166884,Active,609610,NA,NA,D,1,0,2689987.17,107.95,2007,60,4,7.98
166885,Active,635579,NA,NA,D,1,0,934881.4513,140.95,2013,56,3.88,10.49
166886,Active,613488,NA,NA,D,0,0,381915.7263,198.95,2012,148,4,18.63
166887,Active,244075,NA,NA,S,1,0,253917.0038,180.95,2011,82,4.35,21.59
166888,Active,610429,NA,NA,S,1,0,266584.8,167.95,2012,34,5.44,19.94
166889,Active,531164,NA,NA,S,1,0,1017572.251,202.95,2010,59,4,11.62
166890,Active,607661,NA,NA,S,2,1,2032508.3,86,1998,22,4,33.85
166891,Active,607689,NA,NA,S,3,1,173215.6338,207.6,2001,53,23.33,89.41
166892,Active,647107,NA,NA,S,2,1,94842.80625,38,2012,28,17.08,31.98
166893,Active,635686,NA,NA,S,2,1,101625.1963,38,2012,40,21.29,25.94
166894,Active,853946,NA,NA,S,0,0,151607.7013,120.65,2003,23,15.94,38.99
166895,Active,613837,NA,NA,S,0,0,69450.525,96.35,2004,85,5.52,61.01
166896,Active,772654,NA,NA,S,0,0,927602.6338,69.15,2006,35,7.94,31.49
166897,Active,772657,NA,NA,S,0,0,84093.52125,87.95,2006,125,6.35,15.19
166898,Active,772658,NA,NA,S,0,0,83844.37625,91.5,2006,101,4.45,22.74
166899,Active,853625,NA,NA,S,0,0,308156.35,96.35,2002,103,4.12,17.99
166900,Active,1604590,NA,NA,D,1,0,773293.7538,13.3,2012,12,12.11,15.96
166901,Active,1604600,NA,NA,S,1,0,156099.3788,77.5,2012,32,33.08,88.31
166902,Active,212554,NA,NA,S,2,1,144347.6663,148.4,2006,48,10.24,55.98
166903,Active,791505,NA,NA,D,0,0,1456275.626,93,2002,30,4,13.94
166904,Active,878937,NA,NA,D,0,0,387726.1725,35.43,1993,74,4,17.64
166905,Active,3018335,NA,NA,S,3,1,619486.2275,86.95,2003,40,10.78,18.71
166906,Active,390352,NA,NA,D,3,1,56736.84,63.7,2002,191,5.97,18.24
166907,Active,537793,NA,NA,S,4,1,21277.92,63.95,2007,92,13.89,20.99
166908,Active,860723,NA,NA,S,2,1,508111.4163,76.67,2012,18,5.72,37.64
166909,Active,543500,NA,NA,D,2,1,84421.4475,117.95,2012,79,8.16,23.98
166910,Active,486251,NA,NA,D,1,0,794315.455,87.95,2009,61,4,18.99
166911,Active,756042,NA,NA,S,2,1,376094.805,60.5,2014,46,9.18,46.97
166912,Active,645445,NA,NA,D,1,0,712958.1188,120,2004,24,6.39,29.36
166913,Active,708797,NA,NA,S,2,1,1523224.96,74.5,2006,28,9.32,12.99
166914,Active,707520,NA,NA,S,9,1,1825306.51,77.25,2004,36,4.72,10.74
166915,Active,638581,NA,NA,S,2,1,819763.5888,64,2011,24,29.19,110.7
166916,Active,553631,NA,NA,S,2,1,1757750.656,65,1996,43,4.49,22.83
166917,Active,607372,NA,NA,S,3,1,821802.8963,91,2004,52,7.64,39.94
166918,Active,594652,NA,NA,D,4,1,958528.8013,188.95,2012,33,11.23,69.21
166919,Active,533668,NA,NA,D,4,1,77491.28375,198.95,2012,86,4.89,22.13
166920,Active,52470,NA,NA,D,3,1,570921.0613,157.95,2009,105,4,36.57
166921,Active,52469,NA,NA,S,2,1,484705.2738,129.95,2005,50,4.05,19.98
166922,Active,294048,NA,NA,S,3,1,1807880.013,13.67,1999,49,4,13.59
166923,Active,112296,NA,NA,S,0,0,100368.2063,99.83,2005,43,33.89,138.96
166924,Active,1438999,NA,NA,S,1,0,154739.2913,102,2013,22,46.89,45.98
166925,Active,873739,NA,NA,S,2,1,589348.825,90,2013,13,37.5,55.94
166926,Active,110726,NA,NA,D,5,1,258799.9463,169.28,2009,56,4.49,49.95
166927,Active,108936,NA,NA,D,4,1,1144616.384,79,2005,40,4,8.84
166928,Active,868134,NA,NA,D,1,0,2948021.109,75,1990,24,4.76,8.49
166929,Active,118623,NA,NA,S,2,1,64734.79875,107.2,2007,56,41.84,75.99
166930,Active,613302,NA,NA,D,1,0,473822.485,25.64,2007,93,4,23.97
166931,Active,566028,NA,NA,D,2,1,83741.0725,39.47,2011,175,5.48,33.99
166932,Active,2226233,NA,NA,D,0,0,1506954.526,23.99,2013,11,7.47,24.75
166933,Active,519169,NA,NA,D,1,0,34695.43,181.95,2012,163,5.67,31.97
166934,Active,774203,NA,NA,S,3,1,2023892.449,16.9,2003,68,4.19,15.95
166935,Active,492188,NA,NA,D,1,0,52207.75875,153.95,2012,96,5.98,23.87
166936,Active,52380,NA,NA,D,5,1,20190.675,180,2011,221,4.56,33.94
166937,Active,52378,NA,NA,D,4,1,356749.6,16.99,2007,156,4,8.97
166938,Active,1956572,NA,NA,S,6,1,229512.105,131.25,2014,35,48.83,103.99
166939,Active,1956573,NA,NA,S,6,1,30036.3375,175,2014,67,45.17,128.14
166940,Active,866983,NA,NA,S,3,1,85707.78375,62.95,2014,31,37.73,53.01
166941,Active,177931,NA,NA,S,3,1,985671.7675,114.95,2005,61,4,25.93
166942,Active,809186,NA,NA,S,2,1,679368.46,114.05,2011,27,18.66,92.98
166943,Active,625274,NA,NA,S,1,0,385509.315,159.75,2010,59,4.98,30
166944,Active,613657,NA,NA,D,1,0,938307.915,7.99,2009,64,4.54,7.99
166945,Active,613003,NA,NA,S,2,1,135542.9438,58,2004,116,8.23,32.99
166946,Active,54871,NA,NA,D,3,1,32576.69375,99,2009,86,17.06,57.76
166947,Active,54869,NA,NA,D,2,1,218368.6363,74.95,2005,57,7,48.92
166948,Active,545535,NA,NA,S,4,1,2171.4525,88,2013,72,48.98,63.85
166949,Active,594530,NA,NA,S,1,0,16465.59875,96,2012,36,52.6,67.19
166950,Active,534107,NA,NA,S,5,1,1284463.676,48.75,2001,70,4,9.05
166951,Active,51944,NA,NA,D,7,1,23110.45875,120.95,2011,98,4.67,12.34
166952,Active,170209,NA,NA,D,7,1,62022.26375,120.95,2011,100,5.94,13.13
166953,Active,616756,NA,NA,S,0,0,28136.6,69.99,2006,32,25.74,54.89
166954,Active,647192,NA,NA,S,2,1,795996.9713,84.5,2012,39,17.4,60.06
166955,Active,3616623,NA,NA,D,0,0,1094161.8,76,1996,59,4,52.97
166956,Active,545184,NA,NA,D,5,1,29484.22,52.73,2012,91,7.27,65.5
166957,Active,2254393,NA,NA,D,4,1,640659.6938,83.12,2007,47,7.31,74.05
166958,Active,407631,NA,NA,D,3,1,1553297.546,14.74,2006,47,4.64,14.74
166959,Active,252610,NA,NA,D,4,1,142222.3838,33.49,2008,65,4.48,33.49
166960,Active,655423,NA,NA,S,2,1,303378.225,159.75,2012,30,12.39,96.35
166961,Active,531162,NA,NA,S,4,1,88983.29125,135.95,2011,73,8.94,21.67
166962,Active,243957,NA,NA,S,4,1,477198.58,126.95,2011,66,4.29,61.37
166963,Active,54803,NA,NA,D,1,0,123967.5638,140.33,2009,96,8.28,37.43
166964,Active,428183,NA,NA,D,2,1,55366.25875,170.6,2012,99,12.98,53.99
166965,Active,244140,NA,NA,D,4,1,136450.92,143.95,2012,71,5.46,36.79
166966,Active,254160,NA,NA,D,3,1,1212254.744,154.95,2009,47,4,15
166967,Active,250179,NA,NA,S,2,1,4180436.581,70.95,2007,19,4,45.29
166968,Active,250180,NA,NA,S,2,1,2182298.648,125.95,2007,27,4,8.13
166969,Active,880034,NA,NA,S,3,1,148361.37,130,2014,41,38.98,63.98
166970,Active,533458,NA,NA,D,2,1,15487.0425,180.2,2011,155,4.99,33.99
166971,Active,54868,NA,NA,D,1,0,466402.5563,133.2,2008,64,5.14,49.94
166972,Active,130511,NA,NA,S,2,1,279715.2263,112,2011,24,31.92,58.99
166973,Active,545185,NA,NA,D,9,1,20682.60125,65.35,2011,101,7.47,49.43
166974,Active,623554,NA,NA,S,1,0,475289.9125,113.5,2008,32,48.84,128.4
166975,Active,53574,NA,NA,D,8,1,441421.08,22.85,2008,100,4,20.99
166976,Active,53572,NA,NA,D,7,1,1334139.696,96.07,2005,86,3.93,19.99
166977,Active,531161,NA,NA,D,6,1,299760.68,133.95,2007,98,4,14.65
166978,Active,182847,NA,NA,D,5,1,627167.7125,139.95,2003,66,4,8.99
166979,Active,60279,NA,NA,D,5,1,1015527.325,139.95,2003,73,4,6.99
166980,Active,183562,NA,NA,D,6,1,122417.4588,133.95,2007,121,4,41.57
166981,Active,915260,NA,NA,S,0,0,64797.525,31.22,2011,24,4.21,52.75
166982,Active,609962,NA,NA,S,5,1,347426.1025,146,2010,28,51.1,83.99
166983,Active,492113,NA,NA,S,1,0,76762.775,140.95,2012,63,8.49,38
166984,Active,2424117,NA,NA,S,2,1,1595233.709,58.66,1989,30,4,48.66
166985,Active,130095,NA,NA,S,5,1,79257.2025,204.6,2003,52,44.87,114.06
166986,Active,2587004,NA,NA,D,0,0,2598186.754,37.99,2003,22,6.45,27.09
166987,Active,313469,NA,NA,D,4,1,1691218.841,110,1999,31,4,14.04
166988,Active,313145,NA,NA,D,5,1,959671.4013,124,2003,29,5.43,24.94
166989,Active,608882,NA,NA,D,3,1,2618454.071,113,1996,33,4,20.99
166990,Active,3482618,NA,NA,D,0,0,3927935.75,51.95,1993,30,4,66.21
166991,Active,607864,NA,NA,D,4,1,995442.4663,118,2001,24,4,18.99
166992,Active,616626,NA,NA,D,4,1,715533.1263,110,1999,25,4.44,12.38
166993,Active,552222,NA,NA,D,6,1,648757.8025,138.2,2004,43,4,10.47
166994,Active,52171,NA,NA,D,6,1,60824.83875,43.99,2006,115,8.38,34.18
166995,Active,620885,NA,NA,S,2,1,88952.56125,85,2002,32,25.92,59.36
166996,Active,165846,NA,NA,S,1,0,74920.40625,251.5,2005,60,62.99,123.99
166997,Active,145069,NA,NA,S,5,1,242449.7425,45.6,2006,29,9.15,29.95
166998,Active,614070,NA,NA,D,5,1,760419.0875,112,2000,56,4.14,52.73
166999,Active,623644,NA,NA,S,5,1,106114.6563,116.6,2002,36,38.74,89.02
167000,Active,170057,NA,NA,S,1,0,47559.635,228.95,2011,39,82.46,172.14
167001,Active,569628,NA,NA,S,1,0,547517.31,327.95,2005,29,10.53,32.2
167002,Active,885618,NA,NA,D,0,0,7919636.42,15.39,2010,9,13.68,15.39
167003,Active,552809,NA,NA,S,1,0,161030.1738,164.4,2010,29,4.99,52.16
167004,Active,574345,NA,NA,D,2,1,895502.355,18.84,1999,58,4,20.94
167005,Active,530259,NA,NA,S,4,1,184500.5338,95.95,2011,39,49.98,79.98
167006,Active,51569,NA,NA,D,3,1,45970.15,407.95,2003,98,13.96,48.99
167007,Active,51570,NA,NA,D,2,1,146954.33,138.95,1996,106,4,31.38
167008,Active,115311,NA,NA,D,2,1,473332.4213,102,2001,33,4.1,42.99
167009,Active,717111,NA,NA,D,0,0,3135631.09,96,1997,30,4,16.99
167010,Active,199955,NA,NA,D,2,1,741667.0575,94.95,2002,39,4.36,30.99
167011,Active,907520,NA,NA,D,1,0,4161006.849,115.95,2003,16,8.02,62.87
167012,Active,620913,NA,NA,D,3,1,1307252.326,118,2000,34,4,20.98
167013,Active,116620,NA,NA,D,4,1,378820.3425,123,2004,44,5.83,55.61
167014,Active,2377100,NA,NA,D,1,0,518342.7388,88,1989,50,4.09,45.59
167015,Active,121465,NA,NA,D,2,1,390011.8688,155,1999,48,13.7,64.39
167016,Active,3589162,NA,NA,D,1,0,2896293.8,99,1994,15,24.62,103.99
167017,Active,206033,NA,NA,S,2,1,87850.775,40,2005,37,22.71,24.73
167018,Active,839761,NA,NA,D,2,1,2034448.775,62.71,2001,25,4,55.59
167019,Active,655138,NA,NA,S,5,1,81372.9175,69.95,2013,83,6.87,18.49
167020,Active,531155,NA,NA,S,3,1,365848.4388,42.95,2008,32,13.68,15.99
167021,Active,790201,NA,NA,S,2,1,2361113.918,42.95,2002,81,3.99,5.99
167022,Active,210975,NA,NA,S,1,0,478285.7525,71.95,2011,42,6.08,11.94
167023,Active,2819901,NA,NA,S,10,1,5780127.311,139.99,1997,9,15.99,56.75
167024,Active,295442,NA,NA,D,9,1,2537109.574,239.99,2006,17,62.74,205.99
167025,Active,788810,NA,NA,S,2,1,5442961.878,199,2000,32,4,8.98
167026,Active,480933,NA,NA,S,3,1,2336423.63,36.95,2000,43,4,8.99
167027,Active,211045,NA,NA,D,5,1,59381.07,55.95,2011,73,7.74,25.47
167028,Active,2649844,NA,NA,D,1,0,3665637.766,484.65,1984,16,29.79,103.95
167029,Active,2650070,NA,NA,D,3,1,2760738.245,375,2001,12,93.99,177.09
167030,Active,2166619,NA,NA,S,4,1,306100.0575,10.95,2013,41,4,37.37
167031,Active,177774,NA,NA,D,1,0,305586.1663,163.95,2010,32,10.96,21.99
167032,Active,2561060,NA,NA,D,1,0,763604.86,75,1981,69,4,23.97
167033,Active,1683110,NA,NA,S,2,1,2031303.811,399.99,2006,14,9.29,22.99
167034,Active,2025214,NA,NA,D,0,0,429043.9325,29.95,2007,17,18.18,35.62
167035,Active,616182,NA,NA,S,2,1,322288.9725,210,2010,54,24.46,63.58
167036,Active,664169,NA,NA,S,3,1,14845.79125,87.95,2013,71,30.64,63.98
167037,Active,613220,NA,NA,D,1,0,771903.6575,86.95,2006,109,4,12.98
167038,Active,615758,NA,NA,D,2,1,224109.6788,85.95,2010,132,5.89,18.05
167039,Active,613174,NA,NA,S,1,0,255477.4713,32.95,2008,165,4,7.41
167040,Active,132602,NA,NA,D,0,0,1130575.821,16.95,2008,29,4,4
167041,Active,132671,NA,NA,S,1,0,84000.99625,64.6,2008,30,16.24,50.01
167042,Active,531150,NA,NA,S,3,1,1135758.449,46.95,2012,41,30.53,35.98
167043,Active,2395347,NA,NA,S,0,0,24643.92,16,2004,182,4,9.79
167044,Active,177269,NA,NA,D,2,1,1218328.891,216.95,2004,35,4,18.99
167045,Active,2439909,NA,NA,S,2,1,789395.115,69,2003,47,33.21,56.94
167046,Active,900556,NA,NA,D,1,0,475436.5688,33.95,1986,63,24.76,26.89
167047,Active,627616,NA,NA,D,0,0,685490.155,74.95,2005,23,18.81,0
167048,Active,625215,NA,NA,S,1,0,47615.95,89.95,2011,17,35.35,42.96
167049,Active,560852,NA,NA,D,4,1,403408.4013,159,2005,35,4.31,13.99
167050,Active,115203,NA,NA,D,0,0,397740.9938,108,2002,38,4.39,24.66
167051,Active,607634,NA,NA,D,3,1,2337198.165,121.2,2000,52,4,8.49
167052,Active,636886,NA,NA,D,1,0,1924643.938,115.95,2006,29,6.63,70.37
167053,Active,2525111,NA,NA,D,1,0,1487348.716,205,1995,33,4.35,13.98
167054,Active,296180,NA,NA,D,2,1,2181987.408,115.95,2006,18,71.67,119.7
167055,Active,2610932,NA,NA,S,2,1,1968628.091,165,2005,23,4.78,78.99
167056,Active,664667,NA,NA,S,1,0,1129993.248,39.95,2013,13,39.84,39.1
167057,Active,153843,NA,NA,S,4,1,30172.1275,53.25,2004,39,26.45,38.69
167058,Active,608152,NA,NA,D,3,1,394987.605,32,1997,26,15.99,60.37
167059,Active,905223,NA,NA,S,2,1,381279.9088,49.95,2010,31,24.05,33.91
167060,Active,630105,NA,NA,S,2,1,540342.4263,44.99,2009,48,15.94,27.99
167061,Active,652204,NA,NA,S,0,0,21695.58625,55.97,2013,135,8.99,24.99
167062,Active,3467105,NA,NA,S,0,0,1628.825,51.96,2016,16,32.49,25.23
167063,Active,1434221,NA,NA,S,0,0,7927.85,73.96,2014,23,27.49,28.99
167064,Active,202256,NA,NA,S,5,1,1199032.659,231.95,2000,45,5.41,12.7
167065,Active,639501,NA,NA,S,2,1,75785.4675,181.95,1999,60,21.5,87.5
167066,Active,866847,NA,NA,S,6,1,603052.5,136.33,2014,36,46.22,47.12
167067,Active,51198,NA,NA,D,5,1,467032.0563,195.27,2011,29,6.99,138.99
167068,Active,51196,NA,NA,D,3,1,991560.8475,129.2,2006,116,4,6.69
167069,Active,651302,NA,NA,S,1,0,68904.175,85,2012,23,52.14,52.65
167070,Active,3804110,NA,NA,S,3,1,53121.05,54,2015,19,23.54,44.49
167071,Active,201801,NA,NA,S,2,1,367245.4688,52.95,2010,36,19.19,34.59
167072,Active,908497,NA,NA,D,0,0,1578660.599,42.95,2004,17,4.47,10.77
167073,Active,248101,NA,NA,D,3,1,559523.7725,58.95,2009,41,5.09,6.48
167074,Active,616372,NA,NA,D,3,1,556067.7788,74,2011,93,4,19.96
167075,Active,553519,NA,NA,D,3,1,201880.405,53.2,2009,178,4,24.97
167076,Active,230363,NA,NA,D,1,0,1524829.17,210.95,2003,51,4,13.87
167077,Active,110607,NA,NA,S,5,1,16487.22125,85.25,2007,44,44.13,0
167078,Active,132906,NA,NA,D,9,1,103390.9925,175,2010,50,13.83,76.97
167079,Active,132202,NA,NA,D,8,1,522104.5513,128.2,2007,54,4,12.33
167080,Active,148302,NA,NA,D,1,0,588750.135,167.95,2006,74,4,18.32
167081,Active,279515,NA,NA,S,2,1,325086.47,52,2010,36,5.57,38.99
167082,Active,2250040,NA,NA,D,1,0,3114329.84,65.59,2007,38,6.22,31.91
167083,Active,567491,NA,NA,D,1,0,682347.6338,171.95,2007,76,4,6.72
167084,Active,169547,NA,NA,D,11,1,5998890.278,38.95,2005,23,8.71,101.37
167085,Active,531146,NA,NA,D,12,1,1057856.264,67.95,2008,27,4.29,21.92
167086,Active,2164292,NA,NA,S,2,1,77976.73,54.95,2014,26,39.56,53.75
167087,Active,131720,NA,NA,D,2,1,960855.3513,93.4,2006,51,4,33.98
167088,Active,2678874,NA,NA,D,2,1,3202062.128,68.5,1990,18,7.96,7.97
167089,Active,774683,NA,NA,D,3,1,3274923.369,82,1997,21,13.74,18.94
167090,Active,802754,NA,NA,S,2,1,226722.4075,29.99,2013,43,4,0
167091,Active,545027,NA,NA,S,10,1,508660.8138,34.99,2011,70,4,5.88
167092,Active,802746,NA,NA,S,3,1,918823.1525,34.99,2012,46,4,23.84
167093,Active,1655922,NA,NA,S,0,0,408724.0463,25,2013,27,6.17,10.33
167094,Active,613377,NA,NA,D,1,0,38158.94875,92.6,2011,87,6.82,18.98
167095,Active,657903,NA,NA,S,2,1,15198.54625,110.6,2013,61,43.99,71.98
167096,Active,637663,NA,NA,S,1,0,71247.37125,86,2012,32,43.59,58.99
167097,Active,3610742,NA,NA,D,0,0,2300884.5,45.25,1990,41,4.76,10.23
167098,Active,608728,NA,NA,S,5,1,226109.7825,49.99,2006,86,8.34,30.79
167099,Active,143778,NA,NA,S,4,1,150799.2313,19,2007,254,4,6.64
167100,Active,576695,NA,NA,D,1,0,518641.8138,71.95,2009,58,4,11.99
167101,Active,1433734,NA,NA,S,1,0,36535.675,45,2013,36,20.83,24.57
167102,Active,155359,NA,NA,S,4,1,196270.1188,57.95,1999,57,4,11.99
167103,Active,289578,NA,NA,S,4,1,211771.5075,57.95,1999,84,4.47,11.99
167104,Active,637093,NA,NA,D,0,0,434664.14,39.95,2009,34,4.68,39.9
167105,Active,628818,NA,NA,S,2,1,460294.8563,32.95,2007,56,4,18.99
167106,Active,268821,NA,NA,S,4,1,1020240.783,50,2009,7,34.47,50
167107,Active,543132,NA,NA,S,4,1,76805.45125,45.95,2013,58,21.67,29.05
167108,Active,531139,NA,NA,D,3,1,780632.5225,38.95,2007,98,4,6.99
167109,Active,390134,NA,NA,S,3,1,16321.39375,62.95,2011,42,48.99,48.37
167110,Active,114508,NA,NA,D,1,0,879064.3175,42,2004,61,4,13.9
167111,Active,118171,NA,NA,D,2,1,130948.7925,57.8,2009,56,10.98,22.99
167112,Active,896840,NA,NA,S,3,1,20039.2675,64.6,2014,34,48.97,55.05
167113,Active,579061,NA,NA,S,1,0,747511.6038,99,1997,77,4,8.79
167114,Active,145879,NA,NA,S,2,1,107634.7163,79.99,2010,25,43.98,53.62
167115,Active,130049,NA,NA,S,1,0,1140068.739,74.99,2002,46,4,13.99
167116,Active,531138,NA,NA,S,10,1,784608.6213,88.95,2011,46,3.88,45.03
167117,Active,142131,NA,NA,S,7,1,37295.2,34.75,2011,42,14.49,16.98
167118,Active,132649,NA,NA,D,5,1,294416.6613,76,2008,42,4.32,51.6
167119,Active,130477,NA,NA,S,6,1,111799.2725,64.6,2011,44,23.26,45.49
167120,Active,144379,NA,NA,D,3,1,1199651.408,54,2002,48,4,24.45
167121,Active,145144,NA,NA,D,4,1,802312.0363,63.8,2005,32,4.97,11.28
167122,Active,607883,NA,NA,D,3,1,916541.585,55.6,2002,46,4,44.79
167123,Active,288609,NA,NA,D,4,1,980820.0113,63.8,2005,28,4,11.73
167124,Active,129307,NA,NA,S,4,1,31335.0125,30.95,2011,60,19.18,23.2
167125,Active,169265,NA,NA,S,6,1,241891.2788,42.95,2005,66,4.71,12.71
167126,Active,169266,NA,NA,S,6,1,265122.75,39.95,2005,56,4,18.99
167127,Active,635253,NA,NA,D,2,1,679929.7863,62.95,2007,34,8.32,85.83
167128,Active,531135,NA,NA,D,4,1,492146.0363,55.75,2007,49,4,45.24
167129,Active,538861,NA,NA,S,6,1,28143.55125,109.75,2013,73,38.99,57.81
167130,Active,110774,NA,NA,D,5,1,68938.49375,62.98,2010,111,11.19,44.29
167131,Active,60282,NA,NA,S,3,1,91514.6625,57.2,2001,96,4,8.98
167132,Active,161745,NA,NA,S,4,1,22196.77,34.99,2007,46,14.51,24.59
167133,Active,259426,NA,NA,S,2,1,2530880.974,45.95,1998,33,4,48.71
167134,Active,260123,NA,NA,D,3,1,602919.8888,69.95,2005,35,4.48,63.33
167135,Active,1703731,NA,NA,S,0,0,15014.925,50,2010,63,27.89,34
167136,Active,902226,NA,NA,S,0,0,529311.8775,0,2009,19,18.98,0
167137,Active,576409,NA,NA,S,1,0,91127.72375,72,1999,50,8.3,27.47
167138,Active,896995,NA,NA,S,4,1,134493.91,47,2014,25,33.44,33.51
167139,Active,531132,NA,NA,D,3,1,684082.7063,63,2009,25,16.01,30.98
167140,Active,591984,NA,NA,S,2,1,1262009.645,72,2007,39,5.5,32.89
167141,Active,633209,NA,NA,D,1,0,100732.405,89.95,2010,34,33.29,64.83
167142,Active,289765,NA,NA,S,3,1,632121.5525,43.95,2008,31,5.94,33.34
167143,Active,477344,NA,NA,D,1,0,1821370.693,65,2002,25,4,43.66
167144,Active,495254,NA,NA,D,0,0,2241623.199,63,2007,20,4.77,57.14
167145,Active,142723,NA,NA,S,2,1,569387.61,49,2010,32,16.16,40.59
167146,Active,903897,NA,NA,S,1,0,618232.2875,21.95,2006,28,5.34,5.99
167147,Active,1777751,NA,NA,S,1,0,500029.4563,60,2013,19,49.98,47.63
167148,Active,2104342,NA,NA,S,2,1,82606.625,35,2014,14,24.43,19.28
167149,Active,664786,NA,NA,S,2,1,308317.3488,46,2013,17,24.99,31.86
167150,Active,764504,NA,NA,S,2,1,8557799.943,41.95,2004,25,4,10.71
167151,Active,1932543,NA,NA,S,1,0,19433.725,44.99,2013,32,20.62,23.54
167152,Active,635926,NA,NA,S,1,0,22214.8,40,2011,15,28.72,31.24
167153,Active,543230,NA,NA,S,2,1,496268.16,42,2012,21,8.99,27.96
167154,Active,57662,NA,NA,D,1,0,1021663.346,13.99,2007,75,4,13.96
167155,Active,536319,NA,NA,D,3,1,20313.71625,105.75,2012,124,12.83,41.49
167156,Active,57663,NA,NA,D,2,1,126912.8713,21.98,2009,95,4.71,21.6
167157,Active,1954190,NA,NA,S,3,1,142458.735,40,2015,24,26.21,27.96
167158,Active,642126,NA,NA,S,1,0,37729.925,69.95,2012,29,36.15,56.06
167159,Active,123953,NA,NA,D,4,1,2526088.664,140.95,2005,12,45.49,69.14
167160,Active,718226,NA,NA,S,2,1,1880273.506,29.95,1997,36,3.99,10.47
167161,Active,544314,NA,NA,S,2,1,184389.0688,78.95,2012,34,24.98,58.16
167162,Active,617423,NA,NA,D,3,1,301908.5475,44.95,2005,51,3.93,6.1
167163,Active,629519,NA,NA,D,4,1,239483.94,54.95,2010,69,22.04,55.87
167164,Active,569804,NA,NA,D,1,0,483589.07,76.95,2007,48,3.99,13.94
167165,Active,386410,NA,NA,S,2,1,357593.7638,75,2006,21,4.98,42.68
167166,Active,1928868,NA,NA,S,2,1,682093.9088,51,2013,24,31.45,36.3
167167,Active,539715,NA,NA,S,2,1,440670.71,24.99,2003,77,4,6.6
167168,Active,914457,NA,NA,D,4,1,868796.4025,66.95,2007,41,4,15.78
167169,Active,765785,NA,NA,D,3,1,1584973.526,32.95,2004,22,4,8.64
167170,Active,55371,NA,NA,D,4,1,288513.465,41.17,2009,41,7.08,43.99
167171,Active,55370,NA,NA,D,3,1,649537.0713,26.96,2005,49,4.61,18.98
167172,Active,913879,NA,NA,D,2,1,963020.525,59.95,2004,32,4,27.99
167173,Active,657755,NA,NA,S,2,1,432385.08,76,1999,29,6.02,56.4
167174,Active,601694,NA,NA,D,3,1,860671.9363,73,2009,31,6.52,64.19
167175,Active,545556,NA,NA,S,4,1,595818.32,58,2013,25,35.19,37.29
167176,Active,801293,NA,NA,S,11,1,952192.5175,70,2008,17,23.64,23.67
167177,Active,199367,NA,NA,D,1,0,2443708.079,60.95,2004,21,4,62.77
167178,Active,601743,NA,NA,S,2,1,150616.51,62,2010,43,38.43,38
167179,Active,633225,NA,NA,S,0,0,30639.675,48.5,2010,28,26.48,36.19
167180,Active,543415,NA,NA,S,3,1,2279360.194,51,2012,15,27.64,34.41
167181,Active,628068,NA,NA,D,1,0,1761029.399,41.95,1996,14,7.42,55.97
167182,Active,619156,NA,NA,S,2,1,483795.93,34.95,2009,55,7.97,22.79
167183,Active,557587,NA,NA,S,5,1,1589410.389,88.6,2009,36,4.29,45.85
167184,Active,247679,NA,NA,D,2,1,844674.6488,67,2006,27,4,49.61
167185,Active,113405,NA,NA,D,1,0,2338044.219,67.95,1996,39,4,9.69
167186,Active,1757710,NA,NA,S,0,0,299530.6338,39.99,2014,21,35.15,39.99
167187,Active,770372,NA,NA,S,6,1,437770.35,145.95,2002,47,12.77,62.83
167188,Active,771482,NA,NA,S,1,0,269365.0738,90.95,2007,28,8.99,40.99
167189,Active,560763,NA,NA,S,1,0,23028.7,74.99,2003,32,35.13,45.64
167190,Active,580841,NA,NA,D,4,1,1481792.165,94.99,2004,23,4,43.79
167191,Active,893341,NA,NA,S,3,1,662883.1988,49.99,2014,35,33.49,37.73
167192,Active,269971,NA,NA,D,6,1,886720.3275,191,2007,48,7.09,58.93
167193,Active,545435,NA,NA,S,6,1,74496.91,58,2012,22,33.05,0
167194,Active,293353,NA,NA,D,5,1,908994.6375,49.95,2007,35,4,12.16
167195,Active,624548,NA,NA,D,1,0,873494.9863,86,1998,19,7.47,428.4
167196,Active,861306,NA,NA,S,2,1,233207.5,59,2013,32,18.45,51.65
167197,Active,269955,NA,NA,D,2,1,747341.8588,195,2007,32,7.17,56.27
167198,Active,199144,NA,NA,S,3,1,647042.3875,68.95,2002,37,4,12.82
167199,Active,581703,NA,NA,S,3,1,386535.7463,161,2007,36,8.97,112.99
167200,Active,701009,NA,NA,S,1,0,22952.875,59.95,2005,19,33.95,33.97
167201,Active,2329881,NA,NA,S,1,0,32473.775,4.99,1998,91,3.9,4.99
167202,Active,564988,NA,NA,S,2,1,320034.8575,49.95,1986,66,4,41.98
167203,Active,610233,NA,NA,S,3,1,1643.86125,45,2014,95,22.49,27.66
167204,Active,531122,NA,NA,D,2,1,31431.3675,40,2005,247,4,8.97
167205,Active,2896194,NA,NA,D,3,1,494729.6113,111.19,1996,32,46.47,83.98
167206,Active,909908,NA,NA,S,0,0,471530.3663,15.48,2008,30,12.53,14.97
167207,Active,608919,NA,NA,D,30,1,1012115.055,49.95,2003,104,4,13.89
167208,Active,531119,NA,NA,S,32,1,38883.845,50.95,2011,56,23.95,33.98
167209,Active,410095,NA,NA,D,31,1,229927.4038,51.95,2007,107,5.23,5.21
167210,Active,774483,NA,NA,D,30,1,3728826.723,102,2003,16,6.04,72.03
167211,Active,614294,NA,NA,S,29,1,101934.6575,39.95,2012,58,10.37,13.98
167212,Active,609558,NA,NA,D,27,1,624698.8188,34.95,2004,52,4,5.88
167213,Active,609570,NA,NA,D,28,1,589354.1875,40.95,2008,71,4,7.06
167214,Active,637007,NA,NA,S,7,1,475043.1213,331,2010,22,20.84,205.94
167215,Active,531397,NA,NA,S,6,1,603811.5125,48.61,2005,48,4,18.89
167216,Active,52246,NA,NA,D,6,1,122239.1888,23.63,2005,147,4.12,22.71
167217,Active,110249,NA,NA,S,4,1,38244.09125,207.5,2009,196,4,67.99
167218,Active,52247,NA,NA,S,7,1,16261.0625,208.5,2009,163,7.89,28.31
167219,Active,202381,NA,NA,D,1,0,953714.6238,95.95,2002,38,4,13.94
167220,Active,533695,NA,NA,S,9,1,10639.27375,112.95,2012,138,31.49,40.04
167221,Active,55745,NA,NA,D,3,1,105628.9675,162.95,2010,145,5.67,23.99
167222,Active,55744,NA,NA,D,2,1,1008645.27,171.95,2006,78,4,8.95
167223,Active,624672,NA,NA,S,1,0,47173.1,91.2,2012,67,17.89,39.99
167224,Active,52217,NA,NA,D,7,1,955370.9688,156.95,2004,141,4,21.74
167225,Active,52216,NA,NA,S,6,1,2093083.213,120.95,1999,71,4,14.54
167226,Active,52218,NA,NA,D,8,1,142116.39,121.95,2007,270,4,10.99
167227,Active,264246,NA,NA,S,3,1,1984371.599,42.95,2004,49,4,11.98
167228,Active,641583,NA,NA,S,2,1,2482332.189,76.95,2008,25,4,5.49
167229,Active,554692,NA,NA,S,1,0,114013.475,138.95,2003,33,32.74,39.99
167230,Active,720090,NA,NA,D,1,0,577005.3588,30,2002,35,4.2,48.23
167231,Active,127300,NA,NA,D,2,1,198138.4238,39.95,2008,37,7.47,9.16
167232,Active,126213,NA,NA,D,0,0,340024.9913,39.95,2002,64,4,13.54
167233,Active,537151,NA,NA,S,3,1,46710.93125,49.95,2012,65,21.47,42.82
167234,Active,249330,NA,NA,S,14,1,16326.045,23,2007,132,6.24,11.98
167235,Active,1980858,NA,NA,S,2,1,84892.67,23.95,2013,18,13.99,21.15
167236,Active,811164,NA,NA,S,9,1,586564.5825,27.99,2009,58,4,24
167237,Active,622682,NA,NA,S,0,0,185.45,44.95,2009,24,19.99,20
167238,Active,871065,NA,NA,S,9,1,10921.365,8.99,2011,121,4,6.07
167239,Active,195696,NA,NA,S,8,1,596304.7738,19.99,2004,146,4,7.99
167240,Active,672821,NA,NA,S,9,1,53890.10625,19.99,2012,90,4,12.87
167241,Active,599133,NA,NA,S,7,1,144998.8063,98.64,2008,45,39.36,68.94
167242,Active,797746,NA,NA,D,8,1,369820.6038,277.95,2005,45,5.24,13.94
167243,Active,617404,NA,NA,D,1,0,417224.3,60,2007,48,11.15,28.95
167244,Active,858329,NA,NA,S,2,1,22913.46125,89,2013,56,43.99,69.99
167245,Active,917877,NA,NA,D,1,0,497741.5838,29.5,1992,51,4,37.86
167246,Active,2470293,NA,NA,S,2,1,334632.0588,106,2001,30,17.76,63.99
167247,Active,260661,NA,NA,D,5,1,2552167.483,175,2004,39,8.92,70.49
167248,Active,2094460,NA,NA,S,0,0,14131.45,39.99,2015,13,24.58,23.27
167249,Active,166367,NA,NA,D,2,1,898462.8625,28.99,2005,33,4,28.98
167250,Active,290264,NA,NA,S,3,1,130542.1863,186.25,2011,38,48.83,61.98
167251,Active,165913,NA,NA,D,0,0,1715058.024,15.99,2004,17,4.39,15.98
167252,Active,775111,NA,NA,D,4,1,951697.39,74.95,2003,38,4.53,42.61
167253,Active,2679501,NA,NA,S,3,1,574998.5563,64.95,1994,24,5.18,39.99
167254,Active,632526,NA,NA,D,0,0,2121246.381,39.95,1996,12,4.77,35.16
167255,Active,821479,NA,NA,D,1,0,860239.8775,24.95,1987,60,4,14.84
167256,Active,903109,NA,NA,D,0,0,3170797.599,40,1984,19,4.84,45.34
167257,Active,612709,NA,NA,S,0,0,34940.15,75,2013,39,45.73,45.73
167258,Active,907871,NA,NA,D,0,0,250012.4488,98,2000,45,16.99,161.99
167259,Active,3472201,NA,NA,D,2,1,604958.85,70,1993,41,6.85,35.98
167260,Active,552174,NA,NA,D,4,1,384419.9313,110.6,2004,35,20.84,48.33
167261,Active,713745,NA,NA,S,3,1,1100041.411,69,1999,21,15.54,88.15
167262,Active,290094,NA,NA,S,4,1,412495.895,75,2007,33,21.88,57.93
167263,Active,118024,NA,NA,S,2,1,269362.9888,105,2006,36,21.24,49.43
167264,Active,169134,NA,NA,S,2,1,521316.255,59.95,2006,14,35.19,0
167265,Active,60285,NA,NA,D,5,1,170835.6538,269.95,2003,61,4.48,28.09
167266,Active,129429,NA,NA,D,2,1,51156.75875,65.95,2011,42,21.11,42.9
167267,Active,630118,NA,NA,D,1,0,232258.9363,34.95,2008,38,13.41,57.69
167268,Active,60284,NA,NA,D,2,1,903211.5988,83.95,1997,31,5.94,53.2
167269,Active,55015,NA,NA,D,1,0,124037.6888,63.94,2001,63,19.27,49.48
167270,Active,55016,NA,NA,S,2,1,26465.7775,118.5,2009,77,46.92,64.72
167271,Active,100198,NA,NA,S,3,1,338716.5075,20.25,2009,17,9.01,15.64
167272,Active,534581,NA,NA,S,4,1,1846.03,19.95,2012,83,11.25,11.47
167273,Active,339841,NA,NA,S,2,1,439682.6375,65,2009,43,29.89,39.22
167274,Active,115518,NA,NA,D,3,1,182914.6138,108.67,2003,98,4.99,43.98
167275,Active,872238,NA,NA,D,3,1,2377613.538,63.35,2004,49,7.22,52.57
167276,Active,910114,NA,NA,D,2,1,1096725.058,44.95,1997,32,5.62,21.38
167277,Active,629588,NA,NA,D,3,1,444743.4838,75,2004,27,6.99,55.62
167278,Active,1779894,NA,NA,S,2,1,140569.3313,45,2014,11,36.53,31.05
167279,Active,2110072,NA,NA,S,0,0,43052.75,49.95,2015,14,26.1,31.37
167280,Active,2407743,NA,NA,S,1,0,708076.1975,60,1996,120,4,5.4
167281,Active,2230305,NA,NA,S,0,0,50474.8,0,2014,8,43.95,48.67
167282,Active,2528340,NA,NA,S,0,0,123431.195,45.95,1992,20,17.54,39.06
167283,Active,739744,NA,NA,D,5,1,2659246.456,62.4,2003,39,4,8.99
167284,Active,132929,NA,NA,D,7,1,245497.0963,81.2,2009,36,4.34,62.69
167285,Active,145296,NA,NA,D,6,1,487535.995,77.6,2006,59,4,42.81
167286,Active,1989667,NA,NA,S,2,1,130517.7725,49.99,2014,43,16.94,31.35
167287,Active,646881,NA,NA,S,1,0,109596.15,39.99,2013,37,15.2,25.95
167288,Active,288715,NA,NA,S,1,0,603882.8975,29.99,2010,113,4,7.15
167289,Active,145738,NA,NA,S,1,0,1690800.038,34.99,2007,78,3.98,4.49
167290,Active,644440,NA,NA,S,1,0,81204.3025,54.99,2013,62,13.99,22.99
167291,Active,615430,NA,NA,S,1,0,13757.925,49.99,2002,44,22.16,26.36
167292,Active,2242101,NA,NA,S,0,0,80597.675,90,2014,12,51.78,54.99
167293,Active,3831684,NA,NA,D,8,1,1520341.3,115,2006,22,47.1,0
167294,Active,646682,NA,NA,S,10,1,958292.6438,37.5,2002,20,13.98,27.62
167295,Active,657553,NA,NA,S,11,1,91899.91625,54.25,2008,33,36.99,0
167296,Active,627028,NA,NA,S,1,0,8770.275,36,2010,59,19.94,21.86
167297,Active,2947131,NA,NA,S,0,0,443018.2675,18,2004,23,15.77,17.99
167298,Active,280792,NA,NA,D,0,0,3688868.531,259,2005,16,100.99,84.88
167299,Active,1638633,NA,NA,S,5,1,242339.735,22,2010,169,4,10.29
167300,Active,199930,NA,NA,D,2,1,1093615.455,56.95,2003,17,4,56.28
167301,Active,638604,NA,NA,D,2,1,2912802.703,73.95,2007,16,4.99,24.38
167302,Active,607999,NA,NA,S,7,1,1221400.218,48.95,2003,41,4,13.97
167303,Active,561715,NA,NA,D,9,1,189870.3288,79.95,2011,61,7.68,43.55
167304,Active,608018,NA,NA,D,8,1,488755.7238,61.95,2007,86,4,8.94
167305,Active,531108,NA,NA,S,2,1,322563.8663,75.95,2012,30,28.29,49.91
167306,Active,115284,NA,NA,S,2,1,272624.5638,75.33,2002,37,13.06,51.97
167307,Active,871798,NA,NA,D,0,0,1075056.713,242.95,2012,20,4.39,36.56
167308,Active,627925,NA,NA,D,0,0,846797.9413,267.25,2013,25,8.79,11.87
167309,Active,2018328,NA,NA,D,16,1,1150230.723,84.95,2011,27,4,5.97
167310,Active,531106,NA,NA,D,17,1,1149253.211,93.45,2012,89,6.89,8.88
167311,Active,286166,NA,NA,S,2,1,141196.9575,52.67,2006,20,19.99,33.97
167312,Active,106120,NA,NA,D,3,1,1372772.444,65.95,2006,60,4,4.98
167313,Active,106735,NA,NA,D,4,1,341918.0725,70,2011,55,4,21.49
167314,Active,531103,NA,NA,D,21,1,424282.625,67.95,2012,88,5.59,23.99
167315,Active,267527,NA,NA,D,20,1,740638.3388,67.95,2011,53,4,28.94
167316,Active,267524,NA,NA,S,19,1,1072977.795,64.95,2010,47,4,18.99
167317,Active,546525,NA,NA,D,22,1,392860.715,69.95,2013,29,9.32,33.98
167318,Active,867799,NA,NA,D,23,1,209269.2075,71.95,2014,24,12.84,58.99
167319,Active,58482,NA,NA,D,12,1,1038073.926,51.95,2011,47,4.76,103.29
167320,Active,610357,NA,NA,S,14,1,619946.8,59.95,2013,57,23.74,79.31
167321,Active,534568,NA,NA,D,13,1,869479.2213,54.95,2012,27,4,33.98
167322,Active,58479,NA,NA,D,9,1,2859084.724,46.95,2008,19,4,43.92
167323,Active,907880,NA,NA,S,15,1,531485.2513,64.95,2014,28,23.64,29.59
167324,Active,599287,NA,NA,D,18,1,618863.2625,64.95,2012,48,12.42,45.9
167325,Active,630145,NA,NA,D,14,1,1515191.216,47.95,2008,27,4,13.99
167326,Active,610356,NA,NA,S,19,1,473565.6375,64.95,2013,26,30.09,48.04
167327,Active,908449,NA,NA,S,11,1,2863959.735,42.95,2009,59,4,41.13
167328,Active,267528,NA,NA,D,13,1,2248889.951,46.95,2011,62,4.03,11.09
167329,Active,599285,NA,NA,D,21,1,1994282.769,72.95,2012,42,10.46,79.99
167330,Active,2042535,NA,NA,D,20,1,1293253.026,71.95,2011,18,4.94,58.21
167331,Active,2042532,NA,NA,S,19,1,3135368.929,69.95,2010,12,15.93,38.99
167332,Active,2018326,NA,NA,D,1,0,2521364.613,99.95,2010,19,4.58,18.95
167333,Active,2018323,NA,NA,D,1,0,4393934.691,98,2008,24,4.87,36.79
167334,Active,2018330,NA,NA,D,6,1,3044394.436,99.95,2011,15,5.52,4.58
167335,Active,546304,NA,NA,D,8,1,1844702.458,99.95,2013,11,11.35,9.96
167336,Active,2851298,NA,NA,D,1,0,2493006.721,109.95,2002,25,25.15,89.41
167337,Active,239954,NA,NA,D,4,1,2007029.449,35,1999,27,4,54.25
167338,Active,203883,NA,NA,D,3,1,464307.5975,96.95,2008,170,5.29,12.99
167339,Active,871858,NA,NA,D,3,1,695079.375,22.82,2008,44,6.69,16.2
167340,Active,545746,NA,NA,S,4,1,59349.1925,113.99,2012,96,23.27,43.24
167341,Active,270983,NA,NA,S,4,1,217250.585,99.99,2011,73,7.81,84.37
167342,Active,170056,NA,NA,D,6,1,77840.7475,209.95,2010,65,10.81,61.83
167343,Active,170034,NA,NA,D,7,1,182768.1813,261.95,2010,59,4.41,34.99
167344,Active,60287,NA,NA,D,5,1,193390.255,221.95,2007,58,4.9,42
167345,Active,169355,NA,NA,D,6,1,663587.7438,215.95,2007,62,4.05,25.69
167346,Active,891856,NA,NA,D,2,1,4167352.39,259.95,2007,10,99.93,221.8
167347,Active,551509,NA,NA,D,1,0,813691.7838,99.95,2008,16,22.96,0
167348,Active,877977,NA,NA,S,5,1,1456498.808,65.01,2001,49,5.32,17.67
167349,Active,55287,NA,NA,D,6,1,238990.2025,227.95,2009,56,8.86,73.23
167350,Active,55286,NA,NA,D,5,1,1642690.516,217.95,2005,31,4,64.28
167351,Active,114622,NA,NA,D,5,1,1405164.731,88,2002,41,4,45.54
167352,Active,286213,NA,NA,D,6,1,84395.67125,140.4,2006,58,5.98,55.57
167353,Active,616754,NA,NA,D,1,0,635847.1638,94,2006,48,4.23,22.99
167354,Active,879981,NA,NA,D,10,1,3518492.096,25.91,2008,38,5.58,18.8
167355,Active,54367,NA,NA,D,11,1,24793.93125,164.95,2011,218,5.2,20.3
167356,Active,54366,NA,NA,D,10,1,652053.155,147.95,2008,161,3.98,11.32
167357,Active,54365,NA,NA,D,9,1,724007.6125,89.95,2005,89,4,13.74
167358,Active,117399,NA,NA,D,7,1,294724.7038,81.4,2003,24,4,33.98
167359,Active,52957,NA,NA,D,7,1,96899.7725,146.2,2011,77,9.75,62.89
167360,Active,52960,NA,NA,D,6,1,516197.2313,128.2,2009,74,4,42.99
167361,Active,52959,NA,NA,D,5,1,1281323.494,108,2007,68,4,17.98
167362,Active,428360,NA,NA,D,5,1,684330.48,120.2,2005,50,4,24.87
167363,Active,591108,NA,NA,S,0,0,485767.0338,163.95,2013,74,8.47,14.03
167364,Active,534665,NA,NA,S,8,1,147808.4825,74.95,2013,29,33.94,48.59
167365,Active,112046,NA,NA,D,8,1,209152.9388,99.13,2011,64,9.85,52.75
167366,Active,110327,NA,NA,D,7,1,710036.5063,6.74,2007,59,4,10.49
167367,Active,128238,NA,NA,S,3,1,2778488.734,69.95,2003,16,6.98,65.6
167368,Active,107657,NA,NA,S,5,1,2164268.065,334.22,2001,19,4,296.04
167369,Active,877185,NA,NA,D,6,1,1434291.566,79.72,2007,22,7.48,75.56
167370,Active,789720,NA,NA,D,8,1,1366666.51,134.95,2008,31,7.66,41.16
167371,Active,203772,NA,NA,D,7,1,1605262.559,99,2005,36,4,25.88
167372,Active,659915,NA,NA,S,7,1,105100.2813,76.95,2013,47,14.41,44.95
167373,Active,623145,NA,NA,D,5,1,316388.1638,67.95,2010,38,4.65,39.94
167374,Active,532843,NA,NA,D,25,1,1848397.301,7.99,2010,42,4,7.99
167375,Active,2248368,NA,NA,D,2,1,2082217.406,37.52,2008,40,6.49,37.22
167376,Active,131947,NA,NA,S,1,0,482281.885,91,2005,24,7.17,12.98
167377,Active,531094,NA,NA,D,3,1,61859.18,134.4,2011,64,10.85,36.94
167378,Active,286412,NA,NA,D,2,1,632512.94,131,2007,58,4.39,28.2
167379,Active,52954,NA,NA,D,13,1,187577.345,23.95,2008,130,4,23.94
167380,Active,52953,NA,NA,S,11,1,634596.5725,14.74,2005,53,4,19.95
167381,Active,52956,NA,NA,D,12,1,290365.5113,23.04,2006,117,4,19.91
167382,Active,537653,NA,NA,D,15,1,4942.58375,132.19,2012,119,11.45,33.92
167383,Active,52955,NA,NA,D,14,1,51356.87375,37.65,2010,96,10.95,58.93
167384,Active,206275,NA,NA,D,1,0,1976163.866,125,1998,17,4.73,52.29
167385,Active,1633622,NA,NA,D,6,1,5745306.929,125,2009,10,31.64,81.73
167386,Active,642134,NA,NA,S,2,1,479372.93,43.95,2012,38,19.02,23.91
167387,Active,546440,NA,NA,S,1,0,5582.42125,92,2013,89,11.89,19
167388,Active,664948,NA,NA,S,1,0,262931.9275,73,2014,24,51.14,55.97
167389,Active,235696,NA,NA,D,1,0,324732.4113,77,1995,297,4,8.09
167390,Active,862001,NA,NA,S,1,0,2255.405,75,2014,33,25.83,28.97
167391,Active,3793291,NA,NA,S,0,0,44615.325,65,2015,12,50.02,50.22
167392,Active,2028161,NA,NA,S,1,0,27307.45,68,2014,16,46.57,48.95
167393,Active,265286,NA,NA,D,1,0,647138.07,87,2002,51,4,9.98
167394,Active,265289,NA,NA,S,4,1,284206.745,89,2003,108,4,7.99
167395,Active,265288,NA,NA,S,4,1,737307.4825,91,2002,52,4,38.99
167396,Active,862002,NA,NA,D,2,1,750042.78,6.98,2014,51,6.73,16.48
167397,Active,1777852,NA,NA,S,3,1,39408.8,85,2014,24,48.99,48.64
167398,Active,162983,NA,NA,D,2,1,652583.9925,23.99,2010,88,4,23.66
167399,Active,624479,NA,NA,D,1,0,46905.3875,221.8,2003,71,14.81,31.71
167400,Active,118918,NA,NA,S,1,0,235108.2088,221.8,1998,70,6.95,60.19
167401,Active,626124,NA,NA,D,3,1,633637.3613,198.95,2004,22,7.99,73.53
167402,Active,269716,NA,NA,S,2,1,27929.425,42.95,2010,19,33.99,33
167403,Active,1437688,NA,NA,S,1,0,26019.425,52,2014,28,36.26,36.27
167404,Active,2664148,NA,NA,D,5,1,5590042.58,179,1997,20,4,63.34
167405,Active,788963,NA,NA,S,6,1,2066240.515,199,2002,22,8.71,68.14
167406,Active,1631664,NA,NA,S,0,0,573424.2463,39.99,2014,70,20.54,15.94
167407,Active,103911,NA,NA,D,1,0,2402481.646,89,1997,21,36.71,103.96
167408,Active,172219,NA,NA,S,0,0,95248.22125,24.95,2007,72,4.09,21.99
167409,Active,3514163,NA,NA,D,1,0,2250605.2,115,1997,22,4.02,43.49
167410,Active,2774013,NA,NA,S,11,1,3314086.338,85,1993,17,5.48,65.33
167411,Active,1646399,NA,NA,S,0,0,557503.84,49.95,2008,58,7.93,13.48
167412,Active,217368,NA,NA,S,3,1,191972.0238,42,2000,34,17.37,33.52
167413,Active,1686650,NA,NA,S,0,0,149.18875,49.95,2014,36,24.02,27.24
167414,Active,1686632,NA,NA,S,0,0,7897.45,49.95,2012,39,28.76,30.49
167415,Active,863633,NA,NA,S,4,1,157744.6663,104.95,2008,32,38.98,0
167416,Active,210775,NA,NA,S,3,1,21946.225,51.95,2004,32,23.98,37.75
167417,Active,410579,NA,NA,D,8,1,507261.1063,129.25,2006,43,4,21.98
167418,Active,260023,NA,NA,D,9,1,110642.88,112,2010,73,24.19,46.44
167419,Active,294126,NA,NA,S,3,1,3309001.5,159,2002,22,8.61,147.56
167420,Active,531086,NA,NA,D,4,1,1077470.654,194.99,2009,27,46.92,50.69
167421,Active,721551,NA,NA,S,25,1,450919.4475,65,2004,23,8.3,51.61
167422,Active,3147282,NA,NA,D,4,1,6626625.35,0,2005,7,9.75,0
167423,Active,510201,NA,NA,S,5,1,377648.8225,59.99,2012,27,36.34,36.97
167424,Active,859384,NA,NA,S,3,1,1371883.116,60,2006,39,4,49.99
167425,Active,1782951,NA,NA,S,2,1,235598.475,89.95,2012,10,58.84,58.9
167426,Active,1879563,NA,NA,S,9,1,2891969.041,41.95,2007,6,16.56,43.95
167427,Active,1440598,NA,NA,S,9,1,375400.6113,112,2011,0,0,0
167428,Active,607960,NA,NA,S,3,1,1281292.859,54.99,2009,35,4,31.99
167429,Active,111998,NA,NA,D,13,1,1098503.21,54.25,2011,36,4,36.49
167430,Active,531085,NA,NA,S,2,1,66488.92375,36.95,2012,53,18.8,24.51
167431,Active,915004,NA,NA,D,1,0,1570291.458,56,1991,30,4.29,35
167432,Active,587681,NA,NA,S,2,1,162010.2175,100.95,2012,37,27.3,0
167433,Active,905834,NA,NA,D,2,1,1863687.454,59.5,1996,24,6.18,22.99
167434,Active,292810,NA,NA,S,3,1,213371.6563,125,2001,35,36.67,61.87
167435,Active,58032,NA,NA,D,2,1,72888.39625,109.03,2011,87,6.16,103.83
167436,Active,416664,NA,NA,D,1,0,749903.4488,8.98,2008,54,4,11.98
167437,Active,58033,NA,NA,D,1,0,733690.5388,12.48,2009,84,4,9.95
167438,Active,533283,NA,NA,D,2,1,59804.65,252.5,2012,131,5.24,39.74
167439,Active,1981174,NA,NA,D,1,0,780886.1275,62.95,2013,27,35.58,42.68
167440,Active,608304,NA,NA,D,4,1,2858129.369,15.49,2000,38,4.12,59.43
167441,Active,566707,NA,NA,S,3,1,2624765.491,23.68,1995,40,4,67.49
167442,Active,1933310,NA,NA,S,0,0,67466.65,159.95,2014,28,47.04,57.91
167443,Active,1767378,NA,NA,S,0,0,1445421.79,39.99,2015,18,27.47,34.14
167444,Active,643993,NA,NA,S,2,1,808149.1663,79.95,2009,28,53.53,56.83
167445,Active,859526,NA,NA,S,3,1,569120.01,59.99,2007,41,4,27.73
167446,Active,226089,NA,NA,D,1,0,1974190.331,119.95,1999,15,6.39,84.13
167447,Active,175889,NA,NA,D,3,1,537154.1338,150,2007,38,33.64,33.98
167448,Active,669126,NA,NA,S,1,0,18658.7,40.95,2011,14,34.21,27.15
167449,Active,540653,NA,NA,D,17,1,274165.4375,73.8,2012,38,14.27,32.81
167450,Active,212540,NA,NA,D,15,1,1122252.253,49.4,2006,26,6.98,18.99
167451,Active,55368,NA,NA,D,16,1,142520.2288,153.07,2009,58,10.04,63.08
167452,Active,55369,NA,NA,D,15,1,450296.7363,139.87,2006,133,4,15.58
167453,Active,145840,NA,NA,D,6,1,275564.1263,142.8,2008,30,6.44,40.86
167454,Active,60288,NA,NA,D,5,1,1367067.974,126.8,2005,31,4.35,73.79
167455,Active,146505,NA,NA,D,7,1,33404.24625,187.8,2011,39,9.99,62.85
167456,Active,3822079,NA,NA,D,3,1,481055.95,89,2005,27,59.42,77.07
167457,Active,152928,NA,NA,D,5,1,3010757.586,285,2000,13,72.94,285.81
167458,Active,3512565,NA,NA,D,4,1,4050262,99,1996,24,14.25,58.7
167459,Active,423338,NA,NA,D,9,1,2438868.398,141.93,2009,22,4.99,52.55
167460,Active,54410,NA,NA,D,9,1,203839.655,128.6,2009,72,4.63,30.94
167461,Active,54409,NA,NA,D,8,1,882917.915,93.33,2005,59,4,13.97
167462,Active,566572,NA,NA,D,1,0,856910.6513,102.74,2004,44,4,28.98
167463,Active,254292,NA,NA,D,10,1,424788.7388,132.95,2010,26,26.54,81.14
167464,Active,914744,NA,NA,S,3,1,4226684.565,41.79,2004,27,5.52,41.79
167465,Active,132302,NA,NA,S,6,1,897770.3125,158.8,2007,29,7.85,49.7
167466,Active,824126,NA,NA,S,8,1,3099325.976,30.4,2000,22,4,72.65
167467,Active,190443,NA,NA,S,5,1,249155.21,53.11,1997,31,11.86,86.33
167468,Active,220269,NA,NA,D,2,1,596850.5863,49.95,2006,33,4,25.96
167469,Active,56702,NA,NA,D,11,1,72665.2525,43.98,2010,54,8.99,51.73
167470,Active,613511,NA,NA,D,10,1,340676.6888,116.25,2008,48,4,17.16
167471,Active,873269,NA,NA,D,3,1,1399457.019,64.95,2007,25,4,45.4
167472,Active,872229,NA,NA,S,4,1,46944.49875,90,2014,55,47.15,73.93
167473,Active,127128,NA,NA,D,2,1,318262.03,72.95,2007,49,4,10.48
167474,Active,292898,NA,NA,S,3,1,691185.8175,61.9,2000,55,6.87,23.99
167475,Active,55163,NA,NA,D,3,1,556743.2125,191,2006,31,83.34,197.51
167476,Active,55161,NA,NA,D,2,1,510530.2775,131,2000,24,33.83,113.89
167477,Active,279987,NA,NA,D,4,1,1420537.201,99,2004,20,24.99,88.79
167478,Active,2602022,NA,NA,D,0,0,2154545.7,104.99,1994,26,59.91,104.97
167479,Active,143500,NA,NA,D,3,1,1756784.379,86,2002,18,8,27.46
167480,Active,2471040,NA,NA,D,2,1,7705748.819,45,1994,18,4,53.51
167481,Active,118414,NA,NA,S,11,1,2011009.684,40,2006,96,4,0
167482,Active,637300,NA,NA,D,0,0,179000.0713,63,2005,33,11.19,60.32
167483,Active,889899,NA,NA,D,0,0,1644945.77,37.95,2005,22,16.02,67.21
167484,Active,910522,NA,NA,D,3,1,3470038.011,36.95,2011,22,12.06,35.86
167485,Active,2527652,NA,NA,D,0,0,773776.7425,44.95,1991,31,4.73,34.99
167486,Active,131909,NA,NA,S,2,1,701253.15,57.4,2005,21,33.11,0
167487,Active,2531768,NA,NA,D,2,1,5758125.404,52.95,1995,19,4,3
167488,Active,3485005,NA,NA,D,1,0,3995766.85,53,1995,32,4.41,8.74
167489,Active,147550,NA,NA,D,0,0,104530.9725,101,2009,47,9.1,73.33
167490,Active,636922,NA,NA,D,2,1,701409.4838,149.95,2007,36,9.83,119.12
167491,Active,293528,NA,NA,S,0,0,558969.1838,81.95,1997,41,4,71.43
167492,Active,648816,NA,NA,D,1,0,1110904.285,75,2008,35,57.27,88.99
167493,Active,2101556,NA,NA,S,0,0,29519.57875,59.95,2014,53,38.61,39.61
167494,Active,2551144,NA,NA,S,2,1,4580216.704,51.95,1999,24,4.89,43.83
167495,Active,58028,NA,NA,D,7,1,778908.8813,42.02,2004,21,6.84,126.96
167496,Active,60290,NA,NA,D,7,1,345033.86,87.5,2004,32,6.23,73.92
167497,Active,107432,NA,NA,D,2,1,638858.5163,43.66,2001,62,4,40.89
167498,Active,117243,NA,NA,S,4,1,429811.2188,153.6,2007,27,25.54,53.11
167499,Active,115468,NA,NA,D,3,1,2907400.324,93.33,2002,28,4,25.24
167500,Active,58024,NA,NA,D,5,1,43589.90375,115,2009,86,6.27,36.34
167501,Active,58025,NA,NA,D,4,1,635794.095,86.6,2005,66,4.13,19.9
167502,Active,532851,NA,NA,S,33,1,1281563.591,54.25,2012,32,4,42.43
167503,Active,132375,NA,NA,S,4,1,219195.8538,170.6,2007,50,7.92,58.91
167504,Active,870606,NA,NA,S,35,1,255140.4075,64,2014,43,4.62,27.27
167505,Active,642061,NA,NA,S,1,0,64126.225,102,2013,21,56.21,77.8
167506,Active,538889,NA,NA,S,34,1,539073.6188,51.99,2013,33,4.25,41.1
167507,Active,541568,NA,NA,S,2,1,908660.8663,34.95,2010,24,17.36,18.13
167508,Active,110119,NA,NA,S,1,0,26895.275,78.99,2009,40,40.99,50.24
167509,Active,286498,NA,NA,D,12,1,26408.19,170.2,2011,92,7.84,41.98
167510,Active,716424,NA,NA,S,11,1,2321079.59,13.28,2009,21,4.1,22.94
167511,Active,715851,NA,NA,S,12,1,387710.2038,110.67,2011,16,18.94,66.31
167512,Active,553516,NA,NA,D,11,1,364424.2763,139.4,2008,149,4,13.47
167513,Active,298488,NA,NA,S,8,1,623762.8363,1,2007,21,7.84,9.86
167514,Active,55282,NA,NA,D,9,1,157274.7125,230.95,2009,100,4.12,32.49
167515,Active,244201,NA,NA,D,10,1,48656.12625,209.95,2012,90,9.34,37.6
167516,Active,55281,NA,NA,D,8,1,651379.605,142.95,2006,72,4,13.99
167517,Active,635619,NA,NA,S,2,1,92195.35875,61.8,2012,26,44.47,0
167518,Active,132198,NA,NA,D,4,1,991030.1288,102.2,2006,49,4,19.68
167519,Active,121283,NA,NA,D,5,1,1127063.75,124.4,2010,28,8.33,67.7
167520,Active,121220,NA,NA,D,5,1,499075.0625,120.4,2010,48,4,24.15
167521,Active,252029,NA,NA,D,4,1,515144.0775,232.95,2008,52,5.14,17.9
167522,Active,243969,NA,NA,D,5,1,60961.7825,219.95,2011,49,12.33,62.97
167523,Active,270912,NA,NA,S,1,0,103219.7113,44,2010,27,23.97,0
167524,Active,208401,NA,NA,S,0,0,721384.1613,44,2006,25,22.28,38.47
167525,Active,121241,NA,NA,D,3,1,77687.7075,95.8,2010,25,12.77,104.67
167526,Active,118809,NA,NA,D,2,1,459694.285,71.4,2006,33,4,27.96
167527,Active,115570,NA,NA,D,0,0,470732.9663,79.2,2004,34,3.9,21.99
167528,Active,635448,NA,NA,S,0,0,664653.235,53.95,1994,42,11.57,42.88
167529,Active,2648719,NA,NA,D,0,0,854003.0375,52.95,2003,36,4,23.94
167530,Active,246636,NA,NA,S,2,1,75608.90625,59.95,2008,55,24.25,34.82
167531,Active,127924,NA,NA,S,1,0,269730.3413,49.95,2001,34,16.62,44.17
167532,Active,543703,NA,NA,S,2,1,222084.9275,39.99,2013,63,15.11,32.99
167533,Active,1591608,NA,NA,D,1,0,2321566.375,107,2006,15,33.39,85.36
167534,Active,800244,NA,NA,S,2,1,250394.0625,48,2006,24,15.69,32.12
167535,Active,656572,NA,NA,S,0,0,133682.3025,57,2009,20,56.16,53.66
167536,Active,635154,NA,NA,S,1,0,70843.26625,57,2009,39,27.28,41.98
167537,Active,279588,NA,NA,S,4,1,142779.8125,49.95,2010,40,16.99,31.96
167538,Active,278287,NA,NA,D,3,1,676733.8675,49.95,2006,61,4,23.93
167539,Active,2655833,NA,NA,S,0,0,5258.25,61.95,2005,9,57.05,104.76
167540,Active,60292,NA,NA,D,9,1,101819.3663,133.2,2007,93,6.71,61.55
167541,Active,664408,NA,NA,S,11,1,1021830.004,140.93,2013,18,42.39,129.04
167542,Active,652254,NA,NA,S,11,1,249278.61,120.93,2013,45,36.54,63.74
167543,Active,146305,NA,NA,D,10,1,27204.73,147.8,2010,121,9.26,39.24
167544,Active,500164,NA,NA,S,5,1,158680.73,162.95,2010,35,27.72,87.99
167545,Active,182734,NA,NA,S,2,1,606860.9563,205.95,2001,47,5.29,43.84
167546,Active,462047,NA,NA,D,4,1,799262.6388,193.95,2008,30,6.23,104.47
167547,Active,55514,NA,NA,D,3,1,651861.0738,334.95,2006,48,4.83,6.69
167548,Active,55572,NA,NA,D,4,1,954111.0088,224.95,2007,79,4,35
167549,Active,55576,NA,NA,S,3,1,830627.705,219.95,2006,45,4,33.98
167550,Active,183777,NA,NA,D,4,1,1147144.516,150.95,2008,55,4,11.56
167551,Active,709502,NA,NA,S,1,0,94350.5,108.84,2011,27,37.94,78.94
167552,Active,660895,NA,NA,S,2,1,81204.35,50,2013,23,22.32,28.63
167553,Active,518677,NA,NA,D,1,0,298636.5913,82.95,2010,59,9.86,39.99
167554,Active,868546,NA,NA,S,2,1,31319.5275,84.95,2014,50,26.39,63.94
167555,Active,616095,NA,NA,S,4,1,577628.875,50.33,1985,47,4,35.39
167556,Active,285758,NA,NA,S,2,1,313681.4475,110,1999,24,9.93,111.74
167557,Active,295272,NA,NA,S,0,0,115866.8325,60,2005,58,4.91,33.98
167558,Active,637050,NA,NA,S,0,0,251564.47,60,2010,27,13.21,0
167559,Active,291727,NA,NA,S,3,1,190320.0038,185.95,2010,89,8.97,60.12
167560,Active,1583031,NA,NA,S,0,0,63537.07,110,2012,33,34.84,58.99
167561,Active,254450,NA,NA,S,1,0,203639.4788,106.95,2010,26,49.94,56.45
167562,Active,2258154,NA,NA,S,3,1,2166446.324,163.1,2008,29,11.67,65.71
167563,Active,289432,NA,NA,D,3,1,45840.45875,90.9,2007,90,5.74,55.01
167564,Active,154299,NA,NA,S,0,0,737138.3525,93.75,2001,76,4,15.99
167565,Active,610431,NA,NA,D,4,1,5603.55625,93.99,2011,157,7.63,28.99
167566,Active,115070,NA,NA,D,3,1,1011139.693,125.2,2001,37,4.02,37.99
167567,Active,51211,NA,NA,S,4,1,96018.37375,283.95,2009,40,28.45,68.29
167568,Active,101107,NA,NA,D,2,1,878577.6625,123.95,1998,30,4.34,8.09
167569,Active,51210,NA,NA,D,3,1,1779501.891,119.95,2004,57,4,10.98
167570,Active,51209,NA,NA,S,4,1,136989.8625,293.95,2006,55,17.61,203.98
167571,Active,52392,NA,NA,D,12,1,55348.07375,141.4,2008,171,5.56,38.99
167572,Active,708310,NA,NA,S,2,1,424315.1925,48.37,2004,28,10.37,26.98
167573,Active,101565,NA,NA,S,1,0,161305.97,103.35,2003,46,9.01,53.98
167574,Active,769551,NA,NA,S,0,0,200800.6263,113.6,2002,81,8.12,28.99
167575,Active,183181,NA,NA,S,0,0,68666.375,106.85,2004,80,9.05,22.47
167576,Active,118177,NA,NA,D,0,0,115615.5888,114.75,2006,71,11.21,64.98
167577,Active,614816,NA,NA,D,0,0,274847.3275,118.25,2001,62,4.41,17.22
167578,Active,52391,NA,NA,D,11,1,125697.39,124.2,2005,126,6.64,27.97
167579,Active,116215,NA,NA,S,0,0,117760.96,124.5,2006,102,10.19,18.64
167580,Active,112109,NA,NA,D,0,0,280465.1688,91.96,2001,92,4.19,10.49
167581,Active,531067,NA,NA,S,0,0,68172.12875,166.75,2008,69,13.67,26.49
167582,Active,112278,NA,NA,D,0,0,103175.775,124,2005,66,8.33,43.89
167583,Active,706792,NA,NA,D,0,0,1228047.605,6.29,2001,24,4,6.28
167584,Active,872021,NA,NA,D,0,0,4083054.305,161.35,2008,17,5.36,72.73
167585,Active,116463,NA,NA,D,2,1,118077.5738,122.6,2003,33,7.69,81.83
167586,Active,662421,NA,NA,S,3,1,1776120.765,97.5,2008,16,24.31,58
167587,Active,191848,NA,NA,S,3,1,1943107.623,67.94,1998,45,4,21.97
167588,Active,54407,NA,NA,D,2,1,770865.7763,36.99,2004,72,4,16.39
167589,Active,54408,NA,NA,D,3,1,112177.0863,83.05,2008,94,7.94,47.56
167590,Active,748208,NA,NA,D,7,1,1961853.955,33.99,2003,35,3.98,33.99
167591,Active,320183,NA,NA,S,2,1,906399.7175,89.95,2002,38,6.53,44.49
167592,Active,2039158,NA,NA,S,2,1,9507.8925,19.95,2014,88,5.48,11.49
167593,Active,2675714,NA,NA,S,3,1,2665500.815,29.3,1992,55,4,14.95
167594,Active,617684,NA,NA,S,5,1,191232.8638,81.99,2005,57,18.02,53.99
167595,Active,146159,NA,NA,S,2,1,176322.7163,104,2009,37,31.83,84.88
167596,Active,192074,NA,NA,D,2,1,158652.98,85.89,2007,61,8.95,62.81
167597,Active,710375,NA,NA,D,9,1,1118876.1,88,2000,39,4.59,30.53
167598,Active,594663,NA,NA,S,1,0,367601.1263,196.95,2012,51,8.59,0
167599,Active,198130,NA,NA,S,1,0,47739.125,67.15,2010,17,57.99,67.74
167600,Active,144586,NA,NA,D,3,1,1974866.163,81,2003,44,4,8.98
167601,Active,55365,NA,NA,D,2,1,119898.4563,166.95,2008,42,9.79,50.13
167602,Active,118916,NA,NA,D,1,0,190304.9863,114,2007,46,21.28,85.15
167603,Active,617065,NA,NA,D,2,1,4381526.165,71,2000,36,4,19.96
167604,Active,55366,NA,NA,D,1,0,297916.0313,183.95,2005,60,4,25.36
167605,Active,123283,NA,NA,D,1,0,33049.0325,20,2002,806,4,7.09
167606,Active,865499,NA,NA,S,7,1,926805.215,48,2014,20,10.03,27.98
167607,Active,2448500,NA,NA,D,0,0,1821270.195,0,1991,18,11.21,63.27
167608,Active,636152,NA,NA,S,2,1,660726.675,105,1991,29,17.49,76.26
167609,Active,156625,NA,NA,S,2,1,166594.4075,46.95,1997,48,4.96,39.95
167610,Active,108389,NA,NA,S,4,1,1165338.55,71,2005,24,5.63,17.94
167611,Active,881568,NA,NA,S,2,1,77492.59125,69.99,2015,16,38.98,56.75
167612,Active,542749,NA,NA,D,1,0,815353.38,62.95,2004,20,16.03,75.8
167613,Active,2350136,NA,NA,S,2,1,81416.58125,13,2003,69,4,32.97
167614,Active,106695,NA,NA,S,2,1,515979.1525,20,2008,39,4,10.2
167615,Active,106059,NA,NA,S,2,1,136834.3188,13,2003,91,4,13.99
167616,Active,3057088,NA,NA,S,1,0,618377.435,35,2001,37,4.39,47.89
167617,Active,56299,NA,NA,D,4,1,118619.4188,21.85,2009,144,4,10.94
167618,Active,919906,NA,NA,S,4,1,450753.0338,16.99,2010,56,7.03,13.24
167619,Active,56295,NA,NA,D,3,1,884687.6038,24.95,2005,149,3.9,8.64
167620,Active,56298,NA,NA,D,3,1,606534.9025,7.49,2009,69,4,20.95
167621,Active,646972,NA,NA,S,5,1,2526.14375,35.5,2013,121,17.28,18.99
167622,Active,920505,NA,NA,S,1,0,444558.9038,9.04,2008,82,4,6.74
167623,Active,908179,NA,NA,S,4,1,1203648.756,9.95,2008,17,4,26.82
167624,Active,268398,NA,NA,S,2,1,104738.3788,70,2005,30,13.99,0
167625,Active,117572,NA,NA,S,0,0,150664.3825,122.4,2004,48,4,49.3
167626,Active,902527,NA,NA,S,0,0,1222125.759,37.5,2006,25,3.99,28.98
167627,Active,531056,NA,NA,S,2,1,157664.635,34,2009,51,5.47,10.86
167628,Active,531050,NA,NA,S,2,1,525690.89,29.99,2009,72,4,0
167629,Active,535724,NA,NA,S,0,0,25591.325,34.99,2013,22,19.93,0
167630,Active,326416,NA,NA,D,5,1,732188.1125,150.8,2011,31,5.48,73.87
167631,Active,326317,NA,NA,S,2,1,3771946.911,87.5,2004,36,4,54.73
167632,Active,137526,NA,NA,D,3,1,1747358.906,93.33,2008,38,4,12.99
167633,Active,119704,NA,NA,S,4,1,50251.0375,105.75,2008,34,46.32,73.98
167634,Active,119705,NA,NA,S,4,1,127540.1663,22.25,2008,26,3.4,20.68
167635,Active,635916,NA,NA,S,3,1,254376.295,105.75,2004,51,9.38,55.89
167636,Active,915778,NA,NA,D,3,1,163003.9638,86.25,2004,34,11.85,33.99
167637,Active,666571,NA,NA,S,4,1,98161.95,105.75,2008,24,32.04,83.98
167638,Active,2678984,NA,NA,D,1,0,4542868.05,39.95,1992,23,4,27.87
167639,Active,531044,NA,NA,S,2,1,72631.08125,34.99,2009,22,14.74,17.16
167640,Active,264203,NA,NA,S,2,1,391393.1338,35.95,2002,72,4,12.98
167641,Active,264277,NA,NA,D,4,1,204154.64,42.95,2007,47,5.78,23.32
167642,Active,264238,NA,NA,D,3,1,810763.9788,39.95,2004,54,4.65,19.26
167643,Active,368432,NA,NA,S,2,1,195486.5538,28.95,2009,52,9.41,21.79
167644,Active,155531,NA,NA,S,3,1,1137560.634,28.95,1997,50,4,19.99
167645,Active,3751695,NA,NA,S,7,1,14507,59.99,2016,19,32.35,56.99
167646,Active,905839,NA,NA,D,2,1,2039880.055,49.95,2005,16,8.17,52.9
167647,Active,61182,NA,NA,D,3,1,976129.3963,55.95,2006,27,9.98,22.99
167648,Active,2147987,NA,NA,D,2,1,2524188.324,37.98,2007,11,7.44,40.44
167649,Active,531042,NA,NA,S,2,1,391692.8788,44.95,2009,21,17.08,25.54
167650,Active,788678,NA,NA,D,2,1,2462147.056,159,1999,37,4,48.79
167651,Active,900477,NA,NA,S,2,1,143535.9038,77.95,2014,19,48.36,55.64
167652,Active,643959,NA,NA,D,0,0,983901.05,272.99,2009,23,53.89,65.64
167653,Active,191875,NA,NA,S,5,1,40071.67,230.75,2001,101,13.48,76.99
167654,Active,191792,NA,NA,D,4,1,922758.76,100.85,1997,86,4,45.82
167655,Active,531041,NA,NA,S,2,1,692043.8775,54.99,2008,23,11.35,25
167656,Active,741558,NA,NA,S,3,1,1339940.196,59.99,2008,36,4.09,13.96
167657,Active,531040,NA,NA,S,2,1,1018402.473,54.99,2010,21,12.02,15.98
167658,Active,2698466,NA,NA,D,2,1,2312836.73,46.95,2003,35,4,45.35
167659,Active,1651419,NA,NA,D,3,1,2443081.12,54.95,2007,20,4,27.98
167660,Active,909069,NA,NA,S,2,1,196763.075,61.95,2014,25,45.67,51.02
167661,Active,157721,NA,NA,D,1,0,419797.0063,56.95,2011,42,33.98,75.19
167662,Active,904791,NA,NA,D,0,0,3024648.03,44.95,1990,21,8.96,47.94
167663,Active,2602126,NA,NA,D,0,0,2424567.846,45.99,1996,35,4,44.21
167664,Active,269436,NA,NA,S,2,1,96127.4025,85,2010,60,38.89,61
167665,Active,173911,NA,NA,S,2,1,95538.71125,34.99,2004,62,6.99,24.96
167666,Active,633338,NA,NA,S,8,1,101991.675,65,2008,13,45.99,45.99
167667,Active,231567,NA,NA,D,2,1,25349.41125,129.95,2011,114,8.15,28.48
167668,Active,486262,NA,NA,S,2,1,223175.3025,84.47,2011,30,18.94,27.49
167669,Active,110740,NA,NA,D,1,0,120351.6588,204.75,2011,59,5.98,38.99
167670,Active,169826,NA,NA,D,12,1,1547505.168,70.95,2008,20,3.43,175.23
167671,Active,587608,NA,NA,D,13,1,474600.6813,63.95,2012,27,39.15,46.16
167672,Active,144223,NA,NA,S,6,1,725098.3363,176.4,2001,24,15.99,26.99
167673,Active,103726,NA,NA,S,5,1,1759392.406,111,1997,44,4.13,14.49
167674,Active,144146,NA,NA,S,6,1,122022.355,176.4,2000,96,8.96,36.23
167675,Active,60293,NA,NA,D,5,1,483449.4513,142.93,2001,62,4.58,29.95
167676,Active,231534,NA,NA,D,1,0,152330.0963,109.95,2008,116,4.79,29.42
167677,Active,617204,NA,NA,S,4,1,262253.445,112.16,1999,45,6.23,49.48
167678,Active,144145,NA,NA,D,5,1,1133071.426,93,2000,42,4,48.15
167679,Active,52211,NA,NA,D,5,1,34383.49,100.41,2009,98,6.21,51.15
167680,Active,52210,NA,NA,D,4,1,133420.8375,26.89,2006,115,4.13,26.33
167681,Active,108749,NA,NA,S,3,1,1399661.648,8.99,2004,66,4,8.99
167682,Active,616155,NA,NA,S,2,1,1759438.178,49.95,1990,29,4.07,45.86
167683,Active,542390,NA,NA,D,3,1,1036268.724,86.95,1999,21,6.62,173.31
167684,Active,184583,NA,NA,D,3,1,2179886.254,66.95,1996,35,4.3,34.09
167685,Active,246299,NA,NA,S,4,1,163144.9438,150,2006,45,30.95,42.39
167686,Active,129108,NA,NA,S,2,1,225338.175,69.95,2009,19,42.3,44.15
167687,Active,196490,NA,NA,D,1,0,3303267.208,75.95,2001,22,9.56,72.99
167688,Active,246457,NA,NA,S,2,1,630718.0813,134.75,2008,31,23.69,70.02
167689,Active,832802,NA,NA,D,1,0,373340.5588,94.95,2002,24,12.36,26.98
167690,Active,285885,NA,NA,S,4,1,231060.3788,107.2,2001,42,4,18.99
167691,Active,539263,NA,NA,D,9,1,359842.9125,245.8,2012,73,5.8,32.43
167692,Active,121588,NA,NA,D,8,1,710533.2488,210.6,2011,69,4,28.99
167693,Active,120795,NA,NA,S,6,1,1062584.276,197.33,2009,72,4,10.86
167694,Active,120779,NA,NA,D,7,1,1007041.504,202.2,2010,75,4,48.21
167695,Active,254082,NA,NA,S,2,1,361305.4975,59.95,2009,128,4,13.76
167696,Active,613002,NA,NA,S,1,0,909217.6788,73.95,2008,33,4,43.97
167697,Active,100421,NA,NA,D,3,1,572733.435,87.35,1998,32,5.87,55.09
167698,Active,136852,NA,NA,D,1,0,555616.1013,82,2001,44,33.99,74.02
167699,Active,136857,NA,NA,S,2,1,39840.0475,100,2010,34,61.01,71.73
167700,Active,760935,NA,NA,S,2,1,4614009.918,72.45,2001,14,12.12,56.61
167701,Active,748361,NA,NA,D,3,1,3316745.894,73.61,2005,14,48.87,71.95
167702,Active,114909,NA,NA,D,5,1,506153.5563,162.2,2002,38,16.59,33.99
167703,Active,625584,NA,NA,S,4,1,420722.1588,131.02,1996,35,13.75,73.61
167704,Active,112383,NA,NA,S,4,1,82767.47375,87.73,1997,66,8.67,73.71
167705,Active,134898,NA,NA,D,0,0,306683.2913,40.01,2011,20,9.12,33.96
167706,Active,3102469,NA,NA,D,2,1,1552475.763,68,2005,23,4,33.97
167707,Active,2047622,NA,NA,S,3,1,715789.9413,85,2014,28,26.98,28.87
167708,Active,290081,NA,NA,D,2,1,1711056.099,28.98,2007,39,5.78,93.04
167709,Active,193723,NA,NA,D,8,1,121908.0913,198,2010,30,5.69,63
167710,Active,193553,NA,NA,D,7,1,306470.9025,138,2007,32,36.41,53.99
167711,Active,211821,NA,NA,S,2,1,98220.62875,82.5,2008,35,31.98,57.45
167712,Active,386156,NA,NA,S,11,1,107538.6213,129.5,2011,40,22.77,0
167713,Active,518406,NA,NA,S,5,1,320847.1075,74.99,2012,38,8.22,42.81
167714,Active,648196,NA,NA,S,2,1,993299.0613,47.95,2012,17,36.54,41.36
167715,Active,145669,NA,NA,D,10,1,172657.2213,210,2008,68,15.03,37.87
167716,Active,645599,NA,NA,D,0,0,3153467.511,53.95,2007,23,4,72.33
167717,Active,434678,NA,NA,D,9,1,676445.805,153.2,2005,59,4.22,49.99
167718,Active,647876,NA,NA,S,2,1,1434748.521,46.95,2010,24,19.39,30.84
167719,Active,178606,NA,NA,D,3,1,953907.6938,102.95,2005,51,4,13.61
167720,Active,608633,NA,NA,D,2,1,478690.7563,117.95,2003,33,4.59,32.96
167721,Active,429124,NA,NA,S,2,1,1469007.478,58,2011,18,28.27,26.29
167722,Active,744874,NA,NA,D,1,0,791213.2063,114.95,2005,14,4.28,24.98
167723,Active,650673,NA,NA,S,2,1,736610.7175,93.95,2010,23,47.03,71.14
167724,Active,617698,NA,NA,S,2,1,110755.8063,105,2003,38,27.58,61.09
167725,Active,621017,NA,NA,D,0,0,1154604.498,85.2,1995,28,4,9.94
167726,Active,620354,NA,NA,D,0,0,320939.6325,146.47,2004,34,4,51.38
167727,Active,533923,NA,NA,D,5,1,300174.7913,263.95,2010,47,5.97,71.28
167728,Active,608062,NA,NA,S,3,1,1533443.788,152.95,2004,28,4.39,12.98
167729,Active,178954,NA,NA,D,5,1,62136.55,263.95,2010,109,4.5,49.39
167730,Active,178026,NA,NA,S,10,1,205384.4725,188.95,2003,67,4.13,84.37
167731,Active,201709,NA,NA,S,8,1,337396.4238,52.95,2014,54,4,36.21
167732,Active,903086,NA,NA,D,0,0,1243664.29,144,2005,17,3,18.49
167733,Active,655951,NA,NA,S,0,0,687462.5025,54,2010,23,26.98,34.49
167734,Active,291088,NA,NA,S,3,1,1148192.704,49.99,2009,32,5.54,40.97
167735,Active,459155,NA,NA,S,3,1,3467858.42,68.6,2011,16,4.76,50.91
167736,Active,868168,NA,NA,S,2,1,392128.76,18.98,1984,38,4,33.99
167737,Active,113712,NA,NA,S,9,1,1549241.223,99,1999,43,4,19.96
167738,Active,50082,NA,NA,D,12,1,121305.87,190.4,2009,53,15.99,59.81
167739,Active,531009,NA,NA,D,14,1,96721.09625,379.95,2012,99,5.58,16.94
167740,Active,528479,NA,NA,S,19,1,511350.0413,95.38,2011,20,24.93,88.99
167741,Active,111474,NA,NA,S,2,1,1483950.025,207.5,2011,21,27.72,145.37
167742,Active,876095,NA,NA,S,3,1,1495288.046,21.59,2012,30,6.94,43.99
167743,Active,119723,NA,NA,S,0,0,49160.25,135.5,2008,58,9.33,61.49
167744,Active,704145,NA,NA,D,5,1,480716.6763,23.94,2003,42,4.12,23.9
167745,Active,116374,NA,NA,D,10,1,414159.55,283.4,2011,38,8.98,58.65
167746,Active,60303,NA,NA,D,8,1,1193968.659,41.59,2006,46,4,8.99
167747,Active,545181,NA,NA,D,3,1,16033.6875,261.3,2012,126,6.88,46.56
167748,Active,286317,NA,NA,D,4,1,67721.775,311.4,2012,139,5.97,26.34
167749,Active,55359,NA,NA,S,7,1,955296.8413,358.95,2004,69,4.76,69.9
167750,Active,543960,NA,NA,D,10,1,124727.2625,18,2012,51,6.47,36.5
167751,Active,899547,NA,NA,D,7,1,2066636.044,132.5,2009,19,6.03,49.74
167752,Active,550550,NA,NA,D,1,0,738176.09,15.99,2008,45,4.48,155
167753,Active,104708,NA,NA,D,16,1,495806.5038,85.75,1998,44,5.8,43.98
167754,Active,192120,NA,NA,D,1,0,2347026.181,49.98,2007,20,4.8,52.18
167755,Active,108363,NA,NA,D,18,1,622402.68,222.47,2004,22,18.79,71.18
167756,Active,531008,NA,NA,S,6,1,91168.2975,403.95,2012,57,16.54,95
167757,Active,692051,NA,NA,S,8,1,3736746.823,215.95,1999,33,4,10.43
167758,Active,55364,NA,NA,D,9,1,765027.5588,417.95,2011,46,7.53,29.72
167759,Active,55363,NA,NA,D,8,1,368962.18,417.95,2008,85,4.11,54.47
167760,Active,55362,NA,NA,D,7,1,1033925.351,433.95,2005,86,4,14.98
167761,Active,288947,NA,NA,D,8,1,1010385.126,274.95,2009,43,4,1868.56
167762,Active,148777,NA,NA,D,8,1,1312529.368,285.95,2009,38,4,52.71
167763,Active,1611066,NA,NA,S,6,1,645422.9513,182.86,2011,18,5.74,218.67
167764,Active,54280,NA,NA,D,6,1,87384.20125,30.68,2010,51,6.67,46.54
167765,Active,54283,NA,NA,D,5,1,1348156.008,7.98,2007,40,4,26.55
167766,Active,766348,NA,NA,D,10,1,447248.2475,409.95,2010,42,7.69,72.97
167767,Active,903816,NA,NA,S,0,0,230313.08,129.9,2005,45,21.88,83.85
167768,Active,537979,NA,NA,D,7,1,661358.5063,435.95,2007,81,4.05,11
167769,Active,53994,NA,NA,D,18,1,55405.485,179.95,2008,169,4.76,46.8
167770,Active,110069,NA,NA,D,8,1,155185.3138,312.25,2009,118,4.97,35.93
167771,Active,1438501,NA,NA,S,1,0,52184.575,363.75,2013,37,53.96,53.98
167772,Active,643694,NA,NA,S,4,1,1004667.563,65.31,2010,21,4.67,65.47
167773,Active,593623,NA,NA,S,1,0,533656.7175,8.87,2007,49,4,8.65
167774,Active,710810,NA,NA,S,3,1,623241.8338,77.75,2000,45,5.8,30.97
167775,Active,286430,NA,NA,S,2,1,200538.2875,194,2007,71,5.5,15.99
167776,Active,201730,NA,NA,S,7,1,394623.1938,49.95,2008,34,34.29,0
167777,Active,548471,NA,NA,D,6,1,2925635.243,67.5,1990,18,4.18,0
167778,Active,178964,NA,NA,D,13,1,278144.5825,417.95,2010,106,4,15.29
167779,Active,603251,NA,NA,S,8,1,432065.2513,46.42,2006,18,13.98,48.74
167780,Active,110573,NA,NA,S,2,1,39883.1475,276.25,2011,67,16.51,38.99
167781,Active,696500,NA,NA,D,18,1,1348519.75,112.25,2009,48,4.41,23.29
167782,Active,699011,NA,NA,D,1,0,3613238.605,99,2008,16,4.98,57.06
167783,Active,740972,NA,NA,D,8,1,288875.285,220,2007,40,4.48,14.88
167784,Active,162795,NA,NA,D,9,1,408707.875,30.14,2009,83,5.15,38.96
167785,Active,192013,NA,NA,D,2,1,83888.875,44.98,2009,99,5.44,16.21
167786,Active,2341686,NA,NA,S,10,1,1202978.665,79.72,1976,51,4.35,53.84
167787,Active,286436,NA,NA,D,3,1,116744.8863,254.2,2009,94,4,19.15
167788,Active,607927,NA,NA,S,0,0,1019505.721,182,2007,20,4.53,43.99
167789,Active,728301,NA,NA,D,6,1,3484797.03,96.8,2001,25,4,7.99
167790,Active,254078,NA,NA,D,5,1,574446.9188,331.95,2009,34,5.13,25.97
167791,Active,60300,NA,NA,D,4,1,2174930.038,269.95,2007,32,4,17.99
167792,Active,713163,NA,NA,S,2,1,745315.5088,134.15,2003,71,4.35,12.33
167793,Active,110449,NA,NA,D,8,1,1773455.203,11.97,2006,57,4,11.19
167794,Active,108254,NA,NA,S,7,1,3351298.631,106,2004,33,4.17,25.98
167795,Active,550560,NA,NA,S,6,1,1586257.984,28.51,2011,39,4,28.5
167796,Active,54714,NA,NA,D,8,1,622286.8088,147.67,2007,36,4.62,46.49
167797,Active,110346,NA,NA,D,7,1,999669.1,33.98,2007,72,4.14,33.23
167798,Active,531028,NA,NA,D,3,1,2599683.89,103.25,2009,17,4.64,69.9
167799,Active,417073,NA,NA,D,2,1,5841079.816,251.25,2006,30,4.76,38.99
167800,Active,531024,NA,NA,D,2,1,281712.6588,95,2009,38,23.96,61.61
167801,Active,259977,NA,NA,D,1,0,2690138.49,81,2000,19,4,12.95
167802,Active,1777666,NA,NA,S,1,0,98157.375,100,2013,23,20.83,56.86
167803,Active,286453,NA,NA,D,2,1,291747.3888,245.2,2009,78,4,38.59
167804,Active,60296,NA,NA,D,1,0,1084057.961,173.33,2004,45,4,17.22
167805,Active,1590546,NA,NA,D,1,0,1397089.578,58.5,2009,13,4.19,33.4
167806,Active,1584809,NA,NA,S,2,1,151637.555,61.45,2011,30,29.22,42.86
167807,Active,178656,NA,NA,D,7,1,548093.7413,417.95,2010,46,17.43,79.65
167808,Active,60297,NA,NA,D,5,1,2293164.999,302.95,2007,44,4,13.99
167809,Active,148632,NA,NA,D,6,1,434133.1938,401.95,2008,62,4,18.67
167810,Active,148068,NA,NA,S,4,1,2178247.53,292.95,2004,41,4,38.57
167811,Active,2263418,NA,NA,D,2,1,661916.55,35.32,2011,26,0,0
167812,Active,252844,NA,NA,D,2,1,652560.9375,278,2012,57,6.82,58.95
167813,Active,603343,NA,NA,S,1,0,159564.5475,75.58,2008,34,10.94,66.43
167814,Active,238052,NA,NA,S,0,0,311260.015,14.95,2008,53,6.83,20.69
167815,Active,766718,NA,NA,S,2,1,1260344.086,130,2000,38,3.99,0
167816,Active,534828,NA,NA,S,4,1,600836.2725,47.3,2011,75,4,7.98
167817,Active,60302,NA,NA,D,12,1,775541.1338,459.95,2008,75,4,8.81
167818,Active,561222,NA,NA,D,9,1,709601.5363,233.33,2009,51,4.27,23.94
167819,Active,867242,NA,NA,S,3,1,283924.7838,79.95,2014,31,38.73,57.44
167820,Active,157573,NA,NA,D,2,1,666902.2925,70.95,2010,39,8.61,55.18
167821,Active,749439,NA,NA,D,1,0,4633247.18,94.3,2005,18,4.17,47.8
167822,Active,569913,NA,NA,D,2,1,385499.9563,131,1997,21,5.98,51.25
167823,Active,913251,NA,NA,S,6,1,299577.7463,99.4,2006,26,9.98,66.75
167824,Active,51345,NA,NA,D,6,1,106436.6238,23.93,2006,54,4.44,26.97
167825,Active,118565,NA,NA,D,5,1,630624.295,168,2006,61,4,50.81
167826,Active,115620,NA,NA,D,4,1,1760166.808,158,2003,37,4,23.94
167827,Active,259987,NA,NA,S,2,1,2343732.43,74,2002,22,4,52.23
167828,Active,146480,NA,NA,D,5,1,935325.4075,41.4,2011,69,4,38.93
167829,Active,2419985,NA,NA,S,6,1,7893700.925,65,2005,24,4,59.99
167830,Active,434718,NA,NA,D,8,1,1902593.763,173.33,2006,38,4.21,19.49
167831,Active,146123,NA,NA,D,2,1,303283.9613,220,2009,69,5.82,25.99
167832,Active,57807,NA,NA,S,10,1,40815.465,123,2007,52,21.44,92.98
167833,Active,121597,NA,NA,D,17,1,275941.4263,41.4,2011,48,4.48,28.99
167834,Active,539419,NA,NA,D,18,1,140618.5925,47.8,2013,48,12.83,36.76
167835,Active,145432,NA,NA,D,15,1,1134019.221,33.33,2007,77,3.96,8.99
167836,Active,112514,NA,NA,D,4,1,374805.585,63.95,2011,69,23.43,28.16
167837,Active,287862,NA,NA,S,4,1,43592.0225,100,2005,64,28.54,68.97
167838,Active,3491191,NA,NA,D,2,1,2471250.5,75,1995,37,4.99,23.74
167839,Active,60298,NA,NA,D,3,1,1287426.538,78,2000,32,4.81,10.99
167840,Active,635774,NA,NA,S,2,1,858695.8563,62.49,2001,21,9.98,55.34
167841,Active,262760,NA,NA,S,2,1,289247.2313,79.95,2009,22,33.24,63.99
167842,Active,537678,NA,NA,D,20,1,66895.21125,55.98,2012,86,19.53,113.23
167843,Active,285417,NA,NA,D,18,1,1003378.493,22.84,2007,44,4,23.99
167844,Active,110452,NA,NA,D,19,1,531311.3125,99.75,2009,39,7.79,53.46
167845,Active,61176,NA,NA,D,3,1,1301835.275,193.33,2007,29,4,11.48
167846,Active,144867,NA,NA,D,2,1,2306693.511,129.33,2004,32,4,29.05
167847,Active,121569,NA,NA,D,4,1,130357.565,233.4,2010,42,12.99,152.07
167848,Active,290352,NA,NA,D,3,1,1471833.846,8.89,2003,44,4,8.89
167849,Active,166576,NA,NA,D,4,1,566675.6863,15.98,2006,73,6.33,30
167850,Active,153888,NA,NA,D,5,1,706893.8025,21.93,2005,50,4,6.49
167851,Active,531017,NA,NA,S,6,1,92594.35875,76.75,2012,56,27.14,37.09
167852,Active,2511740,NA,NA,S,2,1,3314997.481,95.85,1988,28,4.13,29.73
167853,Active,154204,NA,NA,D,3,1,465500.275,36.74,2000,54,5.47,15.98
167854,Active,662960,NA,NA,S,2,1,500397.6,73.95,2007,24,54.74,57.19
167855,Active,117630,NA,NA,D,5,1,390420.9525,126.67,2005,29,4,33.99
167856,Active,120762,NA,NA,D,6,1,452772.4325,156.2,2009,46,8.84,53.33
167857,Active,888965,NA,NA,S,2,1,4141466.736,158,2013,11,13.06,107.87
167858,Active,50626,NA,NA,D,10,1,2081269.618,345.95,2005,60,3.78,16.89
167859,Active,50628,NA,NA,D,11,1,614996.7675,421.95,2008,56,4.71,28.99
167860,Active,500050,NA,NA,D,11,1,1474618.484,383.95,2010,35,4.15,8.99
167861,Active,112241,NA,NA,S,1,0,94906.355,130.75,2004,208,6.38,23.99
167862,Active,112150,NA,NA,D,1,0,684930.0263,129,2002,69,4,20.39
167863,Active,112321,NA,NA,D,1,0,51007.44625,179.75,2007,124,6.39,27.98
167864,Active,119120,NA,NA,D,7,1,550092.8238,283.4,2011,89,4.58,17.3
167865,Active,54009,NA,NA,D,6,1,378879.9213,233.33,2009,70,4.17,43.94
167866,Active,116792,NA,NA,S,4,1,3225348.603,173.33,2005,47,3.96,9.74
167867,Active,55356,NA,NA,D,8,1,1090660.204,331.95,2007,56,4,48.07
167868,Active,531005,NA,NA,D,10,1,286477.6175,35.99,2010,75,8.47,54.93
167869,Active,110066,NA,NA,D,9,1,1045135.659,11.76,2008,78,4,13.32
167870,Active,2040612,NA,NA,S,2,1,179198.95,48.99,2009,21,36.38,48.24
167871,Active,716253,NA,NA,S,17,1,104912.8275,220.47,2013,56,8.94,43.99
167872,Active,118289,NA,NA,D,15,1,995478.78,233.33,2010,82,4.1,9.65
167873,Active,285625,NA,NA,D,1,0,199571.6013,138.75,2007,90,5.62,32.54
167874,Active,112242,NA,NA,D,3,1,339738.1575,130.75,2004,70,4.72,18.99
167875,Active,2264954,NA,NA,S,16,1,604062.7963,83.7,2011,47,9.28,40.77
167876,Active,119118,NA,NA,D,16,1,82242.25625,225,2011,110,5.65,33.91
167877,Active,145451,NA,NA,S,14,1,1366125.091,154.33,2007,23,4.77,13.95
167878,Active,539362,NA,NA,D,17,1,18967.7225,257.6,2013,137,5.97,37.75
167879,Active,60299,NA,NA,S,14,1,1020784.138,10.91,2007,72,4,15.99
167880,Active,146087,NA,NA,D,15,1,179575.2625,186.67,2009,87,6.43,29.08
167881,Active,54713,NA,NA,D,7,1,3041811.373,109.33,2004,26,4.39,14.94
167882,Active,748010,NA,NA,S,5,1,4570714.759,76,1998,29,4,12.49
167883,Active,748101,NA,NA,D,6,1,2009120.289,100,2001,38,4,4
167884,Active,153867,NA,NA,D,7,1,142597.8513,138,2004,39,24.24,79.51
167885,Active,182947,NA,NA,D,6,1,1378083.748,56.61,2004,55,4.07,41.77
167886,Active,217298,NA,NA,S,2,1,663410.1075,39,2007,47,8.91,25
167887,Active,623187,NA,NA,S,1,0,658314.7838,65,2005,28,4.78,12.94
167888,Active,52802,NA,NA,S,5,1,819952.375,8.04,2000,89,4,35.97
167889,Active,52801,NA,NA,D,6,1,24656.13,57.98,2008,109,5.97,68.04
167890,Active,545008,NA,NA,S,2,1,535324.4013,43,2012,30,16.46,33.18
167891,Active,2078837,NA,NA,S,0,0,1089626.51,18.95,2010,9,25.97,16.92
167892,Active,2078838,NA,NA,S,0,0,171872.6225,16.95,2010,16,12.81,12.81
167893,Active,869717,NA,NA,S,2,1,685618.73,55,2013,16,46.58,46.6
167894,Active,3049331,NA,NA,D,0,0,8418364.793,129.95,1995,19,4.4,10
167895,Active,906334,NA,NA,S,2,1,5769013.01,47.95,1999,18,4.27,41.18
167896,Active,531002,NA,NA,S,2,1,276749.81,68.95,2008,31,25.99,54.64
167897,Active,1686626,NA,NA,S,4,1,26122.525,39.95,2012,23,17.45,23.98
167898,Active,2019712,NA,NA,S,2,1,25510.3,44.95,2010,25,22.21,26.99
167899,Active,658006,NA,NA,S,1,0,39984.35,63.95,2013,17,36.34,48.26
167900,Active,760976,NA,NA,S,1,0,1139956.596,58,1998,43,4,28.73
167901,Active,865748,NA,NA,S,2,1,885981.4925,49.95,2011,24,24.24,42.18
167902,Active,217719,NA,NA,S,2,1,610398.5025,80.95,2007,57,4,33.69
167903,Active,57587,NA,NA,D,1,0,79928.67125,55.26,2008,44,13.83,66.27
167904,Active,913483,NA,NA,D,0,0,1239089.06,59.65,1998,22,4,4.99
167905,Active,911813,NA,NA,S,21,1,891645.435,43.8,2011,20,7.99,30.99
167906,Active,3784111,NA,NA,D,2,1,14174062.9,29,1991,13,4,0
167907,Active,256300,NA,NA,S,4,1,64462.44875,54.95,2004,38,23.99,43.99
167908,Active,667316,NA,NA,S,2,1,707479.3788,64.95,2012,50,44.7,59.94
167909,Active,877030,NA,NA,D,0,0,1119228.98,49.33,2009,45,6.05,50.91
167910,Active,290987,NA,NA,D,13,1,82185.62125,225.95,2011,76,12.61,38.96
167911,Active,179150,NA,NA,D,12,1,454006.5,237.95,2008,66,4,23.78
167912,Active,60304,NA,NA,D,11,1,1139792.173,167.95,2005,68,4,15.66
167913,Active,247817,NA,NA,S,2,1,501562.4275,41.95,2008,34,7.62,39.65
167914,Active,162816,NA,NA,S,1,0,18345,51,2009,54,25.88,31.35
167915,Active,292112,NA,NA,S,5,1,523746.9713,312.95,2000,39,4.39,73.33
167916,Active,619080,NA,NA,S,1,0,178046.0813,44,1990,38,7.96,12.49
167917,Active,626996,NA,NA,S,2,1,555885.6588,45.95,2006,28,31.08,41.13
167918,Active,131620,NA,NA,S,1,0,653150.1563,170.8,2004,42,4,56.72
167919,Active,111974,NA,NA,S,38,1,1874015.309,46,2010,28,3.91,12.39
167920,Active,111999,NA,NA,S,39,1,1224696.884,49.5,2011,35,4,36.98
167921,Active,530996,NA,NA,D,4,1,64356.9475,53.95,2012,33,14.49,21.42
167922,Active,158312,NA,NA,D,3,1,444453.1463,48.95,2008,46,4,28.63
167923,Active,213173,NA,NA,D,2,1,1608489.87,38.95,2004,45,4,47.53
167924,Active,661550,NA,NA,S,0,0,1402204.249,38,2011,19,10.28,28.51
167925,Active,564950,NA,NA,S,2,1,182030.715,50.95,2010,25,35.05,30.92
167926,Active,612599,NA,NA,S,41,1,855034.675,58.5,2013,42,4,39.52
167927,Active,132615,NA,NA,S,1,0,252125.2688,118.6,2008,50,4.93,41.64
167928,Active,832397,NA,NA,D,0,0,1295635.871,84.35,1999,17,4.97,73.21
167929,Active,197884,NA,NA,D,1,0,3072932.565,93.39,2007,21,6.03,72.75
167930,Active,578325,NA,NA,S,8,1,708526.0388,161.32,1996,37,4,56.33
167931,Active,213084,NA,NA,D,3,1,2300668.458,100,2004,23,4,7.23
167932,Active,626309,NA,NA,D,4,1,1014290.125,109.95,2009,30,6.33,14.14
167933,Active,592781,NA,NA,D,0,0,2106730.463,146,2009,23,8.74,15.99
167934,Active,131733,NA,NA,D,5,1,163033.96,132,2003,52,4.5,38.2
167935,Active,607659,NA,NA,D,4,1,1069359.47,106.2,1997,40,4,14.88
167936,Active,132174,NA,NA,S,5,1,786603.87,114.67,2006,66,4,16.84
167937,Active,51327,NA,NA,D,5,1,509427.3925,284.95,2007,61,12.98,26.56
167938,Active,2619289,NA,NA,S,2,1,2622802.559,84.95,1995,32,4,23.94
167939,Active,110365,NA,NA,D,8,1,277405.8975,32.04,2007,31,29.39,28.98
167940,Active,107198,NA,NA,D,6,1,1843384.424,91.87,2000,33,4,14.83
167941,Active,51329,NA,NA,D,4,1,747484.695,148.95,2003,69,4,12.99
167942,Active,108386,NA,NA,D,7,1,687334.8463,28.1,2004,29,4.25,23.94
167943,Active,631740,NA,NA,S,1,0,103059.925,136,2007,34,35.98,40.97
167944,Active,117289,NA,NA,D,5,1,633784.7238,117.33,2006,58,4,12.99
167945,Active,118980,NA,NA,D,6,1,352868.5538,150.6,2010,68,8.82,73
167946,Active,199263,NA,NA,D,0,0,1557097.87,46.95,2003,45,4,4.05
167947,Active,248080,NA,NA,D,2,1,421226.1725,56,2009,35,5.98,41.98
167948,Active,545787,NA,NA,S,3,1,29320.00125,68,2012,35,37.99,47.13
167949,Active,169901,NA,NA,D,1,0,487041.89,199.95,2010,36,4.52,58.39
167950,Active,115557,NA,NA,S,2,1,723319.6838,74,2003,69,4,16.42
167951,Active,131697,NA,NA,D,5,1,422677.3425,130.67,2003,27,4.07,45.77
167952,Active,116138,NA,NA,D,4,1,1497394.42,78.67,2005,45,4,8.99
167953,Active,711363,NA,NA,D,3,1,4279150.039,61.33,2001,27,4,9.32
167954,Active,870496,NA,NA,D,3,1,971597.2463,130.67,2005,44,4,5.78
167955,Active,287587,NA,NA,D,4,1,419283.9638,158.8,2008,23,23.69,36.18
167956,Active,177639,NA,NA,D,4,1,890518.1225,351.95,2001,37,4.03,51.99
167957,Active,165733,NA,NA,D,1,0,1036583.055,7.92,2006,32,4,11.91
167958,Active,162173,NA,NA,D,2,1,976159.1663,15.99,2008,64,4,36.83
167959,Active,131624,NA,NA,S,9,1,1251313.715,98.4,2003,104,4,22.14
167960,Active,108258,NA,NA,D,2,1,2536805.459,7.98,2003,41,4,7.98
167961,Active,111988,NA,NA,D,26,1,1348860.123,23.88,2011,41,4,23.99
167962,Active,108956,NA,NA,D,2,1,3196110.663,38.67,2006,32,4.99,12.87
167963,Active,132107,NA,NA,D,0,0,1048413.886,124.67,2005,23,7.09,49.98
167964,Active,51363,NA,NA,D,11,1,258501.7,173.8,2010,57,5.47,73.27
167965,Active,132388,NA,NA,D,10,1,954462.3788,147.4,2007,78,4,48.86
167966,Active,428393,NA,NA,D,10,1,190519.4288,124.67,2006,118,4.34,16.98
167967,Active,244431,NA,NA,S,1,0,259674.91,207.95,2012,33,47.4,128.99
167968,Active,51367,NA,NA,D,10,1,95997.5675,53.99,2006,150,4.04,19.72
167969,Active,110298,NA,NA,S,22,1,2717935.919,153.48,2007,25,3.83,44.68
167970,Active,131571,NA,NA,S,1,0,602334.4838,131.8,2005,35,11.79,57.03
167971,Active,116331,NA,NA,S,7,1,249920.675,187.13,2010,31,38.67,143.76
167972,Active,120873,NA,NA,D,6,1,129600.7863,136,2007,117,4.09,43.99
167973,Active,613884,NA,NA,D,1,0,498609.9175,95.6,2002,49,4.13,38.99
167974,Active,449567,NA,NA,S,1,0,83548.17625,219.5,2009,46,28.8,98.98
167975,Active,52747,NA,NA,D,9,1,34142.61375,158.67,2008,101,5.24,22.99
167976,Active,247574,NA,NA,S,1,0,214344.0863,84,2005,47,23.41,53.94
167977,Active,110606,NA,NA,D,3,1,444137.185,23.88,2006,78,4,23.81
167978,Active,116110,NA,NA,D,5,1,967707.565,115.33,2005,107,4,18.98
167979,Active,887925,NA,NA,D,0,0,5891077.298,0,2003,16,7.74,0
167980,Active,869386,NA,NA,S,10,1,34158.13875,102.67,2015,55,53.68,53.95
167981,Active,50179,NA,NA,S,7,1,1832191.859,124.67,2006,16,6.34,43.98
167982,Active,117313,NA,NA,D,7,1,384968.9863,106.67,2006,108,4.09,23.58
167983,Active,50180,NA,NA,D,8,1,119165.535,173.8,2009,53,7.17,59.1
167984,Active,52173,NA,NA,S,1,0,1640381.771,82,2001,52,4,50.98
167985,Active,131607,NA,NA,D,2,1,317086.3563,122.2,2004,48,4,26.41
167986,Active,50712,NA,NA,D,5,1,527775.8363,146.67,2007,64,4,51.49
167987,Active,52172,NA,NA,D,3,1,190256.1613,153.33,2007,114,5.36,10.24
167988,Active,52135,NA,NA,D,9,1,35913.81,151.8,2008,116,5.67,18.29
167989,Active,52134,NA,NA,D,8,1,473019.4625,114.67,2005,134,4,10.85
167990,Active,212931,NA,NA,S,2,1,787203.505,97.95,2000,31,18.93,67.95
167991,Active,247910,NA,NA,D,3,1,223908.3838,99.95,2007,39,9.18,27.6
167992,Active,248119,NA,NA,S,4,1,289859.255,125,2010,85,17.63,83.99
167993,Active,295049,NA,NA,S,2,1,425437.3325,41.95,2007,27,37.75,41.95
167994,Active,51256,NA,NA,D,9,1,75232.815,23.99,2009,59,4.68,37.83
167995,Active,51255,NA,NA,D,8,1,976868.4138,8.97,2006,57,4,10.99
167996,Active,530987,NA,NA,S,2,1,1236633.26,45,2012,14,37.7,38.47
167997,Active,2203836,NA,NA,S,0,0,61284.4625,65,2015,19,42.51,44.26
167998,Active,555121,NA,NA,S,2,1,98878.15,48.69,2012,27,13.73,12.13
167999,Active,649685,NA,NA,S,2,1,154749.985,48.69,2012,57,10.23,0
168000,Active,647016,NA,NA,S,2,1,29565.75,48.69,2012,28,15.19,22
168001,Active,121343,NA,NA,S,1,0,100768.175,65.6,2011,17,37.1,49.2
168002,Active,900571,NA,NA,S,4,1,228687.9775,44.99,2015,24,21.42,30.29
168003,Active,181806,NA,NA,D,3,1,860100.72,44.99,2001,32,5.26,27
168004,Active,530986,NA,NA,S,2,1,399349.4913,49.99,2010,39,6.98,23.48
168005,Active,145179,NA,NA,S,3,1,17857.77,54.99,2005,38,30.29,38.68
168006,Active,313692,NA,NA,D,0,0,3096456.828,37.33,2003,29,4,4.33
168007,Active,118167,NA,NA,D,2,1,999075.6275,75,2007,44,4,18.25
168008,Active,403358,NA,NA,S,3,1,83623.59875,107.2,2011,54,72.99,80.12
168009,Active,60305,NA,NA,D,1,0,1039082.075,65.6,2006,39,4,4.13
168010,Active,133156,NA,NA,S,2,1,219599.2763,102.6,2010,35,13.99,45.51
168011,Active,614526,NA,NA,S,11,1,238788.3275,223.95,2007,67,6.44,31.93
168012,Active,800366,NA,NA,D,0,0,1055038.305,44.95,2006,31,4,6.48
168013,Active,248157,NA,NA,D,2,1,613495.7838,64,2010,41,4.12,47.13
168014,Active,916107,NA,NA,S,3,1,121575.8863,70,2014,41,34.98,44.99
168015,Active,538220,NA,NA,S,2,1,459931.58,67,2011,61,11.92,42.26
168016,Active,608676,NA,NA,D,10,1,1292365.841,162.95,2000,21,4.43,101.45
168017,Active,178799,NA,NA,D,9,1,1514660.936,88.95,1996,16,5.08,103.07
168018,Active,225750,NA,NA,D,4,1,1226842.249,139.95,2004,19,6.99,33.47
168019,Active,376055,NA,NA,D,2,1,4387564.985,117.95,1995,18,4,73.61
168020,Active,390957,NA,NA,D,3,1,1200242.635,85,2004,30,12.72,76.83
168021,Active,681014,NA,NA,S,3,1,536681.9675,29.99,2010,52,4,9.94
168022,Active,248471,NA,NA,S,0,0,934494.5025,24.99,2005,47,4,13.44
168023,Active,675462,NA,NA,S,2,1,461474.41,24.99,2008,109,4,10.62
168024,Active,530982,NA,NA,S,2,1,361579.6938,42,2009,37,12.4,26.11
168025,Active,636382,NA,NA,S,1,0,564928.9963,65,2009,29,33.97,38.51
168026,Active,606892,NA,NA,D,11,1,2591642.301,5,2003,46,4,19.99
168027,Active,285403,NA,NA,D,13,1,399874.475,17.94,2009,58,4.16,17.12
168028,Active,60306,NA,NA,D,12,1,1214435.399,17.36,2006,65,4,23.85
168029,Active,254491,NA,NA,D,7,1,580090.6063,119.95,2011,75,4,17.99
168030,Active,55278,NA,NA,D,7,1,104140.1825,161.95,2007,93,6.51,43.99
168031,Active,544590,NA,NA,D,12,1,26028.60125,293.95,2013,88,43.69,80.24
168032,Active,519191,NA,NA,D,10,1,156653.8,319.95,2006,64,4,13.99
168033,Active,178933,NA,NA,D,11,1,114868.4875,304.95,2010,96,7.84,25.47
168034,Active,131238,NA,NA,S,4,1,423897.0863,256.2,2000,47,4.83,45.15
168035,Active,248255,NA,NA,D,3,1,326684.2363,116,2011,35,35.95,73.15
168036,Active,298231,NA,NA,D,1,0,1190228.879,74.95,2005,47,3.99,4.72
168037,Active,247926,NA,NA,D,2,1,210435.7988,93.95,2008,50,3.88,22.87
168038,Active,113069,NA,NA,D,2,1,1029864.925,91.95,2006,22,25.25,85.99
168039,Active,112968,NA,NA,D,1,0,1459998.166,74.95,2001,18,23.46,39.75
168040,Active,145252,NA,NA,S,2,1,7075.67375,54.99,2008,110,25.35,31.65
168041,Active,129669,NA,NA,D,1,0,356347.3325,54.99,2001,80,4,10.98
168042,Active,639788,NA,NA,S,1,0,19898,44.99,2012,14,28.46,26.96
168043,Active,539276,NA,NA,S,8,1,5621.345,83.2,2012,74,21,61.99
168044,Active,55011,NA,NA,D,7,1,269911.0863,71.93,2008,122,4,28.96
168045,Active,55010,NA,NA,D,6,1,1366650.895,53.95,2004,92,3.79,6.97
168046,Active,229228,NA,NA,D,0,0,1368283.784,56.97,1997,39,4,44.87
168047,Active,293269,NA,NA,S,2,1,231273.095,66,2005,41,23.82,36.88
168048,Active,644576,NA,NA,D,7,1,134236.9325,107,2012,31,8.99,98.23
168049,Active,873138,NA,NA,D,5,1,1560053.569,23.74,2005,24,4,20.94
168050,Active,57017,NA,NA,D,5,1,875940.9888,301.95,2011,66,4.23,8.79
168051,Active,57015,NA,NA,D,3,1,1795383.366,235.95,2007,57,4,38.74
168052,Active,276944,NA,NA,D,2,1,563386.4963,54.95,2006,21,18.98,0
168053,Active,264630,NA,NA,D,2,1,3715681.025,78,2005,13,4,53.33
168054,Active,200527,NA,NA,D,2,1,427587.0513,163.95,2009,42,8.06,60.51
168055,Active,200310,NA,NA,D,1,0,1420790.194,93.95,2004,50,4,13.98
168056,Active,201519,NA,NA,S,3,1,755536.3613,80,2006,64,4.64,13.95
168057,Active,1989606,NA,NA,S,1,0,4443.625,49.99,2014,16,31.71,32.06
168058,Active,106985,NA,NA,S,1,0,315635.125,66,2003,41,4.85,23.99
168059,Active,200063,NA,NA,D,3,1,1192000.37,111.95,2003,37,4,28.61
168060,Active,530977,NA,NA,S,2,1,397011.1463,49.99,2010,26,11.33,29.99
168061,Active,539057,NA,NA,S,4,1,132200.31,64.95,2012,25,38.92,45.8
168062,Active,196683,NA,NA,D,3,1,627702.5463,62.95,2003,39,4.96,28.99
168063,Active,264502,NA,NA,D,4,1,1976710.021,59.95,2003,34,4,6.65
168064,Active,268215,NA,NA,D,5,1,730795.2113,66.95,2007,47,5.56,45.77
168065,Active,876522,NA,NA,S,2,1,1104903.496,98.8,2013,9,33.25,90.08
168066,Active,3802067,NA,NA,S,2,1,901685.8,44.95,2014,47,19.24,40.8
168067,Active,161601,NA,NA,D,4,1,1358072.674,50,2006,42,4,13.96
168068,Active,342853,NA,NA,S,3,1,1894948.909,50,2003,38,4,12.49
168069,Active,297900,NA,NA,D,6,1,521984.1625,60,2011,51,6.16,11.35
168070,Active,162743,NA,NA,D,5,1,288436.0713,50,2009,83,4,11.47
168071,Active,1456039,NA,NA,S,1,0,14921.325,39.99,2015,19,25.09,25.1
168072,Active,922837,NA,NA,S,2,1,2033600.571,50.2,2007,99,4,9.49
168073,Active,133273,NA,NA,S,3,1,188259.845,55.4,2010,121,4,7.94
168074,Active,113672,NA,NA,S,3,1,691561.855,138.4,1999,41,5.63,28.98
168075,Active,3608924,NA,NA,D,2,1,5966045.8,25.95,1987,18,4,59.57
168076,Active,148098,NA,NA,S,3,1,635251.045,52.95,2006,24,20.04,0
168077,Active,261429,NA,NA,D,1,0,649852.7563,30,2003,38,4,8.59
168078,Active,402797,NA,NA,D,5,1,672391.7563,73.95,2011,22,11.14,88.28
168079,Active,101367,NA,NA,S,7,1,1195982.704,108.95,2000,22,8.35,50.3
168080,Active,714573,NA,NA,D,1,0,4222079.458,37,1998,20,4,26.97
168081,Active,640144,NA,NA,S,2,1,1382839.538,69.4,2003,22,7.91,40.98
168082,Active,3586074,NA,NA,S,2,1,2642740.95,65,2001,35,4,8.89
168083,Active,635057,NA,NA,S,4,1,420174.8113,65,2010,21,41.47,0
168084,Active,1929067,NA,NA,S,2,1,1354054.781,47,2014,14,36.57,32.5
168085,Active,1554089,NA,NA,S,2,1,2737103.36,41.95,2012,14,26.92,31.3
168086,Active,876979,NA,NA,D,7,1,1163717.613,44.97,2010,19,9.01,32.49
168087,Active,116342,NA,NA,S,7,1,830049.1963,160.93,2010,34,22.98,250.08
168088,Active,552986,NA,NA,S,6,1,1154859.529,118,2006,25,12.96,122.93
168089,Active,52870,NA,NA,D,6,1,273152.695,124,2006,79,4,8.99
168090,Active,530972,NA,NA,S,4,1,93769.7375,53.4,2010,51,18.69,40.4
168091,Active,530971,NA,NA,S,3,1,700461.0413,49.95,2012,19,39.11,34.44
168092,Active,246293,NA,NA,D,2,1,807305.8763,39.95,2004,19,4,6.15
168093,Active,711448,NA,NA,D,2,1,2344229.579,90,2003,27,4,12.99
168094,Active,60307,NA,NA,D,3,1,1303590.23,122.67,2006,65,4,41.99
168095,Active,286457,NA,NA,D,4,1,502322.1975,150.8,2009,31,10.59,22.71
168096,Active,913393,NA,NA,D,1,0,1113515.878,32,2004,30,4,10.54
168097,Active,918622,NA,NA,D,1,0,900396.63,59,2000,48,4,8.98
168098,Active,58425,NA,NA,D,9,1,204910.7825,75,2011,50,8.13,63.81
168099,Active,60308,NA,NA,D,7,1,508312.4563,44,2005,49,4,15.99
168100,Active,58426,NA,NA,D,8,1,390280.3813,60,2008,56,4,33.98
168101,Active,446964,NA,NA,S,2,1,80645.29,46.95,2012,47,16.43,28.92
168102,Active,664726,NA,NA,S,4,1,41444.9075,108,2013,39,83.96,79.85
168103,Active,298226,NA,NA,D,3,1,332826.7675,124,2005,64,4.16,55.88
168104,Active,133072,NA,NA,D,9,1,702088.7838,101.67,2010,54,4,30.17
168105,Active,607951,NA,NA,D,8,1,1166494.424,86.4,2007,53,4,23.94
168106,Active,147316,NA,NA,D,9,1,411407.3575,130.95,2008,85,7.8,33.99
168107,Active,530967,NA,NA,S,2,1,58405.52,49.99,2007,41,12.48,25.38
168108,Active,128924,NA,NA,D,2,1,423448.4425,49.95,2004,78,5.06,20.84
168109,Active,248977,NA,NA,D,4,1,484103.6638,79.95,2007,49,4.35,23.97
168110,Active,2450606,NA,NA,S,6,1,535157.0025,36.11,1994,80,4,23.54
168111,Active,127047,NA,NA,S,2,1,1084728.453,95.95,2006,19,16.84,82.84
168112,Active,2511464,NA,NA,D,0,0,767998.5238,19.94,1981,94,3.95,18.99
168113,Active,637698,NA,NA,S,2,1,277909.3738,43.25,2012,25,27.84,29.54
168114,Active,246324,NA,NA,D,2,1,1057829.975,54.95,2004,41,4.27,0
168115,Active,1780423,NA,NA,S,3,1,559883.925,47.95,2014,18,34.42,41.3
168116,Active,118794,NA,NA,S,3,1,28112.06375,114.4,2011,47,49.98,87.32
168117,Active,117228,NA,NA,D,2,1,695291.4288,73.4,2006,42,8.99,32.99
168118,Active,606873,NA,NA,S,6,1,480000.1488,67.25,2003,46,4,11.98
168119,Active,110472,NA,NA,D,7,1,478719.4338,23.98,2007,31,19.22,37.49
168120,Active,707151,NA,NA,S,1,0,144075.9863,110.75,2004,34,11.5,77.76
168121,Active,117582,NA,NA,S,3,1,385100.065,121.4,2003,39,7.48,45.01
168122,Active,183179,NA,NA,D,1,0,439590.4588,223.95,2004,49,4.77,33.98
168123,Active,614958,NA,NA,S,2,1,74122.33,174.95,2001,58,7.83,56.95
168124,Active,1932541,NA,NA,S,1,0,93218.325,49.99,2015,20,27.98,32.96
168125,Active,911752,NA,NA,D,5,1,637665.3563,182,2011,28,10.94,72.34
168126,Active,775715,NA,NA,S,2,1,1051299.068,209,2003,24,4,75.65
168127,Active,298583,NA,NA,D,4,1,1923330.68,19.99,2007,27,4.35,19.95
168128,Active,293725,NA,NA,S,0,0,307654.5363,19.99,2006,80,6.93,49.64
168129,Active,920174,NA,NA,S,0,0,589749.3713,55,2005,58,7.08,31
168130,Active,596828,NA,NA,S,1,0,475501.6588,9.95,2003,34,4,7.98
168131,Active,157379,NA,NA,D,1,0,3490731.451,62.95,2006,19,4.14,62.47
168132,Active,206123,NA,NA,D,2,1,511522.805,55,2007,86,4,16.48
168133,Active,163348,NA,NA,D,3,1,240288.695,65,2011,58,19.81,35.37
168134,Active,918601,NA,NA,D,1,0,753009.7138,65,2006,54,4,31.99
168135,Active,251212,NA,NA,D,2,1,2178754.216,4,2009,38,3.99,4.03
168136,Active,183563,NA,NA,D,2,1,1734547.83,78.95,2007,37,3.79,7.66
168137,Active,254178,NA,NA,D,3,1,642741.2088,81.95,2010,70,4,13.93
168138,Active,564570,NA,NA,D,0,0,2901461.238,61.95,2003,20,3.98,44.92
168139,Active,541578,NA,NA,S,2,1,225033.0675,47.95,2011,27,25.99,38.95
168140,Active,1988003,NA,NA,S,1,0,746491.0213,34.95,2013,24,8.37,16.94
168141,Active,268759,NA,NA,S,3,1,4848988.504,100,2004,14,8.42,85.62
168142,Active,612634,NA,NA,S,1,0,57261.95,43,2013,16,29.29,43
168143,Active,119062,NA,NA,D,3,1,1179082.15,50.91,1997,28,6.94,25.29
168144,Active,165158,NA,NA,S,3,1,677428.4,108.32,1997,34,19.5,76.98
168145,Active,621057,NA,NA,D,2,1,2984273.963,74,1992,28,4,46.09
168146,Active,724850,NA,NA,D,6,1,4581690.475,110,2007,15,5.26,52.01
168147,Active,3620498,NA,NA,D,6,1,7436769.3,110.95,1998,17,4.97,33.44
168148,Active,118136,NA,NA,D,8,1,139198.7125,172,2007,67,8.42,29.99
168149,Active,607389,NA,NA,D,7,1,1074886.67,143,2006,27,5.59,37.98
168150,Active,914466,NA,NA,D,7,1,513376.3463,48.28,2007,23,8.09,48.56
168151,Active,286396,NA,NA,S,8,1,92011.94375,173,2009,55,14.96,24.93
168152,Active,607273,NA,NA,D,6,1,943714.3525,126.6,2003,19,5.54,23.98
168153,Active,61140,NA,NA,D,7,1,595671.3138,116,2004,62,4.91,46.88
168154,Active,496098,NA,NA,D,2,1,1160348.4,113.95,2008,23,4.78,53.99
168155,Active,225906,NA,NA,D,1,0,1559369.611,99.95,2004,19,4,73.98
168156,Active,2403358,NA,NA,D,0,0,3478593.478,60,1981,20,23.93,76.83
168157,Active,229397,NA,NA,D,3,1,1224094.273,44.99,2004,32,18.81,38.87
168158,Active,627175,NA,NA,D,2,1,488858.5638,39.95,1994,54,4.92,25.03
168159,Active,698694,NA,NA,D,0,0,144260.2963,61.86,2001,14,62.33,59.81
168160,Active,110809,NA,NA,D,6,1,231186.785,102.25,2002,31,8.99,78.99
168161,Active,103962,NA,NA,D,3,1,1506262.623,131.25,1998,25,4,43.1
168162,Active,2472772,NA,NA,D,0,0,6407370.811,70.83,1986,14,6.39,62.01
168163,Active,907037,NA,NA,D,2,1,1071908.8,111.85,1991,20,4,61.89
168164,Active,2473165,NA,NA,D,0,0,1377563.434,61.5,1989,17,6.39,52.69
168165,Active,2470483,NA,NA,D,2,1,2219003.213,62.53,1994,17,13.28,57.49
168166,Active,202400,NA,NA,S,7,1,2238997.769,169.95,2002,25,7.9,46.49
168167,Active,388336,NA,NA,D,9,1,706837.0088,213.95,2009,34,31.34,39.99
168168,Active,642268,NA,NA,S,2,1,228556.1513,50,2011,27,22.99,22.97
168169,Active,623501,NA,NA,D,1,0,302168.9113,104.17,2009,37,43.95,118.05
168170,Active,908042,NA,NA,S,2,1,1053749.933,34.95,1993,26,5.87,45.06
168171,Active,2336260,NA,NA,D,0,0,1641534.695,126.75,1985,19,17.98,64.29
168172,Active,620688,NA,NA,S,1,0,78588.5,175,2012,24,44.72,44.99
168173,Active,762905,NA,NA,D,4,1,2907032.235,90,1998,21,6.74,61.33
168174,Active,621512,NA,NA,S,1,0,441653.2425,189.2,1996,30,36.99,141.93
168175,Active,623175,NA,NA,D,1,0,1168576.623,165,2003,19,27.78,133.97
168176,Active,300118,NA,NA,D,2,1,2830998.449,72,2005,20,9.7,23.99
168177,Active,530957,NA,NA,D,4,1,2180031.091,41.95,2010,13,32.72,77.76
168178,Active,897901,NA,NA,D,2,1,3627969.441,39.95,2001,16,12.92,94.03
168179,Active,223006,NA,NA,D,5,1,1199029.439,169.95,1996,30,4.97,43.98
168180,Active,1731783,NA,NA,D,0,0,2698164.64,154.95,2009,18,5.98,12.39
168181,Active,1731790,NA,NA,D,0,0,2339882.485,169.95,2010,20,6.9,72.79
168182,Active,3822503,NA,NA,D,0,0,3670700.55,58,1997,31,6.36,19.99
168183,Active,267154,NA,NA,S,2,1,641940.74,120,2006,28,44.97,0
168184,Active,617261,NA,NA,S,2,1,225229.3188,199.95,1993,25,20.67,73.98
168185,Active,639897,NA,NA,S,3,1,68028.85,34.95,2011,26,18.98,21.13
168186,Active,50692,NA,NA,D,4,1,312937.5238,167,2007,53,4.9,23.77
168187,Active,607186,NA,NA,S,2,1,168203.9288,117,2001,49,4.35,6.49
168188,Active,50691,NA,NA,D,3,1,907617.4725,139,2004,59,4,41.46
168189,Active,115286,NA,NA,S,2,1,568486.3125,134.2,2001,51,5.48,55.03
168190,Active,105990,NA,NA,S,2,1,1151962.659,78,2003,23,25.64,49.2
168191,Active,1780150,NA,NA,S,0,0,671543.1988,80,2015,15,54.85,58.99
168192,Active,807063,NA,NA,D,2,1,1239231.079,89.95,2007,26,4.4,28.31
168193,Active,245132,NA,NA,D,1,0,1123203.87,94.95,2004,24,8.2,51.5
168194,Active,778800,NA,NA,D,4,1,1765393.179,191.95,2010,16,50.54,156.43
168195,Active,778593,NA,NA,D,3,1,1999133.961,198.95,2008,13,72.6,124
168196,Active,2869904,NA,NA,D,2,1,1337312.509,98.95,1997,13,11.49,72.49
168197,Active,286447,NA,NA,D,1,0,755269.17,89.33,2008,39,23.92,31.32
168198,Active,642275,NA,NA,D,7,1,97756.6075,130.75,2011,39,33.82,98
168199,Active,2263434,NA,NA,S,7,1,1270032.136,0,2011,14,39.78,118.57
168200,Active,634012,NA,NA,D,0,0,417330.5688,125.33,2008,25,9.69,36.49
168201,Active,717195,NA,NA,D,0,0,427548.255,174.25,2008,26,18.93,25.69
168202,Active,655484,NA,NA,D,7,1,203562.4438,130.75,2011,29,43.4,63.82
168203,Active,635977,NA,NA,D,1,0,1298522.306,174.25,2008,25,9.12,84.98
168204,Active,2377881,NA,NA,S,2,1,2725350.13,79.67,1990,27,4,33.92
168205,Active,115043,NA,NA,D,4,1,1072505.315,125,1999,23,7.56,62.23
168206,Active,222831,NA,NA,S,2,1,291709.3075,74,2001,51,4.58,53.91
168207,Active,222830,NA,NA,S,0,0,487359.905,55,1996,35,4.35,24.05
168208,Active,677782,NA,NA,D,3,1,1280471.25,24,2005,30,4.48,33.76
168209,Active,222824,NA,NA,D,4,1,69158.66125,112,2009,49,11.66,73.27
168210,Active,222836,NA,NA,D,3,1,538147.9488,80,2007,53,8.86,38.94
168211,Active,222837,NA,NA,D,3,1,1211094.043,36,2007,28,10.93,11.99
168212,Active,128951,NA,NA,D,7,1,1038602.365,79.95,2004,32,5.97,9.81
168213,Active,530944,NA,NA,D,8,1,1138139.251,55,2009,31,19.73,59.04
168214,Active,106303,NA,NA,D,3,1,991694.9563,79.95,2005,19,8.38,67.65
168215,Active,530943,NA,NA,S,4,1,655117.3888,80,2012,28,27.37,63.08
168216,Active,2332698,NA,NA,D,1,0,7728779.139,69.95,1994,24,4,23.99
168217,Active,861318,NA,NA,S,3,1,1509580.435,149.95,2013,19,10.23,10.24
168218,Active,202315,NA,NA,D,2,1,2775009.601,111.95,2001,15,4.39,12.48
168219,Active,646066,NA,NA,S,1,0,146197.775,154.5,2010,25,17.45,53.99
168220,Active,243814,NA,NA,D,3,1,252466.23,169.95,2011,53,30.56,72.86
168221,Active,245263,NA,NA,D,2,1,1558055.966,156.95,2005,55,7.89,52.58
168222,Active,612199,NA,NA,S,15,1,26634.27875,133.95,2014,36,30.72,78.99
168223,Active,530942,NA,NA,D,14,1,412258.0975,123.95,2011,52,19.35,40
168224,Active,253868,NA,NA,D,13,1,868225.96,123.95,2008,43,10.89,21.97
168225,Active,797682,NA,NA,D,12,1,1429119.864,157.95,2004,53,5.67,31.97
168226,Active,249931,NA,NA,D,13,1,1169136.739,116.95,2007,35,8.69,23.44
168227,Active,245106,NA,NA,D,12,1,1738610.779,122.95,2004,31,7.81,38.5
168228,Active,243822,NA,NA,D,14,1,424865.5888,116.95,2011,24,26.32,36.99
168229,Active,530941,NA,NA,S,17,1,34675.2,115.95,2011,33,40.46,78.61
168230,Active,609122,NA,NA,S,14,1,1717000.854,112.95,2001,48,4.93,15.59
168231,Active,245102,NA,NA,D,15,1,1416289.911,152.95,2004,51,4,24.43
168232,Active,249900,NA,NA,D,16,1,712713.0875,117.95,2007,50,9.8,43.41
168233,Active,682809,NA,NA,S,2,1,72312.825,35,2011,16,13.51,13.26
168234,Active,534611,NA,NA,D,7,1,704484.7963,49.5,2008,20,11.33,0
168235,Active,261187,NA,NA,S,6,1,640904.475,39.5,2004,31,4.23,13.87
168236,Active,652721,NA,NA,S,8,1,427590.0663,54.5,2011,15,26.98,0
168237,Active,649654,NA,NA,S,2,1,128696.925,40,2012,13,17.96,26.21
168238,Active,109666,NA,NA,D,7,1,989953.2288,83.99,2007,48,4.3,48.99
168239,Active,615671,NA,NA,S,4,1,973604.6025,11.71,1993,39,4,8.29
168240,Active,253837,NA,NA,D,9,1,1378966.849,118.95,2008,18,15.96,128.8
168241,Active,797787,NA,NA,D,8,1,2228265.346,127.95,2005,18,4,98.7
168242,Active,245247,NA,NA,D,8,1,3090956.583,90.95,2005,16,4,23.94
168243,Active,797789,NA,NA,D,8,1,2644088.17,113.95,2005,21,8.62,12.99
168244,Active,253832,NA,NA,D,9,1,1232697.874,118.95,2008,42,8.99,29.54
168245,Active,530938,NA,NA,S,9,1,1177210.52,147.95,2008,23,21.63,84.28
168246,Active,266987,NA,NA,D,7,1,1320411.721,76,2008,23,4.4,43.89
168247,Active,2070638,NA,NA,S,8,1,384031.635,24,2012,14,20.53,22.08
168248,Active,259345,NA,NA,D,6,1,1494834.803,53.28,1998,32,4,10.35
168249,Active,788184,NA,NA,S,4,1,1240854.598,301.95,2000,26,6.79,43.47
168250,Active,245237,NA,NA,D,5,1,720990.705,285.95,2005,35,9.87,136.92
168251,Active,253923,NA,NA,D,6,1,244607.9588,259.95,2009,29,16.58,69.51
168252,Active,546501,NA,NA,S,10,1,77212.79625,98,2008,47,40.66,63.95
168253,Active,243800,NA,NA,D,2,1,919101.0725,75,2011,21,25.29,84.36
168254,Active,543656,NA,NA,S,3,1,18201.675,89.99,2013,43,44.81,57.51
168255,Active,622172,NA,NA,S,2,1,167543.475,85.74,1984,43,20.34,0
168256,Active,646480,NA,NA,S,10,1,203646.5125,53.28,2009,36,21.11,42.99
168257,Active,113619,NA,NA,D,3,1,2556192.089,110.8,2002,20,4.78,67
168258,Active,3471924,NA,NA,D,2,1,3559059.95,87,1999,30,6.04,47.33
168259,Active,2374100,NA,NA,D,2,1,1463569.925,160.4,2005,22,16.39,110.63
168260,Active,877251,NA,NA,S,5,1,2541948.468,111.95,1997,24,4.45,12
168261,Active,202415,NA,NA,D,6,1,827518.385,136.95,2002,40,8.75,18.98
168262,Active,243813,NA,NA,D,8,1,218411.0275,249.95,2010,48,23.49,81.65
168263,Active,1826892,NA,NA,S,9,1,115662.1388,58.95,2014,17,34.72,53.86
168264,Active,249868,NA,NA,D,7,1,881345.305,264.95,2006,41,8.92,57.87
168265,Active,610753,NA,NA,S,2,1,115534.76,46.95,2014,74,36.93,37.5
168266,Active,873239,NA,NA,D,1,0,1103402.516,150.37,2005,21,11.43,58.95
168267,Active,285357,NA,NA,D,1,0,682560.29,149.75,2006,30,6.97,63.99
168268,Active,620439,NA,NA,D,2,1,278389.7413,66.6,1976,71,4.34,63.96
168269,Active,551287,NA,NA,D,6,1,535579.9825,15.86,2003,30,4.08,15.86
168270,Active,550538,NA,NA,S,2,1,384841.7625,60,2008,35,5.36,33.37
168271,Active,111616,NA,NA,D,3,1,619752.1525,107.75,2011,20,30.85,67.66
168272,Active,868306,NA,NA,D,1,0,1185040.298,114.72,1980,19,36.56,86.42
168273,Active,3472941,NA,NA,D,0,0,2722528.9,85,1991,16,29.43,68.37
168274,Active,896501,NA,NA,S,3,1,7940240.64,145,1992,18,18.1,83.25
168275,Active,894477,NA,NA,S,4,1,4085949.65,173,1999,14,8.76,93.99
168276,Active,3577588,NA,NA,D,2,1,5335282.45,95,1989,26,6.38,68.27
168277,Active,2663750,NA,NA,S,3,1,1119894.28,189,1993,19,13.86,121.66
168278,Active,299701,NA,NA,D,0,0,850905.8788,92.95,2000,35,18.95,173.23
168279,Active,2674832,NA,NA,D,2,1,647384.1013,106.32,1970,36,4.13,65.63
168280,Active,2675542,NA,NA,S,3,1,643200.3225,106.25,1987,30,13.44,73.99
168281,Active,2339202,NA,NA,S,2,1,1857440.809,68.86,1973,32,5.55,68.13
168282,Active,105254,NA,NA,S,5,1,1228771.958,103.25,2005,23,19.45,30.13
168283,Active,2339252,NA,NA,D,0,0,1917059.978,118.05,1989,19,8.99,69.25
168284,Active,831055,NA,NA,D,0,0,1510662.315,69,1998,15,59.99,135.6
168285,Active,2442915,NA,NA,D,1,0,4989195.421,159,2000,9,131.6,335.13
168286,Active,1569879,NA,NA,S,2,1,331524.735,53.95,2013,26,23.15,39.55
168287,Active,556490,NA,NA,S,4,1,302291.6375,41.95,2013,27,19.38,35.39
168288,Active,443406,NA,NA,D,4,1,124883.6888,64.95,2012,45,21.26,31.38
168289,Active,158166,NA,NA,D,3,1,1107811.928,52.95,2008,23,6.83,43.99
168290,Active,766626,NA,NA,S,3,1,939066.8213,42.95,1998,15,4,15.2
168291,Active,2562972,NA,NA,S,2,1,2353033.416,213.95,1984,22,8.46,56.87
168292,Active,1651424,NA,NA,S,3,1,2277646.624,39.95,2006,17,8.29,19.62
168293,Active,120794,NA,NA,D,6,1,972779.5038,217.6,2009,45,4.05,35.99
168294,Active,867470,NA,NA,D,11,1,34705,201.95,2014,67,19.05,81.73
168295,Active,118295,NA,NA,D,7,1,111714.3613,253.2,2011,49,17.91,67.99
168296,Active,51708,NA,NA,D,9,1,676081.3613,210.95,2010,107,4,21.3
168297,Active,51710,NA,NA,S,7,1,1152462.189,191.95,2006,92,4,9.85
168298,Active,117637,NA,NA,D,4,1,1865237.273,166.67,2005,54,4.06,10.37
168299,Active,51711,NA,NA,D,8,1,1220047.235,222.95,2008,73,4,10.98
168300,Active,2342493,NA,NA,S,5,1,1238525.069,73.99,1985,31,4.88,72.95
168301,Active,2387880,NA,NA,D,0,0,6065357.964,74,1991,16,4.4,48.83
168302,Active,202308,NA,NA,S,2,1,119992.845,365.95,2001,40,14.24,0
168303,Active,114720,NA,NA,S,5,1,533335.2213,218.4,2003,38,29.39,89.17
168304,Active,891204,NA,NA,S,2,1,7856770.453,101.15,1996,19,8.97,44.63
168305,Active,3262806,NA,NA,D,4,1,2172986.201,503.99,1998,21,8.89,94.22
168306,Active,635988,NA,NA,D,4,1,1793356.684,136,1998,23,4.97,58.83
168307,Active,637980,NA,NA,D,1,0,1089681.259,137.2,2000,20,33.97,150.33
168308,Active,628944,NA,NA,S,4,1,56733.075,62.95,2002,18,43.44,62.95
168309,Active,114095,NA,NA,D,8,1,472240.2475,126.7,2001,21,5.72,25.99
168310,Active,713907,NA,NA,D,5,1,508051.7138,110,2000,18,5.61,56.95
168311,Active,905464,NA,NA,D,4,1,3275558.651,110,1996,21,4,62.89
168312,Active,242245,NA,NA,D,4,1,2636486.196,99.95,1999,19,9.4,73.97
168313,Active,607414,NA,NA,D,8,1,469158.1025,160,2007,26,41.99,83.28
168314,Active,873452,NA,NA,S,4,1,1372761.356,109.5,1995,23,4.49,53.99
168315,Active,711219,NA,NA,D,6,1,1651805.174,115,2001,34,5.29,13.99
168316,Active,714365,NA,NA,S,4,1,5555466.583,21.29,2001,16,4,21.29
168317,Active,115936,NA,NA,D,7,1,958048.81,136,2004,38,5.6,48.46
168318,Active,650243,NA,NA,D,8,1,652249.6725,169.6,2007,17,23.39,109.9
168319,Active,649705,NA,NA,D,2,1,573279.1925,207,2012,55,5.19,45.04
168320,Active,143257,NA,NA,D,1,0,1228186.439,166.25,2008,31,4,13.98
168321,Active,648838,NA,NA,S,2,1,1611647.343,99.95,2009,26,4.98,36.99
168322,Active,3086413,NA,NA,D,1,0,3351037.669,95,2005,12,5.24,22.31
168323,Active,870698,NA,NA,D,3,1,3042556.616,69.95,2006,19,4,10.89
168324,Active,644685,NA,NA,S,2,1,171650.605,128.2,2011,25,28.23,119.11
168325,Active,616712,NA,NA,S,3,1,55821.0175,138.25,2012,118,5.78,75.76
168326,Active,618976,NA,NA,D,4,1,247855.1513,69.95,2009,42,4.94,20.88
168327,Active,109891,NA,NA,S,1,0,571818.38,125.75,2008,84,4,13.93
168328,Active,627974,NA,NA,S,1,0,905515.2125,0,2008,30,4.99,43.99
168329,Active,612994,NA,NA,D,2,1,859028.13,5.16,2010,105,3.99,5.49
168330,Active,56475,NA,NA,S,2,1,166575.6438,128.2,2011,39,11.89,70.24
168331,Active,249963,NA,NA,S,2,1,500685.66,165.95,2008,46,9.74,53.98
168332,Active,617640,NA,NA,S,2,1,99014.04625,57.95,2010,57,12.17,28.99
168333,Active,607788,NA,NA,D,5,1,1095995.498,51.95,2007,32,4,37.99
168334,Active,650136,NA,NA,D,3,1,2373549.668,125,2000,17,4.19,49
168335,Active,109665,NA,NA,D,7,1,127391.0838,255,2006,50,17.89,77.57
168336,Active,633618,NA,NA,D,5,1,1408045.864,76.5,1993,57,4,29.98
168337,Active,624302,NA,NA,S,4,1,125330.6838,99,2013,38,57.96,54.82
168338,Active,3472219,NA,NA,D,2,1,5841588.45,0,2005,17,4.57,30.49
168339,Active,2373676,NA,NA,D,2,1,7252678.504,0,2004,17,5.5,43.94
168340,Active,894425,NA,NA,S,5,1,6896688.596,93.85,1996,19,5.55,51.93
168341,Active,623011,NA,NA,D,1,0,1633832.346,91.67,1992,56,5.5,20.98
168342,Active,788250,NA,NA,D,2,1,1435323.481,175.95,2001,29,4,39.98
168343,Active,530921,NA,NA,S,7,1,1756308.993,123.9,2007,11,23.95,91.02
168344,Active,658856,NA,NA,D,4,1,721873.88,99.5,2009,18,4.35,158.83
168345,Active,607113,NA,NA,D,6,1,3630503.773,100,1999,43,4.38,44.38
168346,Active,115278,NA,NA,D,7,1,748588.1438,122.4,2002,31,10.53,62.97
168347,Active,196363,NA,NA,S,2,1,858276.18,94.95,2006,36,4.96,15.69
168348,Active,115746,NA,NA,S,2,1,498561.39,135,2003,32,20.67,73.43
168349,Active,644095,NA,NA,D,3,1,2976647.988,126.2,2006,15,8.88,57.85
168350,Active,657771,NA,NA,D,4,1,1297479.103,150,1996,24,7.35,56.19
168351,Active,201380,NA,NA,S,1,0,478567.8463,21.99,2005,57,4,23.99
168352,Active,249821,NA,NA,D,5,1,898777.8375,215.95,2006,22,9.84,80.25
168353,Active,243832,NA,NA,D,6,1,572620.5788,212.95,2011,31,66.61,83.89
168354,Active,115111,NA,NA,D,5,1,1116870.39,120,2000,32,4.36,33.98
168355,Active,848081,NA,NA,S,4,1,1735039.658,96,1997,42,4,12.99
168356,Active,286212,NA,NA,D,7,1,195046.5525,132.4,2006,21,19.98,133.73
168357,Active,115747,NA,NA,D,6,1,500735.525,131.2,2003,32,5.08,32.99
168358,Active,634018,NA,NA,S,3,1,920675.5925,44.99,1998,36,18.41,25.52
168359,Active,711405,NA,NA,D,1,0,1135999.333,123.6,2001,21,4.44,30.22
168360,Active,873769,NA,NA,D,2,1,2096389.504,65.99,2005,18,5.37,64.96
168361,Active,116109,NA,NA,D,2,1,843042.1738,137.4,2005,25,29.25,61.74
168362,Active,530924,NA,NA,S,3,1,119469.675,205,2008,43,51.64,118.87
168363,Active,541808,NA,NA,S,5,1,188235.7938,66,2012,23,46.11,48.54
168364,Active,2649955,NA,NA,S,3,1,1394320.338,60.95,1999,31,4,42.02
168365,Active,246234,NA,NA,D,4,1,471675.2225,68.95,2006,35,4,37.73
168366,Active,756841,NA,NA,D,1,0,1196516.399,175,1997,28,4.31,72.55
168367,Active,159495,NA,NA,D,11,1,2087993.404,83.95,2001,22,4.97,44.58
168368,Active,51547,NA,NA,S,4,1,768118.3838,93.35,2003,78,3.99,33.97
168369,Active,860742,NA,NA,S,7,1,140903.62,107.8,2012,35,11.79,24.6
168370,Active,51549,NA,NA,D,6,1,154354.8013,137.2,2009,145,4,23.98
168371,Active,51548,NA,NA,D,5,1,152824.3538,112.4,2006,117,4,28.61
168372,Active,169220,NA,NA,D,3,1,4924822.651,245,2004,23,4.47,13.94
168373,Active,51307,NA,NA,D,7,1,1163737.095,158,2005,96,4,5.57
168374,Active,703514,NA,NA,D,3,1,4336335.759,41.27,2000,35,4,12.49
168375,Active,561259,NA,NA,D,8,1,2071910.196,219.33,2009,19,16.06,77.36
168376,Active,530915,NA,NA,S,9,1,26431.17375,294.95,2011,51,42.12,82
168377,Active,108637,NA,NA,D,5,1,829659.695,33.98,2005,41,4.96,47.33
168378,Active,875608,NA,NA,D,1,0,3398494.533,23.35,2007,20,4,23.35
168379,Active,290915,NA,NA,D,3,1,1198492.629,172.95,2005,43,4.49,23.98
168380,Active,169687,NA,NA,D,4,1,473825.315,299.95,2008,61,4.36,15.86
168381,Active,764130,NA,NA,S,2,1,4464959.473,109.95,2001,21,4.49,58.57
168382,Active,51308,NA,NA,D,8,1,156303.3125,206,2009,107,4.62,21
168383,Active,764377,NA,NA,D,7,1,1592300.594,92.95,2003,37,4,19.37
168384,Active,169453,NA,NA,D,8,1,221767.3463,183.95,2007,69,4,39.98
168385,Active,144602,NA,NA,S,1,0,203850.6825,226.4,2008,53,31.97,103.98
168386,Active,254118,NA,NA,D,9,1,534929.325,294.95,2010,60,4.97,23.47
168387,Active,169463,NA,NA,S,8,1,945584.725,289.95,2006,18,5.96,51.39
168388,Active,169437,NA,NA,D,8,1,252693.9575,231.95,2006,29,3.99,45.2
168389,Active,183557,NA,NA,D,4,1,580792.9688,311.95,2007,27,4,18.99
168390,Active,871860,NA,NA,S,6,1,1004862.794,151.88,2008,31,19.65,64.99
168391,Active,51306,NA,NA,S,6,1,951680.7463,130.67,2001,77,4,38.95
168392,Active,288675,NA,NA,D,2,1,443263.7263,188,2009,38,4.98,53.99
168393,Active,561446,NA,NA,S,2,1,3275552.811,199.33,2010,8,18.99,0
168394,Active,179149,NA,NA,D,5,1,994883.085,294.95,2009,60,4,47.27
168395,Active,869974,NA,NA,D,0,0,920711.455,168,2007,18,5.64,0
168396,Active,118152,NA,NA,D,7,1,739776.6288,158,2006,64,4,23.86
168397,Active,146189,NA,NA,D,8,1,256023.3313,206,2010,242,4,17.65
168398,Active,182993,NA,NA,D,4,1,945652.5425,257.95,2004,27,5.2,26.98
168399,Active,2669846,NA,NA,S,3,1,536410.805,37.32,1992,24,14.26,83.97
168400,Active,563147,NA,NA,D,1,0,187445.75,54.95,1980,73,4,29.73
168401,Active,629119,NA,NA,S,2,1,40219.89375,59.95,2013,49,27.98,22.61
168402,Active,594327,NA,NA,S,0,0,836112.4888,54.95,2010,27,37.54,93.56
168403,Active,626925,NA,NA,S,3,1,2199884.888,145.33,2010,37,5.75,13.97
168404,Active,1574416,NA,NA,D,3,1,4057116.558,197.95,2007,15,9.76,118.41
168405,Active,544699,NA,NA,S,6,1,170001.6538,334.95,2013,44,7.72,93.43
168406,Active,110232,NA,NA,S,4,1,254035.5975,278.25,2011,61,11.24,72.98
168407,Active,146309,NA,NA,S,3,1,134063.6188,233.4,2011,116,5.49,24.95
168408,Active,561392,NA,NA,D,1,0,2240002.921,236.33,2010,18,5.94,236.04
168409,Active,110984,NA,NA,D,3,1,1019197.049,33.03,2008,71,4,33.93
168410,Active,53624,NA,NA,D,4,1,307833.6425,335.95,2008,90,4.86,26.38
168411,Active,169958,NA,NA,D,2,1,2743523.264,6.55,2008,24,4.95,6.39
168412,Active,177087,NA,NA,D,2,1,2304691.758,144.95,2003,24,4.13,32.99
168413,Active,169456,NA,NA,D,3,1,1544012.008,197.95,2007,38,4,33.99
168414,Active,55355,NA,NA,S,3,1,237811.13,285.95,2001,71,4,26.94
168415,Active,146190,NA,NA,D,1,0,470651.2625,223,2010,100,3.98,32.83
168416,Active,290941,NA,NA,D,5,1,1265478.649,335.95,2008,58,4,23.79
168417,Active,540803,NA,NA,S,3,1,32361.55125,233.4,2013,78,42.89,87.94
168418,Active,285514,NA,NA,D,4,1,227747.38,10.33,2010,38,6.98,75.22
168419,Active,288685,NA,NA,D,2,1,422690.9863,212.33,2009,118,4.47,19.84
168420,Active,146191,NA,NA,D,3,1,189210.465,223,2010,83,4.6,33.97
168421,Active,60310,NA,NA,D,3,1,1899147.586,252.95,2006,46,4.98,25.25
168422,Active,53492,NA,NA,D,4,1,519091.8963,170.67,2005,114,4,19.74
168423,Active,53493,NA,NA,D,5,1,22259.56625,212.33,2009,118,10.76,46.99
168424,Active,130083,NA,NA,S,3,1,1503094.151,130.67,2001,85,4,13.98
168425,Active,118699,NA,NA,D,3,1,254518.2988,174.67,2007,84,5.21,23.67
168426,Active,146188,NA,NA,D,4,1,51283.62,223,2010,101,4,6.59
168427,Active,144491,NA,NA,S,2,1,2603094.406,140,2003,45,4.09,43.98
168428,Active,146520,NA,NA,S,4,1,62035.1575,233.4,2011,56,28.95,78.47
168429,Active,60311,NA,NA,D,4,1,2192516.32,239.95,2005,36,4,19.94
168430,Active,117889,NA,NA,D,1,0,963208.8988,170.67,2006,72,4.67,25.77
168431,Active,145301,NA,NA,D,2,1,1203006.92,170.67,2006,47,4.19,8.78
168432,Active,118987,NA,NA,S,7,1,379551.31,175.27,2009,40,18.67,121.71
168433,Active,55276,NA,NA,D,7,1,17024.26375,173.8,2009,117,15.67,59.89
168434,Active,2772288,NA,NA,S,2,1,1459980.439,54,1994,42,4.4,27.72
168435,Active,55277,NA,NA,D,5,1,218170.5438,107,2003,175,4,18.45
168436,Active,1455933,NA,NA,S,9,1,65762.125,76.4,2015,10,20.57,23.58
168437,Active,55275,NA,NA,D,6,1,73935.57375,134.67,2006,222,4,20.97
168438,Active,900496,NA,NA,S,5,1,2113958.836,45.93,2007,28,6.48,28.5
168439,Active,114886,NA,NA,D,4,1,86978.2475,165.33,2003,36,43.99,77.22
168440,Active,868468,NA,NA,D,4,1,1314984.796,46.95,1996,15,4.94,53.29
168441,Active,57187,NA,NA,D,2,1,1318038.204,65.33,2005,53,4,8.95
168442,Active,57186,NA,NA,D,3,1,746194.9188,86.4,2009,62,4,45.23
168443,Active,537983,NA,NA,D,1,0,1187927.121,63.57,1974,25,4.38,62.51
168444,Active,574320,NA,NA,S,2,1,56365.0725,237,1993,38,35.19,83.89
168445,Active,110123,NA,NA,D,5,1,60481.92125,105.73,2010,65,5.84,15.87
168446,Active,107192,NA,NA,S,3,1,1643099.008,10.29,2002,58,4,10.29
168447,Active,109103,NA,NA,D,4,1,1044047.964,12.98,2006,55,3.91,11.97
168448,Active,109713,NA,NA,D,2,1,2779441.409,43.95,2006,22,8.65,43.95
168449,Active,55008,NA,NA,D,2,1,344104.4413,7.99,2007,57,4.44,6.95
168450,Active,55009,NA,NA,D,3,1,306591.7025,33.67,2008,58,4.68,50.35
168451,Active,128358,NA,NA,S,1,0,760157.9275,70,2005,48,13.09,21.13
168452,Active,566484,NA,NA,D,7,1,4133246.5,10.4,2003,29,4,10.4
168453,Active,55354,NA,NA,D,8,1,102441.3175,33.26,2004,123,4.61,29.99
168454,Active,55353,NA,NA,D,9,1,100235.435,88.25,2008,93,10.55,63.97
168455,Active,758635,NA,NA,S,7,1,816181.46,11.99,2003,43,4,15.99
168456,Active,162677,NA,NA,D,9,1,1020749.885,69.4,2009,28,5.55,52.02
168457,Active,60314,NA,NA,D,8,1,681893.05,21.99,2004,89,4.98,23.99
168458,Active,709956,NA,NA,D,4,1,2812737.568,110,1999,37,4.12,20.93
168459,Active,917355,NA,NA,D,5,1,3894035.121,73.99,1974,28,4,52.97
168460,Active,120165,NA,NA,S,8,1,140682.115,116.6,1996,48,29.7,79.98
168461,Active,870447,NA,NA,D,5,1,426733.1638,133,2003,30,4.12,44.39
168462,Active,290089,NA,NA,D,9,1,81712.0975,58.69,2008,62,19.84,51.55
168463,Active,116694,NA,NA,D,5,1,287409.6325,144.2,2003,24,17.9,102.74
168464,Active,113660,NA,NA,D,4,1,983561.5725,111.33,1999,23,4.64,46.43
168465,Active,633152,NA,NA,S,2,1,351870.3525,116.6,2011,79,33.99,108.92
168466,Active,870394,NA,NA,S,3,1,1460790.03,93.95,1982,27,4,67.05
168467,Active,551559,NA,NA,D,2,1,2123508.949,89.95,1997,33,8.21,33.86
168468,Active,530910,NA,NA,S,2,1,155363.0913,49.95,2010,71,29.89,30.59
168469,Active,163537,NA,NA,S,7,1,441088.01,250,1995,47,6.7,78.98
168470,Active,58417,NA,NA,D,5,1,46791.56125,267.95,2010,67,13.13,45.6
168471,Active,58419,NA,NA,D,4,1,188406.7763,282.95,2006,88,5.39,33.99
168472,Active,650081,NA,NA,S,5,1,240293.7638,98.95,2010,27,5.98,0
168473,Active,862318,NA,NA,S,6,1,282630.6038,104.95,2014,29,7.99,48.99
168474,Active,2422299,NA,NA,D,0,0,1458330.224,69.29,1963,19,7.48,69.29
168475,Active,2422300,NA,NA,D,2,1,1198946.305,613.07,1974,19,8.74,89.16
168476,Active,2378055,NA,NA,D,2,1,442673.6563,227.05,1970,36,4,51.49
168477,Active,2378048,NA,NA,D,4,1,1224462.943,66.75,1989,33,4.23,42.69
168478,Active,294910,NA,NA,S,0,0,586567.5825,59.95,2009,38,12.4,28.99
168479,Active,594660,NA,NA,D,1,0,144264.9925,184.95,2011,43,12.19,48.99
168480,Active,232332,NA,NA,S,3,1,734975.3563,71.95,1995,24,10.31,65.68
168481,Active,556146,NA,NA,D,1,0,153013.64,65,1963,45,18,47.93
168482,Active,57527,NA,NA,D,10,1,49217.04125,86.54,2010,81,8.51,70.57
168483,Active,285868,NA,NA,D,7,1,1151150.606,110,1999,34,4.89,22.99
168484,Active,116574,NA,NA,S,8,1,189255.1763,144,2004,54,23.45,143.27
168485,Active,752765,NA,NA,S,10,1,1739513.983,52.78,2010,15,16.12,18.95
168486,Active,164080,NA,NA,S,8,1,1256806.26,33.99,2000,63,4,33.55
168487,Active,113172,NA,NA,D,4,1,330605.9425,99.95,2010,38,23.1,66.15
168488,Active,57526,NA,NA,D,10,1,119209.1138,94.65,2010,64,23.77,73.53
168489,Active,57532,NA,NA,D,9,1,881474.9375,33.98,2005,86,4,53.79
168490,Active,114536,NA,NA,D,8,1,562879.105,134,2003,34,5.11,43.97
168491,Active,57533,NA,NA,D,9,1,741098.2475,18.93,2004,75,4,23.99
168492,Active,118609,NA,NA,S,9,1,13026.56375,207.6,2007,76,86.15,132.67
168493,Active,121389,NA,NA,D,0,0,240309.4,134,1999,36,4.43,5.99
168494,Active,178239,NA,NA,S,4,1,744070.12,261.95,1995,53,4,38.67
168495,Active,60315,NA,NA,D,5,1,194965.085,278.95,2003,53,4.64,13.51
168496,Active,867990,NA,NA,D,2,1,1855215.701,65.95,1995,25,4.68,53.19
168497,Active,115450,NA,NA,D,1,0,2113668.31,113.33,2000,36,4,10.05
168498,Active,120943,NA,NA,S,2,1,242987.2875,209.2,2007,58,13.31,77.32
168499,Active,183725,NA,NA,S,1,0,203474.525,231.95,2008,40,4.98,64.19
168500,Active,911699,NA,NA,D,5,1,999491.8725,23.99,2001,34,4.07,29
168501,Active,914448,NA,NA,S,4,1,678390.28,119.6,2000,21,6.34,41.49
168502,Active,556705,NA,NA,D,3,1,1448916.03,91,1992,37,4,27.99
168503,Active,597972,NA,NA,S,2,1,426731.465,67.95,2006,26,43.13,66.44
168504,Active,144863,NA,NA,D,5,1,461076.5588,84,2004,28,30.86,66.04
168505,Active,113105,NA,NA,S,2,1,1626326.235,110,2007,21,36.3,155.14
168506,Active,534084,NA,NA,D,2,1,805933.7413,17.88,1993,28,4.27,17.88
168507,Active,860744,NA,NA,S,1,0,1799319.674,37.95,2012,19,6.66,25.97
168508,Active,194029,NA,NA,S,2,1,378384.4288,49,2005,27,20.69,0
168509,Active,913390,NA,NA,S,3,1,1004202.224,76,1996,32,4,32.99
168510,Active,2378127,NA,NA,S,2,1,2718464.156,49.88,1992,20,4.08,44.67
168511,Active,290595,NA,NA,D,3,1,23038.865,214.77,2004,104,28.29,78.27
168512,Active,166107,NA,NA,S,3,1,392207.15,79.25,1999,53,9.8,85.09
168513,Active,566894,NA,NA,D,2,1,850519.8063,53.99,1986,43,4.76,53.94
168514,Active,289295,NA,NA,S,4,1,410421.1525,99,2006,30,12.3,67.47
168515,Active,247753,NA,NA,S,2,1,376864.9138,41.95,2006,30,28.83,30.35
168516,Active,169799,NA,NA,D,5,1,162326.5513,257.95,2008,41,7.43,66.81
168517,Active,765074,NA,NA,D,3,1,2431510.954,98.95,2002,47,4,15.48
168518,Active,169119,NA,NA,D,4,1,452625.795,147.95,2005,61,4,18.53
168519,Active,132720,NA,NA,S,7,1,1517973.639,127.67,2008,14,12.69,127.67
168520,Active,3277138,NA,NA,S,2,1,1797586.855,0,2005,36,7.32,87.96
168521,Active,60317,NA,NA,D,6,1,409236.5975,94.8,2005,45,4,9.98
168522,Active,132569,NA,NA,D,7,1,244796.08,121,2008,50,4.21,38.39
168523,Active,649360,NA,NA,S,4,1,638161.0925,243.8,1994,36,30.94,115.63
168524,Active,146374,NA,NA,D,11,1,55554.39875,178.67,2011,337,4.23,23.48
168525,Active,146357,NA,NA,D,8,1,28202.8625,215.2,2011,157,6.48,13
168526,Active,1455495,NA,NA,S,5,1,135365.6075,140,2014,26,84.25,92.9
168527,Active,51452,NA,NA,S,2,1,338285.4438,107,2002,83,4,27.22
168528,Active,871800,NA,NA,S,7,1,713583.0325,83.82,2008,14,6.08,43.49
168529,Active,54711,NA,NA,D,5,1,97513.2025,122.25,2009,140,5.52,39.49
168530,Active,285454,NA,NA,D,4,1,222290.1913,74,2006,157,4,10.99
168531,Active,550482,NA,NA,D,6,1,9578.955,146.75,2013,176,8.9,43.14
168532,Active,111295,NA,NA,S,5,1,418651.3363,44.99,2009,42,16.43,49.48
168533,Active,402500,NA,NA,S,6,1,763884.2525,122.46,2006,30,9.98,53.85
168534,Active,110759,NA,NA,D,7,1,54366.39,199.75,2008,110,7.33,34.49
168535,Active,110001,NA,NA,S,5,1,665473.26,78.3,2010,17,44.23,73.98
168536,Active,50111,NA,NA,S,5,1,594411.5725,175.5,2003,112,4,47.75
168537,Active,577626,NA,NA,S,2,1,1569115.678,92.94,2009,11,37.36,81.99
168538,Active,879042,NA,NA,S,6,1,48092.26125,151.33,2014,64,25.85,83.81
168539,Active,560999,NA,NA,D,7,1,450973.9388,149.33,2007,88,4.57,38.98
168540,Active,567539,NA,NA,D,10,1,1749265.929,338.95,2007,34,4.47,22.94
168541,Active,571364,NA,NA,D,1,0,594131.0663,126.8,2011,107,4.5,11.94
168542,Active,261304,NA,NA,S,3,1,218070.735,100,2009,44,28.94,69.33
168543,Active,131886,NA,NA,D,0,0,1109709.156,94.8,2004,30,6.85,29.2
168544,Active,132578,NA,NA,D,3,1,266319.4413,132.8,2008,26,11.97,58.65
168545,Active,131453,NA,NA,S,2,1,1929185.614,126,2001,24,5.2,65.65
168546,Active,132477,NA,NA,D,11,1,68670.2075,195.2,2009,102,7.18,32.69
168547,Active,287558,NA,NA,D,2,1,559791.3088,101.4,2006,55,4.32,38.96
168548,Active,132061,NA,NA,D,10,1,386050.115,149,2005,80,4,11.79
168549,Active,132714,NA,NA,S,3,1,18137.66375,169.4,2010,70,24.93,89.79
168550,Active,53978,NA,NA,D,10,1,94156.39875,129.33,2007,155,4.48,20
168551,Active,169657,NA,NA,D,10,1,293925.645,308.95,2007,78,4,16.98
168552,Active,177001,NA,NA,D,9,1,1636966.058,372.95,2003,65,4,8.95
168553,Active,51454,NA,NA,D,4,1,28040.53125,155.2,2008,227,5.1,17.46
168554,Active,540773,NA,NA,S,5,1,19512.33375,221.8,2013,83,32.12,73.99
168555,Active,54045,NA,NA,D,4,1,353700.285,196,2009,152,4.24,24.63
168556,Active,54044,NA,NA,D,3,1,1141875.248,150.67,2006,71,4.15,10.98
168557,Active,876076,NA,NA,S,4,1,286247.6325,151.33,2014,39,18.5,61.99
168558,Active,54522,NA,NA,D,3,1,101262.8413,196,2010,171,5.27,20.99
168559,Active,54521,NA,NA,D,2,1,287808.37,150.67,2007,83,4,29.33
168560,Active,2377966,NA,NA,S,2,1,1235097.369,46,1992,21,4,11.23
168561,Active,115343,NA,NA,D,4,1,897935.895,113.4,2001,23,5.79,23.75
168562,Active,607430,NA,NA,D,3,1,2060853.236,100,1997,32,4,92.41
168563,Active,60318,NA,NA,S,5,1,1264719.734,144.95,1995,25,6.35,61.71
168564,Active,569874,NA,NA,D,4,1,2763436.018,107.95,1990,27,4,55.61
168565,Active,177086,NA,NA,D,6,1,328322.0138,376.95,2005,23,51.47,74.92
168566,Active,515360,NA,NA,D,12,1,166858.2025,185,2008,47,9.53,53.23
168567,Active,119115,NA,NA,D,13,1,34422.89125,218.4,2011,75,16.05,69.31
168568,Active,606710,NA,NA,S,9,1,2142962.028,100,1997,45,4,42.92
168569,Active,60319,NA,NA,D,11,1,187142.2163,139,2005,53,4,23.94
168570,Active,608516,NA,NA,S,8,1,1771373.894,217.95,2002,26,4,18.87
168571,Active,877016,NA,NA,D,9,1,1597124.253,315.95,2006,16,7.78,102.21
168572,Active,169210,NA,NA,D,9,1,345115.4975,309.95,2006,74,4.24,44.99
168573,Active,254102,NA,NA,D,10,1,71460.62375,286.95,2010,46,12.74,69.34
168574,Active,877026,NA,NA,D,10,1,583670.8813,205.85,2011,20,17.34,84.65
168575,Active,612583,NA,NA,S,3,1,375970.285,44.95,2013,22,18.01,0
168576,Active,894581,NA,NA,D,0,0,5711959.575,83.95,1999,11,4.4,44.75
168577,Active,232613,NA,NA,S,2,1,469602.6388,39.95,1998,40,4.99,28.99
168578,Active,530902,NA,NA,S,3,1,644470.4225,100.95,2012,25,15,30.84
168579,Active,3007356,NA,NA,D,1,0,323150.715,19.99,2015,9,18.99,19.99
168580,Active,2577563,NA,NA,S,2,1,4407546.316,199.95,1984,18,11.93,43.99
168581,Active,54639,NA,NA,D,9,1,482066.7863,43.4,2008,158,4,12.69
168582,Active,142220,NA,NA,D,9,1,818537.75,23.99,2010,63,4,23.99
168583,Active,142128,NA,NA,D,10,1,33448.70625,107.18,2011,142,6.34,23.94
168584,Active,269710,NA,NA,S,2,1,301322.9625,19.95,2009,41,8.25,51.65
168585,Active,166153,NA,NA,S,6,1,106239.6125,63.99,1995,53,5.48,72.11
168586,Active,114593,NA,NA,D,4,1,49372.49125,160,2005,87,33.64,106.6
168587,Active,621632,NA,NA,S,3,1,248430.9188,115,1998,59,7.04,55.15
168588,Active,652049,NA,NA,D,4,1,163596.0925,25.77,2005,29,23.28,24.41
168589,Active,2378205,NA,NA,D,2,1,957511.1988,87,1991,63,4,41.76
168590,Active,244186,NA,NA,S,1,0,81779.335,107.95,2012,67,35.46,78.93
168591,Active,52191,NA,NA,S,5,1,1408610.88,86,2002,54,4,32.35
168592,Active,52189,NA,NA,D,7,1,76076.725,157.53,2008,81,5.5,29.59
168593,Active,52190,NA,NA,D,6,1,600101.0813,135.8,2005,83,4,23.99
168594,Active,625679,NA,NA,D,2,1,1214414.034,65.25,1986,26,4.75,46.48
168595,Active,286988,NA,NA,D,3,1,311125.23,121.5,2000,40,4.95,26.98
168596,Active,127168,NA,NA,S,8,1,1458682.933,103.2,2007,15,43.94,105.09
168597,Active,127011,NA,NA,D,4,1,305119.2125,129,2006,29,5.96,64.9
168598,Active,127543,NA,NA,D,5,1,370312.5713,158.95,2009,47,28.51,87.03
168599,Active,543880,NA,NA,S,2,1,449238.5625,51,2012,27,25.89,35.58
168600,Active,290711,NA,NA,D,1,0,2671171.989,48,2007,23,4,53.52
168601,Active,901910,NA,NA,D,1,0,7783781.553,84.95,1995,16,5.13,61.31
168602,Active,259628,NA,NA,D,2,1,6482880.345,124.95,2000,13,5.73,24.98
168603,Active,530898,NA,NA,S,2,1,759939.0375,69.95,2011,26,26.58,43.14
168604,Active,147783,NA,NA,D,2,1,491047.8288,111.95,2000,31,4.4,28.87
168605,Active,147931,NA,NA,D,3,1,1356232.3,142.95,2003,37,4,23.99
168606,Active,288919,NA,NA,S,4,1,205063.8338,328.95,2006,34,37.34,59.06
168607,Active,1468758,NA,NA,S,5,1,1593023.596,99,2009,35,9.74,62.85
168608,Active,614080,NA,NA,S,1,0,402883.7625,78,2007,61,5.06,14.87
168609,Active,101481,NA,NA,S,1,0,733510.215,94.7,2001,93,4,5.98
168610,Active,101651,NA,NA,S,1,0,135542.55,76.95,2009,62,4,15.65
168611,Active,695829,NA,NA,S,1,0,322100.35,79,2009,58,7.53,15.89
168612,Active,101649,NA,NA,S,1,0,102480.15,71.75,2009,50,8.61,32.37
168613,Active,695568,NA,NA,S,1,0,494431.45,86.5,2007,48,6.24,11.89
168614,Active,695830,NA,NA,S,1,0,170602.9188,79,2009,75,5.89,57.77
168615,Active,695567,NA,NA,S,1,0,303972.305,86.5,2006,37,4.62,28.97
168616,Active,101650,NA,NA,S,1,0,244423.0975,76.95,2009,52,8.16,25.84
168617,Active,693344,NA,NA,S,0,0,1277102.013,104.05,2000,72,4,6.98
168618,Active,101575,NA,NA,S,1,0,220372.6313,89.2,2002,59,5.88,31.95
168619,Active,592827,NA,NA,S,2,1,571012.0188,149,2010,38,6.1,23.97
168620,Active,548397,NA,NA,S,97,1,450824.9438,149.3,1997,106,4,21.99
168621,Active,548314,NA,NA,D,0,0,313203.7588,112.8,2005,51,4,11.49
168622,Active,863496,NA,NA,S,1,0,126292.9,103.4,2007,68,6.73,17.98
168623,Active,548187,NA,NA,D,0,0,194894.5325,105.8,2006,72,5.86,15.02
168624,Active,548197,NA,NA,S,1,0,389952.5588,103.4,2007,61,6.34,16.94
168625,Active,922869,NA,NA,S,3,1,834257.5325,102.2,1993,94,4.8,15.89
168626,Active,555233,NA,NA,S,4,1,270625.1525,98.95,1991,62,14.23,38.36
168627,Active,548233,NA,NA,S,1,0,601108.9388,149.05,1999,134,4,25.88
168628,Active,863500,NA,NA,S,1,0,101665.2,108.25,2007,92,7.23,17.99
168629,Active,692594,NA,NA,S,1,0,300479.75,103.3,2009,58,6.38,33.99
168630,Active,548184,NA,NA,S,1,0,111532.8613,98.7,2009,53,6.58,30.99
168631,Active,694861,NA,NA,S,1,0,675696.9538,118.05,2005,100,4.49,7.29
168632,Active,548185,NA,NA,S,0,0,81964.125,98.7,2009,41,6.89,31.45
168633,Active,101435,NA,NA,S,1,0,53138.925,101,2009,64,18.05,69.64
168634,Active,922774,NA,NA,S,3,1,477589.0475,100.75,1997,88,4.48,13.89
168635,Active,863059,NA,NA,S,1,0,134238.975,149.05,2002,173,5.19,29.48
168636,Active,2697066,NA,NA,S,4,1,1300560.978,61.95,1998,27,6.38,43.21
168637,Active,2256855,NA,NA,S,7,1,2935058.54,68.55,2008,20,13.46,96.48
168638,Active,760912,NA,NA,D,1,0,2959782.833,105,2001,24,22.13,104.32
168639,Active,533514,NA,NA,D,7,1,7047.06375,34.99,2011,125,8.48,41.94
168640,Active,107635,NA,NA,S,4,1,230014.3138,31.25,2002,142,4,28.99
168641,Active,130364,NA,NA,S,3,1,39145.88,146.8,2011,69,34.94,84.23
168642,Active,114323,NA,NA,D,0,0,798191.7525,86.4,2002,29,4,30
168643,Active,117041,NA,NA,D,2,1,302176.58,98.8,2007,48,8.66,58.23
168644,Active,133274,NA,NA,S,3,1,115997.8113,90.2,2011,46,17.73,29.99
168645,Active,2675454,NA,NA,D,1,0,5040876.794,73.42,1985,21,6.88,65.92
168646,Active,127332,NA,NA,S,1,0,19787.775,92.95,2007,37,35.39,51.55
168647,Active,107366,NA,NA,S,4,1,844622.975,0,2001,25,49.82,290.67
168648,Active,2343682,NA,NA,D,3,1,1359064.781,28.99,1993,31,4,28.99
168649,Active,108582,NA,NA,D,3,1,1567678.726,133.85,2000,28,8.64,55.19
168650,Active,2419760,NA,NA,D,4,1,1058435.728,48.98,2005,29,6.33,46.45
168651,Active,252611,NA,NA,D,5,1,296918.26,73.75,2009,40,15.96,122.93
168652,Active,209352,NA,NA,D,0,0,168240.9275,62,1998,65,4,71.79
168653,Active,113439,NA,NA,D,2,1,2288059.324,127,1998,24,4.77,54.21
168654,Active,687397,NA,NA,S,1,0,3599.25,39.95,2012,17,39.2,31.9
168655,Active,860746,NA,NA,D,2,1,3587744.403,85,2012,24,4,33.98
168656,Active,555887,NA,NA,D,2,1,3728682.683,65,2010,29,4,43.91
168657,Active,164199,NA,NA,S,2,1,317917.265,248.86,1998,56,7.97,70.15
168658,Active,667326,NA,NA,S,4,1,144247.7625,85,2012,22,47.04,54.52
168659,Active,1463461,NA,NA,S,0,0,32328.375,61.88,2014,9,48.99,48.18
168660,Active,132535,NA,NA,S,3,1,70216.44625,50.2,2009,37,20.84,38.33
168661,Active,206300,NA,NA,S,2,1,726721.9363,51.95,2001,41,4.16,51.95
168662,Active,285836,NA,NA,D,2,1,156170.3663,120,2003,45,10.29,61.77
168663,Active,2378365,NA,NA,D,1,0,1153077.004,70.82,1981,75,4,43.85
168664,Active,119220,NA,NA,S,2,1,349511.3713,183.4,1997,45,25.11,73.15
168665,Active,616574,NA,NA,D,0,0,94559.47625,39.99,2002,38,5.59,27.13
168666,Active,101468,NA,NA,S,1,0,467734.6088,98.4,1998,70,4.35,23.88
168667,Active,537915,NA,NA,D,2,1,1309314.773,105,1978,42,4,47.99
168668,Active,1508086,NA,NA,S,1,0,18129.05,60,2011,23,29.14,33.98
168669,Active,544857,NA,NA,S,2,1,19741.495,113.95,2007,37,66.96,66.99
168670,Active,881875,NA,NA,D,0,0,1684511.666,27,1981,11,53.49,148.57
168671,Active,132483,NA,NA,D,9,1,399107.78,78,2007,26,15.38,57.88
168672,Active,131965,NA,NA,D,8,1,473488.2025,75.6,2005,25,4,19.88
168673,Active,2418603,NA,NA,D,3,1,4510588.868,74,2002,13,7.82,135.65
168674,Active,2420108,NA,NA,D,4,1,2535604.538,90,2005,13,6.39,76.44
168675,Active,264906,NA,NA,D,1,0,1474204.923,89.95,2003,16,32.99,59.43
168676,Active,905120,NA,NA,S,2,1,11056.4125,39.95,2014,24,23.99,25.55
168677,Active,530889,NA,NA,S,2,1,702909.6963,42.95,2011,15,8.29,28.7
168678,Active,530888,NA,NA,S,2,1,407914.0238,42.95,2011,35,10.79,12
168679,Active,530887,NA,NA,S,2,1,678546,42.95,2011,24,27.99,24.02
168680,Active,147665,NA,NA,S,2,1,91121.8,42.95,2011,25,18.93,31.57
168681,Active,637694,NA,NA,D,1,0,194748.58,95.95,2012,29,16.54,0
168682,Active,628651,NA,NA,S,7,1,629692.35,34.95,2011,41,5.98,17.49
168683,Active,574806,NA,NA,S,4,1,82449.985,44.95,2011,50,16.24,28.98
168684,Active,193493,NA,NA,S,2,1,1968262.058,35.95,2006,30,4,10.96
168685,Active,619338,NA,NA,S,24,1,247976.8338,43.95,2011,62,9.92,24.99
168686,Active,865262,NA,NA,S,31,1,145149.1588,43.95,2013,24,15.23,99.51
168687,Active,874029,NA,NA,S,32,1,331579.83,43.95,2014,27,9.56,39.98
168688,Active,610156,NA,NA,S,30,1,447769.2525,43.95,2012,25,11.91,43.55
168689,Active,776014,NA,NA,S,0,0,1441377.28,35.95,2007,40,5.81,23.49
168690,Active,193236,NA,NA,S,29,1,492949.9013,43.95,2011,42,4.59,13.89
168691,Active,621918,NA,NA,S,10,1,131973.42,43.95,2012,73,9.99,21.69
168692,Active,193712,NA,NA,S,9,1,507264.54,41.95,2010,83,6.72,11.94
168693,Active,776187,NA,NA,S,28,1,344444.83,38.95,2009,40,5.74,16.86
168694,Active,634899,NA,NA,S,29,1,466303.5138,43.95,2011,43,8.04,30.99
168695,Active,193543,NA,NA,S,2,1,1761214.624,35.95,2007,29,4,16.94
168696,Active,776291,NA,NA,S,2,1,867393.0063,43.95,2010,28,5.19,14.98
168697,Active,193546,NA,NA,S,6,1,1141086.106,35.95,2007,44,4.14,16.88
168698,Active,614063,NA,NA,S,7,1,233600.9463,43.95,2010,51,7.95,48.97
168699,Active,895022,NA,NA,S,4,1,315263.7513,44.95,2014,27,28.02,28.98
168700,Active,623449,NA,NA,S,3,1,664686.6413,43.95,2011,32,9.99,11.39
168701,Active,193545,NA,NA,S,2,1,1231662.646,35.95,2008,47,4,8.79
168702,Active,647077,NA,NA,S,3,1,178965.9713,44.95,2012,47,14.96,26.37
168703,Active,776290,NA,NA,S,3,1,929244.98,43.95,2009,47,4,12.93
168704,Active,1942263,NA,NA,S,4,1,290933.7038,44.95,2013,38,15.92,34.95
168705,Active,641439,NA,NA,S,7,1,58781.21125,44.95,2010,87,7.99,33.96
168706,Active,775736,NA,NA,S,6,1,1228719.609,35.95,2004,50,4.19,13.98
168707,Active,613052,NA,NA,S,6,1,923456.9163,36.95,2006,70,4,13.1
168708,Active,635715,NA,NA,S,8,1,65991.28625,44.95,2012,46,18.27,23.98
168709,Active,865811,NA,NA,S,2,1,421231.7263,43.95,2010,33,7.19,0
168710,Active,627427,NA,NA,S,2,1,337667.5025,44.95,2010,40,14.11,45.31
168711,Active,613364,NA,NA,S,8,1,338115.8738,36.95,2008,70,4.71,9.99
168712,Active,626270,NA,NA,S,12,1,44924.125,44.95,2011,24,21.91,38.73
168713,Active,193389,NA,NA,S,0,0,851661.465,29.95,2004,29,4.67,50.39
168714,Active,867694,NA,NA,S,9,1,39370.79125,44.95,2014,51,27.96,36.69
168715,Active,617959,NA,NA,S,8,1,316238.8725,36.95,2010,79,7.96,23.64
168716,Active,867674,NA,NA,S,8,1,231265.9413,44.95,2012,47,8.76,23.97
168717,Active,867683,NA,NA,S,8,1,28741.27125,44.95,2013,35,22.91,30.72
168718,Active,595047,NA,NA,S,9,1,123769.4163,43.95,2011,45,10.08,33.99
168719,Active,118304,NA,NA,D,6,1,268841.2525,160.2,2011,49,6.91,33.99
168720,Active,2258030,NA,NA,D,6,1,3203841.669,34.35,2011,46,9.06,58.6
168721,Active,116819,NA,NA,D,4,1,2300125.285,127.33,2005,43,3.99,14.49
168722,Active,106819,NA,NA,S,5,1,59075.1775,138,2011,42,54.39,69.15
168723,Active,106133,NA,NA,D,4,1,340173.7613,120,2005,29,27.64,83.85
168724,Active,244963,NA,NA,D,1,0,962017.8738,142.95,2002,31,12.01,76.06
168725,Active,249853,NA,NA,S,2,1,419358.82,268.95,2006,27,25.83,63.62
168726,Active,641413,NA,NA,S,2,1,121437.2,54.99,2010,28,28.94,34.28
168727,Active,1745178,NA,NA,S,0,0,758800.265,49,2008,32,18.89,27.22
168728,Active,563044,NA,NA,D,1,0,3626845.169,69.95,2005,15,37.61,41.99
168729,Active,291526,NA,NA,D,1,0,897612.03,199.95,2002,35,4.89,23.94
168730,Active,231723,NA,NA,S,2,1,1003192.32,96.95,1999,43,4.53,44.96
168731,Active,595556,NA,NA,S,2,1,81962.88625,49.95,2011,26,26.99,0
168732,Active,595893,NA,NA,S,5,1,65399.91875,43.95,2012,26,29.43,36.96
168733,Active,745926,NA,NA,S,1,0,505200.4375,59,1999,142,4,19.24
168734,Active,530883,NA,NA,S,4,1,464531.4613,73.95,2007,34,23.77,44.92
168735,Active,1718534,NA,NA,S,1,0,43815.125,65,2014,14,55.09,55.08
168736,Active,128217,NA,NA,D,1,0,3132492.388,46.95,2005,13,9.13,15.78
168737,Active,1477866,NA,NA,S,2,1,2160978.038,49.95,2013,12,31.51,25.15
168738,Active,286277,NA,NA,D,12,1,28921.255,130.8,2011,108,13.41,64.69
168739,Active,286372,NA,NA,D,11,1,627770.1013,113.33,2008,144,4,13.72
168740,Active,285960,NA,NA,D,10,1,802879.905,73.33,2004,67,4.53,10.99
168741,Active,2779139,NA,NA,D,2,1,2496658.9,39.95,1994,26,4,43.79
168742,Active,617358,NA,NA,D,12,1,115360.3113,76.2,2011,108,4.48,48.98
168743,Active,553514,NA,NA,D,11,1,825467.6988,63.33,2008,70,4,5.98
168744,Active,743982,NA,NA,S,2,1,1912446.544,75.95,2011,28,15.31,113
168745,Active,147598,NA,NA,S,2,1,1284490.03,67.95,2009,23,5.93,23.24
168746,Active,294028,NA,NA,D,3,1,764378.4813,124.95,2001,46,4,29.99
168747,Active,243645,NA,NA,D,2,1,1346215.445,118.15,2007,31,4,68.53
168748,Active,644643,NA,NA,S,2,1,253158.8563,46.95,2012,35,20,41.99
168749,Active,167228,NA,NA,S,1,0,76763.075,86.95,2006,34,28,59.55
168750,Active,631476,NA,NA,S,1,0,736016.7025,118.67,2011,27,17.05,53.99
168751,Active,576619,NA,NA,D,4,1,780867.8263,138.95,2006,99,4,38.2
168752,Active,705310,NA,NA,D,1,0,4134366.025,72.99,2006,16,9.68,62.38
168753,Active,110555,NA,NA,S,2,1,462206.79,142.75,2010,37,29.43,106.73
168754,Active,904462,NA,NA,D,3,1,2504402.161,81.95,2004,23,4.53,36.01
168755,Active,619235,NA,NA,S,4,1,1431231.809,92.95,2007,27,4,24.33
168756,Active,254497,NA,NA,S,5,1,205031.8,105.95,2010,20,41.12,92.98
168757,Active,545650,NA,NA,S,5,1,18186.30125,127.95,2012,39,48.99,58.99
168758,Active,111273,NA,NA,D,2,1,1096715.933,96.25,2010,28,5.52,43.99
168759,Active,607268,NA,NA,D,7,1,1220156.999,70.67,2004,57,4,21.54
168760,Active,111146,NA,NA,S,2,1,637099.6838,96.25,2010,37,6,58.39
168761,Active,635917,NA,NA,S,1,0,115612.575,86.95,2011,16,30.39,51.99
168762,Active,3463257,NA,NA,S,8,1,11301.1325,249,2015,25,99.95,161.22
168763,Active,105831,NA,NA,S,6,1,504181.9025,199,2003,66,5.68,49.94
168764,Active,530868,NA,NA,S,7,1,101193.7013,248,2010,55,49.56,122.54
168765,Active,3773215,NA,NA,S,7,1,416041,49.95,2016,12,38.94,43.59
168766,Active,530872,NA,NA,D,5,1,783255.44,94,2008,31,5.85,46.1
168767,Active,106391,NA,NA,D,4,1,1337869.793,64.95,2005,25,5.71,10.58
168768,Active,1594976,NA,NA,D,1,0,310823.0063,115,2009,43,52.94,88.36
168769,Active,530871,NA,NA,D,3,1,371091.83,39,2012,39,9.98,20.97
168770,Active,106523,NA,NA,D,1,0,2964691.831,26.95,2007,16,4,72.33
168771,Active,242187,NA,NA,D,4,1,1510576.203,69.95,2007,20,10.17,89.95
168772,Active,2680107,NA,NA,D,4,1,4389363.97,54,1994,28,4.33,44.2
168773,Active,867631,NA,NA,S,2,1,70681.76625,50.99,2014,13,26.24,0
168774,Active,264263,NA,NA,D,1,0,103285.93,49.99,2006,28,7.58,0
168775,Active,774877,NA,NA,D,2,1,897959.0088,72.95,1999,23,4,45.4
168776,Active,774492,NA,NA,D,3,1,1371789.394,66.95,2004,23,4.76,52.28
168777,Active,1517838,NA,NA,S,2,1,1127586.166,61.95,2006,21,9.19,34.26
168778,Active,203395,NA,NA,S,4,1,545352.6575,118.99,2001,27,17.01,67.69
168779,Active,2680205,NA,NA,D,1,0,4168270.588,37,1993,15,4.87,72.43
168780,Active,200434,NA,NA,S,1,0,81765,112.95,2010,31,40.95,47.73
168781,Active,632459,NA,NA,D,1,0,1061089.634,110,2009,24,14.49,0
168782,Active,155633,NA,NA,D,1,0,1642410.374,58.95,2003,25,4,38.99
168783,Active,113086,NA,NA,S,2,1,436569.7763,83.95,2006,34,5.98,13.76
168784,Active,530865,NA,NA,S,3,1,1407413.553,76,2011,19,8.52,18.99
168785,Active,288296,NA,NA,D,1,0,857148.005,9.99,2010,82,4,9.85
168786,Active,910866,NA,NA,S,2,1,69359.675,31.95,2014,34,22.87,27.33
168787,Active,1533855,NA,NA,D,0,0,2390967.259,109,2007,24,4.26,28.5
168788,Active,734756,NA,NA,D,0,0,1458991.11,39.77,2010,23,4,39.77
168789,Active,1596599,NA,NA,S,2,1,38779.39625,0,2006,29,4,116.01
168790,Active,530864,NA,NA,S,2,1,351899.8088,95,2007,26,16.49,40.97
168791,Active,2552237,NA,NA,D,12,1,4004214.018,58.95,2005,26,4,46.18
168792,Active,190827,NA,NA,S,14,1,123419.49,69.95,2011,45,13.89,31.9
168793,Active,542096,NA,NA,S,0,0,123619.2425,44.99,1972,43,12.05,31.49
168794,Active,530862,NA,NA,S,18,1,14003.085,39.99,2011,45,15.99,22.04
168795,Active,102439,NA,NA,S,5,1,468011.485,27.95,2006,184,4,8.07
168796,Active,919577,NA,NA,D,2,1,3566207.871,47.95,2000,49,4,20.56
168797,Active,157225,NA,NA,D,2,1,2951448.069,56.95,2004,30,4,15.99
168798,Active,530861,NA,NA,S,3,1,696270.0625,48.95,2011,22,28.74,34.6
168799,Active,177895,NA,NA,D,1,0,908693.695,167.95,2006,29,4,41.9
168800,Active,2431233,NA,NA,S,3,1,5785071.763,83,1995,26,4,10
168801,Active,131392,NA,NA,D,4,1,2137367.388,102,2002,28,4,16.75
168802,Active,654672,NA,NA,S,1,0,884491.0075,39.95,2009,46,11.45,22.99
168803,Active,291923,NA,NA,S,10,1,9345.915,29,2006,95,6.94,18.06
168804,Active,120032,NA,NA,S,2,1,622691.9613,42.6,2010,48,5.38,31.08
168805,Active,291911,NA,NA,S,10,1,1919.29875,18,2005,244,6.77,10.44
168806,Active,1559356,NA,NA,S,1,0,742323.765,49.95,2006,30,11.66,44.67
168807,Active,914348,NA,NA,D,1,0,299017.0225,77,1988,23,12.38,39.88
168808,Active,162532,NA,NA,S,1,0,250008.0363,25,2008,33,4,19.02
168809,Active,1781166,NA,NA,S,2,1,770228.5438,51,2015,12,43.45,43.46
168810,Active,1780412,NA,NA,S,2,1,973402.615,45,2015,15,28.93,37.11
168811,Active,687467,NA,NA,D,0,0,95103.73125,24.95,2010,20,14.96,0
168812,Active,191612,NA,NA,S,2,1,1244291.89,54.95,1992,22,18.48,38.98
168813,Active,288504,NA,NA,D,7,1,271067.75,109.4,2000,61,6.98,18.49
168814,Active,55273,NA,NA,D,8,1,115283.8288,128,2005,48,9.09,58
168815,Active,2610569,NA,NA,S,0,0,780319.6213,49.99,2000,34,28.69,30.79
168816,Active,2101193,NA,NA,S,0,0,947567.4025,44.99,2014,6,24.06,30.18
168817,Active,753527,NA,NA,S,2,1,671852.985,43.95,2012,30,8.88,29
168818,Active,131763,NA,NA,D,4,1,1108313.753,89.8,2003,34,3,49.64
168819,Active,132499,NA,NA,D,7,1,422591.6725,131,2007,28,4,46.27
168820,Active,145051,NA,NA,D,6,1,735598.6888,111.2,2005,32,4,14.89
168821,Active,3733923,NA,NA,S,2,1,514114.1,69.95,2015,38,28.98,42.35
168822,Active,142955,NA,NA,S,3,1,394791.515,43,2008,23,15.57,36.99
168823,Active,3574657,NA,NA,D,7,1,4818252.95,89.82,2004,31,4,57.85
168824,Active,105460,NA,NA,D,3,1,7072479.694,42.38,2008,15,4,39.3
168825,Active,110714,NA,NA,D,4,1,628688.32,31.45,2010,56,4,39.45
168826,Active,110193,NA,NA,D,3,1,1735680.698,10.92,2007,37,4,10.92
168827,Active,52812,NA,NA,S,2,1,1647041.114,70,2001,53,3.9,18.98
168828,Active,52813,NA,NA,D,5,1,49865.6825,38.99,2009,79,7.46,29.95
168829,Active,52815,NA,NA,D,4,1,771287.1538,12.97,2006,86,4,12.94
168830,Active,248509,NA,NA,S,9,1,931727.25,49.99,2009,37,4,8.56
168831,Active,148190,NA,NA,S,5,1,1830156.266,251.95,2004,41,4,17.5
168832,Active,254073,NA,NA,D,7,1,399319.0238,393.95,2010,75,4.98,17.63
168833,Active,436744,NA,NA,D,6,1,1418155.61,285.95,2008,30,4,29.63
168834,Active,867679,NA,NA,S,2,1,60902.15125,49.95,2013,32,23.97,38.85
168835,Active,615629,NA,NA,D,1,0,668154.225,49.95,2010,41,6.86,23.97
168836,Active,634967,NA,NA,S,0,0,1232044.859,45,2011,42,5.43,23.98
168837,Active,148221,NA,NA,S,6,1,1459263.616,123.95,2004,22,7.99,54.93
168838,Active,2473294,NA,NA,D,0,0,3626592.956,110,1988,19,4,21.23
168839,Active,246485,NA,NA,S,2,1,1297869.615,70,2007,34,4.59,39.41
168840,Active,116781,NA,NA,D,3,1,3154048.628,166.67,2004,26,4,17.23
168841,Active,193678,NA,NA,D,0,0,867547.5175,120.95,2010,33,7.32,40.11
168842,Active,867713,NA,NA,S,2,1,220397.32,142.95,2013,30,43.94,105.95
168843,Active,220386,NA,NA,D,4,1,734752.2913,123.76,2007,25,13.99,53.97
168844,Active,271105,NA,NA,D,7,1,816610.365,207,2011,45,4.96,89.69
168845,Active,270128,NA,NA,D,7,1,328121.4313,216,2011,72,11.98,52.75
168846,Active,533916,NA,NA,D,6,1,1305955.52,162,2007,38,4,9.02
168847,Active,110588,NA,NA,D,7,1,16723.73125,82,2011,139,8.18,40.57
168848,Active,2253089,NA,NA,D,6,1,2150187.286,42.64,2008,34,15.08,23.45
168849,Active,51151,NA,NA,S,5,1,1048424.261,229.95,2005,53,4,23.94
168850,Active,51150,NA,NA,D,6,1,372701.6038,18.49,2008,98,4.57,17.98
168851,Active,109188,NA,NA,D,5,1,1236388.729,33.49,2007,72,4,33.49
168852,Active,492195,NA,NA,D,4,1,49892.81625,357.95,2012,60,12.93,53.99
168853,Active,148646,NA,NA,D,3,1,281156.6238,377.95,2009,94,5.51,32
168854,Active,148312,NA,NA,D,2,1,534492.855,423.95,2006,38,4,4.8
168855,Active,143374,NA,NA,D,2,1,1112257.626,27,2002,22,4.99,8.98
168856,Active,423252,NA,NA,D,4,1,1235449.614,126.67,2007,58,4,8.92
168857,Active,2862019,NA,NA,D,0,0,4902031.473,52.95,1998,10,8.53,314.7
168858,Active,201779,NA,NA,D,0,0,1443928.865,124.95,2010,18,4.98,675
168859,Active,912466,NA,NA,S,2,1,393650.8375,49.95,2014,21,26.77,44.35
168860,Active,117570,NA,NA,S,1,0,731499.1325,133.4,2007,37,4,18.99
168861,Active,222332,NA,NA,S,1,0,128934.38,99,2006,29,16.34,52.7
168862,Active,3566634,NA,NA,D,1,0,1358188.4,60,1995,51,4,5.48
168863,Active,120078,NA,NA,D,1,0,585715.85,135.4,2010,29,6.94,53.86
168864,Active,116120,NA,NA,D,1,0,1053585.669,151,2006,54,4.68,23.99
168865,Active,3745856,NA,NA,D,0,0,235117.75,355,2014,33,12.92,73.51
168866,Active,860748,NA,NA,S,1,0,1501000.366,353,2012,14,21.61,24.19
168867,Active,615773,NA,NA,S,3,1,209510.4,48,2005,26,10.01,36.38
168868,Active,199954,NA,NA,S,0,0,1966371.406,29.95,2003,26,4,6.55
168869,Active,115859,NA,NA,D,3,1,1286828.628,26.95,2003,39,4.45,20.12
168870,Active,530852,NA,NA,S,4,1,56113.2275,52.67,2007,36,29.49,48.68
168871,Active,534156,NA,NA,D,1,0,51193.36875,222.25,2011,95,6.42,103.93
168872,Active,182401,NA,NA,S,7,1,1542030.601,69.56,2001,21,4,18.84
168873,Active,608745,NA,NA,D,7,1,751518.915,97.95,2001,48,4,22.44
168874,Active,101380,NA,NA,S,5,1,319453.4575,195.95,2001,48,6.94,38.25
168875,Active,606701,NA,NA,D,7,1,2187455.979,209.95,2002,52,3.77,15.99
168876,Active,248371,NA,NA,D,8,1,358167.1238,209.95,2006,33,4,194.81
168877,Active,1783395,NA,NA,S,9,1,627863.8813,0,2012,2,4.11,0
168878,Active,248370,NA,NA,D,8,1,617287.9113,150.95,2006,53,4,11.99
168879,Active,182756,NA,NA,S,4,1,47201.175,90.15,2003,131,4.9,26.94
168880,Active,182755,NA,NA,S,0,0,170176.3513,93.8,2003,69,6.48,18.97
168881,Active,182753,NA,NA,S,4,1,40448.98,90.15,2004,109,5.13,102.15
168882,Active,182754,NA,NA,S,0,0,78244.775,90.15,2003,184,5.51,31.44
168883,Active,770618,NA,NA,S,0,0,777411.555,110.15,2003,29,5.8,22.95
168884,Active,849899,NA,NA,S,0,0,111661.7813,98.2,1999,142,4,22.74
168885,Active,771034,NA,NA,S,4,1,195382.295,82.55,2002,43,12.23,48.99
168886,Active,771050,NA,NA,S,4,1,326807.6413,94.65,2003,44,6.44,45.97
168887,Active,155276,NA,NA,S,0,0,515987.76,94.4,1999,127,4.3,21.55
168888,Active,204319,NA,NA,D,0,0,2009510.499,69.99,2006,25,4,11.98
168889,Active,339471,NA,NA,D,2,1,360214.9738,69.99,2007,41,4,23.35
168890,Active,3566671,NA,NA,D,2,1,756315.35,63,2004,58,4,22.16
168891,Active,920471,NA,NA,D,1,0,1758323.888,35.95,1999,28,4,9.49
168892,Active,248099,NA,NA,S,3,1,173497.9925,70,2009,36,18.33,55.4
168893,Active,296867,NA,NA,D,1,0,1066558.009,44.65,2006,40,4.35,33.97
168894,Active,119590,NA,NA,S,2,1,194979.735,139.2,1995,53,4,16.04
168895,Active,689666,NA,NA,S,0,0,408128.155,25,2012,23,15.97,15.97
168896,Active,3292818,NA,NA,S,2,1,444111.5013,42.17,2005,33,27.76,88.97
168897,Active,56629,NA,NA,D,2,1,73885.2475,44.99,2005,117,5.98,42.43
168898,Active,660777,NA,NA,S,3,1,16738.42375,49.99,2013,81,23.26,24.48
168899,Active,208276,NA,NA,D,1,0,251295.0113,49.99,1999,86,4,22.53
168900,Active,208360,NA,NA,D,2,1,36671.01875,49.99,2008,148,8.09,16.33
168901,Active,718407,NA,NA,S,0,0,485229.7925,49.95,2000,22,18.93,49.93
168902,Active,615654,NA,NA,D,3,1,443809.2038,57.95,2000,40,4,16.16
168903,Active,658542,NA,NA,S,2,1,176891.2213,65.95,2009,73,45.28,61.63
168904,Active,888014,NA,NA,D,0,0,1828284.958,59.75,2004,12,15.45,44.49
168905,Active,660502,NA,NA,S,0,0,189244.7963,55.95,2004,33,60.64,73.58
168906,Active,543277,NA,NA,S,15,1,1124092.305,249.95,2010,44,4.15,28
168907,Active,904529,NA,NA,S,14,1,1725690.353,249.95,2007,19,4.16,39
168908,Active,642024,NA,NA,S,2,1,296801.575,35,2013,28,9.83,16.01
168909,Active,158172,NA,NA,S,3,1,2219.34375,59.95,2007,89,17.9,33.97
168910,Active,200930,NA,NA,S,2,1,236177.6988,29.99,2005,102,4.78,0
168911,Active,295827,NA,NA,D,2,1,2928467.328,219,2007,23,6.85,15.66
168912,Active,634613,NA,NA,S,1,0,535701.25,60,1992,29,8.17,35.76
168913,Active,2363175,NA,NA,S,2,1,311175.3975,41.95,1998,21,6.47,73.74
168914,Active,1655984,NA,NA,S,3,1,427556.705,60,2012,24,26.08,31.99
168915,Active,113410,NA,NA,D,1,0,1331303.131,126,2003,28,7.19,73.99
168916,Active,113385,NA,NA,D,1,0,1903122.606,200,2002,21,23.27,77.98
168917,Active,2309627,NA,NA,S,0,0,1088588.111,90,1992,20,8.97,190.2
168918,Active,916617,NA,NA,S,3,1,824337.255,75,2006,28,8.87,33.99
168919,Active,2110293,NA,NA,S,2,1,928634.395,49.95,2014,21,9.49,22.47
168920,Active,907942,NA,NA,S,2,1,144929.6225,65,2010,34,18.48,38.15
168921,Active,2564521,NA,NA,D,2,1,3267149.383,326.95,1990,13,31.49,53.94
168922,Active,897423,NA,NA,D,2,1,2841215.868,108,1993,22,4,9.98
168923,Active,228295,NA,NA,D,19,1,250262.2175,124,1995,27,6.59,0
168924,Active,2362243,NA,NA,D,1,0,3182915.288,2800,2003,6,203.94,252.99
168925,Active,862835,NA,NA,D,1,0,1017707.79,149,1999,24,18.31,62.42
168926,Active,747898,NA,NA,S,40,1,588907.6313,38.25,2009,12,21.26,41.01
168927,Active,530837,NA,NA,S,2,1,994002.3063,45.95,2010,13,34.33,34.94
168928,Active,286267,NA,NA,D,1,0,1150843.01,44.2,2008,32,4.29,27.99
168929,Active,530834,NA,NA,S,2,1,155550.3625,60,2012,32,23.49,43.67
168930,Active,106366,NA,NA,S,3,1,19767.11125,22,2005,141,4,0
168931,Active,146919,NA,NA,D,2,1,1459688.895,39.95,2000,29,4,14.87
168932,Active,218576,NA,NA,D,0,0,8918777.799,32,1997,19,4,28.96
168933,Active,537718,NA,NA,S,4,1,82476.36,50,2013,38,16.91,19.74
168934,Active,907386,NA,NA,D,4,1,906157.21,47.95,2004,21,4,20
168935,Active,540929,NA,NA,D,5,1,1164275.86,57.95,2009,18,10.97,25.95
168936,Active,530832,NA,NA,S,3,1,410408.335,42.95,2011,22,11.73,27.31
168937,Active,774497,NA,NA,D,5,1,3073442.995,569,2005,14,23.79,79.94
168938,Active,60322,NA,NA,D,5,1,725622.815,143.8,1999,38,4,10.98
168939,Active,192871,NA,NA,D,3,1,612012.4188,99,2002,28,4.36,69.85
168940,Active,249006,NA,NA,D,4,1,739760.505,135,2008,30,33.5,97.59
168941,Active,804014,NA,NA,D,1,0,3975858.404,233,2006,10,18.33,90.09
168942,Active,546457,NA,NA,S,2,1,239096.42,79.99,2013,22,54.92,52.84
168943,Active,153871,NA,NA,D,4,1,1358657.591,41.25,2005,68,4,14.68
168944,Active,612950,NA,NA,S,5,1,526966.4688,5.76,2008,89,4,7.48
168945,Active,915329,NA,NA,D,3,1,224770.1188,195.95,2013,48,5.05,140.75
168946,Active,1594222,NA,NA,D,1,0,2957704.714,114.99,2008,21,36.04,101.03
168947,Active,861864,NA,NA,S,8,1,79849.08625,103.95,2014,29,36.99,77.55
168948,Active,243959,NA,NA,D,7,1,749027.0725,96.95,2011,37,6.95,54.14
168949,Active,243960,NA,NA,D,7,1,143187.3675,76.95,2011,102,4,43.23
168950,Active,606673,NA,NA,D,2,1,4303613.968,97.33,1994,17,6.38,28.99
168951,Active,887699,NA,NA,D,0,0,1978658.18,43.97,1996,11,7.11,35
168952,Active,60323,NA,NA,D,1,0,1876089.634,35.69,1998,45,4,34.95
168953,Active,126369,NA,NA,D,0,0,2514648.345,89.95,2002,28,4,12.87
168954,Active,167008,NA,NA,S,2,1,46502.8025,180.75,2005,74,10.99,89.28
168955,Active,290334,NA,NA,S,2,1,676716.6025,185,2002,51,21.29,68.05
168956,Active,2698193,NA,NA,D,1,0,4742677.413,57.95,2002,17,5.3,72.87
168957,Active,115358,NA,NA,S,3,1,357150.5288,179.8,2005,30,48.43,102.61
168958,Active,622595,NA,NA,D,6,1,1275728.146,102.38,2012,36,4,57.38
168959,Active,51230,NA,NA,D,4,1,225547.46,303.95,2005,81,4.76,25.37
168960,Active,270099,NA,NA,D,3,1,483696.8463,214,2010,50,8.63,33.94
168961,Active,153915,NA,NA,D,1,0,428888.7788,52.09,2008,43,4.08,49.74
168962,Active,642290,NA,NA,S,2,1,79660.31625,43,2011,29,27.68,42.99
168963,Active,530827,NA,NA,D,7,1,926054.675,249.95,2009,23,43.69,108.88
168964,Active,370267,NA,NA,S,5,1,3013049.025,179.95,2004,15,13.74,51.99
168965,Active,655567,NA,NA,S,2,1,148994.8525,90,2011,29,41.99,77.94
168966,Active,872068,NA,NA,D,1,0,2153492.245,18,2007,23,4,18
168967,Active,625399,NA,NA,D,0,0,984972.1125,80,2010,34,5.42,43.98
168968,Active,51229,NA,NA,D,3,1,1509429.921,120.95,2001,38,4,43.99
168969,Active,273901,NA,NA,D,2,1,705301.7788,109,2003,22,4.94,32.14
168970,Active,625636,NA,NA,S,2,1,148144.9838,95.95,2012,43,33.43,50.33
168971,Active,556252,NA,NA,D,0,0,1155708.966,69.95,2003,43,4,13.94
168972,Active,530825,NA,NA,D,2,1,89032.9975,99,2012,89,10.5,35.94
168973,Active,106619,NA,NA,D,1,0,624760.5063,89.95,2008,25,4.83,30.93
168974,Active,2096712,NA,NA,S,3,1,303823.6438,222.95,2012,16,21.75,253.99
168975,Active,612905,NA,NA,D,2,1,435589.3388,65,2007,156,4,39.41
168976,Active,923447,NA,NA,D,3,1,81475.2525,120,2012,106,6.47,24.43
168977,Active,116424,NA,NA,D,2,1,3261790.15,39.2,2003,15,4.47,7.47
168978,Active,118520,NA,NA,D,3,1,1118027.411,69.2,2007,36,4,12.54
168979,Active,530823,NA,NA,S,4,1,141205.35,74.4,2012,38,25.67,38.99
168980,Active,545004,NA,NA,S,4,1,347383.375,37,2013,44,4.15,14.98
168981,Active,117045,NA,NA,S,2,1,314842.4375,71.4,2008,36,17.04,41.56
168982,Active,114408,NA,NA,S,3,1,393715.3525,128.4,2001,39,25.8,73.59
168983,Active,869319,NA,NA,S,2,1,3134203.504,131.95,2000,10,4,33.94
168984,Active,530822,NA,NA,S,2,1,54468.32625,45,2011,41,24.09,25.98
168985,Active,131915,NA,NA,D,1,0,939686.8963,146.8,2008,33,12.94,73.01
168986,Active,530821,NA,NA,D,2,1,653359.2313,58.95,2007,43,4,46.4
168987,Active,126627,NA,NA,S,1,0,81472.625,85.95,2005,26,46.14,62.54
168988,Active,655242,NA,NA,S,3,1,415386.3313,63,2012,31,4.94,8.65
168989,Active,550474,NA,NA,D,1,0,58614.5675,139,2012,69,5.3,0
168990,Active,298267,NA,NA,D,0,0,159463.875,72,2008,39,15.18,59.03
168991,Active,247782,NA,NA,D,0,0,1491012.059,119,2008,13,4.3,49.99
168992,Active,1458743,NA,NA,S,1,0,42684.475,53.32,2011,24,26,27.98
168993,Active,553054,NA,NA,S,2,1,42334.22375,53.32,2011,44,18.98,28.8
168994,Active,131799,NA,NA,S,2,1,643253.6788,161.95,2004,37,8.49,19.25
168995,Active,299163,NA,NA,D,1,0,688981.4988,99.95,2003,39,9.19,26.42
168996,Active,285671,NA,NA,S,2,1,191628.6888,89.95,2011,34,38.74,48.46
168997,Active,165270,NA,NA,D,1,0,812518.5963,152.95,2003,36,4.98,65.29
168998,Active,868882,NA,NA,D,0,0,814757.62,26.71,2004,12,20.74,21.28
168999,Active,2560844,NA,NA,D,1,0,2922076.954,75.95,1980,32,4,31.67
169000,Active,727735,NA,NA,D,0,0,4114843.515,77,1998,32,3.99,22.48
169001,Active,110014,NA,NA,D,7,1,358598.8575,32.11,2007,31,10.69,81.51
169002,Active,703433,NA,NA,D,6,1,2192388.118,12.35,2001,40,4,36.2
169003,Active,555913,NA,NA,S,2,1,343294.135,65.95,2013,51,12.59,51.06
169004,Active,145652,NA,NA,D,1,0,1392826.916,101,2007,36,4.39,43.47
169005,Active,626302,NA,NA,D,2,1,616737.8788,117.6,2009,33,9.04,57.17
169006,Active,108184,NA,NA,D,4,1,136918.3388,91.24,2008,33,28.44,77.82
169007,Active,58401,NA,NA,D,3,1,120499.6225,28.99,2008,82,5.27,15.95
169008,Active,249930,NA,NA,D,1,0,861111.1863,184.95,2008,45,6.69,21.49
169009,Active,60325,NA,NA,D,3,1,593813.085,60.61,1999,62,4,33.99
169010,Active,167184,NA,NA,D,1,0,812563.2625,14.44,2008,36,4,14.44
169011,Active,530816,NA,NA,S,2,1,212389.3263,115.5,2012,43,44.57,69.99
169012,Active,60324,NA,NA,S,11,1,769685.19,146.2,2003,34,4.98,44.52
169013,Active,2579577,NA,NA,S,2,1,6116977.763,75,1994,18,4.27,6.25
169014,Active,546399,NA,NA,S,13,1,829134.3938,75,2012,52,6.36,30.82
169015,Active,218779,NA,NA,D,2,1,1254446.648,86.95,2001,23,7.26,69.63
169016,Active,706735,NA,NA,S,6,1,1243271.346,370,2001,17,25.96,73.63
169017,Active,100733,NA,NA,D,5,1,1319241.569,8.64,1995,59,4,16.98
169018,Active,249824,NA,NA,D,4,1,527719.7863,260.95,2006,57,7.74,22.99
169019,Active,243919,NA,NA,D,5,1,283679.9938,251.95,2011,66,59.06,90.98
169020,Active,609108,NA,NA,S,3,1,609857.0413,333.95,2001,58,5.43,25.9
169021,Active,121068,NA,NA,S,10,1,151044.7788,43,1999,35,4,36.45
169022,Active,127584,NA,NA,D,10,1,138288.7888,120,2009,62,6.91,29.99
169023,Active,51939,NA,NA,D,10,1,169651.8,105,2008,41,4.04,47.92
169024,Active,607421,NA,NA,D,8,1,1484655.599,99,1992,33,4,42.49
169025,Active,107486,NA,NA,D,5,1,862427.96,120,2002,45,4,22.11
169026,Active,715096,NA,NA,D,14,1,1184773.954,45.16,2008,19,6.39,40.05
169027,Active,720685,NA,NA,D,0,0,9215761.29,88,2001,10,4.99,51.43
169028,Active,126533,NA,NA,D,2,1,883970.6863,99,2003,29,5.28,71.46
169029,Active,120917,NA,NA,D,14,1,394709.5563,170,2008,56,6.8,58.03
169030,Active,2568700,NA,NA,D,0,0,1760030.81,164.27,1975,25,5.38,164.04
169031,Active,703583,NA,NA,D,6,1,683538.0188,56.68,2000,42,4.76,55.41
169032,Active,2337200,NA,NA,S,5,1,1730778.304,114.7,1988,47,4,43.94
169033,Active,107842,NA,NA,S,7,1,1062860.265,176.1,2004,27,18.69,61.99
169034,Active,109365,NA,NA,D,7,1,374093.1,52.64,2005,39,10.41,52.73
169035,Active,169768,NA,NA,D,4,1,329291.4138,210.95,2008,73,4,48.9
169036,Active,116425,NA,NA,D,2,1,2071762.126,32,2003,29,4,37.77
169037,Active,873089,NA,NA,D,3,1,1192468.451,49.51,2007,42,5.59,24.76
169038,Active,118634,NA,NA,D,3,1,810046.1088,50,2007,39,3.99,20.35
169039,Active,177850,NA,NA,D,3,1,1578779.474,201.95,2004,59,4,13.94
169040,Active,749417,NA,NA,D,8,1,882646.185,69.53,2006,35,9.97,56.79
169041,Active,165933,NA,NA,S,8,1,417526.5538,133.5,2004,23,14.94,44.39
169042,Active,284801,NA,NA,D,7,1,759553.2475,34.95,1997,19,8.45,94.15
169043,Active,530808,NA,NA,S,8,1,97548.68375,40,2006,38,15.07,15.01
169044,Active,169314,NA,NA,D,3,1,174408.0775,231.95,2007,33,6.77,91.87
169045,Active,109519,NA,NA,D,5,1,493583.4163,33.98,2007,72,4,33.97
169046,Active,608535,NA,NA,D,2,1,817879.99,175.95,2004,28,4.12,6.68
169047,Active,909372,NA,NA,D,2,1,145012.1988,98.35,2003,20,22.71,38.58
169048,Active,2368627,NA,NA,D,0,0,4504357.618,65,1986,19,13.49,72.63
169049,Active,619571,NA,NA,D,7,1,897344.9388,95,2000,29,6.22,31.99
169050,Active,395914,NA,NA,S,2,1,311567.9813,59.95,1999,40,5.82,50.83
169051,Active,873548,NA,NA,S,2,1,694462.4238,68.64,1975,36,4,45.69
169052,Active,2027459,NA,NA,S,3,1,1985982.518,59.95,2008,22,4.53,43.06
169053,Active,265048,NA,NA,D,0,0,1498820.2,69.95,2010,30,4.55,47
169054,Active,265072,NA,NA,D,0,0,833947.0275,75,2011,40,4.73,27.13
169055,Active,392033,NA,NA,S,4,1,35582.5775,69.95,2010,28,24.61,63.99
169056,Active,119983,NA,NA,D,1,0,725118.2575,144.2,2008,40,4,23.7
169057,Active,121579,NA,NA,D,1,0,475770.6613,137,2010,63,3,13.99
169058,Active,106828,NA,NA,S,2,1,741240.9788,109,2010,31,17.94,33.32
169059,Active,530805,NA,NA,S,4,1,331321.3713,69.95,2011,30,21.64,41.52
169060,Active,530804,NA,NA,S,4,1,357097.5725,69.95,2012,31,14.9,40.69
169061,Active,121758,NA,NA,D,6,1,2523511.108,120,1998,27,4,44.67
169062,Active,117557,NA,NA,D,8,1,429460.8788,143.6,2004,20,9.01,69.75
169063,Active,2383810,NA,NA,S,3,1,4154969.239,90,1996,39,4,17.74
169064,Active,3505151,NA,NA,D,0,0,5415547.55,99,1970,31,4.98,95.6
169065,Active,646911,NA,NA,S,7,1,110016.105,74.95,2013,36,49.33,52.94
169066,Active,2344284,NA,NA,S,2,1,2291857.48,132.34,1979,34,4,50.47
169067,Active,223596,NA,NA,D,0,0,1707673.204,67.5,2003,15,12.84,67.41
169068,Active,634379,NA,NA,S,6,1,1147654.7,43.94,2008,18,10.28,43.94
169069,Active,2569743,NA,NA,D,1,0,971487.7813,77.96,1993,28,4.13,28.98
169070,Active,654636,NA,NA,S,2,1,562921.1538,49.95,2012,22,29.98,30.96
169071,Active,618737,NA,NA,D,1,0,902804.3288,8.98,2009,44,6.48,14.15
169072,Active,704359,NA,NA,D,0,0,4115653.578,225,2009,19,5.18,32.98
169073,Active,2381784,NA,NA,S,4,1,2104499.686,120,1996,20,7.64,58.73
169074,Active,287049,NA,NA,S,1,0,947276.6113,194.95,1995,16,43.17,73.98
169075,Active,614443,NA,NA,S,6,1,572276.3313,43.98,2010,41,7.06,0
169076,Active,111069,NA,NA,D,1,0,966518.325,15.97,2009,51,4.36,15.98
169077,Active,870889,NA,NA,S,8,1,1681888.789,110,1997,46,4,44.99
169078,Active,167003,NA,NA,D,6,1,380980.9738,76.02,2006,50,10.9,58.71
169079,Active,178262,NA,NA,S,2,1,2376464.39,257.95,1998,28,4,9.98
169080,Active,113567,NA,NA,D,3,1,4074104.089,87,2002,15,5.43,13.98
169081,Active,60328,NA,NA,D,4,1,1369326.104,139,2004,35,4,17.58
169082,Active,60901,NA,NA,D,11,1,500365.9863,131,2006,56,5.11,26.99
169083,Active,165412,NA,NA,D,5,1,639002.495,12.49,2001,70,4,10
169084,Active,116456,NA,NA,S,10,1,316334.8688,118,2003,58,4.13,14.98
169085,Active,120746,NA,NA,D,12,1,84182.7275,191.6,2009,93,7.72,63.26
169086,Active,2406532,NA,NA,D,1,0,2623829.383,98,1994,24,4.64,45.99
169087,Active,121401,NA,NA,S,2,1,846183.7375,217,1998,37,7.62,63.35
169088,Active,627495,NA,NA,D,12,1,1165660.734,145,2009,29,4,45.39
169089,Active,116445,NA,NA,S,10,1,96278.67875,118,2003,65,4.48,37.71
169090,Active,55006,NA,NA,D,11,1,88571.52375,131,2006,90,4.41,64.09
169091,Active,607139,NA,NA,S,9,1,490243.0263,118,2001,57,4.12,29.99
169092,Active,113902,NA,NA,S,9,1,789055.1613,150,2001,48,5.24,29.99
169093,Active,116708,NA,NA,D,4,1,758055.6888,179,2004,27,6,82.25
169094,Active,55007,NA,NA,D,12,1,193690.0538,238,2009,67,17.64,63.99
169095,Active,714438,NA,NA,D,3,1,2084308.363,26.99,2001,18,4,26.99
169096,Active,113568,NA,NA,D,3,1,1951478.521,143,2002,15,5.26,73.21
169097,Active,60329,NA,NA,D,4,1,1001958.25,139,2004,37,4.13,11.45
169098,Active,167004,NA,NA,D,6,1,319574.5263,55.25,2006,60,7.9,51.49
169099,Active,163113,NA,NA,D,7,1,243782.4013,51.31,2011,73,5.86,53.05
169100,Active,704358,NA,NA,D,1,0,2755794.196,229.49,2010,18,8.5,53.98
169101,Active,60330,NA,NA,S,11,1,437141.74,170,2006,49,10.86,15.94
169102,Active,163642,NA,NA,D,2,1,133058.0563,257,1995,84,5.32,25.72
169103,Active,537861,NA,NA,D,12,1,26157.71,191.6,2009,107,9.95,88.99
169104,Active,166143,NA,NA,D,3,1,2195366.509,235,1996,16,15.18,58.99
169105,Active,114346,NA,NA,S,1,0,507431.8563,134.2,2003,45,8.99,40.9
169106,Active,286026,NA,NA,D,3,1,166829.525,123,2004,53,6.39,71.69
169107,Active,119032,NA,NA,D,3,1,47710.38,156,2011,57,34.84,112.76
169108,Active,54635,NA,NA,D,1,0,1508438.79,94,2002,30,4,38.99
169109,Active,119789,NA,NA,S,2,1,440835.7288,174.4,1996,56,4,31.54
169110,Active,355855,NA,NA,D,1,0,2596484.275,73.95,1995,11,4.69,90.45
169111,Active,649405,NA,NA,D,4,1,699452.2125,357.12,1992,27,21.97,357.12
169112,Active,572958,NA,NA,D,2,1,3220688.095,102,1991,25,4,63.85
169113,Active,60331,NA,NA,D,3,1,702274.88,31.64,2003,41,4,28.99
169114,Active,566812,NA,NA,D,3,1,1534290.013,154.8,2005,20,4.96,38.99
169115,Active,749657,NA,NA,D,4,1,1100503.115,13.89,2008,24,4.49,33.97
169116,Active,756003,NA,NA,S,5,1,530801.3363,72.25,2011,42,35.84,49.3
169117,Active,530787,NA,NA,S,3,1,192528.5125,54,2007,33,20.2,39.94
169118,Active,2698128,NA,NA,D,5,1,3076905.416,59.95,2001,14,6.38,674.32
169119,Active,882721,NA,NA,D,2,1,5279167.424,99.95,2000,10,30.94,42.98
169120,Active,300121,NA,NA,S,4,1,68407.6,64,1998,26,31.42,32.99
169121,Active,286510,NA,NA,D,2,1,790672.525,143,2000,31,6.03,58.37
169122,Active,2256860,NA,NA,D,3,1,5011761.378,144.65,2007,29,62.47,144.65
169123,Active,119439,NA,NA,S,4,1,32705.725,107,2012,51,44.68,87.49
169124,Active,607327,NA,NA,D,2,1,2890323.904,67,2004,36,4,37.69
169125,Active,120591,NA,NA,D,3,1,607984.92,85.6,2008,35,8.24,48.72
169126,Active,862016,NA,NA,S,8,1,30874.785,84.95,2014,74,39.59,68.99
169127,Active,602321,NA,NA,D,6,1,2298998.249,69.95,2008,30,4,73.81
169128,Active,129477,NA,NA,S,4,1,666304.1763,29.95,2011,34,4,42.26
169129,Active,129450,NA,NA,D,6,1,1440859.399,69.95,2009,35,4.14,24.31
169130,Active,204381,NA,NA,D,2,1,1995786.111,48,2000,30,3.99,22.98
169131,Active,629167,NA,NA,S,3,1,155337.31,60,2012,35,33.07,48.32
169132,Active,129478,NA,NA,D,7,1,140280.4375,76.95,2011,98,4.35,22.99
169133,Active,863094,NA,NA,S,2,1,177271.3063,48,2003,35,4,13.89
169134,Active,615220,NA,NA,S,8,1,143566.2738,168,1992,72,6.98,38.99
169135,Active,2398253,NA,NA,S,5,1,586575.6913,78.59,1981,33,4,46.18
169136,Active,554631,NA,NA,S,6,1,44481.4,143.95,1994,42,11.49,67.99
169137,Active,554632,NA,NA,S,4,1,110836.0213,159.95,1994,47,17.46,69.94
169138,Active,3069438,NA,NA,S,2,1,66041.775,59.7,2005,27,17.99,55.2
169139,Active,766865,NA,NA,S,3,1,668790.6488,129.95,1999,35,4,11.3
169140,Active,178854,NA,NA,S,4,1,629980.9038,213.95,2006,39,10.88,80.87
169141,Active,2023422,NA,NA,S,4,1,1460082.191,36.99,2007,19,26,102.58
169142,Active,550449,NA,NA,D,5,1,1036487.638,51.75,2010,22,5.94,50.35
169143,Active,866690,NA,NA,S,6,1,66329.71125,75.75,2014,41,30.97,41.31
169144,Active,628682,NA,NA,D,5,1,130354.2688,42.74,2010,98,4,42.27
169145,Active,109408,NA,NA,D,4,1,571030.5313,101.37,2006,60,4,44.75
169146,Active,530763,NA,NA,S,2,1,1082412.954,43.95,2010,28,17.74,32.98
169147,Active,183397,NA,NA,S,0,0,104800.535,72.65,2005,53,8.14,23.14
169148,Active,628966,NA,NA,S,2,1,42439.025,50,2000,21,30.89,33.98
169149,Active,921709,NA,NA,D,0,0,67631.11875,34,2004,97,4,14.94
169150,Active,109238,NA,NA,D,1,0,774663.9363,51.63,2004,33,4.4,45.57
169151,Active,530782,NA,NA,S,3,1,84287.28375,64,2012,54,12.77,33.92
169152,Active,530781,NA,NA,S,3,1,631439.39,39.5,2010,56,5.86,14.45
169153,Active,116064,NA,NA,D,9,1,1435472.1,130.4,2005,30,4.1,32.89
169154,Active,285897,NA,NA,S,8,1,2986812.5,88,2001,24,4,15.99
169155,Active,120033,NA,NA,D,10,1,322189.8375,165.2,2009,50,4,11.97
169156,Active,145543,NA,NA,D,14,1,1614306.761,73,2006,26,4,47.75
169157,Active,132648,NA,NA,D,15,1,381095.595,92,2008,52,4.47,11.97
169158,Active,114212,NA,NA,D,2,1,182395.1163,131.8,2002,54,4,35.99
169159,Active,238652,NA,NA,S,6,1,94437.62,19.95,2009,56,5.14,18.98
169160,Active,238653,NA,NA,S,3,1,36674.6725,19.95,2011,74,11.97,16.99
169161,Active,238650,NA,NA,S,3,1,16597.08,19.95,2007,71,8.94,16.45
169162,Active,238651,NA,NA,S,6,1,102037.4188,19.95,2007,94,4,11.48
169163,Active,182760,NA,NA,S,1,0,760116.3388,122.95,2004,39,4.47,64.49
169164,Active,542117,NA,NA,S,4,1,50757.32625,43.25,2012,15,30.14,39.99
169165,Active,2592613,NA,NA,D,0,0,513234.615,14.5,2004,31,4,49.68
169166,Active,862573,NA,NA,D,2,1,285498.375,29.25,1994,51,4,45.05
169167,Active,530778,NA,NA,S,4,1,30830.6225,35.75,2012,25,25.74,18.67
169168,Active,866335,NA,NA,S,4,1,71142.6675,19.33,2009,17,17.45,0
169169,Active,771093,NA,NA,S,0,0,128318.1238,84.9,2002,53,5.99,33.87
169170,Active,530775,NA,NA,S,2,1,56637.72875,29.95,2010,31,7.75,14.98
169171,Active,2843231,NA,NA,D,1,0,2662722.584,58.95,2003,4,8.98,9.98
169172,Active,898871,NA,NA,S,3,1,349766.6825,52.95,2014,19,41.22,48.16
169173,Active,865139,NA,NA,S,2,1,722056.3488,45.95,2006,42,6.27,9.99
169174,Active,1546662,NA,NA,D,11,1,4169242.041,59.95,2010,23,4.76,7.74
169175,Active,1541541,NA,NA,S,10,1,4411098.885,59.95,2009,26,4,73.01
169176,Active,2643420,NA,NA,S,0,0,148991.325,64.4,2005,40,9.28,13.88
169177,Active,530770,NA,NA,S,3,1,20302.55375,16.99,2010,82,4.07,9.88
169178,Active,606926,NA,NA,S,5,1,717698.815,108,2004,18,6.39,53.94
169179,Active,606685,NA,NA,D,4,1,3797119.835,33.97,1998,19,5.32,32.65
169180,Active,2028088,NA,NA,S,0,0,45013.125,53.99,2007,30,4.46,26.99
169181,Active,530769,NA,NA,S,4,1,341876.315,62.5,2009,43,20.93,28.99
169182,Active,544871,NA,NA,S,2,1,486971.82,50.95,2012,36,17.51,37.77
169183,Active,1587998,NA,NA,D,17,1,1681093.418,37.5,2006,17,10.82,58.03
169184,Active,55156,NA,NA,S,2,1,49050.3,53.32,2004,31,21.99,30.94
169185,Active,616421,NA,NA,S,2,1,143590.6575,319.95,1994,101,5.82,32.45
169186,Active,145413,NA,NA,S,11,1,758779.15,24,2006,44,4,13.33
169187,Active,144391,NA,NA,S,10,1,1881794.553,18,2003,26,4,19.69
169188,Active,633792,NA,NA,S,13,1,34772.39125,38,2012,34,22.49,30.73
169189,Active,609844,NA,NA,S,10,1,554844.23,61.63,2011,86,4.94,82.37
169190,Active,108798,NA,NA,S,6,1,1054893.611,23.1,2005,24,3.98,13.92
169191,Active,110026,NA,NA,D,8,1,117010.3663,35.65,2011,101,4.83,23.99
169192,Active,109632,NA,NA,D,6,1,2542884.943,4.99,2005,39,3.99,9.98
169193,Active,110227,NA,NA,D,7,1,198721.7425,54.11,2007,107,4,48.99
169194,Active,632106,NA,NA,S,4,1,13003.39375,47.5,2012,82,18.69,34.63
169195,Active,182450,NA,NA,S,2,1,335741.8813,185.95,2000,34,8.64,57.31
169196,Active,862017,NA,NA,S,2,1,47658.68375,42,2014,14,27.5,30.52
169197,Active,530765,NA,NA,S,3,1,284858.4238,38.25,2011,14,21.22,27.36
169198,Active,530764,NA,NA,S,3,1,719753.5375,38.25,2011,34,21.62,26.8
169199,Active,156482,NA,NA,D,1,0,522036.8525,47.95,1997,86,4,21.99
169200,Active,157589,NA,NA,S,2,1,82642.685,47.95,2011,59,30.63,33.98
169201,Active,175047,NA,NA,S,2,1,175106.0388,49.99,2009,28,27.94,33.96
169202,Active,864255,NA,NA,S,0,0,106237.15,70,2012,17,40.38,0
169203,Active,619074,NA,NA,S,2,1,29176.98625,39.95,1994,56,13.93,21.75
169204,Active,616960,NA,NA,S,3,1,370237.0788,37,2006,45,5.82,22.84
169205,Active,169505,NA,NA,D,7,1,948205.9088,212.95,2006,57,4.13,25.98
169206,Active,1830010,NA,NA,S,1,0,207912.8113,189.95,2015,31,11.28,91.49
169207,Active,2930904,NA,NA,S,1,0,114198.0738,192.95,2015,47,13.77,162.28
169208,Active,2930906,NA,NA,S,1,0,131625.9725,146.95,2015,22,35.96,139.43
169209,Active,1830008,NA,NA,S,1,0,13700.345,229.95,2015,107,19.29,93.8
169210,Active,542279,NA,NA,S,8,1,41070.65,74.95,2010,8,46.98,46.99
169211,Active,766963,NA,NA,S,0,0,460590.775,74.95,2011,4,28.99,42.99
169212,Active,530762,NA,NA,S,3,1,312691.315,55,2008,53,8.8,41.35
169213,Active,530761,NA,NA,S,2,1,659014.2663,49.99,2010,40,10.65,12.49
169214,Active,722859,NA,NA,S,2,1,1346369.666,41.95,2009,23,30.94,37.44
169215,Active,133063,NA,NA,D,8,1,211746.4075,91.2,2010,66,5.19,32.36
169216,Active,607721,NA,NA,D,7,1,960073.6825,111.8,2007,51,4,13.94
169217,Active,633586,NA,NA,S,2,1,352948.1013,55.6,1997,44,8.73,90.85
169218,Active,899312,NA,NA,D,0,0,1220400.298,45.95,2002,21,5.29,49.32
169219,Active,161415,NA,NA,D,6,1,431281.62,123.75,1998,26,5.55,47.1
169220,Active,1721988,NA,NA,S,0,0,632939.9238,18.95,2007,32,10.03,73.65
169221,Active,606827,NA,NA,S,4,1,184329.8075,158.93,2002,58,5.07,81.74
169222,Active,118935,NA,NA,S,1,0,64020.85,74.6,2010,37,29.19,43.08
169223,Active,280395,NA,NA,D,1,0,2918022.671,69.95,2005,26,5.61,18.99
169224,Active,530758,NA,NA,D,2,1,1500888.095,69.95,2009,19,8,30.92
169225,Active,621526,NA,NA,S,2,1,342836.2225,105,1993,55,7.24,42.98
169226,Active,1886516,NA,NA,S,1,0,67285.25,69.99,2015,14,51.17,45.45
169227,Active,144745,NA,NA,S,1,0,79237.33375,69.99,2003,41,20.74,0
169228,Active,536156,NA,NA,S,6,1,638108.6638,54.99,2010,48,5.43,23.77
169229,Active,292052,NA,NA,S,5,1,1368451.16,49.99,2006,44,4,27.91
169230,Active,314185,NA,NA,S,1,0,876630.605,115.6,2004,44,4,43.66
169231,Active,165543,NA,NA,D,1,0,734400.0438,95,2003,71,4,27.55
169232,Active,403109,NA,NA,D,1,0,1014444.76,108.27,2008,30,4,43.89
169233,Active,147877,NA,NA,S,1,0,961654.685,311.95,2009,31,13.31,46.06
169234,Active,158329,NA,NA,S,2,1,425892.7113,63.95,2010,52,4.97,56.92
169235,Active,143006,NA,NA,D,0,0,3178344.501,28,2004,23,4.97,38.75
169236,Active,142989,NA,NA,D,1,0,1655655.314,168,2004,24,6.23,53.98
169237,Active,312718,NA,NA,D,4,1,1551963.299,119,2001,25,5.38,58.43
169238,Active,183207,NA,NA,D,5,1,356679.4575,295.95,2005,87,4.76,22.79
169239,Active,651297,NA,NA,S,6,1,136871.9013,111.95,2012,25,35.99,72.98
169240,Active,183209,NA,NA,D,5,1,238702.6313,115.95,2005,26,4,43.24
169241,Active,170163,NA,NA,S,5,1,390083.7938,135.95,2010,22,8.98,0
169242,Active,183255,NA,NA,S,2,1,604974.0263,153.95,2006,27,21.36,122.51
169243,Active,530755,NA,NA,D,4,1,88978.16625,308.95,2011,63,20.37,47.82
169244,Active,55003,NA,NA,D,4,1,905181.075,82.4,2006,59,4,48.99
169245,Active,60333,NA,NA,D,2,1,2014894.215,186.95,2005,40,4,13.78
169246,Active,148600,NA,NA,D,3,1,269092.3888,339.95,2008,74,4,26.98
169247,Active,55004,NA,NA,D,5,1,410279.8763,129.6,2009,44,5.01,38.29
169248,Active,862020,NA,NA,S,3,1,46384.95625,70,2014,36,39.42,47.51
169249,Active,106678,NA,NA,D,2,1,594068.0463,59.95,2009,43,4,36.79
169250,Active,211848,NA,NA,S,0,0,148445.1763,90,2011,63,35.81,75.68
169251,Active,241188,NA,NA,D,3,1,2247032.083,45.95,2002,27,4,13.17
169252,Active,110199,NA,NA,D,3,1,32601.01125,94.19,2010,65,15.91,58.59
169253,Active,285423,NA,NA,D,2,1,353473.9613,6.11,2008,80,4.79,18.98
169254,Active,630598,NA,NA,D,8,1,2177483.174,53.95,2010,27,6.76,61.24
169255,Active,618471,NA,NA,D,1,0,646621.255,24.78,2007,41,4,19.93
169256,Active,178728,NA,NA,D,5,1,255930.6013,100.95,2011,46,18.6,46.96
169257,Active,51165,NA,NA,D,9,1,541610.0875,182,2008,48,4.23,12.99
169258,Active,51164,NA,NA,D,10,1,315134.31,207,2011,67,10.09,30.22
169259,Active,149257,NA,NA,D,1,0,4540480.536,70.33,2004,24,4.97,46.19
169260,Active,530751,NA,NA,S,3,1,845089.9463,99.38,2010,19,10.35,56.73
169261,Active,134887,NA,NA,D,3,1,343962.9838,81,2010,22,19.99,53.4
169262,Active,119331,NA,NA,D,1,0,760455.0988,221.33,2011,19,13.77,27.99
169263,Active,120058,NA,NA,D,1,0,84317.74125,214,2011,76,4.51,39.37
169264,Active,655301,NA,NA,S,4,1,576054.7988,81.12,2012,28,23.98,70.99
169265,Active,51857,NA,NA,D,2,1,608855.9025,142.67,2007,63,4.35,40.97
169266,Active,51858,NA,NA,D,3,1,472480.7313,182,2009,118,4.33,22.99
169267,Active,110354,NA,NA,D,1,0,176257.9825,123.94,2010,48,8.1,61.13
169268,Active,148631,NA,NA,D,8,1,360519.1213,339.95,2008,63,4.97,83.99
169269,Active,544639,NA,NA,D,9,1,25551.11,359.95,2013,58,31.99,70.28
169270,Active,766260,NA,NA,S,3,1,6229374.799,103.17,2005,15,8.79,103.17
169271,Active,617514,NA,NA,S,6,1,2576147.236,190.75,2004,34,4.01,7
169272,Active,607397,NA,NA,S,4,1,159015.1488,179.2,2006,45,9.04,29.89
169273,Active,530749,NA,NA,D,8,1,235851.1888,33.93,2009,72,6.16,38.76
169274,Active,109609,NA,NA,D,7,1,411834.9538,7.1,2006,71,4,18.72
169275,Active,867373,NA,NA,S,3,1,10811.075,258.5,2014,43,22.94,22.98
169276,Active,162798,NA,NA,D,2,1,61894.7725,68.99,2010,60,4,51.15
169277,Active,60334,NA,NA,D,7,1,1427070.6,325.95,2006,49,4.08,33.04
169278,Active,118750,NA,NA,S,1,0,61633.45,79.6,2009,17,58.98,58.99
169279,Active,530750,NA,NA,D,3,1,1029969.106,115.95,2005,41,4,4.43
169280,Active,148464,NA,NA,S,2,1,115661.6913,269.95,2007,60,4.73,41.18
169281,Active,119428,NA,NA,D,3,1,26176.1325,223,2012,104,8.25,43.94
169282,Active,54558,NA,NA,D,2,1,141194.7313,167.2,2009,133,4,21.47
169283,Active,276619,NA,NA,D,10,1,729609.485,104,2007,60,4,14.61
169284,Active,101324,NA,NA,S,2,1,398850.9363,209.95,2000,29,8.99,8.99
169285,Active,1767659,NA,NA,S,2,1,172469.5125,54.99,2011,21,46.19,50.65
169286,Active,157364,NA,NA,S,2,1,1410806.253,59.95,2006,29,6.58,42.81
169287,Active,871066,NA,NA,S,2,1,10762.16375,51.95,2014,48,29.94,32.7
169288,Active,115757,NA,NA,D,3,1,1543266.094,74.67,2003,36,4,11.98
169289,Active,246735,NA,NA,D,1,0,127823.1213,51.95,2010,80,4,13.94
169290,Active,118866,NA,NA,D,4,1,782776.6663,101.2,2007,44,4,46.98
169291,Active,561432,NA,NA,D,1,0,35111.00125,164.4,2012,143,5.11,34.53
169292,Active,791479,NA,NA,D,1,0,461820.3988,171.73,2012,26,5.21,30.39
169293,Active,910975,NA,NA,S,31,1,1245998.298,78,2012,30,5.16,46.47
169294,Active,177692,NA,NA,S,1,0,1848579.258,185.95,2001,39,3.85,63.96
169295,Active,630163,NA,NA,S,0,0,736674.0213,45,2007,27,11.82,34.18
169296,Active,533897,NA,NA,D,7,1,55462.16375,78.99,2009,97,4,44.17
169297,Active,51204,NA,NA,S,2,1,1205367.798,134.2,2006,35,4.53,48.13
169298,Active,51203,NA,NA,D,3,1,1730809.619,1,2007,56,4,11.49
169299,Active,51205,NA,NA,D,3,1,162643.4025,152.07,2007,156,4,11.1
169300,Active,669328,NA,NA,S,4,1,71930.225,141.4,2011,21,21.98,77.63
169301,Active,145668,NA,NA,D,8,1,476034.6875,155.33,2008,44,15.55,49.39
169302,Active,657986,NA,NA,S,3,1,24375.9075,175,2014,54,42.71,52.66
169303,Active,552342,NA,NA,D,9,1,247268.5625,197.6,2011,44,8.84,104.45
169304,Active,1829173,NA,NA,S,10,1,260718.7725,52.39,2014,11,44.99,58.05
169305,Active,183174,NA,NA,D,2,1,881205.3875,144.95,2006,50,4,33.19
169306,Active,60336,NA,NA,D,7,1,1182942.803,168,2005,59,4,26.32
169307,Active,246306,NA,NA,S,1,0,379909.5563,72.95,2007,31,14.62,28.25
169308,Active,537796,NA,NA,D,3,1,1646753.658,19.07,2004,38,4.1,18.98
169309,Active,872475,NA,NA,S,6,1,2801972.833,83.95,1994,32,4,57.63
169310,Active,252555,NA,NA,D,4,1,206471.7713,23.99,2008,45,9.7,40.81
169311,Active,910283,NA,NA,D,2,1,1370305.76,79.95,2005,31,4,21.95
169312,Active,861329,NA,NA,S,2,1,612299.3288,85.95,2013,31,33.39,63.47
169313,Active,544994,NA,NA,D,3,1,81913.74,72,2012,70,7.46,41.37
169314,Active,248065,NA,NA,D,2,1,921539.305,58,2009,67,4,43.71
169315,Active,3049294,NA,NA,D,1,0,2143698.666,189.95,1996,16,10.92,60.41
169316,Active,223787,NA,NA,D,1,0,3037465.469,88.95,1998,25,4,11.34
169317,Active,200644,NA,NA,S,2,1,310077.3838,116.95,2011,31,12.59,44.4
169318,Active,56101,NA,NA,D,4,1,940373.58,337.95,2006,53,4,34.96
169319,Active,56102,NA,NA,D,5,1,242989.0138,337.95,2009,50,5.02,37.93
169320,Active,56100,NA,NA,D,3,1,1843599.408,199.95,2003,34,4,31.38
169321,Active,660750,NA,NA,S,4,1,100910.64,78.95,2013,28,39.11,58.99
169322,Active,146121,NA,NA,S,6,1,90572.14875,195.8,2009,45,73.45,105.81
169323,Active,144250,NA,NA,D,3,1,2478071.583,93.67,2000,27,4.38,45.69
169324,Active,144681,NA,NA,D,4,1,3251093.564,106.2,2003,25,4,19.79
169325,Active,145222,NA,NA,D,5,1,399036.285,173.33,2006,26,7.94,30.43
169326,Active,109501,NA,NA,D,4,1,904359.3938,29.63,2005,45,4,29.63
169327,Active,110065,NA,NA,D,5,1,576954.0013,51.18,2008,36,4.92,48
169328,Active,125922,NA,NA,D,0,0,1227532.536,99,1999,43,4,34.08
169329,Active,909454,NA,NA,D,1,0,1269407.713,99.95,1996,21,4.43,37.59
169330,Active,565811,NA,NA,D,1,0,247669.755,68.97,2009,48,8.5,61.01
169331,Active,653474,NA,NA,D,6,1,881809.8338,150,2009,26,30.33,57.89
169332,Active,196614,NA,NA,S,4,1,1471208.883,116,2003,21,8.09,54.49
169333,Active,657719,NA,NA,D,2,1,438468.9925,360,2003,32,38.7,153.68
169334,Active,178632,NA,NA,D,6,1,24248.35125,206.95,2011,63,7.68,101.88
169335,Active,129471,NA,NA,S,2,1,56989.01625,90.95,2011,52,44.33,59.24
169336,Active,177476,NA,NA,S,3,1,843532.8588,80.95,2000,34,4.31,23.99
169337,Active,696393,NA,NA,D,2,1,607886.83,65.7,1997,30,4,42.71
169338,Active,177574,NA,NA,S,3,1,439680.3138,268.95,2002,66,16.77,45.43
169339,Active,572562,NA,NA,S,1,0,97421.71625,82.95,2002,32,28.57,37.22
169340,Active,246681,NA,NA,S,1,0,196762.6138,78.95,2010,35,28.99,37.66
169341,Active,617499,NA,NA,D,1,0,1510330.498,15.96,1998,30,4,15.88
169342,Active,177344,NA,NA,D,4,1,365962.9638,183.95,2005,55,4,37.18
169343,Active,608548,NA,NA,D,3,1,1647241.629,77.95,2000,43,4,8.84
169344,Active,169364,NA,NA,D,5,1,316091.0625,218.95,2007,51,6.99,69.24
169345,Active,663987,NA,NA,S,2,1,510214.6763,51.95,2013,24,32.26,35.8
169346,Active,554039,NA,NA,D,1,0,706181.8763,62.6,2000,24,4,66.21
169347,Active,608617,NA,NA,S,4,1,1548715.204,108.95,2004,53,4,33.99
169348,Active,108187,NA,NA,S,3,1,129188.4338,126.8,2003,33,37.73,63.48
169349,Active,618393,NA,NA,D,8,1,500228.955,170.75,2007,35,5.4,33.64
169350,Active,146265,NA,NA,S,9,1,63985.14625,196,2010,46,78.99,96.44
169351,Active,107854,NA,NA,S,7,1,2331852.26,55.04,2005,34,4,33.98
169352,Active,53192,NA,NA,D,9,1,44917.68,208,2010,57,7.74,7.74
169353,Active,574332,NA,NA,D,1,0,226559.0863,150.91,1998,55,4,27.69
169354,Active,113972,NA,NA,D,8,1,524013.1863,140,1999,82,4,7.38
169355,Active,109262,NA,NA,D,1,0,653628.4513,193.75,2010,44,5.48,11.99
169356,Active,53194,NA,NA,D,8,1,604376.9,4.22,2007,63,4.43,19.94
169357,Active,162174,NA,NA,S,2,1,73447.8,68.25,2010,26,15.99,42.49
169358,Active,1548368,NA,NA,S,0,0,319125.2463,50.95,2012,25,39,35.6
169359,Active,60337,NA,NA,D,2,1,1270653.274,60,1997,27,4,12.98
169360,Active,530733,NA,NA,D,3,1,376800.7225,83.5,2004,43,12.67,57
169361,Active,186588,NA,NA,S,4,1,82918.31125,88,2011,54,48.81,78.99
169362,Active,530735,NA,NA,D,2,1,25019.18125,110,2010,45,33.94,84.05
169363,Active,205972,NA,NA,D,1,0,692449.7038,90,2005,62,4.81,12.33
169364,Active,229613,NA,NA,D,1,0,2330724.456,99.95,1995,14,8.97,53.03
169365,Active,2332776,NA,NA,D,0,0,1052345.851,79.2,1977,24,4,77.66
169366,Active,271892,NA,NA,D,1,0,3202524.353,135,2007,11,31.38,110.4
169367,Active,268811,NA,NA,S,2,1,367589.1588,60,2009,30,18.91,48.99
169368,Active,257270,NA,NA,D,1,0,441582.1263,110,2003,78,6.25,16.99
169369,Active,574720,NA,NA,D,4,1,1878056.439,43.95,2007,38,4,15.16
169370,Active,595061,NA,NA,D,6,1,165356.7588,49.95,2012,29,12.04,43.5
169371,Active,916538,NA,NA,S,4,1,24594.2875,44,2013,33,27.02,40.99
169372,Active,600104,NA,NA,D,2,1,375524.6,39,2006,37,4,9.52
169373,Active,270108,NA,NA,D,3,1,220149.2388,47,2010,42,6.07,52.56
169374,Active,193366,NA,NA,D,3,1,810581.7775,143,2004,20,6.24,70.03
169375,Active,737971,NA,NA,D,2,1,3012520.75,75,1998,22,5.95,52.99
169376,Active,607329,NA,NA,D,5,1,1073383.64,120,2004,30,4,8.44
169377,Active,530730,NA,NA,D,7,1,129408.1763,160.8,2010,41,12.99,88.43
169378,Active,597693,NA,NA,D,3,1,1433027.206,49,2001,16,18.89,53.28
169379,Active,776139,NA,NA,D,0,0,1346196.004,76.95,2008,35,4,20.56
169380,Active,642020,NA,NA,S,2,1,117680.82,125.95,2013,28,28.9,88.98
169381,Active,143380,NA,NA,D,8,1,250828.3688,41,2010,34,5.98,33.98
169382,Active,120915,NA,NA,D,6,1,362123.26,130,2007,40,4,51.14
169383,Active,1942279,NA,NA,D,0,0,1396964.793,59,2013,21,5.54,13.99
169384,Active,156680,NA,NA,D,0,0,5531817.645,59.95,1999,15,4,94.09
169385,Active,866758,NA,NA,S,3,1,105953.54,99.95,2014,48,34.39,45.02
169386,Active,628279,NA,NA,D,1,0,852668.5113,102.95,1995,32,6.26,33.99
169387,Active,2576438,NA,NA,D,1,0,615326.01,98.95,1993,42,5.18,49.05
169388,Active,607155,NA,NA,D,3,1,1962695.793,49,2000,20,4,71.59
169389,Active,873379,NA,NA,D,0,0,5792556.509,35.4,1993,22,4,32.31
169390,Active,115849,NA,NA,S,4,1,135906.7888,118.2,2004,47,10.86,61.21
169391,Active,2253103,NA,NA,D,7,1,3753198.494,29.22,2009,40,5.59,16.47
169392,Active,296518,NA,NA,D,7,1,745612.1325,49.95,2009,86,4,5.99
169393,Active,279133,NA,NA,S,6,1,1583484.184,49.95,2005,61,4,6.98
169394,Active,534717,NA,NA,D,8,1,61994.74,66,2012,79,5.97,25.6
169395,Active,269969,NA,NA,D,5,1,373855.34,177,2008,35,10.44,29.98
169396,Active,609845,NA,NA,S,6,1,160523.6775,74.95,2012,38,46.69,47.22
169397,Active,115595,NA,NA,D,4,1,2553958.77,80.6,2003,29,4,12.57
169398,Active,640535,NA,NA,S,2,1,994696.3713,47.95,2008,26,12.57,31.99
169399,Active,428122,NA,NA,D,1,0,3693122.286,65,1995,24,4,67.53
169400,Active,456164,NA,NA,S,1,0,311687.62,109.8,2002,44,7.79,69.93
169401,Active,193300,NA,NA,S,4,1,6788544.586,120,2003,13,19.97,209.97
169402,Active,2397038,NA,NA,D,4,1,2056661.526,86.5,1996,29,4,45.71
169403,Active,124066,NA,NA,D,5,1,851975.715,116.95,2000,39,4.98,28.48
169404,Active,865215,NA,NA,D,2,1,2095375.546,83,1996,18,4,136.03
169405,Active,258412,NA,NA,D,0,0,419682.5225,104.5,2006,82,4.97,33.72
169406,Active,193680,NA,NA,D,6,1,388707.0813,146,2009,53,5.37,21.78
169407,Active,629271,NA,NA,S,12,1,1343016.98,210.5,2009,27,4.66,49.13
169408,Active,876248,NA,NA,S,13,1,356785.2338,41.9,2014,11,32.99,45.73
169409,Active,162923,NA,NA,D,8,1,53140.89125,86.95,2010,73,12.87,38.81
169410,Active,533633,NA,NA,D,9,1,128247.965,199.95,2012,100,4.42,16.6
169411,Active,545607,NA,NA,D,9,1,1240473.951,199.95,2012,35,6.47,23.78
169412,Active,110214,NA,NA,D,12,1,14958.34375,331.5,2011,140,7.3,16.47
169413,Active,108840,NA,NA,S,10,1,441036.46,5.54,2004,49,4,43.94
169414,Active,54226,NA,NA,S,10,1,873831.165,237.95,2003,65,4.41,13.97
169415,Active,699243,NA,NA,S,12,1,232055.3075,43.98,2011,32,6.13,43.98
169416,Active,530722,NA,NA,S,2,1,65791.67125,65.5,2009,62,8.92,33.03
169417,Active,750593,NA,NA,S,2,1,102757.26,32.95,2008,26,17.7,22.36
169418,Active,862024,NA,NA,S,9,1,12529.84125,237.5,2014,60,43.96,53.99
169419,Active,877724,NA,NA,D,0,0,980363.6588,84.12,2008,43,7.49,80.56
169420,Active,161667,NA,NA,D,6,1,583784.0813,63.99,2007,61,5.46,29.99
169421,Active,52944,NA,NA,D,8,1,923152.57,184.95,2009,50,4,7.98
169422,Active,54126,NA,NA,D,12,1,302334.6663,39.05,2009,71,4.31,23.99
169423,Active,533525,NA,NA,D,13,1,37117.24875,52.87,2012,112,10.99,41.99
169424,Active,54125,NA,NA,D,11,1,673092.435,70.86,2006,70,4,28.46
169425,Active,169665,NA,NA,D,12,1,1043056.046,283.95,2007,45,4.34,23.94
169426,Active,614940,NA,NA,S,1,0,97296.5675,90.15,2008,84,12.97,49.99
169427,Active,545627,NA,NA,S,5,1,71084.35,199.95,2012,55,15.19,48.77
169428,Active,199904,NA,NA,D,3,1,3748809.864,148.95,2003,45,4.35,8.99
169429,Active,54224,NA,NA,D,13,1,113545.355,231.95,2010,73,4.49,28.89
169430,Active,54223,NA,NA,D,12,1,782877.595,183.95,2007,76,4,26.95
169431,Active,861330,NA,NA,S,12,1,184286.51,131.53,2013,45,20.82,83.99
169432,Active,285402,NA,NA,D,11,1,265417.5288,22.98,2009,119,4,19.98
169433,Active,55269,NA,NA,D,10,1,248505.9438,138.4,2007,228,4,22.18
169434,Active,52943,NA,NA,D,7,1,784491.44,107.93,2006,56,4.09,7.31
169435,Active,576631,NA,NA,D,4,1,987429.2375,209.95,2007,90,4,16.95
169436,Active,55270,NA,NA,D,11,1,36526.52875,160.8,2010,245,5.08,17.95
169437,Active,1448165,NA,NA,D,10,1,3069784.251,19.96,2008,22,4,18.99
169438,Active,55268,NA,NA,S,9,1,341358.29,116,2004,142,4,14.81
169439,Active,897534,NA,NA,D,2,1,2420188.346,129.95,1997,18,33.99,86.25
169440,Active,1553509,NA,NA,S,1,0,1080549.754,56.95,2012,15,38.99,42.76
169441,Active,157292,NA,NA,D,2,1,1694141.739,61.95,2006,26,4.49,49.47
169442,Active,194973,NA,NA,D,0,0,2197593.125,55.95,2005,33,4,27.95
169443,Active,156474,NA,NA,D,0,0,3325083.42,53.95,1995,31,4,21.74
169444,Active,915304,NA,NA,S,3,1,266845.6825,69,2013,41,13.78,48.22
169445,Active,113475,NA,NA,S,2,1,253821.6363,78.95,2002,50,8.44,8.89
169446,Active,899471,NA,NA,D,2,1,1631080.775,129.95,2004,16,9.09,49.72
169447,Active,882722,NA,NA,D,0,0,6491727.705,99.95,2000,10,8.23,73.49
169448,Active,659171,NA,NA,S,2,1,684698.865,127,2012,37,4.77,36.88
169449,Active,875133,NA,NA,S,3,1,624362.115,70.67,2013,27,12.44,67.59
169450,Active,864634,NA,NA,D,3,1,66755.06625,97.2,2013,68,7.19,63.72
169451,Active,133178,NA,NA,D,2,1,308705.5713,84,2010,131,3.88,22.97
169452,Active,145241,NA,NA,D,1,0,1755811.269,68,2007,43,4,13.93
169453,Active,669117,NA,NA,S,0,0,27132.61,13.22,2012,21,10.49,13.25
169454,Active,627368,NA,NA,S,0,0,18563.925,98,2011,29,11.89,22.24
169455,Active,635772,NA,NA,S,0,0,26792.275,98,2011,43,9.19,17.89
169456,Active,1520608,NA,NA,D,0,0,174999.0638,10.65,2007,36,4,7.54
169457,Active,1520792,NA,NA,S,0,0,299393.5763,57,2009,24,38.44,51.67
169458,Active,1520498,NA,NA,S,0,0,105346.8,66.97,2007,77,4.48,25.22
169459,Active,1520793,NA,NA,S,0,0,53495.225,103.5,2009,51,7.51,20.92
169460,Active,1520499,NA,NA,S,0,0,163543.9888,67.97,2007,55,7.58,58.98
169461,Active,618968,NA,NA,S,0,0,99840,74.47,2009,94,4,13.25
169462,Active,147467,NA,NA,D,5,1,1259389.135,439,2007,17,33.99,98.11
169463,Active,2420529,NA,NA,D,0,0,1154810.106,55,1992,18,6.34,52.75
169464,Active,587157,NA,NA,D,0,0,2269634.091,39.95,2012,14,31.4,37.43
169465,Active,555474,NA,NA,D,1,0,385760.4,69.95,2003,39,4.96,43.99
169466,Active,530719,NA,NA,D,3,1,594425.4138,39.95,2004,32,4,46.59
169467,Active,55266,NA,NA,D,3,1,662472.5125,49.95,2004,96,4,7.33
169468,Active,293139,NA,NA,S,2,1,608840.8363,41.95,2000,54,4,10.98
169469,Active,636672,NA,NA,S,1,0,1741410.785,58,1999,31,4,27.92
169470,Active,126147,NA,NA,D,1,0,596295.4325,36,2002,53,4.09,26.61
169471,Active,872142,NA,NA,D,0,0,2151687.003,86.95,2004,28,4,56.53
169472,Active,477685,NA,NA,S,1,0,6327.7,122.95,2009,52,49.73,60.88
169473,Active,139543,NA,NA,D,1,0,7166172.746,75.5,1995,16,4.88,46.19
169474,Active,555780,NA,NA,S,1,0,923734.98,44.95,2011,20,32.03,39.04
169475,Active,545953,NA,NA,S,5,1,1113.00625,52.95,2013,87,28.91,33.87
169476,Active,427360,NA,NA,S,2,1,15140.3725,44.95,2012,56,26.14,27.12
169477,Active,55267,NA,NA,D,4,1,25140.81,66.95,2008,146,5.97,25.14
169478,Active,200042,NA,NA,D,2,1,630695.8613,131.95,2006,44,9.27,53.99
169479,Active,903313,NA,NA,D,0,0,1125685.4,79.95,1999,19,5.99,48.59
169480,Active,200619,NA,NA,S,1,0,33963.475,112.95,2011,40,48.99,66.22
169481,Active,57407,NA,NA,D,4,1,404845.0138,144.95,2010,72,9.08,32.04
169482,Active,616102,NA,NA,S,5,1,10281.7375,121.95,2013,71,47.18,69.45
169483,Active,57405,NA,NA,D,4,1,137494.0013,115.95,2008,127,6.04,11.98
169484,Active,566569,NA,NA,D,2,1,238706.495,109.95,2003,43,4,38.99
169485,Active,882344,NA,NA,D,0,0,2507682.24,475,1997,14,6.38,28.99
169486,Active,184247,NA,NA,D,1,0,855077.2488,52.95,2000,36,7.98,82.47
169487,Active,194839,NA,NA,D,0,0,1473698.715,30.95,2002,31,4,9.85
169488,Active,530717,NA,NA,S,2,1,379292.9788,82.95,2008,46,17.39,37.21
169489,Active,195185,NA,NA,S,2,1,426942.8488,44,2009,21,26.08,33.98
169490,Active,119671,NA,NA,S,1,0,50640.125,61.4,2002,46,38.97,47
169491,Active,2786977,NA,NA,S,0,0,368919.6338,62,1960,39,21.88,44.44
169492,Active,1718602,NA,NA,S,1,0,73979.925,65,2013,7,32.16,35.29
169493,Active,2470679,NA,NA,D,1,0,2178159.968,142.95,1994,23,4.12,12.99
169494,Active,202252,NA,NA,S,2,1,335762.9138,248.95,1999,33,29.28,95
169495,Active,2020238,NA,NA,S,7,1,429845.9038,0,2012,17,21.78,68.11
169496,Active,192522,NA,NA,D,1,0,7490780.891,162,2003,16,71.84,149.15
169497,Active,1857396,NA,NA,D,1,0,928963.6813,192,2006,16,36.37,133.2
169498,Active,2678159,NA,NA,D,1,0,5497267.791,172,2005,10,89.49,248.95
169499,Active,3584272,NA,NA,D,1,0,1011311.65,169.99,1993,14,78.21,153.99
169500,Active,592474,NA,NA,D,3,1,203510.4263,165.95,2007,33,23.03,69.98
169501,Active,202346,NA,NA,D,2,1,561700.97,165.95,2002,34,4.77,33.98
169502,Active,248746,NA,NA,D,3,1,1796213.235,245,2005,18,74.79,143.06
169503,Active,202172,NA,NA,S,3,1,7085239.426,226.95,1998,16,5.43,7.99
169504,Active,738145,NA,NA,D,6,1,4050721.804,90,2000,14,5.88,104.39
169505,Active,163045,NA,NA,D,2,1,136699.4638,100,2010,52,18.05,63.71
169506,Active,161687,NA,NA,D,1,0,1133003.6,95,2007,32,4,13.99
169507,Active,633227,NA,NA,D,2,1,167598.6088,39.95,2010,19,12.07,0
169508,Active,109889,NA,NA,D,2,1,807913.3363,22.32,2006,38,4,38.98
169509,Active,108042,NA,NA,D,1,0,2602941.161,96.37,2003,23,4,18.99
169510,Active,110966,NA,NA,D,2,1,939420.3413,253.25,2007,25,8.96,55.94
169511,Active,2378631,NA,NA,D,1,0,1779879.511,100,1993,23,5.47,43.94
169512,Active,626497,NA,NA,S,2,1,244651.1538,239.4,2000,52,24.67,59.44
169513,Active,196597,NA,NA,D,2,1,2008387.469,61.95,1999,22,4,26.07
169514,Active,645211,NA,NA,D,4,1,1503110.069,250,2006,32,115.68,221.14
169515,Active,165317,NA,NA,S,3,1,1036113.264,136.5,2001,45,6.97,0
169516,Active,3472999,NA,NA,D,0,0,1745183.3,119,1983,41,4,48.91
169517,Active,888163,NA,NA,S,0,0,834694.415,0,2005,14,27.18,0
169518,Active,543039,NA,NA,D,0,0,1908476.235,84,2000,23,4,64.95
169519,Active,162894,NA,NA,S,2,1,321054.8713,90,2011,27,49.99,65.26
169520,Active,555183,NA,NA,S,0,0,466393.0675,49.95,1979,60,4.38,42.58
169521,Active,623908,NA,NA,S,0,0,1039376.921,60,1992,28,9.3,34.12
169522,Active,902543,NA,NA,S,0,0,888892.3813,62.95,1985,19,6.77,3568.87
169523,Active,645539,NA,NA,D,4,1,1798725.73,89.95,2004,20,12.94,81.49
169524,Active,1559799,NA,NA,D,2,1,4782631.443,160,2008,16,20.74,160
169525,Active,918849,NA,NA,D,0,0,1540464.728,33,2006,36,4,5.49
169526,Active,922187,NA,NA,D,2,1,149344.3175,48.69,2011,129,4,23.36
169527,Active,2073451,NA,NA,S,2,1,153346.1,98.98,2011,29,6.94,81.25
169528,Active,2073450,NA,NA,S,2,1,228144.8,149.95,2010,52,5.51,139.41
169529,Active,652733,NA,NA,S,2,1,150330.15,50.5,2011,10,11.57,33.62
169530,Active,132745,NA,NA,S,2,1,61976.8975,129,2009,87,36.37,73.46
169531,Active,115472,NA,NA,D,0,0,556821.3063,76.6,2004,34,4.77,30.99
169532,Active,108509,NA,NA,D,5,1,524941.27,71.21,1998,33,4,53.99
169533,Active,56097,NA,NA,D,5,1,354085.5488,23.99,2004,22,11.49,18.99
169534,Active,891184,NA,NA,D,0,0,1865723.443,38.95,1995,15,59.96,634.66
169535,Active,182897,NA,NA,D,7,1,5349298.21,56.36,2003,26,4,8.99
169536,Active,296077,NA,NA,S,10,1,82905.23,143.95,2012,33,38.99,78.58
169537,Active,124023,NA,NA,D,4,1,5213216.509,57.95,2000,27,4,4
169538,Active,2225711,NA,NA,S,0,0,630578.89,49.75,2008,32,15.72,15.9
169539,Active,612794,NA,NA,S,3,1,102601.62,29.95,2013,24,20.88,24.74
169540,Active,241939,NA,NA,S,2,1,130034.3213,32.5,2008,60,4.32,15.13
169541,Active,128810,NA,NA,S,2,1,376758.945,50,2001,29,16.44,28.8
169542,Active,775113,NA,NA,D,2,1,672056.0588,69,2002,27,4,29.99
169543,Active,146697,NA,NA,D,4,1,674097.3775,168.67,2010,34,10.97,113.99
169544,Active,2621878,NA,NA,S,7,1,671458.7988,79.95,1994,43,4,63.94
169545,Active,203462,NA,NA,S,2,1,676356.4388,47.99,2002,23,11.94,65.87
169546,Active,173812,NA,NA,D,1,0,3060766.511,64.99,2005,21,6.58,4.99
169547,Active,530701,NA,NA,S,2,1,1154683.406,64.99,2011,22,25.89,40.97
169548,Active,2618142,NA,NA,D,6,1,1812911.368,40.95,1991,19,5.25,68.22
169549,Active,2621877,NA,NA,S,7,1,512878.3325,90.95,1994,50,9.53,63.98
169550,Active,755915,NA,NA,D,2,1,746106.5,0,2011,19,5.18,0
169551,Active,162899,NA,NA,D,2,1,115386.535,39.9,2010,91,11.69,39.89
169552,Active,540800,NA,NA,S,4,1,514429.0288,64.99,2012,30,11.84,18.49
169553,Active,146376,NA,NA,S,3,1,858716.7575,59.99,2010,32,4.13,12.99
169554,Active,130114,NA,NA,S,2,1,564696.7288,150,2001,30,6.97,56.98
169555,Active,190820,NA,NA,S,2,1,84185.0025,48.95,2008,30,28.37,0
169556,Active,878146,NA,NA,D,0,0,2071291.196,147.77,2008,37,4.48,104.87
169557,Active,183676,NA,NA,S,1,0,145118.9,273.95,2007,35,34.56,68.99
169558,Active,346092,NA,NA,D,1,0,204648.2663,267.95,2006,143,4.35,22.86
169559,Active,169224,NA,NA,D,1,0,53523.46,267.95,2006,231,4.73,28.99
169560,Active,863365,NA,NA,D,1,0,2669863.779,58.95,2006,17,13.76,13.75
169561,Active,200459,NA,NA,S,1,0,20549.125,89.95,2011,31,24.92,27.94
169562,Active,52399,NA,NA,D,3,1,8784.09375,159,2009,370,9.71,18.99
169563,Active,52400,NA,NA,D,2,1,133075.5213,145,2003,252,4,11.95
169564,Active,2270821,NA,NA,S,3,1,182788.45,59.94,1900,30,0,0
169565,Active,530697,NA,NA,S,3,1,942965.1225,48.95,2008,28,4.76,27.24
169566,Active,625624,NA,NA,S,1,0,81037.7,106.95,2013,29,57.75,71.99
169567,Active,57183,NA,NA,D,3,1,145215.03,64.95,2006,172,4,21.63
169568,Active,57181,NA,NA,S,2,1,1484480.971,59.95,2002,66,4,17.24
169569,Active,57182,NA,NA,D,4,1,83034.53,73.99,2010,94,13.95,32.49
169570,Active,862025,NA,NA,S,5,1,10644.13375,77.99,2014,61,43.89,42.99
169571,Active,192867,NA,NA,D,1,0,1477843.359,59.95,2002,39,4,37.04
169572,Active,545913,NA,NA,S,3,1,53464.5125,74.95,2013,37,48.16,48.93
169573,Active,386566,NA,NA,D,2,1,457133.1913,79.95,2006,61,4.54,33.99
169574,Active,144321,NA,NA,D,6,1,885798.4625,85.6,2002,24,8.94,47.01
169575,Active,530696,NA,NA,S,7,1,281045.2175,124.6,2007,34,32.99,110.63
169576,Active,146154,NA,NA,S,1,0,51501.13125,104.8,2009,24,52.9,71.77
169577,Active,1471188,NA,NA,S,1,0,41072.85,59.95,2015,32,37.44,58.09
169578,Active,530695,NA,NA,S,2,1,2356780.319,48.95,2010,32,4,30.73
169579,Active,619344,NA,NA,D,0,0,286936.2588,59.95,2011,49,4,50.11
169580,Active,247711,NA,NA,S,0,0,592191.2988,44.95,2007,31,11.15,37.75
169581,Active,533774,NA,NA,D,6,1,95153.22875,137.95,2012,136,6.21,32.97
169582,Active,1933241,NA,NA,D,6,1,859628.8763,131.95,2012,39,4.27,58.18
169583,Active,200618,NA,NA,D,5,1,930179.765,111.95,2010,85,4,9.94
169584,Active,595064,NA,NA,S,0,0,58834.05,77,2012,23,50.87,66.81
169585,Active,53691,NA,NA,D,5,1,115323.1438,140.6,2009,171,4,18.99
169586,Active,146485,NA,NA,D,6,1,10216.07625,165.6,2010,311,4.76,23.48
169587,Active,183061,NA,NA,D,1,0,991995.5938,200.95,2006,22,5.98,41.93
169588,Active,612603,NA,NA,S,1,0,82724.125,97,2013,46,36.78,45.02
169589,Active,867932,NA,NA,S,4,1,93061.03375,52,2014,32,19.96,33.36
169590,Active,1615950,NA,NA,S,2,1,1067270.054,44.99,2006,38,4,25.48
169591,Active,541855,NA,NA,S,3,1,336021.3688,110.95,2012,37,39.93,52.22
169592,Active,901110,NA,NA,D,1,0,2548266.401,74.95,2008,14,5.94,56.78
169593,Active,1816352,NA,NA,S,5,1,134373.6913,0,2014,27,21.77,70.2
169594,Active,115818,NA,NA,D,0,0,2750040.37,23.33,2004,29,4,19.87
169595,Active,539307,NA,NA,S,3,1,133425.7138,48.2,2013,29,33.95,38.89
169596,Active,117039,NA,NA,D,2,1,644212.41,39.6,2008,52,4,33.02
169597,Active,133168,NA,NA,D,4,1,113921.0588,115.6,2011,67,4,20.99
169598,Active,132391,NA,NA,D,3,1,298596.0038,102.6,2008,63,4,44.21
169599,Active,1449537,NA,NA,D,3,1,6618425.705,115.5,2010,10,12.89,14.99
169600,Active,146659,NA,NA,D,4,1,15949.01875,145.6,2011,143,8.04,23.33
169601,Active,633154,NA,NA,S,4,1,431275.5575,97.6,2011,60,10.31,69.14
169602,Active,53674,NA,NA,D,2,1,1041274.386,97.6,2006,92,4,4.98
169603,Active,53673,NA,NA,D,3,1,394258.9363,130.4,2008,238,4,9.58
169604,Active,166735,NA,NA,S,1,0,92505.5575,121.35,2007,61,4.83,0
169605,Active,347360,NA,NA,D,1,0,2472537.904,62.99,2005,21,4,27.94
169606,Active,172655,NA,NA,S,2,1,302544.3488,69.99,2011,95,31.91,47.82
169607,Active,320236,NA,NA,S,0,0,217115.1863,49.95,2007,32,22.79,34.99
169608,Active,530692,NA,NA,S,2,1,512247.905,74.99,2009,37,36.81,55.54
169609,Active,347351,NA,NA,D,0,0,2630859.345,62.99,2004,30,4.97,18.46
169610,Active,241439,NA,NA,S,4,1,206257.99,19.95,2003,43,4.53,73.61
169611,Active,161462,NA,NA,D,1,0,2875570.298,50,2006,28,4,31.99
169612,Active,286523,NA,NA,D,5,1,629815.2575,200,2010,54,4,22.36
169613,Active,56801,NA,NA,S,3,1,1791627.359,105.95,2002,52,4.13,4.95
169614,Active,56803,NA,NA,D,5,1,289912.2888,179.95,2009,75,6.47,18.99
169615,Active,56802,NA,NA,D,4,1,194000.3913,127.95,2005,93,4,17.01
169616,Active,174013,NA,NA,S,2,1,152426.4175,32.5,1997,32,5.99,23.99
169617,Active,610434,NA,NA,S,6,1,319077.5638,45.4,2012,38,13.59,43.66
169618,Active,1841194,NA,NA,D,1,0,3420186.314,81.95,2010,12,29.78,134.93
169619,Active,248520,NA,NA,D,3,1,1078188.654,49.99,2011,36,4,9.51
169620,Active,660837,NA,NA,D,4,1,411675.2025,49.99,2013,45,6.97,28.98
169621,Active,248506,NA,NA,D,2,1,868926.9563,44.99,2009,56,4,23.98
169622,Active,199408,NA,NA,D,1,0,1805296.158,79,2004,22,10.18,38.73
169623,Active,313016,NA,NA,S,2,1,335554.0088,49.99,2002,34,4,25.52
169624,Active,116827,NA,NA,D,4,1,1225539.088,49.99,2005,55,4,9.76
169625,Active,894924,NA,NA,S,3,1,92210.73,44.99,2013,33,29.04,31.6
169626,Active,246783,NA,NA,D,6,1,437960.23,71.95,2011,92,14.48,21.98
169627,Active,385735,NA,NA,D,5,1,611599.7175,66.95,2006,55,4.49,27.99
169628,Active,329851,NA,NA,S,1,0,70370.9,74.6,2010,30,41.7,60.73
169629,Active,2378929,NA,NA,D,0,0,2175603.244,58.21,1987,19,4,51.77
169630,Active,314204,NA,NA,S,5,1,81434.41625,45.33,2003,47,17.99,38.09
169631,Active,58497,NA,NA,D,8,1,49592.08625,167.95,2010,53,34.71,38.99
169632,Active,58495,NA,NA,S,5,1,3818102.503,64.95,1997,34,4,21.29
169633,Active,58493,NA,NA,D,7,1,204846.3963,176.95,2007,63,4,23.24
169634,Active,58496,NA,NA,S,6,1,375955.9288,88.95,2003,47,4,16.26
169635,Active,184275,NA,NA,S,1,0,244026.85,81.95,1999,35,8.42,40.82
169636,Active,53745,NA,NA,D,2,1,201010.1375,183.95,2008,49,12.98,48.99
169637,Active,53746,NA,NA,D,1,0,599191.1425,176.95,2004,29,4,12.98
169638,Active,120691,NA,NA,S,2,1,31420.95,62.2,2010,28,32.14,48.57
169639,Active,193741,NA,NA,D,4,1,179464.5775,102,2011,94,3.98,11.99
169640,Active,193573,NA,NA,D,3,1,559593.8263,74,2007,51,4,22.77
169641,Active,867230,NA,NA,S,2,1,16982.51375,38.75,2014,31,25.52,34.12
169642,Active,614516,NA,NA,D,1,0,112666.9113,95.95,2012,105,7.92,66.96
169643,Active,403626,NA,NA,S,1,0,546265.205,107.95,1995,37,22.85,74
169644,Active,2397201,NA,NA,D,1,0,2177752.414,56.95,1995,24,9.7,66.84
169645,Active,402796,NA,NA,S,2,1,638384.9125,55.95,2009,23,31.78,0
169646,Active,530680,NA,NA,S,2,1,1863864.141,57.95,2009,28,12.03,42.73
169647,Active,536675,NA,NA,S,4,1,20528.67125,166,2012,52,20.96,72.38
169648,Active,137533,NA,NA,D,3,1,724910.2663,134.6,2008,29,11.03,82.77
169649,Active,287928,NA,NA,D,2,1,670947.4738,129.33,2005,45,6.36,71.21
169650,Active,161492,NA,NA,D,3,1,1050130.763,39.49,2008,30,8.75,39.49
169651,Active,530678,NA,NA,D,2,1,806404.5913,68.95,2008,22,25.54,31.99
169652,Active,299164,NA,NA,D,0,0,841018.4488,71.95,2004,23,8.71,37.48
169653,Active,179122,NA,NA,D,7,1,794436.1925,259.95,2007,22,13.98,117.79
169654,Active,254105,NA,NA,D,8,1,1122025.163,245.95,2010,42,4.5,49.23
169655,Active,612321,NA,NA,D,1,0,1555523.636,210,2013,15,82.33,131.34
169656,Active,373609,NA,NA,S,2,1,2947770.469,49.95,1996,38,4,13.95
169657,Active,200324,NA,NA,D,3,1,188015.1388,101.95,2007,48,4,16.97
169658,Active,660829,NA,NA,S,4,1,94855.0775,85.95,2013,44,25.23,45.93
169659,Active,343162,NA,NA,D,1,0,4510700.643,209.95,2005,14,5.14,5.88
169660,Active,165986,NA,NA,D,1,0,1885727.856,74.95,2005,30,4.24,13.99
169661,Active,338327,NA,NA,D,3,1,589683.6675,93.95,2006,26,4.72,27.09
169662,Active,246372,NA,NA,S,4,1,1310593.596,64.99,2005,20,8.93,42.37
169663,Active,867608,NA,NA,S,3,1,55618.6525,79.99,2014,19,38.98,45.04
169664,Active,746435,NA,NA,S,0,0,16982.975,40,2010,48,7.79,25.36
169665,Active,867986,NA,NA,D,1,0,628290.9563,83.75,1993,25,4.03,43.94
169666,Active,159387,NA,NA,D,1,0,610251.895,99.95,1995,24,58.99,74.99
169667,Active,667388,NA,NA,S,5,1,4611.0125,27.77,2011,27,22.73,23.84
169668,Active,146106,NA,NA,D,2,1,122609.835,223,2009,121,5.24,53.97
169669,Active,908769,NA,NA,D,3,1,4336815.519,45.95,1998,27,4.09,46.51
169670,Active,906086,NA,NA,D,4,1,586126.8988,74.95,2003,21,5.42,74.37
169671,Active,415946,NA,NA,D,10,1,701599.9,127,2012,37,14.86,53.98
169672,Active,2663076,NA,NA,D,1,0,743087.6413,89,1994,27,6.39,58.91
169673,Active,233765,NA,NA,D,0,0,290320.8188,79.95,2006,25,29.28,50
169674,Active,530674,NA,NA,D,3,1,75864.53375,75,2009,106,10.99,35.94
169675,Active,153718,NA,NA,D,2,1,411525.8563,50,1995,181,3.99,7.43
169676,Active,530673,NA,NA,S,3,1,1001207.049,69.99,2008,43,11.97,44.97
169677,Active,271086,NA,NA,S,3,1,207908.2525,93,2011,41,33.76,63.99
169678,Active,610188,NA,NA,S,3,1,59092.6075,48,2013,45,20.61,28.85
169679,Active,864635,NA,NA,S,3,1,1042004.961,69.99,2014,24,35.23,50.99
169680,Active,266286,NA,NA,D,2,1,1145336.661,74.99,2006,24,6.89,53.59
169681,Active,872273,NA,NA,D,2,1,3348222.796,78.31,2006,23,4.13,28.98
169682,Active,621697,NA,NA,S,4,1,233661.0188,122.67,2012,20,30.01,49.5
169683,Active,557546,NA,NA,S,3,1,3009657.356,87.27,2008,19,17.4,68.2
169684,Active,133417,NA,NA,D,4,1,207696.4338,129,2011,46,19.02,69.04
169685,Active,536324,NA,NA,S,4,1,23506.80625,62.5,2012,72,17.94,38.96
169686,Active,200155,NA,NA,S,1,0,378805.525,120.95,2009,56,14.53,22.67
169687,Active,660741,NA,NA,S,5,1,6980.4425,65.5,2013,87,17.94,33.49
169688,Active,392429,NA,NA,S,2,1,936053.3775,50,2009,20,10.5,49.11
169689,Active,530668,NA,NA,S,2,1,2216907.033,59.95,2007,28,5.29,18.92
169690,Active,184597,NA,NA,S,5,1,2896139.836,69.95,2000,40,4,25.98
169691,Active,169934,NA,NA,D,2,1,256322.675,198.95,2009,66,4.47,56.14
169692,Active,169136,NA,NA,D,1,0,493733.715,123.95,2006,47,4.14,47.45
169693,Active,224695,NA,NA,D,3,1,27310.27375,180.95,2012,87,19.9,59.34
169694,Active,630537,NA,NA,S,1,0,4903.225,49.99,2012,28,29.49,30.8
169695,Active,353661,NA,NA,S,2,1,1174992.663,39.99,2007,56,4,11.93
169696,Active,536439,NA,NA,S,3,1,249383.6988,49.99,2013,22,30.49,32.82
169697,Active,530667,NA,NA,S,1,0,794057.095,49.99,2010,53,4,9.86
169698,Active,300459,NA,NA,S,2,1,23225.46,46,2009,41,25.69,28.95
169699,Active,603329,NA,NA,D,0,0,314263.1538,55.95,2009,26,7.66,0
169700,Active,353653,NA,NA,S,2,1,497751.1938,49.95,2005,44,9.36,21.16
169701,Active,530666,NA,NA,S,2,1,1404638.759,89.99,2011,29,45.98,58.07
169702,Active,909828,NA,NA,D,2,1,8760673.219,99,1989,28,4,38.87
169703,Active,652501,NA,NA,D,1,0,531628.3638,196,2012,22,30.45,0
169704,Active,1516724,NA,NA,S,1,0,466295.7688,114.67,2012,60,10.08,32.98
169705,Active,809088,NA,NA,S,2,1,473166.82,136.58,2013,29,13.1,143.99
169706,Active,534832,NA,NA,S,2,1,118728.0425,55.87,2012,79,4,30.7
169707,Active,115602,NA,NA,S,1,0,573607.0963,185.4,2004,38,8.59,36.29
169708,Active,264862,NA,NA,S,4,1,1001279.835,79.95,2000,30,6.71,58.53
169709,Active,633803,NA,NA,D,1,0,142648.6275,176,2012,64,9.71,101.97
169710,Active,387953,NA,NA,S,0,0,1632618.456,133.27,2010,24,4.15,93.91
169711,Active,229118,NA,NA,D,2,1,178347.495,64.95,2006,48,4,23.89
169712,Active,111142,NA,NA,S,2,1,509332.0688,59.99,2009,44,4.98,79.1
169713,Active,611836,NA,NA,S,8,1,32391.2625,131.95,2014,46,36.34,73.98
169714,Active,170201,NA,NA,D,7,1,451389.9763,124.95,2011,123,4,23.75
169715,Active,350479,NA,NA,D,6,1,431855.7913,131.95,2008,64,4,13.94
169716,Active,60340,NA,NA,D,5,1,1492650.243,92.95,2005,49,4,10.14
169717,Active,2550748,NA,NA,S,2,1,11450706.6,62,1996,21,4.98,77.26
169718,Active,181829,NA,NA,S,3,1,114512.2825,59.99,2002,63,4.93,28.55
169719,Active,318407,NA,NA,S,7,1,881454.8625,67.95,1999,44,4,20.99
169720,Active,503454,NA,NA,S,0,0,56456.925,100,2010,12,51.99,59.61
169721,Active,329917,NA,NA,D,2,1,251176.0513,189.47,2011,19,14.89,153.78
169722,Active,368715,NA,NA,D,1,0,707266.9388,145.2,2006,27,4.01,6.91
169723,Active,146393,NA,NA,D,2,1,631498.4075,180.8,2011,20,12.25,62.8
169724,Active,146436,NA,NA,D,2,1,27889.405,111,2011,132,6.09,18.99
169725,Active,146458,NA,NA,D,2,1,294523.6313,125,2011,40,11.07,72.81
169726,Active,212354,NA,NA,D,1,0,250388.73,93.4,2006,117,4,4.97
169727,Active,630852,NA,NA,D,2,1,610108.3788,125,2011,27,16.59,128.92
169728,Active,146409,NA,NA,D,2,1,115947.3488,111,2011,125,5.39,33.43
169729,Active,212355,NA,NA,D,1,0,652265.375,93.4,2006,89,4,29.84
169730,Active,3474676,NA,NA,S,2,1,144710,49.99,2016,12,38.09,44.94
169731,Active,545307,NA,NA,S,3,1,264971.7513,14.99,2013,83,4,9.07
169732,Active,905125,NA,NA,S,6,1,10550.16875,11.99,2014,46,7.12,7.61
169733,Active,861340,NA,NA,S,8,1,71380.57625,16,2013,33,7.52,11.16
169734,Active,346379,NA,NA,D,3,1,2042036.266,222.95,2008,26,4.58,22.98
169735,Active,535366,NA,NA,D,7,1,57704.24625,158.95,2013,64,47.79,58.99
169736,Active,1518933,NA,NA,D,7,1,1578266.388,105,2013,31,4.02,33.99
169737,Active,147617,NA,NA,D,7,1,540456.03,105,2010,188,4,11.49
169738,Active,147353,NA,NA,D,6,1,1488293.235,84.95,2006,115,4,9.88
169739,Active,2699423,NA,NA,D,1,0,2447777.919,70,1983,17,4,31.94
169740,Active,533634,NA,NA,S,6,1,265686.2413,249.95,2012,56,7.98,42.78
169741,Active,244239,NA,NA,S,6,1,109985.72,225.95,2012,73,4.99,62
169742,Active,533635,NA,NA,D,6,1,293838.8088,214.95,2012,100,4.98,17.98
169743,Active,52937,NA,NA,D,5,1,646192.025,225.95,2009,152,4,22.94
169744,Active,198453,NA,NA,S,10,1,294032.9913,172.95,2007,26,10.94,52.25
169745,Active,403038,NA,NA,D,9,1,432871.3275,60,2006,37,4,23.98
169746,Active,110140,NA,NA,D,9,1,1576199.065,7.74,2007,50,3.99,7.49
169747,Active,285443,NA,NA,D,10,1,641830.6138,5.01,2010,99,4,6.48
169748,Active,530658,NA,NA,D,11,1,71297.53375,74.87,2012,91,8.85,47.82
169749,Active,109455,NA,NA,S,8,1,1338971.978,23.94,2005,34,4,34.94
169750,Active,699397,NA,NA,D,0,0,985761.78,45.24,2011,12,35.97,52.63
169751,Active,132817,NA,NA,S,3,1,1389797.066,127.8,2009,36,4.16,5.39
169752,Active,287652,NA,NA,S,4,1,599298.7663,152.6,2011,39,5.58,52.53
169753,Active,609847,NA,NA,S,11,1,11672.585,160.8,2012,126,11.93,28.98
169754,Active,637665,NA,NA,S,11,1,161874.6188,110,2012,42,12.49,43.99
169755,Active,53423,NA,NA,D,9,1,614533.7713,125.4,2009,98,4,20.24
169756,Active,53422,NA,NA,D,8,1,1316814.514,101.2,2007,80,4,18.96
169757,Active,338274,NA,NA,D,2,1,8255593.065,78,2001,19,4.77,42.98
169758,Active,530655,NA,NA,D,3,1,2458453.154,74.95,2007,16,4.98,55.89
169759,Active,873534,NA,NA,S,7,1,21516.75375,55.95,2014,57,28.79,33.68
169760,Active,114827,NA,NA,S,3,1,684893.5138,99,2002,58,4,55.15
169761,Active,51949,NA,NA,D,6,1,89140.7275,49.95,2010,100,5.14,20.98
169762,Active,549875,NA,NA,D,1,0,78256.83,208.75,2013,73,31.54,55.84
169763,Active,146027,NA,NA,D,5,1,111869.335,168.4,2009,110,5.11,30.64
169764,Active,51948,NA,NA,D,5,1,488898.9375,44.95,2006,112,4,17.17
169765,Active,202396,NA,NA,D,1,0,231943.5138,191.95,2004,35,4.37,25
169766,Active,51947,NA,NA,S,4,1,282880.8888,39.95,2003,93,4,16.99
169767,Active,120538,NA,NA,D,2,1,1065636.401,62.67,2008,64,3.99,23.33
169768,Active,133440,NA,NA,S,3,1,46240.83375,86.2,2010,64,27.97,66.66
169769,Active,57294,NA,NA,D,8,1,151683.1213,104.4,2009,45,17.01,78.77
169770,Active,111338,NA,NA,D,8,1,95254.155,145.62,2009,73,5.44,48.57
169771,Active,205469,NA,NA,D,6,1,643832.625,78.6,2003,21,4.78,74.29
169772,Active,329891,NA,NA,S,2,1,1452674.698,146.67,2008,45,4,49.14
169773,Active,913873,NA,NA,D,2,1,380478.4313,67.9,1991,39,4.12,44.95
169774,Active,53622,NA,NA,D,3,1,38410.08875,271,2011,248,7.05,33.71
169775,Active,705712,NA,NA,S,0,0,957330.9975,0,2012,25,15.63,0
169776,Active,53623,NA,NA,D,2,1,408865.3763,38.98,2009,86,5.08,27.83
169777,Active,254507,NA,NA,S,2,1,12854.8425,129.95,2011,64,43.99,63.99
169778,Active,200137,NA,NA,S,1,0,310530.2163,115.95,2007,20,25.8,67.55
169779,Active,1826914,NA,NA,D,1,0,34804.65125,245.95,2014,60,56.48,130.69
169780,Active,116587,NA,NA,S,1,0,38978.075,236.6,2005,46,43.28,73.98
169781,Active,116589,NA,NA,S,1,0,1073947.944,60.6,2005,25,9.31,18.49
169782,Active,244142,NA,NA,D,9,1,8314.4175,226.95,2012,170,7.53,68.98
169783,Active,147754,NA,NA,S,5,1,3305998.048,149.95,2000,50,4,19.14
169784,Active,148626,NA,NA,D,8,1,529613.6625,258.95,2009,57,4.97,57.43
169785,Active,53540,NA,NA,S,6,1,2410245.109,137.95,2004,42,3.99,4.8
169786,Active,53542,NA,NA,D,8,1,163070.9038,249.95,2009,204,4,24.44
169787,Active,533779,NA,NA,D,11,1,62141.87125,393.95,2012,56,38.11,194.35
169788,Active,51179,NA,NA,D,9,1,173144.37,357.95,2006,49,6.69,28.94
169789,Active,56094,NA,NA,D,7,1,550346.8513,100.15,2009,100,4,24.99
169790,Active,148585,NA,NA,D,3,1,623368.1325,229.95,2007,46,5.37,21.23
169791,Active,309098,NA,NA,D,8,1,41502.58625,93.96,2012,109,5.79,26.97
169792,Active,178666,NA,NA,D,4,1,54862.5325,212.95,2011,83,12.63,65.94
169793,Active,162446,NA,NA,S,1,0,24513.555,71,2009,39,31.49,53.97
169794,Active,272517,NA,NA,D,0,0,1475010.268,79,2010,17,6.49,57.97
169795,Active,862026,NA,NA,S,2,1,403725.6638,56,2014,19,35.48,39.51
169796,Active,164666,NA,NA,D,1,0,1431814.891,109.3,2003,29,4,61.38
169797,Active,893432,NA,NA,D,1,0,819669.1975,304.75,2012,15,42.91,255.91
169798,Active,50934,NA,NA,D,3,1,813553.4025,5.13,2009,60,3.41,8.97
169799,Active,50935,NA,NA,D,4,1,205672.5413,19.17,2011,120,4.58,16.99
169800,Active,705771,NA,NA,D,1,0,428341.6313,211.25,2013,27,41.93,41.94
169801,Active,192738,NA,NA,D,2,1,750889.8625,94.95,2001,62,4.31,32.49
169802,Active,2006138,NA,NA,D,1,0,2082191.828,62.95,2007,22,10.14,74.9
169803,Active,166471,NA,NA,D,1,0,849291.2575,45,2005,43,4,43.89
169804,Active,1780509,NA,NA,S,2,1,61332.045,49,2014,18,37.49,38.3
169805,Active,132320,NA,NA,D,6,1,331999.6013,71.33,2007,98,4,16.49
169806,Active,121285,NA,NA,S,7,1,736315.6425,93,2010,24,6.11,6.64
169807,Active,286499,NA,NA,D,7,1,128545.8963,89,2010,79,4.99,43.77
169808,Active,132055,NA,NA,S,5,1,2451873.611,66.2,2005,42,4,7.49
169809,Active,403859,NA,NA,D,5,1,740350.4013,49.73,2004,52,4,7.93
169810,Active,613496,NA,NA,D,1,0,2107.85375,35,1992,163,9.12,17.22
169811,Active,308105,NA,NA,D,6,1,359491.9913,68,2008,44,4,18.38
169812,Active,538295,NA,NA,S,7,1,42724.75,72,2013,44,26.74,35.98
169813,Active,355898,NA,NA,S,4,1,6134917.911,69.95,1999,26,4,10.92
169814,Active,265316,NA,NA,D,2,1,1696914.723,145,2006,20,4.36,21.48
169815,Active,145682,NA,NA,D,1,0,1400223.62,130.67,2007,84,4,10.91
169816,Active,288708,NA,NA,D,10,1,242387.4963,166.6,2010,194,4,24.89
169817,Active,145680,NA,NA,S,3,1,3496959.549,138,2007,14,9.79,602.99
169818,Active,51802,NA,NA,S,3,1,1789974.241,128,2007,74,3.99,8.63
169819,Active,169475,NA,NA,S,1,0,699832.5025,279.95,2006,40,24.77,129.38
169820,Active,169440,NA,NA,S,1,0,83206.6975,279.95,2006,51,8.1,101.56
169821,Active,633827,NA,NA,S,1,0,79139.425,81.95,2012,42,25.94,67.85
169822,Active,51538,NA,NA,D,3,1,124367.9613,35.97,2009,119,4,19.88
169823,Active,533751,NA,NA,D,3,1,148901.5175,66,2012,70,6.16,10.42
169824,Active,51537,NA,NA,D,2,1,859199.2938,8.99,2006,111,4,11.49
169825,Active,876676,NA,NA,S,3,1,231376.3675,233.95,2010,15,22.14,58.99
169826,Active,231583,NA,NA,D,5,1,106937.9325,92.95,2010,70,9.03,37.94
169827,Active,834675,NA,NA,S,4,1,3686782.399,271.09,2009,13,5.88,121.84
169828,Active,296725,NA,NA,D,4,1,919304.4388,84.95,2006,53,4.29,22.94
169829,Active,110187,NA,NA,S,2,1,122551.8463,55.67,2008,88,4,18.98
169830,Active,2252090,NA,NA,D,3,1,2500511.659,22.48,2008,65,6.12,17.56
169831,Active,111915,NA,NA,D,5,1,57950.60375,80,2012,126,8.34,32.49
169832,Active,52140,NA,NA,D,4,1,327608.2988,15.94,2010,136,4.69,18.94
169833,Active,699350,NA,NA,D,5,1,1609138.721,14.99,2012,35,7.84,22.21
169834,Active,52139,NA,NA,S,3,1,842743.2613,14.99,2008,67,4,10.01
169835,Active,202277,NA,NA,D,1,0,934575.88,135.95,2000,57,4,18.28
169836,Active,880098,NA,NA,S,6,1,1683290.384,158.5,2008,23,4.12,18.99
169837,Active,641962,NA,NA,S,8,1,171883.5838,206.25,2013,52,12.94,56.6
169838,Active,50099,NA,NA,D,7,1,34294.97875,42.99,2010,133,13.61,33.76
169839,Active,2263057,NA,NA,S,7,1,171997.2213,134.95,2010,27,23.25,67.21
169840,Active,50098,NA,NA,S,5,1,1283388.714,4.33,2005,115,4,16.89
169841,Active,50100,NA,NA,D,6,1,65320.15125,53.48,2007,120,5.83,44.01
169842,Active,169783,NA,NA,D,4,1,132513.0825,160.95,2008,72,4.43,38.94
169843,Active,60344,NA,NA,S,3,1,1515024.054,110.95,2004,38,4,10.98
169844,Active,200154,NA,NA,S,3,1,166230.515,156.95,2007,109,11.98,33.52
169845,Active,297893,NA,NA,D,8,1,21604.68,176.95,2012,103,7.69,48.83
169846,Active,169129,NA,NA,S,5,1,688804.5675,124.95,2006,78,4,6.47
169847,Active,177928,NA,NA,S,4,1,1195655.163,100.95,2003,50,3.97,5.96
169848,Active,170037,NA,NA,D,7,1,516880.775,193.95,2010,89,4.77,43.93
169849,Active,118963,NA,NA,D,10,1,1064301.955,130.2,2008,73,4,7.63
169850,Active,600759,NA,NA,S,1,0,47396.825,103.99,2012,25,52.09,60.77
169851,Active,541763,NA,NA,S,3,1,18492.11625,55,2013,41,36.54,36.57
169852,Active,610339,NA,NA,S,3,1,91807.36125,109.95,2013,37,39.98,88.99
169853,Active,224707,NA,NA,D,2,1,123544.2863,117.95,2010,73,4.58,23.99
169854,Active,657012,NA,NA,D,4,1,3050765.124,104.31,2007,9,55.15,276.91
169855,Active,115382,NA,NA,S,0,0,301868.9,87.2,2004,23,25.52,55.48
169856,Active,656382,NA,NA,S,5,1,1157926.743,81.95,2013,25,51.94,60.78
169857,Active,530650,NA,NA,D,4,1,2318677.999,82.95,2007,15,10.06,42.72
169858,Active,121591,NA,NA,S,9,1,44432.65125,112.2,2011,62,39.94,69.69
169859,Active,117238,NA,NA,D,8,1,451453.9963,78.4,2006,47,5.43,43.94
169860,Active,200318,NA,NA,D,1,0,576577.895,154.95,2008,22,4.72,23.95
169861,Active,254489,NA,NA,S,2,1,36649.82875,193.95,2010,111,13.09,42.61
169862,Active,647244,NA,NA,S,1,0,41978.475,44,2011,20,24.62,24.98
169863,Active,157249,NA,NA,S,2,1,404973.0075,47.95,2005,38,9.99,37.94
169864,Active,178278,NA,NA,D,3,1,2766401.4,194.95,2004,24,4.06,72.96
169865,Active,246207,NA,NA,S,2,1,2589027.778,104.95,2002,32,4,44.77
169866,Active,246595,NA,NA,D,3,1,451209.9325,61.79,2008,57,4.09,30.99
169867,Active,178873,NA,NA,D,6,1,150358.1325,220.95,2011,51,17.42,25.97
169868,Active,451744,NA,NA,D,5,1,319008.4863,234.95,2008,39,4,33.9
169869,Active,626766,NA,NA,D,2,1,1293455.051,120.35,1998,34,4,27.99
169870,Active,109491,NA,NA,D,3,1,899743.9463,67.07,2005,43,4,51.62
169871,Active,110068,NA,NA,S,4,1,56624.24125,270.5,2009,55,47.6,107.05
169872,Active,879883,NA,NA,S,9,1,378064.6838,207.5,2013,25,16.08,28.36
169873,Active,1492008,NA,NA,D,4,1,5615883.399,62.61,2006,25,4.75,62.61
169874,Active,147948,NA,NA,S,3,1,1186990.489,331.95,2003,65,4,15.9
169875,Active,553256,NA,NA,D,3,1,1510781.948,231.67,2012,29,5.1,183.98
169876,Active,51977,NA,NA,D,8,1,49887.16,237,2010,143,4.4,33.99
169877,Active,766352,NA,NA,D,6,1,883993.0763,110.5,2011,23,5.33,53.16
169878,Active,2438648,NA,NA,D,3,1,5010690.004,87.5,2003,26,4.62,70.83
169879,Active,148630,NA,NA,D,5,1,276046.99,352.95,2008,127,4,17.04
169880,Active,60347,NA,NA,D,4,1,401506.9688,345.95,2006,88,4.11,18.89
169881,Active,539285,NA,NA,D,3,1,288910.8775,225,2012,65,4.76,48.63
169882,Active,110450,NA,NA,D,2,1,145144.1125,19.4,2009,77,5.02,19.41
169883,Active,178635,NA,NA,D,6,1,41058.42875,320.95,2011,108,8.97,36.9
169884,Active,51975,NA,NA,D,7,1,568397.785,11.92,2008,111,3.52,8.24
169885,Active,109153,NA,NA,D,1,0,1479173.705,21.87,2005,50,4,10.92
169886,Active,630681,NA,NA,S,3,1,576838.81,159.93,2012,28,40.93,120.54
169887,Active,120068,NA,NA,D,2,1,1216397.676,125.33,2008,35,4,13.54
169888,Active,120013,NA,NA,D,2,1,1049028.253,122.67,2008,79,3.99,7.98
169889,Active,121300,NA,NA,D,1,0,652064.13,64.8,2010,63,5.98,12.53
169890,Active,131788,NA,NA,D,3,1,365394.595,76.2,2003,56,4,7.98
169891,Active,132109,NA,NA,D,3,1,2170353.314,67,2005,38,3.82,45.4
169892,Active,51020,NA,NA,D,6,1,126920.5088,182.67,2010,83,7.19,44.98
169893,Active,878785,NA,NA,S,6,1,1390459.284,43.68,2010,22,9.6,57.33
169894,Active,51018,NA,NA,D,5,1,549922.3338,156.67,2007,146,4.09,32.49
169895,Active,51017,NA,NA,S,4,1,1699754.258,133.33,2004,51,3.97,6.18
169896,Active,118571,NA,NA,S,3,1,645419.2963,111,2006,33,5.44,79.41
169897,Active,595593,NA,NA,D,1,0,29276.50375,133.99,2012,36,58.87,122.76
169898,Active,293855,NA,NA,D,2,1,75764.3875,128.95,2007,70,8.98,23.95
169899,Active,199998,NA,NA,D,0,0,354541.7875,87.95,2003,45,4,41.03
169900,Active,610435,NA,NA,S,3,1,5728.70375,111.95,2013,62,52.49,57.23
169901,Active,162405,NA,NA,S,1,0,22823.425,40,2008,25,27.57,25.96
169902,Active,270992,NA,NA,D,4,1,62622.2975,103.99,2010,98,6.07,22.23
169903,Active,203677,NA,NA,D,3,1,793462.2938,86.95,2005,76,4,19.92
169904,Active,530646,NA,NA,S,6,1,149399.1075,69.99,2011,46,15.99,37.56
169905,Active,612708,NA,NA,D,0,0,245251.8363,165,2014,43,5.98,23.75
169906,Active,632125,NA,NA,D,0,0,1057589.104,159.5,2013,48,4,14.25
169907,Active,1456455,NA,NA,D,5,1,194803.9363,57.5,2008,47,19.25,48.99
169908,Active,120362,NA,NA,D,5,1,292389.9513,85.6,2008,52,17.01,78.78
169909,Active,231768,NA,NA,D,4,1,413258.4075,40,1998,153,4,14.72
169910,Active,231790,NA,NA,D,0,0,635022.015,147.06,2008,24,4.5,0
169911,Active,116154,NA,NA,S,4,1,404314,61.8,2004,30,4.84,51.32
169912,Active,867759,NA,NA,S,4,1,145486.5525,79.99,2013,34,30.98,52.8
169913,Active,139691,NA,NA,D,2,1,3134211.961,59.95,2003,34,4.76,34.27
169914,Active,183160,NA,NA,S,2,1,317996.83,336.95,2005,77,4.05,43.76
169915,Active,191972,NA,NA,D,1,0,77414.85375,28.99,2009,209,4,36.99
169916,Active,548027,NA,NA,S,1,0,513899.7963,294.95,2000,49,4.81,55.59
169917,Active,252718,NA,NA,D,1,0,1507002.489,81.57,2009,20,15.34,73.96
169918,Active,182648,NA,NA,S,1,0,444009.1075,167.95,2002,44,11.96,58.46
169919,Active,203679,NA,NA,D,4,1,278933.9725,61.99,2005,158,4,13.99
169920,Active,530644,NA,NA,S,5,1,25428.7775,74.99,2012,57,25.06,34.98
169921,Active,118481,NA,NA,D,6,1,937517.1038,128.8,2006,61,4,29.9
169922,Active,146187,NA,NA,D,7,1,104596.4313,134.8,2009,75,5.54,12.59
169923,Active,563639,NA,NA,D,4,1,3511.8475,128,2012,204,15.72,45.39
169924,Active,52429,NA,NA,D,11,1,45156.42625,135,2011,104,13.82,39.57
169925,Active,614379,NA,NA,S,4,1,121182.7738,223.3,2013,22,13.94,42.94
169926,Active,52428,NA,NA,D,10,1,112553.725,106.2,2007,92,5.54,32.28
169927,Active,915797,NA,NA,S,12,1,111555.2913,97.67,2014,37,19.68,33.99
169928,Active,53619,NA,NA,D,2,1,790465.775,35,2006,71,4,41.42
169929,Active,52427,NA,NA,S,9,1,335934.6275,110.4,2005,54,15.49,17.6
169930,Active,53618,NA,NA,S,1,0,843328.9925,87.5,2003,55,4.65,28.97
169931,Active,53620,NA,NA,D,3,1,66624.37625,18.98,2009,155,6.98,17.98
169932,Active,130128,NA,NA,S,2,1,62219.89,163.4,2003,95,11.77,25.48
169933,Active,186056,NA,NA,D,0,0,2710844.594,105,1997,25,4,23.64
169934,Active,530643,NA,NA,S,2,1,8346.6925,98.95,2011,243,6.56,43.46
169935,Active,2263394,NA,NA,S,2,1,408385.8,69.18,1900,45,6.55,50.17
169936,Active,244986,NA,NA,S,1,0,230415.025,192.95,2004,20,7.99,47.99
169937,Active,200148,NA,NA,D,1,0,87919.01625,136.95,2007,98,8.14,26.49
169938,Active,576584,NA,NA,D,5,1,2098046.241,81.95,2002,37,3.99,24.96
169939,Active,200225,NA,NA,D,6,1,824174.0575,126.95,2006,99,4,18.38
169940,Active,200083,NA,NA,S,1,0,2714235.359,76.95,2003,25,4,43.58
169941,Active,576728,NA,NA,S,1,0,58419,100.95,2012,28,49.19,51.84
169942,Active,200149,NA,NA,D,1,0,380043.0763,92.95,2009,33,5.73,70.9
169943,Active,543740,NA,NA,D,2,1,1196541.685,201.95,2010,26,4.3,0
169944,Active,56089,NA,NA,D,1,0,801257.895,134.95,2007,70,4,9.99
169945,Active,56091,NA,NA,D,2,1,154934.6913,126.95,2010,149,4,26.83
169946,Active,1826340,NA,NA,S,0,0,55470.725,87.95,2014,18,50.92,52.94
169947,Active,200161,NA,NA,D,1,0,651228.2925,93.95,2008,68,4,10.99
169948,Active,293848,NA,NA,D,1,0,663921.2575,84.95,2007,50,4,13.99
169949,Active,894976,NA,NA,D,2,1,167916.1463,99.95,2014,34,13.45,83.99
169950,Active,245262,NA,NA,S,3,1,319037.6025,187.95,2005,44,4.49,61.81
169951,Active,910020,NA,NA,S,0,0,665051.5588,60,2003,27,22.37,111.81
169952,Active,50326,NA,NA,D,8,1,176699.4588,63.39,2005,139,5.14,42.98
169953,Active,50324,NA,NA,S,7,1,599413.6788,99.99,2003,71,4.13,43.64
169954,Active,574060,NA,NA,S,5,1,629725.4963,49,1995,43,4.44,41.9
169955,Active,145769,NA,NA,D,9,1,38160.53375,147,2009,120,9.09,51.33
169956,Active,867140,NA,NA,S,6,1,50171.15375,64.8,2014,24,39.29,51.49
169957,Active,329879,NA,NA,D,4,1,306950.7075,58.6,2008,60,4,21.98
169958,Active,146643,NA,NA,D,5,1,127958.0675,62.4,2011,65,4.59,47.45
169959,Active,592189,NA,NA,S,1,0,18981.11625,113,2012,63,50.29,0
169960,Active,877979,NA,NA,D,7,1,1435510.676,33.08,2010,53,6.17,30.87
169961,Active,50263,NA,NA,D,7,1,249819.7763,133.2,2010,105,4.44,23.99
169962,Active,50261,NA,NA,S,5,1,1874261.925,69.8,2004,69,4,13.68
169963,Active,658811,NA,NA,S,8,1,440444.415,96.67,2013,31,29.98,43.34
169964,Active,50262,NA,NA,D,6,1,765662.6275,105.4,2007,135,4,17.97
169965,Active,618377,NA,NA,D,1,0,40946.76375,136.95,2014,85,8.03,80.4
169966,Active,545645,NA,NA,S,2,1,102957.2963,129.95,2012,123,36.99,62.12
169967,Active,200487,NA,NA,D,1,0,772058.1825,128.95,2009,60,4,26.99
169968,Active,499545,NA,NA,D,5,1,45415.28625,81.95,2012,159,6.98,25.48
169969,Active,58473,NA,NA,D,4,1,480665.9963,75.95,2008,198,4,16.8
169970,Active,374392,NA,NA,D,1,0,662484.4213,37.95,1995,51,4,12.73
169971,Active,893301,NA,NA,S,2,1,158988.3563,44.95,2014,18,31.36,33.84
169972,Active,261778,NA,NA,D,2,1,929599.9438,74,2009,18,13.99,31.98
169973,Active,597734,NA,NA,D,0,0,631048.4338,69,2006,18,4.94,26.99
169974,Active,868072,NA,NA,D,1,0,1602138.375,56,2005,29,4,7.99
169975,Active,169389,NA,NA,D,1,0,721043.0388,129.95,2007,63,4,53.26
169976,Active,2248045,NA,NA,D,0,0,2515434.425,175.36,2008,40,6.93,133.65
169977,Active,224724,NA,NA,S,2,1,38922.79875,140.95,2011,71,10.42,82.21
169978,Active,630036,NA,NA,S,10,1,867722.2588,64.6,2010,59,4,5.16
169979,Active,252818,NA,NA,D,2,1,66422.50125,75.45,2010,54,11.34,48.99
169980,Active,154057,NA,NA,D,5,1,43581.14375,63.83,2010,75,4.88,38.02
169981,Active,153829,NA,NA,S,3,1,1259365.819,50,2004,83,3.79,5.89
169982,Active,655096,NA,NA,D,6,1,8333.6425,90.5,2013,112,23.13,48.96
169983,Active,153947,NA,NA,D,4,1,577205.6738,14.97,2007,120,4,7.88
169984,Active,530637,NA,NA,S,2,1,110257.5575,39.95,2011,36,9.6,26.59
169985,Active,108256,NA,NA,S,5,1,1732805.073,7.8,2003,55,4,5.64
169986,Active,51082,NA,NA,D,7,1,218056.105,8.98,2007,76,4,27.98
169987,Active,51081,NA,NA,D,6,1,240516.0513,27.07,2005,72,4,27.42
169988,Active,51083,NA,NA,D,8,1,57899.04,45.07,2009,105,15.23,78.57
169989,Active,644389,NA,NA,S,2,1,33934.3925,67.95,2013,25,44.3,48.15
169990,Active,147306,NA,NA,D,1,0,657234.51,60.95,2008,24,13.99,31.99
169991,Active,880278,NA,NA,S,2,1,496016.1425,53.17,2011,32,11.19,42.91
169992,Active,52817,NA,NA,D,2,1,48984.72625,33.94,2011,121,8.38,28.99
169993,Active,538844,NA,NA,D,3,1,5035.37,87,2013,94,13.53,53.99
169994,Active,52816,NA,NA,D,1,0,427466.8238,18.95,2007,136,4,13.98
169995,Active,286256,NA,NA,S,2,1,154663.2663,153.8,2006,43,36.05,81.8
169996,Active,313215,NA,NA,D,1,0,1984493.234,85.6,2003,22,3.9,24.99
169997,Active,370975,NA,NA,S,2,1,2269696.52,55,1997,33,4,6.78
169998,Active,594675,NA,NA,S,6,1,24510.495,153.95,2012,91,29.8,78.94
169999,Active,199996,NA,NA,D,4,1,1806503.686,69.95,2003,34,4,10.98
170000,Active,200186,NA,NA,D,5,1,548806.345,163.95,2007,104,4.58,28.93
170001,Active,873768,NA,NA,D,2,1,9613211.841,53.95,2005,11,4,215.8
170002,Active,148418,NA,NA,D,7,1,2193901.648,202.95,2005,30,4,5.97
170003,Active,148446,NA,NA,D,8,1,139533.545,277.95,2008,37,4.81,27.85
170004,Active,52836,NA,NA,S,14,1,191711.6688,259.95,2007,58,6.92,97.96
170005,Active,610436,NA,NA,D,3,1,180181.0913,135.95,2013,46,4.26,68.99
170006,Active,200534,NA,NA,D,2,1,777462.7325,135.95,2010,69,4,29.64
170007,Active,147853,NA,NA,S,3,1,1670401.465,173.95,2002,41,4,11.97
170008,Active,905830,NA,NA,S,2,1,1477316.653,223.95,2007,18,6.09,79.16
170009,Active,51591,NA,NA,S,4,1,1159989.975,182.95,2004,36,4,7.99
170010,Active,110388,NA,NA,D,12,1,298034.6475,34.22,2009,63,4,41.61
170011,Active,111908,NA,NA,S,1,0,46512.67125,81.21,2010,61,8.79,67.99
170012,Active,533677,NA,NA,D,5,1,44369.9525,279.95,2012,35,24.69,101.76
170013,Active,877082,NA,NA,S,5,1,185866.5388,285.95,2013,29,16.98,292.71
170014,Active,52689,NA,NA,D,2,1,101599.69,43.99,2009,52,19.91,100.55
170015,Active,618518,NA,NA,S,0,0,51325.8,118,2013,24,56.74,86.4
170016,Active,290475,NA,NA,S,2,1,533529.8988,41.73,2001,35,4,47.26
170017,Active,1687813,NA,NA,D,2,1,1732928.945,74.95,2006,10,10.32,654.08
170018,Active,52407,NA,NA,D,4,1,277811.7725,307.95,2009,42,4.91,47.72
170019,Active,52406,NA,NA,D,3,1,1138630.903,202.95,2006,43,4.35,10.99
170020,Active,52688,NA,NA,D,1,0,661341.4125,10.94,2007,46,4,7.69
170021,Active,52405,NA,NA,S,2,1,1699216.935,163.95,2007,38,4,5.57
170022,Active,169626,NA,NA,D,2,1,770638.8575,307.95,2008,44,11.96,33.99
170023,Active,176576,NA,NA,D,1,0,1305093.604,299.95,2004,30,5.98,47.89
170024,Active,534523,NA,NA,S,3,1,17741.68625,112.99,2012,82,45.94,68.99
170025,Active,109001,NA,NA,S,7,1,1540802.353,107.46,2006,24,4,52.92
170026,Active,290922,NA,NA,S,2,1,66436.4575,97.95,2008,55,28.87,81.68
170027,Active,908907,NA,NA,S,3,1,117815.2375,67,2014,42,22.92,43.99
170028,Active,105603,NA,NA,D,2,1,921997.5613,69,2002,73,4,19.24
170029,Active,200444,NA,NA,S,1,0,50154.225,75.95,2010,36,19.77,36.93
170030,Active,530635,NA,NA,D,2,1,52416.2275,117.25,2011,173,5.49,23.73
170031,Active,550978,NA,NA,S,2,1,595877.9025,126.5,2011,31,5.26,88.99
170032,Active,110037,NA,NA,D,1,0,1841116.533,9.75,2009,56,4,6.92
170033,Active,2227585,NA,NA,D,5,1,4659276.944,39,2010,7,22.98,0
170034,Active,737138,NA,NA,D,1,0,2556075.645,88.95,1997,25,4,44.27
170035,Active,202326,NA,NA,D,2,1,1562948.991,144.95,2001,42,4,5.98
170036,Active,53910,NA,NA,S,3,1,899747.6188,87.95,2000,48,4,43.94
170037,Active,53909,NA,NA,D,5,1,145826.235,210.95,2007,49,13.01,105.4
170038,Active,53908,NA,NA,D,5,1,360189.8875,209.95,2007,54,6.7,59.47
170039,Active,162263,NA,NA,S,3,1,307421.8075,44,2008,63,8.78,29.4
170040,Active,51137,NA,NA,D,9,1,598156.2163,193.33,2011,87,4,22.18
170041,Active,51136,NA,NA,S,7,1,1895526.295,170.67,2006,78,4,12.99
170042,Active,119260,NA,NA,D,10,1,45452.15875,249.8,2012,112,4.89,46.14
170043,Active,163449,NA,NA,S,2,1,171220.3138,44,2011,44,20.95,23.49
170044,Active,55352,NA,NA,S,4,1,144302.7225,327.95,2008,75,4.38,74
170045,Active,224747,NA,NA,D,5,1,29240.1375,303.95,2011,154,7.48,40.72
170046,Active,55351,NA,NA,D,3,1,872129.765,346.95,2006,60,4,14.98
170047,Active,2859185,NA,NA,S,2,1,1957148.331,54.95,1992,31,4.05,59.3
170048,Active,234267,NA,NA,D,2,1,220014.5825,105,2001,50,6.9,49.98
170049,Active,616161,NA,NA,D,1,0,702807.42,100,1997,52,5.35,18.4
170050,Active,530633,NA,NA,S,2,1,411543.335,40,2009,53,23.98,28.6
170051,Active,56083,NA,NA,D,5,1,1812709.97,49.34,2010,22,6.5,47.97
170052,Active,56086,NA,NA,D,4,1,319443.5238,39.94,2006,68,4,45.65
170053,Active,184641,NA,NA,D,3,1,3582335.034,59.95,2000,20,6.38,53.19
170054,Active,1840001,NA,NA,D,4,1,4347479.501,68.95,2008,14,7.1,73.4
170055,Active,162771,NA,NA,S,2,1,199442.0338,40,2009,49,26.25,26.22
170056,Active,192419,NA,NA,D,5,1,360576.785,131.95,2005,37,9.46,43.99
170057,Active,1437490,NA,NA,S,6,1,30286.44375,76,2015,44,31.25,49.21
170058,Active,200361,NA,NA,D,1,0,685646.3675,104.95,2008,49,3.88,32.92
170059,Active,646940,NA,NA,S,2,1,40181.15875,114.95,2013,42,42.99,63.74
170060,Active,211028,NA,NA,D,5,1,267541.3275,39.95,2009,150,4,8.7
170061,Active,294834,NA,NA,D,4,1,913923.46,35.95,2006,100,4,4.94
170062,Active,544458,NA,NA,S,3,1,173802.6175,94.95,2013,61,36.95,62.98
170063,Active,253883,NA,NA,D,2,1,737322.16,111.95,2009,81,4,9.98
170064,Active,1696713,NA,NA,S,6,1,28215.0275,44.95,2014,79,16.98,27.96
170065,Active,545728,NA,NA,S,8,1,2051.1525,89.99,2013,121,28.99,63.98
170066,Active,367106,NA,NA,S,5,1,1267215.869,50.95,2002,53,4,19.95
170067,Active,54309,NA,NA,D,7,1,175747.9825,79.99,2009,257,4.61,13.49
170068,Active,54308,NA,NA,D,6,1,517730.605,69.95,2006,141,3.99,10.76
170069,Active,224743,NA,NA,D,6,1,102342.8863,259.95,2011,89,15,82.99
170070,Active,56787,NA,NA,D,3,1,1001509.489,188.95,2003,36,4,103.84
170071,Active,288710,NA,NA,D,10,1,36043.885,168.33,2010,76,16.94,53.35
170072,Active,2265460,NA,NA,S,6,1,585580.3413,182.09,2011,29,58.71,128.63
170073,Active,56785,NA,NA,S,4,1,1026087.85,104.95,2005,30,8.14,42.19
170074,Active,56786,NA,NA,D,5,1,139451.2,210.95,2008,28,33.99,45.51
170075,Active,116628,NA,NA,S,8,1,223636.7675,104.6,2004,64,7.69,43.98
170076,Active,60352,NA,NA,D,4,1,625381.7363,145.95,2006,50,4.39,299.3
170077,Active,60351,NA,NA,D,9,1,74887.5375,135.8,2007,100,6.9,33.99
170078,Active,146871,NA,NA,S,2,1,1428773.238,57.95,2000,25,4,17.91
170079,Active,536401,NA,NA,S,4,1,170488.5438,86.95,2013,47,25.99,42.61
170080,Active,52334,NA,NA,S,8,1,1084092.635,103,2005,99,3.79,7.88
170081,Active,52337,NA,NA,D,10,1,210663.045,161.8,2009,121,4,13.94
170082,Active,293131,NA,NA,S,2,1,2748342.539,62,1997,23,4,34.42
170083,Active,3608073,NA,NA,D,3,1,7711175.7,39.95,1993,12,5.2,31.14
170084,Active,788704,NA,NA,D,4,1,3532515.691,39.95,1999,21,5.65,24.24
170085,Active,338276,NA,NA,D,2,1,687776.2788,120,2004,26,7.97,63.99
170086,Active,159427,NA,NA,D,1,0,3131873.259,79.95,1999,21,4.12,44.39
170087,Active,245139,NA,NA,D,4,1,2147868.869,162.95,2005,22,4.51,18.4
170088,Active,253859,NA,NA,S,5,1,692738.0313,189.95,2009,42,8.49,68.94
170089,Active,286202,NA,NA,S,2,1,241125.8038,246.6,2010,37,31.84,163.99
170090,Active,117249,NA,NA,D,2,1,787499.6738,166.67,2006,34,15.79,48.98
170091,Active,51059,NA,NA,D,3,1,18484.0375,115.99,2010,267,7.92,21.99
170092,Active,51057,NA,NA,S,1,0,1966933.244,72.95,2003,54,4,15.37
170093,Active,254565,NA,NA,D,3,1,282914.9825,132.99,2011,41,6.9,52.38
170094,Active,51058,NA,NA,D,2,1,621387.2175,99.95,2006,242,4,4.33
170095,Active,200316,NA,NA,D,1,0,401879.8825,119.95,2005,71,4,0
170096,Active,270774,NA,NA,D,2,1,28027.47375,109.99,2012,108,7.91,53.99
170097,Active,56077,NA,NA,D,0,0,994279.7588,102.95,2007,95,4,10.99
170098,Active,200315,NA,NA,D,3,1,1969408.145,101.95,2005,25,4.77,43.99
170099,Active,243942,NA,NA,D,6,1,1065314.168,117.95,2010,36,14.19,63.99
170100,Active,54307,NA,NA,D,6,1,296116.6325,117.95,2010,196,4.11,13.04
170101,Active,54306,NA,NA,D,5,1,734140.8425,117.95,2006,131,4,4.99
170102,Active,245226,NA,NA,S,5,1,1440759.17,72.95,2006,43,4,6.74
170103,Active,563638,NA,NA,D,2,1,12300.85375,104.21,2012,108,13.48,23.99
170104,Active,154033,NA,NA,D,1,0,294581.9713,42.98,2009,71,4,29.98
170105,Active,177914,NA,NA,S,5,1,907665.675,95.95,2003,63,3.78,21.74
170106,Active,53061,NA,NA,D,7,1,2440713.715,132.95,2004,42,4.19,10.83
170107,Active,53062,NA,NA,D,8,1,886332.1913,269.95,2006,60,4,18.72
170108,Active,53063,NA,NA,D,9,1,169907.5988,274.95,2008,53,8.59,55.19
170109,Active,406147,NA,NA,D,4,1,903697.5963,163.95,2005,25,4,42.87
170110,Active,257588,NA,NA,D,1,0,3237991.076,113,2001,17,6.35,60.41
170111,Active,205948,NA,NA,S,1,0,245681.525,110,2004,20,31.96,77.22
170112,Active,166794,NA,NA,S,1,0,352974.3663,53.58,2005,69,4,28.97
170113,Active,646188,NA,NA,D,0,0,1181841.889,125,2007,23,58.16,120.24
170114,Active,55469,NA,NA,D,3,1,218699.8263,52.95,2008,72,4,9.97
170115,Active,200578,NA,NA,D,1,0,786145.2238,214.95,2009,32,60.38,141.83
170116,Active,249870,NA,NA,D,4,1,879582.5688,209.95,2007,55,4,15.34
170117,Active,243859,NA,NA,D,5,1,157003.0963,167.95,2011,48,6.13,23.99
170118,Active,254500,NA,NA,D,5,1,154392.5563,208.95,2010,109,3.84,32.79
170119,Active,166851,NA,NA,D,1,0,1291010.233,40,2006,22,6.18,51.74
170120,Active,894938,NA,NA,S,2,1,76445.8225,55,2013,14,37.56,38.53
170121,Active,136651,NA,NA,S,3,1,257434.075,83,2008,26,27.96,49.8
170122,Active,290285,NA,NA,D,2,1,749131.9988,110,2002,27,4.19,15.74
170123,Active,649618,NA,NA,S,2,1,34790.385,36,2013,35,21.46,25.85
170124,Active,368428,NA,NA,D,3,1,1897735.418,49.95,2004,57,4,27.4
170125,Active,211039,NA,NA,D,5,1,116533.4613,59.95,2010,241,4.35,6.99
170126,Active,609953,NA,NA,S,6,1,3803.99875,74.95,2013,143,17.99,41.94
170127,Active,210981,NA,NA,D,4,1,861321.6813,54.95,2007,132,4,12.23
170128,Active,165499,NA,NA,D,1,0,415594.5625,45,2004,54,4,25.99
170129,Active,484060,NA,NA,S,5,1,2268156.199,159.95,2010,23,13.51,43.99
170130,Active,243816,NA,NA,D,4,1,1347227.86,102.95,2010,30,5.26,159
170131,Active,51377,NA,NA,D,4,1,754167.4513,128.95,2006,122,4,18.94
170132,Active,795073,NA,NA,D,3,1,1138965.64,124.95,2011,18,39.19,95.54
170133,Active,60354,NA,NA,D,1,0,752064.735,130.95,2005,52,4,43.99
170134,Active,267906,NA,NA,D,2,1,3736406.6,73.95,2006,23,5.09,46.69
170135,Active,198464,NA,NA,D,3,1,1765152.294,76.95,2006,20,5.84,28.98
170136,Active,51294,NA,NA,D,2,1,727151.7925,207.95,2007,74,4,12.34
170137,Active,200265,NA,NA,D,1,0,1167184.935,107.95,2007,102,4,12.09
170138,Active,200256,NA,NA,S,1,0,32749.85,162.95,2008,43,43.41,57.98
170139,Active,254479,NA,NA,D,2,1,156719.6888,98.95,2011,130,6.82,22.73
170140,Active,875250,NA,NA,S,3,1,26259.26125,83.95,2014,37,35.99,46.69
170141,Active,200507,NA,NA,S,1,0,27862.5,109.95,2010,46,39.49,45.35
170142,Active,200416,NA,NA,D,2,1,1734495.705,79.95,2008,36,4,15.99
170143,Active,200062,NA,NA,D,1,0,2833812.855,82.95,2004,24,4,23.99
170144,Active,864641,NA,NA,S,6,1,46418.36625,62.95,2014,46,27.21,39.99
170145,Active,290970,NA,NA,D,5,1,72165.0875,58.95,2011,114,4.79,18.71
170146,Active,178172,NA,NA,D,3,1,1288051.615,49.95,2005,64,4,8.17
170147,Active,169779,NA,NA,D,4,1,462747.41,62.95,2008,177,4,16.58
170148,Active,162908,NA,NA,S,1,0,96328.5,186.25,2010,31,37.12,73.04
170149,Active,298680,NA,NA,S,2,1,243901.9138,143.95,2008,53,47.1,79.42
170150,Active,202226,NA,NA,D,1,0,623161.8963,132.95,2001,25,4.97,72.98
170151,Active,147639,NA,NA,D,1,0,478004.4288,108,2011,49,13.95,46.8
170152,Active,294179,NA,NA,S,0,0,132303.5963,118.99,2011,55,16.71,30.99
170153,Active,192474,NA,NA,D,2,1,626481.935,82.95,2004,45,4.77,28.44
170154,Active,610355,NA,NA,S,3,1,87924.63375,79.95,2013,27,47.12,51.88
170155,Active,251818,NA,NA,D,12,1,981947.635,51.65,2009,22,7.77,42.99
170156,Active,250400,NA,NA,D,11,1,858287.285,51.65,2006,32,4,28.48
170157,Active,593204,NA,NA,S,9,1,683152.5163,49.74,2010,20,8.56,47.18
170158,Active,249770,NA,NA,D,2,1,182572.6213,252.95,2007,45,4.46,19.75
170159,Active,120265,NA,NA,S,3,1,58432.08,119.2,2011,45,37.82,47.9
170160,Active,132276,NA,NA,D,2,1,1216042.829,86.8,2006,39,4,41.11
170161,Active,107335,NA,NA,S,1,0,311902.645,33.92,2000,69,4.06,28.99
170162,Active,634575,NA,NA,D,3,1,5573151.965,62.95,1990,25,4.35,46.35
170163,Active,329966,NA,NA,S,4,1,179359.9,116,2005,49,24.97,52.99
170164,Active,664126,NA,NA,S,2,1,66351.11625,50,2014,37,16.68,28.97
170165,Active,2261600,NA,NA,D,5,1,894821.475,59.45,2009,37,17.66,31.31
170166,Active,203368,NA,NA,D,3,1,2376502.261,69.95,2001,42,4,13.99
170167,Active,545670,NA,NA,S,6,1,143208.0338,98.99,2013,29,41.99,46.98
170168,Active,3049287,NA,NA,D,1,0,3670655.55,88.95,1996,18,6.38,49.27
170169,Active,167282,NA,NA,D,1,0,1142006.211,38.95,2007,27,4.97,13.79
170170,Active,543942,NA,NA,S,2,1,115970.8225,55,2013,25,42.01,42
170171,Active,284220,NA,NA,D,1,0,521716.835,129,2008,36,4,54.07
170172,Active,187933,NA,NA,D,2,1,1082219.263,225,1996,27,29.54,107.21
170173,Active,254590,NA,NA,D,1,0,165400.7213,101,2011,62,5.95,13.89
170174,Active,130383,NA,NA,S,1,0,83098.03,129.2,2011,53,35.42,101.98
170175,Active,563637,NA,NA,D,4,1,19722.665,65,2012,181,4,42.95
170176,Active,51473,NA,NA,S,7,1,719096.4088,95.6,2006,286,4,8.23
170177,Active,537821,NA,NA,S,10,1,80710.89125,167.67,2012,39,9.54,92.78
170178,Active,536772,NA,NA,D,10,1,5655.87375,169.2,2012,214,8.85,28.99
170179,Active,51601,NA,NA,D,3,1,421827.7788,172.5,2010,149,4,17.84
170180,Active,55263,NA,NA,D,7,1,728754.2863,211.95,2007,68,4,6.84
170181,Active,1982568,NA,NA,D,1,0,40834.325,84,2014,67,8.79,42.99
170182,Active,51600,NA,NA,D,2,1,905506.7138,20.27,2007,103,4,7.08
170183,Active,3219301,NA,NA,D,6,1,894253.025,0,2005,28,5.68,65.03
170184,Active,587544,NA,NA,D,8,1,3933420.778,91.74,2011,16,5.6,91.48
170185,Active,55264,NA,NA,D,8,1,58711.22125,209.95,2010,99,4.76,20.36
170186,Active,545649,NA,NA,S,3,1,180148.3225,147.95,2013,26,38.98,54.98
170187,Active,200606,NA,NA,D,2,1,891684.435,148.95,2009,30,9.03,60.94
170188,Active,293849,NA,NA,D,1,0,1461864.663,74.95,2006,37,4,27.86
170189,Active,114135,NA,NA,D,6,1,929781.8663,102,2002,29,4.98,43.7
170190,Active,716573,NA,NA,D,5,1,1378035.905,99,1997,28,6.38,39.97
170191,Active,534814,NA,NA,S,3,1,52675.92,73.95,2012,51,23.94,43.38
170192,Active,163067,NA,NA,S,1,0,22988.975,40,2010,28,23.02,23.95
170193,Active,142703,NA,NA,S,4,1,211407.5,134,2010,38,39.58,108.21
170194,Active,892177,NA,NA,S,1,0,421385.0313,39.99,2010,23,26.98,32.5
170195,Active,52274,NA,NA,D,4,1,22237.81875,155.33,2011,319,5.3,32.23
170196,Active,878644,NA,NA,S,5,1,170114.1375,120,2014,54,33.99,51.19
170197,Active,530624,NA,NA,D,3,1,58367.32875,192.95,2012,61,11.07,47.99
170198,Active,50127,NA,NA,D,5,1,78311.08,327.95,2008,80,4,38.98
170199,Active,562156,NA,NA,S,5,1,194827.16,191.95,2008,28,17.47,103.89
170200,Active,795386,NA,NA,D,6,1,927515.1988,73.98,2012,31,6.25,31.49
170201,Active,2252246,NA,NA,S,7,1,261417.0638,122.38,2009,48,11.48,63.92
170202,Active,537924,NA,NA,S,2,1,1930332.786,71.95,1994,27,4,55.89
170203,Active,871058,NA,NA,D,6,1,220577.73,63.95,2008,64,6.94,48.5
170204,Active,53039,NA,NA,D,6,1,67155.7925,290.95,2007,105,4.76,38.49
170205,Active,537801,NA,NA,D,1,0,181081.4413,98.87,2010,58,12.7,83.99
170206,Active,52273,NA,NA,D,3,1,365619.3638,122,2006,154,4,14.95
170207,Active,112802,NA,NA,D,1,0,977629.9313,175,2005,20,6.38,58.63
170208,Active,113168,NA,NA,D,2,1,380139.4238,240,2009,25,5.67,110.2
170209,Active,546031,NA,NA,S,2,1,130346.7788,69.95,2012,34,46.74,48.9
170210,Active,179199,NA,NA,D,2,1,681221.4375,241.95,2008,53,4,11.47
170211,Active,285830,NA,NA,D,3,1,1413436.024,66.2,2002,38,3.99,6.45
170212,Active,55262,NA,NA,D,2,1,474383.8075,26.48,2010,82,4,18.95
170213,Active,533434,NA,NA,D,3,1,47361.2,92.65,2012,73,12.78,57.81
170214,Active,60355,NA,NA,D,1,0,2143811.889,270.95,2008,34,4,7.99
170215,Active,116821,NA,NA,D,4,1,1053186.574,105.56,2006,68,4,9.75
170216,Active,167251,NA,NA,S,2,1,787229.2238,34.95,2006,47,4,15.65
170217,Active,163477,NA,NA,S,3,1,29945.94375,41.95,2011,41,18.89,23.8
170218,Active,192792,NA,NA,S,1,0,61002.025,71.95,2005,18,9.99,52.8
170219,Active,187949,NA,NA,S,2,1,1943978.718,44.95,2000,51,4,13.99
170220,Active,203680,NA,NA,S,3,1,320021.2513,65.99,2006,72,5.61,23.98
170221,Active,915373,NA,NA,S,3,1,851594.3063,44.95,2008,32,17.91,40.99
170222,Active,120765,NA,NA,D,4,1,1034631.729,199.2,2009,37,4,23.98
170223,Active,117638,NA,NA,D,3,1,2102633.555,157.33,2005,41,4,6.99
170224,Active,115650,NA,NA,S,2,1,2283532.255,125.65,2003,31,4,18.99
170225,Active,121265,NA,NA,D,5,1,87547.69875,234.6,2011,38,14.96,46.99
170226,Active,162546,NA,NA,S,2,1,135967.935,40,2010,29,27.13,29.52
170227,Active,2160562,NA,NA,S,1,0,39737.8,55,2012,8,53.99,55
170228,Active,530623,NA,NA,S,3,1,47025.5125,86,2012,38,49.72,63.35
170229,Active,866987,NA,NA,S,3,1,7061.3475,56.96,2014,49,37.99,51.38
170230,Active,247896,NA,NA,D,0,0,1563370.591,53.95,2007,27,5.2,8.94
170231,Active,248155,NA,NA,D,2,1,906941.4488,65,2010,35,4.94,9.94
170232,Active,545851,NA,NA,D,3,1,187592.09,82,2013,52,21.29,30.12
170233,Active,291644,NA,NA,D,1,0,1393637.205,117.95,2005,48,4,12.94
170234,Active,169936,NA,NA,D,2,1,169425.4613,172.95,2009,80,6.9,41.99
170235,Active,177599,NA,NA,S,9,1,2342453.47,161.95,2003,44,4,5.71
170236,Active,544300,NA,NA,D,4,1,34770.27625,193.95,2013,84,17.78,72.68
170237,Active,51236,NA,NA,D,3,1,34315.10625,214.95,2010,39,9.11,62.12
170238,Active,51235,NA,NA,D,2,1,1001960.136,229.95,2007,80,4,19.84
170239,Active,51755,NA,NA,D,3,1,119360.715,17.99,2009,77,4.96,14.99
170240,Active,533727,NA,NA,D,3,1,1153331.07,180,2009,46,4.08,23.94
170241,Active,51753,NA,NA,D,2,1,1416896.301,10.94,2006,79,4,10.94
170242,Active,200024,NA,NA,D,1,0,440112.9325,94.95,2004,32,30.24,69.96
170243,Active,867588,NA,NA,S,2,1,90471.34,97.95,2013,48,31.45,59.02
170244,Active,2265144,NA,NA,S,3,1,374426.65,96.64,2012,51,7.82,86.96
170245,Active,54866,NA,NA,D,2,1,324537.68,119.95,2009,127,4,17.35
170246,Active,530622,NA,NA,D,3,1,66541.72125,106.95,2012,102,4.28,78.05
170247,Active,245187,NA,NA,S,3,1,413177.8413,202.95,2011,38,46.67,64.03
170248,Active,202212,NA,NA,D,2,1,764094.7338,259.95,2000,42,4,8.99
170249,Active,177233,NA,NA,S,4,1,644592.6463,195.95,2005,99,4,79
170250,Active,544555,NA,NA,D,2,1,31720.6575,232.95,2013,51,38.76,96.94
170251,Active,292168,NA,NA,D,1,0,525628.5463,255.95,2004,68,4,13.93
170252,Active,699384,NA,NA,D,10,1,1003757.694,57.81,2012,56,4,18.49
170253,Active,537570,NA,NA,D,10,1,15949.5875,63.98,2012,103,6.71,61.05
170254,Active,2263430,NA,NA,S,9,1,411813.0225,36.58,2010,12,26.85,43.46
170255,Active,50157,NA,NA,D,9,1,23284.18375,27.98,2010,141,5.77,21.43
170256,Active,50155,NA,NA,S,6,1,2140891.006,76.7,2004,74,4,6.76
170257,Active,50156,NA,NA,D,8,1,227033.6713,32.6,2008,120,4.48,21.49
170258,Active,164716,NA,NA,D,1,0,1002980.071,36.95,1999,96,4,4.96
170259,Active,166989,NA,NA,D,1,0,426953.1725,48.95,2009,61,4.53,47.47
170260,Active,587826,NA,NA,S,2,1,14357.36625,55,2012,52,28.99,29.35
170261,Active,166756,NA,NA,D,1,0,479946.56,36.95,2005,24,4,31.99
170262,Active,162366,NA,NA,S,2,1,75479.06875,55,2009,118,4.14,14.93
170263,Active,165858,NA,NA,S,2,1,924452.24,36.95,2004,58,4,15.99
170264,Active,164979,NA,NA,D,1,0,363865.855,40,2001,83,4,10.99
170265,Active,1780311,NA,NA,S,1,0,17607.8,44,2015,15,35.17,25.06
170266,Active,873537,NA,NA,D,2,1,2677496.634,5.52,2011,37,3.9,4
170267,Active,110021,NA,NA,D,2,1,263712.2488,166.75,2010,101,4.39,52.01
170268,Active,873365,NA,NA,D,2,1,663317.8663,99.03,2010,42,10.3,117.1
170269,Active,2345791,NA,NA,D,0,0,3036892.073,45,1991,18,4.9,52.87
170270,Active,105568,NA,NA,S,2,1,131192.6875,87,1999,48,27.16,38.81
170271,Active,131222,NA,NA,D,1,0,1313054.448,67.4,2006,48,4,43.86
170272,Active,121212,NA,NA,D,2,1,239062.3338,93.6,2009,33,14.71,43.93
170273,Active,865579,NA,NA,S,7,1,508567.9763,24.99,2013,48,4,19.31
170274,Active,1617399,NA,NA,S,1,0,1247624.575,19.95,2009,33,4,15.29
170275,Active,637622,NA,NA,S,4,1,48295.05125,73,2013,57,32.94,39.3
170276,Active,193399,NA,NA,S,2,1,896496.3938,43,2005,26,4,43
170277,Active,2485552,NA,NA,D,2,1,2958915.37,250,2001,19,4.79,48.57
170278,Active,2082624,NA,NA,S,1,0,57218.65,85,2014,11,51.94,50.41
170279,Active,630557,NA,NA,S,2,1,386814.975,75,2012,25,41.78,42.78
170280,Active,3467758,NA,NA,D,4,1,1544743.2,117.9,1989,24,4,33.98
170281,Active,245184,NA,NA,D,1,0,1241234.76,183.95,2005,40,5.36,36.98
170282,Active,3605683,NA,NA,D,0,0,1261538.2,99.95,2004,20,9.38,22.59
170283,Active,711772,NA,NA,D,0,0,4968702.431,0,2003,14,4,0
170284,Active,874174,NA,NA,S,5,1,2307493.151,94,1998,36,4.13,32.89
170285,Active,116173,NA,NA,D,7,1,384324.0575,147.14,2010,42,18.94,62.08
170286,Active,701223,NA,NA,S,2,1,805325.7263,79,2007,23,7.56,0
170287,Active,621742,NA,NA,D,1,0,2152737.63,359.95,1989,34,4.39,51.94
170288,Active,1890615,NA,NA,S,0,0,48171.05,79.99,2009,14,54.68,52.78
170289,Active,1890896,NA,NA,S,0,0,521672.1688,49.99,2014,46,30.32,32.94
170290,Active,1890879,NA,NA,S,0,0,322784.7538,54.99,2013,14,37.7,37.7
170291,Active,3733683,NA,NA,D,0,0,902688.95,74.99,2010,23,32.74,53.19
170292,Active,1890620,NA,NA,S,0,0,482626.9288,44.99,2010,36,21.59,21.79
170293,Active,689165,NA,NA,D,0,0,333234.07,29.99,2011,24,18.58,21.95
170294,Active,665264,NA,NA,D,0,0,9076.93375,39.99,2012,26,26.06,27.98
170295,Active,1890617,NA,NA,D,0,0,1180256.703,79.99,2009,19,14.83,38.46
170296,Active,3071441,NA,NA,S,13,1,48340.1,49.99,2003,15,28.9,34.38
170297,Active,613378,NA,NA,S,2,1,350100.9163,36.4,2011,81,4,12.98
170298,Active,259243,NA,NA,D,1,0,1120257.485,44.95,2000,52,4,9.94
170299,Active,867583,NA,NA,S,2,1,346940.4813,49.99,2014,35,23.48,32.78
170300,Active,117237,NA,NA,S,3,1,109900.15,141.6,2006,60,23.32,76.54
170301,Active,870401,NA,NA,S,3,1,3273860.451,64.95,2007,30,4.78,6.24
170302,Active,545573,NA,NA,S,5,1,363522.7425,59.95,2013,46,4.93,36.15
170303,Active,126679,NA,NA,S,2,1,78647.98125,44.95,2004,28,9.49,24.35
170304,Active,200294,NA,NA,S,2,1,874442.9825,141.95,2006,48,4.77,49.5
170305,Active,267282,NA,NA,D,3,1,2399070.004,49.95,2003,62,4,18.98
170306,Active,546204,NA,NA,S,2,1,8532823.658,39.95,1999,29,4,26.99
170307,Active,530609,NA,NA,S,4,1,916213.8275,59.95,2008,27,20.11,54.84
170308,Active,56771,NA,NA,D,7,1,238768.4638,85.95,2004,50,4,14.16
170309,Active,56770,NA,NA,D,8,1,99213.465,149.95,2008,55,9.46,33.61
170310,Active,291601,NA,NA,S,4,1,1512400.241,79.95,2003,67,3.85,0
170311,Active,544668,NA,NA,D,8,1,7015.38,153.95,2013,119,16.9,59.49
170312,Active,878628,NA,NA,S,6,1,1875608.769,18.35,2008,62,5.59,17.26
170313,Active,54324,NA,NA,D,6,1,326326.315,161.95,2008,124,4,11.99
170314,Active,54325,NA,NA,D,7,1,59354.05,168.95,2011,124,7.78,27.99
170315,Active,54323,NA,NA,S,5,1,852427.9975,90.95,2006,96,4,13.97
170316,Active,115347,NA,NA,S,5,1,516822.985,92.2,2009,49,4.4,26.86
170317,Active,298875,NA,NA,D,5,1,26723.06625,62.95,2010,90,5.48,21.99
170318,Active,192420,NA,NA,D,4,1,820087.4138,49.95,2004,87,4,8.66
170319,Active,530608,NA,NA,S,2,1,362220.7763,47.95,2013,64,35.92,38.65
170320,Active,298866,NA,NA,D,1,0,648112.7088,89.95,2009,65,4.33,36.49
170321,Active,253921,NA,NA,D,1,0,665258.3375,97.95,2009,28,6.58,23.97
170322,Active,253919,NA,NA,D,1,0,505443.4738,89.95,2009,33,7.97,39.99
170323,Active,115325,NA,NA,D,7,1,138131.2238,86.2,2001,60,4,16.85
170324,Active,119538,NA,NA,D,6,1,3291856.673,58,1998,38,4,6.49
170325,Active,202499,NA,NA,S,6,1,1356791.144,78.1,2002,43,4.09,19.49
170326,Active,110431,NA,NA,D,7,1,110548.67,72.1,2008,59,9.45,57.59
170327,Active,108152,NA,NA,D,6,1,582581.5325,36.48,2002,51,4,12.94
170328,Active,204134,NA,NA,S,3,1,1364176.493,109.99,2008,19,13.28,17.13
170329,Active,614877,NA,NA,S,1,0,298971.1688,91.95,1988,53,5.39,45.99
170330,Active,169125,NA,NA,S,2,1,193545.965,42.95,2005,31,13.38,33.95
170331,Active,121171,NA,NA,D,3,1,130654.6613,116.4,2009,93,4.39,24.99
170332,Active,539313,NA,NA,D,4,1,72037.5475,132,2013,65,9.63,68.99
170333,Active,117425,NA,NA,D,2,1,1523730.976,86,2006,45,4,13.99
170334,Active,867886,NA,NA,S,3,1,8263.37,49.95,2014,94,28.39,33.99
170335,Active,873210,NA,NA,D,2,1,1476597.5,55.97,2010,34,8.67,49.82
170336,Active,861345,NA,NA,D,3,1,10218.825,166.75,2013,64,16.71,103.98
170337,Active,110372,NA,NA,D,1,0,777397.8938,93.25,2007,56,4,4.74
170338,Active,267310,NA,NA,S,2,1,327320.9775,39.95,2006,39,24.93,29.12
170339,Active,595079,NA,NA,S,3,1,70608.1225,168,2013,59,41.66,69.74
170340,Active,595039,NA,NA,D,3,1,50050.135,222,2012,191,7.89,38.99
170341,Active,2253522,NA,NA,D,2,1,3210492.108,29.92,2008,43,7.58,29.06
170342,Active,56763,NA,NA,D,2,1,366188.3413,149,2008,127,4,17.77
170343,Active,115566,NA,NA,S,3,1,719744.8463,63.2,2002,29,10.98,32.71
170344,Active,199285,NA,NA,S,1,0,551864.4213,100,2006,57,4.63,16.98
170345,Active,373746,NA,NA,S,2,1,84302.58875,40.99,2006,20,33.99,34.45
170346,Active,2379043,NA,NA,S,2,1,625371.8725,136.6,1967,34,14.38,58.37
170347,Active,51173,NA,NA,D,7,1,1174991.791,85.6,2003,86,4,18.99
170348,Active,51174,NA,NA,D,8,1,138766.0875,122.8,2008,63,6.81,83.1
170349,Active,286744,NA,NA,S,2,1,122322.7825,199.95,1995,37,4.23,44.91
170350,Active,254834,NA,NA,D,0,0,1038158.33,39.95,2000,32,4,45.38
170351,Active,255127,NA,NA,S,2,1,221546.8538,49.95,2010,50,12.81,42.83
170352,Active,169139,NA,NA,D,5,1,419251.535,247.95,2006,23,8.98,107.02
170353,Active,566136,NA,NA,S,2,1,33245.035,72.95,2012,56,15.3,37.08
170354,Active,608573,NA,NA,D,4,1,738502.355,97.95,2001,43,4,33.92
170355,Active,530599,NA,NA,S,5,1,48632.8025,156.95,2012,92,36.04,115.65
170356,Active,130965,NA,NA,S,11,1,805704.5263,74.67,2011,24,16.94,137.63
170357,Active,569716,NA,NA,S,4,1,1132029.06,57.95,2001,47,4,16.98
170358,Active,533667,NA,NA,D,5,1,35653.5825,89.95,2011,110,5.98,51.25
170359,Active,616594,NA,NA,S,2,1,109887.67,81.6,1988,42,8.27,45.94
170360,Active,874636,NA,NA,D,0,0,1097120.259,46.31,2010,30,4.2,12.8
170361,Active,202516,NA,NA,S,1,0,278801.9913,55.99,2004,22,41.2,51.94
170362,Active,127217,NA,NA,S,1,0,20393.125,81.95,2009,43,42.57,68.99
170363,Active,870620,NA,NA,D,1,0,2655313.379,32,1996,34,4,5.99
170364,Active,607232,NA,NA,D,2,1,2325938.144,39.6,2002,40,3.78,7.98
170365,Active,118717,NA,NA,S,3,1,424417.9525,62.4,2007,37,11.92,43.87
170366,Active,1486751,NA,NA,S,0,0,509079.2813,49,2013,23,34.83,43
170367,Active,718332,NA,NA,D,1,0,4121667.611,65,1998,21,4,49.11
170368,Active,246620,NA,NA,S,2,1,942588.3213,41.95,2008,30,5.4,31.86
170369,Active,249867,NA,NA,D,3,1,125442.4175,165.95,2007,188,4,15.89
170370,Active,877401,NA,NA,D,0,0,1685311.788,61.63,2009,15,4,61.63
170371,Active,60359,NA,NA,S,2,1,1539334.746,174.95,2001,80,4,7.98
170372,Active,249229,NA,NA,D,2,1,151767.0563,62.95,2009,82,4.48,38.99
170373,Active,300971,NA,NA,D,0,0,1495566.206,49,2003,32,4,47.73
170374,Active,279575,NA,NA,S,3,1,123054.1775,65,2010,41,24.88,73.9
170375,Active,3595647,NA,NA,D,3,1,5064875.4,58.95,1997,29,4,3.95
170376,Active,569816,NA,NA,S,4,1,75080.205,156.95,2005,46,27.67,0
170377,Active,877053,NA,NA,D,6,1,207096.0888,123.95,2013,33,7.93,41.57
170378,Active,193594,NA,NA,D,5,1,667175.5138,89.95,2008,61,4,29.98
170379,Active,193311,NA,NA,D,4,1,1711373.464,81.95,2004,52,3.99,22.32
170380,Active,58446,NA,NA,D,2,1,1793458.515,11,2006,42,4,10.98
170381,Active,2254561,NA,NA,D,3,1,2057693.586,82.28,2009,24,8.13,55.29
170382,Active,58444,NA,NA,D,3,1,358199.2763,30.91,2010,55,4,15.75
170383,Active,535790,NA,NA,S,4,1,48416.87,89.75,2012,64,28.86,57.84
170384,Active,602957,NA,NA,S,2,1,96438.65,35.58,2012,16,25.55,26.6
170385,Active,277940,NA,NA,D,1,0,740356.3163,12.32,2005,53,4,10.97
170386,Active,3682869,NA,NA,S,7,1,44715.05,56,2013,33,36.55,46.47
170387,Active,51677,NA,NA,D,6,1,126222.0425,214.95,2008,93,4.39,24.14
170388,Active,51676,NA,NA,D,5,1,814975.5338,114.95,2006,71,4,18.84
170389,Active,57029,NA,NA,S,11,1,27048.0375,114.6,2011,79,9.49,50.21
170390,Active,533964,NA,NA,D,4,1,155558.6763,162.95,2007,48,7.73,62.12
170391,Active,169766,NA,NA,D,6,1,445713.5713,85.95,2008,52,3.99,31.87
170392,Active,243895,NA,NA,D,7,1,30863.39625,80.95,2011,62,16.81,72.8
170393,Active,874179,NA,NA,D,6,1,1115706.89,214.93,2008,29,4,71.58
170394,Active,169568,NA,NA,D,10,1,369775.6113,201.95,2006,51,4,59.51
170395,Active,632109,NA,NA,S,1,0,52931.6,74.95,2012,27,21.94,53.99
170396,Active,555104,NA,NA,S,1,0,51532.1,49.95,1994,28,21.21,36.84
170397,Active,530598,NA,NA,S,2,1,199778.3963,61.95,2009,20,24.97,40.37
170398,Active,126245,NA,NA,S,2,1,1196136.713,68,2001,62,4,8.99
170399,Active,57028,NA,NA,D,9,1,276288.5175,86.67,2006,65,4,20.43
170400,Active,224709,NA,NA,D,1,0,381146.4488,125.95,2010,40,6.69,38.99
170401,Active,244382,NA,NA,D,2,1,101248.1725,114.95,2012,60,4,29.69
170402,Active,552542,NA,NA,D,0,0,702177.7238,74.6,2007,46,4,6.48
170403,Active,120140,NA,NA,S,2,1,88861.53875,105.6,2011,44,33.99,75.61
170404,Active,651892,NA,NA,D,1,0,1009519.71,48.95,2009,20,13.83,39.97
170405,Active,598284,NA,NA,S,2,1,237352.5638,45,2010,56,25.98,28.49
170406,Active,157748,NA,NA,D,2,1,70812.9025,45.95,2011,111,14.24,34.81
170407,Active,213148,NA,NA,D,0,0,743721.0413,42.5,2005,38,4,43.19
170408,Active,289845,NA,NA,S,2,1,245454.1025,76.95,2010,36,7.29,58.67
170409,Active,54188,NA,NA,D,4,1,838538.97,15.91,2007,34,4.29,13.94
170410,Active,54189,NA,NA,D,5,1,328816.7163,28.99,2010,87,4,28.99
170411,Active,140993,NA,NA,S,6,1,274611.23,70.25,2002,25,20.97,42.24
170412,Active,145332,NA,NA,S,2,1,3016995.741,67.8,2005,31,3.98,11.95
170413,Active,118936,NA,NA,D,6,1,1543581.571,119,2007,39,4,12.68
170414,Active,120129,NA,NA,D,7,1,553552.5,134.2,2010,50,4,18.58
170415,Active,124017,NA,NA,S,1,0,70323.65,195.95,2002,38,43.99,62.12
170416,Active,858341,NA,NA,S,3,1,181338.22,53.95,2014,10,41.79,45.13
170417,Active,178116,NA,NA,D,2,1,192694.8425,128.95,2003,19,4,0
170418,Active,868472,NA,NA,D,1,0,4312528.975,75,1994,14,6.38,13.98
170419,Active,117485,NA,NA,S,2,1,34351.14875,108.8,2003,46,20.11,73.47
170420,Active,169932,NA,NA,D,4,1,859445.0738,186.95,2009,65,4,13.99
170421,Active,537967,NA,NA,S,2,1,2991441.988,70.95,2001,34,4,23.94
170422,Active,104421,NA,NA,D,3,1,2558356.283,52.5,1996,29,4,23.74
170423,Active,246593,NA,NA,D,2,1,2004403.729,44.95,2007,30,4,44.86
170424,Active,298134,NA,NA,D,2,1,6093150.578,111.95,2007,15,7.34,56.21
170425,Active,200523,NA,NA,D,2,1,197937.14,129.95,2009,114,4.99,23.97
170426,Active,274629,NA,NA,D,4,1,1172227.988,44.95,2004,43,4,8.32
170427,Active,58441,NA,NA,D,4,1,251192.1838,114.95,2011,77,4,19.19
170428,Active,58442,NA,NA,D,2,1,1652985.596,138.95,2006,61,4,8.78
170429,Active,58443,NA,NA,D,3,1,301951.3925,126.95,2009,62,4.93,12.47
170430,Active,217711,NA,NA,D,5,1,2245007.501,49.99,2003,31,4,14.69
170431,Active,246619,NA,NA,S,6,1,247956.5275,72.95,2008,31,24.75,0
170432,Active,60361,NA,NA,D,4,1,980556.6713,197.95,2002,43,4,18.95
170433,Active,178103,NA,NA,S,5,1,36960.345,199.95,2005,69,20.99,74.48
170434,Active,765153,NA,NA,D,3,1,2175914.35,67.95,1999,30,4,24.99
170435,Active,127493,NA,NA,S,4,1,245498.105,37.5,2010,55,21.69,36.61
170436,Active,627257,NA,NA,S,3,1,1407452.809,61.95,2008,25,7.34,37.22
170437,Active,56874,NA,NA,D,3,1,320639.3238,77.95,2006,124,5.06,28.99
170438,Active,60707,NA,NA,D,2,1,1088140.681,67.5,1998,81,4,11.86
170439,Active,126348,NA,NA,D,3,1,52760.09625,89,2008,43,25.86,58.48
170440,Active,205639,NA,NA,S,2,1,1608296.916,50,1998,39,3.99,10.99
170441,Active,201702,NA,NA,D,0,0,1442535.556,59.95,2005,18,7.79,11.05
170442,Active,530600,NA,NA,S,2,1,214188.1663,65.95,2012,27,45.98,67.46
170443,Active,193992,NA,NA,D,0,0,1529442.919,39,2001,25,4,0
170444,Active,194131,NA,NA,S,2,1,91815.16125,75,2007,35,32.98,0
170445,Active,178752,NA,NA,S,1,0,3518011.638,53.95,1995,22,5.43,18.97
170446,Active,177486,NA,NA,S,2,1,576548.34,217.95,2001,39,5.15,119.67
170447,Active,57030,NA,NA,D,10,1,478147.1238,86.8,2008,130,4,23.98
170448,Active,116375,NA,NA,S,3,1,85887.22875,90,2011,62,15.72,71.98
170449,Active,117229,NA,NA,D,2,1,525006.89,57.6,2006,37,4,37.98
170450,Active,245123,NA,NA,S,1,0,644251.0013,98.95,2006,27,15.16,0
170451,Active,201742,NA,NA,D,0,0,417592.0775,42.95,2007,24,4,22
170452,Active,652526,NA,NA,S,2,1,120451.36,52.95,2012,28,45.99,48.87
170453,Active,245137,NA,NA,S,3,1,47320.2075,227.95,2005,54,36.95,48.98
170454,Active,284932,NA,NA,D,6,1,3215933.569,61.5,2007,17,4.71,46.1
170455,Active,214313,NA,NA,S,3,1,152939.32,39.95,2005,44,18.89,32.89
170456,Active,204104,NA,NA,S,1,0,82310.3,75.99,2008,20,50.69,50.68
170457,Active,607510,NA,NA,D,2,1,876224.9338,40,1998,27,3.58,33.14
170458,Active,123946,NA,NA,D,9,1,454509.0775,100.95,2003,50,4,45.4
170459,Active,544454,NA,NA,S,4,1,178916.3313,139.95,2013,45,34.73,54.35
170460,Active,177951,NA,NA,D,3,1,263074.1088,142.95,2004,84,4,53.15
170461,Active,52489,NA,NA,D,4,1,426487.69,82.95,2008,83,4,28.97
170462,Active,254442,NA,NA,S,1,0,41737.475,64.95,2011,25,28.84,35.76
170463,Active,137745,NA,NA,D,2,1,541786.9425,31.95,2004,72,4,34.1
170464,Active,893259,NA,NA,S,3,1,365002.3225,40,2014,20,21.87,40
170465,Active,246710,NA,NA,S,4,1,293172.0063,49.95,2010,35,27.6,32.93
170466,Active,115305,NA,NA,S,5,1,90596.94625,143.4,2011,52,32.44,69.18
170467,Active,647854,NA,NA,D,1,0,587847.2588,48.95,2000,19,32.34,44.49
170468,Active,55348,NA,NA,D,2,1,147901.8863,67,1996,132,4,13.88
170469,Active,199559,NA,NA,D,0,0,2208666.725,43.95,1997,45,4,7.49
170470,Active,530595,NA,NA,S,2,1,219998.7613,55.95,2012,34,20.64,36.13
170471,Active,246423,NA,NA,D,1,0,1282514.896,49.95,2006,32,4.76,28.99
170472,Active,564634,NA,NA,D,0,0,2560079.241,59.95,2004,21,4,20.46
170473,Active,921163,NA,NA,D,2,1,1437916.209,53.95,1995,50,4,12
170474,Active,920341,NA,NA,D,2,1,1012137.363,45.95,1997,42,4,7.99
170475,Active,564685,NA,NA,S,3,1,342908.4175,75.95,2007,36,18.9,38.99
170476,Active,530593,NA,NA,S,2,1,1224161.004,43.95,2013,21,20.99,29.81
170477,Active,633532,NA,NA,S,1,0,274244.6525,72.5,2001,36,43.99,88.93
170478,Active,1470011,NA,NA,D,3,1,3627787.445,85,2006,17,6.38,54.99
170479,Active,556270,NA,NA,D,4,1,2299058.744,99,2007,54,4.74,16.48
170480,Active,1474229,NA,NA,S,2,1,4513003.564,55,2010,19,5.28,49.64
170481,Active,2675196,NA,NA,D,2,1,1155477.929,10,1980,40,4,10
170482,Active,239642,NA,NA,D,0,0,299257.255,10.95,1998,50,4,10.95
170483,Active,674980,NA,NA,S,0,0,78928.18,20.95,2002,66,11.24,13.98
170484,Active,530591,NA,NA,S,1,0,387530.2813,49.95,2003,24,15.89,51.5
170485,Active,620883,NA,NA,S,1,0,426891.7613,49.95,2003,32,4.85,35.19
170486,Active,126447,NA,NA,S,0,0,112491.6463,49.95,2005,48,26.47,43.89
170487,Active,868068,NA,NA,S,3,1,3020351.096,63,1996,32,4,12.99
170488,Active,172294,NA,NA,S,2,1,40863.5,34.95,2010,25,24.19,25.3
170489,Active,922454,NA,NA,S,1,0,293254.16,150,1996,99,4.79,15.99
170490,Active,185220,NA,NA,S,1,0,590912.57,39.95,2005,74,4,9.98
170491,Active,177853,NA,NA,D,4,1,1498030.869,103.95,2004,36,4,70.82
170492,Active,123983,NA,NA,D,4,1,557403.4775,84.95,2001,38,4,42.17
170493,Active,870875,NA,NA,D,4,1,1115602.386,201.95,2006,32,4,53.45
170494,Active,120471,NA,NA,S,4,1,645591.9488,211.2,1996,70,5.24,103.98
170495,Active,872461,NA,NA,S,5,1,164324.6938,81,2014,43,29.19,53.65
170496,Active,2648713,NA,NA,S,2,1,537753.9375,81.95,1999,29,6.52,33.47
170497,Active,128783,NA,NA,S,1,0,643458.66,53,2005,41,13.73,46.51
170498,Active,427131,NA,NA,D,4,1,4689587.511,82.5,2006,25,4.36,63.85
170499,Active,530586,NA,NA,D,5,1,1351762.993,79.95,2010,23,6.36,78.95
170500,Active,530584,NA,NA,S,8,1,183319.6625,93.6,2012,35,29.96,69.6
170501,Active,912681,NA,NA,S,3,1,835428.7075,44.95,2008,20,7.94,33.49
170502,Active,515767,NA,NA,S,3,1,415538.54,95,2008,22,11.62,48.99
170503,Active,628076,NA,NA,S,2,1,1515311.794,49.95,2009,28,20.59,37.32
170504,Active,618680,NA,NA,S,6,1,482732.2638,177,1993,37,6.94,53.83
170505,Active,245872,NA,NA,D,0,0,4677497.686,33.95,2005,32,4.49,11.07
170506,Active,530582,NA,NA,D,2,1,1127985.21,39,2008,34,4.77,21.98
170507,Active,183667,NA,NA,S,6,1,337332.3838,220.95,2008,76,18.15,177.9
170508,Active,2654916,NA,NA,S,3,1,8005875.929,67.96,1996,16,4.16,50.81
170509,Active,144861,NA,NA,D,3,1,2481891.126,121,2005,33,4,9.48
170510,Active,862983,NA,NA,D,2,1,4001349.825,92.8,2001,24,4,15.83
170511,Active,884187,NA,NA,D,0,0,8243019.724,175,2006,10,9.16,76.5
170512,Active,129312,NA,NA,S,3,1,588227.6275,49.95,2012,51,4,37.53
170513,Active,530578,NA,NA,D,4,1,1246730.793,44,2007,49,4,5.88
170514,Active,129323,NA,NA,S,6,1,3094281.21,55,2010,32,4.97,33.99
170515,Active,738502,NA,NA,D,7,1,2423065.005,41,2011,18,4.98,21.98
170516,Active,539862,NA,NA,D,4,1,140915.22,65.95,2013,51,3.94,46.47
170517,Active,129251,NA,NA,D,3,1,763106.87,62.95,2010,59,4,13.92
170518,Active,862361,NA,NA,S,2,1,215619.595,43.95,2014,22,28.98,28.99
170519,Active,530576,NA,NA,S,2,1,716159.7763,49.95,2012,32,21.79,32.46
170520,Active,276952,NA,NA,S,3,1,101430.6788,59.95,2010,46,20.93,48.9
170521,Active,276930,NA,NA,D,2,1,1351997.389,43.95,2002,45,4,8.98
170522,Active,132115,NA,NA,D,5,1,362405.7863,132.2,2005,36,4.67,46.17
170523,Active,199531,NA,NA,S,1,0,130331.765,41.95,1999,51,4.43,13.8
170524,Active,199109,NA,NA,D,2,1,1261112.566,69.95,2001,55,4,13.99
170525,Active,58431,NA,NA,D,4,1,87232.71625,58.75,2008,63,4.52,50.33
170526,Active,632185,NA,NA,D,5,1,56035.1725,73.75,2012,48,25.83,56.24
170527,Active,131984,NA,NA,D,5,1,885101.1513,129.33,2005,73,4,20.3
170528,Active,121358,NA,NA,D,6,1,83669.09625,172,2010,69,4.3,24.53
170529,Active,298252,NA,NA,S,3,1,426049.3525,27.95,2005,29,16.13,22.08
170530,Active,555281,NA,NA,S,2,1,276632.9513,76.95,1996,28,4,10.9
170531,Active,259994,NA,NA,S,3,1,869861.64,89,2004,25,5.29,17.57
170532,Active,262317,NA,NA,D,2,1,947050.1775,39.95,1998,52,4,8.98
170533,Active,262359,NA,NA,S,3,1,105569.9288,47.95,2006,42,33.32,37.98
170534,Active,647946,NA,NA,S,2,1,657282.0338,105,2008,28,52.97,70.56
170535,Active,222237,NA,NA,D,3,1,647940.8375,80,2009,63,4,6.99
170536,Active,222360,NA,NA,D,2,1,1405376.226,70,2005,24,4,26.87
170537,Active,913985,NA,NA,D,0,0,1644685.303,50.5,1983,32,4,43.13
170538,Active,641473,NA,NA,D,3,1,691044.0875,84,2010,45,5.97,0
170539,Active,55347,NA,NA,S,7,1,9410.66625,114,2003,73,42.06,68.99
170540,Active,55346,NA,NA,D,6,1,260069.5238,84.95,1998,56,4,21.43
170541,Active,3577847,NA,NA,D,6,1,2791710.85,63.95,1993,59,4,14.98
170542,Active,619060,NA,NA,S,2,1,18379.41125,114.2,1997,109,11.49,28.95
170543,Active,867667,NA,NA,S,3,1,83621.7775,60,2014,31,40.1,44.9
170544,Active,161153,NA,NA,S,2,1,53668.2725,45,2009,40,18.89,39.64
170545,Active,276349,NA,NA,S,2,1,262388.5013,119,2002,35,8.92,40.42
170546,Active,127573,NA,NA,D,5,1,220952.4838,69.95,2009,37,6.41,55.71
170547,Active,127089,NA,NA,D,4,1,1815732.94,60,2006,26,4,53.63
170548,Active,166620,NA,NA,D,1,0,1739605.046,142,2005,15,13.59,101.83
170549,Active,210989,NA,NA,D,3,1,40662.2175,94.95,2009,104,7.63,18.99
170550,Active,3577431,NA,NA,D,1,0,4297475.75,53.95,1996,55,4,16.98
170551,Active,208254,NA,NA,S,2,1,36357.41875,59.99,2001,80,15.97,30.7
170552,Active,919479,NA,NA,D,1,0,1754489.218,60,1990,79,4.19,15.99
170553,Active,612632,NA,NA,S,0,0,36772.925,41.95,2013,20,29.27,35.94
170554,Active,130698,NA,NA,D,2,1,804610.7688,39.75,1997,24,11.87,37.81
170555,Active,3821339,NA,NA,D,0,0,1433063.4,59.5,1997,27,4.27,57.33
170556,Active,275205,NA,NA,S,2,1,304271.4275,74.5,2005,39,36.67,89
170557,Active,290468,NA,NA,D,1,0,923643.96,71.95,2002,48,3,32.35
170558,Active,166393,NA,NA,S,1,0,599875.2838,34.95,2000,124,4,8.98
170559,Active,162243,NA,NA,S,2,1,19765.7,45,2008,56,13.7,26.59
170560,Active,755998,NA,NA,S,1,0,504456.0475,50,2012,25,20.86,32.95
170561,Active,254257,NA,NA,S,3,1,230715.3788,71.95,2010,61,22.39,35.88
170562,Active,53763,NA,NA,S,7,1,347240.5363,177.95,2004,102,4,19.98
170563,Active,244256,NA,NA,D,9,1,792509.3363,140.95,2011,73,4,62.99
170564,Active,53760,NA,NA,D,9,1,68687.24375,168.95,2010,197,4,10.4
170565,Active,53762,NA,NA,D,8,1,832831.3163,146.95,2006,166,3.77,10.98
170566,Active,544506,NA,NA,S,10,1,10344.73875,131.95,2013,108,20.99,30
170567,Active,626281,NA,NA,D,10,1,785791.49,44.99,2010,47,5.74,14.88
170568,Active,802658,NA,NA,D,9,1,1031767.336,44.99,2008,40,4,10.05
170569,Active,873483,NA,NA,S,2,1,1725258.415,34.99,2005,38,4,44.87
170570,Active,802718,NA,NA,D,7,1,1096135.806,39.99,2010,44,4,10.79
170571,Active,1856821,NA,NA,S,0,0,22421.82625,49.99,2014,18,32.74,34.59
170572,Active,665219,NA,NA,D,0,0,733535.375,49.99,2012,16,17.89,146.39
170573,Active,881394,NA,NA,S,0,0,21916.8525,49.99,2014,18,31.83,34.26
170574,Active,54087,NA,NA,S,3,1,263016.2688,152.95,2008,67,4,7.59
170575,Active,632713,NA,NA,S,2,1,601979.2613,43,2011,23,12.58,32.22
170576,Active,916094,NA,NA,S,0,0,584238.5175,54.99,2006,23,11.93,39.98
170577,Active,674706,NA,NA,S,0,0,467994.9025,22.5,2006,60,4,5.09
170578,Active,2354709,NA,NA,S,2,1,1817335.904,37.88,2004,87,4,5.97
170579,Active,898804,NA,NA,S,1,0,708471.5875,28.98,2007,41,4,28.9
170580,Active,1538479,NA,NA,S,2,1,945608.9113,42.99,2010,20,28.99,38.5
170581,Active,154034,NA,NA,S,0,0,11419.675,53.25,2010,36,16.38,32.99
170582,Active,639737,NA,NA,S,2,1,119237.2475,43,2013,21,22.69,31.71
170583,Active,739546,NA,NA,S,0,0,622797.15,55.4,2005,84,4,8.57
170584,Active,54261,NA,NA,D,4,1,300279.7,19.98,2009,97,3,30.24
170585,Active,540440,NA,NA,S,4,1,299833.4513,12.99,2010,50,4,32.89
170586,Active,610437,NA,NA,D,5,1,9421.2025,84.75,2012,83,13.97,28.49
170587,Active,619610,NA,NA,D,4,1,1684799.461,33.94,2009,26,4.48,5.93
170588,Active,613802,NA,NA,D,4,1,680032.7613,31.86,2010,82,4,31.39
170589,Active,131066,NA,NA,S,1,0,479865.1488,101.67,2011,20,29.64,80.89
170590,Active,557553,NA,NA,S,1,0,146635.9188,128.6,2011,37,13.97,32.98
170591,Active,614646,NA,NA,D,0,0,9487.6,65.5,2012,31,31.89,0
170592,Active,613864,NA,NA,D,0,0,7243.99125,80.75,2012,59,20.94,0
170593,Active,1743977,NA,NA,S,10,1,20397.81125,50.98,2014,13,52.87,52.61
170594,Active,141957,NA,NA,D,5,1,43791.6475,33.56,2009,188,4,22.39
170595,Active,141621,NA,NA,S,3,1,713372.91,13.98,2003,113,4,6.62
170596,Active,141826,NA,NA,D,4,1,99964.755,39.95,2006,122,4,7.82
170597,Active,52999,NA,NA,D,5,1,40599.9,67.95,2010,174,4,31.99
170598,Active,880419,NA,NA,D,4,1,2474895.203,74.57,2006,56,6.32,30.33
170599,Active,2271238,NA,NA,S,6,1,454864.1,92.35,1900,28,18.53,87.9
170600,Active,52998,NA,NA,D,4,1,242257.9663,46.98,2006,196,4.43,13.98
170601,Active,52997,NA,NA,S,3,1,866484.9988,30.1,2003,104,4,8.43
170602,Active,193542,NA,NA,D,6,1,1024393.73,42.95,2007,73,4,28.32
170603,Active,616928,NA,NA,D,8,1,28669.66375,49.95,2012,70,9.51,17.99
170604,Active,870956,NA,NA,D,2,1,1889236.69,28,2009,27,3.99,42.47
170605,Active,546838,NA,NA,D,3,1,761199.9025,98,2011,28,5.24,7.21
170606,Active,599698,NA,NA,D,2,1,2317532.761,85,2009,15,5.03,12.35
170607,Active,166674,NA,NA,D,5,1,931333.0388,140,2006,23,30.9,82.75
170608,Active,165306,NA,NA,D,4,1,1338831.614,115,2001,23,14.1,28.99
170609,Active,658331,NA,NA,S,2,1,411768.28,54.95,2011,25,45.83,39.87
170610,Active,574627,NA,NA,D,1,0,5463052.921,73.95,2002,9,15.72,16.04
170611,Active,166871,NA,NA,S,1,0,81806.075,70,2006,31,16.91,51.7
170612,Active,578927,NA,NA,S,1,0,28062.875,52.95,2012,31,28.98,34.24
170613,Active,622223,NA,NA,S,1,0,114075.06,93.95,2013,52,24.87,29.39
170614,Active,613656,NA,NA,D,7,1,98581.60375,43.95,2009,95,4,23.24
170615,Active,595050,NA,NA,D,3,1,308238.1575,228,2012,85,8.25,33.46
170616,Active,193588,NA,NA,D,2,1,1214837.064,150,2008,41,5.13,62.49
170617,Active,534544,NA,NA,D,2,1,215380.1513,209,2008,171,4.49,78.98
170618,Active,560320,NA,NA,D,2,1,2485924.816,184,2006,26,6.33,13.91
170619,Active,143526,NA,NA,D,3,1,954518.9363,206,2011,41,4.92,38.99
170620,Active,629737,NA,NA,D,3,1,2554106.301,43.99,2006,40,4.34,43.59
170621,Active,193728,NA,NA,S,5,1,74616.90375,228,2011,69,41.99,69
170622,Active,1633731,NA,NA,S,4,1,711966.19,36.95,2010,50,4,97.65
170623,Active,143251,NA,NA,D,1,0,959801.7513,170,2009,48,5.69,30.94
170624,Active,3082513,NA,NA,D,10,1,1394538.08,130,2005,28,4,101.37
170625,Active,612965,NA,NA,D,11,1,524397.9663,209,2008,88,4.6,62.29
170626,Active,3082381,NA,NA,D,10,1,2056766.104,93.5,2003,18,4.34,23.99
170627,Active,193502,NA,NA,D,4,1,181788.3888,90.95,2007,56,13.88,75.81
170628,Active,143470,NA,NA,D,4,1,1887595.04,29,2003,18,4,56.77
170629,Active,859529,NA,NA,D,5,1,1025657.908,38,2007,20,4.48,35.99
170630,Active,592830,NA,NA,D,4,1,1386979.998,13.86,2010,38,4.58,6.87
170631,Active,577179,NA,NA,D,5,1,289927.3225,198,2012,64,5.47,198
170632,Active,193597,NA,NA,D,6,1,1001781.041,152,2008,84,4,15.99
170633,Active,613423,NA,NA,D,7,1,307258.5413,223,2011,150,4,15.3
170634,Active,301320,NA,NA,S,2,1,397990.6763,69.99,2011,42,37.21,49.49
170635,Active,1839681,NA,NA,D,2,1,4736148.198,409.95,2008,15,72.33,144.82
170636,Active,2681587,NA,NA,D,1,0,6304232.819,229.95,2003,15,15.98,63.06
170637,Active,543316,NA,NA,S,4,1,136273.7275,95,2011,43,13.73,53.45
170638,Active,624449,NA,NA,D,0,0,2063042.66,319,2005,24,5.9,51.5
170639,Active,616730,NA,NA,S,4,1,66453.02,55.95,2010,38,24.62,25.93
170640,Active,561637,NA,NA,S,0,0,81641.8,74.95,2004,54,17.43,23.49
170641,Active,594695,NA,NA,S,3,1,11019.28875,110.95,2013,53,33.44,53.1
170642,Active,254508,NA,NA,D,2,1,653179.02,95.95,2010,93,4,11.48
170643,Active,200346,NA,NA,D,1,0,833931.3,67.95,2008,50,4,14.98
170644,Active,530536,NA,NA,S,3,1,39458.25125,74.95,2012,32,41.97,44.14
170645,Active,193155,NA,NA,D,1,0,1003107.146,93.95,2009,24,10.39,63.33
170646,Active,254509,NA,NA,D,2,1,24176.39125,113.95,2011,199,3.96,22.71
170647,Active,200658,NA,NA,D,1,0,1975312.796,82.95,2010,26,4,22.23
170648,Active,200645,NA,NA,D,2,1,1125955.601,65.95,2011,62,4,22.11
170649,Active,55345,NA,NA,D,1,0,294659.0075,66.95,2008,86,4,7.94
170650,Active,2258614,NA,NA,D,2,1,454294.5175,25.98,2011,41,8.6,13.95
170651,Active,55002,NA,NA,D,2,1,19155.9725,82.99,2010,252,6.41,12.87
170652,Active,55001,NA,NA,S,1,0,723786.5463,65.95,2004,157,4,8.99
170653,Active,867618,NA,NA,S,3,1,1864.92625,91.99,2014,69,40.79,58.99
170654,Active,530535,NA,NA,D,2,1,1203323.506,99.95,2009,30,4.2,23.99
170655,Active,192901,NA,NA,D,1,0,2961037.561,99,2004,22,4,12.5
170656,Active,626282,NA,NA,D,1,0,338490.9775,105,2010,26,5.21,31.92
170657,Active,646033,NA,NA,S,0,0,277679.22,59.99,2011,37,39.94,39.94
170658,Active,911819,NA,NA,D,1,0,1729190.008,49.95,2002,22,4,21
170659,Active,546873,NA,NA,S,3,1,47284.7075,63.95,2013,39,46.99,48.64
170660,Active,576740,NA,NA,D,1,0,652441.2413,92.95,2011,32,4.97,28.82
170661,Active,2551505,NA,NA,D,2,1,5121604.759,85.95,2003,18,4.93,13.99
170662,Active,220369,NA,NA,D,6,1,261351.385,362.19,2005,31,6.95,57.47
170663,Active,656544,NA,NA,S,2,1,80051.45,49.95,2009,17,33.95,49.95
170664,Active,227328,NA,NA,S,2,1,1765459.033,81.95,1996,39,4,37.39
170665,Active,639887,NA,NA,D,1,0,18921.9525,112,2012,112,8.68,34.73
170666,Active,1429978,NA,NA,D,0,0,232297.2075,15.99,2006,89,4.08,11.22
170667,Active,612381,NA,NA,S,3,1,209568.825,86.42,2013,27,43,86.4
170668,Active,246210,NA,NA,S,3,1,373398.59,59.21,2003,51,8.46,59.21
170669,Active,136957,NA,NA,D,0,0,1171432.666,40,2000,37,4,0
170670,Active,136967,NA,NA,S,2,1,72540.97,44,2008,30,11.99,29.89
170671,Active,170044,NA,NA,D,9,1,268577.7138,239.95,2010,51,6.84,72.93
170672,Active,60365,NA,NA,D,8,1,1100148.246,154.95,2007,48,4,10.54
170673,Active,200453,NA,NA,S,1,0,275207.6025,165.95,2010,42,8.81,20
170674,Active,620749,NA,NA,D,1,0,70618.385,124,2012,63,37.74,70.05
170675,Active,54708,NA,NA,D,2,1,124931.375,121.95,2009,124,6.46,27.19
170676,Active,128952,NA,NA,S,2,1,266383.8225,62.95,2004,36,8.84,49.39
170677,Active,556063,NA,NA,D,1,0,2548043.933,54.95,2000,51,4,41.71
170678,Active,128880,NA,NA,S,2,1,111764.8438,110.95,2005,63,9.63,58.3
170679,Active,54707,NA,NA,D,0,0,437937.4963,98.95,2005,89,4,12.75
170680,Active,120587,NA,NA,D,7,1,206684.9175,119.6,2009,29,5.98,44.97
170681,Active,148422,NA,NA,D,7,1,518186.6563,293.95,2006,33,26.69,129.59
170682,Active,608448,NA,NA,D,11,1,7064690.046,34.95,2005,13,4,131.99
170683,Active,610029,NA,NA,S,13,1,230497.67,57.95,2012,16,21.34,42.82
170684,Active,166535,NA,NA,D,5,1,944739.4625,72.09,2004,32,5.84,46.31
170685,Active,3468438,NA,NA,D,6,1,2625776.7,106.88,2001,37,4.14,59.33
170686,Active,60366,NA,NA,D,7,1,359078.5375,59,2003,46,9.51,107.08
170687,Active,3461513,NA,NA,S,5,1,1877340.055,149.48,2001,13,18.18,72.47
170688,Active,172280,NA,NA,S,2,1,474374.9413,29.95,2009,36,9.4,19.82
170689,Active,54296,NA,NA,S,2,1,2210112.215,92,2000,50,4,8.99
170690,Active,54295,NA,NA,D,4,1,57158.3775,143.6,2007,212,5.99,39.94
170691,Active,231540,NA,NA,S,3,1,392421.3538,91.95,2006,15,9.69,257.87
170692,Active,829566,NA,NA,S,2,1,1378453.585,52.95,1986,51,4,35.62
170693,Active,1466001,NA,NA,S,1,0,1638375.946,49.95,2014,20,10.68,39.52
170694,Active,631761,NA,NA,S,1,0,76340.65,54,2006,38,31.44,33.49
170695,Active,144144,NA,NA,S,6,1,823741.9188,161,1999,35,6.68,76.94
170696,Active,3482656,NA,NA,D,0,0,5867788.35,46,1989,32,4,10.96
170697,Active,287407,NA,NA,D,4,1,25843.77125,174,2011,65,7.17,96.68
170698,Active,428385,NA,NA,D,3,1,544818.66,134.2,2007,52,8.07,63.29
170699,Active,175074,NA,NA,D,2,1,1034565.486,62,2008,34,6.38,63.29
170700,Active,868151,NA,NA,D,1,0,1020731.28,57.8,2000,49,4,11.93
170701,Active,862033,NA,NA,S,3,1,394251.5463,59.99,2014,58,16.09,43.96
170702,Active,172264,NA,NA,D,2,1,403978.3063,31.95,2009,38,5.98,33.99
170703,Active,530532,NA,NA,S,3,1,14070.70375,44,2012,47,29.74,41.71
170704,Active,260096,NA,NA,S,2,1,2030401.43,32.95,2004,38,4,21.28
170705,Active,229173,NA,NA,D,3,1,1218254.111,36.95,2007,52,4,8.85
170706,Active,2590511,NA,NA,D,1,0,4074783.4,125,1981,14,28.91,91.26
170707,Active,289016,NA,NA,S,2,1,980925.7913,38.95,2009,29,21.9,32.64
170708,Active,633746,NA,NA,S,1,0,161730.1475,173.75,2013,43,6.98,0
170709,Active,622390,NA,NA,D,1,0,96483.175,200,2010,35,11.99,50.2
170710,Active,637593,NA,NA,S,1,0,297832.8038,173.75,2013,59,4.69,0
170711,Active,1567095,NA,NA,S,1,0,32875.625,114,2013,20,42.77,79.99
170712,Active,670633,NA,NA,S,1,0,67003.05,90.5,2011,17,53.54,53.53
170713,Active,860344,NA,NA,D,1,0,172678.7263,90.5,2011,50,16.91,56.77
170714,Active,628275,NA,NA,S,1,0,105933.225,90.5,2011,31,54.74,67.97
170715,Active,865067,NA,NA,S,2,1,357422.08,69.95,2010,13,39.93,50.94
170716,Active,2729943,NA,NA,D,1,0,1224310.43,47.95,2004,26,6.98,47.98
170717,Active,200431,NA,NA,S,2,1,372604.51,60.95,2009,31,33.99,48.72
170718,Active,530528,NA,NA,S,2,1,150208.395,60.95,2010,21,40.48,40.5
170719,Active,658531,NA,NA,S,2,1,353655.1925,54.95,2009,26,41.21,43.99
170720,Active,1633939,NA,NA,S,1,0,434607.0213,39.99,2014,32,9.26,25.96
170721,Active,1879729,NA,NA,S,5,1,2558410.116,42.95,2008,14,9.56,18.83
170722,Active,545252,NA,NA,D,6,1,235069.1988,43.95,2010,34,23.36,43.98
170723,Active,865414,NA,NA,S,7,1,64397.3175,45.95,2014,13,39.78,40.6
170724,Active,657620,NA,NA,D,5,1,1123613.774,47.95,2007,21,9.93,16.99
170725,Active,647362,NA,NA,S,5,1,58346.00375,45.95,2010,21,35.99,35.99
170726,Active,797726,NA,NA,S,4,1,846736.535,50.95,2005,26,31.69,49.95
170727,Active,2552210,NA,NA,S,2,1,383283.8375,59.95,1995,22,4.39,54.93
170728,Active,193963,NA,NA,D,0,0,2665311.35,54,2000,29,4,17.41
170729,Active,194177,NA,NA,S,3,1,274980.3613,98,2009,33,16.14,60
170730,Active,1696733,NA,NA,S,4,1,15931.12625,109.95,2015,40,51.92,60.84
170731,Active,2103685,NA,NA,S,2,1,427567.2888,64.99,2015,16,48.79,54.98
170732,Active,884174,NA,NA,D,3,1,5680282.889,79.95,2006,14,25.6,304.95
170733,Active,630004,NA,NA,S,1,0,98824.97125,72.99,2011,29,39.37,39.37
170734,Active,534179,NA,NA,S,1,0,32860.7875,85.99,2010,39,42.76,54.97
170735,Active,1814377,NA,NA,S,0,0,260541.5563,20,2012,58,4,9.84
170736,Active,277183,NA,NA,S,7,1,690127.97,41.99,2007,153,3.62,0
170737,Active,277173,NA,NA,S,0,0,32886.68375,39.95,2006,105,6.29,23.99
170738,Active,530526,NA,NA,S,2,1,17435.12875,39.95,2008,142,7.62,28.99
170739,Active,277175,NA,NA,S,1,0,795021.645,39.95,2002,61,4,48.35
170740,Active,509092,NA,NA,D,7,1,584425.0263,45.99,2007,148,4,7.23
170741,Active,277180,NA,NA,D,6,1,2873453.771,36.99,2005,34,4.17,19.71
170742,Active,530525,NA,NA,D,7,1,758805.5788,36.99,2007,165,4,8.91
170743,Active,2144453,NA,NA,S,9,1,237192.095,52.99,2014,35,7.77,34.28
170744,Active,867839,NA,NA,D,8,1,462062.79,199.95,2013,60,10.85,48.99
170745,Active,2144452,NA,NA,S,9,1,495581.6263,48.99,2014,55,7.33,34.94
170746,Active,613907,NA,NA,S,7,1,278926.2588,174.95,2007,173,5.75,25.74
170747,Active,615751,NA,NA,S,6,1,75617.57125,49.95,2011,60,8.3,49.95
170748,Active,3745871,NA,NA,S,5,1,15033,49.95,2015,45,26.98,26.82
170749,Active,1942302,NA,NA,S,6,1,21974.44875,49.95,2014,71,14.89,40.92
170750,Active,1942301,NA,NA,S,7,1,16619.22,49.95,2014,87,22.18,25.86
170751,Active,1633687,NA,NA,D,2,1,334375.7663,49.95,2010,34,12.99,23.89
170752,Active,1942303,NA,NA,S,2,1,91325.92375,49.95,2014,47,18.99,27.87
170753,Active,193524,NA,NA,D,4,1,1122185.671,43.95,2006,55,4,9.98
170754,Active,647161,NA,NA,S,6,1,59445.04125,49.95,2012,46,11.73,43.98
170755,Active,193664,NA,NA,D,6,1,567947.515,44.95,2009,97,4,17.2
170756,Active,646962,NA,NA,S,6,1,11641.4525,49.95,2013,111,18.96,27.53
170757,Active,612848,NA,NA,D,3,1,215726.2975,43.95,2008,171,4,17.61
170758,Active,614252,NA,NA,D,1,0,1314965.016,35.95,2001,49,4,14.96
170759,Active,621298,NA,NA,S,4,1,157744.2875,49.95,2012,157,4.76,43.99
170760,Active,658267,NA,NA,S,3,1,44012.31,49.95,2012,38,23.5,26.74
170761,Active,631525,NA,NA,S,4,1,36139.13625,49.95,2011,42,22.99,29.05
170762,Active,2829373,NA,NA,S,0,0,160665.1688,40,1989,155,4.18,21.24
170763,Active,2375748,NA,NA,S,0,0,186319.075,184.6,2004,3,28.94,23.94
170764,Active,541715,NA,NA,S,1,0,221656.1788,49.99,2010,55,13.5,26.09
170765,Active,161608,NA,NA,D,1,0,174741.1325,49.99,2007,47,5.33,20.96
170766,Active,1688616,NA,NA,S,1,0,580453.4288,39.99,2010,28,22.7,26.53
170767,Active,630508,NA,NA,S,1,0,50401.65,49.99,2013,23,29.92,29.62
170768,Active,3634640,NA,NA,S,1,0,7060.85,54.99,2015,23,34.08,34.08
170769,Active,161523,NA,NA,S,2,1,1336622.2,136,2007,27,15.95,77.76
170770,Active,148213,NA,NA,D,2,1,3011576.503,137.95,2003,30,4,16.36
170771,Active,244122,NA,NA,S,4,1,95730.76125,154.95,2011,62,17.64,75.12
170772,Active,148498,NA,NA,D,3,1,1427448.218,163.95,2007,43,4,6.47
170773,Active,1594787,NA,NA,D,0,0,796393.085,52,2008,37,8.09,17.2
170774,Active,1768108,NA,NA,S,2,1,724153.2663,64.99,2013,25,25.69,38.99
170775,Active,613206,NA,NA,D,1,0,594940.5238,39.99,2003,110,4,5.97
170776,Active,162843,NA,NA,S,1,0,17132.41875,44.99,2010,79,8.66,25.1
170777,Active,649558,NA,NA,S,1,0,8521.95875,49.99,2013,84,21.24,26.46
170778,Active,161609,NA,NA,D,1,0,277097.3713,39.99,2007,112,4,10.02
170779,Active,652352,NA,NA,S,2,1,52502.86875,39.99,2013,21,23.99,25.8
170780,Active,913366,NA,NA,D,2,1,1671195.621,89.95,2001,33,4,51.39
170781,Active,290192,NA,NA,S,3,1,248506.9013,68.95,2011,26,21.97,48.98
170782,Active,120612,NA,NA,D,3,1,1077096.638,37.97,2008,30,4,16.63
170783,Active,544084,NA,NA,S,1,0,15199.7225,49.99,2013,35,29.45,28.98
170784,Active,201202,NA,NA,S,1,0,867035.8913,49.99,2004,41,4,0
170785,Active,148497,NA,NA,D,3,1,1699812.046,108.95,2007,27,4,9.91
170786,Active,148214,NA,NA,D,2,1,4164430.625,119.95,2003,27,4,11.68
170787,Active,545857,NA,NA,S,2,1,349382.6413,25,2012,38,4.56,0
170788,Active,898810,NA,NA,S,2,1,97976.31125,45,2015,20,27.97,27.96
170789,Active,622243,NA,NA,S,2,1,267144.2963,42,2009,27,4,28.98
170790,Active,676808,NA,NA,S,1,0,636426.5288,24.99,2004,69,4,12.74
170791,Active,161640,NA,NA,S,1,0,572950.8825,29.99,2007,49,4,12.49
170792,Active,119316,NA,NA,D,10,1,35737.375,181.8,2012,162,7.94,34.94
170793,Active,51416,NA,NA,D,9,1,183910.4463,186.8,2010,117,4.03,18.94
170794,Active,51415,NA,NA,S,7,1,1736773.063,116.67,2006,80,4,6
170795,Active,149425,NA,NA,D,1,0,1834819.998,60,2008,21,6.39,44.99
170796,Active,131358,NA,NA,D,1,0,237854.7163,124.2,2001,55,4,39.43
170797,Active,593226,NA,NA,S,1,0,1069360.925,99.95,2011,43,4,74.01
170798,Active,912378,NA,NA,S,2,1,409201.5588,61.6,2013,37,17.71,48.49
170799,Active,202160,NA,NA,S,4,1,3168042.804,130.95,2000,47,4,12.85
170800,Active,243966,NA,NA,D,7,1,98761.6375,217.95,2011,55,25.98,51
170801,Active,715686,NA,NA,S,9,1,950343.1313,94.8,2011,19,27.09,281.59
170802,Active,183044,NA,NA,D,4,1,1196185.105,27.84,2004,33,4.42,13.99
170803,Active,875979,NA,NA,D,4,1,1783167.666,76.91,2006,39,6.55,66.84
170804,Active,183503,NA,NA,D,4,1,461872.5788,259.95,2005,65,4.42,43.79
170805,Active,52751,NA,NA,D,8,1,285502.2925,119.33,2005,141,4,8.99
170806,Active,3610168,NA,NA,S,2,1,10805329.95,44.95,1990,13,4.11,203
170807,Active,120347,NA,NA,D,9,1,18126.795,146,2008,126,6.1,29.92
170808,Active,260000,NA,NA,D,1,0,135345.52,82,2006,27,18.84,78.52
170809,Active,50415,NA,NA,D,11,1,736538.48,152.67,2008,50,4.49,11.88
170810,Active,132479,NA,NA,D,11,1,295315.3763,146,2008,252,4,13.64
170811,Active,51352,NA,NA,D,6,1,47221.14875,155,2010,102,5.42,28.39
170812,Active,51351,NA,NA,D,5,1,484869.7163,126.67,2006,144,4,9.48
170813,Active,699050,NA,NA,D,0,0,3120702.218,83.5,2008,16,8.99,52.05
170814,Active,108323,NA,NA,D,1,0,107243.76,75.55,2008,95,7.93,44.99
170815,Active,1726560,NA,NA,S,1,0,572890.7713,38.25,2014,15,59.35,28.04
170816,Active,2877888,NA,NA,S,2,1,631884.2638,35.95,1986,36,21.43,35.95
170817,Active,640346,NA,NA,S,5,1,2253638.464,101,2008,22,4.94,50.75
170818,Active,157854,NA,NA,S,0,0,429275.045,48.95,1997,39,18.49,37.93
170819,Active,3573444,NA,NA,D,0,0,5353653.8,149,1993,34,6.39,111.7
170820,Active,647049,NA,NA,S,8,1,79266.09,142.67,2012,40,27.33,36.08
170821,Active,53796,NA,NA,D,6,1,632107.5363,142.67,2006,119,4,12.99
170822,Active,53797,NA,NA,D,7,1,52140.53125,170.67,2009,202,4,23.73
170823,Active,287406,NA,NA,S,6,1,25310.66,140.95,2011,71,28.26,56.35
170824,Active,616986,NA,NA,D,1,0,465083.92,48,2000,44,4.67,14.18
170825,Active,647113,NA,NA,S,2,1,351442.6913,45,2012,23,19.69,28.07
170826,Active,270902,NA,NA,S,2,1,11419.92625,42,2010,76,23.79,25.23
170827,Active,161891,NA,NA,S,2,1,462434.6825,120,2007,46,9.27,37.86
170828,Active,530512,NA,NA,S,5,1,360090.1063,39.99,2012,66,4,50.57
170829,Active,145091,NA,NA,D,4,1,1809271.323,52.6,2005,16,8.06,68.35
170830,Active,539997,NA,NA,D,9,1,558512.0338,60.2,2011,26,15.82,151.28
170831,Active,131474,NA,NA,S,3,1,3288246.974,45.8,2001,26,4,45.4
170832,Active,546013,NA,NA,S,8,1,60091.515,25,2012,23,9.98,11.58
170833,Active,1935394,NA,NA,S,2,1,170314.875,65,2014,16,47.97,46.94
170834,Active,194008,NA,NA,S,2,1,384347.7113,85,2005,34,9.33,0
170835,Active,502030,NA,NA,D,2,1,978767.8838,74.95,1995,22,5.51,47.49
170836,Active,537874,NA,NA,S,5,1,682143.3625,13.83,2003,76,4,13.83
170837,Active,51735,NA,NA,D,7,1,97365.43125,23.99,2008,107,5.51,22.79
170838,Active,530509,NA,NA,S,7,1,306065.7863,101.25,2008,24,5.17,28.99
170839,Active,204010,NA,NA,S,0,0,340055.3563,94.95,2006,31,9.62,56.81
170840,Active,57355,NA,NA,D,6,1,130559.745,101.95,2006,80,4,20.89
170841,Active,204074,NA,NA,D,1,0,96880.95625,106.99,2011,98,6.97,10.95
170842,Active,204036,NA,NA,D,3,1,386823.3563,103.99,2010,65,6.24,12.63
170843,Active,545723,NA,NA,S,4,1,41392.05,110,2013,48,33.99,49.38
170844,Active,294196,NA,NA,D,2,1,722262.2675,94.95,2007,29,4.35,18.99
170845,Active,108863,NA,NA,D,5,1,583315.9925,32.51,2007,26,4.48,44.82
170846,Active,416598,NA,NA,D,6,1,262900.4313,78.99,2010,37,13.49,62.82
170847,Active,51734,NA,NA,D,6,1,251990.1375,49.29,2006,119,4,49.33
170848,Active,57357,NA,NA,D,7,1,52217.99125,119.99,2009,121,7.99,27.99
170849,Active,57354,NA,NA,S,5,1,693669.5925,74.95,2001,65,4,42.99
170850,Active,622446,NA,NA,S,3,1,554294.7525,96.99,2005,51,7.3,45.32
170851,Active,107944,NA,NA,D,5,1,2414308.726,117.75,2002,33,4,11.68
170852,Active,542967,NA,NA,D,5,1,3019675.926,59.99,2002,34,4.44,55.87
170853,Active,109255,NA,NA,D,6,1,578402.545,125.19,2006,61,4,33.98
170854,Active,194201,NA,NA,S,2,1,106478.6388,51,2011,58,19.72,24.01
170855,Active,530507,NA,NA,S,9,1,550531.9163,104.95,2010,22,49.46,102.47
170856,Active,704243,NA,NA,D,0,0,4998788.924,100.06,2003,18,9.74,99.27
170857,Active,285191,NA,NA,D,1,0,514136.0563,452.4,2003,20,7.97,90.99
170858,Active,530506,NA,NA,S,2,1,310318.8888,106,2007,54,12.7,72.14
170859,Active,235101,NA,NA,S,2,1,131234.4413,47.22,1999,21,16.33,47.22
170860,Active,635843,NA,NA,S,4,1,357056.6613,42.71,2011,29,22.94,27.69
170861,Active,625126,NA,NA,D,2,1,1851182.676,39.95,2002,19,9.12,33.96
170862,Active,662623,NA,NA,D,1,0,1622902.906,79.95,2008,12,80.77,53.99
170863,Active,540639,NA,NA,D,8,1,320110.8125,95.2,2012,36,17.75,32.93
170864,Active,530502,NA,NA,D,7,1,727206.6288,76.8,2009,31,4.93,43.99
170865,Active,2261780,NA,NA,D,7,1,3271115.76,73.42,2008,39,6.76,55.42
170866,Active,652359,NA,NA,S,6,1,283577.5838,40,2013,31,13.98,27.16
170867,Active,623900,NA,NA,S,3,1,384714.8188,62.8,2011,49,8.47,38.68
170868,Active,547703,NA,NA,S,7,1,678431.265,104.34,1989,25,4,62.78
170869,Active,121775,NA,NA,D,10,1,1988031.474,49,1998,24,4.49,28.99
170870,Active,286040,NA,NA,S,12,1,71401.30125,129.4,2004,51,33.94,52.15
170871,Active,114856,NA,NA,D,11,1,892301.6538,62,2001,30,4.12,42.99
170872,Active,538442,NA,NA,S,7,1,372278.795,42.99,2009,19,31.91,43.94
170873,Active,132627,NA,NA,S,2,1,362237.3788,95,2008,30,18.72,0
170874,Active,3485245,NA,NA,D,1,0,5843536.3,50,2001,18,4,36.85
170875,Active,393017,NA,NA,S,3,1,110340.32,59,2011,27,16.38,39.65
170876,Active,1488871,NA,NA,D,0,0,1545888.54,29.95,2008,24,4.45,23.34
170877,Active,1489081,NA,NA,S,2,1,1233143.199,44.95,2013,26,9.41,31.36
170878,Active,2051817,NA,NA,S,3,1,159249.1388,65,2014,17,41.98,44.73
170879,Active,721766,NA,NA,S,0,0,669371.1638,36.95,2005,38,9.81,9.72
170880,Active,649271,NA,NA,S,0,0,598614.9725,74,2003,32,18.59,33.48
170881,Active,2648692,NA,NA,S,2,1,668944.0288,44.95,1999,31,7.72,34.72
170882,Active,126702,NA,NA,S,2,1,32177.1,49.95,2004,25,34.92,51.23
170883,Active,592204,NA,NA,S,4,1,2389539.954,167.31,2006,18,13.92,93.82
170884,Active,592205,NA,NA,D,4,1,1213496.676,182.95,2005,71,4,21.81
170885,Active,545332,NA,NA,D,5,1,126807.8038,189.95,2010,66,12.97,59.56
170886,Active,3733752,NA,NA,S,0,0,163023,54.99,2016,11,44.06,38.11
170887,Active,131829,NA,NA,D,3,1,394260.5638,144,2004,93,4,6.68
170888,Active,2205779,NA,NA,S,0,0,83119.25,69.99,2015,33,31.85,33.51
170889,Active,869912,NA,NA,D,1,0,1733544.758,60.8,2001,18,4.09,7.96
170890,Active,288542,NA,NA,S,2,1,412908.8213,91.2,2005,40,13.59,63.38
170891,Active,637857,NA,NA,S,1,0,51562.025,85,2011,19,49.54,49.52
170892,Active,3603603,NA,NA,D,0,0,402097.95,53.95,2003,54,4.4,17.78
170893,Active,630478,NA,NA,S,1,0,53705.57,217.25,2013,66,62.44,97.97
170894,Active,53144,NA,NA,D,7,1,214224.0275,211.5,2010,55,6.04,43.42
170895,Active,53145,NA,NA,D,6,1,651893.5425,61.01,2007,35,27.65,124.32
170896,Active,537879,NA,NA,S,5,1,3008895.255,112.55,2004,28,4.53,27.97
170897,Active,53143,NA,NA,S,5,1,552033.3775,135.94,2004,38,4.58,22.97
170898,Active,880155,NA,NA,S,7,1,1096122.25,166.28,2010,13,47.8,166.28
170899,Active,54736,NA,NA,D,5,1,479666.2288,112.55,2004,75,4.13,47.97
170900,Active,54738,NA,NA,D,0,0,39140.0125,78.87,2010,65,10.64,52.19
170901,Active,550146,NA,NA,D,4,1,1313877.5,50.43,2005,25,5.24,46.29
170902,Active,54737,NA,NA,D,6,1,282374.3413,50.59,2007,74,4,24.53
170903,Active,416568,NA,NA,D,6,1,837226.5925,18.75,2007,65,4,9.89
170904,Active,919141,NA,NA,D,4,1,1617265.29,18.94,2005,42,3.97,10
170905,Active,921951,NA,NA,D,6,1,521372.6375,11.99,2008,36,4,14
170906,Active,111316,NA,NA,D,7,1,77921.98,121.99,2010,58,10.49,31.65
170907,Active,637793,NA,NA,D,3,1,95901.19875,160.06,2011,47,12.34,39.92
170908,Active,111675,NA,NA,S,3,1,897864.8688,154.25,2011,17,4.78,118.07
170909,Active,1441024,NA,NA,D,3,1,4182229.155,0,2007,13,6.52,33.43
170910,Active,111656,NA,NA,D,3,1,61748.96625,182.75,2011,78,6.03,70.15
170911,Active,111043,NA,NA,D,2,1,657810.945,22.02,2008,51,4,22.02
170912,Active,613902,NA,NA,S,2,1,1126680.889,94.75,2008,30,4.93,18.92
170913,Active,60960,NA,NA,D,2,1,892523.7713,65.95,2001,54,4,48.97
170914,Active,169362,NA,NA,S,3,1,39303.78375,142.95,2007,45,46.65,61.94
170915,Active,705778,NA,NA,S,2,1,296884.5425,68.68,2013,15,18.72,68.6
170916,Active,109841,NA,NA,S,1,0,50978,149.5,2011,36,18.09,63.98
170917,Active,110426,NA,NA,S,1,0,213632.2525,128.25,2011,46,4.95,48.99
170918,Active,417296,NA,NA,D,1,0,129965.4975,183,2012,27,15.34,72.99
170919,Active,416510,NA,NA,D,1,0,32658.89625,35.53,2012,102,8.63,28.53
170920,Active,615508,NA,NA,D,1,0,33405.04875,208.5,2011,138,5.42,14.56
170921,Active,705565,NA,NA,D,1,0,993010.94,98.94,2012,14,4,98.94
170922,Active,788014,NA,NA,S,4,1,8690181.43,110.95,1999,21,4.29,8.98
170923,Active,202399,NA,NA,D,3,1,1333105.164,191.95,2003,52,4,15.97
170924,Active,252064,NA,NA,D,4,1,304455.3538,181.95,2009,62,4.98,35.99
170925,Active,178127,NA,NA,S,2,1,909184.7875,225.95,2005,56,4,10.47
170926,Active,287487,NA,NA,D,1,0,1318353.799,85.4,2006,25,4,16.99
170927,Active,530498,NA,NA,D,2,1,118153.2475,122.2,2011,78,4.26,88.84
170928,Active,114172,NA,NA,D,2,1,612005.3613,86.67,2000,24,4.97,48.98
170929,Active,614659,NA,NA,S,0,0,27839.28,18.25,2005,70,4.43,17.34
170930,Active,614410,NA,NA,S,0,0,10747.86875,22.25,2007,75,4.49,19.74
170931,Active,52822,NA,NA,D,4,1,63860.8775,40.48,2010,69,8.68,33.99
170932,Active,52820,NA,NA,D,2,1,2188179.03,10.89,2004,39,4,10.89
170933,Active,52821,NA,NA,D,3,1,903841.4125,18.99,2007,70,4,11.98
170934,Active,201795,NA,NA,S,2,1,1556435.939,59.95,2014,26,4.51,41.46
170935,Active,530497,NA,NA,S,3,1,1791751.398,233.4,2006,75,4,4.9
170936,Active,660675,NA,NA,D,4,1,1156777.893,150.13,2013,28,5.49,47.52
170937,Active,633698,NA,NA,D,4,1,421553.6438,226.4,2013,119,4,24.99
170938,Active,176460,NA,NA,S,3,1,871632.1125,87.95,2006,45,4.83,88.73
170939,Active,169845,NA,NA,S,3,1,520672.955,180.95,2008,52,11.91,69.2
170940,Active,132406,NA,NA,S,2,1,115266.7525,60.2,2008,32,22.68,34.4
170941,Active,533641,NA,NA,S,6,1,48646.82,163,2012,61,46.99,93.88
170942,Active,52873,NA,NA,D,5,1,350391.5275,10.94,2008,71,4,6.99
170943,Active,52872,NA,NA,D,4,1,1595482.703,11.09,2004,61,4,55.64
170944,Active,628415,NA,NA,S,0,0,327133.7725,44.95,2002,32,12.56,40.7
170945,Active,880030,NA,NA,S,3,1,144116.445,125,2012,29,27.71,63.99
170946,Active,610438,NA,NA,D,3,1,12977.71,166.75,2012,129,15.63,53.97
170947,Active,55257,NA,NA,D,2,1,191711.5175,43.02,2009,128,4,24.04
170948,Active,798159,NA,NA,S,0,0,44367.25,69.95,2012,12,10.64,52.17
170949,Active,54275,NA,NA,D,4,1,48882.8975,31.99,2006,117,4.81,41.99
170950,Active,54274,NA,NA,D,3,1,879864.1838,12.04,2004,55,4,10.96
170951,Active,108165,NA,NA,D,3,1,456579.5538,65.35,2004,93,4,13.96
170952,Active,542736,NA,NA,S,3,1,703872.0138,49.95,2013,26,33.46,37.26
170953,Active,630427,NA,NA,D,1,0,544165.9113,130.99,1983,35,43.96,80
170954,Active,530495,NA,NA,S,6,1,1803659.998,198.95,2002,37,4.48,5.57
170955,Active,647533,NA,NA,S,2,1,1572884.965,205,2000,16,29.92,97.94
170956,Active,172402,NA,NA,S,1,0,109580.8488,110,2002,37,25.49,67.88
170957,Active,867272,NA,NA,S,3,1,901411.2863,293.95,1994,27,10.71,88.97
170958,Active,627067,NA,NA,S,2,1,1381288.646,185.95,1992,30,6.17,93.25
170959,Active,530494,NA,NA,S,10,1,282177.3363,152.4,2006,46,4.98,82.49
170960,Active,131312,NA,NA,S,8,1,1635414.491,102,2000,29,4,23.99
170961,Active,872359,NA,NA,S,5,1,1724012.544,102.95,1988,40,4,39.95
170962,Active,110812,NA,NA,D,7,1,357745.4663,43.99,2000,42,11.48,58.5
170963,Active,2610019,NA,NA,S,2,1,168661.4538,49.99,1999,29,15.22,43.47
170964,Active,867985,NA,NA,D,0,0,1098611.945,63,1988,26,4.12,46.76
170965,Active,55343,NA,NA,D,5,1,40228.21,352.95,2010,107,12.27,81.77
170966,Active,692346,NA,NA,S,3,1,1170469.089,94.95,2001,40,4.58,9.82
170967,Active,55344,NA,NA,D,4,1,586797.8938,373.95,2005,89,4.17,45.46
170968,Active,184634,NA,NA,S,2,1,460911.1213,83,1998,29,20.28,67.07
170969,Active,55342,NA,NA,S,3,1,994132.0125,147.95,2001,33,4,43.88
170970,Active,191753,NA,NA,S,3,1,260130.8275,233.23,2006,27,24.3,63.99
170971,Active,176640,NA,NA,S,4,1,3934234.364,104.95,1996,29,4,19.1
170972,Active,872106,NA,NA,D,6,1,1436225.249,142.91,2005,43,8.73,107.76
170973,Active,60370,NA,NA,D,5,1,892797.1525,131.95,2001,50,4,28.73
170974,Active,169892,NA,NA,D,9,1,216236.9525,292.95,2008,37,13.29,51.74
170975,Active,178088,NA,NA,D,6,1,171247.6325,250.95,2005,44,5.96,43.94
170976,Active,60371,NA,NA,D,8,1,808493.4,176.95,2004,44,4,36.05
170977,Active,560230,NA,NA,S,5,1,6163918.756,61,1994,19,4.61,12.22
170978,Active,607677,NA,NA,D,7,1,562840.2975,96.6,2001,52,4,4.99
170979,Active,620949,NA,NA,S,3,1,463715.3188,67.4,1994,23,13.11,53.14
170980,Active,164584,NA,NA,D,1,0,1583957.3,150,2000,18,19.08,73.99
170981,Active,626334,NA,NA,S,10,1,134139.8,86.2,2008,47,8.84,43.31
170982,Active,2836543,NA,NA,S,4,1,301765.1063,189.95,1993,23,4,47.07
170983,Active,117194,NA,NA,D,8,1,785905.935,58.4,2006,16,5.61,34.95
170984,Active,910671,NA,NA,D,0,0,4812799.269,61.4,2002,17,4,29.7
170985,Active,101218,NA,NA,D,1,0,710982.09,102.95,1999,22,4,62.81
170986,Active,908681,NA,NA,D,9,1,3452189.946,49,2000,19,4,40.99
170987,Active,114668,NA,NA,S,10,1,1761733.123,59.6,2002,20,5.44,38.51
170988,Active,117193,NA,NA,D,8,1,3388580.831,58.4,2006,18,4.21,16.98
170989,Active,882581,NA,NA,D,6,1,7324292.851,49,1999,13,4,22.39
170990,Active,631612,NA,NA,S,9,1,138695.5213,92.8,2009,26,36.39,0
170991,Active,539638,NA,NA,S,4,1,4462040.205,41,1999,24,4,43.99
170992,Active,116853,NA,NA,S,9,1,166834.8875,130.2,2006,66,5.98,51.48
170993,Active,169838,NA,NA,S,2,1,337179.2175,217.95,2009,41,8.98,58.99
170994,Active,534082,NA,NA,S,8,1,3542175.524,82.4,2001,25,5.47,34.75
170995,Active,169543,NA,NA,D,5,1,198899.5588,212.95,2006,33,11.37,55.03
170996,Active,764424,NA,NA,D,4,1,2498416.629,92.95,2003,20,4.1,56.71
170997,Active,638834,NA,NA,S,2,1,1078403.305,157.95,2013,16,13.54,28.63
170998,Active,113314,NA,NA,S,2,1,311238.5838,112,2003,32,46.97,62.53
170999,Active,872175,NA,NA,S,7,1,344385.01,106.75,2003,19,15.09,101.84
171000,Active,60374,NA,NA,D,7,1,114827.115,42.99,2002,42,6.04,47.47
171001,Active,434959,NA,NA,D,10,1,583811.315,138.6,2010,35,6.47,33.98
171002,Active,212400,NA,NA,D,9,1,1432988.538,107,2007,24,4,56.33
171003,Active,285095,NA,NA,S,2,1,704370.45,116.73,1999,45,4,43.67
171004,Active,2570018,NA,NA,S,2,1,3010898.261,183,1990,16,17.94,52.99
171005,Active,266897,NA,NA,S,2,1,2274373.64,59.99,2006,25,4.57,4.58
171006,Active,905292,NA,NA,S,0,0,1686812.031,27,2005,34,4,13.99
171007,Active,629896,NA,NA,D,0,0,1956395.503,49.99,2007,19,11.97,26.56
171008,Active,530488,NA,NA,D,2,1,620377.4663,59.99,2010,27,20.87,35.31
171009,Active,266879,NA,NA,D,0,0,1603733.458,49.99,2005,47,4,12.36
171010,Active,912467,NA,NA,S,4,1,884871.125,52,2005,24,17.83,72.72
171011,Active,222310,NA,NA,S,2,1,150266.4775,80,2009,37,22.04,59.15
171012,Active,3263316,NA,NA,D,1,0,2301841.595,77.39,1998,40,6.33,61.61
171013,Active,295844,NA,NA,D,1,0,1669894.853,55,1998,33,4,39.04
171014,Active,913582,NA,NA,D,1,0,1278135.964,55.95,1999,20,4,18.7
171015,Active,127043,NA,NA,D,1,0,776627.945,39.95,2006,25,12.09,15.99
171016,Active,321064,NA,NA,S,2,1,60877.32625,67,2012,71,36.64,36.89
171017,Active,127250,NA,NA,S,1,0,243050.495,80.95,2000,69,23.19,64.34
171018,Active,566504,NA,NA,S,2,1,2919811.789,49,2001,33,4.35,49.65
171019,Active,658021,NA,NA,S,4,1,38113.545,160,2013,91,32.01,59.99
171020,Active,161431,NA,NA,D,3,1,624879.3188,52.23,2007,54,5.17,25.98
171021,Active,530486,NA,NA,S,2,1,478828.5863,31,2009,56,4,16.98
171022,Active,173849,NA,NA,S,2,1,569560.4738,34.99,2004,26,4.43,28.97
171023,Active,2899450,NA,NA,D,0,0,1575486.31,76,1992,18,20.91,87.46
171024,Active,271079,NA,NA,S,1,0,6479.325,44,2010,65,26.04,30.93
171025,Active,608298,NA,NA,S,4,1,287155.0063,203.95,2003,72,4,45.85
171026,Active,613467,NA,NA,D,1,0,71085.1375,149.95,2011,166,4,33.99
171027,Active,612163,NA,NA,S,1,0,35409.3225,151.95,2013,52,24.14,120.08
171028,Active,758373,NA,NA,D,1,0,867811.9063,146,2003,17,8.93,97.11
171029,Active,208402,NA,NA,S,0,0,363587.2675,34.99,2007,45,19.89,32.88
171030,Active,259045,NA,NA,S,0,0,1069802.605,34.95,2008,28,6.76,83.3
171031,Active,606854,NA,NA,S,4,1,831250.1075,123.55,2005,45,4.13,12.99
171032,Active,416578,NA,NA,S,5,1,913149.6175,83.48,2007,32,7.09,79.24
171033,Active,107584,NA,NA,S,3,1,1331725.419,105.44,2003,42,4,24.98
171034,Active,111239,NA,NA,D,6,1,49327.91875,294.01,2010,64,11.93,63.94
171035,Active,108698,NA,NA,D,5,1,679204.4738,1,2007,67,4.8,23.49
171036,Active,116666,NA,NA,D,10,1,2104325.183,84.6,2004,27,3.99,65.23
171037,Active,118451,NA,NA,D,11,1,424276.1613,103,2007,50,4,43.98
171038,Active,115352,NA,NA,D,9,1,4033733.604,67,2002,30,4.28,27.99
171039,Active,2258989,NA,NA,S,2,1,979461.0138,0,2009,34,7.95,42.58
171040,Active,877272,NA,NA,D,4,1,528884.79,25.89,2007,46,5.97,25.87
171041,Active,56126,NA,NA,D,3,1,1595796.614,6.97,2005,66,4,8.52
171042,Active,56123,NA,NA,S,5,1,175126.96,233.5,2011,84,9.28,40.1
171043,Active,2265599,NA,NA,S,5,1,513883.45,70.42,1900,31,12.63,59.4
171044,Active,56129,NA,NA,D,4,1,678171.06,19.77,2007,75,4.13,19.77
171045,Active,200159,NA,NA,S,2,1,342057.1425,105.95,2005,46,4,36.47
171046,Active,617333,NA,NA,D,1,0,1033922.156,90.95,2010,46,4.76,18.26
171047,Active,3514398,NA,NA,D,0,0,6478058.65,60.95,1996,16,33.98,33.99
171048,Active,662959,NA,NA,S,2,1,770409.185,59.95,2007,16,50.94,59.95
171049,Active,177322,NA,NA,D,1,0,316534.5763,151.95,2004,72,4,9.28
171050,Active,224704,NA,NA,S,2,1,63437.28125,151.95,2010,47,41.24,62.04
171051,Active,543366,NA,NA,D,5,1,164231.3238,95.95,2011,70,4.22,24.7
171052,Active,572270,NA,NA,D,4,1,1251540.566,9.79,2007,59,4,9.72
171053,Active,111362,NA,NA,S,6,1,1384214.249,111.5,2009,30,4.99,62.91
171054,Active,111372,NA,NA,S,6,1,1358710.599,111.5,2009,18,9.6,81.34
171055,Active,174317,NA,NA,D,0,0,1549341.31,49,2005,32,5.99,25.8
171056,Active,172654,NA,NA,S,2,1,363567.4138,54.99,2011,38,4.63,46.84
171057,Active,1658125,NA,NA,D,2,1,2755158.034,69.41,2009,21,4,33.95
171058,Active,1659033,NA,NA,S,3,1,714188.0313,71.4,2012,29,4.94,60.62
171059,Active,867514,NA,NA,S,0,0,1443423.668,67.95,2013,12,8.06,0
171060,Active,243841,NA,NA,S,1,0,1003034.185,84.95,2010,45,4,36.5
171061,Active,544340,NA,NA,S,1,0,626613.7525,80.95,2012,33,8.33,18.99
171062,Active,871900,NA,NA,D,1,0,3649324.555,128.95,1996,28,4.48,14.1
171063,Active,609488,NA,NA,D,3,1,1218628.226,194.95,2005,27,11.15,43.98
171064,Active,3803105,NA,NA,S,3,1,2019406.35,65,2012,31,16.94,61.33
171065,Active,559928,NA,NA,S,1,0,20379.425,114,2012,42,48.9,88.04
171066,Active,559929,NA,NA,S,1,0,26354.04375,114,2012,74,27.84,73.98
171067,Active,487300,NA,NA,D,1,0,185071.3338,81.95,2010,33,14.44,20.81
171068,Active,231598,NA,NA,S,4,1,1102294.614,27.95,2005,53,4,15.99
171069,Active,296726,NA,NA,S,5,1,306909.1375,32.95,2010,45,6.48,18.58
171070,Active,633770,NA,NA,S,6,1,92588.61625,43.25,2013,46,13.99,27.57
171071,Active,243981,NA,NA,D,4,1,98144.5225,225.95,2011,77,9.93,65.53
171072,Active,169419,NA,NA,S,3,1,349922.455,238.95,2007,46,13.67,63.99
171073,Active,52279,NA,NA,S,1,0,562737.7513,122.95,2002,49,4.56,14.06
171074,Active,708689,NA,NA,S,4,1,867532.5625,117.25,2007,42,5,60.44
171075,Active,52280,NA,NA,D,3,1,233417.6263,243.95,2007,149,4,8
171076,Active,52281,NA,NA,D,2,1,644280.9875,164.95,2004,61,4.73,21.74
171077,Active,132970,NA,NA,D,2,1,167101.62,138.8,2009,71,4,22.97
171078,Active,875251,NA,NA,S,3,1,491279.3788,124.67,2012,27,30.38,108.92
171079,Active,118598,NA,NA,D,1,0,936223.8238,107.6,2007,61,4,13.88
171080,Active,235134,NA,NA,D,1,0,304583.2325,86.94,2011,39,5.94,31.63
171081,Active,530480,NA,NA,S,3,1,1435876.06,54.95,2012,23,8.57,32.99
171082,Active,869502,NA,NA,S,2,1,596145.9513,0,2013,28,17.41,1803.99
171083,Active,637543,NA,NA,S,1,0,160009.3775,150,2013,54,5.65,44.31
171084,Active,55255,NA,NA,D,4,1,66897.3475,153.25,2008,67,7.98,25.98
171085,Active,55254,NA,NA,D,3,1,736262.085,0,2004,66,4,27.9
171086,Active,114605,NA,NA,S,2,1,202297.84,111.6,2003,38,13.74,54.53
171087,Active,616474,NA,NA,D,3,1,660609.715,91.2,2003,34,3.98,18.99
171088,Active,53538,NA,NA,D,5,1,125738.4088,131.8,2008,83,5.97,13.36
171089,Active,53537,NA,NA,D,4,1,1244749.313,11.62,2007,45,4,13.44
171090,Active,190428,NA,NA,S,3,1,1226022.215,40.79,1996,58,3.78,13.51
171091,Active,131646,NA,NA,D,1,0,581177.8188,163.8,2002,91,11.48,46.28
171092,Active,268227,NA,NA,D,2,1,2475132.469,64.95,2008,23,4.17,22.57
171093,Active,898246,NA,NA,D,0,0,6757195.353,68.95,2003,12,6.87,28.99
171094,Active,509650,NA,NA,S,2,1,6551.6425,65,2005,49,30.99,41.65
171095,Active,586656,NA,NA,D,1,0,421838.7338,92.95,1998,105,5.49,32.98
171096,Active,612611,NA,NA,S,0,0,22709.625,39,2013,23,27.54,28.99
171097,Active,620824,NA,NA,S,2,1,10760.48875,65,2008,67,25.99,39.84
171098,Active,620318,NA,NA,S,2,1,11706.10125,85,2007,80,32.8,51.98
171099,Active,278692,NA,NA,D,0,0,594974.7613,65,2000,114,4.05,18.62
171100,Active,918531,NA,NA,S,2,1,56328.06,59.99,2004,37,33.97,48.79
171101,Active,641116,NA,NA,S,1,0,1067226.686,122.95,2007,25,4.97,43.02
171102,Active,249866,NA,NA,S,2,1,457662.17,119.95,2005,36,3.99,34.55
171103,Active,904638,NA,NA,D,0,0,1626473.584,14,2003,16,6.56,14
171104,Active,266969,NA,NA,D,10,1,925952.2775,70,2007,35,4,11.68
171105,Active,2364703,NA,NA,S,2,1,1018150.306,125.27,2001,39,4.49,43.68
171106,Active,254083,NA,NA,D,5,1,820038.1013,403.95,2010,57,6.23,66.98
171107,Active,530473,NA,NA,S,6,1,164982.53,366.95,2012,31,5.49,112.52
171108,Active,60375,NA,NA,D,4,1,1530607.873,316.95,2007,48,4.24,36.87
171109,Active,607665,NA,NA,S,2,1,3402224.729,79.8,2000,32,4,9.31
171110,Active,530472,NA,NA,D,3,1,305750.6175,94.95,2012,49,9.76,30.65
171111,Active,2795740,NA,NA,D,0,0,11780273.91,22,1999,9,3.99,28.97
171112,Active,115367,NA,NA,S,2,1,1042210.096,65.8,2002,28,17.95,58.46
171113,Active,113051,NA,NA,D,1,0,2396324.536,62.95,2006,28,4,19.35
171114,Active,113166,NA,NA,D,2,1,1074768.204,89.95,2009,25,4.9,16.76
171115,Active,110583,NA,NA,S,1,0,81826.28375,192.25,2009,64,31.71,82
171116,Active,127475,NA,NA,D,2,1,396459.7588,49.95,2008,39,4,38.43
171117,Active,278551,NA,NA,D,0,0,3010913.69,44.95,2003,24,4,5.99
171118,Active,530471,NA,NA,S,3,1,32854.01,65.95,2012,49,33.99,50.48
171119,Active,164888,NA,NA,S,2,1,356704.8513,187.5,2001,42,4.88,43.98
171120,Active,1440582,NA,NA,S,3,1,1196576.964,161.25,2012,21,5.62,118.16
171121,Active,416661,NA,NA,D,3,1,28015.1875,118.28,2012,178,7.3,27.8
171122,Active,52823,NA,NA,D,2,1,330981.0538,56.45,2009,94,4.97,55.51
171123,Active,285386,NA,NA,D,2,1,242081.0363,137.4,2009,36,8.41,51.99
171124,Active,249908,NA,NA,S,1,0,2183253.813,95.95,2007,42,4,7.96
171125,Active,621888,NA,NA,S,1,0,376887.5775,61.95,2012,28,17.7,41.21
171126,Active,766298,NA,NA,D,1,0,886639.6288,115.95,2008,41,6.27,9.75
171127,Active,533323,NA,NA,D,13,1,126374.385,97.2,2011,87,4,13.87
171128,Active,57057,NA,NA,S,10,1,2263449.145,64.33,2003,65,4,10.25
171129,Active,57054,NA,NA,D,12,1,1026305.38,73.33,2009,96,4,19.91
171130,Active,544034,NA,NA,S,3,1,10133.22875,65,2013,81,23.47,34.95
171131,Active,880080,NA,NA,S,3,1,60196.49875,137.33,2013,54,53.99,94.29
171132,Active,619780,NA,NA,S,2,1,375665.8963,112.67,2010,51,7.19,22
171133,Active,880071,NA,NA,D,2,1,554388.315,77.09,2010,37,10.2,52.62
171134,Active,54705,NA,NA,D,1,0,171297.6513,131.8,2007,167,4,28.99
171135,Active,54706,NA,NA,D,2,1,12253.57,181.4,2010,210,7.76,42.97
171136,Active,52940,NA,NA,S,5,1,37350.25375,139,2011,54,52.3,103.78
171137,Active,52941,NA,NA,D,4,1,116745.3913,101.33,2008,54,4,47.27
171138,Active,52942,NA,NA,D,3,1,347777.9088,88,2006,58,4,33.99
171139,Active,144579,NA,NA,S,2,1,3003238.301,78.2,2003,42,4,4.41
171140,Active,1684593,NA,NA,S,0,0,674832.3875,77.97,2006,26,7.88,33.99
171141,Active,530467,NA,NA,D,5,1,723236.2563,301.95,2010,22,13.99,73.29
171142,Active,587691,NA,NA,D,6,1,378702.9838,274.95,2012,30,18.37,69.42
171143,Active,610079,NA,NA,D,4,1,48876.71,111.25,2013,38,48.99,98.12
171144,Active,163361,NA,NA,D,3,1,75824.3925,52.35,2011,148,4,39.18
171145,Active,162269,NA,NA,D,2,1,815456.3075,18.99,2009,116,4,18.99
171146,Active,148638,NA,NA,D,10,1,184998.5038,259.95,2009,35,5.26,90.37
171147,Active,53907,NA,NA,D,10,1,57291.45875,404.95,2009,40,14.48,62.79
171148,Active,53905,NA,NA,D,8,1,1989340.529,190.95,2002,46,4,11.98
171149,Active,2258968,NA,NA,S,10,1,330266.2138,127.78,2009,22,17.81,94.54
171150,Active,876780,NA,NA,S,2,1,373543.2288,116.8,2014,28,66.94,85.19
171151,Active,133014,NA,NA,D,1,0,246601.86,160.8,2011,85,8.98,43.99
171152,Active,904315,NA,NA,D,2,1,2061844.55,98.3,2005,24,6.84,98.3
171153,Active,287544,NA,NA,D,2,1,866409.7,30.8,2005,42,4,53.49
171154,Active,610385,NA,NA,S,9,1,3430.67375,90.95,2013,62,48.43,61.4
171155,Active,54290,NA,NA,D,7,1,184394.7288,74.95,2008,252,4,14
171156,Active,146938,NA,NA,S,5,1,2111892.818,54.95,2002,117,3.75,4.76
171157,Active,54291,NA,NA,D,8,1,35912.33,86.95,2011,262,5.36,23.77
171158,Active,530466,NA,NA,D,6,1,469618.13,274.95,2012,33,36.85,89.79
171159,Active,254087,NA,NA,D,5,1,464689.94,301.95,2010,28,4,84.23
171160,Active,624646,NA,NA,S,1,0,41908.32375,150,2013,126,5.17,53.97
171161,Active,118838,NA,NA,S,1,0,1458473.641,154.33,2007,46,4.97,41.96
171162,Active,53517,NA,NA,S,0,0,1323501.61,118,2007,106,4,6.23
171163,Active,120186,NA,NA,S,1,0,440319.7725,193,2010,106,4,27.98
171164,Active,537835,NA,NA,S,0,0,412020.935,193.8,2012,158,4.14,14.99
171165,Active,537834,NA,NA,S,0,0,157566.9863,157.33,2010,95,4,18.5
171166,Active,120123,NA,NA,S,3,1,709824.54,154.2,2009,121,4.6,13.99
171167,Active,610410,NA,NA,S,0,0,4945.90125,193.8,2013,195,6.14,31.34
171168,Active,1453122,NA,NA,S,1,0,152677.65,195.2,2013,43,28.74,33.94
171169,Active,120204,NA,NA,S,1,0,271514.4713,145.6,2010,76,4,12.85
171170,Active,118237,NA,NA,S,1,0,71713.775,102.4,2010,97,4,9.99
171171,Active,120260,NA,NA,S,2,1,1288097.344,122,2009,53,4,23.99
171172,Active,551377,NA,NA,D,2,1,491963.7825,121.5,2007,94,4.65,53.98
171173,Active,538951,NA,NA,S,3,1,84552.4275,107.25,2008,44,12.53,40.99
171174,Active,708809,NA,NA,S,2,1,446421.14,99.25,2007,18,12.96,17.98
171175,Active,127427,NA,NA,D,3,1,576266.2563,59.95,2009,50,4,38.96
171176,Active,873582,NA,NA,S,5,1,5075.49,64.95,2014,73,32.75,50.43
171177,Active,129476,NA,NA,D,4,1,27776.58375,64.95,2011,107,5.34,25.78
171178,Active,287116,NA,NA,D,1,0,193982.2563,56.95,2008,22,12.79,0
171179,Active,487305,NA,NA,S,2,1,26528.56875,71.98,2010,47,23.99,63.94
171180,Active,235126,NA,NA,D,1,0,849752.3038,44.95,2006,22,14.63,21.83
171181,Active,553455,NA,NA,S,3,1,660340.975,90.85,1999,50,5.39,18.92
171182,Active,3469021,NA,NA,D,1,0,3742691.75,0,2001,39,4,35.98
171183,Active,252695,NA,NA,D,8,1,38257.58875,153.33,2009,403,5.52,16.4
171184,Active,50043,NA,NA,S,6,1,870651,11.64,2004,200,4,11.64
171185,Active,860767,NA,NA,S,9,1,355123.1138,73.99,2012,32,28.73,153.35
171186,Active,53824,NA,NA,D,8,1,51267.22625,67.61,2010,166,4,19.94
171187,Active,1956568,NA,NA,S,9,1,41775.125,114,2014,26,47.99,72.99
171188,Active,1956567,NA,NA,S,9,1,47931.65875,114,2014,55,17.76,81.99
171189,Active,530463,NA,NA,S,2,1,2670241.705,125,2009,18,5.98,48.05
171190,Active,403107,NA,NA,S,3,1,150208.6475,40.8,2007,33,22.95,26.17
171191,Active,2617633,NA,NA,S,2,1,158057.7725,222.95,1988,44,4.94,86.69
171192,Active,2379538,NA,NA,S,4,1,3051087.601,41,1996,20,4.05,15.99
171193,Active,118014,NA,NA,D,6,1,580327.5413,99.6,2005,85,4,8.99
171194,Active,127189,NA,NA,S,1,0,300002.8238,59.95,2007,48,33.99,51.44
171195,Active,115530,NA,NA,D,5,1,1012271.018,81.2,2002,48,3.99,4.65
171196,Active,354746,NA,NA,D,1,0,561454.0925,89.95,2004,41,4,42.99
171197,Active,115408,NA,NA,S,1,0,62415.475,116.6,2008,42,27.36,92.01
171198,Active,245142,NA,NA,S,4,1,653389.6263,186.95,2004,33,13.05,89.35
171199,Active,117782,NA,NA,D,5,1,597934.6425,100.8,2006,36,4,59.31
171200,Active,714330,NA,NA,D,4,1,874754.7575,89.8,2002,23,4,12.18
171201,Active,530461,NA,NA,S,3,1,716752.9175,84,2009,64,6.98,15.75
171202,Active,132706,NA,NA,S,4,1,144256.4125,59.2,2008,45,8.92,41.98
171203,Active,533436,NA,NA,S,4,1,2279905.198,66.52,2006,48,4,57.07
171204,Active,55252,NA,NA,D,4,1,1880708.296,96.25,2006,64,4,13.94
171205,Active,55251,NA,NA,D,5,1,396938.5038,17.25,2008,75,4,15.05
171206,Active,2271276,NA,NA,S,6,1,374235.67,104.84,1900,35,41.96,72.46
171207,Active,55253,NA,NA,D,6,1,59246.97375,41.99,2011,113,12.99,63.94
171208,Active,1891544,NA,NA,S,3,1,773893.5488,49.95,2013,30,32.21,36.44
171209,Active,3014554,NA,NA,D,2,1,456128.0788,39.95,2002,42,4,22.49
171210,Active,2934671,NA,NA,D,0,0,8084064.45,0,1900,4,10.32,49.93
171211,Active,622062,NA,NA,S,1,0,136785.5825,92.95,2004,48,17.26,0
171212,Active,901672,NA,NA,D,2,1,5193160.604,95,2003,25,4.97,56.86
171213,Active,865291,NA,NA,S,3,1,365168.2875,84,2008,27,4.3,53.15
171214,Active,713608,NA,NA,S,5,1,7205525.308,99,1999,51,4,50.79
171215,Active,621354,NA,NA,D,1,0,344151.45,32.99,2009,33,4,28.93
171216,Active,870442,NA,NA,D,0,0,798542.8213,19.99,2007,41,4,45.54
171217,Active,619961,NA,NA,S,2,1,162099.095,125,2013,41,34.14,50.55
171218,Active,200263,NA,NA,S,3,1,2616555.344,105.95,2006,23,7.93,22.86
171219,Active,623782,NA,NA,D,5,1,84410.16875,107.95,2013,60,9.32,34.88
171220,Active,293822,NA,NA,S,2,1,4747528.419,81.95,2004,20,3.9,5.3
171221,Active,200543,NA,NA,D,4,1,400928.3388,177.95,2010,50,4.83,18.98
171222,Active,200214,NA,NA,D,3,1,681897.4025,157.95,2006,60,4.76,9.6
171223,Active,530460,NA,NA,S,3,1,72665.21125,111.95,2012,59,30.94,61.51
171224,Active,245029,NA,NA,D,0,0,3583899.119,8.9,2004,16,3.99,8.9
171225,Active,249842,NA,NA,D,2,1,370825.1613,117.95,2007,106,4,32.99
171226,Active,1588601,NA,NA,S,2,1,888877.695,49.99,2008,23,19.44,34.96
171227,Active,120256,NA,NA,D,2,1,81207.50875,122.6,2011,103,4.55,33.94
171228,Active,715242,NA,NA,D,1,0,474926.8488,124.6,2007,58,4,8.99
171229,Active,113876,NA,NA,D,5,1,716124.0888,63.4,2000,38,4,5.94
171230,Active,132733,NA,NA,S,7,1,163862.425,88.2,2009,39,29.53,71.38
171231,Active,60377,NA,NA,D,6,1,370717.955,78.2,2006,28,4,18.96
171232,Active,3263773,NA,NA,D,1,0,517102.2688,20.35,2005,34,7.01,22.05
171233,Active,551642,NA,NA,D,1,0,609856.2488,140.4,2006,53,4,13.98
171234,Active,575953,NA,NA,S,2,1,77210.1375,89.73,2010,30,19.93,30.52
171235,Active,647340,NA,NA,S,2,1,115791.2125,89.73,2010,18,8.99,33.99
171236,Active,2599791,NA,NA,D,0,0,2722951.264,62.99,1995,25,4,32.2
171237,Active,627618,NA,NA,S,2,1,405613.6063,99.75,2004,38,14.24,38.49
171238,Active,2091752,NA,NA,S,4,1,538089.3575,59.95,2010,27,22.76,69.94
171239,Active,249777,NA,NA,S,1,0,586050.3463,122.95,2007,27,4.98,42.08
171240,Active,167215,NA,NA,S,3,1,61023.41,70,2010,43,26.79,41.01
171241,Active,54172,NA,NA,D,2,1,125389.0513,28.8,2009,99,4.41,31.85
171242,Active,537650,NA,NA,S,3,1,30359.45375,146,2012,80,18.79,52.86
171243,Active,54173,NA,NA,D,1,0,747392.4363,14.49,2007,56,4,14.46
171244,Active,110744,NA,NA,D,1,0,2661780.353,7.99,2007,41,4.13,7.99
171245,Active,533520,NA,NA,D,2,1,889013.7788,11.98,2009,80,4,11.98
171246,Active,421723,NA,NA,D,3,1,129255.9413,139.4,2007,46,4,27.14
171247,Active,285938,NA,NA,D,2,1,2692368.271,78.67,2003,30,4.39,7.99
171248,Active,646459,NA,NA,D,1,0,399482.2938,86.94,2009,26,5.89,87.1
171249,Active,655806,NA,NA,S,1,0,157892.5563,106.8,2013,47,7.33,34.99
171250,Active,635533,NA,NA,S,1,0,7780.875,150,2013,119,19.49,76.97
171251,Active,635964,NA,NA,S,1,0,81638.48625,106.8,2013,33,11.06,11.64
171252,Active,103387,NA,NA,S,0,0,51314.035,15.99,2010,163,4,8.32
171253,Active,295467,NA,NA,D,4,1,344684.8488,85,2002,27,4.35,49.86
171254,Active,3142539,NA,NA,S,0,0,44950.275,63.1,2005,22,20.98,48.9
171255,Active,660947,NA,NA,S,2,1,38045.9,40.95,2012,17,31.72,31.74
171256,Active,693084,NA,NA,S,1,0,91846.175,64.2,2008,42,4.44,46.24
171257,Active,693004,NA,NA,S,0,0,528449.645,88.25,2007,55,4,15.94
171258,Active,695044,NA,NA,S,1,0,224843.9,84.1,2006,86,4,13.99
171259,Active,614714,NA,NA,S,0,0,26234,80.1,2008,78,5.67,36.93
171260,Active,693094,NA,NA,S,0,0,57603.05,80.1,2008,79,5.14,63.59
171261,Active,2593932,NA,NA,S,0,0,918650.0675,59.99,1985,41,6,33
171262,Active,2383135,NA,NA,S,2,1,219103.8588,31.33,1995,37,17.57,20.93
171263,Active,621696,NA,NA,S,3,1,1445815.328,141.07,2012,21,26.96,141.07
171264,Active,873630,NA,NA,D,2,1,1816483.199,110,2008,68,3.99,8.75
171265,Active,3077415,NA,NA,D,3,1,3266867.631,92,2005,12,4,48.33
171266,Active,530455,NA,NA,D,4,1,2369779.193,137,2009,13,49.99,135.88
171267,Active,663012,NA,NA,D,1,0,476321.8613,99.95,2005,20,60.9,69.44
171268,Active,907020,NA,NA,D,1,0,1008114.489,72.95,2003,22,4,47.78
171269,Active,778597,NA,NA,S,2,1,590708.5425,112.95,2008,28,39.08,79.9
171270,Active,617375,NA,NA,S,2,1,29764.925,32.95,2009,56,6.15,13.72
171271,Active,281075,NA,NA,D,1,0,2632118.089,89.95,2001,15,10.5,10.49
171272,Active,199599,NA,NA,D,1,0,1608025.271,46.95,2005,27,4.21,14.99
171273,Active,248156,NA,NA,D,2,1,408658.3225,60,2011,30,7.14,36.48
171274,Active,144977,NA,NA,S,2,1,205951.5188,44.99,2004,29,11.94,36.91
171275,Active,1780651,NA,NA,S,3,1,398382.89,24.95,2014,42,4,19.4
171276,Active,235711,NA,NA,D,2,1,639964.3563,46,1995,68,5.48,12.45
171277,Active,886192,NA,NA,S,1,0,853681.4538,60,2012,10,39.96,39.6
171278,Active,261345,NA,NA,S,2,1,6468.9175,70,2001,46,30.93,45.96
171279,Active,774934,NA,NA,D,0,0,5011955.945,195,1999,8,103.94,271.77
171280,Active,887361,NA,NA,S,1,0,282030.7563,59.95,2015,14,51.97,53.28
171281,Active,629192,NA,NA,S,3,1,83816.72875,45,2012,46,29.15,28.65
171282,Active,173751,NA,NA,S,1,0,259291.1025,44.99,2003,26,30.46,36.99
171283,Active,621916,NA,NA,S,0,0,24713.4,40,2012,44,8.68,22.81
171284,Active,477783,NA,NA,S,3,1,16367.89,16.99,2010,76,8.27,13.98
171285,Active,615204,NA,NA,S,1,0,107162.175,51.95,2007,50,8.8,37.74
171286,Active,1672234,NA,NA,S,4,1,30914.5325,16.99,2009,90,4,9.12
171287,Active,1672367,NA,NA,S,5,1,82129.9925,14.99,2009,59,4.98,10.34
171288,Active,1692041,NA,NA,S,0,0,306549.6875,20,2008,17,13.97,18.05
171289,Active,1468536,NA,NA,S,0,0,598970.2275,35,2014,24,21.43,25.4
171290,Active,2664782,NA,NA,S,1,0,471540.2825,30.99,1995,32,4.98,24.53
171291,Active,3125777,NA,NA,S,0,0,112714.94,35,2000,36,10.26,15.94
171292,Active,1630857,NA,NA,S,1,0,26698.925,59.95,2012,16,30.01,34.31
171293,Active,1456386,NA,NA,S,4,1,624870.4488,120.8,2008,23,4.29,73.94
171294,Active,2373355,NA,NA,S,3,1,2549108.551,68.8,2003,20,4.81,9.79
171295,Active,614889,NA,NA,S,3,1,2298225.694,72.6,2003,39,4,4
171296,Active,620286,NA,NA,S,4,1,1141823.291,120.4,2008,44,6.42,53.47
171297,Active,320267,NA,NA,D,3,1,296573.535,97.95,2007,29,18.73,93.33
171298,Active,639806,NA,NA,S,2,1,179710.1313,59.95,2012,34,33.95,44.51
171299,Active,647925,NA,NA,D,1,0,808934.4913,52.95,2003,20,17.46,21.31
171300,Active,857274,NA,NA,S,3,1,1235105.54,59.99,2008,11,43.54,57.32
171301,Active,607384,NA,NA,D,3,1,532971.585,53.32,2006,61,4.19,25.77
171302,Active,672788,NA,NA,S,0,0,71997.80125,21.99,2013,36,4,0
171303,Active,633845,NA,NA,S,2,1,107240.2788,34.99,2012,32,5.03,8.47
171304,Active,2407817,NA,NA,S,1,0,618466.7075,60,1995,29,10.36,29.28
171305,Active,270252,NA,NA,D,2,1,2714050.829,35,2007,16,4,53.13
171306,Active,922074,NA,NA,D,3,1,358892.4175,163.25,2012,76,5.79,40
171307,Active,2096713,NA,NA,S,3,1,455174.7225,0,2012,46,12.14,154.59
171308,Active,3617748,NA,NA,D,1,0,1576073.7,90,1994,22,28.19,53.99
171309,Active,608947,NA,NA,S,3,1,481563.3338,29.95,2007,46,6.08,53.87
171310,Active,206018,NA,NA,D,0,0,812666.68,55,2005,48,4,16.93
171311,Active,530445,NA,NA,S,3,1,54972.7725,78,2012,46,44.81,57.55
171312,Active,619474,NA,NA,D,1,0,1679338.423,47,2000,45,4,21.89
171313,Active,205614,NA,NA,D,0,0,2214858.89,42,1998,39,4,9.98
171314,Active,862039,NA,NA,S,3,1,39650.48625,41.5,2014,28,27.07,25.12
171315,Active,367630,NA,NA,D,2,1,325374.5138,35,2007,39,11.98,67.11
171316,Active,250595,NA,NA,D,3,1,768260.245,159.95,2008,39,14.57,0
171317,Active,165447,NA,NA,D,3,1,482636.28,91.83,2002,48,5.59,54.13
171318,Active,608285,NA,NA,D,2,1,2034289.655,10.44,1996,56,4,30.94
171319,Active,2015987,NA,NA,S,13,1,154774.3813,99.95,2013,12,48.99,79.04
171320,Active,340561,NA,NA,D,1,0,4801801.436,130,1995,26,4,32.99
171321,Active,1710121,NA,NA,S,4,1,39624.81875,79.95,2014,27,25.95,50.54
171322,Active,104413,NA,NA,D,1,0,1912978.62,105,1999,20,18.32,73.73
171323,Active,625692,NA,NA,S,3,1,369832.7088,161,2009,27,18.24,93.08
171324,Active,687678,NA,NA,D,5,1,877551.515,27.95,2012,22,14.91,20.89
171325,Active,666654,NA,NA,S,5,1,808906.7963,55.95,2012,22,37.89,30.95
171326,Active,553358,NA,NA,S,2,1,654276.6613,105.2,1993,53,4,49.94
171327,Active,566661,NA,NA,D,2,1,1893046.079,165,1991,17,17.49,69.5
171328,Active,157951,NA,NA,S,2,1,573979.7263,43.95,2002,58,16.02,38.33
171329,Active,607798,NA,NA,D,2,1,515855.7238,66.58,2000,34,18.92,57.99
171330,Active,865355,NA,NA,S,4,1,503280.55,50.95,2004,41,4.79,20.03
171331,Active,1795220,NA,NA,S,0,0,839685.3813,30.36,2010,9,29.92,30.35
171332,Active,545438,NA,NA,S,5,1,210660.4613,33,2012,28,8.47,30.79
171333,Active,580724,NA,NA,S,2,1,1941389.576,35,2003,35,4,39.5
171334,Active,543436,NA,NA,D,7,1,276213.9388,59.5,2009,72,4.8,15.88
171335,Active,258378,NA,NA,D,3,1,311526.2925,53.5,2003,45,5.48,11.49
171336,Active,2660672,NA,NA,D,1,0,2329117.821,62.5,2002,23,19.01,83.5
171337,Active,198141,NA,NA,S,1,0,2165759.971,55,2011,20,8.99,44.98
171338,Active,275470,NA,NA,D,0,0,1479861.645,34.99,1997,21,8.94,20.98
171339,Active,651733,NA,NA,S,2,1,665452.1663,64.99,2009,23,48.98,64.49
171340,Active,521030,NA,NA,S,2,1,133062.4913,28,2004,99,5.65,18.98
171341,Active,158115,NA,NA,S,2,1,598800.1763,39.95,2005,37,18.99,29.78
171342,Active,141092,NA,NA,S,2,1,67214.0675,60.01,1999,36,13.47,64.12
171343,Active,3563326,NA,NA,S,0,0,4676.05,39.99,2015,28,19.94,26.48
171344,Active,860056,NA,NA,S,2,1,124354.4138,77,2010,31,33.38,0
171345,Active,877470,NA,NA,S,2,1,2160983.418,149.33,2011,19,20.81,136.18
171346,Active,132306,NA,NA,D,1,0,1151701.495,152.2,2007,49,4,8.22
171347,Active,133354,NA,NA,D,2,1,78747.185,218.8,2011,82,6.79,60.65
171348,Active,154007,NA,NA,D,0,0,37125.5125,18.49,2009,84,3.84,18.99
171349,Active,916863,NA,NA,S,2,1,16051.09625,59.75,2015,63,32.99,33.99
171350,Active,555688,NA,NA,S,1,0,220494.9163,98.95,2004,33,7.93,33.93
171351,Active,199215,NA,NA,S,2,1,212793.8088,131,2005,20,44.75,0
171352,Active,121271,NA,NA,D,6,1,40565.16875,111.6,2010,65,8.15,72.77
171353,Active,113781,NA,NA,S,4,1,497561.42,67,2000,61,4,25
171354,Active,116162,NA,NA,D,5,1,545828.7425,80,2005,104,4,11.25
171355,Active,115852,NA,NA,D,3,1,2006014.298,75,2004,55,4,19.88
171356,Active,121200,NA,NA,D,5,1,195030.5675,121.4,2010,46,14.63,58.99
171357,Active,170047,NA,NA,D,4,1,218292.4425,199.95,2010,43,5.38,20.02
171358,Active,249943,NA,NA,D,3,1,1414940.826,191.95,2007,49,4,11.94
171359,Active,647237,NA,NA,S,2,1,375188.8588,45.95,2011,31,25.43,0
171360,Active,169912,NA,NA,D,3,1,204058.1025,142.95,2009,44,8.44,41.96
171361,Active,288932,NA,NA,D,3,1,195757.9325,188.95,2009,33,7.17,48.84
171362,Active,148373,NA,NA,D,2,1,1473354.158,133.95,2006,22,4,23.98
171363,Active,50057,NA,NA,S,12,1,46172.9575,145,2009,62,48.99,61.99
171364,Active,112079,NA,NA,S,36,1,2355426.444,7.98,2009,34,4.37,22.79
171365,Active,52827,NA,NA,D,8,1,51170.8875,117,2011,62,5.19,43.99
171366,Active,52826,NA,NA,D,7,1,798903.4875,20.84,2007,84,4,11.47
171367,Active,793926,NA,NA,D,1,0,698344.6013,79.95,2004,28,4.34,44.79
171368,Active,52825,NA,NA,S,6,1,2436501.076,183.2,2003,44,4,4.57
171369,Active,131739,NA,NA,S,4,1,728596.635,147.6,2003,42,7.1,20.65
171370,Active,2404987,NA,NA,S,0,0,383254.6525,49.95,1988,74,4,22.96
171371,Active,349803,NA,NA,D,7,1,3446959.21,59.95,2004,19,6.79,45.98
171372,Active,530438,NA,NA,S,8,1,1426104.114,57.95,2009,19,42.03,46.23
171373,Active,200344,NA,NA,S,2,1,567574.0325,60.95,2007,22,33.83,0
171374,Active,543123,NA,NA,D,4,1,125313.8063,60.95,2009,207,4,9.97
171375,Active,867305,NA,NA,S,5,1,11896.4125,63.95,2014,91,29.99,40.75
171376,Active,52693,NA,NA,D,16,1,119134.6638,122.2,2010,86,4.91,37.35
171377,Active,52692,NA,NA,D,15,1,185698.0688,97.8,2008,80,4,28.01
171378,Active,52691,NA,NA,D,14,1,749529.5913,90.2,2006,63,4,8.99
171379,Active,132993,NA,NA,S,5,1,42367.7075,150.2,2010,53,67.52,107.89
171380,Active,132173,NA,NA,D,4,1,167522.75,92.6,2006,45,4,30.68
171381,Active,287522,NA,NA,D,3,1,1644827.135,74,2002,33,4,17.36
171382,Active,868456,NA,NA,D,4,1,2422785.203,4.34,2004,25,5.09,15.34
171383,Active,193701,NA,NA,D,3,1,778724.2413,49.95,2010,52,6.3,13.9
171384,Active,775741,NA,NA,D,3,1,2629888.529,105.75,2005,29,4,18.05
171385,Active,607813,NA,NA,S,4,1,4119981.069,147.95,1996,33,4.35,23.98
171386,Active,120271,NA,NA,D,3,1,137060.2713,179.2,2011,65,5.98,11.99
171387,Active,118807,NA,NA,D,2,1,1219978.324,125.4,2007,42,4.69,7.83
171388,Active,143136,NA,NA,D,6,1,1199283.635,184,2007,35,6.04,66.99
171389,Active,143492,NA,NA,D,5,1,2333496.038,121,2003,22,5.86,102.51
171390,Active,259511,NA,NA,S,4,1,3966303.933,102.5,1999,24,5.43,18.99
171391,Active,468701,NA,NA,D,4,1,297969.105,149,2009,62,5.63,66.33
171392,Active,625626,NA,NA,D,4,1,327899.84,49.95,2013,52,15.24,28.98
171393,Active,536065,NA,NA,D,5,1,713067.8475,243.95,2001,110,4,22.9
171394,Active,193698,NA,NA,D,5,1,645580.235,149.95,2010,54,4.74,35.34
171395,Active,775814,NA,NA,D,3,1,1846415.575,102.95,2004,32,4,25.93
171396,Active,193567,NA,NA,D,4,1,1557953.898,106.95,2007,37,4,11.1
171397,Active,117075,NA,NA,D,1,0,1051941.039,139.4,2008,37,4.29,13.9
171398,Active,530437,NA,NA,D,2,1,231731.805,170.2,2012,52,7.53,56.34
171399,Active,143212,NA,NA,S,5,1,462758.3913,43,2007,29,16.28,30
171400,Active,2083117,NA,NA,S,3,1,818496.345,46,2012,24,22.19,42.97
171401,Active,591340,NA,NA,D,2,1,717064.0838,193.95,2003,83,4,33.46
171402,Active,560385,NA,NA,D,1,0,2944008.903,95.95,1996,33,4,68.31
171403,Active,1976356,NA,NA,S,3,1,92358.98375,47.95,2014,14,34.28,49.36
171404,Active,262712,NA,NA,D,2,1,490506.2663,41.95,2006,59,4,27.49
171405,Active,868414,NA,NA,D,1,0,1444167.875,82,2005,25,4,32.81
171406,Active,53711,NA,NA,D,1,0,511706.4025,12.23,2006,46,4,12.24
171407,Active,625688,NA,NA,D,4,1,878531.4313,55.95,2004,26,4,28.94
171408,Active,617964,NA,NA,D,5,1,352001.0763,69,2009,62,11.99,16.38
171409,Active,866662,NA,NA,S,6,1,189397.1738,69,2014,28,22.54,38.47
171410,Active,634688,NA,NA,S,2,1,1372899.728,82.99,2007,22,8.97,31.99
171411,Active,615630,NA,NA,S,2,1,686507.4138,32,2009,49,4,17.13
171412,Active,631738,NA,NA,D,1,0,364110.2238,45,2007,24,16.77,0
171413,Active,646683,NA,NA,S,2,1,911189.9075,69.95,2002,27,8.2,52.49
171414,Active,660789,NA,NA,S,2,1,2072.90625,60,2013,62,31.89,0
171415,Active,60379,NA,NA,D,4,1,1024039.791,55,1998,42,4,8.99
171416,Active,114806,NA,NA,S,5,1,40924.18,123.4,2002,65,40.74,98.99
171417,Active,607604,NA,NA,D,3,1,2527263.293,69.95,2009,29,4,43.93
171418,Active,653824,NA,NA,D,2,1,2605863.055,145,2006,18,8.66,52.28
171419,Active,620333,NA,NA,D,2,1,593205.275,55.95,2006,92,4,3.45
171420,Active,530436,NA,NA,S,4,1,865737.875,81,2010,32,7.32,11.28
171421,Active,626277,NA,NA,D,2,1,457168.63,95,2010,45,8.63,49.28
171422,Active,147355,NA,NA,S,5,1,912463.7463,72.95,2006,20,45.46,59.63
171423,Active,544986,NA,NA,S,2,1,158024.0875,119,2012,64,68.36,89.05
171424,Active,386427,NA,NA,D,1,0,1030754.82,97,2007,48,4,41.16
171425,Active,619400,NA,NA,D,3,1,72568.16125,80,2007,67,4.99,28.97
171426,Active,870835,NA,NA,D,6,1,1745865.354,111,2005,38,4,21.98
171427,Active,2619047,NA,NA,D,3,1,3256413.768,31.95,1994,19,3.49,8.32
171428,Active,763776,NA,NA,D,2,1,3608377.499,39.95,1998,34,3.54,24.89
171429,Active,536176,NA,NA,S,3,1,84930.7575,125.95,2002,49,21.13,49.87
171430,Active,635172,NA,NA,D,7,1,609435.4475,135.8,2008,34,16.98,41.99
171431,Active,52372,NA,NA,D,7,1,68744.99875,255.95,2007,73,19.98,33.98
171432,Active,875364,NA,NA,S,5,1,1482270.624,87.95,1999,61,3.99,9.87
171433,Active,421719,NA,NA,D,4,1,346532.07,116,2006,62,4.02,12.79
171434,Active,52373,NA,NA,D,6,1,339344.4575,126.95,2003,101,4,11.91
171435,Active,566013,NA,NA,S,2,1,724696.93,60,2010,15,47.43,0
171436,Active,391206,NA,NA,S,2,1,548508.09,55,1996,38,8.49,51.38
171437,Active,615346,NA,NA,S,1,0,41356.30125,62.5,1981,79,8.55,41.67
171438,Active,758954,NA,NA,D,1,0,516668.8363,55,2000,36,7.51,15.92
171439,Active,1781299,NA,NA,S,2,1,49976.11125,65,2014,16,48.99,43.29
171440,Active,557125,NA,NA,S,5,1,291870.1838,90.6,2000,73,3.98,9.88
171441,Active,615517,NA,NA,D,9,1,56315.30875,143.6,2009,68,58.74,72.72
171442,Active,617177,NA,NA,D,7,1,282376.655,112.4,2005,83,4,22.53
171443,Active,765869,NA,NA,S,4,1,222082.515,186.95,2005,35,12.59,0
171444,Active,199196,NA,NA,D,2,1,919264.5563,146,2004,27,8.97,102.76
171445,Active,199197,NA,NA,D,2,1,293067.64,82.95,2004,102,4,9.95
171446,Active,250971,NA,NA,S,3,1,205089.0325,59.95,2009,23,22.55,39.96
171447,Active,543311,NA,NA,S,2,1,711253.9588,85,2010,36,14.97,0
171448,Active,199282,NA,NA,D,1,0,662989.0675,75,2004,54,4,15.45
171449,Active,293767,NA,NA,D,1,0,3305916.085,129,2004,23,7.2,48.98
171450,Active,109183,NA,NA,D,6,1,576747.675,84.99,2007,27,12.09,56.48
171451,Active,530431,NA,NA,D,7,1,173831.2275,61.59,2011,8,31.99,30.9
171452,Active,542499,NA,NA,S,2,1,833031.5575,115,2007,23,21.55,56.6
171453,Active,613466,NA,NA,D,0,0,1422133.468,101.5,2007,61,4,7.99
171454,Active,156958,NA,NA,S,2,1,216210.895,39.95,2002,60,4.77,32.44
171455,Active,639994,NA,NA,S,1,0,57563.775,105,2011,26,53.99,56.99
171456,Active,639810,NA,NA,S,0,0,9488.95,50,2012,41,24.48,31.45
171457,Active,530429,NA,NA,S,9,1,109505.4325,153.6,2007,64,17.45,48.99
171458,Active,617354,NA,NA,D,2,1,392965.6625,105,2012,67,6.69,33.99
171459,Active,630930,NA,NA,D,1,0,1696213.796,52.95,2001,21,8.28,31.94
171460,Active,910241,NA,NA,D,1,0,1318609.973,52.99,2007,29,6.39,18.93
171461,Active,669139,NA,NA,S,2,1,613105.6,50,2011,37,26.64,33.34
171462,Active,615208,NA,NA,D,1,0,1128082.985,88.5,2003,57,4,11.01
171463,Active,271061,NA,NA,S,2,1,99907.81375,95,2011,34,45.93,55.75
171464,Active,904312,NA,NA,D,8,1,1674379.659,65,2008,21,4.43,22.48
171465,Active,258462,NA,NA,D,3,1,48193.1175,110,2010,90,8.44,46.8
171466,Active,258402,NA,NA,D,2,1,245638.555,100,2005,118,4,5.92
171467,Active,714776,NA,NA,D,0,0,339072.9475,107.31,2004,33,18,37.99
171468,Active,630108,NA,NA,D,1,0,497099.3213,100,2009,23,42.89,42.93
171469,Active,2036953,NA,NA,S,3,1,683709.5138,18.64,2008,23,5.25,13.92
171470,Active,258366,NA,NA,S,3,1,356208.8013,50,1998,30,5.24,62.85
171471,Active,530430,NA,NA,S,6,1,40468.965,110,2012,43,44.89,55.09
171472,Active,258418,NA,NA,D,5,1,260312.62,106,2007,29,21.9,80.75
171473,Active,258391,NA,NA,D,4,1,648312.0413,98.5,2008,47,5.49,48.94
171474,Active,2036857,NA,NA,D,0,0,1527417.395,66.64,2006,35,4.48,13.99
171475,Active,2608425,NA,NA,D,1,0,1926151.994,170,2002,27,62,102.99
171476,Active,2353662,NA,NA,D,1,0,331858.31,52.99,2005,42,6.25,48.95
171477,Active,627864,NA,NA,S,2,1,208791.7575,126.5,2012,50,42.83,63.89
171478,Active,108729,NA,NA,D,1,0,982514.6788,77.86,2005,15,18.83,23.99
171479,Active,761572,NA,NA,D,1,0,2352450.8,60,2005,23,3.99,23.94
171480,Active,751897,NA,NA,S,2,1,824739.9388,85,2009,42,34.25,44.94
171481,Active,1718391,NA,NA,S,2,1,120260.35,35,2013,9,21.07,21.08
171482,Active,663250,NA,NA,S,2,1,18554.34875,35,2013,21,20.93,21.79
171483,Active,244344,NA,NA,S,4,1,69171.17375,24.95,2011,48,9.9,25.84
171484,Active,3599015,NA,NA,S,2,1,1970901.5,159.95,1996,34,6.39,66.79
171485,Active,1597940,NA,NA,S,6,1,1348842.568,57.95,2012,31,4,23.99
171486,Active,1783312,NA,NA,S,9,1,69798.85625,49.95,2013,37,28.97,40.97
171487,Active,767591,NA,NA,D,8,1,526050.1625,54.95,2009,38,4.23,15.64
171488,Active,1621052,NA,NA,S,0,0,307442.93,58.95,2006,55,4,16.44
171489,Active,651851,NA,NA,S,1,0,564572.32,115,2009,28,36.38,57.5
171490,Active,2078096,NA,NA,S,0,0,35970.675,39.99,2014,14,26.94,27.62
171491,Active,3574094,NA,NA,D,1,0,3340899,99,2001,22,32.39,90.99
171492,Active,225783,NA,NA,D,2,1,4869176.444,164.95,2003,10,93.84,102.14
171493,Active,887726,NA,NA,D,1,0,2646761.87,119.95,1997,12,13.23,123.99
171494,Active,1469784,NA,NA,D,2,1,2496846.864,577.5,2007,10,15.93,169.26
171495,Active,536325,NA,NA,S,3,1,216867.605,9.57,2011,78,4,7.97
171496,Active,499521,NA,NA,S,4,1,30049.82625,99.95,2014,36,31.98,56.44
171497,Active,723631,NA,NA,S,1,0,440051.3875,115,2010,44,6.55,18.27
171498,Active,913266,NA,NA,D,1,0,1125364.358,37.5,1997,35,4.75,27.11
171499,Active,655613,NA,NA,S,2,1,810051.765,48.95,2010,21,29.83,36.81
171500,Active,891533,NA,NA,D,1,0,838590.7575,199.95,2003,18,4.23,93.32
171501,Active,250614,NA,NA,D,2,1,412404.1188,167.95,2008,25,14.06,108.12
171502,Active,862042,NA,NA,S,0,0,3544.94875,256,2014,80,39.99,133.99
171503,Active,267165,NA,NA,D,0,0,185457.3713,96,2009,45,11.74,43.99
171504,Active,57366,NA,NA,D,2,1,133612.1713,128,2006,78,11.73,60.75
171505,Active,603198,NA,NA,S,8,1,53523.8,30.43,2010,27,18.84,27.08
171506,Active,622761,NA,NA,S,2,1,330935.14,64,2006,37,16.75,0
171507,Active,3822505,NA,NA,D,0,0,1766185.95,58,1999,33,4.77,16.93
171508,Active,1624125,NA,NA,S,0,0,440189.485,35,2013,21,21.98,26.19
171509,Active,217680,NA,NA,D,1,0,1707628.514,49.99,2005,39,4,13.98
171510,Active,246763,NA,NA,D,2,1,621375.865,55.95,2009,74,4,37.12
171511,Active,543986,NA,NA,S,3,1,67465.78625,60.95,2013,42,32.86,33.51
171512,Active,132162,NA,NA,D,6,1,286595.05,139.8,2007,32,4,41.42
171513,Active,287533,NA,NA,D,5,1,1603393.063,116.6,2003,52,4,32.56
171514,Active,759273,NA,NA,D,1,0,2694439.714,69,1999,26,4,41.99
171515,Active,610067,NA,NA,D,6,1,136267.1088,225,2012,100,4.68,189.47
171516,Active,607814,NA,NA,S,3,1,4381095.504,116.5,2004,20,4.76,13.99
171517,Active,143119,NA,NA,D,4,1,1594143.55,154,2006,28,4,72.42
171518,Active,143290,NA,NA,D,5,1,920835.3725,201,2009,44,4.28,68.11
171519,Active,738087,NA,NA,S,2,1,4714743.364,44,1999,12,7.77,102.05
171520,Active,911296,NA,NA,D,5,1,1609461.398,34,2002,20,4,26
171521,Active,639001,NA,NA,D,6,1,1264340.984,43,2006,23,7.85,111.13
171522,Active,270046,NA,NA,D,6,1,2057072.06,179,2007,15,5.2,82.15
171523,Active,270131,NA,NA,D,7,1,454736.53,213,2011,44,4.52,99.99
171524,Active,867677,NA,NA,S,3,1,90534.4625,49.95,2013,32,17.7,35.98
171525,Active,616541,NA,NA,D,2,1,559760.8425,49.95,2010,40,5.97,21.1
171526,Active,540456,NA,NA,D,4,1,1886625.834,202,2008,28,5.47,54.8
171527,Active,610131,NA,NA,D,5,1,998778.5825,41,2012,30,5.19,48.73
171528,Active,143304,NA,NA,D,5,1,476850.3513,205,2009,58,8.64,103.99
171529,Active,738202,NA,NA,D,2,1,681160.2138,52,2001,15,18.11,73.29
171530,Active,736950,NA,NA,D,1,0,2789834.358,25.6,2001,18,4,41.21
171531,Active,143297,NA,NA,D,10,1,656576.9225,204,2011,37,5.12,67.98
171532,Active,143062,NA,NA,D,9,1,2217529.636,157,2005,21,4.09,39.93
171533,Active,616981,NA,NA,S,8,1,1114268.585,96,2002,39,4,41.97
171534,Active,644699,NA,NA,S,7,1,599276.8275,43,2011,29,15.98,38.98
171535,Active,1702281,NA,NA,S,0,0,254984.5175,118,2014,40,7.67,77.62
171536,Active,1702087,NA,NA,D,0,0,3433180.458,76.5,2008,15,4.58,57.4
171537,Active,883815,NA,NA,D,0,0,5263951.586,60,2005,11,18.94,39.36
171538,Active,300014,NA,NA,D,5,1,1422533.916,52,2005,12,4.01,675
171539,Active,645198,NA,NA,D,2,1,8457791.23,60,1999,11,5.12,21.49
171540,Active,627878,NA,NA,D,1,0,896528.1225,190,2012,54,3.93,48.99
171541,Active,776043,NA,NA,S,5,1,540134.17,43.95,2008,64,4,51.49
171542,Active,867912,NA,NA,S,0,0,90748.18,75.5,2015,81,6.46,33.48
171543,Active,666781,NA,NA,S,6,1,1012037.14,77,2011,18,5.25,75.91
171544,Active,193398,NA,NA,S,4,1,965956.0438,41.95,2005,48,4,17.08
171545,Active,265944,NA,NA,S,10,1,1049638.706,39,2005,62,3.95,37.97
171546,Active,614349,NA,NA,S,16,1,37459.76375,226,2012,82,23.99,94.11
171547,Active,270134,NA,NA,D,12,1,244079.9513,48,2011,54,7.94,24.99
171548,Active,193662,NA,NA,D,15,1,452144.4463,152,2009,76,4,7.52
171549,Active,193339,NA,NA,D,13,1,4385969.665,96,2003,18,4.94,69.47
171550,Active,270059,NA,NA,D,11,1,717351.7163,47,2009,69,4,23.13
171551,Active,392195,NA,NA,D,4,1,899527.9838,209,2006,30,7.94,70.27
171552,Active,654381,NA,NA,D,4,1,8226234.406,116,2005,7,7.7,0
171553,Active,265929,NA,NA,D,3,1,1511089.408,190,2006,28,4.77,99.35
171554,Active,193347,NA,NA,D,4,1,1375913.446,135,2008,39,4,63.25
171555,Active,738668,NA,NA,S,7,1,339730.9325,43,2014,16,40.39,42.6
171556,Active,143157,NA,NA,S,2,1,1865223.764,171,2007,37,3.36,18.44
171557,Active,661109,NA,NA,S,8,1,484513.6738,43,2011,20,37.77,42.6
171558,Active,684325,NA,NA,D,6,1,7819333.561,25.5,1999,15,3.89,10.44
171559,Active,737378,NA,NA,D,3,1,594025.6088,39,2005,25,6.82,13.99
171560,Active,612216,NA,NA,S,4,1,300362.9363,43,2013,19,39.99,42.99
171561,Active,882587,NA,NA,D,3,1,8280088.106,90,1999,14,35.94,123.99
171562,Active,633360,NA,NA,S,3,1,147069.28,73,2008,28,19.69,0
171563,Active,870309,NA,NA,D,6,1,1777402.315,254.43,2008,41,8.31,167.32
171564,Active,265949,NA,NA,D,5,1,3182053.644,132,2005,19,5.35,23.98
171565,Active,270062,NA,NA,D,6,1,625047.4013,195,2008,40,6.21,73.77
171566,Active,545887,NA,NA,D,6,1,48897.68625,89,2011,48,12.48,77.1
171567,Active,617157,NA,NA,D,2,1,1522061.163,22.49,2009,29,4.42,22.49
171568,Active,193574,NA,NA,D,5,1,200838.81,64,2007,40,4.13,31.99
171569,Active,628978,NA,NA,S,4,1,698112.9275,43,1999,26,4.96,18.16
171570,Active,612283,NA,NA,S,7,1,651959.0238,43,2013,14,22.12,32
171571,Active,600110,NA,NA,D,6,1,815020.3475,200,2007,38,10.89,77.87
171572,Active,629100,NA,NA,D,0,0,721076.4263,50,2013,78,4,20.98
171573,Active,1506660,NA,NA,D,0,0,294506.9963,52,2014,62,4,23.99
171574,Active,613454,NA,NA,S,0,0,839840.0725,52,2012,107,3.79,7.96
171575,Active,626651,NA,NA,S,0,0,660737.0813,54,2013,95,3.79,4.79
171576,Active,1942347,NA,NA,S,0,0,453015.6588,55,2014,115,4,24.83
171577,Active,913405,NA,NA,D,6,1,2855179.025,50,2009,19,5.47,28.96
171578,Active,250943,NA,NA,D,5,1,4072767.364,58.79,2007,14,4.65,13.47
171579,Active,625611,NA,NA,S,0,0,629806.1313,41,2013,55,3.99,23.86
171580,Active,887411,NA,NA,S,9,1,422386.4775,43,2015,12,41.29,42.6
171581,Active,560447,NA,NA,D,8,1,696840.7338,43,2011,15,25.95,32.49
171582,Active,631721,NA,NA,D,7,1,618292.7725,38,2007,24,4,21.99
171583,Active,270408,NA,NA,D,7,1,1312754.156,167.44,2006,19,8.41,89.77
171584,Active,907245,NA,NA,D,0,0,2832240.768,253.49,2006,19,4.94,92.01
171585,Active,143442,NA,NA,D,0,0,1290351.416,162,2004,13,6.5,18.88
171586,Active,633066,NA,NA,D,7,1,2599960.815,43,2007,20,4,68.27
171587,Active,619790,NA,NA,D,8,1,658859.4975,63,2010,35,4,45.51
171588,Active,243879,NA,NA,D,9,1,451410.525,57.4,2011,34,14.74,47.98
171589,Active,55340,NA,NA,D,8,1,651772.7575,319.95,2008,41,4,8.97
171590,Active,55341,NA,NA,S,7,1,1035838.309,319.95,2005,25,4,13.88
171591,Active,875264,NA,NA,D,9,1,385164.235,56.29,2011,25,19.18,58.52
171592,Active,644414,NA,NA,S,0,0,779248.0163,199,2013,56,4.2,20.98
171593,Active,614400,NA,NA,S,0,0,715685.3175,227.95,2012,50,5.47,12.99
171594,Active,860931,NA,NA,D,26,1,1710857.34,278.47,2012,33,12.2,173.99
171595,Active,665199,NA,NA,D,10,1,201093.9375,124,2011,44,6.47,0
171596,Active,580082,NA,NA,D,9,1,1606912.594,117,2009,23,4,13.79
171597,Active,612428,NA,NA,S,0,0,1519855.685,46,2013,24,4.75,107.89
171598,Active,3503148,NA,NA,D,3,1,4736176.5,164,2007,23,5.33,72.31
171599,Active,632095,NA,NA,D,5,1,335697.8625,215,2012,61,6.64,136.39
171600,Active,2904233,NA,NA,D,3,1,3032435.27,58.75,2000,14,13.95,19.99
171601,Active,3619500,NA,NA,D,3,1,5545203.9,44.12,1993,18,7.76,33.74
171602,Active,114221,NA,NA,D,4,1,145797.8425,123,2002,37,6.39,55.19
171603,Active,607630,NA,NA,S,3,1,1032011.971,107,1993,56,4.35,23.69
171604,Active,116889,NA,NA,D,5,1,289629.1475,154,2005,39,6.6,63.39
171605,Active,916777,NA,NA,S,3,1,2176753.128,100,1995,35,4,15.76
171606,Active,904851,NA,NA,D,5,1,1528163.614,110,1998,11,16.98,44.86
171607,Active,203445,NA,NA,D,6,1,640108.3525,189,2004,23,12.98,78.07
171608,Active,2808498,NA,NA,D,5,1,1710791.414,129,1994,42,5.63,28.99
171609,Active,804234,NA,NA,D,6,1,1718907.609,479,2009,13,41.57,65.68
171610,Active,2679144,NA,NA,D,0,0,1351812.338,52,1965,35,4,45.15
171611,Active,637414,NA,NA,S,2,1,425023.6188,49.95,1999,33,11.96,42.51
171612,Active,867751,NA,NA,S,4,1,21598.075,79.99,2014,33,38.94,59.78
171613,Active,545018,NA,NA,S,3,1,141589.7263,73,2012,26,32.99,43.14
171614,Active,753963,NA,NA,S,1,0,1300055.085,61.95,2010,19,38.28,38.74
171615,Active,246191,NA,NA,S,0,0,640858.5725,68.95,2006,27,10.28,28.99
171616,Active,615342,NA,NA,S,3,1,569112.9913,61.25,1993,42,4,35
171617,Active,51633,NA,NA,D,6,1,1453289.306,7.33,2003,56,4,11.98
171618,Active,51635,NA,NA,D,8,1,155496.0588,85.99,2008,59,4.71,45.6
171619,Active,51634,NA,NA,D,7,1,860519.795,10.98,2007,70,4,10.98
171620,Active,246715,NA,NA,S,3,1,547537.065,52.95,2010,22,8.49,35.48
171621,Active,555264,NA,NA,S,1,0,287765.0163,76.95,1992,59,4,21.98
171622,Active,759299,NA,NA,S,2,1,343779.5238,90,2002,49,28.62,33.39
171623,Active,572527,NA,NA,S,2,1,131383.61,59.95,1996,49,15.99,37.23
171624,Active,649580,NA,NA,S,2,1,205211.9075,64,2013,34,38.49,48.11
171625,Active,366225,NA,NA,D,0,0,312877.7813,65,2006,35,7.94,28.99
171626,Active,246353,NA,NA,S,1,0,136000.6275,64.95,2005,34,23.89,35.8
171627,Active,1786846,NA,NA,S,3,1,71062.04375,26.95,2014,40,25.45,26.95
171628,Active,550541,NA,NA,D,3,1,142073.3975,64.69,2009,52,15.83,51.24
171629,Active,613103,NA,NA,S,2,1,2047183.238,45,1998,86,3.82,6.48
171630,Active,660785,NA,NA,S,4,1,59000.0175,49,2013,36,23.7,38.91
171631,Active,2804408,NA,NA,S,0,0,667188.6163,24.95,2003,114,4,7.44
171632,Active,221923,NA,NA,D,3,1,835177.05,71.95,1996,33,4.8,73.45
171633,Active,3471372,NA,NA,S,5,1,3200600,130,2016,0,0,114.55
171634,Active,641651,NA,NA,D,1,0,1086866.223,64.95,2007,22,14.12,87.57
171635,Active,891789,NA,NA,D,2,1,1470450.878,107.95,2006,14,4.3,36.88
171636,Active,530418,NA,NA,S,3,1,238375.0038,87.95,2011,30,45.84,60.62
171637,Active,192894,NA,NA,D,2,1,1181941.208,79.95,2004,44,5.68,18.5
171638,Active,643943,NA,NA,D,2,1,357797.2413,49.95,2009,21,16.04,27.51
171639,Active,640412,NA,NA,D,0,0,642269.2275,46.95,2004,19,4.49,43.99
171640,Active,862044,NA,NA,S,3,1,21525.16875,45.95,2014,23,29.48,29.49
171641,Active,640416,NA,NA,D,1,0,1549650.398,103.95,2009,22,5.19,26.91
171642,Active,147596,NA,NA,S,1,0,395812.8925,99.95,2011,22,18.83,33.5
171643,Active,540918,NA,NA,D,1,0,1873053.605,99.95,2008,28,7.11,10.89
171644,Active,804550,NA,NA,D,2,1,1064916.643,99.95,2011,21,7.55,59.92
171645,Active,661299,NA,NA,D,1,0,2008628.729,99.95,2009,23,4.55,28.99
171646,Active,340062,NA,NA,D,4,1,522811.345,86.58,2008,23,4.97,33.99
171647,Active,342801,NA,NA,S,2,1,1223600.311,73.16,2002,19,6.38,70.85
171648,Active,405512,NA,NA,D,3,1,3463567.296,22.99,2005,22,4,22.99
171649,Active,896124,NA,NA,S,2,1,4299894.795,198.5,1997,20,5.26,40.71
171650,Active,657940,NA,NA,S,3,1,433037.04,49.95,2013,25,31.04,32.46
171651,Active,774702,NA,NA,D,1,0,2339371.845,94.95,1998,14,6.37,64.25
171652,Active,575946,NA,NA,D,4,1,324863.205,107.25,2009,31,17.5,0
171653,Active,2703699,NA,NA,D,3,1,1011819.55,44.65,1900,36,4,21.99
171654,Active,2663310,NA,NA,D,2,1,4857586.551,82,1991,23,4.64,31.97
171655,Active,2407425,NA,NA,S,0,0,642241.2763,99,1996,52,5.23,25.27
171656,Active,802664,NA,NA,S,5,1,1635001.969,34.99,2008,30,4,7.98
171657,Active,113582,NA,NA,S,0,0,453034.6563,170.6,2004,32,29.6,93.99
171658,Active,2435265,NA,NA,S,3,1,946251.295,76.95,2002,19,16.36,58.34
171659,Active,749303,NA,NA,D,1,0,4207154.794,82.99,2006,13,57.4,61.32
171660,Active,2576224,NA,NA,D,1,0,3055707.095,195,1991,25,4.73,47.97
171661,Active,164096,NA,NA,D,2,1,718804.8513,99.95,1997,37,4.14,13.98
171662,Active,909451,NA,NA,D,2,1,2057742.734,99.95,1993,21,8.91,64.91
171663,Active,625111,NA,NA,S,3,1,723593.2138,132.95,2007,29,38.38,28.98
171664,Active,631657,NA,NA,S,1,0,24563.875,75,2008,15,43.12,43.12
171665,Active,56977,NA,NA,D,12,1,359597.5813,94,2009,45,5.91,36.13
171666,Active,607356,NA,NA,D,10,1,460005.7063,73,2003,51,4,21.73
171667,Active,428146,NA,NA,S,13,1,35237.4575,132,2011,66,45.73,81.13
171668,Active,56976,NA,NA,D,11,1,559669.2713,82.4,2006,49,4,18.39
171669,Active,427953,NA,NA,S,7,1,135871.3838,57.2,2011,53,15.43,83.03
171670,Active,560728,NA,NA,D,3,1,1867689.755,28.2,2001,55,4,34.9
171671,Active,560941,NA,NA,D,5,1,2151990.325,41.6,2006,42,4,11.99
171672,Active,132775,NA,NA,S,6,1,541939.7025,48,2008,41,4,13.57
171673,Active,717446,NA,NA,S,4,1,518481.6075,70.95,1997,43,4.99,55.11
171674,Active,108523,NA,NA,D,7,1,989216.47,117.25,2000,27,4,21.99
171675,Active,190395,NA,NA,S,4,1,197560.0013,157.5,1997,28,52.49,108.99
171676,Active,614800,NA,NA,S,2,1,68506.875,241.6,1989,56,46.54,115.99
171677,Active,1545498,NA,NA,S,2,1,1126918.715,42.95,2011,28,4.3,38.39
171678,Active,644264,NA,NA,S,1,0,362397.2113,111,1996,28,28.41,79.77
171679,Active,720204,NA,NA,D,2,1,1935754.106,52.5,2002,27,4.49,8.67
171680,Active,127152,NA,NA,S,3,1,456234.7788,59.5,2008,40,37.06,53.98
171681,Active,554139,NA,NA,S,0,0,181630.635,59,1997,45,8.04,14.51
171682,Active,121172,NA,NA,S,7,1,108368.3238,77.2,2009,33,43.04,60.6
171683,Active,539278,NA,NA,S,8,1,251563.425,40,2012,47,9.83,23.61
171684,Active,647060,NA,NA,S,0,0,28129.3,48.5,2012,30,33.97,37.97
171685,Active,2580295,NA,NA,S,2,1,6890087.044,50,1996,12,4.7,13.98
171686,Active,647242,NA,NA,S,4,1,623056.22,47.5,2011,22,35.07,32.04
171687,Active,631765,NA,NA,S,2,1,774946.9613,59.99,2006,34,16.79,48.85
171688,Active,647215,NA,NA,S,3,1,419953.69,39.95,2011,19,36.06,0
171689,Active,343007,NA,NA,S,2,1,922081.0513,120,2004,24,6.71,60.29
171690,Active,203652,NA,NA,S,2,1,757403.9,52.99,2004,62,6.7,26.34
171691,Active,717966,NA,NA,D,1,0,2342305.115,70,1998,30,8.99,31.94
171692,Active,541006,NA,NA,S,4,1,58277.3975,52.95,2013,25,33.14,38.57
171693,Active,762809,NA,NA,D,2,1,5034103.711,65,1998,13,17.25,124.41
171694,Active,2427351,NA,NA,D,0,0,4229307.6,55,1991,15,42.7,91.5
171695,Active,542516,NA,NA,S,5,1,935460.6488,84.95,2012,25,34.46,53.52
171696,Active,2577350,NA,NA,D,2,1,2894169.783,74.89,1984,35,6.37,53.31
171697,Active,627070,NA,NA,S,3,1,541125.5763,239.95,1994,51,24.13,73.97
171698,Active,1607168,NA,NA,S,0,0,688216.1138,55,2014,8,31.79,31.98
171699,Active,546015,NA,NA,S,10,1,10173.89,75,2012,69,20.98,48.28
171700,Active,141822,NA,NA,D,8,1,1018086.124,14.67,2006,69,4,9.46
171701,Active,141975,NA,NA,D,9,1,196654.1025,26.97,2009,67,4.18,27.16
171702,Active,203329,NA,NA,D,4,1,1787900.388,99.95,2001,26,6.21,85.67
171703,Active,142087,NA,NA,S,4,1,32870.46,64,2011,64,28.3,42.24
171704,Active,141782,NA,NA,D,3,1,390674.8538,10.42,2006,107,4,9.99
171705,Active,866001,NA,NA,S,0,0,369833.0263,39.95,2006,35,5.56,182.91
171706,Active,536505,NA,NA,S,5,1,215068.3788,43.8,2012,71,15.86,32.48
171707,Active,60382,NA,NA,D,3,1,615122.3013,36.2,2007,41,3.83,50.67
171708,Active,132978,NA,NA,D,4,1,286874.0075,39.33,2010,50,4,48.71
171709,Active,108942,NA,NA,D,1,0,353378.2288,73.75,2004,25,4.17,54.15
171710,Active,704686,NA,NA,D,0,0,598625.4713,75,2004,49,4.58,47.81
171711,Active,60383,NA,NA,D,2,1,503814.42,66.35,2003,47,4,52.49
171712,Active,108919,NA,NA,D,2,1,979803.4788,76.11,2003,16,4,69.47
171713,Active,285455,NA,NA,S,4,1,24550.73625,133,2011,41,45.99,63.09
171714,Active,110772,NA,NA,D,3,1,346757.4463,33.99,2007,52,4,16.19
171715,Active,1523932,NA,NA,S,0,0,1126.175,47.85,2012,195,12.72,19.15
171716,Active,874011,NA,NA,D,3,1,920941.165,38.09,2006,41,5.64,27.77
171717,Active,286178,NA,NA,D,3,1,74773.16625,41,2007,140,4,15.82
171718,Active,1794701,NA,NA,S,0,0,2497872.301,39.16,2010,9,42.21,39.15
171719,Active,802734,NA,NA,S,14,1,1420556.855,29.99,2011,20,4,59.25
171720,Active,129061,NA,NA,S,0,0,199630.2388,41.95,2006,27,11.75,29.04
171721,Active,630697,NA,NA,S,5,1,834618.1638,67,1998,35,7.86,60.13
171722,Active,915818,NA,NA,S,2,1,971854.3488,152,1991,46,4,43.11
171723,Active,556813,NA,NA,S,3,1,440047.2825,119.6,1997,55,4.13,58.95
171724,Active,144931,NA,NA,S,1,0,51704.45,84.99,2005,31,28.61,45.58
171725,Active,647152,NA,NA,S,1,0,553114.1225,44.99,2012,47,4,13.79
171726,Active,54211,NA,NA,S,3,1,22652.22625,143.2,2011,68,36.58,80.99
171727,Active,154431,NA,NA,S,1,0,181533.005,14.75,2005,67,4,9.89
171728,Active,655098,NA,NA,S,2,1,57206.11875,47.25,2013,45,23.88,38.85
171729,Active,553630,NA,NA,D,0,0,1012924.09,75.4,1998,52,4,10.68
171730,Active,639512,NA,NA,S,2,1,571966.0313,42.95,1997,42,23.53,39.78
171731,Active,538567,NA,NA,D,10,1,2954.5425,178,2012,118,18.85,63.87
171732,Active,50458,NA,NA,D,8,1,58109.30125,100.5,2006,91,4.76,34.7
171733,Active,613172,NA,NA,S,5,1,220690.5088,48.7,1997,129,4,15.64
171734,Active,50460,NA,NA,D,8,1,37913.63,78.5,2006,57,6.71,54.62
171735,Active,157363,NA,NA,S,4,1,357622.7,43.95,2006,83,11.68,28.63
171736,Active,876420,NA,NA,D,2,1,369812.6375,48.99,2008,33,6.03,44.56
171737,Active,54209,NA,NA,D,1,0,898556.9625,119.8,2005,49,4,20.99
171738,Active,655578,NA,NA,S,3,1,88535.94625,37.25,2011,23,26.26,31.68
171739,Active,627998,NA,NA,S,2,1,1383457.95,94.8,2001,49,4.12,25.99
171740,Active,141929,NA,NA,S,4,1,44373.335,82,2009,86,6.67,38.43
171741,Active,626339,NA,NA,S,3,1,80769.45625,42.95,2008,103,19.73,23.93
171742,Active,142202,NA,NA,D,3,1,14082.4075,77.36,2012,124,4.76,42.87
171743,Active,530404,NA,NA,D,2,1,2230960.399,44.95,2009,21,6.21,23.99
171744,Active,55565,NA,NA,S,0,0,157956.185,36.99,2004,70,5.03,36.97
171745,Active,109405,NA,NA,D,3,1,101688.5038,94.78,2005,97,4,44.28
171746,Active,626756,NA,NA,S,3,1,700197.9425,78.13,2005,29,7.79,74.84
171747,Active,2331936,NA,NA,D,1,0,231837.1113,69.37,1994,46,5.48,37.29
171748,Active,60384,NA,NA,D,2,1,32847.8275,71.98,2002,68,8.35,31.56
171749,Active,54210,NA,NA,D,2,1,152741.3213,112,2007,76,4.36,37.16
171750,Active,181320,NA,NA,S,1,0,214819.0513,75.95,2002,58,11.1,51.98
171751,Active,603239,NA,NA,S,2,1,300334.8488,39.95,2010,35,18.59,27.6
171752,Active,607569,NA,NA,D,5,1,739331.155,59.95,1998,99,4,13.98
171753,Active,127393,NA,NA,D,7,1,30334.5425,95.95,2009,62,14.79,55.89
171754,Active,559933,NA,NA,S,3,1,1079631.279,11.99,2005,68,4,11.99
171755,Active,658839,NA,NA,S,2,1,885783.805,48.95,2011,38,30.07,39.2
171756,Active,135602,NA,NA,S,5,1,1506914.144,29.95,2006,33,4,21.99
171757,Active,530402,NA,NA,S,7,1,85934.94,33.95,2013,25,23.05,22.98
171758,Active,912602,NA,NA,S,6,1,878689.9388,29.95,2009,30,4.98,42.13
171759,Active,1517684,NA,NA,S,1,0,7866.225,64.99,2014,9,33.23,33.61
171760,Active,1517420,NA,NA,S,1,0,104313.2,54.99,2014,21,19.49,33.92
171761,Active,866601,NA,NA,D,1,0,1283758.143,265.75,2008,41,4.28,7.99
171762,Active,363528,NA,NA,D,3,1,1620831.298,34,2003,44,4,5.49
171763,Active,368935,NA,NA,S,4,1,95791.2075,50,2011,25,22.42,35.99
171764,Active,1672676,NA,NA,S,6,1,79189.56375,18.99,2012,33,5.36,15.2
171765,Active,110717,NA,NA,D,2,1,220422.725,31.21,2011,93,4.7,26.73
171766,Active,699145,NA,NA,D,0,0,3066594.251,103.25,2008,15,4.41,9.46
171767,Active,161432,NA,NA,S,1,0,408984.1113,83.95,2006,33,7.99,0
171768,Active,623061,NA,NA,S,2,1,498436.6825,123,2001,31,4.14,43.64
171769,Active,633084,NA,NA,D,0,0,215634.7975,89.95,2008,25,53.97,59.38
171770,Active,148241,NA,NA,D,3,1,1329425.944,336.95,2006,68,4,16.48
171771,Active,608039,NA,NA,S,2,1,2861323.765,174.95,2001,39,3.85,7.93
171772,Active,341203,NA,NA,S,4,1,482440.085,45,1996,48,4,18.11
171773,Active,309785,NA,NA,S,16,1,1170287.031,154.63,2011,24,6.22,73.31
171774,Active,533804,NA,NA,D,9,1,87149.50375,309,2012,193,5.58,41.99
171775,Active,615988,NA,NA,D,6,1,759095.6913,101.95,2006,25,4.55,56.95
171776,Active,179137,NA,NA,D,9,1,665578.365,348.95,2007,23,6.14,6.82
171777,Active,530387,NA,NA,D,15,1,152126.6688,37.54,2011,85,5.98,16.97
171778,Active,110627,NA,NA,D,13,1,1659220.623,12.94,2006,56,4,12.94
171779,Active,875176,NA,NA,S,13,1,4911215.953,24.94,2006,15,9.93,24.94
171780,Active,1440170,NA,NA,S,6,1,1050574.904,150.13,2012,31,13.94,73.23
171781,Active,705446,NA,NA,S,8,1,87248.70375,277.25,2013,67,5.47,27.86
171782,Active,2712476,NA,NA,D,0,0,4989156.438,49.19,2002,17,5.5,8.99
171783,Active,52475,NA,NA,D,7,1,20119.72375,61.33,2010,247,5.39,41.77
171784,Active,861501,NA,NA,S,3,1,412868.0375,277.25,2013,64,4.99,27.01
171785,Active,603406,NA,NA,D,3,1,45682.32,78.99,2010,67,6.86,11.71
171786,Active,431075,NA,NA,S,11,1,8256435.761,115,2006,26,4.61,46.49
171787,Active,179198,NA,NA,D,10,1,369708.05,438.95,2008,51,4.54,53.36
171788,Active,530389,NA,NA,D,12,1,150527.8563,300.95,2011,92,4.28,23.53
171789,Active,544393,NA,NA,D,13,1,113773.4913,300.95,2013,92,4.69,38.99
171790,Active,586987,NA,NA,D,2,1,1030784.411,40.82,2008,48,4,33.64
171791,Active,715792,NA,NA,D,9,1,765963.025,204.93,2012,41,5.29,10.98
171792,Active,112034,NA,NA,D,2,1,69402.6975,226.89,2010,191,5.59,14.69
171793,Active,110632,NA,NA,D,14,1,884745.965,11.63,2009,81,4,11.52
171794,Active,286448,NA,NA,D,1,0,454455.5525,243.8,2009,64,5.42,11.64
171795,Active,530388,NA,NA,D,2,1,456371.2975,281.2,2012,71,5.88,33.62
171796,Active,1657250,NA,NA,S,4,1,1551813.324,233.56,2007,25,30.52,379.71
171797,Active,108619,NA,NA,S,5,1,1296573.035,23.98,2005,72,4,23.98
171798,Active,148345,NA,NA,S,6,1,792855.6875,295.95,2006,34,10.31,51.95
171799,Active,50409,NA,NA,D,12,1,894543.18,220.95,2006,85,4.08,11.28
171800,Active,50408,NA,NA,S,11,1,2683218.31,316.95,2005,54,4,9.84
171801,Active,586886,NA,NA,D,0,0,2206904.023,50.07,2007,33,4.76,11.99
171802,Active,178928,NA,NA,S,11,1,164683.1963,227.95,2010,51,8.98,78.26
171803,Active,288879,NA,NA,S,9,1,1686033.094,222.95,2004,48,4,17.94
171804,Active,50797,NA,NA,D,6,1,571005.815,25.73,2007,92,4,10.43
171805,Active,436745,NA,NA,D,11,1,934521.875,330.95,2008,89,4.23,9.69
171806,Active,50410,NA,NA,D,13,1,142050.9725,326.95,2009,150,4,13.98
171807,Active,243551,NA,NA,D,3,1,951428.33,11.99,2007,62,4,10.76
171808,Active,243164,NA,NA,D,2,1,1475492.334,13.99,2006,42,4,13.99
171809,Active,871064,NA,NA,D,5,1,79077.865,85.9,2012,60,19.87,37.95
171810,Active,279487,NA,NA,D,4,1,93677.97375,43.94,2010,69,4,16.01
171811,Active,538790,NA,NA,D,4,1,42503.15625,268.25,2012,67,19.29,62.84
171812,Active,538674,NA,NA,S,4,1,298606.4513,201.25,2012,25,8.14,110.79
171813,Active,51689,NA,NA,D,2,1,1077523.918,16.93,2008,96,3.98,15.77
171814,Active,51691,NA,NA,D,3,1,537516.6388,72.92,2010,80,5.36,56.05
171815,Active,50823,NA,NA,S,5,1,390042.7788,185.65,2002,38,6.48,59.53
171816,Active,50826,NA,NA,D,8,1,442717.095,22.78,2010,114,4.58,15.74
171817,Active,54735,NA,NA,D,5,1,1249240.903,85.81,2010,39,4.97,37.85
171818,Active,110634,NA,NA,D,5,1,464820.3513,275.25,2010,75,4,33.49
171819,Active,551180,NA,NA,D,6,1,89604.30875,38.89,2012,122,7.88,52.64
171820,Active,50788,NA,NA,S,6,1,777226.08,391.95,2007,91,4,10.99
171821,Active,51722,NA,NA,D,2,1,1370626.885,213.33,2007,59,4,24.41
171822,Active,50798,NA,NA,D,7,1,119298.1288,43.49,2009,127,4.75,38.98
171823,Active,587833,NA,NA,S,7,1,532727.1413,71,2012,29,11.71,19.76
171824,Active,530393,NA,NA,S,8,1,639443.6613,58.45,2012,16,23.99,55.83
171825,Active,163376,NA,NA,D,6,1,934452.9575,34.99,2011,28,4,26.8
171826,Active,53233,NA,NA,S,5,1,2482450.704,318.95,2006,60,4.74,11.41
171827,Active,533603,NA,NA,D,8,1,366701.275,364.95,2012,70,4.7,33.94
171828,Active,609895,NA,NA,D,9,1,50171.8525,364.95,2014,81,8.73,68.57
171829,Active,53235,NA,NA,D,7,1,965407.295,364.95,2010,84,4,20.26
171830,Active,421414,NA,NA,S,4,1,2920956.671,160,2006,47,4,13.93
171831,Active,446925,NA,NA,D,10,1,582615.9425,36.01,2010,77,3.76,9.99
171832,Active,166436,NA,NA,D,8,1,2083808.458,12.89,2005,30,4,23.93
171833,Active,290143,NA,NA,D,9,1,1280108.48,5.58,2008,59,4,8.19
171834,Active,120257,NA,NA,S,6,1,34530.5925,259,2011,90,6.94,34.99
171835,Active,118216,NA,NA,S,5,1,550296.0175,201.2,2009,75,4,37.97
171836,Active,50786,NA,NA,D,6,1,173064.5138,15.12,2011,142,6.01,31.97
171837,Active,50784,NA,NA,S,3,1,2056426.129,9.98,2003,130,3.97,9.48
171838,Active,50783,NA,NA,D,5,1,452045.695,15.99,2008,207,4,7.91
171839,Active,912796,NA,NA,S,6,1,2638788.509,109.75,2007,26,4.54,55.89
171840,Active,543778,NA,NA,S,2,1,17548.85875,99.95,2012,183,7.94,65.96
171841,Active,178983,NA,NA,D,1,0,681320.1088,97.75,2010,46,4.01,16.95
171842,Active,456507,NA,NA,D,1,0,243045.2338,114.95,2010,33,28.11,30.48
171843,Active,164634,NA,NA,D,1,0,958891.1163,95,2004,27,6.27,33.88
171844,Active,445954,NA,NA,S,2,1,1218208.824,130,2006,24,15.95,39.95
171845,Active,244167,NA,NA,D,6,1,157395.1563,129.95,2011,65,16.54,83.01
171846,Active,148566,NA,NA,D,4,1,1548447.293,153.95,2006,41,4.71,44.46
171847,Active,290364,NA,NA,S,2,1,788837.9238,165,2004,38,4,11.99
171848,Active,538791,NA,NA,D,5,1,18153.4175,361.25,2012,166,7.44,27.21
171849,Active,2265082,NA,NA,S,16,1,1608428.665,69.67,2011,37,11.13,199.97
171850,Active,54517,NA,NA,S,8,1,1747694.46,223.95,2004,98,4.48,8.29
171851,Active,876993,NA,NA,S,7,1,5196471.081,150.36,2004,14,8.98,63.04
171852,Active,308847,NA,NA,S,13,1,1550223.583,47.85,2004,53,4,45.44
171853,Active,50831,NA,NA,D,7,1,3447963.729,246.95,2005,61,4.53,21.88
171854,Active,570479,NA,NA,D,11,1,105937.1475,357.95,2011,162,6.71,42.99
171855,Active,110633,NA,NA,D,15,1,541672.4338,18.94,2009,95,5.77,16.93
171856,Active,587739,NA,NA,D,1,0,32372.95,157.14,2011,50,28.98,75.67
171857,Active,911686,NA,NA,D,1,0,149144.4875,243.25,2011,40,19.48,66.97
171858,Active,309806,NA,NA,D,4,1,353020.8225,43.03,2010,121,5.89,26.99
171859,Active,50832,NA,NA,D,8,1,1200278.758,351.95,2007,77,4.53,11.99
171860,Active,60386,NA,NA,S,2,1,1320201.533,18.95,2007,61,4.69,18.98
171861,Active,54519,NA,NA,D,10,1,293376.2963,394.95,2008,133,4.48,33.31
171862,Active,601194,NA,NA,D,3,1,267090.5813,213.59,2013,45,22.49,108.99
171863,Active,243550,NA,NA,D,1,0,305717.7838,27.93,2008,39,4.44,26.87
171864,Active,301277,NA,NA,D,2,1,129402.9575,65.14,2010,48,7.31,21.79
171865,Active,60385,NA,NA,D,14,1,1312229.664,28.54,2006,89,4,28.97
171866,Active,416614,NA,NA,D,3,1,817803.5363,21.99,2008,83,4.5,21.99
171867,Active,380521,NA,NA,S,1,0,429414.0225,296.95,2011,64,16.94,76.99
171868,Active,416583,NA,NA,S,3,1,2468241.269,179.07,2008,13,6.99,103.24
171869,Active,309756,NA,NA,S,4,1,1038233.263,123.99,2010,24,9.02,86.84
171870,Active,110005,NA,NA,D,3,1,2375692.311,27.89,2008,6,4.65,12.89
171871,Active,625851,NA,NA,D,0,0,1233886.176,118,1987,33,4,35.98
171872,Active,566083,NA,NA,S,1,0,73743.925,209.75,2011,36,22.87,50.37
171873,Active,2339412,NA,NA,D,0,0,4691047.349,77.4,1994,16,4.59,72.87
171874,Active,50845,NA,NA,D,7,1,243189.0475,90.14,2010,49,13.82,53.88
171875,Active,50842,NA,NA,S,4,1,4957669.146,128.2,2002,26,4.2,19.01
171876,Active,50846,NA,NA,D,6,1,779329.1225,60.43,2007,42,4,28.9
171877,Active,50875,NA,NA,D,10,1,486848.1338,35.91,2008,91,4.35,23.99
171878,Active,50877,NA,NA,D,9,1,976781.9338,28.22,2005,50,4,22.53
171879,Active,162332,NA,NA,S,1,0,164988.0763,115,2009,17,50.94,81.09
171880,Active,564862,NA,NA,D,1,0,2792905.624,59.95,2011,21,21.45,52
171881,Active,116646,NA,NA,D,10,1,539955.9175,200,2004,97,4,11.23
171882,Active,118707,NA,NA,D,11,1,141373.2025,275,2010,74,9.93,47.41
171883,Active,404928,NA,NA,D,0,0,1809466.885,49.95,2003,30,4,33.85
171884,Active,539352,NA,NA,D,2,1,649916.2363,148.93,2012,31,5.21,113.98
171885,Active,632269,NA,NA,D,2,1,847282.9075,101.53,2012,51,4.98,28.98
171886,Active,431107,NA,NA,S,5,1,3168337.829,125,2009,20,4.78,5.63
171887,Active,366504,NA,NA,D,0,0,1120458.688,87.95,2005,34,4.34,33.6
171888,Active,248933,NA,NA,D,3,1,533040.985,87.95,2007,77,4,13
171889,Active,530379,NA,NA,S,4,1,24679.63,105,2012,53,49.99,67.33
171890,Active,116764,NA,NA,D,2,1,820375.5475,198.67,2005,55,4.27,26
171891,Active,901371,NA,NA,D,0,0,1871138.874,71.95,1993,15,33.95,279.63
171892,Active,295419,NA,NA,D,6,1,360447.9175,84.2,1999,26,7.11,94.96
171893,Active,202349,NA,NA,S,2,1,725046.565,285.95,2002,39,5.92,47.43
171894,Active,896985,NA,NA,S,3,1,190059.21,49.95,2014,31,40.98,45.06
171895,Active,279513,NA,NA,D,1,0,52565.85375,59,2010,61,8.49,47.19
171896,Active,292310,NA,NA,D,2,1,1317246.655,116.95,2007,51,4,10.99
171897,Active,162875,NA,NA,D,3,1,311391.9863,120,2009,63,4.13,33.81
171898,Active,535864,NA,NA,D,14,1,3476.24875,355.95,2013,111,14.34,142.99
171899,Active,50333,NA,NA,S,10,1,2235398.435,234.95,2001,66,4,5.76
171900,Active,50336,NA,NA,D,12,1,302030.2663,310.95,2007,195,4,18.29
171901,Active,698175,NA,NA,S,2,1,1251274.484,48.94,2001,20,4.69,69.2
171902,Active,107112,NA,NA,S,2,1,435805.09,66.11,2001,96,4.61,46.53
171903,Active,50809,NA,NA,D,6,1,526062.8475,230.2,2008,87,4.35,20.34
171904,Active,706058,NA,NA,S,5,1,1320743.933,310.5,2012,26,15.69,226.78
171905,Active,148465,NA,NA,D,7,1,3783212.279,224.95,2006,17,4.09,110.2
171906,Active,535542,NA,NA,D,10,1,301731.2325,267.95,2012,42,26.44,80
171907,Active,148636,NA,NA,S,8,1,567595.23,283.95,2008,34,4.29,31.64
171908,Active,50808,NA,NA,D,5,1,270712.3613,166.67,2005,63,4,13.93
171909,Active,144179,NA,NA,S,3,1,3177836.003,123,1999,31,4,25.39
171910,Active,51093,NA,NA,D,4,1,941966.9525,23.1,2008,58,4,25.06
171911,Active,877274,NA,NA,D,3,1,2450265.224,182.19,2005,22,4.58,8.99
171912,Active,50856,NA,NA,D,7,1,1435902.04,329.95,2005,37,4,78.29
171913,Active,50853,NA,NA,S,6,1,1035311.175,216.95,2002,51,4.09,11.53
171914,Active,286195,NA,NA,D,7,1,24331.635,273,2011,103,14.64,53.85
171915,Active,51092,NA,NA,D,3,1,2402463.014,4.92,2005,44,4,5.24
171916,Active,660810,NA,NA,S,1,0,83481.5,100,2013,18,54.72,54.65
171917,Active,1490656,NA,NA,S,4,1,10188.01625,115,2014,47,73.86,71.71
171918,Active,540284,NA,NA,D,3,1,40391.60375,92,2008,91,15.31,46.97
171919,Active,530376,NA,NA,S,2,1,504780.0488,90,2012,15,24.99,33.97
171920,Active,167263,NA,NA,D,0,0,1274237.119,85,2007,26,8.26,50.41
171921,Active,61139,NA,NA,S,3,1,1662774.295,186.67,2004,55,4,9
171922,Active,112037,NA,NA,D,5,1,105920.3063,74.99,2011,72,6.21,62.67
171923,Active,561869,NA,NA,S,9,1,2784554.931,243.95,2003,38,4.35,7.9
171924,Active,254166,NA,NA,D,12,1,382089.5713,344.95,2010,55,6.85,29.9
171925,Active,60387,NA,NA,D,10,1,2218017.846,292.95,2006,33,4,9.99
171926,Active,416673,NA,NA,D,4,1,719883.4725,275,2008,71,4,8.79
171927,Active,148712,NA,NA,D,11,1,955275.2388,401.95,2008,43,4,23.49
171928,Active,1610475,NA,NA,S,0,0,138952.95,999.11,2011,17,8.98,62.45
171929,Active,554007,NA,NA,S,3,1,1133370.199,145.2,1997,37,4,75.58
171930,Active,530373,NA,NA,D,7,1,67521.9175,358.95,2010,69,11.78,43.98
171931,Active,435730,NA,NA,D,6,1,103241.06,275.95,2006,81,4.14,35.99
171932,Active,608051,NA,NA,S,5,1,2131989.951,243.95,2003,49,4,13.7
171933,Active,548096,NA,NA,S,4,1,2449707.738,235.95,1998,38,4,12.87
171934,Active,2043062,NA,NA,D,1,0,2421342.539,69.25,2008,14,11.49,78.05
171935,Active,164347,NA,NA,D,0,0,1416969.271,100,2003,20,4.41,15.94
171936,Active,446713,NA,NA,D,5,1,1277976.545,175,2009,21,12.98,101.03
171937,Active,339365,NA,NA,S,4,1,2116226.181,170,2007,16,33.85,69.13
171938,Active,405814,NA,NA,D,2,1,2550336.689,150,2003,15,6.88,124.45
171939,Active,2568036,NA,NA,D,2,1,3713415.569,141.95,2001,11,15.99,99.39
171940,Active,541389,NA,NA,S,2,1,563188.5088,74.95,2013,17,22.73,34.77
171941,Active,597867,NA,NA,D,1,0,2658712.165,39.95,2004,29,3.99,9.98
171942,Active,549550,NA,NA,S,2,1,271390.8175,34.95,2002,95,4,7.13
171943,Active,2626364,NA,NA,D,6,1,5619460.849,281.95,1995,20,4.77,11.71
171944,Active,2626579,NA,NA,D,7,1,9614247.97,241.95,1997,11,5.72,10
171945,Active,914978,NA,NA,D,3,1,1378510.76,94.95,2002,34,4.66,49.23
171946,Active,109435,NA,NA,D,3,1,645384.75,16.99,2006,47,4.34,28.94
171947,Active,698722,NA,NA,D,2,1,3462751.65,25.25,2003,20,5.48,25.25
171948,Active,658116,NA,NA,D,3,1,20320.66875,133.95,2013,66,20.98,52.99
171949,Active,625312,NA,NA,D,2,1,188367.6975,198.75,2009,51,5.48,48.33
171950,Active,416487,NA,NA,D,9,1,1384591.951,193.25,2005,55,4.58,20.98
171951,Active,759833,NA,NA,D,3,1,715086.7663,85,2002,31,4,12.9
171952,Active,870186,NA,NA,D,10,1,831364.04,47.98,2008,19,4.58,47.97
171953,Active,541708,NA,NA,S,2,1,307976.4938,75,2009,27,28.6,33.35
171954,Active,556585,NA,NA,D,3,1,610888.195,131,1988,52,4,24.98
171955,Active,559009,NA,NA,S,2,1,2424333.739,59.99,2010,18,37.09,46.99
171956,Active,530371,NA,NA,S,3,1,342014.965,150,2011,36,35.86,85.09
171957,Active,756604,NA,NA,D,1,0,2746464.618,95,2003,17,6.23,18.98
171958,Active,449493,NA,NA,D,2,1,1755851.465,115,2006,24,3.99,38.94
171959,Active,541727,NA,NA,S,3,1,432933.905,65,2011,26,5.62,39.22
171960,Active,201668,NA,NA,D,0,0,1775442.886,54.95,2003,22,4,21.73
171961,Active,542956,NA,NA,S,2,1,507929.7938,54.95,2012,23,41.64,51.82
171962,Active,131440,NA,NA,S,8,1,2158141.461,106.4,2001,36,4,18.97
171963,Active,131876,NA,NA,S,9,1,776481.155,120.2,2004,57,4,15.87
171964,Active,132293,NA,NA,D,10,1,519264.6988,136,2007,74,4,33.14
171965,Active,2163035,NA,NA,S,3,1,88395.885,89,2013,34,47.94,58.94
171966,Active,2505566,NA,NA,S,1,0,646406.8625,50,1992,30,4,61.02
171967,Active,530368,NA,NA,S,5,1,739360.1888,44.95,2007,25,10.79,34.4
171968,Active,615110,NA,NA,D,0,0,474270.06,62,2009,76,8.31,27.99
171969,Active,663322,NA,NA,S,2,1,42695.2925,81,2013,46,44.99,55.4
171970,Active,143372,NA,NA,S,11,1,5080002.729,34,1999,30,4,15.96
171971,Active,560299,NA,NA,S,12,1,296352.0588,86,2008,45,16.19,36.49
171972,Active,2159406,NA,NA,D,2,1,785441.3613,44.95,2008,37,5.44,11.94
171973,Active,749041,NA,NA,D,1,0,4154210.991,127,2007,20,4.23,16.92
171974,Active,530365,NA,NA,S,5,1,70651.47125,71,2007,37,4.89,0
171975,Active,541312,NA,NA,D,1,0,1014812.82,145.95,2004,27,78.14,0
171976,Active,910011,NA,NA,S,2,1,222798.1,56.89,1900,30,23.83,63.98
171977,Active,2090664,NA,NA,S,0,0,383368.1425,13.95,2012,24,12.95,13.95
171978,Active,910329,NA,NA,D,1,0,1658808.803,110,1999,25,4.44,33.98
171979,Active,117804,NA,NA,D,3,1,202756.2313,249,2007,41,27.72,75.97
171980,Active,115751,NA,NA,D,2,1,1059663.075,139,2003,28,6.39,43.99
171981,Active,2698164,NA,NA,S,5,1,4380138.926,94.95,2000,15,31.95,45.98
171982,Active,2698169,NA,NA,D,5,1,2584134.751,99.95,2000,15,38.79,62.47
171983,Active,644310,NA,NA,D,0,0,574056.395,91,1982,31,16.99,0
171984,Active,2380163,NA,NA,S,0,0,740421.9625,65,1981,22,19.84,97.33
171985,Active,658930,NA,NA,S,10,1,1230474.094,140.67,2011,28,11.98,51.99
171986,Active,872428,NA,NA,D,4,1,1402937.651,133,1995,35,4,41.48
171987,Active,561455,NA,NA,D,10,1,19206.97375,209.2,2011,107,13.72,51.95
171988,Active,169659,NA,NA,D,4,1,1456306.826,292.95,2007,26,4.14,50.41
171989,Active,608225,NA,NA,D,10,1,397296.4525,39.4,2007,83,6.49,40.52
171990,Active,164965,NA,NA,D,9,1,931309.065,22.44,2003,75,4,19.22
171991,Active,177098,NA,NA,S,3,1,2058926.443,170.95,2003,36,4.83,48.13
171992,Active,169241,NA,NA,D,4,1,2077700.725,266.95,2006,21,7.44,8.99
171993,Active,530362,NA,NA,D,5,1,113318.0388,357.95,2010,78,7.28,55.2
171994,Active,61200,NA,NA,D,4,1,830099.4538,240.95,2007,39,5.47,99.49
171995,Active,540616,NA,NA,D,9,1,52507.5875,238.4,2011,103,6.53,78.99
171996,Active,635766,NA,NA,S,9,1,493740.41,155.33,2011,52,4.11,55.48
171997,Active,145482,NA,NA,D,8,1,217313.135,185.33,2007,79,5.99,14.75
171998,Active,114573,NA,NA,S,8,1,2478518.086,120,2003,67,4.35,11.54
171999,Active,53213,NA,NA,D,9,1,677290.1563,147.33,2006,90,4.34,19.66
172000,Active,53214,NA,NA,D,10,1,139800.8238,176,2009,124,5.14,23.95
172001,Active,420482,NA,NA,S,1,0,343834.5313,120,2002,22,4.17,13.98
172002,Active,618000,NA,NA,S,5,1,56751.88375,222,2005,88,16.24,134.5
172003,Active,182944,NA,NA,S,2,1,753709.0163,291.95,2004,49,4.98,41.35
172004,Active,178730,NA,NA,D,7,1,268907.9425,222,2010,55,6.03,78.98
172005,Active,561003,NA,NA,D,9,1,204126.9763,172.67,2007,156,4,27.37
172006,Active,560785,NA,NA,S,3,1,136772.9613,215.6,2003,41,58.63,133.94
172007,Active,60388,NA,NA,D,6,1,928934.7575,325.95,2004,34,4,15.81
172008,Active,60389,NA,NA,D,4,1,3157039.08,252.95,2006,39,4.07,10.94
172009,Active,594087,NA,NA,D,5,1,539717.8275,337.95,2010,83,4,21.78
172010,Active,146165,NA,NA,D,12,1,228317.3163,190.33,2010,220,4,28.74
172011,Active,422062,NA,NA,D,11,1,1491953.891,36.67,2008,40,4,6.26
172012,Active,53275,NA,NA,D,8,1,1537694.866,327.95,2005,63,4,6.99
172013,Active,53273,NA,NA,D,9,1,745246.4938,277.95,2008,125,3.99,8.99
172014,Active,53276,NA,NA,D,10,1,100394.9025,252.95,2011,118,4,17.35
172015,Active,530357,NA,NA,D,7,1,198263.465,325.95,2007,81,4,52.93
172016,Active,611928,NA,NA,S,6,1,235138.5575,166.95,2013,28,23.24,0
172017,Active,607914,NA,NA,S,8,1,805211.2863,134.67,2004,79,4,16.95
172018,Active,620095,NA,NA,D,10,1,882695.9363,45.5,2008,23,4,44.35
172019,Active,607936,NA,NA,D,9,1,619255.05,158,2006,91,4,13.48
172020,Active,146269,NA,NA,D,10,1,315999.9075,190.33,2010,138,3.88,22.03
172021,Active,2256911,NA,NA,D,10,1,3267035.628,55.99,2010,44,5.59,38.94
172022,Active,2681452,NA,NA,D,0,0,2668475.646,98,2004,16,12.03,11.95
172023,Active,2600457,NA,NA,D,0,0,4466370.898,36.99,1994,16,32.56,80.6
172024,Active,196375,NA,NA,D,3,1,971540.145,55.95,1997,29,4,31.09
172025,Active,336327,NA,NA,D,0,0,1925080.895,40.95,1999,28,19.09,78.99
172026,Active,635586,NA,NA,S,2,1,103917.9175,110.95,2013,30,40.18,0
172027,Active,631739,NA,NA,S,4,1,224630.63,47,2007,42,46.89,0
172028,Active,890634,NA,NA,D,8,1,673567.5525,71.56,2012,15,40.41,51.13
172029,Active,3303492,NA,NA,D,7,1,2356044.656,55.6,2005,17,14.94,122.63
172030,Active,230945,NA,NA,D,8,1,595234.015,174.95,2002,27,5.24,73.17
172031,Active,202394,NA,NA,D,2,1,1282849.074,113.95,2004,20,13.97,52.88
172032,Active,245192,NA,NA,S,1,0,21359.625,135.95,2008,44,51.29,68.14
172033,Active,3606214,NA,NA,D,0,0,997053.1,45,1985,27,4,47.68
172034,Active,2373747,NA,NA,D,1,0,1720544.514,77.33,2003,25,4,25.76
172035,Active,1457687,NA,NA,D,2,1,1447852.124,90.67,2008,39,4.18,41.23
172036,Active,788046,NA,NA,D,1,0,1937937.469,56.95,1998,22,7,75.64
172037,Active,863366,NA,NA,S,2,1,805594.6,59,2006,30,26.72,0
172038,Active,584780,NA,NA,S,4,1,38139.075,69.45,2011,18,46.45,0
172039,Active,584777,NA,NA,D,3,1,471530.135,40.5,2005,54,4,0
172040,Active,615129,NA,NA,D,6,1,878473.3938,30,1998,72,4,0
172041,Active,778823,NA,NA,S,0,0,256299.965,73.95,2012,13,49.84,53.99
172042,Active,200433,NA,NA,D,3,1,136352.0263,122.95,2010,36,4.86,63.67
172043,Active,778486,NA,NA,D,0,0,2252976.686,63.95,2006,7,19.82,0
172044,Active,653714,NA,NA,S,2,1,961153.0963,73.95,2011,17,25.34,0
172045,Active,199977,NA,NA,D,1,0,995366.1613,99.95,2005,35,5.97,19.69
172046,Active,576601,NA,NA,D,1,0,2242433.601,54.95,2005,16,4.96,13.98
172047,Active,300239,NA,NA,D,3,1,426796.4438,79,2005,30,15.84,42.94
172048,Active,530354,NA,NA,S,3,1,181001.695,144.95,2006,65,21.19,53.88
172049,Active,202393,NA,NA,D,2,1,2228829.743,82.95,2002,25,3.99,11.99
172050,Active,2869909,NA,NA,D,19,1,374842.9175,224.75,2003,22,47.61,128.96
172051,Active,245140,NA,NA,D,1,0,389171.3688,102.95,2008,41,17.94,103.43
172052,Active,868528,NA,NA,S,2,1,66433.59625,94.95,2013,39,49.75,53.97
172053,Active,662764,NA,NA,D,2,1,2357599.626,93.97,2003,14,4.5,46.13
172054,Active,663782,NA,NA,S,2,1,94746.19125,95.95,2013,28,83.97,53.98
172055,Active,200322,NA,NA,D,1,0,622292.645,104.95,2008,52,14.48,34.94
172056,Active,1933351,NA,NA,S,2,1,295897.0725,68.95,2013,11,33.99,48.99
172057,Active,1447577,NA,NA,S,1,0,81659.7,80,2007,19,59.16,145.89
172058,Active,312466,NA,NA,D,1,0,3158028.695,53.33,2000,18,4.31,35.29
172059,Active,120281,NA,NA,S,3,1,116882.4475,108.67,2009,29,56.88,82.1
172060,Active,116023,NA,NA,D,2,1,912581.2163,64.67,2004,21,8.24,82.12
172061,Active,576615,NA,NA,S,1,0,232797.8625,103.95,2009,24,24.25,53.93
172062,Active,716451,NA,NA,D,7,1,3283859.216,0,2005,15,63.98,93.85
172063,Active,1958019,NA,NA,S,0,0,30174.575,40,2014,22,16.94,20.33
172064,Active,661141,NA,NA,D,1,0,588698.4463,74.95,2011,20,18.99,0
172065,Active,245040,NA,NA,S,2,1,398076.2913,180.95,2004,34,5.08,17.49
172066,Active,2745183,NA,NA,S,1,0,1430294.956,102.95,2000,55,4.44,21.27
172067,Active,914376,NA,NA,D,1,0,1610703.791,34.95,1994,26,5.74,43.99
172068,Active,911159,NA,NA,D,2,1,1055873.476,34.95,2001,27,7.41,16.68
172069,Active,610178,NA,NA,S,3,1,66372.4675,110.95,2013,30,48.62,63.61
172070,Active,202228,NA,NA,S,1,0,1883410.24,85.95,2000,34,4,13.99
172071,Active,249875,NA,NA,D,2,1,614350.215,168.95,2007,55,6.21,68.01
172072,Active,631701,NA,NA,S,2,1,344931.4013,89,2008,29,13.9,58.04
172073,Active,828773,NA,NA,D,1,0,1390613.748,55,2002,13,12.09,12.14
172074,Active,747156,NA,NA,S,0,0,669968.2125,42,1998,36,4,21.47
172075,Active,617696,NA,NA,S,2,1,219175.3113,59.99,2003,47,4,28.9
172076,Active,612650,NA,NA,S,2,1,47777.52875,39.99,2014,67,23.46,29.99
172077,Active,865077,NA,NA,S,2,1,570335.6925,45,2009,41,8.45,0
172078,Active,530351,NA,NA,S,3,1,40398.235,50,2012,57,13.65,28.5
172079,Active,613468,NA,NA,D,2,1,426525.9,45.95,2009,67,4,10
172080,Active,106385,NA,NA,D,1,0,1498526.843,41.95,2006,55,4,10.97
172081,Active,254526,NA,NA,D,6,1,14286.1825,59.95,2011,133,5.15,21.99
172082,Active,530350,NA,NA,S,6,1,958372.5625,51.95,2011,34,5.61,38.99
172083,Active,200216,NA,NA,S,5,1,1279969.741,42.95,2006,70,3.98,13.74
172084,Active,200596,NA,NA,S,5,1,846350.4488,57.75,2009,49,4,10.99
172085,Active,530349,NA,NA,S,10,1,26221.4925,136,2011,46,28.99,68
172086,Active,609320,NA,NA,D,9,1,180641.0188,97,2007,50,4.15,13.94
172087,Active,212338,NA,NA,D,8,1,981788.7438,77,2003,52,4,23.97
172088,Active,629945,NA,NA,S,2,1,59622.53125,93,2011,60,33.99,49.17
172089,Active,868014,NA,NA,D,1,0,330270.375,89.95,2008,48,16.99,43.99
172090,Active,621310,NA,NA,S,2,1,102810.7888,72,2011,55,15.89,41.49
172091,Active,701466,NA,NA,D,1,0,880603.5138,69.95,2008,43,4,20.94
172092,Active,530348,NA,NA,S,2,1,51423.65,50,2009,24,15.99,28.99
172093,Active,530347,NA,NA,S,3,1,94677.7175,50,2011,39,13.27,27.82
172094,Active,106192,NA,NA,S,1,0,159360.4738,104,2010,40,31.98,0
172095,Active,635610,NA,NA,S,2,1,69398.785,85,2012,29,43.99,59.95
172096,Active,106477,NA,NA,S,4,1,1974622.495,39.95,2006,41,4,4
172097,Active,533015,NA,NA,S,5,1,224023.9325,43,2010,61,10.34,12.94
172098,Active,606801,NA,NA,S,3,1,63077.48625,50,2010,80,9.57,29.93
172099,Active,530346,NA,NA,S,3,1,27830.76125,70,2012,49,47.58,60.55
172100,Active,701694,NA,NA,D,2,1,788450.5425,69,2008,48,30.52,73.97
172101,Active,618595,NA,NA,S,1,0,38490.925,74,2008,33,28.61,50.57
172102,Active,538183,NA,NA,D,1,0,731720.0963,78,2010,32,7.69,45.92
172103,Active,621943,NA,NA,S,3,1,56357.66625,50,2010,55,17.88,33.87
172104,Active,530345,NA,NA,S,2,1,167546.7463,50,2009,30,13.43,41.62
172105,Active,626739,NA,NA,D,1,0,1923583.253,81.95,2006,26,4,18.99
172106,Active,626244,NA,NA,S,2,1,239633.4713,93,2010,34,18.94,65.23
172107,Active,530344,NA,NA,S,3,1,33621.73125,50,2010,38,19.41,30.96
172108,Active,533014,NA,NA,D,3,1,28934.15125,50,2011,78,6.84,21.98
172109,Active,866603,NA,NA,S,0,0,23285.7425,50,2014,74,18.97,42.98
172110,Active,606787,NA,NA,S,0,0,1042813.015,44.95,2008,84,4,12.93
172111,Active,106578,NA,NA,D,6,1,1292086.741,44.95,2007,115,4,8.99
172112,Active,530340,NA,NA,D,8,1,83822.12875,51,2012,134,5.99,13.49
172113,Active,606798,NA,NA,D,7,1,602720.4788,45.95,2009,113,3.9,10.49
172114,Active,864648,NA,NA,S,5,1,2529.63,50,2014,58,23.24,30.98
172115,Active,614651,NA,NA,D,3,1,263910.23,45.95,2009,95,4,7.97
172116,Active,530339,NA,NA,D,4,1,124386.5188,50,2012,96,8.92,20.98
172117,Active,106462,NA,NA,D,2,1,1100696.996,44.95,2006,93,4,10.98
172118,Active,106579,NA,NA,D,2,1,1097277.141,44.95,2007,53,4,6.98
172119,Active,530338,NA,NA,D,3,1,261125.275,51,2010,88,4,20.68
172120,Active,106017,NA,NA,S,1,0,1491071.43,44.95,2004,55,4,14.99
172121,Active,106178,NA,NA,D,3,1,836939.9388,42.95,2005,72,4,12.89
172122,Active,530337,NA,NA,S,5,1,50597.77125,50,2012,32,20.14,37.4
172123,Active,606790,NA,NA,D,4,1,577511.8488,46.95,2008,68,4.35,13.02
172124,Active,106544,NA,NA,D,1,0,1419926.036,41.95,2006,60,4,9.99
172125,Active,1436078,NA,NA,D,2,1,672774.1475,45.95,2009,91,4.34,11.99
172126,Active,530336,NA,NA,S,3,1,13403.57125,46,2012,70,13.94,28.96
172127,Active,530335,NA,NA,S,2,1,543671.0875,52,2009,39,14.66,32.63
172128,Active,649954,NA,NA,D,3,1,1256188.889,142.01,2011,21,4.99,142.01
172129,Active,270125,NA,NA,S,4,1,1188198.753,194,2011,36,8.49,58.03
172130,Active,530333,NA,NA,S,3,1,2397782.275,156,2008,21,6.75,22.45
172131,Active,615025,NA,NA,D,3,1,493192.3025,144,2008,32,4.83,56.22
172132,Active,628143,NA,NA,D,3,1,2886297.486,80,2001,21,4.34,38.6
172133,Active,859532,NA,NA,D,3,1,2152064.8,122,2007,25,4.35,23.46
172134,Active,592805,NA,NA,S,2,1,1216864.479,190.5,2010,31,5.49,42.49
172135,Active,270106,NA,NA,D,4,1,976022.4488,147,2010,48,4.63,25.99
172136,Active,142908,NA,NA,S,3,1,1429432.543,30,2004,19,4.47,22.64
172137,Active,143164,NA,NA,S,4,1,649311.32,43,2008,42,10.21,33.94
172138,Active,652465,NA,NA,S,1,0,169481.33,101.8,2012,64,38.96,73.98
172139,Active,532393,NA,NA,D,3,1,596563.6738,181.95,2005,49,4.49,45.19
172140,Active,117685,NA,NA,S,3,1,266529.27,116.6,2005,46,29.78,87.45
172141,Active,176639,NA,NA,D,1,0,1180523.993,89.95,1997,29,11.76,48.44
172142,Active,622113,NA,NA,S,5,1,638347.9838,74.95,1998,39,10.74,59.55
172143,Active,649599,NA,NA,S,3,1,163844.7363,209.95,2013,40,48.59,71.48
172144,Active,551920,NA,NA,S,3,1,469708.0663,244.2,1993,39,7.83,195.98
172145,Active,2238276,NA,NA,S,3,1,503961.8688,21.95,2014,22,21.11,20.54
172146,Active,178258,NA,NA,S,6,1,1727141.228,118.95,1996,53,4,15.98
172147,Active,545417,NA,NA,S,2,1,350418.53,74.95,2010,28,4.75,16.68
172148,Active,55000,NA,NA,D,8,1,500713.8013,375.95,2004,59,5.1,82.99
172149,Active,54999,NA,NA,S,7,1,721581.2963,137.95,2000,79,4,17.76
172150,Active,54998,NA,NA,D,9,1,59714.09875,341.95,2008,79,13.5,74.94
172151,Active,161549,NA,NA,S,0,0,54670.7,91.75,2007,18,42.98,43.58
172152,Active,169199,NA,NA,D,4,1,250095.9463,374.95,2008,27,56.99,175.99
172153,Active,176906,NA,NA,D,3,1,989070.0938,360.95,2002,38,3,63.92
172154,Active,876448,NA,NA,D,8,1,478063.6525,97.24,2008,19,8.98,63.98
172155,Active,530329,NA,NA,D,11,1,72862.69375,170.8,2012,88,5.32,69.68
172156,Active,530328,NA,NA,S,2,1,596166.2225,105,2009,41,40.36,68.3
172157,Active,177524,NA,NA,D,4,1,354249.01,368.95,2006,25,46.99,74.98
172158,Active,113984,NA,NA,D,1,0,1609151.434,91.6,2001,22,3.88,18.46
172159,Active,721700,NA,NA,S,0,0,438474.9613,99,2004,55,4.97,28.84
172160,Active,2156056,NA,NA,S,0,0,2361455.981,0,2008,21,4,29.97
172161,Active,1696010,NA,NA,S,0,0,108567.08,65,2014,49,42.94,44.33
172162,Active,291354,NA,NA,D,2,1,658719.0425,54.99,2009,48,4.03,38.98
172163,Active,760030,NA,NA,S,1,0,386589.9925,46,2003,50,4,20.87
172164,Active,51505,NA,NA,D,8,1,11472.9875,99.59,2011,122,8.01,62.22
172165,Active,538134,NA,NA,D,8,1,621343.4175,30.99,2011,37,5.8,28
172166,Active,923708,NA,NA,S,1,0,693584,9.99,2008,168,3.84,4.23
172167,Active,876035,NA,NA,D,3,1,1534013.798,53.98,2007,40,7.09,28.77
172168,Active,613434,NA,NA,S,2,1,1037432.718,47.49,2003,57,4,15.31
172169,Active,560101,NA,NA,D,4,1,17609.91375,68.94,2011,61,14.9,43.87
172170,Active,613484,NA,NA,D,3,1,286303.335,32.78,2007,84,4.48,20.31
172171,Active,678287,NA,NA,S,0,0,868821.4875,37,2006,67,8.25,24.99
172172,Active,635750,NA,NA,S,9,1,195105.8788,72.2,2011,30,18.63,58.99
172173,Active,539148,NA,NA,S,7,1,494114.59,120,2006,53,4.34,10.98
172174,Active,2366386,NA,NA,D,6,1,5275489.916,41,2001,23,4,48.95
172175,Active,233824,NA,NA,S,2,1,364297.1913,67,2003,23,19.36,94.56
172176,Active,530324,NA,NA,S,2,1,78793.4125,52.2,2007,90,6.49,36.99
172177,Active,534200,NA,NA,S,2,1,1033338.923,61,2009,41,4.33,26.34
172178,Active,620506,NA,NA,S,1,0,653043.9125,65.2,1997,26,11.27,0
172179,Active,54444,NA,NA,D,8,1,94919.34,385.95,2010,63,30.48,81.15
172180,Active,54443,NA,NA,D,7,1,383045.7788,370.95,2006,64,4.71,46.05
172181,Active,607536,NA,NA,S,5,1,2497295.72,101.95,1999,32,4,18.98
172182,Active,54445,NA,NA,D,6,1,1300825.414,151.95,2002,59,4,13.99
172183,Active,609121,NA,NA,D,2,1,1113621.568,245.95,2001,19,4,10.94
172184,Active,498728,NA,NA,S,3,1,1412519.69,242.95,2009,30,13.34,64.77
172185,Active,1839504,NA,NA,D,1,0,2561390.9,190,2006,19,34.81,164.31
172186,Active,295447,NA,NA,D,1,0,2323533.626,124.99,2000,17,26.19,90.93
172187,Active,189836,NA,NA,S,0,0,554437.215,80,2004,27,38.99,56.34
172188,Active,872347,NA,NA,S,3,1,3233000.498,85,1996,19,4.75,11.26
172189,Active,552136,NA,NA,S,5,1,99306.1125,205.8,2003,52,38.25,119.56
172190,Active,758098,NA,NA,D,4,1,1152807.519,165,2006,27,25.71,119.97
172191,Active,633915,NA,NA,D,4,1,1095307.796,606,2008,30,22.2,39.69
172192,Active,902065,NA,NA,S,31,1,84177.85375,23.99,2014,75,4.35,0
172193,Active,269484,NA,NA,D,1,0,1178498.003,73.95,2006,29,4.8,51.14
172194,Active,109706,NA,NA,S,7,1,2652487.085,7.82,2006,55,3.99,7.83
172195,Active,867889,NA,NA,S,11,1,13342.11,114.25,2014,35,39.63,71.96
172196,Active,550384,NA,NA,D,8,1,902145.1163,16.89,2008,57,4,13.99
172197,Active,646997,NA,NA,D,10,1,307754.7088,152.5,2012,23,18.98,27.99
172198,Active,111258,NA,NA,D,9,1,388646.4925,29.94,2010,72,4,28.99
172199,Active,51991,NA,NA,D,8,1,311991.3763,157.92,2008,129,4,19.19
172200,Active,610440,NA,NA,S,10,1,102290.0825,63.99,2012,43,23.37,43.62
172201,Active,2258431,NA,NA,S,9,1,1270369.658,39.61,2011,43,5.59,35.96
172202,Active,111257,NA,NA,D,9,1,308227.8913,28.96,2010,122,4,18.96
172203,Active,200450,NA,NA,D,2,1,1296334.57,75.95,2008,91,4,34.9
172204,Active,875186,NA,NA,D,2,1,2065829.25,70.5,2008,32,6.18,70.5
172205,Active,534771,NA,NA,D,3,1,210136.3825,111.95,2012,88,4.99,36.99
172206,Active,194083,NA,NA,S,6,1,769881.975,30.95,2006,81,4,21.69
172207,Active,56464,NA,NA,S,7,1,1800067.44,55.95,2006,42,4,6.49
172208,Active,586597,NA,NA,S,4,1,62681.825,69,2002,82,6.64,29.99
172209,Active,1935494,NA,NA,S,6,1,41509.45,39,2014,15,37.05,24.51
172210,Active,613122,NA,NA,S,4,1,566719.255,45.95,2011,63,4,23.98
172211,Active,907303,NA,NA,D,4,1,1926450.763,95,2007,21,5.79,73.19
172212,Active,265141,NA,NA,D,1,0,1881372.045,49.95,2006,23,4.13,29.48
172213,Active,299931,NA,NA,D,2,1,1043405.945,59.95,2008,29,5.48,17.47
172214,Active,392042,NA,NA,S,0,0,151268.825,59.95,2002,173,3.98,13.98
172215,Active,639166,NA,NA,S,2,1,214781.45,42,2010,21,20.4,24.38
172216,Active,212379,NA,NA,D,7,1,2158089.969,48.2,2007,38,4,10.59
172217,Active,530317,NA,NA,D,8,1,909339.1225,56.07,2010,49,4,23.97
172218,Active,639817,NA,NA,S,5,1,314961.7963,76.95,2012,41,9.8,21.91
172219,Active,194214,NA,NA,S,4,1,18611.7,39,2010,45,26.81,34.45
172220,Active,648665,NA,NA,S,2,1,834971.0138,46,2011,20,27.39,41.35
172221,Active,3599397,NA,NA,D,4,1,4148369.2,39,1988,23,4,65.9
172222,Active,475005,NA,NA,D,5,1,879615.6425,56.95,1997,39,4.48,0
172223,Active,2360519,NA,NA,S,5,1,5356771.816,395,1999,11,4.53,59.61
172224,Active,641646,NA,NA,S,0,0,39822.65,14.99,2007,29,8.89,0
172225,Active,288893,NA,NA,D,1,0,608283.4125,43.95,2004,21,5,38.94
172226,Active,623159,NA,NA,S,8,1,1073848.983,39.99,2007,26,4.12,9.96
172227,Active,1781169,NA,NA,S,3,1,243302.0925,45,2015,22,31.69,31.66
172228,Active,534205,NA,NA,S,3,1,282860.5825,103,2009,34,27.64,58.94
172229,Active,530306,NA,NA,S,3,1,64736.25375,95,2011,74,38.48,54.79
172230,Active,262281,NA,NA,D,0,0,2811452.99,79.95,2005,18,3,23.89
172231,Active,163676,NA,NA,D,2,1,829014.5775,80,2002,29,4,32.49
172232,Active,161982,NA,NA,S,1,0,281778.3213,221.95,2010,39,48.99,95.98
172233,Active,163305,NA,NA,S,1,0,576678.525,90,2003,36,19.93,48.7
172234,Active,723496,NA,NA,S,1,0,423323.435,74,2008,63,4,9.25
172235,Active,1833244,NA,NA,S,0,0,88492.725,99.99,2014,8,58.25,57.75
172236,Active,553283,NA,NA,S,3,1,2128218.045,76,1995,38,4,22.68
172237,Active,55244,NA,NA,D,5,1,89526.605,104.4,2006,68,4,31.56
172238,Active,55243,NA,NA,D,4,1,657940.0438,81.2,2000,59,4,6.48
172239,Active,2085718,NA,NA,S,0,0,47353.75,77.99,2013,6,53.98,53.98
172240,Active,1932618,NA,NA,S,1,0,30115.175,39.99,2014,14,25.5,25.42
172241,Active,915371,NA,NA,S,1,0,575013.56,8.95,2008,48,4,7.44
172242,Active,719702,NA,NA,S,0,0,258950.4225,35,1999,42,7.97,22.59
172243,Active,717934,NA,NA,S,1,0,228487.4438,99,1998,131,4,11.49
172244,Active,873639,NA,NA,D,1,0,496396.0238,42,1987,131,3.99,7.94
172245,Active,617292,NA,NA,S,3,1,4992.73625,69,2011,60,33.73,42.99
172246,Active,297077,NA,NA,S,9,1,61832.4,42.99,2007,25,24.46,24.47
172247,Active,177906,NA,NA,S,10,1,123094.5463,291.95,2004,70,16.18,103.48
172248,Active,3530535,NA,NA,D,0,0,3143675.5,0,2002,8,6.6,119.17
172249,Active,255380,NA,NA,S,3,1,62261.275,81.75,2005,25,15.98,38.99
172250,Active,3547207,NA,NA,D,2,1,4556559.9,324.95,2003,20,13.71,83.58
172251,Active,175476,NA,NA,D,1,0,1186893.845,69.99,2002,14,39.99,87.69
172252,Active,920152,NA,NA,S,0,0,50336.27,29.95,2007,77,5.78,13.08
172253,Active,2561890,NA,NA,D,1,0,2914679.828,135,1981,19,6.98,51.85
172254,Active,192902,NA,NA,D,2,1,621395.7925,36.95,2002,34,4,10.99
172255,Active,3878711,NA,NA,D,0,0,3175269.25,59.95,1900,15,34.41,67.96
172256,Active,3806326,NA,NA,S,0,0,62218.45,75,2015,14,52.81,41.6
172257,Active,422679,NA,NA,D,1,0,981567.7863,115,1998,24,10.99,66.5
172258,Active,1741464,NA,NA,D,7,1,409112.4375,58.47,2012,27,10.18,37.98
172259,Active,2904407,NA,NA,S,8,1,55179.69125,31.39,2014,9,34.82,31.28
172260,Active,599685,NA,NA,S,3,1,989961.5088,25,2007,24,5.21,13.94
172261,Active,873144,NA,NA,S,33,1,1030489.38,43.17,2009,23,4.96,37.1
172262,Active,867555,NA,NA,S,31,1,1396525.054,43.17,2008,25,12.46,92.78
172263,Active,873369,NA,NA,S,28,1,2790334.475,42.96,2004,23,3.98,60.45
172264,Active,1671511,NA,NA,S,2,1,1659540.056,89.95,2009,27,13.97,75.54
172265,Active,651666,NA,NA,S,2,1,313388.6688,261.99,2011,24,18.29,37.95
172266,Active,2884276,NA,NA,D,3,1,1989211.168,95,2001,15,5.2,58.47
172267,Active,897802,NA,NA,D,0,0,2651836.403,135,2002,17,38.94,93.99
172268,Active,1680252,NA,NA,S,1,0,60178.45,85,2012,26,45.48,47.89
172269,Active,533380,NA,NA,D,5,1,82844.46125,152.8,2012,100,4,18.6
172270,Active,56067,NA,NA,D,4,1,367781.02,129.8,2010,110,4,11.46
172271,Active,56070,NA,NA,D,3,1,1677225.308,113.8,2007,91,4,4.74
172272,Active,917966,NA,NA,S,3,1,3161100.63,28.95,1995,32,4,4.58
172273,Active,907493,NA,NA,D,0,0,3707141.204,199,2009,22,13.94,50.5
172274,Active,897733,NA,NA,D,2,1,2812861.451,240,2000,21,42.94,126.95
172275,Active,647818,NA,NA,S,2,1,322535.0638,129,2009,30,23.99,54.23
172276,Active,550786,NA,NA,D,2,1,306390.86,81.37,2009,41,34.69,69
172277,Active,57586,NA,NA,S,7,1,28198.8775,316.75,2010,57,27.82,145.57
172278,Active,899621,NA,NA,D,4,1,1489322.818,55.95,1998,19,4.98,59.39
172279,Active,902718,NA,NA,S,5,1,1842716.398,72.95,2005,16,28.65,60.27
172280,Active,1447250,NA,NA,D,5,1,3307673.625,136,2006,15,12.08,118.97
172281,Active,57584,NA,NA,S,5,1,901035.3113,50.97,2002,52,6.89,50.94
172282,Active,57585,NA,NA,D,6,1,553394.1775,129.65,2006,52,13.98,57.2
172283,Active,644057,NA,NA,D,4,1,247868.3188,109,2007,34,43.98,116.48
172284,Active,868042,NA,NA,D,3,1,907123.5325,81.95,2004,25,7.34,56.29
172285,Active,627760,NA,NA,S,2,1,415282.17,62.95,1987,26,33.98,43.98
172286,Active,618936,NA,NA,D,5,1,165662.8675,119.95,2011,31,48.99,89.39
172287,Active,164256,NA,NA,D,6,1,475098.0125,44.88,2003,53,7.85,36.33
172288,Active,104768,NA,NA,S,9,1,598189.6088,130.51,1997,21,14.97,81.43
172289,Active,640086,NA,NA,D,7,1,580079.7525,0,2010,35,18.75,0
172290,Active,606718,NA,NA,D,2,1,3407936.863,122.5,1991,24,4.93,56.09
172291,Active,904159,NA,NA,D,10,1,588894.9,24.53,1900,29,15.49,18.99
172292,Active,868002,NA,NA,D,8,1,1961764.775,73.85,1985,25,4,65.59
172293,Active,270744,NA,NA,D,1,0,631988.0663,104,2009,32,14.81,77.99
172294,Active,370532,NA,NA,D,1,0,697645.74,105,2010,17,25.84,129.49
172295,Active,530293,NA,NA,S,2,1,319784.1425,34.99,2009,33,6.49,14.1
172296,Active,2663812,NA,NA,D,4,1,4038057.01,47.95,1989,18,4,23.99
172297,Active,203370,NA,NA,S,5,1,225808.5913,62,2000,31,39.19,54.01
172298,Active,264278,NA,NA,D,4,1,282988.0913,42.95,2007,48,8.41,13.98
172299,Active,270995,NA,NA,D,5,1,31289.18375,48.99,2010,63,11.96,13.99
172300,Active,264204,NA,NA,D,2,1,564356.5325,35.95,2002,95,4,11.89
172301,Active,788036,NA,NA,D,6,1,2996024.94,53.95,1999,20,4,39.95
172302,Active,57117,NA,NA,D,7,1,932882.0713,114.95,2003,39,4,18.98
172303,Active,114140,NA,NA,D,0,0,500560.6375,25.95,2002,42,4,23.98
172304,Active,118479,NA,NA,D,2,1,374021.43,42.95,2006,33,11.94,23.54
172305,Active,113377,NA,NA,D,1,0,3361822.57,340,1998,20,54.82,76.6
172306,Active,627706,NA,NA,S,2,1,281110.2738,52.95,1998,38,7.27,30.44
172307,Active,904177,NA,NA,D,0,0,1131283.106,40,1998,23,12.53,69.96
172308,Active,653958,NA,NA,S,2,1,642145.555,61,2004,29,24.64,43.27
172309,Active,2536830,NA,NA,D,3,1,1521576.909,78.95,2002,24,4.97,38.99
172310,Active,3086456,NA,NA,S,4,1,243222.1825,99.95,2005,20,36.7,78.99
172311,Active,882678,NA,NA,D,0,0,4432079.871,325,2000,13,28.94,124
172312,Active,158175,NA,NA,S,2,1,1188446.075,56.95,2008,47,4,22.98
172313,Active,408143,NA,NA,D,2,1,1324743.624,50,2006,29,4,14.99
172314,Active,659375,NA,NA,S,2,1,3311239.685,108,2006,14,38.67,53.94
172315,Active,248041,NA,NA,D,4,1,374512.3,65,2008,52,12.06,53.99
172316,Active,198911,NA,NA,S,2,1,208554.4613,35,1996,74,9.48,23.82
172317,Active,908165,NA,NA,S,3,1,232929.4563,57,2014,17,48.29,45.18
172318,Active,199079,NA,NA,S,3,1,953344.2713,57.95,2000,42,4,52.02
172319,Active,869583,NA,NA,S,5,1,71428.2425,65,2014,35,50.93,55.31
172320,Active,598386,NA,NA,S,1,0,22929.8,164.99,2012,61,52.04,65.21
172321,Active,254185,NA,NA,D,1,0,390350.3513,62.95,2011,39,4,18.22
172322,Active,869997,NA,NA,D,0,0,2339360.3,0,2012,18,4,23.99
172323,Active,870515,NA,NA,D,2,1,1404668.293,25.01,2010,52,5.7,22.89
172324,Active,871107,NA,NA,D,3,1,1550261.739,16.47,2013,52,4,15.99
172325,Active,244174,NA,NA,D,3,1,249211.9663,103.95,2012,124,4,38.73
172326,Active,569832,NA,NA,S,1,0,1536328.014,125.95,2008,50,4,28.94
172327,Active,170147,NA,NA,S,2,1,937357.9063,99.95,2011,45,4,36.98
172328,Active,169872,NA,NA,D,1,0,879118.4225,77.95,2009,39,4,13.77
172329,Active,170148,NA,NA,D,2,1,810168.495,80.95,2011,90,4,7.5
172330,Active,535571,NA,NA,D,3,1,73913.9825,73.95,2013,104,3.84,11.97
172331,Active,622004,NA,NA,S,0,0,68076.45,125,2007,30,15.5,40.23
172332,Active,908481,NA,NA,S,2,1,2831028.47,25.13,1999,23,4,32.98
172333,Active,1447512,NA,NA,S,2,1,1120955.931,34.07,2006,35,4,8.86
172334,Active,116774,NA,NA,D,2,1,570108.725,54.6,2006,30,4.47,27.98
172335,Active,618408,NA,NA,D,2,1,757882.7513,64.27,2006,35,5.97,0
172336,Active,644517,NA,NA,S,3,1,113150.2625,74.64,2012,25,18.08,0
172337,Active,117853,NA,NA,D,3,1,405498.9513,56.53,2005,73,4.3,25.98
172338,Active,613810,NA,NA,D,3,1,206936.4075,62.07,2005,68,4,32.42
172339,Active,618937,NA,NA,S,4,1,54751.58125,57.32,2011,43,10.59,41.96
172340,Active,655481,NA,NA,S,4,1,21541.825,31.99,2011,22,21.16,20
172341,Active,556634,NA,NA,S,2,1,932546.6525,41.66,1999,78,4,14.24
172342,Active,647209,NA,NA,S,4,1,13119.075,31.99,2014,46,7.98,22
172343,Active,904512,NA,NA,S,4,1,1003844.314,44.8,2012,16,9.31,32.9
172344,Active,619762,NA,NA,S,4,1,9766.57375,57.32,2011,84,17.94,38.99
172345,Active,1451238,NA,NA,S,4,1,60432.8,71.47,2011,15,49.06,49.05
172346,Active,660939,NA,NA,S,4,1,117209.8563,74.64,2012,39,13.49,48.96
172347,Active,649885,NA,NA,S,4,1,21055.25,31.99,2011,26,15.49,21
172348,Active,119097,NA,NA,S,4,1,24991.8175,57.32,2011,54,16.99,38.97
172349,Active,117874,NA,NA,S,3,1,930805.5363,52,2005,68,4,10.98
172350,Active,642274,NA,NA,S,4,1,54538.95,31.99,2011,24,5.93,21.99
172351,Active,117861,NA,NA,S,3,1,270893.9513,58.53,2005,66,5.58,48.77
172352,Active,117862,NA,NA,S,3,1,530770.0025,16.99,2005,91,4,16
172353,Active,877987,NA,NA,S,6,1,2381684.726,82.75,2002,42,4,8.99
172354,Active,52921,NA,NA,S,7,1,2894011.466,66.25,2004,42,3.99,7.88
172355,Active,52922,NA,NA,D,8,1,834609.44,67.41,2006,34,5.13,15.24
172356,Active,52924,NA,NA,D,10,1,170174.09,69.03,2010,50,5.83,60.79
172357,Active,109705,NA,NA,D,8,1,1186647.183,28.01,2006,43,4,28.01
172358,Active,52923,NA,NA,D,9,1,225676.2313,127.21,2008,56,4,38.49
172359,Active,859533,NA,NA,S,0,0,43082.675,91,2007,37,18.73,75.48
172360,Active,627544,NA,NA,S,0,0,106955.925,89.67,2007,37,19.03,74.1
172361,Active,120891,NA,NA,S,2,1,466453.5638,52.2,2009,46,5.91,33.71
172362,Active,129966,NA,NA,D,0,0,2005199.839,39,2002,28,4,0
172363,Active,534740,NA,NA,S,6,1,7869.37125,107.99,2012,105,26.56,45.23
172364,Active,621968,NA,NA,D,3,1,847427.2863,143.31,2009,26,4.59,94.63
172365,Active,2257712,NA,NA,D,3,1,2489958.756,50.94,2009,56,6.3,26.62
172366,Active,110204,NA,NA,D,3,1,157161.7575,32.48,2009,180,4,19.99
172367,Active,60392,NA,NA,S,1,0,1249759.961,17.99,2004,51,4,33.91
172368,Active,56066,NA,NA,D,1,0,1160159.061,85.6,2007,76,4,10.95
172369,Active,422322,NA,NA,S,2,1,108741.2413,119.4,2012,79,8.93,59.89
172370,Active,655283,NA,NA,S,3,1,174974.28,53.32,2012,45,13.72,27.6
172371,Active,115505,NA,NA,D,0,0,633098.66,43.6,2004,48,3.99,15.94
172372,Active,647006,NA,NA,S,3,1,114993.8025,53.32,2012,36,21.99,31
172373,Active,637656,NA,NA,S,3,1,76635.7475,53.32,2012,58,17.99,34
172374,Active,191893,NA,NA,D,5,1,1800727.288,19.99,2006,37,4,18.94
172375,Active,622613,NA,NA,S,2,1,82537.47,53.32,2011,50,9.38,0
172376,Active,314167,NA,NA,S,2,1,37312.22625,53.32,2011,32,26.94,0
172377,Active,117522,NA,NA,D,1,0,698324.7325,50.53,2005,54,4,0
172378,Active,875130,NA,NA,S,3,1,467245.955,69.5,2013,23,40.64,56.35
172379,Active,552925,NA,NA,S,1,0,81867.35,45.32,2011,23,9.99,28.49
172380,Active,141765,NA,NA,D,1,0,1116864.714,9.85,2008,73,4,7.95
172381,Active,288313,NA,NA,D,2,1,281747.9375,26.94,2010,56,4.57,26.98
172382,Active,660881,NA,NA,S,3,1,42073.525,106.25,2013,54,32.42,53.98
172383,Active,278060,NA,NA,D,0,0,837958.81,29.95,2005,38,4,24.97
172384,Active,917528,NA,NA,S,2,1,80452.18,69.95,2013,48,19.44,42.36
172385,Active,552514,NA,NA,S,0,0,53876.575,64,2006,28,21.61,48.33
172386,Active,627531,NA,NA,S,4,1,33507.45,32.95,2008,21,26.04,31.55
172387,Active,2553998,NA,NA,S,0,0,42007.3975,6.99,1985,78,3.9,6.96
172388,Active,225212,NA,NA,S,0,0,737802.58,65,2001,39,10.36,18.15
172389,Active,165793,NA,NA,D,3,1,305210.8925,162.01,2006,33,4,45.12
172390,Active,651361,NA,NA,D,4,1,3016419.468,338,2008,18,16.79,183.51
172391,Active,254355,NA,NA,S,4,1,279168.7888,89.95,2014,41,31.62,38.99
172392,Active,869758,NA,NA,S,2,1,5524884.929,103,1998,22,5.68,52.41
172393,Active,139703,NA,NA,D,1,0,1765375.26,59.95,2003,17,6.63,23.69
172394,Active,530278,NA,NA,S,2,1,291631.3463,59.95,2015,27,11.6,39.96
172395,Active,166671,NA,NA,D,4,1,871377.5375,28.95,2007,87,4,23.99
172396,Active,162493,NA,NA,D,5,1,204588.1963,23.87,2010,131,4.77,10.98
172397,Active,541680,NA,NA,S,5,1,615352.405,58.5,2010,37,4.99,42.94
172398,Active,365230,NA,NA,S,4,1,2091233.249,58.95,2008,20,7.87,33.74
172399,Active,157861,NA,NA,S,0,0,1266892.94,59.95,1997,71,4,11.46
172400,Active,158259,NA,NA,D,2,1,371029.6,72.95,2007,54,5.07,30.98
172401,Active,290904,NA,NA,D,5,1,178119.7238,235.95,2007,61,8.31,53.25
172402,Active,60393,NA,NA,D,4,1,703453.8938,117.95,2003,43,4,33.99
172403,Active,598820,NA,NA,D,3,1,579057.2363,197,2007,29,8.97,77.67
172404,Active,61149,NA,NA,D,2,1,1114184.785,118.67,2006,36,4.13,17.97
172405,Active,120151,NA,NA,D,3,1,125669.9175,156,2010,44,4.59,54.32
172406,Active,3151014,NA,NA,D,3,1,1954679.654,99,2004,21,35.99,63.99
172407,Active,879232,NA,NA,D,10,1,867283.0013,80,1996,38,6.24,52.49
172408,Active,2302608,NA,NA,S,9,1,344371.4975,77,1992,36,14.65,80.41
172409,Active,607285,NA,NA,D,12,1,498144.8938,123.6,2005,39,39.51,79.83
172410,Active,618396,NA,NA,S,8,1,738263.9075,84.5,2004,53,5,12.33
172411,Active,112256,NA,NA,S,9,1,192567.0488,85,2005,57,5.32,21.94
172412,Active,422263,NA,NA,D,9,1,593295.8375,156.4,2008,42,4.07,42.13
172413,Active,60394,NA,NA,D,8,1,1546680.155,131.8,2005,34,4.3,28.99
172414,Active,242476,NA,NA,D,16,1,617328.7425,31.95,2010,23,4,59.57
172415,Active,609652,NA,NA,S,2,1,3526663.725,129.95,2001,18,5.97,33.98
172416,Active,596247,NA,NA,D,2,1,312696.8325,89.95,2008,40,10.29,42.5
172417,Active,2250707,NA,NA,D,2,1,3892975.9,85.69,2008,20,39.69,61.47
172418,Active,606676,NA,NA,S,4,1,2198558.58,66,1993,24,4,50.45
172419,Active,285915,NA,NA,S,5,1,818474.7213,98,2003,35,4,64.85
172420,Active,649991,NA,NA,S,0,0,17690.7,54.95,2011,22,37.32,39.26
172421,Active,3592902,NA,NA,D,0,0,4622013.4,82.95,1900,16,6.37,35
172422,Active,897547,NA,NA,D,1,0,2474056.185,157.95,2002,17,4,52.23
172423,Active,922088,NA,NA,S,1,0,225598.23,45,2002,73,4,9.73
172424,Active,1445497,NA,NA,D,1,0,3804182.165,116,2008,13,61.9,66.62
172425,Active,3598630,NA,NA,D,2,1,1506714.9,98.95,2000,17,22.18,82.17
172426,Active,1533957,NA,NA,D,0,0,637294.9175,79.99,2008,28,52.79,52.79
172427,Active,646957,NA,NA,S,2,1,90687.025,187.95,2013,23,57.96,61.4
172428,Active,873453,NA,NA,D,3,1,1966426.348,7.28,1997,26,4,7.28
172429,Active,112114,NA,NA,D,4,1,793854.9163,79.68,2002,31,4.36,22.35
172430,Active,530270,NA,NA,S,2,1,198059.585,54.99,2008,39,17.63,27.64
172431,Active,651032,NA,NA,D,3,1,588324.195,90,2004,26,4.97,49.74
172432,Active,637042,NA,NA,S,1,0,64175.625,75,2010,21,37.99,39.09
172433,Active,867977,NA,NA,D,2,1,1580008.111,54.91,1982,22,4,54.77
172434,Active,316532,NA,NA,D,11,1,441205.3775,122.67,2008,58,4.35,34.98
172435,Active,316631,NA,NA,D,12,1,52483.885,132.4,2011,70,6.26,56.29
172436,Active,751422,NA,NA,S,1,0,75390.45,101.5,2013,22,57.99,79.97
172437,Active,537451,NA,NA,D,8,1,27877.1625,176.2,2012,56,53.99,74.47
172438,Active,547779,NA,NA,S,3,1,1428497.621,73,1994,28,4.02,17.65
172439,Active,118010,NA,NA,D,6,1,488523.0813,103.6,2006,63,4,51.58
172440,Active,115458,NA,NA,S,4,1,353725.2838,215.2,1999,32,8.48,23.99
172441,Active,860780,NA,NA,S,2,1,663884.2613,139.99,2012,34,12.89,36.88
172442,Active,644197,NA,NA,S,0,0,25739.295,39,2003,24,31.03,33.27
172443,Active,56798,NA,NA,D,7,1,836069.96,22.82,2005,86,4,52.82
172444,Active,56555,NA,NA,D,8,1,202052.8713,27.74,2008,82,5.38,16.98
172445,Active,56553,NA,NA,S,6,1,1440248.998,23.71,2002,51,4,22.23
172446,Active,615753,NA,NA,D,9,1,66667.16625,165.21,2011,86,6.86,78.17
172447,Active,534833,NA,NA,D,9,1,31112.21875,136.81,2013,81,10.37,63.98
172448,Active,144290,NA,NA,D,4,1,2066077.071,45,2001,32,4,7.9
172449,Active,738986,NA,NA,D,3,1,12433333.41,39,1998,20,3.99,6.89
172450,Active,183711,NA,NA,S,5,1,102392.9275,129.95,2004,40,24.75,73.48
172451,Active,111110,NA,NA,S,3,1,1137347.321,72.89,2011,41,4.41,79.21
172452,Active,718106,NA,NA,S,1,0,425629.8963,60,1997,134,4,10.08
172453,Active,241253,NA,NA,S,3,1,25665.475,42.95,2003,104,22.99,43.19
172454,Active,1822443,NA,NA,S,3,1,1180355.389,104.25,2014,3,33.84,46.93
172455,Active,1516821,NA,NA,D,1,0,1090812.113,177.52,2012,17,68.74,68.79
172456,Active,674353,NA,NA,S,0,0,154567.6488,28,1994,162,4,6.18
172457,Active,579795,NA,NA,S,2,1,504032.6625,41,1994,69,4,22.49
172458,Active,153952,NA,NA,D,2,1,297519.82,9.48,2007,58,4,9.6
172459,Active,154026,NA,NA,D,4,1,261559.5225,21.94,2009,121,4,11.26
172460,Active,625648,NA,NA,S,5,1,36378.06125,46,2012,73,12.43,23.94
172461,Active,287390,NA,NA,D,1,0,2785806.083,31,1995,33,4,6.95
172462,Active,118145,NA,NA,D,2,1,451228.4938,45.32,2006,27,7.96,23.99
172463,Active,118940,NA,NA,S,2,1,302316.2263,45.32,2007,46,4,36.55
172464,Active,552748,NA,NA,D,2,1,712435.605,45.32,2006,47,8.17,33.97
172465,Active,130235,NA,NA,D,0,0,3811825.891,29.67,1995,27,4,4
172466,Active,607563,NA,NA,S,3,1,1846518.388,43.95,1995,60,4,10.99
172467,Active,607588,NA,NA,D,4,1,279728.26,57.95,2006,46,4,32.75
172468,Active,135606,NA,NA,S,2,1,36278.1275,29.95,2006,38,21.94,23.99
172469,Active,2404282,NA,NA,D,0,0,1152597.584,55.95,1986,44,7.71,43.89
172470,Active,655654,NA,NA,S,1,0,47515,35.5,2010,14,18.89,21.91
172471,Active,911379,NA,NA,D,1,0,3906394.448,199,1991,23,6.39,70.59
172472,Active,2695186,NA,NA,D,4,1,8106548.53,75,2003,13,4.48,26.31
172473,Active,1649124,NA,NA,D,5,1,4110539.661,79.95,2006,10,5.19,102.07
172474,Active,177081,NA,NA,S,4,1,27894.2425,286.95,2004,38,39.99,70.99
172475,Active,642015,NA,NA,S,1,0,699483.8288,100,2013,34,42.47,57.26
172476,Active,3204174,NA,NA,D,0,0,1859432.783,402,2005,15,72.1,284.37
172477,Active,260061,NA,NA,D,1,0,1649821.298,52.95,2001,41,4,20.45
172478,Active,193487,NA,NA,D,2,1,4993001.421,128,2006,11,6.22,27.94
172479,Active,193665,NA,NA,D,3,1,1323807.635,145,2008,30,4.33,16.99
172480,Active,595051,NA,NA,D,4,1,548976.3063,197,2011,34,6.21,18.06
172481,Active,550555,NA,NA,D,0,0,1529721.231,6.3,2007,43,4,0
172482,Active,290206,NA,NA,S,1,0,70490.21,73.98,2010,64,48.61,96.26
172483,Active,214934,NA,NA,D,4,1,662389.5238,145,2009,38,4.65,43.99
172484,Active,635245,NA,NA,D,3,1,1554499.88,137,2007,42,4.57,23.94
172485,Active,214954,NA,NA,D,5,1,282519.1238,154,2011,56,8.83,43.48
172486,Active,1702279,NA,NA,S,1,0,87387.4,62.25,2013,16,52.89,57.78
172487,Active,497745,NA,NA,D,1,0,102833.1288,83.37,2010,96,4.98,37.89
172488,Active,113643,NA,NA,D,0,0,764531.3913,46.7,1999,24,6.34,23.64
172489,Active,3826397,NA,NA,D,2,1,2356715,85,2003,17,16.11,150.1
172490,Active,664265,NA,NA,S,1,0,361424.8825,56.95,2013,21,39.01,38.43
172491,Active,639395,NA,NA,D,1,0,743610.2988,175.2,2005,31,8.54,87.93
172492,Active,625824,NA,NA,S,1,0,652929.0538,49.99,2005,27,7.68,17.25
172493,Active,761430,NA,NA,S,2,1,1738659.216,147,2004,37,32.61,53.99
172494,Active,204149,NA,NA,S,2,1,1012526.985,164.99,2006,34,3.84,56.27
172495,Active,908383,NA,NA,D,1,0,1407988.42,175.95,2000,25,8.15,63.99
172496,Active,714530,NA,NA,D,1,0,2273123.865,83,2003,18,4.15,53.81
172497,Active,651928,NA,NA,D,2,1,1950950.511,184.95,2008,15,103.62,129.04
172498,Active,720921,NA,NA,D,1,0,2853720.35,69.95,2005,22,10.83,99.71
172499,Active,147168,NA,NA,D,1,0,531816.3325,103,2005,34,4,20.69
172500,Active,637465,NA,NA,D,1,0,1169838.715,94.95,1992,24,24.9,32
172501,Active,868406,NA,NA,D,1,0,1231513.894,77.95,2008,19,9.5,106.03
172502,Active,476895,NA,NA,S,2,1,456917.2038,97.55,2009,24,38.38,97.37
172503,Active,764789,NA,NA,D,1,0,1047746.691,94.95,2000,44,4,39.43
172504,Active,591660,NA,NA,D,1,0,574492.5275,39.97,2008,28,15.98,67.45
172505,Active,658156,NA,NA,S,0,0,194412.435,164.95,2012,41,7.91,69.52
172506,Active,766344,NA,NA,D,1,0,823615.98,131.95,2011,31,12.6,75.3
172507,Active,456496,NA,NA,D,1,0,205135.1713,144.95,2008,44,31.99,45.9
172508,Active,545358,NA,NA,S,4,1,24463.16375,89.95,2014,65,36.08,54.86
172509,Active,545092,NA,NA,D,2,1,295768.5325,89.95,2010,64,5.63,38.99
172510,Active,870103,NA,NA,D,1,0,1017858.081,14.95,2009,53,6.51,8.63
172511,Active,423010,NA,NA,S,2,1,104378.3863,105.29,2010,33,42.15,69.39
172512,Active,55241,NA,NA,D,2,1,584807.6438,93.95,2005,62,4.62,32
172513,Active,613975,NA,NA,D,1,0,340750.6925,184.6,2008,88,5.87,18.99
172514,Active,552341,NA,NA,D,2,1,19545.5375,187.8,2012,119,8.26,103.98
172515,Active,552850,NA,NA,S,2,1,642094.0938,275.2,2009,25,19.99,49.99
172516,Active,250636,NA,NA,S,3,1,393605.0588,47.95,2009,30,17.41,43.44
172517,Active,55242,NA,NA,D,3,1,110770.825,99.95,2009,49,8.48,53.98
172518,Active,649000,NA,NA,S,2,1,280117.2363,135,2009,34,33.53,98.76
172519,Active,295042,NA,NA,D,1,0,1931155.999,85,2006,20,4,62.99
172520,Active,2334137,NA,NA,S,2,1,612383.2725,102.25,1980,22,16.19,60.55
172521,Active,209632,NA,NA,S,2,1,112500.245,90,2008,32,53.02,53.99
172522,Active,294673,NA,NA,D,1,0,400306.0938,58,1995,20,13.45,73.01
172523,Active,3598663,NA,NA,D,1,0,6746388.55,99.95,2002,19,7.66,33.89
172524,Active,901306,NA,NA,D,2,1,1310091.073,119.95,2006,16,6.06,40.88
172525,Active,2330921,NA,NA,D,3,1,3046835.506,617.38,1983,17,7.97,134.03
172526,Active,912735,NA,NA,D,4,1,529366.43,107.25,1993,23,31.62,108.97
172527,Active,861370,NA,NA,S,2,1,1139609.97,85,2013,15,48.31,56.83
172528,Active,636689,NA,NA,D,1,0,1026188.216,55,2005,28,4,33.99
172529,Active,552110,NA,NA,S,4,1,316004.3863,64.6,2002,58,4,38.38
172530,Active,552111,NA,NA,S,4,1,582503.6775,64.6,2002,30,13.49,28.96
172531,Active,802731,NA,NA,S,9,1,725104.3463,39.99,2012,27,5.47,27.43
172532,Active,156887,NA,NA,S,10,1,225684.5338,56.95,2001,22,33.87,47.29
172533,Active,183306,NA,NA,S,13,1,303815.6763,78.95,2007,25,10.21,117.77
172534,Active,635962,NA,NA,S,2,1,482964.0438,157.8,1985,43,8.48,83.91
172535,Active,2316691,NA,NA,D,1,0,857899.5588,80.55,1965,30,8.15,53.93
172536,Active,802571,NA,NA,S,4,1,2716000.704,44.99,2005,36,3.99,9.94
172537,Active,638680,NA,NA,D,3,1,1194151.708,90,1998,18,5.79,0
172538,Active,806133,NA,NA,S,2,1,656074.1563,69,2010,19,40.88,53.14
172539,Active,623423,NA,NA,S,4,1,89210.78375,45,2012,43,13.97,23.88
172540,Active,288429,NA,NA,D,5,1,667799.5575,51,2008,30,4.53,0
172541,Active,3825805,NA,NA,S,3,1,559268,79.95,2016,13,39.56,45.33
172542,Active,2179077,NA,NA,S,2,1,1342928.053,339,2008,24,5.75,72.39
172543,Active,2859655,NA,NA,S,6,1,1416510.894,91.99,1995,7,54.75,0
172544,Active,245031,NA,NA,D,3,1,1036278.954,214.95,2003,49,4,6.99
172545,Active,530213,NA,NA,S,3,1,67320.4975,251.25,2007,81,46.03,83.97
172546,Active,1690824,NA,NA,D,0,0,264367.4913,70,2014,12,33.48,34.85
172547,Active,118726,NA,NA,D,1,0,413501.5625,79.2,2009,35,13.98,79.76
172548,Active,663400,NA,NA,S,2,1,261139.0763,83.6,2013,52,27.84,66.17
172549,Active,607428,NA,NA,S,2,1,387973.615,24.2,1995,37,3.99,45.77
172550,Active,536736,NA,NA,S,7,1,4452.27875,76,2012,91,26.17,36.96
172551,Active,866605,NA,NA,S,3,1,230831.8763,27,1998,67,3.98,15.53
172552,Active,908653,NA,NA,D,1,0,4297726.484,42.5,2003,19,4.77,49.19
172553,Active,1469767,NA,NA,D,0,0,9132616.473,55.5,2006,13,4.63,70.44
172554,Active,1471805,NA,NA,D,2,1,5516108.904,65,2009,24,5.94,15.43
172555,Active,906987,NA,NA,D,0,0,585964.8275,100,1993,24,4.77,50.18
172556,Active,2048987,NA,NA,D,35,1,1590958.286,389.5,2013,14,17.28,60.03
172557,Active,700842,NA,NA,D,1,0,3466148.269,125,2005,18,36.17,69.98
172558,Active,2048988,NA,NA,S,22,1,872049.4988,136,2013,24,7.11,21.95
172559,Active,2048970,NA,NA,S,18,1,3317682.259,104.25,2009,16,4.83,85.74
172560,Active,2048981,NA,NA,S,20,1,2494248.668,75,2011,17,5.33,108.48
172561,Active,788055,NA,NA,D,3,1,4172136.073,83.95,1999,17,4,16.49
172562,Active,249865,NA,NA,S,5,1,132364.7363,137.95,2006,30,19.99,54.97
172563,Active,147610,NA,NA,D,6,1,358999.99,129,2010,75,7.24,25.21
172564,Active,147351,NA,NA,D,5,1,1200312.636,94.95,2005,44,4.94,25.88
172565,Active,285982,NA,NA,D,1,0,921492.3088,53.33,2006,34,4,6.02
172566,Active,121197,NA,NA,D,2,1,116969.9238,93.2,2010,76,10.09,23.99
172567,Active,624284,NA,NA,D,4,1,196704.9475,43.34,2011,60,5.83,58.03
172568,Active,613952,NA,NA,D,3,1,1283149.851,10.48,2007,59,3.88,10.23
172569,Active,116025,NA,NA,D,1,0,549952.2375,95.4,2006,56,4.29,16.88
172570,Active,618274,NA,NA,D,3,1,434778.9875,59.95,2009,25,17.09,0
172571,Active,554078,NA,NA,D,2,1,2469132.503,35.4,2008,66,3.36,8.3
172572,Active,613680,NA,NA,S,3,1,247777.5263,56.8,2011,44,5.69,29.94
172573,Active,1629996,NA,NA,S,5,1,955897.925,95.95,2012,18,13.69,37.04
172574,Active,279431,NA,NA,D,1,0,26523.79625,94.95,2010,67,8.41,33.98
172575,Active,2245594,NA,NA,D,0,0,1281518.534,41,2009,16,22.74,35.57
172576,Active,170019,NA,NA,D,8,1,85640.16125,261.95,2010,87,6.99,46.74
172577,Active,544466,NA,NA,D,9,1,23379.55125,237.95,2013,89,40.73,95.94
172578,Active,60120,NA,NA,D,7,1,111470.0238,256.95,2007,119,4,6.94
172579,Active,50086,NA,NA,D,8,1,26501.48125,238,2011,197,8.87,26.98
172580,Active,111233,NA,NA,D,8,1,159063.2063,188.75,2011,55,13.91,13.98
172581,Active,533858,NA,NA,D,7,1,1183850.33,148.5,2008,21,7.49,13.99
172582,Active,417106,NA,NA,D,7,1,992943.3725,22.74,2008,53,4,22.73
172583,Active,109065,NA,NA,S,6,1,1655171.878,14.12,2006,49,5.97,14.12
172584,Active,50087,NA,NA,D,7,1,480778.11,22.9,2008,123,4.03,19.97
172585,Active,200472,NA,NA,S,1,0,53857.525,97.95,2009,26,33.26,58.98
172586,Active,2166485,NA,NA,S,0,0,140689.3713,82.09,2011,14,12.99,38.99
172587,Active,3468231,NA,NA,D,7,1,768660.7,0,2001,31,5.24,48.86
172588,Active,2670191,NA,NA,D,6,1,1205568.78,57,1996,19,10.3,47.39
172589,Active,285337,NA,NA,S,8,1,74842.77125,150,2005,39,33.44,113.07
172590,Active,148175,NA,NA,D,3,1,3663846.973,92.95,2004,25,3.4,12.99
172591,Active,254164,NA,NA,D,5,1,533152.7088,199.95,2009,37,11.1,119.04
172592,Active,330710,NA,NA,D,4,1,948638.1638,195.95,2007,33,4,10.94
172593,Active,272327,NA,NA,D,1,0,2322629.77,89.95,2006,38,4,8.12
172594,Active,1481510,NA,NA,D,1,0,407754.935,109.2,2007,38,4.39,92.05
172595,Active,121245,NA,NA,D,2,1,43459.5425,139.6,2011,53,19.84,92.91
172596,Active,252005,NA,NA,S,3,1,1241643.498,177.95,2010,40,4,28.98
172597,Active,3524296,NA,NA,S,2,1,1723837.45,113.47,1959,30,4,67.51
172598,Active,243201,NA,NA,S,2,1,1580366.96,46.98,2007,17,6.16,17.99
172599,Active,581798,NA,NA,S,0,0,75925.675,59.4,2009,24,8.49,56.93
172600,Active,199965,NA,NA,D,1,0,1804534.353,177.95,2004,27,5.86,10.98
172601,Active,608973,NA,NA,S,2,1,3020353.359,67.95,1998,36,4,33.99
172602,Active,56532,NA,NA,S,4,1,3267919.691,80,2002,47,4,12.84
172603,Active,60397,NA,NA,D,14,1,588746.4338,145.33,2007,111,4,25.04
172604,Active,121161,NA,NA,D,15,1,128259.555,167.8,2010,72,5,17.94
172605,Active,256796,NA,NA,S,1,0,54616.4,99.95,2005,30,41.79,59.34
172606,Active,169420,NA,NA,S,1,0,385532.325,144.95,2007,39,35.77,101.41
172607,Active,244188,NA,NA,D,1,0,1671728.704,144.95,2011,39,19.19,73.99
172608,Active,177904,NA,NA,D,1,0,493845.9725,144.95,2007,39,11.97,102.2
172609,Active,608425,NA,NA,S,9,1,677288.7625,306.95,2006,26,18.59,28.95
172610,Active,406163,NA,NA,D,10,1,535079.8763,383.95,2007,52,4.51,62.01
172611,Active,298899,NA,NA,D,11,1,88784.83125,348.95,2010,56,18.69,38.98
172612,Active,742869,NA,NA,D,1,0,580419.1963,191.78,2010,14,93.44,92.69
172613,Active,60398,NA,NA,D,3,1,1456445.73,99.95,2004,56,4.26,28.46
172614,Active,251998,NA,NA,D,3,1,69958.5025,206.95,2008,75,8.7,56.1
172615,Active,252004,NA,NA,S,3,1,1287996.265,208.95,2010,40,4.79,49.18
172616,Active,53928,NA,NA,S,5,1,2540028.523,104.4,2001,66,4,13.94
172617,Active,53930,NA,NA,D,7,1,550423.9275,19.98,2007,109,4,19.7
172618,Active,53931,NA,NA,D,8,1,35808.4975,190.2,2010,81,15.34,43.13
172619,Active,124057,NA,NA,S,4,1,161053.26,358.95,1999,50,18.93,82.98
172620,Active,272473,NA,NA,S,5,1,33961.0875,39.95,2011,32,27.66,32.98
172621,Active,300699,NA,NA,D,4,1,233409.1838,39.95,2006,55,7.68,48.73
172622,Active,118197,NA,NA,S,3,1,416196.4838,110,2009,37,25.03,77.01
172623,Active,462003,NA,NA,D,1,0,531412.3875,117.95,2008,64,3.99,13.94
172624,Active,767317,NA,NA,S,1,0,2404370.301,5.57,2009,13,4,18.99
172625,Active,627895,NA,NA,D,3,1,46879.31625,98.95,2012,82,11.25,38.99
172626,Active,178905,NA,NA,D,2,1,164660.8388,108.95,2010,79,4,8.37
172627,Active,663585,NA,NA,D,4,1,3492.025,104.95,2014,104,18.49,23.99
172628,Active,868351,NA,NA,S,7,1,1653950.816,57.2,2007,45,4,10.96
172629,Active,163000,NA,NA,D,13,1,157116.6625,58.07,2010,42,12.59,75.78
172630,Active,161605,NA,NA,D,12,1,1067780.641,74.24,2006,42,4,102.97
172631,Active,262688,NA,NA,S,4,1,173465.1325,64.95,2005,56,27.51,59.27
172632,Active,222238,NA,NA,D,1,0,1008416.738,99,2009,28,4.18,16.76
172633,Active,137100,NA,NA,D,0,0,301462.7175,60,2002,29,4.98,13.2
172634,Active,132997,NA,NA,S,2,1,360174.1525,164.6,2010,37,13.17,34.84
172635,Active,167265,NA,NA,D,12,1,918837.4725,51.08,2006,64,4,43.54
172636,Active,50094,NA,NA,D,12,1,190192.84,203.49,2006,103,4.29,26.14
172637,Active,163001,NA,NA,D,13,1,964862.6325,70.46,2010,34,5.98,62.1
172638,Active,161738,NA,NA,D,12,1,1343549.524,13.98,2007,36,4,13.98
172639,Active,161737,NA,NA,D,12,1,1142928.788,179.95,2006,26,4,8.99
172640,Active,543976,NA,NA,S,14,1,647469.2538,96,2013,36,21.96,70.7
172641,Active,272099,NA,NA,S,2,1,687048.0063,161.95,2007,38,9.56,10.65
172642,Active,2406461,NA,NA,D,1,0,8105619.588,29.95,1993,22,4,8.89
172643,Active,3048588,NA,NA,D,0,0,2911793.399,52,1993,18,4,10.39
172644,Active,868183,NA,NA,S,2,1,65466.36125,98.95,2014,43,42.74,63.94
172645,Active,127541,NA,NA,D,1,0,178498.0338,82.95,2011,54,4,33.98
172646,Active,638369,NA,NA,D,1,0,701260.8888,64.95,2009,35,16.99,0
172647,Active,2612513,NA,NA,D,1,0,2319883.211,83.99,2001,18,39.89,45.99
172648,Active,172541,NA,NA,S,1,0,317614.1725,59.99,2007,23,48.19,47.71
172649,Active,631967,NA,NA,D,0,0,168797.9313,74.95,1983,72,23.67,51.39
172650,Active,657933,NA,NA,S,1,0,30204.125,54.99,2013,21,34.67,45.85
172651,Active,3485271,NA,NA,D,4,1,3765761.85,74,2004,37,3.77,16.89
172652,Active,208597,NA,NA,S,3,1,5823577.283,51.2,1999,37,4,7.98
172653,Active,132100,NA,NA,D,4,1,2331637.189,63,2005,24,4.38,8.28
172654,Active,108394,NA,NA,D,3,1,2178338.33,10.75,2004,39,3.5,10.75
172655,Active,110608,NA,NA,D,4,1,1000151.485,16.84,2007,57,4,19.94
172656,Active,110130,NA,NA,D,5,1,90327.88875,77.99,2010,59,5.26,37.78
172657,Active,114289,NA,NA,S,3,1,2509082.47,74.67,2001,36,4,29.6
172658,Active,56783,NA,NA,D,5,1,283822.01,126.4,2007,90,4.49,18.99
172659,Active,56784,NA,NA,D,6,1,62851.07125,148.93,2010,117,7.98,37.99
172660,Active,56782,NA,NA,S,4,1,556026.5313,107.2,2004,73,4,19.97
172661,Active,530205,NA,NA,D,6,1,122998.9975,311.4,2012,69,5.69,33.93
172662,Active,116321,NA,NA,D,5,1,698198.9125,254.2,2010,48,5.99,42
172663,Active,57397,NA,NA,D,11,1,107613.8288,262.95,2010,75,12.88,53.99
172664,Active,544322,NA,NA,D,12,1,46349.5675,238.95,2013,56,32.99,102.12
172665,Active,868252,NA,NA,D,1,0,1233474.679,57.95,2005,13,8.64,8.59
172666,Active,57400,NA,NA,D,10,1,241420.8325,169.95,2007,87,4,13.98
172667,Active,652662,NA,NA,D,0,0,271321.8088,55.95,2011,22,15.49,0
172668,Active,115335,NA,NA,S,2,1,430705.3513,208.6,1995,38,4,44.89
172669,Active,870218,NA,NA,D,2,1,1289874.61,0,1967,28,6.38,0
172670,Active,202373,NA,NA,D,4,1,450857.0838,333.95,2002,29,5.97,23.83
172671,Active,788053,NA,NA,D,3,1,3530501.071,247.95,1998,27,4.44,23.98
172672,Active,797696,NA,NA,D,1,0,904772.8825,191.95,2004,18,33.74,62.99
172673,Active,696982,NA,NA,D,0,0,4434532.7,11.99,1900,26,4.34,11.86
172674,Active,107644,NA,NA,S,2,1,48909.21375,236.25,2002,61,30.67,127.85
172675,Active,530204,NA,NA,S,3,1,694224.4725,35.95,2009,25,29.94,29.97
172676,Active,246445,NA,NA,S,1,0,253914.855,66.95,2007,29,10.12,38.47
172677,Active,2098830,NA,NA,S,2,1,112047.0938,79.96,2014,16,48.99,60
172678,Active,266983,NA,NA,D,1,0,170150.7138,66.64,2007,73,4,0
172679,Active,118703,NA,NA,D,6,1,196925.905,186.67,2007,94,4.16,20.75
172680,Active,120102,NA,NA,D,6,1,867147.9163,166.67,2008,50,7.25,126.49
172681,Active,117650,NA,NA,S,5,1,1197098.205,146.67,2005,51,4,7.79
172682,Active,861499,NA,NA,S,15,1,294020.2263,265.75,2013,31,29.09,84.35
172683,Active,50105,NA,NA,D,14,1,43266.92875,59.45,2010,151,6.02,48.14
172684,Active,110719,NA,NA,D,14,1,450860.0488,295.75,2010,117,5.13,28.99
172685,Active,113835,NA,NA,D,3,1,137937.8025,113.33,2001,54,4,22.98
172686,Active,1781337,NA,NA,S,2,1,1122505.569,95,2015,14,48.89,48.84
172687,Active,625947,NA,NA,D,1,0,486110.8763,95,2009,29,4.72,54.68
172688,Active,116572,NA,NA,D,0,0,1027788.115,86.67,2005,36,4,29.99
172689,Active,545284,NA,NA,D,3,1,297737.5238,89.95,2013,36,31.99,59.87
172690,Active,298366,NA,NA,D,2,1,1242825.163,89.95,2007,60,4,8.98
172691,Active,2621711,NA,NA,D,2,1,2944275.188,115.95,1992,15,4,16.95
172692,Active,291656,NA,NA,S,3,1,222179.8188,407.95,1995,49,27.87,57.39
172693,Active,60400,NA,NA,D,1,0,2488773.775,49.95,2001,32,4,5.48
172694,Active,262370,NA,NA,S,2,1,95998.74125,62.95,2009,53,28.42,40.95
172695,Active,3512618,NA,NA,D,1,0,5746032.05,74.95,1994,17,15.94,73.23
172696,Active,152353,NA,NA,S,2,1,1659285.485,74.95,2006,26,43.97,36
172697,Active,258389,NA,NA,D,0,0,187253.76,106,2005,59,20.94,53.93
172698,Active,248023,NA,NA,S,3,1,128832.77,97,2010,34,11.14,41.32
172699,Active,618956,NA,NA,S,5,1,438500.205,191.95,2010,33,6.12,89.12
172700,Active,202327,NA,NA,S,2,1,3311386.27,151.95,2001,36,4,83.07
172701,Active,253845,NA,NA,D,4,1,191138.2825,245.95,2009,52,12.98,24.06
172702,Active,249771,NA,NA,D,3,1,3093203.436,177.95,2005,26,4.13,10.99
172703,Active,255373,NA,NA,S,3,1,62462.3875,80,2010,77,6.32,66.08
172704,Active,117178,NA,NA,D,1,0,612511.6038,106.4,2005,34,4,48.87
172705,Active,234077,NA,NA,D,0,0,405290.1413,59.95,1996,14,11.93,44.26
172706,Active,1490486,NA,NA,S,0,0,60945.225,82,2012,21,45.82,58.27
172707,Active,52510,NA,NA,D,4,1,824871.8763,170.67,2008,79,4,11.95
172708,Active,52507,NA,NA,D,5,1,339007.4075,200,2010,113,4,28.94
172709,Active,52508,NA,NA,S,2,1,1486916.374,87,2003,49,3.97,28.49
172710,Active,183690,NA,NA,S,2,1,425942.07,94.95,2007,67,4,54.59
172711,Active,533616,NA,NA,D,5,1,51798.845,184.95,2012,126,6.54,38.71
172712,Active,53090,NA,NA,D,3,1,1197744.21,199.95,2008,54,4.73,17.88
172713,Active,663586,NA,NA,D,6,1,21157.505,196.95,2014,82,8.87,76.97
172714,Active,53091,NA,NA,D,4,1,754529.0288,203.95,2010,60,4,34.96
172715,Active,53089,NA,NA,S,2,1,2946684.508,203.95,2006,47,4,4.36
172716,Active,108759,NA,NA,D,4,1,211367.5413,52.99,2005,35,5.97,52.27
172717,Active,704961,NA,NA,D,3,1,1856232.744,131.25,2003,30,4,48.99
172718,Active,499527,NA,NA,S,5,1,2249960.203,141.95,2009,16,23.96,141.95
172719,Active,253964,NA,NA,D,5,1,192140.61,107,2009,209,6.73,19.11
172720,Active,248749,NA,NA,D,4,1,1140094.679,84.95,2005,99,4,11.31
172721,Active,561912,NA,NA,D,1,0,562347.295,364.95,2006,31,7.8,20.9
172722,Active,110368,NA,NA,S,1,0,108335.325,81.44,2008,31,7.14,58.99
172723,Active,2795192,NA,NA,D,2,1,1894943.093,71,1980,22,62.32,114.99
172724,Active,899283,NA,NA,D,1,0,1224805.898,132,2005,21,33.94,97.7
172725,Active,147134,NA,NA,S,3,1,2427943.039,39.95,2004,47,4,43.75
172726,Active,155655,NA,NA,D,3,1,1294762.796,61.95,2006,31,4.74,50.97
172727,Active,661111,NA,NA,S,4,1,184533.9088,80.5,2011,25,38.11,61.94
172728,Active,537339,NA,NA,D,6,1,956298.4975,252.13,2012,46,4.12,153.98
172729,Active,120864,NA,NA,D,5,1,386926.845,200,2010,91,5.14,18.99
172730,Active,556158,NA,NA,S,2,1,875048.1563,73,2009,39,22.49,55.34
172731,Active,2788519,NA,NA,D,1,0,2083975.26,53.95,1989,30,4,26.99
172732,Active,166171,NA,NA,S,5,1,1035932.756,11.98,2004,56,4,15.31
172733,Active,530197,NA,NA,S,6,1,1185327.255,58.4,2008,47,26.86,58.33
172734,Active,569768,NA,NA,S,3,1,403094.505,189.95,2005,38,31.79,173.09
172735,Active,765438,NA,NA,D,2,1,7584629.184,186.95,2001,14,4,14.96
172736,Active,177790,NA,NA,D,6,1,497246.2188,169.95,2005,26,3.99,45.97
172737,Active,147611,NA,NA,D,6,1,431594.9075,85.95,2010,87,5.43,11.43
172738,Active,3246200,NA,NA,D,2,1,4365900.803,88.58,2004,31,8.84,31.77
172739,Active,60401,NA,NA,D,5,1,1531423.063,64.95,2005,65,4.06,12.99
172740,Active,609472,NA,NA,D,2,1,920514.4763,239.95,2004,40,4.73,5.44
172741,Active,252003,NA,NA,S,3,1,685552.6163,245.95,2010,44,13.43,47.44
172742,Active,3959829,NA,NA,D,3,1,3069248.8,0,2009,30,7.66,15.28
172743,Active,55240,NA,NA,D,3,1,68198.8775,110,2009,345,4.98,11.48
172744,Active,55239,NA,NA,D,2,1,1084985.464,86.95,2005,110,4,7.98
172745,Active,530195,NA,NA,S,6,1,22043.53125,103.4,2011,50,49.54,73.98
172746,Active,120882,NA,NA,D,5,1,300162.5075,78.95,2007,68,4,17.94
172747,Active,699079,NA,NA,D,8,1,1745148.946,107.75,2008,14,9.88,63.02
172748,Active,60402,NA,NA,D,7,1,528716.0663,50.75,2004,40,8.74,53
172749,Active,698820,NA,NA,S,7,1,3313611.495,165.42,2004,11,6.39,67.54
172750,Active,270790,NA,NA,D,3,1,102563.2488,83.99,2011,126,6.48,18.98
172751,Active,204080,NA,NA,D,2,1,1222442.465,67.95,2007,70,4,19.43
172752,Active,112218,NA,NA,S,0,0,491026.26,108.5,2005,43,12.33,21.98
172753,Active,52009,NA,NA,D,16,1,379340.4038,72.03,2008,87,5.88,35.77
172754,Active,108860,NA,NA,D,15,1,878378.9088,122.5,2005,35,4.56,17.93
172755,Active,52010,NA,NA,D,17,1,40588.8375,50.96,2011,117,9.85,26.09
172756,Active,2265932,NA,NA,S,0,0,352878.0813,92.52,1900,29,28.09,46.33
172757,Active,52008,NA,NA,D,15,1,1409624.791,35.74,2005,50,4,35.71
172758,Active,545802,NA,NA,D,4,1,150547.245,138,2012,57,5.26,41.42
172759,Active,248100,NA,NA,D,3,1,488706.46,116,2010,52,4.45,40.78
172760,Active,874509,NA,NA,D,3,1,599979.6875,116,2010,38,7.45,38.74
172761,Active,247684,NA,NA,S,2,1,688284.9825,104,2006,46,4,6.83
172762,Active,201725,NA,NA,D,0,0,1630001.798,44.95,2009,26,4,46.89
172763,Active,576968,NA,NA,S,2,1,554973.8925,47.95,2013,20,30.58,46.03
172764,Active,266849,NA,NA,D,0,0,594451.2863,44.99,2004,39,8.96,28.98
172765,Active,1728244,NA,NA,D,1,0,2591029.725,59.95,2006,19,5.77,18.99
172766,Active,271499,NA,NA,D,2,1,161970.2538,68.95,2009,35,23,52.51
172767,Active,224721,NA,NA,D,4,1,73260.20875,206.95,2011,66,7.55,54.62
172768,Active,169801,NA,NA,D,3,1,929304.24,217.95,2008,67,4,6.47
172769,Active,199452,NA,NA,S,0,0,52504.8425,54,1998,28,21.51,35.93
172770,Active,228305,NA,NA,D,3,1,984272.695,34.95,2002,21,3.99,7.98
172771,Active,895113,NA,NA,S,2,1,192388.9825,75,2014,14,24.11,27.36
172772,Active,52562,NA,NA,D,4,1,106722.2725,89,2006,172,4.46,13.99
172773,Active,52563,NA,NA,D,5,1,10199.25125,106,2010,159,7.74,12.57
172774,Active,566253,NA,NA,D,1,0,373018.8863,24.3,2012,48,4.99,18.56
172775,Active,148601,NA,NA,D,1,0,1173663.589,245.95,2008,63,4,8.86
172776,Active,544209,NA,NA,D,2,1,76977.69875,223.95,2012,71,4.82,97.76
172777,Active,60404,NA,NA,S,5,1,794272.3913,75.3,2000,38,4.19,33.45
172778,Active,619001,NA,NA,S,8,1,55852.225,74,2007,36,31.57,38.88
172779,Active,621273,NA,NA,D,2,1,2395952.918,52,2009,26,4,22.49
172780,Active,133056,NA,NA,S,5,1,165481.6438,139.4,2010,51,9.33,31.25
172781,Active,288167,NA,NA,S,0,0,8245.425,54.99,2007,47,25.45,25.97
172782,Active,1517491,NA,NA,S,1,0,12558.25,99.99,2014,11,52.95,71.12
172783,Active,2169078,NA,NA,S,2,1,128566.5,54.99,2014,4,37.98,43.98
172784,Active,567383,NA,NA,D,3,1,866905.7925,77.95,2006,26,4,48.43
172785,Active,614667,NA,NA,S,0,0,126440.495,49.95,1994,32,23.98,42.84
172786,Active,616422,NA,NA,S,0,0,307396.655,49.95,1994,29,7.91,51.51
172787,Active,612797,NA,NA,S,5,1,17720.05,39.95,2013,12,25.93,25.98
172788,Active,3553281,NA,NA,D,1,0,1437916,40,1983,26,23.42,50.96
172789,Active,622619,NA,NA,S,6,1,89516.7325,113,2011,54,24.97,70.57
172790,Active,1660582,NA,NA,S,2,1,45250.95,34.99,2009,23,20.04,22.36
172791,Active,1476382,NA,NA,S,4,1,95941.4625,39.95,2015,30,18.04,26.02
172792,Active,530186,NA,NA,S,7,1,45074.95125,107.99,2012,68,33.67,68.12
172793,Active,203921,NA,NA,D,6,1,313821.2638,92.95,2007,75,8.09,35.24
172794,Active,663581,NA,NA,S,3,1,476437.9638,62,2014,28,51.31,48.77
172795,Active,616435,NA,NA,S,1,0,65747.6,60,1982,61,27.36,149.54
172796,Active,2380656,NA,NA,S,0,0,1660449.139,89,1986,21,42,99.37
172797,Active,407702,NA,NA,D,1,0,2745503.431,62,1998,26,4,40.63
172798,Active,293149,NA,NA,D,2,1,523665.4813,82.95,2002,26,17.39,141.15
172799,Active,3598847,NA,NA,D,2,1,877535.15,99.95,1994,26,13.85,64.16
172800,Active,656154,NA,NA,D,2,1,382333.345,65.95,2004,18,40.94,53.36
172801,Active,126651,NA,NA,S,2,1,40263.18125,51,2005,109,24.96,33.72
172802,Active,3857864,NA,NA,D,2,1,925877.3,99,2012,17,88.96,90.36
172803,Active,874280,NA,NA,D,2,1,193236.3288,92.95,2008,41,4.36,16
172804,Active,530183,NA,NA,S,2,1,340494.5675,156.95,2009,26,26.65,118.98
172805,Active,224446,NA,NA,D,1,0,1445559.138,176.95,2004,68,4,9.77
172806,Active,187976,NA,NA,D,2,1,480148.3875,77.95,1999,36,4,18.99
172807,Active,530182,NA,NA,S,3,1,58877.09125,95.99,2009,133,41.99,45.24
172808,Active,144904,NA,NA,D,0,0,559584.0838,49.99,2005,42,4,8.69
172809,Active,119128,NA,NA,D,6,1,90143.68125,163.8,2010,58,4.41,23.99
172810,Active,120659,NA,NA,D,5,1,619297.935,132,2008,56,4,43.83
172811,Active,50897,NA,NA,D,5,1,13939.66625,184.4,2011,101,10.49,18.68
172812,Active,121640,NA,NA,S,4,1,889750.2225,193.53,2008,27,4.63,134.14
172813,Active,50898,NA,NA,D,4,1,204375.21,140,2008,137,4,31.8
172814,Active,50896,NA,NA,D,3,1,641952.975,132,2006,107,4,20.98
172815,Active,278030,NA,NA,D,3,1,69630.36375,22,2003,391,4,6.87
172816,Active,278031,NA,NA,D,4,1,17870.165,29.12,2005,394,5.65,8.87
172817,Active,552810,NA,NA,S,1,0,228370.1125,165.4,2012,40,12.46,64.67
172818,Active,1480597,NA,NA,S,1,0,109849.9625,49.95,2013,35,18.99,41.96
172819,Active,170463,NA,NA,D,2,1,125419.8925,35.97,2007,68,4.99,24.2
172820,Active,530180,NA,NA,S,3,1,21675.78625,104.25,2012,60,36.2,65.97
172821,Active,170427,NA,NA,S,0,0,730660.4725,63.9,2002,70,4,37.16
172822,Active,553534,NA,NA,S,1,0,55667.805,244.2,2010,59,21.25,66.49
172823,Active,129374,NA,NA,D,0,0,545229.3513,44.95,2010,50,4.59,42.23
172824,Active,154213,NA,NA,S,5,1,356268.7175,50,1995,69,4,23.99
172825,Active,218095,NA,NA,D,3,1,2077273.121,45,2004,29,4,5.98
172826,Active,2605451,NA,NA,S,1,0,436142.6225,39.99,2000,38,16.56,38.38
172827,Active,2900610,NA,NA,S,1,0,559421.2913,45,1983,176,4,12.94
172828,Active,2170586,NA,NA,S,13,1,3296327.15,92.95,2009,22,4,28.44
172829,Active,1724542,NA,NA,S,0,0,65365.675,75,2014,16,34.05,45.17
172830,Active,543382,NA,NA,S,1,0,45679.875,85,2005,25,31.43,48.19
172831,Active,431050,NA,NA,D,10,1,5750738.484,97.5,2005,22,4.97,64.35
172832,Active,430996,NA,NA,D,9,1,3505949.404,77.5,2002,23,4.77,47.49
172833,Active,558973,NA,NA,S,5,1,6175114.43,87.5,1989,52,4,69.94
172834,Active,3303961,NA,NA,S,0,0,746584.0938,23.74,2003,16,22.52,78.53
172835,Active,615295,NA,NA,S,2,1,5839.26375,12.98,2012,49,13.19,0
172836,Active,922480,NA,NA,S,0,0,259162.825,45,1987,90,4.98,18.9
172837,Active,646442,NA,NA,S,3,1,695222.2088,70,2009,41,6.39,0
172838,Active,608291,NA,NA,S,2,1,1568701.246,140,1995,37,4,25.97
172839,Active,148671,NA,NA,S,2,1,2301668.566,141.95,2006,24,4,81.86
172840,Active,148598,NA,NA,D,3,1,310579.3775,270.95,2008,57,5.13,42.35
172841,Active,178658,NA,NA,D,4,1,40003.32625,321.95,2011,74,7.31,63.98
172842,Active,288906,NA,NA,S,2,1,1444095.661,287.95,2005,25,4,8.23
172843,Active,60405,NA,NA,D,2,1,2205350.798,194.95,2006,42,4,42.42
172844,Active,108345,NA,NA,D,5,1,1108482.645,9.98,2005,62,4,8.85
172845,Active,285597,NA,NA,D,7,1,95059.67375,93.99,2010,43,8.73,61.13
172846,Active,110404,NA,NA,D,6,1,335009.41,16.94,2007,49,3.95,40.01
172847,Active,56524,NA,NA,D,1,0,71178.27625,29.95,2000,271,4,12.94
172848,Active,56525,NA,NA,S,2,1,45501.2825,29.95,2007,67,27.9,38.99
172849,Active,914321,NA,NA,S,0,0,318180.5563,75,2005,42,13.77,48.06
172850,Active,3797574,NA,NA,S,0,0,253013.05,45,2015,52,24.97,28.98
172851,Active,1869186,NA,NA,S,1,0,266782.8863,74.95,2015,48,48.3,50.19
172852,Active,234010,NA,NA,D,6,1,895025.2563,70,2000,30,4,11.99
172853,Active,2876379,NA,NA,D,6,1,4133875.154,131,1983,14,16.75,131
172854,Active,128130,NA,NA,S,3,1,4679720.569,85,1999,19,6.37,67.45
172855,Active,890452,NA,NA,D,0,0,4561075.246,45,2011,15,6.48,10.95
172856,Active,724284,NA,NA,D,0,0,1083539.918,85,2009,19,7.75,16.98
172857,Active,3119688,NA,NA,S,0,0,7786061,99.95,2004,9,6.6,99.95
172858,Active,875307,NA,NA,S,4,1,3232899.095,62.5,2001,28,4.34,53.82
172859,Active,875315,NA,NA,D,5,1,1027442.756,77.5,2005,34,4,45.71
172860,Active,612336,NA,NA,S,7,1,186726.4188,459.36,2013,26,42.95,82.28
172861,Active,622698,NA,NA,D,6,1,162200.1663,80,2009,65,4.99,66.23
172862,Active,652492,NA,NA,S,1,0,30512.175,106.25,2012,35,43.73,81.94
172863,Active,655305,NA,NA,S,1,0,31903.4,75.75,2012,50,23.98,62.76
172864,Active,3031463,NA,NA,S,0,0,297721.2588,44.95,1995,33,5.05,23.95
172865,Active,652337,NA,NA,S,1,0,63427.4,70,2013,27,47.37,42.27
172866,Active,622644,NA,NA,S,3,1,46125.70875,40,2011,29,18.99,26.21
172867,Active,149663,NA,NA,D,3,1,581688.5188,42.95,2010,34,5.16,39.85
172868,Active,700754,NA,NA,S,2,1,2232274.835,30.95,2004,20,4,16.98
172869,Active,3295254,NA,NA,S,3,1,444355.55,67.08,1900,31,32.72,68.96
172870,Active,613445,NA,NA,D,2,1,72084.0825,38,1994,86,4.4,59.98
172871,Active,2317907,NA,NA,D,2,1,3021209.063,41.5,1991,29,4,42.97
172872,Active,3055956,NA,NA,S,2,1,113384.7475,30.7,2005,35,4.48,37.99
172873,Active,642759,NA,NA,D,14,1,3744278.321,109.95,2005,21,4.49,61.73
172874,Active,647230,NA,NA,D,15,1,1129184.281,87.95,2011,13,25.54,25.54
172875,Active,530174,NA,NA,S,2,1,152011.2763,60,2009,27,25.98,27.87
172876,Active,200579,NA,NA,D,1,0,681823.2638,65.95,2010,28,4,27.88
172877,Active,633757,NA,NA,S,2,1,373826.8313,81.95,2013,34,31.28,34.68
172878,Active,635890,NA,NA,D,1,0,1143484.654,185,2002,27,33.76,158.67
172879,Active,633162,NA,NA,S,0,0,21694.275,189.75,2011,60,47.99,103.99
172880,Active,117682,NA,NA,D,3,1,789389.9088,126.67,2005,28,21.39,51.09
172881,Active,2082185,NA,NA,S,0,0,86332.8375,50,2013,26,17.81,17.81
172882,Active,117509,NA,NA,S,7,1,90459.61,61.4,2003,65,13.49,24.09
172883,Active,61210,NA,NA,S,4,1,1934969.478,76.95,2000,29,4,10.86
172884,Active,177380,NA,NA,S,5,1,268396.2013,203.95,2005,41,8.44,33.09
172885,Active,299927,NA,NA,D,3,1,400577.71,40.95,2001,43,4.71,43.12
172886,Active,1657788,NA,NA,S,2,1,790173.6388,93.28,2009,31,8.34,64.65
172887,Active,566463,NA,NA,D,0,0,1021005.045,49.95,1993,36,4,0
172888,Active,290134,NA,NA,S,2,1,315750.0425,75,2007,30,36.19,0
172889,Active,663799,NA,NA,S,4,1,14161.73625,25.75,2013,56,16.37,22.34
172890,Active,612913,NA,NA,S,2,1,1372816.973,8.49,2007,96,3.68,8.49
172891,Active,141774,NA,NA,S,1,0,1579899.624,10.15,2004,60,4,9.94
172892,Active,142048,NA,NA,S,3,1,293515.4738,12.46,2010,129,4,26.88
172893,Active,2140848,NA,NA,S,4,1,576289.9263,39.59,2010,12,9.94,13.94
172894,Active,3547202,NA,NA,D,1,0,1109652.4,60.95,2000,35,4,7.27
172895,Active,385668,NA,NA,S,2,1,199748.1838,112.95,2004,28,38.04,0
172896,Active,893049,NA,NA,S,7,1,183955.38,0,2012,15,23.97,0
172897,Active,914626,NA,NA,D,1,0,3241377.783,60,2002,36,4,18.98
172898,Active,915012,NA,NA,D,2,1,914583.5575,73.95,2007,32,4,13.94
172899,Active,2871058,NA,NA,D,0,0,2363530.576,6.42,1997,14,6.1,6.42
172900,Active,183708,NA,NA,D,11,1,733554.7888,182.95,2005,49,3.99,65.29
172901,Active,3526499,NA,NA,D,12,1,1685902.05,203.95,2009,48,4.39,12.69
172902,Active,288614,NA,NA,S,11,1,519058.5688,80.6,2006,41,4,23.98
172903,Active,262801,NA,NA,S,3,1,104409.21,37.95,2011,53,20.34,33.94
172904,Active,878932,NA,NA,S,3,1,4464.52625,93.75,2014,77,35.25,73.99
172905,Active,142043,NA,NA,D,2,1,20954.4825,36.98,2011,179,5.78,19.49
172906,Active,867853,NA,NA,S,3,1,33713.90625,43.25,2014,58,15.98,30.14
172907,Active,54516,NA,NA,D,1,0,616587.2338,11.32,2008,138,4,8.77
172908,Active,142171,NA,NA,D,1,0,1053311.871,62.97,2010,89,4,10.12
172909,Active,127623,NA,NA,S,2,1,1188669.176,45,2003,26,4,30.93
172910,Active,201784,NA,NA,S,3,1,419148.5388,44.95,2009,14,39.34,0
172911,Active,828432,NA,NA,D,2,1,967607.9175,47,2002,18,5.88,43.98
172912,Active,367627,NA,NA,D,2,1,2050802.358,65,2005,35,4,16.8
172913,Active,1517361,NA,NA,S,1,0,66972.175,39.99,2014,13,29.33,25.28
172914,Active,555170,NA,NA,S,0,0,28605.1375,49.95,1958,48,12.8,35.96
172915,Active,2646813,NA,NA,D,2,1,1082289.471,68.95,1993,34,6.27,41.9
172916,Active,1840028,NA,NA,S,3,1,288155.5838,41.95,2012,28,32.26,31.65
172917,Active,184517,NA,NA,S,2,1,220300.5813,66.95,2003,21,33.96,57.18
172918,Active,231566,NA,NA,D,4,1,136799.115,99.95,2001,53,5.49,20.68
172919,Active,830734,NA,NA,D,3,1,1582304.466,64.95,1992,52,4,13.99
172920,Active,551740,NA,NA,S,1,0,24075.5025,95,2000,50,43.98,63.98
172921,Active,872332,NA,NA,D,0,0,105765.355,52,1984,44,21.19,132.47
172922,Active,635626,NA,NA,S,3,1,88694.7075,46,2012,37,25.88,33.69
172923,Active,3116403,NA,NA,D,0,0,6481524.031,249,2005,14,26.67,86.54
172924,Active,1458887,NA,NA,S,1,0,132887.6,53.32,2010,22,7.98,48.15
172925,Active,591432,NA,NA,S,2,1,410189.5538,49.99,2009,29,25.18,31.83
172926,Active,123951,NA,NA,S,7,1,249090.9838,74.95,2002,31,13.69,46.28
172927,Active,2335710,NA,NA,D,7,1,457562.7638,43.5,1994,110,4,39.99
172928,Active,920970,NA,NA,D,8,1,282805.7338,56.1,2000,42,10.73,28.98
172929,Active,285138,NA,NA,S,8,1,448836.3788,19.99,2000,33,11.67,31.36
172930,Active,107345,NA,NA,S,8,1,499763.47,299.63,1999,19,9.5,78.99
172931,Active,860355,NA,NA,S,2,1,107795.5738,112.95,2011,49,27.79,23.99
172932,Active,723081,NA,NA,D,0,0,1169087.75,85.95,2008,32,4,16.49
172933,Active,537184,NA,NA,S,2,1,234507.1175,49.95,1996,62,11.17,46.85
172934,Active,248198,NA,NA,S,3,1,714756.3088,39.95,2010,23,22.98,29.95
172935,Active,618953,NA,NA,S,1,0,126797.325,49.99,2010,35,4.8,24.9
172936,Active,530164,NA,NA,S,2,1,555585.3638,39.95,2009,23,30.28,33.75
172937,Active,557594,NA,NA,D,3,1,162362.7288,85.2,2010,35,10.99,18.35
172938,Active,1724476,NA,NA,S,0,0,22775.2,85,2013,22,42.4,51.67
172939,Active,626402,NA,NA,S,2,1,270484.9163,30,2006,42,8.08,22.31
172940,Active,530163,NA,NA,S,8,1,216500.6625,114.8,2007,41,10.16,90.65
172941,Active,557347,NA,NA,S,8,1,227885.8425,114.8,2007,39,19.38,101.84
172942,Active,530160,NA,NA,S,6,1,1185844.783,25.99,2012,28,4,23.99
172943,Active,1567298,NA,NA,S,1,0,1645469.4,21.99,2009,24,4,33.05
172944,Active,756284,NA,NA,S,24,1,287844.7425,24.99,2011,25,4,60.82
172945,Active,1569192,NA,NA,S,1,0,1874174.411,12.99,2008,29,4,48.05
172946,Active,253972,NA,NA,D,1,0,429193.1138,74.95,2010,72,6.48,18.98
172947,Active,2559193,NA,NA,D,1,0,742234.2363,65,1991,20,28.44,53.57
172948,Active,532092,NA,NA,S,0,0,458606.4888,61.95,2009,28,38.79,39.06
172949,Active,1592592,NA,NA,D,1,0,3035749.898,154.99,2007,12,65.81,110.39
172950,Active,1566982,NA,NA,S,1,0,54402.225,65,2008,28,30.66,36.11
172951,Active,609730,NA,NA,S,5,1,421945.7663,25.95,2003,31,6.91,0
172952,Active,641689,NA,NA,S,4,1,52605.6,39.99,2006,17,19.74,24.67
172953,Active,2084309,NA,NA,S,0,0,104884.075,62.99,2013,14,42.77,40.44
172954,Active,902830,NA,NA,D,7,1,2333164.63,59.95,2003,17,4.81,0
172955,Active,628204,NA,NA,S,8,1,540909.5738,86.5,2007,12,29.02,0
172956,Active,167018,NA,NA,D,0,0,1172764.276,140,2005,24,21.71,115.03
172957,Active,1827178,NA,NA,S,5,1,44966.54,121.95,2014,43,40.99,111.05
172958,Active,1575153,NA,NA,D,4,1,4605564.479,80.95,2010,23,7.06,55.61
172959,Active,609642,NA,NA,D,4,1,229409.8738,168.95,2010,89,3.88,41.98
172960,Active,1575096,NA,NA,D,4,1,198181.7425,113.95,2010,70,4,11.99
172961,Active,61077,NA,NA,S,3,1,2361745.278,152.95,2004,27,3.9,19.85
172962,Active,801960,NA,NA,S,2,1,471726.3125,83,2010,21,41.88,0
172963,Active,785732,NA,NA,S,0,0,1789077.483,21.26,2007,11,4,21.26
172964,Active,3590804,NA,NA,D,2,1,4634281.95,72,2002,12,22.93,20
172965,Active,2561956,NA,NA,D,0,0,4662684.961,253.96,1981,17,6.39,144.25
172966,Active,639555,NA,NA,S,2,1,688478.8075,220.91,1991,36,48.43,165.04
172967,Active,60406,NA,NA,D,3,1,881533.1013,54.95,2004,24,4.78,67.36
172968,Active,577405,NA,NA,D,0,0,708630.6563,56.95,2009,36,4,20.11
172969,Active,101234,NA,NA,S,3,1,40280.8775,347.95,2000,118,11.3,24.61
172970,Active,867996,NA,NA,D,2,1,2183714.174,96.95,1994,38,4,28.99
172971,Active,121618,NA,NA,D,3,1,126191.895,76.8,2009,58,13.32,97.47
172972,Active,176593,NA,NA,D,2,1,182367.02,166.95,1996,67,30.32,80.48
172973,Active,866848,NA,NA,S,4,1,62610.95625,65,2014,22,53.98,52.42
172974,Active,117902,NA,NA,D,2,1,1108141.124,53.67,2005,33,4.61,36.63
172975,Active,222224,NA,NA,S,2,1,38094.9525,90,2010,34,51.92,64.07
172976,Active,233828,NA,NA,S,2,1,371566.5688,69,2003,31,7.69,96.78
172977,Active,231551,NA,NA,D,1,0,581766.775,87.95,2004,26,4.13,39.01
172978,Active,192786,NA,NA,D,2,1,717521.4038,64.95,2002,62,4,13.99
172979,Active,627940,NA,NA,D,1,0,1962829.803,69.95,1997,30,4.31,106.33
172980,Active,105913,NA,NA,S,2,1,582509.1238,95,2005,33,23.96,59.7
172981,Active,159587,NA,NA,D,1,0,1395548.186,134,2008,12,88.99,183.98
172982,Active,210986,NA,NA,S,3,1,40425.3525,77.95,2008,70,38.98,50.97
172983,Active,911111,NA,NA,D,2,1,559117.8613,44.95,2000,25,18.66,36.64
172984,Active,912471,NA,NA,D,0,0,918188.4438,55,1986,29,12.27,56.57
172985,Active,2023441,NA,NA,S,1,0,78193.05,71.99,2014,14,40.95,40.95
172986,Active,2430357,NA,NA,D,0,0,5373245.21,112,1996,22,4.34,7.24
172987,Active,129739,NA,NA,S,2,1,117226.2813,116.6,2003,43,19.34,59.25
172988,Active,60407,NA,NA,D,3,1,342132.2463,293.95,2006,42,4,12.55
172989,Active,179164,NA,NA,D,4,1,76723.67,304.95,2008,85,5.51,25
172990,Active,57561,NA,NA,D,4,1,61275.84125,217.6,2010,89,4.58,78.99
172991,Active,645402,NA,NA,S,4,1,314048.7675,183.5,2010,28,22.14,89.44
172992,Active,57563,NA,NA,D,3,1,76980.2575,126.25,2006,122,4.76,65.49
172993,Active,2380834,NA,NA,D,0,0,3564307.993,81.65,1974,14,6.63,73.71
172994,Active,1570854,NA,NA,S,9,1,208714.55,60.87,2011,34,7.66,64.75
172995,Active,264646,NA,NA,D,1,0,538930.485,100.95,2009,51,4,18.15
172996,Active,538727,NA,NA,S,21,1,170525.25,254.52,2012,48,15.27,141.09
172997,Active,109786,NA,NA,S,18,1,999821.4013,28.99,2006,89,4.19,19.63
172998,Active,530142,NA,NA,D,20,1,163385.4913,33.33,2010,262,5.81,22.24
172999,Active,913948,NA,NA,S,17,1,680569.1563,65.33,2004,30,6.49,61.62
173000,Active,416615,NA,NA,D,19,1,371101.06,18.88,2008,207,5.75,23.56
173001,Active,1440682,NA,NA,S,21,1,1003880.993,28.94,2013,6,27.93,27.95
173002,Active,417130,NA,NA,S,19,1,2175548.15,33.98,2008,27,6.06,33.99
173003,Active,538663,NA,NA,S,21,1,85674.59875,56.49,2012,78,5.49,37.92
173004,Active,60408,NA,NA,S,18,1,2511688.988,5.91,2007,64,4,5.46
173005,Active,416588,NA,NA,S,19,1,486194.3813,16.62,2008,69,4,16.32
173006,Active,538662,NA,NA,S,21,1,144588.4063,62.99,2012,91,4.91,56.75
173007,Active,111211,NA,NA,S,20,1,935189.0688,51.09,2010,54,4.94,45.07
173008,Active,244957,NA,NA,D,2,1,2038423.4,246.95,2003,78,4.53,8.52
173009,Active,280562,NA,NA,S,5,1,557842.0338,69.95,2007,31,33.57,57.47
173010,Active,530138,NA,NA,S,5,1,329676.9663,161,2009,38,7.25,54.47
173011,Active,534817,NA,NA,S,4,1,29695.7125,84.95,2013,57,36.4,60.23
173012,Active,50772,NA,NA,D,3,1,156853.9363,81.95,2008,83,10.85,27.09
173013,Active,50770,NA,NA,D,2,1,2265309.298,59.95,2004,68,3.55,12.91
173014,Active,579429,NA,NA,S,1,0,463393.03,159.8,2002,45,7.55,59.14
173015,Active,113753,NA,NA,D,2,1,1424303.123,122.67,2000,27,4,14.66
173016,Active,148491,NA,NA,S,1,0,1420789.233,311.95,2007,53,4,27.22
173017,Active,3616701,NA,NA,D,3,1,3115192.1,72,2001,33,4,10.43
173018,Active,110626,NA,NA,S,6,1,549662.3213,207.75,2008,52,4,14.98
173019,Active,877055,NA,NA,D,7,1,2362189.706,101.25,2010,39,4.49,30.22
173020,Active,528476,NA,NA,S,8,1,321664.4163,185.37,2012,24,8.42,138.05
173021,Active,50758,NA,NA,D,7,1,405710.1488,35.94,2010,125,4.02,36.95
173022,Active,546136,NA,NA,S,5,1,259575.5088,91.95,2013,27,53.98,59.8
173023,Active,203480,NA,NA,D,5,1,2701504.153,169,2003,21,4.48,11.97
173024,Active,161858,NA,NA,S,2,1,82173.375,122.25,2009,61,33.94,68.13
173025,Active,276839,NA,NA,D,1,0,527122.0575,48.36,1996,38,4.16,44.43
173026,Active,54025,NA,NA,D,5,1,1448423.729,7.89,2008,80,4,12.58
173027,Active,144836,NA,NA,D,3,1,1521926.77,110.67,2004,20,4,11.99
173028,Active,2334046,NA,NA,S,2,1,1427507.446,129.95,1993,27,6.65,24.98
173029,Active,530137,NA,NA,S,4,1,195629.845,125.95,2012,31,28.92,28.97
173030,Active,534332,NA,NA,D,3,1,351918.895,474.15,1984,68,5.14,55.49
173031,Active,912784,NA,NA,S,2,1,1844793.098,94.05,1974,32,4,73.79
173032,Active,580439,NA,NA,S,3,1,1376375.238,289.22,1983,11,18.31,77.61
173033,Active,113136,NA,NA,D,3,1,672031.68,109,2008,35,8.5,39.99
173034,Active,159440,NA,NA,D,2,1,1167424.415,58.95,2001,40,4.12,45.49
173035,Active,545257,NA,NA,S,4,1,103057.165,96.95,2012,44,41.07,65.97
173036,Active,159464,NA,NA,D,3,1,178717.5325,90.95,2005,45,4.48,48.86
173037,Active,113477,NA,NA,D,2,1,1630615.6,99.95,2002,46,4.98,42.16
173038,Active,614297,NA,NA,S,2,1,836410.0613,106.8,2007,78,4,13.49
173039,Active,60410,NA,NA,D,5,1,511000.9288,367.95,2006,43,4.65,32.64
173040,Active,566685,NA,NA,D,2,1,530326.3238,156,1993,21,4.05,44.21
173041,Active,530134,NA,NA,S,2,1,390825.1413,92,2004,34,4.39,54.26
173042,Active,633756,NA,NA,S,1,0,81865.595,88.95,2013,26,19.51,48.74
173043,Active,50781,NA,NA,S,7,1,2556306.351,94.95,1997,35,4,26.29
173044,Active,50782,NA,NA,S,8,1,42157.38125,335.95,2000,109,5.19,27.28
173045,Active,544704,NA,NA,D,8,1,55343.43625,275.95,2013,76,26.28,82.9
173046,Active,914506,NA,NA,S,5,1,1132207.986,11.8,2004,52,5.58,11.88
173047,Active,54182,NA,NA,D,7,1,61990.275,285.95,2010,78,9.39,23.98
173048,Active,54181,NA,NA,D,6,1,306581.5475,274.95,2007,133,4,17.58
173049,Active,918085,NA,NA,S,1,0,126947.2488,162.95,2002,62,9.14,88.78
173050,Active,50752,NA,NA,D,5,1,648697.21,22,2007,210,4,14.36
173051,Active,50753,NA,NA,S,4,1,576060.5713,5.2,2004,101,4.12,14.99
173052,Active,50755,NA,NA,D,6,1,72468.62875,58.24,2010,180,5.49,49.12
173053,Active,286179,NA,NA,D,0,0,202865.4988,52.2,2007,57,7.39,0
173054,Active,608287,NA,NA,D,3,1,321731.1888,101.97,1982,17,12,63.98
173055,Active,530133,NA,NA,D,2,1,1003626.628,85,2010,27,36.7,41.99
173056,Active,161483,NA,NA,D,1,0,1041202.076,90,2006,26,21.98,24.94
173057,Active,537639,NA,NA,S,5,1,1506819.324,170.64,2012,21,12.34,61.99
173058,Active,148496,NA,NA,S,1,0,488503.4838,348.95,2007,30,4.99,73.93
173059,Active,52829,NA,NA,D,3,1,1422003.818,5.98,2008,43,3.87,10.47
173060,Active,52830,NA,NA,D,4,1,826653.8188,55.28,2010,84,4.57,28.97
173061,Active,871896,NA,NA,D,5,1,140823.9263,900,2010,33,20.19,25.94
173062,Active,108740,NA,NA,D,4,1,246066.6075,185.77,2005,40,43.98,73.94
173063,Active,203408,NA,NA,D,3,1,2903267.718,179,2002,23,48.3,168.66
173064,Active,2361981,NA,NA,S,3,1,803029.735,93.95,1994,34,4,43.35
173065,Active,569450,NA,NA,S,2,1,1938537.533,68.95,1993,30,4,45.37
173066,Active,176979,NA,NA,D,4,1,564812.9713,169.95,2003,28,6.89,51.5
173067,Active,178250,NA,NA,S,9,1,337592.6038,345.95,1997,43,5.5,53.65
173068,Active,169820,NA,NA,D,5,1,1198530.638,266.95,2008,50,4.47,11.91
173069,Active,177033,NA,NA,D,4,1,3250365.548,266.95,2005,21,4,7.94
173070,Active,114798,NA,NA,S,2,1,391892.0063,229.6,2001,37,11.68,69.13
173071,Active,101429,NA,NA,D,8,1,155690.4,429.95,2003,53,7.63,71.99
173072,Active,742864,NA,NA,S,9,1,176949.985,186.93,2011,51,15.39,49.86
173073,Active,243812,NA,NA,D,3,1,460479.965,113.95,2009,46,7.33,37.49
173074,Active,54166,NA,NA,D,3,1,578151.685,122.95,2009,93,4.29,43.03
173075,Active,145747,NA,NA,D,8,1,39724.66,225.33,2008,329,5.94,31.49
173076,Active,593277,NA,NA,S,1,0,169458.325,147.95,2010,51,4.82,58.31
173077,Active,163784,NA,NA,D,1,0,502962.025,103.13,1995,13,90.03,53.98
173078,Active,118288,NA,NA,D,6,1,60641.375,199,2010,53,33.99,104.46
173079,Active,286136,NA,NA,D,0,0,1581973.268,123,2003,38,4,23.35
173080,Active,118782,NA,NA,S,5,1,2291062.685,128,2006,16,34.68,102.99
173081,Active,118884,NA,NA,D,5,1,196354.3988,152,2006,61,8.6,59.13
173082,Active,640592,NA,NA,D,2,1,1182602.904,75.99,2009,15,31.05,73.42
173083,Active,2361935,NA,NA,D,1,0,1359416.258,133,2005,23,24.37,73.97
173084,Active,287842,NA,NA,D,0,0,1187619.128,90,1995,20,22.38,80.53
173085,Active,194196,NA,NA,S,3,1,64530.92625,71,2011,47,27.83,62.81
173086,Active,194064,NA,NA,D,2,1,176757.0013,64,2005,39,4.91,48.29
173087,Active,173946,NA,NA,S,2,1,1062735.545,110,2005,22,46.69,73.99
173088,Active,612513,NA,NA,S,0,0,46899.12125,117.95,2013,24,45.99,62.65
173089,Active,107102,NA,NA,S,9,1,144573.5063,62.45,1999,41,5.47,69.31
173090,Active,152851,NA,NA,S,2,1,207027.175,109,1999,59,4,20.71
173091,Active,50749,NA,NA,D,7,1,42954.75125,269.95,2010,71,53.99,113.99
173092,Active,50748,NA,NA,D,6,1,135214.8538,332.95,2005,54,13.23,53.84
173093,Active,534110,NA,NA,S,4,1,2858370.961,126.95,1995,23,4.12,49.82
173094,Active,916322,NA,NA,D,2,1,2147091.478,69.95,1998,31,4,23.97
173095,Active,248729,NA,NA,D,3,1,677405.7813,95.95,2005,22,5.75,71.54
173096,Active,879020,NA,NA,S,3,1,931863.3538,35.39,2000,47,5.98,28.99
173097,Active,50698,NA,NA,D,3,1,183905.7,99,1998,109,4.41,28.9
173098,Active,50699,NA,NA,D,4,1,49437.44875,110,2003,107,6.99,41.96
173099,Active,300402,NA,NA,D,4,1,1002128.259,177,2008,22,18.99,74.84
173100,Active,54633,NA,NA,D,7,1,1529143.554,115.83,2007,55,4,177.85
173101,Active,54634,NA,NA,D,8,1,158981.6613,245.95,2008,75,8.84,55.77
173102,Active,148648,NA,NA,D,2,1,1385652.185,240.95,2009,44,4,18.96
173103,Active,54631,NA,NA,D,6,1,2077672.428,254.95,2004,58,4,13.98
173104,Active,629205,NA,NA,D,4,1,154936.1588,139.95,2012,47,7.19,43.71
173105,Active,193672,NA,NA,D,3,1,717433.9163,83.95,2009,38,4,46.23
173106,Active,193693,NA,NA,D,4,1,713899.8613,129.95,2010,32,6.45,38.5
173107,Active,193568,NA,NA,D,3,1,1700409.41,106.95,2007,34,4,73.01
173108,Active,381824,NA,NA,D,4,1,20604.13,157.95,2011,81,4.76,68.39
173109,Active,55236,NA,NA,D,4,1,314866.2538,137.95,2011,46,5.14,77.24
173110,Active,55235,NA,NA,D,2,1,388540.6,95.95,2005,27,7.07,14.58
173111,Active,881603,NA,NA,S,0,0,331504.4263,49.95,1992,30,31.29,35.24
173112,Active,107615,NA,NA,D,4,1,2200705.01,137.25,2003,36,4,8.99
173113,Active,285343,NA,NA,S,5,1,387799.1413,236.26,2006,44,23.99,101.21
173114,Active,114284,NA,NA,S,4,1,235508.9588,173.6,2002,90,4.71,35.96
173115,Active,1826711,NA,NA,S,10,1,435268.575,12671.48,2012,4,54.12,0
173116,Active,624171,NA,NA,D,0,0,1739596.33,50,2005,37,4,7.21
173117,Active,607655,NA,NA,S,2,1,1136845.06,72.8,1997,31,4,8.77
173118,Active,131737,NA,NA,D,3,1,839271.8188,101.67,2003,49,3.53,29.96
173119,Active,152895,NA,NA,D,3,1,717086.685,79.95,1998,71,4,8.91
173120,Active,601705,NA,NA,S,2,1,79626.44625,62.95,2012,76,24.46,40.88
173121,Active,300531,NA,NA,D,0,0,1050379.425,49.95,2007,30,5.47,23.96
173122,Active,247755,NA,NA,D,1,0,859112.8913,82.95,2007,40,4,18.89
173123,Active,248110,NA,NA,D,2,1,493465.2213,102,2011,75,4.99,18.77
173124,Active,224636,NA,NA,D,2,1,637020.1863,70,2009,71,4,18.94
173125,Active,765986,NA,NA,S,9,1,1090120.386,121.95,1997,28,4,8.99
173126,Active,177111,NA,NA,S,11,1,308621.4263,290.95,2004,43,5.86,108.27
173127,Active,515169,NA,NA,D,1,0,262735.395,204,2004,32,10.56,64.77
173128,Active,871993,NA,NA,S,5,1,50963.28625,86.95,2015,35,46.01,60.11
173129,Active,248835,NA,NA,D,3,1,521427.1838,74.95,2005,51,4.13,15.89
173130,Active,253973,NA,NA,D,4,1,127832.7925,86.95,2010,42,11.36,40.6
173131,Active,553345,NA,NA,D,2,1,197692.4375,98,1993,31,4.36,45.47
173132,Active,915062,NA,NA,D,1,0,1973604.084,70,1989,19,4,74.24
173133,Active,530123,NA,NA,S,2,1,497406.4713,70,2010,46,45.51,51.89
173134,Active,260319,NA,NA,D,3,1,173525.8638,109.95,2009,34,19.19,49.02
173135,Active,197915,NA,NA,S,3,1,1211960.558,85,2007,38,4,43.92
173136,Active,298127,NA,NA,S,3,1,57434.4,115.25,2006,41,34.28,55.05
173137,Active,875657,NA,NA,D,1,0,1760914.45,168.95,1995,26,4,9.19
173138,Active,244950,NA,NA,D,2,1,635521.8625,267.95,2003,32,9.15,12.99
173139,Active,183687,NA,NA,D,1,0,1001312.373,220.95,2007,40,4,26.7
173140,Active,183430,NA,NA,S,2,1,145862.215,188.95,2006,48,33.98,79.92
173141,Active,50091,NA,NA,S,2,1,1134199.708,124.95,2006,40,4.12,12
173142,Active,577298,NA,NA,D,1,0,3555815.415,228,1999,23,33.99,89.36
173143,Active,111920,NA,NA,D,7,1,20428.125,96.33,2011,217,5.96,49.25
173144,Active,50723,NA,NA,D,9,1,254011.2288,45.06,2009,126,4.09,9.49
173145,Active,50714,NA,NA,S,5,1,121232.7513,61.24,2007,28,7.12,43.99
173146,Active,163356,NA,NA,D,2,1,40523.185,70.49,2011,86,8.46,43.94
173147,Active,111606,NA,NA,D,10,1,32973.52625,354.25,2012,150,8.14,45.38
173148,Active,130118,NA,NA,D,1,0,975086.6638,236.67,2009,65,4,9.9
173149,Active,50715,NA,NA,S,5,1,344086.5175,11.99,2005,56,4,11.99
173150,Active,636396,NA,NA,S,2,1,325242.3875,32.19,2011,26,15.18,95.63
173151,Active,50721,NA,NA,S,7,1,1763428.495,18.99,2005,58,4.09,18.99
173152,Active,107975,NA,NA,S,4,1,1491369.785,14.98,2003,72,4,13.78
173153,Active,448276,NA,NA,D,1,0,898283.51,33.43,2008,80,4.44,33.19
173154,Active,50716,NA,NA,D,6,1,123225.2263,42.28,2008,51,7.45,27.99
173155,Active,50722,NA,NA,D,9,1,37737.32125,64.67,2009,92,6.81,45.94
173156,Active,538786,NA,NA,D,4,1,15971.595,340.75,2013,102,9.09,33.99
173157,Active,51924,NA,NA,D,3,1,295357.1825,26.49,2010,95,4.99,26.49
173158,Active,705448,NA,NA,S,4,1,767915.6125,255.75,2013,40,16.48,175.93
173159,Active,699367,NA,NA,S,4,1,434685.7575,55.23,2013,20,8.84,33.9
173160,Active,51925,NA,NA,D,2,1,847678.0488,22.92,2007,73,4,22.97
173161,Active,2882536,NA,NA,D,0,0,851443.9975,85,1992,34,46.48,253.35
173162,Active,1826310,NA,NA,S,2,1,90858.72375,111.95,2013,27,39.09,62.46
173163,Active,200401,NA,NA,D,1,0,1647326.019,93.95,2009,39,4,13.99
173164,Active,237933,NA,NA,S,2,1,981646.7038,89.95,2006,28,20.76,57.91
173165,Active,530121,NA,NA,S,2,1,115467.6563,169.5,2011,45,41.44,66.97
173166,Active,341821,NA,NA,D,1,0,975881.0538,166.75,2004,48,4,8.79
173167,Active,120767,NA,NA,D,6,1,32943.52875,177.2,2010,72,27.5,66.49
173168,Active,145310,NA,NA,D,5,1,115351.7713,138,2006,67,5.47,42.52
173169,Active,507642,NA,NA,S,2,1,617393.3275,69.95,2012,35,10.81,30.04
173170,Active,56054,NA,NA,D,7,1,641092.105,133.33,2008,28,12.37,59.23
173171,Active,56058,NA,NA,D,5,1,1010868.618,141.33,2007,32,7.94,114.35
173172,Active,56056,NA,NA,D,4,1,314412.3688,137.33,2003,39,4.49,23.72
173173,Active,56057,NA,NA,D,5,1,877948.65,164,2010,26,5.84,37.74
173174,Active,56052,NA,NA,D,6,1,597001.2513,128,2003,65,4.31,24.99
173175,Active,639934,NA,NA,S,1,0,684351.165,100.95,2011,26,45.93,57.84
173176,Active,108190,NA,NA,D,1,0,678980.8788,40.97,2002,35,6.53,18.99
173177,Active,110939,NA,NA,D,2,1,420800.4138,231.75,2007,48,14.61,48.99
173178,Active,107741,NA,NA,D,2,1,1185474.455,8.91,2004,30,4.94,8.91
173179,Active,530120,NA,NA,D,5,1,287284.7025,248.95,2006,49,16.51,23.99
173180,Active,202268,NA,NA,S,4,1,1555911.515,262.95,2002,23,4,58.99
173181,Active,2836000,NA,NA,S,2,1,740563.1925,95.95,1988,26,4.14,66.69
173182,Active,571331,NA,NA,D,1,0,444751.735,93.2,2010,14,12.64,36.48
173183,Active,544626,NA,NA,S,2,1,107334.0975,108.2,2012,33,44.89,45
173184,Active,116333,NA,NA,D,6,1,1095568.969,122.13,2010,31,11,104.09
173185,Active,118683,NA,NA,D,5,1,764083.1825,91,2007,76,4,9.95
173186,Active,121196,NA,NA,D,6,1,126683.6613,108.8,2010,71,4.15,56.75
173187,Active,177106,NA,NA,S,5,1,162782.815,287.95,2004,37,22.28,48.67
173188,Active,544554,NA,NA,S,6,1,256972.6,272.95,2012,49,26.64,183.71
173189,Active,178707,NA,NA,D,5,1,391409.1025,282.95,2011,58,5.48,48.95
173190,Active,572118,NA,NA,D,3,1,2575824.875,183.95,2005,28,4.01,13.77
173191,Active,183778,NA,NA,D,4,1,223469.0263,269.95,2008,40,5.78,33.99
173192,Active,250597,NA,NA,D,3,1,235260.3138,109.95,2009,35,17.8,66.15
173193,Active,585256,NA,NA,D,1,0,536036.3125,167.99,1983,28,33.98,145.83
173194,Active,699042,NA,NA,D,0,0,1710819.006,85.75,2008,13,38.93,66.79
173195,Active,2319492,NA,NA,D,0,0,3736133.196,63.75,1995,25,4,52.29
173196,Active,555341,NA,NA,S,2,1,128426.255,199.95,1996,30,37.59,82.32
173197,Active,2346612,NA,NA,S,2,1,796219.1775,2633,1969,14,8,2415
173198,Active,3132627,NA,NA,D,0,0,7850523.405,75,2005,14,18.76,119.81
173199,Active,276721,NA,NA,S,2,1,653037.6938,119,2007,23,8.45,73.47
173200,Active,1779666,NA,NA,D,1,0,802170.2663,68.07,2013,11,46.11,74.94
173201,Active,312907,NA,NA,D,0,0,469294.3888,112,2003,42,4,24.43
173202,Active,118398,NA,NA,D,2,1,263311.5325,155,2008,40,18.53,96.32
173203,Active,175422,NA,NA,D,0,0,2735453.326,53,2001,14,6.25,37.99
173204,Active,51574,NA,NA,D,7,1,13447.32375,155.29,2010,69,46.22,103.98
173205,Active,244362,NA,NA,D,7,1,355868.225,36.55,2011,32,27.79,49.47
173206,Active,51577,NA,NA,D,6,1,31227.5225,107.77,2007,78,18.99,71.87
173207,Active,51576,NA,NA,S,4,1,449918.07,13.89,2000,66,4.78,13.89
173208,Active,51575,NA,NA,D,5,1,74874.925,61.65,2003,75,6.25,75
173209,Active,879236,NA,NA,D,3,1,407253.7613,9.97,2003,26,4,9.97
173210,Active,607425,NA,NA,S,2,1,87431.68875,42.6,1992,116,4,46.22
173211,Active,113718,NA,NA,S,3,1,418431.9813,39.8,2002,51,8.52,37.61
173212,Active,118738,NA,NA,D,3,1,88453.62,58.33,2007,59,4,31.67
173213,Active,118989,NA,NA,S,4,1,62284.285,57.32,2011,101,7.66,33.98
173214,Active,121277,NA,NA,S,4,1,6291.36,59.99,2011,74,25.99,38.98
173215,Active,681410,NA,NA,S,4,1,101922.8288,34.65,2011,48,11.49,27.34
173216,Active,681827,NA,NA,S,4,1,179649.8738,34.65,2011,59,13.99,29.72
173217,Active,914381,NA,NA,S,2,1,778780.2925,30.33,1993,43,4,17.96
173218,Active,890252,NA,NA,D,0,0,1381891.913,49.95,2009,11,36.23,39.42
173219,Active,3471922,NA,NA,D,5,1,2260926.9,131,1999,33,4.98,26.97
173220,Active,914500,NA,NA,D,1,0,1431656.783,73.95,1993,24,4,44.86
173221,Active,594682,NA,NA,S,0,0,165817.79,100.95,2012,63,21.88,38.98
173222,Active,129458,NA,NA,D,2,1,109992.1138,34.95,2011,105,5.51,19.28
173223,Active,864655,NA,NA,S,3,1,4955.21375,34.95,2014,107,22.73,31.14
173224,Active,917198,NA,NA,S,3,1,297331.4988,90,2013,54,18.89,59.94
173225,Active,906152,NA,NA,D,0,0,4192416.645,68,2007,20,4.01,53.68
173226,Active,551179,NA,NA,D,4,1,38726.095,369.5,2012,122,4.79,18.98
173227,Active,2924052,NA,NA,S,5,1,216662.0375,266,2015,64,16.8,73.99
173228,Active,111238,NA,NA,D,3,1,294854.3,15.98,2010,125,4,10.94
173229,Active,109496,NA,NA,S,2,1,2293428.135,215.75,2008,48,4,17.99
173230,Active,178711,NA,NA,D,13,1,10017.95125,307.95,2012,158,6.97,37.48
173231,Active,541104,NA,NA,D,12,1,452734.3063,228.95,2009,25,5.94,73.21
173232,Active,50338,NA,NA,S,10,1,321624.1188,218.95,2003,90,4,11.98
173233,Active,50340,NA,NA,D,12,1,84407.02375,250,2009,130,4.59,33.99
173234,Active,312700,NA,NA,D,11,1,1391545.543,52.73,2003,38,4,29.58
173235,Active,148168,NA,NA,S,4,1,839473.7175,178.95,2003,82,3.99,8.88
173236,Active,53221,NA,NA,D,5,1,863071.495,229.95,2006,136,4,10.99
173237,Active,53222,NA,NA,D,6,1,107644.4963,220.95,2008,148,4,12.56
173238,Active,766392,NA,NA,S,7,1,424986.2388,0,2011,84,11.48,104.45
173239,Active,1782657,NA,NA,D,7,1,1929042.331,263.95,2011,14,28.81,272.95
173240,Active,1829833,NA,NA,D,8,1,457086.6763,169.95,2014,14,75.83,97.55
173241,Active,50339,NA,NA,D,11,1,179255.1813,416.95,2006,131,4,19
173242,Active,137498,NA,NA,D,12,1,1037614.561,146.67,2004,46,5.47,14.99
173243,Active,924458,NA,NA,S,14,1,425126.8875,66.95,2015,14,54.91,65.94
173244,Active,530115,NA,NA,S,13,1,722784.3013,68.95,2012,49,12.25,63.98
173245,Active,117286,NA,NA,D,1,0,643511.0688,98.67,2009,38,4,6.59
173246,Active,918666,NA,NA,D,1,0,3127774.3,31.95,2005,29,4.12,16.99
173247,Active,200509,NA,NA,D,2,1,177822.1563,138.95,2008,60,4,43.99
173248,Active,778515,NA,NA,D,1,0,1242135.544,137.95,2006,36,5.48,21.76
173249,Active,200001,NA,NA,D,0,0,2619890.703,58.95,2004,16,9.09,28.98
173250,Active,530114,NA,NA,D,2,1,717202.8063,61.95,2008,46,4,28.68
173251,Active,864656,NA,NA,S,3,1,279409.7013,68.95,2013,18,35.39,45.89
173252,Active,657793,NA,NA,S,2,1,149678.6438,165.8,1988,53,28.68,99.98
173253,Active,163457,NA,NA,D,6,1,334078.3688,90.27,2010,37,15.42,104.5
173254,Active,290440,NA,NA,D,3,1,460660.1613,49.17,1999,32,6.48,24.9
173255,Active,113033,NA,NA,D,1,0,257940.1575,84.95,2006,45,6.38,22.27
173256,Active,113180,NA,NA,D,2,1,120233.955,99.95,2010,80,8.49,52.6
173257,Active,266680,NA,NA,D,2,1,759960.345,95,2004,19,5.97,109.91
173258,Active,118909,NA,NA,D,6,1,1205787.058,46.67,2007,46,4.98,43.99
173259,Active,116614,NA,NA,S,5,1,1167671.926,165.33,2004,52,4.13,12.71
173260,Active,660724,NA,NA,S,3,1,53405.95625,69.99,2013,38,33.05,43.03
173261,Active,117164,NA,NA,D,1,0,2116983.956,102,2006,34,4.44,35.99
173262,Active,146262,NA,NA,D,2,1,525997.6013,99.99,2009,40,4.39,45.83
173263,Active,917238,NA,NA,S,7,1,353839.56,172.87,2012,42,18.99,70.8
173264,Active,50704,NA,NA,D,5,1,225401.3313,178.2,2006,142,4.39,22.09
173265,Active,50705,NA,NA,D,6,1,72191.4675,210.4,2009,168,7.02,109.09
173266,Active,294958,NA,NA,S,1,0,1131133.056,172.8,2002,75,4,33.93
173267,Active,164275,NA,NA,D,3,1,1359713.436,32.86,2004,30,4,30.15
173268,Active,162114,NA,NA,S,4,1,153935.6763,167.95,2008,58,21.99,34.25
173269,Active,582516,NA,NA,D,1,0,1938923.081,63.95,1991,27,17.29,73.98
173270,Active,2261748,NA,NA,D,2,1,1481970.741,72,2006,42,11.3,42.68
173271,Active,156872,NA,NA,D,0,0,683405.865,61.95,2002,20,5.98,23.73
173272,Active,174871,NA,NA,S,2,1,190625.9725,94.99,2007,42,28.83,55.96
173273,Active,543796,NA,NA,D,4,1,187842.15,238.95,2012,32,15.99,120.63
173274,Active,550151,NA,NA,D,4,1,910661.6125,12.99,2004,35,4,9.72
173275,Active,109654,NA,NA,D,5,1,338778.4775,101.66,2005,41,4.93,72.99
173276,Active,110991,NA,NA,S,5,1,1199941.764,39.63,2007,23,21.52,35.45
173277,Active,109492,NA,NA,D,5,1,949044.5238,18.74,2005,30,7.48,27.99
173278,Active,660735,NA,NA,S,2,1,23659.435,101,2013,68,66.63,67.97
173279,Active,147269,NA,NA,D,0,0,371016.3513,91.95,2006,68,21.98,81.21
173280,Active,661068,NA,NA,S,2,1,65175.7,35,2012,15,34.6,35
173281,Active,2154119,NA,NA,S,3,1,1048685.25,66,2009,22,4.04,48.08
173282,Active,260012,NA,NA,D,1,0,292663.3813,112,2009,55,12.22,38.98
173283,Active,113541,NA,NA,D,4,1,183556.985,46.95,2000,78,4,13.93
173284,Active,870851,NA,NA,S,5,1,78078.9675,60,2013,36,33.99,49.98
173285,Active,762302,NA,NA,D,6,1,989471.6575,257.07,2006,18,33.99,255.33
173286,Active,164845,NA,NA,D,4,1,247781.4025,65.93,1996,67,4.35,55.57
173287,Active,759617,NA,NA,D,0,0,1454748.156,120,2001,29,4,18.93
173288,Active,344371,NA,NA,D,1,0,933702.83,95,2007,30,7.23,49.99
173289,Active,2100467,NA,NA,S,3,1,564974.2263,52.95,2013,14,39.95,52.95
173290,Active,108290,NA,NA,D,3,1,1378690.788,61.62,2004,40,4,38.49
173291,Active,192100,NA,NA,D,6,1,41183.495,48.96,2008,113,7.9,57.72
173292,Active,534080,NA,NA,S,2,1,1821733.854,148.95,1994,43,4,5.03
173293,Active,177200,NA,NA,D,3,1,547588.625,328.95,2005,62,6.76,81.8
173294,Active,632587,NA,NA,D,10,1,792096.6763,92.11,2009,25,11.53,66.87
173295,Active,899325,NA,NA,S,3,1,1837987.329,161.73,2014,27,18.17,143.98
173296,Active,640095,NA,NA,S,5,1,310345.0038,192.75,2013,24,5.94,13.12
173297,Active,539399,NA,NA,D,3,1,66276.4775,230.4,2013,83,7.67,58.94
173298,Active,705408,NA,NA,S,4,1,1199724.378,23.09,2011,35,4,20.86
173299,Active,50363,NA,NA,S,8,1,2127042.358,4.55,2004,44,4,11.98
173300,Active,50767,NA,NA,D,3,1,602439.4688,7.99,2008,142,4,19.94
173301,Active,111604,NA,NA,S,4,1,1207249.903,79.79,2011,27,9.75,78.99
173302,Active,120678,NA,NA,D,1,0,1457318.503,188.2,2008,32,4.61,48.45
173303,Active,50768,NA,NA,D,4,1,76459.975,18.89,2010,132,5.43,33.85
173304,Active,530106,NA,NA,S,2,1,394300.405,65.95,2008,23,25.11,43.46
173305,Active,334966,NA,NA,S,9,1,89459.05,84,2000,36,28.98,38.99
173306,Active,232353,NA,NA,S,2,1,622713.245,99.95,1997,23,29.74,102.94
173307,Active,231681,NA,NA,D,5,1,221472.4275,173.32,2001,36,41.58,179.09
173308,Active,255367,NA,NA,S,2,1,565127.9663,70,2007,74,4,43.49
173309,Active,877289,NA,NA,S,4,1,4405812.346,10.51,2008,47,4.95,11.53
173310,Active,544428,NA,NA,D,7,1,24046.97,210.95,2013,93,4.73,41.23
173311,Active,56048,NA,NA,D,4,1,1526540.616,111.95,2007,64,4,7.91
173312,Active,56046,NA,NA,D,6,1,158153.815,210.95,2011,97,4,23.97
173313,Active,2569442,NA,NA,D,1,0,1323777.981,273,1990,32,33.98,93.88
173314,Active,530105,NA,NA,S,2,1,279094.8888,115.95,2008,43,33.06,42.08
173315,Active,245256,NA,NA,D,1,0,1201742.826,122.95,2004,25,5.98,80.57
173316,Active,178626,NA,NA,S,2,1,636557.3025,87.95,2009,28,17.22,54.98
173317,Active,565798,NA,NA,D,1,0,324382.0675,90,2009,59,24.95,36.02
173318,Active,148181,NA,NA,S,1,0,1287146.32,244.95,2003,43,4,10.37
173319,Active,740931,NA,NA,D,10,1,295164.84,200,2007,40,4,26.17
173320,Active,50774,NA,NA,D,10,1,677687.5125,206.67,2007,36,5.98,137.51
173321,Active,110967,NA,NA,D,9,1,614004.3913,43.44,2007,51,4.14,43.98
173322,Active,110398,NA,NA,D,9,1,1351623.813,269.1,2007,30,4.36,53.14
173323,Active,60413,NA,NA,S,8,1,478757.5375,18.96,2004,28,4,18.96
173324,Active,111655,NA,NA,S,6,1,1123781.296,170.07,2011,26,45.84,115.32
173325,Active,54303,NA,NA,D,5,1,427672.2375,50.9,2008,53,5.42,16.43
173326,Active,50780,NA,NA,D,5,1,719428.3063,187.19,2008,42,5.65,49.99
173327,Active,119550,NA,NA,S,3,1,397214.1238,297.2,2000,39,7.99,46.04
173328,Active,279015,NA,NA,D,4,1,2709293.931,84,2004,39,4,6.59
173329,Active,603224,NA,NA,D,5,1,2666853.158,10,2008,26,4,10
173330,Active,608810,NA,NA,S,2,1,1081808.166,161.95,2002,39,4.76,44.4
173331,Active,887470,NA,NA,S,2,1,296753.8413,44.95,2015,18,37.76,32.48
173332,Active,298682,NA,NA,D,4,1,439502.8875,199.95,2008,53,5.94,38.82
173333,Active,270003,NA,NA,S,9,1,900127.8463,114,2009,32,16.94,52.99
173334,Active,828617,NA,NA,D,0,0,1701807.483,48,2005,18,4.48,16.87
173335,Active,546231,NA,NA,D,1,0,586352.2175,98.5,2008,46,4,5.88
173336,Active,600747,NA,NA,S,2,1,120423.5888,85,2011,41,43.97,49.99
173337,Active,202321,NA,NA,S,2,1,278355.0688,434.95,2001,31,24.64,179.35
173338,Active,633883,NA,NA,S,1,0,34207.975,64.95,2012,21,53.72,59.02
173339,Active,293223,NA,NA,D,7,1,288919.4238,182.95,2011,76,6.45,14.1
173340,Active,2252470,NA,NA,D,6,1,3366588.035,36.02,2008,47,6.87,14.15
173341,Active,193595,NA,NA,D,6,1,817863.3188,123.95,2008,60,4.1,6.87
173342,Active,875169,NA,NA,D,6,1,1937234.534,301.95,2009,26,8.76,273.46
173343,Active,56043,NA,NA,S,4,1,434664.2163,115.95,1995,63,4.42,20.96
173344,Active,56041,NA,NA,D,6,1,254672.56,331.95,2009,36,20.03,114.93
173345,Active,2281325,NA,NA,S,5,1,657277.155,0,2011,3,36.71,33.35
173346,Active,760229,NA,NA,D,3,1,561939.6888,65.85,2003,32,4.8,52.1
173347,Active,2573196,NA,NA,S,2,1,1929971.199,48.67,1991,46,4,44.66
173348,Active,166507,NA,NA,D,4,1,274032.735,105.19,2005,31,19.04,78.99
173349,Active,61190,NA,NA,D,3,1,453105.5988,63.43,2000,35,6.25,28.99
173350,Active,119213,NA,NA,D,8,1,24658.07125,237.6,2012,96,6.38,37.91
173351,Active,50744,NA,NA,S,5,1,1648449.514,133.33,2004,76,4,12.99
173352,Active,178699,NA,NA,D,6,1,254433.6725,286.95,2011,63,20.23,71.34
173353,Active,544419,NA,NA,D,7,1,32803.795,260.95,2013,90,5.72,32.99
173354,Active,50746,NA,NA,D,7,1,186624.1338,185.4,2010,84,4.46,67.51
173355,Active,183705,NA,NA,D,5,1,737482.7863,208.95,2007,71,4,15.95
173356,Active,147977,NA,NA,D,7,1,5509872.956,216.95,2002,28,4.36,10.31
173357,Active,52980,NA,NA,D,8,1,761119.88,276.95,2005,47,4,50.99
173358,Active,583995,NA,NA,D,2,1,268838.4725,83,2002,29,5.34,23.99
173359,Active,162466,NA,NA,D,3,1,365747.8025,187.45,2008,19,12.79,84.3
173360,Active,3464035,NA,NA,D,1,0,1864447.2,105,1995,22,6.39,105.3
173361,Active,607185,NA,NA,S,9,1,851848.985,101.33,2001,56,4,23.98
173362,Active,178737,NA,NA,S,10,1,146628.9838,296.95,2011,74,9.89,48.93
173363,Active,290867,NA,NA,D,9,1,648740.3938,291.95,2006,32,4,92.41
173364,Active,285958,NA,NA,S,10,1,918009.8988,126.67,2004,84,4.25,10.68
173365,Active,164306,NA,NA,D,2,1,1607187.948,151,2002,26,19.69,36.18
173366,Active,597992,NA,NA,S,2,1,48913.27625,57.95,2012,55,25.99,48.79
173367,Active,549864,NA,NA,D,1,0,605929.8938,25.95,2001,58,4,30.39
173368,Active,543118,NA,NA,D,3,1,673733.8888,39.95,2005,115,4,6.89
173369,Active,582132,NA,NA,D,2,1,1729913.629,84.95,1988,19,7.78,105.49
173370,Active,200467,NA,NA,D,1,0,1457402.261,221.95,2009,62,5.49,8.99
173371,Active,778773,NA,NA,S,9,1,664917.6163,238.95,2010,24,16.04,51.98
173372,Active,225701,NA,NA,S,2,1,250884.4738,139.95,2002,26,16.92,32.68
173373,Active,591308,NA,NA,D,1,0,831944.175,218.95,2002,41,8.52,24.98
173374,Active,166474,NA,NA,S,2,1,2136536.92,133.95,2003,23,6.48,52.56
173375,Active,530095,NA,NA,D,2,1,1308701.028,150.55,2003,18,5.27,71.09
173376,Active,162832,NA,NA,D,4,1,144336.0363,88.85,2010,54,16.48,99
173377,Active,269967,NA,NA,D,5,1,829848.3425,175,2006,46,6.41,18.93
173378,Active,2502434,NA,NA,D,1,0,2779263.599,79.95,2001,13,10.34,23.99
173379,Active,1923446,NA,NA,S,2,1,415334.935,69.95,2010,22,49.94,58.2
173380,Active,174015,NA,NA,D,0,0,1588819.001,84,1998,27,4.77,48.55
173381,Active,165056,NA,NA,D,1,0,541473.4888,38.98,2006,42,7.75,30.99
173382,Active,162101,NA,NA,D,5,1,145629.8113,88.56,2007,69,30.99,96.65
173383,Active,551924,NA,NA,D,1,0,1407087.624,127.4,2003,39,4,37.99
173384,Active,118283,NA,NA,D,4,1,45859.7075,261.2,2011,81,8.48,67.31
173385,Active,50370,NA,NA,D,3,1,389281.5225,202.67,2009,75,4,40.99
173386,Active,50369,NA,NA,D,2,1,2146804.951,149.33,2005,43,3.9,14.98
173387,Active,566564,NA,NA,D,5,1,189319.215,75,2001,46,7.93,25.77
173388,Active,210918,NA,NA,D,2,1,332483.8838,86,2005,64,4.36,8.98
173389,Active,536017,NA,NA,D,3,1,157110.885,99,2010,108,6.12,18.95
173390,Active,545956,NA,NA,S,2,1,166747.8875,94.95,2012,28,39.94,61.47
173391,Active,118966,NA,NA,D,5,1,938560.5363,95.4,2008,31,4,27.28
173392,Active,285950,NA,NA,D,4,1,1079247.594,95.6,2003,31,4,27.94
173393,Active,602591,NA,NA,D,1,0,688254.5713,59,2005,19,6.94,34.14
173394,Active,563075,NA,NA,D,5,1,963931.5688,84.95,2003,32,4,31.96
173395,Active,221739,NA,NA,D,1,0,1340180.621,99.95,2002,19,21.66,72.99
173396,Active,540972,NA,NA,S,8,1,449184.1038,154.76,2014,62,28.99,37.89
173397,Active,530086,NA,NA,D,8,1,2314.28625,135,2012,773,6.2,20.94
173398,Active,50702,NA,NA,D,6,1,697623.1013,112.95,2008,153,4,9.2
173399,Active,50751,NA,NA,S,3,1,1270199.571,132,2007,106,4,12.87
173400,Active,211060,NA,NA,D,2,1,688966.5988,169.95,2010,68,4.48,79.33
173401,Active,501034,NA,NA,D,7,1,766724.1113,190.78,2013,31,6.29,113.99
173402,Active,57519,NA,NA,S,5,1,1193181.494,83.95,2004,100,4,7.12
173403,Active,57520,NA,NA,D,6,1,531707.2988,109.95,2006,252,4,6.74
173404,Active,908989,NA,NA,D,7,1,946488.2463,41.97,2011,44,8.53,24.12
173405,Active,249083,NA,NA,S,3,1,2748842.923,153.85,2007,18,15.06,153.84
173406,Active,578923,NA,NA,D,1,0,1144726.873,95.95,2007,56,4.49,10.9
173407,Active,52567,NA,NA,D,7,1,716406.4163,9.25,2009,196,4,9.25
173408,Active,147691,NA,NA,D,7,1,849421.1425,115,2010,38,4.61,15.78
173409,Active,1696714,NA,NA,S,1,0,12726.075,61.95,2013,32,32.47,38.47
173410,Active,534531,NA,NA,D,7,1,25140.3175,134.99,2012,184,8.73,17.36
173411,Active,50229,NA,NA,S,4,1,1021106.19,271.95,2010,90,4,36.48
173412,Active,57521,NA,NA,D,7,1,20124.77125,127.99,2010,696,6.49,12.48
173413,Active,868440,NA,NA,S,2,1,81197.2775,84.95,2014,59,26.98,48.98
173414,Active,913157,NA,NA,D,1,0,662648.875,21.5,2010,40,7.32,13.99
173415,Active,211010,NA,NA,D,1,0,611921.3388,75.95,2010,73,4.96,11.95
173416,Active,1936415,NA,NA,S,2,1,60441.6875,50.99,2015,17,25.74,33.22
173417,Active,1569989,NA,NA,S,2,1,1935653.649,47,2014,23,31.93,36.57
173418,Active,147632,NA,NA,D,7,1,253582.9463,110,2008,653,4,8.98
173419,Active,1696745,NA,NA,S,3,1,65041.66125,79.5,2015,61,29.96,32.87
173420,Active,1696587,NA,NA,S,20,1,7917436.559,219.5,2007,11,5.21,304.45
173421,Active,530088,NA,NA,D,2,1,158003.1838,68.95,2010,213,4.22,9.5
173422,Active,210922,NA,NA,D,0,0,1973577.221,56.95,2006,82,4.46,5.93
173423,Active,1696746,NA,NA,S,3,1,69962.2725,69,2015,45,23.02,37.61
173424,Active,211031,NA,NA,D,2,1,347368.36,59.95,2010,183,4,7.99
173425,Active,210923,NA,NA,D,1,0,2149579.755,49.95,2006,78,3.99,6.87
173426,Active,2259181,NA,NA,S,4,1,2312709.681,91.27,2006,40,7.8,88.83
173427,Active,270849,NA,NA,D,5,1,137503.9513,91,2010,52,5.13,70.28
173428,Active,296351,NA,NA,D,4,1,926908.11,96,2006,40,4.39,44.87
173429,Active,534081,NA,NA,S,4,1,2008135.523,66.81,2001,35,4,44.99
173430,Active,109227,NA,NA,S,5,1,667833.1463,69.47,2005,50,5.93,68.29
173431,Active,622053,NA,NA,S,5,1,967958.5738,126.4,2004,44,22.59,79.6
173432,Active,231207,NA,NA,D,4,1,945984.59,89,2001,29,12.19,59.23
173433,Active,227766,NA,NA,D,3,1,639569.2,95,2006,36,11.07,11.99
173434,Active,227508,NA,NA,D,1,0,4323058.181,109.95,2002,16,16.19,68.25
173435,Active,906800,NA,NA,S,4,1,275523.7738,137.4,1976,29,8.32,109.92
173436,Active,575992,NA,NA,S,2,1,308845.3538,124.8,2010,62,4.53,34.62
173437,Active,176990,NA,NA,D,5,1,651453.6175,366.95,2002,47,4.43,46.95
173438,Active,176702,NA,NA,S,4,1,1758694.741,126.95,1997,32,4,39.98
173439,Active,169203,NA,NA,D,6,1,176902.44,346.95,2006,76,4.05,22.84
173440,Active,870609,NA,NA,S,4,1,913702.2363,96.26,2006,29,6.74,83.93
173441,Active,148575,NA,NA,S,4,1,178073.4513,187.95,2006,84,4.96,65.95
173442,Active,287638,NA,NA,D,8,1,207271.9938,137.8,2011,72,5.87,79.85
173443,Active,530082,NA,NA,D,7,1,465991.3988,121.2,2008,66,4,21.84
173444,Active,131999,NA,NA,D,6,1,1315649.456,96.2,2005,58,4,18.62
173445,Active,3048454,NA,NA,D,5,1,1097303.96,58.5,1998,15,15.58,41.99
173446,Active,265928,NA,NA,D,7,1,1123229.201,113,2005,20,19.92,43.99
173447,Active,577348,NA,NA,S,3,1,3879787.953,99,2003,14,7.9,41.94
173448,Active,276508,NA,NA,D,2,1,766926.7288,55,2004,35,11.05,32.99
173449,Active,530081,NA,NA,S,3,1,103231.8313,105.95,2012,42,57.4,58.46
173450,Active,56470,NA,NA,S,4,1,2876962.403,52,2000,33,4.26,4.43
173451,Active,533358,NA,NA,D,7,1,68935.50625,109.99,2012,184,7.98,16
173452,Active,56471,NA,NA,D,6,1,633926.7963,91.95,2007,133,4.48,11.99
173453,Active,585154,NA,NA,D,4,1,943358.175,84,1997,34,21.68,64.94
173454,Active,530080,NA,NA,S,2,1,438118.4413,57.95,2012,40,35.94,41.5
173455,Active,253853,NA,NA,S,2,1,65508.4175,112.95,2010,39,38.98,78.35
173456,Active,245076,NA,NA,D,1,0,975028.5163,114.95,2004,48,4.38,51.49
173457,Active,117961,NA,NA,D,6,1,1278169.849,91.8,2005,39,4,22.99
173458,Active,530079,NA,NA,S,8,1,46804.63125,132,2012,57,27.99,63.99
173459,Active,132747,NA,NA,D,7,1,174336.0613,104.4,2009,37,6.36,40.59
173460,Active,119292,NA,NA,D,3,1,101542.7738,229.4,2011,43,7.42,130.09
173461,Active,533998,NA,NA,D,2,1,307058.7813,132,2004,78,4,35.49
173462,Active,119171,NA,NA,D,3,1,17781.595,181.8,2011,110,7.2,82.71
173463,Active,621756,NA,NA,D,1,0,324322.365,138,1991,43,9.8,63.15
173464,Active,178872,NA,NA,D,1,0,364973.9113,176.95,2010,59,13.07,54.63
173465,Active,2575952,NA,NA,S,3,1,907893.3588,67.01,1988,41,4,40.5
173466,Active,164328,NA,NA,S,7,1,307802.785,76.34,2004,36,21.99,72.52
173467,Active,50075,NA,NA,D,8,1,88023.0975,155.6,2007,85,15.48,57.34
173468,Active,162976,NA,NA,S,9,1,486869.905,11.58,2010,69,4,32.78
173469,Active,162977,NA,NA,S,9,1,816041.5113,51.89,2010,42,4,30.75
173470,Active,877991,NA,NA,S,5,1,280031.4663,210.52,1996,49,7.35,55.36
173471,Active,54267,NA,NA,D,8,1,109593.3213,174.99,2007,87,11.61,82.85
173472,Active,566587,NA,NA,S,7,1,1149378.618,28.43,2003,35,4,20.35
173473,Active,54067,NA,NA,S,9,1,647513.2638,18.84,2010,69,4,18.92
173474,Active,161617,NA,NA,S,8,1,1930052.661,12.98,2007,39,4,12.98
173475,Active,655149,NA,NA,S,10,1,42174.59125,93.25,2013,29,45.99,71.39
173476,Active,530074,NA,NA,D,9,1,494694.89,62.46,2010,40,6.47,26.99
173477,Active,165815,NA,NA,D,7,1,397802.6,58.84,2005,44,4,50.51
173478,Active,167261,NA,NA,S,8,1,432108.8525,71.09,2007,34,4,42.85
173479,Active,1778145,NA,NA,S,10,1,110757.54,84.75,2013,32,64.83,68.43
173480,Active,608213,NA,NA,D,8,1,259393.72,59.99,2007,76,4.83,22.27
173481,Active,162974,NA,NA,D,9,1,47976.23875,88.98,2010,91,23.09,77.03
173482,Active,162975,NA,NA,D,9,1,226137.4138,103.98,2010,51,11.87,78.29
173483,Active,608214,NA,NA,D,8,1,164669.5963,35.33,2007,62,4,43.65
173484,Active,548051,NA,NA,S,5,1,467786.6763,132.95,1989,36,13.95,55.05
173485,Active,543693,NA,NA,S,2,1,25087.92625,84.99,2013,67,31.07,48.98
173486,Active,889439,NA,NA,D,1,0,2627111.429,162.5,1997,13,62.59,221.39
173487,Active,530072,NA,NA,S,2,1,42710.19875,202.2,2008,72,19.28,40.5
173488,Active,288673,NA,NA,S,2,1,957912.5438,222.2,2008,23,44.98,164.93
173489,Active,144479,NA,NA,S,1,0,1200086.051,133.33,2003,48,4,38.99
173490,Active,2252540,NA,NA,S,7,1,4532491.66,76.46,2008,39,21.25,35.24
173491,Active,128961,NA,NA,D,8,1,1555614.218,100,2005,32,4,14.24
173492,Active,530071,NA,NA,S,9,1,884376.125,110,2010,23,30.75,68.99
173493,Active,113661,NA,NA,D,2,1,850021.6538,101.33,1999,30,4,17.39
173494,Active,116671,NA,NA,S,3,1,144200.6088,113.2,2004,50,30.6,69.18
173495,Active,218057,NA,NA,S,3,1,530194.9413,14.95,2006,80,4,12.48
173496,Active,592834,NA,NA,S,3,1,752227.45,182,2010,46,4.82,0
173497,Active,251091,NA,NA,S,1,0,682585.6975,138.95,2009,22,25.91,93.84
173498,Active,162498,NA,NA,S,3,1,1156949.584,35.95,2008,20,11.83,28.99
173499,Active,162427,NA,NA,D,3,1,274375.1825,176,2008,38,5.24,90.14
173500,Active,121043,NA,NA,S,2,1,1573884.309,143,1998,24,4,49.29
173501,Active,3242660,NA,NA,D,3,1,3242711.703,112.55,1998,36,8.23,117.42
173502,Active,757121,NA,NA,D,3,1,1617672.254,140.5,1998,27,4.3,61.23
173503,Active,106189,NA,NA,D,1,0,973509.86,110,2005,22,40.99,64.89
173504,Active,612394,NA,NA,D,11,1,465172.4788,56.85,2013,31,6.23,685.5
173505,Active,250389,NA,NA,D,9,1,687919.9813,55.19,2004,43,4,14.28
173506,Active,561810,NA,NA,S,3,1,662550.47,163.95,1994,31,5.99,112.36
173507,Active,650559,NA,NA,D,2,1,1684421.478,119,2006,16,13.99,25.99
173508,Active,112808,NA,NA,D,1,0,2011982.073,118,2005,30,4.13,66.85
173509,Active,530069,NA,NA,D,2,1,777878.4263,131,2009,28,13.88,48.99
173510,Active,867786,NA,NA,S,3,1,14378.7875,95,2014,71,49.37,77.99
173511,Active,247980,NA,NA,D,1,0,997471.5938,69.95,2008,62,4,10.26
173512,Active,248237,NA,NA,D,2,1,122822.1025,93,2011,145,6.49,39.68
173513,Active,165278,NA,NA,D,1,0,813165.8238,85,2002,29,5.5,24.26
173514,Active,166591,NA,NA,D,2,1,559475.8325,110,2006,27,14.03,36.87
173515,Active,161856,NA,NA,D,10,1,208952.5613,33.98,2007,64,4.24,30.99
173516,Active,542729,NA,NA,S,2,1,1045498.306,70,2012,73,33.38,114.45
173517,Active,575616,NA,NA,D,0,0,1609558.828,70,2010,14,7.6,53.99
173518,Active,564267,NA,NA,D,0,0,1658219.821,35,1979,20,16.49,76.77
173519,Active,202401,NA,NA,D,1,0,251124.7113,195.95,2004,41,9.66,22.74
173520,Active,666152,NA,NA,S,5,1,877825.115,305,2003,20,6.39,117.01
173521,Active,108596,NA,NA,S,8,1,1761121.008,119.68,2003,28,4,12.94
173522,Active,110709,NA,NA,D,12,1,69259.20375,41.84,2010,51,10.56,53.99
173523,Active,109525,NA,NA,D,9,1,1813302.203,45,2005,37,4,22
173524,Active,534014,NA,NA,D,11,1,285756.18,21.98,2008,45,4,21.97
173525,Active,60419,NA,NA,D,10,1,1190609.324,12.21,2007,46,4,16.72
173526,Active,280649,NA,NA,D,3,1,3334831.94,69.95,2004,17,38.85,74.89
173527,Active,889908,NA,NA,D,3,1,4089302.941,79.95,2005,12,19.95,109.55
173528,Active,127655,NA,NA,S,1,0,36048.425,199.95,2010,44,28.99,40.66
173529,Active,109886,NA,NA,S,1,0,1151566.23,217.25,2007,40,6.85,56.22
173530,Active,551639,NA,NA,D,2,1,1928073.144,128,2000,34,4,45.19
173531,Active,3272412,NA,NA,D,3,1,3061732.409,110.66,2005,32,20.53,143.79
173532,Active,643560,NA,NA,S,4,1,201250.275,89.95,2013,23,46.44,59.89
173533,Active,204150,NA,NA,D,1,0,329713.3513,147,2007,21,9.82,83.87
173534,Active,247905,NA,NA,D,0,0,295232.6538,98,2009,55,4,18.98
173535,Active,119607,NA,NA,S,2,1,222942.9775,196.6,2002,50,8.66,18.89
173536,Active,626603,NA,NA,S,8,1,477167.0625,212.95,1990,41,4.07,45.77
173537,Active,152285,NA,NA,D,2,1,2584687.733,94,2006,22,10.69,51.86
173538,Active,287526,NA,NA,S,1,0,130790.71,99.6,2003,33,20.98,104.04
173539,Active,117265,NA,NA,S,3,1,1144404.694,107.8,2006,69,4,0
173540,Active,916916,NA,NA,S,4,1,153499.7963,79,2013,34,33.99,75.41
173541,Active,275839,NA,NA,D,3,1,478298.7575,94.91,2007,39,5.48,53.67
173542,Active,254558,NA,NA,S,3,1,146797.885,99.99,2011,60,27.89,64.31
173543,Active,161820,NA,NA,D,2,1,240074.4625,43.44,2008,40,6.35,39.8
173544,Active,163050,NA,NA,D,3,1,443061.5225,42.66,2010,31,25.98,60.99
173545,Active,540746,NA,NA,S,4,1,3627.24875,176,2012,140,24.91,74.99
173546,Active,116714,NA,NA,S,0,0,230622.5475,93.33,2004,57,4,85.73
173547,Active,649491,NA,NA,S,4,1,54536.5725,122,2013,27,28.36,112.84
173548,Active,146258,NA,NA,D,3,1,68281.3825,142.67,2010,299,4,19.61
173549,Active,60420,NA,NA,D,2,1,384792.8288,122,2006,122,4,11.49
173550,Active,108870,NA,NA,D,2,1,1246002.12,26.95,2004,29,4.35,35.9
173551,Active,165084,NA,NA,S,2,1,404030.915,226.95,2002,27,30.09,111.8
173552,Active,109868,NA,NA,D,3,1,532867.77,88.23,2006,19,6.98,50.46
173553,Active,267148,NA,NA,D,3,1,1232084.503,96,2005,16,30.89,127.95
173554,Active,538731,NA,NA,D,6,1,1012615.505,13.98,2012,47,3.83,13.97
173555,Active,111715,NA,NA,D,5,1,1381246.729,191.75,2011,36,4,44.49
173556,Active,610112,NA,NA,D,7,1,556259.9675,231,2013,79,3.99,7.98
173557,Active,640746,NA,NA,D,1,0,1425457.254,77.95,2006,33,4,46.27
173558,Active,542809,NA,NA,S,3,1,147120.5325,93.56,2010,49,4.98,48.99
173559,Active,264473,NA,NA,D,0,0,690268.8988,49.95,2005,43,4,10.88
173560,Active,503650,NA,NA,S,2,1,261892.485,69.95,2012,28,26.37,44.99
173561,Active,758578,NA,NA,D,1,0,1692160.055,125,1999,25,4.06,16.99
173562,Active,252806,NA,NA,D,1,0,125948.125,134.75,2010,35,8.99,0
173563,Active,2530705,NA,NA,D,2,1,7515516.255,59.95,1997,32,4.77,59.25
173564,Active,156843,NA,NA,D,3,1,2054478.894,70,2002,23,4,51.39
173565,Active,649594,NA,NA,S,0,0,98483.35,112.95,2013,20,46.04,76.98
173566,Active,530062,NA,NA,S,3,1,714604.6225,234,2008,27,43.98,113.23
173567,Active,109952,NA,NA,D,3,1,444913.2588,159.44,2007,46,11.64,53.99
173568,Active,60421,NA,NA,S,6,1,192089.6788,71.65,2002,42,15.76,71.07
173569,Active,161597,NA,NA,D,7,1,112282.225,103.99,2008,42,27.38,103.97
173570,Active,290339,NA,NA,D,5,1,612827.0763,22.94,1998,45,4.58,16.98
173571,Active,296501,NA,NA,D,5,1,659217.06,55,2003,13,42.84,0
173572,Active,830726,NA,NA,D,0,0,2852434.313,64.95,1999,22,4,45.77
173573,Active,592751,NA,NA,D,3,1,1173026.995,105.43,2007,38,5.9,58.99
173574,Active,339006,NA,NA,D,3,1,448991.7338,90,2007,30,4.39,75.2
173575,Active,165726,NA,NA,D,2,1,1201557.496,75,2003,34,4.5,50.37
173576,Active,530060,NA,NA,S,3,1,46964.46375,69.95,2012,34,42.85,48.96
173577,Active,593254,NA,NA,S,1,0,72872.75,81.95,2012,26,20.84,45.74
173578,Active,295448,NA,NA,D,1,0,2992274.773,79.99,2002,26,7.55,44.99
173579,Active,534216,NA,NA,D,4,1,1206845.506,132,2007,22,47.49,70.66
173580,Active,606888,NA,NA,D,13,1,494059.0863,72.68,2003,30,7.28,48.99
173581,Active,285376,NA,NA,D,14,1,390335.5575,564.86,2007,28,21.1,53.89
173582,Active,3471271,NA,NA,S,2,1,4796915.55,89.95,1998,25,8.98,50.94
173583,Active,55339,NA,NA,D,2,1,412778.89,246.95,2009,62,6.97,49.99
173584,Active,533428,NA,NA,D,3,1,50314.9775,230.95,2012,53,13.73,107.99
173585,Active,874557,NA,NA,D,2,1,1923662.594,34.3,2008,36,5.59,19.52
173586,Active,58422,NA,NA,D,3,1,13457.35,41.95,2011,124,10.9,23.61
173587,Active,58421,NA,NA,D,2,1,78164.855,36.95,2008,216,4,9.15
173588,Active,58420,NA,NA,D,1,0,444821.9775,33.95,2004,132,4,7.71
173589,Active,874336,NA,NA,S,4,1,2538.44125,46.95,2015,28,27.98,31.39
173590,Active,778389,NA,NA,D,2,1,1800745.975,57.95,2004,23,5.99,8.37
173591,Active,2566898,NA,NA,S,2,1,621537.565,114,1999,36,24.72,70.73
173592,Active,528715,NA,NA,D,6,1,255368.1638,52,2011,38,29.97,42.08
173593,Active,367633,NA,NA,D,5,1,932655.0525,45,2006,53,4,17.71
173594,Active,405227,NA,NA,D,2,1,2735779.121,71.95,2010,14,8.79,109.76
173595,Active,336574,NA,NA,D,1,0,2407098.616,68.95,2004,18,6.38,43.98
173596,Active,162799,NA,NA,S,1,0,62107.48375,77.95,2010,33,43.94,0
173597,Active,246346,NA,NA,D,3,1,2194332.515,80.95,2003,10,6.26,18.54
173598,Active,2841211,NA,NA,D,0,0,4446540.379,8.68,1986,57,4,7.85
173599,Active,2702385,NA,NA,D,1,0,209946.485,50,2005,36,18.2,83.35
173600,Active,119197,NA,NA,D,0,0,1165446.699,125.2,2002,55,4,18.74
173601,Active,137471,NA,NA,D,0,0,1768285.026,108.8,2005,28,37.84,92.77
173602,Active,1827102,NA,NA,D,1,0,349753.1863,107.95,2014,57,4,32.71
173603,Active,614347,NA,NA,D,1,0,186102.9438,111.95,2012,64,4.73,30.37
173604,Active,1697315,NA,NA,S,0,0,426455.825,50,2015,8,31.44,30.74
173605,Active,1444413,NA,NA,D,0,0,3063150.16,101,2008,18,4,41.99
173606,Active,516561,NA,NA,S,4,1,6772230.899,85.95,2001,41,4.58,5.96
173607,Active,53687,NA,NA,D,5,1,775047.0313,152.95,2004,59,4,16.24
173608,Active,54723,NA,NA,S,3,1,2047310.101,103.95,2007,46,3.99,23.78
173609,Active,890874,NA,NA,S,0,0,768895.6875,50,2014,14,20.69,27.99
173610,Active,1544204,NA,NA,S,1,0,593247.955,39.95,2012,20,31.83,33.1
173611,Active,246566,NA,NA,S,5,1,450263.5813,105.95,2007,61,6.39,49.13
173612,Active,2648771,NA,NA,S,3,1,2717274.036,40.5,1999,39,4,10.55
173613,Active,648476,NA,NA,D,1,0,1983767.486,55.75,2011,18,4,27.95
173614,Active,2341449,NA,NA,D,1,0,2779793.364,135.35,1995,21,6.02,16.49
173615,Active,755589,NA,NA,D,2,1,1923962.781,80,2004,19,8.34,78
173616,Active,880353,NA,NA,D,3,1,28994.21875,75,2000,96,4.83,19.34
173617,Active,241736,NA,NA,D,1,0,782573.8863,20.33,1996,53,4,18.26
173618,Active,243004,NA,NA,S,4,1,18976.33375,70,2004,91,33.46,101.45
173619,Active,633322,NA,NA,D,5,1,9541.045,135.7,2009,56,42.73,96.99
173620,Active,586652,NA,NA,D,2,1,852111.9125,65,1998,51,4.23,18.55
173621,Active,2090233,NA,NA,S,0,0,141696.1163,49.99,2013,32,27.72,30.98
173622,Active,3581623,NA,NA,D,0,0,9154726.25,140,2006,19,5.88,9.99
173623,Active,749379,NA,NA,S,2,1,1974668.881,115.95,2007,42,39.59,89.36
173624,Active,660038,NA,NA,D,4,1,1290444.043,222,2007,28,67.85,73.94
173625,Active,2079819,NA,NA,S,3,1,368578.095,31.99,2010,24,15.98,23.81
173626,Active,685144,NA,NA,S,2,1,6154.11125,29.95,2009,45,17.76,18.14
173627,Active,530047,NA,NA,S,4,1,501910.3113,287.6,2010,38,38.43,39.99
173628,Active,607747,NA,NA,S,8,1,1280274.098,113,2008,29,4,8.98
173629,Active,3783315,NA,NA,D,1,0,448398.1,81.95,1992,32,6.38,21.49
173630,Active,174846,NA,NA,S,2,1,201468.38,99.99,2007,42,48.72,59.38
173631,Active,614721,NA,NA,S,6,1,418938.6838,113.75,2004,54,4,13.95
173632,Active,619419,NA,NA,S,1,0,20655.25,49.95,2006,41,22.99,31.32
173633,Active,760094,NA,NA,D,1,0,1860612.005,114,2004,15,23.99,65.27
173634,Active,629885,NA,NA,D,3,1,720236.9963,69.95,2003,21,10.21,56.68
173635,Active,755046,NA,NA,S,20,1,163134.295,26.95,2005,54,4,25.86
173636,Active,3140565,NA,NA,D,1,0,2314380.936,39.99,2003,23,4,13.99
173637,Active,642205,NA,NA,S,4,1,110333.3613,59.99,2012,55,15.95,34.03
173638,Active,918691,NA,NA,D,2,1,2554660.811,44.99,2005,34,4.36,15.99
173639,Active,909252,NA,NA,D,0,0,955169.215,46.95,2004,33,6.28,33.98
173640,Active,536699,NA,NA,D,2,1,237929.2613,49.95,2008,44,14.75,37.53
173641,Active,867779,NA,NA,S,3,1,21326.56125,59.95,2014,40,28.74,36.24
173642,Active,530042,NA,NA,S,3,1,49720.52,148.95,2011,59,34.84,77.84
173643,Active,245141,NA,NA,D,1,0,761318.83,158.95,2004,57,4,22.9
173644,Active,386709,NA,NA,D,1,0,1525839.401,128.95,2006,33,4.39,11.98
173645,Active,386733,NA,NA,D,2,1,529658.88,149.95,2007,78,4,10.93
173646,Active,902262,NA,NA,S,2,1,683795.55,49.99,2014,24,16.47,23.98
173647,Active,610631,NA,NA,S,2,1,25405.77125,72.95,2014,33,48.49,51.02
173648,Active,546277,NA,NA,D,1,0,207329.6875,71.95,2009,43,21.45,51.88
173649,Active,671894,NA,NA,D,0,0,35921.38375,35.96,2011,48,15.34,27.49
173650,Active,2082212,NA,NA,S,0,0,7694.525,65,2014,33,23.89,23.89
173651,Active,530038,NA,NA,S,2,1,404456.4438,60.95,2010,41,36.65,52.33
173652,Active,285698,NA,NA,D,1,0,1553312.723,56.95,2007,27,16.07,65.71
173653,Active,759170,NA,NA,S,2,1,384195.225,90,2001,37,6.61,57.07
173654,Active,626644,NA,NA,S,3,1,399385.995,108.95,2013,57,26.88,43.71
173655,Active,269753,NA,NA,S,3,1,639710.9138,49.99,2006,33,4.73,25.52
173656,Active,169479,NA,NA,S,7,1,1120003.945,71.95,2007,27,4,13.45
173657,Active,631543,NA,NA,S,2,1,388222.3663,49.95,2011,28,13.49,0
173658,Active,113367,NA,NA,D,3,1,381311.7988,107.95,1995,20,12.12,73.05
173659,Active,889910,NA,NA,S,0,0,419184.0875,26.55,2005,13,20.17,22.81
173660,Active,162287,NA,NA,D,1,0,2348298.308,128,2008,20,4,72.65
173661,Active,2529861,NA,NA,D,1,0,1885198.643,69.95,1995,16,36.11,92.99
173662,Active,644402,NA,NA,S,1,0,36592.15375,55,2013,36,38.39,43.1
173663,Active,626312,NA,NA,S,2,1,693165.005,55,2009,31,4.48,36.97
173664,Active,130245,NA,NA,S,2,1,677690.2113,123,1997,36,13.7,58.99
173665,Active,630720,NA,NA,S,2,1,1267210.471,112.95,2010,26,10.71,53.25
173666,Active,621728,NA,NA,S,2,1,120007.7413,55.95,2002,73,30.02,43.78
173667,Active,164439,NA,NA,S,2,1,128814.9275,159.95,2003,60,33.04,74.88
173668,Active,2566775,NA,NA,D,1,0,2809308.43,15.74,1994,34,4,13.74
173669,Active,1587466,NA,NA,S,3,1,384411.65,40.5,2006,79,16.78,29.22
173670,Active,153841,NA,NA,D,2,1,604666.1763,39.92,2004,55,4,42.09
173671,Active,153982,NA,NA,D,3,1,53954.8825,48.99,2009,64,7.28,35.99
173672,Active,920046,NA,NA,S,0,0,1163019.076,32.95,2012,53,4.68,20.4
173673,Active,191992,NA,NA,D,1,0,320321.265,20.49,2008,51,7.45,31.22
173674,Active,2047210,NA,NA,S,2,1,415365.6863,44.95,2009,29,13.73,41.84
173675,Active,530036,NA,NA,S,2,1,93060.37875,34.99,2009,51,18.5,27.97
173676,Active,258138,NA,NA,S,5,1,524130.1213,44.99,2009,38,20.83,58.99
173677,Active,277950,NA,NA,S,2,1,345707.84,66.95,2000,60,5.03,53.92
173678,Active,248142,NA,NA,D,0,0,358744.295,53,2011,70,4,24.95
173679,Active,889185,NA,NA,S,2,1,49191.42125,56,2015,25,36.49,42.02
173680,Active,106702,NA,NA,D,23,1,569244.4413,71,2009,52,4.9,33.99
173681,Active,415964,NA,NA,D,24,1,140011.2588,74,2012,96,12.97,35.42
173682,Active,606752,NA,NA,S,21,1,1774034.605,49.95,2003,38,4,15.99
173683,Active,594799,NA,NA,S,6,1,1164519.393,80.99,2012,19,9.99,10.94
173684,Active,784084,NA,NA,D,2,1,3133759.525,65,2004,25,4.81,77.25
173685,Active,565735,NA,NA,D,3,1,231048.1813,70,2008,60,12.76,18.96
173686,Active,165802,NA,NA,D,2,1,368930.4713,65,2004,75,4.28,19.49
173687,Active,530035,NA,NA,S,4,1,16504.12375,75,2012,41,33.06,42.55
173688,Active,2150589,NA,NA,S,0,0,623865.1138,44.95,2011,32,6.05,31.41
173689,Active,3136655,NA,NA,S,0,0,1324137.363,50,2005,45,4.97,31.84
173690,Active,587680,NA,NA,D,3,1,112677.9463,182.95,2012,70,12.75,93.99
173691,Active,169772,NA,NA,D,2,1,81531.76875,255.95,2008,69,12.01,52.98
173692,Active,533565,NA,NA,D,3,1,28870.795,173.95,2012,64,32.42,154.28
173693,Active,178098,NA,NA,D,1,0,403720.0113,260.95,2006,54,4.47,32.6
173694,Active,544546,NA,NA,D,3,1,22413.75375,153.95,2013,74,11.89,59.98
173695,Active,177845,NA,NA,D,1,0,593244.1613,221.95,2007,36,6.58,138.95
173696,Active,298608,NA,NA,D,2,1,118127.5238,230.95,2010,65,7.54,71.94
173697,Active,124075,NA,NA,D,11,1,219640.3163,115.95,2000,78,6.12,58.98
173698,Active,169984,NA,NA,D,13,1,170141.6913,313.95,2010,58,7.09,91.6
173699,Active,53611,NA,NA,S,10,1,95916.58875,90.5,1995,95,10.77,39.96
173700,Active,53615,NA,NA,D,13,1,77046.63125,267.95,2008,102,4,19.1
173701,Active,615735,NA,NA,D,13,1,1293680.556,267.95,2010,38,7.22,49.27
173702,Active,53616,NA,NA,S,12,1,122084.3725,267.95,2004,152,5.37,22.98
173703,Active,53617,NA,NA,D,13,1,177719.2613,261.95,2010,79,4,22.96
173704,Active,55746,NA,NA,D,13,1,117308.405,267.95,2008,77,7.02,55.07
173705,Active,55748,NA,NA,S,11,1,234723.9963,84.95,2000,89,5.39,78.87
173706,Active,254197,NA,NA,D,13,1,753832.41,261.95,2010,47,4.72,28.32
173707,Active,169964,NA,NA,D,13,1,2831718.993,111.95,2009,14,11.99,18.99
173708,Active,224697,NA,NA,D,14,1,101435.74,83.95,2012,53,9.89,35.27
173709,Active,169966,NA,NA,S,1,0,426951.4975,111.95,2009,63,4,32.06
173710,Active,224699,NA,NA,D,14,1,89204.31125,83.95,2012,45,17,35.94
173711,Active,408669,NA,NA,D,14,1,189566.595,83.95,2012,77,4.93,29.99
173712,Active,895158,NA,NA,S,13,1,2453624.668,111.95,2009,20,18.76,33.94
173713,Active,542041,NA,NA,D,0,0,682097.3263,111.95,2010,77,4,18.98
173714,Active,617599,NA,NA,D,14,1,464963.435,87.95,2012,45,10.43,43.98
173715,Active,621295,NA,NA,D,14,1,510395.9838,83.95,2012,138,8.91,30.99
173716,Active,916901,NA,NA,S,15,1,94691.58125,93.95,2015,28,37.56,73.97
173717,Active,169967,NA,NA,D,13,1,634290.3275,111.95,2009,60,4.62,41.78
173718,Active,625658,NA,NA,D,14,1,116580.3688,87.95,2012,30,22.06,42.97
173719,Active,632838,NA,NA,D,14,1,801022.7925,83.95,2012,49,4.88,48.99
173720,Active,625104,NA,NA,D,14,1,503133.99,87.95,2012,40,4,19.99
173721,Active,169963,NA,NA,S,13,1,127407.3913,194.95,2008,45,58.01,149.94
173722,Active,169891,NA,NA,S,13,1,35500.27375,198.95,2009,97,33.99,78.99
173723,Active,169100,NA,NA,D,12,1,450385.2438,195.95,2005,57,4.35,28.58
173724,Active,873560,NA,NA,S,13,1,846748.25,80,2010,27,27.81,80
173725,Active,53614,NA,NA,D,13,1,309296.5475,299.95,2008,77,7.96,49.79
173726,Active,53613,NA,NA,D,12,1,857449.8288,293.95,2005,63,8.48,27.24
173727,Active,169887,NA,NA,D,13,1,26878.4475,243.95,2009,60,8.83,43.98
173728,Active,60422,NA,NA,D,12,1,165759.0425,239.95,2005,102,4.48,38.98
173729,Active,169889,NA,NA,D,13,1,45468.49625,243.95,2009,116,13.24,88.99
173730,Active,60423,NA,NA,D,12,1,88958.60625,248.95,2005,102,4,32.57
173731,Active,633146,NA,NA,S,3,1,141676.5288,65,2011,61,19.81,51.91
173732,Active,430866,NA,NA,D,5,1,2580014.374,52.5,1998,17,4.75,21.99
173733,Active,2363050,NA,NA,D,1,0,2091747.394,141.75,1996,16,33.89,78.4
173734,Active,3484838,NA,NA,D,2,1,732389.25,110,1984,37,9.21,55.43
173735,Active,3046165,NA,NA,S,2,1,4300407.464,25.28,1995,30,5.47,34.99
173736,Active,910009,NA,NA,S,6,1,210685.9588,66.64,2012,28,46.03,50.64
173737,Active,901069,NA,NA,S,4,1,1300074.835,33.6,2000,29,14.04,105.93
173738,Active,905797,NA,NA,D,0,0,1528727.554,33.6,1995,27,4,76.03
173739,Active,2339496,NA,NA,D,0,0,2488103.749,1076.22,1983,14,28.13,674.84
173740,Active,257489,NA,NA,S,2,1,1295542.593,173.95,1998,17,15.62,95.99
173741,Active,196698,NA,NA,D,3,1,1583167.649,165,2006,19,44.97,111.87
173742,Active,637177,NA,NA,S,2,1,925848.835,65.95,2008,34,13.71,43.94
173743,Active,907476,NA,NA,D,1,0,482213.3688,112,2003,21,18.9,27.99
173744,Active,415947,NA,NA,S,3,1,701693.555,94,2012,28,13.33,18.91
173745,Active,581103,NA,NA,S,2,1,1143605.509,59.95,1998,29,5.23,52.94
173746,Active,640551,NA,NA,D,1,0,2372267.718,188,2005,21,13.39,43.99
173747,Active,607969,NA,NA,D,6,1,1815999.34,38.95,2001,38,4,10.02
173748,Active,649446,NA,NA,S,2,1,252257.95,44,2013,32,6.59,18.55
173749,Active,663681,NA,NA,S,8,1,274600.955,46.95,2013,34,16.71,30.47
173750,Active,561651,NA,NA,D,7,1,825252.0563,46.95,2006,27,4,27.99
173751,Active,832939,NA,NA,D,2,1,6452409.173,99,1999,24,4.75,28.94
173752,Active,291910,NA,NA,S,0,0,5548.32125,16,2005,153,4,10
173753,Active,180611,NA,NA,S,1,0,33091.57625,7.99,1999,210,4,5.16
173754,Active,151809,NA,NA,S,1,0,188001.3938,35,1998,56,4.48,14.73
173755,Active,1864459,NA,NA,D,1,0,732745.5263,147.95,2009,26,8.49,55.96
173756,Active,911108,NA,NA,S,0,0,159243.5338,49.95,2007,24,9.44,13.99
173757,Active,622737,NA,NA,S,1,0,953790.0838,61.95,2007,26,6.99,11.79
173758,Active,116427,NA,NA,S,1,0,26636.475,52.2,2004,39,9.9,25.11
173759,Active,911625,NA,NA,D,1,0,590703.12,47.97,2012,28,4,46.83
173760,Active,860358,NA,NA,D,1,0,4279.38,148.75,2011,168,13.94,40.64
173761,Active,877325,NA,NA,D,1,0,443186.775,241.95,2011,77,5.23,81.73
173762,Active,615230,NA,NA,D,2,1,239449.8888,119.95,2013,91,4.99,23.9
173763,Active,877207,NA,NA,D,3,1,357711.3575,117.95,2015,36,16.44,41.99
173764,Active,170140,NA,NA,D,1,0,153584.3875,177.95,2011,43,6.48,36.89
173765,Active,890290,NA,NA,D,5,1,755778.3613,22.64,2009,13,28.97,183.95
173766,Active,639270,NA,NA,D,5,1,589711.3013,69.28,2009,21,58.93,125.26
173767,Active,285424,NA,NA,S,2,1,119587.3688,31.99,2009,63,4,25.99
173768,Active,530028,NA,NA,S,3,1,70165.705,89,2012,108,5.72,23.74
173769,Active,892656,NA,NA,S,5,1,189454.0563,38.99,2013,27,30.8,0
173770,Active,104276,NA,NA,S,1,0,463311.7925,29.95,1997,107,4,6.99
173771,Active,2570143,NA,NA,S,2,1,1529727.714,200,1991,16,29.08,253.98
173772,Active,3618014,NA,NA,D,2,1,4043988.6,39.95,1999,25,9.67,18.94
173773,Active,859682,NA,NA,S,2,1,991343.5,49.99,2008,22,34.18,0
173774,Active,1780794,NA,NA,S,2,1,671161.805,35,2014,18,18.65,20.99
173775,Active,157663,NA,NA,S,2,1,588147.345,52.95,2013,43,12.18,40.68
173776,Active,193711,NA,NA,D,5,1,1458309.388,193,2009,29,4,48.21
173777,Active,574709,NA,NA,D,4,1,2962754.259,106.5,2006,19,4.46,13.98
173778,Active,2620449,NA,NA,S,2,1,396173.0075,241.95,2000,32,8.02,33.98
173779,Active,530021,NA,NA,S,6,1,30735.7675,156.95,2010,49,28.98,70.3
173780,Active,763747,NA,NA,S,1,0,943559.9088,157.95,2002,48,4,18.94
173781,Active,533924,NA,NA,D,5,1,98607.58375,105.8,2007,38,4,65.93
173782,Active,1535861,NA,NA,S,0,0,7770.075,76.5,2014,24,51.99,57.48
173783,Active,619825,NA,NA,D,1,0,688044.1963,88,2007,34,11.43,30.82
173784,Active,861385,NA,NA,S,2,1,102227.2275,95,2013,54,43.99,76.9
173785,Active,607364,NA,NA,D,4,1,440188.3638,64.4,2004,50,4,49.75
173786,Active,286449,NA,NA,D,5,1,257610.9125,84.2,2008,33,8.24,78.93
173787,Active,530023,NA,NA,S,6,1,32599.33625,101.95,2012,49,51.78,78.76
173788,Active,246748,NA,NA,S,2,1,332084.015,39.95,2010,23,26.18,31.51
173789,Active,184324,NA,NA,D,1,0,1011836.544,49.95,2001,17,4,40.87
173790,Active,293748,NA,NA,D,0,0,801866.5938,34.95,1999,15,4.7,10.99
173791,Active,247727,NA,NA,S,2,1,133307.7988,68,2007,49,26.14,46.61
173792,Active,157402,NA,NA,S,2,1,1120285.478,35.95,2006,23,7.49,35.94
173793,Active,530022,NA,NA,S,5,1,42682.0925,65.95,2011,42,26.04,44.42
173794,Active,60424,NA,NA,D,4,1,1343581.796,79.6,2004,34,4,18.99
173795,Active,862065,NA,NA,S,4,1,13060.34375,105,2014,69,47.77,66.9
173796,Active,665046,NA,NA,D,5,1,254686.6038,19.49,2011,27,4.4,20.43
173797,Active,607419,NA,NA,D,5,1,242674.255,105.67,2010,69,5.73,48.73
173798,Active,129403,NA,NA,S,4,1,90145.05,76.95,2010,85,6.22,23.64
173799,Active,126592,NA,NA,S,3,1,716363.315,55.95,2005,93,4,19.48
173800,Active,630020,NA,NA,S,2,1,189097.92,62.95,2010,33,16.28,47.91
173801,Active,765415,NA,NA,S,5,1,3783842.426,60.95,2002,40,4,8.37
173802,Active,52804,NA,NA,D,9,1,276723.9388,176.95,2010,59,5.24,43.99
173803,Active,52803,NA,NA,S,7,1,1312902.496,154.95,2006,70,4,19.95
173804,Active,612554,NA,NA,D,11,1,12594.305,160.95,2014,66,15.8,103.67
173805,Active,52805,NA,NA,D,8,1,201599.48,194.95,2008,81,4,8.23
173806,Active,867913,NA,NA,S,3,1,27799.27375,79.95,2014,64,37.56,68.99
173807,Active,222283,NA,NA,D,1,0,1496672.529,70,2005,19,6.76,33.99
173808,Active,107656,NA,NA,D,3,1,2514352.418,10,2003,38,4,8.74
173809,Active,557325,NA,NA,D,4,1,794951.7163,109,2007,42,4,45.47
173810,Active,883313,NA,NA,D,2,1,6760129.775,144.95,2003,11,6.98,18
173811,Active,870259,NA,NA,S,4,1,2113463.164,68.95,2001,25,4,22.37
173812,Active,1586797,NA,NA,S,2,1,2022877.966,64.99,2007,21,8.89,44.96
173813,Active,300446,NA,NA,D,1,0,137104.8813,74.99,2010,60,10.98,36.33
173814,Active,619398,NA,NA,D,1,0,1320669.636,90.99,2007,51,4,14.2
173815,Active,901537,NA,NA,S,2,1,4433253.356,65,1996,27,4.58,47.31
173816,Active,743206,NA,NA,D,1,0,4146315.128,47.95,2001,22,4.97,66.67
173817,Active,619002,NA,NA,D,2,1,775681.4913,59.95,2007,48,30.16,44.13
173818,Active,663608,NA,NA,S,1,0,99922.1,150,2013,25,28.84,28.94
173819,Active,530016,NA,NA,S,3,1,926473.5725,42,2011,55,7.47,12.69
173820,Active,391361,NA,NA,S,3,1,196558.125,93.78,2009,17,59.49,65.49
173821,Active,3785511,NA,NA,S,2,1,1430688.8,44.95,2001,24,5.58,53.27
173822,Active,587710,NA,NA,D,10,1,217787.4875,209.95,2012,88,4.88,117.38
173823,Active,51832,NA,NA,D,5,1,553851.7038,50,2007,98,4.58,45.97
173824,Active,1438387,NA,NA,D,6,1,281571.2413,208.49,2010,66,6.06,67.62
173825,Active,51525,NA,NA,S,4,1,1754052.273,222,2004,27,5.45,328.26
173826,Active,606828,NA,NA,S,3,1,755799.1725,101.5,2002,62,4,11.89
173827,Active,561191,NA,NA,D,1,0,101465.2575,246.67,2009,126,9.84,25.9
173828,Active,51524,NA,NA,S,4,1,92067.385,218.67,2004,143,4.32,44.98
173829,Active,2674742,NA,NA,S,3,1,810815.6613,150.45,1970,15,28.97,197.09
173830,Active,742281,NA,NA,D,0,0,727369.1488,43.99,2009,17,6.98,43.99
173831,Active,602671,NA,NA,S,4,1,9935.64625,98.5,2010,117,19.37,30.99
173832,Active,56035,NA,NA,S,8,1,1282385.665,166,2001,86,4,13.71
173833,Active,111027,NA,NA,S,6,1,1428036.949,104.57,2007,21,4,72.87
173834,Active,111386,NA,NA,S,7,1,319753.8463,150,2010,37,4,43.98
173835,Active,52397,NA,NA,D,9,1,49933.50875,323.95,2007,117,7.02,44.04
173836,Active,566790,NA,NA,S,1,0,108293.175,61.25,2005,30,19.89,32.88
173837,Active,51833,NA,NA,D,6,1,69657.65,48.74,2010,94,9.13,54.07
173838,Active,530015,NA,NA,S,9,1,360449.3363,97.57,2009,46,4.83,73.33
173839,Active,763546,NA,NA,D,1,0,5340367.935,59.5,1997,18,4.44,18.53
173840,Active,248061,NA,NA,S,3,1,223019.2425,41.95,2009,30,15.57,31.26
173841,Active,2605443,NA,NA,D,0,0,2106760.94,38.99,1997,25,3.99,43.97
173842,Active,147135,NA,NA,D,1,0,295075.47,76.95,2005,45,4.6,28.98
173843,Active,252584,NA,NA,S,2,1,379003.2138,43.31,2008,39,6.7,48.93
173844,Active,569626,NA,NA,D,1,0,120192.5475,188.95,2011,83,5.99,72.99
173845,Active,880064,NA,NA,D,6,1,647499.27,0,2010,26,6.64,7.39
173846,Active,876147,NA,NA,S,2,1,243633.98,90.3,2013,41,25.33,67.25
173847,Active,544009,NA,NA,S,4,1,24293.4875,209.75,2013,95,17.97,26.74
173848,Active,549075,NA,NA,D,1,0,2118371.134,84,2009,22,8.95,21.92
173849,Active,861387,NA,NA,S,2,1,441343.5113,139.4,2013,42,12.42,91.99
173850,Active,54127,NA,NA,D,5,1,387659.9313,361.95,2008,129,5.7,60.2
173851,Active,111066,NA,NA,D,1,0,245819.5888,33.97,2009,80,5.89,31.74
173852,Active,633798,NA,NA,S,4,1,146153.95,167,2012,43,19.9,53.99
173853,Active,54996,NA,NA,D,3,1,185124.6775,53.98,2010,141,4,8.66
173854,Active,212550,NA,NA,D,1,0,384190.0488,181.93,2010,91,5.39,33.99
173855,Active,540661,NA,NA,D,2,1,18385.0775,208,2013,78,13.63,63.47
173856,Active,862067,NA,NA,S,2,1,342171.4063,82,2014,70,17.76,59.59
173857,Active,566832,NA,NA,D,1,0,1010032.821,19.03,2006,62,4,26.03
173858,Active,54995,NA,NA,D,2,1,591670.5638,23.99,2007,122,4,11.51
173859,Active,617347,NA,NA,D,2,1,32013.23625,309.25,2012,111,14.02,46.78
173860,Active,54129,NA,NA,S,3,1,1981369.956,12.97,2003,60,4.2,11.99
173861,Active,54128,NA,NA,D,4,1,656471.7025,405.95,2006,109,4,18.63
173862,Active,911834,NA,NA,D,6,1,1663284.605,219.95,2012,27,4,23.99
173863,Active,642202,NA,NA,D,6,1,566041.0363,211.95,2012,52,4.63,0
173864,Active,120688,NA,NA,D,3,1,125014.8625,210.4,2009,221,4.94,23.93
173865,Active,212330,NA,NA,D,2,1,589641.9463,170.8,2006,156,4.26,8.99
173866,Active,618077,NA,NA,S,2,1,136668.0588,284.75,1991,43,16.87,53.99
173867,Active,476864,NA,NA,S,3,1,340423.0288,116.63,2008,28,14.64,103.06
173868,Active,197621,NA,NA,D,2,1,4123266.42,88.95,2005,16,8.31,33.89
173869,Active,180697,NA,NA,D,2,1,1285367.033,125,2008,44,4,14.22
173870,Active,619478,NA,NA,S,4,1,107508.2375,236.25,1999,61,13.83,68.55
173871,Active,606786,NA,NA,S,4,1,922466.0413,87,2008,21,5.71,54.99
173872,Active,660871,NA,NA,S,3,1,591488.3138,89.99,2013,55,8.06,21.09
173873,Active,1562850,NA,NA,D,5,1,3634078.671,233.95,2006,12,64,143.94
173874,Active,2663970,NA,NA,S,4,1,7659925.774,225,1994,15,5.68,92.87
173875,Active,416483,NA,NA,D,15,1,427777.3113,626.12,2008,28,4,101.27
173876,Active,537701,NA,NA,S,16,1,147249.1638,180,2012,52,29.74,111.81
173877,Active,606816,NA,NA,D,14,1,753477.0838,0,2004,33,5.51,103.69
173878,Active,406144,NA,NA,D,3,1,131614.6025,193.95,2011,63,7.74,39.95
173879,Active,406408,NA,NA,D,1,0,997386.0875,130.95,2006,34,4,39.88
173880,Active,237859,NA,NA,S,2,1,282215.17,41.95,2004,25,9.99,41.88
173881,Active,224715,NA,NA,D,5,1,60765.2025,198.95,2011,60,12.11,102.48
173882,Active,169800,NA,NA,D,4,1,603699.9763,209.95,2008,55,4,28.77
173883,Active,1596411,NA,NA,S,1,0,106551.975,142.95,2008,31,12.09,75.85
173884,Active,132880,NA,NA,D,6,1,362091.125,107.6,2009,30,6.43,7.62
173885,Active,557331,NA,NA,D,5,1,576694.6263,104.6,2006,48,4,13.99
173886,Active,133308,NA,NA,D,6,1,192526.1313,131.8,2010,57,7.4,18.99
173887,Active,618584,NA,NA,S,1,0,310660.3488,109.4,2008,32,13.98,33.94
173888,Active,901136,NA,NA,D,1,0,2130994.978,115.95,2002,18,24.09,77.99
173889,Active,290344,NA,NA,D,1,0,2633677.1,135,2001,19,28.5,62.89
173890,Active,613080,NA,NA,S,1,0,115867.0825,79,1985,166,4,17.19
173891,Active,661072,NA,NA,S,0,0,73147.285,100,2012,32,52.07,53.6
173892,Active,897286,NA,NA,D,1,0,1547012.924,169.95,2004,10,40.97,40.98
173893,Active,893606,NA,NA,D,1,0,2285610.188,219.95,2010,14,108.47,61.99
173894,Active,1671072,NA,NA,D,9,1,361195.9788,175.95,2007,42,6.59,33.93
173895,Active,623736,NA,NA,D,0,0,239149.3025,44.99,1987,32,22.99,74.64
173896,Active,1498549,NA,NA,S,0,0,210768.2963,44.99,2014,17,30.29,30.29
173897,Active,2852250,NA,NA,D,0,0,756859.5175,52.99,1994,27,17.18,46.81
173898,Active,1498552,NA,NA,S,0,0,291307.59,52.99,2015,14,34.03,30.49
173899,Active,621012,NA,NA,S,0,0,32884.79625,69.99,2013,30,31.14,43.7
173900,Active,146355,NA,NA,D,1,0,705716.21,218.53,2012,98,5.98,35
173901,Active,146549,NA,NA,D,1,0,76467.975,211.2,2011,194,5.24,17.66
173902,Active,2783798,NA,NA,D,5,1,3694682.979,225,2004,15,6.07,80.99
173903,Active,2782610,NA,NA,D,4,1,3719162.084,210,1998,21,5.84,33.98
173904,Active,51475,NA,NA,D,3,1,500774.4988,13.98,2007,154,4,13.49
173905,Active,51476,NA,NA,S,2,1,878180.1825,33.99,2004,86,4.76,26.99
173906,Active,593525,NA,NA,D,3,1,881706.98,36.44,2007,60,4,12.99
173907,Active,252674,NA,NA,D,4,1,126538.6688,262.48,2010,109,8.86,73.11
173908,Active,51477,NA,NA,D,4,1,25449.565,143.62,2010,109,9.89,72.55
173909,Active,617130,NA,NA,S,1,0,19787.375,69.95,2011,39,37.01,45.99
173910,Active,433597,NA,NA,S,3,1,814749.4263,202,2010,32,5.52,136.33
173911,Active,200518,NA,NA,D,7,1,567923.7763,149.95,2008,86,4,12.99
173912,Active,612909,NA,NA,D,6,1,1062711.971,163.95,2004,77,4,14.41
173913,Active,285482,NA,NA,D,3,1,318572.7575,28.98,2008,104,5.03,15.99
173914,Active,545196,NA,NA,S,2,1,39205.5425,111.98,2012,64,9.04,72.4
173915,Active,704519,NA,NA,D,3,1,378309.8625,15.99,2008,49,6.67,22.48
173916,Active,537749,NA,NA,D,4,1,602377.5925,110,2010,29,6.19,37.99
173917,Active,105007,NA,NA,S,3,1,2043254.328,12.5,2006,38,4.77,23.99
173918,Active,51672,NA,NA,S,2,1,1812913.955,149.82,2003,67,3.8,12.52
173919,Active,51675,NA,NA,D,4,1,33352.06,82.2,2010,134,5.98,50.89
173920,Active,51673,NA,NA,D,3,1,520901.66,24.95,2006,141,4,15.17
173921,Active,533735,NA,NA,S,4,1,69814.6475,59.59,2011,71,7.97,54.59
173922,Active,109070,NA,NA,S,3,1,1066155.434,38.98,2006,59,4,43.97
173923,Active,117350,NA,NA,D,13,1,209314.0388,103.2,2006,41,7.46,73.11
173924,Active,113866,NA,NA,D,12,1,1965220.229,62.67,2000,30,4,6.86
173925,Active,416454,NA,NA,D,3,1,1083646.863,197.5,2008,56,5.3,32.99
173926,Active,252565,NA,NA,S,3,1,678978.3263,23.99,2007,58,4,0
173927,Active,624431,NA,NA,D,2,1,967864.6525,69.95,2006,24,4.77,77.72
173928,Active,2217679,NA,NA,D,0,0,39486.97625,29.5,2011,20,17.87,13.88
173929,Active,281975,NA,NA,S,2,1,665.7275,85,2011,73,44.25,51.15
173930,Active,281972,NA,NA,D,1,0,233824.6575,18.95,2000,50,10.67,49.95
173931,Active,530006,NA,NA,S,2,1,1712.2675,45,2011,57,20.82,24.49
173932,Active,289770,NA,NA,S,2,1,64854.32875,54.95,2010,55,18.3,32.76
173933,Active,175282,NA,NA,D,1,0,1983372.445,94.99,2000,16,39.77,129.74
173934,Active,541238,NA,NA,S,3,1,6222.88375,34,2008,78,19.99,21.89
173935,Active,910308,NA,NA,D,2,1,1059336.275,110,2002,29,7.79,43.99
173936,Active,721972,NA,NA,D,1,0,2842727.475,255,2008,23,6.22,13.96
173937,Active,635657,NA,NA,S,0,0,122605.2088,56.25,2012,46,33.68,46.98
173938,Active,869034,NA,NA,S,3,1,1204156.274,176,2013,12,31.33,183.99
173939,Active,633781,NA,NA,S,1,0,45113.7,137.2,2012,21,53.99,110.99
173940,Active,539170,NA,NA,D,2,1,524962.9388,132,2006,59,4,18.99
173941,Active,287462,NA,NA,S,3,1,35804.09,192.8,2011,61,9.69,60.94
173942,Active,2373703,NA,NA,D,0,0,5265448.266,99,2002,29,4.17,13.95
173943,Active,1751395,NA,NA,S,5,1,1503.95375,16.94,2014,12,16.94,16.94
173944,Active,867800,NA,NA,D,4,1,14366.81875,79.95,2014,48,12.82,45.84
173945,Active,2615657,NA,NA,D,0,0,1604548.959,67,2003,17,12.8,40.68
173946,Active,119793,NA,NA,S,2,1,547885.705,202.4,1995,26,10.44,63.17
173947,Active,639675,NA,NA,S,1,0,148251.8475,95.95,2013,22,53.77,55.82
173948,Active,3949328,NA,NA,D,1,0,4992557,56.95,1996,21,4.98,48.83
173949,Active,157323,NA,NA,S,2,1,491727.2538,62.95,2005,35,40.93,52.86
173950,Active,755368,NA,NA,D,1,0,5877084.136,105,2003,13,4.18,68.9
173951,Active,2610692,NA,NA,D,2,1,216643.755,96,2002,28,8.97,61.78
173952,Active,164302,NA,NA,D,1,0,1561250.825,110,2002,27,4,20.69
173953,Active,163190,NA,NA,D,3,1,34034.98875,75.75,2010,91,8.62,51.12
173954,Active,290261,NA,NA,D,2,1,861340.8613,19.97,2005,98,4,27.99
173955,Active,287143,NA,NA,S,2,1,691886.75,85,2008,45,26.53,0
173956,Active,550002,NA,NA,D,0,0,848813.6113,40.77,2003,21,7.51,0
173957,Active,157376,NA,NA,D,1,0,1013015.763,65.95,2009,41,5.94,27.05
173958,Active,118447,NA,NA,S,3,1,225504.4075,70.95,2008,34,15.1,60.87
173959,Active,157160,NA,NA,D,0,0,2222481.544,69.95,2006,26,4,44.83
173960,Active,246679,NA,NA,D,2,1,1414698.308,52.95,2009,29,4,11.27
173961,Active,576419,NA,NA,D,3,1,1606846.423,53.95,1999,24,4,38.93
173962,Active,110517,NA,NA,S,23,1,661082.8875,64,2009,27,4.39,44.04
173963,Active,627627,NA,NA,D,6,1,1040954.35,53.95,2004,42,4.77,25
173964,Active,247846,NA,NA,S,4,1,749189.5363,66,2009,26,8.88,41.29
173965,Active,547878,NA,NA,S,3,1,702171.2488,160,2000,57,4.28,12.97
173966,Active,112108,NA,NA,S,1,0,78413.4675,117,2001,58,4.74,23.75
173967,Active,100798,NA,NA,S,2,1,337665.7463,129.5,1998,72,5.39,18.97
173968,Active,614250,NA,NA,S,3,1,6641.99,31.05,2002,51,9.26,18.55
173969,Active,2648120,NA,NA,S,1,0,412101.1063,54.95,2000,23,9.99,41.35
173970,Active,120693,NA,NA,S,3,1,126309.4138,145.4,2009,40,27.62,97.09
173971,Active,541548,NA,NA,S,3,1,168814.9138,71.95,2013,38,33.99,47.77
173972,Active,202333,NA,NA,D,4,1,876877.0425,302.95,2002,36,4.59,46.51
173973,Active,268346,NA,NA,S,3,1,94002.5675,89,2004,47,23.04,64.51
173974,Active,53074,NA,NA,D,13,1,661240.1088,179.95,2007,180,4,8.99
173975,Active,2538273,NA,NA,D,0,0,3537629.373,62.95,2002,16,6.27,42.79
173976,Active,244409,NA,NA,S,2,1,34122.41625,84.95,2012,41,21.64,43.98
173977,Active,178721,NA,NA,D,1,0,194791.0938,83.95,2010,36,4.76,30.99
173978,Active,421541,NA,NA,S,4,1,218421.6388,161.6,2006,65,4.54,49.67
173979,Active,615372,NA,NA,S,2,1,1949330.028,82.76,1998,36,4.58,37.55
173980,Active,878124,NA,NA,D,6,1,865674.5775,47.21,2009,31,19.59,64.16
173981,Active,51239,NA,NA,D,6,1,228302.5288,323.95,2010,41,13.99,57.14
173982,Active,51237,NA,NA,D,5,1,460127.3638,310.95,2007,22,5,48.56
173983,Active,2261071,NA,NA,S,4,1,2580087.94,98.27,2007,22,7.56,106.77
173984,Active,534079,NA,NA,D,2,1,679490.665,101,1994,30,5.24,96.55
173985,Active,905664,NA,NA,S,4,1,1306073.859,39.95,1990,27,5.47,53.93
173986,Active,830278,NA,NA,D,5,1,1914537.69,59.95,1997,17,7.42,68.21
173987,Active,3467723,NA,NA,D,1,0,2405755.8,72.1,1995,27,5.45,67.29
173988,Active,3959897,NA,NA,D,0,0,2470313.7,0,1980,13,17.99,81.89
173989,Active,893738,NA,NA,D,1,0,2774251.933,80.95,2007,15,11.43,42.99
173990,Active,909137,NA,NA,D,8,1,998861.3438,69.28,2010,33,19.88,125.99
173991,Active,259367,NA,NA,D,7,1,805409.8913,56,2003,27,7.91,52.97
173992,Active,700989,NA,NA,D,1,0,1389252.651,99,2006,19,30.88,116.98
173993,Active,2501686,NA,NA,S,2,1,707540.5825,99,2004,27,26.95,30.73
173994,Active,756774,NA,NA,D,2,1,3729235.355,85,1997,20,4.53,27.94
173995,Active,916656,NA,NA,D,1,0,1562899.331,64,1999,43,4.48,46.97
173996,Active,919752,NA,NA,S,1,0,180088.9438,94.15,2010,51,5.4,12.63
173997,Active,613142,NA,NA,S,0,0,1068601.976,131.55,1997,98,4,16.91
173998,Active,626780,NA,NA,D,0,0,240321.4425,7.62,2002,35,4.96,9.81
173999,Active,644688,NA,NA,S,0,0,30138.745,112,2011,42,24.99,81.98
174000,Active,115156,NA,NA,S,1,0,376679.0863,116.6,2000,27,13.7,28.92
174001,Active,613100,NA,NA,S,0,0,685139.1425,86.6,1998,82,4.17,18.95
174002,Active,633831,NA,NA,S,2,1,228109.9825,69.99,2012,27,43.16,51.96
174003,Active,635744,NA,NA,S,0,0,346656.05,98.64,2011,44,6.49,33.98
174004,Active,529996,NA,NA,S,2,1,497140.995,18.99,2010,51,4,7.84
174005,Active,696234,NA,NA,D,1,0,71255.5825,96.6,2009,51,8.16,46.98
174006,Active,845725,NA,NA,S,0,0,650575.9825,80.6,1991,44,10.86,60.73
174007,Active,843671,NA,NA,S,0,0,1113175.06,43.61,1984,28,4.13,56.41
174008,Active,619767,NA,NA,D,0,0,131109.99,112,2011,60,5.32,17.39
174009,Active,2375710,NA,NA,D,0,0,671865.7088,109.67,2004,17,3.98,80
174010,Active,859537,NA,NA,S,0,0,17307.86625,105.8,2007,172,12.64,48.98
174011,Active,616592,NA,NA,S,0,0,329164.0675,89.44,1989,52,6.4,63.89
174012,Active,622045,NA,NA,D,0,0,358095.6575,64.95,2005,62,23.92,34.95
174013,Active,572122,NA,NA,S,0,0,62687.35,105.8,2004,111,9.48,58.93
174014,Active,620079,NA,NA,S,2,1,721513.5513,59.95,2000,36,16.81,27.19
174015,Active,612977,NA,NA,S,3,1,90330.21875,77.47,2002,188,5.19,33.99
174016,Active,621374,NA,NA,S,1,0,76105.025,111.1,2008,60,8.34,26.41
174017,Active,100818,NA,NA,S,0,0,211225.3338,150.5,2001,83,5.14,11.53
174018,Active,551404,NA,NA,D,1,0,252268.7913,119,2007,72,4.49,43.94
174019,Active,763711,NA,NA,D,1,0,1103268.036,157.95,2000,25,5.49,24.79
174020,Active,770609,NA,NA,S,10,1,66410.17375,119.55,2004,313,5.19,33.99
174021,Active,173837,NA,NA,D,2,1,700005.325,65,2003,25,16.98,164.16
174022,Active,618991,NA,NA,S,1,0,215329.0838,111.1,2007,50,7.81,17.37
174023,Active,597961,NA,NA,S,3,1,304660.1863,88.95,2004,38,19.9,62.91
174024,Active,347320,NA,NA,S,1,0,34850.975,89.99,2010,25,59.26,62.34
174025,Active,899957,NA,NA,D,0,0,4757109.95,51.95,1998,17,5.92,30.83
174026,Active,640493,NA,NA,S,2,1,804087.0063,62.95,2003,18,19.49,42.72
174027,Active,564650,NA,NA,S,2,1,394070.2013,75.95,2006,39,22.4,47.4
174028,Active,3491217,NA,NA,D,0,0,1649400.35,54.95,2000,53,14.5,26.2
174029,Active,902064,NA,NA,S,0,0,30562.6375,90,2013,23,42.84,43.98
174030,Active,665016,NA,NA,S,0,0,258.82125,49.95,2013,44,25.72,25.73
174031,Active,529993,NA,NA,S,2,1,224289.1863,36.6,2012,40,11.32,27.74
174032,Active,2389181,NA,NA,D,0,0,1736193.648,17,1995,23,4,35.93
174033,Active,542832,NA,NA,S,6,1,651521.4738,66,2011,34,17,63.94
174034,Active,622712,NA,NA,D,9,1,714403.4675,101,2008,40,27.99,48.99
174035,Active,2679850,NA,NA,D,6,1,4248790.166,62,1995,29,4,18.99
174036,Active,3523892,NA,NA,D,1,0,3130201.9,210,1999,24,6.34,48.23
174037,Active,50480,NA,NA,D,7,1,50717.06125,143.4,2008,112,4.24,18.99
174038,Active,867153,NA,NA,S,9,1,223823.5725,126.4,2014,31,34.45,77.99
174039,Active,50479,NA,NA,D,6,1,659347.0113,121,2005,131,4,9.99
174040,Active,50481,NA,NA,S,8,1,1092572.006,181.47,2011,28,26.34,53.09
174041,Active,105775,NA,NA,D,1,0,3263569.489,99,2001,15,56.35,53.99
174042,Active,55337,NA,NA,D,1,0,218270.6325,165,1998,33,5.28,53.97
174043,Active,529990,NA,NA,S,2,1,103808.605,70,2012,20,57.5,45.99
174044,Active,622023,NA,NA,S,1,0,263361.6125,30,2007,20,27.22,30
174045,Active,629763,NA,NA,D,1,0,2004182.726,74.95,2000,16,37.89,49.1
174046,Active,904073,NA,NA,S,19,1,1218190.744,64.95,2013,16,18.99,63.23
174047,Active,871603,NA,NA,D,2,1,5348762.385,79,1999,14,4.35,28.99
174048,Active,477639,NA,NA,D,3,1,435472.8025,183.95,2006,26,8.93,38.63
174049,Active,146858,NA,NA,D,2,1,770209.6275,87.95,2000,40,5.5,15.4
174050,Active,832966,NA,NA,D,2,1,1889783.126,99.2,2002,29,4,101.69
174051,Active,667080,NA,NA,D,2,1,583375.6125,86.95,2007,23,4.09,51.49
174052,Active,915410,NA,NA,D,1,0,2260476.061,62.95,1999,32,4,28.12
174053,Active,702076,NA,NA,S,3,1,193464.7475,39,2011,22,17.32,0
174054,Active,864990,NA,NA,S,2,1,979609.2313,42.95,2013,44,35.36,33.28
174055,Active,336836,NA,NA,S,2,1,533918.58,39.95,2007,53,12.41,35.28
174056,Active,739883,NA,NA,D,8,1,2889515.234,75.2,2004,18,4,28.98
174057,Active,641639,NA,NA,S,6,1,59609.45,44.95,2007,25,27.89,39.07
174058,Active,1927393,NA,NA,S,2,1,2764687.981,41.95,2014,19,23.91,34.93
174059,Active,173528,NA,NA,S,0,0,707378.2563,120,1995,96,4.53,12.64
174060,Active,867217,NA,NA,S,5,1,51782.615,80.95,2014,49,23.2,47.99
174061,Active,147641,NA,NA,D,4,1,188333.305,80.95,2010,142,4,13.99
174062,Active,55334,NA,NA,D,1,0,2031392.323,65.95,2006,41,3.98,10.25
174063,Active,288794,NA,NA,D,2,1,1664590.878,51.95,2005,72,3.75,0
174064,Active,147604,NA,NA,D,3,1,101793.7963,68.95,2009,175,4,15.48
174065,Active,541000,NA,NA,S,4,1,17282.36,72.95,2013,97,14.28,46.97
174066,Active,545708,NA,NA,S,8,1,15402.07125,72.99,2013,93,29.99,35.56
174067,Active,55335,NA,NA,D,2,1,461201.21,95.95,2009,108,5.38,28.98
174068,Active,626641,NA,NA,S,3,1,19429.7075,103.95,2013,63,38.72,61.99
174069,Active,615039,NA,NA,S,3,1,411035.8213,57.95,2004,77,4,21.98
174070,Active,120080,NA,NA,D,2,1,504434.4438,82.2,2009,160,4,12.69
174071,Active,641972,NA,NA,S,3,1,14414.935,86.6,2013,89,19.28,63.61
174072,Active,534123,NA,NA,D,0,0,1390702.81,62.95,2005,94,4,6.95
174073,Active,569749,NA,NA,S,2,1,950549.49,228.95,2000,38,5.02,0
174074,Active,627586,NA,NA,D,3,1,1563256.795,85,2006,31,4,12.27
174075,Active,657994,NA,NA,S,4,1,693346.0913,85,2013,20,20.99,66.98
174076,Active,617382,NA,NA,D,2,1,320163.5875,97.95,2009,61,4.94,22.14
174077,Active,582269,NA,NA,D,1,0,243080.1375,55,2011,56,4.99,36.68
174078,Active,200084,NA,NA,D,1,0,1812759.253,118.95,2005,62,4,11.44
174079,Active,916944,NA,NA,S,2,1,740991.24,174.95,1922,46,13.97,47.99
174080,Active,895427,NA,NA,S,2,1,1251120.638,39.95,2004,13,31.44,39.95
174081,Active,3617204,NA,NA,S,0,0,265881,48,1977,62,10.98,34.66
174082,Active,146094,NA,NA,D,1,0,780130.6025,59.73,2009,50,3.88,17.62
174083,Active,285311,NA,NA,S,4,1,3414698.819,11.98,2006,37,3.99,11.98
174084,Active,867125,NA,NA,S,3,1,26084.395,107.2,2014,68,36.83,63.98
174085,Active,864532,NA,NA,S,3,1,64897.04375,74.8,2014,67,22.74,56.2
174086,Active,741774,NA,NA,D,0,0,374816.1088,54.6,2008,72,4,44.95
174087,Active,616716,NA,NA,D,2,1,364667.5813,104.2,2012,99,4,27.99
174088,Active,1865783,NA,NA,S,4,1,467367.54,19.99,2011,25,8.68,43.89
174089,Active,1711343,NA,NA,S,2,1,273373.4663,19.95,2008,33,4,19.15
174090,Active,1781149,NA,NA,S,2,1,81825.90375,40,2015,25,21.86,24.12
174091,Active,631623,NA,NA,S,2,1,126717.4538,50,2009,117,14.55,22.4
174092,Active,587665,NA,NA,S,3,1,560793.2588,161.95,2012,37,8.49,22.98
174093,Active,543818,NA,NA,S,3,1,165460.4063,165.95,2013,34,17.92,87.6
174094,Active,105796,NA,NA,D,3,1,1253843.89,64.95,2003,43,4.71,23.98
174095,Active,766337,NA,NA,S,6,1,924628.2475,48.95,2010,18,23.27,0
174096,Active,856658,NA,NA,S,5,1,257252.4725,131.95,2006,32,4,79.25
174097,Active,277994,NA,NA,S,2,1,168576.0013,58.95,2005,19,5.91,107.99
174098,Active,1756554,NA,NA,S,5,1,126784.5838,50.86,2011,13,47.7,51.86
174099,Active,2869474,NA,NA,D,4,1,428959.28,34.95,2003,30,21.62,78.4
174100,Active,286220,NA,NA,D,1,0,695820.32,38.6,2009,35,4,9.95
174101,Active,902134,NA,NA,S,2,1,660497.375,45.6,2014,24,27.73,41.3
174102,Active,802715,NA,NA,S,4,1,867576.2763,34.99,2010,25,7.98,28.99
174103,Active,165523,NA,NA,S,1,0,82070.375,55,2004,24,17.42,37.99
174104,Active,706231,NA,NA,S,4,1,937084.4525,163.45,2010,41,4,28.95
174105,Active,253865,NA,NA,S,2,1,172028.135,198.95,2011,112,5.48,22.38
174106,Active,1989679,NA,NA,S,1,0,27731.925,39.99,2014,19,28.43,24.78
174107,Active,2134570,NA,NA,S,2,1,979871.64,59.99,2012,18,37.92,59.54
174108,Active,116860,NA,NA,S,5,1,59383.1475,149.2,2010,42,38.23,83.47
174109,Active,313149,NA,NA,D,4,1,706345.21,108.2,2003,63,4,22.15
174110,Active,165812,NA,NA,D,2,1,3620466.345,40.79,2003,18,4,9.98
174111,Active,529975,NA,NA,S,3,1,430678.03,73.75,2009,44,6.56,66.74
174112,Active,903521,NA,NA,D,2,1,7834013.619,67,2001,27,4.98,8.99
174113,Active,859128,NA,NA,S,3,1,919926.5963,118.6,2004,50,4.3,100.75
174114,Active,644116,NA,NA,S,1,0,21518.95,101.25,2006,16,33.98,50
174115,Active,610443,NA,NA,D,3,1,12635.83375,84.95,2013,148,10.23,49.98
174116,Active,529974,NA,NA,D,2,1,404310.01,64.95,2004,127,4,6.52
174117,Active,266440,NA,NA,D,2,1,51482.2425,79.95,2010,104,5.81,27.99
174118,Active,266437,NA,NA,D,2,1,927844.1563,79.95,2008,91,4.14,19.99
174119,Active,864086,NA,NA,S,0,0,192194.95,79.95,2011,14,43.98,43.74
174120,Active,269990,NA,NA,S,4,1,871039.135,208,2008,42,4.43,13.98
174121,Active,1518945,NA,NA,S,5,1,244377.9925,56.99,2014,20,39.48,38.15
174122,Active,653286,NA,NA,D,4,1,1381154.699,62.95,2010,14,4,34.78
174123,Active,2856582,NA,NA,D,1,0,1568756.656,89.95,1992,23,13.23,79.87
174124,Active,1684455,NA,NA,S,40,1,75528.25,39.99,2015,18,16.5,22.43
174125,Active,635942,NA,NA,S,1,0,1142082.43,121.6,2011,34,5.62,67.45
174126,Active,614028,NA,NA,S,14,1,21616.05,42,2007,49,12.09,30.58
174127,Active,665201,NA,NA,S,18,1,155491.7038,42,2011,14,8.99,42
174128,Active,614357,NA,NA,S,18,1,125932.7,42,2008,36,9.51,18.99
174129,Active,738639,NA,NA,S,18,1,32798.88375,42,2013,37,16.71,38.99
174130,Active,737556,NA,NA,D,12,1,325821.2975,39,2006,31,9.82,33.99
174131,Active,143200,NA,NA,S,24,1,34946.825,42,2008,31,23.44,40.11
174132,Active,560456,NA,NA,D,11,1,913620.5775,42,2011,30,5.24,15.99
174133,Active,1559618,NA,NA,S,1,0,823099.34,45.95,2007,27,22.82,41.18
174134,Active,1856399,NA,NA,S,2,1,30740.17875,26.99,2006,52,7.3,17.98
174135,Active,1856398,NA,NA,S,2,1,340566.3963,22.99,2006,25,8.27,20.15
174136,Active,199219,NA,NA,D,1,0,2339763.996,60,2003,30,4,22.44
174137,Active,904267,NA,NA,D,0,0,1578070.061,49.95,1995,22,4,44.67
174138,Active,597620,NA,NA,D,1,0,1488037.224,55,2002,25,4,37.36
174139,Active,644217,NA,NA,S,2,1,375807.8538,165.95,2001,37,4,56.63
174140,Active,541313,NA,NA,S,2,1,257271.235,115.95,2004,42,47.54,97.54
174141,Active,534576,NA,NA,D,0,0,226915.5525,79.95,2010,74,8.47,33.07
174142,Active,874143,NA,NA,D,0,0,594682.1775,55.69,2010,25,12.92,41.72
174143,Active,546490,NA,NA,D,0,0,11826.24625,79.95,2013,139,22.15,36.98
174144,Active,546491,NA,NA,D,3,1,65560.2925,79.95,2013,102,19.04,36.98
174145,Active,534165,NA,NA,D,2,1,243053.1838,79.95,2010,38,11.99,43.97
174146,Active,599016,NA,NA,D,0,0,1161209.511,79.95,2009,39,4.66,28.2
174147,Active,613247,NA,NA,S,3,1,1072748.434,79.95,2008,67,4,13.98
174148,Active,631531,NA,NA,S,0,0,104496.0625,79.95,2011,14,28.98,46.68
174149,Active,3461956,NA,NA,D,2,1,1894523.055,79.95,2007,24,4,23.99
174150,Active,863761,NA,NA,D,3,1,1270588.763,79.95,2009,33,4.74,22.98
174151,Active,864264,NA,NA,D,4,1,630335.0913,79.95,2012,42,4,37.99
174152,Active,2031813,NA,NA,S,1,0,57324.425,69.99,2014,18,40.98,44.73
174153,Active,890362,NA,NA,S,0,0,863558.2663,13.56,2010,7,17.46,13.56
174154,Active,747764,NA,NA,S,4,1,16681.83125,94.5,2014,66,41.78,43.98
174155,Active,563715,NA,NA,D,3,1,87262.17125,79.98,2012,68,7.69,54.61
174156,Active,153805,NA,NA,D,3,1,180063.4875,18.99,2011,107,4.99,19.98
174157,Active,439833,NA,NA,D,2,1,296914.4875,117.75,2008,159,4,12.89
174158,Active,54232,NA,NA,D,2,1,214034.3438,45.35,2008,226,4,13.94
174159,Active,621003,NA,NA,S,4,1,66999.64875,125,2013,55,35.19,67.35
174160,Active,747765,NA,NA,S,4,1,14639.67875,79.25,2014,92,29.48,39
174161,Active,541258,NA,NA,D,3,1,69636.1725,13.99,2012,119,4,13.99
174162,Active,289416,NA,NA,D,3,1,12532.20625,33.99,2011,162,5.9,21.98
174163,Active,610444,NA,NA,S,4,1,600.36625,66.75,2013,122,33.9,38.49
174164,Active,154059,NA,NA,D,3,1,299056.6838,20.97,2010,97,5.29,15
174165,Active,154060,NA,NA,D,3,1,65121.74875,42.1,2010,113,5.78,16.99
174166,Active,154402,NA,NA,S,1,0,210587.275,81.25,2004,66,4,26.02
174167,Active,563716,NA,NA,D,3,1,111580.895,28.98,2012,133,5.24,18.99
174168,Active,747766,NA,NA,S,4,1,38450.01875,79.25,2014,93,33.88,43.99
174169,Active,747763,NA,NA,S,4,1,38781.76125,125,2013,60,25.28,63.98
174170,Active,613634,NA,NA,D,3,1,19994.7475,19.98,2011,231,4.73,13.99
174171,Active,154004,NA,NA,D,2,1,103709.5713,23.71,2008,225,4,10.76
174172,Active,630994,NA,NA,S,2,1,463023.845,70,2009,29,22.87,42.65
174173,Active,2580227,NA,NA,D,1,0,1552827.275,99.95,1996,20,4,20.99
174174,Active,649253,NA,NA,S,1,0,801090.9238,50.95,2004,29,4.67,16.92
174175,Active,1703532,NA,NA,S,0,0,77380.8,55,2009,24,22.99,33.78
174176,Active,866340,NA,NA,S,3,1,434981.7038,44.95,2011,36,15.29,32.72
174177,Active,867687,NA,NA,S,3,1,13772.3275,44.95,2013,66,18.22,30.88
174178,Active,873227,NA,NA,S,2,1,1704675.629,73.96,2009,83,6.49,33.78
174179,Active,613203,NA,NA,S,2,1,313018.36,33.95,2009,102,6.43,23.88
174180,Active,897270,NA,NA,S,3,1,638448.3388,43.95,2015,14,37.49,41.43
174181,Active,866341,NA,NA,S,2,1,871586.8488,43.95,2011,20,13.25,147.83
174182,Active,776270,NA,NA,D,0,0,933644.1375,42.95,2010,38,7.76,14.2
174183,Active,2256588,NA,NA,S,2,1,1753171,44.43,2009,47,6.05,29.08
174184,Active,775949,NA,NA,D,0,0,1293099.57,35.95,2010,34,4,13.92
174185,Active,574712,NA,NA,D,0,0,1157839.253,33.95,2008,39,8.97,33.83
174186,Active,776150,NA,NA,D,0,0,742076.0575,33.95,2008,19,9.43,23.97
174187,Active,775392,NA,NA,S,2,1,299816.3713,44.95,2012,72,22.36,41.42
174188,Active,614497,NA,NA,S,0,0,1326267.993,33.95,2007,45,4,10.99
174189,Active,633188,NA,NA,S,2,1,325002.3463,43.95,2011,43,9.74,21.91
174190,Active,2664426,NA,NA,S,5,1,4432081.115,99,1999,23,4.9,31.73
174191,Active,615325,NA,NA,S,0,0,620850.2525,114.5,2003,56,6.6,20.16
174192,Active,547875,NA,NA,S,0,0,686829.95,113.75,2000,103,4.48,23.89
174193,Active,112295,NA,NA,S,0,0,355557.9788,121,2006,78,6.96,23.98
174194,Active,112135,NA,NA,S,1,0,188672.0925,113.75,2002,157,5.97,13.42
174195,Active,112270,NA,NA,S,1,0,99637.87,112.75,2005,158,6.99,23.78
174196,Active,551421,NA,NA,S,0,0,143997.425,95.32,2010,30,8.67,79.31
174197,Active,100807,NA,NA,D,0,0,156885.8775,119.75,1998,152,4,25.17
174198,Active,112272,NA,NA,S,1,0,17408.85,123.25,2004,146,7.44,75.7
174199,Active,708883,NA,NA,D,0,0,374033.57,153.17,2007,33,26.82,70.34
174200,Active,417580,NA,NA,D,0,0,186119.9413,124.5,2006,48,23.89,43.97
174201,Active,112339,NA,NA,D,0,0,57769.13625,130.75,2008,70,24.97,69.94
174202,Active,708945,NA,NA,S,1,0,414774.8775,121,2006,33,23.44,78.9
174203,Active,613048,NA,NA,D,1,0,384986.395,154.5,2001,146,4.12,12.55
174204,Active,665271,NA,NA,S,0,0,104361.525,112,2012,23,34.49,34.64
174205,Active,614302,NA,NA,S,0,0,169073.7413,115.5,2005,90,4.43,22.98
174206,Active,3229993,NA,NA,D,0,0,616702.7513,23.53,2004,122,5.09,23.4
174207,Active,613382,NA,NA,S,0,0,52566.615,112,2005,125,7.36,43.99
174208,Active,112223,NA,NA,D,0,0,606137.0825,111.25,2003,67,4.55,15.36
174209,Active,708182,NA,NA,D,0,0,1217941.124,107.44,2005,19,8.56,61.95
174210,Active,551386,NA,NA,S,0,0,66032.61875,158,2007,89,15.1,63.94
174211,Active,551288,NA,NA,D,0,0,386199.4025,112.5,2003,158,4.6,17.53
174212,Active,112353,NA,NA,S,0,0,60706.14,152.25,2010,97,51.41,69.9
174213,Active,529970,NA,NA,D,0,0,34588.2,87.52,2006,189,4.67,10.83
174214,Active,551265,NA,NA,S,0,0,472355.1113,114.5,2002,73,5.88,9.89
174215,Active,285617,NA,NA,D,0,0,243172.4888,155,2004,133,4,17.35
174216,Active,112250,NA,NA,S,10,1,226859.3,108.25,2004,65,5.79,15.92
174217,Active,551326,NA,NA,S,0,0,266830.595,152,2004,53,8.51,0
174218,Active,706675,NA,NA,S,0,0,176949.1188,107.5,2001,89,4.74,33.99
174219,Active,285628,NA,NA,S,1,0,53128.15375,170,2007,61,12.98,82.48
174220,Active,630631,NA,NA,S,0,0,423181.2588,171.25,2008,50,7.63,38.9
174221,Active,709020,NA,NA,S,1,0,163594.325,109.32,2009,47,10.72,22.98
174222,Active,112138,NA,NA,D,1,0,107522.9213,124,2001,83,6.75,29.98
174223,Active,627979,NA,NA,S,0,0,515897.0163,168.25,2009,37,18.11,43.98
174224,Active,551276,NA,NA,S,0,0,331703.6313,124,2001,106,5.5,14.99
174225,Active,616963,NA,NA,S,0,0,187352.2188,160,2006,50,8.97,43.48
174226,Active,112253,NA,NA,S,1,0,680302.0263,60.25,2004,42,8.96,26.06
174227,Active,1439060,NA,NA,S,1,0,46557.55,122.25,2012,22,41.75,55.99
174228,Active,112351,NA,NA,D,0,0,119683.8913,128.25,2009,93,8.06,29.48
174229,Active,309883,NA,NA,D,0,0,215972.36,125,2002,189,4,15.79
174230,Active,529966,NA,NA,S,1,0,149059.84,127.5,2008,42,8.87,112.12
174231,Active,112332,NA,NA,S,0,0,66907.13125,127.5,2007,110,27.42,110.1
174232,Active,551260,NA,NA,D,0,0,574684.8688,112,2001,96,6.49,13.24
174233,Active,112341,NA,NA,D,0,0,105710.8613,133.75,2007,101,13.81,53.34
174234,Active,112269,NA,NA,D,1,0,54777.46125,104.76,2005,128,6.62,18.99
174235,Active,100816,NA,NA,S,0,0,519092.4188,147.5,1999,109,4.25,9.9
174236,Active,635846,NA,NA,S,2,1,98133.26875,159.25,2010,42,76.79,70.99
174237,Active,613139,NA,NA,S,0,0,351427.9538,122.25,2004,59,5.76,70.33
174238,Active,708994,NA,NA,S,0,0,112960.6763,124,2007,30,30.88,107.98
174239,Active,616983,NA,NA,S,0,0,703482.665,139.25,2001,38,4.48,18.26
174240,Active,627977,NA,NA,S,0,0,142686.035,145.75,2005,47,7.99,21.99
174241,Active,529965,NA,NA,S,2,1,103191.5475,122.75,2004,55,10.98,69.51
174242,Active,635864,NA,NA,S,1,0,267307.4113,127.5,2007,24,33.84,85.25
174243,Active,112174,NA,NA,S,1,0,301068.57,100.2,2001,20,8.15,43.93
174244,Active,551308,NA,NA,S,2,1,177154.9075,114.24,2004,35,6.73,45.13
174245,Active,707722,NA,NA,S,2,1,248613.975,107.56,2004,127,4,31
174246,Active,631660,NA,NA,S,4,1,148063.9575,105.75,2008,40,43.14,74.96
174247,Active,615322,NA,NA,D,3,1,337161.455,105.75,2004,76,4.49,18.99
174248,Active,112243,NA,NA,S,8,1,81246.33875,46.95,2004,108,7.87,28.99
174249,Active,626466,NA,NA,S,0,0,266705.93,111.25,2002,41,4,22.98
174250,Active,514761,NA,NA,S,0,0,158430.4338,179.75,2007,59,17.71,127.05
174251,Active,709148,NA,NA,D,0,0,1376480.561,153.29,2008,17,5.96,99.78
174252,Active,551318,NA,NA,S,0,0,74525.24,133.5,2004,102,10.24,84.6
174253,Active,112127,NA,NA,S,0,0,572881.8713,175.75,2002,157,5.71,41.99
174254,Active,622996,NA,NA,S,9,1,192035.3,59.93,2009,35,5.37,48.97
174255,Active,613773,NA,NA,S,3,1,179971.39,104,2000,78,4,24.06
174256,Active,643177,NA,NA,D,7,1,1074450.846,279.99,2009,34,10.42,51.36
174257,Active,789257,NA,NA,S,6,1,2321602.931,255,2004,23,9.53,90.39
174258,Active,163199,NA,NA,D,1,0,489286.4688,124,2009,48,4.73,21.05
174259,Active,500154,NA,NA,D,1,0,1754897.249,263.95,2009,30,3.87,12.44
174260,Active,435896,NA,NA,D,1,0,1242445.165,300.95,2008,43,4,27.73
174261,Active,431341,NA,NA,D,0,0,2477490.014,34.95,2006,33,4,4.82
174262,Active,504634,NA,NA,D,2,1,2756114.103,82,2006,21,9.98,73.81
174263,Active,475915,NA,NA,D,1,0,2015978.018,39.95,2008,27,4,44.67
174264,Active,902691,NA,NA,S,2,1,1415594.616,50.95,2013,21,30.28,40.99
174265,Active,53535,NA,NA,D,7,1,69972.53875,43.08,2010,126,5.97,38.92
174266,Active,538879,NA,NA,D,8,1,1979.80125,241.75,2013,157,14.43,60.14
174267,Active,53536,NA,NA,D,6,1,514213.3213,15.95,2008,128,4,22.98
174268,Active,53533,NA,NA,S,4,1,2747872.263,13.44,2005,45,3.98,13.44
174269,Active,529962,NA,NA,D,2,1,596535.975,364.95,2010,75,4,16.91
174270,Active,615622,NA,NA,S,2,1,36547.5125,79.95,2012,122,5.75,41.98
174271,Active,669017,NA,NA,S,1,0,63873.65,100.95,2012,32,39.27,38.91
174272,Active,620897,NA,NA,D,1,0,1558880.14,11.46,2002,42,4,35.25
174273,Active,110711,NA,NA,S,2,1,517487.9913,72.58,2010,40,23.51,67.33
174274,Active,626628,NA,NA,S,1,0,100673.9363,138.6,2013,34,65.99,103.94
174275,Active,567410,NA,NA,S,2,1,231560.8063,234.95,2006,61,4,40.41
174276,Active,1583029,NA,NA,D,0,0,947950.5763,49.99,2015,20,4.33,6.34
174277,Active,865410,NA,NA,S,6,1,1919812.34,128.99,2006,25,4.12,48.29
174278,Active,1590466,NA,NA,S,2,1,994104.8713,49.99,2009,37,8.38,12.86
174279,Active,1745509,NA,NA,D,5,1,270585.2988,74.25,2008,19,30.94,143.73
174280,Active,2912423,NA,NA,D,4,1,1811600.883,36.69,2005,14,40.49,120.45
174281,Active,148207,NA,NA,D,1,0,4231185.971,357.95,2003,18,5.79,6.95
174282,Active,157600,NA,NA,D,2,1,848315.5075,80.95,2011,55,7.8,47.99
174283,Active,198032,NA,NA,D,1,0,817233.4463,107.23,2009,32,5.98,44.44
174284,Active,642857,NA,NA,S,1,0,547795.0888,54.95,2012,25,27.75,40.57
174285,Active,539868,NA,NA,S,2,1,1753818.975,59.95,2013,21,23.94,47.59
174286,Active,113880,NA,NA,D,4,1,1886129.178,40,2001,35,3.99,8.98
174287,Active,869491,NA,NA,D,3,1,9731597.358,34.6,1997,15,4,7.98
174288,Active,116030,NA,NA,S,5,1,157126.965,107.2,2005,55,8.78,19.29
174289,Active,601500,NA,NA,D,0,0,4956777.933,71.99,2006,14,6.38,46.58
174290,Active,863762,NA,NA,D,2,1,3110363.991,79.95,2009,17,6.5,25.44
174291,Active,451786,NA,NA,D,3,1,1043861.801,169.95,2009,55,4,19
174292,Active,868731,NA,NA,S,2,1,2232112.628,61.78,2006,37,7.48,37.22
174293,Active,200031,NA,NA,D,0,0,4244558.606,184.95,2004,25,4.32,43.04
174294,Active,200046,NA,NA,D,2,1,542777.9225,168.95,2005,61,4.25,28.74
174295,Active,200162,NA,NA,D,1,0,531321.6575,115.95,2007,69,4.49,16.43
174296,Active,545636,NA,NA,D,2,1,36719.63,117.95,2012,76,20.57,66.68
174297,Active,626709,NA,NA,S,1,0,72367.5,119.95,2012,21,48.99,56.97
174298,Active,3056033,NA,NA,S,0,0,551985.2513,20,2003,24,4,23.98
174299,Active,162687,NA,NA,S,2,1,42502.43625,95,2010,99,31.23,41.46
174300,Active,145819,NA,NA,S,6,1,192852.0088,162.8,2008,43,31.35,81.99
174301,Active,538883,NA,NA,D,29,1,566643.3075,79.75,2013,69,3.88,7.89
174302,Active,532855,NA,NA,D,28,1,465462.9413,53.25,2012,61,3.99,11.96
174303,Active,864658,NA,NA,D,30,1,236316.9713,36.99,2014,59,4.36,36.9
174304,Active,144888,NA,NA,D,0,0,2044115.839,69.4,2006,52,4,8.99
174305,Active,664172,NA,NA,S,3,1,53974.31375,105.6,2013,51,27.15,85.97
174306,Active,287631,NA,NA,D,2,1,853541.515,83.4,2009,80,4,24.39
174307,Active,1540577,NA,NA,S,1,0,960786.3525,52.95,2008,27,25.65,43.57
174308,Active,863110,NA,NA,D,4,1,1139157.504,90.6,2003,22,4,44.91
174309,Active,132613,NA,NA,S,5,1,339583.0363,170.8,2008,33,11.12,54.68
174310,Active,2259260,NA,NA,D,0,0,6090764.161,52.22,2007,19,6.49,43.08
174311,Active,157430,NA,NA,D,0,0,1622641.136,64.95,2008,38,4,15.77
174312,Active,161736,NA,NA,D,1,0,1228600.393,38.99,2008,27,5.47,46.99
174313,Active,385697,NA,NA,S,2,1,535761.1663,65,2006,50,7.85,41.83
174314,Active,529954,NA,NA,D,7,1,55383.61,268.4,2012,85,10.18,42.95
174315,Active,916020,NA,NA,S,3,1,5265952.206,86.6,2004,34,4.36,38.98
174316,Active,663323,NA,NA,S,4,1,174872.105,80,2013,35,43.98,59.52
174317,Active,529955,NA,NA,D,3,1,322039.325,339.95,2010,58,8.65,17.44
174318,Active,110189,NA,NA,S,5,1,313766.8163,59.03,2008,50,5.47,36.99
174319,Active,61221,NA,NA,D,2,1,1112010.099,226.95,2006,46,4,11.46
174320,Active,552408,NA,NA,S,4,1,2088849.911,133.33,2004,51,4,4.8
174321,Active,558989,NA,NA,D,4,1,2343486.331,196,2007,37,4,22.99
174322,Active,320967,NA,NA,D,0,0,7135628.553,75,2006,21,4.97,50.47
174323,Active,339775,NA,NA,D,5,1,449181.7875,18.99,2010,64,5.98,19.97
174324,Active,344396,NA,NA,D,4,1,1668642.311,12.91,2007,53,4,12.99
174325,Active,312973,NA,NA,D,7,1,1007170.323,232.4,2001,58,4.02,51.91
174326,Active,559007,NA,NA,D,5,1,915635.1763,210.2,2010,36,6.84,34.99
174327,Active,60430,NA,NA,D,5,1,866303.595,196,2007,72,4,9.99
174328,Active,129345,NA,NA,D,1,0,1887908.339,115,2011,19,25.74,43.94
174329,Active,120652,NA,NA,D,3,1,416355.8813,66.8,2008,50,4,18.98
174330,Active,529952,NA,NA,S,4,1,72486.5175,104,2010,53,28.19,59.5
174331,Active,552665,NA,NA,D,2,1,2427580.679,60,2005,39,4,8.24
174332,Active,916556,NA,NA,D,4,1,381608.6175,52.5,2013,33,18.43,37.49
174333,Active,916516,NA,NA,S,4,1,38298.16875,64.95,2014,33,27.92,41.55
174334,Active,917301,NA,NA,D,2,1,1688071.601,52.95,2008,35,4,33.89
174335,Active,134884,NA,NA,D,3,1,792303.3925,40,2010,29,4,36.09
174336,Active,129313,NA,NA,D,3,1,287186.785,68.95,2011,36,6.58,57.11
174337,Active,134832,NA,NA,D,2,1,2696479.456,42,2007,37,4,34.48
174338,Active,607730,NA,NA,S,4,1,1634112.856,105.4,2007,36,4,30.56
174339,Active,917842,NA,NA,S,2,1,167376.9738,55,2014,40,21.71,40.99
174340,Active,848853,NA,NA,S,7,1,4513837.593,66.76,1998,23,4,11.69
174341,Active,768811,NA,NA,D,8,1,3452875.248,200.95,2004,24,4.25,6.94
174342,Active,868359,NA,NA,D,9,1,1416396.863,212.95,2007,70,3.39,9.54
174343,Active,564714,NA,NA,D,1,0,690659.425,68.95,2009,50,4,14.04
174344,Active,621892,NA,NA,S,1,0,94859.16875,252,2012,47,59.38,83.94
174345,Active,183760,NA,NA,S,4,1,235569.5738,160.95,2008,72,4,59.49
174346,Active,161596,NA,NA,D,2,1,1539895.798,134,2007,14,29.76,39.99
174347,Active,56032,NA,NA,D,4,1,469391.7438,92.4,2007,63,4,22.98
174348,Active,56033,NA,NA,D,5,1,189859.24,103.8,2010,87,8.49,80.31
174349,Active,58457,NA,NA,D,2,1,222879.225,85,2009,67,4,6.99
174350,Active,58456,NA,NA,D,0,0,948126.9,70.4,2005,46,4,6.17
174351,Active,106340,NA,NA,S,2,1,398602.6725,103,2006,34,15.49,67.76
174352,Active,830613,NA,NA,S,5,1,146602.525,62.99,2003,39,5.83,22.49
174353,Active,829753,NA,NA,S,5,1,970149.4613,54.99,2000,37,5.77,52.7
174354,Active,894183,NA,NA,D,2,1,4645974.089,90,2011,13,4,90
174355,Active,639984,NA,NA,D,2,1,660662.9663,49.95,2011,36,4,33.16
174356,Active,609788,NA,NA,S,5,1,1463059.368,65,2007,46,4,31.98
174357,Active,869688,NA,NA,S,7,1,71898.75375,65,2015,56,37.49,58.09
174358,Active,572281,NA,NA,S,2,1,1637966.685,169.95,2007,44,3.93,23.99
174359,Active,109086,NA,NA,D,4,1,2208814.465,62.5,2005,46,4,13.11
174360,Active,110374,NA,NA,D,5,1,937560.9375,11.73,2009,72,4,8.38
174361,Active,529951,NA,NA,D,2,1,495766.0275,304.95,2008,45,5.67,33.86
174362,Active,148256,NA,NA,D,1,0,2245516.689,304.95,2005,42,4.16,8.79
174363,Active,455642,NA,NA,D,1,0,297890.6775,113.95,2005,47,4.43,30.98
174364,Active,110658,NA,NA,D,14,1,700868.5138,87.25,2010,47,4,8.94
174365,Active,607030,NA,NA,D,12,1,2522050.268,13.98,2006,51,4,13.99
174366,Active,285398,NA,NA,S,10,1,599980.3663,64.6,2008,42,4.16,47.12
174367,Active,537617,NA,NA,S,15,1,103745.0825,71.25,2012,51,13.33,55.99
174368,Active,111902,NA,NA,S,10,1,60784.575,71.25,2011,23,16.14,47.98
174369,Active,607010,NA,NA,S,12,1,1094067.613,61,2008,42,4,14.98
174370,Active,309069,NA,NA,D,13,1,1726922.68,59.5,2009,45,3.99,9.95
174371,Active,529947,NA,NA,S,14,1,215965.2763,71.25,2011,35,11.78,53.88
174372,Active,246277,NA,NA,S,3,1,233970.6625,117.95,2009,45,21.31,38.98
174373,Active,638564,NA,NA,S,3,1,1109360.728,78.95,2011,39,4.01,40.05
174374,Active,608488,NA,NA,S,3,1,1719586.11,66,2004,71,4,11.99
174375,Active,650011,NA,NA,S,1,0,143915.455,44.95,2010,39,31.96,34.13
174376,Active,905408,NA,NA,S,2,1,50330.29,59.95,2015,29,30.65,37.68
174377,Active,873137,NA,NA,D,2,1,1767242.529,33.25,2008,36,5.63,25.17
174378,Active,907072,NA,NA,D,1,0,497086.6375,117.95,2009,15,14.06,33.95
174379,Active,141200,NA,NA,D,0,0,3614525.6,30.95,2000,23,4,40.63
174380,Active,663313,NA,NA,S,2,1,364838.7875,50,2013,29,27.48,28.74
174381,Active,634705,NA,NA,D,0,0,1740011.906,57,2007,33,3.43,31.98
174382,Active,635546,NA,NA,D,4,1,71779.3975,102,2013,58,7.34,87.63
174383,Active,663437,NA,NA,S,4,1,259208.755,128.8,2013,19,18.29,118.5
174384,Active,54556,NA,NA,D,3,1,171044.785,143.4,2010,160,4,15.94
174385,Active,54555,NA,NA,D,2,1,466919.9038,112.8,2007,123,4,5.99
174386,Active,169780,NA,NA,D,2,1,907739.3113,84.95,2008,58,4,7.99
174387,Active,591684,NA,NA,S,1,0,274137.1138,52.95,2009,35,26.38,34.24
174388,Active,619354,NA,NA,S,2,1,671069.92,57.2,2010,43,4,18.98
174389,Active,620862,NA,NA,S,2,1,246054.71,49.5,2005,23,28.99,39.54
174390,Active,539841,NA,NA,S,3,1,12273.92125,11.95,2013,88,5.96,7.49
174391,Active,177978,NA,NA,D,1,0,548163.7988,48.95,2005,41,3.99,7.98
174392,Active,912879,NA,NA,S,0,0,2973159.579,115,2012,22,13.88,93.33
174393,Active,158279,NA,NA,D,1,0,790898.8,42.95,2008,45,4,29.53
174394,Active,612980,NA,NA,D,4,1,314098.2975,89.95,2008,108,4,13.81
174395,Active,609985,NA,NA,S,6,1,12726.41875,112.95,2014,65,36.99,43.99
174396,Active,529941,NA,NA,S,2,1,33139.6175,39.95,2008,39,22.32,27.97
174397,Active,722873,NA,NA,S,2,1,32781.34375,24.95,2007,82,8.32,0
174398,Active,609940,NA,NA,S,11,1,64928.80875,89.95,2014,60,40.98,58.31
174399,Active,2170119,NA,NA,S,6,1,138632.6125,73,2014,19,41.99,45.34
174400,Active,546391,NA,NA,S,2,1,1138672.914,54.99,2008,16,27.89,57.99
174401,Active,615743,NA,NA,D,1,0,390386.9713,165.2,2012,113,4.31,33.93
174402,Active,862072,NA,NA,D,2,1,35116.9875,167,2014,65,31.37,39.95
174403,Active,121566,NA,NA,S,1,0,657959.1163,144,2010,47,4.58,19.19
174404,Active,633709,NA,NA,S,1,0,113523.175,70.8,2013,24,37,55.22
174405,Active,610447,NA,NA,S,1,0,85544.575,150,2013,44,19.84,46.18
174406,Active,633711,NA,NA,S,1,0,74117.975,106.8,2013,39,11.44,68.89
174407,Active,120289,NA,NA,S,0,0,1445771.931,59.4,2007,82,3.99,6.56
174408,Active,620505,NA,NA,S,1,0,26755.675,70.8,2013,24,33.92,58.32
174409,Active,633710,NA,NA,S,1,0,13892.7,150,2013,35,59.24,83.49
174410,Active,630482,NA,NA,S,1,0,61623.075,106.8,2013,39,22.94,53.99
174411,Active,622209,NA,NA,S,1,0,56059.4,195.2,2013,27,53.53,82.97
174412,Active,646859,NA,NA,S,1,0,535550.6775,130,2013,69,5.7,0
174413,Active,53887,NA,NA,S,3,1,658853.6163,195.2,2009,168,4,6.77
174414,Active,53885,NA,NA,S,3,1,479618.2575,132.67,2007,127,5.1,6.49
174415,Active,120184,NA,NA,S,1,0,1112478.014,101.2,2010,57,4,9.95
174416,Active,1452926,NA,NA,S,1,0,25616.9,70.8,2013,21,27.71,59.65
174417,Active,639642,NA,NA,S,1,0,94591.7,150,2013,67,17.44,71.28
174418,Active,539300,NA,NA,S,2,1,287736.9163,195.8,2012,170,4.4,17.43
174419,Active,118973,NA,NA,S,1,0,500097.6775,187.4,2010,250,4,8.98
174420,Active,1455181,NA,NA,S,1,0,46970.95,188.8,2013,29,68.44,166.98
174421,Active,616444,NA,NA,S,1,0,3399.86625,193.8,2013,221,13.96,0
174422,Active,632016,NA,NA,S,1,0,802211.0813,106.8,2013,52,4.77,27.71
174423,Active,529938,NA,NA,S,1,0,832670.3688,151.6,2010,123,4,25.99
174424,Active,924341,NA,NA,D,1,0,397403.335,144.99,1994,32,43.25,103.99
174425,Active,895598,NA,NA,S,3,1,1303245.52,41.12,2004,21,6.21,42.74
174426,Active,2504081,NA,NA,S,1,0,184197.7438,47.94,1978,39,4.12,48.94
174427,Active,541346,NA,NA,S,2,1,533742.5963,39.95,2010,37,6.32,34.58
174428,Active,2154812,NA,NA,S,2,1,543181.235,63,2009,32,8.8,29.1
174429,Active,613045,NA,NA,S,2,1,745375.2038,16.72,2007,81,4,6.06
174430,Active,560100,NA,NA,S,3,1,20948.80875,72.25,2011,87,5.26,23.99
174431,Active,432366,NA,NA,D,2,1,758425.2113,4.25,2007,75,4,11.93
174432,Active,734275,NA,NA,D,0,0,1920253.916,8.99,2004,63,4,8.77
174433,Active,544096,NA,NA,S,5,1,92543.4525,20.95,2013,29,15.63,15.44
174434,Active,228634,NA,NA,D,7,1,3171094.385,75,2003,23,27.04,112.09
174435,Active,617643,NA,NA,S,16,1,922618.0388,100,2010,44,5.47,12.97
174436,Active,211767,NA,NA,S,2,1,114947.5988,24.95,2006,50,8.03,17.99
174437,Active,631911,NA,NA,S,0,0,224081.7588,38.95,1996,27,25.2,31.25
174438,Active,529932,NA,NA,D,9,1,715218.8463,304,2010,29,40.36,88.55
174439,Active,106114,NA,NA,D,8,1,970086.9138,259,2006,22,18.24,48.97
174440,Active,293156,NA,NA,S,22,1,1791693.905,135,2003,34,4.9,32.99
174441,Active,532091,NA,NA,S,24,1,487135.4913,189,2011,31,29.82,65.99
174442,Active,640709,NA,NA,S,21,1,3207624.798,129,1999,28,4.98,30.58
174443,Active,529930,NA,NA,S,0,0,1068194.428,251.25,2005,19,4.23,17.61
174444,Active,643151,NA,NA,S,2,1,2012455.676,54.95,2008,34,7.93,12.49
174445,Active,913237,NA,NA,D,1,0,831953.935,85,1996,43,10.58,37.69
174446,Active,762048,NA,NA,S,3,1,451826.2763,21.99,2006,121,4,9.1
174447,Active,60431,NA,NA,D,3,1,662946.1,89.4,2002,33,9.41,47.85
174448,Active,533965,NA,NA,D,4,1,266491.5575,130.6,2006,64,13.16,44.97
174449,Active,628814,NA,NA,D,4,1,493188.3775,148.4,2007,32,11.96,56.55
174450,Active,617933,NA,NA,S,2,1,64826.46375,49.95,2012,52,26.04,45.35
174451,Active,860790,NA,NA,S,1,0,67509.6,80,2012,32,46.61,57.54
174452,Active,55467,NA,NA,D,2,1,114949.1913,219.25,2009,87,6.42,32.99
174453,Active,687366,NA,NA,S,2,1,80271.475,31.95,2012,22,23.94,28.75
174454,Active,555858,NA,NA,D,4,1,1841837.735,67.95,2008,32,4,13.89
174455,Active,724785,NA,NA,D,3,1,1914955.983,52.95,2004,22,4,51.17
174456,Active,864659,NA,NA,S,6,1,38219.08375,86.2,2014,37,33.99,79.63
174457,Active,612301,NA,NA,S,6,1,21806.6875,120.8,2014,49,28.79,86.43
174458,Active,652257,NA,NA,S,1,0,68391.23375,121.2,2013,39,44.61,95.86
174459,Active,55231,NA,NA,D,4,1,944315.82,78.67,2008,84,4,20.94
174460,Active,55230,NA,NA,D,5,1,91891.045,103.4,2011,111,4,34.99
174461,Active,873515,NA,NA,D,3,1,2149577.259,57,2007,28,4.97,42.48
174462,Active,873405,NA,NA,D,2,1,947010.975,43.95,2003,40,4,43.27
174463,Active,145507,NA,NA,D,1,0,1891174.131,94.4,2007,34,4,29.92
174464,Active,130564,NA,NA,D,2,1,696626.9875,104.4,2011,56,4,51.33
174465,Active,1741440,NA,NA,S,3,1,317239.455,74.25,2011,14,38.99,151.45
174466,Active,1595528,NA,NA,S,22,1,199265.0413,45,2010,28,35.33,102.74
174467,Active,863088,NA,NA,S,20,1,251710.8338,35.95,2003,44,4.13,62.09
174468,Active,146291,NA,NA,S,22,1,11380.8275,62.6,2009,159,10.43,24.37
174469,Active,620302,NA,NA,D,1,0,891472.8625,63,2007,48,4,10.35
174470,Active,529925,NA,NA,S,3,1,395634.0888,34.99,2009,47,4,7.98
174471,Active,1696038,NA,NA,S,0,0,72264.65,60,2014,3,39.86,39.64
174472,Active,614368,NA,NA,S,5,1,13670.30875,39.99,1992,93,10.05,12.61
174473,Active,1856304,NA,NA,D,0,0,2481519.201,47.99,2009,11,17.56,79.01
174474,Active,125883,NA,NA,S,1,0,324885.8538,99,1998,129,7.64,25.99
174475,Active,2387235,NA,NA,D,0,0,1014490.336,0,1996,32,4,63.35
174476,Active,552616,NA,NA,S,1,0,117973.8675,56,2003,28,25.96,43.98
174477,Active,2648479,NA,NA,S,1,0,897213.2013,51.95,1998,23,18.99,35.16
174478,Active,724506,NA,NA,S,1,0,732547.3238,29.95,2009,43,4,22.99
174479,Active,54499,NA,NA,D,4,1,55571.1125,93.95,2010,166,7.82,11.49
174480,Active,54497,NA,NA,D,3,1,391727.9963,79.95,2006,132,4,14.49
174481,Active,276652,NA,NA,D,2,1,156138.96,49,2008,52,4.85,18.99
174482,Active,276628,NA,NA,D,0,0,1646975.539,19.89,2004,29,4,16.49
174483,Active,863731,NA,NA,D,3,1,2046538.573,46,2009,20,4.2,13.81
174484,Active,916542,NA,NA,D,2,1,3732600.173,45,2005,35,4.37,22.37
174485,Active,166612,NA,NA,S,1,0,19092.7,82,2004,36,33.97,41.79
174486,Active,1777349,NA,NA,S,1,0,59575.925,49.95,2011,19,27.09,31.03
174487,Active,915099,NA,NA,D,1,0,2639151.959,13.99,2003,28,3.73,13.99
174488,Active,617400,NA,NA,S,2,1,118662.4538,95.5,2007,53,18.54,39.98
174489,Active,154014,NA,NA,S,2,1,1276865.039,10.99,2009,57,4,9.15
174490,Active,536320,NA,NA,S,4,1,57108.1925,15.97,2013,49,5.67,10.99
174491,Active,153806,NA,NA,S,3,1,193332.4988,8.49,2011,94,4,5.99
174492,Active,903709,NA,NA,S,5,1,21003.22,41.75,2015,29,23.14,28.87
174493,Active,619444,NA,NA,S,2,1,114179.0263,49,2003,66,6.02,33.97
174494,Active,246582,NA,NA,S,4,1,757592.4538,52.95,2008,39,4,35.48
174495,Active,545815,NA,NA,D,4,1,76016.7375,112,2013,96,5.01,26.53
174496,Active,270690,NA,NA,D,3,1,524603.8163,109,2010,117,4,31.9
174497,Active,229138,NA,NA,D,2,1,1278490.671,88.95,2007,75,4,8.52
174498,Active,864540,NA,NA,S,0,0,61901.25,96,2014,15,53.19,71.04
174499,Active,633732,NA,NA,D,1,0,58769.53125,46.43,2013,107,8.4,28.31
174500,Active,128107,NA,NA,S,1,0,359457.5063,61,2000,58,4.36,45.42
174501,Active,508898,NA,NA,D,3,1,1897748.335,32.95,2001,27,4,15.24
174502,Active,534522,NA,NA,S,3,1,83951.5925,73,2012,45,28.97,52.99
174503,Active,279135,NA,NA,D,2,1,1231398.666,42.95,2005,38,4,24.26
174504,Active,52442,NA,NA,D,4,1,1182592.301,14.98,2007,60,4,14.98
174505,Active,52440,NA,NA,D,5,1,109016.5213,43.98,2012,44,17.97,55
174506,Active,533670,NA,NA,D,6,1,16724.345,297.25,2013,95,5.21,56.98
174507,Active,52443,NA,NA,S,3,1,2201842.593,33.99,2004,46,4,32.29
174508,Active,644417,NA,NA,S,7,1,663370.6525,50,2013,30,12.64,33.85
174509,Active,133262,NA,NA,D,7,1,679953.3788,131.47,2010,31,4.99,42.97
174510,Active,540141,NA,NA,D,8,1,186174.5213,126.2,2012,75,5.44,52.58
174511,Active,120951,NA,NA,S,6,1,1827629.785,94.6,2007,21,8.03,33.99
174512,Active,285395,NA,NA,S,8,1,1190226.503,81.83,2010,41,4,47.95
174513,Active,2618287,NA,NA,D,2,1,2373902.379,32.95,1991,25,4,13.86
174514,Active,1483128,NA,NA,S,25,1,1190697.5,147.33,2012,18,34.71,48.98
174515,Active,53428,NA,NA,D,8,1,643833.0025,113,2008,67,4,57.09
174516,Active,53426,NA,NA,D,7,1,1654152.37,101.2,2007,53,4,11.89
174517,Active,117588,NA,NA,S,5,1,1717203.656,69.33,2003,51,4,9.97
174518,Active,133453,NA,NA,S,24,1,141604.6838,171.8,2010,37,18.05,94.61
174519,Active,133452,NA,NA,D,24,1,269664.1988,205.6,2010,37,4.01,73.31
174520,Active,51624,NA,NA,D,22,1,436933.765,140.2,2007,43,4,4
174521,Active,861755,NA,NA,S,4,1,172262.0363,65,2013,22,31.08,48.98
174522,Active,3606026,NA,NA,D,0,0,3440163.15,39.9,1995,32,4.35,12.98
174523,Active,56026,NA,NA,D,13,1,342451.8863,140.2,2007,65,7.42,93.07
174524,Active,60433,NA,NA,D,12,1,244271.3288,123.2,2005,38,6.25,58.03
174525,Active,649695,NA,NA,S,16,1,264934.4738,168.73,2012,26,33.29,602.99
174526,Active,133431,NA,NA,S,11,1,175190.5525,139.2,2010,43,6.39,602.84
174527,Active,56023,NA,NA,S,10,1,341085.7613,117.6,2008,57,4,32.32
174528,Active,133383,NA,NA,S,11,1,70011.81125,139.2,2011,98,6.14,26.94
174529,Active,56027,NA,NA,S,9,1,316260.355,97.2,2007,44,4,22.22
174530,Active,540095,NA,NA,S,16,1,20242.83375,161.4,2012,67,31.73,73.89
174531,Active,1455577,NA,NA,S,16,1,78960.2275,126.33,2015,27,63.99,98.26
174532,Active,619365,NA,NA,D,14,1,293373.765,99.79,2009,33,20.64,0
174533,Active,116294,NA,NA,S,13,1,192156.98,106.63,2007,49,18.97,43.48
174534,Active,550464,NA,NA,S,1,0,227095.1588,249.5,2012,73,9.86,13.99
174535,Active,529919,NA,NA,S,2,1,184667.6125,39.95,2009,74,16.98,24.83
174536,Active,119110,NA,NA,D,9,1,465475.005,227.8,2010,42,22.11,53.34
174537,Active,607187,NA,NA,S,7,1,3584681.848,138.4,2002,25,4.76,19.77
174538,Active,120627,NA,NA,D,9,1,856089.5088,206.67,2008,56,6.94,32.99
174539,Active,60434,NA,NA,D,8,1,1313137.444,189.33,2005,45,4.93,49.97
174540,Active,3578022,NA,NA,D,1,0,4095808.4,55.95,1999,12,5.72,92.3
174541,Active,867479,NA,NA,D,6,1,97614.17375,69.95,2013,111,4.74,18.99
174542,Active,544553,NA,NA,D,5,1,128177.18,69.95,2013,129,4,21.3
174543,Active,254175,NA,NA,S,2,1,1187217.093,69.95,2010,59,3.84,73.99
174544,Active,244209,NA,NA,D,4,1,547488.725,69.95,2012,109,4,22.95
174545,Active,351913,NA,NA,S,4,1,2964081.579,180,2008,15,17.29,108.19
174546,Active,633347,NA,NA,D,3,1,617618.965,109.95,2008,24,17.54,0
174547,Active,2460490,NA,NA,S,1,0,208032.8025,17,2005,117,4,8.26
174548,Active,3557848,NA,NA,S,10,1,4306536.85,208,1999,16,18.75,135.15
174549,Active,2651651,NA,NA,D,2,1,1368617.193,84.05,1978,24,4,77.5
174550,Active,2653358,NA,NA,S,3,1,185056.8875,156.95,1991,36,18.85,80.44
174551,Active,772013,NA,NA,S,4,1,277923.39,141.95,2005,47,5.74,55.95
174552,Active,862609,NA,NA,S,3,1,841483.5463,138.95,1995,43,4,18.99
174553,Active,608843,NA,NA,S,5,1,379899.4663,139.95,1995,40,10.13,82.31
174554,Active,608838,NA,NA,S,4,1,1523778.135,33.56,1991,23,4,33.94
174555,Active,630673,NA,NA,S,2,1,1018648.635,46.2,2008,20,4.98,43.15
174556,Active,546744,NA,NA,S,4,1,30063.8575,21.99,2012,51,12.36,14.87
174557,Active,899105,NA,NA,S,49,1,1669135.141,54.95,2014,27,3.91,34.57
174558,Active,861394,NA,NA,S,48,1,2053543.678,54.95,2013,27,4,7.98
174559,Active,905469,NA,NA,S,49,1,1358844.739,54.95,2014,28,4,34.81
174560,Active,1679856,NA,NA,S,49,1,1720945.493,54.95,2014,29,4,29.74
174561,Active,641502,NA,NA,S,0,0,37955.65,59.95,2009,33,33.88,41.99
174562,Active,863884,NA,NA,S,2,1,553130.56,39.95,2010,67,4,7.49
174563,Active,297851,NA,NA,S,1,0,1331154.939,28.99,2008,55,4,12.52
174564,Active,1485022,NA,NA,S,2,1,67044.2,34,2010,29,25.44,25.97
174565,Active,1703600,NA,NA,S,2,1,45076.35,37.5,2009,23,13.67,25.15
174566,Active,2095776,NA,NA,S,2,1,672136.56,49.99,2014,28,25.46,29.45
174567,Active,620800,NA,NA,D,1,0,1118519.939,44.99,2009,40,4,0
174568,Active,863065,NA,NA,S,2,1,73318.1575,152.95,2002,46,8.48,0
174569,Active,863064,NA,NA,S,2,1,434099.5863,168.95,2006,20,28.34,95.77
174570,Active,108034,NA,NA,D,2,1,1003429.114,97,2003,29,4,17.1
174571,Active,704816,NA,NA,D,1,0,3245692.921,65.62,1998,22,4,27.99
174572,Active,619829,NA,NA,S,2,1,40517.395,65.95,2007,55,16.15,51.96
174573,Active,913358,NA,NA,D,2,1,1620745.551,97.95,1993,36,4,38.95
174574,Active,2398378,NA,NA,D,1,0,2436361.901,31.3,1978,28,4.76,73.33
174575,Active,301297,NA,NA,S,0,0,261620.3475,43.95,2005,25,9.63,31.39
174576,Active,2170905,NA,NA,S,3,1,49495.9325,52.95,2013,19,24.13,24.6
174577,Active,616711,NA,NA,S,0,0,693528.7588,49.95,2004,33,6.28,35.17
174578,Active,603566,NA,NA,S,0,0,104591.71,51.95,2003,37,7.72,35.18
174579,Active,1582880,NA,NA,S,0,0,15578.725,49.75,2011,33,10.99,33
174580,Active,1582882,NA,NA,S,0,0,10230.075,49.75,2012,38,18.57,22.3
174581,Active,1582884,NA,NA,S,0,0,33015.2,49.75,2012,45,20.33,23.98
174582,Active,1827065,NA,NA,S,1,0,85482.1,55.95,2014,10,49.08,47.67
174583,Active,297996,NA,NA,S,2,1,213614.0525,145.95,2005,52,7.6,73.11
174584,Active,652014,NA,NA,S,2,1,120610.0313,54.95,2006,28,47.78,52.07
174585,Active,802402,NA,NA,S,4,1,253018.72,74.95,2007,39,8.23,23.98
174586,Active,614950,NA,NA,S,4,1,140855.6988,74.95,2006,38,7.85,28.3
174587,Active,637236,NA,NA,S,4,1,168523.54,59.95,2007,39,4.33,16.47
174588,Active,613660,NA,NA,S,4,1,274871.6713,74.95,2007,69,4.85,23.98
174589,Active,615451,NA,NA,S,3,1,1565637.66,47.95,2000,40,4,9.96
174590,Active,622019,NA,NA,S,4,1,58441.275,74.95,2007,51,5.59,28.42
174591,Active,1589421,NA,NA,S,2,1,29337.77875,36.25,2010,45,21.94,22.22
174592,Active,552796,NA,NA,S,2,1,72325.57,45.32,2012,27,15.99,25
174593,Active,552797,NA,NA,S,2,1,57738.98,45.32,2012,20,23.99,26
174594,Active,552798,NA,NA,S,2,1,85600.035,45.32,2012,17,33.87,37.8
174595,Active,865079,NA,NA,S,2,1,461851.8263,55.13,2009,39,7.9,38.98
174596,Active,110930,NA,NA,S,2,1,90861.5,55.13,2009,28,18.89,44.98
174597,Active,875298,NA,NA,D,4,1,395739.3188,17.25,2006,45,7.47,25.37
174598,Active,248338,NA,NA,D,4,1,454090.475,49.95,2005,44,4,16.99
174599,Active,224369,NA,NA,S,3,1,999679.1238,37.95,2000,57,4.31,28.94
174600,Active,248341,NA,NA,D,4,1,791523.15,49.95,2005,67,4,10.3
174601,Active,641459,NA,NA,D,5,1,483022.5825,37.95,2010,21,14.95,0
174602,Active,633249,NA,NA,D,5,1,75642.13125,60.95,2010,38,19.98,29.99
174603,Active,248324,NA,NA,D,4,1,940072.8363,49.95,2006,27,4.74,17.77
174604,Active,802254,NA,NA,D,4,1,788130.5788,49.95,2005,46,4,23.58
174605,Active,251229,NA,NA,D,5,1,60720.0125,60.95,2009,67,17.99,36.94
174606,Active,666563,NA,NA,S,5,1,1526705.989,73.95,2009,8,16.88,48.89
174607,Active,859878,NA,NA,S,5,1,1204742.514,37.95,2009,20,8.47,37.94
174608,Active,859879,NA,NA,S,3,1,9302.275,35.75,2009,27,21.16,21.17
174609,Active,529904,NA,NA,S,3,1,210157.445,43.25,2009,29,15.23,26.37
174610,Active,770858,NA,NA,S,2,1,784372.2825,61.95,2004,25,12.77,29.98
174611,Active,863197,NA,NA,S,2,1,574812.1488,61.95,2004,48,4.77,32.82
174612,Active,3066812,NA,NA,D,0,0,2353010.909,49.95,2005,19,25.97,97.78
174613,Active,287737,NA,NA,S,2,1,281450.7,22.95,2009,35,4,18.88
174614,Active,1590116,NA,NA,S,2,1,251983.2413,47.75,2009,45,11.34,24.78
174615,Active,647018,NA,NA,S,0,0,91804.635,61.88,2012,51,6.96,0
174616,Active,873561,NA,NA,D,0,0,1548948.676,26.95,2004,52,4,7.94
174617,Active,872877,NA,NA,D,0,0,2219210.698,26.19,2005,23,4.23,57.4
174618,Active,617932,NA,NA,S,2,1,58509.2425,61.88,2012,64,10.53,22.52
174619,Active,625634,NA,NA,S,2,1,56593.6875,61.88,2012,63,4.99,0
174620,Active,619316,NA,NA,S,2,1,33058.965,61.88,2012,40,15.99,0
174621,Active,767601,NA,NA,D,3,1,524053.435,81.95,2009,36,4,8.99
174622,Active,633847,NA,NA,D,4,1,281958.45,73.95,2012,29,10.98,64.33
174623,Active,772574,NA,NA,D,2,1,2650124.073,85.95,2006,27,4,18.99
174624,Active,635658,NA,NA,S,1,0,54642.425,45,2012,27,23.99,31.87
174625,Active,529902,NA,NA,S,4,1,92831.29625,49.95,2008,25,19.19,31.47
174626,Active,2404805,NA,NA,D,0,0,1282099.564,47.95,1990,23,12.59,33.98
174627,Active,2397548,NA,NA,S,3,1,416307.8838,76.95,1996,47,7.86,27.39
174628,Active,647029,NA,NA,S,1,0,148776.0938,78.4,2012,37,39.73,49.98
174629,Active,51702,NA,NA,D,11,1,512794.72,74.95,2004,58,6.35,20.91
174630,Active,546781,NA,NA,S,15,1,14989.885,63.99,2012,83,24.33,69.62
174631,Active,3598830,NA,NA,D,1,0,1421773.1,92.95,1998,28,10.8,60.27
174632,Active,641486,NA,NA,S,4,1,275984.4038,69.95,2010,37,48.44,0
174633,Active,238336,NA,NA,S,13,1,98532.26,39.99,2010,78,5.09,9.97
174634,Active,652325,NA,NA,S,14,1,7569.695,39.99,2013,30,17.6,19.8
174635,Active,238335,NA,NA,S,12,1,416912.4763,35,2007,110,4,6.24
174636,Active,202269,NA,NA,S,4,1,109823.2538,215.95,2003,91,5.04,60.03
174637,Active,691722,NA,NA,S,3,1,1666971.658,74.95,1997,31,4,10.94
174638,Active,176618,NA,NA,D,4,1,761979.1763,139.95,2002,36,4,11.83
174639,Active,169144,NA,NA,D,5,1,372059.1913,219.95,2006,49,4,43.69
174640,Active,260401,NA,NA,S,0,0,294065.98,55,2008,25,27.7,0
174641,Active,625638,NA,NA,S,2,1,21086.28375,65,2012,48,26.46,43.99
174642,Active,559375,NA,NA,D,0,0,117126.7963,65,2007,52,12.13,32.99
174643,Active,120681,NA,NA,S,1,0,357211.0638,79,2009,38,40.49,83.98
174644,Active,118880,NA,NA,D,1,0,622005.8688,95.4,2008,47,11.86,44.87
174645,Active,566761,NA,NA,D,3,1,808546.0263,45,2004,58,4,6.99
174646,Active,385350,NA,NA,D,3,1,241320.2738,189.95,2005,120,4,13.69
174647,Active,169882,NA,NA,D,4,1,150535.5525,193.95,2010,67,9.16,31.58
174648,Active,567770,NA,NA,D,4,1,337954.9738,175.95,2010,31,6.98,58.21
174649,Active,1575437,NA,NA,D,0,0,3798862.226,36.86,2012,5,25.52,30.02
174650,Active,1575418,NA,NA,S,1,0,124928.0338,61.25,2012,21,41.6,54.68
174651,Active,609627,NA,NA,D,3,1,2455170.956,87.95,2008,34,4,15.99
174652,Active,297859,NA,NA,D,5,1,285307.5725,128.95,2010,50,5.96,32.79
174653,Active,535433,NA,NA,D,6,1,321299.2588,128.95,2012,56,9.9,10.65
174654,Active,615477,NA,NA,D,2,1,642282.88,45,2008,68,4,8.74
174655,Active,761016,NA,NA,D,1,0,1976110.804,35,2005,43,4,9.67
174656,Active,165067,NA,NA,S,3,1,285520.2488,75,2000,49,10.62,40.11
174657,Active,607931,NA,NA,D,4,1,1204068.058,187.33,2006,60,4.94,23.33
174658,Active,51805,NA,NA,D,4,1,503217.07,168.67,2006,88,4,16.98
174659,Active,51806,NA,NA,D,5,1,441196.075,216.4,2010,111,4.49,40.93
174660,Active,551936,NA,NA,S,3,1,105067.5488,113.47,2001,135,4.72,26.99
174661,Active,710214,NA,NA,S,5,1,2759577.865,83,1999,32,4,24.46
174662,Active,113561,NA,NA,S,6,1,326673.2838,147,2002,27,4,45.07
174663,Active,635332,NA,NA,D,1,0,827641.49,70,2004,33,9.94,57.76
174664,Active,621148,NA,NA,S,2,1,655651.0963,89,2010,39,21.67,64.55
174665,Active,116779,NA,NA,S,2,1,366106.6675,114.2,2004,27,7.99,73.03
174666,Active,529898,NA,NA,S,4,1,1302744.941,25.6,2008,62,4,4.95
174667,Active,894563,NA,NA,D,2,1,4356894.581,79.95,2004,12,30.4,32.94
174668,Active,896198,NA,NA,D,0,0,5241963.698,84.95,2003,21,9.75,73.24
174669,Active,547316,NA,NA,S,4,1,1805909.53,89.95,2012,21,47.99,53.21
174670,Active,2525249,NA,NA,D,0,0,3822333.855,99,1981,22,20.06,76.63
174671,Active,616024,NA,NA,S,3,1,5317.25125,42.99,2012,93,10.65,11.93
174672,Active,205870,NA,NA,S,2,1,307339.9738,38,2004,38,11.55,30.1
174673,Active,864120,NA,NA,D,10,1,82279.635,153.95,2011,85,5.67,23.46
174674,Active,608794,NA,NA,D,9,1,245925.7863,168.95,2007,76,4,53.32
174675,Active,608777,NA,NA,D,8,1,1316987.699,181.95,2005,53,4,17.98
174676,Active,2507756,NA,NA,D,1,0,4405736.498,72.73,1976,26,6.39,51.05
174677,Active,863735,NA,NA,S,2,1,192001.88,49.99,2009,37,21.14,29.99
174678,Active,529896,NA,NA,D,3,1,665915.8925,60,2011,37,7.99,42.56
174679,Active,701351,NA,NA,D,2,1,993852.115,49.99,2007,25,6.39,17.98
174680,Active,864530,NA,NA,S,4,1,42273.4275,60,2015,24,29.63,33.97
174681,Active,159491,NA,NA,D,39,1,1225395.789,190,2005,22,25.43,103.99
174682,Active,159455,NA,NA,D,40,1,608352.3325,249,2008,38,67.81,128.99
174683,Active,876677,NA,NA,D,2,1,825555.775,29.79,2009,20,14.42,15.16
174684,Active,529895,NA,NA,D,2,1,71750.0975,94.95,2009,87,12.97,49.48
174685,Active,863723,NA,NA,S,2,1,829121.435,39.95,2009,48,12.94,24.98
174686,Active,159442,NA,NA,D,1,0,407049.7438,81.95,2004,131,4.49,33.98
174687,Active,864918,NA,NA,S,2,1,22020.44875,44.99,2015,17,32.44,32.48
174688,Active,621142,NA,NA,S,1,0,266839.5475,42.95,2009,47,10.44,21.98
174689,Active,289954,NA,NA,D,1,0,588848.13,82.95,2007,43,8.28,54
174690,Active,595088,NA,NA,S,0,0,81799.45,69.95,2012,30,27.68,47.46
174691,Active,629830,NA,NA,S,1,0,75594.575,69.95,2012,20,28.11,43.93
174692,Active,444573,NA,NA,D,0,0,2294325.318,44.95,2004,29,4,0
174693,Active,159472,NA,NA,S,2,1,604059.775,55.95,2006,33,21.84,0
174694,Active,2103026,NA,NA,D,0,0,387783.4375,79.99,2015,17,35.99,38.3
174695,Active,546819,NA,NA,S,0,0,184038.8338,19.99,2013,66,4,0
174696,Active,921391,NA,NA,D,0,0,417625.8325,24.95,1993,77,4,23.7
174697,Active,610448,NA,NA,D,6,1,45703.7225,95.95,2010,72,11.3,38.99
174698,Active,621948,NA,NA,D,6,1,548161.1225,72.95,2010,35,5.97,28.41
174699,Active,643846,NA,NA,D,6,1,519914.16,72.95,2010,32,5.77,23.98
174700,Active,550017,NA,NA,S,3,1,751040.1325,29.05,2004,51,4,27.05
174701,Active,886222,NA,NA,S,0,0,780789.7625,14.43,2012,60,17.19,9.98
174702,Active,2760067,NA,NA,D,0,0,1822719.57,25,2000,26,8.98,10.99
174703,Active,670464,NA,NA,S,2,1,83082.2,75,2015,16,42.99,58.99
174704,Active,658470,NA,NA,S,1,0,33463.95,55,2010,16,30.13,35.14
174705,Active,3212489,NA,NA,S,0,0,396.70625,47.93,2004,0,0,33.44
174706,Active,127385,NA,NA,S,1,0,53151.75,98.95,2011,24,27.33,78.99
174707,Active,124055,NA,NA,S,6,1,183087.5025,279.95,1999,73,13.09,24.69
174708,Active,2323679,NA,NA,S,4,1,1012226.028,129.06,1969,39,4.27,58.04
174709,Active,2316825,NA,NA,S,5,1,546121.2613,68.5,1991,40,4.97,39.43
174710,Active,619530,NA,NA,S,1,0,405138.085,76.04,1991,35,4.18,50.63
174711,Active,212927,NA,NA,D,1,0,410031.9288,49.95,2001,36,7.4,34.69
174712,Active,722965,NA,NA,S,1,0,231589.0288,50,2011,48,8.99,30
174713,Active,1958962,NA,NA,S,2,1,938748.0313,99.95,2012,32,8.91,31.57
174714,Active,2655132,NA,NA,S,3,1,584908.6088,83.2,1998,28,4.36,49.11
174715,Active,619070,NA,NA,S,0,0,205616.1338,48.95,1995,43,18.84,27.89
174716,Active,877738,NA,NA,D,0,0,349174.3963,99.81,2005,35,6.51,74.62
174717,Active,54862,NA,NA,D,11,1,166352.9313,105.95,2004,58,4,58.77
174718,Active,177567,NA,NA,D,10,1,440196.0175,75.95,2001,68,4,29.18
174719,Active,697637,NA,NA,S,2,1,2298663.223,49.75,1997,25,4,65.71
174720,Active,612614,NA,NA,S,4,1,27797.19875,52.95,2013,33,12.04,31.87
174721,Active,387172,NA,NA,D,3,1,267503.7663,51.95,2009,114,4.98,13.69
174722,Active,612334,NA,NA,S,4,1,15570.31875,52.95,2013,50,22.99,31.94
174723,Active,571978,NA,NA,D,2,1,1233828.145,47.95,2003,51,4,7.99
174724,Active,182783,NA,NA,D,1,0,1320853.219,47.95,2006,42,4,14.94
174725,Active,858358,NA,NA,S,3,1,23909.05125,52.95,2014,34,31.18,33.97
174726,Active,251208,NA,NA,D,2,1,100139.5775,52.95,2010,111,4,15.98
174727,Active,612753,NA,NA,S,4,1,6939.69875,52.95,2013,50,30.73,36.93
174728,Active,863093,NA,NA,S,2,1,301892.5688,47.95,2003,58,4,7.98
174729,Active,251204,NA,NA,D,3,1,249748.4938,52.95,2009,90,5.52,10.49
174730,Active,867468,NA,NA,S,3,1,33262.05875,52.95,2014,25,29.54,44.99
174731,Active,618973,NA,NA,D,2,1,174188.6388,51.95,2009,69,4.21,14.49
174732,Active,549817,NA,NA,S,3,1,229057.25,64.97,2001,55,4,43.94
174733,Active,529885,NA,NA,S,2,1,459889.4988,48.95,2009,27,20.93,41.35
174734,Active,289667,NA,NA,D,0,0,1213049.385,46.95,1996,21,4.97,38.97
174735,Active,848185,NA,NA,S,2,1,1526953.03,66,1997,44,4,23.98
174736,Active,115517,NA,NA,D,3,1,997647.2088,80,2002,37,4,23.99
174737,Active,118876,NA,NA,D,4,1,159373.19,108.67,2007,48,9.58,61.57
174738,Active,534078,NA,NA,D,3,1,532710.5888,96.2,2004,46,4,28.94
174739,Active,336383,NA,NA,D,1,0,814151.475,51.95,2003,17,27.98,51.95
174740,Active,616999,NA,NA,S,2,1,37131.6975,55,1992,43,18.52,39.72
174741,Active,534407,NA,NA,S,0,0,20197.86,52.99,1997,88,23.98,28.94
174742,Active,2176297,NA,NA,D,0,0,766516.3375,49.99,2011,22,11.92,49.99
174743,Active,2098998,NA,NA,S,5,1,61392.325,59.95,2015,10,45.88,41.98
174744,Active,915146,NA,NA,D,2,1,1639296.808,26.95,1997,27,4.16,10.74
174745,Active,550068,NA,NA,S,4,1,552259.7013,67.4,2004,14,49.46,90.97
174746,Active,175122,NA,NA,S,1,0,915669.7275,39.99,2008,22,20.93,29.97
174747,Active,622860,NA,NA,S,5,1,323609.0238,131.95,1996,46,4,52.21
174748,Active,617754,NA,NA,D,1,0,385784.7963,65,1935,43,16.4,47.48
174749,Active,639539,NA,NA,S,27,1,318993.9188,59.99,1994,22,28.49,102.63
174750,Active,897277,NA,NA,S,3,1,422349.2763,39.95,2014,32,20.42,27.98
174751,Active,901680,NA,NA,D,2,1,4629936.069,110,2003,18,6.38,72.81
174752,Active,541324,NA,NA,S,3,1,1348620.45,64.95,2008,54,4.98,44.98
174753,Active,114848,NA,NA,S,1,0,502808.3663,90,2001,40,31.38,67.24
174754,Active,897515,NA,NA,D,0,0,2421459.619,55,2010,14,10.35,25.4
174755,Active,721046,NA,NA,S,0,0,548357.6788,50,2003,37,6.22,26.36
174756,Active,610166,NA,NA,D,4,1,271598.1925,45,2010,85,4,9.95
174757,Active,157426,NA,NA,S,4,1,1069808.825,47.95,2007,42,7.92,30.88
174758,Active,196725,NA,NA,D,1,0,305008.605,74.95,2006,37,6.89,70.33
174759,Active,608302,NA,NA,D,3,1,1835439.646,132,1999,24,8.74,53.91
174760,Active,788925,NA,NA,D,3,1,3547554.875,149,2001,18,5.79,27.67
174761,Active,113644,NA,NA,D,6,1,346019.3213,171,2002,42,15.68,100.99
174762,Active,874086,NA,NA,S,4,1,819524.2663,85,1991,28,4.02,39.98
174763,Active,315734,NA,NA,S,5,1,923002.8638,128.33,1998,31,13.77,88.31
174764,Active,520851,NA,NA,D,4,1,105136.8638,132.99,2010,36,38.95,63.99
174765,Active,187888,NA,NA,D,2,1,614122.8388,120,1996,52,6.73,58.75
174766,Active,166309,NA,NA,S,2,1,1875768.459,153,1997,24,25.9,49.69
174767,Active,862993,NA,NA,D,1,0,1464564.533,159.95,2001,19,30.02,130
174768,Active,159444,NA,NA,D,5,1,2131020.183,449,2005,18,60.97,153.94
174769,Active,106728,NA,NA,S,9,1,38400.765,92,2011,55,25.09,48.99
174770,Active,614888,NA,NA,D,10,1,1298603.39,9.99,2007,28,4,6.49
174771,Active,637537,NA,NA,S,11,1,165010.7463,309.75,2013,43,19.5,183.98
174772,Active,613969,NA,NA,S,11,1,465028.1913,323.75,2010,50,5.36,46.85
174773,Active,110028,NA,NA,S,11,1,92325.40375,234.75,2010,101,4.96,13.49
174774,Active,111042,NA,NA,S,10,1,1057561.629,9.95,2007,46,4,16.72
174775,Active,108802,NA,NA,S,10,1,701165.3638,156,2006,25,4,23.98
174776,Active,111236,NA,NA,S,11,1,68645.99375,131.25,2010,55,4.98,0
174777,Active,54364,NA,NA,D,11,1,24256.0475,154.75,2010,119,5.5,19.68
174778,Active,111305,NA,NA,S,11,1,449882.0038,205.75,2010,23,13.74,38.99
174779,Active,110944,NA,NA,D,10,1,2400109.521,12.99,2007,24,4,12.99
174780,Active,111291,NA,NA,D,11,1,164866.1725,219.25,2010,100,4.65,11.96
174781,Active,615512,NA,NA,S,11,1,203736.3875,219.25,2010,35,13.31,77.59
174782,Active,285477,NA,NA,D,10,1,3805349.521,53.31,2007,11,4,7.94
174783,Active,617040,NA,NA,D,10,1,2517152.74,4.16,2007,27,4.64,14.99
174784,Active,863422,NA,NA,D,10,1,51012.58,13.46,2006,183,4.41,15.99
174785,Active,56705,NA,NA,S,11,1,15775.02,140.75,2010,130,39.9,68.98
174786,Active,108644,NA,NA,S,9,1,802237.0025,60.25,2003,33,4,29.95
174787,Active,56704,NA,NA,D,10,1,55857.5875,34.29,2004,127,5.34,30.87
174788,Active,2336567,NA,NA,S,2,1,330312.7575,74,1971,24,13.16,93.02
174789,Active,1599314,NA,NA,S,0,0,4996.8,39.95,2009,24,18.98,21.31
174790,Active,3797128,NA,NA,S,0,0,80365.975,80,2016,12,50.54,47.39
174791,Active,131776,NA,NA,D,1,0,713855.6538,52.8,2005,24,4,59.65
174792,Active,873541,NA,NA,D,3,1,337517.4613,40,2001,63,6.06,28.74
174793,Active,609366,NA,NA,S,4,1,20100.935,55,2008,52,38.14,40.99
174794,Active,2528714,NA,NA,S,2,1,2438160.849,29.95,1991,23,4.98,46.03
174795,Active,656226,NA,NA,S,2,1,724165.5963,42.95,2010,18,29.69,37.09
174796,Active,529875,NA,NA,S,8,1,579440.995,95.95,2010,24,18.15,55.98
174797,Active,2835885,NA,NA,D,0,0,2940725.454,29.95,1974,17,12.94,119.79
174798,Active,617473,NA,NA,S,7,1,270483.4388,133.33,1992,68,5.14,19.98
174799,Active,615908,NA,NA,S,8,1,63451.3475,113.33,1997,35,13.87,73.24
174800,Active,705244,NA,NA,D,10,1,962236.75,212.77,2006,35,9,63.74
174801,Active,402573,NA,NA,D,11,1,241654.0675,85.67,2011,30,15.63,0
174802,Active,2162423,NA,NA,S,2,1,159436.4788,59.99,2015,21,29.71,22.94
174803,Active,2155841,NA,NA,D,1,0,787818.4588,49.99,2007,67,4,17.58
174804,Active,631462,NA,NA,S,1,0,80152.3,54,2011,29,29.46,38.12
174805,Active,616050,NA,NA,D,7,1,843195.105,217.99,2005,30,57.72,101.88
174806,Active,2662962,NA,NA,D,5,1,3136974.599,99,1995,24,5.39,53.32
174807,Active,2540491,NA,NA,D,2,1,5523423.741,249.95,2004,8,118.14,192.99
174808,Active,644302,NA,NA,S,3,1,626537.0513,79.95,1986,28,15.31,68.77
174809,Active,2610594,NA,NA,D,0,0,4640034.296,49.99,1999,14,8.55,43.89
174810,Active,311964,NA,NA,D,1,0,647243.73,101,2002,24,8.19,49.72
174811,Active,224716,NA,NA,D,7,1,18807.82,176.95,2011,74,10.49,76.99
174812,Active,169818,NA,NA,D,6,1,112599.9375,186.95,2008,48,4.91,48.99
174813,Active,158120,NA,NA,D,4,1,1233057.219,57.95,2006,18,6.19,61.95
174814,Active,875120,NA,NA,D,0,0,2745327.615,23.97,2005,20,4.76,47.41
174815,Active,647132,NA,NA,S,1,0,117181.0313,59.95,2012,33,34.14,35.94
174816,Active,533529,NA,NA,D,5,1,140253.9625,209.95,2009,58,10.42,61.47
174817,Active,763552,NA,NA,S,3,1,864954.035,117.95,1998,56,4,10.73
174818,Active,54106,NA,NA,D,4,1,482653.75,130.95,2005,73,4,18.69
174819,Active,633755,NA,NA,D,4,1,20716.68125,90,2013,52,23.9,69.68
174820,Active,801065,NA,NA,D,2,1,716279.9338,64.95,2007,50,4,23.99
174821,Active,614186,NA,NA,D,3,1,83457.21,72,2010,36,9.65,12.09
174822,Active,271169,NA,NA,S,4,1,15659.30625,75.95,2011,83,41.99,58.36
174823,Active,255770,NA,NA,D,3,1,652960.1725,58.95,2005,155,4,10.43
174824,Active,2163031,NA,NA,S,4,1,734274.4963,58,2011,21,18.59,57.01
174825,Active,644282,NA,NA,D,0,0,854259.3738,41.95,1993,41,4,30.76
174826,Active,634463,NA,NA,D,2,1,925601.2875,63.95,2000,24,4.4,42.5
174827,Active,1718262,NA,NA,S,5,1,811718.5038,70,2008,37,7.21,71.39
174828,Active,652338,NA,NA,S,2,1,212582.9663,49.99,2013,37,23.79,23.99
174829,Active,620972,NA,NA,S,3,1,325070.0413,201.95,1990,45,43.59,48.66
174830,Active,2645984,NA,NA,D,1,0,4426628.95,31.95,1991,25,3.99,28.99
174831,Active,2647432,NA,NA,S,2,1,364015.5338,100.95,2001,24,25.76,38.99
174832,Active,2759925,NA,NA,D,2,1,1851519.05,69.95,1996,40,4,28.94
174833,Active,765671,NA,NA,S,4,1,85993.3125,73.95,2014,39,37.65,58.88
174834,Active,765670,NA,NA,D,3,1,232579.615,99.95,2003,77,4,15.29
174835,Active,3748919,NA,NA,S,2,1,92720.75,40,2015,13,23.08,20
174836,Active,575685,NA,NA,D,1,0,2861670.034,46.95,1998,23,16.1,64.02
174837,Active,644242,NA,NA,D,2,1,151016.005,62.95,1999,20,37.95,0
174838,Active,120066,NA,NA,S,1,0,443268.0813,103,2009,45,4.29,98.54
174839,Active,127598,NA,NA,S,3,1,250124.81,46.5,2010,47,23.99,31.32
174840,Active,126455,NA,NA,D,2,1,1264802.27,42.5,2004,36,4,44.31
174841,Active,770831,NA,NA,S,7,1,316822.5988,69.95,2004,39,13.04,98.99
174842,Active,917812,NA,NA,D,5,1,404636.9838,124.2,2007,83,4,19.81
174843,Active,848967,NA,NA,S,3,1,2468310.008,111,1998,35,4,18
174844,Active,626527,NA,NA,S,2,1,553305.935,64.95,1997,40,10.12,50.43
174845,Active,849317,NA,NA,D,6,1,1948637.04,85.96,1998,37,4,6.99
174846,Active,619824,NA,NA,S,1,0,103840.35,55.95,2007,27,25.54,28.4
174847,Active,863297,NA,NA,D,1,0,403960.8238,105.95,2005,26,7.28,14.68
174848,Active,660833,NA,NA,S,2,1,38408.35625,114.95,2013,32,46.83,91.39
174849,Active,633754,NA,NA,S,2,1,134474.5638,115.95,2014,47,5.98,68.98
174850,Active,872870,NA,NA,D,4,1,13757241.55,36,1991,13,3.99,163.27
174851,Active,131427,NA,NA,S,6,1,260909.3525,161.6,2000,41,20.99,86.37
174852,Active,56017,NA,NA,D,8,1,28013.73875,234.95,2010,67,46.37,96.69
174853,Active,56019,NA,NA,S,5,1,582126.3225,66.95,1997,72,4,17.99
174854,Active,56021,NA,NA,D,7,1,69065.88,138.95,2006,101,4,30.99
174855,Active,616599,NA,NA,S,2,1,171000.5338,122.95,1982,49,16.9,61.19
174856,Active,183506,NA,NA,S,2,1,227179.99,356.95,2006,39,31.99,0
174857,Active,2250679,NA,NA,D,4,1,2541038.21,43.78,2007,37,7.48,61.94
174858,Active,788107,NA,NA,S,2,1,2517762.525,129.95,2000,22,4,7.98
174859,Active,297865,NA,NA,D,5,1,138587.2513,208.95,2011,33,7.95,52.72
174860,Active,533953,NA,NA,D,4,1,1330258.534,220.95,2008,36,4,46.04
174861,Active,615516,NA,NA,S,1,0,39556.025,222.2,2009,43,59.89,133.99
174862,Active,3070005,NA,NA,S,3,1,20697.71375,45,2000,30,24.82,27.69
174863,Active,641348,NA,NA,S,0,0,57814.45,59.39,2012,17,22.14,28.94
174864,Active,145743,NA,NA,S,1,0,102711.175,59.99,2009,26,33.46,38.56
174865,Active,609258,NA,NA,D,3,1,858064.6075,48,2000,56,4,22.99
174866,Active,568768,NA,NA,S,2,1,472340.165,54.99,2004,30,21.96,25.81
174867,Active,716902,NA,NA,D,5,1,1785194.708,86,1997,32,4,12.94
174868,Active,633979,NA,NA,D,6,1,622973.9325,124.67,2001,44,7.99,58
174869,Active,192944,NA,NA,D,1,0,1051876.914,37.95,2004,96,4,6.98
174870,Active,534650,NA,NA,S,2,1,82909.62,41.95,2012,62,28.88,28.48
174871,Active,534077,NA,NA,D,0,0,4771226.805,59,1991,28,4,50.83
174872,Active,232065,NA,NA,S,2,1,616267.3275,99,2003,75,12.93,45.37
174873,Active,226491,NA,NA,D,2,1,4139151.821,75,2002,20,4.88,23.89
174874,Active,1836029,NA,NA,S,18,1,279808.3088,19.99,2014,19,10.7,35.25
174875,Active,1438114,NA,NA,S,3,1,260827.3088,27,2006,28,32.45,89.1
174876,Active,834963,NA,NA,S,2,1,1367147.784,203,2003,23,4.17,84.2
174877,Active,652212,NA,NA,S,1,0,71506.15,60,2013,25,29.8,36.6
174878,Active,125728,NA,NA,S,2,1,399077.1813,148.95,1997,27,15.43,91.61
174879,Active,802615,NA,NA,D,6,1,4245993.305,34.99,2007,16,6.44,7.94
174880,Active,1724409,NA,NA,S,0,0,44708.9,100,2011,17,41.01,56.11
174881,Active,2137797,NA,NA,S,0,0,165486.2725,40,2011,24,18.19,23.97
174882,Active,863583,NA,NA,S,2,1,402467.1813,41,2008,36,15.34,0
174883,Active,899222,NA,NA,S,2,1,1280022.625,49.95,2013,26,5.94,49.95
174884,Active,620827,NA,NA,S,2,1,738708.0788,56.95,2007,39,6.38,20.76
174885,Active,2105451,NA,NA,S,5,1,159676.585,65.95,2013,19,47.48,43.28
174886,Active,577044,NA,NA,S,3,1,2987362.014,89.95,2002,31,4,8.99
174887,Active,56013,NA,NA,D,7,1,1054461.129,77.33,2006,61,4,12.24
174888,Active,56011,NA,NA,S,6,1,1472492.238,58,2002,49,4,11.96
174889,Active,56014,NA,NA,D,8,1,88674.55125,101.6,2010,73,10.43,24.26
174890,Active,552927,NA,NA,S,2,1,118243.7588,52.6,2011,28,22.15,48.96
174891,Active,117379,NA,NA,S,4,1,720948.6463,73.6,2006,32,4.96,102.37
174892,Active,617802,NA,NA,S,3,1,564474.9613,103.77,2013,39,8.9,0
174893,Active,2051514,NA,NA,D,0,0,2125212.704,99,2008,20,8.7,82.35
174894,Active,633556,NA,NA,S,3,1,45265.425,115.05,2000,28,45.98,84.99
174895,Active,121289,NA,NA,S,2,1,344310,48,2010,30,18.94,40.99
174896,Active,508297,NA,NA,D,2,1,1286058.114,34.95,2005,42,4,12.22
174897,Active,2125626,NA,NA,D,3,1,1731418.831,56,2011,12,24.87,26.48
174898,Active,863323,NA,NA,D,3,1,479480.6763,23.99,2005,59,4,35.91
174899,Active,578962,NA,NA,S,2,1,14469.6,54.95,2011,52,21.27,34.99
174900,Active,863667,NA,NA,D,8,1,1820142.863,344.26,2008,32,4,27.18
174901,Active,557630,NA,NA,D,9,1,728857.0463,110.4,2011,51,4,21.95
174902,Active,56758,NA,NA,D,4,1,83401.29,179.95,2009,117,6.42,58.99
174903,Active,56757,NA,NA,D,3,1,866120.8538,189.95,2007,46,4,19.98
174904,Active,637613,NA,NA,S,2,1,1466437.763,69.95,2013,15,46.28,73.49
174905,Active,897934,NA,NA,D,2,1,4136299.881,79.95,2008,18,32.38,37.48
174906,Active,170011,NA,NA,D,4,1,490410.4263,184.95,2009,62,4,6.78
174907,Active,863212,NA,NA,D,4,1,1762670.545,99,2004,13,38.94,99.43
174908,Active,764989,NA,NA,S,2,1,1652092.724,42.95,2002,40,3.99,15.69
174909,Active,663762,NA,NA,S,5,1,12563.17625,104.95,2014,82,48.99,65.98
174910,Active,529865,NA,NA,D,3,1,539775.2638,153.95,2010,58,4,13.98
174911,Active,2318378,NA,NA,S,5,1,597387.6225,81.95,1993,69,3.99,14.79
174912,Active,286824,NA,NA,S,3,1,544581.0588,70,2000,54,4.14,44.66
174913,Active,529862,NA,NA,S,2,1,240216.1263,39.99,2012,20,27.04,27.57
174914,Active,139753,NA,NA,D,1,0,1192062.449,49.95,2005,28,4,29.84
174915,Active,389360,NA,NA,D,7,1,78609.66,149.95,2011,51,47.68,87.99
174916,Active,250630,NA,NA,D,6,1,1161218.86,146.95,2008,32,4,38.99
174917,Active,110574,NA,NA,S,7,1,391984.72,58.5,2009,37,31.23,37.02
174918,Active,200102,NA,NA,D,1,0,860382.3938,99.95,2007,60,4,13.56
174919,Active,293890,NA,NA,D,2,1,64056.91,109.95,2010,81,9.99,39
174920,Active,863385,NA,NA,D,3,1,220850.6975,98.5,2006,49,4.12,17.84
174921,Active,271057,NA,NA,D,5,1,95875.68,115,2010,57,17.39,60.4
174922,Active,890754,NA,NA,S,8,1,24419.105,49.95,2013,72,43.99,47.45
174923,Active,652792,NA,NA,D,7,1,447884.7575,46.95,2010,25,13.99,73.39
174924,Active,631274,NA,NA,D,5,1,1732337.245,46.95,2006,26,4,119.83
174925,Active,183893,NA,NA,D,1,0,2920361.049,236.95,2003,27,4,11.16
174926,Active,253850,NA,NA,D,2,1,983738.685,215.95,2008,32,4,13.97
174927,Active,165808,NA,NA,D,1,0,859858.5538,199.95,2005,37,6.99,14.61
174928,Active,868719,NA,NA,D,1,0,2335107.039,72.69,2005,34,9.39,14.59
174929,Active,275790,NA,NA,D,5,1,1333916.413,23.95,2007,80,4,7.98
174930,Active,660672,NA,NA,S,1,0,87942.0525,114.2,2013,31,63.92,93.99
174931,Active,529858,NA,NA,S,3,1,57254.40125,90,2011,37,43.52,59.95
174932,Active,562548,NA,NA,D,2,1,1237865.446,69.95,2003,37,4,17.74
174933,Active,544808,NA,NA,S,4,1,486544.6475,193.95,2013,45,5.87,43.77
174934,Active,157039,NA,NA,S,2,1,477597.5963,104.95,2005,36,20.31,47.74
174935,Active,607899,NA,NA,S,4,1,245486.0738,64.99,2003,32,12.82,44.99
174936,Active,574733,NA,NA,S,4,1,1243263.361,32.5,2007,35,4,8.99
174937,Active,574812,NA,NA,S,5,1,323479.0113,51,2011,27,8.39,33.99
174938,Active,539378,NA,NA,S,10,1,12250.95,49.4,2013,81,18.99,28.98
174939,Active,56449,NA,NA,D,7,1,273262.7388,56,2005,68,4,7.17
174940,Active,56448,NA,NA,S,6,1,2059809.036,40,2002,38,4,4.01
174941,Active,56451,NA,NA,D,8,1,418304.1475,60,2008,46,4,43.1
174942,Active,192690,NA,NA,D,0,0,2086562.201,34.95,1995,38,4,0
174943,Active,117304,NA,NA,D,2,1,995502.3638,85.33,2006,46,4,10.49
174944,Active,529856,NA,NA,S,3,1,478339.0538,95.93,2012,54,9.71,34.97
174945,Active,241553,NA,NA,D,3,1,956061.2988,79.95,2004,23,13.89,43.94
174946,Active,244232,NA,NA,S,9,1,43384.695,38.95,2012,61,18.23,26.83
174947,Active,572205,NA,NA,S,7,1,514639.15,19.95,2005,101,3.97,6.75
174948,Active,544169,NA,NA,S,4,1,199385.5338,89.95,2012,56,48.99,55.23
174949,Active,250070,NA,NA,S,1,0,97768.375,120.95,2005,35,50.69,91.77
174950,Active,544441,NA,NA,S,3,1,69661.5575,141.95,2013,33,57.99,67.99
174951,Active,534076,NA,NA,D,1,0,3799441.585,243.95,2003,21,4,10.97
174952,Active,250077,NA,NA,D,2,1,740115.2988,231.95,2006,60,3.99,23.98
174953,Active,380512,NA,NA,D,6,1,57826.09875,189.95,2011,101,8.73,48.98
174954,Active,386905,NA,NA,D,5,1,376485.7975,208.95,2006,97,4,13.16
174955,Active,404565,NA,NA,S,8,1,134053.145,77.95,2008,54,12.77,0
174956,Active,184473,NA,NA,D,6,1,1307539.659,57.95,2001,47,4.65,17.49
174957,Active,529853,NA,NA,S,8,1,145440.8263,57.95,2011,39,29.94,34.97
174958,Active,3822883,NA,NA,D,1,0,1183063.75,105,2009,26,24.58,73.97
174959,Active,183997,NA,NA,D,3,1,3648622.6,155.95,2004,34,4.71,31.43
174960,Active,250082,NA,NA,D,3,1,1476959.776,210.95,2006,86,4,9.98
174961,Active,243911,NA,NA,S,4,1,109373.8575,212.95,2011,53,18.99,27.74
174962,Active,184023,NA,NA,S,5,1,205401.215,157.95,2005,44,6.99,53.94
174963,Active,250084,NA,NA,D,1,0,1536737.806,228.95,2006,45,4,8.99
174964,Active,661231,NA,NA,S,6,1,175758,78.99,2010,0,42.45,53.99
174965,Active,207780,NA,NA,D,5,1,717256.3463,33.38,2004,45,4,13.25
174966,Active,276124,NA,NA,S,2,1,105180.47,99,2003,69,12.89,25.94
174967,Active,276125,NA,NA,S,2,1,1161308.114,99,2003,44,4,33.91
174968,Active,622804,NA,NA,S,2,1,546094.6075,58.95,2002,31,20.3,49.24
174969,Active,1786353,NA,NA,S,2,1,94070.73625,49.95,2015,14,37.93,37.94
174970,Active,539437,NA,NA,S,4,1,74345.81625,35.4,2013,42,17.49,28.27
174971,Active,258382,NA,NA,D,2,1,1016819.861,83,2004,61,4,13.51
174972,Active,658297,NA,NA,S,3,1,102009.5788,95,2013,38,25.44,60.08
174973,Active,861232,NA,NA,S,6,1,1060666.136,55.95,2013,21,25.09,26.07
174974,Active,529848,NA,NA,S,8,1,232577.0863,48.8,2002,33,13.98,37.28
174975,Active,269553,NA,NA,D,0,0,572920.4175,55,2008,28,4.48,39.99
174976,Active,148652,NA,NA,D,8,1,91875.31625,114.95,2008,70,7.27,43
174977,Active,2562098,NA,NA,D,4,1,794057.6513,129.95,1988,19,24.37,73.97
174978,Active,250087,NA,NA,D,3,1,628604.42,235.95,2006,45,4,30.98
174979,Active,868384,NA,NA,D,4,1,783765.005,0,1985,15,25.85,0
174980,Active,847921,NA,NA,D,4,1,6071496.229,47,1997,18,4.87,38.99
174981,Active,906423,NA,NA,D,3,1,7956804.615,44,1993,20,4.8,33.83
174982,Active,243719,NA,NA,D,2,1,69300.27625,59.95,2009,38,26.04,0
174983,Active,256570,NA,NA,D,1,0,79175.99,44.95,2008,168,4,0
174984,Active,919297,NA,NA,D,0,0,85843.87375,17,2010,78,8.81,13.96
174985,Active,2697268,NA,NA,S,5,1,8044554.62,69.95,1996,11,6.98,56.52
174986,Active,862880,NA,NA,S,5,1,1215475.26,45.95,2000,28,7.97,50.73
174987,Active,253963,NA,NA,D,7,1,87134.97375,84.95,2009,45,17.14,49.99
174988,Active,709928,NA,NA,D,1,0,2509511.278,54,2000,21,4.99,74.27
174989,Active,115974,NA,NA,D,2,1,431931.8425,68.8,2004,18,20.74,98.78
174990,Active,163105,NA,NA,D,1,0,684258.8375,55,2010,40,7.65,38.45
174991,Active,1780673,NA,NA,S,2,1,249454.9863,70,2014,17,45.17,52.66
174992,Active,547203,NA,NA,S,5,1,150.635,65.95,2013,164,23.23,32.43
174993,Active,51573,NA,NA,D,3,1,253652.9475,49.95,2004,289,4,8.94
174994,Active,51572,NA,NA,D,4,1,53288.01125,65.95,2009,364,4,9.99
174995,Active,529841,NA,NA,S,2,1,269273.3975,38.95,2009,30,9.88,57.56
174996,Active,2747638,NA,NA,D,0,0,2122367.079,65,2005,20,19.22,66.34
174997,Active,216974,NA,NA,S,3,1,124729.0413,44.95,2011,21,33.77,42.87
174998,Active,863052,NA,NA,D,2,1,1102268.675,120.95,2002,29,4,22.98
174999,Active,60441,NA,NA,D,3,1,446669.3538,210.95,2004,34,4.27,58.94
175000,Active,529839,NA,NA,S,4,1,68989.66125,217.95,2007,56,42.6,71.96
175001,Active,132223,NA,NA,D,2,1,62094.21375,54.4,2007,87,10.55,43.96
175002,Active,868120,NA,NA,S,3,1,31897.89375,56.4,2015,22,48.81,51.99
175003,Active,243808,NA,NA,S,2,1,116323.8825,89.95,2011,33,52.56,61.99
175004,Active,1689774,NA,NA,D,3,1,2235822.694,80,2006,13,66.21,123.55
175005,Active,181334,NA,NA,S,6,1,709133.995,150.2,1996,45,5.96,66.76
175006,Active,542033,NA,NA,S,12,1,798583.805,80.95,2009,29,9.78,296.19
175007,Active,617681,NA,NA,S,0,0,57104.45,84.95,2007,70,33.74,54.83
175008,Active,233194,NA,NA,S,0,0,60176.95,73.95,2004,49,22.66,38.98
175009,Active,267384,NA,NA,D,1,0,431719.28,45,2007,62,6.41,37.77
175010,Active,2610220,NA,NA,D,2,1,5086486.599,30,1998,31,4,10.99
175011,Active,1587315,NA,NA,S,3,1,117252.07,45,2006,71,17.99,31.99
175012,Active,663320,NA,NA,S,5,1,148031.6863,70,2013,32,25.34,0
175013,Active,363618,NA,NA,D,4,1,1044873.574,54,2003,44,4,0
175014,Active,643278,NA,NA,D,2,1,1795361.673,143.5,1992,26,23.89,81.31
175015,Active,636410,NA,NA,D,3,1,2545569.021,210,2001,21,13.92,44
175016,Active,779002,NA,NA,S,0,0,825288.4763,7.15,2011,84,4,0
175017,Active,617027,NA,NA,S,2,1,58164.16875,146.99,2013,72,10.69,0
175018,Active,222324,NA,NA,D,10,1,243869.2125,80,2011,27,33.98,62.8
175019,Active,615888,NA,NA,D,6,1,704794.9975,79.95,2007,44,4,10.33
175020,Active,637047,NA,NA,S,4,1,209021.9088,73,2010,38,20.52,46.94
175021,Active,2894464,NA,NA,D,0,0,1431900.953,199.75,1990,29,3.99,43.39
175022,Active,1736846,NA,NA,S,0,0,321258.9338,199.75,2015,42,41.46,175.45
175023,Active,60442,NA,NA,D,5,1,1257009.91,137.95,2005,35,3,34.6
175024,Active,862977,NA,NA,S,4,1,2502465.851,118.95,2001,34,4,40.21
175025,Active,529837,NA,NA,D,7,1,177729.075,190.95,2011,38,13.5,71.31
175026,Active,298687,NA,NA,D,6,1,996480.5975,201.95,2008,52,5.84,23.47
175027,Active,148829,NA,NA,S,1,0,4905.05,57.5,2001,122,12.35,21.98
175028,Active,108437,NA,NA,S,4,1,469535.5988,63.61,2006,32,6.96,45.07
175029,Active,851648,NA,NA,S,3,1,2109835.156,55.05,2000,49,4,42.9
175030,Active,660646,NA,NA,S,1,0,29509.475,60,2013,22,39,34.99
175031,Active,618167,NA,NA,S,1,0,416593.57,34.99,2009,60,5.81,38.98
175032,Active,784303,NA,NA,S,2,1,179156.075,24.99,2005,120,4,21.18
175033,Active,905117,NA,NA,S,9,1,99198.45,34.99,2014,19,6.44,6.95
175034,Active,153227,NA,NA,S,1,0,14856.82875,29.95,2005,128,4.98,17.94
175035,Active,3067265,NA,NA,D,0,0,1726684.065,185,2002,28,9.48,25.75
175036,Active,644252,NA,NA,D,2,1,382649.635,164.95,1998,36,12.11,62.15
175037,Active,3013110,NA,NA,S,4,1,48138.5,49.95,2004,29,26.04,31.48
175038,Active,914268,NA,NA,S,1,0,241065.2338,20.99,2004,30,20.71,24.64
175039,Active,871190,NA,NA,S,3,1,32867.33,39.99,2015,20,23.94,28.76
175040,Active,249161,NA,NA,D,2,1,200610.405,42.95,2011,32,10.47,36.33
175041,Active,293138,NA,NA,D,1,0,509137.755,39.95,2005,36,4,13.47
175042,Active,2254549,NA,NA,S,12,1,2642249.794,105.98,2009,27,39.99,96.85
175043,Active,663853,NA,NA,S,2,1,720161.7213,49.99,2013,64,8.19,29.49
175044,Active,864518,NA,NA,S,7,1,228034.485,45,2014,63,33.98,29.48
175045,Active,617711,NA,NA,S,3,1,284473.7013,124.4,2000,35,18.34,0
175046,Active,175268,NA,NA,S,2,1,696316.7,34.99,2000,35,12.88,33.94
175047,Active,628858,NA,NA,S,1,0,131606.9538,149.95,2006,44,9.98,63.53
175048,Active,614910,NA,NA,S,3,1,2642937.829,52.95,1998,40,4,18.49
175049,Active,626274,NA,NA,D,1,0,120154.3988,107.95,2010,35,7.93,16.98
175050,Active,622245,NA,NA,S,3,1,771418.8725,55,2006,35,9.09,30.99
175051,Active,652500,NA,NA,S,2,1,45884.41375,59.99,2012,32,38.2,40.99
175052,Active,728911,NA,NA,D,1,0,530015.8888,59.99,2002,33,13.52,39.98
175053,Active,268121,NA,NA,S,2,1,4638.8075,49.95,2008,116,18.92,26.79
175054,Active,703335,NA,NA,D,5,1,588726.1,49.99,2005,59,4,10.64
175055,Active,623499,NA,NA,S,0,0,430574.2388,57,2009,24,9.24,0
175056,Active,106714,NA,NA,D,6,1,685076.5663,49.99,2009,54,4,9.97
175057,Active,538206,NA,NA,S,2,1,264608.9888,55,2009,28,11.9,25.91
175058,Active,663595,NA,NA,S,2,1,577912.3225,50,2013,18,10.47,0
175059,Active,860073,NA,NA,S,3,1,405259.465,53,2010,23,14.62,21.2
175060,Active,1437463,NA,NA,S,3,1,106950.0275,60,2015,19,32.7,35.39
175061,Active,683757,NA,NA,S,0,0,652382.76,29.99,2010,45,5.24,0
175062,Active,896738,NA,NA,S,4,1,7608.11375,49.99,2015,29,24.01,28.99
175063,Active,914904,NA,NA,S,2,1,627907.155,49.99,2010,37,4,28.49
175064,Active,2095817,NA,NA,S,2,1,353545.9013,49.99,2014,23,35.73,31.8
175065,Active,2095753,NA,NA,D,1,0,707854.1613,49.99,2012,34,4.9,19.99
175066,Active,3601382,NA,NA,S,5,1,8185180.5,279.95,1996,9,7.57,0
175067,Active,630569,NA,NA,S,2,1,644464.01,35.95,2012,49,21.48,37.26
175068,Active,1646410,NA,NA,S,16,1,108051.85,49.95,2010,6,31.83,29.66
175069,Active,1535791,NA,NA,S,1,0,25457.95,42.5,2015,12,35.32,35.58
175070,Active,183554,NA,NA,D,7,1,168230.5863,214.95,2006,87,4,45.97
175071,Active,60443,NA,NA,D,6,1,1171411.971,13.06,2003,47,4,12.94
175072,Active,545471,NA,NA,S,4,1,582078.9175,65.95,2013,23,37.69,53.45
175073,Active,919756,NA,NA,D,1,0,150084.9088,40,2009,69,6.61,38.74
175074,Active,347456,NA,NA,S,2,1,452609.7213,11,2005,91,4,30.54
175075,Active,871139,NA,NA,S,2,1,97648.75875,39.38,1992,144,4,17.64
175076,Active,700255,NA,NA,D,4,1,661985.0625,55,2002,33,8.32,26.99
175077,Active,2552088,NA,NA,S,3,1,242911.7875,40,1990,19,41.61,68.99
175078,Active,159535,NA,NA,S,2,1,1210537.785,69.95,1996,21,6.39,26.71
175079,Active,258454,NA,NA,D,1,0,263096.595,75,2009,41,11.27,26.73
175080,Active,902702,NA,NA,D,1,0,1312642.361,54.95,1994,27,4,73.95
175081,Active,529831,NA,NA,D,3,1,1589454.933,96.95,2009,23,7.45,87.73
175082,Active,60444,NA,NA,D,3,1,796468.4263,77.95,2004,50,4,14.24
175083,Active,897541,NA,NA,D,1,0,2327728.438,205.95,2000,15,30.49,34
175084,Active,132090,NA,NA,S,1,0,68291.83125,66.2,2006,24,46.63,50.68
175085,Active,598388,NA,NA,S,1,0,82412.325,51.99,2012,13,37.93,43.82
175086,Active,576718,NA,NA,S,2,1,215377.05,49.95,2009,32,33.76,41.65
175087,Active,893141,NA,NA,S,2,1,325814.2838,69.99,2015,17,35.78,44.47
175088,Active,635175,NA,NA,D,4,1,734352.4863,150,2008,56,60.29,97.58
175089,Active,2657826,NA,NA,D,2,1,1171752.145,79.95,1987,34,14.05,60.42
175090,Active,621001,NA,NA,S,1,0,145642.3088,98.6,2013,51,36.34,66.99
175091,Active,2177046,NA,NA,D,1,0,1992375.03,197,2012,19,124.29,141.07
175092,Active,247664,NA,NA,D,0,0,479344.96,76,2006,20,8.98,8.98
175093,Active,862989,NA,NA,D,1,0,635260.1338,130,2001,25,5.98,96.92
175094,Active,600586,NA,NA,S,1,0,574265.4575,53,2010,33,26.98,41
175095,Active,247978,NA,NA,S,0,0,50480.2,100,2010,36,40.28,64.87
175096,Active,638114,NA,NA,S,2,1,384686.21,170,2011,18,29.49,35.39
175097,Active,113193,NA,NA,D,7,1,442460.3413,79.95,2010,31,13.72,52.3
175098,Active,112797,NA,NA,D,6,1,2286119.478,105,2006,28,4.66,36.99
175099,Active,697595,NA,NA,S,2,1,403976.5363,140,2000,30,7.61,33.95
175100,Active,862605,NA,NA,D,2,1,1803867.404,83,1995,36,4,40.53
175101,Active,131596,NA,NA,S,3,1,301509.9313,95,2002,67,17.48,39.74
175102,Active,290708,NA,NA,S,2,1,283087.345,90,2006,51,24.46,43.99
175103,Active,541203,NA,NA,S,2,1,700953.1488,119,2008,33,4,0
175104,Active,2689167,NA,NA,D,0,0,3778789.914,54.92,2005,18,4,9.99
175105,Active,612715,NA,NA,S,0,0,55437.03,50,2013,26,28.04,34.89
175106,Active,271096,NA,NA,S,2,1,66754.905,72,2011,33,41.99,47.19
175107,Active,107168,NA,NA,S,10,1,231090.7625,155.75,2000,39,5.68,41.99
175108,Active,247682,NA,NA,S,2,1,966277.8275,96,2006,28,4.97,46.28
175109,Active,862975,NA,NA,D,1,0,425496.9125,75,2001,60,4,7.97
175110,Active,268333,NA,NA,D,1,0,2201375.311,50,2004,27,5.07,33.99
175111,Active,166100,NA,NA,S,2,1,2427287.669,183.95,1997,29,4.02,41.99
175112,Active,166819,NA,NA,D,0,0,1325173.671,132.5,2005,26,4.42,18.98
175113,Active,907556,NA,NA,D,1,0,1871718.531,148,2000,22,49.56,104.19
175114,Active,212832,NA,NA,D,0,0,1783808.796,179.95,1999,27,4.58,52.26
175115,Active,629244,NA,NA,D,3,1,655820.8175,157.5,2001,23,34.58,128.34
175116,Active,233338,NA,NA,D,6,1,531851.1288,229.61,2002,20,9.93,17.72
175117,Active,164641,NA,NA,D,5,1,4961907.723,241.95,2003,20,9.12,59.83
175118,Active,863373,NA,NA,D,5,1,8718588.204,70,2006,11,31.29,99.24
175119,Active,789178,NA,NA,S,6,1,4856604.435,54.95,2003,22,4,4
175120,Active,789591,NA,NA,S,7,1,2262390.658,64.95,2007,24,4,11.51
175121,Active,627397,NA,NA,D,8,1,692997.39,87.99,2011,32,8.34,37.8
175122,Active,2609723,NA,NA,D,0,0,1834408.515,36.99,2000,32,4,22.99
175123,Active,863362,NA,NA,S,2,1,598606.5875,54.99,2006,30,33.99,44.78
175124,Active,538268,NA,NA,S,4,1,447937.465,161,2012,30,21.9,43.21
175125,Active,640029,NA,NA,S,2,1,1283109.041,99.95,1994,27,5.3,30.94
175126,Active,2561857,NA,NA,D,0,0,4073502.724,94.95,1983,15,4.71,53.65
175127,Active,248189,NA,NA,S,2,1,1240059.106,185,2011,24,21.78,91.15
175128,Active,545724,NA,NA,S,7,1,99468.27625,70.99,2013,27,23.99,33.1
175129,Active,188005,NA,NA,S,5,1,1106345.91,85.95,2001,30,6.36,48.8
175130,Active,573512,NA,NA,S,4,1,3766014.479,70,1994,24,4.47,38.99
175131,Active,294184,NA,NA,D,6,1,211153.2838,104.99,2009,31,18.99,52.28
175132,Active,860027,NA,NA,S,11,1,998625.4138,66,2010,24,11.85,12.99
175133,Active,1688089,NA,NA,D,1,0,4061106.65,37.5,2007,16,14.09,66.41
175134,Active,147356,NA,NA,S,4,1,779158.0063,60.95,2006,21,15.11,47.79
175135,Active,884738,NA,NA,D,1,0,4160631.575,87.95,2008,10,27.94,103.43
175136,Active,609701,NA,NA,D,5,1,837591.195,55.95,2008,47,4,6.13
175137,Active,261242,NA,NA,D,6,1,228712.695,59.95,2010,71,8.38,21.18
175138,Active,546772,NA,NA,S,7,1,4954.58625,59.95,2013,55,29.77,32.15
175139,Active,261225,NA,NA,D,4,1,448117.11,55.95,2004,56,4,6.98
175140,Active,264584,NA,NA,D,1,0,1406812.448,130,2003,24,4,46.03
175141,Active,294392,NA,NA,S,3,1,403019.6863,63.95,2001,77,20.89,43.95
175142,Active,1469443,NA,NA,D,1,0,3020365.111,125,2010,13,36.39,42.48
175143,Active,576305,NA,NA,D,1,0,451798.1838,96,2004,26,26.62,33.99
175144,Active,3747044,NA,NA,D,0,0,4434041.6,99,1990,26,86.71,90.92
175145,Active,577730,NA,NA,D,2,1,385159.3238,75,2006,47,15.5,57.97
175146,Active,865234,NA,NA,S,3,1,82378.21625,100,2014,25,46.68,62.13
175147,Active,1533823,NA,NA,D,0,0,4263523.551,169,2007,22,63.76,55.58
175148,Active,1534171,NA,NA,D,0,0,1113085.945,79.99,2008,21,48,56.99
175149,Active,639619,NA,NA,S,3,1,48840.2,73.75,2012,35,25.64,73.96
175150,Active,870168,NA,NA,S,2,1,1705619.639,57.45,2006,31,7.28,35.82
175151,Active,265304,NA,NA,D,1,0,925502.4125,69,2005,33,10.52,18.99
175152,Active,104899,NA,NA,D,1,0,2934871.938,135,1999,18,9.58,176.18
175153,Active,529816,NA,NA,S,2,1,233643.0775,161,2012,26,30.94,42.98
175154,Active,529815,NA,NA,D,3,1,1398578.74,299.95,2009,20,152.84,189.79
175155,Active,261986,NA,NA,D,2,1,2529498.86,349.95,2005,13,79.18,98.29
175156,Active,267321,NA,NA,S,2,1,306831.3,49.95,2006,28,21.86,0
175157,Active,566646,NA,NA,S,2,1,4853402.058,165,1992,15,4.27,39.95
175158,Active,164579,NA,NA,D,3,1,890705.6388,145,2000,22,4.72,63.38
175159,Active,2128831,NA,NA,S,3,1,2716123.801,68,2009,13,47.89,47.96
175160,Active,127585,NA,NA,S,6,1,99637.63875,69.95,2010,53,19.16,55.18
175161,Active,213286,NA,NA,D,1,0,1049552.7,160,2009,27,25.95,107.87
175162,Active,268459,NA,NA,D,1,0,2456134.008,144,2007,19,11.41,125.09
175163,Active,2801814,NA,NA,D,0,0,3082787.556,49.95,1996,10,15.99,292.08
175164,Active,287851,NA,NA,D,1,0,1772073.054,105,2001,23,6.23,30.28
175165,Active,268467,NA,NA,D,1,0,659696.1725,125,2007,21,11.48,75.99
175166,Active,246386,NA,NA,D,3,1,3765267.37,99.95,2004,21,4.54,33.94
175167,Active,3547307,NA,NA,D,2,1,6885284.55,72.95,1999,31,4,29.62
175168,Active,203718,NA,NA,D,4,1,281613.38,83.99,2006,34,8.56,25.53
175169,Active,901245,NA,NA,D,4,1,2020372.469,79.95,2007,22,42.17,62.18
175170,Active,1590732,NA,NA,S,4,1,3588845.359,55,2010,16,23.26,55
175171,Active,213262,NA,NA,D,1,0,672066.2963,125.95,2008,22,28.16,78.17
175172,Active,213252,NA,NA,S,2,1,753554.9013,130.95,2006,26,41.49,113.19
175173,Active,2342457,NA,NA,D,2,1,661192.0913,64.95,1996,22,4.31,114.87
175174,Active,166767,NA,NA,S,1,0,123133.425,75,2007,23,18.98,33.87
175175,Active,271156,NA,NA,S,1,0,42407.425,42.25,2010,22,18.5,42.67
175176,Active,633321,NA,NA,D,1,0,516943.8875,50,2009,29,6.98,45.98
175177,Active,268338,NA,NA,S,2,1,999030.5513,49,2004,31,4,11.04
175178,Active,3730479,NA,NA,D,7,1,1792433.15,114.95,2007,25,27.97,80.01
175179,Active,221754,NA,NA,D,6,1,2736255.629,144.95,2003,24,6.53,70.18
175180,Active,895337,NA,NA,D,6,1,1578456.731,125.95,2008,24,25.77,66.48
175181,Active,2390413,NA,NA,S,4,1,8277277.723,74,1997,14,5.59,91.25
175182,Active,2366542,NA,NA,D,5,1,4984791.74,95,2001,14,4.98,58.91
175183,Active,229620,NA,NA,D,1,0,3665482.825,184.95,1997,13,13.45,89.22
175184,Active,1711018,NA,NA,D,1,0,3333733.604,370,2006,7,16.94,125.45
175185,Active,166877,NA,NA,S,2,1,2135364.24,177,2004,26,5.53,56.67
175186,Active,789676,NA,NA,S,4,1,1031398.368,69.99,2008,48,4,13.07
175187,Active,639192,NA,NA,D,2,1,1086159.074,59.95,2010,42,27.05,51.99
175188,Active,899721,NA,NA,D,1,0,1868726.695,59.95,2001,17,4,21.27
175189,Active,627421,NA,NA,S,2,1,494790.1113,69.99,2010,32,47.27,53.94
175190,Active,289255,NA,NA,D,1,0,3565161.189,109,2005,17,21.33,41.9
175191,Active,213014,NA,NA,D,0,0,2313792.831,102.95,2003,17,4,64.01
175192,Active,794156,NA,NA,D,1,0,1951905.248,130.95,2004,18,6.68,111.31
175193,Active,726391,NA,NA,D,2,1,4115848.665,69.95,2007,7,22.23,186.96
175194,Active,793362,NA,NA,D,0,0,2641304.051,100,2002,11,15.67,100
175195,Active,2258801,NA,NA,D,1,0,686030.0175,78.41,2006,36,34.88,77.68
175196,Active,247486,NA,NA,D,1,0,1444765.213,150,2006,33,23.58,28.94
175197,Active,2851317,NA,NA,D,1,0,3102546.925,179.95,2003,13,22.79,73.61
175198,Active,1445589,NA,NA,D,3,1,1159584.27,121,2008,21,17.95,61.96
175199,Active,699750,NA,NA,D,6,1,1348841.693,99.95,2000,38,5.18,12.74
175200,Active,534514,NA,NA,S,0,0,223691.5138,54.95,2011,17,27.99,33.3
175201,Active,3059596,NA,NA,D,1,0,3676470.5,45,1998,11,30.43,87.07
175202,Active,296196,NA,NA,S,2,1,499894.31,68.95,2006,30,37.66,0
175203,Active,166658,NA,NA,D,3,1,806663.8763,144,2005,37,4.94,63.98
175204,Active,204124,NA,NA,D,3,1,936109.18,69.95,2006,34,4.29,53.53
175205,Active,203434,NA,NA,D,2,1,1773147.751,52.95,2002,36,4,72.59
175206,Active,867632,NA,NA,S,5,1,35100.3775,87.99,2014,30,46.66,57.47
175207,Active,883821,NA,NA,D,1,0,5697395.699,259.95,2005,6,133.98,117.33
175208,Active,203750,NA,NA,D,2,1,2382673.061,72,2005,26,4,11.98
175209,Active,649308,NA,NA,S,4,1,236663.0613,94.95,2001,49,9.95,43.92
175210,Active,200624,NA,NA,D,3,1,175163.9975,99.95,2011,43,9.46,44.74
175211,Active,366529,NA,NA,D,2,1,1043799.876,109.95,2007,32,4.13,58.84
175212,Active,162778,NA,NA,S,1,0,1509429.99,85,2010,27,7.59,127.67
175213,Active,199146,NA,NA,D,0,0,1062285.94,101,2003,22,7.03,50
175214,Active,1718598,NA,NA,S,4,1,322145.4788,95,2013,27,38.85,59.94
175215,Active,655664,NA,NA,S,1,0,74314.575,110,2010,37,39.69,39.73
175216,Active,212821,NA,NA,D,1,0,3408917.213,130,2000,22,2.6,51.16
175217,Active,449363,NA,NA,D,1,0,552196.475,100,2006,27,8.22,59.41
175218,Active,192434,NA,NA,S,2,1,286095.1138,53.95,2003,19,35,68.43
175219,Active,904262,NA,NA,S,2,1,2833191.075,95,1997,21,4,11.56
175220,Active,862574,NA,NA,S,2,1,699695.635,29.95,1994,36,5.25,28.98
175221,Active,295512,NA,NA,D,3,1,1350240.3,32.95,1997,26,5.88,37.17
175222,Active,163824,NA,NA,S,2,1,875536.8838,350,1997,25,26.86,93.1
175223,Active,205601,NA,NA,D,2,1,1419493.336,90,1999,32,4,9.89
175224,Active,205958,NA,NA,D,2,1,1247973.008,90,2004,29,5.05,19.94
175225,Active,162861,NA,NA,S,3,1,537504.4713,112,2010,36,42.99,68.49
175226,Active,196249,NA,NA,S,9,1,2662563.025,55,2003,20,4.95,62.61
175227,Active,225879,NA,NA,D,1,0,3080586.303,199.95,2005,16,12.76,60.7
175228,Active,2560819,NA,NA,D,2,1,2026083.879,125,1982,39,6.17,55.42
175229,Active,919364,NA,NA,S,2,1,584440.93,75,1999,42,4,12.21
175230,Active,120092,NA,NA,D,4,1,457566.905,72.8,2008,129,4,12.98
175231,Active,116919,NA,NA,D,3,1,2202951.829,44.95,2004,60,4,10.25
175232,Active,199127,NA,NA,S,3,1,644430.1913,92,2003,44,13.14,60.27
175233,Active,906251,NA,NA,D,0,0,3173691.535,58.99,2005,22,4.92,49.57
175234,Active,794469,NA,NA,D,2,1,2624935.51,130.95,2008,17,58.45,99.83
175235,Active,793632,NA,NA,D,0,0,4097871.361,127.95,2002,14,4.98,99.55
175236,Active,529785,NA,NA,D,4,1,178488.5538,71.99,2010,32,42.44,60.16
175237,Active,203365,NA,NA,D,3,1,1370023.708,69.95,2001,30,4,12
175238,Active,206001,NA,NA,S,2,1,588931.4388,69,2006,22,40,0
175239,Active,635137,NA,NA,S,5,1,190588.675,72.99,2009,32,24.36,30.98
175240,Active,527012,NA,NA,D,6,1,471157.7863,50.6,2008,88,4,39.98
175241,Active,653922,NA,NA,D,1,0,7008669.554,188.95,1999,17,22.13,52.39
175242,Active,895883,NA,NA,D,3,1,3451367.363,85.99,2003,17,4.77,41.87
175243,Active,3748966,NA,NA,S,2,1,97668.725,45,2016,9,51.71,44.97
175244,Active,652417,NA,NA,D,2,1,217834.6188,110,2013,62,12.05,50.92
175245,Active,392577,NA,NA,D,1,0,1385825.38,55,2005,44,4,14.32
175246,Active,870570,NA,NA,D,1,0,658448.6413,85,2003,26,4,33.98
175247,Active,2027241,NA,NA,D,1,0,2438030.258,154.95,2006,14,71.99,87.99
175248,Active,536513,NA,NA,S,3,1,191043.18,44.6,2012,42,6.7,30.53
175249,Active,132599,NA,NA,S,2,1,503642.4763,32.67,2008,64,4,13.99
175250,Active,3277111,NA,NA,D,5,1,477331.65,155.09,2004,26,0,0
175251,Active,147108,NA,NA,D,5,1,248607.3763,84.95,2004,55,6.73,33.96
175252,Active,196262,NA,NA,D,3,1,1981739.173,75,2006,16,5.88,70.63
175253,Active,196232,NA,NA,D,2,1,2990392.253,50,2001,21,5.14,57.32
175254,Active,529782,NA,NA,S,5,1,1324337.451,94.95,2012,25,41.28,73.99
175255,Active,2552075,NA,NA,D,1,0,1235155.468,42.95,1990,26,5.64,44.79
175256,Active,2551366,NA,NA,D,2,1,2113928.634,56.95,2002,16,33.88,675
175257,Active,2851713,NA,NA,D,1,0,2926574.346,440,1988,16,26.98,96.79
175258,Active,912122,NA,NA,D,1,0,2576392.164,185,2002,18,9.12,125.13
175259,Active,901777,NA,NA,D,2,1,3676110.588,287.53,1999,38,14.18,87.39
175260,Active,905908,NA,NA,D,3,1,545479.71,69.95,1997,24,10.98,58.99
175261,Active,1709101,NA,NA,D,1,0,4157868.028,309.95,2007,12,19.52,79.57
175262,Active,902875,NA,NA,D,0,0,2375524.09,99,2010,19,52.99,80.44
175263,Active,529779,NA,NA,S,4,1,459253.8375,46.95,2005,29,4,50.11
175264,Active,391905,NA,NA,D,1,0,984839.8038,130,2002,32,5.86,37.94
175265,Active,194810,NA,NA,D,0,0,273185.745,69.95,2000,31,6,0
175266,Active,649768,NA,NA,S,1,0,57743.75,70,2012,20,45.94,46.98
175267,Active,165823,NA,NA,S,7,1,63069.04,22.95,2004,38,9.71,0
175268,Active,899225,NA,NA,S,3,1,920618.5763,109,2003,22,37.78,207.99
175269,Active,631589,NA,NA,D,4,1,887004.955,99,2010,27,46.78,68.99
175270,Active,653821,NA,NA,D,1,0,2379478.8,120.95,2008,12,80.32,120.95
175271,Active,860366,NA,NA,S,1,0,40076.575,59.95,2011,31,48.14,44.29
175272,Active,205702,NA,NA,D,2,1,1339918.248,75,2000,27,4.7,23.94
175273,Active,199065,NA,NA,S,2,1,1978987.236,81.95,2001,49,4,27.46
175274,Active,147248,NA,NA,D,6,1,261482.155,69.95,2006,50,5.18,43.25
175275,Active,146978,NA,NA,S,5,1,1905136.709,56.95,2002,37,4,24.99
175276,Active,828882,NA,NA,S,4,1,2864188.095,49.95,1998,38,4,6.94
175277,Active,147631,NA,NA,D,7,1,146553.8238,85.95,2010,45,44.28,93.57
175278,Active,2475143,NA,NA,S,2,1,10357178.76,79,1991,30,4,52.57
175279,Active,563050,NA,NA,S,3,1,2767878.589,249,2007,21,38.99,38.49
175280,Active,906755,NA,NA,D,5,1,1505534.569,79,2000,29,19.2,49.46
175281,Active,247658,NA,NA,S,2,1,895261.8788,66,2006,28,4.08,36.2
175282,Active,862081,NA,NA,S,4,1,39226.13875,66.95,2014,37,29.23,47.49
175283,Active,147055,NA,NA,D,2,1,1531652.12,45.95,2003,30,4,31.99
175284,Active,147496,NA,NA,D,3,1,552377.4588,65.95,2007,24,21.37,19.97
175285,Active,549131,NA,NA,D,1,0,1651748.974,125,2001,18,23.94,93.49
175286,Active,3076926,NA,NA,D,1,0,2902752.381,135.95,2003,19,34.19,117.07
175287,Active,56201,NA,NA,D,15,1,1458433.88,149,2006,53,4,18.68
175288,Active,56202,NA,NA,D,16,1,184131.7863,159.95,2009,55,5.35,33.83
175289,Active,717941,NA,NA,D,1,0,2943259.198,76,1999,32,4.27,48.27
175290,Active,534681,NA,NA,S,5,1,111568.9,70.95,2013,25,47.83,52.68
175291,Active,775019,NA,NA,D,2,1,2191665.19,42.95,2001,38,4,25.87
175292,Active,56238,NA,NA,D,12,1,888210.1263,45.95,2007,82,4,10.98
175293,Active,533370,NA,NA,D,14,1,25677.44,49.99,2012,76,22.4,23.25
175294,Active,56236,NA,NA,S,10,1,1051722.179,32.95,2003,35,4,22.6
175295,Active,56237,NA,NA,S,11,1,1329150.049,34.95,2005,61,4,6.99
175296,Active,56239,NA,NA,D,13,1,347395.21,46.95,2009,114,4,16.78
175297,Active,864554,NA,NA,D,3,1,1207281.886,189.95,2014,14,137.64,166.47
175298,Active,1867136,NA,NA,D,3,1,2047952.93,259.95,2008,17,6.63,106.45
175299,Active,546719,NA,NA,S,4,1,1235545.651,79.99,2010,33,4,26.92
175300,Active,256523,NA,NA,D,1,0,937249.4763,49.95,2002,23,5.13,42.76
175301,Active,247987,NA,NA,S,2,1,814952.7613,86,2009,36,5.78,48.93
175302,Active,2832923,NA,NA,D,2,1,7563788.226,299.95,2004,17,5.49,39.98
175303,Active,2340052,NA,NA,S,2,1,1790174.4,125,1994,27,18.53,43.32
175304,Active,635795,NA,NA,S,3,1,950470.0813,216,2009,25,18.9,29.45
175305,Active,3559922,NA,NA,D,1,0,2051458.3,84.95,2010,36,23.91,44.64
175306,Active,830028,NA,NA,D,1,0,1965049.215,56.95,1996,26,4,8.98
175307,Active,3792991,NA,NA,D,2,1,2070474.25,139.95,2000,18,25.24,68.98
175308,Active,164050,NA,NA,S,2,1,1775186.909,115,1998,33,4,10.99
175309,Active,529772,NA,NA,S,3,1,1098442.99,105,2007,40,4.26,17.82
175310,Active,203337,NA,NA,D,2,1,1628968.326,39.95,1999,33,4,13.99
175311,Active,203839,NA,NA,S,3,1,850046.12,46.95,2006,35,4.67,23.99
175312,Active,270803,NA,NA,S,4,1,322180.3663,56.99,2010,32,29.14,0
175313,Active,264228,NA,NA,S,2,1,648400.375,46.95,2004,41,4,13.98
175314,Active,529771,NA,NA,S,7,1,443545.2488,72.99,2009,24,15.4,29.61
175315,Active,529770,NA,NA,S,5,1,417893.0313,72.99,2008,33,36.02,46.69
175316,Active,660768,NA,NA,S,4,1,114710.9,87.95,2013,20,24.39,25.48
175317,Active,635189,NA,NA,S,3,1,285168.7963,102,2008,14,42.99,94.69
175318,Active,2664552,NA,NA,D,3,1,2559912.638,69.95,1999,22,4.29,38.99
175319,Active,577329,NA,NA,S,2,1,144880.745,56.99,2001,51,10.74,42.51
175320,Active,271084,NA,NA,S,4,1,188914.8088,70,2010,40,36.92,52.27
175321,Active,599558,NA,NA,D,3,1,1572347.475,45,2005,21,4.13,37.98
175322,Active,659408,NA,NA,S,2,1,555379.2738,69.99,2005,23,25.88,0
175323,Active,3503492,NA,NA,D,1,0,2178460.85,45,1997,15,8.06,16.87
175324,Active,661157,NA,NA,D,1,0,625297.3163,34,2011,18,25.46,31.38
175325,Active,890931,NA,NA,S,2,1,126790.6463,43.89,2014,15,36.48,40.49
175326,Active,261351,NA,NA,D,2,1,837610.7513,49,2001,28,4,35.08
175327,Active,626180,NA,NA,D,3,1,662871.1275,140,2008,24,18.94,86.45
175328,Active,883798,NA,NA,D,2,1,3777394.768,299.95,2005,10,49.15,66.98
175329,Active,1867632,NA,NA,D,2,1,2684887.681,209.95,2009,15,131.93,131.96
175330,Active,245095,NA,NA,S,6,1,742893.2413,127.95,2005,58,4,15.99
175331,Active,625779,NA,NA,D,1,0,1894955.364,75,1989,23,6.95,73.33
175332,Active,722487,NA,NA,D,2,1,1363127.45,65,2006,20,30.29,66.16
175333,Active,837187,NA,NA,D,1,0,2635507.915,290,2007,26,38.59,127.56
175334,Active,654555,NA,NA,D,0,0,1442696.025,85,2010,17,23.53,0
175335,Active,907069,NA,NA,D,0,0,934770.6625,95,2001,22,5.6,79.87
175336,Active,794418,NA,NA,S,1,0,370549.5263,77.95,2006,25,49.5,60.48
175337,Active,2502438,NA,NA,D,1,0,3303246.09,64.95,2001,16,4,39.76
175338,Active,290225,NA,NA,D,3,1,39239.04875,92,2010,42,31.75,34.49
175339,Active,205891,NA,NA,D,2,1,506217.5138,75,2004,65,4,18.93
175340,Active,2750621,NA,NA,D,0,0,2696934.179,39.95,2000,31,4,28.99
175341,Active,367133,NA,NA,S,2,1,325344.525,69.99,2008,38,15.22,35.39
175342,Active,2332140,NA,NA,D,0,0,2969661.469,125.5,1986,25,4,19.99
175343,Active,900413,NA,NA,S,2,1,101792.62,60,2014,24,26.79,43.09
175344,Active,529766,NA,NA,S,6,1,272797.5175,74.99,2009,35,47.76,47.85
175345,Active,2878904,NA,NA,D,1,0,1675617.304,180,2000,16,5.13,37.12
175346,Active,653033,NA,NA,D,1,0,2402391.141,89.99,2000,19,4.89,36.13
175347,Active,1533872,NA,NA,S,4,1,2075774.055,99,2007,25,49.39,70.02
175348,Active,57347,NA,NA,S,3,1,2482259.044,23.94,1996,52,4,23.94
175349,Active,57348,NA,NA,D,4,1,177020.32,25.94,2003,109,4.58,18.95
175350,Active,57346,NA,NA,D,5,1,42495.7775,175,2009,53,57.89,68.96
175351,Active,863135,NA,NA,D,2,1,2244318.543,232,2003,15,13.53,84.91
175352,Active,166325,NA,NA,D,2,1,425334.5088,132,2003,35,23.98,86.31
175353,Active,299135,NA,NA,D,0,0,569188.825,39.95,1999,36,5.25,0
175354,Active,647382,NA,NA,S,2,1,175715.0463,45,2010,44,21.99,35.81
175355,Active,268436,NA,NA,D,2,1,563332.2625,90,2006,31,5.76,36.62
175356,Active,721194,NA,NA,D,0,0,2178285.331,75,2003,25,4.75,14.01
175357,Active,646128,NA,NA,D,1,0,898740.7125,55,2010,20,26.89,160.37
175358,Active,268464,NA,NA,D,1,0,956450.3313,110,2007,28,4.49,23.18
175359,Active,3748945,NA,NA,S,2,1,147663.375,55,2015,15,35.41,35.48
175360,Active,1854646,NA,NA,D,1,0,1866414.533,90,2007,32,5.94,78.74
175361,Active,132360,NA,NA,D,1,0,832936.9875,70.2,2007,41,4,41.99
175362,Active,256488,NA,NA,D,1,0,971233.2038,49.95,2000,29,4,21.89
175363,Active,2338179,NA,NA,D,2,1,2823406.024,79.5,1988,30,4,52.51
175364,Active,103976,NA,NA,S,2,1,574063.7175,156,1995,34,11.62,63.62
175365,Active,125908,NA,NA,D,1,0,908498.4763,105,2001,30,33.09,67.94
175366,Active,213269,NA,NA,D,1,0,942509.2725,130.95,2007,32,57.98,94.88
175367,Active,912229,NA,NA,D,1,0,991504.745,246.95,2003,19,18.44,67.37
175368,Active,174009,NA,NA,D,1,0,1536461.298,74.99,2000,35,4.35,52.03
175369,Active,897393,NA,NA,D,1,0,1999349.389,80,2009,22,29.41,84.77
175370,Active,205792,NA,NA,D,0,0,2763515.031,95,2001,18,7.45,49.74
175371,Active,205795,NA,NA,S,2,1,704375.895,180,2003,45,23.55,67.92
175372,Active,213095,NA,NA,D,2,1,1501478.399,120.95,2005,22,27.65,90.48
175373,Active,907586,NA,NA,D,1,0,5348527.209,112.5,1993,23,4.19,49.05
175374,Active,663335,NA,NA,S,1,0,1708685.224,87,2013,22,42.99,63.56
175375,Active,152401,NA,NA,D,0,0,276484.13,149,2007,26,49.16,0
175376,Active,2341462,NA,NA,D,4,1,367490.26,94.95,1988,26,13.91,48.84
175377,Active,2335124,NA,NA,D,0,0,2071928.22,64.5,1991,20,19.98,77.33
175378,Active,264306,NA,NA,D,2,1,260136.9363,67.99,2010,37,19.99,50.2
175379,Active,1959214,NA,NA,D,0,0,980851.2138,99.95,2013,15,86.89,83.88
175380,Active,656647,NA,NA,D,0,0,2763721.739,109.95,2006,16,10.49,75
175381,Active,904533,NA,NA,D,1,0,2086171.941,90,2002,16,8.29,51.48
175382,Active,3462028,NA,NA,S,3,1,174472,85,2016,16,65.78,63.33
175383,Active,247564,NA,NA,D,1,0,2927977.276,123,2004,14,60.65,175.3
175384,Active,529759,NA,NA,D,4,1,659186.5125,52.99,2009,31,7.18,0
175385,Active,1936416,NA,NA,S,5,1,544611.805,56.99,2015,17,31.54,42.83
175386,Active,641303,NA,NA,S,2,1,545243.6613,70.99,2011,25,7.91,0
175387,Active,907280,NA,NA,D,0,0,2646318.955,275,2003,19,9.1,17.69
175388,Active,162185,NA,NA,S,5,1,149717.2175,110,2010,30,40.79,0
175389,Active,906798,NA,NA,S,3,1,122202.3225,95,2014,12,72.53,91.2
175390,Active,287693,NA,NA,D,2,1,259435.8888,95,2001,66,5.4,18.87
175391,Active,646524,NA,NA,D,1,0,1670853.489,67,2008,18,8.04,43.98
175392,Active,1981187,NA,NA,S,3,1,139267.71,67.95,2014,25,43.48,52.38
175393,Active,250624,NA,NA,D,2,1,903825.1225,65.95,2009,24,29.63,136.81
175394,Active,264970,NA,NA,S,4,1,576036.5125,79.95,2006,33,11.18,55.28
175395,Active,113173,NA,NA,S,1,0,92679.425,97.95,2009,20,26.64,55.93
175396,Active,221767,NA,NA,D,2,1,3395798.661,104.95,2005,13,42.99,147.93
175397,Active,106872,NA,NA,S,2,1,87161.82375,75,2012,37,11.71,29.54
175398,Active,199040,NA,NA,D,1,0,727373.9363,106,2000,51,4,13.82
175399,Active,2722045,NA,NA,D,1,0,3559210.68,117,2000,16,29.97,84.73
175400,Active,529753,NA,NA,S,3,1,174974.3925,69.95,2012,35,45.17,48.45
175401,Active,196615,NA,NA,D,2,1,1046787.713,62.95,2002,70,4,8.95
175402,Active,142199,NA,NA,D,10,1,281805.565,41.83,2011,65,5.37,104.64
175403,Active,141773,NA,NA,S,8,1,1242612.724,8.99,2005,47,4,8.99
175404,Active,142007,NA,NA,S,9,1,385046.3438,44.95,2008,32,13.98,17.81
175405,Active,141912,NA,NA,D,9,1,662576.0525,18.37,2008,54,4,14.75
175406,Active,702148,NA,NA,S,3,1,185356.2663,134,2012,43,16.53,23.35
175407,Active,2340614,NA,NA,D,1,0,3318292.548,95,1984,20,4,45.85
175408,Active,295262,NA,NA,D,2,1,2541228.466,57.95,2000,25,6.38,57.74
175409,Active,898073,NA,NA,D,0,0,4295777.964,50,1997,17,4,42.88
175410,Active,158278,NA,NA,D,1,0,1067540.421,99.95,2007,24,33.54,91.99
175411,Active,112796,NA,NA,D,6,1,2288786.948,131,2006,23,7.78,43.99
175412,Active,285709,NA,NA,D,7,1,1249734.515,79.95,2010,20,17.79,53.02
175413,Active,206342,NA,NA,D,1,0,2266301.793,60.95,2003,21,6.9,50.81
175414,Active,112839,NA,NA,D,6,1,341335.605,77.95,2005,32,6.34,14.99
175415,Active,113194,NA,NA,S,7,1,209997.2588,99.95,2010,36,14.87,70.76
175416,Active,863293,NA,NA,D,1,0,1136772.644,90,2005,31,4.09,18.07
175417,Active,1533512,NA,NA,D,1,0,3173634.766,89.95,2006,12,43.35,515.44
175418,Active,2883972,NA,NA,D,0,0,5253754.749,269.95,1987,20,4,50.33
175419,Active,2851174,NA,NA,S,2,1,3132680.993,199.95,2001,18,44.56,90.4
175420,Active,863810,NA,NA,D,1,0,2863084.518,265,2009,18,69.94,49.99
175421,Active,233109,NA,NA,S,3,1,424466.1438,135,1997,64,4,18.94
175422,Active,247722,NA,NA,D,0,0,606438.9025,66,2005,28,4.43,45.51
175423,Active,907382,NA,NA,D,1,0,3053821.255,125,2004,25,4.5,62.06
175424,Active,700227,NA,NA,D,1,0,2239864.48,157.5,2003,20,6.28,49
175425,Active,162355,NA,NA,S,2,1,81325.13875,60,2008,61,18.06,30.8
175426,Active,146884,NA,NA,D,3,1,1523040.931,69.95,2000,24,4.11,40.77
175427,Active,147471,NA,NA,D,4,1,450723.3838,88.95,2006,23,7.6,81.24
175428,Active,192856,NA,NA,D,4,1,1677862.944,99.95,2004,12,19.95,90.62
175429,Active,867187,NA,NA,S,3,1,625674.85,76.95,2014,24,30.68,33.36
175430,Active,793144,NA,NA,D,0,0,2745397.663,441,2002,17,17.64,35.86
175431,Active,212815,NA,NA,S,2,1,3355620.366,99.95,1995,28,4,23.38
175432,Active,1867528,NA,NA,D,2,1,1457551.311,159.95,2008,16,53.08,89.55
175433,Active,3049606,NA,NA,D,1,0,3184652.334,124.95,2003,14,74.44,123.74
175434,Active,201785,NA,NA,S,3,1,197369.5825,59.95,2010,20,46.29,59.26
175435,Active,249856,NA,NA,S,6,1,358960.6725,163.95,2007,28,46.56,71.53
175436,Active,868447,NA,NA,D,5,1,1790958.05,39,1998,12,6.56,37.96
175437,Active,113197,NA,NA,D,3,1,147690.41,78.95,2010,28,26.59,39.01
175438,Active,2578079,NA,NA,D,1,0,6413953.445,120,1985,21,6.6,42.44
175439,Active,265149,NA,NA,D,13,1,3548710.143,225,2005,18,6.48,65.81
175440,Active,265155,NA,NA,D,14,1,2086260.869,248,2006,18,7.21,33.99
175441,Active,1691870,NA,NA,S,0,0,151990.4825,38,2008,35,18.47,25.49
175442,Active,694516,NA,NA,S,1,0,51342.9,55.9,2002,38,4.4,50.53
175443,Active,60009,NA,NA,D,10,1,243275.1588,50.8,2005,88,4,9.39
175444,Active,130418,NA,NA,S,12,1,43936.46875,81.2,2011,57,29.11,53.98
175445,Active,863997,NA,NA,S,2,1,463705.5875,24.95,2011,40,5.85,21.94
175446,Active,873575,NA,NA,D,4,1,87818.81125,222.95,2003,52,6.72,72.33
175447,Active,910422,NA,NA,D,1,0,2285216.006,55.95,2005,30,4.31,38.99
175448,Active,649064,NA,NA,D,2,1,665575.3138,67,2009,30,4.99,33.99
175449,Active,909200,NA,NA,D,0,0,1171766.865,34.95,2006,32,21.39,67.21
175450,Active,665152,NA,NA,S,2,1,122667.3475,49.95,2009,30,31.73,39.78
175451,Active,367118,NA,NA,S,0,0,194129.0613,54.99,2005,46,5.08,8.94
175452,Active,868636,NA,NA,D,3,1,537147.5338,42.95,1994,42,4,27.29
175453,Active,202437,NA,NA,D,4,1,382023.6713,60,1999,37,4,24
175454,Active,236572,NA,NA,S,0,0,788010.8725,30,2006,21,18.98,71.19
175455,Active,225060,NA,NA,S,0,0,615456.0638,19.99,2004,64,4,19.96
175456,Active,286469,NA,NA,D,1,0,511795.0038,109.4,2011,57,4.96,28.74
175457,Active,539957,NA,NA,S,1,0,301710.4788,49.99,1991,59,4,26.51
175458,Active,287339,NA,NA,S,2,1,451401.6688,49.99,1998,23,4,41.48
175459,Active,637923,NA,NA,S,2,1,1118393.253,62,2010,22,9.15,32.99
175460,Active,251094,NA,NA,S,1,0,477735.135,152.95,2008,93,5.13,50.77
175461,Active,495946,NA,NA,D,1,0,718926.3038,215.95,2005,61,4,45.97
175462,Active,250056,NA,NA,S,4,1,328110.325,212.95,2006,24,4.82,52.49
175463,Active,247900,NA,NA,S,2,1,109627.3025,95,2010,37,37.99,65.91
175464,Active,576266,NA,NA,D,1,0,2497512.04,70.95,1999,30,4,16.17
175465,Active,613258,NA,NA,S,13,1,314876.4013,44.5,1998,64,4,13.07
175466,Active,862087,NA,NA,S,2,1,94765.04875,44.95,2014,46,19.27,28.99
175467,Active,864941,NA,NA,S,2,1,213715.9013,44.95,2014,34,17.32,20.99
175468,Active,529736,NA,NA,S,2,1,148124.3225,160.95,2012,94,5.86,27.97
175469,Active,1462464,NA,NA,S,1,0,278083.5675,62.45,2006,34,8.24,25.94
175470,Active,123763,NA,NA,S,1,0,149621.735,73.45,2002,112,4.79,23.99
175471,Active,554609,NA,NA,S,5,1,464976.0188,66.2,2005,29,24.01,41.96
175472,Active,2396177,NA,NA,S,1,0,76500.3025,112.95,2001,156,5.36,23.9
175473,Active,2396533,NA,NA,S,1,0,75663.1275,82.5,2003,89,4,23.99
175474,Active,921659,NA,NA,S,1,0,220472.5225,89.8,2002,93,5.01,25.94
175475,Active,686814,NA,NA,D,1,0,943768.97,7.45,2006,15,9.06,12.49
175476,Active,2396662,NA,NA,D,1,0,4010864.209,73.9,2005,20,6.36,9.01
175477,Active,2396621,NA,NA,S,1,0,239937.3163,56.1,2005,35,9.83,18.74
175478,Active,2396622,NA,NA,D,1,0,272102.925,67,2005,26,15.99,43.69
175479,Active,2396464,NA,NA,S,1,0,720565.1525,42.55,2002,22,11.18,28.71
175480,Active,2396530,NA,NA,S,0,0,83326.675,60.75,2003,78,4.77,14.8
175481,Active,868052,NA,NA,D,0,0,192384.7525,54,2002,35,10.89,53.93
175482,Active,534212,NA,NA,S,2,1,31149.34625,82.95,2008,52,28.42,63.93
175483,Active,623531,NA,NA,S,1,0,400429.1538,185.75,2008,27,49.59,78.99
175484,Active,774751,NA,NA,S,4,1,5004615.48,239,1998,20,7.04,79.25
175485,Active,914992,NA,NA,D,1,0,1686385.535,55,1998,32,4,9.99
175486,Active,629874,NA,NA,D,1,0,1311563.648,40,2002,29,4.54,53.68
175487,Active,667505,NA,NA,S,3,1,92104.1,44.95,2009,18,30.98,30.95
175488,Active,60445,NA,NA,D,9,1,580658.9088,119,2001,36,4,5.01
175489,Active,285803,NA,NA,D,9,1,1696458.983,119,2001,30,4.39,20.98
175490,Active,747990,NA,NA,D,1,0,1113402.395,69.5,1997,41,4,8.99
175491,Active,154350,NA,NA,S,2,1,64136.5875,132,2004,46,40.88,101.21
175492,Active,646775,NA,NA,S,6,1,88647.58375,180,1990,58,41.78,135.74
175493,Active,917545,NA,NA,S,3,1,713931.0625,98.29,1962,55,4,61.94
175494,Active,870317,NA,NA,S,2,1,644943.3738,33.95,1988,24,7.68,73.55
175495,Active,619878,NA,NA,D,3,1,309881.2925,306.95,2002,46,18.73,67.21
175496,Active,108672,NA,NA,D,0,0,425996.4763,0,2003,17,8,46.61
175497,Active,190464,NA,NA,D,1,0,562049.5625,34.49,2002,57,4.47,21.52
175498,Active,1900819,NA,NA,D,1,0,2983918.764,162.95,2009,16,4.98,43.86
175499,Active,639180,NA,NA,S,1,0,1320351.209,153.95,2010,24,39.88,73.1
175500,Active,529732,NA,NA,D,0,0,1268120.395,215.95,2002,26,6.69,137.75
175501,Active,249914,NA,NA,D,0,0,1075281.381,126.95,2006,38,5.71,108.08
175502,Active,144078,NA,NA,S,3,1,92076.14625,146,1998,53,41.5,111.64
175503,Active,2328403,NA,NA,S,7,1,1541047.443,55,2005,32,14.14,62.97
175504,Active,529729,NA,NA,D,29,1,280288.5813,65,2012,47,8.81,17.42
175505,Active,106365,NA,NA,D,27,1,901337.6125,47.95,2006,38,5.09,8.99
175506,Active,106741,NA,NA,D,28,1,698463.0275,60.95,2009,41,4.97,53.91
175507,Active,1437430,NA,NA,S,30,1,41931.3125,77,2015,40,31.36,49.34
175508,Active,3617448,NA,NA,D,1,0,487636.15,45,1982,187,5.27,16.88
175509,Active,614684,NA,NA,S,0,0,645358.3163,44.99,1995,80,4,9.99
175510,Active,862367,NA,NA,S,20,1,3061.09125,59.95,2014,46,36.98,38.68
175511,Active,641959,NA,NA,S,2,1,800377.735,93,2013,27,7.57,22.13
175512,Active,701962,NA,NA,S,1,0,1650000.278,86,2010,24,4.68,13.99
175513,Active,106295,NA,NA,D,1,0,2349305.313,72.95,2006,27,4,28.98
175514,Active,907572,NA,NA,D,1,0,3774255.051,72.95,2006,33,7.02,28.99
175515,Active,633691,NA,NA,S,3,1,308762.9375,88,2013,47,28.69,53.74
175516,Active,701913,NA,NA,D,1,0,1695321.886,86,2010,24,8.97,17.19
175517,Active,702479,NA,NA,S,2,1,669418.8075,98,2013,36,12.82,22.34
175518,Active,632212,NA,NA,D,1,0,1605251.528,86,2010,19,6.86,29.98
175519,Active,649450,NA,NA,S,2,1,643181.6088,90,2013,34,31.88,39.87
175520,Active,637533,NA,NA,S,2,1,292105.9188,99,2013,29,10.66,48.77
175521,Active,629252,NA,NA,D,1,0,1394109.588,99,2010,26,8.98,32.99
175522,Active,606777,NA,NA,D,17,1,391695.3888,60,2009,56,4.02,11.98
175523,Active,106188,NA,NA,D,16,1,1509559.369,52.95,2005,101,3.3,4.22
175524,Active,529727,NA,NA,D,18,1,219944.1113,73,2012,42,25.79,33.39
175525,Active,664351,NA,NA,S,2,1,832279.3675,87,2013,26,14,19.3
175526,Active,701914,NA,NA,D,1,0,1580130.72,86,2010,26,4.97,24.29
175527,Active,861407,NA,NA,S,2,1,890490.4038,90,2013,49,28.97,35.21
175528,Active,529726,NA,NA,D,2,1,1127320.965,92,2010,28,6.52,49.96
175529,Active,106296,NA,NA,D,1,0,1098032.796,72.95,2006,36,4.09,37.98
175530,Active,529725,NA,NA,S,18,1,283747.3788,89,2012,38,24.31,37.92
175531,Active,104082,NA,NA,S,14,1,2853971.631,125,1998,53,4.15,13.94
175532,Active,106418,NA,NA,S,17,1,535875.0463,207,2008,69,11.69,28.32
175533,Active,105885,NA,NA,D,16,1,288395.6163,145,2004,74,5.85,28.84
175534,Active,652453,NA,NA,S,18,1,457364.91,99,2012,41,24.28,0
175535,Active,549712,NA,NA,S,18,1,395272.215,99,2012,42,17.14,0
175536,Active,105850,NA,NA,D,16,1,2884699.863,0,2005,36,4.23,0
175537,Active,642415,NA,NA,D,1,0,1265793.568,86,2010,23,5.2,41.49
175538,Active,861408,NA,NA,S,2,1,498137.5888,90,2013,28,18.84,21.76
175539,Active,702478,NA,NA,S,3,1,903557.1413,90,2013,28,13.64,28.99
175540,Active,906504,NA,NA,S,0,0,10663.93125,49.95,1999,34,23.98,28.36
175541,Active,921750,NA,NA,S,0,0,27903.88125,75,2005,96,6.91,42.49
175542,Active,543186,NA,NA,S,0,0,23904.585,54.95,2000,35,15.25,9.49
175543,Active,870298,NA,NA,S,0,0,47226.0675,50,1999,29,20.89,28.39
175544,Active,1599298,NA,NA,S,0,0,65.5375,86.93,2009,65,46.23,49.96
175545,Active,1562169,NA,NA,D,1,0,123211.0113,56.94,2006,31,33.98,63.66
175546,Active,1433311,NA,NA,S,0,0,22667.455,45,2012,27,21.74,29.59
175547,Active,121113,NA,NA,D,7,1,145166.5675,147.2,2001,56,10.48,76.8
175548,Active,115935,NA,NA,D,4,1,308348.4425,135.4,2006,40,7.99,73.4
175549,Active,607527,NA,NA,D,3,1,1191766.523,121.4,2001,33,4.35,22.49
175550,Active,612564,NA,NA,S,3,1,20625.74,52.75,2013,28,29.48,40.53
175551,Active,3131402,NA,NA,D,1,0,854972.815,47,2005,73,4,8.99
175552,Active,270642,NA,NA,D,3,1,104264.1288,33,2010,78,5.06,25.85
175553,Active,294149,NA,NA,D,4,1,1625702.099,210,2005,21,6.48,128.63
175554,Active,529721,NA,NA,D,5,1,1127392.881,249.99,2009,23,10.75,73.49
175555,Active,913953,NA,NA,S,4,1,990015.5575,61.91,1992,30,23.97,59.97
175556,Active,655224,NA,NA,S,3,1,215485.6863,63,2013,31,35.37,41.42
175557,Active,640633,NA,NA,S,14,1,494389.7388,185,2001,27,10.04,73.81
175558,Active,919576,NA,NA,D,12,1,1063131.268,92.95,1992,43,4.75,5.98
175559,Active,3140784,NA,NA,D,3,1,1496444.25,18.94,2005,17,4.4,18.94
175560,Active,3568074,NA,NA,D,0,0,824253.7,0,2002,12,4.98,44.59
175561,Active,200168,NA,NA,D,1,0,372732.3125,104.95,2009,44,15.81,90.9
175562,Active,631802,NA,NA,D,3,1,953606.6038,42,2005,58,4,6.85
175563,Active,625136,NA,NA,S,2,1,595286.2938,103.95,2005,27,6.89,94.66
175564,Active,863191,NA,NA,D,3,1,816680.42,53,2004,67,5.02,0
175565,Active,252007,NA,NA,S,3,1,749489.9588,109.95,2007,31,4.67,82.99
175566,Active,2335170,NA,NA,D,0,0,900316.335,99.23,1994,53,4.57,28.77
175567,Active,104407,NA,NA,D,2,1,416790.715,0,2000,31,37.62,83.99
175568,Active,615104,NA,NA,D,0,0,841536.145,96.95,2012,71,3.99,5.04
175569,Active,624716,NA,NA,D,0,0,587298.2275,96.95,2012,78,4,7.43
175570,Active,613565,NA,NA,D,0,0,1023367.356,96.95,2011,65,4,4
175571,Active,1519016,NA,NA,S,1,0,525737.21,102,2015,68,4.99,10.99
175572,Active,254001,NA,NA,D,0,0,1276894.883,79.95,2010,75,3.79,4.36
175573,Active,612532,NA,NA,D,0,0,812488.7663,83.95,2014,79,4,8.23
175574,Active,860077,NA,NA,S,0,0,36845.425,49.99,2010,25,26.57,27.98
175575,Active,1890968,NA,NA,S,0,0,86780.3,69.99,2012,19,44.54,44.64
175576,Active,54992,NA,NA,D,2,1,340087.0675,69.95,2011,117,4,19.98
175577,Active,54991,NA,NA,D,0,0,807344.0038,12.99,2008,50,4,12.99
175578,Active,544653,NA,NA,D,3,1,40120.50875,79.95,2013,86,10.8,42.36
175579,Active,892755,NA,NA,S,2,1,573355.8838,44.99,2014,22,23.93,28.05
175580,Active,240284,NA,NA,S,1,0,1930539.713,77,2000,19,4,56.03
175581,Active,670170,NA,NA,D,0,0,2173357.958,99,2006,17,34.49,119.82
175582,Active,636563,NA,NA,D,3,1,2046611.281,297.99,2008,16,8.94,16.17
175583,Active,789132,NA,NA,D,2,1,4974837.979,199,2003,19,6.24,68.57
175584,Active,866344,NA,NA,S,4,1,211491.3688,69.95,2014,20,23.99,38.46
175585,Active,529716,NA,NA,S,3,1,1175500.876,69.95,2010,17,11.07,0
175586,Active,647922,NA,NA,D,1,0,2424875.556,193.95,2006,22,36.57,84.85
175587,Active,573529,NA,NA,D,1,0,3016742.414,113,2001,16,10.98,16.63
175588,Active,919166,NA,NA,D,1,0,467975.6763,49.99,2007,61,4.35,12.87
175589,Active,545587,NA,NA,S,3,1,42636.6375,54.99,2013,53,13.49,33.99
175590,Active,181953,NA,NA,S,1,0,40353.725,49.99,2009,29,23.98,25.98
175591,Active,2635613,NA,NA,S,1,0,7861.56,59.99,2004,88,18.41,36.53
175592,Active,529713,NA,NA,S,2,1,18049.2975,39.99,2012,54,10.81,23.49
175593,Active,292055,NA,NA,S,1,0,295947.1538,39.99,2005,216,4,9.99
175594,Active,617953,NA,NA,S,1,0,38496.575,49.99,2011,31,11.94,28.98
175595,Active,627392,NA,NA,S,2,1,1080415.069,49.99,2011,44,4,9.94
175596,Active,859265,NA,NA,S,2,1,2760.2425,44.95,2005,202,16.15,27.91
175597,Active,1615974,NA,NA,D,1,0,430438.8463,39.99,2008,85,4.5,5.88
175598,Active,1932495,NA,NA,S,1,0,33987.91875,49.99,2014,37,25.9,31.12
175599,Active,545589,NA,NA,S,3,1,14058.33875,69.99,2013,57,29.5,38.74
175600,Active,181999,NA,NA,S,2,1,224737.9825,69.99,2009,41,5.03,33.94
175601,Active,633253,NA,NA,S,1,0,111941.6,49.99,2010,55,9.43,32.25
175602,Active,529712,NA,NA,S,2,1,119594.7813,49.99,2008,51,12.39,22.49
175603,Active,353663,NA,NA,S,1,0,51627.425,49.99,2007,41,19.1,26.77
175604,Active,872280,NA,NA,S,2,1,6153793.541,146.95,1994,21,4,28.95
175605,Active,132614,NA,NA,S,10,1,33454.545,154.95,2009,77,17.24,56.69
175606,Active,182451,NA,NA,D,9,1,1738272.505,105.33,2000,35,4,37.98
175607,Active,132424,NA,NA,D,9,1,643966.84,110.6,2000,34,6.26,50.73
175608,Active,2002962,NA,NA,S,1,0,326977.4888,49.95,2015,8,33.79,47.09
175609,Active,1955560,NA,NA,D,0,0,301614.6763,19.95,2011,13,17.38,19.91
175610,Active,1718376,NA,NA,D,1,0,2178548.074,45,2007,23,3.99,11.06
175611,Active,1718306,NA,NA,S,2,1,428977.9375,55,2011,38,16.05,58.99
175612,Active,890359,NA,NA,S,0,0,981894.6713,19.96,2010,6,24.04,19.96
175613,Active,619888,NA,NA,S,2,1,666018.06,59.95,2001,38,4,44.68
175614,Active,2509452,NA,NA,D,0,0,417431.485,24.95,1996,51,4,14.09
175615,Active,747498,NA,NA,S,2,1,370712.755,49.95,2010,28,34.25,44.06
175616,Active,2745337,NA,NA,S,2,1,181356.5225,53.95,2001,66,6.83,32.99
175617,Active,3783396,NA,NA,S,3,1,76031.85,60,2003,74,13.21,33.17
175618,Active,1778682,NA,NA,S,1,0,59067.975,60,2013,18,32.69,35.63
175619,Active,629212,NA,NA,S,5,1,59609.46,49.99,2012,49,5.96,30.99
175620,Active,198031,NA,NA,S,4,1,835725.0513,46.47,2010,79,4,7.79
175621,Active,197710,NA,NA,S,3,1,1918088.43,39.79,2006,43,4.09,4.58
175622,Active,133146,NA,NA,D,3,1,1036468.11,91,2009,41,4,10.95
175623,Active,607723,NA,NA,D,2,1,2168300.874,59.8,2006,27,4,7.98
175624,Active,162357,NA,NA,S,3,1,730055.765,115.95,2009,42,23.49,69.29
175625,Active,1455677,NA,NA,D,2,1,1525067.409,205.73,2014,24,5.75,59.99
175626,Active,553150,NA,NA,D,2,1,1030193.228,197.53,2011,29,6.16,359.64
175627,Active,120250,NA,NA,D,2,1,168286.5013,130.2,2011,198,5.74,17.76
175628,Active,114710,NA,NA,D,0,0,853503.9338,103.89,2006,167,4,5.88
175629,Active,1452111,NA,NA,S,2,1,1222778.49,191.73,2012,31,13.76,174.11
175630,Active,1651550,NA,NA,D,1,0,3451332.148,59.95,2007,14,35.54,43.99
175631,Active,613921,NA,NA,S,0,0,506604.6938,40.98,2005,86,4.34,40.98
175632,Active,53112,NA,NA,D,9,1,545721.9038,78.95,2007,60,4,9.72
175633,Active,545642,NA,NA,D,11,1,9998.80875,165.95,2012,72,6.76,55.61
175634,Active,551300,NA,NA,S,0,0,2235146.698,96.16,2003,36,4.79,54.99
175635,Active,112324,NA,NA,S,0,0,487536.635,151.5,2007,69,7.15,51.47
175636,Active,194149,NA,NA,S,1,0,42525.95,66,2009,30,33.49,48.78
175637,Active,53113,NA,NA,D,10,1,138585.15,177.95,2009,140,4.49,23.99
175638,Active,576554,NA,NA,D,2,1,1245816.948,61.95,2002,23,4.59,37.64
175639,Active,60446,NA,NA,D,3,1,1656239.986,265.95,2006,52,4.55,33.91
175640,Active,253858,NA,NA,D,4,1,998189.6013,250.95,2009,67,4,9.97
175641,Active,873231,NA,NA,D,4,1,1457999.955,141.99,2010,27,5.26,19.52
175642,Active,789388,NA,NA,S,2,1,4836807.444,74.95,2003,34,4.07,8.99
175643,Active,610348,NA,NA,S,5,1,7503.49625,119.99,2013,99,49.49,48.74
175644,Active,203831,NA,NA,D,3,1,1827781.736,94.95,2006,99,4,5.99
175645,Active,204058,NA,NA,D,4,1,66827.4075,106.99,2009,196,5.48,12.99
175646,Active,529711,NA,NA,S,2,1,64471.76375,50.99,2010,45,14.4,24.37
175647,Active,53722,NA,NA,D,4,1,16700.89875,90,2008,116,13.95,39.85
175648,Active,577673,NA,NA,S,2,1,2036166.95,48,1997,40,4,6.89
175649,Active,618160,NA,NA,S,11,1,642490.6163,51.95,1999,68,4,0
175650,Active,574215,NA,NA,S,2,1,137443.9025,40.95,2010,30,21.93,37.94
175651,Active,576748,NA,NA,S,1,0,28173.32875,96.95,2011,18,54.98,62.99
175652,Active,184784,NA,NA,S,2,1,1423033.525,112.75,2001,70,4.58,18.99
175653,Active,873243,NA,NA,D,4,1,960319.2925,130.95,2004,30,4.98,50.15
175654,Active,778374,NA,NA,D,3,1,1386446.406,93.95,2003,15,6.99,46.69
175655,Active,200425,NA,NA,S,5,1,283979.8025,131.95,2010,94,26.21,53.99
175656,Active,245135,NA,NA,D,6,1,1067664.038,318.95,2004,41,4,17.49
175657,Active,200384,NA,NA,S,1,0,58209.475,116.95,2010,42,22.34,68.99
175658,Active,118359,NA,NA,D,5,1,261450.99,76,2009,33,11.18,43.94
175659,Active,576639,NA,NA,D,2,1,416694.4288,129.95,2008,74,4,30.75
175660,Active,632058,NA,NA,S,3,1,31109.33375,124.95,2013,41,45.99,76.97
175661,Active,536939,NA,NA,S,6,1,37256.0675,103.8,2012,75,39.3,79.94
175662,Active,205983,NA,NA,D,1,0,1715732.179,80,2005,34,4,9.98
175663,Active,162650,NA,NA,D,2,1,140233.695,90,2009,128,4,14.77
175664,Active,632043,NA,NA,S,3,1,5511.9125,95,2013,72,27.5,53.94
175665,Active,468655,NA,NA,D,7,1,693111.465,148,2007,29,7.97,43.98
175666,Active,143369,NA,NA,D,2,1,1107053.193,35,1998,26,4,16
175667,Active,344566,NA,NA,S,1,0,80351.7,94.95,2006,34,13.84,53.86
175668,Active,252022,NA,NA,S,1,0,120939.575,145.95,2010,45,19.87,71.99
175669,Active,529708,NA,NA,S,4,1,93780.8425,123.95,2012,40,76.74,83.98
175670,Active,200308,NA,NA,D,3,1,931613.9738,123.95,2003,54,4,8.75
175671,Active,869508,NA,NA,S,2,1,78882.55,90.95,2015,25,42.99,43.94
175672,Active,597294,NA,NA,D,2,1,4995430.744,65,2003,17,4,72.33
175673,Active,201706,NA,NA,D,3,1,674998.4275,45.95,2006,38,4,22.82
175674,Active,665351,NA,NA,S,2,1,85609.04125,85,2012,25,33.99,38.98
175675,Active,60447,NA,NA,D,5,1,1895975.535,176.95,2005,63,3.99,9.95
175676,Active,639710,NA,NA,S,8,1,31424.5475,102.95,2013,53,43.98,56.98
175677,Active,366534,NA,NA,D,6,1,1091916.67,103.95,2008,78,4,4.13
175678,Active,529707,NA,NA,D,5,1,302657.6213,90.95,2011,48,5.15,40.33
175679,Active,533966,NA,NA,D,4,1,948459.1325,90.95,2007,55,4,22.48
175680,Active,577735,NA,NA,D,1,0,764519.7063,80,2007,68,4,8.98
175681,Active,582902,NA,NA,S,3,1,697375.2763,125.4,1997,86,4,33.79
175682,Active,867352,NA,NA,S,2,1,57853.7275,90,2013,57,29.8,52.35
175683,Active,246592,NA,NA,D,1,0,351520.2763,69.95,2008,36,4,25
175684,Active,494788,NA,NA,D,1,0,1307078.355,125.95,2007,21,4,41.87
175685,Active,200300,NA,NA,D,1,0,1087458.46,140.95,2005,34,4,16.97
175686,Active,209630,NA,NA,D,1,0,335589.4625,42,2008,59,5.96,25.98
175687,Active,186216,NA,NA,S,2,1,4339103.033,115,1997,22,3.99,8.96
175688,Active,162835,NA,NA,D,4,1,353065.4213,13.97,2010,54,7.15,13.96
175689,Active,449523,NA,NA,D,3,1,1227204.751,43.99,2006,54,4,31.98
175690,Active,291707,NA,NA,D,5,1,90808.31625,355.95,2011,56,9.72,69.3
175691,Active,60449,NA,NA,D,3,1,1658255.661,288.95,2004,49,4,23.97
175692,Active,288938,NA,NA,D,4,1,692516.3025,376.95,2008,44,4.44,50.98
175693,Active,564580,NA,NA,D,0,0,4457027.883,75,2002,17,4,42.94
175694,Active,288916,NA,NA,D,4,1,223613.5313,9.95,2007,33,4,12.94
175695,Active,288514,NA,NA,D,3,1,409092.7413,86.67,2002,45,4,24.49
175696,Active,917824,NA,NA,S,4,1,59117.605,64.95,2014,41,31.84,40.94
175697,Active,55137,NA,NA,D,6,1,515113.605,67.21,2008,62,4,27.15
175698,Active,110703,NA,NA,D,7,1,22345.78125,121.14,2011,109,12.98,41.93
175699,Active,55136,NA,NA,D,5,1,1503059.305,116.5,2006,51,3.79,6.47
175700,Active,407877,NA,NA,S,2,1,19608.575,85,2007,41,39.25,43.09
175701,Active,1708707,NA,NA,S,0,0,132213.8738,65,2014,26,36.08,52.7
175702,Active,199113,NA,NA,D,1,0,661281.3263,97,2003,42,4,9.98
175703,Active,285914,NA,NA,S,4,1,249064.0438,115,2002,49,4,38.94
175704,Active,190432,NA,NA,D,4,1,219075.815,56.39,2007,46,4.91,33.98
175705,Active,652272,NA,NA,S,1,0,11397.91875,78.95,2013,57,30.97,0
175706,Active,914255,NA,NA,S,6,1,10503.69125,69.95,2014,40,32.59,61.69
175707,Active,253984,NA,NA,D,4,1,155320.4425,106,2011,95,4,19.84
175708,Active,529701,NA,NA,S,3,1,329304.88,130.5,2009,47,8.68,25.97
175709,Active,56007,NA,NA,S,0,0,584899.055,86,2002,50,4,37
175710,Active,248890,NA,NA,D,3,1,1115234.21,94.95,2007,61,4,15.99
175711,Active,286075,NA,NA,S,1,0,45147.05,143.8,2010,97,8.59,33.45
175712,Active,1826379,NA,NA,S,4,1,51596.59375,85.95,2015,20,62.66,71.99
175713,Active,200436,NA,NA,D,3,1,206961.3113,111.95,2008,115,8.75,21.99
175714,Active,260005,NA,NA,D,1,0,1007649.023,103,2007,42,4,33.89
175715,Active,592352,NA,NA,D,2,1,2539298.814,84.95,2008,44,4,5.22
175716,Active,534683,NA,NA,D,4,1,819289.9675,98.95,2012,104,4,10.99
175717,Active,529699,NA,NA,D,3,1,1374670.908,92.95,2010,92,3.79,6.09
175718,Active,162766,NA,NA,S,3,1,241333.0463,90,2009,26,23.87,37.59
175719,Active,143282,NA,NA,D,6,1,871282.3413,158,2008,36,5.59,6.59
175720,Active,875729,NA,NA,D,5,1,1050835.713,133,2004,38,4.76,55
175721,Active,433363,NA,NA,D,6,1,313496.0763,213,2008,50,6.36,77.99
175722,Active,254480,NA,NA,S,2,1,86296.7175,48.95,2011,43,24.74,27.7
175723,Active,615152,NA,NA,S,2,1,5351233.249,42.5,1995,23,3.99,38.93
175724,Active,906646,NA,NA,S,5,1,145195.01,57.5,2015,24,38.2,46.11
175725,Active,262463,NA,NA,S,0,0,1308295.008,24.95,2007,33,4,45.91
175726,Active,591359,NA,NA,S,2,1,623017.145,100.95,2005,54,4,53.75
175727,Active,131366,NA,NA,D,0,0,1443769.701,53.6,2000,41,4,33.79
175728,Active,594661,NA,NA,S,2,1,264608.5025,77.95,2012,20,42.9,38.95
175729,Active,600757,NA,NA,S,4,1,169809.0375,229.99,2011,44,20.45,121.69
175730,Active,543592,NA,NA,S,2,1,92091.05,46.95,2009,14,30.47,32.54
175731,Active,199890,NA,NA,D,4,1,3141354.183,64.95,2004,28,4,7.93
175732,Active,867444,NA,NA,S,2,1,102721.8925,99.95,2014,47,33.92,71.98
175733,Active,200252,NA,NA,D,1,0,490284.925,133.95,2007,78,4,19.89
175734,Active,529698,NA,NA,D,4,1,1398724.634,78.95,2011,33,4,53.29
175735,Active,200349,NA,NA,D,3,1,1209404.01,109.95,2007,68,4,5.57
175736,Active,254547,NA,NA,D,4,1,132524.95,101.95,2011,126,3.84,11.94
175737,Active,61236,NA,NA,S,2,1,1928526.904,66.95,2004,43,4,15.98
175738,Active,200282,NA,NA,D,5,1,604617.5588,122.95,2007,132,4,28.83
175739,Active,529697,NA,NA,S,6,1,40051.92125,118.95,2012,58,29.83,68.94
175740,Active,576733,NA,NA,S,1,0,35218.725,131.95,2011,35,52.67,66.68
175741,Active,609694,NA,NA,S,3,1,2274025.693,83,2003,38,4,34.23
175742,Active,597284,NA,NA,D,5,1,49904.2325,100,2011,114,7.94,29.98
175743,Active,609696,NA,NA,D,4,1,810852.3475,89,2007,89,4,12.99
175744,Active,609695,NA,NA,D,4,1,696422.3188,98,2005,91,4,7.98
175745,Active,260020,NA,NA,D,5,1,24532.52,142.25,2010,104,4.99,48.89
175746,Active,529696,NA,NA,D,4,1,726707.25,208.95,2008,80,4,11.41
175747,Active,534672,NA,NA,S,8,1,54634.99375,65.95,2013,53,13.94,36.84
175748,Active,248791,NA,NA,D,7,1,883078.1725,59.95,2007,90,4,8.88
175749,Active,200635,NA,NA,D,1,0,32186.035,121.95,2010,69,39.99,62.27
175750,Active,584907,NA,NA,D,2,1,3435635.323,52,2002,30,4,15.89
175751,Active,200309,NA,NA,D,0,0,1913717.683,76.95,2004,45,4,20.96
175752,Active,200363,NA,NA,D,2,1,476122.01,139.95,2008,90,4,21.21
175753,Active,849947,NA,NA,D,3,1,947216.8263,82.5,1999,34,6.98,21.99
175754,Active,642029,NA,NA,D,6,1,279853.6663,95,2013,39,21.24,39.89
175755,Active,582345,NA,NA,D,4,1,2492887.24,75,2007,27,4,5.99
175756,Active,295829,NA,NA,D,5,1,929090.9463,90,2010,40,4.12,10.98
175757,Active,294180,NA,NA,S,2,1,362140.5638,79.99,2007,82,4.97,33.74
175758,Active,200004,NA,NA,D,1,0,616260.8125,115.95,2005,50,4,44.51
175759,Active,637765,NA,NA,S,1,0,89178.02875,102.95,2012,35,31.98,58.97
175760,Active,620297,NA,NA,D,2,1,802015.7913,85,2008,55,4.07,8.91
175761,Active,867663,NA,NA,S,3,1,259408.2513,96,2014,30,49.91,63.37
175762,Active,249813,NA,NA,D,2,1,342924.6363,186.95,2008,68,4,12.65
175763,Active,114197,NA,NA,S,4,1,1444236.479,52.67,2001,57,3.97,5.98
175764,Active,116131,NA,NA,D,5,1,831113.3825,62.59,2005,105,4,13.49
175765,Active,120199,NA,NA,D,6,1,62933.03375,89,2010,139,7.23,27.32
175766,Active,609372,NA,NA,D,2,1,5139099.799,101.95,1994,21,4,12.94
175767,Active,609120,NA,NA,D,3,1,1252235.08,154.95,2001,34,4,35.34
175768,Active,162475,NA,NA,S,1,0,72352.36,85,2010,41,21.99,0
175769,Active,607448,NA,NA,S,8,1,70744.7275,130.4,2008,155,8.59,37.24
175770,Active,57174,NA,NA,D,6,1,1241125.871,72.95,2005,109,4,4.8
175771,Active,57175,NA,NA,D,7,1,107153.3075,92.95,2009,303,4,13.96
175772,Active,438052,NA,NA,D,4,1,985889.2275,69,2007,34,4.22,67.52
175773,Active,53202,NA,NA,D,7,1,150271.73,36.9,2010,75,4.45,23.98
175774,Active,169908,NA,NA,D,2,1,229369.45,250.95,2009,60,9.69,61.25
175775,Active,346401,NA,NA,S,7,1,653945.9325,93.95,2009,25,24.99,67.11
175776,Active,912260,NA,NA,D,3,1,4095070.791,65.95,2004,29,4,32.99
175777,Active,417337,NA,NA,D,8,1,15605.37875,28.97,2011,152,6.64,20.98
175778,Active,163986,NA,NA,D,1,0,1538476.06,6.62,2003,38,3.84,4.58
175779,Active,760271,NA,NA,D,1,0,8249526.066,512.85,2003,15,6.38,111.01
175780,Active,421858,NA,NA,D,1,0,228372.9075,152.8,2010,59,4.78,71.35
175781,Active,53204,NA,NA,D,5,1,2182401.569,20.98,2005,39,4,19.98
175782,Active,450489,NA,NA,D,0,0,3085745.811,145.94,2006,13,5.69,126.51
175783,Active,451802,NA,NA,D,7,1,40086.72125,323.95,2009,68,12.45,43.95
175784,Active,178000,NA,NA,D,1,0,1459518.734,155.95,2005,36,4,49.84
175785,Active,252602,NA,NA,D,3,1,68508.84375,19.15,2011,104,4.7,18.99
175786,Active,109648,NA,NA,S,6,1,2767663.251,17.87,2005,39,4,19.98
175787,Active,416626,NA,NA,D,7,1,355206.0675,21.99,2008,103,4.13,15.25
175788,Active,53201,NA,NA,D,6,1,950009.34,23.98,2008,98,4,19.95
175789,Active,450427,NA,NA,D,6,1,488084.7,200.95,2006,63,4,41.56
175790,Active,52753,NA,NA,D,2,1,645854.3588,19.39,2006,84,4,15.69
175791,Active,116039,NA,NA,S,7,1,261309.5063,121.6,2005,47,6.63,73.99
175792,Active,607214,NA,NA,D,6,1,1571677.413,45,2001,26,5.01,61.42
175793,Active,52021,NA,NA,S,5,1,1598959.818,167.95,2000,75,4,4.99
175794,Active,52022,NA,NA,D,8,1,18824.67,229.95,2011,89,12.04,34.37
175795,Active,52024,NA,NA,D,6,1,1328285.74,162.95,2005,135,3.98,13.41
175796,Active,52023,NA,NA,D,7,1,383461.005,242.95,2008,152,4,13.87
175797,Active,591345,NA,NA,S,1,0,132197.75,184.95,2004,43,5.44,62.01
175798,Active,423294,NA,NA,D,1,0,299720.76,149,2008,64,6.65,26.98
175799,Active,635574,NA,NA,S,4,1,26944.85,88.95,2013,40,43.25,53.98
175800,Active,553609,NA,NA,D,2,1,605828.825,94.4,2008,55,4,11.29
175801,Active,391022,NA,NA,D,8,1,2294196.223,86,2004,24,4,4.73
175802,Active,260013,NA,NA,D,9,1,291288.78,99,2009,45,4,7.95
175803,Active,391016,NA,NA,S,6,1,4977507.481,51,2000,18,3.99,14.61
175804,Active,916231,NA,NA,D,1,0,390589.45,192.95,1996,25,4,44.69
175805,Active,497315,NA,NA,S,2,1,86704.525,197.95,2007,92,37.98,58.99
175806,Active,54046,NA,NA,D,8,1,115161.1525,89.4,2008,136,4,17.94
175807,Active,579414,NA,NA,S,6,1,801162.3425,68,2004,72,4,12.94
175808,Active,54047,NA,NA,D,9,1,264831.5275,105.4,2010,131,4.31,23.99
175809,Active,1551956,NA,NA,S,2,1,1399867.884,70.95,2014,21,40.17,60.18
175810,Active,902532,NA,NA,S,8,1,1184945.976,91.95,2007,25,42.99,66.41
175811,Active,634568,NA,NA,S,2,1,467637.4313,67.95,2004,29,6.21,31.1
175812,Active,598496,NA,NA,S,2,1,155719.4575,117.5,2009,47,4.14,55.81
175813,Active,1867707,NA,NA,D,1,0,2570971.523,57.95,2009,26,4,28.85
175814,Active,661036,NA,NA,S,2,1,866303.29,57.95,2012,20,18.94,49.97
175815,Active,50873,NA,NA,D,3,1,243492.525,141.95,2009,104,4,18.99
175816,Active,534616,NA,NA,D,5,1,20211.10625,172.5,2011,100,40.43,53.99
175817,Active,658040,NA,NA,S,4,1,26647.23875,114.95,2013,65,36.25,67.39
175818,Active,50871,NA,NA,D,2,1,1100620.484,91.95,2005,73,4,9.55
175819,Active,502758,NA,NA,D,4,1,463005.7463,120,2007,54,6.32,60.42
175820,Active,919018,NA,NA,D,3,1,1281325.204,108,2005,45,4,11.96
175821,Active,632137,NA,NA,S,2,1,713999.82,75,2012,30,22.54,39.89
175822,Active,749805,NA,NA,D,1,0,1533302.335,78.95,2007,29,4,17.94
175823,Active,330358,NA,NA,D,1,0,2281283.159,142.95,2003,30,4,16.89
175824,Active,330650,NA,NA,S,2,1,168563.5288,164.95,2006,72,4,13.99
175825,Active,874583,NA,NA,D,3,1,4423695.938,135.04,2010,33,9.67,63.2
175826,Active,594306,NA,NA,D,3,1,874083.1738,139,2010,32,4,45.73
175827,Active,152394,NA,NA,D,3,1,881472.0463,139,2004,49,5.63,51.09
175828,Active,1437526,NA,NA,S,1,0,64837.4,60,2015,12,32.41,35.77
175829,Active,391031,NA,NA,D,1,0,532352.01,137.25,2008,24,6.99,33.99
175830,Active,546252,NA,NA,S,2,1,104151.6213,146,2012,72,75.99,98.99
175831,Active,1677877,NA,NA,S,4,1,374394.3863,47.95,2014,19,43.94,44.45
175832,Active,259997,NA,NA,D,2,1,616377.2413,78,2005,53,4,16.98
175833,Active,647136,NA,NA,S,2,1,676658.0363,39.99,2012,37,7.12,24.65
175834,Active,3127272,NA,NA,S,12,1,1023369.841,35.95,2004,36,5.96,46.19
175835,Active,3127271,NA,NA,S,12,1,499607.335,32.95,2004,94,4,20.81
175836,Active,2154385,NA,NA,D,1,0,1076072.393,29.95,2006,29,4,14.47
175837,Active,634991,NA,NA,D,2,1,509273.1138,39.95,2011,16,26.18,38.12
175838,Active,614499,NA,NA,D,2,1,572507.265,80.85,2013,12,7.99,0
175839,Active,2583400,NA,NA,S,1,0,575670.0488,202.95,2005,38,4.31,54.56
175840,Active,790021,NA,NA,S,0,0,124608.5763,35,2008,27,24.73,26.37
175841,Active,2153784,NA,NA,S,5,1,76192.675,36.49,2012,9,31.7,33.99
175842,Active,890881,NA,NA,S,15,1,106024.8413,50,2014,52,30.99,36.03
175843,Active,615739,NA,NA,D,1,0,1451871.436,94.99,2001,39,4.76,31.87
175844,Active,188004,NA,NA,D,5,1,1353302.595,93.99,2002,49,4,38.59
175845,Active,561666,NA,NA,S,1,0,33897.9,74.95,2007,14,48.99,45.87
175846,Active,253660,NA,NA,S,2,1,54201.72,59.95,2009,43,36.91,39.06
175847,Active,788725,NA,NA,D,1,0,3479441.756,99,2000,20,5.92,47.19
175848,Active,775145,NA,NA,D,1,0,4213900.308,184,2003,21,4.64,33.57
175849,Active,627267,NA,NA,D,2,1,1459764.081,195,2010,16,44.4,46.99
175850,Active,278662,NA,NA,D,2,1,479955.0025,89.95,2005,60,6.97,44.2
175851,Active,541606,NA,NA,S,2,1,122796.85,42.95,2008,20,14.02,19.25
175852,Active,2227926,NA,NA,S,0,0,848720.325,10.62,2010,3,9.69,9.97
175853,Active,285347,NA,NA,S,3,1,679589.9475,88.45,2006,30,11.79,88.99
175854,Active,870553,NA,NA,S,3,1,304637.5775,212,2007,29,22.99,65.99
175855,Active,111310,NA,NA,D,4,1,118759.2088,48.97,2010,58,47.69,79.66
175856,Active,2560645,NA,NA,D,0,0,3096024.666,67.53,1980,25,6.38,73.21
175857,Active,2177715,NA,NA,D,1,0,4313471.299,119,2006,14,40.64,192.57
175858,Active,3598688,NA,NA,D,0,0,2758754.4,99.95,1997,13,38.92,803.99
175859,Active,911139,NA,NA,D,0,0,1320684.563,113.31,1992,32,6.49,101.86
175860,Active,635374,NA,NA,D,9,1,968520.0138,62.42,2001,38,4.76,54.49
175861,Active,660546,NA,NA,D,2,1,439160.8063,212.2,1998,35,5.18,117.07
175862,Active,633510,NA,NA,S,2,1,182110.1463,134.66,2002,36,22.72,103.61
175863,Active,1595143,NA,NA,D,1,0,2075760.346,170,2008,20,54.99,108.44
175864,Active,654859,NA,NA,S,2,1,457605.8038,49.95,2005,20,22.16,0
175865,Active,185155,NA,NA,S,0,0,126278.4088,118.05,1996,170,4.44,10.99
175866,Active,571870,NA,NA,S,4,1,1375972.624,18.24,2001,42,4.07,18.24
175867,Active,848937,NA,NA,S,3,1,2915057.124,59.96,1998,38,4,38.21
175868,Active,60961,NA,NA,D,5,1,394568.865,101.95,2004,128,4,7.89
175869,Active,544251,NA,NA,S,7,1,80667.4175,111.95,2013,73,9.56,23.76
175870,Active,291752,NA,NA,D,6,1,378967.8388,115.95,2009,126,4.93,19.76
175871,Active,1624399,NA,NA,S,2,1,1418802.684,110.2,2006,56,4,7.97
175872,Active,874123,NA,NA,D,4,1,3398790.329,22.67,1992,21,4.08,92.21
175873,Active,868376,NA,NA,D,5,1,1817128.4,29.56,1996,52,4,32.09
175874,Active,155352,NA,NA,S,6,1,98765.8675,132.95,1999,59,16.99,41.72
175875,Active,259366,NA,NA,D,3,1,704925.0575,126.72,2003,39,11,53.25
175876,Active,621161,NA,NA,D,2,1,486164.7863,99,2000,53,5.57,47.63
175877,Active,541649,NA,NA,D,3,1,114630.1413,130,2008,44,19.32,78.73
175878,Active,608327,NA,NA,D,5,1,1563161.356,100.37,2000,33,6.74,70.73
175879,Active,647861,NA,NA,S,2,1,480787.4075,37.95,2003,39,5.47,25.99
175880,Active,359379,NA,NA,S,0,0,600646.235,49.95,2001,37,5.94,19.54
175881,Active,1731766,NA,NA,D,0,0,2527237.433,149.95,2007,15,10.01,79.88
175882,Active,2836611,NA,NA,S,2,1,1715927.79,119.95,1995,27,4.42,68.45
175883,Active,202227,NA,NA,S,3,1,1494198.081,317.95,2000,30,5.76,33.94
175884,Active,529683,NA,NA,D,5,1,257079.475,272.95,2010,68,14.58,38.97
175885,Active,60452,NA,NA,D,4,1,719439.8263,299.95,2005,37,8.97,33.99
175886,Active,1449381,NA,NA,D,2,1,1517141.998,130.75,2006,21,28.78,147.88
175887,Active,898442,NA,NA,D,0,0,8988472.465,54.4,2008,11,4.4,120.51
175888,Active,607476,NA,NA,D,4,1,126754.4688,104.4,2009,49,9.9,55.78
175889,Active,607299,NA,NA,D,3,1,1373485.635,64,2004,41,4,15.51
175890,Active,646574,NA,NA,S,0,0,27599.15,110,2007,23,41.98,49.99
175891,Active,1890577,NA,NA,S,0,0,64736.075,89.99,2013,12,58.98,58.94
175892,Active,2894443,NA,NA,S,0,0,388429.8213,49.99,1993,46,24.96,48.99
175893,Active,620430,NA,NA,D,0,0,573301.535,44.99,1991,32,20.63,37.4
175894,Active,1498551,NA,NA,S,0,0,193994.5238,44.99,2015,15,26.27,27.3
175895,Active,632142,NA,NA,S,1,0,25377.625,40,2012,22,25.82,25.83
175896,Active,631139,NA,NA,D,2,1,963217.355,97.95,2000,19,4,45.4
175897,Active,202829,NA,NA,D,2,1,1147001.044,97.95,2000,27,17.23,132.53
175898,Active,2401782,NA,NA,S,0,0,543309.2513,49.95,1967,46,6,30.94
175899,Active,827295,NA,NA,S,2,1,538982.825,43.95,2003,62,4,10.98
175900,Active,3611252,NA,NA,D,0,0,8299877.7,98.5,1995,16,120.28,183.35
175901,Active,279502,NA,NA,S,3,1,573190.3675,34.95,2010,93,4,6.84
175902,Active,546880,NA,NA,S,2,1,29751.51125,39.99,2013,45,15.94,25.57
175903,Active,529681,NA,NA,S,2,1,261890.85,40,2009,28,28.43,28.38
175904,Active,55134,NA,NA,S,7,1,951455.7988,103.7,2003,65,4,9.99
175905,Active,543865,NA,NA,D,10,1,102185.1013,76.04,2012,89,5.05,44.66
175906,Active,55133,NA,NA,D,9,1,566149.385,28.78,2008,81,4,37.59
175907,Active,55135,NA,NA,D,8,1,1158468,10.96,2006,73,4,9.85
175908,Active,1537885,NA,NA,D,1,0,749964.1575,52.95,2006,39,36.45,40.6
175909,Active,1556999,NA,NA,S,2,1,506917.5563,55.95,2014,15,43.28,41.52
175910,Active,158045,NA,NA,D,1,0,1348094.265,44.95,2005,30,9.73,59.37
175911,Active,157735,NA,NA,S,2,1,407467.8238,48.95,2011,38,34.22,42.91
175912,Active,896183,NA,NA,S,2,1,4539660.478,62,2002,15,7.32,45.99
175913,Active,253653,NA,NA,D,3,1,86101.17375,59.95,2009,86,9.39,47.94
175914,Active,867914,NA,NA,S,4,1,12696.25125,69.95,2014,79,40.84,38.99
175915,Active,613290,NA,NA,D,2,1,624892.6125,54.95,2004,99,4,17.98
175916,Active,132365,NA,NA,D,2,1,401975.42,92,2007,53,4,13.89
175917,Active,610215,NA,NA,D,3,1,322470.6238,54.99,2012,29,14.42,27.84
175918,Active,653452,NA,NA,S,3,1,4300459.925,215,1999,19,8.97,93.92
175919,Active,632935,NA,NA,D,1,0,3462700.576,97.95,2008,20,4.13,45.14
175920,Active,538207,NA,NA,S,5,1,587826.9038,88,2010,37,8.97,39.47
175921,Active,211049,NA,NA,S,2,1,183514.8138,89.95,2011,47,45.99,58.74
175922,Active,210967,NA,NA,D,1,0,797279.8938,75.95,2007,31,4.48,12.9
175923,Active,217727,NA,NA,S,2,1,171912.9775,66.99,2011,40,17.97,46.19
175924,Active,2031018,NA,NA,S,2,1,3395417.113,169,2008,18,18.99,56.95
175925,Active,3132321,NA,NA,D,1,0,2559568.381,84,2004,10,38.55,155.27
175926,Active,192885,NA,NA,S,3,1,219056.4475,89.95,2002,30,13.19,81.91
175927,Active,247180,NA,NA,S,15,1,900400.5863,79.8,2011,39,10.51,28.87
175928,Active,613042,NA,NA,D,6,1,572187.785,61.95,2008,136,4,17.78
175929,Active,613833,NA,NA,D,7,1,22487.67125,77.99,2011,128,10.46,21.38
175930,Active,1729374,NA,NA,D,0,0,3374192.826,50,2010,18,8.89,70.96
175931,Active,2829392,NA,NA,S,0,0,353792.2225,40,1998,28,12.12,18.98
175932,Active,1729375,NA,NA,S,0,0,178484.9288,75,2010,33,26.6,53.43
175933,Active,1729398,NA,NA,S,0,0,33769.075,60,2014,21,31.58,36.79
175934,Active,2505517,NA,NA,S,1,0,786327.6613,48.74,1992,53,4.83,47.98
175935,Active,922790,NA,NA,S,0,0,824238.795,50,1984,89,5.22,24.95
175936,Active,628952,NA,NA,S,1,0,111073.1763,115,2001,74,5.1,84.41
175937,Active,653739,NA,NA,D,5,1,4031982.241,349,1998,12,20.62,124.99
175938,Active,534227,NA,NA,D,6,1,2198550.523,399.99,2006,10,58.99,148.99
175939,Active,622758,NA,NA,S,2,1,73571.5,44,2006,19,17.94,39.96
175940,Active,230292,NA,NA,D,2,1,1061370.661,69.8,1998,21,12.02,69.8
175941,Active,919648,NA,NA,S,0,0,515651.4725,49.99,2003,34,12.72,26.99
175942,Active,637308,NA,NA,D,0,0,132802.27,89.95,2005,82,11.68,28.99
175943,Active,631846,NA,NA,S,2,1,208958.6338,109,2002,42,4.98,50.27
175944,Active,661759,NA,NA,S,0,0,194580.9813,49.95,2012,20,38.84,40.39
175945,Active,867825,NA,NA,S,2,1,78999.6725,49.99,2014,20,29.53,31.47
175946,Active,868066,NA,NA,D,8,1,629971.6088,55,1994,40,4,11.49
175947,Active,114309,NA,NA,S,9,1,107309.8038,64.6,2003,40,19.17,55.32
175948,Active,632249,NA,NA,S,9,1,575760.7688,64.6,2003,36,8.15,0
175949,Active,116901,NA,NA,S,2,1,2482078.993,72,2004,43,4.13,8.84
175950,Active,120594,NA,NA,D,8,1,847282.1975,153.4,2008,41,8.7,22.33
175951,Active,118374,NA,NA,D,3,1,2292341.98,98.67,2006,32,4,12.86
175952,Active,116903,NA,NA,D,2,1,2175839.734,91.2,2004,38,4.21,13.94
175953,Active,58251,NA,NA,S,6,1,1975081.816,92.4,2002,34,4,38.43
175954,Active,58254,NA,NA,D,9,1,62068.895,178.8,2011,86,8.39,50.93
175955,Active,58258,NA,NA,D,9,1,34147.19125,178.8,2010,81,7.19,73.23
175956,Active,133477,NA,NA,S,5,1,93727.8575,147.6,2011,51,32.76,78.57
175957,Active,58255,NA,NA,S,6,1,1992927.18,92.4,2002,48,4,25.58
175958,Active,2900607,NA,NA,S,1,0,318017.27,45,1982,110,7.07,13.99
175959,Active,859266,NA,NA,S,0,0,1093972.52,38,2005,19,17.59,35.61
175960,Active,218775,NA,NA,D,1,0,4369766.146,225,2000,11,4.99,75.02
175961,Active,115629,NA,NA,D,3,1,306809.4863,157.33,2003,49,5.19,69.13
175962,Active,539014,NA,NA,S,4,1,137932.91,89.95,2013,79,9.35,39.19
175963,Active,1857703,NA,NA,D,2,1,615341.5713,64.95,2008,49,4,18.59
175964,Active,862092,NA,NA,S,4,1,59513.975,65.95,2014,36,24.67,38.74
175965,Active,891191,NA,NA,D,3,1,3113845.194,99,1995,15,6.34,215.55
175966,Active,644864,NA,NA,S,2,1,1207027.449,69.95,2012,37,30.55,37.11
175967,Active,681229,NA,NA,S,4,1,60866.38,19.95,2012,39,10.73,13.99
175968,Active,2166620,NA,NA,S,6,1,85708.64625,13.95,2013,37,4.04,26.19
175969,Active,1456201,NA,NA,S,1,0,6948.775,59.99,2014,9,36.99,36
175970,Active,637266,NA,NA,S,0,0,598748.6988,37.5,2006,52,15.57,25.07
175971,Active,3577861,NA,NA,D,0,0,1081129.55,77.95,1992,20,32.27,65.96
175972,Active,900874,NA,NA,D,1,0,1213558.609,115.95,2003,22,63.38,115.93
175973,Active,60453,NA,NA,D,4,1,820156.2938,86.95,2005,58,4,10.94
175974,Active,610310,NA,NA,S,6,1,12490.33875,124.8,2013,76,53.98,100.49
175975,Active,529669,NA,NA,D,5,1,85269.8925,124.2,2009,70,5.88,37.94
175976,Active,826004,NA,NA,D,2,1,1982755.255,37.95,1998,28,4,49.65
175977,Active,865519,NA,NA,S,8,1,377515.065,42,2014,18,26.64,42
175978,Active,869964,NA,NA,S,8,1,1298209.834,40,2007,20,8.67,109.09
175979,Active,627464,NA,NA,S,7,1,884073.6625,40,2009,24,4.38,33.99
175980,Active,859887,NA,NA,S,9,1,195832.15,40,2009,18,13.98,23.99
175981,Active,2592300,NA,NA,D,1,0,1683940.246,27.95,1981,16,6.39,64.95
175982,Active,1436401,NA,NA,S,1,0,79774.525,166,2012,19,49.63,43.89
175983,Active,649818,NA,NA,S,3,1,134043.2388,54.99,2012,39,18.48,29.99
175984,Active,2331792,NA,NA,D,1,0,1089620.575,34.95,1996,22,6.53,47.11
175985,Active,903994,NA,NA,D,2,1,624785.7463,41,1994,38,19.94,65.72
175986,Active,750256,NA,NA,S,1,0,69783.875,70,2008,17,28.97,33.99
175987,Active,774457,NA,NA,D,3,1,2106962.284,189,2005,11,8.75,15.98
175988,Active,3557842,NA,NA,D,2,1,6534406.25,153,1999,27,4.39,52.18
175989,Active,633140,NA,NA,D,0,0,28710.62,111.25,2011,90,27.92,65.71
175990,Active,766443,NA,NA,S,16,1,384953.2775,173.95,2010,36,22.76,0
175991,Active,637089,NA,NA,S,0,0,37035.15,108.5,2011,47,28.89,63.99
175992,Active,629957,NA,NA,S,0,0,22003,114,2011,60,28.39,73.92
175993,Active,1452887,NA,NA,S,0,0,26258.15,114,2013,29,45.59,53.98
175994,Active,617361,NA,NA,S,0,0,19025.53875,114,2011,77,38.98,80.8
175995,Active,633139,NA,NA,S,0,0,107296.55,114.75,2011,37,37.22,83.69
175996,Active,635101,NA,NA,S,0,0,41503,135.5,2009,37,31.93,102.57
175997,Active,652474,NA,NA,S,0,0,65636.675,130.75,2012,33,59.89,108.99
175998,Active,529667,NA,NA,S,2,1,2506650.291,59.95,2006,19,17.88,41.52
175999,Active,529665,NA,NA,S,8,1,565067.7163,64.99,2008,46,36.99,40.96
176000,Active,336986,NA,NA,S,2,1,431666.4313,62.95,2010,25,43.76,53.3
176001,Active,300722,NA,NA,S,6,1,1857118.214,49.95,2010,17,47.4,186.04
176002,Active,1475079,NA,NA,S,1,0,1926960.249,70,2011,14,43.99,58.59
176003,Active,754268,NA,NA,D,1,0,2236755.2,133,2009,15,60.76,160.18
176004,Active,861414,NA,NA,S,2,1,142674.1038,80,2013,17,46.34,45.99
176005,Active,824938,NA,NA,S,2,1,516025.79,38,2002,47,4,9.75
176006,Active,629194,NA,NA,S,1,0,60189.7,39.95,2012,36,26.99,32.93
176007,Active,788931,NA,NA,D,3,1,2671800.05,210,2000,19,5.41,26.48
176008,Active,2750522,NA,NA,S,2,1,6958022.261,159,1996,19,4,48.51
176009,Active,627517,NA,NA,D,4,1,1171970.05,239.99,2008,23,48.48,102.95
176010,Active,1472696,NA,NA,D,3,1,2516599.386,85,2009,15,28.99,32.3
176011,Active,529663,NA,NA,D,2,1,719507.12,96.95,2008,25,10.71,58.05
176012,Active,155534,NA,NA,D,2,1,2375173.23,49.99,1999,31,4,8.81
176013,Active,702046,NA,NA,S,2,1,32471.625,32,2010,22,11.45,15.19
176014,Active,290383,NA,NA,S,7,1,362521.3538,79.05,2003,25,46.49,67.64
176015,Active,529661,NA,NA,S,3,1,725160.0688,135,2009,25,22.02,67.92
176016,Active,2377047,NA,NA,D,3,1,940056.5863,97,1996,20,4,29.99
176017,Active,577420,NA,NA,S,3,1,983950.0775,30.95,2008,70,4,8.95
176018,Active,609237,NA,NA,S,3,1,460682.3025,41.99,2009,34,8.99,20.99
176019,Active,652397,NA,NA,S,4,1,80265.73,42.99,2013,65,13.09,23.99
176020,Active,294203,NA,NA,S,3,1,447784.485,33.99,2004,44,4,11.18
176021,Active,529660,NA,NA,S,3,1,398721.58,33.99,2006,33,4.27,20.81
176022,Active,529659,NA,NA,S,3,1,293217.3213,37.99,2010,31,13.88,22.1
176023,Active,609200,NA,NA,S,3,1,1159003.883,28.95,2006,66,4,8.99
176024,Active,609968,NA,NA,S,5,1,115834.995,39.99,2013,30,19.01,24.34
176025,Active,609797,NA,NA,S,4,1,340760.2838,35.99,2009,57,7.2,17.93
176026,Active,534239,NA,NA,S,2,1,332295.7875,36.99,2005,65,4.94,12.98
176027,Active,577416,NA,NA,D,4,1,101965.3988,35.99,2008,99,6.69,13.49
176028,Active,609186,NA,NA,D,3,1,972665.3475,28.95,2004,67,4,12.57
176029,Active,564482,NA,NA,S,2,1,525116.0138,40.95,1998,45,5.37,15.83
176030,Active,2383693,NA,NA,S,0,0,161935.8275,106.8,1993,63,4,37.28
176031,Active,263194,NA,NA,D,1,0,1880104.561,49.95,2003,33,4,41.52
176032,Active,270586,NA,NA,D,2,1,1183885.326,79.95,2010,25,4.35,21.94
176033,Active,1449104,NA,NA,S,2,1,785964.45,56,2010,21,5.43,9.25
176034,Active,749826,NA,NA,S,3,1,108817.4175,32,2007,74,4.17,9.58
176035,Active,623466,NA,NA,S,4,1,119685.1388,79.4,2010,82,12.46,23.57
176036,Active,2549083,NA,NA,S,0,0,96557.05125,23.97,2003,89,4.52,16.97
176037,Active,1523127,NA,NA,S,0,0,16790.4,7.99,2006,185,4,7.19
176038,Active,196710,NA,NA,D,1,0,547457.0075,49.95,2011,53,4,8.99
176039,Active,2511904,NA,NA,S,2,1,630430.3463,59.5,1993,24,4.94,41.97
176040,Active,169123,NA,NA,D,1,0,1918976.828,59.95,2009,47,4,5.47
176041,Active,529655,NA,NA,D,2,1,1030173.233,74.95,2011,64,4,4.04
176042,Active,544533,NA,NA,D,3,1,146952.435,84.95,2013,94,4.98,37.88
176043,Active,871104,NA,NA,S,2,1,862748.3313,49.95,2011,83,4,11.55
176044,Active,544532,NA,NA,S,3,1,71772.32875,59.95,2013,72,4.49,23.75
176045,Active,871012,NA,NA,S,2,1,793403.2775,49.95,2011,74,4,15.98
176046,Active,544531,NA,NA,S,3,1,92699.84875,59.95,2013,89,5.08,45.87
176047,Active,2930900,NA,NA,S,4,1,179565.85,60,2015,13,47.92,57.97
176048,Active,147448,NA,NA,D,2,1,1441465.564,79.95,2007,52,4,32.73
176049,Active,2252014,NA,NA,D,2,1,1790323.193,67.47,2006,51,5.59,62.25
176050,Active,106510,NA,NA,S,5,1,234318.7825,55,2010,54,5.48,13.99
176051,Active,529654,NA,NA,D,1,0,24548.41125,18.95,2009,53,9.53,14.53
176052,Active,478862,NA,NA,D,6,1,34275.09125,87.99,2010,145,10.14,28.99
176053,Active,203968,NA,NA,D,5,1,634845.3488,75.95,2006,156,4,12.49
176054,Active,529649,NA,NA,S,2,1,280577.5163,51.95,2008,51,17.98,34.64
176055,Active,902149,NA,NA,S,0,0,99312.54875,35,2014,18,20.87,23.63
176056,Active,541243,NA,NA,S,2,1,40219.04625,35,2009,45,16,19.5
176057,Active,285957,NA,NA,D,4,1,745074.0763,84,2004,41,6.96,104.77
176058,Active,710077,NA,NA,D,3,1,2673465.043,52,2000,42,4,23.99
176059,Active,292489,NA,NA,D,0,0,1761948.084,47.33,1997,50,4,44.79
176060,Active,660469,NA,NA,S,1,0,346050.2325,60.95,2006,21,12.81,38.11
176061,Active,747671,NA,NA,S,2,1,418079.1238,59.95,2010,21,35.13,35.18
176062,Active,2807166,NA,NA,D,0,0,2521221.836,57,2004,34,4.24,47.91
176063,Active,906797,NA,NA,S,4,1,1337592.723,46,1991,21,15.99,310.49
176064,Active,619018,NA,NA,S,6,1,99385.22875,117.6,2004,47,31.77,94.37
176065,Active,55132,NA,NA,D,6,1,258519.8688,284.95,2009,57,9.98,72.73
176066,Active,533444,NA,NA,D,7,1,64247.4575,258.95,2012,51,35.44,111.11
176067,Active,55131,NA,NA,D,5,1,1339783.31,207.95,2006,40,4,53.99
176068,Active,117859,NA,NA,S,5,1,348616.3713,165.6,2005,37,25.98,83.99
176069,Active,61131,NA,NA,D,4,1,944273.7525,73.67,2000,27,4.77,8.99
176070,Active,119222,NA,NA,D,3,1,1740013.449,66,1996,27,4,10.74
176071,Active,558814,NA,NA,D,2,1,529764.8663,46,2004,35,4.93,46.14
176072,Active,184315,NA,NA,D,1,0,216618.6038,64.95,1998,24,10.14,38.99
176073,Active,446966,NA,NA,S,2,1,64361.24125,55.95,2012,31,30.98,34.18
176074,Active,432094,NA,NA,S,0,0,55111.375,49.99,2011,23,28.49,28.53
176075,Active,121178,NA,NA,S,1,0,55231.575,119.2,2010,24,25.08,112.11
176076,Active,144387,NA,NA,S,9,1,349842.2538,64.6,2002,48,4.33,41.33
176077,Active,626473,NA,NA,S,9,1,435718.3813,64.6,2002,60,8.73,60.09
176078,Active,264534,NA,NA,S,0,0,74513.025,53.94,2005,35,6.89,45.77
176079,Active,911480,NA,NA,D,0,0,4889533.333,32.95,2003,17,6.31,10.79
176080,Active,262729,NA,NA,D,3,1,257665.0763,41.95,2007,36,4.82,43.96
176081,Active,868776,NA,NA,S,4,1,63551.98625,49.95,2014,17,35.54,50.62
176082,Active,55998,NA,NA,D,6,1,587988.6575,33.6,2006,49,4,11.19
176083,Active,55999,NA,NA,S,7,1,109244.17,49.6,2009,70,13.99,36.6
176084,Active,108866,NA,NA,D,4,1,557437.0763,146.75,2005,39,4,45.4
176085,Active,110079,NA,NA,D,5,1,150047.9363,109.95,2009,70,16.41,104.49
176086,Active,623781,NA,NA,S,1,0,73121.05,111.95,2013,21,37.74,54.99
176087,Active,117212,NA,NA,D,9,1,187425.8188,89.4,2006,47,9.42,36.76
176088,Active,848074,NA,NA,D,5,1,2637581.938,81,1997,32,4,13.44
176089,Active,889240,NA,NA,D,0,0,5844683.011,49.37,1982,18,4,49.35
176090,Active,58261,NA,NA,D,3,1,645251.775,107.8,2004,52,4,18.94
176091,Active,58262,NA,NA,D,4,1,141339.6263,121.4,2008,32,5.75,73.53
176092,Active,1584970,NA,NA,S,6,1,372754.915,40.95,2011,37,13.23,25.12
176093,Active,117544,NA,NA,D,2,1,1096657.918,50.6,2005,41,4,6.94
176094,Active,614261,NA,NA,S,4,1,556176.7638,245.76,1998,39,8.1,118.25
176095,Active,140911,NA,NA,S,0,0,660003.5075,32.95,1995,67,4,18.99
176096,Active,558135,NA,NA,S,3,1,22854.38625,41.95,2012,73,13.98,33.02
176097,Active,149162,NA,NA,S,2,1,76698.2225,39,2005,85,4,13.88
176098,Active,2383407,NA,NA,D,0,0,1787441.286,36.94,1983,18,4,44.97
176099,Active,545452,NA,NA,S,4,1,77097.595,44.95,2013,55,16.85,31.16
176100,Active,877034,NA,NA,S,2,1,420846.8375,102.55,1995,25,12.3,104.66
176101,Active,848149,NA,NA,S,5,1,3137706.68,51.5,1997,39,5.48,43.99
176102,Active,869699,NA,NA,S,6,1,154342.235,95,2001,36,16.7,72.99
176103,Active,117483,NA,NA,S,6,1,1714470.973,105.8,2003,48,4.57,26.99
176104,Active,132860,NA,NA,S,6,1,1206470.049,136.47,2008,25,25.93,125.08
176105,Active,875996,NA,NA,S,5,1,1052212.553,88.82,2005,23,8.15,99.53
176106,Active,132749,NA,NA,D,6,1,354630.755,129.8,2008,46,5.82,103.86
176107,Active,60011,NA,NA,D,5,1,680038.275,93.2,2005,43,4,45.39
176108,Active,298146,NA,NA,S,2,1,138388.78,57.95,2010,54,27.68,34.03
176109,Active,217297,NA,NA,S,4,1,372852.2425,45,2007,31,19.88,42.12
176110,Active,195540,NA,NA,S,0,0,121900.0463,20,2005,81,4.13,17.59
176111,Active,529643,NA,NA,S,5,1,777538.9413,55.95,2011,36,5.83,39.26
176112,Active,618603,NA,NA,S,0,0,21106.8,78,2007,55,33.54,40.49
176113,Active,229721,NA,NA,D,5,1,1349999.546,34.5,2006,21,33.31,126.89
176114,Active,2404400,NA,NA,D,0,0,2781903.609,35,1986,28,11.42,76.01
176115,Active,541429,NA,NA,S,2,1,202965.1475,88.95,2013,36,41.4,61.03
176116,Active,201799,NA,NA,S,3,1,74869.63,52.95,2011,24,33.99,0
176117,Active,182587,NA,NA,S,4,1,325280.0313,185.95,2001,40,26.05,111.76
176118,Active,3465073,NA,NA,D,2,1,2933718.65,60,1991,14,7.6,58.51
176119,Active,120625,NA,NA,S,5,1,764394.145,101.6,2008,54,4,33.94
176120,Active,118209,NA,NA,S,4,1,426014.2325,80.6,2001,36,4,30.98
176121,Active,132943,NA,NA,D,5,1,721082.4,108.27,2009,19,14.06,432.32
176122,Active,126148,NA,NA,S,1,0,607701.5125,65.95,2004,49,15.68,46.95
176123,Active,117511,NA,NA,S,5,1,78653.73,218.6,1994,71,21.29,109.56
176124,Active,292312,NA,NA,S,2,1,125994.1738,59.95,2002,33,15.38,0
176125,Active,634270,NA,NA,S,4,1,2056599.038,39.95,2004,24,4.37,23.68
176126,Active,904386,NA,NA,D,2,1,1934094.533,159.75,1986,17,16.49,85.66
176127,Active,258423,NA,NA,S,1,0,66317.25,125,2008,27,52.55,73.99
176128,Active,162441,NA,NA,D,3,1,396021.2425,110,2009,53,15.26,63.63
176129,Active,254344,NA,NA,S,0,0,103695.6625,34.95,2009,57,13.54,29.42
176130,Active,917955,NA,NA,S,4,1,2385682.358,142.17,1994,52,6.49,75.32
176131,Active,60456,NA,NA,D,6,1,590566.6238,136.2,2006,50,5,57.32
176132,Active,915817,NA,NA,S,3,1,712443.1725,76.51,1987,40,7.78,78.43
176133,Active,2364564,NA,NA,D,1,0,451145.885,97,1993,33,28.29,124.71
176134,Active,195199,NA,NA,S,0,0,73548.35,55,2010,19,43.99,47.5
176135,Active,608175,NA,NA,S,6,1,2139302.568,370.34,1999,32,4,28.98
176136,Active,55259,NA,NA,D,7,1,810681.0775,214.95,2003,62,4,52.88
176137,Active,246718,NA,NA,S,3,1,242286.54,59.95,2009,35,8.74,21.94
176138,Active,182865,NA,NA,D,7,1,1067932.775,80.95,2004,28,4,44.34
176139,Active,541796,NA,NA,S,5,1,125451.7313,106.95,2013,49,28.35,60.69
176140,Active,529638,NA,NA,S,4,1,982566.1063,115,1991,49,4,27.07
176141,Active,704787,NA,NA,D,5,1,1109057.453,49.88,2002,25,7.93,48.99
176142,Active,144095,NA,NA,D,2,1,533775.8925,73.33,1998,39,11.31,73.54
176143,Active,560780,NA,NA,D,1,0,173600.2888,116.6,2003,44,34.2,104.96
176144,Active,566127,NA,NA,S,2,1,129094.245,46.95,2012,37,17.74,27.85
176145,Active,54703,NA,NA,S,4,1,612467.7825,85,1997,47,4,29.24
176146,Active,54702,NA,NA,D,6,1,50233.8425,144.6,2009,98,13.31,86.05
176147,Active,54704,NA,NA,D,5,1,279638.375,122.4,2003,108,7.75,41.94
176148,Active,878341,NA,NA,S,3,1,1531711.698,74.5,1986,61,4.95,19.48
176149,Active,117507,NA,NA,D,0,0,525452.9513,103,2003,42,6.32,19.41
176150,Active,154036,NA,NA,S,3,1,25321.19,119.5,2009,40,39.75,69.98
176151,Active,290239,NA,NA,S,2,1,402417.6263,60.95,2011,45,20.93,35.46
176152,Active,165469,NA,NA,D,2,1,2799441.175,6,2004,41,4,6
176153,Active,51970,NA,NA,S,7,1,1643748.159,112.95,1999,66,4,23.99
176154,Active,162116,NA,NA,D,3,1,576318.9438,41.17,2008,58,4,40.25
176155,Active,582450,NA,NA,S,0,0,389222.3675,55,2005,24,32.15,40.64
176156,Active,132735,NA,NA,D,3,1,184093.8388,107,2009,73,13.93,68.43
176157,Active,132811,NA,NA,S,3,1,224633.875,70.2,2009,27,20.19,49.66
176158,Active,132812,NA,NA,S,3,1,831596.8,70.2,2009,24,12.23,64
176159,Active,2511663,NA,NA,S,2,1,1860565.639,51.15,1990,45,4,78.98
176160,Active,607582,NA,NA,D,6,1,2127673.06,42.95,2002,54,4,6.49
176161,Active,667218,NA,NA,S,2,1,485553.555,44.95,2012,34,22.43,34.89
176162,Active,132295,NA,NA,D,4,1,97473.19,170.2,2008,49,12.11,59.21
176163,Active,550048,NA,NA,S,4,1,54875.20125,244.25,2003,43,27.07,62.69
176164,Active,246686,NA,NA,S,3,1,184809.105,68.95,2008,79,18.79,41.57
176165,Active,1658232,NA,NA,D,3,1,932812.09,81.95,2012,50,4,50.09
176166,Active,529632,NA,NA,S,2,1,77386.7125,54.95,2012,46,31.7,33.23
176167,Active,288944,NA,NA,D,11,1,208775.7238,369.95,2009,62,14.76,83.99
176168,Active,877957,NA,NA,D,10,1,797113.4525,99.05,2005,23,8.2,53.65
176169,Active,60457,NA,NA,D,10,1,140659.4338,348.95,2004,58,4.97,36.79
176170,Active,576021,NA,NA,D,2,1,695338.8288,90.25,2011,20,45.07,110.05
176171,Active,2403621,NA,NA,S,3,1,3364247.836,35,1983,35,4.74,47.23
176172,Active,286219,NA,NA,D,5,1,1155053.481,58,2006,50,4,28.28
176173,Active,133167,NA,NA,D,6,1,108280.5838,86.47,2009,32,8.98,600.9
176174,Active,534074,NA,NA,D,4,1,1176715.738,90,1992,50,4,28.9
176175,Active,113762,NA,NA,D,5,1,133206.68,164,2001,62,8.78,35.62
176176,Active,119246,NA,NA,S,5,1,365557.6275,209,1996,43,4.35,53.81
176177,Active,119223,NA,NA,S,5,1,738148.7513,282.8,1996,40,4.49,21.72
176178,Active,902354,NA,NA,S,2,1,183761.11,46.95,2014,23,16.86,40.48
176179,Active,870772,NA,NA,D,7,1,1549147.13,53.25,1991,29,5.25,76.76
176180,Active,109725,NA,NA,S,10,1,300350.6275,122.82,2006,34,12.96,0
176181,Active,109380,NA,NA,D,10,1,738866.8738,599,2006,31,8.59,62.16
176182,Active,115535,NA,NA,D,1,0,51132.98125,108.6,2003,51,37.29,83.58
176183,Active,60458,NA,NA,D,9,1,157564.7525,213.6,2003,63,5.48,48.01
176184,Active,130756,NA,NA,S,7,1,1526986.42,78.85,1995,45,4.35,23.89
176185,Active,114754,NA,NA,D,0,0,230313.3775,91.75,2001,81,4.67,57.33
176186,Active,117456,NA,NA,S,0,0,236095.64,91.75,2004,60,10.87,65.47
176187,Active,923186,NA,NA,D,2,1,389390.5288,49.95,1993,129,4.1,12.65
176188,Active,539936,NA,NA,S,6,1,37911.70625,45,2013,43,19.86,24.84
176189,Active,1958107,NA,NA,S,0,0,45034.825,50,2014,30,17.91,26.13
176190,Active,113641,NA,NA,S,10,1,1168374.55,77,1999,50,4.11,18.32
176191,Active,60014,NA,NA,D,11,1,315155.77,98,2002,53,4,50.97
176192,Active,181239,NA,NA,S,3,1,241087.2488,101.95,1994,53,8.22,55.85
176193,Active,55201,NA,NA,D,4,1,924743.3388,250.33,2004,27,6.52,97.99
176194,Active,55200,NA,NA,D,3,1,291115.8675,28.84,2000,71,4.97,23.74
176195,Active,54961,NA,NA,D,8,1,24554.04625,85.11,2009,106,15.55,45.56
176196,Active,805463,NA,NA,D,0,0,308789.195,70.35,2007,48,7.28,30.87
176197,Active,155067,NA,NA,S,5,1,1022273.638,136.76,1995,47,5.32,64.65
176198,Active,183239,NA,NA,D,8,1,452681.8988,303.67,2005,34,4.4,53.98
176199,Active,432639,NA,NA,D,9,1,219257.6388,143.25,2008,58,9.47,53.99
176200,Active,142109,NA,NA,D,10,1,87734.49,78.99,2010,54,25.19,73.98
176201,Active,54620,NA,NA,D,9,1,219047.9963,38.18,2007,60,5.13,23.98
176202,Active,183712,NA,NA,S,7,1,2570932.174,18.64,2007,36,4,4.99
176203,Active,462000,NA,NA,D,9,1,1040301.013,24.98,2007,42,4,24.98
176204,Active,54623,NA,NA,D,8,1,1229977.678,13.99,2005,47,4,17.97
176205,Active,54624,NA,NA,D,9,1,1429051.103,30.93,2007,62,4,29.49
176206,Active,142111,NA,NA,D,10,1,675590.6313,51.01,2010,34,8.1,55.51
176207,Active,142211,NA,NA,D,9,1,1211177.944,607.92,2007,47,4,40.49
176208,Active,53827,NA,NA,D,7,1,985035.86,103.95,2006,75,4,9.99
176209,Active,142166,NA,NA,D,9,1,169558.9363,31.71,2011,45,5.96,28.99
176210,Active,3544619,NA,NA,D,1,0,1371609.6,48.2,2006,41,4,15.99
176211,Active,639847,NA,NA,S,2,1,495912.5938,43.95,2012,41,19.98,0
176212,Active,643970,NA,NA,D,3,1,192963.0588,135,2009,19,132.65,607.19
176213,Active,913170,NA,NA,S,0,0,701677.9,75,2004,24,11.28,32.36
176214,Active,132915,NA,NA,D,6,1,291734.8188,82.4,2009,29,4.74,43.97
176215,Active,874269,NA,NA,S,2,1,4073675.035,29.4,1992,34,4,21.45
176216,Active,117848,NA,NA,D,5,1,382141.435,62.4,2004,40,4,42.43
176217,Active,529620,NA,NA,S,2,1,749526.4713,38.95,2012,24,8.4,28.93
176218,Active,745920,NA,NA,S,0,0,300734.87,35,1999,95,4.22,18.89
176219,Active,621297,NA,NA,S,1,0,28933.6,89.95,2012,18,56.49,58.95
176220,Active,183396,NA,NA,S,0,0,84556.35,64.4,2005,45,8.98,21.6
176221,Active,892330,NA,NA,D,0,0,1687454.195,64.5,2011,16,7.09,27.67
176222,Active,768370,NA,NA,D,1,0,430851.145,45,1999,74,5.11,26.49
176223,Active,54418,NA,NA,D,17,1,79200.50375,165.95,2009,116,4.36,21.16
176224,Active,54419,NA,NA,D,16,1,540281.14,158.95,2006,175,4,8.16
176225,Active,628387,NA,NA,S,2,1,1595269.009,249.99,2007,15,18.07,66.98
176226,Active,1522457,NA,NA,D,3,1,3507389.569,199.95,2007,17,88.7,163.61
176227,Active,633891,NA,NA,S,6,1,134619.3225,95,2012,35,19.2,0
176228,Active,166687,NA,NA,S,2,1,779102.8725,85,2005,48,5.83,23.98
176229,Active,768465,NA,NA,S,5,1,3175828.889,83.96,2000,41,3.78,9.95
176230,Active,183598,NA,NA,D,7,1,39098.14375,272.95,2007,65,5.4,26.94
176231,Active,1574364,NA,NA,D,2,1,500061.825,49.95,2010,21,18.5,602.99
176232,Active,3607910,NA,NA,D,0,0,3197998.8,36,1996,15,33.94,127.79
176233,Active,1552073,NA,NA,S,2,1,1095086.131,46.95,2013,33,27.04,34.37
176234,Active,285544,NA,NA,D,11,1,324646.835,235.5,2011,30,5.76,33.99
176235,Active,110974,NA,NA,D,10,1,82486.01375,208,2008,109,7.9,22.87
176236,Active,53607,NA,NA,S,8,1,382268.99,43.99,2002,59,7.72,42.9
176237,Active,3269674,NA,NA,S,9,1,427835,93.99,2005,26,16.96,90.27
176238,Active,111215,NA,NA,S,11,1,744372.8463,91,2011,29,4,12.27
176239,Active,111301,NA,NA,D,12,1,152363.1638,61.32,2009,161,4.68,26.07
176240,Active,642106,NA,NA,S,13,1,581071.5775,259.5,2012,35,9.39,57.32
176241,Active,1691770,NA,NA,S,0,0,157970.23,42,2006,18,33.6,38.43
176242,Active,2898842,NA,NA,D,0,0,1039628.553,32,1988,30,5.98,58.55
176243,Active,299201,NA,NA,S,2,1,261087.6488,60,1998,31,40.21,44.67
176244,Active,3132636,NA,NA,D,0,0,583500.45,130,2004,20,143.99,355.1
176245,Active,576600,NA,NA,D,4,1,932934.44,86.95,2004,41,4,10.94
176246,Active,477683,NA,NA,D,5,1,178750.3825,122.95,2008,45,6.39,18.48
176247,Active,616722,NA,NA,D,6,1,118278.6713,96.95,2012,84,5.44,22.96
176248,Active,2648846,NA,NA,S,2,1,208934.5013,78.95,2003,30,6.75,43.36
176249,Active,602332,NA,NA,S,3,1,1421545.746,39.95,2001,38,4,8.46
176250,Active,620428,NA,NA,S,3,1,143037.755,68.2,1992,38,5.09,43.24
176251,Active,2317606,NA,NA,S,1,0,340757.7238,98.05,2001,84,5.49,47
176252,Active,538054,NA,NA,S,0,0,146524.0063,98.35,2005,58,5.8,35.85
176253,Active,101553,NA,NA,S,1,0,65835.86625,125.45,2001,79,6.66,45.43
176254,Active,548056,NA,NA,S,0,0,221406.9538,116.95,1998,88,4.32,14.63
176255,Active,548334,NA,NA,S,0,0,102164.4188,105,2006,93,6.13,39.98
176256,Active,548305,NA,NA,S,0,0,69944.04875,104.3,2008,62,12.99,32.94
176257,Active,918557,NA,NA,S,0,0,312663.3213,94.05,2011,42,9.01,18.99
176258,Active,1426613,NA,NA,S,1,0,520210.7425,18.65,2006,21,4,14.93
176259,Active,101573,NA,NA,S,1,0,371485.9675,81.75,2002,71,4.96,10.99
176260,Active,538057,NA,NA,S,1,0,510585.9625,78,2007,87,4.9,13.46
176261,Active,1428137,NA,NA,S,1,0,134513.05,71.75,2009,61,7.31,11.99
176262,Active,1428138,NA,NA,S,1,0,151785.3038,71.75,2009,49,6.66,33.63
176263,Active,548186,NA,NA,S,1,0,159212.1,107.45,2009,102,7.39,38.8
176264,Active,101561,NA,NA,S,1,0,144598.01,107.65,2004,72,5.5,47.11
176265,Active,548231,NA,NA,S,0,0,476434.4438,144.4,2000,83,4.35,24.62
176266,Active,548190,NA,NA,D,0,0,464037.8075,106.25,2006,74,5.84,25.29
176267,Active,615886,NA,NA,S,1,0,62327.05875,105.8,2007,113,5.99,83.98
176268,Active,548261,NA,NA,S,1,0,565266.5288,115.25,2002,57,9.69,33.98
176269,Active,1428432,NA,NA,S,1,0,797384.755,106.05,2009,49,7.18,31.89
176270,Active,1607739,NA,NA,S,1,0,62764.425,90.15,2009,56,6.3,28.68
176271,Active,1603711,NA,NA,S,1,0,32606.4375,97.85,2011,42,70.79,63.98
176272,Active,1607586,NA,NA,S,1,0,85061.225,89.15,2009,45,16.86,35.87
176273,Active,572305,NA,NA,S,0,0,263813.45,91.35,2006,86,5.17,12.99
176274,Active,1603882,NA,NA,S,1,0,40708.75,105.95,2011,61,36.09,108.72
176275,Active,1603712,NA,NA,S,1,0,29204.3,91.9,2011,48,41.89,81.95
176276,Active,548064,NA,NA,S,1,0,171463.025,146.27,2000,111,4.18,22.46
176277,Active,101566,NA,NA,S,1,0,210573.4388,103.35,2003,55,6.53,66.85
176278,Active,548208,NA,NA,S,0,0,54925.495,72.6,2007,61,8.98,24.91
176279,Active,101434,NA,NA,S,1,0,31572.4625,102.45,2009,86,25.33,62.55
176280,Active,101519,NA,NA,D,1,0,113387.5088,121.9,2002,194,4.98,17.44
176281,Active,548262,NA,NA,S,0,0,38523.85,107.15,2002,158,5.4,19.99
176282,Active,101564,NA,NA,S,1,0,156499.6563,103.35,2003,55,22.65,102.32
176283,Active,696023,NA,NA,S,1,0,595508.8625,93.4,2008,23,13.21,103.47
176284,Active,1428536,NA,NA,S,1,0,939499.9813,20.65,2008,16,22.16,65.78
176285,Active,3041639,NA,NA,S,0,0,90364.13875,79.95,2002,11,33.98,51.16
176286,Active,3041386,NA,NA,S,0,0,398566.2875,69.95,2004,10,32.48,35.98
176287,Active,679654,NA,NA,D,0,0,211914.1663,21.95,2005,34,11.5,56.41
176288,Active,649211,NA,NA,S,0,0,92682.80625,49.99,2005,21,31.83,33.99
176289,Active,864661,NA,NA,S,10,1,1099712.526,34.99,2013,27,4,8.08
176290,Active,802749,NA,NA,S,9,1,1466776.576,34.99,2012,33,4,5.88
176291,Active,608268,NA,NA,S,4,1,300495.29,21.99,2009,74,4,13.33
176292,Active,609963,NA,NA,S,5,1,57707.52875,29.99,2012,80,4,11.94
176293,Active,543338,NA,NA,S,2,1,1413260.56,42,1994,19,4.11,45.84
176294,Active,895400,NA,NA,S,3,1,1214550.491,143.95,1998,25,4.88,93.4
176295,Active,868248,NA,NA,D,3,1,2122810.739,42.95,2001,32,4,54.33
176296,Active,561648,NA,NA,S,4,1,291045.325,66.95,2005,51,28.03,117.98
176297,Active,147035,NA,NA,S,4,1,236664.35,53.95,2002,26,36.74,0
176298,Active,824966,NA,NA,D,3,1,979747.9963,34.95,1997,22,18.16,0
176299,Active,612864,NA,NA,S,2,1,34363.66625,34.95,2003,256,4,10.94
176300,Active,745317,NA,NA,S,2,1,409080.1875,49.95,2007,19,39.64,49.95
176301,Active,652806,NA,NA,S,2,1,105615.01,39.99,2010,52,23.99,27.38
176302,Active,624709,NA,NA,D,2,1,101910.2488,92,2012,96,4.28,49.34
176303,Active,247913,NA,NA,D,1,0,485933.4638,87,2009,46,4,37.42
176304,Active,860658,NA,NA,S,8,1,1423443.405,109.95,2012,12,19.99,93.98
176305,Active,249891,NA,NA,D,6,1,3868673.53,64.95,2006,18,4.35,12.99
176306,Active,249823,NA,NA,D,6,1,751632.3988,117.95,2006,81,3.99,9.58
176307,Active,560758,NA,NA,S,0,0,88228.00125,100.6,2002,44,22.44,58.99
176308,Active,617870,NA,NA,S,2,1,688633.1663,110,2000,35,5.24,68.45
176309,Active,637192,NA,NA,S,3,1,423894.21,52.95,2008,30,20.32,40.98
176310,Active,1623616,NA,NA,S,1,0,91542.1325,48.95,2008,29,30.45,37.88
176311,Active,106264,NA,NA,D,1,0,909537.2675,60,2005,47,4,12.79
176312,Active,617362,NA,NA,S,1,0,25260.2,119.2,2011,39,40.98,73.98
176313,Active,615424,NA,NA,D,1,0,834825.525,75,2005,52,4.57,18.88
176314,Active,2862029,NA,NA,D,2,1,4495535.6,48.95,2002,22,4,14.99
176315,Active,639504,NA,NA,S,0,0,371316.4925,54.99,1999,43,7.99,0
176316,Active,665561,NA,NA,S,2,1,220643.125,63.99,2010,27,30.33,0
176317,Active,1839855,NA,NA,S,2,1,1188244.969,46.95,2007,27,4.51,27.46
176318,Active,538943,NA,NA,S,7,1,682326.5725,83.5,2006,52,4.47,17.38
176319,Active,3225101,NA,NA,S,1,0,899001.8125,42.99,1968,25,12.23,70.99
176320,Active,3524197,NA,NA,D,1,0,4484661.45,176,2000,19,8.98,41.99
176321,Active,618254,NA,NA,D,2,1,609754.0513,84.95,2010,112,3.88,13.79
176322,Active,635267,NA,NA,D,1,0,1321638.948,74.95,2006,54,4,4.6
176323,Active,198120,NA,NA,D,1,0,651407.7988,100.17,2010,21,4.95,94.39
176324,Active,2061153,NA,NA,D,0,0,864421.7425,64.99,2007,22,19.77,40.3
176325,Active,2068680,NA,NA,S,0,0,11658.25,79.98,2009,12,39.78,45.21
176326,Active,529607,NA,NA,D,5,1,48044.27125,260.95,2011,112,5.13,33.99
176327,Active,248447,NA,NA,D,4,1,485680.5063,275.95,2008,126,4.14,44.67
176328,Active,55128,NA,NA,D,10,1,1618477.399,284.95,2008,38,4.65,18.99
176329,Active,55129,NA,NA,D,11,1,315161.7788,247.95,2009,70,7.44,51.94
176330,Active,60461,NA,NA,D,10,1,1379500.618,284.95,2007,52,4,10.87
176331,Active,760490,NA,NA,S,5,1,635083.9775,89,2004,24,8.32,49.32
176332,Active,2263657,NA,NA,S,0,0,3194.1,40,2012,2,31.03,27.32
176333,Active,1453226,NA,NA,D,10,1,223993.435,234.2,2013,23,22.77,192.73
176334,Active,120734,NA,NA,D,8,1,187261.4,226.67,2008,141,4.8,32.51
176335,Active,119148,NA,NA,D,9,1,65868.5075,289.4,2011,157,8.04,28.94
176336,Active,119147,NA,NA,D,9,1,1181582.414,202.6,2011,29,4.04,4.05
176337,Active,661419,NA,NA,D,10,1,178523.255,222.6,2013,34,4.38,9.37
176338,Active,119149,NA,NA,D,9,1,2155496.196,131.73,2011,22,5.83,5.83
176339,Active,119146,NA,NA,D,9,1,793552.805,202.6,2011,45,4,16.97
176340,Active,622947,NA,NA,D,10,1,114458.595,222.6,2013,68,6.99,37.92
176341,Active,315311,NA,NA,D,3,1,1015535.188,202.6,2011,45,4,19.94
176342,Active,1450242,NA,NA,S,3,1,4943480.638,131.73,2011,26,11.04,82.69
176343,Active,1452759,NA,NA,D,4,1,740811.2375,157.67,2013,31,5.45,46.92
176344,Active,119043,NA,NA,D,3,1,1394172.069,202.6,2011,40,4.14,13.94
176345,Active,1453229,NA,NA,S,4,1,464927.0813,252.6,2013,26,25.14,188.26
176346,Active,119044,NA,NA,D,3,1,459846.0613,289.4,2011,144,4.48,18.99
176347,Active,539532,NA,NA,D,4,1,92895.7775,231.8,2013,66,4.98,33.99
176348,Active,3616179,NA,NA,D,0,0,4004591.45,0,1900,11,73.93,0
176349,Active,2538118,NA,NA,S,1,0,558830.1075,47.95,2001,31,14.29,37.99
176350,Active,355868,NA,NA,S,3,1,1974801.728,36.99,2000,40,4,17.23
176351,Active,355848,NA,NA,S,2,1,2765830.47,32.95,1995,21,4,10.72
176352,Active,339371,NA,NA,S,3,1,99106.66875,49.99,2008,25,25.89,0
176353,Active,230504,NA,NA,D,2,1,1367670.915,39.95,1997,107,3.98,0
176354,Active,285961,NA,NA,D,3,1,727048.6288,121,2004,46,9.19,55.99
176355,Active,3021739,NA,NA,D,1,0,1330133.974,125.95,1997,28,11.18,88.99
176356,Active,711474,NA,NA,D,2,1,1487553.568,101,2001,30,5.75,123.49
176357,Active,1559909,NA,NA,S,2,1,560213.6788,42.95,2009,35,30.52,35.7
176358,Active,825824,NA,NA,S,3,1,1084932.763,36.95,1999,29,4.21,28.97
176359,Active,153779,NA,NA,D,2,1,2755856.984,100,2002,21,6.6,28.99
176360,Active,2699662,NA,NA,S,4,1,1136971.536,82.95,2001,25,6.39,46.92
176361,Active,615310,NA,NA,S,2,1,96845.275,117.25,2008,67,4,12.99
176362,Active,616399,NA,NA,S,2,1,875956.8225,133.99,2005,50,7.55,50.45
176363,Active,660942,NA,NA,S,1,0,100255.325,79.99,2012,17,38.97,69.35
176364,Active,2853501,NA,NA,D,1,0,7164878.081,45,2003,9,6.69,51.51
176365,Active,609106,NA,NA,D,3,1,2113951.626,250.95,2001,51,4,17.49
176366,Active,197962,NA,NA,D,13,1,2221638.106,90.99,2008,28,4,16.74
176367,Active,553301,NA,NA,S,3,1,97817.17375,97.33,2012,43,18.41,93.47
176368,Active,543431,NA,NA,D,3,1,88126.21,96.95,2006,59,8.96,39.15
176369,Active,583569,NA,NA,D,2,1,3344118.109,71.95,2001,43,4,8.48
176370,Active,162566,NA,NA,D,2,1,676086.47,44.87,2008,17,21.7,41.87
176371,Active,164661,NA,NA,D,0,0,2404561.629,17.24,2004,31,4,16.01
176372,Active,161816,NA,NA,S,2,1,71990.6525,153,2008,46,50.9,103.92
176373,Active,166657,NA,NA,S,1,0,81784.575,146,2006,29,38.94,45.64
176374,Active,114639,NA,NA,S,0,0,21424.225,124.6,2004,36,59.77,94.35
176375,Active,553309,NA,NA,D,3,1,393434.9338,97.33,2012,55,13.29,76.74
176376,Active,227597,NA,NA,S,2,1,3483280.283,76.95,2000,33,4,29.99
176377,Active,227610,NA,NA,D,3,1,313584.9925,96.95,2006,53,4.81,73.48
176378,Active,227612,NA,NA,D,6,1,341700.0288,52.78,2006,47,4,27.15
176379,Active,553310,NA,NA,S,7,1,61292.09625,97.33,2012,38,26.56,78.99
176380,Active,1657581,NA,NA,D,6,1,1586156.04,104.9,2010,29,4,48.08
176381,Active,476923,NA,NA,S,6,1,938338.73,110.15,2013,45,4,55.49
176382,Active,517519,NA,NA,D,3,1,149247.8875,43.99,2008,67,4.97,39.84
176383,Active,541923,NA,NA,D,2,1,2439739.801,17.98,2005,33,4.14,17.93
176384,Active,60462,NA,NA,D,8,1,1168449.428,16.85,2003,34,4.12,19.99
176385,Active,166632,NA,NA,S,9,1,84307.02625,57.56,2006,85,26.48,33.86
176386,Active,115300,NA,NA,D,0,0,1278322.363,88.4,2003,32,3.99,41.39
176387,Active,314894,NA,NA,D,2,1,1068725.324,125.2,2008,36,4,8.99
176388,Active,343084,NA,NA,D,4,1,1208070.039,12.76,2005,44,4.54,12.76
176389,Active,339255,NA,NA,S,5,1,103668.1225,179.25,2009,57,19.79,47.52
176390,Active,117065,NA,NA,S,2,1,165654.7,162.2,2007,61,8.49,30.47
176391,Active,542821,NA,NA,D,14,1,530492.4438,97.6,2011,41,4.51,26.37
176392,Active,583575,NA,NA,S,5,1,287696.8125,99.95,2008,62,5.99,17.52
176393,Active,639768,NA,NA,D,5,1,879263.2488,100,2012,23,12.15,56.26
176394,Active,290108,NA,NA,S,2,1,103347.305,144.5,2009,35,49.39,0
176395,Active,165876,NA,NA,D,0,0,549470.965,15.95,2004,23,4.75,0
176396,Active,52543,NA,NA,D,6,1,212309.4275,106.95,2007,62,4.41,21.17
176397,Active,583573,NA,NA,D,5,1,1373762.306,74.95,2004,59,4,14.96
176398,Active,907539,NA,NA,S,2,1,3642825.096,78.95,1992,23,5.35,14.18
176399,Active,865375,NA,NA,S,5,1,273134.0188,9.99,2013,57,4,0
176400,Active,165836,NA,NA,S,2,1,179672.9313,151.5,2005,52,4.82,34.6
176401,Active,227609,NA,NA,D,6,1,628402.355,96.95,2006,33,3.73,36.73
176402,Active,153778,NA,NA,D,0,0,705274.3525,100,2001,41,9.93,33.92
176403,Active,166621,NA,NA,D,4,1,2279764.55,13.89,2006,30,4,23.99
176404,Active,405551,NA,NA,D,3,1,2131509.35,23.04,2002,23,5.97,21.16
176405,Active,908603,NA,NA,D,3,1,3541043.26,79.95,2002,20,4.14,42.89
176406,Active,656804,NA,NA,D,4,1,1357818.679,90.95,2006,13,66.49,86.45
176407,Active,165174,NA,NA,D,3,1,796655.1163,80,2001,30,4.63,46.4
176408,Active,165818,NA,NA,D,4,1,818394.6563,86.95,2006,25,4.93,43.07
176409,Active,162309,NA,NA,S,5,1,449444.2238,130.75,2010,69,18.98,93.91
176410,Active,609123,NA,NA,D,6,1,625340.8213,231.95,2003,66,4.99,45
176411,Active,249903,NA,NA,S,7,1,26543.575,250.95,2007,107,25.98,67.99
176412,Active,620667,NA,NA,D,5,1,2192649.623,97.95,1998,34,4,26.21
176413,Active,904206,NA,NA,D,0,0,1891123.028,10,1992,19,4.98,53.81
176414,Active,1603152,NA,NA,S,1,0,2041519.778,56.6,2010,11,39.51,42.97
176415,Active,571853,NA,NA,S,0,0,965831.7375,92.2,2000,58,4,11.95
176416,Active,1622678,NA,NA,S,0,0,250132.1288,72.5,2008,60,4.58,9.63
176417,Active,1623262,NA,NA,S,1,0,881195.7125,12.15,2008,34,4,12.43
176418,Active,721607,NA,NA,S,1,0,819411.8638,49.95,2004,49,4,15.98
176419,Active,2383689,NA,NA,S,1,0,642282.3,69.6,1969,32,12.92,48.43
176420,Active,2495172,NA,NA,S,2,1,373576.7588,50,2000,36,16.48,28.79
176421,Active,529598,NA,NA,D,2,1,509026.1688,65.95,2010,34,4,33.94
176422,Active,158092,NA,NA,D,1,0,1065881.141,54.95,2006,35,4,27.25
176423,Active,1923634,NA,NA,S,2,1,104542.5,39.95,2011,19,23.94,26.05
176424,Active,622383,NA,NA,S,3,1,25646.34875,45,2010,64,16.89,22.79
176425,Active,725322,NA,NA,S,1,0,15244.5,39.95,2010,31,27.08,31.41
176426,Active,616968,NA,NA,S,3,1,129542.27,45,2005,75,15.5,21.24
176427,Active,1768180,NA,NA,S,2,1,391644.8125,39.99,2012,26,4.76,39.98
176428,Active,878645,NA,NA,S,4,1,126650.245,165.5,2014,31,33.99,79.89
176429,Active,809112,NA,NA,S,3,1,270272.2363,100.26,2010,22,20.96,66.98
176430,Active,54699,NA,NA,D,2,1,711640.9863,9.94,2005,162,4,10.99
176431,Active,54700,NA,NA,D,3,1,39291.2525,23.99,2010,172,5.89,44.05
176432,Active,205595,NA,NA,S,1,0,307006.3913,90,2005,45,37.94,63.99
176433,Active,206775,NA,NA,S,9,1,72384.4125,34.99,2007,108,4.77,14.14
176434,Active,906383,NA,NA,D,3,1,6514440.769,39.95,1998,29,4.48,50.33
176435,Active,649216,NA,NA,S,4,1,262795.0963,59.95,2005,29,21.4,47.14
176436,Active,60463,NA,NA,D,1,0,157283.0513,129.2,2005,43,4.48,55.67
176437,Active,120540,NA,NA,S,2,1,37562.85625,194.4,2009,79,25.99,96.91
176438,Active,53602,NA,NA,D,0,0,190397.5113,96.2,2005,60,4.39,28.94
176439,Active,53601,NA,NA,D,2,1,128862.8,118.8,2008,47,8.03,25.99
176440,Active,573551,NA,NA,S,0,0,101966.5288,17,1997,48,4.81,35.02
176441,Active,50017,NA,NA,S,3,1,3035185.79,90.5,2003,62,4,27.82
176442,Active,153810,NA,NA,D,6,1,41654.40875,72.15,2011,132,6.23,50.65
176443,Active,50016,NA,NA,D,5,1,354425.8875,23.43,2008,78,4.73,23.86
176444,Active,50015,NA,NA,D,4,1,1103158.879,22.88,2005,88,3.99,22.79
176445,Active,60464,NA,NA,D,3,1,369783.2825,218.95,2007,75,4,4.88
176446,Active,290963,NA,NA,D,4,1,50947.07875,207.95,2010,71,11.58,28.99
176447,Active,539697,NA,NA,S,4,1,6645.8525,37.44,2013,60,15.99,13.34
176448,Active,1584147,NA,NA,S,0,0,65437.375,64.99,2014,8,47.56,49.7
176449,Active,162863,NA,NA,S,1,0,7353.55,45,2010,54,22.98,25.97
176450,Active,892968,NA,NA,S,2,1,11912.5275,39.95,2014,26,25.76,26.47
176451,Active,2911387,NA,NA,D,0,0,1718547.759,49.95,2004,26,4,13.99
176452,Active,1845120,NA,NA,D,6,1,3355748.613,55.95,2006,20,7.65,61.39
176453,Active,669059,NA,NA,S,2,1,245244.15,51.95,2012,12,32.92,32.93
176454,Active,263068,NA,NA,D,0,0,533713.055,31.95,2007,19,5.56,19.93
176455,Active,908077,NA,NA,S,2,1,210208.345,44,2013,22,31.66,38.93
176456,Active,102403,NA,NA,S,0,0,848001.3988,13.95,2005,243,3.99,4.28
176457,Active,801027,NA,NA,D,3,1,1414905.166,90.95,2006,34,4.96,42.69
176458,Active,247752,NA,NA,D,3,1,166432.5288,44.95,2005,91,4.39,8.99
176459,Active,248262,NA,NA,S,4,1,16884.0575,34,2011,56,20.9,27.75
176460,Active,874846,NA,NA,D,2,1,1548504.564,39.95,2000,76,3.99,6.32
176461,Active,903703,NA,NA,S,2,1,208006.0875,39.95,2014,22,27.9,29.3
176462,Active,865512,NA,NA,S,2,1,229575.24,39.95,2014,18,36.39,29.96
176463,Active,801922,NA,NA,S,2,1,274093.8038,41.95,2009,27,18.77,29.97
176464,Active,916237,NA,NA,S,2,1,1223239.471,31.75,2002,49,3,28.89
176465,Active,620296,NA,NA,D,3,1,130027.1238,41.95,2008,79,5.62,24.98
176466,Active,632115,NA,NA,D,4,1,248583.8013,44.95,2012,86,18.35,33.64
176467,Active,206644,NA,NA,S,5,1,3146922.469,29.99,2002,53,4,4.88
176468,Active,560981,NA,NA,D,1,0,573308.9113,69.2,2009,25,4.97,43.98
176469,Active,539985,NA,NA,D,2,1,38945.89,111,2011,46,14.99,82.93
176470,Active,543962,NA,NA,S,5,1,31313.28625,73.99,2013,80,24.92,58.48
176471,Active,51631,NA,NA,D,2,1,756707.3663,23.94,2001,46,3.91,23.98
176472,Active,864841,NA,NA,S,5,1,415706.28,159.75,2013,23,41.19,47.96
176473,Active,51630,NA,NA,D,4,1,89680.06625,35.99,2009,85,7.92,33.48
176474,Active,597811,NA,NA,D,4,1,764932.9725,38.95,2005,48,4,8.98
176475,Active,298291,NA,NA,S,5,1,272685.625,43.95,2009,46,12.35,32.59
176476,Active,114215,NA,NA,D,3,1,2496968.874,61.8,2000,40,4,12.99
176477,Active,1751612,NA,NA,D,5,1,1234763.201,35,2011,23,4,62.55
176478,Active,1741142,NA,NA,S,2,1,1045319.595,134.34,2006,22,4.38,57.83
176479,Active,914090,NA,NA,D,1,0,2796482.22,82.95,2002,23,4,16.49
176480,Active,635344,NA,NA,S,0,0,189763.1213,92,2003,33,36.39,71.69
176481,Active,802676,NA,NA,S,12,1,850804.5863,34.99,2009,26,4,11.25
176482,Active,545040,NA,NA,S,14,1,836075.1288,34.99,2013,23,4,27.94
176483,Active,761224,NA,NA,S,2,1,807778.83,34.95,2004,55,4,14.48
176484,Active,529592,NA,NA,S,0,0,23616.60125,15.95,2007,171,6.67,10.02
176485,Active,529591,NA,NA,S,13,1,876818.4625,34.99,2011,17,3.92,24.99
176486,Active,1488823,NA,NA,S,1,0,120373.675,54.95,2014,14,37.67,35.46
176487,Active,135528,NA,NA,S,1,0,920013.2888,39.95,2010,88,4,8.96
176488,Active,905199,NA,NA,D,1,0,942812.2713,46.95,2010,46,4.76,28.68
176489,Active,657955,NA,NA,S,2,1,395058.4363,48.95,2013,23,28.38,28.95
176490,Active,1554648,NA,NA,S,8,1,51526.55,49.95,2013,15,29.62,32.65
176491,Active,761855,NA,NA,D,2,1,4236823.435,82,2006,26,3.67,4.98
176492,Active,859696,NA,NA,S,3,1,512491.165,110,2008,36,16.63,53.99
176493,Active,298238,NA,NA,D,3,1,2204416.38,42.95,2005,40,4,9.08
176494,Active,298295,NA,NA,D,4,1,295049.1988,54,2008,47,4,9.89
176495,Active,545775,NA,NA,D,5,1,385313.9888,59,2012,48,13.96,43.98
176496,Active,542948,NA,NA,S,2,1,2396.8575,35,2008,110,11.26,13.75
176497,Active,536252,NA,NA,S,0,0,3929.22875,35,2012,80,13.32,0
176498,Active,923519,NA,NA,S,1,0,88587.50625,35,1998,208,4,13.13
176499,Active,1570996,NA,NA,S,2,1,8863.275,35,2014,41,14.98,20.94
176500,Active,557206,NA,NA,S,8,1,87819.44,155.8,2003,63,4.99,48.99
176501,Active,58448,NA,NA,D,6,1,612060.5013,11.89,2005,76,4,10.05
176502,Active,58449,NA,NA,D,7,1,228554.225,52.76,2008,72,5.51,46.41
176503,Active,108954,NA,NA,S,6,1,1693542.25,42.87,2006,28,4,43.71
176504,Active,199518,NA,NA,S,1,0,180370.7163,93,2003,22,37.39,39.63
176505,Active,529586,NA,NA,S,3,1,670415.1,25,2012,37,4,8.08
176506,Active,3566669,NA,NA,D,0,0,2653328.75,65,1900,38,4,44.44
176507,Active,1582981,NA,NA,S,5,1,1996610.461,54.99,2010,16,39.65,40.82
176508,Active,1739386,NA,NA,S,37,1,775951.4988,29.95,2014,43,4,3.98
176509,Active,601650,NA,NA,D,0,0,1113475.125,48,2009,39,4,5.29
176510,Active,658058,NA,NA,S,2,1,451458.005,45,2013,33,22.32,28.76
176511,Active,1724538,NA,NA,S,3,1,26401,35,2014,25,9.32,22.76
176512,Active,864662,NA,NA,S,18,1,465770.9813,39.99,2013,76,4,23.49
176513,Active,610059,NA,NA,S,17,1,611576.9413,39.99,2011,49,4,26.98
176514,Active,609534,NA,NA,S,15,1,1367960.551,29.99,2008,47,4,8.38
176515,Active,609547,NA,NA,S,16,1,652541.725,39.99,2009,62,4,10.99
176516,Active,655186,NA,NA,D,11,1,280715.2125,49.99,2013,53,6.46,24.32
176517,Active,631513,NA,NA,D,10,1,579026.1913,49.99,2011,52,4,27.99
176518,Active,619375,NA,NA,D,9,1,545315.0625,49.99,2009,53,4,19.99
176519,Active,619404,NA,NA,S,8,1,749544.7013,49.99,2007,39,4,20.98
176520,Active,1855506,NA,NA,S,16,1,246333.9213,49.99,2015,18,29.03,33.42
176521,Active,632931,NA,NA,D,12,1,1673356.306,49.99,2007,23,4.1,8.86
176522,Active,896972,NA,NA,S,15,1,500372.3613,49.99,2013,29,11.27,133.75
176523,Active,655185,NA,NA,S,15,1,1028223.108,39.99,2013,31,4,36.08
176524,Active,609555,NA,NA,S,9,1,1948143.531,39.99,2010,39,4,5.88
176525,Active,3508302,NA,NA,D,5,1,585158.8,44,2010,55,19.34,27.11
176526,Active,529580,NA,NA,S,5,1,55150.0775,32,2011,49,11.53,20.51
176527,Active,674463,NA,NA,S,3,1,2179765.536,27.5,2006,53,4,4.83
176528,Active,193202,NA,NA,S,4,1,1234904.233,27.5,2008,69,3.9,7.98
176529,Active,193201,NA,NA,S,4,1,1152928.183,30,2007,75,3.89,8.94
176530,Active,529578,NA,NA,S,2,1,199103.6,21,2008,44,5.12,14.94
176531,Active,169596,NA,NA,D,6,1,711636.5813,68.95,2006,42,5.09,23.99
176532,Active,244388,NA,NA,S,7,1,491096.59,68.95,2012,27,18.31,38
176533,Active,620278,NA,NA,S,3,1,226545.82,45.95,2009,51,12,27.94
176534,Active,881668,NA,NA,S,2,1,69644.85125,60,2015,24,27.33,38.2
176535,Active,529576,NA,NA,S,10,1,99476.1575,14.99,2009,49,6.05,9.8
176536,Active,647543,NA,NA,S,0,0,658670.3363,40,2001,22,23.99,37.28
176537,Active,2669228,NA,NA,D,3,1,851940.3163,78.1,1978,37,13.95,51.94
176538,Active,262782,NA,NA,S,3,1,306457.1313,54.95,2010,15,39.87,50.65
176539,Active,2669258,NA,NA,D,0,0,2542949.528,82.21,1969,18,11.98,71.19
176540,Active,118214,NA,NA,S,5,1,42977.4475,78,2008,44,18.26,43.99
176541,Active,56857,NA,NA,S,4,1,3041.02,22,2009,276,7.38,9.95
176542,Active,538254,NA,NA,S,1,0,20581.575,29.95,2010,37,10.98,14.89
176543,Active,802629,NA,NA,S,5,1,824248.5838,29.99,2007,20,12.96,0
176544,Active,610143,NA,NA,S,3,1,17389.04125,50,2014,44,23.7,30.39
176545,Active,162960,NA,NA,D,2,1,364344.0788,49.95,2010,47,13.02,14.3
176546,Active,161989,NA,NA,D,1,0,512205.7275,45,2007,34,11.13,16.73
176547,Active,307950,NA,NA,S,3,1,557893.1013,55,2002,78,4,21.95
176548,Active,2834946,NA,NA,S,2,1,1088322.526,55.36,2001,29,9.85,55.36
176549,Active,3496403,NA,NA,D,2,1,2756047.85,28.95,1997,23,4,65.46
176550,Active,529567,NA,NA,S,5,1,257807.3225,45,2010,44,6.98,19.46
176551,Active,3603539,NA,NA,D,0,0,806732.35,65,1996,20,4.42,143.23
176552,Active,867566,NA,NA,S,6,1,327899.965,29.99,2014,47,4,7.69
176553,Active,529558,NA,NA,S,2,1,85261.565,24.99,2008,65,5.2,10.37
176554,Active,609532,NA,NA,D,19,1,2235882.173,49.99,2008,26,4.83,96.69
176555,Active,248472,NA,NA,S,16,1,2703947.75,49.99,2005,21,4.77,18.98
176556,Active,248508,NA,NA,D,20,1,1202407.805,49.99,2009,29,4,18.1
176557,Active,863591,NA,NA,D,2,1,2006346.436,47,2008,26,4.99,47.28
176558,Active,911607,NA,NA,S,4,1,1412623.543,47,2010,24,7.99,15.25
176559,Active,569032,NA,NA,S,2,1,17257.325,39.99,2006,84,22.29,33.05
176560,Active,747678,NA,NA,S,2,1,649606.815,32.95,2010,28,6.79,24.53
176561,Active,3732009,NA,NA,S,0,0,400058.55,50.99,2015,23,28.87,28.23
176562,Active,529549,NA,NA,S,4,1,48223.36125,29.95,2009,65,12.65,20.79
176563,Active,529548,NA,NA,S,7,1,261885.9113,21.95,2009,47,4,38.95
176564,Active,683064,NA,NA,S,2,1,8625.1,22,2012,23,12.96,13.42
176565,Active,254449,NA,NA,D,4,1,391036.9125,54.95,2010,25,12.58,28.99
176566,Active,862097,NA,NA,S,5,1,19504.44375,51.95,2014,48,32.78,30.87
176567,Active,917620,NA,NA,D,3,1,818072.2338,49.95,2006,45,5.49,17.49
176568,Active,166587,NA,NA,D,4,1,879185.5575,41.93,2004,29,10.99,36.36
176569,Active,759817,NA,NA,D,3,1,557268.6588,21.99,2001,34,4,28.94
176570,Active,861417,NA,NA,S,6,1,128161.2163,79.25,2013,50,48.72,66.81
176571,Active,162661,NA,NA,D,5,1,458331.435,90.5,2009,26,13.86,39.4
176572,Active,896151,NA,NA,D,3,1,3430997.765,57.95,1992,15,4.15,62.29
176573,Active,55992,NA,NA,S,3,1,18498.3025,16.99,2003,247,4,9.72
176574,Active,3617894,NA,NA,D,0,0,2557119.45,45,1997,39,4,23.98
176575,Active,278195,NA,NA,S,2,1,284684.0888,64.95,2006,31,33.94,0
176576,Active,3135606,NA,NA,D,0,0,2412397.769,39.95,2004,20,18.41,33.99
176577,Active,863019,NA,NA,S,2,1,607573.6838,34,2002,56,4,10.87
176578,Active,3806245,NA,NA,S,0,0,84212.85,59.95,2015,4,50.46,38.5
176579,Active,900839,NA,NA,S,2,1,1332198.968,59.95,2010,22,48.05,58.57
176580,Active,626448,NA,NA,S,2,1,298083.5888,59.95,2004,34,20.98,34.2
176581,Active,1755793,NA,NA,S,2,1,67886.225,39.95,2015,9,28.75,28.26
176582,Active,3086378,NA,NA,S,5,1,81186.9825,69.95,2004,61,26.24,46.55
176583,Active,3059908,NA,NA,D,4,1,251896.06,69.95,1999,55,4,16.88
176584,Active,183564,NA,NA,D,9,1,138478.5863,164.95,2007,28,6.27,39.98
176585,Active,292170,NA,NA,D,8,1,957004.0563,189.95,2004,57,4,21.98
176586,Active,254187,NA,NA,D,10,1,103124.775,172.95,2010,34,28.97,79.68
176587,Active,622081,NA,NA,S,4,1,555178.3213,68.25,2002,48,7.84,23.99
176588,Active,247766,NA,NA,S,2,1,373065.4925,41.95,2006,18,11.15,23.59
176589,Active,246824,NA,NA,S,1,0,44652.85,77.53,2007,54,12.7,12.98
176590,Active,2631431,NA,NA,S,1,0,50344.575,50.4,2000,16,30.99,33.92
176591,Active,545856,NA,NA,S,2,1,111212.9588,38.95,2012,34,28.86,30.94
176592,Active,538860,NA,NA,S,7,1,28300.09875,118.5,2013,53,54.33,70.27
176593,Active,852681,NA,NA,S,3,1,1108793.976,33.12,2001,51,3.99,9.98
176594,Active,285233,NA,NA,D,4,1,747056.4463,11.99,2004,59,4,11.99
176595,Active,529542,NA,NA,D,6,1,110274.0263,46.9,2010,42,14.72,48.94
176596,Active,110275,NA,NA,D,5,1,142453.2263,26.74,2007,52,4,41.49
176597,Active,291351,NA,NA,S,1,0,55392.8,39.99,2009,33,23.84,31.69
176598,Active,619039,NA,NA,S,2,1,518025.2563,45.6,2001,37,8.48,0
176599,Active,614635,NA,NA,D,1,0,748104.6913,34.2,2007,44,4,8.99
176600,Active,131602,NA,NA,D,7,1,1507032.694,45.8,2003,72,3.78,8.43
176601,Active,540130,NA,NA,S,10,1,9838.51375,77.6,2012,148,12.99,15.49
176602,Active,54515,NA,NA,D,9,1,63172.09,58.6,2009,57,4,30.17
176603,Active,54514,NA,NA,D,8,1,503650.9813,46.4,2007,77,4,10.99
176604,Active,1508627,NA,NA,D,0,0,187865.14,12.99,2013,52,4.16,7.11
176605,Active,1508022,NA,NA,D,1,0,384522.6425,12.99,2010,84,4,8
176606,Active,547069,NA,NA,D,7,1,22325.31,74.25,2012,60,9.82,22.59
176607,Active,2165772,NA,NA,S,8,1,96480.70875,74.25,2014,66,33.99,41.99
176608,Active,61259,NA,NA,D,4,1,1093962.276,47.75,2006,54,4,9.89
176609,Active,533949,NA,NA,D,5,1,132713.8925,61.75,2008,70,4,26.11
176610,Active,3829098,NA,NA,S,9,1,43156.65,62.5,2015,5,38.71,78.99
176611,Active,858762,NA,NA,S,1,0,258172.36,125,2000,32,6.93,32.98
176612,Active,609541,NA,NA,S,7,1,902635.2888,34.99,2009,35,7.22,19.37
176613,Active,2759379,NA,NA,D,1,0,4055941.399,125,2001,16,26.69,65.89
176614,Active,906636,NA,NA,S,12,1,157023.5,34.99,2014,34,18.07,24.3
176615,Active,534850,NA,NA,S,11,1,121342.9913,34.99,2012,38,7.59,50.04
176616,Active,529539,NA,NA,S,10,1,1016996.201,34.99,2010,57,4,5.99
176617,Active,801560,NA,NA,D,0,0,343384.2713,38,2009,42,6.01,38.69
176618,Active,658064,NA,NA,S,2,1,58201.84375,44,2013,48,30.85,29.34
176619,Active,635765,NA,NA,S,7,1,779867.5863,61,2011,20,36.33,55
176620,Active,872629,NA,NA,S,5,1,848383.98,30.95,1998,71,4,7.8
176621,Active,540442,NA,NA,D,2,1,301463.7325,40.35,2012,126,4.88,33.91
176622,Active,627921,NA,NA,D,2,1,438037.8575,56.98,2012,77,5.77,46.83
176623,Active,248290,NA,NA,S,7,1,228589.0325,107.95,2004,70,4.39,38.98
176624,Active,909142,NA,NA,S,2,1,739575.2338,36.95,2008,38,4.46,18.23
176625,Active,865260,NA,NA,S,3,1,181887.775,45,2013,29,28.99,33.64
176626,Active,654771,NA,NA,D,2,1,596807.4725,47.95,2007,24,25.32,0
176627,Active,1479569,NA,NA,S,1,0,46051.1,62.95,2014,45,17.28,25.8
176628,Active,617378,NA,NA,D,12,1,92944.37375,138.95,2009,58,7.54,28.94
176629,Active,608075,NA,NA,D,11,1,730206.3288,138.95,2006,31,4,12.98
176630,Active,133185,NA,NA,S,1,0,91277.7,95.8,2010,35,13.48,38.99
176631,Active,525418,NA,NA,S,1,0,51280.035,95.8,2010,46,12.46,43.96
176632,Active,2102740,NA,NA,S,2,1,96030.06,54.95,2014,27,33.46,36.73
176633,Active,654725,NA,NA,D,0,0,538780.4988,44.95,2009,68,12.24,35.83
176634,Active,475866,NA,NA,D,1,0,1988709.394,40.95,2005,20,8.39,51.51
176635,Active,624657,NA,NA,D,2,1,126471.0575,79.95,2013,118,5.84,40.99
176636,Active,529532,NA,NA,S,2,1,983536.0013,46.95,2009,28,23.98,39.45
176637,Active,864087,NA,NA,D,1,0,186007.28,79.95,2011,50,4.76,33.86
176638,Active,415850,NA,NA,S,2,1,302936.5438,75,2009,40,7.54,30.83
176639,Active,903674,NA,NA,S,1,0,134970.6863,42,2014,35,23.83,24.61
176640,Active,609612,NA,NA,D,5,1,1452276.551,156.95,2008,33,4,7.53
176641,Active,250163,NA,NA,D,4,1,2027815.5,144.95,2006,32,3.99,14.44
176642,Active,178931,NA,NA,D,6,1,198245.1288,142.95,2010,38,6.48,53.21
176643,Active,387158,NA,NA,D,5,1,932176.43,210.95,2008,45,4,50.35
176644,Active,178934,NA,NA,D,6,1,503872.045,191.95,2010,35,4,60.05
176645,Active,178932,NA,NA,D,6,1,793376.6275,89.95,2010,62,4,13.84
176646,Active,184083,NA,NA,S,3,1,2422435.275,122.95,2005,24,4,27.48
176647,Active,529531,NA,NA,S,4,1,443363.2063,121.95,2010,46,8.18,53.96
176648,Active,181985,NA,NA,S,6,1,301383.3013,49.99,2006,113,4,10.74
176649,Active,54401,NA,NA,D,1,0,1754704.223,172.95,2004,66,4,8.43
176650,Active,54400,NA,NA,D,5,1,744933.16,156.95,2008,119,4,10.99
176651,Active,1625262,NA,NA,S,2,1,78968.16625,39.99,2014,24,24.15,26.96
176652,Active,529529,NA,NA,S,3,1,1008170.414,79.95,2006,41,4,22.49
176653,Active,529528,NA,NA,S,3,1,930911.34,144.95,2006,49,4,17.88
176654,Active,639663,NA,NA,S,8,1,12305.42875,39.99,2013,38,18.65,27.04
176655,Active,529527,NA,NA,S,3,1,55530.2825,39.99,2014,31,22.94,24.83
176656,Active,162929,NA,NA,S,5,1,1099952.83,39.99,2010,41,4,5.97
176657,Active,163426,NA,NA,S,7,1,440196.7738,37.99,2011,82,4,5.87
176658,Active,1759395,NA,NA,S,2,1,716207.7025,39.95,2015,31,18.44,25.26
176659,Active,244061,NA,NA,D,1,0,148897.4663,131.95,2011,68,8,43.99
176660,Active,913672,NA,NA,S,2,1,159121.9663,39.99,2014,45,17.54,25.54
176661,Active,644460,NA,NA,S,2,1,446911.3438,44.99,2013,46,10.48,28.03
176662,Active,893196,NA,NA,S,2,1,351671.025,39.99,2014,17,12.03,26.45
176663,Active,259233,NA,NA,S,1,0,69745.675,54.99,2002,32,17.85,32.38
176664,Active,1733886,NA,NA,D,1,0,212566.4525,23.99,2008,20,11.68,16.67
176665,Active,114838,NA,NA,S,2,1,105114.9075,152.6,2001,60,28.4,100.61
176666,Active,61154,NA,NA,D,1,0,276714.5588,77,1996,38,10.97,54.29
176667,Active,1448779,NA,NA,S,10,1,2871601.331,139.2,2008,13,11.49,178.64
176668,Active,2650166,NA,NA,D,7,1,2661385.028,122,2004,17,4.69,33.94
176669,Active,1927484,NA,NA,S,8,1,206729.4188,87.95,2011,20,27.52,38.87
176670,Active,217300,NA,NA,S,3,1,289123.6588,49,2007,42,15.15,34.61
176671,Active,428220,NA,NA,D,1,0,5106359.321,30,1997,22,4.13,17.99
176672,Active,131420,NA,NA,D,2,1,2345783.261,38.8,2000,20,4,8.95
176673,Active,873139,NA,NA,S,2,1,150817.3038,116.94,2006,22,28.94,211.34
176674,Active,416453,NA,NA,S,1,0,514139.7938,112.5,2004,98,4,21.98
176675,Active,288100,NA,NA,S,2,1,1013076.948,179,2004,18,26.84,30.89
176676,Active,132396,NA,NA,S,2,1,55932.75875,180.95,2007,89,4.99,68.97
176677,Active,145977,NA,NA,S,6,1,679933.1538,223.4,2010,33,33.4,321.06
176678,Active,51873,NA,NA,D,6,1,56928.45625,213.6,2008,115,7.44,51.42
176679,Active,52385,NA,NA,D,1,0,483460.295,7.96,2005,84,4.87,46
176680,Active,639919,NA,NA,S,7,1,274320.7625,171,2011,27,38.94,151.47
176681,Active,638240,NA,NA,S,7,1,358762.1013,172.73,2013,63,34.49,82.87
176682,Active,549496,NA,NA,S,3,1,344171.1038,112.5,2011,26,30.99,35.98
176683,Active,549479,NA,NA,D,3,1,2150729.959,105.5,2011,28,7.49,32.21
176684,Active,742820,NA,NA,D,8,1,74469.7475,194.5,2010,167,5.28,38.45
176685,Active,579508,NA,NA,S,6,1,1365913.498,126.63,2003,53,4.31,11.02
176686,Active,477600,NA,NA,S,3,1,1196007.925,55.95,2008,26,4.98,38.62
176687,Active,619314,NA,NA,D,2,1,161961.6088,159.75,2012,43,5.04,0
176688,Active,146563,NA,NA,S,9,1,347548.09,138.87,2011,28,16.95,108.89
176689,Active,146704,NA,NA,D,9,1,59289.27875,132.2,2011,137,5.55,38.35
176690,Active,534417,NA,NA,S,9,1,491785.945,114.8,2008,117,4.8,47.25
176691,Active,146565,NA,NA,S,10,1,659669.2275,138.87,2011,46,15.24,113.99
176692,Active,516511,NA,NA,D,10,1,73654.29625,128.2,2010,100,4.91,76.71
176693,Active,534416,NA,NA,S,9,1,578361.5863,114.8,2008,60,4.05,23.88
176694,Active,529518,NA,NA,D,10,1,27479.16625,132.2,2011,124,5.99,8.94
176695,Active,434930,NA,NA,D,9,1,86575.3725,128.2,2010,132,5.32,61.57
176696,Active,613106,NA,NA,D,9,1,302481.2488,114.8,2009,90,4.22,48.99
176697,Active,540705,NA,NA,D,10,1,137337.82,147.73,2013,72,29.48,130.66
176698,Active,540722,NA,NA,D,10,1,22895.4025,140.4,2013,137,16.98,93.94
176699,Active,1517191,NA,NA,D,9,1,1006080.771,145.4,2013,46,6.98,71.59
176700,Active,145854,NA,NA,D,8,1,354915.2825,124.4,2009,73,4.46,46.07
176701,Active,623445,NA,NA,S,1,0,162047.3413,145.4,2011,46,19.84,69.28
176702,Active,635614,NA,NA,S,2,1,363032.8038,159.75,2012,38,4.82,20.51
176703,Active,146175,NA,NA,D,6,1,78828.2725,216.87,2010,80,8.78,51.98
176704,Active,212390,NA,NA,D,5,1,191676.22,144,2007,104,3.96,19.47
176705,Active,51868,NA,NA,S,3,1,1351749.71,114.67,1999,62,4.2,27.99
176706,Active,193049,NA,NA,D,4,1,1589878.983,69.95,2002,31,4.44,113.85
176707,Active,467991,NA,NA,S,5,1,640846.9725,93.95,2008,33,12.99,98.34
176708,Active,110110,NA,NA,D,3,1,32761.6275,95.27,2011,139,17.27,43.29
176709,Active,111303,NA,NA,D,2,1,193679.67,68.1,2009,83,5.6,58.88
176710,Active,52962,NA,NA,D,2,1,532291.1813,63.18,2007,39,6.61,93.92
176711,Active,108295,NA,NA,D,1,0,367741.1238,393.49,2007,33,9.92,56.81
176712,Active,2387370,NA,NA,D,0,0,1745447.56,52,1998,23,4.84,45.63
176713,Active,285744,NA,NA,D,2,1,1997571.908,57,1999,17,4.49,34.92
176714,Active,537995,NA,NA,S,4,1,537570.2225,90.8,2004,24,13.38,103.78
176715,Active,110949,NA,NA,D,2,1,214850.8525,58.74,2007,89,4,39.94
176716,Active,1957066,NA,NA,S,2,1,1415865.184,64.3,2012,18,3.42,67.52
176717,Active,416479,NA,NA,S,5,1,870469.4175,22.99,2006,66,4,21.98
176718,Active,287644,NA,NA,S,2,1,40150.9575,148.2,2010,53,53.01,101.97
176719,Active,131880,NA,NA,D,1,0,348424.3813,91.8,2006,34,5.15,41.99
176720,Active,57332,NA,NA,S,3,1,939631.4075,79.2,2000,37,4,30.43
176721,Active,287545,NA,NA,D,5,1,1882261.144,104,2005,24,4,10.24
176722,Active,57334,NA,NA,D,5,1,61655.745,162,2010,88,6.04,34.99
176723,Active,57333,NA,NA,S,4,1,259677.92,118.8,2003,62,4,13.69
176724,Active,126843,NA,NA,D,1,0,1008965.914,39.95,2007,33,4,47.39
176725,Active,129392,NA,NA,S,2,1,150733.7288,49.95,2010,59,17.99,27.99
176726,Active,132636,NA,NA,D,6,1,398299.9425,136.6,2008,32,4,13.94
176727,Active,603491,NA,NA,S,2,1,173408.6713,59.95,2012,37,31.87,44.49
176728,Active,488378,NA,NA,D,0,0,1017230.013,39.95,2006,40,4,15.99
176729,Active,116731,NA,NA,D,1,0,1028036.284,100.2,2005,27,4,22.45
176730,Active,120081,NA,NA,S,2,1,55663.935,183.6,2009,55,5.09,27.51
176731,Active,223248,NA,NA,S,1,0,2152575.823,83.95,2000,41,4,11.59
176732,Active,169369,NA,NA,D,2,1,1050686.156,125.95,2007,50,4,14.51
176733,Active,170052,NA,NA,D,3,1,535952.6913,193.95,2010,64,4.61,82.53
176734,Active,289786,NA,NA,D,2,1,148856.0538,95.95,2010,52,4.47,20.46
176735,Active,230358,NA,NA,S,3,1,293167.6025,229.95,2000,81,4,12.96
176736,Active,58453,NA,NA,S,2,1,1092175.694,93.95,2000,47,4,7.97
176737,Active,58452,NA,NA,D,4,1,52010.3825,244.95,2009,75,7.93,118.08
176738,Active,58454,NA,NA,D,3,1,905128.8313,194.95,2005,64,4.36,9.46
176739,Active,541360,NA,NA,D,3,1,76236.74,99.95,2013,47,43.54,58.84
176740,Active,426310,NA,NA,S,2,1,118085.8963,92.95,2010,54,48.17,78.21
176741,Active,53241,NA,NA,S,6,1,1100402.165,247.95,2005,52,4,19.94
176742,Active,447972,NA,NA,D,1,0,1656746.035,129.95,2000,21,4.64,42.29
176743,Active,634887,NA,NA,D,6,1,278440.5288,162.8,2011,29,8.2,53.97
176744,Active,56263,NA,NA,S,3,1,1375278.49,124.4,2005,40,4,47.27
176745,Active,880301,NA,NA,D,13,1,1647031.32,28.65,2013,37,5.92,7.5
176746,Active,544344,NA,NA,D,10,1,106323.0113,273.95,2013,87,8.64,56.33
176747,Active,538545,NA,NA,D,13,1,8817.645,234.75,2013,141,7.49,42.98
176748,Active,53240,NA,NA,D,9,1,392538.3163,300.95,2011,103,7.41,23.73
176749,Active,515176,NA,NA,S,1,0,422886.56,191,2008,58,6.96,61.61
176750,Active,663759,NA,NA,S,8,1,103025.7863,217.95,2013,92,22.17,23.05
176751,Active,477727,NA,NA,D,7,1,624690.735,199.95,2010,65,4.87,13.98
176752,Active,446360,NA,NA,S,2,1,475687.3425,142.95,2012,43,37.53,65.76
176753,Active,656057,NA,NA,S,7,1,169984.6325,135.93,2013,41,22.34,102.67
176754,Active,50218,NA,NA,D,11,1,151029.5463,61.69,2009,115,4,23.99
176755,Active,416490,NA,NA,S,9,1,1252659.23,152.25,2005,83,4.28,15.72
176756,Active,53239,NA,NA,D,8,1,902966.6263,43.99,2008,55,4,43.99
176757,Active,477635,NA,NA,D,5,1,1529982.58,141.95,2005,66,4.03,8.85
176758,Active,477681,NA,NA,D,6,1,1326501.246,200.95,2007,80,4,8.49
176759,Active,56260,NA,NA,D,5,1,159119.1775,158,2009,128,4.14,46.73
176760,Active,50217,NA,NA,D,12,1,18317.34,70.99,2011,143,6.56,26.99
176761,Active,2650108,NA,NA,D,2,1,4563706.799,359,2002,15,35.03,341.05
176762,Active,658082,NA,NA,S,2,1,21843.5,40,2013,37,9.88,19.99
176763,Active,600755,NA,NA,S,3,1,125016.6863,85.99,2013,48,7.93,14.23
176764,Active,468829,NA,NA,S,2,1,815726.7113,105,2005,22,32.98,85.51
176765,Active,147221,NA,NA,D,4,1,411154.9563,69.95,2005,75,4,43.87
176766,Active,248872,NA,NA,D,3,1,1006264.901,54.95,2007,48,4,47.56
176767,Active,467827,NA,NA,S,2,1,1446717.444,43.95,2002,67,4,10.93
176768,Active,248871,NA,NA,D,3,1,235778.2438,52.95,2006,128,4,13
176769,Active,529512,NA,NA,S,2,1,205157.6813,33.95,2012,22,21.99,22.93
176770,Active,426189,NA,NA,S,2,1,1422462.153,145,2005,20,15.96,21.95
176771,Active,439582,NA,NA,S,2,1,322653.2588,99,1994,37,4,48.99
176772,Active,914793,NA,NA,S,2,1,15671.055,40,2014,31,17.43,21
176773,Active,428896,NA,NA,D,1,0,612550.965,50,1999,60,4,24.9
176774,Active,617392,NA,NA,D,0,0,187772.11,34.95,2008,50,22.7,31.04
176775,Active,3511755,NA,NA,D,3,1,3705171.15,94,1988,32,5.07,70.09
176776,Active,60468,NA,NA,D,11,1,1494764.483,10.64,2007,43,4,10.65
176777,Active,878311,NA,NA,S,13,1,52329.69375,102.4,2014,33,51.35,55.22
176778,Active,53137,NA,NA,D,11,1,180695.6988,126.4,2008,119,4,41.92
176779,Active,428315,NA,NA,S,9,1,4081469.87,75.6,2002,42,4,8.98
176780,Active,57383,NA,NA,D,2,1,1016435.473,61.55,2005,57,3.99,65.58
176781,Active,455600,NA,NA,D,2,1,832451.1775,148.95,2006,56,4,63.92
176782,Active,705317,NA,NA,D,10,1,5226850.798,68.75,2005,26,4,15.69
176783,Active,110419,NA,NA,D,12,1,485367.8463,75,2009,90,4,30.89
176784,Active,428296,NA,NA,D,6,1,797482.3988,85.2,2001,33,4,9.56
176785,Active,132033,NA,NA,D,7,1,205136.4863,118.67,2005,47,4.13,12
176786,Active,629657,NA,NA,S,4,1,1669876.201,57,2012,26,4,49.45
176787,Active,529510,NA,NA,D,3,1,16071.19,152.2,2012,93,10.3,38.99
176788,Active,652486,NA,NA,D,3,1,891840.325,160.47,2012,27,19.66,602.99
176789,Active,132756,NA,NA,D,2,1,714795.0275,127,2009,82,4,8.68
176790,Active,57384,NA,NA,D,3,1,543346.1488,7.39,2007,93,4,12.35
176791,Active,2801427,NA,NA,D,0,0,5777559.861,41.95,1992,16,4,63.34
176792,Active,579566,NA,NA,S,2,1,149584.6025,84.95,2000,33,36.86,64.98
176793,Active,489365,NA,NA,D,1,0,1224691.411,40,1996,24,4,36.37
176794,Active,2336094,NA,NA,D,0,0,3441254.495,49.95,1978,26,4,50.85
176795,Active,428203,NA,NA,D,2,1,162783.8638,110.87,2011,90,4.99,20.21
176796,Active,120648,NA,NA,D,1,0,1098717.75,84,2008,50,4,17.99
176797,Active,533587,NA,NA,D,12,1,10325.71375,114,2011,129,8.1,27.97
176798,Active,646868,NA,NA,D,1,0,249006.4113,218.33,2013,33,4.73,119.19
176799,Active,1455958,NA,NA,S,2,1,161819.4275,152.67,2015,51,27.93,51.98
176800,Active,52320,NA,NA,S,3,1,1583161.519,7.95,2003,89,4,7.33
176801,Active,1574783,NA,NA,D,5,1,598115.4675,66.77,2009,32,10.83,28
176802,Active,416625,NA,NA,S,7,1,70816.36125,63.48,2008,83,11.03,50.99
176803,Active,478059,NA,NA,D,1,0,408352.6788,199.95,2004,91,3.84,51.15
176804,Active,53391,NA,NA,D,11,1,55068.26,27.99,2008,227,4,21.28
176805,Active,421442,NA,NA,S,1,0,31433.05,146.4,2007,50,10.96,57.62
176806,Active,420554,NA,NA,S,9,1,152854.3875,114,2001,81,4.09,18.98
176807,Active,416545,NA,NA,D,8,1,2176499.591,44.93,2006,50,4,43.95
176808,Active,416511,NA,NA,D,8,1,1556918.02,146,2007,38,4.56,13.99
176809,Active,287589,NA,NA,D,1,0,19161.3475,211,2011,165,5.87,13.99
176810,Active,52318,NA,NA,S,4,1,2273210.761,19.99,2007,32,4.53,21.09
176811,Active,415714,NA,NA,S,7,1,1692209.489,64,2008,17,7.38,52.87
176812,Active,52317,NA,NA,D,4,1,925216.44,9,2006,178,4,6.6
176813,Active,868021,NA,NA,D,2,1,922621.3538,9.46,2000,45,4,13.99
176814,Active,52319,NA,NA,D,5,1,130593.2963,38.98,2008,190,4.56,24.98
176815,Active,416589,NA,NA,D,9,1,469276.7463,36.99,2008,91,4.53,9.99
176816,Active,659806,NA,NA,D,2,1,3217212.584,104.95,2006,10,4.99,8.79
176817,Active,795129,NA,NA,D,3,1,705123.5163,158.95,2009,17,15.32,151.46
176818,Active,54989,NA,NA,D,2,1,1242651.368,174.95,2005,61,3.91,10.99
176819,Active,120370,NA,NA,D,7,1,50097.0325,116.4,2009,125,4.98,40.97
176820,Active,60470,NA,NA,D,6,1,830011.2913,67.4,2005,65,4,38.6
176821,Active,54990,NA,NA,D,3,1,156384.4063,158.95,2009,100,4.96,13.94
176822,Active,109430,NA,NA,S,5,1,2258719.781,8.89,2005,41,4,10.94
176823,Active,112030,NA,NA,D,7,1,241270.1063,13.73,2011,59,12.78,43.99
176824,Active,550761,NA,NA,D,6,1,327993.3163,73.99,2009,22,4.46,73.99
176825,Active,110611,NA,NA,D,6,1,531756.9025,16.64,2008,70,4,13.99
176826,Active,508711,NA,NA,S,1,0,529426.9763,42.95,1997,65,4,33.64
176827,Active,147563,NA,NA,D,4,1,929832.5088,77.95,2008,20,4.76,33.64
176828,Active,288805,NA,NA,D,3,1,1454757.409,72.95,2004,36,4.14,11.2
176829,Active,634075,NA,NA,S,0,0,345529.735,39.95,2011,39,10.51,29.17
176830,Active,131024,NA,NA,D,7,1,377649.96,137.8,2011,96,5.09,14.53
176831,Active,286443,NA,NA,D,6,1,422076.7613,99.33,2008,54,4,15.71
176832,Active,246217,NA,NA,S,5,1,690412.5388,90,2004,39,4.37,30.04
176833,Active,369645,NA,NA,D,1,0,854357.2925,131,2003,37,6.11,50.93
176834,Active,55126,NA,NA,D,10,1,299963.345,253.95,2010,115,4,41.79
176835,Active,55124,NA,NA,S,8,1,1323441.851,93,2004,50,4,37.62
176836,Active,55127,NA,NA,D,9,1,189345.08,243.95,2007,54,4,6.47
176837,Active,213135,NA,NA,D,0,0,2121063.93,75.95,2006,30,6.29,47.89
176838,Active,213013,NA,NA,S,2,1,264023.2063,125.95,2008,39,33.01,76.99
176839,Active,478884,NA,NA,D,0,0,191558.675,159.99,2010,91,8.29,9.99
176840,Active,416412,NA,NA,S,6,1,473476.9613,38.95,2004,47,3.78,38.95
176841,Active,462475,NA,NA,D,3,1,1138783.643,79.95,2006,40,4.6,13.98
176842,Active,541776,NA,NA,S,4,1,88310.4875,67.95,2013,60,20.53,30.23
176843,Active,519250,NA,NA,D,2,1,2650838.02,68.95,2000,34,4,8.99
176844,Active,169507,NA,NA,D,1,0,663100.3175,304.95,2008,40,6.87,25.99
176845,Active,57074,NA,NA,D,9,1,380163.1375,45.87,2009,65,4.58,45.35
176846,Active,57075,NA,NA,D,8,1,770255.7725,47.8,2007,70,4,13.75
176847,Active,420058,NA,NA,S,3,1,131451.015,89.95,2010,39,19.49,52.99
176848,Active,529498,NA,NA,S,2,1,454601.3413,78,2010,24,12.47,48.21
176849,Active,109172,NA,NA,S,8,1,2905082.235,96.88,2004,40,4,10.94
176850,Active,426353,NA,NA,S,5,1,3590144.15,72,2004,28,4.58,33.94
176851,Active,426360,NA,NA,S,6,1,1171867.493,87.95,2007,33,4.54,53.56
176852,Active,51609,NA,NA,D,9,1,221190.0275,85.39,2009,99,5.65,18.99
176853,Active,244321,NA,NA,D,10,1,28204.92,103.98,2012,112,41.98,66.99
176854,Active,53340,NA,NA,D,9,1,271611.0638,12.74,2005,58,4,12.49
176855,Active,550236,NA,NA,S,1,0,128686.7438,229.75,2012,59,47.03,148.87
176856,Active,51684,NA,NA,S,3,1,1828050.348,109.35,2003,74,4,20.65
176857,Active,51686,NA,NA,D,5,1,182606.4275,160,2009,160,4,23.14
176858,Active,535715,NA,NA,S,6,1,75188.7775,122.25,2013,51,40.24,63.47
176859,Active,166721,NA,NA,D,4,1,343589.7338,33.64,2006,56,3.99,14.82
176860,Active,162865,NA,NA,D,5,1,184317.2775,39,2009,70,4.83,13.97
176861,Active,165549,NA,NA,S,3,1,2707895.679,56.15,2003,49,4,33.25
176862,Active,53342,NA,NA,D,10,1,732826.2563,17.5,2007,62,4.32,29.63
176863,Active,51685,NA,NA,D,4,1,1030734.7,131,2007,89,4,20.33
176864,Active,477444,NA,NA,D,1,0,2321595.28,54.95,2002,21,4.56,21.27
176865,Active,507492,NA,NA,D,2,1,354530.4575,64,2010,35,27.67,35.55
176866,Active,60473,NA,NA,D,7,1,1490886.809,312.95,2006,45,4,44.99
176867,Active,529495,NA,NA,S,3,1,604927.4713,112.75,2005,49,8.09,73.95
176868,Active,454224,NA,NA,S,2,1,1588956.181,84.99,2007,33,9.13,18.23
176869,Active,61212,NA,NA,S,9,1,1808758.114,101.95,2001,42,4,19.9
176870,Active,876057,NA,NA,D,10,1,697280.0988,185.36,2005,26,7.23,105.3
176871,Active,169781,NA,NA,D,10,1,389863.9588,233.95,2008,51,17.41,41.99
176872,Active,177990,NA,NA,D,10,1,346063.72,138.95,2005,44,4.77,69.44
176873,Active,426171,NA,NA,S,3,1,568024.475,72.95,2002,46,17.35,43.99
176874,Active,119178,NA,NA,D,6,1,14483.70375,197.2,2011,62,14.39,143.62
176875,Active,569082,NA,NA,S,1,0,133989.0663,64.99,2012,23,49.79,50.97
176876,Active,51390,NA,NA,D,5,1,487019.915,147,2007,84,4.37,18.1
176877,Active,428367,NA,NA,D,0,0,1296752.925,93.6,2005,36,4.44,11.99
176878,Active,455415,NA,NA,D,1,0,2456189.391,81.95,1997,30,4,18.31
176879,Active,448428,NA,NA,D,2,1,1769470.62,91.95,1999,47,4,50.82
176880,Active,420621,NA,NA,D,2,1,1147522.913,120.2,2002,29,4,63.59
176881,Active,482302,NA,NA,D,3,1,352198.4913,134,2003,69,4.41,23.96
176882,Active,218728,NA,NA,S,4,1,52872.9825,155,2010,80,28.61,56.81
176883,Active,191880,NA,NA,D,9,1,618833.31,22.99,2002,58,5.49,29.25
176884,Active,176682,NA,NA,D,4,1,1643396.824,96.95,1997,24,4,33.94
176885,Active,569455,NA,NA,S,1,0,400063.2463,269.95,1994,30,7.42,52.09
176886,Active,455581,NA,NA,D,5,1,302378.6775,288.95,2001,31,8.74,29.89
176887,Active,621037,NA,NA,S,2,1,470169.99,79.95,2009,25,7.09,0
176888,Active,416282,NA,NA,S,5,1,8038582.041,79.69,2001,14,4,68.99
176889,Active,416447,NA,NA,S,6,1,2571671.616,111,2004,24,4,14.47
176890,Active,417331,NA,NA,D,8,1,38055.94125,247.25,2011,77,6.68,101.98
176891,Active,110582,NA,NA,D,7,1,276916.0363,51.1,2007,58,4,52.43
176892,Active,444582,NA,NA,D,4,1,5389348.876,49.95,2001,22,4.93,46.31
176893,Active,444587,NA,NA,D,5,1,2461437.336,68.95,2005,17,8.45,53.4
176894,Active,421868,NA,NA,S,2,1,1201216.913,182.6,2006,30,6.39,49.23
176895,Active,182551,NA,NA,D,2,1,730784.5888,302.95,2004,45,4,38.12
176896,Active,444586,NA,NA,D,11,1,2780109.753,89.95,2005,15,12.85,57.41
176897,Active,2550518,NA,NA,S,9,1,3208478.576,77,1993,18,5.27,114.95
176898,Active,643392,NA,NA,S,0,0,168646.6963,45.43,2008,27,5.66,0
176899,Active,113144,NA,NA,S,3,1,20508.50625,99.95,2011,48,39.99,38.99
176900,Active,240001,NA,NA,S,5,1,189622.7788,38,2005,54,35.98,38
176901,Active,419914,NA,NA,S,2,1,3081977.164,73.95,1999,20,4.13,52.43
176902,Active,575673,NA,NA,S,2,1,601087.1775,57.95,2011,22,35.93,46.54
176903,Active,486730,NA,NA,D,0,0,1100722.271,44.95,2000,39,11.03,46.9
176904,Active,544197,NA,NA,S,8,1,163730.5838,322.95,2012,65,29.5,163.83
176905,Active,434801,NA,NA,S,4,1,1334906.688,175.53,2008,32,8.89,9.99
176906,Active,426795,NA,NA,S,2,1,5580510.659,69.95,2004,20,4.97,53.99
176907,Active,101371,NA,NA,S,4,1,1933989.77,228.95,2002,30,3,47.71
176908,Active,51383,NA,NA,D,12,1,59996.9275,231,2010,93,10.39,53.99
176909,Active,192549,NA,NA,S,6,1,253772.3038,79.95,1996,55,4.04,45.46
176910,Active,879550,NA,NA,S,5,1,370882.7788,69.88,2011,64,5.77,56.78
176911,Active,177172,NA,NA,S,4,1,637276.565,386.95,2003,43,8.23,83.98
176912,Active,55121,NA,NA,D,6,1,625228.4413,248.95,2006,118,4,23.98
176913,Active,434816,NA,NA,D,5,1,81892.7675,195.33,2009,181,5.85,45.99
176914,Active,55122,NA,NA,D,7,1,367022.21,377.95,2010,71,14.86,48.99
176915,Active,51382,NA,NA,D,11,1,382497.7338,38.92,2008,98,4.8,29.96
176916,Active,533863,NA,NA,S,10,1,921936.075,161.9,2007,23,4.47,26.26
176917,Active,54804,NA,NA,S,7,1,22953.09,131.95,2011,111,5.75,32.47
176918,Active,60964,NA,NA,D,5,1,259420.0488,158.95,2004,134,4,9.48
176919,Active,170190,NA,NA,D,7,1,23805.0975,131.95,2011,70,15.44,63.79
176920,Active,114659,NA,NA,S,8,1,2336818.756,76.67,2003,44,4,18.76
176921,Active,456863,NA,NA,S,4,1,98538.015,169.95,2010,70,51.99,85.96
176922,Active,456678,NA,NA,S,7,1,152096.2738,250.95,2011,47,51.31,139.62
176923,Active,422975,NA,NA,D,10,1,900009.6113,140,2008,61,4,48.13
176924,Active,423045,NA,NA,D,11,1,84988.86875,146.8,2011,112,15,73.42
176925,Active,461695,NA,NA,D,6,1,873920.1313,260.95,2005,30,4,20.48
176926,Active,3472603,NA,NA,D,3,1,3479368.8,87,2003,32,4,38.93
176927,Active,60475,NA,NA,D,3,1,1996215.021,28.94,2006,54,4,28.94
176928,Active,456459,NA,NA,D,3,1,1090494.248,119.95,2004,45,4,16.89
176929,Active,872503,NA,NA,S,5,1,3236796.601,51.9,1995,32,4,38.99
176930,Active,539380,NA,NA,D,10,1,137055.4425,187,2013,79,5.28,58.91
176931,Active,117439,NA,NA,D,8,1,1558224.781,199.6,2007,69,4,13.49
176932,Active,116104,NA,NA,S,7,1,2880113.288,119.2,2004,29,4,7.99
176933,Active,120126,NA,NA,D,9,1,336558.295,172.6,2010,70,4.24,39.69
176934,Active,176713,NA,NA,S,1,0,284422.3288,294.95,2000,43,4.48,183.99
176935,Active,703804,NA,NA,S,5,1,7176590.568,118.25,2001,40,4.09,21.54
176936,Active,422081,NA,NA,D,4,1,543879.9838,139.2,2006,40,5.63,50.91
176937,Active,285388,NA,NA,D,4,1,190645.76,41.98,2009,109,5.93,41.79
176938,Active,386415,NA,NA,S,4,1,792193.9563,70,2007,41,9.57,34.08
176939,Active,419899,NA,NA,D,3,1,268695.82,96.95,2006,85,5.83,42.03
176940,Active,416342,NA,NA,S,3,1,100002.2563,96.97,2004,32,12.19,96.71
176941,Active,436390,NA,NA,D,5,1,316967.9475,324.95,2008,56,5.49,31.59
176942,Active,412956,NA,NA,S,3,1,3958120.776,193.95,2001,32,4,17.99
176943,Active,494607,NA,NA,D,2,1,8649273.199,76,2007,12,4,108.13
176944,Active,435794,NA,NA,D,4,1,465509.2613,211.95,2005,51,4,9.22
176945,Active,392092,NA,NA,S,2,1,55829.5,49.95,2010,14,54.87,54.92
176946,Active,114648,NA,NA,D,8,1,677163.5675,110.2,2003,29,4,37.99
176947,Active,248235,NA,NA,D,2,1,393687.8238,90,2011,31,8.74,64.71
176948,Active,247838,NA,NA,D,1,0,896352.5563,55.95,2008,94,4,22.22
176949,Active,867783,NA,NA,S,3,1,53370.37625,83,2014,41,37.43,63.84
176950,Active,131853,NA,NA,D,4,1,525554.9325,116.2,2004,41,4,22.8
176951,Active,119524,NA,NA,S,13,1,955038.9563,172.47,2012,20,24.92,79.72
176952,Active,549468,NA,NA,D,10,1,5433417.293,103.25,2010,14,6.26,52.65
176953,Active,309799,NA,NA,D,8,1,53167.0175,72.9,2012,90,10.56,61.48
176954,Active,52203,NA,NA,D,13,1,14635.91,300.95,2010,155,6.13,36.94
176955,Active,148524,NA,NA,D,5,1,941362.3988,266.95,2005,28,4.04,13.99
176956,Active,326325,NA,NA,D,6,1,6450700.279,110,2004,30,5.47,58.65
176957,Active,55119,NA,NA,D,11,1,198632.4713,194.67,2007,129,4,17.38
176958,Active,332064,NA,NA,D,3,1,5184626.993,63.95,2003,30,4,35
176959,Active,392521,NA,NA,D,4,1,1942568.6,121.95,2006,18,4.77,16.84
176960,Active,309121,NA,NA,D,10,1,57853.51375,322.75,2010,125,4.69,44.39
176961,Active,402452,NA,NA,S,7,1,2634059.63,110.93,2003,30,4,11.52
176962,Active,51004,NA,NA,D,6,1,723270.21,166.95,2007,68,4,9.84
176963,Active,51003,NA,NA,D,5,1,510241.1488,95.95,2004,45,4,13.94
176964,Active,354806,NA,NA,S,2,1,2145422.356,219.95,2006,39,4,16
176965,Active,183599,NA,NA,S,3,1,96870.545,323.95,2007,45,4.72,39.78
176966,Active,60478,NA,NA,S,5,1,1921364.214,134.75,2002,46,4.76,17.98
176967,Active,354896,NA,NA,S,6,1,229623.8463,385.95,2005,59,10.19,27.98
176968,Active,314410,NA,NA,D,1,0,172854.8513,242.4,2008,40,11.19,80.98
176969,Active,431082,NA,NA,D,7,1,2436515.92,119.5,2008,21,5.58,77.32
176970,Active,55118,NA,NA,S,10,1,810063.765,166.67,2004,86,4,6.23
176971,Active,55120,NA,NA,D,12,1,199883.6275,219.4,2010,108,4.43,24.94
176972,Active,339895,NA,NA,S,2,1,132647.9925,58.53,2010,78,6.48,25.35
176973,Active,340240,NA,NA,S,2,1,1603173.589,148.15,2010,13,47.86,113.98
176974,Active,309753,NA,NA,D,5,1,273718.0388,136.85,2009,37,5.44,73.81
176975,Active,308499,NA,NA,S,3,1,1169157.671,139,2002,28,4,28.99
176976,Active,134825,NA,NA,D,4,1,1758431.473,78,2007,28,5.61,55.99
176977,Active,698929,NA,NA,D,11,1,1458983.833,99,2009,22,4,14.99
176978,Active,50930,NA,NA,D,11,1,250309.4175,14.23,2009,101,4,14.24
176979,Active,497095,NA,NA,D,5,1,268244.8563,212.95,2009,50,6.02,49.88
176980,Active,545130,NA,NA,D,5,1,781656.69,109.8,2009,33,4,53.77
176981,Active,309118,NA,NA,D,9,1,869390.8113,9.36,2007,74,4,5.99
176982,Active,629089,NA,NA,D,13,1,108883.7425,252.4,2013,106,4.28,33.98
176983,Active,50940,NA,NA,D,11,1,915645.2088,180,2009,108,4,10.98
176984,Active,308896,NA,NA,S,5,1,2197978.116,173.75,2005,42,4.55,29.81
176985,Active,52202,NA,NA,D,12,1,92736.4,323.95,2007,135,5.13,19.97
176986,Active,592181,NA,NA,D,1,0,110767.305,133,2012,86,6.39,32.99
176987,Active,50938,NA,NA,D,10,1,977901.755,152,2007,56,4,5.99
176988,Active,251209,NA,NA,S,6,1,285143.9563,323.95,2009,40,11.67,68.83
176989,Active,349828,NA,NA,D,6,1,38055.4,128.95,2011,68,5.98,49.22
176990,Active,436432,NA,NA,D,5,1,795746.0525,128.95,2008,55,4,42.32
176991,Active,148459,NA,NA,D,4,1,605195.1638,140.95,2006,40,3.93,8.99
176992,Active,308893,NA,NA,D,4,1,970993.2588,18.98,2006,68,4,18.05
176993,Active,200120,NA,NA,D,1,0,737590.1288,153.95,2007,59,4,12.99
176994,Active,660866,NA,NA,S,2,1,76837.74,102.95,2013,39,38.88,39.34
176995,Active,544988,NA,NA,D,4,1,45971.14375,106,2012,116,5.2,33.68
176996,Active,248025,NA,NA,D,3,1,175122.0325,94.95,2009,61,4.34,22.99
176997,Active,194079,NA,NA,S,2,1,245871.6238,78,2006,45,9.73,49.09
176998,Active,50929,NA,NA,D,10,1,1231489.573,9.69,2006,66,4,9
176999,Active,52200,NA,NA,S,10,1,1894468.968,222.95,2002,115,4,4.95
177000,Active,52201,NA,NA,S,11,1,599052.2088,363.95,2004,122,4,4.68
177001,Active,612189,NA,NA,S,14,1,858094.8113,56.95,2013,14,16.54,0
177002,Active,533696,NA,NA,S,13,1,1245032.824,55.95,2010,25,28.4,59.95
177003,Active,303767,NA,NA,D,4,1,2571480.271,226.95,2001,34,4.44,14.99
177004,Active,60479,NA,NA,S,5,1,1627544.135,241.95,2000,46,4,21.81
177005,Active,456665,NA,NA,D,7,1,62414.2625,283.95,2010,51,25.86,109.94
177006,Active,516577,NA,NA,D,6,1,470946.565,310.95,2007,50,4.7,31.99
177007,Active,118848,NA,NA,D,5,1,690086.9825,158.8,2008,48,21.71,133.94
177008,Active,114469,NA,NA,D,4,1,1768946.811,129.33,2002,44,4,15.61
177009,Active,872430,NA,NA,D,3,1,1354185.68,74.95,2004,37,4,44.67
177010,Active,121149,NA,NA,D,9,1,149594.265,177.2,2010,47,8.45,44.09
177011,Active,132171,NA,NA,D,8,1,742362.525,136,2007,48,4.14,9.87
177012,Active,368781,NA,NA,S,1,0,555970.9588,49.95,2004,57,4,0
177013,Active,502759,NA,NA,D,3,1,92877.2525,112,2008,122,5.23,17.96
177014,Active,259998,NA,NA,D,2,1,1507245.821,88,2005,40,4,11.43
177015,Active,537479,NA,NA,S,2,1,101996.6538,77.33,2012,60,9.29,0
177016,Active,354891,NA,NA,S,6,1,1035747.226,335.95,2006,67,4,12.12
177017,Active,205933,NA,NA,D,2,1,1570029.274,70,2004,52,3.99,11.99
177018,Active,162602,NA,NA,D,3,1,525527.885,80,2009,79,4,6.1
177019,Active,610399,NA,NA,S,4,1,17707.44625,100,2013,60,43.09,63.76
177020,Active,339246,NA,NA,D,1,0,368236.8,22.39,2008,83,5.14,22.39
177021,Active,427067,NA,NA,D,0,0,2439618.326,75,2004,14,8.79,23.53
177022,Active,127149,NA,NA,D,0,0,847423.6613,32.95,2007,52,4,9.98
177023,Active,907978,NA,NA,S,2,1,102232.565,53,2014,28,31.74,43.19
177024,Active,454350,NA,NA,D,2,1,339629.9313,60,2008,24,5.06,35.7
177025,Active,529465,NA,NA,D,2,1,3956630.564,65,2008,23,7.52,31.87
177026,Active,502650,NA,NA,D,0,0,2046527.966,134,1999,25,6.3,14.75
177027,Active,539822,NA,NA,D,2,1,70119.7675,52.95,2013,46,6.99,37.01
177028,Active,427187,NA,NA,D,1,0,756795.275,54.95,2009,49,4,17.01
177029,Active,529471,NA,NA,S,3,1,282585.4413,34.99,2012,52,13.37,29.97
177030,Active,149582,NA,NA,S,2,1,2134249.9,44.95,2001,19,6.07,44.22
177031,Active,442410,NA,NA,S,0,0,558746.7238,53.95,2007,28,18.96,46.48
177032,Active,455418,NA,NA,D,1,0,3341550.399,71.95,1997,26,3.99,41.37
177033,Active,428328,NA,NA,D,9,1,4280526.235,86.8,2003,27,4,49.39
177034,Active,247938,NA,NA,S,2,1,275928.9013,106,2009,55,8.99,52.39
177035,Active,428239,NA,NA,D,2,1,1056424.376,62.4,1998,25,4,13.98
177036,Active,428408,NA,NA,D,10,1,1068745.773,99.2,2007,31,3.99,43.81
177037,Active,428274,NA,NA,S,8,1,1100632.955,85.4,2000,22,4,9.79
177038,Active,60480,NA,NA,D,7,1,324901.2538,134.95,2007,55,4,23.86
177039,Active,224702,NA,NA,D,8,1,121183.8775,207.95,2010,50,7.88,41.91
177040,Active,243871,NA,NA,D,3,1,182612.7488,163.95,2011,66,9.06,78
177041,Active,551202,NA,NA,D,32,1,2486798.594,46,2010,28,4,13.61
177042,Active,538868,NA,NA,S,34,1,618684.2638,46.93,2012,36,11.21,43.71
177043,Active,486261,NA,NA,S,4,1,40513.6575,132.95,2011,62,25.99,53.65
177044,Active,486263,NA,NA,S,4,1,188024.8663,86.42,2011,29,47.1,58.99
177045,Active,900019,NA,NA,D,2,1,3802626.869,110,1989,17,4.77,67.41
177046,Active,206389,NA,NA,S,1,0,217435.1875,113.95,2009,34,23.97,96.02
177047,Active,520734,NA,NA,S,1,0,38177.25,80.95,2011,24,33.94,48.22
177048,Active,428483,NA,NA,D,2,1,219758.4613,159.2,2009,50,5.55,22
177049,Active,53510,NA,NA,D,2,1,700100.9388,98.95,2005,53,4,44.81
177050,Active,1657122,NA,NA,S,4,1,2822807.673,29.9,2011,14,4,19.98
177051,Active,428484,NA,NA,S,2,1,148813.67,136.6,2009,59,11.7,83.79
177052,Active,529462,NA,NA,S,2,1,2338412.658,94,2004,24,4.98,55.44
177053,Active,52383,NA,NA,D,7,1,107270.7625,81.02,2009,73,11.99,62.87
177054,Active,422373,NA,NA,D,1,0,450189.5875,137.4,2006,44,4,18.95
177055,Active,61162,NA,NA,D,7,1,349651.02,148.6,2007,69,4.98,26.98
177056,Active,3606582,NA,NA,D,0,0,1099224.85,88.95,2002,25,4.78,23.98
177057,Active,53508,NA,NA,D,3,1,204719.9963,107.95,2008,38,4.81,20.34
177058,Active,427944,NA,NA,D,7,1,104510.725,128.6,2011,83,12.94,43.99
177059,Active,60481,NA,NA,S,5,1,1132723.701,88.8,2004,34,4,53.98
177060,Active,423285,NA,NA,D,6,1,195735.5263,104.2,2008,40,4.76,82.37
177061,Active,126141,NA,NA,S,2,1,420563.5275,112.95,2003,67,26.88,26.87
177062,Active,421333,NA,NA,D,9,1,296432.7525,136.4,2005,39,4,13.49
177063,Active,3102256,NA,NA,S,9,1,2488865.203,65.95,2003,35,4,11.98
177064,Active,866988,NA,NA,S,12,1,78149.37125,98.95,2014,39,33.99,51.5
177065,Active,633214,NA,NA,D,11,1,419365.58,95.95,2010,71,4.14,28.3
177066,Active,504583,NA,NA,D,11,1,610339.2413,86.95,2010,31,6.94,35
177067,Active,529460,NA,NA,S,11,1,293829.5038,85.95,2008,39,4,28.89
177068,Active,53897,NA,NA,D,7,1,1072743.189,16.98,2007,52,3.98,13.99
177069,Active,441524,NA,NA,D,2,1,2027992.62,89.95,2002,14,50.87,89.91
177070,Active,421831,NA,NA,S,6,1,206064.6288,132.95,2005,56,13.08,57.07
177071,Active,117542,NA,NA,S,5,1,255051.6775,128.8,2003,38,6.99,49.65
177072,Active,425796,NA,NA,S,2,1,4407803.825,45,2000,27,4.46,14.99
177073,Active,501879,NA,NA,D,1,0,1405227.154,39.95,2001,28,4.43,78.99
177074,Active,111243,NA,NA,S,6,1,60265.47375,79,2010,105,5.96,23.61
177075,Active,416379,NA,NA,S,5,1,843682.395,6.2,2005,92,4,12.99
177076,Active,108533,NA,NA,S,5,1,533685.56,8.82,2005,92,3.84,4.5
177077,Active,416035,NA,NA,S,4,1,2862151.654,24.38,2001,61,4,6.65
177078,Active,111246,NA,NA,S,6,1,102201.8438,79,2010,129,5.97,21.99
177079,Active,2924517,NA,NA,S,7,1,162871.265,69,2015,18,37.54,36.94
177080,Active,53684,NA,NA,D,6,1,28032.27125,79,2010,136,6.2,30.72
177081,Active,111244,NA,NA,D,6,1,35799.30625,247.25,2010,132,12.34,57.47
177082,Active,427939,NA,NA,S,2,1,291439.6513,57.8,2011,44,8.98,40.88
177083,Active,427943,NA,NA,S,2,1,135874.285,60.8,2011,41,11.98,39.98
177084,Active,108176,NA,NA,S,4,1,257896.7338,65.25,2003,80,5.39,33.43
177085,Active,190405,NA,NA,S,10,1,475815.44,45.13,1995,62,4,67.61
177086,Active,52877,NA,NA,D,8,1,86508.82,56.99,2010,71,10.54,109.64
177087,Active,52874,NA,NA,S,5,1,2243347.426,73.12,1996,53,4,30.32
177088,Active,52876,NA,NA,D,7,1,188521.6913,23.59,2007,85,4.63,13.99
177089,Active,873116,NA,NA,D,2,1,1547359.423,173.07,2011,18,16.69,341.77
177090,Active,461597,NA,NA,D,6,1,1408503.343,64.29,2000,41,4,43.74
177091,Active,428590,NA,NA,D,2,1,60812.91375,158.4,2011,94,6.37,31.74
177092,Active,515840,NA,NA,D,2,1,277946.165,166.4,2011,99,6.13,22.97
177093,Active,519174,NA,NA,S,7,1,62446.99,190.95,2004,54,12.91,53.98
177094,Active,624848,NA,NA,D,1,0,417476.77,123.2,2008,47,4.3,29.85
177095,Active,52588,NA,NA,D,9,1,63859.82625,126.95,2011,97,5.49,32.6
177096,Active,52585,NA,NA,D,8,1,442180.4475,133.95,2008,117,3.99,9.4
177097,Active,52587,NA,NA,D,7,1,1224771.438,105.95,2005,69,3.99,6.72
177098,Active,131895,NA,NA,S,9,1,404742.8588,204.4,2005,77,4.26,67.89
177099,Active,518398,NA,NA,S,2,1,273399.2625,39.99,2006,26,23.03,0
177100,Active,263471,NA,NA,S,1,0,109200.4025,40,2005,80,11.97,23.72
177101,Active,192678,NA,NA,D,8,1,1858433.566,219,2000,19,8.98,63.9
177102,Active,778399,NA,NA,S,2,1,758581.65,144.95,2007,20,3.85,28.99
177103,Active,701224,NA,NA,S,1,0,189824.725,50,2008,16,26.71,63.79
177104,Active,619818,NA,NA,S,1,0,44887.25,50,2008,25,28.09,118.66
177105,Active,894297,NA,NA,D,10,1,6022333.14,95,2000,12,4.47,73.19
177106,Active,2678363,NA,NA,D,2,1,1994167.015,169,1993,25,4.79,48.43
177107,Active,529441,NA,NA,S,5,1,10792.60375,17,2008,130,4,8.08
177108,Active,288813,NA,NA,S,4,1,279397.7025,70.95,2011,23,49.59,57.97
177109,Active,1629782,NA,NA,D,22,1,2306375.893,80.95,2007,16,6.88,33.94
177110,Active,2672229,NA,NA,D,21,1,2134677.693,60.95,2002,18,4.98,78.98
177111,Active,874541,NA,NA,D,0,0,1311604.053,38.99,2003,18,4.99,61.91
177112,Active,222821,NA,NA,D,2,1,870227.5025,118,2007,29,39.57,62.79
177113,Active,3140161,NA,NA,D,1,0,1063510.983,109,2003,16,31.6,42.94
177114,Active,105668,NA,NA,D,1,0,1132382.745,59.95,2000,28,17.14,58.86
177115,Active,717200,NA,NA,D,3,1,876565.495,125.33,2009,32,11.13,20.97
177116,Active,865267,NA,NA,D,3,1,214172.9425,125.33,2008,35,9.63,48.75
177117,Active,864224,NA,NA,S,2,1,62481.42125,42,2012,26,20.87,24.64
177118,Active,700957,NA,NA,S,2,1,1500533.931,135,2006,24,5.47,62.48
177119,Active,696861,NA,NA,S,2,1,1351727.329,125,1997,18,9.18,23.73
177120,Active,2832579,NA,NA,D,1,0,3968569.09,199.95,2003,9,153.99,132.99
177121,Active,529440,NA,NA,S,3,1,599418.9925,182.4,2012,29,18.09,102.09
177122,Active,716507,NA,NA,D,0,0,2080185.234,104.2,2008,15,7.52,78.82
177123,Active,120214,NA,NA,D,2,1,1122570.85,138.6,2010,23,12.44,62.84
177124,Active,245200,NA,NA,D,1,0,1356800.341,153.95,2006,29,7.59,44.2
177125,Active,2258934,NA,NA,D,1,0,1590616.938,74.01,2006,19,35.34,109.29
177126,Active,2858920,NA,NA,S,6,1,976278.5775,43.95,1999,19,34.99,104.34
177127,Active,807101,NA,NA,S,2,1,393592.4475,149.95,2007,32,9.97,73.83
177128,Active,3518896,NA,NA,D,3,1,2525560,70.95,1998,17,5.52,121.35
177129,Active,901101,NA,NA,D,1,0,2041921.25,113.95,2005,23,46.49,42.99
177130,Active,284879,NA,NA,D,1,0,1265911.946,89.95,2001,20,6.89,49.95
177131,Active,901513,NA,NA,D,0,0,1766733.245,50,1994,16,6.39,51.98
177132,Active,646737,NA,NA,D,2,1,454689.925,118,1997,24,9.79,227.63
177133,Active,117359,NA,NA,D,4,1,364667.2213,184.4,2007,38,13.07,99.41
177134,Active,607628,NA,NA,D,2,1,1103788.975,105,1992,41,4.98,28.39
177135,Active,3607760,NA,NA,D,0,0,2836827.8,64.95,1995,25,13.99,48.87
177136,Active,905189,NA,NA,S,2,1,904740.8963,92.95,2001,35,54.99,122.94
177137,Active,541871,NA,NA,S,4,1,77085.5175,109,2012,30,40.31,53.41
177138,Active,217789,NA,NA,D,3,1,608002.2975,99.95,2003,30,11.74,53.89
177139,Active,642220,NA,NA,S,7,1,66197.59875,68.95,2012,31,38.43,55.33
177140,Active,3589191,NA,NA,D,1,0,9432018.65,119,2000,16,73.71,138.47
177141,Active,613293,NA,NA,S,0,0,228576.62,60,1994,143,4,6.5
177142,Active,529437,NA,NA,S,4,1,548272.4163,59.95,2007,32,4,40.69
177143,Active,672389,NA,NA,S,0,0,26568.765,19.95,2005,320,4,0
177144,Active,3062465,NA,NA,D,3,1,1527740.96,60,1996,35,5.71,12.94
177145,Active,893219,NA,NA,D,0,0,607641.2688,29.95,2011,20,25.49,32.1
177146,Active,157978,NA,NA,D,2,1,1860839.491,130,2004,43,16.96,91.98
177147,Active,627666,NA,NA,S,2,1,530195.3388,65,2002,46,35.32,52.97
177148,Active,161490,NA,NA,D,2,1,5180262.201,153,2007,12,21.07,165.25
177149,Active,763037,NA,NA,D,1,0,8483724.233,205,1999,16,5.93,68.05
177150,Active,1434222,NA,NA,S,0,0,20032.85,60,2014,7,38.73,36.83
177151,Active,643075,NA,NA,S,2,1,983984.4225,44.99,2011,19,7.98,31.68
177152,Active,169923,NA,NA,D,9,1,75393.5375,220.95,2010,59,13.22,78.15
177153,Active,3531171,NA,NA,S,0,0,670.4,49.9,2015,17,31.39,30.42
177154,Active,613800,NA,NA,S,2,1,503.39625,58.5,2011,107,31.96,0
177155,Active,577731,NA,NA,D,1,0,1367211.653,95,2006,50,4,12.42
177156,Active,649686,NA,NA,S,2,1,152363.7875,38,2012,40,5.2,18.99
177157,Active,1467578,NA,NA,S,2,1,142183.2625,42,2007,70,4.32,29.99
177158,Active,1465864,NA,NA,S,1,0,23139.69875,62,2014,43,41.17,46.39
177159,Active,539764,NA,NA,S,2,1,1130131.753,48,2012,29,17.48,30.64
177160,Active,1465877,NA,NA,S,0,0,12590.875,36,2014,15,37.9,32.4
177161,Active,1467626,NA,NA,D,0,0,1330267.841,42,2009,23,4.99,44.26
177162,Active,1465870,NA,NA,S,1,0,206084.8725,54,2014,23,48.09,53.82
177163,Active,1465865,NA,NA,S,1,0,81299.3825,62,2014,30,38.94,55.99
177164,Active,1467579,NA,NA,D,1,0,1293200.538,42,2007,40,4,45.92
177165,Active,1465878,NA,NA,S,0,0,15947.05,36,2014,16,37.88,32.4
177166,Active,1465850,NA,NA,S,2,1,323303.1125,50,2012,50,42.99,49.5
177167,Active,864396,NA,NA,S,2,1,197129.405,38,2013,35,28.54,35.21
177168,Active,128642,NA,NA,D,0,0,229844.4963,42,2007,40,4.56,48.51
177169,Active,539765,NA,NA,S,2,1,110310.6038,51,2012,26,29.99,47.76
177170,Active,1465852,NA,NA,S,2,1,122548.025,48,2012,24,34.48,36.97
177171,Active,661455,NA,NA,D,1,0,596775.7338,46,2012,53,7.99,29.97
177172,Active,1467628,NA,NA,D,0,0,531368.3913,42,2009,28,4.54,63.35
177173,Active,1465847,NA,NA,S,2,1,314895.6013,42,2012,24,9.13,20.1
177174,Active,1465855,NA,NA,S,0,0,272491.2738,48,2012,56,12.13,13.54
177175,Active,625635,NA,NA,S,2,1,136644.075,52,2012,33,31.99,52
177176,Active,626431,NA,NA,D,0,0,808907.3463,49.95,2004,39,4.4,40.6
177177,Active,627874,NA,NA,S,0,0,84957.9775,52,2012,51,35.01,46.11
177178,Active,1465866,NA,NA,S,1,0,70293.825,62,2014,27,47.86,57.87
177179,Active,881504,NA,NA,S,0,0,44454.6425,38,2014,26,30.99,37
177180,Active,860807,NA,NA,S,2,1,315189.69,50,2012,25,29.1,48.99
177181,Active,1467565,NA,NA,D,1,0,1112501.829,42,2007,45,4,4.04
177182,Active,663156,NA,NA,S,2,1,119296.7575,52,2013,38,21.99,36.98
177183,Active,2380411,NA,NA,D,3,1,541884.6925,54.67,1994,31,4.04,28.99
177184,Active,2366514,NA,NA,D,2,1,11874344.99,51.86,1993,11,4.63,51.01
177185,Active,529433,NA,NA,S,1,0,430841.9175,70,2012,31,25.76,45.75
177186,Active,285794,NA,NA,S,5,1,612498.0575,108,2001,27,6.4,0
177187,Active,247693,NA,NA,D,1,0,474634.6988,70,2006,29,9.45,57.43
177188,Active,54937,NA,NA,S,8,1,691704.82,72.8,2007,36,4,10.96
177189,Active,533455,NA,NA,D,12,1,454270.845,88.8,2011,41,4.55,54.76
177190,Active,54939,NA,NA,D,10,1,1107822.416,67,2009,52,4,16.99
177191,Active,202231,NA,NA,S,2,1,661459.7838,323.95,2000,61,4.74,53.94
177192,Active,649974,NA,NA,S,1,0,72676.35,46,2011,20,36.98,37.01
177193,Active,874588,NA,NA,S,0,0,1048433.604,94.95,2011,24,5.28,20.79
177194,Active,867792,NA,NA,S,0,0,302087.015,104.95,2014,35,11.43,46.53
177195,Active,2006351,NA,NA,D,0,0,380497.4563,106.95,2014,23,41.76,57.99
177196,Active,2006350,NA,NA,S,0,0,661865.3725,99.95,2013,32,4,13.97
177197,Active,248831,NA,NA,D,1,0,1236534.206,103,2010,31,6.1,38.99
177198,Active,254630,NA,NA,D,0,0,1789447.215,84.95,2012,22,10.09,76.71
177199,Active,639767,NA,NA,S,1,0,446299.6325,94.76,2012,63,5.24,22.58
177200,Active,2101245,NA,NA,S,0,0,183067.2,104.95,2013,45,4.62,38.9
177201,Active,646010,NA,NA,S,1,0,1576791.286,59.95,2012,20,5.8,35.09
177202,Active,2101246,NA,NA,S,0,0,161955.575,104.95,2014,25,27.94,41.63
177203,Active,3804237,NA,NA,S,0,0,10044.725,104.95,2015,23,63.48,57.72
177204,Active,534692,NA,NA,S,1,0,742222.3775,86.95,2012,64,4,7.49
177205,Active,255865,NA,NA,S,0,0,989126.6013,97.95,2011,38,4,12.81
177206,Active,255866,NA,NA,S,0,0,1500540.524,86.95,2011,32,4.06,29.74
177207,Active,298878,NA,NA,S,1,0,848791.9125,95.95,2011,72,4,31.9
177208,Active,254626,NA,NA,S,1,0,753546.8113,95.95,2012,80,4,17.57
177209,Active,867224,NA,NA,S,1,0,245353.56,112,2014,88,4.97,9.77
177210,Active,253961,NA,NA,S,1,0,792888.385,108,2010,49,4,10.68
177211,Active,254625,NA,NA,D,1,0,526569.1563,108,2011,64,4.19,13.98
177212,Active,529426,NA,NA,D,1,0,508045.0313,109,2012,73,4,18.99
177213,Active,253962,NA,NA,S,1,0,1036746.211,99.95,2010,30,4.52,35
177214,Active,600283,NA,NA,S,0,0,1567621.54,90.2,2010,36,4,32.98
177215,Active,1956640,NA,NA,S,0,0,35640.175,73.75,2014,18,35.43,35.54
177216,Active,609214,NA,NA,S,3,1,825197.9638,46.99,2008,23,15.65,48.79
177217,Active,539533,NA,NA,S,4,1,162491.165,72.4,2013,24,33.51,58.48
177218,Active,117280,NA,NA,D,3,1,738069.3688,58.6,2006,51,4,24.47
177219,Active,546552,NA,NA,S,2,1,168459.6363,69.95,2011,60,28.91,37.59
177220,Active,529419,NA,NA,D,3,1,654408.1138,59.95,2008,35,14.54,39.96
177221,Active,593229,NA,NA,D,7,1,1155863.77,113.95,2008,34,4,38.99
177222,Active,224693,NA,NA,S,8,1,68360.1125,139.95,2012,63,44.03,66.98
177223,Active,592225,NA,NA,D,6,1,2060449.439,103.95,2006,62,4,13.46
177224,Active,169991,NA,NA,D,7,1,908307.58,142.95,2009,100,4,23.99
177225,Active,127490,NA,NA,S,4,1,186125.575,91.95,2009,49,35.87,70.99
177226,Active,202525,NA,NA,D,2,1,923475.8763,27.89,2005,24,4,100.29
177227,Active,442630,NA,NA,S,1,0,121938.2288,35.95,2012,23,24.76,26.07
177228,Active,462406,NA,NA,S,2,1,498630.7513,46.95,1999,46,8.45,31.42
177229,Active,1563115,NA,NA,D,1,0,3184248.134,235,2007,17,60.31,158.46
177230,Active,143095,NA,NA,D,1,0,2199358.319,171,2005,16,15.88,64.99
177231,Active,626668,NA,NA,S,3,1,55091.57375,159.8,2012,74,10.24,67.98
177232,Active,120319,NA,NA,D,2,1,249109.5863,135.8,2008,36,21.97,75
177233,Active,3797478,NA,NA,D,4,1,1931828.65,69.95,2006,33,10.59,49.07
177234,Active,110167,NA,NA,S,2,1,22829.635,111.25,2011,61,8.13,24.49
177235,Active,638331,NA,NA,S,3,1,343061.3863,50.95,2005,43,10.98,42.66
177236,Active,625925,NA,NA,D,2,1,728289.0338,160,1990,26,4,48.43
177237,Active,158079,NA,NA,S,3,1,88182.595,45.95,2004,23,35.59,45.74
177238,Active,871957,NA,NA,S,6,1,991844.7088,63,1996,14,4,40
177239,Active,828334,NA,NA,D,1,0,1083493.009,46,1997,17,9.38,32.47
177240,Active,658537,NA,NA,S,3,1,346565.8413,44.95,2009,20,33.91,39.95
177241,Active,2405247,NA,NA,S,0,0,310667.7638,39.95,1988,67,6.99,21.49
177242,Active,1826595,NA,NA,S,7,1,1357175.919,69.95,2013,28,4,11.79
177243,Active,3153122,NA,NA,D,1,0,4100987.148,159,2001,10,64.41,64.34
177244,Active,615414,NA,NA,S,1,0,44719.4,80.1,2008,89,7.5,63.98
177245,Active,3788660,NA,NA,S,0,0,16718.075,49.95,2009,1,18.48,31.27
177246,Active,1522908,NA,NA,S,2,1,1087306.839,52.5,2009,22,6.42,89.96
177247,Active,579430,NA,NA,D,1,0,106090.59,199,2005,87,4.1,23.49
177248,Active,60482,NA,NA,D,2,1,498463.3113,157.93,2005,66,4,43.99
177249,Active,3544369,NA,NA,S,2,1,2024817.35,61,1996,14,8.94,73.31
177250,Active,801592,NA,NA,S,0,0,1210853.218,41.95,2008,20,10.91,30.49
177251,Active,627866,NA,NA,D,2,1,52810.75625,95.12,2012,50,32.48,117.55
177252,Active,111333,NA,NA,D,1,0,57914.32125,119.41,2010,25,7.94,49.95
177253,Active,616526,NA,NA,S,2,1,105451.7938,215.75,2012,39,45.74,96.51
177254,Active,793319,NA,NA,D,1,0,1406939.973,46.95,2000,19,4,16.08
177255,Active,801986,NA,NA,D,5,1,254377.7338,56,2010,42,4.99,37.3
177256,Active,592075,NA,NA,D,4,1,839419.565,50.95,2007,40,4,6.07
177257,Active,622730,NA,NA,S,0,0,93466.3,36.49,2007,41,9.63,36.48
177258,Active,254028,NA,NA,D,4,1,44079.44625,88.95,2011,97,12.8,47
177259,Active,58476,NA,NA,S,2,1,871772.41,57.95,2002,46,4,12.1
177260,Active,58477,NA,NA,D,3,1,414334.7138,77.95,2006,88,4.49,18.93
177261,Active,235122,NA,NA,D,2,1,884550.9813,40.95,2005,22,16.01,88.91
177262,Active,244126,NA,NA,D,1,0,1694184.528,82.95,2011,27,4.34,43.99
177263,Active,627244,NA,NA,D,1,0,1548489.579,80.95,2010,32,5.1,24.56
177264,Active,781555,NA,NA,S,3,1,1364290.96,39.95,2007,14,23.99,36.86
177265,Active,700925,NA,NA,S,6,1,678344.515,55,2005,27,9.65,29.44
177266,Active,860809,NA,NA,S,3,1,605170.6863,60,2012,42,11.91,18.97
177267,Active,2879303,NA,NA,D,0,0,2836439.449,99,2000,18,71.77,209.62
177268,Active,1425803,NA,NA,S,0,0,143656.5963,12.49,2009,70,7.28,18.47
177269,Active,875165,NA,NA,D,2,1,197860.0488,87.02,1985,33,4.73,74.29
177270,Active,238812,NA,NA,D,4,1,172601.705,24.95,2002,37,19.71,71.17
177271,Active,661137,NA,NA,S,3,1,58283.75,50,2011,17,53.99,0
177272,Active,614461,NA,NA,S,2,1,442357.7138,65,2011,51,4.29,48.55
177273,Active,887465,NA,NA,S,2,1,771446.6013,89.95,2015,22,23.69,21.94
177274,Active,634489,NA,NA,D,2,1,1042921.626,173.95,2001,36,14.51,65.55
177275,Active,294042,NA,NA,S,2,1,1799455.768,120.95,2001,42,4,15.93
177276,Active,249887,NA,NA,D,4,1,610235.9238,110.95,2007,39,7,66.79
177277,Active,529410,NA,NA,D,5,1,222841.2475,110.95,2011,45,23.98,63.89
177278,Active,797671,NA,NA,D,3,1,568319.05,123.95,2004,50,4.72,49.15
177279,Active,529409,NA,NA,D,3,1,103114.9375,153.95,2008,111,13.85,63.56
177280,Active,60059,NA,NA,D,2,1,281092.1913,168.95,2005,54,4.62,58.47
177281,Active,660070,NA,NA,D,2,1,2320069.75,74.95,2007,9,55.59,0
177282,Active,612767,NA,NA,S,2,1,391019.9713,43.95,2013,23,23.99,43.94
177283,Active,146873,NA,NA,D,2,1,1357037.599,107,2001,25,36.4,78.99
177284,Active,1517831,NA,NA,D,5,1,630193.875,38.95,2006,37,6.99,19.14
177285,Active,876723,NA,NA,D,6,1,291552.0088,42.21,2006,23,7.38,54.95
177286,Active,529405,NA,NA,S,7,1,324059.6275,49.95,2009,67,5.1,28.38
177287,Active,147357,NA,NA,D,6,1,592578.0113,44.95,2006,77,4,26.54
177288,Active,536402,NA,NA,D,8,1,72372.28,51.95,2012,87,16.95,39.99
177289,Active,1632436,NA,NA,D,3,1,1273824.941,80.95,2007,21,6.02,8.99
177290,Active,529404,NA,NA,S,4,1,386963.0925,60.95,2011,25,22.04,34.49
177291,Active,193046,NA,NA,D,2,1,3740847.95,71.95,2001,39,4,43.87
177292,Active,558407,NA,NA,D,2,1,320735.985,47.95,2010,63,5.34,54
177293,Active,870306,NA,NA,S,3,1,50553.37875,49.95,2014,28,33.41,35
177294,Active,3033834,NA,NA,D,0,0,928113.2175,57,1996,43,4,20.42
177295,Active,3033887,NA,NA,D,2,1,406665.6725,72.5,2005,26,4.35,4.99
177296,Active,644386,NA,NA,D,1,0,225684.7313,44.99,2013,43,15.41,26.47
177297,Active,870093,NA,NA,S,1,0,27763.65625,39.99,2014,32,25.61,26.22
177298,Active,3574524,NA,NA,S,2,1,513983,329,1997,44,8.39,38
177299,Active,635769,NA,NA,S,2,1,90344.32,37.5,2011,37,18.96,30.51
177300,Active,2694835,NA,NA,S,3,1,1775751.636,130,2004,21,6.34,55.79
177301,Active,608625,NA,NA,D,2,1,2408735.026,374.95,1998,30,4.73,37.41
177302,Active,152385,NA,NA,D,1,0,5890269.563,215,2003,17,6.99,92.26
177303,Active,244020,NA,NA,D,2,1,1569948.83,269.95,2011,37,4,43.98
177304,Active,461780,NA,NA,D,2,1,1185739.181,258.95,2006,71,4,12.88
177305,Active,544525,NA,NA,S,3,1,61229.97125,261.95,2013,48,12.58,80.46
177306,Active,461781,NA,NA,D,2,1,1169354.306,125.95,2006,25,4,110.06
177307,Active,55225,NA,NA,S,0,0,840085.495,55.95,1996,67,4,33.24
177308,Active,262316,NA,NA,D,0,0,242183.46,31.95,1998,71,5.91,16.64
177309,Active,198930,NA,NA,D,0,0,279774.8263,55.95,1996,76,4,43.98
177310,Active,55226,NA,NA,S,0,0,16118.91125,111,2006,75,37.98,58.99
177311,Active,51694,NA,NA,S,4,1,3128122.041,54.52,2004,21,4.39,22.99
177312,Active,108293,NA,NA,D,4,1,3371330.865,89.15,2004,50,4.13,8.14
177313,Active,51693,NA,NA,D,6,1,35292.905,65.48,2009,73,5.09,43.99
177314,Active,51692,NA,NA,D,5,1,508416.425,23.98,2006,70,4,23.98
177315,Active,404265,NA,NA,D,2,1,1917463.036,35,2003,34,4,59.16
177316,Active,142717,NA,NA,S,3,1,862205.7175,71,2011,26,10.36,41.49
177317,Active,652729,NA,NA,D,2,1,144469.9013,52.99,2011,26,4,52.98
177318,Active,268169,NA,NA,S,0,0,656345.3163,43,2005,31,4,62.77
177319,Active,616536,NA,NA,D,2,1,271275.6013,141.31,2011,82,4,131.99
177320,Active,873640,NA,NA,D,2,1,81503.29875,133.15,2011,155,4.52,37.97
177321,Active,2073447,NA,NA,S,2,1,605808.7638,199.95,2011,50,4.38,193.96
177322,Active,2058667,NA,NA,S,0,0,609031.7588,76.64,2007,52,4.94,40.29
177323,Active,835661,NA,NA,S,3,1,426551.675,209.95,2003,27,15.87,75.92
177324,Active,54628,NA,NA,D,3,1,18409.57625,64.4,2010,120,4.65,44.09
177325,Active,879349,NA,NA,S,4,1,4467.75875,64.6,2014,68,35.98,51.99
177326,Active,54630,NA,NA,D,2,1,120703.0363,57.8,2006,118,4,38.69
177327,Active,54629,NA,NA,S,1,0,448089.6613,40,2002,64,4,13.99
177328,Active,922359,NA,NA,S,0,0,48712.51875,120.03,2012,69,8.63,134
177329,Active,2073514,NA,NA,S,2,1,112537.075,76.46,2012,11,17.91,83.86
177330,Active,2096715,NA,NA,S,2,1,178056.1038,129.95,2012,21,19.5,181.85
177331,Active,193071,NA,NA,S,4,1,137592.5938,71.95,2010,51,24.52,28.98
177332,Active,227500,NA,NA,D,3,1,2720757.188,149.95,1997,14,27.89,55.98
177333,Active,614018,NA,NA,D,6,1,886967.3925,190,2008,33,5.99,63.87
177334,Active,903217,NA,NA,D,3,1,3368149.406,85,2000,15,9.52,109.11
177335,Active,632096,NA,NA,S,0,0,374933.0575,47,2012,72,13.49,43.49
177336,Active,270084,NA,NA,D,5,1,241363.37,215,2009,85,13.17,134.11
177337,Active,143293,NA,NA,S,6,1,234945.0463,43,2010,37,25.5,38.98
177338,Active,626292,NA,NA,D,3,1,514273.8075,58,2010,33,17.33,0
177339,Active,909512,NA,NA,D,1,0,2510565.389,45,2005,22,5.99,41.41
177340,Active,539837,NA,NA,D,8,1,3232675.443,125,2013,17,19,75
177341,Active,529399,NA,NA,D,7,1,2107314.045,145,2011,16,6.38,145
177342,Active,1468223,NA,NA,D,5,1,6309851.289,139.95,2007,17,6.32,127.74
177343,Active,54349,NA,NA,D,3,1,27989.68375,127,2009,163,8.48,18.98
177344,Active,915188,NA,NA,D,0,0,3823804.499,49,1993,28,4.12,19.48
177345,Active,869387,NA,NA,S,7,1,72717.45125,64.95,2015,34,39.8,38.98
177346,Active,536390,NA,NA,S,5,1,74272.2525,82.95,2013,41,32.36,51.99
177347,Active,647066,NA,NA,S,10,1,452124.0738,43.95,2012,28,23.89,28.14
177348,Active,621116,NA,NA,D,7,1,273061.8613,85.95,2006,31,6.3,33.98
177349,Active,435262,NA,NA,S,8,1,292133.185,82.95,2012,32,26.52,41.02
177350,Active,2681296,NA,NA,D,6,1,3982033.051,67.95,2001,37,3.9,21.98
177351,Active,618459,NA,NA,S,2,1,247304.9575,102.95,2009,20,9.39,19.98
177352,Active,541654,NA,NA,D,6,1,168738.745,66.95,2009,65,7.01,27.99
177353,Active,615419,NA,NA,D,1,0,394120.1438,57.95,2007,53,6.98,22.9
177354,Active,617413,NA,NA,S,2,1,181851.9438,64.95,2006,39,8.88,26.99
177355,Active,566400,NA,NA,S,5,1,624202.91,69.95,2003,57,4,18.97
177356,Active,1989670,NA,NA,S,1,0,111478.22,39.99,2014,36,16.78,25.49
177357,Active,661220,NA,NA,S,0,0,243996.02,35,2010,23,35.6,36.35
177358,Active,551321,NA,NA,S,2,1,935642.935,110.75,2004,59,4,18.98
177359,Active,2576261,NA,NA,D,1,0,3116378.82,170,1987,17,12.49,123.15
177360,Active,564722,NA,NA,S,2,1,463715.2463,41.95,2007,48,21.54,34.69
177361,Active,1467993,NA,NA,S,1,0,948681.5138,40.95,2008,23,13.97,30.97
177362,Active,668877,NA,NA,D,2,1,1257448.868,125.99,2007,24,9.64,80.76
177363,Active,132120,NA,NA,D,2,1,447804.5088,82.6,2005,39,4,41.49
177364,Active,317386,NA,NA,D,3,1,422440.7613,106.6,2010,39,4.26,74.27
177365,Active,625182,NA,NA,D,1,0,968007.5663,68,2009,28,4.64,8.45
177366,Active,626291,NA,NA,D,1,0,318343.7688,72,2010,44,4.59,13.98
177367,Active,887355,NA,NA,S,1,0,361167.1688,75,2015,19,45.65,45.82
177368,Active,621345,NA,NA,D,1,0,718760.3988,70,2010,44,5.47,12.99
177369,Active,529398,NA,NA,S,2,1,838777.535,71.99,2011,37,26.36,50.79
177370,Active,649490,NA,NA,S,1,0,35217.1,57.99,2013,25,36.53,36.65
177371,Active,2619290,NA,NA,S,2,1,962308.995,211.95,1996,38,4.97,38.98
177372,Active,60483,NA,NA,D,1,0,865497.3675,115.33,2006,34,4,11.99
177373,Active,533999,NA,NA,D,2,1,623731.9138,136.8,2009,57,4,42.4
177374,Active,665318,NA,NA,S,2,1,442419.0838,46.95,2012,20,35.49,34.33
177375,Active,1559576,NA,NA,D,1,0,1194458.038,39.95,2008,26,4,16.4
177376,Active,106887,NA,NA,D,1,0,1711211.825,59.99,2000,41,4,39.18
177377,Active,758570,NA,NA,D,2,1,1430284.573,100,1999,51,4,11.69
177378,Active,545071,NA,NA,S,1,0,25322.725,79,2009,42,10.83,60.66
177379,Active,1549670,NA,NA,S,1,0,719207.2388,54.95,2010,33,19.71,14.35
177380,Active,162510,NA,NA,S,1,0,160858.3338,19.99,2008,44,4,25.98
177381,Active,106549,NA,NA,S,4,1,171270.7663,25,2009,58,6.91,0
177382,Active,3157363,NA,NA,D,0,0,1063803.91,29.95,1996,17,4.81,19.98
177383,Active,620094,NA,NA,S,2,1,37546.7875,70,2009,106,27.29,48.69
177384,Active,118770,NA,NA,D,2,1,189842.1738,34,2007,92,4,10.66
177385,Active,421336,NA,NA,S,4,1,759316.7775,119.4,2005,62,4.6,24.77
177386,Active,294841,NA,NA,D,1,0,35155.3025,57.95,2009,96,8.97,0
177387,Active,2102083,NA,NA,S,0,0,278019.735,45.99,2013,20,45.97,45.99
177388,Active,666189,NA,NA,D,1,0,2293805.944,71.95,2005,23,4,59.45
177389,Active,625660,NA,NA,S,3,1,253379.4575,75.95,2012,28,41.49,46.73
177390,Active,826223,NA,NA,S,2,1,321620.1725,38.95,1997,59,4,8.91
177391,Active,618573,NA,NA,D,4,1,947535.455,56.95,2009,73,4,22.64
177392,Active,550516,NA,NA,D,6,1,911639.2413,33.98,2009,45,4,28.1
177393,Active,550023,NA,NA,D,5,1,636544.9113,70.99,2003,45,4,42.17
177394,Active,633129,NA,NA,D,1,0,276610.4075,69,2011,57,30.9,50.39
177395,Active,246205,NA,NA,D,1,0,895308.4575,32.95,2003,16,4.72,67.88
177396,Active,651025,NA,NA,S,2,1,852132.3575,49.99,2007,30,10.59,31.23
177397,Active,529390,NA,NA,S,2,1,203410.4825,49.99,2008,31,18.99,26.59
177398,Active,1516762,NA,NA,D,1,0,1468084.429,29.19,2012,26,4.02,28.7
177399,Active,1516727,NA,NA,D,1,0,329102.1363,121.4,2012,95,3.84,15.99
177400,Active,536867,NA,NA,D,13,1,31919.2425,180,2012,91,30.34,158.74
177401,Active,287448,NA,NA,D,12,1,448577.1338,150.6,2011,33,11.42,60.62
177402,Active,132666,NA,NA,D,12,1,102494.81,128.2,2009,75,9.98,129.94
177403,Active,132168,NA,NA,D,11,1,695893.96,111.2,2006,65,4,11.5
177404,Active,131669,NA,NA,S,10,1,2263808.32,88,2003,59,4,33.99
177405,Active,2396797,NA,NA,S,2,1,688745.1825,55.95,1993,37,4,88.24
177406,Active,109535,NA,NA,S,2,1,269649.2063,50.81,2005,42,4,53.8
177407,Active,705349,NA,NA,S,2,1,1604964.146,101.47,2005,21,6.69,73.26
177408,Active,617773,NA,NA,D,1,0,651751.995,121.4,2013,40,4.81,23.95
177409,Active,529387,NA,NA,D,8,1,12920.48625,185.95,2012,98,24.94,68.99
177410,Active,177856,NA,NA,S,5,1,1995783.003,92.95,2003,44,3.97,10.61
177411,Active,2256776,NA,NA,D,6,1,2276050.896,29.66,2006,35,5.74,24.05
177412,Active,169857,NA,NA,D,7,1,116945.41,204.95,2009,108,4.39,46.42
177413,Active,60484,NA,NA,D,6,1,269532.6775,170.95,2006,55,4,11.53
177414,Active,911196,NA,NA,D,0,0,647426.7013,40.95,1992,34,4,19.35
177415,Active,115613,NA,NA,S,7,1,260714.8675,117.6,2002,52,4,43.94
177416,Active,194147,NA,NA,S,4,1,225049.3675,19.95,2007,69,7.73,0
177417,Active,199915,NA,NA,S,3,1,4058926.846,72.95,2001,41,4,30
177418,Active,199896,NA,NA,D,4,1,1602812.061,98.95,2004,47,4.33,18.62
177419,Active,200502,NA,NA,D,6,1,336291.1713,202.95,2010,63,4.81,13.98
177420,Active,2809158,NA,NA,S,0,0,26460.525,100,2003,13,51.99,53.99
177421,Active,542093,NA,NA,S,2,1,6918.65125,29.99,2003,95,13.68,19.97
177422,Active,3083797,NA,NA,D,3,1,2745949.849,179,2005,23,14.57,29.15
177423,Active,110265,NA,NA,S,1,0,446207.4888,96.18,2007,31,13.69,38.94
177424,Active,312905,NA,NA,D,10,1,2519766.214,85.2,2000,29,4,44.25
177425,Active,618279,NA,NA,S,12,1,209156.455,165.6,2008,37,8.41,47.36
177426,Active,114254,NA,NA,D,11,1,656675.2825,111.2,2004,36,4.77,50.63
177427,Active,127344,NA,NA,D,3,1,643958.715,87.95,2009,120,4,7.24
177428,Active,202531,NA,NA,D,2,1,1744595.181,8.19,2003,44,4,8.19
177429,Active,539975,NA,NA,S,2,1,281354.1125,58.4,2011,30,32.56,43.97
177430,Active,131663,NA,NA,D,1,0,1083195.579,40,2004,38,4,15.08
177431,Active,868274,NA,NA,S,3,1,19268.89375,61.88,2014,44,48.91,50.55
177432,Active,227715,NA,NA,D,2,1,126150.06,55.63,1998,236,4,11.74
177433,Active,267947,NA,NA,S,1,0,1184715.851,13.95,2004,46,4,9.72
177434,Active,1778220,NA,NA,S,1,0,129591.25,75,2012,17,35.69,43.91
177435,Active,872605,NA,NA,S,0,0,1667645.808,28,1987,41,4,18.88
177436,Active,127274,NA,NA,S,4,1,2336523.779,47.95,2005,35,4,13.99
177437,Active,1862009,NA,NA,S,0,0,445465.58,12.99,2007,78,3.76,5.99
177438,Active,612436,NA,NA,S,3,1,565807.2463,96,2013,18,8.09,63.99
177439,Active,912344,NA,NA,S,2,1,45439.85,20,2014,38,8.81,14.18
177440,Active,173842,NA,NA,S,2,1,709245.9038,59.99,2006,37,11.85,47.97
177441,Active,268300,NA,NA,S,2,1,515580.9563,59,2008,33,40.48,42.89
177442,Active,285080,NA,NA,D,2,1,745090.2388,59,2003,66,4,18.52
177443,Active,610481,NA,NA,S,3,1,21966.8025,60,2014,28,33.27,34.53
177444,Active,877486,NA,NA,S,7,1,225348.0238,60.81,2014,28,48.99,90.99
177445,Active,53857,NA,NA,S,3,1,1749957.341,82,2002,106,3.97,8.99
177446,Active,53858,NA,NA,S,4,1,274291.9538,110,2005,18,7.85,13.99
177447,Active,132480,NA,NA,D,5,1,140287.115,134.67,2008,155,4,23.88
177448,Active,53860,NA,NA,D,4,1,693732.8813,110,2005,89,3.99,6.73
177449,Active,53859,NA,NA,D,5,1,771620.5025,141.33,2008,31,4.99,4.99
177450,Active,120810,NA,NA,D,1,0,933872.5525,149.67,2009,29,44.73,100.51
177451,Active,529379,NA,NA,S,2,1,281336.2913,54,2010,34,25.98,40.97
177452,Active,917333,NA,NA,S,5,1,2166505.103,18.66,2004,33,4,18.66
177453,Active,51248,NA,NA,D,2,1,2013186.781,96,2003,77,4,13.37
177454,Active,252024,NA,NA,D,5,1,191218.0538,250.95,2009,26,24.37,64.97
177455,Active,276931,NA,NA,D,2,1,1280399.733,44.95,2002,48,4,11.05
177456,Active,911765,NA,NA,S,3,1,122483.0963,49.95,2012,21,27.14,27.14
177457,Active,193994,NA,NA,D,1,0,774973.175,56,2005,81,4,6.87
177458,Active,545654,NA,NA,S,2,1,140031.6463,59,2013,27,34.97,34.92
177459,Active,865854,NA,NA,S,2,1,1462316.911,43,2010,22,6.28,36.16
177460,Active,131253,NA,NA,D,0,0,2221058.333,117.33,2002,44,4,11.99
177461,Active,870701,NA,NA,D,0,0,4546519.42,117.33,2005,25,4.27,43.99
177462,Active,2511500,NA,NA,S,5,1,2367920.981,77.02,1984,16,4,121.02
177463,Active,154230,NA,NA,S,8,1,146256.0838,173.75,1996,49,5.68,70.71
177464,Active,543857,NA,NA,D,31,1,561191.735,247.95,2012,76,4,28.73
177465,Active,58468,NA,NA,S,29,1,1050172.021,208.95,2010,67,3.84,7.99
177466,Active,655179,NA,NA,D,32,1,272553.65,247.95,2013,94,4.31,53.44
177467,Active,244069,NA,NA,D,30,1,837983.7588,272.95,2011,52,4,8.66
177468,Active,150009,NA,NA,S,3,1,73343.07125,35,2006,230,4.1,7.99
177469,Active,624979,NA,NA,D,3,1,467073.645,170,2005,30,12.08,73.17
177470,Active,529378,NA,NA,S,5,1,1409197.495,49.99,2009,30,4.11,46.65
177471,Active,2166709,NA,NA,D,0,0,1639316.576,0,2012,9,21.16,146.99
177472,Active,667480,NA,NA,S,0,0,42994.475,60,2010,12,54.98,59.99
177473,Active,860810,NA,NA,S,2,1,987839.2325,64.95,2012,21,16.48,61.88
177474,Active,529376,NA,NA,S,3,1,144290.6038,60,2013,39,38.78,42.99
177475,Active,198969,NA,NA,D,2,1,816251.1988,97,1998,68,3.99,8.5
177476,Active,2336360,NA,NA,S,2,1,672892.34,28.12,1994,36,5.32,73.98
177477,Active,529373,NA,NA,S,2,1,157028.6238,39.99,2008,30,22,32.42
177478,Active,146430,NA,NA,S,1,0,468612.475,34.99,2010,131,4,4.97
177479,Active,656924,NA,NA,S,1,0,430167.4513,49.99,2013,24,11.02,0
177480,Active,655622,NA,NA,S,1,0,1172257.279,49.99,2010,23,6.04,73.02
177481,Active,145352,NA,NA,D,1,0,1862689.698,39.99,2006,37,4,11.61
177482,Active,146343,NA,NA,D,2,1,625673.4525,49.99,2010,42,5.07,32.48
177483,Active,1630818,NA,NA,S,0,0,41637.075,49.95,2010,29,32.93,32.86
177484,Active,717717,NA,NA,D,6,1,4071560.528,169.95,1999,29,4,10.37
177485,Active,172266,NA,NA,S,4,1,92802.825,34.95,2009,25,8.7,20.97
177486,Active,1724584,NA,NA,S,0,0,17095.925,45,2015,20,24.6,28.95
177487,Active,529370,NA,NA,S,2,1,431648.5613,39.99,2009,14,14.01,14
177488,Active,726336,NA,NA,S,2,1,423363.9688,35,2009,16,12.94,15.44
177489,Active,3485089,NA,NA,D,1,0,1899939.45,22,1996,32,4,7.99
177490,Active,557159,NA,NA,S,2,1,193935.17,51,2001,20,18.96,0
177491,Active,649948,NA,NA,S,0,0,73303.025,56,2011,18,41.98,44.49
177492,Active,2004779,NA,NA,S,0,0,236337.9325,39.95,2011,24,27.83,29.27
177493,Active,1747568,NA,NA,S,0,0,281624.6313,39,2007,17,21.27,28.69
177494,Active,1742699,NA,NA,S,1,0,302444.2475,15.95,2006,17,10.98,12.97
177495,Active,1470895,NA,NA,S,1,0,666254.3488,56,2013,20,30.93,53
177496,Active,724452,NA,NA,D,1,0,843875.46,170,2012,61,4,12.33
177497,Active,630644,NA,NA,S,2,1,323003.5038,69.95,2013,29,25.97,39.26
177498,Active,293497,NA,NA,S,2,1,487332.6125,74.95,1995,22,45.09,59.86
177499,Active,662416,NA,NA,S,3,1,1462113.269,174,2009,27,3,101.21
177500,Active,143633,NA,NA,S,2,1,126699.075,191,2010,19,58.99,158.94
177501,Active,617913,NA,NA,S,0,0,3457773.336,183.95,2009,19,4.64,62.37
177502,Active,297861,NA,NA,S,0,0,2339676.576,204.95,2010,31,4.99,22.94
177503,Active,114350,NA,NA,D,6,1,253433.8475,113.6,2003,41,4,21.84
177504,Active,246204,NA,NA,D,1,0,1278077.24,58.95,2004,20,16.04,60.63
177505,Active,246744,NA,NA,S,2,1,279041.3025,68.95,2009,31,30.61,44.24
177506,Active,156595,NA,NA,D,0,0,1847026.924,68.95,1996,21,26.19,72.87
177507,Active,165468,NA,NA,D,3,1,3274952.975,5.19,2002,26,4,5.19
177508,Active,166650,NA,NA,D,4,1,2189919.03,8.46,2005,36,4,8.45
177509,Active,475922,NA,NA,D,1,0,2314427.933,165,2008,19,38.58,165
177510,Active,253942,NA,NA,D,1,0,146893.6,228.95,2010,47,84.99,92.49
177511,Active,299048,NA,NA,D,2,1,2711571.783,76,1997,8,28.66,20.94
177512,Active,161716,NA,NA,S,2,1,143337.15,80,2007,28,47.99,59.9
177513,Active,164818,NA,NA,D,1,0,1131190.968,65,1998,41,4,47.35
177514,Active,245077,NA,NA,D,7,1,1615210.09,216.95,2004,55,4.03,87.12
177515,Active,657859,NA,NA,S,2,1,310344.9438,59,2013,38,20.11,47.26
177516,Active,106654,NA,NA,D,1,0,735239.8138,55,2007,37,22.54,51.99
177517,Active,298867,NA,NA,D,8,1,88028.4075,204.95,2010,52,7.85,48.99
177518,Active,617471,NA,NA,S,4,1,357898.0425,242.95,1993,68,4,42.98
177519,Active,114789,NA,NA,S,3,1,637687.96,155,2002,24,11.68,125.57
177520,Active,259597,NA,NA,D,1,0,1062563.985,99.95,1995,19,53.49,108.07
177521,Active,660417,NA,NA,S,2,1,667119.2763,89.33,2007,31,24.69,69.12
177522,Active,645742,NA,NA,D,2,1,854375.4513,69,2005,21,24.09,56.37
177523,Active,3595304,NA,NA,D,0,0,1907582.85,54,1999,27,5.39,52.55
177524,Active,202311,NA,NA,D,1,0,464149.3475,259.95,2003,32,5.84,72.83
177525,Active,845348,NA,NA,S,3,1,483292.3725,87.56,1990,24,5.47,90.67
177526,Active,266985,NA,NA,S,2,1,151172.1638,88,2007,38,44.65,56.98
177527,Active,222848,NA,NA,D,2,1,634226.2013,72,2008,21,15.78,53.99
177528,Active,716576,NA,NA,D,1,0,4152042.025,96,1999,15,23.99,77.08
177529,Active,285835,NA,NA,D,2,1,655362.8338,116.4,2003,14,26.22,81.08
177530,Active,541862,NA,NA,S,1,0,160728.75,60,2011,24,35.06,36.19
177531,Active,223049,NA,NA,D,4,1,1145169.994,316.95,1998,64,4,39.98
177532,Active,269492,NA,NA,D,1,0,941815.0263,49.95,2011,26,27.19,30.99
177533,Active,165632,NA,NA,D,2,1,2457546.41,211,2004,17,19.06,118.68
177534,Active,873822,NA,NA,D,3,1,688649.6038,118.89,2006,17,7.71,118.88
177535,Active,145340,NA,NA,D,3,1,572809.4638,220,2006,33,4.85,85.72
177536,Active,607863,NA,NA,S,2,1,766043.0288,137.33,2000,33,4,31.55
177537,Active,60485,NA,NA,D,3,1,826761.2113,170.95,2004,42,4,25.98
177538,Active,246680,NA,NA,D,4,1,101789.1563,73.59,2008,51,10.89,68.55
177539,Active,624712,NA,NA,S,4,1,33811.43,60.37,2012,59,53.91,69.62
177540,Active,870756,NA,NA,D,3,1,1778628.056,199.95,1996,33,4,9.1
177541,Active,1469285,NA,NA,D,1,0,4139892.228,135,2009,28,34.19,56.1
177542,Active,125038,NA,NA,S,2,1,289975.31,44.95,1998,38,11.03,41.85
177543,Active,116476,NA,NA,D,5,1,583147.2438,136,2003,48,4,21.94
177544,Active,244251,NA,NA,D,7,1,31428.9925,286.95,2012,86,9.23,34.29
177545,Active,450490,NA,NA,D,0,0,2879971.358,89.06,2006,17,8.41,30.83
177546,Active,169911,NA,NA,D,6,1,420357.8863,316.95,2009,42,7.96,26.55
177547,Active,169348,NA,NA,D,5,1,1088270.02,195.95,2006,49,4,10.57
177548,Active,217285,NA,NA,D,1,0,489941.0738,55,2006,33,4.75,23.99
177549,Active,269453,NA,NA,S,5,1,209474.175,94.95,2007,20,14.19,0
177550,Active,110000,NA,NA,S,1,0,550570.945,77.3,2008,58,5.48,62.28
177551,Active,635229,NA,NA,D,1,0,202143.7913,123.8,2007,33,20.69,72.4
177552,Active,115593,NA,NA,D,0,0,725609.6025,75.33,2005,24,4.47,28.99
177553,Active,121368,NA,NA,D,2,1,197923.6588,93.8,2009,104,8.92,49.99
177554,Active,903743,NA,NA,S,2,1,366602.65,52,2011,22,14.99,28.98
177555,Active,876398,NA,NA,S,7,1,328347.6563,123.33,2011,31,35.88,45
177556,Active,53854,NA,NA,D,7,1,9669.14375,183.2,2011,135,9.53,47.47
177557,Active,53855,NA,NA,S,5,1,1502472.21,117.33,2004,90,4,40.98
177558,Active,53853,NA,NA,D,6,1,398286.47,127,2007,96,4,26.29
177559,Active,202383,NA,NA,S,5,1,1674964.07,126.95,2002,41,3.88,9.92
177560,Active,910662,NA,NA,D,1,0,5382494.446,126.95,1997,19,4.78,6.96
177561,Active,60486,NA,NA,D,6,1,1003426.3,161.95,2007,52,4,19.65
177562,Active,535365,NA,NA,D,8,1,76627.55,227.95,2013,54,13.49,93.87
177563,Active,170016,NA,NA,D,7,1,309389.32,250.95,2010,48,16.84,88.97
177564,Active,130379,NA,NA,S,7,1,541312.1938,154.67,2011,35,13.84,88.69
177565,Active,1456045,NA,NA,S,8,1,333285.6175,158.67,2015,27,36.39,103.77
177566,Active,52884,NA,NA,D,7,1,8186.82125,230.4,2011,175,8.53,26.94
177567,Active,614049,NA,NA,S,3,1,1304529.179,86,1998,49,4.07,8.98
177568,Active,52883,NA,NA,D,6,1,276317.9738,151.6,2007,180,4,17.97
177569,Active,533481,NA,NA,D,9,1,17503.22,96,2011,84,13.98,41.87
177570,Active,879834,NA,NA,S,8,1,770528.1363,73.39,2007,46,6.41,22.07
177571,Active,54626,NA,NA,D,7,1,684167.9188,14.26,2006,69,4,8.79
177572,Active,54627,NA,NA,D,8,1,334085.7375,23.97,2008,98,4,9.6
177573,Active,529358,NA,NA,D,3,1,3399430.949,67.95,2008,21,4,55.41
177574,Active,128933,NA,NA,D,2,1,3961307.256,59.95,2004,30,4,59.95
177575,Active,147129,NA,NA,D,3,1,1288732.484,50.95,2004,53,3.99,13.94
177576,Active,536399,NA,NA,S,5,1,49038.76125,67.95,2013,61,18.98,48.96
177577,Active,147599,NA,NA,D,4,1,312168.4588,63.95,2009,112,4,7.96
177578,Active,2840890,NA,NA,D,1,0,2314697.014,65,1999,20,4.38,38.99
177579,Active,203621,NA,NA,D,6,1,5752820.603,47.95,2003,19,4.11,12.99
177580,Active,529357,NA,NA,S,8,1,1370168.159,65,2012,21,41.52,45.14
177581,Active,749186,NA,NA,D,1,0,2346208.033,74.5,2008,11,24.67,13.93
177582,Active,2750956,NA,NA,D,3,1,2092560.081,283.99,2004,17,12.89,73.71
177583,Active,200033,NA,NA,D,2,1,175423.0888,242.95,2006,41,15.88,52.39
177584,Active,778419,NA,NA,D,1,0,2697274.751,102.95,2006,13,8.68,73.21
177585,Active,106516,NA,NA,D,2,1,613454.83,66,2007,30,5.97,28.99
177586,Active,1632457,NA,NA,D,3,1,3561199.629,469,2010,10,77.29,153.99
177587,Active,788996,NA,NA,D,4,1,4565204.971,120,2002,23,4,6.69
177588,Active,636568,NA,NA,S,5,1,1614339.291,169.99,2009,14,25.43,34.81
177589,Active,2538547,NA,NA,S,2,1,272329.1675,43.95,2004,20,34.45,38.56
177590,Active,1684284,NA,NA,S,1,0,88133.87,49.99,2014,26,28.04,29.84
177591,Active,1684283,NA,NA,S,0,0,138987.1613,75,2014,27,30.73,41.93
177592,Active,863252,NA,NA,S,2,1,13201.26125,34.95,2005,100,10.27,18.65
177593,Active,3956325,NA,NA,D,0,0,1278066.75,45,2015,26,31.96,31.96
177594,Active,846277,NA,NA,S,4,1,899043.73,45.96,1993,21,4,45.4
177595,Active,849239,NA,NA,D,5,1,1478021.975,50.76,1998,22,7.77,50.25
177596,Active,183172,NA,NA,D,7,1,667829.2,148.95,2006,31,39.74,102.8
177597,Active,204165,NA,NA,D,3,1,324088.155,54.95,2009,118,4,13.74
177598,Active,203548,NA,NA,S,2,1,2308142.485,45.95,2003,55,4,9.82
177599,Active,529348,NA,NA,D,4,1,64577.87125,71.99,2012,159,5.71,13.49
177600,Active,146131,NA,NA,S,2,1,677882.645,45,2009,57,6.98,26.15
177601,Active,652448,NA,NA,S,2,1,10958.375,40,2013,40,23.99,25.98
177602,Active,181925,NA,NA,D,1,0,182952.6925,34.99,2006,60,11.98,69.1
177603,Active,555790,NA,NA,S,1,0,1213605.693,38.95,2009,13,28.86,38.95
177604,Active,1778121,NA,NA,S,1,0,115739.675,80,2014,18,54.23,54.25
177605,Active,627932,NA,NA,S,0,0,43764.3,69.99,2012,28,43.93,48.19
177606,Active,255341,NA,NA,D,0,0,2555881.25,65,2001,28,4,16.94
177607,Active,256784,NA,NA,D,0,0,2004401.039,83.95,2001,42,4,7.82
177608,Active,162805,NA,NA,S,2,1,1057766.119,50,2009,34,6.83,12.69
177609,Active,574674,NA,NA,D,4,1,465270.3025,215,2011,52,9.9,18.99
177610,Active,468694,NA,NA,D,3,1,1480778.375,140,2008,27,4.75,28.86
177611,Active,3560284,NA,NA,D,2,1,3994333.15,118,2005,24,4,30.98
177612,Active,912010,NA,NA,D,1,0,931004.7625,44.5,2003,22,4,7.99
177613,Active,163255,NA,NA,D,0,0,4346154.964,90,2002,21,6.28,27.9
177614,Active,163126,NA,NA,S,2,1,91977.56375,127,2011,41,20.04,71.95
177615,Active,226151,NA,NA,D,1,0,4404273.981,84.95,2000,21,4.39,10.67
177616,Active,116973,NA,NA,D,0,0,628680.71,150.8,2005,68,4,33.38
177617,Active,166990,NA,NA,D,1,0,1231747.313,104.95,2005,24,6.37,35.91
177618,Active,225811,NA,NA,D,1,0,1411431.711,75.95,2003,21,4,8.36
177619,Active,372205,NA,NA,S,4,1,2786576.75,99.95,1999,42,3.79,12.98
177620,Active,225917,NA,NA,D,5,1,4400421.935,109.95,2004,14,8.59,56.36
177621,Active,225922,NA,NA,D,2,1,2041959.021,87.95,2005,15,4,8.51
177622,Active,1924676,NA,NA,S,0,0,45995.85,55,2015,22,38.78,47.63
177623,Active,587776,NA,NA,S,2,1,32227.6325,70,2012,45,25.12,41.38
177624,Active,162585,NA,NA,D,1,0,672907.2825,60,2009,45,4.45,8.55
177625,Active,867918,NA,NA,S,3,1,32829.06125,108.67,2014,50,38.7,78.94
177626,Active,3462111,NA,NA,S,3,1,2944602.534,109.33,1999,47,4,22.49
177627,Active,110091,NA,NA,D,1,0,773756.745,5.34,2010,109,4,5.75
177628,Active,114834,NA,NA,S,4,1,1592772.999,155.2,2002,44,4,47.99
177629,Active,110089,NA,NA,S,3,1,503208.5575,204,2008,87,4,48.33
177630,Active,163412,NA,NA,S,1,0,41780.975,96,2011,38,10.48,44.33
177631,Active,244333,NA,NA,S,2,1,41506.9825,187.5,2012,73,9.14,53.98
177632,Active,290112,NA,NA,D,1,0,1330446.431,8.4,2007,62,4,7.65
177633,Active,553817,NA,NA,S,1,0,310986.665,221.2,2012,53,4.99,72.48
177634,Active,115637,NA,NA,D,6,1,3804069.901,132,2003,26,4,16.89
177635,Active,117639,NA,NA,D,7,1,1344343.748,185,2005,50,4,8.98
177636,Active,118944,NA,NA,S,8,1,76695.3325,261.8,2008,45,28.88,77.62
177637,Active,121263,NA,NA,D,5,1,524025.1838,228.8,2011,79,4,28.23
177638,Active,52214,NA,NA,S,3,1,1074493.845,185.33,2007,66,4,10.9
177639,Active,609854,NA,NA,D,6,1,60281.10125,261.8,2013,183,4.94,79.63
177640,Active,199259,NA,NA,S,1,0,429747.9013,86,2004,46,12.28,38.87
177641,Active,254155,NA,NA,D,3,1,290461.7538,196.95,2010,56,9.19,101.98
177642,Active,148012,NA,NA,D,2,1,1925305.585,192.95,2004,44,4,23.99
177643,Active,225825,NA,NA,D,2,1,2091976.001,93.95,2004,31,4.12,18.39
177644,Active,250592,NA,NA,D,3,1,657984.6513,89.95,2008,28,13.41,57.23
177645,Active,751304,NA,NA,D,7,1,1396466.593,23.99,2009,19,5.93,23.99
177646,Active,164426,NA,NA,S,4,1,4032313.303,22.89,2004,29,4,22.53
177647,Active,51034,NA,NA,D,7,1,592858.47,11.29,2009,53,4.62,19.35
177648,Active,535753,NA,NA,D,9,1,65356.0975,114.7,2013,60,5.03,58.98
177649,Active,51037,NA,NA,D,8,1,637942.3825,54.67,2011,51,6.03,29.29
177650,Active,298597,NA,NA,D,1,0,572678.0388,243.95,2009,61,4.77,0
177651,Active,529341,NA,NA,S,4,1,113164.9825,86.2,2012,43,30.26,58.99
177652,Active,1470831,NA,NA,D,5,1,5899646.41,79.95,2008,23,4.97,46.85
177653,Active,1472471,NA,NA,D,1,0,1413136.968,80,2010,19,6.34,96.93
177654,Active,1474575,NA,NA,D,6,1,2144354.969,80,2011,16,6.38,62.39
177655,Active,861434,NA,NA,D,7,1,13486.86125,170.95,2013,57,25.64,67.58
177656,Active,535535,NA,NA,D,7,1,116692.6575,170.95,2013,61,5.21,69.99
177657,Active,162618,NA,NA,D,3,1,898241.365,80.56,2009,48,4,48.26
177658,Active,50947,NA,NA,D,6,1,586899.5938,170.95,2009,116,4,32
177659,Active,492277,NA,NA,D,4,1,114944.3988,148.75,2012,63,14.89,63.98
177660,Active,166806,NA,NA,D,2,1,1982813.05,12.99,2006,36,4,12.93
177661,Active,243883,NA,NA,D,6,1,302734.6763,167.95,2010,68,4,39.98
177662,Active,50950,NA,NA,S,5,1,797212.895,127.95,2007,68,4,34.97
177663,Active,256765,NA,NA,D,1,0,2609768.214,64.95,2000,26,4.85,43.27
177664,Active,298676,NA,NA,S,8,1,77866.43375,171.95,2011,62,25.08,103.96
177665,Active,2564035,NA,NA,D,0,0,3158062.671,155,1997,20,20.35,73.45
177666,Active,646834,NA,NA,S,2,1,526648.6013,99,2013,35,37.35,84.38
177667,Active,2337935,NA,NA,D,0,0,839223.4138,79.95,1997,16,5.78,50.81
177668,Active,192838,NA,NA,D,2,1,2615477.794,106,2001,29,4.2,32.98
177669,Active,542929,NA,NA,S,3,1,18248.53625,10.99,2011,26,8.42,0
177670,Active,1564456,NA,NA,S,0,0,24472.1,54.96,2012,14,29.05,31.57
177671,Active,126223,NA,NA,S,0,0,223804.7675,99,2006,85,4.33,13.97
177672,Active,200539,NA,NA,D,1,0,203252.8138,97.95,2009,41,4.97,30.03
177673,Active,649522,NA,NA,S,4,1,84668.73,60.95,2013,30,43.9,43.19
177674,Active,582744,NA,NA,D,1,0,1012273.121,100.95,1999,19,4.3,8.89
177675,Active,655488,NA,NA,S,4,1,192932.15,44.99,2011,8,28.97,33.72
177676,Active,3216967,NA,NA,S,0,0,9624.3525,41.95,2005,0,0,28.49
177677,Active,648981,NA,NA,S,2,1,1010185.594,59.99,2012,31,10.99,0
177678,Active,120606,NA,NA,S,1,0,63607.1,79.6,2011,20,52.56,67.43
177679,Active,3492236,NA,NA,S,3,1,4015270,110,2005,24,4.77,48.78
177680,Active,126250,NA,NA,S,2,1,1039159.298,134.95,2002,38,11.84,40.96
177681,Active,529329,NA,NA,S,2,1,888477.1538,65,2010,29,6.94,29.99
177682,Active,636701,NA,NA,S,1,0,213584.0375,39.95,2001,48,5.48,23.97
177683,Active,3799793,NA,NA,D,0,0,1267998.2,59.95,2012,18,3.43,54.51
177684,Active,2617139,NA,NA,D,0,0,5271195.355,42.75,1985,16,4,0
177685,Active,3256032,NA,NA,D,2,1,6598398.776,118.09,2005,35,8.9,117.18
177686,Active,774059,NA,NA,S,3,1,1747281.035,38.06,1999,46,4,30.49
177687,Active,252614,NA,NA,D,5,1,84726.84875,192.7,2009,45,12.98,83.99
177688,Active,52338,NA,NA,D,2,1,456915.615,144.2,2004,44,4,46.08
177689,Active,574356,NA,NA,D,4,1,473827.0838,80.59,2006,55,4.25,53.08
177690,Active,607514,NA,NA,S,2,1,365810.09,126,1998,44,4.29,46.39
177691,Active,874169,NA,NA,S,3,1,747551.6363,42.2,2003,27,4.54,60.89
177692,Active,113035,NA,NA,D,1,0,2062537.924,99.95,2008,26,4.98,51.41
177693,Active,284590,NA,NA,S,4,1,267916.2625,217.6,1997,49,14.45,69.98
177694,Active,1475613,NA,NA,S,6,1,267532.275,53.93,2014,14,49.54,49.55
177695,Active,52339,NA,NA,D,3,1,175784.415,238.4,2007,58,11.99,58.5
177696,Active,114345,NA,NA,D,3,1,194920.1938,167.6,2003,73,5.81,68.38
177697,Active,2579378,NA,NA,D,1,0,3506687.686,98,1993,14,8.62,50.89
177698,Active,624028,NA,NA,S,1,0,111987.6575,54,1983,56,12.97,45.51
177699,Active,2084420,NA,NA,S,1,0,24098.95,77.99,2013,8,44.91,44.91
177700,Active,247771,NA,NA,S,2,1,685541.4513,44.95,2007,103,4,8.99
177701,Active,625817,NA,NA,S,2,1,476358.015,50,2001,37,11.98,28.8
177702,Active,184289,NA,NA,S,1,0,171450.2838,66.95,2000,49,4.3,51.63
177703,Active,100453,NA,NA,S,1,0,715271.6,94.2,1998,44,4,38.99
177704,Active,561356,NA,NA,S,2,1,703289.0013,23.2,2010,53,4,8.99
177705,Active,564985,NA,NA,S,1,0,953869.2788,64.95,2012,14,53.37,56.53
177706,Active,610384,NA,NA,D,14,1,8266.03375,269.25,2013,112,12.38,63.99
177707,Active,53257,NA,NA,D,13,1,47896.1025,247.25,2010,165,6.13,33
177708,Active,53256,NA,NA,D,12,1,216234.5063,215,2007,103,4,19.58
177709,Active,625603,NA,NA,S,14,1,58076.45375,178.25,2013,47,48.41,107.41
177710,Active,53254,NA,NA,S,10,1,1131967.748,96.9,2002,113,4.28,7.35
177711,Active,245032,NA,NA,S,1,0,157367.8975,138.95,2004,44,15.88,67.04
177712,Active,54214,NA,NA,D,5,1,797188.06,168.95,2004,38,4.22,47.13
177713,Active,54213,NA,NA,S,4,1,2267533.33,110.95,1999,31,4,33.99
177714,Active,54212,NA,NA,D,6,1,139302.7063,325.95,2007,59,4.91,42.99
177715,Active,2571782,NA,NA,D,1,0,5567490.546,46.5,1978,20,6.38,69.35
177716,Active,250580,NA,NA,D,2,1,1028464.156,99.95,2008,16,41.37,77.37
177717,Active,402794,NA,NA,D,1,0,3222415.106,104,2007,16,56.86,68.89
177718,Active,254439,NA,NA,D,4,1,319585.405,113.95,2010,57,16.36,70.24
177719,Active,184649,NA,NA,S,2,1,881539.34,77.95,2000,39,6.38,44.89
177720,Active,865042,NA,NA,S,2,1,1408753.231,42.95,2011,24,8.58,13.77
177721,Active,2537746,NA,NA,S,3,1,9016162.99,39.95,2001,25,4.62,32.44
177722,Active,642236,NA,NA,S,2,1,104066.2263,42.95,2012,69,14.95,28.81
177723,Active,899168,NA,NA,S,2,1,1239460.06,41.95,2014,23,11.2,37.54
177724,Active,865278,NA,NA,S,3,1,1143114.311,42.95,2011,34,4.98,23.09
177725,Active,529322,NA,NA,S,2,1,372128.915,44.99,2011,39,11.83,27.77
177726,Active,131180,NA,NA,D,0,0,1196669.399,80.8,1998,44,4,13.96
177727,Active,114519,NA,NA,S,5,1,694076.4313,176.4,2003,65,4,42.1
177728,Active,665240,NA,NA,S,0,0,86761.29,150,2012,23,33.65,57.98
177729,Active,633866,NA,NA,D,0,0,79900.89375,40,2012,56,7.25,9.37
177730,Active,1633886,NA,NA,S,1,0,463737.0963,49.99,2013,24,13.94,32.61
177731,Active,542410,NA,NA,S,2,1,284956.4675,49.99,2005,38,10.68,34.84
177732,Active,2858973,NA,NA,S,2,1,1701783.948,26,1988,69,4,7.49
177733,Active,201839,NA,NA,D,2,1,573654.965,74,2007,39,4.48,43.51
177734,Active,201835,NA,NA,D,1,0,632493.4113,49.95,2002,65,4,43.64
177735,Active,659912,NA,NA,S,2,1,1094659.57,42.95,2012,34,10.48,18.49
177736,Active,647017,NA,NA,S,2,1,199571.7425,47.44,2012,24,20.98,0
177737,Active,620217,NA,NA,S,2,1,33074.9,47.44,2012,27,18.99,23.69
177738,Active,56309,NA,NA,D,2,1,49306.92625,52.99,2009,109,8.44,39.66
177739,Active,56310,NA,NA,D,1,0,71904.27,15.99,2006,111,4,58.98
177740,Active,609480,NA,NA,D,2,1,2666748.305,110.95,2003,23,4,46.55
177741,Active,249814,NA,NA,D,3,1,697091.335,152.95,2007,31,4,33.98
177742,Active,278550,NA,NA,D,4,1,2394962.206,57.95,2003,41,4,7.52
177743,Active,127305,NA,NA,D,5,1,1365448.693,59.95,2003,71,3.99,16.19
177744,Active,539946,NA,NA,S,7,1,23931.99875,79.95,2013,52,38.05,54.01
177745,Active,129366,NA,NA,D,6,1,169782.715,67.95,2010,41,12.99,57.79
177746,Active,609466,NA,NA,S,3,1,1052360.36,86.95,2002,25,4,29.94
177747,Active,609585,NA,NA,S,4,1,952723.1888,158.95,2005,51,4.13,20.46
177748,Active,649550,NA,NA,S,2,1,72617.83125,49.95,2013,18,31,31.03
177749,Active,622628,NA,NA,S,2,1,666326.6325,59.99,2011,22,12.51,30.97
177750,Active,448086,NA,NA,S,3,1,793440.2525,120,1997,35,4.75,49.19
177751,Active,262280,NA,NA,D,0,0,1115497.896,41.95,2004,25,11.18,43.29
177752,Active,919338,NA,NA,D,0,0,237551.96,24.95,1973,46,4,0
177753,Active,613121,NA,NA,S,6,1,679397.7688,274.95,1994,95,4,53.93
177754,Active,248297,NA,NA,S,5,1,3042123.485,171.95,2004,23,4.76,48.14
177755,Active,641573,NA,NA,S,0,0,49595.1,69.99,2008,13,34.17,36.95
177756,Active,158243,NA,NA,D,0,0,1073767.693,46.95,2005,20,20.49,53.69
177757,Active,3095544,NA,NA,S,0,0,11173.7,129.99,2004,7,8.77,8.78
177758,Active,2790132,NA,NA,S,2,1,274307.0475,6.95,2003,49,6.24,6.56
177759,Active,288555,NA,NA,D,0,0,754185.0375,49.99,2004,46,4,5.81
177760,Active,540830,NA,NA,S,2,1,1102006.344,49.99,2013,24,34.39,32.99
177761,Active,666116,NA,NA,S,2,1,1490588.965,43.5,2005,26,28.94,28.82
177762,Active,173866,NA,NA,S,0,0,411870.185,39.99,2005,33,16.98,31.25
177763,Active,199072,NA,NA,S,2,1,1441434.566,57.95,2000,22,4.97,33.96
177764,Active,174842,NA,NA,S,0,0,743653.0538,44.99,2006,24,27.29,42.91
177765,Active,901461,NA,NA,D,1,0,3869335.929,49.39,2004,17,4,46.47
177766,Active,121181,NA,NA,D,6,1,208558.8275,180.4,2010,55,17.28,31.98
177767,Active,131628,NA,NA,D,4,1,533079.105,91.8,2002,46,4,23.99
177768,Active,270918,NA,NA,S,1,0,590783.9288,42,2010,22,10.98,28.34
177769,Active,623591,NA,NA,D,5,1,181434.6538,116.2,2006,49,6.67,56.91
177770,Active,115951,NA,NA,D,6,1,390591.2513,132,2005,81,4,31
177771,Active,132027,NA,NA,S,1,0,54063.925,79.4,2006,30,22.39,52.97
177772,Active,800795,NA,NA,D,1,0,4167780.285,86.95,2007,9,70.99,156.51
177773,Active,290446,NA,NA,D,2,1,779745.3388,72.25,1999,41,4,43.88
177774,Active,131559,NA,NA,D,1,0,491220.1,51.8,2002,21,4,19.98
177775,Active,132039,NA,NA,D,2,1,2255316.705,74.67,2005,36,4,29.99
177776,Active,132506,NA,NA,D,3,1,473919.1425,100,2008,32,23.01,51.08
177777,Active,131431,NA,NA,D,3,1,1298258.329,126,2001,23,5.82,11.82
177778,Active,569670,NA,NA,S,2,1,657687.4663,279.95,2001,42,4.98,0
177779,Active,669165,NA,NA,S,3,1,431721.6375,58,2011,21,28.99,58
177780,Active,289831,NA,NA,D,1,0,733761.0388,57.95,2007,33,4,13.92
177781,Active,190433,NA,NA,D,0,0,1577586.951,0,2001,29,4,0
177782,Active,1437740,NA,NA,S,6,1,231995.2888,293.25,2007,25,35.31,74.37
177783,Active,918709,NA,NA,D,2,1,3753797.321,58,1995,29,3.99,5.99
177784,Active,121567,NA,NA,D,10,1,380712.4688,154.4,2011,59,5.44,78.69
177785,Active,118830,NA,NA,D,9,1,154259.225,126.2,2007,93,4,18.99
177786,Active,651534,NA,NA,S,3,1,917797.7375,60,2010,21,32.97,33.93
177787,Active,2678955,NA,NA,D,0,0,1068221.18,45,1992,25,4,44.34
177788,Active,774902,NA,NA,D,0,0,2543918.549,73.95,2003,26,6.08,24.5
177789,Active,1687475,NA,NA,S,2,1,920728.7063,66.95,2007,22,4.99,40.98
177790,Active,543326,NA,NA,D,5,1,289684.8188,176,2010,34,29.94,131.04
177791,Active,668916,NA,NA,D,1,0,578329.8238,51.95,2004,55,21.61,36.18
177792,Active,255593,NA,NA,D,0,0,2188180.66,79,2004,11,62.3,139.05
177793,Active,873479,NA,NA,S,3,1,1066625.984,31,1974,37,4,103.13
177794,Active,619679,NA,NA,S,3,1,716292.675,49.95,2004,43,4,33.99
177795,Active,566671,NA,NA,S,2,1,768547.2663,72.9,1993,32,6.35,67.49
177796,Active,147408,NA,NA,D,7,1,668637.2725,64.95,2007,33,4.92,16.17
177797,Active,607989,NA,NA,D,6,1,1087019.561,54.95,2003,55,4,11.13
177798,Active,2697053,NA,NA,D,2,1,6249187.424,235,1995,7,10.95,0
177799,Active,545951,NA,NA,D,13,1,246058.2013,115,2013,125,5.44,24.24
177800,Active,254022,NA,NA,S,12,1,1012480.49,132,2011,30,7.47,16.29
177801,Active,254021,NA,NA,D,12,1,422010.9613,104,2011,157,4,6.98
177802,Active,109719,NA,NA,D,5,1,883664.37,18.48,2006,35,4,17.64
177803,Active,285415,NA,NA,D,6,1,700479.5325,81.69,2009,61,4,19.72
177804,Active,538452,NA,NA,S,7,1,178004.9413,166.5,2013,64,30.49,90
177805,Active,193603,NA,NA,D,2,1,1086962.768,140,2008,24,10.37,55.01
177806,Active,270114,NA,NA,D,5,1,348880.1063,214,2010,47,10.15,124.23
177807,Active,265938,NA,NA,D,4,1,1352859.391,146,2005,26,7.34,150.42
177808,Active,630262,NA,NA,S,2,1,168477.2988,127.05,2004,35,10.75,93.96
177809,Active,905990,NA,NA,D,0,0,2919236.281,0,2003,21,7.39,49.09
177810,Active,573972,NA,NA,S,0,0,310717.5675,35,2009,26,18.99,17.52
177811,Active,178935,NA,NA,D,7,1,684828.145,253.95,2010,84,4,38.98
177812,Active,2254757,NA,NA,D,7,1,3968152.786,74.54,2010,37,7.18,52.1
177813,Active,562169,NA,NA,D,6,1,2542936.741,258.95,2008,36,4,12.18
177814,Active,51721,NA,NA,D,4,1,190106.53,166.67,2009,95,4.01,10.31
177815,Active,51720,NA,NA,D,5,1,124932.7513,210,2011,102,5.36,38.59
177816,Active,652221,NA,NA,S,6,1,643216.1513,163.4,2013,41,13.75,112.88
177817,Active,539501,NA,NA,S,6,1,244096.9388,237.47,2013,19,15.31,54.69
177818,Active,1452745,NA,NA,S,5,1,883997.7125,216.67,2012,20,16.67,203.68
177819,Active,646533,NA,NA,S,2,1,50232.725,85,2008,12,40.94,43.27
177820,Active,213288,NA,NA,S,2,1,383075.63,109.95,2008,45,23.99,83.96
177821,Active,54160,NA,NA,D,4,1,839328.5888,172,2007,58,5.12,41.96
177822,Active,54159,NA,NA,D,3,1,225763.16,142.67,2004,34,4.23,48.87
177823,Active,545223,NA,NA,S,1,0,43457.525,79.95,2009,25,51.44,56.17
177824,Active,162849,NA,NA,S,1,0,24761.12375,183.5,2011,97,40.46,60.76
177825,Active,456854,NA,NA,D,2,1,2825767.304,73.95,2004,33,4,46.25
177826,Active,178857,NA,NA,S,3,1,545661.9525,96.95,2010,56,11.02,30.27
177827,Active,233379,NA,NA,S,3,1,4448.9875,56.99,2008,50,31.34,44.73
177828,Active,233372,NA,NA,D,2,1,393965.96,35.99,2005,45,6.91,28.99
177829,Active,233377,NA,NA,S,3,1,2732.525,49.99,2008,100,26.35,37.83
177830,Active,233368,NA,NA,D,2,1,66312.7625,23.99,2005,63,4,19.49
177831,Active,919392,NA,NA,D,1,0,1137638.733,26.95,1997,45,4,9.99
177832,Active,644028,NA,NA,S,3,1,260488.4663,59.99,2008,37,30.99,0
177833,Active,233378,NA,NA,S,3,1,123684.4363,49.99,2008,38,29.56,0
177834,Active,233371,NA,NA,S,2,1,350241.5125,58.99,2005,35,14.28,24.16
177835,Active,244274,NA,NA,S,6,1,154473.0138,118.95,2011,46,8.36,73.98
177836,Active,259842,NA,NA,D,0,0,1767525.469,42,2006,26,4,38.99
177837,Active,661343,NA,NA,D,1,0,1938494.303,4.99,2011,14,3.85,4.99
177838,Active,619125,NA,NA,D,1,0,1113497.83,82.5,2011,57,4,6.28
177839,Active,913202,NA,NA,S,2,1,635148.1175,0,2015,54,4.89,43.99
177840,Active,582203,NA,NA,S,2,1,145761.5938,35,2012,34,18.97,32.98
177841,Active,682326,NA,NA,S,2,1,35900.05875,28,2010,45,14.48,23.48
177842,Active,2338529,NA,NA,D,2,1,9295362.151,57.5,1995,10,7.64,117.69
177843,Active,1435328,NA,NA,S,3,1,658574.9638,115,2006,40,24.55,88.13
177844,Active,626380,NA,NA,D,0,0,349464.2263,44.95,2007,53,5.72,36.99
177845,Active,148489,NA,NA,S,2,1,1226007.228,187.95,2006,46,4,8.21
177846,Active,50690,NA,NA,D,14,1,362233.9225,251.75,2007,56,6.49,52.79
177847,Active,50689,NA,NA,D,13,1,780225.9563,5.98,2005,71,5.37,11.68
177848,Active,534341,NA,NA,D,14,1,735572.86,183.75,2007,42,4,58.07
177849,Active,109995,NA,NA,D,4,1,456200.9175,44.96,2007,37,5.88,36.96
177850,Active,111284,NA,NA,D,5,1,172861.505,81.81,2010,44,19.99,77.84
177851,Active,196711,NA,NA,D,1,0,1416912.594,57.95,2007,24,4.79,26.15
177852,Active,622189,NA,NA,S,2,1,442630.2113,101.35,1993,47,39.22,73.94
177853,Active,592700,NA,NA,S,1,0,587057.9225,45,2011,56,9.43,8.97
177854,Active,60487,NA,NA,S,6,1,2744606.159,49.95,2003,65,4,5.98
177855,Active,627651,NA,NA,S,1,0,40919.075,60,2003,31,37.31,40.99
177856,Active,341434,NA,NA,D,1,0,1147242.758,150,1998,14,50.14,47.99
177857,Active,423074,NA,NA,S,4,1,511345.6488,157,2009,52,4,20.98
177858,Active,716107,NA,NA,S,6,1,239996.09,122.6,2012,31,27.36,88.29
177859,Active,55224,NA,NA,D,5,1,196155.0688,138.4,2009,148,4,16
177860,Active,877746,NA,NA,D,5,1,1973529.48,6.17,2010,24,4,6.2
177861,Active,2619088,NA,NA,S,3,1,230701.715,72.95,1995,34,4,51.99
177862,Active,169873,NA,NA,D,8,1,338703.4638,234.95,2009,48,5.65,187.24
177863,Active,169305,NA,NA,D,7,1,910994.335,225.95,2006,48,4.89,45.63
177864,Active,2844191,NA,NA,D,1,0,2783984.744,76.4,1994,41,4,10.99
177865,Active,292212,NA,NA,S,5,1,1066563.14,174.95,2006,75,4,8.78
177866,Active,182939,NA,NA,S,1,0,541640.0688,176.95,2007,36,12.36,31.71
177867,Active,3256430,NA,NA,D,0,0,1478839.896,33.15,2004,43,6.09,23.61
177868,Active,177888,NA,NA,D,1,0,659509.0638,156.95,2003,49,4,9.93
177869,Active,276648,NA,NA,S,4,1,711587.2625,57,2007,65,4,45.99
177870,Active,648178,NA,NA,S,1,0,627143.6575,87,2005,24,15.85,49.95
177871,Active,123957,NA,NA,S,1,0,413378.7313,163.95,2002,44,20.99,86.15
177872,Active,267762,NA,NA,D,0,0,955316.7738,31,2004,61,4,18.6
177873,Active,546055,NA,NA,S,3,1,191586.2363,47,2012,33,27.98,29.96
177874,Active,271093,NA,NA,S,3,1,937981.27,90,2011,27,47.98,69.2
177875,Active,754044,NA,NA,S,1,0,149431.7413,110.95,2012,38,22.99,52.91
177876,Active,284977,NA,NA,S,1,0,616639.0188,94,2004,39,4,22.2
177877,Active,626005,NA,NA,D,1,0,1946391.923,75,2002,31,5.15,54.55
177878,Active,637234,NA,NA,D,2,1,604080.9375,117.95,2007,20,18.87,23.75
177879,Active,889044,NA,NA,S,2,1,306467.5425,69,2014,21,44.01,53.3
177880,Active,529290,NA,NA,D,8,1,807549.82,65,2010,63,4,4.85
177881,Active,224654,NA,NA,D,7,1,2272900.459,57,2009,32,3.78,8.53
177882,Active,891005,NA,NA,S,5,1,69970.61875,49.95,2015,18,23.99,33.98
177883,Active,193464,NA,NA,D,2,1,247811.46,42.95,2006,37,4,23.35
177884,Active,658916,NA,NA,S,7,1,691248.4875,43,2012,15,7.13,31.69
177885,Active,193657,NA,NA,D,3,1,866199.215,44.95,2008,48,4.62,9.94
177886,Active,143159,NA,NA,D,3,1,2319229.15,141,2007,19,4,10.99
177887,Active,60488,NA,NA,D,2,1,1390295.074,292.95,2004,30,5,27.93
177888,Active,252012,NA,NA,D,3,1,815885.705,265.95,2008,47,4.94,53.95
177889,Active,56181,NA,NA,D,4,1,1190909.893,142,2007,43,3.98,23.86
177890,Active,56184,NA,NA,S,3,1,4178176.104,96,2003,21,4.58,25.56
177891,Active,56182,NA,NA,D,5,1,639280.9238,156,2009,79,4.84,24.32
177892,Active,1470585,NA,NA,D,3,1,1157638.354,110,2008,22,6.23,88.99
177893,Active,899949,NA,NA,D,1,0,852007.1313,85,2009,15,6.38,67.43
177894,Active,637623,NA,NA,S,0,0,1009586.631,54,2013,37,4.27,9.63
177895,Active,670543,NA,NA,S,5,1,191127.15,44,2012,29,10.94,0
177896,Active,143018,NA,NA,D,4,1,1146809.979,38,2007,27,4,0
177897,Active,636061,NA,NA,S,4,1,664383.8375,35,2010,29,20.98,36.14
177898,Active,127309,NA,NA,D,2,1,848442.8513,59.95,2007,45,4,15.51
177899,Active,545784,NA,NA,S,4,1,50465.9,78,2012,31,23.99,58.99
177900,Active,918954,NA,NA,S,4,1,63698.6925,88.95,2014,42,48.17,75.68
177901,Active,129367,NA,NA,D,3,1,122933.7175,79.95,2010,47,6.21,12.05
177902,Active,924468,NA,NA,S,6,1,13272.95375,82,2014,44,51.99,59.81
177903,Active,533381,NA,NA,D,5,1,277781.3,75,2011,72,16.52,48.52
177904,Active,55987,NA,NA,D,3,1,886469.2788,48.95,2005,60,4,12.99
177905,Active,55984,NA,NA,D,4,1,124484.125,52.95,2008,90,4.04,8.88
177906,Active,635221,NA,NA,D,1,0,541144.0913,59.95,2008,37,4.95,0
177907,Active,2851179,NA,NA,D,2,1,1548963.328,149.95,2000,18,4,51.99
177908,Active,2535217,NA,NA,D,1,0,5326928.444,70,2000,17,4.52,73.37
177909,Active,169913,NA,NA,D,7,1,53191.10875,195.95,2009,101,12.68,37
177910,Active,57336,NA,NA,D,7,1,362665.385,177.95,2009,40,8.3,74.3
177911,Active,57339,NA,NA,S,5,1,1781227.475,70.95,2003,51,4,31.1
177912,Active,57340,NA,NA,D,6,1,314134.8538,194.95,2006,79,4,13.89
177913,Active,177334,NA,NA,S,5,1,876463.14,80.95,2002,77,3.87,9.93
177914,Active,914869,NA,NA,D,7,1,170492.3988,115.88,2009,21,14.31,84.71
177915,Active,210948,NA,NA,S,1,0,36149.2,58.95,2008,50,24.49,36.98
177916,Active,277944,NA,NA,S,0,0,87684.23625,20,2007,45,12.47,37.86
177917,Active,692336,NA,NA,S,4,1,5400178.729,117.95,2001,31,4,24.99
177918,Active,248454,NA,NA,D,6,1,498211.9363,218.95,2008,66,4,52.63
177919,Active,248346,NA,NA,D,5,1,1415099.161,158.95,2005,58,4,43.95
177920,Active,51314,NA,NA,S,10,1,2137297.259,71,2003,47,4,8.99
177921,Active,51313,NA,NA,D,12,1,48233.545,84.95,2009,99,4,28.19
177922,Active,51312,NA,NA,D,11,1,591662.565,82.95,2006,72,4,11.38
177923,Active,537144,NA,NA,D,13,1,10371.00375,99.95,2012,92,7.87,73.85
177924,Active,251960,NA,NA,D,8,1,210722.75,206.95,2010,45,4,41.75
177925,Active,170227,NA,NA,D,8,1,169487.7163,206.95,2011,53,4.54,36.99
177926,Active,56315,NA,NA,D,2,1,690762.0413,13.98,2007,120,4,10.45
177927,Active,56316,NA,NA,D,3,1,27357.74625,59,2011,79,5.79,57.92
177928,Active,60489,NA,NA,D,7,1,603776.5288,228.95,2006,66,4,71.53
177929,Active,614200,NA,NA,D,0,0,689207.3175,39.99,1992,63,4,25.97
177930,Active,916410,NA,NA,D,2,1,4918529.79,45,1995,28,3.99,11.24
177931,Active,170158,NA,NA,D,8,1,236380.8825,112.95,2011,70,4.13,43.67
177932,Active,917032,NA,NA,D,0,0,4689291.801,30.07,1991,18,3.48,11.98
177933,Active,538677,NA,NA,S,0,0,66134.685,55.25,2012,87,4.24,29.99
177934,Active,616107,NA,NA,D,0,0,2602628.176,41.5,2010,28,4,4.98
177935,Active,613166,NA,NA,S,5,1,610754.615,48.75,2007,128,3.79,0
177936,Active,637251,NA,NA,D,5,1,468733.7125,48.75,2006,40,3.99,0
177937,Active,550388,NA,NA,S,5,1,1674302.868,48.75,2006,31,4,15.87
177938,Active,1438459,NA,NA,S,6,1,445718.875,55.25,2013,29,15.94,25.49
177939,Active,538756,NA,NA,S,6,1,242049.6263,55.25,2012,40,15.04,28.44
177940,Active,608798,NA,NA,D,7,1,1393234.206,119.95,2008,46,3.99,4.81
177941,Active,529283,NA,NA,S,3,1,772549.9425,96,2008,17,13.38,13.34
177942,Active,56805,NA,NA,S,4,1,1043684.134,92,2002,50,4,6.79
177943,Active,655276,NA,NA,D,6,1,44839.0425,55.25,2012,73,5.14,27.88
177944,Active,119091,NA,NA,D,6,1,325735.2388,158.6,2011,40,18.2,64.27
177945,Active,145116,NA,NA,D,4,1,1086034.005,119.4,2005,39,4,8.78
177946,Active,145834,NA,NA,D,5,1,613834.8975,151,2008,44,8.98,76.63
177947,Active,690440,NA,NA,S,1,0,64388.35,39.99,2013,28,19.21,21.98
177948,Active,3569416,NA,NA,D,0,0,3472349.05,99.95,2000,12,4,57.99
177949,Active,529273,NA,NA,S,2,1,773267.2338,147.99,2007,18,36.76,0
177950,Active,612839,NA,NA,S,0,0,58805.875,149.95,2006,261,4.19,4.99
177951,Active,2501621,NA,NA,D,1,0,1595510.836,99,2003,18,15.31,29.63
177952,Active,1574785,NA,NA,S,7,1,780754.57,114.95,2009,16,8.36,26.31
177953,Active,116877,NA,NA,S,3,1,233573.2138,176,2005,59,10.14,65.37
177954,Active,115841,NA,NA,S,4,1,489045.8738,161.8,2004,53,8.82,72.97
177955,Active,248408,NA,NA,S,5,1,333241.8613,250.95,2007,38,4,61.74
177956,Active,2607946,NA,NA,D,3,1,2213634.069,56.25,2005,12,13.74,15.58
177957,Active,1768994,NA,NA,S,4,1,252257.5675,55.25,2012,20,35.97,47.28
177958,Active,1768096,NA,NA,S,4,1,281112.83,55.25,2012,25,32.98,45.98
177959,Active,174403,NA,NA,D,3,1,2360996.274,56.25,2005,15,22.98,133.97
177960,Active,1767919,NA,NA,S,4,1,369812.7563,55.25,2012,30,34.15,49.29
177961,Active,174301,NA,NA,D,3,1,178063.1638,35.5,2004,31,4,24.93
177962,Active,655366,NA,NA,S,4,1,146996.4075,35.75,2012,29,26.98,31.98
177963,Active,536183,NA,NA,D,3,1,281357.9863,35.5,2004,30,4,13.96
177964,Active,860815,NA,NA,S,4,1,110943.1288,35.75,2012,20,27.17,30.69
177965,Active,658225,NA,NA,S,4,1,34101.02125,35.75,2012,31,23.88,30
177966,Active,860816,NA,NA,S,4,1,712297.505,55.25,2012,17,35.71,46.97
177967,Active,1768784,NA,NA,S,4,1,206857.1313,55.25,2012,24,43.9,51.97
177968,Active,660903,NA,NA,S,4,1,500434.6525,59.99,2013,24,24.54,42.74
177969,Active,265639,NA,NA,D,2,1,903310.0938,60,2008,43,4,9.01
177970,Active,2029071,NA,NA,S,3,1,1288392.486,60,2008,42,4,13.94
177971,Active,129995,NA,NA,S,2,1,212601.9138,79.99,1999,63,18.98,40.45
177972,Active,539376,NA,NA,S,6,1,148386.825,136.2,2013,39,66.6,108.71
177973,Active,118268,NA,NA,D,5,1,674594.6225,122.8,2010,38,5.93,18.99
177974,Active,117676,NA,NA,D,4,1,1370187.828,99,2005,51,4,13.98
177975,Active,170086,NA,NA,D,13,1,104597,217.95,2011,85,5.57,41.57
177976,Active,403857,NA,NA,D,0,0,951440.2513,63.8,2006,29,11.45,78.89
177977,Active,529266,NA,NA,S,2,1,1155826.943,46.95,2010,32,16.69,36.18
177978,Active,867646,NA,NA,S,6,1,18094.22125,103,2014,46,99.95,73.87
177979,Active,248104,NA,NA,D,5,1,209747.9775,98,2011,61,6.13,36.98
177980,Active,529265,NA,NA,D,4,1,766455.8975,88,2008,73,4,19.77
177981,Active,118925,NA,NA,S,1,0,206922.375,123.4,2008,23,44.72,77.99
177982,Active,132518,NA,NA,S,1,0,287111.4825,125.8,2007,44,18.75,78.68
177983,Active,163166,NA,NA,S,3,1,714105.2113,50.95,2012,29,9.89,27.47
177984,Active,51419,NA,NA,D,5,1,116749.8225,131.77,2009,54,7.19,27.96
177985,Active,51420,NA,NA,D,3,1,499037.0763,56.08,2003,53,3.98,17.98
177986,Active,51418,NA,NA,D,4,1,414740.5313,11.44,2006,63,4,23.74
177987,Active,108105,NA,NA,D,3,1,1590422.738,122.81,2004,35,4,21.88
177988,Active,178158,NA,NA,D,11,1,1565213.246,252.95,2005,49,4,13.49
177989,Active,618144,NA,NA,S,3,1,3495805.628,57,1998,34,4,23.01
177990,Active,55115,NA,NA,D,6,1,69478.92875,113,2009,93,5.37,43.99
177991,Active,55116,NA,NA,D,5,1,397424.9325,134.8,2005,73,4,18.33
177992,Active,194161,NA,NA,S,2,1,158479.175,40,2008,19,20.08,34.67
177993,Active,121321,NA,NA,S,4,1,988579.9625,60.4,2009,37,4,0
177994,Active,592100,NA,NA,D,0,0,232874.8325,63.95,2008,54,4.24,8.94
177995,Active,248218,NA,NA,D,2,1,115314.9725,87,2011,47,6.5,48.99
177996,Active,533929,NA,NA,S,5,1,118259.3763,95.95,2008,54,21.96,47.52
177997,Active,280672,NA,NA,D,1,0,2495947.013,99,2001,11,32.6,81.4
177998,Active,3462135,NA,NA,S,2,1,686239.8763,55,2011,21,18.73,45.81
177999,Active,2575538,NA,NA,D,1,0,3327673.069,0,1986,16,27.2,0
178000,Active,873525,NA,NA,S,2,1,356039.5925,88,2002,87,4.39,8.99
178001,Active,267144,NA,NA,D,3,1,468294.6463,124,2005,42,4.72,36
178002,Active,267161,NA,NA,D,4,1,326843.0575,176,2007,46,4.75,76.01
178003,Active,215806,NA,NA,S,2,1,1357852.183,75,1995,62,4,9.86
178004,Active,60491,NA,NA,D,3,1,187609.0613,115.4,2003,64,4,28.97
178005,Active,258426,NA,NA,D,1,0,354383.8288,86.5,2008,40,12.83,22.99
178006,Active,642796,NA,NA,S,4,1,695654.5238,49.95,1974,36,4.13,61.88
178007,Active,60492,NA,NA,D,5,1,574638.0363,109.4,2001,70,5.18,20.45
178008,Active,118029,NA,NA,S,6,1,40937.35625,236.8,2006,72,48.18,102.99
178009,Active,529259,NA,NA,S,2,1,23270.0175,100,2012,53,60.04,62.48
178010,Active,117517,NA,NA,D,3,1,631002.7713,110,2003,38,4.39,20.61
178011,Active,258431,NA,NA,D,1,0,341172.9213,115,2008,34,20.66,31.98
178012,Active,2082637,NA,NA,S,2,1,114437.5263,115,2014,29,70.78,90.45
178013,Active,165830,NA,NA,D,2,1,339873.64,49.95,2004,68,4,8.93
178014,Active,529261,NA,NA,S,3,1,45012.6925,55,2012,32,29.29,31.66
178015,Active,267162,NA,NA,D,4,1,511848.545,176,2007,47,8.18,53.85
178016,Active,524933,NA,NA,D,5,1,638529.255,148,2010,58,53.45,284.28
178017,Active,267149,NA,NA,D,3,1,1234341.52,134,2006,37,5.48,10.36
178018,Active,529260,NA,NA,S,4,1,162044.0325,50,2012,48,27.1,32.01
178019,Active,529257,NA,NA,S,3,1,88272.7525,68,2012,40,26.1,42.13
178020,Active,625427,NA,NA,D,0,0,155786.7413,110,2004,79,6.98,56
178021,Active,163378,NA,NA,S,2,1,61002.89375,115,2011,52,53.97,53.95
178022,Active,190489,NA,NA,D,3,1,372740.79,75.65,2002,31,7.32,46.98
178023,Active,61105,NA,NA,D,3,1,1016928.564,17.27,2001,73,4,17.27
178024,Active,108817,NA,NA,D,4,1,51157.92375,68.45,2006,76,5.94,48.07
178025,Active,879814,NA,NA,D,9,1,5249260.045,73.96,2003,23,8.62,257.49
178026,Active,53989,NA,NA,D,12,1,662196.8563,14.62,2007,184,4,23.94
178027,Active,111430,NA,NA,S,6,1,852071.42,33.99,2010,36,8.65,36.95
178028,Active,53927,NA,NA,S,11,1,174831.3538,409.95,2010,54,10.97,42.96
178029,Active,53924,NA,NA,D,9,1,4185233.699,355.95,2003,36,4.49,9.9
178030,Active,534454,NA,NA,D,14,1,30640.56125,40,2011,228,7.39,33.98
178031,Active,54150,NA,NA,D,18,1,185873.8938,473.95,2011,73,7.99,28.99
178032,Active,54149,NA,NA,D,16,1,1592867.521,361.95,2006,45,4.48,17.85
178033,Active,587654,NA,NA,D,1,0,105847.98,328.95,2012,35,21.44,51.49
178034,Active,148315,NA,NA,S,15,1,2069406.236,260.95,2004,41,5.67,20.04
178035,Active,587655,NA,NA,D,1,0,316139.9975,278.95,2013,67,7.89,48.99
178036,Active,53987,NA,NA,D,13,1,348893.8663,15.46,2009,274,4.59,11.97
178037,Active,178649,NA,NA,S,11,1,879568.2875,92.89,2009,27,5.1,76.02
178038,Active,551178,NA,NA,D,7,1,100631.1338,39,2011,236,5.9,0
178039,Active,537857,NA,NA,D,6,1,386068.81,325.2,2010,280,4,10
178040,Active,878269,NA,NA,D,18,1,1016727.174,60.38,2011,29,14.8,59.55
178041,Active,566396,NA,NA,D,0,0,7907238.65,68.49,1900,21,4,13.99
178042,Active,166979,NA,NA,S,2,1,187101.7388,307,2007,65,6.03,71.58
178043,Active,904080,NA,NA,S,2,1,134009.995,311.25,2014,22,68.99,89.94
178044,Active,163119,NA,NA,S,1,0,625399.6138,48.49,2010,20,20.99,19.85
178045,Active,54151,NA,NA,D,17,1,667622.7513,473.95,2009,59,4,45.89
178046,Active,53925,NA,NA,D,10,1,2290169.138,165.95,2006,42,4.16,16.2
178047,Active,244307,NA,NA,S,0,0,436163.6138,44,2011,33,6.48,40.11
178048,Active,167224,NA,NA,D,12,1,1599314.208,13.99,2009,62,4,13.95
178049,Active,165527,NA,NA,S,11,1,1564002.645,7.98,2003,51,4,7.79
178050,Active,162105,NA,NA,D,12,1,2742366.485,5.99,2007,42,3.53,13.99
178051,Active,111377,NA,NA,S,6,1,2022652.943,5.04,2010,29,4.98,12.69
178052,Active,162744,NA,NA,D,13,1,999868.7988,11.34,2009,103,4,11.34
178053,Active,290237,NA,NA,S,1,0,343207.525,34.99,2010,39,4.19,27.49
178054,Active,167225,NA,NA,D,12,1,1704585.869,4.99,2006,52,4,7.98
178055,Active,162106,NA,NA,D,12,1,2430416.558,5.35,2007,37,4.05,5.21
178056,Active,108634,NA,NA,D,4,1,4498506.036,116,2005,23,4.35,51.6
178057,Active,163065,NA,NA,D,14,1,518699.1813,22.59,2011,67,4.59,5.92
178058,Active,162745,NA,NA,S,13,1,1008961.709,4.99,2009,110,4,7.68
178059,Active,529252,NA,NA,D,5,1,2765283.346,133,2008,18,4.83,9.98
178060,Active,170067,NA,NA,D,9,1,387477.5163,294.95,2010,53,5.83,54.49
178061,Active,285499,NA,NA,D,2,1,510886.2563,45.47,2009,45,4.39,36.59
178062,Active,878314,NA,NA,S,10,1,688274.9825,148,2013,42,11.09,66
178063,Active,742350,NA,NA,S,11,1,1910916.784,135.33,2010,27,4.96,47.52
178064,Active,54077,NA,NA,D,3,1,1568762.76,277.95,2006,42,4,39.11
178065,Active,543858,NA,NA,S,5,1,450903.87,289.95,2012,36,7.88,15.74
178066,Active,288693,NA,NA,D,4,1,98222.22625,206,2010,158,3.84,11.99
178067,Active,254116,NA,NA,D,9,1,192957.3525,294.95,2010,57,5.48,45.46
178068,Active,569631,NA,NA,S,1,0,98641.415,228.95,2011,129,8.2,49.42
178069,Active,177088,NA,NA,D,7,1,805639.6625,92.95,2003,44,4,33.98
178070,Active,285493,NA,NA,D,2,1,609642.5888,40.99,2009,46,6.02,33.99
178071,Active,874071,NA,NA,S,3,1,939901.3738,111.25,2008,28,8.95,58.94
178072,Active,115633,NA,NA,S,2,1,4025761.893,36.8,2003,27,4,11.99
178073,Active,169462,NA,NA,D,8,1,2603587.889,311.95,2006,18,4.53,16.76
178074,Active,567753,NA,NA,D,2,1,3648459.079,46.95,2008,22,4,33.49
178075,Active,2256913,NA,NA,D,0,0,1876600.959,44.5,2010,49,7.05,21.86
178076,Active,116742,NA,NA,D,0,0,727695.0575,158,2006,90,4.41,14.6
178077,Active,146139,NA,NA,D,3,1,93208.56875,206,2010,101,5.23,33.97
178078,Active,621289,NA,NA,S,6,1,254897.5188,152,2012,42,16.79,22.14
178079,Active,660967,NA,NA,S,6,1,613781.1213,174,2012,26,31.97,142.84
178080,Active,145918,NA,NA,D,4,1,2067598.058,168,2008,27,3.9,90.14
178081,Active,120557,NA,NA,D,4,1,605509.2088,188,2008,122,4.23,20.89
178082,Active,169207,NA,NA,D,7,1,2033706.561,156.95,2006,25,4,4
178083,Active,170058,NA,NA,D,8,1,1015216.029,180.95,2009,68,4.79,45.9
178084,Active,169688,NA,NA,D,4,1,343173.7738,311.95,2008,79,5.36,8.82
178085,Active,183190,NA,NA,D,7,1,1899958.551,220.95,2005,50,4,13.99
178086,Active,54080,NA,NA,D,4,1,802188.2988,277.95,2010,34,4.08,19.09
178087,Active,60493,NA,NA,D,10,1,769946.175,152.67,2006,73,4.21,48.74
178088,Active,101339,NA,NA,D,6,1,3700753.293,80.95,2002,27,4.49,24.44
178089,Active,169454,NA,NA,D,8,1,313786.515,158.95,2007,56,4,27.81
178090,Active,603201,NA,NA,S,6,1,34954.5925,78.09,2011,83,16.78,35.99
178091,Active,108639,NA,NA,D,5,1,153281.05,125.84,2005,57,4.8,78.43
178092,Active,146521,NA,NA,D,4,1,123788.1163,216.8,2011,96,5.87,23.98
178093,Active,574025,NA,NA,D,3,1,2227322.35,44.05,1990,14,5.84,38.98
178094,Active,144601,NA,NA,S,0,0,613094.5975,226.4,2008,46,8.19,27.86
178095,Active,110982,NA,NA,S,3,1,439198.2825,146.22,2008,16,6.24,120.77
178096,Active,118064,NA,NA,D,3,1,493011.8288,158,2007,119,4.02,11.98
178097,Active,290896,NA,NA,D,8,1,1138513.785,294.95,2006,41,4.07,23.49
178098,Active,183556,NA,NA,D,4,1,1278428.61,311.95,2007,47,4,17.41
178099,Active,53952,NA,NA,D,10,1,155736.4263,147.33,2007,90,5.83,38.19
178100,Active,570491,NA,NA,S,1,0,1494586.76,122.95,2010,46,4,79.46
178101,Active,52495,NA,NA,D,5,1,82148.775,178.67,2008,227,5.86,30.88
178102,Active,536583,NA,NA,D,4,1,941370.98,230.8,2011,28,12.53,602.99
178103,Active,146162,NA,NA,D,11,1,96655.24,207.2,2010,177,4,17.81
178104,Active,285304,NA,NA,S,2,1,1159700.668,151.88,2007,36,6.61,19.98
178105,Active,197671,NA,NA,S,6,1,265933.4775,123.95,2005,20,45.8,0
178106,Active,177177,NA,NA,S,7,1,2049469.635,176.95,2004,48,4,11.84
178107,Active,169529,NA,NA,D,8,1,1509525.7,203.95,2007,63,4,8.29
178108,Active,179148,NA,NA,D,5,1,96299.83625,294.95,2008,55,6.47,33.99
178109,Active,60494,NA,NA,D,2,1,813783.5563,158,2006,38,4,13.95
178110,Active,130054,NA,NA,S,6,1,2124245.406,122.67,2001,73,3.99,5.15
178111,Active,144849,NA,NA,D,7,1,504682.7263,158,2006,147,4,10.97
178112,Active,638243,NA,NA,S,9,1,552137.2013,154,2013,36,26.93,76.81
178113,Active,145886,NA,NA,D,8,1,136545.3188,206,2009,114,6.48,43.98
178114,Active,603514,NA,NA,S,5,1,257696.9,60.62,2010,38,5.79,48.89
178115,Active,1610943,NA,NA,S,2,1,212011,43.99,2010,21,21.82,43.99
178116,Active,742960,NA,NA,S,6,1,492707.0863,152,2012,30,18.62,83.21
178117,Active,51447,NA,NA,D,8,1,111372.0713,206,2010,109,5.97,30.35
178118,Active,529250,NA,NA,D,6,1,15131.51,226.4,2012,96,18.4,72.98
178119,Active,51446,NA,NA,D,7,1,647073.7638,158,2007,65,4.03,31.33
178120,Active,600343,NA,NA,S,6,1,162478.76,104.99,2011,28,18.69,68.6
178121,Active,120560,NA,NA,D,5,1,24172.41,216.4,2008,133,8.86,58.74
178122,Active,279043,NA,NA,D,5,1,1624268.751,13.98,2007,48,4,13.98
178123,Active,114200,NA,NA,S,3,1,605081.3563,106.67,2001,42,4.58,39.99
178124,Active,144492,NA,NA,D,2,1,1944154.8,130.67,2003,44,4,12.71
178125,Active,560990,NA,NA,D,3,1,577910.3588,162.67,2007,98,4,23.99
178126,Active,146012,NA,NA,D,9,1,227420.4913,180.67,2009,128,4.64,33.99
178127,Active,110983,NA,NA,D,6,1,947981.8413,18.99,2008,58,5.37,51.23
178128,Active,145958,NA,NA,D,2,1,102319.7175,188,2009,87,6.79,48.99
178129,Active,254103,NA,NA,D,8,1,369099.9763,289.95,2010,63,4.99,17.96
178130,Active,129674,NA,NA,D,0,0,4817684.735,142.67,2005,25,6.23,27.68
178131,Active,742928,NA,NA,S,3,1,519356.5413,148,2012,29,28.03,102.97
178132,Active,145791,NA,NA,D,2,1,2062975.795,172,2008,39,4,38.78
178133,Active,54079,NA,NA,S,3,1,971675.9538,157.95,2005,22,4.91,28.97
178134,Active,182832,NA,NA,D,6,1,599524.8075,336.95,2003,71,3.98,18.71
178135,Active,183614,NA,NA,D,7,1,429317.1363,304.95,2007,64,6.75,51.91
178136,Active,742746,NA,NA,S,4,1,309317.3113,174,2012,21,40.05,148.99
178137,Active,529247,NA,NA,S,4,1,35202.6275,226.4,2012,95,21.31,70.48
178138,Active,615369,NA,NA,D,3,1,945541.7113,64,2008,48,4,23.99
178139,Active,145717,NA,NA,D,3,1,109336.2625,178.67,2008,100,4.41,39.97
178140,Active,179201,NA,NA,D,7,1,749914.8713,292.95,2008,45,8.96,107.07
178141,Active,622943,NA,NA,S,1,0,218805.3825,247,2013,36,13.04,57.33
178142,Active,200649,NA,NA,S,1,0,1388732.154,149.95,2010,24,4,72.95
178143,Active,2533661,NA,NA,D,0,0,1736145.539,42.95,1998,26,5.87,37.99
178144,Active,1541746,NA,NA,S,2,1,604531.9238,46.95,2009,23,32.54,38.2
178145,Active,120912,NA,NA,S,3,1,1162132.639,162,2007,32,4.53,39.99
178146,Active,115902,NA,NA,S,1,0,188572.57,137.33,2003,33,6.86,55.62
178147,Active,1656844,NA,NA,S,4,1,1328705.948,110,2006,21,4.13,100.75
178148,Active,648155,NA,NA,S,5,1,982606.3413,162,2010,32,4.69,67.7
178149,Active,50106,NA,NA,S,7,1,3133623.283,238.95,2001,30,4,33.69
178150,Active,50110,NA,NA,D,9,1,282371.3338,285.95,2006,52,5.8,87.34
178151,Active,905402,NA,NA,D,9,1,1432295.344,88.53,2006,36,12.52,64.1
178152,Active,50109,NA,NA,D,10,1,112345.0438,345.95,2009,91,5.97,44.83
178153,Active,148644,NA,NA,D,10,1,240745.2388,218.95,2009,30,6.82,73.98
178154,Active,551506,NA,NA,D,2,1,460717.8363,89.95,2005,31,6.38,43.99
178155,Active,556147,NA,NA,S,7,1,355675.9138,71,1945,47,11.71,48.47
178156,Active,684591,NA,NA,S,2,1,827022.5075,20,2006,66,4,7.24
178157,Active,51543,NA,NA,S,6,1,225397.9575,137.5,2002,92,4,12.99
178158,Active,51541,NA,NA,D,8,1,12991.635,91.43,2009,92,12.69,70.56
178159,Active,650115,NA,NA,D,8,1,372465.9313,19.05,2010,30,6.92,19.05
178160,Active,101284,NA,NA,D,8,1,2318956.048,241.95,2000,37,4,18.94
178161,Active,60495,NA,NA,D,9,1,155445.115,217.95,2003,38,4.39,19.95
178162,Active,51540,NA,NA,D,7,1,65426.36,55.97,2005,96,4.69,35.96
178163,Active,899482,NA,NA,S,0,0,928291.5688,28.99,2008,17,8.97,28.98
178164,Active,594613,NA,NA,S,2,1,219011.9563,44.99,2012,39,23.97,29.26
178165,Active,538017,NA,NA,S,3,1,3025009.438,114,2001,29,4.96,23.94
178166,Active,564519,NA,NA,D,1,0,1856739.839,44.95,2001,21,11.43,27.93
178167,Active,541526,NA,NA,S,2,1,1553657.22,50.95,2013,22,39.42,29.27
178168,Active,213190,NA,NA,S,3,1,200792.4625,81.95,2007,41,39.29,66.89
178169,Active,3470470,NA,NA,D,2,1,1860633.6,107,1992,30,5.89,43.83
178170,Active,539020,NA,NA,S,3,1,121699.495,109.95,2011,50,45.07,52.69
178171,Active,534219,NA,NA,D,1,0,1064202.641,105,2007,60,4.22,39.99
178172,Active,534189,NA,NA,D,2,1,251329.5213,135,2009,57,7.5,38.39
178173,Active,881492,NA,NA,S,0,0,43172.42875,55.99,2011,27,19.1,20.76
178174,Active,2577658,NA,NA,D,1,0,2073354.311,0,1986,18,4,104.77
178175,Active,261281,NA,NA,S,1,0,50006.5575,36,1997,33,23.79,26.72
178176,Active,147457,NA,NA,S,3,1,434584.97,59.95,2007,36,4.44,42.31
178177,Active,106128,NA,NA,S,4,1,223924.6663,57,2005,60,16.17,32.83
178178,Active,1702255,NA,NA,D,0,0,1547718.776,135.5,2013,19,5.84,125.37
178179,Active,1702130,NA,NA,D,0,0,2814059.214,118,2009,11,4.73,30.46
178180,Active,3581592,NA,NA,D,0,0,768011.5,145,2015,33,24.54,78.99
178181,Active,1702300,NA,NA,S,0,0,801170.34,140,2014,18,11.74,53.98
178182,Active,112040,NA,NA,D,3,1,197135.83,58.75,2011,111,5.98,33.98
178183,Active,697789,NA,NA,D,3,1,782746.8338,54.71,2011,37,5.43,30.81
178184,Active,214932,NA,NA,D,3,1,1198727.186,99,2009,40,4,19.97
178185,Active,864668,NA,NA,S,6,1,647626.42,602.99,2006,13,43.48,76.83
178186,Active,870466,NA,NA,D,5,1,1675428.226,177.33,2004,21,4,10.93
178187,Active,117050,NA,NA,D,6,1,721058.095,213.33,2007,28,5.96,10.34
178188,Active,285397,NA,NA,D,2,1,1248950.939,7.94,2008,52,4,7.94
178189,Active,193526,NA,NA,D,0,0,1128957.403,154,2009,50,4.35,63.23
178190,Active,595034,NA,NA,D,0,0,1196166.876,46,2010,20,6.58,46
178191,Active,3102453,NA,NA,D,2,1,4004004.589,70,2004,17,17.15,70
178192,Active,920512,NA,NA,D,0,0,654284.405,96.5,2003,55,4.93,42.99
178193,Active,416491,NA,NA,S,6,1,1303547.433,158.35,2007,50,5.29,13.24
178194,Active,110690,NA,NA,D,16,1,1716182.68,54.25,2010,27,3.88,16.94
178195,Active,870477,NA,NA,D,4,1,5184056.34,111,2006,28,4.6,54.67
178196,Active,416577,NA,NA,D,11,1,180187.4863,18.92,2007,91,4,17.99
178197,Active,119259,NA,NA,D,7,1,99831.23625,256,2012,85,5.28,24.96
178198,Active,52878,NA,NA,S,5,1,2395712.063,6.47,2004,71,3.99,6.47
178199,Active,550559,NA,NA,D,15,1,2618166.598,48.5,2008,24,4,7.63
178200,Active,592842,NA,NA,D,4,1,2733924.934,71,2010,14,2.68,7.99
178201,Active,643294,NA,NA,D,3,1,3821270.978,79,2004,16,6.57,14.99
178202,Active,137540,NA,NA,D,5,1,1040875.529,200.8,2008,43,5.26,58.21
178203,Active,913540,NA,NA,D,0,0,3776278.054,88.75,2012,30,4.95,43.63
178204,Active,157498,NA,NA,S,2,1,300431.7038,76.95,2010,38,6.33,23.99
178205,Active,52177,NA,NA,D,6,1,302647.5288,167.4,2011,107,4,21.97
178206,Active,664142,NA,NA,S,7,1,271862.6963,143.13,2013,35,16.84,63.99
178207,Active,178844,NA,NA,D,3,1,1445633.706,121.95,2005,66,4.2,10.75
178208,Active,537661,NA,NA,S,17,1,548828.1288,64,2012,34,7.63,46.21
178209,Active,165245,NA,NA,D,1,0,2716070.878,6.79,2003,32,3.98,5.26
178210,Active,52181,NA,NA,D,6,1,139813.0125,242.4,2009,89,4,18.36
178211,Active,117346,NA,NA,D,1,0,381486.5138,200,2007,77,4.34,18.99
178212,Active,52178,NA,NA,D,5,1,342413.2175,160,2009,118,4,13.65
178213,Active,609856,NA,NA,D,7,1,21899.29375,202,2013,129,10.01,106.95
178214,Active,715637,NA,NA,S,14,1,825504.9938,158.73,2012,27,14.59,117.53
178215,Active,55981,NA,NA,D,12,1,1030767.718,196,2008,69,4,25.11
178216,Active,57622,NA,NA,D,8,1,162258.7975,397.95,2011,103,5.87,61.87
178217,Active,57624,NA,NA,S,5,1,2954816.851,234.95,2001,35,4.57,11.95
178218,Active,57621,NA,NA,D,7,1,687669.2288,436.95,2008,83,4.58,28.99
178219,Active,286432,NA,NA,D,5,1,718685.0763,215.8,2008,74,4,29.96
178220,Active,115644,NA,NA,D,4,1,3016900.858,186.67,2003,37,4.14,11.99
178221,Active,247854,NA,NA,D,2,1,1149769.701,115,2007,33,4.13,33.41
178222,Active,52179,NA,NA,S,4,1,1540090.645,164.8,2005,56,4,5.09
178223,Active,193344,NA,NA,D,0,0,474775.0913,103.5,2005,22,4.76,47.65
178224,Active,142927,NA,NA,S,6,1,8907633.128,87,2003,10,9.81,22.83
178225,Active,193621,NA,NA,D,2,1,219483.5225,211,2010,67,5.19,18.99
178226,Active,574787,NA,NA,D,2,1,760111.64,44,2010,38,4,15.99
178227,Active,737770,NA,NA,D,8,1,1365607.68,39,2009,29,4,38.34
178228,Active,665145,NA,NA,D,9,1,248411.8375,43,2012,23,14.24,42.6
178229,Active,1476754,NA,NA,D,1,0,3474267.231,250,2014,17,62.55,182.72
178230,Active,143457,NA,NA,D,0,0,1334996.3,117,2003,14,20.85,53.99
178231,Active,902867,NA,NA,D,2,1,1006341.359,65,2008,11,7.49,65
178232,Active,738299,NA,NA,D,2,1,5426443.851,96,2002,10,4.57,53.91
178233,Active,143275,NA,NA,S,4,1,1430236.505,176,2009,21,6.67,112.61
178234,Active,289013,NA,NA,S,2,1,73152.835,45,2006,44,11.22,19.66
178235,Active,2233079,NA,NA,D,0,0,4006728.661,222,2006,12,201.32,166.31
178236,Active,114241,NA,NA,D,1,0,824568.6213,147.4,2002,60,4.12,45.89
178237,Active,529227,NA,NA,D,2,1,133011.405,153.2,2011,26,41.82,130.86
178238,Active,515793,NA,NA,D,2,1,1595128.165,95,2010,24,6.37,10.44
178239,Active,550564,NA,NA,S,1,0,78866.45,110.7,2010,37,20.46,43.98
178240,Active,128653,NA,NA,D,2,1,1124068.979,85,2008,17,5.98,53.99
178241,Active,915559,NA,NA,D,0,0,1980549.911,80,2003,33,4,21.99
178242,Active,1871313,NA,NA,S,3,1,625317.61,182,2010,35,8.48,52.64
178243,Active,249880,NA,NA,S,1,0,246137.82,154.95,2008,39,39.24,77.99
178244,Active,161684,NA,NA,S,1,0,529084.7488,65,2008,38,33.07,109.4
178245,Active,232194,NA,NA,D,3,1,159605.4875,80,2010,33,14.19,70.61
178246,Active,232193,NA,NA,D,2,1,303904.7288,75,2008,33,4.23,43.61
178247,Active,148458,NA,NA,S,5,1,38224.59375,201.95,2007,72,23.43,126.82
178248,Active,60496,NA,NA,D,4,1,939645.825,212.95,2001,81,4,20.84
178249,Active,2608039,NA,NA,D,4,1,4184629.409,79,2005,21,4.29,53.99
178250,Active,1583360,NA,NA,S,5,1,747454.35,74.99,2011,29,30.86,55.17
178251,Active,110572,NA,NA,D,15,1,31988.61125,283.5,2011,71,10.08,49.95
178252,Active,145692,NA,NA,D,8,1,76252.92,206.67,2008,63,6.96,31.04
178253,Active,543943,NA,NA,S,11,1,103700.2038,265.5,2013,65,6.9,80.73
178254,Active,60497,NA,NA,D,9,1,1171797.523,66.56,2007,50,4,43.48
178255,Active,876026,NA,NA,S,8,1,4402971.438,173.04,2009,41,39.06,118.96
178256,Active,148182,NA,NA,S,10,1,527485.1613,121.95,2005,22,4.48,23.94
178257,Active,173855,NA,NA,D,0,0,2887631.661,65,2006,24,4,10.27
178258,Active,110067,NA,NA,S,5,1,771023.5975,120.82,2008,38,9.59,0
178259,Active,108391,NA,NA,D,5,1,2032655.255,14.89,2005,59,4,10.6
178260,Active,285427,NA,NA,D,7,1,378231.8038,35.68,2009,66,3.84,23.87
178261,Active,290195,NA,NA,D,10,1,480132.5288,45.44,2009,35,4,39.3
178262,Active,120208,NA,NA,D,5,1,67249.1925,224.4,2010,74,9.66,88.17
178263,Active,192091,NA,NA,D,1,0,748585.7513,11.69,2007,74,4,27.42
178264,Active,53851,NA,NA,D,13,1,110178.6338,356.95,2010,45,12.77,43.97
178265,Active,50273,NA,NA,D,6,1,986954.7188,134.7,2003,37,4,9.34
178266,Active,50266,NA,NA,D,14,1,362353.4913,37.63,2008,104,4,28.98
178267,Active,53852,NA,NA,D,11,1,688225.0563,392.95,2006,48,4,7.37
178268,Active,110064,NA,NA,D,6,1,1183578.961,19.24,2007,56,4.54,20.94
178269,Active,145429,NA,NA,D,4,1,628047.2413,193.33,2007,41,4,43.83
178270,Active,53850,NA,NA,D,12,1,460379.0238,356.95,2008,80,4,53.45
178271,Active,50274,NA,NA,D,7,1,371397.7913,173.33,2006,44,4,18.98
178272,Active,50267,NA,NA,D,13,1,726688.5538,194.25,2006,63,4,13.99
178273,Active,3133200,NA,NA,D,1,0,2815410.839,33,2003,22,4,11.98
178274,Active,263384,NA,NA,S,1,0,438381.0525,42,2009,35,48.74,78.99
178275,Active,545793,NA,NA,D,2,1,207557.25,87,2012,41,4.79,8.98
178276,Active,592095,NA,NA,D,0,0,909398.49,62,2009,27,4.49,26.49
178277,Active,270077,NA,NA,D,4,1,565940.7875,219,2010,49,7.29,73.43
178278,Active,868669,NA,NA,D,3,1,946777.67,168,2006,27,7.48,18.99
178279,Active,143185,NA,NA,S,3,1,1457107.335,37,2007,17,4.94,19.92
178280,Active,670901,NA,NA,S,4,1,438716.7075,43,2011,13,14.36,42.94
178281,Active,627854,NA,NA,S,4,1,75901.78875,46,2013,40,18.57,30.69
178282,Active,263369,NA,NA,D,0,0,2013298.505,70,2006,33,3.99,39.75
178283,Active,284335,NA,NA,D,0,0,1111928.758,98,2010,38,5.34,79.85
178284,Active,157654,NA,NA,S,5,1,396445.7788,78.95,2009,27,21.9,26.98
178285,Active,3713142,NA,NA,D,10,1,3231133.05,0,1900,6,40.98,44.99
178286,Active,392836,NA,NA,D,17,1,2569219.955,164,2010,15,5.83,58.99
178287,Active,600808,NA,NA,D,19,1,1425750.418,217,2012,19,16.89,82.43
178288,Active,600164,NA,NA,S,18,1,2233677.695,180,2011,15,27.8,42.99
178289,Active,148634,NA,NA,D,9,1,740580.935,193.95,2008,41,4,5.34
178290,Active,50822,NA,NA,D,6,1,51470.8775,58.98,2011,97,11.52,47.97
178291,Active,178713,NA,NA,S,10,1,742261.13,264.95,2010,39,9.79,56.29
178292,Active,50813,NA,NA,D,10,1,201576.3788,291.95,2009,75,8.19,50.28
178293,Active,118326,NA,NA,S,2,1,30320.4,297.2,2011,66,65.81,79.94
178294,Active,50811,NA,NA,S,8,1,1556720.988,203.95,2005,31,4.34,78.75
178295,Active,50821,NA,NA,D,5,1,419372.155,23.91,2008,92,4.82,21.16
178296,Active,421324,NA,NA,D,1,0,118817.2725,233.33,2008,31,8.12,42.84
178297,Active,50820,NA,NA,D,4,1,997686.975,11.11,2005,64,4,10.98
178298,Active,272098,NA,NA,D,3,1,4182566.619,77.99,2007,22,4.97,28.34
178299,Active,904663,NA,NA,D,4,1,3628551.086,79.99,2009,27,5.72,32.06
178300,Active,861440,NA,NA,S,4,1,1775782.115,40.75,2014,15,21.88,44.22
178301,Active,529219,NA,NA,S,3,1,810983.1538,43.95,2012,30,10.22,32.64
178302,Active,529217,NA,NA,D,2,1,341176.1713,100,2012,25,19.38,54.79
178303,Active,162563,NA,NA,D,1,0,706451.6825,95,2008,28,5.54,33.49
178304,Active,541853,NA,NA,D,2,1,817622.1163,45,2012,29,4.99,21.57
178305,Active,162564,NA,NA,D,1,0,444767.0425,39.95,2008,18,6.95,83.52
178306,Active,1558548,NA,NA,D,0,0,2240920.111,295,2012,17,41.04,121.87
178307,Active,793795,NA,NA,D,1,0,2913112.05,114.95,2003,13,18.38,43.99
178308,Active,254363,NA,NA,D,0,0,2702695.331,119,2010,17,81.99,99.5
178309,Active,157502,NA,NA,D,2,1,263117.6988,54.95,2008,26,9.87,43.94
178310,Active,901758,NA,NA,D,0,0,4468569.834,83.95,1994,21,4.44,46.09
178311,Active,227621,NA,NA,D,2,1,463901.4688,100.95,2008,19,15,62.55
178312,Active,148387,NA,NA,D,4,1,991589.1663,151.95,2004,28,4,8.99
178313,Active,157758,NA,NA,D,4,1,103968.9288,91.95,2011,59,7.39,61.05
178314,Active,300641,NA,NA,D,3,1,1110957.77,83,2010,28,5.32,10.66
178315,Active,612129,NA,NA,S,6,1,73745.1475,74.99,2013,44,46.99,73.33
178316,Active,326194,NA,NA,D,0,0,2041585.935,115,2006,27,4,78.45
178317,Active,337029,NA,NA,D,3,1,1409616.704,79.95,2008,34,4.49,122.67
178318,Active,148615,NA,NA,D,5,1,288779.2038,175.95,2007,74,4,26.83
178319,Active,543224,NA,NA,S,4,1,115486.2125,40,2012,53,20.57,22.62
178320,Active,663209,NA,NA,S,2,1,184292.725,54.95,2013,51,24.84,37.67
178321,Active,143229,NA,NA,S,4,1,342723.9813,43,2009,22,25.08,25.71
178322,Active,287275,NA,NA,S,3,1,493674.1975,97.95,2007,55,8.13,42.99
178323,Active,1702262,NA,NA,D,0,0,468436.7088,115,2013,29,5.98,22.31
178324,Active,142956,NA,NA,D,0,0,1683924.746,154.5,2006,22,7.43,81.55
178325,Active,639355,NA,NA,D,0,0,2335088.535,146,2007,15,4,41.29
178326,Active,650902,NA,NA,D,2,1,1428207.326,219,2011,24,5.26,9.99
178327,Active,581697,NA,NA,S,2,1,1630438.62,206,2008,33,6.97,43.85
178328,Active,130196,NA,NA,S,5,1,292687.9725,66.67,2003,65,4,13.98
178329,Active,193472,NA,NA,D,2,1,1291506.039,146,2006,34,4,92.99
178330,Active,287307,NA,NA,S,3,1,302121.1325,85,2010,29,16.61,72.85
178331,Active,128587,NA,NA,D,2,1,4763778.02,90,2002,22,4.31,49.43
178332,Active,128584,NA,NA,S,3,1,983587.35,89.95,2009,29,26.45,57.55
178333,Active,128972,NA,NA,D,2,1,3641943.728,39.95,2004,25,4,34.44
178334,Active,2473822,NA,NA,S,2,1,6053656.308,70.85,1990,15,4.7,46.99
178335,Active,193539,NA,NA,D,5,1,814956.9563,148,2007,34,4,12.23
178336,Active,193709,NA,NA,D,3,1,107335.6375,201,2010,83,5.61,12.99
178337,Active,556282,NA,NA,D,2,1,2637851.141,79.95,2006,23,6.34,60.66
178338,Active,2247824,NA,NA,D,3,1,843236.7,38.99,2006,28,6.48,38.99
178339,Active,288398,NA,NA,D,3,1,847397.4963,170,2006,43,4,8.99
178340,Active,143285,NA,NA,D,4,1,383899.7263,216,2010,77,5.98,62.99
178341,Active,143255,NA,NA,D,5,1,98668.65125,225,2009,64,5.99,181.86
178342,Active,288446,NA,NA,S,4,1,641145.6913,142,2001,27,7.2,57.03
178343,Active,1581444,NA,NA,D,0,0,2342635.376,155,2011,19,24.08,34.08
178344,Active,595067,NA,NA,D,6,1,303719.2838,82,2012,39,11.27,66.98
178345,Active,1587766,NA,NA,D,0,0,1343292.363,53.5,2006,27,22.69,65.94
178346,Active,1588215,NA,NA,D,0,0,3001219.024,26.75,2006,12,26.04,27.81
178347,Active,529207,NA,NA,S,2,1,1726542.103,47.75,2011,19,34.08,40.97
178348,Active,3796193,NA,NA,D,5,1,3815992.2,72,2006,26,6.77,56.35
178349,Active,218036,NA,NA,S,2,1,778425.13,79.95,2002,16,11.66,58.23
178350,Active,244047,NA,NA,D,3,1,184718.315,165.95,2010,38,12.66,63.98
178351,Active,55222,NA,NA,D,1,0,581905.6675,30.13,2007,27,4,27.04
178352,Active,252719,NA,NA,D,2,1,140907.2925,58.33,2011,63,6.48,42.81
178353,Active,157697,NA,NA,D,4,1,247853.0438,70.95,2010,45,4.13,39.83
178354,Active,50961,NA,NA,D,8,1,27992.1425,99.99,2011,122,7.18,43.99
178355,Active,119094,NA,NA,D,7,1,1553182.383,66.46,2010,24,4.37,52.76
178356,Active,699027,NA,NA,D,7,1,2461068.643,12.53,2008,21,4.81,16.82
178357,Active,184396,NA,NA,S,4,1,5395915.216,61.95,2000,25,4,20.03
178358,Active,109610,NA,NA,S,2,1,326196.3113,40.97,2008,52,6.33,50.21
178359,Active,183231,NA,NA,D,3,1,907072.1438,213.95,2005,40,4,6.93
178360,Active,50960,NA,NA,D,7,1,876842.8338,10.17,2008,93,4,10.34
178361,Active,107663,NA,NA,S,5,1,1187388.264,49.95,2002,34,4.22,52.9
178362,Active,697386,NA,NA,S,6,1,3128159.311,38.98,2005,22,4.72,38.98
178363,Active,50959,NA,NA,D,6,1,2209998.674,12.39,2005,48,4,10.3
178364,Active,50984,NA,NA,D,6,1,947806.395,206.67,2007,81,4,8.1
178365,Active,697901,NA,NA,S,13,1,1682933.2,70.94,2007,37,4.77,51.85
178366,Active,50341,NA,NA,D,7,1,3313193.949,236.95,2003,29,4,6.98
178367,Active,538049,NA,NA,S,8,1,2026358.475,153.95,1999,36,4,81.84
178368,Active,137535,NA,NA,D,6,1,1359174.834,129,2008,46,5.39,25.44
178369,Active,137499,NA,NA,D,5,1,3691942.391,120,2005,31,4.34,36.99
178370,Active,53368,NA,NA,D,14,1,421932.6663,48.04,2008,114,4,43.61
178371,Active,50343,NA,NA,D,9,1,745996.41,431.95,2009,68,4.52,18.99
178372,Active,53365,NA,NA,S,12,1,1827339.099,96.74,2004,32,4.35,31.99
178373,Active,119324,NA,NA,D,3,1,8006041.106,170.67,1996,22,6.34,19.97
178374,Active,669033,NA,NA,S,10,1,190868.8175,113.7,2012,31,38.99,113.53
178375,Active,50342,NA,NA,D,8,1,809502.945,342.95,2006,28,4.86,22.22
178376,Active,53367,NA,NA,D,13,1,1098383.749,9.93,2006,88,4,6.75
178377,Active,53366,NA,NA,S,12,1,1162610.1,207.5,2004,52,4,5.99
178378,Active,272101,NA,NA,D,5,1,1726808.936,75.95,2008,21,6.39,60.14
178379,Active,272080,NA,NA,D,4,1,2588682.239,55.99,2004,23,4.77,19.98
178380,Active,263365,NA,NA,D,1,0,515285.3688,79,2006,42,6.09,79.95
178381,Active,600843,NA,NA,D,1,0,49006.74125,82,2011,31,64.88,67.97
178382,Active,529201,NA,NA,D,1,0,337287.2675,78,2009,43,57.31,94.49
178383,Active,147818,NA,NA,D,0,0,4141572.455,216.95,2001,20,4,42.37
178384,Active,148205,NA,NA,D,0,0,1544878.223,168.95,2004,16,4.13,10.88
178385,Active,2414998,NA,NA,D,1,0,5760625.741,475,2000,14,83.72,149.57
178386,Active,184282,NA,NA,S,3,1,445735.875,89.95,2000,36,5.48,42.98
178387,Active,130163,NA,NA,D,7,1,839375.4513,86.67,2003,33,4,26.3
178388,Active,145223,NA,NA,S,2,1,726372.02,122.6,2005,33,25.02,110.99
178389,Active,637804,NA,NA,S,2,1,724599.645,48,2011,24,9.36,14
178390,Active,285931,NA,NA,S,2,1,485206.5463,173.33,2004,49,4,38.99
178391,Active,564982,NA,NA,S,1,0,182287.1013,104.95,2012,33,15.93,23.99
178392,Active,156890,NA,NA,D,3,1,1135455.474,56.95,2001,23,4,23.99
178393,Active,114210,NA,NA,S,7,1,691910.665,201.6,2001,54,4,23.99
178394,Active,660798,NA,NA,S,2,1,132233.4625,49.99,2013,34,25.35,37.1
178395,Active,130543,NA,NA,S,5,1,184057.0125,95.95,2011,40,43.49,53.99
178396,Active,266108,NA,NA,S,2,1,235171.4225,35,2009,55,7.09,28.32
178397,Active,276980,NA,NA,D,1,0,1174615.518,65,2003,21,4,108.31
178398,Active,263366,NA,NA,D,1,0,766377.8988,79,2006,27,47.62,116.95
178399,Active,263354,NA,NA,D,1,0,1796104.061,78,2003,17,13.58,97.64
178400,Active,868683,NA,NA,D,1,0,45655.21,112,2015,22,92.88,103.42
178401,Active,635801,NA,NA,S,1,0,1108143.739,68,2009,24,18.93,0
178402,Active,123869,NA,NA,S,2,1,4289178.021,63.95,1996,31,4,45.95
178403,Active,124039,NA,NA,S,3,1,528231.2188,109.95,2002,26,4,66.35
178404,Active,561012,NA,NA,S,8,1,537107.6938,83.4,2006,70,4,39.93
178405,Active,866902,NA,NA,D,12,1,14270.8625,120.8,2014,109,9.03,43.97
178406,Active,53530,NA,NA,D,9,1,241747.485,89.8,2008,72,4,41.6
178407,Active,53531,NA,NA,D,10,1,576512.1263,90.6,2010,77,4,32.98
178408,Active,594903,NA,NA,S,0,0,78931.6,107,2013,29,51.94,86.2
178409,Active,156751,NA,NA,D,2,1,2548310.138,44.95,2004,24,4,16.49
178410,Active,157550,NA,NA,S,3,1,452606.2413,53.95,2011,30,22.65,43.56
178411,Active,109358,NA,NA,D,11,1,4228783.396,602.99,2006,28,4,24.99
178412,Active,108881,NA,NA,S,10,1,2954114.845,83.5,2004,19,6.35,24.09
178413,Active,110135,NA,NA,S,8,1,58174.18,150.75,2009,65,12.68,38.99
178414,Active,55114,NA,NA,S,12,1,51632.08875,206.25,2007,76,15.09,41.07
178415,Active,108483,NA,NA,D,10,1,1773904.466,71.25,2004,49,4,23.93
178416,Active,55113,NA,NA,D,11,1,2256415.69,95.5,2006,51,4,4
178417,Active,3786517,NA,NA,D,2,1,3935267,70,1995,9,10.53,0
178418,Active,3786527,NA,NA,D,3,1,3365075.5,70,1999,30,12.66,67.91
178419,Active,183592,NA,NA,D,2,1,2214133.595,12.24,2007,43,4,11.99
178420,Active,529192,NA,NA,D,4,1,123635.5963,142.95,2012,52,4.79,47.59
178421,Active,129237,NA,NA,S,2,1,894573.735,45,2011,35,7.81,38.2
178422,Active,120629,NA,NA,D,4,1,428616.2163,145.8,2008,47,4.77,22.96
178423,Active,552627,NA,NA,D,3,1,2285708.119,110,2006,24,4,10.08
178424,Active,52233,NA,NA,S,5,1,792481.6975,93.2,2009,44,4,19.97
178425,Active,632089,NA,NA,D,1,0,82797.53875,107.95,2012,38,15.45,0
178426,Active,53084,NA,NA,D,10,1,41873.7975,140.6,2011,63,10.15,53.96
178427,Active,169979,NA,NA,D,3,1,483947.6013,157.95,2009,55,4,21.98
178428,Active,600453,NA,NA,S,1,0,54824.8,61,2009,48,10.44,27.38
178429,Active,2691479,NA,NA,D,0,0,1785717.884,37.95,2005,21,4,20.2
178430,Active,195142,NA,NA,D,0,0,715761.0963,39.95,2008,47,4,22.35
178431,Active,2416185,NA,NA,D,0,0,716452.19,84.95,2004,47,5.25,42.07
178432,Active,564651,NA,NA,D,2,1,3150037.651,44.95,2005,29,4,48.51
178433,Active,1928926,NA,NA,S,2,1,1235604.018,46,2013,19,18.14,30.74
178434,Active,557107,NA,NA,S,3,1,1498175.863,129,1998,52,3.7,43.77
178435,Active,157670,NA,NA,D,3,1,915605.8075,45.95,2009,32,4.05,39.74
178436,Active,276977,NA,NA,D,1,0,665452.1463,72.5,2003,49,4.35,28.99
178437,Active,263362,NA,NA,D,1,0,140738.4538,120,2006,42,33.06,73.99
178438,Active,263373,NA,NA,D,1,0,2733635.336,130,2007,14,25.94,39.99
178439,Active,149221,NA,NA,D,0,0,4600620.144,38,2001,20,5.23,28.79
178440,Active,247579,NA,NA,D,1,0,1369346.334,103,2005,35,4.14,25.94
178441,Active,127031,NA,NA,S,2,1,149794.7825,47.95,2008,52,12.76,31.64
178442,Active,627374,NA,NA,S,1,0,73236.575,99,2011,26,57.98,85.98
178443,Active,637626,NA,NA,S,27,1,1154537.396,31.99,2013,24,4,4.4
178444,Active,901639,NA,NA,D,2,1,3981306.336,37.24,2005,14,4,100.57
178445,Active,217302,NA,NA,D,0,0,1272367.555,55,2007,71,4,11.89
178446,Active,535986,NA,NA,D,2,1,207967.2438,55,2012,73,4,10.67
178447,Active,867317,NA,NA,S,3,1,50708.0975,54,2014,46,18.19,23.98
178448,Active,737743,NA,NA,D,8,1,1056394.629,38,2008,27,4,37.13
178449,Active,737769,NA,NA,D,4,1,2323959.429,39,2008,16,4.6,12.61
178450,Active,737278,NA,NA,D,3,1,4160380.278,30,2004,18,4,40.39
178451,Active,565924,NA,NA,S,1,0,48307.575,168.25,2012,19,43.94,34.17
178452,Active,298748,NA,NA,D,1,0,234305.3863,58.87,2007,42,4,33.97
178453,Active,574788,NA,NA,D,0,0,2452527.744,35.5,2009,16,4.77,13.99
178454,Active,867287,NA,NA,D,2,1,502854.285,48,2012,37,13.09,26.98
178455,Active,893628,NA,NA,S,3,1,1799028.571,75,2007,14,21.36,193.99
178456,Active,545174,NA,NA,D,2,1,57711.5225,70.5,2010,63,6.77,67.61
178457,Active,118798,NA,NA,D,6,1,1028619.875,81.2,2007,83,4,7.99
178458,Active,118318,NA,NA,D,7,1,354205.5313,74.67,2011,63,4,33.84
178459,Active,907615,NA,NA,D,0,0,4180087.735,95,2005,23,4,5.29
178460,Active,116647,NA,NA,D,3,1,581973.9525,113,2003,35,4,27.55
178461,Active,607349,NA,NA,D,4,1,627909.1875,156.6,2007,55,4,27.99
178462,Active,118695,NA,NA,S,4,1,534335.0438,114.4,2006,31,10.47,50.47
178463,Active,529182,NA,NA,S,2,1,862279.9075,90,2006,27,4.39,16.97
178464,Active,178955,NA,NA,S,6,1,911868.1413,125.95,2009,53,3.98,71.59
178465,Active,198455,NA,NA,D,2,1,601185.47,201.95,2007,28,4.69,17.93
178466,Active,1660373,NA,NA,D,2,1,460736.56,64.95,2007,30,4,20.51
178467,Active,544416,NA,NA,S,3,1,47735.785,123.95,2012,81,38.76,66.54
178468,Active,609614,NA,NA,D,4,1,2197366.484,56.95,2008,35,3.43,5.97
178469,Active,861444,NA,NA,S,7,1,47516.49625,70.95,2013,80,9.98,20.15
178470,Active,178969,NA,NA,D,5,1,813758.8213,69.95,2009,47,3.79,7.95
178471,Active,800277,NA,NA,S,2,1,2366874.244,50,2007,33,4,50
178472,Active,299740,NA,NA,S,2,1,135490.9838,74,2000,50,15.97,57.72
178473,Active,3711024,NA,NA,S,2,1,89282.7,99.95,2015,10,59.22,55.38
178474,Active,2040391,NA,NA,D,0,0,2438898.249,88.75,2008,23,8.98,63.95
178475,Active,641611,NA,NA,D,0,0,854356.1075,60,2008,46,4,50.32
178476,Active,118339,NA,NA,S,3,1,1898921.828,65,1995,81,4,8.94
178477,Active,113845,NA,NA,D,4,1,270998.7988,75,2000,75,4,16.41
178478,Active,117750,NA,NA,D,5,1,343056.5988,124.8,2005,20,18.72,79.93
178479,Active,121897,NA,NA,S,3,1,620373.4463,189.8,1998,50,4,46.08
178480,Active,133375,NA,NA,D,6,1,136370.1,122.8,2010,37,10.3,44.01
178481,Active,60967,NA,NA,D,4,1,490419.64,77.4,2004,45,4,23.75
178482,Active,533930,NA,NA,D,5,1,119223.2488,101.2,2007,50,4,47.51
178483,Active,2255191,NA,NA,D,1,0,1252683.014,72.22,2007,42,5.57,45.64
178484,Active,609857,NA,NA,D,7,1,10827.7725,173,2013,118,16.4,67.39
178485,Active,879136,NA,NA,S,6,1,1771638.525,141.87,2010,25,22.06,65.9
178486,Active,50258,NA,NA,D,5,1,571564.6913,71.95,2003,46,4,9.98
178487,Active,132394,NA,NA,D,6,1,153132.2913,130.2,2008,63,5.05,33.99
178488,Active,131860,NA,NA,D,5,1,1787197.62,97.2,2004,50,4,73.13
178489,Active,1946578,NA,NA,S,1,0,265951.6888,87,2014,37,21.92,38.97
178490,Active,130443,NA,NA,D,13,1,42588.95625,161,2012,125,7.38,23.74
178491,Active,56410,NA,NA,D,12,1,208136.7688,130,2008,98,4,33.5
178492,Active,287561,NA,NA,D,5,1,337301.8238,135.2,2007,94,4,44.23
178493,Active,53527,NA,NA,D,6,1,300571.57,209.95,2009,109,4,49.94
178494,Active,54698,NA,NA,D,1,0,536914.8963,111.67,2008,176,4,32.98
178495,Active,132004,NA,NA,D,1,0,2689574.449,100.2,2007,24,4,8.98
178496,Active,132823,NA,NA,S,2,1,135403.8938,164,2009,48,35.33,99.08
178497,Active,564943,NA,NA,S,1,0,74557.59625,89.95,2013,34,40.07,52.99
178498,Active,129484,NA,NA,S,7,1,27953.25125,103.95,2011,61,37.99,69.94
178499,Active,53529,NA,NA,D,5,1,475421.135,157.95,2006,97,4,8.57
178500,Active,50259,NA,NA,D,6,1,195364.7075,84.95,2007,80,4,19.24
178501,Active,132853,NA,NA,D,6,1,263826.2188,135.2,2010,106,4,33.97
178502,Active,110243,NA,NA,D,8,1,86964.8325,103.24,2010,48,38.64,115.55
178503,Active,537883,NA,NA,D,7,1,145771.7625,17.98,2005,70,4,13.98
178504,Active,261410,NA,NA,S,2,1,694108.9363,49,2002,21,25.98,40.86
178505,Active,612461,NA,NA,S,3,1,734978.1313,64,2013,21,18.48,22.09
178506,Active,540144,NA,NA,D,3,1,56324.74625,93.4,2013,86,9.6,58.99
178507,Active,132895,NA,NA,D,2,1,239732.2113,73,2010,119,4,42.07
178508,Active,557321,NA,NA,D,1,0,1432638.856,105.4,2007,64,4,12.99
178509,Active,2619483,NA,NA,D,3,1,303491.5363,70.95,1996,47,4,16.86
178510,Active,2618476,NA,NA,D,2,1,1310117.06,83.95,1991,53,4,53.94
178511,Active,176764,NA,NA,S,4,1,138979.095,91.95,1999,54,8.18,36.87
178512,Active,169933,NA,NA,D,6,1,13371.985,213.95,2010,46,88.99,105.99
178513,Active,177312,NA,NA,D,5,1,86938.8725,123.95,2005,38,34.25,92.06
178514,Active,170008,NA,NA,S,6,1,128836.5613,95.95,2010,24,77.19,73.99
178515,Active,649817,NA,NA,S,2,1,146527.93,54.95,2012,47,44.97,47.18
178516,Active,299566,NA,NA,D,1,0,1588950.054,90,2003,33,4.45,45.31
178517,Active,285971,NA,NA,S,2,1,248122.6425,141.8,2004,51,19.09,116.98
178518,Active,868093,NA,NA,D,1,0,998123.0813,83.6,1998,22,4,4.99
178519,Active,112051,NA,NA,D,4,1,249407.4075,42.56,2011,57,5.41,61.22
178520,Active,110394,NA,NA,D,3,1,1114721.246,10.94,2008,52,4,10.37
178521,Active,108442,NA,NA,D,2,1,1519989.266,49.51,2005,47,4,50.07
178522,Active,129483,NA,NA,D,12,1,5064.4775,95.95,2012,185,5.53,31.75
178523,Active,913341,NA,NA,D,0,0,1376444.695,70.34,2009,70,5.92,29.83
178524,Active,50242,NA,NA,S,9,1,1310338.821,71.95,2003,84,3,11.99
178525,Active,50244,NA,NA,D,11,1,307114.0375,84.95,2009,186,4,24.49
178526,Active,273078,NA,NA,D,0,0,963645.1925,49.95,2005,17,6.87,18.38
178527,Active,226054,NA,NA,D,2,1,1330011.616,99.95,1998,21,17.95,31.18
178528,Active,276936,NA,NA,S,2,1,234720.1513,52.95,2003,56,19,29.01
178529,Active,268049,NA,NA,S,0,0,1178730.554,9.95,2005,82,3.82,4.66
178530,Active,923705,NA,NA,S,1,0,762242.725,7.99,2006,162,4,8.43
178531,Active,204026,NA,NA,D,3,1,1001012.218,86.99,2008,22,19.26,66.51
178532,Active,573609,NA,NA,D,0,0,765266.2413,19.95,2000,29,4.71,23.87
178533,Active,141920,NA,NA,S,8,1,396733.845,42.74,2008,26,40.06,47.88
178534,Active,529175,NA,NA,S,3,1,195531.6113,49.95,2004,21,28.97,49.95
178535,Active,667506,NA,NA,S,0,0,158159.6738,63,2009,28,25.54,35.88
178536,Active,113569,NA,NA,D,3,1,5785505.835,34.4,2003,16,4,10.96
178537,Active,529174,NA,NA,S,6,1,43316.96375,54.8,2012,41,27.54,47.92
178538,Active,120860,NA,NA,D,5,1,888128.9863,63.2,2009,36,4,30.04
178539,Active,547064,NA,NA,D,5,1,757098.6313,42.5,2007,87,4,23.99
178540,Active,924428,NA,NA,S,7,1,134326.4725,57.5,2014,27,33.98,57.44
178541,Active,275602,NA,NA,D,6,1,164527.7563,71.25,2010,112,4,28.99
178542,Active,724801,NA,NA,D,3,1,4976330.333,49.95,2004,24,4,17.19
178543,Active,724800,NA,NA,S,3,1,4063044.573,45,2011,35,4,12.93
178544,Active,249925,NA,NA,D,7,1,271048.6163,181.95,2006,56,25.46,93.39
178545,Active,202319,NA,NA,S,6,1,1279427.113,189.95,2001,44,4,52.45
178546,Active,877085,NA,NA,S,5,1,3404669.898,100.95,1994,39,4,23.5
178547,Active,199497,NA,NA,S,2,1,2028095.44,46.95,2001,35,4.55,21.73
178548,Active,594534,NA,NA,S,2,1,1255350.363,58,2012,23,6.7,33.99
178549,Active,2577816,NA,NA,S,2,1,620243.1513,197.25,1991,59,4,25.99
178550,Active,106119,NA,NA,S,5,1,85685.825,54,2006,54,6.86,21.2
178551,Active,252031,NA,NA,D,8,1,1287407.534,136.95,2008,18,5.03,21.94
178552,Active,2721932,NA,NA,S,2,1,610085.2288,72,2001,23,4.6,55.58
178553,Active,247912,NA,NA,D,2,1,695038.475,88,2007,64,4.98,65.74
178554,Active,633411,NA,NA,S,1,0,1092767.634,95.95,2006,33,4.49,48.14
178555,Active,53845,NA,NA,D,8,1,128089.8438,191.95,2007,62,12.36,22.09
178556,Active,529170,NA,NA,S,3,1,27640.65,48,2012,41,25.8,29.98
178557,Active,132620,NA,NA,D,2,1,337761.63,40.99,2008,55,7.75,28.94
178558,Active,636330,NA,NA,D,1,0,1131096.315,99,2002,19,17.7,100.19
178559,Active,159568,NA,NA,D,2,1,2483787.108,89.95,2005,18,11.89,49.89
178560,Active,869531,NA,NA,D,1,0,4046802.604,54.95,2000,18,5.57,72.77
178561,Active,256287,NA,NA,D,0,0,862470.6325,54.95,2007,21,10.03,61.49
178562,Active,621964,NA,NA,S,1,0,33022.075,79.95,2010,36,28.44,61.48
178563,Active,118982,NA,NA,S,1,0,178135.905,39.6,2011,45,24.09,26.04
178564,Active,54203,NA,NA,D,13,1,61495.0175,27.49,2010,68,8.39,27.49
178565,Active,655698,NA,NA,S,12,1,529099.2538,72.5,2008,17,36.13,91.1
178566,Active,606849,NA,NA,S,10,1,1502124.243,55.93,2002,47,3.99,7.74
178567,Active,623810,NA,NA,D,7,1,119314.2863,243.95,2012,42,38.7,158.99
178568,Active,60501,NA,NA,D,5,1,1219066.636,138.95,2002,60,4,11.98
178569,Active,637277,NA,NA,S,3,1,444356.0775,46,2005,26,41.7,43.99
178570,Active,55971,NA,NA,D,2,1,3709424.021,73.95,2003,28,4,17.04
178571,Active,55973,NA,NA,D,4,1,709737.1575,120.95,2010,36,5.72,19.98
178572,Active,55972,NA,NA,D,3,1,978661.9738,85.95,2007,28,5.69,44.01
178573,Active,214326,NA,NA,S,3,1,177420.5163,22.95,2005,36,6.39,25.99
178574,Active,54202,NA,NA,D,12,1,432463.71,17,2007,82,4,20.97
178575,Active,904942,NA,NA,D,1,0,2522601.61,69.12,1998,20,4.1,66.31
178576,Active,54201,NA,NA,D,11,1,1402013.365,34.99,2005,48,4,28.97
178577,Active,261307,NA,NA,S,1,0,580050.71,75,1999,59,4,6.08
178578,Active,169522,NA,NA,D,3,1,139788.7775,187.95,2007,32,18.95,73.09
178579,Active,60502,NA,NA,D,2,1,506405.0525,81.95,2001,60,4,13.99
178580,Active,169370,NA,NA,D,3,1,379629.795,164.95,2007,45,3.99,14.55
178581,Active,60503,NA,NA,D,3,1,306981.2575,171.95,2007,56,4,43.37
178582,Active,763686,NA,NA,S,4,1,1081691.708,98.95,1997,52,4,28.99
178583,Active,763373,NA,NA,S,3,1,2477282.811,83.95,1997,43,4.14,10.65
178584,Active,366220,NA,NA,D,2,1,252008.0488,64,2008,30,22.78,40.62
178585,Active,867656,NA,NA,S,3,1,58952.74375,65,2014,31,43.9,51.98
178586,Active,198928,NA,NA,S,0,0,307192.3613,113,1997,43,13.77,78.3
178587,Active,2253187,NA,NA,D,5,1,6785413.568,31.43,2008,26,6.6,29.6
178588,Active,112059,NA,NA,D,6,1,25419.42875,207.5,2011,101,5.56,75.43
178589,Active,130838,NA,NA,D,0,0,1608292.041,81,2000,38,3,28.59
178590,Active,51076,NA,NA,D,5,1,133188.4163,23.86,2008,94,4,22.98
178591,Active,154427,NA,NA,D,1,0,633054.0025,26.88,2010,54,4.98,22.92
178592,Active,108701,NA,NA,D,6,1,3537823.906,13.94,2007,15,4.77,12.99
178593,Active,110669,NA,NA,D,7,1,260347.8563,18.37,2006,63,4,19.77
178594,Active,534072,NA,NA,D,6,1,2618376.771,79.68,2005,26,4,20.82
178595,Active,51075,NA,NA,S,4,1,921373.6488,4.92,2006,53,3.98,15.24
178596,Active,2601993,NA,NA,D,0,0,3835771.35,38.99,1997,22,5.94,78.91
178597,Active,2349375,NA,NA,D,4,1,1281964.776,59.95,2002,18,8.99,53.97
178598,Active,1437240,NA,NA,S,6,1,97922.59875,75,2012,18,40.22,45.42
178599,Active,147615,NA,NA,S,0,0,800314.5713,46.95,2011,79,4,4.93
178600,Active,1839214,NA,NA,D,1,0,2539931.185,56.99,2007,22,3.43,42.97
178601,Active,118411,NA,NA,D,2,1,624267.8475,84,2006,36,4,7.55
178602,Active,114839,NA,NA,D,1,0,1961080.954,66.2,2003,28,4,7.91
178603,Active,655080,NA,NA,S,4,1,105448.7775,151.33,2013,59,19.68,20.92
178604,Active,1516912,NA,NA,S,4,1,252058.9863,166,2013,36,50.83,130.7
178605,Active,51979,NA,NA,D,2,1,855010.3938,144,2005,164,4,16.11
178606,Active,146406,NA,NA,S,3,1,1301940.559,114,2011,27,5.82,32
178607,Active,51980,NA,NA,D,3,1,21748.63875,155.2,2008,191,6.48,43.99
178608,Active,2258132,NA,NA,S,3,1,733211.5488,40.77,2009,49,7.81,35.26
178609,Active,1453223,NA,NA,S,9,1,316001.685,164.4,2013,16,27.39,138.97
178610,Active,810173,NA,NA,S,3,1,170726.825,154.95,2009,23,14.75,54.13
178611,Active,2063235,NA,NA,S,4,1,204764.625,63.95,2010,15,29.53,178.41
178612,Active,2355030,NA,NA,D,2,1,1032738.009,126.38,2004,12,10.23,146.11
178613,Active,529151,NA,NA,D,3,1,2921367.894,7.98,2005,36,4,7.98
178614,Active,112055,NA,NA,D,5,1,118670.695,161.5,2010,68,4,28.86
178615,Active,110402,NA,NA,D,4,1,1014725.144,23.96,2007,80,4,22.7
178616,Active,893260,NA,NA,S,2,1,167778.5725,52.95,2014,36,19.73,42.87
178617,Active,914400,NA,NA,S,0,0,963514.64,117.5,2007,30,4.97,21.99
178618,Active,112226,NA,NA,S,2,1,1259474.188,107.25,2004,39,5.45,13.72
178619,Active,1780634,NA,NA,S,1,0,295690.8075,49.99,2014,38,10.43,28.01
178620,Active,628261,NA,NA,S,2,1,701599.105,39.99,2011,41,20.69,57.99
178621,Active,161940,NA,NA,D,1,0,545062.675,39.99,2007,52,6.78,14.89
178622,Active,246577,NA,NA,S,1,0,153947.9413,51.95,2010,24,27.31,33.01
178623,Active,247839,NA,NA,D,0,0,419238.73,70,2010,72,4,8.89
178624,Active,545792,NA,NA,D,2,1,22941.1875,90,2013,81,7.59,61.85
178625,Active,2746253,NA,NA,S,2,1,1947876.02,17.26,2003,39,4,16.48
178626,Active,2258118,NA,NA,S,4,1,319138.5088,67.74,2010,26,13.94,58.12
178627,Active,109710,NA,NA,D,3,1,668345.3075,7.99,2006,51,4,6.99
178628,Active,110240,NA,NA,D,4,1,40826.11875,73.7,2009,60,7.21,54.38
178629,Active,296508,NA,NA,D,1,0,737203.6275,79.95,2008,71,4,7.48
178630,Active,271026,NA,NA,D,2,1,114956.07,109,2011,116,4,12.98
178631,Active,533614,NA,NA,S,5,1,26651.76375,163,2011,77,46.98,66.99
178632,Active,109742,NA,NA,D,3,1,690993.1038,75.95,2006,39,4.26,50.47
178633,Active,53104,NA,NA,D,4,1,104494.0875,61.61,2008,67,7.47,44.18
178634,Active,53105,NA,NA,D,2,1,1436031.803,23.4,2003,46,4,9.1
178635,Active,53103,NA,NA,D,3,1,1022565.393,15.99,2006,38,4,13.99
178636,Active,1845444,NA,NA,S,2,1,479707.6588,51.95,2008,31,7.97,38.34
178637,Active,2030842,NA,NA,D,0,0,63861.19,25,2012,24,18.85,23.98
178638,Active,265708,NA,NA,D,1,0,810099.6938,74.95,2009,51,4.74,0
178639,Active,167345,NA,NA,D,0,0,3135937.276,75,2006,22,4.76,36.98
178640,Active,529147,NA,NA,D,2,1,1512734.48,85,2009,40,4,13.99
178641,Active,864412,NA,NA,S,1,0,47933.935,48.95,2013,26,29.99,33.24
178642,Active,621426,NA,NA,S,0,0,146905.62,44.95,2006,43,12.67,33.36
178643,Active,516809,NA,NA,D,1,0,4443954.651,35.95,1999,45,4,26.51
178644,Active,289012,NA,NA,D,2,1,1211723.54,71.95,2005,29,4.35,68.17
178645,Active,628723,NA,NA,D,1,0,255280.2838,72,2010,48,4.32,65.06
178646,Active,918352,NA,NA,S,2,1,166023.6488,54.95,2014,28,23.98,34.42
178647,Active,1660143,NA,NA,D,1,0,2290424.095,75,2007,18,6.48,73.49
178648,Active,198360,NA,NA,D,1,0,904270.53,29.95,2007,50,4.98,28.37
178649,Active,126663,NA,NA,S,5,1,174730.735,99.95,2003,19,33.91,102.71
178650,Active,54074,NA,NA,S,7,1,2651155.466,67.95,2001,34,4.57,31.94
178651,Active,54076,NA,NA,D,9,1,351843.2588,82.95,2007,52,6.45,47.55
178652,Active,129441,NA,NA,D,10,1,21342.01375,88.95,2011,75,12.93,51.59
178653,Active,126429,NA,NA,S,7,1,3121560.766,69.95,2001,29,3.99,59.49
178654,Active,54075,NA,NA,D,8,1,159011.2638,77.95,2004,55,4.1,33.94
178655,Active,246666,NA,NA,S,1,0,190421.855,66.95,2009,30,13.99,28.15
178656,Active,172363,NA,NA,S,0,0,582529.5275,44.99,2005,24,11.99,32.97
178657,Active,298938,NA,NA,S,3,1,474214.0138,39.95,2010,33,27.58,34.46
178658,Active,173785,NA,NA,D,0,0,196587.015,49.99,2005,83,5.98,20.98
178659,Active,862114,NA,NA,S,2,1,329666.8688,49.99,2014,33,18.85,40
178660,Active,290590,NA,NA,D,4,1,684478.6913,54.2,2005,72,4,51.37
178661,Active,162153,NA,NA,D,5,1,120481.7038,87.99,2010,49,8.01,43.11
178662,Active,751537,NA,NA,S,5,1,543128.3488,84.5,2010,19,30.74,64.38
178663,Active,252615,NA,NA,D,1,0,383325.615,21.89,2011,125,4,16.7
178664,Active,616721,NA,NA,D,2,1,39169.9125,175,2012,115,4.78,44.83
178665,Active,633877,NA,NA,S,2,1,243726.4913,131.25,2012,36,18.99,43.99
178666,Active,50777,NA,NA,D,3,1,538921.9913,127.33,2006,103,4,33.98
178667,Active,50776,NA,NA,D,2,1,1443912.321,78.8,2004,62,4,13.99
178668,Active,1932546,NA,NA,S,1,0,17754.725,39.99,2014,18,25.77,25.98
178669,Active,902581,NA,NA,S,2,1,912217.3963,52,2013,35,6.98,37.28
178670,Active,438037,NA,NA,D,2,1,1412943.153,62,2008,16,12.98,68.5
178671,Active,149374,NA,NA,D,1,0,2247340.883,59.95,2001,23,4,67.53
178672,Active,126795,NA,NA,S,1,0,37923.28125,49.95,2008,30,31.7,42.85
178673,Active,620952,NA,NA,D,3,1,595976.5625,120.4,1993,40,4,11.42
178674,Active,887371,NA,NA,S,2,1,296980.0763,48,2015,26,22.35,33.34
178675,Active,294575,NA,NA,S,1,0,5925.46875,44.99,2009,45,21.82,23.67
178676,Active,200208,NA,NA,S,1,0,356881.4025,243.95,2008,43,44.12,100.04
178677,Active,893468,NA,NA,D,2,1,1064279.271,36.95,2008,18,4.24,58.69
178678,Active,1692097,NA,NA,S,2,1,127636.6325,39.99,2015,17,28.3,27.13
178679,Active,750734,NA,NA,D,1,0,1358837.265,39.99,2008,43,2.76,49.77
178680,Active,627902,NA,NA,S,3,1,254912.1188,49.99,2012,25,14.29,28.98
178681,Active,200519,NA,NA,D,2,1,233815.3338,222.95,2009,49,4.92,22.85
178682,Active,247704,NA,NA,D,1,0,751418.5775,133,2007,69,5.07,44.81
178683,Active,342243,NA,NA,S,2,1,1555006.539,125,1999,22,7.66,78.99
178684,Active,166682,NA,NA,D,3,1,1441484.928,145,2006,21,13.98,67.69
178685,Active,58406,NA,NA,S,3,1,50172.175,50.65,2006,79,7.86,49.78
178686,Active,307763,NA,NA,S,6,1,1327416.32,78.75,2010,18,29.98,79.45
178687,Active,50300,NA,NA,S,6,1,50178.96625,345.25,2010,114,7.32,45.48
178688,Active,114244,NA,NA,S,2,1,688321.3413,151.73,2003,58,4,41.06
178689,Active,285801,NA,NA,S,3,1,113038.9425,243.8,2003,48,5.85,0
178690,Active,199028,NA,NA,D,0,0,2463562.856,56.95,1998,28,4,10.99
178691,Active,261296,NA,NA,S,2,1,1951905.068,45,1999,34,4,15.3
178692,Active,587838,NA,NA,D,1,0,1252103.095,86.25,2012,23,4,36.19
178693,Active,300009,NA,NA,D,7,1,403269.0738,56,2002,29,4,0
178694,Active,2083152,NA,NA,S,8,1,152291.1775,54,2013,12,53.39,54
178695,Active,258322,NA,NA,D,2,1,318098.585,99.95,2004,55,7.45,20.41
178696,Active,577619,NA,NA,D,1,0,1147047.984,76,1998,28,6.24,77
178697,Active,1718323,NA,NA,S,1,0,47703.3,75,2013,45,25.44,38.66
178698,Active,117071,NA,NA,D,5,1,81238.97875,184.2,2009,86,13.71,65.93
178699,Active,285970,NA,NA,D,4,1,438485.305,173.8,2005,35,4.58,42.49
178700,Active,914057,NA,NA,S,2,1,1492696.076,99,1992,30,18.76,74.8
178701,Active,564259,NA,NA,D,2,1,1785183.559,50,1992,16,8.69,50.03
178702,Active,249885,NA,NA,D,1,0,1109295.998,188.95,2008,21,47.48,89.85
178703,Active,200575,NA,NA,S,1,0,85301.025,120.95,2011,32,41.19,80.44
178704,Active,426772,NA,NA,S,2,1,675727.3963,175,2008,29,8.43,44.99
178705,Active,136614,NA,NA,S,3,1,885.66875,94,2009,89,33.98,52.68
178706,Active,103981,NA,NA,D,2,1,91355.1875,50.49,2001,60,11.44,43.94
178707,Active,652481,NA,NA,S,1,0,6919.425,56,2012,28,41.9,41.88
178708,Active,600349,NA,NA,D,6,1,84802.92,31.99,2011,53,13.97,37.96
178709,Active,2098092,NA,NA,D,7,1,803602.6775,0,2014,15,56.89,123.35
178710,Active,2098091,NA,NA,S,7,1,92602.82125,1095.99,2013,15,25.86,33.44
178711,Active,600338,NA,NA,S,0,0,158015.4663,96.59,2011,26,23.99,0
178712,Active,599705,NA,NA,S,2,1,293670.9325,65,2010,24,38.71,51.99
178713,Active,200319,NA,NA,S,1,0,153271.4038,182.95,2008,57,5.44,0
178714,Active,342854,NA,NA,S,2,1,411811.9238,255.75,2006,33,21.97,59.99
178715,Active,115024,NA,NA,S,1,0,678306.025,95.33,1998,38,17.13,73.99
178716,Active,116669,NA,NA,D,3,1,570534.0563,73.33,2003,28,7.99,62.03
178717,Active,2598436,NA,NA,D,1,0,2515979.62,214.99,1995,22,37.44,122.13
178718,Active,563141,NA,NA,S,5,1,567221.1125,69.95,1998,54,46.47,53.42
178719,Active,380507,NA,NA,S,1,0,356258.6663,152.95,2011,31,8.54,18.28
178720,Active,315459,NA,NA,S,2,1,830181.6538,123.33,1999,29,6.98,23.99
178721,Active,60506,NA,NA,D,3,1,540976.4163,153.33,2005,55,5.24,38.91
178722,Active,167632,NA,NA,D,1,0,1261347.331,119.95,1997,27,6.19,51.01
178723,Active,623814,NA,NA,S,1,0,27892.55,55,2012,51,20.34,28.86
178724,Active,180747,NA,NA,S,10,1,605525.9175,63,2010,50,4.21,22.45
178725,Active,230627,NA,NA,D,1,0,671610.7213,59.95,1998,45,4,15.19
178726,Active,158177,NA,NA,S,2,1,270693.94,65,2009,85,36.18,47.86
178727,Active,333831,NA,NA,D,0,0,2190457.433,69.95,2000,23,5.78,12.08
178728,Active,152129,NA,NA,S,2,1,746565.1938,109,2004,45,15.73,63.95
178729,Active,243804,NA,NA,S,2,1,366021.6338,74.99,2011,38,29.26,52.1
178730,Active,2585600,NA,NA,D,0,0,484660.1775,39.95,1993,52,10.87,43.88
178731,Active,132154,NA,NA,D,5,1,325637.6438,149.8,2006,59,4,37.99
178732,Active,132562,NA,NA,D,10,1,232714.7738,135.4,2008,58,4.23,39.38
178733,Active,60508,NA,NA,D,9,1,1478559.236,111,2005,74,4,13.24
178734,Active,316611,NA,NA,D,0,0,2530319.374,126.93,2009,46,4,12.37
178735,Active,119328,NA,NA,D,0,0,961660.0388,116.73,2011,69,4.29,48.99
178736,Active,920052,NA,NA,D,1,0,307379.9775,47,1979,60,4,49.88
178737,Active,129788,NA,NA,D,2,1,551910.045,131.2,2000,42,5.13,42.98
178738,Active,287859,NA,NA,D,0,0,569929.0875,55,2004,20,13.04,23.23
178739,Active,136559,NA,NA,S,2,1,44142,69,2011,24,42.34,43.12
178740,Active,262114,NA,NA,D,2,1,1207256.763,89.38,2000,34,4.84,23
178741,Active,60060,NA,NA,D,4,1,5507923.888,231.95,2004,16,6.98,12.49
178742,Active,249860,NA,NA,D,5,1,1068964.813,264.95,2006,54,4.32,18.97
178743,Active,369566,NA,NA,S,2,1,3403275.969,29.95,1996,29,4.04,22.02
178744,Active,147034,NA,NA,D,3,1,1481965.773,44.95,2002,38,4,95.81
178745,Active,610136,NA,NA,S,4,1,74191.7875,81.95,2013,31,45.65,54.04
178746,Active,644535,NA,NA,S,2,1,161146.4338,78,2012,50,47.95,52.73
178747,Active,231581,NA,NA,S,4,1,41535.905,109.95,2011,56,40.65,86.8
178748,Active,60509,NA,NA,D,4,1,359541.8175,148.6,2003,56,4,9.95
178749,Active,132398,NA,NA,D,5,1,372247.0225,171,2007,50,4.39,44.79
178750,Active,385640,NA,NA,S,4,1,40304.6375,85.95,2012,53,34.59,48.48
178751,Active,204523,NA,NA,S,0,0,35766.74375,39.99,2004,48,18.84,22.23
178752,Active,866992,NA,NA,S,4,1,240712.9263,80.95,2014,36,42.99,47.11
178753,Active,129019,NA,NA,D,2,1,2064914.823,59.95,2005,28,4,22.98
178754,Active,128672,NA,NA,D,3,1,572418.5913,66.95,2008,27,10.79,52.48
178755,Active,163172,NA,NA,S,1,0,91381,67,2010,22,35.99,43.89
178756,Active,312044,NA,NA,S,3,1,66758.6325,129.95,2011,49,38.91,64.08
178757,Active,112946,NA,NA,D,2,1,508919.7238,112,2005,32,13.99,43.84
178758,Active,2364423,NA,NA,D,2,1,3719148.974,98,1993,16,4.97,55.43
178759,Active,317737,NA,NA,D,3,1,3656482.031,110,1997,20,6.37,43.99
178760,Active,581152,NA,NA,S,1,0,76049.025,152,2012,25,53.96,72.47
178761,Active,308471,NA,NA,S,1,0,1911229.524,87.5,2001,36,4,38.55
178762,Active,873091,NA,NA,D,2,1,2576508.118,93.84,2009,29,7.48,32.09
178763,Active,145681,NA,NA,D,2,1,546359.4275,153.2,2008,37,4,8.99
178764,Active,212393,NA,NA,D,0,0,997295.2075,105.4,2003,46,4,23.87
178765,Active,212373,NA,NA,S,1,0,57353.6,168.4,2003,64,22.85,71.98
178766,Active,58156,NA,NA,D,2,1,1054164.166,19.99,2005,114,4,19.79
178767,Active,147735,NA,NA,S,2,1,1248661.174,72.95,2001,40,4,11.99
178768,Active,330788,NA,NA,S,4,1,274850.8825,221.95,2006,83,4,14.94
178769,Active,112262,NA,NA,D,1,0,352481.37,112.5,2004,47,6.59,18.99
178770,Active,110585,NA,NA,S,2,1,904516.9175,136.25,2007,38,9.67,74.15
178771,Active,112322,NA,NA,S,1,0,221177.8638,107.84,2007,45,11.55,33.98
178772,Active,366575,NA,NA,S,5,1,97826.98125,103.91,2010,87,8.04,37.96
178773,Active,182834,NA,NA,S,1,0,572079.6475,275.95,2006,33,43.94,52.52
178774,Active,456874,NA,NA,S,2,1,522400.3063,43.95,2010,34,5.67,31.37
178775,Active,55781,NA,NA,D,3,1,947096.4388,17.97,2008,61,4,7.15
178776,Active,529112,NA,NA,D,4,1,31167.03875,194.95,2012,94,5.92,104.88
178777,Active,148773,NA,NA,D,3,1,678545.4538,213.95,2009,71,4.3,28.98
178778,Active,148336,NA,NA,D,2,1,920385.8725,230.95,2006,40,6.18,23.99
178779,Active,177188,NA,NA,D,5,1,1645052.289,316.95,2004,48,4.45,26.99
178780,Active,60510,NA,NA,D,6,1,374139.585,392.95,2007,48,5.24,53.99
178781,Active,301423,NA,NA,D,0,0,363886.3588,69.99,1998,35,41.99,45.99
178782,Active,2443111,NA,NA,D,0,0,1439465.06,149,2004,24,9.69,57.52
178783,Active,340008,NA,NA,S,2,1,1025994.389,100,2009,21,53.34,55.94
178784,Active,396000,NA,NA,D,0,0,70649.99625,42.95,2003,50,6.41,39.93
178785,Active,529107,NA,NA,S,2,1,287233.5475,315,1976,45,10.65,149.98
178786,Active,163370,NA,NA,S,5,1,130337.8363,72.25,2010,39,31.68,0
178787,Active,110438,NA,NA,D,4,1,1308781.376,0,2005,23,5.14,0
178788,Active,167013,NA,NA,D,1,0,1411659.646,74.95,2006,46,4.98,11.94
178789,Active,615675,NA,NA,D,1,0,1377231.143,224.95,1977,46,4,15.79
178790,Active,107380,NA,NA,D,6,1,333520.6725,137.5,2000,34,13.53,75.69
178791,Active,284866,NA,NA,D,5,1,1390829.021,179,1996,51,4.12,46.13
178792,Active,1434495,NA,NA,S,7,1,56812.25,24.98,2009,10,23.96,21.95
178793,Active,56456,NA,NA,D,9,1,714860.6525,115.2,2007,71,4.35,38.99
178794,Active,56458,NA,NA,D,10,1,170017.8738,138.07,2010,57,5.52,28.99
178795,Active,531655,NA,NA,D,3,1,34110.79625,253,2012,117,7.28,23.97
178796,Active,243490,NA,NA,S,1,0,80013.675,118.94,2009,26,38.17,54.27
178797,Active,243489,NA,NA,S,2,1,235977.0588,72.72,2008,24,41.39,76.94
178798,Active,285492,NA,NA,D,2,1,270541.7938,32.02,2009,85,4,26.97
178799,Active,55180,NA,NA,S,8,1,687921.635,31,2004,84,4,19.4
178800,Active,55181,NA,NA,S,9,1,65978.67625,54.8,2007,138,10.97,31.99
178801,Active,560278,NA,NA,S,6,1,460318.4838,130.95,1996,45,4,54.99
178802,Active,131884,NA,NA,D,3,1,842773.705,139.4,2004,64,4,22.99
178803,Active,286171,NA,NA,D,5,1,480349.84,82.2,2006,36,4,32.88
178804,Active,169390,NA,NA,S,4,1,116135.5763,192.95,2008,39,16.12,97.48
178805,Active,176550,NA,NA,D,3,1,530293.3813,190.95,1997,32,4.28,44.34
178806,Active,410027,NA,NA,S,1,0,52392.4,62.95,2012,28,32.82,37.17
178807,Active,574758,NA,NA,D,2,1,654309.03,62,2009,89,4.47,16.01
178808,Active,595032,NA,NA,S,3,1,29524.86,87,2012,70,19.99,37.94
178809,Active,347807,NA,NA,S,1,0,40596.8,94.99,2008,34,58.94,61.73
178810,Active,173876,NA,NA,D,1,0,691242.0863,107,2005,29,6.5,58.71
178811,Active,862116,NA,NA,S,3,1,27821.475,54.95,2014,46,34.52,42.22
178812,Active,256326,NA,NA,D,2,1,430990.0875,49.95,2006,184,4,18.76
178813,Active,55964,NA,NA,D,6,1,1062281.563,61.95,2009,125,3.73,12.23
178814,Active,435243,NA,NA,D,7,1,510305.23,72.95,2012,100,6.48,26.28
178815,Active,1518788,NA,NA,S,8,1,97853.82625,72.95,2015,58,28.95,51.2
178816,Active,55963,NA,NA,S,5,1,2978181.135,52.95,2005,42,4,11.94
178817,Active,290245,NA,NA,D,1,0,1888519.29,50.31,2005,22,4,44.93
178818,Active,285911,NA,NA,S,6,1,197118.03,140,2002,33,4,24.92
178819,Active,117318,NA,NA,D,7,1,141919.1363,181.6,2008,42,16.98,73.97
178820,Active,162772,NA,NA,D,1,0,844624.185,52.38,2009,57,4.48,27.31
178821,Active,315433,NA,NA,S,5,1,1730616.123,105,1998,31,4.04,35.99
178822,Active,401573,NA,NA,S,2,1,344521.5538,58,2010,43,43.99,47.79
178823,Active,529102,NA,NA,S,2,1,705839.675,70,2011,27,42.69,53.07
178824,Active,107101,NA,NA,D,2,1,2157193.101,120.7,1999,27,4,12.36
178825,Active,108183,NA,NA,D,3,1,1171400.166,21.1,2003,28,4,9.56
178826,Active,109499,NA,NA,S,4,1,110079.07,149.22,2007,31,29.6,94.01
178827,Active,597560,NA,NA,S,6,1,119509.6925,74.95,2011,47,47.74,63.74
178828,Active,121136,NA,NA,D,4,1,40705.08125,158,2010,119,5.27,76.99
178829,Active,132183,NA,NA,D,3,1,548976.4725,106.67,2006,55,4,17.64
178830,Active,108292,NA,NA,S,4,1,244473.8388,73.12,2007,38,15.93,43.94
178831,Active,1956952,NA,NA,D,1,0,4588756.831,73,2012,15,6.17,171.26
178832,Active,2424937,NA,NA,S,3,1,134206.3663,246.4,1990,41,8.39,73.31
178833,Active,50579,NA,NA,D,7,1,17920.425,180.95,2011,282,4,18.99
178834,Active,50578,NA,NA,D,6,1,619027.7188,159.95,2007,167,4,13.71
178835,Active,386469,NA,NA,S,0,0,64956.825,102,2010,31,43.98,68.33
178836,Active,529099,NA,NA,S,5,1,178983.3363,77.99,2012,96,12.02,16.47
178837,Active,203618,NA,NA,D,3,1,903123.9538,44.95,2005,44,4,10.97
178838,Active,203970,NA,NA,D,4,1,303914.1838,60.95,2008,89,4,12.99
178839,Active,346420,NA,NA,D,5,1,494408.3788,118.95,2009,38,4.47,8.48
178840,Active,244196,NA,NA,D,6,1,26915.10875,227.95,2012,55,17.99,70.79
178841,Active,179220,NA,NA,D,5,1,140214.5538,250.95,2009,48,4.93,45.51
178842,Active,60511,NA,NA,D,4,1,953988.1075,174.95,2006,74,4,14.49
178843,Active,257491,NA,NA,D,0,0,1569204.649,95.95,1998,19,7.69,85.91
178844,Active,347691,NA,NA,D,2,1,1219519.144,110,2006,21,27.39,48.99
178845,Active,2129322,NA,NA,D,0,0,3341588.779,59.95,2008,21,6.43,14.79
178846,Active,575894,NA,NA,S,1,0,918563.4263,117.61,2008,94,3.97,13.5
178847,Active,118939,NA,NA,D,4,1,839995.3625,143.6,2007,28,11.76,116.61
178848,Active,313656,NA,NA,D,3,1,521246.0425,106.67,2002,25,4.04,9.16
178849,Active,391710,NA,NA,S,1,0,406524.0763,134,1999,39,4.58,103.13
178850,Active,183810,NA,NA,S,3,1,1169055.759,172.95,2001,30,4.03,29.74
178851,Active,349883,NA,NA,S,2,1,1574494.343,167.95,1998,38,4,6.96
178852,Active,144908,NA,NA,S,1,0,50014.1,84.99,2004,16,55.1,61.87
178853,Active,598495,NA,NA,D,1,0,169936.7563,98,2010,68,4,13.98
178854,Active,200034,NA,NA,D,4,1,2234753.213,49.95,2005,37,4,8.24
178855,Active,635575,NA,NA,S,6,1,109757.5313,97.95,2013,71,20.27,64.73
178856,Active,200457,NA,NA,D,5,1,651946.225,88.95,2009,58,4,13.97
178857,Active,529094,NA,NA,D,3,1,173682.0588,122.4,2012,71,4.28,61.97
178858,Active,120702,NA,NA,D,2,1,476511.1738,102,2009,52,4.47,52.47
178859,Active,116870,NA,NA,S,1,0,36477.975,174.4,2006,38,38.94,108.99
178860,Active,629557,NA,NA,D,1,0,241529.625,85.2,2011,43,13.53,73.97
178861,Active,347570,NA,NA,S,2,1,549290.7088,94.99,2010,23,48.97,53.97
178862,Active,561530,NA,NA,S,1,0,43554.72125,152.6,2012,52,23.59,98.08
178863,Active,138928,NA,NA,D,2,1,2865286.634,44,2000,20,4.4,23.95
178864,Active,716227,NA,NA,S,0,0,714072.1625,0,2013,20,52.08,60.99
178865,Active,196405,NA,NA,D,3,1,849200.585,111,1996,22,15.71,82.74
178866,Active,365330,NA,NA,S,4,1,125182.5038,104,2009,38,47.89,55.39
178867,Active,148715,NA,NA,D,2,1,433771.07,307.95,2008,31,4,25.9
178868,Active,148719,NA,NA,D,2,1,725933.0088,273.95,2008,17,4.98,263.12
178869,Active,639848,NA,NA,D,0,0,144178.4038,117,2012,69,7.01,37.93
178870,Active,2580458,NA,NA,S,2,1,9267835.616,77.5,1997,6,6.14,53.05
178871,Active,314566,NA,NA,S,7,1,285493.6625,158.6,2007,39,4.76,37.46
178872,Active,346139,NA,NA,D,6,1,239376.33,270.95,2007,63,4,43.98
178873,Active,371474,NA,NA,D,7,1,73124.24625,245.95,2010,53,11.76,67.9
178874,Active,397155,NA,NA,S,2,1,195198.6413,38,2007,25,22.55,48.99
178875,Active,200464,NA,NA,D,1,0,297612.3125,124.95,2010,36,5.48,36.89
178876,Active,859415,NA,NA,S,6,1,2004990.669,57,2006,21,4.97,58.09
178877,Active,309032,NA,NA,S,4,1,151322.95,44.88,2005,47,10.47,43.8
178878,Active,1982481,NA,NA,D,1,0,23306.4775,120,2014,71,15.93,59.94
178879,Active,53099,NA,NA,D,13,1,62553.605,267.95,2011,134,4.29,57.51
178880,Active,544681,NA,NA,D,14,1,33515.82625,243.95,2013,100,10.68,33.99
178881,Active,110664,NA,NA,D,6,1,173450.4038,23.99,2009,77,4,17.98
178882,Active,389220,NA,NA,S,7,1,596543.9588,74.95,2011,61,4,31.68
178883,Active,53098,NA,NA,D,12,1,664192.2513,257.95,2009,116,4,26.2
178884,Active,60512,NA,NA,D,5,1,518644.2638,18.94,2007,88,4,9.27
178885,Active,545842,NA,NA,D,8,1,15791.9575,131,2012,85,9.43,41.57
178886,Active,248243,NA,NA,D,2,1,118596.4638,107,2010,53,4.49,34.9
178887,Active,911758,NA,NA,D,2,1,1176227.34,46.47,2011,52,6.21,54.21
178888,Active,195176,NA,NA,S,9,1,553971.9025,76,2009,35,4,32.99
178889,Active,247934,NA,NA,D,1,0,1214776.071,96,2008,45,4,13.49
178890,Active,58439,NA,NA,D,7,1,571488.4713,102,2010,95,4,12.99
178891,Active,58435,NA,NA,S,5,1,992692.9625,97.95,2001,33,4.09,7.99
178892,Active,646946,NA,NA,S,1,0,15245.15,110,2013,54,48.99,49.99
178893,Active,192834,NA,NA,D,3,1,3246931.103,64.95,2000,36,4,5.98
178894,Active,114837,NA,NA,D,1,0,202761.16,84,2002,26,4.98,36.42
178895,Active,1450888,NA,NA,S,2,1,130203.71,105.2,2014,21,22.77,76.95
178896,Active,630623,NA,NA,S,2,1,291661.4038,138,2012,40,47.69,68.98
178897,Active,378671,NA,NA,D,2,1,1011430.124,49.95,1999,25,5.71,19.4
178898,Active,378674,NA,NA,S,3,1,368853.74,49.95,2009,27,32.51,43.47
178899,Active,529084,NA,NA,D,9,1,48775.3225,385.95,2012,82,15.67,58.94
178900,Active,117581,NA,NA,D,0,0,2023878.398,94,2004,29,4,7.94
178901,Active,117768,NA,NA,D,0,0,1700128.394,54.99,2006,30,6.58,0
178902,Active,626804,NA,NA,S,2,1,786300.2075,64.99,2011,28,35.41,0
178903,Active,184355,NA,NA,D,0,0,2260084.088,48.74,2003,27,6.33,39.01
178904,Active,1563155,NA,NA,D,1,0,2437557.876,121,2007,20,29.71,82.6
178905,Active,642066,NA,NA,S,2,1,82507.0275,138.95,2013,24,43.79,54.56
178906,Active,116009,NA,NA,S,2,1,549088.8038,82,2005,39,4,16.83
178907,Active,157601,NA,NA,D,3,1,666383.2313,39.95,2010,29,4.49,23.1
178908,Active,207617,NA,NA,D,1,0,1269029.566,79.95,1999,18,9.69,34.42
178909,Active,196452,NA,NA,D,4,1,791862.5538,81.95,2001,22,4.77,67.95
178910,Active,881910,NA,NA,D,3,1,6589561.216,54.99,1984,11,4,177.55
178911,Active,136182,NA,NA,S,2,1,42825.9875,24,2010,62,12.76,16.22
178912,Active,386696,NA,NA,D,5,1,4107507.473,24.95,2006,48,3.34,4.94
178913,Active,202338,NA,NA,S,4,1,1244053.188,231.95,2002,47,4,6.98
178914,Active,132065,NA,NA,D,5,1,1252719.946,99.33,2004,26,5.05,43.52
178915,Active,322572,NA,NA,D,4,1,2819648.244,85.4,2000,24,4,14.99
178916,Active,60514,NA,NA,D,5,1,203840.2375,291.95,2006,79,4,12.91
178917,Active,132201,NA,NA,S,6,1,47220.29125,194.6,2006,67,17.5,97.47
178918,Active,115920,NA,NA,S,1,0,829842.0175,128.4,2009,28,4.86,78.81
178919,Active,131774,NA,NA,D,5,1,1395812.826,84.2,2003,36,4,8.99
178920,Active,132188,NA,NA,S,1,0,473065.9788,165.8,2008,43,15.53,72.76
178921,Active,144982,NA,NA,D,2,1,38388.16875,210,2006,56,28.79,90.27
178922,Active,129038,NA,NA,D,3,1,1136056.408,59.95,2007,36,4,51.21
178923,Active,165984,NA,NA,D,3,1,2314246.91,54.49,2001,20,6.39,38.94
178924,Active,129304,NA,NA,D,4,1,64887.73125,76.95,2011,65,7.95,37.24
178925,Active,154258,NA,NA,D,1,0,1387054.004,41,1997,28,4,26.99
178926,Active,154361,NA,NA,D,2,1,356901.865,38.18,2001,65,4,42.55
178927,Active,635553,NA,NA,S,3,1,92451.06875,107,2013,36,57.99,74.06
178928,Active,116322,NA,NA,S,8,1,200376.7825,198.2,2010,56,9.22,70
178929,Active,566065,NA,NA,S,1,0,60373.25,187.5,2012,32,28.29,53.72
178930,Active,278219,NA,NA,D,0,0,1919552.664,74.95,2003,18,4.37,8.87
178931,Active,410740,NA,NA,S,2,1,398868.3738,79.95,2009,42,35.98,35.99
178932,Active,53921,NA,NA,S,7,1,86221.42125,118.2,2010,57,6.28,69.31
178933,Active,53923,NA,NA,D,6,1,714999.5375,126.2,2006,57,4,42.37
178934,Active,298237,NA,NA,D,0,0,660171.5188,99,2005,43,5.12,17.74
178935,Active,53922,NA,NA,D,5,1,1553536.523,110.4,2004,58,4,8.99
178936,Active,162927,NA,NA,D,8,1,96366.685,122.68,2010,36,21.99,59.97
178937,Active,320316,NA,NA,S,8,1,2572523.286,149.95,2008,22,9.18,31.13
178938,Active,166928,NA,NA,D,7,1,228821.4438,124.86,2006,61,5.89,50.71
178939,Active,607436,NA,NA,D,2,1,424719.4238,88,1989,42,9.61,63.82
178940,Active,120641,NA,NA,D,2,1,1536473.561,124,2008,42,4,23.99
178941,Active,120831,NA,NA,S,3,1,103576.9088,167.8,2010,52,12.56,27.89
178942,Active,366723,NA,NA,D,4,1,580719.215,251.95,2000,30,4.35,41.42
178943,Active,222973,NA,NA,S,3,1,2807135.46,73.95,1997,23,4,15.99
178944,Active,298003,NA,NA,D,5,1,403589.2175,229.95,2006,48,6.06,23.39
178945,Active,347818,NA,NA,D,1,0,2448321.431,80,2008,19,23.76,73.71
178946,Active,648035,NA,NA,D,0,0,807907.7075,130,1987,31,28.79,142.79
178947,Active,623714,NA,NA,S,2,1,403443.7225,74.95,1993,60,25.99,46.99
178948,Active,273365,NA,NA,D,4,1,69042.93875,59.95,2010,70,6.55,36.97
178949,Active,293526,NA,NA,D,3,1,791388.3738,65.95,2007,64,4,10.19
178950,Active,610303,NA,NA,S,5,1,10732.05,59.95,2013,80,33.22,48.98
178951,Active,196715,NA,NA,D,2,1,1021849.949,71.95,2005,32,4,45.8
178952,Active,202263,NA,NA,D,1,0,1308160.39,153.95,2001,32,4,16.24
178953,Active,290291,NA,NA,S,3,1,151716.525,83.5,2002,58,15.57,33.98
178954,Active,116668,NA,NA,D,2,1,2884763.889,47,2004,23,4,23.51
178955,Active,286435,NA,NA,D,3,1,604556.2675,68,2008,52,4,33.55
178956,Active,308594,NA,NA,S,2,1,98958.7975,110.25,2009,40,43.99,63.67
178957,Active,107234,NA,NA,D,1,0,774179.58,44.69,1999,36,4,40.31
178958,Active,60516,NA,NA,D,2,1,232961.5063,159,2003,41,4,44.93
178959,Active,120366,NA,NA,D,7,1,307486.0825,120,2008,52,4.8,63.79
178960,Active,58393,NA,NA,S,2,1,254111.5825,133.07,2006,45,5.99,56.87
178961,Active,335258,NA,NA,S,4,1,327619.7825,77,2005,30,21.91,0
178962,Active,868275,NA,NA,D,1,0,7603410.613,32,1977,21,4.09,62.22
178963,Active,128599,NA,NA,D,0,0,457489.5913,67.95,2001,49,4,35.49
178964,Active,105437,NA,NA,D,4,1,1937160.41,86,2007,20,12.62,63.86
178965,Active,2251608,NA,NA,S,3,1,126572.79,28.73,2013,6,40.84,38.49
178966,Active,116983,NA,NA,D,2,1,308767.8975,139,1997,61,4.44,9.54
178967,Active,107455,NA,NA,D,4,1,202923.1763,63.99,2006,41,13.52,35.15
178968,Active,176867,NA,NA,D,2,1,390784.1188,288.95,2003,37,4,18.99
178969,Active,146590,NA,NA,S,5,1,144497.0075,150.2,2011,24,37.49,129.99
178970,Active,50509,NA,NA,D,3,1,411175,126.4,2004,46,4,49.69
178971,Active,50510,NA,NA,D,4,1,74549.045,163.6,2007,87,5.51,78.57
178972,Active,394332,NA,NA,S,2,1,3850338.17,53.95,1999,30,4,66.03
178973,Active,113026,NA,NA,S,1,0,101495.875,89.95,2003,20,35.35,35.45
178974,Active,390862,NA,NA,S,2,1,7689736.578,89.95,1998,21,4.4,44.51
178975,Active,529066,NA,NA,D,6,1,21381.08,111.95,2012,104,5.45,21.93
178976,Active,200494,NA,NA,D,5,1,186930.69,112.95,2009,93,4.47,13.97
178977,Active,200123,NA,NA,D,4,1,572331.6025,92.95,2006,45,4,14.37
178978,Active,586230,NA,NA,D,0,0,200685.9063,24,1982,48,4,24
178979,Active,377450,NA,NA,S,2,1,147302.0413,59.5,1997,37,35.14,53.35
178980,Active,915049,NA,NA,S,4,1,2583618.434,24,1992,27,4,6.25
178981,Active,261955,NA,NA,D,1,0,2562028.554,115.95,2002,26,5.97,0
178982,Active,658209,NA,NA,S,1,0,49628.675,44.95,2012,32,19.99,27.25
178983,Active,539460,NA,NA,S,5,1,149186.0025,80.8,2012,36,27.94,61.04
178984,Active,120753,NA,NA,D,4,1,908493.2775,67,2009,31,4,45.51
178985,Active,116716,NA,NA,D,3,1,5780792.466,40,2005,23,4,23.98
178986,Active,276645,NA,NA,D,3,1,1098041.12,50,2007,45,4,38.95
178987,Active,547190,NA,NA,S,4,1,128416.6563,55,2012,40,26.32,45.53
178988,Active,321913,NA,NA,S,3,1,1259866.27,42.19,1998,27,6.34,59.22
178989,Active,393262,NA,NA,S,5,1,335572.175,75,2009,62,19,45.79
178990,Active,193283,NA,NA,D,2,1,942422.4938,51,2003,29,4,15.69
178991,Active,196582,NA,NA,S,3,1,607881.85,42.95,2005,27,11.14,42.04
178992,Active,132894,NA,NA,S,11,1,27558.4075,122.8,2009,63,30.97,90.1
178993,Active,336461,NA,NA,S,3,1,2607688.056,48.95,2003,36,4.72,22.96
178994,Active,51343,NA,NA,D,14,1,49585.9725,264,2011,84,5.15,45.86
178995,Active,51342,NA,NA,D,13,1,712129.0438,36.62,2008,46,5.51,60.21
178996,Active,51344,NA,NA,D,12,1,1110345.883,22.4,2005,33,4,19.78
178997,Active,50817,NA,NA,D,10,1,66317.01375,267.73,2010,62,16.17,47.99
178998,Active,50816,NA,NA,D,9,1,768680.4575,198.67,2005,93,4,30.48
178999,Active,643642,NA,NA,D,0,0,2020631.899,59.95,2010,17,6.48,33.99
179000,Active,114830,NA,NA,D,3,1,213921.7313,190,2002,31,4.48,22.99
179001,Active,254134,NA,NA,D,4,1,38153.535,166.95,2011,58,9.5,37.55
179002,Active,249730,NA,NA,D,3,1,636529.3488,107.95,2006,96,4,18.49
179003,Active,621735,NA,NA,D,2,1,165681.6513,100,2007,51,23.68,83.74
179004,Active,395706,NA,NA,D,1,0,1325451.171,95,2001,22,4,10.98
179005,Active,697781,NA,NA,D,7,1,455067.5763,45.71,2011,13,43.99,53.28
179006,Active,569888,NA,NA,D,3,1,1222060.919,117.95,1993,21,4.76,52.68
179007,Active,113103,NA,NA,D,4,1,674730.355,97.95,2008,26,34.35,152.43
179008,Active,539038,NA,NA,S,5,1,121673.6038,99.95,2013,48,36.24,54.69
179009,Active,139692,NA,NA,D,1,0,1293175.611,99,2003,18,4.49,38.99
179010,Active,113149,NA,NA,S,2,1,204473.1038,97.95,2009,29,21.69,39.17
179011,Active,132296,NA,NA,D,3,1,155057.95,116,2007,54,13.98,60.65
179012,Active,61159,NA,NA,D,2,1,387291.2888,104.8,2004,35,4.97,29.95
179013,Active,385770,NA,NA,S,1,0,1128930.456,75,2012,30,9.18,54.37
179014,Active,58433,NA,NA,D,3,1,102305.5338,120,2011,78,9.5,53.58
179015,Active,112773,NA,NA,D,2,1,368311.6725,75.95,2004,32,6.98,15.99
179016,Active,58434,NA,NA,D,2,1,783499.9925,104,2008,81,4,17.48
179017,Active,109018,NA,NA,S,1,0,27939.075,263.75,2007,51,53.89,64.59
179018,Active,110819,NA,NA,S,7,1,260359.3888,56.99,2002,28,6.49,51.71
179019,Active,223029,NA,NA,S,2,1,1871053.81,260.95,1998,27,4.76,25
179020,Active,3263347,NA,NA,D,7,1,1601705.418,120.87,2002,27,24.58,127.2
179021,Active,658282,NA,NA,S,8,1,163105.2913,73.95,2012,22,26.92,0
179022,Active,200150,NA,NA,D,4,1,487363.1413,195.95,2006,43,6.42,48.69
179023,Active,113710,NA,NA,S,2,1,655836.2238,65.8,1999,35,6.56,61.21
179024,Active,908128,NA,NA,D,1,0,1408789.196,94.15,1968,41,6.82,45.22
179025,Active,869603,NA,NA,S,2,1,142883.235,74.99,2015,20,45.49,53.96
179026,Active,1517308,NA,NA,S,1,0,13579.925,69.99,2014,16,43.99,44.82
179027,Active,264741,NA,NA,S,2,1,674441.925,69.99,2009,28,15.95,53.58
179028,Active,192010,NA,NA,S,2,1,201690.3688,160.84,2006,20,28.3,0
179029,Active,52887,NA,NA,D,9,1,44748.71125,368.95,2009,98,10.3,43.99
179030,Active,54065,NA,NA,D,8,1,2010875.118,9.98,2004,48,4.53,9.77
179031,Active,161405,NA,NA,S,7,1,3434566.329,13.99,2000,26,3.99,13.99
179032,Active,612242,NA,NA,S,11,1,48814.5275,283.5,2013,57,32.79,57.89
179033,Active,52886,NA,NA,D,8,1,232755.1138,390.95,2006,127,4,35.99
179034,Active,52888,NA,NA,S,7,1,749330.2963,169.95,2003,91,4,8.99
179035,Active,54063,NA,NA,D,9,1,252904.0375,61.1,2008,80,5.75,36.99
179036,Active,162470,NA,NA,D,9,1,908840.1013,50.59,2008,26,5.62,24.99
179037,Active,165703,NA,NA,D,8,1,1116950.536,19.99,2004,27,4,38.99
179038,Active,163087,NA,NA,S,10,1,287385.3438,182,2011,27,41.54,127.99
179039,Active,54064,NA,NA,D,10,1,47469.9875,60.99,2011,124,9.03,18.99
179040,Active,2330397,NA,NA,S,2,1,1135338.333,54.95,1975,20,23.28,142.66
179041,Active,54171,NA,NA,D,10,1,11408.73125,110.27,2010,197,6.19,28.99
179042,Active,252556,NA,NA,S,9,1,145520.345,15.75,2007,124,4,10.1
179043,Active,174411,NA,NA,S,3,1,443971.2838,59.99,2008,41,11.12,46.97
179044,Active,705315,NA,NA,S,1,0,923403.31,193.25,2008,31,8.18,42.99
179045,Active,109676,NA,NA,S,1,0,278453.5425,86.4,2008,64,7.05,63.99
179046,Active,320996,NA,NA,D,1,0,1996265.343,75.95,2007,25,4,11.99
179047,Active,2339227,NA,NA,D,1,0,1055228.975,170.12,1967,32,4,121.77
179048,Active,111568,NA,NA,D,6,1,440694.8463,92.66,2011,37,9.46,56.95
179049,Active,550447,NA,NA,S,6,1,1483394.2,75.72,1900,29,17.69,74.76
179050,Active,402577,NA,NA,D,5,1,612428.645,124.08,2009,38,4,72.23
179051,Active,109149,NA,NA,S,10,1,2084367.744,18.99,2004,42,2.5,18.99
179052,Active,53402,NA,NA,S,9,1,2731211.37,101.25,2003,47,3.99,10.22
179053,Active,53401,NA,NA,D,13,1,44454.13125,157.67,2010,94,8.18,43.99
179054,Active,53400,NA,NA,D,12,1,425952.8975,34.88,2008,112,4,30.6
179055,Active,51207,NA,NA,D,4,1,210881.3488,143.4,2007,105,4,28.87
179056,Active,51206,NA,NA,D,3,1,1846462.528,112.8,2004,62,4,39.98
179057,Active,53399,NA,NA,D,11,1,1124880.51,13.16,2006,77,4,15.97
179058,Active,2159965,NA,NA,D,2,1,208859.7375,14,2007,24,16.35,32.34
179059,Active,907019,NA,NA,D,0,0,1127610.373,12,2006,19,17.53,43.78
179060,Active,529047,NA,NA,S,2,1,274836.2175,64.96,2012,41,14.74,46.24
179061,Active,872579,NA,NA,D,2,1,57079.68625,98.99,2013,41,7.11,66.93
179062,Active,252769,NA,NA,D,2,1,151742.8113,150,2011,62,5.16,18.99
179063,Active,539559,NA,NA,D,1,0,591578.7613,136.75,1981,50,5.95,73.98
179064,Active,206380,NA,NA,S,1,0,1854130.58,55.95,2006,20,4.63,55.41
179065,Active,1601848,NA,NA,D,1,0,117372.1575,189.95,2013,32,83.97,123.99
179066,Active,200353,NA,NA,D,1,0,433983.5625,126.95,2007,80,4,12.1
179067,Active,646956,NA,NA,S,2,1,21163.67125,113.95,2013,75,43.16,58.99
179068,Active,564874,NA,NA,S,2,1,784668.0588,49.95,2012,31,26.43,37.5
179069,Active,633715,NA,NA,D,2,1,474736.6288,67.95,2013,68,3.84,14.97
179070,Active,157681,NA,NA,S,2,1,241268.2,69.95,2011,38,8.47,22.85
179071,Active,246733,NA,NA,S,1,0,31610.39875,56.95,2010,36,31.31,32.15
179072,Active,320984,NA,NA,S,2,1,3152807.755,60,2006,21,6.89,61.09
179073,Active,623383,NA,NA,S,2,1,175942.6875,90.5,2012,39,37.69,71.25
179074,Active,114558,NA,NA,D,5,1,1736543.458,162.2,2003,47,4,55.09
179075,Active,118765,NA,NA,D,6,1,191716.8575,223.2,2008,32,4,153.49
179076,Active,3791792,NA,NA,D,1,0,3640373.15,64,2002,26,5.66,22.16
179077,Active,269310,NA,NA,S,2,1,606865.4125,87,2006,25,46.94,0
179078,Active,181196,NA,NA,D,4,1,807920.74,84,1996,22,6.12,52.87
179079,Active,333773,NA,NA,S,2,1,2172368.474,134,2000,22,43.64,44.72
179080,Active,1734855,NA,NA,D,4,1,304379.3513,61.9,2006,12,23.99,33.97
179081,Active,132572,NA,NA,D,6,1,117834.6975,146.6,2008,47,4.08,56.13
179082,Active,655211,NA,NA,S,2,1,32813.35875,99.95,2013,37,44.99,53.26
179083,Active,200241,NA,NA,D,1,0,136859.6963,107.95,2008,50,16.74,50.47
179084,Active,388337,NA,NA,D,3,1,20797.33625,165.95,2011,88,7.98,46.99
179085,Active,264308,NA,NA,S,0,0,31248.025,104.99,2011,39,46.98,86.33
179086,Active,245234,NA,NA,D,2,1,516799.3213,167.95,2006,114,4,11.98
179087,Active,639686,NA,NA,S,2,1,121229.0488,90,2013,38,34.93,0
179088,Active,366567,NA,NA,D,2,1,15316.4725,116.95,2011,103,14.75,61.49
179089,Active,408170,NA,NA,D,1,0,185694.125,104.95,2007,99,4,13.58
179090,Active,114533,NA,NA,S,6,1,454471.98,92.8,2003,42,5.18,21.76
179091,Active,889210,NA,NA,D,1,0,1204488.064,206.22,1969,15,4.59,675
179092,Active,106042,NA,NA,S,4,1,131763.78,90,2008,50,27.61,62.78
179093,Active,249816,NA,NA,S,2,1,74865.2025,186.95,2008,67,27.49,40.36
179094,Active,385287,NA,NA,D,0,0,1005783.254,188.95,2004,47,4.2,8.95
179095,Active,223019,NA,NA,D,5,1,2522606.133,197.95,1998,34,4.09,15.98
179096,Active,249762,NA,NA,S,7,1,78925.00875,288.95,2007,64,19.85,23.99
179097,Active,202355,NA,NA,D,6,1,1216242.649,281.95,2001,48,4,7.96
179098,Active,587990,NA,NA,S,1,0,446094.7013,91.95,2012,23,27.69,35.99
179099,Active,391033,NA,NA,D,1,0,436955.2213,92,2009,81,4.81,24.97
179100,Active,762303,NA,NA,D,5,1,541785.2113,82.67,2006,20,6.97,82.4
179101,Active,164844,NA,NA,D,3,1,706716.1775,70.54,1996,51,4.88,38.54
179102,Active,161717,NA,NA,S,5,1,1430068.285,144.32,2006,18,53.99,127.39
179103,Active,55111,NA,NA,D,4,1,163991.6838,69.58,2001,44,6.01,95.81
179104,Active,55112,NA,NA,D,5,1,125098.8363,228.72,2006,46,25.32,71.67
179105,Active,3484546,NA,NA,D,3,1,1420254.95,130.53,1987,34,6.47,61.29
179106,Active,174467,NA,NA,S,4,1,799595.525,105,2000,29,10.68,64.02
179107,Active,112916,NA,NA,D,2,1,1746716.873,94.95,1998,23,23.94,81.37
179108,Active,379548,NA,NA,D,0,0,1098187.963,104.95,2009,14,4,104.95
179109,Active,529040,NA,NA,D,4,1,14764.265,74.95,2012,77,7.94,21.99
179110,Active,196723,NA,NA,D,2,1,1476808.636,76.95,2006,36,4,13.16
179111,Active,1826384,NA,NA,S,0,0,63253.8,95.95,2014,11,57.4,67.92
179112,Active,300721,NA,NA,D,3,1,384416.3938,76.95,2008,80,4,10.99
179113,Active,366751,NA,NA,D,1,0,815168.565,188.95,2006,23,8.98,55.37
179114,Active,529038,NA,NA,D,6,1,8116.08,162.4,2012,117,16.22,43.99
179115,Active,55106,NA,NA,D,5,1,116501.425,128.4,2008,136,4.16,15.99
179116,Active,55105,NA,NA,D,4,1,1090562.171,120.8,2005,80,4,20.95
179117,Active,316604,NA,NA,D,3,1,630777.2375,153,2009,58,4.11,25.28
179118,Active,529039,NA,NA,D,4,1,62972.6425,158.8,2012,62,18.61,42.26
179119,Active,315183,NA,NA,S,2,1,1395493.074,97.6,2006,37,4,39.48
179120,Active,386582,NA,NA,D,3,1,319710.1088,56.95,2008,56,4.83,36.99
179121,Active,862120,NA,NA,S,6,1,41463.5975,87.95,2014,42,37.08,44.97
179122,Active,1956954,NA,NA,S,4,1,662781.4988,55.69,2012,19,6.69,63.14
179123,Active,246652,NA,NA,S,2,1,180772.3975,83.99,2009,33,39.26,59.96
179124,Active,529033,NA,NA,S,2,1,637586.92,44.95,2012,47,30.73,36.95
179125,Active,131944,NA,NA,D,1,0,1160999.005,95.8,2006,45,2.99,28.98
179126,Active,403877,NA,NA,D,7,1,706266.8363,116.8,2008,42,4.77,40
179127,Active,169172,NA,NA,S,2,1,133368.0538,162.95,2006,71,39.8,79.27
179128,Active,52605,NA,NA,D,7,1,47675.19625,184.95,2011,94,11.76,39.99
179129,Active,133344,NA,NA,D,2,1,226531.9125,117.4,2010,87,4,18.99
179130,Active,386720,NA,NA,D,3,1,776493.0563,285.95,2006,28,10.6,53.99
179131,Active,873147,NA,NA,S,2,1,1520385.144,137.95,2001,23,8.09,69.61
179132,Active,357815,NA,NA,D,4,1,1161065.345,105,2003,36,4.44,42.97
179133,Active,258074,NA,NA,D,3,1,1417014.931,60,2000,37,4,9.98
179134,Active,890806,NA,NA,S,4,1,416917.095,55,2013,16,39.99,49
179135,Active,120570,NA,NA,D,5,1,531053.4213,176,2007,52,5.72,65.19
179136,Active,60519,NA,NA,D,4,1,886288.4,129.6,2002,45,4,43.79
179137,Active,128167,NA,NA,D,1,0,4971455.588,47.95,2002,22,4.26,23.98
179138,Active,129046,NA,NA,D,2,1,398615.7,80.95,2007,33,16.3,66.4
179139,Active,347785,NA,NA,S,1,0,30133.025,74.99,2008,27,46.33,52.84
179140,Active,381482,NA,NA,D,4,1,249356.63,47.2,2012,153,4,23.99
179141,Active,553279,NA,NA,D,1,0,2627125.034,239.07,2012,14,61.95,223.98
179142,Active,110349,NA,NA,D,14,1,916817.6275,181.88,2007,42,4.75,12.99
179143,Active,309732,NA,NA,D,14,1,633933.9063,25.55,2007,51,4.7,26.99
179144,Active,109240,NA,NA,D,13,1,158895.5688,13.87,2005,64,4,11.97
179145,Active,52551,NA,NA,S,1,0,629362.2075,18.16,2006,59,4,7.99
179146,Active,649567,NA,NA,D,5,1,10259.47875,184.75,2013,91,9.36,78.98
179147,Active,52550,NA,NA,D,3,1,446386.1413,18.98,2010,92,4,16.99
179148,Active,264896,NA,NA,S,2,1,524832.1925,132.95,2003,20,32.99,30.19
179149,Active,907276,NA,NA,D,0,0,1002428.234,189,1998,17,23.44,69
179150,Active,125732,NA,NA,D,2,1,494458.8688,145,1998,39,5.53,67.27
179151,Active,607160,NA,NA,D,6,1,1244945.07,93,2001,47,4,18.76
179152,Active,873531,NA,NA,D,5,1,5653745.105,78,1998,28,4.44,42.85
179153,Active,202665,NA,NA,S,3,1,987719.0263,59.95,1999,22,17.9,126.15
179154,Active,127643,NA,NA,D,1,0,168811.4038,87.95,2009,40,5.98,41.96
179155,Active,196721,NA,NA,D,1,0,1852446.955,88.95,2006,26,4.31,18.05
179156,Active,113203,NA,NA,D,2,1,686038.1488,79.95,2011,42,12.11,36.79
179157,Active,164255,NA,NA,D,1,0,2522998.398,41.74,2004,47,4,39.52
179158,Active,162698,NA,NA,D,2,1,679311.5438,12.97,2009,54,4,13.48
179159,Active,347322,NA,NA,D,0,0,3561593.129,62,2003,23,4,10.24
179160,Active,133329,NA,NA,D,5,1,227480.0613,125.2,2010,78,8.88,43.99
179161,Active,120954,NA,NA,D,4,1,383727.5113,105.4,2007,88,4,13.88
179162,Active,128901,NA,NA,S,2,1,2912490.173,51.5,2003,53,4,16.99
179163,Active,2471449,NA,NA,D,1,0,2873899.803,114.95,1996,21,4.4,78.71
179164,Active,291608,NA,NA,S,2,1,218565.4375,243.95,2002,36,17.99,0
179165,Active,403393,NA,NA,S,4,1,69593.38875,105.95,2011,51,37.48,64.33
179166,Active,349295,NA,NA,D,1,0,1345352.576,70.6,2007,5,78.99,253.52
179167,Active,174895,NA,NA,S,1,0,206135.9725,39.99,2009,29,24.32,33.99
179168,Active,355515,NA,NA,D,1,0,2369381.87,81.95,1996,30,4,49.98
179169,Active,201692,NA,NA,D,4,1,3348355.386,38.95,2004,36,4,12.52
179170,Active,56810,NA,NA,S,5,1,1644298.715,102,2004,40,4,43.68
179171,Active,533341,NA,NA,D,9,1,39453.4175,164.6,2012,97,7.98,72.99
179172,Active,56759,NA,NA,D,8,1,794583.0675,121.6,2010,55,4.13,47.95
179173,Active,56813,NA,NA,D,7,1,698542.33,136.6,2008,55,5.56,53.05
179174,Active,553290,NA,NA,S,9,1,770657.9363,164.6,2012,24,40.95,123.99
179175,Active,56760,NA,NA,S,6,1,1666840.02,109,2006,42,4.02,15.98
179176,Active,312726,NA,NA,D,5,1,944372.1925,60,2000,34,4,44.39
179177,Active,314942,NA,NA,D,4,1,4798010.2,45,1995,35,4,38.98
179178,Active,545662,NA,NA,S,4,1,9301.67375,109,2013,79,34.73,38.98
179179,Active,60520,NA,NA,D,2,1,245217.245,75,2005,42,4,30.42
179180,Active,194176,NA,NA,D,3,1,66017.24,92,2008,106,5.09,8.41
179181,Active,284509,NA,NA,S,6,1,1543912.016,104.95,1997,90,4,40.07
179182,Active,50439,NA,NA,D,7,1,232866.7513,119.95,2002,145,4,20.98
179183,Active,366848,NA,NA,S,2,1,177007.7613,196.95,2006,78,13.2,19.08
179184,Active,259256,NA,NA,D,1,0,4738915.738,104.95,1998,40,4,16.93
179185,Active,107190,NA,NA,D,3,1,951696.3325,19.98,2002,42,4,41.79
179186,Active,367026,NA,NA,D,3,1,2509538.6,134,2001,29,4.88,45.17
179187,Active,312508,NA,NA,S,2,1,751791.2388,77.4,2001,28,4.4,41.75
179188,Active,1933358,NA,NA,D,0,0,102298.9125,139.95,2012,44,24.16,49
179189,Active,363541,NA,NA,S,3,1,315203.8975,40.95,2007,36,8.96,20.73
179190,Active,50507,NA,NA,D,10,1,76455.7825,210.95,2011,84,6.96,53.61
179191,Active,50506,NA,NA,D,9,1,660152.2963,222.95,2007,77,4,16.99
179192,Active,385318,NA,NA,D,4,1,1178463.494,268.95,2003,37,4.34,33.94
179193,Active,298681,NA,NA,D,5,1,658078.2638,239.95,2008,53,5.61,53.48
179194,Active,286377,NA,NA,D,4,1,225743.7625,162.8,2009,49,6.31,45.67
179195,Active,115833,NA,NA,S,0,0,62958.75,211.4,2004,31,26.66,97.21
179196,Active,313952,NA,NA,D,3,1,1477387.699,131.6,2005,28,4.53,71.15
179197,Active,197911,NA,NA,D,3,1,994548.6375,93.39,2007,24,7.59,59.94
179198,Active,243864,NA,NA,D,10,1,112039.22,184.95,2011,87,15.61,82.98
179199,Active,115914,NA,NA,D,2,1,562703.51,147.8,2005,36,10.74,73.99
179200,Active,60521,NA,NA,D,8,1,1055077.726,193.95,2005,76,4,38.99
179201,Active,169693,NA,NA,D,9,1,197660.1813,184.95,2008,62,4.19,22.33
179202,Active,2703418,NA,NA,D,2,1,6623541.629,75.45,2004,13,7.16,107.29
179203,Active,775463,NA,NA,S,2,1,3989982.543,99.95,2000,36,4.54,18.81
179204,Active,193737,NA,NA,D,5,1,51255.15875,177.95,2011,41,11.99,84.86
179205,Active,193591,NA,NA,D,4,1,494389.9788,126.95,2008,49,5.01,21.99
179206,Active,193391,NA,NA,D,0,0,4105117.124,96.95,2004,11,7.87,17.53
179207,Active,193600,NA,NA,D,2,1,487458.3588,84.95,2007,42,9.48,32.81
179208,Active,193345,NA,NA,D,3,1,1256886.545,116.95,2005,48,4.35,12.99
179209,Active,386491,NA,NA,D,2,1,26547.2125,60,2011,171,7.62,28.28
179210,Active,867648,NA,NA,S,3,1,6563.55875,72,2014,84,28.99,48.69
179211,Active,802160,NA,NA,D,2,1,1768502.294,44,2011,14,4.04,8.98
179212,Active,893109,NA,NA,S,3,1,456142.5375,50,2014,12,18.49,25.06
179213,Active,247628,NA,NA,D,1,0,312583.2888,49.95,2008,90,4,25.96
179214,Active,587675,NA,NA,D,4,1,26138.7075,220.95,2012,63,30.11,93.99
179215,Active,55110,NA,NA,D,2,1,113333.685,125.95,2004,55,4.25,26.33
179216,Active,267393,NA,NA,S,7,1,538896.3663,55,2008,35,16.98,53.32
179217,Active,625519,NA,NA,S,7,1,415497.9538,69.95,1994,41,21.65,53.99
179218,Active,484054,NA,NA,S,1,0,75622.7,140.95,2012,35,17.14,79.82
179219,Active,556699,NA,NA,D,3,1,3556832.406,91,1993,32,4,38.81
179220,Active,321892,NA,NA,D,4,1,1593354.488,116,1997,26,4,33.25
179221,Active,2560103,NA,NA,D,1,0,10909930.9,293.55,1979,16,4.02,58.28
179222,Active,164893,NA,NA,D,3,1,851851.785,120,2001,27,7.52,57.23
179223,Active,2051323,NA,NA,S,2,1,1714412.813,26.99,2007,28,5.79,25.64
179224,Active,53571,NA,NA,D,14,1,1497068.114,85.4,2005,63,4,38.99
179225,Active,132593,NA,NA,S,15,1,850052.2263,86.67,2007,24,4,29.99
179226,Active,144411,NA,NA,D,13,1,750730.0738,81.6,2003,80,4,85.19
179227,Active,113631,NA,NA,S,10,1,1391835.039,77,1998,48,4,21.33
179228,Active,2398588,NA,NA,S,2,1,3120923.219,46.88,1989,23,4.11,39.99
179229,Active,2398589,NA,NA,S,3,1,1540180.19,85.95,1994,39,4,41.33
179230,Active,178003,NA,NA,D,5,1,495837.7975,207.95,2006,43,4.77,38.99
179231,Active,50422,NA,NA,D,11,1,369087.8688,92.67,2001,75,6.39,44.93
179232,Active,156825,NA,NA,D,0,0,673423.1263,65,2001,45,7.01,19.99
179233,Active,158316,NA,NA,S,2,1,38116.85,49.95,2010,55,33.24,41.41
179234,Active,644532,NA,NA,S,1,0,62183.8,62.95,2012,22,52.18,57.6
179235,Active,1481339,NA,NA,S,14,1,714784.835,152.8,2011,18,44.65,223.05
179236,Active,314489,NA,NA,S,2,1,154412.94,58.4,2002,41,18.15,46.8
179237,Active,308643,NA,NA,D,1,0,4936759.103,105.5,2001,20,6.37,18.94
179238,Active,108308,NA,NA,D,2,1,1162414.21,173.75,2003,17,10.36,23.99
179239,Active,60522,NA,NA,D,2,1,433363.5675,30.97,2004,24,8,30.12
179240,Active,50423,NA,NA,D,12,1,143582.76,126,2005,67,7.98,46.97
179241,Active,1781402,NA,NA,S,2,1,433156.7375,78,2013,37,15.83,37.76
179242,Active,297990,NA,NA,D,1,0,2307982.753,217.95,2005,22,6.06,26.49
179243,Active,136544,NA,NA,D,0,0,1299333.673,57,2004,27,10.95,39.08
179244,Active,404112,NA,NA,D,2,1,176584.8675,60,2009,25,29.63,57.23
179245,Active,279040,NA,NA,S,3,1,1516588.19,12.98,2007,30,4,13.99
179246,Active,917269,NA,NA,S,4,1,810364.9438,20.94,2010,35,4,17.99
179247,Active,901146,NA,NA,D,1,0,2041709.634,99,1990,22,25.93,97.66
179248,Active,315451,NA,NA,S,11,1,1196534.479,106.67,1999,53,4,13.98
179249,Active,120820,NA,NA,S,15,1,516633.74,261.4,2010,61,4.14,46.61
179250,Active,120914,NA,NA,S,14,1,1848304.413,213.33,2007,37,4,11.51
179251,Active,120881,NA,NA,D,14,1,743279.3313,221.33,2007,96,4,13.43
179252,Active,120819,NA,NA,D,15,1,169033.0325,281.2,2010,50,12.69,38.5
179253,Active,344542,NA,NA,D,9,1,818665.7775,7.81,2008,50,4,53.12
179254,Active,55958,NA,NA,D,10,1,517705.0938,240,2009,51,7.23,86.12
179255,Active,244079,NA,NA,S,13,1,19913.37125,341.95,2011,64,13.89,141.71
179256,Active,61150,NA,NA,D,9,1,908171.1738,198.67,2006,45,4.59,21.98
179257,Active,119373,NA,NA,D,11,1,29390.655,293.8,2012,109,4.73,121.66
179258,Active,50397,NA,NA,D,11,1,838809.5675,216.95,2004,82,4,23.97
179259,Active,109967,NA,NA,D,3,1,273307.0188,63.43,2007,50,5.52,31.97
179260,Active,374088,NA,NA,D,1,0,2488967.238,93.95,1999,16,5.83,73.11
179261,Active,109443,NA,NA,D,3,1,1477902.939,92.6,2007,30,5.02,73.98
179262,Active,111899,NA,NA,D,6,1,18225.25875,369.5,2012,272,3.83,16.99
179263,Active,50428,NA,NA,D,5,1,469796.44,60,2009,213,4,12
179264,Active,112811,NA,NA,S,2,1,253310.5088,82.95,2009,43,35.19,60.64
179265,Active,177107,NA,NA,D,2,1,328754.0675,349.95,2005,54,5.29,32.99
179266,Active,169839,NA,NA,D,3,1,211980.3213,311.95,2009,53,24.98,63.99
179267,Active,54858,NA,NA,S,5,1,175984.3938,48.68,2008,50,4.13,37.99
179268,Active,54857,NA,NA,D,6,1,422858.255,148,2009,92,4,23.85
179269,Active,54859,NA,NA,D,6,1,730907.65,31.84,2010,65,4,25.99
179270,Active,334699,NA,NA,D,3,1,2903472.459,110,1997,18,28.91,101.89
179271,Active,655217,NA,NA,S,3,1,389566.8325,86.99,2013,32,30.37,46.25
179272,Active,203974,NA,NA,D,2,1,526283.78,74.99,2007,104,4.58,21.86
179273,Active,367101,NA,NA,D,0,0,1788601.88,54.95,2004,37,4,15.79
179274,Active,116493,NA,NA,D,6,1,390770.6025,154,2004,25,6.25,53.99
179275,Active,113659,NA,NA,D,5,1,701253.3038,118,1999,39,4.81,64.57
179276,Active,50421,NA,NA,D,5,1,720156.9538,74.95,2007,131,4,15.99
179277,Active,58567,NA,NA,D,6,1,128997.3075,89.95,2010,157,6.97,25.88
179278,Active,2271150,NA,NA,S,6,1,645033.4,118.21,1900,27,11.4,42.5
179279,Active,618958,NA,NA,D,2,1,523434.1875,51.99,2010,66,5.61,9.47
179280,Active,120610,NA,NA,S,3,1,187945.13,80.8,2010,43,14.86,61.74
179281,Active,117803,NA,NA,D,2,1,1350344.683,56,2006,39,4,21.56
179282,Active,664552,NA,NA,D,0,0,1101694.618,69.99,2013,47,38.14,47.54
179283,Active,2617395,NA,NA,S,3,1,2117437.07,99,1987,23,6.03,77.27
179284,Active,156220,NA,NA,S,4,1,2000886.906,88.95,1997,23,6.98,66.26
179285,Active,868343,NA,NA,D,2,1,661718.3163,230.95,1994,32,4,23.39
179286,Active,117708,NA,NA,D,4,1,170066.755,153.33,2005,52,12.74,37.48
179287,Active,121804,NA,NA,D,3,1,381131.7238,122.67,2000,70,5.06,31.9
179288,Active,2282549,NA,NA,S,7,1,318056.3013,30.14,2012,4,38.95,26.69
179289,Active,547714,NA,NA,D,5,1,1103276.953,110.67,1994,43,4,43.98
179290,Active,113581,NA,NA,D,6,1,279553.68,93.33,2004,37,11.97,49.96
179291,Active,546038,NA,NA,S,2,1,553228.9388,59.95,2012,32,37.3,45.77
179292,Active,152838,NA,NA,D,0,0,1621618.911,74.95,1996,36,4,27.99
179293,Active,312475,NA,NA,S,2,1,3758218.203,23,1999,17,4,19.01
179294,Active,120752,NA,NA,D,2,1,666341.3025,74.4,2010,64,3.88,47.23
179295,Active,309124,NA,NA,S,3,1,33834.01625,137.5,2010,53,43.98,68.92
179296,Active,3512617,NA,NA,D,1,0,6302245.55,99,1994,21,23.97,73.73
179297,Active,172669,NA,NA,D,1,0,565435.0363,85,2010,34,23.98,50.31
179298,Active,2226381,NA,NA,D,0,0,470336.245,0,2010,17,17.99,25.87
179299,Active,308453,NA,NA,D,2,1,265465.7,125,2002,27,6.81,30.44
179300,Active,108801,NA,NA,D,3,1,493985.3338,96.99,2005,39,17.09,59.7
179301,Active,135547,NA,NA,D,2,1,4485022.968,49.95,2001,23,4,15
179302,Active,135582,NA,NA,D,3,1,1180652.276,62.95,2004,26,4.87,0
179303,Active,135640,NA,NA,S,4,1,110831.2025,57.95,2009,45,15.88,36.79
179304,Active,663357,NA,NA,S,1,0,32010.125,66,2013,18,42.98,43.67
179305,Active,308978,NA,NA,D,3,1,1505264.775,65.17,2007,21,10.29,65.14
179306,Active,109746,NA,NA,S,3,1,279558.79,147.75,2005,39,11.2,99.02
179307,Active,124560,NA,NA,D,3,1,564372.6,65,2000,27,4.48,35.96
179308,Active,249826,NA,NA,D,2,1,456870.795,102.95,2008,39,13.01,29.46
179309,Active,297975,NA,NA,D,1,0,156372.3525,102.95,2002,59,4,21.98
179310,Active,109160,NA,NA,S,1,0,146622.46,150,2005,19,46.84,108.4
179311,Active,248902,NA,NA,D,4,1,1016157.42,75.95,2007,98,4,15.73
179312,Active,298881,NA,NA,D,5,1,66664.43125,92.95,2011,136,7.63,19.97
179313,Active,539869,NA,NA,S,5,1,46322.9,69.95,2013,89,38.01,40.64
179314,Active,1553429,NA,NA,S,2,1,573143.8688,49.95,2014,19,28.69,38.98
179315,Active,339160,NA,NA,S,1,0,103971.4325,73,2009,35,36.94,40.71
179316,Active,3482603,NA,NA,D,0,0,2383686.25,70,1975,33,5.22,36.98
179317,Active,403711,NA,NA,S,2,1,394633.0413,40.95,2009,18,23.94,31.41
179318,Active,1658955,NA,NA,D,1,0,613099.21,59.8,2011,15,4.49,73.11
179319,Active,176984,NA,NA,S,3,1,167767.3113,399.95,2003,95,5.86,63.99
179320,Active,2424482,NA,NA,D,0,0,1683264.969,32,1987,30,4.7,52.99
179321,Active,528999,NA,NA,S,3,1,404275.0213,41.95,2011,18,18.94,30.53
179322,Active,120791,NA,NA,S,2,1,1203594.205,85,2009,35,4,0
179323,Active,403712,NA,NA,S,0,0,1925630.625,65,2009,17,23.65,45.13
179324,Active,121215,NA,NA,S,2,1,132216.845,113.2,2010,40,18.99,55.24
179325,Active,125801,NA,NA,D,0,0,558885.3063,129,1999,38,7.64,41.24
179326,Active,385656,NA,NA,S,1,0,539339.1613,62.95,2004,31,21.02,42.41
179327,Active,264944,NA,NA,D,1,0,123591.95,89.95,2007,40,35.54,92.75
179328,Active,359406,NA,NA,S,0,0,45553.1,110,2009,25,35.98,53.18
179329,Active,273331,NA,NA,D,2,1,788475.8125,89.95,2003,38,4,15.72
179330,Active,2575650,NA,NA,D,0,0,5012672.981,67.49,1974,22,4.57,55
179331,Active,3463940,NA,NA,D,6,1,2027849.05,75.33,1993,30,4.14,61.66
179332,Active,246512,NA,NA,D,6,1,975247.5538,131.95,2007,38,6.95,53.39
179333,Active,162922,NA,NA,S,2,1,569911.1013,62.95,2009,32,26.64,53.85
179334,Active,862122,NA,NA,S,3,1,129499.3025,69.95,2014,23,39.58,47.53
179335,Active,270942,NA,NA,S,0,0,310279.2038,54,2010,30,22.94,47.95
179336,Active,393261,NA,NA,D,2,1,1524558.009,58.95,2008,15,11.35,58.95
179337,Active,310015,NA,NA,D,0,0,1026586.92,60.64,2005,35,4,8.69
179338,Active,199612,NA,NA,S,3,1,279703.665,43,1997,51,4,26.44
179339,Active,190488,NA,NA,D,2,1,354201.6625,75.59,1998,31,4,53.99
179340,Active,539906,NA,NA,D,3,1,16702.725,94.95,2012,55,22.83,78.99
179341,Active,55107,NA,NA,D,2,1,179887.3588,84.95,2009,61,12.22,48.56
179342,Active,1777586,NA,NA,S,1,0,141624.6,155,2012,24,29.73,82.47
179343,Active,60064,NA,NA,D,2,1,238636.8488,76.2,2003,44,4,20.99
179344,Active,132290,NA,NA,D,3,1,475573.8925,109.6,2007,39,6.99,57.07
179345,Active,538967,NA,NA,S,5,1,535124.4738,79.95,2013,33,34.73,45.35
179346,Active,913866,NA,NA,D,2,1,277425.8238,59.95,1985,16,11.74,311.2
179347,Active,621291,NA,NA,S,1,0,117965.425,184.75,2012,34,49.49,91.2
179348,Active,265684,NA,NA,D,0,0,596040.81,90,2007,97,4.08,48.75
179349,Active,658092,NA,NA,S,1,0,13377.615,66.67,2013,68,38.7,41.97
179350,Active,594670,NA,NA,D,0,0,110008.3238,119.95,2013,46,9.74,68.99
179351,Active,888964,NA,NA,D,0,0,1579125.341,98.95,2013,11,44.24,126.42
179352,Active,1518361,NA,NA,S,8,1,34707.90625,99.95,2014,53,62.91,68.98
179353,Active,147450,NA,NA,D,7,1,94468.15,99.95,2007,99,10.9,43.58
179354,Active,392576,NA,NA,S,2,1,254643.4338,62,2008,35,14.61,0
179355,Active,3612437,NA,NA,D,1,0,6752754.15,29,1983,15,4,13.99
179356,Active,2424375,NA,NA,D,2,1,657073.6388,105,1983,47,13,80.09
179357,Active,715814,NA,NA,D,3,1,431414.8575,118.28,2011,13,46.87,56.99
179358,Active,397158,NA,NA,D,2,1,1325327.173,49.98,2008,16,36.79,60.98
179359,Active,2559637,NA,NA,D,0,0,1672604.268,70.54,1978,29,5.32,52.67
179360,Active,404898,NA,NA,S,2,1,377045.4475,74.95,1996,24,4.95,25.87
179361,Active,861161,NA,NA,S,2,1,406234.44,133,2013,24,29.55,56.98
179362,Active,289240,NA,NA,D,3,1,1272901.449,99,2005,47,4,16.88
179363,Active,200194,NA,NA,D,1,0,1200094.056,59.95,2007,56,4,4.04
179364,Active,545651,NA,NA,D,3,1,71904.21,98.95,2012,78,4.28,46.89
179365,Active,200538,NA,NA,D,2,1,750144.1875,95.95,2009,97,4,13.99
179366,Active,118170,NA,NA,S,2,1,73208.96,81.6,2009,47,32.49,53.98
179367,Active,147695,NA,NA,S,4,1,17924.61625,69.95,2011,46,37.59,37.62
179368,Active,147261,NA,NA,D,3,1,462290.3563,58.95,2007,95,4,14.98
179369,Active,328153,NA,NA,D,1,0,2667236.553,102.95,1997,33,4,50.85
179370,Active,117435,NA,NA,D,2,1,360332.3938,213.33,2007,40,12.68,85.68
179371,Active,528986,NA,NA,D,3,1,35099.76875,261.2,2012,129,13.58,114.19
179372,Active,109612,NA,NA,D,8,1,594929.7863,178.41,2005,26,8.94,147.75
179373,Active,607556,NA,NA,D,2,1,352757.905,79.95,1991,46,14.57,63.15
179374,Active,126347,NA,NA,D,3,1,201420.795,134.95,2003,31,18.98,72.67
179375,Active,534393,NA,NA,D,2,1,769117.46,114.8,1992,27,5.49,55.18
179376,Active,113196,NA,NA,D,3,1,267631.0388,129.95,2011,33,26.85,63.72
179377,Active,549014,NA,NA,D,0,0,1873852.299,157.55,1988,26,4.63,38.99
179378,Active,618171,NA,NA,S,4,1,174653.935,195.95,1989,50,23.99,139.95
179379,Active,2559780,NA,NA,D,3,1,1224143.22,47.37,1980,54,4,47.37
179380,Active,406148,NA,NA,D,6,1,1671306.674,380.95,2006,37,4,26.66
179381,Active,177018,NA,NA,D,5,1,4648838.934,156.95,2003,12,3.99,12.22
179382,Active,169695,NA,NA,D,7,1,744725.2713,345.95,2009,67,4.48,44.97
179383,Active,165637,NA,NA,D,3,1,915509.7238,15.24,2004,76,4,11.97
179384,Active,162118,NA,NA,D,4,1,294164.4625,65.31,2010,74,5.98,54.99
179385,Active,52889,NA,NA,S,3,1,514844.6113,160.95,1999,74,4,33.29
179386,Active,52890,NA,NA,D,4,1,22916.32125,406.95,2006,93,8.99,33.97
179387,Active,284516,NA,NA,S,3,1,62619.35,101.95,1999,27,7.7,91.71
179388,Active,246528,NA,NA,S,1,0,286817.935,102.95,2009,46,42.72,49.94
179389,Active,193478,NA,NA,D,3,1,1794087.469,103.95,2006,31,4.72,5.39
179390,Active,193667,NA,NA,D,4,1,374066.6363,112.95,2009,60,4.46,23.54
179391,Active,143308,NA,NA,S,5,1,2704423.334,222.95,1997,59,4.41,18.04
179392,Active,253830,NA,NA,D,7,1,275280.7663,235.95,2008,82,10.1,23.91
179393,Active,2795511,NA,NA,D,0,0,1768789.216,73,1994,27,4,19.48
179394,Active,193466,NA,NA,S,2,1,1525548.54,57,2006,31,4.11,28.23
179395,Active,161407,NA,NA,D,6,1,6071570.671,68.8,1998,22,4,45
179396,Active,843030,NA,NA,S,2,1,325089.1638,351.95,1981,52,4,61.66
179397,Active,341868,NA,NA,D,7,1,554578.47,43.98,2003,57,4.13,39.83
179398,Active,131470,NA,NA,S,2,1,838322.9675,195.2,2002,41,18.3,43.99
179399,Active,203698,NA,NA,D,1,0,204815.29,82.99,2006,32,14.59,0
179400,Active,254003,NA,NA,S,12,1,50689.61625,59.95,2011,61,17.7,41.22
179401,Active,249211,NA,NA,S,11,1,1187810.765,50.95,2008,111,4,5.09
179402,Active,248764,NA,NA,D,10,1,2903432.651,41.95,2005,59,4,7.97
179403,Active,156675,NA,NA,S,1,0,166681.5263,50.95,2000,46,17.08,31.57
179404,Active,119248,NA,NA,S,4,1,892245.8263,133.8,1996,44,4.75,68.62
179405,Active,127127,NA,NA,S,4,1,61501.3875,96.95,2007,67,14.85,55.99
179406,Active,537147,NA,NA,D,6,1,18390.30375,89.95,2012,145,6.7,42.98
179407,Active,878125,NA,NA,D,5,1,2001949.91,73.35,2009,36,5.92,48.51
179408,Active,54168,NA,NA,D,5,1,78448.13375,82.95,2009,137,4.28,31.98
179409,Active,126654,NA,NA,S,3,1,1675507.12,77.95,2004,46,4.13,33.97
179410,Active,54167,NA,NA,D,4,1,740705.225,77.95,2006,104,4,9.1
179411,Active,50475,NA,NA,D,13,1,155818.7863,208.95,2011,98,23.86,78.8
179412,Active,50474,NA,NA,D,12,1,62160.98,200.95,2009,94,4.39,33.98
179413,Active,50473,NA,NA,D,11,1,694009.9163,143.95,2007,119,4,16.87
179414,Active,606896,NA,NA,D,6,1,3257236.24,73.75,2005,28,4,12.35
179415,Active,110581,NA,NA,D,7,1,525826.1663,8.26,2007,78,4,11.06
179416,Active,285440,NA,NA,D,8,1,173994.4025,27.99,2010,73,4.33,27.99
179417,Active,60526,NA,NA,D,6,1,597751.9963,106.25,2006,70,4,16.88
179418,Active,107973,NA,NA,D,5,1,2477910.685,4.28,2003,32,4,5.99
179419,Active,110081,NA,NA,D,7,1,377714.805,13.98,2008,97,4,11.99
179420,Active,2330918,NA,NA,S,2,1,434021.845,71.5,1974,20,4.76,63.74
179421,Active,597970,NA,NA,S,2,1,306391.6675,61.95,2005,30,17.43,50.65
179422,Active,3474805,NA,NA,D,0,0,6845155.2,69.85,1978,20,4,46.01
179423,Active,285610,NA,NA,D,0,0,1150115.943,139.25,2002,38,4.01,20.94
179424,Active,112258,NA,NA,S,2,1,244670.91,122.25,2004,30,11.65,55.6
179425,Active,461689,NA,NA,S,11,1,1752792.19,13.98,2005,34,4,13.98
179426,Active,628490,NA,NA,S,13,1,697085.7863,184,2012,27,6.63,98.48
179427,Active,2261077,NA,NA,D,4,1,631889.8313,0,2012,26,12.41,42.98
179428,Active,329971,NA,NA,D,3,1,277150.8688,56.95,2006,78,4,16.3
179429,Active,147660,NA,NA,D,4,1,51155.7175,69.95,2011,99,8.02,32.94
179430,Active,366560,NA,NA,D,2,1,265445.165,87.95,2010,109,21.04,49.69
179431,Active,60527,NA,NA,S,2,1,1701458.564,44.95,2001,41,4,27.89
179432,Active,157087,NA,NA,D,0,0,827392.9713,67.95,2002,14,15.52,43.94
179433,Active,264981,NA,NA,S,2,1,412399.865,68.95,2009,66,31.17,55.99
179434,Active,342582,NA,NA,D,3,1,1457305.185,28.99,2003,42,4.15,28.94
179435,Active,222995,NA,NA,S,1,0,1093698.475,246.95,1998,20,3.96,65.91
179436,Active,144791,NA,NA,D,11,1,720458.7975,63.4,2004,47,4,16.48
179437,Active,132892,NA,NA,S,13,1,56718.79125,122.8,2009,65,39.98,94.99
179438,Active,56508,NA,NA,S,3,1,2800145.666,183.95,2004,46,4,13.69
179439,Active,56504,NA,NA,D,4,1,1024719.409,216.95,2007,59,4,9.24
179440,Active,914827,NA,NA,S,7,1,144155.6,36.95,2013,28,28.93,0
179441,Active,127441,NA,NA,S,5,1,197473.0388,65.95,2008,63,11.62,31.44
179442,Active,867994,NA,NA,D,0,0,1006438.606,45.95,1992,22,4,6.44
179443,Active,123997,NA,NA,S,2,1,89936.8,176.95,2001,49,16.49,72.41
179444,Active,320931,NA,NA,D,0,0,1541115.153,59.95,2009,68,4,16.99
179445,Active,528974,NA,NA,D,2,1,78755.0125,65.95,2012,49,8.7,43.48
179446,Active,183371,NA,NA,D,4,1,2471127.008,108.95,2006,30,4,18.09
179447,Active,170072,NA,NA,D,5,1,797989.6463,135.95,2009,31,4,7.73
179448,Active,226011,NA,NA,D,1,0,2564761.668,79.95,2006,10,17.89,38.99
179449,Active,254267,NA,NA,D,2,1,2053948.96,99.95,2010,19,11.8,61.28
179450,Active,226027,NA,NA,D,1,0,2475048.293,119.95,2006,17,50.34,79.98
179451,Active,564273,NA,NA,D,2,1,566645.4013,99,1991,32,4,41.98
179452,Active,225953,NA,NA,S,3,1,41191.955,65.95,2011,42,43.83,45.95
179453,Active,246469,NA,NA,D,1,0,350061.685,90.95,2006,28,7.96,78.15
179454,Active,113742,NA,NA,D,2,1,1237824.338,77,1999,20,13.86,92.29
179455,Active,340003,NA,NA,D,1,0,1145799.778,55,2010,18,37.63,40.98
179456,Active,177552,NA,NA,D,1,0,782930.2725,152.95,2007,33,4,13.99
179457,Active,178064,NA,NA,S,5,1,170793.5513,313.95,2008,58,8.74,23.98
179458,Active,888854,NA,NA,S,2,1,280847.9113,63,2012,29,39.03,58.99
179459,Active,411045,NA,NA,D,1,0,299885.0825,79,2002,22,36.94,102.34
179460,Active,608503,NA,NA,S,2,1,406300.8263,355.95,1994,39,4,13.34
179461,Active,307809,NA,NA,S,4,1,558036.94,85.97,2002,15,45.73,45.95
179462,Active,57417,NA,NA,D,12,1,407457.2425,247.95,2005,53,4.42,21.98
179463,Active,113082,NA,NA,D,4,1,105191.5163,105,2009,41,10.99,43.99
179464,Active,113424,NA,NA,D,3,1,873820.8113,99.95,2004,33,5.11,28.99
179465,Active,57415,NA,NA,D,13,1,157307.6125,328.95,2008,49,8.9,64.37
179466,Active,635429,NA,NA,D,2,1,580835.145,60,1997,27,27.78,58.34
179467,Active,1959692,NA,NA,S,0,0,18106,99.95,2014,31,52.94,71.28
179468,Active,113423,NA,NA,S,8,1,271651.1775,93.95,2003,38,4.4,18.98
179469,Active,864671,NA,NA,S,11,1,35999.92625,99.95,2014,43,41.54,53.22
179470,Active,566432,NA,NA,S,3,1,80949.43875,217.95,1968,42,18.94,139.01
179471,Active,2569891,NA,NA,D,1,0,2779923.35,55.67,1969,25,4,54.09
179472,Active,253888,NA,NA,D,3,1,284288.5338,143.95,2009,43,7.68,86.75
179473,Active,245213,NA,NA,S,3,1,158955.45,273.95,2005,41,25.27,80.22
179474,Active,366725,NA,NA,D,2,1,4529951.059,36.95,2002,22,4,9.8
179475,Active,202254,NA,NA,D,2,1,1908162.995,276.95,2001,28,4,19.94
179476,Active,332901,NA,NA,D,0,0,3891979.081,28.95,2001,14,4.97,28.95
179477,Active,166782,NA,NA,D,2,1,3266594.624,148.29,2004,26,4,51.81
179478,Active,145708,NA,NA,S,1,0,20747.7525,103.6,2007,64,46.66,80.84
179479,Active,178697,NA,NA,S,2,1,192391.415,81.95,2010,73,4,24.69
179480,Active,366566,NA,NA,D,1,0,2107070.871,146.95,2010,17,14.06,61.92
179481,Active,616713,NA,NA,S,1,0,191609.9038,132,2012,55,48.29,93.99
179482,Active,286193,NA,NA,D,8,1,109414.5563,153.6,2010,76,4,33.98
179483,Active,120705,NA,NA,D,7,1,1305469.688,121.8,2008,64,4,11.93
179484,Active,183806,NA,NA,S,2,1,2610089.733,103.95,2000,41,4,7.17
179485,Active,535017,NA,NA,D,7,1,63835.345,226.95,2012,50,7.35,71.99
179486,Active,120790,NA,NA,D,2,1,635258.9125,121.6,2009,33,5.03,73.57
179487,Active,272325,NA,NA,D,0,0,1261570.716,89.95,2008,17,29.99,69.93
179488,Active,109264,NA,NA,D,1,0,356873.46,173.5,2008,41,6.69,56.58
179489,Active,254575,NA,NA,D,3,1,654104.0263,76,2010,77,4,75.08
179490,Active,251092,NA,NA,D,2,1,1070595.889,97.95,2008,48,4,62.41
179491,Active,193396,NA,NA,S,2,1,431930.17,60,2005,28,5.05,33.7
179492,Active,321014,NA,NA,D,2,1,600736.56,95.95,2010,58,13.19,32.98
179493,Active,824980,NA,NA,D,1,0,2287502.739,34.95,1991,59,4,45.59
179494,Active,864974,NA,NA,S,2,1,1340537.609,40.95,2013,16,25.99,32.27
179495,Active,246781,NA,NA,S,1,0,16748.825,137.95,2011,56,16.29,33.99
179496,Active,53289,NA,NA,D,8,1,431841.82,269.95,2007,88,4.58,17.09
179497,Active,532085,NA,NA,S,13,1,100893.5038,183.95,2012,26,28.69,102.96
179498,Active,291635,NA,NA,S,7,1,1497407.626,109.95,2005,72,4,33.65
179499,Active,177671,NA,NA,S,9,1,1451682.151,108.95,2000,91,4,5.63
179500,Active,3251541,NA,NA,S,2,1,350837.04,70.6,2000,40,10.86,51.98
179501,Active,658463,NA,NA,S,2,1,394838.7825,40,2010,32,26.39,25.98
179502,Active,279600,NA,NA,D,0,0,459773.53,335.85,2011,27,10.18,60.46
179503,Active,452828,NA,NA,D,9,1,54429.71125,280.95,2010,79,9.99,62.85
179504,Active,169422,NA,NA,D,8,1,212655.545,269.95,2007,63,4.82,39.35
179505,Active,50429,NA,NA,D,11,1,397646.7275,336.95,2006,127,4,7.94
179506,Active,50430,NA,NA,D,12,1,130027.9738,317.95,2008,174,4.27,10.57
179507,Active,346434,NA,NA,D,9,1,1117620.3,134.95,2010,31,4,57.9
179508,Active,52163,NA,NA,S,7,1,643610.6138,337.95,2005,53,16.53,96.85
179509,Active,420195,NA,NA,S,2,1,562496.1713,89.95,2012,38,44.4,44.61
179510,Active,311938,NA,NA,D,1,0,1902180.531,86.95,2004,17,8.5,38.97
179511,Active,2536342,NA,NA,D,3,1,4541256.376,37.5,2000,18,4.77,26.49
179512,Active,131233,NA,NA,S,2,1,377248.9963,204.6,1998,57,26.66,54.63
179513,Active,50494,NA,NA,D,3,1,104011.5713,97.95,2010,124,4.52,13.94
179514,Active,1718576,NA,NA,S,2,1,148387.6163,70,2014,14,28.98,49.03
179515,Active,545652,NA,NA,D,4,1,4071.17125,103.95,2013,108,17.54,49.98
179516,Active,390049,NA,NA,D,0,0,533676.8638,85,2004,25,4,5.08
179517,Active,153879,NA,NA,S,1,0,58000.90375,101.5,2010,36,41.41,90.02
179518,Active,341374,NA,NA,D,3,1,219469.5338,105,1998,35,4,25.99
179519,Active,402785,NA,NA,D,1,0,1042387.356,118,1999,30,18.55,76.15
179520,Active,3197249,NA,NA,S,4,1,523958.525,20.34,1996,38,21.12,17.05
179521,Active,881429,NA,NA,S,2,1,388983.8638,26.07,2014,15,13.52,23.9
179522,Active,616996,NA,NA,D,1,0,229948.0288,108,1994,34,15.99,73.83
179523,Active,1929115,NA,NA,S,0,0,40311.425,52,2015,8,37.58,37.6
179524,Active,2342785,NA,NA,D,2,1,1178779.436,131.75,1980,53,4,22.74
179525,Active,335864,NA,NA,S,4,1,10231576.29,99,1998,14,6.25,43.95
179526,Active,50454,NA,NA,D,4,1,1106329.439,67.95,2007,111,4,9.4
179527,Active,50455,NA,NA,D,5,1,139107.24,81.95,2011,119,4.4,23.99
179528,Active,147294,NA,NA,D,6,1,912946.2663,54.95,2006,68,4,7.66
179529,Active,329948,NA,NA,D,5,1,3294572.293,43.95,2002,38,4,45.55
179530,Active,147657,NA,NA,S,7,1,34496.72375,71.95,2010,58,28.65,45.15
179531,Active,165573,NA,NA,S,4,1,55274.3625,209.75,2011,56,46.15,68.34
179532,Active,545660,NA,NA,S,2,1,62254.32,76,2012,51,23.98,37.51
179533,Active,194093,NA,NA,D,1,0,461492.5413,68,2005,76,4.11,12.65
179534,Active,261066,NA,NA,D,2,1,1597578.766,55.95,1999,31,4,8.69
179535,Active,261097,NA,NA,S,3,1,166951.3063,74.95,2010,32,49.02,84.24
179536,Active,390057,NA,NA,D,5,1,1973061.236,90,2008,37,4,29.34
179537,Active,163554,NA,NA,S,2,1,626483.66,209.95,1995,42,10.19,71.89
179538,Active,391210,NA,NA,S,3,1,701215.155,95,2002,21,4.44,46.95
179539,Active,410727,NA,NA,D,4,1,431750.4988,110,2006,17,7.06,70.57
179540,Active,391203,NA,NA,S,2,1,3679475.105,70,1996,25,4,33.99
179541,Active,392970,NA,NA,D,4,1,791681.22,65,2008,19,7.62,31.1
179542,Active,1826334,NA,NA,S,4,1,22767.52625,75.95,2015,34,38.92,45.99
179543,Active,594668,NA,NA,D,3,1,79000.98125,86.95,2012,88,4.98,33.11
179544,Active,561640,NA,NA,D,3,1,1345195.854,54.95,2005,54,4,9.24
179545,Active,147634,NA,NA,D,4,1,211146.55,70.95,2010,73,10.99,30.99
179546,Active,318299,NA,NA,S,5,1,980877.8488,97.95,1996,38,4.49,6.48
179547,Active,60528,NA,NA,D,7,1,442949.3538,180.95,2005,57,4.65,18.23
179548,Active,657973,NA,NA,S,6,1,110544.9925,62.95,2013,38,35.43,39.99
179549,Active,904041,NA,NA,D,1,0,1210040.158,72,2009,25,7.12,44.55
179550,Active,403601,NA,NA,D,2,1,5490986.82,160,1999,22,4,32.49
179551,Active,320245,NA,NA,S,3,1,585002.1513,45,2006,32,40.86,42.62
179552,Active,118488,NA,NA,D,9,1,475856.8575,127.4,2007,29,9.83,51.91
179553,Active,60529,NA,NA,D,8,1,932870.5388,164.8,2004,32,4.22,28.91
179554,Active,623059,NA,NA,D,2,1,157413.9238,117,1989,28,6.38,51.81
179555,Active,114816,NA,NA,D,0,0,331992.0525,101.2,2001,52,7.51,55.97
179556,Active,315201,NA,NA,S,3,1,5727192.429,91,1996,20,8.88,16.72
179557,Active,282092,NA,NA,S,2,1,53408.45,39.99,2011,14,20.78,27.23
179558,Active,2225704,NA,NA,S,5,1,651552.7675,40,2014,3,26.98,28.93
179559,Active,233674,NA,NA,D,2,1,1660214.774,137,1998,18,4.44,23.98
179560,Active,318048,NA,NA,S,2,1,680076.3175,108.2,1999,37,6.36,38.98
179561,Active,546142,NA,NA,S,2,1,236278.7288,83.95,2014,36,41.54,63.84
179562,Active,545504,NA,NA,S,2,1,352610.555,52,2012,37,32.88,33.56
179563,Active,528961,NA,NA,S,3,1,122043.2875,109.99,2012,69,39.31,76.24
179564,Active,203848,NA,NA,D,2,1,734624.06,94.99,2007,54,4,15.1
179565,Active,528962,NA,NA,S,3,1,270544.1588,51.99,2012,33,16.68,39.93
179566,Active,313915,NA,NA,D,2,1,1575032.604,71.2,2004,47,4,44.25
179567,Active,537493,NA,NA,S,9,1,20205.6575,69.95,2012,60,10.1,32.62
179568,Active,312849,NA,NA,D,1,0,3135151.994,49,2002,20,4,39
179569,Active,120287,NA,NA,D,3,1,533952.3488,103.4,2008,73,4,21.99
179570,Active,119275,NA,NA,S,4,1,111127.5163,124.2,2012,55,23.34,75.73
179571,Active,60530,NA,NA,D,7,1,740686.1263,89.95,2003,59,4,41.99
179572,Active,196751,NA,NA,D,8,1,331179.375,72.95,2008,172,4,23.99
179573,Active,174824,NA,NA,D,0,0,1906740.484,70,1999,17,5.53,71.48
179574,Active,607439,NA,NA,D,7,1,1061481.923,52.6,1991,37,4,45.55
179575,Active,148283,NA,NA,D,1,0,746358.145,140.95,2004,22,19.69,73.49
179576,Active,528959,NA,NA,S,2,1,55267.3125,99,2012,75,43.98,59.39
179577,Active,528956,NA,NA,S,3,1,3362536.821,53.98,2007,20,6.98,61.63
179578,Active,132515,NA,NA,D,8,1,507839.96,92,2008,50,4,49.06
179579,Active,865585,NA,NA,S,3,1,195564.1413,52,2013,30,22.54,35.31
179580,Active,60531,NA,NA,D,2,1,568168.8013,152.95,2006,62,4,13.47
179581,Active,348693,NA,NA,S,8,1,1080248.911,134.95,2003,55,4,6.45
179582,Active,169918,NA,NA,D,3,1,74913.13875,245.95,2009,60,7.94,29.89
179583,Active,279289,NA,NA,S,3,1,85030.4825,72.95,2009,50,17.91,24.75
179584,Active,3828850,NA,NA,S,4,1,99752.675,79.95,2015,18,51.46,55.95
179585,Active,132670,NA,NA,D,11,1,722562.3238,120.8,2008,36,4.3,24.98
179586,Active,131961,NA,NA,D,10,1,1722727.655,100,2005,38,4,20.13
179587,Active,870238,NA,NA,S,7,1,71198.37,46.95,2014,22,30.05,28.01
179588,Active,608827,NA,NA,S,4,1,2633058.226,45.95,2001,40,4,15.99
179589,Active,544917,NA,NA,S,4,1,135382.1375,42.95,2013,31,26,37.39
179590,Active,246809,NA,NA,D,3,1,768898.72,54.6,2008,39,5.98,58.1
179591,Active,246661,NA,NA,D,1,0,128145.185,85.95,2009,86,5.48,25.13
179592,Active,908151,NA,NA,D,10,1,538036.2413,0,2010,39,10.68,82.52
179593,Active,392899,NA,NA,D,4,1,280471.7288,18.99,2009,97,4,18.94
179594,Active,544316,NA,NA,S,11,1,14109.08875,117.95,2013,90,40.54,78.98
179595,Active,862124,NA,NA,D,2,1,28019.85125,95,2014,81,8.52,22.45
179596,Active,177952,NA,NA,D,8,1,223425.29,42.95,2003,56,4.35,25.7
179597,Active,53466,NA,NA,D,7,1,340181.6938,106.65,2009,181,4.62,11.91
179598,Active,153811,NA,NA,D,8,1,257986.3763,36.76,2011,144,4.76,27.98
179599,Active,600336,NA,NA,S,5,1,239210.4388,52.98,2013,19,13.98,40.11
179600,Active,397078,NA,NA,D,3,1,1672135.19,7.99,2007,49,4.09,7.59
179601,Active,55952,NA,NA,D,9,1,127420.2025,82.95,2006,83,4,50.01
179602,Active,872478,NA,NA,D,5,1,116241.0463,51.99,2012,42,6.55,48.48
179603,Active,615745,NA,NA,D,1,0,78216.2075,90,2012,125,7.89,19.98
179604,Active,286290,NA,NA,S,3,1,624063.1663,214.6,1999,23,6.88,61.61
179605,Active,866731,NA,NA,D,10,1,63290.695,96.85,2014,43,7.09,53.05
179606,Active,110059,NA,NA,S,7,1,1128180.229,38.98,2011,45,3,33.29
179607,Active,633694,NA,NA,D,9,1,423635.0013,41.99,2013,47,4.13,28.98
179608,Active,528953,NA,NA,S,8,1,968242.1325,38.4,2012,50,4,39.49
179609,Active,139022,NA,NA,D,2,1,1054397.958,46,2002,39,4,38.09
179610,Active,198878,NA,NA,S,2,1,215043.1875,36,2009,41,16.22,33.28
179611,Active,50487,NA,NA,D,6,1,407252.2838,126.67,2006,92,4,18.95
179612,Active,50488,NA,NA,D,6,1,246347.4463,137.33,2006,72,4,7.21
179613,Active,169510,NA,NA,D,4,1,112282.3038,360.95,2008,60,32.08,115.83
179614,Active,60532,NA,NA,D,3,1,855573.1375,380.95,2000,46,4,46.77
179615,Active,225914,NA,NA,D,1,0,1992754.604,109.95,2008,12,58.99,97.73
179616,Active,146897,NA,NA,D,2,1,480965.1875,61.95,2001,23,8.99,44.99
179617,Active,147267,NA,NA,D,3,1,84305.715,87.95,2007,38,25.97,73.97
179618,Active,600375,NA,NA,S,9,1,1007090.801,62.8,2009,20,4.98,46.88
179619,Active,297978,NA,NA,D,1,0,1260811.551,238.95,2003,43,4.53,23.28
179620,Active,145073,NA,NA,S,4,1,675081.425,54.99,2006,24,14.71,46.03
179621,Active,528951,NA,NA,S,3,1,1369289.724,79.95,2010,17,29.55,73.97
179622,Active,269376,NA,NA,D,0,0,3515653.784,74.95,2006,18,4.77,46.55
179623,Active,213225,NA,NA,D,2,1,580496.1288,95,2007,30,4.46,54.45
179624,Active,1781020,NA,NA,S,0,0,95755.905,66.75,2014,41,12.02,48.34
179625,Active,368814,NA,NA,S,1,0,550021.8938,52.95,2008,27,23.57,47.35
179626,Active,60067,NA,NA,D,5,1,132035.3088,356.95,2000,64,6.05,58.99
179627,Active,387032,NA,NA,S,2,1,429507.23,74.95,2009,24,23.37,28.71
179628,Active,364691,NA,NA,D,0,0,1619102.946,68.95,2001,17,22.48,39.66
179629,Active,162458,NA,NA,S,6,1,314470.2525,94.86,2008,18,25.12,72.97
179630,Active,339442,NA,NA,D,6,1,350803.8638,77.61,2008,55,17.28,70.65
179631,Active,60533,NA,NA,D,5,1,557053.74,56.53,2004,32,5.37,61.94
179632,Active,876761,NA,NA,D,4,1,434575.425,142.31,2011,27,8.98,57.89
179633,Active,169532,NA,NA,D,3,1,327905.3075,293.95,2007,54,6.24,30.26
179634,Active,291933,NA,NA,D,9,1,472619.4688,129.33,2010,26,11.57,48.84
179635,Active,349597,NA,NA,D,7,1,3376928.819,75.03,2004,12,4.79,28.99
179636,Active,166810,NA,NA,D,1,0,2332007.723,90,2005,18,4.97,31.51
179637,Active,300779,NA,NA,D,2,1,1391311.683,51,2005,19,28.93,42.99
179638,Active,528947,NA,NA,S,3,1,231941.2325,58,2012,23,39.14,43.99
179639,Active,312050,NA,NA,S,4,1,114799.0238,71.95,2010,38,30.54,55.02
179640,Active,335916,NA,NA,D,1,0,1449114.074,84.95,1995,19,10.23,62.16
179641,Active,528945,NA,NA,S,2,1,631011.1963,74.95,2011,21,48.72,47.59
179642,Active,175434,NA,NA,D,0,0,1218449.45,86,2002,21,22.98,51.95
179643,Active,869408,NA,NA,S,2,1,157253.0813,59.99,2014,18,43.41,58.31
179644,Active,265302,NA,NA,D,1,0,979157.9875,56,2004,22,6.61,29.98
179645,Active,2559740,NA,NA,D,1,0,2598175.55,165,1994,29,17.68,43.98
179646,Active,579118,NA,NA,S,3,1,534099.4938,103,1996,39,24.03,72.98
179647,Active,528941,NA,NA,D,3,1,526140.4813,79.95,2010,51,53.98,70.55
179648,Active,408559,NA,NA,S,2,1,837813.5488,60,2005,33,22.49,41.97
179649,Active,387116,NA,NA,D,5,1,1849907.114,29.98,2008,37,4.98,22.78
179650,Active,52639,NA,NA,D,3,1,650690.8338,133.33,2007,168,4,7.75
179651,Active,52638,NA,NA,D,2,1,1327463.208,100,2004,82,3.97,4
179652,Active,629116,NA,NA,D,1,0,45319.1025,110,2013,41,12.45,0
179653,Active,2796083,NA,NA,D,4,1,2083773.774,130.6,1988,43,4,52.25
179654,Active,309992,NA,NA,S,3,1,824698.1713,107.25,2005,36,4,9.89
179655,Active,313684,NA,NA,D,0,0,2676927.006,138.6,2001,31,4,21.99
179656,Active,313890,NA,NA,S,2,1,185905.1263,210,2006,35,14.87,53.97
179657,Active,3615459,NA,NA,D,7,1,2018762.55,35.4,2002,22,5.23,42.12
179658,Active,202313,NA,NA,D,1,0,516005.1513,179.95,2001,37,4,35.16
179659,Active,116169,NA,NA,S,8,1,165251.6725,99.8,2005,27,22.19,0
179660,Active,637771,NA,NA,D,3,1,105839.885,139.95,2012,37,25.59,26.94
179661,Active,642001,NA,NA,S,2,1,462161.42,79.99,2013,29,40.62,65.17
179662,Active,157531,NA,NA,S,2,1,213743.8513,49.95,2008,41,8.3,18
179663,Active,1505781,NA,NA,S,4,1,752239.7525,61,2007,52,14.64,55.92
179664,Active,887556,NA,NA,D,2,1,1386934.599,58.95,1984,13,31.43,133.66
179665,Active,528935,NA,NA,D,2,1,770991.1625,54,2008,16,46.1,46.1
179666,Active,3121709,NA,NA,D,0,0,4390104.775,75,2004,11,46.54,66.34
179667,Active,119176,NA,NA,D,1,0,1473476.144,69,1998,17,7.98,82.31
179668,Active,145269,NA,NA,D,2,1,485589.7025,122,2006,24,8.81,68.31
179669,Active,130122,NA,NA,D,0,0,1040536.281,106.6,2002,34,4,21.99
179670,Active,866974,NA,NA,S,9,1,2599284.71,49.95,2014,17,5.35,36.79
179671,Active,260025,NA,NA,D,5,1,105771.2225,111,2011,46,22.41,32.98
179672,Active,260003,NA,NA,D,4,1,785374.08,125.5,2007,45,4.39,32.99
179673,Active,152513,NA,NA,D,0,0,516296.8063,69.95,2009,37,37.76,38.18
179674,Active,351234,NA,NA,S,2,1,523083.5488,62.8,2012,31,3.43,55.99
179675,Active,208063,NA,NA,D,1,0,201106.945,32,2002,38,5.53,46.84
179676,Active,911637,NA,NA,S,2,1,67009.375,55,2013,39,42.24,41.25
179677,Active,2320171,NA,NA,D,5,1,2385039.738,255.3,1983,27,4,49.98
179678,Active,548137,NA,NA,S,6,1,73361.0575,334.95,1990,45,20.71,65.31
179679,Active,167274,NA,NA,D,7,1,1433210.991,19.98,2008,34,4,18.72
179680,Active,164690,NA,NA,D,6,1,2460619.19,25.94,2005,41,4,22.33
179681,Active,162678,NA,NA,S,8,1,95728.15375,128,2011,33,43.78,66.68
179682,Active,528931,NA,NA,S,8,1,743428.2163,57,2011,21,8.53,22.09
179683,Active,50548,NA,NA,D,8,1,403071.005,74.99,2009,75,6.11,35.9
179684,Active,202206,NA,NA,D,3,1,1565472.994,261.95,1999,36,4,13.68
179685,Active,321061,NA,NA,S,4,1,74432.70375,41.95,2010,37,22.22,35.31
179686,Active,392426,NA,NA,D,0,0,1201682.773,60,2007,32,4,43.55
179687,Active,2696493,NA,NA,D,1,0,3911576.563,72.95,1989,18,6.43,89.72
179688,Active,713373,NA,NA,D,1,0,657093.2438,115,2003,16,11.64,23.99
179689,Active,396761,NA,NA,D,2,1,443408.645,34.95,2007,51,4,61.83
179690,Active,1690803,NA,NA,S,0,0,749327.4225,39,2011,23,25.37,29.32
179691,Active,203615,NA,NA,D,1,0,550398.5013,63.95,2006,44,4,12.49
179692,Active,393022,NA,NA,S,2,1,94052.305,79.99,2011,37,33.98,38.68
179693,Active,619570,NA,NA,S,2,1,2297491.923,82.95,1988,24,4,47.75
179694,Active,252813,NA,NA,D,7,1,37707.17,371.93,2010,72,5.49,60.55
179695,Active,51765,NA,NA,D,7,1,18127.17,113.46,2010,155,5.94,114.7
179696,Active,51764,NA,NA,D,6,1,66144.19875,57.08,2007,117,4.39,27.32
179697,Active,51763,NA,NA,D,5,1,136427.7025,172.5,2005,177,4.39,16.54
179698,Active,115525,NA,NA,D,4,1,1515146.529,112,2004,43,4,19.49
179699,Active,119194,NA,NA,D,3,1,5835258.085,78,1999,18,4,4.09
179700,Active,224694,NA,NA,D,4,1,22588.66125,177.95,2012,92,8.29,48.44
179701,Active,247686,NA,NA,D,1,0,2163812.479,63,2007,31,4,13.29
179702,Active,243803,NA,NA,S,2,1,238701.1275,84.99,2011,37,42.27,53.97
179703,Active,647187,NA,NA,S,14,1,155144.42,69.01,2012,24,26.93,43.74
179704,Active,246486,NA,NA,S,2,1,310469.3288,97.95,2006,20,48.79,69.6
179705,Active,355887,NA,NA,D,1,0,946635.375,94.95,2001,19,9.29,22.99
179706,Active,373722,NA,NA,D,0,0,3173223.059,29,1997,17,4,51.23
179707,Active,902552,NA,NA,S,2,1,889043.7063,74.99,2015,19,44.59,54.77
179708,Active,528923,NA,NA,D,4,1,1108723.249,54.95,2005,21,4.99,71.29
179709,Active,50576,NA,NA,D,8,1,488054.255,166.2,2008,45,7.32,48.97
179710,Active,60534,NA,NA,D,1,0,218309.675,185.95,1996,86,4.39,30.38
179711,Active,178234,NA,NA,D,2,1,107412.2813,267.95,2005,53,22.39,120.28
179712,Active,2573674,NA,NA,D,3,1,1792698.331,89.14,1972,25,4,52.57
179713,Active,320923,NA,NA,S,6,1,108504.6738,66,2008,30,30.16,29.81
179714,Active,549207,NA,NA,S,3,1,675031.8025,136.7,1974,26,8.12,94.23
179715,Active,2346619,NA,NA,S,3,1,1284723.444,90,1974,21,23.64,66.6
179716,Active,257477,NA,NA,D,3,1,2666966.595,94,1995,30,4.76,48.99
179717,Active,60535,NA,NA,D,4,1,458919.075,129.95,2003,29,8.37,70.13
179718,Active,320119,NA,NA,D,1,0,5091362.176,199.95,1996,17,9.66,70.67
179719,Active,792424,NA,NA,D,3,1,4122099.198,29.95,2003,32,4.13,17.94
179720,Active,164642,NA,NA,D,0,0,714778.7163,155.39,2004,37,14.44,65.75
179721,Active,129732,NA,NA,S,1,0,9923.41,73.2,1999,45,46.39,59.43
179722,Active,2577496,NA,NA,D,0,0,1063271.805,73.99,1984,20,3.99,68.63
179723,Active,166449,NA,NA,D,1,0,883939.28,162,2008,26,7.91,37.18
179724,Active,166512,NA,NA,D,1,0,2950515.395,150,2004,16,23.99,40.31
179725,Active,117611,NA,NA,S,1,0,336721.1025,207.6,2007,30,33.97,89.98
179726,Active,156891,NA,NA,S,3,1,557225.185,59.95,2001,38,9.49,25.31
179727,Active,176871,NA,NA,D,1,0,2874795.738,92.95,2001,21,4.47,42.13
179728,Active,103857,NA,NA,D,0,0,2815149.775,106.5,1997,21,4.63,58.93
179729,Active,107485,NA,NA,D,2,1,1186474.411,56.37,2001,21,6.42,62.63
179730,Active,198374,NA,NA,D,2,1,1022531.725,61,2010,23,19.39,51.99
179731,Active,198336,NA,NA,D,0,0,2378584.188,49.95,2004,22,8.99,94.19
179732,Active,341334,NA,NA,D,1,0,1653569.546,170,2002,24,32.52,38.99
179733,Active,162249,NA,NA,S,2,1,370039.6363,50,2008,37,11.99,21.87
179734,Active,408362,NA,NA,S,0,0,592426.9413,115,1996,34,28.67,68.95
179735,Active,363534,NA,NA,D,5,1,1979405.671,39.95,2005,19,3.43,5.04
179736,Active,106960,NA,NA,S,1,0,158194.81,76.75,2002,40,10.03,22.51
179737,Active,114815,NA,NA,S,2,1,631269.5838,65.8,2005,29,12.71,37.99
179738,Active,293619,NA,NA,D,3,1,401097.4213,102.01,2009,26,4.97,45.91
179739,Active,3272212,NA,NA,D,3,1,3440357.459,0,2003,16,30.95,127.28
179740,Active,239622,NA,NA,D,2,1,1932828.081,67.95,1997,16,7.08,48.89
179741,Active,239629,NA,NA,D,3,1,666015.385,69.95,2004,41,11.39,82.75
179742,Active,192482,NA,NA,D,5,1,666578.2038,131.95,2004,30,22.47,28.96
179743,Active,774765,NA,NA,D,4,1,1020605.061,99,2000,33,4.48,43.67
179744,Active,286260,NA,NA,S,2,1,54928.12,65,2009,47,26.84,38.99
179745,Active,190368,NA,NA,S,7,1,246636.8,63.13,1995,59,18.94,55.51
179746,Active,574222,NA,NA,S,2,1,117719.65,38.99,2012,15,36.99,35.05
179747,Active,217672,NA,NA,S,2,1,638368.68,83.99,2006,43,28.62,61.02
179748,Active,369366,NA,NA,D,2,1,3417102.031,79.99,1999,22,4.35,49.51
179749,Active,251999,NA,NA,D,2,1,463287.9175,194.95,2008,29,36.42,116.85
179750,Active,294035,NA,NA,D,1,0,695855.56,214.95,2003,27,31.08,79.97
179751,Active,157191,NA,NA,S,2,1,87992.36,51.95,2009,37,27.96,39.5
179752,Active,175925,NA,NA,S,1,0,51520.95,84.99,2010,31,38.99,48.99
179753,Active,403624,NA,NA,S,1,0,54683.05,95.95,2009,55,32.22,44.99
179754,Active,208087,NA,NA,D,0,0,344494.5913,58,2005,69,4.86,26.99
179755,Active,872547,NA,NA,S,2,1,57191.225,65,2013,77,43.99,47.72
179756,Active,797700,NA,NA,D,2,1,1253874.195,190.95,2004,38,4,9.28
179757,Active,57008,NA,NA,D,5,1,8930214.398,67.95,2004,13,4,93.49
179758,Active,57004,NA,NA,D,8,1,1002642.376,111.95,2009,27,4.44,46.19
179759,Active,143632,NA,NA,S,5,1,476779.5188,97,2009,37,4,69.13
179760,Active,146522,NA,NA,D,4,1,120483.9525,216.8,2011,88,5.47,93.55
179761,Active,176922,NA,NA,S,3,1,3375195.18,119.95,2003,28,4,8.99
179762,Active,176730,NA,NA,S,2,1,10293657.3,82.95,1999,20,4.08,23.94
179763,Active,795013,NA,NA,D,0,0,4124150.078,17.99,2009,16,7.9,17.99
179764,Active,877267,NA,NA,S,12,1,178173.5188,148,2014,24,17.01,44.97
179765,Active,118823,NA,NA,S,3,1,2879660.066,160,2006,18,10.83,53.98
179766,Active,254109,NA,NA,D,4,1,1182478.728,262.95,2010,39,4.77,55.99
179767,Active,183719,NA,NA,S,4,1,1922736.438,289.95,2007,47,4.34,18.98
179768,Active,110980,NA,NA,S,3,1,1411334.481,125.95,2008,45,4,10.83
179769,Active,603515,NA,NA,D,2,1,79281.10125,63.99,2010,54,12.52,24.43
179770,Active,286141,NA,NA,D,3,1,472071.7063,156.67,2006,41,4,23.49
179771,Active,110234,NA,NA,S,4,1,263818.155,247,2011,76,4.97,25.33
179772,Active,111075,NA,NA,D,2,1,764113.0063,99.14,2008,61,4,53.39
179773,Active,53524,NA,NA,S,7,1,1773361.029,118,2001,68,4,24.6
179774,Active,52234,NA,NA,D,10,1,661645.3238,152.67,2006,90,6.73,33.96
179775,Active,617121,NA,NA,D,2,1,773595.6038,48.51,2012,57,4,41.93
179776,Active,183189,NA,NA,D,7,1,365257.8125,229.95,2005,53,4.36,61.24
179777,Active,169612,NA,NA,D,3,1,2229887.11,272.95,2006,36,4,14.56
179778,Active,53263,NA,NA,D,5,1,417801.2988,178.67,2008,213,4,8.79
179779,Active,655314,NA,NA,S,6,1,857453.6538,174,2012,22,31.43,145.18
179780,Active,528912,NA,NA,D,6,1,7658.6575,226.4,2012,145,11.89,36.93
179781,Active,278941,NA,NA,S,6,1,139755.975,34.18,2009,127,9.42,35.99
179782,Active,53525,NA,NA,D,8,1,568001.3363,152.67,2005,88,4,33.96
179783,Active,53526,NA,NA,D,9,1,137066.4375,180.67,2009,75,5.17,14.46
179784,Active,52235,NA,NA,D,11,1,66301.465,197.33,2010,127,4.18,28.36
179785,Active,179123,NA,NA,D,7,1,325237.5075,277.95,2008,41,5.23,78.57
179786,Active,145792,NA,NA,D,2,1,1477895.439,172,2008,34,4.34,58.27
179787,Active,2397095,NA,NA,D,1,0,1538751.383,74.95,1987,16,4,66.37
179788,Active,146024,NA,NA,D,4,1,1223236.951,225.67,2009,31,5.83,153.99
179789,Active,254104,NA,NA,D,5,1,456041.9875,320.95,2010,51,4.32,52.55
179790,Active,644668,NA,NA,S,2,1,748126.8275,133.39,2012,25,9.92,133.39
179791,Active,278943,NA,NA,S,2,1,149444.7113,48.78,2012,88,4,16.15
179792,Active,146163,NA,NA,D,4,1,119508.31,223,2010,120,4,18.98
179793,Active,183389,NA,NA,D,4,1,1164425.065,308.95,2006,56,4.88,58.37
179794,Active,536602,NA,NA,S,4,1,736400.2675,253.4,2012,32,33.99,159
179795,Active,665884,NA,NA,S,4,1,514300.4325,179.33,2012,21,49.11,138.1
179796,Active,54050,NA,NA,D,3,1,444009.6613,186.67,2008,137,4.5,21.89
179797,Active,54049,NA,NA,D,2,1,1221521.944,149.33,2005,56,4.45,18.99
179798,Active,146023,NA,NA,D,4,1,755321.855,212.33,2009,76,4.24,25.98
179799,Active,528906,NA,NA,D,3,1,737523.0925,170.67,2006,66,4.23,13.33
179800,Active,145833,NA,NA,D,2,1,1168354.468,212.33,2008,61,3.91,16.99
179801,Active,146043,NA,NA,D,2,1,962737.5175,225.67,2008,19,5.36,178.99
179802,Active,177052,NA,NA,D,1,0,998085.105,61.95,2003,21,5.07,89.89
179803,Active,291546,NA,NA,S,1,0,120544.5063,287.95,2005,60,11.98,62.03
179804,Active,2314562,NA,NA,D,3,1,1690019.809,96.95,1992,30,6.29,21.27
179805,Active,101110,NA,NA,S,4,1,254001.7475,412.95,1997,38,30.42,0
179806,Active,291518,NA,NA,S,2,1,184877.98,136.95,2001,32,11.92,63.21
179807,Active,612466,NA,NA,S,3,1,94574.4775,51.95,2013,45,18.94,42.94
179808,Active,262675,NA,NA,D,2,1,333153.13,29.95,2005,59,4.94,45.71
179809,Active,175713,NA,NA,S,1,0,132139.1413,105,2007,38,27.99,77.94
179810,Active,101610,NA,NA,D,1,0,892289.8725,157.95,1996,51,4,21.49
179811,Active,533328,NA,NA,S,9,1,162603.7363,110.95,2012,29,18.53,40.88
179812,Active,539599,NA,NA,S,2,1,45850.9025,140,2012,38,68.99,107.91
179813,Active,244278,NA,NA,D,5,1,60007.34,275.95,2012,72,8.58,23.99
179814,Active,875613,NA,NA,S,5,1,377003.2375,143.27,2014,31,28.65,73.99
179815,Active,178875,NA,NA,S,7,1,153544.99,249.95,2010,75,26.94,75.99
179816,Active,2259063,NA,NA,S,4,1,1801730.188,104.89,2009,35,38.28,98.95
179817,Active,54216,NA,NA,D,4,1,1056314.298,124,2004,97,4,24.24
179818,Active,639838,NA,NA,D,5,1,1107704.469,207.95,2012,26,4.91,163.91
179819,Active,52845,NA,NA,D,4,1,118174.9263,198.2,2010,98,2.98,37.94
179820,Active,178971,NA,NA,D,7,1,753578.8763,178.95,2010,74,3.84,33.99
179821,Active,51603,NA,NA,D,3,1,70357.61,158,2008,160,6.02,35.42
179822,Active,54217,NA,NA,D,5,1,124342.4463,148.4,2007,115,4.47,23.99
179823,Active,60539,NA,NA,D,3,1,1671887.3,257.95,2006,52,4.58,12.9
179824,Active,54733,NA,NA,D,4,1,526200.1163,197.33,2011,28,16.56,143.98
179825,Active,878802,NA,NA,S,5,1,317555.2075,133.07,2014,41,41.39,48.99
179826,Active,54731,NA,NA,D,3,1,253827.3025,147,2008,93,4,32.98
179827,Active,55945,NA,NA,D,5,1,3822064.92,159.95,2004,28,4,20.3
179828,Active,169494,NA,NA,D,6,1,1077080.815,271.95,2007,30,4,21.99
179829,Active,55946,NA,NA,D,7,1,152360.2475,269.95,2010,67,4.98,59.97
179830,Active,528905,NA,NA,D,7,1,350135.195,160.95,2010,39,8.83,159.05
179831,Active,183611,NA,NA,D,6,1,1315597.84,11.95,2007,22,4,10.98
179832,Active,52847,NA,NA,D,3,1,902317.705,158,2006,115,4,21.29
179833,Active,572293,NA,NA,D,6,1,119418.7138,283.95,2007,107,11.48,32.99
179834,Active,615689,NA,NA,S,8,1,2077940.159,89,1996,36,4.52,12.95
179835,Active,121336,NA,NA,D,12,1,46306.7575,175.4,2010,76,8.04,32.94
179836,Active,117320,NA,NA,D,11,1,246389.995,151.8,2006,46,7.13,50.88
179837,Active,60540,NA,NA,S,10,1,442244.7125,135.2,2002,40,4.65,46.34
179838,Active,203999,NA,NA,S,8,1,713191.1313,66.9,2006,92,4,8.5
179839,Active,3559537,NA,NA,D,2,1,4181464.25,0,1977,36,4,27.99
179840,Active,115622,NA,NA,D,4,1,832228.6888,73.33,2004,22,13.28,81.49
179841,Active,117454,NA,NA,S,3,1,508254.4888,101.33,1998,24,4.61,48.79
179842,Active,116673,NA,NA,D,3,1,160265.2763,184.8,2004,45,15.44,64
179843,Active,607385,NA,NA,S,2,1,1048406.106,100,1995,28,4,55.91
179844,Active,54406,NA,NA,S,4,1,251242.8425,352.95,2008,60,31.93,52.5
179845,Active,60541,NA,NA,D,3,1,76345.66125,332.95,2005,58,12.98,37.96
179846,Active,54405,NA,NA,S,2,1,573432.3775,209.95,2002,65,5.94,53.2
179847,Active,867332,NA,NA,S,3,1,167020.5588,89.99,2014,37,61.48,68.18
179848,Active,291340,NA,NA,D,2,1,317314.9775,78,2008,54,6.35,19.98
179849,Active,148724,NA,NA,D,4,1,32099.73875,314.95,2008,87,15.99,68.96
179850,Active,2377587,NA,NA,S,4,1,2450593.454,91.67,1996,36,4.4,48.48
179851,Active,100501,NA,NA,S,6,1,427733.195,127.4,1995,30,13.76,87.21
179852,Active,607269,NA,NA,D,12,1,1133178.509,127.8,2003,65,4.8,13.98
179853,Active,528901,NA,NA,D,13,1,191270.2088,189.6,2009,66,9.19,58.81
179854,Active,886334,NA,NA,D,0,0,1814063.824,119.25,2012,10,53.63,98.98
179855,Active,203711,NA,NA,D,1,0,2618476.928,59.95,2004,17,4.99,37.86
179856,Active,528898,NA,NA,S,2,1,641628.205,72.99,2010,34,47.69,53.53
179857,Active,609105,NA,NA,S,6,1,859040.1563,289.95,2000,39,4.13,16.73
179858,Active,609377,NA,NA,D,5,1,1756389.756,305.95,1995,44,4,9.99
179859,Active,245227,NA,NA,S,7,1,702336.785,196.95,2006,32,23.06,81.51
179860,Active,711459,NA,NA,D,7,1,9449159.705,240.6,2001,11,4.38,45.65
179861,Active,113841,NA,NA,D,7,1,1446822.789,111.33,2001,41,4,21.99
179862,Active,2265043,NA,NA,D,2,1,537907.47,16.14,2009,37,5.67,20.48
179863,Active,204088,NA,NA,D,2,1,652520.3438,85.99,2009,152,4.98,11.99
179864,Active,118868,NA,NA,D,12,1,343037.3975,146.67,2007,84,4,15.99
179865,Active,742287,NA,NA,D,13,1,1102610.72,97.39,2010,19,5.54,46.69
179866,Active,115921,NA,NA,D,11,1,1794120.268,144,2005,63,4,14
179867,Active,126114,NA,NA,S,2,1,558503.2913,154.95,2003,39,23.89,85.19
179868,Active,551828,NA,NA,S,4,1,346499.6538,93,2003,22,19.76,73.98
179869,Active,637741,NA,NA,D,0,0,195513.4513,61.51,2012,24,4,46.97
179870,Active,244366,NA,NA,D,0,0,2116548.211,86.64,2011,19,4.3,78.38
179871,Active,543927,NA,NA,S,1,0,103214.08,83.5,2014,58,25.75,62.96
179872,Active,270776,NA,NA,D,10,1,641668.3863,83.99,2009,85,6.97,13.95
179873,Active,204039,NA,NA,D,9,1,1650960.105,72.95,2006,71,4.85,8.49
179874,Active,577338,NA,NA,S,8,1,2679315.37,56.95,2002,33,4.48,61.67
179875,Active,649604,NA,NA,S,11,1,129031.0125,92.99,2013,54,36.7,47.68
179876,Active,892932,NA,NA,S,3,1,122766.595,55.99,2015,29,29.25,41.76
179877,Active,2397053,NA,NA,S,5,1,1298527.911,77.95,1996,30,4,42.73
179878,Active,169327,NA,NA,D,7,1,304334.2288,182.95,2006,42,4,48.94
179879,Active,717561,NA,NA,D,6,1,631305.4238,99.95,2002,32,4,44.27
179880,Active,116579,NA,NA,S,10,1,94587.7375,206.8,2003,86,11,60.53
179881,Active,544885,NA,NA,S,1,0,40901.13375,52.95,2008,37,28.46,33.03
179882,Active,1957174,NA,NA,S,1,0,1450809.423,97.5,2013,24,4.8,23.99
179883,Active,228959,NA,NA,D,0,0,98525.10875,50,2006,45,11.72,59.99
179884,Active,2102757,NA,NA,S,2,1,191842.7,52,2015,12,42.89,51.85
179885,Active,146356,NA,NA,D,9,1,28511.06625,215.2,2011,141,9.03,58.49
179886,Active,556717,NA,NA,S,5,1,2848056.511,108,1999,39,4.29,11.72
179887,Active,622593,NA,NA,D,1,0,1031203.871,229.2,2012,34,15.58,602.98
179888,Active,145130,NA,NA,D,1,0,88355.0225,215.2,2012,113,6.29,77.77
179889,Active,285729,NA,NA,D,2,1,734850.035,58.95,2005,26,9.91,25.99
179890,Active,113155,NA,NA,S,3,1,429871.6475,109.95,2010,63,27.33,56
179891,Active,130168,NA,NA,S,7,1,1290455.99,150.67,2004,91,4,18.88
179892,Active,1699692,NA,NA,D,1,0,5857871.368,250,2012,23,50.82,189.08
179893,Active,617743,NA,NA,S,5,1,151513.9625,228,1990,62,15.64,46.57
179894,Active,2562089,NA,NA,D,3,1,2253991.091,43.1,1984,31,4,43.94
179895,Active,166959,NA,NA,D,6,1,565178.7113,72.98,2006,64,4,44.87
179896,Active,163417,NA,NA,S,7,1,70641.5775,140,2011,41,37.95,67.79
179897,Active,145370,NA,NA,D,8,1,307605.385,155.2,2007,145,4,27
179898,Active,566064,NA,NA,S,7,1,937010.1388,37.33,2010,26,8.02,33.99
179899,Active,544089,NA,NA,S,8,1,174890.835,66.75,2013,31,21.55,0
179900,Active,608393,NA,NA,D,6,1,1837668.038,43.44,2006,32,4,31.03
179901,Active,1939101,NA,NA,S,1,0,85765.515,83,2013,34,46.77,63.07
179902,Active,333682,NA,NA,S,2,1,46978.86375,64.95,2008,74,23.95,35.79
179903,Active,60924,NA,NA,D,4,1,2334494.535,270.95,2001,38,4.31,63.99
179904,Active,265320,NA,NA,D,4,1,169710.5638,69,2006,88,4,33.98
179905,Active,867796,NA,NA,S,6,1,17723.35125,89,2014,35,61.96,63.99
179906,Active,265325,NA,NA,D,5,1,277690.415,72,2010,79,4.42,15.99
179907,Active,265314,NA,NA,D,4,1,914486.8063,89,2006,21,4.13,16.78
179908,Active,299942,NA,NA,S,3,1,2550869.599,63,2001,35,4,4.58
179909,Active,152515,NA,NA,S,0,0,87120.225,59.95,2009,24,47.01,46.83
179910,Active,616586,NA,NA,D,1,0,122950.9338,54.95,1995,64,4,12.91
179911,Active,612766,NA,NA,S,3,1,13322.82875,69.95,2013,56,51.99,60.51
179912,Active,129359,NA,NA,D,2,1,173198.925,68.95,2010,31,28.44,53.99
179913,Active,276478,NA,NA,D,1,0,2486396.863,54.95,2000,19,23.64,31.55
179914,Active,633465,NA,NA,D,2,1,1138610.428,71.95,2005,28,28.95,48.74
179915,Active,153881,NA,NA,S,2,1,411061.9988,77.5,2005,38,7.19,71.14
179916,Active,334076,NA,NA,S,2,1,528159.815,62,2006,53,11.67,34.99
179917,Active,153361,NA,NA,S,2,1,129663.7588,80.78,2006,38,11.37,62.33
179918,Active,52309,NA,NA,D,2,1,903000.9288,97.95,2008,36,4,21.99
179919,Active,52307,NA,NA,D,2,1,1275422.088,128.95,2009,38,4,18.93
179920,Active,52306,NA,NA,D,2,1,433780.335,157.95,2008,38,4.94,27.73
179921,Active,52308,NA,NA,D,2,1,693129.9075,169.95,2009,50,4.35,8.99
179922,Active,613785,NA,NA,S,2,1,668912.8738,94.95,1992,55,4,38.75
179923,Active,910155,NA,NA,D,0,0,808710.1138,79.95,2007,30,27.69,107.9
179924,Active,1438480,NA,NA,S,1,0,99352.325,133.33,2015,31,22.39,53.58
179925,Active,2070513,NA,NA,S,3,1,1353460.233,69.28,2009,17,4.98,30.55
179926,Active,177897,NA,NA,D,2,1,572089.3838,177.95,2003,40,6.77,53.69
179927,Active,902309,NA,NA,S,2,1,808994.8063,75,2011,19,29.39,36.74
179928,Active,290588,NA,NA,D,1,0,2063281.189,84.5,2004,23,4.9,9.46
179929,Active,748266,NA,NA,S,2,1,579966.6488,106,2007,20,48.99,71.09
179930,Active,889963,NA,NA,D,1,0,4032390.905,156.99,2006,13,75.85,167.41
179931,Active,3515271,NA,NA,D,0,0,2328091.55,72,1992,36,4,48.93
179932,Active,184642,NA,NA,S,4,1,265405.1825,123,1998,39,16.61,61.88
179933,Active,101288,NA,NA,S,7,1,120445.9375,350.95,2003,63,14.76,59.24
179934,Active,528885,NA,NA,S,6,1,98598.785,120,2002,48,23.11,76.35
179935,Active,832883,NA,NA,D,1,0,1221491.71,96.95,1990,34,5.37,58.67
179936,Active,298750,NA,NA,D,1,0,301626.3275,39.96,2011,100,4.4,33.99
179937,Active,920691,NA,NA,S,2,1,16521.44125,159.75,2014,64,48.99,61.88
179938,Active,56156,NA,NA,D,7,1,83575.80125,137.6,2010,78,9.37,69.11
179939,Active,56157,NA,NA,D,5,1,1707502.084,113.8,2005,47,4,10.98
179940,Active,56155,NA,NA,D,6,1,284228.9463,145.2,2007,87,5.1,51.25
179941,Active,582977,NA,NA,S,3,1,896044.1675,128.95,2011,41,4,12.64
179942,Active,252583,NA,NA,D,2,1,162687.7163,61.05,2008,60,4.72,14.21
179943,Active,191989,NA,NA,D,1,0,815886.2113,13.49,2006,77,4,11.98
179944,Active,225841,NA,NA,D,1,0,3816788.308,146.95,1999,25,4,20.07
179945,Active,57324,NA,NA,S,2,1,80052.51875,43.95,2011,60,17.66,26.09
179946,Active,132630,NA,NA,S,2,1,80321.89125,107.2,2008,46,42.49,74.01
179947,Active,287496,NA,NA,D,1,0,801586.4913,68.2,1999,26,4,42.81
179948,Active,1938975,NA,NA,S,1,0,21331.375,113,2014,31,51.3,71.83
179949,Active,248271,NA,NA,D,7,1,21385.635,115,2011,83,9.53,23.98
179950,Active,52490,NA,NA,S,4,1,2547479.346,85.95,2003,53,4,10.02
179951,Active,2255142,NA,NA,S,6,1,520596.5425,46.96,2009,43,11.95,34.98
179952,Active,52492,NA,NA,D,6,1,428106.9663,99.95,2008,81,4,21.47
179953,Active,614713,NA,NA,D,6,1,627654.52,130,2009,76,5.99,12.39
179954,Active,52493,NA,NA,D,5,1,1278405.615,88.95,2006,64,4,9.93
179955,Active,3514402,NA,NA,D,0,0,13797516.5,57.95,1997,7,4.59,0
179956,Active,178616,NA,NA,D,2,1,2585581.063,92.95,2007,14,4.48,17.99
179957,Active,286019,NA,NA,S,3,1,125843.3213,112.2,2008,51,30.55,57.31
179958,Active,121702,NA,NA,D,2,1,1368599.999,71.47,1998,27,4.71,100.87
179959,Active,908376,NA,NA,D,1,0,668333.3975,94.95,2005,20,8.19,73.47
179960,Active,670165,NA,NA,S,2,1,792371.4188,40,2012,20,8.54,40
179961,Active,290085,NA,NA,S,1,0,488380.4438,60.95,2009,29,28.63,44.65
179962,Active,141225,NA,NA,D,4,1,467376.18,22.96,2002,40,5.13,25.15
179963,Active,1436714,NA,NA,S,2,1,113201.45,22,2010,35,4,10.98
179964,Active,528882,NA,NA,S,6,1,70732.89875,21.99,2011,54,4,5.87
179965,Active,867406,NA,NA,S,0,0,33290.13125,22.99,2014,16,13.58,0
179966,Active,608253,NA,NA,S,5,1,756289.9825,21.99,2008,72,4,5.97
179967,Active,2051621,NA,NA,S,1,0,640259.6113,26.95,2007,35,4,9.97
179968,Active,118840,NA,NA,D,1,0,1293436.475,44.99,2008,41,4,9.49
179969,Active,1569019,NA,NA,S,6,1,553021.7638,19.95,2009,39,7.86,29.95
179970,Active,290424,NA,NA,S,4,1,1095249.145,19.95,2003,110,4,5.91
179971,Active,262287,NA,NA,D,3,1,793018.66,27.95,2006,32,4.39,19.43
179972,Active,528880,NA,NA,S,4,1,90251.4475,45.95,2011,27,26.98,28.4
179973,Active,262271,NA,NA,D,2,1,1220195.883,26.95,2002,69,4,7.93
179974,Active,542253,NA,NA,S,2,1,729268.2438,67.95,2007,26,13.89,26.48
179975,Active,51154,NA,NA,D,8,1,401562.1875,337.95,2005,40,8.8,46.72
179976,Active,51153,NA,NA,D,7,1,91900.87125,240.95,2002,95,6.59,18.29
179977,Active,251817,NA,NA,D,7,1,214848.4925,90.94,2009,39,4.3,77.33
179978,Active,250396,NA,NA,D,6,1,1101320.7,86.61,2006,44,4,23.99
179979,Active,661022,NA,NA,S,8,1,102259.2538,93.76,2012,24,46.43,94.95
179980,Active,1779101,NA,NA,S,2,1,47851.15875,54.37,2013,21,44.74,63.82
179981,Active,536255,NA,NA,D,1,0,374056.3975,80,2009,43,27.59,42.99
179982,Active,544145,NA,NA,S,2,1,3849.25625,95,2013,32,49.15,46.99
179983,Active,3959838,NA,NA,D,1,0,718080.15,0,1900,25,32.67,97.81
179984,Active,663747,NA,NA,S,2,1,62590.525,40,2013,16,24.33,24.65
179985,Active,644434,NA,NA,S,2,1,36783.45,50,2013,24,23.62,31.06
179986,Active,113161,NA,NA,D,1,0,223816.375,87.95,2010,36,20.03,40.98
179987,Active,276185,NA,NA,D,3,1,2525153.553,89.5,2005,14,4.76,87.1
179988,Active,658419,NA,NA,D,4,1,1029650.809,85,2011,51,4.73,51.99
179989,Active,165010,NA,NA,D,1,0,823958.4363,69.95,2003,30,5.82,16.82
179990,Active,163892,NA,NA,S,1,0,482652.2825,50,1995,48,4.48,22.33
179991,Active,125808,NA,NA,D,1,0,301183.6625,149.95,1997,59,6.36,27.99
179992,Active,165456,NA,NA,D,2,1,583547.9275,57.41,2001,46,5.24,58.31
179993,Active,537948,NA,NA,D,1,0,2284463.07,10.19,1995,46,4,9.99
179994,Active,111137,NA,NA,S,2,1,593746.2138,162.25,2009,33,48.87,92.33
179995,Active,55940,NA,NA,D,1,0,3524285.649,55.25,2006,19,5.52,32.99
179996,Active,50495,NA,NA,D,8,1,1929366.853,302.95,2005,34,5.42,13.66
179997,Active,50497,NA,NA,D,10,1,197257.4,411.95,2010,65,4.35,59.94
179998,Active,435996,NA,NA,D,8,1,2178050.453,217.95,2005,35,4,13.44
179999,Active,618560,NA,NA,S,9,1,262577.225,115.5,2010,16,23.98,41.99
180000,Active,622259,NA,NA,S,5,1,529660.48,98,1994,44,4,29.84
180001,Active,113627,NA,NA,S,6,1,171614.4438,130,1998,22,4.2,66.79
180002,Active,1441337,NA,NA,S,10,1,45124.4075,50.5,2013,37,28.99,35.99
180003,Active,756608,NA,NA,D,1,0,2678834.15,95,2002,26,4,9.97
180004,Active,663429,NA,NA,S,2,1,2120108.204,80,2013,21,29.73,34.98
180005,Active,213249,NA,NA,S,3,1,240860.3475,45.95,2006,40,28.88,39.08
180006,Active,1677918,NA,NA,S,2,1,1275083.51,49.95,2014,14,21.86,32.99
180007,Active,647379,NA,NA,S,2,1,82934.475,158.05,2010,20,64.69,176.89
180008,Active,248281,NA,NA,S,2,1,404714.9913,159.95,2004,34,11.1,38.53
180009,Active,615543,NA,NA,S,2,1,177291.7663,297.95,2004,97,4.75,44.63
180010,Active,870638,NA,NA,S,4,1,136282.3713,42,2014,34,20.88,33.46
180011,Active,584753,NA,NA,S,5,1,693759.6313,209.08,1994,59,6.42,71.29
180012,Active,125796,NA,NA,S,1,0,502474.0463,72.95,1999,51,27.27,65.48
180013,Active,298596,NA,NA,S,4,1,1349658.171,184.95,2006,28,4.22,31.64
180014,Active,148763,NA,NA,D,5,1,545108.5263,209.95,2009,78,4.95,22.46
180015,Active,169425,NA,NA,S,6,1,263187.8575,210.95,2007,67,7.98,39.38
180016,Active,123948,NA,NA,S,5,1,2230897.476,103.95,2003,29,3.99,20.98
180017,Active,128138,NA,NA,D,0,0,1110913.119,80,1998,26,4.69,47.19
180018,Active,199588,NA,NA,S,2,1,3112206.209,58.95,2004,39,4,39.44
180019,Active,56794,NA,NA,D,7,1,988907.5863,167.95,2011,81,4.94,57.61
180020,Active,52417,NA,NA,S,11,1,1818353.995,121.95,2004,67,4,9.9
180021,Active,200270,NA,NA,D,0,0,375107.3688,84.95,2004,34,4,12.49
180022,Active,642067,NA,NA,S,3,1,48731.92625,100.95,2013,76,42.98,48.5
180023,Active,200456,NA,NA,D,2,1,190257.4288,103.95,2009,39,4,32.83
180024,Active,567634,NA,NA,D,1,0,96133.3925,117.95,2013,90,4.28,0
180025,Active,707929,NA,NA,S,2,1,1931934.74,65,2003,24,5.89,0
180026,Active,254538,NA,NA,D,6,1,262088.8038,229.95,2011,59,8.96,14.08
180027,Active,200447,NA,NA,D,5,1,593433.9338,176.95,2008,63,4.13,13.51
180028,Active,200199,NA,NA,D,4,1,708750.1738,137.95,2006,51,4.13,20.98
180029,Active,2619261,NA,NA,D,7,1,5353783.45,36.95,1996,23,4,4.95
180030,Active,177425,NA,NA,D,8,1,1580856.346,44.95,1998,22,5.28,46.53
180031,Active,177571,NA,NA,D,9,1,1691715.885,57.95,2001,23,4,25.98
180032,Active,130939,NA,NA,S,5,1,873796.9063,184.47,2011,51,22.81,33.94
180033,Active,50184,NA,NA,D,5,1,26427.16625,169.2,2011,144,8.9,57.99
180034,Active,286434,NA,NA,D,4,1,671673.4438,128.67,2008,147,4,24.63
180035,Active,50182,NA,NA,S,3,1,679964.0425,84.8,2004,110,4,13.98
180036,Active,50253,NA,NA,D,4,1,328021.3888,190.95,2011,53,18.8,127.33
180037,Active,169581,NA,NA,S,2,1,3427655.244,43.89,2006,15,9.99,43.89
180038,Active,50252,NA,NA,D,3,1,629887.5075,201.95,2008,46,4,33.99
180039,Active,50251,NA,NA,D,2,1,1006175.11,152.95,2005,49,4,15.5
180040,Active,211386,NA,NA,D,1,0,1468125.959,55.95,2000,31,4,65.07
180041,Active,642083,NA,NA,S,2,1,191591.7525,125.69,2013,28,16.89,32.75
180042,Active,545193,NA,NA,D,2,1,7378.90125,146.9,2013,63,40.13,83.94
180043,Active,879025,NA,NA,D,1,0,698183.32,52.58,2009,27,7.83,35.89
180044,Active,191931,NA,NA,D,1,0,62006.81,40.98,2009,195,5.48,27.94
180045,Active,556975,NA,NA,S,2,1,455375.3075,129.2,1996,33,6.11,58.99
180046,Active,622587,NA,NA,D,1,0,14737.57,84.95,2012,44,19.32,0
180047,Active,177249,NA,NA,S,3,1,457182.4888,51.95,1996,34,4,44.45
180048,Active,901590,NA,NA,D,3,1,2278811.07,229,2002,21,13.24,82.73
180049,Active,830996,NA,NA,D,2,1,381347.5125,67.95,1992,31,6.38,0
180050,Active,1625266,NA,NA,S,6,1,362614.2575,44.99,2015,29,6.18,28.95
180051,Active,1455786,NA,NA,S,3,1,240653.2725,39.99,2014,25,15.16,24.6
180052,Active,1989623,NA,NA,S,1,0,646012.2088,49.99,2015,28,7.1,39.73
180053,Active,1989621,NA,NA,S,1,0,564097.0988,59.99,2014,25,9.83,22.97
180054,Active,3549056,NA,NA,S,7,1,200893,44.99,2016,17,28.88,28.66
180055,Active,1989647,NA,NA,S,2,1,742464.7438,49.99,2015,24,19.9,32.23
180056,Active,1761195,NA,NA,D,0,0,728062.9713,54,2013,24,20.83,77.41
180057,Active,665007,NA,NA,S,4,1,189842.7888,49.99,2014,54,6.96,21.98
180058,Active,3613481,NA,NA,D,2,1,2658863.25,32.95,2003,20,29.94,120.44
180059,Active,683684,NA,NA,S,0,0,380871.49,31.99,2011,64,4,0
180060,Active,915493,NA,NA,S,4,1,2159963.021,34.99,2012,24,4,5.88
180061,Active,920287,NA,NA,S,0,0,718758.3163,24.99,2012,51,4,0
180062,Active,686603,NA,NA,S,0,0,308496.6588,24.99,2013,45,4,0
180063,Active,684788,NA,NA,S,0,0,204070.2875,24.99,2012,104,4,0
180064,Active,898592,NA,NA,S,7,1,186539.15,24.99,2014,20,8.21,0
180065,Active,687985,NA,NA,S,0,0,385844.6438,24.99,2012,69,3.98,0
180066,Active,687922,NA,NA,S,6,1,112009.3013,24.99,2013,32,4.77,0
180067,Active,3717996,NA,NA,S,3,1,77595,75,2016,24,45.6,65.47
180068,Active,1575185,NA,NA,D,1,0,160744.4663,54.95,2011,53,4,7.41
180069,Active,1826558,NA,NA,S,2,1,145057.6838,69.95,2015,49,4.99,42.95
180070,Active,1778801,NA,NA,S,2,1,342395.1288,34.99,2013,68,7.25,13.97
180071,Active,682586,NA,NA,S,0,0,404903.2013,29.99,2012,20,4.29,0
180072,Active,1932560,NA,NA,S,7,1,73135.58375,24.99,2013,41,4,7.49
180073,Active,683636,NA,NA,S,0,0,90725.81375,24.99,2012,45,8.36,0
180074,Active,687303,NA,NA,S,0,0,98653.46,24.99,2013,23,10.26,0
180075,Active,598783,NA,NA,S,1,0,87578.5,55,2012,15,35.17,37.02
180076,Active,129333,NA,NA,S,2,1,187666.8988,69.95,2011,27,11.74,30.48
180077,Active,642034,NA,NA,D,1,0,304304.3463,79.95,2013,56,4,21.84
180078,Active,557543,NA,NA,D,8,1,828433.0163,93.2,2009,46,4.93,33.98
180079,Active,120884,NA,NA,D,7,1,641684.9488,127.8,2007,56,4,6.19
180080,Active,528862,NA,NA,D,9,1,108601.6775,114.8,2011,53,6.92,10
180081,Active,869159,NA,NA,S,8,1,96492.65125,186.55,2010,29,21.95,87.34
180082,Active,802732,NA,NA,S,10,1,964143.2788,34.99,2011,39,4,5.88
180083,Active,656979,NA,NA,S,2,1,301388.5038,54.95,2010,24,25.58,0
180084,Active,1894894,NA,NA,S,2,1,1138891.38,78.55,2009,19,4,19.29
180085,Active,2527860,NA,NA,D,3,1,7280779.099,215,1991,21,12.37,88.99
180086,Active,631872,NA,NA,S,0,0,128242.5488,54.95,2000,75,6.1,49.89
180087,Active,169757,NA,NA,D,14,1,425222.8888,122.95,2008,65,4,26.31
180088,Active,170003,NA,NA,D,15,1,237385.86,126.95,2011,45,17.61,65.83
180089,Active,817585,NA,NA,S,2,1,80256.4425,16,2006,64,6.98,15.41
180090,Active,631650,NA,NA,S,0,0,106354.895,46,2009,60,26.87,43.24
180091,Active,789165,NA,NA,S,5,1,5362957.156,199,2003,18,6.77,15.99
180092,Active,106259,NA,NA,S,5,1,1032312.55,150,2005,33,4,33.97
180093,Active,2203978,NA,NA,D,1,0,1602770.371,43,2009,21,11.74,13.54
180094,Active,911724,NA,NA,D,2,1,943683.155,38.95,2006,57,4,28.95
180095,Active,2141310,NA,NA,S,8,1,85207.70875,38.95,2013,21,35.98,38.95
180096,Active,862129,NA,NA,S,2,1,211814.28,48.95,2014,26,38.28,0
180097,Active,126807,NA,NA,D,3,1,266268.1213,42.95,2004,107,4,19.98
180098,Active,126696,NA,NA,S,2,1,327737.425,49.95,2006,41,15.93,45.54
180099,Active,127589,NA,NA,S,4,1,28854.51,57.95,2010,59,15.79,56.97
180100,Active,138960,NA,NA,S,2,1,293552.1413,46.5,2003,82,16.09,59.08
180101,Active,559273,NA,NA,S,0,0,819418.5938,35,1992,42,4.71,17.99
180102,Active,1575553,NA,NA,S,1,0,38656.275,75,2013,14,41.99,43.91
180103,Active,136820,NA,NA,S,0,0,1659878.021,43,2007,19,25.91,30.81
180104,Active,912793,NA,NA,D,0,0,2410142.601,96,1999,26,4,26.92
180105,Active,665206,NA,NA,D,3,1,409935.8575,54,2009,40,5.48,9.75
180106,Active,1731067,NA,NA,D,3,1,766755.6125,122,2009,32,7.47,36.55
180107,Active,566553,NA,NA,S,3,1,289248.44,186.95,2004,31,41.91,106.24
180108,Active,607031,NA,NA,D,3,1,1048781.231,22.46,2009,48,4,14.99
180109,Active,620464,NA,NA,S,5,1,39455.905,118.5,2013,81,22.34,37.54
180110,Active,111141,NA,NA,D,4,1,136479.8113,72.99,2011,95,4.18,33.4
180111,Active,3883007,NA,NA,S,0,0,69292.175,69.99,1900,16,53.28,50.89
180112,Active,648486,NA,NA,S,8,1,1059497.994,188.95,2010,17,23.96,183.99
180113,Active,55521,NA,NA,D,7,1,91269.25875,132.95,2006,219,4,18.99
180114,Active,55516,NA,NA,D,8,1,14432.44375,186.95,2011,104,16.74,53.28
180115,Active,157443,NA,NA,S,3,1,222088.2225,52.95,2013,30,15.93,43.02
180116,Active,914538,NA,NA,S,2,1,1354592.679,54.95,2003,26,4,39.64
180117,Active,132319,NA,NA,D,4,1,1315958.125,95.6,2007,38,4,12.74
180118,Active,3485264,NA,NA,D,3,1,6013892.4,67.4,2003,35,4,6.65
180119,Active,615297,NA,NA,S,13,1,851449.5375,44,2012,90,4,8.99
180120,Active,271047,NA,NA,S,12,1,1190009.124,42,2011,69,4,7.99
180121,Active,639732,NA,NA,S,14,1,227447.0763,46,2013,69,4,36.83
180122,Active,1982723,NA,NA,S,16,1,97543.0625,45,2015,36,14.91,35.99
180123,Active,870368,NA,NA,S,2,1,482519.0663,53,2014,39,10.43,33.99
180124,Active,802265,NA,NA,S,3,1,703401.3338,38.95,2003,54,4,9.93
180125,Active,132513,NA,NA,D,2,1,469597.5725,101,2008,35,4.4,43.99
180126,Active,131939,NA,NA,D,0,0,1978872.703,95.8,2005,30,4,10.99
180127,Active,110575,NA,NA,D,6,1,145377.62,152.46,2011,47,19.94,38.19
180128,Active,56822,NA,NA,D,5,1,678673.2863,13.68,2009,118,4.09,89.69
180129,Active,109502,NA,NA,D,3,1,4106420.365,4.99,2007,33,4,4.99
180130,Active,56821,NA,NA,D,4,1,1797466.695,6.89,2007,52,4,6.88
180131,Active,2164486,NA,NA,S,9,1,502474.5,112.95,2014,22,4.77,107.01
180132,Active,2157312,NA,NA,S,3,1,1209961.926,35.95,2006,25,4,7.98
180133,Active,802007,NA,NA,D,0,0,3781608.309,35.95,2009,19,7.98,12.9
180134,Active,860090,NA,NA,S,2,1,163319.395,68.95,2010,17,58.08,0
180135,Active,107079,NA,NA,D,1,0,1273762.799,59.99,2006,31,4.97,34.99
180136,Active,106822,NA,NA,S,2,1,67738.075,72,2011,57,23.98,44.53
180137,Active,2695260,NA,NA,D,3,1,4590829.34,118.88,2005,13,6.71,105.57
180138,Active,637084,NA,NA,S,0,0,50995.325,36.95,2010,15,25.68,28.47
180139,Active,106788,NA,NA,S,3,1,164933.7688,57,2010,56,14.09,32.78
180140,Active,528845,NA,NA,D,2,1,167923.13,130,2011,34,4.28,140.98
180141,Active,120649,NA,NA,D,1,0,1369119.605,114,2008,36,4,19.98
180142,Active,402948,NA,NA,D,1,0,1839618.623,49.99,2001,21,4,5.33
180143,Active,317392,NA,NA,S,2,1,430901.165,64.99,2010,43,33.99,41.25
180144,Active,237732,NA,NA,S,3,1,13014.05,54,2004,25,43.91,53.74
180145,Active,702075,NA,NA,S,3,1,619829.1875,39,2010,14,8.18,11.63
180146,Active,663728,NA,NA,S,2,1,58854.80125,95,2013,34,38.97,61.98
180147,Active,217203,NA,NA,D,0,0,218433.6163,80,2001,74,5.49,53.17
180148,Active,2143329,NA,NA,S,0,0,591173.1238,35,2015,11,15.13,28.43
180149,Active,212900,NA,NA,S,1,0,99188.82875,59.95,2000,26,40.98,53.33
180150,Active,2621901,NA,NA,D,0,0,3114326.935,74.95,1996,18,53.97,100.76
180151,Active,628725,NA,NA,S,2,1,638785.2288,59.99,2010,37,14.39,37.77
180152,Active,2216754,NA,NA,D,1,0,802575.535,98,2008,19,73.79,92.95
180153,Active,1760998,NA,NA,S,5,1,373839.8025,49.95,2013,51,37.39,38.99
180154,Active,647127,NA,NA,S,1,0,21027.3,39.99,2012,26,25.17,25.21
180155,Active,120263,NA,NA,S,5,1,278724.8638,109.6,2011,53,17.69,60.63
180156,Active,648150,NA,NA,D,5,1,3959313.861,90.99,2010,13,4.64,214.01
180157,Active,643422,NA,NA,S,2,1,560772.51,37.95,2013,23,18.49,20.57
180158,Active,528842,NA,NA,S,3,1,198789.535,12.99,2009,79,4,25.14
180159,Active,2603847,NA,NA,S,3,1,592959.4513,59.99,2005,21,44.99,44.99
180160,Active,229826,NA,NA,D,0,0,883764.6,34.95,1998,50,4,8.29
180161,Active,270781,NA,NA,S,4,1,115959,50.99,2009,51,9.84,22.04
180162,Active,264248,NA,NA,D,3,1,1994832.75,42.95,2005,54,4,8.01
180163,Active,264207,NA,NA,D,2,1,1539552.311,35.95,2002,56,4,8.1
180164,Active,910814,NA,NA,S,1,0,464439.0925,41.95,2014,27,15.3,28.6
180165,Active,1761170,NA,NA,S,12,1,308200.1775,85,2014,38,27.39,48.5
180166,Active,1761169,NA,NA,S,12,1,90947.75,85,2014,29,31.92,48.5
180167,Active,2250767,NA,NA,S,3,1,1889839.569,141.9,2008,25,27.14,25.98
180168,Active,2250030,NA,NA,S,6,1,528438.9888,166.89,2009,19,31.27,140.18
180169,Active,2082614,NA,NA,D,9,1,863023.0563,94.5,2010,37,7,7
180170,Active,914786,NA,NA,S,0,0,170782.1975,24.95,2015,86,4,14.98
180171,Active,1575804,NA,NA,S,0,0,49655.125,59.94,2013,11,36.83,37.02
180172,Active,2045830,NA,NA,S,2,1,49032.15,39.95,2008,16,11.89,28.05
180173,Active,2045828,NA,NA,S,2,1,61705.65,39.95,2008,14,26.34,28.72
180174,Active,2045829,NA,NA,S,2,1,69658.125,39.95,2008,30,23.69,25.99
180175,Active,797097,NA,NA,S,1,0,61792.45,60,2011,174,4,10.8
180176,Active,658378,NA,NA,S,0,0,276407.5013,0,2011,14,11.99,9.75
180177,Active,1433924,NA,NA,S,0,0,52296.075,39.99,2014,17,20.09,23.23
180178,Active,656557,NA,NA,S,2,1,798466.0125,85.95,2001,26,6.71,73.82
180179,Active,2603862,NA,NA,S,2,1,1400337.254,49.99,2003,22,29.72,38.57
180180,Active,2264034,NA,NA,D,8,1,117740,155.99,1900,25,48.65,118.89
180181,Active,54338,NA,NA,S,5,1,489728.2938,89,2001,71,4,49.95
180182,Active,1711015,NA,NA,D,8,1,1283551.361,130,2011,21,47.99,64.35
180183,Active,832412,NA,NA,D,4,1,336434.0413,99.95,1997,30,4,33.99
180184,Active,592243,NA,NA,D,6,1,217693.0213,165.95,2008,29,23.49,168.71
180185,Active,117899,NA,NA,D,7,1,697827.5263,117.6,2005,85,4.44,23.99
180186,Active,286445,NA,NA,D,8,1,82338.59,164.53,2008,84,6.35,49.61
180187,Active,118472,NA,NA,D,7,1,1171149.75,35.8,2006,22,4.03,29.84
180188,Active,117997,NA,NA,D,7,1,184849.2738,165.2,2006,63,19.72,72.83
180189,Active,130737,NA,NA,S,8,1,69737.72625,99.6,2011,40,9.37,86.13
180190,Active,130738,NA,NA,S,8,1,96171.875,99.6,2011,31,15.39,33.84
180191,Active,627359,NA,NA,S,8,1,232353.6363,106.27,2011,26,36.04,296.64
180192,Active,130740,NA,NA,S,8,1,79208.4675,99.6,2011,34,18.61,84.49
180193,Active,117998,NA,NA,D,7,1,218809.8663,133.8,2006,58,4.98,34.99
180194,Active,117944,NA,NA,D,6,1,2645989.654,77.33,2003,38,4.48,12.98
180195,Active,117999,NA,NA,D,7,1,581993.4988,133.8,2006,54,4,35.77
180196,Active,904149,NA,NA,S,4,1,1213591.891,41,2012,25,12.1,30.84
180197,Active,529950,NA,NA,S,11,1,248234.8088,71.25,2012,26,8.26,51.62
180198,Active,201638,NA,NA,S,0,0,320196.7288,49.95,1996,33,12.67,37.66
180199,Active,625165,NA,NA,S,2,1,1246188.419,175,1996,33,4.78,66.19
180200,Active,845049,NA,NA,S,2,1,135672.4188,196.95,1989,29,4,69.35
180201,Active,745813,NA,NA,D,1,0,319346.7988,35,2001,38,4.97,58.98
180202,Active,575257,NA,NA,S,4,1,1345956.658,39.95,2009,22,4.29,39.31
180203,Active,631581,NA,NA,S,2,1,69105.425,36.95,2010,23,17.32,29.01
180204,Active,2530159,NA,NA,D,0,0,1735568.351,83.95,2001,21,23.98,58.99
180205,Active,868162,NA,NA,D,0,0,159303.4738,75,1991,48,17.59,63.53
180206,Active,624514,NA,NA,S,2,1,49300.65375,100,2001,49,45.63,53.19
180207,Active,2014092,NA,NA,S,25,1,45725.055,45,2012,43,24.98,32.02
180208,Active,534615,NA,NA,S,3,1,11783.35625,27,2011,43,10.42,15.07
180209,Active,528833,NA,NA,S,3,1,20539.6575,27,2011,34,11.29,14.99
180210,Active,547336,NA,NA,S,3,1,358490.2825,27,2006,47,5.45,34.98
180211,Active,650068,NA,NA,S,0,0,84948.025,75,2010,11,23.99,33.2
180212,Active,639038,NA,NA,D,0,0,1741858.34,170,2006,24,11.69,97.25
180213,Active,1733324,NA,NA,S,4,1,140499.435,49.95,2010,24,31.26,32.38
180214,Active,3494896,NA,NA,S,0,0,172092.4,51,1990,55,14.48,24.36
180215,Active,233348,NA,NA,S,0,0,315899.7338,39.99,2005,24,19.49,43.98
180216,Active,138627,NA,NA,S,0,0,135670.545,42,2005,21,11.39,20.57
180217,Active,2538479,NA,NA,D,1,0,4559480.796,64.95,2001,21,6.19,35.53
180218,Active,645307,NA,NA,S,3,1,1204749.583,58.95,2011,25,34.72,43.64
180219,Active,1555813,NA,NA,S,2,1,592788.1913,49.95,2008,24,25,35.41
180220,Active,661499,NA,NA,S,4,1,1065985.743,255,2012,21,21.41,0
180221,Active,2681300,NA,NA,D,3,1,3154997.838,504.95,2003,14,119.63,257.59
180222,Active,251086,NA,NA,S,1,0,1119395.153,200.95,2008,30,5.26,66.97
180223,Active,107090,NA,NA,S,4,1,1275605.213,39.99,2006,40,3.99,15.19
180224,Active,106704,NA,NA,S,5,1,216493.455,40,2011,41,6.51,18.94
180225,Active,610482,NA,NA,S,6,1,5918.71125,40,2014,68,16.45,22.31
180226,Active,664586,NA,NA,S,4,1,30079.59625,39.99,2014,41,22.45,25.82
180227,Active,1615698,NA,NA,S,3,1,1138226.74,49.99,2006,39,4,11.99
180228,Active,565827,NA,NA,S,5,1,698808.2225,234.69,2007,40,33.98,73.98
180229,Active,54984,NA,NA,D,6,1,195438.8788,144.99,2009,44,6.8,47.21
180230,Active,54985,NA,NA,D,4,1,871897.3475,23.98,2005,51,4.96,28.98
180231,Active,618615,NA,NA,S,1,0,16933.625,59.99,2006,27,33.33,35.39
180232,Active,1932480,NA,NA,S,3,1,508554.4825,59.99,2014,51,18.95,35.23
180233,Active,2635604,NA,NA,D,2,1,1010827.923,49.95,2004,49,4,8.08
180234,Active,181860,NA,NA,S,3,1,373732.0175,39.95,2004,51,4.01,18.74
180235,Active,679881,NA,NA,S,0,0,233890.115,29.99,2011,50,4,0
180236,Active,610041,NA,NA,S,6,1,138490.7775,29.99,2014,24,15.17,0
180237,Active,167344,NA,NA,D,1,0,533071.5538,45.98,2010,38,6.39,45.98
180238,Active,2154724,NA,NA,S,3,1,1466238.633,79.95,2006,22,49.59,71.06
180239,Active,711409,NA,NA,D,3,1,3028486.314,98,2001,37,4,13.98
180240,Active,907175,NA,NA,D,5,1,2628072.864,115,2006,24,4,48.99
180241,Active,618442,NA,NA,D,1,0,511509.3213,132.4,2007,39,5.7,28.2
180242,Active,619351,NA,NA,D,2,1,61643.8675,141.2,2010,39,10.74,72.99
180243,Active,607391,NA,NA,D,7,1,362450.2288,131,2007,64,5.41,49.2
180244,Active,542348,NA,NA,S,2,1,1096598.674,59.99,2006,26,10.46,20.52
180245,Active,622442,NA,NA,D,2,1,711581.0713,139.95,2008,51,5.68,32.97
180246,Active,778238,NA,NA,D,0,0,1251027.113,106.95,2005,30,4,26.96
180247,Active,254522,NA,NA,D,3,1,1040366.523,167.95,2011,30,4.76,55.07
180248,Active,867584,NA,NA,S,6,1,42793.5775,59.99,2014,36,15.7,35.63
180249,Active,181821,NA,NA,S,4,1,1894921.436,39.95,2002,68,4,8.24
180250,Active,423304,NA,NA,D,5,1,524869.8638,135,2008,63,4.35,38.94
180251,Active,144895,NA,NA,S,0,0,414431.1688,144,2005,26,32.87,79.97
180252,Active,528823,NA,NA,D,6,1,74879.56,150.2,2011,67,4.98,36.49
180253,Active,528828,NA,NA,S,3,1,1617603.875,130,2006,33,4,61.11
180254,Active,658474,NA,NA,D,0,0,158218.7488,70,2010,44,12.49,0
180255,Active,664734,NA,NA,S,4,1,198463.7325,49.99,2013,47,15.99,29.27
180256,Active,1932540,NA,NA,S,1,0,30912.675,44.99,2014,30,17.97,23.85
180257,Active,183991,NA,NA,S,3,1,557558.2038,123.95,2005,31,4.95,46.15
180258,Active,916782,NA,NA,D,2,1,2519168.789,103.95,2003,22,4,31.89
180259,Active,528827,NA,NA,D,6,1,560454.915,195.95,2011,46,8.69,46.58
180260,Active,592538,NA,NA,S,3,1,521106.3438,204.95,2005,30,16.99,50.94
180261,Active,898883,NA,NA,S,2,1,417512.6513,45,2015,19,11.87,13.97
180262,Active,592900,NA,NA,S,3,1,1874212.803,239.95,2007,46,4,8.79
180263,Active,184019,NA,NA,D,2,1,1751775.414,145.95,2005,29,4,29.01
180264,Active,913516,NA,NA,D,2,1,3239343.559,124.95,2003,16,4.47,16.98
180265,Active,183867,NA,NA,D,0,0,2960154.11,128.95,2003,48,4,23.99
180266,Active,608086,NA,NA,D,5,1,980908.2575,196.95,2009,33,4,44.77
180267,Active,145225,NA,NA,S,4,1,302487.05,69.99,2005,42,15.33,49.86
180268,Active,867532,NA,NA,S,8,1,551941.1938,71.95,2014,18,32.02,65.63
180269,Active,609608,NA,NA,D,2,1,2999810.603,51.95,2008,27,4,19.99
180270,Active,178907,NA,NA,D,3,1,1341253.695,71.95,2010,24,4.49,20.98
180271,Active,866170,NA,NA,S,2,1,521615.4438,54.99,2001,31,4,10.55
180272,Active,52120,NA,NA,D,6,1,129831.7888,128,2008,58,4,44.77
180273,Active,130262,NA,NA,D,0,0,648596.9625,81.96,2003,69,4.35,26.8
180274,Active,52119,NA,NA,D,5,1,280451.4188,105.2,2006,53,4,67.22
180275,Active,619141,NA,NA,D,3,1,305864.6538,141.2,2009,28,11.99,28.92
180276,Active,740324,NA,NA,D,2,1,1564717.919,118.4,2004,28,4,44.81
180277,Active,571679,NA,NA,S,2,1,318963.4563,59.99,2002,57,4.57,31.55
180278,Active,702841,NA,NA,S,4,1,3152572.431,39.99,2000,36,4,9.43
180279,Active,767011,NA,NA,D,5,1,399777.9688,175.95,2010,44,14.2,28.99
180280,Active,538335,NA,NA,S,4,1,357899.5713,40,2013,44,12,23.99
180281,Active,181960,NA,NA,S,2,1,1685524.048,44.99,2007,45,4,26.99
180282,Active,893030,NA,NA,S,1,0,92452.735,52,2014,21,23.94,28.97
180283,Active,865247,NA,NA,S,3,1,26902.4175,49.99,2014,31,19.95,31.09
180284,Active,545594,NA,NA,S,2,1,252595.9725,39.99,2011,68,4.12,17.16
180285,Active,161762,NA,NA,S,6,1,1989787.488,49.99,2007,40,4,10.92
180286,Active,184009,NA,NA,D,3,1,3005334.381,125.95,2004,22,4,9.75
180287,Active,528819,NA,NA,D,4,1,1336563.776,185.95,2007,43,4,12.2
180288,Active,121233,NA,NA,S,2,1,197387.83,49.99,2010,43,12.93,29.34
180289,Active,528818,NA,NA,S,3,1,705588.0038,50,2012,25,7.98,26.11
180290,Active,1989599,NA,NA,S,2,1,384865.0088,49.99,2015,25,24.17,28.48
180291,Active,542421,NA,NA,S,5,1,96409.3,34.99,2012,19,12.21,13.99
180292,Active,608732,NA,NA,D,5,1,162995.8063,49.99,2006,79,4,17.77
180293,Active,536155,NA,NA,S,6,1,23586.6925,49.99,2011,61,17.95,25.99
180294,Active,608707,NA,NA,D,4,1,150639.8375,44.95,2001,99,4,13.98
180295,Active,329921,NA,NA,S,8,1,654196.4863,34.99,2011,57,4.48,22.8
180296,Active,625291,NA,NA,D,0,0,84028.42375,156.2,2009,33,8.98,70.54
180297,Active,639542,NA,NA,S,2,1,260179.325,63,1993,29,17.23,47.66
180298,Active,3530591,NA,NA,D,2,1,911301.5,190.95,2005,75,4,21.05
180299,Active,550739,NA,NA,D,11,1,855723.7625,180.75,2009,15,4,4.95
180300,Active,900061,NA,NA,D,0,0,7115833.65,62.95,2002,18,4.45,63.43
180301,Active,650961,NA,NA,S,3,1,743361.43,96.1,2011,21,5.14,173.84
180302,Active,621973,NA,NA,D,0,0,76174.86,74.04,2009,77,10.78,53.94
180303,Active,624301,NA,NA,S,3,1,103985.335,179.95,2011,56,17.26,79.97
180304,Active,551628,NA,NA,S,3,1,688746.3613,97.2,1999,33,7.7,58.55
180305,Active,630405,NA,NA,S,0,0,111622.9925,180.6,1992,78,6.47,53.44
180306,Active,52756,NA,NA,D,11,1,120669.3175,29.97,2008,48,7.03,7.06
180307,Active,617370,NA,NA,D,0,0,27464.61375,90.5,2010,63,31.44,68.42
180308,Active,1481046,NA,NA,S,11,1,114610.25,62.6,2011,10,32.99,43.99
180309,Active,723993,NA,NA,S,1,0,265931.565,39.95,2012,23,24.79,30.73
180310,Active,52755,NA,NA,D,10,1,1034607.046,75.31,2004,47,4,16.3
180311,Active,714810,NA,NA,D,8,1,946671.1888,60,2002,57,4,15.67
180312,Active,616569,NA,NA,D,8,1,778186.6038,67.6,2003,38,4,77.26
180313,Active,2203844,NA,NA,S,0,0,215458.2638,49.95,2015,59,33.78,34.32
180314,Active,195169,NA,NA,S,3,1,612336.5563,54,2009,23,29.45,38.94
180315,Active,545908,NA,NA,S,4,1,43779.985,59.95,2013,86,35.03,36.96
180316,Active,298382,NA,NA,D,3,1,508719.7263,57.95,2007,46,8.4,28.23
180317,Active,619084,NA,NA,S,0,0,131180.945,105,1985,80,9.62,78.26
180318,Active,613943,NA,NA,S,7,1,79292.97,105,1990,92,8.61,63.93
180319,Active,2600954,NA,NA,S,0,0,126539.1163,39.99,1994,22,20.81,35.01
180320,Active,2769035,NA,NA,S,0,0,444505.3388,40,1990,25,14.29,23.74
180321,Active,212718,NA,NA,S,2,1,89569.56125,39.99,2009,33,13.57,24.96
180322,Active,184977,NA,NA,D,1,0,415307.1263,30,1998,84,4,10.94
180323,Active,3508137,NA,NA,D,1,0,780895.95,80,1991,81,4,21.87
180324,Active,2607246,NA,NA,D,0,0,3427924.42,35,1998,24,6.28,55.39
180325,Active,2665982,NA,NA,S,1,0,97820.6125,35,1991,237,4.13,12.75
180326,Active,612227,NA,NA,S,2,1,44388.8575,87.4,2013,37,38.99,72.13
180327,Active,539154,NA,NA,D,1,0,242166.18,87.73,2008,27,12.83,103.16
180328,Active,547675,NA,NA,D,1,0,142409.945,99.2,1997,76,4,43.37
180329,Active,905818,NA,NA,S,2,1,1933368.43,92.55,1985,23,13.93,78.25
180330,Active,868467,NA,NA,D,4,1,754755.0325,239.95,1995,33,5.46,47.31
180331,Active,2147829,NA,NA,S,1,0,26055.225,60,2014,18,36.17,38.46
180332,Active,612771,NA,NA,S,0,0,1125546.251,90,2014,21,4.55,22.94
180333,Active,652834,NA,NA,D,0,0,716804.71,39.95,2010,20,11.37,14.99
180334,Active,266737,NA,NA,D,1,0,1935945.96,69.95,2005,16,4.98,67.25
180335,Active,600194,NA,NA,D,4,1,1149710.483,59.95,2007,20,6.33,104.05
180336,Active,600943,NA,NA,S,5,1,560528.9375,89.95,2012,36,49.19,71.83
180337,Active,662110,NA,NA,D,0,0,570568.01,49.95,2002,24,18.82,0
180338,Active,595090,NA,NA,D,1,0,607096.065,56.95,2012,89,4,0
180339,Active,898839,NA,NA,S,5,1,465119.0538,64.95,2014,21,34.05,34.03
180340,Active,661079,NA,NA,S,4,1,49704.375,50,2012,13,37.35,38.77
180341,Active,2020131,NA,NA,S,2,1,53892.275,55,2008,19,41.97,43.65
180342,Active,337018,NA,NA,S,3,1,605185.3363,39.95,2010,47,8.84,34.03
180343,Active,1462182,NA,NA,S,0,0,14844.66125,42.96,2014,39,17.09,18.99
180344,Active,1595275,NA,NA,S,0,0,89973.5525,74.96,2012,24,28.36,25.99
180345,Active,2095431,NA,NA,S,3,1,586521.0213,54.95,2013,15,45.95,50.61
180346,Active,696657,NA,NA,D,5,1,3143768.716,72,2008,16,44.5,170.71
180347,Active,905396,NA,NA,S,0,0,346910.5225,80,2010,44,41.51,54.11
180348,Active,139033,NA,NA,D,1,0,512359.6363,80,2003,30,37.24,54.25
180349,Active,138969,NA,NA,D,1,0,460146.8,80,2002,37,37.18,54.27
180350,Active,784286,NA,NA,S,1,0,1201100.706,44.99,2005,64,4,11.92
180351,Active,643858,NA,NA,D,3,1,1190250.745,99.95,2010,25,8.2,49.37
180352,Active,867604,NA,NA,S,5,1,102666.4738,71.99,2015,27,21.53,45.82
180353,Active,547202,NA,NA,S,2,1,12926.875,39.95,2012,42,27.84,30.37
180354,Active,105979,NA,NA,D,1,0,1098608.559,211,2007,22,20.44,43.99
180355,Active,861466,NA,NA,S,6,1,187874.6175,137.95,2013,27,33.79,139.45
180356,Active,902305,NA,NA,S,2,1,880547.7513,55,2010,30,6.94,25.33
180357,Active,3059177,NA,NA,D,0,0,2937153.056,129.95,2000,13,21.75,141.06
180358,Active,607735,NA,NA,D,10,1,492386.3625,133.8,2008,50,6.55,38.99
180359,Active,607712,NA,NA,D,9,1,1086858.838,100,2005,76,4,10.97
180360,Active,607697,NA,NA,S,8,1,1084877.894,80.6,2002,49,4,9.57
180361,Active,670238,NA,NA,S,5,1,819536.25,48.95,2011,19,38.02,42.17
180362,Active,2080953,NA,NA,S,4,1,1277129.474,285.99,2011,22,16.84,46.71
180363,Active,58462,NA,NA,D,4,1,186466.59,61.95,2005,51,4.52,27.78
180364,Active,58463,NA,NA,S,5,1,28797.8825,95.95,2011,52,25.38,52.93
180365,Active,860834,NA,NA,D,3,1,4666060.606,150,2012,15,4.25,52.23
180366,Active,290087,NA,NA,D,3,1,2823562.658,260.5,2007,16,5.63,31.94
180367,Active,1661660,NA,NA,S,3,1,52011.72,11.95,2013,55,4,9.1
180368,Active,919733,NA,NA,S,3,1,15236.7025,21.93,2010,52,4,15.65
180369,Active,222292,NA,NA,D,9,1,873537.37,79,2008,114,4,16.02
180370,Active,222229,NA,NA,D,10,1,45717.06125,80,2011,121,7.9,33.99
180371,Active,222291,NA,NA,D,9,1,1400936.961,95,2008,47,4.01,5.19
180372,Active,2054245,NA,NA,S,0,0,722241.515,40,2013,24,19.98,24.19
180373,Active,2113709,NA,NA,D,0,0,1070895.005,49.99,2013,53,4.97,47.39
180374,Active,642042,NA,NA,S,2,1,865577.005,44.99,2013,62,6.82,8.96
180375,Active,647367,NA,NA,S,2,1,421688.1275,74.99,2010,31,8.73,50.73
180376,Active,206099,NA,NA,D,2,1,45005.78375,43,2006,62,4.85,30.99
180377,Active,279226,NA,NA,S,4,1,255102.485,49.95,2011,30,31.74,39.95
180378,Active,1544369,NA,NA,D,1,0,2187161.443,43.95,2014,20,36.64,32.64
180379,Active,545822,NA,NA,S,2,1,161354.2838,35,2012,71,4,8.99
180380,Active,572668,NA,NA,S,6,1,756799.5538,111,2001,74,4.53,17.32
180381,Active,112254,NA,NA,S,7,1,160579.7313,103.12,2004,80,4.28,13.83
180382,Active,210980,NA,NA,S,3,1,1240684.983,31.95,2007,82,4,8.98
180383,Active,294843,NA,NA,S,4,1,335980.5713,35.95,2010,136,4,9.98
180384,Active,900489,NA,NA,S,5,1,40042.65625,37.95,2015,25,22.61,24.96
180385,Active,615421,NA,NA,S,2,1,63687.445,127.5,2006,80,9.83,73.99
180386,Active,708487,NA,NA,S,0,0,536352.0075,110.68,2005,52,7.91,67.06
180387,Active,287409,NA,NA,D,7,1,47505.23375,207,2010,91,14.02,28.78
180388,Active,877750,NA,NA,D,6,1,627496.2,28.94,2007,42,6.66,28.94
180389,Active,117793,NA,NA,D,6,1,188239.8163,147,2007,99,4,9.61
180390,Active,1698124,NA,NA,S,0,0,428977.4738,16.95,2008,24,5.64,26.94
180391,Active,897283,NA,NA,S,0,0,263245.235,6.95,2013,12,6.08,6.94
180392,Active,889028,NA,NA,S,2,1,180396.045,39.95,2013,23,34.44,39.4
180393,Active,245185,NA,NA,D,5,1,3262496.915,61.95,2004,17,7.99,4.78
180394,Active,249913,NA,NA,D,6,1,524039.4038,61.95,2008,20,14.99,27.98
180395,Active,528801,NA,NA,S,7,1,612856.6975,61.95,2011,21,18.99,39.9
180396,Active,3568066,NA,NA,D,4,1,6005943.25,99.95,2002,26,6.93,39.11
180397,Active,1602555,NA,NA,S,1,0,74024.625,46.9,2009,39,13.89,18.97
180398,Active,767775,NA,NA,S,1,0,44390.525,47.3,2011,54,9.86,42.97
180399,Active,767777,NA,NA,S,1,0,29770.9,67.3,2011,35,15.21,42.51
180400,Active,767778,NA,NA,S,1,0,82341.755,67.3,2009,44,11.98,30.98
180401,Active,767779,NA,NA,S,1,0,180237.7038,67.3,2009,66,13.83,56.62
180402,Active,767800,NA,NA,S,1,0,1007027.151,9.45,2010,48,5.13,9.19
180403,Active,767786,NA,NA,S,1,0,82874.575,46.9,2011,25,18.89,40.46
180404,Active,251704,NA,NA,S,1,0,3177.1,40,2007,39,18.42,23.34
180405,Active,881453,NA,NA,S,1,0,271538.0675,47.1,2012,20,35.52,36.98
180406,Active,767776,NA,NA,S,1,0,207854.94,47.3,2009,54,6.55,14.95
180407,Active,195382,NA,NA,S,0,0,1585.0425,35,2006,164,7.41,0
180408,Active,1719842,NA,NA,S,0,0,370838.2463,55,2015,18,37.98,37.44
180409,Active,223069,NA,NA,S,0,0,12431.35625,46.95,2001,40,17.94,26.14
180410,Active,2837372,NA,NA,S,0,0,282298.5863,65,1999,33,31.78,44.93
180411,Active,223073,NA,NA,S,2,1,28088.17375,24,2003,40,8.18,14.19
180412,Active,667985,NA,NA,D,5,1,1669420.159,553,2007,9,166.85,597.19
180413,Active,2150142,NA,NA,S,0,0,1303408.97,43.25,2011,30,18.06,21.15
180414,Active,545821,NA,NA,S,6,1,311225.84,50,2012,44,12.9,33.94
180415,Active,405795,NA,NA,D,5,1,1472306.639,16.98,2001,48,4,21.99
180416,Active,344090,NA,NA,D,6,1,531485.7613,23.87,2005,77,4,28.27
180417,Active,161662,NA,NA,D,7,1,197126.6963,48.47,2008,41,9.26,38.54
180418,Active,868491,NA,NA,D,2,1,5034026.686,56,1999,22,4.13,28.99
180419,Active,717537,NA,NA,S,3,1,3309025.431,103.95,2003,25,4,18.99
180420,Active,380515,NA,NA,D,6,1,17059.0125,202.95,2012,71,9.02,83.99
180421,Active,765451,NA,NA,S,3,1,4487800.104,82.95,2002,19,4,31.49
180422,Active,528797,NA,NA,D,5,1,885879.7763,158.95,2009,50,4,58.71
180423,Active,55104,NA,NA,D,5,1,570463.5813,222.95,2009,58,4.48,61.6
180424,Active,55103,NA,NA,D,4,1,495240.0775,161.95,2006,34,4,44.67
180425,Active,545814,NA,NA,D,9,1,27677.0625,91,2013,52,16.84,38.7
180426,Active,270679,NA,NA,D,8,1,310451.9838,77,2010,57,4,10.99
180427,Active,873474,NA,NA,S,6,1,1756797.441,59.95,2004,32,4,6.99
180428,Active,229132,NA,NA,D,7,1,968753.03,64.95,2007,54,4,6.78
180429,Active,2494482,NA,NA,S,1,0,34444.275,65,1999,270,6.13,18.49
180430,Active,58178,NA,NA,D,10,1,1254559.875,22.97,2004,60,4,18.94
180431,Active,872399,NA,NA,D,3,1,2009407.051,15.95,1996,28,4,41.24
180432,Active,1453155,NA,NA,S,2,1,846399.305,169.6,2014,40,4.97,11.06
180433,Active,1451700,NA,NA,S,1,0,1470985.528,169.6,2012,53,3.88,13.98
180434,Active,644224,NA,NA,S,2,1,217064.9438,30,2000,20,8.62,13.71
180435,Active,528795,NA,NA,S,2,1,558490.8113,49.99,2010,32,9.7,30.98
180436,Active,1615807,NA,NA,D,1,0,1685208.241,69.99,2008,27,4.13,17.96
180437,Active,629997,NA,NA,S,2,1,456342.0675,69.99,2011,85,38.98,52.2
180438,Active,56767,NA,NA,D,12,1,180529.2175,76,2009,122,4.74,25.95
180439,Active,56765,NA,NA,S,10,1,1536171.826,54.95,2002,62,4,14.08
180440,Active,537733,NA,NA,D,13,1,21969.4475,76,2013,77,11.03,33.28
180441,Active,284814,NA,NA,S,5,1,497383.5925,157.5,1998,43,14.64,63.98
180442,Active,106755,NA,NA,S,6,1,88173.8525,173,2010,94,63.29,49.95
180443,Active,2338551,NA,NA,D,3,1,1057945.136,121.1,1993,52,4,21.3
180444,Active,2471262,NA,NA,D,2,1,1059625.554,123,1995,15,8,141.22
180445,Active,1587378,NA,NA,D,1,0,3942010.544,103,2009,14,24.06,53.35
180446,Active,528794,NA,NA,S,4,1,83019.00375,19.95,2006,130,4,7.33
180447,Active,193529,NA,NA,D,2,1,753468.4063,56,2008,34,4.54,17.99
180448,Active,254080,NA,NA,D,1,0,814565.7488,142.95,2009,33,4.98,38.99
180449,Active,108756,NA,NA,S,5,1,239793.4313,102.68,2005,41,11.3,29.88
180450,Active,617527,NA,NA,S,6,1,725623.3488,64.99,2004,38,4.13,35.25
180451,Active,2088179,NA,NA,S,2,1,244903.3613,64.95,2013,21,43.99,61.64
180452,Active,628563,NA,NA,S,2,1,548657.2925,64.95,2007,27,33.96,202.9
180453,Active,60549,NA,NA,S,9,1,1929524.391,131.95,2004,42,4,15.21
180454,Active,169644,NA,NA,S,10,1,460202.1075,134.21,2006,38,4.5,138.81
180455,Active,193400,NA,NA,D,2,1,1644468.278,51,2005,49,4,10.69
180456,Active,193651,NA,NA,D,3,1,320065.27,60,2009,104,4.42,22.88
180457,Active,622955,NA,NA,S,4,1,61993.91875,97,2013,43,18.99,33.98
180458,Active,286297,NA,NA,D,7,1,51058.015,184.4,2011,90,5.03,48.31
180459,Active,54619,NA,NA,D,6,1,660747.5438,183.4,2009,97,3.96,10.88
180460,Active,874842,NA,NA,D,5,1,2070373.85,6.68,2007,58,4,4
180461,Active,916752,NA,NA,S,2,1,1786495.149,66,2005,37,4,56.59
180462,Active,120355,NA,NA,S,3,1,198725.2063,105.6,2008,46,8.76,61.93
180463,Active,2621047,NA,NA,S,4,1,174078.0125,153.95,2002,20,49.34,111.49
180464,Active,555713,NA,NA,S,1,0,32229.2925,36.95,2007,38,20.56,28.99
180465,Active,52514,NA,NA,D,6,1,855751.2475,59.95,2008,78,4,13.99
180466,Active,52513,NA,NA,D,5,1,2662390.651,59.95,2008,45,4,5.44
180467,Active,52511,NA,NA,D,7,1,53379.80375,64.95,2011,69,5.51,11.23
180468,Active,796420,NA,NA,S,1,0,1060225.548,24.99,2008,16,35,43.98
180469,Active,915441,NA,NA,S,0,0,409534.0813,77.92,2011,33,12.31,49.07
180470,Active,885857,NA,NA,S,4,1,1397012.458,201.95,2011,28,17.29,216.11
180471,Active,129485,NA,NA,D,4,1,275924.1263,95.95,2011,81,5.66,29.99
180472,Active,613528,NA,NA,D,7,1,830326.425,111.8,2005,42,4,23.98
180473,Active,639774,NA,NA,D,2,1,260548.5725,99.95,2012,68,7.71,56.3
180474,Active,618581,NA,NA,S,3,1,222870.965,109.8,2008,42,13.99,0
180475,Active,613202,NA,NA,D,8,1,596180.8875,141.2,2010,67,4,20.49
180476,Active,649589,NA,NA,S,2,1,175806.8475,61,2013,37,15.64,41.91
180477,Active,615235,NA,NA,D,1,0,1325492.14,120.8,2008,47,4,5.04
180478,Active,618330,NA,NA,S,2,1,269697.67,116,2001,46,19.88,66.59
180479,Active,618401,NA,NA,S,5,1,680582.4163,172.8,2003,51,4,23.87
180480,Active,127440,NA,NA,D,3,1,1287987.599,85.95,2008,80,4,8.97
180481,Active,617088,NA,NA,D,0,0,1244977.906,49.95,2008,51,4,28.25
180482,Active,2264624,NA,NA,S,4,1,986396.0088,54.94,2010,18,20.04,75.74
180483,Active,644905,NA,NA,D,1,0,2163834.208,111.67,2012,18,14.48,111.67
180484,Active,619315,NA,NA,D,1,0,103028.455,115.6,2012,64,4,12.92
180485,Active,52369,NA,NA,D,4,1,85652.9825,220.95,2010,73,13.98,53.49
180486,Active,544677,NA,NA,D,5,1,12936.65875,212.95,2013,76,10.38,85.56
180487,Active,52371,NA,NA,S,2,1,1801947.084,105.95,2004,65,4,30.04
180488,Active,52368,NA,NA,D,3,1,416951.7488,211.95,2007,116,4,16.63
180489,Active,534415,NA,NA,D,11,1,25179.9075,232.95,2011,131,9.43,23.98
180490,Active,54102,NA,NA,D,10,1,247048.3188,245.95,2008,171,4,9.81
180491,Active,54103,NA,NA,D,9,1,1027023.428,140.95,2005,94,4,11.24
180492,Active,1574691,NA,NA,S,10,1,2402596.493,146.95,2008,18,23.87,43.24
180493,Active,533384,NA,NA,D,7,1,106594.0413,79.95,2012,64,5.26,27.92
180494,Active,618896,NA,NA,D,2,1,2655267.47,39.95,2006,31,4,51.07
180495,Active,143205,NA,NA,S,2,1,908175.7963,41,2008,37,4.48,28.59
180496,Active,653638,NA,NA,S,3,1,358701.45,124.95,2011,44,4.49,42.69
180497,Active,55933,NA,NA,D,6,1,951468.9225,65.95,2009,56,4,15.99
180498,Active,528787,NA,NA,D,5,1,172687.2713,249.95,2009,84,4.6,8.49
180499,Active,178043,NA,NA,D,4,1,1806143.155,175.95,2003,55,4,14.95
180500,Active,576313,NA,NA,S,1,0,592710.3738,76,2004,51,3.43,16.98
180501,Active,200466,NA,NA,D,3,1,163446.51,162.95,2009,61,6.97,18.55
180502,Active,248047,NA,NA,S,0,0,68852.8475,79,2009,74,23.82,49.01
180503,Active,248187,NA,NA,D,7,1,156036.3438,106,2010,50,5.97,55.72
180504,Active,877678,NA,NA,D,0,0,2739539.464,126.4,2007,11,4.83,15.81
180505,Active,539382,NA,NA,D,7,1,26985.3775,174,2013,109,12.55,69.83
180506,Active,55217,NA,NA,S,4,1,2830624.391,103.6,2004,30,4,5.79
180507,Active,55219,NA,NA,D,6,1,310013.7825,140,2010,119,4,10.95
180508,Active,55218,NA,NA,D,5,1,613246.735,122.67,2007,73,4,6.74
180509,Active,55937,NA,NA,D,3,1,244336.3763,17.97,2010,87,7.99,20.43
180510,Active,55936,NA,NA,D,2,1,1178368.534,7.8,2006,74,4,11.98
180511,Active,1470942,NA,NA,S,2,1,765554.7963,95,2014,15,25.63,32.99
180512,Active,410087,NA,NA,D,6,1,1492634.163,93,2007,49,4,13.94
180513,Active,266268,NA,NA,D,7,1,114237.045,181,2012,68,7.53,20.48
180514,Active,533920,NA,NA,D,6,1,225478.9963,195.2,2009,116,4,8.69
180515,Active,113679,NA,NA,S,4,1,1475108.939,185,2003,46,3.99,19.62
180516,Active,622617,NA,NA,S,1,0,110010.2525,168.4,2011,43,32.27,75.99
180517,Active,205566,NA,NA,D,1,0,3135115.45,65,1997,33,4,6
180518,Active,616723,NA,NA,S,12,1,87506.35,218,2012,51,31.94,103.65
180519,Active,1527621,NA,NA,S,10,1,462201.205,29.99,2010,41,4.01,39.99
180520,Active,114728,NA,NA,S,2,1,3004968.82,48,2003,39,4,6.69
180521,Active,2003316,NA,NA,S,2,1,40610.2,44.95,2013,7,45.03,36.16
180522,Active,2003326,NA,NA,S,2,1,59821.52625,44.95,2014,15,43.64,40.41
180523,Active,58399,NA,NA,S,9,1,162320.3,77.95,2003,68,5.23,29.04
180524,Active,617158,NA,NA,S,0,0,11434.05,44,1994,47,18.09,37.05
180525,Active,593156,NA,NA,D,12,1,253142.3313,174.95,2009,62,8.07,34.43
180526,Active,771064,NA,NA,D,10,1,3070833.644,141.95,2003,42,4,7.98
180527,Active,572202,NA,NA,D,11,1,323839.7875,108.95,2006,68,4,7.33
180528,Active,545779,NA,NA,S,4,1,72326.28125,92,2013,57,6.97,27.99
180529,Active,528784,NA,NA,D,8,1,60364.7575,230.95,2012,45,44.97,99.85
180530,Active,183468,NA,NA,D,7,1,240642.0088,254.95,2006,92,4.09,35.14
180531,Active,812841,NA,NA,S,2,1,1881896.701,62.95,2013,14,45.87,53.23
180532,Active,528780,NA,NA,S,2,1,10112.6575,20.99,2012,53,15.95,15.96
180533,Active,2067651,NA,NA,D,0,0,1201614.906,8.49,2008,25,4,7.98
180534,Active,1537337,NA,NA,S,1,0,1163223.791,33.95,2006,29,5.99,33.95
180535,Active,887404,NA,NA,S,1,0,996385.3413,51.95,2015,17,35.93,41.23
180536,Active,2078536,NA,NA,S,2,1,154885.355,19.99,2009,49,8.96,8.99
180537,Active,618553,NA,NA,S,0,0,956995.2788,31.99,2012,61,4,6.4
180538,Active,250424,NA,NA,S,4,1,383627.3263,21.99,2011,35,5.23,33.99
180539,Active,2663497,NA,NA,D,6,1,2263411.1,259,1995,33,5.12,103.98
180540,Active,203474,NA,NA,D,8,1,970291.2338,319,2004,22,6.05,49.54
180541,Active,187948,NA,NA,S,7,1,1293411.574,279,2000,19,6.93,124.99
180542,Active,204103,NA,NA,S,3,1,199040.5863,87.99,2008,76,5.41,22.64
180543,Active,203378,NA,NA,D,3,1,3524783.169,54.95,2001,26,3.99,4.24
180544,Active,270783,NA,NA,S,5,1,291394.045,71.99,2010,39,26.33,28.17
180545,Active,203828,NA,NA,D,4,1,1744396.455,65,2005,55,4,14.99
180546,Active,528777,NA,NA,D,5,1,462000.4225,74.99,2011,25,8.39,12.97
180547,Active,203827,NA,NA,D,4,1,2216227.813,65,2005,36,4,21.97
180548,Active,528776,NA,NA,S,9,1,80090.82,91.99,2011,41,44.31,48.02
180549,Active,203469,NA,NA,D,7,1,2196878.051,59.95,2003,23,4,11.39
180550,Active,204041,NA,NA,D,8,1,1122532.571,79,2007,26,20.48,58.1
180551,Active,294178,NA,NA,D,10,1,76081.605,112.99,2007,109,6.38,12.99
180552,Active,187963,NA,NA,S,8,1,1569974.974,75,1998,71,4,18.97
180553,Active,270950,NA,NA,S,0,0,523087.6888,19.99,2012,103,4,7.49
180554,Active,250448,NA,NA,S,6,1,38289.4375,18.95,2010,130,4,8.99
180555,Active,250421,NA,NA,S,4,1,246886.7313,19.99,2010,39,5.58,0
180556,Active,2078588,NA,NA,D,3,1,136995.95,49.99,2011,29,5.49,43.99
180557,Active,2078516,NA,NA,D,2,1,1662639.013,49.95,2009,31,4.46,83.87
180558,Active,1865900,NA,NA,S,2,1,48512.77625,14.95,2008,47,5.93,10.47
180559,Active,630061,NA,NA,S,7,1,613115.8263,80,2010,56,10.88,28.97
180560,Active,621307,NA,NA,D,8,1,360223.9788,80,2012,77,8.16,23.98
180561,Active,631641,NA,NA,D,6,1,1026151.759,80,2009,47,4.36,19.98
180562,Active,528773,NA,NA,S,4,1,192357.6488,19.99,2011,53,4,12.9
180563,Active,2103030,NA,NA,D,0,0,558851.1588,99.99,2015,8,28.4,56.98
180564,Active,1865858,NA,NA,S,6,1,832347.1775,20,2008,65,4,9.05
180565,Active,1865860,NA,NA,S,7,1,623975.745,20,2008,122,3.9,7.09
180566,Active,528772,NA,NA,S,6,1,985722.3175,20,2008,81,3.02,7.91
180567,Active,613246,NA,NA,D,0,0,237992.6525,34.99,2013,271,4,7.98
180568,Active,866279,NA,NA,S,0,0,25055.4025,39.99,2015,147,4.48,18.99
180569,Active,2103025,NA,NA,S,0,0,17709,39.99,2016,67,16.95,13
180570,Active,386945,NA,NA,S,5,1,74585.54125,19,2010,85,4,153.99
180571,Active,639058,NA,NA,S,2,1,424538.52,36.99,2013,15,8.76,16.98
180572,Active,2098011,NA,NA,S,0,0,47828.575,59.99,2014,22,27.47,27.49
180573,Active,528771,NA,NA,S,0,0,890962.23,38.99,2010,59,3.99,7.99
180574,Active,637637,NA,NA,S,0,0,321453.3838,59.99,2013,68,4.76,23.49
180575,Active,3108195,NA,NA,S,2,1,386935.2125,44.99,2015,21,13.48,24.35
180576,Active,3775880,NA,NA,S,3,1,74527,44.99,2016,12,25.33,28.76
180577,Active,3108189,NA,NA,S,2,1,229126.0013,44.99,2015,27,8.04,22.91
180578,Active,2098017,NA,NA,S,1,0,581019.065,44.99,2014,46,5.34,25.99
180579,Active,3108193,NA,NA,S,2,1,306368.725,44.99,2015,17,8.94,22.09
180580,Active,652616,NA,NA,S,0,0,1035413.729,44.99,2012,74,4,9.48
180581,Active,2098016,NA,NA,S,0,0,522803.9575,44.99,2014,45,4.5,21.74
180582,Active,3108192,NA,NA,S,2,1,554624.0038,44.99,2015,22,15.07,25.65
180583,Active,2098015,NA,NA,S,3,1,582386.0613,44.99,2014,50,5.88,15.99
180584,Active,629216,NA,NA,S,3,1,1121543.15,44.99,2012,70,4,6.94
180585,Active,642095,NA,NA,S,8,1,260329.2488,49.99,2013,54,5.22,27.98
180586,Active,644494,NA,NA,S,1,0,692499.6738,120,2013,59,4.08,8.57
180587,Active,632178,NA,NA,S,0,0,201514.7938,174.99,2013,92,7.36,36.77
180588,Active,616185,NA,NA,D,0,0,451433.48,174.95,2011,80,7.92,24.97
180589,Active,643888,NA,NA,D,3,1,720605.29,34.99,2010,40,5.97,50.21
180590,Active,649060,NA,NA,S,2,1,852342.5288,59.95,2009,21,25.95,61.54
180591,Active,2078535,NA,NA,D,1,0,1106084.599,64.99,2010,20,5.98,73.35
180592,Active,655568,NA,NA,D,0,0,1083512.055,64.99,2011,15,16.98,118.33
180593,Active,652437,NA,NA,S,2,1,389463.3013,54.99,2013,23,31.68,33.54
180594,Active,904191,NA,NA,D,3,1,1709692.839,39.95,2009,30,4,48.11
180595,Active,658300,NA,NA,S,3,1,467767.3475,44.99,2012,21,39.89,199.73
180596,Active,906844,NA,NA,D,2,1,839519.6225,44.95,2009,19,14.99,14.98
180597,Active,658411,NA,NA,S,2,1,445647.58,44.99,2011,12,39.99,311.7
180598,Active,633199,NA,NA,S,2,1,284936.7375,44.99,2011,24,23.99,53.99
180599,Active,899133,NA,NA,D,0,0,1365439.943,44.95,2008,14,26.42,47.99
180600,Active,635955,NA,NA,D,5,1,699901.8125,44.99,2011,54,4.39,13.98
180601,Active,655187,NA,NA,S,6,1,319788.3638,44.99,2013,30,22.99,35.63
180602,Active,909067,NA,NA,D,4,1,936525.505,44.95,2008,34,5.14,13.98
180603,Active,902383,NA,NA,S,5,1,738593.9575,44.99,2011,22,8.35,23.99
180604,Active,621393,NA,NA,S,4,1,968732.4088,44.95,2008,23,8.49,0
180605,Active,2084517,NA,NA,S,5,1,882136.4763,44.99,2011,26,5.99,37.98
180606,Active,615614,NA,NA,S,4,1,1129618.493,44.95,2008,46,4,18.99
180607,Active,2098031,NA,NA,S,0,0,705615.0963,64.99,2015,21,29.53,39.37
180608,Active,1865914,NA,NA,D,0,0,687041.4575,35,2011,106,4,20.92
180609,Active,2084552,NA,NA,D,0,0,266469.3275,34.99,2014,148,4,16.99
180610,Active,867823,NA,NA,S,0,0,38102.60625,44.99,2015,101,4.71,48.98
180611,Active,924426,NA,NA,S,6,1,60976.03625,22.99,2014,51,11.63,13.51
180612,Active,250447,NA,NA,S,3,1,125466.5788,20,2008,51,11.25,73.31
180613,Active,914930,NA,NA,D,4,1,1045652.671,36,2010,34,4.99,15.65
180614,Active,624719,NA,NA,D,5,1,592484.8125,80,2012,40,5.97,74.74
180615,Active,2098047,NA,NA,S,0,0,39254.85,54.99,2015,19,22.78,23.98
180616,Active,613801,NA,NA,S,1,0,581428.6038,44.99,2011,121,4,4
180617,Active,2078511,NA,NA,S,2,1,1103778.151,49.95,2009,20,21.25,79.96
180618,Active,908274,NA,NA,S,0,0,791720.5225,29.95,2007,27,5.98,47.89
180619,Active,1878955,NA,NA,S,0,0,573934.4463,27.95,2007,21,6.98,50
180620,Active,916953,NA,NA,S,0,0,1134168.706,35,2007,38,4,22.94
180621,Active,614242,NA,NA,S,4,1,324254.6075,35,2009,45,4,23.99
180622,Active,2103049,NA,NA,S,6,1,8002.5,39.99,2015,10,24.99,23.72
180623,Active,862134,NA,NA,S,5,1,337606.7725,39.99,2014,29,6.32,18.24
180624,Active,1865777,NA,NA,S,0,0,522367.5925,16.99,2011,70,4,11.49
180625,Active,2098001,NA,NA,S,0,0,477937.6688,18.99,2014,31,4,18.99
180626,Active,774866,NA,NA,D,4,1,5318332.225,299,1999,17,8.03,13.94
180627,Active,248773,NA,NA,D,5,1,2072801.461,318,2006,16,11.05,58.99
180628,Active,166275,NA,NA,S,2,1,197873.945,62.95,1995,48,9.19,33.98
180629,Active,2216178,NA,NA,D,0,0,887214.1975,40,2014,11,27.95,29.51
180630,Active,1837751,NA,NA,S,4,1,334069.44,46,2006,47,25.97,29.62
180631,Active,620392,NA,NA,S,2,1,79392.25875,65.95,2000,51,19.38,47.53
180632,Active,2667426,NA,NA,S,0,0,238356.7163,55,2000,60,17.73,39.97
180633,Active,755405,NA,NA,S,0,0,687519.6775,85.95,2007,23,37.8,57
180634,Active,106794,NA,NA,D,9,1,377678.4475,55,2010,84,5.83,21.86
180635,Active,606780,NA,NA,D,8,1,860012.9238,46.95,2007,71,4,16.98
180636,Active,775076,NA,NA,D,5,1,1148239.271,99,2001,32,5.91,43.99
180637,Active,217316,NA,NA,S,9,1,259015.17,55,2008,27,8.99,26.25
180638,Active,456469,NA,NA,S,10,1,394635.8525,107.95,2005,33,10.82,18.64
180639,Active,898840,NA,NA,S,1,0,742945.2213,49.95,2004,23,20.6,43.94
180640,Active,878807,NA,NA,S,3,1,1801116.205,84.95,2005,51,4,5.99
180641,Active,545803,NA,NA,D,6,1,38668.77625,120,2013,79,11.04,17.95
180642,Active,2256686,NA,NA,D,5,1,2292783.499,15.49,2011,50,5.57,9.7
180643,Active,229181,NA,NA,D,3,1,1057850.441,49.95,2008,80,4,6.69
180644,Active,271016,NA,NA,D,4,1,638560.5413,62,2010,142,4,9.1
180645,Active,617500,NA,NA,D,5,1,40705.25,73,2012,143,3.88,14.99
180646,Active,878805,NA,NA,S,6,1,8934.44625,73,2014,80,37.64,50
180647,Active,271015,NA,NA,D,5,1,334635.92,120,2011,83,4,16.39
180648,Active,229169,NA,NA,D,4,1,310734.3013,99.95,2008,68,4.56,26.75
180649,Active,878810,NA,NA,S,7,1,8417.33,101,2014,47,45.69,73.13
180650,Active,300466,NA,NA,D,5,1,668170.2538,99,2011,84,4,7.49
180651,Active,296516,NA,NA,D,4,1,931422.4375,84.95,2008,51,4,16.1
180652,Active,545830,NA,NA,D,6,1,26166.01875,99,2013,106,8.15,14.99
180653,Active,620117,NA,NA,S,3,1,153889.86,60,2005,37,22.97,48.67
180654,Active,555310,NA,NA,D,1,0,485388.3113,37.95,1998,66,4,27.69
180655,Active,865463,NA,NA,S,2,1,218252.575,54.95,2014,17,29.94,44.52
180656,Active,788838,NA,NA,S,2,1,2582121.975,75.99,2001,39,4.79,48.21
180657,Active,106817,NA,NA,S,10,1,384288.17,64,2011,39,11.64,12.99
180658,Active,2216173,NA,NA,D,1,0,614689.3438,45,2015,17,28.84,29.55
180659,Active,2216172,NA,NA,S,1,0,455843.4138,40,2015,12,33.54,29.69
180660,Active,1536513,NA,NA,S,0,0,18054.15,60,2013,5,31.72,31.72
180661,Active,2165287,NA,NA,S,5,1,127514.17,29.95,2011,39,11.53,19.99
180662,Active,245804,NA,NA,S,25,1,111082.11,27.95,2009,68,6.31,0
180663,Active,196269,NA,NA,D,4,1,2837944.651,60,2008,22,4.7,46.41
180664,Active,196252,NA,NA,D,3,1,2679989.544,47.5,2004,24,4.6,44.34
180665,Active,528756,NA,NA,S,2,1,327110.4713,45,2010,35,23.25,27.15
180666,Active,545508,NA,NA,S,2,1,183446.285,46,2012,28,20.54,26.49
180667,Active,528754,NA,NA,S,2,1,347743.7063,80,2009,30,26.02,33.88
180668,Active,199521,NA,NA,D,1,0,3379317.605,57.95,2003,30,4.7,43.94
180669,Active,611531,NA,NA,S,2,1,619567.0075,46,2013,17,10.86,27.99
180670,Active,892837,NA,NA,S,3,1,862237.7825,44,2014,23,23.95,29.95
180671,Active,616736,NA,NA,S,2,1,712490.8975,114.8,2009,55,4.94,23.99
180672,Active,248115,NA,NA,S,3,1,192880.5538,61,2010,35,6.18,30.97
180673,Active,1828967,NA,NA,S,3,1,395803.5925,49.99,2015,15,35.87,36.14
180674,Active,326269,NA,NA,D,1,0,1668175.648,34.99,2003,47,4,19
180675,Active,326278,NA,NA,D,3,1,2949977.326,29.99,2003,27,4.56,21.04
180676,Active,2688905,NA,NA,S,0,0,512264.4363,49.21,2004,71,4,33.83
180677,Active,272542,NA,NA,S,2,1,586929.0275,83,2010,31,31.96,44.35
180678,Active,199421,NA,NA,D,1,0,1105917.031,69.95,2004,24,8.94,82.71
180679,Active,2082655,NA,NA,S,6,1,211205.2663,45.8,2012,11,33.08,45.8
180680,Active,2082665,NA,NA,S,10,1,55492.435,54.8,2014,28,36.99,54.8
180681,Active,178853,NA,NA,S,2,1,375898.805,193.95,2007,28,4.83,23.74
180682,Active,178851,NA,NA,S,2,1,138595.93,120.95,2007,54,4.38,28.73
180683,Active,528750,NA,NA,S,17,1,813058.0625,193.95,2008,31,10.37,41.63
180684,Active,608679,NA,NA,S,15,1,3038719.035,116.95,2001,36,3.84,28.99
180685,Active,633242,NA,NA,D,18,1,88660.28875,111.95,2010,62,12.39,45.42
180686,Active,766941,NA,NA,D,17,1,291706.5975,103.95,2008,63,4,21.93
180687,Active,766934,NA,NA,S,17,1,1745381.949,87.95,2007,44,4,11.43
180688,Active,766440,NA,NA,D,18,1,256318.5188,99.95,2010,22,8.88,22.6
180689,Active,627846,NA,NA,D,19,1,406038.64,99.95,2013,75,5.14,41.72
180690,Active,224736,NA,NA,S,6,1,231160.2338,42.95,2011,19,5.97,23.34
180691,Active,766191,NA,NA,S,2,1,615793.9538,118.95,2003,24,8.83,71.15
180692,Active,53743,NA,NA,S,4,1,368646.4875,128.95,2004,117,3.9,5.98
180693,Active,543850,NA,NA,S,7,1,9884.835,82.95,2013,53,41.54,63.99
180694,Active,53742,NA,NA,D,6,1,190696.27,124.95,2010,80,4.36,30.77
180695,Active,53744,NA,NA,D,5,1,135168.09,134.95,2007,145,4,11.99
180696,Active,423341,NA,NA,S,1,0,499081.2238,176.4,2011,57,4.58,66.96
180697,Active,859418,NA,NA,S,2,1,1011460.961,95,2006,50,4,52.29
180698,Active,58459,NA,NA,D,6,1,1164046.29,80.4,2008,86,4,18.78
180699,Active,58460,NA,NA,D,7,1,114029.7963,98.8,2011,62,5.99,18.98
180700,Active,1516839,NA,NA,S,1,0,100807.9188,73.8,2014,44,32.95,63.27
180701,Active,121151,NA,NA,D,6,1,423172.1213,105.2,2010,61,5.93,60.76
180702,Active,118605,NA,NA,D,5,1,1739302.691,74.6,2007,45,4,7.7
180703,Active,607445,NA,NA,D,3,1,502828.6325,60.67,2008,34,7.28,52.97
180704,Active,607284,NA,NA,D,2,1,1098845.008,58.67,2003,49,4,15.83
180705,Active,615509,NA,NA,S,1,0,58192.2,56.8,2011,95,4,20.47
180706,Active,132536,NA,NA,S,4,1,2249885.389,113,2007,28,4,53.71
180707,Active,132316,NA,NA,S,4,1,1378826.61,143.8,2007,44,4,45.47
180708,Active,635950,NA,NA,S,0,0,410075.7163,91.99,2011,29,10.13,10.19
180709,Active,746172,NA,NA,S,1,0,462430.195,67,2003,81,4,14.38
180710,Active,495596,NA,NA,D,6,1,2271623.894,312,2008,17,99.08,101.95
180711,Active,791351,NA,NA,S,0,0,49914.525,56,2013,15,22.94,23.35
180712,Active,751992,NA,NA,D,1,0,1331536.414,145,2009,19,51.99,134.78
180713,Active,3465093,NA,NA,D,2,1,1188468.3,139,1992,24,4,65.95
180714,Active,2339718,NA,NA,D,2,1,706421.2963,167.75,1982,33,12.29,48.48
180715,Active,761027,NA,NA,D,1,0,819063.4888,160.88,1998,24,7.84,76.83
180716,Active,618523,NA,NA,D,1,0,2989282.529,39.95,1999,24,4,27.22
180717,Active,54745,NA,NA,S,10,1,434226.1188,53.31,2001,31,4.99,50.91
180718,Active,54746,NA,NA,D,11,1,79957.40625,48.98,2007,48,9.98,40.96
180719,Active,54748,NA,NA,D,10,1,1212053.159,13.99,2002,60,4,17.98
180720,Active,203978,NA,NA,S,0,0,217643.975,103.99,2008,71,8,19.82
180721,Active,631168,NA,NA,S,2,1,1286130.866,31.95,2006,11,23.97,26.94
180722,Active,620760,NA,NA,S,2,1,139446.4313,88.95,2011,29,35,66.98
180723,Active,534761,NA,NA,S,3,1,49668.17125,88,2012,73,19.49,44.64
180724,Active,194101,NA,NA,D,2,1,299288.4913,67,2005,41,6.68,47.59
180725,Active,293252,NA,NA,D,0,0,1059696.911,38,2000,24,4,35.94
180726,Active,641904,NA,NA,D,1,0,438198.93,65,1987,47,23.64,53.65
180727,Active,2385212,NA,NA,D,0,0,7105856.278,68,1990,14,8.98,0
180728,Active,2847413,NA,NA,S,0,0,381698.0638,69.99,1993,19,51.52,98.32
180729,Active,528743,NA,NA,S,2,1,57300.4875,39.99,2008,76,22.81,24.03
180730,Active,804435,NA,NA,D,7,1,1873978.796,121.71,2010,26,5.49,22.99
180731,Active,608934,NA,NA,D,5,1,3627570.241,66.95,2003,53,4.13,8.69
180732,Active,652409,NA,NA,D,12,1,78216.49375,125,2013,76,23.91,113.99
180733,Active,58502,NA,NA,D,10,1,543369.675,99.95,2007,152,4,12.93
180734,Active,58501,NA,NA,S,9,1,1927720.846,67.95,2003,67,4.47,13.42
180735,Active,58503,NA,NA,D,11,1,84678.555,113,2010,73,7.43,63.75
180736,Active,655135,NA,NA,S,5,1,331507.205,40,2013,52,19.15,21.99
180737,Active,625030,NA,NA,D,0,0,742771.4413,157,2008,24,30.38,153.25
180738,Active,286094,NA,NA,D,6,1,277248.95,112,2006,35,10.97,90.74
180739,Active,114796,NA,NA,D,5,1,924939.2813,90.67,2002,38,4.46,19.87
180740,Active,1779480,NA,NA,S,2,1,77180.325,85,2014,13,59.67,67.9
180741,Active,602549,NA,NA,D,0,0,1139696.964,21.99,2006,20,4,10.61
180742,Active,395900,NA,NA,D,0,0,842618.9325,13.02,2006,44,4.38,0
180743,Active,652344,NA,NA,S,2,1,228806.2263,99,2013,54,37.67,0
180744,Active,252021,NA,NA,D,1,0,367158.8113,89.95,2009,37,18.39,33.98
180745,Active,626412,NA,NA,S,3,1,609978.4713,45,2005,29,11.91,0
180746,Active,922417,NA,NA,D,1,0,6862.40875,17.99,2004,112,4,10.69
180747,Active,2106993,NA,NA,S,0,0,16485.5,42.99,2015,9,24.03,24.77
180748,Active,1499088,NA,NA,S,0,0,985817.005,64.99,2008,36,19.98,38.09
180749,Active,774907,NA,NA,D,5,1,1050511.128,89.95,2001,19,4.96,28.95
180750,Active,114253,NA,NA,D,15,1,609840.5575,128,2002,46,4,10.49
180751,Active,60556,NA,NA,D,17,1,300508.0063,198.67,2007,56,5.78,19.99
180752,Active,607311,NA,NA,D,16,1,1288965.044,164.8,2004,62,4.03,22.99
180753,Active,3216837,NA,NA,S,0,0,794.38875,55.93,2005,0,0,46.44
180754,Active,644106,NA,NA,S,5,1,507436.6463,110.95,2006,24,47.55,63.95
180755,Active,756780,NA,NA,D,4,1,1835412.125,120,1997,18,7.74,65.49
180756,Active,910124,NA,NA,S,2,1,1068756.299,54.99,2004,30,5.04,33.93
180757,Active,618638,NA,NA,S,0,0,53131.8,65,2003,35,13.93,26.99
180758,Active,118584,NA,NA,S,3,1,117368.2075,122.6,2007,56,18.23,46
180759,Active,113655,NA,NA,D,2,1,2480896.17,64.67,1999,34,4,21.99
180760,Active,157727,NA,NA,S,2,1,78865.70125,46.95,2010,53,26.74,34.2
180761,Active,575271,NA,NA,S,2,1,593336.1938,44.95,2006,33,21.41,36.36
180762,Active,1658418,NA,NA,S,2,1,1674892.205,71.64,2010,27,4.99,54.49
180763,Active,2555300,NA,NA,D,0,0,139379.0875,26,1996,45,8.78,20.7
180764,Active,408194,NA,NA,D,0,0,1379273.813,210,2008,30,4,44.73
180765,Active,136558,NA,NA,S,2,1,344523.115,62,2011,39,17.85,41.41
180766,Active,1651500,NA,NA,S,1,0,1552548.24,102.95,2012,66,4,22.93
180767,Active,169388,NA,NA,D,1,0,524669.9413,108.95,2008,43,5.64,47.67
180768,Active,1840637,NA,NA,D,1,0,1533685.145,67.99,2009,14,5.23,103.29
180769,Active,1778830,NA,NA,S,2,1,350366.825,75.95,2013,21,46.18,58.5
180770,Active,203416,NA,NA,S,4,1,1921991.398,49.95,2002,22,4.55,28.99
180771,Active,528734,NA,NA,S,5,1,763564.3813,68.99,2008,39,4.78,38.99
180772,Active,868139,NA,NA,D,2,1,888698.8963,54.35,1987,21,12.93,45.79
180773,Active,868138,NA,NA,D,0,0,709588.9938,73.24,1974,35,6.4,48.49
180774,Active,905325,NA,NA,D,2,1,1979021.3,150,1996,25,9.2,74.01
180775,Active,693944,NA,NA,S,0,0,194845.6975,81.8,2003,46,8.73,94.91
180776,Active,693945,NA,NA,S,0,0,1166185.376,87.65,2002,67,4.14,7.99
180777,Active,692639,NA,NA,S,0,0,73802.815,74.6,2006,47,7.48,0
180778,Active,155472,NA,NA,S,5,1,1125900.096,85,1997,40,4.7,48.99
180779,Active,528732,NA,NA,D,7,1,13685.0525,241.75,2012,78,31.99,81.91
180780,Active,110763,NA,NA,D,6,1,222299.3638,53.97,2008,87,4.2,44.99
180781,Active,157629,NA,NA,S,2,1,999735.3588,49.95,2006,27,6.5,46.12
180782,Active,2243826,NA,NA,S,0,0,964175.625,49.95,2015,13,40.6,37.73
180783,Active,121606,NA,NA,D,9,1,105802.145,142.4,2011,389,4.14,20.98
180784,Active,54856,NA,NA,D,8,1,488977.8325,122.6,2007,285,4,11.99
180785,Active,553158,NA,NA,D,9,1,1279422.356,170.53,2011,28,7.53,93.57
180786,Active,54855,NA,NA,S,7,1,1264272.393,92.95,2003,167,4,23.24
180787,Active,876397,NA,NA,D,9,1,379836.235,70.18,2011,49,6.39,46.5
180788,Active,200328,NA,NA,D,8,1,818749.9188,114.95,2007,57,4,11.48
180789,Active,864682,NA,NA,S,10,1,31426.76875,113.95,2014,73,25.96,41.76
180790,Active,200584,NA,NA,D,9,1,82780.2775,121.95,2011,103,4.66,36.78
180791,Active,192775,NA,NA,S,10,1,1900064.92,84.95,2000,50,4.25,11.99
180792,Active,534010,NA,NA,D,12,1,323872.8675,130,2007,75,8.39,29.42
180793,Active,593535,NA,NA,S,2,1,57233.97625,227.25,2011,44,74.26,106.93
180794,Active,252558,NA,NA,D,6,1,102030.8563,43.93,2006,90,10.98,45.99
180795,Active,191905,NA,NA,D,5,1,843697.3513,28.98,2002,106,4,42.98
180796,Active,635174,NA,NA,S,2,1,405252.995,49,2008,24,21.94,36.53
180797,Active,1532186,NA,NA,S,1,0,223486.7225,35,2012,43,6.82,8.19
180798,Active,2018078,NA,NA,S,11,1,1457481.329,379,2008,27,38.53,141.58
180799,Active,2385389,NA,NA,S,1,0,86936.555,59.2,1972,49,30.73,30.91
180800,Active,2488350,NA,NA,D,0,0,1102564.246,30,1998,32,4,9.48
180801,Active,627466,NA,NA,S,2,1,121197.1113,40.63,2009,15,43.59,0
180802,Active,251954,NA,NA,D,4,1,91888.4525,165.95,2009,45,12.76,66.22
180803,Active,60559,NA,NA,D,3,1,736623.5688,175.95,2004,44,4,43.88
180804,Active,1910466,NA,NA,S,9,1,1415594.43,68.95,2010,14,21.97,71.53
180805,Active,802351,NA,NA,S,6,1,1458079.853,113.95,2006,14,14.69,84.96
180806,Active,634901,NA,NA,S,2,1,680117.0388,65.99,2012,33,4,30.15
180807,Active,452829,NA,NA,S,7,1,36133.22125,153.95,2010,47,20.82,52.94
180808,Active,1451354,NA,NA,S,2,1,268355.7125,72.4,2014,38,5.26,56.61
180809,Active,624294,NA,NA,S,5,1,139854.4013,90.95,2011,30,18.98,51.89
180810,Active,544207,NA,NA,S,6,1,501930.1338,117.95,2013,25,17.58,47.99
180811,Active,535674,NA,NA,S,8,1,49551.07375,120.95,2013,69,6.77,52.23
180812,Active,535669,NA,NA,S,6,1,452628.125,117.95,2012,36,9.38,40.84
180813,Active,1574131,NA,NA,D,1,0,97783.00875,207.95,2008,40,49.91,60.42
180814,Active,169534,NA,NA,D,3,1,1289086.848,74.95,2007,20,4.76,51.97
180815,Active,528728,NA,NA,D,4,1,195475.4713,70.95,2010,48,10.98,68.94
180816,Active,1783299,NA,NA,S,5,1,46426.965,72.95,2014,23,44.91,57.58
180817,Active,543167,NA,NA,S,9,1,35988.445,110,2005,71,28.99,69.39
180818,Active,593270,NA,NA,S,3,1,1678879.378,84.95,2009,44,4,6.84
180819,Active,111112,NA,NA,D,2,1,826882.7863,33.97,2010,56,4.69,24.04
180820,Active,528718,NA,NA,S,10,1,512078.9213,112.6,2010,51,4,33.87
180821,Active,533872,NA,NA,D,9,1,717795.8163,204.95,2008,42,4.84,43.98
180822,Active,60372,NA,NA,S,8,1,1122393.134,193.95,2006,38,4,23.93
180823,Active,1574725,NA,NA,S,1,0,45629.825,124.95,2008,24,22.64,63.98
180824,Active,111007,NA,NA,D,2,1,958166.3475,76.52,2009,23,4.03,59.58
180825,Active,111412,NA,NA,D,3,1,263624.9413,202.05,2011,63,13.13,64.93
180826,Active,635627,NA,NA,S,2,1,289566.4,72.4,2012,21,11.74,47.98
180827,Active,1574746,NA,NA,S,9,1,2553313.925,62.95,2008,16,4.29,675
180828,Active,245222,NA,NA,S,5,1,1803826.113,90.95,2006,15,4.98,28.99
180829,Active,807002,NA,NA,D,3,1,2409665.486,91.95,2007,21,4.47,53.13
180830,Active,797552,NA,NA,D,2,1,4544276.204,75.95,2003,18,4.59,15.67
180831,Active,634915,NA,NA,S,4,1,599909.7863,86.95,2011,32,15.87,68.81
180832,Active,528721,NA,NA,S,2,1,229207.4838,91.95,2010,117,4,8.88
180833,Active,866292,NA,NA,S,5,1,61621.26875,43.99,2014,32,14.98,23.99
180834,Active,525953,NA,NA,S,4,1,264265.1975,38.99,2009,106,4,8.48
180835,Active,635588,NA,NA,S,5,1,212866.795,42.99,2013,35,7.79,12.24
180836,Active,60560,NA,NA,D,9,1,544116.7263,43.99,2006,48,4.47,23.99
180837,Active,417090,NA,NA,D,11,1,729295.8325,40,2009,31,4,39.16
180838,Active,632009,NA,NA,D,13,1,65394.48375,146.25,2013,87,9.74,88.43
180839,Active,417182,NA,NA,D,12,1,149098.0263,64.13,2011,34,5.99,66.56
180840,Active,807125,NA,NA,S,2,1,1264359.946,139.95,2008,27,5.85,21.99
180841,Active,528717,NA,NA,S,5,1,964760.7213,62.95,2010,19,13.25,43.94
180842,Active,417287,NA,NA,S,1,0,30350.95,76.72,2012,33,18.78,23.48
180843,Active,862136,NA,NA,S,18,1,122893.7388,55.95,2014,21,26.43,41.69
180844,Active,615287,NA,NA,S,5,1,1445802.254,88.95,2010,40,4,26.12
180845,Active,1936407,NA,NA,S,2,1,42247.6,41.99,2014,22,27.89,30.99
180846,Active,183357,NA,NA,D,12,1,843174.4775,181.95,2006,33,14.84,59.03
180847,Active,587599,NA,NA,S,10,1,653989.665,79.95,2011,16,51.84,0
180848,Active,630625,NA,NA,D,9,1,774769.5263,133.5,2011,23,8.2,45.85
180849,Active,417082,NA,NA,D,1,0,1928484.328,22.98,2008,34,4.03,23.15
180850,Active,111271,NA,NA,S,2,1,250538.9625,194.5,2011,41,37.32,101.49
180851,Active,3775934,NA,NA,S,3,1,421311.55,41,2015,24,13.94,27.96
180852,Active,592191,NA,NA,S,3,1,109672.115,43,2012,34,10.7,21.49
180853,Active,797773,NA,NA,D,7,1,2553243.291,112.95,2006,12,18.49,33.98
180854,Active,183727,NA,NA,S,12,1,168910.9375,118.95,2007,24,5.94,0
180855,Active,767590,NA,NA,D,8,1,454158.6525,212.95,2008,25,7.24,18.99
180856,Active,107856,NA,NA,D,6,1,1557624.183,11.98,2004,37,4.08,11.98
180857,Active,528722,NA,NA,D,6,1,199490.6025,153,2011,38,14.12,63.53
180858,Active,797634,NA,NA,D,5,1,1969253.046,44.95,2004,13,8.14,42
180859,Active,664268,NA,NA,S,7,1,424060.3238,71.95,2013,18,27.16,43.99
180860,Active,528720,NA,NA,S,5,1,373513.3075,56.5,2010,26,18.53,66.39
180861,Active,231854,NA,NA,D,0,0,584546.9175,60,2003,25,15.12,53.79
180862,Active,865352,NA,NA,S,4,1,1015703.973,49.95,2005,27,9.08,45.22
180863,Active,148645,NA,NA,D,14,1,635773.3588,393.95,2009,46,8.11,51.63
180864,Active,60561,NA,NA,D,13,1,1677112.904,253.95,2006,35,4,19.97
180865,Active,57041,NA,NA,D,4,1,1015593.703,161.23,2007,54,4,43.46
180866,Active,2385277,NA,NA,D,10,1,3615867.411,86.78,1991,22,4,20.11
180867,Active,533325,NA,NA,D,6,1,28673.9675,91.98,2012,62,18.21,93.89
180868,Active,877031,NA,NA,D,4,1,1985920.765,97.54,2007,41,7.18,70.16
180869,Active,57040,NA,NA,S,3,1,1371901.163,165,2004,38,4,18.99
180870,Active,3608512,NA,NA,D,6,1,4738049.05,27.95,1999,36,4,18.99
180871,Active,232853,NA,NA,D,7,1,817074.3725,34.95,2004,35,4,15.99
180872,Active,897580,NA,NA,D,14,1,2328083.988,21,2006,11,4,92.25
180873,Active,907367,NA,NA,D,2,1,3046936.161,31,2005,17,4.49,31
180874,Active,600140,NA,NA,D,14,1,1831131.896,26,2009,34,4,18.99
180875,Active,269970,NA,NA,S,14,1,882980.2875,168,2006,32,4.37,79
180876,Active,896074,NA,NA,D,0,0,4245269.688,89.25,2000,18,10.97,19.94
180877,Active,545495,NA,NA,S,3,1,42854.4725,49.99,2011,30,33.98,30.11
180878,Active,52902,NA,NA,D,7,1,2555626.018,148,2003,39,4,10.58
180879,Active,52904,NA,NA,D,9,1,134058.7338,222.67,2009,43,28.99,53.92
180880,Active,52903,NA,NA,D,8,1,532565.3988,180,2006,57,4.35,46.03
180881,Active,286173,NA,NA,D,12,1,1206741.661,196,2006,34,4,51.67
180882,Active,711415,NA,NA,D,10,1,810715.35,126.67,2000,27,4,38.91
180883,Active,538822,NA,NA,D,11,1,66987.0675,52.96,2011,77,14.88,47.69
180884,Active,2249770,NA,NA,D,3,1,7563169.085,0,2009,23,4,64.62
180885,Active,53920,NA,NA,D,3,1,330286.8163,51.75,2009,46,15.55,53.95
180886,Active,550562,NA,NA,D,10,1,654857.3288,18.45,2008,66,4.65,8.78
180887,Active,618634,NA,NA,D,11,1,1674669.301,160,2003,24,4,21.9
180888,Active,221703,NA,NA,D,3,1,1750698.075,83.95,2000,26,4,32.49
180889,Active,53919,NA,NA,D,2,1,619165.0638,13.24,2006,54,4,11.27
180890,Active,533873,NA,NA,D,9,1,350300.6963,385.95,2008,39,8.04,43.99
180891,Active,60972,NA,NA,D,8,1,298924.65,309.95,2004,61,4.36,19
180892,Active,192613,NA,NA,D,1,0,1727091.703,54.95,2006,36,4,12.87
180893,Active,534819,NA,NA,D,2,1,485896.195,64.95,2010,72,4,36.49
180894,Active,254011,NA,NA,S,2,1,1303011.329,89.91,2010,18,48.17,89.65
180895,Active,55102,NA,NA,D,8,1,158751.1613,76.2,2009,152,4,22.99
180896,Active,539502,NA,NA,S,9,1,18765.52125,80.2,2013,61,45.76,63.97
180897,Active,55101,NA,NA,D,7,1,171048.36,48.95,2005,120,4,9.4
180898,Active,658630,NA,NA,D,3,1,648702.1213,131,2009,28,4.3,56.65
180899,Active,874218,NA,NA,D,1,0,1101245.434,21.86,2008,27,4,43.47
180900,Active,110338,NA,NA,D,2,1,173970.1425,137.5,2011,60,5.94,16.97
180901,Active,110602,NA,NA,S,6,1,79173.85375,102.25,2008,89,13.99,45.99
180902,Active,543133,NA,NA,S,3,1,147359.2375,89.95,2013,93,34.79,66.01
180903,Active,642497,NA,NA,D,8,1,1975416.035,64.8,2007,16,5.06,53.99
180904,Active,2373865,NA,NA,D,7,1,2317631.265,104.8,2004,16,5,43.65
180905,Active,244376,NA,NA,S,4,1,99777.35625,146,2011,34,13.99,28.99
180906,Active,191870,NA,NA,S,3,1,52705.21875,105.75,2000,69,12.53,37.99
180907,Active,119752,NA,NA,S,7,1,409653.2338,111.8,1996,45,12.39,79.98
180908,Active,1657502,NA,NA,D,8,1,4362288.679,48.03,2008,10,11.98,72.99
180909,Active,116717,NA,NA,D,10,1,126702.5138,131.8,2005,44,5.24,0
180910,Active,120537,NA,NA,D,11,1,847062.0738,121.6,2008,31,5.24,8.8
180911,Active,528709,NA,NA,D,12,1,72090.94625,127.2,2011,54,10.57,59.72
180912,Active,169231,NA,NA,D,6,1,1246044.358,253.95,2006,51,4,20.52
180913,Active,177020,NA,NA,D,5,1,3609768.321,109.95,2003,30,4.13,29.98
180914,Active,169698,NA,NA,D,7,1,228045.2263,230.95,2009,57,4.98,66.25
180915,Active,146811,NA,NA,D,10,1,49050.305,133,2012,54,18.4,55.7
180916,Active,56209,NA,NA,D,9,1,326844.2788,124,2009,37,4.79,39.72
180917,Active,56212,NA,NA,S,7,1,1205556.983,86.6,2003,35,4,18.99
180918,Active,56213,NA,NA,D,8,1,1456178.828,106.07,2006,56,4,19.98
180919,Active,114599,NA,NA,S,4,1,150858.5175,140.2,2002,61,17.78,43.98
180920,Active,414530,NA,NA,D,9,1,839753.3888,76.25,2001,16,4.14,53.81
180921,Active,108248,NA,NA,D,11,1,661940.6438,47.45,2004,27,5.01,46.84
180922,Active,60015,NA,NA,D,12,1,688748.8175,335.6,2007,17,39.96,99.85
180923,Active,176856,NA,NA,D,1,0,3791816.81,48.95,2000,20,4,4
180924,Active,177143,NA,NA,D,2,1,3429627.459,136.95,2004,42,4,21.28
180925,Active,528707,NA,NA,S,3,1,73531.95375,135.95,2008,67,6.75,27.43
180926,Active,2795317,NA,NA,D,0,0,1633135.093,72,1994,19,4.43,41.85
180927,Active,212417,NA,NA,D,1,0,2636229.488,79.2,2006,27,4.19,12.74
180928,Active,146015,NA,NA,S,2,1,133560.475,82.2,2009,48,24.5,77.19
180929,Active,146020,NA,NA,S,2,1,102248.25,82.2,2009,53,18.88,56.49
180930,Active,3579117,NA,NA,D,0,0,1960776.6,72.33,2006,26,4.45,29.91
180931,Active,146021,NA,NA,S,2,1,101653.67,82.2,2009,36,38.47,0
180932,Active,164243,NA,NA,S,4,1,223485.84,90.5,2001,41,8.48,78.47
180933,Active,667263,NA,NA,S,3,1,30236.9,59.95,2012,12,57.84,56.95
180934,Active,739225,NA,NA,S,9,1,403292.0063,35,2002,24,9.9,18.98
180935,Active,56287,NA,NA,D,6,1,127093.52,67.15,2011,75,6.64,48.99
180936,Active,56286,NA,NA,D,5,1,964615.1975,602.99,2009,18,12.59,304.99
180937,Active,56285,NA,NA,D,4,1,1029949.068,72.06,2006,63,4,97.79
180938,Active,110567,NA,NA,D,10,1,441505.5225,129,2010,26,5.44,42.68
180939,Active,109069,NA,NA,D,9,1,537954.2088,47.99,2007,28,5.35,42.98
180940,Active,108085,NA,NA,D,8,1,1269020.514,45.03,2005,31,4.02,44.61
180941,Active,108264,NA,NA,S,11,1,637048.3788,100.5,2006,43,4,67.13
180942,Active,866693,NA,NA,S,8,1,58904.52875,106.75,2014,42,30.38,66.79
180943,Active,111206,NA,NA,D,7,1,264284.9413,41.85,2011,34,11.05,29.98
180944,Active,111100,NA,NA,S,14,1,74171.63625,114.75,2011,35,38.09,77.48
180945,Active,533490,NA,NA,D,4,1,45180.92625,28.47,2011,104,7.98,44.93
180946,Active,212518,NA,NA,D,3,1,1178390.019,121.4,2005,40,4.33,38.92
180947,Active,540831,NA,NA,D,5,1,70618.135,103.6,2013,32,52.99,96.97
180948,Active,54512,NA,NA,D,3,1,120932.6213,27.98,2009,93,4.35,21.9
180949,Active,434958,NA,NA,D,4,1,322207.665,97.4,2010,48,4.98,43.89
180950,Active,434837,NA,NA,D,4,1,802553.8438,118.2,2009,56,4,22.44
180951,Active,528706,NA,NA,D,5,1,514158.01,130,2012,41,22.57,58.25
180952,Active,54513,NA,NA,D,2,1,267188.195,27.71,2005,36,4.64,35.95
180953,Active,212625,NA,NA,D,3,1,819882.8563,84.6,2007,48,4,15.99
180954,Active,145986,NA,NA,D,4,1,851465.72,118.2,2009,26,4.84,14.87
180955,Active,626630,NA,NA,S,5,1,570701.605,137.33,2013,35,25.82,108.99
180956,Active,417088,NA,NA,D,10,1,126920.47,126.67,2009,61,5.87,49.42
180957,Active,537640,NA,NA,D,11,1,88463.9825,178,2012,87,18.87,69.83
180958,Active,552663,NA,NA,S,2,1,54977.38625,48.6,2006,22,31.61,0
180959,Active,294832,NA,NA,S,2,1,1121071.973,34.95,2006,39,4,12.86
180960,Active,211042,NA,NA,S,3,1,75768.50375,43.95,2011,55,15.25,30.38
180961,Active,742512,NA,NA,D,4,1,1384519.573,46,2010,16,15.15,88.33
180962,Active,612408,NA,NA,S,5,1,108028.8588,47.8,2013,17,28.98,40.88
180963,Active,1513981,NA,NA,S,2,1,147649.725,65,2009,25,10.29,23.99
180964,Active,607965,NA,NA,S,11,1,221262.72,56.2,2010,29,16.42,45.88
180965,Active,609341,NA,NA,S,10,1,1225321.995,44,2005,26,7.52,23.99
180966,Active,868071,NA,NA,S,2,1,1884949.963,96.2,2004,19,27.82,38.94
180967,Active,553546,NA,NA,S,3,1,567809.735,97.8,2008,33,19.24,74.4
180968,Active,639898,NA,NA,S,8,1,125117.9738,62.6,2011,37,9.51,47.12
180969,Active,455468,NA,NA,S,5,1,96441.6325,219.95,2006,49,26.99,0
180970,Active,107614,NA,NA,D,4,1,1361442.994,69.44,2003,11,7.29,109.67
180971,Active,212399,NA,NA,D,2,1,487658.4563,100.4,2006,45,4,67.76
180972,Active,146378,NA,NA,D,2,1,173905.8288,100.4,2010,49,8.91,55
180973,Active,108820,NA,NA,D,10,1,389439.7713,59.19,2008,45,5.18,46.39
180974,Active,60566,NA,NA,D,9,1,438586.1113,38.99,2005,37,5.25,63.47
180975,Active,111217,NA,NA,D,11,1,116938.5875,201,2011,50,20.99,111.59
180976,Active,417215,NA,NA,D,13,1,46439.81625,169.99,2012,71,16.53,75.62
180977,Active,416187,NA,NA,S,10,1,701409.2988,23.99,2003,36,4,32.94
180978,Active,60567,NA,NA,D,11,1,1122951.7,97.3,2006,37,3.95,67.65
180979,Active,417116,NA,NA,D,12,1,96679.22625,157.27,2009,96,5.81,55.57
180980,Active,417214,NA,NA,D,13,1,194887.0713,192.25,2012,74,6.99,91.99
180981,Active,111000,NA,NA,D,12,1,693006.6288,140,2009,40,4.75,38.67
180982,Active,528701,NA,NA,S,2,1,506348.2438,192.25,2012,31,19.63,113.26
180983,Active,644508,NA,NA,S,2,1,99135.5475,141.65,2012,34,8.42,0
180984,Active,111068,NA,NA,D,1,0,977980.4413,1316.94,2009,19,4.43,60.61
180985,Active,111300,NA,NA,S,1,0,479419.4475,50.83,2010,26,4.4,40.96
180986,Active,434734,NA,NA,S,4,1,2155197.916,40.4,2007,29,4,12.95
180987,Active,455335,NA,NA,D,0,0,1497543.328,202.95,1995,22,4,0
180988,Active,536591,NA,NA,D,6,1,565494.87,49,2011,23,5.49,52.98
180989,Active,540797,NA,NA,D,7,1,90053.20875,56.8,2013,29,29.95,42.11
180990,Active,528700,NA,NA,S,5,1,937687.215,46.8,2009,34,3.99,13.98
180991,Active,615022,NA,NA,S,13,1,58967.40375,143.99,2010,43,6.98,70.64
180992,Active,117705,NA,NA,D,4,1,1384957.381,98.4,2005,19,4,18.98
180993,Active,120665,NA,NA,D,5,1,474457.3988,95.8,2008,26,4.17,45.96
180994,Active,3473263,NA,NA,S,13,1,96975.975,90.4,2015,14,47.19,57.99
180995,Active,153819,NA,NA,D,2,1,98078.35125,23.98,2011,98,4.93,13.99
180996,Active,630041,NA,NA,D,0,0,718482.5813,16.48,2010,49,4,10.97
180997,Active,1449841,NA,NA,S,9,1,746785.0513,60.2,2007,26,4.94,47.97
180998,Active,163489,NA,NA,S,2,1,411949.1375,83.5,2010,26,5.67,33.57
180999,Active,657924,NA,NA,S,11,1,9815.67375,77,2013,45,23.94,55.99
181000,Active,514677,NA,NA,D,7,1,333033.3088,78.51,2009,31,6.05,38.3
181001,Active,60563,NA,NA,D,13,1,639121.015,81.59,2006,32,4,91.83
181002,Active,110965,NA,NA,D,6,1,1063972.988,140.5,2007,28,4.44,18.99
181003,Active,534005,NA,NA,D,14,1,411657.595,118.69,2008,36,4.23,23.96
181004,Active,285520,NA,NA,S,8,1,64042.22875,96,2011,32,25.89,27.98
181005,Active,56203,NA,NA,D,8,1,638756.1738,23.93,2007,62,4,23.93
181006,Active,56204,NA,NA,D,9,1,121299.1413,61.83,2010,74,4.44,58.97
181007,Active,538647,NA,NA,D,4,1,330994.705,201.75,2013,27,89.16,135.27
181008,Active,285348,NA,NA,D,3,1,693487.8588,199.96,2010,31,38.79,112.23
181009,Active,56289,NA,NA,S,7,1,1611759.551,115.5,2005,18,4.73,18.98
181010,Active,56291,NA,NA,D,8,1,875557.7063,54.63,2007,23,5.26,48.97
181011,Active,788169,NA,NA,S,6,1,482449.115,117.95,2000,24,4.4,41.49
181012,Active,108133,NA,NA,D,11,1,731307.315,56.02,2007,18,5.98,48.77
181013,Active,109224,NA,NA,D,12,1,179323.4163,82.25,2010,24,13.74,74.24
181014,Active,709998,NA,NA,S,5,1,1048166.383,50,1999,44,4,21.49
181015,Active,146351,NA,NA,D,9,1,41831.8775,103.4,2011,105,4.33,36.9
181016,Active,120561,NA,NA,D,8,1,74521.20625,94,2008,96,4,31.99
181017,Active,617379,NA,NA,S,5,1,584228.92,81.95,2009,40,4,13.99
181018,Active,104389,NA,NA,S,2,1,970188.6063,77.5,2000,18,4,53.17
181019,Active,615791,NA,NA,S,5,1,224229.4538,53.95,1997,49,6.26,23.99
181020,Active,905295,NA,NA,D,4,1,828041.5913,31.95,1990,25,4,33.99
181021,Active,866657,NA,NA,S,2,1,124790.815,71,2014,34,18.32,57.96
181022,Active,744061,NA,NA,S,6,1,122355.3975,29.95,2014,26,23,26.29
181023,Active,607973,NA,NA,S,4,1,339286.9588,49.95,2002,59,4,13.79
181024,Active,540921,NA,NA,D,5,1,163561.6125,69.95,2007,129,4,17.99
181025,Active,868256,NA,NA,S,6,1,28418.67875,79.95,2014,50,42.7,54.96
181026,Active,565886,NA,NA,D,1,0,386833.9975,75.95,2010,36,8.61,0
181027,Active,741449,NA,NA,S,0,0,5225.975,225.33,2009,59,4,4
181028,Active,111240,NA,NA,S,6,1,153548.3625,105.87,2011,44,15.75,75.99
181029,Active,109300,NA,NA,D,9,1,269384.7788,128.5,2007,42,6.93,63.4
181030,Active,108839,NA,NA,D,14,1,535697.8975,33.94,2007,48,4.94,26.97
181031,Active,60568,NA,NA,D,13,1,994634.1275,95.63,2005,33,4.94,41.98
181032,Active,109222,NA,NA,D,15,1,137375.1313,120.54,2010,47,17.09,68.51
181033,Active,547772,NA,NA,S,7,1,3398461.926,52,1994,23,4,14.93
181034,Active,192002,NA,NA,D,2,1,238085.7163,19.63,2006,93,4,16.01
181035,Active,876699,NA,NA,D,3,1,1676723.415,61.97,2010,39,6.73,40.24
181036,Active,252624,NA,NA,D,3,1,23361.61875,75.48,2010,147,4.94,16.99
181037,Active,534694,NA,NA,S,6,1,69514.32625,59.95,2012,36,22.79,33.99
181038,Active,528697,NA,NA,S,8,1,57838.12125,80.2,2012,69,31.03,48.99
181039,Active,608530,NA,NA,S,3,1,1162807.223,126.95,2004,26,4,8.98
181040,Active,118291,NA,NA,D,1,0,49977.02125,176.4,2009,49,29.91,60.99
181041,Active,556522,NA,NA,S,5,1,536450.975,54,2013,30,21.29,24.67
181042,Active,613988,NA,NA,S,4,1,891823.055,31.5,1996,89,4,10.37
181043,Active,1693800,NA,NA,S,2,1,204402.7163,40,2006,54,4,21.31
181044,Active,534685,NA,NA,S,7,1,50907.53375,83.95,2013,33,33.79,64.9
181045,Active,526263,NA,NA,D,6,1,491469.105,51.95,2008,38,4,0
181046,Active,249031,NA,NA,D,6,1,159028.7688,77.95,2008,81,4,8.62
181047,Active,1533544,NA,NA,S,0,0,2507910.103,129,2006,27,9.64,24.19
181048,Active,607338,NA,NA,D,11,1,2083260.024,48.2,2007,25,4,13.89
181049,Active,2787368,NA,NA,D,0,0,861211.8263,32,2002,38,15.31,26.49
181050,Active,1744872,NA,NA,S,2,1,647584.1713,49.95,2008,18,29.99,49.95
181051,Active,2699002,NA,NA,D,1,0,1228584.561,91.95,1999,25,4.98,71.03
181052,Active,876696,NA,NA,D,4,1,141160.4688,503.99,2006,27,5.64,47.29
181053,Active,620248,NA,NA,D,5,1,15769.23,45,2011,47,8.94,25.44
181054,Active,646598,NA,NA,S,10,1,223885.3975,55,2006,19,32.19,0
181055,Active,3602259,NA,NA,D,9,1,850396.95,62,2000,24,4,12.95
181056,Active,2682056,NA,NA,S,4,1,5135857.731,99,1993,19,18.69,130.57
181057,Active,897610,NA,NA,S,8,1,1476753.951,34.95,2007,15,20.32,91.03
181058,Active,688960,NA,NA,D,7,1,1302821.489,29.95,2004,18,9.39,55.94
181059,Active,193348,NA,NA,D,3,1,325000.19,138,2005,40,4.13,20.98
181060,Active,143155,NA,NA,S,2,1,738864.7888,73,2007,33,9.9,257.61
181061,Active,560488,NA,NA,S,3,1,306336.095,80,2013,25,45.99,77.6
181062,Active,538456,NA,NA,D,3,1,33163.94125,226.5,2012,68,52.99,128.09
181063,Active,57321,NA,NA,D,1,0,399355.685,18.97,2005,70,4.68,13.98
181064,Active,161747,NA,NA,S,0,0,153938.565,110,2007,38,61.96,81.98
181065,Active,106356,NA,NA,D,4,1,335955.3338,89.95,2006,32,4,32.83
181066,Active,538303,NA,NA,S,5,1,74592.87375,103,2013,44,30.34,62.77
181067,Active,697268,NA,NA,S,3,1,1030531.26,79.95,1997,46,4,27.44
181068,Active,638015,NA,NA,S,3,1,600916.2125,95,1998,41,6.04,50.2
181069,Active,874237,NA,NA,D,1,0,868719.8538,142.95,1999,36,4.81,12.98
181070,Active,634684,NA,NA,D,2,1,278967.2613,286.95,2004,33,13.13,73.19
181071,Active,215838,NA,NA,S,1,0,18557.675,90,2001,48,27.93,52.93
181072,Active,2570090,NA,NA,D,2,1,9168847.164,50.95,1991,21,4.31,45.97
181073,Active,60569,NA,NA,D,4,1,880745.0325,63.51,2005,37,9.31,56.24
181074,Active,617765,NA,NA,S,3,1,1621483.688,10.45,1997,41,4,22.54
181075,Active,871862,NA,NA,S,4,1,942493.7063,71.33,1979,16,15.94,61.31
181076,Active,623311,NA,NA,S,5,1,531312.3563,60,1989,47,8.93,51.25
181077,Active,797519,NA,NA,D,1,0,530360.7288,193.95,2003,25,4.93,43.53
181078,Active,609474,NA,NA,D,6,1,750526.18,237.95,2003,40,4,11.19
181079,Active,295903,NA,NA,S,5,1,2424532.743,319.95,1997,32,4,9.07
181080,Active,193091,NA,NA,D,0,0,2381665.72,130,2004,22,13.86,58.31
181081,Active,597212,NA,NA,D,1,0,2345766.718,83.95,2000,17,4,81.33
181082,Active,538266,NA,NA,S,2,1,94686.9,40,2013,45,23.65,23.86
181083,Active,534198,NA,NA,D,2,1,764831.205,41,2009,37,7.99,10.44
181084,Active,665009,NA,NA,S,3,1,6633.1625,41,2013,55,23.98,27.61
181085,Active,537730,NA,NA,D,9,1,106854.6525,60,2012,85,10.97,77.97
181086,Active,533898,NA,NA,D,7,1,914501.3388,51.95,2008,49,4.95,0
181087,Active,528692,NA,NA,S,9,1,912236.6425,50,2011,32,9.72,28.99
181088,Active,702438,NA,NA,S,7,1,772801.6238,96,2012,30,48.96,95.9
181089,Active,859709,NA,NA,S,6,1,417617.4525,57,2008,26,7.34,0
181090,Active,646421,NA,NA,S,7,1,319993.0363,58,2009,30,11.71,0
181091,Active,614642,NA,NA,D,6,1,1028206.788,41.95,2004,39,4,0
181092,Active,106502,NA,NA,D,9,1,1132414.255,43.95,2007,43,4,21.98
181093,Active,2350529,NA,NA,D,8,1,1298983.704,34.95,2005,25,4,27.96
181094,Active,532811,NA,NA,S,10,1,65617.24,56,2011,35,9.44,42.83
181095,Active,701334,NA,NA,S,6,1,1454358.735,56,2008,21,14.48,43.99
181096,Active,285031,NA,NA,D,5,1,877206.815,54.95,2006,37,4.47,34.48
181097,Active,528690,NA,NA,S,6,1,70315.40625,69,2010,89,17.45,40.17
181098,Active,528691,NA,NA,S,5,1,1166739.709,53,2011,45,5.98,21.94
181099,Active,415926,NA,NA,S,6,1,50926.105,71,2012,36,25.89,49.55
181100,Active,105711,NA,NA,D,3,1,861222.3888,80,2004,34,5.88,69.11
181101,Active,619557,NA,NA,D,1,0,1166063.956,52,2003,32,6.07,33.99
181102,Active,549581,NA,NA,S,16,1,997378.6988,193,2005,27,18.08,79.24
181103,Active,899435,NA,NA,D,7,1,2383375.674,47.95,2007,18,6.39,27.24
181104,Active,912107,NA,NA,D,6,1,3244178.111,54.95,1998,41,4,43.83
181105,Active,558382,NA,NA,S,8,1,539516.43,51.95,2011,25,33.07,41.76
181106,Active,135518,NA,NA,S,6,1,476157.8375,26.95,2008,67,7.51,30.23
181107,Active,254562,NA,NA,D,12,1,78702.35,79.99,2011,67,11.97,17.98
181108,Active,53740,NA,NA,D,11,1,345279.9513,65.95,2009,92,4,10.49
181109,Active,53741,NA,NA,D,10,1,809633.68,59.95,2006,132,4,6.89
181110,Active,60573,NA,NA,D,4,1,945611.555,228.95,2003,92,4,7.49
181111,Active,613924,NA,NA,S,3,1,698361.47,82.95,1998,49,4,22.99
181112,Active,141837,NA,NA,S,7,1,226018.2213,78,2007,57,5.15,62.75
181113,Active,528689,NA,NA,S,4,1,83599.9875,64.95,2013,80,41.99,45.39
181114,Active,130898,NA,NA,D,4,1,1493207.556,75,1997,33,4,35.54
181115,Active,131477,NA,NA,D,5,1,993741.17,118.67,2001,31,4.39,8.47
181116,Active,903582,NA,NA,D,3,1,9172846.531,78.95,2000,17,4.21,15.49
181117,Active,543713,NA,NA,S,2,1,100408.035,49.99,2013,41,31.67,36.97
181118,Active,174715,NA,NA,D,1,0,627522.9138,47,2003,51,4,11.75
181119,Active,656186,NA,NA,S,1,0,465050.79,43.95,2011,23,32.22,38.09
181120,Active,131338,NA,NA,S,2,1,396159.3175,171.4,2000,33,9.62,0
181121,Active,898745,NA,NA,S,3,1,473959.065,52.95,2014,26,32.18,40.55
181122,Active,131967,NA,NA,D,2,1,327143.9063,86.67,2004,50,4,25
181123,Active,618729,NA,NA,S,0,0,848526.9788,69.48,2005,40,5.27,72.73
181124,Active,113853,NA,NA,S,1,0,522738.5938,179,2006,41,4.74,13.14
181125,Active,117292,NA,NA,S,0,0,88328.925,92.2,2005,44,27.92,62.58
181126,Active,117087,NA,NA,D,7,1,410332.43,160.6,2008,86,8.38,19.43
181127,Active,52697,NA,NA,S,5,1,1034657.196,13.15,2002,76,4,9.21
181128,Active,528687,NA,NA,D,8,1,33665.315,195.4,2012,79,10.14,42.85
181129,Active,115564,NA,NA,D,1,0,524365.1925,58.8,2003,40,4.69,18.49
181130,Active,121638,NA,NA,S,2,1,15483.4125,75.53,2010,68,34.97,44.66
181131,Active,546016,NA,NA,D,11,1,27416.07375,75,2013,112,8.98,27.93
181132,Active,141878,NA,NA,D,10,1,111452.5075,42.43,2009,94,4,23.98
181133,Active,141619,NA,NA,S,9,1,837296.185,13.98,2004,104,4,42.97
181134,Active,614180,NA,NA,D,3,1,1833453.449,58.95,1994,40,4,9.99
181135,Active,251202,NA,NA,S,4,1,364022.9375,78.95,2007,61,43.99,56.7
181136,Active,543717,NA,NA,S,4,1,1088589.043,39.99,2013,31,14.68,30.69
181137,Active,607254,NA,NA,D,4,1,1327577.788,60.67,2002,63,4,13.98
181138,Active,615815,NA,NA,S,3,1,5014156.945,46.67,1999,28,3.99,13.94
181139,Active,120315,NA,NA,D,5,1,235177.42,75.2,2007,48,4.49,33.79
181140,Active,913122,NA,NA,S,6,1,87872.04,52,2014,46,28.58,43.13
181141,Active,289846,NA,NA,S,2,1,312058.16,58.95,2009,33,33.39,37.98
181142,Active,212971,NA,NA,D,0,0,376712.1063,43.95,2001,29,4,33.87
181143,Active,200292,NA,NA,D,0,0,604063.985,130.95,2009,56,4.94,43.99
181144,Active,100520,NA,NA,S,4,1,1106402.755,66,1995,47,4,33.99
181145,Active,169759,NA,NA,D,4,1,102803.6025,285.95,2008,71,10.24,38.98
181146,Active,765368,NA,NA,S,2,1,592629.5138,96.95,2000,51,4,16.98
181147,Active,644450,NA,NA,S,0,0,80110.6825,158.95,2013,39,20.26,67.73
181148,Active,50533,NA,NA,D,7,1,421144.4988,138,2007,98,4,38.98
181149,Active,915368,NA,NA,D,7,1,709945.5625,53.33,2007,59,5.61,49.08
181150,Active,60571,NA,NA,D,3,1,176784.7438,163.95,2004,66,4,29.49
181151,Active,539330,NA,NA,S,4,1,59209.42875,105,2013,84,74.97,82.87
181152,Active,116085,NA,NA,D,2,1,1556300.819,60,2005,42,4,4.31
181153,Active,120025,NA,NA,D,3,1,170435.0738,80.2,2009,41,10.45,124.89
181154,Active,249738,NA,NA,D,2,1,1087495.524,191.95,2006,34,4,76.25
181155,Active,132611,NA,NA,D,5,1,214115.4625,151,2009,63,4.3,31.07
181156,Active,60572,NA,NA,D,2,1,667337.41,86,2001,76,4,23.26
181157,Active,147324,NA,NA,D,3,1,93962.39125,115,2006,80,9.52,38.66
181158,Active,117023,NA,NA,D,1,0,120564.9813,152,2010,88,7.37,34.28
181159,Active,170104,NA,NA,D,6,1,67968.44375,195.95,2011,75,24.39,64.64
181160,Active,128541,NA,NA,S,2,1,152945.2538,40.95,2001,75,6.68,30.99
181161,Active,628468,NA,NA,D,3,1,784153.8013,70,2004,38,4,66.35
181162,Active,636709,NA,NA,D,2,1,1655425.314,53.25,1998,29,4.36,25.99
181163,Active,851403,NA,NA,S,0,0,304367.8838,128.05,2000,27,4.63,25.99
181164,Active,851402,NA,NA,S,0,0,304091.99,125.5,2000,22,9.99,45.21
181165,Active,612986,NA,NA,S,0,0,233781.4463,93.45,1999,119,4,8.97
181166,Active,613539,NA,NA,S,0,0,113313.0363,83.8,2001,83,3.98,11.85
181167,Active,183365,NA,NA,S,0,0,135912.865,112.5,2005,139,6.66,24.49
181168,Active,183367,NA,NA,S,0,0,315726.5375,113.1,2005,77,4.89,15.99
181169,Active,542370,NA,NA,S,0,0,101863.8638,108.15,2005,53,8.69,33.97
181170,Active,564090,NA,NA,S,0,0,48024.4,127.9,2000,122,7.9,38.87
181171,Active,847481,NA,NA,S,0,0,443526.2738,112.75,1996,78,4.09,23.86
181172,Active,847482,NA,NA,S,8,1,240756.395,112.75,1996,78,4.27,8.83
181173,Active,534676,NA,NA,D,10,1,1876.285,89.95,2013,256,10.86,43.94
181174,Active,613566,NA,NA,S,2,1,8582.175,70,2011,90,8.99,61.78
181175,Active,2594168,NA,NA,D,0,0,2791143.181,62.99,1985,23,4.73,62.59
181176,Active,132372,NA,NA,D,4,1,191523.2863,127.6,2008,32,22.07,77.83
181177,Active,132083,NA,NA,D,3,1,1280408.839,81.8,2005,37,4,50.51
181178,Active,556604,NA,NA,D,0,0,6602141.063,0,1988,14,4,0
181179,Active,688487,NA,NA,S,0,0,138291.425,24.99,2013,37,4,0
181180,Active,147675,NA,NA,D,2,1,161148.645,70.95,2011,64,13.99,58.11
181181,Active,1495910,NA,NA,S,0,0,25801.85,90,2009,20,41.14,47.93
181182,Active,444571,NA,NA,S,3,1,756833.8275,69.95,2001,43,4.36,44.13
181183,Active,2081130,NA,NA,S,0,0,55084.4,126.98,2015,14,54.78,61.78
181184,Active,767846,NA,NA,D,1,0,124385.3688,92.85,2009,110,8.84,58.98
181185,Active,617706,NA,NA,S,3,1,175704.2213,88,2001,35,8.49,43.83
181186,Active,904306,NA,NA,D,1,0,1927304.828,212.95,2007,35,8.28,15.46
181187,Active,2385497,NA,NA,S,3,1,553561.5175,23.53,1981,37,4,92.55
181188,Active,2604939,NA,NA,D,0,0,2114877.698,65,1996,22,5.29,31.65
181189,Active,891543,NA,NA,D,3,1,3745256.995,79.95,2003,13,23.99,46.49
181190,Active,2422823,NA,NA,D,0,0,5090489.889,57.33,1975,22,3.96,56.29
181191,Active,52723,NA,NA,D,9,1,10854.66375,95.18,2010,102,12.57,70.39
181192,Active,1523541,NA,NA,S,1,0,403515.455,27,2012,203,3.98,4.59
181193,Active,3783324,NA,NA,D,1,0,3431993.4,46.95,1996,24,15.61,73.99
181194,Active,2006166,NA,NA,S,2,1,197201.89,53.95,2010,24,44.37,44.38
181195,Active,885876,NA,NA,S,12,1,465148.085,76.99,2011,12,42.93,37.77
181196,Active,638523,NA,NA,S,12,1,259329.7475,90.95,2011,25,43.99,45.33
181197,Active,2131802,NA,NA,S,1,0,532033.3838,48.95,2014,21,43.28,43.49
181198,Active,298418,NA,NA,S,3,1,305776.63,47,2007,36,14.64,71.7
181199,Active,528677,NA,NA,S,6,1,243326.2575,129.95,2005,43,6.91,25.28
181200,Active,620872,NA,NA,S,2,1,405026.6,74.99,2004,29,24.43,0
181201,Active,528674,NA,NA,S,5,1,232503.09,57,2010,36,11.02,20.99
181202,Active,132988,NA,NA,D,9,1,81144.6925,100.4,2010,53,17.91,72.74
181203,Active,132323,NA,NA,D,2,1,274458.735,97.2,2007,33,4.39,40.98
181204,Active,144204,NA,NA,D,0,0,503827.93,80.6,2004,38,4.12,12.99
181205,Active,132322,NA,NA,D,2,1,287156.1175,71,2007,25,6.35,52.72
181206,Active,130490,NA,NA,S,2,1,213289.6263,102.6,2011,35,45.87,88.99
181207,Active,132321,NA,NA,D,2,1,1388048.146,71,2007,41,4,23.99
181208,Active,145279,NA,NA,S,2,1,1554823.908,56.67,2005,23,4,13.94
181209,Active,162648,NA,NA,D,6,1,240983.91,126.83,2009,55,4,45.88
181210,Active,528675,NA,NA,S,5,1,72908.00125,105.95,2011,53,43.88,83.28
181211,Active,107832,NA,NA,D,3,1,856949.3975,79.06,2003,24,4,39.81
181212,Active,287320,NA,NA,D,4,1,617439.8375,99.95,2010,28,5.98,15.23
181213,Active,126060,NA,NA,D,0,0,658377.6663,39.95,2000,60,4,11.61
181214,Active,719574,NA,NA,D,0,0,5948548.574,60.95,2000,10,18.48,102.98
181215,Active,553629,NA,NA,S,1,0,488601.43,131.4,1992,66,4,59.99
181216,Active,113883,NA,NA,D,7,1,383912.7438,57.8,2001,61,4,30.99
181217,Active,542243,NA,NA,S,2,1,529640.9825,135.95,2004,47,4.39,13.98
181218,Active,565110,NA,NA,D,1,0,888530.9825,54.95,2010,33,3.53,60.31
181219,Active,659113,NA,NA,D,1,0,1521231.025,50.95,2008,20,6.44,47.19
181220,Active,612648,NA,NA,S,8,1,167226.375,55,2013,29,27.51,33.43
181221,Active,594468,NA,NA,S,2,1,331684.7,44,2011,24,9.21,29.95
181222,Active,916594,NA,NA,S,5,1,890075.7888,8.99,2008,42,3.99,37.53
181223,Active,285613,NA,NA,S,0,0,95356.75875,148,2002,94,9.15,79.99
181224,Active,914413,NA,NA,S,9,1,759487.4925,111,2003,36,12.15,58.99
181225,Active,615429,NA,NA,S,0,0,180166.8738,146.75,2002,68,4.97,26.47
181226,Active,61099,NA,NA,S,0,0,115889.6675,105.94,1996,57,4,93.33
181227,Active,560734,NA,NA,S,1,0,44848.55,117.8,2005,23,53.91,61.99
181228,Active,545431,NA,NA,S,2,1,287135.1063,47,2011,33,11.24,28.99
181229,Active,288359,NA,NA,D,0,0,1175818.861,35,2001,22,4,44.13
181230,Active,118455,NA,NA,D,3,1,277266.81,97.4,2006,63,5.78,73.41
181231,Active,285848,NA,NA,D,2,1,705395.9988,82.6,2002,36,4,16.72
181232,Active,55927,NA,NA,D,3,1,521591.6388,204.95,1999,44,4,70.33
181233,Active,2545303,NA,NA,D,0,0,1052198.499,52.95,1997,38,4,25.68
181234,Active,630126,NA,NA,S,2,1,234085.925,79.99,2008,26,31.49,57.66
181235,Active,541983,NA,NA,D,0,0,762638.9038,9.95,2009,21,8.28,8.29
181236,Active,3621796,NA,NA,D,1,0,1771375.4,111.25,1900,23,78.99,157.04
181237,Active,902085,NA,NA,D,5,1,436032.0213,109.95,2011,19,73.98,240.33
181238,Active,905813,NA,NA,D,2,1,2601870.124,99.95,2003,20,4.57,62.19
181239,Active,291709,NA,NA,D,6,1,43062.3075,316.95,2011,51,38.99,121.84
181240,Active,56530,NA,NA,S,3,1,2474697.884,130.76,2002,37,4,8.98
181241,Active,56527,NA,NA,D,5,1,504498.0325,334.95,2008,68,6.48,22.79
181242,Active,56528,NA,NA,D,4,1,1759379.009,374.95,2005,44,4,8
181243,Active,52760,NA,NA,D,4,1,33029.965,32.55,2011,99,9.93,38.99
181244,Active,623441,NA,NA,D,4,1,301647.0275,55.93,2011,38,13.24,30.39
181245,Active,52759,NA,NA,D,3,1,200702.7888,48.12,2007,61,4,37.91
181246,Active,52761,NA,NA,D,3,1,65604.55625,60.67,2007,131,4.89,12.39
181247,Active,52757,NA,NA,S,2,1,1049972.758,100.15,2005,36,6.47,29.97
181248,Active,2970883,NA,NA,S,9,1,459277.4975,75,2014,6,53.98,58.61
181249,Active,55787,NA,NA,D,4,1,182173.775,75.95,2006,91,6.26,28.49
181250,Active,55786,NA,NA,D,3,1,468881.9263,54.95,2002,45,4,10
181251,Active,60575,NA,NA,D,8,1,1474720.945,164.2,2006,36,4.13,23.24
181252,Active,133145,NA,NA,D,9,1,403692.805,148.2,2009,31,6.98,9.99
181253,Active,528670,NA,NA,S,10,1,159961.905,105.95,2012,42,40.51,73.93
181254,Active,137694,NA,NA,D,4,1,1939549.003,113.95,2001,27,4.49,98.78
181255,Active,60576,NA,NA,D,4,1,1265943.92,136,2003,43,4,53.33
181256,Active,145191,NA,NA,D,5,1,129956.4513,210,2007,40,11.79,76.82
181257,Active,650500,NA,NA,S,5,1,403907.3513,43,2011,21,22.89,43
181258,Active,54334,NA,NA,D,5,1,511218.7038,12.96,2009,291,4,10.49
181259,Active,533506,NA,NA,D,6,1,30730.25375,142.75,2012,262,4,16.49
181260,Active,544713,NA,NA,S,2,1,456240.1238,75.95,2013,33,22.7,47.98
181261,Active,115797,NA,NA,D,1,0,538550.3575,78.67,2006,54,4.49,17.98
181262,Active,51218,NA,NA,D,7,1,71734.16125,223.95,2011,55,19.7,116.09
181263,Active,878092,NA,NA,S,7,1,4820585.336,150.52,2011,32,21.97,98.8
181264,Active,51216,NA,NA,D,5,1,1222416.518,148.95,2005,36,3.99,8.38
181265,Active,51217,NA,NA,D,6,1,248480.4925,246.95,2008,35,6.98,32.88
181266,Active,270057,NA,NA,S,5,1,85209.745,220,2010,59,18.99,123.63
181267,Active,114169,NA,NA,D,0,0,1979139.754,94,2000,27,4,14.87
181268,Active,631801,NA,NA,S,1,0,63582.825,60,2005,15,24.34,44.94
181269,Active,654745,NA,NA,S,2,1,146357.57,90.41,2000,30,4.77,72.79
181270,Active,612575,NA,NA,S,2,1,404264.1263,42.95,2013,34,21.2,35.11
181271,Active,899408,NA,NA,D,0,0,1605572.478,4.41,2007,11,5.33,5.54
181272,Active,220257,NA,NA,S,0,0,637832.2288,32.95,2004,36,4.64,15.99
181273,Active,127096,NA,NA,D,1,0,447650.1963,69.95,2008,48,6.99,0
181274,Active,669666,NA,NA,D,0,0,749541.0825,61,2010,24,12.3,30.02
181275,Active,737187,NA,NA,D,0,0,2772973.225,55,2004,20,3,44.71
181276,Active,270090,NA,NA,D,2,1,1494892.89,195,2010,19,10.34,10.12
181277,Active,579125,NA,NA,D,1,0,4439746.589,58.95,2003,24,4,46.87
181278,Active,56828,NA,NA,D,7,1,2694247.504,73.33,2002,53,4,15.6
181279,Active,118042,NA,NA,D,1,0,61328.14625,103.95,2008,73,23.66,42.1
181280,Active,56830,NA,NA,D,9,1,488899.0938,121,2008,76,4,32.87
181281,Active,56829,NA,NA,D,8,1,924428.7263,97.8,2005,55,3.79,11.51
181282,Active,115731,NA,NA,D,2,1,678202.9075,101.33,2005,82,4,18.98
181283,Active,556078,NA,NA,S,1,0,2014923.879,83,2006,21,12.93,73.92
181284,Active,598846,NA,NA,D,1,0,1979637.74,85,2005,19,4,51.13
181285,Active,143210,NA,NA,D,5,1,490035.18,225,2008,24,4.99,83.99
181286,Active,1472358,NA,NA,S,1,0,1283851.284,60,2008,16,44.14,45.21
181287,Active,110590,NA,NA,D,10,1,56922.13,61.94,2011,63,11.12,83.99
181288,Active,110101,NA,NA,D,9,1,634536.4825,15.99,2008,93,4,16.98
181289,Active,60577,NA,NA,D,8,1,1071896.881,12.89,2006,55,4,12.89
181290,Active,1540743,NA,NA,D,7,1,5545109.793,65.95,2008,35,4,22.96
181291,Active,1976359,NA,NA,S,7,1,108864.7525,64.95,2014,10,41.17,56.86
181292,Active,120242,NA,NA,D,3,1,93365.24625,178.4,2011,61,11.94,83.31
181293,Active,132390,NA,NA,D,2,1,1009415.624,137.33,2007,54,4,43.26
181294,Active,200597,NA,NA,D,2,1,1696846.386,163.95,2005,35,4.1,8.99
181295,Active,53298,NA,NA,D,10,1,96336.765,63.07,2008,71,5.25,53.96
181296,Active,550252,NA,NA,D,9,1,2129784.169,14.98,2006,14,4.8,14.98
181297,Active,766207,NA,NA,S,16,1,2552836.55,577.26,1900,12,5.62,58.63
181298,Active,53297,NA,NA,D,9,1,1320705.598,42.99,2005,65,4,41.01
181299,Active,148757,NA,NA,D,17,1,213817.3013,266.95,2010,76,8.82,122.47
181300,Active,544312,NA,NA,D,18,1,32347.2875,242.95,2013,60,31.41,86.01
181301,Active,436002,NA,NA,D,16,1,1015791.52,174.95,2007,76,4,14
181302,Active,899320,NA,NA,S,5,1,2310232.926,151.47,2008,26,5.1,107.54
181303,Active,528667,NA,NA,S,4,1,1939184.741,162.94,2008,18,37.78,162.94
181304,Active,832196,NA,NA,D,3,1,764177.5275,79.95,2003,29,4.81,47.06
181305,Active,197765,NA,NA,D,4,1,283110.105,92.25,2010,53,4.35,38.86
181306,Active,226057,NA,NA,S,2,1,4573203.159,109.95,1999,16,7.15,15.38
181307,Active,776191,NA,NA,S,0,0,917220.4813,38.95,2009,41,7.98,13.94
181308,Active,909989,NA,NA,S,0,0,67801.50125,74.95,2010,35,33.99,63.69
181309,Active,865415,NA,NA,S,7,1,43149.33625,44.95,2011,41,24.7,37.98
181310,Active,655623,NA,NA,S,2,1,773497.4288,43.95,2010,18,12.1,17.95
181311,Active,865271,NA,NA,S,3,1,51101.175,44.95,2012,30,21.97,30.49
181312,Active,278570,NA,NA,D,2,1,2362273.411,46.95,2005,32,4,14.98
181313,Active,127277,NA,NA,D,2,1,469132.0713,59.95,2005,31,3.86,36.52
181314,Active,528664,NA,NA,S,3,1,81297.0375,69.95,2011,45,31.99,55.89
181315,Active,287086,NA,NA,S,2,1,466839.7338,67,2006,48,18.99,60.87
181316,Active,115941,NA,NA,S,6,1,307035.2638,191.4,2004,42,4.75,118.33
181317,Active,915482,NA,NA,S,5,1,2064015.83,90,2000,24,4,23.98
181318,Active,555710,NA,NA,D,0,0,1389369.436,59.95,2008,47,4,17.12
181319,Active,610317,NA,NA,D,3,1,52640.20125,64.95,2013,66,6.99,33.98
181320,Active,245063,NA,NA,D,4,1,1967323.031,203.95,2003,102,4,4.98
181321,Active,252048,NA,NA,S,5,1,102674.98,200.95,2010,66,24.99,51.49
181322,Active,1703107,NA,NA,D,0,0,1592689.851,55,2006,30,13.93,16.48
181323,Active,143197,NA,NA,D,10,1,1544981.73,149,2007,61,4.05,28.94
181324,Active,142864,NA,NA,D,5,1,3668582.826,180.95,1998,26,4.27,28.84
181325,Active,143324,NA,NA,D,11,1,428619.84,225,2010,100,6.41,73.62
181326,Active,143643,NA,NA,D,11,1,603082.4038,58,2010,47,8.36,38.99
181327,Active,737530,NA,NA,D,2,1,4099278.703,150,2006,31,4.53,12.23
181328,Active,222951,NA,NA,S,1,0,2192586.839,244.95,1995,45,4,23.97
181329,Active,545251,NA,NA,D,2,1,393770.3025,231.95,2011,53,4.78,46.56
181330,Active,253852,NA,NA,D,5,1,149375.2613,182.95,2009,44,6.91,44.79
181331,Active,249769,NA,NA,D,4,1,2331612.625,242.95,2006,37,4,10.49
181332,Active,58225,NA,NA,D,6,1,392881.3838,142,2008,87,8.29,33.14
181333,Active,592757,NA,NA,D,6,1,4446212.048,18.98,2007,14,6.27,18.98
181334,Active,738287,NA,NA,D,6,1,1472024.626,85,2002,20,4.76,28.98
181335,Active,193437,NA,NA,D,4,1,751204.04,143,2008,25,5.39,17.08
181336,Active,193636,NA,NA,D,2,1,1791291.139,84,2008,21,7.65,43.84
181337,Active,142993,NA,NA,D,5,1,3532983.679,78,2004,23,4.35,57.11
181338,Active,260026,NA,NA,D,6,1,159836.0425,129,2011,67,7.32,33.99
181339,Active,193226,NA,NA,D,3,1,599629.1425,205,2011,44,8.99,28.49
181340,Active,870573,NA,NA,D,2,1,2174439.366,145,2008,21,7.86,13.54
181341,Active,148060,NA,NA,S,2,1,318057.03,381.95,2005,40,4.99,72.53
181342,Active,546756,NA,NA,D,3,1,144676.5038,107,2011,103,4.95,6.8
181343,Active,612702,NA,NA,D,4,1,27285.3225,116,2013,92,7.63,31.72
181344,Active,60926,NA,NA,D,11,1,3291501.396,119,2004,21,4.18,31.94
181345,Active,505035,NA,NA,D,12,1,1707349.641,158,2008,19,4.06,6.59
181346,Active,574802,NA,NA,D,2,1,1072355.843,200,2010,43,6.32,15.61
181347,Active,270013,NA,NA,S,9,1,151854.5313,220,2007,77,12.52,99.85
181348,Active,133462,NA,NA,D,8,1,613836.595,126,2011,41,4,42.18
181349,Active,287640,NA,NA,D,8,1,993797.8325,115,2010,38,4,29
181350,Active,143272,NA,NA,D,4,1,285213.5613,43,2009,46,7.94,40.07
181351,Active,1468261,NA,NA,S,2,1,4026699.649,110,2008,16,41.06,118.08
181352,Active,881412,NA,NA,S,5,1,4535.1875,49.95,2015,49,31.74,34.96
181353,Active,632440,NA,NA,D,6,1,1182649.013,115,2005,24,4.58,0
181354,Active,639872,NA,NA,D,2,1,313968.365,114.95,2012,45,4.09,19.98
181355,Active,193683,NA,NA,D,0,0,1073962.253,72.95,2009,27,4,13.99
181356,Active,182960,NA,NA,S,1,0,75929.15,201.95,2005,41,20.49,149.13
181357,Active,1586065,NA,NA,D,1,0,4791873.98,140,2009,15,35.1,60.69
181358,Active,328170,NA,NA,D,3,1,1164170.385,177,2007,24,4.86,56.75
181359,Active,534543,NA,NA,S,3,1,241689.12,48,2009,39,7.98,28.99
181360,Active,904723,NA,NA,D,1,0,2057285.77,103,2000,15,24.89,103
181361,Active,574811,NA,NA,D,2,1,213387.9713,103,2010,36,38.99,73.98
181362,Active,574691,NA,NA,D,0,0,845645.9725,70,2006,18,35.94,148.05
181363,Active,622957,NA,NA,S,2,1,28775.23375,45,2013,98,14.99,28.99
181364,Active,220356,NA,NA,S,4,1,411091.4975,168,2001,44,25.74,78.04
181365,Active,868634,NA,NA,D,3,1,9943468.766,58.33,1994,10,5.65,33.89
181366,Active,143394,NA,NA,D,2,1,629299.46,74,2004,34,4,41.81
181367,Active,288468,NA,NA,D,0,0,2261878.85,36,2001,31,4,6.69
181368,Active,2470970,NA,NA,D,1,0,2254868.059,23,1994,19,4,11.44
181369,Active,737724,NA,NA,S,2,1,650549.2188,65,2008,12,45.63,75.96
181370,Active,624324,NA,NA,S,2,1,212452.6213,44.99,2010,58,15.65,29.08
181371,Active,287634,NA,NA,D,4,1,344516.6213,54.67,2010,137,4,18.84
181372,Active,133160,NA,NA,D,4,1,435404.9875,57.33,2010,69,4,28.99
181373,Active,868213,NA,NA,D,4,1,2255103.176,64,2010,20,9.51,23.04
181374,Active,859900,NA,NA,D,3,1,935761.5063,42,2009,63,4,11.9
181375,Active,1517030,NA,NA,S,5,1,927424.8238,71.47,2013,18,34.39,70.02
181376,Active,3831787,NA,NA,D,0,0,2484152,0,1997,28,8.34,87.47
181377,Active,644041,NA,NA,S,4,1,448824.4788,60,2008,22,13.12,46.09
181378,Active,528651,NA,NA,D,5,1,21897.38375,283.95,2012,57,24.98,88.99
181379,Active,533732,NA,NA,D,7,1,18414.27375,267.95,2012,156,7.8,50.65
181380,Active,576314,NA,NA,S,3,1,364087.3475,50.95,2003,152,4,16.76
181381,Active,314953,NA,NA,S,2,1,42716.655,89.4,2011,87,4.68,51.89
181382,Active,611352,NA,NA,S,2,1,1992724.269,48,2013,15,21.48,31.78
181383,Active,114835,NA,NA,D,3,1,1991694.198,57.95,2002,34,4,41.69
181384,Active,120334,NA,NA,S,4,1,70670.9925,72.6,2010,53,20.26,58.4
181385,Active,372095,NA,NA,D,1,0,689359.0875,121.95,2004,21,4.52,36.06
181386,Active,583577,NA,NA,D,3,1,272754.3613,98.95,2010,30,26.63,40.09
181387,Active,616509,NA,NA,D,2,1,1585077.348,93.95,2002,28,4.35,45.65
181388,Active,600762,NA,NA,S,1,0,73797.75,70.99,2012,25,37.89,41.72
181389,Active,60579,NA,NA,D,3,1,605817.7138,54.95,2005,83,4,7.96
181390,Active,249217,NA,NA,D,4,1,341326.3638,71.95,2009,144,4.35,7.99
181391,Active,545958,NA,NA,S,5,1,7464.3175,78.95,2013,125,30.13,48.96
181392,Active,51700,NA,NA,D,5,1,1184198.345,283.95,2006,84,4,12.99
181393,Active,51698,NA,NA,D,6,1,327308.1225,267.95,2009,122,4,29.99
181394,Active,106759,NA,NA,S,1,0,31206.88375,40,2010,44,12.67,17.98
181395,Active,113623,NA,NA,S,3,1,628466.1363,50.4,1999,27,4,43.12
181396,Active,644479,NA,NA,S,6,1,12065.57875,51.95,2013,48,30.98,43.74
181397,Active,1432086,NA,NA,S,1,0,60155.5875,17.99,2010,62,8.15,13.41
181398,Active,148372,NA,NA,D,3,1,410074.5463,343.95,2006,35,4,39.49
181399,Active,262576,NA,NA,S,3,1,2579576.363,26.95,2000,33,4,38.97
181400,Active,262746,NA,NA,D,5,1,262495.3238,39.95,2008,50,6.17,63.98
181401,Active,613044,NA,NA,D,4,1,164526.1913,73.95,2006,160,4,7.38
181402,Active,592126,NA,NA,D,5,1,63931.52,96,2009,112,6.97,53.94
181403,Active,697402,NA,NA,S,5,1,2074609.686,153.15,2005,34,4,74.05
181404,Active,562102,NA,NA,D,4,1,183503.9538,311.95,2009,45,8.99,49.88
181405,Active,800658,NA,NA,D,1,0,2028952.905,74,2007,17,4,45.99
181406,Active,609262,NA,NA,S,3,1,414115.5275,22.95,2003,308,4,5.89
181407,Active,536035,NA,NA,S,4,1,26021.79,24.95,2008,175,4,25.48
181408,Active,538462,NA,NA,D,3,1,159039.4188,50.66,2009,36,14.49,50.63
181409,Active,550510,NA,NA,D,2,1,1798239.944,6.48,2007,49,4,6.48
181410,Active,2256112,NA,NA,D,2,1,5495008.201,0,2007,20,8.43,32.62
181411,Active,114039,NA,NA,D,0,0,697687.7975,70.2,2003,29,4,6.94
181412,Active,120365,NA,NA,S,2,1,74055.43,107.2,2009,48,24.99,77.53
181413,Active,162791,NA,NA,S,2,1,13262.25,42,2009,42,22.99,26.87
181414,Active,576730,NA,NA,D,1,0,442378.6663,120.95,2010,49,10.97,55.89
181415,Active,116308,NA,NA,S,2,1,109654.4688,107.4,2009,44,43.97,63.49
181416,Active,2805106,NA,NA,S,2,1,1446909.316,21.95,1998,33,4,23.26
181417,Active,619884,NA,NA,S,2,1,360740.45,62.6,2001,36,4.14,53.33
181418,Active,915835,NA,NA,D,0,0,1669637.334,85,2000,36,4,33.59
181419,Active,260021,NA,NA,S,2,1,123755.165,109.75,2010,33,49.83,68.99
181420,Active,623584,NA,NA,S,3,1,68439.26875,59.95,2007,52,29.88,52.99
181421,Active,917703,NA,NA,D,2,1,2988392.886,44.95,2001,26,4,8.38
181422,Active,594684,NA,NA,D,1,0,301296.03,86.95,2012,142,5.76,28.99
181423,Active,114216,NA,NA,D,5,1,1582454.9,121.4,2001,64,4,13.14
181424,Active,118904,NA,NA,D,7,1,400496.2988,174.4,2009,59,5.73,28.99
181425,Active,875425,NA,NA,S,8,1,622715.62,48.63,2012,23,6.99,45.71
181426,Active,116858,NA,NA,D,6,1,474422.7538,144,2005,102,4,14.94
181427,Active,201673,NA,NA,S,2,1,438616.0363,47.95,2002,34,10.69,35.19
181428,Active,676498,NA,NA,S,2,1,21316.34875,29.95,2011,57,8.43,16.37
181429,Active,53409,NA,NA,D,6,1,332731.3675,15.96,2008,72,4.22,29.35
181430,Active,54551,NA,NA,D,7,1,35860.2525,71.99,2011,247,4.77,14.94
181431,Active,874728,NA,NA,D,7,1,1009751.111,69.8,2012,62,4,28.99
181432,Active,862140,NA,NA,S,8,1,1771.5875,79.99,2014,140,28.09,55.98
181433,Active,54552,NA,NA,D,6,1,514342.8438,61.95,2008,167,4,8.36
181434,Active,54553,NA,NA,S,5,1,1244091.345,49.95,2005,108,4,7.96
181435,Active,1649456,NA,NA,S,2,1,81731.4,39.95,2014,21,28.98,27.86
181436,Active,205848,NA,NA,D,1,0,448411.435,40,2002,28,4,10.58
181437,Active,247872,NA,NA,S,0,0,110200.4963,44.95,2009,23,26.93,27.43
181438,Active,652275,NA,NA,D,5,1,67132.07875,76.95,2013,118,4.56,23.94
181439,Active,867916,NA,NA,S,6,1,2543.90625,76.95,2014,143,30.06,48
181440,Active,147640,NA,NA,D,5,1,50007.4125,73.95,2010,258,4,13.99
181441,Active,147341,NA,NA,D,4,1,684324.1275,60.95,2006,171,3.92,4.8
181442,Active,671606,NA,NA,S,2,1,2551326.436,56,2011,13,19.68,34.79
181443,Active,915802,NA,NA,S,0,0,776466.5763,131,2014,39,7.86,68.99
181444,Active,247709,NA,NA,S,1,0,106090.7375,76,2009,30,45.99,55.21
181445,Active,600114,NA,NA,D,0,0,938979.0675,63,2007,31,4,38.99
181446,Active,600166,NA,NA,D,0,0,729499.4663,91,2011,25,8.99,48.99
181447,Active,546808,NA,NA,S,0,0,351890.5313,107,2012,33,6.47,54.59
181448,Active,600155,NA,NA,D,0,0,451013.4275,83,2010,49,5.5,22.9
181449,Active,918130,NA,NA,D,2,1,1062626.159,41.95,2006,45,3.98,7.92
181450,Active,126772,NA,NA,S,8,1,285739.6213,99.95,2005,50,8.1,57.97
181451,Active,247793,NA,NA,D,2,1,80897.21,104,2009,60,9.07,150.81
181452,Active,205841,NA,NA,S,2,1,442226.4413,29.95,2003,81,4,9.99
181453,Active,248236,NA,NA,S,2,1,499591.7188,58,2011,40,20.3,38.66
181454,Active,902235,NA,NA,D,1,0,933479.595,43.95,2009,34,18.28,43.31
181455,Active,655403,NA,NA,S,2,1,108034.3963,54.95,2012,43,26.41,43.85
181456,Active,685270,NA,NA,S,1,0,215066.4888,25,2013,46,4,7.99
181457,Active,300204,NA,NA,S,0,0,1374266.025,146.17,2006,27,27.67,114.53
181458,Active,679335,NA,NA,S,1,0,392065.06,27.95,2005,60,4.09,9.43
181459,Active,872123,NA,NA,D,1,0,431817.3075,24.95,2000,29,13.46,69.28
181460,Active,916170,NA,NA,D,1,0,713329.0413,51.95,2008,36,9.99,52.27
181461,Active,2865050,NA,NA,D,1,0,819077.2713,65,2001,24,4,27.99
181462,Active,662979,NA,NA,D,0,0,610555.6888,70,2007,22,30.51,0
181463,Active,616748,NA,NA,D,2,1,65398.115,47.95,2007,38,14.87,28.98
181464,Active,870641,NA,NA,D,0,0,673734.1813,30,2002,46,10.31,51.29
181465,Active,1739761,NA,NA,D,2,1,413759.785,73.51,2006,24,4.96,52.61
181466,Active,1739764,NA,NA,S,4,1,25306.3675,69.99,2014,13,43.98,47.12
181467,Active,896763,NA,NA,S,0,0,343416.6825,26.99,2012,17,9.46,0
181468,Active,308082,NA,NA,D,1,0,877482.3863,42,2006,33,5.41,14.55
181469,Active,866654,NA,NA,S,2,1,269608.6275,45,2014,16,11.68,12.54
181470,Active,622580,NA,NA,S,1,0,49577.9,40,2012,41,15.2,16.43
181471,Active,2171444,NA,NA,S,1,0,52244.1,53.32,2013,12,33.86,47.61
181472,Active,3496254,NA,NA,S,0,0,29640.625,75,2015,14,49.6,45.65
181473,Active,603569,NA,NA,S,2,1,506669.8288,53.32,2012,22,8.73,37.89
181474,Active,2171442,NA,NA,S,2,1,84755.55,53.32,2012,18,5.98,36.81
181475,Active,650021,NA,NA,S,0,0,6546.44125,59.99,2010,19,7.86,0
181476,Active,742227,NA,NA,D,1,0,2038115.878,59.99,2009,12,7.07,16.73
181477,Active,742707,NA,NA,S,0,0,9112.75,0,2010,9,12.32,0
181478,Active,742617,NA,NA,S,0,0,6424.7,0,2010,13,14.88,0
181479,Active,1886589,NA,NA,S,1,0,54893.05,49.99,2015,16,38.73,33.59
181480,Active,862142,NA,NA,S,4,1,64652.60625,29.99,2014,28,9.95,20.62
181481,Active,779498,NA,NA,S,3,1,963341.8475,49.95,2004,14,13.43,31.44
181482,Active,779493,NA,NA,S,3,1,1392732.341,49.95,2004,23,11.58,269.85
181483,Active,2095783,NA,NA,S,1,0,68059.5,44.99,2012,17,26.28,27.66
181484,Active,652258,NA,NA,S,3,1,10910.30375,39.99,2013,37,18.14,22.68
181485,Active,743085,NA,NA,S,0,0,119280.5613,39.99,2014,23,24.43,0
181486,Active,200830,NA,NA,S,3,1,143396.445,18.99,2004,91,4.35,13.99
181487,Active,317673,NA,NA,S,3,1,44817.72875,53.32,2010,34,11.94,0
181488,Active,615107,NA,NA,S,3,1,61817.7,53.32,2010,45,6.95,37.86
181489,Active,909070,NA,NA,D,0,0,702216.5175,71,2003,25,6.79,7.99
181490,Active,2095752,NA,NA,D,1,0,476332.2213,44.99,2011,73,8.01,28.61
181491,Active,655454,NA,NA,S,2,1,13560.11125,44.99,2012,33,28.18,28.4
181492,Active,1464565,NA,NA,S,2,1,1523867.374,105,2010,38,52.53,74.47
181493,Active,175216,NA,NA,S,2,1,104008.0163,40.5,2001,66,17.45,24.37
181494,Active,639691,NA,NA,S,2,1,134793.915,40,2013,57,22.17,26.27
181495,Active,622002,NA,NA,D,0,0,100621.7775,84,2008,33,14.56,29.99
181496,Active,2250158,NA,NA,D,3,1,3561704.758,40.67,2007,42,8.75,78.73
181497,Active,60581,NA,NA,D,2,1,1934000.706,89.8,2003,42,4,30.49
181498,Active,2385693,NA,NA,D,3,1,1689357.966,50,1992,16,4,72.33
181499,Active,825799,NA,NA,S,3,1,620536.2075,36.95,2002,27,4,99.48
181500,Active,57654,NA,NA,D,5,1,207007.2488,57.95,2008,80,4.87,47.99
181501,Active,57653,NA,NA,D,4,1,287172.57,53.95,2007,34,5.96,73.37
181502,Active,57655,NA,NA,D,6,1,19931.02625,59.8,2010,65,22.87,56.61
181503,Active,57656,NA,NA,S,2,1,267419.7613,29.95,1999,26,4,23.99
181504,Active,113536,NA,NA,D,2,1,5233137.13,59.95,1998,23,4.25,18.96
181505,Active,285737,NA,NA,D,3,1,2043677.243,106,2004,25,4.8,19.99
181506,Active,193410,NA,NA,D,2,1,3060794.368,89.95,2004,20,4.53,31.76
181507,Active,298941,NA,NA,S,2,1,881841.3825,49.99,2010,52,4,10.96
181508,Active,1932460,NA,NA,S,1,0,45440.3,44.99,2014,17,28.01,27.94
181509,Active,534353,NA,NA,D,1,0,85863.52625,58,1992,86,4.48,40.95
181510,Active,53844,NA,NA,S,2,1,4653.3925,117.6,2004,115,53.99,84.17
181511,Active,633474,NA,NA,S,2,1,217661.56,98,2004,25,21.16,21.16
181512,Active,873383,NA,NA,D,3,1,2320956.611,38.95,1994,31,4,12.47
181513,Active,827479,NA,NA,D,4,1,694870.7463,42.95,2002,29,5.49,38.2
181514,Active,197822,NA,NA,S,5,1,344496.0488,66.5,2007,50,16.5,46.66
181515,Active,55100,NA,NA,S,4,1,1793221.731,86.95,1998,49,4,13.66
181516,Active,117984,NA,NA,D,6,1,184090.0725,177.4,2005,93,5.96,38.47
181517,Active,231533,NA,NA,D,1,0,83804.5,104.95,2006,42,18.63,0
181518,Active,55098,NA,NA,D,6,1,56952.775,272.95,2008,68,13.98,59.16
181519,Active,114283,NA,NA,D,5,1,1545107.77,106.6,2001,50,4,31.99
181520,Active,60582,NA,NA,D,5,1,669881.6975,155.95,2005,41,4.06,29.49
181521,Active,132275,NA,NA,S,1,0,79382.25,128.4,2009,37,48.88,96
181522,Active,113686,NA,NA,D,4,1,2086032.543,87,2000,23,4,10.02
181523,Active,285949,NA,NA,D,5,1,1342739.68,117.33,2004,53,4,8.01
181524,Active,286087,NA,NA,S,2,1,255728.0475,168.2,2007,48,17.17,76.03
181525,Active,910909,NA,NA,S,2,1,182251.8788,174.95,2000,36,7.15,69.99
181526,Active,176439,NA,NA,S,2,1,986770.155,220.95,2000,53,3.87,3.88
181527,Active,566426,NA,NA,S,2,1,661356.3338,64.73,2000,43,5.3,82.99
181528,Active,192082,NA,NA,D,1,0,67548.24375,36.98,2007,65,13.05,51.99
181529,Active,288595,NA,NA,D,3,1,293139.5763,116.2,2005,42,4,27.73
181530,Active,620828,NA,NA,S,2,1,871749.5175,72.6,2007,79,4,28.98
181531,Active,132222,NA,NA,D,5,1,650648.7913,133.6,2006,102,4,18.87
181532,Active,893199,NA,NA,S,2,1,64807.685,57.95,2014,57,42.97,43.43
181533,Active,158314,NA,NA,D,1,0,452205.615,60.95,2009,27,15.24,77.89
181534,Active,206032,NA,NA,S,1,0,30472.7,46,2008,23,35.75,38.3
181535,Active,1455465,NA,NA,S,1,0,41682.95,39.99,2014,17,25.92,25.62
181536,Active,118734,NA,NA,S,4,1,1352714.096,92.4,1997,24,4.89,66.73
181537,Active,2385640,NA,NA,S,2,1,1072975.58,46.21,1983,16,4,44.99
181538,Active,176638,NA,NA,S,3,1,500356.1013,131.95,1999,40,4,48.96
181539,Active,278742,NA,NA,S,1,0,319919.7763,34.95,2006,201,4,13.98
181540,Active,592163,NA,NA,D,6,1,482974.9188,110,2011,48,4.47,21
181541,Active,614704,NA,NA,D,5,1,1556763.305,90,2008,36,4,21.98
181542,Active,560703,NA,NA,S,7,1,302521.8913,160.4,2001,32,6.89,31.99
181543,Active,1493893,NA,NA,S,0,0,661264.0988,65,2010,45,9.93,14.07
181544,Active,625610,NA,NA,D,1,0,704888.13,205,2013,62,4.11,0
181545,Active,2663500,NA,NA,D,0,0,3579308.875,39.95,1991,21,4,23.62
181546,Active,789827,NA,NA,S,2,1,317033.1925,52.99,2009,36,30.6,38.42
181547,Active,598671,NA,NA,S,0,0,10526.45,78,2005,32,57.81,52.44
181548,Active,792787,NA,NA,D,0,0,5076280.904,155,1998,14,7.08,72.69
181549,Active,792788,NA,NA,D,1,0,2014765.948,45.95,1998,20,4,12.04
181550,Active,322517,NA,NA,D,2,1,1626803.218,100,1998,24,4,25.26
181551,Active,256263,NA,NA,D,1,0,922904.9525,49.95,2001,30,4,13.61
181552,Active,243903,NA,NA,D,12,1,93473.22,253.95,2011,49,17.92,178.39
181553,Active,183689,NA,NA,D,11,1,176320.0938,267.95,2008,65,4,18.97
181554,Active,572100,NA,NA,D,10,1,1077999.69,159.95,2005,59,4,17.91
181555,Active,115778,NA,NA,S,1,0,284963.4038,102.8,2006,55,4,49.98
181556,Active,556999,NA,NA,D,0,0,3097565.468,77.75,1996,28,4.12,33.96
181557,Active,131736,NA,NA,S,3,1,129365.41,182.6,2004,39,8.29,42.92
181558,Active,557129,NA,NA,S,5,1,1146420.273,182.6,2003,45,4,42.66
181559,Active,143253,NA,NA,D,1,0,689277.0388,176,2008,68,5.48,10.61
181560,Active,143544,NA,NA,D,2,1,258424.2213,215,2011,98,5.55,63.05
181561,Active,917352,NA,NA,S,3,1,1901361.004,46.64,1999,31,4.14,15.38
181562,Active,2801808,NA,NA,D,2,1,1964018.084,85,1996,27,4,51.33
181563,Active,213127,NA,NA,S,3,1,475771.7638,135,2007,48,20.01,69.98
181564,Active,278245,NA,NA,D,0,0,2620839.824,45.99,2001,23,5.97,5.98
181565,Active,291570,NA,NA,S,1,0,71385.025,136.95,2002,29,39.97,100.41
181566,Active,142980,NA,NA,D,2,1,260737.4,101,2007,62,4.24,38.99
181567,Active,181864,NA,NA,S,3,1,111813.5013,44.99,2004,52,11.76,22.86
181568,Active,116529,NA,NA,D,3,1,812848.4038,65,2004,29,4,22.98
181569,Active,120073,NA,NA,S,4,1,244124.4938,104.4,2008,37,38.99,82
181570,Active,484004,NA,NA,D,2,1,759682.1388,54.6,1997,18,4.01,59.07
181571,Active,57111,NA,NA,S,3,1,25591.3075,67,2006,63,19.93,37.99
181572,Active,269449,NA,NA,D,4,1,402282.355,77.95,2006,14,29.99,0
181573,Active,864971,NA,NA,S,2,1,1162809.108,44.99,2013,19,6.08,31.87
181574,Active,663316,NA,NA,S,4,1,309521.0688,49.99,2013,58,7.86,28.48
181575,Active,1615910,NA,NA,S,2,1,327584.9963,34.99,2008,35,5.59,13.79
181576,Active,655409,NA,NA,S,1,0,35511.3,39.99,2012,23,20.03,24.42
181577,Active,1539153,NA,NA,S,2,1,1436007.075,57.95,2006,20,29.99,41.78
181578,Active,2134219,NA,NA,S,3,1,317576.2863,39.99,2011,28,4.9,29.34
181579,Active,1476182,NA,NA,S,8,1,935182.4363,55,2013,27,20.58,35.41
181580,Active,243892,NA,NA,S,11,1,387435.6775,48.95,2011,18,31.92,43.14
181581,Active,169790,NA,NA,S,10,1,983152.7238,49.95,2007,9,10.06,15.99
181582,Active,116346,NA,NA,S,5,1,1056350.695,200.33,2010,25,11.76,78.98
181583,Active,118899,NA,NA,S,5,1,86746.03625,187,2010,86,5.24,38.29
181584,Active,120228,NA,NA,S,1,0,67002.225,136.8,2010,31,33.88,68.99
181585,Active,1453040,NA,NA,S,1,0,68333.825,86.4,2013,18,55.39,68.48
181586,Active,1516686,NA,NA,S,2,1,1494069.48,39.99,2012,20,9.18,35.48
181587,Active,181970,NA,NA,S,1,0,108281.2788,49.99,2008,27,11.94,31.38
181588,Active,545578,NA,NA,S,6,1,50886.21125,39.99,2011,81,10.02,25.29
181589,Active,608738,NA,NA,S,5,1,596374.5638,39.99,2008,53,4,19.98
181590,Active,571691,NA,NA,S,4,1,1197820.226,39.95,2005,67,4,7.59
181591,Active,1615763,NA,NA,D,1,0,242377.9263,39.99,2009,94,4,11.99
181592,Active,623820,NA,NA,D,2,1,160124.2488,39.99,2012,52,5.33,9.86
181593,Active,1989643,NA,NA,S,4,1,20596.99,49.99,2014,35,22.98,32.66
181594,Active,619802,NA,NA,D,1,0,107470.5938,53.95,2008,79,6.44,33.99
181595,Active,747477,NA,NA,S,2,1,962539.0588,40,2004,21,23.83,26.66
181596,Active,528634,NA,NA,D,4,1,293584.1075,54.99,2009,64,6.9,39.19
181597,Active,181820,NA,NA,S,2,1,698837.0938,39.99,2004,42,4.07,23.99
181598,Active,545588,NA,NA,S,5,1,4373.315,64.99,2013,59,28.44,33.99
181599,Active,528633,NA,NA,S,6,1,766765.2025,208,2012,70,5.14,73.49
181600,Active,890979,NA,NA,S,3,1,17592.28125,54.99,2015,29,32.98,34.82
181601,Active,435248,NA,NA,D,2,1,214714.9225,64.95,2011,36,23.14,29.98
181602,Active,270222,NA,NA,S,0,0,30132.1,89.95,2007,30,59.33,73.38
181603,Active,60583,NA,NA,D,2,1,2668832.916,102.95,1999,28,4,14.5
181604,Active,2115734,NA,NA,S,3,1,462054.525,44.99,2015,15,37.7,40.49
181605,Active,1932542,NA,NA,S,1,0,6475.925,39.99,2015,23,25.36,27.95
181606,Active,528632,NA,NA,S,2,1,16792.945,39.99,2009,43,22.4,26.25
181607,Active,569738,NA,NA,S,3,1,434397.7713,126.95,2001,35,4,48.91
181608,Active,2115715,NA,NA,S,0,0,58660.575,49.99,2015,16,40.99,44.98
181609,Active,647222,NA,NA,S,3,1,47453.2875,52,2011,22,25.06,45.99
181610,Active,55097,NA,NA,D,4,1,115036.4063,86.4,2008,67,13.21,53.68
181611,Active,539513,NA,NA,S,5,1,282246.51,119.8,2012,23,22.91,602.99
181612,Active,55096,NA,NA,D,3,1,279778.7363,72,2004,60,4,23.98
181613,Active,2635334,NA,NA,S,2,1,395728.6338,39.99,2002,46,4.71,24.99
181614,Active,867387,NA,NA,S,4,1,47797.58125,71,2014,46,37.68,52.26
181615,Active,162900,NA,NA,D,3,1,240196.9088,41.01,2010,111,7.89,40.66
181616,Active,292060,NA,NA,S,7,1,74217.79,34.99,2008,30,11.57,22.79
181617,Active,539631,NA,NA,S,6,1,35997.35875,191,2011,33,41.28,72.99
181618,Active,553026,NA,NA,D,5,1,258025.0963,136.53,2007,52,7.95,37.34
181619,Active,914343,NA,NA,D,4,1,541853.3613,117.33,2003,61,4,13.93
181620,Active,2115721,NA,NA,S,2,1,244454.93,49.99,2015,13,33.98,45.94
181621,Active,257504,NA,NA,D,1,0,1015441.776,38.95,2002,46,4,38.95
181622,Active,1544263,NA,NA,S,2,1,448356.9325,46.95,2014,33,30.33,37.25
181623,Active,2082043,NA,NA,S,1,0,24637.5,69.95,2013,16,44.65,44.64
181624,Active,619390,NA,NA,S,2,1,1179400.826,72.8,2007,44,4,30.4
181625,Active,620384,NA,NA,S,0,0,115553.7038,42,2002,64,9.96,21.85
181626,Active,870254,NA,NA,D,2,1,797004.82,88.93,2008,41,5.59,32.32
181627,Active,871116,NA,NA,D,0,0,1146118.143,62,2005,57,4,8.31
181628,Active,552794,NA,NA,D,2,1,466400.0275,93,2008,88,4,22.07
181629,Active,2397287,NA,NA,S,3,1,558895.2038,43.95,1995,26,9.07,153.32
181630,Active,550242,NA,NA,S,7,1,3039716.484,113.6,2006,24,6.89,15.98
181631,Active,111894,NA,NA,D,9,1,187776.9813,33.73,2011,56,12.71,28.4
181632,Active,699228,NA,NA,S,9,1,4955024.335,33.59,2011,9,4.96,45.98
181633,Active,213191,NA,NA,S,2,1,722214.96,43.95,2005,23,12.24,39.92
181634,Active,110125,NA,NA,D,8,1,196168.1825,21.98,2008,57,4.72,15
181635,Active,908644,NA,NA,D,0,0,2870468.67,47.5,1991,26,4.48,57.03
181636,Active,3472251,NA,NA,D,2,1,1823137.25,25,2004,55,4,8.99
181637,Active,554079,NA,NA,D,3,1,937685.6913,33.2,2008,67,4,17.99
181638,Active,561620,NA,NA,S,2,1,91296.47375,74.95,2001,53,8.47,33.67
181639,Active,56879,NA,NA,D,1,0,2176906.78,34.95,2001,52,4,4.85
181640,Active,56880,NA,NA,D,2,1,1783877.811,39.95,2003,60,3.99,6.99
181641,Active,57352,NA,NA,D,2,1,183988.3025,95.4,1999,70,4.9,44.56
181642,Active,534777,NA,NA,S,4,1,5791.9025,49.99,2012,65,19.99,30.74
181643,Active,56881,NA,NA,D,3,1,155167.47,44.99,2007,228,4,10.43
181644,Active,727305,NA,NA,D,1,0,1703607.99,54,1999,20,4.69,50.12
181645,Active,571680,NA,NA,S,2,1,413413.0813,39.95,2003,72,4,13.99
181646,Active,612669,NA,NA,S,12,1,31382.43375,103.95,2014,43,37.98,60.96
181647,Active,248455,NA,NA,D,10,1,501710.3488,102.95,2008,62,4,43.49
181648,Active,251952,NA,NA,D,10,1,226608.955,104.95,2009,40,4,22.66
181649,Active,918336,NA,NA,D,7,1,462563.0663,63.95,2011,41,7.45,50.99
181650,Active,109617,NA,NA,S,1,0,82043.05,66.75,2006,20,29.99,51
181651,Active,1449138,NA,NA,S,10,1,278782.3763,109,2011,70,4,19.22
181652,Active,244025,NA,NA,S,7,1,1111210.414,50.95,2011,17,18.48,44.27
181653,Active,1841180,NA,NA,S,10,1,1502574.449,42.95,2011,13,19.03,25.24
181654,Active,753565,NA,NA,S,9,1,2302422.488,47.95,2014,22,26.45,35.34
181655,Active,649473,NA,NA,S,2,1,158587.8238,52.44,2013,32,14.26,0
181656,Active,637545,NA,NA,S,2,1,49747.59875,52.44,2013,51,11.5,28.95
181657,Active,1463645,NA,NA,D,0,0,323680.5663,47.44,2006,63,4,21.99
181658,Active,1463561,NA,NA,D,0,0,1285658.143,38.38,2006,85,4,7.98
181659,Active,639644,NA,NA,S,2,1,72527.31125,52.44,2013,43,18.95,0
181660,Active,252761,NA,NA,D,0,0,1419992.643,19.59,2009,28,4,11.41
181661,Active,546064,NA,NA,S,2,1,129415.285,41,2011,25,23.94,39.38
181662,Active,1657015,NA,NA,D,5,1,2732572.828,59.21,2006,16,4,23.57
181663,Active,175285,NA,NA,S,0,0,869931.6013,64.99,2001,24,37.46,52.07
181664,Active,3628638,NA,NA,S,2,1,483827.2,49.99,2015,18,38.48,44.15
181665,Active,110408,NA,NA,D,4,1,839227.275,29.78,2007,49,4,16.49
181666,Active,3468257,NA,NA,D,3,1,2350942.55,0,2003,34,4,8.99
181667,Active,904559,NA,NA,S,0,0,1081881.468,64.24,2008,19,6.59,31.48
181668,Active,536554,NA,NA,S,3,1,4116.55125,44.2,2012,68,16.95,33.99
181669,Active,204148,NA,NA,D,7,1,129630.23,68.99,2009,190,3.95,10.6
181670,Active,610390,NA,NA,S,8,1,11693.48,77.99,2013,56,23.99,34.98
181671,Active,877494,NA,NA,D,7,1,2717271.136,19.81,2008,44,5.58,14.09
181672,Active,60584,NA,NA,D,6,1,1640649.49,56.95,2005,65,3.5,8.99
181673,Active,864238,NA,NA,S,0,0,1070356.529,32.99,2012,28,18.55,32.68
181674,Active,658368,NA,NA,D,3,1,703896.1963,49.98,2011,29,15.8,45.4
181675,Active,863758,NA,NA,D,1,0,1802809.379,73.95,2009,26,6.52,23.99
181676,Active,2089413,NA,NA,S,4,1,215719.675,49.98,2014,27,30.3,49.98
181677,Active,3547008,NA,NA,D,3,1,14638302.15,34.95,1991,5,4.97,0
181678,Active,2849820,NA,NA,S,0,0,40463.83375,32.94,2001,63,5.97,21.98
181679,Active,613536,NA,NA,D,4,1,820826.99,191.95,2008,69,4,40.95
181680,Active,802301,NA,NA,D,3,1,1973215.005,202.95,2005,52,4,14.88
181681,Active,868099,NA,NA,D,1,0,1103497.578,60.8,1995,55,4,15
181682,Active,202406,NA,NA,D,2,1,3095114.549,105.95,2002,33,4,8.98
181683,Active,528623,NA,NA,S,4,1,235220.52,169.95,2012,61,46.83,84.98
181684,Active,249964,NA,NA,D,3,1,1004437.944,165.95,2008,35,6.49,43.99
181685,Active,587505,NA,NA,D,3,1,3167792.798,228.95,2009,24,9.24,114.25
181686,Active,253916,NA,NA,D,3,1,361518.0388,228.95,2009,134,4,33.45
181687,Active,200458,NA,NA,D,1,0,557902.7575,152.95,2008,98,4,33.99
181688,Active,200481,NA,NA,D,2,1,601955.0913,104.95,2009,104,4,12.94
181689,Active,200013,NA,NA,D,1,0,1825863.956,63.95,2005,50,4,12.94
181690,Active,545631,NA,NA,D,3,1,43363.8725,122.95,2012,118,7.32,34.95
181691,Active,545952,NA,NA,S,3,1,105224.0638,70.95,2014,65,21.99,51.98
181692,Active,248792,NA,NA,D,2,1,319257.5788,63.95,2008,65,4,20.94
181693,Active,117282,NA,NA,D,4,1,1132887.668,72.2,2005,71,4,5.16
181694,Active,652224,NA,NA,S,6,1,62023.2375,91.8,2013,52,38.39,74.55
181695,Active,120164,NA,NA,D,5,1,99609.17625,82.4,2009,76,5.23,40.99
181696,Active,110589,NA,NA,D,16,1,19056.3775,144.54,2012,99,7.61,53.99
181697,Active,108438,NA,NA,S,13,1,3078039.553,185.31,2004,32,5.96,17.49
181698,Active,169710,NA,NA,D,8,1,303382.9875,392.95,2008,34,14.27,73.99
181699,Active,199999,NA,NA,D,2,1,870153.2675,203.95,2004,60,4,14.98
181700,Active,874719,NA,NA,D,10,1,1818963.551,16.23,2006,70,5.63,11.33
181701,Active,642206,NA,NA,D,11,1,84419.04125,140.95,2012,60,5.21,75.74
181702,Active,200178,NA,NA,D,10,1,637768.9163,171.95,2006,168,4,8.97
181703,Active,528619,NA,NA,D,11,1,36094.4375,123.95,2011,99,5.24,39.97
181704,Active,330103,NA,NA,S,2,1,3310414.688,162.95,2000,22,4,7.98
181705,Active,528618,NA,NA,D,2,1,160544.9313,103.95,2011,47,17.73,72.63
181706,Active,245151,NA,NA,D,1,0,758833.5888,74.95,2006,24,19.69,58.39
181707,Active,288418,NA,NA,D,4,1,772686.875,201,2006,50,4.87,67.99
181708,Active,651954,NA,NA,S,3,1,762756.0563,43,2007,17,24.64,43
181709,Active,737219,NA,NA,D,0,0,3203219.533,48,2003,19,4.23,0
181710,Active,544307,NA,NA,D,5,1,41801.7525,369.95,2012,109,18.8,73.11
181711,Active,51219,NA,NA,S,2,1,3359488.076,231.95,2004,35,4,10.99
181712,Active,51221,NA,NA,D,4,1,350689.4063,406.95,2010,100,4,135.25
181713,Active,51220,NA,NA,D,3,1,1433545.864,398.95,2007,69,4,8.81
181714,Active,178641,NA,NA,D,8,1,19376.38875,350.95,2011,196,5.29,45.29
181715,Active,871961,NA,NA,D,0,0,1154380.779,174.2,2004,29,4.97,153.79
181716,Active,119253,NA,NA,D,6,1,268288.755,266.67,2011,135,4.58,13.42
181717,Active,52051,NA,NA,D,11,1,40160.07875,375.95,2011,117,7.59,50
181718,Active,533778,NA,NA,D,7,1,31265.11375,159.6,2012,89,9.17,63.88
181719,Active,51213,NA,NA,D,5,1,566658.5988,180,2006,72,4,13.5
181720,Active,51214,NA,NA,D,6,1,277080.8138,132.6,2009,83,4.23,5.14
181721,Active,51212,NA,NA,S,4,1,1060007.196,160,2004,47,4.34,41.23
181722,Active,148629,NA,NA,D,7,1,619331.1263,385.95,2008,150,4,13.65
181723,Active,570641,NA,NA,S,4,1,3307817.649,109.95,1995,23,4.13,46.55
181724,Active,120700,NA,NA,D,5,1,359071.645,210,2008,76,4,12.85
181725,Active,745570,NA,NA,D,6,1,4976897.398,97.07,2010,17,6.99,97.07
181726,Active,210838,NA,NA,S,2,1,299349.6725,51.95,2003,80,4,20.99
181727,Active,265956,NA,NA,D,1,0,678385.07,45,2005,30,6.4,40.36
181728,Active,298677,NA,NA,D,2,1,920234.0875,154.95,2008,42,4.94,58.29
181729,Active,905198,NA,NA,S,0,0,577674.3563,66,2013,24,4.6,570.79
181730,Active,650504,NA,NA,S,4,1,663569.7863,43,2012,58,20.98,35.97
181731,Active,220380,NA,NA,D,3,1,539329.3513,113,2007,86,4,17.96
181732,Active,593995,NA,NA,D,9,1,587860.4513,35.95,2010,21,6.92,52
181733,Active,631700,NA,NA,D,8,1,1446336.448,32.95,2008,19,4.25,81.91
181734,Active,248512,NA,NA,S,11,1,1024124.441,39.99,2009,49,4,15.33
181735,Active,861489,NA,NA,S,13,1,485017.1613,39.99,2013,51,7.67,30.98
181736,Active,1855507,NA,NA,S,14,1,88162.91,39.99,2015,28,19.99,27.19
181737,Active,162762,NA,NA,S,4,1,295736.3788,98,2009,40,32.3,64.27
181738,Active,670449,NA,NA,S,5,1,901465.675,44.99,2007,31,7.29,0
181739,Active,832476,NA,NA,D,0,0,2213179.98,63.53,2008,17,4.01,15
181740,Active,200632,NA,NA,D,1,0,270672.5525,99.95,2010,47,7.09,17.97
181741,Active,778498,NA,NA,D,1,0,2848295.878,175.95,2006,15,4.49,74.34
181742,Active,299547,NA,NA,D,3,1,744947.7863,33.98,2007,19,12.9,0
181743,Active,193685,NA,NA,D,6,1,772003.23,96,2011,30,4.84,19.95
181744,Active,193440,NA,NA,D,5,1,1374050.885,72,2006,54,4.02,19.97
181745,Active,265940,NA,NA,D,0,0,3849497.723,99,2005,13,15.89,62.65
181746,Active,600120,NA,NA,D,2,1,1460928.984,187,2008,35,5.59,18.99
181747,Active,868231,NA,NA,D,0,0,2200495.159,52,2001,39,4,21.94
181748,Active,298554,NA,NA,S,3,1,484656.4763,109.95,2010,27,48.98,79.39
181749,Active,3066268,NA,NA,D,1,0,669299.3388,79.95,1997,52,5.68,16.49
181750,Active,623650,NA,NA,D,2,1,343755.5138,125.95,2002,40,13.94,37.62
181751,Active,528613,NA,NA,S,7,1,323846.975,146.4,2006,45,39.86,93.35
181752,Active,766928,NA,NA,S,2,1,1108347.118,118.95,2006,39,4,58.53
181753,Active,143050,NA,NA,D,5,1,885571.765,201,2008,33,6.42,41.51
181754,Active,203712,NA,NA,D,1,0,1860636.965,61.99,2004,29,4,16.19
181755,Active,142976,NA,NA,D,1,0,4764854.443,119,2005,17,4.98,8.35
181756,Active,528612,NA,NA,D,2,1,4620590.381,131,2007,18,4,26.94
181757,Active,193650,NA,NA,D,6,1,171935.8113,75,2009,122,4.72,9.49
181758,Active,775479,NA,NA,S,4,1,2183210.044,49,2001,56,4,18.34
181759,Active,293195,NA,NA,D,5,1,1090232.163,71,2005,89,4,4.15
181760,Active,595044,NA,NA,S,3,1,83104.50375,107,2012,44,29.32,53.98
181761,Active,220367,NA,NA,D,2,1,1095071.666,18.49,2006,53,4.27,13.99
181762,Active,545030,NA,NA,D,16,1,606873.265,49.99,2012,43,5.02,54.78
181763,Active,120233,NA,NA,D,4,1,165827.9875,153.4,2011,79,4.9,19.99
181764,Active,2257302,NA,NA,D,0,0,1483194.655,64.35,2011,48,8.31,40.28
181765,Active,116091,NA,NA,S,2,1,2811535.734,96.4,2005,44,4,18.94
181766,Active,528611,NA,NA,D,2,1,199077.2225,172.95,2009,69,6.16,67.43
181767,Active,795117,NA,NA,S,2,1,1116011.268,156.95,2009,15,48.37,169.95
181768,Active,286076,NA,NA,D,3,1,931434.9063,159.6,2008,58,4,9.69
181769,Active,202395,NA,NA,D,1,0,603419.6788,172.95,2004,50,4,19.53
181770,Active,574809,NA,NA,D,6,1,111379.5438,139.95,2011,57,7.94,28.98
181771,Active,55216,NA,NA,D,5,1,144850.7888,111.95,2008,69,4.14,17.15
181772,Active,55215,NA,NA,D,4,1,524447.2013,91.95,2005,87,4,31.13
181773,Active,574668,NA,NA,D,6,1,32957.3125,149.95,2011,52,7.36,15.9
181774,Active,248511,NA,NA,D,15,1,373399.3613,49.99,2009,26,4,0
181775,Active,619000,NA,NA,D,0,0,1564195.004,67.95,2007,28,7.88,13.99
181776,Active,193696,NA,NA,D,2,1,601362.8,113.95,2010,45,6.94,25.67
181777,Active,592861,NA,NA,S,6,1,970097.64,55,2011,30,4,23.99
181778,Active,598819,NA,NA,D,8,1,2364464.698,60,2002,34,4,0
181779,Active,3048479,NA,NA,D,7,1,3589763.12,45.3,1998,24,4,4.46
181780,Active,270039,NA,NA,S,9,1,106042.23,96,2009,33,17.94,0
181781,Active,592264,NA,NA,D,14,1,1143056.045,39.99,2007,41,3.99,16.49
181782,Active,58485,NA,NA,D,2,1,562999.6813,101.4,2008,50,4,57.39
181783,Active,1476504,NA,NA,S,4,1,2209711.271,55,2013,21,4.98,55
181784,Active,2253179,NA,NA,D,5,1,2252938.268,60.22,2007,65,5.59,33.49
181785,Active,534115,NA,NA,D,5,1,216329.2975,151.4,2007,32,4,10.49
181786,Active,249926,NA,NA,S,1,0,707232.0863,175.95,2008,29,28.14,117.98
181787,Active,202314,NA,NA,D,2,1,1396863.908,142.95,2001,18,4.88,10.84
181788,Active,249855,NA,NA,D,3,1,966607.4575,255.95,2007,23,11,64.44
181789,Active,2419270,NA,NA,S,2,1,3296181.814,54.95,2004,29,4,39.99
181790,Active,779000,NA,NA,S,3,1,541061.5613,89.99,2012,37,12.93,86.94
181791,Active,193733,NA,NA,D,3,1,131539.4438,92,2011,168,4,10.12
181792,Active,193528,NA,NA,D,2,1,853415.5988,68,2007,114,4,7.48
181793,Active,868676,NA,NA,S,2,1,492608.7313,117,2015,20,48.99,79.03
181794,Active,617146,NA,NA,D,5,1,1305665.469,96,2010,65,4,7.32
181795,Active,867717,NA,NA,S,6,1,159606.0625,109,2014,50,28.84,65.98
181796,Active,193463,NA,NA,D,4,1,1073460.445,73,2006,52,4,37.13
181797,Active,560429,NA,NA,S,5,1,420470.8063,81,2010,32,17.99,47.99
181798,Active,613219,NA,NA,D,2,1,176872.0075,92,2011,113,4,11.94
181799,Active,1633440,NA,NA,D,0,0,519572.3413,64,2008,64,4,9.94
181800,Active,193687,NA,NA,D,5,1,1113348.683,43,2010,29,4.39,19.99
181801,Active,193448,NA,NA,D,4,1,1154247.72,85,2006,47,4,23.94
181802,Active,143614,NA,NA,S,4,1,627035.17,43,2009,14,27.88,43
181803,Active,540211,NA,NA,S,2,1,42279.52875,20,2013,35,12.69,16.49
181804,Active,617960,NA,NA,D,5,1,232411.2863,96,2010,96,6.93,23.91
181805,Active,3822334,NA,NA,D,0,0,1934223.3,0,2000,20,11.49,38.92
181806,Active,198752,NA,NA,S,0,0,797219.0488,29.99,2007,26,16.46,47.94
181807,Active,922568,NA,NA,S,0,0,137055.5988,19.99,2007,89,5.98,11.94
181808,Active,664205,NA,NA,S,0,0,11181.65,54.97,2013,18,25.25,31.59
181809,Active,300405,NA,NA,D,1,0,572933.4538,191,2010,49,7.85,85.11
181810,Active,269973,NA,NA,S,2,1,396741.5988,44,2007,39,25.63,0
181811,Active,143156,NA,NA,D,4,1,606389.3,220,2007,105,5.28,74.37
181812,Active,1958106,NA,NA,S,0,0,24975.625,40,2014,22,17.22,20.56
181813,Active,52650,NA,NA,D,7,1,132911.1838,96.95,2009,411,4,14.85
181814,Active,499561,NA,NA,D,8,1,15287.4425,115,2012,421,8.17,27.44
181815,Active,52649,NA,NA,D,6,1,891643.2088,89.95,2006,245,4,8.99
181816,Active,50588,NA,NA,D,5,1,7000.39,66.53,2008,192,16.54,53.99
181817,Active,50585,NA,NA,D,4,1,22484.80625,43.87,2004,240,4.68,25.77
181818,Active,252636,NA,NA,S,5,1,184248.525,127.99,2008,30,36.98,126.63
181819,Active,2938657,NA,NA,S,4,1,1043680.221,89.06,2005,22,8.59,60.98
181820,Active,1826308,NA,NA,S,3,1,125729.5763,90.95,2014,36,36.83,44.98
181821,Active,108466,NA,NA,S,4,1,681587.9875,52.87,2005,43,4,45.38
181822,Active,301057,NA,NA,S,3,1,673258.2713,49.95,2008,28,11.74,52.97
181823,Active,3571988,NA,NA,D,3,1,2122643.25,64.95,2004,40,4,64.01
181824,Active,2351848,NA,NA,S,4,1,471423.0588,96.08,2003,28,6.59,71.53
181825,Active,153198,NA,NA,S,0,0,34738.82875,45,2004,61,9.64,28.08
181826,Active,528608,NA,NA,S,2,1,19818.80375,36,2012,54,23.22,25.77
181827,Active,717510,NA,NA,S,3,1,3344482.056,60.95,1998,22,4.43,45.71
181828,Active,169340,NA,NA,S,4,1,793172.19,140.95,2006,34,3.62,60.75
181829,Active,3882939,NA,NA,S,0,0,28273.7,69.99,2015,18,44.58,44.6
181830,Active,627688,NA,NA,S,3,1,125590.7,91.8,2000,48,13.2,68.58
181831,Active,615349,NA,NA,S,1,0,229736.6175,45.4,1952,34,7.94,35.07
181832,Active,57541,NA,NA,D,12,1,155450.2125,34.84,2010,94,13.73,35.21
181833,Active,57540,NA,NA,D,11,1,371181.3713,30.6,2006,87,4.44,18.97
181834,Active,670689,NA,NA,S,0,0,13935.7,39.95,2010,6,31.39,24.75
181835,Active,615664,NA,NA,S,3,1,142334.2475,112.6,1994,58,8.98,67.41
181836,Active,212448,NA,NA,S,14,1,538567.8575,45,2003,44,4,28.99
181837,Active,540550,NA,NA,D,6,1,1756156.48,57.2,2008,16,11.98,61.94
181838,Active,2431534,NA,NA,D,4,1,1950270.701,36.6,2001,14,4,60.71
181839,Active,242507,NA,NA,D,1,0,1110653.128,499.95,2001,23,6.47,67.47
181840,Active,907860,NA,NA,D,0,0,485719.2375,38.63,2002,60,4.4,26.5
181841,Active,296132,NA,NA,D,0,0,548736.8813,39.95,2003,26,6.44,52.25
181842,Active,195164,NA,NA,S,2,1,37665.16125,53,2009,46,27.04,41.82
181843,Active,1691887,NA,NA,S,3,1,25398.5425,18.99,2010,71,8.07,12.51
181844,Active,3198056,NA,NA,D,5,1,2941620.056,17.95,2004,10,5.94,27.32
181845,Active,3218991,NA,NA,S,0,0,63458.3175,48.97,2006,0,0,46.44
181846,Active,709957,NA,NA,D,4,1,2356440.729,46,1999,20,4,6.97
181847,Active,528604,NA,NA,S,6,1,636321.315,113.2,2007,35,4.98,62.19
181848,Active,1938775,NA,NA,S,0,0,8476.8,40,2014,36,13.73,23.79
181849,Active,1786551,NA,NA,S,1,0,64365.25,39.95,2014,8,35.44,30.79
181850,Active,539010,NA,NA,S,2,1,28955.20625,49.95,2012,41,23.96,28.95
181851,Active,551508,NA,NA,D,1,0,343699.8463,52.95,2007,84,4,8.89
181852,Active,920574,NA,NA,D,2,1,3869818.064,65,2002,33,4,5.98
181853,Active,607323,NA,NA,D,3,1,838374.4113,88,2005,49,4,19.98
181854,Active,553014,NA,NA,D,4,1,192789.015,120.6,2008,30,16.17,31.87
181855,Active,1780707,NA,NA,S,2,1,70743.265,44.99,2014,35,20.94,25.02
181856,Active,203520,NA,NA,D,9,1,2518333.726,285,2004,25,9.99,73.24
181857,Active,528598,NA,NA,D,10,1,652783.6838,379.99,2008,16,11.88,13.23
181858,Active,619358,NA,NA,D,2,1,365981.8425,225.95,2010,49,6.96,27.99
181859,Active,477712,NA,NA,S,2,1,7478166.483,131.95,2009,18,6.74,40.98
181860,Active,254531,NA,NA,S,3,1,69948.155,210.95,2012,39,24.99,61.04
181861,Active,619373,NA,NA,D,10,1,481042.3238,227.95,2009,36,8.98,29.98
181862,Active,665629,NA,NA,S,2,1,1548194.178,74.95,2009,33,39.37,50.37
181863,Active,267504,NA,NA,S,3,1,1116796.99,44.95,2002,22,4.59,33.86
181864,Active,132918,NA,NA,S,3,1,255109.9925,66.4,2009,28,10.5,23.99
181865,Active,615916,NA,NA,S,2,1,394897.7638,65.95,1992,120,4,8.86
181866,Active,2605587,NA,NA,S,2,1,165538.4525,54.99,1998,39,18.98,41.66
181867,Active,630937,NA,NA,S,2,1,522473.5538,75.95,2004,38,12.06,50.15
181868,Active,54361,NA,NA,D,6,1,194255.9038,249.95,2011,50,5.97,43.38
181869,Active,54360,NA,NA,D,5,1,598796.505,263.95,2007,41,4,502.12
181870,Active,297888,NA,NA,D,6,1,518755.8375,96.95,2011,71,5.09,58.47
181871,Active,169336,NA,NA,S,4,1,786187.0113,340.95,2004,45,5.92,43.88
181872,Active,176600,NA,NA,S,3,1,2570775.444,66.95,2003,32,4,4
181873,Active,290879,NA,NA,D,4,1,1484098.316,224.95,2006,27,4.47,127.23
181874,Active,169108,NA,NA,D,4,1,2058271.21,30.95,2005,33,5.77,53.75
181875,Active,244191,NA,NA,D,6,1,74545.66625,76.95,2011,92,8.58,46.99
181876,Active,54359,NA,NA,D,5,1,460945.92,154.95,2010,49,4.1,67.13
181877,Active,169852,NA,NA,S,4,1,1794725.073,148.95,2008,32,4.33,27.88
181878,Active,169708,NA,NA,D,5,1,758768.9088,81.95,2007,82,4,13.99
181879,Active,54356,NA,NA,D,5,1,546239.1613,81.95,2007,92,4,13.98
181880,Active,170217,NA,NA,D,6,1,264387.8675,249.95,2011,39,5.98,87.69
181881,Active,169523,NA,NA,D,5,1,493817.4325,274.95,2007,60,4,38.99
181882,Active,178014,NA,NA,S,4,1,1897992.031,156.95,2004,43,5.01,15.24
181883,Active,567411,NA,NA,D,4,1,2699906.304,111.95,2006,31,4,21.99
181884,Active,170133,NA,NA,D,5,1,709765.695,154.95,2010,26,4.98,46.98
181885,Active,2040353,NA,NA,D,0,0,2442954.659,45,2007,23,5.82,43.25
181886,Active,258059,NA,NA,D,3,1,2910959.45,45,1995,16,4,32.71
181887,Active,267358,NA,NA,S,4,1,1377066.735,60,2005,23,9.78,49.73
181888,Active,830067,NA,NA,S,2,1,1567963.091,57,2009,37,6.14,49.12
181889,Active,3594214,NA,NA,S,7,1,41928.725,65,2015,12,56.12,59.54
181890,Active,868462,NA,NA,D,5,1,1346981.618,40,2008,33,15.71,40.59
181891,Active,642318,NA,NA,D,2,1,600005.665,193,2011,33,28.94,42.99
181892,Active,627115,NA,NA,D,0,0,1975285.181,135,2008,15,20.23,83.09
181893,Active,897659,NA,NA,D,2,1,2229099.728,41,2009,18,11.4,42.45
181894,Active,152381,NA,NA,D,2,1,1024481.436,64.95,2004,21,37.57,64.73
181895,Active,621219,NA,NA,D,5,1,2766588.549,31,1996,25,4,54.53
181896,Active,631230,NA,NA,D,6,1,371244.43,59.65,1999,38,4,26.98
181897,Active,249247,NA,NA,S,7,1,299136.0463,50,2006,46,39.33,51.63
181898,Active,696911,NA,NA,D,4,1,8127385.614,71.17,2002,25,4.73,71.17
181899,Active,1884834,NA,NA,D,9,1,537513.0038,92.5,2009,62,3.88,9.15
181900,Active,177279,NA,NA,S,2,1,1066504.875,217.95,1999,50,4,65.83
181901,Active,177278,NA,NA,S,2,1,543433.1138,136.95,1999,55,4,50.84
181902,Active,611903,NA,NA,D,14,1,893572.2525,150,2013,27,60.24,124.8
181903,Active,206733,NA,NA,S,1,0,72479.6,49.99,2004,24,23.99,29.98
181904,Active,2419248,NA,NA,D,1,0,872605.0288,13.94,2002,18,9.49,13.94
181905,Active,629042,NA,NA,S,7,1,22689.93375,55.95,1986,43,22.91,40.06
181906,Active,667278,NA,NA,S,2,1,40316.44375,79.99,2012,20,44.94,49.67
181907,Active,140689,NA,NA,D,0,0,1051632.891,89.99,2000,18,22.45,54.53
181908,Active,889099,NA,NA,S,0,0,148186.495,79.99,2014,17,53.11,52.43
181909,Active,225025,NA,NA,S,0,0,751159.2788,59.99,1997,23,12.72,43.94
181910,Active,225024,NA,NA,S,0,0,329265.2438,39.99,1997,165,4.99,12.9
181911,Active,3729524,NA,NA,D,0,0,1288323.8,69.99,2011,61,19.4,43.69
181912,Active,1856801,NA,NA,S,0,0,149022.8338,79.99,2013,12,47.49,52.58
181913,Active,1856798,NA,NA,S,0,0,97734.64375,59.99,2013,12,41.01,41.44
181914,Active,1856799,NA,NA,D,0,0,874153.3275,79.99,2013,13,41.99,52.43
181915,Active,1856800,NA,NA,S,0,0,158413.7,89.99,2013,11,59.19,60.49
181916,Active,1856773,NA,NA,D,0,0,2029215.45,69.99,2012,18,31.98,49.49
181917,Active,248682,NA,NA,D,2,1,1816580.984,89.99,2004,17,5.99,159.69
181918,Active,1856401,NA,NA,S,2,1,212198.4775,49.99,2006,32,21.58,33.86
181919,Active,1856902,NA,NA,S,0,0,38623.63375,59.99,2014,19,40.73,40.79
181920,Active,892998,NA,NA,S,2,1,112084.915,69.99,2012,22,38.26,46.64
181921,Active,248700,NA,NA,D,2,1,2597954.088,54.99,2005,20,24.98,126.98
181922,Active,650310,NA,NA,S,2,1,528270.625,39.95,2011,25,8.98,38.99
181923,Active,2687998,NA,NA,S,1,0,43055.295,15.95,2004,64,8.11,9.91
181924,Active,596453,NA,NA,D,4,1,527560.0663,79.95,2006,67,4.35,12.94
181925,Active,546619,NA,NA,S,5,1,55865.545,79.95,2012,47,45.59,65.35
181926,Active,625229,NA,NA,S,1,0,95053.325,147.95,2011,55,17.15,43.99
181927,Active,1703559,NA,NA,S,0,0,536694.9188,45,2006,40,8.98,103.09
181928,Active,705027,NA,NA,S,6,1,615778.5188,63.01,2007,27,8.89,63.43
181929,Active,1658869,NA,NA,S,2,1,228551.0538,46.7,2011,20,46.06,49.04
181930,Active,581721,NA,NA,S,0,0,257879.19,60,2001,116,4,34.94
181931,Active,534409,NA,NA,D,5,1,760608.255,33.89,2003,56,4,18.8
181932,Active,200153,NA,NA,D,1,0,1133745.099,160.95,2008,40,4.12,22.99
181933,Active,907932,NA,NA,S,0,0,1093252.226,160.95,2010,35,4.77,60.03
181934,Active,254376,NA,NA,D,2,1,128073.7813,75,2010,38,18.12,45.8
181935,Active,719008,NA,NA,S,2,1,643539.77,49.99,1997,54,4,19.04
181936,Active,189303,NA,NA,S,2,1,206337.5875,90,1996,40,31.23,66.39
181937,Active,132260,NA,NA,D,5,1,811275.1738,82.8,2006,33,14.39,59.99
181938,Active,131552,NA,NA,D,4,1,1398693.948,53.8,2002,38,4,14.39
181939,Active,133271,NA,NA,S,4,1,94495.3425,57.2,2010,50,13.07,27.02
181940,Active,146347,NA,NA,D,3,1,13040.21625,163,2011,96,20.15,98.69
181941,Active,2179075,NA,NA,S,2,1,2610927.44,69.99,2008,20,42.79,56.65
181942,Active,212575,NA,NA,D,0,0,622647.8363,102.4,2002,45,4,8
181943,Active,709501,NA,NA,S,0,0,118141.25,108.84,2011,38,40.47,93.97
181944,Active,135036,NA,NA,D,2,1,2097216.815,105,1996,43,4,12.75
181945,Active,2888625,NA,NA,S,4,1,94098.4525,100,2003,31,40.98,59.98
181946,Active,1547397,NA,NA,S,0,0,527496.3325,44.95,2015,35,36.71,32.84
181947,Active,52365,NA,NA,S,5,1,607149.6,140,2008,59,4,13.91
181948,Active,52364,NA,NA,S,4,1,2978942.456,95,2005,62,4.09,8.55
181949,Active,2040626,NA,NA,S,3,1,66348.825,52,2007,36,4.33,52.99
181950,Active,528583,NA,NA,S,2,1,16679.18375,32.95,2009,33,13.91,17.91
181951,Active,633289,NA,NA,S,2,1,17167.95,32.95,2009,21,22.18,22.43
181952,Active,55564,NA,NA,D,3,1,43524.245,161.6,2009,128,12.5,38.86
181953,Active,621582,NA,NA,D,2,1,10423.59875,236.8,2013,98,17.87,51.51
181954,Active,661512,NA,NA,D,1,0,2911638.853,188.47,2011,20,13.94,675
181955,Active,557573,NA,NA,D,1,0,324788.8,181.8,2010,138,4,19.95
181956,Active,866614,NA,NA,S,6,1,19075.75625,112,2014,104,43.99,44.07
181957,Active,60587,NA,NA,D,4,1,540766.2513,77,2005,56,4,27.99
181958,Active,528582,NA,NA,D,5,1,37174.78875,99,2008,94,4.98,27.98
181959,Active,616058,NA,NA,S,7,1,544125.5025,68.91,2001,38,5.32,81.97
181960,Active,53884,NA,NA,D,9,1,61497.79125,20.24,2009,230,11.95,28.99
181961,Active,497943,NA,NA,S,9,1,202584.8338,32.98,2009,63,10.43,33.99
181962,Active,593568,NA,NA,D,9,1,482989.5463,45.25,2009,82,4.09,10.95
181963,Active,53882,NA,NA,D,8,1,615620.25,15.99,2006,186,4,19.97
181964,Active,252764,NA,NA,D,9,1,362092.9588,13.99,2010,30,6.98,42.28
181965,Active,595628,NA,NA,S,10,1,48746.06,101.5,2012,32,40.14,53.15
181966,Active,53881,NA,NA,D,9,1,227451.4675,31.98,2009,75,4,23.99
181967,Active,53880,NA,NA,D,8,1,2098757.475,13.98,2006,61,4,13.99
181968,Active,252734,NA,NA,D,9,1,140547.6088,92.5,2009,78,4.08,9.23
181969,Active,293073,NA,NA,D,8,1,1803596.394,12.29,2006,62,3.89,10.51
181970,Active,1660331,NA,NA,D,0,0,2046620.615,100.34,2006,17,4,91.41
181971,Active,623469,NA,NA,S,5,1,79995.84625,44.95,2010,42,23.94,32.48
181972,Active,865280,NA,NA,S,3,1,161080.4713,29.99,2011,54,4,0
181973,Active,528580,NA,NA,S,6,1,106450.8125,160,2011,60,10.06,50.1
181974,Active,3246823,NA,NA,S,0,0,291346.5513,86.55,1999,17,10.98,32.59
181975,Active,904473,NA,NA,S,4,1,2521428.133,70.37,2010,20,9.45,78.66
181976,Active,621312,NA,NA,S,1,0,24725.8,134.75,2011,49,38.82,83.98
181977,Active,537563,NA,NA,S,14,1,58081.02125,250,2012,82,59.03,76.59
181978,Active,698070,NA,NA,D,10,1,7911474.64,74.63,2005,15,5.71,44
181979,Active,614559,NA,NA,S,2,1,282699.5975,76,1997,38,4.54,38.99
181980,Active,699017,NA,NA,D,12,1,2091566.779,26.99,2008,22,4.59,9.99
181981,Active,53672,NA,NA,D,13,1,26597.82875,39.99,2010,151,15.59,33.99
181982,Active,1482761,NA,NA,D,1,0,515679.6288,73.97,2010,14,15.99,60.66
181983,Active,699386,NA,NA,S,14,1,305801.1413,42.99,2013,23,11.89,48.99
181984,Active,52183,NA,NA,D,5,1,157143.8288,167.6,2008,125,4,24.86
181985,Active,53671,NA,NA,D,12,1,62112.03,38.98,2008,213,4,38.64
181986,Active,53668,NA,NA,D,10,1,1432433.116,108.65,2005,104,4,10.94
181987,Active,532075,NA,NA,D,7,1,303590.4913,184.95,2011,30,6.48,72.91
181988,Active,54382,NA,NA,D,6,1,356446.1938,307.95,2008,209,4,13.67
181989,Active,644797,NA,NA,D,1,0,445846.7138,80,2007,15,23.97,61.82
181990,Active,2683691,NA,NA,D,0,0,811379.56,69,2005,41,4,26.24
181991,Active,1935393,NA,NA,S,2,1,337023.0788,75,2013,24,40.23,43.64
181992,Active,922538,NA,NA,S,0,0,156206.0238,141.7,2004,100,5.34,22.98
181993,Active,694681,NA,NA,D,1,0,486784.4338,101.05,2007,64,4.75,51.91
181994,Active,56462,NA,NA,D,11,1,577892.8838,140.95,2010,81,4,19.99
181995,Active,612095,NA,NA,D,13,1,23016.7275,128.95,2014,81,10.86,71.32
181996,Active,533360,NA,NA,D,12,1,126224.7488,128.95,2012,88,5.67,28.99
181997,Active,60590,NA,NA,S,9,1,1067298.786,82.95,2006,67,4,37.87
181998,Active,2601042,NA,NA,D,2,1,3040519.181,95,1994,22,4.98,73.71
181999,Active,195170,NA,NA,S,3,1,974118.09,44,2010,33,5.98,32.52
182000,Active,1456033,NA,NA,S,1,0,43775.075,54.99,2014,15,33.97,35.08
182001,Active,620241,NA,NA,S,1,0,43991.775,49.99,2011,27,18.62,30.57
182002,Active,802437,NA,NA,S,2,1,2501354.391,126.95,2007,32,4,18.17
182003,Active,254196,NA,NA,S,3,1,633465.925,125.95,2010,52,8.65,39.74
182004,Active,620833,NA,NA,D,3,1,132284.2563,41.95,2007,93,5.98,21.37
182005,Active,622119,NA,NA,S,2,1,1036544.291,53.95,1997,75,4,8
182006,Active,868293,NA,NA,S,5,1,20648.65375,46.95,2015,23,36.36,36.95
182007,Active,905590,NA,NA,D,1,0,753445.4388,53.95,1996,25,4.13,47.09
182008,Active,178113,NA,NA,D,2,1,617164.835,151.95,2004,31,6.98,109.95
182009,Active,262882,NA,NA,D,2,1,1133369.464,48.95,2004,57,4,4.64
182010,Active,528579,NA,NA,S,3,1,238616.2863,49.95,2010,41,28.42,29.92
182011,Active,3504241,NA,NA,S,1,0,13028.2,64.99,2014,7,50.01,49.78
182012,Active,905146,NA,NA,D,0,0,126212.905,24.99,2014,29,33.29,73.27
182013,Active,106864,NA,NA,S,1,0,85458.1525,22,2011,162,4,8.1
182014,Active,3798182,NA,NA,D,0,0,822548.1,49.99,2011,41,23.94,37.01
182015,Active,1733297,NA,NA,S,2,1,774247.6913,49.95,2008,25,8.85,11.1
182016,Active,164603,NA,NA,S,1,0,949922.0563,52,2003,62,4,9.4
182017,Active,750147,NA,NA,S,1,0,790839.2538,24.99,2007,56,4,8.98
182018,Active,916662,NA,NA,S,2,1,903842.8275,85,2007,52,19.02,60.35
182019,Active,2319059,NA,NA,D,2,1,1678570.938,97.5,1983,34,4,45.99
182020,Active,2680806,NA,NA,D,0,0,3742476.331,89.56,1975,40,4,46.57
182021,Active,2424558,NA,NA,D,0,0,2874965.308,64.9,1987,22,4,210.08
182022,Active,2424115,NA,NA,D,2,1,1570988.654,66.06,1990,39,4,54.99
182023,Active,528574,NA,NA,S,6,1,660213.55,79.84,2009,22,13.58,62.7
182024,Active,872055,NA,NA,D,1,0,429774.9475,144.95,2002,31,4.47,54.25
182025,Active,877211,NA,NA,D,0,0,307734.595,15.49,2009,23,4.77,15.49
182026,Active,2363390,NA,NA,D,2,1,948456.8338,181.72,1980,44,4,53.66
182027,Active,145349,NA,NA,D,4,1,4195.72,201.4,2011,186,24.03,71.55
182028,Active,756705,NA,NA,D,1,0,1547675.758,125,1997,17,13.03,51.99
182029,Active,145012,NA,NA,D,3,1,32383.09875,148,2005,119,5.11,53.99
182030,Active,129706,NA,NA,S,2,1,981439.9613,114,1999,100,3.99,14.43
182031,Active,167118,NA,NA,S,2,1,162625.7913,100,2007,31,43.01,51.18
182032,Active,178282,NA,NA,D,2,1,482331.2825,362.95,2005,54,7.98,63.98
182033,Active,630372,NA,NA,D,3,1,585165.1375,98.67,1996,21,19.42,73.94
182034,Active,553637,NA,NA,S,2,1,101337.3813,192.6,1971,52,31.17,116.98
182035,Active,630254,NA,NA,S,3,1,386389.815,64.95,2004,41,21.91,48.52
182036,Active,666074,NA,NA,D,3,1,369071.2088,149,2008,37,7.46,58.7
182037,Active,2385940,NA,NA,D,2,1,1559591.253,70.67,1989,30,4.35,51.75
182038,Active,574352,NA,NA,D,1,0,638674.11,41.63,2001,28,4.52,41.55
182039,Active,104917,NA,NA,D,4,1,3796105.591,60.21,2002,16,4,46.5
182040,Active,2175423,NA,NA,S,3,1,28029.52625,59.99,2014,30,37.01,37
182041,Active,152844,NA,NA,D,2,1,174250.5613,44.95,2004,71,16.82,49.44
182042,Active,121762,NA,NA,S,1,0,69735.375,116.6,2004,25,53.21,107.8
182043,Active,116528,NA,NA,S,3,1,186148.8838,50.6,2003,31,6.78,48.94
182044,Active,120569,NA,NA,D,4,1,40624.825,169.33,2008,50,12.5,61.49
182045,Active,52167,NA,NA,S,5,1,1095695.695,96,1997,54,4,14.23
182046,Active,113898,NA,NA,S,2,1,2016767.003,111.33,2001,48,4,10.98
182047,Active,620731,NA,NA,S,1,0,39588.34125,72.94,2012,37,43.7,72.46
182048,Active,116670,NA,NA,D,3,1,123096.7313,141.33,2004,57,4,49.01
182049,Active,52165,NA,NA,D,7,1,144241.105,141.33,2005,60,6.51,18.99
182050,Active,200591,NA,NA,D,7,1,240579.5713,246.95,2009,58,5.37,20.97
182051,Active,52164,NA,NA,D,6,1,533279.4125,114.67,2006,65,4.13,9.96
182052,Active,152482,NA,NA,D,3,1,620677.2438,109,2008,32,41.89,63.64
182053,Active,633489,NA,NA,D,1,0,490669.0413,96.95,2004,38,25.83,63.99
182054,Active,608373,NA,NA,D,2,1,2913397.003,35.1,1990,28,4,35.1
182055,Active,608357,NA,NA,D,3,1,2211603.273,143,2004,20,5.89,63.87
182056,Active,654230,NA,NA,D,3,1,2342345.158,109,2010,24,19.95,60.78
182057,Active,608139,NA,NA,S,3,1,1135051.49,109,2007,22,43.99,69.39
182058,Active,60593,NA,NA,S,2,1,407685.1988,69.95,1995,28,6.39,67.51
182059,Active,642506,NA,NA,S,2,1,461476.9975,180,1995,32,27.74,127.4
182060,Active,720617,NA,NA,D,2,1,1491045.655,115,2001,30,4.12,37.89
182061,Active,549667,NA,NA,S,2,1,832701.0675,68,2009,18,15.98,27.62
182062,Active,105680,NA,NA,D,10,1,799178.1725,89.95,2002,30,15.5,76.95
182063,Active,106823,NA,NA,S,12,1,70775.7825,94,2011,46,46.52,58.33
182064,Active,528570,NA,NA,S,2,1,69888.57875,40,2011,17,27.87,36.69
182065,Active,184423,NA,NA,D,1,0,4322051.336,144.95,2001,12,7.19,73.17
182066,Active,246431,NA,NA,S,2,1,212505.7488,63.95,2009,42,13.81,38.29
182067,Active,184424,NA,NA,D,0,0,642796.215,52.95,2001,45,5.63,10.98
182068,Active,558155,NA,NA,D,1,0,570398.5225,44,2008,25,8.83,15.48
182069,Active,117054,NA,NA,S,1,0,33724.375,75.6,2007,34,25.94,57.34
182070,Active,136874,NA,NA,D,5,1,1460214.129,48,2001,63,4,30.49
182071,Active,913886,NA,NA,S,2,1,319081.7925,59.99,2009,33,8.97,23.39
182072,Active,1658884,NA,NA,D,1,0,3835302.354,70,2011,15,4,63.63
182073,Active,2259028,NA,NA,D,1,0,1954920.938,124.06,2009,29,36.56,121.71
182074,Active,248383,NA,NA,D,1,0,288194.5013,169.95,2009,28,23.99,80.48
182075,Active,607497,NA,NA,S,5,1,48684.40125,115,2009,33,55.98,78.99
182076,Active,628669,NA,NA,S,5,1,25914.18625,80,2011,63,40.78,53.07
182077,Active,3033962,NA,NA,D,3,1,1961870.599,60,2001,42,4,13.98
182078,Active,258499,NA,NA,D,4,1,171105.8963,75,2005,41,7.46,42.88
182079,Active,205710,NA,NA,D,1,0,2090676.654,90,2000,36,4,6.19
182080,Active,679882,NA,NA,S,0,0,604608.2038,24.99,2011,82,4,0
182081,Active,865236,NA,NA,S,3,1,126859.5088,24.99,2014,36,6.29,0
182082,Active,256238,NA,NA,D,0,0,1833304.61,44.95,1997,23,4,34.04
182083,Active,269714,NA,NA,S,2,1,508488.5775,49.95,2010,24,15.98,37.99
182084,Active,213139,NA,NA,D,4,1,2227072.309,48.95,2005,33,4,18.99
182085,Active,157693,NA,NA,S,5,1,769583.9413,52.95,2009,40,10.84,38.1
182086,Active,620304,NA,NA,S,2,1,73293.5425,76.95,2007,67,13.98,52.67
182087,Active,540934,NA,NA,D,6,1,197583.7188,97.95,2011,126,10.87,28.29
182088,Active,561652,NA,NA,D,5,1,362946.07,79.95,2006,69,4.07,21.43
182089,Active,621985,NA,NA,D,5,1,610390.11,39.99,2008,45,4.06,19.92
182090,Active,528565,NA,NA,D,6,1,253911.405,42,2012,40,7.91,20.49
182091,Active,608249,NA,NA,S,3,1,1880997.555,39.99,2008,29,4,48.29
182092,Active,639451,NA,NA,S,2,1,835890.4538,54.95,2003,28,24.44,52.67
182093,Active,752049,NA,NA,D,0,0,1330509.806,59.99,2009,26,4.14,49.99
182094,Active,619819,NA,NA,S,6,1,1017181.641,55,2007,28,6.29,27.24
182095,Active,890996,NA,NA,S,3,1,31203.89375,50,2015,24,30.4,27.92
182096,Active,608705,NA,NA,S,2,1,2164852.685,39.95,2001,44,4,21.99
182097,Active,608868,NA,NA,D,3,1,354105.7025,54.99,2005,26,4,35.48
182098,Active,903979,NA,NA,S,4,1,586095.5675,49.99,2015,20,28.9,35.12
182099,Active,901104,NA,NA,D,0,0,3597403.654,58.95,2003,23,8.19,28.94
182100,Active,907336,NA,NA,D,2,1,2862927.859,70.95,2006,16,8.29,15.99
182101,Active,181910,NA,NA,S,5,1,995191.4788,44.95,2005,45,4,13.98
182102,Active,528561,NA,NA,S,6,1,204839.6,49.99,2009,75,5.35,25.99
182103,Active,181850,NA,NA,S,3,1,417698.7038,34.95,2005,41,4,17.99
182104,Active,627445,NA,NA,S,1,0,21705.175,99.95,2010,27,58.79,62.88
182105,Active,905601,NA,NA,D,1,0,1475905.38,49.99,2007,25,5.49,28.87
182106,Active,250083,NA,NA,D,3,1,76314.76875,205.95,2011,83,8.43,38.46
182107,Active,355078,NA,NA,D,2,1,1358925.986,226.95,2005,59,4,9.98
182108,Active,610349,NA,NA,S,10,1,13831.77875,99.99,2013,52,35.95,47.99
182109,Active,55094,NA,NA,D,9,1,233990.9713,99.99,2009,53,16.94,48.99
182110,Active,652401,NA,NA,S,1,0,364592.1463,44.99,2013,70,4.65,23.62
182111,Active,1964799,NA,NA,S,0,0,78779.20875,44.99,2014,42,12.61,23.53
182112,Active,545699,NA,NA,D,6,1,111793.7725,78.99,2012,46,12.44,27.37
182113,Active,367146,NA,NA,D,5,1,780395.6775,68.99,2008,45,4.31,14.54
182114,Active,598375,NA,NA,D,4,1,2161076.5,54.95,2004,37,4.08,27.01
182115,Active,254561,NA,NA,D,5,1,52036.93875,67.99,2011,58,15.45,43.97
182116,Active,867625,NA,NA,S,6,1,5300.9175,71.99,2014,46,37.78,58.1
182117,Active,203956,NA,NA,D,4,1,131844.5463,61.95,2008,111,5.2,16.98
182118,Active,60594,NA,NA,D,3,1,791317.5725,54.95,2005,101,4,9.99
182119,Active,203895,NA,NA,D,2,1,762851.5263,63.95,2007,104,4,47.48
182120,Active,270795,NA,NA,D,3,1,52785.38125,71.99,2011,70,11.95,27.9
182121,Active,620739,NA,NA,S,3,1,1032366.524,93.99,2012,44,4.48,13.98
182122,Active,613548,NA,NA,S,2,1,1800283.25,79.95,2008,47,4,6.99
182123,Active,204084,NA,NA,S,1,0,163831.1713,87.99,2008,38,7.95,24.49
182124,Active,634823,NA,NA,S,1,0,577889.23,112.99,2011,29,11.75,66.96
182125,Active,203523,NA,NA,S,2,1,5164109.396,74.95,2004,33,4.49,7.81
182126,Active,789710,NA,NA,D,1,0,1360450.044,47.95,2006,24,4.02,45.98
182127,Active,528557,NA,NA,S,4,1,493446.535,42.99,2012,23,6.34,32.9
182128,Active,204052,NA,NA,S,1,0,413993.525,67.99,2008,41,9.34,48.98
182129,Active,545720,NA,NA,S,6,1,10031.63375,75.99,2013,63,23.94,48.98
182130,Active,203930,NA,NA,D,4,1,137138.2625,59.95,2007,149,4,10.81
182131,Active,528556,NA,NA,D,5,1,69008.72375,68.99,2010,88,8.99,28.98
182132,Active,639057,NA,NA,S,3,1,451344.2913,65.99,2013,33,4.04,29.29
182133,Active,546793,NA,NA,S,3,1,79897.23625,57.99,2012,58,13.49,50.13
182134,Active,639207,NA,NA,S,1,0,112825.875,51.99,2010,23,14.85,29.99
182135,Active,658061,NA,NA,S,0,0,160502.9063,59.99,2013,32,8.48,23.94
182136,Active,546787,NA,NA,S,9,1,112592.0925,61.99,2012,52,25.99,31.47
182137,Active,644756,NA,NA,D,3,1,149762.7713,46.99,2011,36,18.79,28.68
182138,Active,3072491,NA,NA,D,3,1,1525262.281,34.95,2004,22,7.91,12.98
182139,Active,622697,NA,NA,S,4,1,426131.365,46.99,2009,26,28.7,30.64
182140,Active,635590,NA,NA,D,5,1,93478.80625,42.99,2013,127,7.58,25.89
182141,Active,615761,NA,NA,D,4,1,506894.7313,34.99,2010,97,4.68,23.99
182142,Active,254560,NA,NA,S,4,1,224582.405,21.99,2010,315,4,4.49
182143,Active,528553,NA,NA,S,3,1,420044.4325,53.99,2005,54,4,30.85
182144,Active,609732,NA,NA,S,8,1,344462.1388,39.95,2004,87,4,21.99
182145,Active,393002,NA,NA,D,10,1,114217.06,51.99,2010,147,6.42,23.98
182146,Active,609735,NA,NA,D,9,1,770516.15,42.95,2007,125,4,11.99
182147,Active,264233,NA,NA,D,0,0,870121.2888,54.95,2004,34,4,12.98
182148,Active,545705,NA,NA,S,2,1,180834.9075,71.99,2012,31,11.79,23.39
182149,Active,598376,NA,NA,D,4,1,189324.9613,37.99,2004,48,6.19,32.99
182150,Active,594798,NA,NA,S,5,1,19420.95,69.99,2011,41,33.38,44.64
182151,Active,859275,NA,NA,D,7,1,1177404.65,39.95,2005,38,4,18.99
182152,Active,617384,NA,NA,D,8,1,386231.7963,39.95,2009,62,12.25,30.09
182153,Active,618943,NA,NA,D,9,1,312215.7888,47.99,2011,49,6.48,23.99
182154,Active,862147,NA,NA,S,10,1,28354.11,51.99,2014,32,19.63,29.7
182155,Active,528552,NA,NA,S,2,1,331177.18,59.99,2010,38,25.49,48.94
182156,Active,294201,NA,NA,D,1,0,375777.0863,48.95,2006,21,4.38,17.77
182157,Active,598377,NA,NA,S,4,1,1064431.286,36.95,2004,58,4,11.8
182158,Active,264262,NA,NA,S,4,1,565010.1488,35.95,2005,20,22.46,0
182159,Active,264236,NA,NA,S,4,1,420209.2313,43.99,2004,88,4,30.99
182160,Active,203357,NA,NA,D,3,1,942193.645,29.95,2001,31,4,9.2
182161,Active,2423248,NA,NA,S,3,1,356882.4575,56.2,1989,48,4.48,30.45
182162,Active,735274,NA,NA,S,7,1,158920.6,67.33,2011,54,15.17,65.99
182163,Active,533440,NA,NA,D,7,1,502530.6938,91.95,2011,63,4.98,56.38
182164,Active,559914,NA,NA,S,5,1,935971.3725,13.9,2004,148,4,10.91
182165,Active,533439,NA,NA,D,7,1,66187.115,87,2011,85,10.5,82.12
182166,Active,55212,NA,NA,D,6,1,333534.07,23.94,2008,213,4,15.06
182167,Active,613341,NA,NA,D,7,1,12747.59875,102,2011,179,4.39,54.2
182168,Active,626322,NA,NA,S,3,1,504076.95,48.95,2009,25,7.94,24.47
182169,Active,869787,NA,NA,S,3,1,317704.9088,101.33,2014,22,18.19,83.47
182170,Active,867050,NA,NA,S,3,1,109927.2325,139.07,2014,24,38.98,99
182171,Active,864685,NA,NA,S,3,1,18563.88,118.4,2014,82,16.84,25.99
182172,Active,642604,NA,NA,D,2,1,973598.0675,154.07,2010,28,7.88,73.09
182173,Active,56627,NA,NA,D,2,1,55994.605,106,2010,147,4,30.75
182174,Active,248308,NA,NA,S,3,1,833990.8888,50.95,2005,58,4,0
182175,Active,1783540,NA,NA,S,4,1,78784.975,54.95,2013,10,31.04,42.57
182176,Active,1783541,NA,NA,S,4,1,93762.25875,50,2013,18,25.98,36.34
182177,Active,619912,NA,NA,S,5,1,270808.3263,151.65,1995,46,4.39,63.87
182178,Active,428363,NA,NA,D,3,1,578882.1688,100.4,2005,30,4,13.99
182179,Active,643841,NA,NA,D,1,0,601487.9125,53.32,2010,32,4.68,13.53
182180,Active,763558,NA,NA,S,1,0,214658.6363,168.95,2000,21,10.02,100.93
182181,Active,618260,NA,NA,S,6,1,1285393.08,193.95,2010,19,19.89,78.99
182182,Active,765599,NA,NA,S,4,1,1400807.663,121.95,2003,85,3.78,28.99
182183,Active,56266,NA,NA,D,6,1,161280.6625,195.95,2010,76,6.28,49.49
182184,Active,533925,NA,NA,S,5,1,62741.235,129.8,2006,96,5.88,23.99
182185,Active,544545,NA,NA,D,7,1,11945.40875,177.95,2013,124,9.23,51.83
182186,Active,56265,NA,NA,D,5,1,137518.215,170.95,2007,47,7.24,72.55
182187,Active,2965444,NA,NA,D,6,1,6964488,56.95,2011,25,4,3.99
182188,Active,58492,NA,NA,D,6,1,464718.86,153.95,2010,99,4.35,51.98
182189,Active,544536,NA,NA,D,7,1,40325.62,139.95,2013,82,7.87,52.85
182190,Active,613898,NA,NA,S,1,0,30082.575,49.95,2011,62,15.83,28.38
182191,Active,563823,NA,NA,S,2,1,343030.4263,70,2000,65,4.07,43.75
182192,Active,2647671,NA,NA,D,1,0,1831748.759,49.95,1994,25,4,12.98
182193,Active,213199,NA,NA,S,2,1,496094.2513,40.95,2006,27,25.8,37.81
182194,Active,247443,NA,NA,D,1,0,854735.8738,36.95,2005,34,4,39.67
182195,Active,545506,NA,NA,S,2,1,563991.0688,52,2012,23,11.9,35.18
182196,Active,183602,NA,NA,D,3,1,1149720.685,191.95,2007,42,4,13.94
182197,Active,633204,NA,NA,D,3,1,73796.6025,73.04,2011,36,13.23,58.09
182198,Active,183017,NA,NA,D,2,1,2731962.633,128.95,2004,34,4,7.4
182199,Active,652655,NA,NA,S,1,0,8714.225,51.25,2011,31,37.49,38.09
182200,Active,621415,NA,NA,S,2,1,234352.465,56.95,2007,30,13.56,0
182201,Active,117300,NA,NA,S,0,0,55820.5,118.6,2007,29,23.98,79.89
182202,Active,3754341,NA,NA,S,1,0,60883.75,59.95,2015,4,49.89,55.74
182203,Active,132724,NA,NA,D,6,1,657288.8088,117.07,2008,25,7.85,28.99
182204,Active,54979,NA,NA,D,6,1,103101.5313,119.2,2008,62,4,44.32
182205,Active,557170,NA,NA,S,2,1,326582.015,207.6,2002,54,4,0
182206,Active,52934,NA,NA,D,3,1,455640.5538,84,2002,132,4,9.5
182207,Active,52935,NA,NA,D,4,1,72620.58875,114,2005,165,4,15.94
182208,Active,1449408,NA,NA,S,2,1,578605.73,118.2,2006,57,4,12.55
182209,Active,533899,NA,NA,D,7,1,164444.4588,214.95,2008,50,7.47,27.94
182210,Active,60596,NA,NA,D,6,1,1209558.064,196.95,2005,86,4,20.24
182211,Active,243893,NA,NA,D,8,1,119064.6638,202.95,2011,47,25.24,77.9
182212,Active,116351,NA,NA,D,3,1,458339.8213,169.13,2013,26,33.98,602.99
182213,Active,121185,NA,NA,D,3,1,67043.9175,155.8,2010,57,15.44,52.13
182214,Active,115550,NA,NA,D,1,0,1572973.093,117.6,2003,44,4,8.98
182215,Active,131933,NA,NA,S,2,1,413935.2938,49,2005,27,4,23.54
182216,Active,607726,NA,NA,D,5,1,448796.5763,119.2,2007,35,5.67,52.99
182217,Active,607702,NA,NA,D,4,1,488348.5125,84.2,2003,36,4,11.96
182218,Active,116945,NA,NA,D,4,1,494946.06,73.8,2006,55,4,27.98
182219,Active,114269,NA,NA,D,3,1,294526.6738,54.8,2002,82,4,13.69
182220,Active,129357,NA,NA,S,2,1,16155.85625,11.95,2011,129,6.99,5.73
182221,Active,2648084,NA,NA,D,0,0,626626.63,49.95,1998,61,4,20.99
182222,Active,528547,NA,NA,S,2,1,487729.8275,34.95,2007,40,6.09,13.13
182223,Active,591600,NA,NA,S,2,1,28552.86125,72.95,2004,56,36.04,0
182224,Active,620307,NA,NA,D,1,0,309478.2988,196,2007,54,17.77,141.85
182225,Active,248431,NA,NA,D,9,1,1312666.035,171.95,2007,40,4,40.99
182226,Active,224432,NA,NA,S,8,1,910722.9113,189.95,2003,38,4,16.14
182227,Active,298909,NA,NA,D,10,1,568225.88,171.95,2010,38,5.82,73.98
182228,Active,874307,NA,NA,S,11,1,31347.49125,57.75,2014,25,47.38,0
182229,Active,709715,NA,NA,S,0,0,385097.8663,105.68,2011,33,24.9,38.99
182230,Active,873638,NA,NA,D,1,0,863768.3963,6.79,2009,145,4,6.88
182231,Active,427955,NA,NA,D,5,1,290367.5625,57.2,2011,87,4,52.93
182232,Active,560939,NA,NA,D,3,1,277590.8188,50.2,2006,72,4,13.99
182233,Active,864899,NA,NA,S,6,1,43325.53625,67.2,2014,53,37.83,37.87
182234,Active,428478,NA,NA,D,4,1,327939.7225,50.2,2008,97,4,17.99
182235,Active,145616,NA,NA,D,5,1,252583.705,104.4,2007,45,5.44,48.97
182236,Active,875274,NA,NA,S,3,1,1942150.746,77.2,2000,38,4,59.59
182237,Active,560866,NA,NA,D,4,1,1360996.439,87.4,2004,27,4.79,22.99
182238,Active,60597,NA,NA,D,4,1,483070.7088,81.6,2004,31,4.47,13.19
182239,Active,50418,NA,NA,D,10,1,448303.6925,103.6,2006,108,4.48,102.94
182240,Active,50416,NA,NA,D,11,1,85283.14625,112.8,2009,135,5.87,47.88
182241,Active,51793,NA,NA,S,10,1,17508.39875,134.8,2011,108,6.94,61.41
182242,Active,917292,NA,NA,S,7,1,1106915.69,67.96,2003,42,4.81,15.58
182243,Active,51790,NA,NA,S,7,1,382028.4538,91,2003,97,4,23.01
182244,Active,552569,NA,NA,S,8,1,1130296.921,133.5,2007,26,12.04,0
182245,Active,536530,NA,NA,D,5,1,1271981.833,110.07,2012,19,8.61,103.99
182246,Active,118462,NA,NA,D,4,1,443314.5863,91.6,2007,121,4,27.99
182247,Active,130334,NA,NA,D,5,1,124517.395,103.4,2011,105,5.43,33.88
182248,Active,327646,NA,NA,S,1,0,56608.5025,104.25,2010,68,30.99,41.09
182249,Active,559924,NA,NA,D,3,1,943998.2388,17.63,2003,63,4,17.6
182250,Active,546010,NA,NA,S,6,1,12449.395,98.75,2012,61,42.89,69.73
182251,Active,141114,NA,NA,S,2,1,1022942.309,9.52,2001,64,4,8.98
182252,Active,141982,NA,NA,D,5,1,145691.54,55.66,2009,30,5.22,167.09
182253,Active,560006,NA,NA,D,4,1,845076.5788,22.79,2006,113,4,8.02
182254,Active,101514,NA,NA,S,0,0,135310.7,103,2003,54,7.82,58.03
182255,Active,144386,NA,NA,D,4,1,3874063.569,73.8,2002,37,4.54,44.35
182256,Active,739067,NA,NA,D,3,1,5624642.736,63,2000,35,4.56,12.98
182257,Active,132608,NA,NA,S,6,1,196060.645,109.4,2008,39,11.72,92.37
182258,Active,144965,NA,NA,D,5,1,1356138.676,91.6,2005,38,4.14,68.93
182259,Active,2386002,NA,NA,D,0,0,9464963.095,30.6,1990,15,4,43.49
182260,Active,170035,NA,NA,D,7,1,597530.7013,153.95,2009,56,4,40.82
182261,Active,169925,NA,NA,D,7,1,582641.07,216.95,2009,62,4.47,28.98
182262,Active,557042,NA,NA,S,2,1,89579.69,112,2012,56,33.99,83.97
182263,Active,288498,NA,NA,D,1,0,392026.76,85,1998,47,4,55.99
182264,Active,551742,NA,NA,S,6,1,2880687.569,0,2001,76,4,110.43
182265,Active,133127,NA,NA,D,9,1,70928.2425,110,2010,152,4,49.5
182266,Active,118498,NA,NA,D,8,1,485572.0038,96,2007,132,4,18.64
182267,Active,117805,NA,NA,S,7,1,611969.03,80.4,2004,97,3.99,9.95
182268,Active,109415,NA,NA,S,2,1,6683.17125,140.75,2006,79,29.94,68.99
182269,Active,549999,NA,NA,D,2,1,752844.61,48.7,2003,69,4.13,49.98
182270,Active,704763,NA,NA,D,1,0,1366931.961,32.89,2003,31,4,26.38
182271,Active,145283,NA,NA,D,1,0,61407.67,65.67,2010,99,8.25,14.99
182272,Active,110236,NA,NA,S,2,1,16626.40375,140.75,2012,66,52.99,100.85
182273,Active,709670,NA,NA,S,0,0,328412.1563,101.8,2010,15,6.98,14.49
182274,Active,114740,NA,NA,S,0,0,382674.5763,112.15,2000,95,5.82,17.99
182275,Active,2384370,NA,NA,S,5,1,561769.8188,107.2,2000,109,4.25,12.72
182276,Active,709711,NA,NA,S,0,0,635476.1138,101.8,2010,25,5.99,10.61
182277,Active,921373,NA,NA,S,0,0,243793.6188,128.5,2002,100,5.23,53.23
182278,Active,552473,NA,NA,S,3,1,561397.8875,44.2,2006,44,4,15.01
182279,Active,111174,NA,NA,D,1,0,766349.085,39.99,2009,39,3.22,42.99
182280,Active,551874,NA,NA,S,0,0,73637.52125,106.5,2000,46,7.95,72.87
182281,Active,60599,NA,NA,D,5,1,208725.16,82.2,2006,76,4.02,54.59
182282,Active,557520,NA,NA,D,6,1,530322.2975,90.8,2009,132,4,43.77
182283,Active,528543,NA,NA,S,7,1,265277.9525,114.6,2012,152,4.72,19.5
182284,Active,557430,NA,NA,D,6,1,944719.0613,78.67,2008,62,3.8,7.98
182285,Active,552837,NA,NA,D,7,1,306037.185,105,2011,62,7.27,46.51
182286,Active,561555,NA,NA,D,10,1,8007.08,129,2013,83,11.28,68.99
182287,Active,288529,NA,NA,S,6,1,1931685.386,61.67,2002,65,3.98,4.74
182288,Active,537929,NA,NA,S,7,1,1003358.181,74,2004,77,4,29.94
182289,Active,61177,NA,NA,D,8,1,462116.0438,93.33,2007,102,4,15.71
182290,Active,133111,NA,NA,D,9,1,101097.9713,110,2010,93,4.99,32.94
182291,Active,287583,NA,NA,D,8,1,582376.19,89.4,2007,46,4.34,39.98
182292,Active,131831,NA,NA,D,7,1,996168.5213,128.6,2004,60,3.98,7.49
182293,Active,132563,NA,NA,D,8,1,170055.2438,164.4,2008,69,4.14,12.91
182294,Active,131990,NA,NA,D,7,1,2314988.238,124.8,2005,33,4,6.81
182295,Active,618234,NA,NA,S,7,1,110320.11,102,2012,28,79.36,73.99
182296,Active,616463,NA,NA,D,6,1,414660.4963,80.4,2008,46,4,7.98
182297,Active,768197,NA,NA,S,1,0,129597.9413,105.95,2011,57,13.89,118.11
182298,Active,768028,NA,NA,S,1,0,60177.525,90.35,2011,36,22.28,25.97
182299,Active,658143,NA,NA,S,0,0,329488.0275,119.5,2012,37,23.81,58.88
182300,Active,633141,NA,NA,S,0,0,87628.125,126.5,2011,45,33.44,94.99
182301,Active,918146,NA,NA,S,10,1,872718.4838,90.9,2007,37,5.87,10.98
182302,Active,624678,NA,NA,S,12,1,69760.5225,134.8,2012,133,6.47,62.97
182303,Active,739573,NA,NA,S,8,1,1394260.971,148.6,2001,48,4.49,10
182304,Active,434720,NA,NA,S,10,1,977416.5138,12.74,2007,84,4.48,39.18
182305,Active,613131,NA,NA,S,11,1,510375.0013,116.33,2009,84,4.69,22.4
182306,Active,285769,NA,NA,S,5,1,95926.50875,126.6,2000,79,23.99,67.79
182307,Active,872393,NA,NA,D,3,1,2295043.749,42,1992,32,4,39.99
182308,Active,118554,NA,NA,D,4,1,1450181.881,56,1996,31,4.92,18.75
182309,Active,428507,NA,NA,D,11,1,316314.0275,112.8,2009,54,4.83,62.11
182310,Active,540005,NA,NA,D,12,1,56151.02875,134.8,2012,47,13.19,134.79
182311,Active,549859,NA,NA,D,5,1,457396.6188,64.95,2001,82,4,40.98
182312,Active,109414,NA,NA,S,6,1,67755.77875,170.4,2007,122,12.42,73.99
182313,Active,549799,NA,NA,D,4,1,1710603.445,77.2,1999,43,4.43,19.98
182314,Active,1437962,NA,NA,S,6,1,337740.8675,99.4,2007,50,18.98,121.98
182315,Active,592226,NA,NA,D,6,1,420009.5375,209.95,2006,109,5.05,28.89
182316,Active,567774,NA,NA,D,7,1,386782.9238,174.95,2010,132,5.51,18.64
182317,Active,800958,NA,NA,D,0,0,668916.4675,44,2008,24,10.99,38.99
182318,Active,709717,NA,NA,S,0,0,74315.775,108.68,2011,38,40.59,65.89
182319,Active,709716,NA,NA,S,0,0,92780.6,108.68,2010,43,15.84,35.99
182320,Active,618562,NA,NA,S,0,0,48881.72375,127.75,2010,54,11.32,53.3
182321,Active,58405,NA,NA,D,10,1,365925.4088,77.25,2009,148,4,27.99
182322,Active,734466,NA,NA,S,9,1,3447966.071,330.49,2005,14,10.99,74.86
182323,Active,546003,NA,NA,D,11,1,8012.62125,53.97,2012,79,9.64,62.41
182324,Active,141857,NA,NA,D,9,1,165043.6063,78.28,2006,92,4.98,50.61
182325,Active,53772,NA,NA,S,7,1,93694.6,123.75,2002,153,4.68,56.91
182326,Active,613229,NA,NA,S,0,0,135186.9875,84.47,2002,132,4.43,38.98
182327,Active,613317,NA,NA,S,7,1,88715.525,127.75,2005,93,8.09,53.98
182328,Active,109363,NA,NA,S,1,0,270820.6988,16.63,2009,136,4,8.93
182329,Active,614857,NA,NA,S,0,0,98154.575,98.14,2005,55,7.97,60.77
182330,Active,121329,NA,NA,D,5,1,574104.7413,81.6,2009,52,4.05,53.94
182331,Active,607710,NA,NA,D,4,1,273599.055,61.6,2005,47,4,17.5
182332,Active,114561,NA,NA,S,1,0,330401.4,153.2,2002,37,16.07,44.06
182333,Active,174146,NA,NA,D,0,0,1446727.911,38.99,1998,21,23.45,63.99
182334,Active,528542,NA,NA,S,2,1,347191.0825,59.99,2006,41,42.46,53.46
182335,Active,249794,NA,NA,S,6,1,172947.4075,276.95,2006,67,13.68,37.67
182336,Active,2471091,NA,NA,D,4,1,2344694.993,89.95,1995,21,4.11,23.95
182337,Active,597175,NA,NA,D,0,0,4037120.311,99,2000,14,6.73,72.49
182338,Active,680426,NA,NA,S,2,1,144716.5063,34.8,2012,76,14.51,28.17
182339,Active,132759,NA,NA,D,7,1,125720.1588,82.33,2009,181,4,22.1
182340,Active,145342,NA,NA,S,6,1,780064.6988,73.2,2006,74,4,4.97
182341,Active,130992,NA,NA,D,8,1,51745.7575,99,2011,135,4,23.7
182342,Active,864686,NA,NA,S,8,1,9953.925,45.6,2014,76,22.52,32.48
182343,Active,133130,NA,NA,D,6,1,325650.3113,31.6,2009,60,3.7,9.69
182344,Active,528540,NA,NA,D,12,1,14206.8375,120.2,2011,128,8.25,36.44
182345,Active,528539,NA,NA,S,12,1,178267.6675,108.2,2011,44,36.33,72.88
182346,Active,622312,NA,NA,S,12,1,637189.9413,99.2,2012,34,7.99,14.71
182347,Active,1456209,NA,NA,S,2,1,1089082.994,46.67,2015,17,38.52,46.55
182348,Active,620746,NA,NA,D,1,0,270459.6013,42.2,2011,44,5.77,23.98
182349,Active,630132,NA,NA,S,1,0,115395.1613,61.99,2008,20,31.46,36.92
182350,Active,54297,NA,NA,D,2,1,798731.2875,32,2009,87,3.97,8.3
182351,Active,3519792,NA,NA,S,0,0,110981.85,55.99,2011,29,32.4,38.37
182352,Active,546847,NA,NA,S,5,1,4722.68,54.95,2012,65,42.49,47.13
182353,Active,617438,NA,NA,D,3,1,190501.175,54.95,2003,91,4,27.97
182354,Active,615768,NA,NA,D,4,1,53164.1375,39.95,2008,41,20.64,23.48
182355,Active,1539406,NA,NA,D,13,1,5976344.23,310,2007,18,6.97,23.96
182356,Active,2874698,NA,NA,D,0,0,2722946.375,167,2004,18,24.03,26.84
182357,Active,778764,NA,NA,D,1,0,1525195.09,100.95,2010,16,28.14,28.99
182358,Active,575925,NA,NA,S,2,1,83359.05,118.63,2008,22,16.93,113.7
182359,Active,904208,NA,NA,D,0,0,1113859.139,35.95,1999,25,25.2,35.95
182360,Active,656193,NA,NA,S,2,1,669847.2338,47.95,2008,27,22.08,34.55
182361,Active,910628,NA,NA,D,6,1,1252724.101,115,2000,24,4.52,59.31
182362,Active,542188,NA,NA,D,3,1,1840420.959,295,2007,22,20.89,59.77
182363,Active,2750677,NA,NA,D,2,1,5810315.463,169,2001,17,7.98,55.87
182364,Active,504091,NA,NA,D,0,0,4211457.853,259,2007,19,36.95,78.78
182365,Active,3841579,NA,NA,D,0,0,4948801.65,219,2006,16,167.16,101.45
182366,Active,55093,NA,NA,D,3,1,771112.5125,58.4,2004,56,4,19.84
182367,Active,55092,NA,NA,S,5,1,23094.05375,120,2010,55,43.74,99.91
182368,Active,874805,NA,NA,D,2,1,1257844.229,46.6,2001,31,3.99,8.97
182369,Active,55091,NA,NA,D,4,1,155466.3338,78,2007,36,4.21,54.63
182370,Active,155386,NA,NA,S,1,0,26895.175,135.95,2000,24,36.89,79.87
182371,Active,551638,NA,NA,S,3,1,428616.1688,106.6,2000,26,20.96,0
182372,Active,3464054,NA,NA,D,0,0,4742724.35,39,1991,34,4.36,15.79
182373,Active,2386021,NA,NA,S,3,1,2317103.775,93,1991,19,4.13,52.61
182374,Active,1437071,NA,NA,S,4,1,207978.5075,19,2012,36,4,12.54
182375,Active,322780,NA,NA,D,3,1,1103159.579,205.6,2011,38,4,42.42
182376,Active,540106,NA,NA,S,4,1,85084.68625,161.4,2012,59,17.14,86.17
182377,Active,133444,NA,NA,S,3,1,951385.0738,152.6,2010,54,4.98,41.94
182378,Active,317102,NA,NA,S,2,1,2359979.671,127.8,2009,28,4,50.68
182379,Active,322781,NA,NA,S,3,1,720655.0475,139.2,2010,67,4,49.95
182380,Active,133445,NA,NA,S,3,1,1589523.579,152.6,2010,57,4,45.7
182381,Active,52950,NA,NA,D,2,1,1331207.435,113,2008,57,4,64.95
182382,Active,870695,NA,NA,S,2,1,2824454.11,159.2,2009,25,4,5.93
182383,Active,169319,NA,NA,D,1,0,457985.9613,185.95,2008,50,4,53.03
182384,Active,584189,NA,NA,S,1,0,398128.9538,28.95,2005,50,4,23.88
182385,Active,295534,NA,NA,S,1,0,103131.7,155,2010,35,44.94,69.47
182386,Active,878574,NA,NA,S,18,1,285938.3313,217.95,2014,23,92.61,196.15
182387,Active,50607,NA,NA,D,15,1,508296.6725,346.95,2008,28,10.99,78.93
182388,Active,169679,NA,NA,S,15,1,1640109.399,225.95,2007,19,11.3,82.22
182389,Active,50611,NA,NA,D,14,1,288517.19,140.95,2004,107,4,17.94
182390,Active,178073,NA,NA,S,2,1,661528.0413,129.95,2004,67,4,8.34
182391,Active,614872,NA,NA,S,9,1,251876.2163,99.95,1994,32,18.93,72.69
182392,Active,233215,NA,NA,S,2,1,58806.04625,26.25,2008,32,20.57,23.69
182393,Active,697706,NA,NA,D,2,1,382568.4025,65,2000,23,6.45,34.94
182394,Active,612739,NA,NA,S,0,0,18619.725,49.99,2013,12,33.99,30.04
182395,Active,246411,NA,NA,S,1,0,23008.69125,44.95,2011,53,30.17,0
182396,Active,655500,NA,NA,S,0,0,11530.05,49.99,2011,14,30.99,31.52
182397,Active,661205,NA,NA,S,0,0,8371.8,49.99,2010,15,30.99,30.56
182398,Active,655499,NA,NA,S,0,0,4404.175,49.99,2011,14,32.73,29.54
182399,Active,1496907,NA,NA,S,0,0,15103.325,49.95,2013,7,30.42,32.84
182400,Active,633151,NA,NA,S,0,0,4334.175,49.99,2011,18,20.59,27.75
182401,Active,663186,NA,NA,S,0,0,7473.675,49.95,2013,17,23.98,29.81
182402,Active,2690768,NA,NA,D,0,0,8122328.163,11.99,2005,4,18.99,28.07
182403,Active,667355,NA,NA,S,0,0,414.675,49.99,2011,17,30.83,29.83
182404,Active,1480570,NA,NA,S,1,0,24714.575,93.95,2014,32,53.47,83.71
182405,Active,52590,NA,NA,S,5,1,379805.8738,73.8,2002,101,4,13.94
182406,Active,52591,NA,NA,S,6,1,191116.24,86.6,2005,112,4,23.99
182407,Active,616261,NA,NA,D,9,1,4571.5975,170.8,2013,110,19.67,112.69
182408,Active,52593,NA,NA,D,8,1,33420.95875,142,2010,105,6.96,53.97
182409,Active,52592,NA,NA,D,7,1,36849.69625,112.4,2008,113,4.64,53.74
182410,Active,2345312,NA,NA,S,2,1,1064949.406,70.5,1994,37,4,20.96
182411,Active,284824,NA,NA,S,3,1,125162.7475,91.83,1999,54,4,45.4
182412,Active,416658,NA,NA,D,5,1,124398.6113,98.97,2006,77,8.82,52.73
182413,Active,60601,NA,NA,D,4,1,253482.835,43.99,2003,79,4.36,14.37
182414,Active,287546,NA,NA,S,2,1,180851.2213,79.95,2005,44,6.02,0
182415,Active,615734,NA,NA,S,14,1,813295.3813,34.99,2008,45,4,5.88
182416,Active,51913,NA,NA,S,7,1,1110135.131,36.99,2004,36,4.71,44.99
182417,Active,107167,NA,NA,S,6,1,2461096.849,22.97,2001,70,4.7,22.99
182418,Active,51911,NA,NA,D,8,1,45831.53875,38.99,2006,162,4,28.98
182419,Active,538468,NA,NA,D,10,1,3487.52375,233.75,2012,143,31.98,103.07
182420,Active,108270,NA,NA,D,7,1,147788.9813,127.1,2005,157,4,18.03
182421,Active,116488,NA,NA,S,1,0,33046.05,124.8,2010,56,22.74,44.68
182422,Active,53553,NA,NA,D,7,1,65940.12875,48.99,2011,93,6.61,48.98
182423,Active,574613,NA,NA,S,8,1,6687399.77,75.95,2004,18,4.39,42.01
182424,Active,158395,NA,NA,D,7,1,1714442.57,226.6,2001,19,5.76,61.75
182425,Active,337317,NA,NA,D,8,1,890754.305,465.47,2007,15,14.98,311.95
182426,Active,1557435,NA,NA,D,28,1,1641243.173,167.95,2013,9,41.45,142.9
182427,Active,206428,NA,NA,D,2,1,2357971.526,50.5,1996,28,4,10.91
182428,Active,618745,NA,NA,S,6,1,581450.045,196,2000,30,4,77.33
182429,Active,630071,NA,NA,D,1,0,225134.1538,108.4,2009,35,30.93,72.48
182430,Active,147658,NA,NA,S,1,0,82893.1775,84.95,2011,28,31.19,0
182431,Active,637212,NA,NA,D,2,1,1199853.915,315,2007,24,71.37,118.99
182432,Active,2472750,NA,NA,D,3,1,6097973.339,96,2001,12,8.95,9.94
182433,Active,598839,NA,NA,D,3,1,619134.48,144,2004,21,4.35,82.17
182434,Active,288472,NA,NA,S,5,1,646669.1513,202,2009,38,5.75,102.87
182435,Active,143502,NA,NA,S,5,1,480903.5038,43,2007,18,25.99,43
182436,Active,622757,NA,NA,S,2,1,235378.5788,47.95,2006,63,6.16,37.66
182437,Active,55920,NA,NA,D,9,1,308570.7038,92.2,2008,43,9.57,24.73
182438,Active,55919,NA,NA,D,8,1,822940.7938,90.8,2002,68,4.35,44.43
182439,Active,1785819,NA,NA,D,1,0,117781,44.95,2014,41,39.25,39.29
182440,Active,2602158,NA,NA,D,0,0,441450.4288,39.99,1997,67,8.07,25.96
182441,Active,2107476,NA,NA,S,0,0,22551.625,99.99,2014,14,48.99,61.67
182442,Active,2595733,NA,NA,S,3,1,18357.16125,18.99,1988,135,7.38,14.44
182443,Active,701757,NA,NA,S,2,1,194502.01,42,2010,27,16.32,21.57
182444,Active,2398738,NA,NA,D,0,0,4919761.789,83.07,1967,23,4.92,48.81
182445,Active,286175,NA,NA,D,4,1,38061.7875,230.8,2007,96,8.7,65.81
182446,Active,177374,NA,NA,S,8,1,2687612.088,63.95,1997,42,4,13.09
182447,Active,54976,NA,NA,D,10,1,225832.0588,167.95,2005,73,4,9.23
182448,Active,54975,NA,NA,D,11,1,208692.91,174.95,2009,71,7.03,35.99
182449,Active,608449,NA,NA,D,10,1,783830.19,161.95,2006,31,4,27.51
182450,Active,545570,NA,NA,S,5,1,456139.1975,69.95,2012,21,35.18,38.05
182451,Active,280270,NA,NA,D,4,1,663252.3838,54.95,2008,18,14.3,81.77
182452,Active,2621713,NA,NA,D,2,1,6583912.589,100.95,1992,24,4,46.07
182453,Active,705109,NA,NA,D,4,1,730431.5538,137.93,2003,22,7.35,137.93
182454,Active,698877,NA,NA,S,5,1,2786375.239,99,2008,8,42.98,70.95
182455,Active,615636,NA,NA,D,5,1,76413.745,92.18,2008,42,17.99,93.7
182456,Active,291596,NA,NA,D,4,1,908578.1688,89.95,2001,35,3.99,24.99
182457,Active,169140,NA,NA,S,5,1,117501.5225,220.95,2006,66,34.74,93.47
182458,Active,617986,NA,NA,D,1,0,959024.4088,120.8,2007,31,4.49,43.24
182459,Active,622176,NA,NA,S,2,1,303158.3238,99.95,1980,50,31.29,80.8
182460,Active,616170,NA,NA,D,2,1,45384.03375,94.95,2012,86,8.83,53.15
182461,Active,658787,NA,NA,S,2,1,968881.1288,69.95,2013,31,14.19,59.66
182462,Active,255991,NA,NA,S,3,1,300181.9363,60,2001,46,20.59,53.99
182463,Active,906759,NA,NA,D,0,0,796601.5263,84.67,1989,23,15.23,83.66
182464,Active,2167498,NA,NA,S,4,1,83065.675,44.99,2014,20,18.99,27.77
182465,Active,2604254,NA,NA,S,2,1,476056.8075,89.99,2004,73,20.51,36.24
182466,Active,661043,NA,NA,S,2,1,113735.7625,59,2012,30,43.75,49.18
182467,Active,877930,NA,NA,D,5,1,588874.395,17.63,2010,46,9.71,10.29
182468,Active,229170,NA,NA,D,4,1,795398.2213,79.95,2008,160,4,5.73
182469,Active,610353,NA,NA,D,6,1,7560.89625,96,2013,136,6.08,15.15
182470,Active,142984,NA,NA,D,3,1,517239.0813,67,2006,22,10.1,141.98
182471,Active,2616593,NA,NA,D,2,1,4444532.424,0,1976,11,4,0
182472,Active,778243,NA,NA,D,0,0,2149930.751,64.95,2001,20,6.2,23.61
182473,Active,3574494,NA,NA,D,0,0,1293595.9,99,1996,29,25.29,63.32
182474,Active,870566,NA,NA,S,0,0,1280453.52,69.95,2013,23,4.3,46.42
182475,Active,620955,NA,NA,S,3,1,520793.3075,84.95,1993,42,26.92,42.59
182476,Active,2647145,NA,NA,D,0,0,4210925.774,33.95,1991,16,6.43,51.09
182477,Active,286049,NA,NA,S,0,0,343296.165,171.8,2003,64,5.23,133.7
182478,Active,2189268,NA,NA,D,0,0,3248267.731,79.99,2011,16,17.8,59.74
182479,Active,3512585,NA,NA,D,0,0,2483023.35,74.95,1994,25,4,19.59
182480,Active,152714,NA,NA,D,2,1,1195101.418,109,2002,28,10.03,46.42
182481,Active,263536,NA,NA,D,1,0,1297854.194,41.95,1999,29,4.95,33.99
182482,Active,913350,NA,NA,S,2,1,600883.555,109,2006,28,5.59,64.94
182483,Active,364941,NA,NA,D,2,1,4945104.165,75,2004,19,5.89,52.57
182484,Active,326413,NA,NA,D,4,1,90322.79375,69.99,2011,79,19.05,40.83
182485,Active,607801,NA,NA,D,3,1,1083782.573,64.99,2005,43,4,22.62
182486,Active,699494,NA,NA,S,2,1,1675884.53,65,1998,27,4.84,72.15
182487,Active,317921,NA,NA,D,5,1,2454244.138,118,1998,22,4.47,27.12
182488,Active,137547,NA,NA,D,4,1,298725.0313,192.4,2011,44,4.26,61.25
182489,Active,528520,NA,NA,D,3,1,2433002.851,147.67,2008,28,5.29,46.79
182490,Active,3843262,NA,NA,D,3,1,11772253.8,119,1999,18,28.7,64.19
182491,Active,619991,NA,NA,D,3,1,428374.3025,33.48,2005,25,8.48,38.82
182492,Active,618944,NA,NA,S,4,1,30352.73375,133,2010,35,10.79,68.99
182493,Active,867167,NA,NA,S,2,1,26580.56375,39.99,2014,31,23.52,25.56
182494,Active,3882980,NA,NA,S,0,0,28518.5,69.99,2015,18,52.2,50.66
182495,Active,198440,NA,NA,D,0,0,3008938.524,76.95,2006,23,3.99,45.56
182496,Active,920628,NA,NA,D,1,0,1601876.379,54.95,2008,54,3.99,13.94
182497,Active,614097,NA,NA,D,2,1,946371.5413,77,2011,84,4,12.21
182498,Active,644467,NA,NA,D,3,1,127972.0175,82,2013,107,3.83,11.49
182499,Active,652243,NA,NA,D,2,1,489961.25,121.2,2013,66,4.12,45.23
182500,Active,120695,NA,NA,D,1,0,876984.755,104,2010,56,4,26.68
182501,Active,1786199,NA,NA,S,2,1,522251.8288,54.95,2014,36,14.81,45.45
182502,Active,2109170,NA,NA,S,9,1,254462.9375,21.99,2014,31,4,15.66
182503,Active,2109096,NA,NA,S,17,1,363218.7838,31.99,2013,43,4,28.04
182504,Active,2108863,NA,NA,S,8,1,263369.8313,26.99,2013,33,3.99,18.77
182505,Active,534508,NA,NA,S,8,1,637347.5325,27.99,2011,65,4,8.81
182506,Active,2108856,NA,NA,S,8,1,45489.18125,25.99,2013,33,8,17.78
182507,Active,2109062,NA,NA,S,13,1,392419.22,31.99,2013,33,6.07,16.49
182508,Active,2108825,NA,NA,S,6,1,327829.2463,26.99,2012,32,5.8,23.37
182509,Active,2109087,NA,NA,S,7,1,441663.6625,25.99,2013,53,4.98,20.29
182510,Active,2109057,NA,NA,S,2,1,427665.925,27.99,2013,27,4,17.16
182511,Active,2109032,NA,NA,S,7,1,454557.5075,21.99,2012,42,4.62,15.98
182512,Active,2108831,NA,NA,S,9,1,339955.6213,24.99,2012,42,4,10.91
182513,Active,2109038,NA,NA,S,10,1,305864.8425,26.99,2013,36,4.21,11.98
182514,Active,2109092,NA,NA,S,11,1,175215.4563,22.99,2013,42,4,18.99
182515,Active,2108865,NA,NA,S,8,1,71641.4225,25.99,2013,26,6.78,23.39
182516,Active,861493,NA,NA,S,15,1,204163.3825,34.99,2013,37,7.12,25.97
182517,Active,528509,NA,NA,S,14,1,544320.6963,31.99,2011,46,4,18.75
182518,Active,2109151,NA,NA,S,11,1,80178.555,24.99,2014,32,7.23,19.42
182519,Active,528507,NA,NA,S,10,1,376623.66,25.99,2012,57,4,18.91
182520,Active,528506,NA,NA,S,12,1,619441.2588,28.99,2011,40,4,10
182521,Active,2109030,NA,NA,S,13,1,435316.4475,26.99,2012,24,8.38,15.88
182522,Active,2109099,NA,NA,S,11,1,11539.26875,27.99,2014,31,16.81,18.68
182523,Active,2108820,NA,NA,S,6,1,215512.79,19.99,2012,35,4,21.32
182524,Active,2109177,NA,NA,S,9,1,82062.5275,21.99,2014,42,8.31,15.86
182525,Active,2109706,NA,NA,S,10,1,15134.90875,21.99,2015,35,11.13,13.98
182526,Active,2109103,NA,NA,S,6,1,30297.3825,22.99,2014,45,10.99,15.78
182527,Active,2108846,NA,NA,S,12,1,68669.17625,39.99,2013,33,22.14,25.26
182528,Active,528500,NA,NA,S,16,1,226724.89,26.99,2012,26,6.76,42.12
182529,Active,2109710,NA,NA,S,10,1,36647.49375,27.99,2014,39,17.44,19.66
182530,Active,2109066,NA,NA,S,4,1,42529.73125,24.99,2014,39,13.21,17.01
182531,Active,534507,NA,NA,S,14,1,134696.1388,27.99,2012,40,4.77,23.99
182532,Active,2109119,NA,NA,S,12,1,78923.09625,27.99,2014,29,6.41,17.48
182533,Active,2108867,NA,NA,S,5,1,500620.5113,19.99,2012,45,4,14.47
182534,Active,2108759,NA,NA,S,3,1,153180.8513,19.99,2012,47,4.89,15.26
182535,Active,2108758,NA,NA,S,3,1,158570.7663,19.99,2012,28,4,13.8
182536,Active,1972801,NA,NA,S,2,1,286966.4775,70,2012,20,22.99,65.6
182537,Active,637629,NA,NA,S,1,0,128794.525,70,2013,17,30.99,39.94
182538,Active,612697,NA,NA,S,1,0,26419.55,53.32,2013,38,12.74,31.99
182539,Active,660673,NA,NA,S,1,0,14395.1,53.32,2013,22,31.76,32
182540,Active,1450959,NA,NA,S,1,0,40944.25,53.32,2013,27,22.48,31.63
182541,Active,649462,NA,NA,S,5,1,4858.06125,53.32,2013,47,28.95,0
182542,Active,612729,NA,NA,S,2,1,24669.64375,53.32,2013,39,17.99,0
182543,Active,664610,NA,NA,S,3,1,8773.775,53.32,2013,26,30.88,30
182544,Active,664140,NA,NA,S,1,0,24876.25875,53.32,2013,28,23.97,31.99
182545,Active,657874,NA,NA,S,4,1,5716.61,53.32,2013,29,31.76,0
182546,Active,1451394,NA,NA,S,1,0,11243.775,53.32,2013,30,30.88,31
182547,Active,2943127,NA,NA,D,0,0,871711.8513,42.6,2005,13,5.09,38
182548,Active,246808,NA,NA,D,0,0,553890.1438,41.27,2005,20,5.85,68.99
182549,Active,528498,NA,NA,D,2,1,226141.1313,47.33,2007,19,10.32,24.99
182550,Active,591741,NA,NA,D,2,1,68341.94375,55.99,2007,75,11.96,55.76
182551,Active,144358,NA,NA,D,2,1,1376677.823,109.8,2002,29,4.76,13.99
182552,Active,132780,NA,NA,S,4,1,127310.98,77.2,2009,85,4,37.98
182553,Active,132778,NA,NA,S,4,1,94834.9625,77.2,2009,79,4,33.72
182554,Active,287610,NA,NA,D,4,1,189989.8075,80.67,2009,34,8.3,22.89
182555,Active,132781,NA,NA,S,4,1,200735.48,77.2,2009,104,5.38,15
182556,Active,145201,NA,NA,D,3,1,1097466.92,72,2006,18,25.52,149.07
182557,Active,132909,NA,NA,S,4,1,62994.89625,105.6,2009,65,35.74,63.49
182558,Active,132910,NA,NA,S,4,1,131721.7675,79.4,2009,31,9.98,73.4
182559,Active,145025,NA,NA,S,0,0,65522.88125,162,2004,48,21.99,197.14
182560,Active,145537,NA,NA,S,1,0,29743.35,106.4,2007,56,35.43,114.79
182561,Active,53732,NA,NA,S,2,1,109935.6738,120.8,2008,55,47.57,64.97
182562,Active,132672,NA,NA,S,2,1,150028.5588,120.8,2008,48,43.79,80.74
182563,Active,557456,NA,NA,S,2,1,152852.3,77.2,2008,64,10.97,45.77
182564,Active,557458,NA,NA,S,2,1,191648.8975,77.2,2008,69,6.23,18.86
182565,Active,613512,NA,NA,S,2,1,377666.1988,77.2,2008,69,4.4,18.99
182566,Active,60977,NA,NA,D,1,0,679823.0725,67.6,2003,51,4,21.99
182567,Active,528488,NA,NA,S,2,1,1342302.133,65.93,2007,25,5.03,20.49
182568,Active,287616,NA,NA,S,2,1,307915.5175,68.8,2009,34,17.89,66.03
182569,Active,873388,NA,NA,S,2,1,702822.2013,24,2002,25,4,16.91
182570,Active,1930795,NA,NA,S,5,1,12279.30125,43.99,2014,21,32.78,33.35
182571,Active,118972,NA,NA,D,4,1,115040.6488,55.99,2008,71,6.98,38.98
182572,Active,678659,NA,NA,S,0,0,769385.8475,22,2000,29,13.04,65.03
182573,Active,117201,NA,NA,S,3,1,74078.8525,34.6,2004,34,10.47,0
182574,Active,888209,NA,NA,D,4,1,852734.9525,50.67,2006,14,8.95,0
182575,Active,528487,NA,NA,D,5,1,448428.1013,64,2009,22,23.39,26.64
182576,Active,528486,NA,NA,D,5,1,3054377.576,27.38,2009,11,18.41,0
182577,Active,247175,NA,NA,S,4,1,765852.9775,47.95,2010,26,35.04,40.11
182578,Active,557411,NA,NA,S,2,1,82650.355,71,2007,35,23.35,45.49
182579,Active,133102,NA,NA,S,6,1,484490.7188,122.6,2010,92,4,18.95
182580,Active,133101,NA,NA,S,6,1,217386.6075,129,2010,56,4.31,12.81
182581,Active,607729,NA,NA,S,5,1,2229568.723,86,2007,44,4,5.05
182582,Active,631662,NA,NA,S,2,1,587215.9963,69.33,2008,32,4.98,37
182583,Active,286133,NA,NA,S,0,0,851798.7025,53.47,2004,32,4.98,40.99
182584,Active,915413,NA,NA,D,0,0,1362780.209,52.66,2005,42,4,34.68
182585,Active,617799,NA,NA,D,2,1,1129742.906,69.33,2007,28,5.6,73.21
182586,Active,633786,NA,NA,D,2,1,306896.3488,81,2012,34,7.73,49.89
182587,Active,620829,NA,NA,D,2,1,478261.3338,66.07,2007,48,5.99,57.98
182588,Active,905507,NA,NA,S,0,0,702293.5438,37.6,2007,33,7.47,15
182589,Active,905610,NA,NA,S,4,1,1595411.436,50.93,2007,17,5.98,28.99
182590,Active,2631462,NA,NA,D,2,1,431956.71,45,2000,15,13.92,77.35
182591,Active,3544288,NA,NA,D,0,0,5574002.8,96.54,1990,16,4.22,60.07
182592,Active,876946,NA,NA,D,9,1,270713.1763,34.38,2009,48,4,21
182593,Active,533375,NA,NA,D,10,1,231843.035,90.4,2012,63,4.99,43.77
182594,Active,56142,NA,NA,D,8,1,215680.4225,68.6,2007,107,3.99,18.99
182595,Active,181181,NA,NA,S,1,0,134821.965,39.15,2002,35,16.79,20.99
182596,Active,54468,NA,NA,D,8,1,91014.6825,93.4,2010,63,5.13,42.98
182597,Active,133088,NA,NA,D,7,1,1764033.991,68,2009,40,4,8.62
182598,Active,54467,NA,NA,D,7,1,1212192.134,93.4,2009,66,3.98,4.36
182599,Active,133087,NA,NA,D,7,1,853607.1725,100.2,2009,113,4,18.99
182600,Active,740596,NA,NA,S,3,1,9371618.474,60,2004,11,8.42,33.98
182601,Active,144847,NA,NA,S,3,1,1521120.073,52,2004,33,4,47.85
182602,Active,133097,NA,NA,S,4,1,1087371.981,79.8,2009,32,4,57.99
182603,Active,618276,NA,NA,D,3,1,183144.6713,167.95,2009,84,4,41.98
182604,Active,860855,NA,NA,S,9,1,932976.53,29.99,2012,33,4,30.98
182605,Active,591710,NA,NA,S,1,0,73436.725,54.99,2011,15,53.1,37.09
182606,Active,265324,NA,NA,S,2,1,79242.60375,74,2010,30,42.49,54.97
182607,Active,265301,NA,NA,D,1,0,374789.1325,59,2004,28,4.39,40
182608,Active,758581,NA,NA,D,1,0,570278.7913,100,1999,40,4,15
182609,Active,560880,NA,NA,S,6,1,516072.845,112,2005,81,4.04,28.78
182610,Active,114666,NA,NA,D,1,0,573396.74,27.4,2003,48,4,12.24
182611,Active,117357,NA,NA,D,2,1,244141.9963,40.2,2006,126,4,9.21
182612,Active,875994,NA,NA,D,0,0,1095307.381,24.95,2003,26,28.95,92.53
182613,Active,114302,NA,NA,D,0,0,57738.19,81.6,2002,51,31.2,61.43
182614,Active,293636,NA,NA,D,2,1,466370.1063,56.04,2010,24,4,7.99
182615,Active,224358,NA,NA,S,3,1,3003492.838,62.95,2003,29,4,21.49
182616,Active,905259,NA,NA,S,2,1,1251318.924,37.53,2006,26,4.46,31.72
182617,Active,910827,NA,NA,D,3,1,516159.475,13.39,2009,35,4,13.39
182618,Active,610454,NA,NA,D,4,1,4698.4375,79.95,2012,136,10.13,42.99
182619,Active,563689,NA,NA,D,3,1,30892.4775,49.45,2010,101,5.98,0
182620,Active,57257,NA,NA,D,3,1,334333.5263,24.98,2009,50,7.9,28.98
182621,Active,56314,NA,NA,S,3,1,118699.8613,30.31,2000,51,4,28.47
182622,Active,876847,NA,NA,D,0,0,241304.6675,17.95,2006,39,4,14.99
182623,Active,56311,NA,NA,D,4,1,150327.925,43.98,2005,56,4.47,15.88
182624,Active,56312,NA,NA,D,5,1,77128.87375,111.17,2009,59,9.2,73.87
182625,Active,160726,NA,NA,S,0,0,799764.8025,5.95,2009,53,4,5.95
182626,Active,529480,NA,NA,D,3,1,402207.8713,88.99,2012,32,52.6,65.15
182627,Active,113058,NA,NA,D,2,1,647054.5125,83.95,2006,39,4,48.99
182628,Active,511322,NA,NA,S,0,0,66949.05,90,2009,29,52.99,56.49
182629,Active,544689,NA,NA,D,14,1,6607.6325,101.95,2013,67,25.06,73.98
182630,Active,52278,NA,NA,D,12,1,56338.53125,224.95,2006,229,4,22.43
182631,Active,52277,NA,NA,S,11,1,643211.6113,162.95,2004,161,3.97,7.99
182632,Active,52276,NA,NA,D,13,1,42688.71375,233.95,2010,151,8.37,37.3
182633,Active,1701335,NA,NA,S,2,1,778367.79,17.95,2007,37,4,8.15
182634,Active,248909,NA,NA,D,4,1,935316.1625,93.95,2006,23,19.34,50.99
182635,Active,545943,NA,NA,S,5,1,135477.2613,94.95,2013,25,39.94,66.99
182636,Active,1441488,NA,NA,S,4,1,685991.805,254.75,2014,33,54.73,141.52
182637,Active,705705,NA,NA,S,8,1,2284273.266,88.99,2011,14,25.41,47.39
182638,Active,877999,NA,NA,S,8,1,693319.025,42.98,2005,54,4,24.94
182639,Active,549895,NA,NA,D,7,1,1813423.599,67.46,2007,21,4.18,54.14
182640,Active,110384,NA,NA,D,10,1,62455.1625,139.7,2011,40,19.98,73.99
182641,Active,54854,NA,NA,D,9,1,337720.1725,28.99,2008,52,7.78,19.39
182642,Active,633325,NA,NA,S,0,0,32454.525,69.99,2009,26,48.81,53.5
182643,Active,629190,NA,NA,S,4,1,168965.2825,39.95,2012,26,13.44,24.23
182644,Active,620811,NA,NA,D,3,1,748582.1625,164,2008,38,7.88,33.48
182645,Active,164325,NA,NA,D,2,1,285938.685,127.5,2004,35,4,40.64
182646,Active,162641,NA,NA,S,3,1,769707.5938,39.95,2008,30,4,68.61
182647,Active,1724361,NA,NA,S,0,0,35557.175,85,2009,31,41.12,53.85
182648,Active,1866715,NA,NA,S,0,0,17935.6,125,2012,19,0,81.07
182649,Active,1815255,NA,NA,S,0,0,24416.45,47.97,2014,9,31,28.1
182650,Active,1779626,NA,NA,S,6,1,283961.5063,39.95,2014,21,22.81,30.28
182651,Active,646823,NA,NA,D,0,0,1948720.691,0,1999,17,7.95,48.99
182652,Active,2020568,NA,NA,S,0,0,27557.75,75,2011,35,33.97,42.98
182653,Active,286941,NA,NA,S,0,0,335203.56,35,1995,43,6.24,23.98
182654,Active,292483,NA,NA,S,2,1,62409.76125,46,1998,39,15.99,39.61
182655,Active,862149,NA,NA,S,5,1,49414.0475,24.95,2014,33,9.84,17.92
182656,Active,2030070,NA,NA,S,3,1,10943.88375,11.99,2010,43,7.12,10.1
182657,Active,2619102,NA,NA,D,1,0,2900852.321,52.95,1996,24,4,43.98
182658,Active,177464,NA,NA,S,2,1,222464.9238,199.95,2000,36,21.93,0
182659,Active,897060,NA,NA,S,1,0,835568.58,42,2006,21,17.96,33.23
182660,Active,3560367,NA,NA,D,0,0,873494.15,49,2002,35,10.42,53.98
182661,Active,625242,NA,NA,S,7,1,739913.7488,153.99,2011,24,22.88,42.35
182662,Active,2663176,NA,NA,D,5,1,2836123.679,100,1990,33,4,38.47
182663,Active,644027,NA,NA,D,3,1,521600.3025,85,2008,31,53.89,76.94
182664,Active,702428,NA,NA,S,5,1,437489.8325,22,2013,123,4,10.95
182665,Active,528456,NA,NA,S,3,1,623732.0413,49.99,2010,37,4,28.98
182666,Active,1781226,NA,NA,S,4,1,88099.89625,59.99,2015,20,22.83,35.6
182667,Active,639704,NA,NA,D,3,1,535636.1813,59.99,2013,43,13.08,16.46
182668,Active,629549,NA,NA,D,2,1,1098184.221,59.99,2009,33,4.75,13.96
182669,Active,528455,NA,NA,S,2,1,478414.5475,31.99,2009,37,14.42,19.98
182670,Active,528454,NA,NA,S,3,1,104408.5663,28.95,2012,39,9.51,10.6
182671,Active,664199,NA,NA,S,3,1,77531.4925,54.95,2013,55,23.99,38.43
182672,Active,610044,NA,NA,S,4,1,79100.1325,56.99,2012,49,29.67,42.52
182673,Active,110439,NA,NA,S,4,1,122841.9,130.25,2008,27,53.3,103.87
182674,Active,630070,NA,NA,S,2,1,171408.6163,45.5,2009,58,5.17,31.18
182675,Active,753934,NA,NA,D,1,0,1878059.651,110,2009,25,4.37,45.1
182676,Active,754070,NA,NA,D,1,0,868159.895,124,2011,47,38.37,81.62
182677,Active,1826388,NA,NA,S,9,1,16905.3,118.95,2014,41,47.21,52.84
182678,Active,528451,NA,NA,S,2,1,330601.1563,49.99,2010,39,6.22,18.94
182679,Active,862150,NA,NA,D,4,1,1511181.773,175,2015,22,59.49,81.99
182680,Active,203752,NA,NA,D,4,1,820871.7275,180.99,2007,22,83.98,138.94
182681,Active,2664101,NA,NA,D,3,1,2228417.853,99.99,1996,25,8.8,63.73
182682,Active,528450,NA,NA,S,2,1,336391.92,71,2012,38,24.85,34.27
182683,Active,392262,NA,NA,D,1,0,2394239.49,74.95,2004,21,25.52,82.93
182684,Active,528449,NA,NA,D,2,1,463065.7225,74.99,2009,34,10.11,56.84
182685,Active,904565,NA,NA,D,1,0,2923456.304,209.99,2007,17,8.67,23.75
182686,Active,111432,NA,NA,D,1,0,1548535.71,9.55,2010,27,4.29,85.67
182687,Active,244151,NA,NA,D,2,1,241835.5925,69.95,2011,56,4.74,12.69
182688,Active,766995,NA,NA,D,1,0,1449072.788,64.95,2009,32,4,5.99
182689,Active,867464,NA,NA,S,3,1,22200.28625,79.95,2014,58,30.99,65.87
182690,Active,567776,NA,NA,D,1,0,384339.8275,88.95,2010,37,4,20.49
182691,Active,627845,NA,NA,D,2,1,307013.385,79.95,2013,83,4,31.99
182692,Active,111323,NA,NA,D,2,1,978618.9413,7.83,2010,64,4,7.83
182693,Active,528448,NA,NA,D,3,1,162944.7725,599.49,2012,114,4.43,72.33
182694,Active,706202,NA,NA,D,4,1,7705.4475,113.25,2014,115,7.32,43.18
182695,Active,865226,NA,NA,S,3,1,9126.4425,116.5,2014,75,9.98,62.33
182696,Active,416637,NA,NA,D,2,1,435593.4525,8.96,2011,113,4,23.56
182697,Active,550802,NA,NA,D,1,0,953713.3313,79.12,2009,39,4,37.18
182698,Active,110201,NA,NA,D,1,0,516842.5125,121.75,2011,74,4,19.27
182699,Active,538836,NA,NA,D,2,1,40871.53875,136,2013,90,6.82,58.67
182700,Active,538711,NA,NA,D,2,1,380590.0925,156.25,2013,32,12.19,142.37
182701,Active,533790,NA,NA,D,2,1,917479.5188,18.49,2010,69,3,16.46
182702,Active,538595,NA,NA,D,2,1,669332.8263,8.99,2010,156,4,8.89
182703,Active,862152,NA,NA,D,4,1,2986.3975,113.25,2014,177,7.98,23.98
182704,Active,614851,NA,NA,D,3,1,35762.4875,56.71,2012,146,4,43.3
182705,Active,111917,NA,NA,D,1,0,614465.1,28.49,2011,35,5.64,26.49
182706,Active,538831,NA,NA,D,2,1,251777.6375,43.99,2013,72,6.49,50.58
182707,Active,647430,NA,NA,D,2,1,662204.9325,173.75,2013,32,4.94,29.7
182708,Active,111910,NA,NA,D,1,0,55061.78875,48.35,2011,105,6.25,18.98
182709,Active,538458,NA,NA,D,2,1,256116.32,24.98,2012,70,5.92,48.33
182710,Active,111916,NA,NA,S,1,0,82789.82125,113.25,2011,73,14.5,62.99
182711,Active,1437135,NA,NA,S,3,1,336849.665,175,2013,56,15.04,32.11
182712,Active,2028233,NA,NA,S,0,0,253952.865,40,2008,23,18.48,26.42
182713,Active,807848,NA,NA,D,0,0,666395.9413,59.99,2010,24,16.45,33.95
182714,Active,807850,NA,NA,S,0,0,514745.2088,89.99,2010,13,47.08,56.5
182715,Active,896979,NA,NA,S,0,0,410403.7775,84.99,2014,16,54.53,45.44
182716,Active,797464,NA,NA,S,0,0,459595.5325,74.99,2013,21,41.7,43.42
182717,Active,614066,NA,NA,S,1,0,267195.7838,25.36,2003,68,4,13.98
182718,Active,537907,NA,NA,S,2,1,1309764.549,105,1997,24,6.99,46.99
182719,Active,539618,NA,NA,D,4,1,173953.315,236,2010,33,60.15,128.99
182720,Active,114844,NA,NA,D,4,1,113557.2113,198,2003,36,22.6,115.97
182721,Active,849342,NA,NA,D,3,1,727100.8525,123.33,1998,32,5.76,88.09
182722,Active,625304,NA,NA,D,1,0,690614.2688,83.95,2009,23,37.44,65.98
182723,Active,658223,NA,NA,S,1,0,38557.30625,74.99,2012,28,40.84,57.63
182724,Active,905161,NA,NA,S,2,1,200104.3563,79.95,2014,29,53.94,59.64
182725,Active,698281,NA,NA,D,1,0,736550.1738,103.25,1997,29,16.65,44.8
182726,Active,907589,NA,NA,D,0,0,3770319.86,189,1986,18,23.98,126
182727,Active,3811906,NA,NA,S,2,1,32147.45,54.99,2015,15,39.4,35.99
182728,Active,644148,NA,NA,D,0,0,725488.1,39.95,2005,35,16.72,71.34
182729,Active,888973,NA,NA,S,2,1,109224.0525,49.95,2013,32,40.61,41.98
182730,Active,55916,NA,NA,S,6,1,981052.475,97,1998,31,7.22,38.98
182731,Active,55917,NA,NA,D,9,1,111880.395,203,2009,49,22.74,105.2
182732,Active,55913,NA,NA,S,7,1,324045.7163,163.2,2001,37,8.02,33.94
182733,Active,55915,NA,NA,S,5,1,1124842.479,85,1995,37,5.79,18.99
182734,Active,55914,NA,NA,D,8,1,227514.2313,214,2005,43,12.34,43.98
182735,Active,667163,NA,NA,D,4,1,934973.4838,60,2001,22,8.98,73.59
182736,Active,663544,NA,NA,D,5,1,164342.0925,66.64,2013,33,20.96,121.89
182737,Active,897639,NA,NA,D,2,1,2075913.241,48,2005,14,10.99,27.09
182738,Active,766228,NA,NA,D,5,1,1593433.56,167.95,2004,30,4,87.97
182739,Active,3238970,NA,NA,D,5,1,4562994.046,22.54,2004,34,11.21,50.83
182740,Active,2362188,NA,NA,D,3,1,808979.6588,111,2005,19,23.67,27.98
182741,Active,295959,NA,NA,S,23,1,999988.9863,75,1988,25,25.97,91.21
182742,Active,223572,NA,NA,S,25,1,245316.6,89.95,1996,27,38.97,51.87
182743,Active,223576,NA,NA,D,27,1,605944.7238,89.95,2004,30,34.97,79.58
182744,Active,117556,NA,NA,D,3,1,414347.4238,167.8,2004,30,4,27.99
182745,Active,111355,NA,NA,D,2,1,794481.1875,178.9,2010,27,39.98,78.98
182746,Active,546498,NA,NA,D,8,1,36045.93625,93.28,2004,45,15.48,43.55
182747,Active,599120,NA,NA,S,8,1,642545.9825,24,2004,34,4.63,23.99
182748,Active,655122,NA,NA,S,13,1,198696.1425,68.95,2013,26,32.97,55.8
182749,Active,159518,NA,NA,D,11,1,3309100.61,70.95,2005,21,4.97,72.55
182750,Active,638627,NA,NA,S,4,1,1248857.16,179.99,2006,29,11.03,11.04
182751,Active,622672,NA,NA,S,11,1,2004427.394,84.95,2009,13,16.5,68.57
182752,Active,658067,NA,NA,S,2,1,144243.0638,102,2013,34,60.81,59.62
182753,Active,177300,NA,NA,S,2,1,562084.4163,179.95,2000,42,20.16,90.67
182754,Active,230353,NA,NA,D,1,0,3722844.095,45.95,1997,25,4,19.86
182755,Active,169166,NA,NA,S,2,1,361187.0463,110.95,2006,37,4.02,97.07
182756,Active,287869,NA,NA,S,3,1,492610.6138,58,2010,53,9.93,49.16
182757,Active,576934,NA,NA,S,8,1,730524.3425,49.95,2005,58,12.08,45.72
182758,Active,3726560,NA,NA,D,0,0,2589452.25,74.95,2007,31,6.3,31.19
182759,Active,639236,NA,NA,S,2,1,970904.19,69.95,2009,95,13.89,43.99
182760,Active,573887,NA,NA,D,0,0,1228497.209,70,2008,35,7.91,23
182761,Active,2569447,NA,NA,D,3,1,7002744.449,32.99,1990,17,4.75,32.99
182762,Active,916372,NA,NA,D,9,1,3609352.965,20.9,2012,30,2.93,6.91
182763,Active,612639,NA,NA,S,11,1,731949.4588,173.13,2013,31,32.36,166.89
182764,Active,552946,NA,NA,S,5,1,1293119.439,83.4,1995,24,4,49.24
182765,Active,50147,NA,NA,S,4,1,253879.07,168,2005,103,4,19.99
182766,Active,747005,NA,NA,S,2,1,373832.9788,102.5,2011,12,27.63,73.82
182767,Active,50293,NA,NA,D,10,1,125493.1688,66.9,2010,83,4.98,61.65
182768,Active,566686,NA,NA,D,4,1,2869215.184,57.65,1993,20,4,23.99
182769,Active,288627,NA,NA,D,6,1,557936.905,173.33,2007,111,4,18.29
182770,Active,563713,NA,NA,D,0,0,896389.8188,13.99,2009,37,4,25.99
182771,Active,533663,NA,NA,D,14,1,55802.735,284.95,2012,98,11.16,48.99
182772,Active,626204,NA,NA,S,19,1,779075.1163,24.99,2011,30,4.98,44.16
182773,Active,50638,NA,NA,S,4,1,2926019.216,139.4,2005,38,4,12.99
182774,Active,545192,NA,NA,D,3,1,3236.74375,73,2012,153,11.56,43.99
182775,Active,60605,NA,NA,D,10,1,1262185.725,155.2,2005,38,4.13,4.96
182776,Active,329843,NA,NA,D,3,1,312767.5963,193.33,2007,50,4,18.99
182777,Active,550972,NA,NA,D,10,1,2065123.269,247.04,2010,25,5.74,118.37
182778,Active,543821,NA,NA,D,9,1,65358.42125,271.95,2012,58,12.2,42.98
182779,Active,561978,NA,NA,S,6,1,5432861.816,71.91,2006,15,7.94,58.99
182780,Active,556135,NA,NA,D,3,1,2232624.55,74,2002,33,4.77,43.94
182781,Active,53266,NA,NA,S,5,1,799601.5225,13.79,2003,160,4,10.53
182782,Active,609911,NA,NA,D,8,1,20084.8625,247.4,2013,71,9.33,27.09
182783,Active,625675,NA,NA,D,3,1,468979.0963,30,2012,68,4.36,18.99
182784,Active,539084,NA,NA,D,7,1,403933.3875,133,2002,41,4,31.99
182785,Active,528441,NA,NA,D,11,1,246331.845,45.55,2010,65,19.48,20
182786,Active,649678,NA,NA,S,4,1,809547.175,173.13,2012,24,14.57,14.98
182787,Active,716306,NA,NA,S,7,1,1254807.449,251.87,2011,36,14.48,0
182788,Active,252759,NA,NA,S,1,0,79039.4575,128.31,2010,60,16.74,95.36
182789,Active,144580,NA,NA,S,5,1,1339335.591,119,2003,55,4,7.98
182790,Active,50639,NA,NA,D,7,1,158108.5125,225,2011,69,5.99,23.99
182791,Active,110998,NA,NA,D,1,0,365092.2325,162,2009,56,4,25.98
182792,Active,609858,NA,NA,D,8,1,26129.54875,280.6,2013,118,13.96,64.98
182793,Active,617817,NA,NA,S,2,1,428507.5313,85,1998,31,7.69,0
182794,Active,528438,NA,NA,D,7,1,176491.18,245.2,2010,119,6.89,34.31
182795,Active,50141,NA,NA,D,9,1,374079.1663,307.95,2008,56,4,5.69
182796,Active,50148,NA,NA,D,5,1,479361.2925,193.33,2008,49,4.42,31.98
182797,Active,874717,NA,NA,D,3,1,939499.8975,49.31,2007,41,5.77,23.98
182798,Active,534003,NA,NA,D,18,1,238076.2075,43.76,2008,211,4,29.45
182799,Active,637535,NA,NA,S,1,0,94840.92125,276.25,2013,50,11.84,23.98
182800,Active,621385,NA,NA,D,9,1,179023.015,224.4,2008,34,16.22,75.15
182801,Active,922945,NA,NA,D,5,1,74719.12875,175.2,2014,98,8.43,25.9
182802,Active,52520,NA,NA,S,11,1,1790876.869,172.95,2005,53,3.99,13.99
182803,Active,52522,NA,NA,D,13,1,233679.69,313.95,2010,94,4.15,29.78
182804,Active,879131,NA,NA,S,13,1,700313.4563,57.43,2009,27,6.74,57.62
182805,Active,53267,NA,NA,D,6,1,158982.5375,19.74,2006,184,3.33,18.5
182806,Active,148259,NA,NA,S,7,1,1448452.806,162.95,2005,43,3.93,4.78
182807,Active,535691,NA,NA,S,3,1,96305.47,74.43,2012,39,21.84,75.63
182808,Active,561013,NA,NA,D,1,0,97028.99875,269.6,2011,83,9.75,28.98
182809,Active,574383,NA,NA,D,6,1,1261913.09,37.3,2006,39,4,43.97
182810,Active,50149,NA,NA,D,5,1,159502.6088,216.4,2010,45,8.99,36.49
182811,Active,664374,NA,NA,S,8,1,691777.5713,188.53,2013,22,22.13,142.96
182812,Active,120774,NA,NA,D,1,0,717881.9888,245.2,2011,46,4.14,23.98
182813,Active,539393,NA,NA,S,2,1,83914.03375,280.6,2012,54,17.88,86.44
182814,Active,552378,NA,NA,D,8,1,130537.2013,86.67,2004,32,4.78,48.69
182815,Active,540283,NA,NA,S,5,1,94455.3475,105,1997,40,16.61,48.3
182816,Active,534015,NA,NA,D,11,1,142919.05,210,2008,34,5.2,68.99
182817,Active,50140,NA,NA,D,10,1,353158.475,273.95,2010,76,4,80.84
182818,Active,561783,NA,NA,S,2,1,502062.7725,228.95,2001,34,4.73,88.38
182819,Active,147924,NA,NA,S,3,1,371918.7725,174.95,2003,30,6.99,42.26
182820,Active,550241,NA,NA,D,10,1,239679.1925,61.17,2007,46,5.33,28.98
182821,Active,50292,NA,NA,D,9,1,299994.4838,23.49,2008,61,4,23.1
182822,Active,670659,NA,NA,S,2,1,610119.9038,96.73,2011,23,4.98,0
182823,Active,291697,NA,NA,D,9,1,575787.8175,313.95,2011,70,6.95,41.99
182824,Active,594074,NA,NA,D,8,1,297382.635,297.95,2010,26,37.99,81.25
182825,Active,544211,NA,NA,D,10,1,26743.73375,284.95,2012,84,12.33,22.46
182826,Active,607915,NA,NA,D,2,1,1005964.289,150.67,2004,43,4,9.98
182827,Active,541256,NA,NA,D,2,1,66222.005,48.99,2011,64,10.38,48.99
182828,Active,609892,NA,NA,D,8,1,27324.56375,284.95,2012,62,34.08,96.86
182829,Active,54221,NA,NA,D,7,1,82827.16,313.95,2010,55,30.37,117.09
182830,Active,879323,NA,NA,S,5,1,1612326.784,60.49,2006,43,6.53,31.27
182831,Active,54220,NA,NA,D,6,1,95577.97625,227.95,2008,43,4.49,48.99
182832,Active,54219,NA,NA,D,5,1,858531.7413,216.95,2007,74,4,25.43
182833,Active,201764,NA,NA,D,0,0,189411.2225,49.95,2008,100,4,9.99
182834,Active,916564,NA,NA,S,2,1,36365.9975,65.95,2013,34,32.98,43.11
182835,Active,175270,NA,NA,D,0,0,1133210.35,45,2003,22,4,37.34
182836,Active,298777,NA,NA,S,2,1,1033331.259,40.5,2011,15,5.99,75.71
182837,Active,252843,NA,NA,D,2,1,361351.0575,78.02,2011,47,10.76,38.08
182838,Active,52521,NA,NA,D,12,1,269626.1713,344.95,2008,68,4,17.23
182839,Active,53268,NA,NA,D,7,1,61601.37375,48.48,2010,106,6.99,30.42
182840,Active,50640,NA,NA,D,6,1,853433.3738,200,2009,81,4,47.95
182841,Active,613013,NA,NA,D,9,1,488417.4025,186.67,2009,112,4,7.99
182842,Active,574394,NA,NA,D,2,1,58151.89375,49.69,2009,153,4.99,44.67
182843,Active,1455205,NA,NA,S,5,1,282000.35,188.53,2014,35,21.79,128.99
182844,Active,744486,NA,NA,D,2,1,8985081.916,160.95,2002,32,4,12.49
182845,Active,561923,NA,NA,D,3,1,3187719.699,219.95,2004,40,4.48,8.98
182846,Active,53037,NA,NA,D,12,1,11149.125,287.95,2011,94,8.93,33.99
182847,Active,879328,NA,NA,S,11,1,323164.66,59.14,2007,23,7.24,114.82
182848,Active,692433,NA,NA,S,9,1,3092778.048,161.95,2002,27,4,16.93
182849,Active,53036,NA,NA,D,11,1,498523.1125,253.95,2008,62,4.7,47.57
182850,Active,53038,NA,NA,D,11,1,201011.925,242.95,2010,36,4.36,28.74
182851,Active,538577,NA,NA,S,8,1,1206646.445,58.44,2009,24,4.47,58.69
182852,Active,148611,NA,NA,D,8,1,575244.795,313.95,2008,64,5.07,38.87
182853,Active,50036,NA,NA,S,10,1,2063616.406,10.95,2005,48,3.99,10.95
182854,Active,620228,NA,NA,S,1,0,527835.33,83.95,2012,57,5.41,28.27
182855,Active,613631,NA,NA,D,1,0,1628203.158,109.95,2009,50,3.88,10.35
182856,Active,55910,NA,NA,D,5,1,76861.6475,339.95,2006,88,11.73,44.21
182857,Active,55907,NA,NA,D,6,1,10936.7225,328.95,2010,81,30.99,53.64
182858,Active,910963,NA,NA,S,5,1,308058.4088,102.65,2006,11,38.67,79.66
182859,Active,182650,NA,NA,D,4,1,162004.475,33.95,2002,85,4,36.99
182860,Active,850323,NA,NA,S,3,1,607730.4988,104.36,1999,68,3.98,24.93
182861,Active,647117,NA,NA,S,3,1,791798.7738,34.99,2012,29,4,0
182862,Active,535693,NA,NA,S,12,1,566234.445,24.99,2013,51,4,8.48
182863,Active,163362,NA,NA,S,11,1,868379.43,24.99,2011,70,4,5.4
182864,Active,110599,NA,NA,D,7,1,219954.0963,48.45,2010,125,5.02,48.17
182865,Active,108645,NA,NA,S,5,1,1162617.82,138.61,2004,55,4,49.63
182866,Active,109834,NA,NA,D,6,1,160901.75,43.95,2007,69,4,17.3
182867,Active,541453,NA,NA,S,3,1,1282162.375,41.95,2011,25,6.95,22.98
182868,Active,3810871,NA,NA,S,2,1,129968.4,49.99,2013,19,39.84,49.8
182869,Active,2205685,NA,NA,S,0,0,79578.55,69.99,2013,17,43.98,49.28
182870,Active,539708,NA,NA,S,2,1,213905.7313,56.95,2008,49,18.9,51.89
182871,Active,2596644,NA,NA,S,1,0,342854.0738,44.99,1990,32,11.96,33.24
182872,Active,1529204,NA,NA,S,0,0,4073.725,139.72,2008,24,54.97,69.88
182873,Active,257047,NA,NA,S,4,1,1225110.705,56.75,1996,38,4,28.05
182874,Active,109400,NA,NA,D,6,1,1455916.58,602.99,2004,43,4,16.24
182875,Active,112096,NA,NA,D,8,1,137191.6625,264.77,2009,40,17.95,59.99
182876,Active,110400,NA,NA,D,7,1,76413.04875,112.77,2006,50,4.21,28.94
182877,Active,2592228,NA,NA,S,2,1,1063316.733,64.99,1992,33,5.22,43.99
182878,Active,761762,NA,NA,D,1,0,3551172.62,171,2006,15,65,183.98
182879,Active,165055,NA,NA,D,1,0,1269784.311,361,1999,21,53.94,100
182880,Active,830289,NA,NA,S,2,1,1879900.911,59.95,1996,28,4,67.41
182881,Active,2750556,NA,NA,S,2,1,2635612.514,299,1996,12,5.92,56.48
182882,Active,203343,NA,NA,S,3,1,1953819.93,299,2002,12,23.38,78.75
182883,Active,1575582,NA,NA,S,1,0,26537.25,75,2014,11,53.89,52.69
182884,Active,539113,NA,NA,D,0,0,325079.095,135.5,2005,119,4,10.98
182885,Active,639143,NA,NA,S,0,0,22880.35,117.5,2010,29,41.25,96.89
182886,Active,421769,NA,NA,S,0,0,33475.655,135.5,2006,120,7.98,27.99
182887,Active,637092,NA,NA,S,0,0,37547.725,135.5,2009,38,23.97,70.49
182888,Active,286082,NA,NA,D,0,0,184345.6513,135.5,2005,153,5.04,17.69
182889,Active,875766,NA,NA,S,0,0,499676.1638,101.5,2001,91,4.14,6.19
182890,Active,1538013,NA,NA,S,2,1,373483.705,46.95,2008,32,17.82,37.49
182891,Active,164944,NA,NA,S,2,1,651552.38,95,1999,57,4,16.33
182892,Active,290088,NA,NA,D,2,1,399284.5888,134.72,2006,28,4.46,36.24
182893,Active,166711,NA,NA,D,3,1,234148.755,52.99,2008,64,11.48,18.99
182894,Active,153631,NA,NA,S,1,0,284132.9963,39.95,2008,25,11.69,22.63
182895,Active,700771,NA,NA,S,11,1,1671701.729,307,2006,23,18.55,74.75
182896,Active,614890,NA,NA,S,5,1,1372746.64,150.4,2006,47,4.39,14.97
182897,Active,761440,NA,NA,D,1,0,692173.525,122.5,2007,14,9.94,48.97
182898,Active,641448,NA,NA,D,2,1,127478.2463,49.95,2010,28,32.37,36.06
182899,Active,543337,NA,NA,S,2,1,54521.1775,54.95,2012,46,36.98,43.05
182900,Active,3467520,NA,NA,D,5,1,1292117.7,125,1994,38,4.57,20.47
182901,Active,2832448,NA,NA,D,1,0,2418289.041,133.95,2001,22,30.33,63.99
182902,Active,662001,NA,NA,S,2,1,1111960.3,105,2004,22,48.39,85.35
182903,Active,315265,NA,NA,S,2,1,1483271.485,96,1997,20,18.74,63.98
182904,Active,907060,NA,NA,D,1,0,1970932.265,79.95,1999,22,5.22,23.99
182905,Active,700950,NA,NA,D,2,1,996900.14,89.95,2005,26,8.96,79.78
182906,Active,528422,NA,NA,S,5,1,42597.64875,278.95,2012,52,44.49,49.43
182907,Active,170162,NA,NA,D,4,1,869194.75,286.95,2010,54,4,18.99
182908,Active,183724,NA,NA,D,4,1,210096.545,314.95,2008,52,5.02,20.32
182909,Active,2698402,NA,NA,D,4,1,885564.9188,119,2005,25,35.54,96.57
182910,Active,2699305,NA,NA,D,7,1,907063.4388,111,2005,25,21.98,238.11
182911,Active,2697192,NA,NA,D,6,1,2044225.173,72.95,2001,29,6.15,49.31
182912,Active,555278,NA,NA,S,3,1,232222.7363,98.95,1994,39,4.98,42.47
182913,Active,553504,NA,NA,S,2,1,297445.3988,120.4,1994,71,4,34.99
182914,Active,170111,NA,NA,D,0,0,1089276.233,169.95,2012,44,4,35
182915,Active,55903,NA,NA,D,0,0,1991313.231,178.95,2011,52,4,4.41
182916,Active,185080,NA,NA,S,1,0,61470.175,143.95,1999,22,52.63,60.45
182917,Active,185161,NA,NA,S,1,0,36868.05,143.95,2000,27,37.39,51.84
182918,Active,572739,NA,NA,D,1,0,822686.3175,141.95,1991,41,4,23.94
182919,Active,182835,NA,NA,D,2,1,469476.9625,141.95,2006,37,5.98,59.99
182920,Active,182934,NA,NA,D,6,1,545021.6113,141.95,2006,38,4,20.71
182921,Active,179224,NA,NA,S,7,1,108745.1225,143.95,2009,47,8.74,34.97
182922,Active,60606,NA,NA,D,6,1,640970.0263,143.95,2006,72,4,49.95
182923,Active,155181,NA,NA,D,1,0,1273776.744,141.95,1999,42,4,30.49
182924,Active,544495,NA,NA,S,4,1,76687.2275,143.95,2013,49,46.86,52.16
182925,Active,183297,NA,NA,D,3,1,98561.26875,133.95,2006,123,6.37,9.83
182926,Active,57276,NA,NA,D,3,1,16491.4325,133.95,2011,89,13.98,67.06
182927,Active,57277,NA,NA,D,1,0,391226.905,155.95,2001,82,3.99,8.99
182928,Active,57281,NA,NA,D,3,1,21988.38125,133.95,2011,80,14.18,75.39
182929,Active,57280,NA,NA,D,2,1,113542.1638,141.95,2006,83,4,9.65
182930,Active,155135,NA,NA,D,1,0,385036.8438,141.95,1998,52,4,43.25
182931,Active,179154,NA,NA,S,2,1,33558.0075,143.95,2011,48,28.77,68.97
182932,Active,182466,NA,NA,D,2,1,140328.7738,133.95,2000,58,5.62,32.93
182933,Active,58021,NA,NA,S,1,0,88928.2,143.95,1998,18,53.48,54.95
182934,Active,183149,NA,NA,S,1,0,60505.15,98.95,2011,39,26.04,75.5
182935,Active,155374,NA,NA,D,1,0,517356.6238,141.95,1999,59,4,42.85
182936,Active,185112,NA,NA,D,1,0,194088.4225,133.95,1996,59,4,31.94
182937,Active,2641988,NA,NA,S,2,1,307605.9563,143.95,2004,42,23.99,53.6
182938,Active,183527,NA,NA,D,4,1,344578.1075,131.95,2006,69,5.57,38.99
182939,Active,613675,NA,NA,S,2,1,984011.6513,40.76,1996,59,4,28.44
182940,Active,182488,NA,NA,D,1,0,279321.5575,143.95,2003,48,7.37,0
182941,Active,185088,NA,NA,S,1,0,23127.575,133.95,1996,21,54.63,52.03
182942,Active,155153,NA,NA,S,1,0,27937.375,140.95,1999,26,29.25,53.69
182943,Active,183236,NA,NA,S,2,1,83488.4975,143.95,2007,32,34.27,73.65
182944,Active,616799,NA,NA,D,1,0,533316.4488,141.95,1991,61,4,27.96
182945,Active,155251,NA,NA,D,2,1,132348.0138,147.95,1999,47,9.95,52.94
182946,Active,2653521,NA,NA,D,0,0,2387551.128,33.96,1993,32,4,23.24
182947,Active,182668,NA,NA,S,1,0,53623.875,143.95,2004,27,40.87,51.43
182948,Active,155337,NA,NA,S,1,0,33498.725,143.95,2001,34,47.19,56.01
182949,Active,289569,NA,NA,S,1,0,100552.5713,143.95,2001,64,18.6,52.46
182950,Active,919019,NA,NA,D,0,0,2275405.026,41.96,1991,36,4,63.26
182951,Active,155190,NA,NA,D,2,1,798833.0463,147.95,1999,42,4,34.94
182952,Active,185133,NA,NA,S,2,1,114838.8988,110.95,1997,39,19.92,46.81
182953,Active,2653004,NA,NA,D,1,0,2865366.909,29.16,1989,35,4,45.09
182954,Active,874272,NA,NA,S,2,1,636761.37,41.96,1995,40,3.99,33.98
182955,Active,292132,NA,NA,D,3,1,896935.8438,141.95,2002,55,4,30.98
182956,Active,183549,NA,NA,S,4,1,39543.8125,143.95,2007,45,16.73,43.96
182957,Active,182461,NA,NA,S,1,0,122699.6775,133.95,2002,43,13.94,54.97
182958,Active,3101908,NA,NA,S,2,1,640603.8363,79,2004,26,14.74,35.99
182959,Active,540071,NA,NA,S,5,1,363817.7188,48.6,2013,18,37.7,0
182960,Active,286552,NA,NA,S,4,1,2766645.594,86.67,1999,37,4,8.98
182961,Active,53718,NA,NA,D,5,1,1505760.915,132,2004,77,4,13.89
182962,Active,257037,NA,NA,D,0,0,411145.1675,24.95,1997,28,4,45.79
182963,Active,202492,NA,NA,S,2,1,200654.0138,148,2001,52,33.97,70.32
182964,Active,629185,NA,NA,S,1,0,19221.675,49.95,2012,17,26.11,30.19
182965,Active,924454,NA,NA,S,12,1,10209.29375,39.99,2015,18,25.24,11.85
182966,Active,609539,NA,NA,D,9,1,1206834.731,39.99,2009,33,4,10.94
182967,Active,802537,NA,NA,S,7,1,1048491.655,39.99,2005,31,3.99,6.79
182968,Active,528416,NA,NA,S,2,1,61999.74,49.95,2012,32,33.98,36.23
182969,Active,639322,NA,NA,S,2,1,935057.09,41,2008,29,31.1,46.99
182970,Active,552949,NA,NA,S,1,0,72471.25,75.6,2012,37,32.45,47.98
182971,Active,661691,NA,NA,S,1,0,648534.8713,41.95,2007,25,25.96,33.74
182972,Active,224689,NA,NA,D,6,1,152057.1263,92.95,2012,61,6.06,99.94
182973,Active,182442,NA,NA,D,2,1,433074.3538,116.95,2000,30,5.13,39.18
182974,Active,461687,NA,NA,D,5,1,1731828.271,191.95,2010,31,5.14,23.99
182975,Active,54969,NA,NA,D,4,1,598472.6663,183.95,2005,33,5.84,72.08
182976,Active,183229,NA,NA,S,4,1,1703366.303,142.95,2004,37,4,38.15
182977,Active,461688,NA,NA,D,5,1,795783.1838,143.95,2010,56,4,31.99
182978,Active,183779,NA,NA,D,5,1,359831.74,227.95,2007,45,4.73,27.97
182979,Active,567785,NA,NA,D,6,1,386445.54,214.95,2011,48,11.97,56.55
182980,Active,1829901,NA,NA,S,7,1,39477.65,79.95,2015,17,33.47,73.05
182981,Active,544489,NA,NA,S,6,1,66601.375,140.95,2013,50,23.3,84.44
182982,Active,224691,NA,NA,D,6,1,495909.0325,73.95,2012,48,5.98,58.99
182983,Active,615757,NA,NA,S,1,0,93277.06375,178,2010,75,44.04,113.16
182984,Active,477363,NA,NA,S,1,0,622138.195,100,2001,33,9.81,48.7
182985,Active,258449,NA,NA,S,3,1,601697.1288,90,2008,39,5.14,40.99
182986,Active,710424,NA,NA,D,2,1,3718938.186,32,2001,20,4,48.63
182987,Active,619379,NA,NA,S,3,1,93539.1525,56.2,2008,43,24.2,42.94
182988,Active,868007,NA,NA,D,0,0,1036643.021,71.75,1995,24,4,18.03
182989,Active,2877742,NA,NA,D,0,0,1420154.835,44.99,2002,23,4,24.97
182990,Active,617369,NA,NA,S,5,1,116164.6613,76.95,2010,49,26.74,68.28
182991,Active,2877741,NA,NA,D,1,0,2209004.18,44.99,2002,22,4.39,17.94
182992,Active,652111,NA,NA,S,1,0,79608.075,59.95,2000,25,36.19,49.97
182993,Active,528413,NA,NA,S,3,1,327288.355,168.95,2004,34,4,153.15
182994,Active,646918,NA,NA,S,2,1,123739.425,41.75,2013,30,22.4,29.98
182995,Active,649542,NA,NA,S,2,1,18430.325,41.75,2013,27,23.84,28.63
182996,Active,649543,NA,NA,S,3,1,63020.78,41.75,2013,44,17.7,33.55
182997,Active,132680,NA,NA,D,1,0,256186.9663,61.99,2009,79,4,10.99
182998,Active,877534,NA,NA,D,0,0,1153546.869,45.08,2008,60,4.02,39.24
182999,Active,58019,NA,NA,D,3,1,21863.63375,59.99,2007,226,4,13.97
183000,Active,58018,NA,NA,S,2,1,636546.7338,43.4,2003,179,3.49,6.46
183001,Active,2260835,NA,NA,D,0,0,2065667.389,45.91,2009,15,10.07,25.95
183002,Active,539539,NA,NA,S,2,1,51402.59125,67.8,2013,35,37.92,49.03
183003,Active,132681,NA,NA,D,1,0,694612.1088,61.99,2009,68,4,13.94
183004,Active,2648172,NA,NA,S,2,1,440039.2663,75.95,1998,35,4.69,44.93
183005,Active,182389,NA,NA,D,1,0,845286.0513,207.95,2007,48,5.87,52.99
183006,Active,182390,NA,NA,D,1,0,433473.3263,156.95,2007,50,8.65,46.49
183007,Active,182391,NA,NA,D,1,0,1009636.058,156.95,2009,33,4,38.91
183008,Active,543849,NA,NA,S,2,1,670646.3763,152.95,2013,46,12.88,91.96
183009,Active,1990878,NA,NA,S,0,0,473720.4325,12.99,2013,16,5.5,10.53
183010,Active,348471,NA,NA,S,1,0,481900.5425,125.95,2003,27,27.46,79.99
183011,Active,169232,NA,NA,S,1,0,86377.07375,303.95,2004,51,14.2,103.91
183012,Active,1522237,NA,NA,S,2,1,246974.7738,50,2012,28,14.54,25.74
183013,Active,647012,NA,NA,S,1,0,253659.89,44.99,2012,38,13.37,25.65
183014,Active,907836,NA,NA,S,0,0,635879.72,35,2007,48,4.99,31.41
183015,Active,114788,NA,NA,D,3,1,600237.9363,81.33,2003,86,4,10.67
183016,Active,432613,NA,NA,D,5,1,51719.06375,68.29,2011,122,6.12,46.99
183017,Active,913941,NA,NA,S,4,1,605389.7075,51.6,2010,28,13.32,41.31
183018,Active,432634,NA,NA,D,4,1,442230.06,13.9,2010,43,7.37,72.77
183019,Active,54547,NA,NA,D,3,1,892731.2725,33.94,2005,129,4,23.98
183020,Active,54548,NA,NA,D,4,1,354374.37,23.99,2008,91,4,52.74
183021,Active,614050,NA,NA,D,2,1,469291.4075,53.95,2007,56,4,13.87
183022,Active,120751,NA,NA,S,13,1,44869.63125,123,2011,46,46.65,58.94
183023,Active,571800,NA,NA,S,8,1,115043.88,110.95,2000,60,19.98,72.26
183024,Active,868377,NA,NA,D,7,1,1658015.985,33.56,1995,33,4,28.59
183025,Active,201655,NA,NA,D,0,0,526327.8038,35.95,2001,39,4,19.96
183026,Active,201757,NA,NA,D,2,1,104806.4288,49.95,2009,29,17.97,38.33
183027,Active,184382,NA,NA,S,3,1,2153966.799,37.95,2000,33,4,10.92
183028,Active,650024,NA,NA,S,0,0,124885.4975,85,2010,28,43.68,46.04
183029,Active,626627,NA,NA,S,4,1,280105.39,68.57,2013,47,13.38,57.48
183030,Active,141977,NA,NA,D,3,1,719473.2888,11.49,2010,98,4,11.48
183031,Active,142085,NA,NA,S,3,1,1536363.264,88.15,2010,19,11.92,134.75
183032,Active,873888,NA,NA,S,4,1,596397.3338,130.38,2013,19,26.56,123.52
183033,Active,621584,NA,NA,D,4,1,35867.15875,55.99,2013,71,6.29,41.14
183034,Active,141978,NA,NA,D,3,1,62835.355,59.26,2010,82,4.4,35.99
183035,Active,141785,NA,NA,D,2,1,1057195.334,58.25,2006,81,3.99,19.47
183036,Active,560112,NA,NA,S,4,1,17429.5075,144.5,2012,77,10.59,78.48
183037,Active,632025,NA,NA,S,4,1,67125.28,41,2013,89,8.09,55.06
183038,Active,141886,NA,NA,S,3,1,799829.3875,43.11,2008,50,4.16,41.39
183039,Active,141887,NA,NA,D,3,1,674578.43,91.68,2008,31,5.2,47.12
183040,Active,734338,NA,NA,D,2,1,2549583.811,6.49,2004,40,4,6.49
183041,Active,619745,NA,NA,S,4,1,348446.8563,121.75,2012,43,19.74,78.22
183042,Active,149549,NA,NA,D,1,0,2780230.23,42.95,2002,29,3.98,35.53
183043,Active,644626,NA,NA,S,2,1,923044.9375,53,2012,25,12.79,40
183044,Active,1593853,NA,NA,D,1,0,2905699.614,129.99,2007,40,15.43,78.25
183045,Active,756824,NA,NA,S,2,1,303022.8725,82.76,1997,15,22.49,103.64
183046,Active,315241,NA,NA,S,1,0,131736.2925,52.2,2011,35,5.47,40.34
183047,Active,2261617,NA,NA,D,2,1,3979877.839,106.98,2011,16,7.05,54.55
183048,Active,872445,NA,NA,D,1,0,1669960.678,54.4,2006,41,3.99,8.99
183049,Active,872597,NA,NA,D,2,1,1286389.583,40.6,2010,54,4,24.96
183050,Active,629102,NA,NA,S,3,1,112232.765,52.2,2013,53,10.84,38.78
183051,Active,895251,NA,NA,S,2,1,404466.8363,42.95,2014,11,37.2,42.58
183052,Active,256279,NA,NA,D,1,0,735460.1925,39.95,2003,38,8.69,17.99
183053,Active,615409,NA,NA,S,3,1,169008.655,51.99,2010,97,5.69,18.48
183054,Active,1464842,NA,NA,S,1,0,585911.0613,22.95,2011,33,7.1,22.16
183055,Active,867294,NA,NA,S,4,1,204415.6725,49.95,2015,23,38.99,38.99
183056,Active,626370,NA,NA,D,0,0,716151.8913,49.95,2007,47,7.74,28.99
183057,Active,916520,NA,NA,S,2,1,268826.1275,49.95,2014,38,20.06,42.83
183058,Active,650554,NA,NA,D,1,0,2675544.715,49.95,2009,15,15.27,45.91
183059,Active,385747,NA,NA,S,2,1,207392.375,39.95,2007,23,12.95,29.67
183060,Active,870666,NA,NA,D,1,0,4393298.353,31.8,1998,26,4,6.83
183061,Active,2789373,NA,NA,D,0,0,6715159.729,164,1996,13,4,56.07
183062,Active,681617,NA,NA,S,2,1,37809.90375,30,2013,35,21.12,24.82
183063,Active,625920,NA,NA,D,0,0,164268.2663,48.95,1993,39,4,7.93
183064,Active,254374,NA,NA,S,2,1,810650.38,41,2010,19,11.89,30.66
183065,Active,661212,NA,NA,S,5,1,958440.7825,65.95,2010,24,4.78,43.18
183066,Active,918171,NA,NA,S,3,1,1119584.504,29.95,2002,29,4,17.99
183067,Active,545798,NA,NA,D,4,1,16229.0775,107,2012,117,4.72,18.15
183068,Active,55900,NA,NA,D,2,1,865148.8325,69.95,2006,46,4,7.49
183069,Active,55899,NA,NA,D,3,1,158235.395,87,2009,65,4,39.98
183070,Active,2122400,NA,NA,S,2,1,1116042.021,19.95,2008,30,4.77,9.95
183071,Active,630182,NA,NA,S,1,0,203356.9225,55.95,2007,23,32.73,41.34
183072,Active,2031808,NA,NA,S,0,0,35535.15,79.95,2013,29,51.35,44.97
183073,Active,657376,NA,NA,S,2,1,1070651.31,74,2011,21,38.19,42.65
183074,Active,403033,NA,NA,D,0,0,906899.1713,44.99,2005,71,4,9.66
183075,Active,660677,NA,NA,S,2,1,449826.7525,49.99,2013,30,28.83,33.89
183076,Active,162383,NA,NA,S,2,1,887700.1163,49.95,2011,18,23.41,31.03
183077,Active,619339,NA,NA,S,0,0,20131.14125,72.05,2011,58,12.03,0
183078,Active,620328,NA,NA,S,3,1,350365.6188,40.63,2006,24,23.67,29.59
183079,Active,1781398,NA,NA,S,1,0,39829.275,45,2013,20,30.93,33.14
183080,Active,3730528,NA,NA,S,2,1,959301.45,47.95,2009,34,28.21,40.05
183081,Active,528405,NA,NA,D,3,1,336708.5075,130.67,2007,45,4,14.78
183082,Active,615748,NA,NA,D,4,1,126884.1913,149.6,2011,54,6.14,69.91
183083,Active,60608,NA,NA,D,2,1,457562.7325,102.67,2003,59,4,8.5
183084,Active,648707,NA,NA,S,2,1,285705.0513,64.95,2006,32,48.17,67
183085,Active,1481747,NA,NA,S,1,0,30388.575,37.6,2008,25,29.52,30.28
183086,Active,1481748,NA,NA,S,1,0,34075.575,37.6,2008,17,22.26,23.99
183087,Active,639287,NA,NA,S,1,0,26850.325,37.6,2008,21,26.02,24.39
183088,Active,676355,NA,NA,S,1,0,7364.68625,29.95,2008,40,18.98,28.45
183089,Active,630106,NA,NA,S,2,1,227756,39.95,2009,17,13.99,28.84
183090,Active,163108,NA,NA,S,1,0,58429.2,59.99,2010,49,21.3,35.13
183091,Active,235123,NA,NA,S,2,1,22672.08,61.75,2005,44,21.99,29.94
183092,Active,689361,NA,NA,D,1,0,775498.4438,29.95,1998,20,14.93,28.96
183093,Active,550106,NA,NA,D,2,1,1275528.416,30.14,2003,50,5.06,27.94
183094,Active,209619,NA,NA,D,3,1,80726.75875,99.5,2007,45,18.93,33.99
183095,Active,612581,NA,NA,S,6,1,58860.29875,99.95,2013,52,48.63,47
183096,Active,200468,NA,NA,D,5,1,215499.6338,149.95,2010,46,14.36,58
183097,Active,788770,NA,NA,D,2,1,2520163.251,79.95,2001,36,4,18.24
183098,Active,270775,NA,NA,S,3,1,53627.9625,102.99,2010,26,49.99,60.85
183099,Active,623790,NA,NA,S,1,0,52761.135,68,2012,74,14.97,33.11
183100,Active,2592957,NA,NA,S,0,0,634967.6463,44.99,1978,76,4,18.98
183101,Active,721093,NA,NA,S,0,0,888326.1838,99,2005,53,4,44.75
183102,Active,2404633,NA,NA,S,1,0,928649.8988,55,1995,73,4,32.24
183103,Active,367366,NA,NA,D,1,0,2198455.036,65,1996,24,18.86,22.55
183104,Active,370990,NA,NA,D,1,0,2239632.938,97.95,1999,19,4,12.89
183105,Active,623794,NA,NA,S,2,1,300078.7113,77.33,2012,31,25.94,51.5
183106,Active,120143,NA,NA,D,1,0,1568225.824,48.4,2008,29,4,8.98
183107,Active,539200,NA,NA,S,2,1,98785.04125,77.33,2012,36,20.94,62.32
183108,Active,626803,NA,NA,S,2,1,636719.3438,77.33,2012,27,28.49,63.99
183109,Active,874609,NA,NA,S,2,1,564761.765,77.33,2012,30,10.87,13.15
183110,Active,638009,NA,NA,S,2,1,241196.5938,77.33,2012,29,19.88,46.75
183111,Active,539201,NA,NA,S,2,1,120919.7925,77.33,2012,45,12.62,48.11
183112,Active,629137,NA,NA,S,2,1,696585.035,77.33,2012,35,7.83,51.83
183113,Active,626663,NA,NA,S,2,1,167645.1113,77.33,2012,34,15.66,63.55
183114,Active,642115,NA,NA,S,2,1,352146.1675,77.33,2012,36,25.89,36.26
183115,Active,527620,NA,NA,S,2,1,94011.72125,77.33,2012,33,9.98,46.08
183116,Active,874701,NA,NA,D,2,1,74136.0125,77.33,2012,35,22.76,47.64
183117,Active,528397,NA,NA,S,2,1,28787.25,77.33,2012,47,25.99,59.99
183118,Active,1452036,NA,NA,S,2,1,158882.5925,209.2,2013,25,42.99,88.99
183119,Active,308756,NA,NA,S,6,1,1037192.839,120.31,2003,59,4,22
183120,Active,147806,NA,NA,D,9,1,3760550.706,115.95,2001,29,4,7.98
183121,Active,330607,NA,NA,S,5,1,116524.92,247.95,2006,66,4.47,61.67
183122,Active,617627,NA,NA,D,11,1,925563.7238,174.73,2011,30,6.99,9.99
183123,Active,330648,NA,NA,D,4,1,1274771.119,310.95,2006,28,4,9.1
183124,Active,744420,NA,NA,D,9,1,5931900.011,45.12,2001,12,4.48,24.99
183125,Active,618216,NA,NA,D,1,0,175838.7013,90.95,2012,45,8.97,23.54
183126,Active,919761,NA,NA,S,12,1,443196.405,64.39,2012,30,21.11,87.94
183127,Active,874658,NA,NA,S,11,1,3523180.321,151.56,2004,23,4.34,113.65
183128,Active,350351,NA,NA,S,2,1,3538600.684,79.95,1997,15,5.17,12.49
183129,Active,309801,NA,NA,D,10,1,47186.65625,338,2012,216,7,32.94
183130,Active,561398,NA,NA,S,1,0,66789.725,54.99,2011,27,30.81,33.46
183131,Active,118272,NA,NA,D,1,0,482876.7063,180,2010,49,9.03,22.94
183132,Active,50964,NA,NA,D,4,1,439920.0375,154.99,2008,135,4,20.87
183133,Active,609860,NA,NA,D,6,1,6467.5175,75,2012,211,7.91,69.34
183134,Active,537636,NA,NA,S,6,1,649934.6063,249.5,2012,53,5,52.94
183135,Active,50965,NA,NA,D,3,1,1190333.005,16.43,2007,85,4,16.43
183136,Active,50966,NA,NA,D,5,1,159786.67,12.97,2010,103,7.96,53.62
183137,Active,538717,NA,NA,S,6,1,166430.2538,272,2012,46,5.24,103.99
183138,Active,667570,NA,NA,S,6,1,881796.1338,207.5,2012,18,33.34,199.25
183139,Active,120546,NA,NA,D,5,1,1431858.045,221.33,2007,66,4,9.95
183140,Active,113570,NA,NA,D,4,1,3308716.373,157.33,2003,54,4,6.48
183141,Active,528395,NA,NA,S,6,1,2121509.115,110,2009,18,8.24,83.47
183142,Active,162588,NA,NA,D,2,1,1191404.384,99,2008,32,4.47,64.39
183143,Active,326394,NA,NA,D,4,1,3087052.355,80.25,2007,20,6.64,79.24
183144,Active,366546,NA,NA,D,5,1,1021241.031,82.95,2008,41,4.94,9.86
183145,Active,254544,NA,NA,D,6,1,96591.0775,109.95,2011,50,9.79,59.12
183146,Active,325947,NA,NA,S,5,1,3316010.326,65,1999,58,4.75,68.64
183147,Active,610321,NA,NA,S,10,1,236550.4763,117.5,2013,10,21.26,82.19
183148,Active,60609,NA,NA,S,4,1,2192425.485,181.95,2003,34,4.12,13.99
183149,Active,169356,NA,NA,D,5,1,754329.3988,180.95,2006,102,4,21.99
183150,Active,254129,NA,NA,D,6,1,55217.93125,180.95,2011,102,8.19,59.17
183151,Active,169714,NA,NA,D,5,1,1764942.206,169.95,2007,22,4.68,72.85
183152,Active,910298,NA,NA,D,3,1,1379294.074,44.95,2000,21,4,62.54
183153,Active,898648,NA,NA,S,3,1,85481.87875,75,2013,38,66.49,75.94
183154,Active,50978,NA,NA,S,7,1,912540.7413,16.97,2005,78,4,16.97
183155,Active,50979,NA,NA,D,9,1,295520.14,13.97,2010,150,4,12.99
183156,Active,51629,NA,NA,D,10,1,769693.8663,398.95,2006,66,4,6.44
183157,Active,354959,NA,NA,S,1,0,599976.1863,260.95,2008,25,37.52,202.95
183158,Active,54069,NA,NA,D,8,1,1074015.488,362.95,2007,89,4,17.98
183159,Active,60613,NA,NA,D,10,1,519182.5263,175.95,2004,48,4.35,15.24
183160,Active,313771,NA,NA,S,3,1,1897646.263,153.33,2003,52,4.09,11.89
183161,Active,50946,NA,NA,D,12,1,641414.6613,23.99,2006,63,4,19.95
183162,Active,402487,NA,NA,S,3,1,1408437.306,83.97,2006,27,4.57,46.23
183163,Active,110691,NA,NA,S,16,1,698397.3088,53.25,2011,27,4.96,19.98
183164,Active,118744,NA,NA,D,2,1,850951.1775,227.33,2008,61,4,23.98
183165,Active,312348,NA,NA,D,2,1,1512773.061,172,2004,45,4,37.87
183166,Active,766397,NA,NA,D,1,0,156000.4788,198.95,2013,35,38.99,102.99
183167,Active,54071,NA,NA,D,10,1,45105.63875,334.95,2011,108,7.21,19.24
183168,Active,303787,NA,NA,S,6,1,1486027.618,253.95,2002,87,4.29,9.47
183169,Active,544680,NA,NA,D,11,1,21012.02,310.95,2013,95,28.95,83.34
183170,Active,389267,NA,NA,D,10,1,542423.1575,371.95,2010,89,4.58,40.99
183171,Active,53972,NA,NA,D,9,1,364771.34,192,2006,117,4,7.99
183172,Active,51627,NA,NA,D,11,1,275855.215,362.95,2008,63,6.7,23.98
183173,Active,326392,NA,NA,S,5,1,1747161.776,195.75,2009,18,9.3,86.92
183174,Active,330104,NA,NA,S,7,1,2868903.429,214.95,2001,27,4.48,7.99
183175,Active,53078,NA,NA,D,9,1,402108.8438,333.95,2007,60,4.34,195.97
183176,Active,380517,NA,NA,D,3,1,2656092.606,73.95,2010,35,4,18.66
183177,Active,330863,NA,NA,D,5,1,598688.2225,262.95,2008,44,4,10.19
183178,Active,167147,NA,NA,D,2,1,917869.3725,15.29,2005,32,4,15.29
183179,Active,716352,NA,NA,S,5,1,872531.6713,64.62,2012,5,47.98,47.98
183180,Active,54851,NA,NA,D,3,1,2027657.026,128,2006,49,4,10.54
183181,Active,108453,NA,NA,D,2,1,659040.66,5.19,2004,22,4,10.24
183182,Active,54852,NA,NA,D,4,1,202619.6938,153.4,2009,49,4,38.07
183183,Active,1475759,NA,NA,S,2,1,1701903.308,66,2013,15,34.2,54.02
183184,Active,326315,NA,NA,D,2,1,1875092.651,97.33,2004,24,4,66.93
183185,Active,137530,NA,NA,D,3,1,754808.005,139.4,2008,44,6.39,92.75
183186,Active,342914,NA,NA,S,2,1,180407.7838,70,2001,42,4,22.58
183187,Active,326231,NA,NA,D,2,1,3182162.065,198.67,2003,20,4,46.52
183188,Active,326415,NA,NA,S,3,1,82438.34125,167.2,2011,47,27.79,62.78
183189,Active,326372,NA,NA,D,2,1,1195959.968,221.33,2007,50,4,28.99
183190,Active,54070,NA,NA,D,9,1,436239.2988,334.95,2009,196,4,30.19
183191,Active,874418,NA,NA,D,0,0,1423556.704,21.7,2012,20,4.33,20.21
183192,Active,330865,NA,NA,S,4,1,938979.8388,192.95,2008,31,5.19,16.94
183193,Active,380523,NA,NA,D,5,1,550983.7713,277.95,2011,76,4.13,47.99
183194,Active,200246,NA,NA,D,3,1,691610.3888,90.95,2006,10,13.98,22.47
183195,Active,52643,NA,NA,D,6,1,41160.49,271.95,2008,103,5.13,17.99
183196,Active,53737,NA,NA,S,10,1,46288.16625,325,2010,67,26.43,89.93
183197,Active,117795,NA,NA,S,10,1,679968.4438,226.4,2006,54,5.37,32.59
183198,Active,53735,NA,NA,D,8,1,2283344.155,5.03,2006,37,4.54,5.03
183199,Active,53736,NA,NA,D,9,1,794621.3913,26.92,2008,71,4,20.14
183200,Active,50887,NA,NA,S,10,1,425539.51,9.82,2007,110,4,8.89
183201,Active,872133,NA,NA,D,2,1,555885.91,23.58,2013,22,8.98,15.42
183202,Active,50889,NA,NA,D,11,1,229298.6625,212,2009,109,4,22.88
183203,Active,539432,NA,NA,D,13,1,11634.9825,287.6,2013,105,8.69,71.99
183204,Active,286463,NA,NA,D,11,1,1796876.846,110,2010,47,4.1,33.49
183205,Active,544056,NA,NA,D,2,1,230058.905,219.5,2013,109,3.84,20.99
183206,Active,312711,NA,NA,S,8,1,4549023.398,128.93,2001,25,4,10.99
183207,Active,538133,NA,NA,D,0,0,3390976.111,238.83,2009,19,4,63.18
183208,Active,52642,NA,NA,D,5,1,1479483.645,287.95,2006,63,4,6.99
183209,Active,52025,NA,NA,S,5,1,3478882.075,164.75,2004,38,4,11.94
183210,Active,52026,NA,NA,D,8,1,173283.0013,33.73,2009,93,6.29,18.71
183211,Active,52027,NA,NA,D,7,1,1461557.683,10.99,2007,53,3.98,8.29
183212,Active,698658,NA,NA,S,10,1,860678.2125,84.75,2010,25,36.44,0
183213,Active,50886,NA,NA,S,9,1,1655049.164,135.33,2005,90,3.99,5.19
183214,Active,50945,NA,NA,D,13,1,633153.11,52.84,2008,91,4,40.46
183215,Active,307868,NA,NA,D,13,1,3145701.889,99,2008,23,4,31.25
183216,Active,309050,NA,NA,S,3,1,874672.1425,12.86,2006,39,3.99,16.68
183217,Active,57669,NA,NA,S,10,1,95682.9125,73.79,2010,58,18.78,54.71
183218,Active,57668,NA,NA,S,9,1,741472.53,24.82,2007,49,4,5.88
183219,Active,309065,NA,NA,S,2,1,29559.875,154.75,2011,55,11.12,64.1
183220,Active,105298,NA,NA,D,11,1,3847570.581,43.54,2002,16,6.14,43.99
183221,Active,54018,NA,NA,S,12,1,179234.1088,141.47,2007,54,8.02,89.13
183222,Active,54017,NA,NA,D,11,1,1120288.026,23.94,2002,40,4,8.05
183223,Active,60610,NA,NA,D,7,1,358668.3563,250.95,2002,54,4,18.98
183224,Active,235194,NA,NA,D,1,0,3024550.841,99,2001,22,4.35,29
183225,Active,117252,NA,NA,D,6,1,1496864.249,101.33,2006,31,4,44.81
183226,Active,121186,NA,NA,D,7,1,602865.7025,135.2,2010,45,7.94,63.83
183227,Active,3277269,NA,NA,D,3,1,2710919.124,485.55,1996,29,7.47,81.95
183228,Active,203497,NA,NA,S,4,1,165144.5838,106.99,2005,62,27.57,55.69
183229,Active,334740,NA,NA,D,3,1,875644.1538,64.95,1995,45,4,46.65
183230,Active,296362,NA,NA,D,5,1,72551.25875,98.95,2010,81,5.14,46.79
183231,Active,642121,NA,NA,D,5,1,173061.6563,97.33,2012,38,4.98,0
183232,Active,391036,NA,NA,D,1,0,94715.18625,112,2011,61,9.86,65.31
183233,Active,355882,NA,NA,S,4,1,5253583.209,122.95,1999,19,4.58,36.49
183234,Active,2618066,NA,NA,S,2,1,3427447.924,74.95,1991,35,4,8.98
183235,Active,290862,NA,NA,D,4,1,320220.5288,175.95,2006,44,4,19.99
183236,Active,53457,NA,NA,D,2,1,1429413.095,194.95,2007,51,4,15.92
183237,Active,53458,NA,NA,D,3,1,285527.96,184.95,2010,57,4.76,45.05
183238,Active,544667,NA,NA,D,4,1,23958.50625,160.95,2013,45,20.9,66.59
183239,Active,183808,NA,NA,S,4,1,1082521.426,207.95,2003,61,4,13.73
183240,Active,233800,NA,NA,D,2,1,465868.2375,85.2,1999,39,4,16.07
183241,Active,876447,NA,NA,D,9,1,1108951.009,79.6,2008,28,7.99,39.86
183242,Active,116594,NA,NA,D,9,1,425011.9825,198.2,2007,56,7.28,35.02
183243,Active,118953,NA,NA,S,7,1,1391553.29,73.33,1996,84,4,9.37
183244,Active,665146,NA,NA,S,3,1,196626.675,90,2010,19,56.99,110.19
183245,Active,108862,NA,NA,S,13,1,78656.87125,346.93,2006,46,11.69,77.82
183246,Active,218476,NA,NA,D,11,1,2033054.801,76.4,1997,26,4,19.95
183247,Active,107213,NA,NA,D,12,1,1223764.028,602.99,2002,31,4,44.85
183248,Active,341282,NA,NA,D,2,1,988440.5438,150,1997,33,4.73,51.99
183249,Active,233832,NA,NA,D,2,1,1551572.464,66,2004,16,17.19,85.16
183250,Active,108215,NA,NA,S,4,1,166847.1625,47.16,2005,42,4,38.74
183251,Active,147463,NA,NA,D,6,1,765356.5325,115,2007,36,24.07,120.15
183252,Active,146979,NA,NA,D,5,1,1637119.933,96,2002,38,4.97,51.45
183253,Active,528370,NA,NA,S,2,1,429879.3475,193,2011,22,25.24,34.45
183254,Active,640636,NA,NA,S,3,1,1554873.659,140,2004,25,39.93,92.06
183255,Active,584047,NA,NA,D,4,1,2727551.919,42.95,1996,23,4.35,13.88
183256,Active,177317,NA,NA,D,2,1,120713.9763,268.95,2005,74,7.46,32.2
183257,Active,410395,NA,NA,D,6,1,44503.08375,120.95,2011,60,23.12,58.93
183258,Active,477666,NA,NA,D,5,1,705111.67,134.95,2007,67,4,8.44
183259,Active,272477,NA,NA,D,3,1,1525017.721,66,2008,39,4.69,18.99
183260,Active,339897,NA,NA,S,3,1,307981.2463,122.95,2010,71,7.31,48.99
183261,Active,622055,NA,NA,D,2,1,1002039.993,148.87,2004,43,4,43.53
183262,Active,60612,NA,NA,D,2,1,3573732.888,52,2000,40,4.13,33.99
183263,Active,194054,NA,NA,D,3,1,150858.9475,72,2004,69,4,10.99
183264,Active,109317,NA,NA,S,1,0,1987005.371,91.75,2004,17,4,12.88
183265,Active,393473,NA,NA,D,6,1,1998886.06,56.95,2003,16,4.98,48.98
183266,Active,53077,NA,NA,D,8,1,1648476.778,208.95,2004,39,4,23.99
183267,Active,528355,NA,NA,S,5,1,64921.825,305.75,2012,130,5.48,10
183268,Active,244351,NA,NA,D,6,1,20166.81375,319.5,2011,111,8.69,28.48
183269,Active,109559,NA,NA,S,6,1,898394.6713,49.4,2005,43,4.13,37.99
183270,Active,178706,NA,NA,D,11,1,865945.4863,344.95,2011,48,4.53,66.84
183271,Active,550890,NA,NA,S,13,1,1029684.935,76.65,2009,61,6.96,51.94
183272,Active,52975,NA,NA,S,5,1,536355.5638,368.95,2008,52,8.09,63.48
183273,Active,147998,NA,NA,S,8,1,3635361.23,272.95,2004,32,4,11.03
183274,Active,290276,NA,NA,D,1,0,2712348.038,4.04,2010,22,4.98,5.88
183275,Active,603409,NA,NA,S,6,1,474218.7375,49.99,2012,60,4.06,53.99
183276,Active,538793,NA,NA,D,4,1,151284.2275,268.25,2013,82,6.27,59.87
183277,Active,876845,NA,NA,S,4,1,62890.79375,218.73,2014,44,16.23,78.99
183278,Active,603400,NA,NA,D,5,1,1146951.721,52.89,2009,33,4.28,33.99
183279,Active,533726,NA,NA,S,6,1,2108425.779,172.75,2004,52,4,12.26
183280,Active,871807,NA,NA,S,2,1,2184591.696,209.98,2013,23,6.48,11.98
183281,Active,166714,NA,NA,D,1,0,676557.9438,5.47,2011,66,4,7.46
183282,Active,54617,NA,NA,S,8,1,727374.68,264.95,2006,40,4,47.97
183283,Active,52466,NA,NA,D,2,1,191411.0763,249.87,2009,119,4.04,21.94
183284,Active,120851,NA,NA,S,1,0,428974.4838,321.6,2009,57,4.79,13.52
183285,Active,330501,NA,NA,D,9,1,2573459.546,284.95,2005,26,4.22,18.99
183286,Active,148672,NA,NA,D,10,1,567638.4688,349.95,2007,46,4,23.99
183287,Active,343040,NA,NA,D,1,0,371629.4963,40.97,2008,73,4,41.55
183288,Active,51838,NA,NA,D,8,1,165584.7225,38.99,2008,113,4,22.94
183289,Active,716167,NA,NA,D,1,0,2161660.035,225.75,2013,21,23.39,59.95
183290,Active,52974,NA,NA,D,4,1,1624713.014,219.95,2007,52,4.34,8.99
183291,Active,50834,NA,NA,D,9,1,940653.2425,429.95,2010,51,4,45.32
183292,Active,621006,NA,NA,D,12,1,85951.89375,344.95,2013,60,9.97,43.99
183293,Active,166508,NA,NA,S,3,1,932617.315,9.49,2004,99,4.59,11.94
183294,Active,111663,NA,NA,D,3,1,2743478.355,129.76,2011,32,15.64,129.68
183295,Active,288941,NA,NA,D,10,1,1311634.681,363.95,2008,35,4,39.95
183296,Active,54692,NA,NA,D,1,0,1271038.788,10.58,2007,92,4,10.6
183297,Active,54693,NA,NA,D,2,1,139990.915,78.66,2010,123,4,26.03
183298,Active,166885,NA,NA,S,1,0,49135.275,137.5,2008,20,58.06,67.99
183299,Active,162847,NA,NA,D,5,1,355372.275,25.98,2009,128,5.03,17.84
183300,Active,110145,NA,NA,D,2,1,530920.9675,93.73,2009,56,4.9,62.09
183301,Active,533669,NA,NA,D,3,1,216391.14,305.8,2012,159,4,20.49
183302,Active,1455282,NA,NA,S,4,1,49334.77,232.07,2014,32,50.74,120.33
183303,Active,330612,NA,NA,D,3,1,2502220.241,310.95,2005,43,4.08,15.49
183304,Active,533938,NA,NA,D,5,1,1348404.228,16.87,2009,31,4.94,16.87
183305,Active,60615,NA,NA,D,4,1,2334973.813,44.45,2007,31,4,61.18
183306,Active,50836,NA,NA,D,8,1,643423.5188,429.95,2007,48,5.83,21.93
183307,Active,162110,NA,NA,D,4,1,3919972.18,42.79,2007,20,3.9,33.96
183308,Active,752229,NA,NA,D,5,1,2686030.688,44.98,2009,19,4.98,44.98
183309,Active,866646,NA,NA,D,1,0,1201628.068,97.75,2010,31,4,21.76
183310,Active,587659,NA,NA,S,2,1,25959.05875,99.95,2012,77,16.98,47.99
183311,Active,918625,NA,NA,D,2,1,1053122.118,12.79,2005,65,5.59,12.76
183312,Active,367141,NA,NA,S,3,1,35223.105,82.99,2009,81,35.62,39.57
183313,Active,367104,NA,NA,D,2,1,864528.4988,66.95,2004,91,4,4.99
183314,Active,2249632,NA,NA,D,5,1,3203650.633,138.99,2010,40,14.77,71.86
183315,Active,873154,NA,NA,S,4,1,3374898.115,63.57,2007,20,4,45.98
183316,Active,309106,NA,NA,D,4,1,1277129.08,11.46,2007,45,4,13.98
183317,Active,528353,NA,NA,D,5,1,80075.9575,80,2010,59,9.64,56.29
183318,Active,286230,NA,NA,D,2,1,812663.8913,198.67,2006,33,19.14,102.94
183319,Active,314800,NA,NA,D,2,1,322399.6813,198.67,2006,51,14.92,68.31
183320,Active,148627,NA,NA,S,12,1,201147.175,288.95,2008,74,41.49,73.98
183321,Active,50269,NA,NA,S,8,1,1313310.584,28.11,2004,36,4,10.62
183322,Active,254156,NA,NA,D,12,1,211966.67,357.95,2010,50,7.5,41.99
183323,Active,148453,NA,NA,D,1,0,1201845.674,250.95,2007,37,4.93,22.23
183324,Active,165642,NA,NA,S,8,1,959427.065,18.96,2003,28,4,68.91
183325,Active,56582,NA,NA,S,4,1,1049158.961,116.25,2002,45,4,13.94
183326,Active,56583,NA,NA,D,5,1,1279295.231,15.93,2005,66,3.96,11.84
183327,Active,56584,NA,NA,D,6,1,471754.9275,22.75,2007,89,4,26.66
183328,Active,528351,NA,NA,S,7,1,816918.2613,75.77,2009,28,5.97,74.91
183329,Active,50277,NA,NA,D,5,1,36780.71375,376,2008,97,11.66,27.56
183330,Active,877048,NA,NA,S,4,1,1095651.949,90.16,2007,41,7.22,56.22
183331,Active,538161,NA,NA,D,5,1,865901.8513,107.75,2008,23,27.94,88.98
183332,Active,50278,NA,NA,D,4,1,198647.6925,56.09,2006,65,4.97,13.99
183333,Active,625876,NA,NA,D,1,0,22557.66,280.6,2013,47,13.22,0
183334,Active,907126,NA,NA,D,1,0,354258.51,180.67,2013,28,31.88,117.67
183335,Active,1453252,NA,NA,D,1,0,637296.3125,204.2,2013,22,48.26,173.12
183336,Active,1453251,NA,NA,D,1,0,400654.7975,276.93,2013,24,54.12,225.85
183337,Active,2252689,NA,NA,S,6,1,647804.9138,208.77,2008,74,7.93,104.55
183338,Active,334163,NA,NA,D,5,1,2314141.156,125,2002,51,4,12.99
183339,Active,50271,NA,NA,S,9,1,1305061.428,53.33,2007,31,4,48.85
183340,Active,50270,NA,NA,D,10,1,76146.45875,63.42,2010,53,11.35,47.49
183341,Active,878302,NA,NA,D,11,1,1463014.674,50.03,2007,50,5.59,42.47
183342,Active,52700,NA,NA,D,10,1,661437.9888,223.95,2004,43,4,5.46
183343,Active,339016,NA,NA,S,8,1,259700.5725,136.95,2006,60,6.42,49.51
183344,Active,147771,NA,NA,S,7,1,2508613.286,102.95,2000,23,4.07,17.78
183345,Active,60616,NA,NA,D,11,1,1055891.345,306.95,2005,41,4,8.76
183346,Active,117678,NA,NA,D,5,1,827790.9038,173.33,2005,81,4,13.49
183347,Active,120658,NA,NA,D,6,1,264697.0888,245.2,2008,58,8.98,58.05
183348,Active,290581,NA,NA,D,5,1,1123479.764,13.97,2005,55,4,12
183349,Active,2363461,NA,NA,D,0,0,1229476.568,125.99,2003,15,16.69,103.51
183350,Active,381480,NA,NA,D,7,1,87671.62625,43.99,2011,127,6.38,31.99
183351,Active,751502,NA,NA,D,6,1,4822794.028,34.49,2009,21,4.24,36.99
183352,Active,50272,NA,NA,D,9,1,714272.7813,38.25,2007,71,4.34,23.24
183353,Active,127081,NA,NA,D,6,1,426564.7013,145,2006,38,4,5.86
183354,Active,129481,NA,NA,D,7,1,139100.7263,99.95,2011,68,4.47,11.99
183355,Active,52701,NA,NA,D,11,1,351373.5988,393.95,2007,60,4,32.98
183356,Active,147976,NA,NA,D,10,1,1372552.958,216.95,2002,46,4,12.82
183357,Active,391032,NA,NA,D,2,1,183786.16,102,2008,45,10.8,29.68
183358,Active,206045,NA,NA,S,2,1,119313.2,90,2005,41,18.98,33.99
183359,Active,152499,NA,NA,S,2,1,891011.6338,189,2008,30,50.36,108.97
183360,Active,533595,NA,NA,D,7,1,78547.3075,375.95,2012,101,22.98,78.95
183361,Active,53308,NA,NA,D,6,1,126948.19,397.95,2009,78,7.46,43.06
183362,Active,53309,NA,NA,D,5,1,1578591.133,285.95,2005,58,4.22,4.48
183363,Active,539429,NA,NA,S,10,1,65213.78125,140.2,2013,45,33.99,48.94
183364,Active,317179,NA,NA,D,9,1,608636.9313,122.4,2010,59,4,42.77
183365,Active,314384,NA,NA,D,7,1,2213794.494,86.67,2004,36,4,8.97
183366,Active,315094,NA,NA,D,8,1,1172558.4,122.4,2007,61,4,18.76
183367,Active,242030,NA,NA,S,0,0,198491.2625,41.26,2000,27,13.89,50.99
183368,Active,242597,NA,NA,D,1,0,880268.42,50,2002,19,21.47,49.49
183369,Active,366227,NA,NA,D,2,1,5670621.621,52.95,2004,12,6.97,4
183370,Active,206397,NA,NA,S,2,1,706436.7413,67.95,2006,21,14.87,54
183371,Active,404214,NA,NA,S,2,1,246916.5263,138.2,2002,63,10.81,51.94
183372,Active,889585,NA,NA,D,0,0,4761194.188,54.95,2001,10,6.37,107.49
183373,Active,528343,NA,NA,S,2,1,1173029.081,79.95,2010,22,32.27,61.56
183374,Active,203977,NA,NA,S,5,1,269079.2538,77.99,2008,81,18.95,32.99
183375,Active,294332,NA,NA,D,1,0,500027.64,50,2003,57,4,13.98
183376,Active,1778917,NA,NA,S,2,1,216407.255,70.5,2014,26,46.85,52.06
183377,Active,535788,NA,NA,S,5,1,14246.53875,96,2012,63,4.87,72.62
183378,Active,1456032,NA,NA,S,2,1,967203.6213,64.99,2015,13,41.25,40.26
183379,Active,245260,NA,NA,S,1,0,626450.38,145.95,2005,37,34.64,73.99
183380,Active,345529,NA,NA,D,1,0,4836640.205,155,1996,16,5.74,28.99
183381,Active,118148,NA,NA,D,5,1,402505.7438,153.4,2009,56,7.47,23.99
183382,Active,116626,NA,NA,D,4,1,438818.3988,128,2004,63,4,12.95
183383,Active,227628,NA,NA,S,2,1,761136.445,102.95,2010,18,12.72,0
183384,Active,428295,NA,NA,D,0,0,3346371.07,73.6,2003,26,4,6.48
183385,Active,132347,NA,NA,D,2,1,757357.0738,96.8,2007,37,5.84,47.27
183386,Active,51109,NA,NA,D,5,1,99762.515,43.98,2010,76,10.56,79.13
183387,Active,51107,NA,NA,D,3,1,950295.8238,4,2003,42,4,4.27
183388,Active,51108,NA,NA,D,4,1,627618.65,8.8,2006,107,4,5.69
183389,Active,861510,NA,NA,S,6,1,8859.80625,168.25,2013,53,46.48,100.2
183390,Active,117148,NA,NA,D,2,1,492092.8838,110.67,2005,25,11.99,51.87
183391,Active,114934,NA,NA,D,2,1,293742.8288,102.67,2005,45,4,34.23
183392,Active,340176,NA,NA,D,2,1,3467640.878,67.43,2003,27,4.76,43.54
183393,Active,317991,NA,NA,S,2,1,1207235.684,83.6,1999,28,7.39,49.66
183394,Active,307254,NA,NA,D,2,1,2108674.246,65.84,2002,23,6.05,54.85
183395,Active,326314,NA,NA,S,4,1,2081339.076,98.67,2004,20,4.97,23.94
183396,Active,325123,NA,NA,D,2,1,551630.7238,13.99,2002,59,4,11.48
183397,Active,320283,NA,NA,S,1,0,253108.5375,44.95,2007,21,38.33,36
183398,Active,322585,NA,NA,D,3,1,3057112.035,57,2001,36,4,8.89
183399,Active,403862,NA,NA,D,4,1,502111.0088,66.67,2005,50,4,19.98
183400,Active,317402,NA,NA,S,5,1,52925.2875,106.8,2010,32,38.94,61.99
183401,Active,259807,NA,NA,D,3,1,1816438.774,138,2000,26,4,31.88
183402,Active,60618,NA,NA,D,3,1,1533014.985,113,2006,67,4,11.01
183403,Active,132887,NA,NA,D,4,1,347205.7313,128.6,2010,37,11.68,83.95
183404,Active,609941,NA,NA,D,14,1,294156.88,34.75,2010,40,18.41,119.15
183405,Active,376957,NA,NA,D,12,1,386353.1963,21.95,2004,40,4,72.3
183406,Active,377149,NA,NA,D,13,1,923573.57,24.95,2007,22,4,67.47
183407,Active,363467,NA,NA,D,0,0,214708.3125,28,1999,30,4.98,43.69
183408,Active,254039,NA,NA,S,2,1,331270.4238,39.95,2011,56,23.98,35.68
183409,Active,394244,NA,NA,D,8,1,302130.09,78.95,2011,43,7.48,57.67
183410,Active,365310,NA,NA,D,7,1,716274.3363,74.95,2007,77,4,26.42
183411,Active,760588,NA,NA,D,1,0,955683.2675,94.95,2004,44,4,7.78
183412,Active,131355,NA,NA,D,0,0,2028163.419,87.6,2002,45,4,0
183413,Active,545841,NA,NA,S,3,1,55776.605,103,2013,44,17.53,77.99
183414,Active,248068,NA,NA,D,2,1,750932.5188,86,2010,27,7.13,36.81
183415,Active,912583,NA,NA,D,8,1,809347.2938,82.59,2009,32,4.57,64.65
183416,Active,366223,NA,NA,D,1,0,963404.9188,67.95,2005,37,4,9.34
183417,Active,339081,NA,NA,D,1,0,1892479.885,150,2007,22,74.94,104.99
183418,Active,114853,NA,NA,D,3,1,905774.355,122,2001,34,4,15.98
183419,Active,120792,NA,NA,D,5,1,285481.9238,187,2009,35,24.33,73.99
183420,Active,148208,NA,NA,S,5,1,1104398.848,185.95,2004,24,4,86.83
183421,Active,148742,NA,NA,D,8,1,115240.3963,371.95,2010,74,17.98,63.99
183422,Active,350318,NA,NA,D,2,1,3050698.696,171.95,1998,25,4.56,16.94
183423,Active,2626629,NA,NA,D,0,0,9116226.235,18.95,1998,10,7.83,50.07
183424,Active,147807,NA,NA,S,3,1,81322.62125,267.95,2004,57,16.95,54.38
183425,Active,227624,NA,NA,D,8,1,292173.28,104.95,2009,71,4.49,40.99
183426,Active,227599,NA,NA,S,6,1,1229358.411,66.95,2001,35,4,47.57
183427,Active,227603,NA,NA,D,7,1,1366745.196,75.16,2005,55,4,44.41
183428,Active,644521,NA,NA,D,8,1,710569.3663,109.33,2012,23,18.98,103.61
183429,Active,663625,NA,NA,S,9,1,72223.33625,106.67,2013,37,48.99,51.96
183430,Active,366513,NA,NA,S,1,0,92439.87125,149.95,2008,36,32.98,0
183431,Active,200226,NA,NA,S,2,1,208491.54,155.95,2006,70,32.2,72.84
183432,Active,278898,NA,NA,D,5,1,311605.3013,124.95,2008,86,3.84,45.22
183433,Active,602234,NA,NA,S,4,1,1367216.483,90,2000,52,4,87.95
183434,Active,55731,NA,NA,D,4,1,324073.3088,96.95,2006,71,4,6.77
183435,Active,534141,NA,NA,S,3,1,3288371.529,76.95,2000,40,4.19,28.99
183436,Active,227622,NA,NA,S,3,1,415594.2838,102.95,2008,22,26.39,0
183437,Active,649681,NA,NA,S,3,1,591999.0275,104,2012,29,42.98,82.48
183438,Active,544987,NA,NA,D,3,1,36251.755,105,2012,53,23.98,51.99
183439,Active,247931,NA,NA,D,2,1,188195.5738,80,2008,71,5.52,21.99
183440,Active,908185,NA,NA,S,6,1,1416985.043,55.74,2009,30,4.12,26.46
183441,Active,528333,NA,NA,D,9,1,30778.72,125,2012,90,5.97,41.89
183442,Active,53507,NA,NA,D,15,1,71198.075,333.95,2009,266,4.58,32.87
183443,Active,53505,NA,NA,S,13,1,1590670.831,235.95,2003,100,3.91,3.98
183444,Active,315452,NA,NA,D,7,1,30168.92625,242.4,2011,108,4.98,100.37
183445,Active,53592,NA,NA,D,6,1,806338.7625,223.2,2009,85,4,21.49
183446,Active,148603,NA,NA,D,10,1,573996.4275,391.95,2008,57,7.03,49.99
183447,Active,147907,NA,NA,D,8,1,3218038.253,125.95,2002,40,4.36,12.06
183448,Active,549505,NA,NA,S,9,1,786027.1038,53.99,2012,26,10.98,52.99
183449,Active,309119,NA,NA,D,8,1,810157.9013,23.99,2009,63,4,21.99
183450,Active,53506,NA,NA,D,14,1,350959.6575,216.95,2006,164,4,7.46
183451,Active,288903,NA,NA,D,9,1,1559222.293,174.95,2005,61,4,12.89
183452,Active,148592,NA,NA,D,1,0,764013.315,226.95,2007,69,4,29.95
183453,Active,148526,NA,NA,D,1,0,809449.115,226.95,2007,26,5.99,36.52
183454,Active,120656,NA,NA,S,1,0,125250.6375,70.95,2010,62,4.49,0
183455,Active,2832781,NA,NA,D,3,1,9200339.336,159.95,2004,9,23.38,26.48
183456,Active,2022160,NA,NA,S,3,1,73761.74875,62.95,2013,27,39.36,45.88
183457,Active,117424,NA,NA,D,6,1,1062109.036,201.33,2008,61,4,27.98
183458,Active,60619,NA,NA,D,5,1,3133539.213,159.4,2004,40,4,9.84
183459,Active,339269,NA,NA,D,3,1,2069474.903,60.92,2005,30,4.46,48.83
183460,Active,627844,NA,NA,S,5,1,39244.78875,107.75,2013,37,33.97,65.55
183461,Active,163280,NA,NA,D,1,0,2850375.103,80,2003,29,4.47,33.99
183462,Active,162909,NA,NA,S,2,1,981059.785,79.95,2008,62,31.37,49.14
183463,Active,163503,NA,NA,D,4,1,129837.45,23.94,2009,47,4,37.99
183464,Active,279511,NA,NA,S,1,0,83378.15,51,2010,13,51,51
183465,Active,645657,NA,NA,S,2,1,520379.825,103,2001,24,32.49,79.8
183466,Active,161792,NA,NA,S,3,1,54424.92,100,2007,54,25.14,48.94
183467,Active,332034,NA,NA,D,0,0,3906982.989,62,2002,23,4.77,32.02
183468,Active,243679,NA,NA,D,2,1,607534.4838,47.5,2008,37,9.15,33.94
183469,Active,748404,NA,NA,D,1,0,3998177.19,80,2005,15,6.38,49.67
183470,Active,873991,NA,NA,D,0,0,1948215.26,30.97,2010,17,4.33,31.74
183471,Active,704954,NA,NA,D,1,0,715056.0988,49.19,2007,25,4.62,48.11
183472,Active,309721,NA,NA,D,1,0,291602.0638,50.14,2007,36,12.51,88.53
183473,Active,110393,NA,NA,D,2,1,49334.43625,226.5,2008,89,13.19,108.11
183474,Active,163398,NA,NA,S,2,1,1341081.095,65.95,2007,33,4,52.97
183475,Active,148356,NA,NA,S,7,1,171349.5463,308.95,2005,30,4.78,0
183476,Active,410720,NA,NA,S,2,1,379765.4475,230.95,2005,33,17.89,73.05
183477,Active,370622,NA,NA,S,3,1,1877448.53,81.95,1995,25,4,41.83
183478,Active,366720,NA,NA,S,4,1,1403491.323,242.95,2000,21,4,13.99
183479,Active,679311,NA,NA,S,0,0,115350.7925,23.95,2008,77,4,0
183480,Active,1840303,NA,NA,D,1,0,2811221.089,60.99,2009,19,4,66.81
183481,Active,3577551,NA,NA,S,5,1,59852.675,46.95,2015,3,45.7,45.7
183482,Active,3843977,NA,NA,S,2,1,1229562,42,2016,12,32.86,34.78
183483,Active,117061,NA,NA,D,7,1,822692.2663,155,2008,35,4.64,32.33
183484,Active,285954,NA,NA,D,6,1,1951830.449,99.6,2004,19,4,4.99
183485,Active,2257375,NA,NA,D,7,1,1975162.494,97.03,2008,41,9.49,56.57
183486,Active,367563,NA,NA,D,2,1,3148413.099,46,1995,80,4,4.01
183487,Active,205905,NA,NA,S,3,1,251663.0075,65,2003,24,10.8,47.07
183488,Active,355683,NA,NA,S,4,1,8242682.948,64.95,2003,14,4.98,47.76
183489,Active,314977,NA,NA,D,3,1,1320788.15,53.23,1900,40,4,43.98
183490,Active,254135,NA,NA,S,1,0,44073.475,117.95,2011,54,38.94,52.99
183491,Active,261070,NA,NA,D,2,1,2326967.286,54.95,2001,25,4,30.49
183492,Active,261082,NA,NA,S,3,1,256018.4763,59.95,2008,33,16.82,53.24
183493,Active,385710,NA,NA,D,2,1,1766243.495,89.99,2006,18,15.94,48.96
183494,Active,366568,NA,NA,D,1,0,190604.37,99.95,2010,84,4,11.97
183495,Active,616342,NA,NA,D,3,1,1862671.901,97.95,2005,36,4,18.99
183496,Active,528314,NA,NA,S,2,1,32746.5625,33.95,2010,37,20.38,25.13
183497,Active,404541,NA,NA,S,2,1,411051.9613,74.99,2003,56,4.72,43.63
183498,Active,363639,NA,NA,D,2,1,66994.92125,85,2009,104,6.2,15.97
183499,Active,408175,NA,NA,D,4,1,1546674.525,93.95,2004,51,4,23.96
183500,Active,200622,NA,NA,S,4,1,299064.1563,52.95,2010,42,24.27,39.99
183501,Active,366570,NA,NA,D,7,1,41809.84125,140.95,2011,163,6.97,23.99
183502,Active,293878,NA,NA,D,6,1,1149412.833,169.95,2008,33,4.59,20.06
183503,Active,366517,NA,NA,S,5,1,712821.9338,74.95,2005,45,4.14,19.29
183504,Active,200408,NA,NA,D,6,1,654386.8075,139.95,2008,96,4,8.99
183505,Active,341402,NA,NA,D,1,0,7413545.796,120,1997,14,4,21.85
183506,Active,910470,NA,NA,D,4,1,3133510.146,76.95,2003,24,4,23.98
183507,Active,373464,NA,NA,D,5,1,1131725.928,104.95,2007,31,4,20.08
183508,Active,197964,NA,NA,S,3,1,441925.3163,62.69,2008,16,23.25,33.98
183509,Active,313270,NA,NA,D,2,1,1442463.468,100,2001,18,4.49,11.99
183510,Active,402990,NA,NA,D,3,1,153896.3313,132.8,2004,27,14.99,21.42
183511,Active,326906,NA,NA,D,1,0,2449906.006,42,1999,34,4,27.72
183512,Active,288047,NA,NA,S,2,1,315181.1538,55,2006,25,16.77,38.23
183513,Active,118604,NA,NA,S,2,1,1096165.898,49.2,2009,30,7.24,42.95
183514,Active,55896,NA,NA,D,7,1,1653868.77,142.95,2004,26,4,13.94
183515,Active,55893,NA,NA,D,6,1,2333176.708,99.95,2001,29,4,43.16
183516,Active,55894,NA,NA,D,8,1,676458.1813,194,2007,25,20.47,39.98
183517,Active,528307,NA,NA,S,3,1,656669.0463,45,2009,40,8.26,19.32
183518,Active,206170,NA,NA,S,2,1,86180.24375,27.95,2007,58,10.18,30.99
183519,Active,635223,NA,NA,S,0,0,9046.375,50,2008,29,53.98,50
183520,Active,312425,NA,NA,S,2,1,536115.7163,186.67,1999,53,4,19.95
183521,Active,633329,NA,NA,S,1,0,140078.8175,41.95,2008,18,32.72,33.32
183522,Active,271028,NA,NA,S,7,1,78977.80875,96,2011,45,19.3,70.1
183523,Active,260112,NA,NA,D,6,1,934831.9225,54.95,2006,41,4,22.95
183524,Active,528305,NA,NA,S,2,1,1126693.053,54.99,2007,38,4.76,37.2
183525,Active,349898,NA,NA,S,4,1,1632660.136,128.95,2001,37,4.8,12.87
183526,Active,349823,NA,NA,D,6,1,487505.8138,106.95,2009,53,21.08,53.63
183527,Active,608638,NA,NA,D,5,1,488191.5063,117.95,2005,63,5.76,15.79
183528,Active,870505,NA,NA,D,2,1,1695115.928,32.95,2000,36,4,39.9
183529,Active,528301,NA,NA,S,6,1,487570.545,35,2010,33,4,40.45
183530,Active,297856,NA,NA,D,4,1,515769.785,193,2009,36,26.49,32.84
183531,Active,661082,NA,NA,D,5,1,925858.775,73,2012,17,32.97,0
183532,Active,2167499,NA,NA,S,4,1,70861.35875,44.99,2014,23,16.99,29.9
183533,Active,3828786,NA,NA,D,2,1,1370477.05,111,2011,28,20.65,29.32
183534,Active,573567,NA,NA,D,1,0,2187148.93,17.95,1997,33,4,43.45
183535,Active,126786,NA,NA,D,2,1,321041.9325,39.95,2005,30,4.36,10.94
183536,Active,165797,NA,NA,S,5,1,139359.8225,21.95,2005,45,10.54,0
183537,Active,285535,NA,NA,S,9,1,766508.2563,38.99,2011,17,13.99,0
183538,Active,3828677,NA,NA,S,0,0,74879.925,59.99,2010,5,33.91,59.99
183539,Active,632455,NA,NA,S,7,1,2415455.551,365,1999,18,38.69,143.27
183540,Active,804303,NA,NA,D,22,1,1753459.215,315,2008,19,60.96,210.99
183541,Active,210849,NA,NA,S,10,1,208741.2225,48.95,2002,42,11.97,16.99
183542,Active,637528,NA,NA,D,0,0,622592.1175,43.95,1995,27,9.01,0
183543,Active,661315,NA,NA,S,0,0,40651.065,81.95,2009,44,44.79,0
183544,Active,58015,NA,NA,S,3,1,646539.2225,128.95,2002,32,4,58.57
183545,Active,58016,NA,NA,S,2,1,947162.73,97.95,1998,41,4,35.52
183546,Active,3228037,NA,NA,S,3,1,254993.5613,102.88,2004,65,5.59,57
183547,Active,244227,NA,NA,D,5,1,36389.0475,191.95,2012,64,32.65,72.49
183548,Active,170174,NA,NA,D,1,0,191152.3013,200.95,2010,40,4.16,78.54
183549,Active,116383,NA,NA,D,0,0,182470.0438,105.2,2003,34,10.49,45.57
183550,Active,528297,NA,NA,S,2,1,49814.59875,114,2012,37,43.94,73.98
183551,Active,120274,NA,NA,D,6,1,391223.9013,160.8,2011,40,33.94,128.91
183552,Active,528296,NA,NA,D,5,1,417012.5838,126.6,2007,24,7.3,100.05
183553,Active,154348,NA,NA,S,0,0,24178.6,114,2006,52,44.84,85.99
183554,Active,641475,NA,NA,S,4,1,129678.9925,81,2010,25,70.32,63.94
183555,Active,224540,NA,NA,D,5,1,1005402.015,74.2,1999,34,4,23.83
183556,Active,134723,NA,NA,D,7,1,96013.2025,43,2007,36,5.71,32.43
183557,Active,134724,NA,NA,S,7,1,20628.53875,17,2007,510,4,7.58
183558,Active,671859,NA,NA,D,0,0,556596.1838,45,2001,18,61.89,0
183559,Active,3944406,NA,NA,D,5,1,2152609.15,39.95,1999,17,28.77,258.15
183560,Active,282301,NA,NA,D,4,1,436836.8663,46.21,2009,27,13.02,55.87
183561,Active,501042,NA,NA,S,5,1,892545.1775,69.99,2012,24,28.93,32.15
183562,Active,233830,NA,NA,D,2,1,613124.2063,58,2004,30,34.95,0
183563,Active,202833,NA,NA,D,2,1,343201.7675,221.95,2003,40,7.96,53.57
183564,Active,528294,NA,NA,S,2,1,364397.3613,89.99,2011,19,36.99,69.91
183565,Active,439341,NA,NA,D,1,0,1396290.039,114,2005,44,4,39.89
183566,Active,1588708,NA,NA,D,1,0,1706997.448,99,2009,15,31.7,42.17
183567,Active,632933,NA,NA,D,4,1,449797.2538,130,2007,21,60.84,96.14
183568,Active,774905,NA,NA,D,3,1,3451998.794,79.95,2001,15,11.97,73.83
183569,Active,630574,NA,NA,S,4,1,224703.0538,99.99,2012,38,36.97,46.85
183570,Active,577403,NA,NA,S,1,0,68635.5,97.99,2011,32,22.83,59.99
183571,Active,3120662,NA,NA,D,0,0,2760180.765,15.56,2003,20,4,11.82
183572,Active,652719,NA,NA,D,10,1,946229.49,269.95,2011,26,113.99,847.71
183573,Active,255415,NA,NA,D,9,1,1151868.329,179.95,2007,9,13.97,59.54
183574,Active,915140,NA,NA,S,5,1,3481511.304,54.95,2004,23,4,9.49
183575,Active,1936190,NA,NA,S,7,1,222222.9713,69.99,2014,18,28.94,42.75
183576,Active,626035,NA,NA,D,6,1,2177790.615,61.99,2005,26,4,10.86
183577,Active,217718,NA,NA,S,3,1,143328.095,72.99,2009,70,19.08,18.99
183578,Active,911910,NA,NA,D,6,1,1530154.553,89,2007,18,4,48.13
183579,Active,265322,NA,NA,D,7,1,781595.7888,97,2010,37,11.97,115.59
183580,Active,905288,NA,NA,S,8,1,377970.6063,71.99,2014,20,17.29,39.73
183581,Active,2650091,NA,NA,D,0,0,7723075.111,141.99,2001,17,10.44,107.22
183582,Active,778437,NA,NA,D,1,0,1113324.439,105.95,2006,23,49.63,60.94
183583,Active,203647,NA,NA,D,2,1,1443569.626,59.95,2004,34,4,39.71
183584,Active,204082,NA,NA,D,3,1,495422.8775,72,2008,32,12.34,52.44
183585,Active,174953,NA,NA,D,1,0,1356991.531,72,2007,14,6.38,30.97
183586,Active,860406,NA,NA,S,6,1,947100.7188,79.99,2011,23,9.93,10.79
183587,Active,629679,NA,NA,S,4,1,335320.6313,74.99,2009,44,5.48,6.95
183588,Active,2698201,NA,NA,D,2,1,2732625.703,49.95,2004,12,6.39,73.99
183589,Active,2679214,NA,NA,D,0,0,1914926.43,75,1993,20,4.71,46.41
183590,Active,1959200,NA,NA,D,4,1,3851434.364,92.95,2011,12,73.02,79.86
183591,Active,789645,NA,NA,S,4,1,1488941.186,79.99,2008,18,5.88,10.37
183592,Active,147370,NA,NA,D,4,1,1555946.026,53.95,2006,32,4,13.27
183593,Active,528288,NA,NA,S,5,1,175683.4263,69.95,2010,41,9.44,36.33
183594,Active,610227,NA,NA,S,6,1,322628.1863,73.99,2013,20,33.99,39.72
183595,Active,210917,NA,NA,D,4,1,1158195.545,39.95,2005,91,3.99,9.88
183596,Active,867304,NA,NA,S,6,1,31171.63375,53.95,2014,75,24.38,31.98
183597,Active,211023,NA,NA,D,5,1,196724.1775,46.95,2010,167,4.48,11.99
183598,Active,867616,NA,NA,S,9,1,7128.71375,66.99,2014,50,39.49,43.58
183599,Active,875118,NA,NA,S,8,1,2584292.601,106.95,2008,18,12.6,83.64
183600,Active,190238,NA,NA,S,3,1,717494.855,104.43,2000,22,18.99,69.17
183601,Active,147649,NA,NA,S,7,1,200543.5213,59.95,2010,43,18.74,38.99
183602,Active,758644,NA,NA,D,21,1,535869.7813,112.13,1998,23,4.59,78.85
183603,Active,164562,NA,NA,D,22,1,193482.87,66.12,2001,37,20.62,73.37
183604,Active,203493,NA,NA,D,5,1,2861722.023,59.95,2003,20,4,23.98
183605,Active,203934,NA,NA,D,6,1,464428.9788,61.95,2007,35,4.09,23.25
183606,Active,789382,NA,NA,D,6,1,6602489.359,59.95,2004,16,4,10.74
183607,Active,789836,NA,NA,D,7,1,1701375.535,69.99,2008,29,5.57,9.55
183608,Active,778453,NA,NA,D,11,1,1492222.58,36.95,2006,30,3.97,5.99
183609,Active,200514,NA,NA,D,12,1,304335.465,59.95,2009,46,3.99,21.99
183610,Active,629678,NA,NA,D,5,1,2189850.789,71.99,2008,24,3.99,26.3
183611,Active,895031,NA,NA,S,8,1,307202.3363,76.99,2014,24,18.19,38.93
183612,Active,204173,NA,NA,D,7,1,970851.785,71.99,2007,32,4,10.98
183613,Active,203866,NA,NA,S,6,1,1652451.745,73.99,2007,40,21.42,25.99
183614,Active,865425,NA,NA,S,8,1,398224.4713,69.95,2014,12,26.47,50.72
183615,Active,294154,NA,NA,S,6,1,1354100.244,68.99,2005,38,4,36.45
183616,Active,545676,NA,NA,S,7,1,951680.2925,76.99,2012,35,8.48,13.64
183617,Active,159430,NA,NA,D,5,1,1232130.054,72,2001,25,4,46.63
183618,Active,218531,NA,NA,S,1,0,56138.825,69.95,1999,24,21.12,74.92
183619,Active,3470746,NA,NA,D,3,1,8553069.7,116.95,1999,21,6.38,62.23
183620,Active,528282,NA,NA,D,5,1,1112275.309,170,2010,39,68.67,121.98
183621,Active,203957,NA,NA,S,7,1,1264644.324,71.99,2007,26,5.47,0
183622,Active,528281,NA,NA,S,5,1,34753.65125,79.95,2011,66,49.79,48.23
183623,Active,911463,NA,NA,D,8,1,3124974.713,55.95,1988,28,4,43.94
183624,Active,1943422,NA,NA,S,5,1,11180.975,46.95,2014,148,18.96,28.99
183625,Active,192821,NA,NA,D,2,1,839350.1,56.95,2002,42,4,10.99
183626,Active,155538,NA,NA,D,1,0,1750395.13,94.99,2004,17,7.29,72.51
183627,Active,1588914,NA,NA,D,1,0,717728.0138,59,2009,17,6.74,48.46
183628,Active,54511,NA,NA,D,17,1,84343.84,89.51,2008,81,4.97,63.73
183629,Active,54510,NA,NA,D,16,1,90792.8575,323.91,2006,82,4.19,92.55
183630,Active,528277,NA,NA,D,2,1,318721.1213,74.95,2008,29,38.25,127.81
183631,Active,266679,NA,NA,D,0,0,1109950.719,44.95,2005,24,28.64,73.97
183632,Active,897362,NA,NA,D,2,1,2275746.296,165,2005,17,43.99,113.99
183633,Active,902864,NA,NA,D,0,0,1590798.636,105,2000,15,21.74,151.34
183634,Active,655581,NA,NA,D,1,0,751337.5663,85,2011,22,41.02,0
183635,Active,654465,NA,NA,S,2,1,948650.015,89.99,2012,18,20.98,42.16
183636,Active,907281,NA,NA,D,1,0,604815.0463,41.2,1992,19,4,72.73
183637,Active,618869,NA,NA,S,4,1,365064.8763,39.8,1990,48,6.13,19.98
183638,Active,878498,NA,NA,D,5,1,205963.485,69.8,1998,51,31.98,77.98
183639,Active,249090,NA,NA,D,1,0,617116.0775,96.95,2008,55,26.77,77.27
183640,Active,665216,NA,NA,S,6,1,30372.5,47.95,2010,21,42.13,42.14
183641,Active,2398810,NA,NA,D,0,0,4090279.073,38.95,1990,11,5.19,0
183642,Active,1900477,NA,NA,S,0,0,448334.9438,161.95,2011,37,12.54,23.94
183643,Active,643893,NA,NA,D,5,1,164156.8213,147.95,2010,27,17.71,0
183644,Active,631690,NA,NA,D,4,1,560062.77,115.95,2008,24,4.57,66.01
183645,Active,2427604,NA,NA,S,3,1,1510405.566,96,1995,52,4.47,24.19
183646,Active,129723,NA,NA,S,4,1,322815.4238,122,2000,40,5.23,28.48
183647,Active,116836,NA,NA,D,5,1,616975.8563,164,2005,45,6.64,48.83
183648,Active,120754,NA,NA,D,6,1,126443.7313,205,2009,41,29.94,91.47
183649,Active,2176887,NA,NA,D,1,0,833530.495,138.95,2009,18,79.99,103.99
183650,Active,621065,NA,NA,S,6,1,384385.8588,195.8,1992,51,4.71,45.23
183651,Active,2386731,NA,NA,S,4,1,5348232.573,452.4,1982,15,4.38,96.34
183652,Active,204817,NA,NA,D,4,1,1419056.674,65,1997,47,4,11.94
183653,Active,106847,NA,NA,S,1,0,32782.675,90,2011,33,48.38,48.41
183654,Active,599131,NA,NA,D,2,1,1251003.131,75,2007,18,6.35,17.48
183655,Active,567860,NA,NA,S,0,0,19995.7,95,2007,26,53.96,54.02
183656,Active,2427134,NA,NA,S,2,1,4431598.044,82.75,1991,27,4,45.26
183657,Active,630235,NA,NA,S,2,1,602844.5813,89.95,2005,17,20.49,20.49
183658,Active,901177,NA,NA,D,1,0,2427347.029,139,2008,17,7.69,20.99
183659,Active,1496156,NA,NA,S,1,0,377591.6838,14.99,2010,36,6.04,9.29
183660,Active,919917,NA,NA,S,1,0,465425.2913,37.99,1998,53,5.96,12.23
183661,Active,619540,NA,NA,S,1,0,85891.3775,162,2013,33,45.82,45.84
183662,Active,646836,NA,NA,S,1,0,193082.1463,162,2013,23,47.18,68.99
183663,Active,120590,NA,NA,D,9,1,235113.1088,119.6,2008,50,4.87,41.94
183664,Active,116027,NA,NA,D,8,1,365784.0825,90.8,2004,56,4,33.49
183665,Active,126426,NA,NA,S,2,1,214818.8475,112.95,1999,62,6.44,43.49
183666,Active,2670834,NA,NA,S,3,1,2677880.964,70.3,1997,22,4,45.82
183667,Active,550194,NA,NA,S,4,1,110170.8038,83.61,2000,61,7.4,28.99
183668,Active,599020,NA,NA,S,7,1,66313.66375,99.95,2011,56,45.73,58.8
183669,Active,260559,NA,NA,S,2,1,555348.8025,33.95,2001,53,4.13,10
183670,Active,538805,NA,NA,S,7,1,6294.725,144.5,2012,88,46.98,53.99
183671,Active,606912,NA,NA,D,4,1,1019767.168,6.89,2005,100,4,13.94
183672,Active,110670,NA,NA,D,6,1,65832.42875,60.93,2009,79,11.91,53.39
183673,Active,60621,NA,NA,D,5,1,336222.9263,23.97,2007,89,4,23.97
183674,Active,616226,NA,NA,S,2,1,447521.1188,43.99,1998,94,4,12.53
183675,Active,782083,NA,NA,S,2,1,289314.0925,34.99,2011,18,18.96,27.48
183676,Active,862985,NA,NA,S,5,1,196444.8188,110,2001,40,7.22,61.41
183677,Active,1724532,NA,NA,S,2,1,89556.875,65,2014,20,31.77,39.21
183678,Active,550308,NA,NA,D,6,1,710780.7625,146.25,2006,41,8.84,40.98
183679,Active,50226,NA,NA,S,8,1,354338.1013,168.76,2009,34,43.49,98.67
183680,Active,50223,NA,NA,D,5,1,512888.6288,153.5,2004,58,4,16.86
183681,Active,481224,NA,NA,S,6,1,161669.5838,144.33,2004,45,18.98,86.97
183682,Active,426262,NA,NA,D,3,1,428695.45,132.95,2008,64,8.24,33.99
183683,Active,606775,NA,NA,S,3,1,14310.4425,27.95,2006,43,15,18.8
183684,Active,287255,NA,NA,D,0,0,2229508.533,59.95,2006,26,4,72.89
183685,Active,650339,NA,NA,S,1,0,851568.1613,63,2010,17,46.32,52.67
183686,Active,3469860,NA,NA,D,1,0,1698667.95,81.95,1999,32,5.09,50.65
183687,Active,622767,NA,NA,D,2,1,205668.3138,88.95,2005,27,29.51,83.33
183688,Active,657737,NA,NA,S,5,1,706998.7575,65,2001,33,5.56,45.67
183689,Active,529420,NA,NA,S,3,1,59885.47125,96.99,2006,63,7.92,50.49
183690,Active,1692391,NA,NA,S,0,0,512603.3338,39.99,2014,22,19.73,26.35
183691,Active,1724445,NA,NA,S,0,0,238749.99,50,2012,44,23.53,31.19
183692,Active,628848,NA,NA,S,9,1,282141.6138,84.95,2006,54,19.97,36.91
183693,Active,181374,NA,NA,D,1,0,2126090.648,51.73,2002,32,4,8.97
183694,Active,910581,NA,NA,D,1,0,3900386.343,62.53,2008,26,4,42.94
183695,Active,1848781,NA,NA,S,3,1,279626.5238,57.32,2011,30,17.74,32.15
183696,Active,636519,NA,NA,D,1,0,623744.3538,51.95,2004,24,6.64,29.58
183697,Active,715982,NA,NA,S,6,1,1222526.654,93,2011,14,46.33,78.45
183698,Active,315149,NA,NA,D,5,1,394064.2463,174.6,2008,46,9.92,58.07
183699,Active,402816,NA,NA,S,3,1,2682749.524,93.33,2002,41,4,8.46
183700,Active,314347,NA,NA,D,4,1,1190541.855,122.67,2004,55,4,8.43
183701,Active,385582,NA,NA,D,2,1,2091052.931,78,2007,20,5.24,53.47
183702,Active,646841,NA,NA,S,4,1,369106.72,249.5,2013,27,17.69,25.78
183703,Active,528472,NA,NA,S,11,1,375362.125,194.5,2012,33,16.88,114
183704,Active,51584,NA,NA,D,14,1,733990.6575,335.95,2007,77,4,14.28
183705,Active,649456,NA,NA,S,4,1,274429.19,137.86,2013,38,7.48,199.16
183706,Active,51579,NA,NA,D,15,1,258827.4113,293.95,2008,73,4,9.97
183707,Active,538821,NA,NA,D,4,1,6522.0875,272,2013,212,8.86,22.67
183708,Active,2334976,NA,NA,S,11,1,3961125.699,76.35,1996,27,4,23.94
183709,Active,107847,NA,NA,D,13,1,1589662.116,64.32,2004,33,4.98,48.14
183710,Active,869470,NA,NA,D,1,0,849152.0525,59,2009,16,4,33.99
183711,Active,587582,NA,NA,D,16,1,123044.6375,217.95,2011,74,13.71,98.73
183712,Active,137495,NA,NA,D,4,1,2749964.565,110.67,2005,31,4.78,15.67
183713,Active,528270,NA,NA,D,5,1,1229631.808,167.4,2009,30,4.66,12.99
183714,Active,872642,NA,NA,S,12,1,30246.73875,153.47,2014,49,43.49,91.93
183715,Active,533759,NA,NA,D,11,1,4709.515,226.67,2012,167,13.85,63.99
183716,Active,51469,NA,NA,D,9,1,123157.0138,188,2008,169,4,21.48
183717,Active,51470,NA,NA,D,10,1,56135.96125,210,2010,118,4.99,33.98
183718,Active,595935,NA,NA,S,1,0,14783.7,39.95,2013,27,22.34,35.23
183719,Active,663578,NA,NA,S,1,0,15868.25,49.99,2014,12,29.56,27.54
183720,Active,864431,NA,NA,S,1,0,226695.9813,75.95,2013,31,22.41,29.83
183721,Active,223007,NA,NA,S,2,1,681074.0063,274.95,1999,40,4,78.81
183722,Active,538556,NA,NA,S,36,1,723023.3188,29.99,2013,41,15.74,47.41
183723,Active,594075,NA,NA,D,11,1,499250.2113,376.95,2010,115,5.48,41.46
183724,Active,53476,NA,NA,D,3,1,104053.635,22.97,2011,213,4.58,18.31
183725,Active,615029,NA,NA,S,14,1,672083.92,154.69,2007,37,11.92,77.49
183726,Active,53474,NA,NA,D,1,0,1817054.825,4.88,2007,49,4,8.99
183727,Active,873553,NA,NA,D,11,1,396932.5538,154.95,2008,36,10.65,83.67
183728,Active,60623,NA,NA,D,10,1,1539207.771,127.95,2006,24,6.97,54.32
183729,Active,52916,NA,NA,S,9,1,541562.1625,14.93,2008,153,4,7.7
183730,Active,864688,NA,NA,D,12,1,2798.90375,272,2014,135,10.3,86.49
183731,Active,614240,NA,NA,D,1,0,486397.7125,92,2009,43,5.45,11.48
183732,Active,109714,NA,NA,D,14,1,673512.4138,72.6,2005,52,6.8,56.21
183733,Active,552839,NA,NA,S,2,1,36383.55125,119.4,2011,69,48.5,77.99
183734,Active,108100,NA,NA,S,8,1,2211913.356,129.95,2005,75,4,10.99
183735,Active,533638,NA,NA,D,11,1,5552.905,83.96,2012,195,9.12,28.99
183736,Active,706035,NA,NA,S,1,0,10465.765,195.67,2014,141,44.06,78.74
183737,Active,631473,NA,NA,S,7,1,277357.8325,153.47,2011,26,10.72,13.68
183738,Active,51578,NA,NA,S,15,1,940933.9375,266.95,2008,17,8.99,20.99
183739,Active,544474,NA,NA,D,17,1,14122.06875,221.95,2013,90,13.58,43.94
183740,Active,562005,NA,NA,D,9,1,166538.5913,373.95,2007,74,4,17.95
183741,Active,2695245,NA,NA,D,4,1,2493698.185,59.95,2004,27,4,46.26
183742,Active,575617,NA,NA,D,5,1,1099612.808,65,2011,22,22.4,28.43
183743,Active,534342,NA,NA,S,0,0,487768.4475,51.56,2006,20,4.42,48.94
183744,Active,53475,NA,NA,D,2,1,498915.29,13.42,2009,175,4,12.98
183745,Active,114347,NA,NA,S,2,1,342372.9825,124,2002,21,6.97,68.13
183746,Active,247385,NA,NA,S,2,1,426877.16,70,2004,19,7.9,42.93
183747,Active,302735,NA,NA,S,3,1,927562.42,112.5,2002,98,4.72,9.9
183748,Active,547818,NA,NA,S,2,1,2907216.315,114,1995,45,4,8.43
183749,Active,178647,NA,NA,S,2,1,747769.7988,91.95,2010,68,4,13.99
183750,Active,601499,NA,NA,D,2,1,2753892.274,61.95,2004,21,4,0
183751,Active,247898,NA,NA,D,0,0,641207.7513,55,2009,32,10.88,49.57
183752,Active,877096,NA,NA,S,3,1,2030184.581,105.33,2002,37,4,17.92
183753,Active,60624,NA,NA,D,4,1,1019477.239,114.4,2005,77,4,18.99
183754,Active,528267,NA,NA,D,5,1,52304.70375,158,2009,91,9.17,26.16
183755,Active,539274,NA,NA,D,6,1,12132.73625,184.6,2013,67,19.23,93.92
183756,Active,528266,NA,NA,D,2,1,327882.6838,112,2009,60,5,17.7
183757,Active,1755053,NA,NA,S,2,1,142193.725,45,2013,17,33.98,44.99
183758,Active,552224,NA,NA,S,4,1,507345.5838,189.8,2006,56,4.31,0
183759,Active,314939,NA,NA,D,14,1,2964.9575,294.4,2011,210,6.78,58.24
183760,Active,698659,NA,NA,D,10,1,1444045.376,94.5,2010,27,4,43.12
183761,Active,877496,NA,NA,D,3,1,1529283.308,45.17,2005,49,5.62,22.85
183762,Active,336930,NA,NA,S,1,0,957777.125,59.95,2012,26,14.59,42.09
183763,Active,315388,NA,NA,D,2,1,3508364.814,82,1998,30,4.76,27.99
183764,Active,326190,NA,NA,D,3,1,7076152.748,87.5,2002,23,3.49,65.24
183765,Active,2712572,NA,NA,D,0,0,1018393.828,178.95,2004,23,4.98,48.07
183766,Active,309113,NA,NA,D,1,0,501607.44,77.86,2009,82,4,40.44
183767,Active,51015,NA,NA,D,10,1,400756.175,42.72,2010,55,11.77,46.87
183768,Active,50923,NA,NA,D,7,1,355301.8288,13.98,2009,51,4.76,33.66
183769,Active,50924,NA,NA,D,6,1,837304.2188,7.04,2006,50,3.99,4.58
183770,Active,698931,NA,NA,D,7,1,2974432.801,105.5,2010,22,4,37.58
183771,Active,566825,NA,NA,D,0,0,449419.4188,53,2005,32,12.89,74.8
183772,Active,51014,NA,NA,D,9,1,854139.2363,12.99,2008,62,4,12.74
183773,Active,50884,NA,NA,D,13,1,159089.79,217.33,2008,309,4.02,16.99
183774,Active,50926,NA,NA,D,3,1,979222.2325,192.67,2006,83,4,11.14
183775,Active,50925,NA,NA,D,2,1,3693261.923,144.4,2003,45,4,7.99
183776,Active,50922,NA,NA,S,5,1,1907068.358,8.99,2004,34,3.99,8.99
183777,Active,51013,NA,NA,D,8,1,1812133.696,15.05,2006,53,4,14.09
183778,Active,50883,NA,NA,D,12,1,360496.1638,166.67,2006,223,4,13.83
183779,Active,545075,NA,NA,S,2,1,1080850.153,54.95,2006,47,4,16.93
183780,Active,117736,NA,NA,D,1,0,537977.7375,39.99,2006,70,4,12.18
183781,Active,121249,NA,NA,D,2,1,139005.5238,54.99,2010,41,20.49,72.61
183782,Active,167040,NA,NA,D,10,1,1514133.835,10.2,2005,46,4,10.2
183783,Active,528262,NA,NA,D,11,1,499582.0338,18.9,2009,63,4,11.22
183784,Active,663739,NA,NA,S,12,1,41957.05625,118.25,2013,56,5.8,54.1
183785,Active,113646,NA,NA,S,9,1,152197.8075,183.2,2001,30,39.05,147.9
183786,Active,116446,NA,NA,D,2,1,1019788.475,104.33,2004,49,4.17,18.39
183787,Active,710094,NA,NA,D,1,0,2502222.32,80,2001,31,4,6.02
183788,Active,121596,NA,NA,D,4,1,1142589.105,82.8,2010,16,4.48,5.99
183789,Active,528260,NA,NA,D,4,1,110302.9125,82.8,2010,48,6.5,59.99
183790,Active,552875,NA,NA,D,3,1,707402.24,7.98,2008,29,4,15.52
183791,Active,919579,NA,NA,D,5,1,3938196.031,51.95,2002,35,3.95,33.98
183792,Active,653668,NA,NA,D,6,1,1888900.919,50.95,2007,26,4.69,39.05
183793,Active,520576,NA,NA,D,2,1,2336207.07,70.95,2005,21,5.51,40.84
183794,Active,51581,NA,NA,S,13,1,1453603.394,281.95,2006,48,4,5.41
183795,Active,52985,NA,NA,D,6,1,386189.1775,189.33,2008,127,4.13,16.66
183796,Active,52984,NA,NA,D,5,1,509675.5113,162.67,2006,118,4,10.39
183797,Active,767187,NA,NA,D,1,0,7303999.468,181.95,1998,18,1.21,22.46
183798,Active,879686,NA,NA,S,4,1,4502727.455,153.33,2004,12,4.33,53.99
183799,Active,53303,NA,NA,S,6,1,3387697.258,20.19,2004,43,4,17.78
183800,Active,60625,NA,NA,D,9,1,287426.9988,240.95,2004,33,4,16.69
183801,Active,626397,NA,NA,D,5,1,167039.45,223.27,2006,50,8.01,8.97
183802,Active,183449,NA,NA,S,2,1,672453.4975,290.95,2006,76,4.18,21.46
183803,Active,290367,NA,NA,S,8,1,2245092.503,11.85,2003,32,4.55,12.74
183804,Active,528255,NA,NA,S,3,1,736997.4138,144.95,2006,22,46.09,94.95
183805,Active,53895,NA,NA,D,6,1,38368.61625,239.4,2009,51,8.99,101.39
183806,Active,53302,NA,NA,D,8,1,186268.6188,18.79,2009,72,4.47,21.87
183807,Active,873410,NA,NA,D,10,1,1351629.13,112,2009,25,17.29,73.36
183808,Active,54175,NA,NA,D,10,1,370058.8538,55.26,2009,33,13.33,58.33
183809,Active,692286,NA,NA,D,8,1,1753343.366,131.95,2001,41,4.14,42.99
183810,Active,53894,NA,NA,D,5,1,671296.545,20.99,2006,47,4,18.98
183811,Active,53304,NA,NA,D,7,1,1332732.75,169.5,2006,47,4.17,48.47
183812,Active,54174,NA,NA,D,9,1,841740.6913,18,2006,35,4,13.98
183813,Active,528256,NA,NA,D,8,1,31430.525,130,2012,58,15.66,49.98
183814,Active,162273,NA,NA,D,7,1,345008.3725,23.98,2009,94,4,22.34
183815,Active,162137,NA,NA,S,6,1,675267.4488,8.21,2007,49,4,10.25
183816,Active,110386,NA,NA,S,4,1,451967.9888,57.85,2008,44,11.02,28.99
183817,Active,539128,NA,NA,S,5,1,2360661.236,175,2005,15,4.34,72.63
183818,Active,52917,NA,NA,D,10,1,150779.285,199.33,2010,182,4,34.02
183819,Active,692263,NA,NA,S,2,1,1124268.375,162.95,2001,24,4,5.99
183820,Active,107955,NA,NA,S,4,1,2425055.628,87.18,2002,33,4,25.99
183821,Active,558990,NA,NA,S,4,1,632049.575,226,2008,18,4.69,63.68
183822,Active,52141,NA,NA,D,3,1,2471290.133,162.95,2004,38,4.12,8.35
183823,Active,110190,NA,NA,D,7,1,106517.3838,52.99,2010,43,13.13,53.48
183824,Active,2697448,NA,NA,D,2,1,3686545.755,39.95,1998,18,4.97,53.15
183825,Active,108793,NA,NA,D,5,1,1256601.459,13.66,2005,35,4,15.44
183826,Active,52142,NA,NA,D,4,1,340199.7913,297.95,2007,64,4,39.74
183827,Active,2924410,NA,NA,S,6,1,146872.6775,144.33,2015,37,33.89,41.34
183828,Active,537605,NA,NA,D,5,1,5012.3725,204,2012,177,8.99,35.97
183829,Active,51666,NA,NA,D,4,1,116009.1125,26.23,2010,133,4,26.08
183830,Active,51665,NA,NA,D,3,1,232033.2438,28.75,2008,150,4,15.18
183831,Active,580255,NA,NA,S,2,1,1370513.484,34.95,2009,30,4.93,97.29
183832,Active,576604,NA,NA,D,3,1,2660040.111,108.95,2004,26,4,16.4
183833,Active,543339,NA,NA,D,2,1,2005516.435,84.95,2004,28,4,16.46
183834,Active,766336,NA,NA,S,2,1,1967691.239,107.95,2010,26,12.02,33.98
183835,Active,642912,NA,NA,S,1,0,52080.925,75,2007,25,28.68,33.13
183836,Active,2525782,NA,NA,D,1,0,5211749.929,64.95,1997,15,19.17,73.67
183837,Active,1590092,NA,NA,S,2,1,428584.4638,84.99,2009,32,43.99,59.49
183838,Active,294173,NA,NA,D,3,1,177378.5113,77.5,2008,108,6.06,19.98
183839,Active,203355,NA,NA,D,2,1,677034.4188,68.95,2004,88,3.97,20.99
183840,Active,191497,NA,NA,D,0,0,297539.715,39.95,1999,28,13.4,43.99
183841,Active,910017,NA,NA,S,2,1,129504.3613,75,2013,24,29.18,35.5
183842,Active,3218272,NA,NA,S,7,1,673678.19,202.65,1967,14,11.23,210.58
183843,Active,103839,NA,NA,D,10,1,433992.0563,150,1996,39,31.88,106.58
183844,Active,875742,NA,NA,D,9,1,610548.0888,154.4,1987,50,5.83,109.89
183845,Active,618249,NA,NA,S,1,0,252316.9,77.25,2011,110,4,16.99
183846,Active,53068,NA,NA,D,5,1,3280364.058,72.45,2003,39,4,10.58
183847,Active,109447,NA,NA,D,6,1,2690953.839,104.69,2006,19,5.44,12.49
183848,Active,53070,NA,NA,D,7,1,414776.815,22.99,2008,51,8.27,21.98
183849,Active,53069,NA,NA,D,6,1,1159138.695,111,2006,29,4,7.97
183850,Active,541236,NA,NA,S,1,0,40022.72625,49,1999,36,33.62,38.61
183851,Active,53149,NA,NA,D,7,1,207185.615,31.17,2010,129,5.66,17.5
183852,Active,111794,NA,NA,D,7,1,1349493.729,154.53,2010,17,15.71,69.49
183853,Active,61113,NA,NA,S,5,1,3076982.054,124.69,2005,23,4.71,6
183854,Active,877078,NA,NA,D,7,1,665035.8788,26.04,2011,31,4.04,20.68
183855,Active,53148,NA,NA,D,6,1,681730.0638,37.87,2007,86,4,34.31
183856,Active,53301,NA,NA,D,6,1,566547.2463,124.67,2009,55,4,17.86
183857,Active,58524,NA,NA,S,4,1,2745701.83,90.67,2002,37,3.99,8.71
183858,Active,133066,NA,NA,D,7,1,71469.62625,159,2010,100,4.68,67.48
183859,Active,53300,NA,NA,D,6,1,1051933.738,136.6,2011,40,3.88,16.64
183860,Active,53147,NA,NA,D,5,1,1787910.49,16.11,2005,54,4,65.25
183861,Active,60626,NA,NA,D,6,1,726020.1825,147,2007,136,4,14.99
183862,Active,660963,NA,NA,S,3,1,454491.9513,124.67,2012,28,33.73,96.4
183863,Active,53382,NA,NA,D,10,1,343182.7013,23.9,2008,156,4,21.99
183864,Active,169777,NA,NA,D,10,1,2000704.328,27.98,2008,19,5.89,27.98
183865,Active,53383,NA,NA,D,9,1,1633439.911,145,2005,108,4,4.96
183866,Active,643180,NA,NA,D,11,1,705063.9175,95.99,2007,23,13.97,59.35
183867,Active,2664629,NA,NA,D,10,1,1418983.835,64.95,2001,44,4,36.85
183868,Active,663786,NA,NA,S,12,1,68686.11875,102.99,2013,27,42.99,47.65
183869,Active,168724,NA,NA,S,0,0,50568.5125,6.95,2003,54,4,4
183870,Active,113303,NA,NA,D,2,1,428532.91,130,1995,28,20.98,127.7
183871,Active,908356,NA,NA,D,0,0,909119.98,12.95,2008,24,5.74,9.3
183872,Active,721712,NA,NA,S,1,0,1655902.399,41.95,2006,50,8.02,26.74
183873,Active,528248,NA,NA,S,3,1,75665.19625,49,2012,31,39.78,36.75
183874,Active,368065,NA,NA,D,2,1,540701.3338,45,2005,36,7.06,21.49
183875,Active,3091281,NA,NA,S,0,0,374753.3088,19.95,2004,19,14.97,19.95
183876,Active,434747,NA,NA,S,8,1,904963.0738,86.95,2009,201,4,7.73
183877,Active,294147,NA,NA,D,5,1,550939.0738,82.95,2005,47,6.97,21.99
183878,Active,1958085,NA,NA,S,0,0,30150.625,50,2014,20,23.89,26.86
183879,Active,1684157,NA,NA,S,1,0,124702.1875,24.99,2012,17,17.33,22.98
183880,Active,2752504,NA,NA,S,0,0,145787.0725,49.99,2015,52,16.98,29.55
183881,Active,1684377,NA,NA,S,0,0,49911.5,49.99,2015,17,35.17,31.31
183882,Active,576440,NA,NA,S,2,1,256000.9813,72,2006,66,14.96,37.19
183883,Active,613030,NA,NA,S,2,1,3148.57875,34.75,1978,135,14.64,27.19
183884,Active,654793,NA,NA,S,4,1,526831.4413,48,2007,21,19.48,35.48
183885,Active,782336,NA,NA,S,0,0,32183.45,39.99,2012,13,26.9,26.9
183886,Active,161660,NA,NA,D,2,1,130484.9413,125.83,2009,39,9.14,139.81
183887,Active,164815,NA,NA,D,1,0,1364122.254,12.99,2007,29,4,11
183888,Active,868028,NA,NA,D,1,0,886456.54,13.89,2009,66,4,12.09
183889,Active,633695,NA,NA,S,2,1,32227.42,181.25,2013,47,35.96,138.96
183890,Active,696382,NA,NA,D,4,1,1593758.28,94.95,1997,23,8.26,58.8
183891,Active,702236,NA,NA,S,6,1,908382.4875,100,2012,25,32.41,34.99
183892,Active,869898,NA,NA,S,4,1,1233773.631,60.95,1997,22,4.75,22.98
183893,Active,788366,NA,NA,S,5,1,1075881.821,252.95,2002,33,4.77,119.98
183894,Active,624315,NA,NA,S,1,0,126658.775,130,2010,25,31.24,31.28
183895,Active,545769,NA,NA,D,4,1,26147.98375,90,2013,153,6.32,18.46
183896,Active,229156,NA,NA,D,2,1,1177376.724,44.95,2007,64,4.05,10.83
183897,Active,270676,NA,NA,D,3,1,405649.0788,81,2010,132,4,11.98
183898,Active,528244,NA,NA,S,4,1,170298.765,110.95,2011,31,33.99,71.98
183899,Active,676858,NA,NA,D,0,0,3389274.009,24.5,2003,21,4,7.18
183900,Active,143047,NA,NA,D,6,1,1261320.535,41,2006,42,4,8.93
183901,Active,765852,NA,NA,D,4,1,1919122.116,140.95,2005,43,4,9.95
183902,Active,875731,NA,NA,D,5,1,910274.03,233.95,2008,49,4,43.91
183903,Active,567771,NA,NA,D,6,1,115084.64,219.95,2011,48,9.88,40.6
183904,Active,111984,NA,NA,D,17,1,2013702.906,39.71,2011,23,4,8.36
183905,Active,270646,NA,NA,S,8,1,261615.72,59.95,2009,84,4,37.63
183906,Active,921182,NA,NA,S,0,0,32330.89,78,2014,47,43.99,47.76
183907,Active,58013,NA,NA,S,4,1,20905.1525,109.43,2011,100,15.99,43.5
183908,Active,58009,NA,NA,D,2,1,789750.56,18.59,2007,54,3.99,18.59
183909,Active,111090,NA,NA,D,3,1,509063.4925,18.99,2010,42,4,20.98
183910,Active,58010,NA,NA,S,2,1,1133555.824,10.99,2007,34,4.13,23.23
183911,Active,58011,NA,NA,D,3,1,123908.375,48.67,2009,87,4,23.64
183912,Active,2256199,NA,NA,D,17,1,680787.3813,72.47,2010,46,5.58,53.49
183913,Active,533400,NA,NA,D,18,1,42643.53125,51.54,2012,99,10.99,56.15
183914,Active,55728,NA,NA,D,17,1,125446.9125,43.99,2010,93,3.96,42.88
183915,Active,911925,NA,NA,D,7,1,1721907.453,161,2005,29,4,60.89
183916,Active,55727,NA,NA,D,16,1,544639.4063,14.15,2008,73,4,9.41
183917,Active,643441,NA,NA,S,2,1,408360.9663,48,2011,20,11.29,28.99
183918,Active,522891,NA,NA,D,9,1,116790.4975,217.95,2010,49,9.87,122.69
183919,Active,874317,NA,NA,D,7,1,685474.69,110.95,2002,63,4,22.49
183920,Active,60628,NA,NA,D,8,1,442741.9913,217.95,2005,61,4,29.39
183921,Active,557429,NA,NA,D,1,0,95263.46,127.6,2011,119,4,18.94
183922,Active,652237,NA,NA,S,2,1,73157.07375,107,2013,27,43.93,59.19
183923,Active,1481052,NA,NA,D,1,0,825549.0338,134.27,2011,20,5.35,8.79
183924,Active,528242,NA,NA,D,3,1,1150251.565,97.95,2009,20,28.69,92.83
183925,Active,254012,NA,NA,S,6,1,194834.9563,79.95,2010,21,63.68,63.97
183926,Active,203696,NA,NA,S,2,1,458322.5038,58.99,2007,28,24.89,38.49
183927,Active,641526,NA,NA,S,1,0,28096.05,58.99,2009,14,26.58,33.65
183928,Active,626041,NA,NA,S,2,1,294808.46,76.99,2009,38,18.46,0
183929,Active,593984,NA,NA,D,4,1,53896.92875,83.95,2011,44,31.67,63.99
183930,Active,804164,NA,NA,D,3,1,810777.4813,72.95,2007,61,4.03,21.04
183931,Active,774442,NA,NA,S,2,1,882761.285,56.95,2003,48,4.59,20.51
183932,Active,249743,NA,NA,S,2,1,1116845.919,53.95,2006,75,4,25.24
183933,Active,1630876,NA,NA,S,0,0,29168.35,59.95,2014,16,34.88,35.05
183934,Active,627403,NA,NA,S,2,1,271938.0588,65,2010,50,20.98,33
183935,Active,299278,NA,NA,D,1,0,399649.7713,175.95,2000,18,7.17,675
183936,Active,788344,NA,NA,S,4,1,5905486.199,94.95,2002,13,11.66,53.96
183937,Active,866677,NA,NA,S,6,1,56915.5925,45,2014,26,15.39,29.31
183938,Active,105661,NA,NA,S,4,1,1009659.341,39.95,2001,51,4,23.56
183939,Active,921584,NA,NA,S,2,1,1990252.004,57.2,2008,53,4,8.92
183940,Active,613899,NA,NA,S,3,1,311704.9613,55.4,2010,86,4,7.9
183941,Active,2563211,NA,NA,D,1,0,4334297.541,60,1994,26,4,14.1
183942,Active,757990,NA,NA,D,2,1,1670112.721,157.95,1999,47,4,16.98
183943,Active,204187,NA,NA,D,1,0,1418767.48,249.99,2007,24,56.2,137.98
183944,Active,542989,NA,NA,D,2,1,2444821.566,249.99,2002,18,8.99,65.05
183945,Active,203552,NA,NA,D,2,1,2495594.17,249.99,2003,24,9.69,72.65
183946,Active,203470,NA,NA,D,2,1,1916460.075,245.99,2002,17,10.99,15.24
183947,Active,678054,NA,NA,S,4,1,452962.645,26.95,2008,77,4,5.94
183948,Active,2098030,NA,NA,S,1,0,29506,54.99,2015,11,40.37,40.15
183949,Active,891015,NA,NA,S,3,1,1848.80125,54.99,2015,44,21.99,23.98
183950,Active,905105,NA,NA,S,3,1,4134.45375,54.99,2014,43,21.42,31.47
183951,Active,1679845,NA,NA,S,0,0,92973.19625,19.95,2014,60,4,13.6
183952,Active,2098003,NA,NA,S,2,1,176885.66,39.99,2014,18,17.49,23.69
183953,Active,634319,NA,NA,S,3,1,181271.7388,50,2008,34,24.85,32.41
183954,Active,298844,NA,NA,S,6,1,8056.0325,25.95,2009,80,12.4,19.98
183955,Active,2115724,NA,NA,S,2,1,228058.825,49.99,2015,14,33.98,33.49
183956,Active,57394,NA,NA,D,5,1,398030.5813,53.59,2011,49,4.96,78.99
183957,Active,620743,NA,NA,D,5,1,757702.1775,134.2,2011,25,6.39,53.98
183958,Active,57393,NA,NA,D,4,1,791963.9275,19.05,2009,41,4,20.98
183959,Active,898663,NA,NA,S,3,1,76685.00875,44.95,2013,27,27.67,0
183960,Active,135605,NA,NA,S,2,1,368637.3925,39.95,2007,48,11.22,33.74
183961,Active,163490,NA,NA,D,1,0,452603.2075,49.99,2012,59,4.35,8.2
183962,Active,627023,NA,NA,D,1,0,837524.525,49.99,2010,48,4.07,13.7
183963,Active,633749,NA,NA,S,1,0,154214.3475,59.99,2014,58,14.04,18.97
183964,Active,905144,NA,NA,S,1,0,76275.33875,59.99,2015,67,14.11,28.85
183965,Active,625663,NA,NA,D,1,0,815724.2538,79.99,2012,27,14.65,45.25
183966,Active,655160,NA,NA,S,1,0,739307.5725,79.99,2013,43,8.71,40.07
183967,Active,633837,NA,NA,D,1,0,940452.9525,69.99,2012,44,4,8.91
183968,Active,163445,NA,NA,D,1,0,1039470.464,69.99,2011,75,4.72,7.98
183969,Active,617642,NA,NA,D,1,0,1014852.291,76.99,2010,43,4,11.48
183970,Active,1781272,NA,NA,S,1,0,81798.5,69.99,2015,9,43.19,43.45
183971,Active,905165,NA,NA,S,1,0,537360.045,69.99,2014,53,28.58,33.97
183972,Active,243823,NA,NA,D,1,0,1271684.846,101.95,2010,42,4,19.08
183973,Active,753291,NA,NA,D,1,0,1625945.446,69.99,2010,53,4,59.49
183974,Active,624706,NA,NA,S,1,0,1013619.103,69.99,2012,34,10.98,40.32
183975,Active,621324,NA,NA,D,1,0,1365136.064,69.99,2011,30,4.98,12.49
183976,Active,655166,NA,NA,S,1,0,850687.28,79.99,2013,32,27.74,39.51
183977,Active,628760,NA,NA,D,1,0,414482.9688,59.99,2009,25,11.41,11.99
183978,Active,632143,NA,NA,S,2,1,931979.4388,59.99,2012,23,35.79,43.49
183979,Active,2154596,NA,NA,S,31,1,157789.1788,59,2015,10,50.16,50.85
183980,Active,326250,NA,NA,D,0,0,2970621.951,189.5,2002,11,122.11,319.57
183981,Active,917209,NA,NA,D,1,0,136947.6838,131.95,2009,36,41.99,79.76
183982,Active,628775,NA,NA,D,0,0,1073469.374,48,2009,42,7.08,23.99
183983,Active,2115031,NA,NA,D,0,0,1651395.716,54.99,2013,25,10.21,54.98
183984,Active,2115439,NA,NA,S,2,1,813753.0225,54.99,2015,14,52.77,54.73
183985,Active,403858,NA,NA,D,1,0,822631.0125,69.6,2004,55,4,16.52
183986,Active,121240,NA,NA,D,2,1,47818.71125,101,2010,32,55.56,192.54
183987,Active,566829,NA,NA,S,2,1,587229.2688,60,2006,48,8.46,48.39
183988,Active,628123,NA,NA,D,1,0,1365386.303,54.99,1997,37,4,19.77
183989,Active,899082,NA,NA,D,2,1,1633119.145,79.99,2007,25,10.31,65.89
183990,Active,634129,NA,NA,S,2,1,1293189.229,56.99,2007,44,4.62,17.16
183991,Active,655303,NA,NA,S,3,1,771299.795,79.99,2012,30,40.65,58.56
183992,Active,57171,NA,NA,D,3,1,1175015.956,73.95,2009,33,4.97,50.19
183993,Active,435261,NA,NA,D,4,1,223590.5813,80.95,2012,98,5.96,22.53
183994,Active,435164,NA,NA,D,3,1,644908.8813,71.95,2009,58,5.78,33.94
183995,Active,218093,NA,NA,D,0,0,1203722.71,85,2004,38,4.09,8.93
183996,Active,763689,NA,NA,S,3,1,423908.2638,45.95,1999,76,4,8.92
183997,Active,619017,NA,NA,D,1,0,172289.2163,107,2004,36,6.48,56.29
183998,Active,614320,NA,NA,D,0,0,1837683.978,64,2000,47,4,15.19
183999,Active,609576,NA,NA,S,4,1,996993.4313,87.95,2009,45,4.58,21.89
184000,Active,1781183,NA,NA,S,1,0,104935.625,59.99,2015,10,29.71,32.22
184001,Active,3634996,NA,NA,S,2,1,139572,60,2016,16,33.39,34.28
184002,Active,1779442,NA,NA,S,1,0,245504.855,59.99,2013,27,32.4,33.92
184003,Active,664251,NA,NA,S,1,0,25959.895,59.99,2013,42,29.5,31.75
184004,Active,2489641,NA,NA,D,3,1,3636816.273,66.81,1997,35,4.39,43.31
184005,Active,2938574,NA,NA,D,4,1,639702.7025,39,2005,32,5.93,43.6
184006,Active,181862,NA,NA,S,2,1,285593.265,39.95,2004,30,8.79,26.54
184007,Active,3787428,NA,NA,D,3,1,1171328.95,102,2007,32,37.84,133.16
184008,Active,3129220,NA,NA,S,7,1,929046.4088,59,2002,32,8.98,58.52
184009,Active,1516198,NA,NA,S,13,1,440857.3738,25.89,2010,6,14.67,18.99
184010,Active,308063,NA,NA,S,2,1,400634.7138,62,2007,50,4,26.4
184011,Active,2383920,NA,NA,S,9,1,570927.1488,110,2015,30,28.99,74.98
184012,Active,321990,NA,NA,D,8,1,50325.86875,149.8,2012,121,4.88,43.94
184013,Active,878315,NA,NA,S,1,0,986953.9275,90,2007,31,4,13.98
184014,Active,53590,NA,NA,D,7,1,537489.645,134,2009,76,4,19.69
184015,Active,621335,NA,NA,S,2,1,83809.16625,109.6,2010,46,34.96,81.6
184016,Active,881487,NA,NA,S,6,1,119849.28,54.9,2013,12,43.65,49.85
184017,Active,181993,NA,NA,S,3,1,161157.4875,49.99,2006,48,18.9,30.56
184018,Active,607467,NA,NA,D,5,1,636180.7163,64.2,2009,30,5.11,43.93
184019,Active,314982,NA,NA,D,4,1,2002748.519,54.67,2006,51,4,7.99
184020,Active,132224,NA,NA,S,1,0,270693.555,165.2,2006,58,6.78,64.98
184021,Active,590360,NA,NA,D,0,0,411491.0638,0,2014,28,19.99,43.99
184022,Active,557028,NA,NA,S,1,0,20446.765,135.2,2014,57,28.79,74.93
184023,Active,637013,NA,NA,D,1,0,1174296.868,111.27,2010,35,5.89,72.15
184024,Active,200821,NA,NA,S,2,1,538778.9775,14.99,2003,92,4,12.88
184025,Active,627535,NA,NA,D,2,1,791894.435,85,2008,24,44.73,72.21
184026,Active,633304,NA,NA,S,0,0,84796.875,50,2009,13,17.01,30.34
184027,Active,619368,NA,NA,S,0,0,6027.05,99.95,2009,28,46.95,48.99
184028,Active,665234,NA,NA,S,0,0,382588.3963,31.25,2011,18,16.99,107.62
184029,Active,206169,NA,NA,D,4,1,535385.5638,75,2008,49,17.4,42.29
184030,Active,200548,NA,NA,S,2,1,184204.18,85.95,2010,31,12.54,64.37
184031,Active,3814712,NA,NA,D,0,0,2998166.15,54.95,2005,16,4.69,49.58
184032,Active,1551793,NA,NA,S,2,1,580994.0813,59.95,2013,17,34.09,41.53
184033,Active,121175,NA,NA,D,1,0,369147.6125,91.4,2010,39,17.02,136.74
184034,Active,106177,NA,NA,S,3,1,417013.3575,60,2004,30,8.96,28.94
184035,Active,642145,NA,NA,S,3,1,118112.2775,69.99,2012,41,42.49,45.07
184036,Active,913161,NA,NA,S,0,0,689944.3438,584.56,2002,60,3.98,42.99
184037,Active,201505,NA,NA,S,2,1,1806275.63,65,2006,39,4.36,23.87
184038,Active,632079,NA,NA,S,2,1,33803.2175,65,2012,30,32.99,35.64
184039,Active,916139,NA,NA,S,5,1,71355.3325,134.67,2013,34,26.63,94.88
184040,Active,537923,NA,NA,D,0,0,2088342.361,88.8,2007,54,4,7.24
184041,Active,54546,NA,NA,D,3,1,82446.7475,120,2007,148,4,17.94
184042,Active,659150,NA,NA,S,2,1,738628.6075,75,2008,25,22.71,28.96
184043,Active,1779888,NA,NA,S,1,0,244602.2025,49.99,2013,24,27.17,27.29
184044,Active,630045,NA,NA,S,1,0,93960.92375,49.99,2010,32,17.57,0
184045,Active,609263,NA,NA,S,3,1,221016.3375,69,2006,65,4.39,16.93
184046,Active,652360,NA,NA,S,1,0,88270.225,59.99,2013,26,31.34,32.98
184047,Active,1780919,NA,NA,S,1,0,17427.05,59.99,2015,21,31.89,32.04
184048,Active,666751,NA,NA,D,2,1,1130843.521,99.95,2005,21,61.88,93.99
184049,Active,528222,NA,NA,S,2,1,446147.9138,59.99,2012,25,10.96,23.42
184050,Active,1450207,NA,NA,D,1,0,1116083.811,64.99,2011,27,4.47,45.78
184051,Active,126852,NA,NA,S,1,0,306182.2463,37.95,2005,25,29.94,33.47
184052,Active,1515840,NA,NA,S,9,1,157749.025,175,2011,7,19.36,7.99
184053,Active,665114,NA,NA,S,9,1,464362.105,138.12,2010,8,12.51,18.99
184054,Active,57706,NA,NA,S,1,0,71848.625,95,2007,27,47.33,68.99
184055,Active,57705,NA,NA,S,1,0,98474.075,89.4,2007,49,11.09,41.71
184056,Active,918627,NA,NA,S,1,0,694269.5513,125,1995,63,7.96,7.92
184057,Active,262649,NA,NA,S,2,1,201334.0138,49.95,2003,22,16.64,33.99
184058,Active,3558513,NA,NA,D,0,0,1405123.8,15,1992,25,4.73,47.41
184059,Active,191446,NA,NA,S,3,1,416615.1263,59.95,2000,46,8.27,0
184060,Active,2100374,NA,NA,S,0,0,22108.9,62.99,2013,6,43.98,43.98
184061,Active,631145,NA,NA,D,2,1,1543836.241,274.99,2006,15,18,33.98
184062,Active,641658,NA,NA,S,4,1,226243.22,54,2006,30,39.69,0
184063,Active,626398,NA,NA,S,4,1,30119.24,36.95,2006,39,25.99,30
184064,Active,635268,NA,NA,S,2,1,32809.40125,36.95,2006,27,28.22,28.23
184065,Active,1595276,NA,NA,S,0,0,39261.9,53.97,2012,27,24.07,30.99
184066,Active,110594,NA,NA,D,2,1,283826.8463,44.3,2008,85,4.41,31.98
184067,Active,416384,NA,NA,D,1,0,788102.6675,22.99,2005,74,4,18.43
184068,Active,659709,NA,NA,S,2,1,886557.985,49.99,2012,33,10.64,17.35
184069,Active,1436811,NA,NA,S,3,1,302973.83,90,2011,26,46.27,50.44
184070,Active,3467718,NA,NA,D,0,0,1044582.9,47.95,1975,73,4,10.94
184071,Active,634325,NA,NA,S,1,0,61223.675,90,2011,17,56.1,63.13
184072,Active,117048,NA,NA,D,7,1,242039.4963,111.2,2007,63,5.17,48.99
184073,Active,196499,NA,NA,D,1,0,1165922.04,60.95,2002,44,4,10.99
184074,Active,273351,NA,NA,D,2,1,244663.7088,59.95,2009,22,15.26,51.27
184075,Active,2649418,NA,NA,D,2,1,2384084.49,54.95,2003,21,4,43.98
184076,Active,2386965,NA,NA,S,0,0,949991.5288,61.9,1989,47,4,42.94
184077,Active,121810,NA,NA,D,2,1,319774.585,82,1998,43,7.17,0
184078,Active,528218,NA,NA,S,2,1,137131.215,69.95,2012,26,15.98,31.7
184079,Active,575674,NA,NA,D,1,0,821870.71,53.95,2007,28,6.38,34.99
184080,Active,893894,NA,NA,D,2,1,2126365.051,89.95,2008,12,20.08,130.51
184081,Active,568846,NA,NA,D,1,0,2281630.015,37.5,1998,34,4,42.98
184082,Active,542108,NA,NA,S,2,1,908395.4425,60,2011,24,30.43,35.99
184083,Active,1651438,NA,NA,D,3,1,2447814.503,54.95,2006,15,4.98,48.82
184084,Active,56654,NA,NA,D,3,1,26855.5675,200.2,2010,56,59.88,179.98
184085,Active,56653,NA,NA,D,2,1,233506.52,129,2005,38,4.69,52.05
184086,Active,2696703,NA,NA,D,0,0,1464634.14,54.95,1987,18,18.46,100.81
184087,Active,636957,NA,NA,D,5,1,2390636.746,46.95,2010,18,15.73,48.98
184088,Active,658013,NA,NA,S,2,1,50944.7125,99,2013,26,53.96,71.41
184089,Active,162016,NA,NA,D,1,0,318420.1563,95,2007,68,4,20.98
184090,Active,635788,NA,NA,S,15,1,551979.2663,124,2002,39,13.52,74.53
184091,Active,2332131,NA,NA,D,14,1,1624134.155,99,1996,33,4,37.72
184092,Active,616046,NA,NA,D,6,1,624610.1788,80,2007,32,4,6.59
184093,Active,293179,NA,NA,D,7,1,179385.98,115,2011,79,8.57,13.99
184094,Active,650094,NA,NA,D,3,1,625450.2575,69.95,2010,20,36.94,45.89
184095,Active,2043023,NA,NA,D,1,0,1377512.721,69.95,2006,29,13.39,70.47
184096,Active,273357,NA,NA,D,2,1,488720.3738,104,2009,40,8.13,46.78
184097,Active,50435,NA,NA,S,5,1,327724.485,90.84,1999,70,4.58,43.51
184098,Active,50434,NA,NA,S,6,1,240179.6525,27.99,2002,80,7.95,33.97
184099,Active,879567,NA,NA,D,6,1,2908149.65,0,2006,12,4.48,150.07
184100,Active,50436,NA,NA,D,7,1,51771.96,70.15,2006,89,12.93,48.99
184101,Active,1446467,NA,NA,D,1,0,2029531.361,149.95,2013,23,47.27,54.45
184102,Active,260586,NA,NA,D,2,1,951969.4325,99.95,2003,20,16.48,68.35
184103,Active,203498,NA,NA,D,4,1,1362752.961,99.95,2002,61,5.38,17.67
184104,Active,204015,NA,NA,D,5,1,1120580.164,114.95,2006,91,4.48,11.94
184105,Active,264316,NA,NA,D,6,1,331488.2238,131.99,2009,108,18.02,32.19
184106,Active,528214,NA,NA,D,3,1,311840.4975,171.4,2010,222,7.08,22.57
184107,Active,61144,NA,NA,D,2,1,926659.6963,127.2,2006,101,4.48,18.89
184108,Active,199964,NA,NA,D,1,0,3292123.72,39.95,2002,21,4,28.97
184109,Active,639682,NA,NA,S,2,1,5129.80375,44.95,2013,52,23.02,30.94
184110,Active,615024,NA,NA,S,1,0,99629.66875,36.95,2009,83,13.47,21.98
184111,Active,60629,NA,NA,D,3,1,1089739.591,115,2005,115,4,13.49
184112,Active,147606,NA,NA,D,4,1,74854.1525,139,2009,343,4.79,17.49
184113,Active,592318,NA,NA,D,3,1,775452.1288,116,2007,30,7.98,53.97
184114,Active,499533,NA,NA,S,4,1,101149.6325,138,2012,41,71.96,73.84
184115,Active,868529,NA,NA,S,3,1,284675.1238,81.95,2014,45,37.59,37.87
184116,Active,868249,NA,NA,D,1,0,678054.9225,36.95,2004,26,6.38,38.97
184117,Active,576715,NA,NA,D,2,1,207168.7863,125.95,2011,38,9.14,23.39
184118,Active,210806,NA,NA,S,3,1,517852.8,57.95,1999,42,4.02,23.99
184119,Active,545286,NA,NA,S,4,1,12262.80875,146,2012,118,34.24,68.18
184120,Active,53586,NA,NA,D,2,1,896298.0675,109,2004,89,4.43,6.49
184121,Active,1449000,NA,NA,S,3,1,1840189.74,210.47,2010,23,15.31,108.25
184122,Active,53588,NA,NA,D,3,1,428244.9588,127,2008,187,4.58,23.98
184123,Active,211063,NA,NA,D,0,0,94128.76375,97.95,2011,144,5.45,11.26
184124,Active,613237,NA,NA,D,1,0,664886.3288,84.95,2009,110,4,12.91
184125,Active,528215,NA,NA,S,2,1,273237.1775,31.99,2007,26,11.98,18.99
184126,Active,924399,NA,NA,S,3,1,32366.80625,50.99,2014,19,28.28,28.24
184127,Active,264217,NA,NA,D,0,0,1551983.37,39.95,2003,39,4.98,12.86
184128,Active,578930,NA,NA,D,1,0,430260.6688,64.95,2009,103,4,9.98
184129,Active,870498,NA,NA,S,2,1,230526.88,131.95,2013,34,25.91,119.78
184130,Active,528213,NA,NA,S,3,1,16611.88,56.2,2012,63,18.1,33.98
184131,Active,664688,NA,NA,S,2,1,8537.31625,91.95,2013,134,18.98,48.94
184132,Active,52705,NA,NA,D,10,1,24934.84375,123,2011,291,6.68,20.98
184133,Active,878497,NA,NA,D,10,1,745870.1025,78.98,2012,33,9.13,33.53
184134,Active,147704,NA,NA,S,10,1,1920376.275,144.59,2011,21,20.72,77.74
184135,Active,52704,NA,NA,D,9,1,554895.2663,97.95,2007,218,3.93,4.37
184136,Active,52703,NA,NA,S,8,1,1366853.846,77.95,2004,85,4.48,5.98
184137,Active,528212,NA,NA,D,8,1,200803.0463,107,2010,136,6.62,33.49
184138,Active,774512,NA,NA,D,9,1,3963650.588,44.95,2004,29,4,11.29
184139,Active,612499,NA,NA,S,8,1,36839.38875,113,2013,89,14.43,65.67
184140,Active,60630,NA,NA,D,7,1,1074682.445,84.95,2006,106,4.01,6.49
184141,Active,614922,NA,NA,D,10,1,1295198.288,51.95,2007,60,4,13.41
184142,Active,612856,NA,NA,S,2,1,69031.9625,78.35,2000,212,4.08,0
184143,Active,1438379,NA,NA,D,3,1,2901000.941,85.5,2009,21,4,12.44
184144,Active,417120,NA,NA,D,3,1,1474353.464,12.39,2009,48,4,11.94
184145,Active,538622,NA,NA,D,4,1,331500.8838,71.73,2011,134,4.59,29.68
184146,Active,626612,NA,NA,S,4,1,866168.3475,63.92,2012,48,5.26,113.67
184147,Active,245034,NA,NA,S,2,1,593598.3575,132.95,2004,37,4,24.48
184148,Active,788264,NA,NA,S,4,1,2014162.881,142.95,2002,68,4,17.89
184149,Active,528211,NA,NA,D,7,1,43451.06625,218.95,2012,129,7.69,23.99
184150,Active,533904,NA,NA,D,6,1,447035.2463,240.95,2009,77,4,33.52
184151,Active,60631,NA,NA,D,5,1,940303.8363,191.95,2006,92,4,13.73
184152,Active,607283,NA,NA,D,2,1,2514782.186,49.4,2004,33,4,0
184153,Active,619107,NA,NA,S,4,1,95127.7125,89,2013,61,10.48,17.98
184154,Active,607444,NA,NA,S,3,1,653212.6075,74.67,2008,69,4,8.49
184155,Active,621412,NA,NA,S,0,0,82525.51875,103.5,2007,92,5.01,17.99
184156,Active,192486,NA,NA,D,1,0,846750.0488,67.95,2006,84,4,13.97
184157,Active,1867215,NA,NA,S,2,1,819479.2725,43.95,2008,18,35.22,42.35
184158,Active,614654,NA,NA,S,1,0,119224.2388,102.75,2008,134,5.97,15.99
184159,Active,708728,NA,NA,S,1,0,130856.9713,104.5,2008,104,5.91,28.54
184160,Active,709760,NA,NA,S,1,0,111018.2188,91.52,2011,42,16.98,42.92
184161,Active,2037125,NA,NA,S,0,0,149554.0075,19.95,2006,67,4,7.99
184162,Active,768074,NA,NA,S,3,1,1849885.084,36.6,2010,34,4,6.93
184163,Active,528209,NA,NA,S,2,1,136623.7938,79.95,2010,72,4.94,22.99
184164,Active,577043,NA,NA,D,2,1,1309367.163,244.95,2001,26,4.6,39.44
184165,Active,245158,NA,NA,D,3,1,964736.17,342.95,2005,28,9.18,42.45
184166,Active,617609,NA,NA,S,1,0,619149.0925,72.95,2004,59,3.98,0
184167,Active,254106,NA,NA,S,1,0,716581.2613,82.95,2010,37,8.44,60.69
184168,Active,53585,NA,NA,D,10,1,193612.4,162.95,2008,154,5.29,8.87
184169,Active,609194,NA,NA,D,7,1,787079.0525,33.95,2010,57,4,16.91
184170,Active,902408,NA,NA,D,7,1,3036161.245,54.63,2008,35,6.2,22.47
184171,Active,609180,NA,NA,S,6,1,1032425.62,24.95,2005,51,3.99,8.97
184172,Active,806993,NA,NA,D,4,1,1883777.774,181.95,2006,29,4.19,69.79
184173,Active,2836663,NA,NA,S,3,1,7974553.424,108.95,1995,25,4,49.65
184174,Active,639877,NA,NA,S,5,1,404867.9625,66.64,2012,31,43.43,58.49
184175,Active,770879,NA,NA,S,0,0,72855.1,92.2,2005,85,5.48,13.98
184176,Active,770880,NA,NA,S,0,0,106150.075,92.2,2003,49,5.88,12.78
184177,Active,768233,NA,NA,S,1,0,139619.15,114.15,2011,12,12.92,21.84
184178,Active,1603632,NA,NA,S,1,0,42007.4,38.25,2011,34,12.85,46.06
184179,Active,619563,NA,NA,D,2,1,476985.4813,189.75,2011,45,15,28.98
184180,Active,108769,NA,NA,D,1,0,470367.16,45.66,2005,48,4,23.99
184181,Active,109895,NA,NA,D,1,0,1428657.453,25.13,2006,53,4,25.13
184182,Active,111293,NA,NA,D,2,1,85043.34875,100.35,2010,66,6.24,32.49
184183,Active,107538,NA,NA,S,1,0,916917.44,72.78,2004,49,7.1,37.77
184184,Active,635616,NA,NA,S,2,1,283294.3013,44.46,2012,72,5.4,43.49
184185,Active,641660,NA,NA,S,1,0,51142.625,73.6,2006,28,8.22,49.24
184186,Active,219680,NA,NA,S,3,1,1270722.829,99,2000,42,5.43,38.99
184187,Active,772280,NA,NA,S,0,0,105603.775,84.5,2008,78,4.98,14.98
184188,Active,528207,NA,NA,S,2,1,49050.315,46.95,2006,105,10.92,20.96
184189,Active,119719,NA,NA,S,0,0,28838.125,103.65,2008,60,10.9,53.35
184190,Active,249789,NA,NA,D,5,1,718403.75,146.95,2006,38,4,22.75
184191,Active,759460,NA,NA,D,2,1,3050157.403,49.95,2000,24,4.28,43.53
184192,Active,762002,NA,NA,S,3,1,472069.9775,78.99,2006,33,14.11,55.26
184193,Active,629692,NA,NA,S,2,1,453277.76,32.95,2008,34,12.39,21.78
184194,Active,540852,NA,NA,S,2,1,239363.9863,29.4,2012,56,4.99,12.94
184195,Active,625228,NA,NA,S,4,1,491874.825,65.95,2011,44,4,11.51
184196,Active,164660,NA,NA,S,2,1,690078.0838,44.95,2003,43,4,21.94
184197,Active,233010,NA,NA,S,2,1,94023.815,49.95,2003,46,14.09,39.89
184198,Active,528205,NA,NA,S,2,1,87314.675,22,2011,36,6.78,7.98
184199,Active,2609486,NA,NA,D,4,1,520848.8988,160,1999,51,7.3,25.34
184200,Active,2427590,NA,NA,D,1,0,3075397.334,74,1995,21,9.33,68.05
184201,Active,3838158,NA,NA,S,2,1,375497,39.99,2016,16,28.98,28.25
184202,Active,634204,NA,NA,S,2,1,1680416.209,79.95,2005,21,29.54,41.92
184203,Active,551522,NA,NA,S,3,1,736598.4275,81.95,2009,34,6.2,0
184204,Active,627364,NA,NA,S,6,1,1202008.834,40,2011,40,4,0
184205,Active,556552,NA,NA,S,2,1,100514.93,116.6,1974,45,47.99,95.98
184206,Active,2179457,NA,NA,S,2,1,1263543.851,59.95,2008,22,38.51,39.58
184207,Active,646383,NA,NA,D,0,0,615536.5575,69.95,2004,12,18.94,37.99
184208,Active,905655,NA,NA,S,2,1,1243731.864,59.95,2008,18,41.49,38.26
184209,Active,381820,NA,NA,D,10,1,19974.9575,326.95,2012,136,7.79,88.1
184210,Active,51030,NA,NA,D,8,1,1026680.854,380.95,2006,106,4,33.98
184211,Active,51028,NA,NA,D,9,1,266552.2113,359.95,2008,133,6.01,28.08
184212,Active,297984,NA,NA,D,1,0,1640452,137.95,2003,20,11.08,44.1
184213,Active,541211,NA,NA,S,3,1,612426.2438,99,2007,39,6.39,0
184214,Active,564026,NA,NA,S,0,0,330244.9888,129.07,2006,63,4.54,48.41
184215,Active,2341299,NA,NA,S,2,1,1889586.099,72.45,1989,24,4.22,79.01
184216,Active,872646,NA,NA,D,2,1,179582.1463,317.95,2006,92,6.12,24.25
184217,Active,291724,NA,NA,D,2,1,386331.2075,229,2009,21,10.11,60.77
184218,Active,168585,NA,NA,S,2,1,191682.625,40.95,2000,30,17.95,26.97
184219,Active,146473,NA,NA,D,12,1,625292.6875,136.67,2011,34,14.49,83.81
184220,Active,146367,NA,NA,D,12,1,7597.36125,203,2011,266,5.32,31.99
184221,Active,60633,NA,NA,S,10,1,909921.685,126.67,2003,81,4,14.73
184222,Active,3504257,NA,NA,S,13,1,350598.9,142.67,2015,25,51.19,93.72
184223,Active,2275376,NA,NA,S,12,1,235760.4913,70.86,1900,23,8.55,53.31
184224,Active,644615,NA,NA,S,2,1,69911.525,103.99,2012,44,15.31,93.99
184225,Active,116768,NA,NA,D,1,0,452427.7238,141.33,2006,27,13.28,93.97
184226,Active,233017,NA,NA,S,2,1,45034.8425,89.95,2008,54,54.92,73.9
184227,Active,649106,NA,NA,S,2,1,120020.925,35.95,2008,16,25.79,37
184228,Active,631914,NA,NA,S,2,1,548129.615,79.95,1996,37,26.21,53.3
184229,Active,272843,NA,NA,D,2,1,2237526.8,99,2003,15,8.39,34.75
184230,Active,2238876,NA,NA,S,7,1,105303,30.47,2012,10,33.16,24.92
184231,Active,528201,NA,NA,S,7,1,64396.51625,124.95,2012,41,58.2,63.53
184232,Active,112768,NA,NA,D,6,1,637037.4775,129,2005,31,35.48,96.11
184233,Active,872424,NA,NA,D,4,1,868542.9513,81,1995,37,5.26,58.61
184234,Active,174898,NA,NA,S,3,1,68929.67,110,2006,42,41.69,55.39
184235,Active,164230,NA,NA,S,3,1,17440.725,228,2005,72,43.74,58.98
184236,Active,566285,NA,NA,D,2,1,399892.3525,84.86,1983,46,7.5,73.57
184237,Active,623747,NA,NA,S,2,1,429314.9713,188.2,1970,42,15.52,74.66
184238,Active,624645,NA,NA,S,4,1,152325.4113,109.95,2013,46,29.98,67.48
184239,Active,660416,NA,NA,D,3,1,1137623.25,104,2007,22,9.73,97.25
184240,Active,594345,NA,NA,D,1,0,4217070.086,89.95,2010,12,25.98,85.28
184241,Active,528200,NA,NA,S,2,1,974104.6313,89.99,2011,27,43.84,53.94
184242,Active,177032,NA,NA,S,3,1,110345.9025,318.95,2004,102,7.71,65.14
184243,Active,914917,NA,NA,D,1,0,894987.9575,99,1999,30,18.05,57.69
184244,Active,563262,NA,NA,D,0,0,1497333.283,99,1998,25,9.95,54.98
184245,Active,130069,NA,NA,D,0,0,746646.65,126.67,2002,31,7.74,57.93
184246,Active,145364,NA,NA,D,2,1,169986.2525,138.67,2007,56,18.34,28.99
184247,Active,712986,NA,NA,S,1,0,603466.3438,103,2002,30,8.45,42.49
184248,Active,117755,NA,NA,S,2,1,410624.0875,93.33,2006,33,6.11,55.63
184249,Active,665452,NA,NA,S,6,1,1159890.753,198,2011,26,5.98,0
184250,Active,868986,NA,NA,D,6,1,1247916.586,200.67,2011,17,8.5,200.67
184251,Active,146677,NA,NA,D,6,1,1022822.77,198,2011,22,5.52,1029.38
184252,Active,528196,NA,NA,D,6,1,140990.2275,184.67,2011,161,5.97,17.75
184253,Active,145617,NA,NA,D,5,1,636960.3763,162.67,2008,113,4,6.84
184254,Active,2061179,NA,NA,S,0,0,474633.0163,36.52,2013,11,29.49,36.49
184255,Active,1572277,NA,NA,S,13,1,694289.5575,17.95,2010,26,5.33,13.95
184256,Active,534064,NA,NA,D,2,1,678158.7938,150.95,1994,51,5.23,43.79
184257,Active,2226239,NA,NA,S,3,1,291058.45,22.2,2009,12,16.98,18.84
184258,Active,914981,NA,NA,D,0,0,855626.155,109,2005,29,33.99,72.67
184259,Active,552916,NA,NA,D,0,0,372600.0575,103,2006,29,24.64,174.91
184260,Active,55211,NA,NA,D,6,1,90522.495,366.95,2001,70,6.27,62.51
184261,Active,54982,NA,NA,D,6,1,600388.65,110,1998,44,4.76,37.98
184262,Active,55210,NA,NA,D,5,1,212098.485,141.95,1995,37,5.09,49.15
184263,Active,551531,NA,NA,D,1,0,363155.8625,123,2009,36,11.63,21.12
184264,Active,54981,NA,NA,D,7,1,136753.2825,148,2003,48,8.62,82.75
184265,Active,542558,NA,NA,D,6,1,259531.9625,17.99,2006,67,10.32,28
184266,Active,2418677,NA,NA,D,3,1,2616592.423,75,2002,21,4.98,48.98
184267,Active,2378199,NA,NA,D,1,0,1709839.459,78.33,1996,24,6.78,46.86
184268,Active,113747,NA,NA,S,2,1,161546.695,173.2,1999,55,63.13,73.89
184269,Active,528182,NA,NA,S,8,1,235753.9263,264,2004,76,5.98,50.82
184270,Active,178722,NA,NA,D,7,1,38392.32375,293.95,2011,73,18.49,70.85
184271,Active,551335,NA,NA,S,1,0,278587.3713,104.5,2006,134,4.58,28.93
184272,Active,763756,NA,NA,D,1,0,998702.87,160.95,2000,36,4,17.44
184273,Active,1517166,NA,NA,S,7,1,213335.15,45.6,2014,11,35.89,44.78
184274,Active,528194,NA,NA,S,11,1,216493.4888,45.6,2012,73,4.93,23.99
184275,Active,146022,NA,NA,S,10,1,1182778.701,40,2009,58,4,4
184276,Active,314150,NA,NA,S,0,0,36205.85,90.65,2007,76,7.98,58.48
184277,Active,57032,NA,NA,S,2,1,2625605.425,153.33,2003,39,4.28,10.99
184278,Active,57034,NA,NA,D,4,1,488050.7025,170.67,2009,132,4.06,20.47
184279,Active,57033,NA,NA,D,3,1,732833.1013,142.67,2006,62,4,48.35
184280,Active,152705,NA,NA,D,2,1,1597031.364,64.95,2001,23,5.91,38.31
184281,Active,298929,NA,NA,S,3,1,251395.58,69.95,2010,34,31.8,52.81
184282,Active,593908,NA,NA,S,2,1,886037.9875,49.99,2011,21,19.99,24.82
184283,Active,628697,NA,NA,S,2,1,282402.0288,54.95,2009,34,9.32,43.91
184284,Active,587811,NA,NA,D,1,0,986611.1275,85,2012,26,31.89,79.3
184285,Active,708183,NA,NA,S,0,0,572987.545,105.32,2004,27,8.01,35.97
184286,Active,717109,NA,NA,D,4,1,3602027.649,90,1997,23,4.12,44.61
184287,Active,612044,NA,NA,D,1,0,235108.4688,135.2,2012,29,6.64,0
184288,Active,455491,NA,NA,D,2,1,547088.44,257.95,2005,36,8.3,32.23
184289,Active,169209,NA,NA,D,6,1,776253.2913,210.95,2006,32,4,13.99
184290,Active,846062,NA,NA,S,0,0,320885.71,130.95,1992,96,4,38.24
184291,Active,528183,NA,NA,S,1,0,143674.9213,102.75,2006,85,5.59,29.99
184292,Active,620282,NA,NA,S,1,0,91646.35,76.85,2008,84,5.24,9.93
184293,Active,617662,NA,NA,S,1,0,376804.3238,86.15,2007,72,5,39.99
184294,Active,694415,NA,NA,S,1,0,157542.6775,97.3,2002,63,4.72,26.19
184295,Active,616389,NA,NA,S,1,0,76536.95,86.15,2007,76,7.87,23.99
184296,Active,614946,NA,NA,S,1,0,163916.2638,86.15,2007,100,4.5,0
184297,Active,614971,NA,NA,S,1,0,232803.8388,97.3,2002,51,4.94,16.89
184298,Active,528184,NA,NA,D,6,1,586688.4425,310.95,2006,49,4.22,56.1
184299,Active,800304,NA,NA,D,3,1,2618975.493,45.95,2005,19,6.38,40.55
184300,Active,916419,NA,NA,D,2,1,2184634.318,37.95,2001,50,4.76,8.99
184301,Active,120128,NA,NA,D,9,1,720856.9563,220.67,2010,81,4.94,35
184302,Active,423743,NA,NA,D,4,1,4062281.983,84,1997,22,4.56,13.98
184303,Active,60635,NA,NA,D,8,1,962227.2775,156.2,2006,44,4.06,12.85
184304,Active,3116401,NA,NA,D,2,1,2667357.409,42.95,2005,26,3.43,14.96
184305,Active,748693,NA,NA,S,3,1,1425422.978,68.95,2006,24,23.52,46.2
184306,Active,3512525,NA,NA,D,2,1,5827575.05,48.95,1990,25,28.36,39.16
184307,Active,2436904,NA,NA,D,2,1,932449.6938,90,2001,28,11.06,44.47
184308,Active,2427804,NA,NA,D,0,0,4528043.573,67,1996,17,4.59,50.6
184309,Active,462391,NA,NA,D,0,0,3270313.559,43.95,1999,28,4,8.99
184310,Active,1490348,NA,NA,S,3,1,86890.02625,105,2011,29,27.67,70.97
184311,Active,865769,NA,NA,D,3,1,713510.4538,62,2011,12,28.98,62
184312,Active,528192,NA,NA,D,2,1,995552.1688,55,2006,20,8.49,63.67
184313,Active,747002,NA,NA,S,0,0,184828.2025,70.39,2010,16,48.89,80.51
184314,Active,909047,NA,NA,S,0,0,110559.01,0,2012,18,18.89,0
184315,Active,224742,NA,NA,D,5,1,43641.1675,254.95,2011,112,6.11,20.94
184316,Active,145582,NA,NA,S,4,1,166650.4775,206,2007,95,13.66,51.84
184317,Active,292227,NA,NA,D,4,1,900874.8563,27.19,2007,87,4,25.64
184318,Active,60636,NA,NA,S,3,1,1639915.631,254.95,2004,54,4,18.49
184319,Active,867384,NA,NA,S,10,1,267716.1125,64,2013,14,20.69,31.48
184320,Active,57507,NA,NA,D,9,1,667547.5575,15.9,2008,143,4,14.98
184321,Active,111115,NA,NA,D,8,1,915990.2338,68.99,2009,23,6.18,8.79
184322,Active,53461,NA,NA,D,7,1,703620.2025,18.96,2006,71,4,18.99
184323,Active,533581,NA,NA,S,8,1,2008649.088,39.92,2009,16,27.77,39.92
184324,Active,53463,NA,NA,D,9,1,46252.12625,43.86,2011,107,5.69,23.66
184325,Active,53462,NA,NA,D,8,1,835290.8763,12.74,2009,104,4,9.97
184326,Active,109320,NA,NA,D,7,1,2500839.993,25.89,2006,31,4.09,40.76
184327,Active,111017,NA,NA,D,8,1,1990187.599,21.99,2009,58,4,21.49
184328,Active,111503,NA,NA,S,9,1,369997.4625,175,2011,60,5.39,28.9
184329,Active,561026,NA,NA,D,2,1,1073435.453,124,2008,90,4,9.98
184330,Active,561315,NA,NA,D,3,1,250855.1688,35.07,2010,147,4.39,29
184331,Active,543424,NA,NA,S,2,1,181673.3925,49.95,2010,44,30.17,31.41
184332,Active,545235,NA,NA,S,3,1,111934.7413,69.99,2011,33,20.24,39.68
184333,Active,593896,NA,NA,S,1,0,94375.85,119.95,2009,27,28.19,58.69
184334,Active,528189,NA,NA,S,3,1,725033.5825,38,2014,23,12.99,34.58
184335,Active,593269,NA,NA,D,6,1,97313.515,218.95,2008,61,33.89,83.11
184336,Active,907198,NA,NA,S,4,1,1640345.911,181.95,1998,20,4.94,61.91
184337,Active,908137,NA,NA,D,3,1,1637542.024,56.95,2005,21,4.47,39.99
184338,Active,2193187,NA,NA,S,2,1,1459999.895,69.99,2014,18,49.23,41.58
184339,Active,596948,NA,NA,D,6,1,163254.4438,98,2008,71,4,20.43
184340,Active,637634,NA,NA,D,7,1,58765.93375,120,2013,57,6.9,70.24
184341,Active,113637,NA,NA,S,10,1,707801.6338,253.4,1999,39,24.04,98.91
184342,Active,545256,NA,NA,D,2,1,151011.3238,70.95,2010,42,12.81,22.62
184343,Active,58004,NA,NA,S,6,1,2439392.744,89.8,2001,36,4,43.95
184344,Active,58006,NA,NA,D,8,1,187645.0388,192,2007,35,7.2,52.99
184345,Active,58007,NA,NA,D,9,1,118718.2525,217.8,2010,50,10.09,76.32
184346,Active,637145,NA,NA,S,3,1,106230.4,37,2009,40,9.13,34.36
184347,Active,768254,NA,NA,S,1,0,70139.675,74.9,2011,47,29.39,63.99
184348,Active,547280,NA,NA,S,5,1,753003.4625,89.99,2004,24,18.25,26.56
184349,Active,2251185,NA,NA,D,9,1,1073329.084,18.71,2007,39,6.16,14.98
184350,Active,766072,NA,NA,D,8,1,1784998.93,249.95,2005,43,4.95,10.99
184351,Active,871138,NA,NA,D,9,1,490465.58,334.95,2008,98,4.08,10.47
184352,Active,538934,NA,NA,S,1,0,612897.835,104.5,2004,70,4,33.9
184353,Active,162172,NA,NA,S,6,1,262157.3563,218.25,2007,37,8.99,63.45
184354,Active,163973,NA,NA,S,5,1,410401.0288,43.16,2004,36,4,23.95
184355,Active,845403,NA,NA,S,8,1,660247.1225,74.36,1990,27,5.54,65.51
184356,Active,646099,NA,NA,D,5,1,129377.8913,149.98,2010,40,49.58,76.78
184357,Active,259737,NA,NA,D,3,1,727828.3838,125.98,2004,32,6.22,73.98
184358,Active,869311,NA,NA,D,4,1,4960705.78,59.95,1996,16,6.82,27.61
184359,Active,602275,NA,NA,D,3,1,484600.7875,47.95,1992,18,4,47.6
184360,Active,2430450,NA,NA,S,0,0,183809.4038,79.92,1995,38,11.94,35.48
184361,Active,1929060,NA,NA,S,3,1,718516.3663,43,2014,17,31.16,30.77
184362,Active,51395,NA,NA,S,8,1,1167649.013,170.67,2002,55,4.05,5.26
184363,Active,51397,NA,NA,D,9,1,448628.9,185.33,2006,101,4,8.48
184364,Active,51398,NA,NA,D,10,1,24643.94625,210.67,2010,153,5.56,46.41
184365,Active,112190,NA,NA,D,5,1,304051.1388,105.8,2003,45,7.98,11.82
184366,Active,417512,NA,NA,S,5,1,1171159.145,35.75,2003,21,4,26.99
184367,Active,859695,NA,NA,S,0,0,355551.845,72.5,2008,61,4.58,12.95
184368,Active,1447346,NA,NA,S,0,0,59310.2,86.98,2008,37,5.54,50.23
184369,Active,709310,NA,NA,S,1,0,811389.9963,158,2008,31,7.09,19.88
184370,Active,1469923,NA,NA,D,0,0,2718088.329,49.95,2006,15,14.37,57.83
184371,Active,128947,NA,NA,D,0,0,4611930.218,76.15,2005,17,8.55,59.99
184372,Active,2429532,NA,NA,S,2,1,42409.75,109.2,2000,20,53.74,55.98
184373,Active,54691,NA,NA,S,2,1,950954.0875,8.86,2004,64,4,10.64
184374,Active,196763,NA,NA,D,1,0,692259.7175,46.95,2009,47,4.52,28.94
184375,Active,54689,NA,NA,D,4,1,71389.95375,53.9,2010,77,12.87,52.19
184376,Active,54688,NA,NA,D,3,1,316421.7963,23.98,2008,85,4,23.98
184377,Active,635526,NA,NA,D,3,1,4754.84625,54.95,2013,92,20.48,38.8
184378,Active,664587,NA,NA,S,5,1,13597.0425,119.5,2014,85,43.98,56.59
184379,Active,895228,NA,NA,S,2,1,301824.3375,54.95,2014,31,42.09,42.28
184380,Active,118245,NA,NA,D,3,1,64022.43125,101.4,2011,46,12.29,60.43
184381,Active,120669,NA,NA,D,2,1,632797.215,81,2008,65,4,23.95
184382,Active,60638,NA,NA,D,1,0,972592.2113,68,2006,31,4,18.99
184383,Active,644000,NA,NA,D,1,0,685728.835,84.95,2008,30,16.48,66.27
184384,Active,635311,NA,NA,S,2,1,211663.0525,57,2005,53,18.29,41.55
184385,Active,60639,NA,NA,D,3,1,1935352.423,235.95,2004,38,4,33.99
184386,Active,290919,NA,NA,D,4,1,213162.3838,169.95,2007,51,9.26,83.97
184387,Active,638282,NA,NA,D,0,0,154892.1988,99,2007,58,38.28,67.19
184388,Active,542147,NA,NA,S,2,1,186835.1013,59.99,2012,30,44.49,49.33
184389,Active,568598,NA,NA,D,0,0,658274.3438,67,1990,30,12.72,37.33
184390,Active,2549657,NA,NA,D,2,1,2478444.019,99.32,1980,20,4,67.45
184391,Active,569428,NA,NA,D,1,0,1066783.948,333.95,1999,29,5.13,46.43
184392,Active,637749,NA,NA,S,4,1,57989.81625,70,2012,75,41.99,49.55
184393,Active,3469921,NA,NA,D,2,1,1405669.85,88.95,1991,35,4,60.95
184394,Active,649077,NA,NA,S,3,1,264603.1438,94.95,2008,41,36.53,62.1
184395,Active,2621519,NA,NA,D,0,0,945729.4075,68.95,1989,17,13.56,78.99
184396,Active,631017,NA,NA,S,2,1,153341.66,308.06,1999,30,4.93,66.52
184397,Active,162896,NA,NA,D,3,1,442961.635,31.33,2010,38,15.67,82.29
184398,Active,58002,NA,NA,D,3,1,247751.3088,44.44,2011,100,4.76,32.98
184399,Active,58001,NA,NA,D,2,1,896194.0338,38.97,2007,57,4.04,33.33
184400,Active,162895,NA,NA,D,3,1,276432.5338,38.64,2010,75,6.22,17.5
184401,Active,60640,NA,NA,D,2,1,1255988.436,21.3,2007,37,4.46,43.89
184402,Active,633814,NA,NA,D,11,1,561214.6775,90,2012,16,6.98,13.67
184403,Active,872631,NA,NA,S,0,0,11828.98875,31.9,1993,81,13.91,17.99
184404,Active,229398,NA,NA,D,3,1,2018998.768,44.99,2003,16,15.49,28.98
184405,Active,528173,NA,NA,S,5,1,218249.7438,54.99,2011,23,33.71,31.91
184406,Active,2592913,NA,NA,S,0,0,196428.36,49.99,1978,42,5.79,18.99
184407,Active,882277,NA,NA,D,1,0,3351544.816,195,1996,9,148.67,357.31
184408,Active,890868,NA,NA,S,2,1,211802.425,39.99,2014,18,23.46,23.48
184409,Active,739104,NA,NA,D,1,0,1304762.629,161.6,2000,17,9.05,91.63
184410,Active,544054,NA,NA,S,2,1,275271.5263,49.99,2013,23,8.69,0
184411,Active,2339747,NA,NA,S,5,1,310622.6863,270,2001,23,23.48,74.99
184412,Active,2339745,NA,NA,D,4,1,1223559.191,125,1992,29,6.98,43.99
184413,Active,633425,NA,NA,D,3,1,777594.1013,104.95,2006,29,6.42,60.24
184414,Active,871121,NA,NA,S,3,1,773214.725,49.95,2003,87,4,18.53
184415,Active,600399,NA,NA,S,4,1,316810.8988,49.95,2009,51,8.46,129.77
184416,Active,226009,NA,NA,D,2,1,3554507.469,99.95,2005,21,4,18.88
184417,Active,528169,NA,NA,D,3,1,1672651.923,79.95,2008,18,4.34,22.94
184418,Active,539892,NA,NA,D,4,1,776112.6425,84,2011,35,11.22,17.87
184419,Active,664165,NA,NA,S,2,1,361347.1838,135,2013,26,22.34,33.98
184420,Active,1867704,NA,NA,D,8,1,1570418.461,79.95,2008,32,4.48,22.99
184421,Active,1725061,NA,NA,D,7,1,2344189.379,110,2006,24,4,13.99
184422,Active,3479841,NA,NA,D,1,0,686741.9,129.95,2015,18,98.98,105.19
184423,Active,294119,NA,NA,D,3,1,6987060.026,89.95,1998,13,7.46,14.49
184424,Active,528168,NA,NA,D,4,1,4745768.546,99,2000,21,4.22,10.49
184425,Active,1473480,NA,NA,D,0,0,7262619.586,75,2009,22,4.98,114.49
184426,Active,2144449,NA,NA,S,9,1,272659.6138,41.99,2014,27,9.31,30.47
184427,Active,2002795,NA,NA,S,0,0,92192.2825,39.97,2015,25,15.14,36.75
184428,Active,1696954,NA,NA,S,1,0,364337.5288,50,2014,55,9.88,27.99
184429,Active,3624922,NA,NA,S,2,1,79394,50,2016,30,7.34,31.98
184430,Active,2002737,NA,NA,S,0,0,48489.05,39.97,2015,13,31.97,34.31
184431,Active,3775890,NA,NA,S,3,1,1035,259.99,2016,12,128.99,212.41
184432,Active,2002043,NA,NA,S,0,0,41634.075,39.95,2014,19,17.94,33.95
184433,Active,889069,NA,NA,S,1,0,262695.8863,45,2014,70,4,15.94
184434,Active,867838,NA,NA,S,8,1,630675.5188,41.99,2013,52,4,18.86
184435,Active,613681,NA,NA,D,1,0,391963.075,45,2010,240,4,4.26
184436,Active,613971,NA,NA,D,1,0,399975.905,45,2010,258,4,9.23
184437,Active,621332,NA,NA,S,0,0,293972.7325,49.95,2015,70,8.51,29.99
184438,Active,2001479,NA,NA,S,0,0,34591.075,39.95,2014,15,30.72,34.93
184439,Active,2002661,NA,NA,S,0,0,83344.3,39.97,2014,15,27.08,35.35
184440,Active,3624926,NA,NA,S,2,1,125939,45,2016,32,21.98,24.98
184441,Active,1696941,NA,NA,S,1,0,80196.62,45,2014,62,5.15,22.89
184442,Active,2262664,NA,NA,S,19,1,236315.9913,48.99,2012,32,12.32,53.42
184443,Active,143063,NA,NA,D,6,1,477313.4288,85,2006,50,7.53,48.98
184444,Active,743198,NA,NA,S,10,1,3306725.839,95,1999,19,4.34,14.99
184445,Active,56355,NA,NA,D,7,1,63181.69875,113,2009,112,16.32,57.3
184446,Active,56354,NA,NA,D,5,1,1261668.585,69.95,2002,89,4,20.98
184447,Active,56350,NA,NA,D,6,1,603076.405,89.95,2005,94,5.87,28.8
184448,Active,592019,NA,NA,D,2,1,2309589.003,40.95,2006,51,3.99,7.48
184449,Active,544961,NA,NA,S,3,1,449373.5888,80,2009,32,22.61,35.99
184450,Active,542866,NA,NA,S,4,1,1200835.038,40.95,2004,90,3.99,10.39
184451,Active,570795,NA,NA,S,1,0,61045.675,94.15,2011,37,54.74,53.98
184452,Active,457844,NA,NA,S,1,0,71398.65,100.25,2010,43,32.59,51.64
184453,Active,906700,NA,NA,S,1,0,656742.61,111.1,2007,24,30.78,106.83
184454,Active,772908,NA,NA,S,1,0,280735.27,111.1,2006,83,5.24,15.52
184455,Active,768198,NA,NA,S,1,0,81628.65,105.95,2011,48,18.23,83.72
184456,Active,768195,NA,NA,S,1,0,27009.05,90.35,2011,39,31.59,43.82
184457,Active,853622,NA,NA,S,0,0,59665.9125,100.25,2002,130,4.46,54.65
184458,Active,772656,NA,NA,S,0,0,41276.84125,87.95,2006,117,7.17,43.58
184459,Active,3225712,NA,NA,S,0,0,224313.4713,38.98,2004,22,18.29,37.9
184460,Active,770607,NA,NA,S,0,0,283824.3088,180.2,2003,26,8,94.01
184461,Active,768799,NA,NA,S,0,0,505322.7563,142.55,2000,103,4,18.99
184462,Active,183360,NA,NA,S,0,0,7820.5825,93,2006,194,8.67,38.94
184463,Active,354765,NA,NA,S,0,0,19481.32625,122.4,2004,223,8.84,36.98
184464,Active,900481,NA,NA,S,0,0,553126.97,65.75,2000,20,26.32,78.06
184465,Active,572179,NA,NA,S,0,0,51052.95,109.8,2008,41,24.99,58.98
184466,Active,461846,NA,NA,S,1,0,65712.525,115.3,2006,48,13.91,58.87
184467,Active,771444,NA,NA,S,0,0,206158.235,111.95,2003,38,8.29,48.43
184468,Active,771449,NA,NA,S,0,0,286614.1125,111.95,2003,25,9.98,58.64
184469,Active,768663,NA,NA,S,0,0,272576.735,108.85,2000,75,4,53.93
184470,Active,571813,NA,NA,S,0,0,500010.3863,108.85,1999,87,4,43.67
184471,Active,571814,NA,NA,S,0,0,478768.3363,108.85,2000,80,4,17.78
184472,Active,848784,NA,NA,S,10,1,754445.6988,130.85,1998,70,5.12,43.66
184473,Active,612858,NA,NA,S,1,0,105912.975,137.95,2000,238,5.59,38.96
184474,Active,613186,NA,NA,S,0,0,10773.325,137.95,1991,95,12.99,63.99
184475,Active,3299836,NA,NA,D,0,0,792687.63,57.25,2000,43,7.44,47.79
184476,Active,617836,NA,NA,S,3,1,254191.4425,138.8,1991,47,23.85,71.38
184477,Active,921196,NA,NA,S,0,0,596292.0013,130.4,2003,58,5.19,17.99
184478,Active,771409,NA,NA,S,0,0,512672.6988,128.5,2003,43,7.24,10.99
184479,Active,851175,NA,NA,S,0,0,100084.4613,83.8,2000,115,4,9.86
184480,Active,613081,NA,NA,S,0,0,172630.1575,83.8,2000,148,4,11.65
184481,Active,155316,NA,NA,S,0,0,143006.8488,125.05,1999,102,6.47,11.49
184482,Active,772855,NA,NA,S,0,0,1055382.154,118.8,2005,44,6.11,66.59
184483,Active,769554,NA,NA,S,0,0,612497.4263,118.4,2010,45,5.98,20.57
184484,Active,769555,NA,NA,S,0,0,670972.66,118.4,2010,47,4.56,15.89
184485,Active,770361,NA,NA,S,0,0,187005.625,106.65,2007,49,13.82,27.95
184486,Active,772972,NA,NA,S,1,0,482287.4063,94.35,2008,28,14.53,43.85
184487,Active,1621066,NA,NA,S,0,0,64807.375,98.7,2007,41,13.67,64.99
184488,Active,772392,NA,NA,S,0,0,103462.475,80.3,2007,92,7.48,31.44
184489,Active,772565,NA,NA,S,0,0,755896.2163,129.95,2006,24,18.81,42.9
184490,Active,772393,NA,NA,S,0,0,39261.9875,80.3,2006,84,6.49,26.52
184491,Active,183304,NA,NA,S,0,0,69390.925,97.25,2007,44,20.91,48.99
184492,Active,913049,NA,NA,D,0,0,152455.2163,90.4,2007,143,8.49,48.99
184493,Active,859431,NA,NA,S,0,0,23920.12125,80.3,2006,121,7.31,37.23
184494,Active,771927,NA,NA,S,0,0,397204.5475,85.8,2004,111,6.74,40.85
184495,Active,907839,NA,NA,D,0,0,991220.8188,1.95,2007,22,4,5.98
184496,Active,572337,NA,NA,S,0,0,126736.5,86.05,2007,36,5.4,60.97
184497,Active,771929,NA,NA,S,0,0,715447.5413,139.55,2004,27,9.96,37.98
184498,Active,771928,NA,NA,S,0,0,401760.1713,142.35,2004,21,7.27,38.75
184499,Active,1622974,NA,NA,D,1,0,417470,68,2007,10,5.79,8.93
184500,Active,768125,NA,NA,S,1,0,63365.25,61.9,2010,26,33.98,65.65
184501,Active,771428,NA,NA,S,0,0,338465.4225,137.95,2003,59,4.8,18.97
184502,Active,923122,NA,NA,S,0,0,9642.9975,99.2,2005,143,7.99,40.98
184503,Active,770648,NA,NA,S,0,0,623684.655,12.7,2005,48,4,5.14
184504,Active,772904,NA,NA,S,0,0,97142.48625,90.5,2007,68,8.78,41.48
184505,Active,917799,NA,NA,S,0,0,86202.65625,5.1,2004,51,4,5.09
184506,Active,614151,NA,NA,S,2,1,56960.90375,130.95,1991,72,6.25,66.99
184507,Active,864561,NA,NA,S,0,0,52971.87,95.85,2006,93,8.88,43.09
184508,Active,182964,NA,NA,S,0,0,79511.1575,116.1,2003,69,10.86,57.41
184509,Active,771463,NA,NA,S,0,0,576493.43,83.8,2003,35,4.98,10.99
184510,Active,771460,NA,NA,S,0,0,1118588.366,92.15,2003,60,4.12,14.99
184511,Active,771467,NA,NA,S,0,0,761486.4663,116.1,2003,79,4,9.8
184512,Active,772850,NA,NA,S,0,0,225220.6663,95.85,2006,75,6.61,22.99
184513,Active,564047,NA,NA,S,0,0,204594.985,159.65,1998,130,4.97,28.98
184514,Active,772045,NA,NA,S,0,0,167034.21,68.9,2004,33,23.47,63.98
184515,Active,2638900,NA,NA,S,0,0,601414.3438,141,2000,64,8.1,100.78
184516,Active,770882,NA,NA,S,0,0,124455.245,88.15,2005,49,11.53,33.94
184517,Active,620249,NA,NA,S,1,0,112225.075,75,2010,33,18.88,48.98
184518,Active,616728,NA,NA,S,1,0,65886.2,75,2010,46,10,35.92
184519,Active,624460,NA,NA,S,4,1,329715.2138,64.95,2005,45,26.19,50.96
184520,Active,187974,NA,NA,D,3,1,988520.1113,429.99,2001,50,42.79,72.54
184521,Active,547642,NA,NA,S,0,0,496302.0275,63.8,2000,61,4.38,13.74
184522,Active,108753,NA,NA,S,5,1,304773.3275,23.89,2003,55,4,45.4
184523,Active,2339807,NA,NA,S,6,1,267576.5338,150,2002,17,31.13,217.11
184524,Active,106671,NA,NA,S,2,1,511636.905,21,2008,104,4,8.05
184525,Active,1437425,NA,NA,S,2,1,243816.6325,22,2014,42,4,12.49
184526,Active,1437669,NA,NA,S,2,1,309532.0463,32,2014,20,7.69,48.23
184527,Active,1441186,NA,NA,S,2,1,778497.5513,72.34,2011,46,4,58.99
184528,Active,613010,NA,NA,S,1,0,176385.1838,112.75,2000,150,4.32,20.68
184529,Active,112309,NA,NA,S,1,0,142671.55,115,2007,75,6.2,32.94
184530,Active,57077,NA,NA,D,1,0,1279973.445,132,2008,70,4,5.26
184531,Active,57079,NA,NA,D,2,1,239918.4788,13.99,2010,265,4,15.99
184532,Active,57078,NA,NA,D,2,1,687393.8063,111.5,2010,59,4.23,8.89
184533,Active,111382,NA,NA,S,3,1,107703.3038,139,2011,48,28.5,73.72
184534,Active,538309,NA,NA,S,2,1,5266.33875,18,2012,81,8.93,10.89
184535,Active,549602,NA,NA,D,1,0,405817.76,110,2005,30,5.58,10.49
184536,Active,547639,NA,NA,S,0,0,62232.75,111.25,2001,96,4.62,24.91
184537,Active,632195,NA,NA,S,2,1,707708.5225,135,2000,27,18.13,0
184538,Active,547645,NA,NA,S,0,0,69640.805,84.95,2002,65,8.41,34.49
184539,Active,612607,NA,NA,S,1,0,89669.85,59,2014,24,16.98,16.99
184540,Active,549588,NA,NA,S,1,0,1472388.58,88,2005,32,4.94,19.5
184541,Active,650152,NA,NA,S,2,1,1274382.404,100,2013,51,6.44,34.65
184542,Active,863932,NA,NA,D,2,1,1256864.589,99,2010,27,5.26,13.96
184543,Active,701514,NA,NA,S,2,1,449545.5588,99,2010,53,11.58,46.38
184544,Active,672100,NA,NA,S,3,1,204185.1713,22.95,2010,133,4,13.57
184545,Active,106783,NA,NA,S,2,1,170619.7688,20,2010,29,10.4,42.4
184546,Active,913760,NA,NA,S,0,0,216822.1488,382.75,2014,60,4.98,55.97
184547,Active,1437634,NA,NA,S,8,1,1359341.045,37,2014,75,4,7.53
184548,Active,1437671,NA,NA,S,2,1,750973.42,40,2015,21,5.98,23.86
184549,Active,865457,NA,NA,S,0,0,960622.5763,35,2014,28,4.97,5.88
184550,Active,861521,NA,NA,S,5,1,1219108.803,35,2013,36,4,16.41
184551,Active,865440,NA,NA,S,9,1,1054371.07,40,2014,20,5.98,15.79
184552,Active,1436922,NA,NA,S,1,0,24146.575,25,2011,11,38.99,46.56
184553,Active,617607,NA,NA,S,3,1,1073019.263,165.5,1999,37,5.28,49.56
184554,Active,1435952,NA,NA,D,26,1,1196364.198,78,2008,41,10.67,18.94
184555,Active,528159,NA,NA,D,27,1,880381.715,85,2011,31,16.97,40.56
184556,Active,106567,NA,NA,D,1,0,1279493.143,88.95,2009,24,14.01,71.96
184557,Active,528157,NA,NA,S,2,1,354361.3425,114,2012,21,29.52,37.21
184558,Active,528156,NA,NA,S,8,1,780720.1563,20,2012,63,4,9.98
184559,Active,537738,NA,NA,S,3,1,329159.7125,17,2012,51,4,13.98
184560,Active,1436921,NA,NA,S,3,1,384574.825,18,2012,46,4,8.93
184561,Active,905694,NA,NA,D,1,0,1672521.12,34.95,2004,27,4.74,50.51
184562,Active,1437054,NA,NA,S,3,1,461297.7663,19,2012,58,4,8.1
184563,Active,917546,NA,NA,D,6,1,511027.9263,382.75,2015,45,6.56,72.06
184564,Active,872595,NA,NA,D,6,1,105993.0663,382.75,2015,61,5.48,40.99
184565,Active,528152,NA,NA,D,4,1,1014782.784,13.99,2013,64,3.88,13.99
184566,Active,866723,NA,NA,D,6,1,38699.2725,391,2015,85,8.17,76.98
184567,Active,112044,NA,NA,D,3,1,1115636.893,12.17,2012,59,4.5,12.17
184568,Active,3607495,NA,NA,D,0,0,262331.55,106.99,1982,39,43.74,73.86
184569,Active,1873345,NA,NA,S,1,0,1110216.978,189.95,2010,35,5.28,42.6
184570,Active,920493,NA,NA,S,1,0,380527.2238,189.95,2010,78,4.98,27.98
184571,Active,528150,NA,NA,D,13,1,247537.3138,123.95,2010,43,27.29,52.99
184572,Active,354893,NA,NA,D,12,1,168152.8738,80.95,2005,95,4,24
184573,Active,54842,NA,NA,D,10,1,13415.85,171.4,2010,128,11.96,43.99
184574,Active,552133,NA,NA,S,7,1,1054547.224,100,2003,50,4,7.36
184575,Active,54841,NA,NA,D,9,1,43322.29,132.4,2007,115,4.61,33.39
184576,Active,54840,NA,NA,S,8,1,468180.85,114,2004,113,4,32.01
184577,Active,200023,NA,NA,D,3,1,406939.8188,119.95,2005,71,4,6.48
184578,Active,193050,NA,NA,D,3,1,2609847.473,93.95,2003,20,6.34,47.17
184579,Active,644164,NA,NA,S,0,0,625824.7013,19.97,2004,25,13.48,19.11
184580,Active,576429,NA,NA,D,4,1,2952674.274,41.95,2000,35,4,45.39
184581,Active,591951,NA,NA,D,5,1,1662310.638,63.95,2005,37,4,11.99
184582,Active,1688680,NA,NA,S,1,0,17122.575,59.99,2014,12,37.44,37.53
184583,Active,1780617,NA,NA,S,2,1,15737.93875,99.99,2015,28,49.27,53.38
184584,Active,649561,NA,NA,D,0,0,205880.76,99.99,2013,37,11.46,0
184585,Active,528148,NA,NA,S,2,1,1368166.701,59.99,2006,127,4,5.46
184586,Active,776791,NA,NA,S,2,1,1363025.043,199.99,2006,25,4.98,46.99
184587,Active,621391,NA,NA,S,1,0,1324050.308,49.99,2008,28,4,4.47
184588,Active,298598,NA,NA,S,1,0,568634.0663,190.95,2009,83,4,10.5
184589,Active,621153,NA,NA,S,2,1,538578.2075,59.99,2011,41,4.31,17.18
184590,Active,193913,NA,NA,S,2,1,118636.95,69.99,2011,77,4.35,11.98
184591,Active,193895,NA,NA,S,1,0,939008.4938,69.99,2008,51,4,33.59
184592,Active,614017,NA,NA,S,1,0,107028.1825,69.99,2009,133,4.09,22.98
184593,Active,629250,NA,NA,S,1,0,600354.7463,85,2010,45,21.18,48.94
184594,Active,528135,NA,NA,S,5,1,283477.26,75.99,2011,26,27.66,32.87
184595,Active,911718,NA,NA,S,2,1,952441.8575,70,2006,31,5.72,21.98
184596,Active,544030,NA,NA,S,2,1,151527.56,54.95,2012,28,17.3,33.45
184597,Active,630328,NA,NA,S,2,1,298024.9,66,2000,42,9.32,58.77
184598,Active,287263,NA,NA,D,2,1,3200090.356,55,2004,18,5.97,47.45
184599,Active,528134,NA,NA,S,3,1,524902.7125,48.95,2011,66,14.91,36.11
184600,Active,55560,NA,NA,D,6,1,30579.7075,163,2011,90,11.87,51.36
184601,Active,120375,NA,NA,S,9,1,91773.6925,71.4,2008,47,23.59,33.99
184602,Active,118469,NA,NA,S,3,1,133306.095,120.2,2007,41,18.61,75.41
184603,Active,552993,NA,NA,D,3,1,1488038.904,70.67,2007,67,3.89,13
184604,Active,422346,NA,NA,S,4,1,325100.835,105,2011,59,33.96,61.49
184605,Active,644313,NA,NA,D,1,0,773764.1288,94.95,1977,21,21.99,76.5
184606,Active,3959958,NA,NA,D,0,0,3954921.2,41.95,1998,27,6.95,62.61
184607,Active,627537,NA,NA,S,2,1,301319.7175,49.95,2008,24,30.84,34.55
184608,Active,2831510,NA,NA,D,0,0,495940.9638,60,1993,18,18.55,68.98
184609,Active,623994,NA,NA,S,2,1,1082156.213,54.95,2007,29,25.63,34.12
184610,Active,608952,NA,NA,S,2,1,554199.2288,59.95,2002,22,31.97,95.78
184611,Active,131665,NA,NA,D,0,0,1667415.818,109,2005,30,4,15.82
184612,Active,875667,NA,NA,D,0,0,912326.44,56.52,2010,19,4.35,51.65
184613,Active,57449,NA,NA,D,9,1,324914.8513,124.4,2004,80,4,34.16
184614,Active,3783059,NA,NA,S,2,1,2008174.15,76,1995,23,4.12,37.99
184615,Active,647356,NA,NA,D,3,1,1043215.056,159.95,2010,23,26.44,78.79
184616,Active,899526,NA,NA,D,2,1,696890.925,177.95,1995,21,8.33,83.1
184617,Active,194206,NA,NA,D,4,1,33938.66125,99,2010,106,5.38,6.42
184618,Active,194134,NA,NA,S,3,1,905694.1838,84,2006,42,4,23.98
184619,Active,146311,NA,NA,D,6,1,242591.8725,168.6,2010,89,6.88,47.98
184620,Active,118867,NA,NA,S,8,1,160718.8288,207,2009,103,43.98,71.92
184621,Active,113201,NA,NA,D,1,0,279304.5475,99.95,2011,38,29.06,54.01
184622,Active,285268,NA,NA,D,5,1,275762.02,36.14,2005,43,4.11,33.97
184623,Active,110084,NA,NA,D,6,1,457570.4513,29.74,2010,60,4.44,34.53
184624,Active,254285,NA,NA,D,2,1,718131.8363,104.95,2010,32,8.44,49.98
184625,Active,109256,NA,NA,D,8,1,219017.5113,86.39,2006,50,4.37,0
184626,Active,222314,NA,NA,S,3,1,1389610.251,95,2004,34,4,25.99
184627,Active,55207,NA,NA,D,3,1,529846.83,42.95,2003,67,4,21.35
184628,Active,55208,NA,NA,S,4,1,7396.15125,54.95,2009,67,25.99,30.99
184629,Active,199192,NA,NA,D,1,0,1410480.524,89,2004,42,4,44.29
184630,Active,127167,NA,NA,D,4,1,697267.1888,115,2007,13,15.99,73.99
184631,Active,2665185,NA,NA,S,3,1,1154548.813,44.95,2000,62,4,7.98
184632,Active,622728,NA,NA,D,4,1,832181.7425,59.95,2007,65,5.14,31.96
184633,Active,539719,NA,NA,D,4,1,292910.6725,69.95,2007,47,11.84,45.96
184634,Active,188329,NA,NA,D,3,1,987156.795,54.95,2000,50,4.04,11.49
184635,Active,55888,NA,NA,S,3,1,67381.4925,69.99,2007,60,30.62,38.1
184636,Active,620325,NA,NA,S,3,1,623139.3475,86,2006,49,6.93,65.74
184637,Active,760965,NA,NA,D,1,0,3920298.885,130,2002,13,28.83,49.94
184638,Active,543934,NA,NA,S,2,1,405461.4338,49,2013,33,23.37,30.18
184639,Active,163224,NA,NA,D,1,0,1420432.461,45,2006,31,4,19.99
184640,Active,255768,NA,NA,S,2,1,213757.8238,69.95,2005,25,29.81,0
184641,Active,298298,NA,NA,S,2,1,532123.535,65,2009,44,6.7,0
184642,Active,655032,NA,NA,S,2,1,156894.6463,49.95,2013,67,31.74,32.85
184643,Active,761914,NA,NA,S,0,0,226113.9875,70,2006,22,21.36,108.52
184644,Active,608301,NA,NA,D,9,1,410619.0463,120,1999,74,6.99,42.97
184645,Active,162389,NA,NA,D,11,1,130528.0625,160,2009,86,41.99,103.99
184646,Active,113680,NA,NA,D,4,1,212588.2688,122.4,2004,41,4.38,48.05
184647,Active,114315,NA,NA,D,3,1,782804.7438,109.33,2004,40,4.99,76.11
184648,Active,120290,NA,NA,D,4,1,169505.8138,175.4,2008,49,23.09,75.47
184649,Active,113723,NA,NA,D,2,1,3471541.491,113.4,2001,25,4.09,21.08
184650,Active,2387447,NA,NA,D,0,0,918429.8025,104.25,1993,27,5.14,49.27
184651,Active,2333773,NA,NA,D,0,0,2756838.153,115.4,1990,26,4,57.21
184652,Active,117687,NA,NA,D,3,1,469164.2788,185,2006,24,6.99,92
184653,Active,163594,NA,NA,D,1,0,978130.6088,73.97,2002,22,23.98,58.61
184654,Active,606942,NA,NA,D,4,1,110537.6813,38.14,2009,59,11.13,72.53
184655,Active,698937,NA,NA,S,4,1,1025393.871,60.26,2009,27,14.31,65.51
184656,Active,267153,NA,NA,S,2,1,249099.1925,96,2006,26,36.92,43.99
184657,Active,196474,NA,NA,D,0,0,2205305.854,39.95,2002,17,4.97,73.93
184658,Active,649200,NA,NA,D,12,1,255841.1725,158.4,2006,27,162.44,243.94
184659,Active,902592,NA,NA,D,0,0,1054762.925,50,1991,20,4,72.89
184660,Active,534025,NA,NA,D,5,1,782294.9275,132,1993,48,4,17.83
184661,Active,2334595,NA,NA,D,2,1,2209454.328,147.73,1976,30,4.13,18.98
184662,Active,3093747,NA,NA,D,0,0,1588028.875,84,2004,27,27.97,73.99
184663,Active,612244,NA,NA,S,3,1,292351.365,152,2013,23,44.76,83.99
184664,Active,630110,NA,NA,D,2,1,874500.61,52.8,2009,24,25.06,49.98
184665,Active,163895,NA,NA,D,1,0,880482.9013,165,1996,16,4.39,68.63
184666,Active,897694,NA,NA,D,2,1,754392.8163,56.16,2014,11,84.99,109.82
184667,Active,633353,NA,NA,S,2,1,652024.725,102,2008,29,5.25,48.5
184668,Active,1867620,NA,NA,S,3,1,702505.4125,159.95,2009,39,27.2,43.42
184669,Active,2583016,NA,NA,D,0,0,75308.67125,22.95,1985,76,8.71,13.6
184670,Active,58000,NA,NA,D,3,1,849165.0975,216,1995,35,4.02,38.51
184671,Active,668862,NA,NA,S,5,1,625746.2463,93.85,2011,20,32.99,51.14
184672,Active,868189,NA,NA,D,0,0,497036.23,67.55,1965,33,6.39,72.09
184673,Active,906191,NA,NA,D,0,0,4439055.584,44,1991,24,8.21,34.99
184674,Active,166716,NA,NA,S,2,1,91896.03875,150,2006,85,45.98,69.99
184675,Active,3599200,NA,NA,D,1,0,5453137.25,129.95,1997,27,7.65,49.39
184676,Active,225755,NA,NA,S,2,1,811614.6675,132.95,2005,33,34.57,0
184677,Active,2438353,NA,NA,D,0,0,4752151.971,0,1972,16,4,0
184678,Active,165002,NA,NA,D,1,0,2262882.23,150,2004,18,8.29,73.95
184679,Active,176877,NA,NA,S,3,1,1089866.466,337.95,2001,36,4.28,40.98
184680,Active,715073,NA,NA,S,2,1,4902586,96,1997,22,4.04,42.82
184681,Active,2877194,NA,NA,D,1,0,1167839.724,185,1997,23,27.19,147.34
184682,Active,111498,NA,NA,S,6,1,653726.5463,132.37,2011,25,18.12,55.9
184683,Active,2238249,NA,NA,D,9,1,68277.995,26.48,2013,26,22.57,23.59
184684,Active,109383,NA,NA,D,4,1,279608.4888,13.96,2005,55,8.42,66.69
184685,Active,56118,NA,NA,S,4,1,744427.9413,112,1999,46,4.58,13.98
184686,Active,2569448,NA,NA,D,1,0,2329860.443,13.98,1996,25,4,13.98
184687,Active,110976,NA,NA,D,5,1,61111.09,55.96,2008,65,13.45,55.71
184688,Active,56122,NA,NA,S,6,1,428027.1675,139,2004,42,8.99,59.2
184689,Active,57550,NA,NA,D,7,1,314959.97,326.95,2008,59,5.56,39.99
184690,Active,57549,NA,NA,D,6,1,340091.2925,123.95,2003,55,5.64,53.98
184691,Active,615674,NA,NA,D,2,1,908725.2525,33.49,1999,54,4,36.91
184692,Active,163034,NA,NA,D,2,1,473468.9813,82.42,2010,97,9.28,39.99
184693,Active,608365,NA,NA,D,5,1,1745174.891,40,1998,43,4.36,36
184694,Active,56119,NA,NA,D,7,1,165618.1588,183,2007,65,8.95,45.45
184695,Active,654663,NA,NA,S,8,1,1076593.691,51.25,2010,37,15.93,47.12
184696,Active,60642,NA,NA,D,1,0,608398.35,43.9,2008,19,10.59,36.39
184697,Active,1592874,NA,NA,D,0,0,1924359.379,185,2006,31,37.08,101.09
184698,Active,2649860,NA,NA,D,1,0,4167780.694,115.95,1999,17,5.48,61.62
184699,Active,627942,NA,NA,S,2,1,734753.7475,109,1973,25,22.13,174.43
184700,Active,1738185,NA,NA,D,1,0,658267.9888,89.99,2009,21,4.99,120.91
184701,Active,105674,NA,NA,S,3,1,1195154.214,89.95,2001,30,38.01,86.78
184702,Active,528115,NA,NA,S,5,1,135417.8813,95,2011,33,36.26,47.49
184703,Active,203733,NA,NA,D,4,1,493507.4025,74,2006,78,4,22.88
184704,Active,528114,NA,NA,S,5,1,63278.4925,88.99,2012,64,28.33,33.99
184705,Active,607412,NA,NA,D,4,1,613752.71,157.6,2009,25,31.89,96.98
184706,Active,1878963,NA,NA,S,2,1,1414197.438,49.95,2007,59,4.09,5.96
184707,Active,637781,NA,NA,S,4,1,146254.5238,54.99,2012,52,7.44,19.99
184708,Active,867652,NA,NA,S,5,1,139246.3313,81,2013,39,30.49,55.79
184709,Active,248208,NA,NA,D,2,1,271049.085,72,2010,47,4,19.98
184710,Active,610174,NA,NA,D,3,1,72125.03375,81,2013,38,12.66,43.46
184711,Active,919665,NA,NA,D,1,0,684946.1888,40.95,2001,37,4,32.08
184712,Active,541781,NA,NA,S,2,1,70675.91875,61.95,2012,44,27.98,33.37
184713,Active,246468,NA,NA,D,1,0,257707.4125,54.95,2005,57,4,51.06
184714,Active,644473,NA,NA,S,9,1,607634.3163,60.3,2013,58,4.78,58.93
184715,Active,546022,NA,NA,D,9,1,6440.38,47.48,2013,102,11.94,53.14
184716,Active,52949,NA,NA,D,8,1,83702.0175,17.44,2011,153,4.75,54.23
184717,Active,127664,NA,NA,D,3,1,5289664.908,55,2005,25,4,48.59
184718,Active,127674,NA,NA,D,4,1,716152.0038,52.95,2009,32,4.12,13.44
184719,Active,246559,NA,NA,S,2,1,94554.75,52.95,2009,22,34.59,37.96
184720,Active,649614,NA,NA,S,9,1,553661.0275,11.75,2013,44,5.12,15.99
184721,Active,587987,NA,NA,S,1,0,54383.7,59.99,2012,26,26.47,27.99
184722,Active,177510,NA,NA,D,3,1,777836.3725,148.95,2006,48,4,9.06
184723,Active,170024,NA,NA,D,4,1,299962.2138,140.95,2010,84,3.84,41.5
184724,Active,169089,NA,NA,S,4,1,632497.7438,145.95,2005,29,9.18,38.98
184725,Active,213293,NA,NA,S,3,1,91172.51625,99.95,2008,41,43.99,66.84
184726,Active,243988,NA,NA,D,4,1,75745.88625,166.95,2012,75,11.41,82.16
184727,Active,290945,NA,NA,D,3,1,842426.5925,183.95,2009,50,4,10.51
184728,Active,631602,NA,NA,D,0,0,605508.94,154.95,2010,36,4.28,56.16
184729,Active,735629,NA,NA,D,1,0,965466.7438,47.47,2011,16,4,42.49
184730,Active,545996,NA,NA,D,2,1,32750.69625,67.49,2012,92,8.54,46.17
184731,Active,142018,NA,NA,D,1,0,398513.6213,24.99,2010,123,4,16.24
184732,Active,285237,NA,NA,D,5,1,4347291.513,5.98,2004,41,3.98,10.21
184733,Active,644637,NA,NA,S,0,0,66984.4,62,2012,12,56.43,54.3
184734,Active,131871,NA,NA,D,7,1,1096853.37,103.4,2004,51,3.99,9.46
184735,Active,612025,NA,NA,S,2,1,106363.5813,81,2013,55,37.99,54.18
184736,Active,110459,NA,NA,D,7,1,124566.8613,45.96,2010,76,4.4,59.03
184737,Active,110457,NA,NA,D,6,1,841531.7763,4.63,2007,75,4,11.98
184738,Active,1620745,NA,NA,S,7,1,209398.0075,94.97,2014,9,15.24,79.51
184739,Active,157407,NA,NA,S,2,1,275755.735,42.95,2008,84,8.74,32.19
184740,Active,541557,NA,NA,S,5,1,25691.3625,60.95,2013,62,31.95,35.74
184741,Active,246642,NA,NA,S,1,0,831888.9213,49.95,2009,21,9.55,20.24
184742,Active,622069,NA,NA,S,4,1,658652.2263,55.95,2003,45,4,30.68
184743,Active,612675,NA,NA,D,7,1,21966.71875,86,2013,121,4.97,56.55
184744,Active,801617,NA,NA,S,4,1,1055744.75,67.95,2008,50,4,9.62
184745,Active,545785,NA,NA,D,6,1,164669.9163,78,2012,66,5.19,28.64
184746,Active,592144,NA,NA,D,5,1,708561.7363,71,2010,67,4,16.07
184747,Active,368806,NA,NA,S,4,1,185107.0113,79.95,2007,33,18.99,25.97
184748,Active,630332,NA,NA,D,1,0,1018545.748,35.95,2000,61,4,8.99
184749,Active,57491,NA,NA,S,5,1,1910557.081,195.95,2007,54,4,32.45
184750,Active,620233,NA,NA,D,7,1,257394.3313,246.95,2012,68,4,15.12
184751,Active,544265,NA,NA,D,8,1,41240.8825,224.95,2013,92,5.49,35.54
184752,Active,57492,NA,NA,S,6,1,1706356.154,195.95,2008,43,4,9.99
184753,Active,57494,NA,NA,D,7,1,300915.0025,246.95,2011,69,4.69,31.75
184754,Active,52012,NA,NA,D,10,1,87259.86375,142,2010,93,4.76,22.01
184755,Active,130433,NA,NA,S,10,1,870358.9025,134.6,2011,46,5.15,52.73
184756,Active,52013,NA,NA,D,9,1,627273.4513,124.6,2008,113,4,6.93
184757,Active,664762,NA,NA,D,2,1,558115.69,79.95,2013,46,5.74,51.99
184758,Active,254646,NA,NA,D,1,0,196636.875,79.95,2011,21,19.44,53.99
184759,Active,563659,NA,NA,D,0,0,1094889.294,6.33,2006,40,4,5.98
184760,Active,541259,NA,NA,D,2,1,140789.7838,51.71,2011,63,3.89,33.99
184761,Active,270681,NA,NA,S,6,1,98068.31125,81,2010,50,19.98,60.85
184762,Active,260043,NA,NA,D,4,1,1870200.808,47.95,2000,32,4,7.78
184763,Active,920538,NA,NA,D,5,1,1603694.525,54.95,2006,31,4,12.12
184764,Active,635190,NA,NA,S,2,1,658382.6788,42,2008,35,4.98,34.97
184765,Active,608614,NA,NA,D,7,1,2335392.73,141.95,2005,47,4,8.23
184766,Active,169749,NA,NA,D,8,1,983546.6825,237.95,2008,47,5.93,41.98
184767,Active,2163043,NA,NA,S,4,1,175519.2013,69,2013,19,46,126.96
184768,Active,658504,NA,NA,D,3,1,380755.6188,67,2010,35,4.3,0
184769,Active,199015,NA,NA,S,2,1,669549.2588,85,1998,44,4,43.29
184770,Active,620663,NA,NA,D,3,1,1333445.984,64.99,2003,25,4,33.87
184771,Active,591668,NA,NA,S,4,1,411153.8575,77.95,2009,36,17.24,32.99
184772,Active,610019,NA,NA,S,5,1,302727.5113,44.95,2010,43,7.99,25.38
184773,Active,1845446,NA,NA,D,0,0,2573066.414,77.5,2009,13,6.24,175.93
184774,Active,289683,NA,NA,S,0,0,433809.72,43.95,1998,45,4,28.94
184775,Active,337082,NA,NA,D,2,1,1472818.478,71.95,2008,25,8.06,55.83
184776,Active,541374,NA,NA,S,2,1,546820.09,76.95,2013,21,27.54,70.23
184777,Active,541565,NA,NA,D,4,1,244321.365,89.95,2011,82,4,12
184778,Active,663690,NA,NA,S,5,1,22321.08,99.95,2013,35,38.98,44.67
184779,Active,565088,NA,NA,D,3,1,929750.5663,89.95,2008,54,4,11.92
184780,Active,528106,NA,NA,S,6,1,105559.0575,142.25,2012,43,49.66,81.96
184781,Active,528105,NA,NA,D,10,1,175259.5263,230.95,2011,53,6.09,60.71
184782,Active,608474,NA,NA,D,9,1,1096447.718,178.95,2010,35,4,13.11
184783,Active,451789,NA,NA,S,9,1,236366.4738,224.95,2009,47,4.35,43.49
184784,Active,610250,NA,NA,S,5,1,3260.6025,81,2013,76,33.82,48.66
184785,Active,544958,NA,NA,D,4,1,42419.145,72,2011,91,4,21.99
184786,Active,199154,NA,NA,S,2,1,140193.94,91,2005,65,6.45,52.95
184787,Active,647915,NA,NA,S,3,1,705887.34,54.95,2013,25,24.25,0
184788,Active,775738,NA,NA,D,0,0,921390.6063,70,2006,12,9.72,110.4
184789,Active,628350,NA,NA,D,1,0,847830.57,84,2006,28,4.25,60.01
184790,Active,776357,NA,NA,D,2,1,290132.8025,117,2010,43,37.54,90.12
184791,Active,560304,NA,NA,S,3,1,571142.3763,78,2008,39,14,53.61
184792,Active,131604,NA,NA,D,1,0,190348.7463,80.6,2004,67,5.81,59.99
184793,Active,1822888,NA,NA,S,6,1,1878898.139,51.2,2013,10,7.19,99.31
184794,Active,238238,NA,NA,S,15,1,93572.78125,28.95,2011,39,16.84,27.21
184795,Active,238237,NA,NA,S,13,1,1760473.436,27,2006,35,4,18.99
184796,Active,609453,NA,NA,S,14,1,479034.4213,28.95,2008,43,4,26.99
184797,Active,165268,NA,NA,D,3,1,735397.5938,235,2002,40,6.98,25.95
184798,Active,200255,NA,NA,D,4,1,850407.8063,138.95,2008,91,4.36,28.87
184799,Active,3567054,NA,NA,D,3,1,6413082.4,134.95,2007,25,4.74,46.07
184800,Active,254512,NA,NA,D,4,1,143080.0825,138.95,2010,94,4.21,4.34
184801,Active,113108,NA,NA,S,2,1,156966.5338,99.95,2009,46,32.49,55.25
184802,Active,539889,NA,NA,S,2,1,30490.33,54.95,2012,46,24.85,41.69
184803,Active,217307,NA,NA,D,5,1,882467.545,55,2008,54,4,14.54
184804,Active,2834434,NA,NA,D,2,1,4326790.463,65.95,1999,27,4.45,22.97
184805,Active,222352,NA,NA,D,3,1,1062056.441,95,2005,26,5.23,27.98
184806,Active,663362,NA,NA,S,4,1,271624.3375,34.99,2013,28,31.95,59.11
184807,Active,631575,NA,NA,S,1,0,100415.975,37.95,2010,29,15.03,24.73
184808,Active,111404,NA,NA,D,4,1,1790353.495,5.39,2010,45,4.15,5.46
184809,Active,614969,NA,NA,S,5,1,188829.0663,187.25,2013,90,12.04,46.88
184810,Active,528103,NA,NA,S,3,1,2102704.933,129.75,2009,40,4,13.99
184811,Active,110043,NA,NA,D,4,1,511971.9038,10.99,2010,115,4,11.46
184812,Active,609588,NA,NA,D,6,1,549365.7588,133.95,2007,161,4.62,21
184813,Active,243853,NA,NA,D,7,1,68888.19125,133.95,2011,55,6.4,23.54
184814,Active,222988,NA,NA,D,1,0,2046362.916,119.95,1997,22,4.23,28.48
184815,Active,628795,NA,NA,S,1,0,393392.2763,72.99,2008,27,42.38,62.16
184816,Active,543002,NA,NA,S,1,0,564636.865,61.99,2008,62,8.05,19.98
184817,Active,625213,NA,NA,D,4,1,155418.5963,132,2011,119,5.41,18.29
184818,Active,606996,NA,NA,D,3,1,340639.2513,78.99,2008,43,4.84,44.64
184819,Active,592478,NA,NA,D,1,0,372489.8738,128.95,2007,89,4.13,24.98
184820,Active,862169,NA,NA,S,4,1,134196.0875,75.95,2014,62,34.23,43.64
184821,Active,624401,NA,NA,S,3,1,328902.27,41.95,2007,23,21.94,21.99
184822,Active,553074,NA,NA,S,1,0,234760.5188,96.13,2012,57,4.48,21.9
184823,Active,245050,NA,NA,S,1,0,893945.34,135.95,2005,26,6.22,16.23
184824,Active,639756,NA,NA,S,0,0,131525.3838,105.75,2012,27,18.71,55.46
184825,Active,630212,NA,NA,D,1,0,1363744.581,49.95,2006,26,5.17,8.49
184826,Active,508667,NA,NA,D,2,1,774722.4463,319,2009,31,21.84,0
184827,Active,225878,NA,NA,D,1,0,860133.895,174.95,2005,19,82.48,102.99
184828,Active,286201,NA,NA,D,10,1,64308.3225,85.8,2011,79,8.67,30
184829,Active,56324,NA,NA,S,8,1,2006165.996,49.95,2003,46,4,13.92
184830,Active,56325,NA,NA,D,9,1,624595.335,64.95,2007,126,4,13.8
184831,Active,539442,NA,NA,S,2,1,177843.8838,76.2,2013,54,30.83,62.11
184832,Active,288817,NA,NA,D,6,1,334266.6663,105,2007,104,9.99,24.99
184833,Active,867196,NA,NA,S,7,1,124373.9575,99.95,2014,50,48.22,63.94
184834,Active,2610709,NA,NA,S,2,1,3619943.818,41.99,2000,19,6.14,69.47
184835,Active,291223,NA,NA,D,3,1,1240042.195,59,2004,33,4.97,8.94
184836,Active,1437392,NA,NA,S,5,1,242231.475,69,2015,16,29.36,36.89
184837,Active,231325,NA,NA,S,3,1,1173365.155,39.95,1999,18,13.81,28.99
184838,Active,110435,NA,NA,D,6,1,190551.7163,39.71,2010,100,10.48,26.89
184839,Active,110773,NA,NA,D,5,1,603299.8975,11.98,2007,77,4,15.99
184840,Active,2722117,NA,NA,D,2,1,2350986.63,191,2001,20,24.92,73.98
184841,Active,528098,NA,NA,D,4,1,158092.35,76.95,2009,60,12.47,50.7
184842,Active,645394,NA,NA,S,3,1,916077.2038,41.95,2013,27,16.75,21.96
184843,Active,147373,NA,NA,D,3,1,1163823.504,67.95,2005,44,4,19.95
184844,Active,624490,NA,NA,S,0,0,33354.85875,60,2003,48,25,37.12
184845,Active,760264,NA,NA,D,1,0,3044131.474,142,2003,18,4.15,53.99
184846,Active,180690,NA,NA,S,3,1,1798066.013,49.95,2009,18,10.36,68.88
184847,Active,253957,NA,NA,S,2,1,3217081.045,44.95,2008,13,4,59.07
184848,Active,893381,NA,NA,D,1,0,1881402.753,132.95,2007,20,87.37,91.93
184849,Active,166554,NA,NA,S,4,1,44153.875,244.5,2009,72,40.94,67.34
184850,Active,109735,NA,NA,S,3,1,1255573.555,11.61,2007,38,4.21,7
184851,Active,110038,NA,NA,S,1,0,196806.675,122,2009,29,53.52,82.33
184852,Active,192477,NA,NA,S,2,1,807977.5738,92.95,2005,47,4,28.99
184853,Active,543138,NA,NA,S,4,1,26749.5375,62.95,2012,44,35.73,37.81
184854,Active,2787904,NA,NA,D,2,1,1306459.654,41.95,1999,26,9.84,31.59
184855,Active,1827266,NA,NA,S,3,1,671587.495,103.95,2015,23,44.86,69.99
184856,Active,54273,NA,NA,D,2,1,43063.26,106,2010,168,5.01,34.99
184857,Active,538513,NA,NA,S,3,1,17071.275,135.25,2013,103,14.38,47.45
184858,Active,285380,NA,NA,D,2,1,542643.1938,48.66,2010,94,6.09,41.95
184859,Active,109792,NA,NA,D,1,0,1662390.309,12.49,2007,31,4.6,12.49
184860,Active,1472650,NA,NA,D,2,1,2337605.079,75,2009,22,5.75,49.49
184861,Active,1475820,NA,NA,D,4,1,2553579.823,60,2012,24,4.97,49.49
184862,Active,1469036,NA,NA,D,2,1,4131208.473,89.95,2008,25,4.97,69.64
184863,Active,56320,NA,NA,D,3,1,675532.855,72,2008,211,4,6.26
184864,Active,56319,NA,NA,D,4,1,63058.93375,94.4,2011,190,4.11,21.69
184865,Active,1469669,NA,NA,D,1,0,4326915.413,65,2006,16,4.98,88.98
184866,Active,578928,NA,NA,D,0,0,1029598.326,34.95,2007,101,4,0
184867,Active,210882,NA,NA,D,5,1,4033711.248,28.95,2002,58,3.61,7.97
184868,Active,528093,NA,NA,S,7,1,43659.23125,48.95,2012,45,21.36,26.92
184869,Active,776076,NA,NA,D,2,1,1128971.18,84,2008,25,6.78,60.84
184870,Active,895974,NA,NA,D,0,0,3701565.644,68,2004,15,5.09,8.74
184871,Active,142870,NA,NA,D,2,1,1679360.366,35,2003,24,4,18.71
184872,Active,661106,NA,NA,S,3,1,272748.105,43,2011,20,24.25,30.65
184873,Active,245112,NA,NA,S,1,0,262576.74,112.95,2005,30,24.35,98.81
184874,Active,297855,NA,NA,S,15,1,2019269.57,19.5,2009,22,4,20.47
184875,Active,334689,NA,NA,S,3,1,5544700.404,82,1995,17,4.93,30.49
184876,Active,899670,NA,NA,D,16,1,3190672.673,75.95,2002,21,4.97,33.98
184877,Active,877261,NA,NA,S,2,1,944164.305,52.57,1990,28,4.35,51.15
184878,Active,609990,NA,NA,S,13,1,27221.3025,55,2014,39,23.98,23.69
184879,Active,106335,NA,NA,S,9,1,1610192.965,44.95,2006,40,4,8.96
184880,Active,902791,NA,NA,D,17,1,1514237.453,95.95,2007,17,5.3,43.21
184881,Active,106736,NA,NA,D,25,1,1014694.593,60.95,2010,39,4.57,23.93
184882,Active,537728,NA,NA,D,26,1,130246.6013,70,2012,47,12,23.61
184883,Active,615416,NA,NA,D,4,1,397784.0613,75.95,2007,53,5.48,31.1
184884,Active,536385,NA,NA,D,7,1,30294.95125,91.95,2012,69,19.99,49.73
184885,Active,55723,NA,NA,D,6,1,333209.1425,87.95,2008,82,5.47,25.98
184886,Active,55722,NA,NA,D,5,1,1278137.568,79.95,2005,87,4,15.94
184887,Active,867379,NA,NA,S,5,1,320393.9463,67,2014,29,38.71,50.23
184888,Active,872495,NA,NA,S,2,1,2053409.494,154.95,2003,43,4,11.99
184889,Active,544333,NA,NA,D,4,1,59885.84125,146.95,2013,53,28.94,103.05
184890,Active,567657,NA,NA,D,3,1,266369.1788,146.95,2008,90,4,33.59
184891,Active,249138,NA,NA,D,2,1,665783.535,93.95,2009,80,4,23.15
184892,Active,553554,NA,NA,S,1,0,76116.575,112,2012,33,19.44,85.66
184893,Active,618263,NA,NA,S,8,1,724328.725,241.95,2010,45,9.96,59.97
184894,Active,1437843,NA,NA,S,6,1,1183640.453,27.93,2006,29,4.47,21.51
184895,Active,110334,NA,NA,D,7,1,544343.1725,190,2011,83,4,14.34
184896,Active,795500,NA,NA,S,5,1,1170561.006,301.95,2012,56,4,23.24
184897,Active,622807,NA,NA,D,5,1,513896.9413,55.95,2002,39,8.14,52.64
184898,Active,521056,NA,NA,S,6,1,58442.2475,69.95,2012,33,43.82,45.94
184899,Active,1629821,NA,NA,D,3,1,4949179.408,77.95,2010,16,12.64,42.92
184900,Active,3547271,NA,NA,S,4,1,6655176.65,30.95,2002,44,4,24.38
184901,Active,506053,NA,NA,S,4,1,74583.38,98.99,2012,56,38.99,62.99
184902,Active,203916,NA,NA,D,3,1,329839.4625,88.5,2008,78,5.25,18.99
184903,Active,57084,NA,NA,S,1,0,864794.9575,86.95,2002,40,5.74,17.94
184904,Active,203336,NA,NA,D,2,1,1616607.171,129.95,2003,39,4.58,11.99
184905,Active,57086,NA,NA,D,2,1,247088.5638,129,2008,68,12.66,60.71
184906,Active,2335762,NA,NA,D,0,0,4301421.57,55,1999,16,4.13,45.8
184907,Active,159581,NA,NA,D,5,1,5843581.188,135,2005,19,8.89,60.56
184908,Active,909667,NA,NA,D,3,1,4163144.353,61.1,1996,23,4,39.65
184909,Active,408178,NA,NA,S,2,1,185031.5513,99.95,2009,30,43.99,0
184910,Active,263208,NA,NA,D,2,1,2507797.728,74.95,2007,22,4.29,23.98
184911,Active,270588,NA,NA,D,3,1,475705.4375,89.95,2011,29,17.44,53.87
184912,Active,200104,NA,NA,S,4,1,590552.9963,160.95,2006,88,8.89,35.65
184913,Active,775991,NA,NA,S,4,1,1218824.833,217,2006,22,6.98,66.3
184914,Active,1629767,NA,NA,D,1,0,2187014.144,79.95,2009,21,8.24,73.66
184915,Active,257581,NA,NA,D,4,1,2040379.261,39.95,2004,22,4,18.47
184916,Active,528082,NA,NA,S,5,1,239917.7525,42.95,2011,33,23.99,29.57
184917,Active,427969,NA,NA,D,12,1,71691.31625,99.4,2011,82,5.54,23.99
184918,Active,552567,NA,NA,D,10,1,1394149.771,89.8,2006,46,4,13.16
184919,Active,607464,NA,NA,D,11,1,582192.9975,75.2,2009,47,4,33.98
184920,Active,106168,NA,NA,S,4,1,81086.275,23.95,2005,48,5.43,12.68
184921,Active,624532,NA,NA,S,2,1,351641.8988,203.95,1999,41,31.44,91.76
184922,Active,910174,NA,NA,D,1,0,629776.3913,122.6,1990,27,20.53,87.09
184923,Active,101290,NA,NA,D,2,1,702864.1875,189.95,1999,36,4,51.59
184924,Active,101307,NA,NA,S,2,1,682334.4663,168.95,2000,24,8.88,75.95
184925,Active,227497,NA,NA,D,0,0,2552203.901,99,1998,31,6.17,49.68
184926,Active,763189,NA,NA,D,3,1,1713499.346,39.95,1999,30,4,65.27
184927,Active,574632,NA,NA,D,1,0,951337.165,91.95,2005,19,4,80.83
184928,Active,541641,NA,NA,S,4,1,162651.9063,48.95,2007,69,12.01,13.99
184929,Active,566020,NA,NA,D,2,1,741252.0688,61.99,2008,54,4.04,52.16
184930,Active,906888,NA,NA,S,3,1,234251.4675,55.95,2014,25,32.47,39.23
184931,Active,577041,NA,NA,D,2,1,2345163.41,234.95,2001,54,4.79,54.64
184932,Active,553075,NA,NA,S,5,1,745637.1588,94.2,2011,87,4.95,16.95
184933,Active,613557,NA,NA,S,4,1,2610367.665,77.95,2007,46,4.31,12.98
184934,Active,109793,NA,NA,D,2,1,1642437.419,121,2005,16,15.02,15.03
184935,Active,2257045,NA,NA,S,2,1,1301842.664,69.53,2008,24,21.5,62.74
184936,Active,876428,NA,NA,D,2,1,487450.1475,65.13,2005,25,4.97,5.87
184937,Active,416634,NA,NA,S,2,1,307023.74,135.25,2012,41,13.92,37.54
184938,Active,884928,NA,NA,D,0,0,4614305.624,0,2008,11,4.98,0
184939,Active,613022,NA,NA,S,2,1,21803.025,34.95,2004,83,7.12,27.65
184940,Active,543014,NA,NA,S,0,0,50199.07625,80.99,2007,202,17.52,38.94
184941,Active,789560,NA,NA,D,0,0,8407962.803,80.95,2004,15,6.24,231.01
184942,Active,615846,NA,NA,D,0,0,363834.6688,47.95,2002,56,4,22.98
184943,Active,615426,NA,NA,D,9,1,546673.7713,138.95,2005,51,4,36.99
184944,Active,245026,NA,NA,D,9,1,539185.4988,153.95,2004,66,4,50
184945,Active,57996,NA,NA,D,5,1,86054.99375,41.95,2008,171,4,11.14
184946,Active,254038,NA,NA,D,6,1,32194.88375,48.95,2011,103,9.64,31.19
184947,Active,2258613,NA,NA,D,6,1,205034.9738,56.46,2012,38,11.04,37.21
184948,Active,2271116,NA,NA,S,6,1,168227.2538,49.24,2011,42,11.46,31.42
184949,Active,595086,NA,NA,D,1,0,299644.0088,83.95,2012,49,18.79,33.99
184950,Active,868260,NA,NA,S,2,1,49136.11125,82.95,2014,40,31.93,52.94
184951,Active,609193,NA,NA,S,4,1,2607110.69,54.95,2004,40,4,12.48
184952,Active,54506,NA,NA,D,4,1,341493.2875,102.8,2008,94,5.3,361.46
184953,Active,609215,NA,NA,D,5,1,1053502.539,63.95,2007,68,4,13.49
184954,Active,545745,NA,NA,D,7,1,51654.11125,83.99,2013,110,6.23,28.49
184955,Active,505630,NA,NA,D,6,1,273863.4625,76.99,2010,56,13.98,48.99
184956,Active,422442,NA,NA,D,5,1,33962.44625,99,2012,118,6.63,30.99
184957,Active,867743,NA,NA,S,7,1,10934.805,48.95,2014,48,24.51,31.74
184958,Active,61242,NA,NA,S,4,1,726041.9375,115.4,1996,39,4,43.66
184959,Active,54507,NA,NA,S,3,1,335690.3438,83.8,2004,83,5.01,13.98
184960,Active,245251,NA,NA,S,2,1,586665.6438,153.95,2007,66,4.48,110.35
184961,Active,2257134,NA,NA,S,7,1,920923.7275,50.68,2011,34,7.07,23.68
184962,Active,111131,NA,NA,S,3,1,269860.3863,150,2009,44,37.11,119.28
184963,Active,650169,NA,NA,S,2,1,719922.08,158.5,2012,20,33.87,135.37
184964,Active,515136,NA,NA,D,1,0,22301.74,93.2,2011,105,10.22,38.99
184965,Active,620266,NA,NA,S,3,1,592512.7825,118.05,2009,39,37.11,38.98
184966,Active,423059,NA,NA,D,1,0,1141207.536,103,2008,89,4,13.93
184967,Active,422441,NA,NA,D,2,1,359667.8175,100.2,2012,112,4.97,10.51
184968,Active,919459,NA,NA,S,2,1,38947.33375,52.95,2014,36,35.32,47.57
184969,Active,211041,NA,NA,D,1,0,420693.8738,49.95,2010,85,5.29,12.47
184970,Active,211051,NA,NA,D,1,0,1116345.898,39.95,2010,30,4,12.99
184971,Active,421977,NA,NA,D,7,1,133575.2,102.8,2011,137,4.75,15.76
184972,Active,515217,NA,NA,D,6,1,579812.405,83.6,2007,136,4.22,18.97
184973,Active,864695,NA,NA,S,8,1,18068.23125,98.2,2014,79,26.83,53.27
184974,Active,253864,NA,NA,S,6,1,1142528.916,114.95,2008,28,31.23,78.99
184975,Active,53073,NA,NA,D,6,1,114660.7875,118.95,2008,130,8.04,38.97
184976,Active,210949,NA,NA,D,1,0,628612.5475,57.95,2006,55,4.98,12.49
184977,Active,211050,NA,NA,D,2,1,105322.7325,58.95,2011,69,8.59,28.98
184978,Active,56647,NA,NA,D,3,1,1487912.245,176.95,2002,41,4,26.8
184979,Active,56650,NA,NA,S,4,1,50499.43,174.95,2006,101,39.11,53.99
184980,Active,204109,NA,NA,S,3,1,108656.6988,50.99,2008,49,7.4,25.41
184981,Active,1857886,NA,NA,D,7,1,2105920.734,104,2008,23,9.79,602.99
184982,Active,147670,NA,NA,D,8,1,941273.2163,59.95,2011,14,4,6.76
184983,Active,147530,NA,NA,D,7,1,2066712.469,104.95,2008,13,8.99,0
184984,Active,435273,NA,NA,D,4,1,1088940.621,114,2012,15,6.99,86.48
184985,Active,629816,NA,NA,D,5,1,2294215.635,61.95,2008,14,11.06,12.79
184986,Active,528079,NA,NA,D,9,1,902534.8425,116,2010,61,8.63,98.98
184987,Active,248954,NA,NA,S,8,1,1989354.951,104.95,2007,15,13.93,102.99
184988,Active,577392,NA,NA,S,0,0,135805.375,62.99,2009,23,32.3,35.54
184989,Active,528077,NA,NA,D,4,1,160816.9075,49.95,2009,84,5.52,16.98
184990,Active,521053,NA,NA,D,4,1,133881.0063,58.95,2009,110,4.49,18.87
184991,Active,211036,NA,NA,S,4,1,393798.9525,91.5,2009,19,38.64,289.11
184992,Active,864696,NA,NA,S,5,1,15425.52625,68.95,2014,53,37.09,42.13
184993,Active,543142,NA,NA,S,7,1,6574.52625,75.95,2012,74,32.03,43.61
184994,Active,53583,NA,NA,D,6,1,230542.5938,56.95,2009,152,4.43,20.99
184995,Active,521051,NA,NA,D,6,1,282697.8425,46.95,2009,108,5.47,12.99
184996,Active,53582,NA,NA,D,5,1,1056238.121,48.95,2007,68,4,19.96
184997,Active,533567,NA,NA,S,7,1,10417.55625,64.95,2012,68,33.58,39.27
184998,Active,203803,NA,NA,D,2,1,2478377.889,109.99,2005,22,7.93,63.99
184999,Active,54964,NA,NA,D,2,1,297643.0675,69.95,2005,83,4.99,65.49
185000,Active,545727,NA,NA,S,2,1,101294.005,77.99,2011,26,24.12,43.11
185001,Active,788239,NA,NA,S,2,1,1170067.079,140.95,2002,25,21.93,58.29
185002,Active,778959,NA,NA,S,3,1,132849.1725,108.75,2009,91,5.03,14.34
185003,Active,253971,NA,NA,S,7,1,68023.72625,92.95,2011,42,6.24,15.28
185004,Active,618551,NA,NA,S,2,1,406723.095,96.99,2012,67,4.58,60.78
185005,Active,585775,NA,NA,D,2,1,2344290.083,104.95,1992,34,4,7.88
185006,Active,2602827,NA,NA,S,2,1,2113786.163,49.99,1997,22,4,18.48
185007,Active,636833,NA,NA,S,3,1,1827644.673,59.95,1995,20,4,69.78
185008,Active,2105041,NA,NA,S,1,0,37883.375,62.99,2013,8,36.96,35
185009,Active,495599,NA,NA,S,8,1,647458.5188,164,2008,160,4.48,19.94
185010,Active,545287,NA,NA,D,7,1,11736.02,164,2012,308,8.48,32.99
185011,Active,117426,NA,NA,S,2,1,61866.16375,42.95,2007,60,9.37,38.99
185012,Active,57987,NA,NA,S,3,1,1881002.206,106.95,2003,55,4.24,13.99
185013,Active,545273,NA,NA,D,2,1,277272.0238,90.95,2012,61,13.96,72.62
185014,Active,60646,NA,NA,S,7,1,1575821.646,115,2004,64,4,17.95
185015,Active,117418,NA,NA,D,1,0,625580.93,158.95,2009,60,4.98,63.07
185016,Active,114143,NA,NA,D,0,0,168266.2163,25.95,2003,65,5.5,23.19
185017,Active,539459,NA,NA,S,3,1,12083.10125,56.2,2013,53,23.88,35.02
185018,Active,57989,NA,NA,D,5,1,56894.96375,180,2010,141,6.26,39.74
185019,Active,57988,NA,NA,D,4,1,792664.5488,145.6,2007,110,4,18.49
185020,Active,52531,NA,NA,S,6,1,1281797.365,103,2003,117,4,9.57
185021,Active,592323,NA,NA,D,1,0,784816.0688,78.95,2008,81,4.29,7.99
185022,Active,57991,NA,NA,D,2,1,2041332.208,75.95,2006,50,4.61,13.98
185023,Active,57992,NA,NA,D,3,1,562690.685,105.6,2010,98,4.97,25.99
185024,Active,106457,NA,NA,S,1,0,44597.05,49,2007,16,27.49,29.66
185025,Active,538271,NA,NA,S,2,1,26244.18125,30,2013,63,11.22,15.32
185026,Active,592328,NA,NA,D,6,1,202612.0513,138,2009,281,4,13.99
185027,Active,495606,NA,NA,S,8,1,604225.1975,164,2008,104,4.95,20.34
185028,Active,435137,NA,NA,D,7,1,691613.5163,130,2007,169,4,13.98
185029,Active,539233,NA,NA,D,5,1,815876.9725,94.2,2011,66,4,18.91
185030,Active,1455916,NA,NA,S,6,1,441378.435,105.2,2014,16,34.22,77.28
185031,Active,1779355,NA,NA,S,1,0,47442.595,19.99,2013,63,4,4
185032,Active,598352,NA,NA,S,2,1,295116.2713,116.95,2006,24,14.36,0
185033,Active,919923,NA,NA,S,11,1,782853.4563,29.95,2004,54,4,40.75
185034,Active,566160,NA,NA,S,3,1,300110.5513,76,2009,36,41.95,53.85
185035,Active,905843,NA,NA,D,2,1,1770108.726,75,2002,20,6.48,59.99
185036,Active,647542,NA,NA,D,1,0,1204053.19,65,2002,23,4.76,37.88
185037,Active,645032,NA,NA,S,2,1,511978.7675,75,2012,35,33.84,67.23
185038,Active,175106,NA,NA,S,2,1,270950.3688,34.99,2010,24,10.93,24.16
185039,Active,657115,NA,NA,S,3,1,486027.045,55,2012,30,24.04,28.81
185040,Active,203380,NA,NA,S,5,1,648764.23,57.99,2002,22,43.99,115.42
185041,Active,3134653,NA,NA,D,0,0,1285313.04,23.95,1999,60,4,4.79
185042,Active,689516,NA,NA,D,2,1,575902.4125,29.95,2007,37,6.58,25.98
185043,Active,2120444,NA,NA,S,3,1,86536.30125,39.95,2014,23,22.87,27.81
185044,Active,789820,NA,NA,D,3,1,546808.6425,42.95,2007,44,5.1,8.99
185045,Active,613605,NA,NA,D,2,1,3024214.701,36.95,2003,34,4,7.99
185046,Active,261938,NA,NA,D,3,1,1396391.525,64.95,1996,19,4,34.79
185047,Active,868000,NA,NA,D,0,0,1837540.61,55,1986,55,4,12.61
185048,Active,126466,NA,NA,S,1,0,515788.7188,49.95,2005,41,9.15,23.94
185049,Active,108766,NA,NA,D,10,1,175312.8375,566.16,2005,52,6.39,51.92
185050,Active,60647,NA,NA,D,9,1,382334.6613,64.97,2001,50,3.99,21.34
185051,Active,107426,NA,NA,S,4,1,116090.575,79.91,2001,63,6.74,93.54
185052,Active,2647018,NA,NA,D,2,1,2700231.933,38.95,1992,27,5.99,21.98
185053,Active,1587790,NA,NA,S,2,1,673259.6075,44.99,2008,25,28.99,31.39
185054,Active,3010874,NA,NA,D,0,0,765371.7488,39.95,1998,21,15.24,82.42
185055,Active,620442,NA,NA,S,0,0,308274.655,49.95,1986,60,6.22,27.94
185056,Active,1936395,NA,NA,S,19,1,29299.90125,57.99,2014,18,32.79,34.82
185057,Active,2071479,NA,NA,D,17,1,1112644.998,40.99,2009,20,8.73,10.41
185058,Active,649980,NA,NA,D,0,0,250043.0375,47.99,2011,28,7.49,0
185059,Active,617367,NA,NA,S,2,1,548277.0975,144.6,2010,46,4,36.98
185060,Active,248009,NA,NA,D,3,1,737755.435,67.95,2008,88,4,29.18
185061,Active,247491,NA,NA,D,2,1,2259552.481,41.95,2004,42,4,32.67
185062,Active,210799,NA,NA,D,1,0,613232.7875,71.95,2005,70,4,5.44
185063,Active,120276,NA,NA,D,3,1,42967.96125,132.4,2011,98,6.55,88.99
185064,Active,118708,NA,NA,D,2,1,684257.7438,107.2,2007,59,4,45.63
185065,Active,162264,NA,NA,D,5,1,18456.28125,95,2011,68,26.4,35.38
185066,Active,56349,NA,NA,D,4,1,39299.40375,85,2005,119,6.2,23.98
185067,Active,454318,NA,NA,S,3,1,1143638.426,64.99,2008,25,21.69,28.99
185068,Active,109621,NA,NA,D,10,1,399657.3088,69.34,2005,44,4,17.65
185069,Active,56546,NA,NA,D,11,1,302620.1963,73.99,2007,77,5.45,73.79
185070,Active,569248,NA,NA,D,1,0,1376428.913,75,2008,20,10.56,38.99
185071,Active,1575569,NA,NA,S,1,0,53783.75,60,2015,16,36.96,37.35
185072,Active,546157,NA,NA,D,12,1,1214541.968,83.68,2012,41,6.62,72.35
185073,Active,203881,NA,NA,D,11,1,1575125.604,73.5,2008,24,4.98,30.92
185074,Active,533293,NA,NA,D,10,1,655761.4038,60.99,2012,34,6.48,39.99
185075,Active,203584,NA,NA,S,8,1,1857701.259,44.95,2005,106,4,7.4
185076,Active,203880,NA,NA,D,11,1,589932.2463,54.95,2009,58,4.58,38.99
185077,Active,919894,NA,NA,S,13,1,31072.11125,61.99,2014,68,20.69,31.24
185078,Active,528058,NA,NA,D,12,1,68758.01,58.99,2012,120,6.38,21.57
185079,Active,204135,NA,NA,D,11,1,751266.0363,53.95,2008,138,4,19.3
185080,Active,203583,NA,NA,S,10,1,1635455.618,46.95,2005,70,4,21.98
185081,Active,2027033,NA,NA,S,0,0,320059.655,45,2012,42,10.59,24.9
185082,Active,620799,NA,NA,D,1,0,161185.055,71.95,2009,64,6.13,37.7
185083,Active,191917,NA,NA,D,1,0,996079.2038,34.95,1999,30,4,23.93
185084,Active,790909,NA,NA,D,1,0,934265.6938,27,2000,17,4,18.83
185085,Active,861529,NA,NA,S,2,1,240739.6025,104,2013,28,12.99,80.46
185086,Active,615195,NA,NA,D,1,0,394870.8013,99,2010,39,4.98,10.98
185087,Active,271497,NA,NA,S,3,1,620239.1275,66.95,2008,22,10.27,61.57
185088,Active,804160,NA,NA,D,1,0,1262759.591,57.95,2011,28,20.98,35
185089,Active,3133113,NA,NA,D,3,1,348848.7363,24.98,2004,26,14.12,55.5
185090,Active,633890,NA,NA,S,3,1,236378.2738,34.98,2012,47,21.23,32
185091,Active,658420,NA,NA,S,5,1,128872.93,34.98,2011,35,30.54,33.21
185092,Active,602716,NA,NA,S,4,1,98101.9025,34.98,2010,36,22.98,31.2
185093,Active,2675348,NA,NA,D,1,0,906166.5525,36.1,1982,42,4,44.47
185094,Active,191843,NA,NA,S,2,1,242704.8113,220.03,1999,26,16.44,46.65
185095,Active,549831,NA,NA,D,1,0,931834.405,131.25,2001,16,4.3,38.99
185096,Active,2314741,NA,NA,S,5,1,662044.2213,75.95,1991,42,3.99,12.69
185097,Active,1814830,NA,NA,S,0,0,40959.05625,15.99,2012,51,6.06,8.4
185098,Active,721566,NA,NA,S,1,0,2778708.108,85,2006,19,48.97,69.1
185099,Active,914450,NA,NA,D,1,0,904440.0788,39.95,2007,29,4.34,18.83
185100,Active,633721,NA,NA,S,18,1,434871.0263,37.5,2013,32,17.19,54.99
185101,Active,533387,NA,NA,S,9,1,56845.415,128.8,2012,47,60.69,86.97
185102,Active,55883,NA,NA,D,7,1,1636997.791,88,2007,51,4,4.58
185103,Active,55884,NA,NA,D,8,1,377374.355,97.6,2009,52,4.76,21.87
185104,Active,55882,NA,NA,D,6,1,1954729.333,70.4,2003,50,4,8.89
185105,Active,640009,NA,NA,S,2,1,164804.3713,48,2011,33,21.78,26.3
185106,Active,557065,NA,NA,D,4,1,1971839.344,111.4,1998,42,4,23.98
185107,Active,132400,NA,NA,D,5,1,403175.7888,105,2007,35,4,13.43
185108,Active,577049,NA,NA,S,5,1,608669.5038,228.95,2001,41,4,40.52
185109,Active,132157,NA,NA,D,1,0,964406.1,83,2008,34,4,25.31
185110,Active,1476386,NA,NA,S,4,1,2422232.411,85,2014,14,38.28,55.86
185111,Active,553610,NA,NA,S,6,1,366207.4488,121.6,2008,149,4,41.99
185112,Active,539373,NA,NA,S,3,1,35979.8025,56.2,2012,40,23.98,33.99
185113,Active,552877,NA,NA,S,2,1,141391.4313,42.95,2007,74,8.69,38.78
185114,Active,528050,NA,NA,S,2,1,577698.5675,62.8,2008,61,4,30.81
185115,Active,555490,NA,NA,D,2,1,1839266.74,69.99,2004,21,4,11.98
185116,Active,555794,NA,NA,S,3,1,623058.6663,83,2010,29,45.13,68.94
185117,Active,165234,NA,NA,D,1,0,591923.205,65,2000,38,4.98,33.98
185118,Active,117221,NA,NA,S,9,1,91014.40375,200.4,2006,51,44.47,74.04
185119,Active,865016,NA,NA,S,2,1,605067.8413,42,2012,30,9.42,28.3
185120,Active,655249,NA,NA,S,4,1,114762.62,115,2013,32,65.9,76.17
185121,Active,258429,NA,NA,D,3,1,412023.0763,95,2007,55,4.97,33.88
185122,Active,502374,NA,NA,S,3,1,101974.2438,120,2009,35,51.33,68.28
185123,Active,114649,NA,NA,D,3,1,1212949.819,78.6,2002,30,4,30.95
185124,Active,118011,NA,NA,D,4,1,308275.89,112.2,2007,47,4.95,66.89
185125,Active,236642,NA,NA,S,13,1,360600.6013,65,2001,32,14.64,45.62
185126,Active,297234,NA,NA,D,14,1,516048.7163,125,2006,31,23.27,53.99
185127,Active,236646,NA,NA,S,2,1,133128.15,37.5,2003,145,4,13.42
185128,Active,1735349,NA,NA,S,1,0,155671.2663,38.95,2006,14,18.85,18.93
185129,Active,608386,NA,NA,D,4,1,1071261.82,75,2007,32,5.09,20.91
185130,Active,163029,NA,NA,D,5,1,160943.8,80,2014,30,23.93,28.99
185131,Active,610302,NA,NA,D,7,1,54403.3025,99.95,2013,59,8.97,38.58
185132,Active,113217,NA,NA,D,6,1,233913.0475,99.95,2011,46,5.51,20
185133,Active,113135,NA,NA,D,4,1,2114259.159,109,2007,34,4,50.85
185134,Active,193639,NA,NA,D,2,1,1006950.939,142,2008,28,13.09,86.98
185135,Active,665423,NA,NA,S,3,1,108631.0938,44,2012,22,25.13,44
185136,Active,193397,NA,NA,D,0,0,2563586.841,122,2005,15,7.28,76.57
185137,Active,884188,NA,NA,D,0,0,8294449.915,25,2006,10,6.15,206.17
185138,Active,860118,NA,NA,S,3,1,269995.7713,35,2010,86,21.48,24.28
185139,Active,143034,NA,NA,S,2,1,310769.5113,43,2008,25,18.75,42.99
185140,Active,864279,NA,NA,S,0,0,187619.6663,95,2012,34,45.98,0
185141,Active,658590,NA,NA,S,1,0,81336.225,75,2012,18,10.99,12.7
185142,Active,866128,NA,NA,S,11,1,18966.78875,27.95,2003,233,4,8.91
185143,Active,528042,NA,NA,S,0,0,8985.90625,13.95,2010,29,8.07,10.32
185144,Active,543484,NA,NA,S,2,1,49467.5325,39.95,2012,40,22.43,29.4
185145,Active,613476,NA,NA,S,4,1,230359.4275,181.25,1997,74,4.49,30.99
185146,Active,547886,NA,NA,S,0,0,237239.4338,156,1995,107,4,23.71
185147,Active,547891,NA,NA,S,7,1,640835.7588,75.92,1998,90,4.1,9.22
185148,Active,147656,NA,NA,D,11,1,94611.66375,292,2011,59,42.48,61.98
185149,Active,57713,NA,NA,D,12,1,431010.3175,125,2011,69,8.59,23.99
185150,Active,57712,NA,NA,D,11,1,320497.205,104,2007,47,4.74,11.86
185151,Active,57717,NA,NA,D,12,1,294971.4725,125,2011,77,4.65,12.59
185152,Active,57716,NA,NA,D,11,1,426570.9775,104,2007,47,4,12.99
185153,Active,57715,NA,NA,S,10,1,1119403.799,89,2003,37,4.57,6.97
185154,Active,534254,NA,NA,S,10,1,1588061.76,89,2003,27,4,13.99
185155,Active,57721,NA,NA,D,12,1,655675.7763,125,2011,65,5.35,8.99
185156,Active,1519174,NA,NA,S,13,1,18846.6075,47.95,2015,20,40.83,42.42
185157,Active,147393,NA,NA,D,6,1,697432.6575,36.95,2007,23,12.7,38.94
185158,Active,622049,NA,NA,D,11,1,2320223.524,140,2005,23,5.06,14.93
185159,Active,627477,NA,NA,D,12,1,896095.9275,167.99,2009,24,26.79,72.84
185160,Active,789557,NA,NA,S,2,1,927077.2163,82.99,2006,28,4,7.03
185161,Active,2570933,NA,NA,D,1,0,4864152.085,37.95,1992,20,4.98,27.66
185162,Active,184505,NA,NA,S,1,0,544043.795,61.95,2003,44,11.98,40.17
185163,Active,846454,NA,NA,S,0,0,1274755.884,76.28,1993,29,4,52.87
185164,Active,848947,NA,NA,S,0,0,182685.4713,89.59,1998,117,4,10.85
185165,Active,2096581,NA,NA,S,0,0,79249.4,74.99,2012,4,48.7,49.98
185166,Active,2016652,NA,NA,S,3,1,29094.97375,21.95,2009,54,9.95,11.96
185167,Active,902966,NA,NA,D,2,1,2375033.581,84.99,2003,26,4.94,38.98
185168,Active,634701,NA,NA,S,3,1,369982.3288,67.99,2010,35,46.98,48.76
185169,Active,246270,NA,NA,S,3,1,232256.39,47.95,2004,44,16.26,0
185170,Active,646519,NA,NA,D,1,0,387139.0013,70,2008,58,43.64,70
185171,Active,3754416,NA,NA,S,3,1,1145533.8,59.95,2015,32,48.91,59.92
185172,Active,105881,NA,NA,S,2,1,1292003.899,100,2003,39,29.57,103.14
185173,Active,699447,NA,NA,S,1,0,659793.76,45,1999,50,13.19,24.2
185174,Active,877706,NA,NA,D,3,1,965742.0025,43.4,1999,18,13.88,43.9
185175,Active,266955,NA,NA,D,0,0,927600.5513,53.28,2004,29,10.91,77.84
185176,Active,1593412,NA,NA,D,1,0,2934551.946,140,2007,26,23.94,30.59
185177,Active,565089,NA,NA,S,2,1,297129.225,48.95,2008,47,24.98,45.25
185178,Active,1707782,NA,NA,S,4,1,259377.175,45,2014,22,22.58,34.46
185179,Active,2812895,NA,NA,D,0,0,4169763.734,35,1993,22,4,13.2
185180,Active,528035,NA,NA,S,2,1,162709.9388,74.95,2008,44,28.94,40.24
185181,Active,569368,NA,NA,D,0,0,3004646.653,53.95,1991,28,4,34.79
185182,Active,616240,NA,NA,S,4,1,142382.1288,80.8,1991,45,4.99,32.39
185183,Active,627395,NA,NA,S,1,0,26701.55,49.95,2011,25,27.98,30.52
185184,Active,2113733,NA,NA,S,2,1,1014672.088,49.99,2013,14,19.28,49.7
185185,Active,2378258,NA,NA,S,5,1,486828.0513,79,1996,35,4,19.45
185186,Active,254521,NA,NA,D,3,1,110998.4813,188.95,2011,61,11.97,21.84
185187,Active,169459,NA,NA,D,2,1,1553009.544,263.95,2006,35,4,31.98
185188,Active,176831,NA,NA,S,2,1,114510.405,101.95,1999,29,23.18,77.9
185189,Active,50462,NA,NA,D,9,1,62542.05625,234.95,2008,66,12.39,114.59
185190,Active,560233,NA,NA,S,5,1,625139.1338,103.95,1994,52,4,8.58
185191,Active,50461,NA,NA,D,8,1,364122.6175,277.95,2006,53,8.59,72.07
185192,Active,153927,NA,NA,S,0,0,26731.375,67.75,2008,16,52.45,48.71
185193,Active,118502,NA,NA,D,1,0,668829.7263,80.8,2007,38,4,33.98
185194,Active,639328,NA,NA,D,1,0,345039.6,43,2008,40,21.78,43.79
185195,Active,891006,NA,NA,S,2,1,100193.1363,45,2015,19,32.14,33.39
185196,Active,2387462,NA,NA,D,7,1,1315884.525,58.67,1987,27,41.58,129.46
185197,Active,2387458,NA,NA,S,5,1,340567.875,176.23,1965,18,23.93,83.72
185198,Active,2593030,NA,NA,D,1,0,3808453.784,27.95,1980,24,4,38.94
185199,Active,913400,NA,NA,D,2,1,1229165.363,95,2005,29,5.38,13.89
185200,Active,666658,NA,NA,D,3,1,424645.235,120,2008,33,7.75,105.43
185201,Active,911668,NA,NA,S,4,1,85622.67875,29.95,2015,30,20.83,21.27
185202,Active,57463,NA,NA,D,5,1,384745.66,129.8,2009,74,6.34,43.3
185203,Active,57462,NA,NA,D,4,1,487693.595,104.2,2006,32,4,13.87
185204,Active,649582,NA,NA,S,2,1,483224.2313,37,2013,18,24.23,29.68
185205,Active,2566681,NA,NA,D,0,0,5985710.841,66.95,1977,27,5,48.53
185206,Active,120349,NA,NA,S,8,1,183777.96,171.6,2008,64,18.99,63.82
185207,Active,628811,NA,NA,S,1,0,49387.925,83.4,2007,17,36.75,63.69
185208,Active,117272,NA,NA,S,5,1,96950.73875,116.2,2005,45,13.72,0
185209,Active,3472982,NA,NA,D,3,1,6246882.2,43,1997,22,4.48,7.99
185210,Active,118737,NA,NA,S,10,1,445344.1213,135.2,2008,58,15.43,19.2
185211,Active,111924,NA,NA,D,11,1,4082.96875,148,2011,131,10.73,42.42
185212,Active,705702,NA,NA,S,11,1,331947.0775,73.36,2011,18,33.48,75.33
185213,Active,53967,NA,NA,S,8,1,862704.5725,12.99,2003,98,4,6.97
185214,Active,53969,NA,NA,D,10,1,37271.51375,41.99,2008,84,4.13,17.25
185215,Active,53968,NA,NA,D,9,1,578160,8.47,2006,106,4,12.88
185216,Active,205993,NA,NA,D,1,0,496900.9363,75,2005,29,12.99,34.77
185217,Active,647114,NA,NA,S,2,1,169389.825,80,2012,34,65.9,56.41
185218,Active,162767,NA,NA,S,2,1,368941.2638,95,2010,47,11.77,43.99
185219,Active,206053,NA,NA,D,1,0,1008100.929,85,2006,27,4,16.99
185220,Active,266393,NA,NA,S,2,1,501050.96,39.95,2010,28,28.81,39.95
185221,Active,663324,NA,NA,S,3,1,87604.10375,99,2013,42,31.22,56.5
185222,Active,285694,NA,NA,D,1,0,1047612.118,52.95,1998,28,8.11,49.99
185223,Active,199456,NA,NA,D,1,0,1770782.124,54.95,2002,19,8.66,49.98
185224,Active,208589,NA,NA,S,2,1,1812389.966,103,1997,30,4,33.99
185225,Active,597960,NA,NA,D,2,1,390881.3775,63.95,2004,23,5.96,49.99
185226,Active,901603,NA,NA,D,0,0,3853613.795,45.95,2002,20,4,13.48
185227,Active,908707,NA,NA,D,2,1,4283138.404,48.95,2001,24,4,65.23
185228,Active,591996,NA,NA,D,2,1,1292388.024,75,2006,34,4,24.79
185229,Active,194173,NA,NA,D,2,1,246923.935,74,2009,89,4,10.99
185230,Active,1935405,NA,NA,S,3,1,80720.06625,84,2014,34,41.51,46.4
185231,Active,2556214,NA,NA,D,0,0,972217.955,175,1953,24,31.4,110.75
185232,Active,298228,NA,NA,D,2,1,1174294.526,123,2004,25,33.9,0
185233,Active,165493,NA,NA,D,2,1,530499.2175,179,2002,17,15.89,73.99
185234,Active,606843,NA,NA,S,11,1,901223.7713,65.72,2002,26,5,40.8
185235,Active,2258775,NA,NA,S,9,1,249106.62,116.33,2009,25,32.25,122.86
185236,Active,52536,NA,NA,D,7,1,1236859.715,122.95,2002,63,3.99,11.95
185237,Active,3225981,NA,NA,S,7,1,859851.6063,24.54,2003,49,6.51,19.91
185238,Active,52535,NA,NA,D,9,1,499746.9488,311.95,2008,50,21.04,74.42
185239,Active,52537,NA,NA,D,8,1,835980.4188,177.95,2005,42,4,26.82
185240,Active,1840688,NA,NA,S,4,1,255812.1375,52.99,2009,34,23.97,23.98
185241,Active,3547026,NA,NA,D,2,1,5092793.25,39.95,1990,25,18.58,73.79
185242,Active,1840689,NA,NA,S,5,1,442234.8513,49.99,2011,51,29.16,29.93
185243,Active,1927595,NA,NA,S,6,1,287468.0263,55,2015,18,47.74,45.81
185244,Active,2940242,NA,NA,D,4,1,1729370.431,49.99,2004,12,36.32,83.99
185245,Active,130098,NA,NA,S,2,1,181858.55,79.99,2002,50,9.97,33.94
185246,Active,634700,NA,NA,S,2,1,99368.65,41.95,2009,16,41.49,39.06
185247,Active,2613048,NA,NA,S,0,0,486797.4863,115,2001,33,11.75,59.98
185248,Active,780206,NA,NA,D,2,1,2007456.918,59.95,1998,23,17.97,65.89
185249,Active,897213,NA,NA,D,3,1,1189726.694,59.95,2007,26,34.04,110.74
185250,Active,1741406,NA,NA,S,3,1,195735.8,69.95,2013,14,52.45,55.83
185251,Active,1630888,NA,NA,S,0,0,9466.1,49.95,2014,24,28.65,29.97
185252,Active,660649,NA,NA,S,7,1,380816.5038,100,2013,48,5.94,21.58
185253,Active,864697,NA,NA,D,7,1,16165.0825,69.95,2014,251,5.21,18.98
185254,Active,544733,NA,NA,D,6,1,48374.085,69.95,2013,222,4,15.83
185255,Active,533372,NA,NA,D,5,1,278757.0613,59.95,2012,202,4,17.99
185256,Active,56188,NA,NA,S,2,1,861388.7738,54.95,2009,112,4,8.33
185257,Active,751056,NA,NA,D,1,0,5383743.83,75,2009,12,4,44.02
185258,Active,3883002,NA,NA,S,0,0,19379.45,69.99,2016,15,47.22,45.17
185259,Active,2170638,NA,NA,S,5,1,262506.1213,11.95,2007,23,7.88,8.54
185260,Active,906585,NA,NA,S,5,1,115147.0288,36.95,2014,16,27.92,32.45
185261,Active,232794,NA,NA,D,4,1,563330.4,32.95,2008,35,7.97,61.29
185262,Active,896899,NA,NA,S,2,1,332429.8525,73.99,2014,19,41.94,49.63
185263,Active,3883016,NA,NA,S,0,0,6292.25,69.99,2016,12,56.74,48.4
185264,Active,290220,NA,NA,S,1,0,18074.775,55,2010,26,37.24,37.18
185265,Active,904671,NA,NA,D,1,0,1539155.36,88.74,2007,18,55.47,90.34
185266,Active,255410,NA,NA,D,1,0,131127.6775,89.95,2005,31,18.72,71.62
185267,Active,200625,NA,NA,D,3,1,332765.5488,194.95,2010,111,4,58.99
185268,Active,200279,NA,NA,D,2,1,950829.8775,121.95,2007,58,4,34.46
185269,Active,293872,NA,NA,D,2,1,427291.625,104.95,2009,80,4,43.51
185270,Active,212305,NA,NA,S,4,1,303676.0475,182.4,1997,29,6.47,47.81
185271,Active,758626,NA,NA,D,1,0,1948789.116,154.95,2000,21,17.34,74.3
185272,Active,2361932,NA,NA,D,1,0,4829452.915,205,2005,16,32.35,63.99
185273,Active,617896,NA,NA,S,2,1,743530.0338,103.95,1994,38,4.95,45.6
185274,Active,616199,NA,NA,S,2,1,305017.3275,144.95,2007,38,8.95,48.62
185275,Active,51491,NA,NA,D,8,1,29958.20125,90.97,2012,159,6.14,18.99
185276,Active,753444,NA,NA,D,8,1,1096608.295,233.5,2012,41,11.99,241.35
185277,Active,52146,NA,NA,D,3,1,13800.0475,369.5,2011,275,7.02,22.99
185278,Active,51661,NA,NA,S,8,1,633498.6738,155.6,2003,50,4.35,18.99
185279,Active,904629,NA,NA,S,4,1,2057092.144,111.51,2004,8,7.36,60.79
185280,Active,609334,NA,NA,S,6,1,2674809.088,60,2001,37,4,18.98
185281,Active,540750,NA,NA,D,10,1,66608.2875,106.2,2013,64,30.59,58.98
185282,Active,55206,NA,NA,D,8,1,207022.4738,91,2007,37,4,24.07
185283,Active,55205,NA,NA,S,9,1,392252.625,100,2010,47,18.91,22.98
185284,Active,615519,NA,NA,S,10,1,643240.3713,66.91,2009,29,16.25,58.99
185285,Active,203400,NA,NA,D,4,1,1404142.183,38.95,2001,81,4,8.97
185286,Active,528024,NA,NA,D,5,1,111562.4225,45.99,2009,61,4.98,16.99
185287,Active,545717,NA,NA,S,6,1,104658.335,51.99,2013,37,19.16,28.75
185288,Active,218735,NA,NA,D,1,0,448036.965,155,2009,133,4.81,34.16
185289,Active,566767,NA,NA,S,1,0,19227.96125,251.5,2013,56,34.86,0
185290,Active,505964,NA,NA,S,3,1,101749.6213,67.99,2012,37,24.84,41.94
185291,Active,51492,NA,NA,S,5,1,1817077.818,8.93,2001,84,4,5.92
185292,Active,51490,NA,NA,D,7,1,125129.9875,28.79,2008,161,4.56,23.99
185293,Active,55526,NA,NA,D,1,0,150400.8475,21.24,2008,99,4,23.99
185294,Active,55525,NA,NA,D,2,1,47715.03625,16.99,2010,84,13.42,43.45
185295,Active,487306,NA,NA,D,3,1,96347.095,89.55,2010,35,27.37,58.99
185296,Active,879177,NA,NA,S,0,0,840766.8725,199.55,2008,53,6.74,9.95
185297,Active,52145,NA,NA,D,2,1,120661.9313,15.53,2008,217,4.29,9.95
185298,Active,204063,NA,NA,D,2,1,530978.9088,54.95,2006,67,4,18.33
185299,Active,212334,NA,NA,S,1,0,65637.25,67.4,2000,40,18.74,34.69
185300,Active,415942,NA,NA,S,2,1,296600.4375,22,2012,85,4.9,9.47
185301,Active,528023,NA,NA,D,7,1,183394.76,98.99,2011,39,18.74,82.49
185302,Active,533913,NA,NA,D,6,1,629987.4438,24.57,2008,29,4.38,22.98
185303,Active,294022,NA,NA,S,6,1,296782.9763,190.95,1998,66,7.14,29.49
185304,Active,3272188,NA,NA,D,1,0,902089.33,127.29,2004,44,12.86,48.98
185305,Active,617437,NA,NA,S,1,0,222244.0538,175.95,2003,71,4.01,35.61
185306,Active,616739,NA,NA,D,1,0,170463.3938,90.95,2009,53,18.04,51.88
185307,Active,417298,NA,NA,D,1,0,309576.52,253,2012,33,12.12,187.91
185308,Active,416635,NA,NA,D,1,0,27382.74625,244.5,2012,180,8.33,41.99
185309,Active,3464206,NA,NA,D,1,0,3344068.4,54,1996,24,4,18.99
185310,Active,113626,NA,NA,S,2,1,178372.8375,117.6,2002,51,8.96,0
185311,Active,552996,NA,NA,S,2,1,193908.495,66.8,2006,51,4,0
185312,Active,609996,NA,NA,S,14,1,112364.5713,38,2013,54,7.78,15.53
185313,Active,614463,NA,NA,D,10,1,333960.33,78.29,2010,77,4.16,28.26
185314,Active,516489,NA,NA,D,2,1,434035.7075,186.67,2008,119,4.74,13.49
185315,Active,540785,NA,NA,S,4,1,179195.3888,158.2,2013,46,28.7,98.99
185316,Active,434979,NA,NA,S,3,1,942500.02,129,2010,34,19.93,48.94
185317,Active,613053,NA,NA,D,2,1,363573.8138,179,2006,145,4.39,12.7
185318,Active,634662,NA,NA,S,2,1,462436.9788,64,2008,17,10.1,127.53
185319,Active,262874,NA,NA,S,2,1,401710.7575,109.95,2002,46,8.51,0
185320,Active,617669,NA,NA,D,2,1,542125.275,38.95,2007,54,10.73,29.34
185321,Active,606760,NA,NA,D,5,1,1310535.101,88,2004,34,11.43,69.68
185322,Active,621460,NA,NA,S,3,1,140958.8575,170.8,2003,32,10.42,85.99
185323,Active,859161,NA,NA,S,5,1,824491.7588,220.6,2004,38,11.38,42.3
185324,Active,555357,NA,NA,D,0,0,1289650.003,79.95,1997,34,4,39.38
185325,Active,264740,NA,NA,D,1,0,310274.8775,69.99,2008,30,5.99,35.14
185326,Active,836161,NA,NA,D,1,0,3870332.023,205,2008,10,77.99,96.61
185327,Active,629063,NA,NA,D,2,1,1125616.616,33.33,1984,26,4,64.74
185328,Active,563749,NA,NA,S,3,1,65578.075,140,1992,58,24.69,38.24
185329,Active,626732,NA,NA,S,3,1,632718.1438,122.5,1980,25,4,53.01
185330,Active,561922,NA,NA,D,1,0,1728244.321,325.95,2004,40,4.35,15
185331,Active,436096,NA,NA,D,10,1,468778.41,299.95,2007,29,20.27,99.62
185332,Active,548161,NA,NA,S,8,1,430974.2425,224.95,2001,52,4,9.52
185333,Active,593633,NA,NA,D,3,1,3501.08625,68,2012,191,12.05,42.53
185334,Active,1453342,NA,NA,D,1,0,96020.56125,175.2,2014,38,54.07,78.99
185335,Active,533664,NA,NA,D,14,1,34407.41125,284.95,2012,83,20.81,47.9
185336,Active,537935,NA,NA,D,9,1,131423.7813,200,2009,92,4,40.73
185337,Active,617942,NA,NA,S,3,1,186871.0838,50,2012,62,10.94,19.19
185338,Active,561968,NA,NA,S,0,0,470962.3463,300.95,2008,25,24.99,0
185339,Active,244340,NA,NA,D,11,1,84461.54875,76.67,2011,99,6.39,23.66
185340,Active,119542,NA,NA,D,4,1,29943.3975,244.8,2012,142,7.68,42.94
185341,Active,53351,NA,NA,D,6,1,47717.285,257.6,2011,72,16.98,37.99
185342,Active,53353,NA,NA,S,4,1,1989317.1,18.5,1900,47,4,8.54
185343,Active,50288,NA,NA,D,10,1,416279.0025,28.99,2010,47,4,43.91
185344,Active,533739,NA,NA,D,9,1,72759.53,274.95,2012,61,12.36,52.78
185345,Active,918078,NA,NA,S,20,1,90731.99,207.5,2014,44,40.69,72
185346,Active,53354,NA,NA,D,5,1,172677.1825,193.33,2008,46,15.96,48.99
185347,Active,618113,NA,NA,D,7,1,796896.4613,73.83,2009,32,5.4,73.77
185348,Active,50452,NA,NA,D,9,1,442656.9563,313.95,2010,104,4,9.99
185349,Active,537938,NA,NA,S,6,1,1555064.403,169.95,2002,45,4.49,13.94
185350,Active,544214,NA,NA,D,10,1,27189.48625,284.95,2013,106,8.59,85.97
185351,Active,50451,NA,NA,D,8,1,776881.4,313.95,2008,58,4,13.39
185352,Active,107652,NA,NA,S,5,1,2146397.76,117.81,2002,47,4,38.89
185353,Active,528021,NA,NA,D,8,1,25955.1,64.66,2009,76,8.99,53.74
185354,Active,285384,NA,NA,D,7,1,300886.195,43.99,2007,61,5.98,53.29
185355,Active,640091,NA,NA,S,2,1,1004962.163,164,2012,19,43.64,95.43
185356,Active,110999,NA,NA,D,1,0,811982.1775,23.78,2009,68,4,23.34
185357,Active,574370,NA,NA,S,1,0,12009.0725,266.75,2012,71,23.91,138.99
185358,Active,550098,NA,NA,D,1,0,347472.8388,83.59,2007,49,7.98,55.03
185359,Active,603394,NA,NA,S,2,1,2992535.383,99.95,2008,15,7.69,62.95
185360,Active,50048,NA,NA,D,18,1,190121.4063,39.84,2008,197,4,29.04
185361,Active,625602,NA,NA,S,1,0,61534.45875,276.25,2013,30,29.99,48.99
185362,Active,162112,NA,NA,D,10,1,468304.3275,23.99,2008,90,4,23.52
185363,Active,154417,NA,NA,S,11,1,161030.9975,197.75,2003,53,6.38,28.36
185364,Active,52517,NA,NA,D,12,1,290575.5413,344.95,2008,57,4.75,48.15
185365,Active,621898,NA,NA,D,4,1,180904.265,164.07,2012,43,8.14,28.99
185366,Active,52516,NA,NA,D,11,1,526508.7988,172.95,2005,42,4,15.98
185367,Active,52996,NA,NA,D,2,1,217216.875,34.91,2008,283,4,16.27
185368,Active,618941,NA,NA,D,2,1,227387.1913,28.92,2011,68,4,11.49
185369,Active,558667,NA,NA,S,3,1,300031.5925,57.87,1997,41,4.73,50.46
185370,Active,252653,NA,NA,S,2,1,1199337.884,125.15,2008,30,12.89,167.61
185371,Active,329824,NA,NA,S,13,1,756295.7138,153.33,2007,37,4.71,72.93
185372,Active,620345,NA,NA,S,7,1,1078224.778,170.67,2005,27,4.64,85.91
185373,Active,50150,NA,NA,D,6,1,34017.71,168,2004,167,4,10.6
185374,Active,50151,NA,NA,S,5,1,430119.6538,140,2000,128,4,8.11
185375,Active,877115,NA,NA,D,11,1,64847.50625,279.95,2013,92,8.82,62.7
185376,Active,50289,NA,NA,D,9,1,711052.56,71.09,2008,44,4.41,50.68
185377,Active,51638,NA,NA,D,8,1,588874.9425,301.95,2010,55,7.27,67.67
185378,Active,52227,NA,NA,D,3,1,289234.0975,33.94,2007,80,5.72,23.99
185379,Active,52707,NA,NA,D,6,1,2051474.214,141.75,2005,50,4,16.07
185380,Active,52708,NA,NA,D,8,1,128194.94,43.99,2009,120,5.76,19.99
185381,Active,61194,NA,NA,D,9,1,1390791.856,9.87,2005,49,3.99,10.48
185382,Active,101303,NA,NA,S,2,1,140028.515,226.95,2004,27,4.24,0
185383,Active,528019,NA,NA,D,7,1,129508.4175,313.95,2010,40,6.97,50.94
185384,Active,60655,NA,NA,D,5,1,596010.1263,202.95,2007,41,4,28.99
185385,Active,608066,NA,NA,S,4,1,1721772.655,263.95,2004,42,4,53.85
185386,Active,533914,NA,NA,D,6,1,407965.8213,313.95,2008,47,4.13,44.94
185387,Active,52518,NA,NA,D,13,1,161118.8475,307.95,2010,100,5.09,51.58
185388,Active,528018,NA,NA,S,2,1,789628.4088,75,2008,30,38.26,58.99
185389,Active,54694,NA,NA,D,5,1,809760.365,307.95,2009,89,4,22.1
185390,Active,528013,NA,NA,S,6,1,33160.9675,302.95,2012,51,45.78,123.99
185391,Active,57252,NA,NA,D,4,1,661602.4375,248.95,2007,65,3.88,47.91
185392,Active,50623,NA,NA,D,12,1,33155.6975,264.95,2011,55,12.99,82.75
185393,Active,148583,NA,NA,S,10,1,1619348.25,229.95,2007,29,4.16,19.49
185394,Active,50622,NA,NA,D,11,1,639434.7425,253.95,2008,67,4,21.99
185395,Active,50624,NA,NA,D,11,1,1188165.254,231.95,2010,38,4,28.94
185396,Active,50636,NA,NA,D,7,1,178111.695,225,2011,77,5.96,18.61
185397,Active,638021,NA,NA,S,8,1,320857.48,165.8,2013,27,8.72,0
185398,Active,50637,NA,NA,D,6,1,715406.7813,195.2,2009,67,4,38.99
185399,Active,528016,NA,NA,S,19,1,954448.5663,38.99,2011,32,4.49,29.79
185400,Active,52019,NA,NA,D,3,1,79768.0225,200,2009,147,5.02,33.95
185401,Active,50152,NA,NA,D,7,1,20752.67,220,2008,116,7.98,36.99
185402,Active,148753,NA,NA,D,9,1,265668.9813,222.95,2008,58,4,7.99
185403,Active,50287,NA,NA,D,8,1,2228286.101,36.9,2006,32,4,46.21
185404,Active,51637,NA,NA,D,7,1,1628031.031,331.95,2007,54,4,7.99
185405,Active,912616,NA,NA,D,3,1,1099016.775,57.99,2007,31,4,36.99
185406,Active,125889,NA,NA,D,4,1,977254.1563,115,1997,98,5.85,32.93
185407,Active,60656,NA,NA,D,5,1,159154.8788,134,2003,55,6.57,38.06
185408,Active,630617,NA,NA,D,3,1,1878792.835,87.68,2006,20,6.71,58.94
185409,Active,57591,NA,NA,S,0,0,417567.535,111.25,1996,29,4,47.16
185410,Active,57594,NA,NA,D,3,1,808936.015,105.92,2006,23,8.57,84.65
185411,Active,296154,NA,NA,D,1,0,2017614.749,104.95,2003,18,13.25,66.88
185412,Active,908439,NA,NA,S,4,1,2407843.399,136,1998,26,6.14,30.5
185413,Active,178222,NA,NA,S,3,1,265539.7975,173.95,1997,40,4.99,21.99
185414,Active,608623,NA,NA,S,2,1,1409216.763,184.95,1992,36,4,40.91
185415,Active,113640,NA,NA,D,5,1,1243354.435,125,1999,33,4.12,46.41
185416,Active,108696,NA,NA,S,2,1,157181.6675,500.74,2003,40,37.59,49.3
185417,Active,566383,NA,NA,S,2,1,179314.74,143.25,2002,28,11.28,88.9
185418,Active,164541,NA,NA,S,2,1,509788.7875,53,2001,43,5.09,48.99
185419,Active,1633943,NA,NA,S,2,1,51272.2,44.99,2014,15,26.64,28.2
185420,Active,251129,NA,NA,S,1,0,1660277.076,74.95,2007,37,4,19.96
185421,Active,526160,NA,NA,S,1,0,535157.41,39.99,2011,46,5.67,23.41
185422,Active,291733,NA,NA,S,1,0,867067.8238,146.95,2010,49,4,24.36
185423,Active,178937,NA,NA,S,1,0,786392.675,74.95,2010,57,4,20.94
185424,Active,1625254,NA,NA,S,1,0,466331.27,59.99,2014,28,37.75,41.85
185425,Active,54504,NA,NA,S,1,0,682711.0238,134.95,2007,88,4,7.17
185426,Active,612982,NA,NA,S,1,0,652431.4388,179.95,2007,97,4,13.9
185427,Active,56652,NA,NA,S,1,0,825770.04,146.95,2007,83,4,16.91
185428,Active,178952,NA,NA,S,1,0,463254.7925,134.95,2010,101,4.08,19.86
185429,Active,254153,NA,NA,S,1,0,154008.6338,179.95,2011,86,5.03,34.97
185430,Active,1633872,NA,NA,S,1,0,361034.2938,49.99,2013,45,5.59,33.92
185431,Active,527997,NA,NA,S,1,0,802664.2375,82.95,2010,103,4,11.97
185432,Active,642058,NA,NA,S,1,0,60743.70875,79.95,2013,46,12.44,64.47
185433,Active,652310,NA,NA,S,0,0,37771.85,63.92,2014,17,43.98,76.06
185434,Active,624658,NA,NA,S,1,0,16437.93125,134.95,2013,79,7.21,36.98
185435,Active,663295,NA,NA,S,1,0,30641.0975,179.95,2013,78,24.95,73.94
185436,Active,544782,NA,NA,S,1,0,52116.27125,82.95,2013,50,5.46,41.93
185437,Active,113586,NA,NA,S,1,0,696405.4475,57.6,2002,29,4,41.9
185438,Active,1633901,NA,NA,S,1,0,489345.9063,49.99,2013,25,6.93,31.32
185439,Active,631572,NA,NA,S,1,0,594692.1438,59.99,2010,44,5.25,23.89
185440,Active,178676,NA,NA,S,1,0,546942.2138,179.95,2010,41,6.39,61.26
185441,Active,178677,NA,NA,S,1,0,762952.2825,134.95,2010,29,14.19,89.92
185442,Active,178951,NA,NA,S,1,0,397961.64,146.95,2010,42,6.51,52.99
185443,Active,178953,NA,NA,S,1,0,773128.27,77.95,2010,53,4,27.51
185444,Active,193881,NA,NA,S,2,1,1273025.26,69.99,2007,36,4,22.95
185445,Active,298518,NA,NA,S,3,1,1331236.115,156.95,2007,40,4,22.69
185446,Active,250130,NA,NA,S,1,0,412410.0013,222.95,2007,72,4.36,35.99
185447,Active,291735,NA,NA,S,1,0,223840.8263,115.95,2010,88,4.81,38.93
185448,Active,529589,NA,NA,S,0,0,1116493.866,115.95,2009,84,4,7.76
185449,Active,148775,NA,NA,S,1,0,856709.8863,118.95,2009,127,4,8.86
185450,Active,120150,NA,NA,S,2,1,1267759.453,147,2009,31,4.88,6.22
185451,Active,251194,NA,NA,S,1,0,1146040.559,238.95,2007,61,4.48,23.89
185452,Active,251175,NA,NA,S,1,0,1082154.384,234.95,2007,68,4,8.98
185453,Active,254151,NA,NA,S,1,0,331407.2475,222.95,2010,53,6.19,38.89
185454,Active,615752,NA,NA,S,0,0,511020.75,10.99,2011,91,4,9.99
185455,Active,178941,NA,NA,S,1,0,443666.7888,123.95,2010,83,4,12.99
185456,Active,244141,NA,NA,S,1,0,616905.0163,119.95,2011,59,4.75,0
185457,Active,178936,NA,NA,S,1,0,853914.1075,174.95,2010,70,4,64.8
185458,Active,612945,NA,NA,S,1,0,1039228.221,219.95,2009,100,4,13.78
185459,Active,254144,NA,NA,S,1,0,335451.8513,219.95,2010,66,5.93,12.21
185460,Active,291702,NA,NA,S,0,0,292551.2988,161.95,2010,39,5.36,131.17
185461,Active,527983,NA,NA,S,1,0,545399.515,191.95,2010,41,6.94,102.99
185462,Active,1773085,NA,NA,S,1,0,1547115.066,237.95,2011,30,5.69,68.77
185463,Active,254146,NA,NA,S,1,0,590284.925,180.95,2010,93,4,26.49
185464,Active,767008,NA,NA,S,1,0,676273.0288,69.95,2011,84,4.05,38.97
185465,Active,655178,NA,NA,S,1,0,28663.97,222.95,2013,66,33.24,128.9
185466,Active,749856,NA,NA,S,1,0,42957.075,161.25,2013,34,28.01,108.99
185467,Active,632003,NA,NA,S,0,0,104592.9738,135.9,2014,44,27.83,87.76
185468,Active,660772,NA,NA,S,0,0,109227.3025,66.99,2013,67,10.59,53.98
185469,Active,866691,NA,NA,S,1,0,38240.81375,49.94,2013,53,8.85,20.59
185470,Active,632053,NA,NA,S,1,0,52755.27625,123.95,2013,55,28.78,73.53
185471,Active,637605,NA,NA,S,1,0,93880.1725,115.95,2013,71,27.44,69.08
185472,Active,544731,NA,NA,S,1,0,12850.57,183.95,2013,107,15.89,96.21
185473,Active,544768,NA,NA,S,1,0,27368.65125,180.95,2013,66,4.98,76.98
185474,Active,861538,NA,NA,S,1,0,49877.32625,74.95,2013,42,10.36,45.14
185475,Active,544767,NA,NA,S,1,0,1973.66375,213.95,2013,186,14.75,53.99
185476,Active,250158,NA,NA,S,1,0,1140093.006,123.95,2007,51,3.79,5.22
185477,Active,110553,NA,NA,S,1,0,393795.585,67.21,2010,107,4.97,36.93
185478,Active,251130,NA,NA,S,1,0,220251.15,146.95,2007,39,4.47,6.4
185479,Active,1439703,NA,NA,S,1,0,73228.05,166.75,2010,35,5.98,85.13
185480,Active,250131,NA,NA,S,1,0,359536.2088,177.95,2007,56,5.17,12.74
185481,Active,545331,NA,NA,S,1,0,991929.1963,160.95,2010,38,9.48,53.78
185482,Active,658043,NA,NA,S,1,0,52709.0525,146.95,2013,51,19.39,65.94
185483,Active,250140,NA,NA,S,0,0,528190.2288,82.95,2007,87,4,0
185484,Active,649453,NA,NA,S,1,0,15441.15,166.75,2013,38,35.34,68.92
185485,Active,250132,NA,NA,S,1,0,1516330.789,222.95,2007,30,4,8.99
185486,Active,250143,NA,NA,S,1,0,1200864.63,179.95,2007,63,4,10.06
185487,Active,250141,NA,NA,S,1,0,554031.245,82.95,2007,39,4,15.92
185488,Active,663231,NA,NA,S,1,0,228857.7425,44.99,2013,45,17.31,30.98
185489,Active,193905,NA,NA,S,1,0,360504.3488,44.99,2010,86,5.43,29.09
185490,Active,544771,NA,NA,S,1,0,426037.5625,90.95,2013,31,15.95,50.34
185491,Active,542286,NA,NA,S,1,0,674867.5263,146.95,2010,70,4,23.79
185492,Active,250136,NA,NA,S,1,0,912526.0763,179.95,2007,92,4.13,19.96
185493,Active,250134,NA,NA,S,1,0,490447.6288,82.95,2007,105,4,5.49
185494,Active,250135,NA,NA,S,1,0,1013140.308,134.95,2007,49,4,21.4
185495,Active,639628,NA,NA,S,1,0,46590.425,166.75,2013,39,22.59,61.95
185496,Active,178682,NA,NA,S,1,0,676829.2325,134.95,2010,60,4.7,20.99
185497,Active,776891,NA,NA,S,1,0,734620.5175,54.99,2010,50,4,9.94
185498,Active,776990,NA,NA,S,1,0,203526.285,49.99,2013,20,19.03,26.31
185499,Active,544783,NA,NA,S,1,0,1177706.534,87.95,2013,38,4.48,10.98
185500,Active,544717,NA,NA,S,1,0,318300.1925,45.95,2013,16,26.71,30.77
185501,Active,646943,NA,NA,S,1,0,237411.85,81.95,2013,37,5.36,28.99
185502,Active,544778,NA,NA,S,1,0,62627.6925,82.95,2013,33,8.1,57.74
185503,Active,613684,NA,NA,S,1,0,1047935.924,179.95,2007,74,4,11.48
185504,Active,610179,NA,NA,S,1,0,370403.5388,79.95,2013,38,33.52,48.99
185505,Active,622244,NA,NA,S,3,1,845596.3288,62,2006,49,4,0
185506,Active,106660,NA,NA,S,4,1,793720.17,42,2008,54,4.12,20.34
185507,Active,630529,NA,NA,S,4,1,91540.0475,53,2012,41,13.35,27.66
185508,Active,637711,NA,NA,S,1,0,45813.43625,49.99,2012,58,30.12,30.86
185509,Active,1437488,NA,NA,S,1,0,29547.225,50,2014,17,28.16,31.55
185510,Active,184088,NA,NA,S,3,1,1506748.968,152.95,2006,25,4.76,27.99
185511,Active,614846,NA,NA,S,1,0,1046505.956,172.95,2008,49,4.9,11.47
185512,Active,178653,NA,NA,S,1,0,928537.0488,160.95,2010,37,4.75,34.93
185513,Active,612761,NA,NA,S,1,0,231841.8875,44.99,2013,35,17.97,29.98
185514,Active,867290,NA,NA,S,1,0,371571.8263,44.99,2010,47,4.68,15.21
185515,Active,254170,NA,NA,S,0,0,324251.19,91.95,2010,56,4,0
185516,Active,254169,NA,NA,S,1,0,375519.78,185.95,2010,31,20.02,40.18
185517,Active,527968,NA,NA,S,1,0,524707.725,81.95,2010,53,4.98,39.89
185518,Active,613397,NA,NA,S,1,0,528130.9375,41.95,2010,90,4,6.84
185519,Active,644572,NA,NA,S,6,1,107173.5438,39.99,2012,82,19.94,27.64
185520,Active,527973,NA,NA,S,5,1,680090.0125,69.99,2009,47,4.18,13.94
185521,Active,193808,NA,NA,S,4,1,757255.3,59.99,2005,67,4,28.79
185522,Active,622246,NA,NA,S,1,0,475126.1788,39.99,2008,48,4,30.79
185523,Active,244319,NA,NA,S,1,0,42207.725,39.99,2011,20,24.99,25.17
185524,Active,608939,NA,NA,S,3,1,1147811.289,59.99,2005,31,4.45,59.71
185525,Active,1873355,NA,NA,S,1,0,938541.3363,146.95,2007,71,4,8.98
185526,Active,527986,NA,NA,S,0,0,986322.9388,47.95,2010,35,4,0
185527,Active,527988,NA,NA,S,1,0,791457.8638,74.95,2010,51,4,23.99
185528,Active,178904,NA,NA,S,1,0,418169.085,134.95,2010,65,5.39,44.17
185529,Active,527985,NA,NA,S,1,0,966039.6263,82.95,2010,91,3.97,7.69
185530,Active,544739,NA,NA,S,1,0,136666.8363,79.95,2013,44,18.38,35.58
185531,Active,779019,NA,NA,S,0,0,33017.525,78.98,2013,26,56.97,68.98
185532,Active,632054,NA,NA,S,1,0,35702.6575,134.95,2013,51,17.49,76.94
185533,Active,623319,NA,NA,S,1,0,129130.215,82.95,2013,36,12.82,38.99
185534,Active,779013,NA,NA,S,0,0,390045.0838,0,2013,21,23.69,98.43
185535,Active,617022,NA,NA,S,1,0,11519.075,210.25,2013,64,19.96,31.99
185536,Active,538323,NA,NA,S,3,1,1090651,30,2013,19,10.49,10.42
185537,Active,664683,NA,NA,S,0,0,136925.1813,67.52,2014,26,18.86,58.98
185538,Active,763111,NA,NA,D,1,0,1687972.351,135,1999,18,13.81,51.81
185539,Active,3823008,NA,NA,D,0,0,2976394.25,125,2008,23,23.93,72.45
185540,Active,2143696,NA,NA,D,0,0,698024.0525,125,2010,27,6.49,53.54
185541,Active,2878518,NA,NA,D,0,0,2265113.405,125,1989,19,18.85,93.99
185542,Active,2387632,NA,NA,S,3,1,2067541.878,104.6,1996,20,4.77,36.83
185543,Active,527967,NA,NA,S,4,1,26713.48125,261.25,2011,56,103.24,59.87
185544,Active,165676,NA,NA,D,3,1,267473.0888,72.62,2004,31,23.83,52.99
185545,Active,109206,NA,NA,S,6,1,69613.3475,67.29,1998,90,4,24.44
185546,Active,110122,NA,NA,D,4,1,63897.27875,70.1,2010,78,13.29,14.48
185547,Active,697946,NA,NA,D,3,1,955848.0188,52.5,2007,17,8.83,50.44
185548,Active,109104,NA,NA,D,3,1,951420.4413,28.99,2006,63,3.99,28.99
185549,Active,308335,NA,NA,S,2,1,1816898.045,8.56,2002,52,4,45.75
185550,Active,914396,NA,NA,S,5,1,226130.4438,58,2013,52,10.79,26.85
185551,Active,545835,NA,NA,S,13,1,31834.62,94,2013,49,8.49,64.27
185552,Active,285404,NA,NA,S,7,1,89064,155.75,2010,35,46.99,105.28
185553,Active,869407,NA,NA,S,3,1,299830.89,64.99,2014,33,37.49,48.55
185554,Active,644912,NA,NA,S,0,0,87285.975,114,2011,28,13.74,29.98
185555,Active,644687,NA,NA,S,0,0,93980.55,114,2011,26,25.56,79.99
185556,Active,620786,NA,NA,S,0,0,47128.25,111.25,2009,35,10.34,27.98
185557,Active,370411,NA,NA,D,2,1,610483.9963,70,2008,53,4,8.19
185558,Active,635560,NA,NA,S,3,1,44653.38625,80,2013,62,32.28,49.99
185559,Active,660712,NA,NA,S,0,0,25551.875,60,2013,14,30.94,35.63
185560,Active,1622565,NA,NA,S,1,0,95714.575,136.5,2007,18,16.87,26.37
185561,Active,529967,NA,NA,S,2,1,416772.66,124.25,2006,91,4.59,24.95
185562,Active,112158,NA,NA,S,1,0,606301.9063,89.5,2003,46,4.75,23.99
185563,Active,609163,NA,NA,S,8,1,2067420.011,54.95,2003,44,4,29.56
185564,Active,1517937,NA,NA,D,7,1,1689518.921,449.95,2008,12,25.81,554.69
185565,Active,435170,NA,NA,S,7,1,768394.9113,361,2008,11,31.02,101.17
185566,Active,146967,NA,NA,D,6,1,2558367.815,399,2007,13,7.72,19.74
185567,Active,624047,NA,NA,S,1,0,193839.8463,99.95,2006,21,63.72,57.84
185568,Active,628717,NA,NA,D,2,1,689609.9825,107.95,2010,29,26.94,67.24
185569,Active,645330,NA,NA,D,2,1,542880.0388,50.95,2007,27,12.89,50.93
185570,Active,527956,NA,NA,S,5,1,292703.5438,30,2012,61,6.72,17.71
185571,Active,106965,NA,NA,S,2,1,3236046.151,29.99,2003,43,4,6.69
185572,Active,107069,NA,NA,S,3,1,2129706.536,29.99,2007,37,3.79,10.74
185573,Active,527955,NA,NA,S,4,1,239569.5038,30.2,2012,50,7.15,26.42
185574,Active,633775,NA,NA,S,4,1,301049.7525,30,2012,34,4,15.99
185575,Active,609666,NA,NA,S,2,1,358979.2875,47.95,2000,64,4,12.74
185576,Active,862288,NA,NA,S,4,1,27344.27875,54.95,2014,86,36.46,33.38
185577,Active,876172,NA,NA,D,0,0,113338.9338,124.95,2007,203,6.79,13.56
185578,Active,257984,NA,NA,D,0,0,994699.6563,85.95,2000,108,4,10.99
185579,Active,299279,NA,NA,D,9,1,919959.7638,54.95,2003,41,4,11.49
185580,Active,60660,NA,NA,D,9,1,360288.2563,156.95,2003,191,4,18.99
185581,Active,252014,NA,NA,D,10,1,52347.41125,149.95,2008,63,8.49,108.26
185582,Active,609667,NA,NA,S,4,1,435088.64,128.95,2002,30,11.95,54.42
185583,Active,609625,NA,NA,D,5,1,604426.445,132.95,2007,35,8.46,66.03
185584,Active,806948,NA,NA,D,5,1,1966889.366,78.95,2006,20,6.75,55.79
185585,Active,1783367,NA,NA,S,1,0,48989.75,42.95,2013,17,33.99,35.57
185586,Active,807067,NA,NA,D,1,0,1207141.228,49.95,2008,15,42.23,49.9
185587,Active,3026474,NA,NA,D,1,0,1636780.545,54.95,2000,15,28.48,76.98
185588,Active,860197,NA,NA,S,5,1,34090.1825,66.95,2010,36,32.15,57.99
185589,Active,257989,NA,NA,S,1,0,368313.9063,143.95,2002,59,5.27,46.89
185590,Active,623619,NA,NA,D,4,1,265776.5013,126.95,2005,37,53.35,78.99
185591,Active,637067,NA,NA,D,5,1,27047.93,138.95,2010,24,99.02,0
185592,Active,257980,NA,NA,D,8,1,1108166.788,56.95,1998,28,4,39.54
185593,Active,527945,NA,NA,S,11,1,40608.32,52.95,2012,37,31.34,45.98
185594,Active,208564,NA,NA,S,3,1,167088.0225,205.8,1995,47,13.32,70.96
185595,Active,904353,NA,NA,D,0,0,1883421.038,51.97,1983,17,4,106.39
185596,Active,670002,NA,NA,S,7,1,3375261.659,201,2008,12,49.7,183.81
185597,Active,2747398,NA,NA,S,6,1,191984.815,24.95,2004,43,9.32,47.9
185598,Active,1655987,NA,NA,S,0,0,76526.25,50,2012,36,13.46,28.47
185599,Active,636788,NA,NA,D,0,0,1661667.658,41.89,2007,17,21.37,33.94
185600,Active,894274,NA,NA,D,0,0,4137075.001,75.33,2007,11,13.99,74.51
185601,Active,1707755,NA,NA,S,6,1,451882.815,45,2008,37,27.66,29.09
185602,Active,586753,NA,NA,S,2,1,773769.27,59,2007,44,4,0
185603,Active,717086,NA,NA,S,5,1,92858.365,115.6,2008,45,8.98,53.95
185604,Active,868089,NA,NA,S,4,1,1805715.461,85.6,2005,38,4,9
185605,Active,2225554,NA,NA,D,8,1,142201.53,18.03,2011,10,15.74,26.94
185606,Active,146249,NA,NA,D,8,1,45392.06625,203,2010,92,11.36,63.99
185607,Active,315714,NA,NA,D,0,0,6317.0525,125,2010,200,45.52,71.23
185608,Active,248840,NA,NA,S,7,1,218187.27,49.95,2005,121,4.43,23.99
185609,Active,636489,NA,NA,D,3,1,769919.2813,145,1993,35,38.9,93.99
185610,Active,913567,NA,NA,D,0,0,4219137.729,126.59,2005,25,4,126.59
185611,Active,911253,NA,NA,D,6,1,1659177.406,0,2005,18,6.94,0
185612,Active,626708,NA,NA,S,2,1,586656.8075,99.95,2012,30,37.94,67.81
185613,Active,106726,NA,NA,S,4,1,85923.115,24,2009,105,6.27,13.33
185614,Active,167010,NA,NA,S,1,0,146243.33,37.95,2005,43,7.61,21.13
185615,Active,2658058,NA,NA,D,2,1,644869.8388,77.61,1972,20,8.99,79.21
185616,Active,3544354,NA,NA,D,2,1,2186270.75,117.4,1998,46,5.97,49.57
185617,Active,1845124,NA,NA,S,2,1,386456.5313,49.95,2006,31,8.86,41.76
185618,Active,571439,NA,NA,D,2,1,712903.9413,106.6,1997,24,4,67.29
185619,Active,117347,NA,NA,D,4,1,344445.4613,118.67,2008,40,12.64,53.98
185620,Active,715932,NA,NA,S,5,1,1898504.923,102.88,2011,19,29.1,45.55
185621,Active,116418,NA,NA,D,3,1,415578.7725,108,2004,76,4,35.87
185622,Active,119086,NA,NA,D,5,1,31102.38625,171.4,2011,88,31.65,67.89
185623,Active,3150997,NA,NA,D,2,1,3242496.194,89.95,2004,16,15.32,39.99
185624,Active,178866,NA,NA,D,4,1,24878.5975,257.95,2011,97,9.37,42.98
185625,Active,291661,NA,NA,D,3,1,170312.2663,287.95,2006,120,4,15.98
185626,Active,3616298,NA,NA,D,1,0,671923.8,0,1900,24,23.88,82.49
185627,Active,1779354,NA,NA,S,2,1,152047.5613,70,2013,18,41.95,41.93
185628,Active,822797,NA,NA,D,0,0,3406873.625,28.95,1997,16,5.74,63.8
185629,Active,561234,NA,NA,D,4,1,204178.0488,115.53,2010,47,5.49,77.95
185630,Active,609336,NA,NA,D,3,1,735887.7525,92.2,2005,43,4,16.95
185631,Active,801839,NA,NA,S,2,1,711960.67,38.95,2008,17,13.44,35.17
185632,Active,649997,NA,NA,S,2,1,322426.8225,39.95,2011,23,23.94,25.49
185633,Active,899022,NA,NA,S,0,0,130577.0625,46.95,2013,33,37.87,39.8
185634,Active,644476,NA,NA,S,2,1,290946.0113,48,2013,44,24.87,34.81
185635,Active,673155,NA,NA,D,0,0,1992.37375,15.99,2012,83,8.46,9.67
185636,Active,227086,NA,NA,S,20,1,2377.69125,16.95,2011,46,9.32,9.74
185637,Active,630323,NA,NA,D,1,0,540790.4313,55,2001,43,9.79,25.78
185638,Active,630581,NA,NA,S,2,1,25242.10375,60,2012,43,38.79,40.65
185639,Active,630060,NA,NA,S,1,0,49514.575,40,2010,15,24.44,26.15
185640,Active,635301,NA,NA,D,1,0,489863.4675,84.95,2005,29,32,52.91
185641,Active,644016,NA,NA,S,1,0,844953.9438,49.95,2008,29,6.48,40.59
185642,Active,718057,NA,NA,S,1,0,1151585.514,35,1999,21,9.38,53.75
185643,Active,876041,NA,NA,D,1,0,2768904.193,114.84,2009,46,7.2,51.11
185644,Active,183678,NA,NA,D,1,0,457917.54,134.95,2010,41,4.72,29.77
185645,Active,617712,NA,NA,D,0,0,332264.4625,47.95,2000,67,4.15,12.96
185646,Active,861543,NA,NA,S,2,1,143910.4263,49.95,2014,55,31.74,42.82
185647,Active,2560741,NA,NA,D,2,1,4057461.84,72.95,1982,15,34.59,106.16
185648,Active,1600632,NA,NA,S,0,0,6491.85,49.99,2015,15,27.97,27.98
185649,Active,899496,NA,NA,D,1,0,927638.705,88,1997,17,8.24,72.94
185650,Active,713004,NA,NA,D,2,1,651649.9113,138,2001,23,14.32,59.57
185651,Active,2558726,NA,NA,D,0,0,568019.145,17.97,1993,19,4,49.98
185652,Active,620611,NA,NA,S,3,1,396552.0588,97.25,2007,44,20.69,63.99
185653,Active,3512264,NA,NA,D,0,0,2013127.8,319,2007,30,38.32,138.93
185654,Active,204386,NA,NA,D,0,0,1192414.451,108,2002,27,4.49,50.82
185655,Active,628681,NA,NA,S,3,1,544111.92,34,2010,29,9.89,25.13
185656,Active,649942,NA,NA,D,0,0,729788.5175,69,2011,20,27.93,0
185657,Active,1766760,NA,NA,S,2,1,270283.5938,70,2014,24,42.94,58.97
185658,Active,660862,NA,NA,S,2,1,57580.6625,44.99,2013,32,20.78,25.99
185659,Active,560948,NA,NA,S,10,1,2219797.389,36.67,2006,31,4,19.94
185660,Active,540555,NA,NA,S,11,1,1173067.27,42,2009,43,4,28.98
185661,Active,905316,NA,NA,D,2,1,341799.4938,89.95,2007,28,29.59,87.54
185662,Active,146879,NA,NA,D,0,0,455107.7588,52.95,2000,50,4,43.97
185663,Active,113787,NA,NA,S,3,1,483832.4175,150.6,2001,56,7.2,60.94
185664,Active,205844,NA,NA,S,1,0,29399.625,85,2005,25,30.04,38.4
185665,Active,116462,NA,NA,S,0,0,46940.275,89.8,2003,23,48.94,53.67
185666,Active,1691949,NA,NA,S,0,0,45886.125,65,2011,8,39.97,40.49
185667,Active,622005,NA,NA,S,1,0,82643.70375,113.8,2007,47,17.49,69.78
185668,Active,1623468,NA,NA,S,0,0,220531.4338,26,2012,22,18.96,17.25
185669,Active,663602,NA,NA,D,9,1,18313.1625,155.75,2013,86,7.3,63.96
185670,Active,705235,NA,NA,S,4,1,1498623.35,7.98,2005,71,4,6.59
185671,Active,51716,NA,NA,D,6,1,466066.1125,14.96,2007,140,4,11.75
185672,Active,51715,NA,NA,S,5,1,1338597.431,13.99,2005,74,3.79,13.99
185673,Active,51717,NA,NA,D,7,1,75928.12875,17.86,2009,110,4,16.83
185674,Active,533729,NA,NA,D,8,1,40871.50125,194.5,2011,84,9.98,23.99
185675,Active,1827248,NA,NA,D,5,1,21313.74875,69.95,2014,69,14.16,52.04
185676,Active,612722,NA,NA,D,4,1,83659.98375,69.95,2013,145,4,14.94
185677,Active,632147,NA,NA,D,3,1,460227.7075,69.95,2012,78,4,23.99
185678,Active,317650,NA,NA,D,2,1,1165035.451,160.2,2011,59,4,46.59
185679,Active,539375,NA,NA,D,3,1,613040.1313,182.2,2013,57,3.83,27.97
185680,Active,1522072,NA,NA,D,1,0,1885836.658,46,2010,40,5,28.98
185681,Active,1765032,NA,NA,D,0,0,1222436.258,50.33,2012,15,48.73,44.58
185682,Active,339838,NA,NA,S,3,1,253862.6838,49.95,2009,41,18.58,32.49
185683,Active,642026,NA,NA,S,3,1,148952.3988,38,2013,39,14.78,26.67
185684,Active,669005,NA,NA,S,0,0,1011771.663,43.95,2012,19,9.34,0
185685,Active,1449581,NA,NA,D,4,1,5055315.354,97.5,2007,15,5.79,46.3
185686,Active,692368,NA,NA,D,3,1,1127935.966,212.95,2003,29,4.37,70.57
185687,Active,619403,NA,NA,S,4,1,175950.7575,207.95,2007,52,25,79.41
185688,Active,563670,NA,NA,S,0,0,15100.35,48.5,2010,36,25.94,35.62
185689,Active,639237,NA,NA,D,0,0,517655.445,89.99,2009,70,54.05,58.33
185690,Active,627479,NA,NA,S,2,1,271223.165,54.95,2009,56,16.55,45.36
185691,Active,801436,NA,NA,S,0,0,354202.4813,89,2007,29,32.29,52.45
185692,Active,761045,NA,NA,D,1,0,2765052.343,167,2004,18,47.03,62.99
185693,Active,887566,NA,NA,D,0,0,2955664.17,65.95,1987,12,19.3,73.63
185694,Active,640977,NA,NA,S,2,1,239079.225,112.95,2003,37,48.23,86.92
185695,Active,911670,NA,NA,D,0,0,707019.0663,54.95,2007,27,15.5,68.47
185696,Active,642287,NA,NA,S,2,1,80422.2275,61.95,2011,65,35.37,38.02
185697,Active,392803,NA,NA,D,2,1,409812.2663,34.99,2006,59,7.97,30.37
185698,Active,544822,NA,NA,S,3,1,20802.07,39.99,2013,47,27.22,24.75
185699,Active,624282,NA,NA,S,1,0,8020.725,44.95,2011,30,23.07,24.51
185700,Active,582766,NA,NA,S,0,0,226472.535,39.95,2006,47,17.76,23.68
185701,Active,661316,NA,NA,S,0,0,474919.1438,23.69,2009,36,4,17.48
185702,Active,2168119,NA,NA,S,16,1,339948.7838,106.68,2013,21,10.99,16.49
185703,Active,603423,NA,NA,D,1,0,334491.0238,54.95,2008,87,4,22.99
185704,Active,547193,NA,NA,S,5,1,80737.2225,54.95,2011,31,14.99,83.99
185705,Active,544736,NA,NA,D,7,1,25163.67625,69.95,2013,327,4.77,14.98
185706,Active,1827280,NA,NA,D,9,1,2968.93,69.95,2015,109,15.99,43.46
185707,Active,864700,NA,NA,D,8,1,4127.8,69.95,2014,225,7.28,28.99
185708,Active,533756,NA,NA,D,6,1,207922.4813,64.95,2012,331,4,15.06
185709,Active,51482,NA,NA,S,4,1,378326.7338,59.95,2010,238,4,10.47
185710,Active,229460,NA,NA,S,2,1,916420.99,25,1998,140,4,5.99
185711,Active,527931,NA,NA,D,3,1,372808.8538,79.95,2012,65,9.41,28.21
185712,Active,544426,NA,NA,S,4,1,17292.0175,89.95,2013,59,19.99,58.19
185713,Active,291708,NA,NA,D,2,1,968807.4588,79.95,2011,47,4,40.09
185714,Active,874158,NA,NA,D,1,0,1332473.754,79.95,2009,32,4,48.38
185715,Active,607571,NA,NA,D,3,1,1173121.448,80,1999,50,4,31.49
185716,Active,607558,NA,NA,S,2,1,2006099.794,54.95,1993,60,4,8.04
185717,Active,869594,NA,NA,D,4,1,218398.475,137.45,2005,28,13.3,50.23
185718,Active,607589,NA,NA,D,4,1,261825.35,99,2005,47,6.97,37.34
185719,Active,622838,NA,NA,D,2,1,699781.1738,130.8,1999,41,6.52,32.83
185720,Active,638669,NA,NA,D,2,1,4123660.928,75,1996,24,4,8.99
185721,Active,1522733,NA,NA,S,2,1,492407.1775,20.95,2008,30,4.67,11.27
185722,Active,3070575,NA,NA,S,2,1,3373534.06,223,2001,15,17.11,83.9
185723,Active,624888,NA,NA,S,2,1,562907.9663,146,2003,37,6.69,47.17
185724,Active,1932390,NA,NA,D,1,0,1091436.476,29.99,2012,22,5.67,42.69
185725,Active,1932572,NA,NA,S,2,1,330875.43,49.99,2014,18,30.6,30.6
185726,Active,3619407,NA,NA,D,4,1,204806.55,70,1999,32,4.35,68.98
185727,Active,1741353,NA,NA,D,2,1,161046.9925,65,2006,36,34.07,63.94
185728,Active,3484568,NA,NA,D,1,0,5187135.75,59.99,2001,16,6.09,87.89
185729,Active,624696,NA,NA,S,1,0,20673.2,89.95,2012,34,52.17,53.62
185730,Active,144471,NA,NA,S,1,0,391628.2825,100.6,2002,37,9.02,77.81
185731,Active,1678720,NA,NA,S,0,0,822450.595,2.99,2008,96,3.84,5.48
185732,Active,1471846,NA,NA,S,1,0,601339.7613,12.95,2008,58,4,9.81
185733,Active,1518897,NA,NA,S,2,1,693497.9838,73.95,2015,19,39.68,50.58
185734,Active,900487,NA,NA,D,0,0,2049300.764,74.59,2005,32,6.54,13.24
185735,Active,620754,NA,NA,D,5,1,59872.28125,81.95,2011,47,18.56,32.21
185736,Active,868434,NA,NA,D,4,1,757078.425,56.95,2005,57,4,9.9
185737,Active,544055,NA,NA,S,5,1,442464.2875,66,2013,28,42.81,47.38
185738,Active,760287,NA,NA,D,3,1,4449208.353,80,2003,19,4.05,43.23
185739,Active,859723,NA,NA,S,4,1,1462229.911,109,2008,26,9.39,81.14
185740,Active,902556,NA,NA,D,2,1,945531.1738,73.44,1993,22,4,60.48
185741,Active,846200,NA,NA,D,2,1,2144182.699,72.76,1992,28,4,72.39
185742,Active,639189,NA,NA,D,1,0,550086.7625,154.95,2010,33,33.91,69.27
185743,Active,1593559,NA,NA,D,1,0,1225197.471,155,2007,17,19.79,71.97
185744,Active,152662,NA,NA,S,2,1,267173.41,79.95,2004,45,12.89,30.39
185745,Active,2698083,NA,NA,D,1,0,3540772.173,79.95,2001,13,58,119.99
185746,Active,621121,NA,NA,S,2,1,1199037.665,99,2005,36,37.09,68.99
185747,Active,541210,NA,NA,D,0,0,1426902.713,99,1999,28,6.53,69.29
185748,Active,289281,NA,NA,D,1,0,2880551.978,109,1997,15,7.92,53.99
185749,Active,175297,NA,NA,S,2,1,608685.5138,39.99,2001,30,4,22.93
185750,Active,527922,NA,NA,S,2,1,308371.6175,44.95,2010,47,17.05,29.46
185751,Active,762237,NA,NA,D,0,0,2465225.285,125,2006,15,4.78,82.03
185752,Active,649470,NA,NA,D,1,0,318570.7663,79.99,2013,37,6.58,51.33
185753,Active,177037,NA,NA,D,2,1,184222.4288,402.95,2004,42,7.49,33.98
185754,Active,269430,NA,NA,S,2,1,164981.8388,45,2009,38,22.58,33.99
185755,Active,763983,NA,NA,D,1,0,1841283.369,159.95,2000,30,4.13,18.54
185756,Active,264874,NA,NA,D,1,0,1845456.143,89.95,2001,14,45.91,89.95
185757,Active,264946,NA,NA,S,2,1,362317.945,95.95,2011,24,45.98,54.17
185758,Active,264901,NA,NA,D,2,1,907873.5288,92.95,2003,28,39.85,78.99
185759,Active,653573,NA,NA,S,2,1,7576305.429,105,1994,13,5.51,53.99
185760,Active,133207,NA,NA,S,2,1,224054.0225,113.8,2011,42,33.07,52.36
185761,Active,749500,NA,NA,D,4,1,2925448.309,55.95,2005,21,5.36,71.71
185762,Active,141816,NA,NA,D,9,1,238570.4338,47.33,2006,138,4,18.98
185763,Active,540425,NA,NA,D,11,1,18044.15875,47.99,2012,165,3.84,22.94
185764,Active,141942,NA,NA,D,10,1,109228.3513,87.47,2009,138,4,19.63
185765,Active,649703,NA,NA,D,11,1,255995.8238,76.75,2012,30,10.29,28.49
185766,Active,211807,NA,NA,S,3,1,124579.7688,27.95,2006,77,8.13,20.15
185767,Active,131742,NA,NA,D,7,1,718584.3875,89.33,2003,68,4,19.69
185768,Active,132097,NA,NA,D,7,1,1826369.178,117,2005,32,4,10.55
185769,Active,874506,NA,NA,D,8,1,984285.7525,50.24,2008,37,4.39,17.42
185770,Active,108575,NA,NA,S,10,1,581428.2075,58.99,2005,31,7.52,72.16
185771,Active,291977,NA,NA,S,3,1,153108.2225,73.95,1994,111,4,59.94
185772,Active,655332,NA,NA,S,1,0,185043.11,65.95,2012,20,48.64,54.1
185773,Active,162638,NA,NA,S,6,1,202197.6563,236.25,2008,42,23.03,70.94
185774,Active,776041,NA,NA,D,3,1,3514907.411,29.5,2006,13,4,66.39
185775,Active,910441,NA,NA,D,0,0,2344326.333,31.5,2009,27,4,13.99
185776,Active,549853,NA,NA,S,2,1,366106.5075,34.99,2001,66,6.64,50.99
185777,Active,154001,NA,NA,S,2,1,14071.925,33.75,2008,64,14.98,23.71
185778,Active,152723,NA,NA,S,4,1,373986.5675,179,2003,40,26.48,43.98
185779,Active,142831,NA,NA,S,3,1,2184177.568,172,2000,41,4.48,33.57
185780,Active,860124,NA,NA,S,0,0,684465.235,59.99,2010,20,34.41,40.95
185781,Active,118671,NA,NA,S,3,1,871500.89,72,1996,49,10.96,69.63
185782,Active,191487,NA,NA,S,3,1,16206.35125,45,1996,70,18.84,23.62
185783,Active,622096,NA,NA,D,3,1,235718.7063,90,2000,51,4.11,53.01
185784,Active,114352,NA,NA,S,1,0,40784.55,94.2,2000,48,5.92,15.36
185785,Active,581128,NA,NA,S,1,0,303260.91,52.95,1992,30,3.85,39.81
185786,Active,615835,NA,NA,D,7,1,3195216.484,8.96,2001,26,4.04,12.96
185787,Active,448198,NA,NA,S,8,1,144845.3338,291.75,2005,45,12.19,60.63
185788,Active,58508,NA,NA,D,7,1,178220.1338,98.64,2009,87,13.2,38.97
185789,Active,58507,NA,NA,S,0,0,585237.155,78,2003,44,4,35.59
185790,Active,58506,NA,NA,S,0,0,1179521.673,65,1999,46,4.23,24.99
185791,Active,599135,NA,NA,D,7,1,401426.4838,44,2008,25,9.83,11.38
185792,Active,908601,NA,NA,D,0,0,1701026.448,40,2005,21,8.99,23.98
185793,Active,673831,NA,NA,S,8,1,162980.4275,32,2013,22,27.2,32
185794,Active,266989,NA,NA,S,7,1,711883.5613,26.64,2008,34,4.99,19.93
185795,Active,565756,NA,NA,S,1,0,502724.925,85,2005,39,17.45,52.13
185796,Active,548181,NA,NA,S,1,0,54360.96,91.8,2009,58,26.34,70.47
185797,Active,413192,NA,NA,S,1,0,62748.4,97.8,2006,121,9.79,47.99
185798,Active,548180,NA,NA,S,1,0,1490186.266,18.1,2006,18,9.13,10.14
185799,Active,548179,NA,NA,D,1,0,3486421.916,22,2006,20,4,4.97
185800,Active,684271,NA,NA,D,1,0,2236625.763,16.8,2006,22,4.99,11.74
185801,Active,543134,NA,NA,S,6,1,40044.7825,108,2012,56,39.22,66.63
185802,Active,614535,NA,NA,D,5,1,421099.9875,93,2005,61,8.51,20.94
185803,Active,148655,NA,NA,D,3,1,1156189.234,326.95,2008,61,4.74,13.41
185804,Active,178703,NA,NA,D,4,1,52690.35375,308.95,2011,83,8.78,51.89
185805,Active,618026,NA,NA,S,1,0,55355.975,64.99,2001,31,19.98,33.99
185806,Active,3015102,NA,NA,D,1,0,2072880.016,89.95,1998,24,4,13.98
185807,Active,610210,NA,NA,D,11,1,100889.0425,96,2007,40,14.67,36.63
185808,Active,392339,NA,NA,D,11,1,463298.7688,38.36,2007,20,4.48,11
185809,Active,101599,NA,NA,S,1,0,44193.78,106.8,2006,203,4.2,22.88
185810,Active,613934,NA,NA,S,1,0,54238.5175,97.45,2009,109,8.67,23.67
185811,Active,1603710,NA,NA,S,1,0,15819.15,93.7,2011,41,44.25,78.93
185812,Active,613514,NA,NA,S,1,0,45056.525,89,2006,114,6.28,54
185813,Active,548182,NA,NA,S,1,0,351006.025,23.35,2006,36,4,5.79
185814,Active,692564,NA,NA,S,0,0,829290.3988,26.89,2006,18,10.15,13.7
185815,Active,548222,NA,NA,S,1,0,63337.825,131.2,2000,123,4.27,23.99
185816,Active,292003,NA,NA,S,3,1,278010.14,57.95,2008,36,24.89,44.33
185817,Active,208097,NA,NA,S,2,1,410685.2188,49,2006,21,21.49,51.88
185818,Active,578212,NA,NA,S,2,1,226893.7288,49,2006,23,16.81,40.01
185819,Active,838314,NA,NA,D,2,1,2517645.683,350,2004,24,8.86,73.97
185820,Active,906024,NA,NA,S,4,1,2447133.855,64,2008,19,13.78,43.98
185821,Active,286968,NA,NA,S,3,1,569003.4888,112.95,1999,43,12.99,87.97
185822,Active,109809,NA,NA,D,2,1,2244624.698,12.23,2006,21,4,4.59
185823,Active,527917,NA,NA,D,3,1,73923.4,89.63,2008,70,12.75,47.97
185824,Active,174356,NA,NA,S,0,0,1124585.418,79.99,2004,31,43.82,60.96
185825,Active,2606662,NA,NA,D,0,0,2259907.484,29.95,1997,29,4.97,10.98
185826,Active,174173,NA,NA,D,0,0,2385993.231,60,1997,40,4,45.99
185827,Active,2606723,NA,NA,D,0,0,4649723.101,29.95,1997,11,14.18,29.99
185828,Active,606713,NA,NA,D,2,1,962922.4225,135,1989,31,10.7,36.99
185829,Active,175583,NA,NA,D,2,1,2312123.425,123,2003,18,14.28,80.33
185830,Active,2387884,NA,NA,S,3,1,873466.07,67.53,1981,40,4,47.35
185831,Active,142930,NA,NA,S,5,1,719233.4888,130,2004,42,23.89,54.79
185832,Active,541797,NA,NA,S,7,1,658538.2363,60,2013,28,42.99,51.67
185833,Active,114811,NA,NA,D,4,1,335384.17,150,2001,54,14.01,53.93
185834,Active,615817,NA,NA,S,9,1,1263360.976,117,2000,52,4,19.98
185835,Active,607321,NA,NA,D,10,1,384227.0525,139,2004,41,4.89,46
185836,Active,2471414,NA,NA,D,1,0,748056.305,122.95,1996,24,4.03,16.65
185837,Active,621782,NA,NA,D,2,1,1559242.916,125.95,2000,25,4,30.99
185838,Active,738251,NA,NA,D,3,1,2794731.639,99,2001,52,5.17,15.99
185839,Active,560315,NA,NA,D,4,1,378314.4413,169,2006,36,18.13,38.99
185840,Active,624685,NA,NA,D,13,1,347371.8388,225,2012,77,6.69,52.99
185841,Active,610126,NA,NA,D,12,1,1009479.108,190,2008,51,6.75,49.98
185842,Active,919223,NA,NA,D,2,1,970354.7413,103.6,1999,48,4,22.99
185843,Active,50953,NA,NA,D,9,1,372292.1438,190.67,2008,72,4,12.99
185844,Active,50952,NA,NA,D,8,1,586013.5088,166.67,2006,66,4,12.89
185845,Active,61026,NA,NA,D,8,1,565856.8125,84.95,2005,81,4,17.99
185846,Active,249042,NA,NA,D,9,1,357353.4213,102,2008,153,6.46,53.65
185847,Active,622760,NA,NA,D,1,0,312536.5638,188.95,2006,33,8.78,48.99
185848,Active,797734,NA,NA,D,1,0,946792.4075,187.95,2006,20,30.57,64.67
185849,Active,869969,NA,NA,D,2,1,2516954.686,70,1995,19,4.98,24.5
185850,Active,60661,NA,NA,D,3,1,188270.58,139,1998,62,7.37,35.16
185851,Active,591736,NA,NA,D,3,1,901022.2475,82.25,2006,18,11.38,23.93
185852,Active,3544343,NA,NA,D,2,1,10705631.1,23.44,1997,24,4,44.99
185853,Active,101516,NA,NA,S,0,0,424118.8513,106.1,2000,57,7.48,13.98
185854,Active,124004,NA,NA,S,1,0,679085.9838,79.95,2003,41,4,23.76
185855,Active,183700,NA,NA,D,1,0,1952703.986,199.95,2006,22,4,25.17
185856,Active,144850,NA,NA,S,1,0,68375.48125,129.2,2011,44,34.99,73.94
185857,Active,60662,NA,NA,D,1,0,1349952.413,150.95,2005,31,4,8.99
185858,Active,179117,NA,NA,D,2,1,406142.3238,136.95,2008,56,5.71,20.38
185859,Active,710033,NA,NA,S,6,1,9234875.746,84,1999,15,5.88,38.49
185860,Active,115866,NA,NA,D,8,1,438674.4513,140.2,2004,32,4,43.94
185861,Active,2570941,NA,NA,D,3,1,1621280.231,295,1974,24,43.99,198.99
185862,Active,757078,NA,NA,D,4,1,1959060.004,275,2000,14,32.98,130.48
185863,Active,113822,NA,NA,D,10,1,216906.5438,100,2000,39,4,43.55
185864,Active,114581,NA,NA,D,11,1,916195.4563,117.35,2003,36,4,46.95
185865,Active,552988,NA,NA,S,4,1,1764237.065,169.8,2007,21,5.74,59.05
185866,Active,545752,NA,NA,S,3,1,46177.4525,109.99,2012,39,53.92,57.22
185867,Active,915796,NA,NA,D,2,1,1020947.776,99.95,1998,49,4.98,35.74
185868,Active,180691,NA,NA,D,2,1,516822.64,79.99,2010,33,4.26,53.98
185869,Active,459140,NA,NA,D,0,0,1450318.968,75,2009,18,5.91,49.48
185870,Active,2262689,NA,NA,D,4,1,75073.65625,78.98,2012,43,14.77,53.99
185871,Active,2167485,NA,NA,S,5,1,39980.02375,47.94,2013,21,27.91,43.94
185872,Active,181402,NA,NA,S,2,1,429667.1425,58.95,2003,49,4,43.65
185873,Active,634262,NA,NA,S,2,1,334746.3825,46.95,1999,35,9.76,37.9
185874,Active,212348,NA,NA,S,3,1,104466.9538,158.2,2000,38,32.76,73.99
185875,Active,193455,NA,NA,S,3,1,2019951.734,142,2006,38,4,6
185876,Active,642075,NA,NA,D,5,1,130476.365,216,2013,86,7.01,43.98
185877,Active,872028,NA,NA,D,0,0,1108576.108,30.5,2008,14,4,7.99
185878,Active,193681,NA,NA,D,4,1,758618,156,2009,97,4.94,25.99
185879,Active,307884,NA,NA,S,8,1,2610731.598,38.6,2007,9,5.69,53.99
185880,Active,697802,NA,NA,D,0,0,467590.535,52.97,2011,10,43.23,52.33
185881,Active,609391,NA,NA,D,6,1,1750629.921,69.95,2000,21,4.13,44.49
185882,Active,1590035,NA,NA,S,1,0,543189.5838,49.99,2011,32,23.84,44.12
185883,Active,2415420,NA,NA,D,3,1,1044302.853,75,2004,20,38.93,89.27
185884,Active,644689,NA,NA,S,4,1,228810.7388,66,2011,25,42.3,45.07
185885,Active,632538,NA,NA,S,2,1,615902.2888,45.95,2004,71,7.64,38.24
185886,Active,278573,NA,NA,D,3,1,2344800.03,53.95,2005,26,4.36,51.05
185887,Active,127281,NA,NA,D,3,1,1076347.693,64.95,2005,41,4,56.08
185888,Active,191898,NA,NA,S,2,1,1228443.949,84.55,2002,26,10.95,79.84
185889,Active,574354,NA,NA,S,2,1,344660.7725,221.75,2002,146,4,33.98
185890,Active,2618922,NA,NA,D,4,1,2009918.974,115.95,1993,32,4,71.43
185891,Active,904456,NA,NA,D,1,0,1926622.456,86.67,1996,26,15.94,71.31
185892,Active,1546686,NA,NA,S,3,1,933218.6688,49.95,2011,43,20.95,40.78
185893,Active,2366330,NA,NA,D,2,1,2092051.985,75,2000,34,4,13.99
185894,Active,116454,NA,NA,D,3,1,537216.88,114.2,2003,59,4,44.25
185895,Active,504069,NA,NA,S,2,1,1147669.073,289,2007,34,4.02,4.02
185896,Active,527909,NA,NA,S,3,1,262377.4488,49,2011,38,7.82,40.93
185897,Active,539928,NA,NA,S,3,1,13687.7425,49.95,2013,52,23.83,33.49
185898,Active,127361,NA,NA,D,2,1,122586.4288,49.95,2008,56,5.66,73.63
185899,Active,125830,NA,NA,D,0,0,311573.3638,39.95,2003,69,4,18.83
185900,Active,57501,NA,NA,D,9,1,1798987.663,203.95,2004,38,4.3,8.69
185901,Active,57502,NA,NA,D,10,1,903411.38,302.95,2007,37,4.12,43.99
185902,Active,2836644,NA,NA,D,1,0,1659710.714,136.95,1995,30,4.49,16.98
185903,Active,788175,NA,NA,D,2,1,488991.8913,340.95,2003,28,15.14,53.99
185904,Active,607130,NA,NA,D,4,1,1025545.469,135.2,2001,31,8.98,43.94
185905,Active,870433,NA,NA,D,0,0,363210.715,28.69,1990,28,4.35,26.66
185906,Active,60663,NA,NA,D,3,1,450968.2775,121.67,1999,25,37.79,81.44
185907,Active,622094,NA,NA,S,2,1,545287.0225,57.95,2001,61,35.59,50.18
185908,Active,556646,NA,NA,D,1,0,1107906.019,56.8,1999,40,4,16.99
185909,Active,182418,NA,NA,D,1,0,1788809.308,198.95,2002,29,4,8.87
185910,Active,2502933,NA,NA,D,1,0,1668600.351,99,1998,27,5.93,27.98
185911,Active,2387970,NA,NA,D,3,1,8488339.404,70,1992,21,4,23.94
185912,Active,866031,NA,NA,S,2,1,190901.85,56.95,2006,23,18.88,45.12
185913,Active,830364,NA,NA,D,0,0,2609230.866,59.95,2001,25,9.05,28.87
185914,Active,2530125,NA,NA,D,0,0,2792358.259,33.95,1997,38,4,7.97
185915,Active,1553280,NA,NA,S,3,1,473210.1063,52.95,2012,31,35.51,50.82
185916,Active,2543426,NA,NA,S,2,1,897666.9688,30.95,2005,29,16.39,30.95
185917,Active,1845056,NA,NA,S,3,1,902567.1938,55.95,2008,43,11.82,45.62
185918,Active,555807,NA,NA,S,2,1,272285.415,34.95,2010,66,14.98,25.32
185919,Active,871086,NA,NA,S,2,1,2677725.11,35,1992,57,4,18.34
185920,Active,527907,NA,NA,D,11,1,70344.0275,262.33,2011,43,26.34,92.34
185921,Active,145827,NA,NA,D,10,1,146124.9038,200,2008,27,4.44,43.97
185922,Active,130197,NA,NA,S,8,1,1568581.866,134.4,2002,51,4,20.5
185923,Active,145066,NA,NA,D,9,1,1033483.514,155.2,2005,56,4,16.83
185924,Active,1547424,NA,NA,D,7,1,5426717.308,55.95,2010,27,4,12.73
185925,Active,1553959,NA,NA,D,8,1,4053069.673,53.95,2012,27,4.77,41.13
185926,Active,874669,NA,NA,D,7,1,1722584.088,39.99,2009,36,8.73,44.61
185927,Active,287046,NA,NA,D,6,1,341674.2525,55.95,2005,127,4,9.99
185928,Active,287127,NA,NA,D,7,1,90494.63375,69.95,2009,66,4,35.85
185929,Active,142978,NA,NA,D,0,0,4934975.968,118,2005,16,5.98,12.99
185930,Active,797476,NA,NA,S,0,0,1463559.273,79.99,2014,14,21.96,44.26
185931,Active,872336,NA,NA,S,5,1,1539402.811,111.95,1995,38,5.05,51.25
185932,Active,609107,NA,NA,S,6,1,669553.1325,240.95,2000,28,12.99,19.09
185933,Active,615453,NA,NA,D,13,1,43713.95875,295.4,2013,99,4.73,38.81
185934,Active,314970,NA,NA,D,12,1,152976.0338,292.4,2011,89,4.98,53.97
185935,Active,638353,NA,NA,D,0,0,420834.1563,48.95,2006,23,28.95,40.96
185936,Active,1557362,NA,NA,S,2,1,473444.2813,49.95,2014,17,39.47,41.28
185937,Active,879384,NA,NA,D,7,1,597367.7525,82,2009,30,43.98,195.83
185938,Active,259365,NA,NA,D,6,1,484415.2825,56,2003,51,5.44,29.94
185939,Active,906822,NA,NA,S,3,1,505499.6738,0,2004,13,48,72.39
185940,Active,177035,NA,NA,D,1,0,523753.5088,303.95,2006,31,25.32,42.99
185941,Active,874116,NA,NA,D,1,0,658008.15,84.1,2007,16,33.17,143.36
185942,Active,542792,NA,NA,D,13,1,922522.3163,114.12,2009,49,4.99,25.43
185943,Active,197653,NA,NA,D,12,1,2413127.486,96.55,2008,17,5.97,47.92
185944,Active,177341,NA,NA,S,1,0,410201.555,206.95,2002,40,5.49,47.99
185945,Active,901569,NA,NA,D,0,0,2450267.709,14,1993,13,7.13,50.97
185946,Active,909635,NA,NA,D,6,1,1727228.079,31.96,1985,25,6.98,23.75
185947,Active,912038,NA,NA,S,0,0,1198709.036,57,2000,20,27.87,63.94
185948,Active,616653,NA,NA,S,2,1,384477.9188,201.95,2001,39,4.34,42.88
185949,Active,175209,NA,NA,S,4,1,711218.9963,120,2004,32,32.12,83.96
185950,Active,876228,NA,NA,S,4,1,12469.18375,49.95,2015,43,27.99,42.99
185951,Active,564924,NA,NA,S,1,0,589181.6875,50.95,2012,18,4.79,31.74
185952,Active,492152,NA,NA,D,2,1,568961.4975,148.95,2012,41,53.99,64.99
185953,Active,203562,NA,NA,D,10,1,457910.4938,157.95,2005,47,9.54,33.99
185954,Active,120553,NA,NA,D,3,1,68528.9,205.2,2007,46,19.98,70.81
185955,Active,667518,NA,NA,D,3,1,444477.69,22.3,2009,32,9.96,21.31
185956,Active,918214,NA,NA,D,1,0,2801787.435,13.79,1966,41,4,13.79
185957,Active,106513,NA,NA,S,4,1,168427.5488,115,2007,29,72.03,73.98
185958,Active,203522,NA,NA,S,6,1,1245812.611,76.99,2003,39,4.28,23.98
185959,Active,228873,NA,NA,D,1,0,687037.2413,44,1998,80,4,23.98
185960,Active,228991,NA,NA,S,2,1,34471.93375,53,2009,87,21.44,26.99
185961,Active,629228,NA,NA,S,2,1,360760.18,285.95,1996,35,4.85,73.31
185962,Active,543882,NA,NA,S,3,1,35914.07625,225,2012,38,63.34,72.27
185963,Active,2374215,NA,NA,S,2,1,741932.5063,173.6,1995,29,6.98,70.97
185964,Active,3121653,NA,NA,D,0,0,1682629.823,58,2001,20,6.14,48.53
185965,Active,630015,NA,NA,D,1,0,907366.6288,99.95,2010,28,7.96,70.57
185966,Active,566863,NA,NA,D,2,1,317792.2613,53.98,1995,56,6.3,53.52
185967,Active,57273,NA,NA,D,5,1,383236.6338,58.47,2007,41,7.87,52.69
185968,Active,868140,NA,NA,D,0,0,755261.995,110,1991,35,4.09,40.2
185969,Active,286528,NA,NA,D,0,0,53342.87125,162.2,2003,37,73.93,141.69
185970,Active,60664,NA,NA,D,2,1,1113505.239,148.95,1999,36,4.36,23.98
185971,Active,177083,NA,NA,D,3,1,374678.9488,376.95,2005,53,21.42,72.31
185972,Active,57272,NA,NA,D,4,1,366697.8625,57.47,2002,53,4.13,59.83
185973,Active,2070505,NA,NA,S,7,1,653401.765,26.64,2009,16,14.9,17.8
185974,Active,266957,NA,NA,D,0,0,328841.7888,75,2004,29,8.82,41.09
185975,Active,2388031,NA,NA,D,4,1,6840934.788,66.35,1990,19,4,18.99
185976,Active,551868,NA,NA,S,6,1,565344.6913,145.8,2002,30,24.14,79.95
185977,Active,1623489,NA,NA,D,2,1,3342705.711,51.95,2008,22,4,36.64
185978,Active,56933,NA,NA,S,2,1,131507.1775,53,2008,72,18.29,48.11
185979,Active,161670,NA,NA,D,7,1,792505.5838,187.95,2006,51,6.38,72.83
185980,Active,626134,NA,NA,S,2,1,950989.15,20.69,2011,35,4.77,62.69
185981,Active,497713,NA,NA,D,1,0,234890.755,30.99,2009,75,4,23.98
185982,Active,252715,NA,NA,D,2,1,19142.0775,93.5,2011,91,13.9,50.23
185983,Active,871817,NA,NA,D,2,1,2026081.885,107,2012,14,18.06,136.03
185984,Active,252559,NA,NA,D,1,0,693243.5825,18.97,2009,78,5.39,22.85
185985,Active,252713,NA,NA,D,2,1,117296.2938,315.5,2011,94,5.88,35.99
185986,Active,809179,NA,NA,S,2,1,657295.4388,236.25,2011,37,11.24,102.21
185987,Active,252714,NA,NA,D,2,1,35127.165,50,2011,148,7.21,42.99
185988,Active,545195,NA,NA,S,2,1,559934.2288,49,2012,29,11.88,37.82
185989,Active,704367,NA,NA,D,1,0,1110871.464,89.98,2002,20,10.58,73.98
185990,Active,918579,NA,NA,S,2,1,234646.83,77,2010,54,43.89,45.16
185991,Active,191881,NA,NA,S,2,1,100145.935,138.25,2002,62,26.24,51.88
185992,Active,738564,NA,NA,S,4,1,1124704.774,43,2012,18,29.71,42
185993,Active,2795897,NA,NA,D,0,0,1514285.63,94.53,1985,20,8.49,74.53
185994,Active,243985,NA,NA,D,9,1,113283.2475,195.95,2012,42,18.98,28.09
185995,Active,169294,NA,NA,D,7,1,1716989.328,232.95,2006,34,4,8.84
185996,Active,169874,NA,NA,D,8,1,899281.9213,214.95,2009,39,4,15.46
185997,Active,617009,NA,NA,S,5,1,332472.8975,79.79,1994,45,4.35,104.99
185998,Active,193303,NA,NA,D,3,1,3252288.741,112,2004,16,4.35,19.12
185999,Active,193593,NA,NA,D,4,1,1003580.106,143,2008,15,43.99,169.59
186000,Active,250404,NA,NA,D,17,1,617461.895,52.31,2006,90,4,21.88
186001,Active,873887,NA,NA,S,19,1,30655.44375,38.91,2014,16,44.93,51.33
186002,Active,207726,NA,NA,S,15,1,2201229.948,40.95,1999,57,4,8.88
186003,Active,251819,NA,NA,D,18,1,39368.45125,52.83,2010,74,13.26,38.99
186004,Active,207740,NA,NA,D,16,1,483077.0263,52.31,2002,123,4,11.98
186005,Active,593210,NA,NA,D,6,1,495780.0413,49.71,2008,22,4,53.87
186006,Active,250392,NA,NA,D,5,1,2283143.264,49.71,2005,47,4,21.94
186007,Active,207756,NA,NA,S,9,1,526162.5925,48.38,2006,13,10.13,73.98
186008,Active,1878782,NA,NA,S,11,1,90500.90875,32.38,2011,22,38.6,49.29
186009,Active,1967824,NA,NA,S,8,1,197018.4938,0,2014,11,43.99,49.49
186010,Active,1878766,NA,NA,D,11,1,1081233.813,44.17,2010,22,5.67,58.28
186011,Active,873659,NA,NA,S,16,1,90289.99,37.61,2014,11,42.03,52.64
186012,Active,251813,NA,NA,D,13,1,2455355.338,48.76,2007,24,4,24.32
186013,Active,669055,NA,NA,D,15,1,422212.55,49,2012,16,7.96,41.19
186014,Active,645968,NA,NA,D,14,1,2101280.27,48.86,2007,22,4,59.87
186015,Active,135578,NA,NA,D,6,1,439719.915,49.95,2005,155,4,7.08
186016,Active,609944,NA,NA,S,8,1,5370.68375,56.95,2013,58,28.99,37.18
186017,Active,527903,NA,NA,D,7,1,133682.3425,49.95,2009,76,5.13,43.56
186018,Active,880401,NA,NA,S,6,1,548605.2638,46.6,1992,75,4.48,30.94
186019,Active,616418,NA,NA,S,7,1,691242.8488,55.96,1996,50,7.22,33.91
186020,Active,880400,NA,NA,S,5,1,1742039.058,16.85,1988,44,4.95,16.83
186021,Active,57977,NA,NA,S,8,1,560396.4863,61,2000,56,7.77,52.98
186022,Active,640568,NA,NA,S,2,1,1505170.045,165,2008,21,37.67,69.65
186023,Active,635217,NA,NA,D,8,1,916104.4838,72,2008,29,4.47,32.64
186024,Active,689498,NA,NA,S,8,1,1174819.554,22.64,2008,17,4,19.54
186025,Active,622564,NA,NA,D,0,0,479059.7863,56,2006,53,5.92,70.29
186026,Active,131857,NA,NA,S,8,1,1382462.553,132.2,2004,32,4,34.91
186027,Active,586049,NA,NA,D,3,1,206881.8,59.95,2005,62,4.39,26.59
186028,Active,703536,NA,NA,D,5,1,3190646.97,67.53,1999,34,4,45.4
186029,Active,527902,NA,NA,S,2,1,1092604.661,200.95,2007,33,6.58,54.47
186030,Active,289779,NA,NA,S,3,1,202355.6725,44.95,2011,41,21.98,33.64
186031,Active,2540406,NA,NA,S,2,1,545634.5263,45.95,2003,44,9.01,38.61
186032,Active,527901,NA,NA,S,7,1,323042.5938,75.6,2006,34,17.99,34.63
186033,Active,2580269,NA,NA,D,3,1,4085337.018,55,1996,26,4.98,72.71
186034,Active,649238,NA,NA,S,4,1,268178.2838,70,2004,35,26.54,44.03
186035,Active,620399,NA,NA,S,1,0,276900.6875,76.95,1999,40,10.46,33.99
186036,Active,876337,NA,NA,S,4,1,4460662.16,81.76,2005,11,4,46.41
186037,Active,118478,NA,NA,D,5,1,789917.2388,184,2007,51,4,30.99
186038,Active,286461,NA,NA,D,6,1,121582.275,232.4,2010,100,11.89,51.84
186039,Active,527899,NA,NA,S,3,1,460279.82,66.95,2005,37,19.5,38.96
186040,Active,1587871,NA,NA,D,2,1,2046151.415,73,2007,13,6.39,33.98
186041,Active,1769084,NA,NA,S,3,1,419434.05,64.99,2014,25,27.86,44.94
186042,Active,539810,NA,NA,S,2,1,226390.6663,65.95,2013,24,28.35,24.81
186043,Active,3472087,NA,NA,D,3,1,2597857.45,80,2002,37,4,40.39
186044,Active,904793,NA,NA,D,2,1,4243568.393,95,1998,21,4,24.99
186045,Active,597127,NA,NA,S,10,1,1043300.511,29.28,2004,28,6.41,36.6
186046,Active,259369,NA,NA,D,10,1,363191.3013,90,2004,44,19.38,72.2
186047,Active,2070630,NA,NA,S,11,1,39913.7925,32,2012,23,21.77,29.44
186048,Active,2540970,NA,NA,D,2,1,1419980.609,72.95,2003,20,30.51,72.14
186049,Active,266967,NA,NA,S,11,1,546362.4563,80,2006,42,18.48,32.98
186050,Active,918768,NA,NA,S,7,1,84605.815,92.65,2006,71,15.29,54.64
186051,Active,771450,NA,NA,D,0,0,1098114.656,147.15,2004,19,11.14,26.89
186052,Active,771745,NA,NA,D,0,0,171921.8563,4.9,2004,19,4.97,6.97
186053,Active,853634,NA,NA,S,0,0,326033.1288,145.87,2002,75,4.58,23.99
186054,Active,183305,NA,NA,S,0,0,75867.97625,105.9,2005,51,29.26,62.66
186055,Active,182962,NA,NA,D,0,0,263407.5088,112.2,2003,68,6.56,26.65
186056,Active,182639,NA,NA,S,0,0,128904.2138,132.15,2002,41,21.14,67.48
186057,Active,2531943,NA,NA,D,1,0,2059197.118,89.95,2003,22,59.49,75.69
186058,Active,684328,NA,NA,S,2,1,965487.3763,26.95,2007,24,11.97,19.34
186059,Active,2647102,NA,NA,D,0,0,1888296.648,22.95,1991,19,4.99,39.01
186060,Active,2648729,NA,NA,S,2,1,600345.58,51.95,1999,20,28.94,40.84
186061,Active,572539,NA,NA,S,1,0,322356.2638,65.95,2005,27,22.54,47.17
186062,Active,1486961,NA,NA,S,2,1,625075.3663,44,2008,42,27.99,31.25
186063,Active,622597,NA,NA,D,0,0,20853.19625,140,2012,31,63.73,0
186064,Active,201699,NA,NA,D,3,1,1779733.435,35.95,2004,35,4,11.64
186065,Active,330879,NA,NA,S,2,1,386213.985,69.95,2008,25,16.49,70.78
186066,Active,148621,NA,NA,S,2,1,943704.0613,69.95,2008,14,26.99,65.47
186067,Active,148619,NA,NA,S,2,1,1173539.434,69.95,2008,30,9.89,66.17
186068,Active,436399,NA,NA,S,2,1,1799130.081,66.95,2008,22,4,50.19
186069,Active,285578,NA,NA,S,2,1,121899.95,266.5,2011,94,4.98,33.99
186070,Active,624120,NA,NA,D,2,1,2211522.916,290.99,2006,26,9.5,34.97
186071,Active,625992,NA,NA,D,1,0,1514593.776,106.5,1999,26,6.38,36.98
186072,Active,631315,NA,NA,D,3,1,849766.605,240,2008,17,33.86,93.92
186073,Active,2362068,NA,NA,D,1,0,936446.61,125,2005,31,4.49,48.26
186074,Active,903817,NA,NA,S,2,1,111654.325,84.95,2014,20,58.96,65.68
186075,Active,697873,NA,NA,D,4,1,2069988.449,149.01,2007,12,5.02,73.61
186076,Active,477616,NA,NA,D,3,1,999007.91,181.95,2007,87,4.24,12.99
186077,Active,420168,NA,NA,D,1,0,1318676.966,142,2009,23,6.73,58.83
186078,Active,574407,NA,NA,D,1,0,87915.41625,110.49,2011,84,23.98,76.29
186079,Active,50208,NA,NA,D,3,1,1572792.211,175.5,2004,54,4.58,30.44
186080,Active,50209,NA,NA,D,4,1,504163.5013,23.84,2007,63,6.39,52.49
186081,Active,778646,NA,NA,D,3,1,2063835.32,152.95,2008,29,5.47,25.97
186082,Active,638103,NA,NA,D,1,0,2762765.076,75,2005,26,4.96,46.67
186083,Active,128685,NA,NA,D,2,1,1209895.434,64.95,2008,22,5.48,55.91
186084,Active,840051,NA,NA,S,4,1,476748.9988,79.78,2002,39,5.99,64.45
186085,Active,50193,NA,NA,D,5,1,7467.545,165,2007,207,14.65,47.4
186086,Active,909905,NA,NA,S,6,1,22814.68125,49,2014,50,31.21,37.96
186087,Active,58561,NA,NA,S,4,1,466684.4575,53,2002,53,5.17,20.29
186088,Active,875162,NA,NA,S,7,1,224428.1325,145.53,2013,30,54.04,146.8
186089,Active,294983,NA,NA,D,6,1,38340.83875,189.93,2007,62,13.56,50
186090,Active,537993,NA,NA,D,5,1,1384508.71,57.41,2005,55,4,57.24
186091,Active,419897,NA,NA,D,2,1,4346790.979,114,2005,8,6.58,44.3
186092,Active,57973,NA,NA,D,2,1,2367367.639,56.95,2003,36,4,21.38
186093,Active,57974,NA,NA,D,3,1,1343544.251,72.69,2003,65,4.27,67.67
186094,Active,642240,NA,NA,S,7,1,205304.8425,159.25,2012,45,12.96,78.98
186095,Active,58570,NA,NA,S,4,1,341563.3425,104.08,1999,104,4,13.44
186096,Active,534837,NA,NA,D,7,1,19633.8375,238.25,2012,77,39.11,93.99
186097,Active,881979,NA,NA,S,2,1,1347627.356,165.5,1989,17,47.49,675
186098,Active,578965,NA,NA,S,2,1,25999.45,77.95,2011,42,42.75,42.98
186099,Active,910613,NA,NA,D,1,0,3010103.601,115,1997,17,6.3,54.55
186100,Active,581134,NA,NA,D,1,0,146520.2425,126,2002,35,29.39,78.99
186101,Active,647940,NA,NA,D,1,0,1255806.726,69.95,2006,14,27.26,30.3
186102,Active,163208,NA,NA,S,2,1,265546.825,109,2011,27,43.99,52.9
186103,Active,3524691,NA,NA,S,3,1,9443463.5,55,1998,29,4.76,52.47
186104,Active,56136,NA,NA,D,3,1,264075.9925,109.95,2007,45,8.34,57.96
186105,Active,56137,NA,NA,D,2,1,507344.2975,99.95,2002,56,3.99,33.37
186106,Active,508241,NA,NA,D,0,0,5245119.914,239,2005,18,78.67,149.27
186107,Active,647068,NA,NA,S,1,0,165576.8475,102.95,2012,36,25.71,62.01
186108,Active,231528,NA,NA,S,2,1,918020.6738,84.95,2004,40,10.21,83.87
186109,Active,289292,NA,NA,D,1,0,1246483.559,99,2002,24,13.39,33.99
186110,Active,571450,NA,NA,D,0,0,2013652.773,72,1997,18,8.75,46.59
186111,Active,755155,NA,NA,D,0,0,535791.4525,65,2003,16,6.38,22.98
186112,Active,636373,NA,NA,S,2,1,466417.3988,70,2008,26,43.59,51.85
186113,Active,2261634,NA,NA,S,4,1,553543.6875,52.67,2006,44,27.65,94.46
186114,Active,3482733,NA,NA,D,3,1,3834276.4,72,1999,31,6.39,73.07
186115,Active,165946,NA,NA,S,2,1,305324.79,47,2001,52,20.18,34.94
186116,Active,832989,NA,NA,S,2,1,814553.4225,99.95,1996,27,16.48,60.55
186117,Active,718145,NA,NA,D,1,0,4934733.199,94.95,1997,18,8.51,36.93
186118,Active,543596,NA,NA,S,4,1,13520.475,69.5,2000,34,31.75,33.98
186119,Active,2231137,NA,NA,S,0,0,712154.2238,40,2009,15,35.68,35.74
186120,Active,617656,NA,NA,S,1,0,96293.89875,59.99,2008,89,10.41,36.2
186121,Active,534000,NA,NA,S,2,1,108833.9113,204.95,2006,52,46,62.74
186122,Active,1495746,NA,NA,S,0,0,3410.5,40,2009,30,22.49,23.08
186123,Active,2489896,NA,NA,D,0,0,4431153.614,38,2003,13,4.76,42.57
186124,Active,527887,NA,NA,S,3,1,274851.9338,97,2010,41,33.97,65.28
186125,Active,784664,NA,NA,S,20,1,326899.8813,35,2010,35,5.22,23.99
186126,Active,182620,NA,NA,S,1,0,1259931.285,293.95,2006,67,4,13.16
186127,Active,111012,NA,NA,S,10,1,1354421.023,53.94,2007,37,4,34.99
186128,Active,269245,NA,NA,S,4,1,204159.995,74.95,2008,18,43.83,64.15
186129,Active,269234,NA,NA,D,3,1,772686.5475,74.95,2005,24,4,17.97
186130,Active,55874,NA,NA,D,1,0,1937459.83,23.35,2005,50,4,6.99
186131,Active,111541,NA,NA,S,3,1,1113277.66,148.71,2010,22,13.29,111.81
186132,Active,467308,NA,NA,D,0,0,161433.5538,12.88,2008,56,5.4,22.05
186133,Active,147956,NA,NA,S,1,0,667157.8788,297.95,2005,28,5.77,42.99
186134,Active,148403,NA,NA,S,3,1,1231559.341,134.95,2006,39,4,56.25
186135,Active,105522,NA,NA,S,2,1,2605221.961,43.99,2007,22,4.14,33.99
186136,Active,55875,NA,NA,D,2,1,532147.0775,9.6,2007,82,4,11.97
186137,Active,225698,NA,NA,D,1,0,3030055.17,99.95,1999,12,10.96,13.65
186138,Active,130246,NA,NA,S,2,1,1414451.21,103,1996,30,4.36,44.29
186139,Active,130092,NA,NA,D,4,1,1679489.943,123,2001,43,4,9.48
186140,Active,288587,NA,NA,S,5,1,1387889.693,148.67,2004,13,18.28,210.57
186141,Active,616413,NA,NA,D,3,1,4124854.808,96,1999,31,4,8.99
186142,Active,54205,NA,NA,S,6,1,247655.7538,206.67,2007,34,10.94,78.01
186143,Active,563486,NA,NA,S,1,0,5792.20625,15.95,2004,471,4,8.49
186144,Active,663777,NA,NA,S,2,1,76020.505,39.99,2013,27,25.41,0
186145,Active,3803224,NA,NA,S,2,1,239347,44.99,2016,18,23.78,28.12
186146,Active,2650034,NA,NA,D,3,1,6786976.003,111.99,2000,12,4,180.11
186147,Active,895487,NA,NA,D,2,1,2338363.08,52,1986,21,4,36
186148,Active,3609872,NA,NA,D,0,0,2062803.9,107,1900,21,50.78,105.35
186149,Active,920177,NA,NA,S,0,0,371184.1013,40.95,2001,30,9.93,15.5
186150,Active,1686600,NA,NA,S,4,1,83319.25,34.95,2009,51,15.27,24.95
186151,Active,3571464,NA,NA,D,1,0,408972.65,34.95,2010,34,26.47,33.99
186152,Active,1686649,NA,NA,S,5,1,193.00125,49.95,2014,25,34.56,31.16
186153,Active,631687,NA,NA,S,6,1,90690.0825,66.95,2008,44,25.79,43.98
186154,Active,721276,NA,NA,S,3,1,416590.2263,35,2005,42,8.73,16.98
186155,Active,632615,NA,NA,S,12,1,626619.0963,341.5,1998,21,10.89,28.69
186156,Active,2613271,NA,NA,S,2,1,1078526.544,54.99,2001,24,18.34,39.49
186157,Active,789030,NA,NA,D,1,0,3291488.33,39.95,2003,17,4,10.49
186158,Active,545711,NA,NA,S,2,1,31896.475,45.99,2013,17,35.59,35.74
186159,Active,114012,NA,NA,D,1,0,1603664.02,44.2,2000,38,4,13.96
186160,Active,527877,NA,NA,S,3,1,44060.1725,36.99,2009,96,15.49,16.71
186161,Active,551753,NA,NA,S,2,1,380888.975,139.8,2001,33,8.37,59.73
186162,Active,576247,NA,NA,S,1,0,163715.7088,92,1997,37,16.89,65.97
186163,Active,858930,NA,NA,D,7,1,991229.805,136.95,2002,59,4,25.99
186164,Active,244240,NA,NA,D,12,1,10743.0275,189.95,2012,89,8.43,73.99
186165,Active,53121,NA,NA,D,10,1,336663.8813,228.95,2006,75,4,12.49
186166,Active,53120,NA,NA,D,11,1,153016.8513,208.95,2009,77,4.14,20.89
186167,Active,177441,NA,NA,S,9,1,332234.9513,103.95,2003,42,4,9.76
186168,Active,2592599,NA,NA,S,0,0,481977.5413,54.99,1982,30,16.02,43.99
186169,Active,880351,NA,NA,S,6,1,906905.4325,42.25,2007,19,5.59,63.18
186170,Active,50500,NA,NA,D,4,1,2592033.713,32.03,2003,29,4.7,20.29
186171,Active,50498,NA,NA,D,5,1,276402.2775,112.75,2005,95,4,42.53
186172,Active,675661,NA,NA,S,3,1,694886.8613,26.95,2008,49,4,39.97
186173,Active,116201,NA,NA,S,2,1,784026.535,131.2,2004,41,7.13,46.64
186174,Active,670463,NA,NA,S,2,1,1068870.584,43.5,2005,18,7.89,35.56
186175,Active,137198,NA,NA,S,0,0,481195.6038,38,2007,23,15.5,25.33
186176,Active,645022,NA,NA,D,1,0,1039280.075,92,2010,16,23.49,35.4
186177,Active,575309,NA,NA,S,2,1,102486.5513,38,2012,59,14.5,26.69
186178,Active,54039,NA,NA,D,7,1,487045.2675,96.2,2004,83,4,31.44
186179,Active,54040,NA,NA,D,8,1,119803.2588,114.4,2008,70,21.82,77.51
186180,Active,2343112,NA,NA,S,2,1,2956610.359,42.6,1992,32,4,17.94
186181,Active,60667,NA,NA,D,4,1,491030.2275,31.88,2003,46,6.9,72.51
186182,Active,110433,NA,NA,S,5,1,137844.6075,100.83,2008,42,33.94,89.46
186183,Active,569443,NA,NA,D,1,0,1510732.618,99.95,1994,35,4,45.39
186184,Active,527876,NA,NA,S,8,1,500281.4488,231.95,2012,57,3.96,43.37
186185,Active,177789,NA,NA,S,7,1,698880.5138,227.95,2003,50,4.55,33.98
186186,Active,566500,NA,NA,D,1,0,593764.23,60,2000,66,4,28.1
186187,Active,179158,NA,NA,S,7,1,81486.41,121.95,2008,28,31.8,97.95
186188,Active,314927,NA,NA,S,3,1,85574.36625,53.32,2011,46,16.39,0
186189,Active,1657768,NA,NA,S,3,1,998549.3,65.19,2008,17,5.98,54.99
186190,Active,626512,NA,NA,S,0,0,134194.3613,40,1999,40,48.76,86.03
186191,Active,106045,NA,NA,D,4,1,479377.3388,94,2005,74,5.9,24.99
186192,Active,1655360,NA,NA,S,1,0,63238.35,40,2007,40,17.98,24.1
186193,Active,2599012,NA,NA,S,2,1,564605.8913,49.99,1991,33,4.92,35.97
186194,Active,543867,NA,NA,S,2,1,305043.6238,95,2011,33,24.05,48.99
186195,Active,109960,NA,NA,S,5,1,1042148,46.94,2006,51,4,22.94
186196,Active,3468214,NA,NA,D,4,1,9685120.05,0,2001,9,4,6
186197,Active,626391,NA,NA,S,5,1,206418.62,48.5,2006,27,15.15,0
186198,Active,1441122,NA,NA,S,6,1,160350.9,55.25,2012,48,7.19,29.93
186199,Active,642107,NA,NA,S,6,1,70707.96125,55.25,2012,86,8.49,22.49
186200,Active,538678,NA,NA,S,6,1,192519.6775,55.25,2012,73,16.79,23.14
186201,Active,538676,NA,NA,S,6,1,111463.0125,55.25,2012,38,14.94,30.83
186202,Active,148944,NA,NA,S,2,1,48068.8125,38.75,2007,134,8.79,13.99
186203,Active,922795,NA,NA,S,2,1,1963043.943,84.33,1997,82,4,10.97
186204,Active,56923,NA,NA,D,4,1,666181.5938,152,2005,115,4,8.98
186205,Active,56924,NA,NA,D,5,1,108049.2788,240,2009,244,3.84,20.99
186206,Active,132712,NA,NA,D,5,1,510569.8175,86.2,2009,86,3.87,40.89
186207,Active,616737,NA,NA,D,5,1,942292.2075,88.8,2009,73,4,18.93
186208,Active,1455278,NA,NA,S,6,1,82357.6,122.73,2014,11,67.04,97.76
186209,Active,622949,NA,NA,D,6,1,47659.41625,142.8,2013,77,4.87,68.7
186210,Active,537858,NA,NA,D,5,1,328651.9738,113,2010,97,4,31.69
186211,Active,629097,NA,NA,D,6,1,119812.705,134.4,2013,55,6.42,43.99
186212,Active,613366,NA,NA,D,5,1,585646.8213,116.33,2010,61,4,8.99
186213,Active,557631,NA,NA,S,4,1,248288.6988,88.2,2011,39,6.92,27.66
186214,Active,872116,NA,NA,D,0,0,4601766.021,59.95,2000,24,4,10.77
186215,Active,147136,NA,NA,D,2,1,1805326.749,69.95,2004,39,4,8.99
186216,Active,540924,NA,NA,S,3,1,89853.175,84.95,2008,42,18.69,46.89
186217,Active,2145248,NA,NA,D,1,0,2179009.893,81.95,2009,27,4,33.64
186218,Active,640411,NA,NA,D,2,1,937281.705,46.95,2003,44,4,48.49
186219,Active,867197,NA,NA,S,4,1,53242.79125,69.95,2014,46,32.11,44.24
186220,Active,540923,NA,NA,D,3,1,304608.8625,67.95,2007,53,13.98,37.44
186221,Active,218490,NA,NA,S,4,1,2743756.87,49.95,1998,40,4.28,25.97
186222,Active,608014,NA,NA,D,6,1,636620.7638,66.95,2006,57,5.62,39.94
186223,Active,146952,NA,NA,S,5,1,1937876.005,54.95,2002,34,4.48,18
186224,Active,527867,NA,NA,D,7,1,49264.235,73.95,2011,54,27.99,43.98
186225,Active,147342,NA,NA,D,18,1,1009248.87,46.95,2006,80,4.09,19.67
186226,Active,147552,NA,NA,D,19,1,531263.2913,56.95,2008,69,5.98,23.99
186227,Active,147685,NA,NA,S,20,1,37632.1775,66.95,2011,61,23.53,48.72
186228,Active,147636,NA,NA,S,16,1,743242.6825,47.95,2010,49,9.2,25.92
186229,Active,607987,NA,NA,S,14,1,1053797.769,37.95,2004,59,4,23.99
186230,Active,649502,NA,NA,S,17,1,194352.7175,48.95,2013,28,17.27,0
186231,Active,540916,NA,NA,S,4,1,1102391.131,53.95,2006,29,4,23.99
186232,Active,541033,NA,NA,S,11,1,72890.4975,62.95,2013,41,28.27,40.99
186233,Active,618996,NA,NA,S,2,1,294902.58,119,2007,62,9.9,13.98
186234,Active,608020,NA,NA,S,8,1,872978.5113,44.95,2006,95,3.98,5.93
186235,Active,867207,NA,NA,S,12,1,6870.0775,54.95,2014,46,34.52,32.95
186236,Active,54322,NA,NA,D,8,1,238205.09,42.95,2008,401,4,6.99
186237,Active,536409,NA,NA,D,9,1,26565.06375,44.95,2012,164,8.63,23.95
186238,Active,54321,NA,NA,D,7,1,602169.56,39.95,2005,236,4,7.99
186239,Active,620242,NA,NA,D,9,1,807527.55,41.95,2011,61,4,29.69
186240,Active,627886,NA,NA,D,10,1,167214.82,42.95,2012,54,4.42,18.66
186241,Active,655092,NA,NA,D,10,1,490227.7263,44.95,2013,64,4,16.74
186242,Active,330011,NA,NA,D,3,1,1284822.351,43.95,2011,33,4,4.62
186243,Active,616302,NA,NA,D,2,1,692469.445,49.95,2009,48,4,9.98
186244,Active,540946,NA,NA,D,4,1,338115.5188,43.95,2013,18,7.75,11.93
186245,Active,147215,NA,NA,S,3,1,569236.1425,61.95,2005,21,6.19,0
186246,Active,743601,NA,NA,S,2,1,1226762.203,56.95,2005,21,24.6,47.74
186247,Active,147488,NA,NA,D,2,1,1737157.033,66.95,2007,18,8.64,63.3
186248,Active,147489,NA,NA,D,2,1,802545.5275,67.95,2007,19,5.96,6.64
186249,Active,147699,NA,NA,S,2,1,630935.7475,70.95,2011,29,9.19,52.38
186250,Active,146950,NA,NA,S,2,1,1139261.589,64.95,2002,43,5.09,43.98
186251,Active,147363,NA,NA,S,3,1,1161004.023,76.95,2007,30,4.91,33.98
186252,Active,60669,NA,NA,D,3,1,680710.8175,44.95,2005,75,4,10.99
186253,Active,147628,NA,NA,D,4,1,333354.2763,53.95,2009,96,4.12,24.29
186254,Active,609928,NA,NA,S,5,1,38561.875,57.95,2013,49,36.35,42.03
186255,Active,540931,NA,NA,S,2,1,17915.4975,67.95,2010,46,43.07,0
186256,Active,147176,NA,NA,D,2,1,1017038.585,42.95,2004,34,4.21,16.5
186257,Active,527861,NA,NA,S,3,1,258383.21,56.95,2008,24,24.96,35.62
186258,Active,527860,NA,NA,D,5,1,42962.66625,83.95,2012,33,28.47,67.93
186259,Active,147067,NA,NA,S,3,1,760121.3625,56.95,2003,45,4.54,48.07
186260,Active,874032,NA,NA,S,3,1,1144770.563,81.49,2004,40,7.48,75.17
186261,Active,147503,NA,NA,D,4,1,407261.25,78.95,2008,72,5.98,28.64
186262,Active,536378,NA,NA,S,4,1,30352.30125,46.95,2013,38,23.96,33.99
186263,Active,2258457,NA,NA,S,7,1,730960.2938,63.99,2011,33,6.49,51.41
186264,Active,147232,NA,NA,S,3,1,520839.9788,54.95,2005,39,4,47.05
186265,Active,55871,NA,NA,D,4,1,89831.83875,64.95,2009,288,5.26,24.83
186266,Active,2252731,NA,NA,D,4,1,1291503.581,35.65,2009,46,8.12,22.82
186267,Active,55870,NA,NA,D,3,1,597285.7125,49.95,2005,194,4,4.99
186268,Active,55873,NA,NA,S,2,1,1261678.264,40.95,2002,97,3.85,7.45
186269,Active,629103,NA,NA,S,5,1,3735.62125,66.95,2013,145,32.29,33.99
186270,Active,862181,NA,NA,S,4,1,468803.5975,51.95,2014,29,18.89,36.59
186271,Active,615766,NA,NA,D,8,1,462398.1913,41.95,2008,88,4.84,13.48
186272,Active,743323,NA,NA,S,6,1,2734201.025,34.95,2001,41,4.42,5.93
186273,Active,743726,NA,NA,D,7,1,541788.49,37.95,2006,42,4,13.99
186274,Active,612633,NA,NA,S,3,1,48618.69,40.95,2013,22,28.49,31.76
186275,Active,516539,NA,NA,D,2,1,268380.8125,42.95,2010,52,11.67,54.29
186276,Active,1517999,NA,NA,S,19,1,1717338.456,39.95,2008,15,10.84,33.98
186277,Active,527857,NA,NA,D,21,1,725356.975,44.95,2011,31,7.98,9.79
186278,Active,1518211,NA,NA,D,20,1,1127144.848,40.95,2009,28,6.76,50.43
186279,Active,541011,NA,NA,D,22,1,92003.4225,46.95,2013,64,17.75,23.98
186280,Active,1519382,NA,NA,S,29,1,28686.45875,44.95,2015,35,30.59,38.47
186281,Active,534455,NA,NA,D,25,1,591624.25,41.95,2011,121,4,8.89
186282,Active,56985,NA,NA,S,24,1,507089.1788,39.95,2010,102,4,6.94
186283,Active,743783,NA,NA,S,1,0,23649.15,73.95,2007,17,28.14,28.95
186284,Active,639292,NA,NA,D,1,0,1851380.41,102,2008,17,72.98,115.55
186285,Active,651997,NA,NA,S,2,1,695995.6963,39.95,2006,20,4.78,154.28
186286,Active,533994,NA,NA,D,3,1,585237.9738,140,2006,46,12.02,29.85
186287,Active,2274008,NA,NA,S,3,1,1033538.926,66.55,2013,44,48.35,60.53
186288,Active,329995,NA,NA,D,2,1,543100.0175,66.95,2008,44,11.46,36.61
186289,Active,147144,NA,NA,D,1,0,1115734.306,57.95,2004,74,4,11.97
186290,Active,689091,NA,NA,S,3,1,366846.1225,27.95,2012,34,14.33,21.79
186291,Active,684769,NA,NA,S,0,0,353142.695,27.95,2012,23,13.21,0
186292,Active,147445,NA,NA,S,6,1,513173.695,49.95,2007,34,10.79,22.43
186293,Active,147189,NA,NA,S,22,1,643485.5488,104.95,2005,107,4.48,28.99
186294,Active,865320,NA,NA,S,4,1,3792.365,26.95,2014,36,18.89,18.49
186295,Active,743644,NA,NA,S,1,0,282903.8913,22.95,2005,44,4.49,14.84
186296,Active,329991,NA,NA,S,2,1,236705.42,24.95,2007,43,4.87,13.99
186297,Active,435253,NA,NA,S,3,1,153535.4338,25.95,2011,56,16.48,23.99
186298,Active,876086,NA,NA,S,0,0,1544297.801,59.95,2003,40,4,27.55
186299,Active,614354,NA,NA,D,2,1,627772.5563,74.95,2007,81,4,11.97
186300,Active,615872,NA,NA,D,3,1,109556.5738,89.95,2011,47,16.98,18.99
186301,Active,642295,NA,NA,S,1,0,999789.3538,55.95,2011,34,4,12.96
186302,Active,527855,NA,NA,S,6,1,847231.9425,47.95,2006,37,8.25,61.49
186303,Active,637692,NA,NA,S,7,1,154305.4188,46.95,2012,80,30.93,29.23
186304,Active,867200,NA,NA,S,8,1,223755.2175,47.95,2014,32,16.02,25.2
186305,Active,608031,NA,NA,D,7,1,340439.7438,49.95,2010,37,11.55,21.58
186306,Active,2153068,NA,NA,S,2,1,1783921.443,78.95,2011,27,4,42.91
186307,Active,743889,NA,NA,S,5,1,3822145.891,116.95,2008,10,23.79,23.78
186308,Active,1518000,NA,NA,S,2,1,1608712.438,57.95,2008,10,5.72,16.99
186309,Active,57970,NA,NA,D,8,1,427950.465,107.95,2009,86,4.96,16.95
186310,Active,2261461,NA,NA,D,0,0,958349.0638,42.74,2010,39,6.82,20.83
186311,Active,1517836,NA,NA,D,2,1,790053.3938,39.95,2006,31,6.47,28.71
186312,Active,540928,NA,NA,S,3,1,106530.6575,45.95,2010,45,18.97,37.9
186313,Active,628845,NA,NA,D,1,0,843416.9488,76.95,2006,25,17.89,79.85
186314,Active,894897,NA,NA,S,2,1,31357.73375,83.95,2014,26,51.99,59.97
186315,Active,622011,NA,NA,D,1,0,375223.3325,76.95,2007,56,22.99,45.54
186316,Active,2486019,NA,NA,D,1,0,199053.9063,42.95,2005,36,10.99,53.23
186317,Active,660737,NA,NA,S,3,1,7577.185,62.95,2013,80,33.71,40.92
186318,Active,545063,NA,NA,D,2,1,78887.94,62.95,2009,64,10.73,25.49
186319,Active,147481,NA,NA,S,6,1,900718.225,46.95,2007,46,4,0
186320,Active,743303,NA,NA,S,4,1,2054430.806,35.95,2001,33,4,23.98
186321,Active,288845,NA,NA,S,7,1,116005.275,54.95,2010,62,10.95,39.02
186322,Active,625383,NA,NA,S,2,1,155507.82,60.95,2006,58,19.25,41.58
186323,Active,561673,NA,NA,D,5,1,503753.8063,53.95,2006,61,5.87,8.76
186324,Active,540944,NA,NA,D,6,1,405034.05,69.95,2010,126,5.42,66.01
186325,Active,867931,NA,NA,S,7,1,83617.16625,69.95,2014,40,27.66,56.39
186326,Active,631669,NA,NA,S,1,0,228566.6113,75.95,2008,35,18.75,61.03
186327,Active,147126,NA,NA,D,6,1,744912.4913,49.95,2004,121,3.98,23.93
186328,Active,561684,NA,NA,D,7,1,73630.545,65.95,2007,115,8.24,27.98
186329,Active,661652,NA,NA,S,3,1,1259660.92,35.95,2012,18,6.08,30.58
186330,Active,826472,NA,NA,D,1,0,2239757.574,39.95,1996,21,4,44.8
186331,Active,540960,NA,NA,S,3,1,681544.89,66.95,2012,35,8.13,46.94
186332,Active,561707,NA,NA,S,6,1,190729.0713,37.95,2010,80,20.6,26.75
186333,Active,527851,NA,NA,D,8,1,70188.46375,36.95,2012,54,9.66,33.12
186334,Active,147543,NA,NA,D,7,1,327443.3,36.95,2007,153,4,19.99
186335,Active,188002,NA,NA,D,6,1,2074918.384,299,2001,14,7.96,53.08
186336,Active,620275,NA,NA,S,1,0,4915.125,45,2009,28,25.99,26.43
186337,Active,908900,NA,NA,S,20,1,11397.9275,16.99,2014,38,8.92,11.68
186338,Active,169974,NA,NA,D,5,1,346289.44,289.95,2010,98,5.1,14.94
186339,Active,57433,NA,NA,D,4,1,481905.4225,289.95,2006,77,4.34,70.56
186340,Active,2560854,NA,NA,S,7,1,903903.33,235.95,1980,50,8.07,62.37
186341,Active,135591,NA,NA,S,2,1,37131.15,52.95,2007,91,16.5,23.99
186342,Active,194163,NA,NA,S,2,1,172843.1,48,2008,50,13.09,26.01
186343,Active,872261,NA,NA,D,2,1,1857193.753,126.6,2004,35,4,21.77
186344,Active,1592490,NA,NA,S,2,1,2626146.874,245,2008,23,8.48,108.84
186345,Active,527848,NA,NA,D,4,1,74894.56125,59.95,2012,39,39.23,44.35
186346,Active,368808,NA,NA,D,3,1,505721.3963,60.95,2007,58,4,13.94
186347,Active,869296,NA,NA,S,2,1,434198.3788,181.94,1970,21,25.52,83.98
186348,Active,213241,NA,NA,S,1,0,427495.6538,58.95,2007,23,39.49,49.2
186349,Active,644831,NA,NA,S,7,1,254677.1,114.06,2002,18,13.04,0
186350,Active,619795,NA,NA,D,3,1,149622.135,148.2,2009,63,4.98,44.99
186351,Active,569725,NA,NA,D,5,1,373077.46,298.95,2003,57,4,36.1
186352,Active,213256,NA,NA,S,3,1,1454981.049,55.95,2007,31,6.22,53.64
186353,Active,118574,NA,NA,D,3,1,672819.39,108.6,2007,29,17.34,99.56
186354,Active,113774,NA,NA,D,2,1,1688363.155,74,2001,22,5.27,13.88
186355,Active,557168,NA,NA,S,4,1,458577.41,141.6,2001,59,6.5,61.99
186356,Active,55864,NA,NA,D,2,1,52536.4525,60,2002,114,6.95,16.23
186357,Active,546797,NA,NA,S,3,1,1202.51,65,2012,90,24.99,34.99
186358,Active,268487,NA,NA,S,1,0,4143.29375,35,2007,114,8.4,23.97
186359,Active,646124,NA,NA,S,1,0,27785.35,38,2010,33,25.01,25.06
186360,Active,109659,NA,NA,S,5,1,263315.5925,69.08,2005,45,4.72,53.65
186361,Active,594810,NA,NA,S,0,0,40432.8,101.99,2013,42,25.54,33.99
186362,Active,57505,NA,NA,D,4,1,22804.10125,101.99,2011,39,44.49,63.18
186363,Active,873448,NA,NA,D,3,1,2451088.57,65,2005,39,4,60
186364,Active,407873,NA,NA,D,4,1,230226.8375,89,2005,41,5.78,36.99
186365,Active,57504,NA,NA,D,3,1,226075.8688,82.95,2006,92,5.97,22.9
186366,Active,390871,NA,NA,D,1,0,2383202.833,149.95,2004,14,9.12,51.15
186367,Active,550202,NA,NA,D,8,1,58805.38,164.25,2006,46,4,39.96
186368,Active,276655,NA,NA,D,0,0,256547.845,50,2009,58,5.45,0
186369,Active,574882,NA,NA,S,1,0,37538.6,84,2011,32,38.56,47.78
186370,Active,875155,NA,NA,D,3,1,1061002.743,60.79,2004,41,5.59,64.27
186371,Active,293278,NA,NA,D,4,1,42205.3175,89,2007,70,11.04,38.98
186372,Active,232038,NA,NA,S,2,1,312307.9888,52,2000,65,4,11.87
186373,Active,537984,NA,NA,D,3,1,447660.375,69,2004,63,4,32.98
186374,Active,624229,NA,NA,D,1,0,817980.7513,192.95,1999,32,5.99,8.69
186375,Active,619423,NA,NA,D,2,1,239690.04,89.95,2005,143,7.98,40.87
186376,Active,624691,NA,NA,S,3,1,15272.56,96.95,2012,53,99.95,60.11
186377,Active,1727094,NA,NA,S,2,1,131346.625,45.95,2015,15,24.65,25.91
186378,Active,1886715,NA,NA,S,2,1,220461.215,49.8,2006,25,43.77,42.29
186379,Active,259349,NA,NA,S,2,1,504689.9763,26.64,1999,21,13.94,26.64
186380,Active,259348,NA,NA,S,2,1,111341.3263,115.2,1999,32,21.02,58.99
186381,Active,643318,NA,NA,S,2,1,330767.2238,90,2010,26,30.01,53.99
186382,Active,3042720,NA,NA,D,1,0,1511051.228,75,2004,37,9.39,43.99
186383,Active,2893910,NA,NA,S,7,1,214032.3338,29.95,2003,101,6.26,36.82
186384,Active,2441268,NA,NA,D,0,0,1189648.138,34,1996,29,4.98,58.41
186385,Active,3589555,NA,NA,D,0,0,3391814.25,88,2002,25,26.76,70.99
186386,Active,549543,NA,NA,D,2,1,1649035.481,199,2004,25,6.42,28.98
186387,Active,2617964,NA,NA,D,1,0,1840372.016,54.95,1991,33,4,23.99
186388,Active,157661,NA,NA,S,1,0,202966.1925,58.95,2011,20,43.48,43.68
186389,Active,2649024,NA,NA,D,1,0,251405.6863,59.95,2002,45,4,41.89
186390,Active,607700,NA,NA,D,3,1,2681406.299,81.6,2003,43,4,10
186391,Active,132766,NA,NA,D,5,1,133765.6038,113.4,2009,49,12.51,44.74
186392,Active,428384,NA,NA,D,4,1,1589376.874,100.4,2006,72,4,8.68
186393,Active,249828,NA,NA,S,2,1,803370.8838,52.95,2006,36,7.88,57.44
186394,Active,232862,NA,NA,S,2,1,360363.82,78.25,2004,73,4,12.19
186395,Active,870561,NA,NA,S,4,1,1436614.34,115,1998,22,39,129.75
186396,Active,1822483,NA,NA,S,8,1,212058.6538,164.98,2014,15,63.17,82.99
186397,Active,165566,NA,NA,S,3,1,795579.4213,76.95,2003,16,7.59,55.95
186398,Active,651475,NA,NA,S,3,1,357832.4375,239.99,2013,26,7.94,45.88
186399,Active,630062,NA,NA,S,3,1,363084.7363,76.99,2010,35,28.62,41.29
186400,Active,758861,NA,NA,S,2,1,2021107.506,62.95,1999,15,5.36,48.26
186401,Active,789275,NA,NA,D,2,1,1560251.416,65,2004,27,5.65,43.99
186402,Active,661323,NA,NA,S,2,1,1091894.375,76,2000,20,31.92,194.2
186403,Active,175897,NA,NA,D,2,1,1422028.021,157.99,2007,16,45.79,137.85
186404,Active,173675,NA,NA,D,0,0,2140441.956,70.99,2003,24,11.73,61.99
186405,Active,184594,NA,NA,D,2,1,1377032.793,59.95,1998,42,4,15
186406,Active,254455,NA,NA,S,4,1,18624.14,60.99,2011,41,37.98,39.54
186407,Active,620867,NA,NA,D,3,1,488422.9625,54.99,2005,30,13.96,61.56
186408,Active,788739,NA,NA,S,2,1,641756.6963,179.99,2002,42,12.85,56.66
186409,Active,527834,NA,NA,S,2,1,668849.3213,47.99,2010,19,31.24,34.7
186410,Active,527832,NA,NA,S,19,1,452059.08,24.95,2012,46,4,0
186411,Active,2085666,NA,NA,S,0,0,74257.95,62.99,2013,7,42.76,41.94
186412,Active,2085667,NA,NA,S,0,0,84224.05,62.99,2013,6,43.13,42.62
186413,Active,2105047,NA,NA,S,0,0,119406.3475,62.99,2013,18,37.18,42.74
186414,Active,611907,NA,NA,S,2,1,511181.0013,59.99,2014,25,35.71,35.62
186415,Active,2679599,NA,NA,D,5,1,2720558.62,139,1995,34,7.05,73.29
186416,Active,901560,NA,NA,D,0,0,2919213.029,62,1999,17,6.37,14.9
186417,Active,912415,NA,NA,D,0,0,756539.8588,58,2000,29,9.2,24.04
186418,Active,155669,NA,NA,S,2,1,1225658.765,54.95,2007,33,4,68.29
186419,Active,624148,NA,NA,S,0,0,663078.8475,60.95,2005,28,20.98,47.13
186420,Active,120348,NA,NA,D,3,1,940770.415,59.2,2008,52,4,7.89
186421,Active,527831,NA,NA,S,4,1,94973.86625,77.6,2012,28,41.59,59.2
186422,Active,552223,NA,NA,D,2,1,2921507.959,43.2,2004,24,4,4.26
186423,Active,121276,NA,NA,D,5,1,250277.2175,133.33,2011,50,14.53,67.43
186424,Active,117216,NA,NA,D,4,1,727823.8888,107.8,2006,47,4,19.99
186425,Active,167267,NA,NA,D,6,1,468163.3538,9.97,2006,85,4,19.49
186426,Active,60673,NA,NA,D,5,1,2663165.409,13.49,2004,41,3.99,7.99
186427,Active,871743,NA,NA,S,8,1,584363.595,103.37,2012,14,28.99,91.11
186428,Active,163972,NA,NA,D,5,1,3148307.259,8.26,2003,34,4,6.54
186429,Active,909091,NA,NA,S,16,1,1049046.735,58.5,2011,24,4.07,12.58
186430,Active,108092,NA,NA,S,2,1,850456.4263,55.99,2004,44,4.14,75.73
186431,Active,108989,NA,NA,S,2,1,1397983.545,18.34,2004,23,4,62.67
186432,Active,51985,NA,NA,S,6,1,1836813.69,77.67,2001,73,4,8.98
186433,Active,61137,NA,NA,D,7,1,1289905.883,97.2,2006,103,3.78,9.94
186434,Active,51987,NA,NA,D,8,1,85175.6325,134.6,2008,144,4,27.49
186435,Active,132560,NA,NA,S,5,1,250269.8825,146.4,2008,34,28.61,53.98
186436,Active,612508,NA,NA,S,4,1,194767.16,74.95,2013,27,69.25,70.52
186437,Active,255632,NA,NA,D,3,1,641777.7875,65.95,2006,39,4,31.1
186438,Active,2253279,NA,NA,D,5,1,5671316.863,113.96,2010,38,14.51,55.68
186439,Active,57218,NA,NA,D,4,1,1300828.796,76.8,2007,49,4,24
186440,Active,57221,NA,NA,D,5,1,73977.10625,116,2010,61,9.61,38.99
186441,Active,57217,NA,NA,S,3,1,2857821.491,68.2,2004,45,3.99,43.69
186442,Active,665349,NA,NA,S,3,1,157552.0713,80,2012,24,38.71,0
186443,Active,427365,NA,NA,D,3,1,17776.53625,99.95,2011,66,10.06,81.85
186444,Active,428468,NA,NA,S,2,1,273551.06,105.95,2009,48,41.14,73.74
186445,Active,60674,NA,NA,D,1,0,758052.8938,30.94,2005,36,4,15.99
186446,Active,527829,NA,NA,D,2,1,458125.2088,80.15,2008,53,4,86.83
186447,Active,566748,NA,NA,D,1,0,118673.6213,94.95,2005,73,5.51,0
186448,Active,391334,NA,NA,D,3,1,488176.3488,34.93,2008,41,8.19,107.37
186449,Active,110160,NA,NA,S,1,0,27740.075,163,2008,36,51.08,95.8
186450,Active,1445336,NA,NA,D,0,0,3095262.805,96.95,2006,16,6.74,43.99
186451,Active,626071,NA,NA,S,2,1,722813.4413,49,2005,25,12.89,37.95
186452,Active,295016,NA,NA,D,1,0,1044059.175,49.95,2002,19,14.59,32.95
186453,Active,547015,NA,NA,S,2,1,123390.7375,60,2011,26,37.98,40.35
186454,Active,527827,NA,NA,D,2,1,539940.6988,94.95,2008,26,56.41,58.99
186455,Active,294966,NA,NA,S,2,1,231437.795,169.6,2005,33,32.49,117.09
186456,Active,661881,NA,NA,S,4,1,879029.045,102.95,2010,53,50.77,61.81
186457,Active,808160,NA,NA,S,2,1,995449.8975,160.95,2006,22,6.1,23.89
186458,Active,866671,NA,NA,S,9,1,53681.2225,72.25,2014,41,28.08,35.48
186459,Active,620393,NA,NA,S,3,1,259538.1475,179,2000,96,6.4,53.98
186460,Active,1541438,NA,NA,S,1,0,1282781.17,59.95,2010,21,9.64,59.95
186461,Active,106840,NA,NA,D,8,1,155264.825,43.72,2010,61,4,10.22
186462,Active,527825,NA,NA,D,2,1,5960364.361,33.95,2002,16,4,18.99
186463,Active,267369,NA,NA,D,3,1,1487890.185,37,2005,38,4,17.92
186464,Active,537412,NA,NA,D,13,1,10698.46625,285.6,2012,88,5.78,103.33
186465,Active,120789,NA,NA,D,12,1,503234.7888,230.2,2009,52,4,39.93
186466,Active,145265,NA,NA,D,11,1,465377.275,93.33,2006,70,4.35,18.94
186467,Active,744566,NA,NA,S,3,1,3461519.933,274.95,2003,39,4,7.74
186468,Active,50829,NA,NA,S,7,1,2640992.504,5.66,2002,44,4,9.54
186469,Active,50830,NA,NA,D,8,1,1050951.771,10.1,2006,60,4,13.08
186470,Active,50828,NA,NA,D,9,1,152686.7025,88.74,2009,44,7.47,17.99
186471,Active,608059,NA,NA,D,3,1,2634565.595,207.95,2004,35,4,9.96
186472,Active,404645,NA,NA,D,4,1,1929836.92,391.95,2007,35,4.58,11.38
186473,Active,389266,NA,NA,D,5,1,615514.0088,391.95,2010,60,4,56.92
186474,Active,637307,NA,NA,S,1,0,85740.45,52,2005,25,47.45,43.36
186475,Active,527824,NA,NA,S,3,1,1734233.655,35.95,2008,20,11.33,31.54
186476,Active,872087,NA,NA,D,6,1,3639527.513,11.11,2005,44,5.59,11.98
186477,Active,615880,NA,NA,D,7,1,316684.4888,119.6,2009,43,6.74,36.87
186478,Active,711336,NA,NA,S,5,1,892117.9513,75,2001,35,4,43.95
186479,Active,1458788,NA,NA,S,7,1,1079808.821,132.93,2009,16,17.21,394.5
186480,Active,913386,NA,NA,D,0,0,343372.3125,55,1994,29,6.63,18.99
186481,Active,101593,NA,NA,S,3,1,254046.3075,226.95,1997,50,24.14,181.07
186482,Active,3464534,NA,NA,D,2,1,1433681.65,77.95,1982,52,4,44.81
186483,Active,873798,NA,NA,D,2,1,1382107.439,90.9,2008,20,19.01,74.22
186484,Active,113765,NA,NA,D,1,0,663550.5513,120.4,2001,31,5.75,43.67
186485,Active,256286,NA,NA,D,2,1,154656.835,69.95,2005,52,4.95,45.99
186486,Active,3014138,NA,NA,S,0,0,1194999.124,59.95,1999,37,4,14.97
186487,Active,2607255,NA,NA,D,0,0,2746534.93,41.99,1999,25,4,29.63
186488,Active,60676,NA,NA,D,5,1,334772.6625,195.95,2002,76,4,33.5
186489,Active,561337,NA,NA,D,1,0,1513245.214,148.8,2010,23,16.38,146.01
186490,Active,561333,NA,NA,D,1,0,254959.5713,134.8,2010,48,4.94,53.48
186491,Active,617522,NA,NA,S,6,1,417911.775,45.6,2002,24,4.1,33.68
186492,Active,114295,NA,NA,S,6,1,59996.45125,116.6,2002,39,36.54,105.56
186493,Active,252589,NA,NA,D,1,0,1012356.16,24.95,2007,56,4.7,23.98
186494,Active,179214,NA,NA,D,9,1,120645.88,292.95,2009,36,33.99,68.99
186495,Active,183185,NA,NA,D,8,1,526738.0288,292.95,2005,38,17.52,59.49
186496,Active,619207,NA,NA,D,3,1,808982.18,42.99,2001,43,4.05,18.99
186497,Active,628662,NA,NA,S,2,1,380588.9775,137.26,2011,33,45.79,153.99
186498,Active,569584,NA,NA,D,3,1,890707.9338,274.95,2004,31,9.36,99.11
186499,Active,348457,NA,NA,D,3,1,226592.0638,286.95,2004,36,9.99,47.98
186500,Active,764040,NA,NA,D,2,1,909319.6875,116.95,2000,38,4,38.99
186501,Active,564055,NA,NA,D,6,1,437886.1825,109.16,1998,26,4.54,49.93
186502,Active,527821,NA,NA,S,6,1,364942.655,262.95,2007,77,4.9,38.48
186503,Active,60677,NA,NA,S,5,1,403977.8238,238.95,2002,75,4,13.99
186504,Active,2579615,NA,NA,D,1,0,1001379.275,120,1996,17,8.35,43.98
186505,Active,630973,NA,NA,S,2,1,471059.8438,80,2005,42,46.28,53.6
186506,Active,176005,NA,NA,D,1,0,3280992.004,70,2003,20,4,44.47
186507,Active,121738,NA,NA,D,5,1,318780.4675,153.33,1998,48,5.17,27.98
186508,Active,607159,NA,NA,S,6,1,481413.7938,223.2,2005,26,39.99,73.6
186509,Active,2570853,NA,NA,D,1,0,1220255.961,172,1992,23,13.23,66.91
186510,Active,3843180,NA,NA,D,2,1,8655984.35,59.95,1999,15,60.77,92.99
186511,Active,3467665,NA,NA,D,3,1,13092964.45,134.25,1989,20,4,65.42
186512,Active,569551,NA,NA,S,4,1,1606282.566,316.95,2004,32,23.96,43.99
186513,Active,2606832,NA,NA,S,2,1,516672.6038,59.99,1998,31,24.87,55.19
186514,Active,182793,NA,NA,D,3,1,1124755.224,213.95,2006,60,4,20.38
186515,Active,3546561,NA,NA,D,3,1,3291773.3,0,2004,20,4.72,39.98
186516,Active,3578002,NA,NA,D,2,1,9620060.4,57.95,1996,21,4,44.59
186517,Active,636536,NA,NA,D,2,1,1351757.998,171,2001,36,9,64.75
186518,Active,869967,NA,NA,D,5,1,862598.6713,125.81,2004,35,5.63,84.68
186519,Active,613084,NA,NA,D,5,1,234103.09,73.95,2004,93,4,43.99
186520,Active,594812,NA,NA,S,6,1,18769.05875,85.99,2012,35,43.45,50.89
186521,Active,301029,NA,NA,D,0,0,1301566.561,52.5,2007,26,4,0
186522,Active,640013,NA,NA,S,4,1,159328.0063,54.5,2011,27,21.77,0
186523,Active,861555,NA,NA,S,5,1,51067.62,57.5,2013,57,24.99,35.75
186524,Active,921626,NA,NA,D,0,0,978840.3338,52.5,2008,50,4.27,13.94
186525,Active,644499,NA,NA,D,5,1,85667.2025,54.5,2013,62,19.21,37.51
186526,Active,2143574,NA,NA,S,3,1,15386.83375,54.5,2015,24,33.99,39.99
186527,Active,276605,NA,NA,D,1,0,778238.2663,52.5,2007,83,4,13.7
186528,Active,527816,NA,NA,S,4,1,74540.1575,57.5,2011,71,23.16,35.99
186529,Active,862183,NA,NA,S,3,1,55450.585,57.5,2014,41,25.99,39.9
186530,Active,276606,NA,NA,D,2,1,313109.9263,52.5,2008,83,4,23.98
186531,Active,2143573,NA,NA,S,2,1,40354.43375,54.5,2015,27,33.98,43.92
186532,Active,276609,NA,NA,D,0,0,210864.8038,52.5,2008,43,5.54,37.87
186533,Active,2143572,NA,NA,S,2,1,77918.73625,54.5,2014,28,31.99,38.48
186534,Active,276611,NA,NA,D,1,0,233318.705,54.5,2010,79,5.07,26.98
186535,Active,2143571,NA,NA,S,2,1,30761.505,54.5,2014,37,26.99,38.58
186536,Active,276607,NA,NA,D,0,0,1220501.506,52.5,2008,57,4,8.14
186537,Active,861556,NA,NA,S,0,0,86676.04,54.5,2013,45,22.63,37.43
186538,Active,276612,NA,NA,D,0,0,554174.5325,54.5,2010,52,5.33,26.91
186539,Active,199087,NA,NA,S,2,1,385385.62,83,2000,32,6.91,46.9
186540,Active,722835,NA,NA,S,0,0,709567.1275,99,2008,66,3.99,8.99
186541,Active,1474896,NA,NA,S,12,1,2686694.453,75,2011,22,4.98,66.88
186542,Active,1473157,NA,NA,S,11,1,3637026.758,89.95,2009,16,5.44,89.95
186543,Active,658479,NA,NA,D,5,1,981735.7025,429,2010,15,47.98,123.99
186544,Active,774491,NA,NA,D,4,1,690804.5738,427,2005,11,28.99,298.46
186545,Active,627202,NA,NA,D,4,1,1303974.525,60,2001,23,7.4,49.44
186546,Active,617131,NA,NA,S,5,1,385211.2913,200,2011,32,26.86,174
186547,Active,281917,NA,NA,S,0,0,561940.5675,35,1995,60,8.53,21.98
186548,Active,192440,NA,NA,D,2,1,603353.5688,79.95,2005,56,8.43,43.94
186549,Active,774669,NA,NA,S,1,0,1544840.244,58.95,1999,22,4,16.56
186550,Active,901389,NA,NA,S,2,1,1105464.705,51.95,1996,16,6.93,54.51
186551,Active,159425,NA,NA,D,2,1,1324661.186,74.95,2001,18,5.43,60.19
186552,Active,159578,NA,NA,D,3,1,354099.625,65.95,2006,24,20.18,103.98
186553,Active,147607,NA,NA,S,2,1,15190.475,35.95,2009,26,22.74,30.98
186554,Active,667486,NA,NA,S,2,1,111724.4625,41.95,2009,31,29.43,32.25
186555,Active,743686,NA,NA,S,0,0,757562.4813,33.95,2005,21,18.99,30.6
186556,Active,629622,NA,NA,D,0,0,941221.085,47.95,1989,25,4.23,50.96
186557,Active,3547208,NA,NA,S,2,1,4057745.55,79.95,2002,34,4,12.94
186558,Active,622704,NA,NA,D,2,1,661254.2913,59.95,2008,24,10.33,34.83
186559,Active,743286,NA,NA,D,2,1,2022700.606,99,2002,18,4.48,20.05
186560,Active,626720,NA,NA,S,3,1,710763.0888,169.99,2012,31,38.99,85.67
186561,Active,789473,NA,NA,D,2,1,1533206.821,143,2005,36,11.01,33.64
186562,Active,743758,NA,NA,D,3,1,988360.8388,105,2006,25,20.96,35.99
186563,Active,642005,NA,NA,S,4,1,153589.0938,110,2013,25,63.98,77.45
186564,Active,743396,NA,NA,D,1,0,3082080.764,49.95,2001,26,4.73,70.85
186565,Active,652003,NA,NA,S,2,1,1759175.749,99.99,2006,23,6.4,53.99
186566,Active,653629,NA,NA,D,1,0,1019546.19,129,2001,24,13.99,53.99
186567,Active,618873,NA,NA,S,1,0,423556.5613,99.95,1994,44,6.01,28.98
186568,Active,527811,NA,NA,S,2,1,633056.275,78,2008,25,37.91,56.72
186569,Active,205572,NA,NA,D,1,0,607893.9813,62,1998,35,4,15.49
186570,Active,900035,NA,NA,D,2,1,4848545.468,42.46,2006,16,10.3,54.35
186571,Active,657945,NA,NA,S,3,1,966870.8913,49.95,2013,17,28.81,40.76
186572,Active,293687,NA,NA,S,2,1,43089.15125,36.95,2007,79,13.89,37.98
186573,Active,2029376,NA,NA,S,2,1,1244921.313,39.95,2008,20,17.95,36.52
186574,Active,2258443,NA,NA,D,10,1,726122.075,37.89,2011,41,5.58,32.58
186575,Active,2252255,NA,NA,D,10,1,137749.1125,46.97,2010,41,5.59,33.18
186576,Active,914023,NA,NA,S,2,1,948877.83,86.4,2010,13,6.48,82.13
186577,Active,550434,NA,NA,S,6,1,759060.2688,191.08,2007,41,4.62,48.69
186578,Active,878929,NA,NA,D,9,1,731058.1038,53.8,2008,36,4.99,35.83
186579,Active,285536,NA,NA,S,7,1,71394.76,76.98,2010,63,15.39,54.5
186580,Active,55738,NA,NA,S,5,1,251465.5513,84.06,2005,158,4,6.98
186581,Active,537631,NA,NA,D,7,1,83481.8525,17.96,2012,145,4.75,8.47
186582,Active,705775,NA,NA,D,7,1,1036523.565,4.78,2011,15,5.56,8.21
186583,Active,55740,NA,NA,D,6,1,91015.255,74.49,2007,266,4,22.34
186584,Active,52484,NA,NA,D,10,1,45384.65875,20.99,2010,204,4,26.49
186585,Active,620239,NA,NA,S,7,1,162701.5625,90,2014,51,4.17,19.98
186586,Active,52483,NA,NA,D,9,1,128789.7263,172.9,2006,159,4,21.75
186587,Active,749271,NA,NA,S,1,0,1697128.475,58.95,2008,24,27.59,28.71
186588,Active,119240,NA,NA,S,7,1,79315.1025,81.8,2012,38,33.96,61.84
186589,Active,619378,NA,NA,S,6,1,1763418.974,101.75,2008,28,4,13.48
186590,Active,248103,NA,NA,D,9,1,339761.2938,94,2009,63,5.13,10.9
186591,Active,495227,NA,NA,D,8,1,625391.6075,79.95,2005,80,4,15.84
186592,Active,615869,NA,NA,D,1,0,74889.445,116.2,2011,45,38.26,84.15
186593,Active,60679,NA,NA,D,3,1,795002.5688,111.8,1999,36,4,38.46
186594,Active,131985,NA,NA,D,4,1,289007.4725,147.2,2005,22,12.03,75.47
186595,Active,2338820,NA,NA,S,6,1,531192.6288,85.2,1996,47,4,11.99
186596,Active,158164,NA,NA,D,3,1,1325590.863,57.95,2007,26,16.48,105.23
186597,Active,157986,NA,NA,D,2,1,1800015.159,44.95,2002,22,5.46,68.39
186598,Active,157688,NA,NA,S,0,0,111966.72,56.95,2009,52,23.37,49.99
186599,Active,621419,NA,NA,D,5,1,715209.4838,81.54,2006,33,4.4,111.07
186600,Active,126851,NA,NA,D,6,1,208308.2188,79.95,2006,31,5.68,23.99
186601,Active,177404,NA,NA,D,5,1,2826416.136,76.95,2000,19,4.22,50.71
186602,Active,543354,NA,NA,S,4,1,23101.60125,176.95,2012,64,35.51,74.99
186603,Active,178019,NA,NA,D,2,1,481364.0488,185.95,2004,35,4.72,63.98
186604,Active,169846,NA,NA,D,3,1,255755.6913,181.95,2008,68,4,71.88
186605,Active,899013,NA,NA,S,0,0,382357.2,10.87,1999,21,9.89,10.87
186606,Active,56399,NA,NA,D,8,1,23744.3925,118,2010,92,13.98,73.99
186607,Active,56398,NA,NA,S,5,1,289812.1463,51,1996,39,4,43.79
186608,Active,169786,NA,NA,D,5,1,138005.04,210.95,2008,48,7.47,71.94
186609,Active,56397,NA,NA,D,7,1,41904.47,131.8,2006,72,12.49,62.98
186610,Active,60678,NA,NA,D,4,1,327977.7863,226.95,2004,38,6.9,50.79
186611,Active,622377,NA,NA,D,1,0,183794.9238,78.95,2010,33,8.19,43.98
186612,Active,876150,NA,NA,S,1,0,297866.685,53.95,1995,60,4,19.98
186613,Active,537972,NA,NA,D,2,1,606973.3513,70.95,2001,28,6.9,57.08
186614,Active,527809,NA,NA,D,3,1,421121.1288,207.95,2009,22,33.89,41.97
186615,Active,104214,NA,NA,S,1,0,292751.8525,88.25,2001,24,38.87,254.15
186616,Active,643921,NA,NA,S,2,1,247190.46,99,2010,38,42.18,55
186617,Active,113668,NA,NA,S,4,1,657211.61,130.6,1999,41,16.19,118.83
186618,Active,157753,NA,NA,S,0,0,116290.815,69.95,2010,27,33.09,68.66
186619,Active,922636,NA,NA,D,1,0,567657.8738,137.95,1984,110,4,17.99
186620,Active,569759,NA,NA,S,2,1,47726.67375,139.95,2007,52,44.73,74.93
186621,Active,108742,NA,NA,D,7,1,457387.13,98.31,2003,49,8.74,69.85
186622,Active,109345,NA,NA,D,8,1,61889.63875,83.44,2008,66,13.14,77.73
186623,Active,108743,NA,NA,D,7,1,781033.585,99.37,2003,27,5.88,49.95
186624,Active,111038,NA,NA,D,8,1,417776.1763,110.06,2008,28,15.99,19.95
186625,Active,177949,NA,NA,D,1,0,425637.865,128.95,2005,36,20.74,101.29
186626,Active,623661,NA,NA,S,4,1,396496.84,129.25,2001,53,28.91,86.79
186627,Active,2511516,NA,NA,S,2,1,3206779.151,45.45,1984,40,4,9.99
186628,Active,574046,NA,NA,S,2,1,338825.8238,365.8,1993,44,8.29,67.3
186629,Active,644619,NA,NA,S,7,1,237943.5275,39.99,2012,50,8.35,30.93
186630,Active,533332,NA,NA,D,5,1,29196.29375,196.95,2012,76,5.83,69.09
186631,Active,170221,NA,NA,D,4,1,314315.195,85.95,2011,60,4,46.85
186632,Active,56952,NA,NA,D,4,1,386035.5063,217.95,2009,54,7.92,43.83
186633,Active,286936,NA,NA,D,0,0,217563.2,82.95,1995,37,10.29,64.37
186634,Active,527808,NA,NA,S,7,1,35192.165,29.95,2011,45,16.69,22.63
186635,Active,127294,NA,NA,D,2,1,845175.2638,69.95,2008,25,7.48,32.24
186636,Active,127292,NA,NA,D,2,1,247915.645,77.95,2008,31,4.3,75.82
186637,Active,169776,NA,NA,D,2,1,116903.9625,203.95,2008,50,4.01,52.3
186638,Active,177771,NA,NA,D,1,0,1064039.814,147.95,2005,44,4,36.99
186639,Active,100945,NA,NA,S,2,1,336280.925,189.95,1996,33,13.87,57.53
186640,Active,627505,NA,NA,D,0,0,447666.7625,54.95,2008,34,7.76,20.87
186641,Active,647025,NA,NA,S,2,1,35399.56,49.95,2012,35,28.49,46.54
186642,Active,637942,NA,NA,D,8,1,239599.8775,166.75,2010,22,6.99,97.07
186643,Active,52966,NA,NA,D,7,1,1690747.173,7.98,2006,79,4,7.98
186644,Active,52967,NA,NA,D,8,1,65953.045,38.99,2009,101,4.35,30.05
186645,Active,627887,NA,NA,S,0,0,24591.6,139,2012,39,52.98,92.18
186646,Active,680998,NA,NA,S,0,0,114023.5863,24.99,2011,23,10.64,0
186647,Active,3472012,NA,NA,D,2,1,3277600.15,62,2000,16,5.04,100.08
186648,Active,2529453,NA,NA,D,0,0,1879421.238,47.95,1994,24,5.86,67.55
186649,Active,2118352,NA,NA,S,1,0,73987.7,56.95,2006,17,45.13,38.07
186650,Active,908307,NA,NA,D,0,0,1564764.795,45,1995,24,4.05,27.94
186651,Active,602463,NA,NA,D,1,0,2187852.539,118.25,2003,13,33.98,86.56
186652,Active,127470,NA,NA,D,1,0,269927.9888,72.95,2008,40,28.66,79.53
186653,Active,624373,NA,NA,S,8,1,550829.22,83.44,2008,40,8.97,36.98
186654,Active,112187,NA,NA,S,3,1,373075.5125,95.5,2005,43,13.09,32.99
186655,Active,2616681,NA,NA,D,0,0,1245102.328,23.94,1980,17,4.76,46.07
186656,Active,176860,NA,NA,S,3,1,40007.85,421.95,2001,53,36.96,75.83
186657,Active,607307,NA,NA,S,7,1,213862.5463,101.6,2006,33,4.77,103.94
186658,Active,563657,NA,NA,S,1,0,38841.75,58.5,2007,21,33.61,42.96
186659,Active,422086,NA,NA,S,4,1,212838.985,44.95,2007,60,17.94,41.93
186660,Active,153978,NA,NA,S,2,1,28245.3225,103,2011,46,7.97,62.96
186661,Active,626308,NA,NA,D,0,0,288890.3038,23.89,2009,68,3.88,23.98
186662,Active,549640,NA,NA,S,2,1,975529.155,42,2007,29,5.49,40.88
186663,Active,56693,NA,NA,D,2,1,23906.95375,159.75,2010,87,30.99,71.73
186664,Active,56694,NA,NA,S,0,0,190368.5688,41.78,2004,85,11.15,35.03
186665,Active,620772,NA,NA,D,2,1,164452.3663,45.09,2010,26,36.25,0
186666,Active,919508,NA,NA,D,0,0,320988.1188,23.99,2004,30,7.99,25.99
186667,Active,915487,NA,NA,D,2,1,1804627.753,29.95,2000,36,4.31,16.34
186668,Active,1660706,NA,NA,S,0,0,64327.375,50,2013,16,29.57,31.27
186669,Active,135306,NA,NA,S,3,1,337179.1225,95,2005,31,17.13,0
186670,Active,541764,NA,NA,S,0,0,193849.1125,19.99,2010,52,6.84,0
186671,Active,2560154,NA,NA,D,1,0,1244063.686,210,1985,31,5.23,56.48
186672,Active,746582,NA,NA,S,0,0,37573.325,39.95,2010,25,16.2,23.02
186673,Active,1688759,NA,NA,S,2,1,286520.4175,24.99,2013,69,8.99,13.38
186674,Active,798153,NA,NA,S,0,0,759305.3,59.77,2012,6,4,10.96
186675,Active,561460,NA,NA,D,1,0,20099.18375,93.8,2012,71,8.79,53.99
186676,Active,900403,NA,NA,S,7,1,437109.3688,24.99,2014,50,4,0
186677,Active,2070674,NA,NA,S,0,0,367193.94,39.99,2011,73,4.35,5.97
186678,Active,924168,NA,NA,S,1,0,89500.89125,35,2004,820,4,6.48
186679,Active,636294,NA,NA,S,1,0,269081.3225,45,2008,27,30.71,30.54
186680,Active,1508909,NA,NA,S,0,0,76980.025,75,2014,10,30.98,41.07
186681,Active,632038,NA,NA,S,2,1,39568.2875,42.95,2013,32,23.74,31.18
186682,Active,617727,NA,NA,S,1,0,368668.3625,41.95,1997,44,6.36,59.55
186683,Active,2105771,NA,NA,S,0,0,8736.45,39.95,2015,14,25.98,24.4
186684,Active,572814,NA,NA,S,1,0,33434.775,60,2010,95,6.22,19.82
186685,Active,1433805,NA,NA,S,0,0,2962.9,45,2013,11,24.4,8.49
186686,Active,3467106,NA,NA,S,0,0,56580.25,58.88,2015,11,36.73,35.55
186687,Active,1454902,NA,NA,S,0,0,85520.125,113.25,2012,25,28.97,92.99
186688,Active,719564,NA,NA,D,1,0,3590672.439,115,1999,20,17.83,63.13
186689,Active,860887,NA,NA,S,2,1,996052.2075,155,2012,21,27.84,60.97
186690,Active,2031029,NA,NA,S,2,1,2659671.161,169,2008,17,31.99,66.87
186691,Active,252728,NA,NA,D,1,0,15304.46,182.75,2010,89,55.48,93.98
186692,Active,1629982,NA,NA,S,16,1,80577.47625,79.95,2014,21,41.68,42.68
186693,Active,2551023,NA,NA,S,13,1,1669442.188,64.95,1999,20,4.95,108.52
186694,Active,610102,NA,NA,S,4,1,144.15125,121.15,2003,37,88.94,76.49
186695,Active,3292338,NA,NA,S,25,1,520011.9438,58.97,1900,25,14.08,47.24
186696,Active,126714,NA,NA,S,25,1,44871.8775,37.95,2004,133,8.83,30.99
186697,Active,911275,NA,NA,D,1,0,1311735.793,79,1992,21,5.45,49.39
186698,Active,1626430,NA,NA,D,0,0,391533.315,109.95,2008,36,31.57,177.84
186699,Active,609965,NA,NA,S,5,1,117800.24,54.99,2013,26,32.25,34.76
186700,Active,608863,NA,NA,D,3,1,2503906.475,54.99,2005,33,4,6.49
186701,Active,608872,NA,NA,D,4,1,916123.435,54.99,2008,38,4.12,21.87
186702,Active,1932624,NA,NA,S,3,1,334292.7213,79.99,2014,45,29.49,44.74
186703,Active,527800,NA,NA,S,2,1,208739.9,34.99,2008,40,4,16.69
186704,Active,2677372,NA,NA,S,2,1,304755.5925,62.45,2001,34,5.87,36.19
186705,Active,294054,NA,NA,S,1,0,20282.275,156.25,2003,50,57.12,93.99
186706,Active,539970,NA,NA,S,2,1,4911.81,42.99,1995,94,12.46,23.49
186707,Active,1702435,NA,NA,S,2,1,27498.79125,15,2013,99,7.94,11.11
186708,Active,200400,NA,NA,D,1,0,789299.6038,75.95,2008,25,4,27.29
186709,Active,1516712,NA,NA,S,9,1,388032.8325,35.2,2012,25,12.94,33.79
186710,Active,615896,NA,NA,S,2,1,71344.1525,210.25,2002,35,21.51,113.25
186711,Active,618325,NA,NA,S,2,1,133620.115,210.25,2002,46,26.39,77.89
186712,Active,2354370,NA,NA,S,2,1,49097.45,114.06,2000,77,8.84,31.63
186713,Active,2195293,NA,NA,D,0,0,751468.4375,45,2012,40,19.37,23.32
186714,Active,2045161,NA,NA,S,2,1,1188974.89,59.95,2008,41,5.53,40.42
186715,Active,797711,NA,NA,S,2,1,767182.85,62.95,2005,30,25.59,0
186716,Active,774786,NA,NA,D,2,1,3266965.461,173,1997,20,30.05,38.01
186717,Active,563138,NA,NA,S,4,1,277712.73,89.99,1974,50,7.18,38.74
186718,Active,866616,NA,NA,D,2,1,219599.3313,254.95,2010,45,15.93,79.77
186719,Active,185087,NA,NA,D,1,0,310843.9113,144.95,1998,104,4,8.99
186720,Active,542382,NA,NA,S,2,1,33923.03625,145.95,2008,59,31.76,62.72
186721,Active,179213,NA,NA,S,2,1,92964.355,145.95,2008,54,13.97,0
186722,Active,153681,NA,NA,S,2,1,3591.2025,16.95,2010,180,6.23,10.27
186723,Active,1777703,NA,NA,S,1,0,86717.675,75,2012,14,43.98,44.67
186724,Active,1835949,NA,NA,S,5,1,173957.2388,14.99,2013,151,4,10.83
186725,Active,643432,NA,NA,D,4,1,1122129.754,328.95,2004,20,8.55,24.99
186726,Active,628769,NA,NA,D,5,1,263053.0138,311.95,2009,47,22.95,96.11
186727,Active,806986,NA,NA,D,3,1,1539612.501,75.95,2005,22,11.31,18.64
186728,Active,253831,NA,NA,D,4,1,173824.6913,70.95,2008,29,15.85,59.99
186729,Active,3841685,NA,NA,D,3,1,2497706.4,99,2006,21,41.79,53.98
186730,Active,293893,NA,NA,D,6,1,486086.8063,288.95,2010,33,4.9,44.42
186731,Active,200038,NA,NA,D,6,1,365528.5363,211.95,2007,34,13.14,84.91
186732,Active,527798,NA,NA,S,7,1,71918.93125,145.95,2012,38,28.64,91.87
186733,Active,200249,NA,NA,D,6,1,1136443.311,149.95,2007,56,4.44,18.99
186734,Active,1671089,NA,NA,S,6,1,934465.685,173.95,2007,20,48.9,68.92
186735,Active,594658,NA,NA,S,7,1,150809.105,8.15,2012,34,9.1,35.98
186736,Active,865586,NA,NA,S,5,1,7198.4825,19.95,2013,37,11.22,13.56
186737,Active,1634397,NA,NA,S,4,1,325745.06,19.95,2008,179,4,6.48
186738,Active,1564306,NA,NA,S,0,0,13671.675,49.96,2012,17,38.98,44.81
186739,Active,867410,NA,NA,S,10,1,13292.3,43.99,2014,36,25.94,28.84
186740,Active,533335,NA,NA,D,9,1,112736.7238,40.99,2011,58,4.76,13.97
186741,Active,56931,NA,NA,D,2,1,947809.62,39.99,2008,53,4,11.29
186742,Active,296258,NA,NA,D,1,0,598672.2625,89.95,2005,23,6.98,39.47
186743,Active,280142,NA,NA,D,2,1,2710241.729,170,2005,14,13.41,45.47
186744,Active,897893,NA,NA,D,1,0,4281339.696,105,2003,20,26.58,96.25
186745,Active,273913,NA,NA,D,1,0,1305584.994,104,2004,21,43.53,71.1
186746,Active,284337,NA,NA,S,2,1,406375.6763,99,2011,29,44.94,48.64
186747,Active,614382,NA,NA,S,1,0,250111.2463,85,1992,75,4.13,10.93
186748,Active,901036,NA,NA,D,1,0,1932291.529,98.95,2007,23,6.44,19.8
186749,Active,410367,NA,NA,D,2,1,403426.0963,115.95,2011,38,5.16,76.09
186750,Active,649864,NA,NA,S,3,1,857627.9013,54.99,2012,33,4.9,0
186751,Active,1624794,NA,NA,S,0,0,22664.5325,45,2014,126,12,25.65
186752,Active,923008,NA,NA,S,6,1,11912.83625,23.25,2008,157,7.98,13.96
186753,Active,665482,NA,NA,S,2,1,97388.025,49,2011,13,39.28,37.6
186754,Active,914890,NA,NA,D,1,0,743444.5288,90,2000,28,7.89,47.69
186755,Active,635372,NA,NA,S,1,0,248828.4213,45,2002,36,35.48,36.13
186756,Active,477372,NA,NA,S,0,0,325481.4238,60,2007,44,34.99,45.82
186757,Active,1854279,NA,NA,S,2,1,303534.1263,73,2006,22,19.87,38.37
186758,Active,3071483,NA,NA,S,0,0,25358.075,52.95,2004,18,33.81,38.57
186759,Active,2022443,NA,NA,S,0,0,19681.15,52.95,2013,15,31.92,38.43
186760,Active,536629,NA,NA,S,0,0,29729.675,39.99,1999,48,7.99,27.7
186761,Active,2444518,NA,NA,D,0,0,916072.1675,48.75,1987,31,14.23,43.18
186762,Active,1826397,NA,NA,S,1,0,32238.875,72.95,2013,28,49.54,50.48
186763,Active,203910,NA,NA,D,1,0,297853.6538,72.99,2013,33,30.62,75.49
186764,Active,893585,NA,NA,D,3,1,2173749.284,32.2,2010,15,9.44,55.45
186765,Active,661429,NA,NA,D,3,1,3096477.9,42.4,2009,18,9.69,60.98
186766,Active,631474,NA,NA,S,4,1,575651.65,35.6,2011,21,9.74,36.74
186767,Active,627487,NA,NA,D,3,1,2149399.29,55.95,2009,27,4,9.32
186768,Active,900623,NA,NA,D,3,1,2493850.098,55.95,2009,16,5.74,40.67
186769,Active,904231,NA,NA,D,3,1,2647955.178,55.95,2009,19,9.96,23.96
186770,Active,905679,NA,NA,D,3,1,2415309.274,55.95,2009,21,4,27.94
186771,Active,646472,NA,NA,D,3,1,2075105.95,55.95,2009,26,4,78.87
186772,Active,1900749,NA,NA,D,3,1,1719350.721,55.95,2009,18,4.38,74.87
186773,Active,806972,NA,NA,S,2,1,9017101.409,55.95,2005,14,7.83,21.49
186774,Active,905493,NA,NA,D,3,1,1742873.979,55.95,2009,21,4,34.02
186775,Active,109569,NA,NA,S,4,1,714566.1213,100,2005,42,5.51,38.07
186776,Active,2016496,NA,NA,S,37,1,2015115.785,63,2012,28,4.69,73.53
186777,Active,2016515,NA,NA,S,3,1,190711.2463,87.5,2014,19,25.23,34.82
186778,Active,2048965,NA,NA,S,14,1,2945005.654,271,2008,12,12.19,130.84
186779,Active,230950,NA,NA,D,0,0,321711.2763,89.5,2005,131,4,23.94
186780,Active,230938,NA,NA,S,0,0,1022951.833,85,1999,62,4.09,21.99
186781,Active,230956,NA,NA,D,11,1,305350.4438,165.5,2008,77,18.99,126.19
186782,Active,106269,NA,NA,D,2,1,766157.32,99,2006,73,7.22,11.7
186783,Active,527788,NA,NA,S,3,1,237770.2,98,2011,26,52.65,69.08
186784,Active,617940,NA,NA,S,0,0,220731.3875,50,2012,74,6.07,17.99
186785,Active,906518,NA,NA,S,3,1,25386.3475,40,2014,38,11.46,20.17
186786,Active,545125,NA,NA,S,2,1,395957.13,24.95,2011,42,4.04,19.75
186787,Active,917849,NA,NA,S,0,0,527162.5225,24,2006,58,4,7.09
186788,Active,207219,NA,NA,D,8,1,487804.8638,165,2004,55,13.35,33.99
186789,Active,525127,NA,NA,S,2,1,58169.1875,41.68,2010,85,6.42,7.49
186790,Active,1876904,NA,NA,S,2,1,44891.77875,40,2014,29,9.68,22.74
186791,Active,621959,NA,NA,S,0,0,16289.65,40,2010,24,19.48,23.52
186792,Active,207194,NA,NA,D,2,1,1335734.31,65,2006,29,4.94,23.99
186793,Active,527785,NA,NA,S,3,1,772570.255,65,2009,31,12.52,43.04
186794,Active,207208,NA,NA,D,0,0,2164208.12,65,2002,57,4,7.98
186795,Active,251718,NA,NA,S,6,1,4687.965,27.95,2011,30,14,19
186796,Active,1876723,NA,NA,S,6,1,325555.065,26,2009,47,4,13.94
186797,Active,685941,NA,NA,S,0,0,16324.7875,26.95,2013,23,16.83,0
186798,Active,646942,NA,NA,S,0,0,353594.3163,64.95,2013,31,11.97,0
186799,Active,1876856,NA,NA,S,0,0,42524.5,40,2013,31,15.33,22.8
186800,Active,251723,NA,NA,S,3,1,82926.9825,12.95,2009,43,4.58,8.79
186801,Active,1876913,NA,NA,S,0,0,6471.3,40,2014,44,9.66,23.29
186802,Active,1876745,NA,NA,S,0,0,1405047.08,27.95,2010,65,4,4.74
186803,Active,622221,NA,NA,S,0,0,59436,40,2013,37,15.69,24.85
186804,Active,200060,NA,NA,D,1,0,589611.8213,66.95,2005,34,4,42.79
186805,Active,616544,NA,NA,S,1,0,11911.915,60,2009,84,8.6,34.01
186806,Active,1756688,NA,NA,D,15,1,944545.2813,154.75,2012,23,8.39,73.59
186807,Active,1756689,NA,NA,D,16,1,611138.1838,154.75,2012,41,5.76,93.48
186808,Active,633583,NA,NA,S,2,1,572289.4738,73,1997,27,4.67,38.93
186809,Active,616806,NA,NA,S,3,1,294646.5938,42.48,1992,34,4,42.15
186810,Active,133263,NA,NA,D,4,1,872271.9813,84.6,2010,47,3.78,52.1
186811,Active,637551,NA,NA,S,5,1,335211.8438,98.95,2013,45,16.39,53.99
186812,Active,555106,NA,NA,S,1,0,206287.2788,62.95,1995,87,4,21.6
186813,Active,141259,NA,NA,D,4,1,1834974.95,89.95,2001,24,4,41.84
186814,Active,178053,NA,NA,D,5,1,1040209.314,193.95,2004,30,4,7.98
186815,Active,200602,NA,NA,S,8,1,105614.64,145.95,2010,49,34.76,72.99
186816,Active,616467,NA,NA,S,0,0,268570.8013,59.95,1990,68,8.48,33.99
186817,Active,225224,NA,NA,D,1,0,562821.2588,154.95,1998,27,24.85,104.87
186818,Active,2047439,NA,NA,D,2,1,2394211.614,75,2007,12,14.19,9.38
186819,Active,569815,NA,NA,S,2,1,222832.7663,139.95,2004,43,21.17,86.04
186820,Active,428471,NA,NA,S,3,1,35880.71375,101.95,2009,50,41.49,52.08
186821,Active,114162,NA,NA,D,2,1,292033.765,74.2,2000,41,4.78,31.8
186822,Active,555092,NA,NA,D,1,0,206442.2725,27.95,1998,113,3.96,18.44
186823,Active,912433,NA,NA,S,2,1,81993.6675,49.95,2014,27,24.89,43.39
186824,Active,892982,NA,NA,S,1,0,260453.04,0,2005,26,5.54,18.94
186825,Active,615616,NA,NA,S,2,1,762577.8788,45,2005,76,4,25.99
186826,Active,127398,NA,NA,D,5,1,220188.1125,49.95,2009,34,7.95,42.72
186827,Active,915294,NA,NA,S,0,0,415767.5238,35,2007,30,8.99,30.42
186828,Active,633150,NA,NA,S,1,0,37626.275,68.8,2011,30,35.29,68.79
186829,Active,635754,NA,NA,S,1,0,664764.9438,71,2011,23,23.14,52.84
186830,Active,54850,NA,NA,D,6,1,1171318.223,33.74,2007,60,4,33.74
186831,Active,877564,NA,NA,S,5,1,2332928.855,123.75,2005,48,4,15.6
186832,Active,54848,NA,NA,D,8,1,76322.245,43.99,2011,62,8.67,51.85
186833,Active,54849,NA,NA,D,7,1,227328.85,56.48,2008,85,5.01,39.27
186834,Active,2585895,NA,NA,S,0,0,600925.9138,36.95,1999,23,11.5,36.95
186835,Active,639438,NA,NA,S,1,0,438198.2225,55,2003,51,15.47,25.4
186836,Active,858404,NA,NA,S,4,1,294830.8488,80.73,2014,20,50.14,63.98
186837,Active,55763,NA,NA,D,3,1,96829.9775,119.2,2011,80,9.04,29.98
186838,Active,2265353,NA,NA,S,3,1,859337.9475,75.32,2011,42,13.2,32.85
186839,Active,52763,NA,NA,S,1,0,1893813.884,149.95,2006,22,4.29,48.89
186840,Active,544325,NA,NA,D,4,1,26821.805,247.95,2013,83,12.54,86.47
186841,Active,52762,NA,NA,D,2,1,396552.1775,262.95,2008,46,4,38.91
186842,Active,52765,NA,NA,D,3,1,138174.2575,272.95,2010,79,7.46,57.46
186843,Active,55762,NA,NA,D,2,1,234222.81,93.8,2007,43,4,10.85
186844,Active,2255606,NA,NA,S,2,1,1461219.205,53.65,2008,42,7.49,46.99
186845,Active,898733,NA,NA,S,0,0,704197.495,19.95,2014,23,4.52,13.98
186846,Active,181973,NA,NA,S,1,0,20363.6,44.99,2009,36,15.84,27.88
186847,Active,3483625,NA,NA,D,0,0,1878165.95,75,1980,46,3.99,23.39
186848,Active,647217,NA,NA,S,2,1,288418.8313,50,2011,31,30.99,0
186849,Active,623256,NA,NA,S,2,1,255193.095,70.99,2008,35,18.89,31.99
186850,Active,2910598,NA,NA,S,6,1,1934989.381,92,2004,19,11.6,81.48
186851,Active,663195,NA,NA,S,1,0,50829.325,39.99,2013,16,23.51,25.48
186852,Active,675241,NA,NA,S,1,0,1275976.909,27.95,2007,55,4,19.49
186853,Active,3083811,NA,NA,D,2,1,2029269.916,209,2005,9,71.41,62.51
186854,Active,3219765,NA,NA,S,4,1,950100.0613,102.99,2004,8,43.97,102.99
186855,Active,137468,NA,NA,D,3,1,1034830.14,98.2,2003,26,5.28,61.29
186856,Active,57070,NA,NA,D,9,1,168354.2413,132.67,2004,52,4.61,43.84
186857,Active,57072,NA,NA,D,7,1,3400237.201,67.6,2001,37,4,44.4
186858,Active,3291376,NA,NA,D,9,1,545490.6013,63.7,1900,19,8.55,60.95
186859,Active,57069,NA,NA,D,8,1,1481206.761,101,2001,32,4,11.75
186860,Active,552074,NA,NA,S,2,1,497523.075,123.4,2002,42,23.86,50.35
186861,Active,868157,NA,NA,D,1,0,1501737.909,108.33,1999,14,4.25,53.26
186862,Active,193379,NA,NA,D,0,0,2910085.101,135,2005,20,5.39,19.22
186863,Active,193642,NA,NA,D,2,1,878003.3813,142,2009,31,13.21,90.31
186864,Active,126067,NA,NA,S,0,0,556968.1788,50,2002,28,18.99,38.68
186865,Active,1476368,NA,NA,S,0,0,715508.8363,39.95,2012,14,18.98,26.06
186866,Active,864708,NA,NA,S,8,1,10758.93,66.6,2014,41,41.34,57.69
186867,Active,55461,NA,NA,D,5,1,1056754.488,41,2005,53,3.99,4.95
186868,Active,875696,NA,NA,D,6,1,1677724.181,17.55,2008,59,5.63,16.04
186869,Active,55462,NA,NA,D,6,1,409913.87,51.2,2008,81,4,12.12
186870,Active,2851708,NA,NA,D,0,0,2840803.161,220,2005,15,48.97,209.08
186871,Active,2238266,NA,NA,D,14,1,41518.27125,32.83,2007,11,27.99,27.69
186872,Active,1539881,NA,NA,D,1,0,3623069.529,34.95,2007,19,19.67,131.81
186873,Active,1543853,NA,NA,S,2,1,1236127.37,49.95,2012,28,27.65,30.13
186874,Active,178881,NA,NA,D,12,1,36788.47375,300.95,2011,61,9.09,81.99
186875,Active,176811,NA,NA,S,9,1,2135663.005,107.95,2001,34,4,38.99
186876,Active,169208,NA,NA,D,11,1,802857.0413,323.95,2006,68,3,35.98
186877,Active,877472,NA,NA,D,12,1,886945.8288,45,2012,27,4.1,13.97
186878,Active,242760,NA,NA,S,0,0,912030.6063,80,2003,44,46.38,64.56
186879,Active,1582975,NA,NA,S,0,0,414731.9738,49.99,2013,28,19.17,40.03
186880,Active,300115,NA,NA,D,15,1,2099056.91,250,2007,24,68.99,160.91
186881,Active,909998,NA,NA,S,19,1,162694.0713,140,2013,49,5.48,86.42
186882,Active,665212,NA,NA,S,3,1,22230.275,41.95,2012,35,26.17,28.99
186883,Active,527778,NA,NA,S,3,1,330455.08,74.95,2011,52,9.17,43.38
186884,Active,663167,NA,NA,D,1,0,1078466.758,115,2013,22,4.78,80.85
186885,Active,618280,NA,NA,S,1,0,238724.6463,49.95,2008,28,24.91,33.21
186886,Active,623687,NA,NA,S,4,1,265279.5,76.95,1997,58,4,19.91
186887,Active,2085745,NA,NA,S,0,0,29745.7,62.99,2013,13,43.98,43.98
186888,Active,2090545,NA,NA,S,0,0,24933.4,62.99,2013,17,34.3,35
186889,Active,2085744,NA,NA,S,0,0,37584.075,77.99,2013,5,44.89,44.86
186890,Active,2039336,NA,NA,D,0,0,1542805.058,64,2010,33,34.85,42.45
186891,Active,1683271,NA,NA,D,0,0,30744.8375,81.99,2008,18,28.99,39.95
186892,Active,614699,NA,NA,D,4,1,1072295.77,109.95,1999,56,3.99,35.92
186893,Active,911076,NA,NA,S,0,0,975665.0488,19.95,2003,39,4.59,28.49
186894,Active,1964810,NA,NA,S,3,1,211275.7575,40.99,2014,36,19.83,21.52
186895,Active,628891,NA,NA,S,2,1,303487.0913,33.99,2005,44,10.62,47.7
186896,Active,867301,NA,NA,S,4,1,48122.95875,39.99,2014,46,22.06,23.99
186897,Active,678915,NA,NA,D,0,0,2525328.18,29.99,2005,27,4.39,23.98
186898,Active,206809,NA,NA,D,3,1,286317.07,39.99,2011,30,7.94,32.65
186899,Active,896893,NA,NA,S,3,1,1181408.559,49.99,2014,18,14.42,29.96
186900,Active,631502,NA,NA,D,2,1,984245.1588,49.99,2011,28,6.2,49.98
186901,Active,1688796,NA,NA,S,4,1,22506,34.99,2014,15,23.38,23.18
186902,Active,2103022,NA,NA,S,1,0,38756.1,44.99,2015,14,25.64,24.78
186903,Active,632161,NA,NA,D,0,0,381772.1925,52.99,2012,35,7.96,0
186904,Active,527776,NA,NA,S,3,1,403164.8325,40.95,2008,24,23.94,34.67
186905,Active,264213,NA,NA,S,0,0,1275808.439,34.95,2003,28,7.75,28.55
186906,Active,204188,NA,NA,S,3,1,419079.1113,49.99,2008,27,13.06,53.48
186907,Active,665505,NA,NA,S,12,1,29898.2925,109.99,2011,15,83.92,97.72
186908,Active,664333,NA,NA,D,0,0,545445.7,40,2013,38,3.43,23.99
186909,Active,2098022,NA,NA,D,2,1,263606.3163,40,2014,63,4,25.49
186910,Active,673120,NA,NA,S,5,1,74608.055,16.99,2013,61,4.07,16.48
186911,Active,1688469,NA,NA,S,2,1,1076287.143,34.99,2007,55,4,13.88
186912,Active,649532,NA,NA,S,4,1,52630.175,39.99,2013,118,11.46,20.42
186913,Active,660776,NA,NA,S,3,1,511846.3575,49.99,2013,61,6.07,23.49
186914,Active,626637,NA,NA,S,4,1,22293.80375,34.99,2013,68,11.48,20.16
186915,Active,2098042,NA,NA,S,1,0,13877.775,54.99,2015,24,20.93,31.61
186916,Active,862188,NA,NA,S,0,0,108159.74,54.99,2014,96,4,0
186917,Active,264212,NA,NA,S,2,1,929644.1125,35.95,2003,49,4.79,18.99
186918,Active,3232835,NA,NA,S,2,1,1821520.748,41.95,2005,35,5.57,21.96
186919,Active,859914,NA,NA,S,6,1,393915.6175,168.95,2009,48,13.89,78.99
186920,Active,527773,NA,NA,S,5,1,67548.72375,59.99,2010,97,13.95,23.87
186921,Active,3072474,NA,NA,D,2,1,2842160.574,35.95,2003,44,4.13,11
186922,Active,264289,NA,NA,D,4,1,938831.835,42.95,2007,62,4,11.49
186923,Active,2100314,NA,NA,S,0,0,49690.425,62.99,2013,3,37.03,36.86
186924,Active,2085752,NA,NA,S,0,0,21388.4,77.99,2013,16,44.59,46.94
186925,Active,390058,NA,NA,D,3,1,1217679.328,70,2009,47,4,8.94
186926,Active,2698948,NA,NA,D,0,0,3317827.814,41.95,1998,21,6.98,53.1
186927,Active,194803,NA,NA,S,2,1,1029137.729,34.95,2000,67,4,10.31
186928,Active,1696701,NA,NA,S,4,1,34714.555,49.95,2014,47,22.99,29.66
186929,Active,577071,NA,NA,S,1,0,94532.845,207.5,2004,60,17.54,73.43
186930,Active,801971,NA,NA,D,0,0,2026265.393,52,2009,13,17.84,27.9
186931,Active,544962,NA,NA,S,0,0,207272.4563,59,2009,25,43.63,42.44
186932,Active,1592764,NA,NA,D,1,0,1129982.445,86,2007,19,40.67,64.56
186933,Active,617613,NA,NA,D,1,0,1250941.496,38.95,1994,26,4,35.63
186934,Active,830394,NA,NA,S,2,1,721236.0063,65,2002,32,27.04,33.99
186935,Active,626437,NA,NA,D,0,0,203686.5925,37.95,2004,38,4.88,38.99
186936,Active,904083,NA,NA,S,2,1,400076.2,40.95,2014,31,30.85,36.61
186937,Active,541372,NA,NA,S,2,1,319463.395,47.95,2013,24,41.81,42.34
186938,Active,606832,NA,NA,S,4,1,886213.8663,17.4,2002,81,4,29.95
186939,Active,622756,NA,NA,D,0,0,831634.3663,84,2006,46,6.23,33.99
186940,Active,909384,NA,NA,D,2,1,1887234.651,48.72,2009,47,9.83,53.53
186941,Active,657295,NA,NA,S,3,1,1012509.783,108,2006,29,23.94,75.89
186942,Active,592122,NA,NA,S,1,0,90344.27125,118,2011,52,22.83,32.25
186943,Active,285449,NA,NA,S,6,1,21644.3075,177.25,2009,64,20.42,93.46
186944,Active,366217,NA,NA,S,0,0,430998.8988,119,2002,39,15.81,54.69
186945,Active,606940,NA,NA,D,5,1,643913.3188,43.99,2005,65,4,42.99
186946,Active,363546,NA,NA,D,2,1,536967.2625,122,2009,43,7.71,25.99
186947,Active,60681,NA,NA,D,5,1,614036.58,13.22,2006,93,4,15.17
186948,Active,639851,NA,NA,S,0,0,32862.51625,18.25,2012,29,9.95,17.75
186949,Active,119071,NA,NA,D,1,0,1078159.544,51.6,2010,9,43.66,35.94
186950,Active,652539,NA,NA,S,2,1,63226.6975,45,2012,56,22.96,29.99
186951,Active,1924440,NA,NA,S,3,1,429485.2163,41,2015,26,14.38,30.58
186952,Active,584555,NA,NA,S,2,1,56588.4825,39.95,1991,275,4.57,10.86
186953,Active,764616,NA,NA,S,2,1,120293.7713,86.95,1998,73,5.72,36.09
186954,Active,791007,NA,NA,S,2,1,342066.5538,45,2013,50,7.55,13.97
186955,Active,873411,NA,NA,D,6,1,1647182.678,77.11,2010,36,19.69,46.77
186956,Active,192900,NA,NA,S,4,1,2636032.059,56.95,2002,44,4,17.55
186957,Active,253974,NA,NA,D,6,1,356851.8513,84.95,2010,51,15.77,34.87
186958,Active,864709,NA,NA,S,7,1,25909.20125,79.95,2014,31,47.04,51.94
186959,Active,298362,NA,NA,D,5,1,944347.76,74.95,2005,54,4,28.99
186960,Active,253977,NA,NA,D,19,1,308852.7863,165,2011,32,7.19,87.97
186961,Active,248819,NA,NA,D,18,1,305409.4988,179,2007,41,15.66,73.97
186962,Active,2752566,NA,NA,S,0,0,180736.4588,39.99,1995,24,13.48,33.26
186963,Active,527766,NA,NA,S,2,1,89362.5675,59.99,2008,47,14.6,38.96
186964,Active,565075,NA,NA,D,0,0,1788695.039,34.95,2005,38,3.9,14
186965,Active,203573,NA,NA,D,3,1,1383282.216,239,2004,24,7.64,46.4
186966,Active,3134578,NA,NA,D,3,1,1661325.331,64.95,1995,21,4,36.35
186967,Active,527764,NA,NA,D,2,1,739477.5038,187,2010,34,40.08,99.2
186968,Active,103882,NA,NA,D,1,0,3007618.859,151,2002,19,6.38,48.65
186969,Active,662375,NA,NA,S,6,1,3375046.416,85.95,2011,17,6.4,32.13
186970,Active,527763,NA,NA,D,9,1,768072.4275,329,2010,27,45.43,100.19
186971,Active,700204,NA,NA,D,5,1,1075188.358,54.95,2003,39,4,43.49
186972,Active,637860,NA,NA,S,2,1,1079754.694,43.95,2011,29,11.18,33.08
186973,Active,644351,NA,NA,S,7,1,34434.2725,66,2013,29,36.69,52.93
186974,Active,3569339,NA,NA,D,5,1,3037082.4,149,1999,24,7.67,49.3
186975,Active,1590247,NA,NA,D,1,0,2108205.031,89.99,2008,18,47.55,50.16
186976,Active,308111,NA,NA,D,6,1,399171.2,66,2009,23,13.38,81.23
186977,Active,2664446,NA,NA,D,2,1,2257853.034,325.99,2001,22,6.27,23.18
186978,Active,915345,NA,NA,S,2,1,765028.5363,80,1997,42,4.76,45.33
186979,Active,2432700,NA,NA,S,2,1,389331.7563,46,1997,40,13.24,39.75
186980,Active,900645,NA,NA,D,1,0,3428481.658,97.95,2008,14,17.72,17.99
186981,Active,642341,NA,NA,S,3,1,502768.4675,46.95,2011,26,24.97,35.47
186982,Active,2608601,NA,NA,D,2,1,4522252.54,39.99,1999,23,4,34.72
186983,Active,2170292,NA,NA,S,0,0,27777.125,45.99,2014,14,36.89,36.99
186984,Active,1638568,NA,NA,D,6,1,2799078.276,158,2006,17,23.99,113.77
186985,Active,635219,NA,NA,S,2,1,673042.8913,62.95,2008,28,14.93,0
186986,Active,111033,NA,NA,D,6,1,332291.9213,317.25,2008,142,6.26,33.83
186987,Active,110052,NA,NA,D,7,1,7061.56,277.25,2011,139,16.74,93.57
186988,Active,60650,NA,NA,D,5,1,674526.8325,47.23,2006,104,4.2,28.73
186989,Active,528022,NA,NA,D,6,1,225398.3888,186.56,2008,87,6.13,18.92
186990,Active,864246,NA,NA,S,28,1,23062.25125,59.95,2012,42,37.99,40.87
186991,Active,863473,NA,NA,D,27,1,821907.645,59.95,2007,19,33.99,0
186992,Active,625760,NA,NA,S,2,1,2200455.765,59.99,2006,25,4.02,0
186993,Active,237045,NA,NA,D,2,1,538993.7563,94.95,1997,33,8.8,88.97
186994,Active,912535,NA,NA,S,3,1,815773.7438,63.99,2010,46,18.67,58.97
186995,Active,867198,NA,NA,S,4,1,1172.7025,39.95,2014,38,24.99,28.6
186996,Active,527761,NA,NA,D,3,1,54179.89,39.95,2010,125,13.99,28.98
186997,Active,527760,NA,NA,S,2,1,393192.14,94.95,2009,27,32.83,40.96
186998,Active,624263,NA,NA,D,1,0,792880.7188,99.95,2004,30,5.41,11.87
186999,Active,301159,NA,NA,D,1,0,1243058.289,54.95,2005,42,4.76,18.94
187000,Active,862190,NA,NA,S,3,1,31280.58625,62.95,2014,28,40.64,39.8
187001,Active,527757,NA,NA,D,2,1,358594.7425,64.95,2009,43,26.99,39.59
187002,Active,862191,NA,NA,S,2,1,307271.5538,65.95,2014,24,43.34,45.41
187003,Active,509507,NA,NA,D,1,0,990528.73,64.95,2004,21,13.86,23.74
187004,Active,277977,NA,NA,D,1,0,1213081.014,64.95,2004,28,7.71,18.79
187005,Active,612405,NA,NA,S,2,1,655510.1988,62.95,2013,26,8.91,54.45
187006,Active,648926,NA,NA,D,1,0,2101102.393,99.95,2004,22,13.94,53.88
187007,Active,647363,NA,NA,D,2,1,465496.5438,39.95,2010,31,22.99,56.82
187008,Active,619865,NA,NA,D,1,0,1434427.738,36.95,2004,17,10.4,104.23
187009,Active,619822,NA,NA,S,3,1,670729.0338,89.95,2007,43,11.69,54.72
187010,Active,2378152,NA,NA,D,2,1,1777732.821,99,1996,16,5.06,43.49
187011,Active,3471915,NA,NA,D,3,1,1410896.7,125,1999,29,4,45.94
187012,Active,895813,NA,NA,D,1,0,1679121.096,59.95,2010,14,4.06,34.22
187013,Active,635617,NA,NA,S,1,0,58324.3,74.99,2012,17,43.99,45.34
187014,Active,527755,NA,NA,S,1,0,272309.3063,60,2012,79,9.1,17.97
187015,Active,265683,NA,NA,S,1,0,522425.3988,60,2007,134,4,8.54
187016,Active,193939,NA,NA,S,3,1,352509.6275,54.99,2002,31,9.03,34.41
187017,Active,321512,NA,NA,D,1,0,1661495.189,150.6,1999,34,4,19.06
187018,Active,537719,NA,NA,S,3,1,286158.9313,40,2012,23,10.93,0
187019,Active,627470,NA,NA,S,2,1,102836.135,59.99,2009,50,15.78,23.97
187020,Active,868056,NA,NA,D,1,0,354659.01,68,1995,43,4,32.73
187021,Active,527754,NA,NA,S,2,1,266623.295,70,2013,37,22.16,34.99
187022,Active,313012,NA,NA,S,2,1,2632217.69,50,2002,29,4,11.99
187023,Active,120828,NA,NA,D,4,1,252340.035,91.8,2010,21,5.45,46.99
187024,Active,118801,NA,NA,D,3,1,1804704.688,79,2006,46,4,5.97
187025,Active,293896,NA,NA,D,1,0,463628.5938,107.95,2010,37,8.15,20.97
187026,Active,612127,NA,NA,S,2,1,109019.3025,99.95,2013,23,41.76,65.17
187027,Active,1615972,NA,NA,S,2,1,846536.3138,39.99,2006,38,4,23.35
187028,Active,534776,NA,NA,S,2,1,78131.44875,49.99,2011,76,13.82,29.68
187029,Active,868355,NA,NA,D,1,0,591096.8425,44.99,2007,45,4.76,21.99
187030,Active,608819,NA,NA,S,3,1,4383627.106,112.95,2004,47,4,15.99
187031,Active,54300,NA,NA,D,5,1,499273.08,115.95,2009,143,4,10.27
187032,Active,54301,NA,NA,D,4,1,823138.9,115.95,2005,113,4,6.11
187033,Active,527751,NA,NA,D,3,1,73670.4425,75,2012,64,11.4,42.97
187034,Active,649449,NA,NA,S,6,1,60862.61375,45,2013,55,13.78,22.5
187035,Active,162318,NA,NA,S,3,1,1368716.384,39.99,2008,39,4,20.46
187036,Active,201529,NA,NA,S,2,1,1970786.959,34.99,2005,49,3.99,8.71
187037,Active,535726,NA,NA,S,5,1,200521.2263,39.99,2012,97,8.79,27.98
187038,Active,183829,NA,NA,S,2,1,732381.9788,136.95,2003,26,9.96,35.88
187039,Active,314158,NA,NA,D,2,1,1016662.975,95,2008,84,4,11.63
187040,Active,621949,NA,NA,S,1,0,51994.075,85,2010,26,58.77,60.55
187041,Active,1585343,NA,NA,S,1,0,16974.025,59.99,2010,37,33.59,44.87
187042,Active,641887,NA,NA,S,0,0,706656.6325,47,1993,25,30.98,37.41
187043,Active,542294,NA,NA,D,7,1,708670.1263,25.95,2008,19,5.88,13.65
187044,Active,527750,NA,NA,D,7,1,166284.8163,301.95,2008,74,5.13,59.24
187045,Active,859088,NA,NA,S,6,1,634614.8375,126.95,2003,28,3,63.52
187046,Active,868369,NA,NA,D,3,1,1494238.87,114.99,2002,18,36.44,75.99
187047,Active,908591,NA,NA,D,0,0,3007689.826,442.49,1970,13,6.39,141.82
187048,Active,830240,NA,NA,S,3,1,1267221.996,59,1994,36,4,37.79
187049,Active,334685,NA,NA,D,3,1,2186174.58,199,1997,27,7.85,36.92
187050,Active,139750,NA,NA,D,0,0,1227253.699,149,2005,15,15.26,27.5
187051,Active,622270,NA,NA,D,2,1,708039.725,150,1998,26,7.88,79.14
187052,Active,626724,NA,NA,D,0,0,1011297.64,89.33,1994,41,5.35,37.77
187053,Active,127426,NA,NA,D,1,0,489738.77,45,2009,24,12.43,49.97
187054,Active,270798,NA,NA,D,8,1,54450.12625,77.99,2011,70,10.93,62.71
187055,Active,636377,NA,NA,S,4,1,509072.285,42.95,2012,46,24.33,27.2
187056,Active,203845,NA,NA,D,7,1,45758.64875,71.95,2007,121,8.99,59.24
187057,Active,864710,NA,NA,S,9,1,7909.93125,81.99,2014,46,54.35,59.35
187058,Active,527747,NA,NA,S,2,1,317731.9038,56,2012,78,37.01,43.99
187059,Active,60683,NA,NA,D,6,1,569206.3438,59.95,2003,98,4,24.05
187060,Active,606749,NA,NA,D,3,1,455117.6875,77,2003,45,4.72,43.99
187061,Active,606795,NA,NA,S,4,1,88454.48,80,2012,54,27.98,44.47
187062,Active,616056,NA,NA,D,1,0,75561.69,73.95,2002,67,13.42,41.99
187063,Active,616468,NA,NA,S,3,1,326971.24,143.95,1994,47,5.8,27.77
187064,Active,917820,NA,NA,S,2,1,45652.07625,117.5,2013,27,55.55,68.77
187065,Active,642284,NA,NA,D,1,0,201618.7163,34,2011,43,26.78,34.36
187066,Active,663614,NA,NA,S,2,1,162888.7638,89.95,2013,24,33.39,63.75
187067,Active,858405,NA,NA,S,1,0,36512.775,39.95,2014,16,39.96,35.07
187068,Active,259278,NA,NA,D,1,0,384005.0213,154.95,2005,42,4.63,51.21
187069,Active,192543,NA,NA,D,0,0,1782759.478,58.95,2000,37,4.06,55.43
187070,Active,192462,NA,NA,D,2,1,122112.6813,89.95,2006,48,21.53,29.48
187071,Active,632564,NA,NA,S,2,1,3666033.098,31.95,1999,24,4,26.98
187072,Active,147251,NA,NA,D,5,1,440521.8213,107,2006,65,8.35,17.1
187073,Active,904781,NA,NA,D,3,1,4237264.601,195,2001,19,4.02,96.05
187074,Active,872246,NA,NA,S,3,1,3862168.91,56.95,1997,26,4,28.99
187075,Active,203645,NA,NA,S,7,1,2047622.749,39.95,2004,25,5.12,43.7
187076,Active,629681,NA,NA,S,3,1,385552.1638,90.99,2006,26,9.12,15.88
187077,Active,789349,NA,NA,D,5,1,955841.96,69.95,2004,38,4,14.03
187078,Active,196653,NA,NA,D,5,1,86339.3725,83.95,2007,54,19.25,30.8
187079,Active,293518,NA,NA,D,5,1,2071767.096,540.95,2007,14,74.11,324.35
187080,Active,127019,NA,NA,D,4,1,814651.7388,170,2006,26,55.79,103.23
187081,Active,606789,NA,NA,S,7,1,716052.6425,32,2009,42,4,31.01
187082,Active,257618,NA,NA,S,4,1,2061869.039,49.95,2004,24,4,10.57
187083,Active,194139,NA,NA,D,4,1,383572.7288,96,2008,54,6.96,44.98
187084,Active,609430,NA,NA,S,2,1,1071680.124,55,1994,21,11.95,34.26
187085,Active,627496,NA,NA,D,1,0,1066728.854,260,2008,18,13.86,51.95
187086,Active,907562,NA,NA,D,0,0,4220305.423,38.95,1998,22,4.96,47.67
187087,Active,289961,NA,NA,D,3,1,2568910.76,66.95,2006,12,6.39,122.05
187088,Active,620905,NA,NA,S,3,1,210531.9288,95,2001,40,11.69,52.43
187089,Active,527739,NA,NA,S,2,1,413457.2763,41.19,2007,45,9.84,18.99
187090,Active,527737,NA,NA,S,2,1,519006.3175,90.99,2012,26,27.29,55.02
187091,Active,105757,NA,NA,D,1,0,1715104.726,83.95,2003,22,9.59,44.97
187092,Active,546878,NA,NA,S,7,1,745393.7663,60.95,2012,20,46.96,49.43
187093,Active,3559882,NA,NA,D,1,0,5600389.45,379,1998,16,21.44,109.36
187094,Active,194128,NA,NA,S,2,1,586608.84,92,2007,40,19.25,59.72
187095,Active,3508606,NA,NA,D,4,1,3558705.7,47.95,2002,20,5.84,48.79
187096,Active,125832,NA,NA,D,4,1,559994.8688,99.95,2004,40,7.99,51.08
187097,Active,2403535,NA,NA,D,2,1,2399712.901,49.95,1983,42,4,9.98
187098,Active,2551195,NA,NA,D,4,1,703849.1725,64.95,1999,17,4.9,60.27
187099,Active,3547250,NA,NA,D,2,1,4696935.85,69.95,2000,22,14.44,59.98
187100,Active,1839582,NA,NA,S,3,1,1069221.17,53.99,2008,38,36.68,42.44
187101,Active,3746111,NA,NA,S,4,1,47920,109.99,2016,14,82.28,97.18
187102,Active,789725,NA,NA,D,3,1,1769713.519,87.5,2005,24,4.97,45.18
187103,Active,577317,NA,NA,D,2,1,4314537.12,69.95,1999,20,4.39,51.03
187104,Active,2095436,NA,NA,S,2,1,403865.71,72.95,2013,21,49.93,60.18
187105,Active,832190,NA,NA,S,5,1,51079.8475,81.87,2011,24,68.82,66.99
187106,Active,2256824,NA,NA,D,3,1,2207863.269,53.42,2007,40,7.33,50.98
187107,Active,2940452,NA,NA,D,2,1,3583415.53,36.95,2003,26,4.75,23.23
187108,Active,270785,NA,NA,S,0,0,51864.35,64.99,2011,27,20.98,25.98
187109,Active,57637,NA,NA,D,4,1,70432.04,109.95,2008,98,8.56,38.99
187110,Active,533285,NA,NA,S,4,1,9136.505,92.95,2012,78,42.98,55.31
187111,Active,57968,NA,NA,D,3,1,106413.0688,85.95,2007,76,5.11,23.28
187112,Active,54442,NA,NA,D,3,1,11784.00625,124.99,2006,280,6.94,20.97
187113,Active,57639,NA,NA,S,2,1,573744.8313,84.95,2001,67,4.13,14.99
187114,Active,57638,NA,NA,D,3,1,310047.7188,86.95,2004,89,4.14,23.98
187115,Active,204123,NA,NA,D,3,1,266725.0388,69.95,2007,37,6.87,52.23
187116,Active,270799,NA,NA,D,3,1,151450.105,76.95,2008,58,6.64,34.99
187117,Active,527734,NA,NA,S,4,1,20355.62375,89.99,2012,161,44.98,56.81
187118,Active,57967,NA,NA,S,2,1,1228087.819,61.95,2002,50,3.94,15.84
187119,Active,743328,NA,NA,D,2,1,2863321.275,82.95,2002,24,5.91,34.99
187120,Active,616225,NA,NA,S,2,1,520726.5688,197.95,1998,53,5.31,60.23
187121,Active,867235,NA,NA,S,2,1,115845.1588,47.5,2014,28,37.72,36.85
187122,Active,153744,NA,NA,S,1,0,161773.9625,32,2002,41,9.81,46.99
187123,Active,153775,NA,NA,S,2,1,25434.25375,44.95,2010,44,24.48,24.49
187124,Active,623461,NA,NA,S,7,1,844686.3225,34,2010,31,4.38,16.99
187125,Active,639624,NA,NA,S,8,1,529258.8875,39,2013,29,9.47,27.99
187126,Active,3601877,NA,NA,D,0,0,10759064,39,1997,51,4.03,23.92
187127,Active,637324,NA,NA,S,2,1,1122046.121,74.99,2004,51,10.95,53.45
187128,Active,901402,NA,NA,D,1,0,3456694.503,52.95,2003,15,7.98,7.98
187129,Active,633196,NA,NA,S,2,1,576876.5363,52.99,2011,25,21.04,38.99
187130,Active,2778808,NA,NA,D,1,0,4344211.308,249,1994,9,111.31,622
187131,Active,3467487,NA,NA,D,0,0,6105155.8,295,1994,11,101.87,0
187132,Active,3157235,NA,NA,D,0,0,689864.0888,9.99,2004,22,11.33,38.94
187133,Active,2592096,NA,NA,S,17,1,136289.625,49.99,1983,44,22.57,27.76
187134,Active,654724,NA,NA,S,2,1,98839.74125,47.5,2009,42,24.63,47.5
187135,Active,132822,NA,NA,D,6,1,395267.65,127.4,2009,48,4.14,44.44
187136,Active,132821,NA,NA,D,6,1,1772352.671,98.4,2009,52,4,44.69
187137,Active,916519,NA,NA,S,8,1,84869.6,35,2010,33,6.65,21.73
187138,Active,116146,NA,NA,S,4,1,948635.4125,147.8,2006,47,5.78,71.97
187139,Active,904722,NA,NA,D,2,1,3716235.529,27.33,2001,19,4,32.53
187140,Active,848989,NA,NA,D,0,0,3340085.294,28,1998,18,4,21.93
187141,Active,620084,NA,NA,S,3,1,216895.38,46.95,1996,54,12.95,34.36
187142,Active,110392,NA,NA,S,6,1,678583.6325,49.93,2006,36,4.13,49.88
187143,Active,57797,NA,NA,S,4,1,264019.0888,83,2007,76,4,29.28
187144,Active,57800,NA,NA,S,3,1,2588136.9,69.33,2004,72,3.99,4.74
187145,Active,132804,NA,NA,S,3,1,978056.825,42.8,2009,36,4,23.65
187146,Active,1633031,NA,NA,S,0,0,206783.6975,50,2014,19,33.86,36.07
187147,Active,917310,NA,NA,D,1,0,1766256.038,20,2007,44,4,9.48
187148,Active,627448,NA,NA,D,2,1,785239.9425,70,2010,43,6.38,10.06
187149,Active,1843077,NA,NA,S,0,0,165045.625,27.99,2009,12,23.12,26.49
187150,Active,199656,NA,NA,D,0,0,220062.2513,35,2002,101,5.61,13.71
187151,Active,127179,NA,NA,D,2,1,1204595.663,35,2007,73,4.09,51.81
187152,Active,630019,NA,NA,D,3,1,426392.3288,39.95,2010,35,4.69,22.03
187153,Active,2668584,NA,NA,S,0,0,591678.9225,19.95,2005,91,4,10.25
187154,Active,610379,NA,NA,S,6,1,12232.43625,152.95,2013,67,27.65,63.9
187155,Active,568799,NA,NA,S,2,1,43216.965,45,2005,74,14.93,27.72
187156,Active,3068155,NA,NA,S,7,1,723850.585,53.95,2000,42,11.16,20.31
187157,Active,649720,NA,NA,S,2,1,141861.6,52.95,2012,28,37.73,0
187158,Active,3605771,NA,NA,D,1,0,994200.05,59.95,1900,27,4.98,24.92
187159,Active,645293,NA,NA,S,2,1,1024048.86,43.95,2006,33,22.36,30.44
187160,Active,189903,NA,NA,S,0,0,461769.0663,39.95,2004,38,4.96,17.58
187161,Active,3948119,NA,NA,D,1,0,4782519.3,99,1987,29,66.14,79.91
187162,Active,633685,NA,NA,D,0,0,310341.225,26.99,1999,17,22.16,33.94
187163,Active,2084509,NA,NA,S,11,1,43680.1375,22.99,2013,45,16.31,33.74
187164,Active,2098046,NA,NA,S,12,1,45587.68875,22.99,2015,26,16.39,18.73
187165,Active,162831,NA,NA,D,4,1,260864.1513,50,2009,58,4.94,73
187166,Active,3783102,NA,NA,D,1,0,7317186.05,16.95,1900,12,21.2,80.16
187167,Active,213180,NA,NA,S,2,1,157113.585,59.95,2005,27,42.98,0
187168,Active,891734,NA,NA,D,3,1,8289161.103,21.49,2006,15,12.23,22
187169,Active,884065,NA,NA,D,3,1,6169681.308,27.87,2006,10,16.78,22.49
187170,Active,1463948,NA,NA,S,4,1,5498358.39,26.97,2012,14,22.73,25.24
187171,Active,132660,NA,NA,D,6,1,212112.5563,146.6,2008,68,4.74,53.23
187172,Active,174743,NA,NA,S,1,0,747246.135,44.99,2000,51,4,14.57
187173,Active,183327,NA,NA,D,2,1,780267.425,92.95,2005,66,4,10.69
187174,Active,858244,NA,NA,S,0,0,54964.5825,74.99,2013,17,45.99,48.83
187175,Active,851626,NA,NA,S,0,0,241772.6175,42.99,2000,75,6.93,26.94
187176,Active,292699,NA,NA,S,0,0,318382.27,65.99,1995,49,13.2,132.58
187177,Active,751393,NA,NA,S,2,1,837072.3863,25.95,2009,48,4,8.56
187178,Active,591110,NA,NA,S,1,0,56402.075,91.95,2013,24,48.64,57
187179,Active,1588505,NA,NA,D,1,0,2450779.79,76,2008,25,4.9,45.79
187180,Active,105695,NA,NA,S,2,1,410283.2063,45,2001,99,4,0
187181,Active,634193,NA,NA,D,2,1,1681192.284,43,2006,32,4,22.61
187182,Active,623518,NA,NA,S,2,1,443100.1388,60.95,2009,44,4.9,13.1
187183,Active,258371,NA,NA,S,2,1,415192.4513,88,2001,22,31.39,101.35
187184,Active,628676,NA,NA,D,3,1,191165.49,85,2011,29,25.83,59.08
187185,Active,246247,NA,NA,S,1,0,628672.5813,55.95,2005,29,22.48,38.77
187186,Active,557500,NA,NA,S,1,0,1040695.176,76.6,2009,46,4,38.94
187187,Active,2808105,NA,NA,S,0,0,144604.2638,45,2003,51,19.12,31.78
187188,Active,527726,NA,NA,S,3,1,14358.36875,60,2010,28,22.14,34.04
187189,Active,126990,NA,NA,S,4,1,81650.015,42.99,2010,30,18.24,32.24
187190,Active,2410191,NA,NA,S,0,0,270869.945,42.99,1991,126,4.21,13.16
187191,Active,1476162,NA,NA,S,2,1,685218.065,39.95,2012,21,8.76,255.23
187192,Active,1450160,NA,NA,S,2,1,258311.6238,46.65,2009,28,9.98,33.96
187193,Active,619794,NA,NA,S,2,1,199130.8488,46.65,2009,14,23.98,36.54
187194,Active,184102,NA,NA,D,1,0,3292094.373,126.95,2007,20,4,6.99
187195,Active,637849,NA,NA,S,1,0,284082.8313,121.95,2011,25,23.58,0
187196,Active,114821,NA,NA,S,1,0,44724.975,81.6,2006,31,22.78,41.31
187197,Active,178636,NA,NA,S,1,0,942046.2938,209.95,2010,44,4,48.77
187198,Active,148778,NA,NA,S,1,0,1769012.171,231.95,2009,29,4.32,41.07
187199,Active,178973,NA,NA,D,1,0,2511373.33,191.95,2011,26,4,43.87
187200,Active,614233,NA,NA,D,1,0,1944388.041,105.95,2007,36,4,10.94
187201,Active,178922,NA,NA,D,2,1,972718.4513,153.95,2009,47,4,30.99
187202,Active,904408,NA,NA,S,17,1,455786.5538,117.95,2014,34,4.78,63.99
187203,Active,544755,NA,NA,D,16,1,64395.58,134.95,2013,103,7.89,51.03
187204,Active,533549,NA,NA,D,15,1,1035111.209,148.95,2012,98,4,9.99
187205,Active,244066,NA,NA,D,14,1,1056188.526,162.95,2011,75,4,5.29
187206,Active,570570,NA,NA,S,13,1,1406386.645,178.95,2010,64,4,23.95
187207,Active,773051,NA,NA,D,2,1,10103482.22,52.95,2000,17,4.09,11.99
187208,Active,244056,NA,NA,S,6,1,596217.4663,68.95,2011,33,12.66,32.93
187209,Active,184104,NA,NA,D,2,1,1669187.49,191.95,2005,41,4,4
187210,Active,170010,NA,NA,D,3,1,860543.0638,225.95,2009,61,4,43.98
187211,Active,251189,NA,NA,D,4,1,725256.4838,203.95,2009,52,4.37,36.36
187212,Active,178982,NA,NA,S,1,0,568469.765,86.95,2010,89,4,13.89
187213,Active,178980,NA,NA,S,1,0,219058.6913,171.95,2010,152,4,21.82
187214,Active,1773282,NA,NA,S,1,0,931447.3825,227.95,2011,11,6.64,2346.73
187215,Active,178897,NA,NA,S,1,0,50249.05,180.95,2010,243,4,8.18
187216,Active,544788,NA,NA,S,1,0,138447.5238,95.95,2013,44,4.26,67.17
187217,Active,544787,NA,NA,S,1,0,8981.6275,136.95,2013,96,16.78,48.99
187218,Active,865809,NA,NA,S,1,0,728129.4788,165.95,2010,75,4.97,39.49
187219,Active,183928,NA,NA,S,2,1,364690.7963,163.95,2002,45,4,37.99
187220,Active,251155,NA,NA,S,1,0,574651.91,212.95,2007,74,4,9.95
187221,Active,178901,NA,NA,S,1,0,839729.355,191.95,2010,53,4,29.68
187222,Active,291732,NA,NA,S,1,0,362591.5088,209.95,2010,251,4,13.73
187223,Active,877737,NA,NA,S,1,0,1177042.426,133.95,2012,42,6.43,53.99
187224,Active,1830009,NA,NA,S,1,0,185382.3613,221.95,2015,81,29.16,126.99
187225,Active,1826858,NA,NA,S,1,0,191388.9513,191.95,2013,46,17.13,108.99
187226,Active,544773,NA,NA,S,1,0,6141.00375,209.95,2013,149,15.96,63.99
187227,Active,527718,NA,NA,S,1,0,1399590.818,185.95,2010,40,4.24,18.65
187228,Active,544762,NA,NA,S,1,0,13743.27375,124.95,2013,72,12.13,53.46
187229,Active,54543,NA,NA,S,1,0,685073.5438,180.95,2007,143,4,11.42
187230,Active,54541,NA,NA,S,1,0,1201696.886,206.95,2010,110,3.99,14
187231,Active,544765,NA,NA,S,1,0,400455.0075,91.95,2013,47,6.98,62.12
187232,Active,544734,NA,NA,S,1,0,512869.8,95.95,2013,43,5.16,16.12
187233,Active,621233,NA,NA,S,1,0,217285.9538,136.95,2013,40,8.03,54.76
187234,Active,178926,NA,NA,S,1,0,66939.4,138.95,2011,36,26.99,44.99
187235,Active,178918,NA,NA,S,1,0,274041.3325,150.95,2010,40,4.99,63.98
187236,Active,178919,NA,NA,S,1,0,231280.01,40.95,2009,53,4,7.48
187237,Active,291734,NA,NA,S,1,0,751991.94,136.95,2010,48,4,15.99
187238,Active,2225248,NA,NA,S,2,1,56021.3725,42.95,2011,23,19.48,17.48
187239,Active,2225252,NA,NA,S,2,1,65038.15,41.95,2012,15,19.48,19.48
187240,Active,881600,NA,NA,S,2,1,346271.8838,43.95,2013,18,19.48,22.37
187241,Active,309091,NA,NA,D,10,1,61887.1375,92.52,2010,68,4.73,51.24
187242,Active,307839,NA,NA,D,9,1,1170611.533,103.25,2008,25,4,18.98
187243,Active,309114,NA,NA,D,9,1,747660.48,18.79,2007,56,4,10.79
187244,Active,105395,NA,NA,S,8,1,1202816.213,29.47,2005,19,4.95,29.44
187245,Active,60687,NA,NA,D,8,1,1895576.663,26.98,2005,41,4,22.26
187246,Active,366665,NA,NA,D,3,1,360454.53,49.95,2011,29,13.94,52.95
187247,Active,254433,NA,NA,S,5,1,124283.42,42.95,2011,47,25.98,33.17
187248,Active,722394,NA,NA,S,0,0,115423.1738,44.99,2006,17,30.79,30.95
187249,Active,162971,NA,NA,S,2,1,499752.5075,9.99,2010,201,4,4.47
187250,Active,197392,NA,NA,D,4,1,241592.6163,50,2005,45,17.45,93.45
187251,Active,127469,NA,NA,D,2,1,404535.8363,44.95,2010,39,8.91,88.07
187252,Active,126319,NA,NA,D,0,0,623870.1425,37.95,2005,41,5.22,46.37
187253,Active,724633,NA,NA,D,2,1,507458.5563,49.95,1998,38,4,0
187254,Active,126419,NA,NA,S,2,1,150353.9838,60.95,2003,57,18.12,28.98
187255,Active,129425,NA,NA,D,5,1,26410.94,70.95,2011,72,6.15,55.99
187256,Active,652527,NA,NA,S,0,0,53095.625,55,2012,25,31.27,36.38
187257,Active,208398,NA,NA,S,0,0,265650.3988,40,2009,17,30.7,26.81
187258,Active,867980,NA,NA,D,0,0,350496.9863,76,1923,32,5.08,46.94
187259,Active,621462,NA,NA,S,2,1,150642.8825,125,2003,37,23.98,91.99
187260,Active,3100297,NA,NA,D,0,0,4165560.846,49,2004,13,13.04,117.02
187261,Active,1707786,NA,NA,S,5,1,48289.725,52,2014,35,25.69,28.19
187262,Active,109823,NA,NA,D,7,1,881592.9825,13.98,2006,73,4,13.83
187263,Active,616733,NA,NA,D,0,0,432362.5675,111,2010,61,5.45,9.97
187264,Active,110198,NA,NA,D,8,1,123348.065,52.99,2008,60,5.28,47.73
187265,Active,609886,NA,NA,D,9,1,38976.07,147.75,2011,85,14.93,155.61
187266,Active,204805,NA,NA,D,1,0,244802.3463,55,1997,39,8.84,26.79
187267,Active,535604,NA,NA,D,4,1,46155.68375,133.95,2013,67,11.02,55.89
187268,Active,110477,NA,NA,D,3,1,1827320.36,4,2007,46,3.99,4
187269,Active,110427,NA,NA,D,4,1,811587.8325,33.93,2010,73,4,33.93
187270,Active,563780,NA,NA,S,2,1,139178.89,71.75,1994,52,12.72,54.92
187271,Active,3569794,NA,NA,D,1,0,1793497.65,99.99,1900,18,59.98,123.88
187272,Active,2205703,NA,NA,S,0,0,1086836.876,9.99,2013,28,6.92,9.12
187273,Active,3880797,NA,NA,S,0,0,37073.475,75,2015,13,51.16,49.69
187274,Active,599679,NA,NA,S,2,1,503774.2488,48,2010,20,37.99,47.99
187275,Active,585323,NA,NA,D,0,0,2888757.763,35,2001,14,10.95,23.99
187276,Active,591360,NA,NA,D,2,1,1414949.063,233.95,2005,20,4.3,53.53
187277,Active,2033364,NA,NA,S,1,0,428775.1425,35,2011,21,23.95,23.88
187278,Active,293977,NA,NA,S,2,1,997794.65,47.95,2014,24,18.96,0
187279,Active,909117,NA,NA,D,4,1,639763.4575,48,2005,15,11.67,16.01
187280,Active,745489,NA,NA,D,4,1,3094575.756,67.95,2008,14,39.98,96.97
187281,Active,744633,NA,NA,D,3,1,3236790.165,69.95,2003,14,4,97.03
187282,Active,745488,NA,NA,S,4,1,1549892.876,67.95,2008,22,13.99,79.08
187283,Active,744634,NA,NA,D,3,1,1832649.898,67.95,2003,25,4,53.98
187284,Active,592870,NA,NA,D,0,0,2032703.499,8.77,2011,13,4.88,8.77
187285,Active,725395,NA,NA,D,4,1,8408678.283,65,2006,13,23.14,165.35
187286,Active,544267,NA,NA,S,5,1,373979.265,52.95,2013,26,26.98,39.22
187287,Active,607943,NA,NA,D,7,1,1315811.874,60,2006,29,4,25
187288,Active,217723,NA,NA,D,2,1,1095233.59,44.95,2001,37,4,10.94
187289,Active,527697,NA,NA,S,3,1,404632.1913,40.95,2011,26,25.47,28.53
187290,Active,607749,NA,NA,D,8,1,276162.3288,65.8,2008,48,4,45.4
187291,Active,141668,NA,NA,D,8,1,1552706.396,5.19,2004,77,4,4.99
187292,Active,142075,NA,NA,D,10,1,37642.02375,64.27,2010,85,7.28,39.99
187293,Active,141883,NA,NA,D,9,1,200059.6025,21.51,2007,98,4,5.88
187294,Active,664623,NA,NA,S,2,1,84241.075,96.95,2013,23,39.41,50.96
187295,Active,108952,NA,NA,S,7,1,338263.5525,43.94,2006,38,4,35.11
187296,Active,877260,NA,NA,D,6,1,796349.1038,60.67,2007,54,16.71,50.2
187297,Active,561464,NA,NA,S,1,0,134280.825,58.4,2011,16,37.63,45.6
187298,Active,913323,NA,NA,S,22,1,1911457.9,36.95,2007,31,4,10.95
187299,Active,609459,NA,NA,S,25,1,705274.5188,39.95,2009,34,4,13.48
187300,Active,620735,NA,NA,D,3,1,58178.48375,243.95,2012,49,14.81,100.38
187301,Active,179183,NA,NA,D,2,1,663581.5425,268.95,2009,94,3.82,5.88
187302,Active,1827186,NA,NA,D,3,1,32160.2925,260.95,2014,82,4.88,46.79
187303,Active,862194,NA,NA,S,3,1,516546.055,147.95,2014,27,7.71,0
187304,Active,2043047,NA,NA,D,1,0,1049772.48,189.91,2007,16,6.9,56.27
187305,Active,636386,NA,NA,D,1,0,582020.195,120,2009,22,9.51,23.32
187306,Active,1594553,NA,NA,D,1,0,1596959.415,78,2008,46,6.32,42.99
187307,Active,630017,NA,NA,D,1,0,1397138.474,90,2010,27,4,11.43
187308,Active,118976,NA,NA,D,1,0,2225560.563,81.2,2009,31,4,4.86
187309,Active,119329,NA,NA,S,1,0,233927.8925,103.2,2011,26,7.58,43.99
187310,Active,1599956,NA,NA,S,0,0,68161.975,59.99,2013,15,35.87,39.86
187311,Active,632250,NA,NA,S,2,1,507784.1025,65.2,2004,27,4.73,0
187312,Active,867090,NA,NA,S,2,1,109788.845,91.8,2014,65,16.73,56.71
187313,Active,616178,NA,NA,D,1,0,539677.4325,78.4,2011,94,3.84,14.94
187314,Active,914926,NA,NA,S,4,1,331689.14,32,2003,39,3.81,12.87
187315,Active,3780590,NA,NA,S,2,1,40053.225,49.95,2016,5,46.63,44.39
187316,Active,128571,NA,NA,S,1,0,137617.5275,49.95,2002,40,15.73,38.99
187317,Active,110077,NA,NA,D,12,1,149879.1963,270,2008,48,14.83,60.99
187318,Active,527695,NA,NA,S,2,1,836596.1675,54.99,2001,27,16.34,39.9
187319,Active,1557970,NA,NA,S,2,1,717557.5425,41.95,2014,24,29.77,37.56
187320,Active,1758017,NA,NA,S,2,1,111271.7325,49.99,2015,13,42.05,43.98
187321,Active,546177,NA,NA,S,4,1,1979.27875,35,2006,71,13.94,20.98
187322,Active,881625,NA,NA,S,3,1,96466.34125,39.95,2015,20,24.07,25.74
187323,Active,1479558,NA,NA,S,3,1,38636.125,49.95,2014,56,23.99,37.11
187324,Active,170457,NA,NA,D,3,1,317080.9913,30.89,2007,45,4.06,34.88
187325,Active,170428,NA,NA,D,2,1,970420.0488,63.9,2002,64,4,11.22
187326,Active,61134,NA,NA,D,1,0,907343.34,98.6,2002,38,5.26,48.84
187327,Active,914998,NA,NA,D,2,1,294628.5975,97.19,2006,24,9.19,67.45
187328,Active,117785,NA,NA,D,2,1,154724.875,132.6,2006,54,6.26,53.23
187329,Active,527694,NA,NA,S,0,0,534516.81,39.95,2009,18,21.62,27.46
187330,Active,889350,NA,NA,D,0,0,10845629.11,20,1994,17,4.4,150.92
187331,Active,174347,NA,NA,S,2,1,570257.4625,43,2006,33,11.94,57.38
187332,Active,1498307,NA,NA,S,0,0,102109.2275,59.99,2013,16,35.2,39.99
187333,Active,1498306,NA,NA,S,0,0,83598.885,59.99,2013,19,34.68,35.33
187334,Active,1498368,NA,NA,S,0,0,13990.4,39.99,2011,18,23.58,27.19
187335,Active,1498369,NA,NA,S,0,0,22235.475,44.99,2011,18,30.92,30.96
187336,Active,404342,NA,NA,D,0,0,33623.7375,49.99,2006,94,15.33,27.82
187337,Active,1498364,NA,NA,S,0,0,23056.575,99.99,2012,14,53.56,58.92
187338,Active,1499077,NA,NA,S,0,0,91101.64125,49.99,2014,17,24.98,23.97
187339,Active,644697,NA,NA,D,0,0,550012.8688,69.99,2011,19,23.68,33.88
187340,Active,1498315,NA,NA,S,0,0,21821.2,69.99,2013,10,41.93,46.81
187341,Active,1755064,NA,NA,S,0,0,72005.325,124.99,2013,4,38.97,27.94
187342,Active,1499103,NA,NA,S,0,0,39699.1875,64.99,2011,32,25.93,37.82
187343,Active,1499089,NA,NA,S,0,0,50329.6,59.99,2011,17,33.85,37.05
187344,Active,527690,NA,NA,S,0,0,18018.86125,39.99,2011,31,18.98,18.98
187345,Active,1498314,NA,NA,S,0,0,16971.925,44.99,2014,13,27.36,30.3
187346,Active,2444784,NA,NA,S,0,0,577134.27,49.99,1995,24,21.71,132.25
187347,Active,905324,NA,NA,S,0,0,632555.1525,49.99,2011,27,14.94,29.99
187348,Active,1498310,NA,NA,S,0,0,407131.7625,79.99,2012,13,44.98,43.17
187349,Active,1498809,NA,NA,S,0,0,140958.0938,39.99,2011,22,18.81,23.66
187350,Active,1498357,NA,NA,S,0,0,22343.175,39.99,2011,15,24.24,27
187351,Active,919471,NA,NA,D,0,0,222028.7613,24.99,2001,68,8.47,69.25
187352,Active,920491,NA,NA,D,0,0,209863.6125,34.99,2001,61,5.21,23.97
187353,Active,1891117,NA,NA,S,0,0,51028.975,59.99,2013,12,36.99,41.96
187354,Active,1498344,NA,NA,D,0,0,152481.375,34.99,2014,16,7.39,17.98
187355,Active,1498345,NA,NA,S,0,0,518209.6425,54.99,2014,15,28.02,29.99
187356,Active,917942,NA,NA,S,0,0,583566.3025,19.99,2006,21,7.54,12.88
187357,Active,807825,NA,NA,S,2,1,128407.1225,28.99,2009,33,7.15,30.98
187358,Active,1595613,NA,NA,S,0,0,136089.1,39.99,2014,18,23.48,23.35
187359,Active,618602,NA,NA,S,2,1,183816.2063,39.99,2007,110,13.69,20.97
187360,Active,807908,NA,NA,S,2,1,699951.7938,74.99,2010,20,26.79,0
187361,Active,1833885,NA,NA,S,0,0,58860.04,16.99,2013,17,11.11,12.49
187362,Active,807956,NA,NA,S,2,1,45097.97125,59.99,2011,18,19.52,0
187363,Active,2161347,NA,NA,S,1,0,22146.975,65,2014,20,56.71,46.94
187364,Active,1856648,NA,NA,D,0,0,759072.8313,74.99,2011,22,33.08,50.87
187365,Active,1856647,NA,NA,D,2,1,490778.4663,44.99,2011,18,11.94,32.6
187366,Active,870552,NA,NA,S,2,1,893404.5913,69.99,2008,18,9.84,47.91
187367,Active,625331,NA,NA,S,0,0,218987.315,39.99,2008,35,8.84,25.98
187368,Active,1749782,NA,NA,S,0,0,26751.125,49.95,2009,16,36.93,28.99
187369,Active,617680,NA,NA,S,2,1,581126.9675,60.99,2006,44,9.38,12.65
187370,Active,860431,NA,NA,S,7,1,601623.815,59.99,2011,28,16.99,23.99
187371,Active,619243,NA,NA,D,5,1,4194639.781,39.95,2004,39,4,12.49
187372,Active,615180,NA,NA,D,6,1,1591220.149,45.95,2007,35,4,12.33
187373,Active,624387,NA,NA,S,5,1,573440.06,54.99,2008,49,4,9.98
187374,Active,631538,NA,NA,S,6,1,535944.085,58.99,2011,31,12.5,28.52
187375,Active,642373,NA,NA,S,3,1,410125.5513,55.99,2011,27,9.89,13.01
187376,Active,789762,NA,NA,S,4,1,1051215.506,53.99,2011,21,4.01,0
187377,Active,859287,NA,NA,S,7,1,829261.7663,61.99,2005,43,4,0
187378,Active,527687,NA,NA,S,3,1,1146352.99,52.99,2009,19,7.68,13.99
187379,Active,527686,NA,NA,S,5,1,277118.7288,51.99,2007,115,4.08,8.99
187380,Active,3106226,NA,NA,S,6,1,75938.8375,56.99,2015,18,29.49,33.31
187381,Active,338657,NA,NA,S,1,0,62064.10125,22.99,2007,186,4,10.18
187382,Active,1762543,NA,NA,S,5,1,7692.75,39,2014,17,26.8,24.99
187383,Active,902372,NA,NA,S,2,1,131339.7775,44.95,2014,21,34.53,31.89
187384,Active,636720,NA,NA,D,4,1,258204.2275,79.99,2010,29,22.04,149.98
187385,Active,288847,NA,NA,S,3,1,439417.3888,65.95,2011,41,28,42.97
187386,Active,2576727,NA,NA,S,2,1,133311.25,157.5,1988,31,19.84,121.1
187387,Active,248518,NA,NA,S,3,1,587320.6525,24.99,2011,102,3.99,5.88
187388,Active,903756,NA,NA,S,5,1,349944.4038,24.99,2014,40,4,18.79
187389,Active,802747,NA,NA,S,4,1,825446.415,24.99,2012,106,4,5.88
187390,Active,1855477,NA,NA,S,7,1,386523.5413,39.99,2014,50,4.87,33.98
187391,Active,802722,NA,NA,S,5,1,858821.5263,34.99,2011,30,4,8.08
187392,Active,802723,NA,NA,S,6,1,1221951.284,29.99,2011,27,3.99,22.97
187393,Active,624215,NA,NA,S,7,1,654936.8575,36.99,2007,36,4,0
187394,Active,435143,NA,NA,D,6,1,37536.325,81.95,2008,95,11.95,28.99
187395,Active,1630819,NA,NA,S,0,0,57827.25,59.95,2010,41,29.29,37.03
187396,Active,55556,NA,NA,S,3,1,209225.255,44.99,2005,118,4,11.39
187397,Active,635136,NA,NA,S,2,1,1078451.663,239.99,2009,27,30.52,0
187398,Active,3569437,NA,NA,D,1,0,3403092.6,210,2003,23,6.06,24.99
187399,Active,1829171,NA,NA,D,0,0,912488.1275,68.14,2014,7,50,59.17
187400,Active,652025,NA,NA,S,2,1,824890.61,49.95,2006,28,20.69,0
187401,Active,194428,NA,NA,D,1,0,155770.56,60,2001,44,23.17,61.99
187402,Active,867314,NA,NA,S,2,1,14503.42,65,2014,47,36.29,45.88
187403,Active,112747,NA,NA,D,3,1,3342155.103,106,2001,18,5.99,50.55
187404,Active,3482827,NA,NA,D,2,1,7031762.45,46.95,1987,22,4.93,13.99
187405,Active,624498,NA,NA,S,6,1,505088.0063,149,2002,35,17.53,86.99
187406,Active,718877,NA,NA,S,0,0,1389236.35,58,1997,25,9,51.48
187407,Active,2571172,NA,NA,D,2,1,2216334.963,75.42,1993,18,6.7,57.32
187408,Active,905906,NA,NA,D,0,0,889860.66,76,1991,17,48.54,129.01
187409,Active,527682,NA,NA,S,2,1,1062568.909,13.95,2006,63,4,5
187410,Active,211345,NA,NA,D,1,0,371637.815,118,1997,37,4,21.76
187411,Active,2342571,NA,NA,D,1,0,361568.16,164.22,1956,38,5.99,83.48
187412,Active,206150,NA,NA,D,2,1,630337.015,39.95,2007,65,4,8.88
187413,Active,649798,NA,NA,S,2,1,313692.9088,39.99,2012,25,9.49,20.43
187414,Active,649555,NA,NA,S,2,1,853564.86,64.95,2013,18,47.68,49.44
187415,Active,657958,NA,NA,S,0,0,232386.7713,64.95,2013,22,39.99,50.58
187416,Active,602976,NA,NA,S,5,1,874337.4088,29.95,2008,32,4,13.34
187417,Active,759786,NA,NA,S,3,1,914096.7288,228,2001,32,6.23,133.89
187418,Active,609089,NA,NA,S,2,1,356248.3513,29.99,2005,72,4,0
187419,Active,608278,NA,NA,S,3,1,73105.78375,34.99,2009,78,6.96,8.28
187420,Active,386493,NA,NA,D,2,1,68916.15,99,2011,64,9.79,18.93
187421,Active,545846,NA,NA,D,3,1,21646.51625,108,2013,53,39.61,63.99
187422,Active,386429,NA,NA,D,1,0,351110.0788,89.95,2008,46,4,22.78
187423,Active,541738,NA,NA,S,1,0,66536.425,39.95,2010,26,22.97,22.99
187424,Active,652699,NA,NA,S,2,1,94184.9125,39.99,2011,46,22.38,26.99
187425,Active,2564364,NA,NA,D,1,0,3466892.886,93,1996,24,4,4.13
187426,Active,635045,NA,NA,S,2,1,859688.6175,54,2010,28,16.01,42.91
187427,Active,527678,NA,NA,S,2,1,157231.1525,65.95,2014,45,37.44,46.28
187428,Active,619843,NA,NA,D,3,1,1472834.115,144,2006,25,6.44,109.49
187429,Active,633257,NA,NA,D,4,1,162998.9188,210,2010,53,9.59,71.69
187430,Active,143144,NA,NA,S,2,1,3409646.559,141,2007,16,9.47,119.71
187431,Active,540352,NA,NA,S,2,1,110861.0275,75,2006,42,20.92,53.49
187432,Active,504516,NA,NA,S,3,1,78219.535,99,2012,94,40.74,60
187433,Active,287560,NA,NA,D,6,1,411701.7638,87.6,2007,37,13.75,61.52
187434,Active,557112,NA,NA,S,4,1,2233676.318,55.2,1999,38,4.33,24.49
187435,Active,60688,NA,NA,D,5,1,962869.18,97,2003,40,3.99,29.95
187436,Active,3465050,NA,NA,D,0,0,6767253.25,37.3,1988,19,3.99,64.11
187437,Active,276791,NA,NA,D,4,1,3937354.241,66.95,2004,30,4,87.11
187438,Active,867004,NA,NA,S,6,1,308954.9488,91.95,2013,43,33.86,64.24
187439,Active,527677,NA,NA,D,5,1,361544.8975,79.95,2009,39,4.79,17.99
187440,Active,628535,NA,NA,D,1,0,2353358.631,58.75,1998,26,3.99,42.99
187441,Active,132451,NA,NA,S,2,1,2586289.631,94.6,2003,22,4.98,68.44
187442,Active,770720,NA,NA,S,2,1,3252025.215,71.96,2003,20,4.03,33.94
187443,Active,3250577,NA,NA,D,6,1,1171068.634,133.05,2005,27,6.04,117.87
187444,Active,169864,NA,NA,D,7,1,136822.2125,216.95,2009,58,12.68,25.81
187445,Active,177992,NA,NA,D,6,1,349530.7375,207.95,2005,42,4,49.19
187446,Active,2617949,NA,NA,D,0,0,1408871.103,46.95,1990,30,4,41.99
187447,Active,597990,NA,NA,S,3,1,277627.575,41.95,2011,15,27.3,35.46
187448,Active,55861,NA,NA,S,2,1,13043.2225,19.95,2003,187,6.95,0
187449,Active,900409,NA,NA,S,2,1,198144.415,42.01,2003,48,10.3,35.34
187450,Active,554146,NA,NA,S,2,1,353644.025,87.8,2000,37,17.93,63.96
187451,Active,868067,NA,NA,D,1,0,1986118.876,19.2,1995,34,4,21.7
187452,Active,620362,NA,NA,S,3,1,247809.9138,59.95,2004,43,11.92,46.45
187453,Active,793226,NA,NA,S,2,1,2416652.61,29.95,2000,37,4,8.62
187454,Active,3800325,NA,NA,S,0,0,5388.15,40,2015,16,28.73,23.24
187455,Active,535857,NA,NA,S,2,1,80401.76375,19.95,2012,78,7.47,11.4
187456,Active,261389,NA,NA,D,3,1,222288.9675,80,2002,86,4,9.95
187457,Active,527676,NA,NA,S,4,1,68153.23375,90,2011,53,27.73,52.88
187458,Active,369252,NA,NA,S,0,0,191842.4563,52,1997,41,18.69,43.99
187459,Active,2649592,NA,NA,S,1,0,311745.7875,58.95,2004,39,4.36,42.94
187460,Active,868145,NA,NA,D,2,1,574872.8625,59.33,1992,47,4,22.99
187461,Active,628922,NA,NA,S,5,1,1175438.195,88.95,2003,25,37.84,69.78
187462,Active,210534,NA,NA,D,2,1,332240.4913,35,2011,21,19.29,31.2
187463,Active,541101,NA,NA,S,6,1,1175437.573,69.95,2007,23,6.21,72.25
187464,Active,268823,NA,NA,S,2,1,761758.1175,44,2009,19,9.43,44
187465,Active,865195,NA,NA,S,2,1,965116.1838,54.99,2001,33,7.57,53.97
187466,Active,1453005,NA,NA,S,3,1,69884.41625,67.99,2014,17,27.99,28.98
187467,Active,868100,NA,NA,S,4,1,19854.20625,67.99,2014,34,28.99,35.49
187468,Active,2376416,NA,NA,S,0,0,198470.2238,47.27,2005,33,9.97,30.55
187469,Active,2248154,NA,NA,D,3,1,281661.3775,24.44,2009,31,7.99,18.42
187470,Active,317186,NA,NA,D,3,1,122812.7425,51.99,2008,103,4.99,16.98
187471,Active,717263,NA,NA,S,2,1,1383857.574,59.99,2009,11,24.39,42.99
187472,Active,613935,NA,NA,D,3,1,115210.8588,52.2,2008,76,4.86,0
187473,Active,1452999,NA,NA,S,4,1,18220.76125,67.99,2014,23,34.02,33.98
187474,Active,1451558,NA,NA,S,4,1,17688.675,67.99,2014,33,32.99,32.99
187475,Active,1453000,NA,NA,S,4,1,27781.16,67.99,2014,30,26.94,31.98
187476,Active,1453001,NA,NA,S,3,1,89403.83875,67.99,2014,12,27.99,28.98
187477,Active,1453002,NA,NA,S,4,1,47984.02,67.99,2014,24,32.99,33.34
187478,Active,1451557,NA,NA,S,4,1,42789.765,67.99,2014,25,35.97,35.81
187479,Active,1453003,NA,NA,S,4,1,25785.575,67.99,2014,27,32.51,34
187480,Active,552945,NA,NA,D,3,1,345340.9038,52.2,2008,43,14.55,0
187481,Active,117602,NA,NA,D,2,1,1070790.929,46.67,2003,20,4,0
187482,Active,527672,NA,NA,D,3,1,483189.5213,51.99,2008,52,4.59,14.98
187483,Active,862376,NA,NA,S,3,1,19893.1725,92.5,2014,49,45.04,68.41
187484,Active,154375,NA,NA,D,2,1,16573.27625,63.68,2003,140,7.99,66.82
187485,Active,154277,NA,NA,S,5,1,435124.32,60,1999,93,4,44
187486,Active,154041,NA,NA,S,8,1,18630.1475,58.5,2011,151,9.16,13.97
187487,Active,153972,NA,NA,D,7,1,103603.5488,57.99,2007,144,4,13.99
187488,Active,747933,NA,NA,S,5,1,599724.6688,59.25,1998,111,4,38.74
187489,Active,613965,NA,NA,S,8,1,6649.46875,72.25,2012,108,24.07,50.98
187490,Active,635659,NA,NA,S,8,1,6064.40125,72.25,2012,111,20.64,50.62
187491,Active,153908,NA,NA,S,7,1,269442.5463,13.39,2007,253,4,12.89
187492,Active,53766,NA,NA,D,6,1,407668.1713,41.2,2002,175,4,13.04
187493,Active,53764,NA,NA,D,6,1,1055506.773,41.2,2002,214,4,10.3
187494,Active,154044,NA,NA,S,8,1,103803.435,58.5,2011,188,4.34,20.94
187495,Active,153910,NA,NA,S,7,1,447435.6975,9.54,2007,264,4,10.79
187496,Active,153911,NA,NA,S,7,1,376456.2075,10.48,2007,254,3,10.24
187497,Active,54235,NA,NA,D,6,1,417989.3963,66.75,2002,55,4.97,20.54
187498,Active,153817,NA,NA,S,8,1,3607.14625,90.5,2011,94,31.97,47.59
187499,Active,154305,NA,NA,D,0,0,540390.5888,43.98,2009,41,15.56,54.98
187500,Active,622215,NA,NA,S,9,1,40006.75125,71,2013,86,24.7,0
187501,Active,563775,NA,NA,S,6,1,499515.8538,51.15,1993,99,4,11.98
187502,Active,563610,NA,NA,S,9,1,6407.03625,82,2012,135,28.99,53.99
187503,Active,153845,NA,NA,D,8,1,62542.065,71.49,2006,104,10.83,23.98
187504,Active,289425,NA,NA,D,8,1,232804.1775,95.53,2006,53,8.9,54.4
187505,Active,153846,NA,NA,D,8,1,141857.1638,32.99,2006,84,6.99,39.99
187506,Active,563611,NA,NA,S,9,1,15980.87125,82,2012,112,35.98,37.99
187507,Active,153892,NA,NA,D,8,1,221307.5675,82,2006,42,5.94,40.48
187508,Active,563612,NA,NA,S,9,1,18570.23,57,2012,122,5.99,26.97
187509,Active,54248,NA,NA,D,8,1,342001.1713,49.95,2006,147,4,15
187510,Active,563613,NA,NA,S,9,1,11329.825,57,2012,108,6.82,33.73
187511,Active,153895,NA,NA,S,8,1,251194.295,48.3,2005,328,4,6.69
187512,Active,563615,NA,NA,S,9,1,24065.25875,57,2012,59,14.98,0
187513,Active,541245,NA,NA,S,9,1,61331.4875,57,2012,101,5.4,25.37
187514,Active,563616,NA,NA,S,9,1,31321.195,64,2012,95,8.94,16.99
187515,Active,289380,NA,NA,S,3,1,146735.1138,75,2003,21,36.99,40.92
187516,Active,154376,NA,NA,S,3,1,9587.05,75,2003,46,26.12,43.94
187517,Active,615792,NA,NA,D,4,1,144861.5125,69.5,1996,85,4.78,33.93
187518,Active,868284,NA,NA,D,3,1,171041.165,40,1983,69,4,38.87
187519,Active,154419,NA,NA,S,5,1,8812.3775,78,2005,84,21.27,35.99
187520,Active,874747,NA,NA,S,8,1,33219.74875,89,2015,62,48.42,72.85
187521,Active,153869,NA,NA,D,7,1,18415.1775,23.99,2006,104,7.49,38.21
187522,Active,57658,NA,NA,D,0,0,87500.02375,58.99,2001,101,14.41,53.99
187523,Active,153858,NA,NA,D,8,1,19536.925,61.95,2005,128,10.99,50.68
187524,Active,153870,NA,NA,D,8,1,61236.40875,79.99,2005,160,6.44,43.99
187525,Active,921437,NA,NA,S,7,1,5107.45125,57,2014,74,21.99,30.19
187526,Active,153984,NA,NA,D,6,1,76225.2025,37.5,2009,123,7.58,23.99
187527,Active,563640,NA,NA,S,3,1,4938.8425,75,2012,128,28.99,56.44
187528,Active,154016,NA,NA,D,2,1,36993.975,22.94,2009,149,4,16.99
187529,Active,563641,NA,NA,S,3,1,9327.46125,75,2012,111,32.94,54.55
187530,Active,154017,NA,NA,D,2,1,149646.6463,17.94,2009,162,4,17.94
187531,Active,563631,NA,NA,S,3,1,18342.7375,62.5,2012,106,9.68,38.46
187532,Active,439815,NA,NA,S,3,1,29331.13625,58.5,2012,182,4.63,13.47
187533,Active,439817,NA,NA,S,3,1,58840.90125,58.5,2012,123,5.91,14.92
187534,Active,439818,NA,NA,S,3,1,48615.90875,58.5,2012,145,5.98,13.98
187535,Active,439819,NA,NA,S,3,1,27927.415,64,2012,82,10.5,28.99
187536,Active,2512024,NA,NA,S,0,0,1049108.729,56.8,1995,63,4,18.35
187537,Active,2511934,NA,NA,S,0,0,1461554.543,52.55,1992,65,4,21.96
187538,Active,154276,NA,NA,S,7,1,116071.3,66.75,1999,87,5.51,66.71
187539,Active,534208,NA,NA,S,0,0,36409.05,69.25,2009,18,41.24,49.37
187540,Active,880367,NA,NA,S,2,1,893827.7213,41.89,2010,49,4,33.86
187541,Active,54797,NA,NA,D,2,1,55974.5925,23.99,2009,269,4,11.89
187542,Active,619964,NA,NA,D,3,1,16954.41375,76.5,2013,98,7.28,27.46
187543,Active,613848,NA,NA,D,3,1,6481.93875,80.75,2013,158,13.99,23.99
187544,Active,747899,NA,NA,D,0,0,1228136.338,9.97,2009,46,4,7.98
187545,Active,1535865,NA,NA,S,0,0,5746.475,83.5,2015,23,51.98,55.75
187546,Active,153939,NA,NA,S,9,1,46074.31,79.25,2006,110,25.99,49.93
187547,Active,615870,NA,NA,D,13,1,14295.95375,55.75,2011,76,13.6,34.99
187548,Active,527668,NA,NA,D,11,1,1047113.694,45,2003,97,4,11.99
187549,Active,613033,NA,NA,D,12,1,352599.8138,48,2008,108,4.76,12.98
187550,Active,746975,NA,NA,S,4,1,911540.9238,90.9,2001,18,15.99,38.99
187551,Active,153332,NA,NA,D,5,1,737257.3675,97.93,2005,16,4.46,24.5
187552,Active,610018,NA,NA,D,7,1,266043.6488,16.84,2010,155,4,10.99
187553,Active,748175,NA,NA,D,9,1,2433611.614,59.65,2003,37,4,18.94
187554,Active,563681,NA,NA,D,2,1,364186.6825,58.55,2008,55,4.26,46.47
187555,Active,121377,NA,NA,S,2,1,30583.85375,50.2,2009,49,22.5,31.89
187556,Active,131727,NA,NA,D,0,0,1331730.885,33.99,2005,41,4,11.98
187557,Active,667784,NA,NA,S,1,0,997463.9363,48.6,2011,23,7.51,9.34
187558,Active,1561934,NA,NA,S,0,0,99972.8325,9.99,2007,129,4,7.06
187559,Active,896412,NA,NA,D,1,0,1625387.774,86.99,2004,11,19.59,76.07
187560,Active,802464,NA,NA,S,0,0,509188.34,55.95,2005,24,4,84.42
187561,Active,342961,NA,NA,D,1,0,3161811.456,80,2003,14,4.13,44.04
187562,Active,688536,NA,NA,S,1,0,2228.85,36.88,2012,29,25.1,27.98
187563,Active,545800,NA,NA,D,3,1,138803.4288,82,2012,123,4.93,19.14
187564,Active,477647,NA,NA,D,0,0,3192299.231,134.95,2004,17,4.34,58.99
187565,Active,366518,NA,NA,D,2,1,253530.7025,200.95,2007,96,4.35,22.4
187566,Active,3148093,NA,NA,D,0,0,689475.2,50.51,1900,7,40.14,41.43
187567,Active,2098966,NA,NA,S,28,1,101865.2638,69.95,2012,14,51.12,48.98
187568,Active,1873468,NA,NA,S,3,1,128942.3088,46.95,2010,28,7.97,38.99
187569,Active,619798,NA,NA,S,1,0,13289.3,45,2009,37,24.17,25.71
187570,Active,1696730,NA,NA,S,2,1,16527.3225,45.95,2013,20,28.68,30.24
187571,Active,642330,NA,NA,S,1,0,40932,87,2011,47,9.53,73.99
187572,Active,193959,NA,NA,D,1,0,417720.2675,86,2003,174,5.41,14.55
187573,Active,527662,NA,NA,S,2,1,1129859.755,59.95,2013,26,8.4,43.8
187574,Active,445845,NA,NA,D,1,0,1303147.386,170,2006,26,12.79,23.35
187575,Active,426253,NA,NA,D,4,1,1500823.325,225,2008,25,25.76,29.34
187576,Active,126273,NA,NA,D,3,1,4461743.941,199.99,2002,21,10.33,48.94
187577,Active,700157,NA,NA,D,1,0,3310921.853,82.95,2003,33,4,13.98
187578,Active,635017,NA,NA,S,2,1,357659.9075,99,2010,34,20.89,36.96
187579,Active,607103,NA,NA,D,6,1,844058.0975,92.95,2008,22,9.39,53.98
187580,Active,608958,NA,NA,S,5,1,1391532.826,101,2000,16,9.56,51.99
187581,Active,662209,NA,NA,D,1,0,1658202.164,231,2005,16,78.89,78.99
187582,Active,527659,NA,NA,S,2,1,194551.97,59.95,2010,31,26.98,44.13
187583,Active,536073,NA,NA,D,1,0,847312.295,110.95,2009,28,7.34,13.98
187584,Active,789362,NA,NA,D,6,1,1229950.51,62.95,2004,25,4.1,24.99
187585,Active,629998,NA,NA,S,7,1,135874.1825,76.99,2011,36,32.48,43.54
187586,Active,527657,NA,NA,S,2,1,1653260.115,99,2008,32,37.63,41.81
187587,Active,908253,NA,NA,D,1,0,575434.655,159.95,1989,18,28.98,135.95
187588,Active,623576,NA,NA,S,2,1,260908.825,46.95,2007,47,16.94,40.98
187589,Active,2894028,NA,NA,S,0,0,18266.75,49.99,2002,16,30.84,32.84
187590,Active,695127,NA,NA,S,1,0,171593.67,72.55,2006,51,6.96,18.48
187591,Active,165845,NA,NA,S,5,1,221943.9675,66.61,2004,53,4,46.95
187592,Active,164653,NA,NA,D,2,1,551782.325,39.98,2004,37,4,39.98
187593,Active,644603,NA,NA,S,3,1,30313.675,68.25,2012,17,43.99,47.44
187594,Active,742777,NA,NA,D,1,0,1197552.289,69.99,2011,20,6.37,78.78
187595,Active,906623,NA,NA,S,2,1,350294.045,64.99,2014,23,40.03,44.47
187596,Active,626295,NA,NA,D,0,0,49087.1625,73.95,2010,42,39.14,83.85
187597,Active,858409,NA,NA,S,0,0,3863.52625,75.95,2014,58,76.03,51.79
187598,Active,2619456,NA,NA,D,2,1,655875.0575,106.95,1996,24,4.58,11.99
187599,Active,870495,NA,NA,S,7,1,339788.0075,53.96,2001,42,7.46,29.62
187600,Active,176899,NA,NA,D,7,1,265838.27,158.95,2000,67,5.48,21.92
187601,Active,913464,NA,NA,D,1,0,952117.7463,97.95,1991,24,6.38,62.29
187602,Active,176936,NA,NA,D,3,1,429683.4913,191.95,2001,33,23.47,91.54
187603,Active,178868,NA,NA,D,9,1,34262.64375,344.95,2010,48,22.44,87.96
187604,Active,220681,NA,NA,S,3,1,98823.00375,94,2002,30,46.84,60.03
187605,Active,176964,NA,NA,D,8,1,223155.1738,363.95,2004,48,18.15,56.69
187606,Active,144937,NA,NA,D,0,0,520288.5975,153.33,2005,25,5.94,39.62
187607,Active,152647,NA,NA,D,0,0,865524.3363,119,1999,15,5.94,45.13
187608,Active,662262,NA,NA,D,0,0,510206.1638,46.5,2004,26,10.84,46.58
187609,Active,660396,NA,NA,S,2,1,719292.0363,57,2008,27,38.99,47.93
187610,Active,2216257,NA,NA,D,2,1,4574636.071,80,2006,12,37.9,42.89
187611,Active,159800,NA,NA,D,2,1,589599.4988,114,1998,15,18.41,57.19
187612,Active,2618548,NA,NA,D,1,0,4061017.471,130.95,1995,20,4.57,56.97
187613,Active,3513118,NA,NA,D,0,0,2832170.5,89.95,2000,30,13.84,39.44
187614,Active,627869,NA,NA,S,3,1,198222,94.95,2012,22,44.39,44.34
187615,Active,569580,NA,NA,D,3,1,732543.955,407.95,2002,44,5.13,47.67
187616,Active,166952,NA,NA,D,1,0,368227.0438,61.29,2007,29,6.93,19.25
187617,Active,2337635,NA,NA,D,0,0,1709681.621,122.5,1992,21,4,48.43
187618,Active,110885,NA,NA,S,3,1,1122945.104,90.37,1998,40,4.1,33.88
187619,Active,55811,NA,NA,D,5,1,596077.2763,63.98,2005,70,6.99,43.84
187620,Active,55813,NA,NA,D,2,1,398805.3925,32.25,2006,62,4,32.25
187621,Active,759710,NA,NA,D,1,0,2742518.926,120,2001,18,41.69,98.63
187622,Active,2611049,NA,NA,D,0,0,1934009.6,120,2002,14,5.48,66.35
187623,Active,715699,NA,NA,D,3,1,1289178.433,101.33,1998,37,4,22.99
187624,Active,551943,NA,NA,S,4,1,342955.1388,116.6,2004,44,27.39,79.47
187625,Active,163035,NA,NA,S,2,1,231242.09,116.65,2010,35,22.98,53.87
187626,Active,129664,NA,NA,S,2,1,92850.89,116.6,2000,42,23.94,65
187627,Active,152319,NA,NA,S,2,1,75278.115,79.95,2006,60,45.44,56.7
187628,Active,152839,NA,NA,S,0,0,615603.685,79.95,1998,30,38.94,52.72
187629,Active,629363,NA,NA,S,3,1,672962.14,85,1986,31,9.64,59.58
187630,Active,225760,NA,NA,D,2,1,873907.4875,124.95,2000,19,5.23,79.87
187631,Active,912625,NA,NA,D,3,1,2079410.461,105,2004,33,4.73,48.41
187632,Active,614936,NA,NA,D,4,1,291743.065,127.95,2009,47,18.96,35.99
187633,Active,658532,NA,NA,S,2,1,386687.7175,71.95,2009,18,45.22,44.37
187634,Active,50647,NA,NA,D,3,1,334498.7975,113.95,2007,91,7.12,22.89
187635,Active,50648,NA,NA,D,3,1,152180.335,107.95,2009,83,4.52,16.94
187636,Active,617396,NA,NA,D,2,1,591266.03,65,2008,66,4.13,0
187637,Active,671826,NA,NA,S,1,0,40417.875,49.95,2007,16,47.99,45
187638,Active,366521,NA,NA,D,2,1,580855.4425,103.95,2007,58,4,18.99
187639,Active,329962,NA,NA,S,3,1,286162.325,48.95,2004,24,14.81,62.9
187640,Active,527644,NA,NA,D,3,1,105276.8588,63.95,2010,52,14.49,63.98
187641,Active,210914,NA,NA,D,2,1,847476.9538,53.95,2005,55,4,30.99
187642,Active,200660,NA,NA,D,4,1,46829.88875,157.95,2011,54,20.84,51.97
187643,Active,51160,NA,NA,D,2,1,941564.5225,122.95,2003,56,4,6.49
187644,Active,51161,NA,NA,D,3,1,463940.9213,105.95,2007,92,4,8.03
187645,Active,222351,NA,NA,D,4,1,2838545.084,79,2003,20,4,0
187646,Active,222279,NA,NA,S,5,1,434391.96,80,2010,22,32.98,0
187647,Active,924395,NA,NA,S,3,1,48773.81625,74.95,2014,45,38.84,45.87
187648,Active,55457,NA,NA,D,2,1,156081.9975,75.95,2011,133,6.23,23.67
187649,Active,55456,NA,NA,D,1,0,1393746.648,61.95,2006,86,4,8.81
187650,Active,317776,NA,NA,S,4,1,523857.0538,119.8,1999,40,41.61,93.13
187651,Active,620314,NA,NA,S,2,1,613734.4375,66.99,2007,50,7.98,43.09
187652,Active,527643,NA,NA,S,5,1,447847.8175,34.95,2009,79,4,6.07
187653,Active,1826404,NA,NA,S,14,1,714822.74,42.95,2014,34,4.98,8.98
187654,Active,861123,NA,NA,S,13,1,1422608.67,54.95,2013,35,4.75,0
187655,Active,609196,NA,NA,D,6,1,1595454.206,42.95,2007,51,4,16.38
187656,Active,204164,NA,NA,D,7,1,372999.35,53.99,2009,85,4,13.86
187657,Active,545693,NA,NA,S,8,1,48735.4825,57.99,2013,48,22.62,32.11
187658,Active,210809,NA,NA,S,3,1,3029217.573,37.95,1999,40,4,7.91
187659,Active,626689,NA,NA,D,13,1,420777.71,45.95,2012,28,4.98,8.58
187660,Active,2787886,NA,NA,S,6,1,1270073.771,23.95,1998,38,4,27.99
187661,Active,533368,NA,NA,D,13,1,8599.8575,46.95,2013,101,10.98,18.94
187662,Active,56277,NA,NA,D,12,1,123555.075,36.95,2010,96,4.33,13.59
187663,Active,56276,NA,NA,D,11,1,262472.8275,31.95,2008,93,4,12.58
187664,Active,621991,NA,NA,S,2,1,85362.37375,54.99,2008,36,12.84,17.04
187665,Active,609162,NA,NA,D,4,1,1287498.855,41.95,2005,72,4,6.99
187666,Active,367154,NA,NA,D,5,1,424974.9875,58.99,2010,55,5.4,0
187667,Active,578953,NA,NA,S,1,0,47906.625,68.95,2011,57,4.99,26
187668,Active,2090550,NA,NA,S,0,0,345666.535,77.99,2013,21,32.09,51.94
187669,Active,546207,NA,NA,S,0,0,13531.43625,37.95,2010,134,7.15,14.99
187670,Active,293826,NA,NA,S,0,0,392462.2725,54.95,2000,47,19.65,38.99
187671,Active,609414,NA,NA,D,7,1,1879465.463,85,2000,59,4,12.94
187672,Active,244943,NA,NA,S,9,1,1222840.64,222.95,2003,38,4,13.72
187673,Active,2019335,NA,NA,S,5,1,231736.075,19.95,2012,28,8.91,14.05
187674,Active,593255,NA,NA,S,1,0,446662.1788,108.95,2009,28,46.98,51.99
187675,Active,527637,NA,NA,S,5,1,33017.70125,74.2,2011,57,28.44,63.59
187676,Active,602573,NA,NA,D,2,1,830114.5788,42.5,2008,138,4,8.99
187677,Active,270643,NA,NA,D,3,1,61116.29375,60.5,2011,50,8.36,29.61
187678,Active,527635,NA,NA,S,4,1,70573.115,96.95,2012,43,28.99,73.99
187679,Active,495594,NA,NA,D,3,1,992463.7263,99.95,2007,87,4.13,15.89
187680,Active,2777745,NA,NA,D,2,1,6126961.703,78.51,1984,14,4.2,35.99
187681,Active,2778556,NA,NA,D,2,1,1052206.088,79.95,1991,23,5.47,37.33
187682,Active,897810,NA,NA,D,0,0,3206629.421,139,2007,15,4,106.85
187683,Active,546779,NA,NA,S,2,1,64658.11,50.99,2012,34,15.4,23.9
187684,Active,203951,NA,NA,D,5,1,331618.9563,69.99,2008,66,6.86,10.95
187685,Active,609989,NA,NA,S,6,1,266750.6563,61.99,2013,34,18.14,21.74
187686,Active,542986,NA,NA,S,3,1,3081924.653,44.95,1999,35,3.99,11.99
187687,Active,203534,NA,NA,D,4,1,382619.6988,49.95,2003,51,4.48,9.99
187688,Active,864711,NA,NA,S,9,1,32594.8725,54.95,2014,74,23.99,35.65
187689,Active,540994,NA,NA,S,8,1,3152.11125,61.95,2013,115,33.69,35.95
187690,Active,211029,NA,NA,D,8,1,109528.1438,52.95,2009,175,4.79,28.95
187691,Active,615023,NA,NA,D,7,1,32705.595,64.95,2010,121,10.46,33.1
187692,Active,561657,NA,NA,D,6,1,61536.62625,58.95,2006,156,6.56,23.43
187693,Active,581092,NA,NA,S,4,1,385069.3975,42.95,1997,75,5.24,13.95
187694,Active,537936,NA,NA,D,5,1,252386.765,49.95,2002,145,4.51,56.1
187695,Active,294830,NA,NA,D,7,1,478549.0188,49.95,2006,129,4,17.45
187696,Active,329967,NA,NA,S,4,1,372235.33,76.95,2004,47,10.97,28.95
187697,Active,298865,NA,NA,S,2,1,369327.4425,77.95,2010,93,15.33,33.69
187698,Active,210999,NA,NA,D,7,1,313071.735,39.95,2007,62,4,12.88
187699,Active,577351,NA,NA,S,10,1,3341362.251,49.95,2003,67,4,23.68
187700,Active,546750,NA,NA,S,14,1,36280.75125,66.99,2012,114,16.86,31.43
187701,Active,641729,NA,NA,S,11,1,62224,40.99,2005,20,12.97,25.48
187702,Active,880386,NA,NA,D,9,1,189110.7813,50.01,2010,35,8.86,35.98
187703,Active,536388,NA,NA,D,10,1,2256.47,66.95,2013,228,14.28,28.84
187704,Active,561636,NA,NA,S,6,1,498233.2275,38.95,2003,152,4,9.15
187705,Active,54847,NA,NA,D,9,1,15258.41375,63.95,2010,647,6.03,22.78
187706,Active,54846,NA,NA,D,8,1,60562.86875,51.95,2007,449,4,16.86
187707,Active,533286,NA,NA,D,4,1,26260.6,64.95,2013,81,8.07,18.98
187708,Active,57965,NA,NA,D,3,1,423261.9925,56.95,2010,164,4,14.7
187709,Active,57964,NA,NA,D,2,1,1343933.163,42.95,2008,66,4,7.4
187710,Active,545740,NA,NA,S,0,0,139008.8763,44.99,2014,67,4.69,13.98
187711,Active,609798,NA,NA,S,0,0,850809.0725,42.95,2010,84,3.98,7.05
187712,Active,271000,NA,NA,D,0,0,661423.1238,42.95,2011,101,4,5.94
187713,Active,527634,NA,NA,D,0,0,464815.6888,44.96,2012,122,4,9.99
187714,Active,534732,NA,NA,D,0,0,93343.03125,44.99,2013,102,4,11.45
187715,Active,668461,NA,NA,D,3,1,1204051.701,91.95,2012,30,3.99,53.99
187716,Active,627855,NA,NA,S,2,1,27351.87875,97.95,2013,31,51.72,51.76
187717,Active,200347,NA,NA,D,1,0,352873.365,111.95,2008,70,4,23.99
187718,Active,545619,NA,NA,D,3,1,66273.525,95.95,2012,144,5.34,21.88
187719,Active,200320,NA,NA,D,2,1,600909.2238,90.95,2007,103,4,8.99
187720,Active,867615,NA,NA,S,7,1,18478.0725,84.99,2014,63,27.6,43.95
187721,Active,300453,NA,NA,D,6,1,71612.95,84.99,2011,150,4.35,9.61
187722,Active,203961,NA,NA,D,5,1,1082689.595,79.95,2008,102,4,8.07
187723,Active,539458,NA,NA,S,3,1,26466.295,56.2,2013,35,16.88,35.81
187724,Active,114141,NA,NA,D,0,0,112533.4013,25.95,2002,50,4.64,5.68
187725,Active,527632,NA,NA,D,2,1,130153.32,44.4,2007,73,6.11,16.99
187726,Active,906833,NA,NA,D,2,1,854960.3813,48.95,2007,62,8.17,43.99
187727,Active,210994,NA,NA,D,2,1,926415.4613,150.5,2007,42,4.88,10.89
187728,Active,210977,NA,NA,D,2,1,150896.46,97.95,2006,121,4.63,16.73
187729,Active,899208,NA,NA,D,1,0,1444239.601,163.98,2012,18,6.86,78.87
187730,Active,204049,NA,NA,D,1,0,308287.0588,108.99,2010,247,4,10.75
187731,Active,616047,NA,NA,S,2,1,161775.2488,45.95,2006,78,4,11.75
187732,Active,598378,NA,NA,S,3,1,669045.5813,48.99,2005,42,5.38,12.53
187733,Active,222339,NA,NA,D,4,1,2166985.555,80,2002,28,4.73,49.93
187734,Active,222340,NA,NA,D,5,1,171593.0763,85,2007,22,4.9,70.99
187735,Active,910111,NA,NA,D,6,1,1526451.568,75,2006,22,12.54,33.98
187736,Active,879890,NA,NA,D,0,0,3403441.608,12.42,2006,38,5.59,12.59
187737,Active,533721,NA,NA,S,10,1,13631.2525,77.99,2011,111,22.74,43.99
187738,Active,51880,NA,NA,D,9,1,367959.3063,59.95,2007,135,4,8.87
187739,Active,51879,NA,NA,D,8,1,1139867.099,47.95,2003,70,3.99,9.73
187740,Active,200362,NA,NA,D,1,0,488915.3013,84.95,2008,153,4,8.74
187741,Active,254520,NA,NA,D,2,1,50999.11875,109.95,2011,224,3.88,18.98
187742,Active,867446,NA,NA,S,3,1,2259.86125,114.95,2014,87,43.08,76.97
187743,Active,547033,NA,NA,S,4,1,545562.7025,129,2010,45,26.51,27.99
187744,Active,147638,NA,NA,D,5,1,183738.7825,91.95,2011,138,5.76,15.44
187745,Active,147072,NA,NA,S,3,1,2100793.878,71.95,2003,76,4.05,5.46
187746,Active,147438,NA,NA,D,4,1,927000.6575,82.95,2007,100,4.8,13.49
187747,Active,147556,NA,NA,D,5,1,290207.1475,58.95,2007,85,4,9.96
187748,Active,386742,NA,NA,D,2,1,176106.7963,175.95,2007,91,4,18.94
187749,Active,147686,NA,NA,S,5,1,1414445.568,115.95,2010,21,4.78,41.29
187750,Active,211008,NA,NA,S,4,1,811425.0575,37.95,2008,120,4,7.74
187751,Active,910149,NA,NA,D,4,1,794857.025,35,2004,29,5.1,18.98
187752,Active,543642,NA,NA,D,6,1,216325.7388,35,2011,37,21.93,53.99
187753,Active,874197,NA,NA,D,6,1,1024293.566,16.94,2011,41,7.55,15.85
187754,Active,56951,NA,NA,D,5,1,792174.5938,43.95,2008,132,4,4
187755,Active,874311,NA,NA,S,7,1,9906.63875,62.95,2015,84,38.64,41.51
187756,Active,533334,NA,NA,D,6,1,204106.0525,49.95,2011,131,4.37,12.71
187757,Active,147095,NA,NA,D,3,1,3081235.404,49.95,2003,49,4,9.95
187758,Active,147567,NA,NA,D,4,1,191613.79,61.95,2008,78,4,15.55
187759,Active,2142996,NA,NA,D,2,1,2438864.28,40,2006,20,4,49.21
187760,Active,582305,NA,NA,S,3,1,373958.33,50,2011,15,38.94,43.03
187761,Active,118351,NA,NA,S,5,1,103098.6188,66.2,2011,63,18.77,33.99
187762,Active,791735,NA,NA,D,3,1,4320001.621,48.95,2000,47,3.99,7.97
187763,Active,118490,NA,NA,D,4,1,1588896.46,50.95,2006,60,4,4.97
187764,Active,591317,NA,NA,D,2,1,1034290.995,99.95,2005,29,4,23.99
187765,Active,743941,NA,NA,S,7,1,4865375.326,114.43,2009,18,12.89,126.83
187766,Active,200230,NA,NA,D,1,0,860707.42,95.95,2007,65,4,9.63
187767,Active,876735,NA,NA,D,9,1,657964.9388,24.39,2008,62,4,23.94
187768,Active,54007,NA,NA,D,8,1,566117.9638,84.95,2007,195,4,10
187769,Active,60689,NA,NA,D,6,1,1152179.88,69.95,2005,113,3.98,6.99
187770,Active,663760,NA,NA,S,3,1,26011.425,115.95,2013,69,13.94,54.68
187771,Active,527628,NA,NA,D,2,1,469051.9763,110.95,2011,110,4,11.38
187772,Active,610330,NA,NA,S,8,1,3236.66125,91.95,2013,105,41.79,58.99
187773,Active,533538,NA,NA,D,9,1,8527.4625,103.99,2011,180,6.53,23.85
187774,Active,527627,NA,NA,D,7,1,148679.765,87.95,2009,224,4,20.69
187775,Active,1682625,NA,NA,D,2,1,2597369.31,78.95,2008,20,4,52.91
187776,Active,2748800,NA,NA,D,0,0,7024500.343,82.95,2004,23,4,38.99
187777,Active,533537,NA,NA,D,9,1,79917.10625,36.99,2011,83,4.98,32.99
187778,Active,200595,NA,NA,S,2,1,290990.3938,121.95,2010,52,28.01,91.27
187779,Active,561726,NA,NA,S,8,1,1120474.146,171.95,2012,34,9.71,602.99
187780,Active,611935,NA,NA,S,8,1,844125.5238,182.71,2013,21,12.82,148.99
187781,Active,2834387,NA,NA,D,1,0,2428118.983,62,2004,22,4.38,45.71
187782,Active,288832,NA,NA,S,3,1,99527.21625,64.95,2010,53,6.53,31.99
187783,Active,218501,NA,NA,S,2,1,2157242.256,58.95,1996,39,4,7.98
187784,Active,294840,NA,NA,D,3,1,257243.9638,62.95,2010,126,4.93,14.89
187785,Active,1696711,NA,NA,S,4,1,24598.56,68.95,2015,40,22.68,41.48
187786,Active,582914,NA,NA,D,5,1,375418.88,69.95,2001,74,4,12.95
187787,Active,610329,NA,NA,S,8,1,17269.25,80.95,2013,72,29.62,31.18
187788,Active,527625,NA,NA,D,7,1,145777.9963,72.95,2009,136,4,35.7
187789,Active,147191,NA,NA,D,6,1,924887.4188,55.95,2005,108,4,4.58
187790,Active,644390,NA,NA,S,5,1,167948.585,70.95,2013,74,25.34,34.99
187791,Active,54615,NA,NA,D,6,1,816367.8,54.95,2008,145,2.99,9.74
187792,Active,58568,NA,NA,D,7,1,273505.1838,66.95,2011,179,4,13.91
187793,Active,864712,NA,NA,S,8,1,7375.85875,74.95,2014,106,31.99,38.99
187794,Active,609976,NA,NA,D,7,1,243251.595,66.95,2013,52,4.48,9.75
187795,Active,553566,NA,NA,D,1,0,163025.9563,382.4,2010,68,5.44,20.93
187796,Active,553577,NA,NA,D,1,0,444535.1938,180.4,2010,99,4,9.98
187797,Active,2252872,NA,NA,S,3,1,819187.3,48.71,2010,45,11.36,20.98
187798,Active,613933,NA,NA,S,3,1,21570.375,38.95,2010,140,8.38,11.97
187799,Active,618547,NA,NA,S,1,0,23037.725,84.95,2012,38,18.99,62.7
187800,Active,2443622,NA,NA,D,5,1,2658343.354,44.95,1989,22,6.18,73.29
187801,Active,52254,NA,NA,S,10,1,479290.3713,141.95,2005,115,4,9.95
187802,Active,613974,NA,NA,D,1,0,718238.4325,164.33,2009,76,4,18.99
187803,Active,607043,NA,NA,S,19,1,2848890.968,40.79,2007,19,4,29.98
187804,Active,538526,NA,NA,S,25,1,800812.005,103.9,2013,33,4,42.72
187805,Active,262753,NA,NA,S,2,1,684821.3925,72.95,2008,35,4.78,64.13
187806,Active,640710,NA,NA,S,2,1,1591257.281,82.95,2002,48,4,52.78
187807,Active,106102,NA,NA,S,6,1,38197.0825,21.95,2007,100,6.78,13.3
187808,Active,867144,NA,NA,S,4,1,148231.2175,118.07,2014,39,48.99,87.72
187809,Active,534001,NA,NA,D,2,1,485212.4563,135.2,2008,127,4,22.83
187810,Active,561533,NA,NA,S,3,1,737381.31,132.47,2011,52,8.73,106.37
187811,Active,540682,NA,NA,D,3,1,39683.955,163.4,2011,137,5.49,18.99
187812,Active,226498,NA,NA,D,1,0,1666038.631,70,2006,38,15.15,44.91
187813,Active,624162,NA,NA,S,2,1,688327.5925,139.95,1994,33,9.43,73.98
187814,Active,270976,NA,NA,D,7,1,92208.0175,103.99,2011,41,18.86,27.14
187815,Active,204185,NA,NA,D,6,1,404082.525,85.95,2007,61,4,37.77
187816,Active,210940,NA,NA,D,4,1,1684451.101,61.95,2005,67,4.18,10.99
187817,Active,224733,NA,NA,D,8,1,69048.87,264.95,2011,103,5.57,93.45
187818,Active,169672,NA,NA,D,7,1,1163900.954,279.95,2007,38,5.48,73.29
187819,Active,169537,NA,NA,S,7,1,1036069.541,220.95,2007,66,4,23.67
187820,Active,867303,NA,NA,S,6,1,35097.055,69.95,2014,53,41.97,45.93
187821,Active,200461,NA,NA,S,5,1,354588.9388,134.95,2009,56,10.04,48.05
187822,Active,868416,NA,NA,D,4,1,2961329.018,82.95,2003,27,4,15.75
187823,Active,56642,NA,NA,D,10,1,266071.3738,230.95,2010,90,6.99,9.54
187824,Active,527624,NA,NA,D,5,1,324288.0088,64.95,2010,154,4,8.98
187825,Active,618945,NA,NA,S,1,0,96888.275,114,2010,67,11.48,43.99
187826,Active,56641,NA,NA,D,9,1,1220755.383,243.95,2006,63,4,9.13
187827,Active,200069,NA,NA,D,2,1,2892667.754,97.95,2004,37,4,4.39
187828,Active,614405,NA,NA,D,3,1,247436.3425,103.95,2010,64,6.42,28.94
187829,Active,622225,NA,NA,S,4,1,99136.97,108.95,2013,47,31.54,40
187830,Active,689982,NA,NA,S,8,1,7422.885,27.95,2009,36,20.16,28.84
187831,Active,614112,NA,NA,S,7,1,855863.2375,80.5,2003,43,4.54,16.96
187832,Active,709320,NA,NA,S,1,0,590749.34,78,2008,36,9.2,33.07
187833,Active,1517134,NA,NA,D,3,1,147888.2438,165.2,2014,30,50.62,97.28
187834,Active,1517608,NA,NA,D,2,1,707182.1325,165.2,2013,19,16.18,128.99
187835,Active,567544,NA,NA,S,3,1,1498611.515,42.95,2008,27,4.99,23.98
187836,Active,1456079,NA,NA,S,3,1,473452.97,140.2,2015,27,15.06,103.7
187837,Active,618233,NA,NA,S,24,1,1331160.858,53.25,2012,50,3,18.99
187838,Active,244447,NA,NA,D,12,1,176829.7388,279.95,2011,130,8.81,29.99
187839,Active,1822513,NA,NA,D,26,1,548084.9275,43.62,2014,27,4.79,32.8
187840,Active,872335,NA,NA,S,2,1,1441070.779,126,2013,33,5.77,17.94
187841,Active,619109,NA,NA,D,2,1,85547.4075,188,2013,94,4.98,43.98
187842,Active,2388598,NA,NA,D,0,0,3332331.401,50.45,1989,20,4,23.49
187843,Active,52252,NA,NA,D,11,1,139792.3125,263.95,2007,197,4,23.79
187844,Active,545680,NA,NA,S,6,1,26235.18625,83.99,2012,92,33.99,42.84
187845,Active,203980,NA,NA,D,5,1,307253.6863,70.99,2008,91,4,17.97
187846,Active,534091,NA,NA,D,4,1,1878358.736,59.95,2003,42,4,4.26
187847,Active,621989,NA,NA,S,4,1,358934.6563,136.95,2008,60,20.57,51.74
187848,Active,629836,NA,NA,S,1,0,113071.475,175.95,2012,24,18.75,40.49
187849,Active,200152,NA,NA,D,1,0,1131889.6,99.95,2007,57,4,18.98
187850,Active,200535,NA,NA,D,2,1,67484.08,169.95,2010,42,23.19,52.13
187851,Active,253967,NA,NA,S,11,1,199395.1788,76.95,2009,55,13.99,42.98
187852,Active,1438472,NA,NA,S,1,0,88669.375,172.67,2014,37,48.7,123.93
187853,Active,610476,NA,NA,S,7,1,16505.48875,75.99,2013,77,36,43.99
187854,Active,877973,NA,NA,D,6,1,810448.5813,14.48,2010,76,5.59,12.4
187855,Active,56364,NA,NA,D,6,1,130050.055,63.99,2010,176,4,8.66
187856,Active,56363,NA,NA,D,5,1,579318.1588,54.95,2006,93,4,12.5
187857,Active,224762,NA,NA,D,2,1,222460.1725,243.95,2011,57,7.28,76.22
187858,Active,2036814,NA,NA,S,3,1,1160019.108,62.64,2006,39,4.13,36.47
187859,Active,163471,NA,NA,S,5,1,183632.5225,21.99,2011,44,5.54,12.98
187860,Active,608401,NA,NA,S,4,1,1277106.075,21.99,2006,97,3.99,5.97
187861,Active,178869,NA,NA,D,4,1,404383.7413,277.95,2010,112,4.35,33.98
187862,Active,61199,NA,NA,D,3,1,910340.9738,293.95,2006,76,4,19.17
187863,Active,53181,NA,NA,D,9,1,470653.43,40.26,2009,68,5.51,49.36
187864,Active,619388,NA,NA,S,8,1,1327479.975,120.25,2007,22,8.97,73.67
187865,Active,53182,NA,NA,D,8,1,557579.1525,98.87,2006,53,4,48.31
187866,Active,615200,NA,NA,D,1,0,746561.555,48.73,2008,41,4.35,32.61
187867,Active,623792,NA,NA,D,3,1,21041.92375,197,2012,121,8.32,28.99
187868,Active,698691,NA,NA,D,2,1,4866812.889,69.46,2010,17,4.98,43.98
187869,Active,536533,NA,NA,D,3,1,1005336.811,164.8,2012,23,10.62,126.16
187870,Active,877717,NA,NA,S,3,1,1533342.594,102.4,2012,32,3.99,42.71
187871,Active,533624,NA,NA,D,3,1,75864.74125,152.8,2012,94,5.79,23.99
187872,Active,53033,NA,NA,D,2,1,598486.9,132.4,2009,86,4,28.92
187873,Active,224756,NA,NA,D,2,1,68420.86125,235.95,2011,71,10.98,73.75
187874,Active,169230,NA,NA,D,1,0,823180.2163,253.95,2007,47,4,49.84
187875,Active,200129,NA,NA,D,1,0,702626.9613,163.95,2009,68,4,24.92
187876,Active,52255,NA,NA,S,12,1,15036.4075,226.95,2010,129,13.42,43.89
187877,Active,118725,NA,NA,D,1,0,122739.855,123.2,2010,55,5.97,28.43
187878,Active,905201,NA,NA,S,3,1,117491.4388,82.99,2014,22,38.29,42.31
187879,Active,200551,NA,NA,S,3,1,150537.3213,179.95,2010,45,38.96,65.57
187880,Active,620854,NA,NA,S,2,1,204113.6588,49.99,2006,52,4,28.98
187881,Active,52891,NA,NA,S,4,1,3588332.611,125.95,2005,41,4,6.69
187882,Active,52894,NA,NA,D,6,1,543263.9738,191.95,2010,65,7.07,51.62
187883,Active,254117,NA,NA,D,6,1,139581.1275,211.95,2010,140,4,27.12
187884,Active,164643,NA,NA,S,4,1,503873.9575,33.99,2003,51,4.48,41.79
187885,Active,177961,NA,NA,D,1,0,715867.57,290.95,2006,63,4.84,18.92
187886,Active,254121,NA,NA,D,2,1,51908.5325,274.95,2010,64,25.04,88.14
187887,Active,620309,NA,NA,S,3,1,506815.0063,76.99,2007,38,14.89,38.98
187888,Active,169525,NA,NA,D,3,1,424509.1613,295.95,2007,74,4.78,41.74
187889,Active,178865,NA,NA,D,4,1,98641.97375,279.95,2010,95,8.97,52.46
187890,Active,850719,NA,NA,D,1,0,1648788.664,63.75,1999,19,4.39,52.41
187891,Active,1435116,NA,NA,S,6,1,230290.995,54.08,2013,7,49.06,49.61
187892,Active,527618,NA,NA,D,5,1,499424.76,59.99,2009,32,10.56,21.49
187893,Active,107514,NA,NA,D,4,1,1040441.776,43.99,2006,35,4,39.96
187894,Active,2903788,NA,NA,D,0,0,353872.0713,144.93,1998,17,10.98,57.23
187895,Active,2361994,NA,NA,D,0,0,2335771.281,88,1994,24,4.95,46.45
187896,Active,830777,NA,NA,S,2,1,618223.3,65,1991,25,17.88,200.65
187897,Active,650191,NA,NA,S,2,1,836709.3638,131,1998,30,23.98,43.99
187898,Active,539880,NA,NA,S,3,1,59985.915,83,2012,26,43.99,48.48
187899,Active,52694,NA,NA,S,3,1,2399159.088,62.95,2003,85,3.99,15.89
187900,Active,52696,NA,NA,D,5,1,138964.695,89.95,2011,215,3.83,23.48
187901,Active,52695,NA,NA,D,4,1,386437.035,75.95,2007,158,4,5.99
187902,Active,367099,NA,NA,D,2,1,3165956.506,137.99,2003,15,13.22,28.99
187903,Active,177446,NA,NA,D,1,0,736121.1725,168.95,2006,61,4,14.94
187904,Active,148656,NA,NA,D,2,1,525285.0013,276.95,2009,81,9.33,32.67
187905,Active,169646,NA,NA,D,1,0,1696502.183,178.95,2006,31,7.32,53.95
187906,Active,551108,NA,NA,S,9,1,680582.7363,55.25,2012,10,18.38,49.34
187907,Active,146742,NA,NA,S,2,1,322324.0125,65.8,2011,51,14.73,28.97
187908,Active,646979,NA,NA,S,2,1,214425.64,69.99,2013,30,47.7,51.76
187909,Active,417611,NA,NA,S,1,0,530136.225,183.25,2007,22,6.29,59.51
187910,Active,2107253,NA,NA,S,0,0,666965.3238,62.99,2014,28,37.28,36.46
187911,Active,2085795,NA,NA,S,0,0,88335.675,62.99,2013,12,42.99,42.38
187912,Active,623544,NA,NA,S,0,0,34892.92875,425.53,2008,31,19,45.61
187913,Active,679269,NA,NA,S,2,1,8951.05,33.95,2010,23,19.57,22.71
187914,Active,109507,NA,NA,D,10,1,805138.7713,12.97,2005,23,4.99,11.97
187915,Active,522533,NA,NA,D,1,0,1077890.978,157.95,2010,20,47.79,0
187916,Active,225947,NA,NA,D,1,0,941233.3913,179.95,2007,19,11.98,27.98
187917,Active,910215,NA,NA,D,0,0,1204768.318,59.95,2006,26,23.61,73.79
187918,Active,625306,NA,NA,S,20,1,138780.1725,59.95,2009,36,31.38,41.9
187919,Active,619908,NA,NA,S,2,1,637985.65,90,1996,35,4.14,36.99
187920,Active,177415,NA,NA,S,4,1,106105.6575,157.95,2003,63,38.1,71.97
187921,Active,615802,NA,NA,S,0,0,603206.7063,73.95,1977,61,4,38.99
187922,Active,1768632,NA,NA,S,4,1,868618.855,41,2014,16,28.31,37.64
187923,Active,1768478,NA,NA,S,2,1,414573.2,44,2013,17,25.17,36.84
187924,Active,655089,NA,NA,S,2,1,46901.03625,39.99,2013,67,13.67,24.28
187925,Active,287394,NA,NA,S,3,1,239908.1763,79.99,2007,26,33.31,67.99
187926,Active,537994,NA,NA,D,2,1,1023619.165,74.99,1993,119,4,9.44
187927,Active,108313,NA,NA,S,6,1,3229832.251,10.2,2004,23,4,10.2
187928,Active,109516,NA,NA,D,7,1,798231.6375,7.58,2006,65,4,8.98
187929,Active,178634,NA,NA,D,3,1,724121.9225,208.95,2010,38,5.8,41.74
187930,Active,251087,NA,NA,D,2,1,2322700.649,151.95,2007,20,6.05,17.99
187931,Active,631026,NA,NA,D,0,0,3333634.814,7.83,2003,27,4,6.07
187932,Active,113773,NA,NA,S,2,1,113819.655,129.8,2004,35,24.99,68.63
187933,Active,184036,NA,NA,S,2,1,212395.4588,129.95,2005,23,4,58.97
187934,Active,527609,NA,NA,S,4,1,580777.3963,217.95,2008,45,4.69,73
187935,Active,608803,NA,NA,S,2,1,3878950.036,108.95,2001,22,4,13.99
187936,Active,120994,NA,NA,S,2,1,619470.7863,139.32,1997,39,19.35,70.11
187937,Active,130109,NA,NA,S,2,1,115532.0025,171.6,2002,48,9.09,24.48
187938,Active,119954,NA,NA,D,1,0,3105446.345,63,1999,38,4,7.87
187939,Active,114585,NA,NA,D,2,1,740461.3775,98,2003,25,5.04,39.99
187940,Active,886705,NA,NA,D,0,0,893144.74,73.01,2013,13,38.9,39.99
187941,Active,108162,NA,NA,D,1,0,1626499.346,103.17,2002,19,4,46.21
187942,Active,118563,NA,NA,S,2,1,952642.875,157.33,2006,35,4,23.23
187943,Active,166662,NA,NA,D,1,0,479781.7663,84.05,2004,34,4,46.93
187944,Active,119033,NA,NA,D,5,1,33040.34,151.2,2011,50,38.96,124.06
187945,Active,120706,NA,NA,D,4,1,669066.4713,122,2008,35,4,45.7
187946,Active,515208,NA,NA,D,3,1,1215802.044,86.25,2006,46,4,12.97
187947,Active,131655,NA,NA,S,2,1,195938.5213,85,2002,45,4.6,44.14
187948,Active,114847,NA,NA,S,4,1,1710437.779,46.67,2002,33,4,7.99
187949,Active,121206,NA,NA,D,6,1,369459.2263,74.6,2010,57,4,13.42
187950,Active,610456,NA,NA,S,3,1,17679.61,37.5,2013,48,24.49,31.98
187951,Active,175818,NA,NA,S,2,1,513711.9288,84.99,2006,36,48.99,59.93
187952,Active,3512634,NA,NA,D,0,0,3493991.65,69.95,1995,18,38.82,73.99
187953,Active,249781,NA,NA,S,1,0,37525.7,52.95,2006,32,24.29,32.31
187954,Active,793868,NA,NA,D,2,1,3034241.72,57.95,2004,16,5.45,47.06
187955,Active,120040,NA,NA,D,7,1,170050.9625,80.2,2009,31,9.44,56.07
187956,Active,552529,NA,NA,D,6,1,646819.8213,61.33,2005,60,4,48.52
187957,Active,527606,NA,NA,S,2,1,49097.0475,59.95,2012,53,27.47,33.19
187958,Active,1765206,NA,NA,D,0,0,1494716.323,110,2013,15,16.84,21.19
187959,Active,545962,NA,NA,S,3,1,746989.0163,69.95,2013,27,28.98,48.22
187960,Active,527604,NA,NA,S,5,1,651434.2375,69.99,2010,25,33.99,46.26
187961,Active,152248,NA,NA,D,4,1,995776.4238,54.95,2005,33,4,27.9
187962,Active,627961,NA,NA,D,3,1,1388638.113,144,2010,20,32.61,41.98
187963,Active,2663131,NA,NA,D,5,1,4211741.911,169,2000,22,12.78,76.95
187964,Active,667917,NA,NA,S,3,1,1498514.295,79.95,2004,19,44.83,69.97
187965,Active,159471,NA,NA,D,5,1,839779.9375,184.95,2007,38,6.98,41.67
187966,Active,895958,NA,NA,D,3,1,1971615.003,70.95,2008,15,6.61,52.27
187967,Active,2523784,NA,NA,D,0,0,4473774.716,99,1991,25,4.59,36.14
187968,Active,538307,NA,NA,S,4,1,276429.73,86,2014,46,48.92,69.39
187969,Active,610457,NA,NA,S,7,1,9033.70875,75.99,2013,44,36.64,36.97
187970,Active,204105,NA,NA,D,6,1,74671.29125,66.99,2009,80,8.5,13.97
187971,Active,203789,NA,NA,D,5,1,846866.9938,54.95,2005,80,4,9.62
187972,Active,203373,NA,NA,S,4,1,2931795.861,49.95,2002,49,4,5.24
187973,Active,627146,NA,NA,S,3,1,402647.5438,53.99,2007,32,7.51,24.44
187974,Active,621485,NA,NA,S,4,1,1690016.338,155,2001,29,6.41,29.83
187975,Active,527599,NA,NA,D,6,1,338007.885,189,2012,17,42.94,91.41
187976,Active,241521,NA,NA,D,5,1,749247.7675,14.95,2001,29,4,14.48
187977,Active,3635070,NA,NA,S,1,0,15592.175,90,2016,10,52.69,51.24
187978,Active,1781026,NA,NA,S,1,0,12518.55,59.99,2014,14,34.25,34.91
187979,Active,628260,NA,NA,D,1,0,386885.0475,89.99,2009,20,27.03,33.97
187980,Active,610485,NA,NA,S,2,1,290596.1825,60,2014,20,22.55,36.71
187981,Active,611890,NA,NA,S,2,1,422887.735,60,2014,32,17.36,20.98
187982,Active,702271,NA,NA,S,1,0,16837.55,50,2014,19,30.49,31.62
187983,Active,628734,NA,NA,S,1,0,172283.1913,99,2009,26,17.92,0
187984,Active,170101,NA,NA,S,1,0,203779.85,136.95,2009,35,6.28,39.97
187985,Active,203763,NA,NA,D,5,1,538350.0075,98,2005,33,4.51,16.05
187986,Active,2572600,NA,NA,S,2,1,3370419.145,73.95,1991,35,4,7.98
187987,Active,192820,NA,NA,S,2,1,1274610.551,78.95,2003,25,37.93,177.38
187988,Active,2095441,NA,NA,S,3,1,366576.6,69.95,2015,23,46.98,60.12
187989,Active,57631,NA,NA,D,6,1,610615.9425,141.4,2007,56,4.94,34.29
187990,Active,715400,NA,NA,S,7,1,1315624.298,48.91,2010,16,17.97,47.95
187991,Active,57633,NA,NA,D,7,1,98606.02125,156,2010,103,7.07,36.96
187992,Active,245127,NA,NA,D,2,1,708469.6625,135.95,2004,50,4,44.21
187993,Active,527596,NA,NA,D,3,1,382206.44,152.95,2012,64,4.24,78.47
187994,Active,227545,NA,NA,S,2,1,829539.1113,93,2007,52,4.14,38.99
187995,Active,607483,NA,NA,D,4,1,508156.3613,91,1989,34,4,55.97
187996,Active,889410,NA,NA,S,2,1,6359938.438,65,1996,17,4.98,58.79
187997,Active,911444,NA,NA,D,3,1,1452080.926,83.95,2001,27,4.96,43.67
187998,Active,641648,NA,NA,D,3,1,462533.7925,89,2007,19,13.97,0
187999,Active,637447,NA,NA,D,2,1,2225301.608,40,1996,23,4,22.98
188000,Active,187972,NA,NA,S,3,1,789953.3613,75.99,2000,32,5.71,38.99
188001,Active,660870,NA,NA,S,2,1,116614.23,67.99,2013,13,30.17,50.26
188002,Active,203376,NA,NA,D,0,0,556539.005,54.99,2000,19,8.7,13.13
188003,Active,644464,NA,NA,S,2,1,41775.1675,68.99,2013,20,31.72,40.97
188004,Active,203437,NA,NA,D,0,0,387020.2638,52.99,2003,31,4.46,18.99
188005,Active,881675,NA,NA,S,4,1,109911.4913,64.95,2015,23,38,48.36
188006,Active,210961,NA,NA,D,3,1,137565.915,56.95,2006,52,12.56,16.99
188007,Active,2014543,NA,NA,S,2,1,340531.4825,72,2011,30,30.98,49
188008,Active,57422,NA,NA,D,6,1,66463.33125,109,2009,89,13.98,34.99
188009,Active,60694,NA,NA,S,5,1,672731.445,77.95,2001,42,5.35,49.98
188010,Active,203840,NA,NA,D,6,1,92166.73625,93.99,2007,94,9,42.95
188011,Active,664230,NA,NA,S,2,1,39505.80125,69.95,2013,33,40.58,56.87
188012,Active,210836,NA,NA,D,1,0,496517.425,39.95,2001,50,4,6.99
188013,Active,615895,NA,NA,D,4,1,237951.5725,79,2003,40,4,42.55
188014,Active,147622,NA,NA,S,3,1,75719.73875,79.95,2011,48,43.41,51.94
188015,Active,159527,NA,NA,D,1,0,515538.2938,59.95,2005,33,9.75,50.67
188016,Active,255808,NA,NA,D,1,0,68921.875,64.95,2011,63,9.79,0
188017,Active,739606,NA,NA,D,5,1,666027.045,64.2,2003,33,4.9,43.88
188018,Active,133292,NA,NA,D,7,1,52279.4975,102.8,2010,85,25.2,70.21
188019,Active,2697619,NA,NA,D,0,0,912695.3213,42.95,1989,16,6.94,80
188020,Active,2698280,NA,NA,S,2,1,230349.5013,55.95,2001,35,24.36,167.96
188021,Active,274488,NA,NA,S,3,1,117970.94,53.98,2011,45,21.9,76.73
188022,Active,300844,NA,NA,S,2,1,420030.0913,110,2008,34,4.74,69.51
188023,Active,620224,NA,NA,S,1,0,30534.575,183,2012,33,56.33,76.47
188024,Active,633623,NA,NA,S,2,1,512629.4975,44.95,2009,28,10.59,0
188025,Active,53963,NA,NA,D,6,1,431135.0125,337.95,2006,66,4.79,23.98
188026,Active,53966,NA,NA,S,4,1,1409259.371,167.95,2001,70,4,12.98
188027,Active,118656,NA,NA,S,7,1,277718.7975,110,1995,47,4.13,40.98
188028,Active,53965,NA,NA,D,7,1,73974.5325,307.95,2009,103,15.99,38.99
188029,Active,53964,NA,NA,D,5,1,197865.5675,242.95,2004,80,4.48,50.21
188030,Active,1739907,NA,NA,D,2,1,1923700.781,39.99,2009,18,5.42,18.98
188031,Active,1739908,NA,NA,S,3,1,278669.5963,49.99,2012,28,32.84,41.99
188032,Active,1437448,NA,NA,S,3,1,91789.725,70,2014,11,37.64,42.63
188033,Active,658100,NA,NA,S,0,0,1258023.939,112.05,2013,29,6,48.99
188034,Active,703321,NA,NA,D,1,0,2654582.194,59.99,2004,69,4,8.22
188035,Active,624739,NA,NA,D,1,0,1303051.28,59.99,2008,27,4.35,32.95
188036,Active,3783332,NA,NA,D,1,0,5299145.35,39.95,1999,21,5.52,47.55
188037,Active,203494,NA,NA,D,7,1,2491379.375,99,2002,16,4,49.35
188038,Active,2663894,NA,NA,S,6,1,7666802.933,85,1997,23,4,44.25
188039,Active,203670,NA,NA,D,2,1,2894915.179,89,2005,21,5.39,20.94
188040,Active,564128,NA,NA,D,0,0,6769479.403,59.95,1998,20,4.02,41.7
188041,Active,881751,NA,NA,S,0,0,703757.9213,8.76,2012,33,4,7.98
188042,Active,133085,NA,NA,S,6,1,526376.94,146,2010,81,4,36.74
188043,Active,134952,NA,NA,S,2,1,161421.35,38,2008,18,26.15,27.21
188044,Active,127565,NA,NA,S,0,0,746078.4538,69.95,2010,59,4.53,13.89
188045,Active,539923,NA,NA,D,2,1,19290.68125,55.95,2012,106,11.58,18.95
188046,Active,127566,NA,NA,D,0,0,207150.1525,45.95,2010,90,4,18.16
188047,Active,539924,NA,NA,D,2,1,19921.99,79.95,2012,87,11.87,31.3
188048,Active,127567,NA,NA,D,0,0,315764.0075,45.95,2010,86,4,15.43
188049,Active,158084,NA,NA,S,2,1,1178317.99,56.95,2004,27,18.93,18.93
188050,Active,639703,NA,NA,S,4,1,80576.825,44.99,2013,23,16.21,48.98
188051,Active,163077,NA,NA,S,3,1,512770.7713,44.99,2010,46,4.54,11.81
188052,Active,766556,NA,NA,S,3,1,2932751.699,101.95,1997,28,4.08,13.99
188053,Active,248785,NA,NA,S,1,0,126971.1188,89.95,2005,24,23.58,67.93
188054,Active,55857,NA,NA,D,6,1,1487344.376,111,2004,22,4.12,13.98
188055,Active,118639,NA,NA,D,7,1,723773.7125,25.88,2008,34,6.64,25.87
188056,Active,534629,NA,NA,D,3,1,440521.9788,79.95,2012,84,5.98,38.99
188057,Active,254269,NA,NA,D,2,1,783155.7925,72.95,2009,72,4,7.99
188058,Active,226065,NA,NA,D,1,0,1465431.605,73.95,2006,55,4,10.83
188059,Active,145064,NA,NA,S,2,1,184555.95,55,2005,62,4,27.62
188060,Active,651438,NA,NA,D,1,0,1354741.421,83.95,2010,17,17.16,33.99
188061,Active,1867870,NA,NA,D,1,0,1024362.38,87.95,2011,41,5.92,67.09
188062,Active,811999,NA,NA,D,1,0,744634.76,87.95,2011,27,13.99,58.88
188063,Active,2851478,NA,NA,D,1,0,2253542.976,107.95,2005,22,4,16.21
188064,Active,544227,NA,NA,S,1,0,557450.3425,49.95,2012,28,4,24.9
188065,Active,2027594,NA,NA,S,0,0,166309.3013,59.95,2014,16,17.13,56
188066,Active,664275,NA,NA,D,4,1,140198.3325,110.95,2013,42,6.03,57.93
188067,Active,244097,NA,NA,S,1,0,1152085.451,118.95,2010,27,12.33,115.2
188068,Active,244448,NA,NA,D,2,1,675487.1363,118.95,2011,24,9.14,71.73
188069,Active,1781338,NA,NA,S,0,0,25434.8,79.95,2015,44,41.49,39.1
188070,Active,1780850,NA,NA,S,3,1,210127.5988,19.95,2014,98,4,7.44
188071,Active,867409,NA,NA,S,14,1,51301.09625,45.95,2014,172,4,14.94
188072,Active,527577,NA,NA,S,2,1,532.21625,38,2012,384,7.74,18.99
188073,Active,527576,NA,NA,S,4,1,1693.5425,40,2012,60,19.58,22.68
188074,Active,655079,NA,NA,S,2,1,517717.1525,44.99,2013,23,13.75,21.48
188075,Active,635405,NA,NA,D,2,1,1034478.759,52.95,1999,42,4,35.49
188076,Active,624015,NA,NA,D,0,0,2233748.499,39.95,1993,32,4,23.99
188077,Active,904070,NA,NA,S,11,1,950917.5838,31.99,2009,29,14.17,59.45
188078,Active,1732018,NA,NA,S,5,1,83882.7925,25.95,2014,33,13.11,18.32
188079,Active,632078,NA,NA,S,1,0,134760.0188,38,2012,51,4.99,0
188080,Active,631549,NA,NA,D,2,1,856925.515,44.99,2010,34,4,19.96
188081,Active,867264,NA,NA,S,3,1,103782.2075,70,2012,45,42.88,56.7
188082,Active,2070434,NA,NA,S,4,1,975509.77,93.28,2009,27,9.19,50.94
188083,Active,877254,NA,NA,S,8,1,1758432.931,148.02,2006,28,25.96,90.39
188084,Active,900750,NA,NA,S,7,1,243083.2688,68.93,2002,42,6.68,57.89
188085,Active,2255079,NA,NA,S,8,1,206851.1525,156.89,2007,22,32.74,132.79
188086,Active,183479,NA,NA,D,8,1,105259.165,295.95,2006,51,12.72,70.98
188087,Active,1575116,NA,NA,S,9,1,73754.59875,106.95,2011,44,12.59,82.85
188088,Active,567773,NA,NA,S,9,1,428839.7888,106.95,2011,32,35.53,0
188089,Active,1658890,NA,NA,S,4,1,529752.2325,48.05,2011,16,10.64,58.82
188090,Active,2909765,NA,NA,D,3,1,3029149.51,39.95,2003,21,7.88,7.92
188091,Active,744471,NA,NA,D,7,1,3205082.615,40.95,2001,18,4.73,28.99
188092,Active,148141,NA,NA,S,8,1,183383.92,67.95,2004,33,9.67,72.91
188093,Active,2698229,NA,NA,D,5,1,3249544.814,118,2003,15,7.98,58.04
188094,Active,1629966,NA,NA,S,7,1,728770.5038,105,2013,25,25.14,33.5
188095,Active,670600,NA,NA,S,0,0,65585.6,89,2012,28,53.43,53.99
188096,Active,142895,NA,NA,S,4,1,1572031.258,29,2002,33,4,41.2
188097,Active,890849,NA,NA,S,6,1,271349.3175,43,2014,17,38.69,42.6
188098,Active,268292,NA,NA,S,0,0,59973.725,85,2005,37,33.13,45.98
188099,Active,197907,NA,NA,D,4,1,2264480.84,79.21,2011,14,4.92,52.95
188100,Active,566570,NA,NA,S,2,1,326429.6688,85,2002,39,4.31,18.54
188101,Active,2940496,NA,NA,D,2,1,1290481.746,47.95,2004,19,10.13,64.39
188102,Active,591704,NA,NA,S,3,1,406468.9138,56.95,2009,29,17.3,43.22
188103,Active,701916,NA,NA,S,2,1,514233.0863,42,2010,23,12.49,22.49
188104,Active,127053,NA,NA,D,1,0,184090.9788,11.95,2008,39,6.99,8.93
188105,Active,116957,NA,NA,D,7,1,2233915.923,94,2005,35,4,13.89
188106,Active,120301,NA,NA,D,8,1,389548.2,110.6,2008,42,4,19.89
188107,Active,212707,NA,NA,S,2,1,33323.0075,39.99,2007,103,12.27,27.67
188108,Active,916071,NA,NA,S,2,1,65030.3125,49.99,2014,32,22.07,8.75
188109,Active,555273,NA,NA,S,1,0,92050.91375,44.95,1993,38,12.44,34.74
188110,Active,924246,NA,NA,S,3,1,298400.9863,65,2014,28,41.89,45.94
188111,Active,57961,NA,NA,D,8,1,582159.6363,115.67,2007,227,4,11.69
188112,Active,1455678,NA,NA,D,9,1,492885.3325,208.93,2014,18,14.33,174.1
188113,Active,57959,NA,NA,S,7,1,1228659.826,84.95,2003,142,4,22.35
188114,Active,2254029,NA,NA,D,8,1,2250931.581,20.44,2006,52,5.58,15.17
188115,Active,166796,NA,NA,D,8,1,505507.6513,130,2006,33,18.63,42.7
188116,Active,2250292,NA,NA,D,8,1,10075868.99,103.74,2006,36,29.72,75.08
188117,Active,1593305,NA,NA,S,1,0,2582665.421,99.99,2006,19,28.53,63.04
188118,Active,290633,NA,NA,S,6,1,150660.8463,84.5,2005,50,23.01,46.01
188119,Active,1749916,NA,NA,D,1,0,1656347.591,200.91,2008,19,34.45,85.7
188120,Active,608094,NA,NA,D,0,0,1823847.564,54.95,2008,39,4,4.5
188121,Active,535546,NA,NA,D,4,1,39230.76,79.95,2012,95,6.94,48.89
188122,Active,527555,NA,NA,D,3,1,425608.7488,59.95,2011,49,5.15,23.29
188123,Active,867484,NA,NA,S,5,1,12690.55375,79.95,2014,52,46.52,57.59
188124,Active,178911,NA,NA,D,2,1,814163.4613,59.95,2009,78,4,21.88
188125,Active,2680008,NA,NA,D,1,0,1155643.444,42.95,1992,14,5.03,34.43
188126,Active,120418,NA,NA,D,0,0,155630.3925,153.33,2004,49,8.88,34.95
188127,Active,896832,NA,NA,S,2,1,110553.7763,59.95,2014,19,42.54,41.41
188128,Active,620778,NA,NA,D,1,0,212217.9538,49.95,2010,20,32.81,79.59
188129,Active,1784340,NA,NA,S,2,1,286494.0988,44,2013,24,37.45,34.37
188130,Active,205915,NA,NA,S,3,1,308658.7138,25,2003,86,4,7.44
188131,Active,107425,NA,NA,D,2,1,2296594.403,12.63,2003,38,4,10.47
188132,Active,112057,NA,NA,S,4,1,42409.51375,118.5,2011,58,28.98,53.99
188133,Active,248804,NA,NA,S,3,1,326248.7538,59.95,2007,22,21.97,42.35
188134,Active,803849,NA,NA,S,3,1,1216460.535,49.95,2006,20,11.72,382.03
188135,Active,593987,NA,NA,S,5,1,88799.9625,41.95,2011,40,27.86,33.97
188136,Active,913821,NA,NA,D,1,0,925656.4,42.95,2006,44,6.69,17.99
188137,Active,644398,NA,NA,S,2,1,359943.4138,52.95,2013,44,35.99,39.42
188138,Active,50697,NA,NA,S,5,1,35411.84125,153.8,2010,86,29.35,103.9
188139,Active,50696,NA,NA,S,2,1,446124.4838,92,1998,72,6.83,21.99
188140,Active,114842,NA,NA,D,3,1,705185.0525,49.95,2003,42,6.98,66.09
188141,Active,535614,NA,NA,D,7,1,5084.82375,114.95,2013,97,12.99,54.67
188142,Active,53779,NA,NA,D,5,1,62278.57875,121.95,2007,145,4,15.92
188143,Active,53780,NA,NA,D,6,1,15533.255,126.95,2010,96,4,18.67
188144,Active,53777,NA,NA,S,4,1,1510893.434,19.93,2004,78,4,17.79
188145,Active,254192,NA,NA,D,1,0,66279.6875,126.95,2010,112,4,4.99
188146,Active,544247,NA,NA,D,2,1,7105.74125,114.95,2013,174,9.91,16.94
188147,Active,172222,NA,NA,S,1,0,557573.0925,42,2007,35,14.97,23.94
188148,Active,640733,NA,NA,S,4,1,773718.53,44,2008,30,8.65,18.89
188149,Active,622909,NA,NA,D,0,0,112103.1638,43.95,1984,62,15.22,26.16
188150,Active,188099,NA,NA,S,0,0,3003.61875,40,2004,136,16.99,20.93
188151,Active,2583081,NA,NA,S,0,0,299569.9663,49.95,1992,21,17.95,22.95
188152,Active,177985,NA,NA,S,1,0,26225.625,185.95,2004,27,42.98,42.99
188153,Active,639408,NA,NA,S,1,0,514242.345,50,2005,43,23.49,26.83
188154,Active,639813,NA,NA,S,3,1,424601.5525,70,2012,40,21.95,52.5
188155,Active,184343,NA,NA,S,2,1,696819.665,72.95,1999,28,6.36,43.46
188156,Active,127056,NA,NA,S,2,1,94160.32625,44.95,2006,52,19.98,37.99
188157,Active,2038865,NA,NA,S,0,0,570980.865,24.95,2014,16,10,16.49
188158,Active,758103,NA,NA,S,1,0,472396.7475,50,2003,67,4,9.22
188159,Active,177630,NA,NA,S,3,1,421102.3138,193.95,2004,52,9.85,69.5
188160,Active,527547,NA,NA,S,2,1,1652661.553,49.95,2007,30,4,8.99
188161,Active,111036,NA,NA,S,8,1,864024.1738,58.85,2009,24,4.39,92.55
188162,Active,852123,NA,NA,S,5,1,708162.6325,39.06,2000,23,4,17.99
188163,Active,644111,NA,NA,S,0,0,172429.3175,40,2006,38,19.92,29.49
188164,Active,171936,NA,NA,S,0,0,272806.985,42.95,2002,35,11.23,34.04
188165,Active,912076,NA,NA,D,1,0,2669839.374,85.95,1990,28,11.07,53.99
188166,Active,622905,NA,NA,S,0,0,527689.0113,44.95,1987,42,8.83,31.82
188167,Active,527544,NA,NA,S,0,0,561857.4888,12.95,2008,42,4.38,10.55
188168,Active,125959,NA,NA,D,0,0,462798.3138,44.95,1999,48,4,30.98
188169,Active,127587,NA,NA,S,2,1,103061.0713,62.95,2010,36,30.99,46.7
188170,Active,102683,NA,NA,S,30,1,752.81125,15.99,2006,253,6.67,11.12
188171,Active,910847,NA,NA,S,2,1,573277.025,48.54,1985,46,4,43.36
188172,Active,527543,NA,NA,D,16,1,1890464.94,102.95,2011,23,4,8.94
188173,Active,520741,NA,NA,D,14,1,2599013.266,84.95,2009,23,4,7.44
188174,Active,534763,NA,NA,S,17,1,1526401.063,99.95,2012,22,5.48,34.65
188175,Active,653717,NA,NA,S,13,1,3501913.799,137.95,2008,14,5.14,73.29
188176,Active,628375,NA,NA,D,4,1,1590949.469,99.95,2007,29,4,14.23
188177,Active,3022379,NA,NA,D,2,1,706004.0475,39.95,2001,27,6.39,35.95
188178,Active,299117,NA,NA,S,2,1,17662.9,34.95,2008,23,29.15,30.68
188179,Active,144962,NA,NA,S,2,1,418817.9388,40,2004,32,4.39,45.96
188180,Active,536460,NA,NA,S,5,1,223667.6,50.8,2012,82,8.34,45.64
188181,Active,2612734,NA,NA,S,2,1,226862.0738,39.99,2001,27,12.96,29.97
188182,Active,1724522,NA,NA,S,0,0,23174.9,60,2014,23,31.43,35.98
188183,Active,2164084,NA,NA,D,0,0,88930.88125,69.99,2011,12,43.99,46.02
188184,Active,2164087,NA,NA,S,0,0,331698.525,49.99,2013,3,39.22,39.12
188185,Active,145549,NA,NA,S,5,1,969202.1988,111,2006,38,4.29,51.94
188186,Active,867134,NA,NA,S,9,1,11089.0575,100.2,2014,49,48.87,68.21
188187,Active,133366,NA,NA,D,8,1,131159.5175,90,2011,64,7.06,55.55
188188,Active,132604,NA,NA,D,7,1,851675.9713,76.2,2008,53,4,20.48
188189,Active,60696,NA,NA,D,6,1,2056449.42,70.8,2005,66,3.89,12.92
188190,Active,298315,NA,NA,D,3,1,176156.4363,76,2011,81,7.66,53.53
188191,Active,862201,NA,NA,S,4,1,48559.54875,81,2014,40,34.21,41.65
188192,Active,527537,NA,NA,D,2,1,241820.1988,60,2007,28,4.11,11.27
188193,Active,147661,NA,NA,D,4,1,1995253.883,104.95,2009,17,24.64,68.93
188194,Active,603421,NA,NA,S,3,1,444249.9525,62,2011,41,5.19,33.87
188195,Active,169875,NA,NA,D,3,1,85045.55375,227.95,2010,32,17.81,117.21
188196,Active,169295,NA,NA,D,2,1,1169758.055,218.95,2006,47,4,8
188197,Active,534747,NA,NA,D,7,1,64071.5575,67.99,2012,32,29.99,66.3
188198,Active,1648783,NA,NA,S,1,0,353387.4338,39.95,2014,16,28.66,29.82
188199,Active,104767,NA,NA,D,1,0,245486.7638,103.93,2001,25,9.99,113.94
188200,Active,115776,NA,NA,S,3,1,165466.2913,130.2,2003,32,12.98,0
188201,Active,2388640,NA,NA,D,0,0,2425764.5,31.1,1981,24,4,72.74
188202,Active,115777,NA,NA,S,3,1,444162.9513,124.4,2003,28,44.99,55.99
188203,Active,2694296,NA,NA,D,0,0,677642.0325,0,2003,64,4,63.13
188204,Active,3515932,NA,NA,D,2,1,1544730.5,146.95,2006,12,36.53,194.71
188205,Active,141667,NA,NA,D,1,0,459804.4713,74.34,2005,54,8.54,26.49
188206,Active,126425,NA,NA,S,3,1,698789.915,97.95,2000,22,18.61,82.51
188207,Active,1993565,NA,NA,D,3,1,462658.0925,44.95,2014,15,33.39,41.8
188208,Active,3006730,NA,NA,S,4,1,163580.5988,44.95,2015,4,38.98,39.62
188209,Active,2134198,NA,NA,D,0,0,1230670.813,49.99,2011,27,4.32,42
188210,Active,2113740,NA,NA,S,2,1,533862.8163,54.99,2013,20,49.38,49.49
188211,Active,145389,NA,NA,S,3,1,297063.9138,45.6,2007,49,11.09,28.99
188212,Active,625322,NA,NA,D,1,0,683054.0125,59.99,2008,28,9.77,22.86
188213,Active,612473,NA,NA,S,2,1,571883.1063,49.99,2014,38,32.98,32.05
188214,Active,145181,NA,NA,D,2,1,1446154.478,69.99,2006,40,4.49,23.66
188215,Active,185936,NA,NA,S,3,1,2701604.91,59.99,2004,29,4,21.98
188216,Active,110428,NA,NA,D,6,1,399118.8175,5.29,2010,99,4,21.93
188217,Active,108361,NA,NA,S,4,1,4550037.981,52.5,2005,36,4.13,11.81
188218,Active,915176,NA,NA,D,5,1,3947816.671,8.99,2008,25,4,8.99
188219,Active,673975,NA,NA,S,0,0,250350.625,9.94,2012,37,6.48,0
188220,Active,164554,NA,NA,D,6,1,2697365.955,7.99,2002,56,4,5.57
188221,Active,165145,NA,NA,S,5,1,2312671.009,96.6,1998,53,4,17.98
188222,Active,166676,NA,NA,D,7,1,362978.9488,32.81,2004,93,4.1,31.14
188223,Active,163380,NA,NA,D,1,0,314126.505,47.89,2010,56,10.04,53.97
188224,Active,290223,NA,NA,S,8,1,506709.6813,221,2009,45,43.45,87.99
188225,Active,658390,NA,NA,D,0,0,1050808.11,87.95,2011,24,12.9,57.55
188226,Active,616281,NA,NA,D,1,0,1167980.985,188.8,1983,62,4,21.49
188227,Active,902126,NA,NA,S,2,1,9556.23,72,2014,40,34.1,63.94
188228,Active,348476,NA,NA,S,4,1,2194580.064,182.95,2006,17,4.11,19.46
188229,Active,3484557,NA,NA,D,2,1,3076452.75,195,1990,56,4,18.99
188230,Active,314654,NA,NA,S,3,1,332567.59,238.4,2003,43,18.78,0
188231,Active,144929,NA,NA,S,6,1,603551.9225,213.6,2004,67,9.44,103.96
188232,Active,120549,NA,NA,D,6,1,576488.925,160,2008,54,4,18.61
188233,Active,126630,NA,NA,D,2,1,2602311.93,140,2003,19,29.82,81.88
188234,Active,1560014,NA,NA,S,2,1,399499.585,35.95,2010,31,18.88,33.08
188235,Active,701441,NA,NA,D,6,1,6554372.5,0,1900,13,29.33,29.7
188236,Active,909354,NA,NA,D,4,1,706488.6963,22,1992,22,5.98,63.99
188237,Active,891636,NA,NA,D,6,1,737085.7738,73.99,2004,21,8.4,42.99
188238,Active,3128545,NA,NA,D,4,1,1440555.528,80.21,1996,16,21.85,69.31
188239,Active,60697,NA,NA,D,3,1,166047.2275,133.2,1998,33,4,48.21
188240,Active,431111,NA,NA,D,2,1,896823.9888,122,2008,22,4.78,101.81
188241,Active,137492,NA,NA,D,0,0,2641856.064,116,2006,23,4.97,46.65
188242,Active,51226,NA,NA,D,6,1,580103.1138,31.96,2007,93,4,30.45
188243,Active,51227,NA,NA,D,7,1,25481.56875,99.1,2010,112,11.46,67.65
188244,Active,52081,NA,NA,D,12,1,278203.7488,43.16,2008,97,4,45.58
188245,Active,183548,NA,NA,S,1,0,69299.37875,250.95,2009,70,6.9,93.43
188246,Active,538543,NA,NA,D,3,1,7849.115,286.5,2012,76,45.47,95.99
188247,Active,538681,NA,NA,S,3,1,361731.7275,215,2012,28,31.74,129.69
188248,Active,110356,NA,NA,D,2,1,501821.8725,23.38,2009,96,4,20.49
188249,Active,1440028,NA,NA,S,2,1,1573715.7,84.9,2009,21,12.21,68.94
188250,Active,137550,NA,NA,D,6,1,451917.415,141.6,2010,39,15.42,62.99
188251,Active,137455,NA,NA,S,3,1,3313115.501,87,2000,46,4.58,42.99
188252,Active,50995,NA,NA,D,2,1,2143709.928,14.81,2004,63,4,6.68
188253,Active,137548,NA,NA,D,6,1,835980.0413,76.16,2010,35,6.38,120.57
188254,Active,50993,NA,NA,D,3,1,617560.9488,8.95,2007,38,5.12,7.97
188255,Active,752477,NA,NA,D,4,1,1938492.613,77.46,2010,20,4,73.98
188256,Active,891915,NA,NA,D,3,1,902032.8975,110.59,2007,28,7.48,38.05
188257,Active,163500,NA,NA,S,2,1,1570308.073,98.99,2009,25,4.2,89.91
188258,Active,147967,NA,NA,S,2,1,1099441.608,236.95,2006,40,4.15,9.87
188259,Active,118713,NA,NA,D,9,1,596281.1425,40.89,2007,90,4.2,40.79
188260,Active,50908,NA,NA,D,8,1,792568.6475,18.52,2006,73,4,13.98
188261,Active,403070,NA,NA,D,8,1,133416.0825,75.41,2007,70,5.09,21.99
188262,Active,51032,NA,NA,S,8,1,175255.3613,267.4,2006,31,18.38,97.98
188263,Active,326376,NA,NA,S,5,1,708790.3213,125,2007,23,9.27,120.93
188264,Active,50996,NA,NA,D,3,1,235426.8563,42.1,2007,70,4.42,8.97
188265,Active,51039,NA,NA,S,8,1,1604577.934,13.48,2006,76,4.18,13.94
188266,Active,621333,NA,NA,D,10,1,1066028.508,89.5,2010,38,5.98,24.16
188267,Active,527523,NA,NA,D,2,1,4164328.578,76,2006,23,4.89,65.15
188268,Active,120614,NA,NA,D,9,1,892403.0063,186.67,2008,73,4,11.48
188269,Active,342345,NA,NA,D,3,1,1750652.915,8.15,2006,48,4,8.15
188270,Active,162866,NA,NA,D,4,1,205267.7225,33.89,2009,41,11.31,44.52
188271,Active,50999,NA,NA,D,5,1,114100.8688,55.99,2010,48,17.75,48.11
188272,Active,308633,NA,NA,S,2,1,3491144.078,0,2003,31,4,110.47
188273,Active,309004,NA,NA,D,3,1,2651055.67,18.02,2005,38,4,9.26
188274,Active,50998,NA,NA,D,4,1,953713.87,16.2,2007,86,4,15.99
188275,Active,51033,NA,NA,D,9,1,85341.39625,280.8,2009,123,4,50.99
188276,Active,109417,NA,NA,S,3,1,837755.3475,43.79,2007,30,23.54,42.44
188277,Active,893828,NA,NA,D,1,0,3426865.57,69.95,2010,9,32.94,41.06
188278,Active,537865,NA,NA,S,5,1,3389894.183,94,1992,20,4.8,47.77
188279,Active,137521,NA,NA,D,2,1,1375266.038,180,2007,25,5.85,21.89
188280,Active,203484,NA,NA,D,2,1,3403593.761,149,2002,18,7.56,56.39
188281,Active,527520,NA,NA,S,4,1,879733.225,409.99,2012,46,7.83,21.34
188282,Active,152751,NA,NA,D,1,0,1174866.55,98,2003,21,16.83,60.25
188283,Active,3511870,NA,NA,D,2,1,4265249.85,239,2005,12,6.39,187.71
188284,Active,804166,NA,NA,D,1,0,2868003.528,257.95,2007,11,79.56,159.32
188285,Active,636820,NA,NA,D,1,0,999245.4863,261.99,2010,27,5.74,0
188286,Active,651474,NA,NA,D,0,0,650033.1988,261.99,2012,20,11.04,0
188287,Active,1936150,NA,NA,S,0,0,1061037.729,205.99,2010,17,5.89,22.44
188288,Active,2018333,NA,NA,S,4,1,1336749.574,91.25,2012,13,11.28,9.18
188289,Active,299254,NA,NA,D,4,1,1130655.358,40.94,2006,40,4.76,68.25
188290,Active,3022420,NA,NA,D,3,1,2228019.859,94,2002,19,5.09,73.34
188291,Active,3822843,NA,NA,D,1,0,5285304.45,88,2001,10,42.49,187.27
188292,Active,527515,NA,NA,S,2,1,1004174.469,99.95,2005,26,25.44,131.17
188293,Active,2664492,NA,NA,D,1,0,2826918.719,99,2000,20,8.95,73.53
188294,Active,644062,NA,NA,D,3,1,1066559.601,64.95,2007,19,13.15,38.62
188295,Active,1519225,NA,NA,S,4,1,412632.3925,56.99,2015,15,49.97,41.97
188296,Active,120868,NA,NA,D,2,1,338581.4038,104.6,2010,54,4.93,92.1
188297,Active,116280,NA,NA,D,1,0,1508723.339,86.67,2007,32,4,13
188298,Active,3783346,NA,NA,D,2,1,2666919.65,319.95,2004,30,13.38,69.56
188299,Active,107297,NA,NA,D,3,1,1891083.266,66.35,1999,24,4.94,33.99
188300,Active,703706,NA,NA,D,3,1,3354492.684,109.35,1999,20,4.7,45.24
188301,Active,2338737,NA,NA,S,2,1,8333783.518,109.35,1991,18,4,45.4
188302,Active,628526,NA,NA,D,1,0,3087753.698,139.95,2010,11,44.54,56.91
188303,Active,484498,NA,NA,D,1,0,3638357.275,165.95,2006,16,51.39,160.21
188304,Active,2338858,NA,NA,D,3,1,1971420.736,87.46,1959,22,6.38,85.47
188305,Active,2338860,NA,NA,S,4,1,333960.2438,133.5,1977,31,14.65,69.94
188306,Active,256781,NA,NA,D,2,1,2703744.628,117,2001,23,4.58,63.83
188307,Active,1586284,NA,NA,S,4,1,1021898.843,94.99,2010,31,20.6,60.81
188308,Active,2588076,NA,NA,D,0,0,5905045.019,142.15,1969,33,4,45.59
188309,Active,3482431,NA,NA,D,1,0,2846367.15,80,2002,13,16.1,104.49
188310,Active,637020,NA,NA,S,2,1,487136.8988,55,2010,22,23.99,0
188311,Active,868190,NA,NA,S,2,1,618056.3575,97,1987,45,6.58,32.7
188312,Active,912112,NA,NA,D,1,0,2487500.858,15.95,1988,23,3.99,66.27
188313,Active,2559814,NA,NA,D,2,1,2081675.295,185,1995,26,6.96,52.98
188314,Active,764552,NA,NA,D,1,0,1446293.464,181.95,2005,19,4.5,15
188315,Active,2334996,NA,NA,D,0,0,1401783.551,127.45,1987,24,10.46,73.85
188316,Active,750960,NA,NA,D,1,0,2252190.288,185,2009,16,52.59,88.63
188317,Active,162088,NA,NA,S,1,0,633908.8563,105,2007,26,15.31,50.07
188318,Active,2351092,NA,NA,D,0,0,598848.3413,168.98,1994,11,43.98,42.87
188319,Active,616234,NA,NA,D,0,0,54975.325,65,1994,46,27.96,58.99
188320,Active,866660,NA,NA,S,2,1,40360.43375,85,2014,27,60.79,57.18
188321,Active,193190,NA,NA,S,4,1,431670.7963,39.95,2002,31,4.49,8.84
188322,Active,607485,NA,NA,D,3,1,275408.7625,49.95,1993,86,4.41,9.98
188323,Active,627073,NA,NA,S,2,1,628000.81,95,2005,72,10.03,46.08
188324,Active,679644,NA,NA,S,1,0,451066.9063,29.99,2006,87,4,6.23
188325,Active,627595,NA,NA,S,2,1,421058.8388,46,2005,39,4,11.16
188326,Active,617357,NA,NA,S,8,1,113430.1888,93.02,2011,52,21.51,138.99
188327,Active,117724,NA,NA,S,2,1,461421.6438,29.99,2005,126,4,7.83
188328,Active,625970,NA,NA,D,2,1,1849965.885,95,2000,21,4,31.99
188329,Active,1617442,NA,NA,S,2,1,16204.325,39.95,2009,6,24.92,28.12
188330,Active,261981,NA,NA,D,3,1,1118056.353,159.95,2005,20,74.73,0
188331,Active,250074,NA,NA,S,2,1,1449298.625,104.95,2006,34,4.13,43.97
188332,Active,298509,NA,NA,S,1,0,450377.1213,172.95,2006,47,4.85,78.98
188333,Active,254088,NA,NA,D,2,1,183721.915,156.95,2009,44,38.18,78.71
188334,Active,251079,NA,NA,D,1,0,269039.5325,173.95,2007,40,4.05,23.98
188335,Active,637645,NA,NA,S,1,0,85273.275,84,2012,22,34.29,43.86
188336,Active,527507,NA,NA,D,2,1,809933.0513,63,2009,25,9.97,34.72
188337,Active,107040,NA,NA,D,1,0,1594629.023,105,2005,40,4,4.93
188338,Active,527505,NA,NA,S,2,1,724725.4363,63,2011,30,23.01,39.71
188339,Active,631465,NA,NA,S,2,1,958468.47,63,2011,30,6.97,18.86
188340,Active,660655,NA,NA,S,1,0,65852.35125,80,2013,57,14.99,41.01
188341,Active,664102,NA,NA,S,1,0,292529.1475,72,2014,25,36.72,44.48
188342,Active,620320,NA,NA,S,0,0,1323735.983,80,2006,44,5.41,0
188343,Active,646060,NA,NA,S,5,1,330037.5138,49.99,2013,50,21.98,32.02
188344,Active,538193,NA,NA,S,1,0,1134650.375,64.99,2009,29,4.35,13.98
188345,Active,115991,NA,NA,S,3,1,1808602.949,64.99,2003,27,3.99,38.26
188346,Active,527504,NA,NA,D,5,1,421688.615,69.99,2009,44,4.64,41.76
188347,Active,181918,NA,NA,D,4,1,1255725.996,64.95,2005,55,4,14.98
188348,Active,630010,NA,NA,S,1,0,759544.4288,62,2010,30,7.87,14.26
188349,Active,121325,NA,NA,S,4,1,93284.98875,69.99,2009,27,32.97,62.46
188350,Active,242976,NA,NA,D,1,0,1940025.318,59.95,2006,29,5.6,57.35
188351,Active,1752767,NA,NA,S,3,1,1044563.649,69.95,2014,19,30.28,60.9
188352,Active,1437431,NA,NA,S,1,0,675309.2713,60,2014,29,24.62,38.32
188353,Active,527501,NA,NA,S,1,0,733753.3213,75,2004,79,4.04,15.96
188354,Active,250075,NA,NA,S,2,1,360272.99,172.95,2006,54,4.14,16.95
188355,Active,193047,NA,NA,D,3,1,2986559.201,112,2002,19,6.41,32.99
188356,Active,661939,NA,NA,S,3,1,591676.9813,115,2013,21,30.59,31.99
188357,Active,640707,NA,NA,D,0,0,4028120,79,1995,28,5.93,41.14
188358,Active,192859,NA,NA,S,2,1,433739.575,125,2001,23,6.67,82.16
188359,Active,667660,NA,NA,D,1,0,3470050.428,95,2010,11,18.88,60.19
188360,Active,257615,NA,NA,D,2,1,712727.4525,62.95,2007,31,31.89,62.95
188361,Active,276793,NA,NA,S,11,1,1816074.815,47.95,2000,28,4,19.99
188362,Active,262738,NA,NA,S,2,1,764608.015,23.95,2007,73,4,9.45
188363,Active,666760,NA,NA,D,3,1,581671.2413,64.95,2011,17,44.24,0
188364,Active,182836,NA,NA,D,11,1,442722.6438,78.76,2004,30,21.99,53.95
188365,Active,664946,NA,NA,S,2,1,693268.0538,110,2013,26,8.16,43.99
188366,Active,628244,NA,NA,S,5,1,1201891.576,92.95,2009,26,42.63,53.84
188367,Active,57457,NA,NA,S,8,1,1002168.306,199,2010,24,13.02,127.83
188368,Active,545901,NA,NA,S,6,1,35174.02625,103,2013,115,33.23,45.98
188369,Active,57309,NA,NA,D,5,1,315191.59,97.95,2008,59,5.53,34.09
188370,Active,57456,NA,NA,D,7,1,2534030.495,164,2007,19,4,15.99
188371,Active,114702,NA,NA,D,1,0,224772.5413,88,2007,44,4.18,55.05
188372,Active,329985,NA,NA,D,6,1,605653.8863,140,2008,32,22.18,48.99
188373,Active,533389,NA,NA,S,3,1,181438.6075,36.95,2012,30,17.54,28.45
188374,Active,386755,NA,NA,S,4,1,259009.2875,55.95,2007,47,18.09,28.99
188375,Active,900717,NA,NA,D,0,0,330208.7263,97.95,1993,28,18.5,72.41
188376,Active,196541,NA,NA,D,1,0,521993.7013,96.95,2005,22,17.34,61.99
188377,Active,660668,NA,NA,S,3,1,41932.2425,99.95,2013,40,42.58,48.93
188378,Active,113174,NA,NA,D,2,1,322979.8388,104,2009,49,24.22,69.35
188379,Active,3582673,NA,NA,D,2,1,9796081.35,41.5,1982,15,9.17,0
188380,Active,3582738,NA,NA,D,3,1,2588832.7,63,1996,25,12.09,59.06
188381,Active,60698,NA,NA,D,3,1,366785.3038,22.75,2000,82,4,22.88
188382,Active,465682,NA,NA,S,0,0,449049.2888,41.95,2004,30,11.75,30.97
188383,Active,246685,NA,NA,S,3,1,511102.7588,26.95,2008,29,6.24,13.49
188384,Active,116689,NA,NA,S,3,1,543062.9738,60.4,2003,53,4.99,46.25
188385,Active,563053,NA,NA,S,2,1,813463.6788,74.95,2006,25,26.79,44.9
188386,Active,2538158,NA,NA,S,3,1,735725.6538,43.95,2001,25,8.14,43.94
188387,Active,2892853,NA,NA,D,0,0,2835985.531,115,2001,17,4.83,74.85
188388,Active,192009,NA,NA,S,2,1,583123.7125,102.93,2006,37,6.37,62.38
188389,Active,111385,NA,NA,S,7,1,1060614.456,178.5,2010,55,4,30.34
188390,Active,54959,NA,NA,D,5,1,2671675.666,167.95,2004,22,4,14.98
188391,Active,54960,NA,NA,D,7,1,490704.0788,282.95,2010,51,6.91,26.2
188392,Active,54958,NA,NA,D,6,1,1335027.57,296.95,2007,36,4,7.69
188393,Active,244399,NA,NA,D,6,1,89958.30375,272.95,2012,56,26.09,126.49
188394,Active,183375,NA,NA,D,4,1,1090811.696,276.95,2006,41,4.31,33.93
188395,Active,535853,NA,NA,D,9,1,14756.39625,73.99,2012,131,16.79,43.59
188396,Active,53731,NA,NA,S,6,1,133996.08,13.49,2003,94,4,15.53
188397,Active,53729,NA,NA,D,7,1,286219.7563,29.45,2007,105,4,9.54
188398,Active,1826934,NA,NA,S,7,1,13337.625,66.99,2013,1,45.41,42.99
188399,Active,52148,NA,NA,S,7,1,452063.535,379.95,2007,60,7.32,68.83
188400,Active,861575,NA,NA,S,7,1,297723.1738,197.13,2013,36,28.97,193.77
188401,Active,620218,NA,NA,S,2,1,40739.44125,179.95,2012,56,36.61,71.33
188402,Active,212468,NA,NA,S,3,1,2729063.794,139,1995,44,4,39.59
188403,Active,244123,NA,NA,D,8,1,171538.1413,196.95,2011,79,8.34,149.87
188404,Active,552358,NA,NA,S,4,1,2192786.008,88,2005,74,3,8.99
188405,Active,849750,NA,NA,S,10,1,887388.6063,117.96,1999,33,4,32.27
188406,Active,527489,NA,NA,D,7,1,1690654.529,182.95,2009,20,5.02,0
188407,Active,556024,NA,NA,D,1,0,435421.1675,139.95,2000,25,22.13,116.24
188408,Active,623320,NA,NA,S,7,1,127455.3275,214.95,2013,35,28.9,40.99
188409,Active,592631,NA,NA,D,1,0,479991.205,167.95,2010,40,7.69,81.45
188410,Active,774279,NA,NA,D,5,1,3837638.011,89.96,2006,18,7.68,80.31
188411,Active,56340,NA,NA,S,2,1,62247.0875,145.95,2008,53,43.99,112.37
188412,Active,51695,NA,NA,D,5,1,252172.08,376.95,2008,124,4,20.89
188413,Active,50009,NA,NA,D,5,1,88953.78125,223.8,2006,221,5.29,30.43
188414,Active,167152,NA,NA,D,1,0,13899.995,103.91,2011,175,14.32,32.98
188415,Active,849323,NA,NA,D,4,1,416820.2038,145.56,1998,64,4.93,13.82
188416,Active,109271,NA,NA,D,7,1,431714.3763,186.75,2007,91,4.98,32.73
188417,Active,879427,NA,NA,S,5,1,1523527.078,0,2002,113,4.13,176.09
188418,Active,125929,NA,NA,S,4,1,1170064.06,89.95,2001,78,4,33.94
188419,Active,183356,NA,NA,D,12,1,140135.3113,318.95,2006,59,6.92,47.24
188420,Active,770360,NA,NA,S,11,1,1572463.308,166.76,2002,20,9.74,98.68
188421,Active,878531,NA,NA,D,2,1,784041.1838,225.75,2008,69,4.71,15.98
188422,Active,54612,NA,NA,D,2,1,131752.8175,51.29,2007,128,4.95,73.45
188423,Active,747754,NA,NA,S,1,0,19435.2,222.25,2014,61,29.36,73.99
188424,Active,176941,NA,NA,S,2,1,62968.75625,424.95,2005,112,18.79,130.4
188425,Active,51726,NA,NA,D,5,1,385494.6113,23.49,2005,224,6.52,18.99
188426,Active,57534,NA,NA,D,6,1,92986.57875,153.33,2005,173,5.18,23.29
188427,Active,153820,NA,NA,D,3,1,372813.12,71.99,2004,121,4,53.99
188428,Active,243726,NA,NA,D,5,1,212710.165,150,2009,54,10.69,73.69
188429,Active,199969,NA,NA,S,3,1,712435.6363,119.95,2004,33,4.48,61.75
188430,Active,102655,NA,NA,S,2,1,689376.3625,15.95,2006,38,4,88.59
188431,Active,50012,NA,NA,D,6,1,47735.99,257.4,2010,132,13.98,38.98
188432,Active,569422,NA,NA,S,5,1,3462094.644,165.95,1994,29,4,69.47
188433,Active,868177,NA,NA,D,1,0,1294268.299,143.95,1996,24,5.94,21.99
188434,Active,121668,NA,NA,S,2,1,222511.9525,193.07,1997,45,4.98,45.4
188435,Active,553881,NA,NA,S,6,1,87354.94875,201.6,1992,72,13.5,78.58
188436,Active,2654473,NA,NA,D,3,1,1523415.343,113.56,1994,35,4,18.78
188437,Active,52794,NA,NA,S,8,1,715851.6138,10.78,2003,178,4,8.75
188438,Active,177078,NA,NA,S,6,1,855601.8025,134.95,2003,123,4,13.98
188439,Active,52793,NA,NA,D,10,1,32133.34375,63.95,2009,127,8.82,62.98
188440,Active,276772,NA,NA,S,2,1,400386.6988,144.5,2005,67,18.98,53.98
188441,Active,868490,NA,NA,D,1,0,3788499.77,106,1999,14,4.96,57.82
188442,Active,51727,NA,NA,D,6,1,16705.91125,148,2010,116,15.94,71.63
188443,Active,57535,NA,NA,S,6,1,785530.16,197.13,2005,28,6.77,113.92
188444,Active,178727,NA,NA,D,5,1,870696.3588,260,2010,35,4.98,41.94
188445,Active,50356,NA,NA,S,6,1,886147.6288,186.75,2006,50,7.43,46.94
188446,Active,50357,NA,NA,D,7,1,236902.0888,22.98,2007,177,4.7,22.98
188447,Active,60699,NA,NA,D,11,1,852038.6913,294.95,2002,76,4,19.98
188448,Active,244273,NA,NA,D,6,1,308698.88,204.95,2011,86,4.44,8.85
188449,Active,2254241,NA,NA,D,2,1,1705307.666,103.44,2007,26,8.77,76.68
188450,Active,57956,NA,NA,D,2,1,31739.25,43.98,2007,60,8.96,31.99
188451,Active,57958,NA,NA,D,3,1,1258.9175,31.75,2011,83,12.73,15.97
188452,Active,54613,NA,NA,D,3,1,21578.03875,100.47,2010,115,17.96,32.58
188453,Active,169490,NA,NA,D,7,1,183529.0575,379.95,2007,187,4.69,26.41
188454,Active,51725,NA,NA,S,4,1,1161192.224,25.99,2002,121,4,32.99
188455,Active,2311997,NA,NA,S,2,1,3528758.145,88.95,1996,24,4,21.99
188456,Active,101333,NA,NA,S,3,1,176969.6275,257.95,2000,69,4.9,46.41
188457,Active,57539,NA,NA,D,7,1,25933.26375,248.6,2009,111,13.94,75.41
188458,Active,153990,NA,NA,D,4,1,61632.65625,56.02,2009,152,7.46,26.98
188459,Active,537086,NA,NA,S,2,1,7924.45875,85.4,1983,75,25.98,39.96
188460,Active,551566,NA,NA,D,2,1,378150.4463,106,2004,44,14.01,53.83
188461,Active,866757,NA,NA,S,3,1,254897.7788,99.95,2014,47,46.45,54.15
188462,Active,113468,NA,NA,S,2,1,632671.3738,131,2002,41,26.32,93.73
188463,Active,628519,NA,NA,S,6,1,873421.8575,112.37,2010,33,5.98,45.67
188464,Active,1517322,NA,NA,S,7,1,42641.085,105.8,2013,47,52.49,67.99
188465,Active,848663,NA,NA,D,2,1,1552305.163,64,1998,41,4,46.21
188466,Active,182864,NA,NA,S,5,1,87785.21625,210.95,2003,54,28.9,49.44
188467,Active,52795,NA,NA,D,9,1,167556.6288,30.49,2007,141,4.24,28.94
188468,Active,169235,NA,NA,D,1,0,1152245.221,429.95,2006,42,4.05,36.89
188469,Active,169696,NA,NA,D,2,1,281918.3463,391.95,2010,48,13.19,72.66
188470,Active,60700,NA,NA,D,8,1,1359281.156,109.96,1997,22,5.25,9.95
188471,Active,890291,NA,NA,S,0,0,952685.4,160.51,2009,15,28.98,91.67
188472,Active,868342,NA,NA,D,2,1,2142286.148,77.95,1993,23,4,39.76
188473,Active,176876,NA,NA,S,3,1,50572.18125,160.95,2001,113,11.94,38.98
188474,Active,2065499,NA,NA,S,0,0,50981.5,39.95,2015,6,32.35,29.88
188475,Active,60657,NA,NA,D,1,0,576938.3038,109.7,1999,20,4.44,26.49
188476,Active,119175,NA,NA,D,1,0,722468.28,166.2,1998,25,4.57,45.67
188477,Active,902715,NA,NA,D,1,0,1431223.606,72.95,2008,19,4.3,63.33
188478,Active,2562289,NA,NA,D,0,0,2990359.879,65,1991,32,4,49.31
188479,Active,284845,NA,NA,D,2,1,1277456.509,145,2001,18,17.6,76.23
188480,Active,625958,NA,NA,S,2,1,218143.9088,53,2008,35,25.76,38.37
188481,Active,669013,NA,NA,S,1,0,216100.4275,54.95,2012,21,41.19,41.48
188482,Active,178454,NA,NA,D,5,1,881555.2788,64.2,2012,37,4.6,35.44
188483,Active,663523,NA,NA,S,1,0,86934.9,96,2013,18,53.41,73.58
188484,Active,629923,NA,NA,S,2,1,4722427.47,59,1994,29,4.76,45.54
188485,Active,298256,NA,NA,D,2,1,927416.3375,64.95,2007,45,4,32.54
188486,Active,248127,NA,NA,D,3,1,308880.2,72,2010,43,6.98,23.94
188487,Active,638560,NA,NA,D,1,0,2540273.089,61.95,2004,21,9.19,24.95
188488,Active,649746,NA,NA,D,0,0,770292.5188,44.95,2011,30,23.98,93.94
188489,Active,54093,NA,NA,D,9,1,79382.28125,316.95,2008,107,6.88,35.6
188490,Active,54091,NA,NA,S,7,1,2915300.859,193.95,2000,35,4,4.77
188491,Active,2436670,NA,NA,S,5,1,2459491.629,85.31,1999,24,4,38.49
188492,Active,247873,NA,NA,D,1,0,1006723.05,59.95,2009,32,5.55,41.91
188493,Active,206100,NA,NA,S,1,0,48380.475,55,2006,41,15.46,28.89
188494,Active,881520,NA,NA,D,2,1,264009.8438,39.95,2015,18,33.66,33.95
188495,Active,616273,NA,NA,S,5,1,1918702.534,36.15,1994,32,4,5.49
188496,Active,2095894,NA,NA,S,1,0,975810.92,45.99,2011,22,40.68,45.99
188497,Active,258088,NA,NA,D,2,1,811907.74,50,2003,78,4,13.95
188498,Active,53734,NA,NA,S,3,1,341002.89,294.95,2006,39,22.93,100.67
188499,Active,533687,NA,NA,S,11,1,14037.69875,375.95,2012,87,11.51,122.97
188500,Active,52303,NA,NA,D,10,1,70143.70375,412.95,2009,92,7.25,31.66
188501,Active,52302,NA,NA,D,9,1,553357.3875,454.95,2006,98,4,12.21
188502,Active,291474,NA,NA,S,1,0,37418.275,141.95,2004,36,43.36,70.28
188503,Active,606688,NA,NA,D,2,1,2154286.644,125.95,1996,21,4,13.99
188504,Active,537164,NA,NA,S,3,1,57176.29375,65.95,2013,41,34.58,53.24
188505,Active,137506,NA,NA,D,1,0,2011155.986,213.33,2007,17,13.41,37.79
188506,Active,128899,NA,NA,D,2,1,553893.395,79.95,2006,66,4,30.99
188507,Active,919301,NA,NA,S,1,0,14371.53625,137,2014,56,33.89,63.77
188508,Active,53332,NA,NA,D,3,1,893615.7725,28.98,2006,64,4,28.98
188509,Active,57481,NA,NA,S,12,1,4941068.835,25.21,2006,15,16.87,25.2
188510,Active,51908,NA,NA,D,8,1,178437.7213,26.8,2007,100,4,26.76
188511,Active,755769,NA,NA,S,3,1,1442916.616,41.98,2011,10,45.48,56.99
188512,Active,57484,NA,NA,D,13,1,401597.8638,70.22,2010,52,9.01,95.75
188513,Active,112052,NA,NA,D,6,1,33266.105,81.41,2012,92,12.16,46.94
188514,Active,878142,NA,NA,S,2,1,1560562.545,602.99,2010,27,13.75,140.57
188515,Active,110396,NA,NA,D,8,1,980757.045,23.49,2007,53,4,23.49
188516,Active,110713,NA,NA,D,9,1,287296.2875,332.5,2010,48,20.9,49.98
188517,Active,120139,NA,NA,S,3,1,91151.5875,150.4,2011,40,48.57,107.44
188518,Active,116049,NA,NA,D,2,1,1119763.316,117.2,2005,50,4,27.99
188519,Active,119515,NA,NA,D,1,0,609330.7675,133,1998,20,5.52,20.53
188520,Active,527480,NA,NA,D,3,1,23514.4675,53.88,2012,126,9.25,34.49
188521,Active,51616,NA,NA,D,7,1,394907.5888,347.95,2010,69,5.97,24.77
188522,Active,53135,NA,NA,D,12,1,255042.4938,389.95,2008,56,4.09,45.9
188523,Active,50373,NA,NA,S,7,1,2982770.693,12.99,2003,45,4,12.98
188524,Active,147917,NA,NA,D,10,1,1186887.73,200.95,2003,57,4,13.76
188525,Active,2251610,NA,NA,D,0,0,4526522.878,108.35,2006,16,8.28,106.03
188526,Active,148431,NA,NA,D,5,1,2642501.924,76.61,2006,18,7.13,23.99
188527,Active,112090,NA,NA,D,2,1,286180.2775,18.44,2010,86,5.4,21.81
188528,Active,178912,NA,NA,D,1,0,251642.9,193.95,2011,40,25.99,63.99
188529,Active,875516,NA,NA,D,2,1,622408.84,166.95,2014,13,84.89,158.74
188530,Active,158332,NA,NA,S,1,0,425629.665,87.95,2009,21,17.92,74.3
188531,Active,108385,NA,NA,D,12,1,1389077.755,11.08,2006,42,4,6.26
188532,Active,51589,NA,NA,D,11,1,95756.0175,33.96,2010,91,5.38,30.99
188533,Active,157707,NA,NA,S,4,1,483847.205,87.95,2010,47,4.45,48.99
188534,Active,60701,NA,NA,D,7,1,1248153.838,124.4,2000,55,4,49.33
188535,Active,2375007,NA,NA,S,6,1,3418835.731,80,1994,33,4.35,18.99
188536,Active,53331,NA,NA,D,3,1,294860.46,24.39,2008,71,4.37,59.59
188537,Active,2264215,NA,NA,S,3,1,1032549.235,69.83,2012,23,18.88,56.05
188538,Active,57523,NA,NA,D,2,1,528474.08,21.99,2008,56,4,21.99
188539,Active,57524,NA,NA,D,3,1,153215.715,255.75,2010,82,11.86,43.99
188540,Active,51614,NA,NA,D,5,1,1408553.915,336.95,2005,73,4,7.04
188541,Active,51588,NA,NA,D,10,1,562433.9988,8.24,2008,115,4,6.46
188542,Active,50384,NA,NA,D,14,1,82614.5025,226.4,2010,159,5.74,40.49
188543,Active,119496,NA,NA,D,15,1,10744.24375,265.6,2012,174,15.02,56.94
188544,Active,57955,NA,NA,D,5,1,220549.8638,32.8,2009,107,5.13,28.98
188545,Active,51615,NA,NA,D,6,1,1190256.421,382.95,2008,80,4.59,9.49
188546,Active,53134,NA,NA,D,11,1,635567.2663,419.95,2007,52,4,5.2
188547,Active,110191,NA,NA,S,2,1,49393.18125,212,2008,65,19.84,60.98
188548,Active,109728,NA,NA,D,1,0,2188804.834,21.92,2006,17,4,7.95
188549,Active,132177,NA,NA,D,9,1,458305.5738,134.67,2006,57,4,18.91
188550,Active,121174,NA,NA,D,10,1,190145.3175,171.8,2010,28,36.94,53.98
188551,Active,131696,NA,NA,D,8,1,461046.9013,116.6,2003,38,4,29.89
188552,Active,200475,NA,NA,D,2,1,51341.30625,143.95,2009,53,6.82,57.62
188553,Active,2250835,NA,NA,D,2,1,6988364.635,116.57,2010,54,25.75,74.65
188554,Active,200304,NA,NA,D,1,0,984549.7763,86.95,2005,51,4,12.17
188555,Active,51590,NA,NA,D,9,1,1159223.953,12.97,2005,62,4,7.98
188556,Active,116596,NA,NA,D,8,1,186808.9013,185.2,2006,68,4,38.23
188557,Active,1747370,NA,NA,S,1,0,1078186.361,33.97,2009,27,5.32,26.37
188558,Active,51909,NA,NA,D,9,1,54720.765,60.22,2009,64,9.24,41.94
188559,Active,200232,NA,NA,D,1,0,151189.6463,153.95,2008,82,4.73,0
188560,Active,117667,NA,NA,S,1,0,498028.6775,150.6,2007,49,4,8.87
188561,Active,50371,NA,NA,D,9,1,404594.7563,327.95,2009,69,7.6,38.99
188562,Active,50374,NA,NA,D,8,1,780432.7288,353.95,2006,72,4,4.99
188563,Active,544418,NA,NA,D,10,1,49670.795,347.95,2013,86,27.98,49.98
188564,Active,716549,NA,NA,S,8,1,1903726.398,120.27,2011,23,4.58,47.76
188565,Active,874021,NA,NA,D,2,1,7442711.373,60,2004,34,4.67,51.58
188566,Active,896377,NA,NA,S,11,1,6384719.508,164.8,2004,12,6.5,113.85
188567,Active,248195,NA,NA,D,2,1,472083.8963,86,2011,55,6.34,41.17
188568,Active,247818,NA,NA,D,0,0,884193.4763,63.95,2007,27,4,54.86
188569,Active,147920,NA,NA,D,1,0,4612924.044,140.95,2002,19,4.98,13.26
188570,Active,170087,NA,NA,D,6,1,21457.31875,177.95,2011,102,14.05,50.94
188571,Active,555771,NA,NA,S,3,1,48701.0225,99.95,2009,46,38.05,86.7
188572,Active,148285,NA,NA,D,2,1,1268297.029,124.95,2005,33,4,53.99
188573,Active,612076,NA,NA,S,2,1,311624.8888,89.2,2012,26,43.16,98.67
188574,Active,592108,NA,NA,S,0,0,26204.3,107,2012,34,34.98,75.01
188575,Active,288306,NA,NA,D,6,1,75222.49875,70,2009,80,5.93,33.98
188576,Active,169844,NA,NA,D,5,1,192900.135,187.95,2008,71,4,28.92
188577,Active,247636,NA,NA,S,0,0,76411.625,121,2007,28,58.99,53.99
188578,Active,141795,NA,NA,D,5,1,947034.2163,9.98,2006,65,4,9.96
188579,Active,131821,NA,NA,D,3,1,1290723.766,84.2,2004,42,4,9.99
188580,Active,607727,NA,NA,D,4,1,503869.8575,94.4,2008,27,4,58.29
188581,Active,262634,NA,NA,D,0,0,1470762.26,57.95,2003,37,4,29.33
188582,Active,177937,NA,NA,D,4,1,1087736.856,206.95,2005,93,3.99,4.26
188583,Active,205560,NA,NA,D,2,1,1322120.21,36,1996,79,4,8.74
188584,Active,248170,NA,NA,S,2,1,277441.8438,89,2010,42,20.21,75.67
188585,Active,1584477,NA,NA,S,2,1,584013.2975,54.99,2011,23,29.87,48.55
188586,Active,248209,NA,NA,D,2,1,67692.93125,75,2011,48,10.81,170.59
188587,Active,278276,NA,NA,D,0,0,2615174.425,40,2003,22,4,25.17
188588,Active,615347,NA,NA,S,3,1,91685.21875,180.2,1979,95,4,19.96
188589,Active,446091,NA,NA,D,2,1,417686.3838,130,2008,55,6.01,27.15
188590,Active,60702,NA,NA,D,5,1,728786.2338,189.33,2006,87,4,13.98
188591,Active,116403,NA,NA,D,4,1,1039302.279,138.8,2003,45,4,14.85
188592,Active,658184,NA,NA,S,1,0,144972.7863,49.95,2012,23,37.49,34.49
188593,Active,285175,NA,NA,D,11,1,1228432.766,24.74,2002,43,4,19.3
188594,Active,550472,NA,NA,D,13,1,731475.1688,39.92,2008,46,4,39.51
188595,Active,2647479,NA,NA,S,2,1,106267.845,39.95,1993,27,22.82,26.41
188596,Active,118968,NA,NA,S,10,1,96265.95375,103.95,2008,46,38.23,65.95
188597,Active,117621,NA,NA,D,9,1,367178.635,77.4,2004,40,4,35.99
188598,Active,114282,NA,NA,D,8,1,2310018.306,62.67,2001,29,4,13.98
188599,Active,285759,NA,NA,S,5,1,248021.3788,77.4,2002,46,4.17,92.19
188600,Active,634537,NA,NA,D,1,0,1618463.138,51.95,1999,30,4.47,42.26
188601,Active,247555,NA,NA,S,2,1,437291.2138,89,2006,30,8.94,37.17
188602,Active,109011,NA,NA,D,12,1,1332143.843,12.32,2005,56,4,28.99
188603,Active,2252519,NA,NA,D,9,1,2021165.724,63.31,2009,44,8.71,38.45
188604,Active,57316,NA,NA,D,3,1,2150790.96,89.4,2003,32,4,10.84
188605,Active,177511,NA,NA,S,7,1,1341258.22,103.95,2002,51,4,15.96
188606,Active,544181,NA,NA,D,10,1,43871.9825,252.95,2012,63,37.6,94
188607,Active,114629,NA,NA,D,0,0,2194599.376,109.4,2002,36,4,38.23
188608,Active,57314,NA,NA,D,5,1,265156.0288,149,2010,68,4,33.91
188609,Active,169903,NA,NA,D,9,1,115136.2138,254.95,2009,64,5.99,16.1
188610,Active,254046,NA,NA,S,6,1,590224.0925,49.95,2010,30,10.96,38.15
188611,Active,57313,NA,NA,D,4,1,1390385.469,108.2,2006,68,4,23.99
188612,Active,199465,NA,NA,D,2,1,8487333.511,48.95,2000,28,4.48,37.04
188613,Active,527472,NA,NA,S,4,1,861157.1125,77,2009,24,31.74,43.89
188614,Active,243784,NA,NA,S,4,1,48452.4725,39.95,2010,22,31.27,37.95
188615,Active,199311,NA,NA,D,0,0,3312569.399,95,2005,15,45.49,74.95
188616,Active,121023,NA,NA,S,1,0,1037907.911,117.33,1996,23,4,76.97
188617,Active,919809,NA,NA,D,0,0,237531.27,13.96,2011,67,6.7,13.99
188618,Active,57950,NA,NA,D,2,1,534083.77,54.95,2010,97,4,12.19
188619,Active,533287,NA,NA,D,3,1,112087.0638,54.95,2012,145,7.94,30.29
188620,Active,177809,NA,NA,S,2,1,341550.2775,148.95,2003,58,6.77,28.39
188621,Active,248399,NA,NA,D,5,1,1123481.578,111.95,2006,33,4.2,61.49
188622,Active,244210,NA,NA,S,7,1,301314.2888,147.95,2012,44,22.38,63.47
188623,Active,608469,NA,NA,D,6,1,998925.3038,153.95,2009,36,4,22.94
188624,Active,621499,NA,NA,S,4,1,148978.2188,160.4,1998,58,4.34,43.67
188625,Active,527469,NA,NA,S,2,1,71187.3975,68.95,2011,43,45.87,48.72
188626,Active,251961,NA,NA,D,6,1,301215.665,273.95,2009,39,14.04,71.11
188627,Active,544573,NA,NA,S,7,1,506458.235,106.95,2013,24,46.98,83.98
188628,Active,128950,NA,NA,D,0,0,1188427.758,49.95,2006,23,4.94,37.74
188629,Active,1473641,NA,NA,S,2,1,483163.8188,49.95,2014,19,26.29,38.08
188630,Active,174508,NA,NA,S,2,1,602895.1113,34.99,1999,44,6.2,24.56
188631,Active,246837,NA,NA,S,3,1,332132.1588,39.95,2008,40,4.65,29.2
188632,Active,181243,NA,NA,D,2,1,1177496.463,78.2,1997,45,4,23.97
188633,Active,2533819,NA,NA,S,2,1,387852.0763,45.95,1999,35,5.2,39.66
188634,Active,872449,NA,NA,S,2,1,3112244.024,164.95,1994,25,4,10.84
188635,Active,868396,NA,NA,D,2,1,1188836.198,61.35,1989,39,5.78,28.94
188636,Active,2675781,NA,NA,S,2,1,438029.1825,58.09,1994,73,4.58,64.96
188637,Active,666390,NA,NA,D,4,1,1512354.201,45,2008,14,20.98,11.98
188638,Active,634921,NA,NA,D,0,0,1812400.631,167.95,2004,10,49.9,0
188639,Active,3813023,NA,NA,D,2,1,5860109.45,240,2007,14,92.29,175.71
188640,Active,1925974,NA,NA,S,0,0,404246.9313,39.99,2012,22,28.59,38.86
188641,Active,210944,NA,NA,S,1,0,724975.6388,26.95,2005,21,17.47,95.16
188642,Active,277982,NA,NA,D,1,0,1209041.614,72.95,2005,17,18.06,102.25
188643,Active,298880,NA,NA,S,2,1,281933.0925,81.95,2010,43,33.38,24.47
188644,Active,55523,NA,NA,D,1,0,671393.1975,99.95,2004,31,9.52,43.99
188645,Active,901776,NA,NA,S,2,1,5876280.133,105,1994,18,4,72.79
188646,Active,257621,NA,NA,S,2,1,96634.57625,59.95,2006,24,43.98,50.65
188647,Active,893129,NA,NA,S,3,1,51015.46,58.95,2015,26,31.09,42.3
188648,Active,210990,NA,NA,S,2,1,82345.16625,52.95,2009,43,28.02,38.88
188649,Active,193054,NA,NA,D,1,0,421472.1238,55.95,2003,29,5.68,28.99
188650,Active,527458,NA,NA,S,2,1,388819.9488,62.95,2009,40,28.94,44.01
188651,Active,55848,NA,NA,D,4,1,431504.9538,80,2002,61,5.97,33.49
188652,Active,55845,NA,NA,D,5,1,94879.375,121,2007,80,41.7,71.98
188653,Active,55847,NA,NA,S,3,1,1001011.449,69.95,1997,78,4,12.84
188654,Active,117434,NA,NA,D,1,0,773752.9588,75.4,2007,22,50.8,89.57
188655,Active,527456,NA,NA,D,5,1,878136.5625,318.99,2010,15,142.93,138.14
188656,Active,294120,NA,NA,S,3,1,2826030.975,225,2000,21,6.84,163.23
188657,Active,1518320,NA,NA,S,4,1,212398.4625,46.99,2014,26,34.29,35.71
188658,Active,3785760,NA,NA,S,2,1,3874000.7,39.95,1999,25,4,187.34
188659,Active,211048,NA,NA,S,2,1,50033.30625,90.95,2011,63,42.01,54.3
188660,Active,187987,NA,NA,D,1,0,696144.2425,84.99,2002,23,9.57,85.35
188661,Active,627583,NA,NA,D,2,1,445357.4575,110,2006,42,19.56,53.92
188662,Active,905687,NA,NA,D,1,0,1255459.995,108,2000,38,4,37.6
188663,Active,203145,NA,NA,D,1,0,1995025.544,63.95,2005,20,8.92,59.83
188664,Active,478789,NA,NA,S,4,1,729733.8063,190.99,2006,39,14.58,55.48
188665,Active,629673,NA,NA,D,5,1,3333856.333,129,2002,25,4,56.99
188666,Active,2663784,NA,NA,S,3,1,8585162.853,98,1991,19,5.3,41.6
188667,Active,664331,NA,NA,S,3,1,34850.15625,60.95,2013,65,40.93,46.24
188668,Active,174446,NA,NA,S,2,1,429069.7,11,2005,76,4,38.89
188669,Active,133261,NA,NA,S,9,1,121590.34,119.95,2010,45,23.98,66.68
188670,Active,145365,NA,NA,D,7,1,2682161.495,77.33,2006,31,4,14.99
188671,Active,702261,NA,NA,S,3,1,457472.94,104,2012,34,38.94,69.49
188672,Active,546600,NA,NA,D,3,1,877509.6163,98,2010,26,53.31,77.99
188673,Active,627265,NA,NA,D,3,1,1613892.553,290,2009,23,36.44,191.73
188674,Active,173937,NA,NA,S,2,1,160339.07,39.99,2005,56,19.54,29.03
188675,Active,195429,NA,NA,S,4,1,96957.1575,26,2005,233,4,40.87
188676,Active,146314,NA,NA,S,4,1,84633.8025,160.4,2010,45,34.41,99.86
188677,Active,551941,NA,NA,D,3,1,1232252.02,109.8,2002,64,4,26.59
188678,Active,2301924,NA,NA,S,0,0,384726.2788,66.92,2004,30,8.02,19.99
188679,Active,2301880,NA,NA,S,0,0,703047.2525,65.88,2003,77,4,25.77
188680,Active,621437,NA,NA,S,0,0,95550.25,82.64,2005,35,7.99,28.98
188681,Active,576783,NA,NA,S,2,1,265327.0925,34.79,2013,123,4,22.5
188682,Active,162028,NA,NA,D,1,0,691536.5188,135,2009,25,18.49,0
188683,Active,871951,NA,NA,D,6,1,1331452.555,27.66,2006,38,5.59,27.34
188684,Active,262783,NA,NA,S,7,1,13219.86,57.95,2011,106,28.73,33.99
188685,Active,262683,NA,NA,D,6,1,346259.1475,42.95,2005,111,4,20.99
188686,Active,276499,NA,NA,S,3,1,51984.975,42.95,2009,33,7.37,33.99
188687,Active,868735,NA,NA,S,0,0,573053.855,79.28,2005,46,8.74,42.98
188688,Active,52333,NA,NA,D,1,0,599769.2888,11.96,2008,123,3.99,22.7
188689,Active,52332,NA,NA,D,2,1,36953.80625,23.98,2010,185,4.02,38.99
188690,Active,883795,NA,NA,D,3,1,2351037.338,64.95,2005,13,4.25,675
188691,Active,3576700,NA,NA,S,0,0,537915.75,56.5,1956,43,28.98,35.04
188692,Active,60705,NA,NA,S,9,1,615261.0313,131.95,2004,48,4.41,42.02
188693,Active,177696,NA,NA,S,8,1,843853.88,105.95,2001,65,4,21.89
188694,Active,54436,NA,NA,D,10,1,223119.6813,194.95,2007,76,5.07,20.24
188695,Active,54437,NA,NA,D,10,1,175652.1413,176.95,2007,61,4.74,19.43
188696,Active,544998,NA,NA,D,4,1,91312.1575,105,2013,116,4,24.94
188697,Active,57946,NA,NA,D,3,1,926357.6613,97,2011,114,4,8.04
188698,Active,57944,NA,NA,D,2,1,1438608.908,76,2008,87,3.68,6.47
188699,Active,298316,NA,NA,D,2,1,155777.79,70,2011,118,5.29,23.99
188700,Active,867657,NA,NA,D,3,1,205923.1788,74,2014,77,5.74,21.48
188701,Active,248017,NA,NA,D,1,0,597279.435,60,2009,80,4,17.99
188702,Active,57945,NA,NA,D,3,1,210381.1688,85,2010,81,4.56,13.96
188703,Active,276797,NA,NA,S,3,1,3644810.24,39.95,2000,25,4,17.98
188704,Active,127263,NA,NA,S,4,1,1166220.383,49.95,2003,46,4,45.4
188705,Active,129383,NA,NA,D,5,1,181136.6313,76.95,2011,62,4.3,69.64
188706,Active,176669,NA,NA,D,1,0,10066695.2,52.95,1999,14,4.53,28.99
188707,Active,198153,NA,NA,S,1,0,447173.3838,98.95,2013,16,4.27,602.99
188708,Active,285612,NA,NA,S,1,0,314512.6338,116,2002,45,4.17,27.99
188709,Active,118128,NA,NA,S,5,1,805392.4538,101.29,2006,32,8.97,18.99
188710,Active,130377,NA,NA,S,6,1,75418.55375,158.4,2011,57,17.39,93.99
188711,Active,872074,NA,NA,S,6,1,2005482.386,86,2011,21,5.64,53.49
188712,Active,130376,NA,NA,S,6,1,74963.87375,125.8,2011,52,39.97,101.11
188713,Active,117474,NA,NA,D,4,1,1049602.178,74.67,2003,43,4,26.43
188714,Active,118058,NA,NA,D,4,1,782553.0563,80.4,2005,38,4.73,46.09
188715,Active,130375,NA,NA,S,6,1,30843.4175,125.8,2011,79,10.49,41.98
188716,Active,113824,NA,NA,D,3,1,1335078.346,49,2001,31,4,13.47
188717,Active,117473,NA,NA,D,4,1,1145707.36,65.33,2003,53,4,39.99
188718,Active,52644,NA,NA,D,4,1,1666312.331,91.2,2005,38,4.3,45.94
188719,Active,120586,NA,NA,D,5,1,149510.29,86.4,2008,66,4,23.96
188720,Active,120927,NA,NA,D,6,1,117785.9663,127.4,2008,63,6.99,38.94
188721,Active,130387,NA,NA,S,7,1,1376220.898,120,2011,24,7.33,45.95
188722,Active,120585,NA,NA,D,5,1,891529.1538,86.4,2008,73,3.99,18.99
188723,Active,54152,NA,NA,D,5,1,644619.7175,113.8,2005,56,5.02,10.72
188724,Active,527447,NA,NA,S,2,1,68244.575,32,2008,24,15.17,21.89
188725,Active,633744,NA,NA,S,3,1,79311.17625,69,2013,38,36.55,40.03
188726,Active,177539,NA,NA,S,1,0,49270.375,145.95,2002,27,35.98,73.83
188727,Active,545686,NA,NA,S,3,1,160859.8513,74.99,2013,22,34.29,34.95
188728,Active,639876,NA,NA,S,2,1,178439.35,74.99,2012,20,16.89,23.06
188729,Active,614992,NA,NA,D,4,1,923343.6925,74.95,2003,41,4.13,0
188730,Active,778245,NA,NA,D,4,1,967992.745,102.95,2003,52,4,11.93
188731,Active,655345,NA,NA,S,1,0,52981.2,67,2012,21,37.09,41.14
188732,Active,261084,NA,NA,S,3,1,450639.8225,69.95,2008,55,22.99,66.19
188733,Active,293259,NA,NA,S,6,1,253871.1838,72,2005,42,12.79,50.42
188734,Active,1763023,NA,NA,S,0,0,3953.525,39.96,2015,14,21.94,22.75
188735,Active,282023,NA,NA,S,0,0,316629.4663,44.95,2001,33,29.82,30.94
188736,Active,2580818,NA,NA,D,0,0,4300710.884,69.9,1978,20,4,38.99
188737,Active,1617813,NA,NA,S,2,1,506036.0013,39.99,2010,13,20.76,21.96
188738,Active,299790,NA,NA,D,1,0,982495.6775,41.95,2001,16,7.99,37.97
188739,Active,624065,NA,NA,S,4,1,165862.615,154.25,2005,36,11.38,72.52
188740,Active,2408814,NA,NA,S,25,1,69283.7225,19.95,2004,63,9.08,10.99
188741,Active,641499,NA,NA,S,2,1,121522.8863,36.5,2009,26,34.93,34
188742,Active,665266,NA,NA,S,0,0,24576.85,49.95,2011,14,35.46,42.87
188743,Active,1471168,NA,NA,S,2,1,498246.4525,41.95,2014,20,37.58,31.87
188744,Active,199064,NA,NA,S,2,1,157924.3963,84,2005,36,29.86,0
188745,Active,527443,NA,NA,S,8,1,912712.9088,30.75,2010,23,23.29,45.66
188746,Active,664166,NA,NA,S,2,1,913431.9963,53,2013,21,10.01,11.36
188747,Active,1464582,NA,NA,D,1,0,191508.515,56,2011,20,31.02,47.76
188748,Active,537146,NA,NA,S,3,1,17525.06625,40,2012,30,23.98,25.89
188749,Active,527441,NA,NA,D,2,1,648085.6938,40,2008,47,8.82,37.48
188750,Active,2689125,NA,NA,S,0,0,240188.0738,22.89,2004,38,4.7,8.98
188751,Active,625253,NA,NA,D,17,1,594384.6538,80,2010,27,7.17,52.99
188752,Active,723810,NA,NA,S,15,1,1558336.574,80,2008,23,6.37,44.93
188753,Active,129295,NA,NA,S,4,1,39268.445,24.95,2009,35,10.99,14.86
188754,Active,2416570,NA,NA,S,5,1,685647.565,60,2003,23,4,126.86
188755,Active,1468141,NA,NA,S,1,0,81840.925,75,2010,9,39.98,66.28
188756,Active,862515,NA,NA,D,2,1,857906.42,55,1970,53,4.79,52.31
188757,Active,527425,NA,NA,S,2,1,249134.8625,41.38,2009,33,19.54,19.55
188758,Active,127403,NA,NA,S,1,0,19605.375,65,2011,25,34.05,38.74
188759,Active,128502,NA,NA,S,5,1,1305808.113,60,1995,96,4,51.67
188760,Active,1475559,NA,NA,S,2,1,1325922.689,71,2013,18,12,24.74
188761,Active,126724,NA,NA,S,2,1,463099.9563,65,2005,89,4.93,23.92
188762,Active,128453,NA,NA,D,3,1,295696.3388,65,2006,91,6.39,18.93
188763,Active,527723,NA,NA,S,3,1,123475.5613,65,2010,23,42.83,45.07
188764,Active,128458,NA,NA,D,2,1,816911.3138,490.07,2005,13,4.97,83.15
188765,Active,618073,NA,NA,S,0,0,79699.725,89.95,1966,23,31.06,61.21
188766,Active,128398,NA,NA,S,4,1,8822337.629,45,1996,61,4,9.47
188767,Active,718061,NA,NA,D,1,0,711617.8063,135,1997,32,8.97,34.94
188768,Active,1475571,NA,NA,S,7,1,15035.12875,12.95,2013,52,10.01,10.98
188769,Active,722173,NA,NA,D,2,1,3845409.76,295,2002,9,68.97,191.43
188770,Active,664833,NA,NA,S,2,1,2028771.271,70,2013,18,8.98,18.41
188771,Active,1472438,NA,NA,D,2,1,3871276.834,67.5,2008,23,4.77,26.12
188772,Active,655899,NA,NA,D,3,1,2526945.606,60,2011,16,5.08,54.5
188773,Active,900718,NA,NA,S,0,0,336597.0563,56,2012,16,46.98,18.22
188774,Active,527419,NA,NA,S,2,1,1583346.305,60,2010,20,33.98,61.69
188775,Active,1476342,NA,NA,S,0,0,1760901.324,50,2012,21,38.54,46.57
188776,Active,1475659,NA,NA,S,0,0,347798.4838,56,2012,18,47.85,46.57
188777,Active,894487,NA,NA,D,0,0,3948458.896,39.95,2003,17,4.77,35.84
188778,Active,895056,NA,NA,S,6,1,473108.3063,55,2014,22,45.65,31.5
188779,Active,3480191,NA,NA,D,3,1,4145888.8,39.95,1999,21,4.97,67.37
188780,Active,639231,NA,NA,D,2,1,1599100.365,68,2009,16,11.91,27
188781,Active,901824,NA,NA,D,1,0,4591128.246,49.5,2006,20,5.75,46.4
188782,Active,556077,NA,NA,D,1,0,1098414.478,55,2007,15,5.79,34.23
188783,Active,2415416,NA,NA,D,2,1,4360645.266,59.95,2004,18,4,54.88
188784,Active,1477293,NA,NA,S,4,1,929317.6638,59.95,2015,17,16.52,16.62
188785,Active,642574,NA,NA,D,2,1,2919610.909,55,2006,16,11.15,28.76
188786,Active,888244,NA,NA,D,1,0,4324227.616,55,2007,12,5.56,22.58
188787,Active,652232,NA,NA,S,9,1,375114.2163,53,2013,17,43.84,33
188788,Active,647620,NA,NA,S,4,1,229163.845,53,2013,21,38.85,30.31
188789,Active,403714,NA,NA,S,1,0,122761.0688,55,2009,37,38.54,42.99
188790,Active,902852,NA,NA,D,4,1,2263982.974,99,2007,17,4.57,364.63
188791,Active,898031,NA,NA,S,3,1,5228034.994,49.95,2004,18,4.98,69.11
188792,Active,1474628,NA,NA,S,4,1,582278.5825,61,2012,21,32.88,37.98
188793,Active,556076,NA,NA,D,2,1,2629909.633,65,2009,19,6.38,61.69
188794,Active,645984,NA,NA,S,1,0,813477.4013,55,2010,23,42.29,43.5
188795,Active,1477516,NA,NA,S,2,1,417690.2175,59.95,2015,10,31.99,32.09
188796,Active,3482598,NA,NA,D,1,0,5163345.85,55,2006,24,21.69,72.62
188797,Active,128188,NA,NA,D,1,0,2810734.163,69.95,2007,16,13.29,33.75
188798,Active,1466015,NA,NA,D,1,0,3674156.27,59.95,2007,12,9.75,33.99
188799,Active,1475895,NA,NA,S,2,1,1514116.996,61,2013,18,41.58,36.5
188800,Active,1472692,NA,NA,D,2,1,1226190.143,65,2009,10,15.98,22.09
188801,Active,1465971,NA,NA,D,1,0,8055490.611,55,2006,12,9.08,42.38
188802,Active,905905,NA,NA,D,1,0,2583449.071,52.5,2008,18,13.85,75.79
188803,Active,1469240,NA,NA,S,2,1,1249924.789,58,2009,20,12.14,28.54
188804,Active,127333,NA,NA,D,1,0,1828340.571,100,2009,24,34.37,55.18
188805,Active,897955,NA,NA,D,1,0,3768294.205,49.95,2005,21,5.7,56.87
188806,Active,864242,NA,NA,S,2,1,1626157.191,58,2012,13,25.48,19.2
188807,Active,893692,NA,NA,D,2,1,3967384.673,67.5,2009,14,30.2,61.97
188808,Active,1466004,NA,NA,D,2,1,2127188.28,55,2006,21,4,30.41
188809,Active,637546,NA,NA,S,3,1,645100.4975,61,2013,22,27.84,19.53
188810,Active,1474481,NA,NA,S,3,1,791150.92,61,2011,13,38.76,23.6
188811,Active,1473574,NA,NA,D,1,0,2333751.551,170,2011,13,35.34,64.29
188812,Active,862208,NA,NA,S,4,1,206977.2075,59.95,2014,21,43.65,0
188813,Active,635170,NA,NA,D,3,1,662420.9175,54.95,2008,21,4.76,0
188814,Active,718075,NA,NA,S,1,0,64777.97375,85,1999,135,5.17,15.09
188815,Active,126894,NA,NA,S,2,1,72020.34625,44.95,1996,65,9.94,20.67
188816,Active,2416688,NA,NA,S,2,1,596981.2913,52.5,1996,29,31.09,39.61
188817,Active,869863,NA,NA,S,2,1,620602.7025,42.35,1996,21,42.52,45.01
188818,Active,126895,NA,NA,S,2,1,54902.66875,44.95,1996,41,6.1,39.28
188819,Active,537180,NA,NA,S,2,1,88857.23,44.95,1997,43,10.95,36.5
188820,Active,2415911,NA,NA,D,0,0,243045.5588,365,1983,29,126.48,344.11
188821,Active,527403,NA,NA,S,2,1,7906.77,27.44,2008,35,17.7,19.89
188822,Active,539700,NA,NA,S,2,1,176004.625,43.25,2008,15,39.2,37.61
188823,Active,1463712,NA,NA,S,2,1,1298860.45,67.56,2010,24,41.33,53.95
188824,Active,651908,NA,NA,S,2,1,186082.8538,37.5,2008,28,23.53,0
188825,Active,527395,NA,NA,S,4,1,733524.3963,49.95,2008,67,8.83,69.69
188826,Active,129451,NA,NA,S,0,0,270456.5888,69.99,2011,32,45.94,71.11
188827,Active,645027,NA,NA,D,0,0,1446600.961,175,2012,22,32.09,83.32
188828,Active,127568,NA,NA,D,3,1,342326.2013,135,2010,43,8.88,52.99
188829,Active,126716,NA,NA,D,2,1,1320244.955,110,2005,37,4.36,19.78
188830,Active,718345,NA,NA,D,1,0,1963839.486,85,1999,41,4.31,8.99
188831,Active,127462,NA,NA,D,2,1,184198.6925,125,2008,40,6.98,122.2
188832,Active,887863,NA,NA,D,4,1,4296832.268,245,2002,16,72.4,128.99
188833,Active,128471,NA,NA,S,4,1,201400.9063,55,2007,46,23.78,34.99
188834,Active,2415800,NA,NA,D,0,0,963747.2,65,2001,16,45.99,85.94
188835,Active,626576,NA,NA,D,5,1,270711.6413,74.95,1986,44,8.71,38.99
188836,Active,3046269,NA,NA,D,0,0,1439126.546,20,1999,24,7.36,23.93
188837,Active,504327,NA,NA,S,0,0,213841.6988,27.95,2004,374,4,6.96
188838,Active,1925496,NA,NA,S,0,0,26481.275,54.99,2013,8,38.89,31.05
188839,Active,923029,NA,NA,D,1,0,57653.47625,23.94,2010,136,4,18.98
188840,Active,908228,NA,NA,D,1,0,1885590.616,41.79,2011,28,4,41.79
188841,Active,920280,NA,NA,D,2,1,32907.23125,107.5,2013,63,8.69,35.94
188842,Active,614867,NA,NA,S,2,1,79926.575,51.47,2000,41,6.55,11.59
188843,Active,615575,NA,NA,S,2,1,525357.8913,80.75,2001,62,4,11.98
188844,Active,895418,NA,NA,D,2,1,2263290.215,76.95,2008,14,11.1,62.72
188845,Active,870970,NA,NA,S,2,1,3149635.123,56,1998,27,5.22,7.8
188846,Active,761669,NA,NA,D,1,0,316972.8675,55,2006,40,4.62,11.93
188847,Active,914314,NA,NA,S,2,1,94019.84625,60,2013,41,31.94,38.98
188848,Active,165263,NA,NA,S,2,1,488747.8525,65,2000,36,5.99,28.99
188849,Active,164559,NA,NA,D,1,0,1340677.583,169.95,2004,19,20.99,65
188850,Active,1562968,NA,NA,S,5,1,2092756.729,40.95,2007,17,15.46,26.36
188851,Active,544882,NA,NA,D,8,1,1921694.175,68.95,2009,13,19.01,26.83
188852,Active,616420,NA,NA,S,0,0,728338.4588,91.55,1994,47,4,18.99
188853,Active,2401840,NA,NA,S,2,1,377533.755,50,1986,39,12.48,43.38
188854,Active,617540,NA,NA,S,0,0,585859.6638,60,1986,78,4.67,16.34
188855,Active,622840,NA,NA,S,2,1,212205.15,71.95,1999,61,4.11,34.99
188856,Active,147603,NA,NA,S,1,0,55230.175,80.95,2010,17,52.79,56.98
188857,Active,307998,NA,NA,D,1,0,1154344.558,81,2004,29,4,36.99
188858,Active,527385,NA,NA,S,3,1,205491.27,9.99,2011,133,4,6.98
188859,Active,200921,NA,NA,S,3,1,74674.12875,9.99,2011,90,5.82,8.38
188860,Active,553030,NA,NA,S,3,1,227855.1425,88.2,2008,35,15.04,53.98
188861,Active,1488801,NA,NA,D,1,0,1093160.909,47.95,2009,44,4,12.71
188862,Active,741307,NA,NA,D,0,0,1281430.414,59.99,2007,39,4,46.03
188863,Active,1729405,NA,NA,S,0,0,565545.2625,55,2015,14,28.49,39.56
188864,Active,286753,NA,NA,S,1,0,100437.425,266.95,1999,30,43.74,82.41
188865,Active,1575314,NA,NA,S,1,0,105792.075,55,2015,12,37.97,33.41
188866,Active,2596985,NA,NA,S,2,1,608021.1938,99.99,1993,26,25.39,76.21
188867,Active,632165,NA,NA,S,8,1,30226.81875,70.25,2012,41,27.89,41.11
188868,Active,1707747,NA,NA,S,2,1,1771898.566,50,2006,31,7.85,44.4
188869,Active,2303397,NA,NA,D,2,1,4404401.15,7.89,1998,26,4,7.89
188870,Active,619776,NA,NA,S,3,1,425554.91,163.25,2010,29,41.49,0
188871,Active,248899,NA,NA,S,2,1,515107.4613,63.95,2006,38,7.63,43.99
188872,Active,253998,NA,NA,S,2,1,187399.6875,84.95,2011,21,43.56,59.95
188873,Active,248837,NA,NA,D,1,0,2131215.804,79.95,2007,17,4.91,73.07
188874,Active,1468375,NA,NA,D,2,1,6090494.761,149.95,2006,11,44.95,98.01
188875,Active,543313,NA,NA,D,3,1,358595.7338,105,2009,69,4.51,23.99
188876,Active,609369,NA,NA,D,2,1,1210019.43,80,2005,45,4,9
188877,Active,2551498,NA,NA,D,2,1,494516.8338,99.95,2003,13,16.1,93.76
188878,Active,2550943,NA,NA,D,1,0,1575650.031,59.95,1997,25,4.39,69.3
188879,Active,603629,NA,NA,D,1,0,425242.0475,114.99,2010,25,40.63,98.99
188880,Active,840411,NA,NA,S,3,1,490373.9825,225.95,1994,48,3.85,61.79
188881,Active,882812,NA,NA,D,2,1,5537359.1,70,2001,12,28.68,82.74
188882,Active,630322,NA,NA,S,2,1,401045.285,50,2001,35,31.15,44.38
188883,Active,2003022,NA,NA,S,1,0,8292.45,50,2015,7,47.63,41.96
188884,Active,1996706,NA,NA,S,1,0,913.875,65,2014,12,43.99,43.82
188885,Active,634923,NA,NA,D,4,1,466038.4,39.99,2011,30,4.9,59.29
188886,Active,3804712,NA,NA,S,6,1,143784.875,54.99,2015,20,26.99,25.98
188887,Active,614858,NA,NA,D,0,0,505478.2625,49.7,2005,35,4,0
188888,Active,916614,NA,NA,S,3,1,814598.8138,78.99,2009,33,5.98,13.98
188889,Active,923321,NA,NA,D,2,1,586905.56,79.5,2005,113,4,4.48
188890,Active,612831,NA,NA,D,3,1,263122.2388,125.95,2009,245,4,19.99
188891,Active,2096739,NA,NA,S,4,1,6255.99,231.91,2013,152,10.4,64.44
188892,Active,1438486,NA,NA,D,1,0,80020.2375,156.5,2014,42,55.69,67.98
188893,Active,2096745,NA,NA,S,4,1,63083.635,271.72,2012,38,23.93,103.99
188894,Active,3104874,NA,NA,S,2,1,1399027.736,146.3,2005,13,4.96,675
188895,Active,868372,NA,NA,D,1,0,323042.8988,183.95,2006,44,4,33.74
188896,Active,1782842,NA,NA,S,1,0,76964.675,119.95,2014,70,4.81,38.39
188897,Active,576759,NA,NA,S,4,1,1091666.528,106.63,2003,36,9.52,48.58
188898,Active,663479,NA,NA,S,6,1,1218430.678,11.49,2013,21,4.98,5.04
188899,Active,527380,NA,NA,D,0,0,10464.665,10.95,2008,61,6.2,6.9
188900,Active,599435,NA,NA,D,0,0,90711.77375,9.95,2004,129,4,7.23
188901,Active,613980,NA,NA,S,3,1,23578.5775,26.5,2004,79,11.02,16.05
188902,Active,1589803,NA,NA,S,3,1,107742.3,34.99,2009,31,26.99,25.98
188903,Active,244435,NA,NA,D,12,1,64421.51,155.95,2012,56,27.97,79.34
188904,Active,2253271,NA,NA,D,10,1,1477602.796,117.57,2007,36,8.98,75.77
188905,Active,169990,NA,NA,D,11,1,442423.9563,155.95,2010,53,4.74,61.33
188906,Active,60708,NA,NA,D,10,1,706294.7413,163.95,2007,36,4.75,33.01
188907,Active,651856,NA,NA,S,4,1,170629.7963,50,2009,23,28.96,23.98
188908,Active,539566,NA,NA,D,3,1,523221.5038,205.2,2010,59,5.83,58.99
188909,Active,422235,NA,NA,D,2,1,1688776.666,145.2,2007,46,4,32.99
188910,Active,527378,NA,NA,D,3,1,425908.5775,170.2,2010,53,6.17,19.98
188911,Active,633787,NA,NA,S,1,0,176857.1038,108,2012,22,48.57,97.27
188912,Active,55414,NA,NA,S,3,1,2818213.949,216.95,2003,34,4,30.98
188913,Active,535488,NA,NA,D,6,1,45218.2175,210.95,2013,63,12.01,51.99
188914,Active,591318,NA,NA,S,3,1,2992393.803,169.95,2003,28,4,7.33
188915,Active,55416,NA,NA,D,5,1,550914.7475,255.95,2009,75,4.54,45.55
188916,Active,55415,NA,NA,D,4,1,1487520.736,130.95,2006,74,4,13.47
188917,Active,544461,NA,NA,D,6,1,147804.87,203.95,2013,56,14.93,50.91
188918,Active,533422,NA,NA,D,5,1,311603.7988,237.95,2010,61,4.47,67.49
188919,Active,249884,NA,NA,D,4,1,1898110.868,114.95,2007,41,3.85,9.37
188920,Active,627528,NA,NA,S,2,1,226651.0675,44.95,2008,49,11.64,31.99
188921,Active,3475040,NA,NA,D,1,0,3106878.5,72,1998,26,4,11.98
188922,Active,2186421,NA,NA,D,0,0,1859163.37,69.95,2010,15,21.47,136.02
188923,Active,624481,NA,NA,S,3,1,706524.2013,170.8,2003,58,4,22.24
188924,Active,637338,NA,NA,S,3,1,886987.74,94,2003,27,16.77,48.99
188925,Active,200141,NA,NA,S,1,0,615183.835,124.95,2006,41,12.81,43.99
188926,Active,870222,NA,NA,D,1,0,4320785.429,51.69,2009,34,9.31,50.38
188927,Active,620291,NA,NA,S,1,0,292766.99,124.95,2008,30,27.97,43.49
188928,Active,638599,NA,NA,S,2,1,1058185.55,61.95,2005,30,10.02,48.98
188929,Active,638007,NA,NA,S,4,1,420279.0975,54.67,2012,39,15.67,37.2
188930,Active,639763,NA,NA,S,4,1,139324.3825,56.67,2012,41,20.56,39.99
188931,Active,527375,NA,NA,S,4,1,265325.835,97.33,2012,55,8.32,63.57
188932,Active,539185,NA,NA,D,4,1,309896.4413,52.6,2012,52,4.92,33.33
188933,Active,120324,NA,NA,D,3,1,1071907.91,93.33,2008,58,4,6.49
188934,Active,266271,NA,NA,D,4,1,234208.2375,52.6,2012,40,13.56,22.13
188935,Active,60710,NA,NA,D,2,1,2666217.678,68,2005,50,4,4.58
188936,Active,120323,NA,NA,D,3,1,1749877.113,93.33,2008,60,4,6.26
188937,Active,120322,NA,NA,D,3,1,1561708.188,93.33,2008,54,4,5.1
188938,Active,527376,NA,NA,D,4,1,153371.3463,101.33,2012,44,22.79,56.66
188939,Active,147420,NA,NA,D,0,0,705192.2138,134,2009,41,16.84,61.33
188940,Active,527371,NA,NA,D,0,0,605563.64,148.95,2011,29,12.88,48.98
188941,Active,147421,NA,NA,D,0,0,676826.2025,134,2009,39,5.4,33.98
188942,Active,112778,NA,NA,D,1,0,2189852.596,115,2005,18,27.38,101.19
188943,Active,612510,NA,NA,D,0,0,166368.6163,75,2014,39,5.09,30.84
188944,Active,265065,NA,NA,D,0,0,953638.3988,75,2012,61,4,11.98
188945,Active,265042,NA,NA,S,0,0,1265791.533,59.95,2009,14,23.99,58.3
188946,Active,527369,NA,NA,S,2,1,210380.3275,52.4,2012,25,21.83,42.07
188947,Active,905642,NA,NA,D,4,1,539174.5738,59.95,2000,22,7.98,48.99
188948,Active,1581613,NA,NA,S,2,1,724245.4238,79.99,2013,25,26.03,52.97
188949,Active,753997,NA,NA,D,1,0,3481021.703,175.95,2012,18,4.78,88.33
188950,Active,126408,NA,NA,D,1,0,815639.1713,71,2005,24,10.48,19.62
188951,Active,2600999,NA,NA,D,1,0,10449694.09,59.99,1996,9,6.38,0
188952,Active,639983,NA,NA,S,2,1,121516.8188,69.99,2011,22,50.44,44.24
188953,Active,620805,NA,NA,D,2,1,306786.7913,111.6,2008,47,4.4,31.88
188954,Active,2254928,NA,NA,D,8,1,615330.05,59.24,2008,26,11,59.24
188955,Active,874149,NA,NA,D,0,0,543108.6938,84.6,2004,20,4,5.24
188956,Active,607441,NA,NA,D,8,1,228153.5188,115,2009,56,14.08,44.97
188957,Active,620277,NA,NA,D,0,0,395804.4275,95,2009,49,4,28.99
188958,Active,912674,NA,NA,S,2,1,737103.745,46.95,2005,26,26.98,46.5
188959,Active,607092,NA,NA,S,8,1,444356.7363,71.25,2006,33,10.98,22.92
188960,Active,131257,NA,NA,D,4,1,137861.85,113.6,2000,56,4,23.96
188961,Active,1781314,NA,NA,S,1,0,139450.2575,65,2015,16,47.34,47.77
188962,Active,165898,NA,NA,D,1,0,703488.9838,60,2004,32,17.12,0
188963,Active,52767,NA,NA,D,8,1,66922.295,134.8,2011,49,12.21,76.99
188964,Active,52768,NA,NA,D,7,1,696797.0263,105,2007,66,4,26.53
188965,Active,2204422,NA,NA,S,0,0,82514.7,75,2015,16,51.93,51.88
188966,Active,2205623,NA,NA,S,0,0,89712.7,69.99,2012,24,39.94,47.98
188967,Active,2664372,NA,NA,D,3,1,8117013.499,115,1998,21,4,33.98
188968,Active,789156,NA,NA,S,4,1,5119574.653,129,2002,26,9.31,17.97
188969,Active,1518964,NA,NA,S,5,1,435872.4663,49.99,2015,18,38.98,36.74
188970,Active,769454,NA,NA,D,2,1,269040.5813,85.95,2002,68,4,18.21
188971,Active,162938,NA,NA,S,4,1,64138.5175,239,2010,76,25.97,118.95
188972,Active,772058,NA,NA,D,3,1,262469.5663,129.95,2006,88,4,42.98
188973,Active,626426,NA,NA,D,2,1,713109.9763,228.95,2005,34,5.14,20.7
188974,Active,691870,NA,NA,D,1,0,3988818.673,219.95,1998,26,4.35,25.63
188975,Active,566610,NA,NA,S,3,1,577257.7675,83.02,2005,80,4.14,9.31
188976,Active,894098,NA,NA,D,2,1,2481232.949,59.95,2010,15,30.17,48.01
188977,Active,2570896,NA,NA,D,1,0,309075.475,111.69,1992,27,20.99,73.83
188978,Active,899108,NA,NA,D,2,1,3041712.465,59.95,2007,17,28.98,28.99
188979,Active,116799,NA,NA,S,2,1,246692.4138,93.33,2004,61,25.7,81.29
188980,Active,235817,NA,NA,D,0,0,1081654.759,83.5,2002,21,26.94,76.89
188981,Active,3595425,NA,NA,D,2,1,6386707.4,29.5,1986,12,19.98,102.57
188982,Active,161705,NA,NA,S,2,1,28797.2525,264,2007,71,57.98,69.99
188983,Active,2502323,NA,NA,D,0,0,2095455.883,134,1996,17,23.97,43.99
188984,Active,2577465,NA,NA,D,0,0,4666963.105,69.39,1983,19,4.09,50.19
188985,Active,162507,NA,NA,S,2,1,104021.3463,82,2008,27,43.97,58.62
188986,Active,198381,NA,NA,S,2,1,189692.1325,42.95,2010,50,14.33,37.43
188987,Active,548205,NA,NA,S,1,0,269174.2825,154.95,1980,47,13.12,77.31
188988,Active,656369,NA,NA,S,2,1,1278882.998,55,2009,31,23.5,0
188989,Active,748819,NA,NA,S,3,1,892333.5263,73,2008,26,4.59,46.87
188990,Active,893598,NA,NA,D,2,1,1906071.805,65,1997,19,4.77,35.85
188991,Active,527363,NA,NA,D,6,1,1668969.565,59.95,2008,16,20.88,23.99
188992,Active,3152907,NA,NA,S,2,1,3379820.024,44.95,1999,13,11.12,56.17
188993,Active,270644,NA,NA,S,11,1,261580.8588,80,2009,24,12.49,36.49
188994,Active,3783116,NA,NA,D,0,0,531627.25,45.95,1995,21,16.51,69.43
188995,Active,624307,NA,NA,S,5,1,543446.8125,44,2011,26,23.22,0
188996,Active,1871204,NA,NA,D,2,1,806410.1413,193.99,2008,17,63.98,190.37
188997,Active,145427,NA,NA,S,12,1,599850.0338,81.6,2006,31,7.98,67.54
188998,Active,527362,NA,NA,D,15,1,129454.2775,98,2012,42,13.2,53.83
188999,Active,133338,NA,NA,D,14,1,417320.7463,84.2,2010,31,13.53,91.13
189000,Active,132653,NA,NA,D,13,1,1411896.618,88,2008,43,4,13.49
189001,Active,109308,NA,NA,D,6,1,994574.4,11.48,2006,24,4.86,11.39
189002,Active,3468096,NA,NA,D,5,1,3676934.15,64.25,2002,44,4,4.95
189003,Active,607073,NA,NA,S,7,1,194611.26,135.25,2009,48,18.19,21.78
189004,Active,61122,NA,NA,D,6,1,524709.2025,23.98,2005,54,4.39,23.98
189005,Active,606939,NA,NA,D,6,1,2144745.835,52.99,2005,28,7.85,52.79
189006,Active,110246,NA,NA,S,7,1,45923.885,181.25,2009,66,31.99,40.99
189007,Active,2660490,NA,NA,S,0,0,30000.8,108.5,1999,110,4.82,27.89
189008,Active,536407,NA,NA,S,4,1,5193.23125,79.95,2013,78,39.98,50.93
189009,Active,527361,NA,NA,D,3,1,338362.4525,73.95,2007,77,4.99,66.89
189010,Active,60711,NA,NA,D,2,1,1031543.54,56.95,2000,44,4,9.63
189011,Active,743815,NA,NA,S,1,0,39250.8,69.95,2010,15,48.25,48.25
189012,Active,3556866,NA,NA,D,1,0,1053234.25,125,2015,35,52.54,93.28
189013,Active,881389,NA,NA,D,1,0,54092.01,75,2015,29,38.62,68.95
189014,Active,648457,NA,NA,D,0,0,985190.6538,89.95,2006,29,26.34,217.84
189015,Active,3623114,NA,NA,S,2,1,171447,65,2016,12,50.97,61.01
189016,Active,1752879,NA,NA,D,3,1,1383277.359,89.95,2011,15,18.49,49.49
189017,Active,1737327,NA,NA,S,0,0,589452.1538,89.95,2007,38,4.13,73.97
189018,Active,3008650,NA,NA,S,2,1,131666.1675,69.95,2015,28,11.44,60.22
189019,Active,631924,NA,NA,S,3,1,216025.9688,73.97,1995,44,4,45.4
189020,Active,1768162,NA,NA,S,3,1,68126.075,55.25,2014,10,53.22,54.88
189021,Active,527358,NA,NA,D,2,1,276102.4288,35.75,2008,45,4,29.69
189022,Active,1768138,NA,NA,S,3,1,177849.1275,35.75,2014,19,23.66,23.13
189023,Active,1768164,NA,NA,S,3,1,87893.1,55.25,2014,10,55.52,48.5
189024,Active,612208,NA,NA,D,0,0,1482889.079,59.75,2013,15,9.36,93.72
189025,Active,582871,NA,NA,S,4,1,331753.395,69.95,1996,26,4,11.99
189026,Active,597558,NA,NA,D,3,1,489841.895,69.95,2005,72,4,6.68
189027,Active,3788895,NA,NA,D,2,1,4450438.75,64.95,2002,28,4.33,37.76
189028,Active,261087,NA,NA,D,4,1,132935.4875,59.48,2009,26,24.99,48.76
189029,Active,885029,NA,NA,D,2,1,3743916.446,59.95,2009,17,21.35,21.47
189030,Active,651808,NA,NA,S,3,1,1613183.459,79.99,2012,20,43.99,59.43
189031,Active,1855478,NA,NA,D,13,1,533894.835,44.99,2014,42,4.88,28.99
189032,Active,527354,NA,NA,D,12,1,628923.1213,44.99,2012,52,4,10.81
189033,Active,248515,NA,NA,D,11,1,1201882.804,44.99,2010,42,4,5.88
189034,Active,904682,NA,NA,D,2,1,2396834.033,81.95,2000,25,4,49.98
189035,Active,1855486,NA,NA,S,17,1,200828.9988,49.99,2014,35,11.75,33.86
189036,Active,802552,NA,NA,S,11,1,2264394.241,49.99,2005,49,4,16.79
189037,Active,545102,NA,NA,D,5,1,855884.0363,147,2011,32,7.94,0
189038,Active,250946,NA,NA,D,4,1,1742868.085,129,2007,33,4,30.59
189039,Active,287955,NA,NA,D,2,1,2346004.92,76.95,2004,23,4,70
189040,Active,540454,NA,NA,D,3,1,2193212.269,75,2009,22,4.23,38.99
189041,Active,670544,NA,NA,S,2,1,568300.015,43,2012,20,28.52,42.98
189042,Active,620067,NA,NA,D,3,1,1335938.801,194,2008,25,15.11,103.53
189043,Active,760756,NA,NA,D,2,1,2049832.493,128,2001,28,4.43,8.99
189044,Active,749154,NA,NA,S,3,1,1183723.023,49,2013,30,39.22,35.75
189045,Active,881420,NA,NA,S,0,0,48788.625,59.99,2015,9,23.54,33.74
189046,Active,881451,NA,NA,S,0,0,51042.2675,59.99,2014,7,41.44,40.41
189047,Active,906534,NA,NA,S,0,0,72072.43375,39.99,2011,36,20.99,28.66
189048,Active,906530,NA,NA,S,0,0,72911.7425,39.99,2011,36,20.99,27.42
189049,Active,2599901,NA,NA,S,0,0,620273.095,54.99,1998,30,22.7,39.93
189050,Active,883554,NA,NA,D,3,1,8363903.281,154.99,2004,11,44.66,129.99
189051,Active,171949,NA,NA,S,1,0,255138.5763,45,2003,64,4.68,22.38
189052,Active,643958,NA,NA,S,3,1,330824.5313,68.99,2009,39,27.1,47.99
189053,Active,245002,NA,NA,S,1,0,94254.275,178.95,2005,25,102.94,113.57
189054,Active,627486,NA,NA,S,2,1,687708.2988,155.95,2009,51,5.84,78.98
189055,Active,609219,NA,NA,S,4,1,146975.635,44.99,2008,121,4,21.99
189056,Active,627401,NA,NA,S,13,1,229418.1888,39,2010,29,7.73,15.4
189057,Active,56662,NA,NA,D,3,1,44931.65,125,2008,82,12.69,68.98
189058,Active,679900,NA,NA,S,2,1,105244.45,25,2010,30,8.08,12.98
189059,Active,56661,NA,NA,D,2,1,155408.97,106,2002,101,4,19.99
189060,Active,532346,NA,NA,S,5,1,53225.465,51.99,2013,53,9.94,17.9
189061,Active,253985,NA,NA,S,1,0,36770.65,91.95,2011,27,42.04,59.76
189062,Active,210855,NA,NA,S,1,0,46618.175,75.95,2011,29,46.98,55.83
189063,Active,2550836,NA,NA,D,4,1,2886926.703,72.95,1995,22,4.8,73.05
189064,Active,902761,NA,NA,D,6,1,2885630.141,99.95,2005,18,5.26,72.83
189065,Active,789654,NA,NA,S,2,1,985317.415,285.99,2008,21,7.96,13.83
189066,Active,887850,NA,NA,D,2,1,2460540.598,104.99,2001,15,5.24,46.59
189067,Active,641745,NA,NA,D,0,0,2904625.77,482,2004,19,4.02,77.69
189068,Active,884180,NA,NA,D,2,1,8039337.729,510,2006,13,36.59,82.97
189069,Active,646492,NA,NA,S,3,1,965787.9125,44.95,2008,20,13.49,47.99
189070,Active,299850,NA,NA,S,0,0,955573.2663,30.95,2005,31,4,8.21
189071,Active,539521,NA,NA,S,3,1,59804.36625,56.2,2013,37,23.29,35.62
189072,Active,527346,NA,NA,S,2,1,408192.3313,34.99,2009,30,9.13,17.22
189073,Active,147292,NA,NA,D,5,1,391156.8538,106,2005,204,4,15
189074,Active,56577,NA,NA,D,4,1,57581.1725,105,2009,121,4.49,33.99
189075,Active,56575,NA,NA,D,3,1,795368.8738,96.95,2005,92,4,17.84
189076,Active,620713,NA,NA,S,0,0,544058.0725,39.99,2009,23,6.14,16.35
189077,Active,619016,NA,NA,S,3,1,268514.825,41,2004,65,4,5.88
189078,Active,538116,NA,NA,S,3,1,161501.755,48.99,2003,49,5.86,44.99
189079,Active,614402,NA,NA,D,1,0,327247.0313,122.95,2011,119,4,18.98
189080,Active,146973,NA,NA,S,6,1,762520.3138,91.95,2002,53,6.05,73.61
189081,Active,615183,NA,NA,S,5,1,3132324.269,69.95,1996,29,4.48,8.93
189082,Active,609493,NA,NA,S,5,1,477815.4325,53.99,2006,32,6.02,26.87
189083,Active,147626,NA,NA,D,6,1,15468.68875,131,2009,348,9.99,37.38
189084,Active,294183,NA,NA,S,4,1,123945.5625,44.95,2008,57,9.32,28.97
189085,Active,522976,NA,NA,S,5,1,5492.28625,49.99,2012,46,21.09,25.78
189086,Active,527348,NA,NA,D,2,1,57217.46875,50.99,2011,54,18.95,30.97
189087,Active,264272,NA,NA,D,1,0,271816.5838,46.95,2007,31,9.97,18.98
189088,Active,864718,NA,NA,S,7,1,30044.7175,80,2014,41,40.66,43.98
189089,Active,105825,NA,NA,S,4,1,1548724.679,54.95,2002,40,3.42,8.48
189090,Active,203550,NA,NA,S,3,1,1659369.75,39.95,2002,71,4,9.49
189091,Active,505639,NA,NA,D,5,1,23145.9475,52.99,2010,111,9.59,13.91
189092,Active,203843,NA,NA,D,4,1,633548.0213,45.95,2006,104,4,13.99
189093,Active,561734,NA,NA,D,6,1,516217.6075,171.95,2010,22,17.62,56.54
189094,Active,869423,NA,NA,D,6,1,1101287.34,76.95,2010,16,21.29,35.35
189095,Active,254634,NA,NA,D,4,1,1740916.234,125.95,2011,15,10.69,872.14
189096,Active,633833,NA,NA,S,1,0,52478.13875,53.95,2012,38,28.99,42.77
189097,Active,616931,NA,NA,S,1,0,23029.175,53.95,2011,32,31.93,31.94
189098,Active,629193,NA,NA,S,1,0,31212.8275,53.95,2012,42,29.57,47.38
189099,Active,620244,NA,NA,S,1,0,10116.625,53.95,2011,38,31.57,32.93
189100,Active,623382,NA,NA,S,1,0,14084.675,53.95,2012,22,29.95,36
189101,Active,636074,NA,NA,D,3,1,2153910.808,128.87,2011,18,12.97,362.69
189102,Active,740717,NA,NA,D,1,0,3144602.814,91.8,2006,33,4,54.84
189103,Active,630040,NA,NA,D,10,1,251953.2588,175,2010,23,21.05,73.97
189104,Active,557452,NA,NA,S,2,1,947423.155,96.8,2009,51,4,23.98
189105,Active,610260,NA,NA,S,3,1,972534.2613,134.4,2011,82,4,28.94
189106,Active,613835,NA,NA,D,0,0,2102773.449,99.4,2006,40,3.99,17.99
189107,Active,110378,NA,NA,D,2,1,798749.515,142.5,2008,51,5.01,18.34
189108,Active,651941,NA,NA,S,2,1,847292.0438,36,2008,30,6.57,31.83
189109,Active,633310,NA,NA,S,2,1,316622.9675,64.95,2009,26,11.67,0
189110,Active,631507,NA,NA,D,2,1,100732.4788,161.76,2011,38,50.22,108.19
189111,Active,297700,NA,NA,D,1,0,354898.0025,60,1997,24,7.81,60.33
189112,Active,247505,NA,NA,S,0,0,986928.4338,25.95,2004,18,4.67,49.99
189113,Active,620019,NA,NA,D,0,0,2062747.203,80,2002,28,4.02,7.28
189114,Active,286410,NA,NA,S,1,0,95918.275,54.2,2008,13,32.65,31.6
189115,Active,541118,NA,NA,S,1,0,10208.75,33.75,2012,63,12.95,14.98
189116,Active,203877,NA,NA,D,2,1,217006.7613,87.99,2008,62,7.03,32.98
189117,Active,534738,NA,NA,S,3,1,80953.97,85.99,2013,61,19.63,36.55
189118,Active,203988,NA,NA,D,1,0,1270140.091,59.95,2006,24,6.99,13.49
189119,Active,204191,NA,NA,D,2,1,689355.895,76.99,2010,72,4,18.48
189120,Active,788785,NA,NA,S,5,1,1082389.504,46.95,1999,22,6.84,73.83
189121,Active,533321,NA,NA,D,8,1,54626.35125,80.95,2012,93,13.87,36.21
189122,Active,57148,NA,NA,D,7,1,217939.9888,69.95,2008,89,4,42.86
189123,Active,57147,NA,NA,S,6,1,638990.86,56.95,2004,47,3.99,7.14
189124,Active,527344,NA,NA,S,3,1,492119.3725,77.99,2012,30,5.26,52.36
189125,Active,873234,NA,NA,D,6,1,1916119.805,101.09,2009,50,9.55,87.72
189126,Active,56665,NA,NA,D,5,1,1052305.979,76.6,2005,40,4,31.97
189127,Active,56666,NA,NA,D,6,1,131822.8388,115.6,2009,55,4,73.99
189128,Active,203662,NA,NA,S,5,1,505094.0425,61.99,2004,44,16.58,33.98
189129,Active,200395,NA,NA,S,1,0,177692.075,119.95,2009,29,21.22,19.99
189130,Active,873368,NA,NA,D,0,0,1691927.326,49.88,2005,40,6.04,31.15
189131,Active,255723,NA,NA,S,3,1,578511.9163,36.95,1998,56,4,41.48
189132,Active,255811,NA,NA,D,5,1,27854.8425,71.95,2011,71,9.22,68.97
189133,Active,255772,NA,NA,D,4,1,726525.815,51.95,2005,96,4,10.68
189134,Active,889934,NA,NA,D,1,0,6596089.571,49.95,2006,15,4,16.42
189135,Active,778361,NA,NA,D,1,0,1179219.393,128.95,2003,29,21.23,64.46
189136,Active,566290,NA,NA,S,2,1,111521.3888,182,2000,98,25.18,53.99
189137,Active,3471159,NA,NA,D,1,0,2275842,64.95,1998,25,4,71.66
189138,Active,881419,NA,NA,S,1,0,452833.0213,83.98,2013,4,46.98,83.98
189139,Active,633361,NA,NA,S,4,1,107628.0925,109,2008,28,22.83,66.97
189140,Active,115752,NA,NA,D,4,1,108098.3638,113.2,2005,35,59.05,122.03
189141,Active,2111626,NA,NA,S,0,0,71786.225,60,2013,13,41.99,41.65
189142,Active,868361,NA,NA,D,1,0,644174.61,136.95,2007,53,3.88,39.95
189143,Active,624656,NA,NA,S,2,1,140288.765,133.95,2013,34,20.12,59.47
189144,Active,874188,NA,NA,D,5,1,1021486.816,34.99,2008,47,5.59,17.04
189145,Active,56679,NA,NA,D,5,1,231161.4688,9.9,2008,141,4,13.15
189146,Active,56677,NA,NA,D,4,1,1768641.556,69.3,2005,45,3.99,11.09
189147,Active,56678,NA,NA,S,6,1,27479.8375,139,2010,100,17.49,68.93
189148,Active,880454,NA,NA,S,13,1,3711.40625,96,2014,95,36.87,43.99
189149,Active,50240,NA,NA,D,11,1,88295.23625,29.78,2009,216,4,15.18
189150,Active,735593,NA,NA,S,12,1,111517.2963,97.25,2011,30,8.91,46.39
189151,Active,559922,NA,NA,S,9,1,294790.8838,7.14,2003,147,3.9,12.91
189152,Active,1946655,NA,NA,S,13,1,27749.76625,60.5,2015,35,25.02,52.97
189153,Active,540449,NA,NA,D,12,1,4848.3,43.99,2011,223,4.05,20.98
189154,Active,50239,NA,NA,D,10,1,303137.505,47.05,2006,246,4,7.38
189155,Active,2405161,NA,NA,S,3,1,2717707.509,36.95,1990,68,3.89,15.99
189156,Active,287043,NA,NA,S,5,1,52020.38375,99.95,2006,94,33.05,69.61
189157,Active,1597649,NA,NA,S,4,1,522579.0875,104.23,2007,25,4,88.8
189158,Active,144500,NA,NA,S,1,0,20004.825,69.99,2002,45,33.91,33.99
189159,Active,133058,NA,NA,D,19,1,908158.3738,79.67,2009,54,4.35,48.55
189160,Active,145403,NA,NA,D,18,1,1300260.53,73.6,2006,66,4,18.39
189161,Active,144536,NA,NA,S,17,1,1596066.936,70.8,2003,50,4,42.58
189162,Active,145238,NA,NA,S,6,1,2585857.994,63.2,2006,20,4,7.96
189163,Active,527341,NA,NA,S,7,1,238862.2338,96.8,2008,71,3,63.6
189164,Active,875273,NA,NA,D,2,1,1100634.68,56.29,2005,46,10.1,39.58
189165,Active,178016,NA,NA,D,2,1,656625.87,218.95,2004,35,7.63,18.99
189166,Active,764587,NA,NA,S,2,1,392681.17,143.95,2001,40,21.7,78.77
189167,Active,620727,NA,NA,S,0,0,88178.16125,49.95,2012,53,8.49,0
189168,Active,868184,NA,NA,S,2,1,22596.19375,83.95,2014,30,44.99,53.98
189169,Active,127316,NA,NA,D,1,0,38698.725,65.95,2011,97,4.28,38.21
189170,Active,127315,NA,NA,S,0,0,580636.6038,85.95,2011,98,4.04,12.99
189171,Active,556527,NA,NA,D,1,0,48180.7175,65.95,2011,70,7.99,26.73
189172,Active,1471643,NA,NA,S,2,1,102999.8263,89.95,2014,38,47.35,63.99
189173,Active,635635,NA,NA,D,0,0,215141.4113,49.95,2012,83,5.08,16.82
189174,Active,3546633,NA,NA,D,9,1,1477324.3,110.95,2007,56,4,29.99
189175,Active,860145,NA,NA,S,10,1,168356.8488,106.95,2010,84,28.84,68.99
189176,Active,1779938,NA,NA,S,1,0,86756.37,59.99,2015,18,35.27,33.97
189177,Active,612800,NA,NA,S,0,0,25691.35,89,2013,18,56.89,52.94
189178,Active,908938,NA,NA,S,0,0,345646.5238,45.95,1998,36,4.02,32.99
189179,Active,2407322,NA,NA,S,1,0,322913.3475,50,1994,67,4,28.19
189180,Active,165998,NA,NA,D,0,0,1024074.043,69.95,2001,22,10.05,59.56
189181,Active,162600,NA,NA,S,2,1,367675.9275,95,2007,64,32.39,53.98
189182,Active,1690846,NA,NA,S,0,0,80171.575,69,2013,15,41.6,21.07
189183,Active,616382,NA,NA,S,1,0,33620,195,2008,36,38.94,38.99
189184,Active,2388836,NA,NA,D,0,0,687441.4,118,1992,34,20.86,39.99
189185,Active,917583,NA,NA,D,4,1,981309.0563,45.95,2009,48,6.57,23.98
189186,Active,620134,NA,NA,D,2,1,2076238.668,38.95,2004,30,4,17.47
189187,Active,658071,NA,NA,S,5,1,146020.9975,49.95,2013,32,13.98,34.98
189188,Active,1753878,NA,NA,S,2,1,140138.4575,49.95,2013,27,38.99,49.95
189189,Active,1753877,NA,NA,D,0,0,244365.2575,49.95,2010,37,9.01,55.78
189190,Active,921963,NA,NA,D,25,1,75069.98875,247.95,2014,80,5,66.99
189191,Active,591123,NA,NA,D,23,1,2365229.239,247.95,2012,33,4,57.94
189192,Active,544595,NA,NA,D,23,1,560256.6138,247.95,2012,99,4,22.24
189193,Active,619009,NA,NA,S,5,1,164934.9663,215.5,2005,41,10.89,45.48
189194,Active,899112,NA,NA,S,7,1,797562.0675,43.95,2013,16,27.34,40.38
189195,Active,649100,NA,NA,D,1,0,653738.1325,95.95,2008,24,9.08,131.98
189196,Active,2085867,NA,NA,S,0,0,66240.625,77.99,2013,8,42.34,42.38
189197,Active,655433,NA,NA,S,2,1,233553.0088,66.95,2012,15,42.14,0
189198,Active,2052363,NA,NA,D,3,1,813945.6263,59.95,2012,27,21.62,35.59
189199,Active,1447005,NA,NA,S,4,1,435541.3675,69.95,2014,20,32.77,40.14
189200,Active,595957,NA,NA,S,3,1,293417.435,41.95,2003,32,10.56,33.91
189201,Active,3033694,NA,NA,S,2,1,1253850.026,33.73,2004,48,4,12.49
189202,Active,622788,NA,NA,D,3,1,203842.8713,57.47,2004,34,11.16,0
189203,Active,630183,NA,NA,S,4,1,104071.7175,59.95,2007,32,26.34,0
189204,Active,612509,NA,NA,S,35,1,577244.4963,59.95,2014,36,8.99,48.06
189205,Active,55844,NA,NA,S,29,1,799701.3613,59.95,2007,68,4,6.27
189206,Active,635214,NA,NA,S,2,1,428827.0763,59.95,2008,32,16.49,39.96
189207,Active,642072,NA,NA,S,3,1,107911.9588,117,2013,50,32.89,62.09
189208,Active,538013,NA,NA,D,2,1,327312.0025,114,2008,48,6.03,31.04
189209,Active,634275,NA,NA,S,1,0,151125.17,55.95,2011,22,37.14,47.55
189210,Active,778209,NA,NA,D,5,1,4449949.963,34.95,2001,16,4,33.94
189211,Active,527331,NA,NA,S,8,1,127984.205,59.95,2012,83,37.03,40.92
189212,Active,200348,NA,NA,D,7,1,628650.875,61.95,2007,37,16.74,29.98
189213,Active,3490791,NA,NA,D,3,1,2089063.75,86.65,1998,14,5.1,44.87
189214,Active,875637,NA,NA,D,7,1,1543539.469,23.76,2010,46,5.59,13.71
189215,Active,550247,NA,NA,S,5,1,2610971.113,57.75,2005,41,4,6.86
189216,Active,110050,NA,NA,D,8,1,267381.64,78.81,2011,108,4.2,23.95
189217,Active,110048,NA,NA,D,7,1,826861.3513,9.94,2009,97,4,9.89
189218,Active,2314433,NA,NA,D,1,0,3545913.451,472.07,1961,26,4.25,82.38
189219,Active,2609281,NA,NA,S,0,0,729302.7363,59.99,1998,52,4,26.49
189220,Active,645337,NA,NA,D,0,0,222646.6888,70.88,2008,96,4.99,0
189221,Active,120337,NA,NA,S,0,0,18986.425,79,2009,23,39.99,44.69
189222,Active,1447872,NA,NA,D,1,0,522836.1313,19.96,2007,24,4,9.09
189223,Active,617801,NA,NA,D,1,0,1658760.983,57.4,2011,51,4,9.74
189224,Active,627819,NA,NA,D,1,0,823259.575,53.8,2013,38,3.08,9.64
189225,Active,120335,NA,NA,S,2,1,464437.115,64.2,2010,33,10.41,19
189226,Active,55718,NA,NA,D,0,0,803837.6813,43.8,2009,51,4,23.89
189227,Active,55715,NA,NA,S,0,0,959124.1063,54.6,2010,50,4,13.99
189228,Active,537474,NA,NA,D,0,0,441962.4,47.6,2011,63,4,13.99
189229,Active,56337,NA,NA,D,9,1,194367.3488,55.4,2008,70,4.16,23.99
189230,Active,641975,NA,NA,D,10,1,245928.1188,60.6,2013,39,19.59,34.94
189231,Active,624317,NA,NA,S,1,0,55040.8,56.2,2010,36,15.73,30.59
189232,Active,616539,NA,NA,S,3,1,432769.26,63.4,2010,72,4,0
189233,Active,613534,NA,NA,S,2,1,273925.16,134.2,2010,69,4.94,31.87
189234,Active,872617,NA,NA,S,3,1,60532.51875,142.6,2014,83,10.88,45.57
189235,Active,2253521,NA,NA,D,2,1,897320.1013,61.59,2010,32,10.62,48.85
189236,Active,553556,NA,NA,S,1,0,73462.85,101,2011,35,33.77,63.62
189237,Active,633889,NA,NA,S,0,0,3447.9,64.5,2012,43,32.67,45.99
189238,Active,621698,NA,NA,D,1,0,3101116.67,130,2003,30,4.76,39.98
189239,Active,609782,NA,NA,S,15,1,1500295.826,52.95,2008,36,4,39.93
189240,Active,699682,NA,NA,D,1,0,3731877.419,199,2001,9,33.05,153.99
189241,Active,270605,NA,NA,D,1,0,419148.9163,89.99,2008,32,4.33,41.75
189242,Active,894278,NA,NA,D,2,1,4299615.223,184,1994,11,6.48,697.35
189243,Active,2485865,NA,NA,D,3,1,2804579.181,279,2003,14,83.94,156.09
189244,Active,743326,NA,NA,D,4,1,2545285.203,95,2002,20,5.2,32.74
189245,Active,621411,NA,NA,D,5,1,1074407.14,130,2007,20,33.27,107.75
189246,Active,743438,NA,NA,S,3,1,2749227.741,49.95,2002,19,4.38,48.75
189247,Active,652716,NA,NA,S,1,0,47069.625,110.95,2011,17,53.99,110.95
189248,Active,632458,NA,NA,S,2,1,1041639.534,57.95,2008,27,4.4,72.67
189249,Active,743256,NA,NA,D,1,0,2421798.045,69,2001,21,4.47,15
189250,Active,503523,NA,NA,D,9,1,3484009.495,104.95,2009,20,6.61,112.05
189251,Active,3504561,NA,NA,S,5,1,1341327,274.99,2016,0,0,274.99
189252,Active,1519138,NA,NA,S,2,1,117711.15,42.99,2015,9,26.74,27.82
189253,Active,632686,NA,NA,D,4,1,777783.37,123.95,2005,24,5.53,175.57
189254,Active,774982,NA,NA,D,3,1,2085907.921,85,1999,17,4.35,46.76
189255,Active,263738,NA,NA,D,1,0,1888475.635,78.95,2006,17,8.94,40.98
189256,Active,774822,NA,NA,S,6,1,1620625.614,89,1998,20,12.92,72.45
189257,Active,901669,NA,NA,D,1,0,4492044.071,99,2004,12,7.38,54.96
189258,Active,608979,NA,NA,D,2,1,1576295.993,45.95,2005,29,4,15.96
189259,Active,545629,NA,NA,S,3,1,146314.2325,78.95,2013,29,29,47.79
189260,Active,200239,NA,NA,D,2,1,847911.3913,82.95,2006,67,4,8.89
189261,Active,538233,NA,NA,S,2,1,321426.2888,105,2011,31,18.62,61.96
189262,Active,105879,NA,NA,D,1,0,2303400.966,79,2003,23,4,46.13
189263,Active,527326,NA,NA,D,2,1,1126954.019,59.95,2008,24,6.31,43.25
189264,Active,889052,NA,NA,S,3,1,400958.91,52.99,2014,22,33.64,35.98
189265,Active,623553,NA,NA,D,3,1,1599136.933,99.95,2008,18,6.4,42.98
189266,Active,235200,NA,NA,D,0,0,3962323.973,259,2003,14,7.49,72.06
189267,Active,2159177,NA,NA,S,3,1,1170265.566,219,2007,15,20.39,85.56
189268,Active,203521,NA,NA,D,0,0,4488678.223,119.95,2003,15,18.94,55.25
189269,Active,592359,NA,NA,S,1,0,534485.1113,59.95,2008,38,25.99,0
189270,Active,3504676,NA,NA,S,2,1,339909,54.99,2016,7,46.51,54.99
189271,Active,527321,NA,NA,D,6,1,1918492.178,369,2009,16,120.03,220.34
189272,Active,788788,NA,NA,D,3,1,6850754.983,199,2000,18,8.82,160.29
189273,Active,789476,NA,NA,D,4,1,1910462.119,245,2005,19,18.99,80.77
189274,Active,838377,NA,NA,S,3,1,3356875.286,387,1999,16,25.98,78.99
189275,Active,1466053,NA,NA,D,1,0,4637096.686,79.5,2007,14,45.62,147.17
189276,Active,1951308,NA,NA,D,1,0,4105819.248,99,2011,11,79.35,39.26
189277,Active,646058,NA,NA,S,3,1,169766.1838,64.95,2010,29,27.79,44.65
189278,Active,1696709,NA,NA,S,1,0,47982.025,49.95,2014,12,23.94,32.66
189279,Active,644411,NA,NA,S,1,0,17298.325,89.95,2013,67,37.88,55.23
189280,Active,591366,NA,NA,D,2,1,976098.9913,261.95,2006,67,4,22.83
189281,Active,582568,NA,NA,D,1,0,3574006.14,227.95,2002,40,5.96,7.99
189282,Active,264235,NA,NA,D,1,0,288725.3888,49.99,2004,41,5.52,31.7
189283,Active,1936387,NA,NA,S,2,1,62264.34875,50.99,2014,25,24.54,26.16
189284,Active,631535,NA,NA,D,3,1,543730.575,72.99,2011,34,7.09,17.12
189285,Active,620146,NA,NA,D,2,1,668887.995,66.95,2007,32,4,11.47
189286,Active,778772,NA,NA,D,3,1,1223827.495,114.95,2005,32,4,63.74
189287,Active,598230,NA,NA,D,6,1,245541.0813,94.95,2008,77,4.58,11.17
189288,Active,2406329,NA,NA,D,0,0,3284854.803,65,1992,13,5.02,113.53
189289,Active,904395,NA,NA,D,0,0,2570294.128,47.5,1993,21,6.36,43.96
189290,Active,196803,NA,NA,S,2,1,1843661.539,62.95,1997,17,11.64,29.99
189291,Active,2672251,NA,NA,D,3,1,7041854.913,467,2005,9,153.98,410.73
189292,Active,3504296,NA,NA,D,1,0,4549662.35,105,1999,9,52.12,0
189293,Active,248886,NA,NA,S,3,1,1637527.96,55.95,2007,63,27.38,54.62
189294,Active,641474,NA,NA,D,0,0,1752707.274,82.95,2010,14,38.95,0
189295,Active,656803,NA,NA,S,1,0,6018583.184,179.95,2000,8,12.5,93.49
189296,Active,147040,NA,NA,D,1,0,420211.1375,58.95,2006,20,5.98,46.97
189297,Active,200530,NA,NA,S,1,0,146234.8675,122.95,2011,36,47.37,55.95
189298,Active,912522,NA,NA,D,1,0,573692.7738,66.05,2006,19,17.67,62.97
189299,Active,577370,NA,NA,D,4,1,163003.1175,83.99,2007,60,6.64,13.99
189300,Active,545601,NA,NA,D,2,1,79904.6675,103.95,2011,32,34.99,0
189301,Active,249025,NA,NA,D,4,1,320948.5238,110,2008,80,7.36,36.02
189302,Active,720176,NA,NA,D,1,0,1040073.629,149.95,2002,23,8.06,41.94
189303,Active,509849,NA,NA,D,4,1,1248894.933,150,2009,21,7.02,111.66
189304,Active,789364,NA,NA,D,1,0,2402440.478,274.99,2004,18,8.28,9.99
189305,Active,881497,NA,NA,S,6,1,209900.755,46.99,2015,16,39.73,39.92
189306,Active,789020,NA,NA,D,3,1,2313310.32,210,2001,21,54.36,146.65
189307,Active,920148,NA,NA,S,2,1,6282.74625,44.95,2014,69,24.07,29.94
189308,Active,368431,NA,NA,D,1,0,154077.1638,36.95,2010,71,7.61,19.98
189309,Active,2823632,NA,NA,D,5,1,1689232.729,325,1998,14,27.28,188.35
189310,Active,654314,NA,NA,D,1,0,1070656.553,234.95,1992,24,5.39,76.98
189311,Active,888406,NA,NA,D,12,1,1364822.319,89.95,2008,17,16.12,192.39
189312,Active,906300,NA,NA,D,1,0,5254764.145,145.95,1994,23,4,8.98
189313,Active,789058,NA,NA,D,2,1,2297125.115,49.95,2002,40,4,5.27
189314,Active,617678,NA,NA,D,6,1,441577.0875,91.95,2006,117,13.72,38.99
189315,Active,652790,NA,NA,S,1,0,70425.925,45.95,2010,15,24.99,27.18
189316,Active,639520,NA,NA,S,1,0,160889.945,67.8,1996,35,4.14,51.08
189317,Active,1559538,NA,NA,S,3,1,1728900.648,42.95,2008,34,17.15,40.48
189318,Active,711250,NA,NA,D,0,0,1232037.03,41.6,2000,21,4,46.63
189319,Active,552399,NA,NA,S,2,1,214916.1263,52,2005,46,7.13,37.98
189320,Active,3959860,NA,NA,D,0,0,2322352.9,107,2005,15,9.98,67.54
189321,Active,870861,NA,NA,S,2,1,2283389.374,55,2005,30,4,23.84
189322,Active,527313,NA,NA,S,9,1,40943.945,22,2012,58,10.19,13.99
189323,Active,592330,NA,NA,D,1,0,1787241.33,99.95,2007,29,4.03,28.99
189324,Active,137404,NA,NA,S,0,0,364162.0938,47.95,2002,52,12.03,40.55
189325,Active,270087,NA,NA,D,5,1,933998.2125,214,2010,34,9.58,105.04
189326,Active,269964,NA,NA,D,4,1,1902795.953,146,2006,18,8.34,23.99
189327,Active,179186,NA,NA,D,8,1,367904.7263,178.95,2008,52,4.86,29.94
189328,Active,182667,NA,NA,S,6,1,614882.9488,13.34,2002,33,4,13.34
189329,Active,179187,NA,NA,D,8,1,271967.3438,142.95,2008,50,4.72,9.93
189330,Active,170224,NA,NA,D,9,1,303188.1063,135.95,2011,78,4,17.49
189331,Active,532088,NA,NA,D,9,1,346149.2788,76.95,2011,58,8.69,42.67
189332,Active,51890,NA,NA,D,7,1,374442.6188,133.95,2006,71,4,4.96
189333,Active,291746,NA,NA,D,8,1,802641.765,81.95,2008,29,4.4,16.33
189334,Active,51896,NA,NA,D,8,1,301291.765,267.95,2007,44,6.03,25
189335,Active,560380,NA,NA,S,5,1,534457.4538,289.95,1999,43,4.77,52.37
189336,Active,205728,NA,NA,D,5,1,2351453.43,48,2001,29,4,45.29
189337,Active,638371,NA,NA,S,6,1,322255.9988,64.95,2009,33,29.86,50.58
189338,Active,2404577,NA,NA,D,3,1,1150368.928,36,1988,27,4,31.99
189339,Active,125672,NA,NA,S,4,1,136357.8088,97.95,1996,40,13.46,73.61
189340,Active,133070,NA,NA,D,13,1,180327.2388,150,2009,75,12.75,57.09
189341,Active,116050,NA,NA,S,0,0,66339.8,127.4,2005,24,43.98,98.01
189342,Active,121066,NA,NA,D,1,0,1378116.469,47.33,1996,38,4,14.98
189343,Active,121065,NA,NA,S,2,1,138063.605,114.8,2000,44,17.44,43.22
189344,Active,910271,NA,NA,D,0,0,2068321.91,54.99,2004,38,4,28.99
189345,Active,660726,NA,NA,S,3,1,32265.08625,42.99,2013,21,28.99,31.61
189346,Active,920696,NA,NA,D,2,1,104601.0575,33.95,1999,47,6.65,34.99
189347,Active,878605,NA,NA,S,11,1,257200.7638,64,2014,24,33.99,55.8
189348,Active,55714,NA,NA,D,10,1,32738.065,88,2011,104,4.99,17.99
189349,Active,878662,NA,NA,S,11,1,11940.855,93.4,2014,73,52.59,68.94
189350,Active,55713,NA,NA,D,9,1,422815.7438,64.6,2008,89,4,28
189351,Active,536691,NA,NA,S,4,1,573190.5375,43.95,2013,35,20.85,27.23
189352,Active,533942,NA,NA,S,5,1,153573.3763,125.87,2005,54,6.56,34.18
189353,Active,627556,NA,NA,S,1,0,93157.7,92,2007,27,33.69,64.97
189354,Active,157613,NA,NA,S,0,0,226177.5513,59.95,2011,39,41.59,46.74
189355,Active,874322,NA,NA,D,1,0,276585.1275,173.2,2007,110,4,11.91
189356,Active,614184,NA,NA,D,2,1,228597.6463,228,2011,140,4.11,33.83
189357,Active,622669,NA,NA,S,2,1,394569.6188,43,2009,57,6.84,20.99
189358,Active,527308,NA,NA,S,2,1,10028.48,12,2010,51,6.97,7.22
189359,Active,1724365,NA,NA,S,0,0,61082.65,55,2010,31,12.15,26.98
189360,Active,336215,NA,NA,D,1,0,993831.9875,43.95,1996,30,4,20.29
189361,Active,201724,NA,NA,S,2,1,372327.2925,59.95,2006,21,32.29,47.49
189362,Active,175731,NA,NA,D,0,0,1999668.64,46.99,2005,33,5.99,47.62
189363,Active,157079,NA,NA,S,2,1,362695.2763,51.95,2003,39,25.53,36.98
189364,Active,163069,NA,NA,S,2,1,104490.785,49.95,2010,87,20.64,24.97
189365,Active,315338,NA,NA,S,3,1,36193.095,167.8,2012,56,67.73,83.96
189366,Active,239101,NA,NA,D,4,1,192343.585,49.95,2004,42,27.58,77.55
189367,Active,286139,NA,NA,D,0,0,1645936.656,94.8,2005,35,4,10.36
189368,Active,920886,NA,NA,D,3,1,673992.92,29.95,1989,51,4,14.49
189369,Active,542955,NA,NA,S,2,1,1728768.596,59.95,2011,23,27.65,47.83
189370,Active,538272,NA,NA,S,2,1,97045.15,22,2011,19,7.94,11.99
189371,Active,366635,NA,NA,D,0,0,4539340.998,49.95,2004,20,4,10.74
189372,Active,317198,NA,NA,D,2,1,162499.875,138,2008,40,7.83,30.7
189373,Active,620397,NA,NA,S,1,0,466400.3275,142,1999,49,5.99,92.81
189374,Active,828647,NA,NA,D,0,0,921367.7325,48.25,1999,17,4.98,4.99
189375,Active,916310,NA,NA,D,0,0,463478.1338,37.95,2002,36,4,33.99
189376,Active,620086,NA,NA,D,2,1,578871.6375,68.95,2006,46,6.09,22.73
189377,Active,622951,NA,NA,S,3,1,84155.6575,73.95,2013,42,20.99,52.07
189378,Active,251118,NA,NA,S,1,0,1845322.57,154.95,2007,28,4.36,57.67
189379,Active,774495,NA,NA,D,1,0,310117.68,88.95,2004,53,6.58,60.56
189380,Active,248817,NA,NA,D,3,1,176465.5213,95.95,2009,64,8.18,28
189381,Active,3134937,NA,NA,D,1,0,586288.0175,24,2003,17,4.61,45.51
189382,Active,293282,NA,NA,S,5,1,74981.085,64,2009,49,23.76,36.98
189383,Active,916813,NA,NA,S,2,1,5836346.554,52.95,2001,17,4,21.99
189384,Active,545900,NA,NA,S,4,1,133603.4438,82.95,2013,43,30.92,57.29
189385,Active,2565382,NA,NA,D,1,0,7010477.849,262.95,2000,18,9.56,107.7
189386,Active,900739,NA,NA,D,1,0,461136.3663,199.95,2011,23,6.73,52.81
189387,Active,543571,NA,NA,D,1,0,1437330.319,197.95,2010,31,4.26,23.99
189388,Active,105918,NA,NA,D,1,0,1571130.565,145,2004,29,13.12,63.75
189389,Active,2750856,NA,NA,D,2,1,3551277.003,110,2003,19,4.97,54.76
189390,Active,788754,NA,NA,D,1,0,3379963.591,129,1999,24,4.46,59.07
189391,Active,651022,NA,NA,S,2,1,714278.78,131.99,2004,29,9.69,50.93
189392,Active,628756,NA,NA,S,3,1,724250.9975,80.95,2009,31,27.78,59.51
189393,Active,898689,NA,NA,S,5,1,272879.315,49.99,2014,24,35.34,37.11
189394,Active,623571,NA,NA,D,4,1,570246.6375,54.99,2007,37,5.52,22.99
189395,Active,2635392,NA,NA,S,2,1,264644.51,49.95,2003,88,4.48,15.17
189396,Active,527298,NA,NA,S,2,1,713194.3175,39.99,2009,29,8.64,26.18
189397,Active,2635356,NA,NA,S,2,1,745933.2325,44.99,2002,65,4,14.69
189398,Active,657795,NA,NA,S,0,0,29729.39125,50,1988,29,99.95,103.93
189399,Active,187990,NA,NA,S,10,1,333498.445,69.99,2000,28,7.18,0
189400,Active,54318,NA,NA,D,11,1,44707.35125,204.95,2011,109,11.19,100.26
189401,Active,123890,NA,NA,S,7,1,144085.2763,97.95,1997,78,4.87,57.96
189402,Active,54317,NA,NA,S,8,1,111787.6375,85.95,2001,103,5.46,34.44
189403,Active,54319,NA,NA,D,10,1,40579.44875,215.95,2008,107,7.15,29.9
189404,Active,54320,NA,NA,D,9,1,113004.5738,227.95,2005,112,5,51.63
189405,Active,802294,NA,NA,S,11,1,551482.9375,55.95,2004,45,5.38,43.09
189406,Active,386518,NA,NA,D,12,1,30885.21375,183.95,2007,89,12.35,132.9
189407,Active,717682,NA,NA,S,10,1,478650.1763,72.95,2000,83,3.98,0
189408,Active,251974,NA,NA,D,13,1,161980.5625,183.95,2010,80,9.99,39.88
189409,Active,60714,NA,NA,D,11,1,146557.005,87.95,2004,69,4,45.11
189410,Active,875645,NA,NA,D,0,0,1445799.071,38.49,2008,34,5.63,45.58
189411,Active,248448,NA,NA,D,12,1,400169.455,203.95,2008,64,4.05,37.99
189412,Active,60715,NA,NA,S,11,1,805636.095,155.95,2005,34,8.96,49.52
189413,Active,533891,NA,NA,D,7,1,217604.3763,152.95,2010,66,4,43.99
189414,Active,61068,NA,NA,D,6,1,1022450.656,65.56,2007,52,4,33.99
189415,Active,621547,NA,NA,S,6,1,328081.625,129.5,1984,32,23.69,52.56
189416,Active,104580,NA,NA,D,7,1,490856.915,150,1997,35,36.64,112.44
189417,Active,2010014,NA,NA,D,3,1,819653.9513,88.5,2009,48,3.84,35.99
189418,Active,318419,NA,NA,D,3,1,758362.0438,97.95,2001,26,4,29.74
189419,Active,748217,NA,NA,D,3,1,2678757.325,28.99,2000,22,4.29,27.99
189420,Active,446282,NA,NA,S,5,1,33296.1025,194.5,2008,66,43.8,80.1
189421,Active,710537,NA,NA,D,3,1,4024869.048,69.33,1999,19,4.11,45.82
189422,Active,607262,NA,NA,D,4,1,727132.1638,97.2,2002,27,4,51.89
189423,Active,607400,NA,NA,S,5,1,125817.6613,192.2,2007,49,22.43,152.11
189424,Active,155676,NA,NA,S,1,0,1697141.483,49.95,2008,18,43.84,51.65
189425,Active,178627,NA,NA,S,10,1,233816.4738,126.95,2010,52,23.03,56.04
189426,Active,178608,NA,NA,D,9,1,893286.08,128.95,2005,39,4.46,13.99
189427,Active,533619,NA,NA,D,11,1,26355.62,281.95,2011,81,18.99,43.94
189428,Active,880485,NA,NA,S,11,1,355628.4788,231,2014,30,42.9,79.39
189429,Active,875676,NA,NA,D,4,1,449768.76,111.73,2010,31,5.74,92.21
189430,Active,53156,NA,NA,S,7,1,1518478.838,125,2003,71,3.97,8.11
189431,Active,630531,NA,NA,D,1,0,48911.2525,214.25,2012,43,52.92,83.89
189432,Active,919361,NA,NA,D,7,1,1875788.849,126.67,2005,36,4,18.96
189433,Active,55840,NA,NA,D,5,1,264612.285,206.67,2009,104,4,17.99
189434,Active,875738,NA,NA,S,3,1,3031888.78,11.98,2004,32,4,11.2
189435,Active,607188,NA,NA,D,6,1,3774795.255,92,2002,32,4,25
189436,Active,617936,NA,NA,D,1,0,861121.6038,135.61,2010,51,4.35,10.39
189437,Active,53081,NA,NA,D,10,1,492984.0713,47.94,2009,74,4.26,27.49
189438,Active,53079,NA,NA,D,8,1,372767.3263,7.12,2005,64,4,4.91
189439,Active,53157,NA,NA,D,9,1,282907.8938,30.41,2008,127,4.48,27.95
189440,Active,55839,NA,NA,D,4,1,821535.1588,166.67,2006,106,4,12.46
189441,Active,708578,NA,NA,S,1,0,375038.745,116.75,2006,58,5.48,11.14
189442,Active,658610,NA,NA,D,1,0,1079465.845,206.75,2012,25,77.4,108.39
189443,Active,772442,NA,NA,S,8,1,3780426.985,116.37,2005,22,4.8,12.49
189444,Active,448796,NA,NA,S,1,0,844337.305,28.24,2005,78,4.16,31.99
189445,Active,53080,NA,NA,D,9,1,661747.5888,346.95,2007,58,4.35,53.65
189446,Active,608275,NA,NA,S,6,1,542218.6138,21.99,2009,98,4,6.97
189447,Active,53159,NA,NA,D,8,1,313487.485,29.94,2005,113,4,33.99
189448,Active,55833,NA,NA,S,4,1,1433482.753,178.47,2010,28,13.13,117.14
189449,Active,55832,NA,NA,D,4,1,313081.2025,171.8,2010,62,6.01,51.9
189450,Active,766286,NA,NA,D,1,0,741173.1588,111.95,2007,28,4.8,28.49
189451,Active,860442,NA,NA,D,2,1,107813.8863,101.95,2011,49,10.99,12.94
189452,Active,107885,NA,NA,D,1,0,503020.9863,103.92,2006,65,7.81,25.67
189453,Active,620279,NA,NA,D,6,1,682047.42,58.88,2009,35,5.62,61.32
189454,Active,250414,NA,NA,D,5,1,2441215.604,55,2005,23,4,5.99
189455,Active,251814,NA,NA,S,5,1,1126165.271,93,2008,33,6.82,36.85
189456,Active,911457,NA,NA,S,3,1,3291258.033,39.99,1995,24,4,8.99
189457,Active,618312,NA,NA,S,5,1,402512.5338,51.99,2005,46,4.88,21.98
189458,Active,622034,NA,NA,S,0,0,133857.35,42.99,2006,50,8.33,14.95
189459,Active,60717,NA,NA,D,3,1,2181743.274,192.95,2002,29,4.03,67.49
189460,Active,193738,NA,NA,D,2,1,426661.935,123.95,2011,25,18.29,43.49
189461,Active,193607,NA,NA,D,1,0,1262639.836,89.95,2008,31,3,18.39
189462,Active,630098,NA,NA,S,2,1,379873.0025,44.49,2009,32,4.3,51.31
189463,Active,533646,NA,NA,D,8,1,180491.1863,202.95,2012,101,8.23,52.24
189464,Active,52833,NA,NA,D,7,1,714815.4288,214.95,2008,85,4,8.36
189465,Active,778438,NA,NA,S,2,1,1302364.38,74.95,2005,23,8.56,40.99
189466,Active,738429,NA,NA,S,3,1,782740.0363,43,2007,37,4,16.28
189467,Active,100773,NA,NA,S,5,1,692728.5438,178,1998,47,4.83,13.99
189468,Active,183433,NA,NA,S,2,1,212447.4838,339.95,2006,59,5.18,10.7
189469,Active,621267,NA,NA,S,7,1,385291.2288,212.95,2005,20,11.46,82.78
189470,Active,1522476,NA,NA,D,0,0,4274808.084,52,2006,16,5.98,51.82
189471,Active,697665,NA,NA,S,2,1,1694493.968,44.75,1998,27,4.1,11.98
189472,Active,54351,NA,NA,D,5,1,8982.93875,220.6,2010,105,49.67,103.57
189473,Active,51409,NA,NA,S,5,1,560861.0563,105.95,1999,33,4,10.89
189474,Active,738948,NA,NA,S,4,1,2412653.486,92,1997,42,3.99,18.98
189475,Active,114420,NA,NA,D,5,1,941061.4813,106.67,2001,48,4,45.15
189476,Active,116609,NA,NA,D,6,1,288425.1075,181.4,2005,61,4.46,48.91
189477,Active,213263,NA,NA,D,1,0,272022.45,81.95,2008,27,4.49,60.29
189478,Active,51408,NA,NA,D,8,1,32105.06,289.95,2010,70,16.93,73.94
189479,Active,290217,NA,NA,D,11,1,124175.2913,76.4,2009,62,7.98,43.16
189480,Active,54352,NA,NA,S,2,1,1583775.189,99,2002,53,4,18.99
189481,Active,54354,NA,NA,D,4,1,46878.5125,144.2,2008,43,15.97,22.47
189482,Active,51407,NA,NA,D,7,1,112756.4663,306.95,2007,57,8.91,44.03
189483,Active,557212,NA,NA,S,1,0,455014.8088,188.8,2006,38,4.48,48.56
189484,Active,166484,NA,NA,S,9,1,1577980.043,166.39,2004,26,5.94,27.32
189485,Active,163977,NA,NA,D,9,1,482579.5475,28.99,2004,56,4,25.67
189486,Active,569473,NA,NA,S,8,1,494760.2913,276.95,1997,75,4.35,51.67
189487,Active,167029,NA,NA,D,10,1,578046.5375,13.98,2007,61,4,23.95
189488,Active,164945,NA,NA,D,1,0,1034328.683,31.98,2000,34,4.99,45.82
189489,Active,54353,NA,NA,D,3,1,914024.655,138.2,2005,83,4,22.78
189490,Active,51410,NA,NA,D,6,1,1037338.685,158.95,2003,82,4,23.92
189491,Active,696677,NA,NA,D,4,1,1577336.64,75,2009,29,4.11,39.64
189492,Active,54843,NA,NA,D,4,1,43916.9,40.99,2009,86,9.25,45.55
189493,Active,54844,NA,NA,D,3,1,473172.43,21.99,2008,91,4,23.99
189494,Active,557132,NA,NA,D,0,0,2351228.03,68,2000,49,3.98,0
189495,Active,626372,NA,NA,S,2,1,204291.3413,141,2007,51,28.89,0
189496,Active,131937,NA,NA,S,5,1,37506.14125,196.95,2005,57,43.99,164.68
189497,Active,849743,NA,NA,S,5,1,1621624.96,99.16,1999,37,4,39.98
189498,Active,461694,NA,NA,D,7,1,552301.045,195.95,2005,75,4,8.14
189499,Active,248053,NA,NA,S,1,0,146949.63,121,2008,40,28.55,63.96
189500,Active,179152,NA,NA,D,8,1,72607.4175,302.95,2008,93,13.87,52.49
189501,Active,872429,NA,NA,D,4,1,333553.1013,103,2002,52,4,35
189502,Active,177339,NA,NA,D,3,1,1164270.769,44.95,2005,32,3.92,8.1
189503,Active,874651,NA,NA,D,4,1,415642.0313,77.95,2008,43,4,23.6
189504,Active,664489,NA,NA,S,6,1,24289.04375,77.95,2014,39,27.11,57.81
189505,Active,527292,NA,NA,D,5,1,78984.8075,73.95,2011,61,6.83,53.39
189506,Active,724818,NA,NA,D,1,0,4054297.379,110,2006,25,4,18.67
189507,Active,800843,NA,NA,D,3,1,1431281.52,62,2007,26,4.28,98.25
189508,Active,2522853,NA,NA,S,2,1,3672829.159,70.76,1998,19,4,17.99
189509,Active,770557,NA,NA,D,3,1,930085.9638,97.95,2002,37,3.99,12.72
189510,Active,290587,NA,NA,D,2,1,134505.3963,84.42,2008,72,5.58,41.94
189511,Active,55826,NA,NA,S,5,1,82105.5575,107.95,2008,41,38.89,83.99
189512,Active,55827,NA,NA,D,4,1,3551782.114,132.4,2001,27,4,38.99
189513,Active,226081,NA,NA,D,6,1,626852.195,83.95,2007,18,4.98,43.48
189514,Active,248451,NA,NA,S,8,1,201258.7225,201.95,2009,43,7.84,79.77
189515,Active,101402,NA,NA,S,7,1,1291324.605,198.95,2001,49,3.99,7.94
189516,Active,2850532,NA,NA,S,2,1,174333.315,63.33,1989,30,7.97,124.25
189517,Active,117887,NA,NA,S,3,1,626301.2375,70.4,2004,39,12.47,51.8
189518,Active,541247,NA,NA,S,5,1,40077.46125,46,2011,75,5.18,5.29
189519,Active,563650,NA,NA,S,3,1,1550463.396,22.41,2005,58,4.09,9.84
189520,Active,563690,NA,NA,S,4,1,669217.2788,14.99,2009,76,4,8.75
189521,Active,262588,NA,NA,D,3,1,1390183.854,37.95,2000,30,4.05,29.99
189522,Active,299712,NA,NA,S,4,1,121458.5663,49.95,2007,70,21.84,43.49
189523,Active,248228,NA,NA,D,0,0,369466.9675,103,2011,22,14.89,0
189524,Active,256427,NA,NA,S,1,0,1755734.644,57.95,1997,48,4,48.09
189525,Active,246755,NA,NA,S,2,1,116924.4913,72.95,2010,54,8.04,31.99
189526,Active,290969,NA,NA,S,6,1,110459.4513,126.95,2011,35,31.78,65.46
189527,Active,164803,NA,NA,D,2,1,1164429.189,23.99,2000,46,4,27.97
189528,Active,54037,NA,NA,D,7,1,191440.3575,103.4,2011,129,4.86,70.06
189529,Active,117468,NA,NA,S,4,1,2854324.01,68,2003,65,4,4.24
189530,Active,54038,NA,NA,D,6,1,546287.6625,86.6,2008,155,4,18.83
189531,Active,169501,NA,NA,S,1,0,610090.1925,136.95,2007,48,4,50.59
189532,Active,877748,NA,NA,S,4,1,4489301.393,39.95,2006,29,4.27,8.44
189533,Active,53472,NA,NA,D,4,1,2142425.346,155.95,2006,56,4,6.99
189534,Active,53471,NA,NA,D,6,1,74021.95,128.95,2011,89,4,21.94
189535,Active,53473,NA,NA,D,5,1,567861.0738,135.95,2008,101,3.99,13.65
189536,Active,574779,NA,NA,S,4,1,771703.945,67,2009,59,5.03,18.98
189537,Active,118752,NA,NA,S,3,1,203058.3725,125.8,1998,39,4,46.29
189538,Active,1939150,NA,NA,S,1,0,54068.5,79,2014,11,56.13,55.81
189539,Active,202501,NA,NA,S,2,1,493777.5575,126.12,2002,41,8.35,49.68
189540,Active,852954,NA,NA,D,2,1,2160835.741,60,2001,22,4,10.98
189541,Active,108289,NA,NA,D,3,1,149508.0963,43.1,2005,34,4,43.04
189542,Active,423508,NA,NA,S,1,0,62459.1,80.8,2010,53,26.83,42.99
189543,Active,911218,NA,NA,D,0,0,619786.0425,47.9,2007,24,7.21,51.33
189544,Active,126124,NA,NA,D,2,1,798977.5775,51.5,2000,49,4,13.14
189545,Active,127150,NA,NA,S,3,1,142081.015,61.95,2006,33,28.16,53.27
189546,Active,203644,NA,NA,D,4,1,3064153.969,53.95,2003,39,4,8.99
189547,Active,577404,NA,NA,D,5,1,310086.4388,72.95,2007,69,4,10.97
189548,Active,132340,NA,NA,D,6,1,539270.5938,156,2007,69,4,32.98
189549,Active,131660,NA,NA,D,5,1,365476.7525,138.2,2003,64,4,22.99
189550,Active,231173,NA,NA,S,3,1,487605.1538,32.99,1999,95,4.39,28.49
189551,Active,3638408,NA,NA,S,3,1,3386836.5,44,2014,44,32.52,35.22
189552,Active,877259,NA,NA,D,11,1,514954.6725,52.91,2005,41,5.59,29.14
189553,Active,262743,NA,NA,D,6,1,183293.7738,57.95,2008,74,3.84,43.01
189554,Active,546337,NA,NA,S,6,1,325246.9263,41.95,2012,33,23.55,41.92
189555,Active,764733,NA,NA,S,9,1,7147305.081,71.95,2001,31,3.49,7.98
189556,Active,53252,NA,NA,D,12,1,133179.45,227.95,2009,65,4.98,28.99
189557,Active,55822,NA,NA,D,2,1,1538833.295,75.8,2002,56,3.66,44.11
189558,Active,619881,NA,NA,D,2,1,427415.8763,96,2002,65,4.83,41.61
189559,Active,55823,NA,NA,D,3,1,579513.47,105.8,2006,54,4,43.99
189560,Active,53251,NA,NA,D,11,1,250116.6725,156.95,2006,56,4,10.99
189561,Active,158191,NA,NA,S,2,1,320699.4388,89.95,2011,56,19.04,62.34
189562,Active,108288,NA,NA,D,2,1,489880.8863,13.49,2004,33,6.29,13
189563,Active,527287,NA,NA,D,2,1,1221347.704,462.9,2004,33,4.39,82.68
189564,Active,262804,NA,NA,D,2,1,822242.4288,55.95,2011,28,7.65,22.94
189565,Active,55824,NA,NA,D,4,1,69925.23625,125.8,2010,47,11.34,48.93
189566,Active,193260,NA,NA,D,0,0,2952800.711,54,2002,33,4,10.99
189567,Active,293209,NA,NA,D,2,1,1098376.146,72,2007,32,4.27,11.63
189568,Active,1630920,NA,NA,S,0,0,15016.25,49.95,2015,16,28.98,30.61
189569,Active,3124531,NA,NA,S,2,1,284399.365,42,2004,26,22.98,35
189570,Active,162432,NA,NA,S,0,0,39749.62875,14.95,2008,90,5.67,8.77
189571,Active,108937,NA,NA,S,6,1,347930.3363,173.75,2004,60,4,28.99
189572,Active,112219,NA,NA,S,5,1,984788.695,76.52,2002,19,4.12,10.99
189573,Active,112103,NA,NA,S,4,1,1814882.458,62.19,2000,37,4,4
189574,Active,292192,NA,NA,S,3,1,116312.935,19.95,2005,34,9.99,0
189575,Active,294074,NA,NA,S,18,1,82876.49875,16.95,2008,85,4,7.04
189576,Active,760983,NA,NA,D,2,1,1142797.365,175,1997,24,42.76,137.63
189577,Active,546558,NA,NA,S,4,1,90556.6825,89,2010,64,49.82,56.8
189578,Active,2675349,NA,NA,S,2,1,483852.7075,53.4,1982,26,4,55.63
189579,Active,905546,NA,NA,D,1,0,946048.8938,150,1993,20,49.98,80.49
189580,Active,221714,NA,NA,D,4,1,1190558.998,81.95,2001,20,9.3,83.47
189581,Active,830722,NA,NA,S,2,1,674463.985,64.95,1985,39,12.65,98.99
189582,Active,527283,NA,NA,S,4,1,38524.47875,79,2008,56,59.74,54.99
189583,Active,231206,NA,NA,D,3,1,733331.92,69,2000,25,24.1,40.98
189584,Active,191795,NA,NA,D,2,1,1030343.089,63.5,1995,35,5.52,48.41
189585,Active,2668653,NA,NA,D,0,0,1142604.921,125.7,1994,30,5.93,39.98
189586,Active,537989,NA,NA,D,1,0,754816.6375,85.95,1994,54,4.44,82.87
189587,Active,641774,NA,NA,D,2,1,557967.9163,129,2003,37,30.83,98.09
189588,Active,534178,NA,NA,D,1,0,708450.87,59.95,2010,43,3.99,6
189589,Active,613968,NA,NA,D,2,1,621332.4738,69.75,2011,80,4,18.99
189590,Active,544715,NA,NA,D,3,1,59719.26625,69.95,2013,94,7.52,28.99
189591,Active,1959335,NA,NA,D,3,1,1728093.89,69.95,2012,12,27.78,49.5
189592,Active,221826,NA,NA,D,1,0,3268866.796,220,2005,10,65.08,200.79
189593,Active,683579,NA,NA,S,2,1,893.825,30.95,2013,25,23.77,23.28
189594,Active,889503,NA,NA,D,1,0,6578945.614,49.95,1999,13,4,112.06
189595,Active,898161,NA,NA,D,2,1,5788409.505,83.95,1996,11,25.11,50.88
189596,Active,386969,NA,NA,D,3,1,532230.8625,79.95,2007,25,18.03,60.63
189597,Active,609192,NA,NA,S,12,1,691653.1488,72.95,2005,68,4,12.77
189598,Active,203439,NA,NA,S,11,1,410224.3363,57.95,2001,64,4,17.38
189599,Active,616174,NA,NA,D,14,1,35365.6125,92.99,2012,73,8.9,30.68
189600,Active,299855,NA,NA,D,13,1,258641.6138,83.99,2009,78,4,32.92
189601,Active,56244,NA,NA,S,4,1,130838.1613,79.95,2005,68,8.2,41.47
189602,Active,636738,NA,NA,S,2,1,442466.3513,120.95,2012,25,19.28,27.99
189603,Active,1725052,NA,NA,S,3,1,388291.9563,159.95,2008,19,33.79,51.67
189604,Active,555343,NA,NA,D,1,0,1906277.95,55,1997,24,4,27.54
189605,Active,3593094,NA,NA,D,4,1,2226740.75,260,2003,22,73.99,95.75
189606,Active,891689,NA,NA,D,1,0,2886545.844,250,2005,8,49.3,49.92
189607,Active,2550997,NA,NA,S,2,1,1512723.263,91.95,2001,25,4.77,90.56
189608,Active,621427,NA,NA,S,2,1,741166.7613,70.99,2006,38,6.38,12.49
189609,Active,889543,NA,NA,D,3,1,3918318.015,340,2000,15,6.25,73.5
189610,Active,2579495,NA,NA,S,2,1,4491580.931,280,1994,17,4.58,82.39
189611,Active,906059,NA,NA,D,4,1,3378684.543,373,2005,18,46.35,108.79
189612,Active,723459,NA,NA,S,2,1,2163609.291,89,2008,17,5.82,55.89
189613,Active,2176688,NA,NA,D,2,1,4590196.065,165,2006,17,11.57,84.09
189614,Active,3148402,NA,NA,D,0,0,2214386.496,120,2001,17,23.68,73.99
189615,Active,625096,NA,NA,S,2,1,389618.1775,99.95,1982,23,32.59,63.98
189616,Active,593253,NA,NA,S,7,1,3819564.686,388.95,2008,22,6.15,78.49
189617,Active,527280,NA,NA,S,8,1,303159.6825,260.95,2012,99,6.12,52.99
189618,Active,54030,NA,NA,S,12,1,19864.82375,228,2011,67,37.33,63.92
189619,Active,630345,NA,NA,S,3,1,710212.72,113.95,1999,17,25.81,75.88
189620,Active,2261956,NA,NA,D,2,1,1889377.97,30.53,2009,45,5.56,32.72
189621,Active,57935,NA,NA,D,6,1,90128.21,76.49,2011,84,12.25,29.46
189622,Active,527272,NA,NA,D,7,1,896442.505,121.95,2012,31,9.41,19.99
189623,Active,620585,NA,NA,D,6,1,910992.395,74.95,2007,49,5.68,43.99
189624,Active,329969,NA,NA,S,2,1,107844.4525,62.95,2005,34,27.24,43.31
189625,Active,536382,NA,NA,D,7,1,6203.51625,104,2012,294,7.85,23.97
189626,Active,146946,NA,NA,S,3,1,2145599.071,59.95,2001,88,3.98,5.46
189627,Active,52579,NA,NA,D,6,1,80910.125,95.95,2010,377,4.29,13.74
189628,Active,52576,NA,NA,S,4,1,1850444.648,67.95,2004,129,4,6.98
189629,Active,52577,NA,NA,D,5,1,769775.4225,82.95,2007,209,4,4.9
189630,Active,3462962,NA,NA,S,8,1,23089,38.95,2016,12,31.98,37.46
189631,Active,527279,NA,NA,S,6,1,612272.145,124,2010,32,12.86,58.99
189632,Active,210902,NA,NA,S,1,0,85454.125,54.95,2005,20,0,40.83
189633,Active,545899,NA,NA,S,4,1,30789.2075,69.95,2012,55,29.98,49.99
189634,Active,638874,NA,NA,S,2,1,2426925.971,109.71,2008,13,9.53,15.78
189635,Active,248827,NA,NA,D,2,1,729634.3763,80.95,2008,113,4,15.46
189636,Active,254023,NA,NA,S,3,1,127017.98,91.95,2011,39,22.38,52.71
189637,Active,609564,NA,NA,D,2,1,2400690.675,54.95,2006,29,4,13.98
189638,Active,592367,NA,NA,D,3,1,904459.5125,60.95,2009,59,4,15.69
189639,Active,57934,NA,NA,D,5,1,1034132.121,13.02,2004,83,4,11.99
189640,Active,360017,NA,NA,D,7,1,220359.76,79.95,2011,40,9.91,56
189641,Active,192891,NA,NA,S,4,1,2549682.235,64.95,2002,84,4.14,6.49
189642,Active,533477,NA,NA,D,7,1,77879.4075,99.95,2011,374,5.99,26.49
189643,Active,54682,NA,NA,D,6,1,273603.0638,85.95,2008,215,4,13.48
189644,Active,868391,NA,NA,S,8,1,217479.0563,77.99,2015,28,41.98,57.87
189645,Active,639681,NA,NA,S,2,1,56877.97625,63.95,2013,41,23.89,0
189646,Active,635959,NA,NA,S,2,1,1986596.844,204.53,2012,19,14.44,162.64
189647,Active,422435,NA,NA,D,2,1,83898.9425,129.2,2012,108,6.48,34.99
189648,Active,116935,NA,NA,D,1,0,639870.5675,109.95,2009,113,4,8.79
189649,Active,901060,NA,NA,D,1,0,1969683.923,65.45,1999,23,4,33.99
189650,Active,577395,NA,NA,D,1,0,1489583.031,68.95,2005,42,4,13.19
189651,Active,367115,NA,NA,D,1,0,630357.4775,57.95,2005,40,4.07,28.99
189652,Active,609918,NA,NA,D,4,1,10757.23625,115.8,2013,94,13.91,85.12
189653,Active,55709,NA,NA,D,3,1,294702.21,110.4,2010,286,4.58,26.99
189654,Active,1826381,NA,NA,S,0,0,42946.15,89.95,2014,34,49.54,57.89
189655,Active,118943,NA,NA,S,2,1,253174.0888,56.2,2006,60,6.68,9.98
189656,Active,55708,NA,NA,S,2,1,903172.98,91.95,2005,142,4.04,8.74
189657,Active,624380,NA,NA,D,1,0,1439303.273,75.95,2008,38,4.79,18.99
189658,Active,667444,NA,NA,D,4,1,512530.3513,13.99,2010,19,4,10.91
189659,Active,477744,NA,NA,D,4,1,409329.7725,87,2010,85,5.68,18.79
189660,Active,617996,NA,NA,S,2,1,948849.3313,44.99,2006,34,4,9.58
189661,Active,918190,NA,NA,D,3,1,2113597.57,129.95,2002,30,4,6.09
189662,Active,2003110,NA,NA,S,2,1,399886.4375,42.5,2015,6,41.46,38.88
189663,Active,633851,NA,NA,S,1,0,163877.1663,92.95,2012,22,51.98,55.98
189664,Active,329974,NA,NA,D,1,0,329224.1738,61.95,2009,24,13.04,144.63
189665,Active,477680,NA,NA,D,1,0,405060.485,99.95,2010,53,6.19,0
189666,Active,210950,NA,NA,D,4,1,59143.19,79.95,2007,81,12.83,38.98
189667,Active,877238,NA,NA,D,2,1,451673.35,35,2005,25,5.01,12.39
189668,Active,241488,NA,NA,S,1,0,1270925.204,30,2001,20,9.64,25.95
189669,Active,660796,NA,NA,S,4,1,19576.9775,39.99,2013,43,21.99,28.77
189670,Active,539430,NA,NA,S,3,1,30122.2625,56.2,2012,57,17.68,35.48
189671,Active,254006,NA,NA,D,7,1,1425733.868,121.95,2011,20,9.33,14.72
189672,Active,743802,NA,NA,D,5,1,3564786.955,113,2007,13,4,21.24
189673,Active,743930,NA,NA,D,6,1,1103377.395,69.95,2010,12,4.93,5.44
189674,Active,540993,NA,NA,D,7,1,262944.24,152.68,2012,14,18.93,145.88
189675,Active,522983,NA,NA,D,8,1,873511.8163,163.16,2012,17,7.12,158.84
189676,Active,501166,NA,NA,D,8,1,1079662.406,79.95,2012,13,13.77,58.08
189677,Active,106731,NA,NA,S,13,1,239384.3988,35,2010,38,4,14.29
189678,Active,633960,NA,NA,S,3,1,1468647.124,109,2009,14,44.63,68.98
189679,Active,294152,NA,NA,S,2,1,949022.6863,34.95,2006,20,14.99,56.94
189680,Active,664584,NA,NA,S,2,1,8934.1925,44.95,2014,45,25.06,26.42
189681,Active,616955,NA,NA,D,1,0,61385.0575,35.95,2007,149,7.09,18.94
189682,Active,294842,NA,NA,D,3,1,21585.47375,155,2011,69,18.32,45.98
189683,Active,285041,NA,NA,D,7,1,575357.3488,198,2008,51,5.31,31.69
189684,Active,606756,NA,NA,D,6,1,1382941.034,174,2005,58,4,19.59
189685,Active,864723,NA,NA,S,9,1,21203.99875,57,2014,68,17.19,31.47
189686,Active,106832,NA,NA,D,8,1,532373.96,61,2011,98,4.82,16.09
189687,Active,606779,NA,NA,D,7,1,1146642.958,58.95,2008,76,4,12.19
189688,Active,866663,NA,NA,S,9,1,15916.82125,67,2014,62,31.7,42.48
189689,Active,700677,NA,NA,D,6,1,1799677.464,52.95,2005,31,4,10.99
189690,Active,106560,NA,NA,D,7,1,1057041.029,54.95,2008,43,4,16.89
189691,Active,106800,NA,NA,D,8,1,69977.595,213,2011,80,13.91,42.99
189692,Active,549536,NA,NA,S,5,1,1464743.58,155,2002,35,5.46,15.41
189693,Active,610294,NA,NA,D,3,1,45858.9325,189,2013,56,10.89,35.3
189694,Active,106725,NA,NA,D,2,1,695428.0425,162,2010,52,4.12,20.74
189695,Active,106246,NA,NA,D,1,0,1226449.903,135,2007,40,6.37,45.99
189696,Active,621029,NA,NA,S,1,0,773263.8938,61,2010,34,4,9.99
189697,Active,644353,NA,NA,S,3,1,193738.8288,88,2013,54,6.99,23.11
189698,Active,914118,NA,NA,D,1,0,4106454.303,49.95,2002,20,4,18.94
189699,Active,206346,NA,NA,D,3,1,1106801.931,100,2005,15,4.99,22.99
189700,Active,618211,NA,NA,D,2,1,1797741.253,57.95,2006,43,4,10.99
189701,Active,629780,NA,NA,D,3,1,1104381.616,46.95,2010,35,4,34.87
189702,Active,625127,NA,NA,S,2,1,2480957.434,36.95,2005,25,4,12.49
189703,Active,630049,NA,NA,D,4,1,417301.6913,71,2010,51,4.1,35.19
189704,Active,542911,NA,NA,D,3,1,1267668.006,53.25,2007,24,4,14.98
189705,Active,611958,NA,NA,S,5,1,194328.31,109,2014,22,44.69,57.45
189706,Active,617383,NA,NA,D,1,0,523807.0163,49.95,2009,37,4.38,10.76
189707,Active,649529,NA,NA,S,2,1,117175.9238,176.25,2013,48,14.68,70.2
189708,Active,330010,NA,NA,S,2,1,476309.7113,111,2011,85,4.46,18.42
189709,Active,544637,NA,NA,D,7,1,76353.06625,128.95,2012,66,10.4,53.08
189710,Active,200580,NA,NA,D,6,1,686656.2588,98.95,2010,68,4,28.84
189711,Active,200332,NA,NA,S,5,1,1251554.501,113.95,2007,53,4,6.07
189712,Active,576763,NA,NA,D,3,1,3588295.799,51.31,2006,25,4,10.99
189713,Active,293898,NA,NA,D,3,1,1355160.786,70.58,2006,44,4,31.29
189714,Active,200724,NA,NA,D,4,1,331383.0575,89,2009,66,4.13,14.93
189715,Active,629081,NA,NA,S,5,1,80473.34625,207.75,2014,38,43.79,68.98
189716,Active,545149,NA,NA,D,4,1,352056.8075,189.95,2008,77,4.98,23.96
189717,Active,631608,NA,NA,D,2,1,858655.1025,65,2009,55,4,7.77
189718,Active,621986,NA,NA,D,1,0,395192.3075,112,2008,39,6.04,75.85
189719,Active,202237,NA,NA,D,2,1,228096.74,99.95,2003,55,8.7,37.75
189720,Active,2019354,NA,NA,S,2,1,53831.975,39.95,2014,18,25.85,26.43
189721,Active,649820,NA,NA,D,1,0,521988.0938,64.95,2012,23,6.94,19.99
189722,Active,620287,NA,NA,D,1,0,563840.0725,65.2,2008,34,4.54,0
189723,Active,616204,NA,NA,S,1,0,974760.4725,83.8,2005,59,4,8.68
189724,Active,527270,NA,NA,S,4,1,38577.0875,49.99,2009,41,23.96,29.81
189725,Active,655363,NA,NA,S,0,0,48305.275,55,2012,45,23.5,34.67
189726,Active,1592535,NA,NA,S,2,1,1311168.18,110,2007,53,46.9,83.37
189727,Active,250582,NA,NA,S,3,1,65050.12375,87.95,2009,54,14.97,23.98
189728,Active,2560123,NA,NA,D,2,1,2147791.899,126,1979,32,4,28.98
189729,Active,442752,NA,NA,S,0,0,855188.5488,85,2012,28,19.15,54.51
189730,Active,2679906,NA,NA,S,10,1,5057298.088,72.95,1996,18,4.44,33.31
189731,Active,545278,NA,NA,S,12,1,275207.1638,115,2012,55,41.98,54.98
189732,Active,548047,NA,NA,D,0,0,2383604.931,39.45,1989,19,5.99,57.45
189733,Active,123939,NA,NA,S,2,1,431260.7825,239.95,1999,30,43.94,61.88
189734,Active,322460,NA,NA,D,4,1,13396.28125,175.4,2012,116,8.02,37.09
189735,Active,632092,NA,NA,S,4,1,143638.21,182.73,2012,31,18.38,139.04
189736,Active,57402,NA,NA,S,0,0,340773.1,100.8,2004,61,4,32.45
189737,Active,55706,NA,NA,S,6,1,25697.5525,140.4,2010,59,40.49,73.99
189738,Active,55703,NA,NA,D,3,1,931063.7163,47,1999,31,5.51,7.61
189739,Active,55705,NA,NA,D,5,1,380869.735,95.4,2007,25,5.16,224.46
189740,Active,55704,NA,NA,D,4,1,376675.8488,78.8,2002,48,5.8,27.19
189741,Active,60720,NA,NA,D,4,1,1092805.719,60,2002,48,4.24,24.08
189742,Active,118883,NA,NA,D,5,1,392493.8338,74.2,2007,42,4.38,44.23
189743,Active,712358,NA,NA,D,4,1,1098683.34,65,2002,30,4,28.99
189744,Active,623877,NA,NA,D,5,1,793250.5313,78,2007,27,4.73,48.65
189745,Active,133282,NA,NA,S,6,1,189455.2813,107.2,2010,32,29.99,63.98
189746,Active,114660,NA,NA,S,4,1,668676.5613,65,2002,40,4,37.85
189747,Active,118204,NA,NA,D,5,1,808122.0763,78,2007,30,5.43,48.09
189748,Active,527265,NA,NA,S,3,1,271321.2588,109.2,2002,38,23.64,108.95
189749,Active,870246,NA,NA,D,0,0,1382350.711,256.58,2003,29,14.08,79.81
189750,Active,131588,NA,NA,D,1,0,325327.4625,114.6,2003,89,10.63,51.59
189751,Active,200486,NA,NA,S,5,1,58014.8525,96.95,2011,50,27.96,38.99
189752,Active,555671,NA,NA,S,0,0,34909.875,94.95,2008,35,34.79,84
189753,Active,615155,NA,NA,S,2,1,2604006.246,54.95,2000,27,4,12.23
189754,Active,622007,NA,NA,D,3,1,730445.9525,59.95,2007,54,4.9,21.61
189755,Active,208610,NA,NA,D,2,1,813024.7288,56,1999,62,4,8.98
189756,Active,132419,NA,NA,D,3,1,612859.5663,74.33,2007,28,20.39,132.31
189757,Active,118163,NA,NA,D,8,1,605524.58,80.2,2007,56,4,38.99
189758,Active,114473,NA,NA,D,7,1,1170444.386,73.6,2002,46,4,12.99
189759,Active,177328,NA,NA,D,1,0,875558.7688,163.95,2005,41,4,28.99
189760,Active,243870,NA,NA,S,2,1,225672.0125,165.95,2011,32,42.05,128.99
189761,Active,621554,NA,NA,S,3,1,112818.01,74.2,1973,62,17.11,44.43
189762,Active,110777,NA,NA,D,5,1,138867.7513,42.48,2010,87,7.97,43.98
189763,Active,527263,NA,NA,S,2,1,70996.99375,158,2007,68,18.14,65.26
189764,Active,55701,NA,NA,D,3,1,447659.3025,93.95,1999,29,4,43.95
189765,Active,55702,NA,NA,D,4,1,277311.8425,273.95,2004,47,18.98,28.74
189766,Active,60721,NA,NA,D,1,0,366839.055,90.6,2004,36,4.91,23.44
189767,Active,108499,NA,NA,S,2,1,241517.5088,50.29,1999,31,17.72,91.93
189768,Active,60722,NA,NA,D,1,0,2653743.305,98.95,1997,26,4,40.11
189769,Active,527262,NA,NA,S,2,1,170587.0825,249.95,2005,47,16.4,81.62
189770,Active,200572,NA,NA,D,1,0,99876.4,111.95,2010,76,4,35.61
189771,Active,610105,NA,NA,S,9,1,12710.4425,89.95,2013,70,41.8,63.99
189772,Active,55820,NA,NA,D,8,1,76179.22375,52.75,2011,58,5.95,38.99
189773,Active,257019,NA,NA,S,2,1,902196.1113,0,1995,21,23.48,93.45
189774,Active,538025,NA,NA,D,6,1,1360466.795,6.52,2004,88,4,20.46
189775,Active,57248,NA,NA,D,8,1,53005.8425,85.95,2010,57,11.49,53.92
189776,Active,60727,NA,NA,S,6,1,734955.1313,43.9,2002,33,8.26,42.31
189777,Active,717525,NA,NA,D,7,1,605349.7825,92.95,1998,46,4,31.94
189778,Active,765040,NA,NA,S,7,1,3037728.818,85.95,1998,40,4.13,10.91
189779,Active,52653,NA,NA,S,8,1,1693718.16,93.95,2001,58,4,13.89
189780,Active,535321,NA,NA,D,12,1,23890.73875,203.95,2013,69,27.96,122.59
189781,Active,533657,NA,NA,D,11,1,102321.1313,223.95,2010,51,19.17,73.65
189782,Active,60725,NA,NA,D,10,1,537060.275,218.95,2008,53,4,40.59
189783,Active,552178,NA,NA,S,9,1,177937.0875,168,2003,61,22,79.83
189784,Active,710563,NA,NA,D,8,1,1910062.465,67,1999,37,4,23.99
189785,Active,53200,NA,NA,D,7,1,293007.4138,38.99,2007,40,16.14,29.98
189786,Active,53199,NA,NA,D,8,1,217960.0813,31.89,2010,75,5.98,27.99
189787,Active,554687,NA,NA,D,8,1,1577677.778,150.95,2002,36,4.31,58.37
189788,Active,451714,NA,NA,D,10,1,160548.4363,208.95,2008,43,25.71,79.21
189789,Active,617756,NA,NA,S,4,1,270185.485,61.99,1993,37,14.67,44.54
189790,Active,57245,NA,NA,D,7,1,86233.4475,79.95,2008,65,11.49,33.74
189791,Active,57243,NA,NA,S,5,1,1401699.054,71.95,2002,60,4,7.42
189792,Active,57244,NA,NA,D,6,1,207834.2163,79.95,2005,77,4.71,12.55
189793,Active,55819,NA,NA,D,7,1,587275.3288,240.86,2007,24,11.89,190.93
189794,Active,615650,NA,NA,S,1,0,38193.9,99.95,2002,28,45.22,85.77
189795,Active,624676,NA,NA,D,1,0,28615.86625,89.95,2012,58,13.7,0
189796,Active,2251149,NA,NA,S,7,1,466640.4088,151.85,2006,18,15.82,135.88
189797,Active,246348,NA,NA,S,2,1,736966.6688,66.95,2003,37,4.88,38.02
189798,Active,3614324,NA,NA,D,2,1,632519,39.95,1983,76,4,42.77
189799,Active,60726,NA,NA,D,9,1,1160151.55,165.95,2005,41,4,48.01
189800,Active,156614,NA,NA,S,1,0,298690.2138,40.95,1999,43,11.21,30.51
189801,Active,217409,NA,NA,S,2,1,747784.885,47,2000,34,9.49,22.99
189802,Active,217277,NA,NA,D,2,1,780022.1988,32,2006,86,4,23.99
189803,Active,914987,NA,NA,D,0,0,727972.3288,35.95,2000,27,5.27,44.48
189804,Active,539887,NA,NA,S,6,1,119655.7088,89.95,2012,51,38.25,73.28
189805,Active,158161,NA,NA,S,2,1,259333.485,45.95,2008,36,12.99,34.77
189806,Active,527261,NA,NA,S,1,0,76463.85625,108.95,1995,49,40.33,96.89
189807,Active,650635,NA,NA,S,2,1,547183.5538,41.95,2005,39,7.98,33.49
189808,Active,2593155,NA,NA,S,2,1,605121.075,84.99,1984,34,25.63,58.97
189809,Active,246477,NA,NA,S,2,1,259962.1788,49.95,2006,49,10.27,32.97
189810,Active,527260,NA,NA,S,1,0,50112.4475,71.95,2002,55,21.81,64.98
189811,Active,527259,NA,NA,S,3,1,240548.1263,44,2010,47,22.4,27.94
189812,Active,911112,NA,NA,D,2,1,1038266.595,42.95,2004,34,5.61,40.67
189813,Active,60724,NA,NA,D,3,1,1949980.57,63.95,2000,37,4,26.93
189814,Active,287227,NA,NA,S,1,0,77948.49875,97.95,2000,34,26.7,40.22
189815,Active,169365,NA,NA,D,5,1,656314.3038,187.95,2007,52,4.76,51.15
189816,Active,60723,NA,NA,D,4,1,987620.9888,94.95,2002,56,4,44.93
189817,Active,126430,NA,NA,S,3,1,224093.2713,77.95,1998,47,28.04,63.94
189818,Active,717421,NA,NA,S,3,1,886415.4388,64.95,1997,38,6.78,29.99
189819,Active,569667,NA,NA,S,2,1,699403.68,128.95,1998,39,5.98,38.99
189820,Active,243906,NA,NA,D,6,1,215647.5875,177.95,2011,45,28.41,58.77
189821,Active,169151,NA,NA,S,4,1,127225.695,114.95,2006,49,23.99,87.83
189822,Active,626681,NA,NA,S,2,1,63696.57875,86.25,2012,36,47.19,67.39
189823,Active,222220,NA,NA,D,1,0,266227.34,80,2010,34,13.99,0
189824,Active,195065,NA,NA,S,5,1,657917.915,59.95,2007,51,4,28.99
189825,Active,629200,NA,NA,S,6,1,45091.175,66,2012,17,37.89,50.61
189826,Active,217349,NA,NA,D,4,1,343992.7275,40,2012,26,4.76,33.98
189827,Active,217288,NA,NA,D,3,1,1178364.043,38,2007,31,8.22,21.49
189828,Active,355646,NA,NA,D,0,0,406031.49,62.95,2003,33,19.15,0
189829,Active,887707,NA,NA,D,2,1,6616974.776,24.95,1997,19,5.1,16.38
189830,Active,906200,NA,NA,D,2,1,4875046.15,29.95,2000,21,3.87,58.51
189831,Active,53242,NA,NA,S,7,1,3439038.288,99,2002,63,3.99,9.11
189832,Active,53243,NA,NA,S,8,1,754407.5238,164,2006,95,4,30.09
189833,Active,620640,NA,NA,D,2,1,2473902.484,147.95,2001,24,4,30.75
189834,Active,594671,NA,NA,S,0,0,350108.6825,100.95,2012,19,30.81,51.49
189835,Active,550454,NA,NA,D,3,1,382965.5038,100.5,2012,51,13.45,44.3
189836,Active,527255,NA,NA,D,3,1,282837.5475,76.95,2011,51,12.84,76.95
189837,Active,386548,NA,NA,D,2,1,426760.465,62.95,2007,44,6.2,22.98
189838,Active,876966,NA,NA,S,4,1,2473103.615,39.88,2007,15,46.31,27.83
189839,Active,60728,NA,NA,S,3,1,456602.6263,51.95,2002,73,6.59,23.98
189840,Active,270797,NA,NA,D,5,1,24328.2975,79.99,2011,118,8.53,44.03
189841,Active,367123,NA,NA,D,4,1,198773.9538,66.99,2007,82,6.98,37.21
189842,Active,203467,NA,NA,S,2,1,176754.9175,43.95,2003,35,26.33,602.7
189843,Active,609217,NA,NA,D,3,1,585233.585,59.95,2008,55,5.54,38.94
189844,Active,270982,NA,NA,D,4,1,104299.0313,75.99,2011,70,12.99,17.49
189845,Active,607282,NA,NA,D,7,1,207551.915,59.2,2004,57,6.74,36.98
189846,Active,553600,NA,NA,D,8,1,70031.43625,89.2,2009,94,9.68,78.15
189847,Active,627892,NA,NA,S,2,1,1107752.228,72.95,2012,19,25.98,0
189848,Active,2258908,NA,NA,D,1,0,1804970.588,37.4,2007,36,6.6,53.8
189849,Active,631712,NA,NA,D,1,0,858064.6763,53.33,2007,40,4,25
189850,Active,249727,NA,NA,D,1,0,976086.5463,120.95,2006,37,7.7,51.38
189851,Active,615647,NA,NA,D,2,1,1163519.135,42.95,2003,48,4,38.42
189852,Active,619768,NA,NA,S,3,1,58633.70875,64.95,2011,54,23.99,39.49
189853,Active,594686,NA,NA,S,1,0,461685.9288,136.95,2012,24,15.69,64.66
189854,Active,286188,NA,NA,D,10,1,532488.4613,32.4,2009,39,4.64,38.99
189855,Active,539296,NA,NA,S,11,1,18077.37375,42.6,2013,49,31.26,33.53
189856,Active,626450,NA,NA,S,2,1,586634.6225,69.2,2003,27,11.89,33.99
189857,Active,619846,NA,NA,S,10,1,243484.9325,40.8,2005,33,12.99,24.73
189858,Active,676095,NA,NA,S,9,1,428582.605,29.95,2005,74,5.74,15.48
189859,Active,865754,NA,NA,S,10,1,23519.8025,32.95,2011,32,19.97,20.98
189860,Active,56270,NA,NA,S,3,1,1830688.866,32,1999,101,3.99,4
189861,Active,56268,NA,NA,S,4,1,316406.455,36.99,2004,108,3.9,5.98
189862,Active,533369,NA,NA,D,6,1,60135.89625,51.6,2012,40,23.93,36.93
189863,Active,56269,NA,NA,D,5,1,169809.22,44.99,2008,101,4,13.94
189864,Active,416669,NA,NA,S,3,1,330249.865,36.95,2011,41,4.98,32.98
189865,Active,663507,NA,NA,S,4,1,1464380.053,44.99,2013,20,13.52,22.5
189866,Active,655466,NA,NA,S,2,1,419564.7975,49.95,2012,19,34.43,32.46
189867,Active,527253,NA,NA,S,2,1,166462.3888,19.95,2009,30,4.61,48.49
189868,Active,1439893,NA,NA,S,2,1,190611.975,41.75,2011,18,6.13,13.99
189869,Active,235136,NA,NA,S,4,1,8763.70375,60.75,2011,56,31.99,39.76
189870,Active,235117,NA,NA,D,3,1,170472.2613,34.95,2005,51,10.23,19.47
189871,Active,619032,NA,NA,D,0,0,253676.8188,44.95,2003,43,7.09,47.69
189872,Active,2664304,NA,NA,D,3,1,2228608.483,67,1997,22,4.75,26.56
189873,Active,2663136,NA,NA,S,2,1,3412296.949,55,1991,19,4,37.57
189874,Active,627512,NA,NA,S,3,1,218264.6375,41.95,2008,26,25.76,32.99
189875,Active,2524327,NA,NA,D,2,1,728376.3763,54.95,2005,17,33.99,75.46
189876,Active,649709,NA,NA,S,1,0,262115.2675,54.99,2012,45,32.95,32.95
189877,Active,57022,NA,NA,S,6,1,518630.8963,81,1997,135,4,14.49
189878,Active,157537,NA,NA,D,4,1,204235.625,41.95,2009,30,7.71,23.99
189879,Active,57018,NA,NA,S,7,1,102737.8175,116.4,2001,119,4.48,11.99
189880,Active,336295,NA,NA,S,2,1,2003304.671,39.95,2000,38,4,18.99
189881,Active,655670,NA,NA,S,3,1,841618.48,51.42,2010,17,24.87,73.39
189882,Active,428532,NA,NA,D,3,1,42122.045,158,2010,63,30.72,85.78
189883,Active,710469,NA,NA,D,0,0,1847194.279,83,2002,30,4.53,51.2
189884,Active,422019,NA,NA,D,2,1,309942.0625,111.8,2006,51,6.53,23.99
189885,Active,625043,NA,NA,S,5,1,330679.5225,79.95,2002,54,4.54,50.19
189886,Active,615776,NA,NA,S,1,0,207980.5613,137,2003,57,4,57.47
189887,Active,405179,NA,NA,D,3,1,928361.4063,48.95,2004,37,4,42.99
189888,Active,906606,NA,NA,S,0,0,29659.7775,50,2014,45,11.49,23.23
189889,Active,621131,NA,NA,S,1,0,45678.89,49.95,2002,37,13.42,0
189890,Active,860443,NA,NA,S,2,1,554636.5013,125.95,2011,36,32.45,63.99
189891,Active,615045,NA,NA,S,2,1,828917.6763,219.95,2001,101,4.36,46.97
189892,Active,608964,NA,NA,S,6,1,15035.06,59.95,2008,109,15.77,32.85
189893,Active,3552995,NA,NA,D,0,0,2536706.1,62.5,1995,35,7.98,38.98
189894,Active,144606,NA,NA,D,1,0,329970.0813,59.99,2004,68,4,8.69
189895,Active,1932504,NA,NA,D,1,0,177276.51,49.99,2013,25,7.97,12
189896,Active,649497,NA,NA,S,1,0,70093.45625,39.99,2013,42,13.43,23.94
189897,Active,1989666,NA,NA,S,2,1,137955.4338,49.99,2014,26,30.53,31.79
189898,Active,646931,NA,NA,S,1,0,482827.8775,49.99,2013,28,29.1,79.01
189899,Active,614440,NA,NA,D,1,0,1096540.37,64.99,2006,60,4,8.81
189900,Active,860151,NA,NA,S,1,0,1436221.348,49.99,2010,26,4.3,27.62
189901,Active,547224,NA,NA,S,1,0,717316.6988,44.95,2012,53,7.87,16.68
189902,Active,655408,NA,NA,S,1,0,44039.975,54.99,2012,34,11.06,28.99
189903,Active,1989668,NA,NA,S,1,0,84530.175,44.99,2014,19,26.29,28.48
189904,Active,181964,NA,NA,S,1,0,946692.9988,39.99,2007,94,4,12.52
189905,Active,527248,NA,NA,S,4,1,622272.835,54.99,2010,38,7.51,34.9
189906,Active,621442,NA,NA,D,0,0,646871.6375,54.99,2005,48,4,28.74
189907,Active,635645,NA,NA,S,2,1,326931.4575,59.99,2012,54,33.95,41.06
189908,Active,193942,NA,NA,S,2,1,1531087.944,49.99,2003,54,4,6.99
189909,Active,1719620,NA,NA,D,0,0,399443.4263,75,2007,27,6.28,59.71
189910,Active,582477,NA,NA,D,2,1,91869.28,100,2009,41,28.48,57.92
189911,Active,225798,NA,NA,D,2,1,1292196.141,106.95,2003,25,11.07,57.26
189912,Active,891313,NA,NA,D,0,0,2004559.789,99.95,1999,13,16.16,61.41
189913,Active,616401,NA,NA,S,1,0,49374.075,59.95,2004,46,16.57,25.99
189914,Active,665313,NA,NA,S,3,1,415836.3675,54.99,2012,33,23.84,0
189915,Active,644632,NA,NA,S,2,1,186405.775,39.99,2012,26,10.18,24.66
189916,Active,146775,NA,NA,S,4,1,29219.485,44.99,2011,43,18.04,29.49
189917,Active,608858,NA,NA,S,2,1,2180535.228,49.99,2003,42,3.98,9.7
189918,Active,259244,NA,NA,D,1,0,1995125.049,39.95,2002,54,4,5.66
189919,Active,527242,NA,NA,D,2,1,214949.485,44.99,2006,50,4.08,12
189920,Active,610224,NA,NA,S,3,1,92307.635,59.99,2014,28,15.28,34.24
189921,Active,773454,NA,NA,D,1,0,1632788.821,184.95,2005,41,4,10.85
189922,Active,1781310,NA,NA,S,1,0,10322.95,80,2015,11,46.47,40.82
189923,Active,527241,NA,NA,S,4,1,9688.81625,59.99,2012,50,18.86,28.97
189924,Active,161669,NA,NA,D,2,1,359177.9013,59.99,2007,41,4.27,12.79
189925,Active,624488,NA,NA,D,0,0,1001936.629,59.99,2003,37,4,29.97
189926,Active,162755,NA,NA,D,3,1,552347.9575,59.99,2009,62,4.67,21.99
189927,Active,2085874,NA,NA,S,0,0,44204.475,48.99,2013,13,33.98,33.98
189928,Active,620838,NA,NA,S,2,1,198589.3863,59.99,2007,42,21.13,41.08
189929,Active,1437427,NA,NA,S,1,0,588364.9525,50,2014,40,25.07,30.77
189930,Active,1437642,NA,NA,S,1,0,48752.075,40,2014,15,19.54,25.89
189931,Active,2257157,NA,NA,S,7,1,770175.4325,60.22,2010,41,7.48,23.51
189932,Active,620258,NA,NA,D,7,1,290907.7463,71.95,2010,58,4.51,13.76
189933,Active,827494,NA,NA,S,4,1,4167203.953,42.95,1999,33,3.99,4.36
189934,Active,661209,NA,NA,D,7,1,534129.1838,82.95,2010,27,10.78,53.93
189935,Active,636197,NA,NA,D,6,1,1238012.421,61.95,2006,27,4.67,23.99
189936,Active,614488,NA,NA,D,6,1,965273.8425,61.95,2006,85,4,6.99
189937,Active,231557,NA,NA,D,2,1,856113.1463,31.95,2004,15,4,52.31
189938,Active,231555,NA,NA,D,3,1,1397586.604,46.95,2007,25,6.48,6.48
189939,Active,200215,NA,NA,D,2,1,1931168.158,79.95,2006,31,4,4.39
189940,Active,157467,NA,NA,S,2,1,86577.3575,67.95,2009,36,16.22,53.52
189941,Active,904840,NA,NA,D,1,0,4551814.176,59.95,2003,20,4.98,48.61
189942,Active,613793,NA,NA,D,1,0,1443323.509,74,2003,50,4,14.04
189943,Active,527236,NA,NA,S,2,1,70691.62625,76.95,2008,38,39.44,59.12
189944,Active,868439,NA,NA,S,3,1,71285.12625,69.95,2014,40,25.19,45.81
189945,Active,534675,NA,NA,S,4,1,17272.645,86.95,2012,55,51.99,49.26
189946,Active,57931,NA,NA,D,2,1,943889.0913,54.95,2003,70,4,13.94
189947,Active,57932,NA,NA,D,3,1,195811.7563,85.95,2008,59,12.94,45.79
189948,Active,56500,NA,NA,S,17,1,2412301.645,8.94,2007,52,4,13
189949,Active,537521,NA,NA,D,22,1,280101.765,39.97,2012,66,4.72,39.97
189950,Active,111995,NA,NA,D,21,1,398587.065,54.25,2011,61,4,24.51
189951,Active,663603,NA,NA,D,23,1,59643.44625,43.52,2013,54,4.84,46.63
189952,Active,109064,NA,NA,D,9,1,2700777.705,125.75,2006,25,4.98,19.98
189953,Active,2273386,NA,NA,S,22,1,490377.0038,100.95,2012,29,43.21,124.52
189954,Active,110405,NA,NA,D,10,1,89476.53625,71.97,2010,46,7.86,53.98
189955,Active,550269,NA,NA,D,9,1,929348.7013,18.98,2005,53,4,18.98
189956,Active,276091,NA,NA,D,3,1,794709.8838,44.95,2003,22,4.27,19.3
189957,Active,547080,NA,NA,D,4,1,140302.7225,54.95,2009,31,13.03,52.99
189958,Active,542632,NA,NA,S,3,1,74251.475,32,2011,21,16.98,24.26
189959,Active,763167,NA,NA,D,1,0,2437434.741,79.95,2000,17,6.38,17.99
189960,Active,566202,NA,NA,S,2,1,463422.1213,112.95,2009,35,43.85,63.99
189961,Active,527231,NA,NA,S,2,1,31362.7675,149,2012,49,49.98,74.1
189962,Active,218730,NA,NA,D,1,0,220553.87,149,2008,26,21.7,52.98
189963,Active,222276,NA,NA,S,4,1,2642297.889,55,2002,16,4,18.99
189964,Active,632030,NA,NA,S,1,0,196979.1613,112,2013,55,25.38,35.99
189965,Active,2423752,NA,NA,S,3,1,263581.8463,109,1983,30,22.99,135.27
189966,Active,571876,NA,NA,S,4,1,91703.14875,378.95,2002,74,17.12,47.44
189967,Active,608169,NA,NA,D,3,1,1321693.458,129.75,1999,23,4,28.99
189968,Active,849668,NA,NA,D,0,0,3799762.178,34.36,1999,18,4.02,72.69
189969,Active,566306,NA,NA,D,0,0,1763058.769,0,1996,36,4.06,0
189970,Active,566551,NA,NA,D,3,1,260265.5263,53.99,2000,22,6.23,53.46
189971,Active,907226,NA,NA,S,3,1,998533.4875,120,2008,18,9.62,74.59
189972,Active,146172,NA,NA,D,2,1,473697.9188,185.4,2009,30,11.99,71.31
189973,Active,640571,NA,NA,D,1,0,1179060.861,135,2007,23,4.48,67.88
189974,Active,276761,NA,NA,S,3,1,34292.05,132.5,2000,43,39.94,85.11
189975,Active,875185,NA,NA,S,2,1,141790.6238,59.95,2010,19,49.48,50.47
189976,Active,129037,NA,NA,D,0,0,650257.6263,66.44,2005,24,5.48,76.52
189977,Active,192081,NA,NA,D,1,0,523462.115,46.98,2005,47,4.49,6.59
189978,Active,1475488,NA,NA,D,2,1,433943.4725,72.74,2013,9,55.91,54.03
189979,Active,656327,NA,NA,S,4,1,34722,94.5,2004,32,25.55,68.98
189980,Active,60729,NA,NA,D,1,0,597436.385,162.6,2005,63,5.12,36.99
189981,Active,774296,NA,NA,D,8,1,1481101.696,85.2,2006,27,4,45.4
189982,Active,545163,NA,NA,D,9,1,473001.8975,73.99,2010,44,7.25,55.13
189983,Active,252663,NA,NA,D,9,1,635266.9175,86.06,2010,28,36.39,113.02
189984,Active,774297,NA,NA,D,8,1,1340889.403,85.2,2006,22,4.78,32.52
189985,Active,527229,NA,NA,S,7,1,306810.6525,39,2010,38,9.26,13.47
189986,Active,803793,NA,NA,D,1,0,2095377.964,189,2005,15,5.15,79.64
189987,Active,635147,NA,NA,D,2,1,1105257.23,206,2009,20,48.95,98.98
189988,Active,1517807,NA,NA,S,2,1,128371.265,42.95,2007,33,7.99,29.96
189989,Active,584032,NA,NA,D,0,0,3763938.766,62,1995,27,4,55
189990,Active,193976,NA,NA,S,2,1,125803.0138,99,2004,64,20.36,27.48
189991,Active,527228,NA,NA,S,3,1,18408.94125,95.95,2012,57,43.85,52.35
189992,Active,147227,NA,NA,D,2,1,656347.2275,82.95,2006,69,4.49,23.97
189993,Active,212541,NA,NA,D,11,1,600764.9213,92.73,2005,27,4.72,22.93
189994,Active,146099,NA,NA,D,12,1,397103.6363,121.67,2009,33,11.61,24.98
189995,Active,293285,NA,NA,S,3,1,87061.61,42,2010,57,20.39,22.48
189996,Active,194143,NA,NA,S,3,1,119723.335,69,2008,51,17.88,35.59
189997,Active,529710,NA,NA,D,6,1,169780.97,171.66,2011,32,4.91,63.98
189998,Active,880701,NA,NA,D,6,1,25769.65,63.98,2012,41,14.58,63.98
189999,Active,53982,NA,NA,D,5,1,191746.2825,99.95,2007,469,4,6.97
190000,Active,53981,NA,NA,S,4,1,461864.5425,88.95,2003,249,4,10.77
190001,Active,595632,NA,NA,S,5,1,460586.7475,63.34,2012,24,13.78,66.51
190002,Active,194039,NA,NA,S,3,1,146766.6363,64,2004,22,19.66,56.48
190003,Active,908357,NA,NA,D,8,1,919783.5913,18.99,2004,28,4.58,18.99
190004,Active,629095,NA,NA,D,4,1,18637.9925,99,2013,73,23.99,53.99
190005,Active,566418,NA,NA,D,2,1,1312543.47,22.79,2001,42,4.05,22.98
190006,Active,126513,NA,NA,D,3,1,514359.9588,102.95,2003,47,4.35,41.32
190007,Active,564736,NA,NA,S,1,0,628690.0125,33.95,2009,31,7.95,24.87
190008,Active,711818,NA,NA,D,7,1,637337.79,93,2001,73,4,14.99
190009,Active,657982,NA,NA,S,7,1,802978.3425,69.84,2010,11,31.21,73.32
190010,Active,606826,NA,NA,S,9,1,617731.7488,94.06,2002,83,4,18.98
190011,Active,60730,NA,NA,S,7,1,625108.2488,56.59,2006,30,7.05,33.27
190012,Active,575916,NA,NA,S,3,1,105453.3663,126.95,2011,51,27.55,71.69
190013,Active,51436,NA,NA,D,13,1,65192.2,110.63,2009,56,7.14,33.99
190014,Active,517747,NA,NA,D,1,0,416426.4175,22.98,2010,92,6.46,22.79
190015,Active,617787,NA,NA,S,6,1,294803.4213,121.25,2004,29,4.44,131.39
190016,Active,533915,NA,NA,S,6,1,123005.2325,275.95,2006,41,28.98,169.12
190017,Active,534109,NA,NA,S,12,1,467419.7413,162.5,2007,39,5.3,27.99
190018,Active,915877,NA,NA,D,5,1,2384228.21,114,2003,35,3.77,18.98
190019,Active,533883,NA,NA,D,8,1,351242.6775,109.14,2008,44,4.99,45.02
190020,Active,60731,NA,NA,D,5,1,1947667.446,241.95,2004,34,4,54.31
190021,Active,1657851,NA,NA,S,4,1,4414658.184,55.42,2009,9,4,91.83
190022,Active,714848,NA,NA,S,2,1,437780.9475,120.2,2002,28,41.98,90.63
190023,Active,631696,NA,NA,D,2,1,213744.075,91.95,2008,39,18.93,57.48
190024,Active,789267,NA,NA,D,4,1,1555119.894,235,2004,10,13.97,48.74
190025,Active,908329,NA,NA,D,1,0,930878.4488,150,2004,23,22.99,75.74
190026,Active,603372,NA,NA,D,2,1,683731.0475,165,2009,28,43.84,48.99
190027,Active,803878,NA,NA,D,3,1,2194017.071,239,2006,18,7.53,165.3
190028,Active,593978,NA,NA,D,4,1,777585.1675,315,2010,18,101.97,172.21
190029,Active,527221,NA,NA,S,2,1,136697.6438,58.99,2012,25,27.18,31.31
190030,Active,248912,NA,NA,S,3,1,339621.995,55.95,2007,38,37.83,0
190031,Active,257587,NA,NA,D,2,1,1548667.876,0,2001,17,7.5,0
190032,Active,903130,NA,NA,D,1,0,3169476.705,106.95,2005,21,30.49,74.99
190033,Active,527220,NA,NA,S,3,1,626892.3625,89.99,2013,29,50.39,59.4
190034,Active,578984,NA,NA,S,3,1,2460183.734,59,1994,47,4,6.32
190035,Active,293104,NA,NA,D,3,1,886837.3825,142.95,2004,31,8.59,63.83
190036,Active,210929,NA,NA,D,5,1,95454.3425,89.95,2006,97,18.18,38.94
190037,Active,625355,NA,NA,S,0,0,80300.73375,119.5,2007,51,33.88,66.99
190038,Active,118178,NA,NA,S,0,0,244350.4113,118.25,2006,38,28.99,61.99
190039,Active,51842,NA,NA,D,9,1,37998,64.48,2011,59,17.93,132.49
190040,Active,51840,NA,NA,S,6,1,809074.7938,14.95,2004,48,4.19,14.95
190041,Active,51843,NA,NA,D,8,1,303478.2688,35.99,2008,56,4.51,63.98
190042,Active,58509,NA,NA,S,0,0,19639.65,125,2004,96,10.99,35.94
190043,Active,615747,NA,NA,S,0,0,95017.2075,135.13,2012,40,17.94,0
190044,Active,51841,NA,NA,D,7,1,729918.2763,10.99,2006,62,4,22.49
190045,Active,575942,NA,NA,D,3,1,2121394.479,53.01,2011,16,4,33.99
190046,Active,575885,NA,NA,D,2,1,6983960.249,46.12,2007,12,4,12.99
190047,Active,611832,NA,NA,S,5,1,666959.6013,59.28,2012,17,47.69,58.99
190048,Active,903209,NA,NA,D,0,0,3622321.246,124,2003,19,6.06,52.12
190049,Active,576643,NA,NA,D,1,0,1264673.019,77.95,2007,27,4.98,25
190050,Active,255790,NA,NA,D,1,0,590438.82,57.95,2008,49,9.95,13.99
190051,Active,543128,NA,NA,S,2,1,201908.4763,55.95,2011,56,11.49,30.48
190052,Active,3244532,NA,NA,D,3,1,695113.1438,47.62,2005,46,8.65,42.04
190053,Active,574480,NA,NA,D,3,1,177939.6013,96.95,2006,50,6.42,28.5
190054,Active,1562705,NA,NA,D,4,1,1670896.263,99.95,2011,25,10.86,72.99
190055,Active,2551641,NA,NA,S,3,1,2396099.736,79.95,1996,25,4.97,46.97
190056,Active,51999,NA,NA,D,12,1,898954.655,104.53,2007,66,4.35,47.61
190057,Active,903904,NA,NA,D,0,0,1500900.033,103,2004,24,6.44,36.82
190058,Active,2261245,NA,NA,D,4,1,1297885.434,78.76,2009,30,8.61,35.98
190059,Active,248838,NA,NA,D,1,0,1346525.63,67.95,2006,27,4.31,78.45
190060,Active,527216,NA,NA,D,2,1,588936.5163,79.95,2010,31,6.42,49.99
190061,Active,789748,NA,NA,D,3,1,1111659.121,59.99,2008,29,4.67,17.5
190062,Active,626711,NA,NA,S,4,1,215541.745,66.99,2012,31,15.45,41.98
190063,Active,789385,NA,NA,D,2,1,2285576.104,49.95,2005,21,4,46.85
190064,Active,298395,NA,NA,D,4,1,354259.05,99.95,2008,61,4,24.8
190065,Active,159437,NA,NA,D,2,1,1336737.624,51.95,2003,37,4,21.27
190066,Active,254000,NA,NA,S,1,0,1057721.1,79.95,2010,39,4,6.33
190067,Active,200314,NA,NA,D,1,0,1869492.356,166.95,2004,25,14.48,122.53
190068,Active,778671,NA,NA,D,9,1,3090784.486,84.95,2008,15,4,28.99
190069,Active,613710,NA,NA,D,0,0,337120.97,97.95,2013,129,4.48,13.26
190070,Active,623785,NA,NA,D,0,0,135078.51,97.95,2014,108,6.39,18.23
190071,Active,613740,NA,NA,S,0,0,647249.8088,97.95,2011,101,4.24,13.93
190072,Active,2363112,NA,NA,D,0,0,3168712.36,51,1991,21,6.37,51
190073,Active,632631,NA,NA,S,2,1,859048.665,115.95,2003,28,27.04,80.63
190074,Active,527213,NA,NA,S,5,1,316549.6575,65,2011,30,12.98,25.52
190075,Active,763549,NA,NA,S,2,1,1285357.455,231.95,1998,41,4,16.47
190076,Active,742005,NA,NA,D,4,1,1526554.186,94.09,2010,20,4.5,51.96
190077,Active,712538,NA,NA,D,4,1,1474948.244,88,2001,43,4.43,61.33
190078,Active,3839882,NA,NA,D,2,1,2028274.95,89,2006,46,22.97,61.27
190079,Active,190095,NA,NA,S,0,0,23496.875,69.95,2010,51,17.89,37.97
190080,Active,527212,NA,NA,S,2,1,295614.125,39.95,2008,43,10.89,38.41
190081,Active,51330,NA,NA,D,4,1,539539.4963,110,2006,52,9.77,37.94
190082,Active,109953,NA,NA,D,1,0,1698828.376,19.89,2007,37,4,15.82
190083,Active,715311,NA,NA,D,0,0,3737423.115,13.45,2007,20,4.63,60.23
190084,Active,527195,NA,NA,D,2,1,63920.27875,331,2009,97,10.15,25.99
190085,Active,176762,NA,NA,S,2,1,1137842.498,123.95,2000,39,8.59,52.99
190086,Active,51332,NA,NA,D,3,1,1279399.718,100,2002,45,4,33.71
190087,Active,612911,NA,NA,S,0,0,25708.52375,107.85,2006,203,9.56,29.8
190088,Active,551850,NA,NA,D,5,1,961406.7388,117.96,2003,32,6.44,20.03
190089,Active,641656,NA,NA,D,6,1,449192.7525,174.3,2006,26,36.68,91.79
190090,Active,52121,NA,NA,D,8,1,33481.95625,107.62,2009,147,8.98,23.99
190091,Active,691754,NA,NA,S,3,1,3568886.283,109.95,1998,27,4,19.99
190092,Active,61195,NA,NA,D,6,1,608968.4075,313.95,2006,46,6.2,21.94
190093,Active,177064,NA,NA,D,5,1,789731.2975,214.95,2004,45,4,46
190094,Active,922947,NA,NA,S,7,1,740441.5725,84.36,1998,113,4,5.98
190095,Active,2040768,NA,NA,S,3,1,238843.4863,57.76,2010,18,6.49,42.25
190096,Active,613175,NA,NA,S,0,0,130434.2863,99.35,1999,81,4.09,42.92
190097,Active,619953,NA,NA,D,6,1,845131.9838,186.67,1999,30,4.57,33.73
190098,Active,2415250,NA,NA,D,1,0,3369698.468,103.5,2005,11,19.75,96.94
190099,Active,640727,NA,NA,S,2,1,124309.5275,59.95,2009,41,34.4,41.96
190100,Active,153958,NA,NA,S,3,1,75719.8825,146,2006,47,39.37,0
190101,Active,153959,NA,NA,S,3,1,47710.525,146,2007,37,49.91,65.61
190102,Active,657122,NA,NA,S,2,1,578772.6013,49.99,2013,43,21.98,29.95
190103,Active,904356,NA,NA,D,2,1,2198946.525,330,2006,18,38.74,152.74
190104,Active,254113,NA,NA,D,8,1,144307.895,433.95,2009,68,30.19,64.17
190105,Active,169489,NA,NA,D,7,1,141746.8813,433.95,2007,43,16.44,28.99
190106,Active,629153,NA,NA,S,3,1,437266.015,208.53,2012,43,18.64,53.29
190107,Active,57240,NA,NA,D,5,1,424069.2288,74.9,2003,33,20.11,84.68
190108,Active,878622,NA,NA,D,7,1,2618152.029,4.98,2008,21,4.38,4.98
190109,Active,607404,NA,NA,S,2,1,2715189.306,138,1995,54,4.67,16.55
190110,Active,116465,NA,NA,S,3,1,310559.8463,208.2,2005,54,12.08,59.94
190111,Active,774077,NA,NA,S,4,1,851339.6213,165.33,1999,24,6.67,62.99
190112,Active,144128,NA,NA,S,3,1,202676.26,189.2,1999,37,12.74,66.97
190113,Active,52853,NA,NA,D,3,1,54474.995,174.47,2000,81,15.99,28.99
190114,Active,870929,NA,NA,S,9,1,265917.4063,186,2013,26,32.99,69.98
190115,Active,57239,NA,NA,D,5,1,303141.7038,121.77,2003,31,16.62,83.77
190116,Active,244104,NA,NA,D,8,1,340775.2475,181,2010,69,4.94,23.99
190117,Active,527200,NA,NA,S,3,1,148810.245,53.8,2012,30,33.14,43.98
190118,Active,192069,NA,NA,S,5,1,1422233.115,18.99,2003,32,4,18.99
190119,Active,118541,NA,NA,S,4,1,22561.3,205.2,2007,68,51.53,103.99
190120,Active,631724,NA,NA,S,2,1,349137.315,53.8,2007,34,4.46,21.54
190121,Active,177080,NA,NA,D,6,1,413344.1463,143.95,2003,69,4.06,18.95
190122,Active,285774,NA,NA,D,3,1,497532.3263,115.33,1999,84,4.34,20.93
190123,Active,191728,NA,NA,D,5,1,328602.8863,79.5,2003,31,5.12,47.52
190124,Active,298896,NA,NA,D,8,1,223413.6475,286.95,2009,79,31.52,53.99
190125,Active,252553,NA,NA,S,6,1,38890.765,175,2007,94,34.34,77.8
190126,Active,261563,NA,NA,D,4,1,158374.7513,66.53,1998,71,5.46,47.43
190127,Active,170060,NA,NA,D,8,1,236629.6063,403.95,2009,129,7.8,36.99
190128,Active,60734,NA,NA,D,7,1,142603.9263,275.95,2007,45,4.25,41.99
190129,Active,145775,NA,NA,D,2,1,802406.3,295,2007,45,4.98,52.89
190130,Active,870256,NA,NA,D,5,1,907771.2125,59.75,2003,34,10.11,51.44
190131,Active,254112,NA,NA,D,8,1,341832.025,279.95,2010,80,14.44,106.36
190132,Active,606689,NA,NA,S,5,1,1701665.104,103.95,1999,46,4.11,14.49
190133,Active,113948,NA,NA,D,3,1,735182.39,115.33,2000,106,4,8.99
190134,Active,261564,NA,NA,D,4,1,668251.755,21.93,1998,55,4.12,18.71
190135,Active,169488,NA,NA,D,7,1,825874.2013,268.95,2007,56,4,23.38
190136,Active,527203,NA,NA,S,4,1,664258.3125,98.47,2008,30,31.74,43.87
190137,Active,540624,NA,NA,S,3,1,18113.43625,117.8,2012,120,8.94,78.99
190138,Active,561108,NA,NA,S,2,1,889896.7475,94.4,2007,103,4,9.98
190139,Active,867073,NA,NA,S,3,1,492354.0788,96.2,2012,31,14.35,73.99
190140,Active,297908,NA,NA,D,8,1,433529.445,181,2011,42,6.37,68.98
190141,Active,113947,NA,NA,D,3,1,245168.5488,185.2,2000,38,22.98,69.99
190142,Active,608528,NA,NA,S,6,1,422609.3863,218.95,2003,66,17.07,68.97
190143,Active,118545,NA,NA,S,4,1,78455.75,83.8,2008,29,19.53,47.99
190144,Active,3751846,NA,NA,S,2,1,173367.025,97.5,2014,11,41.12,41.13
190145,Active,644003,NA,NA,S,2,1,752488.4513,42,2008,47,4,45.08
190146,Active,1582641,NA,NA,D,5,1,412153.6575,68.25,2010,72,6.63,30.38
190147,Active,1768181,NA,NA,S,6,1,120533.97,61.95,2014,25,37.88,43.42
190148,Active,162845,NA,NA,S,8,1,187478.9,223.75,2009,47,11.19,57.98
190149,Active,527198,NA,NA,S,4,1,373291.81,69.95,2012,33,40.64,45.6
190150,Active,293140,NA,NA,D,3,1,735855.8975,122.95,2003,27,13.48,48.99
190151,Active,54228,NA,NA,D,3,1,72380.64125,180.73,2006,90,9.36,58.1
190152,Active,52123,NA,NA,D,7,1,56854.0325,76.3,2006,120,6.57,32.99
190153,Active,60735,NA,NA,D,6,1,502756.5588,240.95,2004,37,4,47.81
190154,Active,179232,NA,NA,D,7,1,123442.0025,218.95,2009,51,11.99,47.6
190155,Active,862227,NA,NA,S,8,1,61816.34875,229.95,2014,38,53.46,118.99
190156,Active,608164,NA,NA,S,5,1,1176594.87,79.16,1998,37,4,16.99
190157,Active,57437,NA,NA,D,3,1,360201.8338,245.95,2007,45,4.41,47.87
190158,Active,606697,NA,NA,D,4,1,2780567.59,124.95,2001,29,4.05,10.19
190159,Active,614282,NA,NA,S,1,0,176289.5738,172.25,2004,68,23.86,83.94
190160,Active,3149710,NA,NA,D,2,1,2287509.768,99,1987,15,17.71,73.35
190161,Active,704357,NA,NA,S,5,1,1057012.049,152.7,2006,28,6.34,48.99
190162,Active,108836,NA,NA,S,4,1,765864.715,21.99,2003,49,4.09,20.99
190163,Active,110464,NA,NA,D,6,1,108541.7188,24.99,2008,73,4.33,23.99
190164,Active,568859,NA,NA,D,1,0,568536.7663,125,2000,29,4.37,56.13
190165,Active,2562541,NA,NA,D,1,0,1364313.124,175,1995,32,25.11,58.99
190166,Active,2663475,NA,NA,S,2,1,2134494.083,135,1994,22,4.39,23.43
190167,Active,278198,NA,NA,S,2,1,843181.9225,143.75,2005,34,20.31,89.95
190168,Active,833140,NA,NA,D,0,0,3834800.663,104.25,1993,13,4.13,26.91
190169,Active,623179,NA,NA,D,2,1,394113.475,138,1981,42,5.1,101.39
190170,Active,152745,NA,NA,D,0,0,2449087.823,159,2007,15,4.77,34.99
190171,Active,2575932,NA,NA,D,1,0,7311209.409,66.35,1969,33,4,48.33
190172,Active,510594,NA,NA,S,2,1,1097741.791,149,2008,28,49.39,0
190173,Active,667174,NA,NA,S,0,0,628192.0013,144,1993,99,4,31.49
190174,Active,874830,NA,NA,S,0,0,622611.2113,146,1992,65,4,47.29
190175,Active,712949,NA,NA,D,5,1,246713.005,122.63,2002,57,6.95,53.95
190176,Active,657926,NA,NA,S,7,1,66749.3475,196.93,2013,57,57.14,86.98
190177,Active,623985,NA,NA,D,4,1,251879.51,186.6,2013,45,35.59,89.02
190178,Active,533630,NA,NA,D,9,1,33878.4575,183.5,2011,93,10.18,23.99
190179,Active,561263,NA,NA,D,4,1,50694.78,175.8,2009,98,25.3,89.94
190180,Active,537813,NA,NA,S,5,1,1164810.57,84,1997,33,4,54.65
190181,Active,566494,NA,NA,S,5,1,118000.6825,219.5,2001,56,33.69,99.28
190182,Active,54230,NA,NA,D,3,1,255388.8688,115.67,2006,55,8.99,53.87
190183,Active,52978,NA,NA,D,8,1,403780.0438,24.99,2008,122,4,9.39
190184,Active,613517,NA,NA,D,6,1,72310.87625,156.4,2004,85,9.65,46.61
190185,Active,52979,NA,NA,S,7,1,826271.7075,26.91,2006,92,4,8.98
190186,Active,541829,NA,NA,D,9,1,67615.5175,183.5,2012,95,7.75,26.18
190187,Active,56580,NA,NA,S,4,1,83146.29125,178.13,2009,45,39.23,137.63
190188,Active,2575499,NA,NA,S,4,1,725600.7988,22.89,1992,39,4,22.89
190189,Active,420570,NA,NA,D,6,1,64092.96625,146.4,2004,43,8.68,53.63
190190,Active,608342,NA,NA,S,5,1,84875.6375,222.25,2001,61,38.94,53.94
190191,Active,56579,NA,NA,D,3,1,583318.36,115.67,2006,47,4,23.99
190192,Active,60737,NA,NA,D,7,1,1196903.613,17.99,2006,68,4,17.89
190193,Active,434829,NA,NA,S,6,1,759307.3538,171.6,2008,26,31.97,217.85
190194,Active,533884,NA,NA,D,8,1,544240.1,28.49,2009,84,4.24,14.43
190195,Active,613911,NA,NA,S,2,1,540454.14,64.8,2004,66,4,0
190196,Active,707660,NA,NA,S,0,0,116213.4963,108.64,2004,25,23.95,78.99
190197,Active,615510,NA,NA,D,0,0,116398.86,7.47,2011,43,4,4.09
190198,Active,1517116,NA,NA,D,1,0,206419.6225,41.8,2013,92,4,13.98
190199,Active,540688,NA,NA,D,0,0,210769.125,39.8,2011,77,4,8.49
190200,Active,663679,NA,NA,S,0,0,13443.01625,48,2013,48,22.94,29.34
190201,Active,628331,NA,NA,D,2,1,10839648.66,115,1996,20,6.25,12.49
190202,Active,293264,NA,NA,S,2,1,404236.4963,84,2005,45,10.88,54.98
190203,Active,280766,NA,NA,S,4,1,714620.0325,89.99,2003,33,26.63,59.98
190204,Active,113070,NA,NA,D,2,1,1640550.193,76.95,2007,24,15.31,73.65
190205,Active,901416,NA,NA,D,1,0,3354995.77,76.95,2002,22,4.87,44.41
190206,Active,609559,NA,NA,D,3,1,214318.0363,59.95,2006,98,4.42,15.49
190207,Active,655228,NA,NA,S,5,1,5045.345,62.95,2013,78,37.5,39.34
190208,Active,495637,NA,NA,D,4,1,94722.34125,63.95,2009,86,8.17,23.96
190209,Active,190807,NA,NA,D,2,1,3496624.071,77.95,2004,11,8.13,130.89
190210,Active,652485,NA,NA,S,11,1,238591.785,157.33,2012,40,16.76,122.99
190211,Active,51405,NA,NA,D,9,1,172964.6763,42.99,2006,69,4,19.95
190212,Active,51403,NA,NA,S,7,1,985496.02,103,2000,52,4,17.99
190213,Active,51406,NA,NA,D,10,1,37984.1325,189.2,2009,88,15.13,61.93
190214,Active,52596,NA,NA,D,4,1,112093.3863,92,2007,154,4,10.98
190215,Active,194116,NA,NA,S,3,1,1849961.749,85,2004,49,4.55,30.23
190216,Active,194210,NA,NA,D,5,1,9056.08375,108,2011,110,8.2,9.39
190217,Active,633259,NA,NA,S,5,1,240567.7688,102.99,2010,32,16.03,49.44
190218,Active,538201,NA,NA,S,13,1,522424.445,35,2010,35,8.99,10
190219,Active,553909,NA,NA,S,3,1,338443.37,182.6,1987,52,4,30.04
190220,Active,678184,NA,NA,S,0,0,225980.4738,24.99,2009,37,11.39,0
190221,Active,764694,NA,NA,S,4,1,488878.54,190.95,2001,39,6.37,70.57
190222,Active,764676,NA,NA,D,5,1,725441.23,86.95,2001,30,6.99,52.85
190223,Active,290917,NA,NA,D,6,1,566642.395,213.95,2007,27,7.83,75.51
190224,Active,1826555,NA,NA,S,1,0,20306.925,148.95,2014,31,53.34,117.59
190225,Active,1651392,NA,NA,S,2,1,1222617.048,40.95,2006,30,4.51,32.65
190226,Active,620363,NA,NA,S,1,0,472742.8613,268.95,2004,44,22.68,49.98
190227,Active,116129,NA,NA,D,1,0,242198.8875,163.6,2007,40,40.94,123.06
190228,Active,2030885,NA,NA,S,2,1,2405160.985,179,2007,17,18.4,48.27
190229,Active,3589526,NA,NA,S,2,1,227677,103.33,1980,37,7.92,102.32
190230,Active,1517566,NA,NA,S,1,0,7433.375,49.99,2014,21,30.79,31.63
190231,Active,639787,NA,NA,S,1,0,18131.175,49.99,2012,24,23.93,31.08
190232,Active,542936,NA,NA,S,2,1,355774.3063,14.99,2010,28,5.78,0
190233,Active,279554,NA,NA,S,2,1,57846.23375,41.95,2010,44,24.14,35.96
190234,Active,229513,NA,NA,S,0,0,350491.7988,29.95,2004,45,4.71,22.88
190235,Active,813008,NA,NA,S,0,0,1967163.276,28.95,2011,10,31.34,23.94
190236,Active,624319,NA,NA,S,0,0,740493.305,40,2010,30,8.49,26.58
190237,Active,154037,NA,NA,S,5,1,193693.425,66.75,2010,31,33.99,42.99
190238,Active,1719117,NA,NA,D,0,0,8290363.485,140,2008,18,18.11,37.97
190239,Active,540935,NA,NA,D,5,1,40686.30625,101,2012,52,13.54,30.99
190240,Active,608008,NA,NA,D,4,1,317183.7538,87.95,2006,72,4.34,45.05
190241,Active,609362,NA,NA,S,3,1,2995060,56.95,1998,36,4,13.99
190242,Active,635293,NA,NA,S,3,1,48568.94,59.95,2006,30,27.72,0
190243,Active,658135,NA,NA,S,6,1,744737.37,35,2012,44,10.24,14.08
190244,Active,1924809,NA,NA,S,16,1,44708.2,49.95,2012,5,45,29.33
190245,Active,639402,NA,NA,S,2,1,55199.625,49.95,2005,13,27.99,23.99
190246,Active,630229,NA,NA,S,0,0,4717.8,49.95,2005,15,30.26,29.41
190247,Active,644142,NA,NA,S,2,1,73272.4,49.95,2005,14,23.97,0
190248,Active,3741547,NA,NA,S,0,0,392962.65,49.95,2015,28,23.99,31.32
190249,Active,657644,NA,NA,S,3,1,62514.725,49.95,2006,11,25.98,25.98
190250,Active,654849,NA,NA,S,2,1,16217.925,49.95,2005,13,30.25,29.59
190251,Active,637364,NA,NA,S,2,1,40792.825,345,2002,21,43.99,43.99
190252,Active,663017,NA,NA,S,2,1,81071.65,345,2004,13,43.99,43.99
190253,Active,1757039,NA,NA,S,0,0,1715.95,39.95,2014,23,24.49,26.04
190254,Active,154246,NA,NA,D,3,1,130687.1738,48.63,1996,42,4,35.54
190255,Active,196634,NA,NA,D,2,1,958121.8163,89.95,2001,28,10.46,66.28
190256,Active,2838504,NA,NA,S,2,1,375793.5713,44.95,2003,41,33.38,33.42
190257,Active,2373485,NA,NA,D,1,0,4155612.925,139,2003,10,48,88.99
190258,Active,719090,NA,NA,S,7,1,162839.745,65,2000,53,21.47,46.85
190259,Active,745440,NA,NA,S,1,0,1010637.639,31.95,2008,22,5.19,18.99
190260,Active,211019,NA,NA,D,6,1,1026396.018,89.95,2009,30,8.44,58.98
190261,Active,907941,NA,NA,S,2,1,101955.885,34.95,2014,22,24.12,26.41
190262,Active,645015,NA,NA,D,1,0,1107002.054,65,2008,46,23.14,39.87
190263,Active,1554362,NA,NA,S,3,1,754977.2675,35.95,2014,16,28.29,32.17
190264,Active,629199,NA,NA,S,2,1,553839.5275,44,2012,34,4.99,32.11
190265,Active,527181,NA,NA,D,2,1,698852.7138,54.99,2009,73,4,21.11
190266,Active,268769,NA,NA,S,5,1,8156.9725,22,2005,77,10.94,12.99
190267,Active,2566135,NA,NA,S,2,1,424623.355,70,1996,58,16.97,53.46
190268,Active,620322,NA,NA,S,2,1,60688.945,72,2006,29,33.94,0
190269,Active,802650,NA,NA,D,9,1,1853186.756,44.99,2008,43,4,4.36
190270,Active,527180,NA,NA,D,11,1,137261.3913,44.99,2012,55,4,38.39
190271,Active,248516,NA,NA,D,10,1,983997.5138,44.99,2010,47,4,11.88
190272,Active,194152,NA,NA,S,2,1,1127699.106,66,2007,47,16.73,52.89
190273,Active,1833113,NA,NA,S,1,0,23187.4,75,2014,16,44.98,44.92
190274,Active,1586106,NA,NA,D,1,0,3356529.878,160,2006,18,32.94,36.48
190275,Active,2602379,NA,NA,D,0,0,1730235.503,106,2001,23,8.64,55.94
190276,Active,1592545,NA,NA,D,2,1,514189.6675,114.99,2010,20,34.57,54.97
190277,Active,120314,NA,NA,D,9,1,226108.5338,121,2008,39,13.94,57.55
190278,Active,527178,NA,NA,D,10,1,35966.69375,157.8,2012,46,42.16,106.4
190279,Active,874640,NA,NA,D,2,1,506682.3713,42.6,2000,21,4,11.98
190280,Active,131726,NA,NA,D,3,1,1092488.698,65.6,2004,40,4,27.99
190281,Active,1452118,NA,NA,D,7,1,1812976.963,100,2012,34,5.76,62.57
190282,Active,227625,NA,NA,D,7,1,741966.4325,99.95,2009,51,4,13.93
190283,Active,581680,NA,NA,D,6,1,1416687.396,79.43,2005,22,4.8,61.89
190284,Active,637866,NA,NA,S,8,1,187487.4438,182,2011,33,30.69,153.99
190285,Active,106210,NA,NA,S,5,1,170403.32,135,2010,50,17.59,62.98
190286,Active,2120088,NA,NA,D,2,1,386439.8313,178.95,2007,14,13.91,9.94
190287,Active,1450625,NA,NA,S,1,0,62258.9,111.4,2014,25,50.69,72.85
190288,Active,170026,NA,NA,D,4,1,93927.9725,131.95,2010,44,12,70.44
190289,Active,169164,NA,NA,D,3,1,603376.5125,81.95,2006,45,4,6.96
190290,Active,619676,NA,NA,D,1,0,2157891.759,60,1992,24,4,38.29
190291,Active,889762,NA,NA,D,0,0,4993647.018,228,2004,18,15.13,85.54
190292,Active,629510,NA,NA,D,1,0,554661.22,73.95,2004,37,4.53,25.94
190293,Active,636579,NA,NA,D,1,0,1200121.779,95,2006,32,4.13,46.35
190294,Active,162943,NA,NA,D,3,1,191652.9725,99,2011,32,14.75,68.15
190295,Active,145853,NA,NA,D,5,1,122375.2825,140.07,2009,65,8.99,52.6
190296,Active,60738,NA,NA,D,4,1,233750.1,103.6,2004,59,4,11.27
190297,Active,541365,NA,NA,S,4,1,80633.15625,81.95,2013,42,44.57,43.68
190298,Active,157651,NA,NA,D,3,1,283158.3625,82.95,2008,38,5.98,47.61
190299,Active,199145,NA,NA,D,3,1,768520.8388,71.95,2002,44,4,61.25
190300,Active,495337,NA,NA,D,4,1,225669.7825,92,2009,33,19.43,44.45
190301,Active,620001,NA,NA,S,3,1,530406.6075,137.8,2002,36,4,19.99
190302,Active,199864,NA,NA,S,2,1,261534.395,128.95,2002,36,33.39,88.2
190303,Active,899281,NA,NA,D,1,0,662001.0413,44.95,1995,22,6.37,109.13
190304,Active,826079,NA,NA,D,1,0,2665653.01,38,1994,44,4,28.98
190305,Active,614962,NA,NA,D,2,1,115665.9825,37,2001,99,4,17.49
190306,Active,218712,NA,NA,S,1,0,673835.0788,156,2009,49,11.28,51.99
190307,Active,116752,NA,NA,S,2,1,44567.77875,192.6,2005,59,9.36,43.98
190308,Active,176889,NA,NA,S,2,1,141265.4263,320.95,2005,52,15.84,39.88
190309,Active,637161,NA,NA,S,2,1,783097.7575,55,2008,21,13.17,45.81
190310,Active,313394,NA,NA,S,8,1,11564129.67,100,2001,11,6.99,233.99
190311,Active,296804,NA,NA,S,2,1,244114.9838,49.95,2008,22,22,0
190312,Active,112745,NA,NA,D,4,1,337547.4013,78.95,1997,40,5.73,40.22
190313,Active,2851255,NA,NA,D,1,0,2883372.891,84.95,2003,16,12.97,55.99
190314,Active,619810,NA,NA,S,2,1,208672.6325,79.95,2008,54,22.82,44.58
190315,Active,231601,NA,NA,S,3,1,323164.125,107.95,2002,54,5.96,64.98
190316,Active,527171,NA,NA,D,4,1,372965.1025,117.95,2006,71,7.63,67.9
190317,Active,231603,NA,NA,D,5,1,44593.87875,142.95,2010,66,8.95,88.93
190318,Active,569373,NA,NA,S,4,1,357451.3875,450.95,1991,63,6.97,60.41
190319,Active,118206,NA,NA,S,6,1,1015248.956,128.33,1996,35,6.91,67.51
190320,Active,896850,NA,NA,S,0,0,578960.6888,49.6,2007,10,23.19,49.62
190321,Active,622646,NA,NA,S,2,1,131279.0275,89.95,2010,40,42.51,53.8
190322,Active,231565,NA,NA,D,3,1,172716.2488,107.95,2007,50,10.26,73.12
190323,Active,231564,NA,NA,D,2,1,744178.7063,92.95,2002,55,4.47,43.76
190324,Active,2031001,NA,NA,S,2,1,1896081.076,189,2008,15,19.36,26.51
190325,Active,2595045,NA,NA,D,0,0,2857045.554,51.99,1987,22,4,58.51
190326,Active,668043,NA,NA,S,2,1,930892.05,59.95,2011,20,31.58,0
190327,Active,2599176,NA,NA,D,2,1,2076664.266,94,1992,20,6.38,79.69
190328,Active,2591921,NA,NA,D,1,0,7914753.423,32.95,1983,14,4.97,45.3
190329,Active,629203,NA,NA,S,1,0,177735.8788,205.95,2012,28,40.66,83.99
190330,Active,879783,NA,NA,S,5,1,1858651.183,81.85,2007,31,27.9,86.56
190331,Active,110971,NA,NA,D,5,1,447008.32,99.95,2007,60,23.76,67.95
190332,Active,53177,NA,NA,D,6,1,15909.08375,108,2011,79,24.56,89.22
190333,Active,108524,NA,NA,D,3,1,104582.19,59.8,2000,71,7.8,61.19
190334,Active,527169,NA,NA,S,2,1,517733.5463,99,2011,38,30.4,60.79
190335,Active,898898,NA,NA,D,0,0,956912.945,79.95,1994,23,41.93,69.76
190336,Active,775054,NA,NA,D,2,1,4307470.575,299,2005,12,114.83,124.9
190337,Active,660241,NA,NA,D,0,0,1179252.554,64.95,2007,17,52.46,55.2
190338,Active,624533,NA,NA,D,2,1,344129.1075,111.4,1999,20,11.98,126.46
190339,Active,615130,NA,NA,S,0,0,7181.47,58,1997,35,38.84,48.79
190340,Active,555610,NA,NA,D,1,0,788647.7275,78,2006,26,10,33.99
190341,Active,115873,NA,NA,D,2,1,3005670.833,62.67,2004,32,4,43.77
190342,Active,117019,NA,NA,D,3,1,944651.6825,91.2,2007,34,4,49.07
190343,Active,121252,NA,NA,D,5,1,260962.1,115,2010,51,8.78,36.69
190344,Active,117295,NA,NA,D,4,1,678221.05,80,2006,39,4,9.94
190345,Active,164578,NA,NA,S,2,1,994428.58,205,2000,40,5.17,47.04
190346,Active,868202,NA,NA,D,5,1,515998.43,91.8,1999,48,4,17
190347,Active,868209,NA,NA,D,6,1,278713.5888,135.4,2004,25,7.12,56.43
190348,Active,209158,NA,NA,D,1,0,3033769.618,61.95,1996,40,4,27.44
190349,Active,288791,NA,NA,S,2,1,272820.5363,93.95,2007,39,48.9,61.54
190350,Active,547012,NA,NA,S,3,1,831932.3963,50,2013,18,17.97,31.85
190351,Active,920191,NA,NA,D,0,0,745873.89,47.5,1991,60,4.48,10.3
190352,Active,637701,NA,NA,S,3,1,16893.11625,57.95,2012,45,43.96,45.72
190353,Active,646136,NA,NA,D,2,1,1230965.83,48.95,2001,37,7.76,95.01
190354,Active,2737643,NA,NA,S,2,1,1427591.286,54.95,2005,25,10.92,21.76
190355,Active,920031,NA,NA,D,0,0,2085132.083,51.99,1993,56,4,7.98
190356,Active,163775,NA,NA,D,1,0,1667449.869,90,1997,31,4,18.17
190357,Active,162064,NA,NA,S,2,1,370644.8525,75,2009,33,33.24,53.21
190358,Active,261305,NA,NA,S,2,1,902097.1588,56,1999,36,4.1,25.98
190359,Active,916635,NA,NA,S,2,1,1204046.256,29.95,2006,47,6.03,9.65
190360,Active,256411,NA,NA,S,3,1,1059848.834,35,2007,29,5.55,61.39
190361,Active,1686648,NA,NA,S,0,0,31.375,49.95,2014,18,24.63,26.97
190362,Active,1550926,NA,NA,S,2,1,1303380.676,35.95,2013,22,25.78,27.26
190363,Active,1675350,NA,NA,S,0,0,788358.1838,59.99,2009,11,47.38,45
190364,Active,544255,NA,NA,S,11,1,78574.72,163.95,2013,46,11.74,68.98
190365,Active,57667,NA,NA,D,10,1,300744.015,171.95,2010,49,11.37,53.87
190366,Active,57664,NA,NA,S,7,1,2791062.64,66.95,2000,49,4,12.86
190367,Active,57665,NA,NA,D,9,1,538889.1963,183.95,2007,84,4.22,43.63
190368,Active,131806,NA,NA,S,1,0,451027.61,169.8,2005,26,39.53,152.86
190369,Active,1772704,NA,NA,D,4,1,476677.1388,313.95,2011,20,32.99,310.19
190370,Active,3229094,NA,NA,D,2,1,1877704.48,63.99,2005,39,6.48,61.38
190371,Active,251941,NA,NA,D,3,1,1315711.795,266.95,2007,33,6.7,17.77
190372,Active,918319,NA,NA,S,2,1,1191464.629,57,1995,27,4,8.99
190373,Active,789639,NA,NA,D,5,1,2063210.553,158.99,2007,19,37.81,53.98
190374,Active,789029,NA,NA,D,4,1,6337871.601,129,2001,14,4.76,12.49
190375,Active,2016424,NA,NA,S,0,0,113064.475,41.5,2006,20,25.35,26.01
190376,Active,702384,NA,NA,S,3,1,666560.5238,40,2012,27,9.69,0
190377,Active,701646,NA,NA,S,2,1,411837.5238,55,2008,52,5.22,23.23
190378,Active,902758,NA,NA,D,5,1,1540240.706,94.95,2008,17,43.98,38.92
190379,Active,222819,NA,NA,S,3,1,960850.31,88,2006,25,17.56,69.99
190380,Active,1839616,NA,NA,D,3,1,4125485.201,49.99,2006,14,8.87,101.77
190381,Active,2169574,NA,NA,S,0,0,1047692.863,194.95,2014,35,39.4,61.7
190382,Active,2373671,NA,NA,D,3,1,344862.86,89.33,2005,33,8.29,31.48
190383,Active,2377722,NA,NA,D,0,0,8459594.451,106.67,1996,10,30.41,138.05
190384,Active,788110,NA,NA,D,3,1,2256724.221,152.95,2000,24,4,14.98
190385,Active,907462,NA,NA,D,4,1,1227616.313,64.99,2002,22,4.4,43.98
190386,Active,609360,NA,NA,D,6,1,884731.4363,79.99,2008,24,33.96,81.65
190387,Active,217691,NA,NA,D,5,1,683777.1188,69.99,2005,18,19.09,73.55
190388,Active,867605,NA,NA,S,9,1,656994.9863,74.99,2014,19,22.29,31.83
190389,Active,912711,NA,NA,S,0,0,1244422.961,39.99,2011,26,4,5.88
190390,Active,634306,NA,NA,S,1,0,737523.7263,39.99,2011,27,4.47,13.46
190391,Active,1779378,NA,NA,S,2,1,100556.2763,44.99,2013,22,10.92,26.98
190392,Active,864725,NA,NA,S,5,1,11059.225,99.95,2013,32,42.94,63.47
190393,Active,1960012,NA,NA,S,6,1,1586352.964,49.95,2013,18,37.6,44.54
190394,Active,3132249,NA,NA,D,5,1,2299676.153,39.95,2003,17,4.39,13.99
190395,Active,1981172,NA,NA,S,9,1,769222.3125,69.95,2013,27,43.98,61.94
190396,Active,623459,NA,NA,D,7,1,46002.44625,99,2011,80,9.43,56.67
190397,Active,880666,NA,NA,D,5,1,683297.04,89,2005,113,4,13.42
190398,Active,278976,NA,NA,D,6,1,94712.16,140,2009,76,4.66,39.23
190399,Active,1753361,NA,NA,S,5,1,46303.1,49.95,2009,16,45.21,46.21
190400,Active,2098445,NA,NA,S,5,1,168645.3175,74.95,2013,20,15.26,33.93
190401,Active,627492,NA,NA,S,2,1,351973.6375,54.99,2009,41,5.06,22.98
190402,Active,3634896,NA,NA,S,2,1,112676,80,2015,47,45.78,33.18
190403,Active,646928,NA,NA,S,7,1,200258.2888,59.99,2013,33,13.98,19.65
190404,Active,162812,NA,NA,S,5,1,945868.4525,59.99,2009,43,4,13.9
190405,Active,244346,NA,NA,S,6,1,733971.7313,59.99,2011,50,4.91,9.47
190406,Active,527158,NA,NA,S,4,1,99330.90125,50,2013,33,11.12,30.4
190407,Active,701799,NA,NA,S,3,1,816742.6,49.99,2009,51,4,11.94
190408,Active,281079,NA,NA,D,2,1,595258.9225,69.95,2003,31,4,28.99
190409,Active,281221,NA,NA,D,3,1,378868.8475,89.95,2007,23,42.72,185.27
190410,Active,621292,NA,NA,S,2,1,17145.77375,35.95,2012,86,21.82,23.69
190411,Active,667290,NA,NA,S,2,1,35094.82125,61.99,2012,28,36.99,39.96
190412,Active,911150,NA,NA,S,5,1,896560.6413,49.99,2006,20,13.49,37.19
190413,Active,627322,NA,NA,S,2,1,1411717.041,47.13,2005,25,3.84,44.45
190414,Active,279947,NA,NA,S,3,1,586776.1213,49.99,2010,26,29.87,35.99
190415,Active,527157,NA,NA,S,4,1,869977.675,28.95,2008,24,39.14,172.89
190416,Active,107307,NA,NA,D,1,0,2398291.941,28.75,1999,29,4,8.2
190417,Active,872182,NA,NA,D,2,1,2243727.975,23.97,2004,27,4.38,19.99
190418,Active,108904,NA,NA,D,2,1,1706020.106,17.99,2004,25,4,13.99
190419,Active,875871,NA,NA,S,7,1,4238.285,56.95,2015,36,28.51,33.45
190420,Active,527156,NA,NA,D,6,1,18024.2575,56.95,2011,109,7.01,18.99
190421,Active,533939,NA,NA,D,5,1,316556.9613,44.95,2007,131,4,11.49
190422,Active,60739,NA,NA,D,4,1,635872.6788,39.95,2004,109,3.97,8.88
190423,Active,1943598,NA,NA,S,13,1,63238.13875,39.99,2015,16,30,31.18
190424,Active,248769,NA,NA,D,11,1,508792.2675,39.95,2006,29,4,32.62
190425,Active,495616,NA,NA,D,12,1,447931.1625,40.95,2011,35,16.44,37.48
190426,Active,775115,NA,NA,D,2,1,7547194.295,39.95,2002,16,8.98,48.91
190427,Active,203601,NA,NA,D,0,0,1578303.163,49.95,2003,21,14.59,51.99
190428,Active,546720,NA,NA,D,2,1,580517.1325,59.99,2010,16,18.39,28.98
190429,Active,898609,NA,NA,S,3,1,26415.5425,65.99,2014,27,43.99,42.39
190430,Active,789672,NA,NA,S,1,0,1212502.611,86.99,2007,17,14.77,54.88
190431,Active,778571,NA,NA,D,1,0,195809.6063,60.95,2007,21,10.98,31.99
190432,Active,664735,NA,NA,S,2,1,82244.375,54.95,2013,53,29.82,32.2
190433,Active,592473,NA,NA,D,1,0,1182030.325,82.95,2007,18,4,25.94
190434,Active,543751,NA,NA,S,2,1,1082345.735,81.95,2012,25,36.39,68.27
190435,Active,635094,NA,NA,S,2,1,581408.2413,53,2009,18,19.55,36.35
190436,Active,170176,NA,NA,S,3,1,456511.8825,53.95,2009,33,4,10.52
190437,Active,862230,NA,NA,S,5,1,16296.22125,52.95,2014,37,32.41,33.71
190438,Active,170181,NA,NA,D,4,1,175720.7463,48.95,2011,83,4.16,15.98
190439,Active,608785,NA,NA,D,2,1,569374.7688,47.95,2006,108,4,4
190440,Active,179205,NA,NA,D,3,1,227388.295,58.95,2008,76,4,12.97
190441,Active,641652,NA,NA,D,0,0,1195423.003,69.99,2007,18,31.54,67.48
190442,Active,527151,NA,NA,S,4,1,258156.575,46.95,2007,41,6.86,33.98
190443,Active,700430,NA,NA,D,4,1,2215489.28,36.95,2003,32,4,12.77
190444,Active,527150,NA,NA,S,6,1,51877.12,53,2012,61,21.98,30.13
190445,Active,3462461,NA,NA,S,8,1,29927,48.95,2016,22,36.57,46.49
190446,Active,147132,NA,NA,S,5,1,673980.4913,40.95,2004,28,4,43.63
190447,Active,147165,NA,NA,D,5,1,1158277.458,34.95,2004,35,4,5.21
190448,Active,3719048,NA,NA,S,5,1,54593.65,48,2015,12,43.23,45.74
190449,Active,141976,NA,NA,D,3,1,57352.675,37.99,2009,109,4.6,33.92
190450,Active,879789,NA,NA,D,3,1,320860.7563,46.49,2009,34,6.52,45.47
190451,Active,545997,NA,NA,D,4,1,7135.82125,32.76,2012,88,13.46,25.99
190452,Active,613477,NA,NA,S,1,0,1543.9,69,2013,62,10.19,11.46
190453,Active,57087,NA,NA,S,3,1,17960.6525,61.95,2007,117,30.89,32.57
190454,Active,141948,NA,NA,S,6,1,119217.5513,13.98,2009,154,4,7.41
190455,Active,142065,NA,NA,S,7,1,13452.20625,26.75,2012,152,4,8.99
190456,Active,644635,NA,NA,S,0,0,39142.7,63.99,2012,12,37.08,38.73
190457,Active,643918,NA,NA,D,0,0,181099.3263,61.99,2010,21,32.94,0
190458,Active,652587,NA,NA,S,2,1,101195.4413,46.95,2012,27,21.57,21.54
190459,Active,1936245,NA,NA,S,1,0,26817,64.99,2014,14,38.94,39.47
190460,Active,1936339,NA,NA,S,1,0,42956.75,59.99,2014,12,46.57,41.89
190461,Active,661278,NA,NA,S,0,0,32446.275,65.95,2009,22,43.26,43.28
190462,Active,621982,NA,NA,D,1,0,407112.93,54.99,2009,18,9.71,6.84
190463,Active,1936217,NA,NA,S,1,0,3176,57.99,2014,15,38.52,33.99
190464,Active,534499,NA,NA,S,4,1,2519.6975,12.95,2010,52,8.88,0
190465,Active,536373,NA,NA,S,5,1,66841.785,29.95,2012,60,13.98,23.97
190466,Active,625771,NA,NA,S,3,1,1114477.015,46.6,2007,27,4.57,24.99
190467,Active,879560,NA,NA,S,7,1,731.98375,37,2014,118,19.33,25.48
190468,Active,288325,NA,NA,D,5,1,30496.64625,26.61,2010,165,4,13.86
190469,Active,54245,NA,NA,S,5,1,110111.1063,13.99,2009,108,4,10.68
190470,Active,536624,NA,NA,D,6,1,2350.4525,27.11,2011,135,5.97,17.59
190471,Active,633187,NA,NA,S,1,0,56290.075,64.99,2011,15,53.99,45.31
190472,Active,170185,NA,NA,S,5,1,205501.5163,40.95,2011,84,4,14.39
190473,Active,541612,NA,NA,S,2,1,414395.5788,42.95,2006,16,10.43,84.49
190474,Active,432382,NA,NA,S,3,1,46766.155,91,2009,66,28.93,67.16
190475,Active,559848,NA,NA,D,2,1,694899.7588,24.98,2002,48,4,13.96
190476,Active,327749,NA,NA,S,5,1,346578.6813,54.73,2007,15,8.36,54.71
190477,Active,560726,NA,NA,S,3,1,1608556.434,28.2,2001,56,3.99,11.4
190478,Active,740313,NA,NA,D,4,1,1215141.391,33.33,2004,66,4,9.91
190479,Active,595223,NA,NA,S,7,1,39390.8875,91,2012,61,47.36,68.94
190480,Active,734294,NA,NA,D,4,1,1369957.143,10.97,2003,41,3.6,10.97
190481,Active,560056,NA,NA,D,6,1,295263.4025,95.93,2009,38,5.4,67.9
190482,Active,125663,NA,NA,D,1,0,1822255.039,110,1996,30,22.87,68.74
190483,Active,560011,NA,NA,D,5,1,608538.2088,10.68,2006,54,4,10.48
190484,Active,322740,NA,NA,D,6,1,712011.9588,41.2,2008,60,4,32.95
190485,Active,608212,NA,NA,D,3,1,557256.4425,75,2007,29,10.75,41.77
190486,Active,871119,NA,NA,S,1,0,759386.2688,59.95,1995,86,4,10.28
190487,Active,609975,NA,NA,S,4,1,432366.8038,75,2013,17,41.8,51.47
190488,Active,765685,NA,NA,S,7,1,585878.0575,110.95,2003,60,6.99,19.65
190489,Active,286411,NA,NA,D,1,0,194646.79,152,2008,87,4,8.01
190490,Active,642141,NA,NA,S,2,1,543505.5463,131.33,2012,25,13.39,73.45
190491,Active,829551,NA,NA,D,4,1,1817537.454,52.95,2003,24,4,72.59
190492,Active,634850,NA,NA,S,6,1,216622.9563,87,2011,31,47.03,57.95
190493,Active,700783,NA,NA,D,5,1,1108377.516,69,2006,23,4.72,60.55
190494,Active,1870278,NA,NA,S,0,0,12596.1,59.99,2014,11,39.23,39.29
190495,Active,114098,NA,NA,S,5,1,2297372.394,91.8,2000,36,4,10.98
190496,Active,104137,NA,NA,D,2,1,2128596.746,22.97,2002,25,4,23.06
190497,Active,115827,NA,NA,D,6,1,1289398.724,104.4,2004,45,4,26.43
190498,Active,527138,NA,NA,D,5,1,97753.655,92.95,2011,94,4.47,13.98
190499,Active,533974,NA,NA,D,4,1,425436.2175,89.95,2008,69,4,8.79
190500,Active,615044,NA,NA,S,7,1,741468.0263,198.8,2001,62,4,0
190501,Active,623390,NA,NA,S,2,1,42187.58375,57.95,2012,55,11.98,28.79
190502,Active,617526,NA,NA,D,3,1,2646877.693,83,2004,20,4,28.94
190503,Active,553508,NA,NA,S,4,1,78186.60125,134.4,2009,38,21.99,101.93
190504,Active,118369,NA,NA,D,7,1,388169.2613,95.4,2007,32,4.71,8.07
190505,Active,118977,NA,NA,S,8,1,21411.3725,156.8,2010,52,27.26,62.98
190506,Active,607277,NA,NA,D,6,1,1999463.446,93,2003,29,4,10.43
190507,Active,268232,NA,NA,S,3,1,874095.0688,49.95,2010,17,31.99,71.96
190508,Active,598456,NA,NA,D,0,0,3002581.789,38.95,2000,25,4,12.45
190509,Active,132280,NA,NA,D,1,0,413373.0238,154,2007,61,4,8.87
190510,Active,715620,NA,NA,S,4,1,3031961.376,88,1997,33,4.38,17.75
190511,Active,118368,NA,NA,D,7,1,298315.8,147.4,2006,41,7.96,54.52
190512,Active,60740,NA,NA,D,6,1,2246770.489,91.8,2003,35,4,18.74
190513,Active,2256518,NA,NA,S,7,1,811608.0325,121.41,2010,28,21.45,85.33
190514,Active,52729,NA,NA,D,7,1,26076.24375,57.65,2010,69,10.12,35.43
190515,Active,52728,NA,NA,D,6,1,117743.8688,32,2007,79,4,29.83
190516,Active,52727,NA,NA,D,5,1,1301816.964,76.56,2004,62,4,14.81
190517,Active,291634,NA,NA,S,1,0,128639.5713,147.95,2003,39,25.82,50.32
190518,Active,632255,NA,NA,D,1,0,1010481.91,57.6,2005,22,3.99,21.81
190519,Active,553131,NA,NA,S,2,1,468859.5063,77,2012,45,16.04,60.16
190520,Active,320288,NA,NA,S,3,1,677417.5363,99.95,2002,29,23.27,70.49
190521,Active,253938,NA,NA,D,5,1,586881.6163,185.95,2010,75,5.14,23.99
190522,Active,876763,NA,NA,D,5,1,1458206.024,83.33,2010,37,8.54,84.96
190523,Active,60741,NA,NA,D,4,1,1727720.419,177.95,2005,60,3.99,8.8
190524,Active,846711,NA,NA,D,2,1,911208.6938,120,1994,18,28.49,60.46
190525,Active,2559778,NA,NA,D,0,0,4755364.203,168.43,1981,19,7.19,119.06
190526,Active,277952,NA,NA,S,2,1,245026.8538,183.95,2000,35,19.72,123
190527,Active,624249,NA,NA,D,5,1,2190430.734,46.95,2006,29,4,6.09
190528,Active,593993,NA,NA,D,6,1,1022248.813,46.95,2010,24,7.7,16.33
190529,Active,527136,NA,NA,S,5,1,242629.5938,21.99,2010,25,13.8,15.26
190530,Active,114375,NA,NA,D,2,1,564164.1763,103.6,2003,19,12.06,57.61
190531,Active,614952,NA,NA,S,1,0,168110.7725,91.4,2004,55,18.92,62.96
190532,Active,638025,NA,NA,D,1,0,1174078.6,142.93,2012,24,11.07,15.14
190533,Active,527135,NA,NA,D,6,1,422177.855,176.2,2008,154,4,13.99
190534,Active,120209,NA,NA,D,7,1,159040.3713,174.8,2011,119,4,14.93
190535,Active,553084,NA,NA,S,1,0,187791.3738,156.4,2012,44,9.14,18.07
190536,Active,635618,NA,NA,D,1,0,329957.255,115.6,2012,100,4.98,41.82
190537,Active,298884,NA,NA,D,7,1,158773.2613,79.95,2011,55,7.04,14.29
190538,Active,268242,NA,NA,D,5,1,2347642.95,73.95,2005,43,4,18.99
190539,Active,268226,NA,NA,D,6,1,766957.2725,79.95,2008,51,4,8.47
190540,Active,115333,NA,NA,D,3,1,731003.6225,102.2,2002,42,4,52.73
190541,Active,557341,NA,NA,S,1,0,36997.75,199.6,2009,45,33.99,137.52
190542,Active,872474,NA,NA,S,3,1,534514.9575,78,1998,31,4,25.96
190543,Active,117504,NA,NA,D,4,1,290391.1413,114.2,2004,39,4.4,19.95
190544,Active,133277,NA,NA,S,5,1,26115.29625,98.95,2010,64,43.99,65.99
190545,Active,200415,NA,NA,D,1,0,395428.1763,126.95,2010,49,4.99,80.97
190546,Active,663201,NA,NA,D,6,1,26664.98,99.95,2013,88,7.99,33.76
190547,Active,248793,NA,NA,D,5,1,359056.9863,79.95,2006,191,4,6.34
190548,Active,253991,NA,NA,D,6,1,42486.035,94.95,2011,153,7.13,44.89
190549,Active,222323,NA,NA,S,1,0,635518.4125,90,2007,21,33.98,0
190550,Active,1869363,NA,NA,S,11,1,360592.0188,49.95,2014,19,16.86,40.4
190551,Active,872206,NA,NA,D,3,1,1551210.056,109.27,2001,23,6.88,24.67
190552,Active,334071,NA,NA,S,3,1,5462.685,73.25,2011,66,38.17,49.17
190553,Active,614960,NA,NA,D,3,1,22754.1625,92.31,2001,139,4.33,17.94
190554,Active,633216,NA,NA,D,1,0,193846.9613,105.4,2010,35,4.94,53.49
190555,Active,556892,NA,NA,S,1,0,37636.86125,133.4,2011,60,42.18,127.03
190556,Active,285925,NA,NA,D,2,1,1011115.076,104.2,2003,49,4,9.98
190557,Active,120961,NA,NA,D,3,1,292642.13,148.2,2008,36,21.52,66.03
190558,Active,537919,NA,NA,S,3,1,1211319.504,80.2,2003,35,4,7.84
190559,Active,607768,NA,NA,D,5,1,47133.37125,140,2010,78,10.25,40.76
190560,Active,1477570,NA,NA,S,7,1,240136.6313,49.99,2015,21,39.25,40.11
190561,Active,720700,NA,NA,S,1,0,484136.2538,35,2005,97,4,6.84
190562,Active,213166,NA,NA,D,3,1,2142776.806,32.95,2005,31,4,44.07
190563,Active,870015,NA,NA,S,5,1,457193.2063,48.95,2013,49,27.47,32.3
190564,Active,640515,NA,NA,D,4,1,1006560.475,43.95,2009,41,4.9,32.95
190565,Active,1938951,NA,NA,S,13,1,32641.975,49,2014,29,23.33,38.83
190566,Active,270662,NA,NA,S,12,1,518380.1638,49,2009,80,4,9.08
190567,Active,575282,NA,NA,D,6,1,625166.8088,39.95,2007,41,4,14.97
190568,Active,545430,NA,NA,D,7,1,297516.6425,47,2011,31,6.47,27.83
190569,Active,639482,NA,NA,S,3,1,607875.96,55.95,2001,29,10.81,31.09
190570,Active,2829362,NA,NA,D,3,1,1562089.949,44,2005,25,4,46.3
190571,Active,560374,NA,NA,S,5,1,841500.8813,110,2010,29,31.35,94.62
190572,Active,725142,NA,NA,D,0,0,4857537.996,39.95,2003,17,4.39,88.24
190573,Active,630354,NA,NA,D,2,1,911658.1063,45,1998,46,4.07,42.73
190574,Active,127670,NA,NA,D,2,1,524002.1588,60,2006,22,4,78.65
190575,Active,1707784,NA,NA,S,4,1,113244.72,57,2015,33,22.02,39.99
190576,Active,610165,NA,NA,D,3,1,231641.9413,55,2013,32,5.98,38.51
190577,Active,527131,NA,NA,S,3,1,288870.2388,53,2010,32,11.41,12.99
190578,Active,158141,NA,NA,S,1,0,143196.1963,58.95,2007,31,20.29,53.44
190579,Active,175712,NA,NA,S,1,0,219895.1713,84.99,2007,53,42.93,53.01
190580,Active,552726,NA,NA,D,5,1,1213838.999,145,2007,20,4.98,90.31
190581,Active,2631451,NA,NA,D,4,1,3194116.46,104.6,1999,30,4,65.9
190582,Active,566512,NA,NA,S,3,1,196874.1125,103.93,2003,75,8.06,54.68
190583,Active,3245978,NA,NA,S,2,1,3244057.25,79.98,1995,24,13.21,54.98
190584,Active,247448,NA,NA,S,2,1,203549.63,61,2009,23,29.65,37.35
190585,Active,619334,NA,NA,S,11,1,73894.92,95,2011,45,31.11,73.58
190586,Active,540241,NA,NA,S,5,1,71607.09,49,2012,44,22.94,36.89
190587,Active,714740,NA,NA,S,8,1,2169739.913,59.2,2002,33,3.99,35.33
190588,Active,1550555,NA,NA,S,4,1,321572.9313,54.95,2014,18,17.11,45.49
190589,Active,624011,NA,NA,S,3,1,379035.1475,52.95,2008,25,6.29,41.46
190590,Active,903794,NA,NA,S,2,1,1480197.769,80,2005,25,29.29,78.15
190591,Active,564713,NA,NA,D,1,0,1992250.921,53.95,2009,15,6.89,28.98
190592,Active,565106,NA,NA,D,1,0,384264.0363,52.95,2008,44,4,47.06
190593,Active,52614,NA,NA,D,9,1,2233872.561,89.8,2005,61,4,32.99
190594,Active,52615,NA,NA,D,10,1,829710.7025,108.6,2007,71,4,24.98
190595,Active,52616,NA,NA,D,12,1,86399.545,145.6,2011,50,8.48,62.78
190596,Active,655331,NA,NA,S,1,0,92838.50125,58.95,2012,19,45.99,49.78
190597,Active,533661,NA,NA,D,7,1,17961.1725,100,2011,84,14.48,32.86
190598,Active,52580,NA,NA,D,6,1,76389.02375,84.95,2007,139,4,28.67
190599,Active,314734,NA,NA,D,5,1,355265.6225,49,2005,43,4,26.74
190600,Active,621928,NA,NA,S,7,1,62135.48375,58.8,2011,49,34.01,38.98
190601,Active,527130,NA,NA,D,6,1,177945.1138,58.8,2007,53,4,13.42
190602,Active,189113,NA,NA,S,0,0,321334.0988,41.95,1999,22,18.56,26.97
190603,Active,3549278,NA,NA,D,6,1,2237310.55,55,1997,63,4,38.52
190604,Active,624484,NA,NA,S,6,1,326610.6863,104.4,2003,45,19.9,66.12
190605,Active,3592870,NA,NA,S,0,0,53826.5,59.95,2013,24,50.28,47.56
190606,Active,632023,NA,NA,S,4,1,119979.1113,55,2013,35,11.94,45.58
190607,Active,618951,NA,NA,S,0,0,26236.575,44.99,2010,35,20.06,21.99
190608,Active,130561,NA,NA,S,10,1,341693.4125,90.95,2011,34,11.58,57.72
190609,Active,132412,NA,NA,S,3,1,1057197.475,87.6,2007,29,3.99,7.68
190610,Active,132965,NA,NA,S,4,1,837682.05,90.4,2009,27,4,15.99
190611,Active,155361,NA,NA,S,2,1,676610.8188,127.95,1999,42,4,48.98
190612,Active,145535,NA,NA,S,17,1,1336956.461,115.95,2006,37,4,68.23
190613,Active,740624,NA,NA,D,5,1,5088155.419,105.6,2005,32,4.27,9.99
190614,Active,527129,NA,NA,S,8,1,534526.455,202,2012,41,28.99,72.26
190615,Active,133128,NA,NA,D,7,1,866386.6825,149,2009,28,4,12.99
190616,Active,132371,NA,NA,D,6,1,2764541.006,130.8,2007,25,4.2,8.94
190617,Active,527128,NA,NA,S,11,1,302366.105,160.2,2012,39,29.91,99.72
190618,Active,145236,NA,NA,D,9,1,943250.7088,105.6,2005,33,4,12.99
190619,Active,132376,NA,NA,D,10,1,697643.3788,173,2007,41,4,87.27
190620,Active,545804,NA,NA,S,4,1,216320.4075,73,2013,21,41.87,61.29
190621,Active,260048,NA,NA,D,3,1,743419.4388,60,2001,50,4,44.45
190622,Active,830183,NA,NA,D,0,0,791883.4313,58.95,1998,29,4,33.94
190623,Active,201657,NA,NA,S,2,1,2266175.818,47.95,2014,25,4,42.73
190624,Active,266114,NA,NA,S,0,0,344091.4788,32.5,2010,21,7.97,21.93
190625,Active,246812,NA,NA,S,3,1,1468718.73,62.99,2007,31,4,0
190626,Active,2539092,NA,NA,D,2,1,6293320.548,56.95,2002,24,4.74,43.96
190627,Active,190013,NA,NA,D,0,0,136727.26,46,2006,42,27.96,36.23
190628,Active,53082,NA,NA,D,4,1,1866901.518,174.95,2007,41,4.35,11.79
190629,Active,53083,NA,NA,D,5,1,1056171.863,239.95,2009,69,4,12.43
190630,Active,533618,NA,NA,D,6,1,508311.2625,217.95,2012,67,5.48,73.83
190631,Active,183144,NA,NA,D,1,0,1599666.246,49.95,2005,41,3.99,7.83
190632,Active,120619,NA,NA,D,8,1,661086.5725,159.4,2008,57,4,18.81
190633,Active,1483205,NA,NA,S,10,1,481433.3775,226.53,2012,29,6.74,32.88
190634,Active,3473580,NA,NA,S,10,1,84096.175,126.33,2015,17,53.3,53.13
190635,Active,667221,NA,NA,S,10,1,628289.3163,147.33,2012,36,5.26,48.46
190636,Active,60744,NA,NA,S,7,1,2712428.989,140.2,2006,34,4,15.97
190637,Active,133494,NA,NA,S,9,1,424595.7238,205.6,2010,54,4,28.99
190638,Active,120621,NA,NA,S,8,1,1036223.329,159.4,2008,51,4,5.75
190639,Active,133433,NA,NA,D,9,1,683628.705,171.8,2011,44,4.48,43.59
190640,Active,866979,NA,NA,S,2,1,45212.0475,44.95,2014,53,18.78,42.99
190641,Active,279140,NA,NA,D,4,1,1696558.36,74.95,2006,44,4,10.89
190642,Active,270682,NA,NA,D,5,1,138933.0538,106,2011,53,5.37,23.49
190643,Active,183606,NA,NA,S,2,1,160453.4425,153.95,2007,46,4.92,39.94
190644,Active,127148,NA,NA,S,5,1,1201345.47,47.95,2006,53,4,12.49
190645,Active,3485333,NA,NA,D,5,1,4145969.2,86.4,2007,29,4,43.49
190646,Active,918864,NA,NA,D,6,1,1741387.395,69.2,2009,31,4,10.09
190647,Active,51984,NA,NA,D,14,1,115222.0375,144.8,2011,99,4.9,49.49
190648,Active,51983,NA,NA,D,13,1,501968.9925,134.8,2008,76,4,10.49
190649,Active,260082,NA,NA,D,8,1,2918820.619,69.95,2003,31,4,13.99
190650,Active,229133,NA,NA,D,9,1,769531.065,72.95,2007,36,4.19,10.96
190651,Active,914927,NA,NA,S,4,1,163953.4575,64.95,2014,45,13.23,42.98
190652,Active,129099,NA,NA,D,2,1,1592809.079,52.95,2008,35,4,12.98
190653,Active,918685,NA,NA,D,2,1,3020681.521,55,2006,27,4.35,9.99
190654,Active,129238,NA,NA,D,3,1,472537.1788,65.95,2011,48,4,39.18
190655,Active,144049,NA,NA,S,5,1,422297.6488,144.6,1999,44,10.99,37.89
190656,Active,247179,NA,NA,S,2,1,657406.5188,68.95,2010,32,8.89,61.79
190657,Active,904585,NA,NA,D,5,1,2478133.101,55.95,2001,21,4,20.2
190658,Active,177834,NA,NA,S,7,1,365188.2375,199.95,2009,43,33.44,60.42
190659,Active,291622,NA,NA,D,6,1,888609.2975,197.95,2002,45,4,28.53
190660,Active,134931,NA,NA,D,1,0,5656245.024,305,2009,16,17.99,57.7
190661,Active,607598,NA,NA,D,3,1,334001.8775,49.95,2008,67,4,25.68
190662,Active,129475,NA,NA,D,4,1,354989.3575,55.95,2011,46,4.39,30.06
190663,Active,867956,NA,NA,S,5,1,52767.16375,59.95,2014,55,30.88,49.36
190664,Active,177823,NA,NA,D,5,1,590294.8675,139.95,2005,41,4,12.5
190665,Active,612765,NA,NA,S,7,1,39985.68125,76.5,2013,54,38.87,55.99
190666,Active,663792,NA,NA,S,7,1,64138.36875,61,2013,30,40.56,45.23
190667,Active,229168,NA,NA,D,4,1,791359.5425,78.95,2008,66,4,42.33
190668,Active,174950,NA,NA,S,2,1,478695.9875,49.99,2007,41,4.76,39.73
190669,Active,117076,NA,NA,S,2,1,645749.9875,125.8,2007,36,8.83,22.98
190670,Active,626648,NA,NA,S,8,1,79108.5225,82,2013,64,7.85,50.35
190671,Active,195061,NA,NA,D,5,1,723638.2938,69.95,2007,42,4,17.74
190672,Active,254373,NA,NA,D,5,1,1278569.219,64.95,2009,28,4.95,14.99
190673,Active,654119,NA,NA,S,7,1,1704192.671,54.99,2010,21,5.38,110.35
190674,Active,2082231,NA,NA,S,0,0,431262.5363,35,2014,10,23.18,21.92
190675,Active,859168,NA,NA,S,3,1,1238474.733,275,2004,16,22.59,89.19
190676,Active,1840069,NA,NA,S,2,1,2020049.484,90.95,2008,28,8.22,59.31
190677,Active,2589188,NA,NA,S,0,0,552643.8875,79.99,1974,45,5.11,58.08
190678,Active,868173,NA,NA,D,2,1,949848.6038,57,1990,20,4.76,41.39
190679,Active,261984,NA,NA,S,2,1,42654.61625,115.95,2007,30,54.96,64.58
190680,Active,113837,NA,NA,D,2,1,269365.6575,140,2003,32,9.96,53.99
190681,Active,902390,NA,NA,D,2,1,2670906.434,53.95,1991,11,6.14,675
190682,Active,2832399,NA,NA,D,1,0,2003379.716,250,1999,9,43.99,59.98
190683,Active,2649408,NA,NA,S,2,1,485046.6525,49.95,2002,24,21.32,23.97
190684,Active,768814,NA,NA,D,1,0,1018195.01,247.95,2003,32,4,28.99
190685,Active,543836,NA,NA,S,3,1,60858.19625,218.95,2012,38,22.99,82.07
190686,Active,117829,NA,NA,D,1,0,68287.85375,132,2007,67,8.98,54.43
190687,Active,3068970,NA,NA,S,3,1,8251.7925,62.98,2005,20,57.67,62.98
190688,Active,610078,NA,NA,S,3,1,36953.2,49.95,2013,88,18.99,33.97
190689,Active,618831,NA,NA,D,0,0,1247069.676,40,2007,47,4,9.99
190690,Active,633860,NA,NA,D,2,1,636745.4588,40,2012,59,4.7,36.34
190691,Active,541805,NA,NA,S,2,1,87309.79,44.95,2013,40,24.98,31.99
190692,Active,555267,NA,NA,S,2,1,427963.325,49.95,1997,40,12.44,38.19
190693,Active,169303,NA,NA,D,2,1,3621816.72,171.23,2006,12,4,122.61
190694,Active,1656973,NA,NA,D,1,0,2074427.759,147.39,2011,22,5.44,72.77
190695,Active,57922,NA,NA,D,2,1,1333735.026,119.95,2005,52,4,12.89
190696,Active,616236,NA,NA,S,5,1,160990.4763,98.95,1993,46,4.02,39.84
190697,Active,175945,NA,NA,S,1,0,87565.7,84.99,2010,32,42.83,63.99
190698,Active,622639,NA,NA,D,1,0,289703.2975,44.95,2011,43,4.73,27.99
190699,Active,864526,NA,NA,S,2,1,86209.05375,54.95,2014,25,40.98,50.65
190700,Active,450438,NA,NA,D,10,1,160463.1538,303.95,2007,106,4,33.83
190701,Active,527106,NA,NA,D,11,1,69214.7425,286.95,2011,92,6.39,33.97
190702,Active,630261,NA,NA,S,2,1,249814.2988,35,2004,29,18.56,25.4
190703,Active,625044,NA,NA,D,8,1,3368517.151,71.95,2005,22,4,27.99
190704,Active,623477,NA,NA,D,0,0,540966.9263,64.95,2010,45,4,42.96
190705,Active,575860,NA,NA,D,9,1,540922.4288,86.05,2010,24,4,54.34
190706,Active,293892,NA,NA,D,1,0,150564.4525,139.95,2010,91,4.28,47.42
190707,Active,631807,NA,NA,S,2,1,475671.8338,49.99,2004,35,28.97,45.1
190708,Active,582265,NA,NA,D,1,0,335268.855,75,2011,42,5.74,63.31
190709,Active,868087,NA,NA,D,0,0,976110.6475,72.4,2004,31,4,11.24
190710,Active,619366,NA,NA,S,2,1,175764.4375,120.4,2009,54,25.99,79.2
190711,Active,1660707,NA,NA,S,1,0,17629.75,50,2013,15,27.9,40.65
190712,Active,410136,NA,NA,D,0,0,865435.8138,104.95,2009,24,11.25,98.13
190713,Active,527105,NA,NA,S,2,1,376104.0638,65,2008,62,17.48,47.83
190714,Active,543999,NA,NA,S,3,1,188672.715,70,2013,50,40.12,43.33
190715,Active,615312,NA,NA,S,1,0,474528.9813,120.95,2008,67,4,46.35
190716,Active,860927,NA,NA,S,2,1,96731.58375,114.95,2012,47,8.95,33.92
190717,Active,543841,NA,NA,D,8,1,13188.8675,100.95,2012,95,6.03,71.01
190718,Active,567775,NA,NA,D,7,1,496094.8713,111.95,2010,103,4,33.89
190719,Active,54287,NA,NA,D,6,1,1887083.953,77.95,2006,66,3.99,16.98
190720,Active,2071506,NA,NA,S,2,1,918133.9025,47.99,2009,47,12.89,43.98
190721,Active,609741,NA,NA,D,3,1,1782966.975,47.95,2006,52,4,14.98
190722,Active,919055,NA,NA,D,4,1,2944851.279,48.95,2001,39,4.4,30.99
190723,Active,527103,NA,NA,S,6,1,308337.51,57.95,2012,30,23.96,40.1
190724,Active,135596,NA,NA,D,5,1,610392.195,57.95,2007,39,4.84,25.23
190725,Active,550713,NA,NA,S,1,0,23216.45,106.75,2008,46,17.74,73.98
190726,Active,550714,NA,NA,S,1,0,33159.7,101.25,2008,37,21.6,48.97
190727,Active,1658025,NA,NA,S,3,1,912459.335,116.78,2009,11,4.77,114.18
190728,Active,908647,NA,NA,D,1,0,4284885.1,49.95,1996,21,4,47.59
190729,Active,148138,NA,NA,D,4,1,608839.3675,287.95,2005,39,4.06,27.63
190730,Active,615655,NA,NA,S,2,1,1957600.508,34.95,2000,55,4,11.63
190731,Active,363683,NA,NA,S,2,1,143581.6988,44,2002,37,10.61,33.31
190732,Active,626287,NA,NA,S,3,1,215185.7363,105,2010,32,45.9,60.14
190733,Active,613473,NA,NA,D,2,1,1477438.159,101.5,2003,68,4,9.86
190734,Active,162702,NA,NA,S,1,0,88277.175,65,2010,15,52.49,52.51
190735,Active,2071500,NA,NA,D,8,1,2655638.495,99.95,2008,11,8.8,18.15
190736,Active,53961,NA,NA,D,7,1,427034.4938,91.95,2004,137,4.2,10.77
190737,Active,53962,NA,NA,D,8,1,28031.735,122.99,2008,149,4.98,26.99
190738,Active,658529,NA,NA,S,0,0,324804.2713,49.95,2009,20,18.59,30.52
190739,Active,55193,NA,NA,D,8,1,652104.8963,149.95,2002,55,4,18.8
190740,Active,55194,NA,NA,D,9,1,412211.98,140.95,2006,99,4,16.23
190741,Active,55190,NA,NA,D,8,1,1745894.221,149.95,2002,58,3.99,18.99
190742,Active,55191,NA,NA,D,9,1,335867.1388,123.95,2006,79,4,11.83
190743,Active,2171394,NA,NA,D,0,0,8274326.123,0,2007,11,27.96,24.95
190744,Active,2600951,NA,NA,S,2,1,548177.0013,54.99,1993,46,4,28.97
190745,Active,2542393,NA,NA,S,2,1,1063154.855,46.95,2003,26,12.99,36
190746,Active,538185,NA,NA,S,0,0,274989.8825,14,2008,68,5.47,0
190747,Active,194047,NA,NA,D,2,1,693564.9988,42,2005,33,4.93,0
190748,Active,527099,NA,NA,D,2,1,54293.02125,121.2,2011,87,24.05,123.93
190749,Active,115875,NA,NA,D,1,0,435816.44,91,2007,40,4.39,48.55
190750,Active,533493,NA,NA,D,7,1,56222.4725,158.95,2012,54,10.26,57.49
190751,Active,54493,NA,NA,D,6,1,368913.4263,174.95,2009,61,4,27.99
190752,Active,797555,NA,NA,S,4,1,2136839.885,127.95,2003,40,4,7.83
190753,Active,54492,NA,NA,D,5,1,1377384.254,108.95,2006,44,4,6.99
190754,Active,908390,NA,NA,D,0,0,1154797.766,37.5,2004,15,23.91,78.19
190755,Active,543528,NA,NA,S,2,1,550433.7325,59,2013,26,22.14,43.13
190756,Active,233593,NA,NA,D,1,0,1225657.216,49,2008,14,31.99,36.8
190757,Active,661113,NA,NA,S,2,1,528081.2488,47.95,2011,28,38.98,39.12
190758,Active,408144,NA,NA,D,0,0,605156.6025,85.95,2006,40,4,15.87
190759,Active,495361,NA,NA,D,2,1,152887.5988,93,2010,47,6.72,23.51
190760,Active,165745,NA,NA,D,1,0,1009223.87,140,2004,25,17.55,28.95
190761,Active,2471696,NA,NA,D,0,0,1722334.669,25,1996,34,4,72.33
190762,Active,629499,NA,NA,S,1,0,208351.9725,51.95,2001,36,11.78,52.38
190763,Active,913155,NA,NA,S,1,0,527597.5213,46.95,2001,37,11.59,31.46
190764,Active,2162417,NA,NA,D,1,0,330699.125,49.99,2011,30,7.98,39.55
190765,Active,2095792,NA,NA,S,2,1,178013.9663,49.99,2015,21,31.4,31.59
190766,Active,1587750,NA,NA,D,1,0,4285623.594,98,2009,16,14.19,62.37
190767,Active,563432,NA,NA,S,1,0,501853.2788,39.95,1994,112,4,23.49
190768,Active,563565,NA,NA,S,2,1,73125.855,39.95,2013,65,15.99,28.1
190769,Active,1982757,NA,NA,D,2,1,1246918.17,189,2014,15,173.89,173.93
190770,Active,200648,NA,NA,D,5,1,1052476.593,46.95,2010,24,24.48,77.99
190771,Active,1552285,NA,NA,S,1,0,646995.0013,41.95,2012,14,37.31,33.13
190772,Active,920697,NA,NA,S,1,0,278474.9238,39.95,2005,75,6.99,31.2
190773,Active,2600266,NA,NA,D,0,0,1379299.54,50,1993,34,6.86,41.68
190774,Active,658003,NA,NA,S,2,1,1003488.141,39.99,2013,23,22.85,39.44
190775,Active,225665,NA,NA,D,1,0,3230772.983,134.95,2000,13,75.73,53.99
190776,Active,2815770,NA,NA,D,3,1,2509054.384,122.53,2002,19,7.63,73.11
190777,Active,246683,NA,NA,S,2,1,162401.425,91.95,2008,21,40.51,48.98
190778,Active,637041,NA,NA,S,0,0,316843.3388,35.95,2010,30,20.09,22.99
190779,Active,914806,NA,NA,S,3,1,29788.935,27.95,2013,31,22.57,0
190780,Active,877937,NA,NA,D,13,1,1801867.865,67.13,2011,37,4,58.94
190781,Active,56540,NA,NA,D,12,1,466965.1988,20.69,2009,77,4,34.37
190782,Active,56541,NA,NA,D,11,1,1141378.908,10.18,2007,59,4,9.64
190783,Active,527092,NA,NA,S,4,1,334422.67,62.6,2011,41,15.6,40.72
190784,Active,620792,NA,NA,S,0,0,217212.43,49.95,2009,30,20.83,31.36
190785,Active,740317,NA,NA,D,7,1,7639558.155,60,2003,21,4.47,58.03
190786,Active,145247,NA,NA,D,8,1,1188998.336,80,2005,39,4.57,41.32
190787,Active,169383,NA,NA,D,11,1,306903.42,252.95,2007,34,7.98,54.45
190788,Active,170071,NA,NA,D,12,1,614352.9213,262.95,2010,31,22.46,73.39
190789,Active,178050,NA,NA,S,10,1,684054.895,139.95,2004,24,4,17.99
190790,Active,651776,NA,NA,D,2,1,1952573.888,71,2008,17,8.31,77.41
190791,Active,906289,NA,NA,D,0,0,5207508.241,60,2007,18,4.55,43.71
190792,Active,626815,NA,NA,D,2,1,726707.52,115,1993,22,5.14,43.98
190793,Active,164398,NA,NA,S,3,1,53487.29375,275,2002,60,43.85,78.72
190794,Active,2092057,NA,NA,S,4,1,87512.9,39.95,2015,20,24.45,27.63
190795,Active,2561898,NA,NA,D,0,0,1078135.21,208.55,1984,20,4,78.65
190796,Active,527090,NA,NA,S,3,1,84777.99375,29.99,2011,27,23.98,27.45
190797,Active,110566,NA,NA,D,4,1,1739105.828,4.96,2008,55,4,8.97
190798,Active,538534,NA,NA,D,6,1,35126.96625,121.25,2013,82,12.36,45.87
190799,Active,527089,NA,NA,D,5,1,461046.8488,118.25,2010,109,4,28.85
190800,Active,169762,NA,NA,D,2,1,727271.7663,156.95,2008,24,4.99,67.61
190801,Active,878501,NA,NA,D,0,0,965145.69,32,2007,50,5.59,32
190802,Active,56366,NA,NA,D,2,1,649967.8663,79.95,2007,60,4,18.98
190803,Active,1834475,NA,NA,S,0,0,467959.2938,19.99,2010,65,4,9.23
190804,Active,591369,NA,NA,S,1,0,6626.06,14.95,2005,361,4,7.33
190805,Active,797842,NA,NA,S,0,0,35150.675,40,2007,11,7.98,28.76
190806,Active,527082,NA,NA,S,2,1,64729.1925,38.95,2007,31,22.93,0
190807,Active,667881,NA,NA,S,1,0,521911.0875,44.95,2011,17,40.66,40.59
190808,Active,704569,NA,NA,D,1,0,1022951.606,0,2004,32,5.15,7.99
190809,Active,1757119,NA,NA,D,3,1,699121.4388,89,2010,19,88.97,99
190810,Active,2354629,NA,NA,D,0,0,740474.8938,128.55,1998,18,29.19,70.61
190811,Active,178247,NA,NA,D,3,1,933280.3288,212.95,2001,22,8.08,51.29
190812,Active,2748862,NA,NA,D,1,0,4863554.859,110,1993,11,4.76,0
190813,Active,749127,NA,NA,D,3,1,1679405.991,140,2008,19,72.28,86.94
190814,Active,2342911,NA,NA,D,1,0,155884.7588,22.92,1994,25,20.58,18.43
190815,Active,527078,NA,NA,S,2,1,465350.3738,42,2011,69,4,16.87
190816,Active,899905,NA,NA,D,2,1,1741987.501,199.95,1999,21,65.97,124.79
190817,Active,669162,NA,NA,S,0,0,36249.2,50.89,2011,20,45.19,51.78
190818,Active,177536,NA,NA,D,2,1,933210.8825,174.95,2006,44,4,13.98
190819,Active,617286,NA,NA,D,0,0,1213134.293,39.99,2007,67,4,16.67
190820,Active,613769,NA,NA,D,3,1,43809.9125,64.99,2008,128,8.61,18.13
190821,Active,867328,NA,NA,S,0,0,16354.17125,39.99,2014,46,18.79,28.99
190822,Active,613742,NA,NA,D,0,0,27565.86375,64.99,2010,111,7.67,27.99
190823,Active,1753600,NA,NA,S,1,0,29357.275,54.99,2010,22,41.39,51.57
190824,Active,616542,NA,NA,D,0,0,154709.9488,64.99,2010,52,11.91,33.98
190825,Active,639820,NA,NA,S,0,0,39443.05,39.99,2015,19,24.94,30.26
190826,Active,2095816,NA,NA,S,2,1,311430.0825,59.99,2014,21,41.83,44.19
190827,Active,2095764,NA,NA,D,1,0,387108.2188,49.99,2013,27,21.12,35.92
190828,Active,790807,NA,NA,S,0,0,776698.6125,35,2001,22,9.32,48.79
190829,Active,1441773,NA,NA,S,10,1,840631.3925,252.5,2012,25,48.27,207.04
190830,Active,765252,NA,NA,D,1,0,1787404.896,49.95,2003,29,4,85.74
190831,Active,142806,NA,NA,S,1,0,274321.7388,236.95,1996,56,6.17,68.48
190832,Active,142818,NA,NA,S,1,0,672608.6813,411.95,1996,31,4.39,71.89
190833,Active,3058457,NA,NA,D,0,0,1413869.996,81.95,2001,30,5.19,57.47
190834,Active,2610374,NA,NA,D,0,0,1467309.774,73.99,2000,20,4.22,44.97
190835,Active,240573,NA,NA,D,1,0,1835150.411,65,2005,14,33.99,39.5
190836,Active,635738,NA,NA,S,5,1,268814.3075,52,2011,34,18.74,27.15
190837,Active,2333304,NA,NA,S,2,1,2701118.568,29.95,1994,36,6.24,50.35
190838,Active,3618095,NA,NA,D,3,1,3837628.1,47.95,1994,38,4,33.92
190839,Active,254486,NA,NA,D,3,1,1124463.489,139.95,2011,41,5.95,51.71
190840,Active,200019,NA,NA,D,1,0,1325929.063,93.95,2005,51,3.99,13.9
190841,Active,254535,NA,NA,D,3,1,336667.1163,146.95,2011,86,5.89,21.56
190842,Active,200381,NA,NA,D,2,1,836091.9125,86.95,2008,81,4.35,7.24
190843,Active,2025443,NA,NA,D,2,1,355031.8225,86.5,2013,24,23.24,76.63
190844,Active,789142,NA,NA,D,3,1,1793972.075,79.95,2002,43,4.08,43.94
190845,Active,203504,NA,NA,S,3,1,660384.2188,89.95,2003,18,12.41,0
190846,Active,627147,NA,NA,D,2,1,1176222.285,119.99,2007,23,6.98,48.99
190847,Active,877533,NA,NA,S,2,1,82381.87125,62.5,2015,39,23.98,28.98
190848,Active,135564,NA,NA,D,2,1,2576132.905,44.95,2003,35,4,11.89
190849,Active,225664,NA,NA,S,2,1,119409.6563,104.95,2001,37,33.96,65.96
190850,Active,226058,NA,NA,S,2,1,3009946.364,84.95,1995,27,4,26.89
190851,Active,2216222,NA,NA,S,4,1,268736.2438,51.75,2015,10,42.23,44.82
190852,Active,217684,NA,NA,S,4,1,1393656.134,39.99,2005,41,5.27,23.93
190853,Active,630149,NA,NA,D,1,0,790084.0713,87.95,2008,16,15,16.7
190854,Active,635525,NA,NA,S,2,1,172330.1538,79.95,2013,38,33.94,43.01
190855,Active,619448,NA,NA,S,3,1,697813.6075,335.95,2003,43,4.15,0
190856,Active,190457,NA,NA,S,8,1,228807.2913,99.76,1999,63,13.24,52.54
190857,Active,878830,NA,NA,S,11,1,1102867.768,176.83,2012,14,40.5,160.67
190858,Active,111469,NA,NA,S,10,1,1181309.885,68.45,2010,17,9.33,54.05
190859,Active,417249,NA,NA,S,10,1,1289327.589,61.16,2010,26,5.39,38.93
190860,Active,909993,NA,NA,S,9,1,1251729.271,7.99,2008,16,5.47,16.54
190861,Active,108048,NA,NA,S,5,1,1902416.328,11.56,2002,39,4.49,11.36
190862,Active,259213,NA,NA,S,3,1,124674.075,34.95,1997,102,5.7,18.77
190863,Active,181835,NA,NA,S,2,1,423124.75,49.99,2003,67,4,32.25
190864,Active,632751,NA,NA,S,2,1,1424281.031,91.99,2008,31,9.14,42.55
190865,Active,1455230,NA,NA,S,2,1,129615.2275,41.33,2014,18,39.25,39.27
190866,Active,287312,NA,NA,S,4,1,132889.1938,19.95,2010,121,11.49,14.98
190867,Active,570567,NA,NA,D,3,1,291535.9375,199.95,2010,65,10.17,43.87
190868,Active,773440,NA,NA,D,1,0,2826861.564,136.95,2004,41,4,4.36
190869,Active,594073,NA,NA,D,2,1,1619332.241,219.95,2009,49,4,10.49
190870,Active,870588,NA,NA,D,0,0,4450047.976,70.8,2004,30,4,6.98
190871,Active,613598,NA,NA,D,2,1,1287037.551,89.4,2008,47,4,11.94
190872,Active,800042,NA,NA,D,5,1,1628087.116,75,2005,17,5.38,45.69
190873,Active,225827,NA,NA,D,0,0,314850.5763,96.95,2004,53,6.14,7.99
190874,Active,552545,NA,NA,S,0,0,96079.275,121.2,2006,27,23.92,48.98
190875,Active,277953,NA,NA,S,5,1,621591.0113,183.95,2000,51,5.05,41.67
190876,Active,620888,NA,NA,S,1,0,302547.8038,50,2003,45,8.53,28.64
190877,Active,600653,NA,NA,D,0,0,1394695.248,53.95,2010,27,7.23,20.98
190878,Active,2089588,NA,NA,S,2,1,178705.855,54.95,2014,34,23.49,45.93
190879,Active,904904,NA,NA,D,1,0,4782362.19,210,2008,18,54.44,57.31
190880,Active,266383,NA,NA,D,3,1,162466.5925,39.95,2009,26,23.99,0
190881,Active,630716,NA,NA,S,2,1,862407.1638,52.95,2006,44,6.89,34.37
190882,Active,624898,NA,NA,D,0,0,1205415.586,184.95,2005,22,31.25,73.66
190883,Active,527071,NA,NA,S,2,1,399590.4063,44.95,2008,13,44.94,44.95
190884,Active,599720,NA,NA,S,2,1,1977898.329,54,2010,18,4,28.99
190885,Active,3262916,NA,NA,D,0,0,2389032.6,159.05,2005,9,38.99,158.37
190886,Active,2341019,NA,NA,S,14,1,2535805.121,17.13,1987,51,4,15.42
190887,Active,2341021,NA,NA,S,16,1,2625903.848,35,1993,29,4,33.98
190888,Active,2663612,NA,NA,S,7,1,2543980.711,67.11,1986,16,4,79.96
190889,Active,620912,NA,NA,S,0,0,624822.0613,39.95,2000,44,5.02,20.54
190890,Active,196386,NA,NA,S,4,1,2151971.573,36.95,1995,22,4.98,10.68
190891,Active,2836215,NA,NA,S,2,1,1056150.169,288.95,1992,36,6.02,147.21
190892,Active,847573,NA,NA,S,10,1,704244.3388,29.56,1996,34,4,21.13
190893,Active,182431,NA,NA,D,11,1,102349.0313,140.13,2000,40,4,79.23
190894,Active,183057,NA,NA,D,11,1,288576.6813,109.95,2003,36,6.97,78.27
190895,Active,542050,NA,NA,S,11,1,615956.8825,132.95,2009,33,24.14,76.68
190896,Active,555150,NA,NA,S,3,1,14558.94625,41.19,2005,68,12.84,12.88
190897,Active,789262,NA,NA,D,0,0,2637232.55,149,2002,18,4.29,137.17
190898,Active,2751081,NA,NA,D,2,1,2294254.334,197.99,2004,14,7.61,73.97
190899,Active,291171,NA,NA,S,2,1,456374.87,33.99,1999,133,4,7.25
190900,Active,267306,NA,NA,D,1,0,977346.2175,49.95,2005,54,3.99,13.97
190901,Active,259840,NA,NA,D,2,1,1798476.748,39,2005,36,4,89.84
190902,Active,259851,NA,NA,S,3,1,383340.0313,42,2010,49,18.85,41.99
190903,Active,196770,NA,NA,D,1,0,2760435.348,81.95,2005,28,4,43.93
190904,Active,148581,NA,NA,D,5,1,534326.375,306.95,2007,58,5.48,19.95
190905,Active,561786,NA,NA,S,3,1,943252.1788,167.95,2002,38,4.71,14.9
190906,Active,254165,NA,NA,D,6,1,176919.1463,325.95,2010,62,6.98,41.98
190907,Active,544335,NA,NA,D,7,1,49525.5725,295.95,2013,81,6.24,53.99
190908,Active,2566570,NA,NA,D,3,1,3789442.103,195,1995,18,7.55,80.26
190909,Active,252038,NA,NA,S,2,1,628868.9813,205.95,2009,39,16.74,63.91
190910,Active,647921,NA,NA,S,5,1,1026550.169,90.95,2008,65,53.57,60.97
190911,Active,3601458,NA,NA,S,4,1,8835411.85,169.95,1996,22,4,67.02
190912,Active,882579,NA,NA,S,3,1,7049637.784,70,1999,16,4.98,93.57
190913,Active,2697494,NA,NA,D,5,1,7045519.293,63.95,1998,14,5.43,66.89
190914,Active,1522953,NA,NA,S,7,1,222353.4263,65.95,2010,34,49.35,48.98
190915,Active,204022,NA,NA,D,0,0,286738.2088,164.99,2009,30,100.5,100.51
190916,Active,271050,NA,NA,D,4,1,25812.27,34,2011,55,12.91,33.98
190917,Active,57010,NA,NA,S,2,1,277789.7563,22.95,2004,110,4,9.42
190918,Active,789293,NA,NA,D,1,0,3704768.755,110,2004,22,6.75,61.15
190919,Active,1445549,NA,NA,D,1,0,1552999.401,108,2008,26,4.98,62.55
190920,Active,372167,NA,NA,D,2,1,1798486.878,189.95,2006,19,52.38,74.99
190921,Active,204077,NA,NA,S,3,1,33723.76875,91.99,2009,61,27.94,36.35
190922,Active,609161,NA,NA,D,2,1,499684.7588,72.95,2003,50,5.5,33.99
190923,Active,118370,NA,NA,D,8,1,870424.4888,114.67,2007,56,4,9.95
190924,Active,119177,NA,NA,D,9,1,285428.7,154.2,2011,40,15.81,55.45
190925,Active,60018,NA,NA,S,7,1,1471376.174,93.33,2002,31,4,28.11
190926,Active,204021,NA,NA,D,1,0,1998331.626,138.99,2005,21,4.97,40.98
190927,Active,265395,NA,NA,D,9,1,4774842.539,44.95,2003,22,4,33.94
190928,Active,904558,NA,NA,D,10,1,3202451.713,89.95,2006,16,8.76,72.87
190929,Active,716117,NA,NA,D,6,1,612661.28,30,2013,24,4,9.45
190930,Active,119386,NA,NA,D,6,1,299007.6825,59.99,2011,87,4,14.11
190931,Active,121255,NA,NA,D,5,1,1154363.798,49.99,2010,68,4,10.98
190932,Active,203740,NA,NA,D,1,0,1407413.121,94,2004,15,45.59,107.49
190933,Active,642076,NA,NA,S,5,1,53688.2575,113,2013,70,26.85,48.99
190934,Active,193541,NA,NA,D,3,1,805257.9088,69,2007,58,4,14.8
190935,Active,674527,NA,NA,D,2,1,1139154.749,24.95,2009,52,4,13.94
190936,Active,539462,NA,NA,S,3,1,16481.25125,49.99,2012,72,22.29,28.69
190937,Active,116317,NA,NA,S,2,1,419656.7238,49.99,2009,35,8.99,18.99
190938,Active,866890,NA,NA,S,4,1,215688.655,65,2014,21,44.93,76.32
190939,Active,121251,NA,NA,D,3,1,376070.8338,124,2010,28,40.88,67.48
190940,Active,132206,NA,NA,D,2,1,488786.085,92,2006,35,4,12.99
190941,Active,743472,NA,NA,S,2,1,822453.945,57.95,2005,45,4,0
190942,Active,861857,NA,NA,S,3,1,227388.505,89,2014,44,32.25,66.6
190943,Active,627379,NA,NA,D,5,1,1146934.219,114.5,2011,28,8.09,83.47
190944,Active,1702069,NA,NA,S,5,1,620640.35,126,2008,20,19.28,51.7
190945,Active,663215,NA,NA,S,3,1,68749.41625,54.95,2013,98,30.99,35.25
190946,Active,905243,NA,NA,S,3,1,175020.1988,59.95,2014,25,28.59,31.99
190947,Active,147322,NA,NA,S,2,1,1497009.584,59.95,2007,14,31.99,59.94
190948,Active,656254,NA,NA,S,2,1,580158.4763,75.99,2010,24,41.69,53.98
190949,Active,917625,NA,NA,D,2,1,1197630.301,49.99,2009,39,4.57,22.98
190950,Active,286276,NA,NA,D,3,1,221852.5625,49.99,2010,33,6.12,33.99
190951,Active,214936,NA,NA,D,7,1,1368540.785,134,2009,24,5.14,184.42
190952,Active,1562710,NA,NA,D,10,1,2550320.456,130,2006,10,29.98,95.95
190953,Active,2550782,NA,NA,S,8,1,5434826.214,105,1994,12,30.04,675
190954,Active,226010,NA,NA,D,2,1,675178.9938,104.95,2007,19,18.14,56.38
190955,Active,246656,NA,NA,D,3,1,2142513.806,120.95,2007,15,12.18,138.54
190956,Active,246363,NA,NA,D,2,1,3872436.811,62.95,2003,14,4.98,39
190957,Active,1725112,NA,NA,S,2,1,2723626.134,209.95,2008,19,39.53,76.5
190958,Active,2238683,NA,NA,S,2,1,468741.4388,87,2015,16,34.45,33.53
190959,Active,628803,NA,NA,S,2,1,198350.8538,250.95,2008,38,36.34,109.46
190960,Active,763074,NA,NA,D,3,1,5112636.838,148,1999,11,5.78,33.98
190961,Active,2579528,NA,NA,S,2,1,4038164.764,100,1994,16,5.68,128.08
190962,Active,749503,NA,NA,D,4,1,3942035.998,90,2004,15,4.94,45.65
190963,Active,225919,NA,NA,D,4,1,231852.025,132.95,2006,50,19.51,63.94
190964,Active,609425,NA,NA,S,3,1,1050574.564,92.95,1996,41,6.38,53.54
190965,Active,633983,NA,NA,S,6,1,726821.5188,133.8,2005,19,10.18,97.27
190966,Active,607141,NA,NA,S,4,1,747220.3213,98,1999,24,5.14,22.89
190967,Active,2573345,NA,NA,D,0,0,594717.9025,74.95,1988,29,6.39,21.85
190968,Active,621197,NA,NA,S,3,1,590384.6063,61.99,2009,30,6.99,26.99
190969,Active,148450,NA,NA,S,4,1,528397.9988,229.95,2006,50,4,19.43
190970,Active,254274,NA,NA,S,2,1,230862.7913,68.95,2011,25,47.03,59.5
190971,Active,3797310,NA,NA,D,1,0,745509.15,34.95,2010,22,6.41,48.68
190972,Active,665259,NA,NA,S,2,1,99243.73,49.95,2012,27,24.3,0
190973,Active,626824,NA,NA,S,5,1,672223.2638,254.95,1997,34,4,153.12
190974,Active,836055,NA,NA,D,3,1,2894334.585,199,2000,23,7.33,53.24
190975,Active,329980,NA,NA,D,4,1,720484.7288,288,2008,23,38.18,110.62
190976,Active,348392,NA,NA,D,2,1,1331408.301,258.95,2000,48,4,18.19
190977,Active,696550,NA,NA,D,3,1,3893844.286,70,1998,18,4,43.98
190978,Active,828897,NA,NA,D,1,0,1904473.656,49.95,1998,21,4,43.71
190979,Active,291721,NA,NA,S,3,1,617075.035,141.95,2010,41,25.34,71.24
190980,Active,238316,NA,NA,D,0,0,809630.445,63,1999,18,7.58,53.76
190981,Active,701976,NA,NA,S,1,0,101710.775,54,2010,26,18.06,21.75
190982,Active,903331,NA,NA,D,3,1,2286619.379,57.87,1989,17,4.19,61.19
190983,Active,178916,NA,NA,S,1,0,861400.0075,129.95,2010,59,4,43.89
190984,Active,2664374,NA,NA,D,1,0,2109943.76,120,1997,14,10.73,84.59
190985,Active,633865,NA,NA,S,4,1,611956.6063,108.99,2012,19,39.09,63.58
190986,Active,913965,NA,NA,D,3,1,1057817.9,97.95,2008,22,6.99,18.99
190987,Active,622445,NA,NA,D,2,1,4205290.238,85,2002,29,4.23,9.97
190988,Active,2559590,NA,NA,S,2,1,717917.7075,62.41,1980,19,6.94,71.21
190989,Active,540599,NA,NA,S,1,0,31642,44.99,2012,33,26.98,27.97
190990,Active,251151,NA,NA,D,1,0,2876519.19,135.95,2006,21,4,26.54
190991,Active,295518,NA,NA,S,4,1,2896902.011,79,1995,36,4.04,49.31
190992,Active,868667,NA,NA,D,1,0,493987.5338,39.95,2007,56,8.93,29.71
190993,Active,630001,NA,NA,S,2,1,68263.91625,49.95,2011,52,28.43,30.47
190994,Active,1562911,NA,NA,D,6,1,4220050.681,120,2007,12,5.93,73.25
190995,Active,178924,NA,NA,D,6,1,428173.0913,126.95,2010,36,5.05,55.93
190996,Active,608823,NA,NA,D,4,1,1501550.923,153.95,2005,27,4,16.94
190997,Active,609611,NA,NA,D,5,1,2141100.978,138.95,2007,52,3.99,11.98
190998,Active,2679125,NA,NA,D,2,1,3511828.09,199,1994,23,6.38,121.57
190999,Active,174714,NA,NA,S,0,0,66581.0275,54.99,1999,41,21.06,39.97
191000,Active,3603770,NA,NA,D,1,0,1695106.55,45,1994,23,4,39.74
191001,Active,2710227,NA,NA,S,0,0,320439.9775,49.95,2004,46,20.74,31.21
191002,Active,245060,NA,NA,D,6,1,958215.22,91.95,2004,22,4.79,48.04
191003,Active,2836884,NA,NA,D,5,1,1935829.6,97.95,1997,16,4.01,11.74
191004,Active,202279,NA,NA,D,7,1,1687132.928,100.95,2000,28,4,46.48
191005,Active,797722,NA,NA,D,8,1,343194.0238,110.95,2005,22,5.15,33.98
191006,Active,527055,NA,NA,S,4,1,852877.1413,99.95,2012,27,10.92,23.97
191007,Active,252032,NA,NA,D,8,1,794096.4125,91.95,2007,30,8.79,14.49
191008,Active,243928,NA,NA,S,9,1,329294.51,99.95,2011,27,25.91,47.37
191009,Active,245231,NA,NA,D,7,1,1520383.925,91.95,2004,28,4,18.93
191010,Active,245001,NA,NA,S,6,1,1036630.189,117.95,2003,26,15.98,82.43
191011,Active,252033,NA,NA,D,5,1,1099932.721,97.95,2008,21,6.05,12.49
191012,Active,543783,NA,NA,S,6,1,337251.245,99.95,2012,25,32,41.99
191013,Active,860450,NA,NA,S,6,1,118502.98,98.95,2011,36,59.99,54.97
191014,Active,2836127,NA,NA,D,3,1,4745010.36,46.93,1988,12,8.67,13.98
191015,Active,627632,NA,NA,D,1,0,1057157.826,60,2004,30,4,41.97
191016,Active,883514,NA,NA,D,1,0,4088639.361,122,2004,11,12.94,109.87
191017,Active,658128,NA,NA,S,2,1,33478.575,38,2013,27,20.66,25.13
191018,Active,913831,NA,NA,S,0,0,397265.0113,21.95,2006,45,4.83,57.14
191019,Active,114372,NA,NA,S,4,1,348231.4038,69.99,2003,34,19.03,44.67
191020,Active,192751,NA,NA,S,2,1,714134.1038,117,1999,49,5.46,111.85
191021,Active,57920,NA,NA,D,6,1,107382.825,182.95,2010,70,7.98,44.99
191022,Active,57919,NA,NA,D,5,1,1240916.128,160.95,2007,69,4,22.93
191023,Active,57918,NA,NA,S,4,1,1698509.364,214.95,2003,42,4.49,13.96
191024,Active,632093,NA,NA,S,6,1,44839.58375,59.95,2012,51,31.53,38.46
191025,Active,2579054,NA,NA,S,3,1,3400214.36,82.95,1991,29,3.99,48.94
191026,Active,2580026,NA,NA,D,3,1,3434406.363,64.95,1996,22,4.49,53.13
191027,Active,163267,NA,NA,D,4,1,588084.3225,75,2002,28,16.65,55.74
191028,Active,54434,NA,NA,D,9,1,228212.8975,91.6,2009,121,4.76,46.23
191029,Active,54435,NA,NA,S,7,1,1211436.62,60,2000,73,3.98,9.87
191030,Active,54433,NA,NA,D,8,1,77801.94625,72,2004,117,4,19.83
191031,Active,612769,NA,NA,S,1,0,20245.95,50,2014,29,25.27,25.28
191032,Active,121837,NA,NA,S,3,1,263086.6488,112.6,1999,43,24.67,29.66
191033,Active,899124,NA,NA,D,1,0,983303.2163,110,2007,26,36.48,37.69
191034,Active,538810,NA,NA,S,6,1,22174.3175,126.25,2013,89,48.99,70.07
191035,Active,607011,NA,NA,D,4,1,938046.9863,6.96,2007,122,4,6.99
191036,Active,712182,NA,NA,D,2,1,1789983.801,80.4,2003,35,4.12,42.99
191037,Active,617707,NA,NA,S,4,1,297718.9688,69.99,2001,50,4.64,38.27
191038,Active,262875,NA,NA,D,0,0,1340426.093,52.95,2002,28,4,43.93
191039,Active,527046,NA,NA,S,2,1,573375.2175,59.95,2008,37,34.98,43.51
191040,Active,114435,NA,NA,S,2,1,654956.4725,115.4,2001,40,4,28.74
191041,Active,569138,NA,NA,S,2,1,364208.195,54.99,2012,30,41.89,44.81
191042,Active,254393,NA,NA,D,4,1,188316.1763,47,2010,37,17.47,46.74
191043,Active,1924713,NA,NA,S,5,1,150173.7575,53,2014,21,33.62,44.8
191044,Active,198841,NA,NA,D,3,1,1434610.588,41.95,2005,33,4,19.02
191045,Active,620615,NA,NA,S,2,1,154377.985,61,1998,34,23.15,31.16
191046,Active,564270,NA,NA,S,1,0,409130.0625,121.95,1990,42,29.59,83.99
191047,Active,322553,NA,NA,S,2,1,5269879.629,46,1999,17,4,92.27
191048,Active,146100,NA,NA,D,5,1,385639.5875,86.33,2009,18,11.76,38.09
191049,Active,368662,NA,NA,D,4,1,786697.375,66.6,2006,24,3.99,7.99
191050,Active,3731342,NA,NA,D,0,0,3508829.15,0,2009,13,6.3,0
191051,Active,181827,NA,NA,S,3,1,622601.8825,54.95,2003,57,4.35,21.89
191052,Active,3547272,NA,NA,D,1,0,2598608.6,59.99,2000,14,9.13,48.94
191053,Active,1827223,NA,NA,S,13,1,26674.8,52.95,2015,12,30.49,45.9
191054,Active,2043088,NA,NA,D,2,1,1604150.163,79.95,2009,23,18.94,52.63
191055,Active,170099,NA,NA,S,7,1,528079.14,152.95,2009,31,35.58,56.48
191056,Active,2435123,NA,NA,D,2,1,1589933.005,30.95,1994,24,4,12.94
191057,Active,664154,NA,NA,S,1,0,5769.475,49.95,2013,31,41.45,43.98
191058,Active,626629,NA,NA,S,1,0,34595.325,51.6,2013,18,15.6,42.99
191059,Active,614095,NA,NA,S,1,0,28441.675,66.8,2011,43,4.99,8.99
191060,Active,1783038,NA,NA,S,5,1,528875.425,42.95,2012,24,4.98,43.47
191061,Active,1783040,NA,NA,S,9,1,124643.95,42.95,2012,13,38.05,40.14
191062,Active,212605,NA,NA,D,1,0,709807.7363,53.8,2006,37,4,15.43
191063,Active,622680,NA,NA,D,11,1,68958.85375,59,2009,77,4.99,43.99
191064,Active,612827,NA,NA,D,10,1,207324.1513,40,2005,194,4,8.99
191065,Active,2940434,NA,NA,D,1,0,3714695.759,75.99,2004,20,5.69,57.23
191066,Active,775032,NA,NA,D,2,1,2373282.625,44.95,2000,17,4,45.99
191067,Active,774493,NA,NA,S,3,1,347457.9013,74.95,2003,22,18.76,127.55
191068,Active,804565,NA,NA,S,2,1,2020371.673,93.95,2009,15,7,22.98
191069,Active,639486,NA,NA,D,1,0,1111478.38,104.95,2001,23,4,18.97
191070,Active,864997,NA,NA,S,2,1,7818.38625,14,2012,38,7.85,10.15
191071,Active,1437094,NA,NA,S,2,1,34248.54625,14,2012,32,6.99,10.69
191072,Active,660663,NA,NA,S,1,0,28514,37,2013,23,16.72,18.38
191073,Active,106779,NA,NA,S,2,1,48104.21375,13,2010,55,8.76,46.87
191074,Active,111626,NA,NA,S,1,0,654886.785,209.25,2011,39,12.58,194.41
191075,Active,110047,NA,NA,S,1,0,129379.8288,212.5,2011,108,4.12,11.39
191076,Active,647772,NA,NA,S,7,1,1351374.72,106,2010,17,5.26,10.34
191077,Active,147623,NA,NA,D,7,1,293235.2625,85.95,2010,79,4,19.46
191078,Active,868300,NA,NA,D,1,0,196447.2588,210,1994,45,25,88.41
191079,Active,622585,NA,NA,D,2,1,27919.55875,122.4,2012,76,18.94,73.75
191080,Active,540444,NA,NA,S,2,1,29940.07875,75.75,2012,87,31.99,43.99
191081,Active,859476,NA,NA,S,4,1,48859.1725,202.95,2006,49,33.82,47.96
191082,Active,564946,NA,NA,D,2,1,278917.6488,100.95,2011,45,7.43,37.9
191083,Active,117489,NA,NA,D,5,1,637118.1988,113.2,2003,31,7.96,72.96
191084,Active,537970,NA,NA,S,2,1,4057247.861,98.95,2000,32,4,23.72
191085,Active,147344,NA,NA,S,10,1,431423.0113,50.95,2006,96,27.99,43.98
191086,Active,859445,NA,NA,D,2,1,1220491.103,184.99,2006,21,29.69,139.55
191087,Active,789093,NA,NA,D,1,0,2823887.198,129,2001,18,8.99,68.47
191088,Active,51867,NA,NA,D,11,1,118062.8713,167.8,2010,103,4,28.99
191089,Active,247871,NA,NA,D,3,1,1037886.928,104,2007,50,4,11.48
191090,Active,248125,NA,NA,D,4,1,735725.7788,129,2010,25,10.84,27.91
191091,Active,248124,NA,NA,D,4,1,87328.92,117,2010,73,5.39,16.95
191092,Active,52060,NA,NA,D,12,1,43268.99,273.95,2009,107,8.99,45.88
191093,Active,191901,NA,NA,D,2,1,98835.48625,85.78,2002,235,4.97,12.93
191094,Active,252807,NA,NA,D,2,1,60524.79,35,2010,79,8.12,29.07
191095,Active,145691,NA,NA,S,2,1,161263.4125,59.99,2007,74,29.73,46.63
191096,Active,267135,NA,NA,D,6,1,606634.37,120,2003,20,48.97,174.45
191097,Active,658289,NA,NA,D,13,1,393095.925,116,2012,29,37.99,148.33
191098,Active,876454,NA,NA,D,10,1,521864.6625,84,2005,34,8.98,23.94
191099,Active,527037,NA,NA,S,0,0,742950.45,112,2010,27,23.99,48.99
191100,Active,641690,NA,NA,D,12,1,563149.225,52.8,2006,29,14.49,72.71
191101,Active,646615,NA,NA,S,5,1,662097.0138,53.25,2005,23,10.67,42.63
191102,Active,2163643,NA,NA,S,2,1,135784.7175,55.95,2011,25,30.57,36.39
191103,Active,411163,NA,NA,S,1,0,129809.6,55.95,2009,29,27.84,32.98
191104,Active,2163641,NA,NA,S,2,1,255538.775,55.95,2011,22,29.28,36.39
191105,Active,2159242,NA,NA,S,2,1,1850276.913,44.95,2006,5,32.21,38.5
191106,Active,2166998,NA,NA,S,0,0,55277.2,0,2011,8,38.99,39.95
191107,Active,2166999,NA,NA,S,0,0,85572.1925,0,2011,12,38.99,38.99
191108,Active,874556,NA,NA,D,1,0,497240.0775,33.15,2000,40,5.77,28.96
191109,Active,127160,NA,NA,S,2,1,6109.36,103.95,2009,106,35.99,62.49
191110,Active,60747,NA,NA,D,1,0,44237.04875,54.95,2001,73,4,19.47
191111,Active,865371,NA,NA,S,5,1,157589.4288,24.6,2013,28,11.05,18.67
191112,Active,434983,NA,NA,S,4,1,122398.5888,24.6,2010,53,9.09,18.65
191113,Active,543829,NA,NA,D,6,1,157365.3163,97.95,2012,61,4.2,38.92
191114,Active,874276,NA,NA,D,4,1,2149657.204,23.98,2006,42,4,19.66
191115,Active,537974,NA,NA,D,5,1,939907.0625,106.95,2009,58,4,7.48
191116,Active,667398,NA,NA,S,2,1,273131.0575,50,2011,25,37.98,45.09
191117,Active,166475,NA,NA,D,3,1,1202269.75,16.69,2005,37,4,16.69
191118,Active,162695,NA,NA,D,3,1,463971.4588,110,2009,43,32.42,118.95
191119,Active,205826,NA,NA,D,2,1,1207243.904,90,2005,33,4.31,48.6
191120,Active,544406,NA,NA,D,15,1,308831.3188,202.95,2012,83,4,33.99
191121,Active,179233,NA,NA,S,13,1,1302091.63,201.95,2009,60,4,6.11
191122,Active,170005,NA,NA,D,14,1,530113.7813,201.95,2011,62,4.88,35.84
191123,Active,115877,NA,NA,D,2,1,1023899.199,43.8,2004,63,3.7,11.39
191124,Active,867429,NA,NA,S,5,1,28416.5775,56.95,2014,35,48.82,48.69
191125,Active,264573,NA,NA,S,3,1,883094.2663,49.95,2001,39,4,13.99
191126,Active,1927007,NA,NA,S,3,1,73412.435,34.95,2011,22,25.95,28.85
191127,Active,624461,NA,NA,S,0,0,468751.44,35,2005,55,4,15.74
191128,Active,152289,NA,NA,D,0,0,174842.6675,149,2006,41,6.99,92.55
191129,Active,587797,NA,NA,S,2,1,55685.2875,74.75,2012,54,36.74,43.82
191130,Active,2061857,NA,NA,S,0,0,650209.815,14.95,2009,49,4.36,9.31
191131,Active,539961,NA,NA,S,1,0,4655.975,49.99,1999,30,35.59,40.99
191132,Active,635183,NA,NA,D,2,1,1115069.028,49.95,2008,31,5.94,25.61
191133,Active,1474012,NA,NA,S,2,1,632668.4,39.95,2015,21,21.3,34.2
191134,Active,624820,NA,NA,S,2,1,303727.11,76.95,1999,29,31.94,71.14
191135,Active,918129,NA,NA,S,2,1,571806.545,48.34,2011,42,11.48,28.36
191136,Active,913840,NA,NA,S,2,1,637796.6025,55.92,2012,32,4,25.99
191137,Active,658412,NA,NA,S,4,1,425349.5125,38.45,2011,68,15.79,27.14
191138,Active,2107157,NA,NA,S,0,0,115440.1538,62.99,2014,16,40.94,40.94
191139,Active,2104967,NA,NA,S,0,0,66705.55,62.99,2013,3,43.14,42.62
191140,Active,2085904,NA,NA,S,0,0,502901.52,62.99,2013,44,32.38,37
191141,Active,2107304,NA,NA,S,0,0,58217.8725,62.99,2015,14,43.98,43.98
191142,Active,2107255,NA,NA,S,0,0,500582.6925,62.99,2014,28,38.65,42.38
191143,Active,2090566,NA,NA,S,0,0,88070.025,62.99,2013,5,40.26,42.38
191144,Active,2107319,NA,NA,S,0,0,355237.915,62.99,2015,15,41.82,42.57
191145,Active,2083970,NA,NA,S,0,0,337594.0263,62.99,2013,27,36.62,37.2
191146,Active,2107258,NA,NA,S,0,0,50901.725,62.99,2014,4,42.78,42.73
191147,Active,2107124,NA,NA,S,0,0,302396.8263,62.99,2014,31,40.23,42.44
191148,Active,2085938,NA,NA,S,0,0,116734.0488,62.99,2013,12,43.98,43.98
191149,Active,3829961,NA,NA,S,0,0,41527.775,64.99,2016,8,53.91,45.82
191150,Active,106744,NA,NA,S,2,1,645071.2213,21.95,2009,58,4,11.73
191151,Active,617155,NA,NA,D,1,0,960787.525,39.95,2009,75,4,9.93
191152,Active,613661,NA,NA,D,0,0,383365.4638,23.34,2006,109,4.85,23.21
191153,Active,1624037,NA,NA,D,0,0,1126288.624,50,2011,52,28.2,32.48
191154,Active,634168,NA,NA,D,4,1,2058927.294,162.67,2009,23,12.34,0
191155,Active,183748,NA,NA,D,5,1,455370.2313,261.95,2008,48,10.24,49.34
191156,Active,859925,NA,NA,D,3,1,2724971.538,141.25,2009,43,4,16.94
191157,Active,567662,NA,NA,D,6,1,595120.7138,319.95,2008,36,4.86,62.63
191158,Active,538498,NA,NA,S,1,0,147662.3525,123.69,2012,39,21.34,113.99
191159,Active,649707,NA,NA,S,4,1,399800.5425,148,2012,42,76.15,103.99
191160,Active,146692,NA,NA,D,3,1,984617.0525,253.4,2011,26,13.28,195.11
191161,Active,544275,NA,NA,S,3,1,165707.1013,303.95,2013,65,10.66,28.29
191162,Active,145156,NA,NA,D,2,1,1542716.005,181.33,2006,54,4,51.65
191163,Active,145514,NA,NA,D,2,1,2646429.386,170.67,2006,24,6.99,42.96
191164,Active,1516851,NA,NA,S,4,1,338226.9775,233.4,2013,43,33.08,167.21
191165,Active,617145,NA,NA,D,3,1,295507.3238,233.4,2010,58,7.76,50.63
191166,Active,741858,NA,NA,S,2,1,4239654.719,141.2,2008,8,45.84,45.79
191167,Active,146541,NA,NA,D,3,1,482391.2413,233.4,2011,88,6.36,26.96
191168,Active,2261945,NA,NA,D,2,1,4407072.655,44.93,2011,45,6.82,47.46
191169,Active,224727,NA,NA,D,2,1,1281581.489,324.95,2010,57,4.09,20
191170,Active,57101,NA,NA,D,2,1,922242.2563,181.33,2007,66,4,23.84
191171,Active,146035,NA,NA,D,3,1,632728.385,212.33,2009,58,6.65,54.95
191172,Active,624323,NA,NA,S,3,1,736165.33,253.4,2010,33,16.92,182.99
191173,Active,527027,NA,NA,D,4,1,379432.5038,265.95,2010,77,5.61,52.47
191174,Active,60749,NA,NA,D,4,1,1611872.545,275.95,2005,54,4.32,59.66
191175,Active,766952,NA,NA,D,1,0,1310157.486,82.95,2010,34,4.32,11.98
191176,Active,144515,NA,NA,S,4,1,1051103.81,126.67,2003,52,4.42,23.99
191177,Active,740281,NA,NA,D,2,1,2820001.3,142.67,2005,36,4.35,46.61
191178,Active,2621896,NA,NA,S,3,1,2874871.664,97.95,1995,37,4,33.95
191179,Active,177182,NA,NA,D,5,1,1364379.571,253,2004,31,4.01,52.45
191180,Active,613314,NA,NA,S,7,1,109012.2288,78.8,2011,113,6.94,0
191181,Active,52241,NA,NA,D,5,1,106284.46,152.67,2007,109,4.48,27.94
191182,Active,708617,NA,NA,S,0,0,890916.6225,102,2005,53,5.63,0
191183,Active,1603716,NA,NA,S,1,0,23557.8,82.9,2011,27,52.09,73.99
191184,Active,616191,NA,NA,S,0,0,165532.3413,90.5,2008,105,7.78,12.02
191185,Active,533968,NA,NA,D,4,1,364548.1188,166.67,2009,88,4,24.24
191186,Active,607918,NA,NA,D,3,1,711266.9113,152.67,2005,69,4,28.8
191187,Active,629445,NA,NA,D,3,1,2582030.844,152.67,2005,26,5.17,26.22
191188,Active,146540,NA,NA,D,6,1,185098.8538,216.8,2011,60,5.05,57.79
191189,Active,551416,NA,NA,S,1,0,181965.9563,151,2008,80,7.94,48.94
191190,Active,112141,NA,NA,S,1,0,245946.9063,109.25,2002,115,5.21,23.94
191191,Active,553459,NA,NA,S,0,0,495179.7075,105,2012,86,4.8,16.57
191192,Active,552301,NA,NA,S,0,0,141892.29,144,2007,113,4.92,43.67
191193,Active,613221,NA,NA,S,0,0,44947.90125,112,2003,121,6.95,43.99
191194,Active,254110,NA,NA,D,5,1,649114.4125,235.95,2009,27,5.49,37.09
191195,Active,639234,NA,NA,S,1,0,302406.7913,139.2,2009,36,36.46,108.61
191196,Active,111121,NA,NA,D,3,1,1406773.343,10.99,2009,47,4,10.69
191197,Active,60751,NA,NA,D,3,1,1557825.119,292.95,2006,51,3.78,3.95
191198,Active,613412,NA,NA,D,3,1,426254.2125,172,2008,71,4.46,40.97
191199,Active,52242,NA,NA,D,6,1,29438.5875,207.2,2010,102,6.68,33.04
191200,Active,607962,NA,NA,D,4,1,124294.1675,180.67,2009,89,11.03,42.54
191201,Active,537862,NA,NA,D,5,1,915105.1613,145.33,2006,54,4.56,17.97
191202,Active,112308,NA,NA,D,1,0,121813.7788,82.11,2007,61,6.68,51.49
191203,Active,548317,NA,NA,S,1,0,140638.15,133.25,2004,105,6.26,25.98
191204,Active,770606,NA,NA,S,0,0,257550.9388,142.35,2004,22,25.99,62.98
191205,Active,627815,NA,NA,S,1,0,205296.88,247,2013,35,24.06,68.99
191206,Active,52544,NA,NA,S,7,1,144122.7488,81,2001,88,4,14.48
191207,Active,52547,NA,NA,D,9,1,51490.29875,138.6,2008,207,4.49,11.47
191208,Active,1483278,NA,NA,S,11,1,41984.92125,139.33,2013,50,32.14,38.99
191209,Active,146484,NA,NA,S,9,1,529128.5113,166,2011,41,13.02,53.99
191210,Active,1826776,NA,NA,S,6,1,845826.97,458.65,2012,23,4,90.73
191211,Active,54835,NA,NA,S,5,1,338983.785,97.29,2000,84,4.13,13.98
191212,Active,876843,NA,NA,S,5,1,352730.63,174,2013,49,23.59,57.42
191213,Active,771151,NA,NA,S,6,1,136589.3625,77.27,2003,73,6.44,28.99
191214,Active,1574497,NA,NA,D,0,0,3204995.064,62.29,2008,31,4.21,45.1
191215,Active,658945,NA,NA,S,5,1,416544.0438,194,2013,35,49.21,133.98
191216,Active,538593,NA,NA,S,7,1,30560.09625,272.25,2010,60,22.65,98.03
191217,Active,752737,NA,NA,D,1,0,1133873.435,24.99,2010,18,15.89,27.8
191218,Active,609638,NA,NA,D,6,1,1151787.56,257.95,2009,15,11.98,113.91
191219,Active,177173,NA,NA,D,3,1,3008437.684,141.95,2003,40,4,6.98
191220,Active,54837,NA,NA,S,7,1,147108.0063,181.33,2006,44,35.56,123.98
191221,Active,704889,NA,NA,D,1,0,3951651.318,62.47,2007,14,7.95,18.99
191222,Active,3462691,NA,NA,D,6,1,7333601.065,77.85,1996,19,4.75,16.92
191223,Active,1574452,NA,NA,D,5,1,74391.21,339.95,2007,111,11.54,26
191224,Active,908737,NA,NA,D,0,0,2943115.899,18.99,2007,19,4.4,18.99
191225,Active,656049,NA,NA,S,5,1,972607.685,166,2012,35,5.94,31.93
191226,Active,52262,NA,NA,S,5,1,100953.9338,269.95,2000,98,5.92,38.99
191227,Active,527019,NA,NA,S,5,1,51647.615,242.95,2011,45,38.04,103.99
191228,Active,56781,NA,NA,D,2,1,122494.715,300.95,2010,75,8.33,53.94
191229,Active,56780,NA,NA,D,1,0,431706.5625,300.95,2006,57,4.8,28.77
191230,Active,183659,NA,NA,S,5,1,425881.1938,367.95,2007,86,5.25,57.69
191231,Active,183012,NA,NA,S,4,1,1167975.32,269.95,2004,57,4.78,28.99
191232,Active,533908,NA,NA,D,6,1,127906.725,359.95,2004,76,8.39,26.07
191233,Active,616540,NA,NA,D,2,1,159188.175,225.33,2010,111,4.2,21.98
191234,Active,612840,NA,NA,D,1,0,1588675.555,176,2007,52,4.59,26.52
191235,Active,612853,NA,NA,S,2,1,44384.3175,255.2,2012,141,16.14,48.33
191236,Active,742093,NA,NA,D,1,0,436021.63,220,2009,24,6.49,173.29
191237,Active,612812,NA,NA,D,1,0,1088056.158,208.67,2009,111,4,21.98
191238,Active,1621670,NA,NA,S,7,1,62172.205,206.95,2006,47,8.99,43.97
191239,Active,647422,NA,NA,S,3,1,739288.24,96,2009,31,23.24,82.08
191240,Active,572954,NA,NA,S,2,1,807243.1275,90.15,1998,45,4.81,28.74
191241,Active,771549,NA,NA,D,6,1,1299861.225,161.95,2003,16,19.95,25.05
191242,Active,176925,NA,NA,S,2,1,401333.4413,318.95,2003,34,4,66.77
191243,Active,2252056,NA,NA,S,11,1,921728.995,270.29,2007,76,7.86,39.65
191244,Active,162323,NA,NA,D,1,0,163163.78,27.44,2008,76,4,36.33
191245,Active,54839,NA,NA,D,6,1,123282.4425,99.35,2004,126,6.23,23.99
191246,Active,618612,NA,NA,S,0,0,292966.265,153.35,2006,44,17.46,48.99
191247,Active,871047,NA,NA,D,4,1,787368.3788,203.95,2006,58,4.13,82.78
191248,Active,613979,NA,NA,D,7,1,19451.0825,153.35,2006,120,9.98,38.33
191249,Active,884373,NA,NA,D,3,1,5773473.776,194.67,2007,12,8.99,0
191250,Active,619772,NA,NA,S,6,1,508525.9125,173.95,2011,41,21.67,0
191251,Active,52264,NA,NA,D,7,1,46015.3275,353.95,2006,104,16.22,38.99
191252,Active,614125,NA,NA,S,3,1,380291.965,119.96,1993,71,4,19.98
191253,Active,613183,NA,NA,D,4,1,186882.1075,198.67,2008,88,6.8,38.98
191254,Active,614769,NA,NA,D,5,1,50745.98875,255.2,2012,124,14.73,59.99
191255,Active,1516773,NA,NA,S,5,1,972341.0738,175,2012,24,45.17,163.4
191256,Active,709750,NA,NA,D,1,0,1390028.925,177.48,2010,14,8.68,140.78
191257,Active,833079,NA,NA,D,7,1,4385118.556,100.95,2003,13,4.54,18.99
191258,Active,527020,NA,NA,D,4,1,49935.33625,208.67,2009,127,14.79,46.99
191259,Active,162727,NA,NA,D,1,0,190848.45,60.98,2008,34,9.36,51.68
191260,Active,101515,NA,NA,S,1,0,256332.5138,145,2002,59,5.24,33.94
191261,Active,656939,NA,NA,S,6,1,685605.8338,99.8,2012,32,4.92,46.25
191262,Active,561314,NA,NA,D,2,1,341580.88,225.33,2010,106,8.33,55.34
191263,Active,877753,NA,NA,D,0,0,1242260.274,176,2006,39,4.87,49.87
191264,Active,552644,NA,NA,D,3,1,1727094.184,176,2006,50,4.59,16.93
191265,Active,618952,NA,NA,D,2,1,361053.9225,225.33,2010,92,6.13,23.98
191266,Active,616400,NA,NA,S,4,1,330382.3675,153.35,2004,67,9.14,93.99
191267,Active,607458,NA,NA,D,5,1,47103.705,198.67,2008,112,18.98,53.99
191268,Active,116842,NA,NA,S,4,1,293737.4513,153.33,2005,55,17.99,69.99
191269,Active,627658,NA,NA,D,3,1,290428.7513,37.8,2002,33,4,48.32
191270,Active,314702,NA,NA,S,4,1,851013.2588,145.33,2005,50,4.59,46.75
191271,Active,53163,NA,NA,D,2,1,1810203.538,141.33,2006,72,4,12.58
191272,Active,561547,NA,NA,S,1,0,454026.3,164.2,2013,51,33.52,97.09
191273,Active,53164,NA,NA,D,3,1,148404.29,165.33,2009,108,4.8,29.98
191274,Active,183014,NA,NA,S,4,1,230723.1525,112.95,2004,45,6.2,11.19
191275,Active,50089,NA,NA,D,3,1,242618.0163,198.67,2008,77,6.18,108.88
191276,Active,182477,NA,NA,S,3,1,765883.6588,54.36,2000,57,4.08,13.99
191277,Active,60754,NA,NA,D,10,1,724904.4788,259.95,2004,44,5.23,44.81
191278,Active,527017,NA,NA,D,9,1,894394.0425,118.95,2002,41,5.08,28.99
191279,Active,534013,NA,NA,D,11,1,305677.4063,357.95,2007,87,6.06,24.73
191280,Active,145034,NA,NA,S,3,1,2327661.645,164,2005,21,5.47,34.49
191281,Active,145816,NA,NA,D,4,1,460720.6588,198.67,2009,182,4.25,15.98
191282,Active,540644,NA,NA,D,5,1,33275.1425,247.6,2012,103,19.9,53.99
191283,Active,53183,NA,NA,D,3,1,859571.6813,48.22,2006,63,4.07,27.78
191284,Active,53184,NA,NA,D,4,1,1128995.989,198.67,2008,34,6.95,114.71
191285,Active,871008,NA,NA,D,2,1,3642813.346,8.62,2004,42,4,8.41
191286,Active,145615,NA,NA,D,3,1,365945.4963,181.33,2007,96,4.13,12.99
191287,Active,614626,NA,NA,S,3,1,440445.1225,99,1993,43,4.36,29.26
191288,Active,50063,NA,NA,D,6,1,3582.5175,308.95,2011,143,12.23,43.75
191289,Active,50062,NA,NA,S,5,1,40117.44375,294.95,2005,140,8.96,33.74
191290,Active,619111,NA,NA,D,6,1,46825.7925,144,2013,112,13.19,53.99
191291,Active,2654953,NA,NA,S,2,1,4804040.983,98.76,1996,40,4,10.46
191292,Active,2638160,NA,NA,S,3,1,1417907.448,125.55,2000,49,4,19.98
191293,Active,527022,NA,NA,D,6,1,112660.0363,326.95,2011,86,6.23,34.79
191294,Active,244043,NA,NA,D,6,1,105264.825,355.95,2011,72,7.81,16.97
191295,Active,60752,NA,NA,D,3,1,173408.1613,164,2006,87,4.46,46.83
191296,Active,52263,NA,NA,D,6,1,144631.8863,404.95,2003,75,4.48,52.98
191297,Active,618609,NA,NA,S,1,0,165826.475,109.35,2006,54,5.62,49.49
191298,Active,534775,NA,NA,D,5,1,189942.7688,258.95,2011,53,5.02,45.99
191299,Active,778522,NA,NA,D,4,1,957184.6463,65.95,2007,26,4,23.98
191300,Active,200498,NA,NA,D,4,1,1039453.523,217.95,2009,46,4.09,17.47
191301,Active,2523521,NA,NA,S,0,0,1196372.758,134.94,1999,39,4,54.45
191302,Active,863003,NA,NA,S,3,1,206775.26,371.95,2001,95,10.75,40.98
191303,Active,769094,NA,NA,S,3,1,353329.7475,137.16,2000,25,16.11,53.92
191304,Active,2641572,NA,NA,S,4,1,721409.6413,138.76,2004,25,39.74,122.5
191305,Active,617952,NA,NA,D,6,1,38849.15125,172.95,2011,47,53.93,113.74
191306,Active,185150,NA,NA,S,2,1,260508.565,214.95,1997,97,4,23.61
191307,Active,183013,NA,NA,S,4,1,143019.5313,355.95,2004,50,13.44,149.09
191308,Active,1621802,NA,NA,S,1,0,67392.8,112.56,2007,73,11.49,79.49
191309,Active,183102,NA,NA,S,1,0,251102.9763,288.95,2005,38,4,45.25
191310,Active,876779,NA,NA,D,1,0,114213.2438,353.95,2006,59,11.66,53.98
191311,Active,60753,NA,NA,D,3,1,1442174.411,176,2005,55,4.47,21.64
191312,Active,145962,NA,NA,D,4,1,582696.9813,208.67,2009,45,5.88,64.86
191313,Active,920435,NA,NA,D,1,0,427913.5925,74.95,2002,60,5.23,28.98
191314,Active,906793,NA,NA,S,3,1,587022.2413,119.95,2012,19,32.99,0
191315,Active,875559,NA,NA,D,3,1,728326.59,76.77,1998,44,8.87,48.24
191316,Active,533046,NA,NA,S,4,1,107778.8575,225.95,2005,62,22.26,66.99
191317,Active,60041,NA,NA,D,3,1,333071.8025,207.95,1998,64,6.6,27.79
191318,Active,625267,NA,NA,D,1,0,140040.0875,62.34,2010,62,16.07,58.93
191319,Active,541866,NA,NA,S,4,1,310058.05,70,2012,29,39.98,45.65
191320,Active,165894,NA,NA,D,3,1,325704.935,65,2004,52,12.89,32.1
191321,Active,2155768,NA,NA,S,3,1,1655627.685,90.25,2008,23,37.57,132.35
191322,Active,2155764,NA,NA,S,3,1,1384689.248,90.25,2007,21,37.69,217.63
191323,Active,253879,NA,NA,D,1,0,290303.5363,125.95,2011,59,40.98,67.89
191324,Active,599929,NA,NA,D,1,0,154146.515,149.95,2008,52,8.98,61.81
191325,Active,1437386,NA,NA,S,1,0,865882.6838,85,2014,21,11.13,48.48
191326,Active,2079556,NA,NA,S,2,1,97448.1125,69.95,2013,17,47.79,58.3
191327,Active,309071,NA,NA,D,11,1,1060381.428,17.98,2007,50,4,8.99
191328,Active,699346,NA,NA,D,13,1,2015153.236,63,2012,15,11.98,48.85
191329,Active,309115,NA,NA,D,12,1,239546.0763,52.99,2010,51,4,9.39
191330,Active,169149,NA,NA,S,8,1,238158.8438,94.95,2006,93,3.88,7.55
191331,Active,662402,NA,NA,D,2,1,557745.7513,134.9,2000,27,83.82,83.57
191332,Active,751183,NA,NA,S,3,1,729123.2713,19.99,2009,88,4,8.24
191333,Active,55692,NA,NA,D,6,1,268932.0213,57.11,2003,105,6.44,38.94
191334,Active,55695,NA,NA,D,7,1,75296.64,107.55,2007,60,21.62,67.55
191335,Active,55693,NA,NA,D,6,1,711354.6088,43.56,2003,29,6.98,29
191336,Active,52413,NA,NA,D,9,1,194044.845,138.67,2009,99,12.19,39.99
191337,Active,120049,NA,NA,S,9,1,255890.545,145.33,2009,58,17.99,73.61
191338,Active,52412,NA,NA,D,8,1,1116282.218,130.67,2007,106,4,8.98
191339,Active,916798,NA,NA,D,5,1,3942623.343,64.67,2000,26,4,5.14
191340,Active,116914,NA,NA,D,6,1,649679.0563,92.67,2004,78,4,32.93
191341,Active,618566,NA,NA,S,2,1,926257.9475,58.95,2010,42,13.14,36.56
191342,Active,591118,NA,NA,S,1,0,67868.35,106.95,2013,30,27.82,43.99
191343,Active,118337,NA,NA,D,5,1,182694.93,130.2,2010,52,4,35.1
191344,Active,741419,NA,NA,D,4,1,866205.7288,101,2008,45,4,13.95
191345,Active,862237,NA,NA,S,1,0,315271.7325,49.99,2014,20,10.36,12.97
191346,Active,1686637,NA,NA,S,2,1,128535.725,49.95,2013,19,20.23,28.41
191347,Active,864417,NA,NA,S,2,1,127530.625,49.95,2013,20,28.98,32.8
191348,Active,864418,NA,NA,S,2,1,201920.7938,49.95,2013,26,42.2,0
191349,Active,179118,NA,NA,D,2,1,85639.95,136.95,2008,64,11.43,106.61
191350,Active,182584,NA,NA,D,1,0,964597.4525,150.95,2005,26,5.44,28.94
191351,Active,912459,NA,NA,S,2,1,129069.6925,52,2014,29,26.1,33.15
191352,Active,114658,NA,NA,S,1,0,99144.7,146.4,2005,31,21.34,21.47
191353,Active,120661,NA,NA,S,2,1,450127.785,43.2,2008,35,6.35,0
191354,Active,421894,NA,NA,S,0,0,18277.895,129.25,2007,117,13.99,53.99
191355,Active,551876,NA,NA,D,0,0,50460.63375,137.5,2001,197,5.98,35.97
191356,Active,859361,NA,NA,S,0,0,68088.98375,99.4,2006,118,3,28.8
191357,Active,615893,NA,NA,S,0,0,117957.35,93,2004,55,5.98,26.9
191358,Active,115983,NA,NA,D,6,1,67010.97875,134.75,2004,223,5.97,13.98
191359,Active,119056,NA,NA,S,0,0,12439.3025,80.96,2008,101,15.34,43.99
191360,Active,551889,NA,NA,S,5,1,63415.70875,134.75,2001,153,5.95,17.48
191361,Active,314743,NA,NA,D,0,0,124267.9325,5.98,2004,72,4,5.34
191362,Active,553338,NA,NA,S,0,0,89229.19,122.25,2011,49,33.19,68.26
191363,Active,50619,NA,NA,S,0,0,89784.445,121.4,2005,129,8.46,36
191364,Active,613006,NA,NA,S,2,1,824755.6025,35.2,2005,72,4,46.99
191365,Active,921568,NA,NA,D,9,1,1194537.968,12.99,2011,59,4,9.78
191366,Active,56196,NA,NA,D,9,1,290149.1925,105.8,2010,99,4,40.77
191367,Active,56195,NA,NA,D,8,1,738927.465,94,2007,69,3.94,8.31
191368,Active,133370,NA,NA,D,9,1,111139.6413,94,2010,53,8.03,48.82
191369,Active,421822,NA,NA,S,0,0,83700.35375,113.25,2007,83,13.39,52.99
191370,Active,551879,NA,NA,D,0,0,609001.6725,113.25,2000,94,4.51,20.8
191371,Active,113871,NA,NA,S,2,1,366801.7788,101,2000,27,38.18,0
191372,Active,117448,NA,NA,S,1,0,45108.38875,60.26,2004,76,10.19,65.88
191373,Active,842510,NA,NA,S,4,1,1501313.6,84.47,1900,62,4,9.95
191374,Active,614533,NA,NA,S,0,0,144451.3188,125.75,2005,79,7.35,122.5
191375,Active,53773,NA,NA,S,0,0,62058.57125,125.75,2005,77,18.39,51.99
191376,Active,625250,NA,NA,S,0,0,273092.6338,126.7,2010,58,13.16,62.99
191377,Active,613770,NA,NA,S,0,0,109655.325,111.01,2005,80,5.16,22.12
191378,Active,2388959,NA,NA,S,0,0,317676.0938,97.25,1989,60,4,31.23
191379,Active,554119,NA,NA,S,4,1,628134.9838,106.5,1996,64,6.35,49.09
191380,Active,627410,NA,NA,S,0,0,68217.3,130.6,2010,45,23.98,73.98
191381,Active,613599,NA,NA,D,0,0,780198.2213,97.25,1994,61,5.03,19.93
191382,Active,613214,NA,NA,D,0,0,183375.7875,123.75,2006,151,5.17,35.89
191383,Active,712739,NA,NA,S,7,1,421406.49,105.75,2001,69,4.52,15.44
191384,Active,613090,NA,NA,S,0,0,88283.08,125.75,2003,119,4.93,63.99
191385,Active,551877,NA,NA,S,0,0,750502.345,79.5,2001,64,5.46,14.13
191386,Active,618582,NA,NA,S,0,0,78418.075,41.98,2008,48,13.84,26.15
191387,Active,539558,NA,NA,S,0,0,143743.83,112.85,2008,70,12.35,45.16
191388,Active,552302,NA,NA,D,0,0,48443.61875,107,2005,104,6,49.67
191389,Active,613330,NA,NA,S,0,0,157296.93,87.38,2007,100,10.3,77.22
191390,Active,614715,NA,NA,S,0,0,54879.76375,83.67,2008,91,8.35,60.98
191391,Active,114866,NA,NA,S,0,0,83994.085,111.25,2003,116,4.67,24.94
191392,Active,552765,NA,NA,D,0,0,305912.81,13.45,2006,53,4,10.64
191393,Active,868073,NA,NA,D,0,0,320367.1713,114,2006,105,4,6.99
191394,Active,114944,NA,NA,S,0,0,179626.7788,100,2004,110,4.95,17.84
191395,Active,613554,NA,NA,S,5,1,197840.2938,100,2003,83,4.98,0
191396,Active,116148,NA,NA,S,1,0,89406.325,56.2,2008,30,31.19,27.47
191397,Active,315705,NA,NA,S,0,0,105019.875,125,2007,47,19.82,32.17
191398,Active,713461,NA,NA,S,0,0,208472.15,90.85,2003,31,9.07,66.87
191399,Active,616207,NA,NA,S,2,1,114937.0188,122.25,2004,80,12.53,24.99
191400,Active,130427,NA,NA,D,10,1,38169.43375,86.2,2010,117,4,52.05
191401,Active,132824,NA,NA,D,9,1,464642.5513,75.8,2009,73,4,40.99
191402,Active,54147,NA,NA,D,7,1,905628.59,75,2007,87,4,10.1
191403,Active,54146,NA,NA,D,8,1,45124.93125,91,2010,246,4,15
191404,Active,867112,NA,NA,S,9,1,15514.3975,106.2,2014,53,33.99,48.56
191405,Active,54144,NA,NA,D,6,1,1077649.499,68.6,2005,121,3.97,6.96
191406,Active,54145,NA,NA,D,7,1,330324.9713,72.8,2009,83,4,27.55
191407,Active,553064,NA,NA,S,0,0,562846.8475,98.91,2006,18,5.49,88.19
191408,Active,622056,NA,NA,S,0,0,180079.8525,148.86,2004,56,23.55,51.97
191409,Active,1447348,NA,NA,S,0,0,55120.8,91,2006,40,8.5,20.1
191410,Active,116273,NA,NA,D,0,0,324196.0863,134.75,2008,81,19.75,47.64
191411,Active,613215,NA,NA,S,4,1,710359.5588,112.15,2001,101,4,10.92
191412,Active,114357,NA,NA,S,5,1,72074.78625,85.05,2002,113,4.98,32.88
191413,Active,116253,NA,NA,S,0,0,240526.8925,132.55,2005,92,5.99,79.49
191414,Active,422640,NA,NA,S,0,0,69504.19125,128.99,2007,45,12.93,91.89
191415,Active,114862,NA,NA,S,0,0,123707.7825,139,2003,167,6.33,63.85
191416,Active,117465,NA,NA,S,0,0,437113.1588,141.75,2003,49,9,19.98
191417,Active,2393017,NA,NA,S,0,0,620835.0625,88,1993,61,4.19,45.22
191418,Active,553457,NA,NA,S,0,0,265255.4325,75.95,2001,74,4,6.98
191419,Active,623772,NA,NA,D,0,0,629809.7313,285.4,2014,53,5.95,43.98
191420,Active,866900,NA,NA,S,0,0,131670.7863,298.4,2015,57,6,128.09
191421,Active,119379,NA,NA,S,0,0,977898.7325,243.8,2012,27,4.83,48.41
191422,Active,864735,NA,NA,S,0,0,165721.0588,315.4,2015,63,7.97,85.31
191423,Active,527009,NA,NA,D,0,0,593016.8125,287.2,2013,62,5.1,43.99
191424,Active,1452483,NA,NA,S,0,0,151217.475,122.1,2012,20,43.94,45.99
191425,Active,285851,NA,NA,S,1,0,28330.575,121,2004,142,9.11,37.96
191426,Active,649797,NA,NA,S,4,1,269395.19,34.99,2012,34,12.68,23.46
191427,Active,618627,NA,NA,S,1,0,53481.7575,55.67,2004,73,9.54,41
191428,Active,248079,NA,NA,D,2,1,618668.3713,56,2009,38,4,7.98
191429,Active,861596,NA,NA,S,3,1,82271.7,58,2013,25,25.34,41.75
191430,Active,422111,NA,NA,D,1,0,84221.02125,75.6,2008,58,6.14,41.22
191431,Active,621167,NA,NA,S,2,1,549074.8163,107,2001,27,12.59,0
191432,Active,1610675,NA,NA,D,1,0,454478.0413,65.33,2010,35,6.79,65.18
191433,Active,1823211,NA,NA,S,2,1,75573.78875,69.4,2014,14,83.06,62.06
191434,Active,2070610,NA,NA,S,7,1,2661833.869,82.64,2012,19,24.37,53.9
191435,Active,767584,NA,NA,S,14,1,856649.6525,51.95,2009,87,3.98,12.01
191436,Active,1516836,NA,NA,S,4,1,14016.09875,19.96,2014,68,4.05,18.38
191437,Active,212490,NA,NA,S,7,1,603897.3538,21.25,2005,73,3.99,7.76
191438,Active,586733,NA,NA,S,0,0,12783.35,32.49,2002,38,21.43,33.94
191439,Active,875261,NA,NA,S,4,1,536048.8863,66.94,2013,25,43.29,57.62
191440,Active,547065,NA,NA,D,3,1,82066.7725,65.25,2008,115,7.66,27.99
191441,Active,275588,NA,NA,D,2,1,587197,44.95,2004,77,4,8.97
191442,Active,3049575,NA,NA,D,1,0,1946902.533,132.95,2001,28,4,63.99
191443,Active,622735,NA,NA,S,1,0,268761.9713,37,2007,47,7.76,21.92
191444,Active,121207,NA,NA,S,2,1,101732.395,73.2,2010,34,42.42,50.48
191445,Active,793612,NA,NA,D,3,1,696595.1338,72.95,2003,39,4,58.07
191446,Active,423023,NA,NA,S,2,1,568757.1213,112.8,2009,61,4.16,37.98
191447,Active,1936264,NA,NA,D,9,1,2366193.049,79.99,2012,8,26.97,31.54
191448,Active,1964813,NA,NA,S,13,1,7737.25625,59.99,2013,3,99.95,56.99
191449,Active,1936258,NA,NA,D,9,1,1341821.751,84.99,2012,7,5.77,5.44
191450,Active,630403,NA,NA,D,2,1,170043.5563,36,1993,38,37.96,94.99
191451,Active,2397233,NA,NA,S,2,1,7909136.744,106.95,1996,21,4,8.96
191452,Active,251985,NA,NA,D,3,1,670282.6788,131.95,2008,27,4,29.41
191453,Active,527004,NA,NA,S,2,1,113378.3238,165.8,2002,57,4.98,50.24
191454,Active,699209,NA,NA,D,8,1,984738.8888,33.99,2010,27,6.63,33.97
191455,Active,613008,NA,NA,D,7,1,516440.86,15.92,2007,123,4.34,20.98
191456,Active,110950,NA,NA,S,1,0,192363.6688,43.02,2008,83,5.92,44.51
191457,Active,872127,NA,NA,S,1,0,1166841.984,163.75,2008,39,5.52,73.98
191458,Active,2024040,NA,NA,S,2,1,10371.95,30,2012,25,10.82,8.44
191459,Active,676905,NA,NA,S,0,0,87294.22625,24.95,2011,48,7.49,0
191460,Active,527002,NA,NA,S,5,1,2796.795,30,2010,130,8.81,13.52
191461,Active,264457,NA,NA,S,4,1,77553.52125,29.95,2006,241,4,12.49
191462,Active,871021,NA,NA,S,0,0,1434694.226,12.95,2008,42,4,8.93
191463,Active,617219,NA,NA,S,0,0,301380.7238,37.95,1987,52,6.04,22.46
191464,Active,571905,NA,NA,S,3,1,258250.6975,143.95,2003,42,23.19,74.57
191465,Active,637567,NA,NA,S,2,1,78629.575,34.99,2013,18,22.02,20.99
191466,Active,287596,NA,NA,S,3,1,122189.96,165.8,2008,52,19.86,42.22
191467,Active,664298,NA,NA,S,1,0,113233.0675,49,2013,24,33.6,36.81
191468,Active,527000,NA,NA,S,2,1,417229.6875,111.25,2006,41,18.98,39.45
191469,Active,299446,NA,NA,D,8,1,2066687.503,64.95,2005,52,3.99,9.99
191470,Active,195115,NA,NA,D,12,1,1283045.981,39.95,2007,56,4,13.99
191471,Active,195186,NA,NA,D,13,1,2551657.448,105,2011,20,8.25,72.73
191472,Active,2066854,NA,NA,S,10,1,427990.9963,25.95,2009,21,14.41,24.26
191473,Active,195187,NA,NA,D,13,1,110172.4063,51,2011,80,4.48,21.73
191474,Active,169868,NA,NA,D,8,1,205463.2675,168.95,2009,52,4,52.8
191475,Active,765591,NA,NA,S,6,1,4916691.81,68.95,2002,23,4,15.44
191476,Active,177841,NA,NA,D,7,1,1627914.764,177.95,2005,40,4,16.87
191477,Active,657315,NA,NA,S,0,0,661347.1813,41,2009,21,17.39,24.88
191478,Active,639797,NA,NA,S,2,1,351394.0613,63.95,2012,24,46.72,0
191479,Active,2333233,NA,NA,D,5,1,4174870.549,97.04,1977,17,4,97.04
191480,Active,116878,NA,NA,S,5,1,530801.3563,155,2005,19,32.99,178.18
191481,Active,113925,NA,NA,D,3,1,1688677.495,107,2000,20,15.49,26.89
191482,Active,242133,NA,NA,D,2,1,910153.4863,135,2004,22,53.99,0
191483,Active,914828,NA,NA,D,7,1,485796.2475,82,2008,67,4.55,34.11
191484,Active,626650,NA,NA,S,4,1,302999.29,134,2013,50,46.5,61.9
191485,Active,617941,NA,NA,D,8,1,151251.38,116,2012,63,10.89,13.99
191486,Active,905646,NA,NA,S,5,1,776999.4088,43,2011,18,22.88,41.99
191487,Active,247924,NA,NA,S,2,1,449591.1225,85,2008,68,6.48,12.53
191488,Active,868594,NA,NA,S,3,1,202226.7688,66.99,2014,32,32.79,35.79
191489,Active,915052,NA,NA,D,0,0,2665905.844,51.95,1993,26,4,9.99
191490,Active,199214,NA,NA,S,2,1,308135.7525,85,2006,43,43.19,58.99
191491,Active,200607,NA,NA,D,1,0,534110.7863,110.95,2011,35,22.8,0
191492,Active,125733,NA,NA,D,0,0,2352944.909,39.95,1996,21,4,12.85
191493,Active,615979,NA,NA,S,2,1,46664.65125,85,2010,45,34.84,44.96
191494,Active,614386,NA,NA,D,1,0,501971.5038,62,2007,41,4,20.93
191495,Active,633393,NA,NA,D,1,0,690283.2688,65.95,2007,34,6.84,0
191496,Active,347453,NA,NA,S,2,1,2105502.734,160,2006,24,22.08,47.94
191497,Active,894999,NA,NA,S,2,1,288486.8113,59.95,2012,19,29.2,42.81
191498,Active,390249,NA,NA,D,2,1,2841213.259,34.95,1997,24,4,4.36
191499,Active,526996,NA,NA,S,2,1,330017.2825,80,2010,42,12.52,38.95
191500,Active,2528945,NA,NA,D,0,0,5433204.344,33.95,1993,28,4,7.97
191501,Active,178923,NA,NA,D,8,1,77170.685,367.95,2010,53,28.98,42.98
191502,Active,553976,NA,NA,D,5,1,2056350.505,77,1992,23,3.49,35.61
191503,Active,148612,NA,NA,D,7,1,743825.535,388.95,2007,38,12.76,73.41
191504,Active,626796,NA,NA,D,6,1,2352271.214,120,1997,25,4,13.92
191505,Active,60756,NA,NA,S,6,1,279062.25,220.95,2004,49,4.8,38.73
191506,Active,526995,NA,NA,D,8,1,457741.7438,367.95,2010,48,19.98,65.99
191507,Active,259841,NA,NA,D,2,1,629371.2988,79,2005,17,24.09,118.95
191508,Active,2169156,NA,NA,S,0,0,87086.1,99.95,2013,4,58.8,68.5
191509,Active,616390,NA,NA,D,2,1,839944.6163,125.5,2007,53,4,21.81
191510,Active,533986,NA,NA,D,3,1,377514.18,118,2007,47,9.12,32.98
191511,Active,775181,NA,NA,D,1,0,754273.58,74.95,2004,55,4.02,15.89
191512,Active,147348,NA,NA,D,5,1,605871.33,99.95,2006,63,4.46,18.19
191513,Active,609211,NA,NA,D,5,1,1793955.719,119,2006,28,4,19.88
191514,Active,609212,NA,NA,D,6,1,153759.7475,121.99,2009,76,7.98,33.99
191515,Active,294145,NA,NA,D,5,1,976057.4713,99,2005,42,4,9.57
191516,Active,833337,NA,NA,D,1,0,2736971.579,69.97,1988,23,5.66,53.49
191517,Active,147332,NA,NA,S,4,1,1237898.013,64.95,2006,24,12.54,50.6
191518,Active,3575435,NA,NA,D,0,0,11269060.35,0,1993,10,4,25.59
191519,Active,832320,NA,NA,D,0,0,9398698.861,72.72,1989,15,4.11,61.61
191520,Active,833796,NA,NA,D,2,1,4600953.349,125,1993,19,5.48,53.99
191521,Active,608961,NA,NA,D,4,1,2018022.054,105,2001,20,77.61,153.71
191522,Active,894170,NA,NA,D,3,1,851610.9475,99,1997,15,19.97,43.98
191523,Active,905663,NA,NA,D,1,0,3111519.921,99.95,2000,16,4,52.39
191524,Active,200044,NA,NA,S,2,1,223704.755,181.95,2005,37,10.01,17.76
191525,Active,829688,NA,NA,D,0,0,2027675.328,54.95,1999,28,8.48,91.07
191526,Active,607413,NA,NA,D,7,1,248576.2163,117,2008,90,4.76,15.99
191527,Active,169131,NA,NA,S,1,0,182764.75,74.95,2005,30,12.79,46.13
191528,Active,553021,NA,NA,S,2,1,860624.7463,38.2,2007,21,9.98,37
191529,Active,638012,NA,NA,S,2,1,1684774.711,37.6,2007,20,19.98,37.6
191530,Active,112966,NA,NA,D,2,1,883349.3175,82.95,1998,57,4,8.76
191531,Active,113115,NA,NA,S,3,1,407311.95,80.95,2007,27,30.94,68.86
191532,Active,126649,NA,NA,D,0,0,1423980.548,59.95,2006,37,4.32,43.94
191533,Active,127562,NA,NA,S,2,1,367727.2775,99.95,2010,57,22.8,78.96
191534,Active,3512681,NA,NA,D,0,0,1088866.55,74.95,2002,39,5.97,36.98
191535,Active,278065,NA,NA,S,2,1,250410.7563,44.95,2007,34,12.49,23.11
191536,Active,567382,NA,NA,S,1,0,52703.425,63.95,2005,22,41.19,52.42
191537,Active,148577,NA,NA,S,2,1,128547.2138,165.95,2007,29,8.61,135.71
191538,Active,1749394,NA,NA,S,2,1,119881.8338,62,2011,30,40.71,49.09
191539,Active,132256,NA,NA,S,1,0,287117.1763,55.67,2006,49,15.1,42.95
191540,Active,911240,NA,NA,D,1,0,2554073.044,69,1990,27,4,59.29
191541,Active,106096,NA,NA,D,6,1,802152.1388,54.95,2005,39,4,19.99
191542,Active,231558,NA,NA,S,4,1,38060.4025,56.95,2008,52,19.99,48.02
191543,Active,908470,NA,NA,D,2,1,3911790.68,36.99,1996,23,4.07,6.37
191544,Active,231543,NA,NA,D,2,1,1799913.92,67.95,2004,33,4.31,18.71
191545,Active,621542,NA,NA,S,2,1,478086.7888,66.95,1989,57,4.15,8.99
191546,Active,268483,NA,NA,S,2,1,54404.15625,60,2010,61,23.98,29
191547,Active,177466,NA,NA,S,2,1,2054636.579,134.95,2000,43,4,7.99
191548,Active,803839,NA,NA,D,4,1,1724473.969,79.95,2005,25,4.29,12.92
191549,Active,804417,NA,NA,D,5,1,354855.0688,99.95,2009,40,16.97,30.98
191550,Active,723666,NA,NA,D,1,0,887755.4525,84,2010,23,6.81,0
191551,Active,3613776,NA,NA,D,11,1,4101506.15,39.95,1999,51,4,13.99
191552,Active,3613777,NA,NA,D,12,1,1629053.9,69.95,2001,73,4,11.49
191553,Active,619808,NA,NA,S,13,1,318822.4563,89.95,2008,36,29.85,0
191554,Active,1680157,NA,NA,S,5,1,199065.4788,42,2013,14,36.6,45
191555,Active,2829280,NA,NA,D,3,1,3650517.219,166.7,2004,15,20.91,70.99
191556,Active,164187,NA,NA,D,0,0,2525733.225,139,1997,21,28.21,70.32
191557,Active,1778720,NA,NA,S,2,1,900935.9963,61,2013,35,39.81,47.2
191558,Active,1686656,NA,NA,S,0,0,2482.8,49.95,2015,16,30.79,30.01
191559,Active,542479,NA,NA,S,1,0,21426.2,99.5,2008,27,53.44,60.33
191560,Active,540389,NA,NA,D,0,0,483044.4175,99.99,2012,109,4.26,11.74
191561,Active,289080,NA,NA,D,0,0,778277.255,99.99,2011,82,4,13.94
191562,Active,1696989,NA,NA,D,1,0,101949.9075,199.99,2014,53,52.19,173.96
191563,Active,526979,NA,NA,S,3,1,209978.58,36.95,2008,78,20.51,30.3
191564,Active,868210,NA,NA,D,6,1,286199.11,133.33,2006,39,4.39,43.46
191565,Active,649828,NA,NA,S,2,1,33202.475,36.95,2012,39,26.03,30.68
191566,Active,1982553,NA,NA,S,3,1,51064.71875,45.95,2014,19,35.56,37.76
191567,Active,171439,NA,NA,S,0,0,478179.99,52.95,1999,38,17.75,40.01
191568,Active,2600399,NA,NA,S,2,1,335404.9688,59.99,1993,38,5.2,34.99
191569,Active,50650,NA,NA,S,1,0,2345807.099,99.95,1999,40,4,11.98
191570,Active,50651,NA,NA,D,2,1,847349.1938,160.95,2004,71,4,16.27
191571,Active,1782954,NA,NA,D,4,1,1755888.158,0,2012,14,63.35,150.42
191572,Active,50649,NA,NA,D,3,1,194216.2913,234.95,2008,106,4.22,22.5
191573,Active,109653,NA,NA,D,5,1,89439.285,149.33,2005,61,19.54,40.64
191574,Active,705187,NA,NA,D,5,1,925738.4,198.09,1900,33,7.71,182.23
191575,Active,105423,NA,NA,D,5,1,534131.0438,101.25,2008,33,5.03,30.98
191576,Active,60759,NA,NA,S,4,1,2035539.72,63.38,2003,36,3.91,19.98
191577,Active,526915,NA,NA,D,6,1,3482556.399,115,2011,13,41.38,72.37
191578,Active,658698,NA,NA,D,1,0,1357231.625,115,1997,21,7.46,99.25
191579,Active,288665,NA,NA,D,4,1,700265.0975,79.13,2008,66,4,17.49
191580,Active,212538,NA,NA,D,3,1,1798861.79,62.6,2005,48,4,10.97
191581,Active,867122,NA,NA,S,6,1,10930.96125,99,2014,65,53.99,71.99
191582,Active,146560,NA,NA,D,5,1,45596.93375,88.4,2011,95,7.24,49.99
191583,Active,535477,NA,NA,D,12,1,26881.39875,153.95,2013,115,9.5,38.99
191584,Active,50642,NA,NA,D,9,1,1233060.916,108.95,2007,44,4,7.74
191585,Active,50643,NA,NA,D,10,1,377180.6163,161.95,2009,86,4,22.17
191586,Active,50644,NA,NA,D,11,1,131613.0525,165.95,2011,133,4.14,42.23
191587,Active,544345,NA,NA,D,9,1,60472.88,123.95,2013,58,6.29,51.61
191588,Active,876022,NA,NA,D,6,1,3095941.935,94.95,2007,25,4,13.74
191589,Active,244024,NA,NA,D,8,1,779190.9163,125.95,2011,62,4,37
191590,Active,290944,NA,NA,D,7,1,1383585.24,120.95,2009,40,4,157.29
191591,Active,55688,NA,NA,S,11,1,143159.365,208,2009,86,19.95,84.18
191592,Active,550039,NA,NA,D,10,1,373072.955,95,2004,37,4.76,35
191593,Active,164265,NA,NA,D,1,0,3138422.66,135,2002,25,5.7,51.09
191594,Active,907976,NA,NA,S,6,1,19262.33375,46,2015,48,28.94,38.99
191595,Active,166207,NA,NA,D,2,1,238310.8975,88.03,1997,27,10.19,77.49
191596,Active,3524466,NA,NA,D,1,0,3968897.95,0,1985,27,4.76,43.99
191597,Active,288787,NA,NA,D,4,1,234100.765,99.95,2005,54,6.67,39.98
191598,Active,916723,NA,NA,D,1,0,1901008.815,128,2002,26,5.3,42.78
191599,Active,285697,NA,NA,D,2,1,763684.6875,120,2007,19,12.64,22.94
191600,Active,106215,NA,NA,D,1,0,4515488.35,135,2004,14,15.73,15.99
191601,Active,2663421,NA,NA,D,0,0,12325390.69,110,1994,15,4.01,66.11
191602,Active,2664444,NA,NA,D,2,1,6479851.369,129,1999,21,6.77,53.19
191603,Active,526972,NA,NA,S,2,1,1048918.258,219.99,2011,25,11.84,18.71
191604,Active,577358,NA,NA,D,4,1,4696591.783,229,2004,14,9.21,61.25
191605,Active,520849,NA,NA,D,5,1,1485642.421,245.99,2009,17,10.93,21.27
191606,Active,3467973,NA,NA,S,2,1,799039,250,2016,0,0,225
191607,Active,444578,NA,NA,D,7,1,530929.0863,489,2009,18,99.97,263.98
191608,Active,289959,NA,NA,D,5,1,2588024.815,349,1999,16,4,255.15
191609,Active,618922,NA,NA,S,2,1,255162.2263,39.99,2012,57,22.03,29.48
191610,Active,435191,NA,NA,D,1,0,1534934.189,185,2010,20,54.95,97.99
191611,Active,543900,NA,NA,S,4,1,241059.4213,108,2012,32,23.99,79.37
191612,Active,162457,NA,NA,D,3,1,362960.9425,47.48,2007,19,9.76,46.16
191613,Active,444591,NA,NA,D,0,0,1782170.274,228,2007,16,43.63,63.98
191614,Active,209070,NA,NA,S,2,1,1072177.54,152,1995,25,4.59,62.79
191615,Active,632744,NA,NA,D,2,1,3636461.781,179,2002,22,8.83,62.49
191616,Active,478926,NA,NA,D,3,1,1647111.728,224.99,2006,19,9.32,14.68
191617,Active,478808,NA,NA,D,5,1,2482261.678,299,2005,24,4.99,12.49
191618,Active,789007,NA,NA,S,4,1,3665923.585,239,2001,20,11.39,73.99
191619,Active,867728,NA,NA,S,2,1,529533.725,99.95,2014,19,32,69.71
191620,Active,619852,NA,NA,D,1,0,1714180.075,104,2005,19,4,71.73
191621,Active,763166,NA,NA,D,0,0,3690712.816,280,2002,18,5.4,72.93
191622,Active,446053,NA,NA,D,2,1,4614029.77,263,2007,15,45.49,171.23
191623,Active,1517416,NA,NA,S,1,0,148734.5513,98.98,2014,43,38.57,58.76
191624,Active,159400,NA,NA,D,1,0,543264.4725,123,1999,34,27.28,65
191625,Active,561728,NA,NA,S,10,1,13068.37125,102,2012,93,22.22,62.52
191626,Active,147133,NA,NA,D,8,1,1345932.739,76.95,2004,127,4,11.62
191627,Active,147545,NA,NA,D,9,1,437343.8913,93.95,2008,155,4.79,14.99
191628,Active,916042,NA,NA,S,2,1,10919905.78,105,1997,34,4,43.86
191629,Active,126188,NA,NA,D,2,1,1118318.21,59.99,2000,28,4,12.72
191630,Active,127450,NA,NA,S,3,1,163089.7313,67,2010,46,33.3,55.98
191631,Active,147558,NA,NA,D,3,1,221203.4588,223,2009,32,28.99,77.98
191632,Active,147018,NA,NA,D,2,1,883194.92,179,2003,34,5.94,61.31
191633,Active,862238,NA,NA,S,5,1,28479.625,78,2014,27,43.61,48.97
191634,Active,268435,NA,NA,D,4,1,166073.8913,75,2006,45,19.43,59.96
191635,Active,467735,NA,NA,D,4,1,1038060.21,229,2005,32,12.19,78.98
191636,Active,2840855,NA,NA,S,0,0,2029180.153,112.95,1998,45,4,13.47
191637,Active,57465,NA,NA,D,3,1,276406.7713,97.95,2008,112,4,11.23
191638,Active,57466,NA,NA,D,4,1,29655.76125,120.95,2011,121,5.89,12.99
191639,Active,57464,NA,NA,D,2,1,2106391.675,97.95,2005,63,4,18.99
191640,Active,918644,NA,NA,S,2,1,3609762.243,75,1993,31,4.44,9.48
191641,Active,546732,NA,NA,S,3,1,328220.695,72,2008,42,21.49,52.99
191642,Active,917864,NA,NA,D,2,1,603210.85,50,2004,42,4.53,43.38
191643,Active,1562864,NA,NA,D,5,1,2777986.154,95.95,2007,18,6.38,91.48
191644,Active,3093761,NA,NA,D,2,1,1947616.149,96,2005,16,68.89,152.65
191645,Active,200157,NA,NA,D,1,0,293278.28,111.95,2007,47,6.99,18.86
191646,Active,830597,NA,NA,S,1,0,1590819.9,62.95,1997,55,4.09,53.71
191647,Active,147042,NA,NA,S,2,1,394705.795,82.95,2003,66,4.35,32.34
191648,Active,114640,NA,NA,D,7,1,1450246.404,132,2003,49,4.36,14.94
191649,Active,117090,NA,NA,D,8,1,412625.6775,148.6,2008,32,23.49,50.99
191650,Active,50677,NA,NA,S,9,1,3040979.658,75,1997,32,4,6.26
191651,Active,50676,NA,NA,S,10,1,203979.7963,198.8,2001,70,4.49,12.88
191652,Active,248903,NA,NA,D,4,1,147340.4488,85.95,2007,115,5.21,19.92
191653,Active,3485251,NA,NA,S,15,1,4647217.95,83.6,2002,27,4,8.99
191654,Active,50684,NA,NA,D,10,1,918229.725,351.95,2007,83,4.99,18.99
191655,Active,50685,NA,NA,D,11,1,192636.5075,443.95,2011,74,25.96,76.87
191656,Active,50682,NA,NA,D,9,1,1753323.789,255.95,2004,54,4,9.25
191657,Active,478873,NA,NA,D,4,1,351061.7838,216.99,2009,33,10.5,112.09
191658,Active,622636,NA,NA,D,1,0,735176.8688,77.99,2011,23,28.99,0
191659,Active,262631,NA,NA,D,3,1,3078129.11,47.95,2003,22,4.04,43.37
191660,Active,917821,NA,NA,S,5,1,153540.92,61.95,2013,32,28.99,52.17
191661,Active,262735,NA,NA,D,4,1,365224.565,54.95,2007,43,7.52,84.29
191662,Active,869916,NA,NA,S,4,1,5272474.378,96.95,1987,18,4,21.99
191663,Active,369590,NA,NA,D,2,1,10687322.48,55,1996,14,5.66,40.1
191664,Active,333784,NA,NA,D,3,1,2517713.593,97,2003,20,6.42,30.49
191665,Active,203829,NA,NA,S,7,1,603433.8063,139.99,2006,57,7.37,83.83
191666,Active,609157,NA,NA,S,6,1,1758740.118,99.95,2002,42,4,12.7
191667,Active,761648,NA,NA,S,11,1,444049.68,0,2005,24,6.97,248.27
191668,Active,163439,NA,NA,S,13,1,182605.18,88.94,2011,55,28.24,88.85
191669,Active,50598,NA,NA,D,12,1,20289.13,200,2008,268,5.59,40.99
191670,Active,50602,NA,NA,D,11,1,133659.4238,33.94,2005,155,5.53,30.98
191671,Active,57647,NA,NA,D,0,0,1196455.855,106.5,2003,85,3,10.87
191672,Active,154038,NA,NA,D,2,1,463929.7238,28.99,2009,35,12.99,26.99
191673,Active,57646,NA,NA,D,2,1,444011.075,18.98,2008,56,5.88,18.98
191674,Active,231537,NA,NA,D,1,0,1809602.29,94.95,1998,27,4,35
191675,Active,231531,NA,NA,S,2,1,186301.5863,115.95,2011,26,40.54,76.55
191676,Active,53208,NA,NA,D,2,1,16704.33625,210,2007,123,5.73,104.54
191677,Active,53209,NA,NA,D,1,0,788376.3875,130.6,2005,39,6.7,32.93
191678,Active,2245298,NA,NA,D,2,1,1051014.499,133,2007,18,4.54,89.3
191679,Active,890884,NA,NA,S,1,0,1759062.588,44.99,2014,11,37,43
191680,Active,50672,NA,NA,D,14,1,109919.3863,206.19,2010,74,15.86,132.61
191681,Active,50671,NA,NA,D,13,1,71525.54,93.2,2008,66,4.98,38.99
191682,Active,50302,NA,NA,S,15,1,2811777.831,12.99,2005,51,4,12.68
191683,Active,538737,NA,NA,S,19,1,25627.135,345.5,2013,94,13.14,144.31
191684,Active,50305,NA,NA,D,18,1,327123.9213,60.95,2011,95,5.98,42.74
191685,Active,738465,NA,NA,D,2,1,1837183.511,44,2003,22,4,49.99
191686,Active,870427,NA,NA,S,3,1,51748.9925,39.95,2014,35,18.23,24.97
191687,Active,3227605,NA,NA,D,5,1,2377551.139,35.72,2004,40,6.54,98.47
191688,Active,60761,NA,NA,D,5,1,1093233.353,113.2,2003,39,4.77,56.43
191689,Active,2788129,NA,NA,D,0,0,2285882.489,68,1985,24,4,50.51
191690,Active,226020,NA,NA,S,4,1,1218893.771,62.95,2008,26,24.05,42.44
191691,Active,119829,NA,NA,S,2,1,3503661.21,103,1996,29,4.1,27.63
191692,Active,116665,NA,NA,D,4,1,339330.41,201.4,2005,73,5.87,48.01
191693,Active,60762,NA,NA,D,3,1,942540.025,127.4,2002,76,4.19,46.16
191694,Active,101674,NA,NA,S,1,0,152901.175,422.95,2001,75,5.94,81.27
191695,Active,1438563,NA,NA,S,1,0,16685.3,238,2014,37,53,73.87
191696,Active,60763,NA,NA,D,5,1,234151.36,52.95,2001,90,4,11.39
191697,Active,537139,NA,NA,S,7,1,12185.54875,67.95,2012,96,37.57,50.49
191698,Active,607560,NA,NA,S,4,1,1591373.59,32.5,1994,68,4,18.36
191699,Active,127337,NA,NA,D,6,1,106430.0975,64.95,2008,99,12.38,28.99
191700,Active,632234,NA,NA,D,1,0,2362704.121,92.95,2008,23,4.78,49.03
191701,Active,176523,NA,NA,S,2,1,22347.68125,323.95,2000,149,16.49,53.84
191702,Active,456493,NA,NA,D,7,1,193732.6525,123.95,2008,44,5.73,50.44
191703,Active,178605,NA,NA,D,6,1,190361.335,136.95,2005,56,5.98,9.94
191704,Active,529109,NA,NA,S,8,1,169353.6325,112.95,2011,25,68.4,73.99
191705,Active,178588,NA,NA,S,4,1,1900537.451,106.95,2002,38,4.94,18.49
191706,Active,178591,NA,NA,S,5,1,919179.2438,120.95,2002,33,4.58,9.18
191707,Active,744969,NA,NA,S,1,0,154102.925,197.95,2012,46,66.79,133.94
191708,Active,2168893,NA,NA,D,16,1,1027481.676,0,2011,15,4.91,112.6
191709,Active,651335,NA,NA,D,0,0,2007201.961,119,2008,21,57.97,79.33
191710,Active,778630,NA,NA,D,0,0,2829016.954,127.95,2012,23,7.36,54.19
191711,Active,500950,NA,NA,D,1,0,136495.0675,186.95,2011,43,7.98,29.44
191712,Active,541928,NA,NA,S,2,1,263613.3575,212,1995,35,36.52,89.99
191713,Active,868328,NA,NA,D,3,1,569288.8925,22.25,2000,20,8.49,43.98
191714,Active,526952,NA,NA,D,2,1,637556.2788,231.4,2011,37,6.21,113.99
191715,Active,742889,NA,NA,S,2,1,728600.4188,145.67,2012,40,4.99,48.99
191716,Active,145897,NA,NA,D,1,0,123459.455,183.6,2009,246,4,13.16
191717,Active,3464085,NA,NA,S,2,1,512078,88.2,1977,51,4.98,28.99
191718,Active,120797,NA,NA,D,6,1,968963.7713,97.33,2009,22,40.3,92.62
191719,Active,322615,NA,NA,S,4,1,2348896.233,57.2,2003,41,4,8.98
191720,Active,132156,NA,NA,D,5,1,500159.2363,66.8,2006,56,4,20.04
191721,Active,113055,NA,NA,D,2,1,1006639.648,131,2006,23,4.14,39.72
191722,Active,613644,NA,NA,D,2,1,849805.7313,69,1994,84,4,40.98
191723,Active,584727,NA,NA,S,2,1,59987.39375,158.25,2012,56,38.98,63.74
191724,Active,231590,NA,NA,D,1,0,501418.5238,109.95,2007,47,12.47,23.98
191725,Active,2566187,NA,NA,S,2,1,515377.89,55,1996,52,4,23.49
191726,Active,549297,NA,NA,S,2,1,654303.4763,134.55,1986,21,19.49,48.99
191727,Active,116918,NA,NA,D,0,0,768232.145,135.6,2005,24,23.99,234.06
191728,Active,607481,NA,NA,D,0,0,704070.0625,117.2,2007,44,4,48.99
191729,Active,229112,NA,NA,D,1,0,160335.93,84.95,2008,48,5.68,29.49
191730,Active,607258,NA,NA,D,0,0,3134257.648,90.8,2002,32,4,24.89
191731,Active,546758,NA,NA,S,2,1,28481.71375,122,2012,91,32.33,53.99
191732,Active,2621732,NA,NA,S,2,1,2642957.929,105.95,1992,22,4.12,45.07
191733,Active,106880,NA,NA,D,3,1,66077.89125,59.53,2011,62,5.74,57.32
191734,Active,549747,NA,NA,D,1,0,1510415.488,9.97,2004,48,4,9.94
191735,Active,106758,NA,NA,D,2,1,930456.2775,16.2,2009,42,4,46.31
191736,Active,1437591,NA,NA,S,4,1,357437.0413,58,2014,27,11.06,23.98
191737,Active,113179,NA,NA,S,1,0,140485.925,82.95,2009,20,34.24,55.95
191738,Active,2388969,NA,NA,D,1,0,1958691.726,57,1982,27,4,65.73
191739,Active,615005,NA,NA,D,2,1,2057938.584,84.95,1997,51,3.99,8.99
191740,Active,829444,NA,NA,D,0,0,3356707.481,51.95,1994,28,4,47.65
191741,Active,231573,NA,NA,S,3,1,285452.1875,97.95,2005,54,12.49,76.98
191742,Active,231575,NA,NA,S,3,1,213812.2538,99.95,2005,55,31.91,80.19
191743,Active,143510,NA,NA,S,4,1,132513.4,49,2010,32,14.27,48.99
191744,Active,539894,NA,NA,S,2,1,434184.7138,44.95,2012,29,18.31,38.98
191745,Active,57914,NA,NA,D,9,1,139383.42,45.98,2007,70,4.73,62.63
191746,Active,110721,NA,NA,S,2,1,102242.64,282.75,2010,46,50.11,83.89
191747,Active,110019,NA,NA,D,1,0,1458889.14,39.64,2008,30,4,84.54
191748,Active,650344,NA,NA,D,0,0,2682065.796,99,2008,13,6.39,88.43
191749,Active,110720,NA,NA,S,10,1,37853.1175,80.99,2010,63,18.98,80.24
191750,Active,533526,NA,NA,D,16,1,85568.7275,279.95,2012,66,5.98,48
191751,Active,54124,NA,NA,D,15,1,308835.1588,307.95,2009,53,4.99,29.99
191752,Active,54123,NA,NA,D,14,1,774974.0388,222.95,2007,60,4.37,39.39
191753,Active,667490,NA,NA,D,1,0,727157.0063,56.95,2009,18,26.98,88.06
191754,Active,2100980,NA,NA,S,8,1,105354.055,74.95,2014,21,65.73,56.12
191755,Active,299761,NA,NA,S,3,1,3481376.979,59.95,2003,16,4.13,33.87
191756,Active,120267,NA,NA,D,5,1,68732.76375,127.2,2011,78,8.01,12.55
191757,Active,132531,NA,NA,D,4,1,693793.4913,122,2007,66,4,10.94
191758,Active,560540,NA,NA,S,2,1,571750.345,49,2010,30,7.1,30.81
191759,Active,737461,NA,NA,S,2,1,5292335.66,40,2007,13,7.11,90.94
191760,Active,143291,NA,NA,S,2,1,456794.5125,49,2009,31,8.55,44.17
191761,Active,415770,NA,NA,D,3,1,1305682.73,327,2005,30,7.3,108.28
191762,Active,203420,NA,NA,S,2,1,212748.6513,80.99,2002,61,7.89,49.54
191763,Active,875591,NA,NA,S,3,1,1031666.8,38.99,2007,30,7.07,118.43
191764,Active,128832,NA,NA,S,2,1,1176026.025,111.95,2001,46,4,11.98
191765,Active,128997,NA,NA,D,3,1,1150332.47,120,2006,67,4,28.99
191766,Active,129268,NA,NA,D,4,1,43929.345,152.95,2010,80,18.31,62.31
191767,Active,526947,NA,NA,S,6,1,52665.94625,60,2010,23,17.4,32.88
191768,Active,272492,NA,NA,D,1,0,757271.92,42.95,2011,24,28.09,34.3
191769,Active,164985,NA,NA,D,2,1,760095.1425,40.79,2000,39,4,38.91
191770,Active,166891,NA,NA,D,3,1,187949.2775,118.27,2007,35,25.95,77.76
191771,Active,538503,NA,NA,D,5,1,69350.5075,455.25,2012,85,9.89,33.89
191772,Active,254141,NA,NA,D,6,1,889417.8613,242.95,2009,28,4.8,192.95
191773,Active,53454,NA,NA,D,10,1,535821.5188,259.4,2011,73,4.48,73.48
191774,Active,57627,NA,NA,D,6,1,4355.7925,376.95,2011,151,19.11,52.43
191775,Active,572414,NA,NA,D,6,1,1394508.996,207.95,2007,32,4.48,42.24
191776,Active,53455,NA,NA,D,9,1,585484.905,233.33,2008,92,4,27.98
191777,Active,110348,NA,NA,D,4,1,880537.1775,38.97,2008,51,8.46,37.62
191778,Active,60765,NA,NA,D,4,1,2170700.185,139.95,2004,28,4.59,17.78
191779,Active,198461,NA,NA,D,5,1,1255330.523,330.95,2007,22,10.88,63.98
191780,Active,56862,NA,NA,D,3,1,2251745.118,27.99,2006,23,4.94,27.96
191781,Active,571826,NA,NA,S,3,1,2838608.538,123.56,2000,28,4.58,8.36
191782,Active,3943719,NA,NA,D,5,1,1578963.75,0,2009,32,4.55,59.13
191783,Active,53452,NA,NA,S,7,1,1356724.201,173.33,2004,58,4.23,6.99
191784,Active,603049,NA,NA,D,2,1,922727.5913,2000,2008,30,4.71,47.56
191785,Active,109698,NA,NA,D,3,1,701433.8263,25.94,2005,35,4.39,25.94
191786,Active,497088,NA,NA,D,6,1,732203.9775,303.95,2009,35,6.83,49.78
191787,Active,1677931,NA,NA,S,0,0,75148.125,99.95,2014,21,51.99,81.71
191788,Active,56863,NA,NA,D,4,1,840433.0088,19.67,2009,43,4.12,13.9
191789,Active,183417,NA,NA,D,5,1,2649967.009,182.95,2006,33,4.11,8.27
191790,Active,53453,NA,NA,S,8,1,1194455.808,182,2006,63,4,12.94
191791,Active,147935,NA,NA,S,3,1,359758.7713,142.95,2003,105,4.52,21.92
191792,Active,57626,NA,NA,D,5,1,93243.58125,413.95,2008,163,8.93,21.6
191793,Active,500312,NA,NA,S,4,1,240780.1875,100.95,2012,39,44.97,52.91
191794,Active,57487,NA,NA,D,7,1,573350.3438,136,2002,43,6.57,58.81
191795,Active,57488,NA,NA,D,8,1,889140.6163,143,2006,35,7,38.24
191796,Active,56988,NA,NA,D,8,1,1049097.229,151,2006,21,5.23,73.87
191797,Active,56987,NA,NA,D,6,1,1215930.218,114.4,2002,22,5.44,56.26
191798,Active,534336,NA,NA,D,6,1,1263537.823,115,1999,41,4.29,45.82
191799,Active,163565,NA,NA,D,2,1,667448.0875,92.83,1996,35,4,44.43
191800,Active,223038,NA,NA,D,1,0,621423.2975,230.95,1999,21,7.97,56.48
191801,Active,285346,NA,NA,D,3,1,215152.0725,258.75,2007,49,13.23,57.37
191802,Active,526946,NA,NA,D,3,1,646618.74,121.93,2008,36,8.23,33.99
191803,Active,162011,NA,NA,D,5,1,219862.54,17.1,2009,38,7.77,16.11
191804,Active,566720,NA,NA,S,3,1,3002030.23,101.47,1989,33,4,54.78
191805,Active,756097,NA,NA,S,7,1,1284752.315,246,2011,16,53.49,127.32
191806,Active,3524343,NA,NA,D,1,0,5866025.8,160,1994,22,22.66,68.51
191807,Active,576583,NA,NA,D,1,0,1005107.176,133.95,2004,26,4.14,15.17
191808,Active,629114,NA,NA,S,3,1,118963.4838,169.95,2013,46,18.54,28.99
191809,Active,200441,NA,NA,D,2,1,295834.8975,193.95,2009,76,6.36,41.23
191810,Active,107265,NA,NA,D,1,0,982879.0663,37.47,2003,41,5.17,46.59
191811,Active,108561,NA,NA,S,1,0,1242286.543,43.82,2003,32,4,43.71
191812,Active,109398,NA,NA,D,2,1,140258.4175,68.99,2008,41,18.57,67.37
191813,Active,109145,NA,NA,S,3,1,1382720.829,10.56,2005,54,3.99,5.38
191814,Active,538564,NA,NA,D,7,1,15033.79875,220.5,2012,106,18.99,58.99
191815,Active,52057,NA,NA,D,5,1,283351.5475,37.98,2008,88,4,38.96
191816,Active,2169358,NA,NA,D,1,0,670883.2588,135,2013,41,4.97,36.99
191817,Active,2165476,NA,NA,D,1,0,1256186.585,125,2012,24,5.48,53.94
191818,Active,868341,NA,NA,D,3,1,393246.9663,94.95,1996,21,8.61,46.89
191819,Active,581696,NA,NA,S,5,1,1212129.403,99,2007,28,5.23,53.99
191820,Active,2664587,NA,NA,S,3,1,3305363.013,85,1999,15,5.26,57.81
191821,Active,2400744,NA,NA,D,1,0,4449796.196,110,1994,29,6.35,22.07
191822,Active,560434,NA,NA,S,2,1,1379503.206,48,2011,15,23.98,26.12
191823,Active,867981,NA,NA,D,3,1,1277365.393,135,1976,34,6.34,60.12
191824,Active,244060,NA,NA,D,5,1,129275.0525,284.95,2011,80,7.04,63.57
191825,Active,148710,NA,NA,D,4,1,337817.3438,312.95,2008,54,4,12.49
191826,Active,60766,NA,NA,D,3,1,600879.0925,275.95,2005,49,4,7.35
191827,Active,129422,NA,NA,S,2,1,21180.94875,141.95,2010,82,48.98,93.99
191828,Active,127027,NA,NA,D,1,0,517189.815,99,2006,41,6.93,38.96
191829,Active,50838,NA,NA,D,8,1,2367771.7,150.36,2003,55,4,5.46
191830,Active,60672,NA,NA,S,18,1,3958037.709,180,2006,35,4,23.98
191831,Active,538661,NA,NA,D,21,1,280296.02,235.59,2012,85,6.36,217.48
191832,Active,1441246,NA,NA,D,20,1,3777580.106,0,2011,17,4,70.87
191833,Active,50841,NA,NA,D,9,1,400733.3588,220.95,2006,79,6.23,38.98
191834,Active,50837,NA,NA,D,11,1,456605.9113,429.95,2010,46,22.68,38
191835,Active,526942,NA,NA,S,19,1,2384778.291,11.99,2009,39,4,12.99
191836,Active,537845,NA,NA,D,11,1,482672.9413,259.75,2013,57,4.99,93.98
191837,Active,60767,NA,NA,S,8,1,3315499.905,16,2007,31,4.03,16
191838,Active,244297,NA,NA,S,10,1,1393322.101,13.99,2011,37,5.69,43.08
191839,Active,174190,NA,NA,D,1,0,541452.0325,44.99,2000,19,13.52,36.19
191840,Active,539015,NA,NA,S,3,1,346991.6025,99.95,2014,44,11.39,55.98
191841,Active,200455,NA,NA,D,3,1,1387845.829,115.95,2008,26,4,46.81
191842,Active,594094,NA,NA,D,2,1,422728.165,123.95,2010,46,4.32,68.03
191843,Active,258379,NA,NA,D,3,1,1621087.948,97.5,2002,28,11.39,43.99
191844,Active,139599,NA,NA,D,2,1,2360893.636,109,1999,25,5.08,60.99
191845,Active,526941,NA,NA,S,9,1,727683.12,58.5,2008,26,4,42.43
191846,Active,2302375,NA,NA,S,2,1,581644.5325,202.8,1987,36,19.79,142.75
191847,Active,896307,NA,NA,D,4,1,4110908.341,69.95,1999,16,4,23.98
191848,Active,152214,NA,NA,S,5,1,700297.96,84.95,2006,66,43.78,64.26
191849,Active,651650,NA,NA,S,3,1,831168.155,82.64,2012,24,48.26,77.97
191850,Active,526940,NA,NA,D,2,1,1102682.469,74,2006,25,10.7,178.83
191851,Active,177057,NA,NA,D,5,1,1053770.131,266.95,2003,25,8.75,64.97
191852,Active,178248,NA,NA,S,4,1,2055621.131,172.95,1998,31,4.97,78.07
191853,Active,163155,NA,NA,D,3,1,189501.095,53.33,2010,82,7.57,49.54
191854,Active,162108,NA,NA,D,2,1,735634.1563,9.96,2008,67,4,9.11
191855,Active,664261,NA,NA,S,4,1,91091.61,34.86,2013,60,22.99,64.96
191856,Active,555420,NA,NA,D,1,0,2283744.753,130,2002,26,23.44,38.99
191857,Active,385731,NA,NA,S,7,1,186833.3063,130,2006,35,12.09,49.92
191858,Active,184678,NA,NA,D,6,1,860572.8188,99.95,2002,21,4.92,51.35
191859,Active,416656,NA,NA,S,2,1,327312.4775,58.99,2010,45,5.44,52.41
191860,Active,111067,NA,NA,D,2,1,214553.6463,50,2009,113,4.48,34.99
191861,Active,109377,NA,NA,D,0,0,833158.4575,69.41,2007,57,4.24,47.9
191862,Active,514674,NA,NA,D,1,0,594171.9888,44.5,2006,156,4.12,31.99
191863,Active,110447,NA,NA,D,1,0,97072.74875,102.99,2011,50,23.83,67.95
191864,Active,52929,NA,NA,S,3,1,2564005.659,16.98,2002,69,4.15,15.4
191865,Active,751269,NA,NA,D,5,1,2353009.086,43.93,2009,25,5.91,52.82
191866,Active,52928,NA,NA,D,5,1,292405.6713,46.16,2008,44,18.63,68.97
191867,Active,566476,NA,NA,S,2,1,3094280.821,13.99,1999,53,3.24,13.98
191868,Active,52930,NA,NA,D,4,1,1233102.31,20.09,2005,71,4.17,19.47
191869,Active,177508,NA,NA,D,6,1,324155.525,382.95,2005,36,9.63,53.01
191870,Active,169711,NA,NA,D,7,1,67112.2425,389.95,2009,44,10.17,112.05
191871,Active,200503,NA,NA,S,2,1,377968.04,165.95,2009,51,25.89,40.86
191872,Active,200079,NA,NA,D,1,0,1599706.398,90.95,2005,45,4,11.38
191873,Active,598509,NA,NA,D,4,1,63423.37875,130.5,2013,84,4.75,53
191874,Active,299889,NA,NA,D,1,0,585970.925,86.95,2006,31,4,9.75
191875,Active,616043,NA,NA,D,2,1,1489852.821,86.95,2008,56,4,9.57
191876,Active,615196,NA,NA,D,3,1,413312.3175,111.25,2010,78,3.88,15.5
191877,Active,764013,NA,NA,D,6,1,1723596.226,308.95,2000,36,4.31,33.98
191878,Active,893877,NA,NA,D,0,0,2511775.855,84,2001,15,6.93,46.49
191879,Active,279350,NA,NA,D,6,1,688486.81,89,2010,25,9.88,0
191880,Active,57160,NA,NA,D,2,1,753353.01,54.19,1997,31,4,52.76
191881,Active,57159,NA,NA,D,4,1,512030.34,53.98,2008,28,26.68,71.49
191882,Active,57161,NA,NA,D,3,1,560161.2813,46.32,2004,26,5.86,48.21
191883,Active,895432,NA,NA,S,0,0,1445382.485,75.95,2003,19,4.98,53.96
191884,Active,901064,NA,NA,D,4,1,2309153.295,36.95,2004,16,4.93,50.63
191885,Active,178679,NA,NA,S,1,0,145802,182.95,2010,36,25.71,75.99
191886,Active,60769,NA,NA,D,10,1,1289341.409,19.99,2004,68,4.08,22.88
191887,Active,167329,NA,NA,D,11,1,185706.1788,49.41,2008,79,5.97,45
191888,Active,448574,NA,NA,S,9,1,846329.9113,79.06,2001,44,3.99,10.53
191889,Active,1778506,NA,NA,S,13,1,117394.35,193.25,2013,12,56.3,58.99
191890,Active,163040,NA,NA,D,12,1,145844.4625,33.84,2010,87,10.99,41.24
191891,Active,184631,NA,NA,S,2,1,246687.8863,145,2003,39,5.98,61.85
191892,Active,655319,NA,NA,S,5,1,230979.6588,156.6,2012,53,36.61,47.04
191893,Active,56658,NA,NA,S,4,1,463929.7888,196.4,2010,38,7.04,77.15
191894,Active,481280,NA,NA,D,3,1,1349522.7,17.79,2007,65,4,17.64
191895,Active,613315,NA,NA,D,3,1,838936.83,180.8,2009,93,4.18,15.43
191896,Active,146296,NA,NA,D,4,1,65514.855,196.4,2010,105,8.09,55.94
191897,Active,194435,NA,NA,S,2,1,247514.495,60,2002,47,15.55,25.99
191898,Active,647179,NA,NA,D,2,1,1936874.306,89.95,2012,15,5.49,58.94
191899,Active,635949,NA,NA,D,1,0,2009652.788,89.95,2011,25,4.98,85.69
191900,Active,175974,NA,NA,S,2,1,391301.5038,99.99,2009,30,42.39,0
191901,Active,118865,NA,NA,D,0,0,230729.715,138.2,2001,28,7.98,57.04
191902,Active,298510,NA,NA,D,1,0,525777.0063,210.95,2006,65,4,19.23
191903,Active,879110,NA,NA,D,4,1,1540396.831,20.17,2012,30,4,20.74
191904,Active,50661,NA,NA,D,3,1,545013.2313,197.95,2007,85,4,25.95
191905,Active,50660,NA,NA,D,4,1,70507.18375,179.95,2011,83,12.48,32.99
191906,Active,50681,NA,NA,D,8,1,1406636.976,377.95,2007,57,4,22.74
191907,Active,50679,NA,NA,D,10,1,129423.9488,311.95,2011,100,4.94,12.29
191908,Active,609870,NA,NA,D,11,1,52931.40375,311.95,2013,65,11.09,50.89
191909,Active,50678,NA,NA,D,9,1,766266.6975,343.95,2009,85,4,12.59
191910,Active,606703,NA,NA,D,4,1,2001439.74,100.95,1992,31,3.99,10.98
191911,Active,54609,NA,NA,D,5,1,293860.5413,194.95,1997,104,4,49.7
191912,Active,657687,NA,NA,S,3,1,681541.94,215.9,2005,31,4,83.84
191913,Active,298580,NA,NA,D,3,1,1288596.088,101,2001,15,27.97,28.99
191914,Active,738572,NA,NA,S,2,1,875647.0125,49,2012,12,28.49,39.51
191915,Active,1507053,NA,NA,D,2,1,1432392.93,48,2010,21,8.9,37.94
191916,Active,611829,NA,NA,S,3,1,454003.19,49,2013,18,39.56,49
191917,Active,860933,NA,NA,S,2,1,208267.7138,77,2012,22,35.98,52.11
191918,Active,637672,NA,NA,S,2,1,67960.9025,49,2012,37,14.49,38.99
191919,Active,296515,NA,NA,D,4,1,434398.6088,84.95,2009,54,4,21
191920,Active,545768,NA,NA,S,5,1,59125.26625,99,2013,67,23.39,67.63
191921,Active,147840,NA,NA,S,1,0,375793.1688,324.95,2006,49,4.75,9.98
191922,Active,225724,NA,NA,S,2,1,283999.2538,115.95,2002,55,23.75,79.33
191923,Active,534327,NA,NA,S,3,1,745149.7825,36.33,1993,51,3.99,13.99
191924,Active,56632,NA,NA,D,5,1,96267.335,74.33,2006,68,7.14,42.23
191925,Active,56630,NA,NA,D,4,1,384481.1025,51.33,2000,79,4,11.73
191926,Active,139578,NA,NA,D,4,1,1117743.535,99,2009,18,10.27,30.98
191927,Active,3496663,NA,NA,D,0,0,7669824.5,99,1999,29,6.87,69.41
191928,Active,254606,NA,NA,S,2,1,153750.1488,135.95,2011,31,18.87,69.73
191929,Active,115361,NA,NA,D,0,0,2293217.846,160,2004,23,4,66.35
191930,Active,593019,NA,NA,D,6,1,1413843.241,137.61,2009,22,6.25,45.09
191931,Active,169921,NA,NA,D,6,1,66990.4825,271.95,2009,53,11.99,84.1
191932,Active,623338,NA,NA,S,1,0,217351.2438,93.75,2010,37,6.94,56.91
191933,Active,252772,NA,NA,D,1,0,56326.09125,84.99,2010,205,5.35,10.57
191934,Active,1885061,NA,NA,S,1,0,48345.65,153.5,2011,44,23.86,29.78
191935,Active,534861,NA,NA,S,0,0,1571982.971,52.95,2010,15,36.27,35.46
191936,Active,219939,NA,NA,D,0,0,2516556.401,72,2001,21,15.24,32.99
191937,Active,219946,NA,NA,D,2,1,2599465.948,71,2005,14,20.99,52.99
191938,Active,538586,NA,NA,D,5,1,17471.56875,259.25,2012,92,12.98,47.85
191939,Active,528474,NA,NA,S,5,1,337936.7725,191,2012,23,5.48,51.87
191940,Active,50145,NA,NA,D,9,1,425065.44,186.67,2008,88,4.48,27.65
191941,Active,880432,NA,NA,S,7,1,54443.4525,172.95,2014,53,37.89,49.83
191942,Active,50134,NA,NA,S,3,1,1556844.578,272.95,2003,108,3.98,5.5
191943,Active,111152,NA,NA,D,2,1,345055.915,218.5,2010,77,4.48,28.48
191944,Active,60770,NA,NA,D,4,1,3180874.89,103.95,2004,30,4,41.49
191945,Active,60771,NA,NA,D,5,1,610075.92,274.95,2007,36,4,48.75
191946,Active,298904,NA,NA,S,6,1,1337361.659,171.95,2009,36,4,52.99
191947,Active,608759,NA,NA,D,4,1,4379330.371,66.35,2003,29,4,65.07
191948,Active,50143,NA,NA,S,7,1,1207954.404,121.33,2003,64,4,23.98
191949,Active,880427,NA,NA,D,6,1,614513.24,17.88,2013,49,4,16.02
191950,Active,365749,NA,NA,S,2,1,1237319.2,69.95,2011,24,4,62.25
191951,Active,111280,NA,NA,S,4,1,1495866.505,16.98,2009,19,13.54,18.49
191952,Active,53377,NA,NA,D,5,1,1383692.86,173,2006,40,4,18.98
191953,Active,53378,NA,NA,D,6,1,569028.7038,155.95,2007,45,4,89.88
191954,Active,50136,NA,NA,D,5,1,338873.245,310.95,2008,224,4,17.87
191955,Active,50654,NA,NA,D,4,1,318542.6188,57.78,2008,87,4.97,48.02
191956,Active,109532,NA,NA,S,3,1,2351831.61,8.99,2007,34,4,8.99
191957,Active,866311,NA,NA,S,7,1,69199.91875,65.95,2014,31,19.67,59.72
191958,Active,2255177,NA,NA,D,6,1,1132864.681,71.69,2011,46,7.92,42.24
191959,Active,130194,NA,NA,S,3,1,3647181.643,109.4,2002,39,4,5.99
191960,Active,286470,NA,NA,D,6,1,68883.49375,242.4,2011,165,5.93,32.99
191961,Active,145175,NA,NA,S,4,1,1907801.303,118.67,2005,24,5.51,42.54
191962,Active,145813,NA,NA,D,5,1,261816.955,195.2,2008,146,4,8.99
191963,Active,145814,NA,NA,D,12,1,269559.7588,243.8,2007,135,4.75,18.99
191964,Active,53009,NA,NA,D,12,1,1235148.841,186.67,2008,34,4.8,293.82
191965,Active,872398,NA,NA,D,13,1,1771791.403,31.99,2010,38,4.35,31.99
191966,Active,431054,NA,NA,S,4,1,2614106.671,110,2006,19,7.33,79.3
191967,Active,53997,NA,NA,D,12,1,91641.53375,198.67,2007,169,4,28.99
191968,Active,251306,NA,NA,D,1,0,151202.11,35,2007,32,4,38.11
191969,Active,53996,NA,NA,S,11,1,545447.4588,198.67,2005,135,4.5,11.93
191970,Active,2341541,NA,NA,D,2,1,807810.1863,74.38,1964,25,13.72,73.25
191971,Active,2847023,NA,NA,D,3,1,4125317.33,53.95,1994,14,10.33,100
191972,Active,205340,NA,NA,D,4,1,200170.8475,83.2,2001,30,11.81,78.87
191973,Active,561644,NA,NA,D,2,1,1504654.744,69.95,2006,56,4,15.99
191974,Active,3467921,NA,NA,S,3,1,631152,104,2014,55,20.94,32.45
191975,Active,550806,NA,NA,D,5,1,30361.56875,259.25,2012,133,7.19,24.97
191976,Active,705755,NA,NA,S,5,1,722460.0388,265,2012,45,16.18,136.91
191977,Active,538623,NA,NA,S,5,1,209209.1113,194.5,2012,18,11.48,48.27
191978,Active,612243,NA,NA,S,11,1,94875.6825,165.8,2013,68,4.99,42.49
191979,Active,747769,NA,NA,D,0,0,1082582.265,53.99,2012,19,4.1,50
191980,Active,53451,NA,NA,D,9,1,100293.5438,247.4,2008,79,4.72,41.82
191981,Active,285484,NA,NA,D,1,0,695294.4225,89.66,2008,43,4,23.99
191982,Active,50674,NA,NA,D,4,1,249203.805,19.64,2008,46,5.75,39.01
191983,Active,183756,NA,NA,D,6,1,997638.755,155.95,2007,33,4.63,28.96
191984,Active,154241,NA,NA,D,2,1,4494576.436,78,1997,30,3.99,44.33
191985,Active,53447,NA,NA,D,5,1,25258.34,310.95,2008,213,5.78,27.48
191986,Active,571206,NA,NA,S,6,1,966172.5288,132.6,2012,36,4,50
191987,Active,54720,NA,NA,D,6,1,777050.8425,171.95,2009,27,4,28.99
191988,Active,50675,NA,NA,D,3,1,190831.8725,164,2005,61,4.47,21.79
191989,Active,54719,NA,NA,D,5,1,1346898.085,221,2006,58,4,13.78
191990,Active,53960,NA,NA,D,7,1,22372.0375,326.95,2011,135,18.98,60.27
191991,Active,53959,NA,NA,D,6,1,157395.8925,345.95,2007,89,6.15,41.9
191992,Active,53958,NA,NA,S,5,1,642059.8588,195.95,2002,77,4,22.56
191993,Active,293824,NA,NA,S,1,0,376878.6975,257.95,2007,56,13.84,72.98
191994,Active,477648,NA,NA,D,1,0,1060903.263,194.95,2007,18,4,18.35
191995,Active,860934,NA,NA,D,0,0,639878.2338,161,2012,19,73.49,101.2
191996,Active,145212,NA,NA,S,12,1,41380.4075,280.6,2008,45,13.77,83.98
191997,Active,539384,NA,NA,S,12,1,791329.7288,289.27,2011,18,47.57,223.81
191998,Active,130164,NA,NA,D,11,1,1424975.701,130.67,2003,42,4,25.61
191999,Active,1480497,NA,NA,S,1,0,91265.05,69.95,2013,22,41.98,53.99
192000,Active,105179,NA,NA,S,4,1,349261.7738,113.25,2000,24,12.38,55.98
192001,Active,875732,NA,NA,S,3,1,1373732.406,184.76,1991,40,5.35,132.83
192002,Active,224554,NA,NA,D,4,1,58953.7125,135,2000,123,7.98,27.77
192003,Active,224562,NA,NA,S,3,1,1036692.958,85,1996,71,5.17,24.99
192004,Active,537963,NA,NA,D,1,0,237428.4263,136.95,2000,26,4.87,28.43
192005,Active,2405385,NA,NA,D,0,0,2535943.079,132.95,1990,22,4,7.82
192006,Active,126658,NA,NA,S,2,1,118083.6463,115,2005,59,34.59,37.64
192007,Active,50911,NA,NA,D,7,1,182958.1538,208,2008,51,5.87,67.85
192008,Active,114045,NA,NA,S,4,1,2526673.828,126.67,2000,40,4,13.99
192009,Active,117692,NA,NA,S,6,1,847145.4588,10.6,2005,39,4.35,13.92
192010,Active,50912,NA,NA,D,8,1,231482.1075,237.8,2010,74,12.78,65.87
192011,Active,505029,NA,NA,D,4,1,2375044.45,166,2008,18,11.82,8.99
192012,Active,600139,NA,NA,D,5,1,1118729.446,201,2011,16,14.58,141.83
192013,Active,422011,NA,NA,D,4,1,765893.8413,104,2007,112,4,17.49
192014,Active,118257,NA,NA,D,5,1,131144.3125,120,2011,146,8.42,24.85
192015,Active,204075,NA,NA,D,2,1,622352.225,75.95,2007,81,4.58,19.98
192016,Active,270993,NA,NA,D,3,1,28963.25375,86.99,2011,86,14.08,67.15
192017,Active,649303,NA,NA,S,1,0,526926.2788,208.6,2001,22,50.1,140.49
192018,Active,752796,NA,NA,D,9,1,239745.3725,83.51,2010,33,8.69,72.41
192019,Active,764538,NA,NA,D,3,1,1869159.134,195.95,2003,20,4.73,7.84
192020,Active,101203,NA,NA,S,2,1,1541001.346,107.75,1997,42,4.34,18.24
192021,Active,291555,NA,NA,D,4,1,162615.3513,439.95,2005,68,7.35,53.98
192022,Active,692311,NA,NA,D,3,1,3549088.91,91.95,2001,20,4,9.39
192023,Active,177213,NA,NA,D,4,1,410615.2325,290.95,2005,47,7.79,52.84
192024,Active,50614,NA,NA,S,4,1,648005.1113,103,2005,55,5.19,32.34
192025,Active,566131,NA,NA,S,2,1,417726.67,110.95,2012,33,49.89,57.56
192026,Active,911845,NA,NA,D,1,0,1311508.386,110,1994,32,17,95.15
192027,Active,139538,NA,NA,D,0,0,3554138.27,139,1995,24,37.72,54
192028,Active,139628,NA,NA,D,2,1,4225651.409,99,2000,11,14.94,18.34
192029,Active,128344,NA,NA,S,2,1,244962.4863,112.95,1997,55,41.5,63.97
192030,Active,905916,NA,NA,D,1,0,639340.2575,235,1979,26,5.97,102.35
192031,Active,3022096,NA,NA,S,4,1,1850881.503,105,1996,21,5.13,52.95
192032,Active,868314,NA,NA,D,3,1,1458394.283,105,1991,30,4.13,46.64
192033,Active,2057123,NA,NA,S,2,1,1189976.81,44,2011,18,21.04,38.49
192034,Active,244059,NA,NA,S,1,0,64683.525,146.95,2011,44,40.56,44.88
192035,Active,526918,NA,NA,S,2,1,103013.9688,89.95,2013,30,44.64,47.97
192036,Active,3463383,NA,NA,D,2,1,4963733.85,99,2002,22,4,43.51
192037,Active,905765,NA,NA,D,1,0,1802614.059,97,2004,13,16.81,23.13
192038,Active,757406,NA,NA,D,2,1,2742514.281,100,1998,27,4,10.44
192039,Active,565779,NA,NA,S,3,1,372878.7475,85,2009,32,37.61,47.8
192040,Active,609119,NA,NA,D,2,1,989960.4588,238.95,2002,42,4.12,71.83
192041,Active,249944,NA,NA,D,3,1,215936.7338,244.95,2009,40,30.29,61.95
192042,Active,50255,NA,NA,D,15,1,636031.685,68.2,2003,62,4,9.98
192043,Active,50256,NA,NA,D,16,1,155168.78,87.6,2006,53,4.14,43.26
192044,Active,56683,NA,NA,D,4,1,171479.5538,221.95,2005,148,4.86,22.9
192045,Active,901173,NA,NA,D,3,1,944408.0625,66,1991,15,5.26,57.4
192046,Active,118691,NA,NA,D,4,1,1397918.42,98,1996,21,12.57,61.51
192047,Active,143040,NA,NA,D,1,0,1662856.643,44,2007,26,11.59,36.94
192048,Active,1826359,NA,NA,S,1,0,29460.575,81.95,2014,19,41.49,42.67
192049,Active,564961,NA,NA,S,3,1,114002.22,110,2012,33,43.09,43.13
192050,Active,144255,NA,NA,S,1,0,241474.1188,132.2,2001,40,30.71,73.99
192051,Active,50662,NA,NA,D,11,1,35513.035,261.4,2010,86,13.51,63.94
192052,Active,50663,NA,NA,S,8,1,660572.9838,126.8,2002,45,4.19,29.99
192053,Active,50665,NA,NA,D,10,1,138999.72,194,2007,82,8.37,58.02
192054,Active,50664,NA,NA,S,9,1,685786.5925,155.2,2004,33,4,37.44
192055,Active,869285,NA,NA,S,2,1,251074.1113,60.95,2014,17,45.91,54.76
192056,Active,116972,NA,NA,D,4,1,210349.8488,177.4,2005,45,12.59,153.91
192057,Active,115617,NA,NA,D,3,1,226092.04,109.4,2000,33,12.24,54.51
192058,Active,606675,NA,NA,S,2,1,1731845.008,100,1994,33,4,46.85
192059,Active,257493,NA,NA,D,2,1,772434.9538,209.95,2000,30,6.79,67.05
192060,Active,148477,NA,NA,D,2,1,2411415.321,291.95,2008,27,4.12,55.31
192061,Active,291701,NA,NA,D,3,1,19034.15375,277.95,2011,72,9.54,103.99
192062,Active,148713,NA,NA,D,2,1,360764.6838,293.95,2008,66,4,11.62
192063,Active,254271,NA,NA,D,1,0,991114.37,135.95,2010,26,8.65,8.64
192064,Active,112083,NA,NA,D,0,0,1530690.179,295,2011,53,4,16.6
192065,Active,152719,NA,NA,D,0,0,603075.675,209,2002,67,4,28.49
192066,Active,526911,NA,NA,S,2,1,93853.0525,69.95,2011,55,12.99,41.34
192067,Active,2588590,NA,NA,D,2,1,460337.2163,65,1972,16,28.96,109.7
192068,Active,113098,NA,NA,D,3,1,322445.46,165,2007,24,79.03,153.63
192069,Active,143271,NA,NA,D,3,1,297537.11,49,2010,26,17.32,43.58
192070,Active,637341,NA,NA,D,2,1,800714.67,42,2003,32,4.45,99.97
192071,Active,296168,NA,NA,D,2,1,1786946.109,83.95,2006,23,4,33.98
192072,Active,636517,NA,NA,S,9,1,1094500.908,69.95,2000,22,23.97,60.4
192073,Active,870713,NA,NA,S,2,1,8398.19375,71,2014,54,48.24,46.22
192074,Active,199240,NA,NA,D,1,0,320789.12,62,2006,47,18.22,49.97
192075,Active,3512615,NA,NA,D,0,0,3201682.15,99,1994,34,8.83,70.57
192076,Active,2408063,NA,NA,D,0,0,1184080.451,99,1996,23,10.09,18.94
192077,Active,255387,NA,NA,D,0,0,510533.0313,99.95,1999,51,5.38,38.09
192078,Active,255397,NA,NA,S,2,1,718985.555,650.03,2003,40,5.01,73.89
192079,Active,255417,NA,NA,D,3,1,96226.4125,169.95,2008,28,21.46,78.78
192080,Active,255419,NA,NA,D,3,1,367027.1863,99.95,2008,62,4.66,0
192081,Active,184026,NA,NA,D,3,1,2045172.719,202.95,2005,41,4,11.18
192082,Active,244063,NA,NA,D,5,1,484169.9438,167.95,2011,51,5.99,18.88
192083,Active,251088,NA,NA,D,4,1,1170350.936,184.95,2008,42,4,19.74
192084,Active,560446,NA,NA,S,2,1,742259.7113,49,2011,19,28.49,40.94
192085,Active,516483,NA,NA,S,2,1,1077621.145,26.67,2006,34,4,13.98
192086,Active,866667,NA,NA,S,4,1,147839.7338,60,2014,54,9.46,18.98
192087,Active,870837,NA,NA,D,1,0,2824135.266,39.95,1995,30,5.04,14.05
192088,Active,591343,NA,NA,D,2,1,1401858.298,236.95,2004,38,4.08,85.24
192089,Active,618625,NA,NA,D,5,1,93475.17,69.28,2005,54,9.63,43.99
192090,Active,266956,NA,NA,D,0,0,687486.6363,40,2005,13,20.85,22.62
192091,Active,245107,NA,NA,D,2,1,1035858.46,225.95,2004,35,9.01,23.89
192092,Active,618266,NA,NA,D,9,1,78658.43125,93.28,2010,68,13.12,53.76
192093,Active,3569189,NA,NA,D,0,0,2444745.85,69.95,1996,18,6.88,66.41
192094,Active,2333694,NA,NA,D,4,1,2547642.231,99,1995,32,4,20
192095,Active,914042,NA,NA,S,3,1,2561944.505,66.95,1991,24,4,26.56
192096,Active,222956,NA,NA,S,4,1,355302.3813,167.95,1996,29,4.99,43.98
192097,Active,917728,NA,NA,D,3,1,4204679.164,71.95,1988,29,4.13,23.94
192098,Active,294030,NA,NA,S,5,1,46623.285,152.95,2001,46,12.99,48.98
192099,Active,1719607,NA,NA,S,3,1,372028.4288,74,2010,51,4.17,63.98
192100,Active,222814,NA,NA,D,4,1,432982.2963,60,2005,62,5.47,110.49
192101,Active,222815,NA,NA,S,5,1,55850.475,73,2009,33,8.38,70.33
192102,Active,658541,NA,NA,D,4,1,673881.6863,65,2009,26,20.21,96.46
192103,Active,905917,NA,NA,D,3,1,1208921.61,52,2004,18,5.98,26.56
192104,Active,147666,NA,NA,D,6,1,154707.985,103,2011,83,10.65,28.79
192105,Active,147546,NA,NA,D,5,1,831713.6325,86.95,2007,66,4,15.97
192106,Active,663682,NA,NA,S,3,1,1550.37875,41.95,2013,94,23.99,32.01
192107,Active,147624,NA,NA,D,2,1,45353.26,39.95,2010,102,10.05,23.99
192108,Active,147428,NA,NA,D,1,0,140812.6025,29.95,2005,97,4.41,14.94
192109,Active,1696712,NA,NA,S,1,0,20374.3,42.95,2014,20,34.68,34.69
192110,Active,655619,NA,NA,S,2,1,178156.5938,48,2010,38,23.34,29.17
192111,Active,582745,NA,NA,D,1,0,1921598.249,73.95,2000,27,4,19.9
192112,Active,200030,NA,NA,D,2,1,276324.5463,190.95,2007,46,11.59,49.97
192113,Active,641416,NA,NA,S,4,1,30821.23125,41.95,2010,32,32.19,0
192114,Active,912631,NA,NA,S,0,0,1228035.455,33.15,2010,39,36.5,36.8
192115,Active,907117,NA,NA,D,0,0,1616427.521,44.95,2003,26,4,51.23
192116,Active,127303,NA,NA,D,0,0,1657286.846,54.95,2004,18,4,23.01
192117,Active,631288,NA,NA,S,3,1,247478.8988,115.95,2012,29,29.55,45.19
192118,Active,193671,NA,NA,S,2,1,1970453.978,46,2008,30,4,28.98
192119,Active,624996,NA,NA,D,1,0,1123795.109,120,2004,30,4.96,50.71
192120,Active,1780966,NA,NA,S,1,0,69261.175,80,2015,7,53.14,52.92
192121,Active,637044,NA,NA,S,2,1,194713.5463,65,2010,37,18.41,25.99
192122,Active,760186,NA,NA,S,2,1,6174573.47,210,2003,14,5.13,54.9
192123,Active,2170811,NA,NA,S,0,0,69241.075,85,2014,16,54.47,47.98
192124,Active,1625047,NA,NA,S,0,0,634841.9888,40.95,2008,33,7.88,32.02
192125,Active,615341,NA,NA,S,0,0,34339.15,75,1997,77,19.98,48.94
192126,Active,606784,NA,NA,D,8,1,670710.8125,75,2009,30,13.81,39.99
192127,Active,754787,NA,NA,D,0,0,3076042.734,34.95,2003,25,4.3,0
192128,Active,649539,NA,NA,S,3,1,45871.08125,42,2013,48,15.85,27
192129,Active,217320,NA,NA,S,2,1,256211.6463,39,2009,40,4,82.73
192130,Active,55815,NA,NA,D,1,0,115132.36,33.79,2001,43,4.43,47.99
192131,Active,55814,NA,NA,S,2,1,2976.81625,81.75,2005,101,19.02,39.98
192132,Active,862245,NA,NA,S,5,1,1171156.101,49.99,2015,20,20.47,31.13
192133,Active,924262,NA,NA,S,5,1,43471.025,59.99,2013,54,36.86,39.1
192134,Active,658052,NA,NA,S,7,1,124188.0775,59.99,2013,25,41.86,41.37
192135,Active,252904,NA,NA,D,5,1,530685.9988,59.99,2010,84,5.1,17.49
192136,Active,526907,NA,NA,D,6,1,201369.7488,59.99,2012,35,15.96,40.08
192137,Active,266927,NA,NA,D,4,1,986764.6013,59.99,2007,64,4,9.99
192138,Active,266859,NA,NA,S,3,1,2233984.776,59.99,2005,40,4,6.88
192139,Active,652386,NA,NA,S,2,1,984647.4938,49.99,2013,19,28.99,37.16
192140,Active,593653,NA,NA,S,2,1,1010489.574,49.99,2008,61,3.98,0
192141,Active,545202,NA,NA,S,3,1,378899.8038,49.99,2010,36,7.72,0
192142,Active,110055,NA,NA,S,5,1,1056864.865,173.5,2010,55,6.37,31.77
192143,Active,623525,NA,NA,D,0,0,335520.75,34.99,2009,67,6.22,11.96
192144,Active,894903,NA,NA,S,2,1,63199.35125,59.99,2014,20,39,36.67
192145,Active,864943,NA,NA,S,2,1,338515.1413,44.99,2014,23,31.99,32.46
192146,Active,860456,NA,NA,S,2,1,858860.8338,44.99,2011,25,4,33.98
192147,Active,664727,NA,NA,S,2,1,616212.745,54.99,2013,20,34.35,36.03
192148,Active,628766,NA,NA,D,0,0,949592.6913,49.99,2009,30,5.99,21.99
192149,Active,864988,NA,NA,S,2,1,460871.8275,59.99,2013,59,37.47,40.76
192150,Active,2036407,NA,NA,D,1,0,1443688.516,49.99,2006,45,4,8.11
192151,Active,637065,NA,NA,D,1,0,824267.88,59.99,2010,23,14.97,39.08
192152,Active,648624,NA,NA,S,2,1,741335.7988,59.99,2013,31,41.31,43.14
192153,Active,617927,NA,NA,D,2,1,2162073.078,44.99,2006,60,4,18.13
192154,Active,612777,NA,NA,S,2,1,831314.87,59.99,2013,29,15.99,38.99
192155,Active,643514,NA,NA,D,0,0,1211655.244,54.99,2010,17,12.75,34.09
192156,Active,1886252,NA,NA,S,3,1,1297536.653,49.99,2010,52,4,5.03
192157,Active,1886523,NA,NA,S,4,1,389848.8775,54.99,2014,16,41.78,40.13
192158,Active,613797,NA,NA,D,0,0,1140170.553,49.99,2005,60,4,0
192159,Active,663299,NA,NA,S,1,0,16962.03375,49.99,2013,63,19.82,28.25
192160,Active,614653,NA,NA,S,1,0,874766.2025,49.99,2009,90,4,21.32
192161,Active,1983852,NA,NA,S,4,1,913670.955,59.99,2015,18,49.35,45.8
192162,Active,860457,NA,NA,S,2,1,1045782.996,49.99,2011,27,9.03,30.34
192163,Active,623485,NA,NA,S,3,1,742975.5688,54.99,2010,45,5.47,14.06
192164,Active,639856,NA,NA,S,4,1,605316.4538,59.99,2012,25,38.38,47.93
192165,Active,286210,NA,NA,D,7,1,1577026.173,106.8,2006,31,4.4,9.97
192166,Active,120784,NA,NA,D,8,1,172801.92,151.4,2010,32,7.64,7.69
192167,Active,617532,NA,NA,S,2,1,138295.1738,98,2010,29,16.01,38.96
192168,Active,915136,NA,NA,D,0,0,1634346.535,58,2004,32,4,16.83
192169,Active,1590273,NA,NA,D,1,0,2077156.175,99.99,2009,66,29.82,62.63
192170,Active,125977,NA,NA,S,3,1,429067.935,199.95,1998,43,14.29,58.83
192171,Active,2437092,NA,NA,S,0,0,72454.55,75,2005,18,51.47,54.4
192172,Active,634058,NA,NA,D,0,0,1030807.908,65,1986,32,5.98,10.52
192173,Active,176547,NA,NA,S,2,1,2221552.929,124.95,1995,20,5.54,50.95
192174,Active,3482635,NA,NA,D,2,1,1038250.6,64.95,1992,26,9.77,43.99
192175,Active,128386,NA,NA,S,3,1,75201.5325,85,2001,33,38.99,0
192176,Active,254288,NA,NA,S,2,1,957873.0613,92.95,2011,25,43.9,83.99
192177,Active,116712,NA,NA,D,7,1,363454.0125,145.33,2005,45,8.99,39.68
192178,Active,742236,NA,NA,D,8,1,946978.4063,45.98,2009,29,4.11,45.77
192179,Active,2502568,NA,NA,S,2,1,582234.8613,129,1985,25,10.92,54.87
192180,Active,164878,NA,NA,D,1,0,1007808.118,161.95,1996,23,8.28,49.8
192181,Active,146058,NA,NA,D,8,1,85243.4025,184.67,2009,52,46.33,159.25
192182,Active,556587,NA,NA,D,2,1,760773.8513,110,1986,34,5.12,52.99
192183,Active,191900,NA,NA,D,1,0,712809.4963,23.99,2003,23,11.2,27.9
192184,Active,264961,NA,NA,D,1,0,501758.2763,99.95,2006,26,8.59,58.88
192185,Active,52502,NA,NA,D,7,1,204559.1025,298.95,2007,64,4.09,25.99
192186,Active,52503,NA,NA,D,7,1,167138.975,361.95,2008,55,6.39,41.1
192187,Active,2621611,NA,NA,D,3,1,11404833.6,0,1990,16,4,32.99
192188,Active,169448,NA,NA,D,3,1,387160.2063,341.95,2006,32,5.11,48.29
192189,Active,58510,NA,NA,D,7,1,647156.2775,127.6,2002,70,4,37.88
192190,Active,58511,NA,NA,D,8,1,358691.1988,153.33,2006,84,4.26,32.46
192191,Active,176929,NA,NA,D,2,1,1935619.451,139.95,2001,41,4.48,18.99
192192,Active,58512,NA,NA,S,6,1,1776020.596,101.33,1997,59,4,13.98
192193,Active,177029,NA,NA,S,5,1,113608.1775,388.95,2010,34,27.82,71.94
192194,Active,633030,NA,NA,D,1,0,711881.8438,109.95,2008,37,8.37,66.8
192195,Active,566448,NA,NA,D,2,1,298919.8613,79.38,2004,92,11.13,50.49
192196,Active,619535,NA,NA,S,1,0,961092.9313,57.69,1998,41,4,44.71
192197,Active,152603,NA,NA,S,2,1,649884.52,94.95,1995,37,47.6,58.99
192198,Active,616223,NA,NA,S,0,0,25170.625,109,1999,53,47.54,61.98
192199,Active,664106,NA,NA,S,1,0,102573.425,140,2013,25,34.89,72.99
192200,Active,542182,NA,NA,S,4,1,122997.9,84.99,2010,51,57.69,68.22
192201,Active,526897,NA,NA,S,2,1,333323.1613,20,2012,30,6.98,8.45
192202,Active,900639,NA,NA,D,0,0,676721.8125,70,1999,22,63.41,198.01
192203,Active,1534176,NA,NA,S,2,1,1695408.316,169,2008,24,47,49.82
192204,Active,3512775,NA,NA,D,1,0,4016781.7,84.95,2002,32,35.94,55.86
192205,Active,2346954,NA,NA,D,3,1,3702624.525,304.2,1991,20,6.68,61.11
192206,Active,116762,NA,NA,D,3,1,84955.67875,251.2,2008,49,103.94,152.99
192207,Active,113907,NA,NA,D,3,1,1091055.365,180,2001,33,6.83,42.45
192208,Active,264886,NA,NA,D,2,1,2181381.309,109.95,2002,25,6.67,33.7
192209,Active,875268,NA,NA,S,9,1,3076880.519,24.99,2006,22,5.03,29.97
192210,Active,286249,NA,NA,D,10,1,396241.8688,148.8,2008,105,4,6.85
192211,Active,120248,NA,NA,D,11,1,107418.0913,134.4,2011,58,5.9,21.69
192212,Active,286121,NA,NA,S,5,1,1983455.305,108,2004,29,4.57,13.5
192213,Active,120885,NA,NA,S,6,1,105006.8775,205.8,2007,99,9.96,26.94
192214,Active,630532,NA,NA,S,1,0,72214.95,248,2012,39,31.58,42.96
192215,Active,129233,NA,NA,S,1,0,341036.7938,35.95,2008,27,15.23,33.2
192216,Active,652552,NA,NA,S,5,1,88095.55375,65,2012,30,40.1,42.36
192217,Active,631016,NA,NA,D,4,1,387098.7713,55,2001,44,11.27,61.21
192218,Active,1630858,NA,NA,S,2,1,1630067.683,55,2012,23,12.46,38.24
192219,Active,526892,NA,NA,S,7,1,90758.72625,48.95,2013,31,29.59,30.34
192220,Active,55188,NA,NA,D,6,1,435609.9513,131,2009,83,4,23.56
192221,Active,55187,NA,NA,D,5,1,526959.185,114.2,2006,57,4,23.98
192222,Active,627880,NA,NA,S,11,1,648704.1788,134,2012,44,5.17,10.98
192223,Active,526891,NA,NA,D,10,1,165656.6038,115.95,2012,58,4.69,18.99
192224,Active,544423,NA,NA,D,11,1,142408.5475,104.95,2012,62,4.19,22.97
192225,Active,540581,NA,NA,D,11,1,182916.2975,62.4,2010,47,4,14.23
192226,Active,212627,NA,NA,D,10,1,733555.525,44,2005,23,16.13,29.08
192227,Active,867130,NA,NA,S,12,1,336529.8413,62.4,2014,19,45.71,49.19
192228,Active,169196,NA,NA,D,6,1,935093.4663,56.95,2006,21,4,17.99
192229,Active,116809,NA,NA,S,2,1,131074.3875,70,2007,26,49.99,0
192230,Active,617206,NA,NA,S,3,1,427460.1888,50.99,1998,37,4.63,32.68
192231,Active,832588,NA,NA,D,3,1,4259659.996,89,1996,21,4.75,72.41
192232,Active,743643,NA,NA,D,4,1,1991818.826,115,2005,17,11.49,90.66
192233,Active,257165,NA,NA,S,2,1,310638.4425,36.95,2001,55,4.97,11.24
192234,Active,161781,NA,NA,S,8,1,3006459.999,123.16,2008,19,9.03,42.99
192235,Active,54679,NA,NA,D,6,1,305909.4375,103,2006,69,4,33.39
192236,Active,54680,NA,NA,D,7,1,340163.8513,128,2008,54,5.54,33.97
192237,Active,54678,NA,NA,S,5,1,482839.235,109,2004,47,4,16.87
192238,Active,610671,NA,NA,S,0,0,1436511.594,49.95,2013,16,44.56,34.76
192239,Active,203413,NA,NA,D,7,1,1170085.688,54.95,2000,21,4,60.61
192240,Active,3503701,NA,NA,D,6,1,1065160.65,34.95,1995,26,8.93,28.94
192241,Active,629206,NA,NA,D,2,1,202312.1338,202,2012,60,4.54,69.48
192242,Active,193616,NA,NA,D,0,0,1287598.823,132,2008,52,4,18.95
192243,Active,610085,NA,NA,D,10,1,176130.0663,224,2012,92,5.1,53.99
192244,Active,574698,NA,NA,D,8,1,2771618.614,124,2005,23,4,19.94
192245,Active,293216,NA,NA,D,9,1,756970.945,144,2008,38,5.53,43.97
192246,Active,629999,NA,NA,D,6,1,1170001.231,202,2011,19,7.98,27.94
192247,Active,193653,NA,NA,D,5,1,3026737.154,138,2009,15,5.08,28.99
192248,Active,633869,NA,NA,D,9,1,77783.96375,193,2012,76,6.99,80.8
192249,Active,293213,NA,NA,D,8,1,825677.5438,125,2008,50,5.56,24.99
192250,Active,193523,NA,NA,D,7,1,2079991.324,121,2006,22,4,43.99
192251,Active,193721,NA,NA,D,8,1,340152.8475,194,2010,108,7.73,33.99
192252,Active,872075,NA,NA,D,5,1,2859296.924,34.28,2008,24,8.62,54.97
192253,Active,610159,NA,NA,D,6,1,570523.0025,195,2012,86,4.76,92.31
192254,Active,193654,NA,NA,D,5,1,1165115.039,125,2008,58,4.31,17.07
192255,Active,1871360,NA,NA,S,4,1,804378.935,59,2010,27,5.28,36.99
192256,Active,276778,NA,NA,S,2,1,111249.2938,64,2007,30,35.56,0
192257,Active,142936,NA,NA,D,3,1,1261189.401,185,2004,33,4,0
192258,Active,721317,NA,NA,S,0,0,1049823.419,50,2003,29,35.83,32.66
192259,Active,550158,NA,NA,D,1,0,575658.5413,33.02,2004,32,4,29.39
192260,Active,617160,NA,NA,D,2,1,169498.7625,58.58,2008,31,4.38,50.71
192261,Active,621311,NA,NA,S,3,1,43828.775,109.75,2011,56,48.99,52.61
192262,Active,1922042,NA,NA,S,2,1,2986979.704,79.99,2010,18,39.99,64.06
192263,Active,1533924,NA,NA,S,2,1,2035019.478,69.95,2007,17,53.67,59.28
192264,Active,57906,NA,NA,S,5,1,1419418.279,105,2003,53,4.35,18.49
192265,Active,610076,NA,NA,D,7,1,51018.08,228,2012,234,5.9,78.99
192266,Active,57907,NA,NA,D,6,1,518708.98,152,2007,157,4.45,79.87
192267,Active,143409,NA,NA,D,4,1,2535229.245,59,2001,22,4,7.98
192268,Active,288434,NA,NA,S,5,1,177499.7538,79,2010,29,19.65,79.68
192269,Active,778331,NA,NA,D,8,1,4540557.605,73.95,2004,18,4,22.99
192270,Active,477663,NA,NA,D,9,1,1036237.658,120.95,2006,48,4,62.43
192271,Active,2252428,NA,NA,D,9,1,3250464.62,95.61,2010,34,10.57,88.18
192272,Active,143609,NA,NA,D,9,1,782381.1088,167,2010,56,5.09,23.99
192273,Active,871054,NA,NA,D,8,1,1115498.995,125,2007,47,4,12.75
192274,Active,919110,NA,NA,S,4,1,89990.5575,49,2013,35,22.86,40.94
192275,Active,619377,NA,NA,S,5,1,204667.025,98,2009,36,31.97,74.32
192276,Active,899706,NA,NA,D,0,0,3431930.893,55,1990,15,6.38,63.94
192277,Active,611975,NA,NA,S,14,1,312361.565,65,2013,33,5.09,55.86
192278,Active,630563,NA,NA,S,2,1,139755.4675,63.95,2012,31,8.99,38.34
192279,Active,246578,NA,NA,S,2,1,314355.1138,78,2008,45,20.52,48.28
192280,Active,2834267,NA,NA,D,2,1,2954814.81,42.95,1999,24,6.67,57.84
192281,Active,753207,NA,NA,S,2,1,285001.8825,24.99,2010,104,4,6.98
192282,Active,3087903,NA,NA,D,1,0,1127529.111,52.95,2004,26,10.64,78.33
192283,Active,543126,NA,NA,S,2,1,555608.6463,28.95,2010,59,4,7.93
192284,Active,788874,NA,NA,S,2,1,5733814.629,59.95,1999,19,4,28.99
192285,Active,178856,NA,NA,D,6,1,664534.2738,188.95,2008,94,4,11.31
192286,Active,178836,NA,NA,D,5,1,2313343.361,133.95,2003,46,4,4.9
192287,Active,827747,NA,NA,D,1,0,1996879.426,44.95,1996,27,4,45.57
192288,Active,803862,NA,NA,D,1,0,1137992.488,159,2005,16,12.57,48.87
192289,Active,804036,NA,NA,D,1,0,2234679.526,159,2006,17,19.08,33.99
192290,Active,131211,NA,NA,D,3,1,1005387.419,93,1998,44,4,9.48
192291,Active,254030,NA,NA,S,4,1,116481.42,62.95,2011,73,48.93,53.54
192292,Active,120367,NA,NA,D,9,1,224750.0375,190.4,2009,56,4.38,8.79
192293,Active,526880,NA,NA,D,10,1,306585.9238,200,2012,63,11.83,22.99
192294,Active,115824,NA,NA,S,7,1,3561479.594,88.2,2003,20,4.71,12.58
192295,Active,286103,NA,NA,D,8,1,997653.9325,131,2006,46,4,6.1
192296,Active,901549,NA,NA,D,1,0,2116468.043,230,2005,11,88.98,102.41
192297,Active,3818631,NA,NA,D,0,0,1455912.55,45,2008,27,24.29,46.47
192298,Active,114792,NA,NA,D,7,1,547262.6563,126.7,2002,26,4.43,21.08
192299,Active,607526,NA,NA,S,6,1,1260842.065,125,1999,34,4.58,50.09
192300,Active,60775,NA,NA,D,2,1,580790.6625,41.62,2003,52,8.83,66.29
192301,Active,917914,NA,NA,D,4,1,391211.545,47.7,2001,24,4.76,47.54
192302,Active,503345,NA,NA,S,5,1,100086.2788,87.5,2011,51,45.4,56.98
192303,Active,262754,NA,NA,S,2,1,180152.18,51.95,2009,79,18.98,47.42
192304,Active,868149,NA,NA,D,3,1,2929034.021,36.6,1992,39,4,8.99
192305,Active,157631,NA,NA,D,3,1,805404.1213,76.95,2008,35,5.7,65.99
192306,Active,58282,NA,NA,D,7,1,257745.5625,14.09,2006,63,4,14.04
192307,Active,545024,NA,NA,D,2,1,32963.14,93,2012,84,9.53,19.65
192308,Active,910493,NA,NA,D,3,1,3235055.514,38,1999,29,4,43.09
192309,Active,629898,NA,NA,S,3,1,452290.065,80,2003,31,42.35,62.28
192310,Active,2333760,NA,NA,D,2,1,1773566.674,206,1991,25,4.76,23.39
192311,Active,253952,NA,NA,D,3,1,389560.2388,165.95,2010,31,17.42,59.97
192312,Active,249838,NA,NA,D,2,1,1754241.03,163.95,2006,28,2.59,45.15
192313,Active,649687,NA,NA,S,1,0,192273.8588,62.95,2012,17,48.59,38.17
192314,Active,776216,NA,NA,D,0,0,3439123.434,30.5,2009,25,3.96,9.98
192315,Active,293197,NA,NA,D,5,1,450579.0325,158,2006,105,6.3,69.45
192316,Active,868657,NA,NA,D,3,1,3011239.909,108,2001,11,6.49,43.97
192317,Active,119427,NA,NA,D,1,0,153888.1575,232.2,2012,63,5.87,27.97
192318,Active,621409,NA,NA,D,0,0,266463.3275,54,2007,66,6.48,17.94
192319,Active,894889,NA,NA,S,2,1,35542.79375,55,2014,31,38.72,31.75
192320,Active,655191,NA,NA,S,2,1,306579.2625,44.99,2013,34,24.48,36.16
192321,Active,617928,NA,NA,D,1,0,970775.5275,59.99,2008,48,6.2,46.88
192322,Active,135668,NA,NA,S,3,1,215949.3713,41.95,2010,26,27.29,25.16
192323,Active,920355,NA,NA,S,2,1,2082062.441,49.95,2000,38,4,7.99
192324,Active,540269,NA,NA,S,3,1,319960.4525,48.95,2013,22,29.99,38.38
192325,Active,3585455,NA,NA,D,4,1,1488393.2,39.95,1992,22,9.21,45.65
192326,Active,164330,NA,NA,D,2,1,1115114.32,46.78,2003,26,6.26,23.99
192327,Active,549308,NA,NA,S,1,0,1342717.381,89.5,1995,39,4,10.76
192328,Active,107610,NA,NA,D,3,1,269865.0863,57.99,2003,84,4.48,42.52
192329,Active,550224,NA,NA,D,4,1,148039.0988,166.22,2007,44,14.97,38.43
192330,Active,250641,NA,NA,S,3,1,114399.4438,159.95,2010,36,31.93,31.12
192331,Active,295775,NA,NA,D,2,1,358955.42,177.95,2001,24,8.03,62.58
192332,Active,308775,NA,NA,S,4,1,404648.5963,23.99,2004,43,4,44.08
192333,Active,305851,NA,NA,S,3,1,2177589.28,115.93,2001,28,4,24.48
192334,Active,307795,NA,NA,S,4,1,339153.6325,111.75,2006,28,28.31,0
192335,Active,908944,NA,NA,S,1,0,47211.78625,95,2014,38,44.98,51.08
192336,Active,526870,NA,NA,S,4,1,96296.48375,65,2011,39,6.68,37.47
192337,Active,110106,NA,NA,D,6,1,58296.42625,324.46,2008,43,17.03,44.14
192338,Active,662928,NA,NA,D,6,1,210377.81,107.75,2008,27,16.48,77.92
192339,Active,632217,NA,NA,D,4,1,660695.7063,238.4,2000,39,4.57,45.99
192340,Active,109140,NA,NA,S,5,1,572559.5913,40.44,2004,34,4,11.25
192341,Active,251773,NA,NA,S,2,1,1552064.949,180.95,2008,30,5.75,60.39
192342,Active,147823,NA,NA,S,9,1,172239.2688,214.95,2001,66,4,52.99
192343,Active,248139,NA,NA,D,5,1,55396.145,106,2010,119,4.4,53.98
192344,Active,625432,NA,NA,D,2,1,610751.415,46,2004,40,4,42.89
192345,Active,629166,NA,NA,S,3,1,382930.3775,75,2012,29,35.46,48.95
192346,Active,890090,NA,NA,D,5,1,4816404.363,32,2007,13,4.48,93.55
192347,Active,270112,NA,NA,D,6,1,565258.7425,215,2010,56,4.76,183.99
192348,Active,667761,NA,NA,D,4,1,1125129.291,202,2006,31,4.19,118.17
192349,Active,117891,NA,NA,S,6,1,121832.0013,163.4,2004,68,4.06,44.63
192350,Active,114427,NA,NA,S,5,1,2357140.589,89.2,2001,39,4,44.21
192351,Active,2434912,NA,NA,S,3,1,1276333.623,50.95,2001,25,4,28.98
192352,Active,196512,NA,NA,S,2,1,941695.0988,80.95,2003,37,11.13,64.09
192353,Active,1780291,NA,NA,S,1,0,30211.95,49.99,2014,18,27.71,28.85
192354,Active,758947,NA,NA,S,3,1,527822.8075,150.15,2000,46,6.14,66.97
192355,Active,533317,NA,NA,D,5,1,109268.345,65,2008,40,21.98,34.99
192356,Active,890889,NA,NA,S,3,1,100109.1938,49.99,2014,19,27.99,28.94
192357,Active,639939,NA,NA,D,2,1,670974.12,44.99,2011,29,15.73,19.4
192358,Active,628307,NA,NA,D,1,0,494967.3463,32.47,2006,44,10.99,23.99
192359,Active,630548,NA,NA,S,2,1,53360.53,65,2012,29,33.99,39.83
192360,Active,620331,NA,NA,D,8,1,334766.2213,70,2006,65,14.14,68.27
192361,Active,618174,NA,NA,D,7,1,120885.345,70,2001,128,8.6,37.94
192362,Active,619637,NA,NA,S,9,1,4448.65875,75,2011,51,32.49,41.15
192363,Active,164993,NA,NA,S,2,1,867641.2775,65,2000,79,4.47,9.7
192364,Active,526868,NA,NA,S,4,1,130035.1838,75,2013,29,37.02,42.09
192365,Active,665411,NA,NA,S,2,1,60812.7,72.95,2012,33,42.17,60.15
192366,Active,2331183,NA,NA,D,0,0,3134553.946,90.14,1978,19,5.99,87.93
192367,Active,2347533,NA,NA,D,3,1,1631301.62,101.25,1992,18,9.33,153.09
192368,Active,862247,NA,NA,S,8,1,24175.2775,161.25,2014,64,53.97,83.98
192369,Active,610027,NA,NA,D,7,1,284747.6813,70,2012,39,10.63,107.03
192370,Active,526867,NA,NA,D,7,1,78146.2575,75.35,2010,52,31.2,83.84
192371,Active,60776,NA,NA,D,6,1,164861.1825,53.98,2006,69,7.85,32.75
192372,Active,860160,NA,NA,S,7,1,1837902.719,83.24,2010,16,20.71,112.5
192373,Active,630982,NA,NA,D,7,1,350811.3938,19.89,2010,65,4,19.88
192374,Active,916932,NA,NA,D,6,1,1618789.221,12.54,2006,40,3.99,7
192375,Active,592080,NA,NA,S,2,1,124356.1238,44.95,2008,32,26.15,38.94
192376,Active,1474756,NA,NA,S,15,1,4365983.406,69.95,2010,13,6.31,51.33
192377,Active,57232,NA,NA,D,2,1,532816.4575,61.6,2007,73,3.98,12.39
192378,Active,911330,NA,NA,D,2,1,1176947.994,14.89,2007,47,5.63,15.5
192379,Active,57230,NA,NA,D,3,1,75892.48625,86.2,2011,82,8.19,9.74
192380,Active,758230,NA,NA,D,1,0,348678.9175,70,2003,74,4,8.32
192381,Active,541743,NA,NA,S,2,1,38252.51625,70,2012,56,25.26,37.08
192382,Active,526865,NA,NA,S,2,1,249508.7038,69.99,2009,28,28.67,39.65
192383,Active,608196,NA,NA,S,5,1,482975.6913,78.95,2009,32,19.91,63.01
192384,Active,865323,NA,NA,S,4,1,713592.9888,48.75,2014,26,7.97,33.98
192385,Active,587836,NA,NA,S,3,1,1258441.169,14.84,2012,41,4,13.22
192386,Active,617844,NA,NA,S,1,0,62367.81375,119.95,2010,33,48.74,81.05
192387,Active,630316,NA,NA,S,0,0,84324.725,59.95,2001,18,54.08,56.95
192388,Active,545698,NA,NA,S,10,1,267697.7263,67.99,2012,36,14.31,36.92
192389,Active,577415,NA,NA,D,9,1,740601.0125,57.99,2008,51,4,17.99
192390,Active,505642,NA,NA,S,3,1,160092.2925,64.99,2010,51,23.74,37.65
192391,Active,264267,NA,NA,S,5,1,1234208.441,54.95,2006,31,4.12,7.59
192392,Active,2273681,NA,NA,S,3,1,79183.44625,29.22,1900,38,22.04,32.24
192393,Active,202808,NA,NA,S,2,1,3561084.444,104.95,2000,37,4,7.06
192394,Active,249785,NA,NA,D,3,1,599145.9675,167.95,2006,60,4,9.49
192395,Active,261069,NA,NA,D,0,0,1517907.6,54.95,2001,22,11.98,51.44
192396,Active,908109,NA,NA,S,2,1,1038460.326,49.99,2009,32,4.58,23.74
192397,Active,584352,NA,NA,D,0,0,2763472.559,26.8,1994,28,4.19,56.65
192398,Active,164647,NA,NA,D,4,1,2491821.03,69.25,2004,31,5.17,94.33
192399,Active,1656831,NA,NA,D,5,1,944039.5075,101.95,2006,9,6.89,181.59
192400,Active,657645,NA,NA,D,5,1,523076.8713,79.95,2006,36,4.98,0
192401,Active,197958,NA,NA,S,5,1,467363.4938,89.2,2008,77,6.69,25.21
192402,Active,1780614,NA,NA,S,1,0,58491.65,54.99,2014,19,24.41,31.23
192403,Active,1780561,NA,NA,S,1,0,80252.4,54.99,2014,13,30.94,31.96
192404,Active,874712,NA,NA,S,3,1,8550.4675,100.95,2014,61,51.47,62.98
192405,Active,874715,NA,NA,D,2,1,1008090.725,93.95,2012,36,5.14,52.65
192406,Active,200374,NA,NA,D,1,0,927904.07,52.95,2009,119,4,9.99
192407,Active,254540,NA,NA,D,2,1,62077.9025,98.95,2012,175,4.55,13.98
192408,Active,924290,NA,NA,S,7,1,8773.45375,79.2,2015,34,57.98,64.38
192409,Active,526863,NA,NA,D,6,1,34996.9575,77,2010,121,4.03,34.98
192410,Active,552229,NA,NA,D,5,1,899490.6375,56.95,2005,127,4,19.24
192411,Active,712959,NA,NA,D,3,1,7362669.39,52.6,2001,15,4,9.49
192412,Active,116063,NA,NA,D,4,1,2856331.975,65.8,2005,21,4.86,18
192413,Active,120371,NA,NA,S,5,1,337566.13,163.4,2008,42,11.3,130.91
192414,Active,257501,NA,NA,S,3,1,535629.6463,80,2000,30,8.41,53.89
192415,Active,915426,NA,NA,D,1,0,1205034.396,79.95,2009,27,4,45.04
192416,Active,649178,NA,NA,S,5,1,347411.4225,59.99,2006,33,10.8,79.95
192417,Active,3751779,NA,NA,S,2,1,55397.425,59.99,2016,8,32.99,38.71
192418,Active,290313,NA,NA,D,1,0,1197289.47,70,1997,31,4,16.99
192419,Active,2566125,NA,NA,S,2,1,8759916.969,70,1994,34,4,9.98
192420,Active,610069,NA,NA,S,5,1,24015.275,95,2013,54,35.53,54.99
192421,Active,167170,NA,NA,D,4,1,49938.8175,95,2007,106,5.86,27.73
192422,Active,875323,NA,NA,S,2,1,1664066.64,85,1994,34,4,46.08
192423,Active,541758,NA,NA,S,4,1,46747.5225,125,2011,63,23.11,63.48
192424,Active,165354,NA,NA,D,3,1,382647.3575,120,2002,68,4.47,12.25
192425,Active,616215,NA,NA,D,2,1,250408.9288,99.95,2003,60,12.95,22.93
192426,Active,775851,NA,NA,D,3,1,2855397.983,118,2004,20,4,8.99
192427,Active,738599,NA,NA,D,0,0,1476278.245,54,2012,20,3.88,17.99
192428,Active,624884,NA,NA,D,0,0,2363361.583,53,2011,21,4,18.49
192429,Active,613188,NA,NA,D,4,1,404008.7125,136,2008,48,4.13,7.9
192430,Active,863894,NA,NA,S,10,1,620488.8763,59,2010,11,44.29,53.98
192431,Active,2257630,NA,NA,D,0,0,3885159.068,0,2010,18,11.83,35.06
192432,Active,143623,NA,NA,D,1,0,523169.725,190,2010,78,4.44,15.99
192433,Active,193352,NA,NA,S,0,0,764075.8713,52.95,2005,13,26.49,74.64
192434,Active,57902,NA,NA,D,10,1,915354.505,184,2008,60,4.01,9.58
192435,Active,270122,NA,NA,D,11,1,142137.9975,217,2011,86,6.69,82.63
192436,Active,271111,NA,NA,D,11,1,728636.9613,208,2011,34,8.52,42.49
192437,Active,2105384,NA,NA,S,0,0,480411.7525,47,2014,60,11.24,38.99
192438,Active,861607,NA,NA,D,1,0,1413663.12,100.95,2013,26,4.89,49.99
192439,Active,544389,NA,NA,D,0,0,805664.6525,110.95,2013,35,4.79,53.93
192440,Active,544400,NA,NA,D,1,0,745485.75,91.95,2013,44,4.9,40.49
192441,Active,870810,NA,NA,D,1,0,2596280.795,124.95,2008,23,4.12,26
192442,Active,243918,NA,NA,D,1,0,1191224.154,106.95,2011,25,4.03,47.03
192443,Active,794984,NA,NA,S,1,0,1652739.349,148.95,2010,29,4,33.36
192444,Active,3022162,NA,NA,D,2,1,2106835.179,49.95,2002,28,4,30
192445,Active,655333,NA,NA,S,3,1,389136.5713,59,2012,27,43.44,43.67
192446,Active,53237,NA,NA,S,4,1,410350.4788,268.95,2007,51,10.07,45.83
192447,Active,565976,NA,NA,S,1,0,890071.295,29.95,2009,44,4,10.81
192448,Active,626358,NA,NA,D,1,0,307349.82,110,2008,71,28.49,42.99
192449,Active,649559,NA,NA,S,1,0,83622.025,49.99,2013,13,21.05,18.23
192450,Active,633838,NA,NA,S,2,1,388401.8388,49.99,2012,34,4.35,8.98
192451,Active,632583,NA,NA,D,1,0,791319.8875,59.99,2010,31,4.49,16.47
192452,Active,896773,NA,NA,S,1,0,370074.9338,59.99,2014,52,18.98,25.97
192453,Active,904238,NA,NA,S,5,1,965744.0388,49.99,2014,14,15.61,23.49
192454,Active,896759,NA,NA,S,3,1,28518.11375,50,2015,26,22.98,29.89
192455,Active,910997,NA,NA,S,1,0,229920.9638,57.95,2010,31,19.57,33.45
192456,Active,553617,NA,NA,D,3,1,856527.84,54.2,2008,125,4,6.48
192457,Active,526857,NA,NA,D,4,1,112587.7863,74.2,2012,59,9.65,33.98
192458,Active,119219,NA,NA,D,3,1,41554.24375,82.2,2012,180,4.94,26.49
192459,Active,120125,NA,NA,D,2,1,592268.9538,63.8,2010,98,4,8.94
192460,Active,877286,NA,NA,D,3,1,1370247.035,55.11,2012,51,7.42,36.13
192461,Active,1463577,NA,NA,D,0,0,1133011.009,39.94,2008,17,4.13,7.49
192462,Active,802652,NA,NA,S,6,1,1476173.241,34.99,2008,29,4,22.92
192463,Active,610273,NA,NA,S,6,1,24734.7925,110,2013,67,39.06,78.72
192464,Active,613973,NA,NA,D,5,1,117546.0775,94.8,2009,57,6.34,37.29
192465,Active,607347,NA,NA,D,4,1,1224968.28,76,2006,49,4,14.7
192466,Active,756556,NA,NA,D,0,0,794513.0638,90,2001,47,7.15,33.99
192467,Active,607217,NA,NA,D,3,1,1157263.779,84,2001,42,4,14.89
192468,Active,901995,NA,NA,D,2,1,9627498.008,90,1997,14,4.53,20
192469,Active,3756308,NA,NA,S,4,1,647846.4,44.99,2015,14,27.71,35.62
192470,Active,184029,NA,NA,S,3,1,2249192.004,169.95,2005,26,4.69,33.98
192471,Active,50569,NA,NA,D,5,1,17553.25125,192.95,2009,69,9.27,68.1
192472,Active,247513,NA,NA,D,1,0,533073.6775,98,2006,48,4.95,18.99
192473,Active,50570,NA,NA,D,4,1,613454.5813,131.95,2005,80,4,16.71
192474,Active,629210,NA,NA,S,1,0,128692.3788,80,2012,27,54.93,0
192475,Active,118553,NA,NA,D,7,1,352292.9875,123.2,2006,32,8.63,61.57
192476,Active,114423,NA,NA,D,6,1,2016046.096,101.6,2002,47,4,9.74
192477,Active,3246017,NA,NA,D,3,1,1321789.054,31.84,2003,30,7.88,27.77
192478,Active,144240,NA,NA,D,3,1,439247.8113,143.33,2003,80,4.42,19.79
192479,Active,913491,NA,NA,D,0,0,1977883.554,93,1999,26,3.78,43.24
192480,Active,206124,NA,NA,D,1,0,884586.1625,50,2008,35,4,13.98
192481,Active,650226,NA,NA,D,0,0,347988.6788,124.8,1999,21,8.78,93.87
192482,Active,119815,NA,NA,D,0,0,3168098.746,113.4,2006,20,4.41,41.99
192483,Active,617137,NA,NA,D,4,1,18469.87875,235.25,2010,61,44.59,73.73
192484,Active,897091,NA,NA,D,0,0,1821349.32,16.57,2007,26,4.12,19.43
192485,Active,871868,NA,NA,D,0,0,1347292.571,53.28,2002,26,4.64,43.99
192486,Active,365167,NA,NA,D,3,1,871191.3488,29.95,2003,22,4,27.66
192487,Active,875678,NA,NA,S,3,1,1889374.845,82.92,2004,48,5.59,64.75
192488,Active,539561,NA,NA,S,2,1,99340.61875,193.6,2008,48,33.99,78.89
192489,Active,526852,NA,NA,S,5,1,1323443.28,245,2002,24,4.89,28.99
192490,Active,270740,NA,NA,D,2,1,925708.955,104,2009,28,14.6,77.77
192491,Active,526854,NA,NA,D,5,1,823688.8763,58.95,2009,44,30.84,86.43
192492,Active,660662,NA,NA,S,1,0,58781.975,75,2013,17,22.98,43.99
192493,Active,711200,NA,NA,D,6,1,2101973.091,55.8,2001,29,4,56.09
192494,Active,619847,NA,NA,S,0,0,358285.435,131.6,2005,42,20.05,55.48
192495,Active,2635811,NA,NA,S,2,1,597562.8088,49.99,2005,39,4,17.99
192496,Active,702081,NA,NA,S,2,1,609259.415,55,2010,30,9.58,22.03
192497,Active,200510,NA,NA,D,5,1,809163.8888,179.95,2009,45,4,13.87
192498,Active,57896,NA,NA,D,4,1,977393.7263,88.95,2004,60,4.14,11.99
192499,Active,57899,NA,NA,D,5,1,238462.0625,194.95,2009,61,7.98,55.42
192500,Active,366512,NA,NA,S,2,1,109888.8313,228.95,2007,47,11.37,47.55
192501,Active,526850,NA,NA,S,2,1,365451.5788,49.99,2012,59,5.74,21.89
192502,Active,254471,NA,NA,S,1,0,787648.245,44.99,2011,41,4,9.72
192503,Active,3598758,NA,NA,D,0,0,4607216.7,89.95,2004,32,4,9.99
192504,Active,226112,NA,NA,S,2,1,1056043.929,109.95,2007,32,37.64,67.99
192505,Active,867171,NA,NA,S,2,1,9502.40125,74.99,2014,41,39.04,54.51
192506,Active,561148,NA,NA,D,1,0,158042.9938,74.99,2008,80,15.98,41.96
192507,Active,608742,NA,NA,S,0,0,1591331.975,49.99,2008,40,4,29.36
192508,Active,181955,NA,NA,S,0,0,846789.0225,54.99,2010,38,5.56,15.37
192509,Active,545584,NA,NA,S,0,0,214909.9338,54.99,2012,37,6.94,32.08
192510,Active,1615999,NA,NA,S,1,0,32842.925,39.99,2007,60,11.71,17.99
192511,Active,917185,NA,NA,S,2,1,243289.99,59.99,2010,39,8.39,27.82
192512,Active,276942,NA,NA,D,2,1,993199.2688,59.95,2005,38,4,12.93
192513,Active,610162,NA,NA,S,3,1,98273.3925,59.95,2010,49,23.94,55.99
192514,Active,621671,NA,NA,S,2,1,269772.3238,77.95,2005,57,10.62,52.74
192515,Active,616565,NA,NA,S,1,0,25946.375,49.95,2004,18,23.97,23.94
192516,Active,649819,NA,NA,S,2,1,808456.6888,49.99,2012,48,4.98,30.93
192517,Active,536567,NA,NA,S,4,1,10488.03125,49.99,2014,43,26.72,31.55
192518,Active,185943,NA,NA,D,3,1,130954.2613,49.99,2004,40,21.71,51.99
192519,Active,663870,NA,NA,S,3,1,81510.9725,39.95,2013,31,21.45,27.45
192520,Active,861609,NA,NA,S,6,1,33449.98375,49.99,2013,32,14.61,31.75
192521,Active,146836,NA,NA,S,4,1,369742.2925,49.99,2011,51,4,7.98
192522,Active,280179,NA,NA,S,5,1,164164.675,42.95,2003,43,9.36,26.74
192523,Active,624357,NA,NA,S,2,1,161987.7888,49.99,2009,31,16.77,28.98
192524,Active,868493,NA,NA,D,1,0,629719.445,49.99,2008,31,5,54.13
192525,Active,243731,NA,NA,S,2,1,252001.2375,54.95,2011,36,13.14,37.49
192526,Active,703348,NA,NA,D,0,0,2645404.106,104.69,2005,42,4,9.99
192527,Active,54431,NA,NA,D,0,0,890517.7713,6.47,2008,75,4,9.84
192528,Active,110549,NA,NA,S,3,1,687593.9125,118.8,2009,33,16.41,0
192529,Active,1438353,NA,NA,D,2,1,3202066.481,25.07,2007,24,4,23.99
192530,Active,632158,NA,NA,S,2,1,799280.2025,49.99,2012,23,13.24,25.99
192531,Active,290138,NA,NA,S,2,1,327777.4125,29.99,2007,59,4,16.3
192532,Active,1932410,NA,NA,S,2,1,1198640.569,49.99,2012,41,3.91,5.88
192533,Active,57893,NA,NA,D,3,1,72723.61,77.95,2009,42,16.94,40.94
192534,Active,873580,NA,NA,S,1,0,1154348.955,79.95,1999,37,4.36,11.02
192535,Active,57894,NA,NA,D,2,1,455194.0288,74.95,2005,29,4.91,10.36
192536,Active,107325,NA,NA,D,1,0,1223061.204,151.85,2001,22,4.57,11.73
192537,Active,698160,NA,NA,D,1,0,3479390.146,98.33,2001,10,6.99,98.33
192538,Active,551704,NA,NA,S,4,1,383989.23,205.8,2000,48,3.98,0
192539,Active,56345,NA,NA,D,5,1,1271727.708,192.95,2008,55,4,4.9
192540,Active,56341,NA,NA,D,6,1,893193.1763,166.95,2010,83,4,10.79
192541,Active,773456,NA,NA,S,3,1,3772364.116,120.95,2004,31,4,7.41
192542,Active,587688,NA,NA,D,7,1,154437.4975,175.95,2012,73,9.75,33.98
192543,Active,526846,NA,NA,D,7,1,261711.735,152.95,2012,47,17.91,58.99
192544,Active,250069,NA,NA,D,4,1,3052179.081,109.95,2005,32,4,8.15
192545,Active,178906,NA,NA,D,6,1,873273.67,138.95,2010,46,4,5.16
192546,Active,537496,NA,NA,D,1,0,804069.78,69.95,2010,35,10.61,25.98
192547,Active,539060,NA,NA,S,2,1,128446.0875,74.99,2012,41,25.83,42.36
192548,Active,617719,NA,NA,S,2,1,18992.98375,44.99,1999,40,23.07,27.17
192549,Active,2423726,NA,NA,D,1,0,534104.1963,20.95,1986,32,4.13,13.99
192550,Active,526845,NA,NA,S,4,1,218386.4238,59.99,2012,85,13.98,35.58
192551,Active,658059,NA,NA,S,3,1,151693.7363,39.99,2013,40,9.84,26.72
192552,Active,2039311,NA,NA,D,0,0,783015.0888,112,2008,13,15.99,112.83
192553,Active,608708,NA,NA,D,2,1,2141545.104,59.99,2001,40,4.97,23.99
192554,Active,610090,NA,NA,S,4,1,51737.40625,64.99,2011,35,27.45,33.99
192555,Active,608727,NA,NA,D,3,1,618804.0975,59.99,2006,35,5.49,31.99
192556,Active,2910328,NA,NA,D,2,1,701322.1563,44.95,2004,126,4,12.41
192557,Active,2160415,NA,NA,D,3,1,579918.925,49.95,2009,56,4,17.79
192558,Active,612757,NA,NA,S,4,1,122360.7413,50,2013,41,25.99,31.26
192559,Active,1615756,NA,NA,D,1,0,903255.8813,44.99,2009,29,6.8,27.93
192560,Active,1989682,NA,NA,S,2,1,252802.7013,49.99,2014,24,31.12,33.44
192561,Active,762641,NA,NA,S,3,1,3308777.586,100,1997,12,16.18,63.98
192562,Active,755396,NA,NA,D,4,1,2337372.343,65,2004,12,15.8,80.08
192563,Active,627662,NA,NA,S,2,1,624242.7525,59.99,2002,31,24.94,87.27
192564,Active,644459,NA,NA,S,2,1,547710.275,49.99,2013,35,7.95,21.93
192565,Active,741234,NA,NA,S,4,1,2212561.971,104,2007,29,4,5.73
192566,Active,539255,NA,NA,D,7,1,96421.75625,141.4,2012,38,9.68,25.31
192567,Active,740520,NA,NA,D,3,1,1141327.435,94,2005,30,4,9.94
192568,Active,552816,NA,NA,D,6,1,875872.71,127.8,2010,48,4,31.99
192569,Active,635555,NA,NA,S,6,1,262433.8013,59.99,2013,34,8.99,15.48
192570,Active,1714864,NA,NA,D,0,0,999080.5038,99.03,2008,18,5.12,40.98
192571,Active,1714815,NA,NA,S,0,0,504095.3838,43.99,2009,17,40.08,52.98
192572,Active,1714817,NA,NA,S,0,0,33953.825,61.99,2009,13,34.98,49.98
192573,Active,623354,NA,NA,S,9,1,144273.5588,118,2012,42,12.24,56.55
192574,Active,106863,NA,NA,S,1,0,34929.975,75,2011,19,40.23,51.92
192575,Active,624607,NA,NA,S,2,1,38740.46625,45.99,1984,25,23.96,27.83
192576,Active,911972,NA,NA,S,2,1,909757.7038,168.93,1984,12,43.74,136.14
192577,Active,289832,NA,NA,D,0,0,599934.4863,47.95,2009,25,4.66,42.91
192578,Active,663208,NA,NA,S,2,1,139673.42,69.95,2013,30,45.94,45.32
192579,Active,868178,NA,NA,D,1,0,744498.4888,74.95,2006,23,20.69,83.99
192580,Active,1688748,NA,NA,S,1,0,739424.1175,39.99,2013,39,13.59,25.99
192581,Active,2006827,NA,NA,D,2,1,1632610.78,85,2013,27,32.32,78.11
192582,Active,651876,NA,NA,S,1,0,72789.01375,202.45,2009,21,39.91,39.94
192583,Active,231210,NA,NA,D,1,0,1474830.186,99,2002,26,13.94,78.67
192584,Active,584545,NA,NA,D,0,0,1721567.866,99,2002,28,13.99,32.02
192585,Active,113128,NA,NA,D,1,0,2089851.785,95.95,2007,24,24.48,70.33
192586,Active,749415,NA,NA,D,2,1,1027420.87,95,2007,50,5.42,46.24
192587,Active,526839,NA,NA,S,2,1,84526.125,44.99,2012,48,26.99,27.01
192588,Active,888806,NA,NA,D,0,0,3545083.374,122.84,2012,18,13.78,71.81
192589,Active,526832,NA,NA,S,7,1,2179825.929,49.99,2009,19,4,42.92
192590,Active,536028,NA,NA,S,3,1,63497.565,29.99,2012,40,15.97,19.87
192591,Active,308820,NA,NA,D,2,1,2621235.22,56.58,2003,26,4,61.4
192592,Active,405498,NA,NA,S,2,1,1050785.085,99,2010,27,4.97,33.88
192593,Active,405987,NA,NA,D,1,0,2223782.785,85,2006,39,4,15.72
192594,Active,114428,NA,NA,S,2,1,437360.1863,201.2,2004,55,7.52,0
192595,Active,402395,NA,NA,S,5,1,114898.975,99,2006,57,4,28.8
192596,Active,339574,NA,NA,D,7,1,425614.4075,20.93,2008,73,4,16.47
192597,Active,317137,NA,NA,D,2,1,488247.0738,219.8,2013,76,8.83,14.99
192598,Active,1822299,NA,NA,S,6,1,231607.98,33.57,2014,16,42.98,47.21
192599,Active,341636,NA,NA,D,8,1,493171.3025,80,2003,70,4,8.98
192600,Active,543871,NA,NA,S,11,1,6248.18125,99,2013,69,35.69,70.09
192601,Active,406088,NA,NA,D,3,1,4156391.491,50,2001,22,4.92,59.25
192602,Active,543872,NA,NA,S,4,1,45630.39,65,2013,47,27.99,35.99
192603,Active,339704,NA,NA,D,3,1,188499.875,65,2009,35,5.11,23.54
192604,Active,344378,NA,NA,D,2,1,427932.7263,60,2006,36,4,11.54
192605,Active,365291,NA,NA,D,2,1,2113458.303,41.95,2004,22,7,0
192606,Active,196746,NA,NA,D,3,1,683088.2588,93.95,2008,79,5.11,11.23
192607,Active,418024,NA,NA,S,4,1,74739.915,104.95,2011,41,25.05,28.87
192608,Active,104406,NA,NA,D,2,1,735107.3013,122.16,2000,40,4,41.63
192609,Active,308169,NA,NA,S,1,0,65171.8,82,2011,41,28.93,48.99
192610,Active,180821,NA,NA,D,0,0,3970291.726,150,2004,16,26.4,185.85
192611,Active,410569,NA,NA,D,0,0,2031039.624,42,2006,27,4,11.08
192612,Active,339703,NA,NA,D,10,1,200617.0838,99,2009,71,9.38,43.37
192613,Active,246611,NA,NA,S,5,1,3472653.168,72.99,2007,20,9.21,91.14
192614,Active,106851,NA,NA,S,6,1,136010.1288,99,2011,55,28.88,58.99
192615,Active,2649926,NA,NA,S,3,1,7717900.175,57.95,1996,14,4.7,98.79
192616,Active,864742,NA,NA,S,5,1,13851.38875,187.5,2013,47,28.99,53.99
192617,Active,162951,NA,NA,D,4,1,120253.75,74.05,2010,32,21.03,126.83
192618,Active,339359,NA,NA,D,3,1,856110.8388,18.89,2007,57,4,18.84
192619,Active,608315,NA,NA,D,2,1,2205682.733,39.25,2004,53,4,24.74
192620,Active,344216,NA,NA,D,6,1,1216049.329,9.48,2005,78,4,9.2
192621,Active,312361,NA,NA,D,1,0,1417771.323,42.47,2007,63,4,41.93
192622,Active,344332,NA,NA,D,9,1,772312.925,99,2005,98,4,9.39
192623,Active,372174,NA,NA,D,2,1,1731454.955,109.95,2006,18,8.85,50.65
192624,Active,642045,NA,NA,S,2,1,291272.6338,75,2013,19,39.3,51.68
192625,Active,903991,NA,NA,D,1,0,862536.9988,75,2011,24,18.99,91.47
192626,Active,110593,NA,NA,D,4,1,827772.9213,33.99,2008,65,4,48.84
192627,Active,50903,NA,NA,D,5,1,58530.88,110.55,2010,76,13.83,53.48
192628,Active,50902,NA,NA,D,4,1,488125.6813,9.87,2007,105,4,9.48
192629,Active,632964,NA,NA,D,1,0,864412.8388,94.95,2010,29,6.42,39.76
192630,Active,2043091,NA,NA,D,2,1,1771128.331,69.95,2009,18,5.97,98.29
192631,Active,526833,NA,NA,S,10,1,610714.11,80,2009,23,7.88,20.96
192632,Active,544048,NA,NA,S,2,1,104322.1825,85,2013,34,49.49,54.57
192633,Active,526830,NA,NA,S,3,1,517417.6863,54,2010,53,16.53,33.35
192634,Active,200610,NA,NA,D,1,0,301163.5,92.95,2010,31,44.14,0
192635,Active,106834,NA,NA,S,5,1,82094.77125,60,2010,55,18.45,32.35
192636,Active,2066919,NA,NA,S,2,1,110819.675,37.95,2014,16,36.79,37.94
192637,Active,526829,NA,NA,S,3,1,1418149.024,82,2011,18,38.47,47.32
192638,Active,339062,NA,NA,D,1,0,171400.9338,23.25,2004,35,7.09,35.3
192639,Active,543480,NA,NA,D,3,1,1689243.364,70,2004,27,4.27,30.88
192640,Active,3492232,NA,NA,S,3,1,4027620.9,49.99,2005,34,4,17.99
192641,Active,1677914,NA,NA,S,2,1,488176.2163,49.95,2015,34,17.79,45.6
192642,Active,630230,NA,NA,D,0,0,718962.5588,44.95,2005,38,4,0
192643,Active,526827,NA,NA,S,3,1,906848.1925,43.95,2012,25,12.41,37.39
192644,Active,914015,NA,NA,D,5,1,2265204.244,165,2006,26,4,29.98
192645,Active,645830,NA,NA,S,5,1,2335752.791,155,2003,22,4,43.99
192646,Active,2426397,NA,NA,D,2,1,1661813.789,42.19,1990,35,4,17.64
192647,Active,129751,NA,NA,D,3,1,800859.78,79.8,2000,26,6.56,59.34
192648,Active,127098,NA,NA,S,1,0,18843.125,44.95,2007,49,34.73,36.46
192649,Active,2097810,NA,NA,S,2,1,31128.775,203.94,2014,64,32.98,139.99
192650,Active,2058690,NA,NA,D,0,0,788051.5275,15.29,2010,23,4,24.99
192651,Active,637743,NA,NA,S,2,1,18093.9125,74.95,2012,88,18.99,41.98
192652,Active,766371,NA,NA,D,1,0,1643231.644,69.95,2010,26,4,19.96
192653,Active,534153,NA,NA,D,1,0,192163.665,69.95,2011,25,5.23,14.49
192654,Active,637054,NA,NA,D,5,1,71880.5175,208.95,2010,78,4.76,69.72
192655,Active,765619,NA,NA,S,3,1,1404094.555,109.95,2003,51,4,33.83
192656,Active,872442,NA,NA,D,4,1,624182.2788,148.95,2007,54,4,32.72
192657,Active,2672240,NA,NA,D,2,1,4903623.209,83.95,2003,13,4,49.64
192658,Active,576274,NA,NA,D,1,0,1345302.856,40,2000,30,4,11.8
192659,Active,891343,NA,NA,D,1,0,5362338.003,109,2000,13,32.36,89.13
192660,Active,637080,NA,NA,S,1,0,74200.05,40,2010,29,26.74,28.6
192661,Active,200537,NA,NA,D,5,1,287931.2538,122.95,2010,65,12.53,48.12
192662,Active,293857,NA,NA,D,4,1,165410.3938,107.95,2006,64,4,21.99
192663,Active,574477,NA,NA,S,3,1,126060.5938,67.95,2004,61,4,0
192664,Active,620809,NA,NA,S,1,0,189072.355,63.95,2008,41,21.11,49.98
192665,Active,561231,NA,NA,S,1,0,61568.48375,109,2009,87,22.69,48.49
192666,Active,145865,NA,NA,S,1,0,616047.8375,129,2008,41,43.68,47.89
192667,Active,194114,NA,NA,S,2,1,625526.9763,54,2010,35,12.67,42.71
192668,Active,631637,NA,NA,S,3,1,1063285.219,41.95,2009,34,6.94,30.65
192669,Active,299314,NA,NA,D,2,1,208628.9475,115,2007,96,4.06,11.01
192670,Active,902120,NA,NA,S,3,1,310934.9938,24.99,2013,21,11.74,0
192671,Active,1587875,NA,NA,S,2,1,685527.7225,115.5,2007,7,48.17,51.97
192672,Active,1597861,NA,NA,S,6,1,300314.2725,89.99,2011,27,4.99,293.11
192673,Active,219677,NA,NA,D,1,0,1306700.69,59.95,2000,26,4.91,46.46
192674,Active,893131,NA,NA,S,5,1,494616.4788,59.99,2014,23,31.49,37.43
192675,Active,3841875,NA,NA,D,3,1,1132878.7,49.95,2003,38,17.4,37.49
192676,Active,870634,NA,NA,S,6,1,47743.01625,82,2014,47,32.97,50.3
192677,Active,651880,NA,NA,D,1,0,923864.1225,94,2009,21,29.19,70.25
192678,Active,560452,NA,NA,D,2,1,328314.8975,220,2012,124,5.67,89.98
192679,Active,193258,NA,NA,S,5,1,1272882.53,101,2002,89,4,44.74
192680,Active,3465072,NA,NA,D,6,1,10467265.35,22.75,1990,23,4,48.53
192681,Active,620383,NA,NA,S,7,1,415717.4175,49.95,2003,27,29.98,76.55
192682,Active,616347,NA,NA,D,2,1,2449864.708,9.99,2008,33,4,9.99
192683,Active,2270370,NA,NA,S,2,1,417621.2413,151.99,2012,31,38.84,253.62
192684,Active,54834,NA,NA,D,7,1,85347.62125,223,2010,441,4.98,86.22
192685,Active,612928,NA,NA,D,1,0,818509.0663,170,2009,101,4.79,33.79
192686,Active,670900,NA,NA,S,2,1,1224214.955,77,2002,14,32.5,32.94
192687,Active,269949,NA,NA,D,1,0,368897.22,196,2007,57,5.48,81.77
192688,Active,619330,NA,NA,S,2,1,72541.105,225,2012,73,48.99,213.88
192689,Active,1539936,NA,NA,D,5,1,2483959.628,59.95,2008,18,27.33,174.46
192690,Active,1557069,NA,NA,S,6,1,1185368.596,57.95,2014,18,10.61,49.03
192691,Active,2265467,NA,NA,S,3,1,276887.1,35.9,1900,51,0,0
192692,Active,54833,NA,NA,D,6,1,802384.1675,154,2006,209,4,62.81
192693,Active,600106,NA,NA,D,1,0,1278659.804,216,2006,38,5.98,24.41
192694,Active,615277,NA,NA,S,2,1,801153.1713,189,2010,31,21.99,97.83
192695,Active,2252410,NA,NA,D,5,1,6050642.705,32.99,2010,35,6.06,53.72
192696,Active,55677,NA,NA,S,3,1,1914174.493,100,2002,31,4,77.29
192697,Active,55679,NA,NA,D,5,1,405109.4525,223,2010,190,4,41.99
192698,Active,55678,NA,NA,D,4,1,1019620.825,114,2006,61,3.78,12.82
192699,Active,368000,NA,NA,D,7,1,288466.8413,48.63,2004,64,4,29.86
192700,Active,387453,NA,NA,D,8,1,359086.6188,48.63,2011,38,6.29,43.92
192701,Active,612082,NA,NA,S,9,1,61357.73625,43.29,2013,10,43.69,48.45
192702,Active,543555,NA,NA,D,0,0,162965.9713,103.95,2010,32,21.11,37.03
192703,Active,873449,NA,NA,D,0,0,2317985.523,4.19,2005,28,4,4.13
192704,Active,339738,NA,NA,S,2,1,275117.7413,34.99,2008,57,4.35,12.88
192705,Active,2057034,NA,NA,S,2,1,881160.4313,45,2009,39,4,17.98
192706,Active,1539721,NA,NA,D,2,1,3375144.008,59.95,2008,14,9.67,55.99
192707,Active,627438,NA,NA,S,0,0,93520.975,53.99,2010,16,12.33,56.58
192708,Active,1735478,NA,NA,S,5,1,102623.1,93,2011,9,49.62,83.99
192709,Active,553893,NA,NA,S,1,0,718735.9225,109.6,1999,45,6.97,55.93
192710,Active,664239,NA,NA,S,1,0,38420.375,49,2013,19,33.84,35.1
192711,Active,920718,NA,NA,S,4,1,986284.9238,49.95,1999,64,4,7.24
192712,Active,639571,NA,NA,S,3,1,125360.51,50.95,1985,42,5.2,56.81
192713,Active,617258,NA,NA,S,11,1,123617.3513,159.95,2001,52,4,43.91
192714,Active,57155,NA,NA,S,7,1,1469356.973,64,2004,55,4,9.43
192715,Active,881927,NA,NA,D,3,1,8275798.204,14.75,1986,13,6.97,61.19
192716,Active,621373,NA,NA,S,1,0,582112.035,105,2009,23,7.72,29.94
192717,Active,2750570,NA,NA,D,2,1,8284659.906,120,1995,19,4,50.95
192718,Active,526821,NA,NA,D,4,1,1046623.301,172.99,2007,14,39.91,32.15
192719,Active,628448,NA,NA,S,2,1,340398.8563,129,2001,30,8.74,103.08
192720,Active,147084,NA,NA,D,12,1,552960.58,129,2003,40,6.56,34.42
192721,Active,644167,NA,NA,S,1,0,603339.4775,67.95,2004,31,35.46,53.74
192722,Active,278261,NA,NA,D,3,1,827459.0213,79,2004,43,4,15.98
192723,Active,893297,NA,NA,S,4,1,384094.725,116,2012,31,52.6,78.98
192724,Active,651156,NA,NA,D,2,1,1451676.745,99.95,1997,17,41.63,231.66
192725,Active,2579638,NA,NA,D,1,0,9230659.256,70,1994,14,5.25,0
192726,Active,629611,NA,NA,S,1,0,772165.9225,123.95,2001,20,6.32,48.21
192727,Active,609494,NA,NA,S,2,1,829772.535,114,2007,18,38.78,45.37
192728,Active,563158,NA,NA,S,3,1,611106.3313,144,1993,58,8.23,49.44
192729,Active,629028,NA,NA,S,2,1,345910.3813,206.25,1992,64,8.08,55.91
192730,Active,127312,NA,NA,S,4,1,316080.12,44.95,2008,56,5.94,14.85
192731,Active,749533,NA,NA,S,1,0,826861.2425,145,2005,26,25.45,39.9
192732,Active,643467,NA,NA,D,5,1,1277417.17,110.95,2010,23,32.28,83.68
192733,Active,902937,NA,NA,D,4,1,2073525.086,89.95,2005,27,5.98,46.83
192734,Active,646592,NA,NA,D,0,0,607586.145,49.99,2006,30,31.96,50.15
192735,Active,3822425,NA,NA,D,2,1,1584252.95,38.95,2004,41,4.53,28.96
192736,Active,669082,NA,NA,S,4,1,94398.4975,54.25,2012,22,23.1,40
192737,Active,2569637,NA,NA,D,2,1,3269173.575,120,1990,15,13.88,216.29
192738,Active,1705449,NA,NA,S,1,0,29740.4,45,2014,26,18.55,23.24
192739,Active,3498919,NA,NA,S,2,1,120831.525,44.99,2016,12,26.85,29.77
192740,Active,2789614,NA,NA,S,0,0,457853.395,40,1994,39,9.97,23.49
192741,Active,1587126,NA,NA,S,0,0,239503.7188,39.99,2014,24,32.63,29.58
192742,Active,246704,NA,NA,S,5,1,1564262.196,121.95,2009,20,24.99,66.3
192743,Active,246703,NA,NA,S,1,0,149411.4125,49.95,2009,28,21.99,33.65
192744,Active,904368,NA,NA,D,1,0,2342148.443,87.95,2002,21,6.44,18.98
192745,Active,109759,NA,NA,S,2,1,549120.3175,68.25,2005,42,6.26,38.97
192746,Active,2846687,NA,NA,S,7,1,507428.13,42.95,1991,29,8.97,146.9
192747,Active,349288,NA,NA,S,3,1,1047565.581,88.67,2008,67,3.95,0
192748,Active,535062,NA,NA,D,3,1,34875.38375,69.95,2013,198,5.43,20.24
192749,Active,56567,NA,NA,D,2,1,285930.8063,69.95,2011,151,4,45.82
192750,Active,56566,NA,NA,D,1,0,762804.4738,59.95,2008,77,4,21.98
192751,Active,655354,NA,NA,S,1,0,64649.3,144,2012,38,52.09,64.89
192752,Active,626251,NA,NA,S,6,1,365240.5725,47.95,2010,21,32.99,0
192753,Active,526814,NA,NA,S,5,1,1062687.666,39.95,2008,29,13.5,31.8
192754,Active,647526,NA,NA,D,3,1,2864368.369,96,1999,19,4,34.99
192755,Active,614495,NA,NA,D,1,0,856249.4663,59.95,1971,58,4,44.01
192756,Active,867309,NA,NA,S,8,1,3837.6575,96.95,2014,85,37.35,62.99
192757,Active,51274,NA,NA,D,5,1,1202098.693,67.95,2005,87,4,12.48
192758,Active,587501,NA,NA,S,4,1,2130155.728,190.95,2010,25,6.65,124.41
192759,Active,200250,NA,NA,D,1,0,1570351.261,107.95,2007,42,4.89,10.98
192760,Active,55807,NA,NA,D,3,1,2044019.548,59.95,2005,52,4,8.99
192761,Active,526812,NA,NA,S,9,1,850145.1938,42.5,2015,30,4.88,38.25
192762,Active,533969,NA,NA,S,4,1,435698.2463,82.95,2007,103,4,8.98
192763,Active,288846,NA,NA,S,5,1,96464.665,98.95,2011,82,7.89,42.99
192764,Active,533775,NA,NA,D,7,1,89133.105,86.95,2011,270,6.93,15.49
192765,Active,51273,NA,NA,S,4,1,3694573.27,64.95,2003,75,4.85,8.99
192766,Active,253838,NA,NA,S,4,1,65372.12625,190.95,2010,91,6.12,16.39
192767,Active,577434,NA,NA,D,7,1,488752.02,96.99,2008,101,4,14.99
192768,Active,526811,NA,NA,S,2,1,110949.11,126.95,2012,60,17.67,31.94
192769,Active,60779,NA,NA,S,3,1,3191788.364,67.95,2003,62,4.46,8.99
192770,Active,578974,NA,NA,S,2,1,5128.61625,44.95,2013,68,24.75,26.09
192771,Active,51275,NA,NA,D,6,1,580234.6738,75.95,2008,169,4.28,9.69
192772,Active,609178,NA,NA,D,6,1,2505702.579,79.95,2005,52,4,11.8
192773,Active,249845,NA,NA,S,2,1,590579.4175,285.95,2007,52,8.09,68.99
192774,Active,204145,NA,NA,D,4,1,955710.3075,97.95,2007,115,4.31,6.36
192775,Active,866647,NA,NA,S,5,1,19020.64625,106.99,2014,64,39.72,67.99
192776,Active,1696751,NA,NA,S,9,1,15425.8525,44.95,2014,54,17.09,30.98
192777,Active,526810,NA,NA,D,6,1,122111.5813,97.95,2010,121,4,11.98
192778,Active,147345,NA,NA,D,5,1,1242952.611,75.95,2006,86,3.75,9.98
192779,Active,147361,NA,NA,S,5,1,338772.0675,61.95,2006,104,4.93,22.9
192780,Active,607976,NA,NA,S,4,1,1216909.41,42.95,2003,39,4,6.49
192781,Active,478925,NA,NA,D,2,1,997526.9625,98.99,2010,46,4.39,9.74
192782,Active,270804,NA,NA,D,5,1,38138.855,106.99,2011,134,6.05,12.88
192783,Active,60780,NA,NA,D,1,0,546207.7113,67.95,2002,32,4,12.95
192784,Active,610223,NA,NA,S,3,1,38197.835,69.95,2013,52,28.89,37.63
192785,Active,526809,NA,NA,D,2,1,323827.8225,81.95,2006,39,4.72,46.35
192786,Active,2252807,NA,NA,D,5,1,1583185.376,17.05,2010,66,6.34,14.71
192787,Active,3828600,NA,NA,S,5,1,16645.45,104,2015,57,44.96,50.5
192788,Active,526808,NA,NA,S,3,1,633061.08,85,2009,42,28.81,66.28
192789,Active,577406,NA,NA,S,7,1,745433.8738,55.99,2007,31,5.48,18.33
192790,Active,625805,NA,NA,S,2,1,1372251.618,53,2010,63,4.83,27.13
192791,Active,804045,NA,NA,S,2,1,1347853.285,57.95,2007,22,4,83.01
192792,Active,789277,NA,NA,D,0,0,4359681.641,39.95,2002,26,4,0
192793,Active,636566,NA,NA,S,2,1,246241.3188,79.99,2007,29,18.79,0
192794,Active,606791,NA,NA,S,12,1,666736.74,32,2009,61,4,0
192795,Active,526807,NA,NA,S,13,1,253462.12,37,2012,35,8.98,0
192796,Active,789333,NA,NA,S,2,1,1130700.21,46.99,2003,26,7.16,36.38
192797,Active,655090,NA,NA,D,2,1,313339.9088,84.95,2013,48,33.64,58.99
192798,Active,743761,NA,NA,D,1,0,645952.2125,79.95,2006,17,4.54,63.58
192799,Active,3552767,NA,NA,S,2,1,577342.85,64,1973,63,4.97,40.99
192800,Active,685919,NA,NA,S,4,1,15140.55125,33.95,2013,31,21.94,23.41
192801,Active,620925,NA,NA,S,1,0,11257.1,54,1999,22,27.49,40.46
192802,Active,621524,NA,NA,D,1,0,45434.1225,56,1994,71,4.49,22.99
192803,Active,633200,NA,NA,S,2,1,13487.06375,66,2011,57,36.44,35.87
192804,Active,599550,NA,NA,S,1,0,11020.85,60,2004,26,35.74,38.83
192805,Active,860162,NA,NA,S,4,1,287108.7888,54,2010,18,23.29,23.72
192806,Active,1781495,NA,NA,S,1,0,60207.6,58.95,2013,13,47.98,39.41
192807,Active,864745,NA,NA,S,5,1,181331.6875,55,2014,17,36.97,31.93
192808,Active,609703,NA,NA,S,3,1,1736348.311,49,2001,27,4,10.42
192809,Active,265307,NA,NA,D,4,1,116165.2963,135,2005,38,38.68,56.58
192810,Active,265279,NA,NA,D,3,1,619044.0713,89.95,2000,37,4.04,8.08
192811,Active,639933,NA,NA,S,1,0,59740.875,96.95,2011,32,56.29,58.79
192812,Active,637820,NA,NA,S,3,1,171600.445,49.95,2011,21,45.91,49.95
192813,Active,640489,NA,NA,S,1,0,237777.1925,43.95,2003,41,10.44,28.04
192814,Active,582262,NA,NA,S,6,1,71171.0575,105,2012,34,22.4,0
192815,Active,222200,NA,NA,D,5,1,772882.1588,85,2007,35,4.03,4.92
192816,Active,628709,NA,NA,S,1,0,424333.4375,49.95,2010,25,17.74,33.6
192817,Active,375913,NA,NA,D,0,0,2100324.144,65,1996,24,4,45.84
192818,Active,368778,NA,NA,D,2,1,876971.0538,93.95,2000,30,6.4,95.27
192819,Active,131839,NA,NA,D,6,1,334997.17,110.67,2005,39,4,54.97
192820,Active,177652,NA,NA,D,4,1,711889.7063,124.95,2004,41,4,31.43
192821,Active,169803,NA,NA,D,5,1,305951.2413,250.95,2008,60,17.58,63.57
192822,Active,176715,NA,NA,S,3,1,1869332.59,85.95,1999,36,3.88,6.98
192823,Active,616212,NA,NA,S,3,1,683129.4288,161.8,2003,59,4.78,84.59
192824,Active,194122,NA,NA,S,3,1,175089.775,77,2008,18,42.69,63.57
192825,Active,2389098,NA,NA,S,1,0,1864801.744,88.67,1991,18,4.97,30.42
192826,Active,261275,NA,NA,D,2,1,180704.0125,85,1997,63,4,25.79
192827,Active,775840,NA,NA,S,4,1,2806129.144,245,2005,19,6.61,64.19
192828,Active,564194,NA,NA,S,3,1,4487779.903,46.95,1997,23,4,45.21
192829,Active,616964,NA,NA,S,2,1,638495.7088,176.4,2006,41,6.45,0
192830,Active,563621,NA,NA,D,4,1,6083.68875,55,2012,215,4.7,36.6
192831,Active,867040,NA,NA,D,1,0,159754.8688,224,2013,57,9.23,65.24
192832,Active,616369,NA,NA,D,1,0,574991.4013,218.6,2011,35,5.29,53.99
192833,Active,314569,NA,NA,D,1,0,270243.7563,239.4,2011,93,5.07,43.98
192834,Active,628013,NA,NA,D,1,0,1183869.455,13.44,2011,36,4.17,23.98
192835,Active,51516,NA,NA,D,3,1,168072.5213,149.5,2009,166,4,15.49
192836,Active,715600,NA,NA,D,4,1,2258546.261,81,1997,19,4.2,20.98
192837,Active,60784,NA,NA,D,5,1,1670187.554,111,2000,32,4,18.72
192838,Active,526803,NA,NA,D,6,1,157546.5575,208.6,2010,50,13.93,52.99
192839,Active,50603,NA,NA,D,7,1,81124.09625,339.95,2008,59,5.1,32.99
192840,Active,872232,NA,NA,D,2,1,1669628.529,62.55,2007,33,7.48,29.44
192841,Active,852965,NA,NA,S,5,1,1837246.4,101.25,2001,55,4,8.99
192842,Active,526805,NA,NA,S,12,1,64064.06375,247.8,2005,77,12.63,67.23
192843,Active,60782,NA,NA,D,6,1,901477.2975,18.98,2004,91,4,18.98
192844,Active,416499,NA,NA,D,7,1,115563.7625,56.96,2009,60,10.52,49.75
192845,Active,60783,NA,NA,D,6,1,2083961.035,8.97,2004,52,4.98,9.98
192846,Active,100327,NA,NA,S,7,1,170746.63,243.6,1997,127,5.12,41.99
192847,Active,663274,NA,NA,S,3,1,67307.8725,236.25,2013,33,33.59,86.14
192848,Active,117809,NA,NA,S,6,1,211683.5225,243.6,2004,59,12.1,74.8
192849,Active,428377,NA,NA,D,5,1,440977.3963,151.8,2006,71,4,18.99
192850,Active,878115,NA,NA,D,7,1,204074.2588,106.42,2008,27,6.97,53.11
192851,Active,50604,NA,NA,S,5,1,1752103.239,122.95,2000,55,4,7.5
192852,Active,627065,NA,NA,D,2,1,1029782.595,53.75,2002,34,5.09,65.29
192853,Active,449427,NA,NA,D,2,1,551641.86,56.11,2006,74,4.08,21.99
192854,Active,50605,NA,NA,D,6,1,337249.5763,192.95,2004,90,3.99,21.91
192855,Active,53713,NA,NA,D,3,1,1282444.678,113.8,2003,47,4,8.95
192856,Active,2614241,NA,NA,D,4,1,6076680.249,80,2003,11,4.6,49.49
192857,Active,55801,NA,NA,D,7,1,349366.9238,325.95,2005,61,4.08,54.98
192858,Active,897942,NA,NA,D,2,1,4615318.981,186.67,2010,16,7.24,109.77
192859,Active,224712,NA,NA,S,5,1,877377.6,42.49,2010,18,10.6,42.49
192860,Active,1455850,NA,NA,S,4,1,68590.9875,230.4,2014,33,68.02,93.29
192861,Active,921567,NA,NA,S,3,1,48079.505,169.33,2013,83,29.45,54.14
192862,Active,594495,NA,NA,D,6,1,434998.4988,55,2010,18,26.16,87.77
192863,Active,497951,NA,NA,D,2,1,49191.32875,23.98,2010,318,4.49,30.86
192864,Active,877736,NA,NA,D,2,1,398232.9413,41.8,2011,39,7.67,23.95
192865,Active,545179,NA,NA,D,6,1,22485.45875,63.98,2012,157,5.67,45.99
192866,Active,224711,NA,NA,S,5,1,635836.0825,55.28,2010,27,13.97,55.27
192867,Active,252620,NA,NA,D,6,1,99649.5575,102.27,2010,78,14.98,67.03
192868,Active,52313,NA,NA,S,7,1,165581.9775,103.6,2002,116,4.09,7.49
192869,Active,53914,NA,NA,S,6,1,64901.35125,234.75,2010,96,5.57,28.43
192870,Active,765827,NA,NA,D,2,1,1850596.1,103.95,2004,83,4.54,40.72
192871,Active,2264805,NA,NA,S,7,1,550704.9825,120.83,2011,28,24.9,115.65
192872,Active,53956,NA,NA,D,4,1,1041591.158,5.84,2005,55,4.9,5.14
192873,Active,428425,NA,NA,S,7,1,242064.185,253.4,2009,84,5.88,56.17
192874,Active,890455,NA,NA,D,1,0,3875702.786,110.37,2011,26,4.1,110.37
192875,Active,567529,NA,NA,D,7,1,5539471.95,5.96,2005,55,3.48,5.96
192876,Active,60789,NA,NA,D,3,1,566988.9013,142.95,2005,29,5.19,78.99
192877,Active,902483,NA,NA,S,3,1,117507.9325,134.67,2014,51,20.13,61.67
192878,Active,914897,NA,NA,S,2,1,378553.3463,116,2013,36,4.99,4.96
192879,Active,422095,NA,NA,D,1,0,481878.6575,144.67,2009,129,4,11.73
192880,Active,322462,NA,NA,D,2,1,52591.65625,166,2012,155,4.78,18.44
192881,Active,308386,NA,NA,S,7,1,3577675.789,16.99,2000,63,4,18.97
192882,Active,52340,NA,NA,D,9,1,2286248.884,12.99,2007,51,4.98,12.99
192883,Active,52342,NA,NA,D,10,1,127916.015,103.9,2008,60,17.81,53.99
192884,Active,52341,NA,NA,D,9,1,1080983.965,10.98,2005,84,4,28.99
192885,Active,705707,NA,NA,S,11,1,600303.5038,200,2011,27,13.89,120.44
192886,Active,526802,NA,NA,S,3,1,1068035.511,54.95,2005,33,31.38,41.77
192887,Active,1542128,NA,NA,S,2,1,2167018.754,69.95,2013,16,39.38,40.49
192888,Active,163300,NA,NA,S,2,1,1026795.968,69.95,2003,26,6.05,35.99
192889,Active,911665,NA,NA,D,1,0,1853031.168,110,2005,21,6.81,32.99
192890,Active,50159,NA,NA,D,18,1,780511.3638,139.93,2007,73,4,18.98
192891,Active,132675,NA,NA,S,8,1,386164.4063,146.8,2008,75,11.79,92.94
192892,Active,544022,NA,NA,S,12,1,50939.93375,234.75,2012,53,13.36,28.99
192893,Active,166828,NA,NA,D,9,1,2091377.041,6.94,2005,32,4.34,33.98
192894,Active,162635,NA,NA,D,11,1,463634.22,14.86,2009,122,4,13.43
192895,Active,60786,NA,NA,D,9,1,213910.8675,135.33,2005,55,4.44,18.98
192896,Active,114312,NA,NA,D,8,1,712774.76,113,2001,39,4,13.98
192897,Active,142868,NA,NA,S,3,1,44282.52,101.56,2001,63,7.94,46.98
192898,Active,110098,NA,NA,D,1,0,265439.5588,15.99,2009,132,3.87,11.01
192899,Active,875460,NA,NA,D,0,0,7517207.036,85.75,2009,10,5.14,12.99
192900,Active,111283,NA,NA,D,1,0,1692963.443,22.99,2009,24,4.46,22.98
192901,Active,428593,NA,NA,S,2,1,226065.5713,157,2011,28,40.99,63.98
192902,Active,286271,NA,NA,S,0,0,286498.9575,98.63,2009,40,35.17,73.86
192903,Active,774224,NA,NA,S,8,1,272071.6875,36.25,2006,50,4.88,26.51
192904,Active,52621,NA,NA,D,10,1,32222.80125,249.95,2011,170,6.46,33.99
192905,Active,763741,NA,NA,S,6,1,4708091.683,102.95,1999,43,4.02,11.23
192906,Active,532071,NA,NA,D,10,1,699080.3213,158.95,2011,34,15.79,79.01
192907,Active,52620,NA,NA,D,8,1,1468920.626,151.95,2005,105,4,6.7
192908,Active,52619,NA,NA,S,7,1,1897247.545,119.95,2002,77,4,8.99
192909,Active,52618,NA,NA,D,9,1,233574.525,263.95,2008,193,4.28,18.85
192910,Active,51424,NA,NA,D,13,1,55037.5625,255.95,2011,63,13.99,53.89
192911,Active,51421,NA,NA,S,10,1,906610.9938,64.65,2002,61,4,61.45
192912,Active,878789,NA,NA,D,12,1,1181252.599,47.2,2008,37,5.59,37.69
192913,Active,51423,NA,NA,D,12,1,97268.9,270.95,2008,76,4,30.96
192914,Active,571438,NA,NA,D,10,1,22387.22625,110,2011,130,8.53,19.99
192915,Active,536202,NA,NA,S,8,1,1184367.539,160.95,2005,34,4,32.99
192916,Active,765537,NA,NA,S,7,1,2121212.915,113.95,2002,42,4,4.36
192917,Active,243705,NA,NA,D,9,1,482912.95,148.5,2008,58,4.72,43.55
192918,Active,860940,NA,NA,S,2,1,199232.0475,153,2012,18,10.39,11.99
192919,Active,2250203,NA,NA,D,1,0,1162023.225,24.4,2010,42,6.98,26.14
192920,Active,244300,NA,NA,S,2,1,32139.36375,219.5,2012,88,33.92,36.32
192921,Active,165265,NA,NA,D,1,0,771216.0675,9.98,2010,84,4,9.49
192922,Active,60791,NA,NA,D,7,1,213980.3775,216.95,2007,168,4,21.99
192923,Active,154372,NA,NA,S,6,1,441907.3313,167.5,2003,124,4.14,17.93
192924,Active,544577,NA,NA,S,5,1,7220.52625,210.95,2013,116,12.99,23.94
192925,Active,1884634,NA,NA,S,1,0,28955.575,84.99,2015,54,43.94,60.87
192926,Active,467299,NA,NA,D,1,0,549040.5213,10.47,2007,247,4,13.99
192927,Active,871034,NA,NA,S,3,1,122580.7988,177.25,2014,44,22,78.48
192928,Active,54001,NA,NA,D,9,1,6587.9525,128.85,2009,329,5.91,33.74
192929,Active,625236,NA,NA,S,10,1,293461.8663,215.47,2011,77,18.49,38.99
192930,Active,53579,NA,NA,D,5,1,468965.5013,111.2,2006,98,4.14,12.99
192931,Active,60788,NA,NA,D,3,1,634977.9638,209.95,2007,101,4,12.75
192932,Active,290959,NA,NA,D,4,1,150171.8463,217.95,2010,202,4,10.75
192933,Active,52239,NA,NA,D,5,1,351829.815,24.96,2008,251,4,19.9
192934,Active,848032,NA,NA,S,4,1,1600577.618,98.36,1997,47,4,18.92
192935,Active,522696,NA,NA,S,6,1,258674.0275,602.99,2010,28,21.64,138.45
192936,Active,110730,NA,NA,D,1,0,558653.9275,13.14,2009,167,4.1,11.88
192937,Active,191952,NA,NA,D,1,0,1825775.335,19.97,2005,75,4,20.83
192938,Active,439897,NA,NA,D,7,1,57387.3375,50.87,2007,61,8.12,75.63
192939,Active,154286,NA,NA,D,5,1,1429350.636,131.25,1999,78,4,62.49
192940,Active,252650,NA,NA,D,5,1,1168751.255,13.21,2008,39,4,12.12
192941,Active,2254769,NA,NA,S,6,1,1369820.993,88.1,2009,56,6.95,47.02
192942,Active,576047,NA,NA,S,2,1,442712.2388,125,2013,32,6.19,48.57
192943,Active,549924,NA,NA,S,7,1,1323558.723,99.4,2003,48,3.9,8.59
192944,Active,428340,NA,NA,S,9,1,422829.045,132,2005,64,4.03,20.97
192945,Active,504436,NA,NA,S,6,1,730695.5775,131.95,2005,21,6.43,63.97
192946,Active,913777,NA,NA,S,3,1,362997.0463,178,2013,27,76.35,143.16
192947,Active,428380,NA,NA,S,6,1,1631370.376,153.33,2006,60,4,13.99
192948,Active,619962,NA,NA,S,1,0,25243.20375,99,2013,71,26.96,66.98
192949,Active,192037,NA,NA,D,5,1,302844.8675,67.43,2006,41,6.85,48.99
192950,Active,538890,NA,NA,S,44,1,612982.7463,54.25,2013,50,4.03,45.8
192951,Active,652734,NA,NA,D,4,1,1345996.026,0,2011,19,4.58,0
192952,Active,600340,NA,NA,D,4,1,128390.54,13.99,2011,65,4.44,17.73
192953,Active,252785,NA,NA,D,3,1,28411.7725,58.88,2010,124,4.18,26.98
192954,Active,809198,NA,NA,S,4,1,7701.45875,54.25,2014,106,23.98,33.99
192955,Active,3508649,NA,NA,D,5,1,3519839.3,69.5,2005,18,7.29,220.26
192956,Active,132305,NA,NA,S,2,1,965774.4663,166,2007,90,4,39.03
192957,Active,53913,NA,NA,S,5,1,491762.7538,12.74,2008,68,4,35
192958,Active,614709,NA,NA,D,6,1,47053.97375,599,2012,78,5.98,37.15
192959,Active,550128,NA,NA,S,7,1,777532.4625,97.81,2004,80,5.7,9.18
192960,Active,922228,NA,NA,S,4,1,28635.06625,163.33,2014,132,18.5,23.79
192961,Active,570872,NA,NA,S,1,0,124656.23,63.95,2010,50,18.94,42.41
192962,Active,607163,NA,NA,S,3,1,5133262.435,70.67,2001,47,4,7.88
192963,Active,795714,NA,NA,S,9,1,273413.2488,96.5,2012,9,32.04,67.92
192964,Active,567484,NA,NA,S,7,1,941101.7175,119.95,2006,53,4.22,23.41
192965,Active,2970894,NA,NA,S,11,1,156989.8663,173,2015,33,63.59,78.44
192966,Active,52315,NA,NA,S,9,1,530267.825,132,2007,77,4.27,28.94
192967,Active,51295,NA,NA,D,3,1,384718.5938,287.95,2008,65,5.53,15.44
192968,Active,422251,NA,NA,S,1,0,1079895.549,144.8,2006,83,4,5.49
192969,Active,51298,NA,NA,D,2,1,1348961.049,186.95,2006,73,4,12.98
192970,Active,2265378,NA,NA,D,3,1,610510.6488,78.28,2008,28,8.36,65.95
192971,Active,224713,NA,NA,D,8,1,1745520.564,602.99,2010,34,4.09,77.76
192972,Active,51304,NA,NA,D,8,1,1109957.333,16.94,2006,62,4,16.94
192973,Active,51301,NA,NA,D,9,1,186481.9413,184.95,2004,72,4,33.49
192974,Active,51300,NA,NA,D,9,1,278273.6663,284.95,2007,103,4,9.98
192975,Active,54606,NA,NA,D,5,1,459900.6988,107.8,2006,83,4,29.24
192976,Active,287577,NA,NA,D,5,1,1210418.646,107.8,2007,58,4,19.99
192977,Active,536942,NA,NA,S,7,1,642436.2038,172.67,2011,30,26.03,480.45
192978,Active,808910,NA,NA,D,0,0,1808166.936,16.68,2009,38,4,16.68
192979,Active,55802,NA,NA,D,8,1,195755.2575,295.95,2007,64,4.69,28.99
192980,Active,705075,NA,NA,S,2,1,1510799.374,107.5,2004,50,4,45.6
192981,Active,286221,NA,NA,D,9,1,689988.9825,124.2,2007,42,4,21
192982,Active,133313,NA,NA,D,10,1,803453.4638,150.4,2010,84,4,4.99
192983,Active,3816086,NA,NA,S,4,1,151209.025,69.95,2015,16,55.96,54.46
192984,Active,569743,NA,NA,S,10,1,576320.2488,110.95,1999,30,4,72.85
192985,Active,52243,NA,NA,D,1,0,254726.56,154.4,2008,110,4,12.2
192986,Active,130339,NA,NA,D,2,1,64362.72625,167.4,2010,72,6.48,58.75
192987,Active,879763,NA,NA,S,2,1,1130251.329,21.91,2011,26,4.06,63.95
192988,Active,132754,NA,NA,D,1,0,77643.81875,188,2009,156,5.41,72.99
192989,Active,111925,NA,NA,D,2,1,55863.86375,29.99,2011,160,4.98,19.19
192990,Active,244322,NA,NA,D,10,1,9902.09375,198.75,2011,166,5.35,33.98
192991,Active,870456,NA,NA,D,9,1,2104447.308,63.45,2008,49,6.98,17.29
192992,Active,51353,NA,NA,D,9,1,129587.4988,21.9,2008,181,4,12.79
192993,Active,526798,NA,NA,S,10,1,618980.5475,48.75,2012,66,6.44,36.99
192994,Active,564102,NA,NA,S,2,1,178408.2788,62.95,1999,59,4,23.99
192995,Active,51898,NA,NA,S,3,1,217935.9225,169.33,2006,104,4,13.68
192996,Active,877964,NA,NA,S,0,0,1094686.323,43.99,2010,48,5.95,19.7
192997,Active,497845,NA,NA,D,9,1,249208.8238,33.98,2009,315,4,15.99
192998,Active,610459,NA,NA,D,10,1,16100.92125,40,2012,214,9.04,53.81
192999,Active,252682,NA,NA,S,9,1,541473.04,28.99,2009,39,4,14.75
193000,Active,1956579,NA,NA,S,10,1,211697.9,149.5,2014,60,5.44,47.7
193001,Active,1956577,NA,NA,D,10,1,28142.80125,230.75,2014,106,13.48,31.93
193002,Active,3513256,NA,NA,D,1,0,209841.4,146,2015,95,40.89,87.58
193003,Active,451715,NA,NA,D,5,1,157737.1625,145.79,2008,50,13,58.45
193004,Active,536910,NA,NA,S,5,1,38860.28125,48.6,2013,49,29.29,42.07
193005,Active,177424,NA,NA,D,2,1,677268.02,73.95,2005,82,4,0
193006,Active,492069,NA,NA,D,3,1,92182.8225,69.95,2011,94,6.26,28.74
193007,Active,243973,NA,NA,D,12,1,59946.23875,235.95,2011,135,5.97,48.98
193008,Active,451734,NA,NA,D,11,1,220428.435,169.95,2008,116,4,15.97
193009,Active,224710,NA,NA,S,5,1,839842.9075,73.99,2010,30,6.97,52.71
193010,Active,2617938,NA,NA,S,2,1,1823691.354,80.95,1990,26,4,27.64
193011,Active,117493,NA,NA,S,4,1,290608.9525,98.95,2010,31,29.99,81.6
193012,Active,115439,NA,NA,D,3,1,863724.165,70,1999,30,10.41,75.39
193013,Active,222329,NA,NA,S,2,1,90077.365,80,2003,41,30.73,41.99
193014,Active,526797,NA,NA,S,2,1,644519.0088,42.95,2010,58,6.09,31.49
193015,Active,3792881,NA,NA,D,1,0,1959312.5,29.95,2001,29,4.77,14.84
193016,Active,276637,NA,NA,D,2,1,1357590.449,49,2006,45,4,16.89
193017,Active,539398,NA,NA,S,5,1,129362.5375,58.6,2013,32,37.33,44.35
193018,Active,549232,NA,NA,S,1,0,35463.15,185.25,1993,39,43.89,121.38
193019,Active,169406,NA,NA,S,5,1,72346.96125,272.95,2007,48,6.77,73.67
193020,Active,271478,NA,NA,D,3,1,700697.3963,81.95,2008,52,4.22,46.17
193021,Active,131080,NA,NA,D,2,1,726599.9475,77.4,1999,33,4.3,26.43
193022,Active,551491,NA,NA,D,0,0,2387527.73,57,1984,17,17.44,57
193023,Active,271501,NA,NA,D,1,0,687086.7938,115,2010,37,20.97,68.78
193024,Active,763699,NA,NA,S,1,0,522417.5013,49,1997,27,5.09,83.41
193025,Active,494719,NA,NA,D,2,1,150451.5038,61.63,2009,46,11.54,75.7
193026,Active,906981,NA,NA,D,2,1,1159038.023,75.95,2007,30,4.98,45.83
193027,Active,261260,NA,NA,S,2,1,2565934.201,65,1996,32,4,15.23
193028,Active,609705,NA,NA,D,3,1,883093.1338,79,2003,38,10.93,49.75
193029,Active,526790,NA,NA,S,4,1,60694.6075,105,2009,56,17.39,40.78
193030,Active,112198,NA,NA,S,4,1,1770879.521,6.1,2003,51,4,8.24
193031,Active,110049,NA,NA,D,5,1,117121.6663,64.75,2009,74,5,31.88
193032,Active,114422,NA,NA,D,2,1,976934.1088,203.4,2001,58,3.99,7.97
193033,Active,191720,NA,NA,D,5,1,230111.9838,33.98,2006,69,8.53,58.24
193034,Active,101552,NA,NA,S,1,0,92814.9525,125.5,2002,82,4.47,23.95
193035,Active,101161,NA,NA,S,0,0,258856.3238,97.95,1998,99,4,16.94
193036,Active,413275,NA,NA,S,1,0,90227.85,93.15,2007,55,7.46,33.94
193037,Active,252551,NA,NA,D,2,1,323061.0363,18.84,2008,158,4,18.84
193038,Active,423250,NA,NA,D,2,1,151674.16,148.6,2008,197,4,33
193039,Active,53580,NA,NA,D,6,1,126412.2325,160,2009,151,4,7.99
193040,Active,191812,NA,NA,S,8,1,73760.2425,104.68,2006,90,4,23.99
193041,Active,600329,NA,NA,S,3,1,744404.8613,43.78,2009,46,4.44,43.96
193042,Active,110733,NA,NA,S,5,1,26044.3775,296,2010,107,7.84,41.51
193043,Active,416527,NA,NA,S,3,1,1086858.598,9.11,2005,49,4,10.98
193044,Active,532070,NA,NA,D,9,1,58846.61625,181.95,2012,33,17.98,53.86
193045,Active,569823,NA,NA,S,6,1,1350639.145,112.95,2004,129,4,10.5
193046,Active,50169,NA,NA,D,8,1,70652.45875,277.95,2008,82,8.01,38.99
193047,Active,450439,NA,NA,S,7,1,866625.0738,313.95,2006,45,4.18,48.99
193048,Active,50168,NA,NA,D,7,1,450112.2113,305.95,2007,171,4,17.98
193049,Active,495283,NA,NA,D,1,0,565259.7263,128,2007,29,34.07,53.98
193050,Active,255805,NA,NA,D,4,1,424605.8425,61.95,2010,58,4.46,16.99
193051,Active,2095465,NA,NA,S,5,1,79434.62875,72.95,2014,15,55.36,55.84
193052,Active,637445,NA,NA,D,2,1,1749813.515,95,1996,37,4,12.99
193053,Active,895194,NA,NA,S,3,1,238343.285,52.95,2014,19,39.81,45.73
193054,Active,644423,NA,NA,S,2,1,47819.305,100,2013,45,56.62,58.99
193055,Active,649110,NA,NA,D,1,0,517574.32,78.99,2008,38,13.85,75.39
193056,Active,526782,NA,NA,S,3,1,351663.5188,71.95,2012,49,15.41,37.16
193057,Active,660887,NA,NA,S,1,0,28087.225,66,2013,30,31.99,37.31
193058,Active,450428,NA,NA,D,2,1,205988.9,237.95,2007,57,4,33.48
193059,Active,167201,NA,NA,D,1,0,707793.6175,14.13,2008,43,4.05,17.99
193060,Active,569686,NA,NA,D,1,0,1381392.809,158.95,2005,46,4,24.71
193061,Active,177890,NA,NA,D,1,0,566516.2088,158.95,2005,42,6.08,40.98
193062,Active,618646,NA,NA,S,2,1,487581.5338,32.95,2000,33,16.87,31.58
193063,Active,526781,NA,NA,S,3,1,53902.5,86.2,2011,56,38.99,55.99
193064,Active,760937,NA,NA,D,1,0,3490989.324,181,2004,17,5.93,114.21
193065,Active,255733,NA,NA,S,3,1,125468.6125,78.95,2001,103,15.47,51.29
193066,Active,609309,NA,NA,S,3,1,488542.805,51.95,2007,64,6.72,32.99
193067,Active,244965,NA,NA,D,2,1,599844.1625,199.95,2004,119,4,19.49
193068,Active,620292,NA,NA,S,2,1,907703.4025,56.99,2008,18,20.64,35.37
193069,Active,789521,NA,NA,S,1,0,1962539.806,236.99,2006,19,33.87,43.93
193070,Active,799920,NA,NA,D,3,1,2925416.583,66,2004,19,22.32,66
193071,Active,176726,NA,NA,S,2,1,744438.9713,180.95,1999,53,4,44.23
193072,Active,652766,NA,NA,S,0,0,369106.5238,51.95,2010,21,34.99,38.13
193073,Active,147446,NA,NA,D,1,0,203333.0813,85.95,2007,27,13.95,35
193074,Active,612550,NA,NA,S,2,1,42236.5425,100,2013,30,53.47,69.99
193075,Active,915474,NA,NA,D,0,0,1495127.414,50,1997,43,4,9.96
193076,Active,634858,NA,NA,S,2,1,380981.905,57,2006,19,37.95,50
193077,Active,622298,NA,NA,D,1,0,518536.9075,49.95,2002,40,4.39,23.82
193078,Active,629959,NA,NA,S,2,1,91685.35875,75,2011,28,49.96,50.74
193079,Active,271088,NA,NA,S,0,0,225106.6938,38,2011,71,25.06,24.18
193080,Active,300259,NA,NA,D,1,0,1136572.804,83,2008,42,19,53.93
193081,Active,293753,NA,NA,S,3,1,209156.975,87,2004,49,47.09,71.49
193082,Active,3607465,NA,NA,D,7,1,796015.05,57,1997,15,6.37,51.11
193083,Active,616405,NA,NA,D,3,1,1306408.275,45,2002,38,4,0
193084,Active,607966,NA,NA,S,3,1,3670873.516,39.95,2001,32,4,16.04
193085,Active,608004,NA,NA,S,4,1,617966.4775,65.95,2005,48,4.06,25.9
193086,Active,654736,NA,NA,S,4,1,1021840.085,46.5,2008,31,16.54,0
193087,Active,584726,NA,NA,D,1,0,117101.1938,97.95,2004,131,4.71,13.94
193088,Active,613932,NA,NA,D,1,0,288912.6063,53.41,2010,73,6.44,24.03
193089,Active,615621,NA,NA,S,2,1,27771.61,134.75,2012,78,25.98,74.5
193090,Active,542006,NA,NA,S,3,1,63265.6,106.95,2007,25,24.99,30.16
193091,Active,872939,NA,NA,S,1,0,18721.6275,75,2014,43,52.07,71.25
193092,Active,873018,NA,NA,D,0,0,790440.0063,75,2009,27,8.98,675
193093,Active,873176,NA,NA,D,0,0,299324.4413,75,2005,19,4.94,57.61
193094,Active,859931,NA,NA,D,0,0,464210.7975,85,2009,46,13.09,77.18
193095,Active,905525,NA,NA,D,0,0,1341624.123,85,2008,35,5.03,49.19
193096,Active,108333,NA,NA,D,6,1,377833.9375,43.53,2004,64,4.33,7.94
193097,Active,698900,NA,NA,D,7,1,2893580.4,85.75,2008,18,4.48,34.12
193098,Active,552860,NA,NA,D,10,1,2361448.401,100.2,2006,26,4,11.99
193099,Active,287621,NA,NA,D,11,1,454680.6913,122.8,2009,50,4.4,19.98
193100,Active,912667,NA,NA,D,2,1,808929.1163,49.95,2009,25,4,23.99
193101,Active,896868,NA,NA,S,3,1,482948.165,54.95,2013,30,35.49,34.42
193102,Active,201780,NA,NA,D,2,1,4723228.684,175,2009,17,4.29,137.17
193103,Active,200605,NA,NA,S,1,0,274574.1475,118.95,2011,33,38.43,47.19
193104,Active,285421,NA,NA,D,7,1,161789.3,83.53,2008,52,8.95,56.89
193105,Active,221713,NA,NA,S,6,1,653391.58,104.95,2001,18,41.02,76.98
193106,Active,859295,NA,NA,S,2,1,290572.4875,106.95,2005,25,17.32,85.22
193107,Active,201755,NA,NA,S,0,0,26457.7475,104.95,2011,27,45.01,83.94
193108,Active,51310,NA,NA,D,8,1,151721.5325,178.95,2004,77,4,47.99
193109,Active,526774,NA,NA,D,6,1,234829.0575,280.95,2008,49,8.17,15.99
193110,Active,144293,NA,NA,S,1,0,33182.925,107.2,2001,24,21.19,96.83
193111,Active,51311,NA,NA,S,9,1,30268.74,181.95,2009,60,37.4,116.49
193112,Active,262737,NA,NA,D,4,1,176116.1438,45.95,2008,34,4.71,48.94
193113,Active,169869,NA,NA,D,10,1,181324.98,250.95,2008,66,4.27,64.03
193114,Active,291630,NA,NA,D,8,1,2503314.396,118.95,2004,27,3.99,9.99
193115,Active,169156,NA,NA,D,9,1,1534872.353,185.95,2006,41,4,4.9
193116,Active,287639,NA,NA,S,2,1,698330.8025,79.95,2015,33,12.39,43.98
193117,Active,60794,NA,NA,D,5,1,332237.1,269.95,2005,45,4.35,22.85
193118,Active,60795,NA,NA,D,5,1,1718292.276,7.99,2006,64,4,7.99
193119,Active,110375,NA,NA,D,6,1,100003.2063,23.99,2009,88,6.91,21.99
193120,Active,51532,NA,NA,D,5,1,853669.0913,8.88,2006,192,4,7.94
193121,Active,51530,NA,NA,D,4,1,2723401.758,8.99,2005,35,4.12,8.99
193122,Active,51531,NA,NA,D,6,1,61710.73625,33.99,2009,181,6.11,23.99
193123,Active,567413,NA,NA,S,1,0,555385.88,129.95,2001,26,27.86,50.23
193124,Active,1677773,NA,NA,S,0,0,420002.32,59.95,2014,19,12.55,43.5
193125,Active,115511,NA,NA,S,5,1,505723.4263,159.4,2003,52,4.93,0
193126,Active,576598,NA,NA,D,7,1,1261833.029,99.95,2004,69,4,8.95
193127,Active,576644,NA,NA,D,8,1,158482.8163,181.95,2007,59,8.05,49.77
193128,Active,199107,NA,NA,S,3,1,360899.8588,76,2000,29,5.3,26.48
193129,Active,544978,NA,NA,S,4,1,56937.41125,99,2012,26,48.93,62.43
193130,Active,767041,NA,NA,D,10,1,1835305.635,135,2010,18,12.03,57.3
193131,Active,869068,NA,NA,S,10,1,236930.6988,41.47,2014,9,42.77,43.97
193132,Active,55798,NA,NA,D,3,1,59354.06875,54.13,2009,60,13.19,79.89
193133,Active,172329,NA,NA,D,0,0,3558660.056,58,2003,20,4,42.97
193134,Active,55797,NA,NA,S,2,1,820680.1213,93.21,2007,47,15.07,34.23
193135,Active,55796,NA,NA,D,0,0,509548.2388,22.85,2004,37,6.88,13.98
193136,Active,60796,NA,NA,D,8,1,331577.6813,17.6,2007,47,4.21,20.65
193137,Active,561920,NA,NA,D,8,1,916373.71,228.95,2004,33,4.95,29.2
193138,Active,182664,NA,NA,D,1,0,762277.86,354.95,2002,26,4.94,18.49
193139,Active,148586,NA,NA,D,9,1,1326449.781,263.95,2008,19,4.73,43.99
193140,Active,526771,NA,NA,D,9,1,60135.82125,53.94,2009,67,6.03,32.49
193141,Active,526769,NA,NA,D,5,1,47043.96125,123.95,2011,70,9.59,33.99
193142,Active,624340,NA,NA,D,1,0,46353.89375,121.95,2010,82,5.38,13.5
193143,Active,875760,NA,NA,S,2,1,10512.3475,93.95,2014,61,34.63,43.99
193144,Active,576686,NA,NA,D,1,0,450680.4938,69.95,2009,73,4,38.46
193145,Active,222294,NA,NA,D,1,0,4390652.638,80,2003,19,4,23.94
193146,Active,222296,NA,NA,S,2,1,840357.115,85,2009,30,21.27,30.99
193147,Active,834039,NA,NA,D,13,1,5205827.763,135,1996,14,4.8,182.92
193148,Active,477686,NA,NA,D,4,1,676693.1188,104.95,2008,83,4,16.93
193149,Active,542887,NA,NA,D,1,0,613558.6013,107.95,2006,77,4,13.99
193150,Active,556211,NA,NA,S,2,1,1117389.906,70,2010,38,4.35,18.98
193151,Active,60797,NA,NA,S,3,1,1784600.849,80.95,2004,53,4,5.49
193152,Active,575512,NA,NA,S,1,0,1062954.14,24.95,2007,76,4,5.88
193153,Active,152726,NA,NA,S,0,0,872601.0713,169,2002,36,5.98,61.37
193154,Active,1929916,NA,NA,S,2,1,243785.6038,89.99,2013,47,48.99,63.99
193155,Active,171896,NA,NA,D,1,0,915882.1288,45,2002,34,4,6.99
193156,Active,172281,NA,NA,S,2,1,46922.55625,54.95,2010,42,28.47,42.99
193157,Active,477673,NA,NA,D,2,1,401741.7963,164.95,2008,34,5.47,41.91
193158,Active,591109,NA,NA,S,3,1,106505.95,131.95,2013,21,39.04,63.99
193159,Active,374229,NA,NA,D,2,1,983010.43,47,2005,24,6.5,72.79
193160,Active,52622,NA,NA,S,6,1,1629527.783,87.95,2003,96,3.99,11.61
193161,Active,533660,NA,NA,D,8,1,62929.22875,115,2011,133,5.63,81.49
193162,Active,576696,NA,NA,D,1,0,742109.6075,102.95,2010,50,4,20.87
193163,Active,744112,NA,NA,D,8,1,5623.14125,121,2013,119,5.75,52.18
193164,Active,52623,NA,NA,D,7,1,382035.245,105,2007,245,4.51,14.29
193165,Active,526768,NA,NA,S,0,0,257068.5513,67.65,2004,42,19.41,36.14
193166,Active,551796,NA,NA,D,4,1,1720881.983,76.2,2002,54,4,4.09
193167,Active,423284,NA,NA,S,5,1,205718.9025,106,2008,66,7.15,51.59
193168,Active,200107,NA,NA,S,1,0,950007.0575,109.95,2006,76,4,45.01
193169,Active,868478,NA,NA,D,3,1,2188367.809,108.95,2000,23,4.74,29.11
193170,Active,157482,NA,NA,D,2,1,1323046.83,60.95,2009,21,4.96,55.71
193171,Active,321053,NA,NA,S,3,1,737794.3575,58,2011,46,41.37,43.06
193172,Active,169162,NA,NA,D,3,1,465891.8613,121.95,2006,37,4,19.99
193173,Active,765659,NA,NA,S,2,1,840958.915,59.95,2002,14,4,11.44
193174,Active,633859,NA,NA,D,4,1,695628.0563,66,2012,36,25.47,48.93
193175,Active,899774,NA,NA,D,0,0,3105330.744,73.3,1992,15,4,80.46
193176,Active,765726,NA,NA,S,4,1,432929.965,126.95,2003,31,5.98,170.51
193177,Active,313732,NA,NA,D,5,1,324897.4,158.6,2002,51,4,25
193178,Active,196419,NA,NA,D,1,0,797368.725,67.25,2003,24,4.5,29.24
193179,Active,912705,NA,NA,D,3,1,1027570.065,99.4,2003,32,4.28,34.98
193180,Active,120950,NA,NA,D,4,1,559042.0038,118.4,2007,33,4.64,56.03
193181,Active,180738,NA,NA,S,2,1,616573.535,56,2012,29,25.77,49.35
193182,Active,2622095,NA,NA,D,0,0,2796992.418,104,1997,21,4.47,50.57
193183,Active,266106,NA,NA,S,4,1,786860.6725,35,2009,46,4.26,23.99
193184,Active,133120,NA,NA,S,2,1,591965.3438,134.95,2009,59,10.47,16.85
193185,Active,569745,NA,NA,S,3,1,363144.235,233.95,2007,40,15.48,83.17
193186,Active,534718,NA,NA,D,4,1,38384.36625,99,2012,126,9.19,54.04
193187,Active,55183,NA,NA,D,2,1,471493.0163,72.95,2006,64,4,13.87
193188,Active,2253090,NA,NA,D,3,1,1642530.268,17.01,2009,36,5.57,26.25
193189,Active,551908,NA,NA,D,1,0,176225.2125,112,1994,48,4,50.45
193190,Active,540086,NA,NA,S,2,1,67094.45375,87.2,2012,39,37.03,70.73
193191,Active,115537,NA,NA,S,3,1,361578.305,108.8,2003,32,19.24,86.37
193192,Active,2489801,NA,NA,D,0,0,1628483.515,43,2003,22,4,43
193193,Active,912629,NA,NA,S,5,1,234201.3675,54.95,2013,22,37.04,45.73
193194,Active,526762,NA,NA,D,2,1,2387075.508,32.95,2004,36,4,21.83
193195,Active,55182,NA,NA,D,3,1,427853.5363,82.95,2009,115,4,21.12
193196,Active,182674,NA,NA,S,5,1,496558.6638,70.76,2002,32,4,65.13
193197,Active,183761,NA,NA,D,7,1,111194.0138,164.95,2010,35,21.82,84.22
193198,Active,201679,NA,NA,D,0,0,2238591.424,29.95,2002,29,4,7.97
193199,Active,201758,NA,NA,S,2,1,402057.1363,49.95,2008,33,14.24,0
193200,Active,60798,NA,NA,D,6,1,303324.0238,181.95,2005,60,4,45.12
193201,Active,910931,NA,NA,D,0,0,1846161.438,49.95,2006,26,4.26,49.99
193202,Active,670562,NA,NA,S,2,1,742796.1713,54.95,2012,22,26.23,51.47
193203,Active,109837,NA,NA,D,2,1,2322418.239,33.74,2006,40,4,26.9
193204,Active,60800,NA,NA,S,8,1,1101595.944,109,2006,49,4,8.99
193205,Active,55673,NA,NA,S,8,1,808232.7425,117.2,2005,69,4,7.39
193206,Active,55676,NA,NA,D,9,1,566006.3625,146.2,2008,111,4,23.99
193207,Active,55674,NA,NA,D,10,1,28798.65625,204,2011,130,8.87,51.24
193208,Active,52658,NA,NA,S,5,1,37737.08375,130.2,2011,54,28.99,95.76
193209,Active,110133,NA,NA,D,3,1,258342.8763,10.99,2008,91,4,10.99
193210,Active,905912,NA,NA,S,1,0,2203683.399,72.95,2006,21,17.01,65.83
193211,Active,247735,NA,NA,S,0,0,1105054.291,66,2007,24,6.98,38.14
193212,Active,909194,NA,NA,S,2,1,1034295.469,58.95,2010,28,10.99,51.21
193213,Active,169858,NA,NA,D,8,1,189870.0913,215.95,2009,51,7.73,51.52
193214,Active,569781,NA,NA,D,6,1,1042642.016,99.95,2003,26,4,8.99
193215,Active,169293,NA,NA,D,7,1,2015864.17,227.95,2006,43,4,13.99
193216,Active,117362,NA,NA,D,4,1,690069.2638,136,2007,34,6.64,126.21
193217,Active,114553,NA,NA,D,3,1,1318740.125,100,2003,31,4,12.94
193218,Active,526758,NA,NA,D,7,1,353472.1338,159.8,2007,33,4.44,55.79
193219,Active,158327,NA,NA,S,3,1,265361.865,74.95,2009,32,34.23,0
193220,Active,213029,NA,NA,D,2,1,2146465.831,56.95,2004,27,3.85,0
193221,Active,538548,NA,NA,S,8,1,57748.9775,142.25,2013,46,36.04,81.31
193222,Active,1434758,NA,NA,D,6,1,4525210.905,4,2007,12,8.65,45.98
193223,Active,739331,NA,NA,S,4,1,2267094.215,79.8,2000,43,4,14.47
193224,Active,54831,NA,NA,D,5,1,1675344.049,125,2004,46,4,13.45
193225,Active,526757,NA,NA,D,9,1,213278.7888,220.95,2010,48,5.7,55.17
193226,Active,110460,NA,NA,D,7,1,123021.8438,142.25,2010,59,5.18,13.99
193227,Active,623620,NA,NA,S,2,1,276926.335,120,2005,50,8.71,62.6
193228,Active,60799,NA,NA,D,8,1,2395727.514,212.95,2007,32,4,23.32
193229,Active,608595,NA,NA,S,7,1,1776527.178,117.95,2004,49,4,10.3
193230,Active,110458,NA,NA,D,6,1,305399.7463,11.24,2007,48,4,9.99
193231,Active,515896,NA,NA,D,6,1,213750.195,154,2008,29,28.15,111.89
193232,Active,428314,NA,NA,D,5,1,1037657.758,142,2003,33,4,16.63
193233,Active,116645,NA,NA,S,0,0,74457.3,123,2005,29,53.14,98.04
193234,Active,3485472,NA,NA,S,9,1,58958.7,122.67,2014,58,21.85,41.93
193235,Active,1574757,NA,NA,D,1,0,64577.3525,93.95,2013,114,4.19,43.98
193236,Active,133259,NA,NA,D,9,1,21903.9925,153.8,2011,106,5.4,32.94
193237,Active,529057,NA,NA,D,8,1,148652.5963,111,2008,101,4,51.68
193238,Active,891772,NA,NA,D,4,1,6004246.468,36.95,2006,14,4.38,13.49
193239,Active,921625,NA,NA,D,2,1,573265.3213,122.95,2011,101,4.2,12.81
193240,Active,52437,NA,NA,S,4,1,2574169.6,75.6,2004,44,4,20.94
193241,Active,609871,NA,NA,D,3,1,43639.9575,114,2013,64,12.99,87.22
193242,Active,918809,NA,NA,D,1,0,705034.39,68.4,2007,37,5.09,31.99
193243,Active,133119,NA,NA,D,2,1,533648.72,92.6,2010,107,4,18.99
193244,Active,52092,NA,NA,D,6,1,1248912.196,111.6,2005,112,3.95,4.41
193245,Active,552712,NA,NA,S,1,0,376852.1138,134,2009,32,33.99,62
193246,Active,52439,NA,NA,D,6,1,136826.9363,146.4,2010,103,8.42,149.48
193247,Active,644071,NA,NA,D,5,1,629212.2475,86.05,2007,32,4,54.55
193248,Active,638790,NA,NA,S,6,1,1176395.153,46.95,2009,19,15.14,18.99
193249,Active,182950,NA,NA,S,2,1,1163949.194,73.96,2003,24,4,59.29
193250,Active,132401,NA,NA,S,2,1,790446.2888,108.4,2003,35,4,55.41
193251,Active,663111,NA,NA,S,3,1,34049.12375,128.95,2014,100,28.89,53.99
193252,Active,544241,NA,NA,D,2,1,553712.015,129.95,2012,145,4.27,9.93
193253,Active,133446,NA,NA,S,8,1,140030.2275,105,2011,28,28.99,32.99
193254,Active,878298,NA,NA,D,8,1,892346.4863,86.52,2010,28,10.68,28.99
193255,Active,1782813,NA,NA,D,0,0,3791715.226,0,2011,13,6.68,0
193256,Active,56978,NA,NA,D,5,1,1162800.026,135.95,2006,47,4,17.99
193257,Active,56980,NA,NA,S,4,1,2260275.976,112.95,2003,47,4.31,8.9
193258,Active,877067,NA,NA,D,6,1,581108.0588,71.87,2009,17,5.6,18.99
193259,Active,533330,NA,NA,D,7,1,58206.895,105.95,2012,81,10.84,89.25
193260,Active,56979,NA,NA,D,6,1,121791.0275,116.95,2009,83,4,15.92
193261,Active,52438,NA,NA,D,5,1,381293.8363,111,2007,53,9.76,72.05
193262,Active,55668,NA,NA,S,7,1,1965957.64,68.96,2004,42,4,49.71
193263,Active,108286,NA,NA,S,7,1,557144.82,66.05,2004,76,3.98,4.56
193264,Active,61123,NA,NA,D,8,1,464203.005,8.51,2006,100,4,13.68
193265,Active,533877,NA,NA,D,9,1,396466.2963,36.44,2009,31,18.59,33.97
193266,Active,55670,NA,NA,D,9,1,38752.64625,184,2009,86,6.25,19.24
193267,Active,55671,NA,NA,D,8,1,138367.6988,103.75,2006,46,8.25,28.99
193268,Active,526755,NA,NA,D,3,1,86694.70875,91.2,2009,108,4,38.13
193269,Active,60801,NA,NA,D,2,1,1165719.823,80.6,2006,52,4,8.98
193270,Active,202431,NA,NA,S,2,1,901319.695,40.96,1999,39,4.35,40.42
193271,Active,366088,NA,NA,D,3,1,265586.9988,51.82,2006,37,4.11,38.94
193272,Active,52093,NA,NA,D,7,1,124832.6188,122.8,2008,208,4,31.64
193273,Active,253657,NA,NA,S,6,1,4046.815,39.95,2009,90,14.99,21.97
193274,Active,256507,NA,NA,S,5,1,504884.6538,39.95,2001,174,4,5.6
193275,Active,188003,NA,NA,D,1,0,4363795.163,59.95,1999,24,4,32.94
193276,Active,2820589,NA,NA,S,3,1,1400815.279,64.95,2003,23,4.48,51.73
193277,Active,2820590,NA,NA,S,2,1,1077035.24,78.95,2003,32,11.74,56.83
193278,Active,2664145,NA,NA,D,1,0,4469756.871,29,1992,19,4,28.99
193279,Active,624242,NA,NA,S,0,0,2711165.048,289,2008,26,24.11,35.83
193280,Active,2502819,NA,NA,D,2,1,4222116.141,545,1993,12,20.83,137.37
193281,Active,501008,NA,NA,S,8,1,30246.59,52.99,2012,38,12.37,25.4
193282,Active,549666,NA,NA,S,3,1,929907.3425,60,2009,33,7.97,31.89
193283,Active,203900,NA,NA,S,2,1,169293.3963,53.99,2007,33,7.41,26.49
193284,Active,538298,NA,NA,S,8,1,49840.255,50,2013,85,25.79,32.98
193285,Active,651019,NA,NA,D,3,1,1354995.084,65.95,2000,19,4.82,44.78
193286,Active,765027,NA,NA,S,2,1,588656.4513,182.95,1999,33,23.33,63.49
193287,Active,582101,NA,NA,D,2,1,1169118.976,132.95,2005,21,14.09,91.01
193288,Active,2338595,NA,NA,D,2,1,849779.9575,125,1986,38,4.57,58.98
193289,Active,231772,NA,NA,D,1,0,414659.1625,38,1998,59,4.13,28.99
193290,Active,231786,NA,NA,S,2,1,93030.96625,52,2006,64,4.79,53.99
193291,Active,1456454,NA,NA,D,2,1,747042.5675,93.5,2006,18,58.9,117.9
193292,Active,54956,NA,NA,D,3,1,91426.21125,113.64,2005,61,4,39.5
193293,Active,54957,NA,NA,D,4,1,201407.3538,89.53,2010,101,4.15,71.99
193294,Active,108772,NA,NA,S,7,1,897089.6588,82.97,2004,89,4,63.92
193295,Active,52261,NA,NA,D,8,1,150876.205,33.86,2008,267,4.97,19.43
193296,Active,52260,NA,NA,D,7,1,282147.71,152.5,2005,275,4,10.01
193297,Active,879790,NA,NA,D,8,1,1514959.615,33.36,2008,48,4,45.36
193298,Active,870953,NA,NA,S,2,1,391199.8725,138.25,2005,52,4.72,52.47
193299,Active,54062,NA,NA,D,4,1,506087.0763,348.95,2008,58,5.65,18.68
193300,Active,349827,NA,NA,D,5,1,28456.245,317.95,2011,65,21.66,69.71
193301,Active,110592,NA,NA,D,1,0,1605337.953,8.98,2006,35,4,11.98
193302,Active,330096,NA,NA,S,2,1,2547804.589,220.95,2001,35,4.13,9.89
193303,Active,110595,NA,NA,D,2,1,386385.3938,35.6,2009,24,6.46,52.93
193304,Active,699167,NA,NA,D,14,1,138625.5313,40.98,2010,24,17.98,21.99
193305,Active,108375,NA,NA,D,13,1,1036721.71,23.94,2005,51,4,12.45
193306,Active,110107,NA,NA,D,14,1,18508.68625,251.75,2010,68,6.51,54.23
193307,Active,162576,NA,NA,S,8,1,59010.97625,115.5,2011,81,24.76,73.98
193308,Active,616943,NA,NA,S,1,0,183226.6325,151.6,2009,24,73.33,106.28
193309,Active,860860,NA,NA,S,2,1,114911.85,77.33,2012,26,36.69,71.74
193310,Active,162580,NA,NA,S,2,1,194652.3975,71,2009,36,28.96,53.68
193311,Active,549598,NA,NA,S,7,1,143265.6288,135,2006,50,43.9,83.47
193312,Active,326156,NA,NA,D,9,1,2195712.543,89.5,2005,19,4.84,94.33
193313,Active,2610562,NA,NA,S,0,0,63190.325,49.99,1999,24,38.71,34.98
193314,Active,57795,NA,NA,S,3,1,46139.60875,34,2006,51,11.4,14
193315,Active,117470,NA,NA,S,5,1,244900.1413,112,2003,70,4,23.97
193316,Active,827735,NA,NA,S,6,1,1191065.319,44.95,2002,33,4,50.99
193317,Active,911614,NA,NA,S,9,1,213633.9638,87.35,2014,33,5.98,0
193318,Active,610181,NA,NA,S,2,1,297745.1638,123.95,2014,35,18.93,33.99
193319,Active,251951,NA,NA,D,1,0,751803.5975,72.95,2011,76,4,25.59
193320,Active,177973,NA,NA,D,1,0,356706.9075,136.95,2003,58,7.04,52.86
193321,Active,868264,NA,NA,S,2,1,153754.8613,39.99,2014,34,34.9,38.38
193322,Active,57642,NA,NA,S,2,1,812374.6088,26.95,1992,31,4,24.79
193323,Active,535152,NA,NA,S,4,1,30148.9275,59.95,2013,49,35.24,49.97
193324,Active,792946,NA,NA,D,0,0,9418490.731,37.5,1998,14,4.74,28.94
193325,Active,2419367,NA,NA,D,1,0,853838.8363,110,2005,12,28.01,91.42
193326,Active,865110,NA,NA,S,2,1,604798.94,70,2008,29,6.66,25.98
193327,Active,665006,NA,NA,S,2,1,518252.705,31.42,2013,46,2.77,13.98
193328,Active,650080,NA,NA,D,0,0,774518.805,54.99,2010,31,17.46,39.77
193329,Active,655086,NA,NA,S,3,1,179691.9638,34.99,2013,29,21.99,22.36
193330,Active,2635317,NA,NA,D,1,0,782937.2113,39.95,2002,33,5.23,19.91
193331,Active,663776,NA,NA,S,3,1,19179.465,49.99,2013,27,28.73,31.03
193332,Active,2635665,NA,NA,D,2,1,459507.8563,49.95,2005,44,11.12,48.47
193333,Active,608870,NA,NA,S,3,1,1093784.85,44.99,2006,32,4.2,19.46
193334,Active,185993,NA,NA,S,4,1,57601.90125,49.99,2009,52,14.49,27.15
193335,Active,642226,NA,NA,S,1,0,3649.15,39.99,2012,25,17.98,21.45
193336,Active,649565,NA,NA,D,0,0,278837.2838,108.63,2013,49,5.57,0
193337,Active,1989655,NA,NA,S,1,0,13956.05,44.99,2014,24,27.47,30.15
193338,Active,1769093,NA,NA,S,1,0,303507.0825,44.99,2014,21,35.24,38
193339,Active,610151,NA,NA,S,2,1,2604.075,45,2010,109,15.99,19.99
193340,Active,526747,NA,NA,S,2,1,96164.4975,39.99,2006,62,4.72,19.89
193341,Active,593905,NA,NA,S,3,1,16651.34375,34.99,2010,57,12.46,19.85
193342,Active,2135722,NA,NA,D,0,0,1438444.3,39.95,2010,18,12.35,67.09
193343,Active,1930368,NA,NA,S,2,1,815947.5438,49.99,2015,21,33.69,33.72
193344,Active,200273,NA,NA,D,1,0,718037.3988,191.95,2008,44,3,43.87
193345,Active,894943,NA,NA,S,0,0,387794.2788,79.99,2015,21,44.14,51.69
193346,Active,2178825,NA,NA,S,3,1,712295.9325,69.95,2009,36,43.85,53.76
193347,Active,125154,NA,NA,S,0,0,43285.025,60.25,2011,59,4.38,8
193348,Active,1464016,NA,NA,S,2,1,20055.5,60.25,2015,24,31.09,33.1
193349,Active,125151,NA,NA,S,0,0,248061.2313,60.25,2010,69,4,11.77
193350,Active,286890,NA,NA,S,0,0,68293.575,60.25,2010,43,4.42,13.33
193351,Active,125153,NA,NA,S,0,0,38157.425,60.25,2011,80,7.34,8.98
193352,Active,555164,NA,NA,S,0,0,145510.65,60.25,2011,40,5.94,14.37
193353,Active,617637,NA,NA,S,0,0,362865.46,60.25,2010,78,4,9.95
193354,Active,615513,NA,NA,S,0,0,105250.1563,60.25,2010,84,4.08,10.51
193355,Active,125152,NA,NA,D,0,0,75091.20625,60.25,2010,104,4,13.11
193356,Active,125155,NA,NA,S,0,0,77492.225,60.25,2011,35,5.88,12.93
193357,Active,1464014,NA,NA,S,2,1,32054.3,60.25,2015,21,28.74,28.98
193358,Active,3480784,NA,NA,S,2,1,23953.025,60.25,2015,27,30.79,30.94
193359,Active,3480785,NA,NA,S,2,1,35058.75,60.25,2015,29,13.99,24.9
193360,Active,1464013,NA,NA,S,2,1,63867.775,60.25,2015,20,39.31,18.98
193361,Active,242578,NA,NA,S,0,0,274122.0325,44.95,2004,24,40.95,44.95
193362,Active,2644763,NA,NA,S,2,1,413318.3988,63.95,2000,29,4.13,47.03
193363,Active,2133709,NA,NA,S,2,1,2208785.865,175,2011,15,6.74,43.97
193364,Active,544959,NA,NA,S,3,1,74979.30875,92,2010,44,40.7,61.42
193365,Active,592007,NA,NA,D,0,0,1184612.759,62,2007,27,4.57,64.61
193366,Active,545511,NA,NA,S,2,1,153434.045,56,2012,25,26.94,36.5
193367,Active,637619,NA,NA,S,3,1,16721.495,93,2013,84,99.95,66.28
193368,Active,663848,NA,NA,S,1,0,98927.725,54,2013,24,35.48,35.57
193369,Active,583356,NA,NA,D,1,0,791412.9013,57,2012,15,12.77,21.98
193370,Active,890914,NA,NA,S,2,1,228275.3275,50,2014,31,35.29,33.48
193371,Active,624420,NA,NA,D,2,1,757780.5638,60,2007,26,7.19,28.74
193372,Active,612695,NA,NA,S,2,1,40497.97375,56,2013,31,31.99,36.16
193373,Active,545659,NA,NA,S,3,1,480509.5,84,2013,45,23.06,47.65
193374,Active,247617,NA,NA,D,2,1,55702.0025,79,2006,106,7.87,22.92
193375,Active,61233,NA,NA,D,2,1,580841.6525,59.95,1997,122,4,7.49
193376,Active,635954,NA,NA,S,1,0,355227.2938,70,2011,22,43.19,50.93
193377,Active,199083,NA,NA,D,2,1,160149.5725,71,2004,46,4.07,22.18
193378,Active,248120,NA,NA,S,3,1,38744.3575,79,2011,57,53.73,65.27
193379,Active,576439,NA,NA,S,1,0,267817.715,105,2001,27,4.98,0
193380,Active,495246,NA,NA,S,0,0,940917.87,84,2007,34,17.58,74.92
193381,Active,612430,NA,NA,S,3,1,641687.9463,51,2013,21,30.24,33.3
193382,Active,202475,NA,NA,S,1,0,159829.905,79.99,2001,42,33.96,67.99
193383,Active,247886,NA,NA,D,2,1,48162.85875,90,2008,36,48.99,60.14
193384,Active,55666,NA,NA,S,3,1,308087.1988,49.99,2000,66,4,34.98
193385,Active,601744,NA,NA,D,3,1,659964.4388,83,2010,23,10.84,37.99
193386,Active,526742,NA,NA,D,3,1,70828.255,49,2009,40,18.32,32.59
193387,Active,57892,NA,NA,D,2,1,590127.3963,61.95,1990,73,4,14.15
193388,Active,627599,NA,NA,S,2,1,427843.4438,57.2,2005,27,4.62,28.99
193389,Active,199167,NA,NA,D,2,1,1318342.188,77,2004,25,8.25,73.03
193390,Active,199168,NA,NA,D,2,1,106789.525,60,2004,45,4.98,25.34
193391,Active,872506,NA,NA,S,0,0,527411.3725,38.95,1996,42,4,18.65
193392,Active,544972,NA,NA,S,3,1,12214.68125,67,2012,35,48.99,51.37
193393,Active,132155,NA,NA,S,5,1,125666.8338,173.2,2006,55,39.74,77.94
193394,Active,131656,NA,NA,D,4,1,1560779.92,96,2002,45,4,15.22
193395,Active,654126,NA,NA,D,0,0,1392074.431,80,2008,28,16.82,64.25
193396,Active,894156,NA,NA,D,1,0,4406302.711,63.95,2001,23,4.82,38.99
193397,Active,660193,NA,NA,S,2,1,303040.9425,62,2011,40,26.2,32.51
193398,Active,801061,NA,NA,D,1,0,2791729.496,52.95,2006,21,4,46.97
193399,Active,545013,NA,NA,S,3,1,228608.7713,68,2012,22,52.01,52.04
193400,Active,248050,NA,NA,D,2,1,992415.7025,61,2009,18,4.46,12.86
193401,Active,591721,NA,NA,S,1,0,44533.125,59.95,2013,34,37.58,37.57
193402,Active,557307,NA,NA,D,6,1,971866.6125,86.4,2006,64,4,20.98
193403,Active,557462,NA,NA,D,7,1,196430.8913,94.6,2008,56,4,54.23
193404,Active,515691,NA,NA,D,2,1,639415.9238,55,2005,18,4,100.49
193405,Active,867575,NA,NA,S,2,1,531132.61,55,2013,23,34.55,38.47
193406,Active,778175,NA,NA,D,2,1,6600133.029,33.95,2000,11,3.99,23.89
193407,Active,662044,NA,NA,S,3,1,898289.2888,56.95,2007,31,35.54,44.82
193408,Active,641798,NA,NA,S,2,1,355948.53,81,2002,25,9.24,34.86
193409,Active,148296,NA,NA,S,4,1,1965182.836,124.95,2004,36,4,45.99
193410,Active,148774,NA,NA,D,6,1,528259.7288,191.95,2010,51,9.55,41.97
193411,Active,544550,NA,NA,D,7,1,64391.8025,169.95,2013,68,13.36,116.23
193412,Active,562019,NA,NA,D,5,1,733615.2225,206.95,2007,39,4,13.94
193413,Active,610282,NA,NA,D,5,1,199613.7688,111.25,2012,72,10.24,18.07
193414,Active,264656,NA,NA,D,4,1,776380.0763,79.95,2009,61,4,18.89
193415,Active,635622,NA,NA,S,1,0,65715.675,77,2012,27,45.98,62.63
193416,Active,622391,NA,NA,S,1,0,23866.375,68.95,2012,36,32.87,34.43
193417,Active,917052,NA,NA,D,2,1,2954154.784,71,1998,26,4.13,44.28
193418,Active,206046,NA,NA,S,1,0,31484.9,95,2007,29,42.29,63.93
193419,Active,607300,NA,NA,D,4,1,277457.7625,134,2005,20,19.24,43.99
193420,Active,873401,NA,NA,D,2,1,869904.9375,97,1999,17,4.83,33.99
193421,Active,711923,NA,NA,D,3,1,2078764.454,117.4,2002,22,4,22.33
193422,Active,526738,NA,NA,S,2,1,269087.6575,134.95,2009,31,34.15,70.87
193423,Active,278202,NA,NA,D,1,0,2859210.099,124.95,2004,16,4,79.75
193424,Active,607281,NA,NA,D,7,1,803936.64,126.2,2003,33,4.77,50.89
193425,Active,607440,NA,NA,D,8,1,353896.355,181.6,2008,28,16.77,61.99
193426,Active,221805,NA,NA,S,2,1,897337.0075,209.95,2003,25,38.88,97.65
193427,Active,626130,NA,NA,D,5,1,1010180.133,95.95,2007,21,9.98,37.89
193428,Active,609481,NA,NA,D,4,1,2039327.809,55.95,2003,17,4,75.47
193429,Active,526737,NA,NA,S,3,1,768667.5725,129,2012,50,22.53,78.17
193430,Active,1840284,NA,NA,D,1,0,4819408.395,159.95,2009,15,63.97,96.65
193431,Active,293262,NA,NA,S,2,1,239414.2113,66,2003,27,19.95,0
193432,Active,315391,NA,NA,D,0,0,2671166.909,119.2,2004,27,4,41.91
193433,Active,312422,NA,NA,S,3,1,4097809.606,118.33,1999,27,3.16,11.96
193434,Active,421344,NA,NA,D,5,1,1375732.561,126.2,2005,41,4,33.97
193435,Active,286281,NA,NA,D,7,1,167762.0263,172.2,2012,62,5.28,73.87
193436,Active,316550,NA,NA,D,6,1,845563.655,201,2009,50,5.04,42.31
193437,Active,223832,NA,NA,D,1,0,4515299.871,64,2000,19,4.13,30.49
193438,Active,867214,NA,NA,S,5,1,64292.805,75.95,2014,41,22.69,47.04
193439,Active,329973,NA,NA,D,3,1,1685563.25,59.95,2006,43,4,4.84
193440,Active,147613,NA,NA,D,4,1,436875.9288,76.95,2010,54,13.82,35.98
193441,Active,630232,NA,NA,S,2,1,92384.505,88,2005,33,38.17,0
193442,Active,244018,NA,NA,S,5,1,131066.7863,222.95,2012,38,23.12,149.79
193443,Active,251959,NA,NA,D,4,1,978300.6713,229.95,2008,57,4,32.99
193444,Active,224440,NA,NA,D,3,1,1880786.544,252.95,2004,36,4,7.74
193445,Active,1908549,NA,NA,D,1,0,768566.5025,49.99,2008,20,11.31,73.05
193446,Active,1759300,NA,NA,S,2,1,54270.17625,39.99,2013,23,33.98,35.98
193447,Active,50124,NA,NA,D,11,1,37562.15625,293.8,2011,106,13.95,55.99
193448,Active,50123,NA,NA,S,9,1,1288687.294,171.8,2005,47,4,40.07
193449,Active,50125,NA,NA,D,10,1,126801.3088,237,2008,60,8.86,56.95
193450,Active,50122,NA,NA,D,9,1,759863.2225,132,2005,70,4.24,27.44
193451,Active,903131,NA,NA,S,7,1,3058875.379,115,2008,18,5.85,49.64
193452,Active,877794,NA,NA,S,5,1,563412.7438,123.25,1998,63,4,15.99
193453,Active,252613,NA,NA,D,8,1,10584.99375,175.01,2010,91,45.86,113.84
193454,Active,574389,NA,NA,D,7,1,49106.545,58.16,2006,115,10.75,23.99
193455,Active,252662,NA,NA,S,8,1,17392.315,38.99,2010,67,18.04,34.99
193456,Active,2167507,NA,NA,S,4,1,38623.875,20,2014,45,5.81,11.49
193457,Active,640536,NA,NA,S,0,0,560535.7013,58.95,2009,24,32.59,0
193458,Active,308058,NA,NA,S,1,0,88144.42375,75,2006,23,38.38,43.38
193459,Active,2579903,NA,NA,D,1,0,4359341.771,105,1996,13,6.32,52.09
193460,Active,278882,NA,NA,D,2,1,975063.3575,64,2004,45,4.5,23.99
193461,Active,161680,NA,NA,D,2,1,85524.2575,100,2007,47,11.48,56.71
193462,Active,238780,NA,NA,D,0,0,1005938.86,64,2001,66,4,13.74
193463,Active,809181,NA,NA,D,0,0,651048.4275,37.18,2012,22,5.04,23.91
193464,Active,616933,NA,NA,D,0,0,735370.2425,187.5,2011,65,5.36,35.99
193465,Active,631344,NA,NA,D,0,0,350393.465,173.75,2011,32,5.26,53.99
193466,Active,867427,NA,NA,S,4,1,240236.0888,83,2014,23,8.68,64.96
193467,Active,385542,NA,NA,D,2,1,2865058.531,75,2005,22,4.98,26.47
193468,Active,617143,NA,NA,D,3,1,178977.7738,62,2010,28,16.57,85.66
193469,Active,51191,NA,NA,S,8,1,2983272.488,212.95,2000,47,3.98,11.75
193470,Active,431052,NA,NA,D,4,1,579488.86,193.33,2007,30,5.37,48.3
193471,Active,51194,NA,NA,D,11,1,318821.0463,410.95,2009,81,4.77,43.99
193472,Active,632408,NA,NA,S,5,1,623076.5113,171.6,2010,25,16.97,77.31
193473,Active,162764,NA,NA,S,2,1,138897.9225,90,2009,88,37.28,52.46
193474,Active,662363,NA,NA,S,1,0,1040272.494,61.95,2008,26,28.06,37.85
193475,Active,629572,NA,NA,D,1,0,1965257.593,180,1999,32,17.09,55.15
193476,Active,2117116,NA,NA,S,3,1,1310545.296,62.95,2009,28,26.09,48.99
193477,Active,286055,NA,NA,S,1,0,242904.3538,116.6,2006,55,7.69,56.8
193478,Active,3755985,NA,NA,S,2,1,416155.15,48,2015,52,37.87,39.59
193479,Active,555722,NA,NA,D,0,0,322295.9888,67.95,2008,46,5.17,42
193480,Active,632091,NA,NA,D,2,1,41837.56875,83.95,2012,50,14.1,71.68
193481,Active,896922,NA,NA,S,1,0,674952.635,59.99,2010,28,48.61,44.99
193482,Active,1591856,NA,NA,D,1,0,4787865.923,160,2006,26,13.53,79.71
193483,Active,541686,NA,NA,S,1,0,107860.85,60,2008,30,25.92,32.65
193484,Active,647124,NA,NA,S,1,0,45667.325,85,2012,17,29.21,22.97
193485,Active,627059,NA,NA,S,3,1,691953.9525,92.88,2000,48,11.99,0
193486,Active,714644,NA,NA,S,5,1,344674.7075,177.8,1998,43,4.06,27.74
193487,Active,3475074,NA,NA,S,5,1,1236472.75,134.6,1999,31,8.05,69.59
193488,Active,561483,NA,NA,S,3,1,65095.02125,137.2,2012,43,68.36,85.97
193489,Active,54954,NA,NA,D,2,1,625664.5025,108.4,2009,27,6.83,50.19
193490,Active,54955,NA,NA,D,1,0,1401202.906,68.8,2005,46,4.12,31.97
193491,Active,619407,NA,NA,S,2,1,26151.175,98.75,2007,49,42.99,72.76
193492,Active,526734,NA,NA,S,10,1,53167.71,99.99,2011,33,56.3,76.6
193493,Active,174581,NA,NA,D,1,0,450074.9338,106,2000,25,28.49,94.66
193494,Active,634078,NA,NA,S,0,0,1171024.261,65,1998,32,25.86,59.29
193495,Active,2580420,NA,NA,D,2,1,1683154.145,68.73,1975,26,7.47,73.87
193496,Active,2579558,NA,NA,D,0,0,3137245.115,95,1993,15,11.17,179.6
193497,Active,756825,NA,NA,D,1,0,2624579.728,170,1998,20,30.69,53.98
193498,Active,2594943,NA,NA,D,1,0,2558066.608,36.95,1986,30,8.96,26.99
193499,Active,1477999,NA,NA,S,1,0,35216.79875,49.95,2014,36,34.01,38.44
193500,Active,526733,NA,NA,S,2,1,381201.1875,95,2010,33,51.64,55.97
193501,Active,189129,NA,NA,D,0,0,384954.4263,75,2003,38,25.94,51.98
193502,Active,1468350,NA,NA,D,2,1,2406818.135,150,2007,17,33.02,84
193503,Active,152372,NA,NA,S,0,0,2694335.27,59.95,2006,19,31.93,49.5
193504,Active,200483,NA,NA,S,2,1,384742.5338,112.95,2008,46,4.82,37.03
193505,Active,200254,NA,NA,D,2,1,931701.6275,80.95,2007,76,4,9.14
193506,Active,526732,NA,NA,D,3,1,108534.6063,127.95,2010,91,4.62,33.99
193507,Active,284203,NA,NA,D,0,0,1109769.605,65,1998,30,24.93,53.41
193508,Active,640643,NA,NA,D,2,1,525817.99,80.15,1970,28,9.12,38.99
193509,Active,167525,NA,NA,S,3,1,526547.035,230.95,1997,36,46.22,109.99
193510,Active,665925,NA,NA,S,2,1,1275005.729,124,2003,26,41.58,86.98
193511,Active,684681,NA,NA,S,2,1,203035.575,25,2013,21,6.99,9.12
193512,Active,890883,NA,NA,S,0,0,737674.6088,54.99,2014,23,47.97,51.19
193513,Active,526731,NA,NA,S,3,1,537785.0375,44.95,2011,27,32.72,32.53
193514,Active,608288,NA,NA,S,3,1,537491.3338,243.25,2003,52,17.86,43.99
193515,Active,2565184,NA,NA,D,1,0,941472.1013,82.93,1974,27,15.68,73.5
193516,Active,1573250,NA,NA,S,0,0,1719433.313,24.95,2011,26,11.14,12.07
193517,Active,3524372,NA,NA,S,2,1,740906.8,132.95,1987,63,20.49,104.02
193518,Active,754707,NA,NA,S,3,1,1214132.736,72.95,2010,21,46.99,48.75
193519,Active,55077,NA,NA,S,2,1,3342753.143,84.95,1998,38,4,14.78
193520,Active,55078,NA,NA,D,3,1,679629.4188,207.95,2004,100,4,43.91
193521,Active,626393,NA,NA,S,2,1,47776.175,48.5,2006,26,22.98,18
193522,Active,103865,NA,NA,D,1,0,5769651.2,10.44,1999,18,3.99,10.44
193523,Active,526730,NA,NA,S,2,1,654353.1063,48.5,2006,51,7.49,27.5
193524,Active,109440,NA,NA,S,2,1,518456.6975,48.5,2005,30,13.19,44.16
193525,Active,2474801,NA,NA,S,0,0,1167055.454,6.99,2005,49,3.89,10.93
193526,Active,2267068,NA,NA,D,0,0,1197812.545,73.85,2010,37,21.98,61.57
193527,Active,868595,NA,NA,S,2,1,28831.6,90,2014,61,38.93,58.67
193528,Active,634918,NA,NA,D,1,0,97431.3025,78,2011,63,10.38,43.98
193529,Active,2695231,NA,NA,D,0,0,1652123.463,32.5,2004,28,4,19.97
193530,Active,575609,NA,NA,D,2,1,1268688.063,39.95,2008,23,4.66,21.83
193531,Active,613865,NA,NA,D,1,0,238829.655,43.99,2011,64,4.76,43.69
193532,Active,622205,NA,NA,D,2,1,83629.985,161.25,2013,408,4.71,58.84
193533,Active,2485662,NA,NA,S,2,1,650981.1425,79.95,2000,23,38.7,163.62
193534,Active,60803,NA,NA,D,5,1,328614.6925,17.94,2003,38,7.09,33.66
193535,Active,614906,NA,NA,S,1,0,458596.7263,166.99,1975,58,10.18,63.35
193536,Active,1533742,NA,NA,S,2,1,2364286.354,79.95,2008,20,45.56,19.9
193537,Active,864755,NA,NA,S,3,1,58304.755,68.8,2014,49,24.97,49.98
193538,Active,610391,NA,NA,D,7,1,41474.15375,106.2,2012,81,18.99,44.97
193539,Active,53577,NA,NA,D,5,1,369185.6025,68,2006,99,3.99,4.33
193540,Active,53578,NA,NA,D,6,1,135594.845,82.33,2009,171,4,7.18
193541,Active,1516781,NA,NA,S,7,1,885565.1388,98.33,2012,13,26.38,78.97
193542,Active,264243,NA,NA,S,4,1,1025579.178,44.95,2004,31,4,57.66
193543,Active,534659,NA,NA,D,7,1,16095.275,61.95,2013,61,21.99,47.98
193544,Active,57107,NA,NA,D,6,1,151201.5663,59.95,2010,73,4,29.19
193545,Active,57105,NA,NA,S,4,1,1997861.279,43.95,2003,40,4,7.5
193546,Active,1734988,NA,NA,D,1,0,837073.3363,105,2009,26,21.99,38.99
193547,Active,900048,NA,NA,D,1,0,3691824.996,75,2005,13,4.48,675
193548,Active,609233,NA,NA,D,1,0,3796533.903,39.95,2008,20,4.19,4.36
193549,Active,619732,NA,NA,D,1,0,2165328.89,41.95,2010,30,4.35,13.49
193550,Active,576671,NA,NA,S,2,1,943606.1675,94.95,2008,52,6.92,52.98
193551,Active,668078,NA,NA,S,2,1,1014858.428,100.95,2007,36,4.33,32.69
193552,Active,680893,NA,NA,S,5,1,35011.17125,21.95,2011,71,9.58,13.96
193553,Active,910464,NA,NA,D,0,0,2096028.79,28.95,2002,21,4,88.36
193554,Active,255763,NA,NA,D,2,1,542388.2538,43.95,2005,30,4,45.36
193555,Active,2095461,NA,NA,S,6,1,116601.3375,49.95,2014,48,37.17,39.47
193556,Active,255762,NA,NA,D,4,1,979069.755,39.95,2003,32,4.08,54.63
193557,Active,526723,NA,NA,D,5,1,477599.82,47.95,2009,28,18.04,42.99
193558,Active,905239,NA,NA,S,8,1,448602.5825,128,2014,32,23.89,53.94
193559,Active,267152,NA,NA,D,4,1,2970829.968,64,2006,25,4.97,21.19
193560,Active,902648,NA,NA,D,5,1,1752954.133,88,2008,18,18.48,25.99
193561,Active,276257,NA,NA,D,4,1,1149755.6,44.8,2002,25,18.24,103.99
193562,Active,2167491,NA,NA,S,0,0,7397.33125,18.73,2014,10,12.9,14.4
193563,Active,255794,NA,NA,S,2,1,43558.76875,62.95,2007,43,38.95,47.86
193564,Active,3294371,NA,NA,D,1,0,3885891.391,69.94,2001,18,16.42,69.89
193565,Active,610046,NA,NA,S,4,1,177318.2988,49.99,2011,62,23.98,72.37
193566,Active,609216,NA,NA,D,3,1,837972.0413,39.95,2007,50,4,16.82
193567,Active,609172,NA,NA,S,2,1,1275390.349,34.95,2003,36,4,9.49
193568,Active,534044,NA,NA,D,0,0,1067339.264,52,1991,63,4,42.49
193569,Active,534002,NA,NA,D,2,1,524864.6638,71,2003,36,23.67,53.99
193570,Active,582736,NA,NA,D,1,0,2479261.924,82.4,1996,24,4,65.41
193571,Active,296924,NA,NA,S,2,1,819737.0188,71,2003,25,15.91,76.12
193572,Active,789239,NA,NA,S,2,1,826633.9288,40.95,2003,16,14.56,70.47
193573,Active,293833,NA,NA,D,2,1,1382090.834,58.95,2005,37,4,12.46
193574,Active,870260,NA,NA,D,3,1,1755530.689,110.95,2008,30,4,7.84
193575,Active,862255,NA,NA,S,2,1,46400.9925,57.95,2014,25,34.62,34.62
193576,Active,679273,NA,NA,S,1,0,600165.9238,29.99,2010,85,4,13.61
193577,Active,642225,NA,NA,S,1,0,252359.91,39.99,2012,72,4,25.39
193578,Active,537414,NA,NA,D,12,1,294280.675,210.2,2011,46,6,51.87
193579,Active,864810,NA,NA,D,15,1,93092.0475,204.2,2014,67,6.36,142.88
193580,Active,903661,NA,NA,S,1,0,82290.5675,39.99,2013,43,6.29,24.97
193581,Active,617138,NA,NA,S,11,1,1048224.41,192.8,2010,42,6.48,35.92
193582,Active,663597,NA,NA,S,0,0,364487.405,30,2013,84,5.25,18.45
193583,Active,802750,NA,NA,S,0,0,690932.86,49.99,2012,35,4.98,35.58
193584,Active,1437702,NA,NA,S,3,1,268913.1563,25,2014,53,8.67,17.33
193585,Active,802606,NA,NA,S,0,0,1363965.684,49.99,2006,22,4,11.99
193586,Active,205303,NA,NA,S,0,0,308966.9263,49.56,1995,37,13.95,35.83
193587,Active,752249,NA,NA,D,1,0,635336.15,130,2007,31,15.75,53.88
193588,Active,635667,NA,NA,S,2,1,60991.34125,104,2012,64,47.86,74.63
193589,Active,542350,NA,NA,S,1,0,6949.775,39.99,2011,40,21.22,21.22
193590,Active,1781500,NA,NA,S,1,0,178931.8913,29.99,2012,22,13.6,37.98
193591,Active,657929,NA,NA,S,1,0,11674.05,44.99,2013,30,19.22,23.11
193592,Active,908178,NA,NA,D,1,0,1517287.524,74.95,2008,18,41.41,48.99
193593,Active,911887,NA,NA,D,1,0,1216961.53,89.95,2005,23,6.06,42.91
193594,Active,660856,NA,NA,S,1,0,10994.325,39.99,2013,27,23.98,25.9
193595,Active,642224,NA,NA,S,2,1,205032.2963,49.99,2012,56,25.03,33.27
193596,Active,627398,NA,NA,D,1,0,356491.19,59.99,2011,46,28.3,34.5
193597,Active,2095791,NA,NA,S,2,1,6725.96,59.99,2015,25,36.63,37.3
193598,Active,1989628,NA,NA,S,1,0,52146.825,39.99,2015,21,21.91,24.83
193599,Active,2250576,NA,NA,D,5,1,745167.1875,55.96,2007,38,6.36,33.73
193600,Active,545766,NA,NA,D,3,1,61713.0525,92,2012,75,4.14,25.95
193601,Active,55793,NA,NA,D,2,1,1144671.866,74,2008,65,4,7.7
193602,Active,3589938,NA,NA,S,2,1,1271933.45,40.95,2008,45,42.17,46.31
193603,Active,112069,NA,NA,D,17,1,1601424.439,19.89,2009,33,4,8.36
193604,Active,53107,NA,NA,D,9,1,245631.2063,220.95,2011,71,24.99,76.28
193605,Active,764644,NA,NA,S,5,1,2772336.835,85.95,1999,40,4,7.99
193606,Active,612414,NA,NA,D,19,1,292827.2663,39.13,2013,25,23.93,47.78
193607,Active,53106,NA,NA,D,7,1,366337.3425,157.95,2005,97,4,9.17
193608,Active,111983,NA,NA,D,18,1,791659.0175,37.94,2011,32,4,23.95
193609,Active,53108,NA,NA,D,8,1,189419.3725,220.95,2008,47,5.01,53.99
193610,Active,904537,NA,NA,S,2,1,1506970.705,61.95,2014,21,22.14,45.96
193611,Active,169782,NA,NA,D,2,1,1277227.151,156.95,2008,64,4,33.48
193612,Active,860945,NA,NA,S,7,1,1910316.499,110.07,2012,16,20.6,103.99
193613,Active,133320,NA,NA,D,6,1,110068.2513,79.8,2010,44,4,50.07
193614,Active,526717,NA,NA,D,7,1,47388.78125,103.4,2012,60,6.94,33.99
193615,Active,120632,NA,NA,D,5,1,1592668.051,68,2008,52,3.98,7.94
193616,Active,1479911,NA,NA,S,1,0,20427.3525,89.95,2014,69,53.96,74.98
193617,Active,184269,NA,NA,S,0,0,154784.0025,52.95,1997,42,13.98,40.09
193618,Active,688467,NA,NA,S,2,1,354102.665,24.95,2013,33,19.96,21.72
193619,Active,539711,NA,NA,S,2,1,431596.8525,35,1997,53,6.9,25.19
193620,Active,492172,NA,NA,D,8,1,12313.22875,156.95,2012,83,9.58,56.96
193621,Active,51528,NA,NA,S,5,1,2228049.274,74.95,2003,69,4,11.11
193622,Active,2619177,NA,NA,S,2,1,1323252.076,37.95,1994,43,4.2,13.61
193623,Active,51527,NA,NA,D,7,1,125103.035,172.95,2009,88,6.17,42.89
193624,Active,51526,NA,NA,D,6,1,190422.9163,106.95,2006,102,3.99,65.21
193625,Active,545175,NA,NA,D,9,1,4095.425,110.5,2013,70,27.22,57.67
193626,Active,534191,NA,NA,D,8,1,20423.25625,100,2009,96,6.45,42.43
193627,Active,51729,NA,NA,D,7,1,138419.4175,28.98,2006,90,4,31.49
193628,Active,247819,NA,NA,S,2,1,188659.1275,102,2007,57,7.44,44.48
193629,Active,587758,NA,NA,S,2,1,52343.06625,90,2012,45,32.89,43.58
193630,Active,205851,NA,NA,D,2,1,320502.6525,85,2002,48,4,12.04
193631,Active,893149,NA,NA,S,2,1,764773.965,42,2011,26,11.14,35.24
193632,Active,545786,NA,NA,D,6,1,161346.765,94,2012,103,4.63,13.99
193633,Active,248202,NA,NA,D,6,1,250086.9863,93,2011,99,4,27.65
193634,Active,248224,NA,NA,D,5,1,560226.2463,87.95,2010,61,4.05,6.48
193635,Active,592176,NA,NA,D,0,0,147058.1575,64,2012,36,21.97,31.82
193636,Active,129415,NA,NA,S,1,0,59658.175,83.95,2010,39,11.88,21.49
193637,Active,217292,NA,NA,D,3,1,686231.9425,46,2007,41,4,20.87
193638,Active,555765,NA,NA,S,0,0,643909.415,34.95,2010,42,4,15.7
193639,Active,630960,NA,NA,D,0,0,1044854.753,41.95,2007,16,25.99,43.99
193640,Active,2047490,NA,NA,S,3,1,607584.1013,97,2010,32,8.2,17.58
193641,Active,901558,NA,NA,D,4,1,1449663.385,58,1991,17,4.79,37.96
193642,Active,625523,NA,NA,S,5,1,479172.1725,101,1996,31,7.71,85.29
193643,Active,193254,NA,NA,D,0,0,549257.7425,73,2001,29,4,71.77
193644,Active,867672,NA,NA,S,2,1,159432.3913,115,2013,26,47.44,63.99
193645,Active,131529,NA,NA,D,0,0,1163163.851,89,2003,34,4,27.99
193646,Active,132378,NA,NA,D,2,1,369567.12,96.6,2009,57,4,27.06
193647,Active,526713,NA,NA,S,3,1,44355.125,118.8,2012,47,39.99,0
193648,Active,1724580,NA,NA,S,0,0,42218.925,45,2015,20,24.3,28.3
193649,Active,526712,NA,NA,S,3,1,1100648.769,96,2010,23,44.91,63.84
193650,Active,51914,NA,NA,S,9,1,1623260.903,97.8,2003,62,3.85,8.5
193651,Active,533719,NA,NA,D,13,1,10522.60375,190.6,2011,195,5.25,19.98
193652,Active,51916,NA,NA,D,12,1,312422.4875,185.8,2009,103,4.75,27.99
193653,Active,51917,NA,NA,D,12,1,405319.3225,153,2010,107,4,13.33
193654,Active,115609,NA,NA,D,7,1,1255906.191,113.4,2002,78,3.99,7.49
193655,Active,877778,NA,NA,S,6,1,897866.0288,74,1998,43,4,25.87
193656,Active,130900,NA,NA,D,5,1,1031214.21,69,1997,33,4.43,27.99
193657,Active,50349,NA,NA,S,7,1,105356.1775,217.4,2004,57,14.17,72.63
193658,Active,50348,NA,NA,D,6,1,1106718.195,89.2,2000,39,4,17.98
193659,Active,118492,NA,NA,D,8,1,453310.4613,137.2,2007,53,4,15.55
193660,Active,108841,NA,NA,S,1,0,6584.225,140.75,2009,42,43.98,85.23
193661,Active,565001,NA,NA,D,2,1,153850.9038,41.95,1994,84,4,21.53
193662,Active,541380,NA,NA,S,3,1,25427.37125,42.95,2014,35,28.54,38.95
193663,Active,144377,NA,NA,S,3,1,639199.7838,146.6,2002,49,4.17,28.99
193664,Active,550203,NA,NA,S,1,0,93117.225,170.91,2008,44,4.99,65.99
193665,Active,614193,NA,NA,D,3,1,500354.62,67,2003,58,4,9.95
193666,Active,907376,NA,NA,D,3,1,2992842.721,125,2003,28,4.59,49.26
193667,Active,623408,NA,NA,S,4,1,104564.3838,81,2012,58,10.98,19.49
193668,Active,610277,NA,NA,D,3,1,86336.93625,33,2009,34,13.99,31.83
193669,Active,195056,NA,NA,D,2,1,368240.99,30.95,2006,44,8.13,8.14
193670,Active,867244,NA,NA,S,3,1,154624.2375,44.95,2014,63,24.9,33.28
193671,Active,157913,NA,NA,S,1,0,194862.3825,37.95,2001,46,4,12.98
193672,Active,635784,NA,NA,D,2,1,317662.7363,142,1990,25,13.34,75.88
193673,Active,902745,NA,NA,D,2,1,1546700.239,152.95,2005,32,16.98,91.21
193674,Active,863745,NA,NA,S,2,1,487104.1725,55,2009,33,18.49,29.63
193675,Active,55789,NA,NA,D,3,1,795523.08,103.72,2000,29,17.46,87.25
193676,Active,534382,NA,NA,D,2,1,3644022.313,98.55,1989,32,5.94,72.31
193677,Active,639209,NA,NA,D,1,0,883349.8413,82.99,2010,29,15.2,44.98
193678,Active,1936380,NA,NA,S,2,1,123822.125,89.99,2014,18,47.82,46.61
193679,Active,2778963,NA,NA,S,7,1,5336534.395,186,1994,18,5.48,73.98
193680,Active,147300,NA,NA,D,5,1,900003.92,56.95,2006,86,4,14.98
193681,Active,147627,NA,NA,D,6,1,206990.4888,69.95,2010,90,4.63,21.99
193682,Active,620943,NA,NA,S,2,1,108994.6038,126,1995,43,20.22,69.36
193683,Active,644870,NA,NA,D,2,1,1011822.7,135,2003,24,6.03,81.2
193684,Active,157977,NA,NA,S,2,1,205560.1488,41.95,2005,30,27.26,36.67
193685,Active,640481,NA,NA,S,1,0,304344.8313,49.95,1998,38,14.87,38.91
193686,Active,158103,NA,NA,D,0,0,337918.4913,43.95,2005,46,4.49,15.99
193687,Active,859578,NA,NA,S,3,1,966570.4625,221,2007,19,13.22,145.56
193688,Active,270988,NA,NA,S,7,1,74855.83,144.99,2011,42,64.97,72.01
193689,Active,203565,NA,NA,D,6,1,481521.315,125,2005,26,14.99,81.53
193690,Active,2697146,NA,NA,D,2,1,3697056.765,56.95,1995,24,28.99,73.97
193691,Active,196638,NA,NA,D,3,1,1249083.319,137,2001,21,53.99,61.74
193692,Active,609635,NA,NA,D,3,1,132874.6813,97.95,2010,73,10.92,28.99
193693,Active,624693,NA,NA,D,4,1,64083.8625,76.95,2012,38,28.78,48.55
193694,Active,614523,NA,NA,D,3,1,866669.6075,70.95,2008,70,4,32.97
193695,Active,249219,NA,NA,S,4,1,606793.7113,86.95,2008,44,14.18,67.98
193696,Active,619656,NA,NA,D,1,0,929872.4875,66.95,1996,24,5.24,70.33
193697,Active,862258,NA,NA,S,2,1,290796.7688,79.99,2014,23,45.39,49.25
193698,Active,607984,NA,NA,D,4,1,1390521.546,58.95,2004,38,4,7.26
193699,Active,608024,NA,NA,D,5,1,261525.2325,79.95,2008,42,12.74,38.99
193700,Active,663199,NA,NA,S,6,1,59332.3325,82.95,2013,45,38.99,52.35
193701,Active,526706,NA,NA,S,7,1,178868.1988,57.95,2009,46,4.44,28.64
193702,Active,495653,NA,NA,S,3,1,1587288.208,102.51,2009,25,22.55,73.97
193703,Active,3514466,NA,NA,D,1,0,1636683.4,44.95,2011,13,6.74,4.99
193704,Active,649909,NA,NA,D,1,0,456589.5025,89.95,2011,33,9.76,16.2
193705,Active,105828,NA,NA,S,3,1,2028661.603,49.95,2003,28,4,18.99
193706,Active,526705,NA,NA,S,7,1,250638.2313,60,2012,38,10.23,60.61
193707,Active,106161,NA,NA,D,4,1,1478229.299,54.95,2005,45,4,45.71
193708,Active,57888,NA,NA,D,9,1,51721.3875,117.95,2008,155,6.94,32.99
193709,Active,877676,NA,NA,D,9,1,2441202.38,71.69,2008,41,11.34,42.58
193710,Active,57887,NA,NA,D,8,1,990796.6288,89.95,2004,116,4.29,28.79
193711,Active,1900546,NA,NA,S,1,0,304410.825,86.95,2011,14,63.29,78.2
193712,Active,649602,NA,NA,S,4,1,96300.67375,84.99,2013,32,46.52,58.69
193713,Active,526704,NA,NA,D,3,1,357821.3425,82.99,2009,40,13.07,38.99
193714,Active,203710,NA,NA,D,2,1,662669.5275,79.95,2004,36,4.09,24.64
193715,Active,608005,NA,NA,D,8,1,1118082.801,68.95,2005,32,4,12.83
193716,Active,620073,NA,NA,D,7,1,1432908.265,56.95,2000,28,4.24,38.99
193717,Active,330008,NA,NA,S,9,1,118241.3938,86.95,2010,36,20.05,54.48
193718,Active,630171,NA,NA,S,2,1,806204.3463,57.99,2007,26,13.14,15.23
193719,Active,264059,NA,NA,D,2,1,1119940.376,129.95,2004,17,24.98,73.94
193720,Active,3609960,NA,NA,D,0,0,6350497.7,89,1995,22,4.53,72.83
193721,Active,1737283,NA,NA,S,5,1,232361.405,42.95,2008,25,28.47,48.88
193722,Active,3828570,NA,NA,D,1,0,1906354.1,49.99,2011,34,4,26.48
193723,Active,1517383,NA,NA,S,3,1,104933.775,49.99,2014,26,19.38,32.85
193724,Active,909374,NA,NA,D,0,0,1747165.605,53.95,2004,44,4.98,48.49
193725,Active,653182,NA,NA,S,2,1,662750.6713,44.95,2013,35,33.98,29.09
193726,Active,616944,NA,NA,S,3,1,151779.8213,53.32,2009,70,12,35.91
193727,Active,1724415,NA,NA,S,0,0,25209.875,50,2011,30,16.49,32.74
193728,Active,3530136,NA,NA,S,0,0,8386.4,79.95,2016,7,50.55,45.17
193729,Active,176217,NA,NA,S,21,1,417053.19,49.95,2006,40,8.78,60.05
193730,Active,164907,NA,NA,D,3,1,1669763.389,163,2000,16,20.48,67.75
193731,Active,1527530,NA,NA,S,2,1,415107.445,55,2008,31,11.34,32.13
193732,Active,625466,NA,NA,S,2,1,447310.8225,69.95,2002,26,27.97,136.31
193733,Active,2661828,NA,NA,S,2,1,966518.8938,100,1994,28,9.12,78.96
193734,Active,153579,NA,NA,S,8,1,248108.0875,17.95,2003,163,4,8.63
193735,Active,3472555,NA,NA,D,2,1,1889465.85,83,1995,27,6.38,32.84
193736,Active,317234,NA,NA,S,3,1,1868972.065,126.67,1997,18,3,46.74
193737,Active,621461,NA,NA,S,0,0,91252.6825,57.4,2003,43,7.46,46.23
193738,Active,542795,NA,NA,S,2,1,1122967.693,70.44,2009,37,4.52,25.49
193739,Active,623570,NA,NA,S,1,0,311063.1963,59.99,2007,23,43.02,74.67
193740,Active,206063,NA,NA,D,2,1,174324.3963,63,2006,35,9.98,29.99
193741,Active,828578,NA,NA,D,1,0,2437506.078,48,2000,41,4,9.99
193742,Active,906561,NA,NA,S,3,1,133974.83,20.46,1988,43,16.93,68.99
193743,Active,236839,NA,NA,S,6,1,493.88125,48,2000,213,28.34,40.99
193744,Active,192461,NA,NA,D,2,1,561587.4825,75.95,2006,13,9.29,0
193745,Active,609770,NA,NA,D,2,1,416481.1775,39.95,2005,42,4.15,10.03
193746,Active,641665,NA,NA,S,2,1,1236727.95,42.95,2006,21,5.42,40.99
193747,Active,613909,NA,NA,D,2,1,491693.6013,39.95,2006,90,4,8.48
193748,Active,618955,NA,NA,S,3,1,19048.10125,42.95,2010,53,15.26,25.91
193749,Active,526690,NA,NA,S,3,1,99374.05,42.95,2010,28,16.98,31.07
193750,Active,526689,NA,NA,S,3,1,93029.835,42.95,2010,28,12.99,25.92
193751,Active,57108,NA,NA,D,3,1,481371.4975,49.95,2009,119,4.24,15.98
193752,Active,608017,NA,NA,D,2,1,1142154.691,44.95,2007,127,3.98,13.99
193753,Active,540976,NA,NA,S,4,1,6960.77125,55.95,2013,60,20.77,31.63
193754,Active,57109,NA,NA,D,3,1,136186.5363,46.95,2011,113,6.43,18.26
193755,Active,622654,NA,NA,S,3,1,113570.07,42.95,2010,35,24.98,31.31
193756,Active,770549,NA,NA,S,5,1,1713079.114,250.95,2002,55,4,28.43
193757,Active,1932578,NA,NA,S,1,0,70591.675,39.99,2014,25,21.09,24.23
193758,Active,1780910,NA,NA,S,3,1,62919.6675,19.99,2014,23,10.95,12.45
193759,Active,621579,NA,NA,S,2,1,368621.0713,91.2,2013,82,16.32,59.28
193760,Active,247964,NA,NA,S,2,1,126422.9838,93,2009,60,23.4,68.98
193761,Active,3842968,NA,NA,D,3,1,3561824.25,49.95,1998,41,4,8.99
193762,Active,637455,NA,NA,D,0,0,441067.45,49.95,1994,63,25.87,29.47
193763,Active,290204,NA,NA,S,3,1,1288775.776,75,2009,49,30.08,21.06
193764,Active,608007,NA,NA,D,7,1,700137.0538,76.95,2007,88,4,13.46
193765,Active,616371,NA,NA,D,8,1,109204.5563,89.95,2011,70,7.8,33.46
193766,Active,534373,NA,NA,S,5,1,1068874.94,86.95,1992,46,4,26.28
193767,Active,56726,NA,NA,D,6,1,265612.7563,86.88,1999,101,4.38,44.28
193768,Active,56724,NA,NA,D,7,1,142834.495,36.98,2004,95,8.89,48.99
193769,Active,628832,NA,NA,S,0,0,169088.5563,104.95,2007,34,41.65,77.98
193770,Active,3234659,NA,NA,D,4,1,2116452.188,27.67,2005,36,5.58,29.03
193771,Active,607759,NA,NA,D,5,1,464129.7063,130,2009,62,4,45.4
193772,Active,607718,NA,NA,D,4,1,1854989.846,90.8,2006,53,4,4
193773,Active,1590314,NA,NA,S,2,1,863309.1225,49.99,2011,28,22.64,30.64
193774,Active,132071,NA,NA,D,9,1,636822.9225,89.33,2005,33,4,9.99
193775,Active,132511,NA,NA,D,10,1,128292.13,108.6,2008,42,4.29,44.25
193776,Active,245209,NA,NA,D,3,1,2119176.97,107.95,2005,30,4,18.99
193777,Active,60807,NA,NA,D,3,1,1393032.488,153.95,2003,55,4,13.99
193778,Active,624829,NA,NA,S,4,1,191128.7063,59.95,2003,31,13.27,53.09
193779,Active,121248,NA,NA,S,3,1,935979.2213,49.99,2009,32,6.49,30.47
193780,Active,55776,NA,NA,D,9,1,770658.4325,15.99,2009,102,4,13.98
193781,Active,533394,NA,NA,D,10,1,121700.4563,139,2011,97,4.89,23.99
193782,Active,55777,NA,NA,D,8,1,1484225.675,4,2006,79,3.99,8.99
193783,Active,3485428,NA,NA,D,1,0,2761439.9,101.33,2009,17,4.78,19.2
193784,Active,614768,NA,NA,D,2,1,106641.6525,121.4,2012,48,5.48,86.32
193785,Active,557419,NA,NA,D,1,0,314610.1563,101.33,2009,66,4,15.88
193786,Active,872073,NA,NA,S,2,1,2349644.903,82,2012,22,20.15,81.95
193787,Active,1946409,NA,NA,S,1,0,11638.225,106.25,2014,93,25.04,41.99
193788,Active,673072,NA,NA,S,7,1,4975.6125,18,2013,85,6.47,7.95
193789,Active,540013,NA,NA,S,2,1,138283.52,73.6,2012,32,16.99,56.67
193790,Active,349539,NA,NA,D,3,1,2304962.721,13.88,2003,25,4.39,13.98
193791,Active,714431,NA,NA,D,2,1,5149858.665,80,2001,30,4.33,6.94
193792,Active,116069,NA,NA,D,3,1,249257.4375,112.6,2005,30,4,39.48
193793,Active,572280,NA,NA,D,3,1,2755119.884,115.95,2007,37,4,8.48
193794,Active,618598,NA,NA,S,2,1,277668.2013,34.99,2007,34,17.99,0
193795,Active,631667,NA,NA,S,0,0,29108.6,49.99,2008,21,28.92,30.74
193796,Active,1520323,NA,NA,S,4,1,138357.575,63.97,2007,50,5.62,25.84
193797,Active,1521198,NA,NA,S,0,0,113671.025,68.75,2012,21,17.86,34.49
193798,Active,2040758,NA,NA,S,2,1,145375.2,51.48,2008,38,4.34,41.99
193799,Active,877830,NA,NA,S,6,1,765074.7638,97.33,2014,24,60.56,91.13
193800,Active,144526,NA,NA,S,2,1,6811036.516,67.6,2004,34,4,12.99
193801,Active,57692,NA,NA,D,5,1,556889.3638,110.4,2011,118,4,15.93
193802,Active,57694,NA,NA,D,4,1,1180668.171,86.6,2009,108,3.69,21.29
193803,Active,533336,NA,NA,D,5,1,206089.3988,124,2011,92,4.29,28.98
193804,Active,56915,NA,NA,D,4,1,791983.6375,78.27,2009,91,4,56.93
193805,Active,56914,NA,NA,D,3,1,1034816.729,12.4,2006,56,4,12.4
193806,Active,542820,NA,NA,S,4,1,634648.585,38.8,2011,28,6.09,49.93
193807,Active,56401,NA,NA,S,8,1,31575.76375,173.6,2011,56,19.94,72.13
193808,Active,56404,NA,NA,D,6,1,1401333.284,126.67,2005,75,3.92,12.79
193809,Active,56406,NA,NA,D,7,1,307608.6925,142,2008,111,4.2,11.99
193810,Active,550346,NA,NA,D,8,1,2500270.106,7.84,2006,24,4,28.99
193811,Active,199201,NA,NA,D,2,1,1086314.25,55.95,2004,57,4,9.24
193812,Active,248096,NA,NA,S,3,1,30722.46375,83,2009,50,49,61.48
193813,Active,297914,NA,NA,S,4,1,620908.5838,82,2011,30,7.18,68.33
193814,Active,526683,NA,NA,S,4,1,404678.1725,87.2,2011,28,4,27.99
193815,Active,183108,NA,NA,S,3,1,346851.3775,86.36,2004,49,4.01,10.36
193816,Active,292182,NA,NA,S,3,1,179211.7088,194.95,2004,65,4.76,35.92
193817,Active,770378,NA,NA,S,2,1,2010368.664,117.95,2001,52,4,8.99
193818,Active,2772419,NA,NA,D,4,1,3253493.598,95.8,1999,27,4,6.91
193819,Active,874126,NA,NA,D,3,1,5523556.235,84,1995,22,4,22.78
193820,Active,132898,NA,NA,S,4,1,101997.5913,127,2009,41,21.99,57.98
193821,Active,120890,NA,NA,D,3,1,50771.4525,51.99,2009,53,8.04,31.96
193822,Active,55771,NA,NA,S,4,1,1023050.613,44.06,2002,39,4,8.99
193823,Active,55772,NA,NA,S,5,1,157070.61,88.25,2005,29,8.99,66.96
193824,Active,114404,NA,NA,S,5,1,123007.9288,141.4,2001,40,5.48,48.48
193825,Active,876744,NA,NA,D,5,1,3784831.488,78,1999,23,4.23,33.92
193826,Active,862260,NA,NA,S,3,1,287911.5013,36,2014,24,19.12,24.79
193827,Active,919142,NA,NA,S,0,0,122617.62,46.6,2001,91,4.08,11.98
193828,Active,614947,NA,NA,S,0,0,72182.98375,61.97,2007,138,4.96,28.74
193829,Active,560083,NA,NA,S,1,0,16261.7,84.25,2013,25,57.49,66.02
193830,Active,526679,NA,NA,S,2,1,1103110.963,38,2008,34,6.88,36.21
193831,Active,2167500,NA,NA,S,4,1,81346.7,44.99,2014,19,17.24,27.84
193832,Active,560110,NA,NA,S,8,1,1438715.231,55.59,2010,44,4,41.19
193833,Active,623784,NA,NA,S,10,1,10294.70375,75,2013,98,21.02,42.99
193834,Active,54488,NA,NA,D,7,1,1082966.72,7.9,2005,111,4,7.74
193835,Active,52285,NA,NA,D,6,1,1349950.193,80.2,2006,78,4,11.95
193836,Active,52283,NA,NA,D,7,1,408202.155,78.67,2009,94,4,15.59
193837,Active,132237,NA,NA,D,5,1,245587.9175,112.8,2006,31,4,42.83
193838,Active,592934,NA,NA,D,1,0,131279.5238,51.95,2009,65,5.52,20.98
193839,Active,592933,NA,NA,D,1,0,474630.255,51.95,2008,89,4,0
193840,Active,1873549,NA,NA,D,1,0,2327219.186,47.95,2008,8,7.49,7.54
193841,Active,3711276,NA,NA,S,2,1,65126.025,51.95,2014,33,21.13,31.79
193842,Active,2660451,NA,NA,D,4,1,8621083.05,56,1996,14,4,73.39
193843,Active,288509,NA,NA,S,5,1,260745.7213,169.8,2000,22,33.41,0
193844,Active,52075,NA,NA,D,11,1,988661.3838,85.95,2010,83,4,11.48
193845,Active,544324,NA,NA,D,12,1,82321.0125,78.95,2013,85,4,35.99
193846,Active,243807,NA,NA,D,4,1,226539.07,49.95,2010,37,7.97,0
193847,Active,543735,NA,NA,S,4,1,312159.07,50.95,2010,62,7.99,23.99
193848,Active,154911,NA,NA,S,4,1,133165.8788,68.76,2005,29,33.99,0
193849,Active,770565,NA,NA,S,0,0,91461.275,87.5,2004,67,6.24,10.38
193850,Active,2590120,NA,NA,D,0,0,962825.6225,31.99,1978,56,5.04,43.99
193851,Active,569077,NA,NA,S,2,1,97982.0275,39.99,2007,35,25.96,27.93
193852,Active,542163,NA,NA,S,2,1,99755.92375,44.99,2007,36,21.94,36.33
193853,Active,912045,NA,NA,D,0,0,1910781.099,47.95,1996,35,6.14,30.96
193854,Active,541316,NA,NA,S,2,1,153197.27,51.95,2006,27,24.54,40.18
193855,Active,859744,NA,NA,S,1,0,188610.5488,50.75,2008,31,30.19,35.35
193856,Active,867762,NA,NA,S,4,1,154882.8313,46,2014,21,24.74,24.21
193857,Active,131292,NA,NA,D,4,1,248777.8138,88,2000,39,4.22,38.98
193858,Active,115809,NA,NA,S,5,1,365440.0975,75.6,2007,61,6.23,33.98
193859,Active,183448,NA,NA,D,2,1,3344811.356,82.95,2006,24,4.14,45.71
193860,Active,179194,NA,NA,D,3,1,1515096.431,76.95,2010,35,4,10.99
193861,Active,536614,NA,NA,S,1,0,16362.5,49.95,2012,23,36.09,47.45
193862,Active,198471,NA,NA,S,1,0,396208.5488,156.95,2004,54,4,33.99
193863,Active,268753,NA,NA,S,0,0,649948.1263,30,2005,49,4,9.89
193864,Active,536471,NA,NA,D,5,1,75378.4675,122.2,2012,103,5.84,69.66
193865,Active,133204,NA,NA,D,4,1,646294.8775,93.67,2010,156,4,27.18
193866,Active,572105,NA,NA,S,2,1,1147419.78,47.95,2006,41,4,32.98
193867,Active,2405948,NA,NA,S,0,0,598723.7813,47.95,1990,51,4.01,16.99
193868,Active,3504893,NA,NA,S,0,0,2451.6,38.75,2015,9,33.25,30.49
193869,Active,132718,NA,NA,S,1,0,1049835.701,129,2010,52,4.01,18.79
193870,Active,560761,NA,NA,S,2,1,618090.6375,120.4,2002,38,4.95,58.49
193871,Active,251955,NA,NA,S,2,1,503469.295,145.95,2009,44,6.42,0
193872,Active,575880,NA,NA,S,2,1,132344.175,73.5,2007,47,4.77,40.98
193873,Active,618962,NA,NA,S,4,1,69213.26125,53.32,2009,34,13.98,0
193874,Active,526674,NA,NA,D,6,1,200899.2063,150.2,2009,29,5.25,19.38
193875,Active,647508,NA,NA,D,6,1,1818774.11,163.53,2009,23,8.99,11.81
193876,Active,60809,NA,NA,D,5,1,1172917.143,119.6,2005,39,4,4.99
193877,Active,131430,NA,NA,S,4,1,2495809.769,96.4,2001,33,4,7.24
193878,Active,148847,NA,NA,S,3,1,226625.405,50,2002,74,4.38,35.13
193879,Active,534061,NA,NA,S,2,1,3308591.489,39.5,1994,42,4,10.15
193880,Active,133100,NA,NA,D,3,1,482379.2513,42.67,2010,40,4,44.98
193881,Active,145472,NA,NA,D,2,1,595989.1813,40.6,2006,46,4,23.99
193882,Active,117397,NA,NA,D,6,1,3058612.156,66,2003,23,4,16.98
193883,Active,118393,NA,NA,S,7,1,665307.3138,126.2,2006,41,4,43.48
193884,Active,710666,NA,NA,D,5,1,5132501.818,56,2000,22,4.04,10.98
193885,Active,910193,NA,NA,S,9,1,716296.0963,80.2,2005,30,4.6,45.65
193886,Active,131516,NA,NA,D,1,0,1395913.318,49.6,2002,31,4,4.89
193887,Active,132219,NA,NA,D,2,1,716412.6625,59.6,2006,43,4,18.95
193888,Active,872197,NA,NA,D,5,1,234426.4013,119.97,2007,42,8.8,55.52
193889,Active,132289,NA,NA,D,5,1,371824.3338,135.8,2007,35,4.4,38.98
193890,Active,607699,NA,NA,D,4,1,1251747.274,101.6,2003,52,4,10.97
193891,Active,919161,NA,NA,S,6,1,762243.2913,196.8,2004,48,4.98,39.98
193892,Active,544946,NA,NA,S,2,1,248912.8288,41.95,2009,24,28.99,37.51
193893,Active,2488745,NA,NA,S,0,0,658730.9988,43.97,2005,59,4.14,16.46
193894,Active,917188,NA,NA,S,0,0,590148.5988,6.98,2005,51,4,5.64
193895,Active,1520671,NA,NA,S,0,0,208228.2825,45.25,2009,28,8.37,14.03
193896,Active,2488746,NA,NA,S,0,0,376048.7525,63.97,2005,61,4.48,18.99
193897,Active,770470,NA,NA,S,0,0,122015.4425,62.25,2004,68,4.13,15.85
193898,Active,922194,NA,NA,S,0,0,277980.6975,87.5,2004,75,5.48,15.43
193899,Active,919922,NA,NA,S,0,0,644989.4963,57.5,2006,64,4,13.98
193900,Active,920306,NA,NA,S,0,0,523109.1088,57.5,2008,60,4,13.89
193901,Active,768474,NA,NA,S,0,0,874471.1113,79.6,2000,96,3.99,9.14
193902,Active,206083,NA,NA,S,5,1,135229.3025,29.95,2006,81,10.04,18.99
193903,Active,56826,NA,NA,S,4,1,124546.1625,23.76,2008,216,4,8.52
193904,Active,560061,NA,NA,S,5,1,15225.54125,38.25,2012,121,11.99,18.99
193905,Active,56825,NA,NA,S,3,1,830952.9575,4.2,2004,94,4,4.24
193906,Active,141991,NA,NA,S,5,1,11965.4875,38.25,2012,75,8.99,28.65
193907,Active,56840,NA,NA,S,4,1,235008.2413,10.4,2008,166,4,9.01
193908,Active,906994,NA,NA,S,2,1,654138.0813,48.95,2013,24,13.34,40.26
193909,Active,57884,NA,NA,D,3,1,515039.4738,220.95,2003,33,4,23.83
193910,Active,56975,NA,NA,D,2,1,55919.07125,197.28,2010,105,4.77,38.99
193911,Active,56974,NA,NA,D,1,0,606899.5963,18.98,2006,63,4.76,11.98
193912,Active,876048,NA,NA,D,7,1,221929.4975,15.26,2008,55,7.83,9.44
193913,Active,169791,NA,NA,D,7,1,342929.9075,243.95,2008,55,4.18,7.27
193914,Active,905405,NA,NA,D,3,1,1092124.135,18.63,2009,42,5.58,17.7
193915,Active,211002,NA,NA,D,3,1,597770.7563,46.95,2009,90,4,13.52
193916,Active,578970,NA,NA,S,4,1,210963.4625,47.95,2013,47,18.92,43.99
193917,Active,1539494,NA,NA,S,1,0,577086.7975,47.95,2011,20,27.14,34.86
193918,Active,687321,NA,NA,S,2,1,11374.79,25,2012,41,23.71,23.75
193919,Active,539158,NA,NA,S,6,1,1174676.364,151.6,2004,27,3.98,98.15
193920,Active,2301858,NA,NA,S,0,0,69500.675,55.52,2014,9,16.99,18.99
193921,Active,1426052,NA,NA,S,0,0,67897.825,53.23,2014,10,39.3,43.49
193922,Active,58534,NA,NA,D,5,1,53580.4125,104.8,2008,90,18.94,55.55
193923,Active,911027,NA,NA,D,1,0,1619677.973,99,2003,25,8.01,30.38
193924,Active,594431,NA,NA,S,2,1,141456.1225,74.95,2011,30,34.05,55.56
193925,Active,252574,NA,NA,D,10,1,796750.0688,9.98,2007,72,4,18.99
193926,Active,252680,NA,NA,S,11,1,115935.4138,68.25,2011,48,21.99,28.99
193927,Active,198082,NA,NA,D,1,0,1570554.524,53.15,2011,11,8.22,119.76
193928,Active,872260,NA,NA,D,2,1,616560.7525,69.95,2006,22,4,13.43
193929,Active,254411,NA,NA,D,3,1,355658.0425,68.95,2010,46,5.16,33.99
193930,Active,639723,NA,NA,S,4,1,103968.2513,74.95,2013,44,28.99,49.68
193931,Active,1574761,NA,NA,S,7,1,509945.43,70.95,2009,37,15.98,53.09
193932,Active,610389,NA,NA,S,3,1,1966.45,62.95,2013,67,38.96,51.78
193933,Active,55770,NA,NA,D,2,1,36667.05625,57.95,2010,77,6.57,28.28
193934,Active,55769,NA,NA,D,1,0,95581.6525,45.95,2000,178,4,44.99
193935,Active,612866,NA,NA,D,5,1,1026807.126,4.18,2005,118,3.99,4.13
193936,Active,526670,NA,NA,D,7,1,19420.01125,23.93,2011,103,4.39,13.99
193937,Active,439832,NA,NA,D,6,1,133703.99,33.99,2008,140,4,23.98
193938,Active,55661,NA,NA,S,11,1,188337.6425,107.95,2003,73,4,26.65
193939,Active,55663,NA,NA,D,13,1,199209.92,103.95,2009,83,4,19
193940,Active,244231,NA,NA,D,14,1,53566.1925,123.95,2012,86,4.61,47.46
193941,Active,157272,NA,NA,S,2,1,336925.3263,57.95,2004,33,13.99,35.49
193942,Active,291597,NA,NA,S,3,1,239048.9788,121.95,2001,43,12.4,0
193943,Active,177364,NA,NA,S,3,1,203205.9988,163.95,2000,35,4,5.01
193944,Active,919000,NA,NA,S,9,1,334325.5375,63.43,2013,29,32.09,64.6
193945,Active,197848,NA,NA,S,1,0,615996.5575,94.8,2012,34,7.51,65.81
193946,Active,875330,NA,NA,S,0,0,2609838.966,29.95,1995,40,4,22.49
193947,Active,2654787,NA,NA,D,5,1,1888822.739,45.56,1996,31,4.32,10.89
193948,Active,182582,NA,NA,D,6,1,141896.2013,165.95,2001,43,4.15,50.02
193949,Active,197676,NA,NA,S,2,1,1543160.575,84.32,2007,32,4,78.78
193950,Active,724944,NA,NA,S,2,1,2709340.693,75,2011,25,4,59.82
193951,Active,177487,NA,NA,D,2,1,650458.1775,162.95,2000,58,4,28.49
193952,Active,526669,NA,NA,S,2,1,147886.4925,101.95,2009,57,16.83,47.99
193953,Active,137189,NA,NA,S,4,1,462612.4663,71,2005,33,41.49,0
193954,Active,132272,NA,NA,S,5,1,1546829.353,70.4,2007,38,4,86.82
193955,Active,132013,NA,NA,S,4,1,1827781.026,76.4,2005,33,4,68.98
193956,Active,132916,NA,NA,S,6,1,114935.0263,112,2009,98,7.46,56.38
193957,Active,622750,NA,NA,D,0,0,335917.405,42.95,2007,55,4,10.99
193958,Active,202524,NA,NA,S,2,1,174270.7688,68.6,2001,33,16.12,0
193959,Active,917254,NA,NA,D,0,0,1183251.1,49.95,2000,31,5.76,40.94
193960,Active,157549,NA,NA,S,2,1,361458.8725,49.95,2010,26,31.74,36.21
193961,Active,312757,NA,NA,D,3,1,10438543.71,45,2000,19,4,7.98
193962,Active,118568,NA,NA,D,5,1,2323929.941,63.8,2007,26,4,15.99
193963,Active,312831,NA,NA,S,2,1,605589.9375,121,2000,35,4.98,49.89
193964,Active,254420,NA,NA,D,4,1,213863.0888,68.95,2010,39,8.13,61.74
193965,Active,254869,NA,NA,D,3,1,404914.1338,56.95,2003,56,4,19.99
193966,Active,1957027,NA,NA,D,1,0,1401493.646,62.95,2012,18,5.33,115.82
193967,Active,132008,NA,NA,D,6,1,2516629.443,82.8,2005,41,4,12.08
193968,Active,132581,NA,NA,D,7,1,836503.7925,68.2,2008,46,4,47.55
193969,Active,526666,NA,NA,S,3,1,355846.7563,132.95,2007,50,7,29.44
193970,Active,625351,NA,NA,D,5,1,338581.4825,57.97,2007,45,4.97,23.82
193971,Active,112047,NA,NA,D,6,1,282376.8038,37.9,2010,35,12.45,51.62
193972,Active,108076,NA,NA,D,4,1,911161.2575,41.99,2003,47,4,13.98
193973,Active,610261,NA,NA,S,6,1,452820.4625,203.8,2002,46,9.99,61.49
193974,Active,117981,NA,NA,D,4,1,813467.7375,98,2005,33,10.73,64.49
193975,Active,607149,NA,NA,D,3,1,2676910.963,76.4,2000,24,4.01,15.98
193976,Active,246550,NA,NA,S,1,0,272845.5775,66.95,2008,22,43.14,42.94
193977,Active,195184,NA,NA,S,2,1,554682.7925,76,2009,34,26.9,50.98
193978,Active,526665,NA,NA,S,4,1,594016.5575,230,2002,59,4.81,57.85
193979,Active,606867,NA,NA,S,5,1,224050.36,42.25,2003,56,4,13.85
193980,Active,550831,NA,NA,D,7,1,538281.97,69.5,2010,95,4,20.96
193981,Active,109495,NA,NA,D,6,1,310087.92,7.03,2007,77,4,4.26
193982,Active,587547,NA,NA,S,6,1,62121.4,202.99,2012,20,5.98,201.99
193983,Active,254441,NA,NA,S,3,1,165464.17,64.95,2011,38,33.99,36.37
193984,Active,288624,NA,NA,D,1,0,389137.9438,60.2,2009,45,7.7,0
193985,Active,127519,NA,NA,S,2,1,222243.6,95.95,2009,39,4.99,56.39
193986,Active,2675865,NA,NA,D,3,1,3862693.29,35.5,1996,30,4,23.94
193987,Active,593532,NA,NA,S,5,1,149812.8688,602.99,2008,46,8.22,57.83
193988,Active,301039,NA,NA,D,2,1,1023735.523,66.25,2006,28,7.36,61.49
193989,Active,145423,NA,NA,D,2,1,554455.0125,44.67,2006,43,4,11.72
193990,Active,133059,NA,NA,S,3,1,63351.61125,76.2,2009,64,21.92,37.19
193991,Active,2477058,NA,NA,D,1,0,2814206.678,40,2004,29,4,11.98
193992,Active,538634,NA,NA,S,8,1,48536.095,96,2013,41,36.52,72.12
193993,Active,550830,NA,NA,D,7,1,117429.1825,23.44,2010,110,4,15.2
193994,Active,247719,NA,NA,D,2,1,788297.4688,54.95,2006,24,4.95,15.84
193995,Active,621147,NA,NA,S,1,0,31310.35,45,2008,45,22.13,26.79
193996,Active,539626,NA,NA,S,0,0,41300.1975,32.4,2010,21,24.79,0
193997,Active,109431,NA,NA,S,2,1,167878.945,104,2006,58,4,45.09
193998,Active,623465,NA,NA,S,4,1,55604.77625,51.99,2010,40,8.51,0
193999,Active,635025,NA,NA,S,3,1,48368.955,51.99,2010,42,16.67,26
194000,Active,868090,NA,NA,D,2,1,1547925.969,34,2005,35,4,15.99
194001,Active,711968,NA,NA,D,3,1,1017985.136,35.73,2002,42,3.93,0
194002,Active,619350,NA,NA,S,3,1,123492.1288,51.99,2010,57,17.93,28.94
194003,Active,551688,NA,NA,D,3,1,581895.52,154.4,2000,110,4,23.96
194004,Active,1679811,NA,NA,S,0,0,480184.98,30.95,2010,70,4,13.98
194005,Active,536058,NA,NA,D,0,0,1832.36375,30.95,2011,135,5.39,39.9
194006,Active,890559,NA,NA,D,0,0,142426.07,20.34,2011,14,17.77,17.87
194007,Active,868318,NA,NA,D,1,0,497594.5738,99.95,1984,14,38.43,110.75
194008,Active,606677,NA,NA,D,3,1,172321.7713,93.33,1988,33,26.84,41.99
194009,Active,167346,NA,NA,D,1,0,2457431.97,149,2006,21,43.89,78.94
194010,Active,632360,NA,NA,S,2,1,445873.7488,116.6,2001,43,24.8,110.27
194011,Active,560081,NA,NA,D,2,1,513817.2738,23.46,2011,45,4.99,10
194012,Active,57880,NA,NA,D,1,0,465172.5288,12.98,2008,120,3.5,5.29
194013,Active,57881,NA,NA,D,2,1,41097.215,44.05,2011,144,3.84,23.88
194014,Active,540420,NA,NA,D,3,1,1793294.183,41.98,2008,25,4.12,23.98
194015,Active,53817,NA,NA,S,2,1,1519839.314,13.97,2005,66,4,12.22
194016,Active,142130,NA,NA,D,4,1,45932.85875,27.97,2011,100,4.92,47.21
194017,Active,53818,NA,NA,D,3,1,706062.0613,10.98,2009,101,4,9.98
194018,Active,163095,NA,NA,S,2,1,68349.275,39.95,2010,23,25.35,24.59
194019,Active,660980,NA,NA,D,3,1,547329.74,138.95,2012,46,15.98,18.99
194020,Active,3829664,NA,NA,D,6,1,1836513.2,0,2011,13,4.15,18.85
194021,Active,1737666,NA,NA,S,4,1,856004.455,69.5,2012,42,4,5.05
194022,Active,294521,NA,NA,D,6,1,1793066.08,48.84,2003,48,3.99,9.54
194023,Active,387454,NA,NA,D,7,1,575587.5788,49.33,2008,41,5.27,12.99
194024,Active,744470,NA,NA,D,9,1,4316036.521,48.95,2002,17,4,23.97
194025,Active,288909,NA,NA,D,10,1,2801889.218,81.95,2005,33,4.21,8.19
194026,Active,229759,NA,NA,D,4,1,34137.5325,99.95,2007,49,37.8,60.86
194027,Active,229751,NA,NA,D,3,1,140165.1688,93.95,2000,75,4.39,14.04
194028,Active,913836,NA,NA,D,1,0,762906.3925,180,1991,31,6.07,63.17
194029,Active,109548,NA,NA,S,12,1,600624.6763,96.7,2004,22,21.65,78.99
194030,Active,607070,NA,NA,D,11,1,311023.395,110.31,2001,55,4,33.98
194031,Active,61126,NA,NA,D,13,1,336723.185,232.48,2006,56,17.41,53.99
194032,Active,744468,NA,NA,D,4,1,2297672.896,116.95,2002,21,6.67,12.98
194033,Active,744463,NA,NA,S,8,1,2065109.391,64.95,2000,37,4,13.94
194034,Active,639291,NA,NA,S,6,1,369030.9188,43,2008,23,26.43,36.6
194035,Active,2472621,NA,NA,D,4,1,1852565.543,54,2001,15,6.48,15.06
194036,Active,148750,NA,NA,D,6,1,198005.3663,181.95,2009,39,36.14,103.19
194037,Active,608993,NA,NA,S,6,1,2078831.94,39.99,2005,30,4.13,5.72
194038,Active,3574598,NA,NA,D,3,1,2869249.8,86.95,1998,27,4.13,52.47
194039,Active,147901,NA,NA,D,6,1,2908676.698,81.95,2002,38,4,6.19
194040,Active,148749,NA,NA,S,7,1,309063.93,88.95,2010,41,23.39,43.98
194041,Active,250393,NA,NA,S,6,1,1314959.743,87.3,2005,31,4.12,39.8
194042,Active,60811,NA,NA,D,6,1,2415891.321,205.95,2005,27,4,54.11
194043,Active,917016,NA,NA,S,5,1,1706055.251,87.3,2003,27,4.13,27.99
194044,Active,148211,NA,NA,S,7,1,2463889.71,233.95,2004,30,4,43.77
194045,Active,254084,NA,NA,D,9,1,488117.6113,362.95,2010,38,63.52,353.99
194046,Active,148707,NA,NA,D,7,1,861662.9038,328.95,2008,33,5.95,39.4
194047,Active,608088,NA,NA,D,8,1,952923.7375,353.95,2007,48,5.43,28.91
194048,Active,229754,NA,NA,D,1,0,217809.3063,93.95,2001,31,6.17,11.01
194049,Active,104984,NA,NA,D,2,1,718252.6063,237.68,2008,20,12.09,73.21
194050,Active,710476,NA,NA,D,6,1,4361034.268,32.8,1999,16,4,15.96
194051,Active,207734,NA,NA,D,7,1,1202436.64,86.01,2002,35,4,41.32
194052,Active,251809,NA,NA,D,9,1,548712.9525,90.31,2008,40,16.94,73.98
194053,Active,561816,NA,NA,D,9,1,3029413.559,70.95,2002,29,3.99,21.95
194054,Active,54953,NA,NA,D,3,1,81421.395,94.06,2009,69,23.42,85.31
194055,Active,61237,NA,NA,D,8,1,762328.4175,86.01,2005,29,4.53,11.99
194056,Active,437006,NA,NA,D,11,1,62498.3725,137.95,2009,38,24.99,72.86
194057,Active,614100,NA,NA,D,10,1,413517.355,137.95,2005,59,4.98,18.69
194058,Active,54951,NA,NA,D,1,0,844895.0963,37.63,2004,28,5.82,36.98
194059,Active,54952,NA,NA,D,2,1,388801.0538,43.99,2006,68,4.32,8.99
194060,Active,193474,NA,NA,S,4,1,1292941.081,43.95,2006,26,4.47,12.64
194061,Active,270002,NA,NA,D,5,1,645920.12,213,2009,63,6.44,91.21
194062,Active,363540,NA,NA,D,3,1,657982.785,142,2007,52,6.94,26.59
194063,Active,288413,NA,NA,S,7,1,1172622.644,170.25,2006,25,6.44,28.98
194064,Active,143265,NA,NA,S,8,1,544603.5713,225,2009,75,5.39,105.97
194065,Active,903361,NA,NA,D,0,0,4321417.911,85,2005,13,4.17,85
194066,Active,1728746,NA,NA,S,14,1,535793.2938,39.95,2014,25,23.27,20.99
194067,Active,639191,NA,NA,D,0,0,490816.03,69.95,2010,28,21.42,37.29
194068,Active,1450153,NA,NA,D,2,1,1291933.076,69,2012,14,4.13,24.98
194069,Active,1459045,NA,NA,S,2,1,1734295.734,83.2,2011,10,14.67,53.99
194070,Active,290379,NA,NA,D,1,0,801431.48,80,2002,22,4,43.98
194071,Active,737430,NA,NA,S,0,0,578368.5475,65,2006,16,48.54,53.98
194072,Active,143474,NA,NA,S,6,1,483934.67,43,2010,38,9.08,18.64
194073,Active,554085,NA,NA,S,1,0,81676.325,51.99,2010,42,6.99,30.97
194074,Active,553978,NA,NA,S,1,0,88725,51.99,2010,31,18.97,30.59
194075,Active,553528,NA,NA,S,1,0,231248.65,51.99,2010,15,32.81,39.09
194076,Active,557237,NA,NA,S,1,0,306863.2038,112.6,2006,44,11.92,94.4
194077,Active,546000,NA,NA,D,3,1,216137.68,106.25,2013,59,7.93,61.79
194078,Active,734421,NA,NA,D,1,0,985657.2175,13.67,2007,53,4,13.57
194079,Active,141930,NA,NA,D,2,1,935570.1825,12.89,2010,64,4,12.98
194080,Active,619833,NA,NA,S,1,0,17199.625,53.32,2006,32,10.67,24
194081,Active,620303,NA,NA,S,1,0,185534.4875,53.32,2007,49,9.82,25.9
194082,Active,560900,NA,NA,D,1,0,1969361.816,58.8,2008,31,4,12.86
194083,Active,130409,NA,NA,S,2,1,614442.1663,86.2,2011,38,4.99,53.99
194084,Active,130101,NA,NA,D,3,1,1520601.485,85,2001,22,9.34,68.98
194085,Active,618965,NA,NA,S,1,0,887673.5238,59.99,2009,52,4.35,22.97
194086,Active,146461,NA,NA,S,1,0,821892.6413,59.99,2010,67,4,14.98
194087,Active,862383,NA,NA,D,4,1,2638.13875,104.25,2014,126,10.18,62.99
194088,Active,537827,NA,NA,D,3,1,63014.0575,24.98,2011,325,3.88,20.98
194089,Active,329788,NA,NA,S,2,1,430156.3488,64.99,2004,42,15.55,89.47
194090,Active,146408,NA,NA,S,3,1,46964.1275,59.99,2010,40,24.93,41.06
194091,Active,144815,NA,NA,D,2,1,1008900.553,54.99,2003,84,4,9.75
194092,Active,626305,NA,NA,S,2,1,356096.015,49.99,2009,26,11.64,0
194093,Active,1517595,NA,NA,S,1,0,58005.425,54.99,2013,13,32.96,34.38
194094,Active,920730,NA,NA,D,2,1,1488974.954,25.09,2002,65,4,17.98
194095,Active,591708,NA,NA,D,3,1,276609.2275,26.44,2011,112,28.75,38.99
194096,Active,142034,NA,NA,S,5,1,1094070.908,23.98,2009,50,4,23.98
194097,Active,546020,NA,NA,D,6,1,409706.8,100.75,2012,32,17.04,72.64
194098,Active,141612,NA,NA,S,3,1,1400920.866,9.98,2003,71,4,9.98
194099,Active,545999,NA,NA,D,6,1,19212.645,68.72,2012,156,5.57,54.99
194100,Active,141959,NA,NA,D,5,1,346574.0188,18.95,2009,114,4,18.86
194101,Active,61170,NA,NA,D,4,1,486706.3688,13.98,2006,94,4.63,11.98
194102,Active,1454565,NA,NA,D,0,0,44469.98875,109.3,2011,44,31.07,66.67
194103,Active,57299,NA,NA,D,0,0,26154.525,117.5,2004,175,5.52,24.99
194104,Active,711627,NA,NA,S,0,0,599817.2213,43.99,2004,28,6.76,31.98
194105,Active,613124,NA,NA,D,0,0,40347.56125,117.5,2004,180,4,15.5
194106,Active,616177,NA,NA,S,0,0,76849.58625,112.85,2011,50,51.02,69.28
194107,Active,1452525,NA,NA,S,0,0,124621.325,105.09,2014,22,37.04,51.78
194108,Active,711628,NA,NA,S,0,0,774658,57.99,2004,22,14.72,55.72
194109,Active,615537,NA,NA,S,0,0,29177.6975,117.5,2006,116,5.52,25.98
194110,Active,859174,NA,NA,S,0,0,613213.2875,80.2,2004,41,5.95,46.32
194111,Active,613383,NA,NA,S,0,0,10095.4375,105.75,2004,148,8.65,77.99
194112,Active,863152,NA,NA,S,0,0,63060.07875,20.25,2003,43,4,8.01
194113,Active,865175,NA,NA,S,2,1,2837779.62,49,2003,20,17.21,82.79
194114,Active,553578,NA,NA,S,3,1,604534.1288,141,2010,49,5.24,21.3
194115,Active,54826,NA,NA,D,7,1,110845.1075,143.27,2009,110,4.88,23.8
194116,Active,113980,NA,NA,S,4,1,3689375.879,10.49,2001,36,4,9.99
194117,Active,54824,NA,NA,D,5,1,835122.64,137,2003,49,4,7.98
194118,Active,54825,NA,NA,D,6,1,224573.9038,156.8,2006,91,4,17.21
194119,Active,660207,NA,NA,D,2,1,1193632.158,69.95,2009,34,16.76,44.44
194120,Active,541822,NA,NA,S,3,1,14604.75,37.5,2011,16,23.98,33.98
194121,Active,541820,NA,NA,S,3,1,243710.5213,37.5,2012,17,20.25,30.18
194122,Active,915042,NA,NA,D,0,0,2537132.948,49.95,1999,30,4.14,10.29
194123,Active,260305,NA,NA,D,2,1,818727.5925,69,2002,45,4,10.94
194124,Active,203172,NA,NA,D,2,1,3230193.326,110,1996,37,4,23.99
194125,Active,164411,NA,NA,D,3,1,1817793.066,111.5,2004,35,14.07,33.98
194126,Active,542220,NA,NA,S,2,1,392163.5988,241.95,2002,74,14.61,73.98
194127,Active,127341,NA,NA,D,4,1,266030.9125,59.95,2008,50,4,20.1
194128,Active,126467,NA,NA,D,3,1,1509970.898,52.95,2002,71,4,10.89
194129,Active,544401,NA,NA,D,15,1,26035.4775,168.95,2013,60,20.19,73.48
194130,Active,533649,NA,NA,S,11,1,968828.9,93.95,2001,78,4,23.98
194131,Active,52772,NA,NA,D,14,1,56005.18375,185.95,2011,78,13.59,63.94
194132,Active,52769,NA,NA,D,13,1,101768.6338,178.95,2007,61,8.18,53.85
194133,Active,52771,NA,NA,S,12,1,154238.9825,90.95,2004,61,4,45.31
194134,Active,133133,NA,NA,D,8,1,342324.3813,73.8,2009,43,3.68,374.18
194135,Active,201727,NA,NA,S,0,0,920143.7388,47.95,2014,30,4,41.69
194136,Active,110222,NA,NA,S,5,1,143063.7513,117.24,2008,107,7.88,56.59
194137,Active,2255695,NA,NA,S,5,1,946568.9275,303.28,2008,18,45.71,119.31
194138,Active,2317859,NA,NA,D,4,1,2378117.313,43,1991,42,4,18.98
194139,Active,554707,NA,NA,S,5,1,281434.1888,135.95,2000,54,13.12,73.48
194140,Active,630162,NA,NA,S,1,0,93422.3075,33.95,2007,24,21.39,24.34
194141,Active,637827,NA,NA,S,2,1,99930.9975,60,2011,27,47.49,49.56
194142,Active,559098,NA,NA,S,0,0,1969042.181,55,2004,33,4,32.62
194143,Active,619897,NA,NA,S,2,1,246433.5575,30,2000,32,4.36,60.51
194144,Active,228730,NA,NA,S,0,0,580091.3275,26.95,2003,75,4,13.89
194145,Active,745838,NA,NA,S,1,0,132022.6375,79.95,2007,101,15.61,40.57
194146,Active,636335,NA,NA,D,1,0,1150280.334,65.95,2002,21,11.26,51.04
194147,Active,660767,NA,NA,S,2,1,306260.525,71.95,2013,22,42.49,52.47
194148,Active,608917,NA,NA,S,3,1,283580.9363,207,2007,53,18.62,68.35
194149,Active,860168,NA,NA,D,1,0,610961.4013,79.99,2010,30,48.61,62.96
194150,Active,645998,NA,NA,D,0,0,1286831.299,229,2010,24,65.74,0
194151,Active,872560,NA,NA,D,0,0,2030367.839,10.09,2008,43,4.63,9.84
194152,Active,614407,NA,NA,D,1,0,214913.09,23.99,2009,66,4.48,23.99
194153,Active,60813,NA,NA,D,3,1,1504344.445,51.56,2002,52,4,7.95
194154,Active,110166,NA,NA,S,5,1,20833.99375,170.25,2008,58,33.94,93.3
194155,Active,60812,NA,NA,D,4,1,308799.3713,35,2005,72,4,32
194156,Active,153864,NA,NA,D,2,1,653572.3238,23.97,2004,43,5.25,19.98
194157,Active,181171,NA,NA,D,2,1,1126523.605,81.95,1997,42,4.6,59.33
194158,Active,259427,NA,NA,D,2,1,2178354.059,26.5,1998,26,4,19.49
194159,Active,229130,NA,NA,S,3,1,494117.5188,58,2007,46,19.98,43.98
194160,Active,264579,NA,NA,D,1,0,598731.9263,42.5,2002,31,4,9.97
194161,Active,541582,NA,NA,S,2,1,126845.6,52.95,2012,42,28.98,37.65
194162,Active,526642,NA,NA,D,2,1,159634.4175,51.95,2009,42,4.48,37.45
194163,Active,909154,NA,NA,S,2,1,440526.9975,41.95,2014,30,23.42,26.44
194164,Active,651993,NA,NA,D,2,1,749240.4138,41.95,2006,25,5.26,25.59
194165,Active,905943,NA,NA,D,1,0,2493771.263,95.95,2003,21,31.97,93.15
194166,Active,907074,NA,NA,D,2,1,1415183.353,93.95,2007,25,16.94,78.79
194167,Active,652280,NA,NA,S,2,1,460708.1713,62.5,2013,7,19.61,37.4
194168,Active,349970,NA,NA,D,9,1,128205.4363,152.95,2010,141,3.98,28.97
194169,Active,349966,NA,NA,D,8,1,989466.9213,164.95,2006,86,4,12.24
194170,Active,349971,NA,NA,S,9,1,274109.1525,122.95,2010,44,4.98,0
194171,Active,655427,NA,NA,D,6,1,204349.4,82,2012,42,9.14,51.1
194172,Active,649119,NA,NA,D,5,1,399367.4925,74.95,2008,36,4.33,38.71
194173,Active,363619,NA,NA,S,4,1,773309.1713,54,2005,58,4,0
194174,Active,218052,NA,NA,D,4,1,1115761.849,49.95,2005,73,4,6.64
194175,Active,543251,NA,NA,S,5,1,198934.755,49.95,2012,26,29.88,37.31
194176,Active,554964,NA,NA,D,4,1,2785912.555,108.65,2009,30,4,108.65
194177,Active,632094,NA,NA,S,3,1,46174.16625,105,2012,30,66.7,75.06
194178,Active,558733,NA,NA,D,2,1,401943.6225,90,2004,29,29.96,48.99
194179,Active,152907,NA,NA,D,1,0,3873793.185,129,1999,16,11.99,45.98
194180,Active,526640,NA,NA,D,27,1,3188803.119,124.95,2006,16,4,53.73
194181,Active,503522,NA,NA,D,28,1,367138.5613,114.95,2009,37,4,7.96
194182,Active,526639,NA,NA,D,29,1,284972.0638,134.95,2012,37,7.44,31.92
194183,Active,655425,NA,NA,S,2,1,491156.4588,64.99,2012,36,15.06,34.82
194184,Active,143139,NA,NA,D,2,1,348556.6925,48,2006,55,10.77,33.99
194185,Active,628937,NA,NA,D,0,0,610842.825,30,2002,33,4.83,22.85
194186,Active,1472961,NA,NA,D,5,1,264148.1575,100,2009,37,4.99,146.77
194187,Active,166941,NA,NA,S,2,1,484431.5075,164.97,2005,28,15.89,675
194188,Active,508482,NA,NA,D,2,1,819258.1975,39.95,2001,44,5.74,22.71
194189,Active,2140502,NA,NA,S,3,1,268209.2838,44.95,2013,21,29.74,32.74
194190,Active,917819,NA,NA,S,2,1,473567.6025,39.95,1994,63,7.99,18.98
194191,Active,3123881,NA,NA,D,0,0,415196.1913,45,2005,26,20.94,41.39
194192,Active,919307,NA,NA,S,3,1,434742.5813,39.95,2002,60,4.55,13.86
194193,Active,2140504,NA,NA,S,4,1,82220.3925,44.95,2014,40,29.99,33.19
194194,Active,618310,NA,NA,S,0,0,31256.0675,73.75,2005,23,24.41,0
194195,Active,537133,NA,NA,S,1,0,8995.15,64.99,1999,50,21.98,40.17
194196,Active,740170,NA,NA,S,1,0,60088.75,69.99,2004,22,29.55,41.83
194197,Active,267377,NA,NA,S,4,1,48576.49375,55,2011,36,33.99,55.78
194198,Active,255376,NA,NA,D,2,1,237563.0713,69.95,2011,64,4.49,37.87
194199,Active,614938,NA,NA,D,2,1,1051206.723,69.95,2009,62,4,6.33
194200,Active,2907247,NA,NA,D,7,1,767255.16,129.94,2001,26,21.99,73.81
194201,Active,2044246,NA,NA,S,2,1,115488.975,39.95,2014,11,33.5,29.87
194202,Active,56941,NA,NA,S,2,1,51818.14375,49.95,2006,23,31.56,32.14
194203,Active,57879,NA,NA,S,6,1,17599.59375,64.95,2011,73,14.24,22.99
194204,Active,649835,NA,NA,S,3,1,277285.6725,89,2012,18,13.99,16.93
194205,Active,540426,NA,NA,D,3,1,7185.1575,137,2012,85,15.17,68.48
194206,Active,288302,NA,NA,D,2,1,146487.6975,22.49,2009,145,4.38,22.94
194207,Active,327634,NA,NA,D,1,0,308008.4613,8.76,2006,115,4,8.74
194208,Active,144728,NA,NA,S,1,0,1000496.15,89.8,2009,65,4,28.89
194209,Active,647024,NA,NA,S,2,1,93742.605,61.95,2012,38,27.1,44.49
194210,Active,2406999,NA,NA,D,1,0,106130.2438,59.95,1994,39,4,67.67
194211,Active,619543,NA,NA,S,1,0,30117.255,79.25,2013,72,25.99,0
194212,Active,153553,NA,NA,S,0,0,212950.0238,35,2002,42,17.19,25.23
194213,Active,2582667,NA,NA,S,0,0,442043.5513,14.95,2004,21,6.95,12.71
194214,Active,1473884,NA,NA,S,1,0,802548.63,35,2010,21,28.99,35.14
194215,Active,800176,NA,NA,D,2,1,2940536.763,48.95,2005,16,5.06,675
194216,Active,651701,NA,NA,D,3,1,906203.4938,61,2010,34,16.11,54.05
194217,Active,564030,NA,NA,S,1,0,567444.0075,184.95,2003,53,7.97,53.13
194218,Active,564031,NA,NA,S,1,0,853407.655,138.95,2003,40,4,57.8
194219,Active,2062511,NA,NA,S,0,0,520268.5425,40,2014,18,23.43,26.94
194220,Active,184369,NA,NA,D,3,1,804881.1788,67.95,2001,40,4,17.99
194221,Active,1691694,NA,NA,D,0,0,727806.265,54.99,2008,16,20.67,27.47
194222,Active,639951,NA,NA,S,1,0,32096.05,46,2011,36,27.99,35.91
194223,Active,625620,NA,NA,S,5,1,1374.58375,82,2013,93,33.46,39.99
194224,Active,55179,NA,NA,D,4,1,30953.52875,60,2008,113,8.29,48.28
194225,Active,157674,NA,NA,D,1,0,226928.1475,65.95,2010,39,21.26,38.96
194226,Active,298307,NA,NA,S,2,1,44353.525,33.95,2010,21,22.8,24.78
194227,Active,630195,NA,NA,S,2,1,783681.5738,138.95,2006,33,6.59,43.89
194228,Active,115331,NA,NA,S,4,1,1178381.448,186.4,2004,38,5.99,20.97
194229,Active,492154,NA,NA,D,7,1,14601.54375,163.95,2012,59,60.83,107.65
194230,Active,252016,NA,NA,D,6,1,144746.4675,163.95,2008,68,16.26,253.88
194231,Active,202189,NA,NA,S,4,1,1375121.154,76.95,2000,28,5.45,23.98
194232,Active,526634,NA,NA,D,7,1,33742.4175,86.95,2012,86,15.24,46.82
194233,Active,617394,NA,NA,D,6,1,440693.67,95.95,2008,56,5.35,7.35
194234,Active,268787,NA,NA,D,3,1,2193740.394,95,2006,15,16.2,52.49
194235,Active,634497,NA,NA,D,3,1,2745191.14,59.95,2002,27,6.84,12.35
194236,Active,109305,NA,NA,D,3,1,578930.2888,70.93,2006,21,5.14,54.48
194237,Active,670386,NA,NA,S,2,1,791284.3325,129.5,2004,11,24.78,25.65
194238,Active,426270,NA,NA,D,1,0,5604542.958,79.95,2008,14,10.2,16.97
194239,Active,2025368,NA,NA,S,5,1,157350.1638,79.95,2014,9,23.98,76.44
194240,Active,2025427,NA,NA,D,3,1,1276715.929,90.25,2012,20,7.79,53.59
194241,Active,2025437,NA,NA,D,4,1,505174.8925,98,2013,22,4.48,23.89
194242,Active,598504,NA,NA,S,2,1,652393.3575,68.95,2011,18,13.02,47.01
194243,Active,758713,NA,NA,D,3,1,2065111.253,120,1999,21,4,43.94
194244,Active,158293,NA,NA,D,1,0,267677.7813,150,2010,41,21.35,106.19
194245,Active,646917,NA,NA,S,2,1,289053.4638,64.99,2013,19,35.83,53.69
194246,Active,636776,NA,NA,S,2,1,440440.9175,90,2007,24,34.11,70.34
194247,Active,653538,NA,NA,D,1,0,829701.4275,198,1980,19,14.58,62.19
194248,Active,3740561,NA,NA,D,0,0,2450608.15,109,2010,27,53.27,110.38
194249,Active,152125,NA,NA,D,0,0,553300.9688,109,2005,26,23.89,94.79
194250,Active,627617,NA,NA,D,2,1,338727.45,98.95,2005,28,35.98,68.49
194251,Active,652586,NA,NA,S,2,1,118015.9088,49.99,2012,89,12.76,32.25
194252,Active,654920,NA,NA,S,4,1,710333.4475,41,1999,18,4,81.66
194253,Active,193434,NA,NA,D,7,1,1985495.059,124,2005,46,4,22.39
194254,Active,627919,NA,NA,S,0,0,836120.995,52,2012,46,4,15.99
194255,Active,867690,NA,NA,S,0,0,663968.64,52,2013,52,5.18,38.71
194256,Active,193238,NA,NA,S,0,0,1040619.074,49,2011,46,4,15.98
194257,Active,614133,NA,NA,D,0,0,1028821.074,187,2010,60,3.8,25.86
194258,Active,60815,NA,NA,S,3,1,1341688.07,61.1,1998,26,4,43.98
194259,Active,147289,NA,NA,D,2,1,824328.2738,106.95,2006,24,5.48,47.51
194260,Active,561615,NA,NA,D,3,1,1973668.939,76.95,2002,35,4.51,12.86
194261,Active,871986,NA,NA,D,2,1,8247229.3,69.95,1996,27,4.57,52.01
194262,Active,2485650,NA,NA,D,5,1,2028047.458,329,2002,18,83.65,119.3
194263,Active,624087,NA,NA,D,1,0,1114743.649,97.95,1996,22,15.49,35.81
194264,Active,912394,NA,NA,S,4,1,1858519.628,84.44,2011,44,13.49,83.34
194265,Active,578918,NA,NA,D,3,1,244793.7225,55.95,2005,31,13.27,54.3
194266,Active,526625,NA,NA,D,5,1,131707.0913,102.99,2010,38,11.82,77.42
194267,Active,308538,NA,NA,D,4,1,299792.3488,31.41,2003,51,4,44.56
194268,Active,2664421,NA,NA,D,5,1,3505571.36,102.95,1999,22,4,15.99
194269,Active,1576507,NA,NA,S,1,0,8247.775,39.95,2013,34,24.06,24.62
194270,Active,286058,NA,NA,D,5,1,1269323.255,139,2004,28,4.49,45.99
194271,Active,113576,NA,NA,D,5,1,931917.1688,118,2002,22,11.36,54.12
194272,Active,533940,NA,NA,D,5,1,515056.885,199,2008,35,37.51,102.46
194273,Active,621624,NA,NA,S,3,1,1668984.393,118,1996,32,6.25,43.85
194274,Active,537901,NA,NA,D,6,1,1089822.441,105.2,2006,28,4,46.05
194275,Active,120093,NA,NA,D,7,1,593901.3475,190.2,2009,42,19.3,110.25
194276,Active,2489745,NA,NA,D,5,1,2399767.87,79.5,1999,17,7.86,225.69
194277,Active,1537482,NA,NA,D,3,1,2828737.681,82.95,2006,16,18.99,23.79
194278,Active,625246,NA,NA,D,1,0,1064726.495,140,2010,30,25.39,0
194279,Active,3617380,NA,NA,D,5,1,12158557.35,75,1994,7,5.98,0
194280,Active,615437,NA,NA,S,1,0,218762.5613,49.95,1994,36,13.16,46.24
194281,Active,625321,NA,NA,S,1,0,821639.5838,44,2008,31,4.63,19.62
194282,Active,890940,NA,NA,S,2,1,264230.66,39.95,2014,17,33.51,33.49
194283,Active,633819,NA,NA,S,2,1,48094.08625,58,2012,30,20.04,37.69
194284,Active,637246,NA,NA,S,2,1,154033.0325,45,2007,23,31.74,24.07
194285,Active,3542413,NA,NA,S,2,1,3315698.35,44.6,2009,29,4.36,18.94
194286,Active,2035160,NA,NA,S,0,0,163337.2913,37,2010,29,22.45,24.1
194287,Active,765148,NA,NA,S,2,1,592852.5813,234.95,1999,38,4,14.99
194288,Active,526622,NA,NA,S,3,1,892300.8513,55.95,2009,20,26.52,42.48
194289,Active,645324,NA,NA,D,1,0,759170.665,46.95,2003,16,5.84,29.57
194290,Active,1787014,NA,NA,S,2,1,630196.5325,49.95,2015,17,33.99,37.06
194291,Active,3618469,NA,NA,D,0,0,3281560.6,39.95,1993,27,4,52.17
194292,Active,621479,NA,NA,S,2,1,193569.875,57,2002,26,23.98,35.36
194293,Active,308889,NA,NA,D,0,0,1408482.193,130.65,2004,27,4,21.43
194294,Active,607069,NA,NA,D,2,1,237094.835,56.43,2008,35,4,31.99
194295,Active,906566,NA,NA,S,2,1,141191.2663,49.95,2010,24,33.99,40.68
194296,Active,631582,NA,NA,D,2,1,744182.0625,50,2010,28,4.97,18.98
194297,Active,3754124,NA,NA,S,0,0,34619.05,45,2016,13,30.03,31.88
194298,Active,612501,NA,NA,D,2,1,59733.5225,69.95,2014,78,21.25,48.98
194299,Active,244132,NA,NA,D,1,0,458957.4288,59.95,2012,55,6.29,20.64
194300,Active,2363126,NA,NA,D,1,0,2391201.029,155,1998,26,61.88,135.99
194301,Active,221765,NA,NA,D,0,0,3650396.321,104.95,1999,16,13.78,53.93
194302,Active,130000,NA,NA,D,0,0,1903166.914,75,1996,20,12.79,73.75
194303,Active,3496536,NA,NA,D,0,0,4796021.5,99,1995,19,5.98,92.97
194304,Active,2696693,NA,NA,S,4,1,2954998.619,72.95,1993,14,6.38,72.95
194305,Active,889312,NA,NA,D,0,0,4311536.955,70,1991,15,6.64,89.91
194306,Active,630369,NA,NA,S,2,1,261070.5688,69.95,1997,31,33.9,48.37
194307,Active,123935,NA,NA,S,2,1,189340.8225,106.95,2000,55,19.66,63.69
194308,Active,289815,NA,NA,S,2,1,160089.6775,51.95,2003,75,5.03,46.6
194309,Active,912782,NA,NA,D,0,0,2066190.326,68,1999,33,4,14.66
194310,Active,664693,NA,NA,S,5,1,269121.6738,45,2013,30,22.06,33.99
194311,Active,217323,NA,NA,D,4,1,240686.64,42,2010,45,4.79,15.44
194312,Active,217263,NA,NA,D,3,1,1701575.604,34,2004,73,3.99,5.88
194313,Active,659502,NA,NA,S,2,1,556792.4625,44,2013,52,8.69,26.94
194314,Active,195011,NA,NA,D,5,1,1976220.795,44.95,2006,86,3.99,25.98
194315,Active,194868,NA,NA,D,4,1,3390067.68,34.95,2003,26,4,8.74
194316,Active,157253,NA,NA,S,2,1,291173.8225,45.95,2005,39,7.69,32.99
194317,Active,293177,NA,NA,D,3,1,423848.3113,219,2011,45,9.01,65.7
194318,Active,193519,NA,NA,D,2,1,1532447.063,142,2006,27,4.48,6.59
194319,Active,597983,NA,NA,S,5,1,567275.9925,41.95,2008,25,10.63,31.99
194320,Active,286477,NA,NA,S,8,1,243796.6963,100.95,2010,54,29.21,57.58
194321,Active,115326,NA,NA,D,7,1,1120399.626,74,2003,52,4,41.98
194322,Active,2647411,NA,NA,D,1,0,968635.4338,72.95,1994,22,5.41,19.31
194323,Active,2618574,NA,NA,S,4,1,669380.6725,138.95,2003,39,4,58.64
194324,Active,248196,NA,NA,D,5,1,165057.5463,76,2011,58,11.54,43.89
194325,Active,132691,NA,NA,S,1,0,63710.9,88.95,2010,34,41.69,58.99
194326,Active,1765231,NA,NA,S,0,0,95793.85,90,2014,15,17.17,75.88
194327,Active,133345,NA,NA,D,5,1,796446.025,48.8,2010,34,4,29.99
194328,Active,132510,NA,NA,D,4,1,2604366.103,55,2007,43,4,18.98
194329,Active,540135,NA,NA,S,6,1,76361.8925,57.95,2013,35,22.43,38.28
194330,Active,2537097,NA,NA,D,1,0,3264708.609,41.95,2001,32,4,45.19
194331,Active,157534,NA,NA,D,2,1,576046.0088,57.95,2009,28,9.44,42.82
194332,Active,623713,NA,NA,S,3,1,486730.7688,34.5,1993,33,5.84,25.99
194333,Active,287124,NA,NA,D,1,0,1364013.648,59.95,2008,57,4,20.99
194334,Active,129432,NA,NA,D,2,1,549553.5663,67.95,2011,40,4,28.35
194335,Active,189255,NA,NA,S,0,0,78042.065,55,1996,37,15.43,35.13
194336,Active,173426,NA,NA,S,0,0,190374.2625,44.99,1998,25,17.03,33.97
194337,Active,134969,NA,NA,S,2,1,31824.275,34,2010,32,19.3,22.89
194338,Active,129433,NA,NA,D,2,1,624086.1138,67.95,2011,45,4,30.89
194339,Active,127453,NA,NA,D,1,0,994228.8088,59.95,2008,41,4,7.89
194340,Active,130727,NA,NA,D,12,1,21131.9375,144,2011,86,12.29,55.54
194341,Active,286450,NA,NA,D,11,1,114210.0638,141,2008,90,4,51.61
194342,Active,623712,NA,NA,S,3,1,336427.9525,91,1993,54,4.75,37.39
194343,Active,60817,NA,NA,D,10,1,383185.1588,86.4,2007,75,5.76,18.82
194344,Active,764783,NA,NA,S,2,1,102637.7863,157.95,2003,43,14.81,45.69
194345,Active,878564,NA,NA,D,7,1,232329.385,134.16,2012,24,15.37,86.09
194346,Active,565839,NA,NA,S,2,1,183865.26,29.95,2009,48,7.78,19.87
194347,Active,746045,NA,NA,S,1,0,440242.1725,49.95,2002,38,7.97,188.93
194348,Active,3528601,NA,NA,S,0,0,144665.55,49.95,2009,53,28.23,28.97
194349,Active,876441,NA,NA,S,3,1,4617423.029,38.12,1999,21,4,9.99
194350,Active,308966,NA,NA,D,5,1,423720.2063,164.53,2008,26,4.27,48.13
194351,Active,606877,NA,NA,D,4,1,1869534.69,7.97,2003,31,4,18.36
194352,Active,905952,NA,NA,D,4,1,2595428.77,126,2006,13,9.27,41
194353,Active,3730999,NA,NA,S,4,1,298288.5,182,2001,61,35.99,68.76
194354,Active,617144,NA,NA,D,2,1,772312.6113,202,2010,50,5.52,88.99
194355,Active,3082512,NA,NA,D,6,1,1190406.635,177,2005,25,6.64,63.65
194356,Active,546804,NA,NA,D,5,1,282566.8013,204,2012,62,10.64,183.65
194357,Active,737218,NA,NA,D,0,0,766912.785,39,2005,22,4,25.24
194358,Active,667231,NA,NA,S,0,0,408912.6575,43,2012,17,28.99,42.97
194359,Active,2414988,NA,NA,D,0,0,9009647.241,225,2000,11,6.27,46.38
194360,Active,2602463,NA,NA,S,2,1,928987.2963,44.99,1995,30,20.17,40.63
194361,Active,637843,NA,NA,S,6,1,18268.9475,34,2011,68,25.98,0
194362,Active,203634,NA,NA,S,21,1,331815.0225,165.95,2005,23,22.35,52.99
194363,Active,1726488,NA,NA,D,21,1,2091248.314,220,2011,10,88.44,177.26
194364,Active,761381,NA,NA,S,0,0,349549.3775,29.95,2004,54,6.39,20.9
194365,Active,867969,NA,NA,S,2,1,123513.3663,76.5,2013,35,10.99,15.89
194366,Active,2407255,NA,NA,D,0,0,819155.2325,104,1996,23,6.39,16.49
194367,Active,911630,NA,NA,D,2,1,2155477.489,107,1997,31,5.05,23.94
194368,Active,57133,NA,NA,D,6,1,99628.57625,85.96,2007,60,18.99,66.78
194369,Active,660445,NA,NA,S,3,1,262798.0075,74.95,2007,18,45.61,49.74
194370,Active,637963,NA,NA,S,3,1,1227029.393,132,2006,31,25.12,64.78
194371,Active,60818,NA,NA,D,2,1,786456.8363,109.35,2000,32,5.5,67.31
194372,Active,621231,NA,NA,S,1,0,669386.15,54,1992,28,7.56,27.26
194373,Active,246379,NA,NA,S,2,1,736024.4163,66.95,2005,28,8.97,43.98
194374,Active,552306,NA,NA,S,0,0,226030.62,54.8,1997,22,24.43,39.9
194375,Active,627337,NA,NA,S,7,1,984226.2138,99.99,2010,29,12.39,24.99
194376,Active,610048,NA,NA,S,4,1,56943.0725,54.99,2013,27,23.14,36.62
194377,Active,536386,NA,NA,S,5,1,182492.7763,46.95,2012,30,29.95,32.11
194378,Active,291571,NA,NA,S,2,1,292637.9863,116.95,2000,44,4,49.99
194379,Active,164702,NA,NA,D,1,0,222277.0975,185,2004,39,6.47,33.98
194380,Active,665218,NA,NA,S,3,1,18532.64,80.95,2012,70,32.04,56.22
194381,Active,921005,NA,NA,S,2,1,949899.6975,45,1990,57,4,44.91
194382,Active,665413,NA,NA,S,4,1,26444.66,50,2012,28,30.33,34.19
194383,Active,858861,NA,NA,S,2,1,586726.8638,65,2001,38,4.95,41.99
194384,Active,633160,NA,NA,S,4,1,107102.2188,90.25,2011,29,33.99,0
194385,Active,155638,NA,NA,D,3,1,2087822.224,65.95,2004,32,4,0
194386,Active,627409,NA,NA,S,2,1,47909.64875,41.8,2010,39,19.95,31.98
194387,Active,624434,NA,NA,S,5,1,856204.4788,12.55,2006,32,4.96,23.89
194388,Active,56670,NA,NA,D,6,1,76819.8825,66.55,2010,124,8.21,53.07
194389,Active,56674,NA,NA,D,5,1,161659.9463,122.78,2006,74,4,78.99
194390,Active,163419,NA,NA,S,6,1,266701.6213,52.98,2010,50,5.93,31.83
194391,Active,110753,NA,NA,S,2,1,42863.925,137.25,2006,27,26.21,63.58
194392,Active,862943,NA,NA,S,1,0,139178.75,38.99,2001,70,5.51,36.36
194393,Active,118371,NA,NA,D,4,1,840572.0938,49.6,2006,30,4,44.11
194394,Active,526609,NA,NA,D,5,1,448560.0538,76.6,2010,40,5.3,27.24
194395,Active,617418,NA,NA,D,3,1,1490184.786,49.95,2006,32,5.26,8.13
194396,Active,624339,NA,NA,D,4,1,615124.395,46.95,2010,35,5.12,10.76
194397,Active,56908,NA,NA,S,8,1,1593263.955,79.95,2004,78,4.1,8.07
194398,Active,533337,NA,NA,D,10,1,26222.78375,87.95,2011,159,4.48,52.98
194399,Active,56909,NA,NA,D,9,1,146330.7825,84.95,2008,102,4,15.8
194400,Active,126303,NA,NA,D,10,1,475815.4675,74.95,2001,41,4,6.74
194401,Active,126270,NA,NA,D,9,1,11479766.2,65,2000,20,3.99,28.69
194402,Active,126762,NA,NA,S,11,1,73313.8825,112.95,2005,110,13.93,58.42
194403,Active,802573,NA,NA,S,5,1,749815.1713,39.99,2005,43,8.96,33.75
194404,Active,296528,NA,NA,S,4,1,1330287.411,34.99,2003,38,4.36,96.61
194405,Active,626531,NA,NA,D,1,0,509577.2988,65,1997,62,7.13,28.98
194406,Active,652446,NA,NA,S,2,1,59967.67875,54,2013,34,30.99,35.31
194407,Active,2600260,NA,NA,D,0,0,3842137.31,41.99,1993,16,10.93,43.96
194408,Active,110929,NA,NA,S,5,1,135328.8125,71.99,2011,64,13.42,38.98
194409,Active,107193,NA,NA,D,3,1,3795815.29,57.5,2000,34,4,7.11
194410,Active,526608,NA,NA,D,4,1,855197.2113,39.72,2005,52,4,32.17
194411,Active,110764,NA,NA,S,2,1,39190.985,138.75,2006,48,22.98,67.08
194412,Active,157396,NA,NA,D,2,1,3576423.784,99.95,2007,14,4.4,33.28
194413,Active,609355,NA,NA,D,6,1,1858238.714,59.95,1993,28,4.02,22.76
194414,Active,2679715,NA,NA,D,1,0,1024541.298,105,1996,25,17.61,59.95
194415,Active,2862529,NA,NA,S,3,1,9869.70875,13,2004,120,5.44,10.94
194416,Active,55760,NA,NA,S,2,1,308566.2013,99.8,2003,39,22.66,80.74
194417,Active,337036,NA,NA,D,2,1,190481.605,65.95,2010,71,7.92,36.93
194418,Active,337076,NA,NA,D,1,0,2149301.396,55,2007,28,4,21.44
194419,Active,879413,NA,NA,S,7,1,481875.8938,49.28,2007,46,5.56,35.47
194420,Active,141824,NA,NA,D,7,1,253983.1163,14.19,2007,223,4,13.71
194421,Active,546012,NA,NA,D,9,1,5699.71125,75,2013,114,11.59,31.86
194422,Active,54945,NA,NA,S,6,1,1122979.416,11.99,2004,130,3.67,11.99
194423,Active,54948,NA,NA,D,8,1,45858.19875,63.39,2010,210,4,18.19
194424,Active,2827939,NA,NA,D,2,1,7864808.124,79.95,2001,21,4,81.73
194425,Active,183159,NA,NA,D,1,0,383191.0125,201.95,2007,45,4.78,40.99
194426,Active,298301,NA,NA,D,3,1,80982.47375,85,2009,68,5.98,50.55
194427,Active,244989,NA,NA,S,1,0,666401.5575,260.95,2005,28,11.46,113.39
194428,Active,109424,NA,NA,S,6,1,3424312.123,28.99,2004,29,4,28.97
194429,Active,109444,NA,NA,D,7,1,771207.0788,19.52,2008,63,3.99,4.36
194430,Active,110731,NA,NA,D,8,1,72205.79125,43.99,2010,81,5.94,27.44
194431,Active,213003,NA,NA,D,2,1,1147097.821,105.95,2002,28,9.89,53.31
194432,Active,910415,NA,NA,D,0,0,2889966.245,65,1995,27,4.35,50.51
194433,Active,877630,NA,NA,S,3,1,885908.3525,16.38,2012,22,6.45,16.52
194434,Active,621009,NA,NA,S,4,1,896.78625,80,2013,50,38.3,40.56
194435,Active,57185,NA,NA,D,3,1,16413.785,75,2008,169,8.07,23.98
194436,Active,169922,NA,NA,D,7,1,476671.6813,316.95,2009,42,15.17,27.71
194437,Active,765710,NA,NA,D,5,1,3802838.828,141.95,2003,34,4,4.36
194438,Active,60820,NA,NA,D,6,1,1154427.261,195.95,2006,47,4,10.98
194439,Active,291568,NA,NA,D,3,1,80634.675,282.95,2007,69,7.98,82.97
194440,Active,57184,NA,NA,D,2,1,133536.4188,49.95,2002,224,4,9.98
194441,Active,247460,NA,NA,D,1,0,1027197.471,73,2006,38,5.75,39.26
194442,Active,1928697,NA,NA,S,2,1,899738.1213,50,2014,35,26.99,35.11
194443,Active,663731,NA,NA,S,2,1,37304.4875,80,2013,33,37.57,57.46
194444,Active,157708,NA,NA,D,2,1,484833.4438,95.95,2010,41,5.11,13.99
194445,Active,210786,NA,NA,D,2,1,1102723.423,34.95,1997,53,4,0
194446,Active,3577464,NA,NA,D,0,0,2419061.8,19.95,1991,25,4,4.53
194447,Active,827557,NA,NA,D,0,0,2077123.129,43,2001,23,4,43.76
194448,Active,2112484,NA,NA,S,0,0,2576116.675,60,2014,9,46.47,54.32
194449,Active,541577,NA,NA,S,2,1,346531.1338,47.95,2011,57,24.99,35.13
194450,Active,132019,NA,NA,D,6,1,120614.83,130.67,2005,58,5.14,23.86
194451,Active,144270,NA,NA,D,5,1,1042850.233,104,2000,38,4,20.69
194452,Active,132052,NA,NA,S,10,1,126375.3063,206,2005,40,12.88,68.96
194453,Active,210966,NA,NA,S,1,0,26730.425,91.95,2006,57,32.99,47.99
194454,Active,53329,NA,NA,D,6,1,42858.80125,42.48,2009,79,10.1,33.89
194455,Active,53327,NA,NA,D,4,1,1578308.006,15.8,2004,57,4,15.8
194456,Active,58546,NA,NA,S,3,1,983391.0713,58.97,2003,31,4,45.23
194457,Active,53328,NA,NA,D,5,1,252993.575,28.99,2007,86,4,28.71
194458,Active,3514419,NA,NA,D,1,0,1844063.35,38.95,1999,29,6.24,57.33
194459,Active,155682,NA,NA,S,2,1,194284.6513,49.95,2009,19,8.26,49.95
194460,Active,3514426,NA,NA,D,0,0,5983267.05,42.95,1900,14,4,4.99
194461,Active,645249,NA,NA,S,2,1,322686.4813,42.95,2011,20,33.47,0
194462,Active,622581,NA,NA,S,2,1,83626.9225,89,2012,47,30.73,50.99
194463,Active,867577,NA,NA,S,4,1,22248.01,52,2014,42,22.46,38.24
194464,Active,2820580,NA,NA,D,1,0,5583841.395,49.95,1999,15,4.22,96.81
194465,Active,891634,NA,NA,D,0,0,2107910.474,194.95,2004,16,4.78,95.77
194466,Active,293280,NA,NA,S,1,0,48931.4,84,2011,28,32.94,41.39
194467,Active,862264,NA,NA,S,2,1,572962.7038,146.8,2014,48,4.44,73.98
194468,Active,243999,NA,NA,D,4,1,31880.195,255.95,2012,93,4.73,55.53
194469,Active,287598,NA,NA,S,1,0,397349.55,174.6,2011,25,33.99,27.98
194470,Active,169808,NA,NA,D,3,1,454482.9463,270.95,2008,75,4,20.03
194471,Active,177426,NA,NA,S,3,1,398536.3175,111.95,2001,42,4.23,0
194472,Active,132166,NA,NA,D,6,1,260767.235,148.6,2006,51,4,18.98
194473,Active,557470,NA,NA,D,7,1,428815.3813,165.6,2009,37,9.18,63.11
194474,Active,919056,NA,NA,D,0,0,2788160.874,150.4,2003,31,4,8.99
194475,Active,557358,NA,NA,D,2,1,226872.2938,165.6,2008,48,5.73,44.97
194476,Active,526583,NA,NA,D,8,1,328809.7963,206.95,2009,58,8.55,55.99
194477,Active,290974,NA,NA,S,8,1,1045353.789,319.95,2009,26,5.36,72.98
194478,Active,567437,NA,NA,D,1,0,1965702.541,225.95,2007,43,4,8.94
194479,Active,599402,NA,NA,D,1,0,297656.1088,221.95,2005,62,6.96,52.42
194480,Active,132949,NA,NA,D,11,1,130351.7725,178.8,2010,32,33.98,138.99
194481,Active,448135,NA,NA,D,4,1,1225503.676,11.44,2002,79,4,8.97
194482,Active,646935,NA,NA,S,6,1,16584.00875,88.95,2013,47,43.58,60.15
194483,Active,914334,NA,NA,D,5,1,174161.4038,32.98,2010,76,5.83,39.33
194484,Active,536677,NA,NA,D,6,1,355687.96,61.31,2012,56,17.27,64.22
194485,Active,431059,NA,NA,D,4,1,1683710.85,147,2006,62,4.12,17.98
194486,Active,431007,NA,NA,S,3,1,2841346.473,85,2004,49,4,35.73
194487,Active,431104,NA,NA,D,5,1,331211.465,156.2,2009,33,5.78,60.22
194488,Active,2551592,NA,NA,D,4,1,3096874.78,70.95,2004,18,6.33,69.97
194489,Active,2551258,NA,NA,D,3,1,4431352.984,42.95,1999,17,4.96,52.13
194490,Active,545005,NA,NA,S,2,1,151020.1925,73,2012,54,43.08,57.44
194491,Active,285979,NA,NA,S,3,1,504816.3713,156.2,2005,41,4,23.94
194492,Active,53944,NA,NA,D,5,1,535875.8663,269.95,2007,112,4,12.95
194493,Active,53945,NA,NA,D,6,1,36982.60875,254.95,2010,99,13.99,60.15
194494,Active,177318,NA,NA,S,3,1,3617794.69,114.95,2000,31,4,7.49
194495,Active,120022,NA,NA,S,1,0,456061.1,70,2009,25,12.29,49.01
194496,Active,1492315,NA,NA,S,2,1,328256.76,60.95,2014,17,16.14,28.59
194497,Active,177467,NA,NA,D,4,1,803359.02,163.95,2004,44,4,8.74
194498,Active,3492233,NA,NA,D,3,1,2443246.45,82.5,2006,25,4.98,72.15
194499,Active,907587,NA,NA,D,2,1,4626496.576,63.5,1997,27,4.76,48.95
194500,Active,526597,NA,NA,S,4,1,626940.1625,70,2010,29,11.13,38.95
194501,Active,366243,NA,NA,D,3,1,4118353.049,63.95,2002,25,4.56,29.99
194502,Active,213096,NA,NA,S,2,1,485876.6163,100,2004,31,21.99,32.67
194503,Active,576928,NA,NA,D,0,0,2109556.649,104.95,2004,23,6.49,96.41
194504,Active,900405,NA,NA,S,3,1,118777.2725,54.95,2014,28,44.47,46.18
194505,Active,641525,NA,NA,D,2,1,371693.2538,69.95,2010,28,4.98,69.49
194506,Active,544037,NA,NA,S,2,1,260920.605,121,2012,42,31.95,82.98
194507,Active,591658,NA,NA,D,0,0,600190.6963,18.35,2008,38,6.92,13.94
194508,Active,176756,NA,NA,S,4,1,4223516.358,98.95,2000,46,4,8.43
194509,Active,322714,NA,NA,D,6,1,200560.795,120.4,2008,29,6.47,52.69
194510,Active,873447,NA,NA,D,5,1,446772.5988,104,2005,27,4,35.98
194511,Active,2158227,NA,NA,D,0,0,619771.0463,48.95,2008,23,11.94,63.41
194512,Active,877899,NA,NA,D,2,1,2674934.093,69.26,2006,25,6.28,53.93
194513,Active,526592,NA,NA,D,4,1,88969.775,203.95,2010,60,5.02,56.45
194514,Active,533976,NA,NA,D,3,1,631621.695,273.95,2008,85,4,23.48
194515,Active,243967,NA,NA,D,4,1,12552.67125,258.95,2011,115,8.35,91.99
194516,Active,655183,NA,NA,D,1,0,101380.49,121,2013,58,43.51,68.01
194517,Active,60824,NA,NA,D,3,1,705540.7888,144.95,2006,66,4,30.66
194518,Active,556336,NA,NA,S,2,1,1327885.549,50,2010,25,13.88,36.75
194519,Active,198375,NA,NA,S,5,1,62119.0325,75,2011,52,19.52,43.66
194520,Active,295014,NA,NA,D,1,0,457379.565,80,2000,23,8.79,20.99
194521,Active,663713,NA,NA,S,2,1,118655.1188,97,2013,29,48.09,49.87
194522,Active,430977,NA,NA,D,2,1,11843605.56,70,2003,10,6.07,7.98
194523,Active,431035,NA,NA,D,3,1,1338442.429,66.67,2005,32,4.93,52.91
194524,Active,660756,NA,NA,S,0,0,50285.55,94.95,2013,19,56.74,78.91
194525,Active,131979,NA,NA,D,7,1,1357823.126,124,2005,39,4,39
194526,Active,120091,NA,NA,D,8,1,239990.9038,177,2009,50,8.48,10.99
194527,Active,905798,NA,NA,D,6,1,1916171.741,49.95,2007,28,6.38,63.63
194528,Active,50502,NA,NA,D,8,1,809734.1725,126.4,2004,49,4,9.98
194529,Active,386403,NA,NA,D,2,1,1035850.12,59,2007,23,4.74,14.94
194530,Active,545502,NA,NA,S,3,1,695099.4038,56,2012,21,35.29,37.76
194531,Active,149377,NA,NA,S,2,1,3592755.376,79.95,2002,30,4,19.49
194532,Active,577726,NA,NA,D,1,0,398617.91,90,2006,50,10.78,43.99
194533,Active,50031,NA,NA,D,5,1,560538.4088,81,2005,115,4,15.39
194534,Active,50033,NA,NA,D,6,1,41495.33125,105,2010,78,8.11,17.57
194535,Active,177827,NA,NA,D,6,1,4344820.709,93.95,2005,27,4,13.99
194536,Active,169769,NA,NA,D,7,1,1228347.1,162.95,2008,42,4,38.94
194537,Active,526586,NA,NA,S,1,0,779754.1163,48,2008,29,12.5,38.26
194538,Active,248005,NA,NA,D,0,0,110060.2488,84,2010,77,16.58,40.55
194539,Active,867659,NA,NA,S,2,1,11035.285,94,2014,38,55.96,65.76
194540,Active,285577,NA,NA,D,9,1,99578.46875,22.11,2011,89,8.98,25.99
194541,Active,846927,NA,NA,D,0,0,7051915.164,68.76,1994,17,4,7.98
194542,Active,870862,NA,NA,S,2,1,2033576.378,47.95,2000,38,4,37.04
194543,Active,154061,NA,NA,D,1,0,13117.945,36.13,2011,186,8.68,12.47
194544,Active,543406,NA,NA,S,4,1,434627.0925,57,2012,23,10.35,30.98
194545,Active,3463384,NA,NA,D,7,1,3503185.05,118.95,2002,48,4,13.98
194546,Active,177875,NA,NA,D,8,1,863663.375,311.95,2005,71,4,38.01
194547,Active,763780,NA,NA,S,6,1,4874149.446,98.95,1998,30,4,7.98
194548,Active,564066,NA,NA,D,2,1,3487309.841,92.36,1998,30,4.51,8.99
194549,Active,110207,NA,NA,D,8,1,282378.9488,22.85,2008,99,4,27.48
194550,Active,495336,NA,NA,D,1,0,208405.06,104,2011,70,5.23,18.49
194551,Active,867788,NA,NA,S,2,1,59857.23625,101,2014,47,25.76,70.1
194552,Active,262794,NA,NA,S,3,1,31940.025,37.95,2011,17,28.82,36.05
194553,Active,201739,NA,NA,D,2,1,814277.2,114.95,2008,24,10.63,84.97
194554,Active,1552666,NA,NA,S,1,0,173307.8725,63.95,2014,22,46.29,50.58
194555,Active,1780140,NA,NA,S,8,1,82409.425,124.95,2014,28,31.64,43.95
194556,Active,57045,NA,NA,S,7,1,56961.845,269.95,2001,80,6.93,48.99
194557,Active,169520,NA,NA,D,5,1,596323.2088,135.95,2007,42,4.49,43.82
194558,Active,764588,NA,NA,D,4,1,1787433.568,91.95,2002,37,4,15.4
194559,Active,293057,NA,NA,D,7,1,70576.64,159.07,2007,59,6.29,43.33
194560,Active,774323,NA,NA,D,6,1,2250670.631,0,2006,20,3.7,59.14
194561,Active,870691,NA,NA,S,5,1,1016652.313,84.65,1996,40,4,27.99
194562,Active,54950,NA,NA,S,3,1,24709.52875,219.95,2006,65,21.98,63.97
194563,Active,170039,NA,NA,S,3,1,794657.0675,93.95,2010,49,4.98,29.93
194564,Active,542045,NA,NA,D,2,1,201219.74,213.95,2010,45,7.65,19.95
194565,Active,1938898,NA,NA,S,1,0,39784.225,96,2014,27,50.84,62.53
194566,Active,610034,NA,NA,S,16,1,116771.5513,117.95,2012,43,31.2,96.65
194567,Active,608790,NA,NA,D,14,1,1933752.495,83.95,2006,30,4,24.09
194568,Active,772099,NA,NA,S,2,1,791751.0163,90.95,2005,27,4,42.95
194569,Active,608698,NA,NA,D,15,1,1045900.996,121.95,2009,29,4,33.87
194570,Active,197744,NA,NA,D,4,1,228692.2313,70,2010,36,8.32,29.99
194571,Active,113362,NA,NA,S,3,1,290956.4375,67.95,2002,34,7.52,34.99
194572,Active,132324,NA,NA,S,3,1,129164.6975,87,2007,51,21.08,64.95
194573,Active,131278,NA,NA,D,1,0,8097161.585,32.4,2000,21,4,9.97
194574,Active,557163,NA,NA,S,1,0,84268.2,102.2,2001,23,24.82,73.06
194575,Active,914235,NA,NA,S,5,1,29485.52,19.95,2014,38,16.11,18.2
194576,Active,686757,NA,NA,S,4,1,352594.865,20.95,2011,85,4,13.97
194577,Active,922235,NA,NA,S,3,1,841134.635,18.95,2008,74,4,6
194578,Active,434893,NA,NA,D,4,1,156363.2588,158.13,2009,51,8.27,43.75
194579,Active,60827,NA,NA,S,3,1,1869206.674,122.4,2001,36,4,8.89
194580,Active,55656,NA,NA,S,6,1,1302558.683,24.8,2009,45,4,12.65
194581,Active,2253395,NA,NA,S,6,1,3087565.76,53.39,2008,40,5.99,43.74
194582,Active,131029,NA,NA,S,7,1,456900.1425,33.2,2011,43,4.48,41.25
194583,Active,3492241,NA,NA,S,2,1,3663908.85,63.33,2007,23,9.12,51.39
194584,Active,145208,NA,NA,S,3,1,658336.17,75.6,2005,35,13.46,36.78
194585,Active,557147,NA,NA,D,2,1,3788339.081,37.2,2001,31,4,5.49
194586,Active,597958,NA,NA,D,3,1,1914492.029,29.95,2004,28,4,22.82
194587,Active,1942351,NA,NA,S,0,0,26896.2,62,2014,36,16.29,19.99
194588,Active,1928712,NA,NA,S,2,1,587875.4025,51,2013,19,16.09,38.1
194589,Active,628739,NA,NA,D,1,0,336191.3888,152.6,2009,46,5.47,49.94
194590,Active,249907,NA,NA,D,2,1,869780.425,129.95,2007,24,4.6,32.34
194591,Active,245100,NA,NA,D,1,0,1191494.335,151.95,2004,29,10.14,57.19
194592,Active,654797,NA,NA,D,2,1,292357.5375,170.95,2007,31,7.54,64.98
194593,Active,244972,NA,NA,D,1,0,488079.6025,154.95,2002,43,8.66,23.94
194594,Active,244971,NA,NA,D,1,0,1113866.555,151.95,2002,30,4,14.99
194595,Active,243910,NA,NA,D,3,1,136611.52,154.95,2011,67,33.19,82.26
194596,Active,797661,NA,NA,D,1,0,292064.27,151.95,2004,24,9.43,17.94
194597,Active,654841,NA,NA,D,0,0,1119285.44,34.47,2006,26,4,0
194598,Active,2869231,NA,NA,D,24,1,4681017.008,99.95,2004,17,4.12,72.17
194599,Active,526580,NA,NA,S,0,0,1289797.05,127.95,2012,24,12.34,119.04
194600,Active,592464,NA,NA,D,1,0,808055.9213,248.95,2007,36,7.48,45.44
194601,Active,908599,NA,NA,D,0,0,4039446.5,59.95,2006,24,4,79.07
194602,Active,636887,NA,NA,D,0,0,2917693.138,59.95,2008,19,4.76,17.95
194603,Active,265071,NA,NA,D,0,0,854022.6113,75,2011,34,4.17,17.98
194604,Active,646667,NA,NA,D,0,0,429315.9525,38.99,2004,38,4.35,29.99
194605,Active,274877,NA,NA,D,5,1,142733.875,47.78,2009,36,4.81,22.75
194606,Active,619015,NA,NA,S,4,1,684379.225,90,2005,54,4.98,19.85
194607,Active,120872,NA,NA,D,5,1,408373.7925,130.2,2007,31,84.7,118.99
194608,Active,147991,NA,NA,D,5,1,512272.7975,123.95,2003,25,5.71,48.55
194609,Active,1719640,NA,NA,S,3,1,483469.0638,55,2011,18,43.35,109.01
194610,Active,662343,NA,NA,S,2,1,2035214.533,181.95,2004,21,18.37,47.95
194611,Active,669244,NA,NA,D,6,1,609828.45,41,2009,25,19.93,32.99
194612,Active,2143299,NA,NA,S,7,1,26370.82875,48,2015,15,41.99,47.99
194613,Active,623356,NA,NA,S,2,1,125336.4763,76,2012,33,17.8,47.37
194614,Active,714439,NA,NA,D,1,0,402277.4325,60,2003,46,4,46.91
194615,Active,1537689,NA,NA,S,2,1,755083.1475,41.95,2006,27,6.99,31.78
194616,Active,194130,NA,NA,S,2,1,340227.1063,39,2006,38,9.85,31.96
194617,Active,909693,NA,NA,D,1,0,3659295.69,64,2007,16,4.63,38.01
194618,Active,1464992,NA,NA,S,3,1,3193798.193,55,2006,12,9.97,345.07
194619,Active,193706,NA,NA,D,2,1,352869.2375,209,2010,49,27.62,47.98
194620,Active,574692,NA,NA,D,1,0,1273448.503,134,2005,31,4,10.98
194621,Active,3066246,NA,NA,D,1,0,676864.935,89.95,1995,23,4,44.67
194622,Active,534728,NA,NA,S,5,1,75629.2375,71.99,2013,37,28,33.36
194623,Active,2560295,NA,NA,D,1,0,3284250.634,145,1995,16,14.39,110.07
194624,Active,373448,NA,NA,D,2,1,1921572.209,93.95,1996,20,4,0
194625,Active,227626,NA,NA,S,3,1,169789.5975,99.95,2010,23,11.45,0
194626,Active,566815,NA,NA,D,2,1,327056.0438,25.98,2007,40,4,25.28
194627,Active,526576,NA,NA,S,2,1,299503.1325,39.99,2010,29,30.54,34.48
194628,Active,117211,NA,NA,D,5,1,1963717.516,124,2006,42,4,7.54
194629,Active,178027,NA,NA,D,3,1,1044018.929,150.95,2004,46,3.99,17.87
194630,Active,119985,NA,NA,D,4,1,139788.465,137.8,2009,69,4.87,56.81
194631,Active,903497,NA,NA,D,1,0,2759681.556,229,1993,19,22.88,84.15
194632,Active,539977,NA,NA,S,4,1,393915.0713,142.8,2011,49,6.77,69.15
194633,Active,147159,NA,NA,D,2,1,678048.07,75.95,2007,38,4.39,15.95
194634,Active,526569,NA,NA,D,2,1,156334.8063,155.95,2011,70,10.04,34.57
194635,Active,869768,NA,NA,D,1,0,8294052.81,47.95,1994,18,6.22,43.98
194636,Active,526570,NA,NA,D,3,1,344153.5775,84.95,2009,41,4.74,37.84
194637,Active,192487,NA,NA,D,2,1,893326.6725,69.95,2004,26,4,80.1
194638,Active,385340,NA,NA,D,4,1,555077.3388,242.95,2005,69,4,11.99
194639,Active,577364,NA,NA,D,7,1,1137133.813,39.95,2004,66,4,13.99
194640,Active,577400,NA,NA,D,8,1,130523.625,45.5,2008,44,4,19.94
194641,Active,264850,NA,NA,S,4,1,753457.14,31.95,2005,79,4,9.89
194642,Active,264847,NA,NA,S,3,1,1347239.23,44.04,2001,59,4,17.63
194643,Active,621304,NA,NA,S,1,0,11670.95,91,2012,39,43.99,65.46
194644,Active,622765,NA,NA,S,5,1,792979.105,132,2005,41,4.13,0
194645,Active,848945,NA,NA,S,3,1,8911495.46,76.35,1998,24,4,45.61
194646,Active,60829,NA,NA,D,4,1,3217224.966,53.75,2002,50,4,10.98
194647,Active,109623,NA,NA,S,5,1,897002.22,28.96,2005,43,5.75,28.98
194648,Active,526567,NA,NA,S,2,1,271849.5663,45,2010,39,28.06,33.78
194649,Active,261441,NA,NA,D,1,0,933737.2575,35,2003,39,4,23.44
194650,Active,148896,NA,NA,S,2,1,475570.0075,42.65,2004,51,4.94,9.92
194651,Active,759863,NA,NA,S,2,1,1895864.124,150,2002,24,14.14,62.72
194652,Active,907835,NA,NA,S,2,1,426946.8625,57.4,2014,19,43.82,42.89
194653,Active,268393,NA,NA,S,0,0,783725.6675,35,2005,56,4,7.43
194654,Active,632183,NA,NA,S,0,0,2825.275,62,2012,58,25.79,54.98
194655,Active,708419,NA,NA,S,3,1,286422.6613,56.75,2005,41,8.6,0
194656,Active,641698,NA,NA,S,3,1,802090.06,87.5,2005,71,9.89,75.98
194657,Active,2115428,NA,NA,S,2,1,813608.65,44.99,2014,14,48.94,44.98
194658,Active,610337,NA,NA,S,7,1,32434.78625,123.75,2013,57,30.87,46.99
194659,Active,526564,NA,NA,D,6,1,135518.9913,41.15,2010,40,7.25,51.94
194660,Active,314861,NA,NA,D,1,0,2665368.255,76,1997,20,4,33.03
194661,Active,312829,NA,NA,D,2,1,902315.4588,90.8,2000,40,4,20.24
194662,Active,620290,NA,NA,S,2,1,319018.9938,39.95,2008,33,9.21,27.17
194663,Active,663778,NA,NA,S,2,1,114917.5075,39.99,2013,60,23.37,25.53
194664,Active,1725269,NA,NA,S,0,0,69093.925,59.99,2014,7,33.96,37.11
194665,Active,555386,NA,NA,S,1,0,491768.8775,45,2005,58,6.03,15.99
194666,Active,901490,NA,NA,D,3,1,3428847.399,39.95,1998,19,23.99,124.62
194667,Active,582567,NA,NA,S,1,0,364567.675,128.95,1999,24,38.97,98.13
194668,Active,268208,NA,NA,D,3,1,1581023.114,41.95,2006,23,4,18.99
194669,Active,1943326,NA,NA,S,5,1,83266.49375,49.95,2014,41,31.83,35.95
194670,Active,612533,NA,NA,S,1,0,69501.3,53,2013,14,46.81,46.42
194671,Active,257182,NA,NA,S,2,1,237023.4125,60,1998,35,6.94,51.06
194672,Active,2007805,NA,NA,S,2,1,712688.6338,70,2006,18,33.09,69.05
194673,Active,876368,NA,NA,D,1,0,3316524.186,63.99,1978,26,6.31,49.02
194674,Active,609359,NA,NA,D,2,1,1580171.833,99.99,1999,29,11.34,22.99
194675,Active,629850,NA,NA,S,2,1,628504.0275,49.95,1999,21,21.99,86.4
194676,Active,526562,NA,NA,S,4,1,903649.8525,162.95,2012,62,4,25
194677,Active,117348,NA,NA,S,8,1,639363.7725,44.6,2006,24,9.37,31.21
194678,Active,148339,NA,NA,D,2,1,3665455.649,97.95,2006,23,4,16.32
194679,Active,623516,NA,NA,D,3,1,1378364.55,87.95,2009,34,4,56.49
194680,Active,520746,NA,NA,S,1,0,964613.7975,29.99,2001,80,4,7.59
194681,Active,607296,NA,NA,D,7,1,4009746.831,84.8,2004,33,4,16.68
194682,Active,546775,NA,NA,D,4,1,111028.3538,90,2012,53,8.51,48.46
194683,Active,610463,NA,NA,S,9,1,160801.2075,125,2012,28,18.5,46.98
194684,Active,607340,NA,NA,D,8,1,1578100.309,87,2007,39,4,28.98
194685,Active,596950,NA,NA,D,3,1,672358.32,78,2008,75,4,11.11
194686,Active,51882,NA,NA,D,10,1,677948.7838,172.33,2006,64,4,7.98
194687,Active,51883,NA,NA,D,11,1,207523.2225,209.2,2009,66,13.89,33.92
194688,Active,587845,NA,NA,S,2,1,689729.3813,65,2013,21,33.19,38.33
194689,Active,336593,NA,NA,D,2,1,1062480.685,68.95,2006,45,4.99,17.3
194690,Active,628109,NA,NA,S,2,1,1464937.654,130,2007,56,15.01,15.48
194691,Active,57874,NA,NA,D,7,1,365440.8625,402.95,2010,76,4,38.37
194692,Active,661181,NA,NA,S,1,0,73090.95,60,2011,16,53.12,42.14
194693,Active,258377,NA,NA,D,0,0,4312094.08,93,2002,23,3.99,8.99
194694,Active,258450,NA,NA,S,2,1,133093.5775,130,2009,38,22.99,76.09
194695,Active,309787,NA,NA,S,8,1,504943.895,188.75,2011,25,17.79,76.66
194696,Active,911526,NA,NA,D,8,1,3077433.848,23.95,2012,30,4.31,22.98
194697,Active,52838,NA,NA,D,7,1,256970.1975,29.63,2008,125,4.31,13.99
194698,Active,57875,NA,NA,D,6,1,1472193.584,319.95,2007,49,4,17.32
194699,Active,3033849,NA,NA,D,1,0,1449322.895,100,2003,38,4,23.74
194700,Active,107417,NA,NA,S,1,0,31575.425,82.48,2003,28,27.74,79.99
194701,Active,156525,NA,NA,S,0,0,281976.5563,58.95,1997,46,4.56,42.67
194702,Active,724834,NA,NA,S,5,1,4461973.689,75,2006,17,4,39.69
194703,Active,110612,NA,NA,S,1,0,22520.125,74,2010,15,49.19,48.99
194704,Active,801007,NA,NA,S,2,1,1215174.906,56,2008,22,11.6,34.35
194705,Active,1587772,NA,NA,S,2,1,1715561.415,84.99,2006,27,14.41,34.2
194706,Active,649192,NA,NA,S,2,1,258408.2663,34.95,2006,36,28.46,28.44
194707,Active,552992,NA,NA,S,1,0,88592.45,79.6,2008,23,23.52,44.97
194708,Active,1924732,NA,NA,D,0,0,4047471.018,79,2014,13,21.89,68.88
194709,Active,641468,NA,NA,S,2,1,142514.5763,46,2010,26,16.69,28.03
194710,Active,2272564,NA,NA,S,1,0,1551883.051,31.49,2006,26,12.63,46.63
194711,Active,641479,NA,NA,S,1,0,128259.9763,36,2010,33,14.23,25.5
194712,Active,652342,NA,NA,S,2,1,19162.63375,32.95,2013,32,20.53,21.33
194713,Active,54944,NA,NA,D,4,1,287053.4738,19.94,2008,83,4,12.79
194714,Active,609130,NA,NA,D,2,1,1619018.473,10.75,2003,64,4,5.02
194715,Active,54943,NA,NA,D,3,1,439783.8925,41.57,2006,75,4,18.86
194716,Active,2419458,NA,NA,D,1,0,4086757.148,315,2005,12,53.99,119.08
194717,Active,652660,NA,NA,S,1,0,272955.25,54.95,2011,23,17.17,51.94
194718,Active,546777,NA,NA,S,2,1,488100.3663,89.99,2012,18,42.03,0
194719,Active,2485922,NA,NA,D,4,1,1745878.468,675,2005,12,115.96,189.49
194720,Active,2485623,NA,NA,D,3,1,4830653.589,499,2001,12,73.94,345.15
194721,Active,629792,NA,NA,S,6,1,1420468.231,25.67,2010,22,4.73,15.11
194722,Active,619821,NA,NA,D,10,1,1003124.886,255.25,2007,54,4,52.93
194723,Active,617276,NA,NA,S,6,1,404875.2188,64.6,2005,30,23.34,52.16
194724,Active,630843,NA,NA,S,6,1,692409.9913,64.6,2005,29,23,60.6
194725,Active,748913,NA,NA,D,1,0,365360.515,80,2008,27,12.4,38.4
194726,Active,642316,NA,NA,S,1,0,278836.6663,49.95,2011,36,30.06,32.56
194727,Active,629979,NA,NA,S,2,1,601224.5638,80,2011,31,10.82,0
194728,Active,628817,NA,NA,S,4,1,257546.1563,49.95,2007,50,6.49,16.84
194729,Active,637416,NA,NA,D,2,1,641069.315,119,1999,21,4,23.93
194730,Active,609768,NA,NA,D,5,1,2008668.775,98,2003,28,3,22.93
194731,Active,269968,NA,NA,D,6,1,1748609.208,121,2006,20,4.22,70.45
194732,Active,2768599,NA,NA,S,0,0,354420.6413,54.99,2002,33,26.68,35.48
194733,Active,2849867,NA,NA,D,0,0,576511.175,15.99,2000,51,4,11.24
194734,Active,3481897,NA,NA,D,1,0,2636492.05,50,1992,32,5.83,33.49
194735,Active,162666,NA,NA,S,1,0,26877.65,107,2010,28,46.49,42.98
194736,Active,753216,NA,NA,D,1,0,1524291.87,205.95,2010,40,111.06,200.32
194737,Active,270801,NA,NA,S,3,1,494694.1763,53.99,2010,96,6.98,20.98
194738,Active,526550,NA,NA,S,3,1,27812.3,67.95,2008,48,27.99,41.92
194739,Active,199994,NA,NA,D,2,1,689621.4413,34.95,2003,35,6.43,32.39
194740,Active,199909,NA,NA,D,1,0,861351.37,24.95,2000,21,8.15,16.26
194741,Active,199993,NA,NA,D,2,1,265453.1525,36.95,2003,50,7.88,36.78
194742,Active,526549,NA,NA,S,3,1,6520.21375,67.95,2008,80,28.94,42.91
194743,Active,2778844,NA,NA,D,3,1,1708812.211,48,1992,20,21.41,279.45
194744,Active,609361,NA,NA,D,6,1,1404387.501,44.95,1999,42,4,23.98
194745,Active,526547,NA,NA,D,8,1,196813.2138,72.95,2011,54,21.09,68.94
194746,Active,635331,NA,NA,D,2,1,761027.2625,129.99,2004,24,7.27,33.99
194747,Active,499557,NA,NA,S,2,1,99532.665,84.95,2012,27,41.99,68.78
194748,Active,270975,NA,NA,S,5,1,100578.905,61.99,2011,68,20.54,32.87
194749,Active,192794,NA,NA,D,1,0,3549130.258,75,2001,22,5.14,72.51
194750,Active,911039,NA,NA,D,5,1,909905.725,113.95,2008,35,6.18,53.47
194751,Active,526545,NA,NA,D,3,1,562420.355,63.99,2009,52,17.99,38.98
194752,Active,196657,NA,NA,D,2,1,2362977.175,110,2007,22,4.24,21.96
194753,Active,545059,NA,NA,S,1,0,76898,89.95,2010,14,56.35,56.88
194754,Active,633334,NA,NA,D,1,0,572393.7263,59.95,2008,35,11.99,31.82
194755,Active,526542,NA,NA,D,4,1,119870.9388,67.95,2009,32,8.99,55.72
194756,Active,655206,NA,NA,S,2,1,104431.355,60.99,2013,73,36.85,36.46
194757,Active,740878,NA,NA,S,7,1,2988450.56,70.6,2006,24,4,9.99
194758,Active,2251296,NA,NA,D,8,1,5189338.094,68.88,2009,26,7.49,135.3
194759,Active,914994,NA,NA,D,8,1,751237.0913,107.2,2009,33,4,126.83
194760,Active,657679,NA,NA,S,3,1,561317.1175,44.95,2005,32,10.29,37.07
194761,Active,617993,NA,NA,S,5,1,47590.0125,61.6,2006,76,26.25,52.88
194762,Active,868205,NA,NA,D,4,1,726097.7075,43,1999,45,4,46.09
194763,Active,268455,NA,NA,S,2,1,18619.00125,65,2008,42,41.8,41.3
194764,Active,615047,NA,NA,D,0,0,303700.455,37,1998,48,4,11.23
194765,Active,279437,NA,NA,S,10,1,36130.8,39.95,2008,101,5.48,8.95
194766,Active,2097819,NA,NA,S,4,1,38120.0675,196.48,2014,41,45.47,64.99
194767,Active,3798135,NA,NA,D,3,1,646041.2,78,2010,20,7.57,38.98
194768,Active,663356,NA,NA,D,0,0,696121.8,85,2013,31,4.3,0
194769,Active,716724,NA,NA,D,1,0,3815014.286,112.6,2008,38,4,16.23
194770,Active,121626,NA,NA,D,0,0,2861416.296,38.99,2011,23,4.49,38.99
194771,Active,710677,NA,NA,D,1,0,905626.6825,50.2,2001,38,4,33.94
194772,Active,117965,NA,NA,D,2,1,640005.9025,67.8,2005,60,4,49.37
194773,Active,1429679,NA,NA,S,1,0,517157.2975,7.99,2008,78,3.99,10.75
194774,Active,3513191,NA,NA,S,0,0,127336.5,75,2015,73,29.94,47.18
194775,Active,827364,NA,NA,S,1,0,657691.74,42,2004,43,9.49,25.95
194776,Active,184251,NA,NA,S,0,0,664850.125,66.95,1995,47,9.53,31.98
194777,Active,1559400,NA,NA,S,1,0,302068.1463,44.95,2008,21,38.98,39.71
194778,Active,526541,NA,NA,D,3,1,1783697.63,44,2007,27,4,16.59
194779,Active,217336,NA,NA,D,4,1,733522.7388,48,2011,60,4.59,22.62
194780,Active,641476,NA,NA,S,2,1,1129043.794,44.95,2010,39,6.13,35.99
194781,Active,254340,NA,NA,S,0,0,361292.8,34.95,2011,46,4.98,25.99
194782,Active,637222,NA,NA,S,2,1,88875.8575,55.95,2007,34,25.47,27.21
194783,Active,623870,NA,NA,D,0,0,674650.2188,116,2000,20,6.14,59.14
194784,Active,848236,NA,NA,D,1,0,899718.96,133,1997,23,7.99,43.73
194785,Active,826749,NA,NA,D,0,0,2069970.579,39.95,1995,25,21.99,63.98
194786,Active,911867,NA,NA,D,0,0,442941.0338,156,1999,34,8.19,112.45
194787,Active,279127,NA,NA,S,2,1,400519.3238,53.95,2006,21,25.99,46.41
194788,Active,755199,NA,NA,D,2,1,1784012.578,160,2003,26,4,56.83
194789,Active,703100,NA,NA,S,3,1,2887759.474,49.99,2002,23,4.34,48.79
194790,Active,1994593,NA,NA,S,3,1,28735.625,50,2015,16,34.72,33.61
194791,Active,617947,NA,NA,S,6,1,280831.4025,60,2011,75,4.93,33.99
194792,Active,526539,NA,NA,D,3,1,154001.0713,71,2010,59,4,21.98
194793,Active,298239,NA,NA,D,2,1,1392738.704,49.95,2006,40,4,29.24
194794,Active,109217,NA,NA,S,3,1,219171.7113,63.83,2003,49,8.16,40.19
194795,Active,542808,NA,NA,S,10,1,235319.2213,86.05,2010,37,25.4,88.67
194796,Active,169335,NA,NA,D,4,1,503460.6388,198.95,2008,37,7.97,49.95
194797,Active,526538,NA,NA,S,2,1,365716.6625,46.2,2006,45,5.98,80.89
194798,Active,546334,NA,NA,S,4,1,23944.30125,51.95,2008,62,29.31,43.99
194799,Active,607937,NA,NA,S,5,1,140382.3263,49.6,2006,38,4.53,17.69
194800,Active,610011,NA,NA,D,7,1,40870.725,76.6,2012,40,33.83,63.02
194801,Active,607760,NA,NA,D,6,1,147594.5788,64.33,2009,50,4.29,33.94
194802,Active,617639,NA,NA,D,1,0,1002553.203,60.4,2010,65,4,13.06
194803,Active,649477,NA,NA,S,2,1,88959.3975,61.95,2013,55,13.99,16.93
194804,Active,868220,NA,NA,D,2,1,908138.205,81.65,1990,42,4,44.99
194805,Active,552596,NA,NA,S,1,0,223368.6713,110.4,2006,51,7.98,123.18
194806,Active,743715,NA,NA,S,3,1,70324.75125,52.99,2014,30,36.46,38.95
194807,Active,664329,NA,NA,S,1,0,61634.275,62.99,2013,15,36.98,36.98
194808,Active,919109,NA,NA,S,0,0,5270.71125,46.47,2007,45,8.35,23.94
194809,Active,132815,NA,NA,S,1,0,328525.9125,51.33,2009,36,7.98,33.99
194810,Active,132075,NA,NA,D,8,1,352563.6588,47.6,2006,63,4,15.99
194811,Active,131721,NA,NA,D,7,1,746062.775,35.8,2003,89,4,17.96
194812,Active,609872,NA,NA,S,10,1,18267.72,53.93,2012,60,29.46,41.98
194813,Active,526533,NA,NA,S,6,1,219561.9563,8.95,2008,57,4,0
194814,Active,2089017,NA,NA,S,10,1,206001.2813,19.99,2013,22,4.44,21.13
194815,Active,2088933,NA,NA,S,13,1,216033.14,21.99,2012,41,4,7.16
194816,Active,182604,NA,NA,S,1,0,260350,98.95,2011,26,38.48,59.65
194817,Active,526532,NA,NA,S,3,1,55304.99125,47,2012,30,13.78,23.99
194818,Active,647218,NA,NA,S,1,0,519226.5025,55,2011,47,37.03,39.68
194819,Active,630193,NA,NA,D,2,1,612630.49,64.95,2006,22,23.99,0
194820,Active,715196,NA,NA,D,1,0,1681914.079,65.33,2005,21,6.66,63.81
194821,Active,1619460,NA,NA,S,0,0,389440.9825,19.95,2013,11,15.25,16.77
194822,Active,555707,NA,NA,S,5,1,295413.5838,34.95,2007,58,5.58,20.13
194823,Active,765123,NA,NA,D,1,0,2126681.835,57.95,2002,29,4,54.72
194824,Active,290868,NA,NA,D,6,1,659242.1013,71.95,2006,50,4,13.99
194825,Active,224726,NA,NA,S,7,1,114319.815,69.95,2011,39,14.12,24.37
194826,Active,697936,NA,NA,D,4,1,2125000.818,59.5,2007,19,3.33,46.86
194827,Active,533484,NA,NA,D,6,1,80313.59125,23.04,2011,71,10.92,16.94
194828,Active,3778543,NA,NA,D,0,0,239069.85,49.95,2015,29,41.11,41.63
194829,Active,613371,NA,NA,S,3,1,210927.8788,160.95,1998,96,4,50.41
194830,Active,1869345,NA,NA,S,2,1,514826.7563,59.95,2015,20,40.21,45.59
194831,Active,544895,NA,NA,S,2,1,185293.7813,45.95,2009,39,8.59,30.06
194832,Active,123287,NA,NA,S,9,1,10735.505,18,2010,62,8.49,12.8
194833,Active,870664,NA,NA,D,2,1,3824641.401,74,1997,19,4,22.04
194834,Active,763247,NA,NA,D,2,1,1384712.151,190,2000,15,11.98,96.29
194835,Active,2580038,NA,NA,D,1,0,2841338.894,115.5,1996,20,11.74,236.75
194836,Active,387031,NA,NA,D,1,0,1087099.114,76.95,2009,18,33.98,0
194837,Active,196601,NA,NA,S,2,1,2382105.279,64.95,1999,26,4,28.48
194838,Active,645384,NA,NA,D,1,0,1602650.978,117,2008,42,49.22,81.86
194839,Active,3076941,NA,NA,D,1,0,1762231.318,154.95,2003,11,18.14,60.44
194840,Active,336995,NA,NA,S,1,0,2039492.084,41.95,2009,27,21.06,33.82
194841,Active,642822,NA,NA,D,0,0,1501261.243,51.95,1999,32,4,51.72
194842,Active,661767,NA,NA,S,2,1,1150536.495,52.95,2013,22,25.04,34.12
194843,Active,262019,NA,NA,D,3,1,3238944.33,34.95,2004,28,4.04,38.99
194844,Active,162728,NA,NA,D,4,1,1400410.069,92.95,2009,28,4.81,43.65
194845,Active,350259,NA,NA,S,1,0,549271.265,318.95,2002,46,5.67,55.87
194846,Active,857838,NA,NA,D,2,1,3251051.089,46.35,2009,19,5.98,52.61
194847,Active,697355,NA,NA,D,2,1,476869.2163,26.31,2004,33,15.39,26.24
194848,Active,105369,NA,NA,D,2,1,309485.5375,107.75,2007,27,17.44,29.2
194849,Active,396007,NA,NA,D,3,1,1824889.126,65.95,2005,32,4,13.98
194850,Active,1981598,NA,NA,S,5,1,138831.6363,62.95,2014,30,42.64,55.69
194851,Active,367599,NA,NA,S,0,0,2315138.5,140,2001,19,4.67,86.32
194852,Active,762438,NA,NA,D,2,1,2427316.091,90,2002,26,4.89,15.76
194853,Active,199984,NA,NA,D,2,1,1024024.075,86.95,2003,62,4,10.99
194854,Active,641305,NA,NA,S,3,1,222244.2788,55,2012,24,20.3,43.89
194855,Active,397017,NA,NA,S,2,1,68423.95,69,2010,13,48.94,43.98
194856,Active,343096,NA,NA,D,2,1,3174116.128,159.5,2004,16,6.63,24.95
194857,Active,634946,NA,NA,S,2,1,1839986.833,99,2004,29,25.99,54.37
194858,Active,477073,NA,NA,S,3,1,366372.8413,68,2010,42,9.25,43.25
194859,Active,1645704,NA,NA,D,4,1,1479923.566,36.95,2009,29,4,12.49
194860,Active,194983,NA,NA,D,3,1,2586735.476,36.95,2005,30,4.38,27.47
194861,Active,637612,NA,NA,S,5,1,293469.8225,46,2013,21,22.25,39.37
194862,Active,864811,NA,NA,D,11,1,36030.94625,109.95,2013,61,18.47,69.39
194863,Active,810228,NA,NA,D,10,1,133156.6588,120.95,2010,74,4,86.67
194864,Active,913720,NA,NA,S,8,1,296805.2738,65.16,2004,48,4,22.61
194865,Active,633400,NA,NA,D,0,0,720655.3238,59.99,2007,36,19.48,37.67
194866,Active,56922,NA,NA,S,3,1,73425.24,27.95,2010,42,10.99,23.99
194867,Active,1696742,NA,NA,S,4,1,2119.425,34.95,2014,15,20.22,20.23
194868,Active,545741,NA,NA,S,10,1,24320.0125,77.99,2013,62,35.23,56.48
194869,Active,270794,NA,NA,D,9,1,304599.0963,73.99,2009,132,5.51,12.99
194870,Active,1517024,NA,NA,S,1,0,85771.2,89.99,2014,16,56.97,56.95
194871,Active,3014146,NA,NA,S,0,0,20974.675,54.95,2000,25,27.63,44.42
194872,Active,868556,NA,NA,S,10,1,28483,116.95,2016,30,48.96,53.94
194873,Active,625776,NA,NA,D,1,0,4088554.443,71,1991,21,4,26.79
194874,Active,622066,NA,NA,S,3,1,125028.0963,113.2,2003,52,15.59,96.51
194875,Active,117253,NA,NA,S,4,1,1959278.099,63.6,2006,45,4,4
194876,Active,1460483,NA,NA,S,15,1,1515.55,79.99,2013,13,42.74,42.75
194877,Active,635470,NA,NA,D,6,1,604518.7613,84.95,1989,38,6.85,72.89
194878,Active,298364,NA,NA,D,1,0,1555814.714,54.95,2006,40,4,17.49
194879,Active,620280,NA,NA,D,2,1,756479.8713,46.95,2009,41,7.99,29.98
194880,Active,51795,NA,NA,D,8,1,47930.6475,129,2009,83,16.95,35.98
194881,Active,51794,NA,NA,D,7,1,196347.7988,122,2004,180,4.39,27.99
194882,Active,881562,NA,NA,S,2,1,85948.74,39.99,2015,9,33.76,31.86
194883,Active,192417,NA,NA,D,2,1,892779.1625,48.95,2004,132,4,11.95
194884,Active,526511,NA,NA,D,3,1,176078.0875,51.95,2009,95,4.84,19.99
194885,Active,867738,NA,NA,S,4,1,24856.92625,54.99,2014,30,28.93,34.02
194886,Active,499540,NA,NA,S,9,1,9202.885,99.95,2012,67,43.98,58.9
194887,Active,57869,NA,NA,D,8,1,76984.44875,97.95,2007,96,6.25,33.99
194888,Active,609562,NA,NA,D,7,1,532814.895,81.95,2005,75,4.79,23.57
194889,Active,57868,NA,NA,S,7,1,961924.8438,66.95,2002,70,4.08,10.8
194890,Active,913208,NA,NA,S,1,0,439594.055,18.74,2011,60,4,12.8
194891,Active,1724606,NA,NA,S,0,0,723568.8813,65,2015,55,33.15,40.9
194892,Active,288118,NA,NA,S,11,1,2352.62125,18.95,2011,56,12.58,14.24
194893,Active,120089,NA,NA,D,7,1,415276.7988,103.2,2009,57,4.4,5.49
194894,Active,615642,NA,NA,S,2,1,441964.7838,54.99,2006,67,6.99,39.99
194895,Active,606771,NA,NA,S,3,1,960601.8475,29.95,2006,51,4.12,47.78
194896,Active,627440,NA,NA,S,2,1,50936.17,34.99,2010,43,13.42,25.93
194897,Active,622359,NA,NA,S,0,0,302125.09,39.95,2007,41,17.66,23.27
194898,Active,115234,NA,NA,S,1,0,490951.5288,168.4,2000,61,6.37,32.45
194899,Active,600521,NA,NA,S,2,1,136774.99,110,2010,29,67.06,75.48
194900,Active,3553398,NA,NA,D,0,0,2301199.6,62.5,2005,21,34.96,60.94
194901,Active,117974,NA,NA,D,5,1,623445.0513,77,2005,39,4,8.1
194902,Active,868445,NA,NA,D,0,0,1179992.641,44,1996,27,4,11.93
194903,Active,120571,NA,NA,D,6,1,122526.11,100.4,2008,63,4,18.94
194904,Active,455650,NA,NA,S,2,1,73231.30125,154.95,2007,60,11.93,58.33
194905,Active,556501,NA,NA,S,1,0,30213.2,76.95,2012,57,50.08,61.98
194906,Active,874811,NA,NA,S,4,1,924585.1038,15.88,2002,41,4.28,14.22
194907,Active,625248,NA,NA,D,6,1,72772.30625,45.98,2010,67,11.28,28.14
194908,Active,622746,NA,NA,D,5,1,328420.185,52.99,2006,57,4.24,16.99
194909,Active,873112,NA,NA,S,4,1,2179601.434,112.21,1976,14,12.14,70.27
194910,Active,146302,NA,NA,S,1,0,27668.1,40,2009,22,20.31,25.25
194911,Active,565896,NA,NA,D,13,1,2221372.855,16.94,2009,17,4.48,5.79
194912,Active,244310,NA,NA,D,14,1,1200752.178,49.51,2011,25,4.43,48.21
194913,Active,540145,NA,NA,S,8,1,53342.0225,98,2013,55,54.99,69.85
194914,Active,115810,NA,NA,D,5,1,828518.4588,55,2003,54,4,11.94
194915,Active,117791,NA,NA,D,6,1,329160.3388,66.2,2006,50,4,53.63
194916,Active,644371,NA,NA,S,6,1,45494.155,121.6,2013,45,43.94,96.75
194917,Active,118716,NA,NA,D,4,1,658206.4363,82.6,2007,72,4,22.48
194918,Active,117842,NA,NA,D,3,1,1275292.733,70.2,2004,48,4,12.99
194919,Active,133198,NA,NA,D,5,1,134163.4363,95.4,2010,58,5.93,44.91
194920,Active,2750993,NA,NA,D,6,1,1708564.95,435,2005,13,11.55,143.99
194921,Active,526507,NA,NA,D,7,1,1027077.611,294.99,2009,22,26.82,47.26
194922,Active,253976,NA,NA,D,4,1,218542.2163,123,2011,43,24.85,51.99
194923,Active,574588,NA,NA,D,2,1,1698459.341,83,2002,37,4.42,38.53
194924,Active,823813,NA,NA,D,0,0,184232.3388,29.95,1992,204,4,0
194925,Active,626349,NA,NA,S,4,1,467279.01,92.99,2008,33,33.99,40.95
194926,Active,789738,NA,NA,D,4,1,748121.3925,274.99,2008,27,33.99,104.93
194927,Active,684500,NA,NA,S,7,1,26222.9,26.99,2010,19,17.49,16.98
194928,Active,612572,NA,NA,S,1,0,18339.75,102.95,2013,26,52.27,57.89
194929,Active,545648,NA,NA,S,3,1,18537.55875,94.95,2013,113,4.26,53.99
194930,Active,634409,NA,NA,D,4,1,2298622.373,92.7,1998,23,4,65.27
194931,Active,623655,NA,NA,S,5,1,234842.3513,203.18,2001,40,28.51,0
194932,Active,910907,NA,NA,S,0,0,410845.1063,149.86,1978,36,9.41,79.98
194933,Active,2575395,NA,NA,D,2,1,9600084.384,0,1984,13,31.97,0
194934,Active,3524189,NA,NA,D,4,1,4048595.6,200,2000,13,143.89,366.55
194935,Active,637390,NA,NA,S,3,1,822121.8413,64,2000,47,4,28.98
194936,Active,116910,NA,NA,D,4,1,228415.3475,104.4,2004,57,4,23.95
194937,Active,120532,NA,NA,D,5,1,69783.385,147,2008,71,7.66,73.25
194938,Active,1541223,NA,NA,S,3,1,1991720.951,44.95,2009,19,11.62,33.21
194939,Active,640074,NA,NA,S,4,1,617787.5313,78.85,2004,29,40.56,90.21
194940,Active,661708,NA,NA,S,2,1,920002.315,42.95,2007,24,33.99,40.58
194941,Active,643323,NA,NA,S,2,1,481458.275,55,2005,22,23.66,28.98
194942,Active,125909,NA,NA,D,0,0,575528.2788,59.95,2004,45,4,37.98
194943,Active,184439,NA,NA,S,2,1,1178677.141,47.95,2000,32,4,34.93
194944,Active,494870,NA,NA,S,4,1,111835.4138,56.95,2012,47,33.99,28.99
194945,Active,526505,NA,NA,D,3,1,423557.1075,59.95,2005,42,4,47.98
194946,Active,129243,NA,NA,S,2,1,63668.87625,34.95,2010,42,12.54,22.97
194947,Active,623142,NA,NA,S,3,1,452462.7625,53.95,1993,31,9.48,38.92
194948,Active,494807,NA,NA,S,0,0,1537996.774,127.95,2008,27,4,43.99
194949,Active,614594,NA,NA,D,1,0,355375.9275,171.2,2006,99,4.66,47.62
194950,Active,625391,NA,NA,S,2,1,421462.5838,74,2006,23,18.66,0
194951,Active,858946,NA,NA,D,2,1,3155976.539,89.95,2002,19,8.88,59.99
194952,Active,1433767,NA,NA,S,0,0,27225.35,45,2015,16,22.85,23.23
194953,Active,642228,NA,NA,S,2,1,578132.205,94.95,2012,36,38.79,44.07
194954,Active,680325,NA,NA,S,1,0,346928.745,51.8,2005,25,12.72,33.99
194955,Active,268100,NA,NA,S,30,1,285597.6738,18.99,2007,125,4,0
194956,Active,526501,NA,NA,S,8,1,49991.57,105.25,2007,81,17.93,18.24
194957,Active,60832,NA,NA,D,7,1,376471.01,64,2004,35,4,45.07
194958,Active,53166,NA,NA,D,6,1,351200.8025,238.95,2010,37,29.44,85.02
194959,Active,53167,NA,NA,D,4,1,2318496.966,114.95,2004,39,4,12.94
194960,Active,177525,NA,NA,S,3,1,1157251.7,84.95,2001,17,4.36,13.94
194961,Active,53165,NA,NA,D,5,1,193531.935,230.95,2007,44,4.97,43.97
194962,Active,166971,NA,NA,D,7,1,864753.6225,24,2006,69,4,50.9
194963,Active,526500,NA,NA,D,4,1,634742.5013,99.99,2010,22,42.09,42.19
194964,Active,203959,NA,NA,D,3,1,1022524.663,99.95,2006,26,7.73,37.79
194965,Active,788947,NA,NA,D,2,1,4360841.51,299,2001,22,4.83,63.29
194966,Active,146930,NA,NA,D,5,1,1831516.188,299,2002,12,5.45,14.02
194967,Active,743849,NA,NA,D,7,1,605752.2388,399.95,2009,19,122.6,152.45
194968,Active,762168,NA,NA,S,1,0,27339.875,39.95,2009,54,11.98,19.81
194969,Active,892772,NA,NA,S,4,1,974628.0363,43.95,2014,18,26.94,29.19
194970,Active,542508,NA,NA,D,3,1,1204925.35,43.95,2010,13,7.77,8.39
194971,Active,874051,NA,NA,S,9,1,1181237.979,54.95,2001,17,23.63,137.01
194972,Active,159576,NA,NA,D,10,1,2054732.914,59.95,2006,17,5.98,48.99
194973,Active,221695,NA,NA,D,1,0,5405953.256,185.95,2000,12,69.97,70.64
194974,Active,265691,NA,NA,S,1,0,576523.89,60,2012,78,4,16.16
194975,Active,265681,NA,NA,S,0,0,816745.165,60,2007,119,4,7.86
194976,Active,265680,NA,NA,S,0,0,476283.355,45,2007,108,4,13.96
194977,Active,546341,NA,NA,S,0,0,293616.0163,89.99,2001,59,7.99,53.99
194978,Active,157547,NA,NA,D,1,0,309121.2713,75.95,2010,32,30.98,45.34
194979,Active,157548,NA,NA,D,1,0,313404.015,64.95,2010,24,39.58,40.37
194980,Active,650666,NA,NA,S,0,0,1265869.663,66.95,2013,19,33.99,42.94
194981,Active,650668,NA,NA,S,1,0,1233906.498,66.95,2013,20,46.29,52.47
194982,Active,114368,NA,NA,S,3,1,62043.92625,87,2008,43,30.6,65.69
194983,Active,60992,NA,NA,D,2,1,1735734.903,81.95,1998,38,4,17.48
194984,Active,1731794,NA,NA,S,33,1,2298013.228,169.95,2009,24,18.23,64.97
194985,Active,2165424,NA,NA,S,0,0,1235975.071,174.95,2012,21,10.09,85.79
194986,Active,1731787,NA,NA,D,0,0,2460802.148,168.95,2009,19,4.77,151.78
194987,Active,1731773,NA,NA,D,29,1,1398636.184,163.95,2007,19,4.56,51.79
194988,Active,279609,NA,NA,S,0,0,1007708.011,187.95,2012,22,49.73,103.99
194989,Active,546053,NA,NA,S,0,0,314662.7413,38,2013,24,12.99,25.98
194990,Active,270812,NA,NA,D,6,1,269436.8313,129.99,2011,41,7.47,26.24
194991,Active,2524008,NA,NA,S,3,1,3059896.498,85,1998,36,5.11,42.97
194992,Active,609231,NA,NA,D,5,1,670127.7663,124.95,2007,61,4,31.4
194993,Active,1932623,NA,NA,S,2,1,468974.145,49.99,2015,27,19.17,34.64
194994,Active,3504137,NA,NA,S,2,1,7513.8,69.99,2012,9,47.27,39.99
194995,Active,881414,NA,NA,S,3,1,30034.39875,49.99,2015,24,30.54,29.84
194996,Active,2374528,NA,NA,D,2,1,1165873.57,216.4,1993,23,6.9,183.53
194997,Active,197670,NA,NA,D,1,0,1357606.534,46.06,2008,14,28.54,129.99
194998,Active,868148,NA,NA,D,3,1,259599.5325,79,1995,29,4,43.63
194999,Active,650642,NA,NA,S,0,0,555580.3338,35.95,2008,23,25.99,29.41
195000,Active,834659,NA,NA,D,21,1,3151460.244,150,2002,17,6.94,675
195001,Active,623439,NA,NA,S,22,1,608260.9525,209,2011,36,9.26,31.09
195002,Active,1704471,NA,NA,S,0,0,22704.125,40,2011,31,20.73,24.86
195003,Active,526480,NA,NA,S,4,1,96590.9825,69,2010,45,20.73,51.91
195004,Active,299442,NA,NA,D,3,1,1154708.796,45.95,2003,38,4,13.94
195005,Active,2258455,NA,NA,S,7,1,164310.6838,49.53,2011,29,30.2,59.2
195006,Active,536621,NA,NA,D,7,1,2025.1375,38.89,2011,149,10.21,24.84
195007,Active,53787,NA,NA,D,6,1,487261.72,10.63,2009,169,4,10.59
195008,Active,536620,NA,NA,D,6,1,57701.41,39.95,2010,242,4,7.74
195009,Active,735864,NA,NA,D,6,1,653693.7488,11.57,2010,85,4,9.02
195010,Active,142129,NA,NA,D,7,1,18589.09875,46.38,2011,71,10.92,36.95
195011,Active,542603,NA,NA,D,0,0,648569.7588,42,2011,63,4,12.99
195012,Active,595075,NA,NA,D,0,0,236653.8438,47,2012,149,4,10.99
195013,Active,248355,NA,NA,D,1,0,2489802.038,243.95,2005,26,4,6.48
195014,Active,251939,NA,NA,D,1,0,2563519.844,174.95,2007,20,4,13.54
195015,Active,158033,NA,NA,S,0,0,46041.075,54.95,2002,32,5.63,8.19
195016,Active,2005594,NA,NA,D,1,0,1241483.883,70,2006,16,4.77,67.84
195017,Active,608724,NA,NA,S,5,1,362547.895,49.99,2006,73,4,15.7
195018,Active,621334,NA,NA,S,1,0,404234.2163,63.98,2010,37,11.84,62.99
195019,Active,633203,NA,NA,S,2,1,72606.25125,36.95,2011,31,17.69,27.4
195020,Active,147061,NA,NA,D,8,1,978704.6863,59.95,2003,31,4,34.4
195021,Active,147534,NA,NA,D,9,1,271540.6888,75.95,2008,44,4.78,73.93
195022,Active,536391,NA,NA,S,10,1,90720.19,80.95,2012,47,23.68,50.33
195023,Active,2897114,NA,NA,D,1,0,527344.8375,75.95,1994,29,9.47,53.94
195024,Active,647090,NA,NA,D,4,1,452465.3738,45,2012,40,16.74,24.85
195025,Active,915508,NA,NA,S,2,1,1578064.325,40,2001,22,4,13.64
195026,Active,917609,NA,NA,D,3,1,958544.535,47,2007,27,4,8.65
195027,Active,2231714,NA,NA,S,0,0,8454.85,47.4,2014,12,46.23,48.48
195028,Active,526476,NA,NA,S,5,1,279729.9738,79.95,2011,26,31.43,60.38
195029,Active,910022,NA,NA,D,0,0,1282006.123,34.95,2009,30,5.94,28.95
195030,Active,626238,NA,NA,S,2,1,491351.7388,46,2011,35,9.7,39.75
195031,Active,134880,NA,NA,D,0,0,2388488.301,40,2010,21,4,21.98
195032,Active,157453,NA,NA,S,4,1,1157501.084,56.95,2008,59,5.71,41.82
195033,Active,174315,NA,NA,S,2,1,677412.5375,39.99,2005,29,12.49,33.75
195034,Active,643872,NA,NA,D,2,1,407139.8825,49,2010,20,4.98,26.63
195035,Active,632056,NA,NA,D,3,1,761347.825,44,2013,32,6.48,37.17
195036,Active,1839691,NA,NA,D,5,1,3083417.344,328,2008,17,60.59,132.98
195037,Active,1839708,NA,NA,D,5,1,1114001.391,150,2010,21,77.64,100.65
195038,Active,2006175,NA,NA,S,5,1,102177.05,88.95,2014,15,58.68,64.59
195039,Active,255779,NA,NA,S,4,1,155364.3138,79.95,2005,82,5.47,10.69
195040,Active,1695328,NA,NA,S,0,0,52218.75,69.99,2011,8,50.58,50.63
195041,Active,622122,NA,NA,S,2,1,92379.76625,85,1997,20,48.6,63.99
195042,Active,616052,NA,NA,D,1,0,845536.59,169,2004,55,4,28.37
195043,Active,526471,NA,NA,S,5,1,152171.3963,50.5,2007,109,4,38.29
195044,Active,574585,NA,NA,D,16,1,1437954.176,132,2001,26,6.64,29.99
195045,Active,517243,NA,NA,S,3,1,165570.0375,59.95,2012,44,37.3,45.29
195046,Active,116959,NA,NA,S,4,1,67404.8675,163.4,2005,84,19.09,93.99
195047,Active,621439,NA,NA,S,3,1,370123.3513,142.8,2005,47,18.63,66.89
195048,Active,619420,NA,NA,S,3,1,85577.01625,106.95,2005,42,40.27,85.75
195049,Active,916287,NA,NA,D,0,0,1379047.418,74.95,2004,34,4.26,11.19
195050,Active,555732,NA,NA,S,2,1,104180.0138,74.95,2008,46,27.86,55.79
195051,Active,632220,NA,NA,S,1,0,329384.0288,43.13,2006,22,22.28,42.33
195052,Active,1993913,NA,NA,S,2,1,61461.64875,49.95,2013,30,43.99,46.01
195053,Active,583531,NA,NA,S,2,1,3184238.783,100,2007,10,11.59,554.3
195054,Active,164778,NA,NA,D,2,1,177539.5363,135,2005,53,51.46,90.97
195055,Active,835863,NA,NA,D,2,1,7618044.226,190,2008,12,86.98,156.47
195056,Active,621534,NA,NA,D,0,0,426675.18,39,1992,37,4.78,39
195057,Active,649099,NA,NA,S,0,0,476013.465,44.95,2008,49,17.67,33.24
195058,Active,169492,NA,NA,D,6,1,768820.2463,152.95,2007,20,6.84,587.64
195059,Active,177004,NA,NA,D,5,1,746181.105,68.95,2004,30,4.47,60.81
195060,Active,1981513,NA,NA,S,2,1,307122.5763,41.95,2014,24,35.92,36.46
195061,Active,2142226,NA,NA,S,4,1,266276.725,92.5,2012,12,54.39,81.98
195062,Active,278203,NA,NA,D,1,0,2098248.013,139.95,2005,19,25.76,26.66
195063,Active,894104,NA,NA,D,1,0,4416863.776,85,2003,15,6.32,47.73
195064,Active,526464,NA,NA,D,5,1,22391.88875,217.95,2012,58,18.82,107.92
195065,Active,298489,NA,NA,D,1,0,2568810.686,92.95,2006,21,4.13,32.67
195066,Active,249753,NA,NA,D,3,1,1344111.81,149.95,2006,53,4.09,12.42
195067,Active,291723,NA,NA,D,7,1,495702.885,144.95,2010,35,18.64,64.05
195068,Active,2096755,NA,NA,S,1,0,182524.1838,214.05,2014,29,46.88,73.99
195069,Active,2107726,NA,NA,S,0,0,3699.65,49.99,2014,26,25.93,33.39
195070,Active,199095,NA,NA,D,3,1,460861.9625,150,2002,15,8.99,71.97
195071,Active,870825,NA,NA,D,0,0,297485.3663,110,1993,36,7.99,52.09
195072,Active,199013,NA,NA,D,2,1,498423.5825,175,2000,35,30.94,89.75
195073,Active,152165,NA,NA,D,2,1,2001631.28,89.95,2005,14,7.12,26.98
195074,Active,2586191,NA,NA,S,1,0,68595.025,63,2004,29,41.99,51.91
195075,Active,2089391,NA,NA,S,0,0,31052.8,65.94,2012,10,43.6,42.61
195076,Active,1710490,NA,NA,S,1,0,151373.4575,64.95,2007,44,16.9,37.5
195077,Active,1710491,NA,NA,S,1,0,262745.1463,69.95,2006,37,33.98,49.67
195078,Active,526461,NA,NA,S,3,1,565777.6525,47.99,2009,24,23.43,38.27
195079,Active,899393,NA,NA,S,0,0,643398.11,9.95,2006,18,9.96,9.95
195080,Active,142937,NA,NA,S,2,1,1191586.161,196,2008,40,3.98,7.7
195081,Active,909314,NA,NA,D,0,0,2636416.644,96.8,2008,39,6.25,44.82
195082,Active,775915,NA,NA,D,4,1,1776334.374,42.95,2005,35,4.38,14.99
195083,Active,618970,NA,NA,D,5,1,886031.6963,44.95,2009,41,4,13.98
195084,Active,250402,NA,NA,S,0,0,848211.2963,27,2006,46,4,14.88
195085,Active,869723,NA,NA,D,2,1,2149867.674,31.99,2003,25,4.47,30.63
195086,Active,641784,NA,NA,D,2,1,482069.9325,49.99,2003,28,4.99,43.94
195087,Active,633363,NA,NA,S,3,1,103676.9313,51.95,2008,25,29.97,34.75
195088,Active,574751,NA,NA,D,4,1,1200820.426,130,2008,30,4.53,18.99
195089,Active,595040,NA,NA,D,5,1,463394.4738,207,2011,80,4.77,91.8
195090,Active,53325,NA,NA,D,9,1,794403.2425,12.84,2008,46,4.66,14
195091,Active,642174,NA,NA,D,8,1,87979.195,64.95,2012,50,21.99,38.99
195092,Active,51010,NA,NA,D,6,1,886202.2513,152.95,2005,53,4,11.82
195093,Active,315135,NA,NA,S,1,0,138722.6313,209.2,2008,43,8.79,72.18
195094,Active,183528,NA,NA,S,1,0,67793.44,354.95,2008,79,5.44,65.98
195095,Active,636515,NA,NA,S,5,1,1215209.409,49.95,2010,18,6.87,19.23
195096,Active,2113780,NA,NA,D,2,1,762505.4888,54.99,2013,28,4.78,51.25
195097,Active,3816606,NA,NA,D,0,0,1564365.95,59.99,2011,39,12.05,51.04
195098,Active,2115739,NA,NA,S,3,1,68123.24875,54.99,2015,22,45.96,49.48
195099,Active,864406,NA,NA,S,2,1,283400.05,44.99,2013,29,23.97,29.68
195100,Active,919337,NA,NA,D,1,0,782457.6563,49.99,2009,58,4,19.61
195101,Active,1855195,NA,NA,D,4,1,1498416.711,86,2011,20,33.65,119.36
195102,Active,2161066,NA,NA,S,2,1,248051.4013,130.86,2010,24,13.96,78.92
195103,Active,3545620,NA,NA,D,1,0,813683.15,101.5,1900,68,7.45,63.23
195104,Active,859748,NA,NA,S,0,0,73634.925,100,2008,19,55.99,59
195105,Active,746706,NA,NA,S,1,0,20642.275,39.95,2012,20,22.96,22.97
195106,Active,1601920,NA,NA,S,2,1,145944.08,119.95,2010,41,38.64,77.15
195107,Active,767611,NA,NA,S,9,1,680060.11,115.95,2009,24,4,93.21
195108,Active,510650,NA,NA,D,1,0,7549733.608,319,2007,9,71.99,103.99
195109,Active,251311,NA,NA,S,2,1,221029.0013,49.95,2007,26,27.2,33.34
195110,Active,2832567,NA,NA,S,2,1,938510.4975,89.95,2003,9,33.99,70.86
195111,Active,763725,NA,NA,D,1,0,619722.8163,369.95,1999,25,9.15,23.98
195112,Active,2569600,NA,NA,D,2,1,3628398.191,94.95,1991,17,5.59,28.96
195113,Active,164019,NA,NA,D,3,1,2065350.986,137.5,1999,21,12.98,55.77
195114,Active,185926,NA,NA,S,2,1,310112.7213,44.99,2003,36,4.12,31.73
195115,Active,526452,NA,NA,S,5,1,251833.2988,34.99,2011,56,5.38,21.82
195116,Active,185973,NA,NA,S,7,1,1184367.704,29.99,2005,52,3.99,7.78
195117,Active,542417,NA,NA,S,4,1,952951.6363,44.99,2013,45,4,11.97
195118,Active,921324,NA,NA,S,1,0,1649820.98,34.99,2009,61,3.78,7.94
195119,Active,202704,NA,NA,S,4,1,137108.85,34.99,2009,25,10.38,18.94
195120,Active,292467,NA,NA,S,4,1,986693.1225,39.99,2008,81,4,18.5
195121,Active,121326,NA,NA,S,3,1,1492694.259,44.99,2008,45,4,8.26
195122,Active,623649,NA,NA,S,2,1,582778.3013,39.99,2002,46,4,18.94
195123,Active,185931,NA,NA,S,3,1,295400.2688,24.99,2004,78,4,20.54
195124,Active,536140,NA,NA,S,4,1,5721.775,29.99,2012,30,20.98,21.42
195125,Active,185995,NA,NA,S,0,0,829414.265,54.99,2009,32,4.82,0
195126,Active,608875,NA,NA,S,4,1,501990.415,34.99,2008,32,4,9.99
195127,Active,185918,NA,NA,S,4,1,1673033.048,39.99,2003,38,4,5.9
195128,Active,620265,NA,NA,S,8,1,600289.65,79.99,2010,35,12.99,18.97
195129,Active,608987,NA,NA,S,9,1,1208501.143,95.95,2009,22,19.48,47.17
195130,Active,912839,NA,NA,D,11,1,1761660.671,41.95,2008,29,4.75,51.73
195131,Active,1826425,NA,NA,S,13,1,571872.9175,65.95,2015,23,7.36,44.48
195132,Active,621778,NA,NA,D,12,1,1330462.501,94.95,2008,32,5.98,15.99
195133,Active,632545,NA,NA,S,2,1,23726.275,34.95,2010,21,31.99,28.86
195134,Active,2154535,NA,NA,S,1,0,457244.765,39.99,2015,3,27.99,43.98
195135,Active,621174,NA,NA,D,2,1,1406894.8,95.5,1900,29,13.83,51.24
195136,Active,3823738,NA,NA,D,0,0,3873811.4,85,2013,24,55.41,53.75
195137,Active,639998,NA,NA,D,1,0,1164375.521,79.95,2011,22,37.99,45.99
195138,Active,2043162,NA,NA,D,2,1,589536.9663,69.95,2012,19,32.25,58.4
195139,Active,1944488,NA,NA,D,0,0,1332889.113,69,2010,14,44.14,50.77
195140,Active,2043046,NA,NA,D,1,0,1235011.836,58.97,2008,18,7.11,43.58
195141,Active,3794871,NA,NA,D,1,0,2576833.25,0,2013,17,23.73,25.98
195142,Active,2043078,NA,NA,D,1,0,3672117.173,43.99,2009,14,28.1,29.24
195143,Active,1445216,NA,NA,S,0,0,221187.2125,11.71,2015,16,12.33,12.21
195144,Active,203776,NA,NA,D,3,1,273649.1488,119,2005,30,7.53,62.94
195145,Active,2261779,NA,NA,D,3,1,1604289.946,184.4,2006,23,35.5,136.6
195146,Active,1765904,NA,NA,S,0,0,552140.2313,99.99,2014,30,38.98,41.55
195147,Active,167198,NA,NA,S,0,0,2312915.268,21.99,2006,50,4,4
195148,Active,167301,NA,NA,S,2,1,847893.2588,70,2006,30,14.84,0
195149,Active,3514006,NA,NA,D,0,0,4105989.7,99.5,1983,12,37.48,89.06
195150,Active,3514055,NA,NA,D,2,1,4383541.65,182,1993,18,48.99,109.7
195151,Active,661180,NA,NA,D,3,1,708754.37,149,2011,19,62.19,0
195152,Active,904333,NA,NA,D,0,0,1775036.031,129,2004,28,36.11,102.87
195153,Active,2034941,NA,NA,D,0,0,206813.47,129,2006,24,57.07,153.98
195154,Active,632586,NA,NA,S,2,1,254228.94,31.99,2010,70,16.31,20.42
195155,Active,3087889,NA,NA,D,0,0,802946.6938,49.95,2004,25,9.28,29.84
195156,Active,266739,NA,NA,D,1,0,955903.8963,54.95,2005,18,30.98,79.13
195157,Active,2773092,NA,NA,S,1,0,1010579.678,42.5,1981,32,10.83,22.35
195158,Active,701010,NA,NA,S,4,1,378463.2738,109,2006,35,38.44,67.13
195159,Active,760839,NA,NA,D,4,1,1720613.129,130,2002,22,8.42,28.98
195160,Active,301430,NA,NA,D,0,0,250231.5013,99,2011,23,66.63,69.27
195161,Active,446939,NA,NA,D,2,1,1052117.861,145,2010,17,34.69,47
195162,Active,161541,NA,NA,D,1,0,2737885.401,140,2007,13,23.99,13.88
195163,Active,617287,NA,NA,S,3,1,7396.02625,49.95,2008,49,24.72,28.68
195164,Active,2054256,NA,NA,S,0,0,684538.94,40,2015,42,8,26.98
195165,Active,592338,NA,NA,S,1,0,1182973.943,77.95,2008,49,3.99,13.86
195166,Active,249082,NA,NA,D,4,1,34723.0725,47.95,2009,117,12.65,37.95
195167,Active,1519101,NA,NA,S,6,1,3960.9325,53.95,2015,67,36.21,39.93
195168,Active,54940,NA,NA,D,3,1,831333.2038,44.95,2006,160,4,22.96
195169,Active,877762,NA,NA,S,5,1,753928.345,53.98,2011,68,6.96,68.24
195170,Active,608913,NA,NA,S,2,1,751880.6813,59.95,1998,61,4,43.19
195171,Active,610037,NA,NA,S,4,1,47145.095,62.95,2012,62,24.89,42.99
195172,Active,618005,NA,NA,D,0,0,1600055.709,67.95,2005,42,4,43.96
195173,Active,249199,NA,NA,S,2,1,124092.3125,107,2009,42,8.34,64.39
195174,Active,526438,NA,NA,S,3,1,220431.75,83.95,2010,19,45.85,68.83
195175,Active,526436,NA,NA,D,1,0,1591679.593,91.95,2012,26,5.74,52.4
195176,Active,624096,NA,NA,S,2,1,654237.4213,142,2006,28,8.48,52.62
195177,Active,775109,NA,NA,S,2,1,2469317.516,125,2002,20,8.6,31.99
195178,Active,617330,NA,NA,D,1,0,990701.365,69.95,2009,46,4.41,31.93
195179,Active,254018,NA,NA,D,3,1,793750.6888,67.95,2010,33,11.75,36.98
195180,Active,545963,NA,NA,S,4,1,153416.9875,79.95,2013,43,18.72,38.99
195181,Active,248815,NA,NA,D,2,1,1639930.744,59.95,2007,41,4,6.63
195182,Active,924393,NA,NA,S,0,0,58832.7975,39.95,2015,19,30.99,36.8
195183,Active,616517,NA,NA,S,0,0,811065.455,39.95,2011,61,4,5.99
195184,Active,254031,NA,NA,S,2,1,109601.3788,64.95,2011,56,11.62,43.99
195185,Active,293146,NA,NA,D,0,0,926905.7213,34.95,2001,44,4,13.99
195186,Active,293145,NA,NA,D,0,0,1030932.529,34.95,2001,36,4,8.99
195187,Active,298373,NA,NA,S,2,1,496348.29,49.95,2005,44,4.12,36.5
195188,Active,386568,NA,NA,S,2,1,794766.855,44.95,2006,29,5.27,53.98
195189,Active,192451,NA,NA,D,1,0,676003.7375,39.95,2004,63,4,38.98
195190,Active,298413,NA,NA,S,2,1,185144.575,49.95,2009,33,23.8,40.53
195191,Active,249097,NA,NA,D,4,1,516646.1163,48.95,2008,107,4,12.99
195192,Active,192878,NA,NA,S,2,1,1511129.968,35.95,2002,49,4.8,23.99
195193,Active,867739,NA,NA,S,6,1,8309.26125,54.95,2014,73,27.87,33.97
195194,Active,860475,NA,NA,D,5,1,94633.07125,54.95,2011,171,6.96,27.92
195195,Active,249081,NA,NA,D,1,0,928784.6013,45.95,2008,37,15.9,29.21
195196,Active,1519114,NA,NA,S,2,1,51758.99625,39.95,2015,8,29.95,29.89
195197,Active,293132,NA,NA,D,1,0,1409292.266,58.95,2000,28,4.93,25.98
195198,Active,526432,NA,NA,S,2,1,369881.415,73.95,2008,55,12.81,61.08
195199,Active,249197,NA,NA,S,3,1,395752.3513,97.95,2008,68,10.23,73.98
195200,Active,1742290,NA,NA,S,2,1,101883.25,39.95,2008,16,16.04,38.99
195201,Active,672441,NA,NA,D,0,0,31996.29875,19.99,2006,241,4,8.99
195202,Active,898681,NA,NA,D,0,0,676430.355,89.99,2006,19,4.78,0
195203,Active,626606,NA,NA,S,1,0,372642.6025,37.89,1990,44,4,37.89
195204,Active,771920,NA,NA,S,2,1,56332.1525,156.95,2006,50,42.05,72.49
195205,Active,234742,NA,NA,D,5,1,1086147.643,125,2003,48,22.41,78.99
195206,Active,2064266,NA,NA,S,1,0,51042.92625,85.5,2008,55,7.88,17.99
195207,Active,3042331,NA,NA,S,3,1,21582.375,50.4,2002,32,30.48,47.5
195208,Active,918788,NA,NA,S,2,1,284576.7688,70.99,1992,46,16.16,62.19
195209,Active,586323,NA,NA,S,2,1,65274.795,73.55,1991,127,9.49,28.98
195210,Active,918956,NA,NA,S,1,0,129427.49,92.65,2008,49,10,11.99
195211,Active,3042282,NA,NA,S,4,1,16762.95,75.4,2001,111,7.98,23.98
195212,Active,3042289,NA,NA,D,0,0,86449.06875,17.25,2001,22,8.87,17.25
195213,Active,3042284,NA,NA,S,1,0,75626.1625,78,1994,106,12.44,25.99
195214,Active,923230,NA,NA,D,1,0,36055.4725,75.4,2003,114,7.4,30.6
195215,Active,3094967,NA,NA,S,3,1,16701,52.65,2004,48,8.97,31.68
195216,Active,3042294,NA,NA,S,2,1,46438.755,66.9,2001,160,5.64,33.02
195217,Active,3094968,NA,NA,S,3,1,45191.5575,52.65,2004,38,18.99,35.99
195218,Active,3094952,NA,NA,D,1,0,373891.4363,9.35,2003,20,8.92,12.99
195219,Active,3042423,NA,NA,D,1,0,43900.4125,75.4,2003,148,7.24,21.99
195220,Active,613332,NA,NA,S,3,1,61493.4,32.45,2004,97,7.85,15.74
195221,Active,3042424,NA,NA,S,1,0,31026.24,75.3,2003,86,10.2,41.56
195222,Active,612918,NA,NA,S,3,1,80800.15625,79.95,2001,159,5.18,0
195223,Active,2064274,NA,NA,D,4,1,597459.9338,99,2009,15,28.99,71.95
195224,Active,3094969,NA,NA,S,4,1,29975.42875,52.65,2005,36,12.97,31.49
195225,Active,3094970,NA,NA,S,3,1,32845.31125,50.6,2004,48,19.97,43.99
195226,Active,614863,NA,NA,S,1,0,28429.54,81.4,2003,78,11.73,69.98
195227,Active,915392,NA,NA,S,2,1,292141.9013,121.5,1999,24,30.17,58.98
195228,Active,2630229,NA,NA,S,2,1,100025.775,31.97,1999,35,6.48,22.97
195229,Active,239426,NA,NA,S,0,0,54522.24375,58.5,1997,117,4.84,15.31
195230,Active,2039694,NA,NA,S,1,0,17630.975,75.95,2007,75,9.09,46.47
195231,Active,2039715,NA,NA,S,1,0,383135.4588,44.8,2006,10,7.13,7.93
195232,Active,2039710,NA,NA,D,1,0,38044.02375,79,2006,77,11.95,35.99
195233,Active,2039723,NA,NA,S,0,0,65151.14625,79,2007,77,13.98,37.98
195234,Active,2059248,NA,NA,S,1,0,35281.925,74.3,2007,42,19.83,56.38
195235,Active,919453,NA,NA,S,1,0,35834.89125,74.3,2007,72,9.05,63.73
195236,Active,2059246,NA,NA,S,1,0,94533.425,74.3,2008,26,35.98,63.48
195237,Active,3042400,NA,NA,D,0,0,483440.9888,28.94,1996,17,9.99,26.15
195238,Active,609252,NA,NA,S,3,1,1808857.881,45,1996,43,3.99,9.84
195239,Active,284961,NA,NA,S,4,1,107001.1213,45,2001,78,4.11,12.34
195240,Active,106476,NA,NA,S,2,1,82373.50125,45,2006,77,4.69,12.17
195241,Active,3783068,NA,NA,D,3,1,1874429.2,89,2004,24,33.11,52.99
195242,Active,3783064,NA,NA,D,2,1,4973432.95,79,1999,10,4,0
195243,Active,668099,NA,NA,D,1,0,2421485.096,164.99,2006,21,18.99,46.94
195244,Active,1932492,NA,NA,S,1,0,75422.675,54.99,2013,18,23.75,29.48
195245,Active,647048,NA,NA,S,1,0,30743.25,49.99,2012,18,25.44,25.44
195246,Active,870165,NA,NA,S,2,1,479291.7188,47.95,2003,41,8,7.22
195247,Active,870174,NA,NA,D,2,1,312494.0888,90.35,2003,38,7.94,18.57
195248,Active,386477,NA,NA,D,3,1,84265.25625,58,2011,41,34.73,43.99
195249,Active,2029113,NA,NA,S,1,0,45800,66.67,2014,19,42.24,53.99
195250,Active,2029110,NA,NA,S,1,0,444668.9625,50,2014,53,18.72,42.88
195251,Active,914546,NA,NA,S,2,1,1285676.936,99,1992,25,7.32,51.61
195252,Active,621410,NA,NA,S,3,1,158281.91,99,2007,36,53.97,61.95
195253,Active,327627,NA,NA,S,2,1,640375.6025,53.65,2005,48,4,17.84
195254,Active,626421,NA,NA,S,2,1,602952.9925,60,2005,40,4.76,8.99
195255,Active,875367,NA,NA,S,7,1,881271.0263,78.95,1996,84,4,23.63
195256,Active,60835,NA,NA,D,8,1,687159.2638,248.95,2002,85,4.58,16.99
195257,Active,278610,NA,NA,D,1,0,624567.9525,59.95,2002,23,5.34,49.21
195258,Active,106867,NA,NA,S,1,0,10627.325,30,2011,37,10.94,16.5
195259,Active,106859,NA,NA,S,2,1,71069.4375,22,2011,25,12.24,0
195260,Active,538342,NA,NA,S,4,1,91011.2875,23,2013,45,8.21,15.1
195261,Active,538341,NA,NA,S,4,1,118134.92,22,2013,24,8.89,15.09
195262,Active,537721,NA,NA,S,6,1,13802.62375,22,2012,41,8.15,0
195263,Active,106646,NA,NA,S,5,1,274551.105,20,2008,87,4,0
195264,Active,106770,NA,NA,S,3,1,288340.7525,20,2009,52,4,11.49
195265,Active,538339,NA,NA,S,10,1,53230.97875,22,2013,32,12.84,13.85
195266,Active,106854,NA,NA,S,11,1,9448.8975,22,2011,95,6.98,11.14
195267,Active,862275,NA,NA,S,4,1,6833.4725,21,2014,37,7.87,12.05
195268,Active,106290,NA,NA,S,3,1,691936.2638,18.95,2006,40,4.12,36.89
195269,Active,106709,NA,NA,S,3,1,201878.29,20,2009,76,4.48,18.73
195270,Active,526413,NA,NA,S,3,1,62649.7525,22,2009,71,7.04,11.97
195271,Active,861646,NA,NA,S,6,1,36572.0775,22,2013,48,7.76,15.44
195272,Active,861647,NA,NA,S,6,1,18135.71375,20,2013,36,7.97,15.08
195273,Active,537722,NA,NA,S,5,1,13998.77375,22,2012,55,8.48,0
195274,Active,106652,NA,NA,S,4,1,526822.5888,20,2008,118,4,0
195275,Active,862276,NA,NA,S,5,1,58398.02625,20,2014,35,10.98,15.19
195276,Active,549720,NA,NA,S,3,1,49370.81625,22,2011,42,6.99,13.48
195277,Active,285051,NA,NA,S,4,1,356905.52,20,2008,86,4,38.03
195278,Active,538302,NA,NA,S,4,1,13183.25625,20,2012,52,6.58,6.99
195279,Active,915269,NA,NA,S,4,1,149992.49,29,2011,32,5.92,12.49
195280,Active,1435889,NA,NA,S,2,1,223804.4688,20,2008,72,4,9.81
195281,Active,415895,NA,NA,S,5,1,38951.425,22,2009,36,7.69,13.43
195282,Active,526399,NA,NA,S,3,1,632393.985,20,2008,43,4.49,12.99
195283,Active,526403,NA,NA,S,2,1,602261.06,22,2010,42,4.94,28.24
195284,Active,1436858,NA,NA,S,2,1,72059.45,21,2011,30,6.78,13.1
195285,Active,106651,NA,NA,S,5,1,205837.865,19,2008,83,4,18.15
195286,Active,106856,NA,NA,S,2,1,46978.25,22,2011,21,10.63,11.21
195287,Active,106711,NA,NA,S,2,1,387211.11,21.95,2009,39,4.34,7.94
195288,Active,537724,NA,NA,S,5,1,34851.4975,21,2012,38,6.97,12.23
195289,Active,3472022,NA,NA,S,2,1,2407448.55,110,2001,31,4.49,21.65
195290,Active,797716,NA,NA,S,2,1,1010236.765,79.95,2005,39,4.29,37.26
195291,Active,268441,NA,NA,S,1,0,70801.2675,50,2006,55,31.4,43.57
195292,Active,902374,NA,NA,D,1,0,471288.2738,105,2003,31,29.64,79.32
195293,Active,537481,NA,NA,S,2,1,541183.0725,114,2002,51,4,48.75
195294,Active,789519,NA,NA,D,10,1,1916328.461,410.99,2006,14,8.83,58.64
195295,Active,789071,NA,NA,D,9,1,3018518.175,269,2002,21,6.43,44.8
195296,Active,546798,NA,NA,S,1,0,551452.885,44,2011,53,26.29,31.5
195297,Active,623367,NA,NA,D,6,1,2235456.626,159,2001,22,3.99,0
195298,Active,526394,NA,NA,S,13,1,292912.6713,32.5,2008,69,4.21,10.97
195299,Active,917604,NA,NA,D,11,1,1090774.139,61.95,2007,31,5.44,67.89
195300,Active,54139,NA,NA,D,2,1,356240.0088,249.95,2010,30,5.53,36.47
195301,Active,54140,NA,NA,D,1,0,879616.2125,160.95,2007,34,4.43,28.99
195302,Active,622076,NA,NA,S,2,1,409809.1638,44.95,2003,33,4.28,25.87
195303,Active,60993,NA,NA,D,8,1,857122.99,111.4,2004,51,4,6.89
195304,Active,697516,NA,NA,S,3,1,4456783.465,74.55,1997,26,4.27,51.95
195305,Active,60836,NA,NA,D,5,1,339774.2225,35.73,2005,47,4,14.5
195306,Active,110116,NA,NA,D,6,1,96240.01375,119.73,2008,64,5.26,58.65
195307,Active,615367,NA,NA,D,2,1,2742780.51,69.95,2001,30,4,13.44
195308,Active,642971,NA,NA,D,0,0,843109.15,55,2002,23,23.59,72.26
195309,Active,655155,NA,NA,S,2,1,106749.985,65,2013,29,48.98,49.51
195310,Active,163718,NA,NA,D,1,0,233086.7763,55,2002,29,7.56,47.99
195311,Active,1781301,NA,NA,S,3,1,38087.8875,65,2015,17,49.36,49.4
195312,Active,602983,NA,NA,D,2,1,270448.505,41.5,2009,28,23.29,72.76
195313,Active,651748,NA,NA,D,0,0,237904.225,41.95,2005,22,19.98,63.91
195314,Active,121214,NA,NA,S,3,1,201755.5288,51.6,2010,40,15.87,37.71
195315,Active,915081,NA,NA,D,0,0,1234606.165,57,1987,18,4,46.67
195316,Active,217327,NA,NA,S,2,1,88896.27875,59,2010,50,16.78,42.99
195317,Active,217400,NA,NA,D,1,0,1845003.329,50,2001,41,4,9.94
195318,Active,526390,NA,NA,S,3,1,51791.23375,45.95,2008,32,37.99,38.09
195319,Active,199539,NA,NA,D,2,1,823063.5563,40.95,2002,53,4,8.31
195320,Active,408085,NA,NA,S,8,1,904495.8888,107.18,2010,22,8.27,160.99
195321,Active,833214,NA,NA,D,6,1,2518828.116,259.94,2002,18,4,72.59
195322,Active,107103,NA,NA,D,2,1,3723589.075,94.37,1999,26,3.99,20.27
195323,Active,108059,NA,NA,D,3,1,221181.8563,80.45,2003,40,4.23,43.99
195324,Active,2772094,NA,NA,D,0,0,10151365.79,63.7,1991,9,4,0
195325,Active,2772354,NA,NA,D,2,1,4425881.438,92,1996,18,4,87.17
195326,Active,287524,NA,NA,S,3,1,138691.1825,191.4,2002,45,13.14,0
195327,Active,157694,NA,NA,D,2,1,478027.295,66.95,2009,76,4,15.82
195328,Active,669700,NA,NA,D,3,1,809216.2288,101.23,2008,15,4.78,140.13
195329,Active,2431716,NA,NA,D,8,1,1436855.014,123.6,2005,48,4,14.99
195330,Active,3731002,NA,NA,D,31,1,1527398.25,0,2006,25,15.97,114.39
195331,Active,876791,NA,NA,D,4,1,821689.3225,90.61,2007,49,6.12,73.78
195332,Active,132279,NA,NA,D,4,1,525901.9888,107.8,2007,69,4.11,54.37
195333,Active,1656728,NA,NA,D,2,1,544939.075,81.75,2006,22,12.58,54.85
195334,Active,557167,NA,NA,S,7,1,2108207.134,110.6,2001,31,4,18.89
195335,Active,2374106,NA,NA,S,1,0,106822.825,79.6,2005,26,44.22,55.99
195336,Active,428404,NA,NA,D,9,1,392190.06,149.33,2007,27,34.34,67.83
195337,Active,60838,NA,NA,D,7,1,948442.23,17.99,2006,55,4,17.99
195338,Active,110124,NA,NA,D,8,1,309914.5288,98.58,2008,36,14.99,72.73
195339,Active,392149,NA,NA,D,6,1,577978.5863,55,2007,26,21,44.59
195340,Active,620820,NA,NA,D,4,1,667866.6263,50,2008,50,4,44.97
195341,Active,578921,NA,NA,D,1,0,512878.5725,89,2006,33,14.03,48.74
195342,Active,578951,NA,NA,S,2,1,39311.26625,104.95,2012,67,68.47,73.65
195343,Active,2703743,NA,NA,S,5,1,914674.56,81.75,2005,18,13.85,213.09
195344,Active,859302,NA,NA,D,4,1,3272703.896,73.95,2005,13,11.97,67.63
195345,Active,657285,NA,NA,S,5,1,388852.1913,65.95,2011,21,37.64,55
195346,Active,131351,NA,NA,D,4,1,1530794.975,91.8,2001,21,4,6.48
195347,Active,271094,NA,NA,S,2,1,63638.2425,60,2011,43,28.5,32.25
195348,Active,630200,NA,NA,S,6,1,1574766.434,73.95,2006,32,3.87,45.45
195349,Active,909571,NA,NA,D,1,0,2952870.961,85,1998,24,4,42.98
195350,Active,3272401,NA,NA,D,2,1,6306220.7,113.87,1904,24,64.32,113.87
195351,Active,165339,NA,NA,D,1,0,365686.8438,75,2001,42,3.98,8.99
195352,Active,162615,NA,NA,S,2,1,499065.5738,70,2010,25,32.79,35.98
195353,Active,392669,NA,NA,D,2,1,869746.4538,74.95,2010,38,4.65,19.93
195354,Active,864758,NA,NA,S,5,1,69991.1875,79,2014,26,48.51,63.88
195355,Active,526387,NA,NA,S,2,1,451873.8038,39.95,2008,19,21.81,29.96
195356,Active,132036,NA,NA,S,3,1,104905.1325,57.4,2006,50,22.99,32.44
195357,Active,789809,NA,NA,D,8,1,2189441.07,529,2006,17,15.92,60.56
195358,Active,106216,NA,NA,S,8,1,1441310.201,60.95,2006,23,13.68,59.91
195359,Active,700835,NA,NA,S,8,1,570861.0663,60.95,2006,17,30.73,58.99
195360,Active,514607,NA,NA,D,9,1,255325.615,224,2009,50,23.94,25.43
195361,Active,526385,NA,NA,D,9,1,317583.115,81,2010,73,25.99,53.06
195362,Active,1426465,NA,NA,S,1,0,43419.125,66.56,2011,17,47.96,59.49
195363,Active,618594,NA,NA,S,1,0,49714.175,86.05,2007,49,12.63,35.46
195364,Active,620825,NA,NA,S,0,0,41742.05,72.6,2007,42,28.51,96.64
195365,Active,2040779,NA,NA,S,3,1,129179.425,41.07,2010,14,10.9,34.09
195366,Active,2488765,NA,NA,S,0,0,170217.2013,9.64,2005,26,4.38,9.45
195367,Active,562371,NA,NA,S,0,0,179280.435,98.75,2006,34,13.11,47.65
195368,Active,2040734,NA,NA,S,3,1,109733.2,40.32,2009,23,13.48,34.11
195369,Active,169640,NA,NA,D,6,1,169750.7663,223.95,2010,54,13.75,52.43
195370,Active,363623,NA,NA,S,2,1,36129.77625,81,2006,32,41.47,0
195371,Active,268350,NA,NA,D,1,0,330330.7063,42,2004,38,4,23.99
195372,Active,900615,NA,NA,S,2,1,175103.0075,48,2014,36,31.47,32.58
195373,Active,246739,NA,NA,S,2,1,43784.09625,51.95,2009,38,31.5,31.5
195374,Active,182862,NA,NA,S,2,1,663539.8238,180.95,2003,61,4,22.79
195375,Active,209582,NA,NA,S,2,1,276169.2488,27,2006,57,6.66,26.74
195376,Active,893242,NA,NA,D,2,1,1518497.059,149.95,1994,17,52.23,158.91
195377,Active,613319,NA,NA,S,1,0,144586.83,106.25,2002,78,4.99,51.4
195378,Active,695096,NA,NA,S,1,0,974463.1013,96.45,2004,39,6.24,21.77
195379,Active,859543,NA,NA,S,1,0,166861.2,86.05,2007,32,23.99,45.97
195380,Active,286255,NA,NA,S,10,1,208815.3625,100.8,2011,47,42.14,74.79
195381,Active,607334,NA,NA,D,9,1,1034351.636,70.4,2007,53,4,68.47
195382,Active,114370,NA,NA,D,8,1,3777254.578,54,2003,23,4,16.98
195383,Active,197699,NA,NA,S,4,1,1100222.875,65.47,2005,16,16.1,61.71
195384,Active,712497,NA,NA,S,0,0,529199.6063,95.1,2001,59,6.08,39.98
195385,Active,616555,NA,NA,S,0,0,525033.4088,31.25,2006,54,4,10.1
195386,Active,2373918,NA,NA,S,3,1,681257.9925,24.84,2004,84,4,14.3
195387,Active,552211,NA,NA,S,3,1,188331.0875,28.4,2005,73,4,10.33
195388,Active,552215,NA,NA,S,3,1,919131.52,32.75,2003,46,4,10.94
195389,Active,618303,NA,NA,S,0,0,225611.0513,9.02,2006,56,4.07,17.5
195390,Active,623573,NA,NA,S,0,0,36001.215,119.5,2007,75,20.3,63.99
195391,Active,625379,NA,NA,S,0,0,138539.475,111.25,2006,55,25.65,63.94
195392,Active,888093,NA,NA,D,0,0,3295904.464,77.47,2005,12,4.28,4.49
195393,Active,247830,NA,NA,S,0,0,33749.325,36.95,2008,31,21.67,31.62
195394,Active,1520676,NA,NA,S,0,0,323420.595,82,2009,40,10.88,32
195395,Active,547647,NA,NA,S,0,0,36789.8,70.4,2007,30,21.76,58.94
195396,Active,1520677,NA,NA,S,0,0,630827.545,91,2009,38,12.52,23.99
195397,Active,1426416,NA,NA,S,0,0,45807.55,70.4,2007,32,47.84,97.59
195398,Active,1768072,NA,NA,D,1,0,3227001.233,79.99,2013,11,27.91,8.99
195399,Active,118365,NA,NA,D,10,1,2153789.841,137.4,2005,20,3.99,17.99
195400,Active,534059,NA,NA,D,10,1,594107.1688,144.4,2005,52,4,16.69
195401,Active,710464,NA,NA,D,5,1,1196389.876,88.67,2001,27,4.8,13.99
195402,Active,286509,NA,NA,S,7,1,215617.7425,132,2009,49,7.14,43.47
195403,Active,117901,NA,NA,D,6,1,557277.7588,80.8,2005,30,4,15.08
195404,Active,607260,NA,NA,D,10,1,544089.8,122,2003,40,4,13.98
195405,Active,577046,NA,NA,D,1,0,1801671.768,262.95,2002,33,4.32,6.99
195406,Active,298483,NA,NA,S,2,1,394184.1288,252.95,2007,29,7.65,37.51
195407,Active,115170,NA,NA,S,1,0,191640.5838,180.2,2004,44,7.24,72.11
195408,Active,915856,NA,NA,D,2,1,368791.7675,46,2004,23,4.14,24.99
195409,Active,194046,NA,NA,S,3,1,456318.1725,70,2004,29,24.87,60.79
195410,Active,526380,NA,NA,S,2,1,276033.0463,32.95,2007,31,20.01,26.91
195411,Active,126508,NA,NA,S,2,1,725176.995,112.95,2002,49,5.14,14.01
195412,Active,127594,NA,NA,S,1,0,81061.425,112.95,2010,20,38.59,52.98
195413,Active,51348,NA,NA,D,1,0,501840.8663,8.98,2007,219,4,6.98
195414,Active,2540808,NA,NA,D,0,0,1825835.378,65.95,2004,21,4.76,25.65
195415,Active,621375,NA,NA,S,0,0,146357.5538,75.7,2008,47,17.98,63.99
195416,Active,873335,NA,NA,D,3,1,688259.36,23.86,2003,39,5.59,47.81
195417,Active,608699,NA,NA,D,4,1,73316.22125,206.95,2009,50,5.78,44.66
195418,Active,533987,NA,NA,D,3,1,740610.0175,128.95,2004,85,4,10.7
195419,Active,157536,NA,NA,S,1,0,498360.2238,54.95,2006,24,39.97,39.07
195420,Active,772424,NA,NA,S,0,0,38098.475,72.6,2005,48,9.01,64.46
195421,Active,1599257,NA,NA,S,0,0,209893.59,69.99,2010,35,42.47,43.48
195422,Active,51607,NA,NA,D,6,1,46287.78625,49.99,2009,104,4.39,19.9
195423,Active,252889,NA,NA,S,1,0,602324.2888,148.75,2011,71,4.74,44.3
195424,Active,809117,NA,NA,S,1,0,14591.05625,230.75,2014,82,94.63,129.59
195425,Active,593537,NA,NA,S,1,0,18372.01625,108.98,2012,79,13.29,83.99
195426,Active,809150,NA,NA,S,1,0,848319.5225,73.99,2012,30,10.98,63.74
195427,Active,2337228,NA,NA,S,0,0,1191201.983,111.85,1996,29,4,37.13
195428,Active,639125,NA,NA,D,1,0,4246763.169,49.95,2003,20,4,25.33
195429,Active,125571,NA,NA,S,0,0,268082.9663,49.95,1997,35,11.92,42.21
195430,Active,259486,NA,NA,S,4,1,2025056.835,119,1995,20,4.36,35.99
195431,Active,118959,NA,NA,D,9,1,148118.1725,137.2,2007,75,10.44,57.01
195432,Active,120246,NA,NA,D,10,1,70983.13125,176.6,2011,74,27.27,63.84
195433,Active,907420,NA,NA,D,0,0,3236620.719,28.95,1982,26,4,48.11
195434,Active,659213,NA,NA,S,2,1,548355.0975,75,1994,26,37.97,60.93
195435,Active,610606,NA,NA,S,4,1,32970.16875,65,2014,36,40.29,46.17
195436,Active,538995,NA,NA,S,3,1,672552.8588,44.95,2012,27,17.28,33.97
195437,Active,895580,NA,NA,D,1,0,2288858.059,174.95,2006,13,67.99,78.48
195438,Active,134936,NA,NA,S,3,1,167334.475,34.95,2008,21,22.24,25.69
195439,Active,1483836,NA,NA,S,8,1,437948.475,70,2014,29,41.84,53.98
195440,Active,2601777,NA,NA,S,6,1,713300.1788,60,1994,50,4.09,42.14
195441,Active,539742,NA,NA,D,1,0,269035.3938,39.95,2009,51,15.96,62.12
195442,Active,612743,NA,NA,S,2,1,34019.8225,44.95,2013,31,32.88,38.3
195443,Active,308134,NA,NA,S,1,0,191866.7175,50,2008,73,4,0
195444,Active,722310,NA,NA,S,0,0,606183.615,49.99,2004,16,32.57,34.38
195445,Active,722328,NA,NA,D,0,0,3276931.651,49.99,2007,16,23.95,47.35
195446,Active,722329,NA,NA,S,0,0,501252.4563,79.99,2008,19,52.62,52.65
195447,Active,1479184,NA,NA,S,0,0,26825.7,49.99,2011,16,22.2,27.82
195448,Active,242420,NA,NA,S,3,1,354185.2275,50.95,2005,41,24.3,36.99
195449,Active,755900,NA,NA,S,6,1,257744.4663,22.99,2011,26,10.8,0
195450,Active,1735506,NA,NA,S,17,1,671364.3675,119.99,2013,41,15.96,36
195451,Active,922361,NA,NA,S,0,0,147586.7838,65.97,2006,56,5.87,21.75
195452,Active,1520489,NA,NA,S,0,0,125097.875,98,2006,50,11.83,43.85
195453,Active,133162,NA,NA,S,9,1,61018.9525,129,2010,76,10,43.48
195454,Active,562347,NA,NA,S,0,0,128494.25,90.25,2003,44,4.53,28.98
195455,Active,2488679,NA,NA,S,0,0,74370.775,78.5,2004,50,8.79,14.99
195456,Active,118693,NA,NA,D,4,1,1552759.304,68,2007,49,4,7.18
195457,Active,133161,NA,NA,S,5,1,259480.3788,106.2,2010,58,38.92,78.99
195458,Active,742022,NA,NA,D,1,0,337788.0175,44.99,2008,29,4.98,19.78
195459,Active,206748,NA,NA,S,2,1,1030683.08,54.99,2005,29,4.34,0
195460,Active,2161885,NA,NA,S,0,0,4824.7,72,2010,19,28.99,42.25
195461,Active,659989,NA,NA,D,1,0,425014.8463,67,2003,20,5.81,68.13
195462,Active,3483112,NA,NA,D,3,1,1355877.65,55,1991,37,12.19,47.99
195463,Active,1477431,NA,NA,S,4,1,466483.8438,55,2014,36,29.73,40.59
195464,Active,870775,NA,NA,S,2,1,2007392.656,43.95,1998,34,4,15.01
195465,Active,663212,NA,NA,S,5,1,73845.06375,39.95,2013,46,25.99,29.58
195466,Active,2435181,NA,NA,S,3,1,356940.0763,48.95,1998,29,18.63,30.54
195467,Active,865163,NA,NA,S,2,1,495969.645,316.44,2003,37,15.42,65.98
195468,Active,110776,NA,NA,D,4,1,62029.92625,39.09,2011,65,9.05,33.98
195469,Active,110276,NA,NA,D,3,1,578109.365,13.94,2007,51,4,14.98
195470,Active,2158941,NA,NA,S,0,0,231921.0613,50,2006,27,16.72,30.96
195471,Active,663836,NA,NA,S,2,1,205323.62,65,2013,19,26.19,37.25
195472,Active,1651331,NA,NA,D,3,1,1866369.025,115.95,2012,18,22.4,78.25
195473,Active,3516223,NA,NA,D,2,1,2099258.2,58.95,2009,16,14.46,21.43
195474,Active,751123,NA,NA,S,1,0,1242141.475,39.99,2009,59,3.99,9.98
195475,Active,632131,NA,NA,S,2,1,326249.7763,39.99,2012,52,4,11.98
195476,Active,563814,NA,NA,D,2,1,51390.5325,27.42,1999,121,4,23.49
195477,Active,541257,NA,NA,S,3,1,14338.5825,71,2012,55,34.99,53.54
195478,Active,101173,NA,NA,S,2,1,356121.7,159.95,1997,29,19.84,123.5
195479,Active,791736,NA,NA,D,11,1,388349.5975,0,2004,65,4.5,129.31
195480,Active,614954,NA,NA,S,11,1,69870.7,136.95,2004,116,9.16,63.75
195481,Active,635967,NA,NA,S,25,1,21501.65,39.99,2011,20,29.26,30.15
195482,Active,902168,NA,NA,S,0,0,152501.0475,69.99,2007,34,36.21,43.98
195483,Active,1590514,NA,NA,S,3,1,1034063.648,47.25,2010,7,37.79,38.32
195484,Active,113967,NA,NA,D,6,1,451693.715,153.33,2003,33,12.88,57.04
195485,Active,2692811,NA,NA,S,0,0,266733.0438,60,2003,71,4,31.79
195486,Active,921205,NA,NA,S,2,1,697111.1463,67.5,2000,52,4,26.97
195487,Active,289006,NA,NA,S,3,1,3518746.811,24.95,2001,31,4,48.18
195488,Active,623633,NA,NA,D,2,1,779302.1725,44.95,2004,69,4,0
195489,Active,629113,NA,NA,S,3,1,97827.53875,54.95,2013,22,38.88,0
195490,Active,641717,NA,NA,D,0,0,400594.205,71.95,2005,26,23.94,0
195491,Active,853621,NA,NA,D,2,1,2200201.975,74.2,2002,19,5.91,12.94
195492,Active,60841,NA,NA,D,3,1,140161.0525,33.98,2005,34,4,33.52
195493,Active,569057,NA,NA,S,1,0,903422.3363,49.99,2007,21,35.14,35.21
195494,Active,292214,NA,NA,D,9,1,618373.57,175.95,2006,54,4,33.99
195495,Active,60843,NA,NA,D,8,1,342521.5363,103.56,2003,43,4,9.96
195496,Active,58515,NA,NA,D,3,1,191805.2888,115,2006,40,8.32,34.07
195497,Active,58514,NA,NA,D,2,1,2310722.235,85.33,2002,46,4,4.46
195498,Active,618616,NA,NA,S,0,0,498777.98,12.96,2006,36,6.78,12.05
195499,Active,422485,NA,NA,S,3,1,86664.7475,34.99,2012,53,19.86,24
195500,Active,2053409,NA,NA,S,0,0,25357.96125,199.95,2011,20,15.34,21.88
195501,Active,824172,NA,NA,D,1,0,1422673.721,34.95,1993,48,4,10.38
195502,Active,633505,NA,NA,D,2,1,660594.9213,40.95,2003,29,6.39,0
195503,Active,661226,NA,NA,S,2,1,139950.0138,69,2010,27,21.92,65.57
195504,Active,905851,NA,NA,D,1,0,2128030.318,64,2005,19,4,45.17
195505,Active,627862,NA,NA,S,1,0,38300.375,39.99,2013,27,17.14,25.23
195506,Active,271115,NA,NA,S,0,0,7799.225,44.99,2015,30,25.99,27.99
195507,Active,143089,NA,NA,S,3,1,1659909.954,35,2005,16,8.48,28.5
195508,Active,288476,NA,NA,S,4,1,808697.7413,43,2010,24,19.38,43
195509,Active,2552172,NA,NA,D,2,1,2682335.373,379,1994,22,8.51,82.53
195510,Active,218580,NA,NA,D,1,0,708314.6388,68.95,1996,47,4,42.53
195511,Active,147059,NA,NA,D,2,1,189194.0488,106.95,2007,40,28.99,79.95
195512,Active,912558,NA,NA,D,1,0,1001260.459,54.99,2005,17,9.53,57.6
195513,Active,660714,NA,NA,S,2,1,107244.855,59.99,2013,32,25.05,40.74
195514,Active,595041,NA,NA,S,7,1,279192.2825,220,2011,100,5.48,18.99
195515,Active,775695,NA,NA,S,4,1,8304095.53,85,2002,18,4,13.94
195516,Active,914996,NA,NA,D,3,1,1098969.075,38.95,2005,33,4,12.98
195517,Active,2263379,NA,NA,D,2,1,9350409.896,81.95,2010,20,10.07,80.44
195518,Active,636167,NA,NA,D,0,0,1585887.534,35,2006,21,4,14.92
195519,Active,612534,NA,NA,S,6,1,46143.12625,49.95,2013,44,15.64,32.71
195520,Active,630028,NA,NA,D,2,1,720056.1188,198,2010,54,5.2,32.53
195521,Active,1506228,NA,NA,D,2,1,702885.8075,95,2011,35,13.98,80.84
195522,Active,737565,NA,NA,S,5,1,736258.95,44,2007,26,5.95,0
195523,Active,265914,NA,NA,D,6,1,5591105.901,116,2004,13,4.73,30.99
195524,Active,526362,NA,NA,D,7,1,2464337.848,151,2007,20,4,13.49
195525,Active,546647,NA,NA,D,8,1,686852.69,203,2010,38,4.99,18.49
195526,Active,600112,NA,NA,D,3,1,1684932.23,43,2006,20,4,15.99
195527,Active,862281,NA,NA,S,5,1,743994.9525,44,2014,15,12.51,43.98
195528,Active,546644,NA,NA,S,2,1,2311930.365,44,2007,15,10.79,168.75
195529,Active,656422,NA,NA,S,11,1,1465355.431,39.95,2009,16,10.93,45.66
195530,Active,634900,NA,NA,S,5,1,479363.9975,49.95,2011,52,5.07,15.99
195531,Active,738180,NA,NA,D,6,1,3038664.505,110,2002,11,6.77,50.67
195532,Active,618188,NA,NA,D,3,1,1956007.029,38.95,2005,26,4,11.17
195533,Active,649016,NA,NA,S,6,1,722438.8075,40.95,2009,23,20.01,37.33
195534,Active,2268459,NA,NA,S,3,1,846691.6638,239.71,2011,28,7.7,248.22
195535,Active,618535,NA,NA,S,10,1,3162506.73,134,2006,21,9.31,60.97
195536,Active,656030,NA,NA,D,8,1,1407715.714,43,2009,18,4.3,48.51
195537,Active,270052,NA,NA,D,2,1,1241797.08,179,2008,33,5.33,6.35
195538,Active,610193,NA,NA,D,3,1,293434.5413,216,2011,80,4.32,102.69
195539,Active,143238,NA,NA,S,10,1,119995.55,43,2009,18,30.98,36.33
195540,Active,2108212,NA,NA,S,0,0,206114.4963,36,2015,23,15.08,36
195541,Active,701676,NA,NA,D,6,1,2182591.468,82.51,2008,20,13.99,30.49
195542,Active,618278,NA,NA,S,6,1,6752.5525,80,2008,50,33.99,36.29
195543,Active,162533,NA,NA,S,2,1,112438.615,95,2010,24,43.93,55.56
195544,Active,106235,NA,NA,S,3,1,295517.9913,65,2004,31,15.13,32.17
195545,Active,905528,NA,NA,S,2,1,585156.6138,48,2014,23,24.99,36.11
195546,Active,917306,NA,NA,D,4,1,1253130.04,68.95,2002,33,4,19.6
195547,Active,537492,NA,NA,S,6,1,148716.4413,74.95,2013,44,5.7,43.65
195548,Active,113110,NA,NA,D,5,1,737292.9025,71.95,2007,46,4.35,15.39
195549,Active,543811,NA,NA,D,4,1,83452.97375,102.95,2013,68,8.15,37.99
195550,Active,250054,NA,NA,S,2,1,2255200.926,109.95,2006,36,4,10.75
195551,Active,253887,NA,NA,D,3,1,481593.4113,113.95,2009,81,4,9
195552,Active,903993,NA,NA,S,2,1,3776819.985,44.95,1995,19,4.77,36.23
195553,Active,665903,NA,NA,S,1,0,1104954.534,51,2007,30,7.81,43.27
195554,Active,57290,NA,NA,D,4,1,83621.57,115,2006,72,7.85,14.16
195555,Active,873705,NA,NA,D,0,0,4007095.778,27.46,2009,20,4.57,24.56
195556,Active,615738,NA,NA,D,4,1,1552185.541,154,2005,32,4,30.97
195557,Active,300404,NA,NA,D,5,1,566906.7475,210,2011,55,5.19,155.01
195558,Active,365256,NA,NA,D,0,0,1708647.985,62.95,2001,20,5.62,18.47
195559,Active,365295,NA,NA,S,2,1,634542.1063,72.95,2006,41,10.42,50.97
195560,Active,200629,NA,NA,D,1,0,267664.7975,99.95,2010,86,4.17,12.99
195561,Active,576744,NA,NA,D,1,0,515371.4838,99.95,2010,45,8.97,19.97
195562,Active,576745,NA,NA,D,1,0,708868.0413,107.95,2010,39,6.16,0
195563,Active,564705,NA,NA,D,1,0,1028774.87,49.95,2008,27,8.14,37.49
195564,Active,541536,NA,NA,S,2,1,136789.385,59.95,2012,36,28.07,37.34
195565,Active,365319,NA,NA,S,3,1,896970.255,62.95,2007,42,4.78,61.63
195566,Active,666477,NA,NA,D,4,1,446790.16,215.95,2011,22,12.51,48.39
195567,Active,543807,NA,NA,D,4,1,35936.02875,185.95,2011,136,6.73,187.05
195568,Active,53801,NA,NA,D,3,1,756899.7838,204.95,2008,95,3.86,8.29
195569,Active,608029,NA,NA,S,5,1,183140.4275,99.95,2009,49,44.53,59.98
195570,Active,607968,NA,NA,D,4,1,1083985.7,78.95,2002,37,4.98,23.99
195571,Active,2675846,NA,NA,D,0,0,643213.9163,66.22,1996,35,4.73,40.98
195572,Active,628917,NA,NA,D,2,1,263584.9763,85.2,2003,22,7.89,49.97
195573,Active,3547044,NA,NA,D,2,1,4517488.7,49.95,1991,22,4.89,48.57
195574,Active,163179,NA,NA,S,4,1,201408.5325,67,2011,44,36.19,36.19
195575,Active,184577,NA,NA,D,1,0,1166622.573,95,1999,18,4.68,13.99
195576,Active,1445326,NA,NA,S,2,1,418236.645,84.95,2006,19,17.21,66.79
195577,Active,874321,NA,NA,D,0,0,2521798.62,50.95,2000,102,4,8.79
195578,Active,57143,NA,NA,S,4,1,25805.9575,61.81,2010,71,17.91,48.93
195579,Active,141578,NA,NA,D,2,1,1291329.66,4.41,2003,61,4,4.34
195580,Active,57142,NA,NA,D,3,1,582821.87,6.86,2006,149,4,8.94
195581,Active,132298,NA,NA,S,4,1,168158.7025,181.6,2006,36,32.46,79.89
195582,Active,867922,NA,NA,D,3,1,633816.155,82.67,2003,52,4,6.98
195583,Active,558760,NA,NA,S,2,1,225747.675,65,2010,25,42.95,45.98
195584,Active,110461,NA,NA,S,4,1,91336.6775,142.25,2011,40,53.99,92.9
195585,Active,110750,NA,NA,D,3,1,956837.5913,13.99,2007,39,4,21.95
195586,Active,2014113,NA,NA,S,1,0,610795.985,35,2012,24,10.02,25.56
195587,Active,52410,NA,NA,D,6,1,832171.3688,57.8,2003,67,4,13.94
195588,Active,713678,NA,NA,D,5,1,1715654.84,41,2000,53,4,7.94
195589,Active,52409,NA,NA,S,8,1,19607.3375,111,2009,74,20.34,47.44
195590,Active,873834,NA,NA,D,2,1,1288192.18,103.95,2013,19,6.81,93.99
195591,Active,544455,NA,NA,D,2,1,242199.9963,163.95,2013,88,4.78,33.99
195592,Active,451809,NA,NA,D,1,0,122372.2275,179.95,2010,35,2.66,52.29
195593,Active,2901992,NA,NA,D,0,0,500591.8525,65.95,1997,42,11.11,39.89
195594,Active,666434,NA,NA,D,0,0,695934.5963,75,2002,19,29.52,0
195595,Active,176980,NA,NA,D,3,1,33478.3175,178.95,2004,50,15.3,52.99
195596,Active,545081,NA,NA,S,6,1,71678.03125,155.95,2008,76,19.49,64.05
195597,Active,797709,NA,NA,D,5,1,1841921.335,106.95,2004,42,4,19.34
195598,Active,539914,NA,NA,S,2,1,122255.0188,89.95,2013,81,33.78,71.4
195599,Active,622819,NA,NA,S,1,0,11556.36,60,2001,39,29,35.08
195600,Active,2020221,NA,NA,S,3,1,17939.45,40.98,2007,21,38.94,39.98
195601,Active,52423,NA,NA,S,7,1,1013968.815,94.13,2004,76,4,46.37
195602,Active,533674,NA,NA,D,8,1,615430.705,289,2007,51,6.74,22.84
195603,Active,52424,NA,NA,D,8,1,154305.5213,22.99,2007,110,4.09,20.99
195604,Active,111072,NA,NA,D,7,1,683692.1063,126.25,2009,48,4,27.31
195605,Active,108714,NA,NA,S,5,1,569223.58,56.31,2004,29,8.11,56.17
195606,Active,110115,NA,NA,D,8,1,59935.35,237.5,2012,97,5.68,48.99
195607,Active,111304,NA,NA,D,7,1,537959.62,120,2009,88,4.71,6.09
195608,Active,875749,NA,NA,D,0,0,1498156.466,197.25,2008,74,4,9.56
195609,Active,417188,NA,NA,D,1,0,688756.9713,216,2009,42,4,63.99
195610,Active,2572833,NA,NA,D,3,1,1615202.47,89.95,1989,20,64.89,172.05
195611,Active,56163,NA,NA,D,7,1,37535.895,126,2010,168,8.75,28.99
195612,Active,56162,NA,NA,D,6,1,256445.565,99.95,2006,120,4,19.7
195613,Active,56160,NA,NA,S,5,1,1690957.05,76.95,2002,74,4.32,12.98
195614,Active,862284,NA,NA,S,8,1,18015.435,59.95,2014,29,33.92,41.52
195615,Active,527856,NA,NA,D,7,1,270865.8363,54.95,2010,35,7.44,50.05
195616,Active,147239,NA,NA,D,6,1,167056.9313,44.95,2006,52,4,9.98
195617,Active,873526,NA,NA,S,2,1,2350930.695,27.95,1999,25,4,6.06
195618,Active,651737,NA,NA,D,8,1,1564060.565,66,2001,33,5.97,43.98
195619,Active,504267,NA,NA,D,9,1,1309442.898,120,2008,22,15.63,58.41
195620,Active,276249,NA,NA,D,2,1,2583586.309,72,1999,18,3.99,8.98
195621,Active,534058,NA,NA,D,1,0,100064.5575,48.49,1999,63,5.83,48.49
195622,Active,112805,NA,NA,D,4,1,2170452.483,410,2007,11,67.91,196.13
195623,Active,619176,NA,NA,D,0,0,1141379.719,50,2011,35,4.24,52.13
195624,Active,540477,NA,NA,D,0,0,915497.0063,47,2012,27,8.64,114.37
195625,Active,328225,NA,NA,D,0,0,1032126,48,2011,24,7.97,33.99
195626,Active,738759,NA,NA,D,0,0,687538.7888,52,2013,23,14.78,32.89
195627,Active,624649,NA,NA,D,0,0,409734.5838,54,2014,84,3.84,33.94
195628,Active,613698,NA,NA,D,0,0,1561742.928,45,2010,41,4.32,9.96
195629,Active,2105389,NA,NA,S,0,0,521864.4425,41,2014,34,5.97,25.98
195630,Active,561279,NA,NA,S,3,1,1265153.014,85,2009,38,4,25.99
195631,Active,625251,NA,NA,S,10,1,285436.665,80.8,2010,40,11.42,0
195632,Active,553841,NA,NA,D,5,1,1128885.268,74,2007,79,3.96,0
195633,Active,561421,NA,NA,D,6,1,161343.1738,85,2011,83,4.4,18.63
195634,Active,1516580,NA,NA,S,2,1,405365.1275,89.4,2013,24,47.92,70.64
195635,Active,2374576,NA,NA,S,4,1,252230.6913,95.2,2004,92,3.98,27.59
195636,Active,270135,NA,NA,D,0,0,969408.22,44,2011,54,4,17.97
195637,Active,921563,NA,NA,D,0,0,1256205.866,43,2010,54,4,22.63
195638,Active,121372,NA,NA,S,6,1,359577.2888,50.8,2009,44,17.09,39
195639,Active,526351,NA,NA,S,75,1,720132.6575,39,2008,88,4.17,25.56
195640,Active,905260,NA,NA,S,2,1,884784.1438,39,2014,17,9.89,48.99
195641,Active,1740747,NA,NA,S,2,1,329118.285,49.99,2012,40,32.96,39.67
195642,Active,557201,NA,NA,D,9,1,1108944.378,65.4,2002,31,4,27.33
195643,Active,428472,NA,NA,S,11,1,224511.2525,131.6,2010,99,26.79,53.99
195644,Active,322664,NA,NA,D,10,1,1778886.016,79,2006,41,4,27.97
195645,Active,539609,NA,NA,S,1,0,52270.46,45.8,2008,63,12.7,35.11
195646,Active,2698032,NA,NA,D,1,0,2494169.773,51.95,2000,14,22.98,51.95
195647,Active,569482,NA,NA,S,7,1,1224465.844,47.95,1996,40,4,43.97
195648,Active,919641,NA,NA,D,9,1,364120.1138,160.95,2006,52,11.07,31.24
195649,Active,3514397,NA,NA,D,2,1,4897418.15,48.95,1996,26,5.51,49.87
195650,Active,1472681,NA,NA,S,1,0,1726559.833,15.95,2008,23,5.49,10.63
195651,Active,1470529,NA,NA,S,3,1,320854.3975,24.95,2006,22,15.45,17.86
195652,Active,189844,NA,NA,S,0,0,298522.1538,72.5,2003,35,12.17,43.22
195653,Active,677471,NA,NA,S,4,1,466128.2388,28.4,2006,62,4,21.97
195654,Active,1633827,NA,NA,S,1,0,141614.7363,69.99,2009,68,4,36.98
195655,Active,1633843,NA,NA,S,2,1,664714.1625,69.99,2011,51,4,27.89
195656,Active,625501,NA,NA,S,1,0,226079.4325,43.95,2000,80,20.01,29.99
195657,Active,57311,NA,NA,D,2,1,472852.0713,69.95,2011,67,4.98,31.93
195658,Active,664109,NA,NA,D,4,1,27771.5125,79.95,2014,69,15.56,63.26
195659,Active,533310,NA,NA,D,3,1,43343.29125,79.95,2012,55,10.42,23.6
195660,Active,57310,NA,NA,D,1,0,660331.3488,69.95,2010,45,4,5.49
195661,Active,3791918,NA,NA,D,0,0,507408.1,50,2009,20,28.46,33.66
195662,Active,624192,NA,NA,D,3,1,1521550.398,51,2002,15,4.28,33.99
195663,Active,526346,NA,NA,D,8,1,1960077.683,103.6,2011,19,9.16,74.74
195664,Active,56590,NA,NA,D,7,1,179473.9825,28.99,2008,68,4.99,58.5
195665,Active,56588,NA,NA,D,6,1,838540.7538,190.5,2005,65,4,10.43
195666,Active,599909,NA,NA,D,4,1,992469.3875,65,2005,25,4,9.99
195667,Active,56589,NA,NA,D,8,1,29680.9975,79.99,2010,79,18.99,52.98
195668,Active,891373,NA,NA,S,4,1,5268448.273,115,2001,10,5.14,75.95
195669,Active,163838,NA,NA,S,1,0,1065337.754,50,1996,46,4,11.53
195670,Active,614493,NA,NA,S,1,0,227137.04,50,1993,71,4,9.43
195671,Active,118253,NA,NA,D,12,1,29332.8175,268.4,2011,135,6.16,16.72
195672,Active,314704,NA,NA,D,10,1,842918.4425,180,2006,68,4,10.98
195673,Active,901159,NA,NA,D,0,0,3350558.054,52.95,1998,22,6.95,38.69
195674,Active,3470404,NA,NA,D,1,0,242728,56.95,2008,34,4.82,31.95
195675,Active,637795,NA,NA,S,2,1,291563.55,57.95,2011,32,28.11,0
195676,Active,2649392,NA,NA,D,2,1,1750681.083,46.95,2003,22,4.72,58.15
195677,Active,909724,NA,NA,D,0,0,3952039.498,59.69,2000,17,6.41,55.49
195678,Active,569019,NA,NA,S,2,1,437053.8713,44.99,2007,44,9.26,28.99
195679,Active,1839965,NA,NA,D,3,1,440841.0625,61.95,2008,32,9.25,61.95
195680,Active,731167,NA,NA,D,0,0,2314437.334,49,2000,26,4,52.15
195681,Active,2260376,NA,NA,D,0,0,673080.1,40.71,2006,13,63.97,75.49
195682,Active,758911,NA,NA,D,2,1,503332.4988,80.53,2001,27,6.33,38.45
195683,Active,2569703,NA,NA,D,1,0,1858226.295,99.95,1990,27,10.05,58.23
195684,Active,1471785,NA,NA,S,1,0,305186.5,65,2010,40,44.42,52.77
195685,Active,630797,NA,NA,D,1,0,1474335.496,64,1992,22,4.78,80.36
195686,Active,1645742,NA,NA,D,2,1,938626.2888,49,2008,18,5.95,27.98
195687,Active,632150,NA,NA,S,1,0,50338.65,91.95,2012,40,11.48,72.53
195688,Active,2140372,NA,NA,S,9,1,540312.7,126.34,2010,34,4.71,73.92
195689,Active,667288,NA,NA,S,2,1,313600.3375,65,2012,31,37.16,40.15
195690,Active,875529,NA,NA,S,4,1,109269.625,90.97,2014,27,75.71,85.55
195691,Active,57862,NA,NA,D,8,1,31642.54375,283.95,2009,118,13.97,43.35
195692,Active,296724,NA,NA,D,3,1,9764.58125,129.95,2011,112,6.89,25.94
195693,Active,717726,NA,NA,S,5,1,4596259.791,95.95,1999,33,4,57.65
195694,Active,57865,NA,NA,D,7,1,311303.66,299.95,2006,108,5.3,13.99
195695,Active,231608,NA,NA,D,2,1,158724.8613,110.95,2008,115,4,21.19
195696,Active,832400,NA,NA,S,3,1,182640.4575,84.47,2011,36,8.07,9.54
195697,Active,164678,NA,NA,S,6,1,530520.67,251.5,2003,61,4.48,47.63
195698,Active,178119,NA,NA,S,6,1,655981.62,148.95,2003,70,3.99,18.99
195699,Active,290958,NA,NA,D,7,1,46921.4925,142.95,2010,65,6.55,53.7
195700,Active,655493,NA,NA,S,2,1,236072.8975,40.95,2011,25,19.19,28.85
195701,Active,128181,NA,NA,D,1,0,709802.1225,50,2002,27,4.95,40.49
195702,Active,177929,NA,NA,D,6,1,431170.6288,151.95,2005,107,4,13.93
195703,Active,2899961,NA,NA,D,1,0,731441.0075,25,1994,26,38.51,64.99
195704,Active,671130,NA,NA,S,2,1,1022492.636,52.95,2014,31,8.99,41.99
195705,Active,2343087,NA,NA,D,0,0,3855417.379,70,1994,18,4,11.39
195706,Active,1709024,NA,NA,D,1,0,2329759.568,245,2006,12,28.99,26.05
195707,Active,545414,NA,NA,S,2,1,518413.5488,79.95,2010,28,52.74,56.32
195708,Active,113487,NA,NA,D,3,1,2756629.661,144,2004,16,27.78,37.66
195709,Active,899684,NA,NA,D,2,1,3631972.058,44.95,1992,15,6.98,59.91
195710,Active,3598617,NA,NA,S,3,1,2136865.55,134.95,1999,28,13.07,57.25
195711,Active,682411,NA,NA,S,1,0,55314.38125,52.75,2005,29,20.97,20.16
195712,Active,210834,NA,NA,S,2,1,435530.655,66.95,2002,43,20.41,53.92
195713,Active,679243,NA,NA,S,0,0,154684.8438,26,2012,112,4,0
195714,Active,571797,NA,NA,S,1,0,703033.4025,152.95,2001,23,38.98,92.09
195715,Active,623532,NA,NA,S,8,1,451016.0213,139,2008,45,4.78,56.87
195716,Active,704310,NA,NA,S,7,1,1283300.771,18.99,2003,31,4,28.99
195717,Active,876050,NA,NA,D,4,1,1771031.109,190.87,2009,46,6.95,109.64
195718,Active,696747,NA,NA,D,4,1,4410887.978,81.5,2009,15,7.26,48.99
195719,Active,526342,NA,NA,D,4,1,331322.4313,1733.67,2009,42,4.75,45.34
195720,Active,60844,NA,NA,D,3,1,1747330.843,28.93,2004,41,4,21.99
195721,Active,110027,NA,NA,S,9,1,621766.9988,23.49,2010,57,5.98,54.37
195722,Active,251969,NA,NA,D,3,1,429211.09,93.95,2010,37,5.07,89.1
195723,Active,248407,NA,NA,D,2,1,1687492.386,90.95,2006,30,4,13.97
195724,Active,60845,NA,NA,D,5,1,2401763.945,163.95,2007,38,4,11.74
195725,Active,183062,NA,NA,S,4,1,1171667.271,127.95,2004,27,4,35.21
195726,Active,169995,NA,NA,D,6,1,299388.64,170.95,2010,68,3,29.59
195727,Active,618999,NA,NA,D,2,1,594197.725,137,2007,33,4.64,22.99
195728,Active,622637,NA,NA,S,1,0,39939,192.85,2011,49,31.04,103.93
195729,Active,2073456,NA,NA,S,0,0,74997.575,189,2011,12,42.99,263.98
195730,Active,526340,NA,NA,S,2,1,1562032.301,39.99,2009,40,3.99,7.98
195731,Active,446716,NA,NA,S,3,1,23867.9575,268.25,2010,72,37.58,71.49
195732,Active,165780,NA,NA,D,2,1,501820.995,113.33,2005,47,18.53,62.73
195733,Active,615596,NA,NA,D,1,0,1218064.495,53.98,1998,47,4.97,55.59
195734,Active,2338984,NA,NA,S,2,1,571321.06,135.3,1980,25,4.98,83.2
195735,Active,2533983,NA,NA,S,2,1,630417.84,46.95,1999,53,18.95,41.17
195736,Active,543553,NA,NA,S,0,0,25196.74,49.95,1986,46,27.68,35.63
195737,Active,833798,NA,NA,S,4,1,1501638.091,129,2009,26,4.89,75.01
195738,Active,592227,NA,NA,D,1,0,840941.7975,179.95,2007,49,4,49.43
195739,Active,623861,NA,NA,S,2,1,925937.005,72.95,2009,19,8.43,38.1
195740,Active,639262,NA,NA,S,3,1,366279.6638,72,2009,25,31.76,0
195741,Active,177482,NA,NA,S,3,1,2263406.598,45.95,2001,29,3.99,16
195742,Active,526337,NA,NA,D,6,1,105999.4363,145.95,2012,71,12.78,58.99
195743,Active,169909,NA,NA,D,5,1,461878.08,160.95,2009,38,14.25,111.05
195744,Active,60846,NA,NA,D,4,1,214532.3713,99.95,2005,48,4,20.9
195745,Active,2154957,NA,NA,S,2,1,178033.8313,39.95,2007,27,15.18,22.19
195746,Active,689109,NA,NA,S,0,0,226900.3513,26.99,2012,48,7.28,0
195747,Active,797049,NA,NA,S,1,0,455509.37,35,2009,30,8.42,68.57
195748,Active,526336,NA,NA,S,2,1,509348.1838,50,2009,38,6.38,34.6
195749,Active,633316,NA,NA,S,5,1,76590.6,44.5,2013,35,5.54,15.79
195750,Active,109399,NA,NA,D,5,1,1017214.841,26.83,2005,31,4,58.44
195751,Active,161526,NA,NA,D,3,1,904502.24,68.66,2007,40,7.44,69
195752,Active,344239,NA,NA,S,2,1,2842090.501,75,2000,19,4.39,33.32
195753,Active,137489,NA,NA,D,2,1,3489768.395,64,2005,28,4.97,51.29
195754,Active,246822,NA,NA,D,3,1,715879.5725,95.6,2008,22,7.19,57.79
195755,Active,664167,NA,NA,S,2,1,262493.535,49.95,2013,25,11.68,14.53
195756,Active,117670,NA,NA,S,0,0,86534.0775,64.99,2005,93,4.53,36.27
195757,Active,698806,NA,NA,S,4,1,2434119.274,30.76,2005,28,4.95,25.96
195758,Active,3472249,NA,NA,D,5,1,2737269.5,146.7,2003,34,4,43.67
195759,Active,51644,NA,NA,S,3,1,2891195.971,117.81,2002,32,4,25.99
195760,Active,869172,NA,NA,D,7,1,2015502.831,26.49,2011,25,4.12,23.12
195761,Active,534108,NA,NA,D,4,1,787809.8338,28.11,2005,62,4.25,28.97
195762,Active,51646,NA,NA,D,5,1,49272.34125,53.88,2008,55,7.99,49.44
195763,Active,3644780,NA,NA,S,2,1,508987.55,49.95,2015,27,31.99,44.89
195764,Active,118240,NA,NA,S,2,1,95961.29125,30.01,2010,100,11.29,25.67
195765,Active,3792557,NA,NA,D,5,1,1439292.5,0,2008,46,4.98,17.86
195766,Active,1456479,NA,NA,S,5,1,857083.0563,98.47,2008,27,16.48,44.95
195767,Active,2263694,NA,NA,S,6,1,202881.5038,0,2012,45,23.87,53.99
195768,Active,526329,NA,NA,D,4,1,295240.5913,94,2006,69,5.77,25.87
195769,Active,120222,NA,NA,S,5,1,569379.745,102.31,2010,29,8.47,72.75
195770,Active,842500,NA,NA,D,5,1,863079.265,13.67,2008,86,4,12.99
195771,Active,264351,NA,NA,D,4,1,2606481.961,14.99,2006,58,4,45
195772,Active,662931,NA,NA,S,6,1,38171.75,46.67,2008,15,44.77,44.34
195773,Active,2266153,NA,NA,S,6,1,1276255.644,197.92,2011,37,48.43,144.01
195774,Active,665404,NA,NA,S,6,1,58413.05,75.31,2012,22,43.84,78.48
195775,Active,637026,NA,NA,S,4,1,29810.66125,52.95,2010,38,34.96,38.82
195776,Active,558389,NA,NA,D,3,1,237370.6275,57.95,2003,36,8.98,31.94
195777,Active,264919,NA,NA,S,3,1,504676.1963,69.95,2003,32,32.05,55.91
195778,Active,793349,NA,NA,D,0,0,2719846.806,160,2001,21,10.46,63.47
195779,Active,293529,NA,NA,S,0,0,605830.1775,57.95,2011,111,4,13.99
195780,Active,907889,NA,NA,D,2,1,458892.905,321.81,1995,34,4,68.77
195781,Active,505461,NA,NA,S,0,0,38984.275,69.95,2008,49,45.14,58.09
195782,Active,116685,NA,NA,D,0,0,906234.9488,108.8,2004,30,10.71,93.07
195783,Active,575888,NA,NA,D,3,1,211059.5225,109.15,2009,58,4.98,49.73
195784,Active,622217,NA,NA,S,4,1,42300.95875,137.54,2012,36,28.99,106.85
195785,Active,197952,NA,NA,D,3,1,931505.0713,20.95,2008,36,4.48,31.71
195786,Active,526327,NA,NA,S,2,1,319210.5413,65,2008,58,40.31,48.44
195787,Active,636352,NA,NA,S,2,1,654592.7013,60,2008,35,46.57,131.25
195788,Active,882869,NA,NA,D,1,0,9408652.381,199.95,2001,11,48.98,171.05
195789,Active,144210,NA,NA,D,1,0,302711.5713,119,2001,32,6.42,53.73
195790,Active,52775,NA,NA,D,4,1,823534.6013,74.07,2000,27,4,73.94
195791,Active,52773,NA,NA,D,5,1,1207742.939,13.97,2004,47,4,15.14
195792,Active,125845,NA,NA,S,0,0,247587.3325,40,2000,48,8.36,26.08
195793,Active,615644,NA,NA,S,1,0,56375.375,141.2,2005,29,37.67,115.45
195794,Active,616384,NA,NA,S,3,1,65206.0825,73,2008,41,26.27,58.85
195795,Active,868412,NA,NA,D,2,1,844480.8725,52.95,2001,36,4,52.87
195796,Active,526325,NA,NA,S,2,1,699179.5738,61.95,2006,24,28.93,54.62
195797,Active,260752,NA,NA,S,2,1,225784.7475,39.95,2001,57,6.98,25.33
195798,Active,270010,NA,NA,D,2,1,949603.4188,215,2007,38,6.16,125.07
195799,Active,633288,NA,NA,S,2,1,142951.36,49.95,2009,43,6.99,38
195800,Active,613712,NA,NA,D,1,0,673831.4613,69.95,2008,56,4.48,5.21
195801,Active,2814442,NA,NA,S,2,1,729527.515,46,2004,38,4,29.49
195802,Active,132633,NA,NA,D,3,1,281255.9188,108.6,2009,73,4,33.99
195803,Active,655099,NA,NA,S,4,1,28892.73125,104.25,2013,67,49.99,77.86
195804,Active,131581,NA,NA,S,1,0,995769.0763,68.8,2003,28,4,12.52
195805,Active,647475,NA,NA,S,2,1,604873.6763,58,2006,42,4,21.49
195806,Active,132172,NA,NA,D,2,1,467435.15,86.2,2006,43,4,23.94
195807,Active,564964,NA,NA,S,1,0,32493.5775,35.95,2012,41,23.84,31.73
195808,Active,2611805,NA,NA,S,2,1,147447.5388,34.99,2000,69,16.95,27.97
195809,Active,649056,NA,NA,S,2,1,426374.6425,42,2009,26,22.57,42
195810,Active,585313,NA,NA,S,0,0,1514306.976,32,2004,19,7.77,21.49
195811,Active,526323,NA,NA,S,2,1,46861.96375,104.95,2012,44,45.99,81.99
195812,Active,169076,NA,NA,D,1,0,202633.1038,107.95,2005,43,4,17.98
195813,Active,629508,NA,NA,S,2,1,676469.1013,31.95,2002,24,14.06,27.05
195814,Active,618009,NA,NA,D,1,0,298582.5513,69.95,2004,45,4.33,36.87
195815,Active,184470,NA,NA,S,1,0,285855.1,57.95,2002,70,6.96,37.99
195816,Active,200298,NA,NA,D,4,1,3991338.284,83.95,2004,21,4,23.84
195817,Active,200382,NA,NA,D,5,1,368406.0213,87.95,2008,42,7.53,21.51
195818,Active,1933299,NA,NA,S,6,1,113906.435,94.95,2013,51,35.49,49.92
195819,Active,265922,NA,NA,D,2,1,1753615.974,191,2005,25,4,38.49
195820,Active,598829,NA,NA,D,2,1,1650105.078,163,2003,27,6.31,32.16
195821,Active,157257,NA,NA,S,2,1,1303512.973,56.95,2006,32,5.21,45.32
195822,Active,867574,NA,NA,S,2,1,389801.905,48.95,2013,19,14.09,40.93
195823,Active,157064,NA,NA,D,0,0,673988.44,32.95,2005,21,7.99,56.99
195824,Active,526322,NA,NA,S,2,1,382193.67,49.95,2012,30,27.27,27.28
195825,Active,533570,NA,NA,D,4,1,21559.71875,210.95,2012,131,11.03,35.89
195826,Active,53556,NA,NA,D,3,1,128421.9488,231.95,2009,76,5.84,101.54
195827,Active,53555,NA,NA,D,2,1,1012711.594,144.95,2006,102,4,11.16
195828,Active,915481,NA,NA,D,2,1,1027280.51,25,2006,58,6.12,14.46
195829,Active,644594,NA,NA,D,4,1,259916.1513,134.95,2012,23,13.1,63.58
195830,Active,866750,NA,NA,S,11,1,115981.425,150,2013,32,52.97,83.97
195831,Active,876142,NA,NA,D,0,0,3090118.253,69.5,2003,40,3.99,23.98
195832,Active,696981,NA,NA,D,3,1,3055286.658,185,1998,26,5.58,70.32
195833,Active,117027,NA,NA,S,2,1,1549498.611,42,2007,32,4,43.86
195834,Active,863720,NA,NA,S,2,1,986611.4388,45.6,2009,58,4,23.99
195835,Active,248800,NA,NA,D,6,1,3741158.629,503.95,2006,8,45.95,1170.1
195836,Active,375378,NA,NA,D,2,1,578220.94,44.95,2005,41,4,20.19
195837,Active,630257,NA,NA,S,1,0,266942.345,45.95,2004,61,6.34,39.99
195838,Active,910157,NA,NA,S,0,0,590805.45,69,2004,23,13.98,24.24
195839,Active,544318,NA,NA,S,3,1,156914.4575,76.95,2012,43,18.74,46.84
195840,Active,3522581,NA,NA,D,0,0,2006229.75,6.99,2006,16,6.45,13.78
195841,Active,2166392,NA,NA,S,5,1,277434.73,59.99,2013,12,36.83,47.54
195842,Active,185229,NA,NA,D,0,0,797834.2438,45,2006,28,25.72,109.34
195843,Active,721007,NA,NA,S,1,0,857671.0825,99,2003,60,4.19,27.98
195844,Active,719256,NA,NA,S,2,1,1028330.083,74,2000,29,4.41,14.62
195845,Active,639452,NA,NA,S,1,0,566892.8888,35,2003,21,21.93,31.06
195846,Active,619826,NA,NA,D,2,1,339136.8675,99,2007,80,4,30.2
195847,Active,825656,NA,NA,S,1,0,1125940.39,36,1998,59,4,8.54
195848,Active,874795,NA,NA,S,1,0,632855.14,48,1986,38,4,49.55
195849,Active,606707,NA,NA,D,2,1,141947.5263,236.95,1995,62,5.07,43.07
195850,Active,2431236,NA,NA,D,1,0,2417602.321,93.6,1996,25,4,28.94
195851,Active,643962,NA,NA,S,2,1,83287.095,55,2009,30,39.78,0
195852,Active,553895,NA,NA,S,2,1,572530.7538,51.4,1998,30,4,13.99
195853,Active,1932347,NA,NA,S,2,1,454541.4388,44.99,2012,40,4.96,26.06
195854,Active,861658,NA,NA,S,1,0,731954.0788,49.99,2013,27,28.86,31.47
195855,Active,1628325,NA,NA,S,0,0,492360.7413,44.13,2014,14,4.26,29.5
195856,Active,147005,NA,NA,D,5,1,611828.59,86.95,2002,50,4.89,22.95
195857,Active,526314,NA,NA,S,7,1,15797.72625,78.95,2012,33,51.38,54.95
195858,Active,147164,NA,NA,D,6,1,435532.295,69.95,2005,39,9.3,67.03
195859,Active,192863,NA,NA,D,1,0,1206371.246,135,2001,25,56.47,158.15
195860,Active,2116170,NA,NA,D,1,0,6126683.71,117.95,2006,10,59.48,171.79
195861,Active,222839,NA,NA,D,0,0,821089.8863,37,1995,24,15.65,60.35
195862,Active,2339782,NA,NA,D,0,0,8481856.004,0,1961,9,33.94,0
195863,Active,648430,NA,NA,S,3,1,651239.8213,129,2005,33,5.44,64.59
195864,Active,290106,NA,NA,S,2,1,59346.25875,49.99,2007,27,28.87,30.15
195865,Active,634569,NA,NA,D,1,0,1130483.606,99.99,2004,29,10.31,163.11
195866,Active,864763,NA,NA,S,5,1,26011.52875,60.4,2014,42,34.58,39.19
195867,Active,873106,NA,NA,D,3,1,258299.2413,65.21,2009,40,4,46.51
195868,Active,132211,NA,NA,D,3,1,260298.71,43.4,2006,86,3.79,5.48
195869,Active,3601464,NA,NA,D,10,1,6089972.65,208.95,1997,17,7.15,69.89
195870,Active,582927,NA,NA,D,4,1,1050042.104,75.95,2003,56,4,18.99
195871,Active,3246432,NA,NA,D,4,1,2492567.36,114.08,2003,39,5.88,58.96
195872,Active,106699,NA,NA,D,5,1,261179.8713,104,2010,38,10.86,21.98
195873,Active,867952,NA,NA,S,6,1,143447.9163,98,2014,45,27.94,66.23
195874,Active,913842,NA,NA,S,2,1,570568.2813,117,2003,23,5.98,22.98
195875,Active,538492,NA,NA,S,4,1,23754.2075,148,2010,74,30.99,65.89
195876,Active,852446,NA,NA,D,2,1,1973047.396,7.99,2001,38,4.36,10.99
195877,Active,550018,NA,NA,D,3,1,623609.2913,17.49,2005,59,4,27.97
195878,Active,637485,NA,NA,S,4,1,421780.3538,72.68,1983,34,11.18,43.99
195879,Active,2342385,NA,NA,S,3,1,1137623.966,49.07,1977,36,4,49.55
195880,Active,538962,NA,NA,S,7,1,148463.65,79.95,2012,43,13.99,40.06
195881,Active,882149,NA,NA,D,4,1,4266922.255,49.95,1994,17,4.97,58.12
195882,Active,534220,NA,NA,D,6,1,634333.055,73.95,2007,20,15.07,73.41
195883,Active,1651382,NA,NA,D,6,1,2354101.63,76.95,2006,17,23.96,61.98
195884,Active,1444488,NA,NA,S,7,1,253195.1488,79.95,2012,19,36.66,44.28
195885,Active,2664595,NA,NA,D,4,1,2415199.316,183.99,2002,36,4,9.94
195886,Active,629204,NA,NA,S,5,1,406447.6288,239.99,2012,52,42.79,83.98
195887,Active,2337077,NA,NA,D,3,1,4616183.066,96.5,1987,30,4,61.89
195888,Active,859584,NA,NA,S,2,1,398618.3825,249,2007,62,16.98,39.99
195889,Active,914630,NA,NA,D,2,1,1848985.959,55.53,2003,32,4.13,33.99
195890,Active,130520,NA,NA,D,2,1,37692.82375,73.8,2011,71,8.99,27.99
195891,Active,867053,NA,NA,S,3,1,6712.1875,82,2014,61,48.63,53.99
195892,Active,204100,NA,NA,D,0,0,1965446.088,45.95,2007,71,4,8.29
195893,Active,204186,NA,NA,D,2,1,110371.5988,56.99,2010,79,4,21.97
195894,Active,864764,NA,NA,S,9,1,17253.29,90.8,2014,50,47.99,69.36
195895,Active,54277,NA,NA,D,6,1,166638.4338,50.8,2005,92,4,10.57
195896,Active,552320,NA,NA,S,2,1,480620.1263,67.33,2011,21,43.67,0
195897,Active,526307,NA,NA,S,6,1,84207.1075,107.33,2005,102,4,28.92
195898,Active,616969,NA,NA,S,1,0,53676.925,159.95,2004,35,35.08,103.99
195899,Active,60847,NA,NA,S,5,1,637455.2125,66.4,2001,49,4,44.49
195900,Active,119277,NA,NA,S,4,1,58894.29625,76,2011,44,43.57,55.57
195901,Active,144382,NA,NA,S,7,1,570584.1663,39.8,2002,98,3.98,9.99
195902,Active,54685,NA,NA,D,8,1,463065.9875,43.8,2004,114,3.99,14.98
195903,Active,864765,NA,NA,S,11,1,7276.485,49.4,2014,52,29.72,37.98
195904,Active,54686,NA,NA,D,7,1,81174.33625,53.33,2009,105,4,15.69
195905,Active,287419,NA,NA,D,8,1,14859.04,64.4,2012,141,4,23.99
195906,Active,876838,NA,NA,S,9,1,7227.48875,60.6,2014,52,37.6,44.5
195907,Active,674577,NA,NA,S,3,1,719832.02,25,1997,90,3.9,4.96
195908,Active,54314,NA,NA,D,8,1,20977.23875,63,2011,48,17.3,43.98
195909,Active,130616,NA,NA,D,8,1,291925.4913,50.6,2011,39,10.46,52.33
195910,Active,133166,NA,NA,S,3,1,35003.99375,58.4,2010,50,18.24,33.98
195911,Active,125744,NA,NA,S,1,0,77234.16125,49.95,1996,82,4,28.76
195912,Active,120692,NA,NA,S,4,1,71040.16625,109.6,2008,48,43.1,63.98
195913,Active,132912,NA,NA,D,5,1,141305.3688,58,2009,24,13.94,104.13
195914,Active,560748,NA,NA,D,8,1,885074.055,93.8,2002,60,4,22.64
195915,Active,132381,NA,NA,D,10,1,132775.2625,102.6,2007,38,15.81,66.76
195916,Active,309077,NA,NA,S,13,1,36815.395,111.25,2012,54,14.94,55.95
195917,Active,144783,NA,NA,D,8,1,489907.66,45.6,2004,61,4,8.17
195918,Active,133037,NA,NA,D,10,1,591237.7175,56.67,2009,45,3.99,40.87
195919,Active,50942,NA,NA,D,5,1,510748.5988,194.95,2005,80,4,12.87
195920,Active,50941,NA,NA,S,4,1,2389030.021,233.95,1999,33,4,16.66
195921,Active,1469104,NA,NA,S,6,1,868184.6338,99.95,2007,12,48.99,40.05
195922,Active,1781074,NA,NA,S,1,0,85221.95,60,2015,13,35.25,35.23
195923,Active,330436,NA,NA,S,3,1,567560.365,180.95,2004,50,5.4,49.67
195924,Active,606700,NA,NA,S,2,1,2392866.26,199.95,2001,27,4.34,8.85
195925,Active,1954181,NA,NA,S,3,1,431097.0188,75,2015,18,26.49,25.72
195926,Active,765327,NA,NA,S,2,1,616971.5638,105.95,2000,35,17.98,82.43
195927,Active,789153,NA,NA,D,2,1,1687269.669,279.99,2002,19,4,13.97
195928,Active,1463236,NA,NA,S,0,0,1442640.441,24.95,2015,13,17.94,21.85
195929,Active,649251,NA,NA,D,1,0,242179.8925,45,2004,46,9.44,41.49
195930,Active,543601,NA,NA,S,2,1,10544.96375,45,2012,52,20.45,25.98
195931,Active,722825,NA,NA,S,4,1,1570285.221,67,2010,24,28.98,57.66
195932,Active,637817,NA,NA,S,0,0,99422.9175,47.75,2011,26,23.67,30.45
195933,Active,1469319,NA,NA,D,5,1,557819.7375,54.95,2010,27,25.89,138.51
195934,Active,587992,NA,NA,S,1,0,55392.8,49.99,2012,30,20.35,27.18
195935,Active,864519,NA,NA,S,2,1,9606.165,40,2014,26,23.97,24.29
195936,Active,2759338,NA,NA,D,1,0,1033612.208,33.95,1998,21,5.98,27.99
195937,Active,1542701,NA,NA,S,2,1,1296589.996,62.95,2013,17,47.39,40.69
195938,Active,3567024,NA,NA,D,1,0,4179849.3,55.95,2000,18,6.6,16.24
195939,Active,860182,NA,NA,S,2,1,148784.0688,87.95,2010,25,43.99,0
195940,Active,711831,NA,NA,S,3,1,4144048.631,84.77,2003,16,4.05,82.85
195941,Active,844827,NA,NA,S,2,1,798923.7938,16.33,1988,42,3.79,16.72
195942,Active,621481,NA,NA,S,3,1,53767.68375,33.32,2001,40,11.64,26.05
195943,Active,619875,NA,NA,S,3,1,207168.79,33.32,2002,44,8.9,28.95
195944,Active,539221,NA,NA,S,3,1,22526.175,33.32,2008,20,23.61,28.39
195945,Active,625318,NA,NA,S,3,1,20761.175,33.32,2008,34,18.79,27
195946,Active,630117,NA,NA,S,3,1,39599.15,33.32,2008,15,21.87,27.35
195947,Active,633328,NA,NA,S,3,1,62219.75,33.32,2008,22,22.66,23.39
195948,Active,620837,NA,NA,S,2,1,27513.2,67.99,2007,34,16.58,50.7
195949,Active,865689,NA,NA,S,5,1,363147.7538,34.95,2012,32,10.43,33.74
195950,Active,642235,NA,NA,S,5,1,97661.475,34.95,2012,20,23.99,33.98
195951,Active,595076,NA,NA,S,5,1,203360.65,34.95,2012,23,21.89,28.98
195952,Active,623414,NA,NA,S,5,1,58013.975,34.95,2012,42,13.99,28.94
195953,Active,631983,NA,NA,S,2,1,446101.775,63.75,1997,41,9.33,40.18
195954,Active,606980,NA,NA,D,7,1,196160.7963,120.7,2006,68,6.44,39.5
195955,Active,917264,NA,NA,D,5,1,872240.9625,291.95,2007,48,4,68.15
195956,Active,921807,NA,NA,D,6,1,137987.5288,303.95,2010,61,9.84,52.97
195957,Active,3482472,NA,NA,D,1,0,2644988.6,65,2004,12,18.18,73.29
195958,Active,654844,NA,NA,D,1,0,1569016.899,59.95,2005,18,10.53,53.94
195959,Active,652048,NA,NA,S,0,0,25148.925,49.95,2005,12,23.83,25.94
195960,Active,344373,NA,NA,D,1,0,668441.8388,75,2007,34,7.91,88.47
195961,Active,114921,NA,NA,D,1,0,362688.17,109,2003,24,16.46,60.99
195962,Active,239720,NA,NA,S,1,0,543991.6375,101,2000,24,48.95,109.23
195963,Active,630637,NA,NA,D,1,0,1911886.134,78.95,2003,25,4.85,46.13
195964,Active,700185,NA,NA,S,4,1,2579629.214,69.95,2002,18,5.94,28.53
195965,Active,699818,NA,NA,D,3,1,8333214.601,69,2000,28,4,12.99
195966,Active,285034,NA,NA,S,5,1,1519789.974,99,2006,20,28.93,59.96
195967,Active,632650,NA,NA,S,3,1,695747.995,254.25,1986,27,6.27,48.35
195968,Active,107743,NA,NA,D,1,0,4190623.384,83.43,2003,25,5.75,68.49
195969,Active,2621605,NA,NA,S,2,1,3074610.239,63.95,1990,22,5.98,69.41
195970,Active,617484,NA,NA,D,1,0,365114.3488,72,1982,56,4.48,73.53
195971,Active,108606,NA,NA,D,1,0,640777.4375,22.46,2003,28,5.88,32.65
195972,Active,286369,NA,NA,S,4,1,392437.8075,239.4,1998,91,10.09,43.98
195973,Active,3464212,NA,NA,D,3,1,2026001.35,84,1993,40,4.34,13.99
195974,Active,112806,NA,NA,D,1,0,1723282.813,130,2005,20,15.92,57.83
195975,Active,632239,NA,NA,D,1,0,1907092.858,67,1991,22,4.75,43.99
195976,Active,113165,NA,NA,D,1,0,585186.4113,99.95,2010,53,26.84,71.7
195977,Active,866759,NA,NA,S,2,1,74537.73625,120,2014,42,36.99,38.78
195978,Active,118135,NA,NA,D,4,1,449163.3675,211.2,2007,33,42.54,124.83
195979,Active,607171,NA,NA,D,3,1,1345857.268,135,2002,48,4.77,39.99
195980,Active,526285,NA,NA,S,1,0,1221049.376,62.95,2010,30,4,12.58
195981,Active,621998,NA,NA,S,0,0,1069.30625,84.95,2008,118,43.47,78.99
195982,Active,614153,NA,NA,S,0,0,7698.225,69.95,1988,59,8.47,77.99
195983,Active,870996,NA,NA,D,0,0,31617.02875,59.95,1992,90,8.04,53.79
195984,Active,622891,NA,NA,S,0,0,12094.92125,69.95,1992,72,27.74,43.99
195985,Active,628927,NA,NA,S,0,0,42854.335,84.95,2003,42,23.86,72.99
195986,Active,263813,NA,NA,S,0,0,126167.6113,59.98,2001,44,20.08,146.76
195987,Active,612912,NA,NA,S,0,0,84104.1,49.95,1993,184,4,19.97
195988,Active,147311,NA,NA,S,2,1,1223019.95,59.95,2006,27,25.92,49.98
195989,Active,877308,NA,NA,S,8,1,4060.105,75,2015,53,33.99,40.99
195990,Active,877249,NA,NA,D,7,1,177817.5238,79.57,2011,38,9.21,44.26
195991,Active,288322,NA,NA,D,7,1,13127.82125,53.08,2011,137,4.24,33.82
195992,Active,141568,NA,NA,S,4,1,2396107.824,25,2002,88,3.99,10.99
195993,Active,141916,NA,NA,D,6,1,500640.9263,29.79,2008,205,4,5.49
195994,Active,141761,NA,NA,D,5,1,735190.6338,8.34,2006,144,3.95,8.28
195995,Active,258507,NA,NA,S,2,1,96104.25,35,2011,15,30.22,33.55
195996,Active,182693,NA,NA,S,1,0,618189.4813,24,2002,48,4,11.97
195997,Active,617955,NA,NA,S,4,1,89193.16125,100,2011,62,34.09,69.55
195998,Active,613356,NA,NA,D,3,1,443650.63,95,2006,77,4.12,17.94
195999,Active,870914,NA,NA,D,2,1,803779.6475,91.5,2005,34,4.68,36.02
196000,Active,622907,NA,NA,D,1,0,635192.5525,59.95,1986,33,4.53,49.94
196001,Active,907961,NA,NA,S,2,1,531347.2813,82.95,2007,29,23.31,75.57
196002,Active,1989722,NA,NA,S,3,1,607010.5175,79.95,2013,28,18.32,68.38
196003,Active,56646,NA,NA,S,8,1,1465264.378,19.8,2006,30,4,13.99
196004,Active,114706,NA,NA,S,6,1,1249523.863,63.6,2002,88,3.97,4.43
196005,Active,533349,NA,NA,D,9,1,69078.985,100,2008,118,4,20.59
196006,Active,133428,NA,NA,S,6,1,61166.54125,101.2,2011,52,16.49,62.38
196007,Active,641713,NA,NA,S,2,1,84424.8,49.95,2005,15,21.99,28
196008,Active,106236,NA,NA,D,5,1,673163.275,154,2006,35,53.35,63.99
196009,Active,530867,NA,NA,D,6,1,811578.6113,174,2011,23,89.43,99.55
196010,Active,832838,NA,NA,S,3,1,1483171.993,95,1996,21,7.57,49.98
196011,Active,224701,NA,NA,D,10,1,378288.52,83.95,2010,31,4,13.49
196012,Active,244016,NA,NA,D,11,1,124400.9775,76.95,2011,48,4,23.03
196013,Active,621075,NA,NA,S,1,0,263495.7838,37.5,2000,52,13.56,39.99
196014,Active,555705,NA,NA,S,0,0,92302.34125,54.95,2008,43,16.08,47.15
196015,Active,339031,NA,NA,D,1,0,1893573.426,125,2006,17,51.96,106.3
196016,Active,2905968,NA,NA,S,2,1,49082.87375,25,2004,30,23.88,76.89
196017,Active,2569699,NA,NA,D,2,1,2177015.254,54.95,1990,20,6.9,43.94
196018,Active,2570009,NA,NA,S,6,1,3135261.796,64.95,1991,19,4,60.13
196019,Active,164063,NA,NA,D,7,1,1068620.563,99,1997,23,9.07,67.77
196020,Active,2566567,NA,NA,D,5,1,2720775.743,90,1994,19,6.98,18.94
196021,Active,2820636,NA,NA,D,9,1,2249539.696,42.99,2002,16,4,39.45
196022,Active,217746,NA,NA,D,10,1,1103901.158,57.99,2007,15,17.81,101.27
196023,Active,56480,NA,NA,D,11,1,86076.385,115,2010,61,13.98,54.01
196024,Active,56484,NA,NA,D,10,1,256641.4525,99,2005,71,4.48,32.37
196025,Active,56481,NA,NA,S,9,1,1165433.403,85,2000,41,4,31.99
196026,Active,627031,NA,NA,S,1,0,55574.25,59.5,2010,25,40.14,40.24
196027,Active,627056,NA,NA,S,2,1,292794.985,95,1995,27,41.25,71.76
196028,Active,2570661,NA,NA,S,5,1,1155678.39,90,1992,13,11.74,69.16
196029,Active,566366,NA,NA,S,2,1,665212.3438,75,1991,34,6.59,67.83
196030,Active,2374581,NA,NA,D,0,0,2326722.475,107,2003,29,4,9.48
196031,Active,553765,NA,NA,D,3,1,653540.1088,144.2,2008,32,4,48.5
196032,Active,2491069,NA,NA,D,11,1,3313444.583,55.95,1997,20,4.98,68.17
196033,Active,190819,NA,NA,D,4,1,965246.2875,74.95,2008,32,17.39,57.5
196034,Active,906997,NA,NA,S,2,1,2047452.2,82.95,1996,34,4,28.97
196035,Active,897039,NA,NA,D,1,0,669791.505,59.95,2007,20,7.98,57.99
196036,Active,665434,NA,NA,S,2,1,162249.4788,49.95,2012,22,35.98,37.66
196037,Active,665542,NA,NA,S,8,1,961946.3188,99.95,2010,13,4,6.15
196038,Active,658175,NA,NA,S,8,1,788509.295,64.95,2012,15,20.84,27.11
196039,Active,606725,NA,NA,S,2,1,1354992.225,113.25,1991,41,4,22.04
196040,Active,697557,NA,NA,D,4,1,491366.8625,22.98,2007,22,8.99,21.14
196041,Active,749559,NA,NA,D,1,0,681740.5,52,2009,39,4.78,22.4
196042,Active,902800,NA,NA,D,1,0,2691432.901,139.95,2007,20,35.34,59.06
196043,Active,250600,NA,NA,D,0,0,2114649.444,135.95,2007,16,59.33,174.59
196044,Active,665353,NA,NA,S,2,1,76632.49125,85,2012,24,57.07,57.74
196045,Active,109392,NA,NA,D,2,1,1146106.814,112.3,2004,17,28.92,675
196046,Active,872053,NA,NA,D,5,1,1498808.431,101.25,2009,36,4.53,29.75
196047,Active,871365,NA,NA,S,6,1,197983.475,42.76,2014,18,30.23,33.59
196048,Active,60848,NA,NA,S,4,1,1550872.839,104.46,2007,24,5.09,69.03
196049,Active,109749,NA,NA,D,4,1,775281.175,38.92,2006,60,4,50.89
196050,Active,110074,NA,NA,D,5,1,108490.9175,60.99,2009,61,17.71,52.87
196051,Active,904201,NA,NA,D,2,1,575281.1825,111.4,1992,22,6.49,63.11
196052,Active,919127,NA,NA,S,2,1,98810.1375,139,2014,57,26.19,64.27
196053,Active,903085,NA,NA,S,6,1,1860631.734,113.48,2007,18,6.25,53.95
196054,Active,533777,NA,NA,D,7,1,7434.42125,279.95,2011,139,11.98,51.6
196055,Active,1596354,NA,NA,D,1,0,1397608.366,192.95,2009,16,11.72,75.16
196056,Active,1723673,NA,NA,S,7,1,188429.7875,178.55,2012,21,26.93,75.76
196057,Active,613265,NA,NA,D,1,0,465408.9488,134.8,2010,114,4,9.98
196058,Active,60849,NA,NA,S,5,1,412647.8738,232.95,2002,106,4,19.99
196059,Active,569618,NA,NA,S,1,0,208243.905,202.95,2010,46,24.14,103.99
196060,Active,569600,NA,NA,S,2,1,494648.82,356.95,2000,42,4.29,26.13
196061,Active,51262,NA,NA,D,3,1,309563.1625,329.95,2004,92,5.25,43.49
196062,Active,569583,NA,NA,D,3,1,367466.0913,273.95,2004,35,8.57,37.34
196063,Active,919406,NA,NA,D,3,1,2506488.691,124.99,2006,33,7.5,53.98
196064,Active,533917,NA,NA,D,6,1,124177.8838,307.95,2007,151,4,14.03
196065,Active,917362,NA,NA,S,6,1,953492.2538,27.99,2007,37,4,33.99
196066,Active,51269,NA,NA,D,7,1,3337.945,279.95,2011,197,13.64,53.98
196067,Active,561332,NA,NA,D,1,0,218195.9375,134.8,2010,232,4,23.99
196068,Active,587537,NA,NA,S,7,1,79819.625,158,2011,86,5.48,123.99
196069,Active,51270,NA,NA,D,6,1,78632.67,307.95,2007,122,4,50
196070,Active,252766,NA,NA,S,2,1,492869.7913,57.75,2011,89,3.76,30.48
196071,Active,567536,NA,NA,D,6,1,319513.29,189.95,2007,49,4,17.99
196072,Active,542273,NA,NA,S,7,1,357885.025,178.95,2010,38,20.99,79.21
196073,Active,542271,NA,NA,D,7,1,363092.2263,191.95,2011,55,4.76,78.55
196074,Active,567535,NA,NA,D,6,1,948661.0088,202.95,2007,45,3.99,26.98
196075,Active,533906,NA,NA,D,6,1,310697.0525,189.95,2007,91,4.94,48.41
196076,Active,60850,NA,NA,D,5,1,2327020.836,67.95,2004,28,4.12,14.98
196077,Active,567534,NA,NA,D,6,1,711209.1163,202.95,2007,31,4.31,35.79
196078,Active,608544,NA,NA,D,5,1,1435294.944,67.95,2004,30,4.45,18.99
196079,Active,169499,NA,NA,S,6,1,648736.9538,155.95,2006,31,21.31,98.95
196080,Active,346198,NA,NA,S,1,0,725933.8413,155.95,2006,22,23.29,51.54
196081,Active,406153,NA,NA,D,1,0,2256608.028,227.95,2006,26,4,21.3
196082,Active,169461,NA,NA,D,1,0,770953.7863,227.95,2006,51,4,22.98
196083,Active,649146,NA,NA,S,2,1,69407.85,49.99,2007,44,15.22,49.99
196084,Active,555195,NA,NA,D,0,0,558371.355,69.95,1982,35,4,39.94
196085,Active,904371,NA,NA,D,1,0,1740083.101,99,1995,18,9.77,88.46
196086,Active,899194,NA,NA,D,2,1,1465531.569,99,2003,22,8.6,56.16
196087,Active,897110,NA,NA,D,1,0,1921134.764,79,2001,18,9.11,40.99
196088,Active,639692,NA,NA,S,3,1,90887.75375,90,2013,21,53.37,62.58
196089,Active,913929,NA,NA,D,1,0,474836.6738,65,2001,20,13.1,58.33
196090,Active,164686,NA,NA,D,4,1,246647.5188,90,2004,30,6.38,13.98
196091,Active,526274,NA,NA,D,5,1,605286.0625,95,2009,31,39.49,68.44
196092,Active,543899,NA,NA,S,6,1,26891.25125,99,2013,48,66.61,54.78
196093,Active,105776,NA,NA,D,1,0,1811648.31,105,2002,24,25.23,96.01
196094,Active,631963,NA,NA,S,3,1,232691.1575,92,1984,45,16.75,62.71
196095,Active,2654342,NA,NA,S,2,1,695027.1163,39.32,1994,42,4.35,61.57
196096,Active,2722358,NA,NA,S,1,0,633745.6963,59,2005,22,33.92,52.8
196097,Active,604914,NA,NA,S,2,1,602660.8438,37.07,1992,42,14.09,40.56
196098,Active,555482,NA,NA,S,0,0,183586.7213,50,2002,147,4.98,10.11
196099,Active,107355,NA,NA,S,2,1,149542.1638,59.75,2002,58,9.78,0
196100,Active,106730,NA,NA,D,3,1,126610.6275,93,2009,64,10.44,19.99
196101,Active,748311,NA,NA,D,1,0,2839847.029,70,2006,18,11.16,49.42
196102,Active,866651,NA,NA,S,2,1,255802.8725,50,2014,45,8.42,33.44
196103,Active,723240,NA,NA,S,1,0,484206.3838,99,2008,37,4,11.99
196104,Active,902641,NA,NA,D,3,1,1384559.215,96,2008,22,23.98,126.83
196105,Active,658405,NA,NA,D,4,1,1124336.863,102,2011,26,19.99,68.61
196106,Active,662605,NA,NA,S,2,1,200523.1413,136,2008,20,46.98,0
196107,Active,526270,NA,NA,S,2,1,391178.0013,136,2008,18,49.99,0
196108,Active,144558,NA,NA,D,2,1,2451292.534,44,2003,39,4,14.24
196109,Active,619586,NA,NA,S,3,1,722888.7713,32.95,2006,66,4.67,28.62
196110,Active,774867,NA,NA,D,1,0,3022247.135,159,2000,16,5.22,27.49
196111,Active,625408,NA,NA,S,2,1,499830.7313,88,2005,30,45.97,64.99
196112,Active,627338,NA,NA,S,3,1,1072439.17,146.99,2010,30,13.74,67.68
196113,Active,774743,NA,NA,D,2,1,4866951.588,175,1998,16,4,16.89
196114,Active,775118,NA,NA,D,3,1,3516844.363,199,2002,18,4.8,12.98
196115,Active,2405235,NA,NA,D,0,0,2602700.475,74,1995,23,4.76,20.49
196116,Active,113138,NA,NA,S,1,0,27953.225,49.95,2007,28,16.37,26.77
196117,Active,1779643,NA,NA,S,1,0,72866.225,54.95,2014,14,33.04,33.49
196118,Active,637589,NA,NA,S,1,0,59745.475,59.99,2013,12,36.24,36.49
196119,Active,1549763,NA,NA,S,2,1,860732.3413,67.95,2012,19,46.98,47.97
196120,Active,204156,NA,NA,S,7,1,84763.75,31.99,2010,98,4,8.84
196121,Active,536041,NA,NA,S,3,1,316905.7775,30.99,2010,79,7.75,7.92
196122,Active,3124418,NA,NA,S,3,1,756183.3663,34.95,2004,45,6.17,30.99
196123,Active,2258019,NA,NA,S,9,1,5126428.938,80.12,2009,36,23.7,72.73
196124,Active,177287,NA,NA,D,7,1,644267.665,98.95,2004,59,4,12.83
196125,Active,907095,NA,NA,D,4,1,3662802.25,54.5,2003,18,4,47.79
196126,Active,275972,NA,NA,S,6,1,17525.05625,75.5,2008,57,33.98,58.98
196127,Active,129401,NA,NA,S,3,1,220448.9638,69.95,2011,36,13.2,50.13
196128,Active,583150,NA,NA,S,8,1,500811.1713,42.95,2010,16,22.92,45.9
196129,Active,1680105,NA,NA,S,2,1,1587154.19,59,2013,16,7.77,84.6
196130,Active,526267,NA,NA,S,4,1,1698307.775,60.95,2010,36,4,11.62
196131,Active,2036874,NA,NA,S,9,1,956761.6238,72,2008,19,4.97,23.99
196132,Active,899360,NA,NA,S,3,1,1319870.9,57.58,2011,22,37.95,196.63
196133,Active,609999,NA,NA,D,9,1,102208.4188,95.2,2011,36,24.99,45.98
196134,Active,607178,NA,NA,D,7,1,501991.1413,46.95,2003,31,4,14.9
196135,Active,120037,NA,NA,S,0,0,857098.8538,133.4,2008,118,4,7.29
196136,Active,640174,NA,NA,S,1,0,98571.525,98,2013,31,16.02,51.99
196137,Active,121192,NA,NA,S,1,0,544217.1913,165.4,2010,152,4,8.48
196138,Active,119504,NA,NA,S,2,1,315991.035,165.4,2012,149,4,13.49
196139,Active,629092,NA,NA,S,1,0,144898.4538,169.4,2013,53,5.49,171.79
196140,Active,619108,NA,NA,S,1,0,24491.15875,163.6,2013,130,8.23,38.99
196141,Active,120284,NA,NA,D,6,1,1375912.141,97.95,2008,73,4,10.99
196142,Active,118309,NA,NA,D,7,1,172464.85,115.8,2011,114,4.35,22.97
196143,Active,860183,NA,NA,S,1,0,891149.6388,54,2010,15,18.73,0
196144,Active,867579,NA,NA,S,3,1,536444.195,45,2014,17,32.22,31.89
196145,Active,177305,NA,NA,D,5,1,526972.275,144.95,2006,33,4.91,9
196146,Active,526264,NA,NA,S,7,1,811234.005,31.95,2009,82,4,5.25
196147,Active,288827,NA,NA,S,4,1,1956088.143,31.95,2007,41,4,11.44
196148,Active,626275,NA,NA,S,2,1,59851.32375,99,2010,22,17.33,443.07
196149,Active,231251,NA,NA,D,0,0,1020183.836,22.95,2003,34,5.09,19.99
196150,Active,2871284,NA,NA,D,0,0,2190164.711,64.95,2005,14,28.84,74.61
196151,Active,296699,NA,NA,S,0,0,524543.4963,22.95,1997,76,4,11.75
196152,Active,526260,NA,NA,S,3,1,63823.195,46.99,2011,18,43.97,46.99
196153,Active,296700,NA,NA,D,0,0,182064.62,22.95,1997,83,4,9.49
196154,Active,650038,NA,NA,S,2,1,417780.6975,39.99,2010,20,16.42,28.98
196155,Active,806926,NA,NA,D,3,1,1133590.093,120.95,2006,22,4.49,25.99
196156,Active,1900768,NA,NA,S,4,1,339943.6088,53.5,2011,20,28.75,59.95
196157,Active,147668,NA,NA,S,3,1,64061.98125,79.95,2011,34,49.08,50.74
196158,Active,636636,NA,NA,D,0,0,462015.76,49.95,2001,33,5.03,0
196159,Active,147160,NA,NA,D,2,1,358870.1775,79.95,2004,31,16.9,43.99
196160,Active,641089,NA,NA,D,3,1,1809872.406,218.95,2009,18,72.99,79.02
196161,Active,1559247,NA,NA,S,0,0,410044.9313,59.95,2013,19,44.55,53.62
196162,Active,526258,NA,NA,S,2,1,710498.7,73.95,2012,35,8.74,56.34
196163,Active,409255,NA,NA,S,1,0,178033.5563,19.95,1998,33,25.62,45.89
196164,Active,2379628,NA,NA,D,2,1,14028127.27,39.95,1994,9,4,51.93
196165,Active,2490042,NA,NA,S,3,1,815425.245,55,2002,25,10.74,42.07
196166,Active,266164,NA,NA,D,1,0,2280719.185,149,2006,20,10.26,12.49
196167,Active,660524,NA,NA,D,2,1,746920.135,54.95,2002,16,11.91,96.05
196168,Active,200275,NA,NA,S,5,1,149532.2413,93.95,2007,28,47.2,0
196169,Active,3822705,NA,NA,D,4,1,2496497.6,64.95,1900,21,4,8.16
196170,Active,543817,NA,NA,S,14,1,279660.5388,46.95,2012,27,5.24,29.99
196171,Active,2807514,NA,NA,D,1,0,67249.61625,85,2003,80,37.95,49.98
196172,Active,366717,NA,NA,D,2,1,975970.2538,187.95,2000,37,4.76,42.59
196173,Active,526253,NA,NA,D,3,1,607860.8225,170.95,2009,22,15.43,82.69
196174,Active,774803,NA,NA,D,3,1,2864569.771,52.95,1999,20,4,53.39
196175,Active,774585,NA,NA,D,1,0,3993900.659,104,2001,31,4.52,44.99
196176,Active,639320,NA,NA,D,1,0,653994.6463,124,2008,21,18.22,91.69
196177,Active,2678798,NA,NA,D,0,0,2669323.953,121,1995,19,19.39,92.04
196178,Active,3547264,NA,NA,D,1,0,4055764.75,51.99,2000,7,4.86,0
196179,Active,2116177,NA,NA,D,1,0,2146664.46,82.95,2007,14,38.98,85.98
196180,Active,835241,NA,NA,D,2,1,3104344.57,165,1999,27,11.75,63.98
196181,Active,907719,NA,NA,D,0,0,7943049.325,115,1990,23,6.34,39.94
196182,Active,743415,NA,NA,D,3,1,1215878.016,182,2003,24,19.61,53.99
196183,Active,646969,NA,NA,S,2,1,68712.53375,61.95,2013,26,42.43,39.23
196184,Active,804066,NA,NA,D,1,0,425913.81,64.95,2007,19,18.11,83.2
196185,Active,834588,NA,NA,D,1,0,1126071.981,150,1997,37,7.13,72.99
196186,Active,644064,NA,NA,D,3,1,861529.3838,199,2007,32,85.79,143.99
196187,Active,147676,NA,NA,S,2,1,39920.85125,74.95,2011,49,33.12,47.98
196188,Active,192484,NA,NA,D,2,1,1980695.316,104.95,2005,20,4.78,82.16
196189,Active,774937,NA,NA,D,1,0,5970026.564,64.95,2001,16,8.49,49.94
196190,Active,435647,NA,NA,D,7,1,2507741.835,234.95,2005,42,4,37.46
196191,Active,436426,NA,NA,D,8,1,617295.2813,234.95,2008,62,4.55,29.98
196192,Active,387439,NA,NA,S,3,1,603397.6863,182.95,2008,41,16.99,61.95
196193,Active,51964,NA,NA,D,5,1,67336.495,326.95,2011,91,6.79,50.55
196194,Active,244084,NA,NA,D,16,1,51315.9925,310.95,2011,107,8.99,12.61
196195,Active,50988,NA,NA,S,12,1,503132.9738,285.95,2002,91,4,6.65
196196,Active,308880,NA,NA,D,5,1,1013465.029,39.93,2005,52,4,38.94
196197,Active,50986,NA,NA,D,14,1,458327.58,247.95,2007,113,4.04,30.56
196198,Active,635572,NA,NA,D,17,1,8705.00125,329.95,2013,85,29.08,35.99
196199,Active,307842,NA,NA,D,6,1,3163086.133,101.25,2009,15,5.65,9.99
196200,Active,110395,NA,NA,D,6,1,219216.8675,15.75,2008,61,6.31,23.99
196201,Active,334569,NA,NA,S,6,1,476858.1863,188.95,1996,44,4.12,37.98
196202,Active,51965,NA,NA,S,2,1,3619958.964,118.36,2003,30,4,7.78
196203,Active,51967,NA,NA,D,3,1,555943.0463,241.95,2005,72,4,10.68
196204,Active,51969,NA,NA,D,4,1,634026.4088,358.95,2008,73,5.13,45.28
196205,Active,495422,NA,NA,S,7,1,2439103.774,29.99,2008,27,4,10.35
196206,Active,2836840,NA,NA,S,2,1,1719724.165,257.95,1998,28,8.98,53.94
196207,Active,681051,NA,NA,S,3,1,28723.6,30,2008,30,12.59,15.32
196208,Active,874972,NA,NA,D,10,1,250167.4388,26.64,2011,16,24.93,23.38
196209,Active,266940,NA,NA,D,8,1,134652.7925,60,2004,38,15.76,60
196210,Active,875061,NA,NA,S,9,1,729037.85,22.64,2008,14,19.19,19.21
196211,Active,131859,NA,NA,D,3,1,677925.1738,127,2004,35,4,16.98
196212,Active,132905,NA,NA,S,5,1,77628.55,161,2010,60,59.49,79.14
196213,Active,132159,NA,NA,D,4,1,659936.685,111.6,2007,36,5.24,45.97
196214,Active,131230,NA,NA,D,3,1,657701.5975,78,1998,22,4,85.97
196215,Active,131442,NA,NA,S,4,1,307396.1388,230.8,2001,69,17.84,93.66
196216,Active,575464,NA,NA,S,2,1,749017.8688,31,2001,39,4,53.56
196217,Active,101262,NA,NA,S,1,0,183058.8,141.95,1997,58,4.8,10.99
196218,Active,177065,NA,NA,D,2,1,70053.10625,377.95,2004,104,6.38,48.19
196219,Active,228742,NA,NA,S,0,0,1075578.078,32.95,2005,59,4,9.49
196220,Active,683426,NA,NA,S,2,1,221038.2688,29.95,2009,29,14.41,22.22
196221,Active,544127,NA,NA,S,2,1,17719.99875,22.95,2013,29,13.96,14.7
196222,Active,881667,NA,NA,S,0,0,265769.5175,59.99,2014,9,36.99,35.99
196223,Active,613255,NA,NA,D,1,0,135723.6225,97.8,2006,44,17.29,28.99
196224,Active,624787,NA,NA,S,2,1,1798683.718,60.2,2011,43,4,25.11
196225,Active,156137,NA,NA,D,11,1,4212452.355,77,2005,35,4.36,69.18
196226,Active,870446,NA,NA,D,12,1,2207695.623,85,2008,29,4.77,36.02
196227,Active,869670,NA,NA,D,9,1,2897007.103,68.26,2005,17,4.16,56.46
196228,Active,870242,NA,NA,D,10,1,524701.52,71.5,2009,24,4.97,59.05
196229,Active,147722,NA,NA,S,11,1,943195.4638,253.95,1999,44,4.48,13.55
196230,Active,51184,NA,NA,D,14,1,83482.66625,314.95,2008,58,8.98,83.99
196231,Active,51185,NA,NA,D,15,1,63669.47875,393.95,2011,61,38.83,127.74
196232,Active,51182,NA,NA,S,12,1,964788.5063,249.95,2002,41,4.47,43.97
196233,Active,51183,NA,NA,D,13,1,237835.7,246.95,2005,49,6.63,31.99
196234,Active,538203,NA,NA,S,18,1,103864.1338,99,2012,71,33.44,59.34
196235,Active,616563,NA,NA,S,0,0,34874.475,85.5,2004,72,9.67,29.99
196236,Active,608376,NA,NA,D,3,1,385384.9188,110,2005,44,8.33,61.88
196237,Active,290176,NA,NA,D,4,1,166386.9288,125,2009,61,8.79,97.89
196238,Active,2697569,NA,NA,D,7,1,2979191.74,152.95,1998,17,10.44,571.87
196239,Active,1839490,NA,NA,D,8,1,2483046.275,44.99,2006,39,18.36,75.98
196240,Active,621889,NA,NA,S,3,1,44484.425,56,2012,25,16.24,31.78
196241,Active,467733,NA,NA,D,6,1,598389.3813,126,2005,29,13.98,53.91
196242,Active,192672,NA,NA,D,5,1,1478916.124,89,1996,47,4.2,23.29
196243,Active,610354,NA,NA,S,7,1,68933.055,110,2013,19,51.94,75.09
196244,Active,2559036,NA,NA,D,0,0,4660046.106,0,1977,11,6.38,0
196245,Active,2913389,NA,NA,S,10,1,108142.75,45,2005,9,50.89,53.94
196246,Active,906288,NA,NA,D,0,0,3364415.191,289,2004,15,89.4,89.41
196247,Active,244131,NA,NA,S,3,1,39000.425,73.95,2011,57,13.16,40.74
196248,Active,614351,NA,NA,S,3,1,18041.49875,84.95,2011,129,16.85,60.73
196249,Active,868348,NA,NA,S,2,1,994360.125,87.95,2004,84,4,11.86
196250,Active,868444,NA,NA,D,1,0,268926.1438,85,1989,41,8.91,43.94
196251,Active,322675,NA,NA,D,2,1,1201253.105,69,2006,40,4,43.71
196252,Active,161863,NA,NA,S,2,1,700012.6963,46.95,2008,33,8.62,17.97
196253,Active,1622751,NA,NA,S,1,0,523151.0188,189.95,2007,38,18.62,28.99
196254,Active,911791,NA,NA,S,0,0,1507065.243,24.95,2008,19,16.81,27.99
196255,Active,241413,NA,NA,S,3,1,403160.7975,49.95,2001,38,8.94,81.85
196256,Active,241411,NA,NA,S,2,1,854717.5838,49.95,1995,37,4,64.43
196257,Active,539621,NA,NA,S,1,0,156404.9525,74.99,2009,32,17.56,47.86
196258,Active,118719,NA,NA,S,1,0,69075.15,69.99,2007,38,13.1,38.9
196259,Active,243994,NA,NA,D,2,1,973903.9913,99.95,2011,30,14.43,63.85
196260,Active,569648,NA,NA,D,1,0,553495.9488,99.95,1997,41,4,14.99
196261,Active,538804,NA,NA,D,3,1,83474.83375,20.42,2012,112,4.5,29.98
196262,Active,544330,NA,NA,D,3,1,36652.43,69.95,2013,183,4.2,31.97
196263,Active,55507,NA,NA,D,2,1,775471.9638,104.25,2010,117,4,4.98
196264,Active,57635,NA,NA,D,2,1,182385.1875,59.95,2011,127,4,13.42
196265,Active,57634,NA,NA,D,1,0,988481.5475,59.95,2009,103,4,24.71
196266,Active,200476,NA,NA,S,2,1,358014.395,115.95,2009,48,19.37,42.98
196267,Active,911228,NA,NA,S,1,0,1822020.556,84,2006,32,8.97,34.98
196268,Active,131792,NA,NA,S,1,0,88344.815,117.8,2005,47,29.12,107.45
196269,Active,53248,NA,NA,D,7,1,175950.2425,223.95,2010,45,8.78,53.25
196270,Active,876755,NA,NA,D,7,1,392030.1813,140.92,2010,30,15.98,63.7
196271,Active,3530594,NA,NA,D,5,1,3026426.9,107.95,2004,31,4,11.04
196272,Active,53246,NA,NA,D,6,1,634059.1138,214.95,2007,33,4,55.71
196273,Active,177573,NA,NA,S,4,1,4272832.095,84.95,2001,22,4.99,17.88
196274,Active,51062,NA,NA,D,5,1,166675.0888,186.95,2004,76,4.76,22.63
196275,Active,51061,NA,NA,D,4,1,1086568.595,125.95,1999,39,4.11,5.45
196276,Active,876472,NA,NA,S,3,1,7631510.274,89.95,1994,28,3.99,21.99
196277,Active,291620,NA,NA,S,3,1,200085.4225,236.95,2002,36,7.09,83.97
196278,Active,633409,NA,NA,S,2,1,376957.7063,93.95,2006,35,7.76,46.53
196279,Active,880517,NA,NA,S,6,1,887776.8163,22.95,1994,33,4,36.57
196280,Active,446281,NA,NA,D,2,1,169798.2425,68.26,2009,61,21.89,29.79
196281,Active,756840,NA,NA,D,1,0,3860330.496,112.93,2003,18,4.88,72.67
196282,Active,537952,NA,NA,D,1,0,1291717.396,14.59,2003,47,4,14.17
196283,Active,865360,NA,NA,D,4,1,2709479.089,69,1998,19,4,14.2
196284,Active,621960,NA,NA,S,3,1,431518.965,66,2010,34,9.89,0
196285,Active,421300,NA,NA,S,5,1,818421.5225,173.4,2003,34,13.57,87.43
196286,Active,906329,NA,NA,D,0,0,5692150.236,69.95,1996,23,4.63,28.99
196287,Active,293776,NA,NA,D,2,1,1867546.415,76,2006,17,4,58.84
196288,Active,649593,NA,NA,S,2,1,215332.0688,67,2013,56,34.23,43.67
196289,Active,158207,NA,NA,S,3,1,258943.99,56.95,2005,27,6.39,0
196290,Active,606897,NA,NA,S,3,1,61432.46375,192.5,2003,43,48.98,114.86
196291,Active,52732,NA,NA,D,5,1,77708.23125,39.94,2010,76,7.9,16.93
196292,Active,114086,NA,NA,S,2,1,197232.965,140.8,2000,36,28.64,0
196293,Active,917217,NA,NA,S,3,1,63659.71375,25,2014,29,13.99,21.39
196294,Active,528958,NA,NA,D,2,1,330601.7163,39.95,2003,24,5.52,39.95
196295,Active,114430,NA,NA,S,2,1,281577.9913,98.2,2001,32,12.78,38.94
196296,Active,128348,NA,NA,S,2,1,28187.96625,70,2005,28,42.88,56.99
196297,Active,868171,NA,NA,D,1,0,2172693.36,47.5,1999,26,3.99,9.35
196298,Active,163090,NA,NA,D,1,0,152335.2263,51.77,2010,46,10.08,43.98
196299,Active,611973,NA,NA,S,2,1,53287.9675,243.25,2014,46,33.05,66.8
196300,Active,866630,NA,NA,D,4,1,1388853.429,56,2001,27,4,29.6
196301,Active,607319,NA,NA,D,5,1,1008328.89,68.8,2004,35,4,19.93
196302,Active,910816,NA,NA,S,2,1,65212.94,74,2014,25,42.23,57.13
196303,Active,873315,NA,NA,D,7,1,359807.5113,37.66,2006,38,5.59,19.67
196304,Active,57854,NA,NA,D,7,1,696069.3063,15.99,2006,112,4,15.97
196305,Active,57851,NA,NA,D,6,1,2713838.244,6.92,2002,61,4,4.98
196306,Active,132643,NA,NA,S,11,1,332831.5175,95.2,2008,59,8.96,56.83
196307,Active,560913,NA,NA,D,10,1,1741620.679,59.8,2005,41,4,16.49
196308,Active,177444,NA,NA,S,10,1,135217.0438,261.95,2003,57,7.79,15.84
196309,Active,51667,NA,NA,S,6,1,438338.2313,93.4,2001,53,4,40.35
196310,Active,131974,NA,NA,D,7,1,767988.8588,110.67,2004,69,3.99,32.23
196311,Active,51671,NA,NA,D,8,1,273068.3925,149.6,2007,75,6.3,32.24
196312,Active,541335,NA,NA,D,3,1,1293738.741,60.95,2008,45,6.89,60.07
196313,Active,309110,NA,NA,D,4,1,305404.5338,18.49,2007,61,4,17.78
196314,Active,2262579,NA,NA,D,4,1,2621319.939,23.8,2006,41,6.05,21.78
196315,Active,557601,NA,NA,S,1,0,28093.6,70.8,2015,26,36.99,51.15
196316,Active,110671,NA,NA,D,5,1,112378.06,75.95,2010,39,13.89,59.75
196317,Active,851576,NA,NA,D,5,1,8275070.434,87,2000,15,4,15.93
196318,Active,194203,NA,NA,D,2,1,108816.1763,98,2011,78,5.48,44.26
196319,Active,862279,NA,NA,S,5,1,56837.055,22,2014,33,6.99,14.88
196320,Active,194099,NA,NA,D,1,0,966470.33,79,2006,52,4,25.99
196321,Active,114793,NA,NA,S,4,1,1128734.51,198.8,2002,41,4.25,24.84
196322,Active,433458,NA,NA,D,0,0,1070894.904,191,2003,30,8.51,66.29
196323,Active,247982,NA,NA,S,0,0,110236.7113,70,2009,42,35.99,48.88
196324,Active,157614,NA,NA,D,4,1,239346.7913,52.95,2012,36,10.99,83.26
196325,Active,544974,NA,NA,D,4,1,46414.7525,105,2011,52,9.37,76.41
196326,Active,592088,NA,NA,D,3,1,561246.3363,70.95,2007,67,4,13.89
196327,Active,1786056,NA,NA,S,1,0,162714.545,54.95,2014,14,49.84,51.22
196328,Active,612051,NA,NA,S,2,1,947733.4038,50,2013,33,9.52,47.99
196329,Active,543949,NA,NA,S,0,0,305243.2063,29.99,2012,55,4.13,0
196330,Active,570478,NA,NA,D,1,0,38216.85125,122.95,2012,60,5.7,79.89
196331,Active,633783,NA,NA,D,1,0,173526.9938,114.6,2012,66,7.98,56.48
196332,Active,898641,NA,NA,S,2,1,11547.28875,79,2014,42,44.6,55.1
196333,Active,724956,NA,NA,D,2,1,2097787.423,45,2011,27,4,56.22
196334,Active,632179,NA,NA,S,3,1,105949.925,44.95,2012,24,29.12,38.69
196335,Active,355467,NA,NA,D,1,0,1774196.621,41.95,1998,30,4,13.71
196336,Active,887462,NA,NA,D,2,1,143896.1425,44.95,2015,26,24.35,38.39
196337,Active,644737,NA,NA,S,0,0,88632.0725,60,2011,21,33.74,35.89
196338,Active,199468,NA,NA,D,2,1,723871.3638,70,2000,41,4.39,18.99
196339,Active,899500,NA,NA,S,2,1,2481264.966,163,2000,15,23.35,41.61
196340,Active,136548,NA,NA,S,1,0,1214211.978,44,2009,30,8.49,33.03
196341,Active,2389694,NA,NA,S,1,0,656683.1725,40.4,1973,48,4,31.92
196342,Active,1470204,NA,NA,D,3,1,3648735.883,50,2007,17,11.03,73.45
196343,Active,247977,NA,NA,D,1,0,226197.5188,108,2009,79,4,30.95
196344,Active,131823,NA,NA,D,4,1,1191743.931,96,2004,55,4,41.59
196345,Active,132481,NA,NA,D,5,1,198628.3,124,2008,55,4,49.99
196346,Active,2419186,NA,NA,D,2,1,5023685.729,56.53,2003,29,4.97,47.34
196347,Active,248172,NA,NA,D,2,1,52478.63625,79,2010,74,7.96,38.99
196348,Active,917640,NA,NA,D,0,0,274034.6263,113.75,2006,33,4,8.99
196349,Active,157724,NA,NA,D,2,1,128595.6275,95.95,2010,68,17,44.99
196350,Active,545780,NA,NA,D,4,1,31353.2125,105,2013,100,6.99,18.98
196351,Active,870501,NA,NA,D,0,0,698241.6213,24.95,2003,29,4,13.66
196352,Active,111980,NA,NA,S,38,1,573519.4488,13.99,2011,54,4,13.9
196353,Active,551706,NA,NA,S,2,1,822379.5638,157.8,2002,30,15.78,27.99
196354,Active,567641,NA,NA,D,3,1,912619.215,81.95,2008,59,4,40.39
196355,Active,533610,NA,NA,D,14,1,43433.82,192.2,2011,77,11.64,68.98
196356,Active,869869,NA,NA,D,1,0,374885.7425,28.49,2007,47,5.59,24.48
196357,Active,879933,NA,NA,S,6,1,250646.22,120,2014,29,43.94,105
196358,Active,556528,NA,NA,D,4,1,88726.17,49.95,2012,79,4.82,22.98
196359,Active,711021,NA,NA,S,10,1,2602851.82,81.33,2000,31,4,13.34
196360,Active,653141,NA,NA,S,13,1,582831.2788,131.33,2013,31,27.44,75.99
196361,Active,50039,NA,NA,D,10,1,2587798.09,6.84,2005,36,4,7.99
196362,Active,50041,NA,NA,D,12,1,225659.4688,18.97,2010,75,4.51,16.96
196363,Active,50040,NA,NA,D,11,1,929652.6288,8.48,2007,63,4,7.93
196364,Active,526225,NA,NA,D,2,1,1063385.203,98.95,2008,75,4,7.32
196365,Active,1482944,NA,NA,S,5,1,2026116.209,112,2012,21,19.56,63.49
196366,Active,248212,NA,NA,D,3,1,167459.4075,110,2010,93,4.49,23.99
196367,Active,563635,NA,NA,S,2,1,12734.77625,59.25,2012,77,27.47,35.98
196368,Active,587929,NA,NA,S,4,1,47797.50375,107.95,2011,52,34.89,53.99
196369,Active,620774,NA,NA,S,1,0,114923.155,89,2010,44,8.99,38.98
196370,Active,52558,NA,NA,D,11,1,187993.7438,121.2,2008,108,4,38.99
196371,Active,52559,NA,NA,D,12,1,31219.9425,152,2011,82,4.48,36.65
196372,Active,552131,NA,NA,S,6,1,140933.7738,167.4,2005,43,15.06,70.98
196373,Active,541254,NA,NA,S,1,0,25545.875,56,2007,31,15.34,40.3
196374,Active,54604,NA,NA,D,9,1,156879.5475,121.2,2009,58,4.46,31.06
196375,Active,526226,NA,NA,S,10,1,261895.2025,119.6,2008,53,5.49,54.49
196376,Active,2370115,NA,NA,D,4,1,9823956.925,47.9,1994,12,4,71.79
196377,Active,563663,NA,NA,D,1,0,123379.6613,12.89,2007,75,4,9.98
196378,Active,608416,NA,NA,D,2,1,915463.005,61.95,2005,47,4,8.49
196379,Active,115774,NA,NA,S,11,1,2106650.499,89.8,2003,51,3.99,23.76
196380,Active,896476,NA,NA,S,2,1,5731487.435,95,2007,17,4.38,42.38
196381,Active,51065,NA,NA,D,4,1,631634.7088,146,2011,98,4,6.94
196382,Active,555777,NA,NA,D,3,1,183828.115,45.95,2009,85,4,8.97
196383,Active,2270959,NA,NA,S,3,1,3734128.809,49.52,2010,39,13.95,55.89
196384,Active,53168,NA,NA,D,13,1,188702.1425,130,2008,85,4.13,43.99
196385,Active,131480,NA,NA,S,3,1,2328743.571,91.4,2003,47,3.98,41.27
196386,Active,132152,NA,NA,D,4,1,898358.375,43.97,2007,50,4,15.03
196387,Active,132631,NA,NA,D,5,1,84529.9775,116.33,2009,42,19.85,28.99
196388,Active,54603,NA,NA,D,8,1,1510523.598,131.8,2007,67,3.99,6.7
196389,Active,51066,NA,NA,D,4,1,178582.665,130,2009,85,4,33.9
196390,Active,53169,NA,NA,D,12,1,832479.4213,105.33,2006,59,4,21.99
196391,Active,557666,NA,NA,S,8,1,178058.085,234.93,2012,61,16.68,201.87
196392,Active,906694,NA,NA,S,4,1,575725.1413,139.55,2014,14,44.08,107.26
196393,Active,536915,NA,NA,D,8,1,3718.70625,227.6,2012,146,19.72,60.92
196394,Active,428520,NA,NA,D,5,1,98057.34,231.93,2009,78,7.67,38.99
196395,Active,879923,NA,NA,D,8,1,1823239.854,78.9,2010,26,14.12,61.85
196396,Active,52911,NA,NA,S,4,1,2193386.631,97.33,2001,55,4,18.98
196397,Active,711498,NA,NA,D,3,1,10104230.01,87.5,2002,22,4.35,49.51
196398,Active,697758,NA,NA,S,10,1,1467513.684,24.52,2010,33,4,24.47
196399,Active,876093,NA,NA,S,13,1,300347.0063,172,2011,35,45.09,128.98
196400,Active,877714,NA,NA,D,2,1,1097129.429,80.26,2011,35,4.78,73.01
196401,Active,53717,NA,NA,S,1,0,72351.8725,327.95,2005,70,11.49,40.97
196402,Active,55654,NA,NA,D,2,1,399988.675,300.95,2010,83,5.83,13.98
196403,Active,169927,NA,NA,D,2,1,405689.3625,247.95,2010,63,4.23,13.99
196404,Active,544575,NA,NA,S,3,1,464931.135,173.95,2013,24,12.63,86.57
196405,Active,55655,NA,NA,D,1,0,665612.61,193.95,2007,54,4,23.99
196406,Active,169524,NA,NA,D,1,0,1017651.991,153.95,2007,32,4,11.4
196407,Active,544556,NA,NA,D,3,1,39380.87875,225.95,2013,54,20.22,78.99
196408,Active,544576,NA,NA,D,3,1,29664.82625,272.95,2013,93,5.48,63.99
196409,Active,52912,NA,NA,S,5,1,810977.8388,126.6,2004,122,4,8.99
196410,Active,52913,NA,NA,D,6,1,342322.26,139.93,2006,163,4,11.98
196411,Active,647030,NA,NA,S,8,1,165694.0425,152.67,2012,32,20.98,84.69
196412,Active,131812,NA,NA,S,10,1,3145286.475,113.4,2003,46,3.98,6.98
196413,Active,420818,NA,NA,S,1,0,273423.87,168.2,2005,46,26.25,96.59
196414,Active,132803,NA,NA,D,2,1,372522.9663,100.6,2010,48,5.97,23.88
196415,Active,416683,NA,NA,D,9,1,191836.1225,132.1,2007,182,4,28.98
196416,Active,131953,NA,NA,D,1,0,1203941.188,76.4,2006,65,4,29.45
196417,Active,874947,NA,NA,S,6,1,784942.37,172,2014,26,25.84,108.98
196418,Active,271483,NA,NA,S,3,1,166250.25,79.95,2007,50,19.45,48.98
196419,Active,506754,NA,NA,S,3,1,559083.9438,120,2007,13,17.42,114.24
196420,Active,563385,NA,NA,D,3,1,12684.76125,101.99,2012,127,7.44,18.99
196421,Active,452835,NA,NA,D,7,1,116030.5525,242,2010,96,8.92,36.96
196422,Active,517981,NA,NA,D,6,1,911999.9975,155.95,2006,57,4,37.8
196423,Active,872443,NA,NA,S,8,1,58043.53375,95,2014,44,42.94,43.99
196424,Active,795271,NA,NA,S,8,1,705234.1488,312.95,2010,28,25.99,102.15
196425,Active,715059,NA,NA,D,5,1,3662709.978,73.99,2007,15,9.57,58.33
196426,Active,51053,NA,NA,D,8,1,44730.3375,313.95,2010,136,9.88,33.39
196427,Active,51056,NA,NA,S,6,1,887350.2413,13.4,2004,111,4.42,13.4
196428,Active,117987,NA,NA,S,12,1,306436.7325,252.8,2005,93,4,20.44
196429,Active,416590,NA,NA,D,5,1,269171.3738,49.8,2008,59,6.08,33.57
196430,Active,714804,NA,NA,S,11,1,2108743.511,104,2002,56,4,13.96
196431,Active,154005,NA,NA,D,2,1,536397.8713,20,2010,95,4,18.98
196432,Active,60853,NA,NA,D,4,1,600262.9413,143,2006,107,4,35
196433,Active,52914,NA,NA,D,7,1,35551.2475,187.07,2009,166,4.98,29.15
196434,Active,2144017,NA,NA,S,2,1,626302.1238,59.95,2011,22,24.83,59.95
196435,Active,3613390,NA,NA,D,0,0,2681245.4,52.95,1997,27,4,16.98
196436,Active,51055,NA,NA,D,7,1,156976.0125,137.16,2007,150,4,7.99
196437,Active,61119,NA,NA,D,4,1,775140.8475,40.86,2005,30,4.47,5.09
196438,Active,2724121,NA,NA,D,1,0,3934085.028,69.95,2004,19,4.49,9.91
196439,Active,622803,NA,NA,S,1,0,542010.1225,100.4,2002,54,4,59.85
196440,Active,632130,NA,NA,S,1,0,103117.2838,120.95,2012,29,40.38,97.63
196441,Active,128652,NA,NA,D,3,1,751200.7275,54.95,2008,45,5.57,44.84
196442,Active,526224,NA,NA,D,4,1,52190.125,76.95,2012,56,20.38,46.26
196443,Active,554188,NA,NA,S,4,1,467781.4788,251,2000,61,5.69,53.27
196444,Active,552270,NA,NA,S,3,1,841671.78,79,1994,29,4,23.79
196445,Active,576287,NA,NA,D,1,0,1298455.248,114,2000,49,4,33.97
196446,Active,51079,NA,NA,D,6,1,146417.2625,132.6,2005,83,4,32.84
196447,Active,51078,NA,NA,D,5,1,1010963.621,99,2002,52,4,21.79
196448,Active,132955,NA,NA,D,14,1,76657.32375,155.2,2010,59,10.46,85.87
196449,Active,132343,NA,NA,D,13,1,1242457.641,117.6,2007,52,4,53.77
196450,Active,270093,NA,NA,D,7,1,787207.0788,191,2009,26,19.54,73.98
196451,Active,300016,NA,NA,D,6,1,3753355.61,146,2005,18,4.47,35
196452,Active,568313,NA,NA,S,2,1,185084.96,39.99,2012,35,25.23,29.97
196453,Active,602443,NA,NA,D,6,1,651235.015,59.95,2009,51,4.38,33.76
196454,Active,395762,NA,NA,D,5,1,1809430.754,47.5,2007,23,4,28.24
196455,Active,861667,NA,NA,S,18,1,322873.7075,29.99,2013,59,4,5.88
196456,Active,802744,NA,NA,S,17,1,1071345.035,29.99,2012,54,4,15.88
196457,Active,641515,NA,NA,S,2,1,12664.2,32.95,2009,21,17.51,17.52
196458,Active,624955,NA,NA,S,2,1,38591.675,32.95,2008,37,21.98,22.04
196459,Active,638359,NA,NA,S,0,0,79177.65,51.95,2010,23,45.13,38.13
196460,Active,639158,NA,NA,D,0,0,414670.8475,95.95,2010,39,6.27,11.99
196461,Active,428332,NA,NA,S,2,1,310213.22,157.8,2004,34,4.92,47.74
196462,Active,918974,NA,NA,S,2,1,206789.6013,104.95,2014,40,48.85,62.18
196463,Active,248246,NA,NA,D,6,1,32033.63,115,2010,91,8.04,33.6
196464,Active,248038,NA,NA,D,5,1,482937.1713,135,2008,44,4.98,14.91
196465,Active,248032,NA,NA,D,5,1,553644.0413,99.95,2008,85,4,12.5
196466,Active,544931,NA,NA,D,4,1,795976.6613,89.95,2005,51,4.13,8.72
196467,Active,569666,NA,NA,S,4,1,178401.435,238.95,2002,118,4,20.94
196468,Active,549916,NA,NA,D,5,1,3858121.569,34.19,2002,35,3.81,34.19
196469,Active,416619,NA,NA,D,7,1,483684.705,60.78,2008,43,7.78,32.94
196470,Active,60855,NA,NA,D,6,1,1461799.031,16.98,2005,37,4,16.86
196471,Active,217360,NA,NA,S,2,1,1528219.896,55,2000,34,4.58,13.14
196472,Active,859181,NA,NA,S,0,0,58332.475,103.5,2004,23,23.98,75.21
196473,Active,598472,NA,NA,S,0,0,125448.0513,45.95,2003,35,4.66,7.98
196474,Active,622778,NA,NA,S,1,0,71826.325,110.95,2005,37,7.59,72.97
196475,Active,121159,NA,NA,S,2,1,56334.40375,72.2,2009,70,37.81,54.8
196476,Active,131845,NA,NA,D,2,1,3317405.631,76,2004,30,4,12.99
196477,Active,132313,NA,NA,D,3,1,375938.9788,100.6,2007,54,4,10.26
196478,Active,607313,NA,NA,D,7,1,1017956.199,64.67,2004,42,4,12.93
196479,Active,607498,NA,NA,D,8,1,168216.7938,77.2,2009,54,4,73.94
196480,Active,610005,NA,NA,S,9,1,66301.35125,100.8,2013,55,45.28,53.99
196481,Active,579550,NA,NA,S,2,1,3281007.83,69.95,2000,19,4,45.45
196482,Active,368802,NA,NA,D,3,1,394511.1263,77.95,2007,55,7.29,57.74
196483,Active,57473,NA,NA,D,13,1,114219.3013,134,2008,61,6.99,28.79
196484,Active,57468,NA,NA,D,12,1,885759.46,99.35,2004,89,4,8.94
196485,Active,771838,NA,NA,S,0,0,114317.325,74.75,2004,30,11.53,45.29
196486,Active,1787069,NA,NA,S,2,1,131977.6338,44.95,2015,13,44.34,44.9
196487,Active,565111,NA,NA,D,1,0,154937.2375,40.95,2009,23,20.99,0
196488,Active,631743,NA,NA,D,2,1,706552.5425,54.95,2007,24,5.56,17.51
196489,Active,619196,NA,NA,D,1,0,117208.085,79.95,2012,19,53.69,0
196490,Active,389415,NA,NA,S,5,1,92777.65,35,2011,30,14.77,20.36
196491,Active,250623,NA,NA,D,1,0,1011462.968,79.95,2009,20,17.83,30.3
196492,Active,287401,NA,NA,S,8,1,110258.4063,96,2011,20,56.58,89.46
196493,Active,626881,NA,NA,S,7,1,1241239.043,160.2,2010,27,31.14,101.98
196494,Active,55503,NA,NA,S,5,1,4276661.613,71,1999,38,4,4.63
196495,Active,291562,NA,NA,S,3,1,230485.9538,173.95,2002,62,4,9.49
196496,Active,557602,NA,NA,D,7,1,59755.18625,173.8,2010,85,10.82,102.25
196497,Active,55504,NA,NA,D,6,1,1122009.705,84,2004,67,4,13.78
196498,Active,60858,NA,NA,D,6,1,554481.145,86.67,2004,34,4,14.53
196499,Active,132338,NA,NA,D,7,1,108455.2063,101.8,2007,53,4.01,48.51
196500,Active,533418,NA,NA,D,3,1,31677.21375,171.95,2012,131,10.89,57.29
196501,Active,55502,NA,NA,S,1,0,1001500.906,163.95,1997,63,3.99,32.97
196502,Active,60857,NA,NA,D,1,0,1141311.953,116.95,2006,39,4,17.94
196503,Active,55501,NA,NA,D,2,1,290095.6938,188.95,2009,69,4.82,44.15
196504,Active,53314,NA,NA,D,12,1,300937.9738,127.8,2009,43,7.36,55.28
196505,Active,634091,NA,NA,S,7,1,1753468.8,152.67,2010,21,21.27,91.23
196506,Active,57618,NA,NA,D,7,1,42621.3075,222.95,2011,84,6.47,65.93
196507,Active,541353,NA,NA,D,3,1,100872.0825,100.95,2012,71,6.78,41.71
196508,Active,132261,NA,NA,S,1,0,71979.47625,150.6,2010,36,34.84,49.49
196509,Active,560275,NA,NA,S,3,1,3732409.65,90.95,1997,19,4.12,13.66
196510,Active,289788,NA,NA,D,2,1,756642.4375,89.95,2010,67,4,34.76
196511,Active,57615,NA,NA,D,6,1,955075.4175,235.95,2007,71,4,13.38
196512,Active,533921,NA,NA,D,6,1,317089.1625,120.2,2007,55,4,18.7
196513,Active,615874,NA,NA,D,7,1,98390.8175,146,2010,52,8.15,47.99
196514,Active,863270,NA,NA,S,2,1,631866.8938,49.99,2005,35,6.55,0
196515,Active,543446,NA,NA,D,5,1,367860.63,49.99,2003,83,6.75,26.92
196516,Active,254757,NA,NA,D,2,1,3143374.889,89.95,2005,20,4,45.4
196517,Active,211314,NA,NA,D,1,0,1594856.295,93,1997,31,4,27.97
196518,Active,206430,NA,NA,S,2,1,4127716.303,80,1997,27,4,51.81
196519,Active,229195,NA,NA,S,4,1,1699658.288,24.75,2005,30,4,40.74
196520,Active,248098,NA,NA,S,2,1,200359.13,127,2010,46,22.99,68.98
196521,Active,247561,NA,NA,D,1,0,862381.3025,88.95,2006,38,4,15.92
196522,Active,663664,NA,NA,S,5,1,207781.1775,50,2013,30,24.99,34.71
196523,Active,132227,NA,NA,D,4,1,202102.7725,126.4,2007,86,4,18.97
196524,Active,557634,NA,NA,S,1,0,229082.255,81.6,2012,53,41.2,73.74
196525,Active,177290,NA,NA,S,5,1,607102.4725,164.95,2003,44,7.54,20.7
196526,Active,626079,NA,NA,S,1,0,2047398.521,60,2001,28,4,20.26
196527,Active,428382,NA,NA,D,9,1,634398.4075,117.8,2006,26,4,13.99
196528,Active,866631,NA,NA,D,8,1,2050891.923,94.2,2003,20,4.4,7.98
196529,Active,526214,NA,NA,S,3,1,38954.16875,60,2011,47,34.47,42.07
196530,Active,397118,NA,NA,D,0,0,189460.6388,55.95,2008,34,7.91,72.59
196531,Active,206415,NA,NA,S,2,1,239145.7163,68.95,2008,26,33.96,59.97
196532,Active,607770,NA,NA,D,5,1,37182.95125,93,2010,50,12.86,42.19
196533,Active,763793,NA,NA,D,6,1,2395867.764,75.95,1998,30,4,18.49
196534,Active,127028,NA,NA,D,8,1,637178.7913,74.95,2007,36,4,12.96
196535,Active,129372,NA,NA,D,9,1,152266.6163,89.95,2010,36,14.34,44.75
196536,Active,132678,NA,NA,D,6,1,222624.66,157.2,2009,38,15.99,72.99
196537,Active,132165,NA,NA,D,5,1,1484136.584,108.6,2006,41,4,17.55
196538,Active,57267,NA,NA,S,4,1,984712.5713,88.95,2004,33,4,23
196539,Active,57264,NA,NA,D,5,1,660113.4388,119.95,2007,41,4,4.66
196540,Active,57370,NA,NA,D,5,1,1481399.784,80.8,2001,37,4,43.93
196541,Active,132182,NA,NA,D,6,1,4416958.841,104.2,2005,24,4,45.03
196542,Active,57371,NA,NA,D,6,1,2237988.704,79.6,2004,36,4,6.98
196543,Active,57372,NA,NA,D,7,1,370529.5338,116.2,2007,61,4.98,21.96
196544,Active,652543,NA,NA,D,9,1,186130.9075,90.25,2012,54,6.64,72.83
196545,Active,908110,NA,NA,D,8,1,1152457.516,47.99,2009,22,4,38.99
196546,Active,245859,NA,NA,D,0,0,2145015.004,42,2005,13,6.88,16.87
196547,Active,188215,NA,NA,D,4,1,151700.1463,49.95,1996,99,4,11.49
196548,Active,555810,NA,NA,S,5,1,47987.54625,67,2011,67,32.59,35.39
196549,Active,135188,NA,NA,S,2,1,1038421.698,34,1999,41,4,7.43
196550,Active,632889,NA,NA,D,0,0,749669.6175,49.95,2004,27,4.86,60.21
196551,Active,558281,NA,NA,S,3,1,666540.475,70,2001,38,7.63,48.47
196552,Active,764874,NA,NA,D,6,1,921714.6788,110.95,2005,41,4.19,29.77
196553,Active,224722,NA,NA,D,8,1,189420.8988,182.95,2011,35,17.69,141.26
196554,Active,287539,NA,NA,D,2,1,415967.005,94.2,2004,33,4,45.69
196555,Active,132571,NA,NA,D,3,1,155317.7463,86.4,2008,44,17.94,101.93
196556,Active,287002,NA,NA,D,1,0,1745228.818,69.5,2002,44,4,18.85
196557,Active,127424,NA,NA,D,2,1,129008.9925,105,2008,36,20.75,51.2
196558,Active,599904,NA,NA,S,0,0,2034277.278,25,2005,27,4,9.46
196559,Active,522893,NA,NA,S,2,1,333480.0825,276.95,2010,28,10.93,74.05
196560,Active,457634,NA,NA,D,1,0,2264926.033,263.95,2007,30,4,32.94
196561,Active,354825,NA,NA,D,1,0,2235383.743,304.95,2007,55,4,9.95
196562,Active,179127,NA,NA,D,1,0,1217320.135,203.95,2007,27,5.36,47.93
196563,Active,60859,NA,NA,D,1,0,971419.3538,39.88,2007,27,4.41,35.98
196564,Active,254193,NA,NA,D,2,1,569457.4638,203.95,2010,45,4,49.24
196565,Active,594106,NA,NA,S,2,1,723438.565,177.95,2010,20,18.99,177.95
196566,Active,2264225,NA,NA,S,12,1,600476.6788,43.29,2012,15,16.85,32.11
196567,Active,1483001,NA,NA,S,12,1,957351.165,11.99,2013,33,4,13.88
196568,Active,622222,NA,NA,S,7,1,30072.23125,90.5,2013,65,35.78,53.98
196569,Active,874702,NA,NA,D,6,1,663254.945,57.95,2008,35,10.25,55.15
196570,Active,54823,NA,NA,D,6,1,193516.77,28.98,2009,113,4,32.44
196571,Active,54822,NA,NA,D,5,1,1192175.5,5.82,2005,62,4,7.24
196572,Active,132143,NA,NA,S,1,0,37634.125,68.2,2006,21,18.99,47.24
196573,Active,2275395,NA,NA,S,12,1,494223.1775,49.33,2012,42,12.66,30.98
196574,Active,2257934,NA,NA,D,4,1,1984031.459,33.54,2011,42,5.56,38.94
196575,Active,296080,NA,NA,D,4,1,410850.1313,165.95,2011,81,4.43,42.24
196576,Active,290937,NA,NA,D,4,1,991733.2988,170.95,2008,84,4,17.62
196577,Active,57067,NA,NA,S,5,1,2940108.631,57.4,2004,62,4,7.99
196578,Active,130814,NA,NA,D,7,1,55104.5325,123,2011,53,17.02,100.45
196579,Active,57065,NA,NA,D,7,1,188818.8488,92.2,2010,46,14.33,73.54
196580,Active,57064,NA,NA,D,6,1,267748.2838,87.6,2007,92,4.04,19.36
196581,Active,557420,NA,NA,S,2,1,959449.3963,47.4,2008,63,4,12.94
196582,Active,553511,NA,NA,S,9,1,837926.2075,95.6,2008,52,4,19.99
196583,Active,53488,NA,NA,D,11,1,44971.28375,139.33,2010,338,4,24.98
196584,Active,921124,NA,NA,S,13,1,34303.12625,118.67,2014,84,9.66,24.19
196585,Active,540120,NA,NA,D,12,1,12309.5275,169.2,2012,287,6.48,29.79
196586,Active,186252,NA,NA,S,25,1,97870.325,58,2000,40,9.32,46.94
196587,Active,617862,NA,NA,D,0,0,982689.9638,46,1980,66,4,32.99
196588,Active,544873,NA,NA,S,3,1,1160404.12,60.95,2008,33,12.03,38.89
196589,Active,659691,NA,NA,S,2,1,367669.9738,44.99,2013,28,18.97,32.68
196590,Active,729536,NA,NA,D,0,0,900012.4613,57,1997,34,4,0
196591,Active,157412,NA,NA,D,1,0,1225382.689,39.95,2006,39,4,49.09
196592,Active,866632,NA,NA,D,9,1,4712757.394,60.95,2002,46,4,7.98
196593,Active,567689,NA,NA,S,11,1,125638.655,148.95,2009,39,31.34,70.99
196594,Active,608420,NA,NA,D,10,1,538047.6263,149.95,2006,78,4,9.59
196595,Active,169896,NA,NA,D,3,1,1180374.095,136.95,2009,81,4,7.97
196596,Active,178021,NA,NA,D,2,1,2216657.183,88.95,2006,49,3.99,8.12
196597,Active,2618801,NA,NA,S,2,1,352355.5963,73.95,1993,45,5.96,31.99
196598,Active,620041,NA,NA,D,4,1,1773023.449,71,1997,28,4.39,45.97
196599,Active,699062,NA,NA,D,7,1,1027210.75,90.25,2007,19,6.23,48.13
196600,Active,858789,NA,NA,D,5,1,338545.3875,89.8,2000,35,4,18.99
196601,Active,606871,NA,NA,S,6,1,761725.7088,23.91,2003,31,8.98,128.17
196602,Active,131701,NA,NA,S,6,1,398509.82,152.2,2004,33,25.07,95.3
196603,Active,551228,NA,NA,D,8,1,316235.7675,75.13,2010,44,11.09,62.24
196604,Active,550558,NA,NA,D,7,1,501591.9575,41.48,2007,39,43.98,72.77
196605,Active,248095,NA,NA,D,2,1,63630.76125,102,2009,73,6.33,33.98
196606,Active,298318,NA,NA,D,2,1,138567.2688,117,2010,53,13.98,97.55
196607,Active,199207,NA,NA,D,1,0,1105367.503,78.95,2006,31,8.54,109.87
196608,Active,202481,NA,NA,D,2,1,585448.9988,7.98,2000,26,4,25
196609,Active,110168,NA,NA,S,4,1,45151.31875,85.25,2007,86,20.5,50.58
196610,Active,545771,NA,NA,S,2,1,255960.5088,43,2013,26,15.24,28.99
196611,Active,57083,NA,NA,D,8,1,185288.025,80,2009,171,4,13.65
196612,Active,919824,NA,NA,S,10,1,2563721.235,109.1,2007,49,4,11.99
196613,Active,3505839,NA,NA,D,2,1,1732813.5,52,1986,61,4.76,33.23
196614,Active,526203,NA,NA,S,3,1,113218.5713,210.95,2012,83,8.04,77.03
196615,Active,53216,NA,NA,S,10,1,407572.8313,113.8,2005,164,4,9.47
196616,Active,704799,NA,NA,S,9,1,1280921.06,139.69,2004,51,4,6.99
196617,Active,50345,NA,NA,S,10,1,1137514.4,13.99,2005,59,4,13.99
196618,Active,2620731,NA,NA,S,8,1,7325530.599,87.95,2000,11,23.98,73.29
196619,Active,417333,NA,NA,S,13,1,33748.84375,218.16,2011,99,5.19,32.98
196620,Active,57082,NA,NA,D,7,1,1314563.466,64.95,2008,100,4,14.98
196621,Active,869879,NA,NA,D,0,0,3731792.839,59.95,1998,17,4.4,23.96
196622,Active,60862,NA,NA,D,7,1,1748868.68,59.6,2006,61,4,20.87
196623,Active,867435,NA,NA,S,2,1,134381.7288,64,2014,23,32.14,51.25
196624,Active,50447,NA,NA,D,8,1,442351.6425,159.75,2008,272,4,6.98
196625,Active,132404,NA,NA,S,7,1,131574.0725,150.2,2008,58,6.35,69.03
196626,Active,537611,NA,NA,D,10,1,4805.965,177.25,2012,145,10.66,51.43
196627,Active,921509,NA,NA,S,12,1,45647.60625,164.67,2013,72,19.53,71.55
196628,Active,428155,NA,NA,D,10,1,503234.42,182.33,2011,72,4,16.3
196629,Active,51460,NA,NA,D,10,1,121585.9538,165.6,2009,209,4.25,10.48
196630,Active,900668,NA,NA,S,12,1,1193069.388,173.33,2013,32,35.7,124.24
196631,Active,590299,NA,NA,D,5,1,82402.83875,102.2,2011,99,5.9,38.89
196632,Active,864771,NA,NA,S,6,1,11292.665,125.4,2014,95,47.74,73.85
196633,Active,51932,NA,NA,D,4,1,298947.495,105.4,2009,105,4,63.74
196634,Active,552780,NA,NA,D,4,1,1012520.139,87.5,2008,17,6.22,18.99
196635,Active,53054,NA,NA,S,6,1,1264359.335,114.95,2005,71,4,16.92
196636,Active,53056,NA,NA,D,7,1,858159.8863,216.95,2010,105,4,8.79
196637,Active,53055,NA,NA,D,7,1,508664.525,139.95,2007,101,4,13.49
196638,Active,533621,NA,NA,D,8,1,59884.2775,195.95,2012,88,5.42,37.87
196639,Active,112318,NA,NA,S,1,0,247014.9825,124.25,2006,72,5.88,21.56
196640,Active,112179,NA,NA,S,1,0,138703.0425,121.5,2002,133,4.77,25.97
196641,Active,766163,NA,NA,S,0,0,1300506.245,154.5,2001,66,4.34,31.97
196642,Active,290952,NA,NA,S,1,0,633354.2388,57.95,2008,32,7.33,32.99
196643,Active,876167,NA,NA,S,4,1,18985.9575,69,2014,73,23.99,38.94
196644,Active,279601,NA,NA,S,0,0,718961.0038,56.29,2011,18,29.67,48.89
196645,Active,1646986,NA,NA,D,0,0,1588286.284,138.71,2006,16,6.48,76.22
196646,Active,197950,NA,NA,S,6,1,1146051.956,108.3,2010,28,4.7,0
196647,Active,879179,NA,NA,S,15,1,247014.3375,164.67,2013,59,39.69,63.98
196648,Active,54486,NA,NA,D,10,1,381276.0213,131.95,2009,64,4.21,40.49
196649,Active,552193,NA,NA,S,0,0,275496.1788,123.2,2005,39,7.29,50.54
196650,Active,2619090,NA,NA,D,9,1,11555445.43,44.95,1995,11,3.99,73.94
196651,Active,542231,NA,NA,S,11,1,362202.8525,155.95,2000,46,8.93,70.71
196652,Active,53219,NA,NA,D,13,1,793427.5125,182.33,2011,77,4,5.99
196653,Active,544976,NA,NA,D,9,1,336983.99,95,2011,130,4.76,20.38
196654,Active,2264216,NA,NA,S,5,1,948426.99,180.52,2011,29,9.24,68.33
196655,Active,539099,NA,NA,S,11,1,207083.525,187.2,1999,74,4.48,46.4
196656,Active,765802,NA,NA,S,2,1,3779762.076,103.95,2004,20,4.34,16.87
196657,Active,870325,NA,NA,D,7,1,1151495.295,38.95,2005,41,4.07,18.99
196658,Active,569784,NA,NA,D,9,1,439460.1925,136.95,2003,59,4,15.99
196659,Active,54487,NA,NA,D,9,1,1882127.354,69.95,2005,63,4,17.19
196660,Active,922013,NA,NA,S,5,1,800333.7088,135.93,1995,68,4,12.99
196661,Active,912100,NA,NA,S,3,1,2575974.548,50.45,1982,23,4,45.69
196662,Active,428465,NA,NA,S,8,1,120548.2788,85.4,2009,61,19.99,89.69
196663,Active,915143,NA,NA,D,6,1,4097297.11,47.6,2003,28,4,10.98
196664,Active,554735,NA,NA,S,2,1,323015.8963,191.95,2002,49,4,43.99
196665,Active,877838,NA,NA,D,7,1,5685710.218,61.77,2006,12,4.88,61.05
196666,Active,286749,NA,NA,D,6,1,4950830.291,117.95,2002,54,3.99,4.86
196667,Active,53757,NA,NA,D,7,1,1721340.275,134.95,2004,55,4,4.88
196668,Active,53755,NA,NA,D,8,1,275827.1875,292.95,2007,82,4,24.99
196669,Active,538806,NA,NA,D,2,1,30635.38125,196.75,2012,118,6.54,19.94
196670,Active,111907,NA,NA,D,1,0,131650.9563,43.9,2010,132,4,21.72
196671,Active,862294,NA,NA,D,10,1,12243.0775,254.95,2014,56,14.48,73.98
196672,Active,244194,NA,NA,D,9,1,54808.93125,254.95,2012,146,5.97,27.98
196673,Active,52898,NA,NA,D,8,1,108340.7188,281.95,2010,79,4,42.18
196674,Active,52895,NA,NA,S,6,1,1412764.659,267.95,2006,69,4,9.99
196675,Active,52897,NA,NA,D,7,1,876991.9538,308.95,2007,98,3.98,13.98
196676,Active,52901,NA,NA,S,5,1,2473200.348,92.95,2005,75,4,8.49
196677,Active,52899,NA,NA,D,6,1,1322785.048,157.95,2006,107,4.43,4.44
196678,Active,879220,NA,NA,S,7,1,1465373.888,58.27,2008,52,5.58,52.56
196679,Active,243907,NA,NA,D,8,1,260089.205,217.95,2011,176,4,26.15
196680,Active,52900,NA,NA,D,7,1,457195.2563,209.95,2008,145,4,13.99
196681,Active,285924,NA,NA,D,5,1,2544230.286,90.6,2002,34,4,45.03
196682,Active,54485,NA,NA,D,9,1,1102290.085,86.95,2006,53,4.08,13.24
196683,Active,53218,NA,NA,D,12,1,80516.0425,141.6,2007,262,4,9.95
196684,Active,613925,NA,NA,S,2,1,931459.2425,151.2,2005,33,15.56,133.02
196685,Active,879011,NA,NA,D,4,1,580798.175,25.23,2009,43,5.59,17.72
196686,Active,538814,NA,NA,S,6,1,28443.2275,113.25,2013,57,39.97,57.85
196687,Active,55653,NA,NA,S,2,1,2113962.104,5.02,2005,44,4,5.02
196688,Active,55652,NA,NA,D,5,1,59694.1825,53.99,2011,65,7.68,53.99
196689,Active,55650,NA,NA,D,4,1,315882.5063,49.69,2008,95,4,13.15
196690,Active,55651,NA,NA,D,3,1,1568266.485,7.98,2007,76,4,7.98
196691,Active,133251,NA,NA,D,1,0,2992724.726,111.2,2009,12,4.77,0
196692,Active,428176,NA,NA,S,2,1,690825.2638,119.33,2011,28,47.97,114
196693,Active,52465,NA,NA,D,2,1,168594.8463,121.8,2010,53,6.23,51.39
196694,Active,52462,NA,NA,S,2,1,59349.95375,175.4,2011,64,30.26,98.99
196695,Active,52464,NA,NA,D,1,0,1482931.651,111.2,2008,45,4,26.99
196696,Active,50056,NA,NA,D,14,1,69293.7925,285.95,2010,83,6.51,45.18
196697,Active,50054,NA,NA,D,13,1,670276.4725,202.95,2007,67,4,19.84
196698,Active,133365,NA,NA,S,7,1,53464.94875,139.33,2011,56,19.64,38.13
196699,Active,576349,NA,NA,S,1,0,874547.6563,78,2004,26,4.62,38.76
196700,Active,191736,NA,NA,D,7,1,1578262.688,11.62,2005,42,4,6.18
196701,Active,545188,NA,NA,S,9,1,17588.15125,105.75,2012,51,44.19,73.49
196702,Active,117953,NA,NA,S,5,1,2390843.38,84.8,2005,31,4,12.98
196703,Active,133455,NA,NA,D,7,1,74776.03625,129.2,2011,76,8.18,45.87
196704,Active,763511,NA,NA,S,2,1,1480452.626,88.95,2000,30,4,13.33
196705,Active,177694,NA,NA,S,5,1,556691.23,237.95,2000,47,4,42.24
196706,Active,149435,NA,NA,D,4,1,916432.9063,56,2010,38,9.2,42.09
196707,Active,655563,NA,NA,S,5,1,409784.41,81.95,2011,25,23.02,53.82
196708,Active,55498,NA,NA,D,8,1,467780.0738,84.95,2008,49,4,20.98
196709,Active,556548,NA,NA,D,9,1,59496.50125,93.95,2012,71,6.3,84.84
196710,Active,107279,NA,NA,S,7,1,2154476.635,117.19,2002,27,4,23.58
196711,Active,298322,NA,NA,S,0,0,195953.4175,111,2011,32,29.5,77.48
196712,Active,132992,NA,NA,S,2,1,73081.4575,106.95,2010,66,16.82,72.35
196713,Active,195168,NA,NA,S,2,1,643321.3175,66,2008,50,5.04,42.47
196714,Active,3741031,NA,NA,S,3,1,164873.125,63,2015,23,38.99,54.68
196715,Active,198291,NA,NA,S,0,0,2660650.585,57.95,2001,32,4,38.97
196716,Active,613236,NA,NA,D,1,0,24571.45625,118.4,2012,152,6.42,23.11
196717,Active,1939092,NA,NA,S,10,1,85552.32375,69,2014,47,24.85,38.99
196718,Active,450433,NA,NA,S,10,1,31734.99,196.95,2006,80,22.61,62.42
196719,Active,117954,NA,NA,D,5,1,340894.3938,50.4,2005,45,4,29.04
196720,Active,53012,NA,NA,D,9,1,496207.945,18.99,2008,80,4,9
196721,Active,53011,NA,NA,D,10,1,442349.9963,71.27,2010,80,4,43.85
196722,Active,550084,NA,NA,D,7,1,2744281.873,40.15,2005,49,4,14.99
196723,Active,537610,NA,NA,S,11,1,9167.595,140.75,2012,94,20.09,69.74
196724,Active,52459,NA,NA,S,4,1,499329.2288,110.95,2006,111,3.99,8.97
196725,Active,693758,NA,NA,S,1,0,687610.175,127,2002,78,4,10.33
196726,Active,538059,NA,NA,S,0,0,187946.4588,93.15,2008,51,6.28,33.99
196727,Active,199577,NA,NA,D,1,0,3005342.611,36.95,2000,15,4,12.99
196728,Active,247939,NA,NA,S,2,1,355015.8588,69,2008,38,7.69,46.16
196729,Active,177930,NA,NA,D,4,1,722681.6375,185.95,2005,47,4.36,59.53
196730,Active,169117,NA,NA,S,4,1,197508.1775,167.95,2005,45,5.58,48.99
196731,Active,132529,NA,NA,S,1,0,45706.85,80.8,2008,23,58.88,59.21
196732,Active,108398,NA,NA,D,7,1,725515.73,48.94,2002,30,14.82,78.3
196733,Active,873480,NA,NA,D,7,1,235428.5488,102.25,2002,48,14.6,60.99
196734,Active,2343649,NA,NA,S,3,1,626885.6725,113.67,1982,37,4,58.03
196735,Active,623492,NA,NA,S,3,1,33210.67375,40,2010,34,28.22,35.76
196736,Active,618908,NA,NA,S,1,0,1361582.74,126.95,2008,30,4,0
196737,Active,127091,NA,NA,S,2,1,172884.0675,148.95,2007,39,40.77,78.98
196738,Active,125990,NA,NA,D,0,0,2023227.749,77,2000,36,4,6.8
196739,Active,526200,NA,NA,S,3,1,40130.8325,76.99,2012,95,41.76,52.88
196740,Active,144553,NA,NA,D,2,1,658789.045,79.99,2003,67,4.02,11
196741,Active,114033,NA,NA,S,0,0,387120.16,105,2000,36,6.68,48.99
196742,Active,1446657,NA,NA,S,1,0,85683.275,49.95,2014,18,33.05,30.08
196743,Active,873980,NA,NA,S,0,0,5599678.168,251.25,1987,25,4.33,47.55
196744,Active,614905,NA,NA,D,1,0,2360573.918,4,2000,38,4,4
196745,Active,161533,NA,NA,S,3,1,406251.3213,70.95,2008,36,19.25,58.46
196746,Active,57361,NA,NA,D,8,1,141705.9763,137,2006,65,4.35,18.94
196747,Active,872141,NA,NA,S,6,1,2108263.004,48.67,2007,24,4.31,47.54
196748,Active,57360,NA,NA,D,7,1,1186230.074,125.4,2004,64,4,28.3
196749,Active,116753,NA,NA,D,3,1,1090940.868,131,2005,30,4,9.93
196750,Active,57359,NA,NA,D,9,1,107422.56,181.2,2010,49,14.75,40.98
196751,Active,110071,NA,NA,D,7,1,247073.1413,45.94,2009,79,8.86,38.43
196752,Active,366850,NA,NA,D,6,1,3604910.888,78.5,2002,17,4.77,38.49
196753,Active,178252,NA,NA,D,2,1,856451.4238,102.95,1998,27,4.53,42.95
196754,Active,897320,NA,NA,D,0,0,1291367.968,65,1998,24,8.96,51.99
196755,Active,657980,NA,NA,S,3,1,41351.3575,44.99,2013,63,27.28,30.74
196756,Active,846406,NA,NA,S,2,1,488860.4225,83.99,1993,40,4,11.85
196757,Active,526197,NA,NA,S,2,1,332885.9575,74.99,2011,33,37.25,46.5
196758,Active,144438,NA,NA,D,1,0,189005.165,64.99,2005,38,7.62,18.99
196759,Active,632848,NA,NA,D,0,0,3013454.64,99.95,1995,29,4,17.1
196760,Active,2658867,NA,NA,D,0,0,1084550.081,39.99,2000,33,4,33.99
196761,Active,619424,NA,NA,S,2,1,248432.6575,49.99,2005,36,18.99,30.64
196762,Active,911996,NA,NA,D,2,1,2025460.163,99.95,2002,24,4,53.55
196763,Active,2167232,NA,NA,S,4,1,532344.3175,44.95,2014,22,29.57,29.57
196764,Active,279403,NA,NA,D,2,1,2326036.089,44.95,2007,18,8.59,33.49
196765,Active,225741,NA,NA,D,1,0,495558.5438,89.95,2003,21,14.71,23
196766,Active,2389813,NA,NA,D,0,0,3370712.659,56.37,1980,23,4,71.85
196767,Active,2559677,NA,NA,S,3,1,6813952.28,222.83,1981,14,4.4,98.33
196768,Active,115466,NA,NA,S,4,1,392360.6075,116.2,2003,31,49.88,122.73
196769,Active,862650,NA,NA,D,2,1,4281988.673,50,1996,15,4,12.49
196770,Active,217728,NA,NA,D,4,1,1473675.493,64.99,1997,20,4.49,40.94
196771,Active,163018,NA,NA,S,3,1,52068.7425,286.25,2010,45,12,49.87
196772,Active,643011,NA,NA,D,2,1,1677641.198,99.95,1967,20,28.98,73.76
196773,Active,901105,NA,NA,D,1,0,282011.4488,27.31,2006,14,24.19,33.82
196774,Active,537142,NA,NA,D,8,1,98244.59375,79.95,2012,41,10.01,90.84
196775,Active,113380,NA,NA,D,3,1,685131.0775,83.95,2007,27,9.48,51.71
196776,Active,115350,NA,NA,D,5,1,804280.9313,97.4,2002,24,6.73,39.96
196777,Active,874162,NA,NA,S,2,1,1065995.736,135.95,1991,36,4,28.77
196778,Active,249844,NA,NA,D,5,1,365252.9688,347.95,2008,47,13.16,68.77
196779,Active,366754,NA,NA,D,4,1,128672.0538,319.95,2002,44,17.39,45.76
196780,Active,166651,NA,NA,D,1,0,929154.84,155,2005,24,52.19,110.53
196781,Active,534242,NA,NA,D,0,0,652646.4363,110,2005,22,32.49,82.68
196782,Active,118437,NA,NA,D,7,1,465657.2813,154.4,2007,36,11.68,43.44
196783,Active,2403846,NA,NA,D,2,1,2183622.346,39.95,1984,26,5.4,48.07
196784,Active,2302609,NA,NA,D,2,1,4606455.136,56,1991,21,4,49.97
196785,Active,845722,NA,NA,S,3,1,2864661.629,70,1991,16,4.47,51.67
196786,Active,114628,NA,NA,D,10,1,750854.81,143.2,2003,31,15.79,75.06
196787,Active,113906,NA,NA,D,9,1,1898344.659,118.35,2000,24,4.35,70.62
196788,Active,550149,NA,NA,D,1,0,1489765.986,6.74,2004,59,4,24.95
196789,Active,55496,NA,NA,D,2,1,587899.29,90.42,2008,89,4,59.93
196790,Active,110474,NA,NA,D,1,0,1176011.688,19.39,2007,86,4,19.23
196791,Active,2571673,NA,NA,D,1,0,4628480.001,250,1995,19,9.94,43.49
196792,Active,113159,NA,NA,D,1,0,1367802.796,144,2009,25,23.41,82.21
196793,Active,541827,NA,NA,S,4,1,112753.79,160,2013,39,72.98,91.98
196794,Active,166710,NA,NA,D,3,1,634693.7363,150,2006,45,20.92,28.02
196795,Active,244282,NA,NA,D,8,1,80012.37625,172.95,2012,40,25.44,100.89
196796,Active,254123,NA,NA,D,7,1,291808.8613,189.95,2010,90,6.07,50.83
196797,Active,206758,NA,NA,S,0,0,880330.5763,64.99,2006,29,4.59,28.98
196798,Active,622747,NA,NA,S,2,1,429948.745,84.99,2006,35,4.82,65.98
196799,Active,3588947,NA,NA,D,2,1,1803894.95,30,1900,26,4.39,33.94
196800,Active,219576,NA,NA,S,3,1,155893.8988,49.95,2005,24,24.78,0
196801,Active,167718,NA,NA,D,2,1,386544.2725,60,1999,21,9.73,111.53
196802,Active,1781399,NA,NA,S,2,1,49021.33,60,2014,27,38.99,49.93
196803,Active,196206,NA,NA,D,3,1,596370.2775,79.95,2005,23,21.55,26.95
196804,Active,3564278,NA,NA,D,2,1,11482783.3,49.95,1995,17,6.37,48.33
196805,Active,113994,NA,NA,D,5,1,1017114.473,119,1999,45,4.35,23.9
196806,Active,646532,NA,NA,D,1,0,1343769.369,80,2008,13,33.74,198.6
196807,Active,2594822,NA,NA,S,2,1,963256.3163,74.99,1989,33,15.91,57.59
196808,Active,665483,NA,NA,D,2,1,655537.0075,45,2011,23,13.17,73.09
196809,Active,912511,NA,NA,D,0,0,366167.275,45,2008,44,4.84,47.99
196810,Active,618618,NA,NA,S,1,0,393688.0963,42,2005,67,4,20.58
196811,Active,390103,NA,NA,S,2,1,186789.6,57.95,2008,19,42.99,214.35
196812,Active,3566668,NA,NA,D,1,0,4185477.55,44.95,2001,17,6.39,6.83
196813,Active,637232,NA,NA,S,2,1,767466.8775,64,2007,24,18,33.92
196814,Active,3566657,NA,NA,D,1,0,4263404.6,38.95,1998,30,4.98,64.67
196815,Active,247458,NA,NA,D,2,1,828565.7113,61,2005,14,20.46,28.99
196816,Active,616035,NA,NA,D,4,1,112012.2525,73,2010,59,6.48,0
196817,Active,1749393,NA,NA,S,2,1,67293.6,40,2011,11,34.98,36.98
196818,Active,1768030,NA,NA,S,2,1,29704.125,39.99,2013,18,32.64,31.8
196819,Active,252675,NA,NA,D,10,1,25417.81625,80,2011,92,7.84,13.99
196820,Active,633778,NA,NA,S,10,1,52626.9,69.19,2012,21,48.99,67.2
196821,Active,901961,NA,NA,D,2,1,8697727.661,45.97,1999,15,4.04,45.95
196822,Active,1517557,NA,NA,S,1,0,23083.65,98.2,2014,51,12.94,55.99
196823,Active,635767,NA,NA,S,6,1,127971.8213,45.6,2011,39,27.1,35.99
196824,Active,667426,NA,NA,S,10,1,60293.17875,103.6,2010,37,22.02,0
196825,Active,1956535,NA,NA,S,5,1,124210.9438,71.75,2013,26,33.99,75.02
196826,Active,191964,NA,NA,D,5,1,1719083.283,11.49,2003,54,4,11.49
196827,Active,109272,NA,NA,D,7,1,478160.0938,13.99,2007,138,4,12.84
196828,Active,116786,NA,NA,D,6,1,170205.955,103.4,2005,76,4,22.98
196829,Active,526181,NA,NA,D,8,1,88169.455,196.75,2010,52,23.74,51.99
196830,Active,561238,NA,NA,D,7,1,62184.54625,128.6,2009,89,4.96,43.99
196831,Active,551701,NA,NA,S,4,1,466358.5663,57.4,2001,30,8.99,100.81
196832,Active,582984,NA,NA,D,7,1,15407.5325,108.95,2011,183,5.98,33.56
196833,Active,297239,NA,NA,S,8,1,626363.12,72,2002,59,4,13.99
196834,Active,526182,NA,NA,S,8,1,193392.545,73.6,2011,43,24.25,56.99
196835,Active,212383,NA,NA,S,6,1,3312176.059,45,2005,17,4,50.27
196836,Active,868239,NA,NA,S,13,1,91832.46,45.6,2013,27,26.85,36.72
196837,Active,616938,NA,NA,S,12,1,74375.0525,45.6,2010,115,4.42,12.92
196838,Active,111223,NA,NA,S,6,1,316292.4675,122.25,2011,127,4,23.99
196839,Active,606883,NA,NA,D,4,1,1219354.549,6.32,2005,106,4,13.98
196840,Active,109282,NA,NA,D,5,1,673747.565,10.96,2008,87,4,13.96
196841,Active,1476921,NA,NA,S,6,1,189147.35,44.24,2013,5,35.86,32.82
196842,Active,913407,NA,NA,S,6,1,1825860.27,35.15,2006,22,4,27.89
196843,Active,109874,NA,NA,S,7,1,1070605.068,27.92,2007,24,4.48,27.94
196844,Active,538641,NA,NA,S,9,1,66002.42,41.99,2012,39,38.87,50.32
196845,Active,663159,NA,NA,S,2,1,255393.37,49.95,2013,35,23.99,25.4
196846,Active,565911,NA,NA,D,8,1,337496.9913,20.99,2009,50,4.38,20.74
196847,Active,163364,NA,NA,D,9,1,263902.7813,87.5,2011,42,5.75,38.99
196848,Active,1438105,NA,NA,D,9,1,1388754.938,37.99,2007,26,4,35.81
196849,Active,626219,NA,NA,S,12,1,152576.1863,94.8,2011,59,5.97,30.39
196850,Active,3434523,NA,NA,S,11,1,259302.6,61.97,1900,25,11.89,65.19
196851,Active,867146,NA,NA,S,13,1,14905.99625,84.2,2014,109,34.97,48.89
196852,Active,146429,NA,NA,S,12,1,66635.9075,83.1,2012,97,4.92,25.03
196853,Active,526179,NA,NA,S,12,1,140299.7213,94.8,2011,130,4,15.98
196854,Active,553703,NA,NA,S,11,1,428950.8588,99.8,2008,101,4,36.83
196855,Active,116718,NA,NA,S,10,1,704847.8213,80,2005,85,3.95,8.99
196856,Active,709888,NA,NA,S,9,1,1712392.338,60,2002,49,4,23.5
196857,Active,254432,NA,NA,D,2,1,884347.9,39.95,2010,19,39.99,0
196858,Active,2889271,NA,NA,S,2,1,2524112.499,185,1988,12,33.97,88.68
196859,Active,2303481,NA,NA,D,5,1,2910710.669,83.01,1997,17,5.73,63.17
196860,Active,112199,NA,NA,S,6,1,150045.0425,98.5,2002,80,27.59,64.81
196861,Active,144947,NA,NA,D,1,0,244379.5888,117.4,2005,30,9.59,53.98
196862,Active,864256,NA,NA,S,2,1,268933.3288,87.4,2012,33,14.95,30.95
196863,Active,867591,NA,NA,S,2,1,449621.545,84.99,2014,29,13.06,52.97
196864,Active,1737219,NA,NA,S,3,1,46474.975,32.95,2009,22,23.95,24.69
196865,Active,642964,NA,NA,D,1,0,422776.4763,65,2003,38,7.27,52.39
196866,Active,1900621,NA,NA,D,1,0,836097.505,49.99,2011,25,6.6,39.57
196867,Active,1829827,NA,NA,S,1,0,418811.3825,49.99,2014,27,39.54,43.05
196868,Active,3582857,NA,NA,D,0,0,2101374.85,49.45,2002,23,4.96,38.99
196869,Active,646063,NA,NA,S,2,1,509653.095,58,2010,22,31.78,0
196870,Active,127719,NA,NA,S,2,1,1268740.644,42,2004,21,7.18,79.98
196871,Active,288062,NA,NA,S,0,0,38936,105,2010,34,49.4,77.35
196872,Active,249182,NA,NA,D,3,1,74974.775,141,2010,65,15.9,31.98
196873,Active,192940,NA,NA,D,2,1,812204,114.4,2004,58,5.36,13.98
196874,Active,147549,NA,NA,D,1,0,410846.2975,86.95,2008,36,22.56,79.22
196875,Active,634845,NA,NA,S,7,1,469576.0563,174,2011,22,17.68,32.71
196876,Active,2270581,NA,NA,S,3,1,631090.15,84.29,1900,21,0,0
196877,Active,467734,NA,NA,D,3,1,383601.5638,116,2009,33,47.94,72.04
196878,Active,174432,NA,NA,S,2,1,774996.5213,39.99,2006,22,20.99,33.8
196879,Active,613272,NA,NA,S,1,0,66384.0475,45,1995,67,4,18.99
196880,Active,621593,NA,NA,S,3,1,577481.3225,159.95,2001,37,8.46,83.53
196881,Active,858719,NA,NA,D,3,1,1980512.259,39.95,1999,19,53.24,209.05
196882,Active,114147,NA,NA,S,1,0,21923.475,140.6,2002,29,22.41,73.99
196883,Active,914117,NA,NA,S,4,1,3682844.798,44.95,2002,30,4,48.03
196884,Active,917309,NA,NA,D,0,0,1174467.83,50.95,2005,44,4,12.94
196885,Active,135663,NA,NA,S,3,1,130645.88,49.95,2010,55,14.14,26.74
196886,Active,627510,NA,NA,S,3,1,545635.9975,57.95,2008,42,26.45,37.77
196887,Active,895205,NA,NA,S,2,1,1544231.841,113,1997,24,7.32,19.67
196888,Active,526176,NA,NA,D,2,1,169034.9113,78.95,2009,26,49.79,55.83
196889,Active,135503,NA,NA,D,1,0,2275482.616,74.95,2006,21,34.3,73.29
196890,Active,563398,NA,NA,D,2,1,405619.82,42.62,2006,46,5.26,41.6
196891,Active,56899,NA,NA,D,2,1,504703.7513,87.72,2006,171,4,12.99
196892,Active,259284,NA,NA,D,2,1,682449.4588,202.95,1997,25,6.95,49.33
196893,Active,895905,NA,NA,D,0,0,2464894.176,68.95,1994,15,4,62.09
196894,Active,620423,NA,NA,D,0,0,550169.605,249,1993,53,12.37,53.99
196895,Active,2511143,NA,NA,D,2,1,1031347.709,75,1996,33,4.96,16.94
196896,Active,153792,NA,NA,S,3,1,679086.3963,89.95,2005,31,7.35,51.74
196897,Active,184353,NA,NA,D,2,1,644071.0438,49.95,2004,26,5.99,7.3
196898,Active,246637,NA,NA,S,2,1,89761.39625,52.95,2009,37,19.72,32.38
196899,Active,107412,NA,NA,S,3,1,323801.68,56,2001,39,6.69,59.97
196900,Active,898477,NA,NA,D,2,1,10324118.92,28.4,1997,12,4.78,95.34
196901,Active,110652,NA,NA,S,4,1,89984.3725,77.58,2011,37,5.27,46.07
196902,Active,1946440,NA,NA,S,8,1,53442.1,39,2014,32,16.49,27.59
196903,Active,1946441,NA,NA,S,8,1,41592.65,39,2014,19,21,21.49
196904,Active,610731,NA,NA,S,3,1,29455.325,38.25,2013,23,23.09,29.89
196905,Active,1946378,NA,NA,S,3,1,49329.825,38.25,2013,13,26.03,29.44
196906,Active,183752,NA,NA,S,2,1,109123.4225,149.95,2010,46,14.23,39.95
196907,Active,560060,NA,NA,S,1,0,57347.6,38.25,2012,25,7.83,29.23
196908,Active,298609,NA,NA,S,2,1,63341.9475,107.95,2010,56,12.99,57.64
196909,Active,155256,NA,NA,D,1,0,285344.5525,143.95,2001,71,5.38,48.07
196910,Active,186202,NA,NA,D,0,0,1118616.429,26.8,1997,25,4,48.89
196911,Active,144584,NA,NA,S,2,1,100751.08,63.4,2003,40,17.76,45.86
196912,Active,560070,NA,NA,S,4,1,19307.6775,38.25,2012,42,12.45,0
196913,Active,141889,NA,NA,S,3,1,504760.2913,13.07,2008,106,4,0
196914,Active,144407,NA,NA,S,5,1,707062.095,52.67,2002,39,4,23.99
196915,Active,740304,NA,NA,D,6,1,786062.0125,62.4,2005,45,4,22.49
196916,Active,132462,NA,NA,D,7,1,311972.8763,72.8,2007,59,4,59.79
196917,Active,144883,NA,NA,D,6,1,794365.2275,60.67,2005,41,4,59.43
196918,Active,144408,NA,NA,D,5,1,679292.5763,58.2,2002,39,4,44.19
196919,Active,132463,NA,NA,S,7,1,296830.6638,70.6,2007,26,9.72,67.86
196920,Active,57698,NA,NA,S,5,1,1273397.864,142.95,2003,63,3.79,22.49
196921,Active,57700,NA,NA,D,7,1,175728.6163,150.95,2007,94,4,29.14
196922,Active,57699,NA,NA,D,6,1,592996.8163,165.95,2006,98,3.98,11.09
196923,Active,57697,NA,NA,D,8,1,73302.26125,150.95,2011,77,4.35,51.77
196924,Active,57701,NA,NA,D,8,1,232448.2675,150.95,2011,73,8.79,30.98
196925,Active,57704,NA,NA,D,7,1,76768.18125,86.95,2007,88,4.16,9.38
196926,Active,57703,NA,NA,D,6,1,356662.7075,124.95,2006,88,4,36.1
196927,Active,560074,NA,NA,S,1,0,1493923.14,5.54,2009,39,4,5.85
196928,Active,286126,NA,NA,S,3,1,134793.235,118.4,2003,40,4,12.05
196929,Active,169333,NA,NA,D,4,1,200174.365,162.95,2006,50,7.01,43.91
196930,Active,765124,NA,NA,S,2,1,2819170.374,54.95,1998,31,4,9.97
196931,Active,60865,NA,NA,D,3,1,968835.545,156.95,2002,38,4,43.93
196932,Active,177746,NA,NA,D,4,1,830518.4813,156.95,2006,52,3.99,12.52
196933,Active,177563,NA,NA,S,2,1,1902552.449,171.95,1998,34,4,6.56
196934,Active,288304,NA,NA,S,2,1,13471.5,38.25,2011,48,18.86,24.99
196935,Active,327804,NA,NA,S,2,1,14418.625,38.25,2011,26,21.96,21.98
196936,Active,3241040,NA,NA,D,0,0,4426910.968,15.98,2005,32,8.49,15.97
196937,Active,380513,NA,NA,S,2,1,9132.38375,60.95,2011,59,23.18,34.87
196938,Active,183040,NA,NA,D,0,0,586971.6838,47.95,2005,38,4,8.82
196939,Active,620367,NA,NA,S,3,1,488972.2225,110,2003,47,8.71,71.77
196940,Active,217251,NA,NA,D,5,1,2543975.439,47,2003,28,4,44.07
196941,Active,217321,NA,NA,D,6,1,846627.8113,47,2009,28,4,13.93
196942,Active,543237,NA,NA,S,2,1,399761.86,45,2013,21,21.36,23.44
196943,Active,599707,NA,NA,D,2,1,1419891.461,48,2009,27,4,99.83
196944,Active,2829397,NA,NA,S,0,0,248125.7713,45,1999,51,4.3,23.89
196945,Active,178895,NA,NA,S,34,1,1341953.726,226.95,2010,48,4.42,16.98
196946,Active,587481,NA,NA,D,35,1,1009548.84,235.95,2011,69,4,12.12
196947,Active,525190,NA,NA,D,0,0,773174.3763,304.95,2011,37,4,31.52
196948,Active,525188,NA,NA,D,0,0,222344.25,399.95,2013,31,4,45.87
196949,Active,178977,NA,NA,D,0,0,1364636.52,317.95,2010,47,3.94,7.76
196950,Active,637531,NA,NA,D,0,0,639535.2063,318.95,2013,62,4.25,43.8
196951,Active,867415,NA,NA,S,0,0,1071524.778,391.95,2012,41,4.57,103.97
196952,Active,616172,NA,NA,S,16,1,1466130.124,363.95,2012,39,4,55.98
196953,Active,544803,NA,NA,S,0,0,653075.9675,323.95,2013,27,5.52,130.15
196954,Active,916203,NA,NA,S,17,1,1028815.338,318.95,2013,42,4.39,61.44
196955,Active,178702,NA,NA,S,0,0,1477441.123,384.95,2011,40,4,45.42
196956,Active,127370,NA,NA,S,2,1,31110.61125,76.95,2010,81,25.99,59.19
196957,Active,2528697,NA,NA,S,2,1,899483.9663,63.95,1998,30,6.97,49.56
196958,Active,867598,NA,NA,S,2,1,448031,69.99,2014,47,23.58,45.99
196959,Active,3097166,NA,NA,S,3,1,116245.925,52,2005,53,4,33.49
196960,Active,608349,NA,NA,S,2,1,1027905.848,55,2003,73,4,22.94
196961,Active,639241,NA,NA,S,5,1,188572.0713,50.5,2009,26,28.99,0
196962,Active,3796197,NA,NA,D,2,1,1579463.4,40,2007,28,7.8,6.17
196963,Active,626242,NA,NA,D,3,1,345778.4125,48,2011,32,8.62,0
196964,Active,3615616,NA,NA,D,0,0,1151890.75,79.95,1991,33,4.38,10.05
196965,Active,860494,NA,NA,S,4,1,129083.6063,85.95,2011,32,37.84,61.63
196966,Active,2345162,NA,NA,D,0,0,2589767.87,75.3,1989,26,16.15,67.53
196967,Active,1940099,NA,NA,S,3,1,210274.8863,39.95,2010,31,27.95,37.01
196968,Active,3070639,NA,NA,D,0,0,2163889.424,139,2003,18,90.69,138.98
196969,Active,552459,NA,NA,D,5,1,279313.7563,96.6,2005,49,4,28.9
196970,Active,170118,NA,NA,S,2,1,818214.7738,142.95,2010,37,4.3,103.99
196971,Active,544644,NA,NA,S,2,1,642649.8863,140.95,2013,34,42.98,63.99
196972,Active,702074,NA,NA,S,3,1,313087.9413,40,2011,42,5.86,5.95
196973,Active,170120,NA,NA,D,2,1,694814.9538,142.95,2010,31,6.41,63.64
196974,Active,609002,NA,NA,S,3,1,306687.44,24.99,2008,54,8.36,17.58
196975,Active,551792,NA,NA,D,1,0,186380.4625,88,2002,42,4,30.27
196976,Active,1672240,NA,NA,S,3,1,33484.255,14.99,2008,46,8.11,8.77
196977,Active,2652460,NA,NA,S,3,1,323645.2288,79.36,1988,51,8.98,65.97
196978,Active,613268,NA,NA,S,4,1,140888.05,128.7,1900,81,4.81,66.31
196979,Active,170119,NA,NA,D,2,1,174972.5113,142.95,2011,54,18.59,78.2
196980,Active,541284,NA,NA,D,0,0,974984.7438,140.95,2006,46,4,62.93
196981,Active,616231,NA,NA,S,5,1,656085.72,208.95,1994,55,4,63.2
196982,Active,170117,NA,NA,S,2,1,448474.65,131.95,2010,33,21.99,67.36
196983,Active,850661,NA,NA,S,6,1,1413905.291,131.95,1999,25,4,15.98
196984,Active,170115,NA,NA,S,2,1,962898.7025,131.95,2010,23,7.98,60.34
196985,Active,526166,NA,NA,S,2,1,691462.7763,44.99,2008,25,22.95,31.49
196986,Active,149660,NA,NA,S,2,1,854403.6713,34.95,2008,24,6.75,153.84
196987,Active,911050,NA,NA,S,3,1,367624.9563,38.95,2014,40,26.61,32.27
196988,Active,701670,NA,NA,S,2,1,1262060.091,24.95,2008,22,6.59,18.98
196989,Active,114088,NA,NA,S,3,1,154710.665,132,2000,47,7.33,0
196990,Active,870681,NA,NA,S,2,1,356285.7113,31,2005,27,6.88,33.99
196991,Active,200847,NA,NA,S,7,1,58054.04625,18.99,2005,76,6.11,0
196992,Active,200951,NA,NA,S,7,1,80254.01,29.99,2005,68,6.97,0
196993,Active,613469,NA,NA,S,0,0,31734.225,117.5,2006,123,5.9,32.57
196994,Active,614023,NA,NA,S,0,0,45818.825,117.5,2006,94,5.52,19.98
196995,Active,665541,NA,NA,S,2,1,107012.5875,44.95,2010,24,32.48,44.93
196996,Active,860495,NA,NA,S,3,1,339728.4875,46.95,2011,24,36.24,0
196997,Active,1900796,NA,NA,D,6,1,1017741.906,139.95,2010,39,104.6,149.98
196998,Active,810202,NA,NA,D,3,1,296881.815,60.95,2011,16,58.44,0
196999,Active,2266361,NA,NA,S,2,1,1397934.278,78.47,2007,36,34.6,77.04
197000,Active,864235,NA,NA,S,2,1,522735.1175,49.95,2012,24,34.14,46.88
197001,Active,275439,NA,NA,D,0,0,2195781.35,75,1999,14,33.87,49.45
197002,Active,526164,NA,NA,S,4,1,29241.4125,47.99,2010,37,13.75,13.99
197003,Active,143877,NA,NA,S,2,1,260574.9413,35.95,1996,40,4,19.87
197004,Active,846473,NA,NA,D,2,1,1412536.335,71,1993,25,4,50.84
197005,Active,545744,NA,NA,S,2,1,113687.4688,41.99,2013,112,28.93,32.3
197006,Active,598383,NA,NA,D,1,0,548472.375,34.99,2010,46,4.99,11.64
197007,Active,534726,NA,NA,S,9,1,17631.61125,63.99,2013,108,20.99,30.99
197008,Active,650084,NA,NA,D,0,0,774580.32,74.95,2010,63,46.98,47.58
197009,Active,131605,NA,NA,D,0,0,2397165.576,92,2003,25,4,10.53
197010,Active,660855,NA,NA,S,1,0,678917.1925,53,2013,21,25.78,31.59
197011,Active,656942,NA,NA,S,2,1,73210.84,69.95,2013,57,11.79,27.82
197012,Active,614401,NA,NA,S,1,0,201350.38,56.95,2011,66,5.13,32.93
197013,Active,534111,NA,NA,D,2,1,33124.28,23.24,2011,141,4.18,23.99
197014,Active,141813,NA,NA,D,1,0,148131.1788,4.37,2008,173,4,9.83
197015,Active,1946424,NA,NA,S,3,1,3015.67875,91,2014,97,33.98,53.99
197016,Active,874720,NA,NA,D,8,1,1543578.273,65.6,1999,23,4,30.92
197017,Active,619025,NA,NA,D,9,1,793324.4138,156.2,2003,39,4,45.4
197018,Active,2603263,NA,NA,S,2,1,472477.7688,64.99,2004,23,46.74,50.01
197019,Active,615018,NA,NA,D,0,0,104046.3,90,2012,51,6.99,0
197020,Active,142118,NA,NA,D,5,1,9498.44125,54.06,2011,156,4.74,28.98
197021,Active,141603,NA,NA,S,2,1,1124707.645,6.85,2004,90,4,11.99
197022,Active,54003,NA,NA,S,3,1,726531.6738,7.98,2006,127,4,7.92
197023,Active,2268696,NA,NA,S,5,1,701623.55,86.49,1900,31,7.45,81.05
197024,Active,142035,NA,NA,D,4,1,712240.865,12.03,2009,40,4.38,11.38
197025,Active,642393,NA,NA,S,4,1,960280.49,39.4,1993,23,9.24,53.65
197026,Active,766281,NA,NA,S,2,1,532272.4588,75.95,2007,35,5.77,27.51
197027,Active,625219,NA,NA,D,1,0,260681.07,103,2011,44,9.45,52.72
197028,Active,3043875,NA,NA,S,0,0,1352429.536,44.5,2002,26,4,61.05
197029,Active,169292,NA,NA,S,2,1,254723.7538,108.95,2006,44,7.99,55.17
197030,Active,567409,NA,NA,S,2,1,181051.5613,108.95,2006,45,6.31,63.53
197031,Active,127558,NA,NA,S,3,1,387421.4875,105.95,2009,52,7.49,68.42
197032,Active,115988,NA,NA,S,2,1,230459.445,56.47,2003,29,9.67,43.99
197033,Active,286118,NA,NA,S,1,0,272039.125,51.6,2006,37,7.61,23.98
197034,Active,552112,NA,NA,S,2,1,1202724.765,51.6,2003,37,4,16.24
197035,Active,668051,NA,NA,S,2,1,1842455.895,82.98,2009,23,4,48.93
197036,Active,3485267,NA,NA,D,6,1,5231949.85,41.2,2003,55,3.49,6.99
197037,Active,55492,NA,NA,D,7,1,359831.0388,47.2,2006,42,4,14.47
197038,Active,132128,NA,NA,D,0,0,2151500.1,106.67,2005,37,4,5.25
197039,Active,867781,NA,NA,S,3,1,237830.8638,41.95,2014,19,36.79,36.07
197040,Active,298254,NA,NA,D,2,1,4209845.535,90.95,2006,12,4,92.99
197041,Active,247701,NA,NA,D,2,1,1003622.534,41.95,2006,48,4,38.93
197042,Active,117180,NA,NA,S,1,0,58034.7,118.8,2009,34,50.39,78.59
197043,Active,715448,NA,NA,S,3,1,788812.7563,106.73,2010,18,25.52,188.46
197044,Active,542791,NA,NA,D,5,1,616093.3613,80.8,2009,51,27.98,95.97
197045,Active,197759,NA,NA,D,4,1,295356.5725,61.95,2008,39,4.99,43.99
197046,Active,2703301,NA,NA,S,3,1,2042935.546,54.95,2003,25,6.66,41.94
197047,Active,55648,NA,NA,S,2,1,83436.97125,203.8,2010,60,42.42,112.47
197048,Active,55647,NA,NA,D,1,0,661638.03,140,2007,55,4,7.47
197049,Active,61161,NA,NA,D,2,1,919697.0575,133.33,2007,89,3.99,8.98
197050,Active,248260,NA,NA,D,4,1,42170.69,128,2011,86,8.34,38.99
197051,Active,55644,NA,NA,S,2,1,1929539.544,145.95,2005,36,4,6.95
197052,Active,169628,NA,NA,S,2,1,2748629.598,146.95,2006,35,4.47,5.99
197053,Active,55646,NA,NA,D,4,1,104893.7863,98.95,2010,91,6.63,16.99
197054,Active,1855200,NA,NA,D,4,1,1865667.571,88,2011,8,46.12,46.12
197055,Active,55645,NA,NA,D,3,1,766519.9875,98.95,2008,124,4,10.98
197056,Active,248028,NA,NA,D,4,1,446478.3113,87,2009,41,6.28,13.93
197057,Active,904107,NA,NA,S,2,1,1275444.23,126,2007,16,9.98,9.98
197058,Active,116014,NA,NA,S,2,1,404387.1013,57.4,2006,50,4,63.77
197059,Active,2252715,NA,NA,D,4,1,1540125.388,19.93,2009,44,8.27,17.27
197060,Active,131672,NA,NA,S,1,0,70152.125,62.4,2006,41,25,46.99
197061,Active,915389,NA,NA,D,0,0,288819.1238,75,2000,34,12.99,44.98
197062,Active,165691,NA,NA,S,4,1,810987.8988,39.57,2004,38,4,23.66
197063,Active,165363,NA,NA,S,3,1,1689462.58,25.17,2002,45,4,22.28
197064,Active,290632,NA,NA,D,5,1,189454.0238,5.95,2007,74,4,4.58
197065,Active,290208,NA,NA,D,6,1,111204.2488,37.96,2010,89,7.51,36.99
197066,Active,3263296,NA,NA,D,4,1,5646708.23,0,2004,11,4,64.89
197067,Active,642339,NA,NA,S,4,1,741840.0725,34.99,2011,25,9.67,33.94
197068,Active,609542,NA,NA,S,3,1,1659792.003,34.99,2009,27,4,34.81
197069,Active,870139,NA,NA,S,7,1,3513322.955,77.75,1996,18,4.13,78.38
197070,Active,337058,NA,NA,S,1,0,83289.88875,59.95,2002,57,16.47,41.99
197071,Active,255780,NA,NA,D,3,1,132115.8275,56.95,2006,29,42.55,46.64
197072,Active,255749,NA,NA,S,2,1,1111687.811,37.95,2002,21,11.07,56.71
197073,Active,165332,NA,NA,D,7,1,274141.04,49.45,2005,54,13.95,40.07
197074,Active,60868,NA,NA,S,6,1,1077231.776,52.48,1997,31,4.12,40.98
197075,Active,2346313,NA,NA,D,2,1,9900351.086,67.53,1973,19,4,52.03
197076,Active,2354922,NA,NA,D,4,1,13419929.64,78.45,1989,15,4,134.75
197077,Active,2056697,NA,NA,S,0,0,592821.5313,45,2011,21,18.28,72.98
197078,Active,2159207,NA,NA,S,1,0,423611.265,45,2014,12,29.68,32.56
197079,Active,844676,NA,NA,D,3,1,3786802.381,89.5,1988,41,4,28.94
197080,Active,554116,NA,NA,S,4,1,63398.6325,214.6,1997,139,18.98,57.77
197081,Active,115420,NA,NA,D,1,0,272532.4088,115,2000,30,6.85,44.73
197082,Active,902253,NA,NA,D,1,0,306525.425,31.95,1976,31,4,51.63
197083,Active,620843,NA,NA,D,2,1,284303.3563,65,2007,31,10.89,28.94
197084,Active,635723,NA,NA,S,1,0,488306.775,100,2012,41,5.35,128.68
197085,Active,716003,NA,NA,S,1,0,51672.35,53.32,2013,32,16.78,20
197086,Active,655034,NA,NA,S,4,1,22780.55625,53.32,2013,35,23.26,0
197087,Active,552719,NA,NA,S,3,1,78571.98625,50.07,2006,67,4.41,22.99
197088,Active,2389971,NA,NA,S,6,1,1479012.535,67.97,1978,32,4,58.53
197089,Active,616419,NA,NA,S,9,1,937954.3938,170.2,1995,41,4,48.45
197090,Active,557305,NA,NA,D,2,1,417615.39,142.2,2006,69,4.27,43.99
197091,Active,55490,NA,NA,D,4,1,817330.6163,66.95,2002,51,4,6.99
197092,Active,55491,NA,NA,D,5,1,352011.9163,84.95,2006,43,4.99,32.99
197093,Active,55489,NA,NA,S,6,1,27126.62875,112.99,2011,71,39.81,57.76
197094,Active,686084,NA,NA,S,2,1,98502.925,26.95,2011,36,17.91,25.6
197095,Active,646873,NA,NA,S,2,1,331275.7188,38.95,2013,24,20.74,22.35
197096,Active,625262,NA,NA,D,1,0,234811.85,54.99,2010,145,12.74,31.74
197097,Active,1455948,NA,NA,S,2,1,91477.81,54.99,2015,19,33.49,33.59
197098,Active,854700,NA,NA,D,0,0,764093.915,20.95,2004,25,6.77,18.99
197099,Active,3822578,NA,NA,D,3,1,243550.9,49.95,2004,67,9,32.97
197100,Active,2143006,NA,NA,S,4,1,45759.2425,64.95,2006,38,22.89,58.54
197101,Active,644808,NA,NA,D,5,1,2919578.938,225,1996,19,5.29,67.03
197102,Active,902643,NA,NA,S,3,1,1970409.398,48,1995,19,4,78.13
197103,Active,657775,NA,NA,S,3,1,1741251.099,47,1995,25,4,99.35
197104,Active,225927,NA,NA,D,2,1,3013757.75,135.95,2005,17,13.33,30.55
197105,Active,2366218,NA,NA,D,0,0,2218837.331,34.6,1993,21,4,118.19
197106,Active,3570006,NA,NA,S,0,0,89941.725,75,2015,17,51.95,42.05
197107,Active,640591,NA,NA,S,2,1,408936.0763,88,2008,57,49.49,61.96
197108,Active,224575,NA,NA,D,2,1,210415.0113,95.6,2000,35,4.8,22.03
197109,Active,294129,NA,NA,D,1,0,4735795.044,139,2001,18,4.57,62.51
197110,Active,902929,NA,NA,D,1,0,2560174.176,52.95,2003,16,15.68,67.85
197111,Active,642079,NA,NA,S,3,1,237423.9813,69.95,2013,36,31.98,47.11
197112,Active,637814,NA,NA,S,2,1,654669.11,64.95,2011,25,46.34,52.88
197113,Active,1477950,NA,NA,S,1,0,2119889.026,61,2012,18,33.96,55.35
197114,Active,620868,NA,NA,S,0,0,114810.11,50,2005,40,19.76,24.99
197115,Active,897190,NA,NA,D,1,0,1261517.354,49.95,2003,15,18.49,25.75
197116,Active,322695,NA,NA,S,2,1,2138952.828,40.8,2007,60,4,4.02
197117,Active,133193,NA,NA,S,3,1,168363.2525,59.4,2010,69,3.96,45.53
197118,Active,203557,NA,NA,S,1,0,575963.475,61.99,2003,23,17.61,41.49
197119,Active,127448,NA,NA,S,2,1,136330.8925,56,2009,29,12.77,45.48
197120,Active,670688,NA,NA,S,2,1,77827.445,46,2010,26,13.39,39.06
197121,Active,2076251,NA,NA,S,2,1,1065424.705,90,2008,26,38.94,48.99
197122,Active,3783353,NA,NA,D,1,0,2699585.9,35.95,2004,20,7.27,21.74
197123,Active,200566,NA,NA,S,2,1,182005.85,92.95,2009,37,42.26,0
197124,Active,264568,NA,NA,D,1,0,1047322.545,32.5,2001,24,6.39,48.85
197125,Active,594694,NA,NA,S,5,1,68562.06,114.95,2013,50,48.99,61.79
197126,Active,200651,NA,NA,D,4,1,605191.1225,105.95,2010,93,4,18.99
197127,Active,1718546,NA,NA,D,2,1,3913078.603,39,2006,10,14.97,111.07
197128,Active,910099,NA,NA,D,0,0,1470463.289,48.97,2010,46,5.58,24.81
197129,Active,200278,NA,NA,D,3,1,597687.2675,90.95,2007,71,3.99,8.31
197130,Active,909932,NA,NA,D,3,1,1037867.061,105.95,1993,24,68.19,144.45
197131,Active,2535494,NA,NA,S,1,0,583547.6513,68.95,2001,32,16.67,52.32
197132,Active,3724405,NA,NA,D,0,0,521636.35,49.95,2007,49,15,29.93
197133,Active,661292,NA,NA,S,0,0,306166.1488,49.99,2009,72,30.48,40.85
197134,Active,635163,NA,NA,D,3,1,397248.91,45,2008,28,10.31,53.67
197135,Active,292308,NA,NA,D,1,0,333011.5125,52.95,2006,37,6.45,44.62
197136,Active,903881,NA,NA,S,2,1,322862.4888,46.95,2014,27,26.97,38.19
197137,Active,1558801,NA,NA,D,1,0,1183034.96,160,2012,18,12.43,17.59
197138,Active,395830,NA,NA,D,1,0,1066934.741,49,2003,47,4,8.99
197139,Active,615314,NA,NA,D,2,1,521069.25,76,2007,74,4,14.31
197140,Active,194001,NA,NA,S,3,1,1263330.62,39.95,2004,64,4,8.97
197141,Active,271135,NA,NA,D,9,1,213836.3425,54.95,2011,33,8.82,53.78
197142,Active,268720,NA,NA,D,8,1,605816.5425,69.95,2009,39,4,18.42
197143,Active,867826,NA,NA,S,3,1,29488.02125,73,2014,33,44.03,60.89
197144,Active,276638,NA,NA,D,1,0,938447.6863,30.12,2006,39,4,33.99
197145,Active,279510,NA,NA,D,2,1,66187.4725,72,2010,59,8.31,29.22
197146,Active,1826329,NA,NA,S,0,0,73489.325,97.95,2014,14,44.94,46.95
197147,Active,547042,NA,NA,D,3,1,1074951.799,59.95,2012,21,16.95,45.93
197148,Active,526145,NA,NA,D,2,1,3100038.114,53.95,2009,16,4.98,77.35
197149,Active,194110,NA,NA,D,3,1,38620.615,89,2007,147,4.47,8.85
197150,Active,1935420,NA,NA,S,4,1,11524.5125,104,2014,40,43.11,49.6
197151,Active,193984,NA,NA,D,1,0,713045.6388,66,2004,32,4,21.92
197152,Active,229241,NA,NA,D,1,0,1465956.145,69,2000,38,4,5.82
197153,Active,293274,NA,NA,S,2,1,130684.6075,86,2008,46,40.26,43.32
197154,Active,2671216,NA,NA,S,4,1,2476562.719,54.7,1997,46,3.8,36.51
197155,Active,410806,NA,NA,D,1,0,1485860.919,65.95,2007,16,12.24,54.09
197156,Active,871969,NA,NA,D,3,1,3345463.864,80,1997,24,4.68,47.68
197157,Active,547006,NA,NA,S,2,1,371561.2788,82.95,2013,28,27.79,67.39
197158,Active,408375,NA,NA,D,4,1,952380.8763,129.53,2002,29,6.41,47.51
197159,Active,108864,NA,NA,D,6,1,250276.9925,87.58,2006,53,4,49.98
197160,Active,526142,NA,NA,S,2,1,52221.01,88,2012,40,39,52.23
197161,Active,178618,NA,NA,D,3,1,638355.9363,65.95,2007,32,8.7,15.74
197162,Active,178600,NA,NA,S,2,1,1968591.414,66.95,2004,28,4,13.69
197163,Active,291691,NA,NA,D,2,1,1053996.04,71.95,2004,31,4,8.99
197164,Active,56815,NA,NA,D,3,1,408946.2425,104.95,2008,58,6.92,50.47
197165,Active,56816,NA,NA,D,2,1,1047450.486,90.95,2005,44,4,23.48
197166,Active,703822,NA,NA,D,13,1,2479582.25,84.23,2003,35,4,18.98
197167,Active,109257,NA,NA,D,14,1,485333.7913,36.02,2006,38,5.26,28.98
197168,Active,560377,NA,NA,D,4,1,286320.0525,216,2010,90,4.78,69.54
197169,Active,143628,NA,NA,D,4,1,520297.4038,48,2010,29,7.49,0
197170,Active,631580,NA,NA,S,2,1,343968.2613,39.95,2010,27,23.78,25.99
197171,Active,1540276,NA,NA,S,2,1,656725.7588,61.95,2013,27,23.13,51.01
197172,Active,60870,NA,NA,D,2,1,217330.6175,200,2006,34,4.48,25.99
197173,Active,115103,NA,NA,D,0,0,2972240.366,135.2,2002,21,4,13.31
197174,Active,175963,NA,NA,S,0,0,428151.385,145,2011,44,47.79,101.39
197175,Active,526139,NA,NA,S,2,1,273980.3438,60.95,2013,55,48.14,57.55
197176,Active,200242,NA,NA,S,1,0,69881.975,103.95,2011,32,53.99,54.45
197177,Active,646185,NA,NA,D,1,0,954697.2075,99,2002,26,4.76,66.43
197178,Active,1542720,NA,NA,S,1,0,171028.805,42.95,2012,19,8.82,34.31
197179,Active,2064813,NA,NA,S,0,0,430651.3875,29.95,2008,42,7.88,103.91
197180,Active,53320,NA,NA,D,10,1,18330.7575,61.73,2008,195,4.72,18.99
197181,Active,538441,NA,NA,D,9,1,495229.8613,53.6,2006,75,4,45.73
197182,Active,2678584,NA,NA,D,0,0,7516165.419,72,1990,18,4.77,32.97
197183,Active,202282,NA,NA,D,1,0,358178.4925,133.95,2002,39,21.96,30.19
197184,Active,651637,NA,NA,D,1,0,3732548.603,59.95,2007,13,12.75,61.13
197185,Active,2268438,NA,NA,D,2,1,824629.7075,58.93,2008,45,8.06,23.99
197186,Active,574750,NA,NA,D,2,1,484295.7788,142,2009,60,5.58,52.74
197187,Active,574672,NA,NA,S,0,0,123440.2875,119.95,2012,47,17.76,82.12
197188,Active,581701,NA,NA,S,6,1,1192493.771,75.41,2006,17,20.3,28.99
197189,Active,908318,NA,NA,D,2,1,1833801.316,64.95,2010,23,12.75,49.47
197190,Active,564866,NA,NA,S,4,1,1639333.024,78.95,2012,25,33.28,0
197191,Active,737397,NA,NA,D,3,1,1880593.36,29,2005,26,4,16.89
197192,Active,874793,NA,NA,S,2,1,2431316.658,105,2001,34,4,65.18
197193,Active,550243,NA,NA,D,1,0,1280551.445,8.98,2006,40,4,8.99
197194,Active,533970,NA,NA,D,4,1,275543.055,201.2,2008,87,5.49,27.66
197195,Active,234429,NA,NA,D,1,0,375766.7038,273.95,2001,32,5.3,40.98
197196,Active,245138,NA,NA,D,2,1,605494.0175,284.95,2007,53,27.03,73.97
197197,Active,904153,NA,NA,D,3,1,1687852.855,104.95,2004,17,4.98,68.09
197198,Active,1732884,NA,NA,D,4,1,818180.3075,68,2006,29,4.98,39
197199,Active,665047,NA,NA,S,0,0,477002.6463,78.95,2012,22,42.34,45.59
197200,Active,1551729,NA,NA,S,2,1,197964.9625,59.95,2012,49,20.93,43.19
197201,Active,645542,NA,NA,D,1,0,1311275.083,47.95,2011,25,4,32.92
197202,Active,642153,NA,NA,S,3,1,25603.08125,29.25,2012,56,21.48,23.99
197203,Active,2619736,NA,NA,S,1,0,150908.4513,385.95,2004,54,4.98,49.26
197204,Active,526133,NA,NA,D,6,1,42639.74,341.95,2010,67,10.99,47.51
197205,Active,178921,NA,NA,S,6,1,391953.6338,198.95,2010,30,22.23,0
197206,Active,436705,NA,NA,D,5,1,172607.2175,312.95,2007,38,8.85,117.85
197207,Active,608048,NA,NA,D,4,1,867956.4163,185.95,2003,46,4.58,26.76
197208,Active,1658725,NA,NA,S,3,1,601990.1163,152.25,2011,24,24.04,73.01
197209,Active,108849,NA,NA,S,3,1,296122.97,51.63,2005,50,4.4,47.65
197210,Active,615631,NA,NA,S,0,0,75084.35125,122.75,2009,91,37.18,66.87
197211,Active,2159518,NA,NA,D,2,1,973963.5663,49.99,2007,76,4,5.55
197212,Active,526132,NA,NA,D,3,1,339169.275,49.99,2011,38,4,54.78
197213,Active,1886208,NA,NA,S,2,1,528299.75,49.99,2010,37,4.18,11.49
197214,Active,317129,NA,NA,S,2,1,1309241.331,88,2008,41,4,51.42
197215,Active,616547,NA,NA,D,2,1,924471.7275,42.5,2009,45,4,17.88
197216,Active,660926,NA,NA,D,4,1,131127.615,74.25,2013,49,12.38,70.63
197217,Active,252810,NA,NA,S,0,0,572556.8375,37,2010,39,5.23,33.17
197218,Active,617142,NA,NA,S,2,1,46999.62375,67.4,2010,41,39.79,63.2
197219,Active,625921,NA,NA,D,1,0,1515562.054,53.95,2004,30,4,23.99
197220,Active,904109,NA,NA,S,2,1,540347.68,49.95,2014,17,31.73,40.34
197221,Active,289792,NA,NA,S,4,1,544899.2388,44.95,2010,32,7.68,25.29
197222,Active,2802345,NA,NA,D,2,1,2021000.013,34.95,2004,23,4.52,24.73
197223,Active,213281,NA,NA,D,3,1,483845.8238,42.95,2007,34,5.99,6.02
197224,Active,526128,NA,NA,S,5,1,77955.17,49.95,2012,30,38.98,37.99
197225,Active,661074,NA,NA,S,5,1,404772.0863,44.95,2012,31,32.84,40.13
197226,Active,608192,NA,NA,D,4,1,906493.1825,44.95,2009,47,4.63,33.99
197227,Active,146354,NA,NA,S,1,0,261429.8013,97.33,2010,44,4.73,49.51
197228,Active,641743,NA,NA,D,2,1,580855.1038,63.95,2004,33,4.95,28.99
197229,Active,650023,NA,NA,D,4,1,100589.4513,62,2010,42,11.78,35.99
197230,Active,867232,NA,NA,S,5,1,10545.635,64,2013,28,38.81,34.28
197231,Active,621413,NA,NA,D,3,1,102668.0288,59,2007,44,7.49,54.68
197232,Active,187992,NA,NA,S,1,0,68306.425,79.99,1999,24,39.04,66.93
197233,Active,106680,NA,NA,S,3,1,209410.2188,63,2009,43,16.52,31.5
197234,Active,642922,NA,NA,S,2,1,258698.0588,60,2008,24,15.71,18.23
197235,Active,106664,NA,NA,D,3,1,801443.4475,39.99,2008,44,4,0
197236,Active,618283,NA,NA,S,3,1,210874.6838,49.99,2008,39,10.46,25.74
197237,Active,290092,NA,NA,S,6,1,1844269.591,24.99,2006,40,3.99,7.79
197238,Active,526127,NA,NA,S,2,1,799295.38,39.99,2008,29,12.63,27.41
197239,Active,553966,NA,NA,S,3,1,427185.4575,69.99,2008,50,12.12,43.98
197240,Active,526126,NA,NA,S,3,1,216578.1975,44.99,2008,40,6.38,21.99
197241,Active,621489,NA,NA,S,1,0,336708.2813,59.99,2000,56,4,14.84
197242,Active,867170,NA,NA,S,3,1,18303.54375,49.99,2014,56,23.98,29.54
197243,Active,526124,NA,NA,S,2,1,913193.2213,49.99,2012,18,31.03,32.22
197244,Active,711180,NA,NA,S,0,0,760281.195,98.8,2001,20,6.96,32.49
197245,Active,186391,NA,NA,S,6,1,275173.6113,127,2004,44,37.83,71.52
197246,Active,187008,NA,NA,D,5,1,920034.1488,79.95,1997,58,6.51,28.98
197247,Active,635742,NA,NA,D,0,0,400340.0463,50,2011,16,12.99,0
197248,Active,181906,NA,NA,S,2,1,336766.0825,44.99,2005,36,14.89,29.7
197249,Active,595237,NA,NA,S,7,1,139187.025,39,2013,27,15.98,26.24
197250,Active,141950,NA,NA,D,9,1,68483.185,52.09,2010,129,4.15,22.27
197251,Active,142052,NA,NA,D,7,1,308442.4175,34.4,2011,92,4.61,22.46
197252,Active,142053,NA,NA,D,7,1,35749.88875,436,2011,103,4.77,18.96
197253,Active,142030,NA,NA,S,6,1,826978.0413,8.72,2009,78,4,6.63
197254,Active,2503028,NA,NA,D,0,0,2008888.198,249,2000,20,63.97,183.64
197255,Active,583720,NA,NA,S,4,1,763782.85,50,2005,32,23.1,0
197256,Active,2582435,NA,NA,D,0,0,1254412.39,49.95,2003,15,17.44,77.84
197257,Active,3843565,NA,NA,D,6,1,674639.5,99,2009,19,6.38,36.39
197258,Active,3841852,NA,NA,D,5,1,4627985.05,115,2004,23,4.9,40.47
197259,Active,901182,NA,NA,S,3,1,2125013.171,51.95,2000,19,4.69,67.04
197260,Active,52713,NA,NA,D,7,1,18618.63625,122.99,2011,95,17.22,28.94
197261,Active,107117,NA,NA,S,3,1,4581483.848,138.1,1999,26,3.99,46.43
197262,Active,52711,NA,NA,D,5,1,1433128.159,7.88,2005,53,4,7.84
197263,Active,52712,NA,NA,D,6,1,640023.4163,38.2,2008,72,4,8.49
197264,Active,698893,NA,NA,D,6,1,1592232.688,107.75,2008,26,4,28.94
197265,Active,717238,NA,NA,D,9,1,129180.7825,146,2000,54,22.83,66.99
197266,Active,842890,NA,NA,D,6,1,2940010.021,6,1981,65,3.89,30.35
197267,Active,215402,NA,NA,S,3,1,168550.36,35,2007,26,28.79,0
197268,Active,558410,NA,NA,S,2,1,48114.30375,54.95,2012,94,23.99,37.62
197269,Active,405398,NA,NA,D,2,1,3945882.284,227,2007,24,6.03,38.08
197270,Active,540410,NA,NA,S,5,1,69949.82375,53.98,2002,58,13.54,53.1
197271,Active,116213,NA,NA,S,5,1,208084.0825,104.4,1995,32,4.64,53.67
197272,Active,174927,NA,NA,D,0,0,643109.0363,67,2006,39,4,25.33
197273,Active,542105,NA,NA,S,2,1,609277.1613,49.99,2010,26,7.24,33.49
197274,Active,3718811,NA,NA,S,2,1,488036,59.99,2016,16,45.43,49.69
197275,Active,1582627,NA,NA,S,0,0,803357.4988,49.99,2010,25,33.97,37.73
197276,Active,630138,NA,NA,S,3,1,819618.3825,39.95,2008,43,10.28,31.64
197277,Active,2046750,NA,NA,S,1,0,60662.55,40,2014,33,15.67,21.68
197278,Active,576659,NA,NA,S,3,1,1818264.62,166.95,2008,22,9.57,16.94
197279,Active,1671124,NA,NA,D,1,0,9272225.803,83.95,2006,11,82.36,83.95
197280,Active,1671658,NA,NA,S,2,1,1905846.578,138.95,2010,31,5.72,70.49
197281,Active,3606222,NA,NA,D,1,0,6591883.4,0,2004,16,8.7,113.41
197282,Active,251200,NA,NA,S,2,1,111897.8838,26.95,2008,36,4,0
197283,Active,526118,NA,NA,S,2,1,65437.81375,26.95,2008,35,14.48,0
197284,Active,802724,NA,NA,S,11,1,235100.4413,34.99,2012,28,4.39,32.53
197285,Active,177145,NA,NA,S,5,1,532513.5113,221.95,2003,43,12.79,58.39
197286,Active,626429,NA,NA,S,1,0,81702.2,80,2004,25,49.01,54.12
197287,Active,629023,NA,NA,S,1,0,186718.0763,84.67,1992,40,15.22,69.84
197288,Active,2866557,NA,NA,D,1,0,1649845.62,0,1985,29,16.99,146.09
197289,Active,633386,NA,NA,S,3,1,303828.6538,42.99,2007,61,32.93,24.56
197290,Active,1918286,NA,NA,S,6,1,295674.4213,90,2014,22,14.64,15.95
197291,Active,2965693,NA,NA,S,8,1,305014.905,85,2015,20,40.2,53.65
197292,Active,534790,NA,NA,S,41,1,363229.0288,70,2013,25,9.52,33.99
197293,Active,867570,NA,NA,S,42,1,465036.3438,70,2014,32,7.53,47.95
197294,Active,526114,NA,NA,S,40,1,946645.6575,70,2012,30,6.48,19.98
197295,Active,526113,NA,NA,S,7,1,582482.0263,85,2012,23,32.99,61.27
197296,Active,2866619,NA,NA,D,4,1,1006016.159,100,2001,20,22.99,68.94
197297,Active,2866740,NA,NA,D,5,1,1877670.928,100,2005,13,49.36,182.12
197298,Active,1736239,NA,NA,D,12,1,915707.1038,80,2008,22,9.98,21.93
197299,Active,526112,NA,NA,S,14,1,689972.96,85,2012,25,24.97,71.43
197300,Active,1918287,NA,NA,S,15,1,510677.3,90,2014,17,21.93,30.95
197301,Active,1918301,NA,NA,S,21,1,231574.5313,75,2015,24,14.19,38.98
197302,Active,526111,NA,NA,D,11,1,1194072.019,85,2009,22,7.92,17.39
197303,Active,235347,NA,NA,D,10,1,2391986.586,65,2005,23,6.45,16.96
197304,Active,258079,NA,NA,D,3,1,2114639.759,50,2001,31,4.05,5.96
197305,Active,397134,NA,NA,D,2,1,943055.9563,60.95,2008,33,4,11.57
197306,Active,397133,NA,NA,S,2,1,874325.4988,60.95,2008,37,4,31.95
197307,Active,106158,NA,NA,D,15,1,1353303.786,199,2006,23,42.8,81.99
197308,Active,2335747,NA,NA,S,14,1,1971081.501,150,1999,19,19.72,73.57
197309,Active,2342387,NA,NA,D,0,0,503964.9375,124.5,1986,33,4.33,42.17
197310,Active,606733,NA,NA,D,2,1,2394542.446,125,1996,28,28.33,48.74
197311,Active,699828,NA,NA,S,3,1,1118752.701,177,2002,25,24.88,63.99
197312,Active,3743222,NA,NA,S,2,1,134402.625,110.5,2008,14,38.99,56.76
197313,Active,526109,NA,NA,S,3,1,3056613.644,52,2009,17,16.48,20.99
197314,Active,2010366,NA,NA,S,28,1,1559866.644,268.25,2012,15,24.51,76.27
197315,Active,874198,NA,NA,S,0,0,751356.4213,23.95,1986,31,4,38.93
197316,Active,761490,NA,NA,D,1,0,3066449.294,131.5,2006,18,6.14,39.99
197317,Active,526107,NA,NA,D,2,1,507378.32,134.95,2009,42,11.48,43.15
197318,Active,200289,NA,NA,D,1,0,434072.1263,74.95,2005,35,4,8.89
197319,Active,1784078,NA,NA,S,2,1,141495.2,55,2014,17,44.55,54.47
197320,Active,230376,NA,NA,D,0,0,272195.8888,60,1997,61,4.33,0
197321,Active,1555897,NA,NA,S,2,1,230000.4075,32.95,2008,17,25.62,28.37
197322,Active,635019,NA,NA,S,1,0,64250.075,62,2010,27,26.09,33.48
197323,Active,1970234,NA,NA,S,2,1,22730.8,30,2014,30,4.97,5.17
197324,Active,3802418,NA,NA,D,0,0,623598.7,49.99,2012,45,28,31.24
197325,Active,1938792,NA,NA,S,0,0,44734.65,60,2014,18,27.37,34.44
197326,Active,1938695,NA,NA,S,0,0,8921.025,45,2014,6,35.15,35.16
197327,Active,178863,NA,NA,D,7,1,802341.7825,207.95,2010,63,4,52.29
197328,Active,61202,NA,NA,D,6,1,408948.3438,150.95,2007,38,4.17,8.43
197329,Active,244283,NA,NA,D,8,1,40160.5025,188.95,2012,54,14.23,59.95
197330,Active,2593534,NA,NA,D,0,0,4030235.486,44.99,1989,21,6.87,52.29
197331,Active,2216458,NA,NA,S,0,0,71032.6,55,2015,17,37.94,38.62
197332,Active,609792,NA,NA,S,4,1,736050.2638,24.95,2007,92,4,5.57
197333,Active,3620676,NA,NA,D,2,1,2387392.75,39.99,1900,15,3.99,64.03
197334,Active,526076,NA,NA,S,6,1,501174.63,24.99,2010,99,4,5.99
197335,Active,248519,NA,NA,S,4,1,775773.9675,34.99,2011,35,5.05,14.98
197336,Active,646947,NA,NA,S,5,1,338621.4175,34.99,2013,27,18.94,24.97
197337,Active,344063,NA,NA,D,4,1,2369106.841,48,2004,27,4,15.51
197338,Active,162675,NA,NA,D,5,1,1000882.073,45,2009,68,4.53,8.79
197339,Active,844337,NA,NA,S,2,1,847387.3925,39.95,1987,22,4.08,72.43
197340,Active,145861,NA,NA,D,2,1,145065.0138,105.6,2010,36,6.76,50.72
197341,Active,145639,NA,NA,D,1,0,533003.6963,79,2007,70,4,27.39
197342,Active,740924,NA,NA,S,5,1,882496.3,118,2006,24,4.22,33.98
197343,Active,526074,NA,NA,D,7,1,129013.06,150.2,2011,41,8.98,83.89
197344,Active,120608,NA,NA,S,6,1,685872.2963,123,2009,27,11.98,26.82
197345,Active,614944,NA,NA,D,6,1,154490.1175,139,2008,53,6.48,103.84
197346,Active,54933,NA,NA,D,7,1,87101.38875,144,2010,56,15.79,67.94
197347,Active,637541,NA,NA,D,8,1,49219.5225,156.4,2013,38,60.94,137.01
197348,Active,892731,NA,NA,S,8,1,179581.47,131.13,2014,23,83.19,118.67
197349,Active,623795,NA,NA,S,2,1,402412.2213,161.6,2012,51,12.73,76.45
197350,Active,741357,NA,NA,D,1,0,1035284.494,125.4,2009,41,4.72,28.99
197351,Active,624318,NA,NA,D,4,1,303654.5425,150.2,2010,44,8.54,56.17
197352,Active,145706,NA,NA,D,3,1,121620.4125,137,2007,36,5.89,53.65
197353,Active,526072,NA,NA,D,2,1,58517.23375,165.4,2011,79,5.85,63.23
197354,Active,120748,NA,NA,D,4,1,95690.3575,121.6,2009,60,7.08,48.88
197355,Active,60873,NA,NA,D,3,1,914143.2838,115,2007,42,4,72.95
197356,Active,526071,NA,NA,D,3,1,40864.7425,120.8,2012,61,10.84,33.2
197357,Active,120745,NA,NA,D,2,1,450827.8438,105.2,2009,39,12.98,51.11
197358,Active,60874,NA,NA,D,1,0,1246831.609,85,2007,52,4,28.65
197359,Active,621314,NA,NA,D,2,1,140476.9663,121,2011,36,10.04,57.69
197360,Active,660946,NA,NA,D,2,1,645657.2263,81.13,2012,17,6.44,16.5
197361,Active,145372,NA,NA,S,3,1,1078057.36,100.6,2006,28,5.85,51.73
197362,Active,561129,NA,NA,D,4,1,652223.7,98.6,2008,48,4,32.98
197363,Active,539491,NA,NA,D,6,1,13301.91375,150.2,2013,81,13.95,51.99
197364,Active,120839,NA,NA,D,5,1,276459.4788,155.4,2010,100,4,28.99
197365,Active,539495,NA,NA,D,3,1,50285.98125,150,2013,57,32.77,98.97
197366,Active,118330,NA,NA,D,2,1,732448.0275,124,2011,35,4.4,49.92
197367,Active,691498,NA,NA,S,3,1,1342.625,29.95,2011,18,22.59,20.73
197368,Active,869876,NA,NA,S,1,0,1111998.181,29.99,2005,32,25.47,83.93
197369,Active,624418,NA,NA,S,2,1,67265.17625,20.79,2007,45,12.62,19.94
197370,Active,492109,NA,NA,D,1,0,118063.385,74.95,2011,49,12.89,61.98
197371,Active,867488,NA,NA,S,2,1,22991.095,79.95,2014,45,31.56,58.15
197372,Active,57114,NA,NA,S,2,1,88178.18125,64.95,2011,66,5.95,44.64
197373,Active,57113,NA,NA,D,1,0,1057411.226,55.95,2009,41,4,28.99
197374,Active,271027,NA,NA,D,2,1,245305.9538,59,2010,78,4.23,28.98
197375,Active,143025,NA,NA,D,3,1,457798.0675,210,2009,64,4.8,15.12
197376,Active,110544,NA,NA,D,14,1,1931685.581,49.5,2008,47,4,33.99
197377,Active,545243,NA,NA,D,9,1,49043.23,218.95,2012,48,5.97,57.27
197378,Active,538870,NA,NA,D,15,1,1030097.33,54.25,2011,36,3.88,37.99
197379,Active,606906,NA,NA,D,8,1,2654692.774,12.48,2004,26,4,8.98
197380,Active,664745,NA,NA,S,0,0,1395689.771,40,2013,42,3.99,6.99
197381,Active,55641,NA,NA,S,6,1,1272609.63,150.95,2004,44,4,7.64
197382,Active,55640,NA,NA,S,5,1,2236963.02,10.91,2001,37,4,10.91
197383,Active,55642,NA,NA,D,7,1,878050.3413,103.96,2007,60,4,18.61
197384,Active,55639,NA,NA,D,8,1,471509.7413,240.95,2010,52,5.03,62.99
197385,Active,703729,NA,NA,D,7,1,3220955.031,68.2,2000,26,4.09,13.99
197386,Active,133142,NA,NA,D,14,1,974221.0263,102.8,2009,39,8.9,28.99
197387,Active,120631,NA,NA,D,13,1,2476916.336,86,2007,27,4,9.95
197388,Active,621852,NA,NA,S,7,1,765647.7625,178,2010,37,8.74,8.91
197389,Active,462013,NA,NA,D,4,1,957987.6788,169.95,2008,45,4,12.67
197390,Active,183243,NA,NA,D,3,1,2749614.718,30.88,2005,32,4,30.88
197391,Active,243958,NA,NA,D,5,1,166933.375,160.95,2011,94,17.73,21.87
197392,Active,244204,NA,NA,D,3,1,448432.915,197.95,2012,70,4,20.59
197393,Active,169996,NA,NA,D,2,1,585050.7888,217.95,2010,60,4,19.85
197394,Active,114010,NA,NA,S,6,1,1007813.49,168.4,2000,36,4,51.79
197395,Active,169860,NA,NA,D,1,0,964270.7313,128.95,2009,30,4,15.13
197396,Active,148280,NA,NA,D,3,1,215781.6575,219.95,2006,42,6.14,71.54
197397,Active,660423,NA,NA,S,3,1,524674.4613,43,2007,25,11.52,43
197398,Active,526067,NA,NA,S,2,1,197360.675,36.95,2012,56,20.09,26.49
197399,Active,157072,NA,NA,S,3,1,274596.155,51.95,2004,80,13.11,39.54
197400,Active,1702240,NA,NA,D,0,0,3061551.588,93.95,2012,15,4,50.99
197401,Active,2564851,NA,NA,D,1,0,2560824.441,0,1965,25,4.58,130.89
197402,Active,173904,NA,NA,S,0,0,355125.4363,39.99,2004,39,14.27,31.28
197403,Active,628967,NA,NA,S,1,0,444779.3,35,2000,38,6.53,26.84
197404,Active,731234,NA,NA,D,2,1,4530334.595,38,2000,25,4,44.13
197405,Active,618132,NA,NA,S,3,1,1005081.089,51,2009,38,17.75,42.49
197406,Active,917890,NA,NA,S,0,0,1337708.43,355,2013,48,4,13.53
197407,Active,110169,NA,NA,D,1,0,51369.98875,272.25,2010,87,17.85,98.91
197408,Active,526065,NA,NA,D,3,1,38622.91,215,2010,52,18.54,116.69
197409,Active,3263345,NA,NA,D,5,1,3057105.163,71.18,2003,40,9.94,63.1
197410,Active,607346,NA,NA,D,6,1,1729174.986,137,2006,40,4.7,51.83
197411,Active,712395,NA,NA,D,5,1,600899.8013,128.2,2003,24,6.38,40.28
197412,Active,625569,NA,NA,S,4,1,565372.7188,117.75,1987,29,4,40.98
197413,Active,711100,NA,NA,S,4,1,4939710.148,98,2000,24,4,33.98
197414,Active,114758,NA,NA,D,2,1,1109737.905,113.47,2001,51,4,24.74
197415,Active,116077,NA,NA,D,3,1,424508.0113,141.4,2006,38,5.93,43.81
197416,Active,1456148,NA,NA,S,14,1,635828.3,50.4,2015,13,23.88,25.9
197417,Active,617052,NA,NA,S,5,1,923924.2313,56,2007,51,3.49,0
197418,Active,1773329,NA,NA,S,2,1,1585758.314,239.95,2011,13,21.58,248.95
197419,Active,248348,NA,NA,D,1,0,373955.07,218.95,2007,51,6.98,47.47
197420,Active,170121,NA,NA,D,2,1,109398.37,198.95,2011,66,8.07,51.79
197421,Active,625053,NA,NA,S,2,1,892626.9625,135.95,2007,33,7.99,45.34
197422,Active,152126,NA,NA,D,0,0,1875690.4,115,2004,37,4,40.24
197423,Active,899623,NA,NA,D,1,0,2180026.56,109.95,2003,17,29.97,101.35
197424,Active,370993,NA,NA,D,1,0,7748930.456,59,2000,12,4,46.2
197425,Active,794454,NA,NA,D,3,1,1654620.756,69.95,2007,15,4.96,33.98
197426,Active,793404,NA,NA,D,2,1,2603661.648,65,2000,28,4,21.99
197427,Active,132674,NA,NA,S,4,1,138440.5475,201.6,2009,70,37.98,89.81
197428,Active,873796,NA,NA,D,0,0,1830720.841,101.15,2005,12,4.24,101.15
197429,Active,131446,NA,NA,D,3,1,1225473.236,155.2,2001,41,4,13.9
197430,Active,757393,NA,NA,D,1,0,1576677.966,145,1997,19,4,20.99
197431,Active,3076924,NA,NA,D,0,0,3307487.028,99.95,2002,17,4,14.57
197432,Active,2571239,NA,NA,S,2,1,891481.9763,64.95,1993,18,4.13,10.41
197433,Active,2617916,NA,NA,D,2,1,610559.6163,160.95,1990,23,52.38,171.07
197434,Active,900559,NA,NA,S,0,0,23106.05375,22.74,2008,18,22.98,0
197435,Active,762850,NA,NA,D,1,0,4452280,150,1997,15,6.19,52.95
197436,Active,890430,NA,NA,D,2,1,1472898.251,139,2010,10,23.87,102.71
197437,Active,635269,NA,NA,S,0,0,89418.35,65,2006,19,50.42,40.32
197438,Active,621773,NA,NA,D,2,1,294399.4513,109,1996,33,11.53,62.15
197439,Active,623442,NA,NA,S,3,1,136316.77,94.95,2011,47,40.5,50.95
197440,Active,631891,NA,NA,S,2,1,789902.6325,60,1998,28,27.98,53.58
197441,Active,895260,NA,NA,S,4,1,163998.7,56,2015,23,40.12,40.12
197442,Active,764697,NA,NA,S,4,1,3169417.043,121.95,1997,39,4,48.98
197443,Active,169360,NA,NA,D,0,0,2231385.394,45.94,2006,18,5.51,45.94
197444,Active,450329,NA,NA,D,6,1,389283.6913,210.95,2006,68,4.9,35.63
197445,Active,451799,NA,NA,D,7,1,170128.0488,340.95,2009,72,20.24,62.62
197446,Active,2576525,NA,NA,D,1,0,3163171.291,94.95,1989,28,4.48,11.19
197447,Active,2565609,NA,NA,D,0,0,6755091.95,140.51,1973,34,4,64.01
197448,Active,608289,NA,NA,D,2,1,1748815.149,115,1981,31,4.8,32.87
197449,Active,120401,NA,NA,D,3,1,119551.565,137.33,1997,48,5.13,49.35
197450,Active,152379,NA,NA,S,2,1,1016839.746,119,2005,37,13.77,76.05
197451,Active,130675,NA,NA,D,3,1,519522.3388,185,1995,61,6.03,83.32
197452,Active,843711,NA,NA,S,2,1,1959733.135,59.19,1984,32,4,25.17
197453,Active,113531,NA,NA,D,2,1,784953.1263,92.95,2005,19,58.98,131.87
197454,Active,3066302,NA,NA,D,1,0,1891058.746,99.95,2003,25,4,159.33
197455,Active,174838,NA,NA,D,1,0,1720870.704,41.99,2005,25,8.59,54.27
197456,Active,2559050,NA,NA,D,1,0,1145283.175,175,1985,18,18.69,119.99
197457,Active,623732,NA,NA,S,2,1,227635.1613,67,1988,36,22.33,47.77
197458,Active,859753,NA,NA,S,3,1,1809880.395,41.95,2008,12,35.47,16.99
197459,Active,793791,NA,NA,D,2,1,1240619.426,27.5,2003,19,7.98,13.99
197460,Active,900449,NA,NA,S,4,1,1345528.246,49.95,2014,22,35.38,41.32
197461,Active,2345366,NA,NA,S,3,1,1028198.429,116.85,1991,32,3,115.16
197462,Active,2698480,NA,NA,D,5,1,3049815.738,60.95,2003,17,7.35,59.6
197463,Active,900229,NA,NA,D,4,1,8366316.664,69.95,1999,16,5.53,98.99
197464,Active,882273,NA,NA,S,3,1,4302112.759,56.95,1996,15,5.58,81.96
197465,Active,2336404,NA,NA,S,6,1,694684.5438,75.95,1988,44,4,23.99
197466,Active,112217,NA,NA,S,7,1,550563.4975,234.05,1996,33,4.44,50.57
197467,Active,547683,NA,NA,D,1,0,669545.9375,131,1992,46,4.35,45.63
197468,Active,130167,NA,NA,D,2,1,1178044.368,101.33,2002,48,4,22.99
197469,Active,540690,NA,NA,S,4,1,11199.585,149.4,2013,69,27.17,88.99
197470,Active,533977,NA,NA,S,3,1,222376.4163,316.8,1996,56,16.54,43.94
197471,Active,667400,NA,NA,D,1,0,1031183.976,0,2011,22,52.03,286.77
197472,Active,162154,NA,NA,D,5,1,873004.6613,11.98,2007,48,4,15.99
197473,Active,290238,NA,NA,S,6,1,104407.9125,255.75,2010,48,33.84,89.65
197474,Active,764135,NA,NA,D,2,1,232480.0213,369.95,2002,64,8.99,45.5
197475,Active,534006,NA,NA,D,14,1,654853.565,29.71,2010,60,6.43,16.99
197476,Active,2263081,NA,NA,S,15,1,352954.7013,33.63,2011,30,27.54,71.77
197477,Active,1583417,NA,NA,S,1,0,532624,84.99,2010,28,33.89,69.97
197478,Active,2428757,NA,NA,D,0,0,2391080.205,75,1994,19,24.85,63.99
197479,Active,3272049,NA,NA,D,1,0,5199378.744,45.86,2002,24,7.48,45.04
197480,Active,764085,NA,NA,D,1,0,236000.4388,193.95,2001,50,4,35.15
197481,Active,348236,NA,NA,S,4,1,336169.775,370.95,1998,51,4,49.03
197482,Active,921459,NA,NA,S,6,1,730215.8738,53.99,1999,91,4,48.89
197483,Active,2310719,NA,NA,D,4,1,2997650.989,74.91,1988,27,4,56.73
197484,Active,50071,NA,NA,S,7,1,1289415.245,16.98,2003,35,4,16.98
197485,Active,50069,NA,NA,D,9,1,37685.95875,43.99,2009,68,4.69,58.49
197486,Active,742923,NA,NA,S,12,1,334542.7788,144.67,2012,53,5.41,48.99
197487,Active,533746,NA,NA,D,12,1,20972.2425,221.8,2012,146,8.15,47.98
197488,Active,51266,NA,NA,D,7,1,284395.5738,173.95,2004,78,4,14.79
197489,Active,51264,NA,NA,D,8,1,303301.7725,262.95,2008,54,7.28,44.05
197490,Active,51265,NA,NA,S,6,1,1212266.646,114.95,2001,46,4,13.48
197491,Active,51267,NA,NA,D,9,1,16497.68875,248.95,2011,71,28.78,69.93
197492,Active,3729326,NA,NA,D,0,0,2477429.3,129,2007,34,7.98,60.13
197493,Active,248141,NA,NA,S,2,1,76681.505,135,2010,51,84.86,88.99
197494,Active,592089,NA,NA,D,1,0,670274.6375,102,2007,46,5.13,10.89
197495,Active,2366267,NA,NA,S,3,1,504982.3438,90,1993,17,5.96,28.99
197496,Active,631590,NA,NA,D,0,0,296347.0063,99,2010,26,21.37,88.98
197497,Active,50120,NA,NA,D,3,1,52095.4325,116.75,1997,74,5.93,53.34
197498,Active,895229,NA,NA,S,6,1,1133193.235,123.29,2006,18,10.88,73.35
197499,Active,764518,NA,NA,D,5,1,2179817.06,309.95,2004,39,4.02,7.88
197500,Active,549257,NA,NA,S,5,1,1277857.834,97.3,1994,40,4,5.63
197501,Active,870474,NA,NA,D,0,0,1630159.465,44.95,2001,22,4.97,48.31
197502,Active,50119,NA,NA,S,4,1,3123.17125,155.75,2007,142,40.49,62.9
197503,Active,60884,NA,NA,D,5,1,3229174.15,309.95,2005,20,4.24,4.8
197504,Active,114578,NA,NA,S,8,1,151650.0988,116.6,2003,55,27.98,96.97
197505,Active,54186,NA,NA,D,5,1,584081.2038,33.39,2005,65,4,26.96
197506,Active,51587,NA,NA,D,11,1,442253.5888,170,2008,118,4.19,78.99
197507,Active,628248,NA,NA,D,1,0,639877.645,52,2005,40,21.17,47.27
197508,Active,916566,NA,NA,D,1,0,230988.0325,147.25,2012,21,25.83,57.94
197509,Active,54184,NA,NA,D,6,1,398688.5788,49.61,2009,79,7.92,51.15
197510,Active,50070,NA,NA,D,8,1,595170.2763,52.43,2006,68,4,26.24
197511,Active,620103,NA,NA,S,1,0,18052.69375,211.25,2012,38,99.95,74.95
197512,Active,101185,NA,NA,D,4,1,3023428.086,162.95,1998,33,4.35,45.95
197513,Active,691734,NA,NA,D,4,1,8694816.601,38.95,1998,19,8.76,39.04
197514,Active,533907,NA,NA,D,6,1,227851.1663,343.95,2007,71,4.35,48.09
197515,Active,163023,NA,NA,D,2,1,607848.1888,164,2009,25,14.04,91.51
197516,Active,548337,NA,NA,S,5,1,257077.57,329.95,1994,46,23.9,110.82
197517,Active,595620,NA,NA,S,8,1,27099.8225,151.5,2012,111,38.05,99.99
197518,Active,51280,NA,NA,D,7,1,124684.8438,73.37,2008,120,4,53.99
197519,Active,809003,NA,NA,D,7,1,653645.2988,100.85,2008,44,5.04,43.71
197520,Active,51278,NA,NA,D,6,1,337693.8338,49.79,2005,90,4,27.81
197521,Active,713374,NA,NA,S,2,1,3438227.841,77.33,2002,27,4,13.99
197522,Active,117784,NA,NA,D,3,1,2688263.601,140,2006,29,4,12.94
197523,Active,120723,NA,NA,D,4,1,599585.0625,225.2,2009,57,4.63,41.99
197524,Active,117792,NA,NA,D,3,1,2550734.518,133.33,2006,27,4,7.96
197525,Active,157215,NA,NA,D,2,1,747968.455,53.95,2004,39,4,48.97
197526,Active,542104,NA,NA,S,2,1,813840.25,59.99,2012,34,18.98,41.97
197527,Active,139560,NA,NA,D,1,0,2074883.916,59.95,1996,27,4.08,21.99
197528,Active,545413,NA,NA,S,2,1,206394.9325,69.99,2010,37,38.97,55.41
197529,Active,53437,NA,NA,D,11,1,91691.58375,344.95,2011,109,4.18,47.35
197530,Active,114576,NA,NA,D,9,1,5359792.45,10.94,2005,29,5.12,10.94
197531,Active,53432,NA,NA,S,8,1,2329865.086,112.95,2001,74,3.99,15.67
197532,Active,51100,NA,NA,D,10,1,105496.9125,174.67,2007,82,6.02,61.91
197533,Active,51099,NA,NA,D,9,1,1081128.586,133.33,2004,77,4.35,16.94
197534,Active,286147,NA,NA,D,6,1,670410.7438,189,2006,62,4.77,26.49
197535,Active,423322,NA,NA,D,7,1,424026.335,244.67,2009,71,8.82,56.43
197536,Active,53436,NA,NA,D,11,1,35470.475,337.95,2010,114,7.54,43.99
197537,Active,144485,NA,NA,D,1,0,232956.8925,205.33,2010,70,5.69,21.69
197538,Active,526046,NA,NA,D,3,1,58638.62125,185.36,2008,80,7.61,47.87
197539,Active,620230,NA,NA,D,1,0,424859.6625,89,2012,59,7.16,68.99
197540,Active,117753,NA,NA,D,5,1,55803.39,108.2,2006,63,15.35,73.53
197541,Active,111866,NA,NA,S,3,1,1781007.65,412.05,2011,20,38.43,195.8
197542,Active,52187,NA,NA,D,2,1,296070.835,45.98,2007,51,4.35,45.98
197543,Active,52185,NA,NA,D,1,0,1278981.534,59.14,2004,33,4.08,49.72
197544,Active,169126,NA,NA,D,1,0,1088043.776,116.95,2006,35,4,38.99
197545,Active,169929,NA,NA,D,2,1,359171.5738,188.95,2009,26,9.17,38.68
197546,Active,594689,NA,NA,S,0,0,37645.425,94.95,2013,41,22.34,44.99
197547,Active,614313,NA,NA,D,0,0,93212.77875,121,1978,91,4.38,33.7
197548,Active,162667,NA,NA,D,2,1,392896.8325,99,2009,54,4.53,0
197549,Active,520716,NA,NA,D,1,0,1100031.445,146,2005,18,4.29,121.21
197550,Active,625409,NA,NA,D,1,0,771679.945,74,2005,39,5.99,48.47
197551,Active,611804,NA,NA,S,2,1,360158.9538,49,2013,19,34.59,28.31
197552,Active,879219,NA,NA,D,9,1,1155416.565,40.49,2012,45,4.14,13.98
197553,Active,178689,NA,NA,D,9,1,68554.00125,302.95,2011,107,6.13,62.98
197554,Active,764535,NA,NA,S,7,1,1926735.821,83.95,2004,27,4,14.63
197555,Active,2621773,NA,NA,S,7,1,664410.1875,211.95,1993,33,6.11,72.07
197556,Active,745387,NA,NA,D,8,1,7373985.913,239.95,2008,13,4,126.57
197557,Active,380518,NA,NA,D,9,1,321479.39,299.95,2011,61,4.51,33.99
197558,Active,148484,NA,NA,S,7,1,1659332.534,205.95,2006,28,3.99,22.99
197559,Active,53173,NA,NA,D,8,1,347245.0538,277.95,2008,83,4.1,27.33
197560,Active,121199,NA,NA,D,6,1,50818.7475,244.67,2010,91,9.91,75.95
197561,Active,616443,NA,NA,D,7,1,8893.05375,290.2,2013,92,33.94,123.97
197562,Active,118606,NA,NA,S,5,1,303997.44,78.04,2007,59,13.9,106.42
197563,Active,2364878,NA,NA,S,2,1,1522982.744,110,1999,64,4.22,21.79
197564,Active,867450,NA,NA,S,2,1,19396.89,84.95,2014,53,34.06,44.28
197565,Active,200532,NA,NA,D,1,0,253760.0375,92.95,2010,71,4,11.67
197566,Active,56560,NA,NA,D,4,1,400433.2,140,2005,80,4,5.04
197567,Active,914830,NA,NA,S,6,1,283437.3638,166,2012,30,46.99,105.5
197568,Active,56561,NA,NA,D,5,1,93299.23625,185,2008,67,4.48,34.99
197569,Active,386396,NA,NA,D,2,1,2700851.954,63.95,2005,23,4,11.37
197570,Active,645421,NA,NA,S,3,1,666770.06,182,2004,40,50.17,133.4
197571,Active,2723886,NA,NA,D,0,0,2087700.733,51.95,2000,23,4,45.65
197572,Active,566881,NA,NA,S,2,1,1735297.866,125,1991,25,4,30.99
197573,Active,526042,NA,NA,S,2,1,68803.97875,27,2012,33,6.44,13.48
197574,Active,533888,NA,NA,D,7,1,284911.4313,99.8,2006,36,11.49,68.97
197575,Active,60881,NA,NA,D,6,1,825372.4825,79.8,2003,55,4,16.43
197576,Active,566261,NA,NA,D,2,1,825337.785,199.95,1993,31,25.14,88.77
197577,Active,2525260,NA,NA,S,3,1,505767.5575,92.95,1983,39,19.88,66.18
197578,Active,51067,NA,NA,D,2,1,2065766.611,83.33,2001,33,3.99,13.99
197579,Active,51068,NA,NA,S,3,1,2250816.633,105.4,2004,40,4,13.92
197580,Active,51069,NA,NA,D,4,1,491735.5238,133.8,2007,78,4,41.99
197581,Active,534034,NA,NA,D,3,1,1430640.913,95.31,1999,30,4,40.7
197582,Active,54819,NA,NA,D,8,1,51012.76375,322.95,2008,160,6.02,53.99
197583,Active,60882,NA,NA,D,4,1,180217.825,234.95,2001,70,7.17,18.79
197584,Active,613273,NA,NA,D,1,0,979111.8775,18.98,2007,94,4,13.89
197585,Active,619771,NA,NA,D,1,0,135891.69,123,2011,102,6.47,13.93
197586,Active,593557,NA,NA,D,2,1,118105.9138,29.75,2011,94,5.36,18.99
197587,Active,54818,NA,NA,D,7,1,116202.0313,183.95,2006,117,4,23.94
197588,Active,658303,NA,NA,S,0,0,184389.8713,68,2012,33,38.49,53.55
197589,Active,146295,NA,NA,D,4,1,25748.6075,203,2011,85,10.47,76.77
197590,Active,552702,NA,NA,D,4,1,605539.2475,58.6,2006,29,7.64,15.7
197591,Active,539972,NA,NA,S,5,1,97212.5325,83.8,2010,38,36.49,53.99
197592,Active,714774,NA,NA,D,3,1,1583579.916,39.2,2002,39,4,15.93
197593,Active,545582,NA,NA,S,2,1,48408.4975,39.99,2012,127,13.93,26.49
197594,Active,872285,NA,NA,S,2,1,177907.1313,79.95,2007,45,18.91,30.85
197595,Active,594383,NA,NA,D,3,1,990288.0325,109,2010,18,46.54,84.38
197596,Active,563065,NA,NA,D,3,1,1251370.309,109,2007,37,4.18,63.55
197597,Active,594761,NA,NA,S,4,1,98136.95625,57,2012,53,12.73,25.98
197598,Active,101186,NA,NA,S,2,1,223148.665,94.95,1997,33,5.37,21.94
197599,Active,533845,NA,NA,D,4,1,4365.53875,221.8,2012,244,19.73,62.94
197600,Active,536430,NA,NA,S,4,1,93660.30375,241.8,2012,46,26.25,216.01
197601,Active,50232,NA,NA,D,3,1,51149.82625,175.33,2010,120,6.49,67.93
197602,Active,50231,NA,NA,D,2,1,682333.8663,145.33,2006,120,4.21,19.98
197603,Active,917847,NA,NA,S,1,0,75293.6075,166.95,2014,48,18.91,49.98
197604,Active,51585,NA,NA,S,9,1,2002604.064,110,2002,61,4,5.59
197605,Active,544266,NA,NA,D,3,1,94863.585,99.95,2013,47,10.94,78.06
197606,Active,567747,NA,NA,D,2,1,605863.14,109.95,2009,44,4.03,23.99
197607,Active,290616,NA,NA,D,5,1,658811.3638,58.48,2006,33,4,45.33
197608,Active,623800,NA,NA,S,3,1,354803.7025,151.33,2012,49,31.33,48.98
197609,Active,712205,NA,NA,S,0,0,3174267.895,5.85,2007,31,4,12.31
197610,Active,533755,NA,NA,D,3,1,21355.13625,221.8,2012,122,17.9,53.97
197611,Active,51485,NA,NA,D,2,1,99297.88,178.67,2010,158,4.75,43.99
197612,Active,51484,NA,NA,S,0,0,870708.15,137.33,2006,106,4,10.98
197613,Active,872239,NA,NA,D,3,1,1089382.595,125,2009,26,16.85,108.87
197614,Active,543352,NA,NA,S,4,1,56339.785,98.95,2012,48,43.98,72.49
197615,Active,567425,NA,NA,D,2,1,344411.905,57.95,2006,38,4,12.94
197616,Active,3128221,NA,NA,S,2,1,598922.7688,40.75,1998,47,6.43,31
197617,Active,120667,NA,NA,S,4,1,917268.1475,26.67,2008,27,4.1,36.6
197618,Active,567453,NA,NA,D,6,1,1351025.864,186.95,2005,32,3.97,19.49
197619,Active,870745,NA,NA,D,7,1,448320.9788,176.95,2008,29,9,18.89
197620,Active,547766,NA,NA,S,1,0,1025360.466,50,1981,92,3.97,13.93
197621,Active,322624,NA,NA,S,0,0,86119.02625,69.2,2003,62,7.48,28.12
197622,Active,569526,NA,NA,S,4,1,679562.5025,152.95,2005,30,33.93,72.51
197623,Active,144742,NA,NA,S,1,0,1594449.485,129.33,2004,47,4.07,8.99
197624,Active,146362,NA,NA,D,3,1,17810.1925,215.2,2011,175,4,43.98
197625,Active,145516,NA,NA,D,2,1,699656.2238,155.2,2007,152,4,15.98
197626,Active,536433,NA,NA,D,3,1,711572.79,229.2,2012,51,5.52,161.11
197627,Active,286146,NA,NA,D,2,1,69894.8125,100.1,2006,62,14.14,53.98
197628,Active,117321,NA,NA,S,2,1,2268077.115,169.4,2007,16,38.17,43.92
197629,Active,130111,NA,NA,D,1,0,439717.8613,89.96,2003,42,8.74,49.92
197630,Active,600119,NA,NA,D,5,1,773904.7625,47,2009,28,8.22,43.99
197631,Active,867070,NA,NA,S,2,1,436198.1675,43,2014,19,23.94,38.87
197632,Active,620909,NA,NA,S,3,1,381109.9488,115,2001,27,18.91,79.23
197633,Active,265816,NA,NA,S,2,1,25408.965,39.99,2006,51,12.97,22.08
197634,Active,644538,NA,NA,S,2,1,411610.4463,54.95,2012,30,35.87,39.92
197635,Active,648720,NA,NA,S,2,1,791001.0325,50,1991,23,17.52,37.23
197636,Active,185163,NA,NA,S,1,0,72862.4025,38.9,1999,56,7.8,16.99
197637,Active,881413,NA,NA,S,1,0,130890.225,27,2013,21,10.53,22.8
197638,Active,203971,NA,NA,D,4,1,206939.7988,41.95,2007,56,4,20.92
197639,Active,203606,NA,NA,D,3,1,1742301.498,39.95,2003,73,4,11.34
197640,Active,526036,NA,NA,S,5,1,307838.2513,48.99,2012,41,10.22,21.13
197641,Active,622733,NA,NA,S,5,1,1033455.644,47.99,2007,45,4,12.99
197642,Active,865777,NA,NA,S,2,1,842096.0675,56.99,2011,52,4,5.87
197643,Active,526035,NA,NA,S,5,1,526530.2075,47.99,2007,31,6.61,79.37
197644,Active,203623,NA,NA,S,27,1,1822109.575,52.95,2003,20,8.07,41.49
197645,Active,526034,NA,NA,S,28,1,48348.58125,53.99,2005,88,8.83,18.94
197646,Active,608906,NA,NA,S,27,1,713632.1563,49.95,2000,104,4,20.36
197647,Active,615179,NA,NA,D,0,0,1503694.096,49.95,2006,27,4,11.99
197648,Active,56557,NA,NA,D,5,1,1333139.95,38.95,2005,21,4.76,13.99
197649,Active,533353,NA,NA,S,7,1,23121.9125,45.99,2011,142,10.5,22.49
197650,Active,204153,NA,NA,S,6,1,804189.385,39.95,2007,26,5.87,17
197651,Active,56559,NA,NA,D,6,1,277377.61,39.95,2007,183,4,9.89
197652,Active,630113,NA,NA,S,2,1,124517.6125,46.99,2009,32,21.65,0
197653,Active,789839,NA,NA,S,4,1,1047302.996,43.99,2006,32,4,43.93
197654,Active,631764,NA,NA,S,5,1,428032.4363,49.99,2006,35,4,15.75
197655,Active,789734,NA,NA,S,4,1,1268586.994,47.99,2006,35,4,24.49
197656,Active,609235,NA,NA,S,6,1,703337.0113,49.99,2009,29,12.93,15.89
197657,Active,609227,NA,NA,S,5,1,211444.765,47.99,2008,37,5.08,13.6
197658,Active,609236,NA,NA,S,6,1,638607.9525,49.99,2009,41,5.43,16.89
197659,Active,566871,NA,NA,S,4,1,1480421.8,155,1993,29,13.78,94.47
197660,Active,622036,NA,NA,D,13,1,157205.625,350,2006,60,100.98,254.34
197661,Active,528453,NA,NA,D,4,1,526854.1488,359.95,2006,47,28.93,47.98
197662,Active,60603,NA,NA,D,3,1,710303.275,259.95,2002,44,4,18.11
197663,Active,186228,NA,NA,D,4,1,173706.8475,149,1997,33,8.98,73.97
197664,Active,903415,NA,NA,D,0,0,4739047.395,259,2003,14,7.48,23.98
197665,Active,665645,NA,NA,D,1,0,1660457.969,55,2010,18,16.44,36.97
197666,Active,657783,NA,NA,D,1,0,1217839.519,89.95,1994,23,7.69,0
197667,Active,655233,NA,NA,S,0,0,289222.3513,93.95,2013,140,4.17,9.99
197668,Active,56333,NA,NA,S,0,0,951213,76.95,2009,100,4,5.29
197669,Active,795081,NA,NA,S,11,1,303897.3463,40.95,2012,22,34.98,36.94
197670,Active,755263,NA,NA,D,5,1,3019072.525,287,2004,18,5,49.89
197671,Active,734577,NA,NA,D,0,0,899770.3,78.5,2009,14,5.51,36.56
197672,Active,613655,NA,NA,D,1,0,886088.0538,10.98,2009,50,4.13,10.98
197673,Active,144726,NA,NA,D,1,0,865518.6675,51,2006,37,4,37.98
197674,Active,2367399,NA,NA,D,6,1,7551273.05,45.8,1994,15,3.99,12.49
197675,Active,57690,NA,NA,S,8,1,97008.28625,143,2003,53,12.03,86.77
197676,Active,57691,NA,NA,D,7,1,522700.6863,64.6,1998,31,3.99,38.92
197677,Active,627695,NA,NA,S,2,1,406512.7213,89.99,2004,33,36.99,0
197678,Active,2616865,NA,NA,D,3,1,514458.5375,45.95,1983,22,4.99,73.53
197679,Active,55634,NA,NA,S,8,1,1971008.849,92.95,2001,32,4,12.05
197680,Active,544264,NA,NA,D,12,1,30963.97375,165.95,2013,52,25.41,34.93
197681,Active,55638,NA,NA,D,11,1,80301.22625,181.95,2010,80,6.02,52.57
197682,Active,248278,NA,NA,S,6,1,319024.26,114.95,2004,110,3.99,7.44
197683,Active,544263,NA,NA,D,9,1,7215.7225,182.95,2013,169,11.87,30.99
197684,Active,248437,NA,NA,D,7,1,128065.6588,120.95,2007,179,4,12.36
197685,Active,244430,NA,NA,D,8,1,523840.2725,182.95,2012,36,10.17,38.13
197686,Active,251977,NA,NA,D,8,1,80819.70125,201.95,2010,151,4,36.93
197687,Active,55637,NA,NA,D,10,1,155455.3213,144.95,2007,57,4,31.37
197688,Active,919937,NA,NA,D,1,0,1911640.133,47.99,2008,32,4.1,20.95
197689,Active,865503,NA,NA,S,2,1,318622.9263,56.99,2014,21,28.14,35.39
197690,Active,789726,NA,NA,S,2,1,822459.02,47.99,2006,23,5.72,5.98
197691,Active,865587,NA,NA,D,6,1,774265.2763,51.99,2013,24,5.2,7.99
197692,Active,1964887,NA,NA,S,7,1,132387.7438,54.99,2014,19,28.94,35.96
197693,Active,534727,NA,NA,S,5,1,794623.3163,49.99,2013,70,4,8.99
197694,Active,526025,NA,NA,D,4,1,887102.9688,49.99,2009,43,4,18.99
197695,Active,633759,NA,NA,S,3,1,205567.8813,53.99,2013,74,5.86,20.95
197696,Active,627411,NA,NA,S,2,1,58769.65,67.6,2010,42,19.8,51.5
197697,Active,780355,NA,NA,D,2,1,1152323.235,39.95,1999,42,5.62,20.57
197698,Active,740757,NA,NA,D,1,0,2046673.174,42.2,2007,28,4,18.98
197699,Active,649478,NA,NA,S,2,1,124650.1588,53.8,2013,19,30.19,29
197700,Active,789246,NA,NA,D,4,1,2843500.735,399,2004,18,4.7,45.57
197701,Active,641752,NA,NA,D,1,0,1454090.079,69.99,2004,18,6.11,41.99
197702,Active,108525,NA,NA,S,9,1,629584.3625,100.15,2002,55,4,29.99
197703,Active,109918,NA,NA,D,11,1,81236.055,34.08,2007,65,7.32,32.99
197704,Active,109343,NA,NA,D,10,1,486030.9163,38.9,2005,55,5.44,38.88
197705,Active,622755,NA,NA,D,0,0,482785.1388,45,2006,34,13.39,26.97
197706,Active,3818168,NA,NA,D,1,0,1065367.7,55,2010,21,35.84,98.57
197707,Active,3798365,NA,NA,D,0,0,616620.4,25.95,2010,44,16.72,71
197708,Active,147319,NA,NA,D,3,1,1020866.68,88.95,2004,47,4.98,46.85
197709,Active,867286,NA,NA,S,4,1,357128.0463,74.99,2014,18,24.87,24.84
197710,Active,247689,NA,NA,S,3,1,454706.09,39.95,2007,41,11.87,32.37
197711,Active,129728,NA,NA,S,2,1,419361.48,59.99,2001,33,4,33.49
197712,Active,619539,NA,NA,S,6,1,136173.3638,49.95,2014,44,26.07,0
197713,Active,3152630,NA,NA,D,5,1,608127.6888,34.95,2002,22,14.93,46.77
197714,Active,754465,NA,NA,D,2,1,2731193.784,89,2009,11,58.99,0
197715,Active,526024,NA,NA,S,3,1,305529.2538,21.99,2009,84,4.44,9.17
197716,Active,201525,NA,NA,D,2,1,733264.4438,21.99,2006,60,4,10.96
197717,Active,752745,NA,NA,S,7,1,1132814.134,39.95,2010,24,4,15.39
197718,Active,3634748,NA,NA,S,12,1,38389.85,50,2015,24,29.45,28.58
197719,Active,3634311,NA,NA,S,11,1,453072.85,50,2014,37,13.23,26.55
197720,Active,865757,NA,NA,S,8,1,885546.5088,45,2011,26,4,11.92
197721,Active,868446,NA,NA,D,6,1,1117598.255,164.15,1983,22,8.97,89.95
197722,Active,614604,NA,NA,S,2,1,516676.9625,30,2001,83,4,9.89
197723,Active,106609,NA,NA,S,4,1,300635.3313,34.95,2007,70,4,9.99
197724,Active,868222,NA,NA,D,2,1,2098628.463,49,1993,21,8.36,72.75
197725,Active,143361,NA,NA,S,3,1,153139.6763,115,2007,42,20.43,68.25
197726,Active,608202,NA,NA,D,4,1,1254215.045,139,2002,42,4,33.98
197727,Active,249017,NA,NA,D,5,1,456281.9625,162.95,2008,64,20.7,35.24
197728,Active,203751,NA,NA,D,4,1,161017.9613,199.99,2005,66,8.83,31.54
197729,Active,747669,NA,NA,S,2,1,1006876.835,55,2008,25,24.19,29.53
197730,Active,861682,NA,NA,S,3,1,93407.04,39.99,2013,30,21.54,24.56
197731,Active,526022,NA,NA,S,2,1,1160.565,18.95,2010,291,7.71,10.22
197732,Active,2579807,NA,NA,D,1,0,5427881.795,97.5,1995,23,4,31.94
197733,Active,763202,NA,NA,D,0,0,1978892.493,65,1999,38,4,65.07
197734,Active,672034,NA,NA,S,0,0,9890.81625,19.95,2010,58,11.79,0
197735,Active,2065208,NA,NA,S,2,1,35530.85,19.95,2011,32,10,11.49
197736,Active,526021,NA,NA,S,4,1,62927.7325,19.95,2009,128,10.46,14.05
197737,Active,526020,NA,NA,S,9,1,349305.8325,39.34,2011,34,4,30
197738,Active,696732,NA,NA,S,2,1,1288899.454,114,1998,37,12.17,44.71
197739,Active,876768,NA,NA,D,8,1,935041.3438,86.29,2010,30,9.47,56.02
197740,Active,54376,NA,NA,D,8,1,57828.11625,66.44,2010,125,6.89,31.83
197741,Active,612975,NA,NA,D,7,1,527295.1925,25.99,2006,122,4,14.26
197742,Active,867946,NA,NA,S,9,1,38208.19375,80.75,2014,65,46.97,54.58
197743,Active,735724,NA,NA,D,8,1,597480.5413,81.29,2011,15,11.21,80.32
197744,Active,613942,NA,NA,S,16,1,9491.08625,39.95,1995,99,11.99,18.93
197745,Active,3041491,NA,NA,S,0,0,62903.875,54.17,1999,37,16.63,35.98
197746,Active,1498288,NA,NA,S,0,0,30324.4,49.99,2011,1,29.52,27.87
197747,Active,558395,NA,NA,S,3,1,471546.4113,48.95,2006,58,11.61,29.49
197748,Active,640514,NA,NA,S,1,0,422230.0938,41.95,2010,35,31.71,36.37
197749,Active,2396581,NA,NA,S,0,0,356231.1125,51.6,2004,296,4.09,12.98
197750,Active,918056,NA,NA,S,0,0,852582.0975,35.95,2003,35,4,16.79
197751,Active,264294,NA,NA,S,2,1,108063.5025,49.99,2007,78,8.25,27.98
197752,Active,526017,NA,NA,S,2,1,124793.665,49.99,2007,134,11.43,27.97
197753,Active,264295,NA,NA,S,2,1,245504.4388,49.99,2007,76,11.6,30.99
197754,Active,264296,NA,NA,S,2,1,170111.9688,50.99,2007,41,12.83,25.59
197755,Active,662695,NA,NA,D,0,0,2529668.659,54.95,2007,14,27.31,43.97
197756,Active,575934,NA,NA,D,1,0,414750.75,81.95,2012,45,4.82,8.24
197757,Active,660893,NA,NA,D,2,1,306307.9025,94.45,2012,34,49.26,226.69
197758,Active,861683,NA,NA,S,2,1,712219.1488,49.95,2013,25,8.6,27.99
197759,Active,631607,NA,NA,D,3,1,1201481.249,153,2009,25,34.89,48.99
197760,Active,913396,NA,NA,S,1,0,1287754.518,110,2004,20,13.52,50.99
197761,Active,723762,NA,NA,S,1,0,672950.7988,51,2009,14,12.94,24.97
197762,Active,51885,NA,NA,S,7,1,2275994.579,83,2002,53,3.99,33.99
197763,Active,51887,NA,NA,D,9,1,405614.5663,139.8,2008,74,4,13.99
197764,Active,614647,NA,NA,D,10,1,73225.37,183,2011,73,4.88,28.1
197765,Active,129129,NA,NA,D,3,1,2578630.626,85,2009,27,4,16.49
197766,Active,51027,NA,NA,D,3,1,173572.8088,223.2,2007,95,6.49,15.56
197767,Active,435720,NA,NA,D,1,0,2912098.99,155.95,2005,16,4,14.99
197768,Active,132908,NA,NA,S,7,1,61445.05,159.4,2010,81,8.65,79.92
197769,Active,183075,NA,NA,D,5,1,695639.43,76.76,2006,42,4,8.99
197770,Active,132443,NA,NA,D,5,1,1034041.308,76.76,2004,21,5.43,95.99
197771,Active,60885,NA,NA,D,6,1,758197.205,110.2,2007,79,4,9.89
197772,Active,197929,NA,NA,D,5,1,85340.17,75.55,2008,51,8.77,59.28
197773,Active,609920,NA,NA,D,7,1,64214.21875,260,2012,71,6.77,70.43
197774,Active,644468,NA,NA,S,3,1,47809.75625,90,2013,43,20.96,56.2
197775,Active,290077,NA,NA,S,2,1,965774.755,130,2006,27,18.97,38.99
197776,Active,308172,NA,NA,S,4,1,605481.22,60,2012,39,8.54,14.81
197777,Active,617034,NA,NA,S,3,1,1193402.145,49.95,2005,39,4,13.05
197778,Active,632227,NA,NA,S,6,1,1151833.11,67,2005,23,30.49,42.98
197779,Active,744815,NA,NA,S,2,1,357637.6163,105.95,2003,24,4.74,13.67
197780,Active,658340,NA,NA,S,3,1,307190.2763,49.95,2011,26,30.75,45.68
197781,Active,312838,NA,NA,S,2,1,588112.9338,161.8,2000,50,4,0
197782,Active,51007,NA,NA,D,2,1,653328.6,267.95,2005,60,4,9.08
197783,Active,51008,NA,NA,D,3,1,265196.0888,335.95,2010,87,7.82,30.89
197784,Active,202347,NA,NA,S,3,1,310634.3425,171.95,2009,56,7.54,28.77
197785,Active,526007,NA,NA,S,4,1,1680106.844,76.95,2009,31,6.34,47.71
197786,Active,152388,NA,NA,D,0,0,3461615.36,139,2004,25,11.75,24.86
197787,Active,196720,NA,NA,D,0,0,757699.4138,55.95,2011,32,4.38,39.73
197788,Active,544939,NA,NA,D,2,1,794942.97,150,2008,24,27.79,51.2
197789,Active,368501,NA,NA,D,2,1,4053725.105,78.95,1997,22,4,33.99
197790,Active,324571,NA,NA,S,4,1,376681.9788,102.07,2000,53,4.49,41.93
197791,Active,53523,NA,NA,D,9,1,127968.5075,384.95,2010,108,4,26.31
197792,Active,309800,NA,NA,D,13,1,33929.255,37,2012,108,5.69,69.48
197793,Active,402455,NA,NA,S,13,1,2520481.214,119.68,2002,50,4,7.48
197794,Active,315152,NA,NA,S,2,1,99033.50625,162.03,2008,71,8.09,42.47
197795,Active,53519,NA,NA,S,7,1,1279040.916,212.95,2006,66,4,13.22
197796,Active,267909,NA,NA,D,2,1,2910068.18,121.95,2005,19,4,46.79
197797,Active,315153,NA,NA,S,2,1,30768.97125,192,2008,73,20.77,64.97
197798,Active,50891,NA,NA,D,9,1,118929.7863,376.95,2009,74,5.57,46.99
197799,Active,50893,NA,NA,D,8,1,939016.0613,258.95,2007,79,4.13,30.78
197800,Active,286199,NA,NA,D,13,1,73128.06,251.4,2011,101,4.67,72.33
197801,Active,51123,NA,NA,D,12,1,676016.3825,230,2009,80,4.8,43.93
197802,Active,116967,NA,NA,S,0,0,1674092.308,164.8,2005,52,4,14.85
197803,Active,51335,NA,NA,D,3,1,535164.1638,153.4,2009,58,4,38.99
197804,Active,119095,NA,NA,D,4,1,219382.6288,182.4,2011,63,4.24,18.98
197805,Active,137475,NA,NA,S,4,1,5219282.941,75,2003,20,4.75,55.23
197806,Active,309757,NA,NA,D,1,0,41289.29125,88.33,2012,65,15.47,66.81
197807,Active,339014,NA,NA,S,1,0,483586.6175,207,2001,55,7.48,48.94
197808,Active,594898,NA,NA,S,4,1,109320.9275,144,2013,40,46.49,100.98
197809,Active,901539,NA,NA,D,0,0,4510498.518,4.99,2004,19,4,4.99
197810,Active,317150,NA,NA,S,2,1,1918425.729,143,2008,26,35.64,74.26
197811,Active,309808,NA,NA,D,12,1,445691.53,10.98,2010,67,6.2,18.98
197812,Active,911145,NA,NA,S,2,1,1603257.906,83.95,2012,18,5.68,34.99
197813,Active,112054,NA,NA,D,1,0,21963.89625,312,2012,73,11.97,123.99
197814,Active,2258528,NA,NA,S,9,1,863055.8113,91.04,2010,40,6.53,57.25
197815,Active,313107,NA,NA,D,1,0,1265771.473,106.67,2002,19,4,39.85
197816,Active,895296,NA,NA,D,2,1,3244869.795,0,2003,16,13.62,42.97
197817,Active,533574,NA,NA,S,10,1,165672.5563,190.95,2012,45,8.77,62.94
197818,Active,148544,NA,NA,D,7,1,3366696.115,123.95,2006,29,4,36.91
197819,Active,532114,NA,NA,S,10,1,620215.2475,242.95,2012,33,4.3,43.94
197820,Active,349986,NA,NA,D,9,1,812852.62,190.95,2010,32,3.99,7.76
197821,Active,244165,NA,NA,D,10,1,17242.43625,349.95,2012,108,5.97,40.14
197822,Active,244442,NA,NA,D,10,1,27628.8625,242.95,2012,106,8.92,55.93
197823,Active,178961,NA,NA,D,9,1,100287.61,242.95,2010,73,4.35,39.44
197824,Active,52097,NA,NA,D,12,1,461694.8,137.33,2008,42,4,15.99
197825,Active,317096,NA,NA,D,12,1,681051.2775,201.67,2008,85,4,19.18
197826,Active,315409,NA,NA,D,14,1,64773.27125,268.4,2012,151,7.68,28.95
197827,Active,301527,NA,NA,S,12,1,764229.29,48.08,2008,32,4,9.99
197828,Active,314401,NA,NA,S,10,1,1346515.604,173.33,2004,51,4,5.24
197829,Active,314709,NA,NA,S,11,1,1015225.828,239.4,2006,107,4,13.13
197830,Active,111528,NA,NA,D,6,1,68235.49625,44.99,2011,100,5.26,38.99
197831,Active,52664,NA,NA,S,3,1,2331426.256,78.32,2006,25,4,78.3
197832,Active,109418,NA,NA,S,3,1,1990162.526,122.85,2006,21,4,52.38
197833,Active,52663,NA,NA,D,5,1,321467.1813,53.99,2009,49,6.97,41.49
197834,Active,317178,NA,NA,S,13,1,122869.5813,223.2,2010,69,5.98,35.99
197835,Active,116621,NA,NA,D,3,1,1938624.235,116,2004,39,3.99,5.22
197836,Active,54817,NA,NA,D,5,1,346919.6863,146.4,2009,65,5.13,65.83
197837,Active,54816,NA,NA,D,4,1,1625426.796,124.67,2007,62,4,18.59
197838,Active,800017,NA,NA,S,0,0,947060.4463,73,2008,27,6.69,9.99
197839,Active,309733,NA,NA,D,11,1,1023573.301,14.72,2008,54,3.99,13.65
197840,Active,544069,NA,NA,S,7,1,11487.095,109,2013,86,36.99,53.76
197841,Active,298144,NA,NA,D,6,1,202344.9125,80,2009,73,8.97,28.98
197842,Active,246410,NA,NA,D,5,1,1083410.91,109.95,2007,61,4,10.4
197843,Active,56890,NA,NA,D,3,1,1480354.995,31.35,2010,14,4,29.84
197844,Active,56892,NA,NA,D,2,1,184315.4913,15.95,2006,50,4,13.68
197845,Active,107149,NA,NA,S,3,1,491737.0038,162.5,2000,29,4.8,21.94
197846,Active,111914,NA,NA,D,6,1,44647.815,51.03,2011,130,5.77,37.17
197847,Active,109771,NA,NA,S,3,1,2721620.389,17.6,2006,40,4,16.85
197848,Active,55151,NA,NA,D,8,1,735720.6088,288.95,2007,57,4,45.24
197849,Active,55152,NA,NA,D,9,1,306562.8313,267.95,2009,56,5.73,33.88
197850,Active,354915,NA,NA,S,7,1,1906331.469,110.76,2006,33,3.98,7.98
197851,Active,533797,NA,NA,D,10,1,47360.96,242.95,2012,69,6.95,102.28
197852,Active,612626,NA,NA,D,11,1,27250.66125,258.95,2014,62,17.96,120.94
197853,Active,50992,NA,NA,D,7,1,2352622.283,11.61,2004,39,4,20.06
197854,Active,50990,NA,NA,D,9,1,318121.0738,47.72,2009,65,7.15,54.95
197855,Active,50991,NA,NA,S,6,1,957452.315,11.84,2001,38,4,11.84
197856,Active,50989,NA,NA,D,8,1,400144.6875,14.52,2007,55,4,12.97
197857,Active,550470,NA,NA,D,9,1,469622.3025,26.51,2008,49,5.18,33.35
197858,Active,698788,NA,NA,D,8,1,4058372.109,19,2005,15,4.52,10.2
197859,Active,606935,NA,NA,D,8,1,1865987.934,9.49,2005,41,4,10.97
197860,Active,121094,NA,NA,S,2,1,695929.585,168,1995,32,4.54,46.53
197861,Active,626350,NA,NA,S,1,0,48833.55,99,2008,34,42.89,68.79
197862,Active,873211,NA,NA,D,6,1,3041834.714,36.61,2004,25,4,36.61
197863,Active,285820,NA,NA,D,6,1,644847.89,190.67,2002,59,4.35,36.43
197864,Active,243769,NA,NA,D,5,1,851839.7438,39.95,2009,28,4,45.62
197865,Active,603522,NA,NA,D,7,1,89772.4475,44.95,2012,42,13.92,18.58
197866,Active,873624,NA,NA,D,12,1,48776.1875,230,2009,58,16.84,72.81
197867,Active,54155,NA,NA,D,11,1,348969.5038,204,2006,64,4.58,29.99
197868,Active,276040,NA,NA,S,2,1,419703.2763,67.5,2008,46,16.98,54.04
197869,Active,445808,NA,NA,D,0,0,1007181.744,79.95,2007,33,5.15,56.84
197870,Active,123980,NA,NA,D,5,1,3677023.164,89.95,2001,30,4,46.04
197871,Active,178094,NA,NA,D,6,1,1004222.915,257.95,2004,62,4,7.96
197872,Active,744776,NA,NA,D,1,0,2392318.784,111.95,2005,11,4,23.94
197873,Active,161554,NA,NA,S,1,0,520378.4663,21.99,2006,54,4,19.84
197874,Active,893013,NA,NA,S,3,1,89175.475,48,2015,22,34.26,34.36
197875,Active,205900,NA,NA,D,3,1,271220.0313,60,2004,80,4,18.99
197876,Active,162665,NA,NA,S,4,1,19552.1875,73,2011,48,38.44,51.39
197877,Active,609346,NA,NA,D,2,1,1236909.33,59.95,2004,47,4,23.99
197878,Active,565113,NA,NA,D,3,1,112865.375,72.95,2009,58,4.04,21.99
197879,Active,541363,NA,NA,S,4,1,19887.78,84.95,2012,58,37.84,53.98
197880,Active,269548,NA,NA,D,1,0,690600.265,89.95,2007,26,25.64,74.31
197881,Active,661166,NA,NA,S,3,1,15467.88,39,2011,19,38.75,38.99
197882,Active,3122762,NA,NA,D,2,1,3551647.061,39.95,2004,14,4.96,16.35
197883,Active,2108656,NA,NA,D,3,1,2332677.26,47.95,2009,22,13.74,15.24
197884,Active,620745,NA,NA,D,2,1,81400.83625,249,2011,72,5.4,68.07
197885,Active,619137,NA,NA,D,1,0,1204270.991,200,2008,55,4,11.99
197886,Active,638354,NA,NA,D,1,0,849439.4488,59.95,2008,21,33.53,82.78
197887,Active,862305,NA,NA,S,2,1,265021.385,62.95,2014,17,38.96,46.71
197888,Active,660658,NA,NA,S,2,1,75066.32,60,2013,39,19.77,37.94
197889,Active,3122568,NA,NA,D,0,0,5742308.196,55,2004,10,5.36,77.8
197890,Active,619167,NA,NA,D,0,0,1113422.039,83.2,2004,33,4,13.49
197891,Active,624377,NA,NA,D,2,1,144848.4688,109,2008,57,10.84,53.99
197892,Active,131998,NA,NA,D,5,1,357474.39,125.4,2005,76,3.99,9.97
197893,Active,615379,NA,NA,D,0,0,673228.4025,65.95,2004,44,4.35,30.4
197894,Active,652593,NA,NA,S,0,0,166299.0875,45.95,2012,45,17.18,0
197895,Active,630576,NA,NA,D,5,1,44595.31,80.95,2012,88,11.88,51.99
197896,Active,646445,NA,NA,D,0,0,986930.8038,54.95,2009,27,6.14,0
197897,Active,775871,NA,NA,D,0,0,1391816.745,38.95,2004,32,4,8.88
197898,Active,776193,NA,NA,D,0,0,1269625.011,44.95,2009,33,6.17,18.89
197899,Active,213239,NA,NA,S,3,1,137101.6,95,2008,27,69.97,76.82
197900,Active,116043,NA,NA,D,5,1,1166433.533,103,2005,34,4,38.35
197901,Active,114436,NA,NA,D,4,1,1764755.996,78,2001,22,4,12.99
197902,Active,133099,NA,NA,S,7,1,149761.0263,83.6,2010,33,16.45,51.89
197903,Active,287581,NA,NA,D,6,1,289417.2763,68,2007,32,4,27.99
197904,Active,144880,NA,NA,D,5,1,2516426.826,58.6,2004,37,4,5.9
197905,Active,618103,NA,NA,S,2,1,611105.2463,121.2,2002,63,4,0
197906,Active,633703,NA,NA,S,3,1,64133.70125,59,2013,43,31.99,43.99
197907,Active,113572,NA,NA,D,2,1,592221.2425,64,2007,35,4,46.3
197908,Active,137529,NA,NA,D,2,1,815493.8088,251.4,2008,56,4.78,35.04
197909,Active,631627,NA,NA,S,2,1,225528.225,41,2009,28,15.35,32.98
197910,Active,57497,NA,NA,D,3,1,1112199.478,93.6,2006,77,4,15.31
197911,Active,2431660,NA,NA,D,2,1,1563636.593,71.2,2003,39,4,12.99
197912,Active,625633,NA,NA,S,3,1,369319.03,90.6,2012,43,11.98,23.43
197913,Active,617772,NA,NA,D,10,1,352760.7013,87.8,2013,61,7.64,23.99
197914,Active,609874,NA,NA,D,10,1,17388.10125,139.8,2013,141,6.22,31.99
197915,Active,54137,NA,NA,D,9,1,74945.545,110.6,2010,203,4,19.79
197916,Active,54138,NA,NA,D,9,1,648073.0675,72.33,2010,62,4,18.98
197917,Active,54428,NA,NA,S,8,1,619204.9113,95.2,2007,42,4,33.99
197918,Active,2431832,NA,NA,D,0,0,3292609.579,69.6,2005,23,4,43.99
197919,Active,557398,NA,NA,D,2,1,812445.5963,90.8,2007,49,4,8.74
197920,Active,60888,NA,NA,D,8,1,1338008.473,93.33,2004,48,3.99,8.98
197921,Active,117438,NA,NA,D,9,1,392874.1725,142.2,2007,46,4.49,9.99
197922,Active,670539,NA,NA,S,3,1,29132.7775,76.95,2012,55,36.25,66.93
197923,Active,121198,NA,NA,S,8,1,121673.2888,160.4,2011,28,33.05,187.18
197924,Active,876903,NA,NA,S,3,1,604801.37,72.67,2015,19,53.99,72.67
197925,Active,132927,NA,NA,D,1,0,212868.825,82.33,2009,60,6.22,28.53
197926,Active,131048,NA,NA,D,2,1,59065.03875,100,2012,69,6.82,128.27
197927,Active,118317,NA,NA,S,5,1,27213.75125,109.8,2010,60,62.1,78.98
197928,Active,116113,NA,NA,D,4,1,320418.8363,63.95,2004,73,4,30.81
197929,Active,230361,NA,NA,D,6,1,1319658.341,71.95,2001,39,4,34.94
197930,Active,247947,NA,NA,D,3,1,1025503.459,63,2007,25,4,10.6
197931,Active,199184,NA,NA,D,2,1,2002154.623,44.95,2003,29,4,13.98
197932,Active,248832,NA,NA,D,3,1,2103251.48,38.95,2005,49,4,8.94
197933,Active,534662,NA,NA,S,5,1,33349.355,54.95,2013,49,19.34,24.97
197934,Active,249222,NA,NA,D,4,1,623351.6725,50.95,2009,117,4,8.99
197935,Active,260969,NA,NA,S,0,0,206370.6775,24,2000,521,4,7.73
197936,Active,525988,NA,NA,D,3,1,1388698.114,115.95,2009,28,3.99,72.16
197937,Active,330519,NA,NA,D,2,1,3914365.333,115.95,2004,19,4,12.48
197938,Active,544530,NA,NA,S,4,1,314958.8088,115.95,2013,29,15.11,72.21
197939,Active,630872,NA,NA,D,3,1,2559606.696,185.95,2004,21,4.72,34.98
197940,Active,607366,NA,NA,D,2,1,438350.53,66,2005,27,4,8.99
197941,Active,624923,NA,NA,D,0,0,759675.71,92.3,2001,24,7.77,28.98
197942,Active,616247,NA,NA,S,0,0,388767.6413,47,1969,56,4,23.46
197943,Active,132454,NA,NA,S,4,1,690343.575,106.2,2007,30,22.6,67.53
197944,Active,2470849,NA,NA,D,1,0,11010249.6,171.95,1994,25,4,38.99
197945,Active,118297,NA,NA,S,4,1,111285.7938,102.2,2011,48,47.22,71.34
197946,Active,618600,NA,NA,D,2,1,313963.62,40.99,2007,36,20.07,87.79
197947,Active,119863,NA,NA,S,2,1,357033.5588,198.6,1995,43,4.35,14.98
197948,Active,286446,NA,NA,D,3,1,984733.6813,71.33,2008,55,4,43.27
197949,Active,624051,NA,NA,D,1,0,313140.3725,98,1994,26,7.7,67.06
197950,Active,858448,NA,NA,S,2,1,633092.6013,60,2014,18,34.47,35.71
197951,Active,663802,NA,NA,S,2,1,60877.9225,38,2013,21,23.94,27.77
197952,Active,364072,NA,NA,S,0,0,188541.3863,18,2005,106,4.07,8.13
197953,Active,258065,NA,NA,D,2,1,2531416.529,100,2003,24,4,33.87
197954,Active,762504,NA,NA,D,1,0,1220514.806,220,1997,21,4,16.28
197955,Active,707741,NA,NA,S,7,1,735842.06,226.79,2005,22,36.35,58.97
197956,Active,112233,NA,NA,D,7,1,128663.1163,115.75,2004,112,5.52,15.99
197957,Active,2358189,NA,NA,S,7,1,569389.5775,10.84,2004,19,8.24,13.97
197958,Active,142866,NA,NA,D,6,1,496059.4813,105.75,2001,99,4.31,13.92
197959,Active,653097,NA,NA,S,13,1,783357.3275,70,2012,21,6.39,60.12
197960,Active,629470,NA,NA,S,0,0,913103.9113,109,2009,29,37.54,28.3
197961,Active,56219,NA,NA,S,3,1,1675.87875,19.95,2010,179,11.08,11.18
197962,Active,56216,NA,NA,S,0,0,544872.2913,18.95,2001,188,4,9.98
197963,Active,56217,NA,NA,S,2,1,118662.8313,21.95,2005,230,4,8.28
197964,Active,860980,NA,NA,S,5,1,215452.445,50.44,2009,25,15.93,0
197965,Active,3568145,NA,NA,S,0,0,22349.25,59.99,2015,4,50.49,39.47
197966,Active,912865,NA,NA,D,0,0,2448348.268,61.28,2006,28,6.25,14.14
197967,Active,919963,NA,NA,S,0,0,828868.0163,42,1998,37,4,6.98
197968,Active,132661,NA,NA,D,5,1,334426.3588,103.4,2008,44,7.87,49.04
197969,Active,607705,NA,NA,D,4,1,697329.7525,83.2,2005,36,4.54,17.51
197970,Active,612860,NA,NA,S,2,1,10031.44875,40,2006,154,4.97,0
197971,Active,2868733,NA,NA,D,1,0,1340832.283,72.95,2000,29,4,36.95
197972,Active,765870,NA,NA,D,2,1,1071710.413,122.95,2004,37,4,12
197973,Active,905651,NA,NA,S,3,1,321576.9425,59,2015,24,41.98,44.24
197974,Active,169240,NA,NA,D,1,0,2135860.44,201.95,2007,24,4.6,73.67
197975,Active,169527,NA,NA,D,1,0,740552.1413,203.95,2007,16,9.69,125.14
197976,Active,169498,NA,NA,D,1,0,1233830.231,126.95,2006,21,4,70.32
197977,Active,148661,NA,NA,D,2,1,481305.8288,188.95,2009,59,4.4,35.94
197978,Active,318417,NA,NA,S,4,1,279085.3775,150.95,1999,35,4,44.08
197979,Active,908213,NA,NA,S,3,1,662014.1163,65,2013,16,14.34,15
197980,Active,199213,NA,NA,D,2,1,1040594.826,56.95,2003,47,4,11.79
197981,Active,248160,NA,NA,S,3,1,127263.5038,75,2010,47,19.98,54.99
197982,Active,917216,NA,NA,S,5,1,480527.375,162.95,2013,40,8.42,20.06
197983,Active,647302,NA,NA,D,4,1,115600.2988,60,2011,41,13.97,58.65
197984,Active,276643,NA,NA,D,3,1,906099.44,29.89,2007,42,4,29.13
197985,Active,892844,NA,NA,S,8,1,69537.40875,37.5,2014,32,19.9,35.73
197986,Active,1478310,NA,NA,D,1,0,1214530.541,38.95,2010,27,16.74,30.47
197987,Active,901250,NA,NA,D,4,1,2935313.373,390,2004,21,4.98,73.13
197988,Active,525984,NA,NA,D,3,1,107489.515,113,2010,30,11.97,44.08
197989,Active,617701,NA,NA,S,1,0,189293.8325,88.95,2003,32,8.53,50.53
197990,Active,147106,NA,NA,D,2,1,501329.0475,89.95,2004,23,6.38,16.56
197991,Active,868475,NA,NA,D,2,1,420633.31,67.95,1994,18,4.39,62.43
197992,Active,169637,NA,NA,D,4,1,194586.6513,293.95,2009,29,7.47,56.99
197993,Active,2540895,NA,NA,D,5,1,2296006.033,73.99,2003,12,17.63,62.86
197994,Active,60889,NA,NA,D,3,1,1416184.289,361.95,2004,23,4,31.93
197995,Active,55633,NA,NA,D,8,1,59009.65625,231,2011,38,38.99,176.89
197996,Active,161551,NA,NA,S,4,1,223479.5013,244.5,2006,47,22.77,71.27
197997,Active,55630,NA,NA,S,4,1,2031076.869,100,1998,37,4.11,18.99
197998,Active,2698681,NA,NA,D,2,1,2504829.025,64.95,2005,14,27.94,64.95
197999,Active,3592305,NA,NA,D,1,0,2443496.7,35,1900,28,5.93,43.44
198000,Active,245241,NA,NA,D,1,0,823807.0225,231.95,2003,22,8.6,28.94
198001,Active,525981,NA,NA,D,5,1,253496.9375,170,2012,35,27.75,67.15
198002,Active,907107,NA,NA,D,4,1,1957404.155,165,2008,23,7.14,37.97
198003,Active,661062,NA,NA,D,0,0,1425355.87,128,2012,12,63.99,113.99
198004,Active,624972,NA,NA,D,1,0,982723.975,110,1998,38,6.23,37.62
198005,Active,893090,NA,NA,S,2,1,168018.9463,74.95,2015,16,57.34,59.16
198006,Active,618355,NA,NA,S,2,1,161574.545,273.95,1994,46,5.6,122.89
198007,Active,663121,NA,NA,S,2,1,534726.2275,44,2013,37,24.8,24.79
198008,Active,911249,NA,NA,S,2,1,1955716.868,43.68,1979,26,6.38,42.63
198009,Active,2039357,NA,NA,D,7,1,859098.1388,200,2014,12,138.99,216.14
198010,Active,669150,NA,NA,D,6,1,739527.4925,268,2011,16,87.04,129.94
198011,Active,213010,NA,NA,D,0,0,2105014.633,54.95,2001,29,4,27.89
198012,Active,213287,NA,NA,D,2,1,178615.8338,55.95,2009,31,20.34,23.19
198013,Active,831540,NA,NA,D,1,0,1055206.828,75,1996,27,7.51,53.65
198014,Active,625363,NA,NA,D,2,1,250901.4813,131.95,2007,35,35.77,41.42
198015,Active,2574394,NA,NA,D,2,1,7912841.606,69.2,1973,26,4,68.05
198016,Active,872343,NA,NA,D,0,0,1847652.604,50.2,1984,30,4,49.84
198017,Active,3482700,NA,NA,D,4,1,4500823.7,0,1975,11,7.33,0
198018,Active,647248,NA,NA,S,2,1,304826.6838,69,2011,20,33.99,46.19
198019,Active,712323,NA,NA,D,3,1,1999925.034,139,2002,36,4.12,51.07
198020,Active,628813,NA,NA,D,4,1,232281.4013,185,2007,32,14.59,73.93
198021,Active,910527,NA,NA,S,2,1,1118830.093,99.95,1992,20,12.59,27.98
198022,Active,892003,NA,NA,D,1,0,1698328.985,112,2008,18,30.98,73.73
198023,Active,630324,NA,NA,S,1,0,48940.15,60,2001,16,28.99,33.98
198024,Active,2698045,NA,NA,S,2,1,1394851.946,51.95,2001,27,16.02,38.97
198025,Active,625441,NA,NA,S,12,1,359830.755,49.95,2003,34,6.13,40.12
198026,Active,58543,NA,NA,D,14,1,33386.47625,63.95,2011,118,6.84,26.48
198027,Active,58541,NA,NA,S,11,1,1205938.264,38.95,2000,53,4,9.99
198028,Active,54932,NA,NA,D,13,1,458136.4288,61.95,2007,222,4,13.98
198029,Active,54931,NA,NA,S,12,1,910414.7788,53.95,2003,103,4,14.94
198030,Active,120988,NA,NA,S,1,0,113305.225,130.2,1998,30,36.07,116.4
198031,Active,194183,NA,NA,S,2,1,432854.365,102,2009,38,12.04,43.77
198032,Active,2330396,NA,NA,D,0,0,1977309.015,52.25,1984,30,10.57,43.44
198033,Active,196562,NA,NA,D,0,0,2224240.503,60.95,2005,18,17.23,28.99
198034,Active,281260,NA,NA,S,4,1,121450.6113,69.95,2009,25,46.29,43.62
198035,Active,281158,NA,NA,D,3,1,907151.9275,69.95,2000,17,10.45,48.03
198036,Active,635989,NA,NA,S,3,1,522586.3638,79,1986,30,4,83.03
198037,Active,619502,NA,NA,S,1,0,505462.2563,181.6,1992,54,6.85,102.58
198038,Active,867945,NA,NA,S,8,1,16739.935,51.75,2014,46,32.88,43.99
198039,Active,54892,NA,NA,D,6,1,997279.2538,7.99,2008,81,3.99,7.99
198040,Active,613572,NA,NA,S,1,0,86783.975,71.5,2002,105,12.33,13.94
198041,Active,248159,NA,NA,D,2,1,143830.645,88,2010,46,5.13,54.32
198042,Active,132353,NA,NA,S,5,1,68245.9175,136.73,2007,40,8.99,35.99
198043,Active,615556,NA,NA,S,3,1,65749.14125,56,1989,53,12.59,52.04
198044,Active,281455,NA,NA,S,3,1,432092.2075,60,2007,24,37.36,0
198045,Active,867642,NA,NA,S,0,0,87041.445,76,2014,28,63.59,55.97
198046,Active,640986,NA,NA,D,0,0,1496441.063,78,1997,16,7.34,52.75
198047,Active,115442,NA,NA,D,4,1,965678.8688,108,1998,67,4,18.9
198048,Active,116820,NA,NA,D,5,1,373396.965,171,2005,43,12.61,39.97
198049,Active,118521,NA,NA,S,2,1,171457.3188,114.8,2007,51,10.15,43.27
198050,Active,285907,NA,NA,D,0,0,964702.5638,56.8,1999,29,4,14
198051,Active,607180,NA,NA,D,5,1,1130818.814,127.2,2003,27,7.77,25.95
198052,Active,711157,NA,NA,S,4,1,1026486.321,104,2000,24,5.39,43.98
198053,Active,607352,NA,NA,D,6,1,285456.0063,193.4,2007,31,18.84,60.31
198054,Active,1554692,NA,NA,S,2,1,894976.1888,46.95,2014,20,41.95,39.05
198055,Active,2612292,NA,NA,S,2,1,154683.1888,33.6,2000,28,23.44,27.32
198056,Active,141080,NA,NA,S,5,1,245341.9038,46.94,2000,31,8.75,52.99
198057,Active,669665,NA,NA,D,0,0,7431620.879,235,2003,10,28.18,361.89
198058,Active,879144,NA,NA,D,10,1,1629022.554,43.68,2011,24,5.86,43.5
198059,Active,540127,NA,NA,S,11,1,6586.51,157.6,2012,99,9.62,59.65
198060,Active,51514,NA,NA,D,8,1,303015.9025,106.8,2007,92,4,28.99
198061,Active,145243,NA,NA,D,1,0,1077807.711,69.4,2006,36,4.78,10.95
198062,Active,133465,NA,NA,S,2,1,204894.895,68.4,2010,39,20.86,96.5
198063,Active,740719,NA,NA,D,0,0,1374147.763,51.8,2006,29,4.86,13.99
198064,Active,158075,NA,NA,S,3,1,118736.7363,55.95,2004,44,33.12,45.14
198065,Active,153090,NA,NA,S,0,0,345213.3738,100,1998,33,19,62.41
198066,Active,1750451,NA,NA,S,2,1,213543.45,49.95,2008,25,11.74,79.45
198067,Active,859461,NA,NA,S,2,1,1150293.144,54,2006,30,4,11.42
198068,Active,538489,NA,NA,S,2,1,20326.4,71,2011,10,56.96,48.98
198069,Active,525969,NA,NA,S,3,1,713514.5,110,2011,36,8.99,101.03
198070,Active,117335,NA,NA,D,2,1,741064.6863,73.33,2006,19,4.24,19.49
198071,Active,625403,NA,NA,S,2,1,34508.115,79.4,2005,39,23.98,57.99
198072,Active,178095,NA,NA,S,11,1,4470728.555,85.95,2004,26,4,4.99
198073,Active,633791,NA,NA,S,2,1,126719.3213,110,2012,33,28.99,33.99
198074,Active,868088,NA,NA,S,1,0,471975.875,86.8,2008,58,4.71,19.39
198075,Active,644533,NA,NA,S,2,1,274683.0838,110,2012,55,4,23.18
198076,Active,1482080,NA,NA,S,0,0,2596944.88,33.33,2009,12,6.72,16.98
198077,Active,610221,NA,NA,S,2,1,192703.9863,295.95,2011,32,36,53.89
198078,Active,525972,NA,NA,D,2,1,485890.54,122.95,2011,22,4.3,50.07
198079,Active,868092,NA,NA,D,5,1,217899.8525,80,2007,56,4,50.18
198080,Active,622621,NA,NA,S,6,1,21171.86375,103.6,2011,65,18.86,40.44
198081,Active,117387,NA,NA,S,3,1,1764174.838,80,2007,36,3.99,18.94
198082,Active,631517,NA,NA,S,1,0,197839.315,56.95,2011,29,5.33,0
198083,Active,631661,NA,NA,S,2,1,446497.87,64.8,2008,25,17.64,0
198084,Active,621969,NA,NA,D,4,1,310858.2063,86.8,2009,28,13.97,138.1
198085,Active,1482582,NA,NA,S,2,1,135030.025,64.8,2011,8,59,50.1
198086,Active,1482192,NA,NA,S,2,1,57406.625,64.8,2010,25,34.19,38.13
198087,Active,859757,NA,NA,D,7,1,244588.3525,142.95,2008,26,19.58,73.98
198088,Active,525047,NA,NA,S,5,1,210602.9938,141.95,2010,33,12.61,46.48
198089,Active,248334,NA,NA,S,4,1,1303531.653,142.95,2005,24,4,28.94
198090,Active,248409,NA,NA,D,8,1,1252954.129,130.95,2006,29,3,61.21
198091,Active,290979,NA,NA,S,9,1,46851.89875,118.95,2011,48,48.59,53.99
198092,Active,530146,NA,NA,S,4,1,156309.6225,138.95,2010,39,7.99,43.09
198093,Active,862273,NA,NA,S,5,1,85490.4275,92.95,2014,28,15.64,52.23
198094,Active,553602,NA,NA,D,4,1,507126.0263,94,2007,22,11.36,0
198095,Active,1602148,NA,NA,S,2,1,43251.425,78.95,2008,17,43.99,59.1
198096,Active,642128,NA,NA,S,3,1,777663.4913,110,2012,38,3.43,0
198097,Active,179115,NA,NA,D,9,1,438418.3275,115.95,2008,36,4.02,54.25
198098,Active,572412,NA,NA,S,2,1,62879.92125,78.95,2008,73,32.23,51.64
198099,Active,2653961,NA,NA,D,1,0,841727.2525,113.95,1998,31,4,13.99
198100,Active,557497,NA,NA,D,5,1,358034.6738,102.4,2009,83,3.88,6.99
198101,Active,1482149,NA,NA,S,5,1,303239.825,60.2,2009,26,4,58.97
198102,Active,544413,NA,NA,S,6,1,52340.0425,122.95,2013,41,50.77,60.09
198103,Active,248434,NA,NA,S,4,1,1279167.288,128.95,2006,23,6.44,95.98
198104,Active,525057,NA,NA,S,5,1,575592.2275,134.95,2010,20,5.38,51.48
198105,Active,868215,NA,NA,S,3,1,194098.7638,104.6,2014,27,32.84,66.98
198106,Active,626215,NA,NA,S,2,1,696818.4413,102.4,2011,50,4,33.99
198107,Active,635636,NA,NA,S,2,1,81833.65,110,2012,14,20.09,53.99
198108,Active,637088,NA,NA,D,1,0,201138.3763,102.4,2009,32,4.87,29.16
198109,Active,608772,NA,NA,D,8,1,161712.2525,142.95,2008,29,17.48,99.54
198110,Active,867424,NA,NA,S,9,1,55523.03625,111.95,2013,33,38.5,79.29
198111,Active,868131,NA,NA,D,1,0,571693.575,78,1995,27,7.35,69.49
198112,Active,525970,NA,NA,S,5,1,9155.47,110,2011,41,36.99,76.57
198113,Active,553542,NA,NA,S,1,0,693300.1613,59.4,2008,22,7.98,27.73
198114,Active,2625134,NA,NA,S,3,1,2241222.278,45.95,1996,22,4,68.69
198115,Active,609505,NA,NA,D,6,1,939946.4763,170.95,2006,37,4,73.48
198116,Active,254183,NA,NA,D,7,1,245186.4513,169.95,2010,26,6.98,11.44
198117,Active,1574887,NA,NA,D,2,1,496125.1738,131.95,2010,26,28.11,54.45
198118,Active,716776,NA,NA,S,11,1,198752.175,34.5,2009,20,24.78,24.8
198119,Active,538555,NA,NA,S,8,1,64236.80125,66,2013,30,20.98,44.94
198120,Active,110648,NA,NA,D,5,1,2485544.51,13.93,2007,65,4,13.94
198121,Active,607061,NA,NA,D,6,1,1025005.468,56,2009,53,4,9.1
198122,Active,110650,NA,NA,D,7,1,299778.015,56,2011,45,4,32.99
198123,Active,110150,NA,NA,D,8,1,1981309.295,8.43,2007,53,3.99,8.39
198124,Active,1834049,NA,NA,S,4,1,3038900.925,82.95,2006,3,18.65,22.8
198125,Active,619754,NA,NA,S,4,1,122577.1788,111.25,2012,68,8.01,38.09
198126,Active,542283,NA,NA,D,12,1,1428626.883,134.95,2010,29,4,18.98
198127,Active,608446,NA,NA,D,6,1,2563247.979,86.95,2007,27,4,4.37
198128,Active,570490,NA,NA,S,14,1,2763603.135,99.95,2010,18,4.98,46.93
198129,Active,860984,NA,NA,S,3,1,872305.015,60.95,2012,22,4.48,34.99
198130,Active,633875,NA,NA,S,5,1,879028.8925,131.39,2012,43,4,0
198131,Active,182550,NA,NA,S,3,1,578934.9388,184.95,2001,65,4,0
198132,Active,206034,NA,NA,D,2,1,65848.13375,67,2009,58,30.42,48.36
198133,Active,205575,NA,NA,D,1,0,498654.7113,48,1998,99,4,10.77
198134,Active,541586,NA,NA,S,2,1,32932.85625,51.95,2014,30,40.97,41.47
198135,Active,620097,NA,NA,S,1,0,45133.075,45,2009,28,25.68,28.05
198136,Active,540778,NA,NA,S,8,1,358605.705,80.2,2013,42,24.8,60
198137,Active,868108,NA,NA,S,11,1,48749.99625,76,2014,42,44.46,59.41
198138,Active,3749458,NA,NA,D,1,0,1459589.2,0,2011,16,13.43,0
198139,Active,1658965,NA,NA,S,1,0,902491.9288,52,2011,16,35.99,112.45
198140,Active,809000,NA,NA,D,3,1,1755499.841,11.48,2008,24,4,11.99
198141,Active,620472,NA,NA,S,4,1,21476.6975,32,2013,142,11.72,21.99
198142,Active,252686,NA,NA,D,3,1,117607.8313,11.98,2009,152,4,6.89
198143,Active,525956,NA,NA,S,9,1,1775683.344,127.95,2011,25,4.96,53.7
198144,Active,544346,NA,NA,S,10,1,1119636.596,115.95,2013,21,4.25,48.53
198145,Active,1574719,NA,NA,S,12,1,1552612.755,110.95,2008,41,4.04,37.99
198146,Active,639824,NA,NA,S,13,1,611953.0325,99.95,2012,28,4,35.97
198147,Active,1519002,NA,NA,S,7,1,3002.37,48.95,2015,53,30.6,41.49
198148,Active,249007,NA,NA,D,5,1,681917.0138,34.95,2007,182,4,5.99
198149,Active,525952,NA,NA,D,6,1,28315.6675,44.95,2011,290,4,21.8
198150,Active,612610,NA,NA,S,8,1,105736.2038,44.95,2014,19,38.48,83.47
198151,Active,665309,NA,NA,S,3,1,182976.7175,45.6,2012,17,35.32,0
198152,Active,902240,NA,NA,S,1,0,218063.8325,50,2014,16,37.97,37.97
198153,Active,893118,NA,NA,S,3,1,453734.9638,45,2013,26,19.19,35.57
198154,Active,293260,NA,NA,S,2,1,635249.8938,62,2003,27,6.62,48.97
198155,Active,553732,NA,NA,S,9,1,1118960.459,77,2008,67,3.99,0
198156,Active,169516,NA,NA,D,7,1,421599.1438,95.95,2007,34,4,22.77
198157,Active,639954,NA,NA,S,6,1,865198.8425,42.95,2011,20,5.94,36.99
198158,Active,346424,NA,NA,D,3,1,2223841.069,73.95,2009,15,8.98,72.67
198159,Active,665281,NA,NA,S,7,1,690649.5763,58.8,2012,27,4.47,0
198160,Active,873603,NA,NA,D,8,1,78103.38125,109.95,2008,99,7.55,33.35
198161,Active,525946,NA,NA,S,9,1,17048.97,99.95,2012,49,31.49,53.99
198162,Active,177439,NA,NA,D,7,1,1260168.241,60.95,2004,73,3.99,10
198163,Active,551801,NA,NA,S,2,1,485501.7163,58.2,2001,86,4,12.47
198164,Active,711587,NA,NA,S,6,1,261567.1475,40.6,2004,31,4,32.98
198165,Active,114462,NA,NA,S,2,1,230718.7325,137.6,2003,33,25.01,50.29
198166,Active,845162,NA,NA,D,0,0,1630146.638,80,1989,25,4,45.97
198167,Active,653274,NA,NA,S,8,1,385449.3813,45.6,2013,39,11.49,35.99
198168,Active,541707,NA,NA,S,5,1,22276.49875,80,2010,60,44.44,52.78
198169,Active,492153,NA,NA,S,2,1,1466828.508,51.95,2012,18,22.24,47.7
198170,Active,346192,NA,NA,S,6,1,439810.4988,70.95,2010,29,27.17,0
198171,Active,285497,NA,NA,D,3,1,633037.7113,19.49,2010,52,4,11.44
198172,Active,540687,NA,NA,S,11,1,372478.085,88.8,2013,25,13.94,49.99
198173,Active,868345,NA,NA,D,6,1,210887.3488,88.95,2001,23,28.97,89.39
198174,Active,567537,NA,NA,S,7,1,91257.91625,87.95,2007,31,32.48,53.26
198175,Active,2619000,NA,NA,S,3,1,1217445.886,53.95,1994,15,6.87,43.99
198176,Active,572159,NA,NA,S,7,1,577644.71,51.19,2005,42,4,16.95
198177,Active,544414,NA,NA,S,9,1,126336.905,134.95,2013,41,36.49,81.49
198178,Active,532023,NA,NA,S,8,1,141862.6375,131,2009,83,5.31,17.58
198179,Active,60892,NA,NA,D,7,1,66551.1775,128.95,2007,59,7.63,30.99
198180,Active,772023,NA,NA,D,7,1,307370.4763,121.95,2006,75,4.74,42.31
198181,Active,587883,NA,NA,S,7,1,612379.085,125.95,2012,40,21.98,34.38
198182,Active,532025,NA,NA,S,11,1,76537.845,74.95,2012,73,7.36,28.05
198183,Active,550156,NA,NA,S,9,1,205133.5838,8.99,2006,68,4,15.46
198184,Active,550290,NA,NA,S,10,1,199691.8075,20.06,2009,117,4.1,24.93
198185,Active,570485,NA,NA,S,9,1,787882.9538,100.95,2010,20,42.69,73.99
198186,Active,658171,NA,NA,S,6,1,440847.7063,45.6,2012,25,27.73,0
198187,Active,1596356,NA,NA,S,1,0,548028.2063,60.95,2010,37,37.84,47.74
198188,Active,904113,NA,NA,S,9,1,1170978.138,75.78,2010,20,6.69,29.98
198189,Active,550790,NA,NA,S,9,1,206408.7,92.23,2010,15,58.88,86.56
198190,Active,561199,NA,NA,S,4,1,838191.3313,45.6,2009,76,4,15.94
198191,Active,613278,NA,NA,S,5,1,971675.2688,37.8,2008,40,4,23.96
198192,Active,610100,NA,NA,S,5,1,172631.0963,45.6,2013,36,23.55,27.99
198193,Active,616930,NA,NA,S,9,1,290636.6038,45.6,2011,59,5.97,31.4
198194,Active,764503,NA,NA,S,4,1,270809.9713,88.95,2004,25,37.91,0
198195,Active,859590,NA,NA,S,6,1,388396.885,92.95,2007,24,15.71,0
198196,Active,902686,NA,NA,S,3,1,494973.8413,82.95,2012,22,43.98,87.94
198197,Active,570486,NA,NA,D,8,1,1185902.294,96.95,2010,29,5.52,29.24
198198,Active,530264,NA,NA,D,8,1,129975.6075,92.95,2012,23,16.92,72.55
198199,Active,610763,NA,NA,S,6,1,1782701.454,101.95,2013,18,11.48,46.91
198200,Active,1517253,NA,NA,S,13,1,135078.0538,45.6,2014,13,41.99,45.47
198201,Active,552834,NA,NA,S,12,1,925145.005,40,2011,61,3.84,28.99
198202,Active,540578,NA,NA,S,4,1,1022141.341,44.2,2010,35,4,28.99
198203,Active,561196,NA,NA,S,8,1,805339.3238,38.67,2009,34,4,56.55
198204,Active,561490,NA,NA,S,8,1,877769.7788,44.2,2012,32,4,18.99
198205,Active,633799,NA,NA,S,6,1,363779.0538,44.2,2012,48,4,25.26
198206,Active,561195,NA,NA,S,7,1,1672788.906,37.8,2009,24,4,10.86
198207,Active,608788,NA,NA,D,7,1,1745718.984,95.95,2007,37,4.52,33.14
198208,Active,285363,NA,NA,S,1,0,105769.25,90.5,2011,22,17.24,76.6
198209,Active,626699,NA,NA,D,6,1,756909.8938,83.95,2012,26,12.34,63.99
198210,Active,634912,NA,NA,S,10,1,393541.1738,73.95,2011,31,36.8,63.99
198211,Active,617374,NA,NA,S,2,1,491769.6588,147.95,2010,56,4.79,45.37
198212,Active,1451803,NA,NA,S,9,1,323327.36,40.5,2013,24,9.24,18.73
198213,Active,553179,NA,NA,S,6,1,1312982.695,44.2,2012,23,4.88,45.5
198214,Active,660718,NA,NA,S,13,1,341397.1025,45.6,2013,34,9.88,0
198215,Active,561029,NA,NA,S,9,1,516797.9488,37.8,2007,55,4,11.03
198216,Active,530261,NA,NA,S,10,1,352598.34,44.2,2011,89,4.69,23.98
198217,Active,551957,NA,NA,S,3,1,1264675.928,37.8,2002,78,4,13.99
198218,Active,550712,NA,NA,S,4,1,346752.7238,77.25,2011,33,49.04,66.99
198219,Active,561327,NA,NA,S,12,1,96455.725,40,2010,33,6.48,31.99
198220,Active,669475,NA,NA,S,1,0,621708.7275,45.6,2012,20,41.93,44.43
198221,Active,621932,NA,NA,S,10,1,126314.7475,45.6,2011,32,9.74,43.75
198222,Active,561339,NA,NA,D,2,1,316662.9763,80.4,2010,182,4,12.99
198223,Active,540620,NA,NA,D,2,1,336392.1225,80.8,2012,72,3.84,18.98
198224,Active,553852,NA,NA,D,1,0,519468.38,74,2007,119,4,8.84
198225,Active,530249,NA,NA,D,8,1,117494.4113,128.95,2011,54,5.74,29.44
198226,Active,567540,NA,NA,D,7,1,742265.7675,141.95,2008,64,4,29.9
198227,Active,178285,NA,NA,D,6,1,714664.1825,155.95,2005,97,4,8.98
198228,Active,545326,NA,NA,S,4,1,1100902.451,130.95,2010,45,4,7.98
198229,Active,2619940,NA,NA,D,6,1,619502.1675,100.95,2005,32,6.22,43.99
198230,Active,1596345,NA,NA,S,4,1,192861.7063,101.95,2006,38,14.49,35.98
198231,Active,540650,NA,NA,S,11,1,111860.8138,45.6,2012,31,16.56,38.94
198232,Active,183424,NA,NA,D,7,1,1914508.141,121.95,2006,38,4,13.49
198233,Active,561415,NA,NA,S,4,1,334257.6375,44.2,2011,24,25.39,34.52
198234,Active,550413,NA,NA,S,2,1,1358619.729,33.99,2009,43,4,33.99
198235,Active,561125,NA,NA,S,10,1,823663.9863,37.8,2008,63,4,20
198236,Active,561329,NA,NA,D,5,1,719041.4163,40,2010,33,4,0
198237,Active,631559,NA,NA,S,2,1,1152632.085,40,2010,49,4,8.11
198238,Active,570564,NA,NA,D,8,1,1141926.765,121.95,2010,29,4,7.52
198239,Active,1439528,NA,NA,D,2,1,1990281.3,78.63,2009,19,4.97,72.69
198240,Active,1439744,NA,NA,S,3,1,441536.2438,76.75,2013,30,16.35,33.99
198241,Active,553526,NA,NA,S,8,1,676185.0225,40,2008,21,4,13.98
198242,Active,697174,NA,NA,D,1,0,4236549.008,36.25,2003,24,4,11.94
198243,Active,607067,NA,NA,D,3,1,1380004.121,20,2009,23,7.71,18.99
198244,Active,561232,NA,NA,D,2,1,226378.8163,54.4,2010,30,6.82,32.81
198245,Active,579405,NA,NA,D,1,0,751596.61,52.8,2006,23,9.2,26.73
198246,Active,654678,NA,NA,S,2,1,335468.7913,48.8,2009,25,10.17,38.13
198247,Active,618409,NA,NA,S,12,1,785452.41,46.67,2005,46,4,45.12
198248,Active,539648,NA,NA,S,13,1,265419.2763,46.67,2008,27,7.11,49.81
198249,Active,169229,NA,NA,D,3,1,665529.5738,113.95,2006,27,4.44,71.07
198250,Active,539595,NA,NA,S,3,1,360664.1375,45.6,2009,19,27.94,0
198251,Active,631711,NA,NA,S,2,1,819555.15,41.75,2007,32,18.35,0
198252,Active,764118,NA,NA,D,2,1,2809388.71,0,2002,21,3.99,111.51
198253,Active,561214,NA,NA,S,5,1,598272.495,40,2009,51,4,13.99
198254,Active,916130,NA,NA,S,6,1,368150.5138,44.2,2013,49,11.96,19.75
198255,Active,742731,NA,NA,S,4,1,927703.1675,44.2,2011,22,22.19,44.19
198256,Active,633369,NA,NA,S,6,1,747441.15,42,2007,24,5.51,0
198257,Active,619765,NA,NA,S,5,1,301447.5463,45.6,2011,56,4,17.64
198258,Active,553714,NA,NA,S,4,1,1063375.97,45.6,2008,91,3.98,4.44
198259,Active,742268,NA,NA,S,3,1,1055866.649,40,2010,50,3.84,17.49
198260,Active,1517468,NA,NA,S,4,1,350219.4638,45.6,2014,19,13.14,45.6
198261,Active,176753,NA,NA,S,3,1,677826.8725,99.95,2004,22,18.96,33.99
198262,Active,624287,NA,NA,S,2,1,148540.5663,51,2011,55,7.4,41.21
198263,Active,540574,NA,NA,S,4,1,412030.635,40,2010,44,5.72,33.98
198264,Active,1517231,NA,NA,S,5,1,208294.2013,45.6,2014,21,30.25,43.8
198265,Active,561037,NA,NA,S,8,1,880184.6988,37.8,2007,27,4.02,23.98
198266,Active,540610,NA,NA,S,9,1,527771.605,45.6,2011,27,12.98,42.89
198267,Active,540615,NA,NA,S,10,1,256534.7763,45.6,2011,30,7.97,32.07
198268,Active,561022,NA,NA,S,9,1,1070104.834,28.35,2007,25,4.39,13.99
198269,Active,1517702,NA,NA,S,11,1,205090.025,45.6,2014,28,6.04,43.41
198270,Active,176841,NA,NA,S,2,1,77184.99625,78.95,2001,41,31.98,59.23
198271,Active,868362,NA,NA,D,9,1,359199.8538,33.99,2008,70,4,38.99
198272,Active,530263,NA,NA,S,10,1,172983.6225,149.95,2012,34,13.73,16.05
198273,Active,868547,NA,NA,S,2,1,170206.7113,76.95,2014,20,44.09,50.99
198274,Active,610244,NA,NA,S,11,1,117851.375,110.95,2012,78,14.6,99.07
198275,Active,542027,NA,NA,D,10,1,593830.5675,115.95,2009,34,5.19,61.49
198276,Active,764283,NA,NA,D,7,1,1684791.828,417.82,2003,24,4,51.01
198277,Active,178288,NA,NA,S,6,1,598063.9563,119.95,2005,21,4.96,232.12
198278,Active,177119,NA,NA,S,6,1,417540.7188,119.95,2005,33,29.25,0
198279,Active,1783161,NA,NA,S,8,1,454818.3138,67.95,2012,20,8.23,59.47
198280,Active,540595,NA,NA,S,11,1,421873.9138,44.2,2011,66,3.84,17.21
198281,Active,561471,NA,NA,S,7,1,383895.1988,44.2,2012,26,4.99,11.99
198282,Active,111106,NA,NA,S,3,1,899126.595,56.8,2010,20,7.02,53.65
198283,Active,921048,NA,NA,S,9,1,527966.7675,44.2,2009,48,4.15,17.48
198284,Active,540645,NA,NA,S,6,1,120614.2538,44.2,2012,31,10.97,0
198285,Active,561273,NA,NA,S,11,1,819124.9213,42,2010,45,4,14.97
198286,Active,1513759,NA,NA,S,2,1,1324388.691,38.67,2009,24,4.5,35.96
198287,Active,645994,NA,NA,S,3,1,1560952.376,40,2010,23,4.56,31.59
198288,Active,553710,NA,NA,S,5,1,737470.0738,42,2008,53,5.98,23.98
198289,Active,130016,NA,NA,S,5,1,350589.085,45.6,2001,28,14.32,26.99
198290,Active,540557,NA,NA,S,9,1,877207.5975,40,2009,24,7.51,29.68
198291,Active,619140,NA,NA,S,5,1,1415817.609,37.8,2008,31,4.12,39.44
198292,Active,540566,NA,NA,S,4,1,1055209.695,42,2010,21,4.24,15.49
198293,Active,1517632,NA,NA,S,2,1,814834.7975,45.6,2015,17,37.73,45.47
198294,Active,169434,NA,NA,S,10,1,887872.1863,65.95,2006,44,4,48.95
198295,Active,543361,NA,NA,S,11,1,296124.3688,69.95,2011,53,4.91,27.99
198296,Active,530254,NA,NA,S,7,1,883981.9538,110.95,2011,32,3.84,115.95
198297,Active,169243,NA,NA,S,6,1,1338605.141,116.95,2007,28,5.61,43.93
198298,Active,169433,NA,NA,S,8,1,1649868.845,104.95,2006,34,4,44.29
198299,Active,530252,NA,NA,S,9,1,1791166.363,95.95,2010,22,4.3,5.46
198300,Active,570748,NA,NA,S,5,1,382317.6813,78.95,2009,27,4.99,41.99
198301,Active,1772513,NA,NA,D,6,1,404213.7788,82.95,2011,33,10.38,14.92
198302,Active,772604,NA,NA,D,7,1,538950.7638,95.95,2006,46,4,46.49
198303,Active,570561,NA,NA,S,5,1,723671.8038,96.95,2011,21,43.99,0
198304,Active,540556,NA,NA,S,4,1,1190197.593,38.67,2009,33,4,12.94
198305,Active,861696,NA,NA,S,5,1,299435.0638,45.6,2013,29,15.7,32.92
198306,Active,920981,NA,NA,S,6,1,627723.9138,108.95,2007,60,4,12.97
198307,Active,543791,NA,NA,S,9,1,567093.7113,97.95,2011,36,4.92,48.03
198308,Active,543789,NA,NA,S,9,1,404114.94,101.95,2011,41,13.34,84.89
198309,Active,177175,NA,NA,S,12,1,1575514.75,80.95,2005,20,3.85,15.99
198310,Active,346313,NA,NA,S,13,1,1457824.903,107.95,2008,12,14.71,97.52
198311,Active,540575,NA,NA,D,8,1,206058.7313,45.6,2010,25,23.98,43.33
198312,Active,286145,NA,NA,S,12,1,730610.4113,45.6,2006,17,25.99,43.84
198313,Active,650508,NA,NA,D,1,0,1504025.723,37.8,2006,25,4,44.67
198314,Active,639899,NA,NA,D,8,1,623909.43,53.6,2011,22,10.14,65.85
198315,Active,903797,NA,NA,S,9,1,58532.97125,53.6,2014,17,42.18,44.15
198316,Active,244039,NA,NA,S,7,1,140657.9413,136.95,2010,67,4.21,73.47
198317,Active,1956424,NA,NA,S,10,1,46896.30625,64.75,2014,29,18.64,46.98
198318,Active,252664,NA,NA,D,9,1,108356.5238,69.5,2010,51,10.16,0
198319,Active,530414,NA,NA,S,3,1,84312.0075,53.8,2012,28,31.23,0
198320,Active,252721,NA,NA,S,3,1,149027.575,57.75,2010,16,22.34,42.39
198321,Active,627419,NA,NA,S,6,1,693430.385,42,2010,35,4,42.94
198322,Active,860505,NA,NA,S,5,1,411974.7225,44.2,2011,20,26.94,39.05
198323,Active,740440,NA,NA,S,3,1,931097.2788,36.67,2005,34,4.38,11.43
198324,Active,860993,NA,NA,S,4,1,551808.0225,44.2,2012,21,8.04,43.39
198325,Active,552962,NA,NA,S,5,1,718552.3725,45.6,2008,38,7.77,28.99
198326,Active,561408,NA,NA,S,9,1,252851.54,44.2,2011,41,7.94,0
198327,Active,616375,NA,NA,S,2,1,795611.0988,40,2010,68,4.55,12.35
198328,Active,626233,NA,NA,S,12,1,254397.505,108.95,2011,25,23.94,88.28
198329,Active,868322,NA,NA,D,11,1,657126.3625,114.95,2007,44,4.35,44.21
198330,Active,661110,NA,NA,S,4,1,134560.525,45.6,2011,30,31.92,39.9
198331,Active,290901,NA,NA,D,7,1,623027.0788,120.95,2007,59,6.17,27.53
198332,Active,594086,NA,NA,D,8,1,394070.7288,132.95,2009,46,12.93,38.99
198333,Active,1574720,NA,NA,S,9,1,259242.7713,97.95,2013,30,12.63,47.89
198334,Active,553598,NA,NA,S,11,1,1234921.72,37.8,2008,67,4,0
198335,Active,525902,NA,NA,S,2,1,1790566.568,36.67,2007,32,3.88,13.44
198336,Active,530242,NA,NA,D,3,1,166989.25,99.95,2011,52,5.98,28.94
198337,Active,543860,NA,NA,D,6,1,586398.2938,93.95,2012,39,6.16,55.41
198338,Active,567673,NA,NA,D,5,1,972544.1563,101.95,2008,40,4.38,22.1
198339,Active,569546,NA,NA,S,4,1,645942.1088,120.95,2002,91,4,5.91
198340,Active,530241,NA,NA,S,2,1,109964.7325,84.95,2012,45,24.03,53.95
198341,Active,169225,NA,NA,D,1,0,824789.0125,88.95,2006,71,4,15.94
198342,Active,290872,NA,NA,D,1,0,169803.4475,88.95,2006,108,4,19.06
198343,Active,920873,NA,NA,D,5,1,173919.6038,33.94,2004,98,4.06,13.98
198344,Active,923055,NA,NA,S,6,1,84594.87125,112.95,2007,150,4,11.98
198345,Active,1574729,NA,NA,S,4,1,108119.6463,99.95,2009,44,42.94,77.09
198346,Active,1573943,NA,NA,D,6,1,235621.695,113.95,2007,122,4,16.87
198347,Active,542028,NA,NA,S,4,1,36717.57,154.95,2009,85,38.99,67.93
198348,Active,569534,NA,NA,S,2,1,562166.9813,79.95,2001,77,4,12.29
198349,Active,582986,NA,NA,D,7,1,45116.1325,119.95,2011,80,9.33,53.42
198350,Active,863620,NA,NA,S,2,1,262510.4238,91.95,2008,23,39.18,0
198351,Active,914979,NA,NA,D,5,1,1302590.393,81.95,2009,29,4.41,37.92
198352,Active,530236,NA,NA,D,6,1,257671.2025,74.95,2012,35,4.28,40
198353,Active,634167,NA,NA,S,7,1,469898.145,54.8,2008,24,4.75,18.99
198354,Active,868238,NA,NA,S,6,1,448953.9988,45.6,2014,28,14.96,38.98
198355,Active,613803,NA,NA,S,5,1,367975.3388,45.6,2010,118,4,12.57
198356,Active,717148,NA,NA,S,5,1,873356.7475,45.6,2008,21,8.49,41.28
198357,Active,561127,NA,NA,D,9,1,243646.4913,45.6,2008,51,6.59,0
198358,Active,540597,NA,NA,S,9,1,436593.1075,44.2,2011,26,5.22,16.98
198359,Active,587707,NA,NA,S,5,1,215996.4688,97.95,2012,21,39.01,96.28
198360,Active,911195,NA,NA,S,4,1,1151872.66,81.95,2008,16,4.35,47.31
198361,Active,525325,NA,NA,S,12,1,235394.1575,54.6,2007,77,4.72,17.97
198362,Active,561374,NA,NA,S,13,1,109468.4538,50,2011,59,9.99,33.98
198363,Active,1455794,NA,NA,S,14,1,233898.8025,68,2015,21,23.64,25.59
198364,Active,620834,NA,NA,S,12,1,556841.4588,41.2,2007,40,4,29.49
198365,Active,606999,NA,NA,S,3,1,776615.7438,107,2008,23,11.49,68.99
198366,Active,766953,NA,NA,S,4,1,774756.8463,65.95,2011,25,6.69,28.99
198367,Active,916703,NA,NA,S,3,1,1936833.929,65.95,2006,28,4,28.87
198368,Active,862316,NA,NA,S,5,1,297813.4688,62.95,2014,20,36.8,53.33
198369,Active,1826581,NA,NA,S,6,1,703141.3075,78.95,2013,20,46.89,76.95
198370,Active,542277,NA,NA,S,5,1,953476.84,74.95,2010,35,4.39,17.99
198371,Active,1573961,NA,NA,D,4,1,3991423.756,74.95,2006,23,4.24,74.95
198372,Active,1598026,NA,NA,D,5,1,1702920.943,81.95,2010,26,4,13.57
198373,Active,330968,NA,NA,D,13,1,529480.915,71.95,2009,29,8.79,51.99
198374,Active,870357,NA,NA,D,9,1,850519.7025,171.95,2009,32,4,45.15
198375,Active,169228,NA,NA,D,8,1,994429.0938,172.95,2006,38,4,10.5
198376,Active,178877,NA,NA,D,7,1,156492.505,105.95,2010,54,4,10.62
198377,Active,630033,NA,NA,D,1,0,250605.9425,44.2,2010,48,4.98,33.98
198378,Active,898868,NA,NA,S,2,1,172266.6738,45.6,2014,17,41.27,39.98
198379,Active,626259,NA,NA,S,12,1,206070.5325,45.6,2010,70,4,0
198380,Active,1516965,NA,NA,S,13,1,107022,45.6,2013,16,15.89,15.94
198381,Active,872372,NA,NA,S,2,1,35793.38,45.6,2014,47,20.49,34.75
198382,Active,561331,NA,NA,S,1,0,409693.4213,45.6,2010,106,4,18.97
198383,Active,895441,NA,NA,S,13,1,841827.735,45.6,2014,23,21.21,39.1
198384,Active,166905,NA,NA,D,9,1,406455.9725,43.99,2006,33,9.41,43.83
198385,Active,200202,NA,NA,D,3,1,650884.34,73.95,2006,30,4.14,15
198386,Active,1777242,NA,NA,S,10,1,146677.545,71,2012,26,18.99,48.47
198387,Active,542907,NA,NA,D,4,1,798121.9863,82.95,2010,44,4.32,37.71
198388,Active,867386,NA,NA,S,5,1,62391.31875,64,2013,22,24.08,46.98
198389,Active,1466267,NA,NA,S,10,1,45090.125,44.26,2014,11,29.99,29.99
198390,Active,543953,NA,NA,S,6,1,123798.3838,83.5,2013,29,18.67,47.99
198391,Active,532209,NA,NA,D,4,1,1221263.676,15.99,2008,69,4,15.99
198392,Active,290203,NA,NA,D,5,1,496655.9288,27.89,2008,65,4,8.68
198393,Active,543954,NA,NA,S,6,1,184892.05,76.5,2013,13,55.46,60.37
198394,Active,628259,NA,NA,D,9,1,2057951.716,12,2009,28,4,12
198395,Active,1779056,NA,NA,S,11,1,106780.4038,75,2013,25,14.14,55.71
198396,Active,541709,NA,NA,D,10,1,377085.5225,52.28,2010,44,12.81,59.46
198397,Active,162967,NA,NA,S,4,1,639636.525,40.21,2011,33,5.22,40.25
198398,Active,544115,NA,NA,S,7,1,199539.4163,66.75,2013,36,45.6,53.13
198399,Active,339850,NA,NA,D,6,1,1391790.818,53.94,2008,45,39.92,69.79
198400,Active,537799,NA,NA,D,5,1,897291.885,73.99,2001,18,6.98,73.71
198401,Active,619363,NA,NA,D,2,1,404867.5313,116.5,2009,35,5.04,59.99
198402,Active,543375,NA,NA,D,9,1,103417.865,95.95,2011,50,4,45.41
198403,Active,567658,NA,NA,D,8,1,554111.455,105.95,2008,51,7.42,23.99
198404,Active,169451,NA,NA,S,1,0,584384.9288,76.95,2006,23,14.42,53.99
198405,Active,534831,NA,NA,S,6,1,209053.85,76.5,2012,12,39.19,39.49
198406,Active,594085,NA,NA,D,8,1,521816.59,121.95,2010,34,7.38,52.75
198407,Active,772683,NA,NA,S,1,0,1292509.419,110.95,2006,70,4,20.91
198408,Active,772563,NA,NA,D,1,0,1826118.524,68.95,2006,19,5.33,41.99
198409,Active,111268,NA,NA,S,6,1,447849.1763,99.75,2011,43,4,18.02
198410,Active,109701,NA,NA,D,9,1,1211450.895,113.25,2010,19,14.61,52.23
198411,Active,1516341,NA,NA,S,7,1,142977.36,52.6,2013,22,8.66,35.98
198412,Active,593511,NA,NA,S,4,1,387375.4588,44.99,2007,46,5.87,26.7
198413,Active,290647,NA,NA,D,1,0,36434.59125,125.73,2011,66,14.48,47.99
198414,Active,212485,NA,NA,S,5,1,696534.9975,81.4,2006,66,4,37.99
198415,Active,525937,NA,NA,S,6,1,176285.7938,66.8,2008,63,5.08,46.99
198416,Active,543169,NA,NA,S,4,1,446621.7538,68,2002,54,4,25.96
198417,Active,550886,NA,NA,S,11,1,246558.6588,124,2012,73,4.84,0
198418,Active,629954,NA,NA,S,14,1,91235.15,54.2,2011,17,37.18,62.99
198419,Active,183381,NA,NA,S,4,1,589206.8388,106.95,2006,62,4,18.63
198420,Active,528575,NA,NA,S,8,1,871638.7113,44.2,2009,26,4.48,73.79
198421,Active,631477,NA,NA,S,5,1,506996.8338,44.6,2011,60,4,21.96
198422,Active,612536,NA,NA,S,7,1,33971.98125,53.8,2013,40,37.73,46.9
198423,Active,613516,NA,NA,D,6,1,77589.95,64.8,2004,78,4,28.99
198424,Active,525935,NA,NA,S,3,1,393654.0375,57.95,2011,36,11.77,43.99
198425,Active,111222,NA,NA,D,6,1,558606.4463,68.87,2011,96,4.99,38.99
198426,Active,561373,NA,NA,S,13,1,150926.1013,39.25,2011,38,5.97,38.99
198427,Active,561375,NA,NA,S,13,1,250423.8588,64.6,2011,34,13.06,33.79
198428,Active,615813,NA,NA,S,5,1,825177.27,8.99,2008,49,4,0
198429,Active,254524,NA,NA,S,11,1,679248.3675,52.95,2011,75,4,13.43
198430,Active,525933,NA,NA,S,6,1,1974562.806,53.71,2006,33,3.99,53.71
198431,Active,3633906,NA,NA,S,11,1,387100.1,148.75,2013,38,40.34,43.99
198432,Active,545006,NA,NA,S,2,1,469753.3013,40,2010,38,20.49,35.45
198433,Active,639854,NA,NA,S,6,1,72412.205,55,2012,34,11.99,0
198434,Active,593625,NA,NA,S,7,1,1158975.451,53,2010,58,4,18.49
198435,Active,533599,NA,NA,S,7,1,1030227.039,87.25,2010,63,4,21.49
198436,Active,525927,NA,NA,S,4,1,165776.8888,53.99,2011,43,28.78,53.98
198437,Active,525926,NA,NA,S,2,1,87431.6125,58.99,2011,74,9.88,32.62
198438,Active,916591,NA,NA,S,1,0,510837.115,40,2005,46,5.07,52.11
198439,Active,800073,NA,NA,S,1,0,1199930.984,35.95,2004,40,4,9.4
198440,Active,868054,NA,NA,D,3,1,4943934.559,66,2001,14,4.03,16.1
198441,Active,121370,NA,NA,S,7,1,149391.9675,74.4,2009,104,8.08,13.98
198442,Active,592496,NA,NA,D,6,1,767668.0738,235.95,2007,34,4,18.79
198443,Active,609479,NA,NA,D,5,1,1791815.223,134.95,2004,32,4,22.9
198444,Active,169413,NA,NA,D,3,1,2073425.623,111.95,2007,22,4,60.93
198445,Active,608618,NA,NA,S,12,1,1401265.008,68.95,2004,25,4.27,20
198446,Active,1982626,NA,NA,S,1,0,405279.535,29.95,2014,18,18.11,24.97
198447,Active,553821,NA,NA,S,3,1,301140.1588,37.8,2010,39,3.98,15.47
198448,Active,539239,NA,NA,D,9,1,498728.6825,45.2,2011,42,5.84,15.99
198449,Active,655044,NA,NA,D,4,1,250724.1488,47.8,2013,34,15.84,23.93
198450,Active,423029,NA,NA,S,3,1,788637.23,37.2,2010,55,4,14.88
198451,Active,525911,NA,NA,S,3,1,338380.5213,90,2012,37,9.19,76
198452,Active,610075,NA,NA,S,10,1,51752.8775,115.95,2013,35,51.97,57.29
198453,Active,530504,NA,NA,D,9,1,441279.6138,122.95,2009,46,19.27,97.37
198454,Active,895683,NA,NA,S,3,1,305619.385,85.2,2014,17,34.65,53.99
198455,Active,540561,NA,NA,S,2,1,244898.9363,40.2,2009,126,4,5
198456,Active,867098,NA,NA,S,3,1,66453.1875,42.6,2014,53,6.76,22.89
198457,Active,530876,NA,NA,S,10,1,70890.075,64.95,2010,21,43.99,75.43
198458,Active,211035,NA,NA,S,6,1,340665.4388,27.95,2010,98,4,11.99
198459,Active,658251,NA,NA,S,5,1,81813.1,39.95,2012,15,25.97,28.97
198460,Active,481278,NA,NA,D,4,1,1953849.915,49,2006,41,4,18.95
198461,Active,741959,NA,NA,D,5,1,1328463.553,62.13,2009,35,4.25,13.99
198462,Active,868605,NA,NA,S,4,1,87319.31375,39.95,2015,17,16.91,29.85
198463,Active,499548,NA,NA,D,3,1,473737.505,40.95,2010,57,7.45,58.49
198464,Active,587701,NA,NA,S,5,1,362488.5075,59.95,2012,16,40.29,50.53
198465,Active,643938,NA,NA,S,3,1,282698.27,60.2,2009,19,41.99,0
198466,Active,806957,NA,NA,D,3,1,2528268.816,59.95,2006,15,5.79,0
198467,Active,663498,NA,NA,S,2,1,811500.7488,63.95,2013,29,9.58,23.99
198468,Active,1879691,NA,NA,S,10,1,334537.3188,85.95,2008,62,4.95,43.94
198469,Active,871551,NA,NA,S,2,1,457014.3113,72.95,2012,43,38.99,61.39
198470,Active,525919,NA,NA,D,6,1,187671.6875,62.95,2010,39,13.98,67.58
198471,Active,1943658,NA,NA,S,11,1,33418.51125,49.95,2014,30,11.24,32.17
198472,Active,1453462,NA,NA,S,3,1,193359.7625,58,2014,54,5.23,25.98
198473,Active,635621,NA,NA,S,6,1,613142.1075,54.2,2012,24,4.52,37.98
198474,Active,916979,NA,NA,S,5,1,1211735.166,48.2,2009,32,4.19,6.99
198475,Active,525923,NA,NA,S,3,1,40756.125,100.2,2012,101,8.47,33.99
198476,Active,632098,NA,NA,S,3,1,365955.8775,43,2012,33,5.31,12
198477,Active,644545,NA,NA,S,3,1,167410.4588,43,2012,46,5.97,35.99
198478,Active,628696,NA,NA,S,7,1,718591.4638,33.95,2010,33,4,15.89
198479,Active,1519378,NA,NA,S,8,1,86219.005,44.95,2014,17,30.95,37.85
198480,Active,534056,NA,NA,D,6,1,1214122.306,65.64,2004,24,4.19,43.98
198481,Active,1574705,NA,NA,S,4,1,1313739.488,59.95,2008,16,4.63,46.03
198482,Active,578952,NA,NA,S,4,1,390513.205,29.95,2010,123,4,8.54
198483,Active,525917,NA,NA,S,3,1,459576.495,41.99,2012,112,4.72,30.99
198484,Active,618722,NA,NA,S,5,1,248383.8875,106.75,2013,86,5.93,33.94
198485,Active,860196,NA,NA,S,3,1,1631507.596,112.95,2010,14,19.19,62.8
198486,Active,646430,NA,NA,S,0,0,32829.875,54.95,2009,23,27.97,41.82
198487,Active,525912,NA,NA,D,10,1,286046.7838,47.95,2011,116,4.45,21.69
198488,Active,614524,NA,NA,S,9,1,649164.6338,37.95,2008,60,4,11.86
198489,Active,57209,NA,NA,D,8,1,211992.2225,58.2,2009,99,4.39,35.2
198490,Active,661230,NA,NA,S,1,0,19887.9,38.95,2010,17,33.81,29.94
198491,Active,876489,NA,NA,D,0,0,2827629.44,7.89,2005,31,4,7.89
198492,Active,50030,NA,NA,D,5,1,131162.9488,96.4,2007,83,4,17.64
198493,Active,197659,NA,NA,S,4,1,1018947.308,65.47,2005,28,11.5,50.59
198494,Active,877935,NA,NA,D,12,1,1770421.794,286.45,2010,17,4,33.94
198495,Active,130784,NA,NA,D,13,1,99975.8825,131.6,2011,127,13.56,16.05
198496,Active,54928,NA,NA,D,12,1,409205.595,102,2009,54,4,52.25
198497,Active,132748,NA,NA,S,12,1,1313515.45,93.33,2008,45,4,72.99
198498,Active,54929,NA,NA,D,11,1,1967133.719,99.2,2006,55,4,6.99
198499,Active,552401,NA,NA,S,10,1,437000.3538,93,2005,66,4,23.7
198500,Active,553702,NA,NA,S,11,1,74987.8775,90.6,2008,80,4,28.94
198501,Active,868700,NA,NA,D,1,0,1360971.418,45,2006,39,4.99,66.91
198502,Active,272522,NA,NA,D,2,1,99664.47375,77.95,2009,63,6.99,38.99
198503,Active,633762,NA,NA,S,12,1,45062.515,33.14,2013,47,10.85,18.94
198504,Active,54927,NA,NA,S,11,1,118763.1763,13.95,2009,111,4,9.74
198505,Active,620592,NA,NA,S,2,1,72416.65,38,2010,24,25.34,26.99
198506,Active,616193,NA,NA,S,2,1,90205.38375,97.2,2008,41,30.9,63.97
198507,Active,617629,NA,NA,D,4,1,145536.52,106.6,2011,42,4.19,28.98
198508,Active,553725,NA,NA,D,3,1,459444.8288,83.8,2008,63,4,13.99
198509,Active,867145,NA,NA,S,5,1,84497.3625,112,2014,41,20.1,50.63
198510,Active,1517179,NA,NA,S,6,1,407157.85,45.6,2014,21,35.61,44.99
198511,Active,764361,NA,NA,S,5,1,723019.11,121.95,2003,28,18.77,91.35
198512,Active,525908,NA,NA,S,7,1,30979.31625,73.16,2011,39,34.04,74.65
198513,Active,624840,NA,NA,S,4,1,503948.8013,45.6,2001,31,7.07,37.24
198514,Active,1535877,NA,NA,S,1,0,81729.275,62.5,2014,23,24.58,45.82
198515,Active,561518,NA,NA,S,5,1,293008.9425,45.6,2012,21,24.09,37.95
198516,Active,644553,NA,NA,S,6,1,388578.0038,45.6,2012,17,26.8,45.6
198517,Active,561506,NA,NA,D,11,1,657406.6213,44.2,2012,32,4,0
198518,Active,2485517,NA,NA,S,10,1,551595.8213,45.6,2015,10,31.64,41.99
198519,Active,635544,NA,NA,S,5,1,168320.8713,45.6,2013,23,24.1,0
198520,Active,1517772,NA,NA,S,11,1,254084.3038,45.6,2015,19,35.74,43.75
198521,Active,434952,NA,NA,S,3,1,109749.8038,45.6,2010,97,8.94,18.79
198522,Active,742751,NA,NA,S,3,1,1273448.228,45.6,2013,26,8.99,23.99
198523,Active,1517591,NA,NA,S,5,1,378008.2338,45.6,2015,14,39.69,39.69
198524,Active,625612,NA,NA,S,6,1,223556.3688,45.6,2013,26,7.98,23.34
198525,Active,540596,NA,NA,D,9,1,152955.245,44.2,2011,70,4.18,31.84
198526,Active,632449,NA,NA,S,5,1,590250.2188,45.6,2012,36,4.97,0
198527,Active,1517136,NA,NA,S,3,1,200192.2638,48.8,2014,16,36.11,38.61
198528,Active,633728,NA,NA,S,12,1,102849.25,45.6,2013,36,10.85,0
198529,Active,561187,NA,NA,S,11,1,426892.8675,40,2009,159,4,0
198530,Active,561365,NA,NA,S,8,1,1054070.183,44.2,2011,23,4.68,45.6
198531,Active,1517147,NA,NA,S,6,1,115349.25,45.6,2014,23,29.24,35.54
198532,Active,1458796,NA,NA,S,7,1,984038.7,49,2010,25,4.53,109.41
198533,Active,561220,NA,NA,D,8,1,279726.9238,40,2009,59,4,42.25
198534,Active,661635,NA,NA,S,3,1,102033.05,44.2,2013,18,31.74,38.67
198535,Active,540614,NA,NA,S,4,1,344677.255,44.2,2012,37,4.39,36.83
198536,Active,868034,NA,NA,D,2,1,1135157.891,68.35,2009,17,4,42.5
198537,Active,632082,NA,NA,D,3,1,670551.7688,43.99,2012,38,4,43.14
198538,Active,741015,NA,NA,S,8,1,1343027.375,36.67,2007,59,4,0
198539,Active,1517232,NA,NA,S,11,1,144348.65,45.6,2014,12,31.47,39.89
198540,Active,116888,NA,NA,S,6,1,608306.785,46.67,2005,29,6.14,64.1
198541,Active,3473849,NA,NA,S,9,1,4684,160,2016,22,86.41,148.43
198542,Active,615198,NA,NA,S,4,1,214789.1838,45.6,2009,57,6.04,0
198543,Active,633727,NA,NA,S,4,1,154861.2,45.6,2013,28,5.5,31.99
198544,Active,639786,NA,NA,D,3,1,787398.5563,45.6,2012,26,4.08,0
198545,Active,540627,NA,NA,S,4,1,207084.6038,45.6,2012,55,6.97,0
198546,Active,561306,NA,NA,S,11,1,734201.4838,38.67,2010,74,4,23.97
198547,Active,540720,NA,NA,S,12,1,40924.2175,45.6,2012,60,6.1,26.24
198548,Active,655502,NA,NA,S,2,1,664512.5363,45.6,2011,22,25.09,0
198549,Active,627363,NA,NA,S,2,1,567106.6438,45.6,2011,29,7.19,0
198550,Active,1516655,NA,NA,S,4,1,182972.4713,45.6,2013,26,8.89,39.08
198551,Active,1470390,NA,NA,D,8,1,1016616.149,59.5,2009,17,29.58,75.03
198552,Active,2472306,NA,NA,D,5,1,888863.34,70.95,1997,48,6.09,48.49
198553,Active,788380,NA,NA,D,4,1,1151784.91,95.95,2003,18,5.97,34.79
198554,Active,1864488,NA,NA,D,5,1,688519.5013,90.95,2008,36,9.2,68.92
198555,Active,603260,NA,NA,S,28,1,3873351.03,159,2011,16,5.89,21.03
198556,Active,116059,NA,NA,S,2,1,815980.0075,147.8,2006,31,4.28,22.8
198557,Active,114379,NA,NA,S,1,0,51691.575,147.8,2006,29,51.67,114.41
198558,Active,539203,NA,NA,S,7,1,64703.26625,190.8,2008,43,43.99,142.98
198559,Active,51777,NA,NA,D,7,1,166795.9663,118.67,2004,78,4.38,35.99
198560,Active,561233,NA,NA,S,2,1,271626.79,40.2,2009,177,4,6
198561,Active,867097,NA,NA,S,3,1,31701.15875,42.6,2014,37,4.49,0
198562,Active,599661,NA,NA,D,3,1,3950761.461,95,2004,23,4.99,70.35
198563,Active,268818,NA,NA,D,4,1,441596.1888,95,2009,64,4.2,8.17
198564,Active,265882,NA,NA,S,6,1,320286.135,132,2003,29,4,18.99
198565,Active,270015,NA,NA,D,7,1,305609.62,201,2008,118,7.49,42.49
198566,Active,1476472,NA,NA,S,2,1,2483539.591,49.95,2014,17,16,20.67
198567,Active,145689,NA,NA,D,6,1,2068503.608,86.4,2007,27,4,11.86
198568,Active,133064,NA,NA,D,7,1,261355.8863,124.2,2010,38,16.54,73.99
198569,Active,525897,NA,NA,S,7,1,823826.835,51.95,2002,42,4,10.49
198570,Active,155225,NA,NA,S,6,1,2570380.774,53.95,1997,32,4,19.97
198571,Active,525896,NA,NA,S,8,1,178193.4963,115.95,2010,33,13.98,59.47
198572,Active,183654,NA,NA,S,5,1,247624.5875,36.4,2007,49,7.76,7.86
198573,Active,500070,NA,NA,S,7,1,95389.695,147.95,2010,51,11.96,66.47
198574,Active,111495,NA,NA,S,13,1,884968.2788,84.55,2011,34,5.72,52.24
198575,Active,538628,NA,NA,D,4,1,12837.3775,196.75,2013,62,32.99,73.99
198576,Active,525928,NA,NA,D,3,1,34892.3325,100.99,2010,71,7.94,64
198577,Active,109297,NA,NA,D,2,1,160476.0525,18.99,2007,78,4,28.72
198578,Active,613354,NA,NA,S,5,1,1309075.511,67.6,2006,37,4.34,23.98
198579,Active,540734,NA,NA,S,4,1,242124.4425,77.6,2013,35,13.55,55.99
198580,Active,655503,NA,NA,D,11,1,645046.0363,102.4,2011,33,7.29,47.45
198581,Active,742979,NA,NA,D,11,1,369748.33,102.4,2011,26,3.43,23.49
198582,Active,607394,NA,NA,S,11,1,1991567.636,51.4,2006,21,5.44,38.49
198583,Active,561226,NA,NA,S,7,1,395919.43,62.6,2009,27,12.69,0
198584,Active,631620,NA,NA,S,7,1,585290.3088,62.6,2009,37,9.46,0
198585,Active,647763,NA,NA,S,7,1,358455.3663,81.4,2013,33,32.44,67.48
198586,Active,870497,NA,NA,S,6,1,860504.9413,67.53,2010,30,5.92,55.49
198587,Active,552452,NA,NA,S,3,1,795933.55,52.4,2006,49,4,16.48
198588,Active,616038,NA,NA,S,4,1,122900.6563,50.8,2009,34,18.95,28.99
198589,Active,561722,NA,NA,S,8,1,29364.7275,36.95,2012,183,5.91,20.49
198590,Active,1535844,NA,NA,S,1,0,38873.825,125,2014,15,26.74,81.38
198591,Active,544193,NA,NA,S,5,1,80507.01125,150.95,2012,123,18.28,27.93
198592,Active,413378,NA,NA,S,1,0,1215204.535,76.95,2001,39,4,28.99
198593,Active,567458,NA,NA,S,4,1,392274.7613,157.95,2009,29,4.32,51.05
198594,Active,621894,NA,NA,D,1,0,110926.825,44.5,2012,68,6.05,21.99
198595,Active,525892,NA,NA,S,3,1,83497.94875,80.2,2009,94,14.59,62.03
198596,Active,212382,NA,NA,D,1,0,229151.1263,80.2,2005,48,5.09,51.54
198597,Active,212384,NA,NA,D,2,1,1331013.466,53.8,2005,24,4.82,54.48
198598,Active,535826,NA,NA,S,11,1,19670.1475,212.5,2013,31,23.99,69.62
198599,Active,169493,NA,NA,D,6,1,2463347.294,142.95,2007,31,4,14.29
198600,Active,125930,NA,NA,S,4,1,839110.0063,49.95,2002,73,4.36,25.71
198601,Active,161671,NA,NA,S,9,1,478078.2163,17.47,2007,110,4,13.43
198602,Active,704895,NA,NA,S,4,1,2260723.636,68.55,2000,28,4.4,46.27
198603,Active,297850,NA,NA,S,5,1,37475.95,75,2009,162,5.44,27.46
198604,Active,527491,NA,NA,S,10,1,256921.9225,44.99,2010,66,4.9,39.45
198605,Active,530675,NA,NA,D,2,1,146784.6425,90.2,2009,88,4.93,56.15
198606,Active,613900,NA,NA,D,6,1,116900.5325,129.2,2010,72,7.29,30.25
198607,Active,552728,NA,NA,D,5,1,180640.2475,115.4,2006,100,4,25.94
198608,Active,873061,NA,NA,S,4,1,1689637.094,29.94,2007,39,5.59,14.83
198609,Active,111150,NA,NA,S,14,1,598897.5475,73.41,2010,29,16.33,67.94
198610,Active,1826978,NA,NA,S,21,1,113744.3638,100.95,2013,31,31.43,77.99
198611,Active,148674,NA,NA,S,19,1,2060045.013,102.95,2007,33,4,7.48
198612,Active,1455081,NA,NA,S,13,1,992985.4763,72.4,2015,28,5.45,67.66
198613,Active,865460,NA,NA,S,14,1,140666.1838,106,2014,24,9.9,100.37
198614,Active,553171,NA,NA,D,12,1,129405.395,72.4,2012,54,4,0
198615,Active,553172,NA,NA,S,12,1,621972.4738,72.4,2012,51,4,0
198616,Active,111494,NA,NA,S,13,1,815628.2175,51.11,2011,40,3.88,53.23
198617,Active,544695,NA,NA,S,25,1,354397.7325,65.95,2013,38,4.49,35.99
198618,Active,525887,NA,NA,S,24,1,972541.5125,65.95,2011,32,10.04,28.99
198619,Active,562166,NA,NA,S,10,1,3195637.376,72.95,2009,11,4.98,54.91
198620,Active,525881,NA,NA,S,14,1,595958.5413,59.95,2012,25,10.11,43.98
198621,Active,609639,NA,NA,S,4,1,826350.4013,98.95,2009,25,14.74,110.48
198622,Active,553088,NA,NA,S,9,1,1485318.356,49,2011,37,4,18.16
198623,Active,525879,NA,NA,S,6,1,749468.4075,29.95,2010,64,4,11.94
198624,Active,371477,NA,NA,S,6,1,1336768.316,71.95,2011,18,5.14,47.9
198625,Active,516533,NA,NA,D,7,1,460342.9913,58.95,2009,53,4.48,27.24
198626,Active,147331,NA,NA,S,6,1,1609321.253,61.95,2006,23,4,0
198627,Active,540957,NA,NA,D,8,1,315218.24,59.95,2012,38,11.75,25.99
198628,Active,608463,NA,NA,S,5,1,2178048.865,85.95,2008,15,9.1,14.51
198629,Active,562229,NA,NA,S,9,1,2444207.568,62.95,2009,18,7.65,111.39
198630,Active,914960,NA,NA,S,10,1,536854.39,56.95,2010,24,4.68,10.98
198631,Active,562230,NA,NA,S,9,1,2715006.728,62.95,2009,24,4,16.98
198632,Active,913329,NA,NA,S,7,1,1716364.749,90.95,2010,39,4,30.99
198633,Active,542053,NA,NA,S,5,1,593936.33,84.95,2010,23,17.96,53.99
198634,Active,492118,NA,NA,S,6,1,421228.265,97.95,2011,75,5.42,58.59
198635,Active,525875,NA,NA,S,7,1,742231.9638,34.95,2010,96,3.86,7.69
198636,Active,561699,NA,NA,S,0,0,761232.5413,29.95,2009,56,4,0
198637,Active,288891,NA,NA,D,10,1,3458648.696,73.95,2005,21,4,49.09
198638,Active,525801,NA,NA,S,9,1,558687.5288,80.95,2011,37,8.99,68.71
198639,Active,540584,NA,NA,S,5,1,796374.2138,44.6,2010,22,5.09,71.2
198640,Active,434923,NA,NA,S,9,1,848579.5375,45.8,2010,39,4.35,14.07
198641,Active,587662,NA,NA,S,16,1,884014.8238,60.95,2012,35,6.77,13.99
198642,Active,570578,NA,NA,S,8,1,671100.9038,59.95,2010,18,11.91,59.95
198643,Active,572326,NA,NA,S,7,1,2699151.059,66.95,2007,20,4.35,13.97
198644,Active,525871,NA,NA,S,4,1,1022619.696,95.95,2009,23,36.01,40.01
198645,Active,477634,NA,NA,S,3,1,1425163.155,80.95,2004,23,8.48,54.81
198646,Active,525870,NA,NA,S,11,1,322830.4288,61.95,2012,38,6.42,55.62
198647,Active,544757,NA,NA,S,14,1,149300.205,66.95,2013,47,36.57,69.9
198648,Active,545701,NA,NA,S,13,1,6496.06625,38.99,2013,47,17.67,20.83
198649,Active,204093,NA,NA,S,12,1,185874.8713,35.99,2009,187,4,11.18
198650,Active,525869,NA,NA,S,8,1,467792.1488,73.95,2010,29,34.57,72.99
198651,Active,60718,NA,NA,S,7,1,2177498.589,52.95,2007,21,4,42.09
198652,Active,436050,NA,NA,D,10,1,586161.6713,38.95,2005,48,4,8.17
198653,Active,178660,NA,NA,S,12,1,283779.6775,60.95,2011,34,25.36,144.43
198654,Active,716323,NA,NA,S,8,1,162390.4713,58.8,2012,29,7.18,29.04
198655,Active,608089,NA,NA,D,11,1,565986.4538,67.95,2008,51,5.48,44.99
198656,Active,609328,NA,NA,D,6,1,147122.93,83.4,2002,182,4,12.99
198657,Active,51771,NA,NA,D,7,1,71324.17875,81.6,2005,119,4,43.73
198658,Active,51772,NA,NA,D,8,1,54849.42,82.2,2007,181,4,32.04
198659,Active,664409,NA,NA,S,10,1,10059.48,81.2,2013,48,23.68,42.99
198660,Active,639657,NA,NA,S,1,0,63610.85,77,2013,29,31.94,43.99
198661,Active,902520,NA,NA,S,3,1,1120334.276,49.95,2009,20,4.7,38.99
198662,Active,252665,NA,NA,D,5,1,139218.8375,63.49,2010,100,7.04,20.99
198663,Active,2374563,NA,NA,S,4,1,2496182.048,57.4,2003,19,4.19,4.58
198664,Active,561340,NA,NA,S,2,1,505671.7925,79,2010,38,4.33,14.99
198665,Active,561387,NA,NA,D,12,1,196594.2013,90.6,2011,75,6.37,24.99
198666,Active,540681,NA,NA,D,3,1,97710.4425,95.4,2013,38,21.18,48.99
198667,Active,615311,NA,NA,D,1,0,1556568.98,70.4,2008,41,4,31.94
198668,Active,592343,NA,NA,D,7,1,1672171.213,35.95,2007,40,4,5.88
198669,Active,254013,NA,NA,D,8,1,636239.3388,44.95,2011,55,4,27.98
198670,Active,865441,NA,NA,S,9,1,100539.07,45.95,2014,24,29.44,39.35
198671,Active,346425,NA,NA,S,12,1,1237216.621,84.95,2009,26,4,46.49
198672,Active,649944,NA,NA,S,12,1,541434.7575,91.95,2011,30,9.18,75.75
198673,Active,484058,NA,NA,S,4,1,727119.9025,76.95,2010,39,4.31,13.94
198674,Active,608480,NA,NA,S,11,1,240750.7763,62.95,2010,18,10.48,22.76
198675,Active,570470,NA,NA,S,8,1,198156.4413,63.95,2011,25,18.99,58.46
198676,Active,569627,NA,NA,S,7,1,4549380.14,100.95,2005,16,4.73,45.67
198677,Active,525866,NA,NA,S,4,1,1414457.381,95.95,2010,41,4,17.98
198678,Active,544367,NA,NA,S,5,1,46246.355,87.95,2013,37,18.94,54.09
198679,Active,245202,NA,NA,D,3,1,1249146.416,119.95,2005,70,4,9.82
198680,Active,525081,NA,NA,D,4,1,774873.7425,108.95,2009,109,4.02,16.12
198681,Active,531259,NA,NA,S,7,1,244211.2688,5.38,2007,89,4,10.98
198682,Active,534838,NA,NA,S,8,1,210274.405,41,2011,72,6.24,8.98
198683,Active,595609,NA,NA,S,6,1,109277.8875,41.75,2012,88,4,16.24
198684,Active,300464,NA,NA,S,4,1,56005.63875,37.99,2011,44,15.75,0
198685,Active,525805,NA,NA,S,3,1,830940.8763,58.95,2010,20,29.16,53.87
198686,Active,540592,NA,NA,S,13,1,80321.025,44,2011,21,12.37,33.99
198687,Active,612169,NA,NA,S,17,1,276608.0013,56.6,2013,28,7.96,45.26
198688,Active,716084,NA,NA,S,6,1,1091475.634,54.2,2012,23,4.98,53.45
198689,Active,871946,NA,NA,S,4,1,1065251.426,60.8,2006,34,4.48,66.42
198690,Active,561181,NA,NA,S,5,1,368769.6988,60.8,2009,46,4,16.24
198691,Active,540652,NA,NA,S,6,1,196514.9875,64.2,2012,41,18.41,44.68
198692,Active,545713,NA,NA,S,3,1,44231.4,36.99,2012,13,29.98,30.77
198693,Active,204091,NA,NA,S,7,1,344144.9238,30.99,2009,91,4,12.12
198694,Active,367138,NA,NA,S,3,1,166037.1813,31.99,2010,159,4,11.99
198695,Active,1956341,NA,NA,S,3,1,529287.5363,41,2012,23,8.22,32.66
198696,Active,629211,NA,NA,S,9,1,81746.73625,40.5,2012,60,11.15,36.25
198697,Active,525865,NA,NA,S,8,1,1345285.43,89.95,2012,24,6.56,88.15
198698,Active,895350,NA,NA,S,8,1,248004.1188,53.6,2014,18,40.58,47.29
198699,Active,633137,NA,NA,S,7,1,1154596.509,53.6,2011,16,5.89,73.89
198700,Active,525864,NA,NA,D,6,1,618319.1713,46.95,2010,52,6.06,33.92
198701,Active,715951,NA,NA,S,6,1,1319041.49,56.6,2012,19,38.62,55.55
198702,Active,525863,NA,NA,S,5,1,260264.1588,35.95,2009,45,4.98,19.99
198703,Active,652410,NA,NA,S,6,1,63669.55625,43.95,2013,29,28.41,33.89
198704,Active,715947,NA,NA,D,6,1,1822482.528,54.2,2012,24,4,57.41
198705,Active,525862,NA,NA,S,6,1,679241.4238,29.95,2010,83,4,10.94
198706,Active,545916,NA,NA,S,4,1,16820,35.95,2013,44,11.98,27.97
198707,Active,765367,NA,NA,S,8,1,370649.4488,104.95,2000,32,5.07,64.77
198708,Active,2381183,NA,NA,S,3,1,4369864.099,118.69,1995,22,4,30
198709,Active,874013,NA,NA,D,7,1,2269059.821,9.75,2005,23,5.47,9.75
198710,Active,607959,NA,NA,D,8,1,555420.6788,60.2,2008,47,5.8,22.99
198711,Active,203856,NA,NA,S,6,1,698605.9263,27.95,2006,119,4,5.17
198712,Active,204157,NA,NA,S,7,1,112012.6613,31.99,2010,189,4,9.59
198713,Active,868590,NA,NA,S,8,1,11374.665,36.99,2014,44,18.33,19.99
198714,Active,147544,NA,NA,S,7,1,632707.46,29.95,2008,210,4,4.93
198715,Active,525784,NA,NA,S,7,1,127227.2313,36.99,2012,29,8.2,0
198716,Active,905175,NA,NA,S,2,1,104117.83,32.95,2014,30,10.48,18.33
198717,Active,544690,NA,NA,S,7,1,1886994.284,70.95,2013,32,4.53,32.99
198718,Active,567691,NA,NA,S,5,1,2737694.825,74.95,2008,25,4,21.94
198719,Active,525859,NA,NA,S,7,1,1497799.043,85.95,2012,20,42.63,87.95
198720,Active,868363,NA,NA,D,9,1,549112.125,121.95,2008,38,4.67,23.94
198721,Active,587708,NA,NA,S,10,1,487454.9875,127.95,2012,87,22.64,87.11
198722,Active,540634,NA,NA,D,4,1,227351.7738,87.6,2012,42,4.98,47.76
198723,Active,212397,NA,NA,S,2,1,2425939.211,73.6,2006,37,4,22.81
198724,Active,561218,NA,NA,S,3,1,1021091.155,77.6,2009,33,4.4,12
198725,Active,1574052,NA,NA,S,7,1,1089437.194,66.95,2006,45,4,13.98
198726,Active,542031,NA,NA,S,4,1,2336895.304,54.95,2009,27,6.5,8.49
198727,Active,148350,NA,NA,D,30,1,1304665.679,39.95,2006,19,4,90.91
198728,Active,481223,NA,NA,S,4,1,3637686.44,31.2,1998,30,4.23,38.34
198729,Active,609324,NA,NA,D,6,1,1394121.713,46,2003,61,4,7.55
198730,Active,434811,NA,NA,D,8,1,503376.51,85,2010,51,6.28,28.99
198731,Active,561266,NA,NA,D,5,1,1946333.859,46.8,2009,16,4.48,72.69
198732,Active,870437,NA,NA,S,6,1,560231.0925,58.8,2011,20,21,87.24
198733,Active,858146,NA,NA,S,9,1,1121015.051,53.6,2011,18,28.97,109.35
198734,Active,906691,NA,NA,S,4,1,413134.2225,46.75,2013,16,27.22,43.75
198735,Active,435250,NA,NA,S,7,1,705008.3988,34.95,2012,42,5.44,16.99
198736,Active,410096,NA,NA,S,3,1,838192.4525,31.95,2008,20,4.99,0
198737,Active,867750,NA,NA,S,7,1,56509.11,40.95,2014,40,19.64,33.96
198738,Active,2256931,NA,NA,D,6,1,1332986.053,47.98,2010,63,9.98,47.98
198739,Active,249080,NA,NA,S,5,1,1000800.891,31.95,2007,76,4,13.96
198740,Active,389215,NA,NA,D,6,1,102269.5725,37.95,2010,71,5.8,20.99
198741,Active,254016,NA,NA,S,5,1,341741.21,34.95,2011,50,7.1,36.99
198742,Active,626220,NA,NA,D,4,1,215315.145,92.4,2011,36,5.78,43.89
198743,Active,561410,NA,NA,D,4,1,1111184.253,75,2010,34,4.99,36.98
198744,Active,717092,NA,NA,D,3,1,1009013.233,69.2,2008,37,4,18.99
198745,Active,658051,NA,NA,S,2,1,556819.0963,36.25,2013,18,18.34,61.81
198746,Active,861000,NA,NA,S,12,1,410158.81,57.95,2012,25,24.63,44.63
198747,Active,525853,NA,NA,S,6,1,377382.5675,117.95,2012,51,11.54,53.97
198748,Active,913818,NA,NA,S,10,1,395194.655,96.95,2009,30,4.99,105.36
198749,Active,346178,NA,NA,S,8,1,1789843.656,90.95,2007,32,4,10.12
198750,Active,346458,NA,NA,S,9,1,1178456.115,84.95,2010,42,4,53.04
198751,Active,525852,NA,NA,S,9,1,400790.1288,84.95,2012,38,4.83,28.47
198752,Active,525931,NA,NA,S,7,1,744507.5838,44.95,2010,93,4,9.59
198753,Active,664306,NA,NA,S,8,1,281258.6988,46.95,2013,88,7.85,18.99
198754,Active,178284,NA,NA,D,6,1,975608.15,144.95,2005,48,4,39.97
198755,Active,567541,NA,NA,D,7,1,953413.4075,131.95,2008,51,4,34.58
198756,Active,525851,NA,NA,S,11,1,2331599.613,104.95,2011,22,5.18,59.71
198757,Active,1956417,NA,NA,S,10,1,75403.7,54.25,2012,30,12.54,33.98
198758,Active,644446,NA,NA,S,5,1,407171.1038,76.95,2013,32,6.58,39.94
198759,Active,594796,NA,NA,S,4,1,1043251.108,39.99,2012,20,7.89,12.43
198760,Active,607386,NA,NA,S,5,1,180492.0538,46.67,2008,26,15.52,113.33
198761,Active,595597,NA,NA,S,3,1,275293.4963,57.75,2012,39,9.99,38.43
198762,Active,539615,NA,NA,S,7,1,1141603.234,47.6,2010,25,4.96,0
198763,Active,607365,NA,NA,D,4,1,2009940.254,46.67,2005,32,4,72.89
198764,Active,918069,NA,NA,S,5,1,201619.7913,56.6,2014,62,5.23,36.99
198765,Active,553189,NA,NA,S,4,1,691187.695,53.6,2012,67,4,18.98
198766,Active,664371,NA,NA,S,11,1,446027.8438,54.2,2013,21,8.44,48.87
198767,Active,252608,NA,NA,S,2,1,753291.2688,1.07,2009,58,4,12.99
198768,Active,595602,NA,NA,S,8,1,230662.7713,0,2012,25,15.96,178.27
198769,Active,550826,NA,NA,D,19,1,156113.7313,43.18,2011,59,9.1,18.99
198770,Active,148393,NA,NA,S,4,1,1176137.506,75.95,2006,61,4,44.97
198771,Active,533855,NA,NA,S,6,1,281031.1538,61.95,2011,42,4,37.62
198772,Active,867529,NA,NA,S,7,1,325828.95,65.95,2014,31,38.37,58.94
198773,Active,148389,NA,NA,D,4,1,1502835.004,75.95,2006,35,4,50.85
198774,Active,525848,NA,NA,D,6,1,146065.515,61.95,2011,30,9.5,43.98
198775,Active,562095,NA,NA,D,5,1,412678.75,68.95,2008,28,4,60.59
198776,Active,148390,NA,NA,S,4,1,1893445.234,75.95,2006,31,4.2,44.03
198777,Active,562094,NA,NA,S,5,1,1145665.06,68.95,2008,30,4,24.49
198778,Active,867527,NA,NA,S,7,1,23569.6325,65.95,2014,39,38.35,48.99
198779,Active,536173,NA,NA,D,6,1,167848.4338,61.95,2011,69,8.89,56.79
198780,Active,148391,NA,NA,D,4,1,530850.1138,75.95,2006,46,4,22.23
198781,Active,540964,NA,NA,S,4,1,452349.3363,42.95,2011,92,4,11.75
198782,Active,867188,NA,NA,S,5,1,80937.9175,42.95,2013,47,12.84,24.99
198783,Active,525775,NA,NA,S,3,1,672645.74,35.95,2008,75,4,11.36
198784,Active,534661,NA,NA,S,4,1,44057.7125,42.95,2012,52,18.92,35.65
198785,Active,561710,NA,NA,S,8,1,650161.5975,29.95,2010,25,4.79,45.8
198786,Active,525845,NA,NA,S,9,1,572255.9338,62.95,2011,29,13.99,16.39
198787,Active,642182,NA,NA,S,3,1,675906.21,53.95,2012,30,4,40
198788,Active,561349,NA,NA,S,10,1,824666.6788,55.47,2010,27,4.83,45.53
198789,Active,224741,NA,NA,D,8,1,30466.99375,218.95,2011,105,13.94,53.99
198790,Active,169491,NA,NA,S,7,1,244991.575,218.95,2007,198,4,20.29
198791,Active,614188,NA,NA,S,8,1,1021018.338,38.95,2008,53,4,22.42
198792,Active,652270,NA,NA,S,9,1,3871.13,38.95,2013,75,14.99,23.79
198793,Active,525843,NA,NA,S,8,1,137333.3013,36.95,2010,280,4,11.9
198794,Active,561656,NA,NA,S,7,1,696779.1438,27.95,2007,176,4,8.49
198795,Active,626707,NA,NA,D,2,1,219427.4913,34.95,2012,42,5.89,0
198796,Active,478832,NA,NA,S,11,1,820523.3038,27.95,2008,94,4,5.99
198797,Active,434858,NA,NA,D,10,1,634391.8775,64.2,2009,44,4,45.12
198798,Active,525839,NA,NA,S,11,1,71044.68125,78.6,2012,46,24.09,56.43
198799,Active,609335,NA,NA,D,9,1,582596.9275,70.6,2006,57,4,49.76
198800,Active,633153,NA,NA,S,3,1,369392.9325,74.4,2011,21,8.29,35.98
198801,Active,552388,NA,NA,D,6,1,410132.2788,53.33,2004,63,4,12.98
198802,Active,539182,NA,NA,D,7,1,325916.7488,48.2,2008,44,4,45.4
198803,Active,553727,NA,NA,D,3,1,1584134.711,48.2,2009,40,4.47,18.99
198804,Active,626805,NA,NA,D,4,1,1208053.765,53.6,2012,27,4.98,34.99
198805,Active,552343,NA,NA,S,6,1,515834.7613,49,2011,22,11.8,33.99
198806,Active,637540,NA,NA,S,11,1,196999.2888,54.2,2013,56,4.09,23.99
198807,Active,631471,NA,NA,D,19,1,284584.58,28.99,2011,76,5.39,18.99
198808,Active,593534,NA,NA,S,2,1,845993.7875,14,2009,124,4,13.46
198809,Active,533919,NA,NA,S,6,1,1207881.706,52.95,2008,21,42.03,261.61
198810,Active,525837,NA,NA,S,9,1,1518127.385,63.95,2011,16,5.98,67.95
198811,Active,525838,NA,NA,S,9,1,387211.2713,66.95,2010,23,5.98,63.99
198812,Active,525836,NA,NA,S,9,1,196849.7175,61.95,2010,22,23.88,53.99
198813,Active,207741,NA,NA,S,16,1,2389871.118,21.38,2002,35,4,5.93
198814,Active,679346,NA,NA,S,18,1,595273.3063,42.17,2004,31,11.39,23.98
198815,Active,670650,NA,NA,S,2,1,1040423.923,50,2011,13,26.94,39.94
198816,Active,545327,NA,NA,S,4,1,312894.4713,130.95,2010,48,4.47,13.93
198817,Active,543768,NA,NA,S,11,1,1380225.165,98.95,2011,26,29.87,178.19
198818,Active,148399,NA,NA,D,10,1,2362491.739,49.95,2006,18,34.24,139.82
198819,Active,861001,NA,NA,S,4,1,145033.7213,36.95,2012,24,10.96,14.74
198820,Active,561698,NA,NA,S,7,1,250376.7125,35.95,2009,66,4,14.03
198821,Active,552965,NA,NA,S,2,1,1218784.206,42,2008,30,6.42,41.14
198822,Active,868102,NA,NA,S,5,1,182991.3625,47,2014,22,19.22,42.88
198823,Active,619778,NA,NA,S,5,1,457507.3563,44.2,2010,43,8.22,28.99
198824,Active,298757,NA,NA,S,6,1,62659.61625,58.99,2009,103,8.79,29.19
198825,Active,191975,NA,NA,S,5,1,487853.7513,15.58,2006,161,4,10.98
198826,Active,567433,NA,NA,D,8,1,917169.9825,46.95,2006,30,4.4,30.78
198827,Active,542032,NA,NA,S,9,1,394415.9975,73.95,2009,31,35.83,67.63
198828,Active,543767,NA,NA,S,3,1,1050058.893,65.95,2011,26,4.47,48.99
198829,Active,567646,NA,NA,S,2,1,3436834.356,64.95,2008,25,4.48,23.99
198830,Active,525833,NA,NA,S,4,1,618468.58,29.95,2009,57,4,24
198831,Active,435216,NA,NA,S,6,1,204488.6213,34.95,2009,202,4.34,17.93
198832,Active,862321,NA,NA,S,5,1,44341.8675,42.95,2014,29,18.65,27.39
198833,Active,499524,NA,NA,S,4,1,221224.1375,36.95,2010,49,4,11.08
198834,Active,862324,NA,NA,S,8,1,16149.83,38.95,2014,45,23.47,32.29
198835,Active,410401,NA,NA,S,7,1,281805.9288,35.95,2012,93,4.12,10.99
198836,Active,592351,NA,NA,S,6,1,563053.0563,27.95,2008,93,4,11.98
198837,Active,499560,NA,NA,S,8,1,263604.7263,36.95,2012,114,5.49,15.49
198838,Active,495640,NA,NA,S,7,1,549679.9825,29.95,2009,159,4,10.52
198839,Active,764120,NA,NA,S,4,1,451928.51,125.95,2001,44,4,10.99
198840,Active,647483,NA,NA,S,13,1,393535.4688,46.67,2011,23,26.69,78.32
198841,Active,552832,NA,NA,S,14,1,2623362.075,56.6,2011,15,6.38,18.99
198842,Active,552334,NA,NA,S,10,1,236305.55,46.67,2011,20,11.68,23.99
198843,Active,288647,NA,NA,D,10,1,2302283.616,46.67,2007,16,7.83,38.02
198844,Active,428588,NA,NA,S,10,1,158742.8,44.2,2010,45,4,30.98
198845,Active,1481460,NA,NA,S,7,1,747114.825,56.2,2012,47,4.09,13.99
198846,Active,252829,NA,NA,S,2,1,528514.99,40.5,2011,27,4.53,17.6
198847,Active,645996,NA,NA,S,9,1,120211.725,33.95,2010,17,19.76,26.99
198848,Active,525831,NA,NA,S,10,1,1017043.821,88.95,2011,23,4.3,73.98
198849,Active,525830,NA,NA,S,9,1,984187.5263,70.95,2010,43,7.16,54.35
198850,Active,245160,NA,NA,S,2,1,931417.5125,100.95,2005,37,4,16.98
198851,Active,525829,NA,NA,S,3,1,488279.05,91.95,2009,53,5.46,38.95
198852,Active,2266790,NA,NA,D,10,1,4002321.294,93.28,2010,50,9.1,71.88
198853,Active,525824,NA,NA,S,4,1,556303.4325,99.95,2011,30,41.49,99.94
198854,Active,897389,NA,NA,D,7,1,240019.4125,101.95,2009,27,12.73,56.92
198855,Active,450336,NA,NA,D,6,1,541634.2475,59.95,2006,22,34.18,56.79
198856,Active,861002,NA,NA,S,11,1,1880287.86,78.95,2012,23,4.3,85.11
198857,Active,525821,NA,NA,S,7,1,326352.2788,111.95,2011,28,14.64,51.9
198858,Active,451722,NA,NA,S,6,1,665136.2325,118.95,2008,36,4,35.24
198859,Active,664267,NA,NA,S,13,1,297130.185,58.95,2013,24,32.19,48.05
198860,Active,630124,NA,NA,S,14,1,475469.3513,66.95,2008,26,5.27,8.75
198861,Active,456673,NA,NA,S,15,1,120664.4363,59.95,2011,29,5.51,96.42
198862,Active,525820,NA,NA,S,7,1,316433.7138,41,2010,29,4,52.49
198863,Active,556939,NA,NA,S,14,1,929883.3063,40.4,2012,35,4.49,33.94
198864,Active,608443,NA,NA,S,8,1,1366908.949,123.95,2007,40,4,18.99
198865,Active,567674,NA,NA,S,7,1,541754.6038,100.95,2008,25,5.48,34.99
198866,Active,913118,NA,NA,D,6,1,774985.2025,106.95,2005,34,4.43,51.97
198867,Active,525819,NA,NA,S,10,1,1460864.13,100.95,2006,23,4.93,54.88
198868,Active,917863,NA,NA,D,5,1,575192.4238,114.95,2006,40,4,13.89
198869,Active,582993,NA,NA,D,6,1,509825.6538,103.95,2011,66,9.25,70
198870,Active,525814,NA,NA,S,11,1,188686.9425,81.95,2010,31,4.94,52.89
198871,Active,612974,NA,NA,S,13,1,597571.1275,38.95,2007,114,4,8.58
198872,Active,147674,NA,NA,S,14,1,70205.54125,38.95,2011,63,4.97,29.24
198873,Active,660660,NA,NA,S,5,1,342392.3363,50,2014,27,16.83,34.67
198874,Active,545259,NA,NA,S,4,1,235544.9088,30.95,2010,47,7.38,13.77
198875,Active,210773,NA,NA,S,4,1,43469.5125,64.95,2010,27,39.78,0
198876,Active,902317,NA,NA,S,6,1,169873.7275,40,2014,20,24.92,25.03
198877,Active,627612,NA,NA,D,4,1,282657.7013,56.95,2005,36,30.91,101.94
198878,Active,774802,NA,NA,D,3,1,3652166.45,34.95,1999,16,4,15.22
198879,Active,868600,NA,NA,S,5,1,26973.35875,62.95,2015,12,51.29,53.35
198880,Active,639153,NA,NA,S,10,1,183511.4125,55.4,2010,28,16.74,40.99
198881,Active,1779073,NA,NA,S,2,1,160717,45,2014,17,27.32,26.99
198882,Active,859762,NA,NA,S,6,1,712880.2563,30.95,2008,36,4,11.95
198883,Active,898807,NA,NA,D,3,1,807117.0275,35.95,2004,26,89.09,230.23
198884,Active,592337,NA,NA,S,1,0,978321.225,41.95,2008,49,4.48,20.51
198885,Active,536226,NA,NA,D,0,0,343053.8613,45,1993,102,4,0
198886,Active,436988,NA,NA,S,6,1,2257263.629,65.95,2009,14,4.98,65.95
198887,Active,525794,NA,NA,S,21,1,362512.755,55.95,2010,41,4.98,50.7
198888,Active,1696744,NA,NA,S,5,1,34551.825,32.95,2015,21,21.91,22.17
198889,Active,908950,NA,NA,S,6,1,59700.1075,35.95,2014,31,22.66,23.49
198890,Active,871895,NA,NA,S,5,1,74118.03875,44.95,2012,29,12.99,36.98
198891,Active,865628,NA,NA,S,10,1,788675.935,49.8,2012,30,4.98,48.11
198892,Active,550444,NA,NA,D,18,1,262480.4438,13.98,2008,57,4,19.99
198893,Active,538590,NA,NA,D,19,1,159278.7,49.99,2011,65,7.21,38.78
198894,Active,109796,NA,NA,S,17,1,743263.3625,16.22,2006,50,4,13.79
198895,Active,544723,NA,NA,S,12,1,713298.5788,65.95,2013,18,16.6,64.36
198896,Active,243991,NA,NA,S,10,1,1046304.329,100.95,2011,41,6.38,49.43
198897,Active,861713,NA,NA,S,5,1,412630.4938,57.95,2013,28,20.25,39.93
198898,Active,525804,NA,NA,S,13,1,614538.465,102.95,2012,60,11.19,62.26
198899,Active,291728,NA,NA,S,12,1,283301.9,112.95,2010,28,4.98,14.39
198900,Active,169227,NA,NA,D,8,1,2187685.78,156.95,2006,21,3.95,44.91
198901,Active,525803,NA,NA,S,36,1,831683.4063,58.95,2012,37,7.37,72.71
198902,Active,525764,NA,NA,S,8,1,489559.7788,31.95,2008,95,4,11.97
198903,Active,862327,NA,NA,S,7,1,143577.745,71.95,2014,31,12.99,49.98
198904,Active,499061,NA,NA,S,6,1,594174.19,65.95,2010,105,4,23.99
198905,Active,525802,NA,NA,S,7,1,252608.1863,105.95,2010,60,5.81,17.94
198906,Active,862328,NA,NA,S,8,1,548075.0725,111.95,2014,25,42.37,73.99
198907,Active,182827,NA,NA,S,5,1,653964.4025,82.95,2003,40,4,25.98
198908,Active,60538,NA,NA,S,6,1,363397.975,115.95,2007,36,4.98,48.83
198909,Active,1623192,NA,NA,S,6,1,794949.2938,100.95,2008,58,4,45.96
198910,Active,244035,NA,NA,D,6,1,134356.8738,224.95,2011,57,36.92,98.85
198911,Active,177207,NA,NA,D,4,1,1092507.523,133.95,2004,87,4,18.84
198912,Active,567545,NA,NA,D,5,1,509622.3763,207.95,2008,55,4,52.83
198913,Active,544659,NA,NA,S,21,1,850829.1713,41.95,2013,11,7.74,25.97
198914,Active,767021,NA,NA,S,20,1,2436692.924,45.95,2010,21,4.93,12.49
198915,Active,869516,NA,NA,S,0,0,122720.0863,62.95,2015,17,39.23,54.19
198916,Active,538607,NA,NA,S,5,1,784968.5988,95.41,2012,23,6.42,84.5
198917,Active,525793,NA,NA,S,9,1,510319.3225,84.75,2012,21,21.07,57.38
198918,Active,1982493,NA,NA,S,4,1,102359.0538,33,2014,23,8.89,26.97
198919,Active,1779903,NA,NA,S,7,1,366421.3825,40.5,2014,14,30,39.83
198920,Active,290233,NA,NA,S,6,1,725472.3963,28.99,2011,39,4.81,12.99
198921,Active,1458799,NA,NA,S,2,1,955387.9325,49,2010,18,13.78,62.89
198922,Active,203945,NA,NA,S,3,1,1233494.221,30.95,2008,63,4,25.99
198923,Active,866712,NA,NA,S,9,1,229129.1625,84.25,2013,19,26.23,42.99
198924,Active,111154,NA,NA,S,8,1,972991.8413,11.99,2010,42,4,11.99
198925,Active,550821,NA,NA,S,7,1,1012277.925,68.25,2010,23,4,46.67
198926,Active,550381,NA,NA,S,6,1,2182095.281,103.02,2008,17,4,73.47
198927,Active,245014,NA,NA,S,2,1,1528325.223,106.95,2004,29,3.99,9.98
198928,Active,525787,NA,NA,S,3,1,1079759.403,109.95,2010,30,18.83,35
198929,Active,204081,NA,NA,S,9,1,386620.9225,30.95,2008,56,4,7.15
198930,Active,525782,NA,NA,S,7,1,480680.4075,50.26,2012,30,8.08,49.57
198931,Active,111189,NA,NA,S,6,1,1043655.095,10.97,2010,25,4.32,20.97
198932,Active,525781,NA,NA,S,7,1,338215.6888,48.99,2012,30,4.98,35.33
198933,Active,525779,NA,NA,S,6,1,1830450.056,46.67,2007,25,4,25.99
198934,Active,309052,NA,NA,D,6,1,2216342.373,23.89,2007,19,5.18,23.89
198935,Active,657864,NA,NA,S,8,1,90838.0125,99.75,2013,26,30.14,77.13
198936,Active,600534,NA,NA,S,6,1,566442.6963,35.99,2009,69,4,9.39
198937,Active,655220,NA,NA,S,7,1,129510.885,42.99,2013,34,9.94,24.85
198938,Active,1936406,NA,NA,S,13,1,43142.95,36.99,2014,20,26.79,28.31
198939,Active,642746,NA,NA,S,9,1,746081.6513,46.95,2004,21,4.3,53.67
198940,Active,525773,NA,NA,S,4,1,704199.4088,42.99,2011,41,4,42.99
198941,Active,247475,NA,NA,S,4,1,566350.1738,35,2011,27,12.07,27.99
198942,Active,270987,NA,NA,S,2,1,168771.915,33.99,2011,35,7.54,26.95
198943,Active,203925,NA,NA,S,8,1,303858.8013,30.99,2010,71,4.39,30.34
198944,Active,167280,NA,NA,S,5,1,994214.895,9.49,2008,31,4.38,20.94
198945,Active,300452,NA,NA,S,9,1,564071.9275,31.99,2009,84,4,8.99
198946,Active,525769,NA,NA,S,5,1,328987.755,37.95,2009,93,4,19.98
198947,Active,861712,NA,NA,S,5,1,32079.535,37.95,2013,56,13.99,26.8
198948,Active,248870,NA,NA,S,3,1,1153199.536,27.95,2006,71,3.99,5.99
198949,Active,525768,NA,NA,S,4,1,178470.3588,35.95,2010,78,4,8.89
198950,Active,288769,NA,NA,S,5,1,288303.4763,49.95,2001,30,4,43.98
198951,Active,2082844,NA,NA,S,2,1,165529.425,37.99,2013,13,18.47,19.97
198952,Active,525766,NA,NA,S,10,1,902520.8013,30.99,2009,53,4,6.98
198953,Active,261565,NA,NA,S,4,1,1981710.586,42.94,1995,28,4,20.94
198954,Active,862329,NA,NA,S,0,0,224767.4163,73,2014,23,37.49,57.54
198955,Active,254492,NA,NA,S,7,1,129648.3638,97.95,2011,44,35.61,38.72
198956,Active,200112,NA,NA,D,6,1,750436.2275,91.95,2006,49,6.58,17.99
198957,Active,2028143,NA,NA,S,2,1,727889.4563,62,2010,13,45.99,50.85
198958,Active,3077813,NA,NA,S,5,1,351301.2763,59,2015,12,44.44,48.32
198959,Active,183358,NA,NA,D,12,1,522989.9863,136.95,2006,37,4,52.15
198960,Active,297875,NA,NA,S,13,1,149972.9,150.95,2011,45,43.29,121.51
198961,Active,534055,NA,NA,D,11,1,350200.3213,90.22,2003,31,4.97,67.83
198962,Active,544646,NA,NA,S,7,1,11900.63,213.95,2013,67,48.99,83.99
198963,Active,542282,NA,NA,S,7,1,1871040.508,90.95,2010,19,5.26,64.85
198964,Active,544657,NA,NA,S,21,1,292318.83,100.95,2013,42,4.99,47.37
198965,Active,544656,NA,NA,S,21,1,652412.2675,103.95,2013,31,5.26,45.99
198966,Active,531860,NA,NA,S,20,1,203517.75,107.95,2010,56,4,10.84
198967,Active,865459,NA,NA,S,3,1,505632.7313,70,2014,23,35.53,56.26
198968,Active,550927,NA,NA,S,2,1,802954.04,36.99,2011,41,4.3,53.93
198969,Active,2253627,NA,NA,D,6,1,4957075.198,80.31,2009,36,6.93,79.38
198970,Active,1956564,NA,NA,S,7,1,21054.86875,62,2014,49,34.08,42.96
198971,Active,538660,NA,NA,S,6,1,379817.8175,59.5,2013,59,5.19,25.96
198972,Active,2511627,NA,NA,D,3,1,2823385.794,41.25,1986,47,4.04,15.99
198973,Active,426142,NA,NA,S,2,1,92516.85875,49.95,2000,51,23.86,0
198974,Active,862386,NA,NA,S,5,1,10983.94375,34.99,2014,64,23.43,25.94
198975,Active,525754,NA,NA,S,2,1,80083.2825,56.95,2012,35,43.77,49.72
198976,Active,175130,NA,NA,S,4,1,95983.75125,32.99,2010,64,7.11,21.99
198977,Active,595058,NA,NA,D,3,1,81015.05875,159.95,2012,84,5.35,22.94
198978,Active,868285,NA,NA,S,2,1,303765.1788,64,1989,30,13.87,43.27
198979,Active,195073,NA,NA,D,6,1,71874.135,67.95,2007,52,10.33,53.01
198980,Active,287313,NA,NA,S,7,1,116025.63,79.95,2010,38,6.09,12.12
198981,Active,2319060,NA,NA,D,4,1,5061847.54,61.09,1982,17,6.25,72.91
198982,Active,868386,NA,NA,D,10,1,2014063.699,75.75,1991,12,7.39,75.23
198983,Active,525753,NA,NA,S,3,1,146836.835,68.8,2012,35,5.99,48.99
198984,Active,121335,NA,NA,S,4,1,314690.32,40.8,2009,17,19.49,31.68
198985,Active,203332,NA,NA,S,4,1,2721953.145,42.95,2000,33,4,6.98
198986,Active,525752,NA,NA,S,6,1,170822.5825,78.99,2012,51,18.75,35.18
198987,Active,619385,NA,NA,S,2,1,390477.0075,66.95,2008,33,19.37,43.64
198988,Active,681205,NA,NA,S,4,1,6338.06875,24.95,2013,148,10.98,22.46
198989,Active,241557,NA,NA,S,2,1,486204.5763,22.95,2000,71,4,9.77
198990,Active,241556,NA,NA,S,3,1,189118.1538,24.95,2007,146,4,7.99
198991,Active,127642,NA,NA,S,3,1,231876.4,55,2009,44,23.97,42.5
198992,Active,202510,NA,NA,D,1,0,1080790.985,16.55,2002,27,4,13.46
198993,Active,60897,NA,NA,D,2,1,493574.8288,45.53,2005,27,9.44,14.99
198994,Active,868143,NA,NA,D,2,1,160321.205,46.2,1997,29,19.96,73.81
198995,Active,579662,NA,NA,S,0,0,829971.9063,110.95,2005,27,29.06,39.99
198996,Active,247806,NA,NA,S,2,1,251925.4988,36.95,2007,32,18.69,23.98
198997,Active,147190,NA,NA,D,5,1,433988.8913,139,2006,33,8.57,48.5
198998,Active,743260,NA,NA,D,4,1,1788135.329,105,2001,20,7.99,65.34
198999,Active,637976,NA,NA,D,5,1,2038265.08,230,1999,25,46.38,152.58
199000,Active,613731,NA,NA,D,2,1,1672666.479,73.95,1998,61,4,12.83
199001,Active,619724,NA,NA,S,3,1,639364.2363,51.95,2003,42,7.41,0
199002,Active,279946,NA,NA,D,3,1,767323.6275,59.95,2007,24,3.85,61.86
199003,Active,117018,NA,NA,S,1,0,118810.2088,158,2010,48,7.76,28.39
199004,Active,614788,NA,NA,D,3,1,60620.11125,100.99,2005,50,6.18,17.99
199005,Active,157564,NA,NA,S,2,1,396060.4,50.95,2009,57,19.42,0
199006,Active,553304,NA,NA,S,5,1,168180.765,49.99,2012,39,17.8,42.06
199007,Active,397281,NA,NA,D,5,1,807512.4225,49.99,2010,48,4,14.49
199008,Active,54482,NA,NA,D,10,1,81210,37.25,2010,81,8.4,34.88
199009,Active,607881,NA,NA,S,7,1,249975.4738,44.8,2002,65,4,14.92
199010,Active,54483,NA,NA,S,8,1,216351.975,43.33,2005,61,6.44,33.93
199011,Active,609875,NA,NA,D,11,1,4829.20125,57.8,2013,83,14.28,20.96
199012,Active,1455996,NA,NA,S,11,1,1308700.474,67.13,2014,19,30.03,53.85
199013,Active,110239,NA,NA,S,3,1,382643.3925,56.75,2008,47,4.43,35.83
199014,Active,607924,NA,NA,S,2,1,492293.0713,23,2005,47,4,25.62
199015,Active,322721,NA,NA,S,3,1,385356.0838,25,2008,41,4,32.94
199016,Active,864870,NA,NA,S,5,1,10035.0675,39.2,2014,70,24.35,28.99
199017,Active,525749,NA,NA,S,4,1,81989.8775,25,2010,39,11.25,68.79
199018,Active,2245231,NA,NA,S,3,1,1259584.979,121,2007,37,11.82,42.99
199019,Active,864516,NA,NA,S,2,1,6529.9475,40.63,2014,37,24.26,29.35
199020,Active,141649,NA,NA,S,10,1,686545.7213,58.57,2004,46,4,54.97
199021,Active,657870,NA,NA,D,1,0,206774.8875,114.8,2013,32,52.74,72.99
199022,Active,131793,NA,NA,S,3,1,1391180.743,96,2004,47,4,10.89
199023,Active,2249981,NA,NA,D,4,1,1244128.851,170.97,2008,43,9.1,94.44
199024,Active,132555,NA,NA,D,4,1,109859.3088,116,2008,39,6.98,63.73
199025,Active,178025,NA,NA,D,4,1,289676.7663,161.95,2010,54,5.21,52.95
199026,Active,176778,NA,NA,D,3,1,566653.4888,115.95,2001,60,4,4.33
199027,Active,2618786,NA,NA,S,2,1,551973.6,91.95,1993,51,4,8.5
199028,Active,533971,NA,NA,D,4,1,117661.885,109.2,2008,38,9.91,57.19
199029,Active,60898,NA,NA,D,3,1,1291716.06,82.67,2004,40,4,8.31
199030,Active,131303,NA,NA,S,2,1,2583719.578,75,1999,41,4,11.79
199031,Active,131508,NA,NA,S,1,0,120512.0825,135.2,2002,42,43.97,0
199032,Active,645620,NA,NA,S,2,1,768679.545,72.99,2006,31,12.69,24.99
199033,Active,618977,NA,NA,S,1,0,6669.55,39.95,2009,35,19.85,20.99
199034,Active,544760,NA,NA,S,1,0,16279.59875,175.95,2013,86,40.99,57.93
199035,Active,178913,NA,NA,S,1,0,161385.3525,163.95,2010,93,5.98,41.98
199036,Active,114449,NA,NA,S,2,1,418629.4175,73.4,2001,32,20.88,63.5
199037,Active,599670,NA,NA,S,0,0,1037176.38,22,2006,30,4,13.99
199038,Active,112323,NA,NA,S,1,0,451986.6738,106.25,2007,44,14.24,50.99
199039,Active,547874,NA,NA,S,6,1,656426.8413,105,1998,50,4,9.96
199040,Active,146037,NA,NA,S,1,0,16616.4,51.99,2009,44,22.52,31.83
199041,Active,456884,NA,NA,S,4,1,288136.1075,193.95,2010,77,4.21,26.91
199042,Active,1571701,NA,NA,S,1,0,399196.9175,21.99,2006,98,5.31,10.98
199043,Active,2262821,NA,NA,D,4,1,4421260.755,92.34,2009,35,19.62,69.16
199044,Active,275586,NA,NA,D,3,1,468192.425,76.5,2003,31,4,45.03
199045,Active,275599,NA,NA,D,4,1,82012.19625,175.75,2009,44,16.04,54.37
199046,Active,766871,NA,NA,S,2,1,3026083.343,73.95,2001,23,4,33.28
199047,Active,178850,NA,NA,S,3,1,503729.0338,76.95,2006,50,19.96,75.61
199048,Active,118512,NA,NA,S,2,1,41696.95,52.67,2006,46,8.48,32.32
199049,Active,910365,NA,NA,D,4,1,696340.645,44,2007,21,5.45,36.94
199050,Active,716581,NA,NA,D,4,1,1529504.108,56.4,2008,32,4.4,21.98
199051,Active,286405,NA,NA,S,7,1,310115.19,96.8,2010,39,33.44,61.13
199052,Active,116061,NA,NA,D,6,1,895940.5738,59.8,2005,32,4,68.05
199053,Active,655020,NA,NA,S,2,1,261316.5213,42,2013,33,11.39,13.69
199054,Active,864774,NA,NA,S,6,1,15219.88125,44.95,2014,66,20.43,24.99
199055,Active,55628,NA,NA,D,2,1,371157.85,23.95,2004,128,4,5.38
199056,Active,533404,NA,NA,S,4,1,19670.1725,49.95,2012,66,23.89,26.73
199057,Active,55626,NA,NA,D,3,1,72607.9725,39.95,2004,247,4,9.96
199058,Active,2271682,NA,NA,S,5,1,275534.6,83.9,1900,27,7.1,38.72
199059,Active,142078,NA,NA,D,4,1,1889704.62,47.92,2010,28,4,54.1
199060,Active,327760,NA,NA,D,4,1,1996615.216,0,2009,33,4,44.59
199061,Active,540447,NA,NA,D,5,1,85231.66625,48.99,2011,109,3.84,29.91
199062,Active,2263930,NA,NA,S,5,1,496853.95,82.08,1900,28,7.48,35.87
199063,Active,540446,NA,NA,D,5,1,17658.38375,63.96,2011,146,3.84,20.74
199064,Active,142170,NA,NA,D,4,1,257313.385,38.85,2010,105,4.13,50.31
199065,Active,57843,NA,NA,S,7,1,1301919.955,54.95,2001,47,4,9.98
199066,Active,57842,NA,NA,S,8,1,55903.1375,65,2007,63,8.55,22.72
199067,Active,596176,NA,NA,S,2,1,237201.2475,44,1983,62,3.98,15.99
199068,Active,272085,NA,NA,D,2,1,2739083.101,53.99,2004,18,4,49.51
199069,Active,737419,NA,NA,D,2,1,3157974.181,52,2005,15,13.95,48.85
199070,Active,582347,NA,NA,D,2,1,1667813.435,45,2003,23,4,11.14
199071,Active,663730,NA,NA,S,4,1,220190.5375,59,2013,33,31.7,48.25
199072,Active,525743,NA,NA,D,3,1,491390.7975,55,2008,36,6.09,22.84
199073,Active,114396,NA,NA,D,0,0,3222437.615,99.33,2001,26,4,22.47
199074,Active,557281,NA,NA,S,4,1,1517012.418,114.67,2005,48,4,63.43
199075,Active,131730,NA,NA,S,4,1,155095.7738,160,2003,59,5.39,43.87
199076,Active,409256,NA,NA,S,3,1,595044.3525,59,1996,156,4,18.94
199077,Active,242747,NA,NA,S,8,1,73179.865,44.95,2010,42,12.63,23.83
199078,Active,643880,NA,NA,S,8,1,205607.2563,44.95,2010,61,4.58,43.49
199079,Active,379116,NA,NA,D,7,1,210515.905,59.95,2004,152,4,10.55
199080,Active,106830,NA,NA,S,4,1,520545.2738,47,2011,31,9.43,12.98
199081,Active,642944,NA,NA,S,2,1,293895.4563,45,2010,22,28.96,31.57
199082,Active,758507,NA,NA,S,3,1,685717.1088,85,1998,31,4.33,40.89
199083,Active,2714377,NA,NA,D,0,0,7572324.696,159,2004,9,5.97,25.99
199084,Active,624998,NA,NA,S,4,1,665954.4825,110,2005,27,25.7,77.93
199085,Active,664337,NA,NA,S,1,0,473852.0913,51,2013,25,31.08,35.79
199086,Active,622319,NA,NA,S,1,0,100385,126.4,2009,22,33.99,68.99
199087,Active,130428,NA,NA,D,2,1,618715.9488,95.6,2011,64,4.63,36.98
199088,Active,244220,NA,NA,D,10,1,26091.40375,177.95,2012,81,16.06,47.1
199089,Active,608762,NA,NA,S,7,1,3200853.483,148.95,2003,44,4,13.49
199090,Active,170110,NA,NA,D,3,1,57099.09875,125.95,2011,99,5.67,27.99
199091,Active,878136,NA,NA,D,3,1,1086493.508,31.06,2012,43,8.04,36.64
199092,Active,54925,NA,NA,D,8,1,260970.2313,141.95,2006,91,4,9.72
199093,Active,54923,NA,NA,D,9,1,111058.7,194.95,2009,91,4.19,18.83
199094,Active,619871,NA,NA,S,5,1,311561.1313,55.75,2003,27,4.99,19.48
199095,Active,1780649,NA,NA,S,1,0,72238.05,60,2014,9,35.29,35.28
199096,Active,2045415,NA,NA,D,0,0,2678352.916,33,2006,13,4,32.98
199097,Active,2073449,NA,NA,S,2,1,573501.1463,199.99,2011,21,4,152.47
199098,Active,1449826,NA,NA,S,9,1,195996.25,57.32,2012,30,20.32,37.99
199099,Active,738396,NA,NA,D,6,1,1083857.539,79,2009,8,51.51,7781.01
199100,Active,143199,NA,NA,S,7,1,1425804.709,75,2008,22,53.7,63.99
199101,Active,737653,NA,NA,D,4,1,1431438.834,74,2007,12,38.94,99.99
199102,Active,1506730,NA,NA,S,6,1,865586.625,80,2013,2,23.99,80
199103,Active,652756,NA,NA,S,4,1,514693.0013,80,2010,9,46.89,73.94
199104,Active,642706,NA,NA,D,5,1,1015483.654,71,2006,10,30.97,63.98
199105,Active,737503,NA,NA,D,7,1,1465790.876,36,2006,21,9.05,53.99
199106,Active,637657,NA,NA,S,2,1,94177.15,35.32,2012,25,21.99,21.5
199107,Active,525733,NA,NA,S,2,1,868813.7513,44.99,2010,21,15.04,34.25
199108,Active,114501,NA,NA,S,2,1,1579611.845,54.99,2002,45,4,8.99
199109,Active,152323,NA,NA,S,2,1,313841.07,69.95,2006,60,5.48,14.56
199110,Active,2575974,NA,NA,D,1,0,731984.0938,54.95,1985,41,15.08,49.09
199111,Active,541906,NA,NA,D,2,1,356770.6775,85,2000,48,11.18,53.93
199112,Active,610705,NA,NA,S,3,1,184496.3225,95,2014,30,47.36,57.82
199113,Active,860531,NA,NA,D,6,1,609208.0038,120.95,2011,83,3.88,13.36
199114,Active,802305,NA,NA,D,4,1,1989033.023,116.95,2005,60,3.99,4.18
199115,Active,832377,NA,NA,S,2,1,2768857.783,187.95,2003,55,3.98,10.4
199116,Active,874292,NA,NA,D,4,1,446837.445,188.95,2009,54,4.7,17.68
199117,Active,619325,NA,NA,S,5,1,108107.42,183.95,2012,47,21.7,107.59
199118,Active,1698062,NA,NA,S,1,0,619433.8438,49.95,2006,34,9.1,31.62
199119,Active,683647,NA,NA,S,1,0,138298.5138,24.95,2012,39,6.61,46.96
199120,Active,261958,NA,NA,D,2,1,2323065.268,69.95,2004,35,4,6.95
199121,Active,525731,NA,NA,S,3,1,1020329.075,76.95,2012,41,12.54,63.33
199122,Active,2933842,NA,NA,D,0,0,2092695.001,9.95,2003,17,6.56,6.99
199123,Active,2594365,NA,NA,D,1,0,1619471.665,69.95,1987,39,17.19,60.77
199124,Active,525730,NA,NA,S,2,1,1291788.97,74.95,2009,34,7.02,33.99
199125,Active,3472547,NA,NA,D,6,1,1376832.1,105.6,2006,30,4.98,30.85
199126,Active,874458,NA,NA,D,10,1,1613781.164,54.38,2009,11,4.98,39.78
199127,Active,525727,NA,NA,D,12,1,136956.3025,261.95,2012,88,8.99,23.89
199128,Active,538773,NA,NA,S,10,1,117519.8325,192.75,2012,47,66.94,128.94
199129,Active,655695,NA,NA,S,9,1,3384505.493,28.71,2006,8,8.88,28.71
199130,Active,699211,NA,NA,D,10,1,4453523.434,55.71,2009,12,4.21,45.82
199131,Active,767115,NA,NA,S,7,1,3552709.995,163.95,1997,29,4,23.19
199132,Active,308608,NA,NA,S,4,1,3446070.688,16.73,2002,34,4,16.73
199133,Active,887995,NA,NA,D,1,0,5860263.894,45.95,2003,12,17.71,37.8
199134,Active,131388,NA,NA,S,5,1,1333313.288,87.4,2000,49,4.05,15.99
199135,Active,132194,NA,NA,D,7,1,492641.3375,125.6,2006,68,4,31.96
199136,Active,120121,NA,NA,S,1,0,223462.6813,196.4,2011,49,26,71.99
199137,Active,199173,NA,NA,S,1,0,174509.6213,119,2004,31,40.27,86.49
199138,Active,2260614,NA,NA,S,9,1,1514193.849,68.63,2006,21,23.67,87.72
199139,Active,537598,NA,NA,D,8,1,39877.2625,253.5,2012,82,12.48,59.48
199140,Active,288931,NA,NA,D,11,1,353768.74,287.95,2009,77,4.12,74.89
199141,Active,550581,NA,NA,D,9,1,590815.4525,51.29,2006,38,11.73,68.73
199142,Active,60899,NA,NA,D,10,1,1376058.723,215.95,2006,76,4,8.51
199143,Active,308949,NA,NA,D,9,1,1298527.049,35.59,2006,50,4,28.3
199144,Active,525726,NA,NA,D,10,1,422936.7663,90.78,2009,44,13.99,58.43
199145,Active,2626369,NA,NA,S,6,1,2695818.451,199.95,1995,23,4.08,109.56
199146,Active,58215,NA,NA,D,7,1,516692.5913,37.73,2009,69,4.58,38.99
199147,Active,620845,NA,NA,D,8,1,282369.3625,69.91,2006,31,16.49,53.98
199148,Active,2251803,NA,NA,S,7,1,1152655.114,107.04,2008,42,6.89,54.41
199149,Active,161857,NA,NA,S,8,1,517844.0463,209.75,2007,29,48.93,0
199150,Active,165146,NA,NA,D,6,1,6054931.8,12.63,2000,20,4,0
199151,Active,287697,NA,NA,D,4,1,257282.2238,85,2002,31,10.02,52.92
199152,Active,2490558,NA,NA,D,2,1,2352572.996,43.95,2000,23,6.25,38.12
199153,Active,1521835,NA,NA,D,3,1,1562981.62,53,2007,19,12.39,45.69
199154,Active,244342,NA,NA,D,7,1,114233.4263,43.84,2011,144,5.98,23.94
199155,Active,166481,NA,NA,D,5,1,794367.0888,15.99,2006,71,4,17.67
199156,Active,608341,NA,NA,S,4,1,1259961.396,6.25,2002,59,4,6.48
199157,Active,161789,NA,NA,D,6,1,727167.4775,12.94,2009,66,4,13.99
199158,Active,161917,NA,NA,S,5,1,3785167.26,59.74,2006,20,4,23.78
199159,Active,525729,NA,NA,S,7,1,1109556.146,54.25,2012,19,23.67,38.72
199160,Active,2370080,NA,NA,D,5,1,1858032.209,98,1993,39,4,38.57
199161,Active,2390553,NA,NA,S,4,1,2005131.884,35.98,1987,35,4,9.99
199162,Active,58216,NA,NA,D,6,1,1062748.755,13.99,2007,82,4,36.99
199163,Active,616269,NA,NA,D,7,1,1815290.099,17.96,2001,48,3.99,13.99
199164,Active,576348,NA,NA,D,2,1,1402235.996,35.95,2004,44,4,12.77
199165,Active,120082,NA,NA,D,6,1,352326.1575,181,2009,105,5.32,21.99
199166,Active,613798,NA,NA,D,7,1,24243.57375,210.4,2012,68,13.04,29.45
199167,Active,613270,NA,NA,S,1,0,586197.3938,48,1990,86,4,15.99
199168,Active,915267,NA,NA,D,9,1,431550.3788,125.77,1997,51,4,48.73
199169,Active,630663,NA,NA,D,10,1,1450526.805,48.8,2005,24,4,20.4
199170,Active,623018,NA,NA,S,7,1,2735888.594,38.7,1995,39,4,15.98
199171,Active,51052,NA,NA,D,8,1,492938.3138,257.95,2010,63,10,29.95
199172,Active,315073,NA,NA,S,11,1,259674.3838,177.4,2006,25,46.06,173.95
199173,Active,2373256,NA,NA,D,10,1,573839.7475,145,2002,35,4.09,48.58
199174,Active,51051,NA,NA,D,7,1,545103.0313,272.95,2007,39,4.44,51.43
199175,Active,2625166,NA,NA,S,2,1,604589.035,72.95,1995,24,4,22.24
199176,Active,1455899,NA,NA,S,1,0,43126.65,69.99,2015,7,54.19,57.52
199177,Active,633168,NA,NA,S,3,1,548876.0025,45,2011,20,12.66,30.69
199178,Active,699402,NA,NA,S,4,1,378670.0338,59.9,2012,17,46.35,67.3
199179,Active,309066,NA,NA,D,3,1,130562.3038,47,2009,54,7.47,33.98
199180,Active,308848,NA,NA,D,2,1,910613.5025,6.98,2005,38,4,13.37
199181,Active,50401,NA,NA,D,4,1,194920.4475,217.6,2009,73,6.99,68.99
199182,Active,528384,NA,NA,D,9,1,52969.52625,324.95,2013,53,53.18,123.94
199183,Active,525723,NA,NA,S,2,1,155719.0825,60,2010,63,13.75,35.34
199184,Active,638264,NA,NA,D,0,0,989069.4888,88,2003,33,7.19,49.39
199185,Active,666630,NA,NA,D,3,1,513243.6413,120,2008,33,6.39,46.99
199186,Active,148487,NA,NA,D,8,1,340750.225,341.95,2008,51,5.89,59.3
199187,Active,339402,NA,NA,S,1,0,28362.525,265.5,2011,35,51.89,68.98
199188,Active,50400,NA,NA,D,3,1,164970.8563,168,2006,81,4.13,25.7
199189,Active,663150,NA,NA,S,1,0,184724.6313,79.99,2013,65,28.32,55.94
199190,Active,398384,NA,NA,D,2,1,3956391.758,79.95,2005,15,18.11,48.97
199191,Active,307838,NA,NA,S,8,1,413923.6213,78,2009,13,49.04,77.38
199192,Active,658153,NA,NA,S,1,0,89061.425,55,2012,17,53.03,51.56
199193,Active,660505,NA,NA,D,1,0,624756.0763,109.95,2004,48,4,35.7
199194,Active,3711036,NA,NA,S,3,1,91493,79.95,2016,10,57.91,77.06
199195,Active,229127,NA,NA,D,4,1,3014208.863,89,2006,19,4.13,51.14
199196,Active,271021,NA,NA,S,2,1,197000.585,60,2010,31,11.39,0
199197,Active,580719,NA,NA,S,0,0,67183.2,56,2012,14,52.98,50.14
199198,Active,3597003,NA,NA,D,2,1,7599113.5,56.95,1996,20,5.24,65.97
199199,Active,609501,NA,NA,S,4,1,1699837.281,135.95,2005,32,4,27.04
199200,Active,386501,NA,NA,D,4,1,1375736.433,199.95,2005,67,4,22.97
199201,Active,525717,NA,NA,D,5,1,156015.2638,184.95,2010,75,4,20.98
199202,Active,743168,NA,NA,D,1,0,1018403.939,39.95,1998,42,4,11.99
199203,Active,2833645,NA,NA,S,2,1,611418.4538,34,2004,39,7.37,13.7
199204,Active,634304,NA,NA,S,2,1,670017.6975,76,2009,26,43.76,59.25
199205,Active,525716,NA,NA,S,4,1,380668.1663,40.95,2008,48,10.74,33.76
199206,Active,748821,NA,NA,S,2,1,2868326.184,85,2008,12,36.69,104.09
199207,Active,2576369,NA,NA,D,2,1,3760215.358,158,1989,23,8.63,51.93
199208,Active,719581,NA,NA,S,1,0,1476746.114,55,1999,79,4,6.83
199209,Active,543968,NA,NA,S,5,1,1968543.239,48.95,2013,20,26.83,25.98
199210,Active,3513053,NA,NA,D,1,0,4669090.95,199,2000,31,9.32,18.72
199211,Active,2551776,NA,NA,D,0,0,5106496.715,95,1984,16,19.19,96.58
199212,Active,743595,NA,NA,D,0,0,2179243.285,276,2005,19,25.95,122.39
199213,Active,3559792,NA,NA,D,1,0,3873281.95,210,1900,12,16.03,63.98
199214,Active,538167,NA,NA,S,4,1,347948.5363,58,2005,28,21.14,0
199215,Active,619362,NA,NA,S,12,1,706311.2863,33,2009,45,4,7.98
199216,Active,867758,NA,NA,S,4,1,354541.1825,59.99,2013,31,49.96,52.04
199217,Active,525713,NA,NA,D,3,1,879076.5463,69.99,2009,32,4,35.99
199218,Active,1478421,NA,NA,S,2,1,986424.0025,195,2012,25,11.1,11.1
199219,Active,2663247,NA,NA,D,0,0,3222569.254,199,1995,13,79.17,275.87
199220,Active,245030,NA,NA,S,1,0,166560.025,137.95,2009,30,25.42,80.88
199221,Active,774931,NA,NA,S,2,1,1746813.893,37.95,1998,14,4.82,93.01
199222,Active,525712,NA,NA,S,4,1,264751.9963,58.95,2010,45,29.98,33.98
199223,Active,248844,NA,NA,D,3,1,1554380.404,42.95,2005,19,4.91,19.75
199224,Active,2194325,NA,NA,D,1,0,4091716.139,99,2011,9,83.16,83.12
199225,Active,609224,NA,NA,D,4,1,839724.8788,39.95,2005,73,3.99,18.73
199226,Active,609204,NA,NA,D,5,1,94188.11875,48.95,2008,83,4.23,13.43
199227,Active,628776,NA,NA,D,3,1,297389.1938,97.99,2009,31,16.07,0
199228,Active,248950,NA,NA,D,1,0,3164047.001,289,2008,20,35.24,125.44
199229,Active,637328,NA,NA,D,2,1,535641.875,55,2004,31,19.98,0
199230,Active,592310,NA,NA,D,4,1,3846005.456,129.56,2005,12,6.59,106.79
199231,Active,545927,NA,NA,S,6,1,61467.4375,118,2012,70,44.67,89.78
199232,Active,467829,NA,NA,D,4,1,1326242.599,103,2005,79,4.48,8.49
199233,Active,495630,NA,NA,D,5,1,735448.2063,118,2009,60,4.87,23.06
199234,Active,105810,NA,NA,D,5,1,773017.2438,54.95,2003,27,13.91,38.79
199235,Active,224478,NA,NA,D,4,1,1340136.118,39.95,1998,28,6.03,75.02
199236,Active,249901,NA,NA,D,3,1,233464.0175,217.95,2008,69,9.27,48.5
199237,Active,249902,NA,NA,D,3,1,1155769.819,80.95,2008,27,6.75,23.99
199238,Active,525708,NA,NA,S,3,1,745050.4125,95.95,2009,37,4.99,18.96
199239,Active,114723,NA,NA,D,2,1,667375.4063,88,2005,35,13.07,69.37
199240,Active,1538980,NA,NA,S,2,1,2257842.665,99.95,2006,15,13.54,16.74
199241,Active,662976,NA,NA,D,0,0,857498.8363,379.99,2007,24,59.61,0
199242,Active,624466,NA,NA,S,3,1,475954.6063,49.95,2004,43,9.17,14.99
199243,Active,1725016,NA,NA,D,1,0,1266893.635,167.95,2007,19,14.17,53.98
199244,Active,292556,NA,NA,S,2,1,474133.7238,40.5,1998,44,16.76,40.5
199245,Active,1488845,NA,NA,S,2,1,822868.625,51.95,2007,23,13.73,45.12
199246,Active,1659028,NA,NA,D,1,0,3891045.123,122.8,2012,11,5.66,276.81
199247,Active,165906,NA,NA,D,1,0,551166.2175,79.5,2004,27,12.1,53.37
199248,Active,162830,NA,NA,S,2,1,25389.4025,89.95,2009,37,43.99,48.98
199249,Active,533419,NA,NA,D,6,1,68733.44,341.95,2012,107,8.8,27.92
199250,Active,110625,NA,NA,D,1,0,2385898.715,5.13,2006,44,4,5.03
199251,Active,55486,NA,NA,S,3,1,2194882.405,254.95,2006,49,4,4.8
199252,Active,178692,NA,NA,D,4,1,1715808.024,412.95,2010,24,4.97,72.67
199253,Active,111649,NA,NA,S,3,1,454330.8488,336,2011,31,20.49,178.87
199254,Active,110144,NA,NA,D,2,1,1245936.438,4.99,2009,70,4,9.48
199255,Active,55488,NA,NA,D,5,1,369016.5238,375.95,2010,93,4.66,14.73
199256,Active,868206,NA,NA,D,0,0,582604.3988,111,2003,48,5.16,34.42
199257,Active,570476,NA,NA,D,1,0,674036.555,59.95,2010,95,4,15.99
199258,Active,544727,NA,NA,D,2,1,49172.5925,69.95,2013,87,10.94,43.99
199259,Active,120785,NA,NA,D,4,1,254527.7125,180,2009,53,3.75,12.86
199260,Active,539360,NA,NA,D,6,1,93604.4875,247.4,2013,98,7.33,63.14
199261,Active,543859,NA,NA,D,8,1,81921.5325,247.95,2012,68,7.94,41.89
199262,Active,53305,NA,NA,D,7,1,354258.0338,271.95,2010,72,7.14,41.49
199263,Active,118955,NA,NA,D,3,1,1530440.523,139.4,2007,55,4,12.57
199264,Active,53306,NA,NA,S,5,1,845840.28,174.95,2005,32,4,18.56
199265,Active,60904,NA,NA,D,6,1,423669.1238,298.95,2008,47,4,14.98
199266,Active,258460,NA,NA,D,5,1,30473.91625,130,2009,95,11.08,53.94
199267,Active,271064,NA,NA,S,5,1,269312.725,119.5,2010,55,24.82,39.04
199268,Active,2106061,NA,NA,S,6,1,446331.395,42.95,2015,13,32.19,38.71
199269,Active,54072,NA,NA,S,7,1,491012.07,142.67,2004,102,4.24,22.77
199270,Active,144439,NA,NA,S,7,1,243070.3638,138.67,2004,150,4.1,37.77
199271,Active,145726,NA,NA,D,8,1,127238.9025,162.67,2007,263,4,13.89
199272,Active,560815,NA,NA,S,7,1,2778608.641,138.67,2004,22,6.44,73.53
199273,Active,616530,NA,NA,D,3,1,251068.5063,153,2011,65,4,9.74
199274,Active,618918,NA,NA,S,5,1,16007.5675,54.99,2012,52,18.26,23.94
199275,Active,58175,NA,NA,S,2,1,148631.31,34.99,2000,91,5.14,17.48
199276,Active,108708,NA,NA,S,3,1,81939.69875,54.89,2003,35,22.29,83.11
199277,Active,868411,NA,NA,D,3,1,338986.79,50.95,2001,45,4,6.07
199278,Active,569356,NA,NA,S,2,1,619848.7088,236.95,1990,68,4,33.48
199279,Active,612692,NA,NA,S,5,1,16391.1975,60,2013,64,43.76,47.15
199280,Active,544943,NA,NA,D,4,1,153933.6913,52,2008,40,11,31.49
199281,Active,515235,NA,NA,D,8,1,225322.07,173.6,2008,29,43.88,119.45
199282,Active,2366291,NA,NA,S,3,1,7945799.551,63,1994,15,4.4,43.83
199283,Active,552128,NA,NA,D,6,1,1053515.619,99,2002,30,4,49.29
199284,Active,617850,NA,NA,D,5,1,518091.7388,56.34,2003,45,4.11,44.21
199285,Active,1439124,NA,NA,S,5,1,2175484.528,96.75,2006,15,28.48,65.28
199286,Active,552107,NA,NA,D,5,1,530241.2325,119.8,2005,24,8.57,43.99
199287,Active,607176,NA,NA,D,5,1,1675178.058,116.8,2003,35,4.12,37.87
199288,Active,119980,NA,NA,D,7,1,179153.955,171.2,2009,37,19.71,90.56
199289,Active,861718,NA,NA,S,6,1,631371.8613,52.95,2013,25,35.74,37.99
199290,Active,156985,NA,NA,D,5,1,2161848.398,64.95,2002,22,4.59,53.99
199291,Active,585988,NA,NA,S,6,1,307956.2025,34.95,2003,35,4.39,38.34
199292,Active,868276,NA,NA,D,0,0,628756.9575,93,1997,25,9.97,38.83
199293,Active,911848,NA,NA,D,2,1,1189617.974,99,2005,20,21.24,78.08
199294,Active,2561987,NA,NA,D,0,0,2582844.115,95.95,1981,25,6.38,73.31
199295,Active,299014,NA,NA,D,1,0,457869.9888,41.95,1995,29,6.39,43.88
199296,Active,647378,NA,NA,S,2,1,70065.27125,59.95,2010,34,41.01,50.92
199297,Active,237553,NA,NA,S,6,1,251588.6175,0,2009,21,7.39,43.94
199298,Active,665010,NA,NA,S,0,0,2500.675,39.99,2013,39,32.97,34.32
199299,Active,664669,NA,NA,S,1,0,80787.8,39.95,2013,16,36.44,33.84
199300,Active,245970,NA,NA,S,1,0,518577.0788,32,2005,27,4.16,23.99
199301,Active,922432,NA,NA,S,2,1,812925.8775,41.95,2001,94,4,9.5
199302,Active,919503,NA,NA,D,0,0,402472.7625,29.95,1994,61,4.62,16.99
199303,Active,618883,NA,NA,D,1,0,575859.1525,285.95,2006,42,4,32.01
199304,Active,620043,NA,NA,S,0,0,447917.4175,40,2005,34,7.24,38.34
199305,Active,575670,NA,NA,D,0,0,1396181.16,62.95,2011,32,4,39.95
199306,Active,271887,NA,NA,S,2,1,566762.29,44.95,2008,20,5.9,31.83
199307,Active,628263,NA,NA,D,1,0,303905.865,36.21,2009,27,4,40.97
199308,Active,642200,NA,NA,S,2,1,122644.3525,89.95,2012,35,33.17,33.99
199309,Active,1557516,NA,NA,S,1,0,27309.79625,57.95,2014,30,40.57,43.84
199310,Active,390660,NA,NA,D,1,0,682612.7275,105,2010,30,8.04,38.57
199311,Active,2120056,NA,NA,S,0,0,901913.6838,47.95,2006,21,8.43,13.99
199312,Active,619839,NA,NA,D,1,0,937447.8575,85,2006,64,4,12.95
199313,Active,617166,NA,NA,D,2,1,542941.5,75,2007,69,4,11.32
199314,Active,629169,NA,NA,D,3,1,230997.15,90,2012,46,14.46,51.44
199315,Active,258422,NA,NA,D,1,0,385709.535,91,2007,39,4,5.88
199316,Active,618236,NA,NA,S,2,1,99417.49625,100,2012,35,43.97,65.31
199317,Active,410827,NA,NA,D,1,0,2042795.001,56.95,2009,14,27.03,109.06
199318,Active,167285,NA,NA,D,1,0,1217825.6,85,2007,26,4.49,23.98
199319,Active,392707,NA,NA,S,2,1,297980.6713,50,2007,36,18.31,43.58
199320,Active,915082,NA,NA,D,1,0,2512756.196,45,2000,31,4,10.99
199321,Active,865571,NA,NA,S,2,1,315976.86,50,2013,25,21.96,24.32
199322,Active,366643,NA,NA,D,0,0,4692730.791,87.95,2003,16,6.03,30.38
199323,Active,366644,NA,NA,D,0,0,1595448.099,42.95,2004,26,4,13.97
199324,Active,2540903,NA,NA,D,1,0,3590342.191,61.95,2003,15,6.38,128.88
199325,Active,564740,NA,NA,D,2,1,350250.955,79.95,2008,93,6.92,18.99
199326,Active,878518,NA,NA,D,9,1,473342.985,25.99,2007,55,5.64,32.97
199327,Active,53133,NA,NA,D,10,1,61936.23875,144.95,2011,82,7.26,41.98
199328,Active,53132,NA,NA,D,9,1,201951.2525,153.95,2008,90,4,26.15
199329,Active,177244,NA,NA,S,7,1,1625868.819,96.95,2004,52,4,15.84
199330,Active,53131,NA,NA,S,8,1,1829221.611,74.95,2006,49,4,8.98
199331,Active,663252,NA,NA,S,0,0,24626.71375,55,2013,41,23.72,32.48
199332,Active,525703,NA,NA,D,6,1,712973.2325,89.95,2008,39,5.24,45.57
199333,Active,147188,NA,NA,D,5,1,1506373.339,89,2004,54,3,12.98
199334,Active,545914,NA,NA,D,7,1,68211.0975,89.95,2012,38,21.04,52.73
199335,Active,648727,NA,NA,D,0,0,667872.445,160,2010,17,33.99,61.99
199336,Active,642251,NA,NA,D,2,1,181895.7413,160,2012,40,20.45,63.98
199337,Active,2533666,NA,NA,D,0,0,1351544.663,40.95,1997,25,4.8,22.49
199338,Active,568427,NA,NA,S,2,1,702099.9725,54.99,1980,43,38.49,49.99
199339,Active,525701,NA,NA,S,2,1,291153.165,47.95,2008,23,32.7,34.49
199340,Active,853950,NA,NA,S,3,1,458681.065,49.95,2003,96,7.25,27.55
199341,Active,671821,NA,NA,D,2,1,1642860.29,169.95,2007,18,91.96,198.27
199342,Active,217431,NA,NA,D,6,1,2510244.024,72,1996,18,25.03,80.66
199343,Active,2342886,NA,NA,S,3,1,1860690.423,99.95,1997,18,49.33,99.85
199344,Active,2339158,NA,NA,D,2,1,3575743.049,131.75,1978,33,4,29.09
199345,Active,1651526,NA,NA,D,0,0,2395743.606,79.95,2006,15,33.97,79.86
199346,Active,861007,NA,NA,S,2,1,419633.6275,69.95,2012,18,48.34,48.15
199347,Active,646487,NA,NA,D,1,0,480636.0775,105,2008,19,43.39,114.85
199348,Active,2390618,NA,NA,S,0,0,759172.24,85.33,1969,29,9.13,65.99
199349,Active,525696,NA,NA,S,10,1,210756.975,71.2,2009,26,17.49,131.6
199350,Active,127531,NA,NA,D,3,1,464840.8038,59.95,2009,52,4,8.01
199351,Active,162714,NA,NA,S,1,0,173982.8925,165.5,2008,48,12.47,58.09
199352,Active,646529,NA,NA,S,3,1,32042.99875,39.95,2008,26,35.01,69.47
199353,Active,866655,NA,NA,S,3,1,15110.3875,61,2014,42,39.76,46.18
199354,Active,619987,NA,NA,D,1,0,949344.9163,38.95,2006,49,4,39.94
199355,Active,106624,NA,NA,D,2,1,206350.5325,50,2009,42,8.93,31.99
199356,Active,125907,NA,NA,D,4,1,2195683.441,250,2001,24,9.85,79.1
199357,Active,525692,NA,NA,D,2,1,2089156.163,267.99,2006,16,17.87,20.33
199358,Active,545672,NA,NA,S,3,1,678458.665,284.99,2012,25,22.88,37.8
199359,Active,3148101,NA,NA,S,10,1,120770.8,129.99,1993,34,46.99,72.38
199360,Active,620264,NA,NA,S,2,1,14785.205,49.99,2010,58,26.97,0
199361,Active,2835287,NA,NA,D,1,0,70138.9875,39.99,1985,37,14.64,82.81
199362,Active,541397,NA,NA,S,4,1,220864.1425,65.95,2013,31,13.42,53.83
199363,Active,3507748,NA,NA,D,0,0,4252979.25,49,2002,44,4,44.67
199364,Active,1485900,NA,NA,S,2,1,196178.44,47,2011,37,35.94,37.58
199365,Active,525691,NA,NA,S,3,1,36551.67,53.95,2012,63,23.83,33.58
199366,Active,193540,NA,NA,D,3,1,1064022.671,73,2007,51,4.38,20.87
199367,Active,775582,NA,NA,D,2,1,4802982.536,55,2003,23,4,11.91
199368,Active,2721878,NA,NA,S,3,1,530038.935,51.95,1998,22,4.88,116.18
199369,Active,652265,NA,NA,S,1,0,31816.45,36.99,2013,12,28.36,28.24
199370,Active,621451,NA,NA,S,3,1,204845.015,112.95,2004,34,16.76,29.87
199371,Active,2236984,NA,NA,S,3,1,207540.095,45,2014,26,31.81,40.5
199372,Active,642164,NA,NA,S,1,0,368286.3038,59.99,2012,46,33.11,41.08
199373,Active,624360,NA,NA,D,1,0,881607.8313,59.99,2009,55,4,23.95
199374,Active,185990,NA,NA,D,1,0,1309846.07,64.99,2008,42,4.5,37.4
199375,Active,525689,NA,NA,S,2,1,585766.865,59.99,2013,53,39.93,41.74
199376,Active,758897,NA,NA,S,3,1,1937952.941,120,1999,21,4.02,22.98
199377,Active,618545,NA,NA,S,5,1,88148.5275,160,2012,31,41.73,68.98
199378,Active,121109,NA,NA,D,3,1,380316.0563,118,1997,39,13.95,58.35
199379,Active,109120,NA,NA,D,1,0,754478.1863,13.99,2004,30,6.24,13.99
199380,Active,620610,NA,NA,D,4,1,710008.6588,145,2006,33,5.42,20.79
199381,Active,164777,NA,NA,D,3,1,2198020.484,140,2003,27,4.39,18.99
199382,Active,864880,NA,NA,D,0,0,787283.87,75,1991,14,20.24,0
199383,Active,60905,NA,NA,D,2,1,672535.6525,109,1996,24,26.53,59.06
199384,Active,663293,NA,NA,S,2,1,75309.56125,99.95,2013,46,33.09,37.32
199385,Active,844356,NA,NA,D,0,0,2454312.32,86,1987,13,25.99,38.99
199386,Active,648085,NA,NA,D,1,0,3386144.57,160,1995,25,11.97,28.99
199387,Active,892039,NA,NA,D,0,0,4651550.93,54.2,2009,10,20.9,47.21
199388,Active,285672,NA,NA,D,1,0,680813.385,99.95,2006,36,6.24,49.5
199389,Active,2573040,NA,NA,S,2,1,371274.6263,220,1990,38,21.39,42.98
199390,Active,257476,NA,NA,D,1,0,559673.205,132.95,1997,56,4,44.65
199391,Active,165640,NA,NA,S,2,1,670832.0263,155,2004,56,12.16,79.95
199392,Active,321570,NA,NA,S,3,1,269047.6963,162.6,1996,27,25.41,113.99
199393,Active,1445552,NA,NA,D,0,0,1580512.741,90.95,2007,52,46.14,51.72
199394,Active,2227764,NA,NA,S,1,0,39865.8,130,2006,25,44.59,43.41
199395,Active,916903,NA,NA,D,0,0,522142.355,32,1991,32,7.48,19.47
199396,Active,477806,NA,NA,S,0,0,42604.625,69.99,2011,18,32.77,39.99
199397,Active,639310,NA,NA,D,1,0,318390.15,53.95,2008,24,15.17,0
199398,Active,244334,NA,NA,D,5,1,56886.17625,50.08,2012,69,19.64,38.59
199399,Active,525683,NA,NA,D,8,1,635770.8713,244.2,2010,45,4.98,47.15
199400,Active,51875,NA,NA,D,9,1,314652.8825,282.95,2011,72,4.84,5.09
199401,Active,116678,NA,NA,D,6,1,3083924.618,159.4,2004,31,4,15.98
199402,Active,161786,NA,NA,D,3,1,810357.7525,16.83,2007,59,4,13.99
199403,Active,751303,NA,NA,D,3,1,2174762.681,18.97,2009,20,6.38,18.97
199404,Active,165032,NA,NA,S,2,1,852838.725,22.94,2004,59,4,12.1
199405,Active,381479,NA,NA,D,4,1,37560.53,153.95,2012,55,9.49,31.92
199406,Active,162439,NA,NA,D,4,1,227795.6475,76.61,2008,62,4,46.52
199407,Active,290621,NA,NA,D,3,1,1866296.613,11.42,2005,48,4,11.42
199408,Active,1782828,NA,NA,D,9,1,211231.1825,266.95,2011,63,7.62,28.98
199409,Active,60906,NA,NA,D,7,1,1252919.834,213.33,2007,90,4,6.83
199410,Active,101422,NA,NA,S,3,1,247815.7263,181.95,2003,27,8.75,67.81
199411,Active,251093,NA,NA,D,5,1,625837.4638,218.95,2008,53,4,21.86
199412,Active,60907,NA,NA,D,4,1,747353.9625,199.95,2006,29,5.8,31.64
199413,Active,109312,NA,NA,S,7,1,24672.24875,141.52,2005,101,8.41,79.21
199414,Active,1777587,NA,NA,S,5,1,1522386.755,104.75,2012,15,5.99,69.38
199415,Active,178683,NA,NA,D,6,1,81742.31,197.95,2010,73,4.73,78.76
199416,Active,184031,NA,NA,D,5,1,1603573.545,208.95,2005,50,3.94,18.6
199417,Active,175860,NA,NA,D,1,0,1590886.043,94.99,2006,36,13.91,56.21
199418,Active,1829100,NA,NA,S,0,0,180055.6413,68.38,2013,8,84.98,78.35
199419,Active,116297,NA,NA,D,3,1,1247091.118,117.67,1998,50,4.12,18.98
199420,Active,845311,NA,NA,S,2,1,3456949.444,94.9,1990,34,4.13,32.36
199421,Active,117717,NA,NA,D,4,1,374563.9588,156,2005,27,21.99,63.33
199422,Active,164455,NA,NA,D,1,0,370223.675,140,2002,31,25.94,38.89
199423,Active,169169,NA,NA,D,6,1,657644.23,166.95,2006,61,4.1,28.98
199424,Active,177765,NA,NA,D,5,1,764579.6,106.95,2002,46,3.99,18.2
199425,Active,655045,NA,NA,S,1,0,206177.7025,64.99,2013,23,37.84,40.97
199426,Active,591420,NA,NA,D,1,0,2719010.166,130,2003,19,44.1,61.94
199427,Active,594380,NA,NA,D,2,1,988877.2213,189,2010,19,121.99,133.96
199428,Active,627750,NA,NA,D,0,0,2735075.109,130,1992,25,6.37,46.77
199429,Active,3598622,NA,NA,D,1,0,2871568.1,219.95,1999,15,82.14,123.56
199430,Active,631169,NA,NA,S,22,1,1341602.775,115,2010,20,6.98,68.77
199431,Active,58557,NA,NA,D,20,1,904072.3888,35.95,2005,108,4,7.99
199432,Active,536012,NA,NA,S,22,1,42327.275,42.95,2013,57,21.36,26.99
199433,Active,210973,NA,NA,D,21,1,1540879.323,105,2009,35,5.49,18.98
199434,Active,2264739,NA,NA,S,21,1,475773.9263,15.84,2008,35,10.53,18.52
199435,Active,527183,NA,NA,S,21,1,1672252.535,120,2012,13,4.73,4
199436,Active,54243,NA,NA,D,21,1,90822.085,42.95,2009,318,5.74,9.49
199437,Active,543152,NA,NA,S,22,1,711253.1638,97.5,2013,24,43.29,51.24
199438,Active,54242,NA,NA,D,20,1,183947.5175,39.95,2005,186,5.24,11.97
199439,Active,543140,NA,NA,S,22,1,1467.33,45.95,2013,216,17.98,23.93
199440,Active,3467976,NA,NA,S,2,1,32445.35,50,2015,19,31.7,30.31
199441,Active,1779590,NA,NA,D,1,0,169197.33,50,2013,35,15.99,28.96
199442,Active,185095,NA,NA,D,0,0,1886950.598,87.56,1996,23,7.41,63.98
199443,Active,287118,NA,NA,S,2,1,163569.23,64.95,2010,43,20.11,61.28
199444,Active,3786529,NA,NA,D,4,1,4557305.65,116.95,2002,31,56.89,108.35
199445,Active,896105,NA,NA,D,3,1,2823143.024,152.75,1998,19,45.98,103.42
199446,Active,104644,NA,NA,S,2,1,993517.1838,54.95,1995,22,6.38,73.53
199447,Active,2909816,NA,NA,S,0,0,1249685.494,29.95,2005,22,30.9,73.98
199448,Active,112643,NA,NA,S,0,0,971189.25,135.13,2005,35,4.76,82.77
199449,Active,907332,NA,NA,D,0,0,2788370.043,52.95,1998,20,6.75,30.44
199450,Active,722834,NA,NA,S,1,0,100647.4,98.95,2014,27,26.99,84.21
199451,Active,848599,NA,NA,S,2,1,1993990.186,93.33,1998,36,4,11.92
199452,Active,127413,NA,NA,D,3,1,66465.835,49.95,2010,109,6.46,6.68
199453,Active,427085,NA,NA,D,2,1,5142938.693,250,2005,14,8.13,197.64
199454,Active,664938,NA,NA,S,3,1,1374639.08,55,2013,15,48.22,50.44
199455,Active,177645,NA,NA,S,5,1,147973.0925,155.95,2004,68,9.74,62.79
199456,Active,102657,NA,NA,S,10,1,7168.7,24.99,2006,310,4,13.66
199457,Active,623667,NA,NA,S,1,0,225375.5,40,2000,34,8.93,26.3
199458,Active,110510,NA,NA,S,13,1,685482.7875,58.5,2008,44,4,16.95
199459,Active,867436,NA,NA,S,16,1,89032.60125,70.25,2014,39,14.19,49.53
199460,Active,111940,NA,NA,S,14,1,426274.1013,213.01,2010,41,4,28.99
199461,Active,1822535,NA,NA,S,8,1,19313.43875,70.25,2014,29,19.98,55.06
199462,Active,111954,NA,NA,S,6,1,1323538.066,59.75,2010,45,4,32.96
199463,Active,537537,NA,NA,S,7,1,491197.0763,8.99,2012,50,4,30.55
199464,Active,538520,NA,NA,D,0,0,375779.1338,70.25,2011,36,5.48,0
199465,Active,612101,NA,NA,S,4,1,383823.45,54.25,2013,25,35.84,0
199466,Active,111371,NA,NA,S,14,1,357105.8825,35.95,2010,31,4.34,12.89
199467,Active,110638,NA,NA,S,2,1,1306811.32,85.77,2006,62,4,10.84
199468,Active,111950,NA,NA,S,4,1,190890.0088,70.25,2011,33,16.31,47.88
199469,Active,537552,NA,NA,S,3,1,286116.6163,70.25,2012,39,11.53,41.72
199470,Active,110512,NA,NA,S,2,1,803014.7513,11.94,2008,78,4,41.25
199471,Active,110791,NA,NA,S,5,1,1170921.093,43.1,2009,54,4,43.99
199472,Active,612684,NA,NA,S,13,1,54321.20375,49.13,2013,34,21.99,31.22
199473,Active,3694413,NA,NA,S,14,1,122153.85,70.25,2015,17,55.94,59.22
199474,Active,110647,NA,NA,S,12,1,265666.6338,305.2,2011,31,14.24,84.36
199475,Active,110643,NA,NA,S,11,1,696523.4938,15,2009,55,4,25.57
199476,Active,111957,NA,NA,S,9,1,600787.4813,87.5,2011,30,4.55,18.94
199477,Active,112066,NA,NA,S,8,1,1397745.406,59.75,2009,50,4,11.31
199478,Active,1830069,NA,NA,S,10,1,449092.4513,43.5,2013,11,34.57,67.1
199479,Active,537549,NA,NA,S,10,1,645980.335,16.49,2012,57,19.22,41.99
199480,Active,612497,NA,NA,S,11,1,35803.52125,70.25,2013,46,21.54,41.33
199481,Active,112094,NA,NA,S,9,1,888824.8,12.99,2009,48,4,12.08
199482,Active,110290,NA,NA,S,8,1,1607673.178,18.7,2007,46,3.96,8.36
199483,Active,111958,NA,NA,S,10,1,223058.85,86.06,2011,40,14.94,84.92
199484,Active,112065,NA,NA,S,9,1,1086795.478,28.49,2009,51,4,23.58
199485,Active,905160,NA,NA,D,7,1,461757.995,70.25,2014,37,5.11,54.99
199486,Active,110503,NA,NA,D,5,1,1142489.116,23.77,2007,41,3.99,20.42
199487,Active,538521,NA,NA,S,2,1,239671.9438,70.25,2011,22,27.38,51.73
199488,Active,913912,NA,NA,S,10,1,244556.58,93.94,2014,26,14.6,61.88
199489,Active,110289,NA,NA,S,7,1,2598284.06,7.88,2007,40,3.95,61.51
199490,Active,285434,NA,NA,S,8,1,860240.4325,16.84,2009,39,4,28.99
199491,Active,538863,NA,NA,S,9,1,619233.5363,13.72,2012,43,4,22.97
199492,Active,612314,NA,NA,S,11,1,62504.26,59.06,2013,67,4.24,63.99
199493,Active,111959,NA,NA,S,10,1,761430.605,25.99,2011,61,4,33.41
199494,Active,538552,NA,NA,S,2,1,158923.635,57.45,2012,33,25.97,49.93
199495,Active,612144,NA,NA,S,13,1,48038.81,70.25,2013,34,35.71,42.32
199496,Active,111956,NA,NA,S,12,1,273393.5925,59.75,2011,44,4,19.95
199497,Active,614476,NA,NA,S,9,1,2622567.439,44.19,2004,39,4,44.02
199498,Active,110790,NA,NA,S,11,1,1214310.79,50,2009,37,4,25.69
199499,Active,111939,NA,NA,S,3,1,399289.5188,0,2010,55,1,75.49
199500,Active,1822625,NA,NA,S,13,1,61509.71,70.25,2014,45,6.74,49.68
199501,Active,111942,NA,NA,S,11,1,705273.9488,59.75,2010,63,4,19.33
199502,Active,1442214,NA,NA,S,12,1,258362.3463,67.99,2012,51,4,60.99
199503,Active,869859,NA,NA,S,10,1,72630.4375,70.25,2014,30,25.83,46.29
199504,Active,537547,NA,NA,S,9,1,375477.3063,14.35,2012,35,4.13,40.18
199505,Active,111947,NA,NA,S,8,1,988118.0675,59.75,2010,42,4,35.99
199506,Active,111337,NA,NA,S,9,1,1437300.513,23.94,2010,39,4,10.94
199507,Active,111962,NA,NA,S,10,1,406089.3988,130.99,2011,48,5.07,53.42
199508,Active,646999,NA,NA,D,10,1,558504.6563,87.5,2012,30,4,0
199509,Active,3718143,NA,NA,D,11,1,939868.8,0,2014,11,33.51,50.94
199510,Active,417341,NA,NA,S,4,1,49176.24,70.25,2012,53,5.1,43.87
199511,Active,112092,NA,NA,S,3,1,705181.5338,39.66,2009,31,4.23,38.63
199512,Active,537544,NA,NA,S,6,1,377785.0125,8.98,2012,42,4.28,77.51
199513,Active,111946,NA,NA,S,5,1,993474,20.21,2010,54,3.31,10.79
199514,Active,1822560,NA,NA,S,7,1,74966.90125,70.25,2015,27,37.56,47.79
199515,Active,632007,NA,NA,S,2,1,161630.9875,70.25,2013,28,26.08,43.09
199516,Active,525673,NA,NA,S,15,1,367159.4138,106.5,2012,41,20.71,52.78
199517,Active,607040,NA,NA,S,13,1,572955.5163,72.49,2008,44,5.93,54.99
199518,Active,924320,NA,NA,S,16,1,173876.9025,70.25,2014,27,33.94,37.94
199519,Active,111945,NA,NA,S,14,1,580624.0075,49.95,2010,60,4,18.22
199520,Active,112067,NA,NA,S,3,1,1131402.094,57,2009,33,4,41.49
199521,Active,612107,NA,NA,S,4,1,270585.4163,70.25,2013,27,18.69,51.34
199522,Active,895182,NA,NA,S,17,1,72704.81125,70.25,2015,34,38.44,47.78
199523,Active,538912,NA,NA,S,16,1,362136.2613,42.98,2013,60,8.75,38.98
199524,Active,111951,NA,NA,S,15,1,561690.9225,11.99,2011,53,4,11.99
199525,Active,110502,NA,NA,S,3,1,819841.6638,7.17,2008,74,4,8.98
199526,Active,626206,NA,NA,S,14,1,477966.9363,80.43,2011,45,4,82.97
199527,Active,624671,NA,NA,S,14,1,250920.755,62.4,2012,28,6.95,68.71
199528,Active,538908,NA,NA,S,15,1,293837.3763,48.68,2013,49,9.99,50.26
199529,Active,285199,NA,NA,S,1,0,41119.925,70.25,2005,50,10.96,43.64
199530,Active,110646,NA,NA,S,15,1,338875.9288,87.5,2011,18,19.49,86.57
199531,Active,1822522,NA,NA,S,16,1,204289.16,70.25,2014,20,47.9,46.48
199532,Active,525664,NA,NA,S,17,1,90592.5575,46.99,2012,111,11.5,74.36
199533,Active,613108,NA,NA,S,14,1,1792046.798,11.95,2006,80,3.64,11.95
199534,Active,867872,NA,NA,S,18,1,58711.4875,60.86,2014,33,37.11,154.5
199535,Active,111952,NA,NA,S,16,1,901803.7438,26.94,2011,54,4,21.98
199536,Active,111941,NA,NA,S,16,1,142702.1788,23.8,2010,93,4,22.25
199537,Active,2924501,NA,NA,S,16,1,81669.91,57.9,2015,16,42.85,50.8
199538,Active,525670,NA,NA,S,15,1,87085.965,65.75,2012,53,4,42.17
199539,Active,110485,NA,NA,S,14,1,1172764.558,8.98,2011,57,4,10.98
199540,Active,873512,NA,NA,S,16,1,108295.8363,93.75,2014,30,31.99,48.06
199541,Active,657862,NA,NA,S,15,1,426387.0313,46.23,2013,43,5.97,13.06
199542,Active,621893,NA,NA,S,7,1,316368.2638,104.59,2012,27,6.51,46.35
199543,Active,612402,NA,NA,S,8,1,70931.2925,70.25,2013,60,25.17,32.66
199544,Active,111960,NA,NA,S,7,1,585320.7875,2.61,2011,44,5.97,23.95
199545,Active,111336,NA,NA,S,6,1,1341667.986,15.98,2010,31,4,15.98
199546,Active,612373,NA,NA,S,16,1,47341.0325,59.19,2013,40,9.73,61.06
199547,Active,537539,NA,NA,S,15,1,604874.5913,57.92,2012,37,4.97,129.01
199548,Active,706346,NA,NA,S,14,1,119362.0913,53.3,2014,31,31.39,31.64
199549,Active,2924507,NA,NA,S,14,1,551395.3225,70.25,2015,10,42.45,56.98
199550,Active,910882,NA,NA,S,13,1,1462441.826,163.95,2003,44,4,62.65
199551,Active,629086,NA,NA,S,18,1,201255.6513,43.96,2013,97,4,43.47
199552,Active,2924498,NA,NA,S,19,1,164805.4513,70.25,2015,22,44.93,45.18
199553,Active,111463,NA,NA,S,17,1,1353234.6,7.5,2011,51,4,7.49
199554,Active,55621,NA,NA,S,17,1,678828.7388,23.24,2010,65,4,23.65
199555,Active,664132,NA,NA,S,18,1,212815.8175,43.99,2013,49,20.49,78.43
199556,Active,1822568,NA,NA,S,19,1,57832.79,50.89,2014,21,31.16,71.99
199557,Active,537533,NA,NA,S,17,1,703847.1975,91.46,2012,70,4,50.49
199558,Active,55609,NA,NA,S,15,1,928449.6163,54.25,2007,52,4,11.98
199559,Active,55616,NA,NA,S,16,1,860075.1225,59.75,2010,60,4,28.19
199560,Active,533408,NA,NA,S,17,1,371832.56,93.21,2012,64,4.2,46.58
199561,Active,538907,NA,NA,S,17,1,372562.465,59.75,2013,44,5.53,15.51
199562,Active,2352248,NA,NA,D,0,0,2473676.761,39.5,2002,29,4,4.08
199563,Active,110509,NA,NA,S,2,1,262157.3413,70.25,2007,29,13.37,0
199564,Active,607039,NA,NA,S,2,1,1538532.854,61.08,2008,41,4,39.99
199565,Active,111949,NA,NA,S,4,1,528834.8863,71.8,2011,18,23.94,42.22
199566,Active,110639,NA,NA,S,12,1,568693.8263,72.71,2008,33,4,42.09
199567,Active,417340,NA,NA,S,5,1,149275.01,70.25,2012,44,12.97,38.13
199568,Active,110644,NA,NA,S,3,1,313092.3663,75.26,2009,29,9.61,63.07
199569,Active,285580,NA,NA,S,13,1,352610.0813,57.96,2011,28,4,65.99
199570,Active,129148,NA,NA,S,0,0,184278.2188,6.95,2008,51,4,6
199571,Active,402404,NA,NA,S,2,1,286864.6163,60,2010,81,14.98,33.97
199572,Active,2076952,NA,NA,S,0,0,279399.3288,40,2008,26,19.43,26.45
199573,Active,592051,NA,NA,S,0,0,453408.3213,32.95,2009,54,4,33.1
199574,Active,769785,NA,NA,S,2,1,228560.905,64.95,2001,49,4,21.96
199575,Active,1469582,NA,NA,S,2,1,2576684.949,44.95,2007,20,9.48,44.9
199576,Active,557166,NA,NA,S,5,1,525567.78,95,2002,44,4,34
199577,Active,271474,NA,NA,S,1,0,521993.8588,44.95,2010,43,15.13,36.83
199578,Active,3787375,NA,NA,D,0,0,1420763.5,47,1996,61,4,28.98
199579,Active,2096721,NA,NA,S,0,0,115999.53,149.1,2012,43,17.72,146.72
199580,Active,127182,NA,NA,D,3,1,731070.445,44.95,2007,71,4,16.99
199581,Active,627481,NA,NA,D,1,0,59708.1225,80,2009,46,21.55,59.46
199582,Active,617405,NA,NA,S,2,1,352655.0413,44,2007,38,12.99,16.99
199583,Active,108124,NA,NA,D,8,1,1387182.244,31.39,2003,48,4,12.77
199584,Active,296055,NA,NA,S,3,1,1057947.568,39.33,1998,79,4,17.98
199585,Active,55150,NA,NA,D,5,1,85787.625,105.6,2009,63,12.86,96.98
199586,Active,55149,NA,NA,D,4,1,548725.4963,65.6,2004,90,4,15.22
199587,Active,1826431,NA,NA,S,7,1,571991.12,39.95,2015,14,23.42,34.42
199588,Active,911189,NA,NA,S,1,0,1566349.918,24.95,2006,23,4,21.08
199589,Active,354858,NA,NA,S,2,1,46548.275,64.95,2005,68,19.89,35.96
199590,Active,660872,NA,NA,S,0,0,6209.725,40,2013,26,13.97,10.45
199591,Active,1704400,NA,NA,S,0,0,2489.85,40,2010,31,22.87,23.2
199592,Active,864778,NA,NA,S,3,1,46291.59125,56.99,2014,22,36.99,46.79
199593,Active,203587,NA,NA,D,0,0,527566.0175,45.95,2004,28,7.91,55.49
199594,Active,525653,NA,NA,D,2,1,677920.1338,57.99,2009,40,8.07,72.99
199595,Active,895281,NA,NA,S,10,1,979155.8713,39.99,2014,20,4,21.33
199596,Active,802725,NA,NA,S,6,1,2169081.053,39.99,2011,23,4,13.99
199597,Active,858452,NA,NA,S,8,1,1954197.651,39.99,2012,24,4,72.35
199598,Active,761450,NA,NA,D,3,1,4858051.759,280,2005,13,21.07,85.57
199599,Active,525652,NA,NA,S,5,1,807765.945,308,2012,35,10.74,39.97
199600,Active,646581,NA,NA,D,3,1,1176473.034,28,2006,20,18.44,38.99
199601,Active,896987,NA,NA,D,4,1,738990.9413,43,2011,22,25.92,0
199602,Active,3475261,NA,NA,D,1,0,3511723.9,99,1999,48,4,26.47
199603,Active,712172,NA,NA,D,2,1,4266781.869,149.4,2002,16,4.12,38.99
199604,Active,386526,NA,NA,S,15,1,1317090.461,39.99,2011,34,4,5.88
199605,Active,634890,NA,NA,S,2,1,340397.1513,45,2009,27,13.4,33.99
199606,Active,163363,NA,NA,D,0,0,1739015.559,159.75,2011,37,4.9,47.96
199607,Active,870430,NA,NA,D,0,0,1034324.688,32.08,2014,32,4.87,28.08
199608,Active,871327,NA,NA,S,10,1,1038717.421,171,2012,16,24.26,171
199609,Active,613762,NA,NA,D,9,1,964004.3263,149,2010,45,4,13.94
199610,Active,625654,NA,NA,D,10,1,342561.565,217,2012,121,5.75,195.83
199611,Active,625147,NA,NA,D,9,1,1634271.678,295.27,2010,20,6.99,34.99
199612,Active,613245,NA,NA,S,8,1,1848066.344,20.89,2007,39,4,20.89
199613,Active,142935,NA,NA,D,3,1,841327.2263,162,2005,26,4,76.93
199614,Active,659913,NA,NA,S,2,1,461548.5238,201,2013,33,34.78,121.17
199615,Active,120640,NA,NA,D,4,1,76616.0525,222.6,2008,57,4.46,80.93
199616,Active,116720,NA,NA,D,3,1,1164496.155,176,2004,44,4,33.93
199617,Active,54481,NA,NA,D,3,1,42408.9225,106.99,2010,225,5.82,16.49
199618,Active,54480,NA,NA,D,2,1,782187.8538,93.95,2006,203,4,7.22
199619,Active,625386,NA,NA,D,2,1,1028409.525,57.99,2006,25,4,23.05
199620,Active,1936284,NA,NA,S,3,1,590509.1888,67.99,2013,21,36.74,44.92
199621,Active,900568,NA,NA,S,2,1,316092.8925,47.99,2014,28,16.39,23.6
199622,Active,625063,NA,NA,D,3,1,1439473.456,67.99,2007,33,4,9.99
199623,Active,881725,NA,NA,S,4,1,486334.185,71.99,2015,17,39.59,43.99
199624,Active,2428960,NA,NA,S,1,0,722623.8813,54.99,1994,65,4,15.54
199625,Active,667211,NA,NA,S,3,1,648670.7975,69.95,2012,23,37,58.54
199626,Active,622051,NA,NA,S,1,0,31332.775,99.95,2005,25,43.79,54.52
199627,Active,616788,NA,NA,S,1,0,211806.7638,79.99,1993,93,5.11,57.75
199628,Active,608716,NA,NA,S,3,1,298370.565,44.95,2002,39,6.11,27.67
199629,Active,635346,NA,NA,D,9,1,1774906.584,179,2003,23,6.25,63.12
199630,Active,635922,NA,NA,D,10,1,687511.1488,215.99,2011,31,33.51,87.9
199631,Active,626640,NA,NA,S,2,1,60968.69875,69.95,2013,47,6.74,14.59
199632,Active,162979,NA,NA,S,1,0,3493.72375,29.95,2010,340,5.25,18.99
199633,Active,637792,NA,NA,S,4,1,841320.4,40,2011,13,39.96,0
199634,Active,608847,NA,NA,S,3,1,2474614.66,29.99,1999,45,4,9.69
199635,Active,608866,NA,NA,S,5,1,345762.2275,44.99,2004,36,5.89,70.91
199636,Active,525643,NA,NA,S,7,1,98439.82125,44.99,2012,71,9.43,27.46
199637,Active,702171,NA,NA,S,0,0,768884.605,26,2011,15,8.13,0
199638,Active,106329,NA,NA,S,4,1,586650.9288,34.95,2006,50,4,13.95
199639,Active,106072,NA,NA,S,1,0,1251991.744,12.95,2004,37,4,32.98
199640,Active,2350199,NA,NA,S,4,1,501039.1088,15.95,2004,25,8.34,40.38
199641,Active,106092,NA,NA,S,2,1,1423226.236,16.95,2004,24,8.91,62.87
199642,Active,166809,NA,NA,D,2,1,1371470.298,15.99,2004,27,4,15.98
199643,Active,161819,NA,NA,D,2,1,787253.8538,65.67,2007,27,20.04,22.99
199644,Active,119138,NA,NA,D,8,1,277017.7788,150.2,2010,43,4.16,141.13
199645,Active,533900,NA,NA,D,7,1,552558.0688,113.33,2006,57,4,20.59
199646,Active,60910,NA,NA,D,5,1,946452.8713,220.95,2007,89,4,16.14
199647,Active,525620,NA,NA,D,7,1,87200.8,189.95,2011,104,7.17,30.91
199648,Active,254142,NA,NA,D,6,1,572427.215,200.95,2009,85,4,8.47
199649,Active,248450,NA,NA,D,4,1,78908.6225,200.95,2009,42,51.65,149.27
199650,Active,248314,NA,NA,D,3,1,246455.8763,211.95,2004,57,4.04,69.21
199651,Active,831498,NA,NA,S,2,1,1697072.473,91.95,2000,37,4,36.99
199652,Active,2529830,NA,NA,D,0,0,2438710.635,47.95,1993,28,4,43.66
199653,Active,2252441,NA,NA,D,2,1,1476772.173,65.56,2010,40,14.98,39.68
199654,Active,111895,NA,NA,D,3,1,14114.97125,201.5,2011,112,9.72,40.74
199655,Active,416610,NA,NA,D,2,1,290648.6763,18.99,2008,141,4,14.44
199656,Active,60912,NA,NA,D,1,0,1928071.304,84.85,2007,65,4,4.36
199657,Active,58196,NA,NA,D,8,1,118809.1338,119.3,2006,117,4,15.91
199658,Active,110129,NA,NA,D,9,1,46359.0825,239.5,2009,81,12.15,41.99
199659,Active,2102169,NA,NA,S,6,1,297867.81,45.99,2014,29,40.79,45.99
199660,Active,287516,NA,NA,D,7,1,1406588.988,103.4,2001,53,4,9.94
199661,Active,322674,NA,NA,D,8,1,431822.6313,129.6,2006,65,4,13.98
199662,Active,525618,NA,NA,S,9,1,203251.2675,179.4,2007,41,6.94,23.99
199663,Active,667898,NA,NA,S,0,0,695304.1213,54.95,2011,18,41.29,42.13
199664,Active,131612,NA,NA,S,3,1,540926.0163,84.8,2003,63,4,13.9
199665,Active,1546965,NA,NA,S,2,1,211642.645,48.95,2011,20,27.6,35.6
199666,Active,58190,NA,NA,D,3,1,661932.3038,108,2007,76,4,10.49
199667,Active,58188,NA,NA,D,4,1,252760.2025,154.4,2010,104,4,17.29
199668,Active,571484,NA,NA,D,1,0,1064137.048,51.6,2002,32,3.99,22.98
199669,Active,662381,NA,NA,S,2,1,1146806.945,46.95,2011,54,19.82,23.74
199670,Active,2631506,NA,NA,D,1,0,4209302.263,48.33,2003,19,6.38,21.93
199671,Active,544910,NA,NA,S,2,1,714228.6813,46.95,2011,22,39.35,38.4
199672,Active,2631415,NA,NA,D,1,0,3485398.101,48.33,2001,14,13.98,74.3
199673,Active,114596,NA,NA,S,2,1,280226.88,158.8,2003,44,4,43.55
199674,Active,525616,NA,NA,S,3,1,200522.7738,46,2010,47,21.99,26.71
199675,Active,51798,NA,NA,D,3,1,28466.73125,75.53,2007,94,12.94,35.84
199676,Active,177702,NA,NA,S,2,1,147146.2025,249.95,2002,56,4.6,30.58
199677,Active,61132,NA,NA,D,4,1,1976040.896,88,2003,41,4,22.99
199678,Active,714861,NA,NA,D,3,1,6482462.558,70,1999,27,4.27,14.74
199679,Active,574861,NA,NA,S,2,1,1425614.324,30,2004,67,4,6.71
199680,Active,545656,NA,NA,S,3,1,719662.6475,39,2011,25,17.75,23.28
199681,Active,574876,NA,NA,S,3,1,72351.86125,56,2008,28,20.97,40.85
199682,Active,121384,NA,NA,D,7,1,195343.1175,174,2009,59,8.92,43.99
199683,Active,121563,NA,NA,S,7,1,1819827.766,173.93,2009,27,5.48,141.2
199684,Active,131785,NA,NA,S,2,1,2366233.114,73,2003,31,4,25.1
199685,Active,557247,NA,NA,S,4,1,204527.255,160.2,2005,50,4.76,44.15
199686,Active,55145,NA,NA,D,5,1,812752.2225,18.99,2007,67,4,18.99
199687,Active,55143,NA,NA,S,4,1,990007.5538,98,2003,69,4,18.99
199688,Active,623021,NA,NA,D,5,1,1332857.275,127.4,2007,45,6.09,44.28
199689,Active,539212,NA,NA,S,4,1,267348.4063,90,2009,46,40.29,57.69
199690,Active,115816,NA,NA,D,3,1,789772.2425,57,2003,38,4,15.49
199691,Active,631049,NA,NA,S,1,0,379357.6,79.95,1998,30,14.08,44.97
199692,Active,868156,NA,NA,D,0,0,2737234.416,45,1993,22,4,43.35
199693,Active,897002,NA,NA,S,3,1,296631.3338,49.95,2015,18,31.98,40.78
199694,Active,256306,NA,NA,D,2,1,681563.29,44.95,2005,50,4,35.99
199695,Active,641624,NA,NA,S,3,1,137331.6913,53.5,2007,57,4.83,13.27
199696,Active,163989,NA,NA,D,4,1,2064348.298,8.98,2004,33,4,8.96
199697,Active,625293,NA,NA,S,0,0,51362.925,36.95,2009,19,22.85,20.91
199698,Active,525613,NA,NA,D,5,1,360979.3775,72.2,2011,24,19.99,50.31
199699,Active,368640,NA,NA,D,4,1,1264581.614,57.6,2007,34,4,66.35
199700,Active,560079,NA,NA,S,4,1,739817.6738,53.5,2012,31,9.55,42.75
199701,Active,525611,NA,NA,S,4,1,1654522.196,53,2009,27,4,37.38
199702,Active,183588,NA,NA,D,2,1,684116.875,124.95,2007,32,4.28,12.98
199703,Active,55606,NA,NA,D,3,1,143941.0313,113.2,2007,39,20.95,23.99
199704,Active,55605,NA,NA,D,2,1,2130885.156,79.67,2003,49,4,11.99
199705,Active,2344751,NA,NA,D,0,0,1411661.431,63.9,1992,29,6.38,38.69
199706,Active,543769,NA,NA,S,4,1,23822.025,113.95,2013,42,45.83,51.76
199707,Active,115929,NA,NA,D,4,1,1392586.34,101.2,2004,50,4,41.02
199708,Active,3480203,NA,NA,D,2,1,3523491.4,110,2001,25,6.31,33.98
199709,Active,637019,NA,NA,D,3,1,1123433.688,80,2010,22,6.61,75.29
199710,Active,525609,NA,NA,S,3,1,228004.9388,71.95,2013,33,47.01,52.47
199711,Active,289841,NA,NA,S,1,0,376355.975,42.95,2008,26,31.98,34.15
199712,Active,148828,NA,NA,S,1,0,17805.05,62.5,2006,41,28.33,38.98
199713,Active,289828,NA,NA,D,2,1,110450.97,58.95,2007,70,25.79,34.23
199714,Active,892744,NA,NA,S,3,1,110795.0013,54.95,2014,17,48.9,48.86
199715,Active,1522160,NA,NA,S,4,1,253492.345,66,2011,22,29.73,43.34
199716,Active,794140,NA,NA,D,2,1,1028743.864,47.95,2005,25,10.42,21.64
199717,Active,337045,NA,NA,S,3,1,312499.4013,55.95,2011,31,47.98,43.32
199718,Active,909983,NA,NA,S,3,1,202863.325,49,2014,30,24.34,28.4
199719,Active,262146,NA,NA,S,2,1,112885.53,34.95,2001,134,4,11.89
199720,Active,655428,NA,NA,S,3,1,12024.9,39.99,2012,21,27.61,29.67
199721,Active,715454,NA,NA,S,2,1,546292.0113,62.4,2011,35,21.29,41.29
199722,Active,545848,NA,NA,S,2,1,160953.6825,41.95,2012,31,33.99,33.92
199723,Active,57426,NA,NA,D,4,1,1459823.4,120,2005,61,3,23.99
199724,Active,114123,NA,NA,D,3,1,878171.1988,73,2001,24,4,25.5
199725,Active,285981,NA,NA,D,4,1,918079.5638,106.2,2005,52,4,10.58
199726,Active,254618,NA,NA,D,4,1,23479.02125,99.95,2011,68,18.02,54.08
199727,Active,1718556,NA,NA,S,1,0,67651.55,85,2013,19,47.98,51.08
199728,Active,60913,NA,NA,D,2,1,1221609.581,69.95,2004,59,4,15.86
199729,Active,249024,NA,NA,D,3,1,591892.5413,86.95,2008,99,4,36.92
199730,Active,53503,NA,NA,D,4,1,3028444.509,76.8,2004,30,4,10.49
199731,Active,2365096,NA,NA,S,3,1,2826345.885,55,2000,33,4,31.75
199732,Active,121341,NA,NA,D,5,1,293542.2138,111.27,2008,23,6.99,51.06
199733,Active,53504,NA,NA,D,5,1,1270760.036,104.6,2008,39,4,15.07
199734,Active,117055,NA,NA,D,9,1,514561.3575,130.6,2008,66,4.38,28.94
199735,Active,60914,NA,NA,D,8,1,1667350.329,95.4,2005,50,4,5.84
199736,Active,55601,NA,NA,D,3,1,1857886.454,96,2008,20,8.99,10.95
199737,Active,117040,NA,NA,D,3,1,303657.1,92.6,2008,38,4.2,27.88
199738,Active,55599,NA,NA,D,2,1,1773696.393,78.8,2004,42,4,28.91
199739,Active,114104,NA,NA,D,5,1,1033512.69,74.33,2001,44,3.99,50.03
199740,Active,116132,NA,NA,D,6,1,655120.4825,123,2005,38,4,19.58
199741,Active,297897,NA,NA,D,2,1,63767.45,170.95,2012,53,38.44,95.37
199742,Active,169387,NA,NA,D,1,0,190904.3763,170.95,2009,46,5.93,15.49
199743,Active,115426,NA,NA,D,4,1,1566555.829,93,2000,25,4.05,31.39
199744,Active,115811,NA,NA,D,5,1,651764.5925,122.67,2004,25,4.99,28.94
199745,Active,2007000,NA,NA,D,3,1,235514.4825,65.95,2012,32,22.51,69.94
199746,Active,3784432,NA,NA,D,2,1,1029873.45,44.95,2009,22,4,32.41
199747,Active,547947,NA,NA,D,1,0,582710.6613,217.95,1996,28,33.52,80.99
199748,Active,121244,NA,NA,S,4,1,171120.2038,130.2,2010,25,9.92,48.63
199749,Active,144173,NA,NA,D,2,1,3243113.806,81.6,2002,23,4,9.99
199750,Active,903170,NA,NA,D,5,1,4125545.084,106.2,2004,23,5.84,31.74
199751,Active,131832,NA,NA,D,5,1,3163484.558,88,2004,36,4,12.46
199752,Active,132387,NA,NA,D,6,1,660201.0088,162.2,2007,52,4,14.04
199753,Active,534054,NA,NA,D,2,1,2759447.365,64.95,1993,54,4,8.99
199754,Active,224373,NA,NA,S,3,1,33565.7725,232.95,2001,67,10.86,18.99
199755,Active,183046,NA,NA,S,2,1,1123528.84,216.95,2004,63,4,20.34
199756,Active,131835,NA,NA,D,1,0,322315.0788,81,2008,34,4,13.98
199757,Active,121644,NA,NA,D,1,0,3226778.44,81,2008,16,7.63,49.39
199758,Active,553835,NA,NA,D,2,1,940188.6688,45.99,2008,37,4,12.06
199759,Active,2620838,NA,NA,S,2,1,228723.1238,285.95,2000,43,4.04,44.84
199760,Active,478897,NA,NA,D,1,0,1464441.201,191.99,2008,36,4.48,74.87
199761,Active,276564,NA,NA,S,1,0,235895.8288,26.95,2004,32,15.24,17.57
199762,Active,118573,NA,NA,S,3,1,491470.7388,185.33,2007,41,8.45,40.97
199763,Active,115417,NA,NA,S,3,1,282215.6138,183.4,2002,26,18.2,0
199764,Active,116015,NA,NA,S,2,1,169169.6563,158,2005,132,16.66,291.49
199765,Active,711082,NA,NA,D,1,0,3761795.48,72,2001,24,4,12.98
199766,Active,1551372,NA,NA,S,2,1,291796.335,49.95,2012,25,32.81,35.04
199767,Active,895827,NA,NA,D,3,1,3561345.598,55.4,1995,18,4,12.99
199768,Active,635384,NA,NA,S,4,1,104222.475,58,2001,48,19.96,68.41
199769,Active,1928782,NA,NA,S,2,1,1200864.973,49,2013,27,23.69,32.56
199770,Active,3629283,NA,NA,S,2,1,1345889,64.99,2016,13,43.64,52.27
199771,Active,867988,NA,NA,D,1,0,2998713.688,32,1989,33,4.2,28.74
199772,Active,3646278,NA,NA,S,2,1,360379.75,49.95,2015,20,36.99,42.16
199773,Active,868340,NA,NA,D,4,1,2553079.193,75.95,1991,30,4.4,88.03
199774,Active,858794,NA,NA,S,5,1,187388.3925,281.95,2000,67,7.17,49.99
199775,Active,554141,NA,NA,D,0,0,376692.2188,48,1986,27,4.37,0
199776,Active,642193,NA,NA,S,1,0,51889.15,38,2012,28,16.34,24.74
199777,Active,800624,NA,NA,S,2,1,322077.8563,50,2006,28,27.18,34.83
199778,Active,247517,NA,NA,D,0,0,637839.3625,46,2006,36,6.28,54.9
199779,Active,603185,NA,NA,D,1,0,1582456.533,101.47,2005,17,4.5,44.56
199780,Active,182759,NA,NA,S,1,0,79030.375,204.95,2005,29,30.89,55.43
199781,Active,182809,NA,NA,S,2,1,1224634.493,18.99,2003,58,4,13.34
199782,Active,163413,NA,NA,S,2,1,223384.16,24.95,2011,55,9.2,28.94
199783,Active,916153,NA,NA,D,2,1,478080.4225,73.95,1997,30,4,69.23
199784,Active,1488838,NA,NA,D,1,0,1018076.159,56.95,2006,27,5.83,50.93
199785,Active,1787001,NA,NA,S,2,1,440733.015,49.95,2015,15,41.78,38.93
199786,Active,110082,NA,NA,D,6,1,116349.1525,71.06,2009,67,18.02,49.91
199787,Active,108867,NA,NA,D,5,1,172072.61,26.78,2005,42,4,21.97
199788,Active,868330,NA,NA,D,0,0,403965.925,44.25,1996,33,6.39,40.97
199789,Active,175099,NA,NA,S,2,1,67054.41125,67.5,2010,94,35.28,46.38
199790,Active,1786349,NA,NA,S,2,1,310436.3275,54.95,2014,15,49.83,46.48
199791,Active,179110,NA,NA,S,2,1,109352.45,34.99,2010,41,11.49,19.99
199792,Active,875723,NA,NA,D,3,1,2453987.138,90.67,2004,32,4.11,7.99
199793,Active,875700,NA,NA,S,3,1,4411738.433,109.6,2003,17,11.97,12.63
199794,Active,132208,NA,NA,D,4,1,78034.6075,137.2,2006,56,4.94,33.48
199795,Active,55139,NA,NA,D,9,1,533689.5638,213.95,2005,75,4,13.46
199796,Active,55140,NA,NA,D,10,1,164745.5388,224.95,2008,37,16.35,23.88
199797,Active,575862,NA,NA,S,3,1,658246.685,46.15,2006,15,12.04,128.8
199798,Active,641505,NA,NA,D,1,0,257059.275,67.8,2009,35,6.01,38.88
199799,Active,121340,NA,NA,D,1,0,782294.2663,81.13,2009,21,30.06,83.94
199800,Active,131795,NA,NA,D,1,0,494478.465,51.99,2006,39,4.22,7.98
199801,Active,121246,NA,NA,S,2,1,172969.73,70,2010,49,21.34,62.42
199802,Active,113940,NA,NA,S,9,1,366590.7688,86,2000,49,4,10
199803,Active,116054,NA,NA,D,10,1,1024276.786,133.33,2004,74,4,20.95
199804,Active,117091,NA,NA,D,11,1,57994.66375,174,2008,73,7.43,54.01
199805,Active,131846,NA,NA,D,4,1,773780.79,93,2004,40,4,18.13
199806,Active,132568,NA,NA,S,4,1,693503.3838,119,2008,38,9.19,51.63
199807,Active,552205,NA,NA,S,0,0,86556.725,65.6,2006,26,19.84,46.88
199808,Active,213274,NA,NA,D,3,1,730178.58,93.95,2007,32,4,37.81
199809,Active,108009,NA,NA,S,6,1,218116.175,51.99,2004,53,4.39,44.52
199810,Active,157777,NA,NA,S,2,1,145715.1713,61.95,2011,28,38.41,48.99
199811,Active,132468,NA,NA,D,3,1,306472.8,156.4,2008,56,4.63,18.29
199812,Active,607240,NA,NA,S,6,1,2529158.588,93.33,2001,28,4,52.38
199813,Active,646892,NA,NA,S,4,1,215118.6888,80.95,2013,29,25.05,22.85
199814,Active,607528,NA,NA,D,7,1,3747895.253,86,1999,18,3.84,23.49
199815,Active,60915,NA,NA,D,8,1,701742.1263,119,2003,36,4.81,18.98
199816,Active,619411,NA,NA,S,1,0,59656,105,2006,36,42.92,99.72
199817,Active,117064,NA,NA,D,5,1,286654.6575,129.2,2008,46,7.24,33.44
199818,Active,115989,NA,NA,D,4,1,1747901.503,118.2,2004,37,3.99,8.9
199819,Active,158162,NA,NA,D,1,0,1316308.936,39.95,2008,19,8.69,67.52
199820,Active,541476,NA,NA,S,2,1,457821.885,49.95,2013,40,22.44,37.41
199821,Active,908365,NA,NA,D,9,1,1112637.138,117.17,2009,38,11.66,105.49
199822,Active,179218,NA,NA,D,9,1,308332.115,208.95,2009,47,10.38,41.99
199823,Active,770998,NA,NA,S,7,1,2844063.984,141.95,2003,40,4,7.99
199824,Active,183450,NA,NA,D,8,1,952604.32,144.95,2006,56,4,20.57
199825,Active,607688,NA,NA,D,7,1,1546155.343,101.2,2002,47,4,10.86
199826,Active,200359,NA,NA,S,1,0,41033.425,116.95,2008,36,25.51,56.99
199827,Active,114510,NA,NA,D,1,0,1055593.836,65.95,2002,34,4,20
199828,Active,117432,NA,NA,D,2,1,122413.1388,89.8,2008,25,16.54,38.84
199829,Active,578316,NA,NA,S,5,1,569808.6188,173.8,1998,32,4.4,52.47
199830,Active,2309307,NA,NA,D,0,0,2223946.081,35,1988,25,7.64,57.91
199831,Active,2308565,NA,NA,S,2,1,328334.1188,137.95,1996,28,18.99,65.69
199832,Active,131828,NA,NA,S,1,0,166357.3563,43.99,2005,86,7.92,32.99
199833,Active,539281,NA,NA,S,2,1,5956.84,55.4,2013,44,35.99,45.26
199834,Active,622041,NA,NA,S,1,0,100964.0188,43.99,2005,83,6.88,36.09
199835,Active,635528,NA,NA,S,2,1,5466.93125,55.4,2013,64,26.99,38.36
199836,Active,51246,NA,NA,D,4,1,183821.1225,129.33,2006,121,4,11.61
199837,Active,51244,NA,NA,D,5,1,108762.8175,147.4,2010,43,11.84,68.63
199838,Active,664616,NA,NA,S,6,1,246679.9375,76.4,2013,9,40.94,28.55
199839,Active,875346,NA,NA,D,2,1,1313511.369,116.6,2002,59,4,20.89
199840,Active,132359,NA,NA,D,3,1,456230.8863,146,2007,65,4,18.99
199841,Active,557228,NA,NA,D,1,0,822403.6938,158.6,2006,50,4.23,0
199842,Active,270923,NA,NA,S,1,0,19852.775,80,2011,35,33.23,45.44
199843,Active,60916,NA,NA,D,3,1,1734069.334,125.33,2003,42,4,7.97
199844,Active,525598,NA,NA,D,4,1,279486.725,174,2008,77,7.68,37.14
199845,Active,115532,NA,NA,D,6,1,2342302.058,77.33,2002,67,4,8.74
199846,Active,116823,NA,NA,D,7,1,338742.1625,129.33,2005,125,4,10.46
199847,Active,3775931,NA,NA,D,0,0,570957,92,2016,11,71.66,67.44
199848,Active,131914,NA,NA,S,1,0,669028.475,152.6,2007,48,4.98,59.8
199849,Active,51401,NA,NA,D,4,1,1967765.044,92.67,2005,39,4,5.16
199850,Active,2225571,NA,NA,S,0,0,308115.675,21.28,2012,32,17.99,20.63
199851,Active,51399,NA,NA,S,4,1,2542256.356,76.4,2003,48,4,11.98
199852,Active,51402,NA,NA,D,5,1,393434.985,134.67,2007,116,4,13.23
199853,Active,579644,NA,NA,D,0,0,1767727.29,63,2005,17,4.39,25.95
199854,Active,541393,NA,NA,S,2,1,747985.76,73.95,2012,25,36.43,62.54
199855,Active,214392,NA,NA,S,0,0,399424.75,24.95,2011,44,5.58,5.99
199856,Active,540029,NA,NA,S,4,1,1220437.023,125.8,2005,39,4,13.39
199857,Active,553133,NA,NA,S,2,1,83442.51,102.4,2013,30,72.81,75.99
199858,Active,552791,NA,NA,D,1,0,230461.9263,78.4,2008,40,4,31.99
199859,Active,525596,NA,NA,D,3,1,412065.02,20.48,2006,74,4,12.63
199860,Active,579619,NA,NA,D,0,0,2489534.926,56.95,2003,20,4,40.92
199861,Active,54922,NA,NA,D,7,1,179175.1375,96.2,2003,37,4,29.69
199862,Active,54920,NA,NA,D,9,1,270364.8213,114.33,2009,53,13.87,48.98
199863,Active,54921,NA,NA,D,8,1,1023969.955,106.2,2007,63,4,18.41
199864,Active,539294,NA,NA,S,5,1,159529.3675,53.2,2014,17,32.93,44.59
199865,Active,681105,NA,NA,S,1,0,830721.2675,28,2006,43,4,12.99
199866,Active,1677777,NA,NA,S,0,0,558216.7038,44.95,2010,17,38.99,42.6
199867,Active,57286,NA,NA,D,5,1,324232.8413,60.2,2008,69,4,18.47
199868,Active,57287,NA,NA,S,6,1,16387.45375,86.8,2011,54,33.99,66.47
199869,Active,57285,NA,NA,D,4,1,937038.5225,45.4,2003,75,4,19.98
199870,Active,868057,NA,NA,S,4,1,2581836.931,100,2002,31,4,16.77
199871,Active,60919,NA,NA,D,3,1,845197.7588,104.6,2004,34,4,6.62
199872,Active,616908,NA,NA,S,2,1,958548.645,222.95,2003,44,17.64,36.98
199873,Active,807018,NA,NA,D,2,1,2166827.413,166.95,2006,42,3.99,13.98
199874,Active,252062,NA,NA,D,3,1,356853.8863,269.95,2009,37,4.97,46.79
199875,Active,423064,NA,NA,D,4,1,91949.7375,148,2008,37,4.57,33.01
199876,Active,664320,NA,NA,S,2,1,108817.8088,62.95,2013,27,48.99,51.99
199877,Active,873566,NA,NA,S,0,0,8160.27125,9.99,1985,51,4.53,7.99
199878,Active,3095870,NA,NA,S,0,0,1243789.268,0,2004,13,23.98,23.93
199879,Active,1917496,NA,NA,S,0,0,1333192.414,7.36,2012,12,8.49,13.84
199880,Active,543905,NA,NA,S,5,1,208681.4913,57,2013,48,19.74,34.11
199881,Active,206145,NA,NA,D,4,1,208203.2475,45,2007,36,4.11,45.38
199882,Active,614541,NA,NA,S,1,0,189509.38,58,1989,50,4,32.08
199883,Active,2405070,NA,NA,S,1,0,616887.4175,110,1990,122,4,16.85
199884,Active,60104,NA,NA,D,4,1,1482130.281,111.95,2004,36,5.26,18.48
199885,Active,525592,NA,NA,D,5,1,1161943.609,103.95,2009,29,4,15.79
199886,Active,663996,NA,NA,S,2,1,173236.85,51.95,2013,16,21.74,21.74
199887,Active,3463001,NA,NA,S,3,1,876641.0638,113.8,2008,37,4,11.99
199888,Active,137448,NA,NA,S,1,0,832381.8125,74.99,1997,24,27.29,61.39
199889,Active,700168,NA,NA,D,3,1,1763764.701,65,2002,18,4.38,11.95
199890,Active,609993,NA,NA,S,5,1,286872.2863,75,2014,31,24.78,50.99
199891,Active,606730,NA,NA,S,3,1,1695341.395,49.95,1991,61,3.99,11.88
199892,Active,633130,NA,NA,S,2,1,301008.2213,60,2012,31,34.04,35.17
199893,Active,696569,NA,NA,D,1,0,989141.4263,55,1999,32,6.95,42.71
199894,Active,105693,NA,NA,S,2,1,302022.6513,39.95,2000,81,4,12.99
199895,Active,614426,NA,NA,D,0,0,248678.2588,65,1986,78,4,49.47
199896,Active,622109,NA,NA,S,0,0,16534.71375,100,1999,54,27.99,38.88
199897,Active,280291,NA,NA,D,4,1,1998847.2,339,2006,16,17.3,55.81
199898,Active,874705,NA,NA,D,3,1,3658586.265,88,1998,26,4.19,23.99
199899,Active,60920,NA,NA,D,4,1,434533.1813,128,2001,19,7.72,40.9
199900,Active,608502,NA,NA,S,3,1,3018324.51,151.95,1993,29,4,22.98
199901,Active,130072,NA,NA,S,4,1,119800.0513,116.6,2001,52,26.48,80.97
199902,Active,608427,NA,NA,D,4,1,215171.6625,379.95,2005,49,4.75,30.96
199903,Active,2835312,NA,NA,D,1,0,4421094.65,0,2004,9,43.98,128.99
199904,Active,624582,NA,NA,S,3,1,605173.23,437.95,1991,52,4.88,55.13
199905,Active,540451,NA,NA,D,10,1,6222.73375,82.65,2012,185,4.99,24.99
199906,Active,248301,NA,NA,S,5,1,2250226.545,117.95,2003,34,4,18.99
199907,Active,248287,NA,NA,S,6,1,304960.7913,221.95,2004,44,6.99,47.38
199908,Active,52715,NA,NA,D,12,1,47949.09,120.8,2010,77,6.43,73.43
199909,Active,52717,NA,NA,S,10,1,920121.1425,94.67,2005,108,4,8.72
199910,Active,51943,NA,NA,D,9,1,240592.405,38.34,2009,77,4.32,29.67
199911,Active,717686,NA,NA,S,5,1,2041930.931,86.95,2002,36,4,13.98
199912,Active,251970,NA,NA,D,7,1,117705.3663,232.95,2010,62,13.99,63.23
199913,Active,895175,NA,NA,S,8,1,1734450.698,150.27,2014,17,14.87,143.98
199914,Active,119979,NA,NA,D,7,1,503015.4738,121.67,2009,52,5.43,25.68
199915,Active,114077,NA,NA,S,2,1,647076.5275,163.4,2001,29,4,81.42
199916,Active,54477,NA,NA,D,1,0,1328247.648,103,2007,50,4,18.97
199917,Active,52716,NA,NA,S,9,1,1211665.244,97.8,2002,102,4,21.64
199918,Active,52714,NA,NA,D,11,1,187283.9738,109.33,2007,135,4,21.9
199919,Active,51942,NA,NA,D,8,1,307824.525,32.94,2006,131,4,17.99
199920,Active,142222,NA,NA,D,9,1,437601.9,29.88,2010,145,4,17.81
199921,Active,248395,NA,NA,D,6,1,575315.9475,223.95,2006,85,4,24.44
199922,Active,52719,NA,NA,D,7,1,431873.3388,120.8,2011,67,4.72,26.12
199923,Active,52718,NA,NA,S,5,1,1436992.295,95.2,2005,56,4,10.94
199924,Active,52720,NA,NA,D,6,1,967837.1925,111,2007,82,4,4.58
199925,Active,867091,NA,NA,S,2,1,57934.76375,106.2,2014,59,45.55,63.98
199926,Active,561572,NA,NA,D,1,0,1340340.745,97.67,2012,19,13.78,78.99
199927,Active,557555,NA,NA,D,1,0,534815.5613,91,2010,52,4.27,25.93
199928,Active,54422,NA,NA,D,3,1,484799.7663,108,2009,80,4,7.47
199929,Active,54423,NA,NA,D,2,1,1640333.963,106.2,2007,55,4,18.11
199930,Active,607302,NA,NA,D,6,1,846020.3,103,2005,47,4.13,13.58
199931,Active,252039,NA,NA,D,6,1,193782.565,299.95,2008,56,8.79,61.97
199932,Active,877288,NA,NA,S,3,1,3149647.546,154.95,1994,34,5.36,11.98
199933,Active,119089,NA,NA,S,2,1,814020.855,109.87,2010,34,4.78,67.71
199934,Active,60921,NA,NA,D,5,1,635759.9825,329.95,2004,33,7.47,71.81
199935,Active,607685,NA,NA,S,3,1,1471611.229,79.2,2001,28,4,15.55
199936,Active,537930,NA,NA,D,4,1,440718.9113,98.2,2005,49,4.39,34.66
199937,Active,873171,NA,NA,D,4,1,641074.1513,51.29,2005,50,6.06,43.23
199938,Active,619217,NA,NA,D,7,1,3143224.26,81,1996,32,4,47.99
199939,Active,60922,NA,NA,D,3,1,164887.9638,40.99,2002,86,4.14,33.93
199940,Active,665506,NA,NA,D,17,1,753558.9763,224,2011,24,93.99,212.18
199941,Active,638960,NA,NA,D,16,1,1204296.565,204,2008,19,21.16,4279.57
199942,Active,710958,NA,NA,D,1,0,7737823.335,101,2000,21,4,10.66
199943,Active,114679,NA,NA,S,2,1,96726.6125,263,2004,42,31.24,79.99
199944,Active,533926,NA,NA,D,5,1,772237.4325,109.55,2006,20,4.66,68.09
199945,Active,609125,NA,NA,D,3,1,2475156.625,291.95,2003,36,4.05,17.4
199946,Active,166685,NA,NA,D,5,1,865493.3888,63.12,2006,43,4,42.91
199947,Active,1567284,NA,NA,D,0,0,7448130.88,187.75,2008,15,5.57,187.75
199948,Active,525590,NA,NA,S,6,1,116356.6038,265.5,2011,44,18.84,36.56
199949,Active,769784,NA,NA,S,8,1,929915.8425,10.5,2001,28,4,10.5
199950,Active,3272189,NA,NA,D,0,0,1276817.424,44.33,2005,41,7.3,30.22
199951,Active,183080,NA,NA,D,9,1,728456.3213,207.95,2004,66,4,27.62
199952,Active,544391,NA,NA,S,10,1,117339.1713,131.95,2013,69,33.36,73.98
199953,Active,627490,NA,NA,D,1,0,337863.5975,88.5,2009,36,17.87,67.81
199954,Active,3071294,NA,NA,S,2,1,71456.93625,19.95,2004,49,9.94,15.83
199955,Active,637905,NA,NA,S,2,1,710864.3263,89.5,1991,25,31.15,224.32
199956,Active,539222,NA,NA,S,4,1,484565.5688,82.2,2007,50,4,59.59
199957,Active,607740,NA,NA,D,7,1,338540.7188,103.6,2008,30,5.88,48.07
199958,Active,434691,NA,NA,D,6,1,2581410.733,111.6,2005,33,4,8.9
199959,Active,542260,NA,NA,S,3,1,433118.1138,105.95,2010,46,5.98,24.97
199960,Active,244969,NA,NA,S,4,1,932943.1125,227.95,2003,45,10.17,68.99
199961,Active,874077,NA,NA,D,2,1,4060591.18,103.95,1993,22,4,38.99
199962,Active,788006,NA,NA,D,3,1,2145007.003,107.95,1999,36,4,23.98
199963,Active,609104,NA,NA,S,4,1,1596286.989,214.95,2000,36,4,44.71
199964,Active,591365,NA,NA,D,5,1,411190.7,198.95,2006,50,9.61,69.93
199965,Active,609374,NA,NA,S,3,1,3458194.439,169.95,1995,27,4,23.51
199966,Active,637099,NA,NA,S,2,1,341831.5163,49.95,2009,28,23.01,31.12
199967,Active,607775,NA,NA,S,3,1,243111.585,85.95,1999,38,12.29,53.98
199968,Active,607774,NA,NA,S,3,1,268648.6638,59.95,1991,22,13.99,39.09
199969,Active,2434649,NA,NA,S,2,1,337983.5788,62.28,1982,29,4,59.15
199970,Active,119884,NA,NA,D,5,1,280350.8613,63,1996,41,10.29,48.99
199971,Active,525587,NA,NA,S,6,1,160298.2975,99,2011,31,30.93,52.94
199972,Active,911412,NA,NA,D,0,0,2775427.65,57.95,1994,22,4.44,7.43
199973,Active,238912,NA,NA,S,6,1,318809.7575,94,1998,22,24.5,76.73
199974,Active,57837,NA,NA,S,6,1,821825.8763,91.2,2002,39,4,6.99
199975,Active,57839,NA,NA,D,8,1,551339.9263,132,2007,55,4,8.64
199976,Active,57838,NA,NA,D,7,1,726196.22,109.8,2005,51,4,9
199977,Active,177323,NA,NA,D,6,1,751123.6725,286.95,2002,40,4,11.99
199978,Active,525586,NA,NA,S,3,1,18149.94875,37.44,2011,67,13.43,12.56
199979,Active,625272,NA,NA,S,1,0,47875.25,107.95,2010,17,28.53,52.99
199980,Active,1683310,NA,NA,D,3,1,1607724.316,119.99,2007,32,42.24,89.87
199981,Active,635201,NA,NA,D,3,1,245138.1688,109.75,2008,25,48.2,53.99
199982,Active,905500,NA,NA,D,2,1,1051573.259,75,2002,16,12.54,55.94
199983,Active,3245252,NA,NA,D,7,1,1402395.323,37.66,2003,42,7.81,32.45
199984,Active,296156,NA,NA,D,7,1,365817.085,107.95,2003,115,4.81,14.94
199985,Active,609424,NA,NA,S,6,1,1240944.128,89.95,2000,43,4,19.99
199986,Active,549769,NA,NA,S,10,1,1947399.68,55.75,1999,44,4,28.54
199987,Active,110694,NA,NA,D,17,1,1291393.745,18.99,2011,28,4,0
199988,Active,625436,NA,NA,D,0,0,904978.8613,54.64,2004,32,4.3,13.08
199989,Active,868158,NA,NA,D,1,0,1452667.458,63,1994,23,4,8.9
199990,Active,617183,NA,NA,S,2,1,55257.415,111,2004,43,41.99,68.99
199991,Active,651485,NA,NA,S,0,0,645397.2475,179,2012,31,12.25,30.78
199992,Active,116134,NA,NA,S,3,1,65231.30625,160,2007,77,8.22,47.84
199993,Active,60925,NA,NA,D,10,1,1829165.501,95.95,2005,57,3.99,6.9
199994,Active,534017,NA,NA,D,11,1,418664.69,126.95,2008,44,4,28.91
199995,Active,2070549,NA,NA,S,7,1,1011717.448,73.28,2011,16,23.47,23.95
199996,Active,599128,NA,NA,S,2,1,2130421.288,62,2008,21,12.14,27.98
199997,Active,639325,NA,NA,D,5,1,423945.21,62,2008,54,4.43,11.89
199998,Active,51760,NA,NA,S,6,1,1079633.115,145.33,2009,172,4,7.42
199999,Active,880258,NA,NA,D,12,1,136499.4538,159,2015,83,7.98,83.89
200000,Active,864783,NA,NA,D,11,1,102511.7888,159,2014,180,4.97,18.99
200001,Active,116364,NA,NA,D,8,1,880350.7325,146,2011,220,3.79,3.74
200002,Active,539508,NA,NA,D,10,1,111873.5225,152.8,2013,244,3.88,12.48
200003,Active,120198,NA,NA,S,7,1,1005451.545,120,2010,135,4,6.23
200004,Active,422415,NA,NA,D,3,1,127259.0925,160.8,2012,80,4.01,16.99
200005,Active,120118,NA,NA,D,2,1,1259838.42,178.4,2009,68,2.99,6.99
200006,Active,118736,NA,NA,D,0,0,2814797.156,31.35,2007,20,4,33.94
200007,Active,656941,NA,NA,D,2,1,673678.3775,118.95,2013,14,39.47,0
200008,Active,169321,NA,NA,D,1,0,605542.9213,194.95,2009,42,4,39.24
200009,Active,2940677,NA,NA,D,2,1,2853373.073,230.95,2005,13,122.99,162.73
200010,Active,866637,NA,NA,D,5,1,661674.3375,100.79,1996,32,8.28,71.05
200011,Active,61129,NA,NA,D,6,1,164797.1813,0,2004,31,12.24,143.99
200012,Active,120079,NA,NA,S,2,1,126130.01,111.2,2011,45,30.73,58.48
200013,Active,112325,NA,NA,S,6,1,456788.29,74.5,2007,34,9.42,27.16
200014,Active,620826,NA,NA,D,2,1,1199589.291,129.69,2007,44,4,22.24
200015,Active,2259467,NA,NA,D,2,1,2866950.138,30.77,2007,35,7.54,27.92
200016,Active,110170,NA,NA,D,3,1,306485.8838,62.87,2010,56,5.76,31.91
200017,Active,144149,NA,NA,S,2,1,209631.785,31.8,2006,46,12.69,22.98
200018,Active,265157,NA,NA,D,8,1,1908641.913,109,2007,17,4.76,48.99
200019,Active,525582,NA,NA,D,9,1,1125899.506,137,2010,19,7.25,78.25
200020,Active,917848,NA,NA,S,0,0,850663.8425,90,2006,46,4,28.45
200021,Active,859191,NA,NA,S,6,1,603683.325,77.59,2004,67,7.42,23.93
200022,Active,706707,NA,NA,S,5,1,1021682.898,83.8,2002,58,5.38,13.94
200023,Active,551394,NA,NA,S,1,0,511034.3113,100.75,2008,50,10.89,41.97
200024,Active,551323,NA,NA,S,6,1,872776.0038,97.25,2004,60,4.34,14.89
200025,Active,1856844,NA,NA,S,0,0,643531.69,39.99,2013,14,27.94,28.31
200026,Active,796258,NA,NA,S,0,0,1007832.808,6.99,2004,31,4,43.49
200027,Active,2107471,NA,NA,S,0,0,19989.1,49.99,2015,10,53.98,73.98
200028,Active,700880,NA,NA,S,2,1,1021462.446,50,2005,42,4,19.2
200029,Active,865225,NA,NA,S,3,1,113137.0363,50,2014,24,26.98,29.44
200030,Active,60927,NA,NA,D,9,1,3867317.219,45.57,2005,25,4,45.94
200031,Active,710477,NA,NA,S,4,1,404097.5513,227.2,2000,50,4.35,42.96
200032,Active,110132,NA,NA,D,10,1,151521.0813,18.74,2009,64,4,13.36
200033,Active,902682,NA,NA,D,0,0,1882848.306,74.95,2001,19,10.3,26.63
200034,Active,105923,NA,NA,S,2,1,559901.2825,99,2002,41,18.7,46.99
200035,Active,329848,NA,NA,S,2,1,178006.4513,74.99,2006,38,9.47,28.99
200036,Active,300298,NA,NA,D,3,1,268945.4013,103,2011,31,6.74,27.8
200037,Active,903290,NA,NA,D,2,1,4790293.269,250,2005,11,6.98,110.89
200038,Active,416521,NA,NA,D,9,1,2026033.155,23.94,2005,45,4,23.94
200039,Active,2365042,NA,NA,S,2,1,568601.8713,90,1999,29,4.93,22.97
200040,Active,254099,NA,NA,D,11,1,2044090.083,103.95,2009,24,4,38.39
200041,Active,1782572,NA,NA,D,12,1,813168.1875,112.95,2011,18,4,48.31
200042,Active,169503,NA,NA,D,2,1,1971462.514,116.95,2007,19,5.25,46.83
200043,Active,1574076,NA,NA,S,4,1,1470816.788,86.95,2007,22,4,56.19
200044,Active,525577,NA,NA,S,11,1,620871.1913,82.95,2010,18,29.86,49.96
200045,Active,1741227,NA,NA,S,7,1,305564.6638,60,2014,15,29.73,60
200046,Active,701613,NA,NA,S,1,0,386773.36,74,2009,24,12.54,12.57
200047,Active,643961,NA,NA,S,2,1,157289.4525,69.99,2009,39,37.99,53.19
200048,Active,636556,NA,NA,D,0,0,1074104.161,49.95,2003,18,23.87,38.23
200049,Active,3132322,NA,NA,D,0,0,595989.3563,77,2004,17,4.91,73.65
200050,Active,789031,NA,NA,D,2,1,965163.5788,49.95,2001,25,7.95,65.74
200051,Active,3117850,NA,NA,D,2,1,3070317.598,49.95,2003,25,4.8,14.98
200052,Active,793633,NA,NA,D,2,1,3865018.719,49.95,2001,33,4,7.69
200053,Active,287582,NA,NA,D,11,1,381486.7025,170.8,2008,37,4.97,27.98
200054,Active,135545,NA,NA,S,4,1,358231.2463,41.95,2000,50,4,14.08
200055,Active,541575,NA,NA,S,4,1,103383.8425,79.95,2011,52,18.79,41.77
200056,Active,607593,NA,NA,S,7,1,368917.4438,80.95,2006,48,4,35.92
200057,Active,579658,NA,NA,D,3,1,1163631.839,69.95,2006,43,4,16.13
200058,Active,132503,NA,NA,S,5,1,400759.1788,133.8,2008,37,4.49,50.85
200059,Active,276656,NA,NA,S,3,1,224188.44,56,2009,40,12.65,43.89
200060,Active,2036789,NA,NA,D,0,0,744720.605,66.64,2006,32,4.13,8.4
200061,Active,633197,NA,NA,S,2,1,609172.585,96,2011,23,23.89,0
200062,Active,525575,NA,NA,D,11,1,50562.34875,291.95,2011,63,18.25,58.35
200063,Active,244003,NA,NA,S,11,1,1134509.223,302.95,2011,30,4.99,99.9
200064,Active,177587,NA,NA,S,8,1,1292172.611,161.95,2002,55,4,11.78
200065,Active,533869,NA,NA,D,10,1,173413.6763,320.95,2008,65,4.19,52.94
200066,Active,60929,NA,NA,D,9,1,201413.4063,351.95,2005,79,4,11.47
200067,Active,608468,NA,NA,D,10,1,1807774.295,97.95,2008,22,8.99,78.15
200068,Active,631509,NA,NA,S,11,1,397579.5625,87.95,2011,30,14.2,63.49
200069,Active,549961,NA,NA,S,0,0,320057.91,17.98,2003,33,4.78,0
200070,Active,752397,NA,NA,S,1,0,573146.8275,77.95,2008,24,39.9,39.93
200071,Active,3623832,NA,NA,D,0,0,1949694.6,63.9,2012,32,13.98,45.17
200072,Active,610186,NA,NA,S,1,0,150264.3225,57,2005,31,27.25,42.25
200073,Active,258030,NA,NA,S,2,1,50116.31,38.95,2011,46,17.9,28.18
200074,Active,734301,NA,NA,D,2,1,1174465.836,5.78,2003,30,4,5.48
200075,Active,615518,NA,NA,D,4,1,189611.015,32.98,2009,50,4,31.55
200076,Active,734415,NA,NA,D,3,1,534138.345,10.49,2006,52,4,12.98
200077,Active,2097834,NA,NA,S,0,0,40386.225,80.32,2014,29,32.18,82.99
200078,Active,802357,NA,NA,S,2,1,2120813.649,142.95,2006,25,4.97,51.15
200079,Active,592121,NA,NA,S,3,1,237805.9025,31.95,2010,16,21.83,18.4
200080,Active,516541,NA,NA,S,8,1,197347.1763,130,2012,52,31.39,49.98
200081,Active,649014,NA,NA,S,0,0,640910.7513,40,2009,17,23.98,28.86
200082,Active,556492,NA,NA,S,1,0,21205.05,39.95,2013,31,24.04,33.29
200083,Active,608418,NA,NA,D,6,1,2443804.146,71.95,2006,40,4,5.22
200084,Active,608473,NA,NA,D,7,1,465710.26,115.95,2009,54,4,12.96
200085,Active,867891,NA,NA,S,6,1,16444.075,48.5,2013,57,20.19,37.14
200086,Active,53792,NA,NA,D,4,1,820887.6025,24,2002,89,4,12.95
200087,Active,875211,NA,NA,D,0,0,1581073.149,12.99,2007,24,4,12.99
200088,Active,646980,NA,NA,S,2,1,32386.7125,48.5,2013,114,11.49,25.5
200089,Active,599275,NA,NA,D,0,0,236366.0663,48.5,2006,123,4,10.96
200090,Active,377826,NA,NA,S,3,1,1605846.446,18,1998,56,4,21.96
200091,Active,267502,NA,NA,D,5,1,31816.73625,48.5,2010,271,4,5.75
200092,Active,867892,NA,NA,S,6,1,16129.11375,48.5,2014,50,9.74,15.99
200093,Active,546520,NA,NA,S,5,1,31749.175,48.5,2011,57,8.21,33.91
200094,Active,1452009,NA,NA,S,1,0,705429.7663,45,2013,22,15.55,34
200095,Active,199393,NA,NA,S,0,0,261132.7363,41.95,2003,64,4,13.95
200096,Active,609127,NA,NA,D,5,1,1553244.134,213.95,2003,55,4,5.75
200097,Active,497337,NA,NA,S,6,1,335345.37,210.95,2009,93,14.57,89.28
200098,Active,614173,NA,NA,S,3,1,591403.5538,32,1989,44,4,10.98
200099,Active,203576,NA,NA,S,5,1,109638.5588,77.99,2003,57,22.76,47.3
200100,Active,619904,NA,NA,S,3,1,563241.4138,182.2,1998,30,14,92.53
200101,Active,645306,NA,NA,S,2,1,923616.8113,59.95,2012,21,19.54,36.77
200102,Active,171767,NA,NA,S,1,0,566150.7075,40,2000,35,14.87,59.98
200103,Active,264496,NA,NA,D,2,1,3043864.146,55.95,2005,31,4,18.38
200104,Active,52624,NA,NA,D,7,1,120936.8163,173.95,2011,122,4.21,24.78
200105,Active,170070,NA,NA,S,3,1,1921853.04,55.95,2009,47,4,14.99
200106,Active,52625,NA,NA,D,6,1,871995.0788,165.95,2008,102,4,7.37
200107,Active,52626,NA,NA,S,5,1,1181810.698,189.95,2005,53,4,4.99
200108,Active,556504,NA,NA,S,2,1,923742.1475,67,2011,23,7.12,32.93
200109,Active,545289,NA,NA,S,4,1,334715.695,59.95,2015,34,19.76,33.97
200110,Active,599510,NA,NA,D,3,1,1998235.968,58.95,2008,24,5.22,13.99
200111,Active,251991,NA,NA,S,3,1,782015.1563,55.95,2009,28,19.88,43.99
200112,Active,247865,NA,NA,D,2,1,241522.6238,88,2007,47,4,13.97
200113,Active,545808,NA,NA,S,3,1,474254.9513,107,2012,26,51.02,61.71
200114,Active,525571,NA,NA,S,7,1,45165.6675,75.95,2012,45,18.87,59.97
200115,Active,666916,NA,NA,D,6,1,2132271.724,99,2010,19,8.93,73.04
200116,Active,906136,NA,NA,D,4,1,4024074.583,95,2007,17,5.98,189.89
200117,Active,884551,NA,NA,S,3,1,6556774.951,152,2007,12,36.83,74.23
200118,Active,656171,NA,NA,S,1,0,177434.8463,54.95,2011,18,45.99,49.4
200119,Active,525570,NA,NA,S,4,1,388479.9575,151.6,2009,65,12.99,22.99
200120,Active,553132,NA,NA,S,5,1,47019.7675,164,2012,48,34.89,0
200121,Active,118090,NA,NA,D,3,1,2568359.788,99,2006,48,3.86,5.88
200122,Active,3515846,NA,NA,S,2,1,4464763.6,44.95,2006,27,4.22,35.87
200123,Active,863617,NA,NA,D,2,1,1147471.648,73.95,2008,22,13.34,48.58
200124,Active,692008,NA,NA,S,2,1,702807.8113,54.57,2001,23,4.26,60.49
200125,Active,708757,NA,NA,S,1,0,654205.1938,113.25,2006,22,22.7,48.89
200126,Active,2392810,NA,NA,D,3,1,509157.6738,45.27,2000,18,4.93,63.69
200127,Active,617704,NA,NA,S,1,0,29719.25,49.99,2002,37,20.39,30.04
200128,Active,56282,NA,NA,D,5,1,251025.1988,34.95,2008,232,4,9.98
200129,Active,56281,NA,NA,S,4,1,819108.7188,29.95,2004,110,4,7.23
200130,Active,533366,NA,NA,D,6,1,28719.52,38.95,2011,137,7.55,9.96
200131,Active,1932575,NA,NA,S,1,0,74069.15,44.99,2014,20,26.41,27.92
200132,Active,641425,NA,NA,S,1,0,751454.1725,59.99,2010,26,10.1,39.28
200133,Active,342397,NA,NA,S,2,1,33960.225,80,1999,55,4.49,43.47
200134,Active,173584,NA,NA,S,2,1,288291.5788,46.25,2002,103,12.54,30.31
200135,Active,2614881,NA,NA,D,3,1,2536541.575,236,2004,14,29.03,149.37
200136,Active,1475897,NA,NA,S,2,1,1297697.296,37.95,2013,9,15.14,14
200137,Active,115440,NA,NA,S,4,1,943300.8988,250.4,2000,62,4,62.13
200138,Active,616366,NA,NA,S,2,1,68822.07875,87,2012,56,52.32,65.35
200139,Active,614390,NA,NA,D,1,0,335772.6813,78,2005,37,11.51,33.49
200140,Active,619453,NA,NA,S,1,0,82213.485,93.79,2002,91,4.13,27.13
200141,Active,2638461,NA,NA,D,1,0,286951.9375,119.95,2003,37,5.74,42.98
200142,Active,689100,NA,NA,S,0,0,75272.56375,29.95,2012,17,21.23,22.8
200143,Active,117543,NA,NA,D,9,1,384573.0088,72.93,2004,27,5.33,31.94
200144,Active,114091,NA,NA,D,8,1,1329620.44,52.67,2000,24,4,38.98
200145,Active,421716,NA,NA,D,1,0,493031.2038,137,2008,51,4.03,55.14
200146,Active,607941,NA,NA,D,9,1,3024166.123,96,2006,40,4,7.59
200147,Active,616374,NA,NA,D,11,1,1085266.486,125,2010,34,4,8.29
200148,Active,525566,NA,NA,S,12,1,53625.82,131.8,2012,82,24.24,83.36
200149,Active,287628,NA,NA,S,3,1,1394794.896,122.6,2009,28,4,48.71
200150,Active,178055,NA,NA,D,9,1,3083715.746,127.95,2004,45,4,4.73
200151,Active,872630,NA,NA,D,10,1,1491303.415,148.95,2008,49,3.88,9.47
200152,Active,1575154,NA,NA,D,15,1,522415.9375,220.95,2011,82,3.88,12.78
200153,Active,55483,NA,NA,D,14,1,690295.3275,212.95,2009,56,4,12.99
200154,Active,610469,NA,NA,D,16,1,91957.29875,201.95,2013,87,5.2,43.99
200155,Active,55484,NA,NA,S,12,1,4239474.024,125.95,2005,29,4.13,9.64
200156,Active,197948,NA,NA,D,11,1,2153743.875,84.85,2008,21,4,56.07
200157,Active,197705,NA,NA,D,10,1,3339985.783,73.63,2006,22,4.2,28.94
200158,Active,525562,NA,NA,S,5,1,2043972.034,36.95,2008,10,23.99,27.94
200159,Active,244036,NA,NA,S,11,1,456751.365,76.95,2011,23,30.58,70.98
200160,Active,148691,NA,NA,D,10,1,1061539.921,76.95,2007,24,4.86,43.98
200161,Active,537941,NA,NA,D,9,1,590063.2413,76.95,2004,16,4.9,22.51
200162,Active,132810,NA,NA,S,10,1,254346.5013,118.2,2009,32,35.43,95.65
200163,Active,2079869,NA,NA,S,1,0,846420.3213,64.95,2010,32,9.87,45.85
200164,Active,194520,NA,NA,S,0,0,684404.9825,28.95,2003,46,4,18.88
200165,Active,1437263,NA,NA,S,1,0,45994.05,69,2015,22,58.59,58.6
200166,Active,144330,NA,NA,S,2,1,939560.4463,144.8,2002,29,6.37,13.99
200167,Active,559842,NA,NA,S,3,1,527246.1288,56.11,2001,48,4,10
200168,Active,287034,NA,NA,S,4,1,50006.09375,60.95,2005,30,37.08,44.96
200169,Active,3607400,NA,NA,D,1,0,5220643.55,61.95,1992,32,3.9,32.98
200170,Active,1562834,NA,NA,D,5,1,2390308.174,151.95,2006,16,11.83,114.77
200171,Active,609176,NA,NA,D,8,1,1980626.041,86.95,2003,39,4.53,18.98
200172,Active,577391,NA,NA,D,9,1,457252.0213,106.95,2007,74,7.11,11.75
200173,Active,546721,NA,NA,S,10,1,21938.96125,127.99,2011,61,30,48.21
200174,Active,56167,NA,NA,S,7,1,24714.57625,266.95,2010,112,43.97,56.99
200175,Active,56173,NA,NA,D,6,1,418037.5675,219.95,2005,59,7.06,23.24
200176,Active,293111,NA,NA,S,2,1,305603.945,95.95,2005,40,5.37,0
200177,Active,180907,NA,NA,D,2,1,3689623.914,49.95,2000,39,4.4,50.64
200178,Active,2261046,NA,NA,S,4,1,4216808.066,113.93,2010,30,53.98,108.4
200179,Active,249183,NA,NA,D,4,1,694645.7888,188,2009,30,32.79,43.97
200180,Active,192492,NA,NA,D,3,1,1309383.911,165,2004,32,4.86,40.98
200181,Active,192761,NA,NA,D,2,1,2502059.143,129,1999,33,4,18.97
200182,Active,636626,NA,NA,D,5,1,1293832.166,69.95,1993,22,7.27,50.04
200183,Active,657318,NA,NA,S,6,1,131173.1313,89.95,2009,22,60.61,69.24
200184,Active,3112820,NA,NA,D,3,1,3256099.005,680,2004,13,33.99,107.71
200185,Active,192439,NA,NA,D,5,1,1311770.583,274,2005,14,9.11,49.94
200186,Active,3504528,NA,NA,S,7,1,1095267,274.99,2016,0,0,261.24
200187,Active,525554,NA,NA,S,3,1,686797.8975,425,2010,51,6.26,43.96
200188,Active,3112784,NA,NA,D,1,0,6616124.003,209.95,2003,11,9.61,17.73
200189,Active,1539822,NA,NA,D,2,1,3768287.498,219.95,2008,13,61.46,89.96
200190,Active,249224,NA,NA,D,4,1,361738.0013,127,2010,71,10.05,68.3
200191,Active,248833,NA,NA,D,3,1,678237.435,109,2006,43,5.99,33.9
200192,Active,146908,NA,NA,D,5,1,739085.9875,269,2000,33,4.36,36.93
200193,Active,147166,NA,NA,D,6,1,375027.2225,310,2006,27,10.99,45.68
200194,Active,187922,NA,NA,S,3,1,122093.5075,89.99,1998,69,9.96,33.99
200195,Active,126565,NA,NA,D,5,1,1692532.023,39.99,2004,55,4,39.89
200196,Active,129405,NA,NA,S,6,1,210998.2738,56,2011,26,42.08,0
200197,Active,3206915,NA,NA,D,2,1,3341154.75,50,1900,13,38.19,27.78
200198,Active,298877,NA,NA,D,8,1,357781.6675,185,2011,42,6,101.99
200199,Active,248820,NA,NA,D,7,1,1179940.62,189,2007,26,8.38,63.35
200200,Active,3197300,NA,NA,S,0,0,1311516.06,46.5,2005,4,0,25.8
200201,Active,1840307,NA,NA,D,5,1,1321190.324,665,2008,10,110.17,464.75
200202,Active,657009,NA,NA,D,3,1,1237058.583,599,2007,13,78.41,395.98
200203,Active,2679299,NA,NA,D,0,0,9400720.36,109.14,1993,12,11.92,85.51
200204,Active,906328,NA,NA,D,1,0,4863243.734,337,2005,19,7.01,37.38
200205,Active,192906,NA,NA,S,4,1,3199634.388,199,2002,15,13.99,115.81
200206,Active,627742,NA,NA,S,4,1,328926.7475,71.95,1994,57,5.39,31.4
200207,Active,58271,NA,NA,S,11,1,109223.5575,122,2005,120,8.97,19.43
200208,Active,58274,NA,NA,D,10,1,271558.1763,81.95,2000,117,4,21.24
200209,Active,58272,NA,NA,S,9,1,527888.3875,64.95,1996,112,4,21.47
200210,Active,613616,NA,NA,S,8,1,686980.105,62.95,1990,96,4,34.9
200211,Active,58273,NA,NA,D,12,1,12117.20875,123,2010,103,31.72,67.37
200212,Active,887775,NA,NA,S,2,1,520093.2075,249,1999,21,32.71,123.45
200213,Active,609726,NA,NA,S,4,1,1655743.378,39.95,2000,75,4,22.41
200214,Active,624306,NA,NA,D,6,1,13508.84125,65.95,2011,75,9.69,0
200215,Active,391735,NA,NA,D,5,1,245213.865,49.95,2006,116,4,18.96
200216,Active,775138,NA,NA,D,1,0,2866987.299,151,2003,16,10.71,53.97
200217,Active,577336,NA,NA,S,11,1,982612.9263,92.95,2003,34,4.34,26.99
200218,Active,204031,NA,NA,S,12,1,116144.08,109.99,2010,40,7.56,39.54
200219,Active,203689,NA,NA,D,5,1,1776521.638,219,2005,30,8.71,64.25
200220,Active,803816,NA,NA,D,5,1,3464112.629,239,2005,22,5.75,48.72
200221,Active,1921855,NA,NA,D,0,0,2989060.386,289,2009,16,103,61.11
200222,Active,249226,NA,NA,D,6,1,264127.25,106,2009,66,6.78,37.84
200223,Active,298365,NA,NA,D,5,1,987214.8625,91.95,2005,69,4,25.98
200224,Active,2953747,NA,NA,S,4,1,2552305.208,79.95,2004,32,4.4,33.46
200225,Active,196424,NA,NA,D,1,0,1817427.249,144,2001,21,46.43,135.1
200226,Active,774630,NA,NA,D,1,0,8377772.623,267,1998,17,4,77.83
200227,Active,774441,NA,NA,D,2,1,1945909.294,279,2004,14,15.21,87.64
200228,Active,58288,NA,NA,D,7,1,116260.6263,189,2009,62,18.65,80.81
200229,Active,58287,NA,NA,D,6,1,1011119.598,159,2005,66,6.38,49.99
200230,Active,203778,NA,NA,S,8,1,600040.1413,229.99,2006,64,4.97,71.67
200231,Active,192847,NA,NA,D,4,1,406893.9313,105,2002,25,10.34,59.25
200232,Active,248843,NA,NA,D,5,1,431207.705,138.95,2007,42,27.11,73.99
200233,Active,3504396,NA,NA,S,8,1,947940,317,2016,0,0,285.3
200234,Active,192406,NA,NA,D,6,1,910609.41,248,2004,16,31.92,188.99
200235,Active,774817,NA,NA,D,5,1,5907720.993,574.5,2000,14,7.01,124.61
200236,Active,525545,NA,NA,D,2,1,443605.02,89.95,2010,26,12.98,69.81
200237,Active,1478007,NA,NA,D,5,1,3272467.391,65,2012,18,6.39,65
200238,Active,1473811,NA,NA,D,4,1,3668978.128,66,2010,20,5.37,55.89
200239,Active,129297,NA,NA,D,4,1,1894816.446,50,2010,39,4,26.99
200240,Active,870371,NA,NA,D,6,1,430411.4438,55,2014,30,7.28,42.46
200241,Active,525543,NA,NA,D,5,1,397969.1788,65,2012,23,6.11,61.05
200242,Active,128673,NA,NA,D,6,1,1794757.313,79.95,2007,36,4,39.96
200243,Active,539806,NA,NA,S,7,1,250586.2825,54.5,2013,56,15.39,39.09
200244,Active,128903,NA,NA,D,5,1,2868080.981,49.95,2005,20,4.71,76.48
200245,Active,1472106,NA,NA,D,12,1,6136065.728,95,2008,29,4.97,13.98
200246,Active,1474077,NA,NA,D,13,1,4506192.465,66,2010,27,4.97,24.99
200247,Active,560937,NA,NA,S,2,1,261569.9638,80.2,2006,57,8.68,45.99
200248,Active,215763,NA,NA,S,0,0,282720.0963,55,2002,46,14.48,31.99
200249,Active,607145,NA,NA,S,9,1,2049777.845,106.2,2001,71,4,14.19
200250,Active,286484,NA,NA,S,3,1,691077.3975,107.8,1998,37,4,33.99
200251,Active,874312,NA,NA,S,1,0,77594.275,105.2,2012,45,39.52,66.89
200252,Active,525541,NA,NA,D,11,1,52901.86375,180,2010,85,25.81,83.99
200253,Active,874159,NA,NA,D,10,1,687377.5225,98.98,2007,50,5.59,57.25
200254,Active,258392,NA,NA,D,2,1,731341.7688,82,2005,34,4,47.66
200255,Active,258367,NA,NA,D,2,1,1943194.955,97,2000,91,4,9.99
200256,Active,258444,NA,NA,D,3,1,131846.3538,110,2009,51,21.14,73.11
200257,Active,60931,NA,NA,D,10,1,481105.5525,129.8,2006,90,4,37.92
200258,Active,531526,NA,NA,D,1,0,1029164.13,145.95,2007,20,57.94,112.91
200259,Active,2313945,NA,NA,D,0,0,701979.2075,74.95,1991,18,8.02,62.74
200260,Active,917543,NA,NA,D,1,0,200560.9263,70.95,1990,29,6.97,73.91
200261,Active,620587,NA,NA,S,1,0,141175.1713,51.99,1990,49,16.71,52.45
200262,Active,717599,NA,NA,D,4,1,1617353.294,66.95,1999,19,4,14.5
200263,Active,60932,NA,NA,D,6,1,550909.8963,169.95,2005,49,4,13.97
200264,Active,57834,NA,NA,S,3,1,1289583.345,46,2000,67,4,12.79
200265,Active,331003,NA,NA,S,1,0,15005.875,37.5,2011,41,21.41,24.97
200266,Active,3575089,NA,NA,D,0,0,984165.2,54,1900,18,23.79,47.98
200267,Active,655327,NA,NA,S,2,1,607695.5038,48.95,2012,44,24.07,34.28
200268,Active,2362262,NA,NA,D,0,0,2624115.749,53,1994,23,4,27.97
200269,Active,112935,NA,NA,D,2,1,824916.4663,64.95,1998,26,5.97,18.99
200270,Active,156819,NA,NA,D,0,0,568555.885,49.95,2002,27,21.74,39
200271,Active,861728,NA,NA,S,2,1,642882.0425,48.95,2013,17,35.15,35.21
200272,Active,1646351,NA,NA,S,16,1,85235.46375,49.95,2006,15,28.98,29.66
200273,Active,657641,NA,NA,S,2,1,258294.9463,47.95,2006,21,20.39,34.88
200274,Active,2595745,NA,NA,S,0,0,105491.2738,44.99,1988,56,12.81,25.48
200275,Active,537846,NA,NA,D,5,1,615711.4738,21.18,2008,68,4,101.83
200276,Active,557187,NA,NA,S,2,1,554246.5325,41,2002,51,4,12.27
200277,Active,571802,NA,NA,S,8,1,312750.725,110.95,2000,81,4.7,0
200278,Active,551336,NA,NA,S,1,0,381117.3175,127.75,2004,36,5.34,49.54
200279,Active,557048,NA,NA,D,6,1,650069.9838,149.8,2011,75,4,9.5
200280,Active,544505,NA,NA,S,10,1,192876.46,166.95,2013,41,42.91,62.27
200281,Active,607860,NA,NA,S,5,1,1350575.521,107,2000,33,4.65,43.99
200282,Active,608751,NA,NA,D,10,1,84071.9025,150.95,2001,69,4.11,21.89
200283,Active,538257,NA,NA,S,4,1,25787.225,22,2011,18,11.89,10.96
200284,Active,538932,NA,NA,S,4,1,470258.8125,103.25,2004,45,8.5,30.83
200285,Active,543423,NA,NA,S,0,0,156128.6625,62.99,2010,34,29.49,49.29
200286,Active,572330,NA,NA,D,5,1,394667.6288,121.95,2007,52,4,10.61
200287,Active,566413,NA,NA,S,3,1,31133.96375,183.5,2011,70,37.59,59.57
200288,Active,570724,NA,NA,D,4,1,2421220.801,73.99,2008,21,4.11,72.35
200289,Active,609644,NA,NA,D,5,1,136783.7088,171.95,2010,69,5.47,35.97
200290,Active,555603,NA,NA,S,0,0,492565.8513,34.99,2006,53,4,30.99
200291,Active,608513,NA,NA,S,3,1,2641371.561,110.95,2001,24,5.49,0
200292,Active,608382,NA,NA,D,3,1,1704057.464,80,2005,26,4,8.18
200293,Active,608783,NA,NA,S,2,1,867025.9538,155.95,2006,64,4,8.98
200294,Active,608603,NA,NA,D,4,1,357706.5013,154.95,2006,90,4,11.76
200295,Active,608583,NA,NA,D,3,1,860229.0388,51.95,2003,66,4,10.95
200296,Active,541367,NA,NA,S,2,1,371877.5,74.95,2012,29,33.99,66.08
200297,Active,546008,NA,NA,S,7,1,29393.295,98.75,2012,45,37.88,59.01
200298,Active,606763,NA,NA,S,6,1,42940.1975,36,2005,30,13.98,18.43
200299,Active,597845,NA,NA,S,2,1,140134.005,39.99,2010,46,9.89,23.36
200300,Active,555608,NA,NA,D,2,1,222949.6638,91.95,2007,48,7.35,57.08
200301,Active,607879,NA,NA,D,5,1,301404.4275,106.8,2003,37,8.93,56.01
200302,Active,609641,NA,NA,D,7,1,1113642.744,131.95,2010,60,4,15.71
200303,Active,608796,NA,NA,S,5,1,461302.7563,171.95,2008,59,6.54,13.19
200304,Active,543235,NA,NA,S,3,1,377509.4263,49,2012,45,16.39,35.77
200305,Active,608523,NA,NA,D,2,1,876974.2625,107.95,2003,36,4.93,22.99
200306,Active,609397,NA,NA,S,5,1,148686.91,88.95,2003,79,4,48.21
200307,Active,540102,NA,NA,D,4,1,16448.4025,93.4,2012,94,12.88,48.12
200308,Active,606141,NA,NA,D,1,0,2076145.92,25,2006,39,4,9.14
200309,Active,554698,NA,NA,D,3,1,290834.31,70.95,2003,191,3.85,8.99
200310,Active,594690,NA,NA,D,2,1,42538.30875,98.95,2013,33,36.96,34.43
200311,Active,607964,NA,NA,D,16,1,451018.34,35.8,2009,86,4,15.99
200312,Active,541744,NA,NA,S,3,1,52876.25,32.95,2010,24,22.96,21.83
200313,Active,570726,NA,NA,D,6,1,1574264.329,81.95,2008,61,4,18.98
200314,Active,545187,NA,NA,S,2,1,34645.57,182,2011,49,25.92,56.01
200315,Active,540439,NA,NA,D,4,1,281661.3425,34.49,2010,73,5.82,18.99
200316,Active,545393,NA,NA,S,2,1,573508.5725,16.95,2011,50,4,10.45
200317,Active,543351,NA,NA,S,4,1,134967.0138,77.95,2012,53,18.87,43.56
200318,Active,607949,NA,NA,D,4,1,375929.6325,75.2,2006,45,4.2,14.52
200319,Active,557465,NA,NA,D,5,1,290893.52,79.8,2009,50,4,40.34
200320,Active,595073,NA,NA,S,2,1,232857.2838,44.95,2013,29,22.37,33.69
200321,Active,595072,NA,NA,D,2,1,936716.1738,43.95,2012,28,5.99,33.99
200322,Active,591639,NA,NA,D,1,0,260316.565,63.95,2007,56,4,19.96
200323,Active,537914,NA,NA,D,5,1,206433.985,89.95,2006,86,4.18,31.98
200324,Active,607590,NA,NA,S,4,1,778222.8088,79.95,2001,37,5.06,46.18
200325,Active,557518,NA,NA,S,2,1,47240.525,115,2009,74,28.74,87
200326,Active,594797,NA,NA,S,4,1,526124.585,50.99,2011,22,18.74,0
200327,Active,544249,NA,NA,S,7,1,24916.88625,111.95,2013,55,26.92,63.47
200328,Active,544250,NA,NA,S,7,1,39292.42375,111.95,2013,84,9.16,38.47
200329,Active,572146,NA,NA,D,5,1,863883.475,112.95,2005,140,4,9.4
200330,Active,557495,NA,NA,D,4,1,1335654.461,121.8,2008,52,4.07,18.97
200331,Active,608697,NA,NA,S,4,1,52723.6675,86.95,2010,52,32.87,35.4
200332,Active,608755,NA,NA,S,3,1,245865.2063,84.95,2002,67,4,27.98
200333,Active,545918,NA,NA,S,4,1,81395.14125,58.95,2013,26,30.53,37.42
200334,Active,556536,NA,NA,S,2,1,34075.34875,19.95,2012,72,9.84,15.56
200335,Active,564089,NA,NA,S,0,0,141055.63,125.05,1999,79,7.36,53.84
200336,Active,541775,NA,NA,S,5,1,1288.87625,29.95,2012,192,13.99,16.98
200337,Active,609264,NA,NA,S,4,1,148069.3363,29.95,2007,170,4,13.48
200338,Active,542611,NA,NA,D,5,1,903322.3338,96.95,2008,58,4,20.94
200339,Active,594532,NA,NA,S,2,1,37134.0725,46,2012,32,21.09,27.57
200340,Active,594900,NA,NA,S,2,1,32179.725,31.95,2012,38,23.34,21.99
200341,Active,545151,NA,NA,D,5,1,280680.0975,263.95,2007,45,16.05,54.04
200342,Active,608147,NA,NA,S,3,1,76970.95125,35,1997,97,4.87,17.96
200343,Active,606949,NA,NA,S,5,1,2839645.261,156.56,2007,41,5.47,7.94
200344,Active,607599,NA,NA,S,4,1,1027934.62,30,2008,60,4,4.43
200345,Active,608592,NA,NA,S,9,1,615694.725,140.95,2004,71,4,10.95
200346,Active,542076,NA,NA,S,8,1,325006.51,26.95,2011,62,4.57,10.93
200347,Active,594895,NA,NA,D,7,1,139923.43,48,2012,98,6.28,17.98
200348,Active,538494,NA,NA,S,3,1,22038.8875,139,2012,121,15.43,36.99
200349,Active,538496,NA,NA,S,12,1,17949.35125,139,2013,105,37.38,60.94
200350,Active,543428,NA,NA,S,4,1,44281.96625,29.95,2012,44,16.97,16.98
200351,Active,571496,NA,NA,D,1,0,125077.6338,66.95,1992,54,4,12.95
200352,Active,541436,NA,NA,S,2,1,524513.0963,49.95,2011,40,33.93,38.27
200353,Active,541847,NA,NA,S,2,1,96111.33625,42,2011,31,23.98,24.36
200354,Active,584732,NA,NA,D,1,0,15484.4925,134.95,2012,74,14.84,68.45
200355,Active,608451,NA,NA,D,5,1,1573641.868,110.95,2007,30,4,15.98
200356,Active,554722,NA,NA,S,4,1,48124.2575,176.95,1988,66,12.21,65.58
200357,Active,591650,NA,NA,S,2,1,181738.59,44.95,2007,51,13.38,33.22
200358,Active,555815,NA,NA,D,4,1,42565.175,84.95,2010,169,6.96,32.99
200359,Active,555625,NA,NA,D,3,1,357397.7438,79.95,2006,129,4,22.87
200360,Active,537911,NA,NA,D,2,1,1633698.999,74.95,2004,60,3.99,9.14
200361,Active,545442,NA,NA,S,2,1,51435.95625,26,2013,44,16.58,22.65
200362,Active,546332,NA,NA,S,4,1,131550.9313,39.95,2004,44,14.15,36.07
200363,Active,607516,NA,NA,D,12,1,216618.4063,110,1998,41,6.7,57.41
200364,Active,541632,NA,NA,S,5,1,12829.95125,16,2012,47,6.76,7.84
200365,Active,545531,NA,NA,S,3,1,1261490.464,55,2012,25,5.8,36.42
200366,Active,543131,NA,NA,S,4,1,15338.60375,42.95,2012,93,17.91,28.26
200367,Active,544081,NA,NA,S,4,1,48584.8825,24,2013,64,4.77,11.24
200368,Active,563626,NA,NA,S,9,1,2249.08375,82,2012,98,44.99,56.99
200369,Active,537942,NA,NA,D,0,0,247130.9975,60,2006,175,4,6.99
200370,Active,545643,NA,NA,S,3,1,83177.1125,104.95,2013,84,34.98,53.7
200371,Active,607301,NA,NA,D,4,1,627962.125,50.8,2005,64,6.26,29.97
200372,Active,540783,NA,NA,S,4,1,145741.9613,44.99,2013,58,26.48,29.02
200373,Active,608629,NA,NA,D,4,1,1709514.094,140.95,2002,52,4,7.78
200374,Active,555322,NA,NA,S,1,0,26664.63,100.95,2012,43,48.99,76.66
200375,Active,606933,NA,NA,D,3,1,370384.1525,117.25,2005,68,4.16,44.96
200376,Active,607575,NA,NA,S,2,1,614507.84,94,1999,37,4.32,50.95
200377,Active,557313,NA,NA,D,4,1,961422.2638,107,2007,35,4,17.99
200378,Active,544319,NA,NA,S,3,1,30887.845,114.95,2013,72,23.94,43.99
200379,Active,539903,NA,NA,D,4,1,8121.78,88.95,2012,105,10.18,37.45
200380,Active,567426,NA,NA,D,8,1,498900.2575,81.95,2006,34,3.9,33.65
200381,Active,607713,NA,NA,D,5,1,459890.65,133.33,2005,41,4,40.88
200382,Active,542103,NA,NA,S,5,1,144343.78,34.99,2010,61,16.92,30.85
200383,Active,547000,NA,NA,S,4,1,431279.4688,72.95,2014,36,29.4,43.64
200384,Active,600690,NA,NA,S,2,1,534790.0438,59.99,2013,58,13.36,42.54
200385,Active,546872,NA,NA,S,2,1,356473.3413,62.95,2014,23,34.22,52.73
200386,Active,545038,NA,NA,S,6,1,448538.6713,39.99,2012,23,5.94,33.16
200387,Active,609266,NA,NA,S,2,1,102280.815,40,2007,44,12.95,24.65
200388,Active,542043,NA,NA,D,4,1,809385.2963,109.95,2011,77,4,23.99
200389,Active,607932,NA,NA,S,3,1,699464.3313,129,2006,47,4,51.22
200390,Active,539888,NA,NA,S,4,1,85422.26375,26.95,2012,32,17.56,21.64
200391,Active,608345,NA,NA,D,6,1,413332.2425,13.98,2002,34,4,10.97
200392,Active,607619,NA,NA,D,2,1,602194.0975,178.6,1990,39,4.85,48.17
200393,Active,592137,NA,NA,D,2,1,332784.9725,104,2010,27,5.98,65.04
200394,Active,591989,NA,NA,D,1,0,375083.535,92.95,2006,39,4.72,13.98
200395,Active,547022,NA,NA,S,2,1,628145.4788,52,2013,18,27.35,28.22
200396,Active,557675,NA,NA,D,1,0,682190.7838,125.73,2012,27,9.56,73.99
200397,Active,543964,NA,NA,S,2,1,106176.815,89,2013,34,38.99,67.32
200398,Active,603480,NA,NA,S,3,1,69660.17875,60.95,2013,67,34.24,40.62
200399,Active,569705,NA,NA,D,2,1,171292.395,72.95,2003,70,4,4
200400,Active,569685,NA,NA,D,2,1,2705028.229,87.95,1998,30,4,46.81
200401,Active,609503,NA,NA,D,4,1,1685384.321,175.95,2005,37,4,5.75
200402,Active,555535,NA,NA,D,5,1,516884.8775,69.95,2005,65,4,29.95
200403,Active,555646,NA,NA,D,6,1,189830.6463,59.95,2006,63,4.39,9.37
200404,Active,538602,NA,NA,D,7,1,6721.4025,125.75,2013,72,21.01,33.99
200405,Active,552192,NA,NA,D,1,0,1141518.401,71.2,2007,57,4,8.99
200406,Active,541495,NA,NA,S,2,1,65393.03625,80.95,2012,26,26.47,26.73
200407,Active,545673,NA,NA,S,3,1,220619.455,56.99,2012,21,24.69,36.69
200408,Active,572354,NA,NA,D,6,1,628874.2488,133.95,2007,68,4,20.99
200409,Active,571996,NA,NA,D,5,1,510445.4163,140.95,2004,60,3.99,14.99
200410,Active,582972,NA,NA,S,7,1,66162.19375,129.95,2012,45,22.93,73.51
200411,Active,552570,NA,NA,D,9,1,1204987.181,111.6,2006,63,4,19.72
200412,Active,607499,NA,NA,D,9,1,455340.5775,152.6,2009,30,5.44,33.87
200413,Active,552231,NA,NA,D,8,1,1533982.696,118.67,2005,45,3.99,5.83
200414,Active,607724,NA,NA,D,3,1,763265.2763,65.8,2007,51,4,7.99
200415,Active,552326,NA,NA,S,4,1,63010.455,80.2,2011,36,33.04,56.74
200416,Active,537921,NA,NA,D,1,0,1047065.884,135.93,2006,40,4.09,15.65
200417,Active,543367,NA,NA,S,3,1,96922.95875,133.95,2011,53,33.01,47.98
200418,Active,570554,NA,NA,D,2,1,950989.07,140.95,2007,48,4,8.29
200419,Active,576944,NA,NA,D,2,1,82540.60625,23.95,2005,92,4,15.99
200420,Active,592235,NA,NA,D,4,1,716704.7625,168.95,2007,86,4,23.99
200421,Active,608795,NA,NA,D,7,1,1288329.43,103.95,2008,63,4,10.51
200422,Active,607314,NA,NA,D,4,1,1627895.795,85.33,2004,51,4,7.89
200423,Active,1746271,NA,NA,S,2,1,722375.0513,49.95,2006,34,16.43,37.95
200424,Active,701181,NA,NA,S,3,1,800386.2063,33,2006,61,4,9.98
200425,Active,1661335,NA,NA,S,2,1,4518.52,23.95,2011,84,6.26,13.62
200426,Active,298653,NA,NA,S,2,1,1313876.153,19.95,2008,84,3.98,0
200427,Active,334068,NA,NA,S,0,0,21980.07375,19.95,2008,56,7.52,0
200428,Active,308081,NA,NA,S,0,0,346853.2313,39,2007,61,4.31,0
200429,Active,624157,NA,NA,S,0,0,965564.645,39.95,1996,29,4,43.97
200430,Active,894871,NA,NA,S,2,1,22240.14125,100,2007,53,11.51,12.07
200431,Active,625045,NA,NA,D,1,0,1011698.643,80.51,2010,20,4.99,33.98
200432,Active,920682,NA,NA,S,0,0,10445.8875,16.95,2011,96,7.43,0
200433,Active,188000,NA,NA,D,1,0,2240644.324,89.95,2001,25,5.88,8.37
200434,Active,644186,NA,NA,D,1,0,1047015.131,92.95,2003,23,9.67,19.09
200435,Active,631063,NA,NA,D,1,0,1140301.441,79.95,2001,21,5.63,29.96
200436,Active,668895,NA,NA,S,2,1,1223776.59,102.99,2006,24,37.68,62.98
200437,Active,609182,NA,NA,D,4,1,1719095.961,79.95,2005,27,6.23,48.46
200438,Active,863776,NA,NA,D,2,1,1460510.755,99.99,2009,28,11.85,52.16
200439,Active,789815,NA,NA,D,1,0,2490173.65,99.99,2006,18,35.98,155.09
200440,Active,2664522,NA,NA,S,2,1,309952.2675,89,2000,31,8.81,21.23
200441,Active,2664554,NA,NA,D,1,0,2449911.553,99.99,2002,19,13.99,93.87
200442,Active,2664567,NA,NA,D,1,0,1850561.328,119.99,2001,19,30.18,63.98
200443,Active,1925551,NA,NA,S,0,0,9579.15,55.99,2013,16,32.37,32.38
200444,Active,623899,NA,NA,S,3,1,1460076.903,83.2,1998,27,4,33.99
200445,Active,297992,NA,NA,S,3,1,1556249.643,323.95,2004,29,14.94,44.48
200446,Active,3464084,NA,NA,S,2,1,3461427.15,80.3,1994,29,4,49.59
200447,Active,709918,NA,NA,D,3,1,2984977.944,120,1999,29,4.33,43.18
200448,Active,297471,NA,NA,S,0,0,392534.1075,59.95,2007,19,48.94,0
200449,Active,268452,NA,NA,D,0,0,141146.3825,42,2006,62,9.51,0
200450,Active,206047,NA,NA,D,2,1,344027.5488,50,2005,35,4,44.34
200451,Active,533188,NA,NA,S,9,1,59858.54375,27.99,2011,33,16.98,0
200452,Active,627587,NA,NA,S,1,0,61909.1,99.99,2006,34,33.78,55.97
200453,Active,143681,NA,NA,S,1,0,9135.00375,20,2007,125,5.23,12.49
200454,Active,644091,NA,NA,S,2,1,300016.5713,35,2007,21,19.07,28.32
200455,Active,142054,NA,NA,S,2,1,240624.5675,13.99,2010,117,4,17.22
200456,Active,221053,NA,NA,S,3,1,228971.355,26.95,2007,28,6.98,0
200457,Active,661235,NA,NA,S,0,0,355355.7525,40,2010,19,31.21,37.05
200458,Active,290658,NA,NA,S,2,1,785856.7763,103,2006,34,5.44,0
200459,Active,861730,NA,NA,S,2,1,4148.78,8.95,2013,20,7.38,7.89
200460,Active,619522,NA,NA,S,2,1,186045.525,67,1977,36,7.27,51.78
200461,Active,533140,NA,NA,S,5,1,406738.25,19.99,2011,57,4,6.96
200462,Active,109429,NA,NA,D,4,1,2551408.19,4.43,2005,41,4,4.36
200463,Active,1894211,NA,NA,S,0,0,82272.4525,39.99,2015,13,17.43,21.97
200464,Active,626422,NA,NA,D,1,0,814633.4038,59,2005,42,4.18,29.59
200465,Active,199330,NA,NA,S,1,0,1047628.196,33.95,2004,45,4,10.98
200466,Active,555900,NA,NA,S,2,1,1875990.306,70,2012,36,4,24.52
200467,Active,865547,NA,NA,S,2,1,142679.665,29.95,2013,66,15.36,22
200468,Active,3485227,NA,NA,D,8,1,1996090.9,145.2,2000,50,4,17.86
200469,Active,131873,NA,NA,D,9,1,386661.1875,121,2004,43,4,18.71
200470,Active,533123,NA,NA,D,4,1,360642.2513,81.2,2008,50,4,30.94
200471,Active,616587,NA,NA,S,0,0,393211.1375,55,1995,33,10.48,56.25
200472,Active,2158867,NA,NA,S,2,1,956863.4563,65.9,2008,17,53.98,267.53
200473,Active,620121,NA,NA,S,2,1,503410.0575,65,2005,25,11.99,0
200474,Active,896785,NA,NA,S,5,1,189530.7863,65,2014,19,48.98,50.8
200475,Active,162697,NA,NA,D,4,1,341117.7775,55,2009,32,27.78,83.95
200476,Active,862339,NA,NA,S,5,1,11324.9825,65,2014,66,45.3,43.39
200477,Active,131208,NA,NA,S,0,0,409161.5425,60.99,1998,58,4,0
200478,Active,262768,NA,NA,S,5,1,599592.0375,49.95,2010,27,16.97,51.66
200479,Active,1658710,NA,NA,D,1,0,868615.3063,69,2011,14,5.42,72.43
200480,Active,253990,NA,NA,D,3,1,499475.3375,77.95,2012,98,4.12,12.14
200481,Active,623333,NA,NA,S,2,1,1680912.764,88.11,2006,13,4.5,12.88
200482,Active,253989,NA,NA,D,3,1,1336899.161,99.95,2011,25,5.84,7.91
200483,Active,55088,NA,NA,S,12,1,3095513.063,149.95,2002,37,4,8.28
200484,Active,55090,NA,NA,D,14,1,281602.4038,174.95,2010,93,7.44,98.94
200485,Active,55089,NA,NA,D,13,1,902097.3113,191.95,2006,58,4,12.52
200486,Active,269236,NA,NA,S,2,1,385322.9625,39.95,2005,36,16.32,0
200487,Active,146459,NA,NA,S,1,0,473264.6713,44.99,2010,58,4,19.39
200488,Active,288664,NA,NA,S,9,1,1308787.363,54.99,2007,67,4,12.68
200489,Active,1455528,NA,NA,S,1,0,14161.45,54.99,2014,10,36.7,34.9
200490,Active,663196,NA,NA,S,1,0,99136.1,59.99,2013,21,25.4,38.38
200491,Active,1455633,NA,NA,S,1,0,15080.275,59.99,2015,14,40.56,40.38
200492,Active,1455853,NA,NA,S,1,0,2240.225,49.99,2015,13,32.08,31.09
200493,Active,658566,NA,NA,S,2,1,159532.0575,44,2009,26,27.69,30.01
200494,Active,759388,NA,NA,D,1,0,1172428.459,49.95,2001,13,15.6,76.39
200495,Active,760340,NA,NA,D,2,1,1316649.126,49.95,2003,19,13.11,57.61
200496,Active,164659,NA,NA,S,3,1,442798.1113,49.95,2002,39,4,12.54
200497,Active,167299,NA,NA,D,4,1,153983.3938,60,2013,51,9.82,40.93
200498,Active,1556719,NA,NA,S,1,0,141627.0175,39.95,2014,15,32.78,31.4
200499,Active,273361,NA,NA,D,7,1,109781.0138,61.95,2011,54,22.78,33.99
200500,Active,196694,NA,NA,D,6,1,318884.1063,49.95,2005,85,4,18.89
200501,Active,183146,NA,NA,D,1,0,1863135.194,76.95,2006,25,4,28.71
200502,Active,224411,NA,NA,S,2,1,309986.6313,75.95,1997,47,12.2,50.88
200503,Active,165110,NA,NA,S,1,0,161995.4013,70,2003,94,22.92,42.96
200504,Active,296115,NA,NA,S,3,1,721508.3388,43,1998,52,4.16,0
200505,Active,185235,NA,NA,S,1,0,183336.5713,40,2006,74,9.88,0
200506,Active,172230,NA,NA,S,35,1,579285.7825,29.95,2007,40,4,0
200507,Active,1538363,NA,NA,S,1,0,540366.1,45.95,2006,46,37.11,37.11
200508,Active,623666,NA,NA,S,1,0,649090.975,171.95,2000,37,24.99,98.98
200509,Active,454830,NA,NA,S,2,1,6275817.251,140,2008,13,29.89,117.13
200510,Active,115306,NA,NA,D,3,1,353698.7438,76.6,2009,34,5.5,13.98
200511,Active,121434,NA,NA,S,2,1,1149360.87,91.6,1997,67,4,12.16
200512,Active,54473,NA,NA,D,4,1,344270.6363,108.8,2009,34,7.04,53.52
200513,Active,54472,NA,NA,D,4,1,344385.3813,97.33,2007,36,5.34,57.79
200514,Active,533031,NA,NA,D,5,1,65552.045,114.8,2010,34,9.09,94.79
200515,Active,133045,NA,NA,D,4,1,705122.5175,86.6,2009,27,5.72,47.48
200516,Active,133071,NA,NA,D,5,1,133216.2825,114.8,2010,38,7.98,83.59
200517,Active,630794,NA,NA,D,1,0,368829.1775,49.95,2009,30,5.75,13.35
200518,Active,654742,NA,NA,S,0,0,455495.12,50,2008,30,13.02,31.44
200519,Active,626119,NA,NA,D,1,0,426898.9438,49.95,2009,27,30.28,36.25
200520,Active,629913,NA,NA,S,3,1,864938.825,102.99,2010,25,6.96,17.35
200521,Active,874606,NA,NA,D,6,1,612849.7938,27.35,2008,47,6.38,18.98
200522,Active,874692,NA,NA,D,6,1,805134.3,42.68,2008,33,9.87,42.68
200523,Active,108786,NA,NA,S,5,1,266675.085,91.25,2006,38,4.72,67.2
200524,Active,1746756,NA,NA,D,1,0,1954900.841,147.53,2006,16,28.36,123.47
200525,Active,165651,NA,NA,S,2,1,24685.72625,24.95,2003,49,11.21,0
200526,Active,261295,NA,NA,D,1,0,818313.8625,85,1998,34,12.38,0
200527,Active,152634,NA,NA,D,0,0,234502.9488,89.95,1997,33,16.87,99.85
200528,Active,2135803,NA,NA,S,2,1,81683.1625,89.95,2010,49,52.97,63.33
200529,Active,3843932,NA,NA,S,4,1,857642.95,79.95,2009,60,33.98,35.83
200530,Active,339724,NA,NA,S,2,1,589588.975,95,2008,24,5.2,55.87
200531,Active,740017,NA,NA,S,2,1,350202.18,36,2003,27,5.38,0
200532,Active,52041,NA,NA,D,6,1,88055.2425,114.6,2011,193,4,12.49
200533,Active,133094,NA,NA,D,5,1,1486104.903,94.8,2009,84,3.78,6.95
200534,Active,55750,NA,NA,D,5,1,694627.265,104.6,2009,72,4,8.99
200535,Active,828272,NA,NA,D,1,0,521909.8538,45,2000,49,16.97,73.61
200536,Active,897182,NA,NA,S,4,1,692557.5888,79.95,2014,18,25.69,39.02
200537,Active,489499,NA,NA,S,2,1,823857.1225,59,2008,18,38,38.99
200538,Active,177913,NA,NA,S,3,1,560963.65,152.95,2003,41,6.18,0
200539,Active,658024,NA,NA,S,6,1,78468.22,80,2013,40,52.11,65.37
200540,Active,532968,NA,NA,D,7,1,361814.925,74.99,2011,58,5.65,17.87
200541,Active,658004,NA,NA,D,8,1,276845.235,69.99,2013,56,4.99,19.99
200542,Active,197625,NA,NA,D,2,1,1549321.465,53.94,2010,28,4,17.99
200543,Active,627273,NA,NA,D,3,1,1355254.04,31.61,2009,27,4.82,26.48
200544,Active,532967,NA,NA,S,2,1,737147.6763,59.95,2012,18,13.58,41.09
200545,Active,53374,NA,NA,D,8,1,428391.4663,24.96,2006,88,4,8.94
200546,Active,2261756,NA,NA,D,10,1,2162992.611,18.94,2011,70,7.07,29.02
200547,Active,53375,NA,NA,D,10,1,76038.825,215.5,2010,80,6.97,32.99
200548,Active,127270,NA,NA,S,3,1,755936.2325,53.25,2004,41,6.61,40
200549,Active,900796,NA,NA,S,2,1,357847.8788,39.95,2014,20,28.83,32.7
200550,Active,421424,NA,NA,S,0,0,47764.05,123.75,2005,144,5.47,30.35
200551,Active,457651,NA,NA,S,3,1,973180.6038,144.95,2008,31,11.5,61.26
200552,Active,183364,NA,NA,D,2,1,2564907.675,108.95,2005,21,4,87.77
200553,Active,183072,NA,NA,D,2,1,1524613.915,123,2006,21,4,52.29
200554,Active,179133,NA,NA,S,3,1,595507.8738,117.95,2008,33,11.47,67.21
200555,Active,916633,NA,NA,S,2,1,1035946.535,47.95,2010,31,4.19,42.85
200556,Active,607576,NA,NA,S,4,1,1393604.084,41,2001,34,4,40.37
200557,Active,126167,NA,NA,D,4,1,2470271.788,41,2000,41,3,13.94
200558,Active,706971,NA,NA,D,0,0,1005000.771,159.25,2002,36,4,23.99
200559,Active,714337,NA,NA,S,2,1,6822693.841,70,2001,26,4.49,13.99
200560,Active,873588,NA,NA,S,4,1,322944.4488,118.35,2005,55,4.47,18.98
200561,Active,547884,NA,NA,D,0,0,1026040.164,172.75,1998,76,4,9.03
200562,Active,417593,NA,NA,S,6,1,57490.49875,162.25,2008,70,22.88,89.82
200563,Active,130970,NA,NA,S,2,1,238346.5888,93.2,2011,64,12.48,77.85
200564,Active,120360,NA,NA,D,1,0,371371.75,71,2007,45,4.13,33.86
200565,Active,417595,NA,NA,S,2,1,439274.7225,131.75,2008,47,26.65,103.94
200566,Active,133105,NA,NA,S,5,1,837171.5675,120,2009,37,5.18,60.32
200567,Active,130373,NA,NA,S,6,1,732265.5688,83.8,2010,38,5.61,51.77
200568,Active,575269,NA,NA,S,2,1,1124783.381,79.95,2007,30,12.44,70.99
200569,Active,115171,NA,NA,S,10,1,449037.1525,174.2,2000,42,4.19,42.1
200570,Active,55752,NA,NA,D,13,1,721002.9275,164.2,2007,44,7.9,69.93
200571,Active,712587,NA,NA,S,9,1,432445.575,125,2002,70,6.6,25.99
200572,Active,2375787,NA,NA,S,9,1,85951.075,125.75,2004,31,13.88,82.25
200573,Active,618320,NA,NA,S,0,0,29646.325,92.74,2003,49,21.85,79.99
200574,Active,515161,NA,NA,S,13,1,736363.4913,174.2,2008,39,8.87,150.47
200575,Active,712667,NA,NA,S,3,1,508049.0238,53.38,2001,61,7.12,53.7
200576,Active,739230,NA,NA,S,10,1,1387063.389,98,1999,52,4.34,24.99
200577,Active,55753,NA,NA,S,11,1,446941.4775,125.33,2002,42,4.97,42.98
200578,Active,287585,NA,NA,D,13,1,208201,127.4,2007,56,4.97,41.19
200579,Active,54191,NA,NA,D,13,1,202310.6225,127.4,2007,32,7.98,52.91
200580,Active,647108,NA,NA,D,15,1,14158.17,175.95,2012,101,29.97,33.99
200581,Active,183155,NA,NA,D,13,1,14136.14625,205.95,2006,259,7.71,54.96
200582,Active,532938,NA,NA,D,15,1,98759.61625,179.95,2012,76,16.63,89.35
200583,Active,769461,NA,NA,S,12,1,1081981.818,85,2006,63,4,10.14
200584,Active,1723596,NA,NA,S,15,1,243138.225,61.95,2012,17,38.91,58.94
200585,Active,183339,NA,NA,S,13,1,263762.105,112.95,2005,42,4,32.23
200586,Active,571860,NA,NA,S,12,1,1450263.15,18.92,2006,59,3.98,18.92
200587,Active,179174,NA,NA,D,14,1,157970.0425,241.95,2008,87,4,41.45
200588,Active,179173,NA,NA,D,14,1,461573.5225,241.95,2008,96,4.99,30.12
200589,Active,60938,NA,NA,D,13,1,808851.5213,230.95,2006,51,4.32,13.03
200590,Active,183451,NA,NA,D,2,1,626504.3438,144.95,2006,92,4.26,31.96
200591,Active,608600,NA,NA,S,7,1,3446346.568,73.95,2003,24,4,12.99
200592,Active,169289,NA,NA,D,8,1,927459.3875,204.95,2006,27,7.84,69.24
200593,Active,290950,NA,NA,D,9,1,390447.535,212.95,2009,25,6.08,22.59
200594,Active,169850,NA,NA,D,8,1,777746.3575,81.95,2008,24,6.41,54.87
200595,Active,451791,NA,NA,D,9,1,193962.9913,179.95,2009,49,4.96,34.74
200596,Active,451792,NA,NA,D,9,1,625415.7525,171.95,2009,44,6.34,64.31
200597,Active,807823,NA,NA,S,0,0,83392.335,44.99,2009,76,8.51,23.94
200598,Active,808064,NA,NA,S,0,0,222315.6075,44.99,2012,22,18.94,15.98
200599,Active,54919,NA,NA,S,5,1,1021339.77,88,2005,27,4,9.81
200600,Active,132726,NA,NA,S,1,0,404840.81,121,2008,32,4,63.06
200601,Active,54916,NA,NA,D,5,1,1117876.365,76,2005,61,3.99,13.44
200602,Active,133377,NA,NA,D,7,1,44310.955,75.8,2010,94,14.99,48.99
200603,Active,145202,NA,NA,S,7,1,1044367.784,112.6,2005,49,4.13,9.92
200604,Active,158337,NA,NA,D,0,0,752367.67,53.95,2010,47,13.49,9.72
200605,Active,642007,NA,NA,S,2,1,289811.7925,16.99,2013,75,9.36,18.99
200606,Active,630499,NA,NA,S,2,1,27697.46375,37.89,2013,65,12.98,18.99
200607,Active,153886,NA,NA,D,1,0,633143.7088,16.98,2011,71,4,9.9
200608,Active,1738947,NA,NA,S,0,0,100432.255,49.95,2014,67,30.84,32.46
200609,Active,271018,NA,NA,D,6,1,62317.20375,68,2011,64,5.29,29.95
200610,Active,229128,NA,NA,D,5,1,505245.4863,49.95,2007,60,4,13.49
200611,Active,734282,NA,NA,S,2,1,2702002.08,28.99,2002,65,3.99,28.99
200612,Active,141931,NA,NA,D,4,1,586016.935,41.92,2008,42,4,41.74
200613,Active,618919,NA,NA,D,5,1,398687.7025,99.98,2012,104,6.91,42.04
200614,Active,141861,NA,NA,D,4,1,432755.5688,32.88,2008,100,4,6.49
200615,Active,141946,NA,NA,S,4,1,79407.61,33.62,2009,129,4,21.88
200616,Active,1946668,NA,NA,S,6,1,39627.75,84.25,2014,23,24.94,38.84
200617,Active,52857,NA,NA,S,3,1,984383.2863,27,2004,117,4,22.43
200618,Active,735557,NA,NA,S,4,1,2136855.385,71.5,2009,8,39.61,417.87
200619,Active,52858,NA,NA,D,4,1,76562.745,60,2008,150,4,30.61
200620,Active,141896,NA,NA,D,4,1,1612694.258,189.88,2008,39,4,79.96
200621,Active,141897,NA,NA,D,4,1,1124170.831,67.7,2008,31,5.48,63.39
200622,Active,141836,NA,NA,D,3,1,3758923.396,107.33,2005,19,5.97,107.33
200623,Active,3077771,NA,NA,D,3,1,1256784.879,149,2004,32,4.86,46.41
200624,Active,265281,NA,NA,D,4,1,2709280.935,264,2002,12,6.16,135.27
200625,Active,265303,NA,NA,D,1,0,1338357.089,139,2005,15,10.98,73.79
200626,Active,108739,NA,NA,S,5,1,807348.25,41.86,2005,43,5.29,27.96
200627,Active,620490,NA,NA,S,1,0,838508.955,131.75,2006,26,11.65,52.99
200628,Active,112244,NA,NA,S,2,1,69380.93125,126.25,2004,47,8.98,62.94
200629,Active,708817,NA,NA,S,3,1,357367.8788,118.08,2006,33,9.74,90.14
200630,Active,707111,NA,NA,S,0,0,482088.6275,149.75,2003,57,4,23.68
200631,Active,2601773,NA,NA,S,1,0,302092.215,57.99,1995,198,4,9.94
200632,Active,55596,NA,NA,D,7,1,817187.8038,24.73,2007,57,4,5.82
200633,Active,258480,NA,NA,D,1,0,461500.185,45,1998,62,4,10.23
200634,Active,643955,NA,NA,S,4,1,477533.3238,61,2009,25,15.33,46.49
200635,Active,2652119,NA,NA,D,5,1,6235662.36,0,1984,15,4.06,0
200636,Active,2654488,NA,NA,D,8,1,2845240.14,119.95,1993,39,4.13,11.99
200637,Active,461697,NA,NA,D,11,1,184124.4063,165.95,2005,55,4.07,9.99
200638,Active,608163,NA,NA,S,9,1,696524.6213,161.95,1997,52,4,33.99
200639,Active,848153,NA,NA,S,9,1,601011.9575,150.95,1997,51,4,19.99
200640,Active,461698,NA,NA,D,11,1,581017.4788,165.95,2005,78,4,8.64
200641,Active,1456151,NA,NA,S,5,1,198760.475,90.6,2014,23,24.43,78.72
200642,Active,533465,NA,NA,S,5,1,86481.17,81.2,2012,49,20.77,38.99
200643,Active,144655,NA,NA,S,2,1,1734434.155,46.67,2004,40,2.99,17.99
200644,Active,60940,NA,NA,D,2,1,732502.0663,40,2004,50,4,4.13
200645,Active,536751,NA,NA,S,5,1,68403.38375,60.2,2012,52,16.98,73.83
200646,Active,54812,NA,NA,D,4,1,559046.8463,53.2,2010,56,4,40.53
200647,Active,876583,NA,NA,D,11,1,792744.8288,144.5,2006,38,6.92,39.75
200648,Active,60941,NA,NA,D,11,1,615729.025,97.65,2005,43,4.91,48.57
200649,Active,55481,NA,NA,S,12,1,25001.7925,207.5,2008,65,42.99,114.48
200650,Active,104569,NA,NA,S,9,1,1462767.371,73.25,1999,38,4.15,48.11
200651,Active,873062,NA,NA,D,11,1,1748804.385,6.27,2002,14,4,8.68
200652,Active,111023,NA,NA,S,12,1,56394.52625,207.5,2008,57,50.3,139.95
200653,Active,53576,NA,NA,S,12,1,36635.98625,207.5,2008,62,44.48,129.99
200654,Active,532922,NA,NA,D,0,0,210652.665,119.56,2006,35,7.98,53.98
200655,Active,100673,NA,NA,D,0,0,459289.6863,131.75,2002,65,4.36,44.4
200656,Active,112330,NA,NA,S,0,0,190078.1988,137.75,2009,79,13.51,63.76
200657,Active,3485838,NA,NA,S,0,0,189933.75,47.5,1980,57,12.22,43.92
200658,Active,119673,NA,NA,S,2,1,1648603.59,31.13,1996,45,4,9.52
200659,Active,772845,NA,NA,S,0,0,140578.245,94.4,2006,80,7.45,73.8
200660,Active,768134,NA,NA,S,1,0,36988.43375,79,2010,35,28.49,60.93
200661,Active,848626,NA,NA,D,0,0,281862.4763,164.2,1998,108,4.4,21.98
200662,Active,2215790,NA,NA,S,0,0,20028.625,40,2008,21,25.2,24.42
200663,Active,772252,NA,NA,S,6,1,764169.4613,109.55,2004,45,17.74,88.06
200664,Active,291744,NA,NA,S,1,0,307711.3825,91.65,2008,32,11.81,62.32
200665,Active,57830,NA,NA,D,5,1,1341497.24,54.45,2006,40,4.12,27.45
200666,Active,165564,NA,NA,D,4,1,2042276.349,98.99,2003,26,4.58,48.07
200667,Active,165198,NA,NA,S,3,1,256057.0163,301.5,2002,96,4,43.09
200668,Active,2591401,NA,NA,D,1,0,3082900.82,105,1987,19,6.39,57.31
200669,Active,3607903,NA,NA,D,0,0,4876550,36,1995,28,9.94,15.1
200670,Active,1733257,NA,NA,S,2,1,342774.2888,46.95,2009,50,38.93,35.99
200671,Active,176958,NA,NA,S,2,1,363190.95,94.95,2003,28,8.47,24.98
200672,Active,135299,NA,NA,D,3,1,245653.9013,32.5,2002,32,12.48,56.23
200673,Active,522844,NA,NA,S,4,1,426923.6288,88.95,2010,28,40.16,58.94
200674,Active,556384,NA,NA,S,2,1,668990.4575,47.95,2009,28,27.21,34.2
200675,Active,532887,NA,NA,S,1,0,82134.01,49.95,2004,79,16.99,30.59
200676,Active,123889,NA,NA,S,2,1,237210.4288,190.95,1997,32,7.95,93.32
200677,Active,54809,NA,NA,D,6,1,984257.7625,77,2005,49,4,16.24
200678,Active,157660,NA,NA,S,2,1,89752.5575,51.95,2008,31,16.03,45.79
200679,Active,352053,NA,NA,S,2,1,89214.3925,35,2002,62,14.75,68.31
200680,Active,682277,NA,NA,D,0,0,1115658.751,29.95,2006,38,4.86,0
200681,Active,3216927,NA,NA,D,0,0,907947.07,26.49,1982,25,13.86,23.98
200682,Active,907940,NA,NA,S,0,0,359951.545,44.99,2007,37,18.55,23.98
200683,Active,1937512,NA,NA,S,4,1,19309.64125,49.99,2014,25,22.38,29.15
200684,Active,746940,NA,NA,S,0,0,206433.73,39.95,2012,33,17.01,24.99
200685,Active,746625,NA,NA,S,0,0,82812.925,39.95,2011,22,23.99,22.99
200686,Active,613443,NA,NA,S,0,0,169600.2563,38.99,1999,125,5.21,29.57
200687,Active,536187,NA,NA,S,2,1,541721.4088,34.99,2002,33,5.18,27.19
200688,Active,532832,NA,NA,S,2,1,292785.135,60.95,2007,34,13.46,40.97
200689,Active,55593,NA,NA,D,2,1,484701.36,156.95,2008,90,4.98,38.97
200690,Active,55594,NA,NA,D,1,0,1897970.383,92.95,2005,57,3.99,13.23
200691,Active,131699,NA,NA,S,1,0,25636.975,101.95,2005,32,50.83,80.54
200692,Active,298112,NA,NA,S,2,1,126128.295,50.95,2005,37,11.17,30.79
200693,Active,625684,NA,NA,S,3,1,254425.7788,169.95,1995,31,30.61,167.54
200694,Active,127193,NA,NA,D,5,1,664218.1163,67.95,2008,43,6.19,36.18
200695,Active,261244,NA,NA,S,5,1,24952.95,24.95,2011,103,6.86,39.91
200696,Active,267312,NA,NA,D,1,0,420891.8175,59.95,2006,63,5.87,0
200697,Active,646978,NA,NA,D,10,1,518208.9738,66.95,2013,38,8.54,37.99
200698,Active,208284,NA,NA,D,0,0,1219920.185,34.99,1999,21,10.45,38.94
200699,Active,630239,NA,NA,S,2,1,36229.06,40,2005,41,19.94,26.36
200700,Active,204127,NA,NA,D,8,1,994268.2775,71.99,2006,32,4,13.49
200701,Active,237762,NA,NA,D,12,1,231439.4338,75,2001,49,6.95,59.15
200702,Active,181400,NA,NA,S,2,1,401475.335,39.95,2008,31,11.33,32.29
200703,Active,665022,NA,NA,D,4,1,2615301.861,153,2007,19,4.77,320.57
200704,Active,246374,NA,NA,S,0,0,465877.5313,51.95,2006,25,6.89,32.11
200705,Active,1540903,NA,NA,D,3,1,1096588.239,42.95,2013,21,6.97,35.22
200706,Active,2532255,NA,NA,D,0,0,2615643.378,43.95,1999,27,4.31,47.94
200707,Active,208814,NA,NA,S,3,1,275992.01,28.95,2007,38,7.43,28.95
200708,Active,156565,NA,NA,D,1,0,1161120.438,45.95,1996,57,8.99,24.99
200709,Active,157553,NA,NA,S,2,1,399653.6238,55.95,2010,43,12.95,36.08
200710,Active,575917,NA,NA,D,2,1,4993491.831,118.81,2008,16,4.98,46.23
200711,Active,867355,NA,NA,S,5,1,30950.29,166.75,2014,61,47.2,64.35
200712,Active,243699,NA,NA,D,1,0,575397.6475,68,2008,39,8.99,48.27
200713,Active,212252,NA,NA,S,0,0,123900.2763,44.95,1997,35,6.99,52.98
200714,Active,635862,NA,NA,S,2,1,62085.83875,30,2011,48,14.54,24.4
200715,Active,625289,NA,NA,S,2,1,321427.0788,59.95,2009,27,23.59,0
200716,Active,242889,NA,NA,S,0,0,1210487.335,10.27,2009,26,4,8.43
200717,Active,920405,NA,NA,S,4,1,62295.6675,60.5,2013,55,18.98,45.78
200718,Active,2604307,NA,NA,S,2,1,824519.9425,44.99,2004,22,22.3,36.86
200719,Active,3804812,NA,NA,S,23,1,150262.7,49.95,2015,2,48.99,46.83
200720,Active,895308,NA,NA,S,3,1,495958.3538,44.95,2011,23,27,42.91
200721,Active,290890,NA,NA,S,1,0,100072.25,137.95,2008,17,48.89,97.98
200722,Active,651583,NA,NA,D,1,0,1185168.378,76,2004,19,14.86,53.87
200723,Active,656886,NA,NA,D,0,0,2006410.468,50,2012,15,6.49,28.99
200724,Active,915428,NA,NA,D,1,0,1028975.859,48.32,2003,27,6.38,31.94
200725,Active,634107,NA,NA,D,1,0,1008860.726,49.95,2008,41,10.34,48.43
200726,Active,637710,NA,NA,S,0,0,47410.42,59.95,2012,28,23.48,0
200727,Active,135585,NA,NA,D,0,0,545306.6513,41.95,2005,33,7.91,29.98
200728,Active,632252,NA,NA,D,1,0,627352.8863,112,2000,23,28.74,83.69
200729,Active,1989591,NA,NA,S,2,1,795922.4763,44.99,2014,26,18.98,26.5
200730,Active,275921,NA,NA,D,1,0,666505.5125,59.95,2003,49,4.35,40.25
200731,Active,268127,NA,NA,S,2,1,225186.4188,59.95,2010,43,33.14,36.86
200732,Active,549655,NA,NA,S,2,1,477527.285,45,2008,38,5.43,11.41
200733,Active,275653,NA,NA,D,0,0,473670.6288,30.95,2002,76,4,11.49
200734,Active,132603,NA,NA,D,9,1,79491.95625,144,2008,66,7.79,51.73
200735,Active,1938660,NA,NA,S,0,0,17506.95,40,2014,20,15.02,17.28
200736,Active,635605,NA,NA,S,0,0,39349.75,39.99,2013,20,21.19,22.5
200737,Active,2082168,NA,NA,S,0,0,181615.845,75,2013,63,21.47,31.93
200738,Active,637688,NA,NA,S,1,0,45407.85,49.99,2012,21,21.99,30.59
200739,Active,750417,NA,NA,S,1,0,111287.75,65,2010,30,35.65,38.98
200740,Active,115579,NA,NA,S,2,1,395002.7113,95.6,2003,56,4,49.85
200741,Active,635711,NA,NA,S,2,1,541597.9475,39.99,2012,33,23.87,27.96
200742,Active,165546,NA,NA,D,3,1,602320.0138,69.98,2003,60,4,18.56
200743,Active,921462,NA,NA,D,2,1,544074.7088,40.67,1973,61,9.49,13.94
200744,Active,2421997,NA,NA,D,0,0,482444.3225,50.5,1973,41,4.48,18.99
200745,Active,2275804,NA,NA,D,0,0,4388626.571,92.44,2009,21,53.12,106.35
200746,Active,55591,NA,NA,D,2,1,1207845.488,35.97,2008,64,4,35.97
200747,Active,639890,NA,NA,S,1,0,334534.7413,80,2011,27,28.98,46.52
200748,Active,253716,NA,NA,S,0,0,245366.4438,24.95,2007,42,10.35,14.53
200749,Active,2325719,NA,NA,S,2,1,1471226.83,72.33,1978,46,4,50.05
200750,Active,1434051,NA,NA,S,0,0,90200.1,45,2014,23,22.22,27.86
200751,Active,1723861,NA,NA,D,1,0,1971187.83,69.95,2008,15,23.94,74.18
200752,Active,131870,NA,NA,D,8,1,2221643.386,132.6,2004,35,4,11.62
200753,Active,132474,NA,NA,D,9,1,548003.5575,170.2,2008,51,4,28.03
200754,Active,917816,NA,NA,D,2,1,750901.5238,60,1996,58,4.99,63.83
200755,Active,627930,NA,NA,S,1,0,2423.0175,39.95,2012,37,24.49,25.5
200756,Active,875753,NA,NA,D,1,0,796131.5075,206.95,1994,78,4.08,13.42
200757,Active,1938617,NA,NA,S,0,0,48023.675,40,2013,57,10.43,14.06
200758,Active,867777,NA,NA,S,2,1,12140.24,64.95,2014,30,33.99,49.87
200759,Active,169417,NA,NA,D,2,1,467070.6888,75.95,2008,32,7.88,19.97
200760,Active,905791,NA,NA,D,2,1,2819245.613,39.95,1997,21,4,13.17
200761,Active,1446571,NA,NA,S,3,1,137673.81,59.95,2014,16,26.23,44.27
200762,Active,110194,NA,NA,D,3,1,855380.815,5.99,2008,78,4,44.74
200763,Active,239910,NA,NA,S,0,0,65546.425,63,1998,20,33.58,193.15
200764,Active,2041251,NA,NA,S,0,0,125411.7975,69.95,2010,13,31.9,46.32
200765,Active,3237987,NA,NA,S,0,0,5694.79875,48.97,2010,0,0,46.44
200766,Active,563772,NA,NA,S,4,1,622519.5325,73.25,1992,37,4.1,21.08
200767,Active,532744,NA,NA,S,2,1,229456.945,95,2010,34,53.23,58.42
200768,Active,106230,NA,NA,S,2,1,414772.9925,63,2005,40,4,0
200769,Active,2115162,NA,NA,S,0,0,18613.525,39.95,2015,15,28.55,26.9
200770,Active,104624,NA,NA,D,3,1,1428946.378,125,1998,47,4,14.98
200771,Active,301085,NA,NA,S,4,1,731152.3588,44.99,2007,67,4,28.49
200772,Active,1780428,NA,NA,S,1,0,26181.35,65,2014,20,35.72,31.09
200773,Active,291003,NA,NA,S,4,1,181214.2963,21.95,2006,75,4,13.79
200774,Active,113095,NA,NA,D,1,0,327493.6125,79.95,2008,37,8.78,66.17
200775,Active,893221,NA,NA,S,0,0,800409.955,39.95,2015,15,27.59,25.71
200776,Active,626914,NA,NA,S,2,1,853698.6225,80,2010,26,26.5,72.28
200777,Active,621965,NA,NA,S,0,0,28402.5425,49.95,2010,42,24.38,30.98
200778,Active,1704518,NA,NA,S,0,0,27111.825,50,2011,26,28.68,29.82
200779,Active,2576637,NA,NA,D,1,0,923618.96,231,1987,21,4,78.41
200780,Active,532742,NA,NA,S,0,0,63463.74625,39.99,2008,56,13.98,23.99
200781,Active,622163,NA,NA,S,2,1,495555.06,49.95,1990,85,4.17,16.25
200782,Active,105469,NA,NA,D,10,1,297611.61,70.5,2009,54,3.99,23.99
200783,Active,705700,NA,NA,S,11,1,386204.46,150,2011,18,16.48,0
200784,Active,623457,NA,NA,S,1,0,7038.75,39.95,2011,34,25.23,25.24
200785,Active,154263,NA,NA,D,3,1,159081.8363,25.99,1998,63,4.52,18.97
200786,Active,903678,NA,NA,S,0,0,91270.88375,19.95,2011,33,8.68,16.44
200787,Active,181975,NA,NA,D,1,0,437286.485,44.99,2009,85,4,10.16
200788,Active,225685,NA,NA,D,2,1,358975.8875,104.95,2000,34,4,32.55
200789,Active,144266,NA,NA,S,1,0,22577.975,63,2000,100,4.59,28.94
200790,Active,751285,NA,NA,S,1,0,91081.125,70,2012,14,32.59,33.88
200791,Active,905534,NA,NA,S,2,1,655219.305,54.99,2014,21,23.98,34.28
200792,Active,1604670,NA,NA,S,1,0,23322.075,40,2012,19,18.56,24.76
200793,Active,2437555,NA,NA,S,0,0,712377.205,58,1991,34,17.29,37.02
200794,Active,618825,NA,NA,S,1,0,731511.245,80,2000,44,29.25,35.19
200795,Active,135626,NA,NA,S,2,1,728755.4388,29.95,2007,39,4.61,23.69
200796,Active,169694,NA,NA,D,2,1,397564.0588,201.95,2008,65,4.57,46.55
200797,Active,2256589,NA,NA,D,2,1,2386256.755,242.11,2007,47,9.73,62.76
200798,Active,54676,NA,NA,D,2,1,362156.1575,209.95,2008,70,4.87,41.93
200799,Active,54675,NA,NA,D,1,0,1320422.12,229.95,2006,36,4,17.49
200800,Active,130620,NA,NA,D,10,1,231941.3063,74.8,2011,43,9.73,83.4
200801,Active,738963,NA,NA,S,5,1,1470499.363,38,1997,31,4,10.51
200802,Active,910053,NA,NA,D,1,0,475390.1188,39.99,2009,44,4.45,53.47
200803,Active,612763,NA,NA,D,2,1,82975.36625,44.99,2013,57,27.65,27.36
200804,Active,377415,NA,NA,D,1,0,856042.4525,49.95,1999,47,4.26,23.94
200805,Active,916517,NA,NA,S,7,1,332567.5963,51.92,2008,29,4.84,51.9
200806,Active,110760,NA,NA,D,7,1,205358.0125,82.05,2006,65,6.14,57.85
200807,Active,3792372,NA,NA,D,2,1,1396955.55,77,2002,31,3.93,38.84
200808,Active,205977,NA,NA,S,1,0,500208.45,32.95,2003,58,4.13,15.73
200809,Active,218647,NA,NA,S,2,1,509678.4513,47.95,1997,36,13.97,44.02
200810,Active,60945,NA,NA,D,3,1,993695.8475,65.6,1998,21,4.86,47.98
200811,Active,553286,NA,NA,S,2,1,355999.0038,76.8,1994,30,6.51,52.29
200812,Active,1630804,NA,NA,S,0,0,625089.8863,49.95,2009,22,24.43,36.6
200813,Active,172236,NA,NA,S,5,1,31745.15,42.95,2009,69,18.77,31.1
200814,Active,171701,NA,NA,D,4,1,1056718.114,41.95,2000,71,4,13.98
200815,Active,665255,NA,NA,S,3,1,9452.6,44.95,2012,25,46.92,0
200816,Active,3138141,NA,NA,D,2,1,378158.8338,39.95,2005,29,8.52,43.45
200817,Active,152209,NA,NA,D,1,0,2013732.803,299,2007,14,51.69,65.87
200818,Active,630233,NA,NA,D,3,1,258209.7038,129,2005,28,24.85,27.19
200819,Active,899937,NA,NA,D,1,0,2607653.208,199,1993,17,13.08,73.33
200820,Active,182540,NA,NA,D,2,1,608318.9163,84.95,2001,34,4,45.34
200821,Active,232788,NA,NA,S,0,0,132810.4,49.95,2007,28,17.99,37
200822,Active,762601,NA,NA,D,2,1,2790415.836,129.95,1998,28,4,29.33
200823,Active,50490,NA,NA,D,10,1,337255.46,168.4,2006,78,5.07,11.92
200824,Active,661628,NA,NA,S,12,1,313321.5025,119.8,2012,24,13.94,92.71
200825,Active,50491,NA,NA,D,11,1,86766.2375,152.4,2009,77,5.49,52.51
200826,Active,659693,NA,NA,D,1,0,2270564.959,98.95,2010,18,8.49,11.94
200827,Active,3468282,NA,NA,D,7,1,4725384.75,0,2006,22,4,4.99
200828,Active,110238,NA,NA,S,8,1,115254.4313,104,2009,41,5.04,52.43
200829,Active,647320,NA,NA,S,0,0,84631.55,68,2010,19,50.75,50.75
200830,Active,163025,NA,NA,S,5,1,1119295.936,115,2010,21,9.44,55.17
200831,Active,1473789,NA,NA,S,2,1,760137.0525,44.95,2009,20,30.6,30.68
200832,Active,2599543,NA,NA,D,2,1,5094707.744,78.99,1993,22,4,23.69
200833,Active,2537672,NA,NA,S,2,1,286621.6675,45.95,2000,30,13.85,35.05
200834,Active,532635,NA,NA,S,1,0,310983.9963,60.95,2012,40,39.12,53.99
200835,Active,640125,NA,NA,D,4,1,2949504.049,295,2006,18,44.33,126.84
200836,Active,625375,NA,NA,S,4,1,373465.99,41,2006,31,11.66,20.77
200837,Active,1733125,NA,NA,S,1,0,1649679.996,32,2010,13,25.6,27.82
200838,Active,923992,NA,NA,S,0,0,69087.75125,21.99,2003,379,4,7.42
200839,Active,909505,NA,NA,D,0,0,3858955.183,74.95,1998,23,4,28.74
200840,Active,647923,NA,NA,S,2,1,914973.975,135.99,2004,38,36.38,94.44
200841,Active,255116,NA,NA,S,3,1,32863.83125,49.95,2008,53,16,31.99
200842,Active,1778464,NA,NA,S,1,0,2847.425,40,2014,51,15.99,15.98
200843,Active,922300,NA,NA,S,3,1,193274.835,75.99,2007,77,4,10.46
200844,Active,762366,NA,NA,D,0,0,339801.6575,105,2001,17,42.44,133.99
200845,Active,166407,NA,NA,D,4,1,543959.5525,18.93,2006,70,4,13.37
200846,Active,51706,NA,NA,D,5,1,97700.22125,21.47,2009,217,4.05,25.82
200847,Active,532568,NA,NA,D,4,1,1428329.101,99,2004,24,4.83,18.99
200848,Active,2103051,NA,NA,S,0,0,610937.8363,40,2015,24,16.28,22.99
200849,Active,766863,NA,NA,D,2,1,4576441.404,53.95,2000,13,4,15.09
200850,Active,178846,NA,NA,S,3,1,449777.75,97.95,2005,12,78.4,60.9
200851,Active,456858,NA,NA,S,3,1,193595.0538,97.95,2005,50,9.53,41.49
200852,Active,108674,NA,NA,S,4,1,173817.1938,82.75,2004,27,8.99,38.94
200853,Active,54910,NA,NA,D,14,1,82746.90125,68,2010,62,4,28.99
200854,Active,247827,NA,NA,D,1,0,1013356.561,81,2008,61,4,8.97
200855,Active,177277,NA,NA,S,1,0,14992.975,225.95,2003,40,44.74,58.98
200856,Active,614417,NA,NA,D,1,0,1840912.136,59.8,2002,45,4,8.99
200857,Active,128160,NA,NA,S,2,1,1098406.621,99,2001,15,6.15,119.83
200858,Active,686713,NA,NA,S,1,0,279817.2563,29.95,2012,32,6.28,15.99
200859,Active,904574,NA,NA,D,2,1,2788334.531,145.95,2000,15,14.98,66.17
200860,Active,569651,NA,NA,S,2,1,1177690.613,85.95,2001,41,4,14.85
200861,Active,51712,NA,NA,D,4,1,46918.055,132.95,2007,95,5.95,74.42
200862,Active,51714,NA,NA,D,3,1,314113.7575,109.95,2004,83,4,27.18
200863,Active,1932719,NA,NA,S,0,0,708217.4638,100,2011,31,48.94,161.31
200864,Active,3594246,NA,NA,S,2,1,1477857.5,60,1999,33,4,25
200865,Active,882951,NA,NA,D,1,0,2893722.048,72.95,2002,15,26.28,73.95
200866,Active,199119,NA,NA,D,1,0,706913.4763,57.95,2002,22,17.47,45.99
200867,Active,613127,NA,NA,S,1,0,46470.4875,60,2000,188,6.49,36.09
200868,Active,2774881,NA,NA,D,1,0,1641843.701,38.95,2003,19,10.53,66.89
200869,Active,54132,NA,NA,D,8,1,18632.81375,219,2011,100,37.39,50.43
200870,Active,54135,NA,NA,D,7,1,77388.3475,173.2,2008,61,8.85,61.81
200871,Active,54134,NA,NA,D,6,1,680393.8338,146.8,2005,109,4,9
200872,Active,618140,NA,NA,S,2,1,78408.1,95.25,2013,36,25.79,35.98
200873,Active,288298,NA,NA,D,1,0,172017.2075,22.29,2007,100,4,14.66
200874,Active,141638,NA,NA,D,1,0,274444.945,22.98,2008,56,4.99,29.86
200875,Active,141787,NA,NA,S,0,0,68906.1,78.89,2009,39,18.99,63.64
200876,Active,141788,NA,NA,S,0,0,35206.075,102.37,2008,33,16.88,84.89
200877,Active,1946558,NA,NA,D,1,0,94951.60375,55.75,2014,32,13.69,37.29
200878,Active,3506817,NA,NA,D,0,0,10367547.1,0,1996,17,5,53.97
200879,Active,141892,NA,NA,S,2,1,831114.255,15.79,2006,75,4,15.98
200880,Active,612710,NA,NA,S,10,1,9071.1075,98.75,2013,119,36.29,53.99
200881,Active,2255996,NA,NA,D,9,1,1296751.603,0,2011,43,5.22,77.55
200882,Active,142142,NA,NA,D,8,1,15972.56375,89.77,2009,196,4,8.99
200883,Active,57822,NA,NA,D,4,1,703641.0388,55.43,2000,73,4.02,45.18
200884,Active,57824,NA,NA,D,6,1,105171.6488,88.3,2008,58,9.11,80.72
200885,Active,546014,NA,NA,D,10,1,10230.85625,129.25,2013,65,20.07,82.99
200886,Active,51901,NA,NA,D,9,1,79055.18,53.62,2010,164,6.24,32.99
200887,Active,141557,NA,NA,S,8,1,842354.0225,5.94,2002,81,4,7.44
200888,Active,644474,NA,NA,S,12,1,4569.41375,79.25,2013,101,33.99,43.99
200889,Active,55471,NA,NA,D,2,1,1100400.344,5.59,2005,82,4,8.74
200890,Active,1501087,NA,NA,S,1,0,29956.825,93.75,2014,29,37.99,58.99
200891,Active,208829,NA,NA,S,4,1,8109.1925,29.95,2011,37,18.44,0
200892,Active,896204,NA,NA,D,1,0,5395549.198,175,2000,23,73.95,156.19
200893,Active,895092,NA,NA,D,1,0,1261938.06,90,2008,14,30.38,100.7
200894,Active,551482,NA,NA,D,1,0,564184.43,59.95,1976,49,5.13,51.85
200895,Active,427356,NA,NA,S,2,1,990930.2813,83,2012,14,44.05,48.05
200896,Active,233590,NA,NA,D,2,1,1266100.993,54,2007,58,4,8.94
200897,Active,915475,NA,NA,D,0,0,2431480.911,79.95,1990,33,4,13.99
200898,Active,3599739,NA,NA,D,1,0,3218679.75,55,1900,15,18.92,79.94
200899,Active,2648397,NA,NA,S,1,0,343501.7088,60.95,1997,29,21.77,38.99
200900,Active,3606436,NA,NA,D,0,0,1783015.95,35.95,1998,32,9.26,52.03
200901,Active,673212,NA,NA,S,1,0,348897.01,23.99,2013,88,4,15.39
200902,Active,254184,NA,NA,D,6,1,142000.555,121.95,2010,63,4.17,47.89
200903,Active,922784,NA,NA,D,0,0,86046.6375,20.95,2012,131,4,4.87
200904,Active,183349,NA,NA,S,0,0,1301593.044,19.95,2007,118,4,4.68
200905,Active,3574767,NA,NA,S,2,1,320547.2,49.95,1991,22,21.33,35.27
200906,Active,2043743,NA,NA,D,2,1,1911954.124,60,2011,22,19,84.01
200907,Active,1464208,NA,NA,S,1,0,38313.825,70.95,2013,13,53.74,59.08
200908,Active,621365,NA,NA,D,0,0,307866.6638,42,2009,56,4.43,25.19
200909,Active,917808,NA,NA,S,2,1,104025.18,49,2014,41,17.46,36.68
200910,Active,184317,NA,NA,S,1,0,496596.8725,67.95,2007,33,5.4,40.98
200911,Active,2405450,NA,NA,S,2,1,4580125.65,15.95,1990,38,4,15.52
200912,Active,3078647,NA,NA,S,1,0,327029.1038,19.95,2004,137,4,5.99
200913,Active,3802578,NA,NA,S,0,0,34970.7,85,2014,15,53.42,51.45
200914,Active,126212,NA,NA,S,8,1,177257.2788,45,2002,34,4.83,66.71
200915,Active,403695,NA,NA,S,2,1,577951.1813,55,2010,21,45.87,45.21
200916,Active,128958,NA,NA,D,1,0,2387205.564,65,2004,19,6.41,72.79
200917,Active,218719,NA,NA,D,1,0,126105.1088,154,2006,52,15.16,35.28
200918,Active,128233,NA,NA,D,0,0,2596431.7,65,2006,19,5.36,50.93
200919,Active,537947,NA,NA,D,1,0,953406.985,43.94,1993,40,4,41.82
200920,Active,128201,NA,NA,S,2,1,881189.6875,70,2005,17,24.3,0
200921,Active,3482692,NA,NA,D,0,0,5865783.95,44.5,1998,22,4.97,48.59
200922,Active,861739,NA,NA,S,2,1,2061261.209,63,2013,15,28.94,44.7
200923,Active,897311,NA,NA,D,1,0,2400569.605,49.95,2002,26,4.4,29.93
200924,Active,552014,NA,NA,S,4,1,657727.915,226.2,1993,36,7.89,39.96
200925,Active,257190,NA,NA,S,0,0,263984.2975,50,1995,39,11.13,43.29
200926,Active,521529,NA,NA,D,0,0,5295212.408,39,2004,29,4,33.99
200927,Active,194026,NA,NA,D,2,1,516220.1213,64,2004,50,4,21.99
200928,Active,639167,NA,NA,S,4,1,521436.7538,114.61,2008,34,5.26,0
200929,Active,822460,NA,NA,S,3,1,1392973.258,27.95,2006,75,4,9.98
200930,Active,900808,NA,NA,S,2,1,1594470.878,55,2010,27,27.89,49.76
200931,Active,923675,NA,NA,D,0,0,237532.75,19.95,2002,205,4,0
200932,Active,671987,NA,NA,D,2,1,8704.19125,19.95,2010,73,10.88,14.17
200933,Active,1693227,NA,NA,S,1,0,365729.4838,29.95,2007,29,13.71,55.37
200934,Active,1848762,NA,NA,S,2,1,1431567.334,39.95,2011,31,9.16,32.35
200935,Active,184560,NA,NA,S,0,0,21856.95,50.95,2003,39,20.72,29.59
200936,Active,172399,NA,NA,S,2,1,452456.455,64.99,2004,33,18.85,0
200937,Active,542226,NA,NA,S,6,1,149452.9588,171.95,1998,49,4.4,54.9
200938,Active,385791,NA,NA,S,2,1,491740.2363,60.95,2010,63,6.39,36.42
200939,Active,658258,NA,NA,S,1,0,387330.4675,50.95,2012,21,27.59,33.37
200940,Active,2648712,NA,NA,S,2,1,545293.4738,63.95,2000,30,8.17,38.16
200941,Active,184385,NA,NA,S,2,1,435628.3563,55.95,2000,131,4.64,18.49
200942,Active,2649286,NA,NA,D,0,0,1080977.486,75.95,2000,18,6.62,89.46
200943,Active,643555,NA,NA,S,2,1,1139864.48,46.95,2013,16,25.98,38.98
200944,Active,1623542,NA,NA,S,1,0,1368226.959,54.95,2006,43,5.58,38.99
200945,Active,2649436,NA,NA,S,1,0,191201.8675,51.95,2004,30,28.84,37.28
200946,Active,355658,NA,NA,D,1,0,2821420.755,175,2003,18,6.38,14.95
200947,Active,355634,NA,NA,D,1,0,1013467.213,190,2001,21,30.09,78.79
200948,Active,117995,NA,NA,S,5,1,1080051.644,81.33,2006,47,5.39,8.96
200949,Active,133067,NA,NA,S,5,1,651027.8275,127.8,2009,70,4,51.99
200950,Active,874508,NA,NA,S,8,1,843874.5188,68.67,2014,21,27.44,65.99
200951,Active,58266,NA,NA,D,6,1,532695.02,79.4,2007,89,3.99,11.49
200952,Active,58265,NA,NA,D,7,1,71679.21625,85.4,2010,87,4,50.97
200953,Active,630260,NA,NA,S,1,0,502064.6825,65,2004,34,4.32,14.43
200954,Active,801709,NA,NA,S,2,1,218476.0838,39.95,2008,21,22.39,28.98
200955,Active,897921,NA,NA,D,1,0,4511120.016,65.95,1997,17,6.81,38.49
200956,Active,899338,NA,NA,D,2,1,2194883.789,104,2003,14,42.56,97.63
200957,Active,1777392,NA,NA,D,12,1,1317723.771,45,2011,28,4,24.43
200958,Active,57819,NA,NA,S,9,1,808792.3013,14.95,2006,29,4.58,12.63
200959,Active,341343,NA,NA,D,2,1,367856.0863,38.94,1999,68,4,34.67
200960,Active,627611,NA,NA,D,18,1,545569.3825,36.76,2005,41,5.55,27.72
200961,Active,922146,NA,NA,D,19,1,11735.60375,32,2010,136,11.99,21.99
200962,Active,2272651,NA,NA,S,19,1,275630.25,75.66,1900,26,11.99,62.36
200963,Active,922262,NA,NA,S,0,0,382242.625,18.95,2002,113,4,25.12
200964,Active,543412,NA,NA,S,3,1,1024982.563,55,2012,20,24.87,33.97
200965,Active,592027,NA,NA,S,3,1,1018601.863,63,2008,20,25.99,29.69
200966,Active,612668,NA,NA,S,3,1,85556.9425,43.95,2014,21,33.18,33.25
200967,Active,722896,NA,NA,D,1,0,1602923.656,37.95,2007,22,12.5,45.36
200968,Active,865001,NA,NA,S,2,1,1404102.325,53,2012,21,44.38,46.57
200969,Active,865674,NA,NA,S,2,1,1735113.531,40,2012,22,7.25,25.03
200970,Active,202270,NA,NA,D,1,0,353191.3575,181.95,2001,31,9.81,22.87
200971,Active,628672,NA,NA,S,1,0,504715.3025,34.95,2011,71,4,7.06
200972,Active,782160,NA,NA,S,5,1,36066.47125,34.99,2011,30,27.66,27.67
200973,Active,734769,NA,NA,S,25,1,8634.975,35,2008,21,21.59,22.73
200974,Active,2445291,NA,NA,S,3,1,282907.8713,59.59,1987,33,15.91,41.97
200975,Active,735766,NA,NA,S,0,0,21473.2125,45,2010,40,23.94,27.07
200976,Active,2687942,NA,NA,S,4,1,445669.3188,13.95,2003,83,4,8.79
200977,Active,167061,NA,NA,D,7,1,325542.6613,31.97,2007,56,4.38,18.98
200978,Active,2167042,NA,NA,S,2,1,618239.87,45.95,2014,18,43.99,45.95
200979,Active,2898351,NA,NA,S,0,0,86464.925,53.49,2005,21,53.68,83.94
200980,Active,165550,NA,NA,D,2,1,813568.6563,79.5,2002,40,4.38,48.39
200981,Active,2087627,NA,NA,S,0,0,83981.37125,45,2015,9,28.63,28.63
200982,Active,392450,NA,NA,S,0,0,259522.1075,39.95,2008,35,23.65,28.8
200983,Active,625393,NA,NA,S,1,0,458396.0563,102.95,2006,45,4,17.59
200984,Active,1692825,NA,NA,S,1,0,939224.2288,44.95,2010,57,4,6.17
200985,Active,920235,NA,NA,D,0,0,2581663.738,55,1997,60,4.13,14.96
200986,Active,1742086,NA,NA,D,4,1,1129821.439,59,2008,16,47.99,114.44
200987,Active,2168327,NA,NA,S,2,1,25511.325,95,2013,13,59.4,60.58
200988,Active,183581,NA,NA,D,7,1,253230.6925,146.95,2007,39,4,17.89
200989,Active,3272386,NA,NA,S,6,1,1832088.988,102.08,2002,30,7.48,105.59
200990,Active,170214,NA,NA,D,8,1,73910.1375,94.95,2011,60,14.99,56.04
200991,Active,170213,NA,NA,D,8,1,67553.84875,118.95,2011,64,12.98,62.77
200992,Active,54674,NA,NA,D,11,1,18861.7975,61.21,2011,154,4,22.47
200993,Active,54673,NA,NA,D,10,1,623394.5275,14.49,2008,136,4,14.49
200994,Active,110221,NA,NA,S,2,1,24638.78375,96.25,2011,78,10.66,38.59
200995,Active,623813,NA,NA,S,7,1,207997.3225,129.95,2012,36,23.8,68.84
200996,Active,56593,NA,NA,D,5,1,533412.1138,122.95,2006,62,3.99,7.99
200997,Active,672655,NA,NA,D,0,0,677.82125,16,2008,468,4,8.95
200998,Active,626258,NA,NA,S,5,1,549404.8888,92.47,2010,39,16.38,47.61
200999,Active,3879964,NA,NA,S,0,0,80612.75,85,2015,13,51.04,55.89
201000,Active,57732,NA,NA,D,1,0,296151.2875,64.95,2006,49,8.77,53.23
201001,Active,918071,NA,NA,S,2,1,163164.3588,67.95,2013,51,26.86,58.98
201002,Active,57723,NA,NA,D,1,0,693523.4263,49.95,2006,67,4.4,28.97
201003,Active,871796,NA,NA,S,3,1,142116.7825,56.95,2014,37,31.84,45
201004,Active,57730,NA,NA,D,1,0,254457.5513,58.95,2006,28,5.83,38.4
201005,Active,255128,NA,NA,S,2,1,50035.16375,67.95,2011,27,33.94,0
201006,Active,299005,NA,NA,S,2,1,103344.715,54.95,2011,26,17.06,49.04
201007,Active,645091,NA,NA,S,2,1,155960.5,41.95,2004,15,23.67,18.98
201008,Active,543045,NA,NA,S,2,1,76742.575,44.95,2007,30,26.26,29.92
201009,Active,1566045,NA,NA,S,2,1,595285.4338,85,2007,38,7.01,39.98
201010,Active,619114,NA,NA,S,0,0,42501.26625,40,2013,271,4.01,0
201011,Active,2450284,NA,NA,D,4,1,1846220.153,31.95,1994,27,4,51.43
201012,Active,504886,NA,NA,S,1,0,65482.4,49.99,2008,25,17.55,28.99
201013,Active,436224,NA,NA,S,2,1,489332.0413,106.95,2007,49,4.46,46.38
201014,Active,431062,NA,NA,D,5,1,3954322.505,110,2006,26,4.76,49.64
201015,Active,161545,NA,NA,S,2,1,2447255.17,62.95,2006,26,4.24,52.83
201016,Active,495244,NA,NA,S,2,1,211908.3038,87,2005,106,4.96,37.31
201017,Active,228030,NA,NA,S,8,1,367706.2013,50,2008,31,16.95,28.99
201018,Active,200010,NA,NA,D,1,0,909610.2688,137.95,2004,40,4,31.56
201019,Active,1570624,NA,NA,D,1,0,675081.915,75,2011,24,53.22,84.68
201020,Active,141772,NA,NA,D,8,1,862624.5888,8.18,2005,50,4,14.49
201021,Active,297913,NA,NA,D,10,1,120425.2625,47.99,2011,37,19.3,61.36
201022,Active,141913,NA,NA,D,9,1,141496.1188,25.99,2008,51,4,10.5
201023,Active,873637,NA,NA,S,2,1,1305991.758,43.95,1991,125,4,9
201024,Active,918611,NA,NA,D,1,0,1479619.215,45.95,2002,34,4,10.24
201025,Active,912517,NA,NA,D,5,1,150668.1388,85.95,2011,42,5.59,79.75
201026,Active,170081,NA,NA,D,5,1,88486.1225,160.95,2010,113,4,52.51
201027,Active,60948,NA,NA,D,4,1,459779.0113,143.95,2007,55,4,11.53
201028,Active,740125,NA,NA,S,3,1,2022707.878,75.2,2004,42,4,11.98
201029,Active,921447,NA,NA,D,0,0,311374.7325,56.75,1994,108,4,26.97
201030,Active,2599038,NA,NA,S,1,0,461502.8513,49.99,1995,42,9.98,33.99
201031,Active,2607434,NA,NA,S,2,1,934103.02,49.99,2005,18,22.29,34.99
201032,Active,1586835,NA,NA,S,2,1,613305.9738,49.99,2006,24,13.63,24.64
201033,Active,2610108,NA,NA,S,2,1,390913.7113,34.99,1999,58,4.13,19.82
201034,Active,2586483,NA,NA,S,0,0,793886.1688,44.99,2005,21,12.21,34.24
201035,Active,1588514,NA,NA,S,2,1,929809.9625,49.99,2007,39,8.81,37.49
201036,Active,3463049,NA,NA,S,2,1,2728088.881,115,2014,13,47.82,103.04
201037,Active,1768815,NA,NA,S,2,1,451380.395,44.99,2014,19,29.72,34.97
201038,Active,174593,NA,NA,S,2,1,550895.0438,59.99,1999,122,4,9.74
201039,Active,915178,NA,NA,D,2,1,3773568.526,94.99,2002,32,3.99,22.38
201040,Active,1769099,NA,NA,S,2,1,2029350.896,54.99,2014,12,35.71,36.47
201041,Active,175115,NA,NA,S,3,1,73411.54625,49.99,2010,114,18.15,28.97
201042,Active,173744,NA,NA,S,2,1,114286.6738,59.99,2003,146,10.75,28.23
201043,Active,915058,NA,NA,D,1,0,1508301.096,78,2003,30,4,10.98
201044,Active,1595023,NA,NA,D,0,0,2496679.174,175,2011,18,66.74,81.58
201045,Active,173929,NA,NA,D,1,0,870198.2413,79.99,2005,34,4.78,57.97
201046,Active,174358,NA,NA,D,1,0,730367.8313,74.99,2006,26,12.41,41.04
201047,Active,172631,NA,NA,S,2,1,13581.2525,49.99,2010,112,20.99,42.87
201048,Active,873466,NA,NA,D,0,0,434921.4363,20.84,2006,36,7.26,29.47
201049,Active,174827,NA,NA,S,0,0,281248.4925,44.99,1999,45,6.17,29.99
201050,Active,173354,NA,NA,S,0,0,292304.8513,57.99,1995,71,4,19.76
201051,Active,347824,NA,NA,S,2,1,268880.1625,89.99,2008,26,24.79,73.31
201052,Active,573896,NA,NA,S,0,0,355388.24,49.95,2004,37,13.3,31.97
201053,Active,763437,NA,NA,S,2,1,225830.2663,76.95,2003,47,4,33.94
201054,Active,851157,NA,NA,D,0,0,2467642.539,137.79,2000,18,4.7,106.85
201055,Active,704388,NA,NA,S,2,1,299630.4475,73.99,2003,22,9.12,60.88
201056,Active,618649,NA,NA,S,0,0,153834.26,144.95,2000,34,27.98,87.35
201057,Active,153861,NA,NA,S,2,1,43198.24125,26.25,2005,50,12.78,17.94
201058,Active,598837,NA,NA,S,2,1,219532.475,69,2008,42,4.73,65.91
201059,Active,289758,NA,NA,S,9,1,820161.3538,68.95,2006,20,23.58,23.84
201060,Active,3799066,NA,NA,S,0,0,23278.425,75,2016,13,54.93,49.06
201061,Active,897099,NA,NA,D,3,1,632606.1913,44.95,2007,21,6.39,25.83
201062,Active,638425,NA,NA,S,4,1,941003.2313,43.95,2012,22,27.05,25.54
201063,Active,714497,NA,NA,S,3,1,3357267.896,32,2001,25,4,7.99
201064,Active,58521,NA,NA,S,7,1,584128.0763,44,2003,51,3.99,6.87
201065,Active,54391,NA,NA,D,9,1,147633.3063,82.4,2009,93,3.96,20.93
201066,Active,54390,NA,NA,D,8,1,1126427.299,60,2006,77,4,7.99
201067,Active,649574,NA,NA,D,5,1,49729.83875,99.95,2013,41,32.96,72
201068,Active,200070,NA,NA,S,3,1,892506.23,82.95,2004,32,6.13,69.14
201069,Active,1958069,NA,NA,S,0,0,80686.45,40,2014,15,17.65,20.64
201070,Active,126989,NA,NA,D,2,1,573430.545,49.99,2007,25,6.64,51.22
201071,Active,532107,NA,NA,S,2,1,102148.4063,49.99,2011,31,18.96,33.92
201072,Active,2082906,NA,NA,S,0,0,32462.6,54.99,2013,27,22.15,34.38
201073,Active,58279,NA,NA,S,3,1,2817784.955,104.95,2003,61,4,9.87
201074,Active,58280,NA,NA,D,4,1,877798.03,117.95,2006,83,4.52,6.48
201075,Active,58281,NA,NA,D,5,1,273329.95,135.95,2009,113,6.16,23.29
201076,Active,543501,NA,NA,D,6,1,35183.075,188,2013,116,5.67,23.93
201077,Active,874442,NA,NA,S,6,1,304569.5475,98.77,2013,22,18.65,90.98
201078,Active,870115,NA,NA,S,3,1,1903501.225,84.95,2003,24,5.19,13.96
201079,Active,2866611,NA,NA,D,2,1,1052846.501,44.95,2001,22,23.47,45.94
201080,Active,651871,NA,NA,S,2,1,82491.95,145,2009,28,29.94,0
201081,Active,628799,NA,NA,D,1,0,138958.8638,69,2008,33,15.27,0
201082,Active,1741121,NA,NA,D,2,1,175217.9375,181.75,2006,19,113.94,130.13
201083,Active,878927,NA,NA,D,11,1,233422.8288,214.95,2011,40,10.37,68.91
201084,Active,53317,NA,NA,D,10,1,492169.8063,249.95,2008,76,4,40.97
201085,Active,544356,NA,NA,S,9,1,38003.43875,178.95,2013,67,38.64,113.99
201086,Active,243964,NA,NA,D,8,1,113428.7263,196.95,2011,50,18.46,73.11
201087,Active,60949,NA,NA,D,6,1,744959.6363,105.95,2006,61,4,24.94
201088,Active,878141,NA,NA,D,15,1,387329.7563,91.29,2011,38,9.8,43.51
201089,Active,638423,NA,NA,S,2,1,563582.2913,69,2010,51,23.99,40.25
201090,Active,1468001,NA,NA,S,6,1,6996847.969,49.85,2007,18,4.97,48.75
201091,Active,533609,NA,NA,D,6,1,132796.31,259.95,2011,45,18.16,83.67
201092,Active,53178,NA,NA,D,4,1,269224.455,302.95,2005,44,6.49,23.79
201093,Active,53179,NA,NA,D,5,1,404049.5825,274.95,2008,27,17.88,58.94
201094,Active,2677010,NA,NA,S,0,0,315095.3763,74.99,2005,30,35.95,42.97
201095,Active,3729902,NA,NA,D,0,0,1255160.55,59.99,2015,42,33.98,27.97
201096,Active,808031,NA,NA,S,0,0,286521.1775,74.99,2011,19,39.31,40.55
201097,Active,2566219,NA,NA,S,2,1,562936.7688,55,1996,22,9.93,32.88
201098,Active,906689,NA,NA,D,1,0,916100.1075,70,1996,27,4.77,58.98
201099,Active,410962,NA,NA,D,0,0,1157184.948,65,1996,24,20.14,131.89
201100,Active,113584,NA,NA,S,0,0,407914.9875,144.2,2006,39,4.43,45
201101,Active,226721,NA,NA,D,2,1,2326683.991,74.95,2004,26,3.43,49.43
201102,Active,280102,NA,NA,D,2,1,2525311.67,115,2003,27,24.46,90.92
201103,Active,617752,NA,NA,S,2,1,455345.6038,76.95,1978,84,4,28.99
201104,Active,133788,NA,NA,S,16,1,1170.63375,65,2010,71,31.12,38.35
201105,Active,133784,NA,NA,D,15,1,33183.6225,55,2003,257,5.26,17.38
201106,Active,618030,NA,NA,S,2,1,202298.8138,136.2,2000,64,5.94,12.25
201107,Active,116095,NA,NA,D,4,1,638949.59,61.33,2005,51,4,28.99
201108,Active,165749,NA,NA,D,2,1,728537.3338,55,2003,20,26.98,38.99
201109,Active,3517539,NA,NA,D,0,0,2389106.7,49.95,2006,25,4.76,32.99
201110,Active,658182,NA,NA,S,2,1,339322.185,49.95,2012,41,42.51,43.5
201111,Active,432108,NA,NA,S,0,0,50397.525,54.99,2011,24,30.46,30.68
201112,Active,120623,NA,NA,S,3,1,17394.28625,120.95,2008,53,43.99,72.27
201113,Active,2330121,NA,NA,S,0,0,25479.63,45,2002,68,6.24,18.98
201114,Active,2668504,NA,NA,S,0,0,26674.275,75,2004,29,24,41.59
201115,Active,2814518,NA,NA,S,3,1,829024.595,58,2003,18,37.29,47.02
201116,Active,2121176,NA,NA,S,3,1,852751.1425,49.95,2007,27,13.76,42.76
201117,Active,903990,NA,NA,D,2,1,646515.4975,79.95,2005,29,13.39,53.98
201118,Active,783810,NA,NA,S,2,1,931145.005,60,2004,32,4.33,7.19
201119,Active,2011508,NA,NA,D,1,0,205431.5738,29.95,2012,13,10.92,20.63
201120,Active,2054307,NA,NA,D,0,0,43352.97875,18.95,2009,33,8.95,10.47
201121,Active,57199,NA,NA,D,4,1,108928.9725,76.95,2007,56,4.77,37.98
201122,Active,57196,NA,NA,S,2,1,1549510.094,51.95,1999,40,4,40.48
201123,Active,625566,NA,NA,S,0,0,704259.4825,79,1989,30,11.6,54.15
201124,Active,639316,NA,NA,S,1,0,125776.9888,36.95,2008,75,16.9,26.98
201125,Active,1480084,NA,NA,S,0,0,474858.595,18.95,2012,34,7.49,13.63
201126,Active,617632,NA,NA,S,0,0,32058.65,40,2011,41,15.29,24.46
201127,Active,2512407,NA,NA,D,0,0,442102.0513,55,1958,63,6.44,31.39
201128,Active,3733650,NA,NA,S,0,0,693874.15,54.95,2009,24,33.98,36.57
201129,Active,634941,NA,NA,S,2,1,227632.9263,59.95,2011,31,20.48,23.99
201130,Active,627699,NA,NA,S,1,0,240719.8313,38.95,1999,34,23.31,32.38
201131,Active,2649778,NA,NA,S,1,0,637270.2025,51.95,2003,53,8.37,39.99
201132,Active,1692553,NA,NA,S,6,1,716242.6488,71.95,2007,53,8.74,8.75
201133,Active,867603,NA,NA,S,6,1,355261.96,102.99,2014,27,13.69,23.63
201134,Active,789655,NA,NA,D,2,1,3187193.48,99.95,2006,28,4.35,10.89
201135,Active,367148,NA,NA,S,1,0,15474.25,47.99,2008,25,27.4,28.85
201136,Active,906611,NA,NA,S,2,1,1645985.713,80.7,1999,41,8.98,62.99
201137,Active,629920,NA,NA,D,1,0,2427118.348,79,2001,22,4,26.29
201138,Active,265299,NA,NA,S,3,1,390609.6288,80,2003,44,13.94,53.94
201139,Active,1767078,NA,NA,S,2,1,2812584.651,89.99,2012,14,53.99,73.37
201140,Active,232040,NA,NA,D,1,0,1092166.021,42,1998,20,4,16.49
201141,Active,1826305,NA,NA,S,1,0,48877.7,81.95,2015,13,47.94,48
201142,Active,203390,NA,NA,D,5,1,1609672.035,82.95,2002,35,4.09,18.79
201143,Active,2024065,NA,NA,S,5,1,10355.2175,18,2013,111,5.9,6.98
201144,Active,58198,NA,NA,D,4,1,213680.5163,85,2008,93,4,16.43
201145,Active,163078,NA,NA,S,5,1,316571.2113,40,2011,27,4.47,40
201146,Active,128984,NA,NA,S,1,0,72102.2,56,2004,25,32.84,42.87
201147,Active,2782049,NA,NA,D,1,0,2140478.421,56,1997,21,12.77,56.79
201148,Active,565437,NA,NA,S,0,0,499554.31,16.95,1999,36,4,57.22
201149,Active,867320,NA,NA,S,4,1,376634.8313,62.95,2013,39,36.13,52.94
201150,Active,255374,NA,NA,S,5,1,249679.4263,54.95,2010,40,18.21,43.99
201151,Active,533627,NA,NA,D,4,1,173148.6888,156.95,2011,98,4,9
201152,Active,533626,NA,NA,D,4,1,241894.51,172.95,2011,68,4,21.02
201153,Active,133068,NA,NA,S,5,1,598803.6788,84,2009,34,4,18.99
201154,Active,701120,NA,NA,D,1,0,430244.5588,110,2008,27,7.64,32.54
201155,Active,244000,NA,NA,S,5,1,32709.37125,148.95,2011,91,44.94,62.99
201156,Active,599612,NA,NA,S,0,0,1642.32375,16,2006,515,4,7.98
201157,Active,135372,NA,NA,S,2,1,73473.72375,42,2007,48,15.05,33.95
201158,Active,619026,NA,NA,S,30,1,52053.54,33.95,2003,48,14.32,32.88
201159,Active,2837459,NA,NA,D,0,0,281515.965,75,2005,28,25.95,56.25
201160,Active,2815365,NA,NA,S,2,1,509298.2725,59,1996,55,4,12.63
201161,Active,120029,NA,NA,D,2,1,898730.9925,63.2,2009,66,4,5.88
201162,Active,531796,NA,NA,D,3,1,75434.645,81,2012,47,6.74,75.51
201163,Active,565080,NA,NA,D,1,0,876650.465,64.95,2007,22,9.32,51.51
201164,Active,2019637,NA,NA,S,2,1,431270.0213,30.95,2011,18,13.99,30.95
201165,Active,141660,NA,NA,D,5,1,794904.8975,17.98,2004,26,4.98,11.19
201166,Active,141779,NA,NA,D,5,1,908029.9488,15.99,2005,75,4,18.54
201167,Active,142191,NA,NA,D,8,1,523061.5238,23.98,2010,69,4,17.98
201168,Active,53421,NA,NA,D,8,1,352095.58,79.55,2008,158,4,11.98
201169,Active,2415880,NA,NA,D,0,0,118466.5338,250,1971,56,48.2,128.99
201170,Active,142062,NA,NA,S,9,1,62411.355,57.35,2010,89,4.96,54.83
201171,Active,801460,NA,NA,D,0,0,1942274.645,86,2008,11,31.02,46.28
201172,Active,701921,NA,NA,S,2,1,843794.4375,40,2010,30,7.59,19.38
201173,Active,661310,NA,NA,S,0,0,2562.975,49.95,2009,33,27.91,29.37
201174,Active,854484,NA,NA,S,1,0,216737.41,81,2003,44,9.78,38.45
201175,Active,639462,NA,NA,S,3,1,318695.235,30,2002,33,9.32,16.87
201176,Active,644884,NA,NA,D,2,1,1946126.979,55.9,1991,32,4,48.47
201177,Active,622801,NA,NA,S,1,0,9208.95,49.99,2002,27,25.98,31.68
201178,Active,661134,NA,NA,S,2,1,129004.4513,39.95,2011,36,21.02,25
201179,Active,620487,NA,NA,S,2,1,954922.4675,133.75,2011,59,4.53,13.99
201180,Active,2039874,NA,NA,S,0,0,20875.575,99,2014,8,58.54,58.44
201181,Active,1778629,NA,NA,S,1,0,55069.475,75,2014,10,54.89,48.3
201182,Active,287752,NA,NA,S,4,1,23882.3875,64.95,2010,45,26.94,37.38
201183,Active,135549,NA,NA,D,3,1,357168.0938,62.95,2001,57,5.13,18.92
201184,Active,2053551,NA,NA,S,4,1,56158.425,35,2010,21,16.7,24.89
201185,Active,2667647,NA,NA,D,0,0,1308721.46,49.5,2002,31,15.15,45.55
201186,Active,1959370,NA,NA,D,1,0,738661.9675,52.95,2012,35,24.52,49.95
201187,Active,1981288,NA,NA,D,2,1,231215.2825,59.95,2014,27,25.28,41.96
201188,Active,531768,NA,NA,S,3,1,383582.355,29.99,2011,29,6.27,0
201189,Active,223335,NA,NA,S,0,0,183555.7788,39.99,2011,28,14.42,25.06
201190,Active,701185,NA,NA,S,1,0,135207.175,85,2007,29,17.44,47.08
201191,Active,341491,NA,NA,D,2,1,1076539.515,34.95,2002,40,4,10.12
201192,Active,405700,NA,NA,D,1,0,3004169.309,55,1998,19,4,44.67
201193,Active,135637,NA,NA,S,2,1,522311.5988,41.95,2008,29,8.52,20.49
201194,Active,184020,NA,NA,S,1,0,560538.67,248.95,2004,72,4.47,15.99
201195,Active,594092,NA,NA,S,2,1,675440.1475,57.95,2011,13,49.02,48.28
201196,Active,828580,NA,NA,D,0,0,2079658.956,48,1999,40,4,4.24
201197,Active,294381,NA,NA,D,2,1,814648.4975,60,2007,34,4.76,33.94
201198,Active,342534,NA,NA,S,2,1,502811.1738,34.95,2000,118,4,6.97
201199,Active,1435125,NA,NA,S,2,1,170361.8638,70,2007,60,13.69,18.97
201200,Active,2566165,NA,NA,D,2,1,5342408.623,75,1994,12,47.06,62
201201,Active,802399,NA,NA,S,4,1,779614.1188,79.95,2006,21,11.89,26.16
201202,Active,1873461,NA,NA,S,3,1,1449657.203,68.95,2006,29,4.5,25.47
201203,Active,2133494,NA,NA,D,0,0,1667805.625,71,2009,27,20.43,247.21
201204,Active,1929173,NA,NA,S,2,1,379543.1588,53,2014,26,42.39,38.24
201205,Active,267866,NA,NA,S,4,1,1533507.954,19.95,2007,47,4,6.99
201206,Active,2092190,NA,NA,S,4,1,92329.815,24.95,2012,33,13.24,16.16
201207,Active,267843,NA,NA,S,3,1,286846.5775,18.95,2005,74,4.25,17.98
201208,Active,300484,NA,NA,S,4,1,74460.91125,19.95,2011,37,6.53,12.96
201209,Active,624390,NA,NA,S,3,1,134062.4588,34.95,2008,52,11.47,16.97
201210,Active,609538,NA,NA,S,6,1,1275606.128,34.99,2009,45,4,79.99
201211,Active,739768,NA,NA,D,1,0,636872.865,55,2002,93,4,16.48
201212,Active,637812,NA,NA,S,2,1,303720.785,59.99,2011,27,25.39,38.46
201213,Active,615301,NA,NA,D,3,1,28554.90875,104.95,2011,70,22.82,42.49
201214,Active,3814260,NA,NA,D,2,1,2452665,65.95,2004,16,5.86,91.54
201215,Active,1433751,NA,NA,S,0,0,44313.275,49.99,2013,22,18.95,14.24
201216,Active,3011547,NA,NA,S,0,0,827149.0175,39.95,2003,26,21.29,48.99
201217,Active,780836,NA,NA,D,2,1,2632942.661,59.95,2007,15,20.98,32.88
201218,Active,2324071,NA,NA,D,0,0,2795829.728,316,1977,37,4,59.19
201219,Active,2314148,NA,NA,D,2,1,1579217.115,184.95,1989,35,4.69,58.36
201220,Active,2500807,NA,NA,D,0,0,76745.19,27,1982,59,10.75,20.1
201221,Active,1576171,NA,NA,S,0,0,530029.49,78.95,2008,30,41.48,72.34
201222,Active,3780108,NA,NA,S,0,0,17048.3,49.99,2016,3,52.03,40.18
201223,Active,633690,NA,NA,S,0,0,1844.225,44.99,2013,21,29.66,24.66
201224,Active,3480209,NA,NA,D,3,1,1746900.9,98.5,2002,25,6.39,66.37
201225,Active,824206,NA,NA,D,2,1,2148678.443,31,1997,26,5.04,43.93
201226,Active,635673,NA,NA,S,4,1,479549.3313,49.56,2007,30,28.94,46.15
201227,Active,3755117,NA,NA,S,0,0,80783.275,55.99,2015,10,42.93,34.43
201228,Active,1655849,NA,NA,S,3,1,19094.75,35,2011,14,22.49,22
201229,Active,3776782,NA,NA,S,0,0,781992.25,49.99,2015,17,42.68,36.47
201230,Active,667323,NA,NA,S,0,0,108432.5325,99.99,2012,15,49.99,79.23
201231,Active,249744,NA,NA,D,3,1,437961.9538,130.95,2006,37,21.07,40.49
201232,Active,902907,NA,NA,D,2,1,2972501.376,55.59,2005,20,4,11.75
201233,Active,892876,NA,NA,S,0,0,35421.21125,35,2014,17,18.62,21.62
201234,Active,170477,NA,NA,S,2,1,167171.6788,26.95,2012,98,12.03,17.11
201235,Active,60950,NA,NA,D,2,1,2623125.681,130.95,2006,40,4,10.95
201236,Active,533568,NA,NA,D,4,1,165693.5075,171.95,2012,118,4,20.59
201237,Active,169994,NA,NA,D,3,1,797713.5638,185.95,2010,89,4,32.86
201238,Active,251975,NA,NA,D,3,1,2087366.499,118.95,2008,18,4,4.95
201239,Active,244252,NA,NA,D,4,1,156119.96,99.95,2012,114,4.52,38.85
201240,Active,293871,NA,NA,D,1,0,823093.5488,124.95,2008,29,27.96,105.17
201241,Active,118929,NA,NA,S,5,1,523224.57,169.4,2007,59,4.38,28.99
201242,Active,552041,NA,NA,S,2,1,5162227.493,66.67,2000,30,4,23.93
201243,Active,2845386,NA,NA,D,0,0,7504579.378,28,1988,15,7.85,0
201244,Active,622061,NA,NA,S,4,1,284979.9925,55,2004,46,19.33,48.99
201245,Active,899205,NA,NA,S,2,1,544695.9388,40,2015,47,5.35,33.04
201246,Active,531653,NA,NA,S,3,1,70301.675,16.95,2009,44,5.39,0
201247,Active,224506,NA,NA,S,4,1,735568.6525,145.6,1997,35,4.76,44.35
201248,Active,1946623,NA,NA,S,7,1,13128.0475,65.5,2014,33,40.1,57.24
201249,Active,531640,NA,NA,D,3,1,394718.3225,75.95,2010,67,5.6,24.99
201250,Active,248439,NA,NA,D,2,1,1482721.649,36.95,2007,62,4,13.22
201251,Active,642057,NA,NA,S,4,1,238963.8988,47.95,2013,68,13.87,41.47
201252,Active,2646601,NA,NA,S,0,0,188378.7663,46.95,1991,69,7.93,25.59
201253,Active,865399,NA,NA,S,4,1,284757.9663,36.81,2012,20,14.99,14.5
201254,Active,2261267,NA,NA,S,5,1,568365.7788,179.77,2009,31,8.78,46
201255,Active,621741,NA,NA,S,1,0,203686.3713,75,2005,33,19.99,39.58
201256,Active,613727,NA,NA,D,1,0,670539.7763,45.4,2006,58,4.27,17.41
201257,Active,2854275,NA,NA,S,2,1,73342.925,75,2003,25,35.97,45.35
201258,Active,276474,NA,NA,S,2,1,132621.45,69.95,2008,28,21.41,0
201259,Active,622362,NA,NA,S,2,1,613198.8025,89.99,1999,29,17,29.83
201260,Active,2432615,NA,NA,D,1,0,1383070.114,32,1999,28,14.49,23.94
201261,Active,641304,NA,NA,D,0,0,1374419.49,30,2012,23,7.85,823.1
201262,Active,265937,NA,NA,D,1,0,610792.6913,216,2010,40,7.58,27.99
201263,Active,279188,NA,NA,D,3,1,1668505.044,58.95,2006,26,13.12,244.55
201264,Active,127285,NA,NA,S,3,1,547727.415,76.95,2006,44,13.12,67.04
201265,Active,910070,NA,NA,D,1,0,1952208.629,70,1999,23,5.37,14.07
201266,Active,3003320,NA,NA,S,2,1,195650.705,48.11,2014,8,16.14,16.3
201267,Active,2698393,NA,NA,D,3,1,3402491.189,111,2003,11,10.58,41
201268,Active,119708,NA,NA,D,1,0,3748062.963,38.4,1998,24,3.99,18.24
201269,Active,115303,NA,NA,D,2,1,1271823.625,58.6,2001,26,4,19.26
201270,Active,559778,NA,NA,S,3,1,663958.5463,68.68,1994,56,4,45.4
201271,Active,217334,NA,NA,D,2,1,1498150.273,45,2010,35,4,7.76
201272,Active,57138,NA,NA,S,7,1,6746260.833,59.8,2001,59,4,7.64
201273,Active,57136,NA,NA,D,10,1,249117.68,83.67,2010,78,4,31
201274,Active,576299,NA,NA,D,1,0,473459.1563,99,2001,44,4.3,41.02
201275,Active,2529925,NA,NA,S,0,0,341574.7563,57.95,1996,37,12.82,42.08
201276,Active,254256,NA,NA,D,1,0,2238919.856,115.95,2010,21,4,49.22
201277,Active,541933,NA,NA,D,3,1,1373080.901,94.95,2004,25,4,8.49
201278,Active,566550,NA,NA,D,2,1,3156280.001,75,2000,33,4,5.98
201279,Active,118697,NA,NA,D,3,1,830210.28,73.4,2008,44,4.91,95.75
201280,Active,627581,NA,NA,S,3,1,649021.6838,60,2006,21,19,0
201281,Active,646484,NA,NA,S,4,1,53618.475,47.95,2009,27,34.79,39.99
201282,Active,635702,NA,NA,S,1,0,58354.69625,65.95,2012,25,38.98,39.14
201283,Active,200260,NA,NA,D,2,1,823380.6813,101.95,2007,26,10.13,19.94
201284,Active,896900,NA,NA,S,6,1,299055.755,69.99,2013,25,22.3,45.39
201285,Active,268789,NA,NA,S,2,1,1032606.685,40,2010,21,27.77,39.97
201286,Active,446341,NA,NA,S,4,1,2864948.541,205,2010,22,5.05,45.83
201287,Active,212622,NA,NA,S,4,1,1460940.101,110,2006,60,4,12.99
201288,Active,145957,NA,NA,D,1,0,66982.0175,107.4,2009,64,16.97,37.95
201289,Active,540752,NA,NA,D,7,1,27481.56125,123.6,2013,89,7.16,46.99
201290,Active,741306,NA,NA,D,5,1,1746519.52,51.93,2007,36,4.35,48.24
201291,Active,53700,NA,NA,D,5,1,1532423.019,13.99,2007,43,4.87,13.99
201292,Active,146259,NA,NA,D,6,1,238912.1138,110.07,2009,53,4.87,75.81
201293,Active,534232,NA,NA,D,3,1,348258.5888,235.95,2006,59,4.46,63.94
201294,Active,642033,NA,NA,S,4,1,30781.95625,99.99,2013,63,35.01,57.98
201295,Active,899216,NA,NA,D,0,0,2380869.446,28.95,1997,20,16.98,72.21
201296,Active,262600,NA,NA,S,2,1,181210.185,49.95,2001,37,16.98,43.94
201297,Active,158118,NA,NA,S,4,1,963545.3875,73,2006,27,14.56,80.35
201298,Active,2619184,NA,NA,D,1,0,4651887.7,30.95,1994,19,3.19,4
201299,Active,619685,NA,NA,D,2,1,934970.1938,12.39,2001,40,4,28.93
201300,Active,2313335,NA,NA,S,0,0,100000.0388,38.94,1977,143,4,28.94
201301,Active,758385,NA,NA,D,1,0,2115591.841,55,2003,12,23.04,43.99
201302,Active,2504040,NA,NA,S,1,0,148367.435,51.26,1975,47,4,51.05
201303,Active,627752,NA,NA,D,0,0,299486.46,48.95,1991,76,6.33,31.49
201304,Active,57191,NA,NA,D,7,1,1274904.256,61.95,2002,72,4,34.85
201305,Active,57193,NA,NA,D,9,1,168707.8438,79.95,2010,35,10.97,51.62
201306,Active,57194,NA,NA,D,8,1,277354.8338,69.95,2006,39,5.05,51.04
201307,Active,162397,NA,NA,S,2,1,85901.525,34,2008,44,21.74,22.91
201308,Active,212712,NA,NA,S,0,0,145781.15,59.99,2009,19,36.98,38.48
201309,Active,3606884,NA,NA,D,3,1,7344940.6,65,2000,27,4.65,46.7
201310,Active,115105,NA,NA,S,3,1,495626.4525,57,1999,27,7.89,27.99
201311,Active,144383,NA,NA,D,2,1,2260682.973,68.4,2002,32,4.83,36.34
201312,Active,738964,NA,NA,D,0,0,1201749.058,32.8,2000,29,4,18.96
201313,Active,714362,NA,NA,S,5,1,1879988.71,36.33,2001,32,3.99,18.94
201314,Active,133699,NA,NA,S,3,1,395941.79,43,2008,32,21.63,0
201315,Active,915339,NA,NA,S,5,1,166993.8413,80.95,2012,34,19.48,76.93
201316,Active,278259,NA,NA,D,1,0,697933.16,79,2003,21,10.16,45.99
201317,Active,121359,NA,NA,S,5,1,36320.435,107,2009,66,33.99,81.99
201318,Active,639330,NA,NA,S,2,1,737757.2675,46.95,2008,39,21.19,37.77
201319,Active,639366,NA,NA,D,0,0,357612.4688,39.95,2007,30,4.58,57.45
201320,Active,50562,NA,NA,S,2,1,2537037.413,43.49,2000,29,4,45.01
201321,Active,50561,NA,NA,D,4,1,85314.88125,27.98,2007,67,6.29,55.49
201322,Active,2023330,NA,NA,S,0,0,968403.9263,14.95,2010,23,4,7.97
201323,Active,174906,NA,NA,S,2,1,283433.32,44.99,2005,29,16,28.99
201324,Active,191927,NA,NA,S,5,1,1123195.463,8.25,2001,21,4,10.69
201325,Active,689740,NA,NA,S,0,0,879735.6313,25.95,2010,32,47.95,83.49
201326,Active,866840,NA,NA,S,6,1,63094.09125,81,2014,46,29.88,49.99
201327,Active,60953,NA,NA,D,8,1,1270975.196,48.95,2001,33,4,41.02
201328,Active,178029,NA,NA,D,9,1,461048.1188,153.95,2003,85,4,17.94
201329,Active,386524,NA,NA,D,11,1,481855.8063,39.99,2009,31,4.82,27.99
201330,Active,612030,NA,NA,S,2,1,177209.5363,62,2013,30,49.65,52.93
201331,Active,1781303,NA,NA,S,2,1,43485.595,65,2014,20,49.62,49.49
201332,Active,624352,NA,NA,S,2,1,44825.25,39.4,2009,31,23.8,30.13
201333,Active,873334,NA,NA,D,3,1,381263.52,73.36,2006,28,6.75,32.17
201334,Active,745666,NA,NA,S,1,0,638962.0238,45,2003,130,4,28.36
201335,Active,746020,NA,NA,S,12,1,680807.35,49.95,2002,26,14.63,73.66
201336,Active,1925636,NA,NA,S,2,1,256322.2,49.95,2014,19,37.54,43.99
201337,Active,326921,NA,NA,S,2,1,61907.165,22,2005,77,5.8,11.92
201338,Active,531395,NA,NA,S,3,1,391504.4138,38.95,2011,48,23.59,36.6
201339,Active,631754,NA,NA,S,2,1,74323.65,44.95,2006,16,28.96,34.36
201340,Active,137811,NA,NA,S,3,1,147729.91,44.95,2008,53,23.93,43.46
201341,Active,642493,NA,NA,S,1,0,1352062.584,66.4,1992,27,7.38,62.49
201342,Active,800175,NA,NA,S,2,1,1420796.004,68,2007,29,6.61,28.99
201343,Active,421446,NA,NA,D,9,1,145677.8763,165.05,2007,75,5.4,41.98
201344,Active,1786606,NA,NA,S,2,1,320245.5425,45.95,2014,16,27.34,42.25
201345,Active,336722,NA,NA,S,3,1,140127.8213,54.95,2007,44,17.49,23.2
201346,Active,717766,NA,NA,S,5,1,599586.69,97.95,2002,33,4,99.89
201347,Active,900184,NA,NA,D,1,0,7927857.475,45.95,2001,17,4,59.85
201348,Active,914524,NA,NA,S,1,0,1179694.731,56,2002,38,4,46.56
201349,Active,54601,NA,NA,S,5,1,808142.0575,46.8,2006,104,4,11.86
201350,Active,54600,NA,NA,D,6,1,725675.8863,48,2008,88,4,17.49
201351,Active,56370,NA,NA,D,3,1,206339.8325,110.6,2010,76,4,12.87
201352,Active,874558,NA,NA,S,4,1,1033814.471,59.33,2013,22,27.04,63.36
201353,Active,531356,NA,NA,S,6,1,455233.5963,69,2009,28,21.81,37.18
201354,Active,856294,NA,NA,D,0,0,938679.4075,34.99,2006,31,7.97,23.49
201355,Active,2635757,NA,NA,D,1,0,983778.6088,34.95,2005,63,4,17.99
201356,Active,1615932,NA,NA,S,2,1,418728.9988,49.99,2009,48,26.42,76.1
201357,Active,284624,NA,NA,S,20,1,88513.62375,14.99,2005,262,4,5.98
201358,Active,2418649,NA,NA,D,1,0,1589289.736,91,2003,25,28.96,73.97
201359,Active,3823280,NA,NA,D,2,1,4202062.85,54.95,2004,21,22.94,65.31
201360,Active,1499010,NA,NA,S,0,0,85380.625,57.99,2013,12,18.88,12.29
201361,Active,1580921,NA,NA,S,1,0,2088485.989,74.99,2010,20,44.97,43.68
201362,Active,639318,NA,NA,S,0,0,189531.0925,50.95,2008,31,29.68,36.98
201363,Active,2737432,NA,NA,D,3,1,2270680.979,49.95,1999,27,4,22.97
201364,Active,1677892,NA,NA,S,4,1,540518.285,44.95,2014,23,23.73,33.7
201365,Active,164004,NA,NA,D,1,0,1400466.766,54.99,1997,35,4,35.35
201366,Active,1737980,NA,NA,D,0,0,1993398.095,89.95,2006,15,4.64,34.13
201367,Active,2104570,NA,NA,S,2,1,119355.825,40,2013,12,33.98,35.1
201368,Active,1508733,NA,NA,S,0,0,67449.925,57,2014,13,23.98,30.98
201369,Active,614168,NA,NA,S,1,0,444100.4613,50,2001,74,4,12.03
201370,Active,168862,NA,NA,S,0,0,761244.6788,23.95,2006,23,11.41,16.75
201371,Active,287011,NA,NA,S,1,0,1006997.191,99.99,2009,65,4,11.83
201372,Active,293584,NA,NA,S,0,0,338913.41,40,2004,81,13.31,38.99
201373,Active,865088,NA,NA,S,2,1,605831.9538,43.95,2009,19,17.65,33.48
201374,Active,627534,NA,NA,D,2,1,1599881.103,32.95,2008,31,4.13,29.71
201375,Active,619394,NA,NA,S,1,0,75624.1,60,2007,41,22.62,37.65
201376,Active,266909,NA,NA,S,1,0,1067022.171,44.99,2007,34,4,10.98
201377,Active,545201,NA,NA,S,2,1,265204.065,44.99,2009,40,5.23,17.08
201378,Active,624245,NA,NA,S,2,1,683974.1175,49.99,2006,32,4.28,34.98
201379,Active,326388,NA,NA,S,2,1,1487460.241,44.99,2008,24,6.8,56.17
201380,Active,196754,NA,NA,D,1,0,2384795.051,60.95,2007,16,5.5,65.31
201381,Active,300725,NA,NA,D,2,1,275045.005,69.95,2009,19,11.44,35.08
201382,Active,339965,NA,NA,S,3,1,654051.0813,65,2010,83,17.73,40.36
201383,Active,136983,NA,NA,S,0,0,354711.4725,44,2003,28,8.42,26.99
201384,Active,457837,NA,NA,D,5,1,96405.94625,119.95,2009,60,5.67,39.68
201385,Active,60954,NA,NA,D,4,1,131364.6013,126.95,2006,48,5.49,56.59
201386,Active,253874,NA,NA,D,1,0,1440209.813,121.95,2009,47,4,9.97
201387,Active,243846,NA,NA,D,1,0,552031.2163,101.95,2010,65,4,8.94
201388,Active,897135,NA,NA,S,2,1,942347.7563,28.2,2006,11,36.79,26.88
201389,Active,248078,NA,NA,S,2,1,116035.77,70,2010,24,32.99,53.99
201390,Active,116288,NA,NA,S,2,1,458538.015,64.99,2006,81,4,10.93
201391,Active,174805,NA,NA,S,0,0,221243.4125,44.99,1999,25,23.34,33.74
201392,Active,1879679,NA,NA,S,1,0,98188.35,112.95,2009,27,36.91,55.75
201393,Active,3597471,NA,NA,D,0,0,2520510,99.5,1985,17,41.04,0
201394,Active,51047,NA,NA,D,11,1,815790.6113,139.93,2007,85,4,27.31
201395,Active,51048,NA,NA,D,12,1,111758.0625,167.67,2009,73,4.34,48.67
201396,Active,112297,NA,NA,S,10,1,220966.285,79,2005,74,8.17,22.89
201397,Active,100663,NA,NA,S,8,1,245958.9588,83.5,1999,70,4,8.39
201398,Active,51046,NA,NA,D,10,1,1382876.085,115.87,2003,55,4,13.94
201399,Active,2252949,NA,NA,D,8,1,4057655.801,35.86,2007,39,8.87,47.71
201400,Active,53835,NA,NA,D,8,1,147528.5363,74.95,2007,74,6.34,38.65
201401,Active,58549,NA,NA,S,6,1,1923678.703,49.95,1998,66,4,11.24
201402,Active,533512,NA,NA,D,7,1,96576.93375,17.28,2007,361,4.1,12.16
201403,Active,53186,NA,NA,D,6,1,80545.72125,55.28,2008,77,6.1,61.61
201404,Active,53185,NA,NA,D,5,1,411182.855,12.24,2004,119,4,14.58
201405,Active,557124,NA,NA,S,5,1,607817.1663,85.2,2000,49,4,38.97
201406,Active,270881,NA,NA,S,1,0,357685.61,48,2009,46,18.27,21.7
201407,Active,190429,NA,NA,S,3,1,475888.5238,49.62,1997,84,4,27.42
201408,Active,189879,NA,NA,S,3,1,322075.5975,41.95,2004,27,8.49,30.97
201409,Active,619446,NA,NA,S,0,0,44491.39875,39.99,2003,76,5.78,51.76
201410,Active,866099,NA,NA,S,0,0,194400.2488,39.99,2004,40,4.23,74.41
201411,Active,1678126,NA,NA,S,0,0,2516441.125,79,2012,11,53.99,66.88
201412,Active,746654,NA,NA,S,3,1,789787.325,49.95,2009,36,5.32,28.43
201413,Active,262492,NA,NA,S,11,1,296178.5088,52.95,1998,34,4,0
201414,Active,908556,NA,NA,S,3,1,3217234.311,72.95,1999,26,4,34.27
201415,Active,778368,NA,NA,D,2,1,2482846.959,141.95,2004,24,5.92,61.39
201416,Active,531192,NA,NA,S,2,1,1197954.774,42.95,2010,27,13.48,27.59
201417,Active,1559533,NA,NA,D,1,0,2994761.329,49.95,2007,21,6.17,77.29
201418,Active,674997,NA,NA,S,1,0,400840.9988,24.99,2008,162,4,8.19
201419,Active,652262,NA,NA,S,1,0,32531.85,49.99,2013,15,31.08,30.99
201420,Active,620337,NA,NA,S,5,1,367055.7388,41.95,2006,27,11.95,33.94
201421,Active,2138404,NA,NA,D,0,0,886856.35,49.95,2006,33,7.12,36.25
201422,Active,627838,NA,NA,S,4,1,20047.48,69.95,2013,52,35.35,51.99
201423,Active,1588324,NA,NA,S,2,1,919172.9788,49.99,2007,31,5.89,41.97
201424,Active,633470,NA,NA,S,0,0,167999.0738,44,2004,26,14.22,18.69
201425,Active,660745,NA,NA,S,2,1,375417.1788,49.95,2013,41,20.43,33.02
201426,Active,112827,NA,NA,D,1,0,425748.3013,59.95,2006,23,4.76,55.67
201427,Active,531151,NA,NA,S,2,1,82487.6825,59.95,2010,46,14.77,29.43
201428,Active,647352,NA,NA,S,2,1,25067.85,36.95,2010,29,13.99,28.27
201429,Active,57810,NA,NA,D,1,0,658345.3675,133.99,1997,43,6.44,28.99
201430,Active,54909,NA,NA,D,1,0,1214322.838,70.67,2008,57,4,10.99
201431,Active,133054,NA,NA,D,2,1,148240.5438,86.6,2010,47,4.35,35.82
201432,Active,914943,NA,NA,D,3,1,372663.6825,24.99,2003,24,5.5,21.77
201433,Active,2314615,NA,NA,S,2,1,1750026.591,30.95,1993,74,3.26,10.94
201434,Active,629202,NA,NA,D,2,1,278682.5238,94.95,2012,69,4.49,16.33
201435,Active,200526,NA,NA,D,1,0,111002.1838,81.95,2010,35,15.9,22.99
201436,Active,649597,NA,NA,D,0,0,30107.925,104.95,2013,26,24.04,0
201437,Active,2874707,NA,NA,S,1,0,842938.4275,139,2005,22,44.05,75.29
201438,Active,907269,NA,NA,D,1,0,777701.72,64.99,1999,22,11.89,52.44
201439,Active,1957874,NA,NA,S,1,0,15297.225,40,2013,20,16.5,23.98
201440,Active,2517526,NA,NA,D,3,1,7586806.65,0,1993,24,4.24,35
201441,Active,847266,NA,NA,D,4,1,4628259.131,31.96,1995,20,4.26,46.13
201442,Active,849699,NA,NA,D,5,1,2609929.028,124.95,1999,36,4,17.09
201443,Active,1474511,NA,NA,D,1,0,3180767.769,99,2011,13,35.05,97.61
201444,Active,194908,NA,NA,D,4,1,1702548.626,39.95,2003,35,4,14.84
201445,Active,718291,NA,NA,S,1,0,591249.2125,60,1997,36,4.39,35.13
201446,Active,637705,NA,NA,D,1,0,410165.7813,49.99,2012,57,11.25,19.21
201447,Active,890995,NA,NA,S,2,1,141922.7888,49.99,2015,20,22.96,30.21
201448,Active,629652,NA,NA,S,2,1,750735.08,36.95,2006,30,6.48,35.47
201449,Active,163994,NA,NA,S,5,1,321320.6563,212.5,2003,68,7.4,62.8
201450,Active,258447,NA,NA,D,3,1,103008.4275,112,2008,117,4.81,26.19
201451,Active,258387,NA,NA,D,2,1,1771236.555,104,2004,77,4,11.99
201452,Active,109993,NA,NA,D,10,1,518514.8838,11.99,2008,49,4.36,18.98
201453,Active,291384,NA,NA,S,1,0,42946.425,49.99,2001,20,21.91,47.5
201454,Active,157711,NA,NA,D,4,1,222333.0213,80.95,2010,50,12.89,35
201455,Active,649508,NA,NA,S,5,1,33225.5375,104.95,2013,71,43.1,63.49
201456,Active,127527,NA,NA,D,3,1,128307.285,79.95,2010,61,5.43,23.99
201457,Active,801318,NA,NA,D,0,0,830231.1938,34,2007,14,27.59,53.99
201458,Active,663314,NA,NA,S,2,1,126598.2238,61,2013,12,42.7,41.15
201459,Active,1840151,NA,NA,S,1,0,668373.1063,42.95,2008,19,25.81,33.81
201460,Active,623702,NA,NA,S,0,0,436781.365,72,1994,30,9.08,60.81
201461,Active,170191,NA,NA,D,5,1,529896.6338,182.95,2011,35,42.02,95.93
201462,Active,461686,NA,NA,D,3,1,1938504.138,148.95,2005,27,4.43,8.58
201463,Active,183067,NA,NA,D,3,1,210913.0213,43.99,2004,103,5.91,28.99
201464,Active,55574,NA,NA,D,4,1,862227.1275,224.95,2007,74,4,26.76
201465,Active,183573,NA,NA,D,4,1,6070867.066,187.95,2007,12,4.48,180.98
201466,Active,254189,NA,NA,D,5,1,1326025.479,177.95,2010,31,4,51.27
201467,Active,877509,NA,NA,D,8,1,602064.3288,66.38,2006,33,5.43,38.28
201468,Active,60955,NA,NA,D,8,1,764232.2538,41.56,2005,38,4.13,28.94
201469,Active,2437789,NA,NA,S,0,0,721055.8213,43,2003,24,11.98,25.94
201470,Active,531058,NA,NA,S,0,0,24502.65375,19.95,2009,320,4,10.79
201471,Active,2650535,NA,NA,S,6,1,9764.4,39.99,2005,10,23.8,23.8
201472,Active,617965,NA,NA,S,4,1,37291.03625,105.75,2009,44,36.96,0
201473,Active,687754,NA,NA,S,0,0,251617.2188,28.95,2009,33,22.99,0
201474,Active,248775,NA,NA,S,2,1,944038.2975,61.95,2005,29,32.43,48.85
201475,Active,659666,NA,NA,D,2,1,1186414.21,79.95,2000,18,49.94,133.59
201476,Active,2893301,NA,NA,D,1,0,881706.685,73.95,1986,31,12.29,73.95
201477,Active,2608464,NA,NA,D,2,1,2124576.623,50,1999,17,4.94,51.02
201478,Active,211742,NA,NA,D,1,0,911875.415,95,2003,24,5.92,58.47
201479,Active,123933,NA,NA,S,4,1,24907.92375,173.95,1998,57,43.99,76.29
201480,Active,50081,NA,NA,D,11,1,624855.5888,147.67,2005,55,4,69.06
201481,Active,157627,NA,NA,D,1,0,1070309.716,73.95,2006,28,7.03,51.29
201482,Active,174590,NA,NA,S,2,1,143469.3325,49.99,2001,40,4.55,35.96
201483,Active,638415,NA,NA,D,2,1,1879018.993,74.95,2008,23,6.43,36.98
201484,Active,705388,NA,NA,S,4,1,292892.5713,61.94,2012,15,6.97,60.98
201485,Active,2610433,NA,NA,D,0,0,6631939.104,84,2001,16,4.97,7.98
201486,Active,2648377,NA,NA,D,2,1,2861359.033,55.95,1998,21,4,72.37
201487,Active,246632,NA,NA,S,3,1,281642.7513,65.95,2007,38,8.99,45.71
201488,Active,120462,NA,NA,S,2,1,2042654.981,86,1997,39,4,32.81
201489,Active,200006,NA,NA,D,5,1,1339659.799,106.95,2003,38,4,22.99
201490,Active,284290,NA,NA,D,1,0,2047154.424,85,2008,22,5.99,68.62
201491,Active,148260,NA,NA,S,7,1,284227.1,217.95,2005,37,5.24,55.64
201492,Active,646852,NA,NA,D,6,1,396999.535,45.8,2013,49,6.31,80.67
201493,Active,146089,NA,NA,D,4,1,1314413.378,34.67,2009,59,4,5.5
201494,Active,119354,NA,NA,D,3,1,43808.2125,280.6,2012,80,13.29,47.95
201495,Active,649673,NA,NA,S,10,1,82493.9725,180.67,2012,35,24.79,91.99
201496,Active,57806,NA,NA,D,9,1,1409476.948,82,2003,47,4,30.99
201497,Active,57805,NA,NA,D,8,1,1152999.513,71,2000,38,3.99,4.84
201498,Active,3479724,NA,NA,D,1,0,125834,49.95,2016,12,44.11,41.48
201499,Active,575656,NA,NA,D,3,1,2298187.801,59.95,2005,29,4.83,31.87
201500,Active,2398193,NA,NA,D,0,0,11394801.67,27.95,1980,11,4.09,0
201501,Active,136810,NA,NA,D,0,0,1556710.485,40,2003,24,7,22.88
201502,Active,285884,NA,NA,S,4,1,1975169.934,92.4,2001,38,3.99,8.42
201503,Active,192043,NA,NA,D,5,1,1488317.115,13.41,2006,63,4,13.03
201504,Active,53431,NA,NA,D,11,1,726942.655,18.49,2007,73,4.31,18.49
201505,Active,53429,NA,NA,S,10,1,2222955.084,184.38,2006,25,4.97,18.99
201506,Active,53430,NA,NA,D,12,1,272079.5938,38.95,2009,62,11.49,29.55
201507,Active,217710,NA,NA,S,2,1,367313.4238,57.95,2003,27,11.64,23.98
201508,Active,869510,NA,NA,D,3,1,729930.665,80,1994,25,4,45.15
201509,Active,156709,NA,NA,S,2,1,519070.985,52.95,1999,25,15.78,44
201510,Active,920719,NA,NA,D,6,1,1288058.899,24.95,2005,78,4,9.68
201511,Active,3246108,NA,NA,D,2,1,3082708.938,67.74,2004,37,8.83,53.51
201512,Active,3567044,NA,NA,D,1,0,6172951.75,171.95,2003,13,4,675
201513,Active,200091,NA,NA,S,2,1,1292803.79,171.95,2004,39,4,39.17
201514,Active,875220,NA,NA,S,8,1,75486.67,94.95,2014,54,46.1,77.26
201515,Active,200184,NA,NA,D,6,1,1211450.499,103.95,2006,74,4,17.98
201516,Active,899104,NA,NA,S,4,1,568357.1225,44.67,2014,25,13.87,42.69
201517,Active,231846,NA,NA,S,0,0,151401.4263,56,1996,33,27.65,42.07
201518,Active,279145,NA,NA,D,0,0,2195986.906,38.95,2004,24,4,10.97
201519,Active,270686,NA,NA,S,2,1,365899.5175,56,2010,17,41.14,54.43
201520,Active,889553,NA,NA,D,1,0,3535200.233,179.95,2000,21,57.34,213.89
201521,Active,916627,NA,NA,D,1,0,1136920.479,115,1993,38,4.78,12.52
201522,Active,628454,NA,NA,D,2,1,1207320.21,189.95,1997,35,24.99,97.69
201523,Active,625528,NA,NA,D,1,0,487104.4163,99.95,1996,31,5.04,44.37
201524,Active,638526,NA,NA,S,2,1,625862.7775,102.5,1995,29,9.48,21.46
201525,Active,737566,NA,NA,D,2,1,1828751.319,47,2006,21,8.98,57.64
201526,Active,143508,NA,NA,D,3,1,709398.6475,65,2011,32,12.04,73.25
201527,Active,169251,NA,NA,D,6,1,409759.7825,77.95,2007,34,6.74,60.14
201528,Active,177643,NA,NA,D,5,1,1335417.156,38.95,2004,45,4,28.99
201529,Active,639800,NA,NA,S,1,0,32031.05,65,2012,20,34.25,36.05
201530,Active,920946,NA,NA,S,3,1,15627.63875,15,2014,57,7.99,9.48
201531,Active,126238,NA,NA,S,2,1,65350.64125,30,2002,66,13.2,19.46
201532,Active,549234,NA,NA,S,2,1,826598.39,18.15,1994,112,3.75,10.99
201533,Active,54238,NA,NA,D,6,1,42155.0725,33.78,2010,108,5.81,34.98
201534,Active,54237,NA,NA,D,5,1,93731.25,17.82,2006,134,4,16.27
201535,Active,131718,NA,NA,D,1,0,2443901.294,62.2,2004,29,4,13.24
201536,Active,3485327,NA,NA,D,2,1,748031.2,87.4,2008,35,4,14.06
201537,Active,192020,NA,NA,S,4,1,546584.5363,42.94,2005,22,6.34,42.94
201538,Active,2338856,NA,NA,S,2,1,350258.81,50.93,1978,31,21.89,106.1
201539,Active,131339,NA,NA,S,2,1,394892.5063,56.2,2000,30,23.82,53.44
201540,Active,152692,NA,NA,D,3,1,588871.7975,94,2003,30,30.99,81.83
201541,Active,152511,NA,NA,S,7,1,4216.35625,89.95,2011,68,34.98,51.45
201542,Active,188243,NA,NA,D,0,0,75768.0225,70,1997,65,8.8,49.47
201543,Active,232471,NA,NA,S,2,1,109269.8313,29.95,2002,51,9.84,56.83
201544,Active,146342,NA,NA,S,2,1,65593.4375,49.99,2010,34,28.15,28.15
201545,Active,507197,NA,NA,D,1,0,8628182.691,264,2006,13,25.98,93.61
201546,Active,107430,NA,NA,S,3,1,163368.4088,85.76,2001,62,9.85,48.97
201547,Active,104535,NA,NA,D,2,1,1231760.32,92.5,1996,27,4.77,13.98
201548,Active,1559885,NA,NA,S,2,1,1307183.495,45.95,2009,18,35.94,41.15
201549,Active,630383,NA,NA,S,2,1,493547.1588,62.95,1994,90,4,27.7
201550,Active,126127,NA,NA,S,3,1,595145.1763,49.95,2001,26,14.14,28.5
201551,Active,169550,NA,NA,D,6,1,148913.2013,241.95,2006,32,7.14,39.99
201552,Active,684538,NA,NA,S,2,1,22650.35,45.5,2009,12,52.31,28.94
201553,Active,2816329,NA,NA,S,0,0,366421.2463,44.95,1970,31,17.95,32
201554,Active,2540853,NA,NA,S,2,1,539544.69,31.95,2002,41,11.26,25.87
201555,Active,2647640,NA,NA,S,1,0,450739.935,52.95,1993,25,23.39,27.65
201556,Active,245232,NA,NA,D,1,0,899238.2413,87.95,2005,19,4.52,26.56
201557,Active,134086,NA,NA,S,1,0,72284.45,65,2004,40,21.98,33.98
201558,Active,682895,NA,NA,S,10,1,264620.4175,29.95,2008,51,8.99,25.96
201559,Active,555373,NA,NA,D,1,0,1470065.639,55,1998,30,4.39,48.98
201560,Active,724474,NA,NA,S,2,1,423698.8638,65,2012,18,33.94,42.96
201561,Active,690468,NA,NA,S,3,1,13232.095,29.99,2012,81,11.99,19.36
201562,Active,903022,NA,NA,D,0,0,3323385.886,55.6,2010,16,4,18.99
201563,Active,696568,NA,NA,S,2,1,241470.2475,75,2002,39,8.09,0
201564,Active,628969,NA,NA,S,2,1,294745.135,40,2000,71,4.7,76.3
201565,Active,153970,NA,NA,S,6,1,59355.065,61.25,2008,44,26.92,40.69
201566,Active,154346,NA,NA,D,5,1,462691.1538,28.99,2002,67,4,24.95
201567,Active,718965,NA,NA,S,1,0,478042.6025,74,2000,61,4,17.99
201568,Active,246291,NA,NA,D,2,1,1309070.381,42.95,2006,18,5.86,13.54
201569,Active,632036,NA,NA,S,7,1,21775.56625,82,2013,75,13.99,18.79
201570,Active,892669,NA,NA,D,3,1,1014714.338,0,2013,29,5.39,911.63
201571,Active,2397070,NA,NA,D,6,1,3532055.449,72.95,1994,20,4.39,69.15
201572,Active,58203,NA,NA,D,7,1,167854.5888,317.95,2010,34,8.86,84.59
201573,Active,183140,NA,NA,S,5,1,929291.1475,200.95,2005,36,4,39.04
201574,Active,179227,NA,NA,D,6,1,492624.4775,189.95,2008,36,4,46.7
201575,Active,58205,NA,NA,D,6,1,626045.1625,317.95,2008,48,7.68,32.99
201576,Active,570725,NA,NA,S,6,1,1059272.31,81.95,2008,57,4,9.97
201577,Active,169987,NA,NA,D,7,1,526419.325,241.95,2010,80,5.23,20.98
201578,Active,58208,NA,NA,D,6,1,1015286.103,232.95,2007,81,4,11.9
201579,Active,290956,NA,NA,D,7,1,59840.3075,241.95,2010,53,6.48,37.96
201580,Active,60956,NA,NA,D,6,1,829306.1975,236.95,2007,62,4,25.84
201581,Active,289745,NA,NA,D,1,0,450772.465,38.95,2005,20,21.18,33.14
201582,Active,164713,NA,NA,D,1,0,406064.4788,131.5,1999,35,4.12,43.34
201583,Active,2851956,NA,NA,D,1,0,1904492.538,179.95,1995,20,12.98,43.02
201584,Active,718434,NA,NA,D,0,0,1265525.445,110,1997,29,6.94,29.99
201585,Active,127629,NA,NA,D,0,0,1101241.824,115,2006,37,6.39,37.98
201586,Active,1584296,NA,NA,S,0,0,926533.125,44.99,2010,31,29.98,44.99
201587,Active,880781,NA,NA,D,11,1,213665.2825,41.48,2014,72,5.87,18.99
201588,Active,154032,NA,NA,D,11,1,9741.3,75,2011,326,4.28,13.99
201589,Active,153945,NA,NA,S,10,1,602369.3275,66,2006,97,4,15.25
201590,Active,548891,NA,NA,D,1,0,32589.09625,16.99,1991,259,4,7.09
201591,Active,114128,NA,NA,D,1,0,1086736.048,49.95,2002,45,3.83,5.83
201592,Active,1437500,NA,NA,S,1,0,19506.075,50,2013,18,20.89,23.98
201593,Active,530753,NA,NA,S,4,1,601809.5288,68.99,2009,26,10.98,50.63
201594,Active,435395,NA,NA,D,2,1,213165.8775,73.95,2002,59,4,14.28
201595,Active,148061,NA,NA,D,3,1,65202.74375,129.95,2007,80,9.98,55.81
201596,Active,260103,NA,NA,D,2,1,230176.1375,44.95,2005,65,4,9.82
201597,Active,286439,NA,NA,D,5,1,138903.105,102.8,2008,37,4,23.96
201598,Active,3576485,NA,NA,D,0,0,454145.15,44,1982,36,17.99,38.99
201599,Active,3576475,NA,NA,D,0,0,1253660.65,0,1964,39,7.33,23.99
201600,Active,865109,NA,NA,S,2,1,218222.7925,34.95,2008,45,15.9,23.04
201601,Active,609136,NA,NA,D,3,1,5797912.411,199,1999,17,4,53.99
201602,Active,179193,NA,NA,D,9,1,1011035.458,146.95,2009,51,4,8.03
201603,Active,183427,NA,NA,D,8,1,1344772.919,116.95,2006,76,4,12
201604,Active,795665,NA,NA,D,3,1,2374537.041,65.86,2012,14,11.53,29.3
201605,Active,55567,NA,NA,D,2,1,157790.25,177.95,2009,108,4,21.36
201606,Active,55568,NA,NA,D,1,0,898926.3513,124.95,2006,64,4,11.97
201607,Active,761609,NA,NA,D,1,0,479628.415,73.95,2005,29,4,17.09
201608,Active,1777983,NA,NA,S,2,1,532394.0525,60,2012,27,17.15,35.85
201609,Active,880455,NA,NA,S,7,1,94617.0875,119.87,2014,60,20.19,33.99
201610,Active,634963,NA,NA,D,2,1,312901.3188,103,2011,42,21.98,53.98
201611,Active,275309,NA,NA,D,1,0,1178878.636,40,2006,21,5.92,36.98
201612,Active,381485,NA,NA,S,2,1,240453.135,48,2012,22,41.1,37.72
201613,Active,522668,NA,NA,D,1,0,349237.1213,18.87,2008,56,4,22.98
201614,Active,809129,NA,NA,S,2,1,325015.78,146,2011,14,18.99,53.99
201615,Active,320235,NA,NA,D,0,0,652608.1725,45,2004,23,23.04,44.01
201616,Active,133192,NA,NA,S,5,1,797485.8363,35.67,2010,30,5.43,71.76
201617,Active,1829855,NA,NA,S,4,1,161501.8288,60.95,2015,38,20.95,47.5
201618,Active,860208,NA,NA,S,1,0,234809.8213,39.99,2010,24,32.24,26.99
201619,Active,161465,NA,NA,D,1,0,1852065.915,45.97,2005,25,4.95,45.92
201620,Active,203975,NA,NA,D,1,0,257983.7563,142.99,2009,24,6.08,0
201621,Active,161696,NA,NA,S,3,1,727246.9013,80,2007,37,6.34,10.32
201622,Active,248503,NA,NA,D,0,0,1438700.665,39.99,2007,38,6.87,40.94
201623,Active,530682,NA,NA,D,2,1,956238.0438,44.99,2010,70,9.51,58
201624,Active,189742,NA,NA,S,1,0,197149.8875,58,2001,47,6.77,22.55
201625,Active,634681,NA,NA,D,1,0,623172.2725,100.95,2012,31,7.8,79.63
201626,Active,187947,NA,NA,D,2,1,257788.3913,169,2001,36,26.56,63.98
201627,Active,54199,NA,NA,D,10,1,75767.1775,232.95,2009,76,18.97,63.83
201628,Active,544234,NA,NA,D,10,1,53155.3475,210.95,2013,57,28.78,65
201629,Active,54198,NA,NA,D,9,1,99297.85,232.95,2007,47,4.43,45.23
201630,Active,2836822,NA,NA,D,1,0,5875895.35,36.95,1999,16,22.03,94.29
201631,Active,544383,NA,NA,D,7,1,35009.63375,210.95,2012,55,6.44,101.54
201632,Active,55080,NA,NA,D,6,1,246962.4113,232.95,2010,59,10.69,67
201633,Active,170124,NA,NA,D,6,1,139426.29,174.95,2010,74,12.99,41.79
201634,Active,169851,NA,NA,D,3,1,1080220.349,167.95,2008,29,4,50.69
201635,Active,178011,NA,NA,S,2,1,2974690.871,88.95,2004,26,4,14.99
201636,Active,544453,NA,NA,D,7,1,115400.6063,158.95,2012,72,32.65,89.39
201637,Active,346380,NA,NA,D,3,1,941009.0588,118.95,2008,31,4.26,36.75
201638,Active,346162,NA,NA,S,3,1,628143.1875,139.95,2006,42,19.49,123.83
201639,Active,179190,NA,NA,S,2,1,312529.4663,86.95,2009,38,13.98,13.99
201640,Active,200142,NA,NA,D,2,1,352522.5775,139.95,2006,87,4,15.49
201641,Active,116898,NA,NA,S,0,0,36552.84375,53.32,2003,54,19.43,26.53
201642,Active,56249,NA,NA,D,4,1,616639.9588,99.4,2008,59,4,22.63
201643,Active,2947095,NA,NA,D,1,0,3493622.864,38.95,2005,18,4,33.97
201644,Active,530625,NA,NA,S,2,1,494065.805,47,2009,19,23.63,35.52
201645,Active,2664216,NA,NA,D,0,0,256574.6313,199,1987,26,18.98,93.98
201646,Active,290863,NA,NA,D,1,0,1275465.169,131.95,2006,50,4,18.98
201647,Active,169914,NA,NA,D,2,1,251955.2763,212.95,2009,64,5.2,57.6
201648,Active,129503,NA,NA,D,2,1,38609.09,56.95,2011,79,9.46,16.97
201649,Active,127518,NA,NA,D,1,0,702271.2825,52.95,2009,51,4,5.48
201650,Active,165007,NA,NA,D,1,0,991242.8038,39.95,2001,55,3.98,4.52
201651,Active,246719,NA,NA,D,1,0,248257.825,76.95,2009,57,5.47,38.95
201652,Active,129457,NA,NA,D,2,1,195903.1675,49.95,2011,130,3.84,6.98
201653,Active,127474,NA,NA,D,2,1,306609.9713,49.95,2009,79,4,5.98
201654,Active,1558719,NA,NA,D,1,0,621606.9713,41.95,2010,18,25.39,41.95
201655,Active,127211,NA,NA,S,0,0,386089.0025,45,2007,24,18.73,24.23
201656,Active,612447,NA,NA,S,2,1,48994.35,41,2013,17,26.19,30.87
201657,Active,121524,NA,NA,D,1,0,992226.5413,65.6,2000,46,4,50
201658,Active,874671,NA,NA,D,1,0,3443692.389,100.95,1994,20,3.6,13.88
201659,Active,202176,NA,NA,D,2,1,1387621.913,222.95,1998,41,4,4.06
201660,Active,123977,NA,NA,S,1,0,46676.2,106.95,2002,41,26.38,34.59
201661,Active,109072,NA,NA,D,5,1,1472958.798,91.75,2005,37,3.99,7.89
201662,Active,309092,NA,NA,D,6,1,416618.1975,107.5,2007,55,6.92,37.61
201663,Active,173579,NA,NA,S,0,0,1214841.294,59.99,1996,43,4.76,41.97
201664,Active,1726074,NA,NA,S,2,1,1489853.911,62,2011,15,32.61,35.45
201665,Active,157551,NA,NA,S,0,0,388381.1263,64.95,2010,27,15.8,57.4
201666,Active,214372,NA,NA,S,5,1,51695.48375,24.95,2009,71,13.6,22.52
201667,Active,2141180,NA,NA,S,2,1,103245.105,39.99,2013,19,24.74,30.74
201668,Active,115323,NA,NA,S,3,1,122291.4038,86.8,2003,24,19,70.07
201669,Active,275061,NA,NA,D,3,1,1955585.504,39.95,1999,36,4,8.28
201670,Active,292307,NA,NA,S,3,1,860427.6325,66.95,2002,36,6.39,43.43
201671,Active,272285,NA,NA,S,2,1,663049.0813,55,2009,27,19.64,38.31
201672,Active,906542,NA,NA,S,3,1,34292.25,30,2014,23,15.6,18.58
201673,Active,166464,NA,NA,D,1,0,1478179.071,6.92,2007,31,4,8.79
201674,Active,265100,NA,NA,D,0,0,298199.7338,10.95,2005,36,4,10.95
201675,Active,195141,NA,NA,D,5,1,321390.0738,93,2008,52,4.1,18.99
201676,Active,616288,NA,NA,D,0,0,1295773.271,65,1991,57,4,13.39
201677,Active,246700,NA,NA,S,2,1,89038.58125,63.95,2009,46,21.99,32.5
201678,Active,184350,NA,NA,D,1,0,793185.4825,61.95,2000,50,5.36,44.59
201679,Active,217260,NA,NA,D,3,1,4853338.135,35,2004,28,4,11.99
201680,Active,246723,NA,NA,S,0,0,109380.515,46.95,2008,27,31.28,33.98
201681,Active,618550,NA,NA,D,5,1,94484.4475,84.75,2012,62,10.98,36.92
201682,Active,141656,NA,NA,S,3,1,912075.4475,4.99,2004,123,3.99,8.28
201683,Active,617353,NA,NA,D,5,1,31137.96875,84.75,2012,66,15.04,24.99
201684,Active,600023,NA,NA,S,1,0,1066250.749,15.95,2008,58,4,7.92
201685,Active,679068,NA,NA,D,0,0,234777.8213,29.99,2003,39,10.93,22.38
201686,Active,175464,NA,NA,S,2,1,879999.5088,89.99,2005,57,5.84,33.69
201687,Active,60958,NA,NA,D,6,1,1551259.908,83.8,2004,36,4,40.97
201688,Active,330824,NA,NA,D,7,1,559547.74,242.95,2006,26,8.98,76.36
201689,Active,645299,NA,NA,S,2,1,851781.5963,50.95,2009,23,21.96,39.5
201690,Active,604029,NA,NA,S,0,0,1678798.495,89.95,2009,21,9.44,15.02
201691,Active,916299,NA,NA,D,4,1,1547323.938,18.87,1994,35,4.09,24.98
201692,Active,137654,NA,NA,S,3,1,654107.78,49.95,1997,31,23.16,49.47
201693,Active,149299,NA,NA,S,3,1,115419.36,45,2003,23,18.29,21.57
201694,Active,530529,NA,NA,D,4,1,207675.2813,46,2011,57,4,20.13
201695,Active,682026,NA,NA,S,1,0,239063.9225,24.95,2013,50,4,17.37
201696,Active,193704,NA,NA,D,4,1,16056.96125,49.95,2010,148,6.99,21.49
201697,Active,651404,NA,NA,S,6,1,2097537.953,113.95,2009,19,4,43.99
201698,Active,249956,NA,NA,D,6,1,155319.5538,230.95,2008,100,4,18.98
201699,Active,609525,NA,NA,S,3,1,839083.05,39.99,2008,51,4,18.5
201700,Active,1603601,NA,NA,S,1,0,42929.75,40,2011,70,7.28,7.97
201701,Active,628895,NA,NA,S,2,1,412287.4375,42.95,2004,25,25.96,30.09
201702,Active,416599,NA,NA,D,7,1,347922.7413,33.99,2010,59,6.36,51.75
201703,Active,416502,NA,NA,D,6,1,1444257.93,23.09,2007,76,4,28.7
201704,Active,417162,NA,NA,D,7,1,260081.5838,32.49,2010,136,4.54,43.33
201705,Active,416503,NA,NA,D,6,1,630387.305,10.53,2007,72,4,28.99
201706,Active,126745,NA,NA,S,6,1,80982.395,107.95,2005,63,25.02,53.94
201707,Active,2599118,NA,NA,D,0,0,2633461.873,37.95,1991,16,37.99,84.57
201708,Active,708215,NA,NA,D,1,0,763123.54,92.36,2004,47,4.98,24.11
201709,Active,284635,NA,NA,S,3,1,566989.0075,13.95,2005,199,4,7.4
201710,Active,3823265,NA,NA,S,3,1,149485.725,59.95,2015,20,28.99,42.34
201711,Active,748412,NA,NA,D,2,1,393815.5988,40,2005,57,23.89,126.65
201712,Active,121298,NA,NA,S,2,1,297623.8513,39.99,2010,84,4,7.11
201713,Active,205930,NA,NA,S,2,1,577884.1225,78.95,2005,41,21.56,46.98
201714,Active,369402,NA,NA,D,2,1,1109915.364,79.95,1999,42,4,9.4
201715,Active,2394458,NA,NA,D,0,0,43268.2875,21,1979,111,4.37,15.17
201716,Active,2082626,NA,NA,S,3,1,522862.2225,85,2014,41,18.17,52.63
201717,Active,2596828,NA,NA,S,0,0,192593.395,44.99,1989,40,15.24,34.97
201718,Active,50059,NA,NA,D,11,1,1261599.9,114.4,2005,34,4,9.74
201719,Active,1692103,NA,NA,S,4,1,50313.95875,29.99,2014,52,13.98,13.98
201720,Active,3485258,NA,NA,D,10,1,5140172.35,86.4,2002,26,4,9.99
201721,Active,2779100,NA,NA,D,2,1,1070781.579,37,1994,17,4,29.39
201722,Active,645378,NA,NA,S,2,1,415587.7538,65,2010,23,49.65,41.12
201723,Active,619789,NA,NA,S,2,1,112691.635,75,2010,41,16.26,31.45
201724,Active,625244,NA,NA,S,2,1,195344.4975,46.95,2011,18,32.96,33.19
201725,Active,166664,NA,NA,S,2,1,1244220.118,19.95,2005,73,4,7.43
201726,Active,676699,NA,NA,S,2,1,281030.665,35,2002,30,4.98,6.96
201727,Active,912543,NA,NA,D,6,1,844014.165,22,2014,28,4.08,16.99
201728,Active,270041,NA,NA,D,6,1,415468.405,225,2009,76,6.98,65.88
201729,Active,2663761,NA,NA,D,0,0,1134829.949,52,1998,29,6.06,28.99
201730,Active,3571896,NA,NA,S,0,0,139304,49.99,2001,59,21.98,33.84
201731,Active,199138,NA,NA,D,2,1,822126.45,56,2003,45,4,23.99
201732,Active,1535627,NA,NA,S,50,1,8385.31875,17.95,2013,31,11.85,14.43
201733,Active,156975,NA,NA,D,1,0,430074.7238,49.95,2002,30,5.35,49.95
201734,Active,626586,NA,NA,S,1,0,313175.4738,44,1977,54,6.99,41.99
201735,Active,622184,NA,NA,S,0,0,333085.0138,44,1971,69,9.09,47.97
201736,Active,2878568,NA,NA,D,0,0,3167557.871,154,1993,20,49.83,106.69
201737,Active,476517,NA,NA,D,1,0,410356.22,34.95,2006,26,22.57,117.99
201738,Active,55566,NA,NA,D,2,1,325314.86,14.99,2008,93,4.5,16.94
201739,Active,106845,NA,NA,S,3,1,237815.145,20,2011,60,4.34,0
201740,Active,561803,NA,NA,D,0,0,2473658.5,55.95,2001,9,10.98,0
201741,Active,2346380,NA,NA,S,4,1,885970.7088,119.3,1987,18,13.83,57.77
201742,Active,2561893,NA,NA,D,2,1,4208464.833,95,1982,25,4,63.03
201743,Active,2568395,NA,NA,D,1,0,9776201.553,67.53,1975,24,4,50.7
201744,Active,893961,NA,NA,D,1,0,4479863.793,115.95,1994,20,15.04,87.19
201745,Active,296161,NA,NA,D,2,1,3367528.036,199.95,2000,13,29.89,63.99
201746,Active,225663,NA,NA,S,2,1,741611.0763,157.95,2000,27,19.94,34.23
201747,Active,255037,NA,NA,D,0,0,800254.2688,49.95,2004,29,19.22,87.24
201748,Active,623411,NA,NA,D,4,1,96563.08375,209,2012,52,15.07,84
201749,Active,628574,NA,NA,D,9,1,655857.5375,121,2004,19,10.87,73.39
201750,Active,288388,NA,NA,S,2,1,763669.0588,111,2005,34,5.32,111
201751,Active,54330,NA,NA,S,4,1,1024.89125,34.95,2009,196,8.94,16.99
201752,Active,241141,NA,NA,D,2,1,46371.88625,29.95,2001,642,4,9.12
201753,Active,3576498,NA,NA,D,1,0,193921.5,60,1987,48,20.04,33.33
201754,Active,895442,NA,NA,D,0,0,790438.3225,88,2013,14,53.97,56.97
201755,Active,626556,NA,NA,S,3,1,11868.95,39.95,2005,26,25.94,31.97
201756,Active,916533,NA,NA,S,4,1,79526.6475,50,2014,45,25.79,25.99
201757,Active,647747,NA,NA,S,2,1,277396.0513,43,2009,18,8.88,33.6
201758,Active,1527397,NA,NA,S,1,0,33462.8,45,2009,42,10.86,40.49
201759,Active,2014588,NA,NA,S,2,1,146801.0525,16.95,2006,130,4,9.96
201760,Active,674613,NA,NA,S,2,1,94172.15,29.95,2007,216,4,11.4
201761,Active,530315,NA,NA,S,2,1,56960.0225,70,2012,35,24.88,48.87
201762,Active,205650,NA,NA,S,1,0,358597.2675,22.95,1998,207,4,4.74
201763,Active,205678,NA,NA,S,1,0,43890.21375,65,2000,49,8.48,17.49
201764,Active,2158076,NA,NA,S,2,1,12156.075,35,2008,17,28.98,26.27
201765,Active,2408026,NA,NA,S,2,1,633067.69,35,1996,38,4,28.99
201766,Active,167185,NA,NA,S,2,1,313789.4263,48.75,2006,28,13.2,23.51
201767,Active,540254,NA,NA,S,1,0,788971.9988,34.95,2012,62,8.29,14.48
201768,Active,631605,NA,NA,S,0,0,15159.25,45,2009,16,24.17,24.09
201769,Active,201762,NA,NA,S,4,1,1141479.475,41.95,2009,27,4.7,36.67
201770,Active,245917,NA,NA,D,1,0,1581461.033,41,2008,20,4.62,14.99
201771,Active,892805,NA,NA,S,2,1,566265.0875,48,2014,22,14.04,35.55
201772,Active,911711,NA,NA,S,3,1,50305.23875,27.95,2014,26,15.24,23.99
201773,Active,749896,NA,NA,D,0,0,1071566.703,60,2007,25,9.08,0
201774,Active,246446,NA,NA,S,2,1,222631.6113,52.95,2007,53,21.93,28.98
201775,Active,3475110,NA,NA,D,0,0,674595.2,34.99,2009,52,4,9.93
201776,Active,620807,NA,NA,S,2,1,177989.9825,49.95,2008,63,13.01,26.79
201777,Active,3785998,NA,NA,S,0,0,237704.9,45,1994,29,27.97,45.98
201778,Active,2048990,NA,NA,S,36,1,1267426.77,215,2014,19,11.05,155.4
201779,Active,648371,NA,NA,D,1,0,2996345.424,199.95,2006,12,40.99,96.23
201780,Active,125396,NA,NA,S,2,1,505772.69,67,1996,24,15.49,45.58
201781,Active,638380,NA,NA,D,0,0,144919.0813,129,1989,43,23.94,141.37
201782,Active,132564,NA,NA,D,5,1,201197.0175,92.2,2008,68,4,27.81
201783,Active,639224,NA,NA,S,1,0,58608.75,72,2009,23,32.28,53.94
201784,Active,764753,NA,NA,D,2,1,3062804.838,31.95,2002,17,4,41.47
201785,Active,646875,NA,NA,S,2,1,641552.4313,58,2013,29,26.02,0
201786,Active,917670,NA,NA,D,3,1,2432021.801,66.2,2004,38,4,9.99
201787,Active,2592192,NA,NA,D,0,0,1473147.928,25.99,1986,49,4.53,23.94
201788,Active,656391,NA,NA,S,1,0,1049467.131,40.95,2009,21,44.92,211.87
201789,Active,3069734,NA,NA,S,2,1,4776.45,50,1999,77,21.11,28.98
201790,Active,739381,NA,NA,D,6,1,3185088.621,82,2002,27,4.58,42.27
201791,Active,124053,NA,NA,S,3,1,550951.9688,189.95,1999,42,17.92,81.59
201792,Active,640499,NA,NA,S,2,1,480685.3438,44.95,2005,50,18.67,41.86
201793,Active,173928,NA,NA,S,2,1,700489.5313,34.99,2005,38,5.88,32.63
201794,Active,910460,NA,NA,D,2,1,1607581.706,39.95,2004,20,4.62,39.95
201795,Active,629157,NA,NA,S,1,0,26086.9,49.99,2012,22,28.44,30.34
201796,Active,1569870,NA,NA,D,1,0,783499.5525,75,2011,46,4.96,19.49
201797,Active,1780927,NA,NA,S,2,1,137383.5138,60,2015,15,36.5,36.5
201798,Active,703679,NA,NA,D,3,1,4271032.519,46.39,2000,30,4,30.76
201799,Active,127186,NA,NA,D,1,0,310794.2663,29.95,2009,93,4,11.88
201800,Active,599719,NA,NA,D,2,1,1262111.679,75,2010,20,5.38,24.77
201801,Active,541841,NA,NA,S,6,1,95163.30875,75,2011,34,42.67,38.99
201802,Active,174996,NA,NA,D,1,0,248498.5613,74,2008,115,4,22.42
201803,Active,297987,NA,NA,S,1,0,139812.8263,214.95,2008,27,43.94,91.94
201804,Active,148408,NA,NA,D,2,1,4061389.515,91.95,2005,36,4,40.35
201805,Active,53688,NA,NA,S,6,1,550640.1713,161.95,2007,44,13.11,21.49
201806,Active,288930,NA,NA,S,4,1,998897.2325,160.95,2008,62,4,26.49
201807,Active,54724,NA,NA,S,4,1,1163292.151,170.95,2008,28,4.73,16.49
201808,Active,2541259,NA,NA,S,1,0,796119.4238,45.95,2004,23,32.48,36.94
201809,Active,166560,NA,NA,S,1,0,90387.225,55,2005,39,4,12.05
201810,Active,620404,NA,NA,S,3,1,248372.2113,74,1998,33,8.72,23.98
201811,Active,808084,NA,NA,S,0,0,392445.9463,44.99,2012,32,5.73,13.98
201812,Active,3729340,NA,NA,S,2,1,1076861.2,43,2011,52,39.31,31.19
201813,Active,755008,NA,NA,S,20,1,882098.6888,40,2003,26,4,72
201814,Active,136816,NA,NA,S,0,0,65177.225,58,2005,18,26.96,29.49
201815,Active,907356,NA,NA,D,1,0,3206827.058,44.95,2004,18,4.57,5.94
201816,Active,266892,NA,NA,S,3,1,23261.325,39.99,2007,62,7.79,26.47
201817,Active,2138451,NA,NA,S,2,1,268730.2663,69.95,2015,14,42.5,41.27
201818,Active,641577,NA,NA,S,2,1,186854.73,73.95,2008,43,19.18,70.53
201819,Active,158179,NA,NA,S,2,1,254516.1775,73.95,2007,28,5.74,50.65
201820,Active,685028,NA,NA,S,2,1,1248718.853,43.95,2012,18,26.89,31.59
201821,Active,853255,NA,NA,D,0,0,1795082.18,94.4,2002,33,4,24.99
201822,Active,681251,NA,NA,S,0,0,334484.79,20,2012,32,11.32,16.97
201823,Active,2088816,NA,NA,S,4,1,305711.4125,35.95,2013,21,30.56,35.95
201824,Active,2770413,NA,NA,D,1,0,94949.89375,40.99,1976,104,6.13,17.99
201825,Active,1559342,NA,NA,S,1,0,380928.6438,56.95,2009,29,15.52,54.66
201826,Active,55468,NA,NA,D,1,0,281029.865,144,2007,44,5.29,50.73
201827,Active,157228,NA,NA,D,3,1,877128.06,73.95,2006,21,4.53,46.25
201828,Active,157290,NA,NA,D,1,0,2001926.57,64.95,2006,21,4.96,36.13
201829,Active,912007,NA,NA,D,2,1,881432.76,60,1995,34,4.11,38.58
201830,Active,3842746,NA,NA,D,1,0,3559425.9,129,1996,23,4.78,50.97
201831,Active,636256,NA,NA,S,2,1,417229.25,49.95,2001,29,31.38,39.48
201832,Active,1759218,NA,NA,S,2,1,93882.55,50,2012,13,19.58,50
201833,Active,2512394,NA,NA,S,0,0,9659.25,40,1965,36,13.97,23.12
201834,Active,918270,NA,NA,D,7,1,4983884.683,71.8,2000,34,4,8.26
201835,Active,913116,NA,NA,S,10,1,154952.2963,51,2013,30,9.94,31.95
201836,Active,2094926,NA,NA,S,1,0,10915.9,40,2015,12,27.69,24.11
201837,Active,2509940,NA,NA,S,0,0,21568.565,14.95,2000,129,4.77,12.38
201838,Active,831994,NA,NA,S,8,1,52348.275,148.5,2014,21,51.3,51.35
201839,Active,2031806,NA,NA,S,2,1,54293.7625,49.95,2013,83,23.49,32.93
201840,Active,788248,NA,NA,S,5,1,296737.9413,130.95,2000,27,4,52.83
201841,Active,649743,NA,NA,D,0,0,594298.6525,43.95,2012,19,25.46,126.37
201842,Active,866291,NA,NA,S,2,1,287324.6038,44.95,2012,42,21.74,26.63
201843,Active,574781,NA,NA,D,1,0,378140.3775,33.95,2009,53,4.23,12.89
201844,Active,310045,NA,NA,S,2,1,62514,76.25,2008,30,28.95,48.94
201845,Active,863771,NA,NA,D,0,0,1687951.433,94.95,2009,25,5.25,94.95
201846,Active,647660,NA,NA,S,3,1,859918.5888,74,2011,38,28.98,63.07
201847,Active,635583,NA,NA,S,5,1,275530.3825,70.95,2013,30,18.95,46.33
201848,Active,698116,NA,NA,D,0,0,4130395.451,0,2002,18,5.97,0
201849,Active,243108,NA,NA,S,2,1,589819.1825,29.95,2004,47,4.39,7.38
201850,Active,299443,NA,NA,S,2,1,1060050.635,44.95,2004,44,4,10.51
201851,Active,867641,NA,NA,S,0,0,114319.7063,66,2014,33,28.86,47.04
201852,Active,229187,NA,NA,S,3,1,568389.0813,60,2010,50,3.88,13.73
201853,Active,116029,NA,NA,S,5,1,99395.1925,64.6,2005,53,7.99,38.48
201854,Active,291577,NA,NA,D,1,0,3432248.568,92.95,2004,19,4,44.98
201855,Active,290966,NA,NA,D,4,1,609213.51,176.95,2011,60,4,41.57
201856,Active,289834,NA,NA,D,0,0,1585877.605,57.95,2007,33,4.54,33.99
201857,Active,793479,NA,NA,D,0,0,3296998.471,165,2003,12,58.48,177.68
201858,Active,793480,NA,NA,D,0,0,1557165.445,79.95,2003,16,6.18,60.11
201859,Active,1471156,NA,NA,S,2,1,106251.6,44.95,2014,16,30.99,36.1
201860,Active,912069,NA,NA,D,1,0,924813.7,150,2007,18,9.68,94.18
201861,Active,529942,NA,NA,S,2,1,297398.9413,65,2007,37,6.26,24.99
201862,Active,129308,NA,NA,D,5,1,36872.4325,99.95,2011,133,6.88,15.98
201863,Active,57733,NA,NA,D,4,1,126774.5825,49.95,2011,87,3.84,19.88
201864,Active,57734,NA,NA,S,2,1,2311743.214,44.95,2003,48,4,3.97
201865,Active,57735,NA,NA,D,3,1,757410.0025,49.95,2007,101,4,5.98
201866,Active,721079,NA,NA,S,2,1,285957.7263,45,2005,39,10.57,27.37
201867,Active,2559409,NA,NA,D,1,0,1870980.245,45.95,1978,19,6.38,74.99
201868,Active,827221,NA,NA,S,0,0,1185580.269,34.92,2005,21,4,34.91
201869,Active,55466,NA,NA,D,1,0,650628.3063,17.97,2007,70,4.79,16.99
201870,Active,654689,NA,NA,S,4,1,911669.5888,50,2009,26,12.27,39.69
201871,Active,625266,NA,NA,D,4,1,672955.11,40,2010,36,7.88,37.3
201872,Active,864094,NA,NA,S,2,1,3161723.905,104.4,2011,21,11.53,104.4
201873,Active,1576217,NA,NA,S,1,0,542086.2688,45,2011,58,4,13.97
201874,Active,1695641,NA,NA,S,0,0,78141.45,65,2015,5,51.28,42.54
201875,Active,3103470,NA,NA,S,0,0,189391.495,9.99,2005,26,9.09,9.99
201876,Active,529922,NA,NA,S,0,0,53435.14,70,2010,39,38.85,47.8
201877,Active,134883,NA,NA,S,7,1,522337.4413,52.5,2010,39,8.13,31.99
201878,Active,2899271,NA,NA,S,2,1,2541578.668,45,1998,21,4,23.7
201879,Active,1496563,NA,NA,S,1,0,33518.75,50,2013,26,26.18,29.83
201880,Active,910984,NA,NA,D,2,1,571097.9213,87.61,1980,32,11.9,73.67
201881,Active,529903,NA,NA,S,3,1,501481.1525,35.95,2012,27,14.66,28.25
201882,Active,3490584,NA,NA,D,0,0,1790324.55,59.95,2006,45,33.43,31.99
201883,Active,609584,NA,NA,S,2,1,2934408.933,155.95,2005,30,4,4
201884,Active,642183,NA,NA,S,0,0,22578,55,2012,15,28.1,35.43
201885,Active,631814,NA,NA,S,0,0,302786.2013,39.95,2004,25,22.15,24.07
201886,Active,537913,NA,NA,D,5,1,471417.7688,59.95,2006,29,5.94,58.07
201887,Active,722608,NA,NA,D,5,1,1741469.03,59.95,2006,25,8.2,8.74
201888,Active,867007,NA,NA,S,7,1,195542.645,70.95,2014,30,19.25,29.16
201889,Active,2875189,NA,NA,S,0,0,521054.5238,40.55,1989,90,4,19.99
201890,Active,2464167,NA,NA,S,1,0,102159.5038,35.99,1990,37,11.98,19.26
201891,Active,543178,NA,NA,S,2,1,118048.3088,49.95,2015,22,32.99,35.71
201892,Active,2653444,NA,NA,S,4,1,634172.605,150.95,1991,46,4,33.98
201893,Active,870602,NA,NA,S,5,1,87704.83625,51,2014,35,25.84,34.38
201894,Active,653501,NA,NA,D,1,0,532323.91,49.99,2010,23,7.41,49.99
201895,Active,902166,NA,NA,S,2,1,851179.9638,54.95,2014,22,37.76,45.14
201896,Active,802543,NA,NA,S,4,1,2572361.65,34.99,2005,17,4.11,55.88
201897,Active,3619696,NA,NA,D,2,1,2921555,24.95,1999,22,8.97,52.55
201898,Active,245261,NA,NA,D,1,0,1898058.636,83.95,2005,13,18.94,109.11
201899,Active,1830160,NA,NA,S,2,1,1415163.929,41.99,2014,10,43.32,41.6
201900,Active,862537,NA,NA,D,1,0,1764051.004,109.95,1989,25,48.04,95.83
201901,Active,863449,NA,NA,S,3,1,22583.4,34.99,2007,20,18.17,24.69
201902,Active,864218,NA,NA,D,4,1,519782.9475,39.99,2012,15,20.87,0
201903,Active,2647907,NA,NA,S,2,1,561118.2563,49.95,1995,61,4.98,10.84
201904,Active,2082220,NA,NA,S,0,0,59101.825,50,2014,18,29.86,30.35
201905,Active,2753608,NA,NA,D,0,0,1377571.068,75,2003,20,29.88,48.99
201906,Active,632081,NA,NA,S,2,1,85101.25375,90,2012,23,33.73,0
201907,Active,290228,NA,NA,S,2,1,110002.375,55,2011,18,43.01,40.1
201908,Active,863521,NA,NA,S,2,1,808665.1263,176,2007,25,15.67,81.84
201909,Active,2527395,NA,NA,D,0,0,2836126.521,40,1992,25,4.3,28.06
201910,Active,1556716,NA,NA,S,3,1,377618.7138,57.95,2014,16,35.99,38.8
201911,Active,155680,NA,NA,S,1,0,18332.55,78.5,2009,17,51.94,55.95
201912,Active,1492731,NA,NA,S,0,0,1114231.608,36.25,2011,8,16.69,124.03
201913,Active,2531507,NA,NA,D,2,1,4903271.845,47.5,1996,19,4.76,56.47
201914,Active,649139,NA,NA,S,2,1,871919.3888,51,2007,19,16.85,0
201915,Active,189926,NA,NA,S,2,1,276201.8963,82.5,2005,21,22.76,53.97
201916,Active,863302,NA,NA,D,6,1,1502977.979,129.95,2005,43,4,13.69
201917,Active,167675,NA,NA,D,0,0,2896427.299,255,2000,16,74.75,159.6
201918,Active,529800,NA,NA,S,3,1,4158826.52,85,2012,15,8.39,46.49
201919,Active,205757,NA,NA,D,1,0,1407704.394,60,2002,22,23.23,75
201920,Active,106150,NA,NA,D,7,1,485397.5863,135,2005,27,23.48,53.99
201921,Active,658324,NA,NA,D,2,1,774160.565,52,2011,26,19.86,37.98
201922,Active,222270,NA,NA,D,3,1,743982.8388,99,2008,27,4.98,0
201923,Active,366199,NA,NA,D,1,0,2041467.481,145,2000,22,4.13,18.98
201924,Active,199203,NA,NA,D,0,0,939822.645,105,2002,23,18.99,104.53
201925,Active,861757,NA,NA,S,6,1,614374.2975,58,2013,17,40.71,43.05
201926,Active,1649452,NA,NA,S,3,1,917619.675,80,2013,15,44.83,43.75
201927,Active,292306,NA,NA,D,1,0,1547697.67,75.95,2005,24,43.3,62.04
201928,Active,2648936,NA,NA,D,0,0,8612925.403,229.95,2002,13,47.66,105.49
201929,Active,246357,NA,NA,D,0,0,1778522.691,83.95,2004,21,18.32,65.65
201930,Active,3113841,NA,NA,D,0,0,7816105.989,405,2002,13,120.98,295.68
201931,Active,699771,NA,NA,D,5,1,1357533.736,95,2001,32,6.07,22.66
201932,Active,153776,NA,NA,S,1,0,346645.9988,75,1996,41,10.19,39.95
201933,Active,479508,NA,NA,D,1,0,1674231.499,115,2005,18,10.59,100.4
201934,Active,158294,NA,NA,S,1,0,877935.445,87.95,2009,23,18.1,73.26
201935,Active,308122,NA,NA,S,3,1,1969555.858,95,2008,27,11.59,24.98
201936,Active,2860400,NA,NA,D,1,0,1098474.674,55,1994,31,4.83,20.29
201937,Active,2360934,NA,NA,D,1,0,4740067.496,217.95,2004,7,28.98,117.68
201938,Active,162668,NA,NA,S,1,0,19306.725,40,2011,14,35.66,26.75
201939,Active,2649468,NA,NA,D,1,0,2994177.646,263.95,2005,20,43.98,47.07
201940,Active,529754,NA,NA,S,3,1,197245.36,88,2009,55,5.86,71.06
201941,Active,3633981,NA,NA,S,4,1,25167.925,90,2016,11,57.99,68.68
201942,Active,732701,NA,NA,D,7,1,955723.4463,38.95,2003,45,4,13.96
201943,Active,141447,NA,NA,S,8,1,448869.7213,39.95,2006,37,4,8.98
201944,Active,1575178,NA,NA,S,2,1,87702.625,92.95,2011,49,19.19,53.78
201945,Active,914160,NA,NA,D,2,1,4657673.976,81,1996,21,4.56,45.23
201946,Active,859473,NA,NA,S,0,0,24053.80375,44.99,2006,58,11.13,29.17
201947,Active,147687,NA,NA,D,19,1,264800.165,61.95,2011,36,15.55,32.99
201948,Active,147551,NA,NA,D,18,1,240783.2388,65.95,2008,70,4,13.44
201949,Active,186377,NA,NA,S,4,1,45851.05,52.5,2003,36,20.08,33.87
201950,Active,914498,NA,NA,D,3,1,914885.5625,40.21,1986,44,5.25,40.23
201951,Active,494168,NA,NA,D,1,0,389642.2438,285.95,2005,35,4,32.31
201952,Active,623446,NA,NA,D,1,0,854318.3863,44.99,2011,51,4,23.94
201953,Active,366496,NA,NA,D,1,0,1628803.911,137.95,2006,34,4,32.98
201954,Active,260009,NA,NA,D,2,1,107625.2675,107,2008,110,11.22,27.98
201955,Active,299132,NA,NA,D,1,0,205076.3075,39.95,1999,54,4.13,12.94
201956,Active,56003,NA,NA,D,2,1,990085.9575,81.55,2008,22,5.32,80.02
201957,Active,565937,NA,NA,D,2,1,713117.4575,49.98,2008,33,5.04,31.1
201958,Active,182770,NA,NA,S,1,0,163450.0163,174.95,2003,41,11.08,0
201959,Active,664484,NA,NA,S,7,1,208309.5925,90.95,2013,18,32.14,90.92
201960,Active,183686,NA,NA,D,6,1,136511.9913,105.95,2008,150,4,13.93
201961,Active,53685,NA,NA,D,6,1,116161.0363,105.95,2008,146,4,8.98
201962,Active,53686,NA,NA,D,5,1,465669.3025,101.95,2004,129,4,8.99
201963,Active,179204,NA,NA,S,6,1,618335.3788,115.95,2009,100,4,13.17
201964,Active,183273,NA,NA,S,5,1,1289921.6,112.95,2004,101,3.99,9.39
201965,Active,544253,NA,NA,S,7,1,74629.255,111.95,2013,71,17.99,32.56
201966,Active,291751,NA,NA,D,6,1,143750.32,115.95,2009,92,4.47,12.57
201967,Active,292196,NA,NA,D,5,1,684502.76,110.95,2005,127,4,9.24
201968,Active,155405,NA,NA,S,6,1,124636.405,135.95,1999,80,4,24.89
201969,Active,634332,NA,NA,S,1,0,133109.85,75,2010,24,38.99,43.97
201970,Active,2648220,NA,NA,S,1,0,319368.4875,54.95,1998,26,13.15,38.99
201971,Active,864985,NA,NA,S,2,1,121921.925,30.95,2013,16,21.98,27.89
201972,Active,173807,NA,NA,S,2,1,613068.2488,54.99,2006,72,9.88,38.97
201973,Active,529679,NA,NA,S,8,1,139017.3025,111.2,2002,56,37.62,64.74
201974,Active,621199,NA,NA,D,2,1,1269720.71,46.5,2008,31,4.8,29.27
201975,Active,806064,NA,NA,S,0,0,1113337.561,26,2009,29,4,12.56
201976,Active,126226,NA,NA,D,1,0,2682663.486,99.99,2003,13,19.56,64.63
201977,Active,300343,NA,NA,S,1,0,286700.3163,35,2005,95,4.37,13.96
201978,Active,133374,NA,NA,D,9,1,55192.28375,209.2,2011,51,9.14,83.99
201979,Active,133492,NA,NA,S,9,1,306571.7288,120,2010,25,10.06,100.19
201980,Active,114304,NA,NA,D,0,0,1968044.968,56,2001,20,4.11,14.94
201981,Active,130347,NA,NA,S,9,1,1236546.853,120,2010,28,13.14,125.04
201982,Active,58257,NA,NA,D,8,1,669507.8663,110.6,2008,54,4,47.99
201983,Active,635283,NA,NA,S,2,1,52330,38,2006,35,15.78,19.94
201984,Active,105700,NA,NA,S,1,0,41980.78375,32,2001,70,9.96,15.77
201985,Active,1984071,NA,NA,S,0,0,8131.025,99.95,2014,43,48.98,56.45
201986,Active,205956,NA,NA,S,1,0,88532.03625,40,2004,45,15.34,26.61
201987,Active,664780,NA,NA,S,2,1,795883.5113,42.5,2013,27,7.97,38.15
201988,Active,208203,NA,NA,S,35,1,1164.93625,12.99,2006,112,6.15,6.59
201989,Active,3558828,NA,NA,S,0,0,44529.2,75,2015,13,54.68,45.15
201990,Active,3525488,NA,NA,D,0,0,1903647.3,6.95,1983,26,5.97,48.35
201991,Active,529650,NA,NA,S,3,1,66128.33625,44.95,2012,56,17.27,35.53
201992,Active,884372,NA,NA,D,2,1,2995425.17,73.95,2007,14,9.39,110.11
201993,Active,904810,NA,NA,D,0,0,3835395.124,58.95,2003,14,4,132.18
201994,Active,212139,NA,NA,S,2,1,120836.045,26.99,2005,30,13.48,14.96
201995,Active,269396,NA,NA,S,2,1,2036995.809,60,2005,17,6.48,28.95
201996,Active,142550,NA,NA,D,1,0,1494968.941,55,1998,26,4,19.48
201997,Active,127604,NA,NA,S,2,1,13430.89375,19.95,2011,36,13.79,0
201998,Active,165641,NA,NA,D,2,1,1892136.833,148,2005,25,5.98,67.29
201999,Active,874689,NA,NA,D,6,1,719338.5238,80.2,2005,26,15.43,61.94
202000,Active,416484,NA,NA,D,6,1,555441.095,60.68,2005,37,6.68,45.65
202001,Active,664161,NA,NA,S,2,1,857099.05,44.95,2013,39,10.65,35.56
202002,Active,639176,NA,NA,S,1,0,19276.375,50,2010,26,32.87,33.97
202003,Active,232792,NA,NA,D,4,1,546500.6825,49.95,2007,49,5.31,16.47
202004,Active,867377,NA,NA,S,5,1,55137.94125,54.95,2014,28,26.67,34.16
202005,Active,122621,NA,NA,D,0,0,121955.075,18,2001,88,4,12.11
202006,Active,181254,NA,NA,S,2,1,509616.3125,57.95,2000,40,8.99,44.32
202007,Active,153208,NA,NA,S,1,0,17179.975,35,2010,24,18.22,24.09
202008,Active,572834,NA,NA,S,0,0,8648.92625,25,1967,87,9.9,15.69
202009,Active,892973,NA,NA,S,0,0,8855.4725,49.95,2014,22,29.73,29.74
202010,Active,1433589,NA,NA,S,1,0,96867.95,45,2014,30,13.85,23.19
202011,Active,533497,NA,NA,D,18,1,27326.1075,161.95,2012,113,21.39,68.99
202012,Active,263866,NA,NA,S,0,0,89031.86125,16.99,2003,43,5.49,12.36
202013,Active,263856,NA,NA,D,0,0,1782197.866,2.99,2003,18,4.41,16.44
202014,Active,1472974,NA,NA,S,0,0,19811.975,79.95,2010,17,53.55,52.56
202015,Active,627036,NA,NA,S,0,0,310511.3975,38,2009,29,7.64,18.81
202016,Active,1469343,NA,NA,S,5,1,30838.575,37.95,2008,24,21.99,23.71
202017,Active,2631570,NA,NA,S,1,0,185467.4288,75.95,2004,58,18.25,63.2
202018,Active,2674906,NA,NA,D,2,1,1720406.688,95.13,1977,38,4.12,73.73
202019,Active,2675535,NA,NA,S,2,1,198864.815,140.12,1990,48,45.31,71.41
202020,Active,600614,NA,NA,D,6,1,817562.475,31,2009,26,7.22,19.78
202021,Active,397173,NA,NA,D,2,1,3785933.308,172.95,2008,18,7.05,48.47
202022,Active,2163259,NA,NA,S,2,1,129733.9,68,2013,21,32.32,53.6
202023,Active,541017,NA,NA,S,6,1,49994.3,65.95,2013,91,19.89,40.94
202024,Active,621360,NA,NA,S,5,1,642887.875,63.95,2009,43,9.56,42.18
202025,Active,147586,NA,NA,D,5,1,81083.25125,61.95,2009,193,4,24.98
202026,Active,529513,NA,NA,D,4,1,277028.7613,63.95,2010,114,4.44,14.99
202027,Active,663798,NA,NA,S,5,1,25890.31125,68.95,2013,63,29.03,42.85
202028,Active,870832,NA,NA,S,0,0,2310448.696,99,1983,44,4,44.91
202029,Active,147458,NA,NA,D,3,1,138587.2413,67.95,2007,35,4.49,63.99
202030,Active,478845,NA,NA,S,2,1,951235.59,79.99,2007,29,6.4,47.91
202031,Active,53599,NA,NA,D,11,1,89695.68125,160.46,2009,68,4.54,13.99
202032,Active,53598,NA,NA,D,10,1,388522.2325,28.89,2005,91,4,29.3
202033,Active,2251084,NA,NA,D,2,1,6129001.394,48.8,2009,32,6.97,46.65
202034,Active,55465,NA,NA,D,2,1,374964.15,33.49,2009,98,4.02,27.98
202035,Active,55464,NA,NA,D,0,0,871901.3788,69.5,2005,50,4.72,30.3
202036,Active,461680,NA,NA,S,2,1,360111.2075,160.95,2005,54,4.43,28.49
202037,Active,461596,NA,NA,S,5,1,314323.2688,217.95,2002,56,4.43,42.77
202038,Active,2517900,NA,NA,D,0,0,2449348.105,24.36,1990,21,4,16.94
202039,Active,182420,NA,NA,D,4,1,1001705.36,124.95,2000,74,4,5.39
202040,Active,54805,NA,NA,D,5,1,253449.4238,158.95,2004,132,4,23.95
202041,Active,461871,NA,NA,D,6,1,469039.5325,143.95,2008,71,4.36,50.71
202042,Active,2391523,NA,NA,D,7,1,800245.0613,88,1999,23,4,66.35
202043,Active,443471,NA,NA,S,2,1,202748.9763,58.95,2007,53,15.98,37.92
202044,Active,450430,NA,NA,D,2,1,353685.475,172.95,2007,53,4.86,10.3
202045,Active,125704,NA,NA,D,0,0,2115477.093,59.95,1997,44,4,8.99
202046,Active,114199,NA,NA,D,8,1,4339484.904,90.2,2001,26,4,19.69
202047,Active,434544,NA,NA,S,7,1,1453080.665,90,1997,25,4,44.81
202048,Active,878131,NA,NA,D,8,1,1371352.378,79.71,2009,43,6.5,44.84
202049,Active,53898,NA,NA,D,8,1,387467.6325,37.99,2009,83,4.73,37.41
202050,Active,53896,NA,NA,D,6,1,2024013.279,109.25,2004,44,4,13.97
202051,Active,117536,NA,NA,S,5,1,414193.2863,138.2,2003,58,4,23.94
202052,Active,117541,NA,NA,S,5,1,444841.8725,124.8,2003,44,4,51.25
202053,Active,213237,NA,NA,D,2,1,2207133.871,169.95,2007,25,40.36,114.1
202054,Active,924431,NA,NA,S,7,1,320410.0163,64.67,2015,16,38.74,57.16
202055,Active,111245,NA,NA,S,6,1,45171.73,79,2010,127,6.66,28.16
202056,Active,285511,NA,NA,S,6,1,65036.8625,79,2010,85,5.77,29.16
202057,Active,108534,NA,NA,D,5,1,704402.5588,19.7,2005,51,4.58,18.37
202058,Active,913236,NA,NA,S,3,1,185119.1913,126,2014,28,33.99,33.99
202059,Active,921165,NA,NA,D,1,0,2041297.345,43.4,2008,59,4,7.18
202060,Active,920529,NA,NA,D,1,0,1500796.311,43.4,2008,79,4,18.99
202061,Active,902579,NA,NA,S,3,1,605307.4925,126,2014,39,18.79,99.09
202062,Active,115138,NA,NA,D,1,0,1124312.349,35.4,2007,26,4,16.94
202063,Active,427948,NA,NA,S,2,1,189014.1213,61.6,2011,56,10.99,26.32
202064,Active,427942,NA,NA,S,2,1,224852.7738,63.8,2011,66,8.09,33.43
202065,Active,427940,NA,NA,S,2,1,281052.5813,57.8,2011,69,4.48,38.99
202066,Active,427941,NA,NA,S,2,1,244224.7188,60.8,2011,42,15.99,38.99
202067,Active,155156,NA,NA,S,1,0,157356.3688,203.95,2002,48,8.47,13.93
202068,Active,427950,NA,NA,S,2,1,1265896.478,103.33,2011,16,12.97,53.9
202069,Active,461676,NA,NA,S,7,1,44386.45125,190.95,2004,49,13.61,66.46
202070,Active,322731,NA,NA,D,1,0,1302938.034,123.2,2008,52,4.97,9.95
202071,Active,489574,NA,NA,S,3,1,20401.485,25,2005,28,13.52,0
202072,Active,3059697,NA,NA,D,0,0,415167.2713,60,1999,41,21.96,34.21
202073,Active,1599656,NA,NA,S,0,0,6145.175,53.97,2010,127,7.95,23.91
202074,Active,3256880,NA,NA,D,0,0,14671.925,0,1990,67,9.38,17.97
202075,Active,2597304,NA,NA,S,0,0,264010.8163,44.99,1989,22,11.06,32.54
202076,Active,900632,NA,NA,D,2,1,4939424.335,66.35,2005,13,4,20.02
202077,Active,914372,NA,NA,D,1,0,461915.525,59.95,2008,62,13.58,15.98
202078,Active,623701,NA,NA,S,0,0,281811.855,45,1994,27,13.99,39.06
202079,Active,906105,NA,NA,D,0,0,2199400.306,99,1980,25,17.84,74.63
202080,Active,562402,NA,NA,S,2,1,641175.2125,49.95,2003,51,9.87,36.21
202081,Active,126497,NA,NA,S,1,0,561976.115,99,2003,61,10.34,53.94
202082,Active,657972,NA,NA,S,2,1,537466.8,55,2013,19,28.45,0
202083,Active,3608179,NA,NA,D,0,0,1264077.15,79.95,2002,22,23.44,73.98
202084,Active,719419,NA,NA,S,0,0,507731.1025,50,1998,42,4.97,25.78
202085,Active,1625715,NA,NA,D,1,0,213932.3463,95,2014,18,63.45,65.18
202086,Active,912228,NA,NA,D,2,1,4582251.56,115.95,1994,30,4,102.65
202087,Active,906065,NA,NA,D,0,0,2637420.965,49.95,2008,19,4.39,44.51
202088,Active,279176,NA,NA,D,2,1,724551.2713,49.95,2011,29,4.91,37.49
202089,Active,54348,NA,NA,D,2,1,748721.2888,116,2004,150,4,8.94
202090,Active,829447,NA,NA,D,1,0,316715.7675,52,1996,46,4,6.2
202091,Active,2934139,NA,NA,D,1,0,1540904.778,19.95,2005,21,8.37,20.83
202092,Active,2647106,NA,NA,D,1,0,810560.9875,57.95,2002,16,4,37.99
202093,Active,906715,NA,NA,S,2,1,308320.9738,41.95,2014,28,30.13,32.5
202094,Active,51249,NA,NA,D,3,1,193674.3963,112,2006,86,4,12.94
202095,Active,2850059,NA,NA,S,2,1,78438.375,49.95,2002,22,28.94,30.49
202096,Active,1632796,NA,NA,D,5,1,5126984.31,67.95,2006,17,4.78,24.75
202097,Active,918521,NA,NA,S,0,0,20394.07,54.6,2006,44,10.83,27.38
202098,Active,2140430,NA,NA,S,5,1,1180289.706,54.95,2008,18,4.22,13.94
202099,Active,195080,NA,NA,S,4,1,1376672.298,44.95,2007,27,4.98,39.95
202100,Active,1508392,NA,NA,D,0,0,65866.18,13,2013,28,6.82,8.82
202101,Active,1508394,NA,NA,D,0,0,200891.5238,13,2012,39,6.59,8.21
202102,Active,196672,NA,NA,D,2,1,1793681.864,56.95,2003,42,4,39.91
202103,Active,910594,NA,NA,D,0,0,3754174.153,41.95,1998,22,4,7.99
202104,Active,537138,NA,NA,S,2,1,55927.98,24.95,2012,41,17.79,23.7
202105,Active,248384,NA,NA,D,7,1,487214.975,176.95,2006,56,4.77,42.57
202106,Active,802481,NA,NA,D,6,1,4989884.205,52.07,2004,12,5.14,52.05
202107,Active,124014,NA,NA,D,6,1,899081.5563,186.95,2003,56,4,12.94
202108,Active,213296,NA,NA,D,1,0,64101.72125,46.95,1995,40,13.49,39.55
202109,Active,156515,NA,NA,S,0,0,239913.7663,45.95,1996,33,32.71,32.88
202110,Active,230374,NA,NA,S,1,0,59939.3975,35,1997,270,4,8.01
202111,Active,246298,NA,NA,D,3,1,691060.3838,109.95,2004,64,6.95,40.99
202112,Active,2852426,NA,NA,S,0,0,16371.375,39.99,1995,143,5.84,39.52
202113,Active,881558,NA,NA,S,0,0,293310.8738,38,2014,17,27.51,26.98
202114,Active,529301,NA,NA,S,3,1,891795.3238,45,2012,18,10.71,27.98
202115,Active,640513,NA,NA,S,1,0,408593.8288,51.95,2010,27,37,42
202116,Active,915113,NA,NA,D,0,0,1825363.94,30.95,2002,21,4,7.98
202117,Active,627656,NA,NA,D,6,1,639173.88,120,2002,35,5.28,23.05
202118,Active,2647502,NA,NA,D,0,0,8264975.683,25.95,1993,20,10.98,33.94
202119,Active,184497,NA,NA,S,2,1,332870.875,52.95,2003,24,34.32,35.48
202120,Active,803858,NA,NA,S,2,1,888193.5725,89.95,2013,0,0,85.94
202121,Active,621252,NA,NA,S,2,1,403643.5838,68,2004,46,4,21.49
202122,Active,141791,NA,NA,S,2,1,197962.9613,13.99,2006,88,4.54,0
202123,Active,449339,NA,NA,D,4,1,797646.3013,90,2006,46,7.39,56.06
202124,Active,258477,NA,NA,D,0,0,49413.65875,75,2011,26,43.99,0
202125,Active,862699,NA,NA,S,2,1,736624.5838,69.99,1997,26,35.78,93.87
202126,Active,259081,NA,NA,S,0,0,15141.12375,69.95,2005,30,31.98,32.28
202127,Active,529240,NA,NA,S,3,1,1026848.163,69.99,2007,23,6.1,42.3
202128,Active,556290,NA,NA,D,2,1,1481326.903,110,2005,11,41.2,84.98
202129,Active,290463,NA,NA,S,2,1,82287.65,57.95,2001,29,10.25,24.53
202130,Active,1547339,NA,NA,S,0,0,1671954.849,49.95,2010,18,46.41,100.9
202131,Active,1585867,NA,NA,D,1,0,1084195.818,69.99,2012,18,8.89,31.88
202132,Active,621272,NA,NA,D,6,1,703021.5013,216,2010,29,12.17,133.85
202133,Active,568982,NA,NA,S,0,0,120044.245,42.5,1998,36,19.08,19.74
202134,Active,57047,NA,NA,D,8,1,880777.3125,176.95,2009,66,4,6.48
202135,Active,57049,NA,NA,D,7,1,1586255.225,199.95,2008,44,4,28.98
202136,Active,529181,NA,NA,S,13,1,587990.725,24.99,2011,61,4,7.3
202137,Active,298606,NA,NA,S,5,1,2778791.825,125.95,2008,19,4,7.37
202138,Active,114258,NA,NA,S,3,1,1594803.691,60,2001,37,4,10.42
202139,Active,56408,NA,NA,S,10,1,1565999.493,83.6,2003,69,4,13.98
202140,Active,1455597,NA,NA,S,14,1,745679.56,118,2015,20,51.98,53.98
202141,Active,177556,NA,NA,S,6,1,76261.51125,176.95,2005,70,4.8,80.84
202142,Active,635587,NA,NA,S,1,0,54953.15,70.95,2013,20,39.74,39.79
202143,Active,157318,NA,NA,S,2,1,485172.8775,61.95,2007,21,6.63,26.97
202144,Active,1627260,NA,NA,S,3,1,300136.7438,78.5,2010,25,10.15,51.94
202145,Active,300882,NA,NA,D,1,0,1877173.665,60,1998,34,4.02,46.66
202146,Active,169322,NA,NA,D,3,1,159169.7275,146.95,2006,89,4,8.34
202147,Active,2029479,NA,NA,S,3,1,1224186.475,34.95,2010,20,7.74,32.39
202148,Active,201791,NA,NA,S,3,1,491198.8963,47.95,2010,27,13.4,41.84
202149,Active,535390,NA,NA,D,16,1,38132.62,115.95,2013,95,9.69,54.04
202150,Active,630216,NA,NA,S,7,1,300035.8525,34.95,2005,31,4,34.94
202151,Active,292090,NA,NA,S,0,0,64632.06875,14.95,2001,191,4,8.49
202152,Active,2162150,NA,NA,S,2,1,288991.5938,25.95,2009,45,11.39,17.77
202153,Active,643469,NA,NA,S,0,0,226006.505,49.95,2009,20,32.96,0
202154,Active,1848704,NA,NA,S,2,1,1652220.661,32.99,2009,25,5.16,31.72
202155,Active,614198,NA,NA,S,1,0,296642.7925,35,1994,95,6.36,33.83
202156,Active,628758,NA,NA,S,1,0,426160.91,49.95,2009,52,4.97,29.9
202157,Active,2539942,NA,NA,S,2,1,721207.3688,47.95,2002,34,4.48,36.75
202158,Active,716428,NA,NA,D,0,0,1485392.708,133.8,2007,17,4.97,133.52
202159,Active,665536,NA,NA,S,8,1,446684.3263,138,2010,19,39.97,122.04
202160,Active,911750,NA,NA,S,3,1,376343.505,44.95,2014,20,17.93,39.95
202161,Active,867182,NA,NA,S,5,1,748961.6038,49.99,2014,20,30.37,33.04
202162,Active,867164,NA,NA,S,5,1,535271.8663,49.99,2014,18,24.96,32.46
202163,Active,1456038,NA,NA,S,6,1,149832.7563,54.99,2014,19,41.71,42.61
202164,Active,621425,NA,NA,D,4,1,845663.7738,59.99,2006,44,4,17.45
202165,Active,635634,NA,NA,S,1,0,35253.65,39.95,2012,22,29.69,27.22
202166,Active,2585633,NA,NA,D,1,0,794305.7363,115,1993,53,7.96,20.99
202167,Active,663854,NA,NA,S,0,0,5223.475,49.99,2013,24,26.89,32.71
202168,Active,1626897,NA,NA,S,0,0,436950.0375,35,2006,25,18.45,22.58
202169,Active,867002,NA,NA,S,2,1,3874.5375,45,2014,30,23.96,26.87
202170,Active,130281,NA,NA,S,2,1,585889.8825,69.99,2004,43,4,30.43
202171,Active,625064,NA,NA,D,1,0,1198873.571,68.99,2008,27,3.96,22.98
202172,Active,655218,NA,NA,S,2,1,327796.4625,81.99,2013,17,20.97,30.23
202173,Active,899391,NA,NA,D,0,0,2144254.755,130,2007,18,43.99,102.33
202174,Active,209335,NA,NA,S,4,1,148047.1688,30,1997,38,4.98,26.52
202175,Active,2781805,NA,NA,D,1,0,2529210.764,75,1993,50,4,16.49
202176,Active,528804,NA,NA,D,4,1,139658.9188,99.95,2012,31,10.3,53.98
202177,Active,656063,NA,NA,S,2,1,1276540.989,116,2007,17,43.96,83.98
202178,Active,544062,NA,NA,S,3,1,20390.58,44,2013,36,27.97,26.79
202179,Active,652058,NA,NA,S,2,1,217201.1188,40,2004,38,21.98,25.79
202180,Active,2600351,NA,NA,S,0,0,157779.7038,44.99,1992,28,7.06,38.38
202181,Active,756768,NA,NA,S,3,1,214192.4288,175,1997,21,11.17,63.94
202182,Active,182738,NA,NA,D,1,0,1189179.83,136.95,2008,35,4.81,11.1
202183,Active,2162436,NA,NA,D,1,0,572729.7438,44.99,2011,43,4.98,13.71
202184,Active,610636,NA,NA,S,2,1,314124.1163,49.99,2014,28,29.05,0
202185,Active,254427,NA,NA,S,2,1,1029321.294,52.95,2010,21,10.24,37.99
202186,Active,627703,NA,NA,S,7,1,510796.8788,80.95,1998,45,19.98,58.78
202187,Active,2649339,NA,NA,S,1,0,288549.45,49.95,2004,28,23.24,31.85
202188,Active,268388,NA,NA,S,2,1,1738030.673,91,2005,26,6.98,43.94
202189,Active,643674,NA,NA,S,2,1,385348.53,46,2008,28,16.71,0
202190,Active,247885,NA,NA,S,2,1,1202942.67,69.95,2007,42,3.99,5.97
202191,Active,528785,NA,NA,D,3,1,534761.1263,84,2010,52,4,33.98
202192,Active,225680,NA,NA,S,3,1,1453519.78,152.95,2001,19,13.31,32.11
202193,Active,198188,NA,NA,S,2,1,348975.655,39.99,2010,17,36.19,0
202194,Active,733602,NA,NA,S,1,0,732789.31,24.95,2008,22,13.87,64.13
202195,Active,702388,NA,NA,S,2,1,37519.8275,32,2013,60,17.73,17.17
202196,Active,320291,NA,NA,S,1,0,97982.2,19.95,2011,37,7.64,19.49
202197,Active,2784764,NA,NA,D,2,1,548705.8063,40,1981,43,14.3,59.51
202198,Active,644410,NA,NA,S,0,0,66613.05,49.99,2013,15,31.32,31.32
202199,Active,881557,NA,NA,S,2,1,157207.7438,49.5,2015,14,33.98,35.46
202200,Active,642170,NA,NA,S,3,1,24671.67125,32.99,2012,19,23.87,138.71
202201,Active,545230,NA,NA,D,1,0,600528.2388,89.95,2009,30,6.69,19.98
202202,Active,2106970,NA,NA,D,0,0,1221293.631,29.99,2014,10,9.67,19.96
202203,Active,1495877,NA,NA,S,1,0,44293.6,40,2010,60,10.04,24.08
202204,Active,865650,NA,NA,S,2,1,27767.235,21.99,2012,99,4,0
202205,Active,718595,NA,NA,D,0,0,3880277.06,54.95,1998,24,4,13.99
202206,Active,627604,NA,NA,S,2,1,1151599.711,89.95,2005,24,43.24,71.24
202207,Active,402817,NA,NA,S,2,1,708139.92,79.99,2002,54,7.23,67.53
202208,Active,620902,NA,NA,D,0,0,665148.3963,39.95,2002,38,8.47,33.99
202209,Active,2607233,NA,NA,S,0,0,276205.17,44.99,1998,32,18.25,28.97
202210,Active,657954,NA,NA,S,2,1,101563,39.95,2013,23,35.26,31.73
202211,Active,184647,NA,NA,D,1,0,325682.3475,37.95,2000,25,12.85,48.24
202212,Active,225679,NA,NA,D,1,0,2861420.06,59.95,2000,13,4,72.51
202213,Active,541885,NA,NA,D,1,0,1507641.118,105,1997,23,4.24,42.98
202214,Active,278179,NA,NA,D,4,1,235971.8825,42,2006,81,4,23.89
202215,Active,760267,NA,NA,D,2,1,1223833.679,125,2005,30,27.4,34.19
202216,Active,2570182,NA,NA,D,1,0,726445.7338,95,1992,33,5.98,18.34
202217,Active,183706,NA,NA,S,12,1,597725.0563,141.95,2007,87,4,19.73
202218,Active,288287,NA,NA,D,1,0,51769.8375,70.93,2007,97,12.98,18.82
202219,Active,599365,NA,NA,S,0,0,738264.5825,45,2011,31,12.11,13.42
202220,Active,182636,NA,NA,S,0,0,563883.5175,118.05,2001,58,7.37,52.84
202221,Active,572181,NA,NA,S,2,1,143978.575,110.6,2005,112,8.96,24
202222,Active,880021,NA,NA,D,9,1,373138.27,35.08,2010,47,8.02,32.04
202223,Active,51522,NA,NA,D,9,1,48797.88,82.95,2010,334,5.59,18.99
202224,Active,51520,NA,NA,D,8,1,246711.8325,72.95,2007,380,4.73,15.99
202225,Active,192933,NA,NA,S,7,1,904788.9725,54.95,2004,125,4,6.99
202226,Active,2531826,NA,NA,D,1,0,3250446.011,49.95,1997,23,6.78,66.38
202227,Active,1548100,NA,NA,S,2,1,2147385.376,51.95,2011,19,42.74,41.5
202228,Active,665170,NA,NA,S,0,0,355367.9,45,2009,20,23.99,0
202229,Active,1738403,NA,NA,S,4,1,323663.2363,53.33,2007,31,8.97,53.49
202230,Active,626533,NA,NA,S,2,1,324896.7638,62.95,1997,46,6.98,37.44
202231,Active,2253101,NA,NA,D,8,1,4651389.25,57.9,2008,35,9.4,89.2
202232,Active,537985,NA,NA,S,5,1,997934.4938,68.2,1998,47,4,12.43
202233,Active,52721,NA,NA,D,7,1,380092.9438,14.96,2004,102,4.11,13.84
202234,Active,922509,NA,NA,S,1,0,23903.75,40,2012,57,13.59,14.99
202235,Active,900773,NA,NA,S,1,0,1434829.218,40,2008,13,29.8,37.25
202236,Active,727508,NA,NA,D,0,0,2065294.259,49.99,1999,30,4,0
202237,Active,268776,NA,NA,D,3,1,437101.0175,100,2006,34,5.89,81.07
202238,Active,143030,NA,NA,D,7,1,1503809.846,33,2005,19,5.47,53.98
202239,Active,143443,NA,NA,D,6,1,4468909.266,86,2002,15,5.52,33.98
202240,Active,612151,NA,NA,S,9,1,173166.0263,43,2013,14,24.88,29.24
202241,Active,2603652,NA,NA,D,0,0,3864847.016,89,2005,29,5.98,38.94
202242,Active,1589928,NA,NA,D,2,1,1228909.104,99,2008,23,5.02,61.62
202243,Active,917230,NA,NA,S,0,0,719322.4863,46,2013,47,4,10.64
202244,Active,175933,NA,NA,D,1,0,253886.8088,105,2010,40,9.07,0
202245,Active,300396,NA,NA,D,2,1,3279993.604,194,2006,14,5.98,31.67
202246,Active,244997,NA,NA,S,6,1,423871.9138,324.95,2004,43,18.2,54.31
202247,Active,288473,NA,NA,D,3,1,1785684.221,194,2010,27,4.24,10.32
202248,Active,270074,NA,NA,D,1,0,1566675.588,180,2009,21,41.43,52.19
202249,Active,202329,NA,NA,D,3,1,2027478.798,172.95,2001,34,4.13,9.23
202250,Active,2473080,NA,NA,D,2,1,4760213.099,66.35,1987,19,3.99,55.89
202251,Active,560522,NA,NA,S,6,1,69659.68375,43,2010,33,28.64,43
202252,Active,58224,NA,NA,D,5,1,1721278.584,125,2005,33,4.15,25.98
202253,Active,896226,NA,NA,D,5,1,5438892.635,56.2,2005,15,4.54,18.97
202254,Active,738119,NA,NA,S,2,1,1350680.465,76,2006,16,4.95,42.16
202255,Active,273353,NA,NA,S,1,0,86541.85,82.95,2009,27,53.64,55.92
202256,Active,2470982,NA,NA,D,5,1,1687862.948,55.4,1994,24,4.3,55
202257,Active,738271,NA,NA,S,2,1,1001653.001,202,2005,31,8.06,201.85
202258,Active,293200,NA,NA,D,1,0,2277244.059,72,2004,16,4.77,5.63
202259,Active,143228,NA,NA,D,6,1,1363616.335,128,2008,27,4.5,121.67
202260,Active,260027,NA,NA,D,5,1,291174.3963,156.75,2007,67,4,34.34
202261,Active,259992,NA,NA,D,4,1,2499454.561,110,2004,38,4.13,13.99
202262,Active,53754,NA,NA,D,4,1,329765.5475,96,2007,136,4.3,67.41
202263,Active,874362,NA,NA,D,4,1,4052111.76,125,2006,21,4.36,56.28
202264,Active,560343,NA,NA,D,1,0,2664832.599,160,2009,25,7.24,14.74
202265,Active,1467865,NA,NA,S,2,1,536937.5275,185,2007,22,18.8,122.01
202266,Active,229179,NA,NA,D,2,1,273300.355,84.95,2009,69,4,12.12
202267,Active,265860,NA,NA,D,8,1,1840393.458,168,2002,27,5.99,6.99
202268,Active,1769126,NA,NA,S,2,1,486880.7713,64.99,2014,18,24.04,41.97
202269,Active,143009,NA,NA,D,5,1,3318233.281,58.5,2005,12,6.77,103.94
202270,Active,60974,NA,NA,D,3,1,818806.3788,288.95,2004,53,4.39,95.24
202271,Active,1468260,NA,NA,D,2,1,8313495.569,302.5,2008,15,33.94,91.44
202272,Active,669178,NA,NA,S,2,1,314006.7388,43,2010,25,22.48,37.41
202273,Active,288442,NA,NA,S,1,0,138859.9838,120,2008,45,16.99,64.81
202274,Active,193353,NA,NA,S,3,1,270733.1463,43.95,2005,226,4,13.99
202275,Active,1472100,NA,NA,D,6,1,6106501.4,75,2008,25,4.37,43.99
202276,Active,665785,NA,NA,D,8,1,2842075.354,55,2012,23,4.77,54.81
202277,Active,2444830,NA,NA,S,0,0,243327.175,49.99,1990,28,17.72,234.77
202278,Active,909871,NA,NA,S,2,1,5353.27125,16.99,2014,44,7.96,7.27
202279,Active,2271265,NA,NA,S,5,1,56759.715,20.81,2012,30,21.7,22.69
202280,Active,51021,NA,NA,S,2,1,2296741.386,199.95,2001,46,4,19.95
202281,Active,51023,NA,NA,D,4,1,351492.7363,354.95,2007,80,4,33.93
202282,Active,51022,NA,NA,D,3,1,348963.0975,389.95,2005,82,4,9.98
202283,Active,258558,NA,NA,D,1,0,39490.60625,16.99,1999,153,5.42,6.94
202284,Active,565907,NA,NA,S,2,1,816248.7925,42,2009,28,9.55,27.7
202285,Active,170143,NA,NA,D,11,1,112176.9425,97.95,2011,70,9.16,74.08
202286,Active,802201,NA,NA,S,5,1,1518883.613,75.95,2004,32,3,35
202287,Active,114703,NA,NA,S,2,1,128707.7788,106.95,2006,47,23.7,89.88
202288,Active,51767,NA,NA,S,13,1,2783504.948,139.9,2004,45,4.71,5.97
202289,Active,51770,NA,NA,D,15,1,304445.8775,31.84,2009,141,4,16.06
202290,Active,51768,NA,NA,D,14,1,862154.24,15.92,2006,88,4,15.92
202291,Active,178418,NA,NA,D,4,1,937937.7025,177.6,2008,41,4,47.97
202292,Active,711567,NA,NA,S,3,1,4349953.004,133,2002,34,4.56,9.74
202293,Active,52050,NA,NA,D,10,1,166338.5175,412.95,2008,41,27.87,137.13
202294,Active,905873,NA,NA,D,1,0,2207528.154,399.77,2010,20,21.15,238.99
202295,Active,52052,NA,NA,D,9,1,1093754.728,234.95,2005,62,4,5.41
202296,Active,148216,NA,NA,S,4,1,2278289.8,243.95,2004,49,4.08,6.98
202297,Active,148659,NA,NA,D,6,1,97365.84625,329.95,2008,83,4.93,32.49
202298,Active,60975,NA,NA,D,5,1,1417568.17,370.95,2006,68,4,6.98
202299,Active,193411,NA,NA,D,4,1,1819169.58,91.95,2005,37,4,10.98
202300,Active,690390,NA,NA,D,0,0,499145.5338,20,2006,20,17.75,0
202301,Active,661603,NA,NA,D,2,1,1134306.118,43,2009,33,4,30.36
202302,Active,193686,NA,NA,D,5,1,402924.78,120,2010,80,5.11,13.2
202303,Active,655540,NA,NA,S,0,0,10048.125,79.99,2011,11,48.08,42.37
202304,Active,909202,NA,NA,S,2,1,86148,33,2014,17,13.59,15.99
202305,Active,664182,NA,NA,S,1,0,83579.4,75,2013,18,48.99,49.83
202306,Active,508788,NA,NA,D,4,1,2442120.993,349.43,2002,19,20.56,129.06
202307,Active,222345,NA,NA,D,4,1,2162033.815,40,2002,25,7.83,68.21
202308,Active,1938822,NA,NA,S,0,0,59954.675,50,2009,14,32.69,34.59
202309,Active,135385,NA,NA,S,3,1,130553.6963,80,2008,47,30.99,45.98
202310,Active,55563,NA,NA,D,2,1,624010.1538,113.4,2005,82,4.15,14.77
202311,Active,921084,NA,NA,S,6,1,327725.9775,122.95,1998,44,4.41,42.98
202312,Active,902267,NA,NA,S,2,1,885304.305,68,2011,23,16.04,34.62
202313,Active,214383,NA,NA,S,10,1,52710.83875,29.95,2009,29,19.62,24.99
202314,Active,629213,NA,NA,S,1,0,2877.975,39.95,2012,30,25.44,24.44
202315,Active,3728174,NA,NA,S,5,1,711944.5,44.95,2012,40,14.71,28.6
202316,Active,614003,NA,NA,S,6,1,1378953.115,58.95,1996,70,4.35,10.43
202317,Active,3485295,NA,NA,D,1,0,1159194,39.99,2006,26,4,8.97
202318,Active,661200,NA,NA,S,2,1,513561.055,53.2,2010,28,13.84,0
202319,Active,2768856,NA,NA,S,0,0,310322.8238,40,2004,24,30.95,32.58
202320,Active,555394,NA,NA,S,1,0,575179.6275,44.99,1999,57,4,13.99
202321,Active,247991,NA,NA,S,1,0,273928.8663,31.95,2008,50,4.04,10.83
202322,Active,2275488,NA,NA,S,5,1,532471.3963,132.6,2007,32,13.61,67
202323,Active,592467,NA,NA,D,5,1,115165.8188,221.95,2007,86,5.48,25.91
202324,Active,778738,NA,NA,S,3,1,251058.925,68.95,2010,30,17.09,25.95
202325,Active,658457,NA,NA,S,1,0,55720.75,71.95,2010,17,20.38,22.15
202326,Active,743319,NA,NA,D,4,1,2382704.773,52,2002,23,4,33.99
202327,Active,163123,NA,NA,S,1,0,162098.6438,22.95,2010,56,4.1,13.06
202328,Active,665242,NA,NA,D,7,1,201225.5263,26.98,2012,30,4,28.61
202329,Active,53750,NA,NA,D,11,1,36517.315,100,2009,199,4.75,28.88
202330,Active,145146,NA,NA,D,10,1,969358.785,81.2,2005,45,4,7.48
202331,Active,739513,NA,NA,D,9,1,1967484.171,63.8,2002,39,3.98,23.97
202332,Active,1481772,NA,NA,D,11,1,965784.175,80.6,2008,67,4,16.31
202333,Active,740007,NA,NA,D,9,1,4000360.196,54,2003,26,4,45.43
202334,Active,741023,NA,NA,D,8,1,1267654.25,27.4,2008,30,4.98,49.91
202335,Active,133372,NA,NA,S,8,1,113347.3363,42.6,2010,26,16.84,31.54
202336,Active,2227649,NA,NA,D,0,0,2408891.75,0,2008,4,24.19,24.19
202337,Active,533510,NA,NA,D,3,1,99509.83875,40.6,2011,56,4,23.99
202338,Active,153801,NA,NA,D,0,0,9680.62625,25,2011,154,4,8.98
202339,Active,747905,NA,NA,S,2,1,1130.945,29.25,2014,77,20.16,0
202340,Active,2343336,NA,NA,D,0,0,577374.2775,91.25,1990,28,4,51.97
202341,Active,53552,NA,NA,D,6,1,826911.3875,9.99,2009,97,4.2,29.95
202342,Active,157230,NA,NA,S,2,1,77526.08625,29.95,2004,47,16.98,22.11
202343,Active,1728885,NA,NA,S,7,1,1041016.858,99.95,2009,28,4.94,60.75
202344,Active,876165,NA,NA,D,3,1,893370.065,78.43,1997,71,4,8.98
202345,Active,631685,NA,NA,D,0,0,711737.5588,51,2008,26,5.57,13.98
202346,Active,260100,NA,NA,S,3,1,1220411.784,72.95,2005,101,3.89,4.69
202347,Active,271017,NA,NA,D,5,1,82842.7375,96,2011,143,5.14,7.99
202348,Active,715381,NA,NA,D,1,0,1691530.343,69.99,2011,15,12.95,103.09
202349,Active,3512704,NA,NA,D,0,0,4458032.8,99.95,1999,31,6.22,54.52
202350,Active,132777,NA,NA,S,4,1,64300.12125,77.2,2009,75,4.99,32.33
202351,Active,131012,NA,NA,S,5,1,34837.08,77.2,2011,61,13.98,43.88
202352,Active,145170,NA,NA,D,3,1,1023145.091,79.4,2006,31,4,58.43
202353,Active,132776,NA,NA,S,4,1,153883.8763,104.6,2009,53,14.8,22.89
202354,Active,132782,NA,NA,S,4,1,251552.5625,77.2,2009,98,4.75,19.97
202355,Active,144412,NA,NA,S,2,1,1569239.444,53,2002,72,4,7.93
202356,Active,145171,NA,NA,D,3,1,1367042.069,79.4,2006,29,5.26,60.28
202357,Active,144359,NA,NA,D,2,1,3631356.625,79.6,2002,26,4.45,73.23
202358,Active,145169,NA,NA,S,3,1,947568.3075,48.2,2006,81,4,16.18
202359,Active,739774,NA,NA,D,2,1,2900667.083,82.8,2002,12,19.43,26.69
202360,Active,53733,NA,NA,D,0,0,525695.9013,112,2004,18,29.98,92.77
202361,Active,557457,NA,NA,S,2,1,145546.355,77.2,2008,87,5.2,18.87
202362,Active,557455,NA,NA,S,2,1,439545.8163,77.2,2008,76,4,15.99
202363,Active,428462,NA,NA,S,2,1,89693.24875,96.2,2008,44,25.98,43.99
202364,Active,144787,NA,NA,S,2,1,1549099.991,98.8,2003,24,21.6,83.78
202365,Active,145547,NA,NA,D,1,0,1830285.429,42,2006,35,4,14.23
202366,Active,2475815,NA,NA,D,1,0,8681183.015,15,2002,24,3.99,44.46
202367,Active,872583,NA,NA,D,2,1,2418052.45,30.8,2005,30,4,10.44
202368,Active,56140,NA,NA,S,7,1,1685099.019,56,2004,109,3.98,4.3
202369,Active,56146,NA,NA,D,8,1,1166535.103,63,2007,57,4,13.95
202370,Active,56143,NA,NA,D,9,1,688564.5913,75,2010,76,4,19.94
202371,Active,56138,NA,NA,D,9,1,109188.9488,81.2,2009,106,4,40.59
202372,Active,1609911,NA,NA,S,9,1,285498.975,92.56,2009,18,15.95,77.47
202373,Active,133358,NA,NA,D,8,1,395512.955,114.6,2010,82,4,10.94
202374,Active,287647,NA,NA,D,8,1,66206.94625,119.8,2010,147,4,18.99
202375,Active,770728,NA,NA,S,1,0,187509.6375,100,2002,39,28.97,59
202376,Active,771999,NA,NA,S,50,1,78968.88,90,2004,49,27.08,42.89
202377,Active,3726843,NA,NA,D,0,0,2098115.75,89.99,2001,22,12.74,23.99
202378,Active,268506,NA,NA,S,2,1,16645.49,16.95,2009,43,7.75,9.83
202379,Active,2809126,NA,NA,S,0,0,1167906.819,11,2003,27,4,9.73
202380,Active,633862,NA,NA,S,1,0,92961.35,73.95,2012,22,28.21,37.87
202381,Active,1760597,NA,NA,S,1,0,1327.375,54.99,2013,23,38.86,39.38
202382,Active,807911,NA,NA,S,3,1,201099.0163,44.99,2010,34,8.15,30.72
202383,Active,259117,NA,NA,S,0,0,391576.9125,35,1998,32,23.75,97.37
202384,Active,198286,NA,NA,S,0,0,24373.075,54.99,2009,26,38.79,42.28
202385,Active,647081,NA,NA,S,2,1,101342.9075,49.95,2012,30,41.28,39.94
202386,Active,922826,NA,NA,S,1,0,347939.2638,55,1990,113,4,22.47
202387,Active,2837827,NA,NA,D,1,0,2009372.253,48.95,1999,16,9.23,23.98
202388,Active,111477,NA,NA,D,13,1,23390.70625,276.25,2012,101,14.97,68.74
202389,Active,50037,NA,NA,D,11,1,475203.745,28.99,2007,75,4.47,27.91
202390,Active,50038,NA,NA,D,12,1,103178.7988,48.99,2009,100,5.41,41.48
202391,Active,633790,NA,NA,S,3,1,75493.2275,88.95,2012,51,39.49,68.98
202392,Active,914514,NA,NA,D,1,0,801277.2875,45.99,1989,36,5.63,46.53
202393,Active,621456,NA,NA,S,2,1,139520.8438,65.95,2004,46,21.45,34.98
202394,Active,135622,NA,NA,D,1,0,1273699.649,48.95,2008,30,13.46,36.76
202395,Active,615116,NA,NA,S,1,0,24602.2,223.8,2006,68,28.99,56.68
202396,Active,2815326,NA,NA,S,2,1,304962.6225,47,1994,29,4.59,5.94
202397,Active,185059,NA,NA,S,2,1,153966.8913,117.95,1995,46,7.63,73.67
202398,Active,127651,NA,NA,S,2,1,294264.0238,112.95,2010,31,28.99,92.82
202399,Active,2600724,NA,NA,D,1,0,1486938.055,73.99,1994,34,6.12,39.97
202400,Active,565070,NA,NA,S,2,1,401420.2938,89.95,2010,48,29.54,56.97
202401,Active,52779,NA,NA,D,3,1,466759.3013,53.79,2008,58,6.66,12.59
202402,Active,52778,NA,NA,D,2,1,538851.695,30.98,2004,49,4,30.74
202403,Active,141862,NA,NA,D,3,1,200017.0625,43.99,2008,65,5.19,43.98
202404,Active,52777,NA,NA,D,3,1,238804.955,78.89,2008,64,4,32.98
202405,Active,634146,NA,NA,S,4,1,196144.895,121.75,2012,37,18.13,53.99
202406,Active,638552,NA,NA,S,3,1,274738.935,58,2011,18,26.39,35.06
202407,Active,2722807,NA,NA,D,1,0,3723065.244,59,2004,16,7.86,38.88
202408,Active,642881,NA,NA,S,2,1,1574075.071,42.95,2007,18,25.8,40.12
202409,Active,433276,NA,NA,S,6,1,4391786.815,230.95,1996,34,4.35,5.21
202410,Active,336329,NA,NA,D,1,0,2149845.79,59.95,2001,19,4.44,71.21
202411,Active,336715,NA,NA,D,2,1,821704.65,62.95,2006,22,22.88,55.25
202412,Active,108988,NA,NA,S,4,1,369745.2538,179.39,2004,36,8.84,63.09
202413,Active,147902,NA,NA,D,1,0,1836390.179,160.95,2006,26,4,16.89
202414,Active,554126,NA,NA,D,1,0,2448123.038,85,2000,35,4,25.32
202415,Active,537815,NA,NA,D,4,1,8129710.06,54.27,1995,24,4,53.63
202416,Active,289556,NA,NA,D,1,0,2020321.685,307.95,2003,42,4,6.95
202417,Active,902429,NA,NA,S,7,1,634551.4725,49.99,2014,32,4,33.5
202418,Active,545033,NA,NA,S,6,1,1510692.303,49.99,2011,33,4,44.51
202419,Active,148517,NA,NA,D,7,1,583605.1438,350.95,2007,38,4,32.88
202420,Active,1777538,NA,NA,S,1,0,32475.925,40,2013,28,23.01,24.92
202421,Active,635382,NA,NA,D,0,0,533088.0525,53.95,2001,71,8.48,38.26
202422,Active,906769,NA,NA,S,2,1,196209.6675,55,2009,24,23.12,35.87
202423,Active,2786543,NA,NA,S,1,0,34723.1,50,2005,60,15.97,27.17
202424,Active,764461,NA,NA,S,2,1,214014.6863,69.95,2002,19,18.08,0
202425,Active,60965,NA,NA,S,2,1,779889.0863,69.95,1998,72,4,10.34
202426,Active,448493,NA,NA,D,1,0,2980151.03,115,2000,19,4.38,44.59
202427,Active,802094,NA,NA,S,3,1,2230869.761,110,2011,14,16.51,51.2
202428,Active,566367,NA,NA,D,2,1,1580022.774,74.38,1997,27,4,46.09
202429,Active,759449,NA,NA,D,3,1,1934035.021,23.9,2000,18,3.99,23.84
202430,Active,587162,NA,NA,S,2,1,1095606.458,27.95,2010,17,9.87,25.51
202431,Active,204151,NA,NA,D,1,0,1006966.054,69.99,2006,69,4,17.99
202432,Active,60980,NA,NA,D,10,1,133900.35,184.95,2007,111,4.49,35.97
202433,Active,177977,NA,NA,D,11,1,64131.1325,271.95,2010,93,7.77,49.99
202434,Active,563697,NA,NA,S,1,0,229259.08,20.25,2012,33,9.77,16.11
202435,Active,2405668,NA,NA,S,0,0,626208.5013,57.95,1990,44,4.07,32.57
202436,Active,2664556,NA,NA,D,1,0,2961376.68,39.95,2000,22,4,19.98
202437,Active,367125,NA,NA,S,3,1,393646.8438,72.99,2005,34,25.78,28.74
202438,Active,2750428,NA,NA,D,0,0,3501887.625,199,1994,17,6.17,63.55
202439,Active,639356,NA,NA,S,2,1,1052033.183,63,2007,24,17.48,32.85
202440,Active,625282,NA,NA,S,1,0,40713.925,40,2009,29,22.04,22.84
202441,Active,610111,NA,NA,D,1,0,505627.1613,14.95,2011,30,8.8,10.24
202442,Active,3791267,NA,NA,D,4,1,6204089.05,0,1999,19,11.95,28.98
202443,Active,2502232,NA,NA,D,0,0,1006807.091,109,2004,32,11.37,40.15
202444,Active,617324,NA,NA,D,0,0,462232.6438,99,1995,50,7.57,23.97
202445,Active,895681,NA,NA,S,3,1,1741087.995,79.95,2010,13,47.19,60.12
202446,Active,3608725,NA,NA,D,0,0,514503.1,31.99,1996,32,5.35,25.03
202447,Active,628193,NA,NA,S,2,1,379664.6975,89.95,1993,37,31.89,57.95
202448,Active,2054313,NA,NA,S,0,0,106545.825,69.95,2009,13,23.98,27.64
202449,Active,807891,NA,NA,S,2,1,516329.93,74.99,2010,25,34.99,39.79
202450,Active,248150,NA,NA,D,6,1,203688.57,56,2010,98,4.18,12.39
202451,Active,54304,NA,NA,D,5,1,707907.9,45.95,2007,92,4,10.97
202452,Active,110226,NA,NA,S,3,1,94812.1825,139,2011,41,14.49,42.75
202453,Active,54597,NA,NA,D,11,1,50051.02875,132,2010,197,4.49,45.45
202454,Active,2259317,NA,NA,D,11,1,144635.3263,76.74,2010,48,6.37,47.47
202455,Active,54598,NA,NA,D,10,1,117158.6438,73.26,2007,173,4,30.4
202456,Active,294153,NA,NA,D,4,1,1841490.194,64.95,2006,22,4,18.79
202457,Active,55558,NA,NA,S,3,1,906881.6188,73.99,2002,50,4,66.03
202458,Active,55559,NA,NA,D,5,1,126606.5463,16.94,2008,87,4,20.44
202459,Active,55561,NA,NA,D,4,1,271837.6813,13.33,2006,74,4,14.99
202460,Active,3783337,NA,NA,D,1,0,1149538.8,49.95,2002,39,4,13.62
202461,Active,619773,NA,NA,S,2,1,325382.7138,62.95,2011,32,31.98,0
202462,Active,127226,NA,NA,S,3,1,42994.14875,37.95,2007,64,17.35,30.98
202463,Active,276866,NA,NA,D,2,1,1588974.818,59.95,2003,18,12.84,105.56
202464,Active,882131,NA,NA,D,13,1,797515.8825,69.95,1994,17,23.15,148.67
202465,Active,272518,NA,NA,S,2,1,1073242.164,62,2010,16,4.77,30.15
202466,Active,910887,NA,NA,S,2,1,439964.8275,41,2011,27,7.23,37.6
202467,Active,144248,NA,NA,S,2,1,606198.0338,131.4,2001,45,4,18.4
202468,Active,287572,NA,NA,S,4,1,1170369.313,127,2007,52,4,16.98
202469,Active,867354,NA,NA,S,4,1,28045.9275,76,2014,44,31.72,47.59
202470,Active,55076,NA,NA,D,3,1,255199.135,60,2003,69,4,32.85
202471,Active,55075,NA,NA,S,2,1,450218.9163,42.5,1996,70,4,20.88
202472,Active,871849,NA,NA,S,5,1,268391.0075,68.81,2005,21,13.54,18.99
202473,Active,528095,NA,NA,S,5,1,69441.90125,55.95,2005,106,10.96,35.98
202474,Active,60981,NA,NA,S,4,1,2585704.364,36.95,2001,54,4,9.94
202475,Active,252040,NA,NA,S,10,1,446221.8475,283.95,2008,100,4,0
202476,Active,564312,NA,NA,D,1,0,1009273.325,39.95,1993,46,4,33.96
202477,Active,2435254,NA,NA,S,2,1,470299.3288,47.95,2001,35,4,14.16
202478,Active,2387355,NA,NA,D,0,0,2138322.091,0,1991,10,17.84,85.41
202479,Active,808662,NA,NA,S,0,0,1848850.294,31.95,2006,11,17.98,26.99
202480,Active,636527,NA,NA,S,4,1,508150.2775,107.23,2012,35,4.68,67.07
202481,Active,2256123,NA,NA,S,3,1,1499195.656,52.91,2011,32,9.81,38.68
202482,Active,236643,NA,NA,D,18,1,117775.1338,65,2006,76,10.92,30.99
202483,Active,236644,NA,NA,S,19,1,11763.7975,79.95,2011,44,41.99,47.14
202484,Active,60982,NA,NA,D,17,1,499656.0063,40,1999,120,4,16.98
202485,Active,2089606,NA,NA,S,0,0,14087.475,64.99,2013,14,41.98,44.55
202486,Active,620767,NA,NA,S,0,0,25649.675,49.99,2010,20,28.42,28.54
202487,Active,262428,NA,NA,D,3,1,57510.52875,29.99,2008,146,4,14.75
202488,Active,3796266,NA,NA,S,40,1,52860.225,59.95,2015,14,37.57,38.78
202489,Active,748637,NA,NA,D,1,0,4298708.874,145,2005,13,31.36,63.89
202490,Active,217329,NA,NA,S,2,1,47764.275,44,2009,19,33.41,36.4
202491,Active,568673,NA,NA,S,2,1,1240604.933,74.99,1992,32,17.66,67.87
202492,Active,2867298,NA,NA,D,0,0,1553749.778,25,2004,16,27.99,116.27
202493,Active,224545,NA,NA,S,5,1,1272559.613,59.95,1998,22,5.24,60.91
202494,Active,111478,NA,NA,D,13,1,27200.1775,259.25,2012,90,12.04,48.99
202495,Active,50295,NA,NA,D,11,1,725248.5988,13.98,2007,75,4,13.97
202496,Active,655717,NA,NA,S,13,1,700428.2913,191,2012,22,25.57,113.99
202497,Active,622224,NA,NA,S,3,1,32917.96625,188.95,2013,52,28.62,48.53
202498,Active,639932,NA,NA,S,2,1,359406.085,50,2011,22,13.98,0
202499,Active,107521,NA,NA,D,6,1,568166.0175,102.35,2003,49,4.47,22.51
202500,Active,157637,NA,NA,D,1,0,1200764.044,49.95,2008,41,4,20.14
202501,Active,527963,NA,NA,S,2,1,310393.8625,54.95,2012,34,27.64,40.99
202502,Active,2599140,NA,NA,D,1,0,304826.9175,36.99,1991,41,10.98,47.78
202503,Active,1584676,NA,NA,S,0,0,270823.9863,49.99,2010,66,27.99,35.74
202504,Active,624409,NA,NA,S,3,1,260100.7825,36.95,2007,29,17.28,24.72
202505,Active,897695,NA,NA,D,1,0,2815604.589,45.99,2003,15,5.62,673.13
202506,Active,884051,NA,NA,D,0,0,2022788.118,149.95,2006,12,54.98,112.5
202507,Active,2602216,NA,NA,S,2,1,71827.03,34.99,1996,59,8.43,26.97
202508,Active,2258913,NA,NA,S,5,1,662629.6575,144.71,2008,36,16.35,98.94
202509,Active,678244,NA,NA,S,2,1,16872.275,21.99,2011,32,11.57,15.06
202510,Active,3236365,NA,NA,S,0,0,17171.0525,48.97,2010,0,0,46.44
202511,Active,2041220,NA,NA,S,1,0,98711.66125,69.95,2009,14,49.07,36.98
202512,Active,752675,NA,NA,S,2,1,98015.405,54.5,2010,25,36.82,0
202513,Active,3621298,NA,NA,D,0,0,1212267.25,18.95,2004,19,18.21,122.45
202514,Active,753691,NA,NA,S,1,0,1109706.998,56.95,2011,20,32.97,36.98
202515,Active,119726,NA,NA,S,1,0,343619.4675,45.4,1995,24,20.86,29.95
202516,Active,915051,NA,NA,D,1,0,1763453.434,49.95,2002,26,4,14.95
202517,Active,1720423,NA,NA,S,6,1,45314.825,45,2006,20,26.99,24.38
202518,Active,751051,NA,NA,S,2,1,103411.575,65,2009,30,34.98,37.5
202519,Active,630687,NA,NA,S,5,1,471632.82,59,1991,36,6.86,63.2
202520,Active,60983,NA,NA,D,6,1,268830.2438,82.67,1996,38,8.99,30.61
202521,Active,539915,NA,NA,S,4,1,148953.325,64.95,2013,40,26.79,56.91
202522,Active,157533,NA,NA,D,1,0,514716.5213,49.95,2008,55,15.38,44.09
202523,Active,217198,NA,NA,D,2,1,1405121.36,45,2003,54,3.77,5
202524,Active,143186,NA,NA,D,2,1,732276.515,172,2008,42,4.29,10.24
202525,Active,54802,NA,NA,D,3,1,38060.68375,49.95,2011,84,8.99,28.96
202526,Active,54801,NA,NA,D,2,1,622105.1875,49.95,2007,74,4,26.29
202527,Active,872486,NA,NA,D,4,1,4034069.821,60.95,2004,28,4,10.86
202528,Active,123932,NA,NA,S,6,1,526447.1925,122.95,2004,46,4.33,36.88
202529,Active,909081,NA,NA,S,0,0,379866.2588,36.95,2011,56,18.49,26.34
202530,Active,2143788,NA,NA,S,0,0,439020.5938,7.35,2011,21,6.99,7.35
202531,Active,828874,NA,NA,D,4,1,2177317.446,49.95,1997,36,4,36.45
202532,Active,898858,NA,NA,S,0,0,211210.4,7.99,2009,17,8.44,8.89
202533,Active,1695209,NA,NA,S,0,0,11004.175,49.99,2014,22,35.1,31.29
202534,Active,612698,NA,NA,S,5,1,8821.6525,85.95,2013,58,26.39,55.24
202535,Active,246253,NA,NA,S,1,0,439809.3738,51.95,2005,31,18.71,41.98
202536,Active,50499,NA,NA,D,6,1,165718.1288,28.26,2008,143,4,22.94
202537,Active,911619,NA,NA,S,2,1,54255.05,37.95,2013,16,27.22,36.46
202538,Active,3022571,NA,NA,S,1,0,353551.8,44.95,1997,23,21.91,33.88
202539,Active,702031,NA,NA,S,2,1,102093.775,28,2010,42,9.17,13.92
202540,Active,147529,NA,NA,D,1,0,314968.315,71.95,2008,50,21.28,59.95
202541,Active,147608,NA,NA,D,3,1,120611.765,74.95,2009,54,48.89,58.99
202542,Active,147118,NA,NA,D,2,1,738948.1425,61.95,2005,44,5.14,9.98
202543,Active,1629870,NA,NA,S,2,1,1641319.174,42.95,2010,42,4.82,32.47
202544,Active,3039976,NA,NA,D,0,0,999858.8575,37.95,2004,30,6.48,22.19
202545,Active,1968739,NA,NA,S,2,1,522436.1263,40,2014,16,32.91,33.01
202546,Active,157732,NA,NA,S,3,1,160875.9613,68.95,2010,57,17.68,0
202547,Active,542799,NA,NA,D,2,1,857554.8863,112.3,2010,85,4,10.24
202548,Active,1657616,NA,NA,D,1,0,2394535.571,97.95,2009,21,4.45,53.25
202549,Active,649621,NA,NA,S,3,1,34341.81,115.45,2013,47,41.7,86.75
202550,Active,527806,NA,NA,D,2,1,55952.98625,61.25,2010,57,10.32,35.98
202551,Active,924210,NA,NA,D,0,0,573917.3163,6.65,2005,31,8.12,18.28
202552,Active,747782,NA,NA,S,2,1,11670.6275,125,2014,53,54.39,65.99
202553,Active,206321,NA,NA,D,2,1,511831.2388,68.95,2004,34,4.51,0
202554,Active,631693,NA,NA,S,4,1,268295.5775,83.95,2008,45,20.4,67.11
202555,Active,646435,NA,NA,S,0,0,156337.4563,38,2009,21,24.99,27.93
202556,Active,268714,NA,NA,S,0,0,669119.7038,33.95,2008,21,8.93,57.23
202557,Active,909499,NA,NA,S,0,0,2035639.841,85,2003,20,15.04,57.77
202558,Active,912506,NA,NA,D,2,1,972204.4775,105,1988,42,4,45.35
202559,Active,808102,NA,NA,S,0,0,33722.3375,49.99,2013,18,24.98,28.8
202560,Active,616235,NA,NA,S,8,1,662158.3063,287.95,1993,53,4,58.46
202561,Active,3557065,NA,NA,S,1,0,61279.1,59.95,2015,13,53.15,53.41
202562,Active,3800734,NA,NA,S,0,0,19970,50,2015,13,35.22,30.95
202563,Active,608974,NA,NA,D,6,1,8170047.481,63.95,2001,13,4.62,49.27
202564,Active,199892,NA,NA,D,7,1,1129997.729,96.95,2003,62,4,14.19
202565,Active,288002,NA,NA,S,0,0,295768.5563,44.95,1995,65,6.36,34.35
202566,Active,665745,NA,NA,S,2,1,1904561.098,58,2006,19,44.93,57.95
202567,Active,622127,NA,NA,S,1,0,194574.4688,60,1996,39,13.38,31.23
202568,Active,859962,NA,NA,S,7,1,593072.935,210,2009,28,29.99,96.11
202569,Active,286234,NA,NA,D,14,1,48744.32,221.4,2007,53,41.63,83.98
202570,Active,113797,NA,NA,S,13,1,263629.795,128,2001,41,16.53,68.67
202571,Active,907769,NA,NA,D,2,1,6548983.595,24.95,1990,15,4.04,23.94
202572,Active,907578,NA,NA,D,3,1,3332381.239,37.5,1999,29,4.62,46.01
202573,Active,169358,NA,NA,D,2,1,784891.6363,168.95,2006,29,4,46.03
202574,Active,527780,NA,NA,S,2,1,72550.73625,97.99,2013,98,37.59,46.28
202575,Active,203725,NA,NA,D,0,0,550279.05,69.95,2006,39,6,69.24
202576,Active,204062,NA,NA,D,1,0,658424.4213,83.99,2007,60,4,18.32
202577,Active,2722276,NA,NA,D,1,0,3685376.561,133,2004,14,9.94,105.73
202578,Active,2404681,NA,NA,S,1,0,500254.5575,86.95,1991,72,4,43.18
202579,Active,684032,NA,NA,S,2,1,320883.8163,29.99,2004,68,17.99,28.58
202580,Active,582288,NA,NA,D,2,1,2499892.333,65,2000,20,4,4.01
202581,Active,652438,NA,NA,S,2,1,215269.825,40,2013,23,20.75,28.94
202582,Active,1749459,NA,NA,S,3,1,434898.7388,74.86,2008,17,23.28,41.31
202583,Active,2038807,NA,NA,S,12,1,96385.8,37.95,2011,16,33.97,33.99
202584,Active,3131845,NA,NA,S,0,0,408027.0988,44.95,2001,28,16.98,39.35
202585,Active,628965,NA,NA,S,4,1,410276.3213,39.95,2000,40,5.43,0
202586,Active,909957,NA,NA,D,4,1,85450.95,75,2013,31,23.2,72.99
202587,Active,657927,NA,NA,D,4,1,173445.6338,111.8,2013,45,43.83,98.94
202588,Active,2665016,NA,NA,D,0,0,287285.7675,25,1999,137,4,22.94
202589,Active,1969972,NA,NA,S,3,1,43601.14125,60,2015,27,21.31,28.98
202590,Active,1588768,NA,NA,S,0,0,141926.84,39.99,2006,49,10.27,34.72
202591,Active,2896087,NA,NA,D,1,0,756466.4888,99.95,1986,44,5.69,27.93
202592,Active,618215,NA,NA,S,2,1,397795.1238,99.95,1979,50,5.48,0
202593,Active,533509,NA,NA,D,6,1,14585.07,127.95,2012,105,5.19,33.18
202594,Active,231588,NA,NA,D,1,0,543191.1275,87.95,2008,26,14.17,78.01
202595,Active,538217,NA,NA,S,1,0,41875.225,111,2012,22,43.36,84.99
202596,Active,719565,NA,NA,S,3,1,2576539.321,129.5,1999,18,20.49,196.48
202597,Active,1474659,NA,NA,S,2,1,2156899.758,185,2011,13,20.94,24.99
202598,Active,203894,NA,NA,D,1,0,776603.0075,95.99,2007,24,5.11,19.91
202599,Active,1833253,NA,NA,S,52,1,58120.75,39.99,2014,14,22.21,17.98
202600,Active,625201,NA,NA,D,0,0,336202.6975,37.5,2003,23,19.51,81.21
202601,Active,126683,NA,NA,S,1,0,345679.0363,74,2005,54,4,10.95
202602,Active,1436631,NA,NA,S,2,1,28334.275,21.95,2010,32,9.6,12.98
202603,Active,1627544,NA,NA,S,0,0,111700.0588,49.5,2011,15,22.44,29.83
202604,Active,1494959,NA,NA,S,5,1,243622.9638,45,2010,39,5.85,18.93
202605,Active,651868,NA,NA,S,2,1,174100,42,2009,21,37.29,43.16
202606,Active,612149,NA,NA,S,4,1,56828.0675,47.99,2013,52,21.06,24.36
202607,Active,57798,NA,NA,S,5,1,120491.0525,129,2010,115,7.95,16.95
202608,Active,757644,NA,NA,D,1,0,1273980.863,115,2003,19,4.42,11.81
202609,Active,446017,NA,NA,D,2,1,1240121.331,135,2007,46,4.64,23.69
202610,Active,861772,NA,NA,S,4,1,214697.375,40,2013,26,12.53,26.66
202611,Active,3804140,NA,NA,S,21,1,23833.6,49.95,2014,14,25.9,31.62
202612,Active,241480,NA,NA,S,5,1,288470.0763,20.95,2006,33,13.1,0
202613,Active,2527030,NA,NA,D,1,0,3354919.213,69.95,1973,26,10.55,69.27
202614,Active,1917433,NA,NA,S,0,0,188412.0425,35,2014,25,13.48,24.97
202615,Active,188296,NA,NA,S,0,0,451099.1875,50,1998,38,32.17,173.79
202616,Active,722453,NA,NA,S,0,0,254855.31,74,2006,55,4,8.46
202617,Active,286441,NA,NA,S,4,1,297206.2038,68.8,2009,23,14.33,46.44
202618,Active,149639,NA,NA,S,2,1,247838.7788,19.29,2004,13,26.22,41.99
202619,Active,128507,NA,NA,S,3,1,613604.2688,30,1996,172,4,0
202620,Active,642853,NA,NA,S,2,1,844417.9788,49.95,2011,33,4,34.1
202621,Active,153737,NA,NA,S,2,1,245582.6913,45,1999,50,7.48,41.23
202622,Active,870185,NA,NA,D,1,0,1461626.198,151,2000,23,4.81,69.95
202623,Active,247608,NA,NA,D,1,0,251678.665,131,2004,28,13.55,60.32
202624,Active,126920,NA,NA,D,4,1,164785.5863,45,2003,42,8.25,23.98
202625,Active,170183,NA,NA,D,4,1,108937.1625,128.95,2011,155,4.07,18.49
202626,Active,462043,NA,NA,D,3,1,1140229.736,135.95,2008,75,4,62.51
202627,Active,851783,NA,NA,D,0,0,829361.2938,52.99,2000,23,7.97,33.16
202628,Active,664209,NA,NA,S,1,0,252210.3488,53.95,2013,18,40.53,40.07
202629,Active,618689,NA,NA,D,1,0,68246.355,98.2,1989,62,23.92,57.36
202630,Active,922028,NA,NA,S,0,0,23094.11875,50,1985,66,8.48,29.3
202631,Active,569038,NA,NA,S,0,0,1119414.96,44.99,2006,24,10.39,41.95
202632,Active,2551018,NA,NA,D,1,0,3686808.8,46.95,2000,25,4,79.95
202633,Active,1562815,NA,NA,S,2,1,764634.1613,66.95,2006,21,38.99,44.83
202634,Active,359302,NA,NA,S,0,0,8807.05125,22.99,2003,281,4,11.87
202635,Active,126992,NA,NA,S,4,1,5053.9975,45,2010,92,15.89,31.98
202636,Active,126995,NA,NA,S,4,1,1197.6975,35,2010,180,14.1,22.66
202637,Active,209641,NA,NA,S,2,1,768074.2538,30,2010,39,4,12.55
202638,Active,616790,NA,NA,S,3,1,312529.7163,49.95,1993,46,4.82,18.49
202639,Active,2566173,NA,NA,S,6,1,587285.7638,64.95,1995,68,9.15,28.1
202640,Active,177828,NA,NA,D,6,1,367490.1138,217.95,2006,50,4.98,20.13
202641,Active,913392,NA,NA,D,0,0,1103333.035,98.95,2007,23,3.76,7.98
202642,Active,201747,NA,NA,D,2,1,1336702.299,34.95,2007,24,4,13.98
202643,Active,244328,NA,NA,S,3,1,403463.8863,19.95,2011,153,4,8.52
202644,Active,536247,NA,NA,S,2,1,302725.5563,39.95,2011,25,19.73,0
202645,Active,630099,NA,NA,S,2,1,602027.1238,52,2009,25,25.31,0
202646,Active,2609633,NA,NA,S,4,1,497244.0238,69,1999,44,4.05,49.33
202647,Active,364971,NA,NA,D,4,1,1126908.93,70,2008,19,8.17,69.68
202648,Active,204506,NA,NA,S,0,0,579578.4275,39.99,2001,31,5.36,44.93
202649,Active,630055,NA,NA,S,0,0,2139.025,39.99,2010,24,23.96,25.95
202650,Active,562852,NA,NA,S,9,1,33792.15,44.95,2012,23,14.64,18.54
202651,Active,127192,NA,NA,D,4,1,334536.7163,64.95,2007,62,4.96,54.48
202652,Active,126417,NA,NA,S,3,1,880509.7625,57.95,2003,92,4,19.48
202653,Active,554723,NA,NA,S,4,1,615797.43,187.95,2002,45,8.98,41.98
202654,Active,110775,NA,NA,D,7,1,249490.9913,47.74,2011,84,8.35,32.98
202655,Active,54899,NA,NA,D,6,1,223358.0013,68.91,2008,55,4.49,43.49
202656,Active,140451,NA,NA,S,0,0,7798.4,54.99,2009,62,14.99,15.27
202657,Active,482067,NA,NA,D,4,1,371936.8775,50,2010,122,3.84,22.44
202658,Active,919039,NA,NA,D,3,1,1517465.514,45,2006,41,4,15.94
202659,Active,633810,NA,NA,S,9,1,2647,34.95,2012,46,10.99,15.08
202660,Active,247537,NA,NA,D,1,0,952916.1013,68,2005,29,4.67,16.25
202661,Active,55460,NA,NA,D,3,1,476207.78,146.95,2010,105,4,24.98
202662,Active,55459,NA,NA,D,2,1,1370360.316,140.95,2007,84,3.98,7.39
202663,Active,60985,NA,NA,D,14,1,366894.3038,159.95,2003,42,6.26,33.98
202664,Active,141523,NA,NA,S,2,1,270304.9425,35,2007,134,4.08,17.51
202665,Active,732527,NA,NA,S,1,0,657279.1538,10.95,2002,18,15.98,675
202666,Active,629219,NA,NA,S,0,0,21182.03875,39.99,2012,27,19.24,27.03
202667,Active,224336,NA,NA,D,3,1,936725.1813,32.95,1999,44,4,0
202668,Active,57650,NA,NA,D,6,1,306802.6238,43.98,2007,41,15.96,36.97
202669,Active,57649,NA,NA,D,5,1,1029332.794,8.87,2001,42,4,9.99
202670,Active,1497661,NA,NA,S,3,1,56955.75,39.99,2015,17,21.88,23.56
202671,Active,637748,NA,NA,S,2,1,21642.92375,39.99,2012,20,21.44,25.23
202672,Active,1595624,NA,NA,S,2,1,128859.54,49.99,2014,19,24.88,28.38
202673,Active,145828,NA,NA,S,1,0,21408.4,55,2007,32,20.98,32.73
202674,Active,54264,NA,NA,S,3,1,60746.6675,34.99,2008,179,4,8.99
202675,Active,54263,NA,NA,S,2,1,340776.1638,29.99,2003,195,4,8.99
202676,Active,2246196,NA,NA,S,5,1,1056110.84,66,2011,18,48.71,53.9
202677,Active,1469370,NA,NA,D,1,0,4285335.976,130,2009,10,69.99,32.13
202678,Active,661144,NA,NA,S,3,1,106534.2825,42.95,2011,40,16.38,28.99
202679,Active,2563833,NA,NA,D,1,0,1982386.865,120,1997,28,8.64,83.01
202680,Active,527680,NA,NA,S,3,1,1975409.025,238,2001,24,21.29,68.99
202681,Active,642674,NA,NA,D,0,0,2469792.155,40,1989,28,4,25.88
202682,Active,3068142,NA,NA,D,2,1,2422811.923,32.95,1999,35,4,6.49
202683,Active,154150,NA,NA,D,0,0,288565.2038,68.75,1996,68,4,20.11
202684,Active,153973,NA,NA,D,7,1,66528.5475,123.28,2007,171,4.98,57.23
202685,Active,153956,NA,NA,S,7,1,95951.34,27.99,2007,35,18.94,0
202686,Active,563795,NA,NA,S,4,1,2676532.493,51.85,1995,36,4,15.73
202687,Active,153971,NA,NA,D,7,1,171170.9375,27.98,2007,131,4,23.97
202688,Active,53765,NA,NA,D,7,1,199699.7588,13.94,2007,252,4,13.26
202689,Active,153909,NA,NA,S,7,1,343009.8775,8.94,2007,260,4,13.19
202690,Active,154409,NA,NA,S,6,1,651098.3963,41.2,2002,218,4,6.92
202691,Active,154410,NA,NA,S,6,1,1181766.06,55.4,2002,199,4,8.98
202692,Active,154045,NA,NA,S,8,1,107434.6338,68.25,2011,189,6.69,15.08
202693,Active,54234,NA,NA,S,7,1,372409.5238,23.87,2007,21,17.38,19.98
202694,Active,153613,NA,NA,D,0,0,677047.1763,65,2005,24,29.19,80
202695,Active,154031,NA,NA,D,1,0,57478.49375,27.98,2009,75,7.17,21.98
202696,Active,663685,NA,NA,S,2,1,37947.57,84.75,2013,42,32.89,0
202697,Active,153933,NA,NA,D,8,1,388258.3375,9.74,2006,19,6.53,14.99
202698,Active,153931,NA,NA,D,8,1,37721.33125,148.9,2006,127,7.98,20.93
202699,Active,153930,NA,NA,D,8,1,387484.0175,271.94,2006,46,10.96,48.36
202700,Active,153935,NA,NA,D,8,1,420593.3213,20.98,2005,18,15.14,0
202701,Active,614618,NA,NA,S,9,1,18037.29625,71,2013,98,24.99,52.58
202702,Active,153348,NA,NA,S,7,1,808711.2575,73.85,2003,28,5.89,47.84
202703,Active,747919,NA,NA,S,7,1,861075.5,63.9,1999,35,4.62,58.99
202704,Active,154308,NA,NA,S,7,1,318825.85,66.75,1999,92,4,42.1
202705,Active,154307,NA,NA,S,7,1,384483.0738,73.85,1999,49,4.33,21.81
202706,Active,2511995,NA,NA,S,6,1,1335862.915,52.55,1993,63,4,10.74
202707,Active,2511996,NA,NA,S,6,1,601778.9613,51.15,1993,122,4,13.53
202708,Active,154309,NA,NA,D,7,1,1007191.915,63.9,1999,74,4.25,15.9
202709,Active,563820,NA,NA,D,7,1,1154125.17,62.5,1999,104,4,33.96
202710,Active,153893,NA,NA,D,8,1,170404.6825,17.35,2005,256,4,15.89
202711,Active,563614,NA,NA,S,9,1,18571.86125,57,2012,165,6.72,12.98
202712,Active,153896,NA,NA,S,8,1,139134.285,23.95,2005,203,4,0
202713,Active,153897,NA,NA,S,8,1,380698.1563,18.58,2005,248,4,14
202714,Active,153934,NA,NA,D,8,1,438187.2475,23.98,2005,68,5.56,21.97
202715,Active,620729,NA,NA,S,9,1,6231.8375,82,2012,77,33.99,60.87
202716,Active,153961,NA,NA,S,3,1,35729.8075,71,2007,100,11.23,32.97
202717,Active,154377,NA,NA,S,3,1,18476.4,75,2003,41,20.29,43.64
202718,Active,563743,NA,NA,S,2,1,113289.9225,62.5,1973,106,4.59,36.03
202719,Active,541264,NA,NA,D,4,1,1343854.586,59.65,1996,97,4,15.64
202720,Active,154315,NA,NA,S,6,1,220077.7525,48.75,2000,67,4,11.98
202721,Active,748075,NA,NA,S,6,1,129425.7625,62.5,2000,107,4.03,27.98
202722,Active,153868,NA,NA,D,7,1,33510.0975,83.79,2006,139,5.09,16.99
202723,Active,57657,NA,NA,S,2,1,7433.92875,103,2010,75,54.93,62.21
202724,Active,747895,NA,NA,S,9,1,10129.00625,93.25,2014,167,43.97,63.87
202725,Active,747894,NA,NA,S,9,1,24528.95875,93.25,2014,74,36.99,63.89
202726,Active,154019,NA,NA,D,2,1,142245.0463,21.99,2009,22,8.46,15.97
202727,Active,154368,NA,NA,S,2,1,1151157.549,54,2001,70,4,19.57
202728,Active,154371,NA,NA,S,2,1,385373.9975,63.9,2001,38,8.6,36.97
202729,Active,563764,NA,NA,S,6,1,1596957.281,54,1992,35,4,33.97
202730,Active,615352,NA,NA,D,3,1,14103.17,65.5,2013,112,8.6,18.83
202731,Active,54799,NA,NA,S,0,0,492479.5388,39.95,2005,151,3.79,5.12
202732,Active,613342,NA,NA,D,2,1,498062.4038,18.68,2009,169,4,11.98
202733,Active,154222,NA,NA,S,6,1,739724.9663,66,1995,34,6.04,48.16
202734,Active,153335,NA,NA,S,9,1,1139415.376,13.99,2007,40,4,12.21
202735,Active,289423,NA,NA,D,9,1,635194.8525,19.89,2005,157,4,13.94
202736,Active,563632,NA,NA,D,11,1,6911.08875,90.5,2012,181,5.18,28.99
202737,Active,289467,NA,NA,S,7,1,1514499.494,55.4,1998,77,4,24.99
202738,Active,624652,NA,NA,D,11,1,15236.8825,114,2013,80,23.65,77.53
202739,Active,2274607,NA,NA,S,11,1,290033.415,75.42,2012,29,8.1,69.96
202740,Active,154387,NA,NA,D,8,1,1684656.075,58.5,2002,57,4,11.48
202741,Active,334158,NA,NA,D,7,1,4253351.823,45.14,1998,38,4,27.99
202742,Active,154225,NA,NA,S,3,1,644546.5375,73.75,1999,44,7.94,19.99
202743,Active,641431,NA,NA,D,0,0,248166.5425,47.25,2010,15,20.65,23.94
202744,Active,563834,NA,NA,D,12,1,143860.47,59.65,2003,110,4,19.72
202745,Active,154291,NA,NA,S,10,1,659216.0213,41.75,2000,55,4,10.05
202746,Active,748055,NA,NA,S,10,1,784729.39,48.75,2000,102,4,21.14
202747,Active,615750,NA,NA,S,13,1,9133.04125,75,2011,113,13.94,48.48
202748,Active,3513227,NA,NA,S,14,1,41790.75,54,2015,86,44.74,48.99
202749,Active,639922,NA,NA,S,11,1,660478.84,67.25,2011,46,4,15.98
202750,Active,746965,NA,NA,S,8,1,329144.1875,63.9,1999,57,3.34,4.98
202751,Active,618375,NA,NA,S,8,1,5935.575,59.75,2013,108,22.97,28.93
202752,Active,608156,NA,NA,D,6,1,224668.615,13.9,2003,63,4,13.88
202753,Active,2512134,NA,NA,S,7,1,1299465.445,45.45,1995,31,4,15.3
202754,Active,624289,NA,NA,S,11,1,185491.4575,67.75,2011,29,13.49,0
202755,Active,748041,NA,NA,D,8,1,3695215.173,50,1999,33,3.88,46.6
202756,Active,623538,NA,NA,S,2,1,664864.2425,28.95,2008,53,4,27.97
202757,Active,54796,NA,NA,D,2,1,49271.19625,83.5,2008,66,11.31,63.15
202758,Active,630128,NA,NA,S,2,1,511515.66,45.83,2008,52,11.59,45.83
202759,Active,2508314,NA,NA,D,3,1,466554.9288,94.5,2015,5,85.07,89.05
202760,Active,3513363,NA,NA,S,3,1,77769.575,60,2015,33,33.72,45
202761,Active,617391,NA,NA,D,2,1,77880.25625,52.83,2008,66,5.44,36.3
202762,Active,719504,NA,NA,S,1,0,998836.2125,65,1999,82,4,9.97
202763,Active,628852,NA,NA,D,1,0,264158.9513,110,2006,24,6.91,74.77
202764,Active,1586806,NA,NA,S,0,0,807869.2425,49.99,2008,23,10.96,47.73
202765,Active,527629,NA,NA,S,6,1,88535.9125,16.95,2010,199,4,7.98
202766,Active,903159,NA,NA,D,0,0,3582971.723,8.9,2004,16,10.2,163.98
202767,Active,2612173,NA,NA,D,2,1,1439166.08,43.99,2001,33,4,30.98
202768,Active,173847,NA,NA,S,3,1,272181.5588,79.99,2004,46,19.07,54.99
202769,Active,185994,NA,NA,D,3,1,419652.3438,44.99,2008,40,5.23,23.19
202770,Active,2598234,NA,NA,D,2,1,5232614.269,52.99,1992,17,16.41,52.99
202771,Active,1593678,NA,NA,D,1,0,7342129.469,125,2008,16,28.99,107.77
202772,Active,527591,NA,NA,S,3,1,12884.93125,24.95,2010,60,7.42,14.68
202773,Active,625554,NA,NA,S,1,0,629515.805,55,1991,32,7.36,32.94
202774,Active,178611,NA,NA,D,5,1,277459.4113,127.95,2006,47,7.49,20.63
202775,Active,3100066,NA,NA,D,2,1,2637313.016,149.95,2005,12,12.58,43.26
202776,Active,1768038,NA,NA,S,0,0,22381.45,61.75,2014,16,40.49,40.71
202777,Active,162792,NA,NA,S,0,0,71889.63125,36.95,2009,438,4,9.98
202778,Active,1780851,NA,NA,S,3,1,228065.5338,19.95,2014,111,4,6.36
202779,Active,106732,NA,NA,D,3,1,360122.7088,36,2009,80,6.92,29.89
202780,Active,3743221,NA,NA,S,2,1,749859.15,57.67,2012,15,39.46,22.84
202781,Active,872128,NA,NA,S,0,0,286960.6388,16.95,2007,45,7.49,25.81
202782,Active,543471,NA,NA,S,0,0,3729.60375,21.99,2009,1067,4,0
202783,Active,914031,NA,NA,S,3,1,2438252.943,39.99,2008,27,4,15.41
202784,Active,873115,NA,NA,D,1,0,1477263.876,39.99,2009,20,4.06,13.76
202785,Active,891207,NA,NA,D,0,0,68744.58875,89.99,1996,24,49.99,56.05
202786,Active,109030,NA,NA,S,2,1,243351.6863,140.75,2007,71,37.85,92.72
202787,Active,873318,NA,NA,D,2,1,782657.4325,471.23,2010,34,11.49,402.99
202788,Active,664637,NA,NA,S,3,1,13591.89375,74.95,2013,69,41.21,54.71
202789,Active,127480,NA,NA,D,2,1,85590.42125,72.95,2010,36,9.18,675
202790,Active,202451,NA,NA,D,1,0,694882.9763,43.99,2002,45,4.35,42.24
202791,Active,126199,NA,NA,D,0,0,514599.7613,69.95,2005,40,5.58,28.99
202792,Active,655658,NA,NA,S,0,0,76419.6725,69.95,2010,18,46.45,48.13
202793,Active,655371,NA,NA,S,2,1,806150.7113,42,2012,28,7.05,18.89
202794,Active,305037,NA,NA,S,2,1,36133.95,21.99,2009,23,14.42,15.34
202795,Active,504153,NA,NA,S,0,0,239422.0988,19.95,2008,61,6.48,11.62
202796,Active,266517,NA,NA,S,0,0,1119633.851,16.95,2005,43,3.99,23.98
202797,Active,877440,NA,NA,S,8,1,6401.885,71.99,2015,33,30.98,37.14
202798,Active,57126,NA,NA,D,5,1,283552.2963,59.95,2006,68,7.5,23.99
202799,Active,797398,NA,NA,S,1,0,270486.5663,39.99,2012,22,15.91,24.51
202800,Active,908025,NA,NA,S,2,1,55796.71625,64,2015,29,33.69,46.81
202801,Active,183383,NA,NA,D,1,0,525177.8025,68.95,2006,57,4,7.95
202802,Active,2051811,NA,NA,S,1,0,54120.85,65,2014,10,51.28,39.19
202803,Active,615929,NA,NA,S,5,1,302827.9175,41.95,1971,55,8.93,16.44
202804,Active,288796,NA,NA,D,8,1,727021.3713,99.95,2006,29,25.9,90.65
202805,Active,830616,NA,NA,D,6,1,2212559.808,63,1994,21,4.58,70.37
202806,Active,2258250,NA,NA,S,2,1,2868702.659,112,2011,19,36.07,102.41
202807,Active,639481,NA,NA,S,0,0,393933.5588,35.95,2001,44,24.95,32.04
202808,Active,761015,NA,NA,D,1,0,1635161.894,85,2004,31,4.84,20.79
202809,Active,650034,NA,NA,S,2,1,542632.7075,85,2010,23,30.63,43.98
202810,Active,628878,NA,NA,S,2,1,283452.6538,50,2005,36,17.99,25.48
202811,Active,592560,NA,NA,S,3,1,406686.1638,40,2005,30,21.18,0
202812,Active,53730,NA,NA,D,8,1,93340.435,13.98,2010,98,10.26,28.99
202813,Active,655248,NA,NA,S,2,1,57503.9,45,2013,10,37.07,31.56
202814,Active,300148,NA,NA,S,3,1,26739.15625,55,2008,55,23.99,43.99
202815,Active,873522,NA,NA,D,0,0,5862039.26,40,1999,21,4,11.5
202816,Active,527473,NA,NA,S,2,1,95053.575,25,2012,23,6.92,7.46
202817,Active,164158,NA,NA,S,3,1,1656919.996,99.95,2000,22,6.31,47.91
202818,Active,3524356,NA,NA,D,2,1,3733054.3,79.95,1994,26,4,15.99
202819,Active,286762,NA,NA,D,5,1,544119.6588,273.95,2004,58,5.96,61.27
202820,Active,659045,NA,NA,S,2,1,1718342.851,41.95,2009,61,7.31,35.74
202821,Active,568654,NA,NA,S,0,0,225128.1988,64.99,1992,31,13.18,35.99
202822,Active,618356,NA,NA,S,1,0,435369.4463,78,1993,53,9.75,41.87
202823,Active,3482076,NA,NA,D,0,0,1703492.5,66,1983,28,6.7,12.93
202824,Active,660421,NA,NA,S,2,1,627131.0288,55,2007,21,26.98,0
202825,Active,181307,NA,NA,S,2,1,640613.445,81.8,2000,50,4,7.99
202826,Active,195116,NA,NA,S,2,1,25920.945,29,2006,100,4,13.99
202827,Active,2405151,NA,NA,S,0,0,911732.82,70,1988,21,14.54,40.02
202828,Active,2614031,NA,NA,D,1,0,1899795.253,155,2003,23,30.83,107.75
202829,Active,192162,NA,NA,S,0,0,6350.675,49.99,2008,32,26.68,29.56
202830,Active,192746,NA,NA,D,1,0,685813.43,59.95,1999,35,9.76,63.27
202831,Active,2006131,NA,NA,D,2,1,480405.2875,48.95,2006,50,4.96,38.37
202832,Active,1478089,NA,NA,D,1,0,345750.3713,35,2011,25,18.44,26.25
202833,Active,60986,NA,NA,D,8,1,1101968.876,84.4,2008,47,4,18.48
202834,Active,134937,NA,NA,S,2,1,411304.1238,35,2009,39,12.89,27.51
202835,Active,185141,NA,NA,S,6,1,431520.4525,46.95,1996,39,4,44.32
202836,Active,902062,NA,NA,S,0,0,10259.68625,40,2015,20,23.04,24.71
202837,Active,900404,NA,NA,S,4,1,27035.1,34.99,2014,23,17.59,21.59
202838,Active,126641,NA,NA,D,1,0,665063.595,40,2004,58,4.12,20.26
202839,Active,124507,NA,NA,S,1,0,113524.0188,45,1999,47,8.46,23.5
202840,Active,125691,NA,NA,S,1,0,487650.52,35,1997,32,4.39,28.05
202841,Active,555243,NA,NA,S,0,0,318128.5275,65,1997,84,4,0
202842,Active,921573,NA,NA,S,2,1,874640.8513,79.99,1989,85,4,20.99
202843,Active,124687,NA,NA,D,2,1,382493.9238,65,2006,60,4.71,28.99
202844,Active,917600,NA,NA,S,2,1,468562.4088,75,2002,46,6.3,32.56
202845,Active,2415933,NA,NA,S,1,0,714114.925,65,2001,71,4.98,28.74
202846,Active,128500,NA,NA,S,1,0,744786.4763,75,2002,70,4.33,29.84
202847,Active,128932,NA,NA,S,2,1,121013.9625,65,2005,49,16.34,25.14
202848,Active,3482958,NA,NA,S,2,1,197617.45,65,2016,12,34.21,39.78
202849,Active,1470876,NA,NA,S,1,0,153377.5,65,2015,20,25.05,38.87
202850,Active,913256,NA,NA,S,2,1,623634.6375,100,2004,35,10.47,57.44
202851,Active,126456,NA,NA,S,1,0,331057.8825,65,2005,58,5.86,13.99
202852,Active,1477152,NA,NA,S,2,1,2016426.478,60,2013,15,36.53,44
202853,Active,124504,NA,NA,S,1,0,314727.9163,75,1997,93,4,12.42
202854,Active,287128,NA,NA,S,2,1,360518.7175,35,2009,57,4,13.97
202855,Active,128771,NA,NA,D,1,0,1328407.02,170,2010,25,22.1,58.36
202856,Active,126848,NA,NA,D,0,0,2316359.556,55,2005,13,10.26,73.89
202857,Active,628084,NA,NA,D,0,0,2102193.843,65,2012,19,38.97,71.77
202858,Active,902856,NA,NA,D,0,0,2495946.44,190,2010,17,34.49,93.2
202859,Active,912191,NA,NA,D,3,1,3817332.57,70,2002,37,4.58,69.77
202860,Active,901128,NA,NA,S,1,0,2013048.798,185,2009,19,33.97,74.95
202861,Active,126106,NA,NA,D,0,0,3131401.361,80,2001,20,33.99,79.87
202862,Active,721716,NA,NA,D,0,0,1331524.36,50,2005,22,15.28,53.99
202863,Active,724445,NA,NA,D,1,0,631910.9,170,2012,22,8.99,18.61
202864,Active,1476011,NA,NA,S,0,0,818532.0575,61,2012,20,44.77,44.99
202865,Active,657891,NA,NA,S,2,1,47601.775,58,2013,13,45.77,48.67
202866,Active,287246,NA,NA,S,1,0,587615.95,70,2007,28,34.69,61.08
202867,Active,556345,NA,NA,S,1,0,515720.4988,55,2008,22,27.66,45.81
202868,Active,1473576,NA,NA,S,1,0,222563.5188,55,2009,19,39.01,43.06
202869,Active,1468243,NA,NA,D,1,0,2259021.594,165,2011,15,37.31,72.73
202870,Active,1474589,NA,NA,S,0,0,534827.2788,55,2011,23,37.22,37.94
202871,Active,900584,NA,NA,S,1,0,410663.5238,50,2014,20,44.13,36.46
202872,Active,923304,NA,NA,S,0,0,461258.545,60,1990,166,4,16.96
202873,Active,920319,NA,NA,S,1,0,569287.105,65,1997,50,4.39,16.49
202874,Active,923357,NA,NA,S,1,0,578617.3975,49.95,1988,160,4.04,23.99
202875,Active,913137,NA,NA,S,2,1,275028.895,45,2014,52,12.98,31.14
202876,Active,286822,NA,NA,S,1,0,450041.1475,55,1995,38,4.55,50.21
202877,Active,622168,NA,NA,D,3,1,1458515.109,35,1988,43,4,10.76
202878,Active,1466117,NA,NA,S,3,1,978839.4213,60,2008,34,4.97,53.57
202879,Active,722461,NA,NA,S,0,0,352291.0575,74,2005,33,5.97,33.92
202880,Active,527402,NA,NA,S,2,1,7601.52125,27.44,2008,45,17.9,17.9
202881,Active,2401483,NA,NA,D,0,0,1724892.784,155,2000,12,24.15,35.15
202882,Active,2415906,NA,NA,S,0,0,1384003.239,55,1994,25,6.86,55.94
202883,Active,128943,NA,NA,S,2,1,21417.17,40,2005,44,16.2,24.84
202884,Active,1477182,NA,NA,S,1,0,53625.3625,49.95,2013,19,32.46,34.29
202885,Active,2410257,NA,NA,S,1,0,252240.7025,45,1992,40,18.49,675
202886,Active,2165919,NA,NA,S,1,0,1049.2,39.95,2014,42,21.57,22.57
202887,Active,2780056,NA,NA,D,0,0,1768354.594,85,1977,23,8.14,74.18
202888,Active,3481022,NA,NA,D,2,1,1741688.25,59.95,2003,46,4,30.07
202889,Active,127529,NA,NA,D,3,1,372812.0613,57.95,2009,38,4,13.99
202890,Active,613783,NA,NA,D,2,1,1710022.623,145.33,2007,36,4.18,11.05
202891,Active,539372,NA,NA,D,4,1,68741.415,188,2013,30,45.76,90.06
202892,Active,870237,NA,NA,D,1,0,298171.0038,188.25,2008,48,6.01,37.98
202893,Active,652890,NA,NA,D,1,0,644989.9738,51.15,2008,23,4.96,38.99
202894,Active,616695,NA,NA,D,2,1,2551788.596,84.95,2007,19,4.16,4.36
202895,Active,2745385,NA,NA,D,1,0,3060297.115,100.95,2001,25,4,21.76
202896,Active,248014,NA,NA,S,3,1,651489.9913,39.95,2008,24,25.7,30.78
202897,Active,743831,NA,NA,S,3,1,1586153.9,74.95,2008,21,17.72,47.88
202898,Active,635677,NA,NA,S,5,1,94849.425,39,2012,22,16.85,27.26
202899,Active,580722,NA,NA,S,4,1,347602.7088,44,2002,28,5.14,42.34
202900,Active,2593051,NA,NA,S,0,0,451169.2725,45,1999,49,5.42,95.15
202901,Active,2590287,NA,NA,S,0,0,982073.2725,54.95,1986,23,9.1,95.85
202902,Active,572748,NA,NA,S,2,1,534993.2763,156.95,1992,53,4.63,64.95
202903,Active,527343,NA,NA,S,2,1,25536.83125,61,2012,39,32.28,33.99
202904,Active,105890,NA,NA,D,1,0,980088.5413,58,2004,66,3.99,5.99
202905,Active,2270306,NA,NA,S,2,1,1743977.929,57.59,2012,34,40.8,59.79
202906,Active,165920,NA,NA,D,2,1,569971.1438,130,2004,44,5.88,12.72
202907,Active,1551185,NA,NA,S,1,0,56862.675,54.95,2013,14,50.93,44.11
202908,Active,898485,NA,NA,S,3,1,5490894.574,72.95,2002,34,4.68,14.99
202909,Active,122942,NA,NA,D,4,1,83345.44875,21,2000,95,4,0
202910,Active,1460108,NA,NA,D,8,1,733235.7388,30,2006,24,33.03,384.54
202911,Active,123067,NA,NA,D,7,1,443792.6138,26,2004,32,8.86,73.36
202912,Active,2124891,NA,NA,S,6,1,82867.99875,25,2014,33,15.19,14.12
202913,Active,129933,NA,NA,D,1,0,2451511.948,74.99,2001,34,4,8.48
202914,Active,555849,NA,NA,D,3,1,646126.3188,55,2011,23,4,41.6
202915,Active,555848,NA,NA,D,3,1,3076665.801,89.95,2008,29,4,15.97
202916,Active,156830,NA,NA,D,0,0,2520996.271,54.95,2000,21,21.99,104.12
202917,Active,539181,NA,NA,S,3,1,1223893.435,59.95,2008,39,4,36.99
202918,Active,620852,NA,NA,S,2,1,305954.3625,76,2006,38,6.73,0
202919,Active,621198,NA,NA,S,5,1,652920.895,77.99,2007,24,27.04,0
202920,Active,449369,NA,NA,D,4,1,650039.8663,114.89,2005,26,11.71,67.03
202921,Active,54595,NA,NA,S,3,1,2360885.973,85.2,2004,49,4,7.99
202922,Active,649244,NA,NA,S,1,0,830453.0063,66,2004,18,19.98,44.51
202923,Active,205767,NA,NA,D,1,0,1692508.93,40,2001,30,4,9.99
202924,Active,54029,NA,NA,D,11,1,182938.2688,170,2005,78,9.97,69.02
202925,Active,619787,NA,NA,D,2,1,181682.4363,201.95,2010,47,5.98,53.99
202926,Active,2537405,NA,NA,S,1,0,502688.6613,49.95,2002,29,31.68,41.96
202927,Active,2270459,NA,NA,D,3,1,4788810.693,61.92,2010,44,11.29,52.88
202928,Active,57401,NA,NA,D,2,1,897897.4513,122.4,2008,79,4,13.48
202929,Active,115708,NA,NA,D,3,1,1231833.436,58,2000,26,5.13,46.94
202930,Active,285407,NA,NA,D,4,1,413775.4938,23.93,2008,64,4.97,19.99
202931,Active,569104,NA,NA,S,3,1,275307.415,44.99,2007,53,9.59,36.99
202932,Active,126144,NA,NA,S,4,1,378397.2813,56.95,2000,41,4,43.85
202933,Active,125671,NA,NA,S,3,1,3240703.466,49.95,1996,42,4,36.09
202934,Active,639924,NA,NA,S,0,0,223879.3513,38.95,2011,35,21.31,29.78
202935,Active,908232,NA,NA,S,3,1,809581.94,41,2013,23,12.24,32.99
202936,Active,2605507,NA,NA,D,0,0,2541852.94,24.99,1996,25,9.28,52.49
202937,Active,2419163,NA,NA,D,0,0,4689617.156,60,2003,15,28.99,120.67
202938,Active,896844,NA,NA,D,1,0,1346346.971,49.95,2008,31,4.98,50.51
202939,Active,1456186,NA,NA,S,1,0,6590.7,39.99,2015,10,27.99,23.65
202940,Active,1630880,NA,NA,S,2,1,113702.575,59.95,2014,15,36.63,39.83
202941,Active,622651,NA,NA,S,8,1,574213.8113,59.99,2010,31,8.5,56.02
202942,Active,1455888,NA,NA,S,1,0,72359.85,49.99,2015,21,28.21,31.48
202943,Active,2613208,NA,NA,D,1,0,2415646.799,98.99,2003,17,13.08,70.75
202944,Active,1590042,NA,NA,S,2,1,432415.0525,69.99,2009,28,47.58,58.99
202945,Active,557174,NA,NA,S,10,1,1207272.5,71.4,2001,36,4.52,16.58
202946,Active,538515,NA,NA,D,15,1,22197.695,270.5,2013,94,5.48,20
202947,Active,51998,NA,NA,S,11,1,937874.0088,38.73,2005,49,4,23.99
202948,Active,52000,NA,NA,D,14,1,157079.6075,231.75,2011,81,8.73,49.27
202949,Active,629645,NA,NA,S,2,1,1507441.423,82.95,2004,25,22.72,48.99
202950,Active,3467798,NA,NA,D,1,0,2546403.7,82.95,1999,19,6.98,58.13
202951,Active,257626,NA,NA,D,3,1,1876292.694,88,2006,12,53.74,63.99
202952,Active,627536,NA,NA,D,2,1,955455.61,69.99,2008,19,20.53,0
202953,Active,60736,NA,NA,D,5,1,558858.2438,43.97,2006,69,4.17,39.95
202954,Active,543010,NA,NA,D,4,1,186165.2638,231.99,2009,30,73.94,123.94
202955,Active,203430,NA,NA,D,3,1,641535.31,169,2003,37,14.25,63.98
202956,Active,607361,NA,NA,D,2,1,443826.22,96,1994,28,5.79,68.55
202957,Active,2578230,NA,NA,D,3,1,2584506.645,68.44,1983,26,5.78,58.57
202958,Active,577343,NA,NA,D,3,1,1331987.896,149,2002,23,5.2,23.99
202959,Active,127032,NA,NA,D,3,1,207280.935,120,2006,43,13.01,43.73
202960,Active,174111,NA,NA,S,4,1,859028.175,99.99,1998,30,10.77,35.98
202961,Active,901316,NA,NA,S,2,1,1172697.493,79.95,1997,17,23.93,132.78
202962,Active,608197,NA,NA,S,2,1,605504.9938,79.95,1974,30,8.55,41.98
202963,Active,2575876,NA,NA,D,1,0,10562056.6,33.75,1985,19,4.96,19.99
202964,Active,1952226,NA,NA,S,4,1,1473908.371,59.95,2012,21,44.65,37.9
202965,Active,153913,NA,NA,S,2,1,37853.16875,22,2006,51,9.13,0
202966,Active,3022029,NA,NA,D,2,1,850968.2563,34.95,1998,27,5.5,30.79
202967,Active,781195,NA,NA,S,0,0,564529.055,59.95,2007,22,45.13,50.25
202968,Active,2649960,NA,NA,D,2,1,1352103.208,359.95,2002,10,27.98,110.11
202969,Active,2703745,NA,NA,D,1,0,1194077.174,50.25,2005,13,23.98,66.99
202970,Active,1657369,NA,NA,D,2,1,407040.9088,58.38,2007,17,17.37,54.24
202971,Active,903950,NA,NA,S,7,1,271576.5513,105,2014,25,39.29,66.42
202972,Active,576017,NA,NA,S,4,1,403778.37,96.5,2010,51,4,22.99
202973,Active,2598525,NA,NA,D,2,1,1658793.326,100.99,1997,28,4,20.94
202974,Active,2024082,NA,NA,S,0,0,6930.625,39.95,2015,24,20.99,23.35
202975,Active,623188,NA,NA,S,2,1,529787.125,95,2000,34,12.66,46.89
202976,Active,527160,NA,NA,S,4,1,396939.8563,99.95,2009,75,4.12,13.87
202977,Active,874090,NA,NA,D,0,0,1693883.185,74.95,2004,34,4,49.01
202978,Active,242843,NA,NA,D,3,1,1148692.766,79.95,2005,51,4,15.29
202979,Active,911832,NA,NA,D,1,0,1137713.548,32.95,2007,37,4.69,13.93
202980,Active,628642,NA,NA,S,2,1,184629.2413,40.95,2011,93,22.02,23.99
202981,Active,651667,NA,NA,S,2,1,177028.71,69.99,2010,19,46.29,0
202982,Active,254171,NA,NA,S,4,1,267724.645,43.95,2009,93,4,14.69
202983,Active,649442,NA,NA,S,6,1,50764.52375,40.95,2014,86,5.03,20.99
202984,Active,863360,NA,NA,S,2,1,709361.0038,50,2006,35,10.5,31.61
202985,Active,622917,NA,NA,S,1,0,62393.43375,50,1969,61,9.98,28.25
202986,Active,108702,NA,NA,D,5,1,2727163.414,111.25,2004,22,4,85.3
202987,Active,3590359,NA,NA,D,2,1,1815466.05,41,2001,25,4,42.49
202988,Active,648576,NA,NA,S,2,1,317731.5813,69,2009,19,27.23,34.6
202989,Active,600447,NA,NA,S,1,0,73148.55,53,2009,18,39.64,39.72
202990,Active,174352,NA,NA,S,0,0,325998.5475,44.99,2006,28,34.74,32.97
202991,Active,266112,NA,NA,S,4,1,638050.3938,26.5,2010,39,4.98,0
202992,Active,597282,NA,NA,S,3,1,437523.9525,104,2006,35,4.97,6.59
202993,Active,199254,NA,NA,S,2,1,327516.7038,73,2003,88,38.99,47.14
202994,Active,154018,NA,NA,D,6,1,102964.7513,19.98,2010,69,4.69,16.98
202995,Active,2257212,NA,NA,D,6,1,1267315.704,88.94,2009,36,8.63,76.56
202996,Active,270647,NA,NA,D,6,1,392839.1588,58,2009,56,4.01,36.69
202997,Active,579261,NA,NA,S,1,0,1311132.725,35,2008,20,5.87,48.27
202998,Active,271036,NA,NA,D,5,1,118976.6988,115,2011,91,10.43,23.99
202999,Active,260115,NA,NA,D,3,1,916943.0675,74.95,2005,38,4,9.99
203000,Active,1573926,NA,NA,S,2,1,629103.1275,171.95,2006,47,9.54,43.48
203001,Active,169973,NA,NA,D,5,1,575567.77,202.95,2010,30,34.74,41.99
203002,Active,169179,NA,NA,D,4,1,716552.79,213.95,2006,61,4.28,30.89
203003,Active,647232,NA,NA,S,1,0,12166.525,47.5,2011,17,37.2,39.21
203004,Active,126004,NA,NA,D,0,0,830207.5288,29.95,2004,55,4,10
203005,Active,127397,NA,NA,D,2,1,141522.37,42.95,2008,101,4,12.99
203006,Active,721870,NA,NA,S,0,0,1305221.024,74,2005,55,4,6.97
203007,Active,3802655,NA,NA,D,0,0,2677451.15,94.95,2014,26,4.48,44.79
203008,Active,162855,NA,NA,S,5,1,108344.0888,34.95,2010,27,18.42,0
203009,Active,164668,NA,NA,S,3,1,247111.7325,34.95,2004,51,4,15.21
203010,Active,163671,NA,NA,S,3,1,1792636.63,37.95,2001,58,4,7.4
203011,Active,164222,NA,NA,S,2,1,902041.0675,80,2000,49,4,14.99
203012,Active,559522,NA,NA,D,0,0,532279.34,109,2003,43,4,13.99
203013,Active,920098,NA,NA,D,1,0,2396570.44,40.95,2001,48,4,12.92
203014,Active,1739190,NA,NA,S,2,1,586763.2813,184.36,2006,15,13.99,48.69
203015,Active,3795212,NA,NA,D,4,1,2172961.1,9.95,2004,106,4,5.98
203016,Active,154203,NA,NA,S,2,1,238000.425,23.5,1995,106,5.22,14.99
203017,Active,157259,NA,NA,S,2,1,395822.3913,49.95,2006,32,14.84,42.82
203018,Active,1436221,NA,NA,S,2,1,202962.3938,21.95,2009,56,6.37,13.49
203019,Active,178126,NA,NA,D,2,1,155073.84,156.95,2008,54,8.87,34.94
203020,Active,2271251,NA,NA,S,4,1,164991.64,93.96,2012,46,28.83,85.15
203021,Active,56367,NA,NA,D,3,1,81392.20625,82.95,2009,72,4.99,50.99
203022,Active,2271222,NA,NA,S,3,1,1152042.215,48.4,2009,30,7.87,71.28
203023,Active,205530,NA,NA,D,1,0,454428.62,42.95,1996,34,4,18.97
203024,Active,162872,NA,NA,S,2,1,211596.895,53,2010,39,35.39,34.93
203025,Active,245094,NA,NA,S,1,0,38108.725,54.95,2003,35,26.61,33.24
203026,Active,3643639,NA,NA,D,0,0,560292.45,49.95,2015,41,43.28,39.49
203027,Active,60988,NA,NA,D,3,1,224290.5838,43.95,2004,46,5.87,44.48
203028,Active,110432,NA,NA,D,4,1,102135.8775,48.99,2008,64,12.3,55.14
203029,Active,1745831,NA,NA,S,2,1,209686.7613,14,2009,52,7.71,11.26
203030,Active,665416,NA,NA,S,1,0,20370.4,69.95,2012,17,48.24,43.21
203031,Active,663257,NA,NA,S,4,1,764.21875,64.99,2014,59,31.52,45.88
203032,Active,2270725,NA,NA,S,3,1,1798910.306,50.4,2008,41,11.48,35.17
203033,Active,867329,NA,NA,S,0,0,1161,64.99,2016,56,33.95,44.12
203034,Active,3622451,NA,NA,D,1,0,594968.35,59.99,2008,28,9.65,72.37
203035,Active,868496,NA,NA,S,0,0,3083.84375,64.99,2014,49,38.97,45.03
203036,Active,872537,NA,NA,D,2,1,390997.3975,112.95,2006,54,4,12.48
203037,Active,135613,NA,NA,D,3,1,831183.5438,46.95,2007,33,5.37,49.98
203038,Active,225810,NA,NA,D,1,0,1169813.008,132.95,2003,27,4.78,29.46
203039,Active,635127,NA,NA,S,1,0,111179.15,70,2009,21,33.43,38.98
203040,Active,123967,NA,NA,D,2,1,155425.3625,131.95,2001,78,4,16.48
203041,Active,627905,NA,NA,S,3,1,196965.515,112.5,2012,65,13.5,44.99
203042,Active,110376,NA,NA,D,5,1,146116.3863,14.99,2010,97,4.58,23.96
203043,Active,55553,NA,NA,D,5,1,168816.715,42.78,2010,97,4,22.42
203044,Active,2426598,NA,NA,S,3,1,802323.405,42.95,1996,73,3.99,19.74
203045,Active,2404169,NA,NA,S,1,0,421099.3625,65.95,1987,60,3,46.01
203046,Active,248444,NA,NA,D,7,1,306802.6463,124.95,2007,37,4.98,59.24
203047,Active,653818,NA,NA,S,4,1,1043744.975,129.95,2007,26,33.94,115.5
203048,Active,1517368,NA,NA,S,1,0,70105.2,54.99,2014,14,33.99,33.98
203049,Active,120833,NA,NA,D,1,0,658435.8438,102,2010,29,5.48,63.86
203050,Active,141776,NA,NA,D,1,0,191221.1925,16.94,2007,60,5.71,19.99
203051,Active,564791,NA,NA,S,2,1,377525.3,50.95,2010,33,23.04,40.83
203052,Active,230618,NA,NA,D,0,0,347476.8913,49.95,1996,34,4.93,33.99
203053,Active,337059,NA,NA,S,2,1,18623.81625,43.95,2004,127,28.4,37.95
203054,Active,181291,NA,NA,D,3,1,520130.6663,59.13,2001,69,4.89,35.99
203055,Active,764726,NA,NA,D,3,1,2700173.291,90.95,2003,28,4,10.62
203056,Active,177660,NA,NA,D,3,1,259219.2075,254.95,2005,90,4.62,15.99
203057,Active,1491989,NA,NA,D,2,1,5375004.318,57.33,2006,16,4.47,94.11
203058,Active,193377,NA,NA,D,0,0,833534.7525,80,2008,18,16.61,10.77
203059,Active,904575,NA,NA,D,2,1,3566714.81,260,2003,20,8.1,84.05
203060,Active,2045200,NA,NA,S,1,0,24820.75,49.95,2013,20,30.76,30.76
203061,Active,146948,NA,NA,D,9,1,1461456.955,39.95,2001,36,4,11.92
203062,Active,51865,NA,NA,S,9,1,1106372.918,129.8,2003,60,4,5.38
203063,Active,539457,NA,NA,D,12,1,10262.4175,192,2013,76,32.11,116.25
203064,Active,199218,NA,NA,D,1,0,583907.53,63.95,2005,25,4.65,17.99
203065,Active,527040,NA,NA,D,2,1,87043.3075,92,2010,41,19.87,65.88
203066,Active,545862,NA,NA,D,5,1,28532.235,136,2013,68,16.15,72.33
203067,Active,247573,NA,NA,D,0,0,1913155.06,87.95,2005,46,4,45.57
203068,Active,545809,NA,NA,D,3,1,29982.98125,145,2012,81,12.16,83.83
203069,Active,248040,NA,NA,S,2,1,511232.7988,104.95,2008,21,14.4,49.21
203070,Active,52061,NA,NA,S,10,1,585166.7675,149.95,2003,137,4,13.66
203071,Active,569744,NA,NA,S,9,1,308485.235,95.95,2003,89,4,8.64
203072,Active,52059,NA,NA,D,11,1,127943.7025,170.95,2006,119,4,13.99
203073,Active,169904,NA,NA,D,9,1,1010431.803,108.95,2009,28,27.01,152.19
203074,Active,878103,NA,NA,S,3,1,321154.285,74.77,2011,21,38.98,95.38
203075,Active,252618,NA,NA,D,1,0,404180.8063,19.18,2008,72,4,12.82
203076,Active,644009,NA,NA,D,0,0,348391.3225,119,2008,27,73.94,88.06
203077,Active,918797,NA,NA,D,2,1,440921.0738,83.8,2006,48,4.83,23.94
203078,Active,652553,NA,NA,S,1,0,98360.5675,75.95,2012,35,24.65,35.99
203079,Active,1655784,NA,NA,S,0,0,17555.725,40,2011,29,15.8,25.93
203080,Active,117276,NA,NA,S,2,1,769254.2838,44.2,2005,48,7.26,24.99
203081,Active,56193,NA,NA,D,9,1,293993.5588,110.6,2010,58,4,22.49
203082,Active,56191,NA,NA,S,7,1,1798552.823,84.8,2005,105,4,4.96
203083,Active,3545642,NA,NA,D,3,1,1382118.65,49.95,2007,48,16.12,49.94
203084,Active,826760,NA,NA,S,0,0,173076.0938,42.99,1999,44,17.49,34.29
203085,Active,638817,NA,NA,S,4,1,195237.855,44.99,2011,20,15.83,22.43
203086,Active,141604,NA,NA,S,4,1,909484.6638,23.98,2003,84,4,25.49
203087,Active,141884,NA,NA,S,5,1,20449.9975,157.99,2008,109,4.76,24.44
203088,Active,1730497,NA,NA,S,4,1,2136200.308,89,2007,20,4.54,45.68
203089,Active,229185,NA,NA,D,9,1,153770.7975,76,2009,63,4.97,11.98
203090,Active,664743,NA,NA,S,10,1,35248.71125,75,2013,58,44.99,54.54
203091,Active,651945,NA,NA,S,2,1,787698.8038,59.95,2008,32,24.98,33.99
203092,Active,1680092,NA,NA,S,2,1,650787.8825,59,2013,14,27.96,60
203093,Active,555457,NA,NA,S,0,0,506517.625,44.99,2001,27,18.55,27.33
203094,Active,1627705,NA,NA,S,0,0,104428.125,65,2013,6,39.94,45.17
203095,Active,655341,NA,NA,S,4,1,289438.55,55,2012,24,28.43,0
203096,Active,1696955,NA,NA,S,0,0,48570.72875,99.99,2014,62,27.99,52.31
203097,Active,918623,NA,NA,S,4,1,2188477.773,97,2000,35,4,5.27
203098,Active,199377,NA,NA,S,2,1,1178556.08,35.95,2002,46,4,6.96
203099,Active,637275,NA,NA,D,2,1,561105.0313,44.95,2006,36,4,23.6
203100,Active,903460,NA,NA,D,1,0,5267273.674,91,1994,23,4.21,66.68
203101,Active,765782,NA,NA,D,1,0,141903.6813,238.95,2005,35,21.89,38.94
203102,Active,108770,NA,NA,S,2,1,1761959.124,160.5,2004,58,4,11.69
203103,Active,61214,NA,NA,D,5,1,851585.22,185.95,2005,45,4,41.62
203104,Active,291599,NA,NA,S,5,1,751297.8338,167.95,2002,62,4,72.94
203105,Active,622913,NA,NA,S,4,1,120744.1613,80,1982,52,14.83,48.95
203106,Active,759262,NA,NA,S,2,1,2463570.593,130,2000,21,33.33,44.22
203107,Active,3219048,NA,NA,D,12,1,550785.85,123.38,1973,27,13.73,82.65
203108,Active,1729979,NA,NA,D,1,0,1005486.906,85,2006,19,9.24,18.29
203109,Active,624107,NA,NA,D,2,1,1944049.525,59.95,2001,27,7.69,39.72
203110,Active,595045,NA,NA,S,8,1,80028.1425,101,2012,50,10.12,38.65
203111,Active,193612,NA,NA,D,7,1,181238.9375,75,2008,121,4,11.99
203112,Active,293187,NA,NA,D,6,1,2256644.33,61,2004,66,4,4.88
203113,Active,58283,NA,NA,D,8,1,331854.6725,34.09,2010,58,5.62,21.89
203114,Active,298303,NA,NA,D,1,0,3334565.228,97.95,2009,13,8.99,8.94
203115,Active,247984,NA,NA,D,1,0,185071.6713,74,2009,85,4,12.85
203116,Active,526874,NA,NA,S,2,1,348982.8138,105,2012,40,49.23,61.44
203117,Active,429453,NA,NA,D,2,1,545245.2225,62.95,2005,31,4,38.92
203118,Active,356663,NA,NA,D,2,1,1261363.556,39.95,2000,65,4,6.54
203119,Active,308057,NA,NA,D,3,1,857583.1725,59.95,2005,44,4,12.94
203120,Active,247607,NA,NA,D,4,1,671835.0013,73.95,2005,69,3,23.74
203121,Active,376582,NA,NA,S,0,0,75326.975,79.95,2006,13,34.19,35.99
203122,Active,624576,NA,NA,S,4,1,102242.5463,87.95,1993,30,6.16,43.71
203123,Active,55548,NA,NA,S,4,1,1011127.938,93,2000,40,4,45.29
203124,Active,55550,NA,NA,D,6,1,190078.8163,131.4,2008,48,9.99,67.49
203125,Active,916616,NA,NA,D,3,1,430112.38,0,1995,36,5.24,170.25
203126,Active,164139,NA,NA,S,3,1,367103.9475,120,1999,26,13.98,61.83
203127,Active,2560035,NA,NA,S,2,1,2954579.678,90,1994,37,4.54,23.99
203128,Active,290396,NA,NA,D,1,0,1465123.97,110,1996,25,4.5,12.45
203129,Active,543307,NA,NA,S,2,1,135879.8275,89,2011,18,38.25,52.8
203130,Active,248221,NA,NA,S,3,1,228844.8025,94,2010,43,33.94,62.1
203131,Active,2013512,NA,NA,D,0,0,1250489.078,69,2011,16,34.49,60.44
203132,Active,308065,NA,NA,S,3,1,474198.9088,85,2006,40,11.27,25.53
203133,Active,290988,NA,NA,S,10,1,121766.665,143.95,2011,76,8.44,13.25
203134,Active,613025,NA,NA,S,0,0,53107.025,52.99,2005,105,8.49,9.88
203135,Active,205986,NA,NA,S,0,0,181027.3025,60,2004,67,14.61,36.63
203136,Active,2631508,NA,NA,D,2,1,238200.985,66.95,2004,43,21.19,39.54
203137,Active,57158,NA,NA,D,9,1,186701.31,79.6,2010,71,4.39,49.49
203138,Active,57154,NA,NA,D,8,1,423261.4538,81.2,2007,66,4,24.89
203139,Active,2699166,NA,NA,S,7,1,1604456.141,61.95,2003,16,4,73.23
203140,Active,204168,NA,NA,D,2,1,3127921.718,80.95,2006,31,4,33.73
203141,Active,878840,NA,NA,S,6,1,738560.5088,79.12,2012,13,41.32,118.97
203142,Active,53715,NA,NA,D,4,1,689133.7438,141.2,2006,76,4,7.57
203143,Active,568764,NA,NA,D,4,1,1884879.801,38.99,2003,39,4,15.99
203144,Active,157508,NA,NA,D,0,0,542654.6513,75,2010,20,7.74,42.57
203145,Active,271707,NA,NA,D,4,1,2555276.344,34.95,2002,28,5.73,61.86
203146,Active,176746,NA,NA,S,3,1,110159.2775,312.95,1998,53,11.18,39.47
203147,Active,546942,NA,NA,S,2,1,1521997.523,58.95,2006,21,9.36,46.07
203148,Active,247471,NA,NA,S,2,1,311680.5888,93,2005,40,25,0
203149,Active,582317,NA,NA,D,0,0,4793653.929,49.95,1981,20,4,25.99
203150,Active,184537,NA,NA,D,1,0,2993195.303,39.95,2002,26,4.03,47.18
203151,Active,213081,NA,NA,D,0,0,1598512.798,110,2003,22,4,62.09
203152,Active,3579226,NA,NA,S,2,1,6231392.3,125,2003,18,15.4,65.03
203153,Active,647917,NA,NA,S,2,1,195982.9513,49.95,2009,28,37.85,0
203154,Active,279514,NA,NA,D,3,1,103859.7213,58,2010,66,4,43.69
203155,Active,599560,NA,NA,S,2,1,443023.275,40,2005,42,8.99,27.84
203156,Active,156822,NA,NA,S,2,1,661877.34,49.95,2002,29,32.66,39.93
203157,Active,1778559,NA,NA,S,1,0,22617.31125,59.95,2014,21,38.84,40.7
203158,Active,169902,NA,NA,D,2,1,229910.8138,87.95,2009,27,43.5,133.26
203159,Active,178144,NA,NA,D,1,0,655631.9363,90.95,2005,36,4.53,18.98
203160,Active,911303,NA,NA,D,0,0,2668831.354,115,1994,32,4,48.54
203161,Active,568090,NA,NA,D,1,0,2900497.843,59.99,2007,20,16.45,47.4
203162,Active,209680,NA,NA,D,0,0,1202922.451,94.95,1996,22,6.9,28.15
203163,Active,205658,NA,NA,S,32,1,185202.1675,34,2001,35,7.66,18.94
203164,Active,515885,NA,NA,D,1,0,580511.4925,163.2,2006,51,4.71,55.33
203165,Active,591727,NA,NA,S,1,0,788255.4688,57.95,2010,41,4.08,41.51
203166,Active,789204,NA,NA,D,1,0,1257651.32,53.99,2003,59,4,12.71
203167,Active,131702,NA,NA,S,2,1,630135.5663,170.2,2003,39,19.35,107.16
203168,Active,169334,NA,NA,D,6,1,184322.98,231.95,2007,60,4.83,49.21
203169,Active,871756,NA,NA,D,0,0,7904408.698,60,1998,21,4.2,35.98
203170,Active,60990,NA,NA,D,5,1,1254217.014,115.95,2003,57,4,8.99
203171,Active,641679,NA,NA,S,1,0,269990.3238,53.95,2006,20,35.94,42.39
203172,Active,199260,NA,NA,S,2,1,150944.6988,121,2005,70,45.86,61.93
203173,Active,296057,NA,NA,S,1,0,84445.825,78,1996,29,26.84,27.81
203174,Active,255753,NA,NA,D,1,0,982112.0325,57.95,2004,47,4,11.99
203175,Active,2814507,NA,NA,S,3,1,167097.6175,40,2015,15,23.24,21.99
203176,Active,115913,NA,NA,D,1,0,461367.3038,144.2,2005,42,4.43,10.99
203177,Active,580720,NA,NA,S,2,1,108994.025,40,2013,21,29.98,32.92
203178,Active,1951779,NA,NA,S,2,1,575134.7738,59.95,2011,25,30.18,41.57
203179,Active,655598,NA,NA,S,1,0,495019.2875,39.95,2010,39,12.34,30.93
203180,Active,194895,NA,NA,D,2,1,1636937.763,39.95,2003,41,4,29.99
203181,Active,1492014,NA,NA,S,3,1,21789.46625,48.83,2010,29,42.84,49.42
203182,Active,631491,NA,NA,S,1,0,162874.9975,59.99,2011,21,23.92,38.48
203183,Active,3606101,NA,NA,D,1,0,816070.75,22.95,1987,30,27.59,77.73
203184,Active,649042,NA,NA,S,2,1,216969.3325,41.95,2009,27,33.05,33.34
203185,Active,3475045,NA,NA,D,4,1,371405.65,110.33,1999,44,4.74,45.76
203186,Active,3604376,NA,NA,D,0,0,1186300.15,44,1995,34,4,28.93
203187,Active,293830,NA,NA,S,2,1,1006138.525,92.95,2005,29,36.34,84.42
203188,Active,3150702,NA,NA,S,2,1,946344.7138,99,2005,24,51.09,66.5
203189,Active,174835,NA,NA,S,1,0,261224.2538,64.99,2005,39,18.99,44.97
203190,Active,128136,NA,NA,S,3,1,354364.1013,95,2000,56,48.99,62.42
203191,Active,2543232,NA,NA,S,0,0,661850.4725,51.95,2003,26,26.17,43.52
203192,Active,633264,NA,NA,S,2,1,46521.9,39.99,2010,26,22.67,25.37
203193,Active,2136469,NA,NA,S,2,1,1859060.53,99,2007,31,4.29,41.49
203194,Active,124755,NA,NA,D,0,0,673096.7375,12.95,2005,52,4,14.9
203195,Active,909936,NA,NA,S,0,0,66044.81375,45,2010,29,23.49,27.8
203196,Active,129143,NA,NA,D,0,0,1499.75375,12.95,2008,131,5.99,8.99
203197,Active,526703,NA,NA,S,5,1,478729.16,279.99,2012,48,15.55,16.44
203198,Active,187993,NA,NA,D,4,1,1888005.593,210,1999,22,8.98,49.98
203199,Active,2748481,NA,NA,S,0,0,732100.4675,6.99,2004,105,3.97,6.94
203200,Active,649076,NA,NA,D,6,1,1071280.064,116,2008,19,83.27,93.9
203201,Active,643330,NA,NA,S,2,1,547596.1975,65,2009,32,29.89,63.27
203202,Active,2787038,NA,NA,D,0,0,638905.6888,52,2002,24,8.78,14.07
203203,Active,392971,NA,NA,D,2,1,241840.8125,36,2009,34,5.98,0
203204,Active,711574,NA,NA,S,3,1,2284804.548,29.5,2002,56,4,19.97
203205,Active,121235,NA,NA,S,3,1,232320.5425,58.2,2010,27,35.14,39.45
203206,Active,908350,NA,NA,S,4,1,228720.1513,114.95,2005,18,4,49.75
203207,Active,740622,NA,NA,S,4,1,1055106.76,56.4,2005,26,4,79.12
203208,Active,202746,NA,NA,S,0,0,239891.6475,19.95,2005,154,4,29.51
203209,Active,615019,NA,NA,S,0,0,3502.0525,34.95,2011,168,5.89,38.17
203210,Active,526662,NA,NA,S,0,0,81141.48375,24.95,2007,349,4,13.95
203211,Active,1623668,NA,NA,S,2,1,71308.135,39.99,2006,16,20.63,27.49
203212,Active,54669,NA,NA,D,2,1,268107.3738,13.98,2009,217,3.99,9.76
203213,Active,258411,NA,NA,D,0,0,1287480.658,94.5,2006,48,4,9.39
203214,Active,54670,NA,NA,D,1,0,699779.2775,23.99,2007,118,4,18.7
203215,Active,643445,NA,NA,D,3,1,2621360.894,63,2007,21,4.89,39.68
203216,Active,1538712,NA,NA,S,3,1,535794.7025,44.95,2006,31,13.13,35.41
203217,Active,619130,NA,NA,S,4,1,497907.4875,116.4,2001,43,4,28.88
203218,Active,637696,NA,NA,S,1,0,23961.3925,39.95,2012,28,25.94,24.44
203219,Active,3842273,NA,NA,D,1,0,12204850.85,46,1988,7,32.49,0
203220,Active,633120,NA,NA,S,2,1,621294.4738,74.95,1999,58,38.25,47.01
203221,Active,664649,NA,NA,S,3,1,19313.52125,50,2013,58,34.3,43.99
203222,Active,870597,NA,NA,S,3,1,47182.56125,38.95,2014,41,30.66,31.49
203223,Active,564573,NA,NA,S,0,0,510165.0475,74.95,2001,21,16.76,66.55
203224,Active,537178,NA,NA,S,5,1,655652.2325,85,2010,48,4,13.93
203225,Active,906394,NA,NA,S,2,1,5415443.918,80,1999,19,4.57,32.88
203226,Active,193675,NA,NA,S,0,0,871719.2938,149,2009,84,4,148.95
203227,Active,3577622,NA,NA,D,0,0,5756116.65,29.95,1991,38,4,43.31
203228,Active,630518,NA,NA,D,3,1,118991.475,76,2013,56,5.96,42.94
203229,Active,526619,NA,NA,S,6,1,6309.2825,24.95,2008,155,6.73,18.48
203230,Active,1572446,NA,NA,S,0,0,1599845.215,16.95,2012,29,6.96,12.29
203231,Active,547670,NA,NA,S,3,1,264979.8863,269,1993,33,4.6,98.38
203232,Active,1746137,NA,NA,D,0,0,653298.79,44.95,2009,20,4,36.94
203233,Active,53679,NA,NA,D,6,1,421430.3013,207.95,2008,66,4,41.29
203234,Active,2599621,NA,NA,D,1,0,2896267.259,119,1994,11,5.94,28.99
203235,Active,3120380,NA,NA,D,2,1,6566569.653,37.95,2004,14,5.08,43.91
203236,Active,659769,NA,NA,S,3,1,362194.6675,49.95,2009,23,6.79,35.46
203237,Active,542750,NA,NA,S,2,1,898679.4,93.95,2010,28,43.14,56.19
203238,Active,904057,NA,NA,S,4,1,1352092.42,47,2014,23,27.48,30.75
203239,Active,54949,NA,NA,D,2,1,183938.5775,44.95,2001,82,4,15.92
203240,Active,603089,NA,NA,D,2,1,1633903.281,126.95,2001,39,4.95,57.04
203241,Active,205453,NA,NA,D,3,1,835884.11,51.95,2003,40,4,21.33
203242,Active,641739,NA,NA,S,5,1,568856.0175,55,2004,24,13.43,43.2
203243,Active,1521909,NA,NA,S,3,1,1907767.915,39.99,2006,21,4.42,28.03
203244,Active,1622295,NA,NA,S,1,0,83332.775,68.95,2011,37,19.69,51.9
203245,Active,1700601,NA,NA,S,3,1,49542.475,39.95,2013,20,25.79,35.88
203246,Active,198122,NA,NA,S,7,1,296817.5838,79.95,2010,36,10.52,75
203247,Active,2397798,NA,NA,D,5,1,5625939.301,50.95,2001,21,4,13.98
203248,Active,614891,NA,NA,D,4,1,2943963.829,42.95,1997,28,4,41.73
203249,Active,60991,NA,NA,S,4,1,2302299.751,40,1998,35,4,11.04
203250,Active,526565,NA,NA,S,6,1,50959.41,76,2012,46,22.88,42.98
203251,Active,206008,NA,NA,D,5,1,685010.8138,58,2006,68,4,23.78
203252,Active,614779,NA,NA,D,5,1,850906.8063,13.23,2007,83,4,16.54
203253,Active,611750,NA,NA,S,7,1,531134.5188,48.75,2013,17,25.94,42.49
203254,Active,376581,NA,NA,D,3,1,914131.5738,79.95,2002,22,20.73,53.83
203255,Active,246278,NA,NA,S,4,1,444747.69,84.95,2003,47,4.98,13.98
203256,Active,1641722,NA,NA,D,0,0,1489644.218,29.99,2012,19,26.93,27.34
203257,Active,642073,NA,NA,S,2,1,215696.2313,76,2013,64,30.44,48.74
203258,Active,616578,NA,NA,S,2,1,26367.4,114,2000,72,42.99,79.98
203259,Active,515910,NA,NA,D,9,1,95194.23625,50.8,2009,69,4.78,38.41
203260,Active,54591,NA,NA,D,5,1,117362.6975,32.84,2009,116,4,24.42
203261,Active,54590,NA,NA,D,4,1,618956.2175,4,2006,109,4,9.5
203262,Active,2855543,NA,NA,S,0,0,847041.2388,42,2005,24,16.88,42
203263,Active,2313393,NA,NA,S,0,0,235703.6213,45.37,1980,36,4,38.99
203264,Active,174535,NA,NA,S,2,1,244586.4538,39.99,1998,59,5.31,29.97
203265,Active,638319,NA,NA,S,1,0,661517.4425,46.95,1999,30,4.96,40.6
203266,Active,2782476,NA,NA,D,0,0,1452984.469,47,1997,39,6.24,24.82
203267,Active,304940,NA,NA,D,0,0,15092.55625,14.99,1997,65,6.77,9.29
203268,Active,173737,NA,NA,S,2,1,596808.6563,44.99,2003,32,19.59,44.85
203269,Active,209294,NA,NA,D,0,0,2362864.913,65,1995,23,6.98,69.99
203270,Active,626508,NA,NA,S,6,1,206038.9013,98.95,1999,67,5.21,35.88
203271,Active,141188,NA,NA,S,3,1,716547.7375,47,2000,39,5.67,35.5
203272,Active,2433611,NA,NA,D,0,0,312511.5913,20,1961,53,6.48,17.58
203273,Active,2475018,NA,NA,S,1,0,181933.8763,35,1999,67,7.52,40.48
203274,Active,155109,NA,NA,S,3,1,182908.3713,217.95,1996,81,4.49,26.33
203275,Active,912490,NA,NA,D,3,1,318804.1913,864.07,1988,21,6.48,70.3
203276,Active,921854,NA,NA,S,9,1,535242.8888,94.95,2007,76,4,9.35
203277,Active,613989,NA,NA,D,2,1,16686.52875,213.95,1996,102,25.94,118.77
203278,Active,842641,NA,NA,D,1,0,67390.35,60.36,1973,74,8.97,129.92
203279,Active,2259026,NA,NA,S,15,1,353071.2825,25.98,2012,19,13.96,53.98
203280,Active,788714,NA,NA,S,3,1,187251.1513,49.95,1998,62,6.94,13.98
203281,Active,2141246,NA,NA,D,2,1,729491.15,39,2008,15,21.95,123.29
203282,Active,717947,NA,NA,S,1,0,552819.88,99,2007,101,4,9.99
203283,Active,614096,NA,NA,S,9,1,60626.04125,109.95,2012,89,4,16.2
203284,Active,649722,NA,NA,S,2,1,67795.7825,54.95,2012,35,22.07,50.44
203285,Active,865434,NA,NA,S,4,1,1436508.881,89.32,2008,24,4,154.13
203286,Active,2562766,NA,NA,S,3,1,2443689.159,105,1996,24,4,12.09
203287,Active,178132,NA,NA,S,2,1,793957.8963,247.95,2004,81,3.98,62.46
203288,Active,894995,NA,NA,S,0,0,206934.3563,42,2015,14,7.7,7.98
203289,Active,1839175,NA,NA,S,0,0,193531.5613,51.95,2006,24,24.49,34.96
203290,Active,900757,NA,NA,D,0,0,1496073.51,45.95,1997,35,4,23.97
203291,Active,157591,NA,NA,S,2,1,635587.545,48.95,2013,28,25.34,36.76
203292,Active,646895,NA,NA,S,3,1,78731.23375,54.95,2013,41,23.24,40.48
203293,Active,189429,NA,NA,S,3,1,197541.0513,46,1995,38,7.98,25.97
203294,Active,922317,NA,NA,D,0,0,1075440.641,32.95,1995,61,3.99,0
203295,Active,625922,NA,NA,D,2,1,146438.6125,39.95,2008,50,7.96,18.99
203296,Active,129360,NA,NA,S,2,1,27626.915,59.95,2011,69,26.04,48.94
203297,Active,125910,NA,NA,D,0,0,81687.435,53.95,2004,72,4,48.77
203298,Active,1496221,NA,NA,S,0,0,84278.925,60,2014,51,10.18,10
203299,Active,908054,NA,NA,D,1,0,202835.8213,49.95,2009,24,10.76,17.98
203300,Active,756785,NA,NA,S,5,1,2589443.241,18.49,1997,37,4,17.67
203301,Active,2560067,NA,NA,D,0,0,1276400.575,59.95,1978,34,4,10.99
203302,Active,2576734,NA,NA,D,2,1,2423741.273,120,1991,56,4,9
203303,Active,2678978,NA,NA,D,3,1,4748233.786,350,1992,13,29.09,142.29
203304,Active,2130527,NA,NA,S,2,1,667464.7238,25.99,2011,25,4,20.74
203305,Active,157401,NA,NA,S,4,1,438139.935,30.95,2007,37,14,24.97
203306,Active,1541696,NA,NA,S,4,1,1055750.616,30.95,2009,32,13.98,19.42
203307,Active,1553161,NA,NA,S,2,1,77577.125,38.95,2013,28,29.14,30.21
203308,Active,336988,NA,NA,S,2,1,811186.6413,64.95,2009,33,12.73,47.17
203309,Active,1541763,NA,NA,S,0,0,439557.31,55.95,2011,23,44.69,44.73
203310,Active,157565,NA,NA,S,2,1,237459.725,49.95,2010,34,14.49,34.07
203311,Active,642303,NA,NA,S,2,1,667565.6038,69.95,2011,19,29.04,50.62
203312,Active,3817155,NA,NA,S,2,1,210132.45,50,2015,28,29.36,53.98
203313,Active,542346,NA,NA,S,1,0,71547.175,39.99,2008,57,8.62,14.41
203314,Active,540591,NA,NA,S,3,1,393942.9988,49.99,2015,23,30.11,33.28
203315,Active,2399292,NA,NA,D,0,0,3222195.681,27.95,1974,33,4,53.11
203316,Active,667340,NA,NA,S,6,1,6456.475,49.95,2012,20,40.74,45.94
203317,Active,719397,NA,NA,S,1,0,632972.5588,55,1998,61,4,12.86
203318,Active,711288,NA,NA,D,2,1,2037562.279,58.4,2000,27,4,36.87
203319,Active,537182,NA,NA,S,1,0,349013.4988,70,1999,56,4,9
203320,Active,800272,NA,NA,D,2,1,3610852.806,71,2005,19,4.29,62.86
203321,Active,247533,NA,NA,D,3,1,290448.8613,88,2007,53,15.99,31.88
203322,Active,862451,NA,NA,S,4,1,301331.03,64,2015,22,48.85,51.31
203323,Active,247510,NA,NA,D,0,0,528170.4988,112,2005,20,6.5,30.29
203324,Active,199266,NA,NA,D,1,0,1774333.161,150,2006,25,4.53,20.55
203325,Active,662388,NA,NA,D,2,1,2451555.398,74,2006,24,6.34,97.55
203326,Active,863920,NA,NA,S,0,0,724809.0013,85,2010,41,36.84,45.47
203327,Active,247972,NA,NA,S,0,0,82207.9,185,2009,41,50.19,102.64
203328,Active,199424,NA,NA,S,2,1,483049.7788,185,2006,22,12.74,93.99
203329,Active,800942,NA,NA,D,0,0,1793929.506,185,2008,23,25.14,121.86
203330,Active,248108,NA,NA,S,2,1,369079.7975,185,2010,37,24.54,91.61
203331,Active,563264,NA,NA,D,1,0,3268046.111,69.95,1998,21,4,9.88
203332,Active,1710494,NA,NA,S,0,0,642888.0688,64.95,2007,30,38.89,43.99
203333,Active,2322033,NA,NA,D,1,0,1967553.229,27.95,1987,39,4,23.1
203334,Active,916550,NA,NA,S,2,1,415060.6763,76.95,2005,48,18.97,48.99
203335,Active,166781,NA,NA,D,0,0,488761.3375,88,2005,24,4.23,13.74
203336,Active,2078599,NA,NA,S,3,1,229324.28,7.99,2011,19,12.89,16.45
203337,Active,162800,NA,NA,S,2,1,227832.1088,34.95,2010,29,20.11,22.95
203338,Active,858472,NA,NA,S,3,1,57589.9,69.95,2014,37,42.85,53.86
203339,Active,919046,NA,NA,D,3,1,2618617.978,45,2004,41,4,7.55
203340,Active,664237,NA,NA,S,2,1,28671.15,45,2013,40,31.13,30.96
203341,Active,126713,NA,NA,D,0,0,953308.0163,74.95,2006,39,4.55,33.98
203342,Active,898942,NA,NA,D,0,0,864737.425,114.7,1995,26,9.77,58.94
203343,Active,177531,NA,NA,D,5,1,705556.9275,343.95,2005,46,4.59,46.15
203344,Active,175117,NA,NA,S,2,1,298520.5175,54.99,2010,28,20.85,37.97
203345,Active,127633,NA,NA,S,7,1,1416782.324,80.95,2007,41,4.38,10.63
203346,Active,2836974,NA,NA,S,2,1,1012973.063,207.95,1999,27,5.98,25.96
203347,Active,281133,NA,NA,D,0,0,431341.125,69.95,2001,49,10.97,32.92
203348,Active,285872,NA,NA,S,1,0,91702.63125,180.2,2004,35,21.65,124.27
203349,Active,638515,NA,NA,S,4,1,793546.5263,113,1998,25,23.97,109.28
203350,Active,639884,NA,NA,S,1,0,1976.225,40,2012,24,21.08,21.09
203351,Active,877777,NA,NA,S,3,1,332810.8813,126,2013,38,29.88,73.99
203352,Active,57792,NA,NA,D,2,1,105014.1763,164.33,2010,128,6.4,30.99
203353,Active,57791,NA,NA,D,1,0,797338.465,135.2,2007,137,4,11.99
203354,Active,51347,NA,NA,D,2,1,34107.48875,188,2010,296,4,23.98
203355,Active,268478,NA,NA,D,1,0,1630900.588,115,2007,25,11.74,52.54
203356,Active,644703,NA,NA,S,0,0,37694.2725,42,2011,29,32.45,35.48
203357,Active,892766,NA,NA,S,2,1,33787.8225,39.95,2014,33,27.83,29.38
203358,Active,722305,NA,NA,S,0,0,305753.4663,49.99,2003,18,33.78,34.45
203359,Active,722323,NA,NA,S,0,0,464537.0025,65,2005,17,33.98,45.9
203360,Active,722299,NA,NA,S,0,0,291088.0763,49.99,2004,19,34.35,34.45
203361,Active,557551,NA,NA,D,8,1,2574803.79,84,2009,27,4,23.99
203362,Active,118777,NA,NA,D,8,1,393296.9,86,2006,90,4,11.79
203363,Active,133069,NA,NA,D,4,1,1499263.531,70.67,2009,38,4,7.33
203364,Active,247177,NA,NA,S,3,1,643211.2663,39.95,2010,47,7.64,31.98
203365,Active,127015,NA,NA,S,0,0,569526.27,74,2006,104,4,5.45
203366,Active,2162631,NA,NA,S,6,1,5514.45625,25.95,2014,34,20.92,21.23
203367,Active,120083,NA,NA,S,3,1,280575.3513,60.8,2009,30,5.44,43.94
203368,Active,276767,NA,NA,S,3,1,622386.5575,96,2001,45,5.94,68.56
203369,Active,871141,NA,NA,S,1,0,101803.4075,29.95,1991,187,4,11.94
203370,Active,2869107,NA,NA,S,0,0,104753.57,65,2004,45,27.17,45.33
203371,Active,543162,NA,NA,S,0,0,176650.8063,35,2004,47,4.18,20.99
203372,Active,623739,NA,NA,S,0,0,84191.67375,120,1986,26,51.94,65.64
203373,Active,2104028,NA,NA,S,3,1,33086.15625,22.95,2014,27,10.08,13.14
203374,Active,655373,NA,NA,S,2,1,220075.1763,62.95,2012,28,29.02,48.98
203375,Active,192815,NA,NA,D,2,1,1725726.299,88.95,2001,28,4.48,13.93
203376,Active,911110,NA,NA,D,1,0,1522596.121,89.95,2005,26,4,44.26
203377,Active,641718,NA,NA,D,1,0,761266.9163,51.95,2005,40,4.47,30.04
203378,Active,2499052,NA,NA,S,1,0,116987.68,48,2004,69,4.34,21.98
203379,Active,1970046,NA,NA,S,0,0,147785.255,24.99,2015,39,4,5.17
203380,Active,2531764,NA,NA,D,1,0,508321.1763,120,1996,39,5.88,12.83
203381,Active,896864,NA,NA,S,2,1,94067.2075,65,2014,28,44.79,52.05
203382,Active,651860,NA,NA,S,0,0,15543.235,40,2009,30,22.18,24.84
203383,Active,164348,NA,NA,D,1,0,862501.7063,60,2003,24,31.36,0
203384,Active,254346,NA,NA,S,20,1,227666.7725,24.95,2010,35,13.55,0
203385,Active,133159,NA,NA,S,2,1,1210267.649,53.33,2009,28,7.8,159.91
203386,Active,123496,NA,NA,D,0,0,349155.9475,28,2007,33,14.27,15.16
203387,Active,145111,NA,NA,S,4,1,119600.085,66.8,2005,65,9.74,57.23
203388,Active,205592,NA,NA,D,1,0,1073682.711,55,1998,30,4.01,18.86
203389,Active,201227,NA,NA,D,1,0,560714.4213,50,2004,27,4.77,18.98
203390,Active,3602605,NA,NA,D,0,0,1504504.75,34.95,1984,27,58.98,101.75
203391,Active,549145,NA,NA,S,2,1,110343.49,48.99,1990,71,15.37,48.48
203392,Active,128921,NA,NA,S,3,1,808839.9988,51,2004,30,15.35,33.99
203393,Active,622121,NA,NA,S,1,0,267125.5275,70,1997,67,7.69,18.43
203394,Active,867055,NA,NA,S,2,1,50622.68125,39.95,2014,36,27,27.95
203395,Active,1559204,NA,NA,D,1,0,5630895.669,145,2012,11,23.47,88.73
203396,Active,1630839,NA,NA,S,0,0,8854.65,49.95,2011,35,17.99,26.43
203397,Active,714734,NA,NA,D,3,1,3451033.971,49.6,2002,37,4,18.36
203398,Active,120581,NA,NA,D,5,1,1366522.686,76.33,2008,48,4,13.74
203399,Active,641746,NA,NA,S,0,0,209919.4613,56.25,2004,12,17.28,75.76
203400,Active,626378,NA,NA,D,2,1,275241.0888,70.47,2007,55,12.77,56.41
203401,Active,241649,NA,NA,S,2,1,88790.5225,27.95,2006,42,10.03,16.99
203402,Active,690102,NA,NA,S,1,0,51924.55,18.95,2012,71,4,9.5
203403,Active,618281,NA,NA,S,1,0,37752.675,60.4,2008,28,4.94,13.82
203404,Active,206081,NA,NA,D,1,0,1100920.51,47,2006,58,4,9.39
203405,Active,162937,NA,NA,D,2,1,401951.3625,55,2010,30,10.51,18.99
203406,Active,858473,NA,NA,S,4,1,8885.525,110,2014,60,33.89,44.89
203407,Active,2901860,NA,NA,D,0,0,895912.0975,79,2004,15,4.98,90.37
203408,Active,145454,NA,NA,D,3,1,568502.9225,57,2006,54,4,6.87
203409,Active,346837,NA,NA,S,1,0,74439.5775,39.99,2001,386,4,8.24
203410,Active,1455234,NA,NA,S,1,0,43945.125,39.99,2014,18,22.44,25.04
203411,Active,54893,NA,NA,D,8,1,98449.95375,155.95,2006,53,13.69,30.97
203412,Active,868705,NA,NA,D,5,1,116634.595,39.95,1997,135,4,13.94
203413,Active,169807,NA,NA,D,6,1,191937.9775,219.95,2008,41,52.63,103.95
203414,Active,2094381,NA,NA,S,0,0,23966.175,89.99,2013,26,53.92,51.94
203415,Active,1826317,NA,NA,S,2,1,373510.97,49.95,2014,10,46.02,44.98
203416,Active,526247,NA,NA,S,8,1,1194817.524,29.99,2010,31,4,7.95
203417,Active,278828,NA,NA,S,3,1,205935.0688,67.95,2007,24,26.12,53.64
203418,Active,296623,NA,NA,S,0,0,618945.9613,45,1997,39,4,23.3
203419,Active,526240,NA,NA,S,3,1,279507.3575,41.95,2008,32,16.13,34.99
203420,Active,652430,NA,NA,S,0,0,28468.975,50,2013,45,12.97,13.96
203421,Active,2675823,NA,NA,S,7,1,924114.5113,47.9,1994,59,4.34,31.36
203422,Active,2674939,NA,NA,S,2,1,4649071.535,0,1976,28,4,122.37
203423,Active,51089,NA,NA,S,8,1,150454.3325,50.25,1998,33,13.72,77.43
203424,Active,51090,NA,NA,D,10,1,80392.21,55.61,2007,29,19.59,48.99
203425,Active,51091,NA,NA,D,9,1,196397.325,36.47,2003,66,8.12,48.23
203426,Active,52731,NA,NA,D,4,1,566507.08,31.11,2008,81,4,9.49
203427,Active,52730,NA,NA,D,3,1,1560495.516,12.93,2005,62,4,12.93
203428,Active,526233,NA,NA,S,11,1,145004.7113,95.2,2008,46,16.42,50.42
203429,Active,526231,NA,NA,D,2,1,137646.3988,56.95,2009,62,5.57,31.17
203430,Active,355645,NA,NA,D,1,0,1102575.15,42.95,2003,69,4,7.99
203431,Active,2415443,NA,NA,D,1,0,2786046.145,79.95,2005,32,4,48.53
203432,Active,278552,NA,NA,S,1,0,785587.0925,68.95,2004,34,11.31,25.99
203433,Active,169102,NA,NA,D,4,1,711701.3288,258.95,2007,40,6.99,51.67
203434,Active,861785,NA,NA,S,2,1,177298.55,59.95,2013,14,51.17,48.05
203435,Active,268386,NA,NA,D,1,0,741500.8888,57,2005,29,4.92,0
203436,Active,261442,NA,NA,S,1,0,576750.255,50,2003,26,7.99,46.27
203437,Active,173718,NA,NA,S,2,1,795238.09,64.99,2006,22,6.96,17.74
203438,Active,892653,NA,NA,S,6,1,25805.50875,59.99,2013,19,42.44,45.25
203439,Active,133409,NA,NA,S,6,1,24617.04875,158.6,2012,64,31.29,92.98
203440,Active,515900,NA,NA,D,4,1,3645750.031,100.2,2007,18,6.99,61.23
203441,Active,132471,NA,NA,D,5,1,257342.8175,120.4,2008,78,4.23,44.91
203442,Active,870319,NA,NA,S,4,1,465222.6025,55.07,1998,48,5.59,45.37
203443,Active,607722,NA,NA,D,4,1,420343.2688,77.6,2006,31,4,19
203444,Active,763761,NA,NA,S,3,1,3933240.068,62.95,1999,32,4,9.7
203445,Active,57268,NA,NA,D,6,1,222431.1838,184.95,2010,66,31.85,59.32
203446,Active,544798,NA,NA,D,7,1,53351.6925,177.95,2013,107,33.01,90.99
203447,Active,60996,NA,NA,D,2,1,1507789.366,72.95,2000,27,4,8.06
203448,Active,455546,NA,NA,D,3,1,645919.6688,195.95,2005,39,13.62,73.99
203449,Active,108077,NA,NA,D,3,1,476269.1063,5.99,2004,49,3.99,7.98
203450,Active,293352,NA,NA,S,3,1,276403.2338,57,2007,47,4.44,31.43
203451,Active,664599,NA,NA,S,4,1,72642.4875,58,2014,33,31.67,48.62
203452,Active,118083,NA,NA,D,6,1,634732.3175,107.2,2008,53,4,41.98
203453,Active,246186,NA,NA,D,1,0,1920814.174,47.95,2004,35,4,31.11
203454,Active,246185,NA,NA,D,1,0,4653296.76,121.95,2004,12,4,46.63
203455,Active,298745,NA,NA,D,8,1,702211.495,24.7,2008,61,4,20.01
203456,Active,118967,NA,NA,D,6,1,1015190.586,104.8,2008,46,4,23.89
203457,Active,169899,NA,NA,D,5,1,159554.915,249.95,2010,52,4.22,18.99
203458,Active,60997,NA,NA,D,4,1,650984.1563,142.95,2006,51,4,17.24
203459,Active,551789,NA,NA,D,4,1,2109022.623,116.6,2001,29,4,67.03
203460,Active,547019,NA,NA,S,2,1,614371.9625,53,2012,23,12.94,31.98
203461,Active,2167234,NA,NA,S,2,1,1064208.881,49.95,2014,26,36.22,35.96
203462,Active,61201,NA,NA,D,6,1,1240022.496,150.95,2007,48,4,11.51
203463,Active,290875,NA,NA,D,5,1,2156686.935,102.95,2006,31,4.97,23.99
203464,Active,617685,NA,NA,S,2,1,485563.4913,40,2005,67,4.14,23.62
203465,Active,2406218,NA,NA,S,1,0,915581.215,35,1994,35,9.23,44.5
203466,Active,913136,NA,NA,S,3,1,215354.8875,22.75,2014,27,13.89,17.94
203467,Active,647063,NA,NA,S,1,0,163281.1388,54.95,2012,25,34.52,48.79
203468,Active,659365,NA,NA,S,3,1,233354.1438,43.95,2007,20,41.75,0
203469,Active,291229,NA,NA,S,0,0,222399.975,44.99,1996,31,15.66,33.49
203470,Active,658224,NA,NA,D,0,0,213719.6188,34.99,2012,56,15.3,26.78
203471,Active,622868,NA,NA,S,1,0,360010.215,107,1995,28,35.9,75.39
203472,Active,913272,NA,NA,D,1,0,394404.0463,47,1992,20,28.55,160.83
203473,Active,56887,NA,NA,S,3,1,360778.4013,41.95,2011,39,7.26,11.99
203474,Active,543349,NA,NA,S,4,1,58542.29875,37.95,2013,71,13.99,28.99
203475,Active,533421,NA,NA,D,10,1,36534.8875,154.95,2012,67,12.16,83.51
203476,Active,55451,NA,NA,D,9,1,220457.5188,169.95,2008,70,5.93,58.93
203477,Active,3033858,NA,NA,D,0,0,2114869.501,83,2005,28,3.93,40.85
203478,Active,3033888,NA,NA,S,2,1,73569.52875,95,2005,44,20.52,55.2
203479,Active,619501,NA,NA,S,2,1,370435.5338,1044.23,1993,61,4.13,69.48
203480,Active,1682562,NA,NA,S,2,1,732604.0313,29.95,2006,61,4.77,9.86
203481,Active,862385,NA,NA,S,4,1,137379.4388,50,2014,33,16.73,32.53
203482,Active,917567,NA,NA,S,4,1,580770.9313,92.95,2010,41,5.95,68.78
203483,Active,165752,NA,NA,D,1,0,252763.74,94.95,2004,47,4.76,21.35
203484,Active,141580,NA,NA,S,7,1,308843.2388,73.33,2004,136,3.98,6.79
203485,Active,50235,NA,NA,D,9,1,49403.3175,33.99,2010,161,5.26,28.22
203486,Active,614078,NA,NA,D,10,1,46788.16375,94.5,2013,95,5.98,68.2
203487,Active,50234,NA,NA,D,8,1,1141184.475,10.97,2007,108,4,9.49
203488,Active,880240,NA,NA,S,7,1,1196507.465,48.83,2011,46,4.49,43.41
203489,Active,327839,NA,NA,D,6,1,511180.1663,28.76,2010,92,4,16.5
203490,Active,874251,NA,NA,D,7,1,345187.1188,80.64,2003,59,4,28.69
203491,Active,100788,NA,NA,D,8,1,609434.5338,21,1998,87,4,15.87
203492,Active,2598265,NA,NA,S,3,1,452428.5513,54.99,1991,35,6.78,48.24
203493,Active,2268444,NA,NA,D,3,1,2372887.576,85.44,2009,21,13.19,39.23
203494,Active,663366,NA,NA,S,0,0,50643.3325,60.95,2013,28,20.9,0
203495,Active,607388,NA,NA,S,7,1,1072928.415,142.4,2006,30,43.38,104.11
203496,Active,623381,NA,NA,S,1,0,2212.525,40,2012,43,20.93,22.99
203497,Active,636165,NA,NA,S,2,1,854326.5413,43,2004,23,4.15,32.87
203498,Active,646844,NA,NA,D,1,0,153408.0413,37.46,2013,59,8.68,21.73
203499,Active,910691,NA,NA,D,4,1,6192944.304,44.95,2003,24,4,12.98
203500,Active,293369,NA,NA,D,6,1,1708323.271,47,2010,46,4,24.35
203501,Active,908194,NA,NA,S,7,1,678282.5688,46,2014,24,15.25,39.95
203502,Active,917261,NA,NA,S,48,1,2285605.043,360,2011,34,5.27,11.22
203503,Active,108692,NA,NA,S,2,1,74223.76625,102.91,2007,83,9.16,64.97
203504,Active,891549,NA,NA,D,2,1,5824567.696,72.95,2003,13,16.33,19.55
203505,Active,899126,NA,NA,D,1,0,1057099.749,49.95,2009,20,24.94,80.22
203506,Active,876849,NA,NA,S,9,1,10487.995,98.75,2014,69,45.98,78.98
203507,Active,54375,NA,NA,D,7,1,521510.49,23.47,2006,131,4,19.79
203508,Active,142033,NA,NA,D,8,1,23546.99125,40.49,2010,120,8.98,31.66
203509,Active,3558682,NA,NA,S,16,1,501490.15,69.95,1995,91,10.13,38.78
203510,Active,619479,NA,NA,S,1,0,53276.805,45,1999,26,23.58,29.48
203511,Active,534280,NA,NA,S,1,0,251928.785,23.99,1984,155,4,23.94
203512,Active,56885,NA,NA,S,2,1,6238.65,27.99,2010,22,18.87,21.98
203513,Active,618365,NA,NA,S,1,0,191768.175,35,1976,29,6.81,34.94
203514,Active,754067,NA,NA,S,2,1,966792.0888,44,2011,18,36.2,28.19
203515,Active,246403,NA,NA,S,1,0,403392.7575,31.95,2007,25,6.22,25.56
203516,Active,672128,NA,NA,D,0,0,5285.15125,17.95,2005,68,8.62,13.32
203517,Active,2157839,NA,NA,S,0,0,33575.70125,54.95,2006,24,34.93,35.48
203518,Active,2610755,NA,NA,S,1,0,425214.0038,59.99,2000,33,7.83,48.89
203519,Active,526013,NA,NA,S,2,1,314935.3125,50,2010,51,12.66,22.22
203520,Active,648386,NA,NA,D,1,0,1385701.896,97.95,2007,27,9.17,52.62
203521,Active,285781,NA,NA,D,3,1,696291.7088,75.2,2001,67,4,10.6
203522,Active,117659,NA,NA,D,4,1,415174.03,91.5,2005,60,4.74,25.85
203523,Active,566149,NA,NA,S,2,1,1529943.043,55,2011,27,16.57,33.49
203524,Active,2438556,NA,NA,D,4,1,707462.9,120,2002,34,4.74,47.91
203525,Active,555368,NA,NA,D,0,0,914681.0613,54.5,1997,41,4,38.78
203526,Active,721880,NA,NA,D,2,1,463896.7963,60,2006,33,10.86,48.98
203527,Active,918863,NA,NA,S,3,1,2480460.283,58.8,2001,40,4,33.2
203528,Active,2444451,NA,NA,S,3,1,69259.6875,39.99,2004,99,8.05,22.44
203529,Active,157455,NA,NA,S,2,1,262753.6438,47.95,2011,25,32.24,0
203530,Active,142221,NA,NA,D,6,1,1439271.809,16.41,2010,39,4,14.99
203531,Active,142140,NA,NA,D,7,1,131017.1275,89.23,2011,78,3.84,34.93
203532,Active,301234,NA,NA,S,2,1,339543.1938,79.95,2010,39,12.45,67.61
203533,Active,294046,NA,NA,D,1,0,1961050.758,13.63,1999,51,4,11.97
203534,Active,2433074,NA,NA,S,2,1,188862.8725,10.95,1970,331,4,10.24
203535,Active,134244,NA,NA,S,3,1,28960.4825,13,1996,234,4,16.33
203536,Active,177438,NA,NA,S,7,1,637411.7288,187.95,2002,29,4,68.15
203537,Active,539734,NA,NA,S,2,1,155917.8238,54.95,2013,41,22.09,44.94
203538,Active,126164,NA,NA,D,0,0,536252.1025,54.95,2002,51,4,14.44
203539,Active,51511,NA,NA,D,9,1,195828.83,127.4,2008,91,4.72,18.99
203540,Active,2631159,NA,NA,D,2,1,1856733.866,58.4,1994,26,4,105.99
203541,Active,1845462,NA,NA,S,4,1,346436.1375,55.95,2011,18,37.5,44.22
203542,Active,739681,NA,NA,S,5,1,547991.33,48.2,2004,16,8.99,153.98
203543,Active,623629,NA,NA,S,14,1,397957.915,67.2,2004,27,4.98,68.86
203544,Active,279573,NA,NA,S,13,1,1005941.391,74.51,2010,24,23.93,76.02
203545,Active,864936,NA,NA,S,2,1,17776.93625,36,2014,85,18.49,21.52
203546,Active,916857,NA,NA,S,3,1,41924.2575,15,2013,41,9.36,14.02
203547,Active,639988,NA,NA,S,2,1,197249.0425,55.95,2011,43,18.35,32.44
203548,Active,57208,NA,NA,D,7,1,3312863.704,46,2008,28,4,7.98
203549,Active,57207,NA,NA,D,7,1,355317.5375,49.21,2006,49,4,47.33
203550,Active,57205,NA,NA,D,6,1,1788636.071,20.15,2003,41,4,20.15
203551,Active,1840306,NA,NA,D,3,1,2337780.675,56.95,2008,14,4.98,40.03
203552,Active,2940247,NA,NA,D,2,1,3001385.308,65.95,2003,35,4.76,64.89
203553,Active,868701,NA,NA,S,3,1,44149.16,84.95,2015,38,48.72,50.13
203554,Active,193606,NA,NA,D,2,1,808470.2138,96.95,2009,49,4,10.99
203555,Active,624580,NA,NA,S,2,1,144769.42,80.95,1992,34,8.25,39.49
203556,Active,918452,NA,NA,D,0,0,2412291.479,48.95,1997,40,4,15.97
203557,Active,630941,NA,NA,S,2,1,368145.805,52.95,2005,23,15.98,40.99
203558,Active,858474,NA,NA,S,2,1,352101.8813,89.99,2014,18,45.67,58.93
203559,Active,3467100,NA,NA,S,10,1,375569.85,55.99,2015,33,46.75,33.54
203560,Active,57787,NA,NA,D,4,1,462408.5438,29.95,2003,129,4,10.49
203561,Active,290927,NA,NA,D,3,1,84145.46625,131.95,2008,91,4.97,41.4
203562,Active,828444,NA,NA,S,2,1,1914343.693,45,2009,21,28.92,45
203563,Active,867162,NA,NA,S,3,1,327495.9438,106.2,2014,50,14.98,86.99
203564,Active,873629,NA,NA,D,5,1,1349248.21,114.95,2009,63,4,29.09
203565,Active,53028,NA,NA,D,3,1,1728876.875,177.95,2006,68,4,12.43
203566,Active,2006242,NA,NA,S,7,1,238242.035,49.95,2008,59,6.53,12.43
203567,Active,664740,NA,NA,S,2,1,74191.075,40.95,2013,34,29.68,29.73
203568,Active,699492,NA,NA,D,6,1,489221.3788,99.95,1999,33,4.36,43.46
203569,Active,883231,NA,NA,D,3,1,5505307.231,135,2003,11,5.43,33.94
203570,Active,563738,NA,NA,S,3,1,496435.1325,44.5,1984,44,4,29.94
203571,Active,648046,NA,NA,S,0,0,1305327.174,34.95,2008,19,4.76,31.94
203572,Active,641455,NA,NA,S,0,0,721441.7975,47.95,2010,34,8.85,37
203573,Active,2134883,NA,NA,S,1,0,363594.1338,35.95,2011,37,17.71,28.19
203574,Active,636247,NA,NA,S,2,1,266653.3275,69.99,2001,23,35.99,41.92
203575,Active,2390625,NA,NA,D,1,0,697684.8913,52.23,1979,35,4,32.99
203576,Active,144136,NA,NA,D,5,1,2079437.623,93,2000,45,4,51.81
203577,Active,1765541,NA,NA,S,1,0,46958.2,44.99,2014,24,39.63,39.54
203578,Active,308006,NA,NA,D,1,0,1043376.043,55,2003,44,4,15.49
203579,Active,3019115,NA,NA,D,1,0,235465.22,35,1997,19,13.87,36.63
203580,Active,200000,NA,NA,D,1,0,2982468.076,84.95,2004,28,3.99,14.77
203581,Active,537751,NA,NA,D,7,1,8204303.7,63.75,2001,29,4,11.89
203582,Active,1567966,NA,NA,D,3,1,8491101.696,90,2009,11,5.15,20.49
203583,Active,794144,NA,NA,S,2,1,949299.06,49.95,2005,22,28.93,45.58
203584,Active,172376,NA,NA,S,0,0,59288.7325,51.5,2008,30,23.99,35.29
203585,Active,910161,NA,NA,D,3,1,504023.1175,143.6,2002,39,4,45.35
203586,Active,1552705,NA,NA,S,6,1,670372.6963,48.95,2014,25,34.99,35.62
203587,Active,541735,NA,NA,S,4,1,269639.85,45,2010,30,16.53,23.71
203588,Active,171680,NA,NA,S,30,1,177513.785,17.95,1998,116,4.81,10.24
203589,Active,145285,NA,NA,S,1,0,60759.95,81.2,2008,28,22.83,42.48
203590,Active,135550,NA,NA,D,3,1,1782147.106,42.95,2002,39,4,5.99
203591,Active,135664,NA,NA,S,5,1,30463.375,46.95,2010,51,26.89,33.1
203592,Active,135592,NA,NA,D,4,1,883511.0275,51.95,2006,43,4,14.98
203593,Active,2390790,NA,NA,S,2,1,2309471.104,54.98,1970,63,3.91,42.85
203594,Active,537760,NA,NA,S,4,1,7969.635,21.99,2012,36,11.04,11.93
203595,Active,114470,NA,NA,S,2,1,272514.8488,78.6,2002,49,4.23,19.99
203596,Active,873027,NA,NA,D,1,0,732236.53,18.95,2003,20,13.53,144.25
203597,Active,612805,NA,NA,S,1,0,181658.7163,35,1999,930,3.6,4.97
203598,Active,2401828,NA,NA,S,2,1,195216.3838,16.95,1968,28,8.99,56.91
203599,Active,2406381,NA,NA,S,3,1,188450.95,34,1992,42,6.99,24.95
203600,Active,210425,NA,NA,D,0,0,2111765.898,39.5,1995,14,28.41,30.87
203601,Active,1632792,NA,NA,D,5,1,4305609.911,248.95,2006,11,5.38,146.5
203602,Active,669965,NA,NA,D,6,1,4548021.423,299,2009,12,148.28,272.55
203603,Active,530037,NA,NA,S,0,0,230500.8075,11.49,2007,44,4.97,11.39
203604,Active,671893,NA,NA,S,0,0,104050.9125,39.99,2011,30,8.99,33.68
203605,Active,2205744,NA,NA,S,0,0,296741.3313,29.99,2013,29,11.24,20.98
203606,Active,629083,NA,NA,S,1,0,40990.1225,210.25,2013,74,20.89,52.73
203607,Active,541255,NA,NA,D,2,1,307461.2063,20.99,2008,65,6.78,17.43
203608,Active,914801,NA,NA,S,3,1,14715.365,48,2014,57,33.87,41.93
203609,Active,615530,NA,NA,S,2,1,118781.9263,28.99,2007,95,4.97,16.49
203610,Active,55448,NA,NA,D,4,1,37809.54375,56,1995,199,4,17.2
203611,Active,607797,NA,NA,D,2,1,717572.8525,109.3,1991,51,4,50.46
203612,Active,3787390,NA,NA,D,1,0,1452148.2,63.95,1977,20,4,43.15
203613,Active,663742,NA,NA,S,2,1,158418.4313,60,2013,15,49.96,0
203614,Active,2737630,NA,NA,D,1,0,733917.4863,100,2005,17,7.98,52.87
203615,Active,270910,NA,NA,S,2,1,210836.8113,36,2009,28,16.12,31.35
203616,Active,1688052,NA,NA,S,3,1,1472115.94,57.95,2008,11,44.99,68.92
203617,Active,2759324,NA,NA,D,1,0,857861.225,67.95,1998,34,7.04,42.07
203618,Active,633503,NA,NA,D,1,0,177538.5775,56.95,2003,30,11.22,33.94
203619,Active,627472,NA,NA,S,0,0,385591.6975,43.95,2009,27,18.29,22.78
203620,Active,2531829,NA,NA,S,2,1,579133.5688,45.95,1997,36,17.02,36.65
203621,Active,717645,NA,NA,D,3,1,7543073.374,82.95,2001,19,4.89,10.83
203622,Active,1476017,NA,NA,D,1,0,1738716.205,150,2013,19,20.78,87.31
203623,Active,2159754,NA,NA,S,2,1,265997.215,19.95,2012,30,9.79,14.67
203624,Active,1895799,NA,NA,D,8,1,1917177.376,0,2010,19,6.45,132.5
203625,Active,2713653,NA,NA,D,0,0,1831283.99,83,2004,22,6.02,53.99
203626,Active,888165,NA,NA,D,10,1,8752833.596,125,2006,10,6.98,63
203627,Active,3054304,NA,NA,S,1,0,253535.3775,45.08,2000,27,4.46,22.18
203628,Active,2169348,NA,NA,S,16,1,557033.7525,170,2013,35,48.23,133.99
203629,Active,203940,NA,NA,S,3,1,893346.6075,279.99,2006,25,19.33,48.54
203630,Active,54589,NA,NA,D,7,1,978930.8375,152,2007,60,4.64,13.89
203631,Active,54588,NA,NA,D,6,1,3914546.8,106,2003,26,4.12,21.99
203632,Active,2913151,NA,NA,S,0,0,48540.575,327,2004,27,41.98,98.12
203633,Active,663236,NA,NA,S,7,1,229481.5888,95.5,2012,28,36.71,0
203634,Active,860533,NA,NA,S,3,1,360273.1288,60,2011,42,24.27,31.59
203635,Active,651934,NA,NA,D,0,0,1659064.654,115.95,2008,17,33.94,96.47
203636,Active,1437050,NA,NA,S,1,0,26525.525,34,2011,22,10.71,19.97
203637,Active,648756,NA,NA,D,1,0,1626030.518,39.95,2004,24,4,9.32
203638,Active,867363,NA,NA,S,1,0,48872.76375,80,2014,25,48.52,48
203639,Active,354907,NA,NA,D,1,0,1081422.423,182.95,2005,43,4,10.94
203640,Active,2555506,NA,NA,S,0,0,46645.825,59,2000,21,39.99,36.99
203641,Active,3253946,NA,NA,S,0,0,15521.15,36.4,2011,0,0,28.44
203642,Active,645326,NA,NA,S,1,0,127118.5488,59.95,2006,39,18.69,56.5
203643,Active,157399,NA,NA,S,2,1,429773.5013,40.95,2008,41,29.86,35.59
203644,Active,2527838,NA,NA,D,1,0,2898834.446,32.5,1993,20,15.7,61.72
203645,Active,3073798,NA,NA,S,2,1,1056256.37,45.95,2005,26,24.7,41.15
203646,Active,2142573,NA,NA,D,4,1,1414664.831,39.95,2006,23,28.78,93.6
203647,Active,3110134,NA,NA,S,5,1,825739.9638,50,2004,67,5.21,49.96
203648,Active,54395,NA,NA,S,2,1,15890.35,18.95,2009,136,4,15.98
203649,Active,916867,NA,NA,S,2,1,8458.69875,20,2014,57,9.99,13.48
203650,Active,2601649,NA,NA,D,0,0,2741387.545,52.99,1995,22,4.65,47.06
203651,Active,911852,NA,NA,S,1,0,1725086.778,110,2009,23,49.26,101.65
203652,Active,478800,NA,NA,D,4,1,2871661.455,269,2005,23,4.96,18.75
203653,Active,651604,NA,NA,S,2,1,905907.2013,75,2006,26,29.98,47.98
203654,Active,1592682,NA,NA,S,2,1,2461605.311,105,2006,20,10.39,47.79
203655,Active,1474248,NA,NA,S,1,0,282211.7988,47.95,2010,27,33.49,32.73
203656,Active,1476975,NA,NA,S,0,0,647851.5913,35.95,2013,13,33.02,29.33
203657,Active,3575696,NA,NA,D,0,0,1889772.05,44.95,2009,30,22.99,44.94
203658,Active,1730517,NA,NA,D,1,0,1580244.836,54.95,2007,32,4,8.93
203659,Active,916482,NA,NA,S,4,1,7477.775,21.99,2010,35,8.33,13.53
203660,Active,2145942,NA,NA,S,0,0,100191.135,36,2009,25,28.99,32.74
203661,Active,129382,NA,NA,S,6,1,27081.19875,98.95,2011,39,32.4,40.99
203662,Active,2534507,NA,NA,S,2,1,263273.1575,46.95,2004,40,12.82,25.99
203663,Active,2143862,NA,NA,S,8,1,8911.0575,3.95,2012,45,3.95,3.95
203664,Active,2362848,NA,NA,D,1,0,2731399.721,70.95,2004,17,25,29.91
203665,Active,662683,NA,NA,S,2,1,486339.1463,39.99,2012,23,24.73,24.98
203666,Active,860535,NA,NA,S,2,1,1327438.454,166.99,2011,27,11,37.03
203667,Active,1690080,NA,NA,S,0,0,13911.525,49.99,2014,27,23.39,29.88
203668,Active,525380,NA,NA,S,2,1,27671.80125,21,2010,51,4.87,15.12
203669,Active,525377,NA,NA,S,3,1,248850.8188,39,2012,49,9.93,11.35
203670,Active,285061,NA,NA,S,3,1,22329.1825,38,2010,41,11.77,19.28
203671,Active,684842,NA,NA,S,0,0,257993.2975,24.95,2011,47,4.83,22.7
203672,Active,1750870,NA,NA,S,7,1,257292.9325,16.95,2008,130,4,9.96
203673,Active,1688810,NA,NA,S,2,1,354988.525,24.99,2014,41,4,17.49
203674,Active,667112,NA,NA,S,2,1,83037.08125,71,2006,22,41.74,0
203675,Active,3604268,NA,NA,D,0,0,997139.75,34.95,1993,56,7.4,28.95
203676,Active,386465,NA,NA,D,0,0,671237.28,48,2010,30,4.32,23.99
203677,Active,911731,NA,NA,S,2,1,240079.0138,52,2014,19,33.69,41.31
203678,Active,701382,NA,NA,S,1,0,369969.2875,37,2007,40,16.98,18.5
203679,Active,568780,NA,NA,S,2,1,377805.8125,44.99,2003,29,9.55,36.97
203680,Active,2524390,NA,NA,S,4,1,748519.8438,44.95,2015,6,44.52,44.95
203681,Active,126875,NA,NA,S,0,0,154074.2338,35,2005,127,4,8.15
203682,Active,873382,NA,NA,D,6,1,227748.8275,33.25,2006,49,6.07,12.89
203683,Active,2332385,NA,NA,S,2,1,2749600.121,45.1,1996,37,4,13.99
203684,Active,111081,NA,NA,D,6,1,448144.975,63.67,2009,63,8.6,57.31
203685,Active,110257,NA,NA,D,6,1,52442.41875,123.7,2009,91,4.3,23.89
203686,Active,53832,NA,NA,D,5,1,77301.4025,25.14,2006,70,4,23.17
203687,Active,53833,NA,NA,D,6,1,225152.985,50,2009,138,4.57,33.99
203688,Active,538603,NA,NA,D,7,1,9129.51625,125.75,2013,103,15.69,42.99
203689,Active,54255,NA,NA,D,6,1,96271.36,43.99,2009,109,4.99,26.39
203690,Active,740319,NA,NA,S,2,1,543101.85,69.99,2004,25,5.5,31.74
203691,Active,291643,NA,NA,S,4,1,131207.1088,225.95,2004,46,25,92.13
203692,Active,635286,NA,NA,S,4,1,914550.3163,47,2006,19,9.4,22.22
203693,Active,660973,NA,NA,S,2,1,420827.57,44.95,2012,32,25.13,30.41
203694,Active,217346,NA,NA,S,4,1,233789.6663,39,2011,46,6.84,28.18
203695,Active,614615,NA,NA,S,4,1,490899.8013,44.5,1983,83,4,5.23
203696,Active,178345,NA,NA,D,1,0,2022441.339,82,2005,18,4.73,22.95
203697,Active,1657782,NA,NA,D,1,0,3353645.008,42.28,2008,14,4.71,72.47
203698,Active,1562019,NA,NA,S,0,0,18821.28875,7.99,2006,47,4,6.94
203699,Active,1937676,NA,NA,S,6,1,43000.7225,5.99,2013,66,4,5.88
203700,Active,1740926,NA,NA,D,1,0,287062.3388,25,2013,14,21.88,24.18
203701,Active,1740925,NA,NA,S,3,1,867413.63,50,2012,20,38.88,45.5
203702,Active,525318,NA,NA,S,2,1,334092.895,40,2010,23,22.11,34.23
203703,Active,642834,NA,NA,D,0,0,235991.6775,81.95,2008,34,19.49,55.54
203704,Active,655095,NA,NA,S,2,1,103641.175,55,2013,22,36.21,32.52
203705,Active,564643,NA,NA,D,0,0,183759.6388,78.95,2006,53,4.48,16.53
203706,Active,555635,NA,NA,S,1,0,93175.125,100,2008,37,18.65,51.18
203707,Active,564636,NA,NA,D,1,0,291819.87,74.95,2005,57,4,33.99
203708,Active,872140,NA,NA,D,1,0,962433.42,46.83,2006,38,7.47,46.83
203709,Active,55447,NA,NA,D,8,1,384305.2275,99.95,2008,60,4,11.48
203710,Active,609097,NA,NA,D,5,1,2500646.458,186.95,2001,38,4,6.99
203711,Active,917290,NA,NA,D,5,1,825902.1575,53,2007,34,4,9.24
203712,Active,2261475,NA,NA,D,5,1,1765801.455,29.4,2006,42,5.59,13.19
203713,Active,669124,NA,NA,S,0,0,211791.7475,39.99,2011,14,37.03,45.49
203714,Active,337684,NA,NA,S,0,0,134147.5538,16.98,2005,48,5.36,16.16
203715,Active,194906,NA,NA,S,6,1,972467.6588,44.95,2003,70,4,37.84
203716,Active,632943,NA,NA,S,2,1,2267614.691,89.95,2009,22,11.99,28.99
203717,Active,2759381,NA,NA,D,2,1,2351402.735,41.95,1999,24,6.23,69.65
203718,Active,859083,NA,NA,S,2,1,137124.42,34.99,2003,46,19.1,30.99
203719,Active,906768,NA,NA,S,2,1,682038.3988,40,2011,25,27.67,28.95
203720,Active,3820560,NA,NA,D,2,1,427079.7,31.95,2002,77,7.69,42.97
203721,Active,2566169,NA,NA,D,1,0,2284487.954,87.5,1995,20,23.18,71.69
203722,Active,128142,NA,NA,D,1,0,917465.465,60,2000,56,4.76,65.51
203723,Active,3470385,NA,NA,D,1,0,1723695.5,245,2006,14,132.94,234.65
203724,Active,657558,NA,NA,S,2,1,1057682.238,44,2008,23,8.24,34.26
203725,Active,747718,NA,NA,S,0,0,680488.2238,65,2012,17,49,60.49
203726,Active,895052,NA,NA,S,0,0,549682.9438,38.48,2002,14,33.82,11.93
203727,Active,639150,NA,NA,D,1,0,394945.295,69.95,2010,24,30.61,78.13
203728,Active,162261,NA,NA,D,4,1,976006.6075,34.95,2008,22,4,56.77
203729,Active,761570,NA,NA,D,3,1,2844703.148,24.95,2005,23,4,20.97
203730,Active,627021,NA,NA,D,1,0,736040.0588,60,2009,42,13.87,63.1
203731,Active,617252,NA,NA,S,1,0,569346.9875,114.8,2009,49,4.3,83.72
203732,Active,630137,NA,NA,S,2,1,121525.2,36.95,2008,15,14.02,28.83
203733,Active,630056,NA,NA,D,1,0,158237.1113,44.95,2010,29,6.31,33.99
203734,Active,1560969,NA,NA,S,0,0,57283.5925,9.99,2012,38,4,9.11
203735,Active,118004,NA,NA,D,7,1,1517297.869,138.4,2005,43,4,6.69
203736,Active,240793,NA,NA,S,2,1,5320.9325,40,2001,109,17.85,27.95
203737,Active,296470,NA,NA,S,3,1,141582.8,65.95,2004,45,15.76,39.88
203738,Active,163952,NA,NA,S,1,0,836274.1775,65,1996,80,4,7.69
203739,Active,624956,NA,NA,S,2,1,265147.2463,50,2009,113,23.95,30.37
203740,Active,894130,NA,NA,D,3,1,2965153.348,91.9,2003,22,7.46,70
203741,Active,626704,NA,NA,S,0,0,116592.8225,39.99,2012,37,11.59,17.57
203742,Active,126231,NA,NA,D,1,0,130310.5413,89.95,2001,54,26.33,73.87
203743,Active,628780,NA,NA,S,1,0,268724.995,49.99,2008,44,14.98,30.59
203744,Active,342496,NA,NA,D,0,0,1060640.408,90,1999,46,4,49.99
203745,Active,920089,NA,NA,D,1,0,352171.4563,34.95,1998,43,8.88,21.98
203746,Active,587926,NA,NA,S,6,1,49088.925,234.95,2011,31,34.13,148.79
203747,Active,251973,NA,NA,S,6,1,44374.42375,160.95,2010,59,40.99,84.67
203748,Active,61000,NA,NA,D,5,1,273625.8463,172.95,2006,54,4.99,53.12
203749,Active,224354,NA,NA,D,4,1,142558.2213,111.95,2003,60,4.13,47.41
203750,Active,248315,NA,NA,S,1,0,266571.6063,192.95,2005,36,10.69,95.91
203751,Active,647350,NA,NA,S,2,1,118145.6863,38.95,2010,26,8.57,0
203752,Active,169983,NA,NA,D,1,0,542198.55,83.95,2009,57,4,10.71
203753,Active,587551,NA,NA,D,0,0,2401035.353,40.79,2009,17,4,19.98
203754,Active,525223,NA,NA,D,9,1,327703.705,185.95,2011,44,4,45.55
203755,Active,618978,NA,NA,S,3,1,1617.49125,59.99,2009,92,24.59,33.99
203756,Active,621927,NA,NA,S,2,1,301329.1163,44.95,2011,26,23.48,39.08
203757,Active,1462133,NA,NA,S,0,0,19753.3,64,2012,16,35.93,37.5
203758,Active,131438,NA,NA,D,0,0,1951608.885,54.8,2001,28,4,17.54
203759,Active,378749,NA,NA,S,2,1,864989.6163,79.95,1998,24,15.36,102.33
203760,Active,675916,NA,NA,S,2,1,344537.6525,16.95,2005,166,4,10
203761,Active,641588,NA,NA,S,2,1,1327953.65,49.99,2008,20,3.99,0
203762,Active,534736,NA,NA,S,4,1,183541.68,49.99,2013,24,23.93,0
203763,Active,655412,NA,NA,S,3,1,422804.4413,56.99,2012,25,25.33,0
203764,Active,546749,NA,NA,D,0,0,323380.5925,63.99,2010,64,4,23.89
203765,Active,1936405,NA,NA,S,3,1,429667.1025,72.99,2015,20,43.99,46.68
203766,Active,650055,NA,NA,D,1,0,346162.79,49.99,2010,28,7.6,13.98
203767,Active,501025,NA,NA,S,2,1,439174.3438,76.99,2012,41,28.74,46.38
203768,Active,631147,NA,NA,S,1,0,1360309.706,66.95,2008,21,4.99,10.19
203769,Active,2162761,NA,NA,S,2,1,175442.755,19.95,2011,73,5.09,21.98
203770,Active,1741964,NA,NA,S,2,1,600799.5013,12.22,2006,14,4.47,12.31
203771,Active,1724464,NA,NA,S,0,0,16091.7,55,2013,20,25.95,33.33
203772,Active,544258,NA,NA,D,5,1,65140.1125,143.95,2013,54,16.19,52.99
203773,Active,254186,NA,NA,D,4,1,458098.6238,158.95,2010,61,4.16,65.89
203774,Active,617903,NA,NA,S,1,0,659020.8588,74.95,2012,30,18.16,52.99
203775,Active,183091,NA,NA,S,2,1,2541297.281,128.95,2004,61,4,7.98
203776,Active,260022,NA,NA,D,7,1,35192.9975,132,2010,68,11.56,34.08
203777,Active,646908,NA,NA,S,1,0,4694.475,40,2013,28,20.39,23.79
203778,Active,2911382,NA,NA,S,0,0,345144.15,35,2005,25,16,33.29
203779,Active,525182,NA,NA,D,2,1,4496022.159,90.2,2006,19,4,20.94
203780,Active,2389131,NA,NA,D,0,0,2736225.234,52.6,2003,29,4,22.89
203781,Active,1481677,NA,NA,D,2,1,1505204.785,156.6,2007,35,4.31,28.99
203782,Active,1483196,NA,NA,S,4,1,1145085.858,74.67,2013,24,29.28,72.4
203783,Active,110420,NA,NA,D,3,1,296790.8538,34.85,2007,77,4.73,17.26
203784,Active,309047,NA,NA,D,3,1,247531.6775,137.14,2007,57,4,38.99
203785,Active,878268,NA,NA,S,3,1,2515623.091,111.05,2008,22,4.4,51.39
203786,Active,285193,NA,NA,S,2,1,1520441.439,57.5,2003,35,4,8.97
203787,Active,285517,NA,NA,D,4,1,233171.895,153.25,2010,61,8.26,19.21
203788,Active,109928,NA,NA,D,3,1,254826.0413,96.68,2007,50,4,37.13
203789,Active,120696,NA,NA,D,2,1,281245.5063,69.6,2008,40,4,15.89
203790,Active,871656,NA,NA,D,0,0,1137293.9,44.8,2003,18,3.36,72.67
203791,Active,115539,NA,NA,D,0,0,4143242.901,44.8,2003,23,4,8.98
203792,Active,120697,NA,NA,D,2,1,795621.4963,69.6,2008,50,4,20.93
203793,Active,145346,NA,NA,D,2,1,1204018.388,90.2,2006,26,4,66.35
203794,Active,55444,NA,NA,D,9,1,851332.9263,103.68,2006,46,19.11,39.56
203795,Active,108020,NA,NA,D,8,1,837486.92,95.31,2002,41,4,43.77
203796,Active,893627,NA,NA,D,0,0,2153093.813,43.99,2010,20,7.31,58.98
203797,Active,54667,NA,NA,S,9,1,342006.6325,141.4,2006,39,15.84,70.21
203798,Active,117498,NA,NA,S,8,1,580652.6463,97.6,2003,37,4.36,45.91
203799,Active,117327,NA,NA,D,9,1,1007116.5,123,2006,44,4,59.9
203800,Active,617676,NA,NA,D,9,1,45154.025,140.35,2006,75,10.07,31.29
203801,Active,287627,NA,NA,S,6,1,87011.9675,190.2,2009,49,13.99,72.17
203802,Active,118402,NA,NA,D,5,1,2184088.568,107.2,2006,60,4,13.98
203803,Active,870119,NA,NA,S,11,1,481252.4,71.33,2012,20,27.87,69.31
203804,Active,871073,NA,NA,S,7,1,1478435.509,78.67,2000,48,4,6.66
203805,Active,132967,NA,NA,D,10,1,94955.87875,130.6,2009,50,6.24,11.44
203806,Active,53343,NA,NA,S,5,1,1406597.479,85.8,2006,42,4,22.97
203807,Active,132968,NA,NA,D,10,1,141201.7525,130.6,2009,51,5.99,61.35
203808,Active,132933,NA,NA,D,10,1,485793.8275,124.4,2009,42,4.37,45.65
203809,Active,132932,NA,NA,S,10,1,667341.7263,129.2,2009,19,22.64,167.35
203810,Active,417244,NA,NA,D,7,1,551704.1975,44.69,2010,93,4.48,41.68
203811,Active,416504,NA,NA,D,6,1,1203127.951,23.87,2007,76,4,23.48
203812,Active,572791,NA,NA,S,5,1,606709.9313,173.95,1994,35,11.97,73.23
203813,Active,119967,NA,NA,S,2,1,474286.955,131.4,1996,29,4,31.15
203814,Active,639246,NA,NA,S,2,1,312275.1113,65.95,2009,38,33.82,71.46
203815,Active,1688229,NA,NA,S,2,1,289283.3675,49.95,2014,26,23.95,31.82
203816,Active,649510,NA,NA,S,2,1,217794.1463,39.95,2013,27,34.61,32.25
203817,Active,548101,NA,NA,D,2,1,2683259.593,125.95,1997,34,4,44.71
203818,Active,710700,NA,NA,S,7,1,3056432.67,88,2000,37,4,10
203819,Active,2675755,NA,NA,S,2,1,333600.69,44.95,1993,38,4,6.5
203820,Active,258421,NA,NA,D,1,0,744877.0125,120,2008,49,4.57,14.99
203821,Active,2834511,NA,NA,S,2,1,375630.3763,50,2002,27,18.64,61.33
203822,Active,2577182,NA,NA,D,1,0,4780981.546,79.95,1984,32,4,18.49
203823,Active,861792,NA,NA,S,2,1,292659.1363,53.95,2013,28,21.22,35.98
203824,Active,246777,NA,NA,D,2,1,1396050.14,206.95,2010,19,7.64,51.72
203825,Active,1509303,NA,NA,D,0,0,3659805.433,16.95,2006,17,4.13,11.21
203826,Active,203578,NA,NA,D,4,1,1501108.808,74.95,2004,34,4,40.87
203827,Active,866986,NA,NA,S,3,1,34905.575,59.95,2014,33,36.99,47.25
203828,Active,2041099,NA,NA,S,0,0,510669.7513,79.95,2006,18,26.05,43.94
203829,Active,3218330,NA,NA,S,0,0,5563.10125,55.97,2006,0,0,52.44
203830,Active,923904,NA,NA,S,0,0,17936.53,7.99,1988,102,4,7.14
203831,Active,157456,NA,NA,S,2,1,465219.44,48.95,2008,43,17.94,34.17
203832,Active,626977,NA,NA,D,1,0,546063.0125,44.95,2003,33,4,43.53
203833,Active,246507,NA,NA,S,2,1,161489.1838,46.95,2005,21,34.62,35.2
203834,Active,1879835,NA,NA,S,1,0,1197475.649,14,2011,19,30.27,57.43
203835,Active,685877,NA,NA,D,1,0,92700.565,28.99,1988,149,4.16,10.21
203836,Active,2847354,NA,NA,S,0,0,391090.9863,39.99,1995,48,5.01,63.48
203837,Active,808059,NA,NA,S,0,0,432253.0688,44.99,2012,25,12.78,25.95
203838,Active,808087,NA,NA,S,0,0,814308.6075,74.99,2012,14,37.99,43.96
203839,Active,808058,NA,NA,S,2,1,1049515.601,74.99,2012,23,21.94,41.89
203840,Active,3547575,NA,NA,D,0,0,1061889.4,34.95,1992,87,4,15.96
203841,Active,2329564,NA,NA,D,1,0,67255.61125,34.99,1983,140,4.77,22.89
203842,Active,918062,NA,NA,S,8,1,471746.3163,76.45,2003,27,9.26,20.65
203843,Active,654765,NA,NA,S,1,0,41299.3,67.95,2008,19,53.29,53.4
203844,Active,144361,NA,NA,S,1,0,415516.1113,115.6,2003,35,12.52,80.65
203845,Active,53101,NA,NA,D,4,1,4679930.159,58,2003,17,3.99,7.99
203846,Active,268582,NA,NA,S,0,0,270517.235,35,2005,46,11.91,45.8
203847,Active,133180,NA,NA,S,2,1,589060.4925,78.8,2010,43,4.77,18.99
203848,Active,553712,NA,NA,D,0,0,314342.25,97.2,2007,89,3.99,20.94
203849,Active,120710,NA,NA,D,2,1,63810.78875,178.4,2009,61,8.65,53.44
203850,Active,525034,NA,NA,S,3,1,225609.6063,44.95,2010,40,17.95,33.24
203851,Active,708213,NA,NA,S,1,0,194789.2075,92.36,2004,58,4.54,34.98
203852,Active,2122696,NA,NA,S,2,1,21195.52875,39.99,2014,26,13.94,20.98
203853,Active,271251,NA,NA,D,5,1,544320.8188,50,2006,102,4,9.44
203854,Active,886702,NA,NA,S,7,1,382192.46,80,2013,24,5.09,44.26
203855,Active,148056,NA,NA,S,7,1,341848.5988,216.95,2005,34,4.17,23.99
203856,Active,118938,NA,NA,D,5,1,365650.3,147.8,2006,51,4,25.66
203857,Active,552414,NA,NA,D,4,1,1221593.266,113.2,2004,40,4.31,22.97
203858,Active,117967,NA,NA,D,6,1,403758.4675,121.6,2005,75,4,13.8
203859,Active,51680,NA,NA,D,1,0,2382901.96,55.4,2002,44,4,4.36
203860,Active,51683,NA,NA,S,4,1,36071.57625,108.2,2011,65,25.98,66.27
203861,Active,51682,NA,NA,D,3,1,469109.2575,76,2008,93,4,13.95
203862,Active,286070,NA,NA,D,4,1,885553.11,108,2008,27,4.48,23.09
203863,Active,766895,NA,NA,D,1,0,6736674.516,90.95,2003,21,4,43.81
203864,Active,920799,NA,NA,D,4,1,915734.7438,104,2007,56,4.25,20.86
203865,Active,1607478,NA,NA,S,1,0,981.85,50,2014,33,25.98,29.05
203866,Active,917538,NA,NA,D,1,0,423348.5688,120.29,1956,86,14.49,96.57
203867,Active,690793,NA,NA,S,2,1,24773.8875,24.95,2013,37,18.38,18.99
203868,Active,133209,NA,NA,S,7,1,78109.50125,239.8,2010,75,14.97,72.12
203869,Active,131609,NA,NA,D,5,1,1476868.018,110,2004,59,4,7.27
203870,Active,61008,NA,NA,D,6,1,132164.9225,154.4,2007,58,4,21.48
203871,Active,142257,NA,NA,S,1,0,413528.3325,49.99,1998,120,4,42.49
203872,Active,224720,NA,NA,D,4,1,93311.19625,225.95,2011,60,9.83,20.43
203873,Active,169170,NA,NA,D,3,1,242898.3375,238.95,2006,70,4,14.72
203874,Active,2094454,NA,NA,S,0,0,6548.925,39.99,2015,18,23.45,23.23
203875,Active,131595,NA,NA,S,1,0,92740.52375,170.6,2005,71,10.28,64.63
203876,Active,170000,NA,NA,D,8,1,228111.7788,148.95,2010,49,4.23,41.49
203877,Active,1623416,NA,NA,D,7,1,6373162.954,462.9,2008,13,4,98.79
203878,Active,680430,NA,NA,S,3,1,104780.5725,52.95,2012,90,20.43,42.95
203879,Active,3239137,NA,NA,D,2,1,361540.7075,41.66,2005,48,4,18.99
203880,Active,2391405,NA,NA,S,7,1,723035.6188,168,1998,30,4.43,44.87
203881,Active,51284,NA,NA,S,2,1,1689532.161,7.8,2004,59,4,6.51
203882,Active,2419870,NA,NA,D,0,0,3814762.375,115,2004,19,5.93,99.78
203883,Active,1471434,NA,NA,D,1,0,363826.4513,44.95,2013,31,13.09,32.98
203884,Active,133181,NA,NA,S,2,1,835337.9875,61.4,2010,48,4.99,73.09
203885,Active,120711,NA,NA,D,2,1,73350.59375,178.4,2009,33,8.99,53.97
203886,Active,132878,NA,NA,S,2,1,1138130.115,147.2,2009,31,4,53.85
203887,Active,120712,NA,NA,S,2,1,518253.6125,123.6,2009,39,4,0
203888,Active,564619,NA,NA,S,4,1,1394239.448,42.95,2004,21,8.52,36.94
203889,Active,421832,NA,NA,D,3,1,570880.2975,134.4,2005,68,5.49,44.65
203890,Active,428534,NA,NA,D,4,1,51920.90625,160.8,2010,44,8.99,110.63
203891,Active,616243,NA,NA,S,0,0,420722.345,47.95,1990,47,5.58,21.89
203892,Active,2609211,NA,NA,S,2,1,428696.1875,54.99,1998,74,4.13,21.97
203893,Active,55073,NA,NA,D,2,1,351647.045,53.6,2004,50,4,15.18
203894,Active,633194,NA,NA,S,2,1,1038044.865,45,2011,30,4,23.48
203895,Active,902511,NA,NA,D,0,0,1214955.004,39.99,2004,21,13.83,28.99
203896,Active,3024120,NA,NA,D,0,0,2531102.008,42.99,2004,22,4.09,28.49
203897,Active,608700,NA,NA,D,4,1,2042054.549,170.95,2009,29,4.53,12.95
203898,Active,608791,NA,NA,D,3,1,4084464.57,123.95,2005,26,4,26.36
203899,Active,144909,NA,NA,S,5,1,3571508.699,53.33,2004,35,4,6.25
203900,Active,609395,NA,NA,S,2,1,818694.2738,161.95,2003,55,3.99,9.28
203901,Active,169975,NA,NA,D,4,1,761554.3988,174.95,2009,88,4,8.24
203902,Active,53152,NA,NA,S,4,1,1552474.313,11.99,2003,68,3.99,23.93
203903,Active,142182,NA,NA,D,7,1,11901.405,81.98,2011,112,5.7,102.09
203904,Active,542056,NA,NA,D,5,1,36827.6025,167.95,2011,52,9.25,70.61
203905,Active,831928,NA,NA,S,3,1,3149162.344,88.95,2003,33,4,13.99
203906,Active,610053,NA,NA,D,9,1,1269386.413,175.95,2010,22,4,73.75
203907,Active,55439,NA,NA,D,6,1,279853.4363,190.95,2007,51,4,33.99
203908,Active,55440,NA,NA,D,7,1,177825.3613,198.95,2010,89,4.99,8.46
203909,Active,533374,NA,NA,S,2,1,1717618.956,128.87,2011,24,12.97,163.88
203910,Active,877370,NA,NA,S,4,1,442880.2025,106.67,2014,30,51.96,80.25
203911,Active,56151,NA,NA,D,3,1,293106.0425,122.2,2010,146,4,11.97
203912,Active,56153,NA,NA,D,2,1,1116981.644,110,2008,130,4,7.93
203913,Active,57225,NA,NA,D,11,1,476003.295,141.95,2010,87,6.95,54.27
203914,Active,1491721,NA,NA,S,0,0,138234.65,41.95,2007,15,26.96,41.95
203915,Active,830709,NA,NA,S,2,1,726654.0138,64.95,1994,32,6.11,54.58
203916,Active,294548,NA,NA,D,0,0,423009.9425,49,2002,41,7.82,36.99
203917,Active,657436,NA,NA,D,1,0,2404919.013,185,2007,18,35.59,120.69
203918,Active,734878,NA,NA,S,28,1,576548.345,40,2011,23,4.42,14.18
203919,Active,1462718,NA,NA,D,1,0,731130.6238,28.95,2008,35,5.12,24.25
203920,Active,238953,NA,NA,D,0,0,220978.2488,22,2000,87,4,20.06
203921,Active,131629,NA,NA,S,3,1,648641.2625,90.6,2002,63,4,0
203922,Active,2435137,NA,NA,S,2,1,426592.185,45.95,1997,33,6.33,15.63
203923,Active,853013,NA,NA,S,6,1,226010.8275,10.98,2002,40,4.37,23.07
203924,Active,53115,NA,NA,S,7,1,783499.38,97.25,2005,19,8.38,105.13
203925,Active,613613,NA,NA,S,6,1,290446.28,17.78,2002,56,4,16.66
203926,Active,53116,NA,NA,D,8,1,100025.7925,58.99,2007,73,7.17,29.98
203927,Active,873386,NA,NA,D,6,1,629337.73,95.68,2005,45,6.07,84.01
203928,Active,53677,NA,NA,D,9,1,142786.545,120.89,2010,62,24.59,69.83
203929,Active,112255,NA,NA,S,2,1,139253.52,100.75,2004,56,4.19,17.32
203930,Active,608417,NA,NA,D,6,1,119188.2463,201.95,2005,79,4.39,55.99
203931,Active,615540,NA,NA,D,7,1,351290.9725,11.99,2005,49,4,10.15
203932,Active,53196,NA,NA,D,3,1,98919.77625,124.2,2009,64,4.39,47.87
203933,Active,617436,NA,NA,D,1,0,660351.965,81.2,2003,33,4,12.94
203934,Active,293348,NA,NA,S,6,1,195600.4025,66,2009,55,15.55,28.99
203935,Active,52420,NA,NA,D,11,1,93099.3775,63.67,2008,82,6.99,40.85
203936,Active,52419,NA,NA,D,10,1,108342.1338,72.45,2005,56,4.39,38.99
203937,Active,52421,NA,NA,D,12,1,19655.5425,92.35,2010,92,10.98,31.99
203938,Active,626978,NA,NA,D,0,0,318941.5763,46.95,2006,45,5.33,43.26
203939,Active,564750,NA,NA,D,2,1,37584.4525,68.95,2009,38,18.17,33.89
203940,Active,1660367,NA,NA,D,2,1,2711377.769,0,2007,17,4.98,80.71
203941,Active,170112,NA,NA,D,2,1,175357.7275,181.95,2011,81,6.75,23.99
203942,Active,178122,NA,NA,D,1,0,1192280.054,191.95,2008,46,4,23.99
203943,Active,1894857,NA,NA,S,1,0,1105598.319,81.05,2009,27,13.51,53.99
203944,Active,53678,NA,NA,D,8,1,138154.0813,52.22,2007,63,12.97,40.63
203945,Active,53195,NA,NA,D,2,1,1870850.258,111.6,2006,57,4,23.97
203946,Active,538516,NA,NA,D,8,1,8411.8625,222,2012,98,18.64,48.11
203947,Active,53228,NA,NA,D,7,1,41220.1325,63.62,2009,93,8.49,27.98
203948,Active,53229,NA,NA,D,6,1,322975.5063,52.59,2006,74,4,14.68
203949,Active,51936,NA,NA,D,4,1,142774.5525,71.87,1999,109,4,30.57
203950,Active,51935,NA,NA,D,6,1,38449.42375,239.47,2007,82,18.06,31.08
203951,Active,879348,NA,NA,S,3,1,851946.635,62.45,1996,71,4.58,24.64
203952,Active,51934,NA,NA,D,5,1,154015.4388,38.89,2004,72,8.16,36.81
203953,Active,61013,NA,NA,D,2,1,272093.3688,129.2,2004,38,5.1,37.49
203954,Active,537152,NA,NA,S,3,1,23033.98375,44.95,2012,59,17.87,42.39
203955,Active,915336,NA,NA,D,0,0,743295.445,70,1976,49,5.16,17.79
203956,Active,919794,NA,NA,S,0,0,917889.8238,70,1979,53,8.84,10.99
203957,Active,546655,NA,NA,S,2,1,86260.545,37.95,2011,41,15.47,28.46
203958,Active,292694,NA,NA,S,2,1,50789.46,44.99,2005,43,17.48,29.47
203959,Active,2786515,NA,NA,S,2,1,301302.65,69.99,1980,66,8.53,26.74
203960,Active,2647610,NA,NA,D,1,0,1065405.981,44.95,1993,29,6.61,60.49
203961,Active,638845,NA,NA,S,2,1,219552.4325,63.95,2006,27,38.37,45.15
203962,Active,554739,NA,NA,S,2,1,54641.15,142.95,2001,71,13.58,25.99
203963,Active,630551,NA,NA,S,0,0,453395.44,35,2012,26,23.99,23.99
203964,Active,163167,NA,NA,S,3,1,14714.2075,29.95,2011,56,10.59,18.82
203965,Active,612674,NA,NA,S,4,1,5240.02625,76.99,2014,76,27.68,28.91
203966,Active,270786,NA,NA,D,3,1,87123.8725,66.99,2010,259,3.88,8.6
203967,Active,61014,NA,NA,D,2,1,1132151.384,59.95,2006,95,3.95,4.96
203968,Active,3013211,NA,NA,D,2,1,2728868.701,59.95,2002,17,6.06,14.98
203969,Active,663909,NA,NA,S,3,1,1283642.636,41.95,2013,32,4.93,26.58
203970,Active,200650,NA,NA,D,2,1,69883.70375,112.95,2010,55,38.39,63.9
203971,Active,200326,NA,NA,D,1,0,786150.4738,86.95,2007,51,4,44.34
203972,Active,793118,NA,NA,D,0,0,910066.7938,47.95,1999,45,4,16.21
203973,Active,247584,NA,NA,D,1,0,613979.6913,62,2006,36,10.68,50.68
203974,Active,228728,NA,NA,D,5,1,590131.695,158.95,2004,28,9.99,62.71
203975,Active,264569,NA,NA,D,1,0,1287928.339,64.95,2003,26,4,4
203976,Active,270782,NA,NA,S,5,1,79941.955,81.99,2011,64,30.12,53.93
203977,Active,919610,NA,NA,S,2,1,26849.3025,34.95,2012,52,16.74,29.34
203978,Active,762911,NA,NA,D,1,0,562948.7375,55,1997,26,6.3,33.99
203979,Active,157083,NA,NA,D,0,0,1185550.478,49.95,2005,28,4,31.72
203980,Active,567688,NA,NA,D,2,1,86063.31625,140.95,2009,65,8.25,23.48
203981,Active,213223,NA,NA,D,0,0,1627547.708,140,2006,18,19.49,102.76
203982,Active,213224,NA,NA,D,0,0,224819.1275,51.95,2006,34,8.23,34.93
203983,Active,1927498,NA,NA,D,1,0,2279145.834,117.95,2011,23,4.99,69.49
203984,Active,104471,NA,NA,S,6,1,726946.9425,56.03,1995,76,4,45.23
203985,Active,552566,NA,NA,S,0,0,263443.7275,38,2005,35,13.82,40.81
203986,Active,680418,NA,NA,S,2,1,9287.33625,24.95,2013,43,16.33,16.34
203987,Active,247550,NA,NA,D,1,0,137692.5763,118,2011,26,29.45,48.88
203988,Active,870890,NA,NA,D,2,1,994594.9263,110.67,2005,40,4,7.98
203989,Active,132146,NA,NA,D,6,1,709114.11,118.67,2006,33,4,21.99
203990,Active,120064,NA,NA,D,3,1,145858.92,134.6,2009,83,4.69,48.99
203991,Active,131404,NA,NA,D,0,0,751262.5838,106.67,2001,30,4,22.91
203992,Active,248135,NA,NA,S,2,1,224615.9,135,2010,31,38.98,0
203993,Active,614254,NA,NA,S,2,1,298997.7625,100,2000,57,6,58.91
203994,Active,61156,NA,NA,S,4,1,229912.975,52,1999,82,4,6.69
203995,Active,261306,NA,NA,D,1,0,1241800.683,36,1999,45,4,13.28
203996,Active,270871,NA,NA,D,2,1,238639.4713,48,2009,39,6.34,10.43
203997,Active,533945,NA,NA,D,5,1,33240.3,86,2005,89,6.39,35.32
203998,Active,2675737,NA,NA,S,3,1,2287162.966,50,1993,44,4,13.97
203999,Active,252603,NA,NA,D,5,1,27914.7975,127.25,2009,59,24.24,62.48
204000,Active,293052,NA,NA,D,4,1,342379.8813,40.98,2001,65,4.35,39.31
204001,Active,366249,NA,NA,D,3,1,2531619.205,55.95,2003,18,4.18,30.99
204002,Active,525525,NA,NA,S,4,1,553615.4488,59,2010,24,23.99,33
204003,Active,299840,NA,NA,S,0,0,460978.4713,45,2006,60,6.24,38.99
204004,Active,169378,NA,NA,D,9,1,576350.9813,147.95,2007,57,4.99,69.84
204005,Active,177498,NA,NA,D,7,1,3523727.031,75.95,2001,37,4,7.49
204006,Active,262790,NA,NA,S,10,1,74152.48625,66.95,2010,50,38.98,52.99
204007,Active,178109,NA,NA,D,8,1,1089260.859,93.95,2004,41,4,7.24
204008,Active,131258,NA,NA,D,0,0,3518215.57,76,2001,34,4,90.23
204009,Active,176758,NA,NA,S,4,1,1112618.635,134.95,1999,33,4,32.99
204010,Active,455646,NA,NA,D,5,1,355057.4088,279.95,2005,43,4.35,8.88
204011,Active,625608,NA,NA,S,5,1,451063.57,50,2013,61,19.21,39.11
204012,Active,860231,NA,NA,S,2,1,444409.7538,39,2010,25,9.25,35.92
204013,Active,2567155,NA,NA,D,2,1,1591194.371,83.03,1970,67,4,33.99
204014,Active,525524,NA,NA,D,10,1,9026.42,300.95,2012,59,33.99,121.39
204015,Active,765024,NA,NA,S,7,1,4454533.076,35.99,2000,38,3.98,35.99
204016,Active,50365,NA,NA,S,5,1,1438881.61,38.93,2001,48,4,6.99
204017,Active,2567156,NA,NA,D,3,1,811887.2888,47.54,1978,59,4,18.98
204018,Active,50366,NA,NA,D,6,1,333074.955,69.77,2005,49,3.99,43.83
204019,Active,698884,NA,NA,D,7,1,1105368.035,36.47,2008,28,4,30.61
204020,Active,50367,NA,NA,D,7,1,151402.205,45.18,2008,112,4.82,40.5
204021,Active,50013,NA,NA,D,9,1,332454.4788,286.95,2007,62,8.99,93.51
204022,Active,877183,NA,NA,D,10,1,48919.005,19.08,2013,25,14.46,15.73
204023,Active,553024,NA,NA,D,5,1,211032.9638,181.4,2007,46,13.94,53.99
204024,Active,50014,NA,NA,D,8,1,871651.4488,139.95,2003,65,4,13.54
204025,Active,117516,NA,NA,D,4,1,339989.145,129,2003,54,4,19.93
204026,Active,643411,NA,NA,D,5,1,1007679.998,144.95,2011,15,80.78,92.39
204027,Active,51321,NA,NA,D,5,1,105725.4125,226.95,2011,48,39.87,65.89
204028,Active,51319,NA,NA,S,2,1,2645810.293,106.95,1999,38,4,9.99
204029,Active,51318,NA,NA,D,4,1,575271.4825,239.95,2007,84,4,20.08
204030,Active,51320,NA,NA,S,3,1,1908583.5,132.95,2003,53,4,29.69
204031,Active,254200,NA,NA,D,6,1,213242.3238,156.95,2010,56,3.4,29.68
204032,Active,870998,NA,NA,D,5,1,1041683.206,165.95,2007,54,4,43.63
204033,Active,157444,NA,NA,S,2,1,655605.9638,66.95,2009,33,28.03,43.98
204034,Active,199276,NA,NA,S,1,0,457628.7038,100,2004,25,49.42,69.98
204035,Active,525523,NA,NA,D,3,1,733279.8125,56.95,2006,40,6.83,46.71
204036,Active,867316,NA,NA,S,3,1,65070.46125,47,2014,27,31.97,32.65
204037,Active,621963,NA,NA,S,2,1,143558.875,36.95,2010,23,26.01,26.85
204038,Active,162968,NA,NA,D,5,1,41707.76625,265.5,2010,60,35.79,113.23
204039,Active,753441,NA,NA,S,5,1,1090709.106,234.3,2013,16,31.28,64.99
204040,Active,165656,NA,NA,D,4,1,470299.7638,63.54,2005,58,5.98,63.64
204041,Active,770245,NA,NA,D,1,0,324137.9788,79.95,2004,44,4,4.99
204042,Active,572292,NA,NA,S,2,1,72373.6125,192.95,2007,64,17.82,59.43
204043,Active,2855563,NA,NA,S,0,0,1423857.954,14.5,2005,18,9.41,12.99
204044,Active,149270,NA,NA,D,2,1,1902812.991,45,2002,57,4,18.29
204045,Active,134939,NA,NA,S,3,1,94171.735,49.5,2010,23,35.44,38.99
204046,Active,188209,NA,NA,D,1,0,455840.6588,49.95,1997,49,4,9.31
204047,Active,52193,NA,NA,S,6,1,337713.9688,91.95,2000,171,4,25.86
204048,Active,52192,NA,NA,D,8,1,19161.78125,226.95,2008,252,7.26,30.96
204049,Active,52194,NA,NA,D,7,1,381771.2175,147.95,2004,200,4,6.99
204050,Active,860232,NA,NA,D,5,1,2647022.015,78,2010,18,8.33,26.97
204051,Active,177122,NA,NA,D,1,0,424979.4775,197.95,2008,48,13.94,61.28
204052,Active,52115,NA,NA,D,7,1,166328.415,206.95,2007,105,4.66,25.83
204053,Active,55449,NA,NA,S,5,1,1757.54125,60,2005,104,26.38,30.94
204054,Active,159422,NA,NA,D,5,1,2494004.975,205,2001,16,43.77,142.99
204055,Active,1667951,NA,NA,D,0,0,2408078.589,68,2006,24,4,45.38
204056,Active,2133427,NA,NA,S,2,1,276979.1338,70,2012,20,41.3,42.78
204057,Active,875763,NA,NA,D,3,1,843473.8325,115.95,1999,82,4,23.98
204058,Active,245195,NA,NA,D,4,1,761578.9738,101.95,2005,46,7.64,24.95
204059,Active,637149,NA,NA,S,1,0,74429.0875,48,2009,30,34.14,34.99
204060,Active,617675,NA,NA,D,1,0,634334.6475,33.26,2006,44,5.85,21.69
204061,Active,633929,NA,NA,D,1,0,1156851.081,61.47,2006,35,5.14,9.99
204062,Active,705214,NA,NA,D,0,0,1106687.498,58.13,2007,24,4,43.99
204063,Active,104223,NA,NA,S,3,1,664938.0775,43,2010,29,19.94,22.85
204064,Active,248452,NA,NA,D,2,1,922486.7175,158.95,2008,39,4,33.17
204065,Active,170114,NA,NA,D,3,1,316382.5275,150.95,2011,34,16.72,41.57
204066,Active,541418,NA,NA,S,2,1,153911.1938,49.95,2012,96,37.65,39.8
204067,Active,246330,NA,NA,D,1,0,1828908.175,48.99,2006,18,6.24,27.89
204068,Active,551705,NA,NA,S,1,0,574430.86,196.6,2000,33,23.61,64.99
204069,Active,639570,NA,NA,S,3,1,531152.5738,59.95,1986,63,39.94,49.69
204070,Active,629240,NA,NA,S,3,1,380403.32,117.15,1970,25,23.94,78.84
204071,Active,189391,NA,NA,S,0,0,345449.96,43.95,1997,25,13.52,31.97
204072,Active,908488,NA,NA,D,2,1,2482688.896,89,1985,26,24.7,93.05
204073,Active,525518,NA,NA,S,2,1,933667.095,50.95,2009,11,31.82,58.63
204074,Active,190066,NA,NA,S,60,1,221997.2413,65,2007,25,38.97,38.96
204075,Active,177549,NA,NA,S,3,1,108760.8563,234.95,2002,36,28.52,125.13
204076,Active,631508,NA,NA,D,0,0,381675.73,51,2011,49,9.23,27.8
204077,Active,1767848,NA,NA,S,2,1,100164.5975,44.1,2014,21,31.16,32.61
204078,Active,287023,NA,NA,D,3,1,811938.9825,125,2003,19,12.99,41.99
204079,Active,607520,NA,NA,D,4,1,494846.9763,85,1992,23,4,60.77
204080,Active,899651,NA,NA,S,5,1,1102212.988,19.35,2008,37,5.87,19.24
204081,Active,525517,NA,NA,D,5,1,36962.68,188.95,2012,69,17.33,43.87
204082,Active,169386,NA,NA,D,4,1,370752.5063,207.95,2007,70,4,43.87
204083,Active,61017,NA,NA,S,3,1,2183922.966,106.95,2003,42,4,24.77
204084,Active,3026488,NA,NA,S,1,0,392114.815,62.95,2002,64,4,13.94
204085,Active,807053,NA,NA,D,1,0,622991.7825,55.95,2007,66,4.66,38.92
204086,Active,199580,NA,NA,D,1,0,1309951.364,82,2002,20,4.44,67.73
204087,Active,177440,NA,NA,S,1,0,17009.34625,153.95,2002,48,55.82,77.83
204088,Active,582340,NA,NA,S,2,1,412304.075,85,2005,42,4,33.51
204089,Active,619401,NA,NA,D,1,0,710589.5988,67,2007,60,4,8.58
204090,Active,905463,NA,NA,S,2,1,208343.17,54,2014,39,29.5,46
204091,Active,687930,NA,NA,S,2,1,78536.37,35,2013,47,23.19,24.94
204092,Active,550502,NA,NA,S,3,1,44731.05,142.75,2010,78,4.84,22.98
204093,Active,495824,NA,NA,D,3,1,69121.385,177.95,2007,88,9,0
204094,Active,2262857,NA,NA,S,5,1,1855824.31,100.21,2007,20,23.22,101.02
204095,Active,210979,NA,NA,D,5,1,71530.34375,72.95,2007,82,15.91,43.99
204096,Active,615122,NA,NA,S,2,1,888499.1525,73.95,2004,53,4,37.31
204097,Active,543130,NA,NA,S,6,1,4619.56875,88.95,2012,71,38.98,65.54
204098,Active,858603,NA,NA,S,3,1,1177631.656,51.95,1996,55,3.99,32.39
204099,Active,3269516,NA,NA,S,2,1,1329892.215,47.27,2004,35,6.45,48.59
204100,Active,204189,NA,NA,S,3,1,67939.285,85.99,2010,31,47.48,54.02
204101,Active,294822,NA,NA,D,4,1,288487.2113,61.95,2002,55,4.28,23.99
204102,Active,534525,NA,NA,S,3,1,220247.5275,80.99,2012,43,36.52,55.06
204103,Active,204136,NA,NA,D,2,1,894016.8725,75.99,2007,32,4,17.57
204104,Active,2124213,NA,NA,D,0,0,2318254.251,59.95,2007,18,19.89,62.93
204105,Active,525515,NA,NA,S,2,1,553280.3225,50.95,2007,65,4.08,25.24
204106,Active,2260510,NA,NA,D,0,0,1978568.3,14.46,2007,38,7.8,13.1
204107,Active,203779,NA,NA,D,1,0,534997.2325,88.95,2007,66,4,8.46
204108,Active,545664,NA,NA,S,2,1,70508.61,95.99,2012,42,48.69,54.25
204109,Active,615038,NA,NA,D,3,1,188774.9675,68.95,2004,55,6.42,17.34
204110,Active,106810,NA,NA,S,4,1,146994.3925,109,2011,51,47.67,50.98
204111,Active,106153,NA,NA,D,3,1,963649.8438,77.95,2005,45,4.8,32.17
204112,Active,2851378,NA,NA,D,2,1,2999314.505,275,2005,18,62.45,151.71
204113,Active,262770,NA,NA,S,4,1,248487.215,69.95,2011,42,28.53,49.26
204114,Active,915971,NA,NA,S,4,1,3173654.523,59.95,1999,59,4,37.93
204115,Active,131092,NA,NA,D,3,1,1432073.395,81,1999,28,4,33.76
204116,Active,481244,NA,NA,D,4,1,285972.625,106,2003,44,4.25,45.77
204117,Active,3124081,NA,NA,D,0,0,1178829.958,32.95,1996,22,5.26,26.94
204118,Active,113220,NA,NA,S,2,1,39195.885,54.95,2003,38,25.03,31.74
204119,Active,113219,NA,NA,D,1,0,419902.6175,54.95,1997,104,4,18.87
204120,Active,661143,NA,NA,S,2,1,365213.3913,49,2011,22,22.51,28.69
204121,Active,205637,NA,NA,D,2,1,848208.655,50,1998,43,4,48.14
204122,Active,1559809,NA,NA,D,1,0,538248.1675,50,2008,31,47.96,46.18
204123,Active,1538200,NA,NA,S,2,1,939156.3275,42.95,2006,36,11.75,37.9
204124,Active,1657876,NA,NA,S,2,1,1087891.498,54.59,2009,19,15.09,77.19
204125,Active,760809,NA,NA,D,1,0,6745638.745,200,2002,14,38.48,167.43
204126,Active,868311,NA,NA,D,1,0,2389634.451,22.5,1969,29,4.99,47.76
204127,Active,3515293,NA,NA,D,2,1,3204590.1,45.95,1993,15,18.5,839.1
204128,Active,113950,NA,NA,S,6,1,2654185.194,123.33,1999,22,4.34,74.84
204129,Active,3464145,NA,NA,D,4,1,1697276.55,114.7,1993,20,6.39,72
204130,Active,714617,NA,NA,D,5,1,477884.395,177,1998,21,47.98,69.98
204131,Active,868159,NA,NA,D,2,1,436380.7,91,1983,18,9.86,130.62
204132,Active,55071,NA,NA,D,6,1,245649.4288,67.98,2006,69,13.07,53.69
204133,Active,868003,NA,NA,D,0,0,1389547.721,169.95,1993,18,20.91,67.87
204134,Active,757559,NA,NA,D,1,0,1269988.175,83.95,2002,16,6.98,50.11
204135,Active,525509,NA,NA,S,3,1,73542.1925,137.2,2012,43,48.46,88.96
204136,Active,146171,NA,NA,D,2,1,221619.815,110,2009,53,6.36,45.04
204137,Active,61018,NA,NA,D,1,0,976177.5113,87.6,2005,45,4,17.99
204138,Active,55070,NA,NA,S,4,1,113925.8375,100.31,2001,85,9.98,53.99
204139,Active,650558,NA,NA,D,0,0,2208793.39,219,2007,22,87.01,105.5
204140,Active,3095355,NA,NA,D,10,1,3549152.651,85,2005,20,4.35,36.98
204141,Active,607401,NA,NA,S,3,1,440686.6238,70.8,2006,40,4.78,39.49
204142,Active,607250,NA,NA,S,2,1,3311554.215,51.35,2002,36,4,10.37
204143,Active,617956,NA,NA,S,4,1,310141.6288,77.6,2010,52,4.53,28.99
204144,Active,871459,NA,NA,D,4,1,14813015.2,0,1900,9,5.48,0
204145,Active,871919,NA,NA,D,0,0,6222838.429,35,1998,20,4.21,7.96
204146,Active,801426,NA,NA,S,2,1,320383.3725,41.95,2007,29,4,30.34
204147,Active,118772,NA,NA,S,1,0,122408.5788,91.4,2007,38,22.99,30.68
204148,Active,2341468,NA,NA,S,5,1,3337529.219,36.56,1996,22,4.78,11.49
204149,Active,534412,NA,NA,D,1,0,45127.11875,12.92,2006,284,4,7.51
204150,Active,525507,NA,NA,D,2,1,2680.3825,41.99,2012,251,5.55,18.99
204151,Active,289438,NA,NA,D,2,1,2874.245,25,2009,405,4,8.94
204152,Active,624641,NA,NA,S,3,1,85.5075,29.25,2014,356,9.99,10.49
204153,Active,153991,NA,NA,S,0,0,46054.92375,15.88,2008,188,4,10.98
204154,Active,3564586,NA,NA,D,3,1,3134660,173.95,2001,10,52.84,181.27
204155,Active,1455255,NA,NA,S,1,0,12097.825,49.99,2014,8,39.73,32.5
204156,Active,536345,NA,NA,S,0,0,209.35,12,1994,1523,4,6.66
204157,Active,2789726,NA,NA,D,1,0,44014.14,32.95,1987,26,19.73,20.77
204158,Active,3468685,NA,NA,D,1,0,1361298.9,0,2009,34,4,19.66
204159,Active,618554,NA,NA,D,2,1,37350.9175,56.99,2011,80,7.94,45.77
204160,Active,919023,NA,NA,D,1,0,2118204.23,67.6,2009,43,4,9.34
204161,Active,130438,NA,NA,D,3,1,895351.7125,76.2,2010,69,4.08,14.26
204162,Active,640078,NA,NA,D,1,0,1694509.283,13.18,2009,18,5.12,13.18
204163,Active,867873,NA,NA,S,3,1,29607.0375,84.2,2014,59,29.99,63.99
204164,Active,525505,NA,NA,D,2,1,95327.7675,72,2012,77,4,37.93
204165,Active,133205,NA,NA,D,1,0,718445.0375,65.8,2010,76,4,7.99
204166,Active,534154,NA,NA,S,1,0,219647.9638,111.22,2011,63,9.67,36.3
204167,Active,613396,NA,NA,D,2,1,186342.485,104.8,2012,123,4,18.99
204168,Active,613711,NA,NA,D,1,0,619730.095,84.4,2010,51,4.03,38.98
204169,Active,633517,NA,NA,S,1,0,37946.83625,73.95,2002,32,30.7,37.85
204170,Active,428589,NA,NA,S,1,0,35948.3,111.4,2010,23,48.97,56.14
204171,Active,652363,NA,NA,S,2,1,425439.5375,44.95,2013,14,34.75,0
204172,Active,525503,NA,NA,S,2,1,20653.285,115.6,2012,52,46.94,77.85
204173,Active,130767,NA,NA,D,1,0,292949.5163,84.4,2011,38,4,25.91
204174,Active,133084,NA,NA,D,1,0,621782.325,94.8,2010,27,5.48,23.96
204175,Active,118271,NA,NA,S,2,1,73465.98875,116.6,2010,87,9.73,43.48
204176,Active,557648,NA,NA,S,2,1,10824.03625,105.2,2012,81,53.71,74
204177,Active,614932,NA,NA,D,1,0,331124.9263,79.8,2010,44,7.92,23.99
204178,Active,626667,NA,NA,S,1,0,120364.1188,85.8,2012,39,41.97,53.99
204179,Active,637762,NA,NA,D,1,0,129353.3063,44.99,2012,48,16.05,32.26
204180,Active,621316,NA,NA,S,1,0,46859.475,111.4,2011,26,57.97,81.14
204181,Active,619353,NA,NA,S,1,0,46398.25,111.4,2010,37,46,82.06
204182,Active,610088,NA,NA,S,2,1,13929.22125,114,2012,60,43.99,66.82
204183,Active,557548,NA,NA,D,1,0,290232.6075,84.67,2010,40,4.53,18.99
204184,Active,557000,NA,NA,D,1,0,942587.9975,84.67,2011,27,5.82,8.98
204185,Active,55512,NA,NA,D,1,0,446590.5838,69.33,2009,60,4.1,9.94
204186,Active,515918,NA,NA,S,2,1,23480.885,114.6,2010,100,21.2,43.91
204187,Active,635637,NA,NA,S,1,0,70428.0875,94.2,2012,85,23.8,67.88
204188,Active,115608,NA,NA,S,2,1,461984.76,80.8,2005,33,12.88,0
204189,Active,1471071,NA,NA,S,1,0,62231.675,62.95,2014,20,46.02,59.82
204190,Active,618949,NA,NA,D,1,0,303038.5213,89.4,2010,31,10.29,60.34
204191,Active,627876,NA,NA,S,2,1,101928.5688,111.4,2012,42,45.92,81.99
204192,Active,435073,NA,NA,D,4,1,285877.6163,112.4,2012,42,9.89,38.74
204193,Active,118635,NA,NA,D,3,1,389438.1975,100.6,2007,27,4.18,12.93
204194,Active,156484,NA,NA,S,0,0,556836.0888,51.95,1996,26,7.03,39.57
204195,Active,2031811,NA,NA,S,5,1,283583.2038,54.95,2013,38,33.47,33.48
204196,Active,2031776,NA,NA,D,3,1,1552368.39,29.95,2007,36,4,8.98
204197,Active,3084503,NA,NA,D,0,0,1259873.745,19.95,2005,31,4,11.93
204198,Active,246580,NA,NA,S,3,1,346441.3013,83.95,2008,68,18.99,27.74
204199,Active,467392,NA,NA,D,2,1,225147.0375,151.5,2007,110,6.89,15.99
204200,Active,191932,NA,NA,D,1,0,485568.9425,23.99,2003,70,4,25.73
204201,Active,865147,NA,NA,S,2,1,420430.9125,106.95,2005,30,17.23,52.99
204202,Active,246381,NA,NA,S,1,0,739271.1475,48.95,2006,43,6.49,36.99
204203,Active,55436,NA,NA,D,7,1,571678.7413,100.2,2005,59,3.98,10.98
204204,Active,55437,NA,NA,D,8,1,360619.2,102.6,2008,53,4.38,33.94
204205,Active,55438,NA,NA,D,9,1,73512.2675,145.6,2010,81,5.98,49.94
204206,Active,643396,NA,NA,D,1,0,155857.2313,39,2002,28,31.91,73.94
204207,Active,525501,NA,NA,S,4,1,129813.41,54.99,2007,31,35.99,48.83
204208,Active,174757,NA,NA,D,3,1,1393571.898,48.99,2000,41,4,15.8
204209,Active,567427,NA,NA,S,8,1,1996323.523,80.95,2006,13,14.73,11.1
204210,Active,552615,NA,NA,S,0,0,276774.56,42.2,2003,26,11.74,0
204211,Active,141227,NA,NA,S,2,1,289151.3825,73.04,2000,103,5.42,18.99
204212,Active,118821,NA,NA,S,2,1,1798027.114,24.2,2007,47,4,8.88
204213,Active,525500,NA,NA,S,3,1,91234.58125,49,2010,31,34.21,34.68
204214,Active,713686,NA,NA,D,2,1,6213513.081,44,1998,25,4,10.99
204215,Active,622258,NA,NA,D,3,1,2486883.026,53.8,2001,31,4,7.55
204216,Active,2255227,NA,NA,D,8,1,1051948.751,62.33,2011,31,16.63,70.45
204217,Active,110778,NA,NA,D,8,1,102840.2838,47.75,2011,63,12.79,25.99
204218,Active,285201,NA,NA,S,6,1,1236436.489,8.49,2003,56,4,8.43
204219,Active,110770,NA,NA,D,7,1,193030.76,11.37,2007,145,4,18.86
204220,Active,132522,NA,NA,S,3,1,385815.9838,49.99,2008,44,10.12,44.97
204221,Active,54086,NA,NA,D,9,1,471898.5325,170.95,2007,155,4,9.99
204222,Active,54084,NA,NA,D,10,1,48518.52875,160.95,2011,129,4.2,20.98
204223,Active,55068,NA,NA,D,8,1,386720.4488,170.95,2009,48,7.94,92.05
204224,Active,55069,NA,NA,D,7,1,205403.5075,170.95,2006,53,4,13.98
204225,Active,630933,NA,NA,S,2,1,640534.1875,55.95,2002,22,28.53,44.37
204226,Active,1767414,NA,NA,S,1,0,456913.4388,54.99,2014,49,36.92,39.05
204227,Active,121911,NA,NA,S,2,1,116811.935,95.8,2000,54,5.87,0
204228,Active,172432,NA,NA,S,2,1,659286.2763,39.99,2003,31,16.56,33.92
204229,Active,117729,NA,NA,S,4,1,27006.88875,74.99,2006,46,20.42,41.47
204230,Active,270576,NA,NA,D,0,0,3044.95375,19.95,2008,117,8.94,11.33
204231,Active,631684,NA,NA,S,3,1,125738.075,49,2008,38,28.38,37.99
204232,Active,3694989,NA,NA,D,0,0,1981781.25,0,2013,25,4.98,389.73
204233,Active,525499,NA,NA,D,2,1,131450.9063,195,2012,53,10.73,98.01
204234,Active,146597,NA,NA,S,5,1,555845.7138,198.67,2010,33,8.44,103.99
204235,Active,2423693,NA,NA,D,1,0,352122.4663,17,1982,51,6.29,64.8
204236,Active,625257,NA,NA,S,2,1,279033.97,116.6,2010,27,23.23,0
204237,Active,53667,NA,NA,D,5,1,18982.4175,194,2010,536,5.3,22.99
204238,Active,53666,NA,NA,D,4,1,117601.5275,142.67,2006,203,4.44,13.73
204239,Active,615637,NA,NA,D,2,1,283110.4575,34.95,2008,55,4,17.72
204240,Active,621286,NA,NA,S,3,1,40687.06375,44.95,2012,52,12.85,26.4
204241,Active,660797,NA,NA,S,0,0,331215.685,48.6,2013,38,16.33,29.58
204242,Active,355636,NA,NA,S,2,1,301428.1775,54.95,2001,30,6.78,17.49
204243,Active,619764,NA,NA,S,3,1,253020.8275,127.2,2011,25,29.48,112.99
204244,Active,914258,NA,NA,D,1,0,1186081.821,44.95,1995,31,4,23.99
204245,Active,630947,NA,NA,S,2,1,234667.7888,56.95,2009,56,24.02,38.98
204246,Active,876754,NA,NA,S,7,1,837584.45,103.98,2011,23,10.13,103.98
204247,Active,50246,NA,NA,D,5,1,851665.3938,121.4,2007,80,4,18.71
204248,Active,50245,NA,NA,D,4,1,2780780.561,66.67,2004,46,4,8.69
204249,Active,662374,NA,NA,S,1,0,927345.165,41.95,2011,14,23.94,23.94
204250,Active,54586,NA,NA,D,4,1,52858.96625,113.95,2009,84,4,9.98
204251,Active,864789,NA,NA,S,5,1,34663.3925,108.95,2014,57,48.93,76.19
204252,Active,54584,NA,NA,D,4,1,59381.35,113.95,2009,71,5.19,24.42
204253,Active,54585,NA,NA,D,3,1,1140952.72,119.95,2004,69,4,9.99
204254,Active,636087,NA,NA,S,4,1,1229208.101,64.8,2010,21,6.82,62.81
204255,Active,260376,NA,NA,S,1,0,252786.1025,19.95,2004,192,4,10.97
204256,Active,2535990,NA,NA,D,2,1,2164323.45,200,2000,14,6.98,93.61
204257,Active,2399473,NA,NA,D,0,0,4502507.469,51.5,1991,22,4,47.4
204258,Active,286748,NA,NA,S,2,1,333884.09,217.95,1997,20,25.9,93.12
204259,Active,144061,NA,NA,S,1,0,322310.875,124.2,1999,46,30.64,87.05
204260,Active,221370,NA,NA,S,3,1,501083.9488,35,2006,37,19.39,107.49
204261,Active,1924840,NA,NA,S,0,0,268142.9913,49.99,2014,14,13.72,29.99
204262,Active,169331,NA,NA,D,9,1,1271620.494,83.95,2006,29,4,13.79
204263,Active,567677,NA,NA,D,10,1,1185839.095,136.95,2009,43,4,31.11
204264,Active,647119,NA,NA,S,1,0,16996.15,34.95,2012,37,17.95,19.33
204265,Active,61019,NA,NA,D,8,1,452414.195,69.95,2005,50,6.39,48.45
204266,Active,852575,NA,NA,D,7,1,1040163.394,65,2001,27,4.81,50.2
204267,Active,127404,NA,NA,S,9,1,28084.3725,95.95,2009,57,40.5,51.98
204268,Active,1435476,NA,NA,S,2,1,86986.775,49.95,2009,27,24.93,26
204269,Active,571801,NA,NA,S,8,1,110490.925,110.95,2000,65,12.93,55.93
204270,Active,624485,NA,NA,S,2,1,161354.1638,59.95,2003,38,24.79,43.47
204271,Active,146167,NA,NA,D,12,1,249768.6913,280.4,2009,55,5.64,133.99
204272,Active,728590,NA,NA,S,10,1,596370.9425,192,2002,52,4.96,9.5
204273,Active,146072,NA,NA,D,12,1,80277.71,266.4,2009,146,9.79,53.98
204274,Active,145697,NA,NA,D,11,1,254308.0463,266.4,2007,169,4.99,32.13
204275,Active,742757,NA,NA,S,12,1,685975.9788,178.67,2010,44,22.08,63.98
204276,Active,525496,NA,NA,D,12,1,264583.4813,134.8,2009,84,4,33.74
204277,Active,525497,NA,NA,D,12,1,71366.82375,134.8,2009,105,5.69,51.49
204278,Active,61179,NA,NA,S,11,1,414376.5425,134.8,2007,44,5.74,33.93
204279,Active,612946,NA,NA,D,11,1,303262.505,274.4,2007,104,4,18.51
204280,Active,561311,NA,NA,D,12,1,86749.865,134.8,2009,51,13.89,31.54
204281,Active,561091,NA,NA,D,11,1,836418.99,128.8,2007,23,4.87,28.58
204282,Active,561318,NA,NA,S,12,1,1340230.701,148.8,2009,23,10.23,140.44
204283,Active,918072,NA,NA,S,13,1,282906.3338,139,2014,96,36.62,83.94
204284,Active,608920,NA,NA,D,6,1,336269.705,59.95,2004,44,4.7,11.98
204285,Active,874862,NA,NA,S,8,1,15170.2525,59.99,2015,29,33.99,37.88
204286,Active,609567,NA,NA,D,7,1,146003.9688,78.95,2007,133,4.99,15.96
204287,Active,631952,NA,NA,S,5,1,89179.22625,71.99,1988,29,41.99,52.02
204288,Active,525494,NA,NA,S,11,1,208932.845,59.95,2011,46,14.55,37.93
204289,Active,774511,NA,NA,D,9,1,3009744.136,44.95,2004,24,4,5
204290,Active,613551,NA,NA,D,10,1,1515873.114,52.95,2007,59,4,13.93
204291,Active,525492,NA,NA,S,2,1,271328.8838,59.95,2010,27,26.98,40.27
204292,Active,3763549,NA,NA,S,1,0,58249.9,59.99,2015,13,53.69,48.29
204293,Active,146876,NA,NA,D,1,0,2790492.731,54.95,2001,24,4,8.99
204294,Active,789263,NA,NA,D,1,0,1500190.271,219,2004,21,3.99,48.77
204295,Active,909057,NA,NA,D,0,0,4302321.126,99,1998,33,4.79,28.88
204296,Active,50066,NA,NA,S,10,1,1309023.919,244.95,2003,89,3.99,8.79
204297,Active,50065,NA,NA,D,12,1,47410.0675,259.95,2008,90,4.62,24.74
204298,Active,50067,NA,NA,D,11,1,354886.7463,285.95,2006,113,4,23.97
204299,Active,793505,NA,NA,D,4,1,1831677.261,145,2002,13,21.64,92.19
204300,Active,212997,NA,NA,S,4,1,684484.935,87.95,2002,65,4,38.99
204301,Active,649700,NA,NA,S,0,0,269143.8975,42,2012,26,22.49,23.74
204302,Active,525491,NA,NA,S,4,1,8637.23375,24.95,2011,35,12.23,14.39
204303,Active,641727,NA,NA,S,2,1,184532.0988,50.95,2005,35,7.49,25.99
204304,Active,639896,NA,NA,S,2,1,309772.5425,31.95,2011,30,5.52,19.3
204305,Active,1780342,NA,NA,S,1,0,78239.375,60,2014,14,28,29.69
204306,Active,711943,NA,NA,D,7,1,1519190.03,65.8,2002,55,4,7.7
204307,Active,615105,NA,NA,S,9,1,59362.12125,135.6,2011,61,37.98,95.95
204308,Active,614245,NA,NA,D,8,1,269075.7688,101.8,2006,62,4,14.89
204309,Active,525487,NA,NA,S,2,1,188990.4225,44.95,2010,26,21.05,28.71
204310,Active,763907,NA,NA,S,6,1,317893.97,96.95,1999,54,4.18,54.13
204311,Active,575965,NA,NA,S,2,1,1465573.854,51.66,2010,34,4,40.79
204312,Active,1658456,NA,NA,D,1,0,1991867.386,37.96,2011,17,5.93,49.99
204313,Active,1982598,NA,NA,S,3,1,327194.5275,52,2015,15,32.99,41.55
204314,Active,3523575,NA,NA,D,0,0,1086804.45,91.67,1975,23,19.49,24.99
204315,Active,50484,NA,NA,D,6,1,1360167.954,103,2002,71,4,11.34
204316,Active,50482,NA,NA,D,7,1,94662.66125,137.4,2006,128,4.34,14.98
204317,Active,50483,NA,NA,S,5,1,4492506.528,81,1998,31,4,6.99
204318,Active,3474913,NA,NA,D,1,0,7393127.4,71,1998,34,4.58,10.99
204319,Active,607253,NA,NA,D,2,1,343942.8275,92,2002,25,4.11,44.53
204320,Active,423266,NA,NA,S,3,1,504227.9863,126,2008,47,34.52,118.91
204321,Active,621482,NA,NA,S,3,1,128115.225,105,2001,60,36.09,65
204322,Active,875192,NA,NA,D,2,1,1512514.291,35.75,2009,44,6.61,25.2
204323,Active,540445,NA,NA,D,3,1,24250.66125,144.52,2012,65,22.25,42.97
204324,Active,55066,NA,NA,D,2,1,103829.4538,19.99,2008,74,4,12.99
204325,Active,55065,NA,NA,D,1,0,613494.02,13.18,2005,88,4,22.99
204326,Active,141894,NA,NA,D,2,1,920152.7488,13.38,2008,45,4,13.38
204327,Active,610125,NA,NA,S,0,0,631296.4463,23,2012,26,11.3,14.94
204328,Active,288293,NA,NA,S,2,1,750016.215,43.79,2008,48,4.08,38.99
204329,Active,142190,NA,NA,S,3,1,332609.7063,51.19,2012,28,24.65,144.42
204330,Active,649615,NA,NA,S,3,1,344542.4788,59.99,2012,24,47.33,0
204331,Active,2940544,NA,NA,S,2,1,315072.1463,47.95,2005,27,17.47,29.21
204332,Active,2007600,NA,NA,S,0,0,676947.8763,39.95,2006,19,23.14,23.8
204333,Active,557629,NA,NA,S,1,0,141734.6538,134.4,2012,49,8.18,13.1
204334,Active,656060,NA,NA,S,1,0,1107011.941,141.07,2012,16,16.95,102.99
204335,Active,617653,NA,NA,S,0,0,1771.725,34.95,2009,53,6.24,21.83
204336,Active,665409,NA,NA,S,2,1,1392477.963,55,2012,20,6.59,39.98
204337,Active,1562966,NA,NA,S,14,1,4262967.249,97.95,2008,13,37.27,96.58
204338,Active,542574,NA,NA,S,4,1,325013.7088,87.95,2006,32,17.73,68.69
204339,Active,50764,NA,NA,D,6,1,304877.81,122,2007,45,6.47,57.23
204340,Active,867733,NA,NA,S,7,1,53823.79375,122,2014,43,41.99,64.93
204341,Active,192416,NA,NA,D,4,1,557004.0275,289,2005,21,14.33,157.46
204342,Active,2205772,NA,NA,S,0,0,46804.95,59.99,2014,24,35.99,43.03
204343,Active,2559489,NA,NA,D,2,1,2511761.448,32.94,1974,47,4.76,7.33
204344,Active,671032,NA,NA,S,4,1,1635126.793,160,1994,27,15.67,81.01
204345,Active,3131526,NA,NA,D,6,1,2229985.29,80,2003,21,10.74,63.61
204346,Active,1895766,NA,NA,S,0,0,429701.4525,13.98,2012,12,27.84,22.97
204347,Active,2064865,NA,NA,S,0,0,53705.375,49.95,2012,8,27.64,26.63
204348,Active,3512827,NA,NA,D,0,0,2814674.5,49.95,1987,14,10.42,43.86
204349,Active,152303,NA,NA,D,2,1,611457.465,115,2006,22,26.65,38.99
204350,Active,1921805,NA,NA,S,2,1,106830.035,79.99,2009,28,31.29,61.14
204351,Active,174193,NA,NA,D,0,0,2199141.686,48,1998,27,4,25.32
204352,Active,896884,NA,NA,S,2,1,1273747.138,54.99,2014,22,17.58,39.16
204353,Active,910995,NA,NA,S,3,1,615828.325,32,1989,30,4.96,17.89
204354,Active,2357885,NA,NA,S,1,0,628971.7913,30.25,2003,25,4,9.24
204355,Active,2357883,NA,NA,S,1,0,772306.0863,30.25,2003,30,5.01,10.98
204356,Active,2357882,NA,NA,S,1,0,971599.925,33.5,2003,24,4,7.14
204357,Active,2337052,NA,NA,D,0,0,1315972.178,153.5,1961,28,18.61,149.15
204358,Active,100223,NA,NA,D,11,1,2265273.073,250,2005,14,28.8,128.98
204359,Active,100224,NA,NA,D,9,1,2324130.396,100,2005,17,4.23,24.99
204360,Active,2332743,NA,NA,S,6,1,1940145.299,150,1982,38,4.48,62.84
204361,Active,105571,NA,NA,S,2,1,39243.2675,184,2001,74,35.97,82.37
204362,Active,534052,NA,NA,D,1,0,236792.9688,150,1991,121,8.6,30.99
204363,Active,2337047,NA,NA,D,0,0,917850.8713,119.5,1988,48,5.22,25.29
204364,Active,625286,NA,NA,S,2,1,72089.57,32.95,2009,46,13.65,18.85
204365,Active,1436135,NA,NA,S,7,1,157221.3388,106,2013,27,23.51,23.55
204366,Active,700755,NA,NA,D,3,1,1182843.595,76,2005,30,4.96,34.43
204367,Active,105569,NA,NA,D,1,0,2103108.928,54.95,2000,28,4.11,38.39
204368,Active,105927,NA,NA,D,2,1,529463.4113,76,2004,40,6.88,35.85
204369,Active,530873,NA,NA,S,7,1,18279.69125,86,2012,48,32.49,43.6
204370,Active,105928,NA,NA,D,6,1,440007.01,72,2003,51,4,15.99
204371,Active,715990,NA,NA,S,1,0,27710.125,48.8,2013,23,30.44,38.96
204372,Active,904841,NA,NA,D,0,0,4086024.841,172.95,2003,20,4.78,38.78
204373,Active,2506086,NA,NA,S,2,1,505404.21,50,1995,57,4.47,23.11
204374,Active,789518,NA,NA,D,1,0,2621159.379,99.95,2007,20,9.54,11.4
204375,Active,873642,NA,NA,S,0,0,1644.17375,14.99,2002,285,4,8.48
204376,Active,101925,NA,NA,S,0,0,478974.15,19.95,1999,80,4.02,21.92
204377,Active,103355,NA,NA,S,50,1,158297.1538,25,2010,39,7.96,42.85
204378,Active,616997,NA,NA,S,3,1,679110.2713,201.95,1992,45,5.09,46.96
204379,Active,1448212,NA,NA,D,1,0,836722.6038,47,2008,30,3.85,21.95
204380,Active,906909,NA,NA,S,2,1,1086571.21,63.45,2009,45,5.59,27.74
204381,Active,613328,NA,NA,S,2,1,327654.3113,107.4,2008,146,4,12.98
204382,Active,627465,NA,NA,S,2,1,1020585.081,49.99,2009,29,3.43,33.58
204383,Active,2217926,NA,NA,S,0,0,20680.475,89.5,2009,25,48.79,45.98
204384,Active,544331,NA,NA,S,2,1,295165.53,150.95,2013,69,44.69,53.99
204385,Active,249728,NA,NA,D,1,0,792258.9513,154.95,2007,58,4,12.43
204386,Active,607310,NA,NA,D,10,1,1136943.37,34.8,1993,23,4.94,22.46
204387,Active,162560,NA,NA,S,12,1,260949.7838,221,2009,40,4.47,65.91
204388,Active,545894,NA,NA,D,2,1,84299.82125,113,2012,62,12.23,17.93
204389,Active,861072,NA,NA,S,2,1,1419140.248,175.85,2012,15,37.49,96.74
204390,Active,249055,NA,NA,D,1,0,736973.5875,104,2008,76,5.25,22.99
204391,Active,525461,NA,NA,S,5,1,738375.7938,68.95,2008,39,4,31.99
204392,Active,704455,NA,NA,S,4,1,5367899.223,93.4,2002,15,25.26,44.5
204393,Active,110277,NA,NA,D,6,1,461571.3675,44.24,2009,34,9.08,58.43
204394,Active,61022,NA,NA,D,5,1,1121733.514,22.39,2005,61,4,13.49
204395,Active,2444760,NA,NA,S,0,0,143657.4,49.99,2000,24,29.9,140.97
204396,Active,202397,NA,NA,S,3,1,1250715.98,162.95,2002,39,4.74,66.3
204397,Active,249820,NA,NA,D,4,1,451410.3413,208.95,2006,37,7.24,26.98
204398,Active,223010,NA,NA,S,2,1,2421340.568,97.95,1997,28,4.44,22.24
204399,Active,860237,NA,NA,S,5,1,300117.2063,121.95,2010,29,23.75,121.95
204400,Active,253909,NA,NA,D,5,1,289561.3225,135.95,2010,30,11.34,58.27
204401,Active,609592,NA,NA,D,4,1,1059432.519,213.95,2007,39,4.58,45.98
204402,Active,245056,NA,NA,D,3,1,1460334.861,238.95,2003,51,4.23,40.22
204403,Active,1827021,NA,NA,S,6,1,230606.93,160.95,2014,22,19.79,40.99
204404,Active,639976,NA,NA,D,0,0,146289.47,56.21,2011,31,17.24,0
204405,Active,631646,NA,NA,D,5,1,953357.145,217.95,2009,21,38.98,94.32
204406,Active,631318,NA,NA,D,4,1,1515709.328,208.95,2005,27,7.12,66.98
204407,Active,1900475,NA,NA,D,5,1,1073308.05,15.85,2009,25,4.68,10.21
204408,Active,631285,NA,NA,S,6,1,236021.2838,121.95,2013,24,19.85,0
204409,Active,609487,NA,NA,D,3,1,972997.24,208.95,2005,30,5.26,432.34
204410,Active,525459,NA,NA,D,4,1,1223012.936,217.95,2009,21,58.56,122.03
204411,Active,618288,NA,NA,D,4,1,746557.505,217.95,2008,30,7.92,25.94
204412,Active,645869,NA,NA,D,5,1,403459.3125,121.95,2012,34,11.35,0
204413,Active,593902,NA,NA,D,4,1,556697.9013,121.95,2010,33,7.19,72.95
204414,Active,249817,NA,NA,D,3,1,1327253.599,208.95,2006,38,6.15,15.96
204415,Active,253869,NA,NA,D,5,1,601166.7825,197.95,2010,27,35.21,103.99
204416,Active,61250,NA,NA,D,4,1,896909.7638,213.95,2005,29,4,15.98
204417,Active,2302834,NA,NA,S,5,1,188842.5863,105.5,1997,27,5.39,21.99
204418,Active,707708,NA,NA,S,7,1,953311.6188,80.25,2003,34,4,0
204419,Active,1472920,NA,NA,S,7,1,7489453.096,70,2009,16,5.47,49.31
204420,Active,1467898,NA,NA,S,6,1,8272366.725,80,2007,19,4.57,36.99
204421,Active,901517,NA,NA,D,1,0,4305408.964,73.39,2005,18,6.2,41.87
204422,Active,1607272,NA,NA,S,0,0,590555.7675,50,2014,14,17.33,31.76
204423,Active,608730,NA,NA,S,2,1,237136.7163,39.99,2007,40,7.29,18.18
204424,Active,614582,NA,NA,D,0,0,1609675.66,35.95,2002,54,4,8.98
204425,Active,915285,NA,NA,S,3,1,492654.1213,19.95,1994,35,4.66,22.75
204426,Active,2259054,NA,NA,S,6,1,508023.9588,443.28,2008,32,28.15,117.98
204427,Active,61024,NA,NA,D,5,1,44558.33875,87.49,2003,101,7.94,39.44
204428,Active,525456,NA,NA,D,6,1,28510.80125,85.43,2008,88,13.34,73.55
204429,Active,3468161,NA,NA,S,4,1,385091.2,69.6,2000,136,4.43,47.99
204430,Active,614143,NA,NA,S,1,0,40205.1,55,2000,70,7.96,14.3
204431,Active,228791,NA,NA,D,11,1,757745.5988,125,2009,39,5.13,27.99
204432,Active,279612,NA,NA,D,15,1,496734.8663,155,2011,42,13.92,81.74
204433,Active,228788,NA,NA,D,4,1,929189.6013,155,2007,39,4.13,43.49
204434,Active,2179688,NA,NA,D,4,1,2374417.134,69.95,2009,15,16.72,64.14
204435,Active,229167,NA,NA,S,2,1,464943.4688,64,2008,28,25.18,49.95
204436,Active,2216273,NA,NA,S,2,1,746572.725,70,2011,37,4.5,19.95
204437,Active,865284,NA,NA,S,3,1,969612.6625,50,2010,32,7.23,39.13
204438,Active,616039,NA,NA,S,2,1,29399.40125,54,2009,48,25.34,32.96
204439,Active,613138,NA,NA,D,1,0,1033902.673,50,1993,117,3.8,10.76
204440,Active,276383,NA,NA,S,0,0,1322806.596,29.95,2005,25,5.55,19.48
204441,Active,541815,NA,NA,S,3,1,395889.4763,73.95,2009,42,8.67,16.41
204442,Active,262764,NA,NA,S,2,1,53204.89625,42.95,2009,43,24.23,36.99
204443,Active,618699,NA,NA,S,1,0,152680.85,44.95,1981,43,7.98,40.14
204444,Active,114067,NA,NA,S,2,1,34504.7175,47,2006,112,13.1,32.47
204445,Active,155643,NA,NA,S,2,1,70264.75,52.25,2004,19,35,39.95
204446,Active,120127,NA,NA,S,2,1,60796.05,51.6,2010,23,35.74,37.68
204447,Active,542378,NA,NA,S,2,1,64485.63875,63.95,2007,56,13.72,43.68
204448,Active,622695,NA,NA,S,1,0,51269.7,114.99,2009,25,50.74,88.99
204449,Active,632071,NA,NA,D,1,0,680519.1438,46,2012,19,21.99,46.12
204450,Active,1451056,NA,NA,S,2,1,800396.9975,49.53,2011,18,33.99,46.98
204451,Active,525451,NA,NA,S,1,0,1284365.248,40.6,2006,36,4,30.17
204452,Active,716719,NA,NA,D,0,0,6505510.168,93.53,2008,10,4,93.53
204453,Active,1450145,NA,NA,S,2,1,71622.725,35.73,2011,33,11.99,31
204454,Active,533718,NA,NA,D,6,1,44104.15125,79,2011,177,5.97,43.99
204455,Active,623178,NA,NA,S,2,1,268475.1538,221.95,1975,58,23.12,89.22
204456,Active,3630987,NA,NA,D,9,1,2023976.8,0,2008,3,6.35,0
204457,Active,61025,NA,NA,D,8,1,794797.08,317.95,2004,48,4.48,18.33
204458,Active,178882,NA,NA,S,9,1,378327.25,236.95,2009,31,30.98,36.08
204459,Active,183580,NA,NA,D,9,1,243512.0688,317.95,2007,84,4.96,57.81
204460,Active,203450,NA,NA,D,2,1,720415.0475,100,2002,26,7.17,18.02
204461,Active,626528,NA,NA,S,3,1,679373.5363,79.95,1997,32,38.97,39.98
204462,Active,903676,NA,NA,S,2,1,64756.9425,36.99,2000,22,20.64,20.54
204463,Active,639516,NA,NA,S,0,0,488538.6913,43.95,1997,22,31.97,30.51
204464,Active,614695,NA,NA,S,7,1,1108796.013,69.95,2002,37,4,28.99
204465,Active,774882,NA,NA,S,6,1,2354705.258,59,1999,25,4.55,47.16
204466,Active,534756,NA,NA,S,8,1,29970.91375,77.99,2012,54,28.99,43.23
204467,Active,868226,NA,NA,D,3,1,4617198.35,87,1998,20,7.36,69.85
204468,Active,884303,NA,NA,D,5,1,12567863.03,55,2006,15,4.76,0
204469,Active,663899,NA,NA,S,3,1,1851403.018,60,2013,24,4.97,6.49
204470,Active,1468275,NA,NA,D,3,1,5036209.808,95,2008,30,4.75,57.71
204471,Active,55435,NA,NA,D,9,1,74750.6475,225,2011,166,6.28,117.87
204472,Active,55434,NA,NA,D,8,1,539231.18,178,2006,109,4,22.86
204473,Active,55433,NA,NA,S,7,1,2961160.925,105,2001,45,5.34,15.98
204474,Active,615609,NA,NA,D,3,1,2640742.77,6.98,2006,24,5.48,6.98
204475,Active,1845270,NA,NA,D,6,1,5215642.849,67.5,2007,20,4.69,105.99
204476,Active,297867,NA,NA,D,5,1,125748.6625,222.95,2011,69,5.51,33.99
204477,Active,3798284,NA,NA,D,0,0,1425774.55,99.95,2015,30,16.29,62.35
204478,Active,595053,NA,NA,D,3,1,293502.5225,224,2012,86,13.89,73.98
204479,Active,553560,NA,NA,D,1,0,1086925.156,162.4,2010,45,4.27,17.93
204480,Active,627817,NA,NA,S,2,1,368218.5863,190.8,2013,41,24.62,61.99
204481,Active,252013,NA,NA,D,4,1,638424.895,240.95,2008,66,10.49,28.32
204482,Active,1473698,NA,NA,D,4,1,2566679.175,77,2010,27,4.97,49.23
204483,Active,539446,NA,NA,S,2,1,572105.1788,179.8,2013,59,6.68,102.99
204484,Active,625669,NA,NA,D,4,1,240034.86,159.95,2012,42,24.14,57.93
204485,Active,875227,NA,NA,D,2,1,2241595.61,109.95,2006,23,4,5.24
204486,Active,119981,NA,NA,D,1,0,1433418.991,158.4,2009,39,4,6.45
204487,Active,574760,NA,NA,D,3,1,519068.3588,109.95,2009,44,4.5,16.82
204488,Active,193587,NA,NA,D,2,1,836333.9313,154,2008,86,5.61,71.47
204489,Active,2829208,NA,NA,D,2,1,4557694.32,33.99,2005,28,4.95,33.99
204490,Active,876801,NA,NA,D,6,1,2369795.984,266.75,2009,45,5.99,97.6
204491,Active,58230,NA,NA,D,5,1,377436.99,146,2005,57,4.13,28.74
204492,Active,58233,NA,NA,D,6,1,248887.6338,206,2009,72,5.51,52.25
204493,Active,58232,NA,NA,D,6,1,645446.4238,225,2009,134,4.67,42.99
204494,Active,252023,NA,NA,D,4,1,137146.88,262.95,2009,42,15.22,58.44
204495,Active,202386,NA,NA,D,3,1,1272033.688,277.95,2003,44,4,28.7
204496,Active,775663,NA,NA,D,0,0,4058458.633,113,2003,20,5.49,19.94
204497,Active,619611,NA,NA,D,1,0,1059472.786,170,2010,22,10.19,11.21
204498,Active,614232,NA,NA,D,3,1,866672.55,185,2009,70,5.7,0
204499,Active,776093,NA,NA,D,2,1,1395774.435,150,2008,50,3.33,9.09
204500,Active,607811,NA,NA,D,3,1,1183765.096,185.95,1995,22,4.35,24.09
204501,Active,917653,NA,NA,S,2,1,397750.945,26,1999,36,4,13.99
204502,Active,636480,NA,NA,S,0,0,451241.3938,49.95,2009,28,12.21,35.97
204503,Active,1866734,NA,NA,S,0,0,19779,50,2014,24,26.99,31.05
204504,Active,245000,NA,NA,S,4,1,535180.3825,250.95,2004,34,5.91,0
204505,Active,2341173,NA,NA,D,1,0,1160362.814,70,1993,29,4.35,10.67
204506,Active,246730,NA,NA,D,3,1,1510270.564,82.99,2009,16,6.81,59.94
204507,Active,540825,NA,NA,D,4,1,107770.2113,71,2013,85,6.15,41.72
204508,Active,791580,NA,NA,S,3,1,2082011.845,42,2002,37,4,12.49
204509,Active,863048,NA,NA,D,2,1,2065232.278,83.91,2002,33,4,5.87
204510,Active,553799,NA,NA,S,3,1,296183.8413,108.8,2011,38,9.98,99.56
204511,Active,655652,NA,NA,S,0,0,102036.3,59.95,2010,18,28.99,41.99
204512,Active,873419,NA,NA,D,0,0,3318533.82,55,2002,15,4,20
204513,Active,552863,NA,NA,D,7,1,1137199.923,109.33,2006,38,4,11.74
204514,Active,313731,NA,NA,S,3,1,217838.455,123.6,2002,44,7.69,23.69
204515,Active,1440384,NA,NA,S,9,1,480072.8975,53.78,2009,15,27.98,53.38
204516,Active,2566613,NA,NA,D,1,0,3586047.368,198,1996,13,10.05,71.08
204517,Active,1769044,NA,NA,S,2,1,282566.4625,60.75,2014,21,38.99,48.99
204518,Active,1768658,NA,NA,S,2,1,215364.4738,60.75,2014,17,36.71,45.98
204519,Active,1590735,NA,NA,S,1,0,2194918.938,59.5,2008,18,17.24,46.97
204520,Active,1768174,NA,NA,S,2,1,352470.95,60.75,2014,16,39.55,50.98
204521,Active,560087,NA,NA,S,1,0,79713.425,106.25,2013,22,27.99,63.98
204522,Active,619463,NA,NA,S,2,1,379063.2263,39.99,2001,48,5.87,32.42
204523,Active,61136,NA,NA,S,3,1,2061668.45,48.74,1900,30,4.71,33.94
204524,Active,759761,NA,NA,D,9,1,2035360.063,10.49,2002,43,4.12,10.49
204525,Active,446025,NA,NA,D,11,1,192624.0625,17.99,2008,81,4.29,11.47
204526,Active,525441,NA,NA,S,12,1,23736.98,137.5,2011,125,28.13,68.07
204527,Active,554082,NA,NA,S,1,0,49320,142.8,2010,44,37.78,90.88
204528,Active,1553501,NA,NA,D,0,0,2661747.739,33.95,2012,16,23.49,26.66
204529,Active,121338,NA,NA,D,4,1,171348.79,153.2,2009,61,4.39,33.99
204530,Active,566601,NA,NA,D,10,1,1209737.31,21.51,2005,44,4,21.16
204531,Active,626982,NA,NA,D,2,1,1830150.274,58.95,2009,35,4.98,58.95
204532,Active,899087,NA,NA,S,3,1,481178.3063,64.95,2014,26,32.49,39.99
204533,Active,365308,NA,NA,S,2,1,4581142.686,46.95,2006,13,7.83,38.98
204534,Active,608193,NA,NA,S,4,1,458761.24,63.95,2002,44,6.39,54.05
204535,Active,262767,NA,NA,S,2,1,128676.3063,42.95,2009,34,23.13,42.29
204536,Active,621005,NA,NA,D,2,1,1139158.153,107.63,2009,30,4,46.67
204537,Active,912448,NA,NA,D,2,1,496463.7263,42.74,1968,39,4,28.99
204538,Active,164792,NA,NA,S,3,1,233924.5488,106,1998,45,16.24,58.55
204539,Active,2566250,NA,NA,S,2,1,1087986.876,38.95,1968,39,8.9,58.07
204540,Active,61027,NA,NA,S,6,1,2706251.356,66.95,2003,56,4,6.65
204541,Active,147482,NA,NA,D,7,1,658925.5325,76.95,2007,155,4,11.87
204542,Active,147652,NA,NA,D,8,1,27700.2475,82.95,2011,150,6.16,20.99
204543,Active,892157,NA,NA,S,4,1,1716389.931,43,2010,17,8.88,48.98
204544,Active,1437195,NA,NA,S,1,0,60314.45,54,2013,20,38.98,41.01
204545,Active,618062,NA,NA,S,0,0,31786.23125,62.95,1988,47,24.08,0
204546,Active,260007,NA,NA,S,1,0,66370.425,108.5,2008,22,40.72,59.77
204547,Active,657038,NA,NA,S,2,1,688908.6875,56.25,2012,23,8.8,33.98
204548,Active,864215,NA,NA,S,4,1,87885.225,37.95,2012,17,37.92,37.95
204549,Active,592463,NA,NA,D,3,1,786764.1688,50.95,2005,43,4,23.24
204550,Active,1778945,NA,NA,S,1,0,88345.1,70,2014,11,35.39,42.79
204551,Active,614766,NA,NA,D,5,1,2199093.65,170,2003,18,4,66.46
204552,Active,541659,NA,NA,S,0,0,77541.85,60,2007,18,32.98,36.5
204553,Active,916407,NA,NA,S,3,1,4406211.103,118,2001,23,5.88,20.97
204554,Active,143447,NA,NA,D,6,1,2006882.969,194,2002,24,5.53,48.94
204555,Active,2563475,NA,NA,D,1,0,3103657.296,215.5,1996,18,39.89,144.94
204556,Active,627275,NA,NA,D,8,1,1684839.793,126,2010,15,9.15,83.99
204557,Active,193726,NA,NA,D,3,1,583964.0738,195,2010,34,4.59,8.72
204558,Active,874236,NA,NA,D,0,0,571012.8225,38,2012,41,4.66,14.3
204559,Active,193596,NA,NA,D,2,1,1096414.103,140,2007,19,4,7.52
204560,Active,566425,NA,NA,S,0,0,764168.05,50,1998,34,9.24,29.84
204561,Active,752076,NA,NA,S,1,0,89473.975,75,2013,15,40.99,34.27
204562,Active,868004,NA,NA,D,2,1,782843.3175,82.75,1996,31,4,7.15
204563,Active,617427,NA,NA,S,3,1,87352.49,164.75,2004,62,40.78,96.51
204564,Active,619037,NA,NA,S,1,0,22636.95,115,2002,39,40.98,63.99
204565,Active,619645,NA,NA,D,1,0,740189.5075,65,1995,35,7.7,34.21
204566,Active,871561,NA,NA,D,4,1,235791.1463,49.99,2014,24,35.44,38.57
204567,Active,116780,NA,NA,D,3,1,584763.0338,49.99,2004,48,4,23.08
204568,Active,615131,NA,NA,D,1,0,146512.9263,80,1993,157,4,13.99
204569,Active,2681889,NA,NA,S,0,0,7279.625,50,2000,131,18.49,28
204570,Active,3790392,NA,NA,D,1,0,462235.95,59.95,2008,19,25.59,43.98
204571,Active,649773,NA,NA,S,2,1,216518.8088,90,2012,19,52.91,0
204572,Active,3790395,NA,NA,D,1,0,1512165.65,50,2010,22,18.96,21.94
204573,Active,652692,NA,NA,S,1,0,70488.25,75,2011,18,41.49,44.12
204574,Active,290386,NA,NA,D,4,1,452233.405,135,2005,43,11,48.49
204575,Active,638386,NA,NA,D,2,1,972561.3263,76.95,2007,35,49.72,133.65
204576,Active,2570273,NA,NA,D,1,0,1862163.84,125,1991,23,32.61,104.26
204577,Active,538499,NA,NA,D,3,1,122060.8975,240,2013,53,8.93,32.27
204578,Active,52781,NA,NA,D,1,0,478973.6175,23.49,2006,76,4.17,21.99
204579,Active,52782,NA,NA,D,2,1,397611.3213,45.05,2010,115,4,38.99
204580,Active,915335,NA,NA,D,3,1,284443.2138,35.94,2005,44,7.27,30.38
204581,Active,110421,NA,NA,D,4,1,131480.315,240,2008,41,35.39,141.82
204582,Active,633132,NA,NA,S,5,1,72895.5425,233.5,2011,54,51.98,96.94
204583,Active,54718,NA,NA,D,5,1,12955.205,146.25,2010,81,20.86,66.12
204584,Active,880634,NA,NA,S,2,1,1242769.678,15.99,2002,60,4,15.99
204585,Active,538600,NA,NA,D,3,1,27141.48875,153.5,2013,80,8.89,45.66
204586,Active,111082,NA,NA,D,2,1,281731.4788,118.25,2009,49,4.91,12.14
204587,Active,111466,NA,NA,D,2,1,414793.3538,33.98,2010,94,4.39,63.27
204588,Active,285294,NA,NA,D,3,1,222991.4025,45,2005,87,4.1,47.67
204589,Active,54716,NA,NA,D,3,1,881575.6638,107.5,2005,41,4.46,24.57
204590,Active,54717,NA,NA,D,4,1,156615.52,45.07,2007,99,4.4,39.43
204591,Active,550183,NA,NA,S,3,1,748279.1075,35.99,2006,19,5.65,33.75
204592,Active,53046,NA,NA,D,5,1,8394.4025,75.77,2010,85,10.4,35.46
204593,Active,111467,NA,NA,D,2,1,299315.8425,55.96,2010,93,4,33.61
204594,Active,109589,NA,NA,D,1,0,932165.6725,9.31,2006,68,4,9.31
204595,Active,285494,NA,NA,D,2,1,574191.66,14.67,2009,48,4.15,29.98
204596,Active,538601,NA,NA,D,3,1,36177.4,153.5,2013,58,16.53,77.99
204597,Active,53044,NA,NA,D,3,1,835585.3113,106.15,2005,75,4,4.98
204598,Active,53045,NA,NA,D,4,1,44404.9775,113.33,2007,86,4.35,28.79
204599,Active,61120,NA,NA,D,3,1,1390486.365,111,2005,60,4,38.72
204600,Active,1438263,NA,NA,D,4,1,723648.1738,46.15,2007,34,4.74,26.41
204601,Active,111314,NA,NA,S,5,1,146261.8963,131.64,2010,67,7.81,48.41
204602,Active,109092,NA,NA,D,3,1,2497134.114,63.83,2006,17,4,63.83
204603,Active,111315,NA,NA,S,5,1,524551.32,104.72,2010,47,4.76,37.96
204604,Active,109093,NA,NA,D,3,1,2279434.713,7.53,2005,26,4,4.17
204605,Active,109957,NA,NA,D,4,1,498250.3038,171.49,2007,35,4,72.93
204606,Active,54890,NA,NA,D,3,1,774061.645,353.95,2001,51,4.8,47.54
204607,Active,54889,NA,NA,D,4,1,285420.955,287.95,2008,47,30.89,78.6
204608,Active,895273,NA,NA,D,4,1,1298395.414,45.95,2009,16,35.78,37.47
204609,Active,116492,NA,NA,D,3,1,550978.065,170,2004,28,12.22,61.95
204610,Active,133116,NA,NA,S,4,1,580545.5688,64.4,2011,41,10.19,53.93
204611,Active,867877,NA,NA,S,2,1,138234.4025,49.95,2001,53,10.82,28.99
204612,Active,243771,NA,NA,D,4,1,18441.20625,64,2010,73,41.98,162.15
204613,Active,241816,NA,NA,D,3,1,144848.69,52.95,2005,90,5.99,38.38
204614,Active,243772,NA,NA,D,4,1,100351.7375,30.67,2011,38,12.93,48.81
204615,Active,241817,NA,NA,D,1,0,329153.9925,19.95,2005,76,4.49,18.64
204616,Active,1724128,NA,NA,S,0,0,1605508.576,7.99,2008,39,3.88,7.31
204617,Active,1958100,NA,NA,S,0,0,16681.475,40,2014,31,18.98,22.31
204618,Active,2171978,NA,NA,D,0,0,1124176.368,49.95,2006,26,10.36,33.98
204619,Active,908326,NA,NA,D,9,1,1159285.771,63.16,2007,25,5.17,0
204620,Active,635052,NA,NA,S,10,1,619354.7713,68.78,2009,24,18.99,0
204621,Active,2683677,NA,NA,S,2,1,511424.105,19.95,2004,93,4,8.79
204622,Active,1633935,NA,NA,S,1,0,231784.4288,59.99,2014,29,33.31,37.92
204623,Active,663232,NA,NA,S,1,0,727558.805,59.99,2013,30,9.77,42.58
204624,Active,1633936,NA,NA,S,1,0,304543.4988,59.99,2014,26,29.04,38.09
204625,Active,1633933,NA,NA,S,1,0,208999.7513,59.99,2014,40,33.15,37.95
204626,Active,649526,NA,NA,S,1,0,42288.85,59.99,2013,16,33.24,37.36
204627,Active,119109,NA,NA,S,6,1,71282.83,170,2011,39,49.94,88.99
204628,Active,118747,NA,NA,D,5,1,576353.2113,131.27,2008,24,4,37.67
204629,Active,113598,NA,NA,S,3,1,4665745.163,83.4,2002,19,4,10.99
204630,Active,116804,NA,NA,D,4,1,977908.2563,100.4,2005,30,4,16.87
204631,Active,2618402,NA,NA,D,3,1,1447889.47,54.95,1992,48,4,33.98
204632,Active,632118,NA,NA,S,1,0,5866.15,69.99,2012,25,39.05,44.46
204633,Active,637712,NA,NA,S,1,0,14934.85,69.99,2012,25,33.99,43.36
204634,Active,3615822,NA,NA,D,1,0,625947.2,39.95,1993,33,23.93,53.99
204635,Active,917621,NA,NA,D,2,1,473149.0938,54.5,1990,39,5.48,13.9
204636,Active,906658,NA,NA,D,3,1,515994.6063,52.95,2003,33,13.07,29.52
204637,Active,1470964,NA,NA,S,1,0,16721.15,41.95,2014,17,36.96,36.07
204638,Active,893796,NA,NA,D,2,1,2402722.601,45.95,2000,13,5.13,64.99
204639,Active,148355,NA,NA,S,1,0,341480.05,256.95,2010,32,22.68,52.99
204640,Active,2667062,NA,NA,S,1,0,575198.2975,43.95,1998,52,8.78,30.97
204641,Active,577022,NA,NA,S,1,0,296591.7513,113.95,1999,37,10.42,23.88
204642,Active,203506,NA,NA,S,4,1,2636669.631,45.95,2002,61,3.99,6.99
204643,Active,204128,NA,NA,D,5,1,790457.4063,57.95,2007,105,4,11.94
204644,Active,270977,NA,NA,D,6,1,34811.625,67.99,2011,143,6.01,18.66
204645,Active,536010,NA,NA,S,4,1,13241.9425,59.95,2012,61,25.21,39.48
204646,Active,2257043,NA,NA,D,5,1,2636370.021,42.98,2008,41,6.93,34.98
204647,Active,525430,NA,NA,D,6,1,33224.52625,72.95,2012,93,6.59,50.27
204648,Active,61028,NA,NA,S,4,1,1829889.818,44.95,2003,51,4,4.36
204649,Active,147494,NA,NA,D,5,1,645123.7625,60.95,2007,129,4,12.99
204650,Active,105612,NA,NA,S,3,1,133800.8,77,2002,52,4.12,12.69
204651,Active,3014114,NA,NA,D,0,0,2062001.934,49.95,1993,22,3.44,23.69
204652,Active,641605,NA,NA,S,2,1,80276.095,54.95,2008,28,43.89,0
204653,Active,3581506,NA,NA,D,2,1,7092321.6,165,2008,19,72.99,73.02
204654,Active,553501,NA,NA,S,3,1,2316144.323,113,1996,24,4,39.99
204655,Active,627613,NA,NA,S,2,1,105279.4075,49.95,2005,43,25.89,0
204656,Active,222219,NA,NA,S,1,0,45006.9,89,2010,23,53.94,65.57
204657,Active,416512,NA,NA,D,1,0,302931.4325,42.65,2005,32,20.94,182.81
204658,Active,550110,NA,NA,D,0,0,132252.6,118.13,2005,31,12.57,113.14
204659,Active,625377,NA,NA,S,3,1,584344.2663,64.6,2006,39,4,38.99
204660,Active,525425,NA,NA,S,3,1,976775.56,109,2009,31,4.23,52.63
204661,Active,801958,NA,NA,S,1,0,861074.9663,58,2010,20,30.95,45.51
204662,Active,873944,NA,NA,S,2,1,432464.9713,82.4,2013,18,23.98,72.05
204663,Active,120806,NA,NA,D,1,0,1573785.465,117.4,2010,27,5.48,33.98
204664,Active,286077,NA,NA,D,1,0,182670.5713,113.4,2010,87,4,9.99
204665,Active,114057,NA,NA,D,0,0,1031708.099,88,2007,40,4,9.98
204666,Active,118986,NA,NA,D,3,1,142552.8875,147,2010,86,4.78,23.99
204667,Active,616751,NA,NA,D,2,1,1115883.771,116,2006,47,4,21.99
204668,Active,287542,NA,NA,D,4,1,642566.4425,122.67,2005,28,4.39,18.99
204669,Active,114774,NA,NA,S,2,1,771618.5863,78.8,2002,67,4.58,0
204670,Active,607279,NA,NA,D,2,1,2462123.306,96,2004,22,4,10.99
204671,Active,607409,NA,NA,D,3,1,711107.125,124.8,2007,51,4.4,15.48
204672,Active,169841,NA,NA,D,7,1,117510.5075,290.95,2010,47,44.92,97.45
204673,Active,2617959,NA,NA,S,3,1,318166.5888,52.95,1989,39,4,13.95
204674,Active,860239,NA,NA,S,2,1,654503.7875,100.95,2010,79,6.53,36.93
204675,Active,635838,NA,NA,D,1,0,45564.325,59,2011,43,23.17,0
204676,Active,2540848,NA,NA,S,3,1,1257917.734,30.95,2002,21,4,109.31
204677,Active,626132,NA,NA,D,3,1,1874290.466,38.87,2008,26,4.01,38.87
204678,Active,621766,NA,NA,D,1,0,1420826.335,13.83,2006,29,4,13.74
204679,Active,288083,NA,NA,D,1,0,935891.3625,99,2004,22,7.84,52.71
204680,Active,3843477,NA,NA,D,1,0,7516419.2,99,2001,16,53.99,139.39
204681,Active,505026,NA,NA,D,4,1,670324.3488,199,2008,69,8.63,72.83
204682,Active,903093,NA,NA,D,1,0,3432709.89,120,2007,18,6.29,6.29
204683,Active,307777,NA,NA,S,4,1,3190953.625,30.08,2003,21,4.38,33.21
204684,Active,525419,NA,NA,D,6,1,2010890.653,74.2,2010,31,4.93,43.98
204685,Active,285601,NA,NA,D,6,1,101225.0613,41.94,2010,78,6.48,45.99
204686,Active,308951,NA,NA,D,5,1,1514071.563,18.28,2006,66,4,15.83
204687,Active,2103466,NA,NA,S,2,1,649404.49,39.95,2014,13,39.08,38.58
204688,Active,2678114,NA,NA,D,2,1,3147576.644,390,2005,13,30.73,76.55
204689,Active,290309,NA,NA,D,1,0,559653.15,155,1996,20,12.97,42.96
204690,Active,162020,NA,NA,S,2,1,15706.6375,57.56,2006,84,30.29,60.98
204691,Active,619643,NA,NA,D,1,0,267012.2963,131.64,1960,45,9.7,73.03
204692,Active,658551,NA,NA,D,2,1,776147.4763,139.95,2009,23,17.97,104.96
204693,Active,716709,NA,NA,D,2,1,719604.9025,74.64,2009,14,89.99,96.95
204694,Active,114463,NA,NA,D,0,0,420582.895,157,2004,28,10.14,104.63
204695,Active,165426,NA,NA,S,2,1,406427.3738,92.79,2001,31,47.63,93.98
204696,Active,2225443,NA,NA,S,4,1,111708.9875,149.91,2007,57,17.98,41.26
204697,Active,607524,NA,NA,D,3,1,232011.765,112,1993,24,22.41,43.94
204698,Active,285933,NA,NA,S,4,1,44553.5725,160,2003,72,65.99,100.32
204699,Active,288945,NA,NA,D,7,1,18921.37,356.95,2010,76,13.93,31.98
204700,Active,148035,NA,NA,D,6,1,817413.1438,362.95,2005,60,4,38.98
204701,Active,868165,NA,NA,D,2,1,2332844.786,105,1992,26,4.14,44.18
204702,Active,632322,NA,NA,D,0,0,1634667.956,50,2005,22,5.33,5.78
204703,Active,294820,NA,NA,S,2,1,401398.5263,45.95,2001,53,5.37,30.78
204704,Active,657956,NA,NA,S,1,0,60341.7,54.95,2013,24,44.82,46.76
204705,Active,1593554,NA,NA,D,1,0,1762935.663,129.99,2008,18,10.19,25
204706,Active,701074,NA,NA,D,6,1,1248895.833,244,2007,35,17.97,36.97
204707,Active,699939,NA,NA,D,5,1,2083956.779,210,2003,23,7.19,50.07
204708,Active,649949,NA,NA,S,0,0,62793.2,70,2011,12,53.99,54.67
204709,Active,644581,NA,NA,S,1,0,41055.775,80,2012,26,49.54,51.74
204710,Active,192814,NA,NA,D,3,1,2661817.78,99,2001,19,5.35,9.13
204711,Active,238934,NA,NA,D,6,1,114428.8563,125,2007,137,6.98,63.48
204712,Active,1734322,NA,NA,S,3,1,94412.02,59,2014,16,40.53,42.64
204713,Active,661048,NA,NA,S,1,0,28028.5,46,2012,26,33.07,33.06
204714,Active,225757,NA,NA,D,2,1,3364517.56,167.95,2003,20,32.97,94.98
204715,Active,2852055,NA,NA,D,1,0,2734098.841,169.95,1995,18,4.38,40.13
204716,Active,544891,NA,NA,S,3,1,840105.01,65.99,2011,26,44.99,47.46
204717,Active,760577,NA,NA,S,1,0,671585.9225,131.95,2001,57,17.05,35
204718,Active,628861,NA,NA,S,1,0,218967.9363,58,2006,41,19.62,39.02
204719,Active,2108727,NA,NA,S,2,1,203604.4213,50,2010,39,24.99,33.67
204720,Active,2109053,NA,NA,S,2,1,30984.81,30,2011,45,13.03,18.75
204721,Active,2898293,NA,NA,D,8,1,398435.845,43.99,2005,57,4,23.99
204722,Active,743562,NA,NA,D,1,0,3966905.903,169,2003,17,4.76,36.94
204723,Active,743687,NA,NA,D,2,1,2558984.833,204.95,2008,15,8.97,50.15
204724,Active,169147,NA,NA,D,3,1,504738.0775,204.95,2006,43,17.1,61.57
204725,Active,61029,NA,NA,D,2,1,1998385.675,83.95,2002,28,4,29.66
204726,Active,775636,NA,NA,D,0,0,2683017.881,112,2004,31,4.33,87.11
204727,Active,190794,NA,NA,D,15,1,3911890.703,146,2002,16,4.58,38.99
204728,Active,1426271,NA,NA,S,1,0,82122.825,68,2007,51,4.94,54.77
204729,Active,1426273,NA,NA,S,1,0,137483.8525,71.5,2007,90,4.52,26.91
204730,Active,1426272,NA,NA,S,1,0,67344.15,71.5,2007,42,9.2,24.84
204731,Active,1426329,NA,NA,S,0,0,1266129.183,84.88,2009,64,7.48,34.64
204732,Active,881617,NA,NA,S,0,0,228833.0725,7.98,2010,9,7.96,7.97
204733,Active,910897,NA,NA,S,0,0,78733.98125,49.97,1988,55,17.79,32.97
204734,Active,642375,NA,NA,S,1,0,16998.725,60,2011,28,44.09,44.19
204735,Active,618039,NA,NA,D,1,0,847970.2238,60,1996,69,4,10.49
204736,Active,268505,NA,NA,S,1,0,58611.03625,36,2008,35,22.47,26.34
204737,Active,270869,NA,NA,S,1,0,299538.9625,85,2009,48,47.1,59.95
204738,Active,911700,NA,NA,S,1,0,324185.2775,39,2004,28,10.67,29.04
204739,Active,2563958,NA,NA,S,1,0,1069388.15,110,1996,23,7,86.56
204740,Active,646118,NA,NA,S,0,0,10658.225,50,2010,23,35.14,36.99
204741,Active,161874,NA,NA,S,2,1,804582.8913,83.95,2005,29,5.13,48.96
204742,Active,612352,NA,NA,S,2,1,450821.5388,47.95,2013,21,41.86,0
204743,Active,261401,NA,NA,D,1,0,1032592.636,30,2002,32,4,8.48
204744,Active,652610,NA,NA,S,0,0,33384.125,66.95,2012,14,52.69,52.72
204745,Active,1840475,NA,NA,S,5,1,928073.8725,44.99,2010,25,28.99,45.57
204746,Active,917950,NA,NA,D,2,1,1714916.724,75,1998,30,4,31.67
204747,Active,261432,NA,NA,S,3,1,564859.1825,110,2006,57,9.44,56.49
204748,Active,652732,NA,NA,S,1,0,114334.12,55,2011,33,26.12,37.12
204749,Active,503605,NA,NA,D,5,1,580032.525,305.99,2010,26,5.79,43.97
204750,Active,289953,NA,NA,D,1,0,1199755.279,95.95,2004,31,25.93,95.94
204751,Active,663227,NA,NA,S,2,1,179478.7213,84.95,2013,20,69.77,63.99
204752,Active,911429,NA,NA,D,1,0,862470.905,159,2002,23,4.84,48.34
204753,Active,625418,NA,NA,D,1,0,462189.615,78.95,2004,37,6.93,38.24
204754,Active,663137,NA,NA,S,2,1,97980.88375,64.95,2013,45,27.27,34.31
204755,Active,146869,NA,NA,D,1,0,1004175.809,69.95,2001,28,4.75,23.99
204756,Active,288809,NA,NA,D,2,1,498884.0363,103,2006,33,38.89,48.99
204757,Active,204087,NA,NA,D,2,1,1531440.121,175,2006,24,38.96,123.99
204758,Active,271092,NA,NA,S,2,1,19094.1375,79,2011,38,47.58,50.94
204759,Active,585297,NA,NA,S,3,1,818667.2963,58,1998,31,6.46,13.76
204760,Active,61030,NA,NA,S,2,1,1276578.165,137.95,2000,84,4,23.19
204761,Active,385327,NA,NA,D,3,1,296068.0813,225.95,2005,50,5.97,46.43
204762,Active,3256878,NA,NA,S,3,1,287083.725,137.53,2005,43,13.99,70.3
204763,Active,1891533,NA,NA,S,2,1,426361.3863,49.95,2013,20,33.5,36.71
204764,Active,2743625,NA,NA,S,0,0,1084576.624,16.95,2004,11,7.64,8.12
204765,Active,125610,NA,NA,S,1,0,958432.5988,99,2004,27,17.56,38.99
204766,Active,1582361,NA,NA,S,2,1,172961.9063,49.99,2014,18,22.94,43.15
204767,Active,1448154,NA,NA,S,5,1,270451.6325,86.8,2007,31,4.69,124.81
204768,Active,667220,NA,NA,S,6,1,50055.06875,110,2012,30,44.98,0
204769,Active,660933,NA,NA,S,1,0,902885.495,125,2012,32,18.98,36.99
204770,Active,1459078,NA,NA,S,1,0,23365.5075,36.99,2009,54,14.26,21.7
204771,Active,117225,NA,NA,D,2,1,489840.4313,86,2006,66,4,33.99
204772,Active,616206,NA,NA,S,5,1,103183,99.99,2004,70,7.49,22.86
204773,Active,2302984,NA,NA,S,3,1,100185.1538,103.96,1996,71,5.24,24.99
204774,Active,738601,NA,NA,S,4,1,1434102.486,45,2012,20,15.83,45
204775,Active,647251,NA,NA,D,3,1,724131.3725,125,2011,24,6.67,78.98
204776,Active,193630,NA,NA,D,2,1,1593733.319,92,2008,25,4.29,8.98
204777,Active,737996,NA,NA,D,3,1,1682373.489,27,1997,22,4,14.55
204778,Active,612173,NA,NA,S,5,1,187952.8625,43,2013,21,30.64,38.49
204779,Active,620246,NA,NA,D,5,1,179323.0163,127,2011,53,13.88,52.3
204780,Active,193655,NA,NA,S,4,1,672132.6025,78,2009,34,8.82,51.2
204781,Active,193401,NA,NA,D,3,1,1090707.811,73,2004,24,6.29,50.29
204782,Active,58554,NA,NA,D,8,1,141316.2938,123,2010,39,27.79,68.98
204783,Active,55432,NA,NA,D,7,1,156177.16,85,2007,55,13.62,101.72
204784,Active,58553,NA,NA,S,5,1,1108981.578,39.95,1999,52,4,51.29
204785,Active,55431,NA,NA,D,6,1,348839.8938,69,2002,69,4,16.1
204786,Active,618275,NA,NA,S,2,1,301502.41,90,2009,57,14.03,69.72
204787,Active,525403,NA,NA,S,2,1,759117.1788,44.95,2011,30,18.98,30.49
204788,Active,874564,NA,NA,D,0,0,984958.4563,114.75,1996,11,8.84,51.33
204789,Active,178480,NA,NA,D,3,1,327077.0738,56.72,2001,31,5.05,46
204790,Active,612484,NA,NA,S,5,1,115988.1,74.94,2013,30,42.54,0
204791,Active,646489,NA,NA,S,1,0,187335.3275,37.95,2008,16,28.48,35.7
204792,Active,628322,NA,NA,S,2,1,1307633.498,59.99,2002,37,4,54.53
204793,Active,672130,NA,NA,S,2,1,27874.99375,22.95,2004,184,8.26,15.61
204794,Active,877990,NA,NA,S,10,1,193152.305,150,2012,32,33.99,89.12
204795,Active,2654024,NA,NA,S,3,1,1592140.824,103.16,1993,37,4,24.1
204796,Active,525400,NA,NA,D,3,1,86242.01625,203,2010,84,14.77,62.99
204797,Active,764441,NA,NA,D,0,0,6143587.844,87.95,2003,18,8.91,56.77
204798,Active,771158,NA,NA,D,6,1,695809.2163,151.95,2003,44,4,24.96
204799,Active,614327,NA,NA,S,8,1,521141.6375,185.6,2004,54,4,54.61
204800,Active,61031,NA,NA,D,2,1,218022.1963,158,2006,71,4,24.42
204801,Active,761996,NA,NA,D,1,0,1268238.824,89.99,2006,36,4.49,33.69
204802,Active,533299,NA,NA,D,7,1,19530.5775,314.95,2012,111,41.85,103.94
204803,Active,620728,NA,NA,D,10,1,128707.5388,237.2,2012,34,42.83,217.98
204804,Active,607410,NA,NA,D,8,1,657677.33,162.67,2007,74,4,19.98
204805,Active,561405,NA,NA,D,9,1,57252.71,223.2,2011,79,14.94,72.98
204806,Active,2393433,NA,NA,S,2,1,253696.9575,86.6,1993,34,4,8.86
204807,Active,879027,NA,NA,D,6,1,139807.5613,58.85,2008,48,10.53,43.98
204808,Active,623513,NA,NA,S,1,0,132955.2225,230,2009,39,36.34,93.94
204809,Active,176885,NA,NA,D,1,0,1150869.126,327.95,2002,47,4,18.49
204810,Active,550360,NA,NA,D,1,0,776905.105,232.5,2007,34,18.13,53.49
204811,Active,533748,NA,NA,D,10,1,6063.25875,223.2,2012,104,11.73,98.01
204812,Active,61032,NA,NA,D,7,1,705895.0225,328.95,2006,44,5.5,8.79
204813,Active,616486,NA,NA,D,2,1,490867.9688,23.49,2009,40,5.42,21.41
204814,Active,679751,NA,NA,S,2,1,151870.2,22,2012,30,6.93,16.48
204815,Active,525402,NA,NA,S,5,1,63028.30875,230,2008,99,42.34,63.98
204816,Active,713283,NA,NA,D,3,1,1408843.729,109.33,2002,38,4.34,15.18
204817,Active,61033,NA,NA,D,4,1,1291321.998,147.33,2005,26,4,23.44
204818,Active,292156,NA,NA,D,6,1,1001044.579,137.96,2005,44,5.02,10.97
204819,Active,51556,NA,NA,D,9,1,92127.95125,178.67,2008,156,5.71,33.92
204820,Active,525399,NA,NA,D,8,1,134715.9163,328.95,2010,74,11.54,35
204821,Active,644598,NA,NA,S,3,1,300684.7225,69.5,2012,25,39.73,43.99
204822,Active,764317,NA,NA,S,5,1,512557.6025,48.95,2003,44,4,0
204823,Active,751659,NA,NA,S,2,1,2023684.254,37.3,2009,23,4.35,45
204824,Active,3792373,NA,NA,D,3,1,2391659.8,99.95,2005,26,39.99,71.21
204825,Active,537950,NA,NA,D,1,0,415306.215,60.3,1996,46,6.61,49.26
204826,Active,164867,NA,NA,D,1,0,783743.7763,66.24,1996,39,4,65.19
204827,Active,525398,NA,NA,S,2,1,53745.99375,90.5,2011,23,48.69,60.99
204828,Active,1562712,NA,NA,D,2,1,4939064.05,425,2006,10,9.98,0
204829,Active,626290,NA,NA,D,1,0,881619.85,70,2010,39,6.7,20.99
204830,Active,624048,NA,NA,S,2,1,63890.93875,39.99,2011,51,9.46,14.97
204831,Active,630152,NA,NA,S,4,1,66047.45,36,2007,22,18.89,17.38
204832,Active,2339087,NA,NA,S,0,0,2054623.255,32.95,1995,24,4,31.89
204833,Active,649652,NA,NA,S,3,1,18566.7975,65,2012,161,36.58,32.93
204834,Active,626080,NA,NA,D,3,1,1692027.731,54,2005,22,9.76,38.99
204835,Active,222835,NA,NA,S,3,1,236654.9075,101.5,2009,31,29.73,73.19
204836,Active,537693,NA,NA,S,7,1,88138.9225,89,2012,48,27.88,43.96
204837,Active,896875,NA,NA,S,2,1,306511.5663,59.99,2014,20,45.84,43.76
204838,Active,841185,NA,NA,D,2,1,1786280.094,0,1985,13,8.92,0
204839,Active,2657785,NA,NA,D,4,1,2852390.518,534.29,1981,14,4.37,73.74
204840,Active,2657920,NA,NA,S,5,1,704745.005,16.95,1988,24,4,61.59
204841,Active,2144472,NA,NA,S,0,0,51649.15,49.95,2014,15,39.35,47.14
204842,Active,778484,NA,NA,D,2,1,7655243.716,71.95,2006,10,49.89,52.87
204843,Active,797518,NA,NA,D,2,1,3488736.951,49.95,2002,20,4,7.99
204844,Active,543737,NA,NA,S,4,1,224217.3525,50.95,2012,30,32.94,40.98
204845,Active,577742,NA,NA,S,1,0,23377.17125,29.95,2007,142,6.99,10.49
204846,Active,2913140,NA,NA,D,6,1,782471.395,0,2005,12,63.91,221.01
204847,Active,751835,NA,NA,S,2,1,240686.1988,24.95,2009,55,4.64,16.6
204848,Active,565365,NA,NA,S,0,0,610187.3138,7.99,2008,124,3.79,7.79
204849,Active,628903,NA,NA,S,1,0,162711.7275,34,2004,44,11.92,53.43
204850,Active,608554,NA,NA,D,2,1,1118806.599,57.95,2003,40,4,19.82
204851,Active,55063,NA,NA,D,3,1,546634.6438,155.95,2006,38,4.97,50.51
204852,Active,55064,NA,NA,S,4,1,55821.98375,156.95,2009,78,43.99,96.32
204853,Active,3133389,NA,NA,D,8,1,672083.6513,112.25,2003,21,8.93,44.84
204854,Active,902435,NA,NA,S,2,1,480533.19,44,2011,17,38.99,38.99
204855,Active,1590532,NA,NA,D,5,1,2248664.536,79.99,2009,22,6.33,56.09
204856,Active,2628538,NA,NA,S,0,0,948938.2125,83.94,2004,21,20.83,71.97
204857,Active,721255,NA,NA,S,1,0,1136639.4,74,2005,58,3.99,7.03
204858,Active,615375,NA,NA,S,1,0,39655.3825,50,1998,53,9.78,22.96
204859,Active,622027,NA,NA,S,1,0,52417.1,87.8,2006,30,52.19,66.88
204860,Active,2107239,NA,NA,S,0,0,21537.825,48.99,2014,14,29.77,29.77
204861,Active,1633941,NA,NA,S,1,0,71242.71625,59.99,2015,23,46.24,46.95
204862,Active,2257356,NA,NA,S,4,1,709036.655,53.99,2006,37,14.78,125.18
204863,Active,2631706,NA,NA,S,3,1,395986.0725,58.95,2004,55,13.98,48.77
204864,Active,2855349,NA,NA,D,1,0,2501535.163,279.99,2001,16,26.3,125.85
204865,Active,658279,NA,NA,S,3,1,61187.44625,39.95,2012,54,25.98,26.9
204866,Active,145210,NA,NA,D,3,1,1434799.836,75.6,2005,43,4,34.16
204867,Active,525393,NA,NA,S,4,1,150434.3975,142.2,2008,50,12.32,52.48
204868,Active,239406,NA,NA,S,3,1,241175.45,59.95,2000,43,12.79,38.97
204869,Active,3463899,NA,NA,D,0,0,2855783.35,100,1982,38,4.77,16.94
204870,Active,249763,NA,NA,D,4,1,119064.57,341.95,2007,41,23.1,88.67
204871,Active,61034,NA,NA,D,3,1,1141999.99,341.95,2000,48,4.53,77.21
204872,Active,1583407,NA,NA,S,4,1,23103.00625,34.99,2011,76,18.75,19.44
204873,Active,623191,NA,NA,D,3,1,2186921.115,17.98,2002,37,3.78,17.74
204874,Active,167080,NA,NA,D,4,1,807207.8538,14.58,2006,38,4,10.01
204875,Active,162637,NA,NA,S,5,1,172726.895,180.75,2008,74,45.31,104.55
204876,Active,711947,NA,NA,D,2,1,1607395.55,68.8,2001,27,4,10.97
204877,Active,115856,NA,NA,S,2,1,803685.3213,86.8,2006,39,6.98,44.53
204878,Active,265064,NA,NA,D,0,0,1560407.193,75,2011,28,4.35,17.99
204879,Active,2550635,NA,NA,D,3,1,11810637.02,36.95,1992,14,4.78,102.26
204880,Active,114891,NA,NA,D,0,0,236339.5613,25.6,2001,67,4.53,49.99
204881,Active,623657,NA,NA,S,1,0,38035.26625,63.47,2001,28,45,47.92
204882,Active,537140,NA,NA,S,6,1,46111.7,44.95,2012,48,17.75,36.78
204883,Active,525391,NA,NA,S,7,1,18200.9675,166.5,2007,110,33.99,74.23
204884,Active,556472,NA,NA,S,2,1,313127.5363,34.95,2010,34,15.73,29.04
204885,Active,115438,NA,NA,S,4,1,470908.39,130.6,2001,35,12.55,58.19
204886,Active,623143,NA,NA,D,2,1,926298.9088,65.95,2002,62,4,45
204887,Active,158077,NA,NA,S,2,1,334924.5588,56.95,2005,27,13.88,0
204888,Active,3518371,NA,NA,D,0,0,3475882.5,53.95,1996,33,4,23.99
204889,Active,619892,NA,NA,S,1,0,119142.28,62.95,2000,32,24.72,38.08
204890,Active,137965,NA,NA,D,0,0,1204350.681,70,2001,30,12.88,66.09
204891,Active,906851,NA,NA,S,3,1,168840.4963,29.95,2014,25,24.44,27.08
204892,Active,1584475,NA,NA,S,1,0,1147597.328,44.99,2011,25,13.39,42.05
204893,Active,2397078,NA,NA,D,5,1,3079762.364,65.95,1994,19,4,33.99
204894,Active,123988,NA,NA,S,6,1,623702.65,229.95,2001,35,39.72,56.97
204895,Active,179225,NA,NA,S,7,1,59744.06125,181.95,2011,66,48.31,103.82
204896,Active,61220,NA,NA,D,6,1,735510.985,185.95,2006,61,4,19.29
204897,Active,525390,NA,NA,D,5,1,55051.7675,159.95,2009,97,7.31,40.99
204898,Active,61036,NA,NA,D,4,1,208983.8963,169.95,2006,61,4,31
204899,Active,127439,NA,NA,D,0,0,169899.41,56.95,2008,69,4,23.94
204900,Active,866976,NA,NA,S,2,1,82609.9625,54.95,2014,40,30.98,49.7
204901,Active,765610,NA,NA,D,5,1,191910.305,112.95,2003,56,4.44,24.95
204902,Active,450320,NA,NA,D,6,1,123598.6475,200.95,2006,65,5.33,88.59
204903,Active,132374,NA,NA,S,3,1,458346.6775,37,2007,44,7.24,60.25
204904,Active,2681261,NA,NA,D,1,0,3457608.341,155,1995,15,6.07,112.65
204905,Active,2550946,NA,NA,D,1,0,3083562.975,245,1999,12,4.75,24.99
204906,Active,658037,NA,NA,S,1,0,89332.825,79.95,2013,32,33.99,64.11
204907,Active,544889,NA,NA,S,4,1,371200.5488,55.99,2012,28,39.97,39.97
204908,Active,616679,NA,NA,S,4,1,689179.3125,53.95,1999,55,4,7.84
204909,Active,615981,NA,NA,S,1,0,110581.5838,80,1992,44,8.48,38.36
204910,Active,872264,NA,NA,D,2,1,1549995.875,44.75,2011,18,19.69,21.78
204911,Active,626467,NA,NA,D,1,0,261998.6138,66.8,2002,42,4,38.97
204912,Active,861801,NA,NA,S,4,1,42372.36375,60,2013,37,34.04,40.91
204913,Active,144216,NA,NA,S,8,1,220468.1963,96,2001,47,6.46,73.51
204914,Active,536246,NA,NA,D,5,1,102836.5688,60,2011,51,17.68,63.49
204915,Active,56919,NA,NA,D,4,1,337343.87,60,2006,90,4,16.24
204916,Active,245197,NA,NA,S,1,0,767236.9925,102.95,2006,35,11.48,28.57
204917,Active,560804,NA,NA,S,1,0,363427.325,107.2,2004,31,9.55,78.43
204918,Active,2254025,NA,NA,D,0,0,4425931.636,74.9,2010,34,11.43,65.86
204919,Active,914795,NA,NA,S,8,1,230768.81,97.25,2014,51,4.78,28.99
204920,Active,614649,NA,NA,S,0,0,879525.0913,88.5,2011,48,4,9.96
204921,Active,919371,NA,NA,S,2,1,1660682.498,79.5,2008,33,4,17.35
204922,Active,662485,NA,NA,S,2,1,705835.2713,39,2013,25,20.24,33.98
204923,Active,1890765,NA,NA,D,0,0,546287.4788,99.99,2011,8,34.99,74.98
204924,Active,753145,NA,NA,S,3,1,1437332.811,49.99,2010,27,4.54,12.28
204925,Active,625710,NA,NA,S,3,1,178770.525,129.5,2008,36,7.96,103.98
204926,Active,2369369,NA,NA,S,0,0,660867.9325,85.2,2002,38,4.09,47.92
204927,Active,1862316,NA,NA,D,0,0,121717.0875,19.99,2011,41,6.05,12.98
204928,Active,923260,NA,NA,D,0,0,4790.10875,11.99,2011,178,4,6.99
204929,Active,682346,NA,NA,S,1,0,562544.8663,22.95,2009,14,14.48,22.94
204930,Active,542908,NA,NA,S,3,1,71986.12375,19.95,2010,26,6.99,11.96
204931,Active,756964,NA,NA,D,2,1,3789714.405,275,2000,17,48.47,113.23
204932,Active,863806,NA,NA,D,2,1,2038199,205,2009,29,5.75,113.29
204933,Active,757782,NA,NA,D,8,1,5162443.083,115.95,2004,20,7.69,50.14
204934,Active,389210,NA,NA,S,7,1,148426.8563,61.95,2010,97,9.25,28.99
204935,Active,662342,NA,NA,D,0,0,1000995.284,79.95,2004,18,59.49,117.27
204936,Active,701084,NA,NA,S,3,1,40405.97125,42,2007,34,11.83,0
204937,Active,525376,NA,NA,S,2,1,365116.5025,36,2001,62,4,10.98
204938,Active,1990780,NA,NA,S,2,1,324053.3325,45.12,2013,16,33.97,42.89
204939,Active,1995700,NA,NA,S,4,1,186892.85,44.99,2014,11,37.98,38.72
204940,Active,55536,NA,NA,D,0,0,968685.325,33.33,2003,36,4,10.09
204941,Active,55538,NA,NA,S,3,1,23193.9125,60.8,2010,78,23.98,42.18
204942,Active,55537,NA,NA,D,2,1,266124.9925,41,2006,55,4,8.98
204943,Active,525375,NA,NA,D,2,1,1162825.44,90,2009,25,4.76,0
204944,Active,276296,NA,NA,D,1,0,2885042.131,79.95,2005,18,5.26,27.08
204945,Active,106827,NA,NA,S,2,1,55906.475,21,2010,111,4.63,10.53
204946,Active,2160224,NA,NA,S,0,0,994046.7375,59,2010,35,4,43.96
204947,Active,630104,NA,NA,D,0,0,992561.7538,49.99,2009,51,4,11.99
204948,Active,525372,NA,NA,S,3,1,555852.9188,308,2012,33,37.75,82.9
204949,Active,868431,NA,NA,D,1,0,4766040.666,95,1996,34,4.8,24.64
204950,Active,1539440,NA,NA,D,1,0,2477501.278,325,2007,9,193.98,343.99
204951,Active,279199,NA,NA,D,4,1,600420.3663,150,2006,65,6.06,45.88
204952,Active,147234,NA,NA,S,4,1,699834.255,94.95,2004,28,8.74,86.99
204953,Active,239630,NA,NA,S,1,0,53777.62875,55,2009,29,43.98,48.53
204954,Active,907012,NA,NA,D,2,1,1596521.935,64.99,2005,20,19.98,39.98
204955,Active,1576118,NA,NA,S,20,1,19868.05,36.95,2008,30,23.98,28.3
204956,Active,366553,NA,NA,D,5,1,375415.0675,145.95,2009,73,7.97,32.99
204957,Active,366497,NA,NA,D,4,1,2096133.138,69.95,2005,35,4,5.16
204958,Active,145114,NA,NA,S,2,1,443759.6088,79.99,2005,44,24.21,46.56
204959,Active,540507,NA,NA,S,3,1,48108.7525,49.99,2003,72,7.83,30.01
204960,Active,868193,NA,NA,S,2,1,227014.0113,34.99,1999,107,4,10.99
204961,Active,525371,NA,NA,S,2,1,173526.7338,49.99,2009,76,13.21,32.13
204962,Active,748347,NA,NA,D,1,0,2642480.084,170,2005,18,9.3,52.91
204963,Active,859619,NA,NA,S,0,0,96554.2,81.25,2007,23,17.36,61.85
204964,Active,525370,NA,NA,S,10,1,90551.49125,34.95,2004,78,6.97,21.95
204965,Active,750799,NA,NA,S,1,0,1239498.415,75,2008,17,44.95,50.18
204966,Active,637452,NA,NA,S,1,0,344955.7088,134.95,1995,30,43.95,112.58
204967,Active,2020899,NA,NA,S,1,0,6648.925,75,2008,30,38.99,44.19
204968,Active,126548,NA,NA,S,2,1,342470.6225,30,2003,40,11.96,19.49
204969,Active,289298,NA,NA,D,2,1,1382966.458,59.95,2001,24,10.84,53.49
204970,Active,152631,NA,NA,S,2,1,274589.585,79.95,2005,35,8.49,54.49
204971,Active,870204,NA,NA,S,5,1,1515373.208,69.95,1994,16,6.37,38.94
204972,Active,862398,NA,NA,S,7,1,81053.95,99.95,2014,31,69.86,66.3
204973,Active,221817,NA,NA,D,6,1,549288.1175,102.95,2004,29,8.52,13.69
204974,Active,914822,NA,NA,S,5,1,925858.7188,33.99,2007,36,4,13.91
204975,Active,203914,NA,NA,S,4,1,1420163.745,31.99,2007,37,4,0
204976,Active,570760,NA,NA,D,9,1,1462323.801,54.05,2009,34,4.01,45.76
204977,Active,51496,NA,NA,D,9,1,81834.26625,319.95,2008,107,4.38,44.87
204978,Active,258151,NA,NA,S,1,0,72993.425,49.95,2008,25,35,28.82
204979,Active,244217,NA,NA,D,10,1,86962.79125,301.95,2012,86,7.24,53.98
204980,Active,155119,NA,NA,S,5,1,6380502.409,86.36,1996,39,4,11.8
204981,Active,53293,NA,NA,D,9,1,452001.775,332.95,2008,116,4,12.38
204982,Active,146464,NA,NA,S,1,0,929532.0825,54.99,2010,48,4.65,79.23
204983,Active,3547065,NA,NA,S,2,1,5268727.7,42.95,1992,19,5.17,108.49
204984,Active,54583,NA,NA,D,13,1,470210.3988,267.95,2011,57,5.34,20.73
204985,Active,61038,NA,NA,S,11,1,2551120.885,191.95,2007,44,3.99,45.44
204986,Active,243963,NA,NA,D,13,1,516644.1138,257.95,2011,68,4.71,70.63
204987,Active,54582,NA,NA,D,12,1,827667.51,282.95,2009,48,4,40.1
204988,Active,540099,NA,NA,S,3,1,44061.08375,171.4,2012,76,44.58,103.99
204989,Active,133457,NA,NA,D,2,1,229383.8013,144.8,2011,63,4.95,43.63
204990,Active,1482860,NA,NA,S,3,1,848362.09,116.67,2012,30,41.99,73.99
204991,Active,133384,NA,NA,D,2,1,507788.245,173.8,2011,57,8.94,23.98
204992,Active,133456,NA,NA,D,2,1,598269.0038,105.2,2011,50,4.76,51.59
204993,Active,133458,NA,NA,D,2,1,857411.1825,118.8,2011,52,4,22.49
204994,Active,1696762,NA,NA,S,2,1,44880.52875,55.95,2015,35,34.15,49.98
204995,Active,1656695,NA,NA,D,2,1,1834139.636,39.75,2006,15,8.47,28.99
204996,Active,633765,NA,NA,S,1,0,201040.03,85,2013,26,23.68,42.06
204997,Active,525364,NA,NA,S,2,1,1265920.453,80,2007,25,13.95,21.73
204998,Active,403861,NA,NA,S,1,0,422270.2513,112.4,2005,47,4.92,72.99
204999,Active,119112,NA,NA,D,5,1,333713.2188,146.67,2011,75,4.99,59.2
205000,Active,118215,NA,NA,D,4,1,647239.7288,113,2008,75,4,30.42
205001,Active,286038,NA,NA,S,3,1,2071679.473,71.6,2004,50,4,7.99
205002,Active,669096,NA,NA,S,2,1,1019021.593,96,2012,21,47.67,56.14
205003,Active,286259,NA,NA,D,5,1,317670.3638,224,2007,107,4.49,43.38
205004,Active,61039,NA,NA,D,4,1,711418.8025,164.8,2004,59,4,7.5
205005,Active,290197,NA,NA,D,4,1,144252.9263,76,2009,41,6.97,51.22
205006,Active,864791,NA,NA,S,5,1,27331.4075,93.95,2014,47,34.57,46.74
205007,Active,61040,NA,NA,D,3,1,439937.9063,70,2003,69,4,33.08
205008,Active,390129,NA,NA,D,0,0,828272.06,32,1996,24,4,73.81
205009,Active,390131,NA,NA,D,2,1,515305.0338,52.95,2002,17,25.93,130.23
205010,Active,865136,NA,NA,S,2,1,551887.165,47,2006,21,28.14,36.94
205011,Active,1846049,NA,NA,D,1,0,6746987.113,49.99,2010,7,15.11,0
205012,Active,1786945,NA,NA,S,0,0,90329.2375,44.95,2015,25,37.73,36.73
205013,Active,714744,NA,NA,S,3,1,293565.75,52,2001,43,7.55,43.98
205014,Active,118690,NA,NA,S,4,1,4676.27125,57.32,2009,71,20.56,39.98
205015,Active,118688,NA,NA,S,4,1,5386.19125,59.99,2009,68,33.74,43.99
205016,Active,118196,NA,NA,S,4,1,254431.7125,48.73,2009,117,20.63,38.98
205017,Active,118687,NA,NA,S,4,1,21846.025,34.65,2009,35,18.99,27.19
205018,Active,121875,NA,NA,S,3,1,138435.4275,34.67,2000,66,4,10.23
205019,Active,912363,NA,NA,S,2,1,49995.46875,29.95,2011,28,19.82,29.95
205020,Active,187975,NA,NA,D,4,1,1724423.39,139,1999,40,5.33,23.98
205021,Active,867976,NA,NA,D,1,0,720220.4063,101,1996,18,6.69,98.41
205022,Active,156485,NA,NA,S,0,0,417852.6563,53.95,1998,127,11.74,29.95
205023,Active,548929,NA,NA,D,1,0,330199.805,57.5,1993,64,4,36.96
205024,Active,217404,NA,NA,D,2,1,102079.4325,70,2006,73,8.99,23.06
205025,Active,612102,NA,NA,S,3,1,18633.65375,85,2013,41,48.87,43.98
205026,Active,291636,NA,NA,D,7,1,1197751.084,130.95,2004,47,4,42.94
205027,Active,169930,NA,NA,D,8,1,87760.88,124.95,2009,39,15.37,84.41
205028,Active,1826929,NA,NA,S,1,0,37302.525,55.95,2014,12,39.28,51.98
205029,Active,53258,NA,NA,D,8,1,77002.82875,218.95,2006,92,4.28,36.31
205030,Active,53261,NA,NA,D,7,1,335957.7913,240.95,2003,61,4.8,13.98
205031,Active,285615,NA,NA,D,3,1,713157.5375,99.96,2004,31,6.76,37.91
205032,Active,169416,NA,NA,S,1,0,662668.235,129.95,2007,35,28.07,73.96
205033,Active,871013,NA,NA,D,2,1,446383.925,104.5,1997,59,4,18.24
205034,Active,53259,NA,NA,S,9,1,177349.61,200.95,2008,67,16.88,33.99
205035,Active,132240,NA,NA,D,5,1,1439155.956,142.8,2006,37,4,23.59
205036,Active,121238,NA,NA,D,6,1,243002.56,176.2,2010,34,10.99,72.83
205037,Active,650938,NA,NA,D,6,1,1452941.443,39.99,2002,21,7.78,59.19
205038,Active,542969,NA,NA,D,6,1,2262858.338,39.95,2003,17,4.39,85.87
205039,Active,905728,NA,NA,S,5,1,2694530.621,39.95,1998,18,4,23.99
205040,Active,587885,NA,NA,D,6,1,688506.3463,167.95,2012,36,5.07,42.99
205041,Active,53288,NA,NA,D,4,1,157537.2163,253.95,2006,80,4.11,15.93
205042,Active,608782,NA,NA,S,4,1,366097.9188,148.95,2007,30,38.99,87.98
205043,Active,53286,NA,NA,D,5,1,92573.37875,240.95,2008,93,5.85,21.51
205044,Active,591609,NA,NA,S,2,1,555892.1338,49.95,2004,57,31.16,38.09
205045,Active,711208,NA,NA,D,1,0,1145360.28,94.7,2001,31,4,16.95
205046,Active,116818,NA,NA,S,2,1,151962.4413,171.4,2005,60,20.82,37.82
205047,Active,218711,NA,NA,S,1,0,85544.625,144,2007,36,48.94,71.86
205048,Active,1438565,NA,NA,S,1,0,20970,238,2014,50,35.33,50.93
205049,Active,514681,NA,NA,D,10,1,2389.8175,325,2012,349,8.2,23.93
205050,Active,417487,NA,NA,S,11,1,1140475.3,118,2002,54,4,13.93
205051,Active,1441379,NA,NA,S,10,1,167755.7513,0,2013,23,14.98,283.96
205052,Active,594902,NA,NA,D,2,1,80124.235,104,2013,41,29.92,53.49
205053,Active,286101,NA,NA,D,1,0,276662.8913,157.4,2008,74,5.72,42.8
205054,Active,288900,NA,NA,D,1,0,1063814.771,223.95,2005,29,4.97,22.08
205055,Active,53379,NA,NA,S,7,1,1268838.864,178.5,2003,119,4,13.39
205056,Active,53380,NA,NA,D,9,1,20624.9625,40.03,2009,366,4,13.99
205057,Active,54270,NA,NA,S,2,1,2749.12625,40.6,2005,110,23.94,33.27
205058,Active,899658,NA,NA,D,0,0,3672463.661,18.99,2004,16,4,18.99
205059,Active,635674,NA,NA,S,3,1,650021.335,60.75,2012,22,16.49,48.97
205060,Active,910453,NA,NA,D,2,1,657784.285,73,1992,20,4.98,60.05
205061,Active,126191,NA,NA,S,3,1,29691.82125,82.95,2005,57,20.92,31.18
205062,Active,664923,NA,NA,S,2,1,606292.8338,49,2013,26,27.89,32.6
205063,Active,911017,NA,NA,S,6,1,251586.465,43,2014,34,26.99,35.8
205064,Active,55428,NA,NA,D,7,1,729348.2413,87,2007,61,4,27.47
205065,Active,525354,NA,NA,D,8,1,524771.2975,252.95,2010,49,28.93,66.83
205066,Active,61043,NA,NA,D,7,1,886983.9288,242.95,2007,42,4,8.79
205067,Active,919536,NA,NA,D,4,1,1114646.528,5.99,2003,48,4.13,23.99
205068,Active,2647826,NA,NA,S,3,1,8767019.548,43.95,1997,41,4.76,39.47
205069,Active,564673,NA,NA,S,2,1,608462.3688,39.95,2005,22,27.12,32.14
205070,Active,337019,NA,NA,S,1,0,1407786.793,49.95,2011,20,9.82,49.95
205071,Active,592740,NA,NA,D,4,1,498464.9413,33.99,2009,22,23.46,0
205072,Active,1680141,NA,NA,S,5,1,67659.0675,49,2013,17,35.98,49
205073,Active,576392,NA,NA,S,2,1,367479.985,82,2003,44,4.74,37.77
205074,Active,900498,NA,NA,D,3,1,1059937.93,23.04,2006,40,5.59,18.27
205075,Active,541694,NA,NA,S,4,1,338960.8638,70,2011,56,26.59,44
205076,Active,566789,NA,NA,D,3,1,652244.7138,65,2006,76,4,14.73
205077,Active,533309,NA,NA,D,14,1,40123.8725,180.95,2012,62,7.98,53.25
205078,Active,525353,NA,NA,D,5,1,133393.6863,142.95,2012,91,5.43,42.51
205079,Active,148650,NA,NA,D,3,1,2355442.296,172.95,2008,47,3.99,24.99
205080,Active,178965,NA,NA,D,4,1,1038608.011,151.95,2010,54,4,12.98
205081,Active,61044,NA,NA,D,12,1,941812.1925,115.95,2008,50,4,7.99
205082,Active,250191,NA,NA,D,11,1,3182539.333,102.95,2006,22,4.47,21.03
205083,Active,1871377,NA,NA,D,3,1,781148.6075,46.12,2012,13,8.49,15.99
205084,Active,581667,NA,NA,D,3,1,1206626.066,4.65,2001,36,4,8.98
205085,Active,577173,NA,NA,S,4,1,254045.5313,49,2012,13,38.99,0
205086,Active,788171,NA,NA,S,3,1,2626436.796,218.95,1999,35,4.58,20.19
205087,Active,633308,NA,NA,D,2,1,305208.8275,41,2009,30,12.49,48.97
205088,Active,581658,NA,NA,D,1,0,1421868.799,37,2004,41,4,33.41
205089,Active,581679,NA,NA,D,4,1,2137325.026,39,2005,37,4,28.49
205090,Active,109344,NA,NA,D,6,1,1100423.861,114.85,2005,15,23.94,110.09
205091,Active,581672,NA,NA,D,2,1,2227818.195,37,2004,36,4,48.37
205092,Active,250966,NA,NA,D,3,1,518312.2888,28.58,2009,43,8.23,33.99
205093,Active,655640,NA,NA,S,2,1,705355.6425,49,2010,43,11.86,37.81
205094,Active,193713,NA,NA,D,2,1,1285710.1,103.95,2010,32,4,37.97
205095,Active,193584,NA,NA,D,1,0,1495259.04,74.95,2007,30,4,19.61
205096,Active,61045,NA,NA,S,2,1,2215825.504,106.95,2002,49,4,21.99
205097,Active,169910,NA,NA,S,3,1,515679.1413,181.95,2009,51,4.3,41.95
205098,Active,581692,NA,NA,S,4,1,822651.5838,39,2001,53,7.13,23.99
205099,Active,2106865,NA,NA,S,4,1,244432.7075,49,2014,15,39.94,43
205100,Active,2259245,NA,NA,D,4,1,5120048.07,170.47,2006,22,11.98,117.96
205101,Active,663239,NA,NA,S,6,1,40829.88625,49,2013,37,28.99,42.73
205102,Active,628727,NA,NA,D,1,0,23614.4675,49.95,2010,37,30.23,28.99
205103,Active,629516,NA,NA,D,1,0,610094.495,70.95,2009,52,4.09,20.99
205104,Active,124076,NA,NA,S,2,1,625905.9738,221.95,1999,53,4,32.8
205105,Active,2658973,NA,NA,S,7,1,1155830.088,49.99,2002,40,6.34,26.99
205106,Active,902175,NA,NA,D,0,0,952096.0675,43,1997,28,26.63,71.59
205107,Active,621047,NA,NA,D,2,1,429084.1513,104.99,2004,37,8.22,63.96
205108,Active,55283,NA,NA,S,5,1,2119103.114,122.95,2001,41,4,18.99
205109,Active,55284,NA,NA,D,7,1,89389.06375,271.95,2010,85,6.48,20.93
205110,Active,55285,NA,NA,D,6,1,858486.5638,140.95,2006,73,4,10.53
205111,Active,51567,NA,NA,D,6,1,45666.98625,121.85,2010,85,12.78,42.25
205112,Active,191883,NA,NA,S,3,1,232350.3838,93.75,2000,49,4.34,31.48
205113,Active,51565,NA,NA,D,5,1,163484.655,73.49,2006,67,8.91,86.6
205114,Active,252786,NA,NA,D,6,1,769381.7025,48.99,2009,17,18.42,63.99
205115,Active,539511,NA,NA,S,4,1,105948.78,90.67,2013,27,43.64,44.53
205116,Active,525349,NA,NA,D,3,1,453726.5075,77.33,2009,28,17.04,79.43
205117,Active,760217,NA,NA,D,1,0,877192.3175,97.5,2003,21,4,21.6
205118,Active,764082,NA,NA,D,5,1,545275.6313,99.95,2001,34,4,16.88
205119,Active,534050,NA,NA,D,5,1,2576657.323,124.95,2001,17,4.24,36.72
205120,Active,178287,NA,NA,S,6,1,37969.95,304.95,2005,87,8.48,287.35
205121,Active,543931,NA,NA,S,3,1,17888.0075,101.5,2013,31,42.93,74.95
205122,Active,246455,NA,NA,D,2,1,314015.275,53.99,2006,43,5.98,51.61
205123,Active,3590250,NA,NA,D,0,0,4600024.45,30,2001,27,5.56,30
205124,Active,1871329,NA,NA,S,2,1,537997.455,49,2009,21,19.94,49
205125,Active,651971,NA,NA,D,0,0,906053.505,33.99,2007,29,17.71,0
205126,Active,130944,NA,NA,D,9,1,112741.5413,165.2,2011,34,44.15,103.97
205127,Active,61047,NA,NA,D,7,1,434542.3375,113.33,2005,64,4,30
205128,Active,131473,NA,NA,S,6,1,1233737.559,104.6,2001,54,4,16.94
205129,Active,2649647,NA,NA,S,2,1,902173.5063,81.95,2002,26,13.4,43.1
205130,Active,132677,NA,NA,D,8,1,279711.575,125.33,2008,93,4.36,16.82
205131,Active,594680,NA,NA,S,2,1,34278.35125,116.95,2013,46,46.22,53.49
205132,Active,200092,NA,NA,D,1,0,206881.8425,107.95,2008,51,4.44,52.7
205133,Active,175116,NA,NA,S,3,1,239588.3925,74.99,2010,41,27.44,53.67
205134,Active,132547,NA,NA,D,3,1,2211026.996,74.4,2007,22,4.51,32.77
205135,Active,133103,NA,NA,S,4,1,552920.1163,106.13,2009,44,22.78,68.29
205136,Active,145281,NA,NA,D,3,1,2701672.193,60.8,2005,21,4,4
205137,Active,546618,NA,NA,S,2,1,94750.7675,42.95,2013,26,33.93,37.39
205138,Active,256294,NA,NA,D,1,0,1213642.158,36,2003,59,4,19.99
205139,Active,577176,NA,NA,S,4,1,618029.9,49,2013,26,20.55,0
205140,Active,641130,NA,NA,S,3,1,567772.18,43,2010,13,10.84,19.94
205141,Active,631585,NA,NA,D,3,1,1340113.525,39,2010,25,4.11,49.67
205142,Active,915094,NA,NA,D,2,1,3160673.021,39,2005,21,4,8.49
205143,Active,615550,NA,NA,D,3,1,1053407.978,100,1998,57,4,11.47
205144,Active,711158,NA,NA,D,4,1,1791800.023,120.2,2001,40,4.11,40.15
205145,Active,539248,NA,NA,D,10,1,45193.86375,142.6,2012,69,10.86,26.98
205146,Active,877199,NA,NA,S,10,1,4937807.195,60.32,2012,15,10.4,75.27
205147,Active,58229,NA,NA,D,9,1,91912.295,116.2,2009,48,4,43.99
205148,Active,58228,NA,NA,D,8,1,266330.95,72,2006,65,4,41.99
205149,Active,865078,NA,NA,S,2,1,134427.6863,42,2009,116,10.93,24.07
205150,Active,55426,NA,NA,D,4,1,47172.6725,295.95,2010,85,22.98,69.37
205151,Active,55427,NA,NA,D,3,1,218998.595,312.95,2007,70,7.66,22.97
205152,Active,291583,NA,NA,S,1,0,159769.82,216.95,2002,69,14.98,177.83
205153,Active,623567,NA,NA,S,3,1,624867.1238,120,2007,41,4.05,0
205154,Active,915101,NA,NA,D,3,1,2240977.64,49.95,1991,34,6.08,17.49
205155,Active,246484,NA,NA,S,6,1,261715.9925,105,2006,28,36.38,56.91
205156,Active,659694,NA,NA,S,6,1,539675.5938,127.95,2011,17,15.8,117.31
205157,Active,55061,NA,NA,D,6,1,62378.83625,200.95,2011,63,22.29,53.97
205158,Active,55062,NA,NA,D,5,1,93218.35625,211.95,2008,47,6.65,38.99
205159,Active,55059,NA,NA,D,4,1,483607.4325,139.95,2006,85,4,18.99
205160,Active,599018,NA,NA,D,0,0,562472.42,79.95,2011,28,8.13,53.97
205161,Active,916539,NA,NA,S,2,1,121125.425,79.95,2013,63,25.94,38.98
205162,Active,877263,NA,NA,D,8,1,988584.175,50.47,2011,35,6.83,49.77
205163,Active,144336,NA,NA,S,4,1,2200545.273,46.6,2002,60,3.99,19.25
205164,Active,51558,NA,NA,D,8,1,58822.34625,80.2,2010,56,4.99,23.99
205165,Active,51559,NA,NA,S,5,1,454625.3375,51.6,2004,61,4,12.99
205166,Active,613510,NA,NA,D,4,1,749773.2575,74,2009,63,4.05,22.55
205167,Active,623400,NA,NA,D,5,1,46664.445,88,2012,66,5.74,32.99
205168,Active,2722339,NA,NA,S,3,1,1600440.433,67.95,2003,61,4,13.99
205169,Active,663872,NA,NA,S,2,1,175116.0638,72,2013,47,23.18,28.87
205170,Active,405216,NA,NA,D,2,1,1112495.535,50.95,2008,27,4.96,35.97
205171,Active,642013,NA,NA,S,3,1,214579.79,53.95,2013,31,17.89,31.27
205172,Active,200101,NA,NA,S,2,1,811224.575,98.95,2005,43,4,28.88
205173,Active,587420,NA,NA,S,10,1,945916.305,71.95,2010,100,3.99,5.29
205174,Active,525346,NA,NA,D,11,1,1731053.078,166.95,2012,25,11.94,55.69
205175,Active,243932,NA,NA,D,10,1,2340793.231,183.95,2010,15,7.8,109.62
205176,Active,243809,NA,NA,D,10,1,498573.4775,183.95,2010,141,4,21.84
205177,Active,249940,NA,NA,D,9,1,1150698.389,201.95,2007,97,4,8.69
205178,Active,874607,NA,NA,D,11,1,1363164.306,213.95,2012,31,23.14,58.49
205179,Active,525344,NA,NA,D,11,1,193578.0988,166.95,2012,112,5.83,21.83
205180,Active,249941,NA,NA,S,9,1,1905597.874,78.95,2007,71,4,6.99
205181,Active,2258446,NA,NA,S,5,1,1026499.589,13.82,2009,83,5.59,13.76
205182,Active,533276,NA,NA,S,6,1,8289.19875,56,2012,80,13.96,27.74
205183,Active,58210,NA,NA,D,4,1,1592682.824,38.95,2004,91,3.63,4.03
205184,Active,391020,NA,NA,S,4,1,1724330.114,110,2003,24,4.12,11.73
205185,Active,391034,NA,NA,D,6,1,171262.4288,132,2010,43,13.22,23.99
205186,Active,391029,NA,NA,D,5,1,793044.3,120,2006,37,5.47,11.99
205187,Active,651290,NA,NA,S,2,1,2929896.43,119.95,2011,12,46.83,129.95
205188,Active,297860,NA,NA,D,2,1,1058224.133,119.95,2011,30,5.53,30.11
205189,Active,245183,NA,NA,D,1,0,2171196.939,131.95,2006,23,4,8.98
205190,Active,916962,NA,NA,D,4,1,1253668.345,94.95,2000,41,4,41.03
205191,Active,905465,NA,NA,D,0,0,1910527.849,97,1985,25,4,60.33
205192,Active,51201,NA,NA,D,7,1,333199.2213,152.95,2006,97,4.95,25.4
205193,Active,51199,NA,NA,D,8,1,94410.8,236.95,2009,113,11.43,17.71
205194,Active,51200,NA,NA,S,6,1,1060120.513,103.95,2003,66,4,15.99
205195,Active,484052,NA,NA,D,9,1,24191.3925,214.95,2012,95,24.39,166.01
205196,Active,764978,NA,NA,S,5,1,4123151.67,83.95,2000,30,4.25,18.75
205197,Active,499071,NA,NA,S,8,1,310466.9725,221.95,2011,55,17.87,28.38
205198,Active,131449,NA,NA,S,2,1,319348.085,154.8,2001,34,5.48,48.99
205199,Active,126755,NA,NA,D,9,1,1157924.36,72.95,2005,129,4,8.98
205200,Active,51997,NA,NA,D,10,1,277207.4163,84.95,2008,201,4,11.58
205201,Active,129411,NA,NA,D,11,1,29464.69,94.95,2011,201,6.39,12.48
205202,Active,61049,NA,NA,D,1,0,720293.41,112.8,2006,70,4.19,39.9
205203,Active,428567,NA,NA,D,2,1,133379.4275,142.6,2009,63,5.49,36.78
205204,Active,539283,NA,NA,D,4,1,20535.60375,158,2013,55,37.48,73.48
205205,Active,54664,NA,NA,D,2,1,254056.5188,104.2,2007,82,4,23.39
205206,Active,54662,NA,NA,D,3,1,64641.22875,121.2,2010,93,4,19.98
205207,Active,416303,NA,NA,S,8,1,1272304.01,92.5,2002,21,4,58.35
205208,Active,53942,NA,NA,D,10,1,111080.5375,82.89,2007,80,5.78,44.53
205209,Active,53941,NA,NA,D,9,1,857615.1813,10.83,2005,36,4.96,9.97
205210,Active,550164,NA,NA,S,9,1,1880416.944,157,2005,35,4.33,23.94
205211,Active,61052,NA,NA,D,9,1,766220.0288,163.95,2006,46,4,17.97
205212,Active,169937,NA,NA,D,10,1,119551.4563,153.95,2008,92,4.71,43.09
205213,Active,632049,NA,NA,D,2,1,94670.0775,113.95,2013,43,5.48,84.61
205214,Active,637066,NA,NA,D,1,0,860755.8188,112.95,2010,22,5.44,25.73
205215,Active,910175,NA,NA,S,2,1,2074353.503,30,1996,21,4.09,113.49
205216,Active,669019,NA,NA,S,0,0,169989.2075,49,2012,26,31.59,0
205217,Active,652700,NA,NA,S,2,1,583250.495,49,2011,29,4.88,22.98
205218,Active,276807,NA,NA,D,0,0,753202.495,65.95,2004,20,34.54,39.99
205219,Active,287315,NA,NA,S,2,1,21218.89375,94.95,2011,55,48.23,77.79
205220,Active,127253,NA,NA,D,0,0,159627.2663,69.95,2004,41,5.85,47.54
205221,Active,763724,NA,NA,S,4,1,7385080.251,103.95,1998,26,4.8,33.97
205222,Active,134863,NA,NA,S,4,1,578635.1563,51,2009,42,8.98,33.99
205223,Active,170160,NA,NA,S,2,1,158643.515,212.95,2010,72,9.27,47.82
205224,Active,776834,NA,NA,D,2,1,2097486.781,49.99,2008,18,4.92,12.62
205225,Active,897416,NA,NA,D,0,0,2292284.43,65,2005,23,4,42.19
205226,Active,556308,NA,NA,S,2,1,1605864.99,70,2009,21,10.92,140.67
205227,Active,556435,NA,NA,D,3,1,595259.0013,55,2012,22,6.37,77.02
205228,Active,908472,NA,NA,D,2,1,2815798.75,35,2003,16,4.27,33.93
205229,Active,268719,NA,NA,S,3,1,606622.045,155,2009,24,8.19,16.99
205230,Active,914931,NA,NA,S,4,1,373688.9775,49,2010,30,10.96,43.2
205231,Active,199362,NA,NA,S,1,0,484249.5938,94,2004,21,24.21,43.29
205232,Active,2679611,NA,NA,D,2,1,5769212.898,49,1993,19,4.25,9.79
205233,Active,1766586,NA,NA,S,1,0,41465.1,64.99,2014,24,47.24,49.96
205234,Active,54392,NA,NA,S,5,1,1673327.793,202.95,2005,58,4,8.77
205235,Active,877795,NA,NA,D,9,1,8775.97,335.95,2014,102,8.81,38.99
205236,Active,54393,NA,NA,D,7,1,76053.63375,348.95,2010,94,4,28.99
205237,Active,380525,NA,NA,D,8,1,79315.305,316.95,2012,88,12.88,46.99
205238,Active,54394,NA,NA,D,6,1,271420.2513,262.95,2008,96,4,41.99
205239,Active,576437,NA,NA,D,1,0,3136717.779,60,2002,17,4.65,47.43
205240,Active,861806,NA,NA,S,2,1,203218.8638,42,2013,27,26.2,32.41
205241,Active,127593,NA,NA,D,1,0,76090.95875,65.95,2011,39,4.99,0
205242,Active,614138,NA,NA,D,2,1,1468220.279,186.95,2006,54,4,8.98
205243,Active,587494,NA,NA,D,3,1,551793.2125,184.95,2012,44,6.73,68.98
205244,Active,740323,NA,NA,S,1,0,1587739.953,225,2004,27,7.98,39.99
205245,Active,889398,NA,NA,D,0,0,3397804.651,93.95,1996,17,19.49,33.98
205246,Active,562542,NA,NA,D,0,0,1665603.73,34.95,2002,25,4,34.58
205247,Active,541150,NA,NA,S,2,1,182542.4813,41.95,2010,39,26.79,34.95
205248,Active,165732,NA,NA,D,4,1,772743.2063,36.3,2004,63,4,28.93
205249,Active,162662,NA,NA,D,5,1,95470.73,72.01,2008,101,8.32,51.99
205250,Active,385354,NA,NA,D,1,0,426609.1925,181.95,2005,40,9,73.96
205251,Active,698791,NA,NA,D,6,1,2122094.589,103.25,2007,16,6.98,74.08
205252,Active,109514,NA,NA,D,6,1,853700.6213,32.99,2005,24,5.48,19.43
205253,Active,108865,NA,NA,D,6,1,641692.17,39.86,2005,28,9.48,28.85
205254,Active,50025,NA,NA,D,11,1,34811.77125,104.4,2007,93,10.74,77.17
205255,Active,533345,NA,NA,D,7,1,58295.955,86.4,2012,89,4,23.87
205256,Active,1483092,NA,NA,S,1,0,665854.26,125.73,2012,26,4,73.68
205257,Active,56689,NA,NA,D,6,1,207672.5375,73.08,2009,106,4,11.99
205258,Active,1543659,NA,NA,S,0,0,257670.8175,51.95,2014,18,43.36,43.46
205259,Active,860242,NA,NA,S,2,1,140829.6663,59,2010,27,39.23,39.24
205260,Active,665082,NA,NA,S,2,1,216096.885,49,2012,21,22.06,44.17
205261,Active,369277,NA,NA,D,2,1,478653.565,49,2011,34,10.91,44.96
205262,Active,217367,NA,NA,D,0,0,1618537.271,55,2001,44,4,51.19
205263,Active,53014,NA,NA,S,6,1,2447111.54,124.95,2001,54,4,6.62
205264,Active,53013,NA,NA,D,8,1,129604.7438,360.95,2008,87,6.14,50.94
205265,Active,53015,NA,NA,D,7,1,743605.9238,205.95,2005,78,4.48,7.67
205266,Active,169821,NA,NA,D,8,1,334635.0025,264.95,2008,52,6.24,52.31
205267,Active,577408,NA,NA,S,2,1,1299227.483,66.95,2006,98,4,8.39
205268,Active,55424,NA,NA,D,5,1,27184.8925,89.95,2010,256,3.84,27.74
205269,Active,55423,NA,NA,D,4,1,729103.8963,72.95,2006,153,2.5,4.5
205270,Active,867747,NA,NA,S,6,1,3705.93875,89.95,2014,115,31.35,50.49
205271,Active,626700,NA,NA,D,13,1,342681.41,174.95,2012,62,11.84,73.97
205272,Active,52004,NA,NA,S,9,1,1243785.88,96.95,2002,146,4,7.89
205273,Active,52006,NA,NA,D,12,1,92292.93875,294.95,2010,319,5.52,22.88
205274,Active,298905,NA,NA,D,6,1,185821.54,249.95,2010,47,13.05,42.09
205275,Active,61051,NA,NA,D,5,1,184852.2975,273.95,2007,35,4.39,40.97
205276,Active,56779,NA,NA,S,3,1,687266.2825,159.95,2007,44,4,13.98
205277,Active,199503,NA,NA,D,1,0,1912344.741,86,2002,16,5.17,75.86
205278,Active,543413,NA,NA,S,2,1,952998.7188,60,2012,27,28.38,39.92
205279,Active,254506,NA,NA,D,2,1,472460.9313,121.95,2011,24,25.75,45.99
205280,Active,200203,NA,NA,D,1,0,899901.1863,186.95,2007,25,10.4,53.24
205281,Active,563609,NA,NA,D,1,0,40773.02,19.98,2011,134,4.91,15.99
205282,Active,577183,NA,NA,S,2,1,398069.0988,49,2012,17,34.47,48.98
205283,Active,902701,NA,NA,D,1,0,1498325.304,22.89,2008,18,13.93,22.89
205284,Active,435255,NA,NA,D,5,1,3119.1425,122,2011,242,14.29,51.99
205285,Active,879484,NA,NA,S,4,1,1790613.751,65.99,2006,62,10.82,53.74
205286,Active,53837,NA,NA,D,4,1,281683.2963,103,2007,386,3.43,16.98
205287,Active,701220,NA,NA,D,1,0,760200.8413,43,2007,49,4,11.47
205288,Active,619740,NA,NA,S,2,1,141578.2713,49,2012,45,16.32,33.97
205289,Active,889868,NA,NA,D,1,0,878898.7863,89.95,2005,17,70,78.99
205290,Active,423075,NA,NA,D,4,1,188694.4413,111.6,2009,113,4,38.99
205291,Active,551802,NA,NA,S,3,1,1351579.875,66.67,2002,61,4,19.95
205292,Active,3072068,NA,NA,D,1,0,848313.7063,39.95,2002,24,8.76,42.99
205293,Active,156795,NA,NA,S,0,0,379702.2438,49.95,2001,33,12,33.96
205294,Active,545461,NA,NA,S,3,1,635514.7363,41.95,2011,34,4.3,32.53
205295,Active,566933,NA,NA,D,1,0,3656776.629,75,1998,23,6.12,62.39
205296,Active,636384,NA,NA,S,2,1,942695.91,74,2011,27,40.29,53.71
205297,Active,618017,NA,NA,S,3,1,563655.9838,166.2,2003,70,4.78,44.87
205298,Active,868198,NA,NA,D,2,1,1903532.218,77,1993,33,4.06,50.73
205299,Active,2323637,NA,NA,S,4,1,530215.315,198.95,1976,45,11.91,95.76
205300,Active,873633,NA,NA,D,9,1,836339.0875,240.95,2010,90,4,13.22
205301,Active,609983,NA,NA,D,11,1,31585.45,218.95,2014,38,46.99,103.14
205302,Active,608585,NA,NA,S,7,1,1166959.655,174.95,2005,62,4,18.49
205303,Active,610471,NA,NA,D,10,1,67146.1575,218.95,2012,81,4,32.97
205304,Active,2236342,NA,NA,S,0,0,25456.45,39.9,2014,14,33.96,33.99
205305,Active,2604143,NA,NA,D,0,0,1183278.854,36.99,2004,25,6.47,23.99
205306,Active,635687,NA,NA,S,3,1,508771.7775,59.99,2012,41,24.53,40.02
205307,Active,913168,NA,NA,S,4,1,170282.8938,88.95,2014,63,4.77,22.14
205308,Active,592783,NA,NA,D,3,1,796955.455,41,2008,46,4,81.65
205309,Active,661021,NA,NA,S,3,1,28852.07125,49,2012,59,15.88,36.98
205310,Active,428616,NA,NA,D,10,1,40199.0525,166,2012,116,5.14,23.94
205311,Active,2383503,NA,NA,S,11,1,654610.4,134.67,2015,20,33.99,85.01
205312,Active,699099,NA,NA,S,9,1,2625812.283,24.98,2008,24,4.49,24.98
205313,Active,537573,NA,NA,D,11,1,26181.41875,84.82,2012,63,17.09,43.99
205314,Active,112317,NA,NA,D,1,0,60301.00375,124.25,2006,115,5.52,51.96
205315,Active,112178,NA,NA,D,2,1,157996.2125,114.72,2002,180,4,13.71
205316,Active,910041,NA,NA,D,0,0,433196.6525,19.88,2008,19,6.57,17.97
205317,Active,52932,NA,NA,D,10,1,96634.31375,60.84,2010,109,4.07,14.95
205318,Active,53709,NA,NA,D,9,1,121445.4763,146,2009,118,4,35.58
205319,Active,52931,NA,NA,D,9,1,724267.8575,250,2008,124,4,14.99
205320,Active,557046,NA,NA,D,14,1,36408.125,168.4,2012,70,8.39,68.15
205321,Active,525341,NA,NA,D,13,1,276649.12,128,2010,68,10.94,74.01
205322,Active,61053,NA,NA,D,12,1,779177.7425,108.8,2007,58,4,43.38
205323,Active,870181,NA,NA,D,3,1,652537.1113,56.17,2007,41,5.59,55.99
205324,Active,132354,NA,NA,D,3,1,276027.42,72.4,2007,45,4,16.99
205325,Active,579530,NA,NA,S,5,1,2389805.578,38.95,1994,48,4,8.99
205326,Active,870504,NA,NA,D,0,0,648555.8363,36.41,2007,43,5.59,38.99
205327,Active,132318,NA,NA,D,7,1,366512.3738,147.8,2007,81,4,11.99
205328,Active,738975,NA,NA,S,5,1,4303821.411,94.4,1999,36,4,12.4
205329,Active,177561,NA,NA,S,1,0,27808.05,212.95,2004,51,5.98,34.79
205330,Active,3590285,NA,NA,D,2,1,1498238.45,39,2006,66,4.08,43.94
205331,Active,552482,NA,NA,D,1,0,54413.2475,103.4,2009,64,6.15,52.41
205332,Active,615526,NA,NA,S,1,0,10422.15,120.2,2008,44,37.99,89.98
205333,Active,552235,NA,NA,S,0,0,45157.35,77,2005,43,34.94,50.23
205334,Active,867620,NA,NA,S,4,1,57062.7825,81.99,2014,31,27.89,37.75
205335,Active,547217,NA,NA,D,8,1,54182.1925,110.75,2012,64,13.23,29.48
205336,Active,182432,NA,NA,S,2,1,121446.7375,301.95,2000,118,6.46,42.84
205337,Active,848126,NA,NA,S,0,0,2515835.276,90.36,1997,30,4,25.55
205338,Active,54793,NA,NA,D,7,1,103128.1725,109.5,2009,104,4.49,45.06
205339,Active,54792,NA,NA,D,6,1,328640.1413,67.5,2007,89,4,11.17
205340,Active,54791,NA,NA,D,5,1,288974.1638,54.95,2005,48,4,8.99
205341,Active,614429,NA,NA,S,1,0,4717.75,58.5,2013,37,33.16,40.44
205342,Active,912551,NA,NA,S,2,1,761132.1688,49.99,2011,30,13.32,30.97
205343,Active,1871236,NA,NA,D,2,1,282422.6163,49,2009,36,6.6,42.49
205344,Active,289015,NA,NA,S,1,0,92005.7375,42.95,2008,75,28.19,32.07
205345,Active,555137,NA,NA,D,0,0,1251946.204,51.88,1989,59,4,22.39
205346,Active,3590243,NA,NA,D,2,1,5044896.15,30,2000,22,3.92,66.65
205347,Active,592755,NA,NA,D,4,1,2967084.53,39,2006,19,4,23.94
205348,Active,886982,NA,NA,S,6,1,226363.975,49,2014,9,40,48.99
205349,Active,152210,NA,NA,D,0,0,297253.79,129,2005,33,10.05,64.98
205350,Active,533752,NA,NA,D,8,1,57225.30625,199.95,2012,124,4.99,23.74
205351,Active,1574681,NA,NA,S,6,1,2606709.075,21.89,2009,12,5.73,21.87
205352,Active,51536,NA,NA,D,7,1,338751.7888,210.95,2010,84,4.55,32.49
205353,Active,51534,NA,NA,S,6,1,375097.9363,241.95,2008,64,4.73,36.76
205354,Active,862404,NA,NA,D,9,1,12413.195,211.95,2014,83,18.01,84.65
205355,Active,2265263,NA,NA,S,8,1,414498.3625,47.9,2012,40,9.12,40.68
205356,Active,51533,NA,NA,D,5,1,583759.5088,138.95,2007,80,4,20.95
205357,Active,591950,NA,NA,D,1,0,1416797.601,78,2006,21,4.23,18.99
205358,Active,2722791,NA,NA,S,2,1,2482034.26,63,2005,19,11.28,30.62
205359,Active,607716,NA,NA,D,7,1,574566.44,111.2,2006,43,4,13.84
205360,Active,557499,NA,NA,D,8,1,196509.085,138.8,2008,46,4,40
205361,Active,555845,NA,NA,D,0,0,5048010.943,79.95,2007,19,4,9.57
205362,Active,55419,NA,NA,D,3,1,834085.9325,126.95,2008,96,3.99,14.89
205363,Active,320323,NA,NA,S,2,1,1098868.285,99.95,2011,38,11.92,65.89
205364,Active,55421,NA,NA,D,4,1,111759.1638,119.95,2011,128,4.19,23.99
205365,Active,541482,NA,NA,S,2,1,395164.3488,39.95,2013,35,20.99,26.71
205366,Active,705107,NA,NA,D,2,1,516038.5288,62.5,2003,30,36.61,85.03
205367,Active,615321,NA,NA,S,2,1,246760.2988,87,2005,41,23.66,33.89
205368,Active,868393,NA,NA,D,1,0,2017199.418,67.95,2003,20,7.13,59.22
205369,Active,594667,NA,NA,S,1,0,619858.3763,99.95,2011,36,4.1,21.11
205370,Active,795734,NA,NA,S,10,1,224729.4725,107.75,2012,16,15.43,46.53
205371,Active,169893,NA,NA,D,9,1,64918.94,295.95,2008,57,17.22,88.76
205372,Active,177934,NA,NA,D,7,1,312127.5588,146.95,2003,61,4,57.43
205373,Active,61055,NA,NA,D,8,1,219406.7075,184.95,2006,66,4.07,63.69
205374,Active,525337,NA,NA,S,2,1,871397.1538,80.95,2011,27,5.6,20.97
205375,Active,2490169,NA,NA,D,3,1,2927735.438,97.23,2003,12,31.2,85.75
205376,Active,1485422,NA,NA,S,4,1,1848879.096,70.41,2009,17,29.07,66.58
205377,Active,132657,NA,NA,S,6,1,192135.5613,74.47,2008,32,18.77,61.91
205378,Active,882658,NA,NA,D,1,0,3772771.331,119.95,2000,13,17.36,89.72
205379,Active,1554531,NA,NA,S,2,1,819769.0013,51.95,2014,27,6.75,31.27
205380,Active,710488,NA,NA,D,4,1,394332.3363,94.4,2001,38,8.34,53.83
205381,Active,389532,NA,NA,D,3,1,671448.1288,41.95,2011,42,6.82,61.88
205382,Active,3508612,NA,NA,D,2,1,2539786.9,34.95,2005,40,4,31.49
205383,Active,905362,NA,NA,S,4,1,576622.4113,43.95,2014,30,27.7,34.22
205384,Active,248052,NA,NA,D,3,1,768133.3713,79,2009,57,5.42,37.07
205385,Active,545783,NA,NA,D,4,1,102468.8188,103,2012,61,7.63,35.99
205386,Active,614433,NA,NA,D,2,1,2036745.938,76.8,2004,33,4,7.46
205387,Active,247714,NA,NA,D,2,1,1787768.24,69.95,2006,47,4,45.4
205388,Active,113957,NA,NA,D,6,1,1010123.693,112.4,2000,33,4,44.29
205389,Active,389638,NA,NA,D,1,0,768044.6975,14.99,2011,57,4.81,10.99
205390,Active,628136,NA,NA,D,1,0,1398872.339,33.87,2011,34,4,28.99
205391,Active,919300,NA,NA,S,2,1,56083.1175,73,2013,76,25.93,55.01
205392,Active,142123,NA,NA,S,1,0,985056.6238,49.2,2011,55,4,44.1
205393,Active,609131,NA,NA,D,6,1,558216.3963,19.04,2002,55,4,7.65
205394,Active,55054,NA,NA,S,8,1,42963.34625,164.25,2010,58,38.71,92.41
205395,Active,55053,NA,NA,D,7,1,123854.3438,30,2006,50,6.95,30
205396,Active,576976,NA,NA,S,1,0,15658.975,58,2002,31,28.55,43.55
205397,Active,537420,NA,NA,S,2,1,52328.16,119,2012,66,62.89,90.99
205398,Active,117303,NA,NA,D,1,0,321054.905,118.4,2008,43,5.01,25.84
205399,Active,872504,NA,NA,S,6,1,134582.9513,45,2014,39,23.98,31.99
205400,Active,245910,NA,NA,D,3,1,2882233.494,31.95,2005,52,4,10.02
205401,Active,134857,NA,NA,D,4,1,295538.35,39,2008,42,4,15.95
205402,Active,887069,NA,NA,S,5,1,244862.2863,49,2014,6,34.96,49
205403,Active,581657,NA,NA,D,0,0,5733835.221,35,2003,18,4.53,38.11
205404,Active,1472258,NA,NA,S,2,1,941210.285,49.95,2009,33,38.99,34.41
205405,Active,555260,NA,NA,S,0,0,390502.1513,69.95,1992,39,7.06,30.89
205406,Active,592741,NA,NA,D,2,1,504607.8,70.03,2009,17,16.96,45.99
205407,Active,542338,NA,NA,S,3,1,98168.34375,59.99,2005,70,11.9,35.54
205408,Active,564962,NA,NA,S,0,0,88715.56625,51.95,2011,32,36.87,49.87
205409,Active,616597,NA,NA,S,4,1,376631.5263,260,1986,107,4,29.74
205410,Active,121855,NA,NA,D,4,1,1565315.369,74.2,1997,51,4,27.06
205411,Active,894027,NA,NA,D,1,0,4465578.403,39.95,2003,14,4.16,41.75
205412,Active,564900,NA,NA,S,2,1,1555740.584,49.95,2012,21,10.37,32.72
205413,Active,56495,NA,NA,S,7,1,3296718.338,92.2,2004,30,3.98,12.24
205414,Active,56496,NA,NA,S,8,1,1989376.25,113.33,2006,51,4,8.99
205415,Active,56494,NA,NA,D,10,1,595843.82,129.2,2010,97,4,33.94
205416,Active,56493,NA,NA,D,9,1,888680.5888,123.4,2008,60,4,13.49
205417,Active,607772,NA,NA,D,6,1,584915.3088,101.4,2010,32,4,31.18
205418,Active,545772,NA,NA,S,2,1,120455.6288,64,2012,39,36.99,48.41
205419,Active,247667,NA,NA,D,0,0,1189011.713,57,2007,37,4,12.6
205420,Active,801017,NA,NA,D,2,1,3329392.69,52,2008,26,4.97,43.98
205421,Active,2724097,NA,NA,D,1,0,5268313.068,55,2003,22,4.63,43.73
205422,Active,502760,NA,NA,S,4,1,55456.1675,166,2009,78,18.55,54.42
205423,Active,502757,NA,NA,D,3,1,1061326.373,103,2006,51,4.03,8.99
205424,Active,200553,NA,NA,D,2,1,150141.9913,89.95,2010,77,4,13.32
205425,Active,608185,NA,NA,D,2,1,6109574.448,69.95,2002,13,5.35,48.47
205426,Active,901855,NA,NA,D,0,0,6855163.73,69.95,1997,20,4.21,41.92
205427,Active,612377,NA,NA,S,5,1,59524.895,60.75,2013,40,28.94,38.49
205428,Active,592824,NA,NA,D,4,1,96824.36375,45,2010,47,5.65,52.63
205429,Active,592746,NA,NA,D,3,1,183487.9213,23.49,2007,56,4,22.96
205430,Active,1871320,NA,NA,S,2,1,164584.0575,49,2009,19,34.34,49
205431,Active,3590284,NA,NA,D,0,0,2709835.4,0,1900,21,4,18.8
205432,Active,870746,NA,NA,D,2,1,264417.7863,46,1994,35,27.61,63.98
205433,Active,631840,NA,NA,D,3,1,185371.5688,89,2003,37,38.89,117.61
205434,Active,748949,NA,NA,S,11,1,684837.7025,115,2006,21,24.97,114.39
205435,Active,586458,NA,NA,S,1,0,899199.735,35,1993,144,3.69,9.68
205436,Active,615046,NA,NA,S,2,1,39376.67375,44,2000,63,12.19,23.24
205437,Active,900523,NA,NA,S,2,1,182101.33,39.95,2015,14,36.19,33.98
205438,Active,3472233,NA,NA,D,3,1,5291985.5,60,2003,32,4,17.98
205439,Active,552844,NA,NA,D,4,1,2245069.469,58,2006,30,4,14.73
205440,Active,615490,NA,NA,D,2,1,643644.5375,32.5,2002,28,4,16.54
205441,Active,914098,NA,NA,D,1,0,1233872.809,27.5,1997,21,4.1,44.51
205442,Active,644080,NA,NA,S,3,1,202174.7488,48.95,2007,44,17.56,42.03
205443,Active,253857,NA,NA,S,1,0,650324.6988,109.95,2009,22,15.31,42.34
205444,Active,608887,NA,NA,D,2,1,2621123.509,63.95,1996,46,4,17.97
205445,Active,609165,NA,NA,D,3,1,568932.3863,92.95,2005,38,9.44,28.99
205446,Active,549677,NA,NA,S,5,1,74385.925,25,2009,61,6.43,11.03
205447,Active,1516360,NA,NA,S,6,1,1098819.474,118.6,2012,25,15.98,118.6
205448,Active,53664,NA,NA,D,5,1,158214.5825,148,2009,84,5.98,23.99
205449,Active,53663,NA,NA,D,4,1,837963.0775,121.2,2006,63,4,41.91
205450,Active,627361,NA,NA,D,1,0,754182.0588,63.76,2011,41,5.75,52.41
205451,Active,142177,NA,NA,D,1,0,36673.00625,59.34,2011,64,10.09,37.99
205452,Active,142178,NA,NA,D,1,0,77804.69,85.7,2011,68,7.37,56.18
205453,Active,592867,NA,NA,S,3,1,508214.7,49,2011,32,17.98,0
205454,Active,3590287,NA,NA,D,2,1,1706561.05,39,2006,24,4,10.35
205455,Active,913252,NA,NA,D,1,0,606787.9725,34.95,2006,28,6.22,18.99
205456,Active,661191,NA,NA,S,3,1,38651.8175,44.95,2011,27,21.99,31.92
205457,Active,364031,NA,NA,D,0,0,595345.315,39.95,2007,37,6.47,33.81
205458,Active,625673,NA,NA,D,1,0,318837.735,113.27,2012,62,5.17,32
205459,Active,595235,NA,NA,D,1,0,77276.935,37.69,2012,55,5.78,21.99
205460,Active,285302,NA,NA,D,9,1,4547983.39,293.55,2007,21,13.94,26.74
205461,Active,50389,NA,NA,S,8,1,1856821.706,73.44,2004,36,4.26,25.47
205462,Active,50388,NA,NA,D,10,1,540952.6113,22.98,2008,43,4,22.98
205463,Active,50386,NA,NA,D,9,1,2691060.513,113.25,2006,40,4,8.97
205464,Active,50387,NA,NA,D,11,1,292585.6588,42.72,2010,41,5.68,33.68
205465,Active,881856,NA,NA,D,0,0,7194752.478,21.95,1977,11,4,461.46
205466,Active,3015174,NA,NA,D,1,0,301488.475,88.95,2005,25,7.59,87.63
205467,Active,2546373,NA,NA,D,3,1,4394511.286,319.95,2003,9,234.95,309.68
205468,Active,2373904,NA,NA,D,1,0,2382852.714,102,2005,12,12.73,30.83
205469,Active,621454,NA,NA,S,0,0,117897.2775,49.95,2004,33,26.84,31.32
205470,Active,628236,NA,NA,S,1,0,838731.555,41.95,2000,23,12.66,22.57
205471,Active,632280,NA,NA,S,3,1,113571.6213,81.25,2007,26,41.91,58.99
205472,Active,172018,NA,NA,S,1,0,38808.2925,26.95,2003,116,4,13.94
205473,Active,525332,NA,NA,S,4,1,142807.5225,51.95,2007,54,22.46,40.25
205474,Active,858966,NA,NA,S,0,0,525387.8413,49.95,2009,31,5.6,14.98
205475,Active,2066856,NA,NA,S,0,0,47726.9,63,2014,12,39.88,45.31
205476,Active,720571,NA,NA,S,5,1,1178810.736,52,2002,71,3.99,12.27
205477,Active,867944,NA,NA,S,8,1,21059.89625,49.95,2014,36,33.63,42.05
205478,Active,525331,NA,NA,D,7,1,146925.095,69.95,2010,102,11.63,50
205479,Active,109871,NA,NA,D,5,1,447336.4775,65.72,2006,41,4.97,57.87
205480,Active,878795,NA,NA,S,0,0,1632619.431,52.88,2007,17,4.48,5.15
205481,Active,550121,NA,NA,S,4,1,957176.425,53.97,2003,17,12.48,45.82
205482,Active,53831,NA,NA,S,4,1,524172.1313,19.98,2003,45,4,19.98
205483,Active,54254,NA,NA,D,5,1,205747.4788,29.97,2006,102,4,27.94
205484,Active,54253,NA,NA,S,4,1,737181.3675,11.9,2003,77,4,15.98
205485,Active,2875893,NA,NA,S,0,0,483428.695,52.95,2003,43,35.98,47.62
205486,Active,898800,NA,NA,D,0,0,614223.5225,28.92,2012,37,5.98,38.14
205487,Active,3473308,NA,NA,D,2,1,173543.75,125.4,2015,43,58.99,103.99
205488,Active,165840,NA,NA,D,1,0,999479.5425,41.48,2007,44,13.29,39.21
205489,Active,859324,NA,NA,S,2,1,171554.7913,69.99,2005,50,8.35,41.76
205490,Active,658431,NA,NA,S,1,0,72655.25875,44.95,2010,29,34.94,33.84
205491,Active,738172,NA,NA,D,5,1,501737.6875,80,2000,30,42.99,115.41
205492,Active,2471490,NA,NA,D,4,1,1198048.048,51.15,1995,23,4.99,61.13
205493,Active,658161,NA,NA,S,8,1,241504.1875,43,2012,25,33.89,43
205494,Active,143221,NA,NA,D,7,1,1217297.994,38,2008,26,13.2,144.25
205495,Active,776141,NA,NA,D,0,0,2121224.276,89.95,2008,15,53.91,88.99
205496,Active,860244,NA,NA,S,6,1,368028.9988,43,2010,23,15.88,43
205497,Active,918972,NA,NA,S,0,0,140799.1213,39,2014,24,9.24,13.99
205498,Active,2339903,NA,NA,D,5,1,1429181.129,116.8,1993,38,5.87,53.99
205499,Active,642398,NA,NA,D,6,1,556918.2163,127.5,2000,38,9.93,72.21
205500,Active,105406,NA,NA,S,7,1,47306.18125,107.75,2005,23,36.31,0
205501,Active,569047,NA,NA,S,1,0,746578.705,44.99,2006,40,4.9,32.97
205502,Active,505039,NA,NA,D,1,0,2033893.909,165,2008,18,14.26,58.99
205503,Active,180752,NA,NA,S,2,1,743917.0625,82,2010,35,41.11,69.7
205504,Active,709278,NA,NA,S,1,0,53260.00125,125.5,2009,56,22.19,38.78
205505,Active,551266,NA,NA,S,0,0,863372.43,143.25,2001,55,5.74,19.98
205506,Active,871092,NA,NA,S,0,0,1004934.078,148.75,1999,66,4.12,13.74
205507,Active,309892,NA,NA,S,0,0,313740.6688,50.37,2003,49,5.88,23.98
205508,Active,112234,NA,NA,S,0,0,357437.405,119.5,2005,118,7.83,88.47
205509,Active,1684682,NA,NA,S,0,0,262011.205,61.97,2006,44,19.55,33.91
205510,Active,539120,NA,NA,D,2,1,108252.4513,100.2,2011,51,5.23,28.98
205511,Active,1439018,NA,NA,S,1,0,617119.0163,146,2013,26,43.66,98.17
205512,Active,771854,NA,NA,S,0,0,78962.425,72.35,2007,27,19.17,57.96
205513,Active,2641959,NA,NA,S,0,0,59417.65,81.15,2004,50,10.98,50.56
205514,Active,657649,NA,NA,S,0,0,104322.975,74.47,2006,23,49.65,58.09
205515,Active,1684618,NA,NA,S,0,0,435480.9625,40.25,2006,20,6.69,17.99
205516,Active,550496,NA,NA,S,20,1,2009935.465,8.86,2008,32,4,11.87
205517,Active,648611,NA,NA,D,2,1,688991.2163,183,2011,29,32.37,0
205518,Active,626243,NA,NA,S,2,1,170027.5763,49.99,2011,67,6.96,33.94
205519,Active,1625249,NA,NA,D,1,0,617956.94,44.99,2013,23,9.73,28.89
205520,Active,3613685,NA,NA,D,1,0,3818119.75,86,1998,36,4.12,42.59
205521,Active,543101,NA,NA,S,3,1,27535.09,23.95,2013,59,15.93,21.16
205522,Active,170102,NA,NA,S,2,1,924542.74,167.95,2009,22,14.29,73.47
205523,Active,599355,NA,NA,S,0,0,208246.645,40,2003,44,12.09,49.66
205524,Active,610248,NA,NA,S,0,0,43982.105,50,2010,47,16.24,30.08
205525,Active,774251,NA,NA,D,7,1,1191060.896,15.98,2004,43,4,50.9
205526,Active,774253,NA,NA,S,2,1,4208271.189,32.44,2004,36,4.13,38.34
205527,Active,197393,NA,NA,D,1,0,643673,50,2005,64,5.57,32.89
205528,Active,542766,NA,NA,S,0,0,22217.94875,50,2012,40,16.48,27.53
205529,Active,1827265,NA,NA,S,8,1,224548.4288,117.95,2014,35,4.78,82.99
205530,Active,197441,NA,NA,D,0,0,694399.845,27.95,2008,43,4.77,21.89
205531,Active,54661,NA,NA,D,9,1,36867.5525,332.6,2010,42,17.99,134.4
205532,Active,177114,NA,NA,S,4,1,2857667.704,199.95,2004,35,3.99,28.11
205533,Active,61197,NA,NA,D,5,1,2294592.68,265.95,2006,34,4.34,7.98
205534,Active,535217,NA,NA,S,8,1,40813.4525,256.95,2013,55,7.55,52.97
205535,Active,192098,NA,NA,D,3,1,2170075.93,602.99,2007,18,15.43,58.99
205536,Active,617582,NA,NA,D,3,1,721920.4475,111.8,2008,29,6.43,29.99
205537,Active,774304,NA,NA,D,2,1,4099979.563,253.35,2004,20,4,28
205538,Active,252716,NA,NA,D,4,1,215996.82,104.11,2010,44,18.09,56.67
205539,Active,624337,NA,NA,D,4,1,274464.3825,80.29,2010,70,5.74,47.93
205540,Active,192097,NA,NA,D,3,1,474956.2238,99.25,2008,30,4,12.82
205541,Active,561062,NA,NA,S,1,0,539999.3988,139,2007,25,45.77,127.93
205542,Active,561131,NA,NA,D,1,0,116278.565,173.2,2008,84,12.15,32.99
205543,Active,540598,NA,NA,D,2,1,50176.08375,188.8,2011,135,5.75,34.99
205544,Active,560920,NA,NA,D,1,0,191563.6963,144,2006,144,4,32.98
205545,Active,561057,NA,NA,S,1,0,361280.415,180.4,2007,39,15.8,61.5
205546,Active,145600,NA,NA,D,1,0,1938875.779,104.67,2006,49,4.03,5.98
205547,Active,860543,NA,NA,S,2,1,1059488.089,148.8,2011,45,11.66,153.99
205548,Active,525326,NA,NA,D,2,1,175634.3313,134.8,2011,74,4.99,32.99
205549,Active,2422194,NA,NA,S,3,1,2282008.626,186.25,1975,26,4,94.61
205550,Active,176552,NA,NA,S,1,0,179180.13,443.95,1999,81,9.96,74.84
205551,Active,637946,NA,NA,S,2,1,310646.7775,346.25,2013,42,12.02,50.89
205552,Active,902796,NA,NA,D,1,0,1207392.255,111.25,2012,11,5.26,25.14
205553,Active,635851,NA,NA,S,2,1,455981.0475,215.75,2013,38,10.94,99.88
205554,Active,875692,NA,NA,S,13,1,432011.605,171,2011,24,21.3,63.69
205555,Active,579477,NA,NA,D,11,1,1449143.295,122.27,2004,42,6.99,36.47
205556,Active,610472,NA,NA,D,13,1,38921.1,157,2011,99,9.57,85.27
205557,Active,176723,NA,NA,S,1,0,475322.3988,209.95,1999,35,4.36,44.14
205558,Active,145725,NA,NA,D,12,1,126201.2488,134.6,2007,85,4.86,16.75
205559,Active,146646,NA,NA,S,13,1,755170.3313,79,2011,29,15.29,79.77
205560,Active,561090,NA,NA,S,12,1,767360.1288,67.6,2007,33,4.69,20.99
205561,Active,52105,NA,NA,D,12,1,65716.455,245.2,2007,97,13.99,66.58
205562,Active,52106,NA,NA,S,11,1,520754.3013,184,2003,38,16.93,90.26
205563,Active,1517075,NA,NA,S,13,1,366088.4413,195.67,2013,65,8.72,28.92
205564,Active,627833,NA,NA,S,13,1,127921.9925,195.2,2013,44,12.55,0
205565,Active,614475,NA,NA,S,1,0,2140452.068,49.99,1999,36,4.23,5.75
205566,Active,146238,NA,NA,D,4,1,562893.1575,34.99,2009,27,5,30.99
205567,Active,900510,NA,NA,S,5,1,205565.7563,39.99,2014,21,25.3,25.14
205568,Active,113926,NA,NA,D,3,1,262504.4975,88.99,2000,74,4,16.97
205569,Active,116796,NA,NA,S,4,1,22560.58,74.99,2010,44,44.97,49.37
205570,Active,534226,NA,NA,S,2,1,653411.155,69,2006,34,4.72,36.03
205571,Active,181926,NA,NA,S,4,1,189598.245,34.95,2005,69,5.29,17.97
205572,Active,641787,NA,NA,S,3,1,300349.3888,39.99,2002,24,4,73.33
205573,Active,613717,NA,NA,D,2,1,287664.1225,69,1998,98,4.52,14.44
205574,Active,552359,NA,NA,S,3,1,100533.2925,79.99,2003,44,17.78,48.99
205575,Active,716345,NA,NA,S,2,1,986275.5725,72.51,1998,19,46.49,63.26
205576,Active,551994,NA,NA,S,2,1,373104.9925,72.51,1998,47,4.8,39.99
205577,Active,2635400,NA,NA,S,3,1,79539.68125,74.99,2002,48,24.93,36.98
205578,Active,608856,NA,NA,S,3,1,291493.8375,44.99,2003,32,18,21.91
205579,Active,630245,NA,NA,S,4,1,265711.74,59.99,2004,39,15.96,29.29
205580,Active,641852,NA,NA,S,2,1,556956.8613,72.2,1998,31,4.56,57.17
205581,Active,3472158,NA,NA,D,4,1,2586060.55,104,2002,34,4,11.11
205582,Active,113904,NA,NA,D,3,1,6278825.66,93,2000,15,4,16.99
205583,Active,3634025,NA,NA,S,2,1,782172.9,50,2013,47,17.07,26.43
205584,Active,274571,NA,NA,D,2,1,419256.7463,43.99,2004,30,4.47,41.99
205585,Active,913450,NA,NA,D,0,0,2358457.961,21.95,2001,31,5.96,21.99
205586,Active,2491545,NA,NA,D,0,0,5518404.631,34.95,2004,23,4.97,76.36
205587,Active,1522651,NA,NA,D,2,1,6226436.876,37.95,2007,16,4.97,136.13
205588,Active,2054408,NA,NA,S,2,1,26385.14375,42.95,2010,61,29.61,37.31
205589,Active,423078,NA,NA,S,0,0,55511.5325,112.6,2010,159,5.52,63.36
205590,Active,868055,NA,NA,S,0,0,1228756.324,70.4,2005,44,4,42.98
205591,Active,649724,NA,NA,S,1,0,58777.52375,39.95,2012,27,33.94,33.99
205592,Active,2491546,NA,NA,D,0,0,9514394.558,34.95,2004,9,4.77,0
205593,Active,649096,NA,NA,S,1,0,836781.1275,34.5,2008,28,13.66,38.73
205594,Active,870106,NA,NA,S,4,1,256800.725,49.95,2014,27,31.74,38.85
205595,Active,201774,NA,NA,S,3,1,501683.5738,44.95,2014,38,5.39,5.48
205596,Active,1654766,NA,NA,S,0,0,980874.9588,25.95,2011,101,4,5.97
205597,Active,3518447,NA,NA,D,1,0,940492.4,53.95,2002,44,4,6.99
205598,Active,1556383,NA,NA,S,2,1,340833.8325,46.95,2010,28,33.97,40.28
205599,Active,177313,NA,NA,S,3,1,342670.125,144.95,2000,39,5.93,0
205600,Active,289729,NA,NA,S,2,1,782400.9313,49.95,2003,32,6.07,33.98
205601,Active,207718,NA,NA,D,0,0,2310278.818,25.95,1995,30,4,40.69
205602,Active,294519,NA,NA,D,2,1,653659.83,29.93,2001,59,4,23.92
205603,Active,3787257,NA,NA,D,0,0,3377329.4,26.95,2001,40,4,7.98
205604,Active,260101,NA,NA,D,2,1,919664.1613,33.95,2004,53,4,6.36
205605,Active,445991,NA,NA,S,2,1,166645.945,30,2007,44,5.07,21.95
205606,Active,1688464,NA,NA,S,2,1,1288402.183,49.99,2008,29,4,16.41
205607,Active,206805,NA,NA,D,19,1,767877.0663,49.99,2009,56,4,15.71
205608,Active,543067,NA,NA,D,21,1,357853.8563,59.99,2013,48,16.04,32.89
205609,Active,525313,NA,NA,D,20,1,540581.345,59.99,2011,49,4.79,26.76
205610,Active,54887,NA,NA,D,6,1,275189.3213,79,2007,117,5.74,38.87
205611,Active,54888,NA,NA,D,7,1,13600.22625,98,2011,63,10.98,106.57
205612,Active,54886,NA,NA,D,5,1,535250.4525,79,2003,80,4.79,22.21
205613,Active,3031850,NA,NA,D,0,0,2209967.376,35,1995,28,4,6.74
205614,Active,2009788,NA,NA,D,2,1,1074559.984,62.95,2006,19,15.29,61.67
205615,Active,128603,NA,NA,D,0,0,1216738.769,67.95,2001,37,3.9,50.45
205616,Active,701459,NA,NA,S,1,0,45220.9,94,2008,22,42.08,69.51
205617,Active,565750,NA,NA,D,1,0,1187629.681,85,2009,28,7.08,33.68
205618,Active,53047,NA,NA,D,5,1,1187942.699,117.5,2002,52,4,40.44
205619,Active,105304,NA,NA,D,5,1,3053312.88,179.47,2002,22,7.8,50.82
205620,Active,544870,NA,NA,D,1,0,1100438.22,54.53,2006,17,6.39,52.28
205621,Active,53048,NA,NA,D,6,1,91727.3275,59.9,2006,36,11.45,52.35
205622,Active,1590597,NA,NA,S,1,0,696867.9925,69.99,2013,24,42.43,57.83
205623,Active,656198,NA,NA,S,1,0,1172824.964,97.95,2011,27,33.27,79.22
205624,Active,191722,NA,NA,S,2,1,879246.275,183.19,2005,31,4,28.97
205625,Active,632541,NA,NA,S,4,1,741362.25,57.95,2012,49,9,36.79
205626,Active,167370,NA,NA,D,2,1,176892.8825,51.21,2008,54,7.81,55.71
205627,Active,615710,NA,NA,S,3,1,66147.77375,85.95,2009,50,12.76,34.49
205628,Active,194645,NA,NA,S,0,0,695324.005,29.95,2004,23,24.95,27.7
205629,Active,271040,NA,NA,S,5,1,978470.4763,47,2010,45,4,4.74
205630,Active,2157313,NA,NA,D,3,1,3744467.403,35.95,2006,22,4,18.41
205631,Active,2435429,NA,NA,D,4,1,741888.805,50,1995,40,5.05,10.93
205632,Active,135800,NA,NA,S,5,1,74908.53625,80,2006,50,38.99,67.99
205633,Active,597985,NA,NA,S,5,1,37577.975,37.95,2009,22,27.99,37.99
205634,Active,2540377,NA,NA,D,2,1,3919512.723,61.95,2004,15,4,73.98
205635,Active,559000,NA,NA,S,6,1,798030.1538,71.95,2009,34,11.97,46.91
205636,Active,112072,NA,NA,D,14,1,2053065.12,10.97,2009,26,3.99,7.98
205637,Active,538896,NA,NA,S,16,1,119723.3988,64,2013,37,16.81,52.18
205638,Active,111991,NA,NA,D,15,1,1055789.644,78,2011,31,4,49.04
205639,Active,632365,NA,NA,D,4,1,1365143.063,208.2,2001,26,4.25,30.99
205640,Active,541492,NA,NA,S,2,1,91569.63875,80.95,2012,37,29.23,49.56
205641,Active,663832,NA,NA,S,2,1,232347.4213,50,2013,20,38.42,0
205642,Active,862408,NA,NA,S,2,1,279100.8163,71.95,2015,17,36.51,44.31
205643,Active,874748,NA,NA,D,9,1,672078.16,82.95,2011,33,7.46,60.47
205644,Active,896173,NA,NA,D,1,0,3845188.608,47.95,1996,23,4,9.37
205645,Active,564633,NA,NA,S,2,1,451530.2563,50.95,2003,26,30.96,41.56
205646,Active,269441,NA,NA,S,2,1,804023.5175,49.95,2010,52,13.96,28.42
205647,Active,421501,NA,NA,D,2,1,593864.4588,159.2,2005,43,4.31,12.75
205648,Active,652514,NA,NA,S,1,0,64115.525,63.95,2012,21,41.15,41.13
205649,Active,61057,NA,NA,S,4,1,2145849.363,51.95,2001,37,4,16.96
205650,Active,612234,NA,NA,S,6,1,71011.2475,69.95,2014,49,38.79,43.2
205651,Active,294835,NA,NA,D,5,1,478486.4738,59.95,2008,48,6.22,33.98
205652,Active,830292,NA,NA,D,2,1,4175076.508,59.95,2000,22,4,67.13
205653,Active,638383,NA,NA,S,3,1,381824.2875,50.95,2009,32,19.39,19.58
205654,Active,833700,NA,NA,D,2,1,4429846.029,125,1999,19,5.22,48.11
205655,Active,561643,NA,NA,D,3,1,1349327.231,164,2006,28,40.93,122.87
205656,Active,908675,NA,NA,D,0,0,4065976.198,89.99,2006,22,22.09,40.99
205657,Active,743459,NA,NA,D,2,1,1734528.498,320,2008,24,31.09,104.69
205658,Active,901655,NA,NA,D,1,0,5042085.434,303,1997,22,7.35,73.11
205659,Active,701029,NA,NA,D,2,1,1476777.195,74.95,2005,16,4.09,44.99
205660,Active,701700,NA,NA,D,3,1,2082558.489,86,2009,18,13.75,23.99
205661,Active,789095,NA,NA,D,3,1,3216611.511,29.95,2000,30,4,4
205662,Active,537886,NA,NA,D,5,1,455401.3325,18.89,2008,37,4.09,9.98
205663,Active,111483,NA,NA,D,6,1,140039.4588,128.25,2011,80,12.27,41.48
205664,Active,200209,NA,NA,D,1,0,197374.9975,105.95,2010,35,16.06,0
205665,Active,862410,NA,NA,S,2,1,427148.555,54.95,2014,28,22.99,32.78
205666,Active,545836,NA,NA,D,4,1,73588.6725,107,2013,67,8.49,50.44
205667,Active,61247,NA,NA,D,2,1,388474.4675,74.95,2007,44,4,19.99
205668,Active,270680,NA,NA,D,3,1,582955.9663,95,2010,89,4,14.99
205669,Active,635584,NA,NA,S,1,0,228164.6363,51.95,2013,20,19.07,33.41
205670,Active,609591,NA,NA,S,6,1,166520.965,201.95,2010,48,13.99,64.08
205671,Active,525308,NA,NA,D,15,1,740310.44,44.99,2011,47,4,5.88
205672,Active,609536,NA,NA,D,14,1,1004064.19,44.99,2009,43,4,11.62
205673,Active,217343,NA,NA,S,6,1,528840.6475,50,2011,37,18.51,48.99
205674,Active,617938,NA,NA,D,0,0,667936.0088,90.95,2013,55,4,0
205675,Active,525307,NA,NA,D,6,1,57996.7875,128.25,2011,67,10.95,43.99
205676,Active,110254,NA,NA,D,5,1,161611.4188,79.49,2008,34,10.96,77.95
205677,Active,617470,NA,NA,S,1,0,276658.3438,72.95,1993,68,4,24.86
205678,Active,2154959,NA,NA,S,5,1,96341.72125,54.95,2015,19,34.9,35.45
205679,Active,196003,NA,NA,S,0,0,66155.8,39.99,2001,37,22.98,63.82
205680,Active,257049,NA,NA,S,3,1,273107.0763,185.25,1996,46,41.16,88.4
205681,Active,129778,NA,NA,D,0,0,1398639.026,54.99,1999,48,4,6.99
205682,Active,144554,NA,NA,S,2,1,565253.8713,54.99,2003,56,4.08,28.9
205683,Active,2858436,NA,NA,D,0,0,408265.9813,40.5,1987,25,4,38.99
205684,Active,144778,NA,NA,S,1,0,15657.2,54.99,2004,30,28.79,32.48
205685,Active,551793,NA,NA,S,1,0,474585.1638,114.4,2003,46,5.23,90.98
205686,Active,116798,NA,NA,S,1,0,516735.7538,101.4,2005,39,10.99,41.7
205687,Active,900433,NA,NA,S,3,1,117545.8888,56,2015,26,34.07,45.99
205688,Active,285053,NA,NA,D,2,1,310585.855,80,2008,43,6.89,22.94
205689,Active,525303,NA,NA,D,2,1,126377.7538,56,2008,34,4.74,28.54
205690,Active,635582,NA,NA,D,2,1,162898.6,182,2013,51,24.43,104.99
205691,Active,147299,NA,NA,D,1,0,686079.5738,74.95,2006,31,6.05,23.94
205692,Active,146294,NA,NA,D,5,1,31050.51,194,2010,314,4.45,23.99
205693,Active,607642,NA,NA,S,2,1,995288.6338,104.4,2001,62,4,22.99
205694,Active,561390,NA,NA,D,5,1,615984.4025,198.67,2010,39,8.25,63.94
205695,Active,880426,NA,NA,S,6,1,311295.275,142.67,2014,38,26.82,77.25
205696,Active,145611,NA,NA,D,4,1,299825.7388,142.67,2007,187,4,30.98
205697,Active,244053,NA,NA,D,8,1,843473.7675,132.95,2011,32,10.59,95.74
205698,Active,608611,NA,NA,D,7,1,1144340.661,145.95,2005,41,4,48.99
205699,Active,626649,NA,NA,S,5,1,181672.5025,90,2013,35,12.34,0
205700,Active,298481,NA,NA,D,5,1,1086664.488,291.95,2007,65,4.2,17.99
205701,Active,244379,NA,NA,D,6,1,172583.8675,265.95,2011,77,5.21,19.67
205702,Active,647234,NA,NA,S,2,1,161817.8238,36.95,2011,28,31.66,30.6
205703,Active,264564,NA,NA,S,2,1,162641.2563,49.95,2004,78,39.3,42.2
205704,Active,916911,NA,NA,D,1,0,925018.8575,42.5,1987,60,4,36.77
205705,Active,525302,NA,NA,S,3,1,817812.2288,55,2006,38,6.35,27.5
205706,Active,244332,NA,NA,S,4,1,328067.785,115.5,2011,22,25.49,59.78
205707,Active,449560,NA,NA,D,3,1,1060492.084,92.4,2008,19,12.96,55.71
205708,Active,651304,NA,NA,D,1,0,429085.7613,103,2012,24,44.67,53.98
205709,Active,533602,NA,NA,D,8,1,137978.1675,371.95,2012,93,5.47,71.63
205710,Active,50869,NA,NA,D,7,1,907839.5563,408.95,2010,94,4.16,18.98
205711,Active,53111,NA,NA,D,9,1,783163.76,19.14,2010,70,4,8.8
205712,Active,53110,NA,NA,D,8,1,564535.5213,9.95,2009,73,4,9.95
205713,Active,417257,NA,NA,S,10,1,760913.5988,111.79,2012,43,4,31.59
205714,Active,111195,NA,NA,S,9,1,1841938.633,6.95,2010,33,4,6.95
205715,Active,51551,NA,NA,S,4,1,105692.4263,199.2,2011,97,4,28.04
205716,Active,539425,NA,NA,D,6,1,43475.26625,213.4,2013,94,5.29,24.61
205717,Active,626617,NA,NA,D,6,1,409678.5538,143.07,2013,51,5.37,20.48
205718,Active,1615995,NA,NA,S,2,1,592696.9438,39.99,2007,76,4,12.47
205719,Active,622035,NA,NA,S,4,1,1097415.1,149.95,2006,40,4,27.15
205720,Active,622343,NA,NA,D,4,1,194194.055,122.2,2000,43,4.4,49.67
205721,Active,557271,NA,NA,D,5,1,125546.2388,178.6,2006,49,43.16,101.79
205722,Active,525300,NA,NA,S,6,1,1032856.783,204.95,2012,19,6.53,42.28
205723,Active,248201,NA,NA,S,2,1,266188.2688,70,2011,43,30.11,47.88
205724,Active,610086,NA,NA,D,12,1,326837.8838,185.95,2013,63,3.88,24.26
205725,Active,178684,NA,NA,D,9,1,1033351.844,167.95,2010,55,4,30.98
205726,Active,1826905,NA,NA,D,13,1,171966.3075,177.95,2014,54,8.28,132.91
205727,Active,244147,NA,NA,S,10,1,918101.5038,183.95,2011,41,4.61,21.01
205728,Active,1917012,NA,NA,D,1,0,1561116.658,71.95,2010,12,47.97,34.32
205729,Active,264920,NA,NA,D,1,0,484657.5638,61.95,2004,28,7.98,43.99
205730,Active,867776,NA,NA,S,2,1,111965.6125,62.95,2014,38,24.88,38.49
205731,Active,525298,NA,NA,S,2,1,582914.3988,59.99,2005,32,25.6,48.94
205732,Active,1615660,NA,NA,S,3,1,596815.0613,44.99,2007,33,7.91,27.64
205733,Active,615035,NA,NA,D,2,1,308654.0788,40.75,2005,31,4,18.94
205734,Active,602445,NA,NA,S,3,1,74524.3775,67.5,2011,71,19.34,44.99
205735,Active,870876,NA,NA,D,0,0,1363389.923,22.5,2001,35,4,9.28
205736,Active,614623,NA,NA,D,4,1,448459.905,79.6,2004,56,4,13.93
205737,Active,117801,NA,NA,D,5,1,232465.6075,105.6,2007,69,4,25
205738,Active,130408,NA,NA,D,6,1,37081.05125,127.2,2010,64,13.96,52.98
205739,Active,297901,NA,NA,S,4,1,298556.1438,115.5,2011,31,43.76,78.49
205740,Active,633179,NA,NA,D,0,0,915130.3813,37,2011,80,5.76,50.66
205741,Active,907858,NA,NA,S,2,1,213958.5463,52,2014,29,32.88,36.24
205742,Active,132283,NA,NA,S,7,1,930554.3238,145.2,2007,53,4,35.99
205743,Active,649799,NA,NA,S,2,1,51317.81875,30.95,2012,53,13.99,25.99
205744,Active,249881,NA,NA,D,1,0,2033418.574,145.95,2007,36,4,9.35
205745,Active,3524229,NA,NA,D,1,0,2602430.8,65,2001,28,4,14.46
205746,Active,344117,NA,NA,S,2,1,835883.0763,90,2005,42,10.87,0
205747,Active,622346,NA,NA,S,2,1,902921.2588,96.6,2006,17,4,64.82
205748,Active,114023,NA,NA,S,3,1,1848876.963,57.33,2000,33,4,17.99
205749,Active,106193,NA,NA,S,2,1,354508.2038,45,2005,54,4,0
205750,Active,651905,NA,NA,S,2,1,258629.1963,42,2008,30,15.95,0
205751,Active,3775867,NA,NA,D,1,0,574350.25,54.99,2015,60,11.91,28.8
205752,Active,3775861,NA,NA,D,1,0,417012.25,54.99,2015,55,23.63,27.53
205753,Active,677820,NA,NA,S,0,0,454294.205,29.95,2014,31,4.77,0
205754,Active,525295,NA,NA,S,3,1,661108.59,52.99,2007,27,4,14.71
205755,Active,525294,NA,NA,S,3,1,19151.12125,42.95,2012,103,22.99,30.69
205756,Active,646949,NA,NA,S,6,1,174984.9463,44.99,2013,50,19.56,25.05
205757,Active,627860,NA,NA,S,3,1,18004.325,39.99,2013,33,20.49,25.19
205758,Active,664202,NA,NA,S,4,1,7263.58125,48.95,2013,105,26.45,28.87
205759,Active,299252,NA,NA,D,2,1,943154.8538,39.95,2004,78,3.75,8.98
205760,Active,525293,NA,NA,D,3,1,261458.0813,41.95,2010,129,4,18.71
205761,Active,1943563,NA,NA,S,1,0,37756.95,42.99,2014,9,32.24,28.27
205762,Active,921627,NA,NA,D,3,1,552429.6088,77.95,1996,64,4,8.44
205763,Active,3577736,NA,NA,D,2,1,8881868.15,25,1986,27,4,22.48
205764,Active,289437,NA,NA,S,3,1,69287.6325,20.25,2010,56,8.21,13.47
205765,Active,625631,NA,NA,S,1,0,51569.9,89.95,2012,16,42.14,45.99
205766,Active,2250029,NA,NA,S,8,1,363514.4825,61.99,2007,19,26.97,85.28
205767,Active,3774567,NA,NA,D,0,0,2588458,49.99,2016,1,52.16,49.98
205768,Active,192928,NA,NA,D,4,1,2591531.89,295,2003,27,6.48,82.5
205769,Active,525291,NA,NA,D,5,1,1675681.623,401.95,2008,18,23.11,95.67
205770,Active,1724334,NA,NA,S,1,0,37930.65,75,2008,24,37.21,44.71
205771,Active,676586,NA,NA,D,1,0,560289.1788,22.95,1993,83,4,9.49
205772,Active,657601,NA,NA,D,1,0,463625.0725,105,2007,40,4,45.07
205773,Active,290375,NA,NA,D,1,0,457902.5813,130,2003,27,9.28,43.89
205774,Active,630016,NA,NA,D,2,1,110657.5963,153,2010,85,9.59,18.99
205775,Active,616315,NA,NA,D,4,1,485775.27,85,2005,60,4.93,26.98
205776,Active,608385,NA,NA,D,4,1,152842.305,18.99,2005,45,5.35,13.98
205777,Active,858486,NA,NA,S,4,1,611658.075,115,2015,0,0,108.19
205778,Active,446833,NA,NA,S,3,1,746535.1088,125,2010,47,6.42,81.86
205779,Active,525289,NA,NA,S,2,1,344977.3013,95,2010,43,24.88,61.18
205780,Active,165427,NA,NA,D,1,0,1066936.123,85,2001,27,4,14.4
205781,Active,2572849,NA,NA,D,1,0,3307351.693,98.33,1989,15,4,95.35
205782,Active,2919230,NA,NA,S,6,1,46395.525,45,2015,8,32.19,33.21
205783,Active,632041,NA,NA,S,5,1,481012.735,45,2013,21,11.42,0
205784,Active,1587421,NA,NA,D,1,0,1890678.388,79.99,2007,18,22.4,56.41
205785,Active,630599,NA,NA,D,2,1,1863612.613,75,2000,37,4,12.98
205786,Active,106412,NA,NA,S,3,1,283027.99,90,2006,41,19.13,43.39
205787,Active,162640,NA,NA,S,1,0,37847.825,95,2011,35,43.99,49.63
205788,Active,762402,NA,NA,S,1,0,447772.1375,42,2000,43,4,20.94
205789,Active,165769,NA,NA,S,0,0,14815.3525,21.95,2004,57,10.39,0
205790,Active,355908,NA,NA,D,1,0,3012286.779,94.99,2002,17,5.69,107.97
205791,Active,1437483,NA,NA,S,1,0,13482.425,40,2013,17,25.11,24.07
205792,Active,680249,NA,NA,S,3,1,28478.75,32,2010,35,5.19,18.3
205793,Active,205733,NA,NA,D,1,0,464612.1988,48,2002,29,6.32,18.32
205794,Active,762420,NA,NA,D,1,0,3591872.535,65,2000,37,4,4.36
205795,Active,566168,NA,NA,S,2,1,1606295.879,73,2008,20,26.18,48.76
205796,Active,247449,NA,NA,D,1,0,1558136.308,57,2005,23,5.98,84.14
205797,Active,105627,NA,NA,D,4,1,1231248.065,99.95,2000,42,5.97,29.28
205798,Active,106164,NA,NA,S,5,1,100985.3525,102,2008,33,32.64,62.47
205799,Active,650930,NA,NA,S,2,1,2765409.73,57.95,1999,19,5.78,170.33
205800,Active,774795,NA,NA,D,1,0,12457405.55,135,1999,10,4.39,10.97
205801,Active,2048702,NA,NA,S,0,0,12193.9,60.94,2013,12,33.27,35.02
205802,Active,644497,NA,NA,S,7,1,9062.62375,60,2013,60,23.97,32.99
205803,Active,879721,NA,NA,S,11,1,597125.5713,43.07,2007,51,6,42.53
205804,Active,285312,NA,NA,D,11,1,607231.57,182.5,2008,55,4.53,24.98
205805,Active,52102,NA,NA,D,11,1,151857.845,32.99,2007,112,4,33.94
205806,Active,1822353,NA,NA,S,13,1,212545.95,51.95,2014,17,43.95,45.94
205807,Active,2807476,NA,NA,S,1,0,510807.7375,45,1993,32,15.5,83.99
205808,Active,652380,NA,NA,S,0,0,4572.075,70,2013,27,37.12,37.98
205809,Active,55237,NA,NA,D,5,1,740918.6713,84.95,2006,255,4,4.99
205810,Active,629118,NA,NA,S,7,1,1299.74,102,2013,164,21.99,67.39
205811,Active,55238,NA,NA,D,6,1,25276.46875,102,2009,634,6.49,15.89
205812,Active,619030,NA,NA,D,4,1,302700.0138,226.95,2003,49,14.58,71.59
205813,Active,778718,NA,NA,S,2,1,528000.0425,88.95,2009,43,43.89,59.86
205814,Active,832946,NA,NA,S,3,1,3465983.92,99,1996,18,5.71,41.49
205815,Active,803806,NA,NA,D,7,1,1566789.134,281.95,2005,17,9.77,147.15
205816,Active,534249,NA,NA,D,1,0,299408.5113,105,2003,31,11.99,98.5
205817,Active,542577,NA,NA,S,4,1,1293740.409,103,2003,16,4.49,62.89
205818,Active,830587,NA,NA,S,4,1,1427732.361,62.95,1996,21,7.09,71.11
205819,Active,899646,NA,NA,D,2,1,3449093.373,119,2006,17,19.76,41.22
205820,Active,904179,NA,NA,D,3,1,1341592.746,69.95,2004,19,21.04,56.99
205821,Active,631464,NA,NA,S,18,1,167906.9275,93,2011,35,28.92,56.39
205822,Active,862961,NA,NA,S,2,1,516436.8975,49.99,2001,23,23.97,142.42
205823,Active,254162,NA,NA,S,3,1,848853.83,178.95,2009,17,11.73,109.49
205824,Active,525278,NA,NA,S,3,1,556528.9188,39.99,2007,37,4.09,16.48
205825,Active,1779770,NA,NA,S,2,1,264486.95,59.99,2014,32,11.62,25.97
205826,Active,1688814,NA,NA,D,2,1,507320.3713,49.99,2014,29,18.59,29.98
205827,Active,616496,NA,NA,S,3,1,1630365.69,52.95,1988,42,4,29.95
205828,Active,191911,NA,NA,D,5,1,59846.48375,54.98,2003,75,8.98,57.6
205829,Active,61059,NA,NA,D,2,1,1151587.883,107,2001,25,5.04,48.93
205830,Active,533993,NA,NA,D,3,1,201383.78,174,2005,41,8.27,18.15
205831,Active,667234,NA,NA,S,4,1,270202.2888,45.6,2012,32,38.94,43.33
205832,Active,628916,NA,NA,S,5,1,436299.5163,23.99,2003,38,8.47,0
205833,Active,874615,NA,NA,S,8,1,1389213.05,69.25,2006,31,9.01,69.25
205834,Active,873166,NA,NA,D,0,0,880325.4125,200.75,2009,40,5.19,60.73
205835,Active,111103,NA,NA,D,9,1,164111.9288,58.3,2009,55,5.99,54.82
205836,Active,61121,NA,NA,D,8,1,636332.355,52.06,2006,46,4.98,42.4
205837,Active,614293,NA,NA,D,10,1,10666.3325,261.25,2012,131,15.29,60.43
205838,Active,610400,NA,NA,D,10,1,75009.79125,333.75,2012,60,43.87,145.25
205839,Active,108617,NA,NA,D,7,1,459826.9363,43.93,2003,57,7.94,40.99
205840,Active,860248,NA,NA,S,9,1,1607343.204,248.75,2010,27,9.04,44.99
205841,Active,55885,NA,NA,D,9,1,200315.1975,70.26,2009,45,14.69,58.99
205842,Active,54789,NA,NA,D,9,1,140170.365,213.38,2009,76,8.72,38.99
205843,Active,108614,NA,NA,S,7,1,1810488.001,122.5,2003,65,4,10.98
205844,Active,607068,NA,NA,D,9,1,1120270.216,23.05,2009,33,5.09,18.98
205845,Active,54787,NA,NA,D,8,1,376119.96,62.1,2006,70,4,44.25
205846,Active,863875,NA,NA,S,2,1,127478.8625,34.95,2010,26,17.48,22.99
205847,Active,525276,NA,NA,S,10,1,188733.47,40,2007,107,4.58,19.99
205848,Active,2579709,NA,NA,D,1,0,1997389.775,110,1995,21,5.26,51.81
205849,Active,2650122,NA,NA,D,1,0,2778368.586,109.95,2004,15,7.94,46.85
205850,Active,152265,NA,NA,D,1,0,1127699.303,139,2005,21,29.44,80.85
205851,Active,911491,NA,NA,D,1,0,3616532.324,32.95,1990,25,5.62,48.61
205852,Active,743429,NA,NA,S,2,1,1053973.808,75.95,2002,27,20.98,62.21
205853,Active,2832932,NA,NA,D,1,0,2922602.113,189.95,2004,17,64.24,131.51
205854,Active,860476,NA,NA,S,2,1,663165.0688,195,2011,17,19.63,28.21
205855,Active,613011,NA,NA,S,1,0,372661.1275,93.3,1998,113,4,23.86
205856,Active,693941,NA,NA,S,1,0,82246.5025,88,2003,81,6.35,52.35
205857,Active,613098,NA,NA,S,1,0,219490.5163,93.3,1998,98,4,19.75
205858,Active,612887,NA,NA,S,1,0,133365.98,88,2003,158,4.52,22.99
205859,Active,612943,NA,NA,S,1,0,297128.9675,88,2003,127,4.17,23.73
205860,Active,2058684,NA,NA,S,2,1,232947.25,68.2,2008,34,12.99,36.1
205861,Active,164940,NA,NA,D,1,0,1237139.773,8.98,2000,35,4.13,8.99
205862,Active,756648,NA,NA,D,2,1,959746.9463,31.94,2001,31,4.47,42.72
205863,Active,161783,NA,NA,D,1,0,1179013.33,50.03,2006,57,9.85,39.44
205864,Active,552145,NA,NA,S,1,0,617780.6238,44.95,2003,54,4.22,27.28
205865,Active,644610,NA,NA,S,2,1,4436.45875,49.95,2012,47,19.98,27.59
205866,Active,903765,NA,NA,S,1,0,170240.04,49.95,2011,31,14.51,37.98
205867,Active,1587827,NA,NA,D,1,0,2928004.814,52.5,2007,13,12.68,18.99
205868,Active,2097747,NA,NA,S,1,0,80670.075,60,2014,18,29.94,29.57
205869,Active,544288,NA,NA,S,2,1,885426.7263,63.95,2012,23,10.16,33.99
205870,Active,256685,NA,NA,S,2,1,60800.1325,15.95,2003,391,4,6.38
205871,Active,722970,NA,NA,S,3,1,984346.75,39.95,2008,22,13.7,41.9
205872,Active,245600,NA,NA,S,5,1,339335.3738,159,2002,42,10.97,42.98
205873,Active,644630,NA,NA,S,2,1,30908.65,36.99,2012,78,22.15,23.81
205874,Active,1615780,NA,NA,S,2,1,438382.75,39.99,2008,49,4,19.19
205875,Active,1441482,NA,NA,S,7,1,157516.725,259.5,2014,36,53.59,75.47
205876,Active,1439872,NA,NA,S,2,1,2717285.523,164.11,2009,26,8.93,98.92
205877,Active,640097,NA,NA,S,7,1,1228672.23,252.5,2011,22,26.29,179
205878,Active,621180,NA,NA,D,1,0,1199531.206,13.99,2000,41,4,23.96
205879,Active,533876,NA,NA,S,9,1,249886.47,236.95,2003,56,38.81,138.15
205880,Active,534021,NA,NA,D,8,1,301902.78,72.95,1992,25,4.74,40.95
205881,Active,285722,NA,NA,D,3,1,3417594.259,113,1996,33,4,47.54
205882,Active,525272,NA,NA,D,4,1,658977.3638,115,2006,25,19.14,34.19
205883,Active,539026,NA,NA,S,5,1,70745.18625,99.95,2013,38,27.33,55.94
205884,Active,54178,NA,NA,D,8,1,83541.41625,179.67,2008,58,9.18,69.43
205885,Active,54177,NA,NA,D,7,1,547743.8138,143.8,2004,52,4,37.17
205886,Active,912846,NA,NA,D,0,0,3034377.459,191.29,2003,25,5.5,108.37
205887,Active,184664,NA,NA,S,2,1,3171846.184,79.95,2000,19,6.99,50
205888,Active,697404,NA,NA,D,4,1,2091738.09,64.89,2005,21,4.97,71.49
205889,Active,54577,NA,NA,D,5,1,430265.5163,42.87,2008,73,5.37,37.5
205890,Active,697796,NA,NA,S,6,1,1063260.086,21.99,2011,30,8.49,21.99
205891,Active,54576,NA,NA,S,4,1,670672.6513,33.98,2005,68,4.8,33.98
205892,Active,118226,NA,NA,D,4,1,123255.4725,131,2009,54,6.03,6.59
205893,Active,916159,NA,NA,D,3,1,1885226.33,102.33,2004,37,4,23.95
205894,Active,918983,NA,NA,D,1,0,343473.045,45,2010,47,4.15,17.56
205895,Active,652367,NA,NA,S,2,1,600829.5013,45,2013,16,34.48,35.44
205896,Active,891647,NA,NA,D,1,0,4425235.935,0,2004,15,4,91.35
205897,Active,3577584,NA,NA,D,0,0,6773570.05,60,1994,18,4,67.05
205898,Active,1781300,NA,NA,S,1,0,435972.1188,65,2014,15,45.99,50.1
205899,Active,253885,NA,NA,S,1,0,108411.575,141.95,2010,24,58.99,81.8
205900,Active,521151,NA,NA,D,7,1,990830.23,68.99,2006,24,11.42,58.43
205901,Active,482133,NA,NA,S,8,1,123833.5225,78.99,2012,34,46.93,53.04
205902,Active,591344,NA,NA,D,1,0,300383.4463,165.95,2006,38,8.24,42.48
205903,Active,2678995,NA,NA,D,0,0,494182.2338,68,1992,21,4.61,60.31
205904,Active,897571,NA,NA,D,1,0,2103024.759,109,2004,20,7.93,82.73
205905,Active,525264,NA,NA,S,2,1,105246.8413,69.95,2012,40,29.59,43.94
205906,Active,2778705,NA,NA,D,0,0,4525532.416,95.95,1992,15,16.53,126.76
205907,Active,2663039,NA,NA,D,1,0,2852503.85,114.99,1998,19,8.15,55.33
205908,Active,891783,NA,NA,D,0,0,2122075.893,62.99,2006,16,29.28,43.98
205909,Active,218586,NA,NA,S,2,1,1036426.769,59.95,1995,18,4.77,49.33
205910,Active,653596,NA,NA,D,1,0,1777895.764,79.95,2003,20,6.69,64.27
205911,Active,203915,NA,NA,D,1,0,719597.1475,104.99,2004,52,5.77,17.98
205912,Active,619384,NA,NA,S,2,1,115404.8588,75.99,2008,59,49.89,58.68
205913,Active,637082,NA,NA,D,1,0,1355474.574,49.95,2010,24,14.99,40.99
205914,Active,862415,NA,NA,S,2,1,376388.8325,49.95,2014,26,32.98,38.74
205915,Active,501162,NA,NA,S,9,1,418944.1775,99.95,2012,61,43.99,68.74
205916,Active,147647,NA,NA,D,2,1,131299.2063,50.95,2010,33,13.99,46.75
205917,Active,2006835,NA,NA,S,1,0,683338.4325,35,2014,21,4,26.99
205918,Active,192619,NA,NA,D,1,0,1994071.339,54.95,1997,33,4,8.99
205919,Active,184660,NA,NA,D,1,0,2029876.783,146.99,2001,18,18.98,64.81
205920,Active,623635,NA,NA,D,2,1,1266591.835,120.99,2004,22,26.66,71.89
205921,Active,625028,NA,NA,D,2,1,2218478.269,99.95,1983,37,4,45.67
205922,Active,903291,NA,NA,D,1,0,3279386.424,98.99,2003,21,10.89,26.13
205923,Active,244990,NA,NA,D,1,0,815318.4763,95.95,2003,50,4,35.98
205924,Active,243865,NA,NA,S,2,1,577264.0813,93.95,2011,62,10.98,72.53
205925,Active,3547160,NA,NA,S,2,1,3129997.9,99.99,1996,23,4.98,99.97
205926,Active,543245,NA,NA,S,5,1,37417.8975,63.99,2001,70,28.36,50.48
205927,Active,889386,NA,NA,D,7,1,2065545.061,139.95,1995,23,11.32,87.43
205928,Active,360009,NA,NA,D,1,0,3849236.58,59.95,2002,14,23.29,33.99
205929,Active,3557877,NA,NA,D,8,1,6989756.05,206,2001,16,9.63,193.83
205930,Active,905282,NA,NA,S,3,1,208400.2913,64.99,2014,24,43.03,58.37
205931,Active,369357,NA,NA,D,2,1,799090.0463,65.99,2008,32,26.3,29.28
205932,Active,552395,NA,NA,S,2,1,228614.5688,115,2005,28,24.17,0
205933,Active,2765755,NA,NA,S,2,1,943367.2413,299,1999,25,19.27,56.6
205934,Active,619112,NA,NA,S,2,1,80632.5825,188.95,2013,64,11.77,28.77
205935,Active,2575985,NA,NA,D,0,0,2487653.93,80.86,1973,24,14.11,61.93
205936,Active,764223,NA,NA,D,1,0,634200.865,268.95,2003,20,13.89,27.7
205937,Active,57216,NA,NA,D,6,1,2709006.099,103.95,2003,50,4,36.63
205938,Active,57215,NA,NA,D,8,1,383826.2338,229.95,2009,37,9.99,83.99
205939,Active,57214,NA,NA,D,7,1,930921.1175,191.95,2006,63,4,8.06
205940,Active,867221,NA,NA,S,7,1,31023.86625,77.95,2014,58,43.93,46.85
205941,Active,607719,NA,NA,D,2,1,1797991.888,75,2006,35,4,9.95
205942,Active,875317,NA,NA,D,2,1,2713657.066,5.13,2007,24,4,8.49
205943,Active,200517,NA,NA,D,1,0,714039.6238,101.95,2009,34,4,6.97
205944,Active,534768,NA,NA,S,2,1,103015.79,104.95,2012,52,14.09,33.44
205945,Active,423008,NA,NA,D,3,1,234086.9863,120,2010,55,5.75,26.31
205946,Active,599708,NA,NA,S,3,1,1031879.505,89,2010,27,48.24,84.6
205947,Active,635714,NA,NA,S,4,1,129676.9938,78,2012,29,38.99,52.39
205948,Active,801026,NA,NA,D,3,1,525034.735,70,2007,38,4,48.12
205949,Active,1924451,NA,NA,S,6,1,530672.6538,50,2014,23,33.79,48
205950,Active,635192,NA,NA,D,5,1,377399.2438,53,2008,36,4,31.98
205951,Active,2251333,NA,NA,D,6,1,4732994.736,137.6,2009,23,17.28,83.97
205952,Active,58237,NA,NA,D,6,1,115561.68,242.95,2009,67,10.55,33.98
205953,Active,58240,NA,NA,D,4,1,1515154.43,165.95,2003,55,4,5.99
205954,Active,58236,NA,NA,D,5,1,399306.75,267.95,2006,73,4,8.98
205955,Active,765669,NA,NA,D,4,1,7926002.18,37.95,2003,17,4.46,91.84
205956,Active,910427,NA,NA,D,5,1,2790847.515,115.95,2006,20,4,43.37
205957,Active,627631,NA,NA,D,4,1,594571.65,75.95,2004,30,4.8,48.15
205958,Active,914119,NA,NA,D,3,1,3368592.05,73.95,2001,25,4.14,43.99
205959,Active,619414,NA,NA,S,7,1,500726.1463,132.95,2006,54,8.48,46.16
205960,Active,919222,NA,NA,S,6,1,1886740.41,105.8,2002,32,4,12.97
205961,Active,659787,NA,NA,S,0,0,1323527.893,62,2010,24,14.08,34.23
205962,Active,135641,NA,NA,S,2,1,174388.4838,76.95,2008,44,5.39,56.48
205963,Active,919510,NA,NA,D,10,1,697095.1163,56,2008,31,4,13.93
205964,Active,135530,NA,NA,S,5,1,55826.13125,53.95,2011,53,24.01,31.65
205965,Active,870888,NA,NA,D,1,0,1747482.065,48.95,2006,40,3.99,12.99
205966,Active,623509,NA,NA,D,2,1,520638.6188,44.95,2009,40,4,31.49
205967,Active,525260,NA,NA,S,2,1,1050867.263,61.95,2009,27,16.08,43.97
205968,Active,626671,NA,NA,S,1,0,57667.4575,64.95,2012,41,24.54,37.29
205969,Active,552697,NA,NA,D,5,1,1503698.869,80.4,2005,26,5.96,15.99
205970,Active,712882,NA,NA,D,4,1,3953580.163,53.4,2001,32,4,17.66
205971,Active,620400,NA,NA,S,7,1,284454.3963,89.95,1999,34,13.89,68.94
205972,Active,621296,NA,NA,S,8,1,100562.4625,115.95,2012,68,7.44,68.98
205973,Active,608696,NA,NA,S,7,1,1032336.315,112.95,2009,44,4,43.6
205974,Active,2619075,NA,NA,D,1,0,2261303.143,39.95,1995,15,4,0
205975,Active,607541,NA,NA,D,2,1,1503722.02,119.95,2000,16,4.49,38.49
205976,Active,2171416,NA,NA,S,1,0,11762.55,50,2009,23,31.99,33.32
205977,Active,863832,NA,NA,S,2,1,121445.6,0,2009,20,30.3,0
205978,Active,781773,NA,NA,S,0,0,577993.8863,79.99,2008,28,53.92,55.83
205979,Active,618295,NA,NA,D,0,0,210176.3513,70,2007,35,5.97,12.99
205980,Active,612666,NA,NA,S,14,1,739902.885,53.75,2013,32,4.43,34.96
205981,Active,3598676,NA,NA,D,1,0,5694389.75,104.95,2003,15,6.83,8.98
205982,Active,664763,NA,NA,S,2,1,58589.01625,84,2013,50,34.55,58.99
205983,Active,628406,NA,NA,D,0,0,1270748.183,84,1989,22,9.56,71.64
205984,Active,3125425,NA,NA,D,0,0,4875024.091,44.95,1998,20,4,7.99
205985,Active,194869,NA,NA,D,2,1,1482957.128,44.95,2003,38,4,18.77
205986,Active,615159,NA,NA,S,2,1,2360909.466,39,2006,27,4,6.98
205987,Active,639260,NA,NA,S,0,0,244171.9938,67,2009,35,15.04,43.38
205988,Active,200654,NA,NA,S,2,1,424325.9725,110.95,2011,30,31.5,36.25
205989,Active,655439,NA,NA,S,1,0,11826.775,49.95,2012,23,26.9,26.89
205990,Active,431874,NA,NA,D,4,1,2359735.601,149,1997,20,5.31,68.12
205991,Active,139537,NA,NA,D,4,1,3984209.593,259,1997,15,6.12,54.48
205992,Active,565722,NA,NA,D,1,0,590575.415,58.99,2007,28,17.11,58.99
205993,Active,544173,NA,NA,S,2,1,107872.4838,65,2013,43,31.75,43.64
205994,Active,910739,NA,NA,D,4,1,4958552.288,43.28,2005,24,4,10.95
205995,Active,900415,NA,NA,S,4,1,224473.9388,59.6,2013,19,11.59,58.23
205996,Active,525257,NA,NA,S,6,1,2283041.351,74.95,2010,30,4,4.84
205997,Active,147416,NA,NA,S,5,1,4282172.548,69.95,2006,13,4,4
205998,Active,592364,NA,NA,S,3,1,1144970.266,69.95,2008,62,4,5.5
205999,Active,867204,NA,NA,S,5,1,382251.4575,86.95,2013,73,4,40.97
206000,Active,540936,NA,NA,S,4,1,478995.6475,86.95,2009,75,4,4.53
206001,Active,670629,NA,NA,D,10,1,937121.1725,74.95,2011,39,4,24.17
206002,Active,656071,NA,NA,S,4,1,315012.6863,74.95,2012,31,4.99,43.98
206003,Active,545062,NA,NA,S,3,1,2102862.19,80.95,2008,30,4,4
206004,Active,545932,NA,NA,S,2,1,323871.6275,74.95,2012,55,4,22.87
206005,Active,386583,NA,NA,S,4,1,1424799.971,61.95,2007,38,4,0
206006,Active,545942,NA,NA,D,7,1,770189.885,74.95,2012,89,4,5.95
206007,Active,1574788,NA,NA,S,8,1,1824590.839,125.95,2009,25,4,48.1
206008,Active,630002,NA,NA,D,0,0,240131.96,79.95,2011,32,27.98,46.55
206009,Active,861816,NA,NA,S,13,1,1501316.006,59.95,2013,21,4,51.21
206010,Active,861818,NA,NA,S,12,1,1489601.618,62.95,2013,46,4,8.98
206011,Active,648012,NA,NA,S,2,1,1461762.831,199,2003,17,45.39,119.73
206012,Active,635041,NA,NA,S,1,0,91613.6,69,2010,15,23.98,43.87
206013,Active,613626,NA,NA,S,2,1,1062635.591,63,2000,64,4,9.58
206014,Active,113489,NA,NA,D,1,0,1611981.231,91.95,2002,30,4,47.64
206015,Active,113129,NA,NA,S,2,1,354160.2163,91.95,2007,63,26.41,36.46
206016,Active,56598,NA,NA,D,5,1,35270.11375,222.25,2010,129,10.48,33.98
206017,Active,56596,NA,NA,S,3,1,629390.5238,42.98,2003,99,4,38.98
206018,Active,108653,NA,NA,S,3,1,1084707.829,138.25,2003,29,4.13,12.98
206019,Active,110765,NA,NA,D,4,1,146085.885,35.93,2007,114,4.48,33.44
206020,Active,1554435,NA,NA,S,1,0,61287.02625,48.95,2013,58,34.99,35.27
206021,Active,635184,NA,NA,S,1,0,17133.925,61.95,2008,35,43.19,43.53
206022,Active,632542,NA,NA,S,1,0,6724.25875,50.95,2011,49,32.95,35.79
206023,Active,258443,NA,NA,D,3,1,159004.3338,115,2008,55,6.01,28.99
206024,Active,643852,NA,NA,S,0,0,94276.13875,39,2010,19,29.26,30.26
206025,Active,881645,NA,NA,S,0,0,786031.3563,60,2015,21,28.86,35
206026,Active,621416,NA,NA,S,4,1,32901.88375,64.95,2007,67,44.08,49.9
206027,Active,546725,NA,NA,S,2,1,64542.94875,44.95,2009,58,20.46,26.51
206028,Active,54463,NA,NA,D,7,1,323444.0413,129.95,2009,43,4,69
206029,Active,54462,NA,NA,D,5,1,581410.5713,67.95,2003,30,4,9.33
206030,Active,54464,NA,NA,D,6,1,577515.0925,139.95,2006,39,4,18.88
206031,Active,607350,NA,NA,D,4,1,3164945.134,65.6,2004,34,4,7.98
206032,Active,55510,NA,NA,D,1,0,280567.6975,120.4,2009,71,4.5,38.5
206033,Active,130574,NA,NA,D,2,1,87694.93125,158.4,2012,63,16.89,31.39
206034,Active,3485075,NA,NA,S,2,1,153587.6,86,2012,64,16.49,32.45
206035,Active,144195,NA,NA,D,1,0,124174.4563,95.67,2009,66,5.81,28.39
206036,Active,525249,NA,NA,D,2,1,13849.87625,125.8,2012,111,9.32,27.06
206037,Active,639776,NA,NA,S,2,1,339117.7888,79.33,2012,38,5.99,43.89
206038,Active,55511,NA,NA,D,1,0,431726.9775,95.6,2009,83,5.51,22.99
206039,Active,533416,NA,NA,D,2,1,13761.39125,125.8,2012,126,9.34,68.99
206040,Active,542847,NA,NA,S,4,1,144457.4813,45,2012,54,16.32,33.39
206041,Active,198367,NA,NA,D,3,1,581605.9425,46,2008,60,4,33.99
206042,Active,2603610,NA,NA,S,1,0,508870.4238,49.99,2003,22,12.99,39.95
206043,Active,3101430,NA,NA,S,2,1,3856886.556,0,2005,11,4,0
206044,Active,2096732,NA,NA,D,4,1,323389.4688,148.01,2012,22,13.14,52.99
206045,Active,2270385,NA,NA,S,3,1,551749.4775,31.99,2007,29,5.62,19.14
206046,Active,609876,NA,NA,S,4,1,20938.17625,219.95,2012,62,23.04,147.98
206047,Active,53312,NA,NA,D,3,1,48249.935,83,2007,604,4,14.5
206048,Active,615407,NA,NA,S,4,1,27506.58625,197.38,2011,73,21.43,210.78
206049,Active,2258521,NA,NA,D,4,1,6858.35375,101.3,2012,143,18.91,53.99
206050,Active,534049,NA,NA,S,2,1,561231.6413,31,2004,32,4,63.94
206051,Active,270242,NA,NA,S,3,1,399487.4413,33,2008,58,4,55.75
206052,Active,538479,NA,NA,S,3,1,275843.5975,2645.3,2009,65,4,72.05
206053,Active,487302,NA,NA,D,1,0,160456.6813,51.95,2009,22,6.42,20.2
206054,Active,601083,NA,NA,S,3,1,27339.1125,53.5,2013,32,35.69,39.5
206055,Active,879782,NA,NA,S,2,1,190377.46,201.47,2014,35,22.16,123.58
206056,Active,145898,NA,NA,D,1,0,690174.4675,225.33,2010,64,17.33,118.97
206057,Active,516528,NA,NA,D,1,0,20284.63375,279,2011,204,6.66,38.99
206058,Active,1516586,NA,NA,S,1,0,75080.28375,95,2014,28,45.31,81.1
206059,Active,1517447,NA,NA,S,1,0,69893.96625,95,2014,37,45.9,82.2
206060,Active,132973,NA,NA,S,2,1,292802.905,81.6,2009,50,10.76,11.04
206061,Active,428488,NA,NA,S,7,1,428976.84,212.6,2009,32,44.01,102.99
206062,Active,618101,NA,NA,D,6,1,779072.2938,106.2,2002,41,4.8,48.12
206063,Active,552465,NA,NA,D,7,1,2697049.811,94.4,2005,32,5.52,48.35
206064,Active,119839,NA,NA,S,1,0,371064.055,131.2,1998,43,25.56,75.59
206065,Active,553766,NA,NA,D,4,1,1453288.111,133,2008,47,4.18,12.64
206066,Active,552827,NA,NA,D,5,1,510158.4825,146.2,2010,45,4,45.7
206067,Active,861819,NA,NA,S,2,1,1170911.301,59.99,2013,23,8.14,37.49
206068,Active,592904,NA,NA,S,2,1,2552672.531,75.95,2008,25,4,10.9
206069,Active,607465,NA,NA,S,3,1,983653.2825,130,2008,35,6.47,51.99
206070,Active,532236,NA,NA,D,4,1,812952.5975,144,2010,30,5.14,33.76
206071,Active,553854,NA,NA,S,2,1,1580781.699,167,2008,29,5.02,21.93
206072,Active,55418,NA,NA,D,5,1,138284.8,240.95,2010,74,8.6,48.55
206073,Active,55417,NA,NA,D,4,1,459669.06,231.95,2005,64,4,31.99
206074,Active,635660,NA,NA,S,3,1,199726.7713,64.95,2012,24,38.83,52.49
206075,Active,598525,NA,NA,S,2,1,770237.5825,49.95,2006,27,4,16.99
206076,Active,264739,NA,NA,S,3,1,732116.0088,49.99,2009,36,4,23.99
206077,Active,628594,NA,NA,D,2,1,540592.2175,153.99,2010,22,5.74,16.72
206078,Active,789465,NA,NA,D,1,0,3189898.273,99,2006,20,6.74,13.99
206079,Active,163160,NA,NA,S,2,1,37622.63,55,2011,38,31.29,34.04
206080,Active,435057,NA,NA,D,1,0,976769.8775,172.73,2012,35,38.98,83.93
206081,Active,612868,NA,NA,S,0,0,36566.88375,45,1997,428,5.65,12.99
206082,Active,3826591,NA,NA,S,1,0,150731.1,37,1997,36,10.47,13.99
206083,Active,554182,NA,NA,S,2,1,268495.8875,215.4,1994,70,4,45.4
206084,Active,269380,NA,NA,D,2,1,1881353.906,83.95,2008,19,19.96,65.23
206085,Active,826851,NA,NA,S,0,0,171212.9775,39.95,1990,112,4,8.86
206086,Active,3122409,NA,NA,D,0,0,1316580.53,123.31,2004,22,5.12,60.47
206087,Active,873600,NA,NA,S,4,1,728444.18,78,1998,63,4.06,22.98
206088,Active,258417,NA,NA,D,5,1,283229.6338,101.5,2006,95,5.48,25.76
206089,Active,864044,NA,NA,S,2,1,149480.2475,40,2011,43,8.66,26.53
206090,Active,2566308,NA,NA,D,0,0,757687.5138,65,1986,43,4.32,34.64
206091,Active,566241,NA,NA,S,2,1,320644.9413,70,2011,42,32.13,32.48
206092,Active,606755,NA,NA,D,3,1,1212142.126,74.95,2004,34,4,18.86
206093,Active,106700,NA,NA,S,4,1,195766.6275,100,2009,35,40.98,74.05
206094,Active,3146360,NA,NA,D,1,0,2043144.068,52.5,2004,19,6.94,28.99
206095,Active,298276,NA,NA,S,0,0,67747,103,2008,23,44.83,63.38
206096,Active,540259,NA,NA,S,2,1,7468.2225,36.95,2007,117,19.97,28.98
206097,Active,765851,NA,NA,D,1,0,362070.2913,122.95,2008,35,5.6,94.96
206098,Active,637602,NA,NA,S,2,1,290972.395,118.95,2013,35,36.07,89.49
206099,Active,525242,NA,NA,S,0,0,395538.0975,39.95,2011,19,35.96,39.95
206100,Active,622679,NA,NA,S,1,0,1133769.736,59.99,2009,25,4.42,40.19
206101,Active,663349,NA,NA,D,0,0,374171.91,75,2013,16,13.86,0
206102,Active,2027599,NA,NA,S,2,1,111084.44,75,2014,11,46.99,75
206103,Active,862698,NA,NA,D,2,1,2022463.731,69.95,1997,21,5.49,23.98
206104,Active,621319,NA,NA,S,1,0,16079,39.99,2011,34,17.99,20.97
206105,Active,162870,NA,NA,D,1,0,140785.5375,183.5,2011,64,19.97,32.88
206106,Active,889452,NA,NA,S,0,0,177119.2138,32.95,1997,18,43.21,47.94
206107,Active,635247,NA,NA,S,2,1,54484.88,79.95,2007,33,37.74,49.77
206108,Active,290640,NA,NA,S,1,0,74737.525,151.5,2009,29,44.94,76.81
206109,Active,1778027,NA,NA,S,4,1,157685.0738,111.25,2013,16,88.24,88.86
206110,Active,163042,NA,NA,D,3,1,200129.9588,20.9,2010,115,5.11,22.99
206111,Active,290136,NA,NA,D,2,1,1025094.303,18.21,2008,67,4,12.99
206112,Active,879329,NA,NA,S,2,1,1079196.85,58.53,2009,22,38.28,58.53
206113,Active,54785,NA,NA,D,2,1,486816.5863,39,2009,45,7.82,50.95
206114,Active,543938,NA,NA,S,4,1,36000.17875,197.25,2012,76,32.98,53.03
206115,Active,878297,NA,NA,D,3,1,785864.1613,43.87,2010,54,11.78,54.3
206116,Active,163043,NA,NA,D,3,1,288605.2325,35,2010,60,5.51,23.99
206117,Active,662312,NA,NA,S,4,1,238198.7425,139,2012,28,41.63,67.63
206118,Active,162656,NA,NA,D,2,1,316293.96,38.49,2009,49,4,7.99
206119,Active,449400,NA,NA,D,1,0,109795.3313,45.99,2010,56,9.64,33.98
206120,Active,623389,NA,NA,D,2,1,46907.025,184.75,2012,45,16.89,106.54
206121,Active,244302,NA,NA,D,2,1,166154.675,148.97,2012,133,5.48,39
206122,Active,613583,NA,NA,D,1,0,276118.03,40.91,2009,116,5.52,37.28
206123,Active,618460,NA,NA,D,1,0,445700.9525,33.98,2007,57,4.91,33.98
206124,Active,566104,NA,NA,S,2,1,98137.27625,151.5,2012,75,42.59,78.5
206125,Active,2270637,NA,NA,S,2,1,243300.95,108.01,1900,22,0,0
206126,Active,343937,NA,NA,S,3,1,216929.6163,50,2005,43,4,10.98
206127,Active,544026,NA,NA,S,3,1,6358.4275,182,2012,76,22.99,53.99
206128,Active,57781,NA,NA,D,2,1,54982.29875,77.99,2009,107,4.96,22.83
206129,Active,2263446,NA,NA,S,3,1,265215.2125,111.27,2013,27,29.64,72.83
206130,Active,57783,NA,NA,D,1,0,328106.1125,13.99,2007,88,4,12.99
206131,Active,864793,NA,NA,D,3,1,692330.1875,191.2,2014,64,4,91.7
206132,Active,423479,NA,NA,D,1,0,944854.4725,181.6,2011,101,4,7.29
206133,Active,539485,NA,NA,D,2,1,236224.3063,183.6,2013,99,5.47,17.98
206134,Active,286006,NA,NA,D,1,0,1434440.649,139,2011,64,4,8.41
206135,Active,872565,NA,NA,D,3,1,745559.5788,159,2014,106,4,23.73
206136,Active,539484,NA,NA,D,2,1,704412.4875,159,2013,108,3.84,10.97
206137,Active,636348,NA,NA,S,1,0,161824.5088,157,2008,46,11.84,103.78
206138,Active,622773,NA,NA,S,1,0,70964.575,69.95,2005,27,32.99,50.86
206139,Active,1630808,NA,NA,S,0,0,595801.6963,45,2009,31,17.48,23.78
206140,Active,1433922,NA,NA,S,1,0,53795.56125,80,2014,29,45.24,46.48
206141,Active,2019410,NA,NA,D,1,0,254596.1775,50,2013,39,26.69,28.63
206142,Active,2571898,NA,NA,S,2,1,318244.9575,191,1994,25,15.87,35.06
206143,Active,1932391,NA,NA,S,2,1,387422.6238,44.99,2012,32,7.74,29.01
206144,Active,636395,NA,NA,D,1,0,1160761.141,49.99,2011,33,4,9.45
206145,Active,652346,NA,NA,S,2,1,510265.5,49.99,2013,39,13.61,28.97
206146,Active,639937,NA,NA,D,1,0,676546.0213,49.99,2011,42,7.11,21.43
206147,Active,2170908,NA,NA,S,0,0,372620.16,49.95,2013,19,23.96,23.96
206148,Active,56848,NA,NA,S,4,1,32037.6775,26,2003,54,5.99,40.93
206149,Active,532559,NA,NA,S,2,1,64625.425,34.2,2010,28,8.26,23.01
206150,Active,1581741,NA,NA,S,2,1,53061.225,36,2010,25,20.4,23.99
206151,Active,525239,NA,NA,S,2,1,246530.19,37,2012,22,24.89,31.05
206152,Active,617666,NA,NA,S,1,0,44482.5,45.32,2007,32,14.99,34.96
206153,Active,866811,NA,NA,S,2,1,56612.35,47,2014,21,31.86,39.09
206154,Active,116985,NA,NA,D,1,0,777234.3038,43.2,2009,68,4,10.96
206155,Active,3044433,NA,NA,D,0,0,1389633.214,75.95,1998,20,4,58.99
206156,Active,3255799,NA,NA,D,1,0,905016.1188,128.62,2004,20,18.28,104.83
206157,Active,615645,NA,NA,D,1,0,109056.8288,251.95,2004,46,17.46,48.98
206158,Active,830197,NA,NA,S,0,0,940643.1413,58.95,1988,46,4,13.78
206159,Active,244243,NA,NA,D,4,1,32292.29875,258.95,2012,56,30.46,101.71
206160,Active,57146,NA,NA,D,2,1,169531.6113,100.95,1996,47,4,43.49
206161,Active,1866835,NA,NA,S,0,0,10469.325,50,2014,13,32.44,31.13
206162,Active,1866694,NA,NA,S,9,1,45075.75,80,2012,34,42.13,45.99
206163,Active,647261,NA,NA,S,1,0,13646.35,55,2011,23,27.03,33.99
206164,Active,859625,NA,NA,S,1,0,14672.85,85,2007,25,45.18,45.2
206165,Active,1496863,NA,NA,S,0,0,86994.65,85,2012,39,16.96,19.19
206166,Active,764743,NA,NA,D,4,1,517831.135,212.95,1999,46,4,34.85
206167,Active,670167,NA,NA,D,0,0,2607600.819,89.95,2006,14,58.85,147.7
206168,Active,918885,NA,NA,S,4,1,2568911.548,69.95,2001,30,4,26.94
206169,Active,107073,NA,NA,S,5,1,318314.1713,85,2006,74,7.24,47.13
206170,Active,1741499,NA,NA,S,2,1,549008.175,55,2011,16,39.48,39.99
206171,Active,2270613,NA,NA,S,2,1,341074.44,66.7,1900,26,34.55,39.51
206172,Active,525237,NA,NA,S,2,1,24056.5225,58.95,2011,109,24.99,32.78
206173,Active,135594,NA,NA,D,1,0,346548.3,53.95,2007,74,4,31.92
206174,Active,131855,NA,NA,D,7,1,379885.93,123.6,2004,46,4.39,33.94
206175,Active,132625,NA,NA,D,8,1,486690.94,159,2009,29,58.99,133
206176,Active,717304,NA,NA,D,0,0,4244706.885,53.5,1997,15,4,23.21
206177,Active,641612,NA,NA,D,1,0,406709.94,98,2008,26,31.98,161.77
206178,Active,598767,NA,NA,S,2,1,235110.36,80,2006,47,4.06,50.98
206179,Active,643165,NA,NA,S,2,1,1109684.898,85.95,2000,32,4,61.13
206180,Active,858800,NA,NA,S,1,0,246709.95,102.95,2000,70,7.19,43.43
206181,Active,131467,NA,NA,D,4,1,1502012.071,132.6,2002,28,4,44.64
206182,Active,264440,NA,NA,S,2,1,223578.3563,22.95,2009,128,5.9,12.99
206183,Active,675031,NA,NA,S,1,0,55179.5,64.6,2006,15,35.86,57.32
206184,Active,132333,NA,NA,S,1,0,62348.575,64.6,2006,27,11.46,48.99
206185,Active,126022,NA,NA,S,1,0,222596.475,77.95,2000,28,30.28,56.91
206186,Active,525236,NA,NA,S,9,1,131952.2988,111.6,2012,41,32.66,71.26
206187,Active,132924,NA,NA,D,8,1,1288455.333,84.6,2009,36,4,6.71
206188,Active,153979,NA,NA,S,2,1,601774.9738,7.99,2004,167,4,7.48
206189,Active,637574,NA,NA,S,4,1,2797.955,32,2013,137,10.99,11.49
206190,Active,289420,NA,NA,S,1,0,200739.805,7.59,2004,71,4,5.34
206191,Active,289441,NA,NA,S,3,1,50839.88,30.75,2010,264,4,10.34
206192,Active,153980,NA,NA,S,2,1,447504.5025,6.49,2007,153,4,8
206193,Active,655097,NA,NA,S,4,1,3012.98625,32,2013,144,11.37,11.39
206194,Active,115387,NA,NA,S,2,1,392605.355,51.6,2002,32,4,28.99
206195,Active,525235,NA,NA,S,13,1,668537.0338,33.4,2007,27,17.09,32.77
206196,Active,178146,NA,NA,D,3,1,1760721.561,152.95,2004,34,4,41.21
206197,Active,243954,NA,NA,S,5,1,86237.85125,153.95,2011,36,31.34,59.6
206198,Active,169384,NA,NA,D,4,1,467583.6225,152.95,2007,40,4,8.89
206199,Active,124041,NA,NA,S,2,1,2525231.56,74.95,2000,30,4,11.88
206200,Active,290889,NA,NA,D,4,1,785105.4863,152.95,2007,49,4,10.54
206201,Active,178147,NA,NA,D,3,1,1103405.779,111.95,2004,47,4,11.99
206202,Active,533689,NA,NA,D,8,1,26284.235,199.95,2012,81,23.71,103.94
206203,Active,52269,NA,NA,D,6,1,103344.6113,241.95,2006,58,4.2,65.85
206204,Active,52271,NA,NA,S,5,1,877557.7525,137.95,2003,55,3.99,23.93
206205,Active,52270,NA,NA,D,7,1,130441.6838,219.95,2008,60,19.93,77.03
206206,Active,495380,NA,NA,D,5,1,251642.6788,279.95,2005,58,4.88,31.98
206207,Active,762480,NA,NA,D,1,0,4463516.256,125,1999,18,16.36,54
206208,Active,884641,NA,NA,D,1,0,857927.8563,70,2008,20,18.98,19.99
206209,Active,642039,NA,NA,S,2,1,157877.0438,75,2013,19,42.27,43.97
206210,Active,626452,NA,NA,S,2,1,528617.875,112.95,2003,41,10.76,0
206211,Active,617302,NA,NA,S,4,1,683501.3713,77.98,2005,46,4.98,34
206212,Active,1576423,NA,NA,S,3,1,554533.3275,85,2011,17,16.58,20.98
206213,Active,55533,NA,NA,S,4,1,2653914.291,65,1997,45,4,40.78
206214,Active,55535,NA,NA,D,6,1,34447.05625,99.95,2009,69,17.95,46.75
206215,Active,2842751,NA,NA,D,0,0,1986968.039,59.95,1997,26,48.45,188.21
206216,Active,2842745,NA,NA,D,0,0,1932716.53,99.95,2003,26,42.62,221.31
206217,Active,2842754,NA,NA,D,1,0,2990941.344,69.95,2000,11,52.99,299.01
206218,Active,1723206,NA,NA,S,0,0,100651.725,59.95,2010,20,31.62,31.63
206219,Active,110213,NA,NA,S,7,1,229163.4175,18.81,2010,39,11.5,52.52
206220,Active,587607,NA,NA,D,13,1,145564.515,155.95,2012,83,4,33.98
206221,Active,339946,NA,NA,S,2,1,100673.0938,70,2011,34,44.32,45.2
206222,Active,183469,NA,NA,D,2,1,155007.5438,289.95,2006,76,4.13,25.99
206223,Active,170157,NA,NA,D,2,1,181683.7113,295.95,2011,49,5.32,63.67
206224,Active,525230,NA,NA,S,3,1,347157.4813,52.95,2012,42,9.69,33.65
206225,Active,246413,NA,NA,D,2,1,963389.1488,59.95,2005,44,4,43.61
206226,Active,2594779,NA,NA,S,3,1,1114899.3,49.99,1987,27,15.13,33.99
206227,Active,549646,NA,NA,S,2,1,419234.5838,37,2008,31,5.86,16.18
206228,Active,169553,NA,NA,D,3,1,158093.6288,131.95,2006,67,5.01,49.18
206229,Active,913055,NA,NA,S,2,1,24573.44,46,2006,26,22.42,27.14
206230,Active,630510,NA,NA,D,2,1,179917.085,182.95,2013,41,19.79,73.39
206231,Active,244012,NA,NA,D,1,0,192164.405,119.95,2012,55,5.75,46.87
206232,Active,182486,NA,NA,D,1,0,489388.9963,200.95,2008,69,4,19.98
206233,Active,182487,NA,NA,D,1,0,402077.9963,182.95,2008,44,5.49,21.96
206234,Active,177076,NA,NA,D,3,1,354444.0688,183.95,2003,48,5.86,103.98
206235,Active,101289,NA,NA,D,2,1,2031336.368,78,2000,48,4.12,25.96
206236,Active,176988,NA,NA,S,3,1,1856131.65,136.95,2003,29,4.72,92.69
206237,Active,525226,NA,NA,S,3,1,636792.2525,96.95,2005,42,9.99,71.47
206238,Active,906652,NA,NA,S,3,1,393838.8738,96.95,2005,31,31.97,0
206239,Active,831977,NA,NA,D,1,0,2287799.888,78,2004,52,4,7.99
206240,Active,617079,NA,NA,S,2,1,223438.8163,85,2010,75,13.03,53.97
206241,Active,719633,NA,NA,S,0,0,1242436.044,50,1999,16,28.88,27.25
206242,Active,248424,NA,NA,D,5,1,446088.1988,158.95,2006,34,4,17.95
206243,Active,123845,NA,NA,S,2,1,2226376.564,61.5,1995,61,4,44.4
206244,Active,169604,NA,NA,S,4,1,445332.1188,76.95,2006,102,4,10.73
206245,Active,169928,NA,NA,S,5,1,56905.44375,74.95,2010,92,5.06,21.39
206246,Active,587678,NA,NA,S,3,1,377341.17,78.95,2012,40,6.26,57.89
206247,Active,61002,NA,NA,S,8,1,2074911.866,134.95,2009,38,4,13.99
206248,Active,61001,NA,NA,D,8,1,1151602.975,134.95,2007,54,4,4.77
206249,Active,533875,NA,NA,D,9,1,187716.7063,113.95,2010,61,4,13.99
206250,Active,248289,NA,NA,D,7,1,1793117.385,117.95,2004,73,4,8.74
206251,Active,616950,NA,NA,S,3,1,48870.56875,22,2008,49,12.98,0
206252,Active,3880051,NA,NA,S,0,0,66611.6,85,1900,15,53.85,56.17
206253,Active,918378,NA,NA,D,5,1,979611.2063,77.95,2002,55,4,20.38
206254,Active,635730,NA,NA,S,1,0,3008.48875,59.99,2012,55,25.99,34.99
206255,Active,2107715,NA,NA,S,0,0,197424.8,100,2014,18,53.76,55.15
206256,Active,895293,NA,NA,S,6,1,742694.3888,37.99,2012,24,25.1,36.28
206257,Active,177756,NA,NA,D,3,1,3314322.868,71.95,2000,21,4,50.14
206258,Active,907109,NA,NA,D,5,1,1756363.579,389,2005,31,46.96,83.94
206259,Active,745975,NA,NA,S,0,0,361172.5963,50,2002,76,4,10.91
206260,Active,334001,NA,NA,S,1,0,199845.6413,29.95,2010,31,17.28,119.57
206261,Active,188430,NA,NA,S,1,0,52386.78125,15.95,1999,156,4,18.29
206262,Active,617875,NA,NA,D,8,1,695170.9875,69.95,2006,49,4.24,13.63
206263,Active,867624,NA,NA,S,10,1,88171.76625,84.99,2014,28,34.98,36.57
206264,Active,270800,NA,NA,D,9,1,456534.035,79.99,2011,36,13.98,18.98
206265,Active,203852,NA,NA,D,2,1,1112848.386,136.99,2007,32,10.39,51.95
206266,Active,1871512,NA,NA,S,0,0,89150.65,60,2010,11,35.25,40.18
206267,Active,889342,NA,NA,S,5,1,5634419.704,99,1993,12,13.1,73.91
206268,Active,2592066,NA,NA,S,0,0,144402.6975,44.99,1983,27,28.98,41.45
206269,Active,139959,NA,NA,S,1,0,421129.955,37,2007,58,11.66,153.99
206270,Active,872490,NA,NA,S,4,1,255667.2813,25.95,1994,103,4.83,17.73
206271,Active,2392434,NA,NA,S,2,1,446865.8725,119.4,1990,33,4,12.2
206272,Active,2645989,NA,NA,S,0,0,467699.5088,64.95,1991,49,5.99,23.99
206273,Active,132299,NA,NA,S,4,1,158933.1213,95.8,2007,34,20.91,63.49
206274,Active,1463193,NA,NA,S,0,0,599984.7675,39.95,2015,17,25.89,34.57
206275,Active,902719,NA,NA,D,0,0,2027601.28,48.95,2007,17,8.63,90.22
206276,Active,56304,NA,NA,S,7,1,653639.19,53.89,2008,143,4,47.43
206277,Active,551158,NA,NA,D,9,1,335842.9,264,2011,39,5.05,203.98
206278,Active,705357,NA,NA,S,6,1,1757466.145,117.49,2004,57,4,80.67
206279,Active,538536,NA,NA,D,9,1,13859.085,83.97,2012,150,8.89,43.99
206280,Active,50023,NA,NA,D,8,1,113067.19,33.99,2008,113,4,12.99
206281,Active,108088,NA,NA,S,7,1,2020419.575,20.74,2007,48,4.86,15.3
206282,Active,50022,NA,NA,D,7,1,1173525.901,18.63,2006,90,4,16.28
206283,Active,527288,NA,NA,D,8,1,621908.335,149.38,2008,58,4.95,38.94
206284,Active,1649448,NA,NA,S,2,1,107801.78,70,2014,27,53.72,51.7
206285,Active,642320,NA,NA,D,0,0,754682.2275,70,2011,30,30.14,96.6
206286,Active,2043144,NA,NA,D,2,1,712211.3475,79.95,2011,15,63.96,79.94
206287,Active,555285,NA,NA,S,0,0,490441.7525,49.95,1995,42,6.02,11.94
206288,Active,619944,NA,NA,S,0,0,87024.59625,37.9,1969,44,5.45,109.25
206289,Active,862527,NA,NA,S,6,1,176809.7613,60.75,1986,43,12.5,107.42
206290,Active,621376,NA,NA,S,0,0,113418.45,36.99,2008,30,17.75,32.99
206291,Active,2404141,NA,NA,S,1,0,928461.8713,50,1989,174,4,9.3
206292,Active,525215,NA,NA,S,2,1,811262.2763,50.99,2008,29,8.82,34.99
206293,Active,525214,NA,NA,S,3,1,1019875.434,47.99,2008,31,4,18.92
206294,Active,867634,NA,NA,S,2,1,44208.165,66.99,2013,25,24.88,32.27
206295,Active,861063,NA,NA,S,2,1,516731.0425,56.99,2012,36,13.94,0
206296,Active,204056,NA,NA,D,0,0,664716.3688,52.95,2007,62,4,7.95
206297,Active,646960,NA,NA,S,0,0,23269.9175,74.99,2013,52,12.29,13.94
206298,Active,1936233,NA,NA,S,2,1,42088.78,61.99,2015,26,30.85,39.22
206299,Active,2142551,NA,NA,D,14,1,2894554.451,46.95,2007,20,4.81,45.35
206300,Active,2168895,NA,NA,D,17,1,786965.5663,51.95,2013,17,5.04,0
206301,Active,1576272,NA,NA,S,2,1,764519.265,52.95,2010,30,4,33.98
206302,Active,646633,NA,NA,D,1,0,615286.2038,184.95,2005,29,26.95,80.57
206303,Active,897248,NA,NA,S,3,1,1124960.984,137.05,1981,28,15.85,120.35
206304,Active,895235,NA,NA,S,4,1,374822.975,127.8,2003,23,33.97,0
206305,Active,912654,NA,NA,S,1,0,1336861.456,265.6,1972,32,4.34,73.49
206306,Active,897989,NA,NA,S,2,1,3889505.499,115,1999,16,14.48,23.99
206307,Active,2320278,NA,NA,D,0,0,4917254.168,66.95,1985,14,16.98,76.45
206308,Active,3049931,NA,NA,S,2,1,475622.695,209.95,1998,32,37.15,35.48
206309,Active,2104007,NA,NA,S,0,0,502883.7625,39.95,2013,20,33.94,39.95
206310,Active,1726014,NA,NA,S,0,0,36669.85,70,2011,18,54.82,49.33
206311,Active,525207,NA,NA,S,4,1,1307797.68,76.95,2011,34,5.97,31.93
206312,Active,177707,NA,NA,S,3,1,2254452.496,76.95,2002,25,4,13.98
206313,Active,105727,NA,NA,D,1,0,2086688.908,89.95,2001,29,6.68,71.14
206314,Active,3472007,NA,NA,D,4,1,3795111.75,110,2000,33,4.98,57.35
206315,Active,701410,NA,NA,S,2,1,837084.1913,130,2008,31,24.25,32.78
206316,Active,103795,NA,NA,D,5,1,871302.9875,142,1999,22,4,63.97
206317,Active,2330606,NA,NA,D,4,1,1431170.189,110,1990,33,2.99,51.33
206318,Active,287841,NA,NA,D,0,0,691657.9925,62,2005,45,28.51,36.99
206319,Active,656187,NA,NA,S,1,0,142302.605,77.95,2013,24,33.95,43.77
206320,Active,164819,NA,NA,D,1,0,959633.0413,23.48,2000,27,32.12,123.99
206321,Active,166739,NA,NA,D,0,0,443433.3413,84.96,2004,33,35.49,169.09
206322,Active,607833,NA,NA,S,6,1,2156029.315,118,1998,35,5.46,33.94
206323,Active,3467408,NA,NA,D,5,1,2128572.15,96.6,1992,52,4,38.91
206324,Active,116433,NA,NA,D,7,1,302666.36,154,2004,19,14.75,52.99
206325,Active,606712,NA,NA,S,3,1,1970564.929,125,1997,23,17.04,66.43
206326,Active,2330607,NA,NA,S,2,1,3078725.698,68,1990,30,4,46.03
206327,Active,447896,NA,NA,D,2,1,260360.6525,185,2005,24,16.56,129.13
206328,Active,2572481,NA,NA,D,1,0,2718034.038,225,1994,23,21.67,69.39
206329,Active,116807,NA,NA,D,2,1,655592.2625,195,2006,37,28.12,68.99
206330,Active,3484572,NA,NA,D,1,0,1272892.15,127,1999,35,4.58,46.81
206331,Active,3789961,NA,NA,S,2,1,529123,99.95,1996,20,15.81,59.85
206332,Active,542225,NA,NA,S,4,1,529703.935,121.95,2005,43,8.68,53.98
206333,Active,2697849,NA,NA,S,2,1,622367.1313,65.95,2000,24,28.92,132.81
206334,Active,764655,NA,NA,D,6,1,4274755.986,50.95,1997,25,4,33.97
206335,Active,578330,NA,NA,S,3,1,285395.3538,148.2,1998,40,4.98,74.4
206336,Active,2640796,NA,NA,D,5,1,1964542.591,58.95,2003,53,3.95,11.49
206337,Active,572355,NA,NA,D,6,1,380971.6188,133.95,2007,49,4,10.99
206338,Active,3058659,NA,NA,D,3,1,614200.4488,122.06,2004,42,4.09,17.89
206339,Active,3058655,NA,NA,D,2,1,1456170.448,70,2000,21,4,39.96
206340,Active,53829,NA,NA,D,8,1,264444.3138,23.98,2008,188,4,9.9
206341,Active,53830,NA,NA,D,9,1,25378.5925,65.99,2010,134,4.39,43.99
206342,Active,864794,NA,NA,S,10,1,5639.475,75,2014,143,31.53,42.93
206343,Active,1553485,NA,NA,S,4,1,236891.6163,43.95,2012,29,8.98,34.82
206344,Active,1502925,NA,NA,D,2,1,43708.02375,139,2013,39,43.98,98.99
206345,Active,879717,NA,NA,S,2,1,302739.9188,69.5,2012,18,8.01,38.98
206346,Active,54461,NA,NA,D,1,0,131887.6813,248.72,2009,46,7.03,14.69
206347,Active,540429,NA,NA,D,2,1,20408.32375,106.25,2012,64,17.97,45.98
206348,Active,560073,NA,NA,D,2,1,10406.62125,106.25,2012,81,21.58,53.99
206349,Active,540423,NA,NA,D,2,1,35807.32875,91,2012,69,9.43,28.49
206350,Active,141936,NA,NA,D,1,0,347795.8175,47.96,2010,85,4,36.91
206351,Active,141860,NA,NA,D,1,0,520719.275,33.46,2008,116,4,13.98
206352,Active,1558787,NA,NA,S,0,0,78658.625,67.95,2013,15,49.98,58.2
206353,Active,61063,NA,NA,S,5,1,3112958.265,94.95,2001,30,4,11.49
206354,Active,2592047,NA,NA,S,0,0,41962.215,69.99,1983,83,11.93,35.99
206355,Active,625230,NA,NA,S,1,0,38172.625,63,2011,22,38.99,46.99
206356,Active,655532,NA,NA,S,1,0,41237.65,63,2011,17,18.99,47.99
206357,Active,717617,NA,NA,D,4,1,9416994.879,107.95,2001,13,3.7,8.79
206358,Active,248291,NA,NA,D,5,1,2285672.613,163.95,2004,32,4,14.38
206359,Active,248433,NA,NA,S,6,1,129347.7163,163.95,2007,57,15.49,39.48
206360,Active,1682819,NA,NA,S,0,0,252000.5325,129.99,2011,9,21.69,24.02
206361,Active,260793,NA,NA,S,2,1,2496310.154,49.95,2000,93,4,6.96
206362,Active,2301879,NA,NA,S,0,0,63752.375,56.84,2003,37,9.73,52.73
206363,Active,538467,NA,NA,D,10,1,16448.5425,288,2012,78,18.98,57.34
206364,Active,439838,NA,NA,S,7,1,1134962.198,5.74,2009,58,4.61,6.14
206365,Active,650578,NA,NA,D,9,1,241301.91,48.99,2013,78,5.98,13.99
206366,Active,50515,NA,NA,D,7,1,835053.7325,99.95,2008,81,4,38.87
206367,Active,880037,NA,NA,S,6,1,2077165.193,93.5,2005,74,3.99,6.24
206368,Active,541251,NA,NA,S,9,1,70279.06375,28.98,2012,90,5.05,12.98
206369,Active,52356,NA,NA,D,9,1,84135.85125,128.99,2010,90,5.23,50.67
206370,Active,50519,NA,NA,D,8,1,193248.625,80,2010,142,4,9.99
206371,Active,617123,NA,NA,D,9,1,6640.16625,23.44,2012,147,5.51,15.98
206372,Active,747016,NA,NA,D,8,1,1746473.671,0,2011,11,4,23.99
206373,Active,154056,NA,NA,D,8,1,259725.8463,18.75,2010,87,4.27,9.45
206374,Active,153343,NA,NA,D,8,1,851069.155,43.71,2010,102,4,43.96
206375,Active,610473,NA,NA,D,9,1,247239.345,166.75,2013,44,22.55,42.03
206376,Active,52355,NA,NA,D,8,1,236256.0925,20.98,2008,139,3.98,12.38
206377,Active,2620989,NA,NA,D,1,0,1002777.691,148.95,2003,25,4.78,62.35
206378,Active,898833,NA,NA,S,4,1,287764.1438,41,2014,40,24.77,34.5
206379,Active,110149,NA,NA,D,1,0,341908.5325,15.94,2007,47,4,15.49
206380,Active,751477,NA,NA,S,12,1,2550630.928,223.95,2011,23,35,156.46
206381,Active,614295,NA,NA,S,0,0,162245.0763,25.99,2012,78,12.67,0
206382,Active,2163940,NA,NA,S,5,1,599121.3388,130.97,2013,21,4.98,79.45
206383,Active,623726,NA,NA,S,0,0,103832.0363,49.95,1989,32,13.98,28.45
206384,Active,123830,NA,NA,S,3,1,717918.4225,226.95,1998,35,19.92,75.44
206385,Active,582862,NA,NA,S,2,1,639481.1713,43.95,2002,33,4,12.98
206386,Active,621958,NA,NA,D,3,1,165924.6725,50.95,2010,35,4.87,33.95
206387,Active,871295,NA,NA,D,3,1,1413264.643,46.95,2009,10,5.98,18.95
206388,Active,582863,NA,NA,S,2,1,743843.555,43.95,2003,44,4,8.99
206389,Active,609403,NA,NA,S,2,1,799517.2913,43.95,2003,49,4,7.5
206390,Active,616045,NA,NA,S,3,1,350325.6125,159.6,2007,53,18.98,33.65
206391,Active,594084,NA,NA,S,1,0,61058.475,85.95,2010,48,13.97,21.97
206392,Active,2010762,NA,NA,S,2,1,96943.5,45,2014,12,29.25,29.24
206393,Active,162944,NA,NA,S,1,0,11536.225,39.99,2009,46,16.88,20.73
206394,Active,290224,NA,NA,S,2,1,658664.2588,60.95,2009,59,17.07,46.61
206395,Active,2134257,NA,NA,S,2,1,1332073.394,44.99,2012,17,12.63,40.49
206396,Active,543874,NA,NA,S,2,1,11137.9625,50,2011,61,29.88,30.94
206397,Active,623816,NA,NA,S,1,0,287566.4238,89.95,2012,62,6.63,18.98
206398,Active,635005,NA,NA,D,2,1,2084048.831,59.95,2009,28,4,29.89
206399,Active,644785,NA,NA,S,2,1,417175.5775,59.95,2011,32,26.64,34.53
206400,Active,181849,NA,NA,S,2,1,262023.095,49.99,2004,105,4,17.74
206401,Active,178715,NA,NA,D,4,1,303384.5025,136.95,2011,50,5.58,31.81
206402,Active,652345,NA,NA,S,2,1,100892.3263,44.99,2013,61,18.97,18.98
206403,Active,251195,NA,NA,D,3,1,1035314.33,150.95,2008,45,4,21.78
206404,Active,184061,NA,NA,D,2,1,2651131.534,165.95,2005,35,4,10.44
206405,Active,1781256,NA,NA,S,1,0,69416.40875,75,2014,17,46.07,45.84
206406,Active,1780830,NA,NA,S,1,0,3612.1375,58,2014,27,28.94,31.91
206407,Active,57298,NA,NA,S,3,1,2958581.19,73.2,2006,32,4,8.99
206408,Active,866852,NA,NA,D,7,1,10362.61875,130.8,2014,55,42.93,93.98
206409,Active,57296,NA,NA,D,5,1,624471.3813,112.6,2010,110,4,18.99
206410,Active,533311,NA,NA,D,6,1,103950.0125,124.2,2012,90,6.61,37.49
206411,Active,625653,NA,NA,S,1,0,114093.15,196.95,2012,34,15.96,58.98
206412,Active,557289,NA,NA,S,2,1,358747.7775,63.6,2005,54,4,14.35
206413,Active,235131,NA,NA,S,3,1,953775.9213,73.1,2007,31,4.65,40.94
206414,Active,762320,NA,NA,S,2,1,830115.2275,50.99,2007,36,4.44,34.69
206415,Active,167312,NA,NA,S,2,1,111804.2625,17.45,2006,113,4.06,13.98
206416,Active,909156,NA,NA,S,2,1,466393.665,33.4,2000,34,4.99,42.48
206417,Active,201301,NA,NA,S,4,1,41965.5,50,2004,16,24.58,26.58
206418,Active,631500,NA,NA,D,1,0,545876.9613,65.95,2011,40,4.94,46.7
206419,Active,664211,NA,NA,S,2,1,147987.0713,70.95,2013,37,38.73,49.03
206420,Active,167194,NA,NA,S,3,1,1188884.121,115.95,2007,29,39.52,84.22
206421,Active,635129,NA,NA,D,3,1,1542555.823,415,2009,18,50.23,253.99
206422,Active,2900973,NA,NA,D,5,1,201564.9688,33,1996,36,21.97,38.99
206423,Active,170050,NA,NA,D,5,1,182332.6625,193.95,2010,48,9.63,51.27
206424,Active,202208,NA,NA,S,2,1,1379404.95,59.95,2000,30,4,61.96
206425,Active,254092,NA,NA,D,4,1,1874182.06,185.95,2009,27,4,20.59
206426,Active,609485,NA,NA,S,3,1,370699.1063,106.95,2004,33,4,11.14
206427,Active,609596,NA,NA,D,4,1,154983.935,125.95,2007,35,4,21.97
206428,Active,3530593,NA,NA,D,7,1,2584434.35,34.95,2004,32,4,24.4
206429,Active,55048,NA,NA,D,8,1,745090.2413,64.95,2006,31,4,15.94
206430,Active,55049,NA,NA,D,9,1,601849.5825,96.95,2009,22,8.08,64.47
206431,Active,673972,NA,NA,S,4,1,119739.565,29.95,2010,189,4,10.4
206432,Active,663826,NA,NA,S,0,0,145919.7188,112,2013,47,24.69,122.49
206433,Active,1871391,NA,NA,S,9,1,1091319.414,58,2011,25,4,28.99
206434,Active,614519,NA,NA,S,1,0,532455.3313,62.2,2009,113,4,0
206435,Active,628692,NA,NA,S,2,1,326688.6425,49.99,2010,31,10.46,34.15
206436,Active,915411,NA,NA,S,3,1,950956.225,39.05,2010,25,4.4,18.99
206437,Active,3464285,NA,NA,D,2,1,4317195.7,0,1981,35,4.42,55.65
206438,Active,551275,NA,NA,D,3,1,2124449.5,8.99,2004,22,5.99,8.99
206439,Active,370863,NA,NA,D,0,0,392738.1638,34.95,2001,51,4.39,11.28
206440,Active,620788,NA,NA,D,4,1,114541.3938,93.25,2009,44,21.09,82.7
206441,Active,553810,NA,NA,D,4,1,144882.7938,128,2009,31,25.55,66.94
206442,Active,2373532,NA,NA,D,3,1,933907.8388,178,2003,31,4.94,43.77
206443,Active,553808,NA,NA,D,4,1,249988.3463,125.33,2009,37,38.25,73.99
206444,Active,2373534,NA,NA,D,0,0,1573327.661,130.75,2003,20,5.99,47.05
206445,Active,582570,NA,NA,S,4,1,444161.4738,259.95,1997,38,6.97,35.05
206446,Active,57570,NA,NA,S,3,1,980037.8863,199.95,1992,29,5.55,9.48
206447,Active,57573,NA,NA,D,6,1,199515.5163,162.95,2007,39,34.33,73.98
206448,Active,57572,NA,NA,D,5,1,386940.7188,199.95,2002,39,23.89,52.83
206449,Active,3046263,NA,NA,D,0,0,3271439.553,18,1998,26,5.04,33.88
206450,Active,3089427,NA,NA,S,2,1,993193.8513,60,2005,22,38.94,60
206451,Active,622688,NA,NA,D,4,1,382715.4438,105,2009,32,55.38,98.01
206452,Active,868464,NA,NA,D,3,1,298383.3588,86,2003,42,7.87,69.99
206453,Active,525193,NA,NA,S,7,1,87432.6675,94.95,2011,38,33.94,77.98
206454,Active,270753,NA,NA,S,4,1,193995.5838,88,2009,30,50.94,72.43
206455,Active,912700,NA,NA,D,2,1,1235791.49,46,1997,31,4,46.57
206456,Active,555979,NA,NA,S,0,0,461080.3913,50,1999,50,5.58,37.2
206457,Active,2367185,NA,NA,D,0,0,5929372.519,57.5,2002,14,20.69,54.33
206458,Active,643980,NA,NA,D,3,1,292454.8388,215.95,2009,22,12.99,33.99
206459,Active,61064,NA,NA,D,2,1,994740.54,50.95,2000,87,4,27.61
206460,Active,57779,NA,NA,D,3,1,20562.22625,62.95,2010,63,23.54,28.99
206461,Active,228546,NA,NA,S,0,0,675668.8663,35,2003,37,20.16,29.78
206462,Active,61003,NA,NA,D,3,1,932553.0675,174.95,2008,69,4,4.42
206463,Active,621919,NA,NA,S,2,1,161544.515,42.5,2012,41,6.99,26.98
206464,Active,2095801,NA,NA,S,2,1,43084.06875,44.99,2014,26,23.72,28.19
206465,Active,260001,NA,NA,D,6,1,255779.8075,155.5,2006,72,4,14.42
206466,Active,656490,NA,NA,D,1,0,2408090.099,70.9,2010,13,10.29,152.27
206467,Active,921140,NA,NA,S,4,1,145262.3213,152.95,2006,75,7.8,112.83
206468,Active,54784,NA,NA,D,7,1,532551.68,28.99,2008,76,4.44,18.23
206469,Active,111892,NA,NA,S,8,1,23342.68,161.25,2010,93,35.56,77.49
206470,Active,54783,NA,NA,D,6,1,1053555.104,72,2005,29,4,8.99
206471,Active,60022,NA,NA,D,7,1,1102280.636,76.7,2006,43,3.88,4.66
206472,Active,54540,NA,NA,D,8,1,240943.08,78.75,2008,74,4,12.96
206473,Active,614789,NA,NA,S,0,0,372068.7513,39.95,2004,144,4,18.51
206474,Active,624358,NA,NA,S,3,1,61554.0775,39.95,2009,84,12.59,24.97
206475,Active,789390,NA,NA,S,9,1,2151927.23,289,2004,21,39.73,63.98
206476,Active,904304,NA,NA,D,7,1,3513886.325,219,1996,17,6.07,53.99
206477,Active,120694,NA,NA,D,2,1,470671.58,87.6,2008,63,4,44.51
206478,Active,1519847,NA,NA,S,25,1,2236825.044,142.95,2007,22,11.98,142.41
206479,Active,704296,NA,NA,S,2,1,2075490.051,26.35,2003,25,4.43,17.02
206480,Active,108871,NA,NA,D,2,1,3860204.118,88.4,2004,31,4,6.98
206481,Active,110263,NA,NA,D,4,1,415446.1325,38.99,2010,62,4.1,38.99
206482,Active,111313,NA,NA,D,4,1,59904.30125,98.03,2010,74,7.74,28.71
206483,Active,2406386,NA,NA,S,1,0,1565045.016,74,1992,48,4,8.95
206484,Active,635451,NA,NA,S,2,1,457803.2775,40,1994,29,30.13,35.28
206485,Active,539992,NA,NA,S,3,1,207497.1763,90.2,2012,49,25.39,39.99
206486,Active,525183,NA,NA,S,3,1,77400.08875,90.2,2012,41,27.62,73.36
206487,Active,650404,NA,NA,S,4,1,339748.5525,77.8,2013,23,43,62.83
206488,Active,607037,NA,NA,S,7,1,167458.2838,132.74,2006,31,18.98,69.61
206489,Active,542064,NA,NA,D,8,1,188992.1038,156.95,2011,60,5.45,31.24
206490,Active,52667,NA,NA,S,5,1,401530.4838,233.95,2003,60,4.35,115.01
206491,Active,292229,NA,NA,S,5,1,2593669.043,194.95,2007,29,4,35.87
206492,Active,244235,NA,NA,D,10,1,53334.39125,190.95,2012,49,9.79,60.73
206493,Active,155132,NA,NA,S,3,1,4201581,42.36,1997,26,4,49.59
206494,Active,533655,NA,NA,D,7,1,400254.4288,239.95,2010,47,5.63,25.98
206495,Active,52048,NA,NA,S,2,1,540847.745,81.95,2001,38,4,57.98
206496,Active,452929,NA,NA,D,7,1,698360.1588,209.95,2010,33,4,30.49
206497,Active,450445,NA,NA,D,4,1,665439.9988,229.95,2007,64,4,23.69
206498,Active,244236,NA,NA,D,10,1,94694.595,137.95,2012,46,8.74,38.24
206499,Active,544398,NA,NA,D,8,1,68562.48,170.95,2013,61,12.14,53.99
206500,Active,52672,NA,NA,D,4,1,1024494.37,169.95,2007,42,4,47.16
206501,Active,608768,NA,NA,S,5,1,1078942.598,90.95,2004,29,4,21.92
206502,Active,533890,NA,NA,D,7,1,847783.5875,152.95,2010,72,4,16.99
206503,Active,52673,NA,NA,D,7,1,291494.1,176.95,2010,56,8.63,73.71
206504,Active,52674,NA,NA,S,3,1,2374332.449,116.95,2004,40,4,18.73
206505,Active,61067,NA,NA,D,6,1,1188651.779,110.95,2007,51,4,49.05
206506,Active,527297,NA,NA,S,10,1,67903.48625,137.95,2012,53,17.9,65.22
206507,Active,58246,NA,NA,D,6,1,413256.8913,280.95,2010,24,14.14,58.93
206508,Active,544359,NA,NA,S,7,1,275733.675,272.95,2013,38,11.24,126.15
206509,Active,58245,NA,NA,D,5,1,1652185.374,269.95,2007,34,4.99,10.98
206510,Active,872467,NA,NA,S,5,1,2818696.665,64.75,1999,35,4,8.42
206511,Active,52668,NA,NA,D,6,1,123271.3938,306.95,2005,96,7.98,89.58
206512,Active,569809,NA,NA,S,2,1,694049.5488,55.95,2004,25,4.77,23.99
206513,Active,533579,NA,NA,D,10,1,88848.475,250.95,2012,48,14.38,73.25
206514,Active,53497,NA,NA,D,9,1,430081.29,275.95,2008,62,4.47,51.71
206515,Active,53498,NA,NA,D,8,1,888475.8363,291.95,2006,58,4.31,15.44
206516,Active,346372,NA,NA,D,7,1,402493.1938,277.95,2008,43,7.87,73.19
206517,Active,569843,NA,NA,D,6,1,1216343.56,178.95,2005,34,4.13,50.39
206518,Active,892507,NA,NA,D,8,1,515941.1013,153.98,2012,33,53.98,106.24
206519,Active,525180,NA,NA,D,10,1,750584.8925,194.95,2012,34,4,43.89
206520,Active,608693,NA,NA,D,9,1,733665.1175,214.95,2008,46,4,38.69
206521,Active,572191,NA,NA,D,8,1,1940645.281,170.95,2006,48,4,9.74
206522,Active,111340,NA,NA,S,8,1,90697.63125,136.5,2010,48,26.64,77.49
206523,Active,550007,NA,NA,D,6,1,1160567.493,71.13,2003,44,4,45.47
206524,Active,109820,NA,NA,D,7,1,305830.9238,356.12,2006,46,4.22,72.39
206525,Active,765578,NA,NA,S,5,1,957473.7475,101.95,2002,54,4,11.57
206526,Active,58247,NA,NA,D,5,1,1040345.965,201.95,2007,45,4,22.66
206527,Active,52669,NA,NA,D,7,1,118117.1838,215.95,2008,81,4,53.13
206528,Active,170106,NA,NA,D,6,1,665419.925,84.95,2010,44,4.4,70.51
206529,Active,52670,NA,NA,D,6,1,283180.0238,177.95,2005,90,4,11.49
206530,Active,110545,NA,NA,D,15,1,1987156.536,42.78,2008,25,4,42.38
206531,Active,58248,NA,NA,D,6,1,357266.975,209.95,2010,43,6.03,18.98
206532,Active,533578,NA,NA,D,10,1,60311.78375,189.95,2012,76,9.88,73.11
206533,Active,53500,NA,NA,D,9,1,291446.3775,200.95,2008,73,5.73,27.94
206534,Active,53501,NA,NA,D,8,1,405082.1013,128.95,2006,80,4,10.21
206535,Active,170107,NA,NA,D,6,1,390484.7988,84.95,2010,35,4,28.99
206536,Active,704266,NA,NA,D,6,1,600311.0975,25.99,2003,27,4,16.94
206537,Active,569807,NA,NA,S,2,1,1190844.29,216.95,2004,39,4,46.74
206538,Active,58249,NA,NA,D,5,1,979372.9125,209.95,2007,38,4.12,37.15
206539,Active,109819,NA,NA,D,7,1,172882.1525,96.25,2006,33,4.76,51.45
206540,Active,110538,NA,NA,S,14,1,1270302.4,58.49,2006,35,4,40.68
206541,Active,533901,NA,NA,D,7,1,162215.4213,215.95,2008,89,4,52.99
206542,Active,291633,NA,NA,S,2,1,1012762.12,45.95,2004,31,4,43.99
206543,Active,58250,NA,NA,D,6,1,440252.5938,209.95,2010,50,4.41,62.47
206544,Active,572190,NA,NA,D,8,1,829987.8325,229.95,2006,73,4,46.18
206545,Active,543826,NA,NA,D,10,1,62519.12,189.95,2012,61,10.72,83.99
206546,Active,608694,NA,NA,D,9,1,446111.09,200.95,2008,70,4,45.66
206547,Active,61070,NA,NA,D,6,1,561301.09,236.95,2006,72,4.08,37.23
206548,Active,52047,NA,NA,D,7,1,317369.3363,176.95,2010,60,9.03,80.81
206549,Active,52046,NA,NA,D,4,1,771781.76,169.95,2007,42,4.25,23.51
206550,Active,544399,NA,NA,D,8,1,46768.735,170.95,2013,56,11.19,53.99
206551,Active,52049,NA,NA,S,3,1,1573260.551,92.95,2004,31,4,19.97
206552,Active,525179,NA,NA,D,8,1,291770.3975,186.95,2011,81,4.38,51.47
206553,Active,61069,NA,NA,D,6,1,1833837.829,217.95,2005,60,3.75,26.88
206554,Active,533892,NA,NA,D,7,1,866056.1613,197.95,2008,55,4,27.94
206555,Active,567635,NA,NA,D,7,1,1115424.066,197.95,2008,49,4,44.13
206556,Active,543761,NA,NA,D,8,1,186380.825,186.95,2011,114,4.94,37.46
206557,Active,543762,NA,NA,D,8,1,709207.7763,186.95,2011,56,4.64,28.99
206558,Active,154374,NA,NA,S,14,1,550805.1738,78,2002,53,4,28.99
206559,Active,563708,NA,NA,D,3,1,84191.40875,100,2011,106,5.37,64.96
206560,Active,563688,NA,NA,D,2,1,604692.0138,57.5,2008,64,4,38.99
206561,Active,563709,NA,NA,S,3,1,13777.37375,80.75,2011,84,7.41,61.04
206562,Active,613337,NA,NA,S,15,1,1735717.836,90.99,2005,42,4,45.51
206563,Active,563710,NA,NA,S,3,1,19823.34875,80.75,2011,180,5.72,20.69
206564,Active,563686,NA,NA,D,2,1,229346.0638,22.99,2008,91,4.77,22.95
206565,Active,621935,NA,NA,D,17,1,770524.2688,35.98,2011,63,4.34,22.99
206566,Active,650581,NA,NA,S,18,1,293005.8963,212,2013,57,31.88,69.06
206567,Active,563387,NA,NA,D,17,1,655486.765,28.99,2011,47,4.97,28.99
206568,Active,748021,NA,NA,S,13,1,1989908.659,69.6,1998,45,4,50.51
206569,Active,55613,NA,NA,D,16,1,511557.955,13.99,2008,67,4.13,33.36
206570,Active,563705,NA,NA,D,17,1,87045.575,281,2011,141,3.84,27.09
206571,Active,54269,NA,NA,D,16,1,739227.905,14.89,2008,60,4,14.89
206572,Active,55612,NA,NA,S,15,1,1183820.28,87.5,2005,44,4,15.93
206573,Active,621004,NA,NA,S,18,1,26648.88,126.5,2013,58,30.41,80.28
206574,Active,53659,NA,NA,D,17,1,83081.7375,42.94,2011,105,6.2,15.97
206575,Active,53658,NA,NA,D,15,1,924805.3313,78.75,2005,54,4.83,21.89
206576,Active,53661,NA,NA,D,16,1,344490.0663,13.99,2008,91,4,23.99
206577,Active,664419,NA,NA,S,18,1,89781.46625,107,2013,49,42.6,101.75
206578,Active,563706,NA,NA,D,17,1,294821.2825,24.98,2011,39,5.49,15
206579,Active,334078,NA,NA,D,16,1,1477021.914,18.99,2008,34,4.33,16.49
206580,Active,630914,NA,NA,D,16,1,2203342.254,49.71,2008,25,4,67.15
206581,Active,620243,NA,NA,D,17,1,878200.98,43.39,2011,30,5.7,21.33
206582,Active,663930,NA,NA,S,18,1,38450.39625,107,2013,44,32.52,58.52
206583,Active,617834,NA,NA,D,15,1,3597657.319,76.7,2007,23,4,15.64
206584,Active,563707,NA,NA,D,17,1,793273.6325,81.35,2011,45,4,17.99
206585,Active,334079,NA,NA,D,16,1,1718663.225,8.99,2008,29,4,28.97
206586,Active,2333716,NA,NA,D,7,1,1720125.533,16.81,1998,41,5.48,17.62
206587,Active,704259,NA,NA,S,8,1,263185.1788,78.47,2002,38,29.19,63.94
206588,Active,111092,NA,NA,S,10,1,50026.71,147.8,2009,55,18.97,110.8
206589,Active,109750,NA,NA,D,9,1,848902.3913,0,2006,41,8.66,57.55
206590,Active,103977,NA,NA,S,7,1,2805650.786,15.97,1998,35,4.14,40.86
206591,Active,704260,NA,NA,D,8,1,951424.49,53.66,2002,43,4.13,34.62
206592,Active,665582,NA,NA,S,9,1,313282.3988,46.95,2010,24,33.98,45.57
206593,Active,636631,NA,NA,S,2,1,963330.2038,66.67,1997,36,4.76,39.58
206594,Active,562851,NA,NA,S,8,1,249996.4863,34.95,2007,131,4,11.49
206595,Active,118378,NA,NA,D,9,1,566234.7888,111.6,2006,64,4,23.98
206596,Active,53344,NA,NA,S,6,1,199319.4613,147.2,2009,42,13.99,33.94
206597,Active,286059,NA,NA,S,4,1,3383889.298,73.6,2004,44,4,7.99
206598,Active,118096,NA,NA,S,9,1,1395527.761,102.6,2006,12,10.5,59.9
206599,Active,132966,NA,NA,D,10,1,721076.4725,129.2,2009,36,4.63,63.19
206600,Active,111522,NA,NA,S,7,1,1396616.779,42.99,2010,19,12.84,42.99
206601,Active,416298,NA,NA,S,5,1,464074.0375,116.75,2003,48,4,15.88
206602,Active,859084,NA,NA,S,2,1,380423.8875,243.95,2003,35,5.26,68.97
206603,Active,58242,NA,NA,S,2,1,16851.565,72.95,2007,94,21.84,34.73
206604,Active,58241,NA,NA,D,1,0,686769.3463,52.95,1996,73,4,30.12
206605,Active,142208,NA,NA,S,1,0,32677.475,102.25,2009,40,13.98,50.99
206606,Active,142209,NA,NA,S,1,0,557463.6075,102.25,2009,71,4.54,61.96
206607,Active,2653356,NA,NA,D,4,1,1247073.286,35.96,1990,27,4,49.03
206608,Active,617213,NA,NA,S,5,1,362282.1475,198.95,1994,60,4.98,42.43
206609,Active,61117,NA,NA,D,4,1,205809.2675,43.99,1999,53,4,33.97
206610,Active,108039,NA,NA,S,5,1,43586.58625,155.75,2005,64,58.7,77.93
206611,Active,641666,NA,NA,S,10,1,376888.5175,45,2006,15,8.64,63.94
206612,Active,1826894,NA,NA,S,31,1,1223972.803,199.95,2013,10,18.98,33.99
206613,Active,525174,NA,NA,S,2,1,30757.77625,59.95,2012,67,36.96,48.04
206614,Active,287747,NA,NA,D,1,0,573418.635,51.95,2007,80,4.44,12.35
206615,Active,175124,NA,NA,S,2,1,163485.2263,89.99,2010,52,57.86,90.33
206616,Active,608384,NA,NA,D,4,1,70576.115,125,2007,55,9.89,73.05
206617,Active,628239,NA,NA,S,2,1,2315985.605,68.95,1993,54,4,20.56
206618,Active,2760364,NA,NA,D,0,0,198003.2263,22,2002,54,7.35,12.63
206619,Active,165122,NA,NA,S,1,0,1201170.956,70,2000,82,4,10.62
206620,Active,553046,NA,NA,S,2,1,166283.4788,37.32,2011,33,16.64,19.99
206621,Active,688462,NA,NA,S,2,1,23902.625,31.88,2013,25,23.23,23.23
206622,Active,2620418,NA,NA,S,2,1,322212.6075,154.95,2000,52,10.82,73.97
206623,Active,3066998,NA,NA,S,0,0,25609.9375,14.99,2005,31,8.85,10.81
206624,Active,1889956,NA,NA,S,1,0,98503.9925,41.95,2012,24,32.5,38.76
206625,Active,563520,NA,NA,D,0,0,26728.85125,15.95,2008,65,6.69,11
206626,Active,153031,NA,NA,D,1,0,171783.0713,45,2002,167,4,22.64
206627,Active,3517651,NA,NA,D,0,0,1948302.65,155,2010,34,28.99,120
206628,Active,3583099,NA,NA,D,0,0,918927.05,44,2014,45,29.04,35.29
206629,Active,867231,NA,NA,S,3,1,40736.3375,36.25,2014,25,28.21,31.21
206630,Active,106028,NA,NA,S,1,0,456273.3963,19.95,2003,70,6.43,7.74
206631,Active,2331740,NA,NA,S,6,1,873946.9938,45,1992,92,4,15.74
206632,Active,121349,NA,NA,S,2,1,278266.4925,10.2,2008,45,4,8.32
206633,Active,129472,NA,NA,S,2,1,86512.3075,21.95,2011,38,12.04,14.2
206634,Active,674270,NA,NA,S,1,0,75387.95625,29.95,2003,281,4,7.4
206635,Active,628779,NA,NA,S,1,0,146463.9775,52.2,2008,43,4.52,16.74
206636,Active,214328,NA,NA,S,0,0,698828.4575,25.95,2006,31,5.84,5.99
206637,Active,132640,NA,NA,S,3,1,30355.1,79.2,2009,42,33.92,53.99
206638,Active,144423,NA,NA,D,2,1,741414.5625,56.8,2003,68,4,33.26
206639,Active,146208,NA,NA,S,1,0,79016.475,44.2,2009,53,22.65,30.81
206640,Active,247775,NA,NA,S,2,1,667297.7088,43.95,2006,76,4,13.93
206641,Active,621492,NA,NA,S,2,1,118129.7688,47.25,1999,43,17.96,38.99
206642,Active,595606,NA,NA,D,2,1,32969.04,77.18,2011,202,5.22,34.86
206643,Active,880660,NA,NA,S,2,1,408583.7238,48.99,2012,78,5.98,38.99
206644,Active,497869,NA,NA,D,1,0,256148.11,28.06,2009,148,4.69,12.43
206645,Active,252736,NA,NA,D,1,0,310418.04,43.98,2010,139,4.63,25.75
206646,Active,595607,NA,NA,D,2,1,24541.1025,78.51,2012,166,5.24,49.77
206647,Active,630052,NA,NA,S,2,1,577026.175,42.95,2010,39,28.77,30.68
206648,Active,57430,NA,NA,D,2,1,2040325.666,175.95,2008,41,4,28.99
206649,Active,451710,NA,NA,D,2,1,408485.6838,188.95,2008,38,4.73,43.87
206650,Active,913185,NA,NA,D,1,0,1261509.311,37.95,2001,15,7.37,10.1
206651,Active,564760,NA,NA,S,2,1,164522.53,52.95,2009,29,35.08,39.39
206652,Active,1552724,NA,NA,S,3,1,456124.4938,47.95,2013,46,23.11,34.08
206653,Active,1550489,NA,NA,S,2,1,372333.3888,40.95,2011,27,8.86,33.23
206654,Active,557650,NA,NA,S,2,1,22410.4825,33.4,2012,70,20.68,28.07
206655,Active,619007,NA,NA,S,2,1,619722.3563,41.26,2006,76,4,31.9
206656,Active,288590,NA,NA,D,1,0,825918.5263,42,2006,66,3.99,8.59
206657,Active,131022,NA,NA,S,3,1,76911.49875,62.2,2011,44,20.89,33.99
206658,Active,132844,NA,NA,D,2,1,964495.0625,46.2,2009,92,4,19.5
206659,Active,872651,NA,NA,D,1,0,1088638.376,31,2000,128,4,6.15
206660,Active,121242,NA,NA,S,3,1,15822.71625,48,2011,71,20.38,33.65
206661,Active,131963,NA,NA,D,2,1,289387.1138,39.99,2005,104,4,5.83
206662,Active,1538300,NA,NA,D,0,0,1259905.51,50.95,2007,16,5.54,43.94
206663,Active,228706,NA,NA,D,3,1,344121.5738,38.95,2002,109,4,0
206664,Active,228758,NA,NA,S,4,1,61168.325,48.95,2011,26,39.32,0
206665,Active,126773,NA,NA,S,2,1,449873.6563,59.95,2005,33,38.03,49.43
206666,Active,672714,NA,NA,S,0,0,16639.61,16.95,2003,580,4,0
206667,Active,545596,NA,NA,S,3,1,3121.2575,12.99,2012,80,5.35,8.86
206668,Active,198645,NA,NA,S,4,1,1841.2925,14.95,2008,1426,4,7.24
206669,Active,871090,NA,NA,S,4,1,68748.12,24.95,2008,152,4,17.56
206670,Active,621983,NA,NA,S,5,1,181667.865,104,2009,18,46.88,54.46
206671,Active,913444,NA,NA,D,1,0,2772258.056,75,2002,38,3.99,18.24
206672,Active,908067,NA,NA,S,2,1,866289.565,117,2004,57,4,21.85
206673,Active,666764,NA,NA,D,1,0,787467.1475,50,2005,29,4.38,32.53
206674,Active,104542,NA,NA,S,2,1,738501.345,29.95,1998,66,4,8.64
206675,Active,525167,NA,NA,S,4,1,33504.46625,48,2011,30,25.87,27.45
206676,Active,151640,NA,NA,S,0,0,15059.7625,22,2005,158,4,10.97
206677,Active,2028136,NA,NA,S,2,1,1316816.134,100,2009,14,53.17,81.64
206678,Active,1739203,NA,NA,S,6,1,152584.405,14.95,2010,29,8.5,13.99
206679,Active,563608,NA,NA,D,3,1,38167.8525,29.99,2012,113,11.63,23.99
206680,Active,54416,NA,NA,D,1,0,481865.095,33.98,2006,51,4.44,29.98
206681,Active,54417,NA,NA,D,2,1,372334.3738,29.44,2009,64,6.39,31.99
206682,Active,60842,NA,NA,D,1,0,1213268.34,84.95,2004,52,4,17.92
206683,Active,525165,NA,NA,S,5,1,567683.4488,79.95,2009,40,17.1,28.99
206684,Active,874014,NA,NA,D,5,1,2457821.043,33.99,2006,20,4.88,31.49
206685,Active,56996,NA,NA,D,5,1,68360.69125,82.95,2006,111,5.69,38.97
206686,Active,610335,NA,NA,S,6,1,46205.94875,82.95,2013,58,38.96,54.44
206687,Active,2679436,NA,NA,S,7,1,4220727.514,65,1992,23,4,28.99
206688,Active,192896,NA,NA,D,8,1,1015925.244,93.95,2002,29,8.09,23.2
206689,Active,249227,NA,NA,D,9,1,653767.6063,117,2009,44,23.94,63.99
206690,Active,2507324,NA,NA,S,1,0,196225.3538,70.61,1978,36,4.54,62.18
206691,Active,103402,NA,NA,S,7,1,2669.68875,21.99,2011,109,9.7,12.47
206692,Active,103401,NA,NA,S,7,1,23901.4,29.99,2011,39,14.49,16.79
206693,Active,609350,NA,NA,S,3,1,327146.89,45.95,2007,36,10.3,23.99
206694,Active,2090842,NA,NA,S,0,0,54066.175,85,2014,18,55.24,54.91
206695,Active,723141,NA,NA,S,1,0,722443.4025,41.95,2008,15,34.58,36.97
206696,Active,646535,NA,NA,S,2,1,334609.6538,42.95,2007,28,37.03,44.66
206697,Active,714268,NA,NA,D,1,0,2574012.85,29.2,2002,14,4.23,69.99
206698,Active,635321,NA,NA,S,2,1,293990.6363,72,2004,29,28.99,65.85
206699,Active,415872,NA,NA,S,1,0,303373.6213,45,2008,214,4,9.98
206700,Active,212954,NA,NA,S,0,0,537926.2725,42.5,1999,29,4.2,53.98
206701,Active,404666,NA,NA,S,0,0,45200.635,60.63,2008,34,34.43,47.59
206702,Active,888966,NA,NA,S,0,0,716470.835,45,2013,11,39.56,44.98
206703,Active,509809,NA,NA,S,2,1,30029.85,35,2008,45,15.41,19.73
206704,Active,642239,NA,NA,S,1,0,233880.9013,45,2012,22,33.52,37.9
206705,Active,235551,NA,NA,S,2,1,276804.8838,32.95,2005,76,6.96,8.45
206706,Active,52329,NA,NA,D,8,1,104889.9175,139.95,2011,60,10,68.66
206707,Active,52330,NA,NA,S,5,1,1399257.46,52.95,1999,45,4,14.94
206708,Active,52328,NA,NA,D,7,1,285555.6588,151.95,2007,37,6.36,49.25
206709,Active,525161,NA,NA,S,3,1,10987.805,21.99,2010,118,4.83,13.68
206710,Active,162624,NA,NA,S,2,1,468052.7375,24.95,2008,83,4,8.26
206711,Active,2253619,NA,NA,D,5,1,1874813.315,71.64,2008,49,9.27,59.56
206712,Active,275054,NA,NA,D,2,1,2341883.994,32.95,2004,30,4,10.99
206713,Active,917627,NA,NA,S,2,1,1420679.523,24.95,1996,52,4,8.02
206714,Active,658162,NA,NA,S,4,1,390189.0975,70,2012,51,30.59,60.17
206715,Active,778014,NA,NA,S,0,0,15784.825,49.99,2012,18,26.19,26.39
206716,Active,107968,NA,NA,D,9,1,4347011.479,8.49,2002,19,4,8.49
206717,Active,2663294,NA,NA,D,1,0,1639317.228,81.98,1988,34,4,49.64
206718,Active,2663295,NA,NA,D,2,1,865528.9025,99,1995,23,13.94,84.08
206719,Active,624005,NA,NA,S,0,0,230235.8538,43.95,1997,28,25.99,35.96
206720,Active,142910,NA,NA,D,3,1,2213770.733,30,2004,21,4,49.97
206721,Active,143231,NA,NA,D,4,1,474157.9163,43,2009,34,12.65,36.99
206722,Active,3959900,NA,NA,D,0,0,988125.15,75,2000,53,5.43,23.99
206723,Active,564617,NA,NA,S,2,1,1185445.091,38.95,2004,23,19.96,32.16
206724,Active,2545650,NA,NA,S,0,0,335218.85,49.95,2003,22,24.97,42.65
206725,Active,868784,NA,NA,S,5,1,21369.9425,50.75,2015,23,33.85,37.98
206726,Active,616972,NA,NA,D,2,1,410935.3788,41.98,2004,46,4.23,19.67
206727,Active,615641,NA,NA,D,3,1,387661.3838,50.99,2007,45,4,9.49
206728,Active,289825,NA,NA,S,2,1,130894.7125,39.95,2008,54,8.73,33.94
206729,Active,895567,NA,NA,D,2,1,2467994.656,44.99,1997,18,5.82,6.14
206730,Active,120803,NA,NA,D,8,1,2218904.775,159.27,2009,26,14.85,130.84
206731,Active,121360,NA,NA,D,8,1,71745.66125,152.6,2009,83,5.65,35.6
206732,Active,126765,NA,NA,S,1,0,66514.45625,49.95,2005,34,26.63,44.6
206733,Active,141821,NA,NA,S,3,1,19497.78875,53.99,2007,45,22.49,42.12
206734,Active,101359,NA,NA,D,3,1,1066018.44,163.95,2004,33,4,0
206735,Active,261555,NA,NA,D,2,1,625520.6488,33.98,2000,41,4.13,33.98
206736,Active,432364,NA,NA,S,3,1,28545.49875,52.46,2007,64,14.33,48.46
206737,Active,637250,NA,NA,D,4,1,674710.3625,146.4,2007,28,17.76,90.99
206738,Active,1581611,NA,NA,S,1,0,320365.2288,39.99,2010,26,13.21,29.76
206739,Active,538803,NA,NA,S,7,1,57866.96,111.25,2013,45,47.97,75.6
206740,Active,3263024,NA,NA,D,5,1,2613828.02,63.31,2005,39,8.16,30.19
206741,Active,872569,NA,NA,S,3,1,1535591.403,40.5,1998,39,4,28.92
206742,Active,112048,NA,NA,D,6,1,238655.02,42.99,2009,79,11.3,42.93
206743,Active,108387,NA,NA,D,5,1,223496.335,49.24,2005,35,5.48,33.74
206744,Active,1671374,NA,NA,S,2,1,677161.8275,140.95,2008,20,13.99,48.99
206745,Active,2840833,NA,NA,D,1,0,3528337.166,97.95,1997,25,4,26.96
206746,Active,622693,NA,NA,D,5,1,811335.5463,78,2009,35,5.49,33.92
206747,Active,193586,NA,NA,D,0,0,156731.1163,44,2007,48,11.98,0
206748,Active,295161,NA,NA,S,0,0,208641.5863,31.95,2005,32,5.38,11.41
206749,Active,617715,NA,NA,D,2,1,648615.2725,50,2000,36,4.08,23.77
206750,Active,129407,NA,NA,S,1,0,217414.5013,36.95,2010,50,7.17,16.33
206751,Active,126589,NA,NA,D,0,0,246192.5988,35.95,2007,36,4.89,15.99
206752,Active,129428,NA,NA,S,2,1,79106.08375,44.95,2011,38,17.99,41.8
206753,Active,346152,NA,NA,S,10,1,335172.7488,125.95,2007,39,7.03,49.93
206754,Active,525157,NA,NA,S,11,1,121477.5625,126.95,2010,51,22.19,96.44
206755,Active,864304,NA,NA,D,1,0,192853.7975,151.95,2012,27,13.99,51.57
206756,Active,864940,NA,NA,S,2,1,85992.00375,158.95,2014,34,39.19,98.99
206757,Active,873282,NA,NA,D,1,0,328229.0063,124.95,2012,32,9.31,61.88
206758,Active,635097,NA,NA,S,2,1,315781.9088,69.95,2009,23,30.99,52.95
206759,Active,902378,NA,NA,S,2,1,940486.905,34,2014,15,27.99,30.27
206760,Active,197730,NA,NA,D,3,1,346836.4563,71.95,2009,46,4,19.96
206761,Active,198132,NA,NA,S,4,1,78425.3675,80.8,2010,58,26.05,53.99
206762,Active,829631,NA,NA,D,0,0,2596944.099,53.95,2003,17,40.94,0
206763,Active,1482325,NA,NA,D,1,0,91840.45125,59.6,2013,31,17.97,37.22
206764,Active,622518,NA,NA,D,1,0,1571580.089,62,2005,26,4,23.94
206765,Active,56841,NA,NA,S,3,1,1186799.433,9.6,2004,110,3.99,8.93
206766,Active,169976,NA,NA,D,9,1,93002.0975,275.95,2010,84,23.04,73.46
206767,Active,61073,NA,NA,D,8,1,752245.5288,302.95,2006,73,4.18,22.1
206768,Active,606704,NA,NA,D,7,1,1375139.408,174.95,2002,48,4.14,10.61
206769,Active,2300605,NA,NA,S,7,1,1186571.801,161.63,2003,14,13.95,72.61
206770,Active,802352,NA,NA,S,8,1,959846.9163,134.95,2006,32,4,46.73
206771,Active,144749,NA,NA,S,1,0,842151.2763,54.99,2004,56,4,13.4
206772,Active,2615577,NA,NA,D,3,1,1208311.286,359,2005,15,115.92,226.3
206773,Active,204553,NA,NA,S,0,0,560008.4875,21.5,2003,160,3.76,13.74
206774,Active,807838,NA,NA,S,0,0,9806.95,39.99,2009,10,16.93,22.47
206775,Active,645063,NA,NA,S,2,1,582366.3713,65,2012,35,53.99,60.45
206776,Active,778795,NA,NA,S,6,1,821153.385,95.95,2012,26,14.93,0
206777,Active,914267,NA,NA,S,5,1,42436.5425,25,2014,26,12.93,20.91
206778,Active,778566,NA,NA,S,3,1,407414.3863,34.95,2007,44,4,20
206779,Active,625269,NA,NA,S,3,1,48761.3,34.95,2010,24,19.17,23.99
206780,Active,626357,NA,NA,S,4,1,136588.25,65,2008,24,32.71,53.98
206781,Active,164214,NA,NA,D,2,1,865274.9638,233.95,1998,37,4,28.98
206782,Active,366737,NA,NA,S,2,1,870767.8288,257.95,2002,19,5.91,50.47
206783,Active,599897,NA,NA,D,0,0,1090758.081,49.5,2008,21,14.94,0
206784,Active,3463917,NA,NA,D,3,1,1496250.3,74.67,1995,37,4.82,8.98
206785,Active,317695,NA,NA,D,4,1,546936.5688,94.67,1998,41,4.05,48.47
206786,Active,246273,NA,NA,D,2,1,486532.6738,108.95,2006,36,11.04,65.43
206787,Active,3749648,NA,NA,S,0,0,31408.25,50,2015,21,27.01,27.3
206788,Active,1612139,NA,NA,S,0,0,975537.6925,39.95,2013,26,13.95,26.89
206789,Active,3494589,NA,NA,D,2,1,5569281.2,34.95,1998,26,4.23,50.59
206790,Active,3634782,NA,NA,S,2,1,65601,75,2016,12,52.78,57.12
206791,Active,663282,NA,NA,S,1,0,426105.3538,56.95,2014,16,33.91,47.61
206792,Active,1781328,NA,NA,S,6,1,1670898.695,75,2015,13,44,52.96
206793,Active,162996,NA,NA,S,8,1,1037102.161,55,2010,47,3.99,5.44
206794,Active,566794,NA,NA,D,3,1,7275376.898,119.9,2005,9,8.92,81.14
206795,Active,535797,NA,NA,S,10,1,716080.7425,65,2012,97,4,9.4
206796,Active,162993,NA,NA,S,8,1,996422.11,55,2010,48,4,13.93
206797,Active,163455,NA,NA,S,9,1,650164.1688,65,2011,58,4,25.49
206798,Active,1781349,NA,NA,S,14,1,769030.5475,65,2015,14,30.97,43.91
206799,Active,751811,NA,NA,S,7,1,1451716.708,55,2009,39,4,8.98
206800,Active,290275,NA,NA,S,9,1,699570.9475,65,2011,55,4,25.99
206801,Active,1780383,NA,NA,S,9,1,1207123.863,40,2013,22,4,23.99
206802,Active,3230816,NA,NA,S,3,1,22542.9475,59.5,2009,0,0,28.44
206803,Active,3230814,NA,NA,S,3,1,42565.16,59.5,2009,0,0,28.44
206804,Active,3230815,NA,NA,S,3,1,18244.95875,59.5,2009,0,0,28.44
206805,Active,750809,NA,NA,S,35,1,2797460.23,59.95,2008,21,5.71,53.35
206806,Active,1780880,NA,NA,S,10,1,897859.1613,40,2014,19,20.66,32.22
206807,Active,658234,NA,NA,S,8,1,1074096.826,40,2012,28,4,0
206808,Active,658034,NA,NA,S,11,1,344797.0988,65,2013,44,4.3,28.44
206809,Active,1780380,NA,NA,S,9,1,976553.8025,40,2013,27,4.89,5.48
206810,Active,1780889,NA,NA,D,12,1,409959.1563,65,2014,24,6.34,38.33
206811,Active,1780874,NA,NA,S,13,1,479192.6125,65,2014,23,18.42,52.2
206812,Active,1780879,NA,NA,S,10,1,1041439.601,40,2014,16,8.99,39.5
206813,Active,2919577,NA,NA,S,15,1,17856.225,65,2015,8,49.68,49.99
206814,Active,895045,NA,NA,S,12,1,669298.3438,65,2014,21,5.75,0
206815,Active,756606,NA,NA,D,2,1,717654.9863,465,1997,19,17.99,31.97
206816,Active,339913,NA,NA,S,0,0,1415016.448,110,2011,41,4.22,33.29
206817,Active,565980,NA,NA,D,8,1,1514353.459,97,2010,24,4,69.33
206818,Active,608400,NA,NA,D,4,1,2876718.648,91,2007,24,4,19.97
206819,Active,663283,NA,NA,S,12,1,380569.9713,135,2014,65,23.99,84.96
206820,Active,565869,NA,NA,D,0,0,2332464.639,95,2008,26,4,14.69
206821,Active,162156,NA,NA,D,0,0,2029101.754,93,2007,29,4,12.79
206822,Active,1781248,NA,NA,S,1,0,703576.905,75,2015,13,48.52,57.49
206823,Active,543969,NA,NA,S,10,1,1240886.108,130,2013,28,4,37.49
206824,Active,162997,NA,NA,S,8,1,2010432.953,130,2011,22,4,12.65
206825,Active,544020,NA,NA,S,0,0,1067542.753,95,2013,22,8.49,71.25
206826,Active,661890,NA,NA,D,0,0,1417160.441,95,2012,19,4,73.98
206827,Active,752714,NA,NA,D,0,0,1829483.873,95,2011,27,6.16,48.98
206828,Active,541960,NA,NA,S,1,0,162991.4938,86.95,2006,36,30.98,32.67
206829,Active,752750,NA,NA,S,8,1,2764594.018,93,2010,29,4,47.49
206830,Active,612620,NA,NA,S,2,1,1477588.62,79.95,2013,26,28.43,106.43
206831,Active,1780596,NA,NA,S,3,1,954618.19,79.95,2014,16,39.13,54.37
206832,Active,1780597,NA,NA,S,3,1,1117967.9,115,2014,17,34.35,91.12
206833,Active,612681,NA,NA,D,2,1,1822441.269,100,2013,15,28.93,100
206834,Active,629170,NA,NA,D,1,0,453579.3863,59.95,2012,54,4,42.25
206835,Active,167016,NA,NA,S,1,0,657417.47,10.98,2007,117,4,10.94
206836,Active,184397,NA,NA,D,0,0,662716.34,76.95,2004,23,5.13,33.94
206837,Active,184392,NA,NA,D,1,0,1586837.606,82.95,2004,22,3.99,43.73
206838,Active,541004,NA,NA,S,7,1,121468.8163,86.95,2013,51,35.94,59.05
206839,Active,249215,NA,NA,D,6,1,476152.61,83.95,2009,51,6.45,40.27
206840,Active,561642,NA,NA,D,5,1,1761606.748,63.95,2005,51,4,18.98
206841,Active,203808,NA,NA,D,11,1,333162.095,94.99,2008,105,6.98,14.7
206842,Active,2451581,NA,NA,D,0,0,5076357.779,9.95,1995,13,4,17.49
206843,Active,2602584,NA,NA,D,0,0,8165897.443,11,1995,19,4,27.66
206844,Active,586340,NA,NA,S,0,0,147886.6013,45,1988,35,18.97,28.11
206845,Active,288812,NA,NA,D,9,1,860517.875,77.95,2006,90,4,8.42
206846,Active,288841,NA,NA,D,10,1,501765.4475,87.95,2010,60,5.4,18.23
206847,Active,861826,NA,NA,D,10,1,432167.32,94.95,2013,70,4,14.49
206848,Active,619312,NA,NA,D,2,1,278989.9988,195,2012,45,9.63,49.99
206849,Active,625314,NA,NA,D,1,0,1155972.613,182,2008,28,3.6,33.33
206850,Active,415933,NA,NA,S,2,1,133539.2575,105,2012,34,8.15,12.74
206851,Active,647402,NA,NA,S,6,1,3421149.815,179,2000,23,8.5,35.98
206852,Active,631463,NA,NA,S,8,1,682394.1213,93,2011,26,12.95,0
206853,Active,642101,NA,NA,S,23,1,229418.6025,77,2012,35,5.54,0
206854,Active,105962,NA,NA,D,22,1,565285.6188,155,2005,31,7,24.99
206855,Active,224583,NA,NA,S,21,1,805961.9375,139,2001,34,6.53,48.02
206856,Active,106630,NA,NA,D,23,1,328469.3575,193,2009,41,33.13,43.98
206857,Active,1437144,NA,NA,S,24,1,130421.7425,96,2014,24,45.21,73.98
206858,Active,525124,NA,NA,D,23,1,357979.4013,105,2011,20,12.48,9.98
206859,Active,253968,NA,NA,D,12,1,258484.3925,210,2011,14,30.94,105.99
206860,Active,248879,NA,NA,D,11,1,988134.0063,218,2007,19,19.42,28.97
206861,Active,2940773,NA,NA,D,10,1,4523356.641,62.99,2005,13,13.09,99.13
206862,Active,1779223,NA,NA,S,12,1,645247.8563,59,2014,14,48.05,35.92
206863,Active,896814,NA,NA,S,1,0,37058.29875,49.99,2011,19,29.07,35.39
206864,Active,618700,NA,NA,D,0,0,124789.195,49.99,1981,69,15.05,43.94
206865,Active,2470985,NA,NA,S,2,1,1288068.29,27,1994,30,4,17.98
206866,Active,193298,NA,NA,D,0,0,3817359.235,98.95,2003,14,13.98,97.71
206867,Active,243860,NA,NA,D,7,1,90176.3,167.95,2011,53,19.84,77.2
206868,Active,539371,NA,NA,S,4,1,210252.4063,175.8,2013,61,23.99,116.83
206869,Active,117294,NA,NA,D,2,1,2908979.124,100.2,2006,22,4,41.03
206870,Active,609115,NA,NA,S,5,1,1076790.265,226.95,2001,52,4,36
206871,Active,249850,NA,NA,D,6,1,632616.2238,167.95,2007,63,4.94,21.95
206872,Active,286391,NA,NA,D,3,1,806327.0738,151,2010,59,4,17.93
206873,Active,892933,NA,NA,S,6,1,28094.78125,50.95,2015,37,24.99,32.98
206874,Active,193566,NA,NA,D,2,1,1486994.864,107.95,2007,16,15.13,61.96
206875,Active,51782,NA,NA,D,8,1,77552.6325,156,2009,100,8.99,153.99
206876,Active,142922,NA,NA,S,3,1,1360262.23,85,2004,19,11.33,58.94
206877,Active,193534,NA,NA,D,4,1,375029.0688,43.95,2007,72,5.06,21.84
206878,Active,638927,NA,NA,D,4,1,290241.4288,141.95,2012,30,19.05,79.98
206879,Active,293205,NA,NA,D,2,1,1397037.808,81.95,2006,19,5.28,18.99
206880,Active,193669,NA,NA,D,3,1,1103413.641,86.95,2009,35,4,8.79
206881,Active,51781,NA,NA,D,7,1,541392.8713,146,2005,81,4,49.77
206882,Active,897037,NA,NA,S,4,1,176696.3175,45,2014,17,20.79,33.98
206883,Active,166006,NA,NA,D,1,0,1948034.086,100,2002,23,4.76,20.92
206884,Active,161473,NA,NA,S,2,1,111387.405,113,2010,47,38.36,67.94
206885,Active,661714,NA,NA,D,2,1,2881721.395,231,2007,10,142.73,189.97
206886,Active,863913,NA,NA,D,0,0,1579816.541,65,2010,17,36.59,65
206887,Active,755534,NA,NA,D,1,0,2197094.371,170,2005,14,23.99,53.82
206888,Active,657866,NA,NA,D,6,1,17566.58625,192.5,2013,61,21.94,56.82
206889,Active,111923,NA,NA,D,5,1,68298.9175,83.99,2011,65,11.79,62.5
206890,Active,109741,NA,NA,S,2,1,3338761.368,10.23,2005,37,4,6
206891,Active,110728,NA,NA,D,4,1,277556.1275,9.98,2009,78,4,10.98
206892,Active,61074,NA,NA,D,3,1,1071638.828,18.54,2007,79,4,17.76
206893,Active,635044,NA,NA,S,1,0,100786.6,59.99,2010,28,9.78,16.37
206894,Active,634903,NA,NA,S,1,0,501819.4988,59.99,2011,42,9.75,33.14
206895,Active,620793,NA,NA,S,1,0,268519.1838,49.99,2009,102,4,17.59
206896,Active,620738,NA,NA,S,4,1,690307.03,39.99,2012,50,4,0
206897,Active,660642,NA,NA,D,1,0,692037.55,39.99,2014,41,4.13,10.65
206898,Active,269490,NA,NA,D,2,1,224003.8238,69.95,2009,36,10.36,24.46
206899,Active,2052286,NA,NA,D,0,0,1502164.494,59.95,2007,26,4,45.63
206900,Active,866762,NA,NA,S,4,1,281659.09,69.95,2014,52,37.64,37.61
206901,Active,614601,NA,NA,S,1,0,328095.2225,59.99,2003,51,4,18.99
206902,Active,619836,NA,NA,S,2,1,435216.0725,69.99,2006,43,6.38,19.84
206903,Active,766251,NA,NA,D,3,1,3302007.29,85.95,2005,6,20.68,26.14
206904,Active,649744,NA,NA,S,6,1,68292.55,39.99,2012,29,20.9,26.39
206905,Active,542267,NA,NA,S,1,0,831791.9013,73.95,2011,40,4.98,15.86
206906,Active,1633866,NA,NA,S,1,0,506556.18,59.99,2014,22,8.25,36.39
206907,Active,664292,NA,NA,S,3,1,27368.45375,59.99,2013,33,26.99,36.84
206908,Active,278852,NA,NA,D,1,0,675505.76,44.99,2007,47,4,8.73
206909,Active,525118,NA,NA,S,2,1,127907.4338,59.99,2011,34,23.16,38.2
206910,Active,660807,NA,NA,S,1,0,95444.525,59.99,2013,16,22.1,22.69
206911,Active,542422,NA,NA,S,1,0,104323.035,59.99,2012,27,33.99,47.48
206912,Active,292468,NA,NA,D,1,0,325143.4125,59.99,2010,49,7.37,30.1
206913,Active,753297,NA,NA,S,2,1,1063499.523,49.99,2010,22,5.38,8.5
206914,Active,631560,NA,NA,S,4,1,279481.6763,74.99,2010,30,21.27,73.79
206915,Active,609706,NA,NA,S,4,1,718688.6613,59.99,1999,35,4.11,35
206916,Active,608940,NA,NA,S,5,1,630226.7163,69.99,2007,24,29.94,77.29
206917,Active,1724549,NA,NA,S,0,0,17419.05,50,2015,18,26.93,31.5
206918,Active,748359,NA,NA,D,1,0,3855467.291,95,2005,18,5.09,50.08
206919,Active,923181,NA,NA,S,0,0,311165.6213,21.99,2006,161,4,0
206920,Active,3514944,NA,NA,D,1,0,4419914.6,110,1997,15,21.82,72.95
206921,Active,910280,NA,NA,D,2,1,1980854.331,165,2000,29,7.99,89.14
206922,Active,625420,NA,NA,D,2,1,403385.6963,55,2004,64,9.5,43.99
206923,Active,151849,NA,NA,D,1,0,67106.89,29.99,2001,73,4.96,13.49
206924,Active,3053561,NA,NA,D,0,0,2396906.183,125,2002,16,11.09,13.98
206925,Active,822669,NA,NA,D,1,0,1010541.256,28,1995,31,4,4.4
206926,Active,608252,NA,NA,D,3,1,370702.1888,35,2008,53,4.8,45.99
206927,Active,106656,NA,NA,S,5,1,516436.48,29.95,2009,41,5.41,10.71
206928,Active,924421,NA,NA,S,6,1,7158.30125,58.95,2015,39,35.99,38.4
206929,Active,525113,NA,NA,D,5,1,53316.665,58.95,2012,143,5.99,21.7
206930,Active,147125,NA,NA,D,3,1,1563930.964,39.95,2004,94,4,4.8
206931,Active,147557,NA,NA,D,4,1,498797.5438,46.95,2008,210,4,9.91
206932,Active,104290,NA,NA,D,2,1,1498402.598,79,1997,14,17.34,64.83
206933,Active,525110,NA,NA,D,0,0,162764.3775,199.6,2004,57,6.99,26.2
206934,Active,114413,NA,NA,D,0,0,330441.6563,87,2001,29,4,14.38
206935,Active,920199,NA,NA,D,1,0,437647.3288,92,1996,57,4,23.95
206936,Active,313108,NA,NA,S,2,1,75093.71875,130,2002,47,17.6,56.45
206937,Active,250078,NA,NA,D,2,1,1065676.613,206.95,2006,39,4,15.98
206938,Active,3821802,NA,NA,D,0,0,1182660.65,105,1900,20,93.83,280.87
206939,Active,612791,NA,NA,S,0,0,21558.45,49.95,2013,19,44.7,46.07
206940,Active,602758,NA,NA,D,0,0,572383.2138,99.95,2010,50,10.99,70
206941,Active,525107,NA,NA,S,2,1,1128022.21,61.95,2008,48,8.13,33.98
206942,Active,1703754,NA,NA,S,0,0,236291.6425,55,2011,38,8.82,24.49
206943,Active,177429,NA,NA,S,5,1,563521.6975,101.95,2001,28,6.97,58.55
206944,Active,2023195,NA,NA,D,0,0,651156.5363,59.99,2006,32,35.76,43.97
206945,Active,872064,NA,NA,S,2,1,1849121.729,23.58,1994,36,5.59,31.89
206946,Active,291973,NA,NA,S,2,1,1004884.039,85.6,1995,54,4,18.99
206947,Active,3499198,NA,NA,D,5,1,1016792.3,32.7,1994,39,4,0
206948,Active,140992,NA,NA,S,6,1,119007.4463,88.8,1999,54,19.96,58.94
206949,Active,2446153,NA,NA,D,4,1,2950641.523,50.81,1990,27,3.99,44.91
206950,Active,765786,NA,NA,S,1,0,43378.625,76.95,2004,39,8.99,38.99
206951,Active,3474212,NA,NA,S,2,1,85342,49.99,2016,16,30.2,31.32
206952,Active,2680466,NA,NA,D,3,1,2472037.303,110,2001,22,5.51,41.89
206953,Active,2078174,NA,NA,S,2,1,45650.4,33,2010,21,23.98,25.96
206954,Active,1841300,NA,NA,S,2,1,1111431.494,43.95,2009,15,37.97,31.24
206955,Active,1927732,NA,NA,S,4,1,1601699.346,47.95,2012,22,27.88,36.02
206956,Active,881700,NA,NA,S,0,0,364808.595,36.5,2013,30,5.12,35.48
206957,Active,203402,NA,NA,S,6,1,1923446.16,59.95,2002,36,4,10.94
206958,Active,531300,NA,NA,D,8,1,137423.4975,89.99,2011,76,12.19,25.09
206959,Active,613567,NA,NA,S,0,0,523120.865,49.99,2009,28,14.65,24.91
206960,Active,719851,NA,NA,D,7,1,2181411.391,99,2001,40,4,13.65
206961,Active,623429,NA,NA,S,2,1,628182.7338,134.95,2007,24,10.1,44.74
206962,Active,873290,NA,NA,D,2,1,969517.555,15.35,2005,35,11.19,19.07
206963,Active,108081,NA,NA,D,2,1,588336.2738,8.98,2004,57,4,8.99
206964,Active,248204,NA,NA,D,0,0,516264.2475,89,2011,75,4.49,36.97
206965,Active,663789,NA,NA,D,1,0,222127.6575,66,2013,53,27.96,38.99
206966,Active,550012,NA,NA,S,4,1,457479.075,43.36,2003,59,4,36.97
206967,Active,292144,NA,NA,S,1,0,84562.6,91.95,2006,25,3.85,48.41
206968,Active,551497,NA,NA,D,1,0,1628655.761,285,1999,23,4,45.97
206969,Active,859628,NA,NA,D,1,0,4375024.011,150.95,2007,13,4.3,92.37
206970,Active,293787,NA,NA,S,2,1,230619.0038,71,2002,61,5.76,44.01
206971,Active,386463,NA,NA,S,4,1,64081.47,95,2010,44,23.95,73.77
206972,Active,170002,NA,NA,S,3,1,110097.8238,138.95,2010,41,22.94,68.97
206973,Active,539917,NA,NA,S,3,1,178415.6713,44.95,2013,44,20.51,42.46
206974,Active,127547,NA,NA,S,2,1,762948.7538,42.95,2009,37,4,10.94
206975,Active,132737,NA,NA,S,3,1,583447.1063,100.8,2008,43,10.79,48.94
206976,Active,260111,NA,NA,S,3,1,683373.7725,50,2004,55,4,29.89
206977,Active,107431,NA,NA,S,2,1,141664.325,75.05,2001,49,7.9,33.2
206978,Active,3269551,NA,NA,D,4,1,1065240.955,61.35,2005,40,7.48,52.27
206979,Active,108632,NA,NA,D,4,1,1129640.553,38.99,2005,48,4,38.35
206980,Active,109588,NA,NA,D,4,1,1985302.443,85.5,2005,26,4,41.98
206981,Active,287557,NA,NA,D,2,1,2849689.628,77,2007,29,4,51.35
206982,Active,121155,NA,NA,D,3,1,259594.8913,110.8,2010,64,4,41.09
206983,Active,145415,NA,NA,D,2,1,307495.805,142.8,2009,34,4.94,193
206984,Active,130124,NA,NA,D,0,0,1541965.635,126.67,2004,30,4.78,151.57
206985,Active,144050,NA,NA,D,2,1,770213.9938,47.6,2002,45,4,28.09
206986,Active,170335,NA,NA,S,4,1,194711.9188,24.95,2007,84,4,14.51
206987,Active,206451,NA,NA,S,4,1,165920.8363,39.95,2003,44,12.64,24.43
206988,Active,114056,NA,NA,S,4,1,115892.1575,87.8,2000,41,19.91,78.11
206989,Active,51545,NA,NA,D,3,1,2440834.364,8.97,2002,69,4,13.99
206990,Active,51544,NA,NA,D,4,1,73853.38125,46.98,2006,90,4,34.98
206991,Active,110470,NA,NA,S,5,1,12871.1275,170.25,2011,69,42.55,78.99
206992,Active,197867,NA,NA,S,5,1,275694.825,89.49,2007,33,26.13,0
206993,Active,624413,NA,NA,S,2,1,715406.0363,117.6,2007,36,8.99,27.94
206994,Active,2649327,NA,NA,S,1,0,684094.6163,71.95,2003,30,3.85,47.92
206995,Active,127418,NA,NA,S,1,0,366927.8875,34.95,2010,27,13.32,34.6
206996,Active,202480,NA,NA,S,5,1,274161.5513,67.77,2003,67,7.17,48.47
206997,Active,181224,NA,NA,D,1,0,296079.92,66.95,2002,46,5.01,52.21
206998,Active,123981,NA,NA,S,4,1,295057.245,135.95,2004,34,6.89,48.48
206999,Active,2405988,NA,NA,D,1,0,728141.7913,45,1994,34,8.85,59.99
207000,Active,125714,NA,NA,S,0,0,396418.7813,76.95,1995,33,30.58,43.94
207001,Active,131959,NA,NA,S,2,1,320932.31,118.6,2005,38,7.17,10.66
207002,Active,181398,NA,NA,S,3,1,770789.4475,54.99,2004,24,9.89,0
207003,Active,131093,NA,NA,S,4,1,3674709.185,55,1998,34,4,13.97
207004,Active,131463,NA,NA,D,5,1,280948.3975,121.8,2002,129,4,18.99
207005,Active,873387,NA,NA,D,5,1,959364.715,20.44,2002,45,5.59,36.44
207006,Active,132062,NA,NA,S,6,1,20960.16875,151.6,2012,70,18.17,83.87
207007,Active,133134,NA,NA,S,5,1,95922.63625,99.8,2010,36,20.78,154.91
207008,Active,144754,NA,NA,D,4,1,1081573.246,93.4,2004,34,4,65.71
207009,Active,607882,NA,NA,D,3,1,5762393.188,51.8,2001,17,4,40.76
207010,Active,622519,NA,NA,D,0,0,1091303.939,58,2007,46,4,21.54
207011,Active,639715,NA,NA,S,2,1,126092.4338,69,2013,32,26.52,48.99
207012,Active,764667,NA,NA,S,2,1,228774.1,140.95,2001,38,5.85,0
207013,Active,575849,NA,NA,D,1,0,2452509.228,75.82,2008,12,6.73,86.06
207014,Active,607587,NA,NA,S,6,1,325000.33,57.95,2003,138,4,13.89
207015,Active,1471221,NA,NA,S,8,1,345714.645,49.95,2015,25,19.91,49.95
207016,Active,655339,NA,NA,S,3,1,46173.75875,50,2012,22,33.68,0
207017,Active,115714,NA,NA,D,3,1,763940.8088,104,2003,77,4.31,23.99
207018,Active,868405,NA,NA,D,4,1,1561672.965,71.95,2004,31,4.35,57.05
207019,Active,476887,NA,NA,S,5,1,169534.3738,101.55,2008,48,35.78,106.63
207020,Active,525099,NA,NA,S,4,1,46624.75125,88.8,2012,47,53.86,73.98
207021,Active,51654,NA,NA,D,5,1,45323.4925,60.99,2009,73,8.2,48.98
207022,Active,2271284,NA,NA,S,5,1,637194.9,131.17,1900,29,10.86,113.39
207023,Active,51653,NA,NA,D,3,1,2313459.924,13.49,2003,50,3.99,8.99
207024,Active,157542,NA,NA,S,2,1,206558.37,43.95,2010,26,17.18,29.94
207025,Active,536941,NA,NA,S,3,1,49462.69375,130.95,2012,45,26.04,74.02
207026,Active,51655,NA,NA,D,4,1,225144.6488,6.98,2006,88,4,8.97
207027,Active,287015,NA,NA,D,3,1,106791.425,89.95,2005,79,4,19
207028,Active,864813,NA,NA,S,4,1,31842.89,93.95,2014,54,33.94,53.99
207029,Active,157705,NA,NA,D,4,1,744037.4575,50.95,2010,50,4.45,49.99
207030,Active,533742,NA,NA,D,5,1,12951.25125,181.25,2011,199,6.08,25.98
207031,Active,2264246,NA,NA,D,5,1,78465.35125,63.45,1900,39,15.81,53.04
207032,Active,51619,NA,NA,D,3,1,991096.1275,33.98,2005,113,4,32.63
207033,Active,51618,NA,NA,D,4,1,310072.9538,18.57,2008,124,4,15.99
207034,Active,51617,NA,NA,S,2,1,671023.5125,10,2003,75,4,13.57
207035,Active,1848695,NA,NA,S,2,1,1342192.324,45.99,2010,14,39.15,39.15
207036,Active,2505248,NA,NA,S,1,0,350801.8638,47,1989,211,4,12.77
207037,Active,870192,NA,NA,D,7,1,2194052.689,20.14,2007,41,5.59,9.72
207038,Active,608022,NA,NA,D,7,1,492232.7338,52.95,2007,73,4,6.83
207039,Active,147679,NA,NA,S,8,1,52148.44125,62.95,2011,79,30.63,43.31
207040,Active,147051,NA,NA,D,6,1,1478328.151,46.95,2004,49,4,15
207041,Active,2262827,NA,NA,S,7,1,749501.5925,36.93,2007,40,5.59,26.59
207042,Active,652276,NA,NA,D,9,1,184223.3775,128,2013,95,3.84,19.8
207043,Active,147689,NA,NA,D,9,1,1419735.376,158.95,2010,33,4.32,120.23
207044,Active,52675,NA,NA,S,7,1,2116497.584,87.95,2003,102,4.23,10.73
207045,Active,52677,NA,NA,D,9,1,40754.4125,123,2010,254,6.99,11.99
207046,Active,52676,NA,NA,D,8,1,644924.9275,104,2006,193,4,6.99
207047,Active,868257,NA,NA,S,10,1,63943.43,38.95,2014,26,23.99,35
207048,Active,3878480,NA,NA,D,1,0,3508244.3,70,1997,16,73.27,229.35
207049,Active,2563984,NA,NA,D,0,0,1709134.015,85,1992,21,4,70.93
207050,Active,165504,NA,NA,D,2,1,167698.355,99,2002,75,13.13,53.73
207051,Active,1779169,NA,NA,S,4,1,225179.765,39.99,2013,21,22.98,24.87
207052,Active,1688615,NA,NA,S,1,0,469813.465,39.99,2010,38,10.54,20.97
207053,Active,577482,NA,NA,S,2,1,452151.8438,52.99,1999,26,13.99,0
207054,Active,683984,NA,NA,S,2,1,385546.7338,22.65,2007,27,12.98,18.66
207055,Active,628633,NA,NA,S,5,1,47066.5875,44.2,2011,31,24.27,27.93
207056,Active,865599,NA,NA,S,2,1,41833.725,45,2013,42,25.58,26.93
207057,Active,536636,NA,NA,S,5,1,12910.81375,14.99,2012,122,4.18,9.07
207058,Active,865255,NA,NA,S,3,1,429301.2463,34.99,2013,23,7.09,22.25
207059,Active,919327,NA,NA,D,2,1,762984.9713,34.99,2011,59,4,8.17
207060,Active,895058,NA,NA,S,3,1,200656.6113,45,2015,23,11.79,11.67
207061,Active,632044,NA,NA,S,2,1,89041.31875,34.99,2013,32,7.49,9.96
207062,Active,756222,NA,NA,S,2,1,978065.5588,49.99,2011,38,4,5.98
207063,Active,920623,NA,NA,S,0,0,730181.9313,24.99,2011,62,4,0
207064,Active,865396,NA,NA,S,6,1,92333.00125,24.99,2014,38,4.62,7.47
207065,Active,864983,NA,NA,S,2,1,417178.205,29.99,2013,40,4,0
207066,Active,864939,NA,NA,S,2,1,456033.4088,52.95,2014,14,45.38,43.71
207067,Active,184523,NA,NA,D,3,1,2319700.72,59.95,2003,30,4,47.62
207068,Active,126597,NA,NA,S,0,0,453260.4913,80.95,2008,45,23.01,35.53
207069,Active,2771190,NA,NA,S,2,1,278972.6138,37,1993,69,6.3,22.99
207070,Active,56698,NA,NA,S,2,1,342365.6263,32,1999,148,4,6.01
207071,Active,56699,NA,NA,D,4,1,45471.59875,50.65,2007,130,5.01,38.63
207072,Active,525093,NA,NA,S,2,1,3964.16875,32.4,2008,79,16.67,20.93
207073,Active,120352,NA,NA,S,2,1,12759.7675,32.4,2009,32,20.64,20.93
207074,Active,120852,NA,NA,S,2,1,39732.565,58,2011,29,33.56,36.48
207075,Active,117894,NA,NA,D,1,0,431700.07,45.99,2006,48,4,13.96
207076,Active,655593,NA,NA,S,1,0,31548.25,42.8,2010,20,30.59,30.59
207077,Active,120351,NA,NA,S,2,1,6920.435,32.4,2008,29,20.71,0
207078,Active,874320,NA,NA,D,4,1,750021.5463,89,2009,108,4,9.98
207079,Active,556911,NA,NA,D,5,1,87613.39625,121,2011,60,4.21,32.51
207080,Active,874300,NA,NA,D,4,1,179991.4363,91.8,2009,44,4,50.82
207081,Active,114687,NA,NA,S,1,0,1031755.679,146.4,2003,38,4,67.82
207082,Active,859087,NA,NA,D,2,1,447362.9963,63,2003,30,5.33,26.32
207083,Active,828560,NA,NA,S,1,0,394758.1475,56.5,1994,18,12.46,43.41
207084,Active,1485677,NA,NA,S,2,1,731959.1338,85,2010,23,6.38,56.35
207085,Active,276630,NA,NA,D,6,1,761755.1513,77.46,2004,16,5.18,70.51
207086,Active,902999,NA,NA,D,4,1,999587.4,67.5,1995,18,4.48,71.95
207087,Active,535782,NA,NA,D,4,1,13300.025,183.5,2012,130,18.98,51.89
207088,Active,50564,NA,NA,D,3,1,344533.9875,62.26,2009,81,14.49,53.99
207089,Active,50563,NA,NA,D,2,1,784884.7938,10.94,2006,53,4,13.94
207090,Active,877725,NA,NA,D,2,1,1871483.719,14.23,2007,45,5.59,16.49
207091,Active,704368,NA,NA,S,0,0,646787.9938,95.94,2004,50,4.35,7.29
207092,Active,918165,NA,NA,D,0,0,2051642.069,61.95,2006,27,4,12.49
207093,Active,544985,NA,NA,S,2,1,155384.8275,83,2011,56,37.98,55.72
207094,Active,775783,NA,NA,D,0,0,1688263.214,111,2004,12,5.98,13.99
207095,Active,623409,NA,NA,D,3,1,493289.82,216,2012,67,4.99,68.99
207096,Active,193626,NA,NA,D,2,1,1305439.496,139,2008,37,4.12,23.86
207097,Active,2438583,NA,NA,D,4,1,4029701.266,110,2004,20,4.97,90.96
207098,Active,111671,NA,NA,S,9,1,38055.72875,104,2011,58,12.28,22.98
207099,Active,109948,NA,NA,S,8,1,170442.3463,101.5,2008,50,5.8,58.33
207100,Active,61076,NA,NA,D,7,1,474043.2113,24.99,2004,40,4,13.98
207101,Active,622083,NA,NA,S,2,1,312083.3963,81.87,2002,18,17.86,0
207102,Active,868599,NA,NA,S,4,1,52135.92125,52.95,2015,18,32.55,37.89
207103,Active,621328,NA,NA,D,3,1,295902.92,52.95,2011,29,9.94,10.65
207104,Active,293157,NA,NA,S,2,1,1285576.825,63.95,2004,28,4,75.09
207105,Active,530503,NA,NA,D,3,1,289655.5375,73.95,2010,47,10.96,53.99
207106,Active,540978,NA,NA,S,8,1,31189.82375,105,2013,53,27.03,57.99
207107,Active,525088,NA,NA,S,10,1,46704.0675,52.95,2012,28,21.99,42.9
207108,Active,595093,NA,NA,S,4,1,219651.5713,37.95,2012,30,10.93,36
207109,Active,918120,NA,NA,S,3,1,1058996.723,33.95,2009,51,4,13.79
207110,Active,635357,NA,NA,D,0,0,1739847.936,40,2002,26,4,0
207111,Active,631849,NA,NA,S,3,1,329130.9938,41.5,2002,76,23.94,32.33
207112,Active,117250,NA,NA,S,2,1,1091483.923,100.67,2006,33,5.97,73.19
207113,Active,2397700,NA,NA,D,3,1,1311742.955,122.95,2002,27,6.65,55.63
207114,Active,618747,NA,NA,D,1,0,1259182.21,33.2,2006,32,4,19.87
207115,Active,591361,NA,NA,S,4,1,1240592.741,58.95,2005,54,4,26.92
207116,Active,545248,NA,NA,S,5,1,166775.2788,52.95,2010,24,17.49,42.93
207117,Active,545247,NA,NA,D,5,1,622703.0838,96.95,2010,53,4.51,48.98
207118,Active,591353,NA,NA,D,4,1,1739499.504,102.95,2005,16,4,52.37
207119,Active,587619,NA,NA,S,4,1,317109.8913,70.95,2012,20,13.95,0
207120,Active,297995,NA,NA,D,4,1,791444.1325,114.95,2005,38,4,19.99
207121,Active,148538,NA,NA,D,11,1,2871214.263,116.95,2006,16,4,97.72
207122,Active,525086,NA,NA,D,12,1,402276.405,116.95,2009,30,5.01,45.05
207123,Active,525065,NA,NA,S,2,1,871824.9963,87.95,2007,16,22.68,65.14
207124,Active,147396,NA,NA,D,4,1,1632037.989,44.95,2007,26,4.23,45.12
207125,Active,147684,NA,NA,S,5,1,350981.76,52.95,2011,25,14.3,52.95
207126,Active,553545,NA,NA,S,7,1,1028856.046,40.8,2009,31,4,25.5
207127,Active,635107,NA,NA,S,2,1,32020.475,54.2,2009,21,46.36,46.45
207128,Active,1783289,NA,NA,S,5,1,477074.4563,76.95,2013,22,27.32,60.11
207129,Active,609475,NA,NA,S,2,1,894989.0113,93.95,2003,27,4.15,22.94
207130,Active,624699,NA,NA,S,4,1,127334.24,82.95,2012,33,9.69,51.54
207131,Active,609589,NA,NA,D,3,1,536391.1688,81.95,2007,64,4.25,15.98
207132,Active,525789,NA,NA,S,10,1,246687.485,42.95,2012,53,7.69,0
207133,Active,288830,NA,NA,D,9,1,674202.48,38.95,2008,58,4,0
207134,Active,410107,NA,NA,D,2,1,482551.645,73.95,2008,29,4,13.98
207135,Active,495899,NA,NA,S,6,1,348809.2975,45.95,2008,60,4,8.41
207136,Active,121476,NA,NA,S,5,1,548739.5875,153.8,1998,49,22.98,116.5
207137,Active,117077,NA,NA,D,10,1,2432853.539,44,2006,36,4,23.45
207138,Active,147702,NA,NA,S,4,1,1385826.405,44.95,2011,21,4,48.54
207139,Active,495607,NA,NA,S,4,1,1006647.313,36.95,2008,86,4,6.42
207140,Active,663298,NA,NA,S,4,1,779745.1338,80.95,2013,70,4,7.91
207141,Active,622058,NA,NA,S,2,1,105708.5375,41.75,2004,35,8.99,47.64
207142,Active,627920,NA,NA,S,4,1,1085757.3,40.95,2012,62,4,7.79
207143,Active,900474,NA,NA,S,5,1,518822.6888,42.95,2014,30,7.9,31.52
207144,Active,664749,NA,NA,S,1,0,1143547.926,49.95,2013,21,4.78,39.54
207145,Active,254020,NA,NA,D,12,1,704473.715,44.95,2011,116,4,13.06
207146,Active,870850,NA,NA,D,13,1,313017.2475,47.95,2013,112,4,38.99
207147,Active,525084,NA,NA,S,11,1,900244.875,45.95,2009,118,3.96,8.87
207148,Active,619359,NA,NA,S,4,1,433396.1963,43.95,2010,28,17.76,0
207149,Active,249833,NA,NA,S,6,1,881570.8075,139.95,2007,77,4,41.76
207150,Active,525083,NA,NA,S,2,1,715431.2225,34.95,2010,43,4,18.98
207151,Active,613861,NA,NA,S,4,1,1238355.026,95.95,2009,61,4,5.99
207152,Active,525082,NA,NA,S,4,1,887711.8863,95.95,2009,55,4.1,20.96
207153,Active,270796,NA,NA,S,3,1,390795.245,31.99,2011,37,5.71,30.6
207154,Active,615111,NA,NA,S,7,1,392757.205,30.95,2009,72,5.28,28.99
207155,Active,2255369,NA,NA,S,7,1,1532375.414,52.68,2009,45,7.35,41.43
207156,Active,243854,NA,NA,S,7,1,201586.18,127.95,2011,95,8.47,21.68
207157,Active,492142,NA,NA,S,7,1,54908.3425,42.95,2012,34,21.96,30.3
207158,Active,147653,NA,NA,D,12,1,80391.6525,117,2011,59,13.99,77.19
207159,Active,639471,NA,NA,S,4,1,948139.505,68.95,2002,27,10.33,62.75
207160,Active,867460,NA,NA,S,7,1,90670.70875,66.95,2014,16,48.24,56.61
207161,Active,252049,NA,NA,D,5,1,1186586.144,71.95,2007,19,6.29,160.09
207162,Active,147487,NA,NA,S,2,1,1590378.454,36.95,2006,16,8.64,45.99
207163,Active,329977,NA,NA,D,3,1,1955402.605,26.95,2005,36,4,8.98
207164,Active,611481,NA,NA,S,5,1,67855.94,34.95,2013,36,21.2,22.99
207165,Active,525078,NA,NA,D,4,1,689582.1588,34.95,2009,73,4,8.06
207166,Active,621701,NA,NA,D,3,1,673616.375,65.95,2006,37,4.59,19
207167,Active,611997,NA,NA,S,9,1,59074.78,47.95,2013,29,13.94,17.43
207168,Active,540438,NA,NA,D,10,1,213903.6538,66.07,2010,23,4,71.83
207169,Active,911764,NA,NA,S,11,1,206567.9138,33.5,2013,24,22.7,27.51
207170,Active,754234,NA,NA,S,2,1,306445.2075,62,2010,25,39.34,40.54
207171,Active,644889,NA,NA,S,4,1,748791.9775,58,2012,28,7.98,46.81
207172,Active,545906,NA,NA,S,3,1,155453.0363,42.95,2011,29,8.06,8.86
207173,Active,592335,NA,NA,S,2,1,1762325.926,34.95,2008,65,4,5.99
207174,Active,645192,NA,NA,S,2,1,530003.5275,38.95,2012,23,10.37,26.66
207175,Active,635653,NA,NA,S,5,1,294936.5813,41.95,2012,23,24.08,38.99
207176,Active,108457,NA,NA,D,6,1,748340.3538,57.2,2004,31,6.86,49.55
207177,Active,527013,NA,NA,D,8,1,1211599.695,70,2007,75,4,5.74
207178,Active,539569,NA,NA,D,9,1,314739.9863,76.2,2009,65,4,58.67
207179,Active,655041,NA,NA,S,10,1,38928.32125,81.33,2013,46,38.89,66.64
207180,Active,898627,NA,NA,S,7,1,76804.69625,46.95,2013,22,30.73,34.32
207181,Active,525072,NA,NA,S,8,1,364817.005,40.95,2011,27,8.73,45.46
207182,Active,540968,NA,NA,S,3,1,194437.4788,41.95,2012,21,16.98,31.06
207183,Active,625303,NA,NA,S,2,1,89427.45,45.95,2009,29,9.38,39.64
207184,Active,525076,NA,NA,S,11,1,899087.9513,87.95,2008,73,4,21.99
207185,Active,147060,NA,NA,D,2,1,677853.3138,45.95,2007,28,11.33,31.13
207186,Active,525075,NA,NA,S,3,1,22041.91875,55.95,2012,30,27.59,40.99
207187,Active,861833,NA,NA,S,8,1,147775.6663,61.95,2013,27,22.95,53.99
207188,Active,913726,NA,NA,S,1,0,321695.765,41.95,2015,78,4,13.81
207189,Active,923105,NA,NA,S,1,0,1153851.928,34.95,2009,67,3.99,7.13
207190,Active,861834,NA,NA,S,1,0,454833.6113,39.95,2013,94,4,11.99
207191,Active,614238,NA,NA,S,1,0,833831.6088,35.95,2011,93,3.99,7.67
207192,Active,545928,NA,NA,S,6,1,324923.2875,46.95,2012,23,28.94,43.99
207193,Active,609580,NA,NA,S,5,1,1173028.459,44.95,2009,27,4,11.21
207194,Active,867227,NA,NA,S,6,1,115922.0925,46.95,2014,30,31.99,39.99
207195,Active,609154,NA,NA,S,8,1,815740.2875,22.95,2002,25,9.12,28.99
207196,Active,525792,NA,NA,S,10,1,79696.38625,46.99,2011,36,14.24,23.89
207197,Active,609201,NA,NA,S,9,1,172045.405,30.95,2007,41,6.91,24.81
207198,Active,288843,NA,NA,S,7,1,47720.56375,79.95,2011,40,25.16,61.08
207199,Active,873117,NA,NA,D,4,1,976079.8825,128.17,1999,18,6.99,58.05
207200,Active,525457,NA,NA,D,6,1,474884.515,248.82,2008,37,28.96,74.88
207201,Active,621380,NA,NA,S,6,1,102593.615,122.09,2008,58,10.82,144.95
207202,Active,704560,NA,NA,D,5,1,177283.7013,58.1,2003,43,4.36,43.89
207203,Active,858494,NA,NA,S,12,1,64562.35375,70.95,2014,78,5.04,42.63
207204,Active,525063,NA,NA,S,11,1,528033.0163,64.95,2012,106,4,13.38
207205,Active,1574766,NA,NA,S,6,1,512980.0438,101.95,2009,45,8.93,89.17
207206,Active,119812,NA,NA,D,3,1,906200.8363,48,1996,30,6.05,47.19
207207,Active,117477,NA,NA,S,4,1,93682.41125,93,2003,44,17.73,53.67
207208,Active,867752,NA,NA,S,5,1,157889.7875,95,2014,21,53.49,65.89
207209,Active,115723,NA,NA,S,6,1,463000.2463,87.8,2003,25,5.21,28.99
207210,Active,108222,NA,NA,S,7,1,449699.7338,98.95,2002,24,4,55.1
207211,Active,525073,NA,NA,S,8,1,363364.7325,103,2008,25,15.61,17.14
207212,Active,643996,NA,NA,D,8,1,148089.5525,36.21,2008,42,7.58,73.99
207213,Active,244093,NA,NA,D,3,1,1079055.514,88.95,2011,68,4,4.82
207214,Active,609594,NA,NA,S,6,1,780516.5825,79.95,2007,81,3.87,7.78
207215,Active,623815,NA,NA,S,7,1,58220.7475,76.95,2012,95,13.49,32.83
207216,Active,110364,NA,NA,S,2,1,23583.8875,56.75,2011,92,13.98,27.99
207217,Active,202295,NA,NA,D,4,1,1352563.156,72.95,2002,26,4,19.48
207218,Active,525071,NA,NA,S,6,1,110659.9825,96.95,2012,67,19.99,65
207219,Active,592481,NA,NA,D,5,1,732244.945,105.95,2007,39,4,13.99
207220,Active,591324,NA,NA,S,1,0,1191121.71,51.95,2008,43,4,0
207221,Active,609468,NA,NA,S,6,1,1189675.77,75.95,2003,41,4,36.99
207222,Active,639436,NA,NA,S,2,1,68534.025,56.2,2003,21,36.98,46.87
207223,Active,525069,NA,NA,S,5,1,251176.4125,40.95,2012,60,5.24,8.92
207224,Active,626440,NA,NA,D,1,0,524303.3225,108.95,2004,25,6.85,117.95
207225,Active,862422,NA,NA,S,4,1,199128.6163,50.95,2014,48,8.79,25.99
207226,Active,525068,NA,NA,S,3,1,450890.8325,62.95,2009,40,4,17.91
207227,Active,388332,NA,NA,S,2,1,260343.5838,75.95,2010,34,10.6,52.83
207228,Active,2485952,NA,NA,D,3,1,1703157.433,39.95,2005,22,7.99,63.58
207229,Active,654727,NA,NA,D,8,1,576011.685,58.99,2008,31,6.74,48.99
207230,Active,622725,NA,NA,S,7,1,516227.2113,120.5,2007,41,27.57,61.05
207231,Active,525048,NA,NA,S,5,1,134611.3738,110.95,2012,62,42.21,96.07
207232,Active,525064,NA,NA,S,1,0,1103662.27,78.95,2008,49,4,9.58
207233,Active,665138,NA,NA,D,3,1,852303.5588,60.95,2011,21,6.71,65.93
207234,Active,525062,NA,NA,D,7,1,871345.2,141.95,2007,29,3.4,60.21
207235,Active,183470,NA,NA,D,2,1,842989.8475,146.95,2007,30,6.86,51.48
207236,Active,606882,NA,NA,D,4,1,3611083.85,71.75,2005,26,4.38,27.38
207237,Active,615021,NA,NA,D,6,1,630373.4088,47.98,2010,54,4.14,23.98
207238,Active,609640,NA,NA,S,5,1,337050.4913,137.95,2010,25,7.97,53.34
207239,Active,109220,NA,NA,D,1,0,771983.6038,113.67,2002,22,7.99,80.22
207240,Active,630013,NA,NA,S,2,1,82430.265,95.25,2010,42,53.87,77.32
207241,Active,111388,NA,NA,S,3,1,795505.265,97.25,2011,24,8.96,43.86
207242,Active,111387,NA,NA,S,3,1,231241.7275,97.25,2011,33,8.51,72.78
207243,Active,544567,NA,NA,S,11,1,356399.4325,116.95,2013,15,48.14,49.95
207244,Active,525061,NA,NA,S,10,1,1240107.851,120.95,2010,18,11.53,99.99
207245,Active,525060,NA,NA,S,7,1,446727.9613,141.95,2010,28,21.88,69.98
207246,Active,248363,NA,NA,D,5,1,2439748.324,149.95,2005,18,4,28.98
207247,Active,606702,NA,NA,D,7,1,2944612.51,125.95,2002,28,4,19.99
207248,Active,525058,NA,NA,D,8,1,438270.9738,122.95,2010,24,10.94,48.88
207249,Active,248396,NA,NA,D,7,1,923990.27,134.95,2006,28,3.87,33.98
207250,Active,795705,NA,NA,S,3,1,403957.5625,126.95,2012,22,27.99,81.53
207251,Active,111670,NA,NA,D,9,1,73038.665,104,2011,27,34.39,44.68
207252,Active,109945,NA,NA,D,8,1,873633.9063,20.62,2008,51,4,14.26
207253,Active,386506,NA,NA,D,1,0,632076.1875,148.95,2005,12,5.99,73.07
207254,Active,1827193,NA,NA,S,3,1,195295.7625,131.95,2014,30,72.01,88.94
207255,Active,525055,NA,NA,S,2,1,252687.475,122.95,2011,25,25.89,60.58
207256,Active,285164,NA,NA,S,3,1,33187.78875,117.25,2006,43,10.99,87.62
207257,Active,525054,NA,NA,S,7,1,279756.0538,97.25,2009,21,36.74,53.94
207258,Active,607077,NA,NA,S,7,1,603860.5163,97.25,2009,32,20.74,57.99
207259,Active,525053,NA,NA,S,6,1,360267.7113,69.99,2008,30,5.61,60.44
207260,Active,109836,NA,NA,D,4,1,654659.1188,433.51,2007,39,6.26,50.89
207261,Active,111139,NA,NA,S,5,1,195234.2188,153,2010,47,19.24,63.98
207262,Active,703611,NA,NA,D,2,1,1228370.608,70,2000,22,4.35,37.51
207263,Active,104890,NA,NA,D,2,1,385460.6663,141.59,1999,22,7.67,140.75
207264,Active,1439596,NA,NA,S,4,1,503079.47,86.74,2009,31,18.21,82.37
207265,Active,309751,NA,NA,S,3,1,350993.6925,63.99,2009,28,21.93,74.09
207266,Active,109645,NA,NA,S,2,1,803097.8338,61.27,2006,23,4,23.99
207267,Active,705677,NA,NA,S,3,1,91843.2575,153,2013,26,49.1,83.96
207268,Active,649879,NA,NA,S,1,0,513347.885,88.53,2011,22,9.84,0
207269,Active,109803,NA,NA,S,2,1,598454.6063,153,2007,61,4,45.5
207270,Active,627500,NA,NA,D,6,1,152788.4438,64.94,2008,16,34.99,0
207271,Active,108427,NA,NA,D,5,1,446824.1088,54.09,2004,39,4.28,23.69
207272,Active,637357,NA,NA,S,2,1,201972.9138,112,2002,28,46.62,94.71
207273,Active,623654,NA,NA,S,2,1,153152.8163,119.25,2001,38,24.74,83.74
207274,Active,111267,NA,NA,S,4,1,320938.21,123.13,2010,34,5.22,77.22
207275,Active,285501,NA,NA,S,14,1,287632.625,116.75,2011,22,4.29,56.79
207276,Active,109574,NA,NA,S,12,1,1882292.128,111.54,2007,22,3.99,39.06
207277,Active,616929,NA,NA,S,0,0,24175.975,69,2012,20,38.98,73.97
207278,Active,623511,NA,NA,D,6,1,771096.3388,204,2009,27,9.44,193.03
207279,Active,641603,NA,NA,D,4,1,479311.755,215.25,2008,25,28.03,161.44
207280,Active,269315,NA,NA,S,2,1,68598.865,83,2008,44,22.24,60.87
207281,Active,608639,NA,NA,D,4,1,1836908.759,103.95,2006,40,4,6.88
207282,Active,620352,NA,NA,S,1,0,23720.6,64.99,2004,25,35.89,38.97
207283,Active,525046,NA,NA,D,3,1,1076720.46,85,2008,20,25.51,86.24
207284,Active,110667,NA,NA,D,3,1,111259.53,63.69,2005,101,4.82,82.02
207285,Active,50657,NA,NA,S,3,1,2016799.831,71.96,2002,45,4,18.65
207286,Active,50655,NA,NA,D,4,1,157891.6525,97.6,2006,53,4,17.94
207287,Active,183477,NA,NA,D,4,1,552620.5425,80.4,2006,31,4,15.99
207288,Active,630511,NA,NA,S,25,1,128778.9825,59.95,2013,42,9.85,33.99
207289,Active,544696,NA,NA,S,25,1,1051098.334,65.95,2013,23,8.43,18.99
207290,Active,525042,NA,NA,S,11,1,1035180.865,57.95,2011,27,5.51,32.99
207291,Active,608688,NA,NA,S,8,1,405508.9275,40.95,2005,24,18.35,34.29
207292,Active,1597934,NA,NA,D,24,1,301721.7963,59.95,2011,52,5.33,29.99
207293,Active,1519909,NA,NA,S,23,1,851130.5013,65.95,2008,53,4,5.03
207294,Active,767017,NA,NA,S,11,1,1809076.163,78.95,2010,28,4.98,78.95
207295,Active,525040,NA,NA,S,8,1,700013.5388,109.75,2012,34,5.2,48.06
207296,Active,111060,NA,NA,S,7,1,2037332.019,124.63,2010,20,4.22,72.91
207297,Active,163371,NA,NA,S,10,1,1319035.619,56.98,2011,26,9.94,56.82
207298,Active,544004,NA,NA,S,11,1,1013530.435,93.25,2013,22,4.99,68.76
207299,Active,597216,NA,NA,S,2,1,285718.9125,71.95,2001,45,23.63,59.95
207300,Active,592459,NA,NA,S,1,0,884862.3925,111.95,2007,24,8.47,85.02
207301,Active,57774,NA,NA,D,5,1,1025652.92,91.4,2004,31,4,13.98
207302,Active,660971,NA,NA,S,1,0,270559.975,54.95,2012,21,47.3,43.92
207303,Active,669207,NA,NA,D,1,0,1382007.915,77,2010,23,14.66,55.85
207304,Active,714841,NA,NA,D,1,0,1284390.629,42.33,1998,29,4,37.94
207305,Active,131977,NA,NA,D,4,1,608918.91,80.8,2005,24,4,40.85
207306,Active,268434,NA,NA,S,2,1,191943.6838,33,2006,40,8.97,24.6
207307,Active,887445,NA,NA,S,3,1,1250794.53,49.95,2015,11,35.77,39.12
207308,Active,620874,NA,NA,D,8,1,104546.8688,116.6,2004,33,4,21.38
207309,Active,618917,NA,NA,S,9,1,176738.4188,81.8,2012,49,21.18,63.64
207310,Active,546759,NA,NA,S,3,1,367958.5888,44,2011,16,4.88,0
207311,Active,118225,NA,NA,D,1,0,516312.3688,102.8,2010,37,6.29,74.99
207312,Active,1539430,NA,NA,S,3,1,677731.0013,44.95,2008,18,22.38,33.12
207313,Active,621302,NA,NA,S,8,1,34750.1775,68.75,2012,56,31.54,34.99
207314,Active,875228,NA,NA,D,0,0,1880764.361,21.28,2004,40,4,11.99
207315,Active,875350,NA,NA,D,0,0,311478.1363,62,2004,66,4,10.07
207316,Active,300097,NA,NA,D,6,1,101537.3613,73.28,2007,46,8.12,33.49
207317,Active,639418,NA,NA,S,2,1,394944.205,65.95,2004,46,10.64,15.87
207318,Active,711252,NA,NA,D,3,1,10304378.42,42,2001,26,3.99,6.24
207319,Active,53102,NA,NA,S,5,1,469770.9788,114.4,2006,38,12.2,43.99
207320,Active,1535843,NA,NA,S,1,0,17481.36,83.5,2014,42,22.98,36.99
207321,Active,630496,NA,NA,S,6,1,59498.14375,93,2013,42,26.8,84.03
207322,Active,616186,NA,NA,S,1,0,13597.8,136.8,2009,42,23.37,55.68
207323,Active,623590,NA,NA,S,3,1,508960.7425,83.95,2006,32,8.94,62.08
207324,Active,2771807,NA,NA,D,3,1,3464718.495,395,1979,30,9.86,58.49
207325,Active,3302514,NA,NA,D,0,0,4135583.2,0,2004,14,18.99,89.06
207326,Active,166384,NA,NA,S,2,1,666423.8413,69.5,2004,26,18.08,60.43
207327,Active,3523714,NA,NA,D,3,1,1855718.6,0,2008,39,4,53.62
207328,Active,194208,NA,NA,S,3,1,107965.5513,77,2011,41,35.99,39.97
207329,Active,574875,NA,NA,D,2,1,559516.1163,61,2006,91,4,7.56
207330,Active,54346,NA,NA,S,2,1,184103.4888,232.2,2009,46,8.09,36.98
207331,Active,527449,NA,NA,S,2,1,337243.1088,120.5,2004,48,6.74,23.95
207332,Active,1575476,NA,NA,S,2,1,262393.41,40,2011,26,18.84,28.22
207333,Active,2806010,NA,NA,S,1,0,874949.3675,30,2005,28,6.79,49
207334,Active,2615503,NA,NA,S,2,1,607251.2488,94.99,2005,50,7.97,43.99
207335,Active,272182,NA,NA,D,6,1,257823.4413,50,2007,61,5.98,29.05
207336,Active,610197,NA,NA,S,7,1,4201.12375,60,2013,37,23.9,28.71
207337,Active,2238061,NA,NA,D,1,0,4507660.275,48,2009,16,5.93,43.49
207338,Active,622320,NA,NA,S,5,1,274211.4413,162.8,2007,29,4.99,70.95
207339,Active,287612,NA,NA,D,6,1,122672.4425,203.8,2010,41,43.02,156.25
207340,Active,52990,NA,NA,D,6,1,228159.645,302.95,2011,52,10.15,23.18
207341,Active,873581,NA,NA,D,6,1,63416.62875,126.63,2010,58,27.94,101.15
207342,Active,614781,NA,NA,D,5,1,80002.5425,133.5,2006,67,11.49,48.88
207343,Active,52991,NA,NA,D,4,1,873777.515,366.95,2005,48,4,20.98
207344,Active,637342,NA,NA,S,3,1,553356.6913,93.96,2003,92,4.37,22.98
207345,Active,878313,NA,NA,D,5,1,556737.9588,53.98,2008,34,7.14,35.54
207346,Active,52987,NA,NA,D,5,1,628078.7825,333.95,2007,44,5.86,28.98
207347,Active,740054,NA,NA,D,4,1,526444.875,100.1,2003,44,8.74,18.98
207348,Active,697278,NA,NA,D,2,1,4760397.203,48.75,1997,39,4,7.97
207349,Active,606829,NA,NA,D,3,1,2322524.463,44.68,2001,38,3.87,10.88
207350,Active,109437,NA,NA,S,4,1,309791.4188,62.66,2005,35,8.47,49.99
207351,Active,132431,NA,NA,D,5,1,656945.7688,119.8,2007,38,4,13.99
207352,Active,3240102,NA,NA,D,4,1,8330577.925,29.96,2005,23,2.35,34.37
207353,Active,52988,NA,NA,D,5,1,548234.8188,228.95,2007,48,4.39,11.98
207354,Active,170187,NA,NA,D,6,1,278574.14,211.95,2011,55,11.18,167.86
207355,Active,2511839,NA,NA,D,8,1,10115675.2,0,1991,7,7.18,0
207356,Active,154236,NA,NA,S,9,1,88598.765,131.25,1997,29,48.78,86.97
207357,Active,132794,NA,NA,D,6,1,142523.3438,163.2,2010,57,5.48,22.5
207358,Active,61082,NA,NA,D,4,1,1314804.266,246.95,2005,39,4,13.97
207359,Active,533629,NA,NA,D,6,1,164923.4188,211.95,2011,50,11.97,57.92
207360,Active,109473,NA,NA,S,4,1,385669.75,67.43,2005,57,4,62.19
207361,Active,144649,NA,NA,S,4,1,2475773.741,92.4,2003,35,4,12.48
207362,Active,52989,NA,NA,D,5,1,424935.8263,224.95,2007,44,4,9.69
207363,Active,154237,NA,NA,S,9,1,144712.58,131.25,1997,52,23.99,80.9
207364,Active,132795,NA,NA,D,6,1,174666.47,163.2,2010,52,4.98,57.43
207365,Active,177808,NA,NA,D,4,1,805510.3575,122.95,2005,41,4,18.93
207366,Active,214949,NA,NA,D,5,1,483188.525,75,2010,46,4.42,141.12
207367,Active,580078,NA,NA,D,4,1,1001962.325,65,2006,51,4,10.88
207368,Active,308250,NA,NA,D,7,1,981203.855,15.89,2003,29,4.94,0
207369,Active,308729,NA,NA,D,7,1,1169512.869,8.72,2002,49,4,11.44
207370,Active,700027,NA,NA,S,3,1,1340724.969,69.95,2001,21,17.08,101.78
207371,Active,2287680,NA,NA,S,7,1,134583.2038,0,2014,0,0,44.44
207372,Active,696606,NA,NA,D,4,1,1127344.268,49.95,1998,23,8.25,12.89
207373,Active,700370,NA,NA,D,5,1,1130339.564,49.95,2002,33,16.45,47.49
207374,Active,2333796,NA,NA,S,3,1,498844.5338,49.95,1995,27,11.06,21.89
207375,Active,177297,NA,NA,S,1,0,62540.075,170.95,2002,41,51.94,114.1
207376,Active,713115,NA,NA,S,3,1,278834.3988,94.5,2002,28,5.55,31.94
207377,Active,713114,NA,NA,S,3,1,501140.1738,95.03,2002,33,4.47,61.47
207378,Active,163080,NA,NA,S,2,1,555403.14,96,2010,34,40.23,72.89
207379,Active,112320,NA,NA,S,1,0,74493.8125,160,2007,73,11.49,53.92
207380,Active,916088,NA,NA,S,0,0,319680.7338,116.84,2007,42,17.12,63.98
207381,Active,696212,NA,NA,D,1,0,587981.695,81.05,2009,42,11.96,53.97
207382,Active,1603477,NA,NA,S,1,0,476063.8488,56.75,2010,24,43.92,48.88
207383,Active,768105,NA,NA,S,1,0,77374.52,68.05,2010,34,21.48,48.48
207384,Active,615236,NA,NA,S,0,0,171718.1313,81.47,2005,35,11.99,0
207385,Active,615119,NA,NA,S,0,0,59665.1325,91.75,2005,87,6.07,13.98
207386,Active,630160,NA,NA,S,0,0,52633.325,124.5,2007,31,18.34,43.99
207387,Active,613441,NA,NA,S,0,0,576569.3025,120.4,2005,61,4.73,10.01
207388,Active,1427985,NA,NA,S,0,0,105238.625,96.2,2008,54,11.72,34.98
207389,Active,597281,NA,NA,D,1,0,1161162.526,110,2002,31,4,7.39
207390,Active,767321,NA,NA,S,1,0,149350.49,92.55,2008,34,19.4,53.93
207391,Active,767312,NA,NA,S,1,0,223608.5275,82.85,2007,34,6.98,53.69
207392,Active,849752,NA,NA,S,0,0,417297.4275,121.44,1999,28,4.47,29.98
207393,Active,608586,NA,NA,S,4,1,768462.4338,274.95,2003,50,4,24.99
207394,Active,632282,NA,NA,S,0,0,116252.4,134,2011,30,24.68,68.79
207395,Active,709738,NA,NA,D,0,0,150449.415,75.64,2012,15,41.32,114.21
207396,Active,2393121,NA,NA,S,5,1,1129434.856,88,1990,59,4.67,7.5
207397,Active,772055,NA,NA,S,0,0,86291.75,68.9,2006,43,13.99,29.95
207398,Active,712541,NA,NA,S,0,0,1044279.455,119.95,2001,55,4.73,39.99
207399,Active,1454037,NA,NA,S,0,0,826614.4413,350.64,2010,39,8.26,112.48
207400,Active,564886,NA,NA,S,2,1,907887.905,114.95,2012,31,8.44,12.93
207401,Active,2653852,NA,NA,S,0,0,989460.525,109.88,1992,41,4.22,50.85
207402,Active,695779,NA,NA,S,0,0,93846.75,80.25,2008,72,7.89,33.98
207403,Active,918782,NA,NA,S,1,0,286688.565,94.85,2008,76,6.48,58.04
207404,Active,1624422,NA,NA,S,5,1,353001.8338,105.36,2006,88,4.24,56.28
207405,Active,112176,NA,NA,S,0,0,109248.7025,113,2003,44,5.98,56.86
207406,Active,572021,NA,NA,S,1,0,134323.715,77.6,2006,53,14.78,48.99
207407,Active,708554,NA,NA,S,0,0,551049.8013,10,2006,18,6.98,9.99
207408,Active,917789,NA,NA,S,1,0,29009.50375,75.95,2010,56,43.94,43.99
207409,Active,620319,NA,NA,S,1,0,74910.8,85.05,2006,37,26.24,51.99
207410,Active,620736,NA,NA,D,7,1,218022.8225,92.95,2012,78,5.48,54.99
207411,Active,346111,NA,NA,D,5,1,242530.3738,318.95,2006,59,8.29,53.99
207412,Active,169561,NA,NA,D,1,0,1781348.12,103.95,2004,43,4,20.87
207413,Active,552284,NA,NA,S,0,0,39423.635,143.25,2005,123,6.73,55.02
207414,Active,872635,NA,NA,S,0,0,184732.2875,134.75,1999,72,4.89,45.96
207415,Active,872536,NA,NA,S,0,0,264685.9938,129.25,2001,46,4.71,19.99
207416,Active,709891,NA,NA,S,0,0,255445.1313,134.75,2000,76,4,0
207417,Active,413286,NA,NA,S,0,0,52373.05,96.2,2008,111,5.45,45.65
207418,Active,557671,NA,NA,S,8,1,129866.29,91.8,2012,41,28.38,54.26
207419,Active,53701,NA,NA,D,7,1,652480.0675,81.8,2009,62,4,23.99
207420,Active,53703,NA,NA,D,6,1,2026893.825,64.4,2006,49,4,23.98
207421,Active,1456205,NA,NA,S,8,1,359560.85,88.67,2014,9,48.85,83.84
207422,Active,557672,NA,NA,S,8,1,139335.0263,71.8,2012,45,12.99,66.81
207423,Active,132990,NA,NA,D,7,1,376816.43,64.2,2009,41,4,39.8
207424,Active,329867,NA,NA,D,6,1,1734216.651,51.6,2006,35,4,33.99
207425,Active,287629,NA,NA,D,7,1,297345.8513,64.2,2009,64,4,33.99
207426,Active,218326,NA,NA,S,2,1,40719.495,30,2008,68,19.13,26.2
207427,Active,422641,NA,NA,S,0,0,228516.475,129.25,2009,28,19.44,82.34
207428,Active,538931,NA,NA,D,0,0,129592.2163,126.75,2004,68,6.61,71.46
207429,Active,551301,NA,NA,D,0,0,1016452.869,102.92,2002,70,4.59,9.8
207430,Active,112319,NA,NA,D,0,0,310190.41,130.25,2007,57,8.18,62.96
207431,Active,872553,NA,NA,S,1,0,101134.8225,91.65,2008,59,20.99,75.94
207432,Active,613429,NA,NA,S,1,0,44249.425,187.85,2003,81,4.99,77.39
207433,Active,243992,NA,NA,S,5,1,451858.2,82.95,2011,46,24.12,60.24
207434,Active,547879,NA,NA,S,0,0,215140.7213,179.75,1999,106,4,55.75
207435,Active,551257,NA,NA,S,7,1,325827.745,166.25,2001,60,7.35,69.79
207436,Active,514306,NA,NA,S,1,0,511603.2075,130.45,2005,36,8.84,43.98
207437,Active,54345,NA,NA,S,0,0,328583.755,159.75,1999,74,4.47,46.96
207438,Active,737897,NA,NA,S,1,0,338107.475,153.25,1997,52,4.36,17.83
207439,Active,551258,NA,NA,S,2,1,465803.0025,142.5,2001,48,7.32,47.71
207440,Active,764847,NA,NA,D,2,1,4869027.895,60.95,1997,18,4.66,18.27
207441,Active,451785,NA,NA,S,6,1,265671.9375,209.95,2008,67,4.57,68.99
207442,Active,61083,NA,NA,D,5,1,1564649.024,229.95,2006,33,4.35,43.65
207443,Active,567630,NA,NA,D,4,1,3808936.064,223.95,2001,19,4.95,223.95
207444,Active,3517546,NA,NA,D,1,0,1801492.25,49.95,2007,26,4,29.98
207445,Active,112077,NA,NA,D,10,1,2307337.616,13.49,2009,35,4,13.49
207446,Active,564887,NA,NA,S,2,1,346600.1413,68.95,2012,20,38.11,0
207447,Active,169562,NA,NA,D,4,1,1247731.709,81.95,2004,42,3,43.98
207448,Active,111982,NA,NA,S,11,1,375468.6488,58.5,2011,24,14.94,41.67
207449,Active,243993,NA,NA,S,5,1,283224.3325,82.95,2011,46,29.08,55.15
207450,Active,569760,NA,NA,D,4,1,835440.4338,181.95,2001,29,4.82,8.39
207451,Active,54726,NA,NA,D,6,1,217800.8975,252.95,2008,68,5.53,35.27
207452,Active,380531,NA,NA,D,7,1,57015.29,229.95,2012,60,34.97,112.57
207453,Active,795719,NA,NA,D,7,1,405847.4025,73.95,2012,51,5.46,69.75
207454,Active,111990,NA,NA,S,11,1,231067.33,79.75,2011,26,5.83,43.99
207455,Active,569780,NA,NA,S,4,1,1090025.179,228.95,2003,48,3.99,34.03
207456,Active,53150,NA,NA,D,5,1,423974.6713,139.95,2006,82,4,22.24
207457,Active,1447253,NA,NA,S,0,0,45157.35,107.9,2007,60,11.98,51.99
207458,Active,618915,NA,NA,S,1,0,91355.815,96.8,2012,40,25.04,65.17
207459,Active,51681,NA,NA,D,2,1,2384402.104,71.6,2005,78,4,11.59
207460,Active,545117,NA,NA,D,2,1,1148703.109,40.95,2010,26,4.56,31.96
207461,Active,896927,NA,NA,S,2,1,996022.5163,47.95,2010,31,14.34,23.99
207462,Active,545114,NA,NA,S,2,1,847405.41,40.95,2010,33,4.68,40.95
207463,Active,538930,NA,NA,S,2,1,262847.7738,69.6,2003,57,6.99,71.46
207464,Active,917843,NA,NA,S,1,0,636403.67,70.24,2001,41,4,9.3
207465,Active,583112,NA,NA,S,1,0,810014,54.92,2001,45,4,30.21
207466,Active,2251336,NA,NA,D,1,0,3298699.913,28.92,2007,42,7.18,32.07
207467,Active,533423,NA,NA,S,3,1,58777.29625,78.95,2012,75,27.19,67.27
207468,Active,110623,NA,NA,S,2,1,24432.93625,180,2011,51,62.04,98.57
207469,Active,549851,NA,NA,D,1,0,211891.2525,7.99,2007,72,4.35,10.99
207470,Active,621730,NA,NA,S,3,1,10928.85875,104.95,2012,65,41.98,63.99
207471,Active,55413,NA,NA,D,2,1,155340.8038,79.95,2008,85,4.53,21.99
207472,Active,650685,NA,NA,S,3,1,174467.6388,173,2012,31,16.32,73.97
207473,Active,1554801,NA,NA,S,0,0,104814.3113,76.95,2014,32,43.99,60.79
207474,Active,55412,NA,NA,D,0,0,874468.0763,68.95,2005,46,4,27.99
207475,Active,871129,NA,NA,D,0,0,58290.48,23,1994,104,4,9.87
207476,Active,870964,NA,NA,D,0,0,3844867.34,23.95,1990,34,4,12.5
207477,Active,225222,NA,NA,S,0,0,20406.695,78.25,2001,95,29.73,43.44
207478,Active,133003,NA,NA,D,6,1,931148.4863,177,2009,26,19.92,602.99
207479,Active,52248,NA,NA,S,4,1,726621.9338,106.2,2004,137,4,11.98
207480,Active,174997,NA,NA,S,2,1,45043.775,39.99,2008,28,27.8,30.97
207481,Active,61084,NA,NA,D,3,1,2379122.675,121.95,2002,25,6.98,18.99
207482,Active,3464499,NA,NA,D,2,1,914217.2,189.95,1995,64,4,28.99
207483,Active,183314,NA,NA,D,2,1,45244.75875,98.76,2007,81,13.99,38.99
207484,Active,183313,NA,NA,D,0,0,138399.6813,199.95,2005,86,6.8,38.1
207485,Active,169204,NA,NA,S,4,1,360877.6575,260.95,2006,38,5.77,69.99
207486,Active,182588,NA,NA,D,0,0,238528.445,157.95,2002,112,5.28,33.94
207487,Active,132890,NA,NA,D,2,1,162668.1213,179,2009,61,4.99,33.98
207488,Active,113977,NA,NA,S,2,1,2547787.459,104.2,1999,32,4,8.97
207489,Active,270884,NA,NA,S,2,1,211379.6625,75,2009,29,16.98,61.11
207490,Active,555570,NA,NA,S,1,0,419718.065,41.95,2008,45,4.7,10.95
207491,Active,546004,NA,NA,S,9,1,6731.57,75,2013,94,30.99,43.99
207492,Active,559898,NA,NA,S,6,1,1211280.586,12.27,2001,103,3.99,8.23
207493,Active,51442,NA,NA,D,5,1,415166.3225,49.68,2002,43,4,7.97
207494,Active,51443,NA,NA,D,6,1,606772.7725,33.28,2006,30,4.15,43.35
207495,Active,127350,NA,NA,S,2,1,284366.2263,65.95,2008,55,26.99,58.59
207496,Active,133197,NA,NA,S,7,1,43317.9225,256.2,2010,87,27.92,73.95
207497,Active,428412,NA,NA,D,6,1,303390.9013,132.8,2007,45,4.87,8.73
207498,Active,553699,NA,NA,S,2,1,53582.75,45.32,2009,19,27.55,35.71
207499,Active,540122,NA,NA,S,3,1,650289.2175,47.8,2013,24,19.94,23.99
207500,Active,144499,NA,NA,D,0,0,487518.1525,20,2003,24,4,33.19
207501,Active,132646,NA,NA,D,2,1,1017827.901,37.4,2008,39,4,43.56
207502,Active,525023,NA,NA,S,2,1,517873.3663,49.99,2010,23,12.43,31.96
207503,Active,183565,NA,NA,D,7,1,1039319.111,142.95,2007,42,4,17.35
207504,Active,298129,NA,NA,S,1,0,133808.6525,54.95,2010,30,34.45,40.99
207505,Active,61085,NA,NA,D,8,1,1237711.231,168.95,2005,54,4,16.25
207506,Active,533870,NA,NA,D,9,1,541113.6725,232.95,2009,61,4.38,31.99
207507,Active,525021,NA,NA,S,10,1,83007.84625,225.95,2012,53,41.9,166.47
207508,Active,58263,NA,NA,D,1,0,353448.6513,77.69,2009,135,4,9.2
207509,Active,618239,NA,NA,D,2,1,21672.845,93.98,2012,129,4.73,25.99
207510,Active,664398,NA,NA,S,6,1,53185.09625,95.95,2013,31,39.99,46.83
207511,Active,587670,NA,NA,D,14,1,384834.5825,269.95,2013,88,5.72,78.09
207512,Active,567740,NA,NA,D,13,1,1026324.024,269.95,2011,63,3.84,16.19
207513,Active,53280,NA,NA,D,13,1,585349.8225,269.95,2012,91,4,13.54
207514,Active,61086,NA,NA,D,6,1,1753220.501,80.2,2004,24,4,23.68
207515,Active,525020,NA,NA,S,8,1,84837.75125,139.95,2010,53,45.75,68.11
207516,Active,614002,NA,NA,D,1,0,916316.4525,116.2,2007,47,4,47.99
207517,Active,133293,NA,NA,D,2,1,253553.365,140.8,2010,54,4.34,48.77
207518,Active,3472050,NA,NA,D,5,1,5756379.2,60,2001,32,4,18.99
207519,Active,422064,NA,NA,D,7,1,1041189.563,100.6,2007,59,4,13.9
207520,Active,252672,NA,NA,D,5,1,89919.3975,104.79,2010,102,5.59,50.98
207521,Active,56864,NA,NA,D,3,1,1259648.659,18.97,2005,46,4.31,13.74
207522,Active,252673,NA,NA,D,5,1,421516.1163,68.39,2010,78,6.06,49.57
207523,Active,56867,NA,NA,D,4,1,1026260.74,59.18,2007,53,3.99,46.03
207524,Active,285934,NA,NA,S,8,1,2316303.649,110,2003,34,4,5.23
207525,Active,61087,NA,NA,D,9,1,1206120.541,134.2,2006,60,4,15.89
207526,Active,525018,NA,NA,D,10,1,185736.46,190,2009,103,4,39.43
207527,Active,530619,NA,NA,S,6,1,219934.375,291.95,2008,58,13.84,34.58
207528,Active,1956386,NA,NA,S,2,1,2486938.785,68.94,2012,22,43.99,61.44
207529,Active,55509,NA,NA,D,1,0,981335.0738,23.44,2009,67,4,23.41
207530,Active,593591,NA,NA,D,2,1,140054.3963,80.53,2011,89,4,33.54
207531,Active,60356,NA,NA,S,5,1,285397.1713,308.95,2005,66,4.8,17.67
207532,Active,56865,NA,NA,D,4,1,171232.1638,149.99,2007,95,4.99,39.99
207533,Active,51222,NA,NA,S,2,1,2664387.204,121.6,2004,47,4,10.49
207534,Active,51223,NA,NA,D,4,1,283986.9038,169.2,2010,102,4.09,35.73
207535,Active,51224,NA,NA,D,3,1,819752.41,125.4,2008,84,4,22.51
207536,Active,765214,NA,NA,S,3,1,2325472.285,89.95,1998,36,4,44.67
207537,Active,53189,NA,NA,D,4,1,414653.7088,117.95,2003,40,4,19.86
207538,Active,141794,NA,NA,S,4,1,84696.5825,66,2007,90,18.99,42.62
207539,Active,543095,NA,NA,S,0,0,925415.6538,34.99,2006,36,4,15.41
207540,Active,259050,NA,NA,S,0,0,1041716.019,34.95,2006,30,4,43.84
207541,Active,53188,NA,NA,D,6,1,192768.6788,203.95,2008,78,5.89,73.43
207542,Active,61088,NA,NA,S,2,1,989202.645,69.95,2001,90,4,14.44
207543,Active,127641,NA,NA,D,3,1,93012.3,92.95,2010,89,4.06,18.34
207544,Active,525017,NA,NA,D,3,1,86197.41875,92.95,2010,86,3.84,22.76
207545,Active,636585,NA,NA,S,1,0,236565.7675,54.95,2009,27,29.99,37.9
207546,Active,868366,NA,NA,D,2,1,4142986.466,56.95,2000,32,4,7.44
207547,Active,129434,NA,NA,D,4,1,54326.05875,89.95,2011,84,6.46,27.95
207548,Active,127394,NA,NA,D,3,1,397023.87,87.95,2008,74,4.87,23.41
207549,Active,126730,NA,NA,D,2,1,470713.54,77.95,2005,63,3.96,10.55
207550,Active,53187,NA,NA,D,5,1,223715.5138,219.95,2006,50,4,43.6
207551,Active,618748,NA,NA,S,2,1,554452.9313,112,2004,40,11.14,0
207552,Active,872568,NA,NA,S,0,0,613807.6,21.95,2000,49,4,23.98
207553,Active,559920,NA,NA,D,1,0,926185.6925,53.54,2003,52,4,52.11
207554,Active,108362,NA,NA,S,1,0,80608.25,63.43,2003,22,38.99,53.98
207555,Active,594103,NA,NA,S,1,0,111868.925,61.95,2010,36,4.98,45.04
207556,Active,120568,NA,NA,D,1,0,259339.915,97.2,2007,43,4.59,21.14
207557,Active,607249,NA,NA,D,4,1,385251.2513,94.4,2003,29,7.82,34.51
207558,Active,619997,NA,NA,S,2,1,173833.1338,121.2,1999,54,7.68,30.3
207559,Active,901236,NA,NA,S,2,1,1828804.626,49.95,2010,18,20.34,101.51
207560,Active,1680262,NA,NA,S,0,0,288766.435,9.99,2013,133,3.77,4.53
207561,Active,540367,NA,NA,S,0,0,3404.27,14.95,2007,567,4,7.87
207562,Active,161838,NA,NA,S,1,0,67782.175,162.5,2007,47,47.79,102.99
207563,Active,105759,NA,NA,D,1,0,110912.6488,50,2001,71,7.03,25.99
207564,Active,1745597,NA,NA,S,2,1,21877.9625,39.95,2015,17,19.87,23.99
207565,Active,55441,NA,NA,D,3,1,399628.6275,141.6,2005,45,8.34,111.83
207566,Active,421758,NA,NA,D,3,1,262981.5863,107.2,2005,42,4.35,19.82
207567,Active,428535,NA,NA,D,4,1,113099.88,160.8,2010,46,7.46,83.99
207568,Active,55411,NA,NA,S,2,1,168667.0838,106.2,2002,40,29.76,0
207569,Active,56600,NA,NA,D,2,1,2266993.231,7.98,2004,48,3.9,7.98
207570,Active,595231,NA,NA,S,5,1,31862.555,72.25,2013,70,21.58,52.49
207571,Active,56601,NA,NA,D,4,1,165741.8488,47.96,2010,88,4,29.9
207572,Active,56602,NA,NA,D,3,1,638489.7588,6.99,2007,93,4,11.49
207573,Active,595232,NA,NA,S,5,1,19244.17625,72.25,2013,92,23.92,53.65
207574,Active,56605,NA,NA,D,4,1,293329.4263,22.9,2010,90,4,14.58
207575,Active,56604,NA,NA,D,3,1,600321.2513,8.72,2007,163,4,8.89
207576,Active,55410,NA,NA,D,5,1,43872.02625,189.95,2008,76,17.79,44.91
207577,Active,177739,NA,NA,D,1,0,1185917.574,60.95,2000,32,4,11.28
207578,Active,55408,NA,NA,D,2,1,517685.28,195.95,2004,54,4,52.99
207579,Active,765503,NA,NA,S,4,1,737227.2888,82.95,2001,17,6.43,34.98
207580,Active,55407,NA,NA,S,3,1,25382.59,197.95,2009,87,22.99,80.88
207581,Active,641982,NA,NA,S,4,1,38193.45625,86.4,2013,69,21.44,60.84
207582,Active,1535828,NA,NA,S,0,0,49045.76125,97.25,2015,39,52.6,59.99
207583,Active,1535826,NA,NA,S,0,0,96827.76875,118.25,2015,60,58.45,70.99
207584,Active,54459,NA,NA,D,2,1,680815.61,16,2008,78,4,18.99
207585,Active,154047,NA,NA,D,3,1,209317.0638,36.99,2010,43,7.19,27.99
207586,Active,154048,NA,NA,D,3,1,54891.42,27.99,2010,83,9.33,38.74
207587,Active,289422,NA,NA,D,2,1,388395.215,53.56,2008,80,4,23.44
207588,Active,153852,NA,NA,D,2,1,430119.4725,23.64,2008,115,4,18.98
207589,Active,154049,NA,NA,D,3,1,94105.46375,64.99,2010,132,4,42.08
207590,Active,154050,NA,NA,D,3,1,376403.145,36.93,2010,52,4,51.51
207591,Active,663204,NA,NA,S,4,1,43246.3725,109.75,2013,47,26.09,76.98
207592,Active,153994,NA,NA,D,2,1,1413003.956,13.48,2008,32,4,13.2
207593,Active,154051,NA,NA,D,3,1,708366.6013,10.66,2010,68,4,12.99
207594,Active,154052,NA,NA,S,3,1,458649.9925,27.95,2010,56,4.97,51.15
207595,Active,612378,NA,NA,S,4,1,30620.4775,109.75,2013,49,45.98,47.99
207596,Active,563685,NA,NA,D,2,1,1236855.399,27.91,2008,35,4.41,27.85
207597,Active,544894,NA,NA,S,2,1,88853.075,38.95,2010,58,23.51,27.48
207598,Active,551665,NA,NA,S,3,1,138749.565,70.8,1999,40,27.86,53.99
207599,Active,608956,NA,NA,D,4,1,4233980.979,42.95,2005,22,4,23.94
207600,Active,610038,NA,NA,S,6,1,373091.265,61.95,2012,33,21.99,52.72
207601,Active,608965,NA,NA,D,5,1,1789907.489,58.95,2009,31,4.41,48.13
207602,Active,2595021,NA,NA,D,1,0,1805411.545,44.95,1988,24,4.05,19.24
207603,Active,664686,NA,NA,S,2,1,179806.9888,44.99,2013,13,36.88,30.23
207604,Active,2043886,NA,NA,S,2,1,97394.52625,45,2013,19,36.82,33.83
207605,Active,873393,NA,NA,D,2,1,1217708.81,96,2001,29,5.96,32.97
207606,Active,478870,NA,NA,D,3,1,336830.895,110.95,2006,35,4.99,27.99
207607,Active,525014,NA,NA,S,4,1,116263.0513,126.99,2011,31,47.99,65.14
207608,Active,875695,NA,NA,S,3,1,1741001.633,25.86,2011,21,22.79,44.98
207609,Active,264219,NA,NA,D,0,0,886975.88,44.95,2006,54,4,34.93
207610,Active,389630,NA,NA,D,3,1,317888.665,69.99,2011,66,17.31,37.48
207611,Active,264264,NA,NA,D,2,1,509250.2963,54.95,2007,34,6.51,62.48
207612,Active,914045,NA,NA,S,2,1,1644919.888,39.95,2003,37,5.74,10.45
207613,Active,635953,NA,NA,S,2,1,59363.445,50.99,2011,26,17.99,0
207614,Active,868433,NA,NA,D,3,1,1139749.163,52.95,2002,36,4,8.03
207615,Active,114412,NA,NA,D,0,0,890705.5875,56.8,2003,32,4,43.53
207616,Active,315076,NA,NA,D,2,1,580891.5113,98.2,2007,40,22.29,23.96
207617,Active,2262134,NA,NA,D,2,1,809694.2238,808.97,2008,34,20.31,94.71
207618,Active,831145,NA,NA,D,2,1,839271.72,69.95,1997,29,6.38,37.99
207619,Active,1460570,NA,NA,S,0,0,708987.1263,8.82,2013,23,4.75,10.34
207620,Active,290961,NA,NA,D,7,1,62063.48125,299.95,2010,83,11.75,48.99
207621,Active,61089,NA,NA,D,6,1,68591.145,192.95,2006,70,4.19,45.67
207622,Active,772594,NA,NA,S,1,0,745543.1938,67.95,2011,55,6.39,28.99
207623,Active,647153,NA,NA,S,0,0,49063.95,59.95,2012,17,31.89,38.5
207624,Active,101229,NA,NA,S,2,1,584935.8825,52,1998,28,7.43,49.21
207625,Active,2851496,NA,NA,S,2,1,403075.9013,199.95,2005,18,8.09,53.98
207626,Active,1455638,NA,NA,D,1,0,354621.265,34.99,2014,21,21.93,22.63
207627,Active,614517,NA,NA,D,1,0,79635.52875,110,2011,90,4,24.99
207628,Active,613379,NA,NA,D,0,0,16036.8425,159.75,2010,112,8.84,32.59
207629,Active,705682,NA,NA,D,0,0,851013.0363,76,2012,17,4.99,76
207630,Active,616397,NA,NA,S,0,0,521108.1613,45.45,2005,59,4,8.97
207631,Active,1624605,NA,NA,S,1,0,13006.3,81.15,2006,2,7.99,8.22
207632,Active,608475,NA,NA,D,4,1,1363769.2,170.95,2010,31,4,44.09
207633,Active,608792,NA,NA,D,3,1,2738597.231,163.95,2007,28,6.1,55.87
207634,Active,614930,NA,NA,D,2,1,837634.1925,122.2,2011,71,3.84,7.48
207635,Active,614026,NA,NA,S,8,1,399922.87,138.95,2004,75,5.99,68.99
207636,Active,680690,NA,NA,S,1,0,536600.135,29.95,2006,39,4.53,5.88
207637,Active,198472,NA,NA,S,2,1,356506.1925,71.95,2003,32,30.36,56.6
207638,Active,1946300,NA,NA,S,1,0,15599.525,38.25,2014,19,28.54,28.64
207639,Active,174979,NA,NA,D,0,0,219849.105,39.75,2008,58,8.04,27.02
207640,Active,288651,NA,NA,D,6,1,562788.8675,68,2007,39,4,7.04
207641,Active,133114,NA,NA,D,7,1,48563.895,106.2,2010,83,4.05,18.78
207642,Active,133113,NA,NA,D,6,1,1605703.155,82.33,2009,56,4,9.95
207643,Active,625712,NA,NA,S,1,0,513547.7038,98,2004,43,5.52,22.76
207644,Active,112191,NA,NA,S,1,0,685739.815,98,2005,42,5.67,42.99
207645,Active,2302765,NA,NA,S,2,1,1558973.844,104.6,1995,35,4.58,16.49
207646,Active,2357637,NA,NA,S,1,0,662658.8825,102.5,2004,39,6.35,22.69
207647,Active,617723,NA,NA,S,4,1,69340.175,86.75,1998,64,10.02,43.88
207648,Active,626639,NA,NA,S,5,1,340728.035,90.95,2013,28,34.61,66.35
207649,Active,675337,NA,NA,S,0,0,591622.55,29.99,2012,153,4,4.66
207650,Active,680071,NA,NA,S,3,1,398212.9038,29.99,2013,130,4,6.55
207651,Active,3798030,NA,NA,S,16,1,20163.05,49.99,2015,15,29.43,32.57
207652,Active,132368,NA,NA,S,8,1,106608.735,95,2007,46,28.58,66.64
207653,Active,53153,NA,NA,D,5,1,406447.5738,6.98,2006,123,4,5.88
207654,Active,53154,NA,NA,D,6,1,252907.4125,22.99,2009,166,4,11.99
207655,Active,540430,NA,NA,D,6,1,141127.6338,19.99,2009,169,4,11.04
207656,Active,613254,NA,NA,D,6,1,50055.7325,62.51,2010,145,4,24.99
207657,Active,288309,NA,NA,D,6,1,1912339.406,100.3,2009,24,4,73.79
207658,Active,142046,NA,NA,D,7,1,43942.02375,68.48,2010,75,6.11,19.12
207659,Active,142044,NA,NA,D,7,1,51038.06,54.98,2011,77,6.98,19.79
207660,Active,58304,NA,NA,D,3,1,356001.3475,23.99,2009,90,4,19.19
207661,Active,615868,NA,NA,D,4,1,52686.5025,111.25,2011,69,7.88,35.62
207662,Active,861106,NA,NA,S,3,1,366513.6763,167.95,2012,39,18.14,62.57
207663,Active,872177,NA,NA,D,4,1,1254948.449,123.18,2007,26,5.59,75.77
207664,Active,717577,NA,NA,S,2,1,5799998.798,63.95,2000,17,4.13,20.93
207665,Active,866641,NA,NA,D,8,1,155579.0863,118.95,2011,60,5.96,44.89
207666,Active,609507,NA,NA,D,8,1,1143109.1,169.95,2007,19,4,17.98
207667,Active,875242,NA,NA,D,7,1,947551.2875,46.56,2010,54,7.32,11.27
207668,Active,704768,NA,NA,D,2,1,4290730.815,8.98,2006,24,4,8.98
207669,Active,606915,NA,NA,D,2,1,1070198.934,103.9,2005,21,4.98,103.9
207670,Active,557590,NA,NA,D,2,1,580688.0575,122.2,2011,147,4,7.24
207671,Active,859969,NA,NA,D,0,0,2542286.359,20.58,2009,46,4,23.48
207672,Active,867083,NA,NA,S,4,1,68107.19375,142.8,2014,45,22.28,73.99
207673,Active,53656,NA,NA,D,2,1,726875.5063,108.33,2009,95,4,5.98
207674,Active,533561,NA,NA,D,3,1,187850.7438,130.2,2011,108,4,9.99
207675,Active,300472,NA,NA,S,2,1,85301.17625,29,2011,62,8.71,29.24
207676,Active,298274,NA,NA,S,0,0,337021.4725,44.95,2007,28,27.06,19.84
207677,Active,711898,NA,NA,D,4,1,656853.3125,33.8,2001,52,4,4
207678,Active,118036,NA,NA,D,5,1,257198.745,32.2,2005,45,4,41.85
207679,Active,54402,NA,NA,D,10,1,1292496.891,50.4,2002,58,4,7.89
207680,Active,115488,NA,NA,S,8,1,2303246.156,27.15,1995,54,4,17.81
207681,Active,116962,NA,NA,D,11,1,770009.875,87.8,2005,56,4.24,30.24
207682,Active,141909,NA,NA,S,2,1,776929.5325,38.08,2008,48,4,35.75
207683,Active,198015,NA,NA,S,9,1,565739.4163,69.5,2009,35,14.62,59.99
207684,Active,54403,NA,NA,D,11,1,256655.4338,77,2005,61,4,9.99
207685,Active,54404,NA,NA,D,12,1,450290.06,64,2009,50,4,41.94
207686,Active,563645,NA,NA,S,0,0,183554.9225,18.46,2012,27,9.61,0
207687,Active,120963,NA,NA,S,4,1,285638.0025,88,2008,40,36.19,76.99
207688,Active,2365118,NA,NA,D,1,0,3551766.9,22.2,1999,23,4,7.06
207689,Active,286122,NA,NA,D,2,1,1438999.979,31.2,2003,30,4,6.99
207690,Active,120935,NA,NA,S,3,1,208184.2463,53.4,2007,38,5.29,26.2
207691,Active,248296,NA,NA,S,3,1,178798.5313,156.95,2004,71,4,35.47
207692,Active,617807,NA,NA,D,1,0,1996828.585,40.95,1999,34,4,41.47
207693,Active,871137,NA,NA,S,2,1,9027.73125,75,2014,147,27.2,52.78
207694,Active,141947,NA,NA,D,1,0,208955.8013,33.77,2010,161,4.09,21.26
207695,Active,54575,NA,NA,S,3,1,974129.2638,36.73,1998,31,3.87,28.99
207696,Active,54574,NA,NA,S,4,1,31099.04,50.65,2006,118,4.86,66.23
207697,Active,170172,NA,NA,D,6,1,24541.37625,109.95,2011,184,5.09,14
207698,Active,878296,NA,NA,S,6,1,522640.15,71.44,2010,35,18.89,71.44
207699,Active,248449,NA,NA,D,5,1,109472.6138,115.95,2008,148,4,38.22
207700,Active,248354,NA,NA,D,4,1,610145.0063,95.95,2005,129,3.98,12.99
207701,Active,872983,NA,NA,S,3,1,572991.8975,87.95,2014,19,43.94,74.87
207702,Active,638055,NA,NA,D,1,0,7686657.505,46.57,2006,16,4,46.53
207703,Active,170171,NA,NA,D,2,1,320024.155,127.95,2011,83,6.39,39.67
207704,Active,298332,NA,NA,D,1,0,375630.2563,135.95,2007,80,4,19.96
207705,Active,875347,NA,NA,S,2,1,3743825.709,18.95,1991,38,4,23.68
207706,Active,270063,NA,NA,D,5,1,386997.77,101,2008,154,4.7,8.91
207707,Active,610474,NA,NA,S,6,1,38330.33125,120,2013,87,33.99,97.32
207708,Active,129400,NA,NA,D,3,1,39051.33625,69.95,2011,42,12.62,53.99
207709,Active,259623,NA,NA,D,3,1,2739117.503,104.95,2000,22,3.99,40.14
207710,Active,1555129,NA,NA,S,2,1,205491.8513,60.95,2014,38,40.48,52.19
207711,Active,3097183,NA,NA,S,3,1,85946.3,53.94,2005,37,15.09,43.98
207712,Active,877083,NA,NA,S,12,1,653809.4038,76.67,2012,32,5.43,53.99
207713,Active,54415,NA,NA,S,9,1,1437107.673,62,2004,93,4,7.98
207714,Active,557454,NA,NA,D,3,1,1475185.29,57.4,2008,61,4,13.98
207715,Active,287399,NA,NA,D,4,1,799727.2375,68,2010,79,4,26.62
207716,Active,54414,NA,NA,D,10,1,131952.065,77.8,2007,193,4,19.85
207717,Active,54413,NA,NA,D,11,1,205555.8875,93.67,2010,216,4,32.79
207718,Active,178071,NA,NA,S,4,1,2267753.375,139.95,2004,57,4,4
207719,Active,878743,NA,NA,D,6,1,512967.5388,60.07,2010,44,6.11,40.4
207720,Active,765168,NA,NA,S,4,1,1783293.72,88.95,2002,47,3.9,11.49
207721,Active,51563,NA,NA,D,6,1,98696.07125,216.95,2009,137,4,28.96
207722,Active,51562,NA,NA,D,5,1,839748.2513,237.95,2006,101,3.5,8.95
207723,Active,290909,NA,NA,D,5,1,1922371.501,40.79,2006,29,4,27.84
207724,Active,660996,NA,NA,D,7,1,195154.075,110.95,2012,28,16.98,0
207725,Active,607585,NA,NA,D,2,1,3768760.025,84.95,1994,25,4,29.5
207726,Active,287095,NA,NA,S,3,1,83608.0775,105.95,2007,49,9.85,27.61
207727,Active,120772,NA,NA,S,5,1,187943.2263,143.8,2010,42,15.33,66.99
207728,Active,116532,NA,NA,D,3,1,1451919.085,82.4,2004,34,4,12.94
207729,Active,117775,NA,NA,D,4,1,1258394,101.67,2007,40,4,23.99
207730,Active,2801570,NA,NA,S,2,1,1442344.726,45.95,1994,16,22.54,45.95
207731,Active,2256307,NA,NA,D,9,1,2263310.17,113.3,2011,26,6.91,112.57
207732,Active,876752,NA,NA,S,9,1,382391.645,76.67,2011,22,12.78,49.98
207733,Active,287443,NA,NA,D,9,1,20698.405,112.4,2011,177,4.38,48.54
207734,Active,132835,NA,NA,D,8,1,759553.8338,82.33,2009,122,3.99,6.97
207735,Active,669110,NA,NA,S,9,1,269506.5263,67.33,2011,21,17.21,48.99
207736,Active,145422,NA,NA,D,7,1,1151675.774,77.6,2006,62,4,13.98
207737,Active,53548,NA,NA,D,8,1,172729.2475,90.8,2009,191,4,7.3
207738,Active,132836,NA,NA,D,5,1,158095.9375,66.67,2009,96,4,16.34
207739,Active,130783,NA,NA,D,6,1,42834.33875,81,2011,71,5.14,47.86
207740,Active,145421,NA,NA,D,4,1,1078143.979,57.8,2006,68,4,4.16
207741,Active,127065,NA,NA,S,2,1,161210.8425,49.95,2006,30,11.92,0
207742,Active,247857,NA,NA,S,2,1,538757.9463,41.95,2006,45,4.99,11.54
207743,Active,590294,NA,NA,S,4,1,166616.275,54.99,2011,42,7.81,49.93
207744,Active,162447,NA,NA,S,2,1,37153.525,34.95,2009,32,21.48,23.94
207745,Active,1575040,NA,NA,S,2,1,294682.8675,123.95,2011,49,6.09,48.98
207746,Active,2266228,NA,NA,S,3,1,545724.8638,143.94,2010,41,21.41,77.72
207747,Active,119854,NA,NA,S,3,1,577900.0013,149.2,1995,76,4,19.95
207748,Active,616276,NA,NA,S,5,1,1727923.453,36.7,1995,34,4,7.98
207749,Active,553883,NA,NA,S,6,1,598991.9288,149.2,1998,55,4,67.64
207750,Active,587525,NA,NA,S,3,1,22970.945,69.95,2011,79,20,41.87
207751,Active,2569653,NA,NA,D,1,0,1302408.613,39.95,1991,29,4,43.98
207752,Active,608293,NA,NA,S,2,1,708044.0388,70,1996,28,8.78,73.33
207753,Active,560774,NA,NA,D,0,0,239659.7275,56.8,2008,39,5.65,52.88
207754,Active,859339,NA,NA,S,0,0,28676.66375,14.95,2005,142,6.95,0
207755,Active,130044,NA,NA,S,1,0,111884.98,56.99,2000,111,4.27,33.43
207756,Active,869626,NA,NA,D,6,1,898298.1775,74.45,2008,30,5.58,49.64
207757,Active,602441,NA,NA,D,6,1,298508.5875,55.5,2007,88,4,23.98
207758,Active,193717,NA,NA,S,3,1,289621.3238,30.95,2009,36,6.54,18.99
207759,Active,544235,NA,NA,S,9,1,75368.34125,139.95,2013,44,32.36,59.26
207760,Active,251976,NA,NA,D,8,1,123344.3675,142.95,2010,33,16.48,52.94
207761,Active,871072,NA,NA,S,6,1,484364.7525,113.95,2001,56,4,5.09
207762,Active,61090,NA,NA,D,7,1,470950.02,136.95,2005,77,4,15.94
207763,Active,330976,NA,NA,S,1,0,32273.8,49.38,2004,81,8.93,19.43
207764,Active,540210,NA,NA,S,2,1,8452.83875,19,2011,53,10.96,12.01
207765,Active,54780,NA,NA,D,8,1,23617.225,106.4,2010,61,13.09,79.79
207766,Active,54782,NA,NA,D,7,1,73152.4975,89.8,2006,66,8.85,39.21
207767,Active,540424,NA,NA,S,5,1,74076.76625,70.82,2011,73,9.59,95.03
207768,Active,2460575,NA,NA,D,3,1,4662617.355,13.98,2005,16,6.12,13.98
207769,Active,58192,NA,NA,D,3,1,1683462.185,16.49,2005,61,4,16.49
207770,Active,58193,NA,NA,D,4,1,632779.4863,43.99,2008,101,4,34.88
207771,Active,541125,NA,NA,S,2,1,1671869.574,40,2009,27,19.68,25.32
207772,Active,658216,NA,NA,S,2,1,493370.9338,51,2012,30,24.24,28.94
207773,Active,153798,NA,NA,S,2,1,500784.145,45,2006,35,7.07,21.49
207774,Active,629535,NA,NA,D,1,0,291018.2575,48.95,2010,32,6.83,0
207775,Active,600136,NA,NA,D,2,1,612756.2875,95,2010,53,5.48,51.47
207776,Active,622211,NA,NA,D,3,1,273637.3638,134.6,2013,74,8.39,70.81
207777,Active,525001,NA,NA,D,2,1,697068.1938,93.2,2010,104,4,10.98
207778,Active,145369,NA,NA,D,0,0,2418304.59,93.8,2007,43,4,12.48
207779,Active,108307,NA,NA,S,2,1,528994.445,49.98,2004,43,8.31,49.98
207780,Active,618135,NA,NA,S,3,1,1129718.765,44.95,2006,74,4,9.38
207781,Active,169341,NA,NA,D,2,1,1435744.261,49.95,2007,32,4,7.94
207782,Active,124083,NA,NA,D,1,0,5711374.68,34.95,2003,30,3.99,8.63
207783,Active,492192,NA,NA,S,4,1,85530.77,74.95,2012,64,26.38,50.39
207784,Active,169895,NA,NA,D,3,1,535186.445,80.95,2009,46,4,17.49
207785,Active,900608,NA,NA,S,3,1,83463.47875,70,2015,30,43.98,46.47
207786,Active,557707,NA,NA,S,2,1,31992.79875,12,2007,89,6.43,8.99
207787,Active,169302,NA,NA,D,9,1,678184.7713,227.95,2007,41,4,33.08
207788,Active,525000,NA,NA,D,10,1,98349.2125,214.95,2011,62,9.98,22.5
207789,Active,53652,NA,NA,D,8,1,34355.7375,105,2011,84,5.84,33.48
207790,Active,53654,NA,NA,D,7,1,86552.89375,97,2008,52,4,73.17
207791,Active,607683,NA,NA,S,5,1,2782106.351,57.8,2001,41,4,10.99
207792,Active,53653,NA,NA,D,6,1,961877.8975,79.6,2005,90,4,51.49
207793,Active,524999,NA,NA,S,4,1,351104.8275,96.2,2007,31,18.99,73.33
207794,Active,607786,NA,NA,D,2,1,610183.8313,50.95,2006,43,4.41,13.24
207795,Active,135657,NA,NA,D,3,1,345551.9863,51.95,2010,64,4.7,31.99
207796,Active,109355,NA,NA,S,5,1,421902.14,76.95,2004,32,3.99,21.94
207797,Active,540435,NA,NA,D,8,1,30436.68875,84.25,2010,113,6.15,13.98
207798,Active,547690,NA,NA,S,3,1,626399.6313,126,1981,29,11.07,114.99
207799,Active,555723,NA,NA,S,3,1,498489.0425,19.95,2008,138,4,5.99
207800,Active,1946592,NA,NA,S,1,0,45922.5,53.5,2014,43,13.94,21.94
207801,Active,144810,NA,NA,D,3,1,659628.0988,57,2004,44,4,16.34
207802,Active,865433,NA,NA,S,8,1,2613938.55,80.98,2008,13,4,86.37
207803,Active,871095,NA,NA,D,6,1,1127809.25,87,2007,53,4,9.98
207804,Active,117469,NA,NA,D,5,1,1320969.091,67,2003,62,4,16.49
207805,Active,133038,NA,NA,S,7,1,44985.9225,123,2011,61,46.33,93.67
207806,Active,61093,NA,NA,D,2,1,536780.28,90.8,2004,44,6.42,68.3
207807,Active,570270,NA,NA,D,0,0,2616962.713,56.15,2001,16,5.31,9.98
207808,Active,244218,NA,NA,S,3,1,40187.08125,173.95,2012,150,4.76,57.9
207809,Active,53025,NA,NA,D,2,1,1260537.095,195.95,2008,40,4,23.94
207810,Active,53027,NA,NA,D,2,1,386403.5938,181.95,2009,71,4,18.99
207811,Active,117386,NA,NA,S,8,1,192240.3763,54,2008,30,22.67,0
207812,Active,115783,NA,NA,D,7,1,738782.5038,23.6,2003,38,4,0
207813,Active,275584,NA,NA,S,2,1,234379.8588,29.5,2003,91,4,14.97
207814,Active,632186,NA,NA,D,5,1,12400.9125,80.5,2012,47,23.94,59.31
207815,Active,55044,NA,NA,D,3,1,30356.34875,55.5,2006,77,4,22.99
207816,Active,55045,NA,NA,D,4,1,45914.97375,65,2009,105,8.04,39.99
207817,Active,54411,NA,NA,D,6,1,526095.775,64.6,2009,53,4,55.24
207818,Active,54412,NA,NA,D,5,1,929057.29,57.8,2006,53,4,4.99
207819,Active,533498,NA,NA,D,7,1,55515.07125,73.6,2011,62,4.12,43.95
207820,Active,534132,NA,NA,S,2,1,27143.00125,139,2013,78,35.21,43.99
207821,Active,549854,NA,NA,D,1,0,626440.8538,8.99,2009,61,4,8.99
207822,Active,629084,NA,NA,S,2,1,249439.7013,111.25,2013,66,18.2,27.81
207823,Active,285541,NA,NA,D,1,0,968820.9913,103.25,2010,26,4.16,68.98
207824,Active,613097,NA,NA,D,1,0,580578.4863,10.94,2011,104,4,13.49
207825,Active,705416,NA,NA,S,2,1,25117.26875,111.25,2013,88,26.98,43.96
207826,Active,199249,NA,NA,S,2,1,511120.56,31.95,2003,33,4,20.98
207827,Active,217692,NA,NA,S,2,1,164141.215,65.95,2004,35,14.96,52.11
207828,Active,3585585,NA,NA,D,1,0,9684886.75,39.99,1999,19,5.07,72.71
207829,Active,169806,NA,NA,D,8,1,255564.2875,67.95,2008,50,4,5.96
207830,Active,569679,NA,NA,D,7,1,1125247.266,39.95,2005,54,4,6.24
207831,Active,244130,NA,NA,S,9,1,75354.23875,70.95,2011,44,26.13,43.94
207832,Active,142138,NA,NA,S,5,1,11447.4475,42.5,2011,69,20.08,28.49
207833,Active,54885,NA,NA,S,4,1,158992.1188,25.07,2006,123,4,14.56
207834,Active,248356,NA,NA,D,5,1,2471797.421,182.95,2005,27,4,15.99
207835,Active,1520288,NA,NA,S,0,0,13537.45,59.38,2014,14,44.19,52.84
207836,Active,56926,NA,NA,S,3,1,829402.8888,31.95,2004,54,4,13.63
207837,Active,3530574,NA,NA,D,4,1,2861288.35,77.95,2003,52,4,7.59
207838,Active,2620395,NA,NA,D,3,1,4707282.799,25.95,1999,28,3.34,6.99
207839,Active,145094,NA,NA,S,0,0,1159940.713,26,2005,35,4,13.97
207840,Active,560736,NA,NA,D,6,1,361850.1313,76.6,2003,69,4,11.98
207841,Active,872102,NA,NA,D,7,1,1482731.058,142.99,2007,46,5.58,57.14
207842,Active,61094,NA,NA,D,1,0,589610.9375,72.8,2001,33,4,109.77
207843,Active,555776,NA,NA,S,2,1,350705.6263,29.95,2009,53,4,13.79
207844,Active,183716,NA,NA,D,7,1,3248956.764,167.95,2006,31,4,4
207845,Active,179195,NA,NA,D,8,1,378779.2688,158.95,2009,72,4.72,9.54
207846,Active,145374,NA,NA,D,7,1,3250533.838,68.2,2006,28,4,29.9
207847,Active,607952,NA,NA,S,12,1,1391616.699,51.2,2006,67,3.99,7.98
207848,Active,862428,NA,NA,S,15,1,6539.98125,68.6,2014,50,37.04,38.99
207849,Active,248295,NA,NA,S,5,1,729192.0788,34.95,2004,37,4,17.99
207850,Active,170100,NA,NA,S,5,1,278271.415,42.95,2009,22,27.96,27.98
207851,Active,54458,NA,NA,S,12,1,1055323.374,48,2006,95,4,8.98
207852,Active,624279,NA,NA,D,14,1,125386.9813,64.6,2011,59,4,39.36
207853,Active,142189,NA,NA,S,7,1,696329.1375,200.16,2010,35,5.48,100.53
207854,Active,54457,NA,NA,D,13,1,143142.1213,58.33,2009,84,4,19.95
207855,Active,639907,NA,NA,S,1,0,6101.625,36.95,2011,16,27.13,26.93
207856,Active,569031,NA,NA,S,1,0,419289.28,59.99,2006,31,20.99,28.99
207857,Active,305039,NA,NA,S,20,1,38667.425,21,2011,36,9.99,11.98
207858,Active,754822,NA,NA,D,1,0,3313308.641,60,2007,13,7.75,59.99
207859,Active,1482356,NA,NA,S,1,0,86027.975,104.8,2014,69,21.64,56.46
207860,Active,649248,NA,NA,S,1,0,218665.2775,35,2004,44,18.48,23.94
207861,Active,655407,NA,NA,S,2,1,204702.4563,48,2012,71,25.99,31.23
207862,Active,552990,NA,NA,S,6,1,393557.53,143,2007,45,7.18,49.14
207863,Active,2475924,NA,NA,S,2,1,195046.395,138,2002,26,26.84,48.48
207864,Active,624144,NA,NA,S,2,1,737623.77,56.95,2001,34,18.43,43.97
207865,Active,58220,NA,NA,S,5,1,129944.5013,66.28,2008,53,8.99,108.69
207866,Active,58219,NA,NA,D,4,1,1768036.035,86.6,2005,25,4,43.91
207867,Active,119999,NA,NA,S,5,1,243804.965,122.2,2008,33,26.39,73.99
207868,Active,141963,NA,NA,D,10,1,163894.9463,23.64,2009,44,4.4,18.99
207869,Active,141628,NA,NA,S,8,1,1716390.17,9.98,2003,63,4,9.97
207870,Active,546017,NA,NA,D,11,1,6884.315,75.99,2012,63,26.57,48.99
207871,Active,288330,NA,NA,D,10,1,147359.9788,23.4,2010,84,4,16.99
207872,Active,800398,NA,NA,D,1,0,1800202.656,43.95,2006,45,4,13.34
207873,Active,877765,NA,NA,D,7,1,960301.3188,99.95,2009,39,4,13.99
207874,Active,802309,NA,NA,D,7,1,1441804.415,108.95,2007,29,4,33.99
207875,Active,169982,NA,NA,S,8,1,315027.8838,100.95,2011,30,19.74,35.4
207876,Active,877768,NA,NA,D,6,1,2173271.541,36.95,2002,33,4,4.36
207877,Active,631858,NA,NA,S,2,1,130750.7813,41.95,2002,49,14.49,41.94
207878,Active,323655,NA,NA,S,3,1,119888.8513,37.95,2004,60,5.96,23.99
207879,Active,545863,NA,NA,S,3,1,40365.69,38.95,2012,72,23.99,30.94
207880,Active,293774,NA,NA,S,2,1,533049.2525,36.95,2005,65,4,18.99
207881,Active,553005,NA,NA,S,1,0,90865.375,53,2008,38,6.41,13.47
207882,Active,118731,NA,NA,S,3,1,95620.16125,53.32,2008,74,8.63,32.62
207883,Active,2399638,NA,NA,D,0,0,1202468,0,1974,18,4,72.93
207884,Active,2399639,NA,NA,D,2,1,5005179.2,0,1979,12,4,0
207885,Active,861111,NA,NA,S,2,1,565961.7525,96.93,2012,31,28.48,103.99
207886,Active,524993,NA,NA,D,2,1,62049.555,79.4,2012,69,4.36,32.99
207887,Active,132652,NA,NA,D,1,0,701052.0075,66.67,2009,62,4.15,33.99
207888,Active,550568,NA,NA,S,2,1,161543.055,166.75,2008,57,9.34,39.44
207889,Active,557032,NA,NA,D,2,1,23359.67375,97.6,2012,134,5.23,21
207890,Active,557451,NA,NA,D,1,0,346153.615,82.4,2009,139,4,10.56
207891,Active,544239,NA,NA,S,2,1,86184.30875,92.95,2013,35,37.99,49.97
207892,Active,572028,NA,NA,D,1,0,179561.7363,92.95,2006,48,13.98,38.99
207893,Active,576310,NA,NA,D,2,1,547994.2638,38.95,2001,48,4,14.4
207894,Active,918369,NA,NA,S,0,0,638223.3825,29,1990,42,4,19.82
207895,Active,248427,NA,NA,S,8,1,1457692.34,168.95,2007,44,4,45.14
207896,Active,145548,NA,NA,S,9,1,595161.5875,106.2,2006,28,9.57,0
207897,Active,768710,NA,NA,D,13,1,1137550.233,4.57,2000,63,4,4.57
207898,Active,609508,NA,NA,D,10,1,533565.6825,149.95,2007,59,4,21.49
207899,Active,739487,NA,NA,D,6,1,8330732.028,101.6,2000,16,7.94,7.99
207900,Active,739492,NA,NA,D,7,1,2924761.903,54,2002,22,4.47,23.97
207901,Active,739116,NA,NA,S,6,1,11892565.42,57,1999,16,4.78,23.99
207902,Active,719102,NA,NA,S,2,1,1162476.689,55,1998,23,6.79,40.57
207903,Active,534940,NA,NA,S,6,1,63925.8925,56.95,2013,44,28.37,39.73
207904,Active,539976,NA,NA,S,3,1,4919.37125,54.8,2010,95,9.98,14.99
207905,Active,874324,NA,NA,S,0,0,122183.9225,26.2,1975,120,4,14.52
207906,Active,57769,NA,NA,D,4,1,1332144.489,37.95,2007,60,3.79,12.98
207907,Active,551692,NA,NA,S,2,1,45658.945,48,2000,118,4,14.8
207908,Active,57773,NA,NA,D,5,1,452264.6525,57.95,2010,70,4,13.29
207909,Active,567436,NA,NA,D,3,1,403652.9713,49.95,2007,69,4,10.49
207910,Active,54088,NA,NA,S,0,0,717151.3263,126.95,2009,30,9.64,91.14
207911,Active,54089,NA,NA,S,0,0,541080.6175,103.95,2007,56,3.99,43.65
207912,Active,621670,NA,NA,S,2,1,227032.4263,46.95,1998,36,11.99,16.76
207913,Active,298285,NA,NA,S,1,0,7368.5,89,2009,29,50.36,58.69
207914,Active,637713,NA,NA,S,6,1,131239.2488,108,2003,31,45,97.9
207915,Active,149342,NA,NA,D,3,1,3802931.076,99.9,2003,14,5.9,53.69
207916,Active,115828,NA,NA,D,3,1,1408342.93,66,2003,33,3.99,4.17
207917,Active,117086,NA,NA,D,4,1,947698.525,102.4,2008,63,4,12.38
207918,Active,1782681,NA,NA,S,2,1,727321.4388,63.95,2012,32,5.83,40.31
207919,Active,3461078,NA,NA,S,0,0,220359.845,45,2012,36,17.67,126.09
207920,Active,1655503,NA,NA,S,1,0,231444.1288,45,2009,52,8.7,59.19
207921,Active,267367,NA,NA,S,10,1,188008.1175,55,2006,72,4,13.39
207922,Active,642163,NA,NA,S,2,1,1365031.065,44.99,2012,26,4,27.3
207923,Active,1456134,NA,NA,S,2,1,704833.5275,44.99,2015,22,18.61,28.58
207924,Active,181823,NA,NA,S,2,1,1798294.778,39.95,2002,42,3.99,8.99
207925,Active,181882,NA,NA,S,3,1,206601.78,44.99,2004,88,4,13.47
207926,Active,3758236,NA,NA,S,2,1,827833,59.99,2016,22,30.01,33.94
207927,Active,2404902,NA,NA,D,0,0,1542661.281,34.95,1989,20,38.93,73.97
207928,Active,625324,NA,NA,S,4,1,110523.1,59.99,2008,17,33.98,35.55
207929,Active,1615956,NA,NA,S,2,1,510396.5013,49.99,2008,43,6.86,30.04
207930,Active,2635749,NA,NA,S,2,1,580058.8313,54.99,2005,55,4.96,20.02
207931,Active,630154,NA,NA,S,0,0,109390.4,76.99,2007,24,27.85,47.66
207932,Active,896973,NA,NA,S,0,0,515783.835,39.95,2014,25,29.97,33.64
207933,Active,832519,NA,NA,S,2,1,1377844.608,87.3,1998,36,4,53.01
207934,Active,832520,NA,NA,S,2,1,1073781.821,87.3,1999,33,4,8.49
207935,Active,524971,NA,NA,S,6,1,56386.03625,79.95,2012,73,19.32,32.94
207936,Active,203865,NA,NA,D,6,1,891418.4263,115,2007,27,15.94,53.57
207937,Active,523833,NA,NA,D,1,0,654804.2313,145,2010,12,63.59,145
207938,Active,665257,NA,NA,S,2,1,16772.4,65.98,2005,20,44.99,44.99
207939,Active,61095,NA,NA,D,2,1,942695.1938,28.27,2003,58,4,44.33
207940,Active,868012,NA,NA,D,2,1,379796.5913,25.95,1999,74,4.07,17.87
207941,Active,630438,NA,NA,S,1,0,74534.9,193.95,1977,27,31.24,81.43
207942,Active,157566,NA,NA,D,3,1,423781.66,50.95,2009,33,4.78,24.48
207943,Active,900397,NA,NA,S,1,0,20473.12375,29,2008,12,27.98,25.99
207944,Active,2067669,NA,NA,S,0,0,1687842.67,9.99,2008,15,7.22,9.99
207945,Active,176148,NA,NA,S,0,0,259962.73,23.95,1996,71,4,30.62
207946,Active,133137,NA,NA,S,7,1,1399071.876,47.2,2009,59,4,7.48
207947,Active,132301,NA,NA,S,1,0,50120.375,84.2,2008,20,53.99,60.74
207948,Active,880136,NA,NA,S,4,1,6041.10375,79.25,2015,116,36.99,43.96
207949,Active,633731,NA,NA,D,3,1,60555.50875,27.98,2013,59,12.1,12.99
207950,Active,54573,NA,NA,D,2,1,178734.9688,10.44,2011,271,4,12.99
207951,Active,54572,NA,NA,D,1,0,425515.5713,10.97,2008,209,4,8.93
207952,Active,661791,NA,NA,S,1,0,1025121.956,40.95,2010,14,36.99,41.03
207953,Active,617645,NA,NA,D,2,1,431309.36,88.8,2009,43,7.65,49.23
207954,Active,524958,NA,NA,D,5,1,401711.615,126.4,2008,38,4.71,51.9
207955,Active,2771892,NA,NA,S,0,0,418465.13,50,1989,23,17.82,39.9
207956,Active,118913,NA,NA,S,12,1,69393.68625,116.6,2007,42,32.99,71.45
207957,Active,2365079,NA,NA,D,10,1,1954519.949,44.2,2001,35,3.46,7.74
207958,Active,116065,NA,NA,D,11,1,1447967.489,49,2005,26,4,13.98
207959,Active,685703,NA,NA,S,1,0,491117.7875,29.95,2010,38,4.63,20.91
207960,Active,827269,NA,NA,D,8,1,2708234.138,41.95,2002,17,4,12.98
207961,Active,923362,NA,NA,D,11,1,21244.86125,91,2013,81,13.98,34.99
207962,Active,56961,NA,NA,D,9,1,227179.535,33.98,2010,109,4,26.94
207963,Active,142050,NA,NA,D,10,1,31415.1025,69.9,2011,87,4,24.6
207964,Active,56960,NA,NA,S,8,1,2729453.826,12.98,2008,31,4,12.98
207965,Active,546006,NA,NA,D,10,1,272642.0575,69.91,2012,49,4.7,33.48
207966,Active,892845,NA,NA,S,11,1,118756.9188,75.75,2014,29,24.24,67.85
207967,Active,142106,NA,NA,D,9,1,738949.05,7.89,2010,60,4,7.2
207968,Active,607809,NA,NA,S,8,1,1275008.631,5.94,2009,71,4,6.68
207969,Active,625674,NA,NA,D,10,1,163567.4675,41.24,2012,57,5.63,0
207970,Active,865598,NA,NA,S,2,1,17718.68375,16.95,2013,23,10.98,11.7
207971,Active,114680,NA,NA,D,1,0,2885627.223,40,2005,24,4,21.84
207972,Active,121373,NA,NA,D,2,1,923832.0663,47,2009,41,4,8.44
207973,Active,131704,NA,NA,S,4,1,419780.7038,59.4,2003,60,3.99,13.48
207974,Active,543832,NA,NA,S,7,1,397372.0488,122.95,2012,44,9.99,73.44
207975,Active,593225,NA,NA,D,6,1,462483.115,126.95,2008,61,4,12.55
207976,Active,592238,NA,NA,D,5,1,3208369.654,92.95,2007,43,4.36,16.52
207977,Active,863345,NA,NA,S,4,1,710715.9275,31.68,2006,27,11.06,38.75
207978,Active,538816,NA,NA,D,4,1,9977.17625,72.98,2012,59,11.86,82.62
207979,Active,705460,NA,NA,S,3,1,1144037.334,13.51,2011,15,13.48,58.99
207980,Active,879907,NA,NA,D,2,1,760371.2688,33.98,2008,61,4,29.98
207981,Active,57235,NA,NA,D,3,1,62946.42875,43.99,2010,102,6.98,43.98
207982,Active,57234,NA,NA,D,2,1,649977.5163,13.98,2008,59,4,13.98
207983,Active,121296,NA,NA,D,2,1,47571.61875,133.6,2011,56,10.85,43.94
207984,Active,802560,NA,NA,S,4,1,2371268.368,49.99,2005,30,4,13.68
207985,Active,3550525,NA,NA,D,2,1,3287346.2,52.95,1983,56,6.36,41.53
207986,Active,630481,NA,NA,S,1,0,159533.0675,150,2013,45,24.32,67.97
207987,Active,275901,NA,NA,S,9,1,30153.19875,17.95,2008,80,6.89,9.93
207988,Active,1944709,NA,NA,S,2,1,110852.475,45,2011,14,25.84,39.33
207989,Active,672225,NA,NA,S,0,0,159571.755,15.95,2011,261,4,0
207990,Active,601745,NA,NA,S,3,1,764630.9725,55,2011,34,10.79,30.93
207991,Active,61097,NA,NA,D,1,0,1822920.358,75,2000,35,4,23.96
207992,Active,524949,NA,NA,D,2,1,510621.6988,41.45,2005,35,12.96,61.36
207993,Active,3621609,NA,NA,D,0,0,4506132.25,259.7,2006,16,55.62,103.1
207994,Active,650393,NA,NA,S,4,1,913115.25,67,1997,16,15.29,60.21
207995,Active,676698,NA,NA,S,1,0,136149.2713,29.95,2003,36,5.7,22.17
207996,Active,881719,NA,NA,S,6,1,126783.29,74.95,2013,15,49.74,74.64
207997,Active,651939,NA,NA,D,5,1,474312.8588,69.95,2008,36,9.01,67.85
207998,Active,1556695,NA,NA,S,1,0,187485.4513,47.95,2014,34,39.35,35.32
207999,Active,177923,NA,NA,D,3,1,773593.3163,157.95,2003,78,4,7.15
208000,Active,524948,NA,NA,S,4,1,58043.77375,151.95,2012,51,38.67,69.49
208001,Active,1557959,NA,NA,S,0,0,196407.795,47.95,2015,37,38.95,38.39
208002,Active,132327,NA,NA,S,2,1,904747.2663,47.95,2007,50,4,43.68
208003,Active,1703720,NA,NA,S,0,0,17244.175,75,2010,39,36.78,45.83
208004,Active,750629,NA,NA,D,1,0,914826.2038,49.99,2008,40,4.74,14.98
208005,Active,617572,NA,NA,S,2,1,579693.4725,49.99,2011,26,43.67,60.98
208006,Active,3604374,NA,NA,D,4,1,3118200.8,24.25,1900,11,30.15,31.61
208007,Active,2347080,NA,NA,D,7,1,1974105.576,185,1992,25,5.98,39.49
208008,Active,524944,NA,NA,D,9,1,355829.8188,299,2010,61,61.84,103.78
208009,Active,105697,NA,NA,S,8,1,1227734.486,245,2002,19,40.9,98.99
208010,Active,140589,NA,NA,S,4,1,50827.9025,37.99,2011,59,11.86,18.86
208011,Active,140391,NA,NA,S,3,1,209104.5088,39.99,1999,120,4,17.83
208012,Active,1497601,NA,NA,S,0,0,25195.05,44.99,2011,27,26.03,26.26
208013,Active,524940,NA,NA,S,0,0,35591.5625,49.99,2011,36,15.75,24.85
208014,Active,524941,NA,NA,S,0,0,5635.35125,36.99,2011,39,16.62,20.83
208015,Active,327486,NA,NA,S,0,0,186826.9663,39.99,2008,43,7.97,65.11
208016,Active,775022,NA,NA,D,4,1,1035267.624,99,1999,21,55.53,189.92
208017,Active,128752,NA,NA,D,1,0,494871.09,55,2009,21,11.49,73.97
208018,Active,2265700,NA,NA,D,2,1,8756079.92,111.14,2009,21,24.84,92.3
208019,Active,861845,NA,NA,S,2,1,203182.7913,59.95,2013,21,44.14,44.03
208020,Active,863599,NA,NA,S,2,1,146695.7375,64.99,2008,34,41.83,53
208021,Active,614304,NA,NA,S,6,1,607819.7588,21.5,2004,53,4.91,21.97
208022,Active,109021,NA,NA,S,7,1,970806.8238,142.75,2006,21,19.24,53.99
208023,Active,109683,NA,NA,D,7,1,210186.8663,72.87,2006,54,8.46,60.59
208024,Active,416462,NA,NA,D,8,1,455504.065,247,2009,65,8.4,74.85
208025,Active,658242,NA,NA,S,2,1,169274.5688,50,2012,23,23.98,32.62
208026,Active,2538340,NA,NA,S,2,1,377526.6063,46.95,2001,23,27.42,37.89
208027,Active,416662,NA,NA,D,15,1,118306.8275,120,2010,44,10.97,60.67
